01/01/2000,BPT,TX,ASW,CE,Combined TRACON& Tower with Radar,0,16,11,0,27,0,0,4,0,4,0,16,15,0,31,4,0,4,35
01/02/2000,BPT,TX,ASW,CE,Combined TRACON& Tower with Radar,0,41,20,3,64,0,17,0,0,17,0,58,20,3,81,2,0,2,83
01/03/2000,BPT,TX,ASW,CE,Combined TRACON& Tower with Radar,0,37,21,10,68,0,8,0,10,18,0,45,21,20,86,4,0,4,90
01/04/2000,BPT,TX,ASW,CE,Combined TRACON& Tower with Radar,0,32,24,12,68,0,0,3,14,17,0,32,27,26,85,32,0,32,117
01/05/2000,BPT,TX,ASW,CE,Combined TRACON& Tower with Radar,0,38,23,11,72,0,11,25,17,53,0,49,48,28,125,114,0,114,239
01/06/2000,BPT,TX,ASW,CE,Combined TRACON& Tower with Radar,0,58,36,16,110,0,8,2,8,18,0,66,38,24,128,50,0,50,178
01/07/2000,BPT,TX,ASW,CE,Combined TRACON& Tower with Radar,0,69,45,21,135,0,0,10,10,20,0,69,55,31,155,50,2,52,207
01/08/2000,BPT,TX,ASW,CE,Combined TRACON& Tower with Radar,0,40,25,0,65,0,19,5,0,24,0,59,30,0,89,2,0,2,91
01/09/2000,BPT,TX,ASW,CE,Combined TRACON& Tower with Radar,0,25,22,4,51,0,0,22,0,22,0,25,44,4,73,22,0,22,95
01/10/2000,BPT,TX,ASW,CE,Combined TRACON& Tower with Radar,0,41,25,0,66,0,4,44,0,48,0,45,69,0,114,34,0,34,148
01/11/2000,BPT,TX,ASW,CE,Combined TRACON& Tower with Radar,0,53,37,17,107,0,0,25,8,33,0,53,62,25,140,25,12,37,177
01/12/2000,BPT,TX,ASW,CE,Combined TRACON& Tower with Radar,0,48,32,15,95,0,0,13,1,14,0,48,45,16,109,26,0,26,135
01/13/2000,BPT,TX,ASW,CE,Combined TRACON& Tower with Radar,0,60,26,18,104,0,10,0,0,10,0,70,26,18,114,28,0,28,142
01/14/2000,BPT,TX,ASW,CE,Combined TRACON& Tower with Radar,0,44,37,17,98,0,0,31,35,66,0,44,68,52,164,68,0,68,232
01/15/2000,BPT,TX,ASW,CE,Combined TRACON& Tower with Radar,0,26,20,0,46,0,0,34,0,34,0,26,54,0,80,15,0,15,95
01/16/2000,BPT,TX,ASW,CE,Combined TRACON& Tower with Radar,0,31,20,0,51,0,11,15,0,26,0,42,35,0,77,37,0,37,114
01/17/2000,BPT,TX,ASW,CE,Combined TRACON& Tower with Radar,0,40,25,0,65,0,10,27,0,37,0,50,52,0,102,34,0,34,136
01/18/2000,BPT,TX,ASW,CE,Combined TRACON& Tower with Radar,0,57,35,18,110,0,9,26,20,55,0,66,61,38,165,36,0,36,201
01/19/2000,BPT,TX,ASW,CE,Combined TRACON& Tower with Radar,0,71,44,22,137,0,6,21,0,27,0,77,65,22,164,66,0,66,230
01/20/2000,BPT,TX,ASW,CE,Combined TRACON& Tower with Radar,0,71,44,22,137,0,1,25,16,42,0,72,69,38,179,72,0,72,251
01/21/2000,BPT,TX,ASW,CE,Combined TRACON& Tower with Radar,0,63,38,20,121,0,0,0,6,6,0,63,38,26,127,48,0,48,175
01/22/2000,BPT,TX,ASW,CE,Combined TRACON& Tower with Radar,0,45,26,0,71,0,18,9,0,27,0,63,35,0,98,18,0,18,116
01/23/2000,BPT,TX,ASW,CE,Combined TRACON& Tower with Radar,0,52,31,0,83,0,3,7,0,10,0,55,38,0,93,7,0,7,100
01/24/2000,BPT,TX,ASW,CE,Combined TRACON& Tower with Radar,0,54,33,17,104,0,0,8,19,27,0,54,41,36,131,80,0,80,211
01/25/2000,BPT,TX,ASW,CE,Combined TRACON& Tower with Radar,0,67,49,25,141,0,0,30,7,37,0,67,79,32,178,84,0,84,262
01/26/2000,BPT,TX,ASW,CE,Combined TRACON& Tower with Radar,0,56,33,12,101,0,3,47,0,50,0,59,80,12,151,66,0,66,217
01/27/2000,BPT,TX,ASW,CE,Combined TRACON& Tower with Radar,0,45,30,0,75,0,0,18,0,18,0,45,48,0,93,26,0,26,119
01/28/2000,BPT,TX,ASW,CE,Combined TRACON& Tower with Radar,0,40,29,13,82,0,0,10,0,10,0,40,39,13,92,2,0,2,94
01/29/2000,BPT,TX,ASW,CE,Combined TRACON& Tower with Radar,0,43,25,0,68,0,0,31,0,31,0,43,56,0,99,20,0,20,119
01/30/2000,BPT,TX,ASW,CE,Combined TRACON& Tower with Radar,0,28,16,0,44,0,13,16,0,29,0,41,32,0,73,30,0,30,103
01/31/2000,BPT,TX,ASW,CE,Combined TRACON& Tower with Radar,0,26,23,12,61,0,0,26,4,30,0,26,49,16,91,58,0,58,149
02/01/2000,BPT,TX,ASW,CE,Combined TRACON& Tower with Radar,0,48,29,12,89,0,0,1,6,7,0,48,30,18,96,20,0,20,116
02/02/2000,BPT,TX,ASW,CE,Combined TRACON& Tower with Radar,0,60,35,15,110,0,1,1,19,21,0,61,36,34,131,40,0,40,171
02/03/2000,BPT,TX,ASW,CE,Combined TRACON& Tower with Radar,0,63,37,15,115,0,4,20,5,29,0,67,57,20,144,22,0,22,166
02/04/2000,BPT,TX,ASW,CE,Combined TRACON& Tower with Radar,0,45,27,10,82,0,2,26,9,37,0,47,53,19,119,30,0,30,149
02/05/2000,BPT,TX,ASW,CE,Combined TRACON& Tower with Radar,0,23,14,0,37,0,0,28,0,28,0,23,42,0,65,36,0,36,101
02/06/2000,BPT,TX,ASW,CE,Combined TRACON& Tower with Radar,0,32,29,0,61,0,0,23,0,23,0,32,52,0,84,38,0,38,122
02/07/2000,BPT,TX,ASW,CE,Combined TRACON& Tower with Radar,0,32,20,0,52,0,5,11,0,16,0,37,31,0,68,24,0,24,92
02/08/2000,BPT,TX,ASW,CE,Combined TRACON& Tower with Radar,0,59,40,15,114,0,0,12,7,19,0,59,52,22,133,29,0,29,162
02/09/2000,BPT,TX,ASW,CE,Combined TRACON& Tower with Radar,0,48,31,11,90,0,0,35,11,46,0,48,66,22,136,64,0,64,200
02/10/2000,BPT,TX,ASW,CE,Combined TRACON& Tower with Radar,0,59,36,13,108,0,13,20,5,38,0,72,56,18,146,32,0,32,178
02/11/2000,BPT,TX,ASW,CE,Combined TRACON& Tower with Radar,0,52,27,8,87,0,18,0,0,18,0,70,27,8,105,68,0,68,173
02/12/2000,BPT,TX,ASW,CE,Combined TRACON& Tower with Radar,0,34,21,0,55,0,13,4,0,17,0,47,25,0,72,24,0,24,96
02/13/2000,BPT,TX,ASW,CE,Combined TRACON& Tower with Radar,0,30,12,0,42,0,23,0,0,23,0,53,12,0,65,14,0,14,79
02/14/2000,BPT,TX,ASW,CE,Combined TRACON& Tower with Radar,0,52,32,12,96,0,7,21,18,46,0,59,53,30,142,48,0,48,190
02/15/2000,BPT,TX,ASW,CE,Combined TRACON& Tower with Radar,0,70,42,10,122,0,4,12,0,16,0,74,54,10,138,50,0,50,188
02/16/2000,BPT,TX,ASW,CE,Combined TRACON& Tower with Radar,0,46,39,16,101,0,0,13,10,23,0,46,52,26,124,30,0,30,154
02/17/2000,BPT,TX,ASW,CE,Combined TRACON& Tower with Radar,0,67,42,17,126,0,0,4,1,5,0,67,46,18,131,16,0,16,147
02/18/2000,BPT,TX,ASW,CE,Combined TRACON& Tower with Radar,0,48,28,4,80,0,0,15,0,15,0,48,43,4,95,26,0,26,121
02/19/2000,BPT,TX,ASW,CE,Combined TRACON& Tower with Radar,0,31,17,0,48,0,2,49,0,51,0,33,66,0,99,32,0,32,131
02/20/2000,BPT,TX,ASW,CE,Combined TRACON& Tower with Radar,0,53,30,0,83,0,1,50,0,51,0,54,80,0,134,34,0,34,168
02/21/2000,BPT,TX,ASW,CE,Combined TRACON& Tower with Radar,0,43,24,0,67,0,14,48,0,62,0,57,72,0,129,84,0,84,213
02/22/2000,BPT,TX,ASW,CE,Combined TRACON& Tower with Radar,0,40,27,11,78,0,0,20,15,35,0,40,47,26,113,40,0,40,153
02/23/2000,BPT,TX,ASW,CE,Combined TRACON& Tower with Radar,0,38,22,4,64,0,5,17,0,22,0,43,39,4,86,34,0,34,120
02/24/2000,BPT,TX,ASW,CE,Combined TRACON& Tower with Radar,0,35,35,14,84,0,0,14,32,46,0,35,49,46,130,60,0,60,190
02/25/2000,BPT,TX,ASW,CE,Combined TRACON& Tower with Radar,0,22,18,4,44,0,0,23,0,23,0,22,41,4,67,32,0,32,99
02/26/2000,BPT,TX,ASW,CE,Combined TRACON& Tower with Radar,0,31,11,0,42,0,23,0,0,23,0,54,11,0,65,8,0,8,73
02/27/2000,BPT,TX,ASW,CE,Combined TRACON& Tower with Radar,0,50,29,0,79,0,18,52,0,70,0,68,81,0,149,22,0,22,171
02/28/2000,BPT,TX,ASW,CE,Combined TRACON& Tower with Radar,0,43,25,3,71,0,19,39,0,58,0,62,64,3,129,40,0,40,169
02/29/2000,BPT,TX,ASW,CE,Combined TRACON& Tower with Radar,0,63,37,12,112,0,2,11,0,13,0,65,48,12,125,68,0,68,193
03/01/2000,BPT,TX,ASW,CE,Combined TRACON& Tower with Radar,0,71,36,16,123,0,14,31,10,55,0,85,67,26,178,48,0,48,226
03/02/2000,BPT,TX,ASW,CE,Combined TRACON& Tower with Radar,0,49,30,8,87,0,0,38,0,38,0,49,68,8,125,99,0,99,224
03/03/2000,BPT,TX,ASW,CE,Combined TRACON& Tower with Radar,0,48,25,10,83,0,7,12,0,19,0,55,37,10,102,50,0,50,152
03/04/2000,BPT,TX,ASW,CE,Combined TRACON& Tower with Radar,0,33,17,0,50,0,7,25,0,32,0,40,42,0,82,6,0,6,88
03/05/2000,BPT,TX,ASW,CE,Combined TRACON& Tower with Radar,0,49,25,0,74,0,18,29,0,47,0,67,54,0,121,46,0,46,167
03/06/2000,BPT,TX,ASW,CE,Combined TRACON& Tower with Radar,0,47,24,2,73,0,20,14,0,34,0,67,38,2,107,54,0,54,161
03/07/2000,BPT,TX,ASW,CE,Combined TRACON& Tower with Radar,0,58,30,0,88,0,8,14,0,22,0,66,44,0,110,32,0,32,142
03/08/2000,BPT,TX,ASW,CE,Combined TRACON& Tower with Radar,0,73,37,18,128,0,2,6,3,11,0,75,43,21,139,38,0,38,177
03/09/2000,BPT,TX,ASW,CE,Combined TRACON& Tower with Radar,0,50,33,16,99,0,0,15,6,21,0,50,48,22,120,19,0,19,139
03/10/2000,BPT,TX,ASW,CE,Combined TRACON& Tower with Radar,0,71,36,19,126,0,0,0,15,15,0,71,36,34,141,14,0,14,155
03/11/2000,BPT,TX,ASW,CE,Combined TRACON& Tower with Radar,0,32,16,1,49,0,18,15,0,33,0,50,31,1,82,50,0,50,132
03/12/2000,BPT,TX,ASW,CE,Combined TRACON& Tower with Radar,0,48,24,8,80,0,9,44,0,53,0,57,68,8,133,38,0,38,171
03/13/2000,BPT,TX,ASW,CE,Combined TRACON& Tower with Radar,0,44,22,11,77,0,1,27,5,33,0,45,49,16,110,53,0,53,163
03/14/2000,BPT,TX,ASW,CE,Combined TRACON& Tower with Radar,0,39,24,8,71,0,0,13,0,13,0,39,37,8,84,52,0,52,136
03/15/2000,BPT,TX,ASW,CE,Combined TRACON& Tower with Radar,0,35,27,14,76,0,0,9,30,39,0,35,36,44,115,25,0,25,140
03/16/2000,BPT,TX,ASW,CE,Combined TRACON& Tower with Radar,0,37,30,14,81,0,0,25,8,33,0,37,55,22,114,38,0,38,152
03/17/2000,BPT,TX,ASW,CE,Combined TRACON& Tower with Radar,0,53,26,12,91,0,1,6,12,19,0,54,32,24,110,32,0,32,142
03/18/2000,BPT,TX,ASW,CE,Combined TRACON& Tower with Radar,0,30,14,2,46,2,1,4,0,7,2,31,18,2,53,13,0,13,66
03/19/2000,BPT,TX,ASW,CE,Combined TRACON& Tower with Radar,0,32,15,0,47,0,16,13,0,29,0,48,28,0,76,5,0,5,81
03/20/2000,BPT,TX,ASW,CE,Combined TRACON& Tower with Radar,0,50,24,1,75,0,27,19,0,46,0,77,43,1,121,73,0,73,194
03/21/2000,BPT,TX,ASW,CE,Combined TRACON& Tower with Radar,0,66,32,10,108,0,5,8,0,13,0,71,40,10,121,29,0,29,150
03/22/2000,BPT,TX,ASW,CE,Combined TRACON& Tower with Radar,0,64,31,0,95,0,17,14,0,31,0,81,45,0,126,44,0,44,170
03/23/2000,BPT,TX,ASW,CE,Combined TRACON& Tower with Radar,0,59,28,14,101,0,9,47,2,58,0,68,75,16,159,72,0,72,231
03/24/2000,BPT,TX,ASW,CE,Combined TRACON& Tower with Radar,0,61,32,0,93,0,0,29,0,29,0,61,61,0,122,78,0,78,200
03/25/2000,BPT,TX,ASW,CE,Combined TRACON& Tower with Radar,0,37,22,2,61,0,0,21,0,21,0,37,43,2,82,51,0,51,133
03/26/2000,BPT,TX,ASW,CE,Combined TRACON& Tower with Radar,0,35,20,0,55,0,0,39,0,39,0,35,59,0,94,20,0,20,114
03/27/2000,BPT,TX,ASW,CE,Combined TRACON& Tower with Radar,0,74,36,19,129,0,28,24,1,53,0,102,60,20,182,53,0,53,235
03/28/2000,BPT,TX,ASW,CE,Combined TRACON& Tower with Radar,0,62,37,19,118,0,0,24,7,31,0,62,61,26,149,36,0,36,185
03/29/2000,BPT,TX,ASW,CE,Combined TRACON& Tower with Radar,0,39,24,12,75,0,0,35,8,43,0,39,59,20,118,22,0,22,140
03/30/2000,BPT,TX,ASW,CE,Combined TRACON& Tower with Radar,0,36,26,14,76,0,0,13,20,33,0,36,39,34,109,54,0,54,163
03/31/2000,BPT,TX,ASW,CE,Combined TRACON& Tower with Radar,0,31,29,13,73,0,0,16,25,41,0,31,45,38,114,24,0,24,138
04/01/2000,BPT,TX,ASW,CE,Combined TRACON& Tower with Radar,0,19,22,0,41,0,1,10,0,11,0,20,32,0,52,0,0,0,52
04/02/2000,BPT,TX,ASW,CE,Combined TRACON& Tower with Radar,0,15,17,0,32,0,2,1,0,3,0,17,18,0,35,4,0,4,39
04/03/2000,BPT,TX,ASW,CE,Combined TRACON& Tower with Radar,0,15,8,5,28,0,12,0,0,12,0,27,8,5,40,0,0,0,40
04/04/2000,BPT,TX,ASW,CE,Combined TRACON& Tower with Radar,0,22,26,6,54,0,8,17,0,25,0,30,43,6,79,52,0,52,131
04/05/2000,BPT,TX,ASW,CE,Combined TRACON& Tower with Radar,0,27,37,16,80,0,0,39,2,41,0,27,76,18,121,82,0,82,203
04/06/2000,BPT,TX,ASW,CE,Combined TRACON& Tower with Radar,0,32,40,18,90,0,0,0,23,23,0,32,40,41,113,24,0,24,137
04/07/2000,BPT,TX,ASW,CE,Combined TRACON& Tower with Radar,0,26,28,6,60,0,3,28,0,31,0,29,56,6,91,28,0,28,119
04/08/2000,BPT,TX,ASW,CE,Combined TRACON& Tower with Radar,0,18,19,0,37,0,4,22,0,26,0,22,41,0,63,3,0,3,66
04/09/2000,BPT,TX,ASW,CE,Combined TRACON& Tower with Radar,0,21,22,0,43,0,2,25,0,27,0,23,47,0,70,14,0,14,84
04/10/2000,BPT,TX,ASW,CE,Combined TRACON& Tower with Radar,0,27,30,12,69,0,0,30,8,38,0,27,60,20,107,40,0,40,147
04/11/2000,BPT,TX,ASW,CE,Combined TRACON& Tower with Radar,0,22,43,24,89,0,5,30,0,35,0,27,73,24,124,35,0,35,159
04/12/2000,BPT,TX,ASW,CE,Combined TRACON& Tower with Radar,0,29,16,0,45,0,2,9,0,11,0,31,25,0,56,6,0,6,62
04/13/2000,BPT,TX,ASW,CE,Combined TRACON& Tower with Radar,0,26,38,12,76,0,0,4,2,6,0,26,42,14,82,22,0,22,104
04/14/2000,BPT,TX,ASW,CE,Combined TRACON& Tower with Radar,0,21,42,16,79,0,0,1,22,23,0,21,43,38,102,38,0,38,140
04/15/2000,BPT,TX,ASW,CE,Combined TRACON& Tower with Radar,0,28,24,0,52,0,1,20,0,21,0,29,44,0,73,34,0,34,107
04/16/2000,BPT,TX,ASW,CE,Combined TRACON& Tower with Radar,0,26,27,2,55,0,0,22,0,22,0,26,49,2,77,16,0,16,93
04/17/2000,BPT,TX,ASW,CE,Combined TRACON& Tower with Radar,0,25,28,6,59,0,3,18,0,21,0,28,46,6,80,60,0,60,140
04/18/2000,BPT,TX,ASW,CE,Combined TRACON& Tower with Radar,0,29,53,23,105,0,0,29,1,30,0,29,82,24,135,65,0,65,200
04/19/2000,BPT,TX,ASW,CE,Combined TRACON& Tower with Radar,0,27,29,20,76,0,0,22,2,24,0,27,51,22,100,30,0,30,130
04/20/2000,BPT,TX,ASW,CE,Combined TRACON& Tower with Radar,0,28,36,8,72,0,0,26,0,26,0,28,62,8,98,26,0,26,124
04/21/2000,BPT,TX,ASW,CE,Combined TRACON& Tower with Radar,0,20,22,8,50,0,5,32,0,37,0,25,54,8,87,62,0,62,149
04/22/2000,BPT,TX,ASW,CE,Combined TRACON& Tower with Radar,0,22,20,0,42,0,0,32,0,32,0,22,52,0,74,42,0,42,116
04/23/2000,BPT,TX,ASW,CE,Combined TRACON& Tower with Radar,0,27,30,0,57,0,1,6,0,7,0,28,36,0,64,0,0,0,64
04/24/2000,BPT,TX,ASW,CE,Combined TRACON& Tower with Radar,0,28,17,8,53,0,0,44,0,44,0,28,61,8,97,33,0,33,130
04/25/2000,BPT,TX,ASW,CE,Combined TRACON& Tower with Radar,0,38,32,26,96,0,10,25,0,35,0,48,57,26,131,56,8,64,195
04/26/2000,BPT,TX,ASW,CE,Combined TRACON& Tower with Radar,0,30,15,0,45,0,8,29,2,39,0,38,44,2,84,16,0,16,100
04/27/2000,BPT,TX,ASW,CE,Combined TRACON& Tower with Radar,0,26,50,18,94,0,4,22,0,26,0,30,72,18,120,38,0,38,158
04/28/2000,BPT,TX,ASW,CE,Combined TRACON& Tower with Radar,0,28,37,15,80,0,0,5,25,30,0,28,42,40,110,10,0,10,120
04/29/2000,BPT,TX,ASW,CE,Combined TRACON& Tower with Radar,0,29,33,0,62,0,2,39,0,41,0,31,72,0,103,34,0,34,137
04/30/2000,BPT,TX,ASW,CE,Combined TRACON& Tower with Radar,0,22,32,0,54,0,0,29,0,29,0,22,61,0,83,12,0,12,95
05/01/2000,BPT,TX,ASW,CE,Combined TRACON& Tower with Radar,0,30,16,6,52,0,5,10,0,15,0,35,26,6,67,22,0,22,89
05/02/2000,BPT,TX,ASW,CE,Combined TRACON& Tower with Radar,0,25,22,2,49,0,0,0,0,0,0,25,22,2,49,6,0,6,55
05/03/2000,BPT,TX,ASW,CE,Combined TRACON& Tower with Radar,1,29,33,18,81,0,5,20,0,25,1,34,53,18,106,50,0,50,156
05/04/2000,BPT,TX,ASW,CE,Combined TRACON& Tower with Radar,1,20,15,22,58,0,6,26,6,38,1,26,41,28,96,28,0,28,124
05/05/2000,BPT,TX,ASW,CE,Combined TRACON& Tower with Radar,0,28,32,16,76,0,0,13,8,21,0,28,45,24,97,40,0,40,137
05/06/2000,BPT,TX,ASW,CE,Combined TRACON& Tower with Radar,0,19,42,4,65,0,23,16,0,39,0,42,58,4,104,36,0,36,140
05/07/2000,BPT,TX,ASW,CE,Combined TRACON& Tower with Radar,2,29,19,1,51,0,47,21,1,69,2,76,40,2,120,0,0,0,120
05/08/2000,BPT,TX,ASW,CE,Combined TRACON& Tower with Radar,0,31,16,8,55,0,8,15,0,23,0,39,31,8,78,36,0,36,114
05/09/2000,BPT,TX,ASW,CE,Combined TRACON& Tower with Radar,0,28,24,42,94,0,0,19,0,19,0,28,43,42,113,51,0,51,164
05/10/2000,BPT,TX,ASW,CE,Combined TRACON& Tower with Radar,0,28,38,20,86,0,0,16,0,16,0,28,54,20,102,34,0,34,136
05/11/2000,BPT,TX,ASW,CE,Combined TRACON& Tower with Radar,0,25,42,17,84,0,0,26,1,27,0,25,68,18,111,19,0,19,130
05/12/2000,BPT,TX,ASW,CE,Combined TRACON& Tower with Radar,0,28,39,18,85,0,0,35,0,35,0,28,74,18,120,23,0,23,143
05/13/2000,BPT,TX,ASW,CE,Combined TRACON& Tower with Radar,0,17,14,8,39,0,1,18,0,19,0,18,32,8,58,24,0,24,82
05/14/2000,BPT,TX,ASW,CE,Combined TRACON& Tower with Radar,0,19,19,0,38,0,0,25,0,25,0,19,44,0,63,14,0,14,77
05/15/2000,BPT,TX,ASW,CE,Combined TRACON& Tower with Radar,0,25,26,12,63,0,0,49,8,57,0,25,75,20,120,89,8,97,217
05/16/2000,BPT,TX,ASW,CE,Combined TRACON& Tower with Radar,0,28,43,29,100,0,6,19,13,38,0,34,62,42,138,69,0,69,207
05/17/2000,BPT,TX,ASW,CE,Combined TRACON& Tower with Radar,0,27,44,29,100,0,0,29,4,33,0,27,73,33,133,36,0,36,169
05/18/2000,BPT,TX,ASW,CE,Combined TRACON& Tower with Radar,0,29,32,4,65,0,0,43,0,43,0,29,75,4,108,62,0,62,170
05/19/2000,BPT,TX,ASW,CE,Combined TRACON& Tower with Radar,2,18,25,24,69,0,0,24,0,24,2,18,49,24,93,30,0,30,123
05/20/2000,BPT,TX,ASW,CE,Combined TRACON& Tower with Radar,0,17,24,2,43,0,0,10,2,12,0,17,34,4,55,30,0,30,85
05/21/2000,BPT,TX,ASW,CE,Combined TRACON& Tower with Radar,0,25,19,0,44,0,0,31,0,31,0,25,50,0,75,32,0,32,107
05/22/2000,BPT,TX,ASW,CE,Combined TRACON& Tower with Radar,0,27,26,15,68,0,1,27,1,29,0,28,53,16,97,66,4,70,167
05/23/2000,BPT,TX,ASW,CE,Combined TRACON& Tower with Radar,0,29,41,12,82,0,2,41,0,43,0,31,82,12,125,49,2,51,176
05/24/2000,BPT,TX,ASW,CE,Combined TRACON& Tower with Radar,0,26,20,6,52,0,0,27,0,27,0,26,47,6,79,34,0,34,113
05/25/2000,BPT,TX,ASW,CE,Combined TRACON& Tower with Radar,0,28,28,23,79,0,1,31,1,33,0,29,59,24,112,40,0,40,152
05/26/2000,BPT,TX,ASW,CE,Combined TRACON& Tower with Radar,0,29,31,13,73,0,0,26,0,26,0,29,57,13,99,14,0,14,113
05/27/2000,BPT,TX,ASW,CE,Combined TRACON& Tower with Radar,0,14,11,0,25,0,4,33,3,40,0,18,44,3,65,30,0,30,95
05/28/2000,BPT,TX,ASW,CE,Combined TRACON& Tower with Radar,0,20,14,0,34,0,1,15,2,18,0,21,29,2,52,12,0,12,64
05/29/2000,BPT,TX,ASW,CE,Combined TRACON& Tower with Radar,0,26,25,0,51,0,0,7,0,7,0,26,32,0,58,11,0,11,69
05/30/2000,BPT,TX,ASW,CE,Combined TRACON& Tower with Radar,0,30,17,18,65,0,2,18,2,22,0,32,35,20,87,50,0,50,137
05/31/2000,BPT,TX,ASW,CE,Combined TRACON& Tower with Radar,0,36,27,0,63,0,11,36,0,47,0,47,63,0,110,50,0,50,160
06/01/2000,BPT,TX,ASW,CE,Combined TRACON& Tower with Radar,0,29,28,12,69,0,3,40,6,49,0,32,68,18,118,31,0,31,149
06/02/2000,BPT,TX,ASW,CE,Combined TRACON& Tower with Radar,0,26,11,17,54,0,1,26,3,30,0,27,37,20,84,16,0,16,100
06/03/2000,BPT,TX,ASW,CE,Combined TRACON& Tower with Radar,0,23,20,0,43,0,1,21,0,22,0,24,41,0,65,50,0,50,115
06/04/2000,BPT,TX,ASW,CE,Combined TRACON& Tower with Radar,0,25,17,0,42,0,2,18,0,20,0,27,35,0,62,10,0,10,72
06/05/2000,BPT,TX,ASW,CE,Combined TRACON& Tower with Radar,0,26,10,5,41,0,3,7,1,11,0,29,17,6,52,8,0,8,60
06/06/2000,BPT,TX,ASW,CE,Combined TRACON& Tower with Radar,0,29,19,25,73,0,11,31,1,43,0,40,50,26,116,50,2,52,168
06/07/2000,BPT,TX,ASW,CE,Combined TRACON& Tower with Radar,0,28,24,20,72,0,0,29,0,29,0,28,53,20,101,48,0,48,149
06/08/2000,BPT,TX,ASW,CE,Combined TRACON& Tower with Radar,0,29,39,37,105,0,0,20,5,25,0,29,59,42,130,36,0,36,166
06/09/2000,BPT,TX,ASW,CE,Combined TRACON& Tower with Radar,0,25,15,12,52,0,3,6,0,9,0,28,21,12,61,10,0,10,71
06/10/2000,BPT,TX,ASW,CE,Combined TRACON& Tower with Radar,0,17,15,0,32,0,1,14,0,15,0,18,29,0,47,16,0,16,63
06/11/2000,BPT,TX,ASW,CE,Combined TRACON& Tower with Radar,0,27,33,0,60,0,0,8,0,8,0,27,41,0,68,4,0,4,72
06/12/2000,BPT,TX,ASW,CE,Combined TRACON& Tower with Radar,0,36,30,20,86,0,6,25,0,31,0,42,55,20,117,30,0,30,147
06/13/2000,BPT,TX,ASW,CE,Combined TRACON& Tower with Radar,0,26,23,28,77,0,0,15,2,17,0,26,38,30,94,76,0,76,170
06/14/2000,BPT,TX,ASW,CE,Combined TRACON& Tower with Radar,0,28,37,17,82,0,0,24,1,25,0,28,61,18,107,36,0,36,143
06/15/2000,BPT,TX,ASW,CE,Combined TRACON& Tower with Radar,0,22,40,0,62,0,10,19,0,29,0,32,59,0,91,44,0,44,135
06/16/2000,BPT,TX,ASW,CE,Combined TRACON& Tower with Radar,0,27,29,4,60,0,0,29,0,29,0,27,58,4,89,46,0,46,135
06/17/2000,BPT,TX,ASW,CE,Combined TRACON& Tower with Radar,0,11,8,0,19,0,0,3,0,3,0,11,11,0,22,4,0,4,26
06/18/2000,BPT,TX,ASW,CE,Combined TRACON& Tower with Radar,0,24,6,0,30,0,0,8,0,8,0,24,14,0,38,0,0,0,38
06/19/2000,BPT,TX,ASW,CE,Combined TRACON& Tower with Radar,0,27,11,0,38,0,1,15,0,16,0,28,26,0,54,10,2,12,66
06/20/2000,BPT,TX,ASW,CE,Combined TRACON& Tower with Radar,0,28,26,14,68,0,0,26,2,28,0,28,52,16,96,68,0,68,164
06/21/2000,BPT,TX,ASW,CE,Combined TRACON& Tower with Radar,0,28,29,25,82,0,6,46,1,53,0,34,75,26,135,47,0,47,182
06/22/2000,BPT,TX,ASW,CE,Combined TRACON& Tower with Radar,0,27,38,14,79,0,0,13,8,21,0,27,51,22,100,32,0,32,132
06/23/2000,BPT,TX,ASW,CE,Combined TRACON& Tower with Radar,0,19,18,0,37,0,4,24,0,28,0,23,42,0,65,36,0,36,101
06/24/2000,BPT,TX,ASW,CE,Combined TRACON& Tower with Radar,0,19,41,2,62,0,0,18,2,20,0,19,59,4,82,6,0,6,88
06/25/2000,BPT,TX,ASW,CE,Combined TRACON& Tower with Radar,0,26,27,0,53,0,0,20,0,20,0,26,47,0,73,26,0,26,99
06/26/2000,BPT,TX,ASW,CE,Combined TRACON& Tower with Radar,0,25,30,0,55,0,2,22,0,24,0,27,52,0,79,36,0,36,115
06/27/2000,BPT,TX,ASW,CE,Combined TRACON& Tower with Radar,0,25,21,13,59,0,0,44,1,45,0,25,65,14,104,48,2,50,154
06/28/2000,BPT,TX,ASW,CE,Combined TRACON& Tower with Radar,0,28,17,15,60,0,3,30,3,36,0,31,47,18,96,24,10,34,130
06/29/2000,BPT,TX,ASW,CE,Combined TRACON& Tower with Radar,0,27,20,6,53,0,0,16,2,18,0,27,36,8,71,24,0,24,95
06/30/2000,BPT,TX,ASW,CE,Combined TRACON& Tower with Radar,0,27,20,2,49,0,0,25,0,25,0,27,45,2,74,6,0,6,80
07/01/2000,BPT,TX,ASW,CE,Combined TRACON& Tower with Radar,0,17,15,0,32,0,5,12,0,17,0,22,27,0,49,42,0,42,91
07/02/2000,BPT,TX,ASW,CE,Combined TRACON& Tower with Radar,0,27,22,0,49,0,1,5,0,6,0,28,27,0,55,18,0,18,73
07/03/2000,BPT,TX,ASW,CE,Combined TRACON& Tower with Radar,0,23,21,15,59,0,0,29,7,36,0,23,50,22,95,20,0,20,115
07/04/2000,BPT,TX,ASW,CE,Combined TRACON& Tower with Radar,0,22,15,0,37,0,0,26,0,26,0,22,41,0,63,20,0,20,83
07/05/2000,BPT,TX,ASW,CE,Combined TRACON& Tower with Radar,0,32,30,15,77,0,2,25,1,28,0,34,55,16,105,28,2,30,135
07/06/2000,BPT,TX,ASW,CE,Combined TRACON& Tower with Radar,0,27,28,10,65,0,0,30,0,30,0,27,58,10,95,34,34,68,163
07/07/2000,BPT,TX,ASW,CE,Combined TRACON& Tower with Radar,0,29,18,5,52,0,0,52,1,53,0,29,70,6,105,24,6,30,135
07/08/2000,BPT,TX,ASW,CE,Combined TRACON& Tower with Radar,0,21,20,0,41,0,1,29,0,30,0,22,49,0,71,28,0,28,99
07/09/2000,BPT,TX,ASW,CE,Combined TRACON& Tower with Radar,0,24,22,0,46,0,3,17,0,20,0,27,39,0,66,14,4,18,84
07/10/2000,BPT,TX,ASW,CE,Combined TRACON& Tower with Radar,0,29,23,7,59,0,2,31,1,34,0,31,54,8,93,38,0,38,131
07/11/2000,BPT,TX,ASW,CE,Combined TRACON& Tower with Radar,0,27,32,0,59,0,0,35,0,35,0,27,67,0,94,44,0,44,138
07/12/2000,BPT,TX,ASW,CE,Combined TRACON& Tower with Radar,0,31,38,16,85,0,1,18,4,23,0,32,56,20,108,38,0,38,146
07/13/2000,BPT,TX,ASW,CE,Combined TRACON& Tower with Radar,0,27,28,28,83,0,3,29,0,32,0,30,57,28,115,22,0,22,137
07/14/2000,BPT,TX,ASW,CE,Combined TRACON& Tower with Radar,0,28,17,22,67,0,3,21,0,24,0,31,38,22,91,16,0,16,107
07/15/2000,BPT,TX,ASW,CE,Combined TRACON& Tower with Radar,0,20,24,0,44,0,0,39,0,39,0,20,63,0,83,10,0,10,93
07/16/2000,BPT,TX,ASW,CE,Combined TRACON& Tower with Radar,0,26,12,0,38,0,0,13,0,13,0,26,25,0,51,10,0,10,61
07/17/2000,BPT,TX,ASW,CE,Combined TRACON& Tower with Radar,0,26,18,22,66,0,2,26,4,32,0,28,44,26,98,32,14,46,144
07/18/2000,BPT,TX,ASW,CE,Combined TRACON& Tower with Radar,0,25,26,24,75,0,2,24,0,26,0,27,50,24,101,36,0,36,137
07/19/2000,BPT,TX,ASW,CE,Combined TRACON& Tower with Radar,0,27,36,19,82,0,0,14,58,72,0,27,50,77,154,36,0,36,190
07/20/2000,BPT,TX,ASW,CE,Combined TRACON& Tower with Radar,0,27,22,26,75,0,1,16,4,21,0,28,38,30,96,42,0,42,138
07/21/2000,BPT,TX,ASW,CE,Combined TRACON& Tower with Radar,0,30,27,18,75,0,0,20,0,20,0,30,47,18,95,20,0,20,115
07/22/2000,BPT,TX,ASW,CE,Combined TRACON& Tower with Radar,0,21,21,0,42,0,0,24,0,24,0,21,45,0,66,12,0,12,78
07/23/2000,BPT,TX,ASW,CE,Combined TRACON& Tower with Radar,0,25,17,0,42,0,0,15,1,16,0,25,32,1,58,18,0,18,76
07/24/2000,BPT,TX,ASW,CE,Combined TRACON& Tower with Radar,0,31,46,0,77,0,7,28,0,35,0,38,74,0,112,43,0,43,155
07/25/2000,BPT,TX,ASW,CE,Combined TRACON& Tower with Radar,0,27,24,24,75,0,0,26,0,26,0,27,50,24,101,40,0,40,141
07/26/2000,BPT,TX,ASW,CE,Combined TRACON& Tower with Radar,0,26,29,12,67,0,1,19,0,20,0,27,48,12,87,83,0,83,170
07/27/2000,BPT,TX,ASW,CE,Combined TRACON& Tower with Radar,0,32,30,24,86,0,0,18,0,18,0,32,48,24,104,31,0,31,135
07/28/2000,BPT,TX,ASW,CE,Combined TRACON& Tower with Radar,0,27,25,28,80,0,1,32,0,33,0,28,57,28,113,22,0,22,135
07/29/2000,BPT,TX,ASW,CE,Combined TRACON& Tower with Radar,0,19,14,0,33,0,0,15,0,15,0,19,29,0,48,12,0,12,60
07/30/2000,BPT,TX,ASW,CE,Combined TRACON& Tower with Radar,0,26,20,12,58,0,0,7,4,11,0,26,27,16,69,4,0,4,73
07/31/2000,BPT,TX,ASW,CE,Combined TRACON& Tower with Radar,0,19,17,9,45,0,6,6,1,13,0,25,23,10,58,14,0,14,72
08/01/2000,BPT,TX,ASW,CE,Combined TRACON& Tower with Radar,0,23,19,29,71,0,0,29,3,32,0,23,48,32,103,30,0,30,133
08/02/2000,BPT,TX,ASW,CE,Combined TRACON& Tower with Radar,0,29,20,21,70,0,0,26,7,33,0,29,46,28,103,34,0,34,137
08/03/2000,BPT,TX,ASW,CE,Combined TRACON& Tower with Radar,0,28,34,11,73,12,0,23,1,36,12,28,57,12,109,42,0,42,151
08/04/2000,BPT,TX,ASW,CE,Combined TRACON& Tower with Radar,8,28,16,10,62,0,0,31,0,31,8,28,47,10,93,37,0,37,130
08/05/2000,BPT,TX,ASW,CE,Combined TRACON& Tower with Radar,0,20,30,0,50,0,0,36,4,40,0,20,66,4,90,14,8,22,112
08/06/2000,BPT,TX,ASW,CE,Combined TRACON& Tower with Radar,0,27,21,0,48,0,0,12,0,12,0,27,33,0,60,16,0,16,76
08/07/2000,BPT,TX,ASW,CE,Combined TRACON& Tower with Radar,0,26,32,5,63,0,0,25,1,26,0,26,57,6,89,56,0,56,145
08/08/2000,BPT,TX,ASW,CE,Combined TRACON& Tower with Radar,0,28,30,10,68,0,1,30,0,31,0,29,60,10,99,34,0,34,133
08/09/2000,BPT,TX,ASW,CE,Combined TRACON& Tower with Radar,0,26,34,19,79,0,0,17,4,21,0,26,51,23,100,94,2,96,196
08/10/2000,BPT,TX,ASW,CE,Combined TRACON& Tower with Radar,0,27,27,15,69,0,1,35,3,39,0,28,62,18,108,58,0,58,166
08/11/2000,BPT,TX,ASW,CE,Combined TRACON& Tower with Radar,0,28,24,24,76,0,2,25,0,27,0,30,49,24,103,14,0,14,117
08/12/2000,BPT,TX,ASW,CE,Combined TRACON& Tower with Radar,0,20,26,0,46,0,0,17,0,17,0,20,43,0,63,10,0,10,73
08/13/2000,BPT,TX,ASW,CE,Combined TRACON& Tower with Radar,0,23,22,8,53,0,0,31,4,35,0,23,53,12,88,16,0,16,104
08/14/2000,BPT,TX,ASW,CE,Combined TRACON& Tower with Radar,0,30,25,18,73,0,2,32,0,34,0,32,57,18,107,49,0,49,156
08/15/2000,BPT,TX,ASW,CE,Combined TRACON& Tower with Radar,0,27,49,10,86,0,0,32,0,32,0,27,81,10,118,14,0,14,132
08/16/2000,BPT,TX,ASW,CE,Combined TRACON& Tower with Radar,0,29,47,12,88,0,6,18,0,24,0,35,65,12,112,66,1,67,179
08/17/2000,BPT,TX,ASW,CE,Combined TRACON& Tower with Radar,0,28,51,8,87,0,0,33,8,41,0,28,84,16,128,64,0,64,192
08/18/2000,BPT,TX,ASW,CE,Combined TRACON& Tower with Radar,0,29,33,0,62,0,0,20,0,20,0,29,53,0,82,12,0,12,94
08/19/2000,BPT,TX,ASW,CE,Combined TRACON& Tower with Radar,0,19,25,0,44,0,0,38,0,38,0,19,63,0,82,31,0,31,113
08/20/2000,BPT,TX,ASW,CE,Combined TRACON& Tower with Radar,0,21,24,2,47,0,8,16,0,24,0,29,40,2,71,19,0,19,90
08/21/2000,BPT,TX,ASW,CE,Combined TRACON& Tower with Radar,0,24,23,5,52,0,0,39,1,40,0,24,62,6,92,34,0,34,126
08/22/2000,BPT,TX,ASW,CE,Combined TRACON& Tower with Radar,0,27,39,47,113,0,0,9,3,12,0,27,48,50,125,36,2,38,163
08/23/2000,BPT,TX,ASW,CE,Combined TRACON& Tower with Radar,0,31,29,12,72,0,3,27,0,30,0,34,56,12,102,64,0,64,166
08/24/2000,BPT,TX,ASW,CE,Combined TRACON& Tower with Radar,0,32,19,4,55,0,1,23,0,24,0,33,42,4,79,30,0,30,109
08/25/2000,BPT,TX,ASW,CE,Combined TRACON& Tower with Radar,0,29,28,16,73,0,0,27,2,29,0,29,55,18,102,58,0,58,160
08/26/2000,BPT,TX,ASW,CE,Combined TRACON& Tower with Radar,0,20,37,0,57,0,0,17,0,17,0,20,54,0,74,26,0,26,100
08/27/2000,BPT,TX,ASW,CE,Combined TRACON& Tower with Radar,0,24,21,0,45,0,0,15,0,15,0,24,36,0,60,16,0,16,76
08/28/2000,BPT,TX,ASW,CE,Combined TRACON& Tower with Radar,0,24,40,13,77,0,0,29,5,34,0,24,69,18,111,84,2,86,197
08/29/2000,BPT,TX,ASW,CE,Combined TRACON& Tower with Radar,0,27,34,12,73,0,0,21,2,23,0,27,55,14,96,38,0,38,134
08/30/2000,BPT,TX,ASW,CE,Combined TRACON& Tower with Radar,0,31,41,7,79,0,3,30,3,36,0,34,71,10,115,54,4,58,173
08/31/2000,BPT,TX,ASW,CE,Combined TRACON& Tower with Radar,0,29,40,36,105,0,3,32,7,42,0,32,72,43,147,44,2,46,193
09/01/2000,BPT,TX,ASW,CE,Combined TRACON& Tower with Radar,0,23,37,2,62,0,0,32,0,32,0,23,69,2,94,18,0,18,112
09/02/2000,BPT,TX,ASW,CE,Combined TRACON& Tower with Radar,0,16,3,4,23,0,0,10,0,10,0,16,13,4,33,6,0,6,39
09/03/2000,BPT,TX,ASW,CE,Combined TRACON& Tower with Radar,0,18,13,0,31,0,0,20,0,20,0,18,33,0,51,11,0,11,62
09/04/2000,BPT,TX,ASW,CE,Combined TRACON& Tower with Radar,0,25,24,2,51,0,1,30,0,31,0,26,54,2,82,22,0,22,104
09/05/2000,BPT,TX,ASW,CE,Combined TRACON& Tower with Radar,0,29,27,1,57,0,0,15,11,26,0,29,42,12,83,44,0,44,127
09/06/2000,BPT,TX,ASW,CE,Combined TRACON& Tower with Radar,0,30,18,19,67,0,1,15,0,16,0,31,33,19,83,48,0,48,131
09/07/2000,BPT,TX,ASW,CE,Combined TRACON& Tower with Radar,0,28,19,47,94,0,0,28,1,29,0,28,47,48,123,40,0,40,163
09/08/2000,BPT,TX,ASW,CE,Combined TRACON& Tower with Radar,0,28,27,8,63,0,0,5,0,5,0,28,32,8,68,8,0,8,76
09/09/2000,BPT,TX,ASW,CE,Combined TRACON& Tower with Radar,0,22,60,0,82,0,1,9,0,10,0,23,69,0,92,0,0,0,92
09/10/2000,BPT,TX,ASW,CE,Combined TRACON& Tower with Radar,0,25,20,0,45,0,0,30,0,30,0,25,50,0,75,14,0,14,89
09/11/2000,BPT,TX,ASW,CE,Combined TRACON& Tower with Radar,0,29,43,6,78,0,2,29,0,31,0,31,72,6,109,34,0,34,143
09/12/2000,BPT,TX,ASW,CE,Combined TRACON& Tower with Radar,0,24,23,28,75,0,0,24,0,24,0,24,47,28,99,50,0,50,149
09/13/2000,BPT,TX,ASW,CE,Combined TRACON& Tower with Radar,0,26,25,0,51,0,0,11,0,11,0,26,36,0,62,11,0,11,73
09/14/2000,BPT,TX,ASW,CE,Combined TRACON& Tower with Radar,0,31,18,30,79,0,2,10,9,21,0,33,28,39,100,36,0,36,136
09/15/2000,BPT,TX,ASW,CE,Combined TRACON& Tower with Radar,0,28,27,12,67,0,0,21,2,23,0,28,48,14,90,19,0,19,109
09/16/2000,BPT,TX,ASW,CE,Combined TRACON& Tower with Radar,0,23,30,0,53,0,0,38,0,38,0,23,68,0,91,20,0,20,111
09/17/2000,BPT,TX,ASW,CE,Combined TRACON& Tower with Radar,0,24,29,0,53,0,1,23,0,24,0,25,52,0,77,18,0,18,95
09/18/2000,BPT,TX,ASW,CE,Combined TRACON& Tower with Radar,0,24,26,14,64,0,0,32,0,32,0,24,58,14,96,86,0,86,182
09/19/2000,BPT,TX,ASW,CE,Combined TRACON& Tower with Radar,0,31,42,10,83,0,0,26,0,26,0,31,68,10,109,49,0,49,158
09/20/2000,BPT,TX,ASW,CE,Combined TRACON& Tower with Radar,0,32,22,7,61,0,4,20,1,25,0,36,42,8,86,18,0,18,104
09/21/2000,BPT,TX,ASW,CE,Combined TRACON& Tower with Radar,0,27,28,1,56,0,0,5,3,8,0,27,33,4,64,22,0,22,86
09/22/2000,BPT,TX,ASW,CE,Combined TRACON& Tower with Radar,0,29,32,13,74,0,0,5,11,16,0,29,37,24,90,14,0,14,104
09/23/2000,BPT,TX,ASW,CE,Combined TRACON& Tower with Radar,0,20,26,0,46,0,0,19,0,19,0,20,45,0,65,50,0,50,115
09/24/2000,BPT,TX,ASW,CE,Combined TRACON& Tower with Radar,0,27,23,4,54,0,1,0,0,1,0,28,23,4,55,14,0,14,69
09/25/2000,BPT,TX,ASW,CE,Combined TRACON& Tower with Radar,0,29,46,18,93,0,0,10,0,10,0,29,56,18,103,50,0,50,153
09/26/2000,BPT,TX,ASW,CE,Combined TRACON& Tower with Radar,0,28,19,36,83,0,0,33,0,33,0,28,52,36,116,52,18,70,186
09/27/2000,BPT,TX,ASW,CE,Combined TRACON& Tower with Radar,0,24,22,16,62,0,2,26,2,30,0,26,48,18,92,66,0,66,158
09/28/2000,BPT,TX,ASW,CE,Combined TRACON& Tower with Radar,0,26,45,15,86,0,0,43,3,46,0,26,88,18,132,48,0,48,180
09/29/2000,BPT,TX,ASW,CE,Combined TRACON& Tower with Radar,0,32,35,6,73,0,2,42,0,44,0,34,77,6,117,44,0,44,161
09/30/2000,BPT,TX,ASW,CE,Combined TRACON& Tower with Radar,0,21,41,0,62,0,0,29,0,29,0,21,70,0,91,18,0,18,109
10/01/2000,BPT,TX,ASW,CE,Combined TRACON& Tower with Radar,0,25,11,0,36,0,3,22,0,25,0,28,33,0,61,22,0,22,83
10/02/2000,BPT,TX,ASW,CE,Combined TRACON& Tower with Radar,0,28,16,6,50,0,2,29,2,33,0,30,45,8,83,54,0,54,137
10/03/2000,BPT,TX,ASW,CE,Combined TRACON& Tower with Radar,0,27,27,0,54,0,1,31,0,32,0,28,58,0,86,34,0,34,120
10/04/2000,BPT,TX,ASW,CE,Combined TRACON& Tower with Radar,0,31,31,18,80,0,1,37,0,38,0,32,68,18,118,36,2,38,156
10/05/2000,BPT,TX,ASW,CE,Combined TRACON& Tower with Radar,0,31,32,10,73,0,4,34,1,39,0,35,66,11,112,18,0,18,130
10/06/2000,BPT,TX,ASW,CE,Combined TRACON& Tower with Radar,0,24,19,6,49,0,2,6,0,8,0,26,25,6,57,6,0,6,63
10/07/2000,BPT,TX,ASW,CE,Combined TRACON& Tower with Radar,0,19,18,0,37,0,1,7,0,8,0,20,25,0,45,6,0,6,51
10/08/2000,BPT,TX,ASW,CE,Combined TRACON& Tower with Radar,0,26,16,0,42,0,0,8,0,8,0,26,24,0,50,6,0,6,56
10/09/2000,BPT,TX,ASW,CE,Combined TRACON& Tower with Radar,0,28,26,8,62,0,0,14,0,14,0,28,40,8,76,34,0,34,110
10/10/2000,BPT,TX,ASW,CE,Combined TRACON& Tower with Radar,0,31,37,0,68,0,0,26,0,26,0,31,63,0,94,76,0,76,170
10/11/2000,BPT,TX,ASW,CE,Combined TRACON& Tower with Radar,0,29,21,0,50,0,0,21,0,21,0,29,42,0,71,14,0,14,85
10/12/2000,BPT,TX,ASW,CE,Combined TRACON& Tower with Radar,0,29,22,16,67,0,0,29,0,29,0,29,51,16,96,42,0,42,138
10/13/2000,BPT,TX,ASW,CE,Combined TRACON& Tower with Radar,0,32,30,14,76,0,0,26,7,33,0,32,56,21,109,34,0,34,143
10/14/2000,BPT,TX,ASW,CE,Combined TRACON& Tower with Radar,0,21,19,0,40,0,0,14,0,14,0,21,33,0,54,12,0,12,66
10/15/2000,BPT,TX,ASW,CE,Combined TRACON& Tower with Radar,0,20,18,0,38,0,0,24,0,24,0,20,42,0,62,14,0,14,76
10/16/2000,BPT,TX,ASW,CE,Combined TRACON& Tower with Radar,0,28,14,4,46,0,0,15,0,15,0,28,29,4,61,22,0,22,83
10/17/2000,BPT,TX,ASW,CE,Combined TRACON& Tower with Radar,0,29,20,19,68,0,8,37,1,46,0,37,57,20,114,46,0,46,160
10/18/2000,BPT,TX,ASW,CE,Combined TRACON& Tower with Radar,0,29,20,8,57,0,0,37,0,37,0,29,57,8,94,64,0,64,158
10/19/2000,BPT,TX,ASW,CE,Combined TRACON& Tower with Radar,0,31,23,39,93,0,1,35,0,36,0,32,58,39,129,30,0,30,159
10/20/2000,BPT,TX,ASW,CE,Combined TRACON& Tower with Radar,0,28,23,5,56,0,0,24,0,24,0,28,47,5,80,16,0,16,96
10/21/2000,BPT,TX,ASW,CE,Combined TRACON& Tower with Radar,0,22,43,0,65,0,0,12,0,12,0,22,55,0,77,8,0,8,85
10/22/2000,BPT,TX,ASW,CE,Combined TRACON& Tower with Radar,0,26,20,0,46,0,0,7,0,7,0,26,27,0,53,6,0,6,59
10/23/2000,BPT,TX,ASW,CE,Combined TRACON& Tower with Radar,0,30,16,26,72,0,0,12,0,12,0,30,28,26,84,26,0,26,110
10/24/2000,BPT,TX,ASW,CE,Combined TRACON& Tower with Radar,0,25,58,24,107,0,0,36,0,36,0,25,94,24,143,45,0,45,188
10/25/2000,BPT,TX,ASW,CE,Combined TRACON& Tower with Radar,0,31,45,22,98,0,0,35,0,35,0,31,80,22,133,56,2,58,191
10/26/2000,BPT,TX,ASW,CE,Combined TRACON& Tower with Radar,0,29,32,38,99,0,9,32,0,41,0,38,64,38,140,36,0,36,176
10/27/2000,BPT,TX,ASW,CE,Combined TRACON& Tower with Radar,0,29,28,28,85,0,4,25,0,29,0,33,53,28,114,12,0,12,126
10/28/2000,BPT,TX,ASW,CE,Combined TRACON& Tower with Radar,0,21,32,0,53,0,0,23,0,23,0,21,55,0,76,14,0,14,90
10/29/2000,BPT,TX,ASW,CE,Combined TRACON& Tower with Radar,0,26,31,5,62,0,0,36,0,36,0,26,67,5,98,16,0,16,114
10/30/2000,BPT,TX,ASW,CE,Combined TRACON& Tower with Radar,0,30,30,17,77,0,0,11,6,17,0,30,41,23,94,47,0,47,141
10/31/2000,BPT,TX,ASW,CE,Combined TRACON& Tower with Radar,0,28,23,24,75,0,0,44,0,44,0,28,67,24,119,15,20,35,154
11/01/2000,BPT,TX,ASW,CE,Combined TRACON& Tower with Radar,0,26,50,32,108,0,2,17,6,25,0,28,67,38,133,34,0,34,167
11/02/2000,BPT,TX,ASW,CE,Combined TRACON& Tower with Radar,0,20,24,43,87,0,4,20,13,37,0,24,44,56,124,22,0,22,146
11/03/2000,BPT,TX,ASW,CE,Combined TRACON& Tower with Radar,0,21,38,9,68,0,5,5,0,10,0,26,43,9,78,24,0,24,102
11/04/2000,BPT,TX,ASW,CE,Combined TRACON& Tower with Radar,0,14,12,0,26,0,0,16,0,16,0,14,28,0,42,10,0,10,52
11/05/2000,BPT,TX,ASW,CE,Combined TRACON& Tower with Radar,0,18,10,0,28,0,1,1,0,2,0,19,11,0,30,0,0,0,30
11/06/2000,BPT,TX,ASW,CE,Combined TRACON& Tower with Radar,0,22,24,6,52,0,0,38,0,38,0,22,62,6,90,44,0,44,134
11/07/2000,BPT,TX,ASW,CE,Combined TRACON& Tower with Radar,0,21,17,20,58,0,7,15,2,24,0,28,32,22,82,16,0,16,98
11/08/2000,BPT,TX,ASW,CE,Combined TRACON& Tower with Radar,0,14,26,0,40,0,1,6,0,7,0,15,32,0,47,2,0,2,49
11/09/2000,BPT,TX,ASW,CE,Combined TRACON& Tower with Radar,0,22,28,35,85,0,1,26,8,35,0,23,54,43,120,38,4,42,162
11/10/2000,BPT,TX,ASW,CE,Combined TRACON& Tower with Radar,0,38,47,0,85,0,7,42,0,49,0,45,89,0,134,30,0,30,164
11/11/2000,BPT,TX,ASW,CE,Combined TRACON& Tower with Radar,0,14,30,0,44,0,1,12,0,13,0,15,42,0,57,40,0,40,97
11/12/2000,BPT,TX,ASW,CE,Combined TRACON& Tower with Radar,0,12,24,0,36,0,0,20,0,20,0,12,44,0,56,16,0,16,72
11/13/2000,BPT,TX,ASW,CE,Combined TRACON& Tower with Radar,0,23,32,16,71,0,4,9,8,21,0,27,41,24,92,27,0,27,119
11/14/2000,BPT,TX,ASW,CE,Combined TRACON& Tower with Radar,0,21,31,15,67,0,0,37,10,47,0,21,68,25,114,24,4,28,142
11/15/2000,BPT,TX,ASW,CE,Combined TRACON& Tower with Radar,0,21,43,21,85,0,0,33,5,38,0,21,76,26,123,88,12,100,223
11/16/2000,BPT,TX,ASW,CE,Combined TRACON& Tower with Radar,0,17,24,4,45,0,1,1,0,2,0,18,25,4,47,4,0,4,51
11/17/2000,BPT,TX,ASW,CE,Combined TRACON& Tower with Radar,0,23,29,17,69,0,0,0,4,4,0,23,29,21,73,8,0,8,81
11/18/2000,BPT,TX,ASW,CE,Combined TRACON& Tower with Radar,0,7,5,0,12,0,10,0,0,10,0,17,5,0,22,0,0,0,22
11/19/2000,BPT,TX,ASW,CE,Combined TRACON& Tower with Radar,0,16,23,0,39,0,4,0,0,4,0,20,23,0,43,12,0,12,55
11/20/2000,BPT,TX,ASW,CE,Combined TRACON& Tower with Radar,0,25,40,20,85,0,0,55,24,79,0,25,95,44,164,30,2,32,196
11/21/2000,BPT,TX,ASW,CE,Combined TRACON& Tower with Radar,0,23,30,16,69,0,0,52,6,58,0,23,82,22,127,54,28,82,209
11/22/2000,BPT,TX,ASW,CE,Combined TRACON& Tower with Radar,0,26,34,18,78,0,1,15,0,16,0,27,49,18,94,56,4,60,154
11/23/2000,BPT,TX,ASW,CE,Combined TRACON& Tower with Radar,0,8,9,0,17,0,6,1,0,7,0,14,10,0,24,0,0,0,24
11/24/2000,BPT,TX,ASW,CE,Combined TRACON& Tower with Radar,0,16,20,0,36,0,0,16,0,16,0,16,36,0,52,12,0,12,64
11/25/2000,BPT,TX,ASW,CE,Combined TRACON& Tower with Radar,0,14,17,0,31,0,3,21,0,24,0,17,38,0,55,40,0,40,95
11/26/2000,BPT,TX,ASW,CE,Combined TRACON& Tower with Radar,0,20,25,0,45,0,0,36,0,36,0,20,61,0,81,66,0,66,147
11/27/2000,BPT,TX,ASW,CE,Combined TRACON& Tower with Radar,0,21,27,8,56,0,10,28,0,38,0,31,55,8,94,36,0,36,130
11/28/2000,BPT,TX,ASW,CE,Combined TRACON& Tower with Radar,0,24,31,12,67,0,3,62,0,65,0,27,93,12,132,40,0,40,172
11/29/2000,BPT,TX,ASW,CE,Combined TRACON& Tower with Radar,0,24,39,20,83,0,0,11,8,19,0,24,50,28,102,35,0,35,137
11/30/2000,BPT,TX,ASW,CE,Combined TRACON& Tower with Radar,0,23,41,21,85,0,0,21,21,42,0,23,62,42,127,62,0,62,189
12/01/2000,BPT,TX,ASW,CE,Combined TRACON& Tower with Radar,0,23,33,12,68,0,0,21,0,21,0,23,54,12,89,22,0,22,111
12/02/2000,BPT,TX,ASW,CE,Combined TRACON& Tower with Radar,0,13,18,0,31,0,5,31,0,36,0,18,49,0,67,43,0,43,110
12/03/2000,BPT,TX,ASW,CE,Combined TRACON& Tower with Radar,0,17,23,0,40,0,4,31,0,35,0,21,54,0,75,44,0,44,119
12/04/2000,BPT,TX,ASW,CE,Combined TRACON& Tower with Radar,0,22,30,16,68,0,1,44,3,48,0,23,74,19,116,54,0,54,170
12/05/2000,BPT,TX,ASW,CE,Combined TRACON& Tower with Radar,0,23,33,17,73,0,0,44,9,53,0,23,77,26,126,76,0,76,202
12/06/2000,BPT,TX,ASW,CE,Combined TRACON& Tower with Radar,0,24,33,11,68,0,6,24,0,30,0,30,57,11,98,30,6,36,134
12/07/2000,BPT,TX,ASW,CE,Combined TRACON& Tower with Radar,0,23,46,25,94,0,0,15,33,48,0,23,61,58,142,50,0,50,192
12/08/2000,BPT,TX,ASW,CE,Combined TRACON& Tower with Radar,0,23,31,16,70,0,2,21,10,33,0,25,52,26,103,46,0,46,149
12/09/2000,BPT,TX,ASW,CE,Combined TRACON& Tower with Radar,0,17,24,0,41,0,2,25,0,27,0,19,49,0,68,76,0,76,144
12/10/2000,BPT,TX,ASW,CE,Combined TRACON& Tower with Radar,0,18,25,10,53,0,3,25,0,28,0,21,50,10,81,34,0,34,115
12/11/2000,BPT,TX,ASW,CE,Combined TRACON& Tower with Radar,0,21,29,15,65,0,4,7,14,25,0,25,36,29,90,66,0,66,156
12/12/2000,BPT,TX,ASW,CE,Combined TRACON& Tower with Radar,0,22,29,19,70,0,0,0,33,33,0,22,29,52,103,28,0,28,131
12/13/2000,BPT,TX,ASW,CE,Combined TRACON& Tower with Radar,0,16,14,11,41,0,0,0,25,25,0,16,14,36,66,0,0,0,66
12/14/2000,BPT,TX,ASW,CE,Combined TRACON& Tower with Radar,0,21,54,29,104,0,0,18,19,37,0,21,72,48,141,50,0,50,191
12/15/2000,BPT,TX,ASW,CE,Combined TRACON& Tower with Radar,0,10,16,4,30,0,0,7,0,7,0,10,23,4,37,0,0,0,37
12/16/2000,BPT,TX,ASW,CE,Combined TRACON& Tower with Radar,0,10,12,1,23,3,2,10,0,15,3,12,22,1,38,34,0,34,72
12/17/2000,BPT,TX,ASW,CE,Combined TRACON& Tower with Radar,0,40,46,18,104,0,27,0,0,27,0,67,46,18,131,16,0,16,147
12/18/2000,BPT,TX,ASW,CE,Combined TRACON& Tower with Radar,0,20,24,4,48,0,5,20,0,25,0,25,44,4,73,38,0,38,111
12/19/2000,BPT,TX,ASW,CE,Combined TRACON& Tower with Radar,0,22,27,14,63,0,2,31,0,33,0,24,58,14,96,54,0,54,150
12/20/2000,BPT,TX,ASW,CE,Combined TRACON& Tower with Radar,0,24,40,22,86,0,0,33,4,37,0,24,73,26,123,61,0,61,184
12/21/2000,BPT,TX,ASW,CE,Combined TRACON& Tower with Radar,0,21,33,12,66,0,0,23,0,23,0,21,56,12,89,40,0,40,129
12/22/2000,BPT,TX,ASW,CE,Combined TRACON& Tower with Radar,0,19,23,13,55,0,2,25,1,28,0,21,48,14,83,42,0,42,125
12/23/2000,BPT,TX,ASW,CE,Combined TRACON& Tower with Radar,0,16,20,0,36,0,1,26,0,27,0,17,46,0,63,38,0,38,101
12/24/2000,BPT,TX,ASW,CE,Combined TRACON& Tower with Radar,0,12,12,0,24,0,4,0,0,4,0,16,12,0,28,0,0,0,28
12/25/2000,BPT,TX,ASW,CE,Combined TRACON& Tower with Radar,0,10,7,0,17,0,4,0,0,4,0,14,7,0,21,0,0,0,21
12/26/2000,BPT,TX,ASW,CE,Combined TRACON& Tower with Radar,0,16,18,6,40,0,1,0,0,1,0,17,18,6,41,21,0,21,62
12/27/2000,BPT,TX,ASW,CE,Combined TRACON& Tower with Radar,0,18,6,13,37,0,3,0,17,20,0,21,6,30,57,0,0,0,57
12/28/2000,BPT,TX,ASW,CE,Combined TRACON& Tower with Radar,0,18,23,6,47,0,3,9,0,12,0,21,32,6,59,24,0,24,83
12/29/2000,BPT,TX,ASW,CE,Combined TRACON& Tower with Radar,0,22,34,20,76,0,0,23,2,25,0,22,57,22,101,42,0,42,143
12/30/2000,BPT,TX,ASW,CE,Combined TRACON& Tower with Radar,0,15,24,0,39,0,0,64,0,64,0,15,88,0,103,70,0,70,173
12/31/2000,BPT,TX,ASW,CE,Combined TRACON& Tower with Radar,0,14,18,0,32,0,0,1,0,1,0,14,19,0,33,16,0,16,49
01/01/2001,BPT,TX,ASW,CE,Combined TRACON& Tower with Radar,0,10,15,0,25,0,4,5,0,9,0,14,20,0,34,2,0,2,36
01/02/2001,BPT,TX,ASW,CE,Combined TRACON& Tower with Radar,0,21,33,16,70,0,1,31,0,32,0,22,64,16,102,52,0,52,154
01/03/2001,BPT,TX,ASW,CE,Combined TRACON& Tower with Radar,0,17,27,13,57,0,4,16,14,34,0,21,43,27,91,30,0,30,121
01/04/2001,BPT,TX,ASW,CE,Combined TRACON& Tower with Radar,0,19,30,4,53,0,2,46,0,48,0,21,76,4,101,60,0,60,161
01/05/2001,BPT,TX,ASW,CE,Combined TRACON& Tower with Radar,0,19,28,15,62,0,2,39,4,45,0,21,67,19,107,50,0,50,157
01/06/2001,BPT,TX,ASW,CE,Combined TRACON& Tower with Radar,0,16,24,0,40,0,0,48,0,48,0,16,72,0,88,36,0,36,124
01/07/2001,BPT,TX,ASW,CE,Combined TRACON& Tower with Radar,0,17,25,0,42,0,1,21,0,22,0,18,46,0,64,20,0,20,84
01/08/2001,BPT,TX,ASW,CE,Combined TRACON& Tower with Radar,0,20,35,19,74,0,0,10,9,19,0,20,45,28,93,74,0,74,167
01/09/2001,BPT,TX,ASW,CE,Combined TRACON& Tower with Radar,0,17,26,12,55,0,7,27,6,40,0,24,53,18,95,84,0,84,179
01/10/2001,BPT,TX,ASW,CE,Combined TRACON& Tower with Radar,0,13,20,8,41,0,7,1,0,8,0,20,21,8,49,22,0,22,71
01/11/2001,BPT,TX,ASW,CE,Combined TRACON& Tower with Radar,0,24,39,19,82,0,0,19,5,24,0,24,58,24,106,45,0,45,151
01/12/2001,BPT,TX,ASW,CE,Combined TRACON& Tower with Radar,0,22,34,14,70,0,0,13,0,13,0,22,47,14,83,26,2,28,111
01/13/2001,BPT,TX,ASW,CE,Combined TRACON& Tower with Radar,0,17,26,0,43,0,0,14,0,14,0,17,40,0,57,11,0,11,68
01/14/2001,BPT,TX,ASW,CE,Combined TRACON& Tower with Radar,0,15,30,0,45,0,0,51,0,51,0,15,81,0,96,38,0,38,134
01/15/2001,BPT,TX,ASW,CE,Combined TRACON& Tower with Radar,0,16,22,0,38,0,4,35,0,39,0,20,57,0,77,50,0,50,127
01/16/2001,BPT,TX,ASW,CE,Combined TRACON& Tower with Radar,0,17,23,0,40,0,0,10,0,10,0,17,33,0,50,0,0,0,50
01/17/2001,BPT,TX,ASW,CE,Combined TRACON& Tower with Radar,0,10,13,0,23,0,1,11,0,12,0,11,24,0,35,0,0,0,35
01/18/2001,BPT,TX,ASW,CE,Combined TRACON& Tower with Radar,0,20,28,8,56,0,3,4,0,7,0,23,32,8,63,0,0,0,63
01/19/2001,BPT,TX,ASW,CE,Combined TRACON& Tower with Radar,0,22,20,20,62,0,0,0,31,31,0,22,20,51,93,26,0,26,119
01/20/2001,BPT,TX,ASW,CE,Combined TRACON& Tower with Radar,0,13,17,0,30,0,28,20,0,48,0,41,37,0,78,70,0,70,148
01/21/2001,BPT,TX,ASW,CE,Combined TRACON& Tower with Radar,0,16,21,0,37,0,3,23,0,26,0,19,44,0,63,40,0,40,103
01/22/2001,BPT,TX,ASW,CE,Combined TRACON& Tower with Radar,0,21,29,16,66,0,3,71,4,78,0,24,100,20,144,38,0,38,182
01/23/2001,BPT,TX,ASW,CE,Combined TRACON& Tower with Radar,0,24,35,8,67,0,0,33,0,33,0,24,68,8,100,114,0,114,214
01/24/2001,BPT,TX,ASW,CE,Combined TRACON& Tower with Radar,0,23,54,28,105,0,0,29,32,61,0,23,83,60,166,70,0,70,236
01/25/2001,BPT,TX,ASW,CE,Combined TRACON& Tower with Radar,0,20,29,16,65,0,0,22,4,26,0,20,51,20,91,40,10,50,141
01/26/2001,BPT,TX,ASW,CE,Combined TRACON& Tower with Radar,0,21,27,18,66,0,0,0,30,30,0,21,27,48,96,24,0,24,120
01/27/2001,BPT,TX,ASW,CE,Combined TRACON& Tower with Radar,0,15,23,0,38,0,0,16,0,16,0,15,39,0,54,12,0,12,66
01/28/2001,BPT,TX,ASW,CE,Combined TRACON& Tower with Radar,0,16,23,0,39,0,2,4,0,6,0,18,27,0,45,48,0,48,93
01/29/2001,BPT,TX,ASW,CE,Combined TRACON& Tower with Radar,0,15,21,6,42,0,8,6,0,14,0,23,27,6,56,24,0,24,80
01/30/2001,BPT,TX,ASW,CE,Combined TRACON& Tower with Radar,0,28,40,20,88,0,0,40,20,60,0,28,80,40,148,60,4,64,212
01/31/2001,BPT,TX,ASW,CE,Combined TRACON& Tower with Radar,0,22,38,18,78,0,0,11,26,37,0,22,49,44,115,130,0,130,245
02/01/2001,BPT,TX,ASW,CE,Combined TRACON& Tower with Radar,0,23,39,12,74,0,0,27,8,35,0,23,66,20,109,54,2,56,165
02/02/2001,BPT,TX,ASW,CE,Combined TRACON& Tower with Radar,0,35,36,4,75,0,0,20,0,20,0,35,56,4,95,62,0,62,157
02/03/2001,BPT,TX,ASW,CE,Combined TRACON& Tower with Radar,0,26,28,0,54,0,0,54,0,54,0,26,82,0,108,75,4,79,187
02/04/2001,BPT,TX,ASW,CE,Combined TRACON& Tower with Radar,0,46,42,0,88,0,21,32,0,53,0,67,74,0,141,58,0,58,199
02/05/2001,BPT,TX,ASW,CE,Combined TRACON& Tower with Radar,0,26,25,0,51,0,15,21,0,36,0,41,46,0,87,42,0,42,129
02/06/2001,BPT,TX,ASW,CE,Combined TRACON& Tower with Radar,0,49,43,4,96,0,12,24,0,36,0,61,67,4,132,76,0,76,208
02/07/2001,BPT,TX,ASW,CE,Combined TRACON& Tower with Radar,0,30,28,7,65,0,14,15,9,38,0,44,43,16,103,37,0,37,140
02/08/2001,BPT,TX,ASW,CE,Combined TRACON& Tower with Radar,0,44,49,15,108,0,0,13,20,33,0,44,62,35,141,14,0,14,155
02/09/2001,BPT,TX,ASW,CE,Combined TRACON& Tower with Radar,0,19,30,9,58,0,0,1,21,22,0,19,31,30,80,10,0,10,90
02/10/2001,BPT,TX,ASW,CE,Combined TRACON& Tower with Radar,0,16,21,0,37,0,0,33,0,33,0,16,54,0,70,42,0,42,112
02/11/2001,BPT,TX,ASW,CE,Combined TRACON& Tower with Radar,0,31,29,0,60,0,0,11,0,11,0,31,40,0,71,66,0,66,137
02/12/2001,BPT,TX,ASW,CE,Combined TRACON& Tower with Radar,0,17,14,5,36,0,0,0,1,1,0,17,14,6,37,8,0,8,45
02/13/2001,BPT,TX,ASW,CE,Combined TRACON& Tower with Radar,0,30,23,10,63,0,0,0,10,10,0,30,23,20,73,20,0,20,93
02/14/2001,BPT,TX,ASW,CE,Combined TRACON& Tower with Radar,0,36,38,12,86,0,0,13,18,31,0,36,51,30,117,20,0,20,137
02/15/2001,BPT,TX,ASW,CE,Combined TRACON& Tower with Radar,0,64,50,16,130,0,7,0,0,7,0,71,50,16,137,18,0,18,155
02/16/2001,BPT,TX,ASW,CE,Combined TRACON& Tower with Radar,0,19,21,6,46,0,0,4,2,6,0,19,25,8,52,10,0,10,62
02/17/2001,BPT,TX,ASW,CE,Combined TRACON& Tower with Radar,0,20,23,0,43,0,0,31,0,31,0,20,54,0,74,88,0,88,162
02/18/2001,BPT,TX,ASW,CE,Combined TRACON& Tower with Radar,0,24,22,4,50,0,11,27,0,38,0,35,49,4,88,78,0,78,166
02/19/2001,BPT,TX,ASW,CE,Combined TRACON& Tower with Radar,0,38,33,0,71,0,22,28,0,50,0,60,61,0,121,80,0,80,201
02/20/2001,BPT,TX,ASW,CE,Combined TRACON& Tower with Radar,0,37,32,6,75,0,12,0,0,12,0,49,32,6,87,22,0,22,109
02/21/2001,BPT,TX,ASW,CE,Combined TRACON& Tower with Radar,0,48,36,12,96,0,2,0,26,28,0,50,36,38,124,66,0,66,190
02/22/2001,BPT,TX,ASW,CE,Combined TRACON& Tower with Radar,0,57,28,32,117,0,18,1,0,19,0,75,29,32,136,66,0,66,202
02/23/2001,BPT,TX,ASW,CE,Combined TRACON& Tower with Radar,0,42,5,10,57,0,9,4,0,13,0,51,9,10,70,10,0,10,80
02/24/2001,BPT,TX,ASW,CE,Combined TRACON& Tower with Radar,0,28,23,7,58,0,9,2,0,11,0,37,25,7,69,6,2,8,77
02/25/2001,BPT,TX,ASW,CE,Combined TRACON& Tower with Radar,0,39,32,6,77,0,4,27,4,35,0,43,59,10,112,44,0,44,156
02/26/2001,BPT,TX,ASW,CE,Combined TRACON& Tower with Radar,0,50,22,8,80,0,1,8,1,10,0,51,30,9,90,14,0,14,104
02/27/2001,BPT,TX,ASW,CE,Combined TRACON& Tower with Radar,0,15,20,0,35,0,0,19,0,19,0,15,39,0,54,12,0,12,66
02/28/2001,BPT,TX,ASW,CE,Combined TRACON& Tower with Radar,0,34,25,0,59,0,0,2,2,4,0,34,27,2,63,4,0,4,67
03/01/2001,BPT,TX,ASW,CE,Combined TRACON& Tower with Radar,0,34,23,8,65,0,3,12,0,15,0,37,35,8,80,0,0,0,80
03/02/2001,BPT,TX,ASW,CE,Combined TRACON& Tower with Radar,0,37,22,0,59,0,0,5,0,5,0,37,27,0,64,0,0,0,64
03/03/2001,BPT,TX,ASW,CE,Combined TRACON& Tower with Radar,0,42,22,0,64,1,5,3,0,9,1,47,25,0,73,5,0,5,78
03/04/2001,BPT,TX,ASW,CE,Combined TRACON& Tower with Radar,0,31,44,0,75,0,1,18,0,19,0,32,62,0,94,78,0,78,172
03/05/2001,BPT,TX,ASW,CE,Combined TRACON& Tower with Radar,0,37,25,0,62,0,9,46,0,55,0,46,71,0,117,37,0,37,154
03/06/2001,BPT,TX,ASW,CE,Combined TRACON& Tower with Radar,0,34,48,26,108,0,10,30,0,40,0,44,78,26,148,50,0,50,198
03/07/2001,BPT,TX,ASW,CE,Combined TRACON& Tower with Radar,0,65,14,34,113,0,0,55,2,57,0,65,69,36,170,86,0,86,256
03/08/2001,BPT,TX,ASW,CE,Combined TRACON& Tower with Radar,0,37,22,14,73,0,0,19,4,23,0,37,41,18,96,27,0,27,123
03/09/2001,BPT,TX,ASW,CE,Combined TRACON& Tower with Radar,0,43,49,35,127,0,4,10,1,15,0,47,59,36,142,24,0,24,166
03/10/2001,BPT,TX,ASW,CE,Combined TRACON& Tower with Radar,0,34,17,0,51,0,8,32,0,40,0,42,49,0,91,46,0,46,137
03/11/2001,BPT,TX,ASW,CE,Combined TRACON& Tower with Radar,0,32,14,0,46,0,0,4,0,4,0,32,18,0,50,50,0,50,100
03/12/2001,BPT,TX,ASW,CE,Combined TRACON& Tower with Radar,0,48,26,20,94,0,9,34,0,43,0,57,60,20,137,20,0,20,157
03/13/2001,BPT,TX,ASW,CE,Combined TRACON& Tower with Radar,0,50,60,28,138,0,11,39,0,50,0,61,99,28,188,48,0,48,236
03/14/2001,BPT,TX,ASW,CE,Combined TRACON& Tower with Radar,0,19,32,12,63,0,0,4,0,4,0,19,36,12,67,13,4,17,84
03/15/2001,BPT,TX,ASW,CE,Combined TRACON& Tower with Radar,0,16,37,0,53,0,0,30,4,34,0,16,67,4,87,26,0,26,113
03/16/2001,BPT,TX,ASW,CE,Combined TRACON& Tower with Radar,0,22,24,24,70,0,0,55,2,57,0,22,79,26,127,46,0,46,173
03/17/2001,BPT,TX,ASW,CE,Combined TRACON& Tower with Radar,0,39,6,0,45,0,0,16,2,18,0,39,22,2,63,32,0,32,95
03/18/2001,BPT,TX,ASW,CE,Combined TRACON& Tower with Radar,0,40,25,0,65,0,14,7,0,21,0,54,32,0,86,6,0,6,92
03/19/2001,BPT,TX,ASW,CE,Combined TRACON& Tower with Radar,0,55,24,32,111,0,0,0,15,15,0,55,24,47,126,60,0,60,186
03/20/2001,BPT,TX,ASW,CE,Combined TRACON& Tower with Radar,0,44,31,1,76,0,33,12,0,45,0,77,43,1,121,73,0,73,194
03/21/2001,BPT,TX,ASW,CE,Combined TRACON& Tower with Radar,0,55,28,18,101,0,11,33,6,50,0,66,61,24,151,42,0,42,193
03/22/2001,BPT,TX,ASW,CE,Combined TRACON& Tower with Radar,0,35,46,14,95,0,0,36,0,36,0,35,82,14,131,38,0,38,169
03/23/2001,BPT,TX,ASW,CE,Combined TRACON& Tower with Radar,0,30,27,19,76,0,3,17,29,49,0,33,44,48,125,34,0,34,159
03/24/2001,BPT,TX,ASW,CE,Combined TRACON& Tower with Radar,0,23,13,0,36,0,3,12,0,15,0,26,25,0,51,22,0,22,73
03/25/2001,BPT,TX,ASW,CE,Combined TRACON& Tower with Radar,0,17,30,0,47,0,0,20,0,20,0,17,50,0,67,16,0,16,83
03/26/2001,BPT,TX,ASW,CE,Combined TRACON& Tower with Radar,0,34,22,5,61,0,0,20,1,21,0,34,42,6,82,34,0,34,116
03/27/2001,BPT,TX,ASW,CE,Combined TRACON& Tower with Radar,0,42,18,28,88,0,16,11,0,27,0,58,29,28,115,40,0,40,155
03/28/2001,BPT,TX,ASW,CE,Combined TRACON& Tower with Radar,0,23,19,4,46,0,0,6,0,6,0,23,25,4,52,2,0,2,54
03/29/2001,BPT,TX,ASW,CE,Combined TRACON& Tower with Radar,0,47,29,13,89,0,0,1,3,4,0,47,30,16,93,14,0,14,107
03/30/2001,BPT,TX,ASW,CE,Combined TRACON& Tower with Radar,0,64,43,50,157,0,5,32,4,41,0,69,75,54,198,94,0,94,292
03/31/2001,BPT,TX,ASW,CE,Combined TRACON& Tower with Radar,0,45,32,0,77,0,21,16,0,37,0,66,48,0,114,27,0,27,141
04/01/2001,BPT,TX,ASW,CE,Combined TRACON& Tower with Radar,0,27,24,4,55,0,0,53,0,53,0,27,77,4,108,36,0,36,144
04/02/2001,BPT,TX,ASW,CE,Combined TRACON& Tower with Radar,0,22,24,13,59,0,0,11,1,12,0,22,35,14,71,43,2,45,116
04/03/2001,BPT,TX,ASW,CE,Combined TRACON& Tower with Radar,0,39,21,34,94,0,0,8,0,8,0,39,29,34,102,50,0,50,152
04/04/2001,BPT,TX,ASW,CE,Combined TRACON& Tower with Radar,0,56,53,24,133,0,0,23,0,23,0,56,76,24,156,48,0,48,204
04/05/2001,BPT,TX,ASW,CE,Combined TRACON& Tower with Radar,0,58,44,36,138,0,0,15,0,15,0,58,59,36,153,14,0,14,167
04/06/2001,BPT,TX,ASW,CE,Combined TRACON& Tower with Radar,0,34,35,6,75,0,0,15,7,22,0,34,50,13,97,38,8,46,143
04/07/2001,BPT,TX,ASW,CE,Combined TRACON& Tower with Radar,0,43,29,0,72,0,6,11,0,17,0,49,40,0,89,62,0,62,151
04/08/2001,BPT,TX,ASW,CE,Combined TRACON& Tower with Radar,0,34,33,0,67,0,5,35,0,40,0,39,68,0,107,10,0,10,117
04/09/2001,BPT,TX,ASW,CE,Combined TRACON& Tower with Radar,0,77,36,29,142,0,0,0,0,0,0,77,36,29,142,38,0,38,180
04/10/2001,BPT,TX,ASW,CE,Combined TRACON& Tower with Radar,0,73,48,23,144,0,0,13,0,13,0,73,61,23,157,14,0,14,171
04/11/2001,BPT,TX,ASW,CE,Combined TRACON& Tower with Radar,0,61,29,23,113,0,4,17,0,21,0,65,46,23,134,26,0,26,160
04/12/2001,BPT,TX,ASW,CE,Combined TRACON& Tower with Radar,0,60,40,25,125,0,12,15,6,33,0,72,55,31,158,90,0,90,248
04/13/2001,BPT,TX,ASW,CE,Combined TRACON& Tower with Radar,0,64,32,22,118,0,0,24,0,24,0,64,56,22,142,50,0,50,192
04/14/2001,BPT,TX,ASW,CE,Combined TRACON& Tower with Radar,0,54,29,0,83,0,9,21,0,30,0,63,50,0,113,50,0,50,163
04/15/2001,BPT,TX,ASW,CE,Combined TRACON& Tower with Radar,0,46,20,0,66,0,3,7,0,10,0,49,27,0,76,24,0,24,100
04/16/2001,BPT,TX,ASW,CE,Combined TRACON& Tower with Radar,0,49,17,6,72,0,0,31,0,31,0,49,48,6,103,60,0,60,163
04/17/2001,BPT,TX,ASW,CE,Combined TRACON& Tower with Radar,0,41,36,12,89,0,0,18,3,21,0,41,54,15,110,28,0,28,138
04/18/2001,BPT,TX,ASW,CE,Combined TRACON& Tower with Radar,0,79,42,28,149,0,12,25,0,37,0,91,67,28,186,58,14,72,258
04/19/2001,BPT,TX,ASW,CE,Combined TRACON& Tower with Radar,0,79,43,22,144,0,22,29,0,51,0,101,72,22,195,62,0,62,257
04/20/2001,BPT,TX,ASW,CE,Combined TRACON& Tower with Radar,0,65,19,20,104,0,10,19,4,33,0,75,38,24,137,18,0,18,155
04/21/2001,BPT,TX,ASW,CE,Combined TRACON& Tower with Radar,0,73,27,0,100,0,0,17,0,17,0,73,44,0,117,30,0,30,147
04/22/2001,BPT,TX,ASW,CE,Combined TRACON& Tower with Radar,0,48,28,0,76,0,0,24,0,24,0,48,52,0,100,0,0,0,100
04/23/2001,BPT,TX,ASW,CE,Combined TRACON& Tower with Radar,0,30,45,19,94,0,2,23,1,26,0,32,68,20,120,14,0,14,134
04/24/2001,BPT,TX,ASW,CE,Combined TRACON& Tower with Radar,0,22,20,33,75,0,0,23,3,26,0,22,43,36,101,27,0,27,128
04/25/2001,BPT,TX,ASW,CE,Combined TRACON& Tower with Radar,0,83,40,16,139,0,29,51,0,80,0,112,91,16,219,46,0,46,265
04/26/2001,BPT,TX,ASW,CE,Combined TRACON& Tower with Radar,0,81,27,26,134,0,30,38,2,70,0,111,65,28,204,52,0,52,256
04/27/2001,BPT,TX,ASW,CE,Combined TRACON& Tower with Radar,0,70,26,0,96,0,0,35,0,35,0,70,61,0,131,60,0,60,191
04/28/2001,BPT,TX,ASW,CE,Combined TRACON& Tower with Radar,0,59,32,0,91,0,31,30,0,61,0,90,62,0,152,49,0,49,201
04/29/2001,BPT,TX,ASW,CE,Combined TRACON& Tower with Radar,0,102,22,0,124,0,1,15,0,16,0,103,37,0,140,68,0,68,208
04/30/2001,BPT,TX,ASW,CE,Combined TRACON& Tower with Radar,0,71,39,9,119,0,39,17,0,56,0,110,56,9,175,37,0,37,212
05/01/2001,BPT,TX,ASW,CE,Combined TRACON& Tower with Radar,0,72,41,15,128,0,20,31,1,52,0,92,72,16,180,72,0,72,252
05/02/2001,BPT,TX,ASW,CE,Combined TRACON& Tower with Radar,0,66,37,0,103,0,29,39,0,68,0,95,76,0,171,48,0,48,219
05/03/2001,BPT,TX,ASW,CE,Combined TRACON& Tower with Radar,0,69,30,21,120,0,0,20,3,23,0,69,50,24,143,46,0,46,189
05/04/2001,BPT,TX,ASW,CE,Combined TRACON& Tower with Radar,0,67,32,39,138,0,14,19,3,36,0,81,51,42,174,24,0,24,198
05/05/2001,BPT,TX,ASW,CE,Combined TRACON& Tower with Radar,0,50,10,0,60,0,0,8,0,8,0,50,18,0,68,16,0,16,84
05/06/2001,BPT,TX,ASW,CE,Combined TRACON& Tower with Radar,0,31,26,0,57,0,0,0,0,0,0,31,26,0,57,22,0,22,79
05/07/2001,BPT,TX,ASW,CE,Combined TRACON& Tower with Radar,0,61,14,0,75,0,3,10,0,13,0,64,24,0,88,22,0,22,110
05/08/2001,BPT,TX,ASW,CE,Combined TRACON& Tower with Radar,0,54,30,18,102,0,0,17,2,19,0,54,47,20,121,60,0,60,181
05/09/2001,BPT,TX,ASW,CE,Combined TRACON& Tower with Radar,0,24,46,21,91,0,0,11,7,18,0,24,57,28,109,50,0,50,159
05/10/2001,BPT,TX,ASW,CE,Combined TRACON& Tower with Radar,0,32,39,20,91,0,0,31,10,41,0,32,70,30,132,38,0,38,170
05/11/2001,BPT,TX,ASW,CE,Combined TRACON& Tower with Radar,0,34,31,7,72,0,7,32,1,40,0,41,63,8,112,20,0,20,132
05/12/2001,BPT,TX,ASW,CE,Combined TRACON& Tower with Radar,0,21,18,0,39,0,0,33,0,33,0,21,51,0,72,34,0,34,106
05/13/2001,BPT,TX,ASW,CE,Combined TRACON& Tower with Radar,0,33,28,0,61,0,1,32,0,33,0,34,60,0,94,44,0,44,138
05/14/2001,BPT,TX,ASW,CE,Combined TRACON& Tower with Radar,0,41,17,18,76,0,7,35,0,42,0,48,52,18,118,70,0,70,188
05/15/2001,BPT,TX,ASW,CE,Combined TRACON& Tower with Radar,0,59,35,14,108,0,27,27,5,59,0,86,62,19,167,55,0,55,222
05/16/2001,BPT,TX,ASW,CE,Combined TRACON& Tower with Radar,0,61,32,40,133,0,5,49,8,62,0,66,81,48,195,54,0,54,249
05/17/2001,BPT,TX,ASW,CE,Combined TRACON& Tower with Radar,0,52,33,17,102,0,8,43,1,52,0,60,76,18,154,46,0,46,200
05/18/2001,BPT,TX,ASW,CE,Combined TRACON& Tower with Radar,0,48,29,8,85,0,0,59,0,59,0,48,88,8,144,41,0,41,185
05/19/2001,BPT,TX,ASW,CE,Combined TRACON& Tower with Radar,0,29,18,0,47,1,0,60,0,61,1,29,78,0,108,4,0,4,112
05/20/2001,BPT,TX,ASW,CE,Combined TRACON& Tower with Radar,0,20,18,0,38,0,0,30,0,30,0,20,48,0,68,2,0,2,70
05/21/2001,BPT,TX,ASW,CE,Combined TRACON& Tower with Radar,0,41,22,10,73,0,4,9,2,15,0,45,31,12,88,20,0,20,108
05/22/2001,BPT,TX,ASW,CE,Combined TRACON& Tower with Radar,0,30,19,9,58,0,0,51,5,56,0,30,70,14,114,64,0,64,178
05/23/2001,BPT,TX,ASW,CE,Combined TRACON& Tower with Radar,0,73,40,16,129,0,49,32,0,81,0,122,72,16,210,36,0,36,246
05/24/2001,BPT,TX,ASW,CE,Combined TRACON& Tower with Radar,0,53,38,17,108,0,0,21,15,36,0,53,59,32,144,28,0,28,172
05/25/2001,BPT,TX,ASW,CE,Combined TRACON& Tower with Radar,0,48,27,12,87,0,0,30,0,30,0,48,57,12,117,60,0,60,177
05/26/2001,BPT,TX,ASW,CE,Combined TRACON& Tower with Radar,0,14,12,0,26,0,0,14,0,14,0,14,26,0,40,20,0,20,60
05/27/2001,BPT,TX,ASW,CE,Combined TRACON& Tower with Radar,0,53,21,0,74,0,52,0,0,52,0,105,21,0,126,12,0,12,138
05/28/2001,BPT,TX,ASW,CE,Combined TRACON& Tower with Radar,0,55,30,0,85,0,43,7,0,50,0,98,37,0,135,6,2,8,143
05/29/2001,BPT,TX,ASW,CE,Combined TRACON& Tower with Radar,0,47,25,12,84,0,4,24,0,28,0,51,49,12,112,48,0,48,160
05/30/2001,BPT,TX,ASW,CE,Combined TRACON& Tower with Radar,0,67,36,18,121,0,0,15,18,33,0,67,51,36,154,16,22,38,192
05/31/2001,BPT,TX,ASW,CE,Combined TRACON& Tower with Radar,0,35,25,12,72,0,0,13,8,21,0,35,38,20,93,16,0,16,109
06/01/2001,BPT,TX,ASW,CE,Combined TRACON& Tower with Radar,0,37,24,8,69,0,0,34,0,34,0,37,58,8,103,18,0,18,121
06/02/2001,BPT,TX,ASW,CE,Combined TRACON& Tower with Radar,0,49,26,0,75,0,9,33,0,42,0,58,59,0,117,40,0,40,157
06/03/2001,BPT,TX,ASW,CE,Combined TRACON& Tower with Radar,0,29,22,0,51,0,0,42,0,42,0,29,64,0,93,26,0,26,119
06/04/2001,BPT,TX,ASW,CE,Combined TRACON& Tower with Radar,0,36,26,8,70,0,0,24,12,36,0,36,50,20,106,20,0,20,126
06/05/2001,BPT,TX,ASW,CE,Combined TRACON& Tower with Radar,0,28,15,0,43,0,0,3,0,3,0,28,18,0,46,4,0,4,50
06/06/2001,BPT,TX,ASW,CE,Combined TRACON& Tower with Radar,0,54,29,10,93,0,12,1,22,35,0,66,30,32,128,43,0,43,171
06/07/2001,BPT,TX,ASW,CE,Combined TRACON& Tower with Radar,0,21,12,5,38,0,0,0,21,21,0,21,12,26,59,10,0,10,69
06/08/2001,BPT,TX,ASW,CE,Combined TRACON& Tower with Radar,0,23,13,3,39,0,13,9,0,22,0,36,22,3,61,12,0,12,73
06/09/2001,BPT,TX,ASW,CE,Combined TRACON& Tower with Radar,0,9,6,0,15,0,0,5,0,5,0,9,11,0,20,0,0,0,20
06/10/2001,BPT,TX,ASW,CE,Combined TRACON& Tower with Radar,0,26,14,0,40,0,3,16,0,19,0,29,30,0,59,4,0,4,63
06/11/2001,BPT,TX,ASW,CE,Combined TRACON& Tower with Radar,0,53,28,10,91,0,12,23,13,48,0,65,51,23,139,114,8,122,261
06/12/2001,BPT,TX,ASW,CE,Combined TRACON& Tower with Radar,0,62,33,13,108,0,41,15,5,61,0,103,48,18,169,66,0,66,235
06/13/2001,BPT,TX,ASW,CE,Combined TRACON& Tower with Radar,0,60,32,13,105,0,2,30,7,39,0,62,62,20,144,66,0,66,210
06/14/2001,BPT,TX,ASW,CE,Combined TRACON& Tower with Radar,0,69,43,17,129,0,0,34,23,57,0,69,77,40,186,64,0,64,250
06/15/2001,BPT,TX,ASW,CE,Combined TRACON& Tower with Radar,0,46,26,9,81,0,0,38,10,48,0,46,64,19,129,42,0,42,171
06/16/2001,BPT,TX,ASW,CE,Combined TRACON& Tower with Radar,0,43,22,0,65,0,34,16,0,50,0,77,38,0,115,20,0,20,135
06/17/2001,BPT,TX,ASW,CE,Combined TRACON& Tower with Radar,0,45,23,0,68,0,35,14,0,49,0,80,37,0,117,30,0,30,147
06/18/2001,BPT,TX,ASW,CE,Combined TRACON& Tower with Radar,0,50,26,8,84,0,9,55,0,64,0,59,81,8,148,46,0,46,194
06/19/2001,BPT,TX,ASW,CE,Combined TRACON& Tower with Radar,0,50,26,10,86,0,19,43,9,71,0,69,69,19,157,60,0,60,217
06/20/2001,BPT,TX,ASW,CE,Combined TRACON& Tower with Radar,0,43,24,10,77,0,0,15,4,19,0,43,39,14,96,46,0,46,142
06/21/2001,BPT,TX,ASW,CE,Combined TRACON& Tower with Radar,0,40,23,9,72,0,0,30,8,38,0,40,53,17,110,50,0,50,160
06/22/2001,BPT,TX,ASW,CE,Combined TRACON& Tower with Radar,0,49,27,0,76,0,0,40,0,40,0,49,67,0,116,46,0,46,162
06/23/2001,BPT,TX,ASW,CE,Combined TRACON& Tower with Radar,0,36,18,0,54,0,0,58,0,58,0,36,76,0,112,62,0,62,174
06/24/2001,BPT,TX,ASW,CE,Combined TRACON& Tower with Radar,0,39,29,10,78,0,0,57,0,57,0,39,86,10,135,70,10,80,215
06/25/2001,BPT,TX,ASW,CE,Combined TRACON& Tower with Radar,0,43,23,9,75,0,0,12,9,21,0,43,35,18,96,64,0,64,160
06/26/2001,BPT,TX,ASW,CE,Combined TRACON& Tower with Radar,0,42,21,0,63,0,11,22,0,33,0,53,43,0,96,114,0,114,210
06/27/2001,BPT,TX,ASW,CE,Combined TRACON& Tower with Radar,0,50,25,10,85,0,10,32,12,54,0,60,57,22,139,116,0,116,255
06/28/2001,BPT,TX,ASW,CE,Combined TRACON& Tower with Radar,0,51,27,11,89,0,0,38,6,44,0,51,65,17,133,88,0,88,221
06/29/2001,BPT,TX,ASW,CE,Combined TRACON& Tower with Radar,0,49,25,4,78,0,10,17,0,27,0,59,42,4,105,43,0,43,148
06/30/2001,BPT,TX,ASW,CE,Combined TRACON& Tower with Radar,0,29,17,0,46,0,0,35,0,35,0,29,52,0,81,26,0,26,107
07/01/2001,BPT,TX,ASW,CE,Combined TRACON& Tower with Radar,0,18,13,0,31,0,2,26,0,28,0,20,39,0,59,0,0,0,59
07/02/2001,BPT,TX,ASW,CE,Combined TRACON& Tower with Radar,0,42,21,4,67,0,34,16,0,50,0,76,37,4,117,42,0,42,159
07/03/2001,BPT,TX,ASW,CE,Combined TRACON& Tower with Radar,0,38,33,12,83,0,1,28,6,35,0,39,61,18,118,89,0,89,207
07/04/2001,BPT,TX,ASW,CE,Combined TRACON& Tower with Radar,0,14,16,0,30,0,1,12,0,13,0,15,28,0,43,40,2,42,85
07/05/2001,BPT,TX,ASW,CE,Combined TRACON& Tower with Radar,0,48,23,22,93,0,2,40,4,46,0,50,63,26,139,42,0,42,181
07/06/2001,BPT,TX,ASW,CE,Combined TRACON& Tower with Radar,0,42,14,11,67,0,0,18,13,31,0,42,32,24,98,40,8,48,146
07/07/2001,BPT,TX,ASW,CE,Combined TRACON& Tower with Radar,0,12,23,0,35,0,1,15,0,16,0,13,38,0,51,10,0,10,61
07/08/2001,BPT,TX,ASW,CE,Combined TRACON& Tower with Radar,0,39,32,0,71,0,0,25,0,25,0,39,57,0,96,44,0,44,140
07/09/2001,BPT,TX,ASW,CE,Combined TRACON& Tower with Radar,0,48,35,0,83,0,19,31,16,66,0,67,66,16,149,36,0,36,185
07/10/2001,BPT,TX,ASW,CE,Combined TRACON& Tower with Radar,0,63,22,7,92,0,16,54,3,73,0,79,76,10,165,36,0,36,201
07/11/2001,BPT,TX,ASW,CE,Combined TRACON& Tower with Radar,0,45,20,10,75,0,15,56,0,71,0,60,76,10,146,86,0,86,232
07/12/2001,BPT,TX,ASW,CE,Combined TRACON& Tower with Radar,0,28,32,45,105,0,1,47,6,54,0,29,79,51,159,46,0,46,205
07/13/2001,BPT,TX,ASW,CE,Combined TRACON& Tower with Radar,0,50,26,13,89,0,0,48,5,53,0,50,74,18,142,36,0,36,178
07/14/2001,BPT,TX,ASW,CE,Combined TRACON& Tower with Radar,0,29,25,0,54,0,4,51,0,55,0,33,76,0,109,80,0,80,189
07/15/2001,BPT,TX,ASW,CE,Combined TRACON& Tower with Radar,0,19,9,0,28,0,9,27,0,36,0,28,36,0,64,18,0,18,82
07/16/2001,BPT,TX,ASW,CE,Combined TRACON& Tower with Radar,0,63,21,26,110,0,21,35,3,59,0,84,56,29,169,62,0,62,231
07/17/2001,BPT,TX,ASW,CE,Combined TRACON& Tower with Radar,0,58,28,15,101,0,23,11,15,49,0,81,39,30,150,142,0,142,292
07/18/2001,BPT,TX,ASW,CE,Combined TRACON& Tower with Radar,0,53,48,10,111,0,26,32,8,66,0,79,80,18,177,58,0,58,235
07/19/2001,BPT,TX,ASW,CE,Combined TRACON& Tower with Radar,0,41,38,15,94,0,11,18,21,50,0,52,56,36,144,74,0,74,218
07/20/2001,BPT,TX,ASW,CE,Combined TRACON& Tower with Radar,0,47,13,6,66,0,16,30,0,46,0,63,43,6,112,54,0,54,166
07/21/2001,BPT,TX,ASW,CE,Combined TRACON& Tower with Radar,0,53,15,0,68,0,0,25,0,25,0,53,40,0,93,59,0,59,152
07/22/2001,BPT,TX,ASW,CE,Combined TRACON& Tower with Radar,0,28,14,0,42,0,33,17,0,50,0,61,31,0,92,22,0,22,114
07/23/2001,BPT,TX,ASW,CE,Combined TRACON& Tower with Radar,0,48,7,42,97,0,22,22,4,48,0,70,29,46,145,77,0,77,222
07/24/2001,BPT,TX,ASW,CE,Combined TRACON& Tower with Radar,0,72,20,4,96,0,22,14,0,36,0,94,34,4,132,60,8,68,200
07/25/2001,BPT,TX,ASW,CE,Combined TRACON& Tower with Radar,0,78,17,20,115,0,22,35,0,57,0,100,52,20,172,64,0,64,236
07/26/2001,BPT,TX,ASW,CE,Combined TRACON& Tower with Radar,0,53,12,0,65,0,0,15,0,15,0,53,27,0,80,84,0,84,164
07/27/2001,BPT,TX,ASW,CE,Combined TRACON& Tower with Radar,0,41,14,8,63,0,0,5,0,5,0,41,19,8,68,6,0,6,74
07/28/2001,BPT,TX,ASW,CE,Combined TRACON& Tower with Radar,0,47,9,0,56,0,0,11,0,11,0,47,20,0,67,40,0,40,107
07/29/2001,BPT,TX,ASW,CE,Combined TRACON& Tower with Radar,0,39,12,0,51,0,8,13,0,21,0,47,25,0,72,20,0,20,92
07/30/2001,BPT,TX,ASW,CE,Combined TRACON& Tower with Radar,0,83,45,31,159,0,15,31,1,47,0,98,76,32,206,32,0,32,238
07/31/2001,BPT,TX,ASW,CE,Combined TRACON& Tower with Radar,0,69,41,28,138,0,5,40,0,45,0,74,81,28,183,68,0,68,251
08/01/2001,BPT,TX,ASW,CE,Combined TRACON& Tower with Radar,0,28,21,28,77,0,5,46,11,62,0,33,67,39,139,74,0,74,213
08/02/2001,BPT,TX,ASW,CE,Combined TRACON& Tower with Radar,0,22,75,26,123,0,21,2,21,44,0,43,77,47,167,58,0,58,225
08/03/2001,BPT,TX,ASW,CE,Combined TRACON& Tower with Radar,0,21,16,30,67,0,1,35,6,42,0,22,51,36,109,12,0,12,121
08/04/2001,BPT,TX,ASW,CE,Combined TRACON& Tower with Radar,0,10,13,0,23,0,4,26,0,30,0,14,39,0,53,40,0,40,93
08/05/2001,BPT,TX,ASW,CE,Combined TRACON& Tower with Radar,0,21,25,0,46,0,0,6,0,6,0,21,31,0,52,9,0,9,61
08/06/2001,BPT,TX,ASW,CE,Combined TRACON& Tower with Radar,4,35,25,8,72,0,5,28,0,33,4,40,53,8,105,36,0,36,141
08/07/2001,BPT,TX,ASW,CE,Combined TRACON& Tower with Radar,0,20,23,9,52,0,0,20,1,21,0,20,43,10,73,56,0,56,129
08/08/2001,BPT,TX,ASW,CE,Combined TRACON& Tower with Radar,0,22,9,0,31,0,3,28,0,31,0,25,37,0,62,40,0,40,102
08/09/2001,BPT,TX,ASW,CE,Combined TRACON& Tower with Radar,0,22,40,29,91,0,2,28,0,30,0,24,68,29,121,52,0,52,173
08/10/2001,BPT,TX,ASW,CE,Combined TRACON& Tower with Radar,0,22,16,0,38,0,1,38,0,39,0,23,54,0,77,14,0,14,91
08/11/2001,BPT,TX,ASW,CE,Combined TRACON& Tower with Radar,0,12,16,0,28,0,12,16,0,28,0,24,32,0,56,32,0,32,88
08/12/2001,BPT,TX,ASW,CE,Combined TRACON& Tower with Radar,0,20,16,0,36,0,0,10,0,10,0,20,26,0,46,4,0,4,50
08/13/2001,BPT,TX,ASW,CE,Combined TRACON& Tower with Radar,0,22,17,24,63,0,1,8,3,12,0,23,25,27,75,20,4,24,99
08/14/2001,BPT,TX,ASW,CE,Combined TRACON& Tower with Radar,0,27,45,22,94,0,0,27,18,45,0,27,72,40,139,32,2,34,173
08/15/2001,BPT,TX,ASW,CE,Combined TRACON& Tower with Radar,0,21,27,13,61,0,7,34,3,44,0,28,61,16,105,96,0,96,201
08/16/2001,BPT,TX,ASW,CE,Combined TRACON& Tower with Radar,0,21,33,16,70,0,0,33,0,33,0,21,66,16,103,32,0,32,135
08/17/2001,BPT,TX,ASW,CE,Combined TRACON& Tower with Radar,0,24,29,8,61,0,4,33,0,37,0,28,62,8,98,6,0,6,104
08/18/2001,BPT,TX,ASW,CE,Combined TRACON& Tower with Radar,0,13,18,2,33,0,0,38,0,38,0,13,56,2,71,50,0,50,121
08/19/2001,BPT,TX,ASW,CE,Combined TRACON& Tower with Radar,0,14,18,0,32,0,9,22,0,31,0,23,40,0,63,30,0,30,93
08/20/2001,BPT,TX,ASW,CE,Combined TRACON& Tower with Radar,0,26,41,19,86,0,0,46,4,50,0,26,87,23,136,99,0,99,235
08/21/2001,BPT,TX,ASW,CE,Combined TRACON& Tower with Radar,0,24,45,22,91,0,0,6,34,40,0,24,51,56,131,80,4,84,215
08/22/2001,BPT,TX,ASW,CE,Combined TRACON& Tower with Radar,0,23,38,18,79,0,0,31,27,58,0,23,69,45,137,38,0,38,175
08/23/2001,BPT,TX,ASW,CE,Combined TRACON& Tower with Radar,0,26,42,14,82,0,0,47,0,47,0,26,89,14,129,48,0,48,177
08/24/2001,BPT,TX,ASW,CE,Combined TRACON& Tower with Radar,0,24,30,14,68,0,0,24,2,26,0,24,54,16,94,90,0,90,184
08/25/2001,BPT,TX,ASW,CE,Combined TRACON& Tower with Radar,0,16,22,5,43,0,0,30,0,30,0,16,52,5,73,54,14,68,141
08/26/2001,BPT,TX,ASW,CE,Combined TRACON& Tower with Radar,0,14,17,0,31,0,7,24,0,31,0,21,41,0,62,30,4,34,96
08/27/2001,BPT,TX,ASW,CE,Combined TRACON& Tower with Radar,0,19,22,4,45,0,1,20,0,21,0,20,42,4,66,44,0,44,110
08/28/2001,BPT,TX,ASW,CE,Combined TRACON& Tower with Radar,0,17,20,2,39,0,5,5,0,10,0,22,25,2,49,4,0,4,53
08/29/2001,BPT,TX,ASW,CE,Combined TRACON& Tower with Radar,0,17,20,1,38,0,8,5,0,13,0,25,25,1,51,0,0,0,51
08/30/2001,BPT,TX,ASW,CE,Combined TRACON& Tower with Radar,0,25,30,11,66,0,1,17,0,18,0,26,47,11,84,2,0,2,86
08/31/2001,BPT,TX,ASW,CE,Combined TRACON& Tower with Radar,0,18,21,6,45,0,5,13,0,18,0,23,34,6,63,32,28,60,123
09/01/2001,BPT,TX,ASW,CE,Combined TRACON& Tower with Radar,0,6,9,2,17,0,5,7,0,12,0,11,16,2,29,4,0,4,33
09/02/2001,BPT,TX,ASW,CE,Combined TRACON& Tower with Radar,0,6,11,0,17,0,12,7,0,19,0,18,18,0,36,4,24,28,64
09/03/2001,BPT,TX,ASW,CE,Combined TRACON& Tower with Radar,0,10,16,0,26,0,12,14,0,26,0,22,30,0,52,39,0,39,91
09/04/2001,BPT,TX,ASW,CE,Combined TRACON& Tower with Radar,0,16,25,11,52,0,4,9,5,18,0,20,34,16,70,70,0,70,140
09/05/2001,BPT,TX,ASW,CE,Combined TRACON& Tower with Radar,0,16,24,3,43,0,7,31,0,38,0,23,55,3,81,28,2,30,111
09/06/2001,BPT,TX,ASW,CE,Combined TRACON& Tower with Radar,0,24,44,20,88,0,0,38,6,44,0,24,82,26,132,40,16,56,188
09/07/2001,BPT,TX,ASW,CE,Combined TRACON& Tower with Radar,0,16,24,11,51,0,14,46,5,65,0,30,70,16,116,28,0,28,144
09/08/2001,BPT,TX,ASW,CE,Combined TRACON& Tower with Radar,0,9,10,1,20,0,8,22,0,30,0,17,32,1,50,3,0,3,53
09/09/2001,BPT,TX,ASW,CE,Combined TRACON& Tower with Radar,0,13,15,0,28,0,3,16,0,19,0,16,31,0,47,8,0,8,55
09/10/2001,BPT,TX,ASW,CE,Combined TRACON& Tower with Radar,0,29,37,18,84,0,11,52,20,83,0,40,89,38,167,44,4,48,215
09/11/2001,BPT,TX,ASW,CE,Combined TRACON& Tower with Radar,0,4,7,4,15,0,0,15,4,19,0,4,22,8,34,0,0,0,34
09/12/2001,BPT,TX,ASW,CE,Combined TRACON& Tower with Radar,0,0,0,0,0,0,0,4,0,4,0,0,4,0,4,0,0,0,4
09/13/2001,BPT,TX,ASW,CE,Combined TRACON& Tower with Radar,0,3,3,2,8,0,2,2,0,4,0,5,5,2,12,0,0,0,12
09/14/2001,BPT,TX,ASW,CE,Combined TRACON& Tower with Radar,0,7,5,4,16,0,10,0,0,10,0,17,5,4,26,2,0,2,28
09/15/2001,BPT,TX,ASW,CE,Combined TRACON& Tower with Radar,0,12,28,2,42,0,0,16,0,16,0,12,44,2,58,2,0,2,60
09/16/2001,BPT,TX,ASW,CE,Combined TRACON& Tower with Radar,0,16,19,6,41,0,0,0,0,0,0,16,19,6,41,0,0,0,41
09/17/2001,BPT,TX,ASW,CE,Combined TRACON& Tower with Radar,0,21,47,21,89,0,0,12,11,23,0,21,59,32,112,20,2,22,134
09/18/2001,BPT,TX,ASW,CE,Combined TRACON& Tower with Radar,0,44,39,25,108,0,6,0,25,31,0,50,39,50,139,38,0,38,177
09/19/2001,BPT,TX,ASW,CE,Combined TRACON& Tower with Radar,0,40,55,23,118,0,22,9,1,32,0,62,64,24,150,27,0,27,177
09/20/2001,BPT,TX,ASW,CE,Combined TRACON& Tower with Radar,0,37,50,15,102,0,3,25,0,28,0,40,75,15,130,40,0,40,170
09/21/2001,BPT,TX,ASW,CE,Combined TRACON& Tower with Radar,0,40,56,23,119,0,0,8,13,21,0,40,64,36,140,20,0,20,160
09/22/2001,BPT,TX,ASW,CE,Combined TRACON& Tower with Radar,0,15,23,0,38,0,0,22,0,22,0,15,45,0,60,0,0,0,60
09/23/2001,BPT,TX,ASW,CE,Combined TRACON& Tower with Radar,0,13,15,2,30,0,6,0,0,6,0,19,15,2,36,0,0,0,36
09/24/2001,BPT,TX,ASW,CE,Combined TRACON& Tower with Radar,0,19,32,14,65,0,0,13,8,21,0,19,45,22,86,46,0,46,132
09/25/2001,BPT,TX,ASW,CE,Combined TRACON& Tower with Radar,0,31,47,20,98,0,0,29,10,39,0,31,76,30,137,100,0,100,237
09/26/2001,BPT,TX,ASW,CE,Combined TRACON& Tower with Radar,0,48,65,29,142,0,19,25,7,51,0,67,90,36,193,61,0,61,254
09/27/2001,BPT,TX,ASW,CE,Combined TRACON& Tower with Radar,0,29,44,20,93,0,0,33,0,33,0,29,77,20,126,66,0,66,192
09/28/2001,BPT,TX,ASW,CE,Combined TRACON& Tower with Radar,0,35,48,21,104,0,9,2,5,16,0,44,50,26,120,44,0,44,164
09/29/2001,BPT,TX,ASW,CE,Combined TRACON& Tower with Radar,0,30,41,2,73,0,3,31,0,34,0,33,72,2,107,76,0,76,183
09/30/2001,BPT,TX,ASW,CE,Combined TRACON& Tower with Radar,0,21,35,3,59,0,0,36,0,36,0,21,71,3,95,28,0,28,123
10/01/2001,BPT,TX,ASW,CE,Combined TRACON& Tower with Radar,0,81,35,4,120,0,21,13,0,34,0,102,48,4,154,62,0,62,216
10/02/2001,BPT,TX,ASW,CE,Combined TRACON& Tower with Radar,0,76,43,20,139,0,16,22,2,40,0,92,65,22,179,107,2,109,288
10/03/2001,BPT,TX,ASW,CE,Combined TRACON& Tower with Radar,0,82,29,27,138,0,7,24,4,35,0,89,53,31,173,48,8,56,229
10/04/2001,BPT,TX,ASW,CE,Combined TRACON& Tower with Radar,0,37,31,13,81,0,43,13,13,69,0,80,44,26,150,67,0,67,217
10/05/2001,BPT,TX,ASW,CE,Combined TRACON& Tower with Radar,0,24,36,25,85,0,0,18,9,27,0,24,54,34,112,32,0,32,144
10/06/2001,BPT,TX,ASW,CE,Combined TRACON& Tower with Radar,0,15,36,0,51,0,0,8,0,8,0,15,44,0,59,10,0,10,69
10/07/2001,BPT,TX,ASW,CE,Combined TRACON& Tower with Radar,0,22,34,0,56,0,1,10,0,11,0,23,44,0,67,14,0,14,81
10/08/2001,BPT,TX,ASW,CE,Combined TRACON& Tower with Radar,0,25,33,3,61,0,2,14,1,17,0,27,47,4,78,42,0,42,120
10/09/2001,BPT,TX,ASW,CE,Combined TRACON& Tower with Radar,0,42,31,17,90,0,7,0,1,8,0,49,31,18,98,32,0,32,130
10/10/2001,BPT,TX,ASW,CE,Combined TRACON& Tower with Radar,0,51,28,12,91,0,1,2,0,3,0,52,30,12,94,30,0,30,124
10/11/2001,BPT,TX,ASW,CE,Combined TRACON& Tower with Radar,0,28,15,18,61,0,1,6,3,10,0,29,21,21,71,8,0,8,79
10/12/2001,BPT,TX,ASW,CE,Combined TRACON& Tower with Radar,0,34,19,4,57,0,0,0,1,1,0,34,19,5,58,2,0,2,60
10/13/2001,BPT,TX,ASW,CE,Combined TRACON& Tower with Radar,0,12,18,0,30,0,0,0,0,0,0,12,18,0,30,10,0,10,40
10/14/2001,BPT,TX,ASW,CE,Combined TRACON& Tower with Radar,0,53,43,0,96,0,4,12,2,18,0,57,55,2,114,138,0,138,252
10/15/2001,BPT,TX,ASW,CE,Combined TRACON& Tower with Radar,0,41,18,30,89,0,7,27,2,36,0,48,45,32,125,98,0,98,223
10/16/2001,BPT,TX,ASW,CE,Combined TRACON& Tower with Radar,0,26,28,35,89,0,2,17,0,19,0,28,45,35,108,74,0,74,182
10/17/2001,BPT,TX,ASW,CE,Combined TRACON& Tower with Radar,0,22,46,12,80,0,0,30,0,30,0,22,76,12,110,20,0,20,130
10/18/2001,BPT,TX,ASW,CE,Combined TRACON& Tower with Radar,0,49,41,35,125,0,4,28,2,34,0,53,69,37,159,58,0,58,217
10/19/2001,BPT,TX,ASW,CE,Combined TRACON& Tower with Radar,0,56,30,17,103,0,9,33,1,43,0,65,63,18,146,40,0,40,186
10/20/2001,BPT,TX,ASW,CE,Combined TRACON& Tower with Radar,0,32,25,4,61,0,1,24,0,25,0,33,49,4,86,40,0,40,126
10/21/2001,BPT,TX,ASW,CE,Combined TRACON& Tower with Radar,0,30,40,2,72,0,3,41,1,45,0,33,81,3,117,8,0,8,125
10/22/2001,BPT,TX,ASW,CE,Combined TRACON& Tower with Radar,0,66,41,16,123,0,4,6,8,18,0,70,47,24,141,18,0,18,159
10/23/2001,BPT,TX,ASW,CE,Combined TRACON& Tower with Radar,0,46,43,29,118,0,0,27,5,32,0,46,70,34,150,44,0,44,194
10/24/2001,BPT,TX,ASW,CE,Combined TRACON& Tower with Radar,0,56,36,25,117,0,0,20,3,23,0,56,56,28,140,52,0,52,192
10/25/2001,BPT,TX,ASW,CE,Combined TRACON& Tower with Radar,0,21,53,7,81,0,1,20,3,24,0,22,73,10,105,36,0,36,141
10/26/2001,BPT,TX,ASW,CE,Combined TRACON& Tower with Radar,0,35,34,5,74,0,1,31,1,33,0,36,65,6,107,8,0,8,115
10/27/2001,BPT,TX,ASW,CE,Combined TRACON& Tower with Radar,0,16,39,0,55,0,1,24,0,25,0,17,63,0,80,37,1,38,118
10/28/2001,BPT,TX,ASW,CE,Combined TRACON& Tower with Radar,0,51,49,0,100,0,4,2,0,6,0,55,51,0,106,52,0,52,158
10/29/2001,BPT,TX,ASW,CE,Combined TRACON& Tower with Radar,0,50,21,16,87,0,16,38,2,56,0,66,59,18,143,48,0,48,191
10/30/2001,BPT,TX,ASW,CE,Combined TRACON& Tower with Radar,0,46,31,51,128,0,16,21,9,46,0,62,52,60,174,135,0,135,309
10/31/2001,BPT,TX,ASW,CE,Combined TRACON& Tower with Radar,0,42,32,25,99,0,6,14,1,21,0,48,46,26,120,17,0,17,137
11/01/2001,BPT,TX,ASW,CE,Combined TRACON& Tower with Radar,0,21,31,0,52,0,0,31,0,31,0,21,62,0,83,54,0,54,137
11/02/2001,BPT,TX,ASW,CE,Combined TRACON& Tower with Radar,0,25,27,27,79,0,2,9,7,18,0,27,36,34,97,2,0,2,99
11/03/2001,BPT,TX,ASW,CE,Combined TRACON& Tower with Radar,0,13,13,0,26,0,1,9,0,10,0,14,22,0,36,26,0,26,62
11/04/2001,BPT,TX,ASW,CE,Combined TRACON& Tower with Radar,0,18,35,0,53,0,1,20,0,21,0,19,55,0,74,14,0,14,88
11/05/2001,BPT,TX,ASW,CE,Combined TRACON& Tower with Radar,0,22,47,26,95,0,5,31,3,39,0,27,78,29,134,60,0,60,194
11/06/2001,BPT,TX,ASW,CE,Combined TRACON& Tower with Radar,0,27,14,5,46,0,0,31,1,32,0,27,45,6,78,52,0,52,130
11/07/2001,BPT,TX,ASW,CE,Combined TRACON& Tower with Radar,0,20,32,31,83,0,0,25,8,33,0,20,57,39,116,24,12,36,152
11/08/2001,BPT,TX,ASW,CE,Combined TRACON& Tower with Radar,0,23,41,3,67,0,1,23,9,33,0,24,64,12,100,26,0,26,126
11/09/2001,BPT,TX,ASW,CE,Combined TRACON& Tower with Radar,0,22,29,10,61,0,2,22,0,24,0,24,51,10,85,22,0,22,107
11/10/2001,BPT,TX,ASW,CE,Combined TRACON& Tower with Radar,0,18,29,0,47,0,0,23,0,23,0,18,52,0,70,18,0,18,88
11/11/2001,BPT,TX,ASW,CE,Combined TRACON& Tower with Radar,0,23,16,0,39,0,0,10,0,10,0,23,26,0,49,12,0,12,61
11/12/2001,BPT,TX,ASW,CE,Combined TRACON& Tower with Radar,0,22,34,0,56,0,0,12,6,18,0,22,46,6,74,20,0,20,94
11/13/2001,BPT,TX,ASW,CE,Combined TRACON& Tower with Radar,0,21,22,25,68,0,0,14,0,14,0,21,36,25,82,62,8,70,152
11/14/2001,BPT,TX,ASW,CE,Combined TRACON& Tower with Radar,0,22,17,29,68,0,0,18,13,31,0,22,35,42,99,36,0,36,135
11/15/2001,BPT,TX,ASW,CE,Combined TRACON& Tower with Radar,0,22,35,7,64,0,0,6,10,16,0,22,41,17,80,18,0,18,98
11/16/2001,BPT,TX,ASW,CE,Combined TRACON& Tower with Radar,0,22,35,23,80,0,2,26,2,30,0,24,61,25,110,8,8,16,126
11/17/2001,BPT,TX,ASW,CE,Combined TRACON& Tower with Radar,0,15,32,0,47,0,0,22,0,22,0,15,54,0,69,22,0,22,91
11/18/2001,BPT,TX,ASW,CE,Combined TRACON& Tower with Radar,0,20,22,3,45,0,0,24,1,25,0,20,46,4,70,31,0,31,101
11/19/2001,BPT,TX,ASW,CE,Combined TRACON& Tower with Radar,0,24,18,40,82,0,0,27,0,27,0,24,45,40,109,64,0,64,173
11/20/2001,BPT,TX,ASW,CE,Combined TRACON& Tower with Radar,0,21,35,37,93,0,0,16,3,19,0,21,51,40,112,78,0,78,190
11/21/2001,BPT,TX,ASW,CE,Combined TRACON& Tower with Radar,0,22,46,19,87,0,3,21,1,25,0,25,67,20,112,94,0,94,206
11/22/2001,BPT,TX,ASW,CE,Combined TRACON& Tower with Radar,0,15,7,0,22,0,2,3,0,5,0,17,10,0,27,4,0,4,31
11/23/2001,BPT,TX,ASW,CE,Combined TRACON& Tower with Radar,0,12,23,0,35,0,0,11,0,11,0,12,34,0,46,10,0,10,56
11/24/2001,BPT,TX,ASW,CE,Combined TRACON& Tower with Radar,0,18,15,0,33,0,0,16,0,16,0,18,31,0,49,10,0,10,59
11/25/2001,BPT,TX,ASW,CE,Combined TRACON& Tower with Radar,0,21,29,0,50,0,5,29,0,34,0,26,58,0,84,28,0,28,112
11/26/2001,BPT,TX,ASW,CE,Combined TRACON& Tower with Radar,0,15,22,8,45,0,0,12,12,24,0,15,34,20,69,6,0,6,75
11/27/2001,BPT,TX,ASW,CE,Combined TRACON& Tower with Radar,0,18,17,0,35,0,0,0,0,0,0,18,17,0,35,6,0,6,41
11/28/2001,BPT,TX,ASW,CE,Combined TRACON& Tower with Radar,0,18,13,0,31,0,0,0,0,0,0,18,13,0,31,2,0,2,33
11/29/2001,BPT,TX,ASW,CE,Combined TRACON& Tower with Radar,2,19,21,23,65,0,0,4,3,7,2,19,25,26,72,14,0,14,86
11/30/2001,BPT,TX,ASW,CE,Combined TRACON& Tower with Radar,0,23,37,13,73,0,0,35,1,36,0,23,72,14,109,38,0,38,147
12/01/2001,BPT,TX,ASW,CE,Combined TRACON& Tower with Radar,0,13,22,0,35,0,0,20,0,20,0,13,42,0,55,48,0,48,103
12/02/2001,BPT,TX,ASW,CE,Combined TRACON& Tower with Radar,0,17,20,0,37,0,0,7,1,8,0,17,27,1,45,8,0,8,53
12/03/2001,BPT,TX,ASW,CE,Combined TRACON& Tower with Radar,0,20,36,38,94,0,1,23,10,34,0,21,59,48,128,40,2,42,170
12/04/2001,BPT,TX,ASW,CE,Combined TRACON& Tower with Radar,0,21,40,28,89,0,7,15,0,22,0,28,55,28,111,34,2,36,147
12/05/2001,BPT,TX,ASW,CE,Combined TRACON& Tower with Radar,2,18,36,26,82,0,3,22,0,25,2,21,58,26,107,26,0,26,133
12/06/2001,BPT,TX,ASW,CE,Combined TRACON& Tower with Radar,0,22,39,27,88,0,0,4,1,5,0,22,43,28,93,30,0,30,123
12/07/2001,BPT,TX,ASW,CE,Combined TRACON& Tower with Radar,0,23,38,24,85,0,0,8,14,22,0,23,46,38,107,6,0,6,113
12/08/2001,BPT,TX,ASW,CE,Combined TRACON& Tower with Radar,0,14,17,2,33,0,0,2,2,4,0,14,19,4,37,1,0,1,38
12/09/2001,BPT,TX,ASW,CE,Combined TRACON& Tower with Radar,0,18,33,22,73,0,0,19,2,21,0,18,52,24,94,22,0,22,116
12/10/2001,BPT,TX,ASW,CE,Combined TRACON& Tower with Radar,0,19,22,18,59,0,0,29,3,32,0,19,51,21,91,68,10,78,169
12/11/2001,BPT,TX,ASW,CE,Combined TRACON& Tower with Radar,0,21,32,30,83,0,2,15,1,18,0,23,47,31,101,29,2,31,132
12/12/2001,BPT,TX,ASW,CE,Combined TRACON& Tower with Radar,0,22,19,9,50,0,4,4,4,12,0,26,23,13,62,11,0,11,73
12/13/2001,BPT,TX,ASW,CE,Combined TRACON& Tower with Radar,0,22,17,6,45,0,0,0,0,0,0,22,17,6,45,2,0,2,47
12/14/2001,BPT,TX,ASW,CE,Combined TRACON& Tower with Radar,0,33,28,17,78,0,5,44,5,54,0,38,72,22,132,50,0,50,182
12/15/2001,BPT,TX,ASW,CE,Combined TRACON& Tower with Radar,0,12,40,0,52,0,0,22,0,22,0,12,62,0,74,0,0,0,74
12/16/2001,BPT,TX,ASW,CE,Combined TRACON& Tower with Radar,0,24,14,0,38,0,0,0,0,0,0,24,14,0,38,2,0,2,40
12/17/2001,BPT,TX,ASW,CE,Combined TRACON& Tower with Radar,0,21,32,6,59,0,0,24,2,26,0,21,56,8,85,24,0,24,109
12/18/2001,BPT,TX,ASW,CE,Combined TRACON& Tower with Radar,0,21,38,22,81,0,3,52,0,55,0,24,90,22,136,104,0,104,240
12/19/2001,BPT,TX,ASW,CE,Combined TRACON& Tower with Radar,0,19,27,27,73,0,0,55,6,61,0,19,82,33,134,51,0,51,185
12/20/2001,BPT,TX,ASW,CE,Combined TRACON& Tower with Radar,0,23,14,0,37,0,0,38,1,39,0,23,52,1,76,54,0,54,130
12/21/2001,BPT,TX,ASW,CE,Combined TRACON& Tower with Radar,0,22,29,2,53,0,2,28,0,30,0,24,57,2,83,37,0,37,120
12/22/2001,BPT,TX,ASW,CE,Combined TRACON& Tower with Radar,0,15,19,0,34,0,0,8,0,8,0,15,27,0,42,2,0,2,44
12/23/2001,BPT,TX,ASW,CE,Combined TRACON& Tower with Radar,0,27,21,0,48,0,0,27,0,27,0,27,48,0,75,28,0,28,103
12/24/2001,BPT,TX,ASW,CE,Combined TRACON& Tower with Radar,0,15,11,0,26,0,2,1,0,3,0,17,12,0,29,20,0,20,49
12/25/2001,BPT,TX,ASW,CE,Combined TRACON& Tower with Radar,0,14,4,0,18,0,0,7,0,7,0,14,11,0,25,10,0,10,35
12/26/2001,BPT,TX,ASW,CE,Combined TRACON& Tower with Radar,0,22,32,8,62,0,0,24,2,26,0,22,56,10,88,54,0,54,142
12/27/2001,BPT,TX,ASW,CE,Combined TRACON& Tower with Radar,0,20,21,8,49,0,4,25,2,31,0,24,46,10,80,54,0,54,134
12/28/2001,BPT,TX,ASW,CE,Combined TRACON& Tower with Radar,0,20,17,32,69,0,0,33,0,33,0,20,50,32,102,20,0,20,122
12/29/2001,BPT,TX,ASW,CE,Combined TRACON& Tower with Radar,0,13,15,0,28,0,2,26,0,28,0,15,41,0,56,24,4,28,84
12/30/2001,BPT,TX,ASW,CE,Combined TRACON& Tower with Radar,0,16,21,0,37,0,0,10,0,10,0,16,31,0,47,8,0,8,55
12/31/2001,BPT,TX,ASW,CE,Combined TRACON& Tower with Radar,0,13,6,0,19,0,0,6,0,6,0,13,12,0,25,24,0,24,49
01/01/2002,BPT,TX,ASW,CE,Combined TRACON& Tower with Radar,0,18,8,0,26,0,2,8,0,10,0,20,16,0,36,8,2,10,46
01/02/2002,BPT,TX,ASW,CE,Combined TRACON& Tower with Radar,0,22,21,12,55,0,0,22,0,22,0,22,43,12,77,14,0,14,91
01/03/2002,BPT,TX,ASW,CE,Combined TRACON& Tower with Radar,0,22,30,9,61,0,2,15,7,24,0,24,45,16,85,46,0,46,131
01/04/2002,BPT,TX,ASW,CE,Combined TRACON& Tower with Radar,0,24,33,2,59,0,0,16,0,16,0,24,49,2,75,56,0,56,131
01/05/2002,BPT,TX,ASW,CE,Combined TRACON& Tower with Radar,0,14,3,0,17,0,0,0,0,0,0,14,3,0,17,0,0,0,17
01/06/2002,BPT,TX,ASW,CE,Combined TRACON& Tower with Radar,0,15,20,0,35,0,5,42,0,47,0,20,62,0,82,20,0,20,102
01/07/2002,BPT,TX,ASW,CE,Combined TRACON& Tower with Radar,0,21,26,17,64,0,0,34,1,35,0,21,60,18,99,24,0,24,123
01/08/2002,BPT,TX,ASW,CE,Combined TRACON& Tower with Radar,0,21,28,30,79,0,0,26,0,26,0,21,54,30,105,48,0,48,153
01/09/2002,BPT,TX,ASW,CE,Combined TRACON& Tower with Radar,0,20,25,14,59,0,5,26,0,31,0,25,51,14,90,30,0,30,120
01/10/2002,BPT,TX,ASW,CE,Combined TRACON& Tower with Radar,0,20,19,17,56,0,0,19,17,36,0,20,38,34,92,28,0,28,120
01/11/2002,BPT,TX,ASW,CE,Combined TRACON& Tower with Radar,0,23,33,10,66,0,1,2,1,4,0,24,35,11,70,5,0,5,75
01/12/2002,BPT,TX,ASW,CE,Combined TRACON& Tower with Radar,0,16,37,2,55,0,3,33,3,39,0,19,70,5,94,52,0,52,146
01/13/2002,BPT,TX,ASW,CE,Combined TRACON& Tower with Radar,0,17,13,4,34,0,1,37,0,38,0,18,50,4,72,116,0,116,188
01/14/2002,BPT,TX,ASW,CE,Combined TRACON& Tower with Radar,0,23,28,10,61,0,4,30,0,34,0,27,58,10,95,44,0,44,139
01/15/2002,BPT,TX,ASW,CE,Combined TRACON& Tower with Radar,0,20,33,35,88,0,2,38,9,49,0,22,71,44,137,50,0,50,187
01/16/2002,BPT,TX,ASW,CE,Combined TRACON& Tower with Radar,0,20,33,8,61,0,1,10,0,11,0,21,43,8,72,24,0,24,96
01/17/2002,BPT,TX,ASW,CE,Combined TRACON& Tower with Radar,0,19,30,7,56,0,0,16,1,17,0,19,46,8,73,18,0,18,91
01/18/2002,BPT,TX,ASW,CE,Combined TRACON& Tower with Radar,0,24,27,25,76,0,1,3,2,6,0,25,30,27,82,2,0,2,84
01/19/2002,BPT,TX,ASW,CE,Combined TRACON& Tower with Radar,0,14,22,0,36,0,0,9,0,9,0,14,31,0,45,12,0,12,57
01/20/2002,BPT,TX,ASW,CE,Combined TRACON& Tower with Radar,0,17,40,0,57,0,7,1,0,8,0,24,41,0,65,4,0,4,69
01/21/2002,BPT,TX,ASW,CE,Combined TRACON& Tower with Radar,0,23,23,0,46,0,0,19,0,19,0,23,42,0,65,26,0,26,91
01/22/2002,BPT,TX,ASW,CE,Combined TRACON& Tower with Radar,0,10,25,0,35,0,0,2,0,2,0,10,27,0,37,6,0,6,43
01/23/2002,BPT,TX,ASW,CE,Combined TRACON& Tower with Radar,0,25,44,2,71,0,0,0,0,0,0,25,44,2,71,22,0,22,93
01/24/2002,BPT,TX,ASW,CE,Combined TRACON& Tower with Radar,0,12,31,4,47,0,0,0,0,0,0,12,31,4,47,2,0,2,49
01/25/2002,BPT,TX,ASW,CE,Combined TRACON& Tower with Radar,0,21,37,1,59,0,6,41,0,47,0,27,78,1,106,58,0,58,164
01/26/2002,BPT,TX,ASW,CE,Combined TRACON& Tower with Radar,0,14,11,1,26,0,4,21,0,25,0,18,32,1,51,17,0,17,68
01/27/2002,BPT,TX,ASW,CE,Combined TRACON& Tower with Radar,0,16,21,0,37,0,0,29,0,29,0,16,50,0,66,48,0,48,114
01/28/2002,BPT,TX,ASW,CE,Combined TRACON& Tower with Radar,0,15,40,7,62,0,0,11,0,11,0,15,51,7,73,60,2,62,135
01/29/2002,BPT,TX,ASW,CE,Combined TRACON& Tower with Radar,0,10,32,1,43,0,3,6,0,9,0,13,38,1,52,10,0,10,62
01/30/2002,BPT,TX,ASW,CE,Combined TRACON& Tower with Radar,0,26,23,0,49,0,4,12,0,16,0,30,35,0,65,30,0,30,95
01/31/2002,BPT,TX,ASW,CE,Combined TRACON& Tower with Radar,0,19,12,12,43,0,0,1,2,3,0,19,13,14,46,2,0,2,48
02/01/2002,BPT,TX,ASW,CE,Combined TRACON& Tower with Radar,0,21,36,15,72,0,0,21,1,22,0,21,57,16,94,38,0,38,132
02/02/2002,BPT,TX,ASW,CE,Combined TRACON& Tower with Radar,0,17,13,0,30,0,6,44,0,50,0,23,57,0,80,26,0,26,106
02/03/2002,BPT,TX,ASW,CE,Combined TRACON& Tower with Radar,0,17,18,0,35,0,3,16,0,19,0,20,34,0,54,68,0,68,122
02/04/2002,BPT,TX,ASW,CE,Combined TRACON& Tower with Radar,0,23,28,38,89,0,6,16,0,22,0,29,44,38,111,54,0,54,165
02/05/2002,BPT,TX,ASW,CE,Combined TRACON& Tower with Radar,0,18,38,21,77,0,0,1,5,6,0,18,39,26,83,4,0,4,87
02/06/2002,BPT,TX,ASW,CE,Combined TRACON& Tower with Radar,0,18,69,64,151,0,0,0,0,0,0,18,69,64,151,29,0,29,180
02/07/2002,BPT,TX,ASW,CE,Combined TRACON& Tower with Radar,0,22,26,36,84,0,1,51,4,56,0,23,77,40,140,44,0,44,184
02/08/2002,BPT,TX,ASW,CE,Combined TRACON& Tower with Radar,0,20,34,70,124,0,2,18,0,20,0,22,52,70,144,69,0,69,213
02/09/2002,BPT,TX,ASW,CE,Combined TRACON& Tower with Radar,0,14,9,0,23,0,6,27,0,33,0,20,36,0,56,26,0,26,82
02/10/2002,BPT,TX,ASW,CE,Combined TRACON& Tower with Radar,0,17,17,8,42,0,0,17,4,21,0,17,34,12,63,9,0,9,72
02/11/2002,BPT,TX,ASW,CE,Combined TRACON& Tower with Radar,0,23,24,6,53,0,2,9,0,11,0,25,33,6,64,52,0,52,116
02/12/2002,BPT,TX,ASW,CE,Combined TRACON& Tower with Radar,0,20,29,0,49,0,3,21,0,24,0,23,50,0,73,112,0,112,185
02/13/2002,BPT,TX,ASW,CE,Combined TRACON& Tower with Radar,0,21,38,19,78,0,3,29,1,33,0,24,67,20,111,88,0,88,199
02/14/2002,BPT,TX,ASW,CE,Combined TRACON& Tower with Radar,0,19,44,23,86,0,2,6,0,8,0,21,50,23,94,66,0,66,160
02/15/2002,BPT,TX,ASW,CE,Combined TRACON& Tower with Radar,0,20,39,30,89,0,0,13,1,14,0,20,52,31,103,14,0,14,117
02/16/2002,BPT,TX,ASW,CE,Combined TRACON& Tower with Radar,0,14,20,0,34,0,0,19,0,19,0,14,39,0,53,18,0,18,71
02/17/2002,BPT,TX,ASW,CE,Combined TRACON& Tower with Radar,0,15,10,0,25,0,2,30,0,32,0,17,40,0,57,28,0,28,85
02/18/2002,BPT,TX,ASW,CE,Combined TRACON& Tower with Radar,0,21,27,6,54,0,0,17,0,17,0,21,44,6,71,28,0,28,99
02/19/2002,BPT,TX,ASW,CE,Combined TRACON& Tower with Radar,0,23,17,8,48,0,5,0,0,5,0,28,17,8,53,23,2,25,78
02/20/2002,BPT,TX,ASW,CE,Combined TRACON& Tower with Radar,0,20,46,26,92,0,4,13,16,33,0,24,59,42,125,44,0,44,169
02/21/2002,BPT,TX,ASW,CE,Combined TRACON& Tower with Radar,0,27,33,20,80,0,0,27,0,27,0,27,60,20,107,36,0,36,143
02/22/2002,BPT,TX,ASW,CE,Combined TRACON& Tower with Radar,0,21,45,18,84,0,3,27,0,30,0,24,72,18,114,78,0,78,192
02/23/2002,BPT,TX,ASW,CE,Combined TRACON& Tower with Radar,0,14,38,0,52,0,0,30,0,30,0,14,68,0,82,66,0,66,148
02/24/2002,BPT,TX,ASW,CE,Combined TRACON& Tower with Radar,0,14,30,0,44,0,4,31,0,35,0,18,61,0,79,42,0,42,121
02/25/2002,BPT,TX,ASW,CE,Combined TRACON& Tower with Radar,0,20,34,8,62,0,4,16,0,20,0,24,50,8,82,41,0,41,123
02/26/2002,BPT,TX,ASW,CE,Combined TRACON& Tower with Radar,0,20,20,1,41,0,6,4,3,13,0,26,24,4,54,45,0,45,99
02/27/2002,BPT,TX,ASW,CE,Combined TRACON& Tower with Radar,0,22,33,19,74,0,2,39,3,44,0,24,72,22,118,68,0,68,186
02/28/2002,BPT,TX,ASW,CE,Combined TRACON& Tower with Radar,0,19,22,18,59,0,0,26,2,28,0,19,48,20,87,43,0,43,130
03/01/2002,BPT,TX,ASW,CE,Combined TRACON& Tower with Radar,0,18,12,0,30,0,0,0,0,0,0,18,12,0,30,0,0,0,30
03/02/2002,BPT,TX,ASW,CE,Combined TRACON& Tower with Radar,0,13,2,0,15,0,0,5,0,5,0,13,7,0,20,2,0,2,22
03/03/2002,BPT,TX,ASW,CE,Combined TRACON& Tower with Radar,0,19,14,0,33,0,0,11,0,11,0,19,25,0,44,10,0,10,54
03/04/2002,BPT,TX,ASW,CE,Combined TRACON& Tower with Radar,0,20,20,24,64,0,7,19,0,26,0,27,39,24,90,36,0,36,126
03/05/2002,BPT,TX,ASW,CE,Combined TRACON& Tower with Radar,0,25,35,14,74,0,2,18,0,20,0,27,53,14,94,44,0,44,138
03/06/2002,BPT,TX,ASW,CE,Combined TRACON& Tower with Radar,0,18,54,33,105,0,4,12,0,16,0,22,66,33,121,20,0,20,141
03/07/2002,BPT,TX,ASW,CE,Combined TRACON& Tower with Radar,0,22,28,16,66,0,2,9,0,11,0,24,37,16,77,34,0,34,111
03/08/2002,BPT,TX,ASW,CE,Combined TRACON& Tower with Radar,0,20,24,10,54,0,0,12,0,12,0,20,36,10,66,28,0,28,94
03/09/2002,BPT,TX,ASW,CE,Combined TRACON& Tower with Radar,0,14,33,0,47,0,0,9,0,9,0,14,42,0,56,16,0,16,72
03/10/2002,BPT,TX,ASW,CE,Combined TRACON& Tower with Radar,0,17,29,0,46,0,0,20,0,20,0,17,49,0,66,52,4,56,122
03/11/2002,BPT,TX,ASW,CE,Combined TRACON& Tower with Radar,0,21,40,17,78,0,5,10,7,22,0,26,50,24,100,47,0,47,147
03/12/2002,BPT,TX,ASW,CE,Combined TRACON& Tower with Radar,0,19,21,37,77,0,5,15,0,20,0,24,36,37,97,69,0,69,166
03/13/2002,BPT,TX,ASW,CE,Combined TRACON& Tower with Radar,0,20,53,22,95,0,2,32,0,34,0,22,85,22,129,66,0,66,195
03/14/2002,BPT,TX,ASW,CE,Combined TRACON& Tower with Radar,0,19,44,11,74,0,0,13,1,14,0,19,57,12,88,18,0,18,106
03/15/2002,BPT,TX,ASW,CE,Combined TRACON& Tower with Radar,0,21,37,10,68,0,1,1,0,2,0,22,38,10,70,4,0,4,74
03/16/2002,BPT,TX,ASW,CE,Combined TRACON& Tower with Radar,0,12,44,2,58,0,0,3,0,3,0,12,47,2,61,14,0,14,75
03/17/2002,BPT,TX,ASW,CE,Combined TRACON& Tower with Radar,0,18,48,0,66,0,0,5,0,5,0,18,53,0,71,14,0,14,85
03/18/2002,BPT,TX,ASW,CE,Combined TRACON& Tower with Radar,0,20,21,0,41,1,2,7,0,10,1,22,28,0,51,34,0,34,85
03/19/2002,BPT,TX,ASW,CE,Combined TRACON& Tower with Radar,0,21,34,9,64,0,0,12,7,19,0,21,46,16,83,28,0,28,111
03/20/2002,BPT,TX,ASW,CE,Combined TRACON& Tower with Radar,0,17,36,15,68,0,0,8,23,31,0,17,44,38,99,12,0,12,111
03/21/2002,BPT,TX,ASW,CE,Combined TRACON& Tower with Radar,0,19,26,23,68,0,0,17,1,18,0,19,43,24,86,34,0,34,120
03/22/2002,BPT,TX,ASW,CE,Combined TRACON& Tower with Radar,0,18,48,8,74,0,0,20,0,20,0,18,68,8,94,22,0,22,116
03/23/2002,BPT,TX,ASW,CE,Combined TRACON& Tower with Radar,0,14,35,8,57,0,0,23,0,23,0,14,58,8,80,78,0,78,158
03/24/2002,BPT,TX,ASW,CE,Combined TRACON& Tower with Radar,0,17,24,5,46,0,0,2,1,3,0,17,26,6,49,3,0,3,52
03/25/2002,BPT,TX,ASW,CE,Combined TRACON& Tower with Radar,0,20,22,18,60,0,0,4,1,5,0,20,26,19,65,48,0,48,113
03/26/2002,BPT,TX,ASW,CE,Combined TRACON& Tower with Radar,0,21,34,20,75,0,1,5,3,9,0,22,39,23,84,38,0,38,122
03/27/2002,BPT,TX,ASW,CE,Combined TRACON& Tower with Radar,0,20,22,10,52,0,1,27,0,28,0,21,49,10,80,61,0,61,141
03/28/2002,BPT,TX,ASW,CE,Combined TRACON& Tower with Radar,0,20,64,11,95,0,2,19,5,26,0,22,83,16,121,46,0,46,167
03/29/2002,BPT,TX,ASW,CE,Combined TRACON& Tower with Radar,0,20,23,8,51,0,0,12,7,19,0,20,35,15,70,6,0,6,76
03/30/2002,BPT,TX,ASW,CE,Combined TRACON& Tower with Radar,0,18,16,0,34,0,0,8,0,8,0,18,24,0,42,0,0,0,42
03/31/2002,BPT,TX,ASW,CE,Combined TRACON& Tower with Radar,0,15,24,0,39,0,0,1,8,9,0,15,25,8,48,0,0,0,48
04/01/2002,BPT,TX,ASW,CE,Combined TRACON& Tower with Radar,0,22,41,15,78,0,1,0,1,2,0,23,41,16,80,46,0,46,126
04/02/2002,BPT,TX,ASW,CE,Combined TRACON& Tower with Radar,0,22,43,29,94,0,2,8,0,10,0,24,51,29,104,70,0,70,174
04/03/2002,BPT,TX,ASW,CE,Combined TRACON& Tower with Radar,0,18,33,12,63,0,4,12,8,24,0,22,45,20,87,38,0,38,125
04/04/2002,BPT,TX,ASW,CE,Combined TRACON& Tower with Radar,0,20,32,0,52,0,0,14,6,20,0,20,46,6,72,32,0,32,104
04/05/2002,BPT,TX,ASW,CE,Combined TRACON& Tower with Radar,0,24,34,7,65,0,0,28,4,32,0,24,62,11,97,30,0,30,127
04/06/2002,BPT,TX,ASW,CE,Combined TRACON& Tower with Radar,0,19,25,1,45,0,0,21,0,21,0,19,46,1,66,12,0,12,78
04/07/2002,BPT,TX,ASW,CE,Combined TRACON& Tower with Radar,0,12,27,0,39,0,0,7,0,7,0,12,34,0,46,4,0,4,50
04/08/2002,BPT,TX,ASW,CE,Combined TRACON& Tower with Radar,0,9,11,0,20,0,10,0,0,10,0,19,11,0,30,2,0,2,32
04/09/2002,BPT,TX,ASW,CE,Combined TRACON& Tower with Radar,0,16,24,8,48,0,0,22,0,22,0,16,46,8,70,32,0,32,102
04/10/2002,BPT,TX,ASW,CE,Combined TRACON& Tower with Radar,0,15,27,17,59,0,3,26,1,30,0,18,53,18,89,72,0,72,161
04/11/2002,BPT,TX,ASW,CE,Combined TRACON& Tower with Radar,0,15,46,30,91,0,1,34,0,35,0,16,80,30,126,56,0,56,182
04/12/2002,BPT,TX,ASW,CE,Combined TRACON& Tower with Radar,0,19,31,2,52,0,0,37,0,37,0,19,68,2,89,30,0,30,119
04/13/2002,BPT,TX,ASW,CE,Combined TRACON& Tower with Radar,0,10,18,1,29,0,1,24,9,34,0,11,42,10,63,24,0,24,87
04/14/2002,BPT,TX,ASW,CE,Combined TRACON& Tower with Radar,0,12,28,0,40,0,0,25,0,25,0,12,53,0,65,34,0,34,99
04/15/2002,BPT,TX,ASW,CE,Combined TRACON& Tower with Radar,0,17,34,14,65,0,3,16,10,29,0,20,50,24,94,30,0,30,124
04/16/2002,BPT,TX,ASW,CE,Combined TRACON& Tower with Radar,0,15,18,44,77,0,0,8,0,8,0,15,26,44,85,24,4,28,113
04/17/2002,BPT,TX,ASW,CE,Combined TRACON& Tower with Radar,0,18,40,2,60,0,1,36,0,37,0,19,76,2,97,131,0,131,228
04/18/2002,BPT,TX,ASW,CE,Combined TRACON& Tower with Radar,0,15,37,0,52,0,6,17,0,23,0,21,54,0,75,56,0,56,131
04/19/2002,BPT,TX,ASW,CE,Combined TRACON& Tower with Radar,0,14,39,8,61,0,2,22,0,24,0,16,61,8,85,36,0,36,121
04/20/2002,BPT,TX,ASW,CE,Combined TRACON& Tower with Radar,0,9,26,1,36,0,0,22,0,22,0,9,48,1,58,70,0,70,128
04/21/2002,BPT,TX,ASW,CE,Combined TRACON& Tower with Radar,0,11,29,7,47,0,0,11,2,13,0,11,40,9,60,6,0,6,66
04/22/2002,BPT,TX,ASW,CE,Combined TRACON& Tower with Radar,0,16,40,26,82,0,1,20,6,27,0,17,60,32,109,95,0,95,204
04/23/2002,BPT,TX,ASW,CE,Combined TRACON& Tower with Radar,0,14,42,15,71,0,0,36,7,43,0,14,78,22,114,82,0,82,196
04/24/2002,BPT,TX,ASW,CE,Combined TRACON& Tower with Radar,0,14,26,8,48,0,0,46,0,46,0,14,72,8,94,66,0,66,160
04/25/2002,BPT,TX,ASW,CE,Combined TRACON& Tower with Radar,0,14,43,13,70,0,0,14,7,21,0,14,57,20,91,34,0,34,125
04/26/2002,BPT,TX,ASW,CE,Combined TRACON& Tower with Radar,0,13,33,28,74,0,4,31,0,35,0,17,64,28,109,60,0,60,169
04/27/2002,BPT,TX,ASW,CE,Combined TRACON& Tower with Radar,0,9,19,0,28,0,0,2,0,2,0,9,21,0,30,6,0,6,36
04/28/2002,BPT,TX,ASW,CE,Combined TRACON& Tower with Radar,0,10,37,0,47,0,0,13,1,14,0,10,50,1,61,24,0,24,85
04/29/2002,BPT,TX,ASW,CE,Combined TRACON& Tower with Radar,2,14,26,6,48,0,4,23,2,29,2,18,49,8,77,70,1,71,148
04/30/2002,BPT,TX,ASW,CE,Combined TRACON& Tower with Radar,0,4,8,0,12,0,2,3,0,5,0,6,11,0,17,46,0,46,63
05/01/2002,BPT,TX,ASW,CE,Combined TRACON& Tower with Radar,0,17,41,24,82,0,1,16,2,19,0,18,57,26,101,56,0,56,157
05/02/2002,BPT,TX,ASW,CE,Combined TRACON& Tower with Radar,0,8,17,7,32,2,10,75,7,94,2,18,92,14,126,22,0,22,148
05/03/2002,BPT,TX,ASW,CE,Combined TRACON& Tower with Radar,0,13,28,1,42,0,4,29,0,33,0,17,57,1,75,26,0,26,101
05/04/2002,BPT,TX,ASW,CE,Combined TRACON& Tower with Radar,0,8,36,4,48,0,2,29,0,31,0,10,65,4,79,26,0,26,105
05/05/2002,BPT,TX,ASW,CE,Combined TRACON& Tower with Radar,2,10,12,0,24,0,1,21,1,23,2,11,33,1,47,20,0,20,67
05/06/2002,BPT,TX,ASW,CE,Combined TRACON& Tower with Radar,0,13,30,4,47,0,0,32,0,32,0,13,62,4,79,149,0,149,228
05/07/2002,BPT,TX,ASW,CE,Combined TRACON& Tower with Radar,0,14,46,29,89,0,3,13,0,16,0,17,59,29,105,58,2,60,165
05/08/2002,BPT,TX,ASW,CE,Combined TRACON& Tower with Radar,0,14,43,16,73,0,10,24,2,36,0,24,67,18,109,50,0,50,159
05/09/2002,BPT,TX,ASW,CE,Combined TRACON& Tower with Radar,0,14,40,10,64,0,4,37,0,41,0,18,77,10,105,112,4,116,221
05/10/2002,BPT,TX,ASW,CE,Combined TRACON& Tower with Radar,0,13,59,18,90,0,0,32,0,32,0,13,91,18,122,28,0,28,150
05/11/2002,BPT,TX,ASW,CE,Combined TRACON& Tower with Radar,0,9,23,0,32,0,0,26,0,26,0,9,49,0,58,38,0,38,96
05/12/2002,BPT,TX,ASW,CE,Combined TRACON& Tower with Radar,0,11,25,0,36,0,0,25,0,25,0,11,50,0,61,62,0,62,123
05/13/2002,BPT,TX,ASW,CE,Combined TRACON& Tower with Radar,0,14,19,16,49,0,6,15,0,21,0,20,34,16,70,27,0,27,97
05/14/2002,BPT,TX,ASW,CE,Combined TRACON& Tower with Radar,0,17,32,0,49,0,0,45,0,45,0,17,77,0,94,65,0,65,159
05/15/2002,BPT,TX,ASW,CE,Combined TRACON& Tower with Radar,0,14,29,25,68,0,0,32,7,39,0,14,61,32,107,86,0,86,193
05/16/2002,BPT,TX,ASW,CE,Combined TRACON& Tower with Radar,0,16,34,42,92,0,0,31,8,39,0,16,65,50,131,57,0,57,188
05/17/2002,BPT,TX,ASW,CE,Combined TRACON& Tower with Radar,0,12,17,0,29,0,2,9,0,11,0,14,26,0,40,2,0,2,42
05/18/2002,BPT,TX,ASW,CE,Combined TRACON& Tower with Radar,0,10,39,0,49,0,4,34,0,38,0,14,73,0,87,90,0,90,177
05/19/2002,BPT,TX,ASW,CE,Combined TRACON& Tower with Radar,0,11,34,8,53,0,0,31,1,32,0,11,65,9,85,88,0,88,173
05/20/2002,BPT,TX,ASW,CE,Combined TRACON& Tower with Radar,0,15,26,11,52,0,0,39,0,39,0,15,65,11,91,44,0,44,135
05/21/2002,BPT,TX,ASW,CE,Combined TRACON& Tower with Radar,0,13,26,55,94,0,0,25,1,26,0,13,51,56,120,86,2,88,208
05/22/2002,BPT,TX,ASW,CE,Combined TRACON& Tower with Radar,0,15,39,16,70,1,0,26,17,44,1,15,65,33,114,72,0,72,186
05/23/2002,BPT,TX,ASW,CE,Combined TRACON& Tower with Radar,0,17,16,18,51,0,0,14,8,22,0,17,30,26,73,60,0,60,133
05/24/2002,BPT,TX,ASW,CE,Combined TRACON& Tower with Radar,0,13,22,27,62,0,0,17,7,24,0,13,39,34,86,38,0,38,124
05/25/2002,BPT,TX,ASW,CE,Combined TRACON& Tower with Radar,2,8,12,0,22,0,1,9,0,10,2,9,21,0,32,58,0,58,90
05/26/2002,BPT,TX,ASW,CE,Combined TRACON& Tower with Radar,0,6,16,0,22,0,0,18,0,18,0,6,34,0,40,36,0,36,76
05/27/2002,BPT,TX,ASW,CE,Combined TRACON& Tower with Radar,0,13,13,0,26,0,0,23,0,23,0,13,36,0,49,23,0,23,72
05/28/2002,BPT,TX,ASW,CE,Combined TRACON& Tower with Radar,0,22,30,8,60,0,3,11,0,14,0,25,41,8,74,98,2,100,174
05/29/2002,BPT,TX,ASW,CE,Combined TRACON& Tower with Radar,0,16,25,16,57,0,0,24,0,24,0,16,49,16,81,75,0,75,156
05/30/2002,BPT,TX,ASW,CE,Combined TRACON& Tower with Radar,0,13,31,0,44,0,0,10,0,10,0,13,41,0,54,40,0,40,94
05/31/2002,BPT,TX,ASW,CE,Combined TRACON& Tower with Radar,0,14,24,8,46,0,0,8,0,8,0,14,32,8,54,37,0,37,91
06/01/2002,BPT,TX,ASW,CE,Combined TRACON& Tower with Radar,0,8,10,0,18,0,2,24,0,26,0,10,34,0,44,96,0,96,140
06/02/2002,BPT,TX,ASW,CE,Combined TRACON& Tower with Radar,0,12,39,0,51,0,0,27,0,27,0,12,66,0,78,38,0,38,116
06/03/2002,BPT,TX,ASW,CE,Combined TRACON& Tower with Radar,0,15,27,1,43,0,6,31,1,38,0,21,58,2,81,88,0,88,169
06/04/2002,BPT,TX,ASW,CE,Combined TRACON& Tower with Radar,0,21,31,26,78,0,3,34,4,41,0,24,65,30,119,56,0,56,175
06/05/2002,BPT,TX,ASW,CE,Combined TRACON& Tower with Radar,0,14,35,30,79,0,2,25,0,27,0,16,60,30,106,76,0,76,182
06/06/2002,BPT,TX,ASW,CE,Combined TRACON& Tower with Radar,0,14,38,17,69,0,0,22,1,23,0,14,60,18,92,68,2,70,162
06/07/2002,BPT,TX,ASW,CE,Combined TRACON& Tower with Radar,0,13,51,3,67,0,2,27,4,33,0,15,78,7,100,64,8,72,172
06/08/2002,BPT,TX,ASW,CE,Combined TRACON& Tower with Radar,0,11,26,2,39,0,0,22,0,22,0,11,48,2,61,78,0,78,139
06/09/2002,BPT,TX,ASW,CE,Combined TRACON& Tower with Radar,0,11,20,0,31,0,4,13,0,17,0,15,33,0,48,26,0,26,74
06/10/2002,BPT,TX,ASW,CE,Combined TRACON& Tower with Radar,0,14,32,10,56,0,4,7,0,11,0,18,39,10,67,64,0,64,131
06/11/2002,BPT,TX,ASW,CE,Combined TRACON& Tower with Radar,0,14,35,8,57,0,3,21,0,24,0,17,56,8,81,56,0,56,137
06/12/2002,BPT,TX,ASW,CE,Combined TRACON& Tower with Radar,0,15,33,48,96,0,5,21,2,28,0,20,54,50,124,58,0,58,182
06/13/2002,BPT,TX,ASW,CE,Combined TRACON& Tower with Radar,0,15,36,12,63,0,0,30,0,30,0,15,66,12,93,74,10,84,177
06/14/2002,BPT,TX,ASW,CE,Combined TRACON& Tower with Radar,0,13,50,10,73,0,0,34,0,34,0,13,84,10,107,56,2,58,165
06/15/2002,BPT,TX,ASW,CE,Combined TRACON& Tower with Radar,0,17,28,0,45,0,0,30,0,30,0,17,58,0,75,68,0,68,143
06/16/2002,BPT,TX,ASW,CE,Combined TRACON& Tower with Radar,0,10,30,0,40,0,0,12,0,12,0,10,42,0,52,42,0,42,94
06/17/2002,BPT,TX,ASW,CE,Combined TRACON& Tower with Radar,0,15,33,2,50,0,0,8,0,8,0,15,41,2,58,46,0,46,104
06/18/2002,BPT,TX,ASW,CE,Combined TRACON& Tower with Radar,0,18,35,15,68,0,0,19,3,22,0,18,54,18,90,88,0,88,178
06/19/2002,BPT,TX,ASW,CE,Combined TRACON& Tower with Radar,0,17,45,52,114,0,0,18,2,20,0,17,63,54,134,112,0,112,246
06/20/2002,BPT,TX,ASW,CE,Combined TRACON& Tower with Radar,0,12,26,0,38,0,2,11,0,13,0,14,37,0,51,44,0,44,95
06/21/2002,BPT,TX,ASW,CE,Combined TRACON& Tower with Radar,0,8,32,31,71,0,2,22,7,31,0,10,54,38,102,68,2,70,172
06/22/2002,BPT,TX,ASW,CE,Combined TRACON& Tower with Radar,0,10,33,0,43,0,1,27,0,28,0,11,60,0,71,48,0,48,119
06/23/2002,BPT,TX,ASW,CE,Combined TRACON& Tower with Radar,0,10,23,0,33,0,1,18,0,19,0,11,41,0,52,12,0,12,64
06/24/2002,BPT,TX,ASW,CE,Combined TRACON& Tower with Radar,0,13,34,1,48,0,1,14,0,15,0,14,48,1,63,44,0,44,107
06/25/2002,BPT,TX,ASW,CE,Combined TRACON& Tower with Radar,0,15,29,0,44,0,1,6,0,7,0,16,35,0,51,42,0,42,93
06/26/2002,BPT,TX,ASW,CE,Combined TRACON& Tower with Radar,0,17,45,8,70,0,4,10,0,14,0,21,55,8,84,38,0,38,122
06/27/2002,BPT,TX,ASW,CE,Combined TRACON& Tower with Radar,0,14,49,3,66,0,0,0,1,1,0,14,49,4,67,30,0,30,97
06/28/2002,BPT,TX,ASW,CE,Combined TRACON& Tower with Radar,0,15,28,0,43,0,0,15,4,19,0,15,43,4,62,30,0,30,92
06/29/2002,BPT,TX,ASW,CE,Combined TRACON& Tower with Radar,0,17,31,1,49,0,0,5,3,8,0,17,36,4,57,22,0,22,79
06/30/2002,BPT,TX,ASW,CE,Combined TRACON& Tower with Radar,0,11,20,12,43,0,0,16,0,16,0,11,36,12,59,34,0,34,93
07/01/2002,BPT,TX,ASW,CE,Combined TRACON& Tower with Radar,0,13,23,10,46,0,1,11,4,16,0,14,34,14,62,99,0,99,161
07/02/2002,BPT,TX,ASW,CE,Combined TRACON& Tower with Radar,0,13,40,21,74,0,0,0,11,11,0,13,40,32,85,86,0,86,171
07/03/2002,BPT,TX,ASW,CE,Combined TRACON& Tower with Radar,0,11,31,0,42,0,4,38,0,42,0,15,69,0,84,86,0,86,170
07/04/2002,BPT,TX,ASW,CE,Combined TRACON& Tower with Radar,0,7,6,0,13,0,1,20,0,21,0,8,26,0,34,24,0,24,58
07/05/2002,BPT,TX,ASW,CE,Combined TRACON& Tower with Radar,0,5,11,8,24,0,3,19,0,22,0,8,30,8,46,38,0,38,84
07/06/2002,BPT,TX,ASW,CE,Combined TRACON& Tower with Radar,0,8,14,0,22,0,0,28,0,28,0,8,42,0,50,28,0,28,78
07/07/2002,BPT,TX,ASW,CE,Combined TRACON& Tower with Radar,0,10,29,2,41,0,1,25,1,27,0,11,54,3,68,82,0,82,150
07/08/2002,BPT,TX,ASW,CE,Combined TRACON& Tower with Radar,0,10,14,8,32,0,2,23,0,25,0,12,37,8,57,60,0,60,117
07/09/2002,BPT,TX,ASW,CE,Combined TRACON& Tower with Radar,0,10,15,2,27,0,2,35,0,37,0,12,50,2,64,218,0,218,282
07/10/2002,BPT,TX,ASW,CE,Combined TRACON& Tower with Radar,0,10,43,10,63,0,4,55,0,59,0,14,98,10,122,74,0,74,196
07/11/2002,BPT,TX,ASW,CE,Combined TRACON& Tower with Radar,0,12,32,12,56,0,0,52,11,63,0,12,84,23,119,68,0,68,187
07/12/2002,BPT,TX,ASW,CE,Combined TRACON& Tower with Radar,0,16,22,6,44,0,4,38,0,42,0,20,60,6,86,80,0,80,166
07/13/2002,BPT,TX,ASW,CE,Combined TRACON& Tower with Radar,0,3,10,0,13,0,0,9,0,9,0,3,19,0,22,4,0,4,26
07/14/2002,BPT,TX,ASW,CE,Combined TRACON& Tower with Radar,0,7,16,0,23,0,0,4,0,4,0,7,20,0,27,56,0,56,83
07/15/2002,BPT,TX,ASW,CE,Combined TRACON& Tower with Radar,0,12,11,1,24,0,0,0,0,0,0,12,11,1,24,6,0,6,30
07/16/2002,BPT,TX,ASW,CE,Combined TRACON& Tower with Radar,2,15,22,1,40,0,0,7,0,7,2,15,29,1,47,16,0,16,63
07/17/2002,BPT,TX,ASW,CE,Combined TRACON& Tower with Radar,0,15,50,23,88,0,0,17,32,49,0,15,67,55,137,128,10,138,275
07/18/2002,BPT,TX,ASW,CE,Combined TRACON& Tower with Radar,0,16,44,27,87,0,6,49,1,56,0,22,93,28,143,178,0,178,321
07/19/2002,BPT,TX,ASW,CE,Combined TRACON& Tower with Radar,0,10,23,4,37,0,0,34,0,34,0,10,57,4,71,60,0,60,131
07/20/2002,BPT,TX,ASW,CE,Combined TRACON& Tower with Radar,0,10,26,0,36,0,3,39,0,42,0,13,65,0,78,106,0,106,184
07/21/2002,BPT,TX,ASW,CE,Combined TRACON& Tower with Radar,0,10,37,0,47,0,2,46,0,48,0,12,83,0,95,22,0,22,117
07/22/2002,BPT,TX,ASW,CE,Combined TRACON& Tower with Radar,0,14,31,0,45,0,0,39,0,39,0,14,70,0,84,116,0,116,200
07/23/2002,BPT,TX,ASW,CE,Combined TRACON& Tower with Radar,0,11,46,16,73,0,0,28,0,28,0,11,74,16,101,186,0,186,287
07/24/2002,BPT,TX,ASW,CE,Combined TRACON& Tower with Radar,0,13,51,7,71,0,3,31,1,35,0,16,82,8,106,120,0,120,226
07/25/2002,BPT,TX,ASW,CE,Combined TRACON& Tower with Radar,0,11,27,26,64,0,0,40,0,40,0,11,67,26,104,82,0,82,186
07/26/2002,BPT,TX,ASW,CE,Combined TRACON& Tower with Radar,0,15,17,6,38,0,0,36,2,38,0,15,53,8,76,86,0,86,162
07/27/2002,BPT,TX,ASW,CE,Combined TRACON& Tower with Radar,0,9,18,8,35,0,1,20,0,21,0,10,38,8,56,96,0,96,152
07/28/2002,BPT,TX,ASW,CE,Combined TRACON& Tower with Radar,0,11,19,0,30,0,1,7,0,8,0,12,26,0,38,10,0,10,48
07/29/2002,BPT,TX,ASW,CE,Combined TRACON& Tower with Radar,0,12,11,24,47,0,2,35,0,37,0,14,46,24,84,90,0,90,174
07/30/2002,BPT,TX,ASW,CE,Combined TRACON& Tower with Radar,0,11,29,10,50,0,0,21,0,21,0,11,50,10,71,36,0,36,107
07/31/2002,BPT,TX,ASW,CE,Combined TRACON& Tower with Radar,0,15,34,10,59,0,0,39,0,39,0,15,73,10,98,80,0,80,178
08/01/2002,BPT,TX,ASW,CE,Combined TRACON& Tower with Radar,0,11,34,14,59,0,3,51,3,57,0,14,85,17,116,120,0,120,236
08/02/2002,BPT,TX,ASW,CE,Combined TRACON& Tower with Radar,0,14,24,15,53,0,0,27,0,27,0,14,51,15,80,148,0,148,228
08/03/2002,BPT,TX,ASW,CE,Combined TRACON& Tower with Radar,4,9,31,0,44,0,0,21,0,21,4,9,52,0,65,44,0,44,109
08/04/2002,BPT,TX,ASW,CE,Combined TRACON& Tower with Radar,0,8,14,0,22,0,1,25,0,26,0,9,39,0,48,29,0,29,77
08/05/2002,BPT,TX,ASW,CE,Combined TRACON& Tower with Radar,0,16,19,21,56,0,0,36,3,39,0,16,55,24,95,76,0,76,171
08/06/2002,BPT,TX,ASW,CE,Combined TRACON& Tower with Radar,0,12,33,18,63,0,0,35,0,35,0,12,68,18,98,128,0,128,226
08/07/2002,BPT,TX,ASW,CE,Combined TRACON& Tower with Radar,0,11,23,13,47,0,1,18,7,26,0,12,41,20,73,116,0,116,189
08/08/2002,BPT,TX,ASW,CE,Combined TRACON& Tower with Radar,0,12,38,26,76,0,0,1,13,14,0,12,39,39,90,72,0,72,162
08/09/2002,BPT,TX,ASW,CE,Combined TRACON& Tower with Radar,2,12,32,46,92,0,0,19,3,22,2,12,51,49,114,142,0,142,256
08/10/2002,BPT,TX,ASW,CE,Combined TRACON& Tower with Radar,0,9,7,0,16,0,0,18,0,18,0,9,25,0,34,66,0,66,100
08/11/2002,BPT,TX,ASW,CE,Combined TRACON& Tower with Radar,0,11,19,1,31,0,4,16,3,23,0,15,35,4,54,24,0,24,78
08/12/2002,BPT,TX,ASW,CE,Combined TRACON& Tower with Radar,2,13,29,0,44,0,0,10,0,10,2,13,39,0,54,58,0,58,112
08/13/2002,BPT,TX,ASW,CE,Combined TRACON& Tower with Radar,0,20,34,4,58,0,4,10,0,14,0,24,44,4,72,30,0,30,102
08/14/2002,BPT,TX,ASW,CE,Combined TRACON& Tower with Radar,0,13,24,0,37,0,0,8,0,8,0,13,32,0,45,18,0,18,63
08/15/2002,BPT,TX,ASW,CE,Combined TRACON& Tower with Radar,0,4,8,0,12,0,0,1,0,1,0,4,9,0,13,2,0,2,15
08/16/2002,BPT,TX,ASW,CE,Combined TRACON& Tower with Radar,0,14,22,10,46,0,5,12,0,17,0,19,34,10,63,48,0,48,111
08/17/2002,BPT,TX,ASW,CE,Combined TRACON& Tower with Radar,0,9,22,4,35,0,0,12,0,12,0,9,34,4,47,110,0,110,157
08/18/2002,BPT,TX,ASW,CE,Combined TRACON& Tower with Radar,0,12,14,0,26,0,0,23,0,23,0,12,37,0,49,12,0,12,61
08/19/2002,BPT,TX,ASW,CE,Combined TRACON& Tower with Radar,0,14,18,18,50,0,4,14,0,18,0,18,32,18,68,138,0,138,206
08/20/2002,BPT,TX,ASW,CE,Combined TRACON& Tower with Radar,0,12,33,12,57,0,1,22,0,23,0,13,55,12,80,130,0,130,210
08/21/2002,BPT,TX,ASW,CE,Combined TRACON& Tower with Radar,0,12,81,16,109,0,0,22,0,22,0,12,103,16,131,92,0,92,223
08/22/2002,BPT,TX,ASW,CE,Combined TRACON& Tower with Radar,0,11,25,2,38,0,11,32,3,46,0,22,57,5,84,66,0,66,150
08/23/2002,BPT,TX,ASW,CE,Combined TRACON& Tower with Radar,0,14,23,40,77,0,3,38,0,41,0,17,61,40,118,57,0,57,175
08/24/2002,BPT,TX,ASW,CE,Combined TRACON& Tower with Radar,0,9,13,0,22,0,1,37,0,38,0,10,50,0,60,102,0,102,162
08/25/2002,BPT,TX,ASW,CE,Combined TRACON& Tower with Radar,0,11,41,4,56,0,7,43,0,50,0,18,84,4,106,117,0,117,223
08/26/2002,BPT,TX,ASW,CE,Combined TRACON& Tower with Radar,0,12,21,26,59,0,0,38,0,38,0,12,59,26,97,117,0,117,214
08/27/2002,BPT,TX,ASW,CE,Combined TRACON& Tower with Radar,0,10,16,5,31,0,1,33,1,35,0,11,49,6,66,86,0,86,152
08/28/2002,BPT,TX,ASW,CE,Combined TRACON& Tower with Radar,0,12,57,18,87,0,3,45,2,50,0,15,102,20,137,158,0,158,295
08/29/2002,BPT,TX,ASW,CE,Combined TRACON& Tower with Radar,0,13,39,31,83,0,3,31,1,35,0,16,70,32,118,92,0,92,210
08/30/2002,BPT,TX,ASW,CE,Combined TRACON& Tower with Radar,0,12,31,54,97,0,0,35,0,35,0,12,66,54,132,124,0,124,256
08/31/2002,BPT,TX,ASW,CE,Combined TRACON& Tower with Radar,0,9,10,0,19,0,0,33,0,33,0,9,43,0,52,72,0,72,124
09/01/2002,BPT,TX,ASW,CE,Combined TRACON& Tower with Radar,0,5,18,0,23,0,1,0,0,1,0,6,18,0,24,8,0,8,32
09/02/2002,BPT,TX,ASW,CE,Combined TRACON& Tower with Radar,0,13,50,1,64,0,10,20,0,30,0,23,70,1,94,61,0,61,155
09/03/2002,BPT,TX,ASW,CE,Combined TRACON& Tower with Radar,0,12,20,22,54,0,2,4,0,6,0,14,24,22,60,91,0,91,151
09/04/2002,BPT,TX,ASW,CE,Combined TRACON& Tower with Radar,0,12,30,10,52,0,2,3,6,11,0,14,33,16,63,48,0,48,111
09/05/2002,BPT,TX,ASW,CE,Combined TRACON& Tower with Radar,0,8,45,25,78,0,3,25,0,28,0,11,70,25,106,120,0,120,226
09/06/2002,BPT,TX,ASW,CE,Combined TRACON& Tower with Radar,0,9,26,10,45,0,0,0,0,0,0,9,26,10,45,6,0,6,51
09/07/2002,BPT,TX,ASW,CE,Combined TRACON& Tower with Radar,0,8,7,0,15,0,1,1,0,2,0,9,8,0,17,0,0,0,17
09/08/2002,BPT,TX,ASW,CE,Combined TRACON& Tower with Radar,0,9,1,0,10,0,1,5,0,6,0,10,6,0,16,0,0,0,16
09/09/2002,BPT,TX,ASW,CE,Combined TRACON& Tower with Radar,0,13,33,13,59,0,1,15,5,21,0,14,48,18,80,45,0,45,125
09/10/2002,BPT,TX,ASW,CE,Combined TRACON& Tower with Radar,0,13,35,23,71,0,2,50,0,52,0,15,85,23,123,148,0,148,271
09/11/2002,BPT,TX,ASW,CE,Combined TRACON& Tower with Radar,0,10,30,9,49,0,2,43,5,50,0,12,73,14,99,214,0,214,313
09/12/2002,BPT,TX,ASW,CE,Combined TRACON& Tower with Radar,0,10,49,15,74,0,0,18,7,25,0,10,67,22,99,122,0,122,221
09/13/2002,BPT,TX,ASW,CE,Combined TRACON& Tower with Radar,0,13,27,27,67,0,1,19,7,27,0,14,46,34,94,32,0,32,126
09/14/2002,BPT,TX,ASW,CE,Combined TRACON& Tower with Radar,0,7,35,0,42,0,0,18,2,20,0,7,53,2,62,22,0,22,84
09/15/2002,BPT,TX,ASW,CE,Combined TRACON& Tower with Radar,0,9,23,0,32,0,0,3,0,3,0,9,26,0,35,10,0,10,45
09/16/2002,BPT,TX,ASW,CE,Combined TRACON& Tower with Radar,0,12,44,21,77,0,0,2,7,9,0,12,46,28,86,8,0,8,94
09/17/2002,BPT,TX,ASW,CE,Combined TRACON& Tower with Radar,0,10,20,6,36,0,0,15,2,17,0,10,35,8,53,52,4,56,109
09/18/2002,BPT,TX,ASW,CE,Combined TRACON& Tower with Radar,0,10,42,4,56,0,2,31,0,33,0,12,73,4,89,52,0,52,141
09/19/2002,BPT,TX,ASW,CE,Combined TRACON& Tower with Radar,2,8,7,0,17,0,1,28,0,29,2,9,35,0,46,38,0,38,84
09/20/2002,BPT,TX,ASW,CE,Combined TRACON& Tower with Radar,0,11,42,23,76,0,0,8,3,11,0,11,50,26,87,32,0,32,119
09/21/2002,BPT,TX,ASW,CE,Combined TRACON& Tower with Radar,0,6,14,0,20,0,0,61,0,61,0,6,75,0,81,54,0,54,135
09/22/2002,BPT,TX,ASW,CE,Combined TRACON& Tower with Radar,0,11,25,2,38,0,0,20,1,21,0,11,45,3,59,6,0,6,65
09/23/2002,BPT,TX,ASW,CE,Combined TRACON& Tower with Radar,0,11,45,32,88,0,0,15,0,15,0,11,60,32,103,82,0,82,185
09/24/2002,BPT,TX,ASW,CE,Combined TRACON& Tower with Radar,0,9,23,9,41,0,3,8,7,18,0,12,31,16,59,94,0,94,153
09/25/2002,BPT,TX,ASW,CE,Combined TRACON& Tower with Radar,0,10,17,16,43,0,1,6,0,7,0,11,23,16,50,30,0,30,80
09/26/2002,BPT,TX,ASW,CE,Combined TRACON& Tower with Radar,0,10,12,33,55,0,1,11,1,13,0,11,23,34,68,42,0,42,110
09/27/2002,BPT,TX,ASW,CE,Combined TRACON& Tower with Radar,0,11,30,0,41,0,4,32,0,36,0,15,62,0,77,94,0,94,171
09/28/2002,BPT,TX,ASW,CE,Combined TRACON& Tower with Radar,0,7,13,0,20,0,0,54,0,54,0,7,67,0,74,36,0,36,110
09/29/2002,BPT,TX,ASW,CE,Combined TRACON& Tower with Radar,0,10,24,0,34,0,0,17,0,17,0,10,41,0,51,34,0,34,85
09/30/2002,BPT,TX,ASW,CE,Combined TRACON& Tower with Radar,0,13,28,7,48,0,1,19,0,20,0,14,47,7,68,56,0,56,124
10/01/2002,BPT,TX,ASW,CE,Combined TRACON& Tower with Radar,0,11,34,18,63,0,5,30,0,35,0,16,64,18,98,47,0,47,145
10/02/2002,BPT,TX,ASW,CE,Combined TRACON& Tower with Radar,0,7,42,0,49,0,5,41,5,51,0,12,83,5,100,166,0,166,266
10/03/2002,BPT,TX,ASW,CE,Combined TRACON& Tower with Radar,0,1,11,2,14,0,6,11,8,25,0,7,22,10,39,18,0,18,57
10/04/2002,BPT,TX,ASW,CE,Combined TRACON& Tower with Radar,0,8,27,6,41,0,0,30,2,32,0,8,57,8,73,28,0,28,101
10/05/2002,BPT,TX,ASW,CE,Combined TRACON& Tower with Radar,0,7,32,0,39,0,0,18,0,18,0,7,50,0,57,20,0,20,77
10/06/2002,BPT,TX,ASW,CE,Combined TRACON& Tower with Radar,0,9,43,0,52,0,0,16,0,16,0,9,59,0,68,14,0,14,82
10/07/2002,BPT,TX,ASW,CE,Combined TRACON& Tower with Radar,0,13,34,10,57,0,3,17,0,20,0,16,51,10,77,37,0,37,114
10/08/2002,BPT,TX,ASW,CE,Combined TRACON& Tower with Radar,0,12,37,8,57,0,4,21,0,25,0,16,58,8,82,52,0,52,134
10/09/2002,BPT,TX,ASW,CE,Combined TRACON& Tower with Radar,0,11,18,7,36,0,1,0,1,2,0,12,18,8,38,5,0,5,43
10/10/2002,BPT,TX,ASW,CE,Combined TRACON& Tower with Radar,0,19,48,14,81,0,0,0,0,0,0,19,48,14,81,56,0,56,137
10/11/2002,BPT,TX,ASW,CE,Combined TRACON& Tower with Radar,0,12,41,9,62,0,0,15,3,18,0,12,56,12,80,74,0,74,154
10/12/2002,BPT,TX,ASW,CE,Combined TRACON& Tower with Radar,0,7,14,7,28,0,0,26,3,29,0,7,40,10,57,46,0,46,103
10/13/2002,BPT,TX,ASW,CE,Combined TRACON& Tower with Radar,0,9,35,0,44,0,0,0,0,0,0,9,35,0,44,34,0,34,78
10/14/2002,BPT,TX,ASW,CE,Combined TRACON& Tower with Radar,0,14,29,7,50,0,2,21,1,24,0,16,50,8,74,68,0,68,142
10/15/2002,BPT,TX,ASW,CE,Combined TRACON& Tower with Radar,0,10,52,18,80,0,0,18,0,18,0,10,70,18,98,88,0,88,186
10/16/2002,BPT,TX,ASW,CE,Combined TRACON& Tower with Radar,0,10,43,10,63,0,1,45,2,48,0,11,88,12,111,74,0,74,185
10/17/2002,BPT,TX,ASW,CE,Combined TRACON& Tower with Radar,0,16,40,12,68,0,2,50,6,58,0,18,90,18,126,66,0,66,192
10/18/2002,BPT,TX,ASW,CE,Combined TRACON& Tower with Radar,0,10,34,14,58,0,0,26,0,26,0,10,60,14,84,66,0,66,150
10/19/2002,BPT,TX,ASW,CE,Combined TRACON& Tower with Radar,0,7,22,0,29,0,0,6,0,6,0,7,28,0,35,6,0,6,41
10/20/2002,BPT,TX,ASW,CE,Combined TRACON& Tower with Radar,0,8,31,0,39,0,0,10,0,10,0,8,41,0,49,20,0,20,69
10/21/2002,BPT,TX,ASW,CE,Combined TRACON& Tower with Radar,0,15,16,20,51,0,2,0,6,8,0,17,16,26,59,2,0,2,61
10/22/2002,BPT,TX,ASW,CE,Combined TRACON& Tower with Radar,0,15,21,18,54,0,0,0,0,0,0,15,21,18,54,12,0,12,66
10/23/2002,BPT,TX,ASW,CE,Combined TRACON& Tower with Radar,0,12,33,0,45,0,0,7,0,7,0,12,40,0,52,16,0,16,68
10/24/2002,BPT,TX,ASW,CE,Combined TRACON& Tower with Radar,0,14,31,10,55,0,2,1,0,3,0,16,32,10,58,30,0,30,88
10/25/2002,BPT,TX,ASW,CE,Combined TRACON& Tower with Radar,0,14,17,0,31,0,0,2,0,2,0,14,19,0,33,18,0,18,51
10/26/2002,BPT,TX,ASW,CE,Combined TRACON& Tower with Radar,0,7,10,0,17,0,0,0,0,0,0,7,10,0,17,0,0,0,17
10/27/2002,BPT,TX,ASW,CE,Combined TRACON& Tower with Radar,0,8,24,0,32,0,0,7,0,7,0,8,31,0,39,4,0,4,43
10/28/2002,BPT,TX,ASW,CE,Combined TRACON& Tower with Radar,0,9,22,0,31,2,7,0,0,9,2,16,22,0,40,2,0,2,42
10/29/2002,BPT,TX,ASW,CE,Combined TRACON& Tower with Radar,2,14,26,28,70,0,3,16,0,19,2,17,42,28,89,52,0,52,141
10/30/2002,BPT,TX,ASW,CE,Combined TRACON& Tower with Radar,0,13,28,14,55,0,7,40,2,49,0,20,68,16,104,75,0,75,179
10/31/2002,BPT,TX,ASW,CE,Combined TRACON& Tower with Radar,0,12,22,16,50,0,0,20,0,20,0,12,42,16,70,68,0,68,138
11/01/2002,BPT,TX,ASW,CE,Combined TRACON& Tower with Radar,0,9,29,18,56,0,3,22,8,33,0,12,51,26,89,37,4,41,130
11/02/2002,BPT,TX,ASW,CE,Combined TRACON& Tower with Radar,0,13,25,0,38,0,3,40,0,43,0,16,65,0,81,24,0,24,105
11/03/2002,BPT,TX,ASW,CE,Combined TRACON& Tower with Radar,0,14,23,0,37,0,1,0,0,1,0,15,23,0,38,0,0,0,38
11/04/2002,BPT,TX,ASW,CE,Combined TRACON& Tower with Radar,0,15,9,0,24,0,0,1,0,1,0,15,10,0,25,8,0,8,33
11/05/2002,BPT,TX,ASW,CE,Combined TRACON& Tower with Radar,0,7,37,20,64,0,0,4,0,4,0,7,41,20,68,26,0,26,94
11/06/2002,BPT,TX,ASW,CE,Combined TRACON& Tower with Radar,0,12,52,48,112,0,0,46,0,46,0,12,98,48,158,46,0,46,204
11/07/2002,BPT,TX,ASW,CE,Combined TRACON& Tower with Radar,0,12,42,31,85,0,6,34,4,44,0,18,76,35,129,56,0,56,185
11/08/2002,BPT,TX,ASW,CE,Combined TRACON& Tower with Radar,0,10,24,8,42,0,0,23,0,23,0,10,47,8,65,94,0,94,159
11/09/2002,BPT,TX,ASW,CE,Combined TRACON& Tower with Radar,0,9,43,0,52,0,0,21,0,21,0,9,64,0,73,31,0,31,104
11/10/2002,BPT,TX,ASW,CE,Combined TRACON& Tower with Radar,0,16,40,0,56,0,0,16,0,16,0,16,56,0,72,20,0,20,92
11/11/2002,BPT,TX,ASW,CE,Combined TRACON& Tower with Radar,0,10,39,6,55,0,1,19,0,20,0,11,58,6,75,68,0,68,143
11/12/2002,BPT,TX,ASW,CE,Combined TRACON& Tower with Radar,0,7,35,22,64,0,0,18,0,18,0,7,53,22,82,54,0,54,136
11/13/2002,BPT,TX,ASW,CE,Combined TRACON& Tower with Radar,0,11,33,34,78,0,1,38,0,39,0,12,71,34,117,62,0,62,179
11/14/2002,BPT,TX,ASW,CE,Combined TRACON& Tower with Radar,0,12,39,27,78,0,10,21,10,41,0,22,60,37,119,33,0,33,152
11/15/2002,BPT,TX,ASW,CE,Combined TRACON& Tower with Radar,0,10,39,26,75,0,4,12,0,16,0,14,51,26,91,32,0,32,123
11/16/2002,BPT,TX,ASW,CE,Combined TRACON& Tower with Radar,0,6,49,0,55,0,0,22,0,22,0,6,71,0,77,83,0,83,160
11/17/2002,BPT,TX,ASW,CE,Combined TRACON& Tower with Radar,0,9,22,0,31,0,0,34,2,36,0,9,56,2,67,46,0,46,113
11/18/2002,BPT,TX,ASW,CE,Combined TRACON& Tower with Radar,2,10,28,14,54,0,5,9,0,14,2,15,37,14,68,60,0,60,128
11/19/2002,BPT,TX,ASW,CE,Combined TRACON& Tower with Radar,0,8,65,18,91,0,0,31,0,31,0,8,96,18,122,82,0,82,204
11/20/2002,BPT,TX,ASW,CE,Combined TRACON& Tower with Radar,0,9,68,14,91,0,7,26,0,33,0,16,94,14,124,106,0,106,230
11/21/2002,BPT,TX,ASW,CE,Combined TRACON& Tower with Radar,2,10,27,7,46,0,1,27,9,37,2,11,54,16,83,110,0,110,193
11/22/2002,BPT,TX,ASW,CE,Combined TRACON& Tower with Radar,0,11,33,16,60,0,2,30,14,46,0,13,63,30,106,26,0,26,132
11/23/2002,BPT,TX,ASW,CE,Combined TRACON& Tower with Radar,0,7,27,0,34,0,0,35,0,35,0,7,62,0,69,40,0,40,109
11/24/2002,BPT,TX,ASW,CE,Combined TRACON& Tower with Radar,0,11,50,0,61,0,0,5,0,5,0,11,55,0,66,94,0,94,160
11/25/2002,BPT,TX,ASW,CE,Combined TRACON& Tower with Radar,0,10,10,12,32,0,0,18,0,18,0,10,28,12,50,116,0,116,166
11/26/2002,BPT,TX,ASW,CE,Combined TRACON& Tower with Radar,0,13,29,16,58,0,0,0,0,0,0,13,29,16,58,10,0,10,68
11/27/2002,BPT,TX,ASW,CE,Combined TRACON& Tower with Radar,0,12,27,34,73,0,0,20,0,20,0,12,47,34,93,138,0,138,231
11/28/2002,BPT,TX,ASW,CE,Combined TRACON& Tower with Radar,0,8,11,0,19,0,0,14,0,14,0,8,25,0,33,14,0,14,47
11/29/2002,BPT,TX,ASW,CE,Combined TRACON& Tower with Radar,0,3,31,0,34,0,0,25,0,25,0,3,56,0,59,86,0,86,145
11/30/2002,BPT,TX,ASW,CE,Combined TRACON& Tower with Radar,0,6,17,0,23,0,0,13,0,13,0,6,30,0,36,46,0,46,82
12/01/2002,BPT,TX,ASW,CE,Combined TRACON& Tower with Radar,0,7,22,0,29,0,3,30,0,33,0,10,52,0,62,4,0,4,66
12/02/2002,BPT,TX,ASW,CE,Combined TRACON& Tower with Radar,0,14,9,4,27,0,0,27,0,27,0,14,36,4,54,78,0,78,132
12/03/2002,BPT,TX,ASW,CE,Combined TRACON& Tower with Radar,0,11,22,0,33,0,1,0,0,1,0,12,22,0,34,2,0,2,36
12/04/2002,BPT,TX,ASW,CE,Combined TRACON& Tower with Radar,0,15,30,0,45,0,0,0,0,0,0,15,30,0,45,0,0,0,45
12/05/2002,BPT,TX,ASW,CE,Combined TRACON& Tower with Radar,0,12,29,33,74,0,3,9,7,19,0,15,38,40,93,43,10,53,146
12/06/2002,BPT,TX,ASW,CE,Combined TRACON& Tower with Radar,0,13,34,17,64,0,0,46,5,51,0,13,80,22,115,68,0,68,183
12/07/2002,BPT,TX,ASW,CE,Combined TRACON& Tower with Radar,0,7,38,0,45,0,0,48,10,58,0,7,86,10,103,20,0,20,123
12/08/2002,BPT,TX,ASW,CE,Combined TRACON& Tower with Radar,0,9,38,7,54,0,0,21,1,22,0,9,59,8,76,19,0,19,95
12/09/2002,BPT,TX,ASW,CE,Combined TRACON& Tower with Radar,0,12,18,11,41,0,0,5,1,6,0,12,23,12,47,24,0,24,71
12/10/2002,BPT,TX,ASW,CE,Combined TRACON& Tower with Radar,0,13,40,37,90,0,1,18,5,24,0,14,58,42,114,38,0,38,152
12/11/2002,BPT,TX,ASW,CE,Combined TRACON& Tower with Radar,0,12,35,24,71,0,0,25,1,26,0,12,60,25,97,34,0,34,131
12/12/2002,BPT,TX,ASW,CE,Combined TRACON& Tower with Radar,0,11,33,8,52,0,0,0,0,0,0,11,33,8,52,4,0,4,56
12/13/2002,BPT,TX,ASW,CE,Combined TRACON& Tower with Radar,0,10,36,44,90,0,3,27,0,30,0,13,63,44,120,78,0,78,198
12/14/2002,BPT,TX,ASW,CE,Combined TRACON& Tower with Radar,0,7,17,0,24,0,4,38,10,52,0,11,55,10,76,70,0,70,146
12/15/2002,BPT,TX,ASW,CE,Combined TRACON& Tower with Radar,0,9,31,9,49,0,2,32,1,35,0,11,63,10,84,32,0,32,116
12/16/2002,BPT,TX,ASW,CE,Combined TRACON& Tower with Radar,0,13,24,12,49,0,3,17,0,20,0,16,41,12,69,68,0,68,137
12/17/2002,BPT,TX,ASW,CE,Combined TRACON& Tower with Radar,0,8,70,8,86,0,0,5,0,5,0,8,75,8,91,66,0,66,157
12/18/2002,BPT,TX,ASW,CE,Combined TRACON& Tower with Radar,0,11,22,12,45,0,4,10,4,18,0,15,32,16,63,68,0,68,131
12/19/2002,BPT,TX,ASW,CE,Combined TRACON& Tower with Radar,0,9,26,14,49,0,0,10,1,11,0,9,36,15,60,74,0,74,134
12/20/2002,BPT,TX,ASW,CE,Combined TRACON& Tower with Radar,0,9,27,0,36,0,0,49,0,49,0,9,76,0,85,140,0,140,225
12/21/2002,BPT,TX,ASW,CE,Combined TRACON& Tower with Radar,0,7,46,0,53,0,0,24,0,24,0,7,70,0,77,75,0,75,152
12/22/2002,BPT,TX,ASW,CE,Combined TRACON& Tower with Radar,0,6,15,2,23,0,3,16,0,19,0,9,31,2,42,186,0,186,228
12/23/2002,BPT,TX,ASW,CE,Combined TRACON& Tower with Radar,0,10,9,13,32,0,0,0,1,1,0,10,9,14,33,16,0,16,49
12/24/2002,BPT,TX,ASW,CE,Combined TRACON& Tower with Radar,0,8,28,3,39,0,1,8,0,9,0,9,36,3,48,14,0,14,62
12/25/2002,BPT,TX,ASW,CE,Combined TRACON& Tower with Radar,0,8,4,0,12,0,0,13,0,13,0,8,17,0,25,28,0,28,53
12/26/2002,BPT,TX,ASW,CE,Combined TRACON& Tower with Radar,0,10,28,18,56,0,0,15,12,27,0,10,43,30,83,78,0,78,161
12/27/2002,BPT,TX,ASW,CE,Combined TRACON& Tower with Radar,0,10,23,8,41,0,0,28,0,28,0,10,51,8,69,64,0,64,133
12/28/2002,BPT,TX,ASW,CE,Combined TRACON& Tower with Radar,0,6,28,3,37,0,4,19,1,24,0,10,47,4,61,46,0,46,107
12/29/2002,BPT,TX,ASW,CE,Combined TRACON& Tower with Radar,0,8,17,0,25,0,0,10,0,10,0,8,27,0,35,22,0,22,57
12/30/2002,BPT,TX,ASW,CE,Combined TRACON& Tower with Radar,0,17,5,6,28,0,0,2,0,2,0,17,7,6,30,10,0,10,40
12/31/2002,BPT,TX,ASW,CE,Combined TRACON& Tower with Radar,0,10,18,4,32,0,3,10,0,13,0,13,28,4,45,72,0,72,117
01/01/2003,BPT,TX,ASW,CE,Combined TRACON& Tower with Radar,0,11,29,0,40,0,4,36,0,40,0,15,65,0,80,30,0,30,110
01/02/2003,BPT,TX,ASW,CE,Combined TRACON& Tower with Radar,0,11,25,17,53,0,4,15,6,25,0,15,40,23,78,34,0,34,112
01/03/2003,BPT,TX,ASW,CE,Combined TRACON& Tower with Radar,0,12,32,2,46,0,0,23,0,23,0,12,55,2,69,116,0,116,185
01/04/2003,BPT,TX,ASW,CE,Combined TRACON& Tower with Radar,0,6,29,2,37,0,1,47,0,48,0,7,76,2,85,80,0,80,165
01/05/2003,BPT,TX,ASW,CE,Combined TRACON& Tower with Radar,0,8,19,0,27,0,1,11,0,12,0,9,30,0,39,52,0,52,91
01/06/2003,BPT,TX,ASW,CE,Combined TRACON& Tower with Radar,0,20,19,6,45,0,0,15,2,17,0,20,34,8,62,16,0,16,78
01/07/2003,BPT,TX,ASW,CE,Combined TRACON& Tower with Radar,0,8,29,18,55,0,1,18,0,19,0,9,47,18,74,72,0,72,146
01/08/2003,BPT,TX,ASW,CE,Combined TRACON& Tower with Radar,0,8,9,8,25,0,0,27,0,27,0,8,36,8,52,108,0,108,160
01/09/2003,BPT,TX,ASW,CE,Combined TRACON& Tower with Radar,0,10,38,10,58,0,3,16,7,26,0,13,54,17,84,74,0,74,158
01/10/2003,BPT,TX,ASW,CE,Combined TRACON& Tower with Radar,0,10,25,18,53,0,4,13,0,17,0,14,38,18,70,44,0,44,114
01/11/2003,BPT,TX,ASW,CE,Combined TRACON& Tower with Radar,0,5,14,4,23,0,0,8,0,8,0,5,22,4,31,10,0,10,41
01/12/2003,BPT,TX,ASW,CE,Combined TRACON& Tower with Radar,0,8,12,0,20,0,1,2,0,3,0,9,14,0,23,4,0,4,27
01/13/2003,BPT,TX,ASW,CE,Combined TRACON& Tower with Radar,0,12,20,11,43,0,0,16,1,17,0,12,36,12,60,50,0,50,110
01/14/2003,BPT,TX,ASW,CE,Combined TRACON& Tower with Radar,0,8,34,20,62,0,2,10,6,18,0,10,44,26,80,42,0,42,122
01/15/2003,BPT,TX,ASW,CE,Combined TRACON& Tower with Radar,0,18,35,30,83,0,11,1,0,12,0,29,36,30,95,30,0,30,125
01/16/2003,BPT,TX,ASW,CE,Combined TRACON& Tower with Radar,0,10,27,6,43,0,0,12,2,14,0,10,39,8,57,56,0,56,113
01/17/2003,BPT,TX,ASW,CE,Combined TRACON& Tower with Radar,0,12,44,31,87,0,1,20,3,24,0,13,64,34,111,56,0,56,167
01/18/2003,BPT,TX,ASW,CE,Combined TRACON& Tower with Radar,0,5,13,0,18,0,1,16,0,17,0,6,29,0,35,48,0,48,83
01/19/2003,BPT,TX,ASW,CE,Combined TRACON& Tower with Radar,0,8,9,0,17,0,0,18,0,18,0,8,27,0,35,28,0,28,63
01/20/2003,BPT,TX,ASW,CE,Combined TRACON& Tower with Radar,0,9,36,0,45,0,0,16,0,16,0,9,52,0,61,70,0,70,131
01/21/2003,BPT,TX,ASW,CE,Combined TRACON& Tower with Radar,0,5,24,14,43,0,2,3,2,7,0,7,27,16,50,67,0,67,117
01/22/2003,BPT,TX,ASW,CE,Combined TRACON& Tower with Radar,0,12,27,30,69,0,0,8,2,10,0,12,35,32,79,60,0,60,139
01/23/2003,BPT,TX,ASW,CE,Combined TRACON& Tower with Radar,0,10,35,13,58,0,0,33,1,34,0,10,68,14,92,72,0,72,164
01/24/2003,BPT,TX,ASW,CE,Combined TRACON& Tower with Radar,0,11,46,8,65,0,1,36,4,41,0,12,82,12,106,162,0,162,268
01/25/2003,BPT,TX,ASW,CE,Combined TRACON& Tower with Radar,0,5,32,1,38,0,0,18,4,22,0,5,50,5,60,48,0,48,108
01/26/2003,BPT,TX,ASW,CE,Combined TRACON& Tower with Radar,0,9,17,0,26,0,0,5,0,5,0,9,22,0,31,6,0,6,37
01/27/2003,BPT,TX,ASW,CE,Combined TRACON& Tower with Radar,0,10,29,17,56,0,0,29,7,36,0,10,58,24,92,57,8,65,157
01/28/2003,BPT,TX,ASW,CE,Combined TRACON& Tower with Radar,0,10,45,16,71,0,0,4,0,4,0,10,49,16,75,28,0,28,103
01/29/2003,BPT,TX,ASW,CE,Combined TRACON& Tower with Radar,0,10,60,0,70,0,0,3,0,3,0,10,63,0,73,2,0,2,75
01/30/2003,BPT,TX,ASW,CE,Combined TRACON& Tower with Radar,0,13,59,20,92,0,3,0,0,3,0,16,59,20,95,22,0,22,117
01/31/2003,BPT,TX,ASW,CE,Combined TRACON& Tower with Radar,0,10,26,19,55,0,0,17,1,18,0,10,43,20,73,76,0,76,149
02/01/2003,BPT,TX,ASW,CE,Combined TRACON& Tower with Radar,0,4,25,0,29,0,1,17,0,18,0,5,42,0,47,84,0,84,131
02/02/2003,BPT,TX,ASW,CE,Combined TRACON& Tower with Radar,0,9,27,0,36,0,0,16,2,18,0,9,43,2,54,34,0,34,88
02/03/2003,BPT,TX,ASW,CE,Combined TRACON& Tower with Radar,0,10,7,0,17,0,1,3,0,4,0,11,10,0,21,32,0,32,53
02/04/2003,BPT,TX,ASW,CE,Combined TRACON& Tower with Radar,0,11,24,21,56,0,0,27,4,31,0,11,51,25,87,86,0,86,173
02/05/2003,BPT,TX,ASW,CE,Combined TRACON& Tower with Radar,0,8,31,0,39,0,0,8,2,10,0,8,39,2,49,52,0,52,101
02/06/2003,BPT,TX,ASW,CE,Combined TRACON& Tower with Radar,0,15,21,0,36,0,0,4,0,4,0,15,25,0,40,2,0,2,42
02/07/2003,BPT,TX,ASW,CE,Combined TRACON& Tower with Radar,0,9,23,4,36,0,6,10,0,16,0,15,33,4,52,32,0,32,84
02/08/2003,BPT,TX,ASW,CE,Combined TRACON& Tower with Radar,0,4,19,0,23,0,1,0,0,1,0,5,19,0,24,8,0,8,32
02/09/2003,BPT,TX,ASW,CE,Combined TRACON& Tower with Radar,0,10,23,0,33,0,1,3,0,4,0,11,26,0,37,4,0,4,41
02/10/2003,BPT,TX,ASW,CE,Combined TRACON& Tower with Radar,2,16,35,6,59,0,0,15,0,15,2,16,50,6,74,57,0,57,131
02/11/2003,BPT,TX,ASW,CE,Combined TRACON& Tower with Radar,0,8,45,15,68,0,0,25,1,26,0,8,70,16,94,82,0,82,176
02/12/2003,BPT,TX,ASW,CE,Combined TRACON& Tower with Radar,0,10,56,23,89,0,0,23,5,28,0,10,79,28,117,184,0,184,301
02/13/2003,BPT,TX,ASW,CE,Combined TRACON& Tower with Radar,2,13,28,16,59,0,1,22,0,23,2,14,50,16,82,111,2,113,195
02/14/2003,BPT,TX,ASW,CE,Combined TRACON& Tower with Radar,0,10,20,0,30,0,0,8,0,8,0,10,28,0,38,14,0,14,52
02/15/2003,BPT,TX,ASW,CE,Combined TRACON& Tower with Radar,0,4,19,0,23,0,0,12,0,12,0,4,31,0,35,6,0,6,41
02/16/2003,BPT,TX,ASW,CE,Combined TRACON& Tower with Radar,0,11,21,0,32,0,0,13,0,13,0,11,34,0,45,42,0,42,87
02/17/2003,BPT,TX,ASW,CE,Combined TRACON& Tower with Radar,0,10,13,0,23,0,3,49,2,54,0,13,62,2,77,121,0,121,198
02/18/2003,BPT,TX,ASW,CE,Combined TRACON& Tower with Radar,0,8,35,4,47,0,7,28,2,37,0,15,63,6,84,224,0,224,308
02/19/2003,BPT,TX,ASW,CE,Combined TRACON& Tower with Radar,0,11,53,12,76,0,0,12,7,19,0,11,65,19,95,32,0,32,127
02/20/2003,BPT,TX,ASW,CE,Combined TRACON& Tower with Radar,0,11,11,0,22,0,0,0,0,0,0,11,11,0,22,16,0,16,38
02/21/2003,BPT,TX,ASW,CE,Combined TRACON& Tower with Radar,0,7,16,0,23,0,2,0,0,2,0,9,16,0,25,4,0,4,29
02/22/2003,BPT,TX,ASW,CE,Combined TRACON& Tower with Radar,0,7,33,0,40,0,6,18,0,24,0,13,51,0,64,120,0,120,184
02/23/2003,BPT,TX,ASW,CE,Combined TRACON& Tower with Radar,0,9,16,0,25,0,0,24,0,24,0,9,40,0,49,52,0,52,101
02/24/2003,BPT,TX,ASW,CE,Combined TRACON& Tower with Radar,0,10,46,36,92,0,2,13,0,15,0,12,59,36,107,98,0,98,205
02/25/2003,BPT,TX,ASW,CE,Combined TRACON& Tower with Radar,0,8,10,35,53,0,0,1,1,2,0,8,11,36,55,32,0,32,87
02/26/2003,BPT,TX,ASW,CE,Combined TRACON& Tower with Radar,0,10,14,2,26,0,0,1,0,1,0,10,15,2,27,2,0,2,29
02/27/2003,BPT,TX,ASW,CE,Combined TRACON& Tower with Radar,0,14,25,0,39,0,0,8,0,8,0,14,33,0,47,68,0,68,115
02/28/2003,BPT,TX,ASW,CE,Combined TRACON& Tower with Radar,0,10,34,8,52,0,0,0,0,0,0,10,34,8,52,16,0,16,68
03/01/2003,BPT,TX,ASW,CE,Combined TRACON& Tower with Radar,0,8,25,4,37,0,0,7,0,7,0,8,32,4,44,52,0,52,96
03/02/2003,BPT,TX,ASW,CE,Combined TRACON& Tower with Radar,0,11,24,0,35,0,0,16,0,16,0,11,40,0,51,118,0,118,169
03/03/2003,BPT,TX,ASW,CE,Combined TRACON& Tower with Radar,0,11,26,0,37,0,0,7,0,7,0,11,33,0,44,12,0,12,56
03/04/2003,BPT,TX,ASW,CE,Combined TRACON& Tower with Radar,0,12,26,6,44,0,0,7,0,7,0,12,33,6,51,4,0,4,55
03/05/2003,BPT,TX,ASW,CE,Combined TRACON& Tower with Radar,0,10,17,0,27,0,0,3,0,3,0,10,20,0,30,2,0,2,32
03/06/2003,BPT,TX,ASW,CE,Combined TRACON& Tower with Radar,0,11,43,15,69,0,7,22,6,35,0,18,65,21,104,110,0,110,214
03/07/2003,BPT,TX,ASW,CE,Combined TRACON& Tower with Radar,0,13,34,7,54,0,2,19,4,25,0,15,53,11,79,182,0,182,261
03/08/2003,BPT,TX,ASW,CE,Combined TRACON& Tower with Radar,0,21,27,1,49,0,0,24,2,26,0,21,51,3,75,48,0,48,123
03/09/2003,BPT,TX,ASW,CE,Combined TRACON& Tower with Radar,0,10,41,2,53,0,3,35,6,44,0,13,76,8,97,56,0,56,153
03/10/2003,BPT,TX,ASW,CE,Combined TRACON& Tower with Radar,0,10,22,12,44,0,1,34,8,43,0,11,56,20,87,56,0,56,143
03/11/2003,BPT,TX,ASW,CE,Combined TRACON& Tower with Radar,0,8,41,14,63,0,2,32,4,38,0,10,73,18,101,54,0,54,155
03/12/2003,BPT,TX,ASW,CE,Combined TRACON& Tower with Radar,0,9,21,22,52,0,0,14,1,15,0,9,35,23,67,102,0,102,169
03/13/2003,BPT,TX,ASW,CE,Combined TRACON& Tower with Radar,0,8,26,0,34,0,2,0,0,2,0,10,26,0,36,22,0,22,58
03/14/2003,BPT,TX,ASW,CE,Combined TRACON& Tower with Radar,0,10,46,8,64,0,2,22,6,30,0,12,68,14,94,190,0,190,284
03/15/2003,BPT,TX,ASW,CE,Combined TRACON& Tower with Radar,0,11,16,0,27,0,3,31,0,34,0,14,47,0,61,20,0,20,81
03/16/2003,BPT,TX,ASW,CE,Combined TRACON& Tower with Radar,0,8,32,2,42,0,0,0,0,0,0,8,32,2,42,2,0,2,44
03/17/2003,BPT,TX,ASW,CE,Combined TRACON& Tower with Radar,0,10,24,16,50,0,0,21,0,21,0,10,45,16,71,52,0,52,123
03/18/2003,BPT,TX,ASW,CE,Combined TRACON& Tower with Radar,0,12,23,19,54,0,0,7,0,7,0,12,30,19,61,30,0,30,91
03/19/2003,BPT,TX,ASW,CE,Combined TRACON& Tower with Radar,0,15,32,24,71,0,2,45,2,49,0,17,77,26,120,138,0,138,258
03/20/2003,BPT,TX,ASW,CE,Combined TRACON& Tower with Radar,0,10,41,43,94,0,0,44,5,49,0,10,85,48,143,160,0,160,303
03/21/2003,BPT,TX,ASW,CE,Combined TRACON& Tower with Radar,0,13,37,16,66,0,0,48,4,52,0,13,85,20,118,158,0,158,276
03/22/2003,BPT,TX,ASW,CE,Combined TRACON& Tower with Radar,0,5,41,0,46,0,0,20,0,20,0,5,61,0,66,110,0,110,176
03/23/2003,BPT,TX,ASW,CE,Combined TRACON& Tower with Radar,0,9,33,4,46,0,0,31,4,35,0,9,64,8,81,78,0,78,159
03/24/2003,BPT,TX,ASW,CE,Combined TRACON& Tower with Radar,0,15,30,23,68,0,0,16,2,18,0,15,46,25,86,154,0,154,240
03/25/2003,BPT,TX,ASW,CE,Combined TRACON& Tower with Radar,0,10,24,27,61,0,2,23,3,28,0,12,47,30,89,62,0,62,151
03/26/2003,BPT,TX,ASW,CE,Combined TRACON& Tower with Radar,0,10,46,21,77,0,1,24,2,27,0,11,70,23,104,132,20,152,256
03/27/2003,BPT,TX,ASW,CE,Combined TRACON& Tower with Radar,0,12,34,38,84,0,0,29,6,35,0,12,63,44,119,130,0,130,249
03/28/2003,BPT,TX,ASW,CE,Combined TRACON& Tower with Radar,0,17,40,18,75,0,3,0,6,9,0,20,40,24,84,62,0,62,146
03/29/2003,BPT,TX,ASW,CE,Combined TRACON& Tower with Radar,0,6,44,0,50,0,0,37,0,37,0,6,81,0,87,58,0,58,145
03/30/2003,BPT,TX,ASW,CE,Combined TRACON& Tower with Radar,0,8,27,8,43,0,0,27,4,31,0,8,54,12,74,26,0,26,100
03/31/2003,BPT,TX,ASW,CE,Combined TRACON& Tower with Radar,0,10,23,2,35,0,1,31,0,32,0,11,54,2,67,42,2,44,111
04/01/2003,BPT,TX,ASW,CE,Combined TRACON& Tower with Radar,0,11,30,10,51,0,1,11,2,14,0,12,41,12,65,48,0,48,113
04/02/2003,BPT,TX,ASW,CE,Combined TRACON& Tower with Radar,0,16,22,15,53,0,0,26,7,33,0,16,48,22,86,60,18,78,164
04/03/2003,BPT,TX,ASW,CE,Combined TRACON& Tower with Radar,0,13,37,18,68,0,4,9,6,19,0,17,46,24,87,118,0,118,205
04/04/2003,BPT,TX,ASW,CE,Combined TRACON& Tower with Radar,0,13,35,14,62,0,0,23,1,24,0,13,58,15,86,144,2,146,232
04/05/2003,BPT,TX,ASW,CE,Combined TRACON& Tower with Radar,0,5,24,2,31,0,0,1,0,1,0,5,25,2,32,8,0,8,40
04/06/2003,BPT,TX,ASW,CE,Combined TRACON& Tower with Radar,0,10,22,0,32,0,0,6,0,6,0,10,28,0,38,4,0,4,42
04/07/2003,BPT,TX,ASW,CE,Combined TRACON& Tower with Radar,0,9,10,0,19,0,1,0,0,1,0,10,10,0,20,12,0,12,32
04/08/2003,BPT,TX,ASW,CE,Combined TRACON& Tower with Radar,0,8,45,0,53,0,0,8,0,8,0,8,53,0,61,77,0,77,138
04/09/2003,BPT,TX,ASW,CE,Combined TRACON& Tower with Radar,0,8,31,24,63,0,0,15,0,15,0,8,46,24,78,112,18,130,208
04/10/2003,BPT,TX,ASW,CE,Combined TRACON& Tower with Radar,0,11,28,4,43,0,0,31,5,36,0,11,59,9,79,156,0,156,235
04/11/2003,BPT,TX,ASW,CE,Combined TRACON& Tower with Radar,2,12,22,5,41,0,1,23,1,25,2,13,45,6,66,154,0,154,220
04/12/2003,BPT,TX,ASW,CE,Combined TRACON& Tower with Radar,0,6,28,0,34,0,8,34,0,42,0,14,62,0,76,138,0,138,214
04/13/2003,BPT,TX,ASW,CE,Combined TRACON& Tower with Radar,0,9,20,0,29,0,4,30,0,34,0,13,50,0,63,62,0,62,125
04/14/2003,BPT,TX,ASW,CE,Combined TRACON& Tower with Radar,2,12,38,4,56,0,0,20,0,20,2,12,58,4,76,76,0,76,152
04/15/2003,BPT,TX,ASW,CE,Combined TRACON& Tower with Radar,0,10,33,7,50,0,0,12,5,17,0,10,45,12,67,60,0,60,127
04/16/2003,BPT,TX,ASW,CE,Combined TRACON& Tower with Radar,0,7,49,15,71,0,2,17,0,19,0,9,66,15,90,32,0,32,122
04/17/2003,BPT,TX,ASW,CE,Combined TRACON& Tower with Radar,0,10,35,26,71,0,0,28,0,28,0,10,63,26,99,164,0,164,263
04/18/2003,BPT,TX,ASW,CE,Combined TRACON& Tower with Radar,0,10,13,10,33,0,0,19,0,19,0,10,32,10,52,140,0,140,192
04/19/2003,BPT,TX,ASW,CE,Combined TRACON& Tower with Radar,0,5,8,2,15,0,0,6,0,6,0,5,14,2,21,10,0,10,31
04/20/2003,BPT,TX,ASW,CE,Combined TRACON& Tower with Radar,0,13,23,0,36,0,2,5,0,7,0,15,28,0,43,60,0,60,103
04/21/2003,BPT,TX,ASW,CE,Combined TRACON& Tower with Radar,0,10,44,32,86,0,0,17,0,17,0,10,61,32,103,36,0,36,139
04/22/2003,BPT,TX,ASW,CE,Combined TRACON& Tower with Radar,0,14,23,12,49,0,0,21,3,24,0,14,44,15,73,96,0,96,169
04/23/2003,BPT,TX,ASW,CE,Combined TRACON& Tower with Radar,0,11,32,14,57,0,1,3,4,8,0,12,35,18,65,120,0,120,185
04/24/2003,BPT,TX,ASW,CE,Combined TRACON& Tower with Radar,0,9,22,15,46,0,0,6,1,7,0,9,28,16,53,84,0,84,137
04/25/2003,BPT,TX,ASW,CE,Combined TRACON& Tower with Radar,0,12,31,4,47,0,0,34,9,43,0,12,65,13,90,110,10,120,210
04/26/2003,BPT,TX,ASW,CE,Combined TRACON& Tower with Radar,0,5,36,0,41,0,0,42,0,42,0,5,78,0,83,202,0,202,285
04/27/2003,BPT,TX,ASW,CE,Combined TRACON& Tower with Radar,0,9,35,4,48,0,0,34,0,34,0,9,69,4,82,50,4,54,136
04/28/2003,BPT,TX,ASW,CE,Combined TRACON& Tower with Radar,0,10,33,18,61,0,0,29,0,29,0,10,62,18,90,126,0,126,216
04/29/2003,BPT,TX,ASW,CE,Combined TRACON& Tower with Radar,0,8,44,14,66,0,0,12,0,12,0,8,56,14,78,98,0,98,176
04/30/2003,BPT,TX,ASW,CE,Combined TRACON& Tower with Radar,0,9,45,21,75,0,0,19,9,28,0,9,64,30,103,0,96,96,199
05/01/2003,BPT,TX,ASW,CE,Combined TRACON& Tower with Radar,0,12,30,12,54,0,3,14,3,20,0,15,44,15,74,72,0,72,146
05/02/2003,BPT,TX,ASW,CE,Combined TRACON& Tower with Radar,0,11,13,22,46,0,0,18,2,20,0,11,31,24,66,62,0,62,128
05/03/2003,BPT,TX,ASW,CE,Combined TRACON& Tower with Radar,0,5,47,0,52,0,0,25,0,25,0,5,72,0,77,28,0,28,105
05/04/2003,BPT,TX,ASW,CE,Combined TRACON& Tower with Radar,0,8,41,1,50,0,0,4,0,4,0,8,45,1,54,12,0,12,66
05/05/2003,BPT,TX,ASW,CE,Combined TRACON& Tower with Radar,0,11,20,8,39,0,0,8,0,8,0,11,28,8,47,46,0,46,93
05/06/2003,BPT,TX,ASW,CE,Combined TRACON& Tower with Radar,0,10,38,10,58,0,0,4,0,4,0,10,42,10,62,40,0,40,102
05/07/2003,BPT,TX,ASW,CE,Combined TRACON& Tower with Radar,0,16,46,25,87,0,4,0,6,10,0,20,46,31,97,32,0,32,129
05/08/2003,BPT,TX,ASW,CE,Combined TRACON& Tower with Radar,0,12,33,27,72,0,0,32,20,52,0,12,65,47,124,81,0,81,205
05/09/2003,BPT,TX,ASW,CE,Combined TRACON& Tower with Radar,0,12,64,9,85,0,0,20,0,20,0,12,84,9,105,98,0,98,203
05/10/2003,BPT,TX,ASW,CE,Combined TRACON& Tower with Radar,0,7,28,0,35,0,0,13,0,13,0,7,41,0,48,20,0,20,68
05/11/2003,BPT,TX,ASW,CE,Combined TRACON& Tower with Radar,0,10,34,0,44,0,0,0,0,0,0,10,34,0,44,2,0,2,46
05/12/2003,BPT,TX,ASW,CE,Combined TRACON& Tower with Radar,0,12,32,32,76,0,0,16,0,16,0,12,48,32,92,90,0,90,182
05/13/2003,BPT,TX,ASW,CE,Combined TRACON& Tower with Radar,0,10,40,27,77,0,1,24,1,26,0,11,64,28,103,92,0,92,195
05/14/2003,BPT,TX,ASW,CE,Combined TRACON& Tower with Radar,0,16,71,42,129,0,0,23,0,23,0,16,94,42,152,176,4,180,332
05/15/2003,BPT,TX,ASW,CE,Combined TRACON& Tower with Radar,2,10,38,18,68,0,0,18,10,28,2,10,56,28,96,76,0,76,172
05/16/2003,BPT,TX,ASW,CE,Combined TRACON& Tower with Radar,0,12,26,32,70,0,0,29,0,29,0,12,55,32,99,98,0,98,197
05/17/2003,BPT,TX,ASW,CE,Combined TRACON& Tower with Radar,0,10,35,0,45,0,7,30,0,37,0,17,65,0,82,132,0,132,214
05/18/2003,BPT,TX,ASW,CE,Combined TRACON& Tower with Radar,2,9,32,0,43,0,0,47,0,47,2,9,79,0,90,94,0,94,184
05/19/2003,BPT,TX,ASW,CE,Combined TRACON& Tower with Radar,0,10,36,16,62,0,0,37,0,37,0,10,73,16,99,111,2,113,212
05/20/2003,BPT,TX,ASW,CE,Combined TRACON& Tower with Radar,0,10,35,11,56,0,4,6,10,20,0,14,41,21,76,138,6,144,220
05/21/2003,BPT,TX,ASW,CE,Combined TRACON& Tower with Radar,0,11,25,10,46,0,3,28,2,33,0,14,53,12,79,166,0,166,245
05/22/2003,BPT,TX,ASW,CE,Combined TRACON& Tower with Radar,0,10,34,8,52,0,3,31,4,38,0,13,65,12,90,86,0,86,176
05/23/2003,BPT,TX,ASW,CE,Combined TRACON& Tower with Radar,0,16,25,34,75,0,3,39,0,42,0,19,64,34,117,196,0,196,313
05/24/2003,BPT,TX,ASW,CE,Combined TRACON& Tower with Radar,0,4,16,4,24,0,0,19,0,19,0,4,35,4,43,172,0,172,215
05/25/2003,BPT,TX,ASW,CE,Combined TRACON& Tower with Radar,0,9,23,0,32,0,0,9,0,9,0,9,32,0,41,30,0,30,71
05/26/2003,BPT,TX,ASW,CE,Combined TRACON& Tower with Radar,0,8,17,6,31,0,0,12,0,12,0,8,29,6,43,52,0,52,95
05/27/2003,BPT,TX,ASW,CE,Combined TRACON& Tower with Radar,0,10,25,18,53,0,1,30,0,31,0,11,55,18,84,58,0,58,142
05/28/2003,BPT,TX,ASW,CE,Combined TRACON& Tower with Radar,0,10,29,14,53,0,4,33,2,39,0,14,62,16,92,158,0,158,250
05/29/2003,BPT,TX,ASW,CE,Combined TRACON& Tower with Radar,0,12,21,8,41,0,2,28,0,30,0,14,49,8,71,66,0,66,137
05/30/2003,BPT,TX,ASW,CE,Combined TRACON& Tower with Radar,0,9,14,6,29,0,1,33,0,34,0,10,47,6,63,140,0,140,203
05/31/2003,BPT,TX,ASW,CE,Combined TRACON& Tower with Radar,0,5,18,0,23,0,5,33,0,38,0,10,51,0,61,114,0,114,175
06/01/2003,BPT,TX,ASW,CE,Combined TRACON& Tower with Radar,0,9,12,1,22,0,2,20,1,23,0,11,32,2,45,18,0,18,63
06/02/2003,BPT,TX,ASW,CE,Combined TRACON& Tower with Radar,0,10,21,12,43,0,0,15,0,15,0,10,36,12,58,28,0,28,86
06/03/2003,BPT,TX,ASW,CE,Combined TRACON& Tower with Radar,0,12,21,6,39,0,3,21,0,24,0,15,42,6,63,50,0,50,113
06/04/2003,BPT,TX,ASW,CE,Combined TRACON& Tower with Radar,0,13,25,0,38,0,0,9,0,9,0,13,34,0,47,124,0,124,171
06/05/2003,BPT,TX,ASW,CE,Combined TRACON& Tower with Radar,0,8,14,16,38,0,0,8,4,12,0,8,22,20,50,104,0,104,154
06/06/2003,BPT,TX,ASW,CE,Combined TRACON& Tower with Radar,0,17,16,29,62,0,0,13,1,14,0,17,29,30,76,100,4,104,180
06/07/2003,BPT,TX,ASW,CE,Combined TRACON& Tower with Radar,0,5,21,0,26,0,20,14,1,35,0,25,35,1,61,50,0,50,111
06/08/2003,BPT,TX,ASW,CE,Combined TRACON& Tower with Radar,0,12,25,0,37,0,0,24,0,24,0,12,49,0,61,34,0,34,95
06/09/2003,BPT,TX,ASW,CE,Combined TRACON& Tower with Radar,0,11,25,0,36,0,2,20,0,22,0,13,45,0,58,100,0,100,158
06/10/2003,BPT,TX,ASW,CE,Combined TRACON& Tower with Radar,0,15,32,29,76,0,13,13,3,29,0,28,45,32,105,56,0,56,161
06/11/2003,BPT,TX,ASW,CE,Combined TRACON& Tower with Radar,0,10,19,12,41,0,0,20,0,20,0,10,39,12,61,92,0,92,153
06/12/2003,BPT,TX,ASW,CE,Combined TRACON& Tower with Radar,0,11,25,31,67,0,1,17,12,30,0,12,42,43,97,82,2,84,181
06/13/2003,BPT,TX,ASW,CE,Combined TRACON& Tower with Radar,0,9,19,14,42,0,1,23,3,27,0,10,42,17,69,60,0,60,129
06/14/2003,BPT,TX,ASW,CE,Combined TRACON& Tower with Radar,0,9,30,0,39,0,1,26,1,28,0,10,56,1,67,20,0,20,87
06/15/2003,BPT,TX,ASW,CE,Combined TRACON& Tower with Radar,2,6,16,0,24,0,0,1,0,1,2,6,17,0,25,2,0,2,27
06/16/2003,BPT,TX,ASW,CE,Combined TRACON& Tower with Radar,10,13,20,0,43,0,0,22,0,22,10,13,42,0,65,60,0,60,125
06/17/2003,BPT,TX,ASW,CE,Combined TRACON& Tower with Radar,2,8,23,10,43,0,0,22,0,22,2,8,45,10,65,146,0,146,211
06/18/2003,BPT,TX,ASW,CE,Combined TRACON& Tower with Radar,0,10,14,20,44,0,4,37,2,43,0,14,51,22,87,144,0,144,231
06/19/2003,BPT,TX,ASW,CE,Combined TRACON& Tower with Radar,2,10,37,6,55,0,4,43,0,47,2,14,80,6,102,400,0,400,502
06/20/2003,BPT,TX,ASW,CE,Combined TRACON& Tower with Radar,0,10,20,10,40,0,4,45,0,49,0,14,65,10,89,128,0,128,217
06/21/2003,BPT,TX,ASW,CE,Combined TRACON& Tower with Radar,0,6,15,0,21,0,3,30,2,35,0,9,45,2,56,98,0,98,154
06/22/2003,BPT,TX,ASW,CE,Combined TRACON& Tower with Radar,2,8,28,0,38,0,0,16,1,17,2,8,44,1,55,46,0,46,101
06/23/2003,BPT,TX,ASW,CE,Combined TRACON& Tower with Radar,0,14,22,4,40,0,3,26,0,29,0,17,48,4,69,42,0,42,111
06/24/2003,BPT,TX,ASW,CE,Combined TRACON& Tower with Radar,0,12,30,25,67,0,0,19,1,20,0,12,49,26,87,60,0,60,147
06/25/2003,BPT,TX,ASW,CE,Combined TRACON& Tower with Radar,0,12,31,0,43,0,0,15,0,15,0,12,46,0,58,86,0,86,144
06/26/2003,BPT,TX,ASW,CE,Combined TRACON& Tower with Radar,0,9,24,0,33,0,3,50,2,55,0,12,74,2,88,68,0,68,156
06/27/2003,BPT,TX,ASW,CE,Combined TRACON& Tower with Radar,0,10,25,4,39,0,0,22,0,22,0,10,47,4,61,30,6,36,97
06/28/2003,BPT,TX,ASW,CE,Combined TRACON& Tower with Radar,0,6,17,0,23,0,2,37,0,39,0,8,54,0,62,86,0,86,148
06/29/2003,BPT,TX,ASW,CE,Combined TRACON& Tower with Radar,0,10,12,6,28,0,3,25,0,28,0,13,37,6,56,18,0,18,74
06/30/2003,BPT,TX,ASW,CE,Combined TRACON& Tower with Radar,0,9,13,11,33,0,2,5,5,12,0,11,18,16,45,44,10,54,99
07/01/2003,BPT,TX,ASW,CE,Combined TRACON& Tower with Radar,0,11,38,12,61,0,7,16,10,33,0,18,54,22,94,74,0,74,168
07/02/2003,BPT,TX,ASW,CE,Combined TRACON& Tower with Radar,0,13,19,24,56,0,2,32,4,38,0,15,51,28,94,82,0,82,176
07/03/2003,BPT,TX,ASW,CE,Combined TRACON& Tower with Radar,0,8,30,3,41,0,1,26,1,28,0,9,56,4,69,50,0,50,119
07/04/2003,BPT,TX,ASW,CE,Combined TRACON& Tower with Radar,0,15,12,0,27,0,1,9,0,10,0,16,21,0,37,32,0,32,69
07/05/2003,BPT,TX,ASW,CE,Combined TRACON& Tower with Radar,0,6,13,0,19,0,2,15,0,17,0,8,28,0,36,26,0,26,62
07/06/2003,BPT,TX,ASW,CE,Combined TRACON& Tower with Radar,0,8,26,0,34,0,1,18,0,19,0,9,44,0,53,42,0,42,95
07/07/2003,BPT,TX,ASW,CE,Combined TRACON& Tower with Radar,0,13,18,11,42,0,0,16,0,16,0,13,34,11,58,36,0,36,94
07/08/2003,BPT,TX,ASW,CE,Combined TRACON& Tower with Radar,0,12,43,19,74,0,2,33,0,35,0,14,76,19,109,178,0,178,287
07/09/2003,BPT,TX,ASW,CE,Combined TRACON& Tower with Radar,0,16,25,1,42,0,0,23,3,26,0,16,48,4,68,158,0,158,226
07/10/2003,BPT,TX,ASW,CE,Combined TRACON& Tower with Radar,0,14,22,12,48,0,4,20,1,25,0,18,42,13,73,56,0,56,129
07/11/2003,BPT,TX,ASW,CE,Combined TRACON& Tower with Radar,0,10,29,19,58,0,0,20,1,21,0,10,49,20,79,36,0,36,115
07/12/2003,BPT,TX,ASW,CE,Combined TRACON& Tower with Radar,0,8,21,3,32,0,5,53,0,58,0,13,74,3,90,110,0,110,200
07/13/2003,BPT,TX,ASW,CE,Combined TRACON& Tower with Radar,2,8,17,0,27,0,1,38,0,39,2,9,55,0,66,70,0,70,136
07/14/2003,BPT,TX,ASW,CE,Combined TRACON& Tower with Radar,0,10,17,18,45,0,2,23,0,25,0,12,40,18,70,76,0,76,146
07/15/2003,BPT,TX,ASW,CE,Combined TRACON& Tower with Radar,0,10,12,1,23,0,5,0,0,5,0,15,12,1,28,21,1,22,50
07/16/2003,BPT,TX,ASW,CE,Combined TRACON& Tower with Radar,2,10,25,19,56,0,0,20,7,27,2,10,45,26,83,164,0,164,247
07/17/2003,BPT,TX,ASW,CE,Combined TRACON& Tower with Radar,2,12,55,13,82,0,1,31,2,34,2,13,86,15,116,76,0,76,192
07/18/2003,BPT,TX,ASW,CE,Combined TRACON& Tower with Radar,0,10,15,16,41,0,3,35,4,42,0,13,50,20,83,122,0,122,205
07/19/2003,BPT,TX,ASW,CE,Combined TRACON& Tower with Radar,0,8,30,0,38,0,0,43,3,46,0,8,73,3,84,74,0,74,158
07/20/2003,BPT,TX,ASW,CE,Combined TRACON& Tower with Radar,2,8,24,0,34,0,2,34,3,39,2,10,58,3,73,48,0,48,121
07/21/2003,BPT,TX,ASW,CE,Combined TRACON& Tower with Radar,0,13,22,15,50,0,1,29,0,30,0,14,51,15,80,92,20,112,192
07/22/2003,BPT,TX,ASW,CE,Combined TRACON& Tower with Radar,0,14,46,27,87,0,5,45,0,50,0,19,91,27,137,112,0,112,249
07/23/2003,BPT,TX,ASW,CE,Combined TRACON& Tower with Radar,0,14,23,18,55,0,0,15,5,20,0,14,38,23,75,42,2,44,119
07/24/2003,BPT,TX,ASW,CE,Combined TRACON& Tower with Radar,0,14,75,0,89,0,0,12,2,14,0,14,87,2,103,54,0,54,157
07/25/2003,BPT,TX,ASW,CE,Combined TRACON& Tower with Radar,0,13,27,0,40,0,2,24,0,26,0,15,51,0,66,72,0,72,138
07/26/2003,BPT,TX,ASW,CE,Combined TRACON& Tower with Radar,0,8,16,0,24,0,0,18,4,22,0,8,34,4,46,32,0,32,78
07/27/2003,BPT,TX,ASW,CE,Combined TRACON& Tower with Radar,0,8,17,0,25,0,2,17,0,19,0,10,34,0,44,48,0,48,92
07/28/2003,BPT,TX,ASW,CE,Combined TRACON& Tower with Radar,1,11,28,10,50,0,3,41,0,44,1,14,69,10,94,142,0,142,236
07/29/2003,BPT,TX,ASW,CE,Combined TRACON& Tower with Radar,0,15,38,8,61,0,6,17,0,23,0,21,55,8,84,98,0,98,182
07/30/2003,BPT,TX,ASW,CE,Combined TRACON& Tower with Radar,0,27,18,32,77,0,10,24,0,34,0,37,42,32,111,78,0,78,189
07/31/2003,BPT,TX,ASW,CE,Combined TRACON& Tower with Radar,0,12,38,22,72,0,0,22,4,26,0,12,60,26,98,132,2,134,232
08/01/2003,BPT,TX,ASW,CE,Combined TRACON& Tower with Radar,0,12,21,6,39,0,3,26,4,33,0,15,47,10,72,40,0,40,112
08/02/2003,BPT,TX,ASW,CE,Combined TRACON& Tower with Radar,0,5,26,0,31,0,0,29,0,29,0,5,55,0,60,137,0,137,197
08/03/2003,BPT,TX,ASW,CE,Combined TRACON& Tower with Radar,0,8,25,0,33,0,0,15,0,15,0,8,40,0,48,14,0,14,62
08/04/2003,BPT,TX,ASW,CE,Combined TRACON& Tower with Radar,0,10,37,4,51,0,2,55,0,57,0,12,92,4,108,64,0,64,172
08/05/2003,BPT,TX,ASW,CE,Combined TRACON& Tower with Radar,0,12,18,0,30,0,0,37,0,37,0,12,55,0,67,52,0,52,119
08/06/2003,BPT,TX,ASW,CE,Combined TRACON& Tower with Radar,0,14,33,2,49,0,3,58,8,69,0,17,91,10,118,141,10,151,269
08/07/2003,BPT,TX,ASW,CE,Combined TRACON& Tower with Radar,0,12,33,20,65,0,0,27,0,27,0,12,60,20,92,133,0,133,225
08/08/2003,BPT,TX,ASW,CE,Combined TRACON& Tower with Radar,0,26,19,5,50,0,2,24,5,31,0,28,43,10,81,74,0,74,155
08/09/2003,BPT,TX,ASW,CE,Combined TRACON& Tower with Radar,0,7,29,0,36,0,1,56,0,57,0,8,85,0,93,139,0,139,232
08/10/2003,BPT,TX,ASW,CE,Combined TRACON& Tower with Radar,0,8,16,0,24,0,3,25,0,28,0,11,41,0,52,88,0,88,140
08/11/2003,BPT,TX,ASW,CE,Combined TRACON& Tower with Radar,0,12,19,0,31,0,1,14,0,15,0,13,33,0,46,26,0,26,72
08/12/2003,BPT,TX,ASW,CE,Combined TRACON& Tower with Radar,0,8,18,20,46,0,1,26,0,27,0,9,44,20,73,121,4,125,198
08/13/2003,BPT,TX,ASW,CE,Combined TRACON& Tower with Radar,3,14,31,18,66,0,1,14,0,15,3,15,45,18,81,92,16,108,189
08/14/2003,BPT,TX,ASW,CE,Combined TRACON& Tower with Radar,0,10,31,4,45,0,1,16,0,17,0,11,47,4,62,60,0,60,122
08/15/2003,BPT,TX,ASW,CE,Combined TRACON& Tower with Radar,0,10,37,0,47,0,1,39,0,40,0,11,76,0,87,56,0,56,143
08/16/2003,BPT,TX,ASW,CE,Combined TRACON& Tower with Radar,2,12,16,0,30,0,0,19,0,19,2,12,35,0,49,67,0,67,116
08/17/2003,BPT,TX,ASW,CE,Combined TRACON& Tower with Radar,0,8,15,0,23,0,0,28,0,28,0,8,43,0,51,6,0,6,57
08/18/2003,BPT,TX,ASW,CE,Combined TRACON& Tower with Radar,0,10,45,38,93,0,3,24,0,27,0,13,69,38,120,64,0,64,184
08/19/2003,BPT,TX,ASW,CE,Combined TRACON& Tower with Radar,0,9,23,15,47,0,0,31,0,31,0,9,54,15,78,70,0,70,148
08/20/2003,BPT,TX,ASW,CE,Combined TRACON& Tower with Radar,0,11,38,2,51,0,1,4,4,9,0,12,42,6,60,80,6,86,146
08/21/2003,BPT,TX,ASW,CE,Combined TRACON& Tower with Radar,0,13,56,25,94,0,5,23,5,33,0,18,79,30,127,74,0,74,201
08/22/2003,BPT,TX,ASW,CE,Combined TRACON& Tower with Radar,0,11,46,32,89,0,1,21,0,22,0,12,67,32,111,64,0,64,175
08/23/2003,BPT,TX,ASW,CE,Combined TRACON& Tower with Radar,0,7,37,0,44,0,2,17,0,19,0,9,54,0,63,15,0,15,78
08/24/2003,BPT,TX,ASW,CE,Combined TRACON& Tower with Radar,2,10,21,0,33,0,4,17,0,21,2,14,38,0,54,10,0,10,64
08/25/2003,BPT,TX,ASW,CE,Combined TRACON& Tower with Radar,0,11,41,22,74,0,5,19,1,25,0,16,60,23,99,42,0,42,141
08/26/2003,BPT,TX,ASW,CE,Combined TRACON& Tower with Radar,0,10,30,8,48,0,7,35,0,42,0,17,65,8,90,96,0,96,186
08/27/2003,BPT,TX,ASW,CE,Combined TRACON& Tower with Radar,0,12,22,9,43,0,0,14,1,15,0,12,36,10,58,56,0,56,114
08/28/2003,BPT,TX,ASW,CE,Combined TRACON& Tower with Radar,0,10,26,6,42,0,2,32,0,34,0,12,58,6,76,60,0,60,136
08/29/2003,BPT,TX,ASW,CE,Combined TRACON& Tower with Radar,0,11,19,5,35,0,4,31,5,40,0,15,50,10,75,77,0,77,152
08/30/2003,BPT,TX,ASW,CE,Combined TRACON& Tower with Radar,0,8,26,0,34,0,0,1,0,1,0,8,27,0,35,8,0,8,43
08/31/2003,BPT,TX,ASW,CE,Combined TRACON& Tower with Radar,0,7,0,0,7,0,0,0,0,0,0,7,0,0,7,0,0,0,7
09/01/2003,BPT,TX,ASW,CE,Combined TRACON& Tower with Radar,0,12,11,8,31,0,1,12,0,13,0,13,23,8,44,12,4,16,60
09/02/2003,BPT,TX,ASW,CE,Combined TRACON& Tower with Radar,0,10,42,43,95,0,0,27,2,29,0,10,69,45,124,96,0,96,220
09/03/2003,BPT,TX,ASW,CE,Combined TRACON& Tower with Radar,0,8,19,44,71,0,1,32,0,33,0,9,51,44,104,64,0,64,168
09/04/2003,BPT,TX,ASW,CE,Combined TRACON& Tower with Radar,0,13,26,14,53,0,0,28,0,28,0,13,54,14,81,56,0,56,137
09/05/2003,BPT,TX,ASW,CE,Combined TRACON& Tower with Radar,0,1,37,35,73,0,0,47,3,50,0,1,84,38,123,66,0,66,189
09/06/2003,BPT,TX,ASW,CE,Combined TRACON& Tower with Radar,0,8,38,2,48,0,14,63,2,79,0,22,101,4,127,135,3,138,265
09/07/2003,BPT,TX,ASW,CE,Combined TRACON& Tower with Radar,0,7,23,0,30,0,1,37,0,38,0,8,60,0,68,62,0,62,130
09/08/2003,BPT,TX,ASW,CE,Combined TRACON& Tower with Radar,0,12,24,1,37,0,1,31,1,33,0,13,55,2,70,92,0,92,162
09/09/2003,BPT,TX,ASW,CE,Combined TRACON& Tower with Radar,0,7,54,1,62,0,1,54,0,55,0,8,108,1,117,94,0,94,211
09/10/2003,BPT,TX,ASW,CE,Combined TRACON& Tower with Radar,0,14,58,0,72,0,1,39,0,40,0,15,97,0,112,84,0,84,196
09/11/2003,BPT,TX,ASW,CE,Combined TRACON& Tower with Radar,0,10,32,0,42,0,1,34,0,35,0,11,66,0,77,140,0,140,217
09/12/2003,BPT,TX,ASW,CE,Combined TRACON& Tower with Radar,0,12,18,0,30,0,0,8,0,8,0,12,26,0,38,34,0,34,72
09/13/2003,BPT,TX,ASW,CE,Combined TRACON& Tower with Radar,0,9,19,0,28,0,0,30,0,30,0,9,49,0,58,45,0,45,103
09/14/2003,BPT,TX,ASW,CE,Combined TRACON& Tower with Radar,0,8,21,10,39,0,0,18,1,19,0,8,39,11,58,22,0,22,80
09/15/2003,BPT,TX,ASW,CE,Combined TRACON& Tower with Radar,0,15,38,0,53,0,0,40,0,40,0,15,78,0,93,158,0,158,251
09/16/2003,BPT,TX,ASW,CE,Combined TRACON& Tower with Radar,0,7,31,0,38,0,4,46,0,50,0,11,77,0,88,42,0,42,130
09/17/2003,BPT,TX,ASW,CE,Combined TRACON& Tower with Radar,0,7,29,1,37,0,1,34,1,36,0,8,63,2,73,94,0,94,167
09/18/2003,BPT,TX,ASW,CE,Combined TRACON& Tower with Radar,0,12,12,10,34,0,3,42,2,47,0,15,54,12,81,54,0,54,135
09/19/2003,BPT,TX,ASW,CE,Combined TRACON& Tower with Radar,0,10,24,0,34,0,0,47,0,47,0,10,71,0,81,96,0,96,177
09/20/2003,BPT,TX,ASW,CE,Combined TRACON& Tower with Radar,0,6,14,0,20,0,0,30,0,30,0,6,44,0,50,50,0,50,100
09/21/2003,BPT,TX,ASW,CE,Combined TRACON& Tower with Radar,0,8,24,0,32,0,2,6,0,8,0,10,30,0,40,14,0,14,54
09/22/2003,BPT,TX,ASW,CE,Combined TRACON& Tower with Radar,0,10,29,25,64,0,2,13,0,15,0,12,42,25,79,62,0,62,141
09/23/2003,BPT,TX,ASW,CE,Combined TRACON& Tower with Radar,0,8,58,0,66,0,0,49,0,49,0,8,107,0,115,80,0,80,195
09/24/2003,BPT,TX,ASW,CE,Combined TRACON& Tower with Radar,0,8,24,0,32,0,0,31,0,31,0,8,55,0,63,264,0,264,327
09/25/2003,BPT,TX,ASW,CE,Combined TRACON& Tower with Radar,0,14,31,0,45,0,0,36,0,36,0,14,67,0,81,92,0,92,173
09/26/2003,BPT,TX,ASW,CE,Combined TRACON& Tower with Radar,2,19,32,10,63,0,5,23,2,30,2,24,55,12,93,56,2,58,151
09/27/2003,BPT,TX,ASW,CE,Combined TRACON& Tower with Radar,0,6,11,0,17,0,1,24,0,25,0,7,35,0,42,20,0,20,62
09/28/2003,BPT,TX,ASW,CE,Combined TRACON& Tower with Radar,0,10,25,4,39,0,0,30,0,30,0,10,55,4,69,47,0,47,116
09/29/2003,BPT,TX,ASW,CE,Combined TRACON& Tower with Radar,2,10,18,24,54,0,0,31,0,31,2,10,49,24,85,80,0,80,165
09/30/2003,BPT,TX,ASW,CE,Combined TRACON& Tower with Radar,0,8,24,18,50,0,3,43,0,46,0,11,67,18,96,68,12,80,176
10/01/2003,BPT,TX,ASW,CE,Combined TRACON& Tower with Radar,0,8,37,30,75,0,0,40,1,41,0,8,77,31,116,82,0,82,198
10/02/2003,BPT,TX,ASW,CE,Combined TRACON& Tower with Radar,0,12,44,6,62,0,0,26,0,26,0,12,70,6,88,54,0,54,142
10/03/2003,BPT,TX,ASW,CE,Combined TRACON& Tower with Radar,0,14,35,8,57,0,0,41,1,42,0,14,76,9,99,108,0,108,207
10/04/2003,BPT,TX,ASW,CE,Combined TRACON& Tower with Radar,0,6,8,0,14,0,1,27,0,28,0,7,35,0,42,64,0,64,106
10/05/2003,BPT,TX,ASW,CE,Combined TRACON& Tower with Radar,0,8,12,6,26,0,1,25,1,27,0,9,37,7,53,50,0,50,103
10/06/2003,BPT,TX,ASW,CE,Combined TRACON& Tower with Radar,0,11,27,2,40,0,0,11,0,11,0,11,38,2,51,140,0,140,191
10/07/2003,BPT,TX,ASW,CE,Combined TRACON& Tower with Radar,0,8,29,0,37,0,1,22,0,23,0,9,51,0,60,189,0,189,249
10/08/2003,BPT,TX,ASW,CE,Combined TRACON& Tower with Radar,0,14,32,0,46,0,3,35,0,38,0,17,67,0,84,132,0,132,216
10/09/2003,BPT,TX,ASW,CE,Combined TRACON& Tower with Radar,0,18,33,0,51,0,0,2,0,2,0,18,35,0,53,8,0,8,61
10/10/2003,BPT,TX,ASW,CE,Combined TRACON& Tower with Radar,0,12,44,20,76,0,2,11,0,13,0,14,55,20,89,18,0,18,107
10/11/2003,BPT,TX,ASW,CE,Combined TRACON& Tower with Radar,1,7,24,9,41,0,0,29,0,29,1,7,53,9,70,44,0,44,114
10/12/2003,BPT,TX,ASW,CE,Combined TRACON& Tower with Radar,0,8,42,0,50,0,0,24,0,24,0,8,66,0,74,36,0,36,110
10/13/2003,BPT,TX,ASW,CE,Combined TRACON& Tower with Radar,0,9,16,2,27,0,0,20,0,20,0,9,36,2,47,66,0,66,113
10/14/2003,BPT,TX,ASW,CE,Combined TRACON& Tower with Radar,2,14,26,0,42,0,0,31,0,31,2,14,57,0,73,48,0,48,121
10/15/2003,BPT,TX,ASW,CE,Combined TRACON& Tower with Radar,0,8,30,21,59,0,1,49,1,51,0,9,79,22,110,90,0,90,200
10/16/2003,BPT,TX,ASW,CE,Combined TRACON& Tower with Radar,0,10,22,0,32,0,3,30,2,35,0,13,52,2,67,86,0,86,153
10/17/2003,BPT,TX,ASW,CE,Combined TRACON& Tower with Radar,0,14,21,10,45,0,1,29,0,30,0,15,50,10,75,72,0,72,147
10/18/2003,BPT,TX,ASW,CE,Combined TRACON& Tower with Radar,0,6,3,0,9,0,0,40,1,41,0,6,43,1,50,36,0,36,86
10/19/2003,BPT,TX,ASW,CE,Combined TRACON& Tower with Radar,0,10,11,10,31,0,0,16,2,18,0,10,27,12,49,42,0,42,91
10/20/2003,BPT,TX,ASW,CE,Combined TRACON& Tower with Radar,0,10,19,0,29,0,4,14,4,22,0,14,33,4,51,138,14,152,203
10/21/2003,BPT,TX,ASW,CE,Combined TRACON& Tower with Radar,0,9,33,31,73,0,7,37,3,47,0,16,70,34,120,164,0,164,284
10/22/2003,BPT,TX,ASW,CE,Combined TRACON& Tower with Radar,0,15,46,12,73,0,5,42,8,55,0,20,88,20,128,128,4,132,260
10/23/2003,BPT,TX,ASW,CE,Combined TRACON& Tower with Radar,0,15,41,39,95,0,6,47,6,59,0,21,88,45,154,88,20,108,262
10/24/2003,BPT,TX,ASW,CE,Combined TRACON& Tower with Radar,0,10,23,28,61,0,0,33,7,40,0,10,56,35,101,38,0,38,139
10/25/2003,BPT,TX,ASW,CE,Combined TRACON& Tower with Radar,0,5,13,0,18,0,1,20,0,21,0,6,33,0,39,12,0,12,51
10/26/2003,BPT,TX,ASW,CE,Combined TRACON& Tower with Radar,0,9,18,0,27,0,0,0,0,0,0,9,18,0,27,2,0,2,29
10/27/2003,BPT,TX,ASW,CE,Combined TRACON& Tower with Radar,0,10,20,30,60,0,0,29,0,29,0,10,49,30,89,92,28,120,209
10/28/2003,BPT,TX,ASW,CE,Combined TRACON& Tower with Radar,0,8,44,12,64,0,2,40,0,42,0,10,84,12,106,79,0,79,185
10/29/2003,BPT,TX,ASW,CE,Combined TRACON& Tower with Radar,0,8,31,5,44,0,0,39,0,39,0,8,70,5,83,84,0,84,167
10/30/2003,BPT,TX,ASW,CE,Combined TRACON& Tower with Radar,0,13,26,1,40,0,7,35,2,44,0,20,61,3,84,66,0,66,150
10/31/2003,BPT,TX,ASW,CE,Combined TRACON& Tower with Radar,0,11,39,9,59,0,3,22,1,26,0,14,61,10,85,48,2,50,135
11/01/2003,BPT,TX,ASW,CE,Combined TRACON& Tower with Radar,0,6,31,0,37,0,0,25,0,25,0,6,56,0,62,32,0,32,94
11/02/2003,BPT,TX,ASW,CE,Combined TRACON& Tower with Radar,0,8,40,1,49,0,2,17,0,19,0,10,57,1,68,38,0,38,106
11/03/2003,BPT,TX,ASW,CE,Combined TRACON& Tower with Radar,0,15,14,10,39,0,5,20,0,25,0,20,34,10,64,66,0,66,130
11/04/2003,BPT,TX,ASW,CE,Combined TRACON& Tower with Radar,0,9,24,16,49,0,1,36,0,37,0,10,60,16,86,50,0,50,136
11/05/2003,BPT,TX,ASW,CE,Combined TRACON& Tower with Radar,0,10,39,34,83,0,2,30,1,33,0,12,69,35,116,98,0,98,214
11/06/2003,BPT,TX,ASW,CE,Combined TRACON& Tower with Radar,0,10,18,48,76,0,1,12,0,13,0,11,30,48,89,36,0,36,125
11/07/2003,BPT,TX,ASW,CE,Combined TRACON& Tower with Radar,0,17,48,14,79,0,0,8,0,8,0,17,56,14,87,12,0,12,99
11/08/2003,BPT,TX,ASW,CE,Combined TRACON& Tower with Radar,0,7,24,0,31,0,1,9,0,10,0,8,33,0,41,28,0,28,69
11/09/2003,BPT,TX,ASW,CE,Combined TRACON& Tower with Radar,0,8,27,0,35,0,0,34,0,34,0,8,61,0,69,75,0,75,144
11/10/2003,BPT,TX,ASW,CE,Combined TRACON& Tower with Radar,0,19,22,27,68,0,0,33,2,35,0,19,55,29,103,194,0,194,297
11/11/2003,BPT,TX,ASW,CE,Combined TRACON& Tower with Radar,0,8,37,0,45,0,5,25,0,30,0,13,62,0,75,106,0,106,181
11/12/2003,BPT,TX,ASW,CE,Combined TRACON& Tower with Radar,0,13,30,32,75,0,0,39,0,39,0,13,69,32,114,42,14,56,170
11/13/2003,BPT,TX,ASW,CE,Combined TRACON& Tower with Radar,0,10,38,0,48,0,1,16,4,21,0,11,54,4,69,48,0,48,117
11/14/2003,BPT,TX,ASW,CE,Combined TRACON& Tower with Radar,0,10,30,10,50,0,4,27,1,32,0,14,57,11,82,66,56,122,204
11/15/2003,BPT,TX,ASW,CE,Combined TRACON& Tower with Radar,0,6,16,0,22,0,0,51,0,51,0,6,67,0,73,58,0,58,131
11/16/2003,BPT,TX,ASW,CE,Combined TRACON& Tower with Radar,0,13,17,0,30,0,0,12,0,12,0,13,29,0,42,14,0,14,56
11/17/2003,BPT,TX,ASW,CE,Combined TRACON& Tower with Radar,4,24,10,0,38,0,1,3,0,4,4,25,13,0,42,4,0,4,46
11/18/2003,BPT,TX,ASW,CE,Combined TRACON& Tower with Radar,0,9,39,18,66,0,6,19,0,25,0,15,58,18,91,62,0,62,153
11/19/2003,BPT,TX,ASW,CE,Combined TRACON& Tower with Radar,0,10,26,37,73,0,0,51,0,51,0,10,77,37,124,108,0,108,232
11/20/2003,BPT,TX,ASW,CE,Combined TRACON& Tower with Radar,0,11,33,20,64,0,0,25,0,25,0,11,58,20,89,66,0,66,155
11/21/2003,BPT,TX,ASW,CE,Combined TRACON& Tower with Radar,0,9,38,8,55,0,1,35,0,36,0,10,73,8,91,48,0,48,139
11/22/2003,BPT,TX,ASW,CE,Combined TRACON& Tower with Radar,0,7,12,1,20,0,0,27,0,27,0,7,39,1,47,54,0,54,101
11/23/2003,BPT,TX,ASW,CE,Combined TRACON& Tower with Radar,0,10,24,3,37,0,0,9,3,12,0,10,33,6,49,6,0,6,55
11/24/2003,BPT,TX,ASW,CE,Combined TRACON& Tower with Radar,0,9,32,22,63,0,0,25,3,28,0,9,57,25,91,112,0,112,203
11/25/2003,BPT,TX,ASW,CE,Combined TRACON& Tower with Radar,1,14,45,8,68,0,3,30,0,33,1,17,75,8,101,92,0,92,193
11/26/2003,BPT,TX,ASW,CE,Combined TRACON& Tower with Radar,0,11,25,9,45,0,0,20,2,22,0,11,45,11,67,36,0,36,103
11/27/2003,BPT,TX,ASW,CE,Combined TRACON& Tower with Radar,0,0,0,0,0,0,0,0,0,0,0,0,0,0,0,4,0,4,4
11/28/2003,BPT,TX,ASW,CE,Combined TRACON& Tower with Radar,0,8,15,0,23,0,0,26,0,26,0,8,41,0,49,30,0,30,79
11/29/2003,BPT,TX,ASW,CE,Combined TRACON& Tower with Radar,0,12,18,0,30,0,0,43,0,43,0,12,61,0,73,46,0,46,119
11/30/2003,BPT,TX,ASW,CE,Combined TRACON& Tower with Radar,0,14,27,0,41,0,0,31,0,31,0,14,58,0,72,28,0,28,100
12/01/2003,BPT,TX,ASW,CE,Combined TRACON& Tower with Radar,2,10,18,26,56,0,1,28,0,29,2,11,46,26,85,96,0,96,181
12/02/2003,BPT,TX,ASW,CE,Combined TRACON& Tower with Radar,0,13,36,25,74,0,0,21,0,21,0,13,57,25,95,94,2,96,191
12/03/2003,BPT,TX,ASW,CE,Combined TRACON& Tower with Radar,0,13,36,64,113,0,2,28,0,30,0,15,64,64,143,174,0,174,317
12/04/2003,BPT,TX,ASW,CE,Combined TRACON& Tower with Radar,0,16,64,38,118,0,0,40,4,44,0,16,104,42,162,188,12,200,362
12/05/2003,BPT,TX,ASW,CE,Combined TRACON& Tower with Radar,0,14,27,30,71,0,1,21,0,22,0,15,48,30,93,70,0,70,163
12/06/2003,BPT,TX,ASW,CE,Combined TRACON& Tower with Radar,0,6,18,0,24,0,0,42,2,44,0,6,60,2,68,114,0,114,182
12/07/2003,BPT,TX,ASW,CE,Combined TRACON& Tower with Radar,0,13,25,0,38,0,0,33,0,33,0,13,58,0,71,86,0,86,157
12/08/2003,BPT,TX,ASW,CE,Combined TRACON& Tower with Radar,0,23,19,22,64,0,0,24,0,24,0,23,43,22,88,52,0,52,140
12/09/2003,BPT,TX,ASW,CE,Combined TRACON& Tower with Radar,0,8,22,26,56,0,2,13,0,15,0,10,35,26,71,14,48,62,133
12/10/2003,BPT,TX,ASW,CE,Combined TRACON& Tower with Radar,0,15,36,20,71,0,0,29,1,30,0,15,65,21,101,56,0,56,157
12/11/2003,BPT,TX,ASW,CE,Combined TRACON& Tower with Radar,0,10,30,22,62,0,1,33,0,34,0,11,63,22,96,106,0,106,202
12/12/2003,BPT,TX,ASW,CE,Combined TRACON& Tower with Radar,0,19,36,35,90,0,1,10,1,12,0,20,46,36,102,36,0,36,138
12/13/2003,BPT,TX,ASW,CE,Combined TRACON& Tower with Radar,0,12,34,0,46,0,3,2,0,5,0,15,36,0,51,16,0,16,67
12/14/2003,BPT,TX,ASW,CE,Combined TRACON& Tower with Radar,0,12,38,0,50,0,1,62,0,63,0,13,100,0,113,52,0,52,165
12/15/2003,BPT,TX,ASW,CE,Combined TRACON& Tower with Radar,0,10,36,8,54,0,0,32,1,33,0,10,68,9,87,60,0,60,147
12/16/2003,BPT,TX,ASW,CE,Combined TRACON& Tower with Radar,0,14,20,50,84,0,1,20,0,21,0,15,40,50,105,100,0,100,205
12/17/2003,BPT,TX,ASW,CE,Combined TRACON& Tower with Radar,0,12,34,13,59,0,0,44,0,44,0,12,78,13,103,148,0,148,251
12/18/2003,BPT,TX,ASW,CE,Combined TRACON& Tower with Radar,0,9,40,39,88,0,6,47,0,53,0,15,87,39,141,208,6,214,355
12/19/2003,BPT,TX,ASW,CE,Combined TRACON& Tower with Radar,0,12,28,15,55,0,0,40,1,41,0,12,68,16,96,158,0,158,254
12/20/2003,BPT,TX,ASW,CE,Combined TRACON& Tower with Radar,0,7,22,0,29,0,0,59,0,59,0,7,81,0,88,140,0,140,228
12/21/2003,BPT,TX,ASW,CE,Combined TRACON& Tower with Radar,0,8,23,0,31,0,0,24,0,24,0,8,47,0,55,152,0,152,207
12/22/2003,BPT,TX,ASW,CE,Combined TRACON& Tower with Radar,0,10,28,6,44,0,0,29,0,29,0,10,57,6,73,142,0,142,215
12/23/2003,BPT,TX,ASW,CE,Combined TRACON& Tower with Radar,0,14,22,40,76,0,1,18,0,19,0,15,40,40,95,68,0,68,163
12/24/2003,BPT,TX,ASW,CE,Combined TRACON& Tower with Radar,0,7,11,0,18,0,1,36,0,37,0,8,47,0,55,82,0,82,137
12/25/2003,BPT,TX,ASW,CE,Combined TRACON& Tower with Radar,0,8,1,0,9,0,2,12,0,14,0,10,13,0,23,20,0,20,43
12/26/2003,BPT,TX,ASW,CE,Combined TRACON& Tower with Radar,0,10,32,0,42,0,0,6,0,6,0,10,38,0,48,32,0,32,80
12/27/2003,BPT,TX,ASW,CE,Combined TRACON& Tower with Radar,0,7,12,0,19,0,0,28,0,28,0,7,40,0,47,62,0,62,109
12/28/2003,BPT,TX,ASW,CE,Combined TRACON& Tower with Radar,0,9,23,0,32,0,1,7,0,8,0,10,30,0,40,18,0,18,58
12/29/2003,BPT,TX,ASW,CE,Combined TRACON& Tower with Radar,0,13,20,3,36,0,1,16,0,17,0,14,36,3,53,44,0,44,97
12/30/2003,BPT,TX,ASW,CE,Combined TRACON& Tower with Radar,0,12,12,13,37,0,0,31,1,32,0,12,43,14,69,64,0,64,133
12/31/2003,BPT,TX,ASW,CE,Combined TRACON& Tower with Radar,0,9,13,0,22,0,0,23,0,23,0,9,36,0,45,80,0,80,125
01/01/2004,BPT,TX,ASW,CE,Combined TRACON& Tower with Radar,0,21,17,0,38,0,0,0,0,0,0,21,17,0,38,0,0,0,38
01/02/2004,BPT,TX,ASW,CE,Combined TRACON& Tower with Radar,0,8,32,10,50,0,0,3,0,3,0,8,35,10,53,2,0,2,55
01/03/2004,BPT,TX,ASW,CE,Combined TRACON& Tower with Radar,0,8,15,0,23,0,1,1,0,2,0,9,16,0,25,2,0,2,27
01/04/2004,BPT,TX,ASW,CE,Combined TRACON& Tower with Radar,0,8,14,0,22,0,1,4,10,15,0,9,18,10,37,36,0,36,73
01/05/2004,BPT,TX,ASW,CE,Combined TRACON& Tower with Radar,0,12,15,6,33,0,7,5,0,12,0,19,20,6,45,60,0,60,105
01/06/2004,BPT,TX,ASW,CE,Combined TRACON& Tower with Radar,0,42,24,7,73,0,1,15,0,16,0,43,39,7,89,150,0,150,239
01/07/2004,BPT,TX,ASW,CE,Combined TRACON& Tower with Radar,0,44,30,28,102,0,1,7,0,8,0,45,37,28,110,142,0,142,252
01/08/2004,BPT,TX,ASW,CE,Combined TRACON& Tower with Radar,0,39,19,7,65,0,0,0,0,0,0,39,19,7,65,0,0,0,65
01/09/2004,BPT,TX,ASW,CE,Combined TRACON& Tower with Radar,0,14,33,23,70,0,3,32,7,42,0,17,65,30,112,54,0,54,166
01/10/2004,BPT,TX,ASW,CE,Combined TRACON& Tower with Radar,0,6,34,10,50,0,0,70,3,73,0,6,104,13,123,70,0,70,193
01/11/2004,BPT,TX,ASW,CE,Combined TRACON& Tower with Radar,0,8,27,2,37,0,0,35,2,37,0,8,62,4,74,76,0,76,150
01/12/2004,BPT,TX,ASW,CE,Combined TRACON& Tower with Radar,0,24,20,0,44,0,0,14,0,14,0,24,34,0,58,124,0,124,182
01/13/2004,BPT,TX,ASW,CE,Combined TRACON& Tower with Radar,0,50,28,35,113,0,6,18,1,25,0,56,46,36,138,96,0,96,234
01/14/2004,BPT,TX,ASW,CE,Combined TRACON& Tower with Radar,0,40,47,35,122,0,6,32,2,40,0,46,79,37,162,110,0,110,272
01/15/2004,BPT,TX,ASW,CE,Combined TRACON& Tower with Radar,0,49,63,31,143,0,1,12,1,14,0,50,75,32,157,40,0,40,197
01/16/2004,BPT,TX,ASW,CE,Combined TRACON& Tower with Radar,0,11,16,10,37,0,0,0,0,0,0,11,16,10,37,2,0,2,39
01/17/2004,BPT,TX,ASW,CE,Combined TRACON& Tower with Radar,0,10,4,7,21,0,0,0,0,0,0,10,4,7,21,3,0,3,24
01/18/2004,BPT,TX,ASW,CE,Combined TRACON& Tower with Radar,0,11,17,1,29,0,2,14,0,16,0,13,31,1,45,26,0,26,71
01/19/2004,BPT,TX,ASW,CE,Combined TRACON& Tower with Radar,0,10,12,0,22,0,1,43,0,44,0,11,55,0,66,108,0,108,174
01/20/2004,BPT,TX,ASW,CE,Combined TRACON& Tower with Radar,0,13,38,11,62,0,0,23,2,25,0,13,61,13,87,110,0,110,197
01/21/2004,BPT,TX,ASW,CE,Combined TRACON& Tower with Radar,0,13,52,16,81,0,1,43,0,44,0,14,95,16,125,118,0,118,243
01/22/2004,BPT,TX,ASW,CE,Combined TRACON& Tower with Radar,0,12,36,42,90,0,0,48,1,49,0,12,84,43,139,124,6,130,269
01/23/2004,BPT,TX,ASW,CE,Combined TRACON& Tower with Radar,0,20,38,37,95,0,7,32,2,41,0,27,70,39,136,34,0,34,170
01/24/2004,BPT,TX,ASW,CE,Combined TRACON& Tower with Radar,0,5,12,0,17,0,1,1,0,2,0,6,13,0,19,8,0,8,27
01/25/2004,BPT,TX,ASW,CE,Combined TRACON& Tower with Radar,0,10,46,8,64,0,1,18,0,19,0,11,64,8,83,54,2,56,139
01/26/2004,BPT,TX,ASW,CE,Combined TRACON& Tower with Radar,0,8,30,4,42,0,0,19,0,19,0,8,49,4,61,74,0,74,135
01/27/2004,BPT,TX,ASW,CE,Combined TRACON& Tower with Radar,0,9,24,11,44,0,2,15,1,18,0,11,39,12,62,106,0,106,168
01/28/2004,BPT,TX,ASW,CE,Combined TRACON& Tower with Radar,0,11,34,4,49,0,0,27,0,27,0,11,61,4,76,120,0,120,196
01/29/2004,BPT,TX,ASW,CE,Combined TRACON& Tower with Radar,0,12,28,2,42,0,0,22,0,22,0,12,50,2,64,54,20,74,138
01/30/2004,BPT,TX,ASW,CE,Combined TRACON& Tower with Radar,0,12,18,6,36,0,0,0,0,0,0,12,18,6,36,0,0,0,36
01/31/2004,BPT,TX,ASW,CE,Combined TRACON& Tower with Radar,0,8,25,0,33,0,0,12,0,12,0,8,37,0,45,38,0,38,83
02/01/2004,BPT,TX,ASW,CE,Combined TRACON& Tower with Radar,0,8,39,2,49,0,0,14,4,18,0,8,53,6,67,66,0,66,133
02/02/2004,BPT,TX,ASW,CE,Combined TRACON& Tower with Radar,0,9,13,0,22,0,0,17,0,17,0,9,30,0,39,90,0,90,129
02/03/2004,BPT,TX,ASW,CE,Combined TRACON& Tower with Radar,0,11,38,20,69,0,2,29,3,34,0,13,67,23,103,82,10,92,195
02/04/2004,BPT,TX,ASW,CE,Combined TRACON& Tower with Radar,0,10,23,0,33,0,0,5,0,5,0,10,28,0,38,8,0,8,46
02/05/2004,BPT,TX,ASW,CE,Combined TRACON& Tower with Radar,0,12,27,12,51,0,0,12,0,12,0,12,39,12,63,26,0,26,89
02/06/2004,BPT,TX,ASW,CE,Combined TRACON& Tower with Radar,0,12,38,18,68,0,3,24,3,30,0,15,62,21,98,56,0,56,154
02/07/2004,BPT,TX,ASW,CE,Combined TRACON& Tower with Radar,0,6,31,3,40,0,2,56,1,59,0,8,87,4,99,60,0,60,159
02/08/2004,BPT,TX,ASW,CE,Combined TRACON& Tower with Radar,0,9,56,7,72,0,0,27,0,27,0,9,83,7,99,40,0,40,139
02/09/2004,BPT,TX,ASW,CE,Combined TRACON& Tower with Radar,0,11,26,58,95,0,0,14,0,14,0,11,40,58,109,80,1,81,190
02/10/2004,BPT,TX,ASW,CE,Combined TRACON& Tower with Radar,0,7,14,26,47,0,0,0,0,0,0,7,14,26,47,0,0,0,47
02/11/2004,BPT,TX,ASW,CE,Combined TRACON& Tower with Radar,0,10,16,4,30,0,0,0,0,0,0,10,16,4,30,0,0,0,30
02/12/2004,BPT,TX,ASW,CE,Combined TRACON& Tower with Radar,0,13,33,55,101,0,3,8,1,12,0,16,41,56,113,66,0,66,179
02/13/2004,BPT,TX,ASW,CE,Combined TRACON& Tower with Radar,0,10,27,32,69,0,0,4,2,6,0,10,31,34,75,16,0,16,91
02/14/2004,BPT,TX,ASW,CE,Combined TRACON& Tower with Radar,0,6,12,0,18,0,0,1,0,1,0,6,13,0,19,6,0,6,25
02/15/2004,BPT,TX,ASW,CE,Combined TRACON& Tower with Radar,0,8,19,0,27,0,0,25,0,25,0,8,44,0,52,82,0,82,134
02/16/2004,BPT,TX,ASW,CE,Combined TRACON& Tower with Radar,0,12,20,16,48,0,0,28,0,28,0,12,48,16,76,98,0,98,174
02/17/2004,BPT,TX,ASW,CE,Combined TRACON& Tower with Radar,0,10,14,39,63,0,1,33,0,34,0,11,47,39,97,76,0,76,173
02/18/2004,BPT,TX,ASW,CE,Combined TRACON& Tower with Radar,0,12,28,42,82,0,1,42,1,44,0,13,70,43,126,108,0,108,234
02/19/2004,BPT,TX,ASW,CE,Combined TRACON& Tower with Radar,0,10,33,45,88,0,0,25,2,27,0,10,58,47,115,102,0,102,217
02/20/2004,BPT,TX,ASW,CE,Combined TRACON& Tower with Radar,0,11,31,11,53,0,3,26,0,29,0,14,57,11,82,176,6,182,264
02/21/2004,BPT,TX,ASW,CE,Combined TRACON& Tower with Radar,0,9,14,1,24,0,1,37,0,38,0,10,51,1,62,42,0,42,104
02/22/2004,BPT,TX,ASW,CE,Combined TRACON& Tower with Radar,0,17,17,4,38,0,0,15,1,16,0,17,32,5,54,50,0,50,104
02/23/2004,BPT,TX,ASW,CE,Combined TRACON& Tower with Radar,0,17,13,8,38,0,0,0,0,0,0,17,13,8,38,0,0,0,38
02/24/2004,BPT,TX,ASW,CE,Combined TRACON& Tower with Radar,0,9,40,13,62,0,0,4,0,4,0,9,44,13,66,18,0,18,84
02/25/2004,BPT,TX,ASW,CE,Combined TRACON& Tower with Radar,0,14,42,18,74,0,2,1,0,3,0,16,43,18,77,10,0,10,87
02/26/2004,BPT,TX,ASW,CE,Combined TRACON& Tower with Radar,0,15,36,15,66,0,3,44,6,53,0,18,80,21,119,184,0,184,303
02/27/2004,BPT,TX,ASW,CE,Combined TRACON& Tower with Radar,0,27,36,2,65,0,2,53,0,55,0,29,89,2,120,68,0,68,188
02/28/2004,BPT,TX,ASW,CE,Combined TRACON& Tower with Radar,0,46,12,0,58,0,0,28,0,28,0,46,40,0,86,162,0,162,248
02/29/2004,BPT,TX,ASW,CE,Combined TRACON& Tower with Radar,2,28,11,0,41,0,0,3,0,3,2,28,14,0,44,8,0,8,52
03/01/2004,BPT,TX,ASW,CE,Combined TRACON& Tower with Radar,0,12,27,6,45,0,1,16,0,17,0,13,43,6,62,32,0,32,94
03/02/2004,BPT,TX,ASW,CE,Combined TRACON& Tower with Radar,0,10,45,23,78,0,0,3,2,5,0,10,48,25,83,36,0,36,119
03/03/2004,BPT,TX,ASW,CE,Combined TRACON& Tower with Radar,0,18,33,33,84,0,0,9,0,9,0,18,42,33,93,64,0,64,157
03/04/2004,BPT,TX,ASW,CE,Combined TRACON& Tower with Radar,0,15,25,16,56,0,0,0,0,0,0,15,25,16,56,10,0,10,66
03/05/2004,BPT,TX,ASW,CE,Combined TRACON& Tower with Radar,0,13,32,4,49,0,1,9,0,10,0,14,41,4,59,16,0,16,75
03/06/2004,BPT,TX,ASW,CE,Combined TRACON& Tower with Radar,0,8,34,0,42,0,1,55,0,56,0,9,89,0,98,64,0,64,162
03/07/2004,BPT,TX,ASW,CE,Combined TRACON& Tower with Radar,0,9,27,0,36,0,2,29,0,31,0,11,56,0,67,52,0,52,119
03/08/2004,BPT,TX,ASW,CE,Combined TRACON& Tower with Radar,0,10,23,24,57,0,4,30,0,34,0,14,53,24,91,108,0,108,199
03/09/2004,BPT,TX,ASW,CE,Combined TRACON& Tower with Radar,0,8,38,10,56,0,4,30,1,35,0,12,68,11,91,84,0,84,175
03/10/2004,BPT,TX,ASW,CE,Combined TRACON& Tower with Radar,5,15,22,7,49,0,4,29,0,33,5,19,51,7,82,74,8,82,164
03/11/2004,BPT,TX,ASW,CE,Combined TRACON& Tower with Radar,0,12,24,28,64,0,1,34,0,35,0,13,58,28,99,88,4,92,191
03/12/2004,BPT,TX,ASW,CE,Combined TRACON& Tower with Radar,0,11,31,12,54,0,1,24,0,25,0,12,55,12,79,192,4,196,275
03/13/2004,BPT,TX,ASW,CE,Combined TRACON& Tower with Radar,0,9,35,0,44,0,3,19,0,22,0,12,54,0,66,78,0,78,144
03/14/2004,BPT,TX,ASW,CE,Combined TRACON& Tower with Radar,0,11,17,0,28,0,0,4,0,4,0,11,21,0,32,0,0,0,32
03/15/2004,BPT,TX,ASW,CE,Combined TRACON& Tower with Radar,0,13,29,9,51,0,3,3,0,6,0,16,32,9,57,14,0,14,71
03/16/2004,BPT,TX,ASW,CE,Combined TRACON& Tower with Radar,0,10,25,14,49,0,4,22,0,26,0,14,47,14,75,96,14,110,185
03/17/2004,BPT,TX,ASW,CE,Combined TRACON& Tower with Radar,0,13,26,17,56,0,1,33,0,34,0,14,59,17,90,164,0,164,254
03/18/2004,BPT,TX,ASW,CE,Combined TRACON& Tower with Radar,0,11,40,14,65,0,6,32,0,38,0,17,72,14,103,164,0,164,267
03/19/2004,BPT,TX,ASW,CE,Combined TRACON& Tower with Radar,0,14,44,14,72,0,2,24,0,26,0,16,68,14,98,108,0,108,206
03/20/2004,BPT,TX,ASW,CE,Combined TRACON& Tower with Radar,0,7,32,4,43,0,7,50,0,57,0,14,82,4,100,150,0,150,250
03/21/2004,BPT,TX,ASW,CE,Combined TRACON& Tower with Radar,2,10,28,3,43,0,4,25,2,31,2,14,53,5,74,64,0,64,138
03/22/2004,BPT,TX,ASW,CE,Combined TRACON& Tower with Radar,0,10,14,22,46,0,0,18,0,18,0,10,32,22,64,50,0,50,114
03/23/2004,BPT,TX,ASW,CE,Combined TRACON& Tower with Radar,0,13,34,31,78,0,0,19,1,20,0,13,53,32,98,60,0,60,158
03/24/2004,BPT,TX,ASW,CE,Combined TRACON& Tower with Radar,0,11,58,28,97,0,2,22,0,24,0,13,80,28,121,146,0,146,267
03/25/2004,BPT,TX,ASW,CE,Combined TRACON& Tower with Radar,0,23,35,34,92,0,2,21,0,23,0,25,56,34,115,88,0,88,203
03/26/2004,BPT,TX,ASW,CE,Combined TRACON& Tower with Radar,0,18,34,20,72,0,3,26,1,30,0,21,60,21,102,112,0,112,214
03/27/2004,BPT,TX,ASW,CE,Combined TRACON& Tower with Radar,0,6,35,0,41,0,1,18,0,19,0,7,53,0,60,76,0,76,136
03/28/2004,BPT,TX,ASW,CE,Combined TRACON& Tower with Radar,0,10,38,0,48,0,2,8,0,10,0,12,46,0,58,20,0,20,78
03/29/2004,BPT,TX,ASW,CE,Combined TRACON& Tower with Radar,0,20,18,2,40,0,0,14,0,14,0,20,32,2,54,44,0,44,98
03/30/2004,BPT,TX,ASW,CE,Combined TRACON& Tower with Radar,0,12,29,31,72,0,4,43,1,48,0,16,72,32,120,128,16,144,264
03/31/2004,BPT,TX,ASW,CE,Combined TRACON& Tower with Radar,0,3,50,0,53,0,18,48,24,90,0,21,98,24,143,148,0,148,291
04/01/2004,BPT,TX,ASW,CE,Combined TRACON& Tower with Radar,0,10,30,19,59,0,2,36,2,40,0,12,66,21,99,108,14,122,221
04/02/2004,BPT,TX,ASW,CE,Combined TRACON& Tower with Radar,0,20,26,16,62,0,4,36,0,40,0,24,62,16,102,116,0,116,218
04/03/2004,BPT,TX,ASW,CE,Combined TRACON& Tower with Radar,0,7,37,0,44,0,0,13,0,13,0,7,50,0,57,44,0,44,101
04/04/2004,BPT,TX,ASW,CE,Combined TRACON& Tower with Radar,0,11,39,6,56,0,2,27,0,29,0,13,66,6,85,90,0,90,175
04/05/2004,BPT,TX,ASW,CE,Combined TRACON& Tower with Radar,0,13,13,36,62,0,0,39,0,39,0,13,52,36,101,84,0,84,185
04/06/2004,BPT,TX,ASW,CE,Combined TRACON& Tower with Radar,0,19,22,7,48,0,6,17,0,23,0,25,39,7,71,80,0,80,151
04/07/2004,BPT,TX,ASW,CE,Combined TRACON& Tower with Radar,0,20,56,0,76,0,9,33,1,43,0,29,89,1,119,172,0,172,291
04/08/2004,BPT,TX,ASW,CE,Combined TRACON& Tower with Radar,0,11,31,19,61,0,0,49,2,51,0,11,80,21,112,164,8,172,284
04/09/2004,BPT,TX,ASW,CE,Combined TRACON& Tower with Radar,0,11,34,9,54,0,3,37,0,40,0,14,71,9,94,184,0,184,278
04/10/2004,BPT,TX,ASW,CE,Combined TRACON& Tower with Radar,1,8,24,0,33,0,3,24,0,27,1,11,48,0,60,164,0,164,224
04/11/2004,BPT,TX,ASW,CE,Combined TRACON& Tower with Radar,0,12,17,0,29,0,0,0,0,0,0,12,17,0,29,12,0,12,41
04/12/2004,BPT,TX,ASW,CE,Combined TRACON& Tower with Radar,0,9,26,13,48,0,0,7,0,7,0,9,33,13,55,32,0,32,87
04/13/2004,BPT,TX,ASW,CE,Combined TRACON& Tower with Radar,2,11,35,9,57,0,0,22,0,22,2,11,57,9,79,130,12,142,221
04/14/2004,BPT,TX,ASW,CE,Combined TRACON& Tower with Radar,0,12,51,1,64,0,0,41,0,41,0,12,92,1,105,76,0,76,181
04/15/2004,BPT,TX,ASW,CE,Combined TRACON& Tower with Radar,0,10,45,27,82,0,3,40,3,46,0,13,85,30,128,180,0,180,308
04/16/2004,BPT,TX,ASW,CE,Combined TRACON& Tower with Radar,2,14,41,12,69,0,4,43,0,47,2,18,84,12,116,158,0,158,274
04/17/2004,BPT,TX,ASW,CE,Combined TRACON& Tower with Radar,0,8,26,1,35,0,0,34,0,34,0,8,60,1,69,104,0,104,173
04/18/2004,BPT,TX,ASW,CE,Combined TRACON& Tower with Radar,0,8,32,0,40,0,1,24,0,25,0,9,56,0,65,42,0,42,107
04/19/2004,BPT,TX,ASW,CE,Combined TRACON& Tower with Radar,0,10,24,8,42,0,0,6,0,6,0,10,30,8,48,106,0,106,154
04/20/2004,BPT,TX,ASW,CE,Combined TRACON& Tower with Radar,0,8,51,30,89,0,4,18,1,23,0,12,69,31,112,94,0,94,206
04/21/2004,BPT,TX,ASW,CE,Combined TRACON& Tower with Radar,0,12,69,1,82,0,2,38,0,40,0,14,107,1,122,156,0,156,278
04/22/2004,BPT,TX,ASW,CE,Combined TRACON& Tower with Radar,1,10,62,26,99,0,6,26,4,36,1,16,88,30,135,68,0,68,203
04/23/2004,BPT,TX,ASW,CE,Combined TRACON& Tower with Radar,0,11,28,0,39,0,0,23,0,23,0,11,51,0,62,114,0,114,176
04/24/2004,BPT,TX,ASW,CE,Combined TRACON& Tower with Radar,0,6,4,0,10,0,0,10,0,10,0,6,14,0,20,4,0,4,24
04/25/2004,BPT,TX,ASW,CE,Combined TRACON& Tower with Radar,1,9,17,0,27,0,0,0,0,0,1,9,17,0,27,0,0,0,27
04/26/2004,BPT,TX,ASW,CE,Combined TRACON& Tower with Radar,0,11,16,5,32,0,2,31,0,33,0,13,47,5,65,80,0,80,145
04/27/2004,BPT,TX,ASW,CE,Combined TRACON& Tower with Radar,0,10,44,4,58,0,0,40,0,40,0,10,84,4,98,110,0,110,208
04/28/2004,BPT,TX,ASW,CE,Combined TRACON& Tower with Radar,0,11,31,0,42,0,0,24,0,24,0,11,55,0,66,84,0,84,150
04/29/2004,BPT,TX,ASW,CE,Combined TRACON& Tower with Radar,0,12,29,25,66,0,8,27,3,38,0,20,56,28,104,156,0,156,260
04/30/2004,BPT,TX,ASW,CE,Combined TRACON& Tower with Radar,0,10,42,4,56,0,2,9,0,11,0,12,51,4,67,74,0,74,141
05/01/2004,BPT,TX,ASW,CE,Combined TRACON& Tower with Radar,0,4,7,0,11,0,0,2,0,2,0,4,9,0,13,10,0,10,23
05/02/2004,BPT,TX,ASW,CE,Combined TRACON& Tower with Radar,0,10,25,1,36,0,0,32,1,33,0,10,57,2,69,40,0,40,109
05/03/2004,BPT,TX,ASW,CE,Combined TRACON& Tower with Radar,0,12,32,30,74,0,0,43,2,45,0,12,75,32,119,94,0,94,213
05/04/2004,BPT,TX,ASW,CE,Combined TRACON& Tower with Radar,0,10,14,16,40,0,0,56,2,58,0,10,70,18,98,156,0,156,254
05/05/2004,BPT,TX,ASW,CE,Combined TRACON& Tower with Radar,0,16,26,2,44,0,1,40,2,43,0,17,66,4,87,136,2,138,225
05/06/2004,BPT,TX,ASW,CE,Combined TRACON& Tower with Radar,0,24,34,6,64,0,2,49,0,51,0,26,83,6,115,116,0,116,231
05/07/2004,BPT,TX,ASW,CE,Combined TRACON& Tower with Radar,0,12,33,2,47,0,0,27,1,28,0,12,60,3,75,90,0,90,165
05/08/2004,BPT,TX,ASW,CE,Combined TRACON& Tower with Radar,0,6,24,0,30,0,0,30,1,31,0,6,54,1,61,66,0,66,127
05/09/2004,BPT,TX,ASW,CE,Combined TRACON& Tower with Radar,0,11,24,0,35,0,0,30,0,30,0,11,54,0,65,114,0,114,179
05/10/2004,BPT,TX,ASW,CE,Combined TRACON& Tower with Radar,0,15,19,0,34,0,0,21,0,21,0,15,40,0,55,92,0,92,147
05/11/2004,BPT,TX,ASW,CE,Combined TRACON& Tower with Radar,4,25,35,5,69,0,4,15,2,21,4,29,50,7,90,74,0,74,164
05/12/2004,BPT,TX,ASW,CE,Combined TRACON& Tower with Radar,0,12,45,6,63,0,0,12,2,14,0,12,57,8,77,68,0,68,145
05/13/2004,BPT,TX,ASW,CE,Combined TRACON& Tower with Radar,0,16,21,21,58,0,4,18,0,22,0,20,39,21,80,37,0,37,117
05/14/2004,BPT,TX,ASW,CE,Combined TRACON& Tower with Radar,2,12,19,14,47,0,0,23,3,26,2,12,42,17,73,156,0,156,229
05/15/2004,BPT,TX,ASW,CE,Combined TRACON& Tower with Radar,0,6,14,2,22,0,0,22,0,22,0,6,36,2,44,94,0,94,138
05/16/2004,BPT,TX,ASW,CE,Combined TRACON& Tower with Radar,0,10,27,14,51,0,0,7,0,7,0,10,34,14,58,96,0,96,154
05/17/2004,BPT,TX,ASW,CE,Combined TRACON& Tower with Radar,0,12,50,12,74,0,0,21,0,21,0,12,71,12,95,104,0,104,199
05/18/2004,BPT,TX,ASW,CE,Combined TRACON& Tower with Radar,0,12,48,8,68,0,0,30,1,31,0,12,78,9,99,128,0,128,227
05/19/2004,BPT,TX,ASW,CE,Combined TRACON& Tower with Radar,0,11,45,26,82,0,1,28,5,34,0,12,73,31,116,160,0,160,276
05/20/2004,BPT,TX,ASW,CE,Combined TRACON& Tower with Radar,0,14,22,21,57,0,2,45,2,49,0,16,67,23,106,114,0,114,220
05/21/2004,BPT,TX,ASW,CE,Combined TRACON& Tower with Radar,0,15,26,29,70,0,0,33,3,36,0,15,59,32,106,88,0,88,194
05/22/2004,BPT,TX,ASW,CE,Combined TRACON& Tower with Radar,0,6,33,6,45,0,0,40,1,41,0,6,73,7,86,64,0,64,150
05/23/2004,BPT,TX,ASW,CE,Combined TRACON& Tower with Radar,0,10,36,0,46,0,0,39,0,39,0,10,75,0,85,20,0,20,105
05/24/2004,BPT,TX,ASW,CE,Combined TRACON& Tower with Radar,0,22,35,32,89,0,0,19,1,20,0,22,54,33,109,144,0,144,253
05/25/2004,BPT,TX,ASW,CE,Combined TRACON& Tower with Radar,0,19,27,24,70,0,2,30,1,33,0,21,57,25,103,107,8,115,218
05/26/2004,BPT,TX,ASW,CE,Combined TRACON& Tower with Radar,0,17,46,7,70,0,0,31,1,32,0,17,77,8,102,88,0,88,190
05/27/2004,BPT,TX,ASW,CE,Combined TRACON& Tower with Radar,0,17,26,8,51,0,4,39,0,43,0,21,65,8,94,52,0,52,146
05/28/2004,BPT,TX,ASW,CE,Combined TRACON& Tower with Radar,0,21,31,13,65,0,4,37,0,41,0,25,68,13,106,90,24,114,220
05/29/2004,BPT,TX,ASW,CE,Combined TRACON& Tower with Radar,0,12,15,0,27,0,1,26,0,27,0,13,41,0,54,30,0,30,84
05/30/2004,BPT,TX,ASW,CE,Combined TRACON& Tower with Radar,0,14,18,4,36,0,0,10,1,11,0,14,28,5,47,28,10,38,85
05/31/2004,BPT,TX,ASW,CE,Combined TRACON& Tower with Radar,0,16,28,0,44,0,0,21,0,21,0,16,49,0,65,57,0,57,122
06/01/2004,BPT,TX,ASW,CE,Combined TRACON& Tower with Radar,0,16,28,13,57,0,0,20,6,26,0,16,48,19,83,82,10,92,175
06/02/2004,BPT,TX,ASW,CE,Combined TRACON& Tower with Radar,0,14,26,8,48,0,0,32,0,32,0,14,58,8,80,186,0,186,266
06/03/2004,BPT,TX,ASW,CE,Combined TRACON& Tower with Radar,0,19,33,15,67,0,0,29,6,35,0,19,62,21,102,144,0,144,246
06/04/2004,BPT,TX,ASW,CE,Combined TRACON& Tower with Radar,1,14,29,13,57,1,0,13,18,32,2,14,42,31,89,102,0,102,191
06/05/2004,BPT,TX,ASW,CE,Combined TRACON& Tower with Radar,0,7,11,1,19,0,5,36,0,41,0,12,47,1,60,90,0,90,150
06/06/2004,BPT,TX,ASW,CE,Combined TRACON& Tower with Radar,0,15,23,11,49,0,0,28,8,36,0,15,51,19,85,58,0,58,143
06/07/2004,BPT,TX,ASW,CE,Combined TRACON& Tower with Radar,1,13,19,1,34,1,7,22,0,30,2,20,41,1,64,96,0,96,160
06/08/2004,BPT,TX,ASW,CE,Combined TRACON& Tower with Radar,0,14,21,5,40,0,7,17,0,24,0,21,38,5,64,118,0,118,182
06/09/2004,BPT,TX,ASW,CE,Combined TRACON& Tower with Radar,0,25,34,17,76,0,1,32,5,38,0,26,66,22,114,122,0,122,236
06/10/2004,BPT,TX,ASW,CE,Combined TRACON& Tower with Radar,0,31,43,11,85,0,2,51,0,53,0,33,94,11,138,154,0,154,292
06/11/2004,BPT,TX,ASW,CE,Combined TRACON& Tower with Radar,0,22,31,0,53,0,5,46,0,51,0,27,77,0,104,128,0,128,232
06/12/2004,BPT,TX,ASW,CE,Combined TRACON& Tower with Radar,0,12,20,0,32,0,0,50,0,50,0,12,70,0,82,103,0,103,185
06/13/2004,BPT,TX,ASW,CE,Combined TRACON& Tower with Radar,0,14,20,0,34,0,5,19,0,24,0,19,39,0,58,48,0,48,106
06/14/2004,BPT,TX,ASW,CE,Combined TRACON& Tower with Radar,0,19,39,16,74,0,0,26,0,26,0,19,65,16,100,158,0,158,258
06/15/2004,BPT,TX,ASW,CE,Combined TRACON& Tower with Radar,0,11,14,0,25,0,13,16,0,29,0,24,30,0,54,92,0,92,146
06/16/2004,BPT,TX,ASW,CE,Combined TRACON& Tower with Radar,0,17,21,8,46,0,1,15,0,16,0,18,36,8,62,150,0,150,212
06/17/2004,BPT,TX,ASW,CE,Combined TRACON& Tower with Radar,0,24,32,16,72,0,6,11,2,19,0,30,43,18,91,86,0,86,177
06/18/2004,BPT,TX,ASW,CE,Combined TRACON& Tower with Radar,0,18,28,2,48,0,0,42,0,42,0,18,70,2,90,94,0,94,184
06/19/2004,BPT,TX,ASW,CE,Combined TRACON& Tower with Radar,0,10,19,0,29,0,0,52,0,52,0,10,71,0,81,122,0,122,203
06/20/2004,BPT,TX,ASW,CE,Combined TRACON& Tower with Radar,0,13,16,0,29,0,6,9,0,15,0,19,25,0,44,12,0,12,56
06/21/2004,BPT,TX,ASW,CE,Combined TRACON& Tower with Radar,0,19,28,14,61,0,0,13,9,22,0,19,41,23,83,94,6,100,183
06/22/2004,BPT,TX,ASW,CE,Combined TRACON& Tower with Radar,0,13,16,8,37,0,1,9,4,14,0,14,25,12,51,52,0,52,103
06/23/2004,BPT,TX,ASW,CE,Combined TRACON& Tower with Radar,0,20,26,13,59,0,12,5,16,33,0,32,31,29,92,50,0,50,142
06/24/2004,BPT,TX,ASW,CE,Combined TRACON& Tower with Radar,0,13,16,8,37,0,3,7,5,15,0,16,23,13,52,10,0,10,62
06/25/2004,BPT,TX,ASW,CE,Combined TRACON& Tower with Radar,0,11,13,7,31,0,8,6,15,29,0,19,19,22,60,4,0,4,64
06/26/2004,BPT,TX,ASW,CE,Combined TRACON& Tower with Radar,0,6,6,0,12,0,6,8,0,14,0,12,14,0,26,8,0,8,34
06/27/2004,BPT,TX,ASW,CE,Combined TRACON& Tower with Radar,0,14,17,9,40,0,1,20,8,29,0,15,37,17,69,28,0,28,97
06/28/2004,BPT,TX,ASW,CE,Combined TRACON& Tower with Radar,0,17,23,10,50,4,0,3,0,7,4,17,26,10,57,38,0,38,95
06/29/2004,BPT,TX,ASW,CE,Combined TRACON& Tower with Radar,0,26,38,18,82,0,0,17,7,24,0,26,55,25,106,96,0,96,202
06/30/2004,BPT,TX,ASW,CE,Combined TRACON& Tower with Radar,0,20,39,18,77,0,0,32,16,48,0,20,71,34,125,168,0,168,293
07/01/2004,BPT,TX,ASW,CE,Combined TRACON& Tower with Radar,0,17,27,6,50,0,1,35,0,36,0,18,62,6,86,134,0,134,220
07/02/2004,BPT,TX,ASW,CE,Combined TRACON& Tower with Radar,0,20,33,0,53,0,0,56,0,56,0,20,89,0,109,128,0,128,237
07/03/2004,BPT,TX,ASW,CE,Combined TRACON& Tower with Radar,0,11,18,0,29,0,2,58,0,60,0,13,76,0,89,72,0,72,161
07/04/2004,BPT,TX,ASW,CE,Combined TRACON& Tower with Radar,0,6,10,2,18,0,8,27,0,35,0,14,37,2,53,58,0,58,111
07/05/2004,BPT,TX,ASW,CE,Combined TRACON& Tower with Radar,0,12,20,4,36,0,3,50,0,53,0,15,70,4,89,32,0,32,121
07/06/2004,BPT,TX,ASW,CE,Combined TRACON& Tower with Radar,0,16,25,2,43,0,14,22,0,36,0,30,47,2,79,90,2,92,171
07/07/2004,BPT,TX,ASW,CE,Combined TRACON& Tower with Radar,0,15,24,7,46,0,4,25,0,29,0,19,49,7,75,60,0,60,135
07/08/2004,BPT,TX,ASW,CE,Combined TRACON& Tower with Radar,0,16,26,6,48,0,8,38,0,46,0,24,64,6,94,54,0,54,148
07/09/2004,BPT,TX,ASW,CE,Combined TRACON& Tower with Radar,0,16,26,9,51,0,2,26,21,49,0,18,52,30,100,62,0,62,162
07/10/2004,BPT,TX,ASW,CE,Combined TRACON& Tower with Radar,0,12,19,0,31,0,1,41,0,42,0,13,60,0,73,84,0,84,157
07/11/2004,BPT,TX,ASW,CE,Combined TRACON& Tower with Radar,0,12,19,7,38,0,3,30,3,36,0,15,49,10,74,62,8,70,144
07/12/2004,BPT,TX,ASW,CE,Combined TRACON& Tower with Radar,0,16,25,0,41,0,8,35,0,43,0,24,60,0,84,148,0,148,232
07/13/2004,BPT,TX,ASW,CE,Combined TRACON& Tower with Radar,0,12,26,10,48,0,0,29,1,30,0,12,55,11,78,130,0,130,208
07/14/2004,BPT,TX,ASW,CE,Combined TRACON& Tower with Radar,0,16,36,13,65,0,0,70,3,73,0,16,106,16,138,228,0,228,366
07/15/2004,BPT,TX,ASW,CE,Combined TRACON& Tower with Radar,0,23,40,15,78,0,0,48,2,50,0,23,88,17,128,116,0,116,244
07/16/2004,BPT,TX,ASW,CE,Combined TRACON& Tower with Radar,0,14,20,4,38,0,6,46,0,52,0,20,66,4,90,58,0,58,148
07/17/2004,BPT,TX,ASW,CE,Combined TRACON& Tower with Radar,0,14,20,2,36,0,2,41,0,43,0,16,61,2,79,29,0,29,108
07/18/2004,BPT,TX,ASW,CE,Combined TRACON& Tower with Radar,0,13,19,2,34,0,9,49,0,58,0,22,68,2,92,62,0,62,154
07/19/2004,BPT,TX,ASW,CE,Combined TRACON& Tower with Radar,0,14,19,2,35,0,5,30,0,35,0,19,49,2,70,94,0,94,164
07/20/2004,BPT,TX,ASW,CE,Combined TRACON& Tower with Radar,0,15,32,11,58,0,0,44,10,54,0,15,76,21,112,144,4,148,260
07/21/2004,BPT,TX,ASW,CE,Combined TRACON& Tower with Radar,0,24,36,13,73,0,3,38,4,45,0,27,74,17,118,198,2,200,318
07/22/2004,BPT,TX,ASW,CE,Combined TRACON& Tower with Radar,0,26,38,10,74,0,7,22,0,29,0,33,60,10,103,130,0,130,233
07/23/2004,BPT,TX,ASW,CE,Combined TRACON& Tower with Radar,0,26,39,14,79,0,1,26,5,32,0,27,65,19,111,74,0,74,185
07/24/2004,BPT,TX,ASW,CE,Combined TRACON& Tower with Radar,0,13,19,4,36,0,7,37,0,44,0,20,56,4,80,132,0,132,212
07/25/2004,BPT,TX,ASW,CE,Combined TRACON& Tower with Radar,0,9,13,1,23,0,7,8,0,15,0,16,21,1,38,22,0,22,60
07/26/2004,BPT,TX,ASW,CE,Combined TRACON& Tower with Radar,0,14,28,7,49,0,0,24,0,24,0,14,52,7,73,72,0,72,145
07/27/2004,BPT,TX,ASW,CE,Combined TRACON& Tower with Radar,0,19,37,14,70,0,0,31,16,47,0,19,68,30,117,216,10,226,343
07/28/2004,BPT,TX,ASW,CE,Combined TRACON& Tower with Radar,0,17,30,9,56,0,0,19,2,21,0,17,49,11,77,154,0,154,231
07/29/2004,BPT,TX,ASW,CE,Combined TRACON& Tower with Radar,0,17,50,17,84,0,0,18,29,47,0,17,68,46,131,198,2,200,331
07/30/2004,BPT,TX,ASW,CE,Combined TRACON& Tower with Radar,0,20,37,12,69,0,0,25,15,40,0,20,62,27,109,284,0,284,393
07/31/2004,BPT,TX,ASW,CE,Combined TRACON& Tower with Radar,0,11,16,0,27,0,5,49,0,54,0,16,65,0,81,36,0,36,117
08/01/2004,BPT,TX,ASW,CE,Combined TRACON& Tower with Radar,1,7,14,0,22,1,10,13,0,24,2,17,27,0,46,26,2,28,74
08/02/2004,BPT,TX,ASW,CE,Combined TRACON& Tower with Radar,0,15,33,18,66,0,1,6,28,35,0,16,39,46,101,136,0,136,237
08/03/2004,BPT,TX,ASW,CE,Combined TRACON& Tower with Radar,0,19,41,23,83,0,19,42,18,79,0,38,83,41,162,204,0,204,366
08/04/2004,BPT,TX,ASW,CE,Combined TRACON& Tower with Radar,0,25,54,30,109,0,0,41,17,58,0,25,95,47,167,318,0,318,485
08/05/2004,BPT,TX,ASW,CE,Combined TRACON& Tower with Radar,0,19,41,23,83,0,11,32,21,64,0,30,73,44,147,290,0,290,437
08/06/2004,BPT,TX,ASW,CE,Combined TRACON& Tower with Radar,0,20,43,23,86,0,13,30,14,57,0,33,73,37,143,106,0,106,249
08/07/2004,BPT,TX,ASW,CE,Combined TRACON& Tower with Radar,0,13,29,1,43,0,5,53,0,58,0,18,82,1,101,182,0,182,283
08/08/2004,BPT,TX,ASW,CE,Combined TRACON& Tower with Radar,0,15,31,16,62,0,7,26,0,33,0,22,57,16,95,64,0,64,159
08/09/2004,BPT,TX,ASW,CE,Combined TRACON& Tower with Radar,0,14,25,0,39,0,1,39,0,40,0,15,64,0,79,98,0,98,177
08/10/2004,BPT,TX,ASW,CE,Combined TRACON& Tower with Radar,0,15,30,8,53,0,0,37,0,37,0,15,67,8,90,164,0,164,254
08/11/2004,BPT,TX,ASW,CE,Combined TRACON& Tower with Radar,0,22,40,12,74,0,0,51,0,51,0,22,91,12,125,200,0,200,325
08/12/2004,BPT,TX,ASW,CE,Combined TRACON& Tower with Radar,0,19,43,24,86,0,0,36,14,50,0,19,79,38,136,252,0,252,388
08/13/2004,BPT,TX,ASW,CE,Combined TRACON& Tower with Radar,0,26,49,27,102,0,1,38,19,58,0,27,87,46,160,216,0,216,376
08/14/2004,BPT,TX,ASW,CE,Combined TRACON& Tower with Radar,0,12,22,0,34,0,0,25,0,25,0,12,47,0,59,46,0,46,105
08/15/2004,BPT,TX,ASW,CE,Combined TRACON& Tower with Radar,0,15,29,16,60,0,0,32,2,34,0,15,61,18,94,60,12,72,166
08/16/2004,BPT,TX,ASW,CE,Combined TRACON& Tower with Radar,0,12,23,12,47,0,7,24,5,36,0,19,47,17,83,138,0,138,221
08/17/2004,BPT,TX,ASW,CE,Combined TRACON& Tower with Radar,0,18,41,23,82,0,0,48,12,60,0,18,89,35,142,156,0,156,298
08/18/2004,BPT,TX,ASW,CE,Combined TRACON& Tower with Radar,0,12,24,6,42,0,1,34,0,35,0,13,58,6,77,78,0,78,155
08/19/2004,BPT,TX,ASW,CE,Combined TRACON& Tower with Radar,0,23,44,25,92,0,17,22,10,49,0,40,66,35,141,116,0,116,257
08/20/2004,BPT,TX,ASW,CE,Combined TRACON& Tower with Radar,0,16,44,25,85,0,0,36,24,60,0,16,80,49,145,140,0,140,285
08/21/2004,BPT,TX,ASW,CE,Combined TRACON& Tower with Radar,0,8,14,0,22,0,8,24,0,32,0,16,38,0,54,26,0,26,80
08/22/2004,BPT,TX,ASW,CE,Combined TRACON& Tower with Radar,0,8,14,4,26,0,11,20,0,31,0,19,34,4,57,60,0,60,117
08/23/2004,BPT,TX,ASW,CE,Combined TRACON& Tower with Radar,0,12,23,12,47,0,9,22,0,31,0,21,45,12,78,112,0,112,190
08/24/2004,BPT,TX,ASW,CE,Combined TRACON& Tower with Radar,0,20,39,10,69,0,1,37,0,38,0,21,76,10,107,144,0,144,251
08/25/2004,BPT,TX,ASW,CE,Combined TRACON& Tower with Radar,0,19,44,16,79,0,0,67,0,67,0,19,111,16,146,194,0,194,340
08/26/2004,BPT,TX,ASW,CE,Combined TRACON& Tower with Radar,0,19,36,19,74,0,1,44,1,46,0,20,80,20,120,78,0,78,198
08/27/2004,BPT,TX,ASW,CE,Combined TRACON& Tower with Radar,0,17,38,20,75,0,0,26,7,33,0,17,64,27,108,88,0,88,196
08/28/2004,BPT,TX,ASW,CE,Combined TRACON& Tower with Radar,0,7,13,0,20,0,5,17,0,22,0,12,30,0,42,156,0,156,198
08/29/2004,BPT,TX,ASW,CE,Combined TRACON& Tower with Radar,0,16,30,0,46,0,1,59,0,60,0,17,89,0,106,124,0,124,230
08/30/2004,BPT,TX,ASW,CE,Combined TRACON& Tower with Radar,0,15,30,16,61,0,0,8,5,13,0,15,38,21,74,174,0,174,248
08/31/2004,BPT,TX,ASW,CE,Combined TRACON& Tower with Radar,0,13,32,11,56,0,0,22,0,22,0,13,54,11,78,140,0,140,218
09/01/2004,BPT,TX,ASW,CE,Combined TRACON& Tower with Radar,0,22,40,18,80,0,0,25,8,33,0,22,65,26,113,376,0,376,489
09/02/2004,BPT,TX,ASW,CE,Combined TRACON& Tower with Radar,0,20,37,18,75,0,5,17,5,27,0,25,54,23,102,118,0,118,220
09/03/2004,BPT,TX,ASW,CE,Combined TRACON& Tower with Radar,0,12,24,5,41,0,3,22,0,25,0,15,46,5,66,120,0,120,186
09/04/2004,BPT,TX,ASW,CE,Combined TRACON& Tower with Radar,0,11,26,0,37,0,0,43,0,43,0,11,69,0,80,36,0,36,116
09/05/2004,BPT,TX,ASW,CE,Combined TRACON& Tower with Radar,0,7,13,0,20,0,9,25,0,34,0,16,38,0,54,56,0,56,110
09/06/2004,BPT,TX,ASW,CE,Combined TRACON& Tower with Radar,0,8,16,0,24,0,5,33,0,38,0,13,49,0,62,78,0,78,140
09/07/2004,BPT,TX,ASW,CE,Combined TRACON& Tower with Radar,0,14,28,6,48,0,4,8,0,12,0,18,36,6,60,122,2,124,184
09/08/2004,BPT,TX,ASW,CE,Combined TRACON& Tower with Radar,0,20,40,17,77,0,0,43,3,46,0,20,83,20,123,180,0,180,303
09/09/2004,BPT,TX,ASW,CE,Combined TRACON& Tower with Radar,0,17,34,15,66,0,7,56,5,68,0,24,90,20,134,96,0,96,230
09/10/2004,BPT,TX,ASW,CE,Combined TRACON& Tower with Radar,0,12,22,4,38,0,6,38,0,44,0,18,60,4,82,166,6,172,254
09/11/2004,BPT,TX,ASW,CE,Combined TRACON& Tower with Radar,0,9,18,5,32,0,5,32,0,37,0,14,50,5,69,48,0,48,117
09/12/2004,BPT,TX,ASW,CE,Combined TRACON& Tower with Radar,0,12,23,8,43,0,5,10,0,15,0,17,33,8,58,66,0,66,124
09/13/2004,BPT,TX,ASW,CE,Combined TRACON& Tower with Radar,0,13,26,7,46,0,6,35,0,41,0,19,61,7,87,146,0,146,233
09/14/2004,BPT,TX,ASW,CE,Combined TRACON& Tower with Radar,0,16,42,18,76,0,0,32,3,35,0,16,74,21,111,78,0,78,189
09/15/2004,BPT,TX,ASW,CE,Combined TRACON& Tower with Radar,0,17,32,14,63,0,2,42,6,50,0,19,74,20,113,68,0,68,181
09/16/2004,BPT,TX,ASW,CE,Combined TRACON& Tower with Radar,0,16,33,7,56,0,0,44,0,44,0,16,77,7,100,92,0,92,192
09/17/2004,BPT,TX,ASW,CE,Combined TRACON& Tower with Radar,0,17,29,13,59,0,0,27,17,44,0,17,56,30,103,146,0,146,249
09/18/2004,BPT,TX,ASW,CE,Combined TRACON& Tower with Radar,0,12,20,6,38,0,0,23,0,23,0,12,43,6,61,18,0,18,79
09/19/2004,BPT,TX,ASW,CE,Combined TRACON& Tower with Radar,0,15,28,0,43,0,0,56,0,56,0,15,84,0,99,48,0,48,147
09/20/2004,BPT,TX,ASW,CE,Combined TRACON& Tower with Radar,0,20,34,12,66,0,5,29,0,34,0,25,63,12,100,172,0,172,272
09/21/2004,BPT,TX,ASW,CE,Combined TRACON& Tower with Radar,0,18,39,6,63,0,0,35,0,35,0,18,74,6,98,148,0,148,246
09/22/2004,BPT,TX,ASW,CE,Combined TRACON& Tower with Radar,0,22,42,20,84,0,0,43,7,50,0,22,85,27,134,140,0,140,274
09/23/2004,BPT,TX,ASW,CE,Combined TRACON& Tower with Radar,0,16,27,12,55,0,4,6,7,17,0,20,33,19,72,100,0,100,172
09/24/2004,BPT,TX,ASW,CE,Combined TRACON& Tower with Radar,0,10,16,8,34,0,8,11,6,25,0,18,27,14,59,58,0,58,117
09/25/2004,BPT,TX,ASW,CE,Combined TRACON& Tower with Radar,0,6,9,0,15,0,6,16,0,22,0,12,25,0,37,120,0,120,157
09/26/2004,BPT,TX,ASW,CE,Combined TRACON& Tower with Radar,0,12,19,0,31,0,2,21,0,23,0,14,40,0,54,76,0,76,130
09/27/2004,BPT,TX,ASW,CE,Combined TRACON& Tower with Radar,0,16,37,17,70,0,0,7,13,20,0,16,44,30,90,226,0,226,316
09/28/2004,BPT,TX,ASW,CE,Combined TRACON& Tower with Radar,0,17,49,23,89,0,0,34,28,62,0,17,83,51,151,128,0,128,279
09/29/2004,BPT,TX,ASW,CE,Combined TRACON& Tower with Radar,0,21,37,17,75,0,1,34,24,59,0,22,71,41,134,106,0,106,240
09/30/2004,BPT,TX,ASW,CE,Combined TRACON& Tower with Radar,0,18,32,12,62,0,1,42,0,43,0,19,74,12,105,46,0,46,151
10/01/2004,BPT,TX,ASW,CE,Combined TRACON& Tower with Radar,0,27,18,24,69,0,0,34,0,34,0,27,52,24,103,151,0,151,254
10/02/2004,BPT,TX,ASW,CE,Combined TRACON& Tower with Radar,0,8,10,0,18,0,0,10,0,10,0,8,20,0,28,42,0,42,70
10/03/2004,BPT,TX,ASW,CE,Combined TRACON& Tower with Radar,0,14,29,2,45,0,0,30,1,31,0,14,59,3,76,24,0,24,100
10/04/2004,BPT,TX,ASW,CE,Combined TRACON& Tower with Radar,0,14,32,32,78,0,0,28,0,28,0,14,60,32,106,228,0,228,334
10/05/2004,BPT,TX,ASW,CE,Combined TRACON& Tower with Radar,0,15,40,56,111,0,0,23,3,26,0,15,63,59,137,212,14,226,363
10/06/2004,BPT,TX,ASW,CE,Combined TRACON& Tower with Radar,0,18,19,31,68,0,4,21,1,26,0,22,40,32,94,104,0,104,198
10/07/2004,BPT,TX,ASW,CE,Combined TRACON& Tower with Radar,0,19,36,10,65,0,1,14,3,18,0,20,50,13,83,102,0,102,185
10/08/2004,BPT,TX,ASW,CE,Combined TRACON& Tower with Radar,0,20,34,0,54,0,0,16,13,29,0,20,50,13,83,102,0,102,185
10/09/2004,BPT,TX,ASW,CE,Combined TRACON& Tower with Radar,0,12,37,2,51,0,10,0,0,10,0,22,37,2,61,46,0,46,107
10/10/2004,BPT,TX,ASW,CE,Combined TRACON& Tower with Radar,0,12,36,0,48,0,0,4,3,7,0,12,40,3,55,4,0,4,59
10/11/2004,BPT,TX,ASW,CE,Combined TRACON& Tower with Radar,0,16,33,0,49,0,0,35,0,35,0,16,68,0,84,122,0,122,206
10/12/2004,BPT,TX,ASW,CE,Combined TRACON& Tower with Radar,0,15,49,6,70,0,4,44,0,48,0,19,93,6,118,180,0,180,298
10/13/2004,BPT,TX,ASW,CE,Combined TRACON& Tower with Radar,0,15,59,26,100,0,0,23,2,25,0,15,82,28,125,86,0,86,211
10/14/2004,BPT,TX,ASW,CE,Combined TRACON& Tower with Radar,0,19,27,21,67,0,6,13,6,25,0,25,40,27,92,56,0,56,148
10/15/2004,BPT,TX,ASW,CE,Combined TRACON& Tower with Radar,0,22,20,4,46,0,1,21,0,22,0,23,41,4,68,34,0,34,102
10/16/2004,BPT,TX,ASW,CE,Combined TRACON& Tower with Radar,0,12,29,0,41,0,0,33,0,33,0,12,62,0,74,40,0,40,114
10/17/2004,BPT,TX,ASW,CE,Combined TRACON& Tower with Radar,0,14,55,0,69,0,0,16,0,16,0,14,71,0,85,60,0,60,145
10/18/2004,BPT,TX,ASW,CE,Combined TRACON& Tower with Radar,0,16,17,22,55,0,3,8,0,11,0,19,25,22,66,116,0,116,182
10/19/2004,BPT,TX,ASW,CE,Combined TRACON& Tower with Radar,0,19,31,13,63,0,0,14,1,15,0,19,45,14,78,120,0,120,198
10/20/2004,BPT,TX,ASW,CE,Combined TRACON& Tower with Radar,0,17,52,15,84,0,3,17,3,23,0,20,69,18,107,54,0,54,161
10/21/2004,BPT,TX,ASW,CE,Combined TRACON& Tower with Radar,0,22,30,49,101,0,0,26,0,26,0,22,56,49,127,62,0,62,189
10/22/2004,BPT,TX,ASW,CE,Combined TRACON& Tower with Radar,0,18,39,12,69,0,1,40,0,41,0,19,79,12,110,120,0,120,230
10/23/2004,BPT,TX,ASW,CE,Combined TRACON& Tower with Radar,0,13,15,0,28,0,0,18,0,18,0,13,33,0,46,30,0,30,76
10/24/2004,BPT,TX,ASW,CE,Combined TRACON& Tower with Radar,0,15,28,0,43,0,0,14,0,14,0,15,42,0,57,26,0,26,83
10/25/2004,BPT,TX,ASW,CE,Combined TRACON& Tower with Radar,0,16,32,8,56,0,0,34,0,34,0,16,66,8,90,356,0,356,446
10/26/2004,BPT,TX,ASW,CE,Combined TRACON& Tower with Radar,0,15,33,20,68,0,2,27,0,29,0,17,60,20,97,134,0,134,231
10/27/2004,BPT,TX,ASW,CE,Combined TRACON& Tower with Radar,0,14,37,0,51,0,0,28,0,28,0,14,65,0,79,178,0,178,257
10/28/2004,BPT,TX,ASW,CE,Combined TRACON& Tower with Radar,0,20,28,20,68,0,4,38,0,42,0,24,66,20,110,106,4,110,220
10/29/2004,BPT,TX,ASW,CE,Combined TRACON& Tower with Radar,0,25,40,12,77,0,0,39,0,39,0,25,79,12,116,92,0,92,208
10/30/2004,BPT,TX,ASW,CE,Combined TRACON& Tower with Radar,0,11,34,0,45,0,0,23,1,24,0,11,57,1,69,46,0,46,115
10/31/2004,BPT,TX,ASW,CE,Combined TRACON& Tower with Radar,0,16,36,0,52,0,0,15,2,17,0,16,51,2,69,42,0,42,111
11/01/2004,BPT,TX,ASW,CE,Combined TRACON& Tower with Radar,0,33,14,0,47,0,0,2,0,2,0,33,16,0,49,24,0,24,73
11/02/2004,BPT,TX,ASW,CE,Combined TRACON& Tower with Radar,0,18,23,0,41,0,0,1,0,1,0,18,24,0,42,4,0,4,46
11/03/2004,BPT,TX,ASW,CE,Combined TRACON& Tower with Radar,0,15,35,13,63,0,0,13,0,13,0,15,48,13,76,88,0,88,164
11/04/2004,BPT,TX,ASW,CE,Combined TRACON& Tower with Radar,0,19,28,8,55,0,1,35,1,37,0,20,63,9,92,96,0,96,188
11/05/2004,BPT,TX,ASW,CE,Combined TRACON& Tower with Radar,0,16,16,0,32,0,1,41,1,43,0,17,57,1,75,104,0,104,179
11/06/2004,BPT,TX,ASW,CE,Combined TRACON& Tower with Radar,0,12,23,0,35,0,0,34,0,34,0,12,57,0,69,48,0,48,117
11/07/2004,BPT,TX,ASW,CE,Combined TRACON& Tower with Radar,0,14,44,5,63,0,1,30,0,31,0,15,74,5,94,82,0,82,176
11/08/2004,BPT,TX,ASW,CE,Combined TRACON& Tower with Radar,0,18,66,27,111,0,1,21,0,22,0,19,87,27,133,108,0,108,241
11/09/2004,BPT,TX,ASW,CE,Combined TRACON& Tower with Radar,0,13,23,10,46,0,2,30,0,32,0,15,53,10,78,103,0,103,181
11/10/2004,BPT,TX,ASW,CE,Combined TRACON& Tower with Radar,0,18,35,16,69,0,1,24,1,26,0,19,59,17,95,54,0,54,149
11/11/2004,BPT,TX,ASW,CE,Combined TRACON& Tower with Radar,0,18,27,8,53,0,1,26,0,27,0,19,53,8,80,76,0,76,156
11/12/2004,BPT,TX,ASW,CE,Combined TRACON& Tower with Radar,0,24,40,27,91,0,0,13,0,13,0,24,53,27,104,38,0,38,142
11/13/2004,BPT,TX,ASW,CE,Combined TRACON& Tower with Radar,0,13,54,0,67,0,3,17,0,20,0,16,71,0,87,24,0,24,111
11/14/2004,BPT,TX,ASW,CE,Combined TRACON& Tower with Radar,2,21,36,1,60,0,1,3,0,4,2,22,39,1,64,2,0,2,66
11/15/2004,BPT,TX,ASW,CE,Combined TRACON& Tower with Radar,0,15,13,20,48,0,0,11,0,11,0,15,24,20,59,62,0,62,121
11/16/2004,BPT,TX,ASW,CE,Combined TRACON& Tower with Radar,0,14,59,28,101,0,0,6,1,7,0,14,65,29,108,112,0,112,220
11/17/2004,BPT,TX,ASW,CE,Combined TRACON& Tower with Radar,0,14,35,9,58,0,0,6,0,6,0,14,41,9,64,56,0,56,120
11/18/2004,BPT,TX,ASW,CE,Combined TRACON& Tower with Radar,2,17,48,16,83,0,0,26,0,26,2,17,74,16,109,68,0,68,177
11/19/2004,BPT,TX,ASW,CE,Combined TRACON& Tower with Radar,0,17,63,20,100,0,1,34,0,35,0,18,97,20,135,98,0,98,233
11/20/2004,BPT,TX,ASW,CE,Combined TRACON& Tower with Radar,0,13,9,0,22,0,0,0,3,3,0,13,9,3,25,0,0,0,25
11/21/2004,BPT,TX,ASW,CE,Combined TRACON& Tower with Radar,0,18,31,12,61,0,0,2,0,2,0,18,33,12,63,0,0,0,63
11/22/2004,BPT,TX,ASW,CE,Combined TRACON& Tower with Radar,1,18,15,28,62,0,0,2,0,2,1,18,17,28,64,34,0,34,98
11/23/2004,BPT,TX,ASW,CE,Combined TRACON& Tower with Radar,0,21,9,22,52,0,1,5,6,12,0,22,14,28,64,62,0,62,126
11/24/2004,BPT,TX,ASW,CE,Combined TRACON& Tower with Radar,0,18,37,20,75,0,0,27,8,35,0,18,64,28,110,112,0,112,222
11/25/2004,BPT,TX,ASW,CE,Combined TRACON& Tower with Radar,0,14,7,0,21,0,1,23,0,24,0,15,30,0,45,44,0,44,89
11/26/2004,BPT,TX,ASW,CE,Combined TRACON& Tower with Radar,0,17,42,0,59,0,0,21,0,21,0,17,63,0,80,80,0,80,160
11/27/2004,BPT,TX,ASW,CE,Combined TRACON& Tower with Radar,0,14,21,2,37,0,1,28,2,31,0,15,49,4,68,82,0,82,150
11/28/2004,BPT,TX,ASW,CE,Combined TRACON& Tower with Radar,2,19,26,0,47,0,0,22,3,25,2,19,48,3,72,102,0,102,174
11/29/2004,BPT,TX,ASW,CE,Combined TRACON& Tower with Radar,0,14,19,0,33,0,0,8,0,8,0,14,27,0,41,34,0,34,75
11/30/2004,BPT,TX,ASW,CE,Combined TRACON& Tower with Radar,0,21,47,22,90,0,0,0,0,0,0,21,47,22,90,28,0,28,118
12/01/2004,BPT,TX,ASW,CE,Combined TRACON& Tower with Radar,2,15,50,12,79,0,1,54,1,56,2,16,104,13,135,166,0,166,301
12/02/2004,BPT,TX,ASW,CE,Combined TRACON& Tower with Radar,0,20,27,10,57,0,0,41,0,41,0,20,68,10,98,208,0,208,306
12/03/2004,BPT,TX,ASW,CE,Combined TRACON& Tower with Radar,0,16,33,8,57,0,0,27,2,29,0,16,60,10,86,40,0,40,126
12/04/2004,BPT,TX,ASW,CE,Combined TRACON& Tower with Radar,0,12,69,0,81,0,0,41,1,42,0,12,110,1,123,152,0,152,275
12/05/2004,BPT,TX,ASW,CE,Combined TRACON& Tower with Radar,0,17,20,4,41,0,0,2,0,2,0,17,22,4,43,0,0,0,43
12/06/2004,BPT,TX,ASW,CE,Combined TRACON& Tower with Radar,0,16,27,6,49,0,3,2,0,5,0,19,29,6,54,16,0,16,70
12/07/2004,BPT,TX,ASW,CE,Combined TRACON& Tower with Radar,0,17,38,0,55,0,6,40,0,46,0,23,78,0,101,95,0,95,196
12/08/2004,BPT,TX,ASW,CE,Combined TRACON& Tower with Radar,0,13,35,28,76,0,0,18,0,18,0,13,53,28,94,78,0,78,172
12/09/2004,BPT,TX,ASW,CE,Combined TRACON& Tower with Radar,0,23,26,12,61,0,7,34,1,42,0,30,60,13,103,128,0,128,231
12/10/2004,BPT,TX,ASW,CE,Combined TRACON& Tower with Radar,0,25,68,14,107,0,4,40,1,45,0,29,108,15,152,114,0,114,266
12/11/2004,BPT,TX,ASW,CE,Combined TRACON& Tower with Radar,0,17,24,0,41,0,0,50,2,52,0,17,74,2,93,166,0,166,259
12/12/2004,BPT,TX,ASW,CE,Combined TRACON& Tower with Radar,0,22,28,1,51,0,3,40,0,43,0,25,68,1,94,84,0,84,178
12/13/2004,BPT,TX,ASW,CE,Combined TRACON& Tower with Radar,0,17,19,9,45,0,1,29,0,30,0,18,48,9,75,224,0,224,299
12/14/2004,BPT,TX,ASW,CE,Combined TRACON& Tower with Radar,0,16,31,10,57,0,4,31,4,39,0,20,62,14,96,166,0,166,262
12/15/2004,BPT,TX,ASW,CE,Combined TRACON& Tower with Radar,0,17,30,18,65,0,0,39,0,39,0,17,69,18,104,203,0,203,307
12/16/2004,BPT,TX,ASW,CE,Combined TRACON& Tower with Radar,0,25,27,0,52,0,0,5,0,5,0,25,32,0,57,14,0,14,71
12/17/2004,BPT,TX,ASW,CE,Combined TRACON& Tower with Radar,0,24,44,8,76,0,0,37,0,37,0,24,81,8,113,224,0,224,337
12/18/2004,BPT,TX,ASW,CE,Combined TRACON& Tower with Radar,0,13,21,0,34,0,0,39,1,40,0,13,60,1,74,176,0,176,250
12/19/2004,BPT,TX,ASW,CE,Combined TRACON& Tower with Radar,0,17,13,7,37,0,7,22,0,29,0,24,35,7,66,134,0,134,200
12/20/2004,BPT,TX,ASW,CE,Combined TRACON& Tower with Radar,0,21,30,12,63,0,0,42,0,42,0,21,72,12,105,266,0,266,371
12/21/2004,BPT,TX,ASW,CE,Combined TRACON& Tower with Radar,0,19,27,21,67,0,5,14,0,19,0,24,41,21,86,126,0,126,212
12/22/2004,BPT,TX,ASW,CE,Combined TRACON& Tower with Radar,0,17,9,10,36,0,0,2,0,2,0,17,11,10,38,6,0,6,44
12/23/2004,BPT,TX,ASW,CE,Combined TRACON& Tower with Radar,0,20,17,13,50,0,0,19,0,19,0,20,36,13,69,148,0,148,217
12/24/2004,BPT,TX,ASW,CE,Combined TRACON& Tower with Radar,0,20,7,0,27,0,1,7,0,8,0,21,14,0,35,8,0,8,43
12/25/2004,BPT,TX,ASW,CE,Combined TRACON& Tower with Radar,0,12,7,0,19,0,2,8,0,10,0,14,15,0,29,32,0,32,61
12/26/2004,BPT,TX,ASW,CE,Combined TRACON& Tower with Radar,0,17,39,0,56,0,2,31,0,33,0,19,70,0,89,140,0,140,229
12/27/2004,BPT,TX,ASW,CE,Combined TRACON& Tower with Radar,0,19,27,0,46,0,0,22,0,22,0,19,49,0,68,142,0,142,210
12/28/2004,BPT,TX,ASW,CE,Combined TRACON& Tower with Radar,0,21,35,0,56,0,0,30,0,30,0,21,65,0,86,86,0,86,172
12/29/2004,BPT,TX,ASW,CE,Combined TRACON& Tower with Radar,0,19,44,0,63,0,2,20,0,22,0,21,64,0,85,110,0,110,195
12/30/2004,BPT,TX,ASW,CE,Combined TRACON& Tower with Radar,0,20,33,0,53,0,3,18,0,21,0,23,51,0,74,94,0,94,168
12/31/2004,BPT,TX,ASW,CE,Combined TRACON& Tower with Radar,0,12,16,0,28,0,0,17,0,17,0,12,33,0,45,87,0,87,132
01/01/2005,BPT,TX,ASW,CE,Combined TRACON& Tower with Radar,0,13,27,0,40,0,0,3,0,3,0,13,30,0,43,16,0,16,59
01/02/2005,BPT,TX,ASW,CE,Combined TRACON& Tower with Radar,0,18,24,0,42,0,0,1,0,1,0,18,25,0,43,20,0,20,63
01/03/2005,BPT,TX,ASW,CE,Combined TRACON& Tower with Radar,0,18,30,19,67,0,8,4,0,12,0,26,34,19,79,46,0,46,125
01/04/2005,BPT,TX,ASW,CE,Combined TRACON& Tower with Radar,0,45,19,21,85,0,0,1,0,1,0,45,20,21,86,144,0,144,230
01/05/2005,BPT,TX,ASW,CE,Combined TRACON& Tower with Radar,0,28,41,39,108,0,8,28,0,36,0,36,69,39,144,280,0,280,424
01/06/2005,BPT,TX,ASW,CE,Combined TRACON& Tower with Radar,0,32,29,31,92,0,9,19,0,28,0,41,48,31,120,148,0,148,268
01/07/2005,BPT,TX,ASW,CE,Combined TRACON& Tower with Radar,0,52,18,0,70,0,0,0,0,0,0,52,18,0,70,26,0,26,96
01/08/2005,BPT,TX,ASW,CE,Combined TRACON& Tower with Radar,0,25,23,0,48,0,1,35,0,36,0,26,58,0,84,78,0,78,162
01/09/2005,BPT,TX,ASW,CE,Combined TRACON& Tower with Radar,0,21,26,2,49,0,0,23,1,24,0,21,49,3,73,34,0,34,107
01/10/2005,BPT,TX,ASW,CE,Combined TRACON& Tower with Radar,0,38,21,30,89,0,8,7,0,15,0,46,28,30,104,96,0,96,200
01/11/2005,BPT,TX,ASW,CE,Combined TRACON& Tower with Radar,0,32,34,6,72,0,6,17,1,24,0,38,51,7,96,198,0,198,294
01/12/2005,BPT,TX,ASW,CE,Combined TRACON& Tower with Radar,0,22,34,18,74,0,1,20,0,21,0,23,54,18,95,140,0,140,235
01/13/2005,BPT,TX,ASW,CE,Combined TRACON& Tower with Radar,0,34,43,14,91,0,5,33,0,38,0,39,76,14,129,176,0,176,305
01/14/2005,BPT,TX,ASW,CE,Combined TRACON& Tower with Radar,0,19,26,0,45,0,5,31,0,36,0,24,57,0,81,148,0,148,229
01/15/2005,BPT,TX,ASW,CE,Combined TRACON& Tower with Radar,0,16,24,0,40,0,26,55,0,81,0,42,79,0,121,134,0,134,255
01/16/2005,BPT,TX,ASW,CE,Combined TRACON& Tower with Radar,0,17,39,0,56,0,3,32,0,35,0,20,71,0,91,80,0,80,171
01/17/2005,BPT,TX,ASW,CE,Combined TRACON& Tower with Radar,0,19,21,0,40,0,1,33,0,34,0,20,54,0,74,90,0,90,164
01/18/2005,BPT,TX,ASW,CE,Combined TRACON& Tower with Radar,0,18,28,8,54,0,1,21,1,23,0,19,49,9,77,102,0,102,179
01/19/2005,BPT,TX,ASW,CE,Combined TRACON& Tower with Radar,0,55,39,10,104,0,2,31,5,38,0,57,70,15,142,130,0,130,272
01/20/2005,BPT,TX,ASW,CE,Combined TRACON& Tower with Radar,0,26,32,16,74,0,5,26,0,31,0,31,58,16,105,126,0,126,231
01/21/2005,BPT,TX,ASW,CE,Combined TRACON& Tower with Radar,0,27,68,19,114,0,8,34,2,44,0,35,102,21,158,156,0,156,314
01/22/2005,BPT,TX,ASW,CE,Combined TRACON& Tower with Radar,0,28,41,0,69,0,3,7,0,10,0,31,48,0,79,78,0,78,157
01/23/2005,BPT,TX,ASW,CE,Combined TRACON& Tower with Radar,0,20,23,0,43,0,0,27,0,27,0,20,50,0,70,50,0,50,120
01/24/2005,BPT,TX,ASW,CE,Combined TRACON& Tower with Radar,0,22,35,8,65,0,22,35,3,60,0,44,70,11,125,94,2,96,221
01/25/2005,BPT,TX,ASW,CE,Combined TRACON& Tower with Radar,0,19,17,17,53,0,18,23,0,41,0,37,40,17,94,52,0,52,146
01/26/2005,BPT,TX,ASW,CE,Combined TRACON& Tower with Radar,0,23,53,19,95,0,16,34,0,50,0,39,87,19,145,156,0,156,301
01/27/2005,BPT,TX,ASW,CE,Combined TRACON& Tower with Radar,0,42,27,28,97,0,52,19,1,72,0,94,46,29,169,146,0,146,315
01/28/2005,BPT,TX,ASW,CE,Combined TRACON& Tower with Radar,0,58,25,9,92,0,0,0,0,0,0,58,25,9,92,4,0,4,96
01/29/2005,BPT,TX,ASW,CE,Combined TRACON& Tower with Radar,0,49,17,0,66,0,0,3,0,3,0,49,20,0,69,72,0,72,141
01/30/2005,BPT,TX,ASW,CE,Combined TRACON& Tower with Radar,0,70,16,8,94,0,3,9,0,12,0,73,25,8,106,54,0,54,160
01/31/2005,BPT,TX,ASW,CE,Combined TRACON& Tower with Radar,0,21,12,0,33,0,0,0,0,0,0,21,12,0,33,0,0,0,33
02/01/2005,BPT,TX,ASW,CE,Combined TRACON& Tower with Radar,0,19,23,8,50,0,0,0,0,0,0,19,23,8,50,2,0,2,52
02/02/2005,BPT,TX,ASW,CE,Combined TRACON& Tower with Radar,0,52,24,11,87,0,12,4,2,18,0,64,28,13,105,90,0,90,195
02/03/2005,BPT,TX,ASW,CE,Combined TRACON& Tower with Radar,0,60,37,9,106,0,10,20,14,44,0,70,57,23,150,172,10,182,332
02/04/2005,BPT,TX,ASW,CE,Combined TRACON& Tower with Radar,0,67,56,14,137,0,8,68,3,79,0,75,124,17,216,299,0,299,515
02/05/2005,BPT,TX,ASW,CE,Combined TRACON& Tower with Radar,0,20,24,0,44,0,17,45,8,70,0,37,69,8,114,120,0,120,234
02/06/2005,BPT,TX,ASW,CE,Combined TRACON& Tower with Radar,0,19,15,1,35,0,1,15,0,16,0,20,30,1,51,40,0,40,91
02/07/2005,BPT,TX,ASW,CE,Combined TRACON& Tower with Radar,2,41,24,10,77,0,2,3,0,5,2,43,27,10,82,4,0,4,86
02/08/2005,BPT,TX,ASW,CE,Combined TRACON& Tower with Radar,1,62,28,21,112,0,2,5,0,7,1,64,33,21,119,4,0,4,123
02/09/2005,BPT,TX,ASW,CE,Combined TRACON& Tower with Radar,0,41,38,16,95,0,4,11,0,15,0,45,49,16,110,42,0,42,152
02/10/2005,BPT,TX,ASW,CE,Combined TRACON& Tower with Radar,0,31,34,28,93,0,6,81,0,87,0,37,115,28,180,234,0,234,414
02/11/2005,BPT,TX,ASW,CE,Combined TRACON& Tower with Radar,4,31,19,38,92,0,3,27,5,35,4,34,46,43,127,216,0,216,343
02/12/2005,BPT,TX,ASW,CE,Combined TRACON& Tower with Radar,0,12,29,0,41,0,0,21,0,21,0,12,50,0,62,70,0,70,132
02/13/2005,BPT,TX,ASW,CE,Combined TRACON& Tower with Radar,0,17,5,1,23,0,0,0,1,1,0,17,5,2,24,6,0,6,30
02/14/2005,BPT,TX,ASW,CE,Combined TRACON& Tower with Radar,0,17,28,16,61,0,3,15,0,18,0,20,43,16,79,68,0,68,147
02/15/2005,BPT,TX,ASW,CE,Combined TRACON& Tower with Radar,0,19,12,9,40,0,2,12,0,14,0,21,24,9,54,44,0,44,98
02/16/2005,BPT,TX,ASW,CE,Combined TRACON& Tower with Radar,0,19,34,1,54,0,7,19,0,26,0,26,53,1,80,134,0,134,214
02/17/2005,BPT,TX,ASW,CE,Combined TRACON& Tower with Radar,0,18,41,38,97,0,0,31,0,31,0,18,72,38,128,102,0,102,230
02/18/2005,BPT,TX,ASW,CE,Combined TRACON& Tower with Radar,0,20,41,25,86,0,1,32,0,33,0,21,73,25,119,80,0,80,199
02/19/2005,BPT,TX,ASW,CE,Combined TRACON& Tower with Radar,0,12,12,0,24,0,4,22,0,26,0,16,34,0,50,72,0,72,122
02/20/2005,BPT,TX,ASW,CE,Combined TRACON& Tower with Radar,0,15,25,0,40,0,2,7,0,9,0,17,32,0,49,12,0,12,61
02/21/2005,BPT,TX,ASW,CE,Combined TRACON& Tower with Radar,0,17,28,1,46,0,3,9,1,13,0,20,37,2,59,22,0,22,81
02/22/2005,BPT,TX,ASW,CE,Combined TRACON& Tower with Radar,0,25,28,10,63,0,0,15,0,15,0,25,43,10,78,59,0,59,137
02/23/2005,BPT,TX,ASW,CE,Combined TRACON& Tower with Radar,0,19,20,5,44,0,0,5,0,5,0,19,25,5,49,32,0,32,81
02/24/2005,BPT,TX,ASW,CE,Combined TRACON& Tower with Radar,0,20,13,8,41,0,0,0,0,0,0,20,13,8,41,4,0,4,45
02/25/2005,BPT,TX,ASW,CE,Combined TRACON& Tower with Radar,0,18,31,19,68,0,4,38,0,42,0,22,69,19,110,108,0,108,218
02/26/2005,BPT,TX,ASW,CE,Combined TRACON& Tower with Radar,0,13,10,0,23,0,167,11,0,178,0,180,21,0,201,30,0,30,231
02/27/2005,BPT,TX,ASW,CE,Combined TRACON& Tower with Radar,0,21,17,3,41,0,1,12,2,15,0,22,29,5,56,34,0,34,90
02/28/2005,BPT,TX,ASW,CE,Combined TRACON& Tower with Radar,0,20,22,1,43,0,2,31,10,43,0,22,53,11,86,110,20,130,216
03/01/2005,BPT,TX,ASW,CE,Combined TRACON& Tower with Radar,0,20,22,1,43,0,2,31,10,43,0,22,53,11,86,110,20,130,216
03/02/2005,BPT,TX,ASW,CE,Combined TRACON& Tower with Radar,0,21,27,22,70,0,0,3,0,3,0,21,30,22,73,56,0,56,129
03/03/2005,BPT,TX,ASW,CE,Combined TRACON& Tower with Radar,0,20,43,31,94,0,4,13,1,18,0,24,56,32,112,92,0,92,204
03/04/2005,BPT,TX,ASW,CE,Combined TRACON& Tower with Radar,0,16,27,22,65,0,1,23,2,26,0,17,50,24,91,50,0,50,141
03/05/2005,BPT,TX,ASW,CE,Combined TRACON& Tower with Radar,0,10,30,0,40,0,2,13,0,15,0,12,43,0,55,66,0,66,121
03/06/2005,BPT,TX,ASW,CE,Combined TRACON& Tower with Radar,0,19,21,2,42,0,1,7,0,8,0,20,28,2,50,22,0,22,72
03/07/2005,BPT,TX,ASW,CE,Combined TRACON& Tower with Radar,0,30,10,0,40,0,1,5,0,6,0,31,15,0,46,16,0,16,62
03/08/2005,BPT,TX,ASW,CE,Combined TRACON& Tower with Radar,0,15,38,13,66,0,0,34,5,39,0,15,72,18,105,90,0,90,195
03/09/2005,BPT,TX,ASW,CE,Combined TRACON& Tower with Radar,0,21,40,13,74,0,1,20,0,21,0,22,60,13,95,122,0,122,217
03/10/2005,BPT,TX,ASW,CE,Combined TRACON& Tower with Radar,0,18,31,14,63,0,3,53,2,58,0,21,84,16,121,208,0,208,329
03/11/2005,BPT,TX,ASW,CE,Combined TRACON& Tower with Radar,0,19,21,5,45,0,2,57,0,59,0,21,78,5,104,192,0,192,296
03/12/2005,BPT,TX,ASW,CE,Combined TRACON& Tower with Radar,0,11,9,0,20,0,8,23,0,31,0,19,32,0,51,90,0,90,141
03/13/2005,BPT,TX,ASW,CE,Combined TRACON& Tower with Radar,0,17,29,8,54,0,0,15,0,15,0,17,44,8,69,38,0,38,107
03/14/2005,BPT,TX,ASW,CE,Combined TRACON& Tower with Radar,0,19,15,45,79,0,4,31,3,38,0,23,46,48,117,170,0,170,287
03/15/2005,BPT,TX,ASW,CE,Combined TRACON& Tower with Radar,0,19,31,16,66,0,6,1,0,7,0,25,32,16,73,24,0,24,97
03/16/2005,BPT,TX,ASW,CE,Combined TRACON& Tower with Radar,0,18,30,18,66,0,0,4,0,4,0,18,34,18,70,74,0,74,144
03/17/2005,BPT,TX,ASW,CE,Combined TRACON& Tower with Radar,0,17,58,16,91,0,2,27,1,30,0,19,85,17,121,212,0,212,333
03/18/2005,BPT,TX,ASW,CE,Combined TRACON& Tower with Radar,0,21,22,23,66,0,2,38,3,43,0,23,60,26,109,164,0,164,273
03/19/2005,BPT,TX,ASW,CE,Combined TRACON& Tower with Radar,1,32,44,0,77,0,8,19,3,30,1,40,63,3,107,0,0,0,107
03/20/2005,BPT,TX,ASW,CE,Combined TRACON& Tower with Radar,0,15,21,1,37,0,3,18,0,21,0,18,39,1,58,28,0,28,86
03/21/2005,BPT,TX,ASW,CE,Combined TRACON& Tower with Radar,0,20,19,10,49,0,0,20,0,20,0,20,39,10,69,100,0,100,169
03/22/2005,BPT,TX,ASW,CE,Combined TRACON& Tower with Radar,0,16,37,8,61,0,0,28,0,28,0,16,65,8,89,96,0,96,185
03/23/2005,BPT,TX,ASW,CE,Combined TRACON& Tower with Radar,0,21,41,21,83,0,4,60,4,68,0,25,101,25,151,196,0,196,347
03/24/2005,BPT,TX,ASW,CE,Combined TRACON& Tower with Radar,0,19,22,34,75,0,3,35,8,46,0,22,57,42,121,278,14,292,413
03/25/2005,BPT,TX,ASW,CE,Combined TRACON& Tower with Radar,0,17,31,28,76,0,1,25,1,27,0,18,56,29,103,60,0,60,163
03/26/2005,BPT,TX,ASW,CE,Combined TRACON& Tower with Radar,0,16,25,0,41,0,1,7,0,8,0,17,32,0,49,2,0,2,51
03/27/2005,BPT,TX,ASW,CE,Combined TRACON& Tower with Radar,2,18,14,10,44,0,0,6,0,6,2,18,20,10,50,14,0,14,64
03/28/2005,BPT,TX,ASW,CE,Combined TRACON& Tower with Radar,0,23,33,12,68,0,6,32,0,38,0,29,65,12,106,200,0,200,306
03/29/2005,BPT,TX,ASW,CE,Combined TRACON& Tower with Radar,0,17,36,21,74,0,2,11,1,14,0,19,47,22,88,106,0,106,194
03/30/2005,BPT,TX,ASW,CE,Combined TRACON& Tower with Radar,0,19,37,13,69,0,2,22,0,24,0,21,59,13,93,90,0,90,183
03/31/2005,BPT,TX,ASW,CE,Combined TRACON& Tower with Radar,0,20,26,21,67,0,0,11,0,11,0,20,37,21,78,42,0,42,120
04/01/2005,BPT,TX,ASW,CE,Combined TRACON& Tower with Radar,0,18,35,6,59,0,6,28,0,34,0,24,63,6,93,66,0,66,159
04/02/2005,BPT,TX,ASW,CE,Combined TRACON& Tower with Radar,0,12,64,0,76,0,4,43,0,47,0,16,107,0,123,96,0,96,219
04/03/2005,BPT,TX,ASW,CE,Combined TRACON& Tower with Radar,0,16,45,1,62,0,0,43,1,44,0,16,88,2,106,136,0,136,242
04/04/2005,BPT,TX,ASW,CE,Combined TRACON& Tower with Radar,0,16,38,4,58,0,6,14,0,20,0,22,52,4,78,68,0,68,146
04/05/2005,BPT,TX,ASW,CE,Combined TRACON& Tower with Radar,0,16,36,6,58,0,1,10,0,11,0,17,46,6,69,74,0,74,143
04/06/2005,BPT,TX,ASW,CE,Combined TRACON& Tower with Radar,0,18,35,4,57,0,10,14,1,25,0,28,49,5,82,154,0,154,236
04/07/2005,BPT,TX,ASW,CE,Combined TRACON& Tower with Radar,0,18,55,18,91,0,7,40,2,49,0,25,95,20,140,350,0,350,490
04/08/2005,BPT,TX,ASW,CE,Combined TRACON& Tower with Radar,0,19,33,45,97,0,0,0,0,0,0,19,33,45,97,150,0,150,247
04/09/2005,BPT,TX,ASW,CE,Combined TRACON& Tower with Radar,0,14,34,2,50,0,1,37,3,41,0,15,71,5,91,64,0,64,155
04/10/2005,BPT,TX,ASW,CE,Combined TRACON& Tower with Radar,0,17,20,1,38,0,0,2,0,2,0,17,22,1,40,18,0,18,58
04/11/2005,BPT,TX,ASW,CE,Combined TRACON& Tower with Radar,0,17,28,2,47,0,0,13,0,13,0,17,41,2,60,100,0,100,160
04/12/2005,BPT,TX,ASW,CE,Combined TRACON& Tower with Radar,0,17,36,11,64,0,1,53,0,54,0,18,89,11,118,94,0,94,212
04/13/2005,BPT,TX,ASW,CE,Combined TRACON& Tower with Radar,0,22,36,4,62,0,2,29,0,31,0,24,65,4,93,138,0,138,231
04/14/2005,BPT,TX,ASW,CE,Combined TRACON& Tower with Radar,0,20,46,33,99,0,5,40,1,46,0,25,86,34,145,168,0,168,313
04/15/2005,BPT,TX,ASW,CE,Combined TRACON& Tower with Radar,0,20,32,44,96,0,3,39,3,45,0,23,71,47,141,106,2,108,249
04/16/2005,BPT,TX,ASW,CE,Combined TRACON& Tower with Radar,0,13,14,0,27,0,0,15,0,15,0,13,29,0,42,154,0,154,196
04/17/2005,BPT,TX,ASW,CE,Combined TRACON& Tower with Radar,0,16,25,6,47,0,1,20,0,21,0,17,45,6,68,62,0,62,130
04/18/2005,BPT,TX,ASW,CE,Combined TRACON& Tower with Radar,0,20,71,0,91,0,0,19,0,19,0,20,90,0,110,62,0,62,172
04/19/2005,BPT,TX,ASW,CE,Combined TRACON& Tower with Radar,0,15,31,28,74,0,2,27,0,29,0,17,58,28,103,118,0,118,221
04/20/2005,BPT,TX,ASW,CE,Combined TRACON& Tower with Radar,0,19,36,17,72,0,0,23,0,23,0,19,59,17,95,84,0,84,179
04/21/2005,BPT,TX,ASW,CE,Combined TRACON& Tower with Radar,0,18,32,19,69,0,0,24,0,24,0,18,56,19,93,236,0,236,329
04/22/2005,BPT,TX,ASW,CE,Combined TRACON& Tower with Radar,0,18,35,11,64,0,1,11,0,12,0,19,46,11,76,50,0,50,126
04/23/2005,BPT,TX,ASW,CE,Combined TRACON& Tower with Radar,0,13,18,7,38,0,1,32,0,33,0,14,50,7,71,90,0,90,161
04/24/2005,BPT,TX,ASW,CE,Combined TRACON& Tower with Radar,2,17,24,12,55,0,0,34,2,36,2,17,58,14,91,46,0,46,137
04/25/2005,BPT,TX,ASW,CE,Combined TRACON& Tower with Radar,0,19,25,14,58,0,2,9,0,11,0,21,34,14,69,12,0,12,81
04/26/2005,BPT,TX,ASW,CE,Combined TRACON& Tower with Radar,0,17,22,25,64,0,2,28,1,31,0,19,50,26,95,46,0,46,141
04/27/2005,BPT,TX,ASW,CE,Combined TRACON& Tower with Radar,2,18,42,26,88,0,1,27,3,31,2,19,69,29,119,180,0,180,299
04/28/2005,BPT,TX,ASW,CE,Combined TRACON& Tower with Radar,0,19,31,2,52,0,1,24,3,28,0,20,55,5,80,44,0,44,124
04/29/2005,BPT,TX,ASW,CE,Combined TRACON& Tower with Radar,0,18,28,23,69,0,2,11,4,17,0,20,39,27,86,12,0,12,98
04/30/2005,BPT,TX,ASW,CE,Combined TRACON& Tower with Radar,0,14,19,0,33,0,6,17,1,24,0,20,36,1,57,38,0,38,95
05/01/2005,BPT,TX,ASW,CE,Combined TRACON& Tower with Radar,0,17,27,0,44,0,1,34,0,35,0,18,61,0,79,44,0,44,123
05/02/2005,BPT,TX,ASW,CE,Combined TRACON& Tower with Radar,0,18,20,18,56,0,0,31,0,31,0,18,51,18,87,92,0,92,179
05/03/2005,BPT,TX,ASW,CE,Combined TRACON& Tower with Radar,0,16,24,23,63,0,0,20,1,21,0,16,44,24,84,107,0,107,191
05/04/2005,BPT,TX,ASW,CE,Combined TRACON& Tower with Radar,0,18,39,8,65,0,3,29,2,34,0,21,68,10,99,80,0,80,179
05/05/2005,BPT,TX,ASW,CE,Combined TRACON& Tower with Radar,0,20,28,2,50,0,5,47,0,52,0,25,75,2,102,166,0,166,268
05/06/2005,BPT,TX,ASW,CE,Combined TRACON& Tower with Radar,0,20,62,4,86,0,5,38,0,43,0,25,100,4,129,170,0,170,299
05/07/2005,BPT,TX,ASW,CE,Combined TRACON& Tower with Radar,0,14,17,0,31,0,4,22,0,26,0,18,39,0,57,48,0,48,105
05/08/2005,BPT,TX,ASW,CE,Combined TRACON& Tower with Radar,4,30,15,0,49,0,0,0,0,0,4,30,15,0,49,4,0,4,53
05/09/2005,BPT,TX,ASW,CE,Combined TRACON& Tower with Radar,0,19,20,13,52,0,0,12,0,12,0,19,32,13,64,88,0,88,152
05/10/2005,BPT,TX,ASW,CE,Combined TRACON& Tower with Radar,0,14,23,18,55,0,0,16,0,16,0,14,39,18,71,82,0,82,153
05/11/2005,BPT,TX,ASW,CE,Combined TRACON& Tower with Radar,0,19,34,9,62,0,2,21,0,23,0,21,55,9,85,74,0,74,159
05/12/2005,BPT,TX,ASW,CE,Combined TRACON& Tower with Radar,0,22,31,16,69,0,5,26,1,32,0,27,57,17,101,60,0,60,161
05/13/2005,BPT,TX,ASW,CE,Combined TRACON& Tower with Radar,0,18,30,7,55,0,0,12,0,12,0,18,42,7,67,48,0,48,115
05/14/2005,BPT,TX,ASW,CE,Combined TRACON& Tower with Radar,0,13,36,0,49,0,0,23,0,23,0,13,59,0,72,54,0,54,126
05/15/2005,BPT,TX,ASW,CE,Combined TRACON& Tower with Radar,0,18,28,8,54,0,6,19,4,29,0,24,47,12,83,60,0,60,143
05/16/2005,BPT,TX,ASW,CE,Combined TRACON& Tower with Radar,0,18,47,25,90,0,1,20,0,21,0,19,67,25,111,226,0,226,337
05/17/2005,BPT,TX,ASW,CE,Combined TRACON& Tower with Radar,0,16,38,11,65,0,2,23,0,25,0,18,61,11,90,88,0,88,178
05/18/2005,BPT,TX,ASW,CE,Combined TRACON& Tower with Radar,0,18,27,12,57,0,0,31,0,31,0,18,58,12,88,48,0,48,136
05/19/2005,BPT,TX,ASW,CE,Combined TRACON& Tower with Radar,0,18,22,8,48,0,0,22,4,26,0,18,44,12,74,214,0,214,288
05/20/2005,BPT,TX,ASW,CE,Combined TRACON& Tower with Radar,0,14,27,8,49,0,1,28,0,29,0,15,55,8,78,128,0,128,206
05/21/2005,BPT,TX,ASW,CE,Combined TRACON& Tower with Radar,0,12,19,0,31,0,4,32,0,36,0,16,51,0,67,94,0,94,161
05/22/2005,BPT,TX,ASW,CE,Combined TRACON& Tower with Radar,0,17,24,2,43,0,0,34,0,34,0,17,58,2,77,88,0,88,165
05/23/2005,BPT,TX,ASW,CE,Combined TRACON& Tower with Radar,0,18,27,10,55,0,1,41,1,43,0,19,68,11,98,148,0,148,246
05/24/2005,BPT,TX,ASW,CE,Combined TRACON& Tower with Radar,0,16,27,12,55,0,0,7,0,7,0,16,34,12,62,66,0,66,128
05/25/2005,BPT,TX,ASW,CE,Combined TRACON& Tower with Radar,0,18,34,8,60,0,1,23,0,24,0,19,57,8,84,100,0,100,184
05/26/2005,BPT,TX,ASW,CE,Combined TRACON& Tower with Radar,0,20,35,8,63,0,4,23,1,28,0,24,58,9,91,38,0,38,129
05/27/2005,BPT,TX,ASW,CE,Combined TRACON& Tower with Radar,0,21,28,12,61,0,0,31,1,32,0,21,59,13,93,164,0,164,257
05/28/2005,BPT,TX,ASW,CE,Combined TRACON& Tower with Radar,0,12,10,0,22,0,2,21,0,23,0,14,31,0,45,44,0,44,89
05/29/2005,BPT,TX,ASW,CE,Combined TRACON& Tower with Radar,0,15,15,0,30,0,2,7,0,9,0,17,22,0,39,8,0,8,47
05/30/2005,BPT,TX,ASW,CE,Combined TRACON& Tower with Radar,2,15,9,0,26,0,0,3,0,3,2,15,12,0,29,12,0,12,41
05/31/2005,BPT,TX,ASW,CE,Combined TRACON& Tower with Radar,0,17,23,18,58,0,0,16,0,16,0,17,39,18,74,36,0,36,110
06/01/2005,BPT,TX,ASW,CE,Combined TRACON& Tower with Radar,0,17,22,30,69,0,2,25,0,27,0,19,47,30,96,97,0,97,193
06/02/2005,BPT,TX,ASW,CE,Combined TRACON& Tower with Radar,2,18,51,19,90,0,3,35,0,38,2,21,86,19,128,100,0,100,228
06/03/2005,BPT,TX,ASW,CE,Combined TRACON& Tower with Radar,0,16,34,17,67,0,0,26,0,26,0,16,60,17,93,84,0,84,177
06/04/2005,BPT,TX,ASW,CE,Combined TRACON& Tower with Radar,0,13,26,0,39,0,1,32,2,35,0,14,58,2,74,68,0,68,142
06/05/2005,BPT,TX,ASW,CE,Combined TRACON& Tower with Radar,0,18,43,0,61,0,0,28,0,28,0,18,71,0,89,71,0,71,160
06/06/2005,BPT,TX,ASW,CE,Combined TRACON& Tower with Radar,0,15,7,8,30,0,1,7,1,9,0,16,14,9,39,84,0,84,123
06/07/2005,BPT,TX,ASW,CE,Combined TRACON& Tower with Radar,0,17,9,12,38,0,0,20,0,20,0,17,29,12,58,112,0,112,170
06/08/2005,BPT,TX,ASW,CE,Combined TRACON& Tower with Radar,0,16,28,0,44,0,1,30,0,31,0,17,58,0,75,174,0,174,249
06/09/2005,BPT,TX,ASW,CE,Combined TRACON& Tower with Radar,0,19,41,41,101,0,0,29,0,29,0,19,70,41,130,72,0,72,202
06/10/2005,BPT,TX,ASW,CE,Combined TRACON& Tower with Radar,0,18,18,11,47,0,5,32,2,39,0,23,50,13,86,36,0,36,122
06/11/2005,BPT,TX,ASW,CE,Combined TRACON& Tower with Radar,0,11,35,0,46,0,3,17,0,20,0,14,52,0,66,36,0,36,102
06/12/2005,BPT,TX,ASW,CE,Combined TRACON& Tower with Radar,0,17,37,0,54,0,3,27,0,30,0,20,64,0,84,24,0,24,108
06/13/2005,BPT,TX,ASW,CE,Combined TRACON& Tower with Radar,0,20,16,22,58,0,2,17,8,27,0,22,33,30,85,96,0,96,181
06/14/2005,BPT,TX,ASW,CE,Combined TRACON& Tower with Radar,0,18,17,20,55,0,2,21,0,23,0,20,38,20,78,36,0,36,114
06/15/2005,BPT,TX,ASW,CE,Combined TRACON& Tower with Radar,0,19,39,0,58,0,2,31,7,40,0,21,70,7,98,100,0,100,198
06/16/2005,BPT,TX,ASW,CE,Combined TRACON& Tower with Radar,0,16,35,31,82,0,2,34,4,40,0,18,69,35,122,124,0,124,246
06/17/2005,BPT,TX,ASW,CE,Combined TRACON& Tower with Radar,0,17,23,0,40,0,0,32,1,33,0,17,55,1,73,24,0,24,97
06/18/2005,BPT,TX,ASW,CE,Combined TRACON& Tower with Radar,0,12,17,0,29,0,0,26,0,26,0,12,43,0,55,40,0,40,95
06/19/2005,BPT,TX,ASW,CE,Combined TRACON& Tower with Radar,0,17,30,8,55,0,0,20,0,20,0,17,50,8,75,56,0,56,131
06/20/2005,BPT,TX,ASW,CE,Combined TRACON& Tower with Radar,0,18,23,14,55,0,0,18,0,18,0,18,41,14,73,58,0,58,131
06/21/2005,BPT,TX,ASW,CE,Combined TRACON& Tower with Radar,0,17,21,18,56,0,2,22,3,27,0,19,43,21,83,70,0,70,153
06/22/2005,BPT,TX,ASW,CE,Combined TRACON& Tower with Radar,0,20,26,8,54,0,4,26,0,30,0,24,52,8,84,120,0,120,204
06/23/2005,BPT,TX,ASW,CE,Combined TRACON& Tower with Radar,0,18,32,10,60,0,1,28,0,29,0,19,60,10,89,88,0,88,177
06/24/2005,BPT,TX,ASW,CE,Combined TRACON& Tower with Radar,0,21,26,20,67,0,3,34,0,37,0,24,60,20,104,54,0,54,158
06/25/2005,BPT,TX,ASW,CE,Combined TRACON& Tower with Radar,0,12,11,8,31,0,2,11,0,13,0,14,22,8,44,30,0,30,74
06/26/2005,BPT,TX,ASW,CE,Combined TRACON& Tower with Radar,0,17,17,0,34,0,0,14,0,14,0,17,31,0,48,6,0,6,54
06/27/2005,BPT,TX,ASW,CE,Combined TRACON& Tower with Radar,0,16,22,10,48,0,0,28,0,28,0,16,50,10,76,90,0,90,166
06/28/2005,BPT,TX,ASW,CE,Combined TRACON& Tower with Radar,0,21,22,15,58,0,5,43,0,48,0,26,65,15,106,116,0,116,222
06/29/2005,BPT,TX,ASW,CE,Combined TRACON& Tower with Radar,0,23,26,9,58,0,4,31,0,35,0,27,57,9,93,130,0,130,223
06/30/2005,BPT,TX,ASW,CE,Combined TRACON& Tower with Radar,0,18,31,6,55,0,0,41,0,41,0,18,72,6,96,124,0,124,220
07/01/2005,BPT,TX,ASW,CE,Combined TRACON& Tower with Radar,0,15,24,34,73,0,1,29,0,30,0,16,53,34,103,88,0,88,191
07/02/2005,BPT,TX,ASW,CE,Combined TRACON& Tower with Radar,0,13,10,0,23,0,0,32,1,33,0,13,42,1,56,0,0,0,56
07/03/2005,BPT,TX,ASW,CE,Combined TRACON& Tower with Radar,0,9,14,0,23,0,0,21,0,21,0,9,35,0,44,38,0,38,82
07/04/2005,BPT,TX,ASW,CE,Combined TRACON& Tower with Radar,0,10,16,0,26,0,0,18,2,20,0,10,34,2,46,74,4,78,124
07/05/2005,BPT,TX,ASW,CE,Combined TRACON& Tower with Radar,0,15,35,20,70,0,5,25,1,31,0,20,60,21,101,152,0,152,253
07/06/2005,BPT,TX,ASW,CE,Combined TRACON& Tower with Radar,0,19,34,8,61,0,2,25,2,29,0,21,59,10,90,130,0,130,220
07/07/2005,BPT,TX,ASW,CE,Combined TRACON& Tower with Radar,0,14,15,0,29,0,1,13,2,16,0,15,28,2,45,42,0,42,87
07/08/2005,BPT,TX,ASW,CE,Combined TRACON& Tower with Radar,0,14,19,2,35,0,0,24,1,25,0,14,43,3,60,110,0,110,170
07/09/2005,BPT,TX,ASW,CE,Combined TRACON& Tower with Radar,0,8,19,0,27,0,0,17,0,17,0,8,36,0,44,22,0,22,66
07/10/2005,BPT,TX,ASW,CE,Combined TRACON& Tower with Radar,3,26,17,0,46,0,0,20,0,20,3,26,37,0,66,36,0,36,102
07/11/2005,BPT,TX,ASW,CE,Combined TRACON& Tower with Radar,4,20,25,17,66,0,1,22,1,24,4,21,47,18,90,132,0,132,222
07/12/2005,BPT,TX,ASW,CE,Combined TRACON& Tower with Radar,0,18,17,26,61,0,3,15,2,20,0,21,32,28,81,38,24,62,143
07/13/2005,BPT,TX,ASW,CE,Combined TRACON& Tower with Radar,6,16,28,0,50,0,5,26,7,38,6,21,54,7,88,116,0,116,204
07/14/2005,BPT,TX,ASW,CE,Combined TRACON& Tower with Radar,2,19,27,0,48,0,0,12,0,12,2,19,39,0,60,48,0,48,108
07/15/2005,BPT,TX,ASW,CE,Combined TRACON& Tower with Radar,0,11,11,0,22,0,1,1,0,2,0,12,12,0,24,22,0,22,46
07/16/2005,BPT,TX,ASW,CE,Combined TRACON& Tower with Radar,2,10,25,0,37,0,0,5,0,5,2,10,30,0,42,0,0,0,42
07/17/2005,BPT,TX,ASW,CE,Combined TRACON& Tower with Radar,0,10,18,0,28,0,0,8,0,8,0,10,26,0,36,26,0,26,62
07/18/2005,BPT,TX,ASW,CE,Combined TRACON& Tower with Radar,0,18,10,17,45,0,0,47,0,47,0,18,57,17,92,268,0,268,360
07/19/2005,BPT,TX,ASW,CE,Combined TRACON& Tower with Radar,0,16,16,9,41,0,0,31,0,31,0,16,47,9,72,130,0,130,202
07/20/2005,BPT,TX,ASW,CE,Combined TRACON& Tower with Radar,0,14,18,18,50,0,1,28,6,35,0,15,46,24,85,88,0,88,173
07/21/2005,BPT,TX,ASW,CE,Combined TRACON& Tower with Radar,0,15,26,27,68,0,1,34,1,36,0,16,60,28,104,56,0,56,160
07/22/2005,BPT,TX,ASW,CE,Combined TRACON& Tower with Radar,0,19,26,0,45,0,0,21,0,21,0,19,47,0,66,48,0,48,114
07/23/2005,BPT,TX,ASW,CE,Combined TRACON& Tower with Radar,0,8,12,8,28,0,0,18,1,19,0,8,30,9,47,16,0,16,63
07/24/2005,BPT,TX,ASW,CE,Combined TRACON& Tower with Radar,0,14,21,1,36,0,1,25,0,26,0,15,46,1,62,50,0,50,112
07/25/2005,BPT,TX,ASW,CE,Combined TRACON& Tower with Radar,0,16,7,0,23,0,1,19,0,20,0,17,26,0,43,74,0,74,117
07/26/2005,BPT,TX,ASW,CE,Combined TRACON& Tower with Radar,0,17,23,8,48,0,0,25,0,25,0,17,48,8,73,24,0,24,97
07/27/2005,BPT,TX,ASW,CE,Combined TRACON& Tower with Radar,0,18,17,2,37,0,1,39,3,43,0,19,56,5,80,92,0,92,172
07/28/2005,BPT,TX,ASW,CE,Combined TRACON& Tower with Radar,0,15,31,12,58,0,4,32,6,42,0,19,63,18,100,224,4,228,328
07/29/2005,BPT,TX,ASW,CE,Combined TRACON& Tower with Radar,0,15,30,14,59,0,0,54,1,55,0,15,84,15,114,164,6,170,284
07/30/2005,BPT,TX,ASW,CE,Combined TRACON& Tower with Radar,0,10,20,0,30,0,0,33,1,34,0,10,53,1,64,44,0,44,108
07/31/2005,BPT,TX,ASW,CE,Combined TRACON& Tower with Radar,0,15,28,6,49,0,0,24,0,24,0,15,52,6,73,33,0,33,106
08/01/2005,BPT,TX,ASW,CE,Combined TRACON& Tower with Radar,0,12,16,6,34,0,0,20,0,20,0,12,36,6,54,66,20,86,140
08/02/2005,BPT,TX,ASW,CE,Combined TRACON& Tower with Radar,0,18,25,36,79,0,0,22,0,22,0,18,47,36,101,118,0,118,219
08/03/2005,BPT,TX,ASW,CE,Combined TRACON& Tower with Radar,0,17,26,3,46,0,0,27,1,28,0,17,53,4,74,86,0,86,160
08/04/2005,BPT,TX,ASW,CE,Combined TRACON& Tower with Radar,0,14,28,28,70,0,2,33,3,38,0,16,61,31,108,172,0,172,280
08/05/2005,BPT,TX,ASW,CE,Combined TRACON& Tower with Radar,0,13,40,54,107,0,0,28,0,28,0,13,68,54,135,196,0,196,331
08/06/2005,BPT,TX,ASW,CE,Combined TRACON& Tower with Radar,0,9,5,10,24,0,0,10,0,10,0,9,15,10,34,44,0,44,78
08/07/2005,BPT,TX,ASW,CE,Combined TRACON& Tower with Radar,0,20,15,0,35,0,0,15,0,15,0,20,30,0,50,28,0,28,78
08/08/2005,BPT,TX,ASW,CE,Combined TRACON& Tower with Radar,0,15,18,0,33,0,0,20,0,20,0,15,38,0,53,84,0,84,137
08/09/2005,BPT,TX,ASW,CE,Combined TRACON& Tower with Radar,2,13,13,5,33,0,1,13,0,14,2,14,26,5,47,52,0,52,99
08/10/2005,BPT,TX,ASW,CE,Combined TRACON& Tower with Radar,0,15,34,42,91,0,2,29,2,33,0,17,63,44,124,82,0,82,206
08/11/2005,BPT,TX,ASW,CE,Combined TRACON& Tower with Radar,0,13,19,24,56,0,0,23,1,24,0,13,42,25,80,182,0,182,262
08/12/2005,BPT,TX,ASW,CE,Combined TRACON& Tower with Radar,0,14,28,22,64,0,0,28,0,28,0,14,56,22,92,72,0,72,164
08/13/2005,BPT,TX,ASW,CE,Combined TRACON& Tower with Radar,0,8,8,0,16,0,2,7,0,9,0,10,15,0,25,86,0,86,111
08/14/2005,BPT,TX,ASW,CE,Combined TRACON& Tower with Radar,0,19,44,0,63,0,0,18,0,18,0,19,62,0,81,0,0,0,81
08/15/2005,BPT,TX,ASW,CE,Combined TRACON& Tower with Radar,0,13,17,2,32,0,0,17,0,17,0,13,34,2,49,54,0,54,103
08/16/2005,BPT,TX,ASW,CE,Combined TRACON& Tower with Radar,0,12,21,16,49,0,3,20,1,24,0,15,41,17,73,86,0,86,159
08/17/2005,BPT,TX,ASW,CE,Combined TRACON& Tower with Radar,0,19,35,56,110,0,2,36,5,43,0,21,71,61,153,164,0,164,317
08/18/2005,BPT,TX,ASW,CE,Combined TRACON& Tower with Radar,0,13,26,12,51,0,3,25,6,34,0,16,51,18,85,118,0,118,203
08/19/2005,BPT,TX,ASW,CE,Combined TRACON& Tower with Radar,0,20,34,84,138,0,2,38,2,42,0,22,72,86,180,148,0,148,328
08/20/2005,BPT,TX,ASW,CE,Combined TRACON& Tower with Radar,0,15,17,0,32,0,0,23,0,23,0,15,40,0,55,78,0,78,133
08/21/2005,BPT,TX,ASW,CE,Combined TRACON& Tower with Radar,0,14,14,3,31,0,1,25,1,27,0,15,39,4,58,58,0,58,116
08/22/2005,BPT,TX,ASW,CE,Combined TRACON& Tower with Radar,0,14,25,0,39,0,0,15,0,15,0,14,40,0,54,98,0,98,152
08/23/2005,BPT,TX,ASW,CE,Combined TRACON& Tower with Radar,0,11,32,18,61,0,0,21,1,22,0,11,53,19,83,54,0,54,137
08/24/2005,BPT,TX,ASW,CE,Combined TRACON& Tower with Radar,0,15,20,34,69,0,2,33,3,38,0,17,53,37,107,152,0,152,259
08/25/2005,BPT,TX,ASW,CE,Combined TRACON& Tower with Radar,0,24,46,25,95,0,2,25,1,28,0,26,71,26,123,170,0,170,293
08/26/2005,BPT,TX,ASW,CE,Combined TRACON& Tower with Radar,0,16,27,14,57,0,2,28,1,31,0,18,55,15,88,90,0,90,178
08/27/2005,BPT,TX,ASW,CE,Combined TRACON& Tower with Radar,0,8,43,1,52,0,0,37,1,38,0,8,80,2,90,126,0,126,216
08/28/2005,BPT,TX,ASW,CE,Combined TRACON& Tower with Radar,2,14,41,0,57,0,13,46,3,62,2,27,87,3,119,203,0,203,322
08/29/2005,BPT,TX,ASW,CE,Combined TRACON& Tower with Radar,0,21,12,27,60,0,0,22,0,22,0,21,34,27,82,70,0,70,152
08/30/2005,BPT,TX,ASW,CE,Combined TRACON& Tower with Radar,0,13,30,24,67,0,5,49,5,59,0,18,79,29,126,218,4,222,348
08/31/2005,BPT,TX,ASW,CE,Combined TRACON& Tower with Radar,0,13,37,48,98,0,6,39,2,47,0,19,76,50,145,176,0,176,321
09/01/2005,BPT,TX,ASW,CE,Combined TRACON& Tower with Radar,1,18,36,27,82,0,4,40,4,48,1,22,76,31,130,236,0,236,366
09/02/2005,BPT,TX,ASW,CE,Combined TRACON& Tower with Radar,0,17,30,0,47,0,3,41,3,47,0,20,71,3,94,206,0,206,300
09/03/2005,BPT,TX,ASW,CE,Combined TRACON& Tower with Radar,0,14,22,0,36,0,3,37,1,41,0,17,59,1,77,132,0,132,209
09/04/2005,BPT,TX,ASW,CE,Combined TRACON& Tower with Radar,0,9,24,0,33,0,2,29,4,35,0,11,53,4,68,58,0,58,126
09/05/2005,BPT,TX,ASW,CE,Combined TRACON& Tower with Radar,0,10,51,0,61,0,0,40,1,41,0,10,91,1,102,94,0,94,196
09/06/2005,BPT,TX,ASW,CE,Combined TRACON& Tower with Radar,0,15,30,10,55,0,0,21,2,23,0,15,51,12,78,136,0,136,214
09/07/2005,BPT,TX,ASW,CE,Combined TRACON& Tower with Radar,0,21,26,8,55,0,2,55,2,59,0,23,81,10,114,144,0,144,258
09/08/2005,BPT,TX,ASW,CE,Combined TRACON& Tower with Radar,0,17,48,60,125,0,6,45,7,58,0,23,93,67,183,124,0,124,307
09/09/2005,BPT,TX,ASW,CE,Combined TRACON& Tower with Radar,0,15,53,48,116,0,3,46,1,50,0,18,99,49,166,154,0,154,320
09/10/2005,BPT,TX,ASW,CE,Combined TRACON& Tower with Radar,2,7,13,2,24,0,1,18,2,21,2,8,31,4,45,70,0,70,115
09/11/2005,BPT,TX,ASW,CE,Combined TRACON& Tower with Radar,0,16,18,4,38,0,0,30,0,30,0,16,48,4,68,94,0,94,162
09/12/2005,BPT,TX,ASW,CE,Combined TRACON& Tower with Radar,0,12,15,17,44,0,0,4,1,5,0,12,19,18,49,60,0,60,109
09/13/2005,BPT,TX,ASW,CE,Combined TRACON& Tower with Radar,2,23,20,17,62,0,0,25,0,25,2,23,45,17,87,96,0,96,183
09/14/2005,BPT,TX,ASW,CE,Combined TRACON& Tower with Radar,0,22,36,12,70,0,4,28,2,34,0,26,64,14,104,150,0,150,254
09/15/2005,BPT,TX,ASW,CE,Combined TRACON& Tower with Radar,2,27,29,14,72,0,10,35,2,47,2,37,64,16,119,210,0,210,329
09/16/2005,BPT,TX,ASW,CE,Combined TRACON& Tower with Radar,0,18,37,12,67,0,6,41,1,48,0,24,78,13,115,198,0,198,313
09/17/2005,BPT,TX,ASW,CE,Combined TRACON& Tower with Radar,0,13,28,0,41,0,1,28,0,29,0,14,56,0,70,96,0,96,166
09/18/2005,BPT,TX,ASW,CE,Combined TRACON& Tower with Radar,2,11,20,12,45,0,0,29,0,29,2,11,49,12,74,110,0,110,184
09/19/2005,BPT,TX,ASW,CE,Combined TRACON& Tower with Radar,0,14,23,25,62,0,0,10,1,11,0,14,33,26,73,92,0,92,165
09/20/2005,BPT,TX,ASW,CE,Combined TRACON& Tower with Radar,0,15,20,9,44,0,0,25,0,25,0,15,45,9,69,128,0,128,197
09/21/2005,BPT,TX,ASW,CE,Combined TRACON& Tower with Radar,2,17,18,0,37,0,4,34,1,39,2,21,52,1,76,124,0,124,200
09/22/2005,BPT,TX,ASW,CE,Combined TRACON& Tower with Radar,0,32,99,43,174,0,4,69,5,78,0,36,168,48,252,32,0,32,284
09/23/2005,BPT,TX,ASW,CE,Combined TRACON& Tower with Radar,29,5,12,35,81,0,0,4,0,4,29,5,16,35,85,0,0,0,85
09/24/2005,BPT,TX,ASW,CE,Combined TRACON& Tower with Radar,0,0,0,0,0,0,0,0,0,0,0,0,0,0,0,0,0,0,0
09/25/2005,BPT,TX,ASW,CE,Combined TRACON& Tower with Radar,0,0,0,0,0,0,0,0,0,0,0,0,0,0,0,0,0,0,0
09/26/2005,BPT,TX,ASW,CE,Combined TRACON& Tower with Radar,0,5,24,15,44,0,8,42,19,69,0,13,66,34,113,210,0,210,323
09/27/2005,BPT,TX,ASW,CE,Combined TRACON& Tower with Radar,0,0,32,35,67,0,19,64,34,117,0,19,96,69,184,66,0,66,250
09/28/2005,BPT,TX,ASW,CE,Combined TRACON& Tower with Radar,0,0,48,5,53,0,21,48,24,93,0,21,96,29,146,174,0,174,320
09/29/2005,BPT,TX,ASW,CE,Combined TRACON& Tower with Radar,0,3,29,5,37,0,10,35,10,55,0,13,64,15,92,144,0,144,236
09/30/2005,BPT,TX,ASW,CE,Combined TRACON& Tower with Radar,1,12,27,8,48,0,20,69,12,101,1,32,96,20,149,166,0,166,315
10/01/2005,BPT,TX,ASW,CE,Combined TRACON& Tower with Radar,4,6,43,3,56,0,5,70,5,80,4,11,113,8,136,108,0,108,244
10/02/2005,BPT,TX,ASW,CE,Combined TRACON& Tower with Radar,8,0,18,3,29,0,15,51,4,70,8,15,69,7,99,182,0,182,281
10/03/2005,BPT,TX,ASW,CE,Combined TRACON& Tower with Radar,0,3,30,4,37,0,7,44,2,53,0,10,74,6,90,228,0,228,318
10/04/2005,BPT,TX,ASW,CE,Combined TRACON& Tower with Radar,0,6,22,3,31,0,2,47,9,58,0,8,69,12,89,200,0,200,289
10/05/2005,BPT,TX,ASW,CE,Combined TRACON& Tower with Radar,0,5,37,6,48,0,19,40,8,67,0,24,77,14,115,190,0,190,305
10/06/2005,BPT,TX,ASW,CE,Combined TRACON& Tower with Radar,0,7,44,32,83,0,6,65,7,78,0,13,109,39,161,340,0,340,501
10/07/2005,BPT,TX,ASW,CE,Combined TRACON& Tower with Radar,0,3,31,0,34,0,4,36,0,40,0,7,67,0,74,174,0,174,248
10/08/2005,BPT,TX,ASW,CE,Combined TRACON& Tower with Radar,1,3,15,2,21,0,5,25,10,40,1,8,40,12,61,156,0,156,217
10/09/2005,BPT,TX,ASW,CE,Combined TRACON& Tower with Radar,0,0,37,1,38,0,3,38,3,44,0,3,75,4,82,186,0,186,268
10/10/2005,BPT,TX,ASW,CE,Combined TRACON& Tower with Radar,0,3,15,0,18,0,0,4,0,4,0,3,19,0,22,36,0,36,58
10/11/2005,BPT,TX,ASW,CE,Combined TRACON& Tower with Radar,0,1,17,2,20,0,4,24,13,41,0,5,41,15,61,220,8,228,289
10/12/2005,BPT,TX,ASW,CE,Combined TRACON& Tower with Radar,0,2,35,18,55,0,13,38,2,53,0,15,73,20,108,192,0,192,300
10/13/2005,BPT,TX,ASW,CE,Combined TRACON& Tower with Radar,0,0,19,53,72,0,1,33,2,36,0,1,52,55,108,140,0,140,248
10/14/2005,BPT,TX,ASW,CE,Combined TRACON& Tower with Radar,0,1,15,17,33,0,4,29,1,34,0,5,44,18,67,152,0,152,219
10/15/2005,BPT,TX,ASW,CE,Combined TRACON& Tower with Radar,0,0,22,12,34,0,4,19,1,24,0,4,41,13,58,102,0,102,160
10/16/2005,BPT,TX,ASW,CE,Combined TRACON& Tower with Radar,0,0,22,8,30,0,1,29,0,30,0,1,51,8,60,102,0,102,162
10/17/2005,BPT,TX,ASW,CE,Combined TRACON& Tower with Radar,0,15,21,8,44,0,3,11,0,14,0,18,32,8,58,116,0,116,174
10/18/2005,BPT,TX,ASW,CE,Combined TRACON& Tower with Radar,0,17,30,5,52,0,6,27,0,33,0,23,57,5,85,156,0,156,241
10/19/2005,BPT,TX,ASW,CE,Combined TRACON& Tower with Radar,0,14,24,18,56,0,15,39,2,56,0,29,63,20,112,207,0,207,319
10/20/2005,BPT,TX,ASW,CE,Combined TRACON& Tower with Radar,0,12,32,32,76,0,4,46,1,51,0,16,78,33,127,170,0,170,297
10/21/2005,BPT,TX,ASW,CE,Combined TRACON& Tower with Radar,0,14,24,22,60,0,6,43,2,51,0,20,67,24,111,150,0,150,261
10/22/2005,BPT,TX,ASW,CE,Combined TRACON& Tower with Radar,0,12,15,8,35,0,1,14,0,15,0,13,29,8,50,52,0,52,102
10/23/2005,BPT,TX,ASW,CE,Combined TRACON& Tower with Radar,0,5,10,0,15,0,4,13,0,17,0,9,23,0,32,12,0,12,44
10/24/2005,BPT,TX,ASW,CE,Combined TRACON& Tower with Radar,0,11,26,4,41,0,5,17,1,23,0,16,43,5,64,228,0,228,292
10/25/2005,BPT,TX,ASW,CE,Combined TRACON& Tower with Radar,0,15,15,20,50,0,10,19,3,32,0,25,34,23,82,180,0,180,262
10/26/2005,BPT,TX,ASW,CE,Combined TRACON& Tower with Radar,0,14,35,11,60,0,11,49,3,63,0,25,84,14,123,156,0,156,279
10/27/2005,BPT,TX,ASW,CE,Combined TRACON& Tower with Radar,0,24,29,10,63,0,10,27,2,39,0,34,56,12,102,178,0,178,280
10/28/2005,BPT,TX,ASW,CE,Combined TRACON& Tower with Radar,0,18,31,13,62,0,10,32,5,47,0,28,63,18,109,182,4,186,295
10/29/2005,BPT,TX,ASW,CE,Combined TRACON& Tower with Radar,0,8,15,5,28,0,5,34,0,39,0,13,49,5,67,74,0,74,141
10/30/2005,BPT,TX,ASW,CE,Combined TRACON& Tower with Radar,0,5,16,0,21,0,4,14,2,20,0,9,30,2,41,80,0,80,121
10/31/2005,BPT,TX,ASW,CE,Combined TRACON& Tower with Radar,0,12,16,36,64,0,3,7,5,15,0,15,23,41,79,78,0,78,157
11/01/2005,BPT,TX,ASW,CE,Combined TRACON& Tower with Radar,0,12,23,24,59,0,8,17,2,27,0,20,40,26,86,92,0,92,178
11/02/2005,BPT,TX,ASW,CE,Combined TRACON& Tower with Radar,0,8,54,63,125,0,18,46,2,66,0,26,100,65,191,250,0,250,441
11/03/2005,BPT,TX,ASW,CE,Combined TRACON& Tower with Radar,0,10,42,49,101,0,11,56,5,72,0,21,98,54,173,210,0,210,383
11/04/2005,BPT,TX,ASW,CE,Combined TRACON& Tower with Radar,0,11,26,24,61,0,11,34,1,46,0,22,60,25,107,218,0,218,325
11/05/2005,BPT,TX,ASW,CE,Combined TRACON& Tower with Radar,0,6,24,0,30,0,9,32,0,41,0,15,56,0,71,174,0,174,245
11/06/2005,BPT,TX,ASW,CE,Combined TRACON& Tower with Radar,0,8,22,8,38,0,5,22,0,27,0,13,44,8,65,70,0,70,135
11/07/2005,BPT,TX,ASW,CE,Combined TRACON& Tower with Radar,0,13,26,9,48,0,1,6,0,7,0,14,32,9,55,80,0,80,135
11/08/2005,BPT,TX,ASW,CE,Combined TRACON& Tower with Radar,0,11,32,20,63,0,10,17,0,27,0,21,49,20,90,128,0,128,218
11/09/2005,BPT,TX,ASW,CE,Combined TRACON& Tower with Radar,0,13,35,52,100,0,17,20,1,38,0,30,55,53,138,160,0,160,298
11/10/2005,BPT,TX,ASW,CE,Combined TRACON& Tower with Radar,0,10,27,18,55,0,2,20,0,22,0,12,47,18,77,80,0,80,157
11/11/2005,BPT,TX,ASW,CE,Combined TRACON& Tower with Radar,0,9,28,1,38,0,3,35,7,45,0,12,63,8,83,72,0,72,155
11/12/2005,BPT,TX,ASW,CE,Combined TRACON& Tower with Radar,0,4,15,1,20,0,5,20,3,28,0,9,35,4,48,138,0,138,186
11/13/2005,BPT,TX,ASW,CE,Combined TRACON& Tower with Radar,0,6,42,0,48,0,5,22,6,33,0,11,64,6,81,82,0,82,163
11/14/2005,BPT,TX,ASW,CE,Combined TRACON& Tower with Radar,0,7,17,34,58,0,0,21,2,23,0,7,38,36,81,102,0,102,183
11/15/2005,BPT,TX,ASW,CE,Combined TRACON& Tower with Radar,0,11,14,2,27,0,10,10,2,22,0,21,24,4,49,140,0,140,189
11/16/2005,BPT,TX,ASW,CE,Combined TRACON& Tower with Radar,0,6,35,22,63,0,7,39,3,49,0,13,74,25,112,196,0,196,308
11/17/2005,BPT,TX,ASW,CE,Combined TRACON& Tower with Radar,0,10,26,9,45,0,9,30,1,40,0,19,56,10,85,88,0,88,173
11/18/2005,BPT,TX,ASW,CE,Combined TRACON& Tower with Radar,0,7,33,18,58,0,7,35,0,42,0,14,68,18,100,30,0,30,130
11/19/2005,BPT,TX,ASW,CE,Combined TRACON& Tower with Radar,0,4,20,0,24,0,9,35,0,44,0,13,55,0,68,82,0,82,150
11/20/2005,BPT,TX,ASW,CE,Combined TRACON& Tower with Radar,0,8,22,26,56,0,1,20,0,21,0,9,42,26,77,44,0,44,121
11/21/2005,BPT,TX,ASW,CE,Combined TRACON& Tower with Radar,0,6,20,34,60,0,14,27,0,41,0,20,47,34,101,198,0,198,299
11/22/2005,BPT,TX,ASW,CE,Combined TRACON& Tower with Radar,0,13,18,18,49,0,2,27,0,29,0,15,45,18,78,118,0,118,196
11/23/2005,BPT,TX,ASW,CE,Combined TRACON& Tower with Radar,0,9,57,0,66,0,8,55,2,65,0,17,112,2,131,194,0,194,325
11/24/2005,BPT,TX,ASW,CE,Combined TRACON& Tower with Radar,0,4,7,0,11,0,0,15,0,15,0,4,22,0,26,36,0,36,62
11/25/2005,BPT,TX,ASW,CE,Combined TRACON& Tower with Radar,0,6,22,0,28,0,0,24,0,24,0,6,46,0,52,52,0,52,104
11/26/2005,BPT,TX,ASW,CE,Combined TRACON& Tower with Radar,0,4,7,0,11,0,0,3,0,3,0,4,10,0,14,0,0,0,14
11/27/2005,BPT,TX,ASW,CE,Combined TRACON& Tower with Radar,0,10,27,0,37,0,0,6,0,6,0,10,33,0,43,11,0,11,54
11/28/2005,BPT,TX,ASW,CE,Combined TRACON& Tower with Radar,0,11,8,26,45,0,0,26,0,26,0,11,34,26,71,68,0,68,139
11/29/2005,BPT,TX,ASW,CE,Combined TRACON& Tower with Radar,0,10,11,21,42,0,2,36,2,40,0,12,47,23,82,54,0,54,136
11/30/2005,BPT,TX,ASW,CE,Combined TRACON& Tower with Radar,0,5,41,31,77,0,4,44,1,49,0,9,85,32,126,116,0,116,242
12/01/2005,BPT,TX,ASW,CE,Combined TRACON& Tower with Radar,1,8,25,16,50,0,1,17,1,19,1,9,42,17,69,82,0,82,151
12/02/2005,BPT,TX,ASW,CE,Combined TRACON& Tower with Radar,0,6,42,27,75,0,0,10,0,10,0,6,52,27,85,70,0,70,155
12/03/2005,BPT,TX,ASW,CE,Combined TRACON& Tower with Radar,0,4,17,1,22,0,1,20,1,22,0,5,37,2,44,100,0,100,144
12/04/2005,BPT,TX,ASW,CE,Combined TRACON& Tower with Radar,0,6,12,0,18,0,1,8,0,9,0,7,20,0,27,34,0,34,61
12/05/2005,BPT,TX,ASW,CE,Combined TRACON& Tower with Radar,0,12,26,12,50,0,0,20,0,20,0,12,46,12,70,90,0,90,160
12/06/2005,BPT,TX,ASW,CE,Combined TRACON& Tower with Radar,0,8,23,18,49,0,1,24,0,25,0,9,47,18,74,72,0,72,146
12/07/2005,BPT,TX,ASW,CE,Combined TRACON& Tower with Radar,0,8,44,58,110,0,3,16,0,19,0,11,60,58,129,114,0,114,243
12/08/2005,BPT,TX,ASW,CE,Combined TRACON& Tower with Radar,0,7,26,66,99,0,4,17,0,21,0,11,43,66,120,142,0,142,262
12/09/2005,BPT,TX,ASW,CE,Combined TRACON& Tower with Radar,0,8,23,10,41,0,2,29,2,33,0,10,52,12,74,90,0,90,164
12/10/2005,BPT,TX,ASW,CE,Combined TRACON& Tower with Radar,0,6,12,0,18,0,0,15,0,15,0,6,27,0,33,48,0,48,81
12/11/2005,BPT,TX,ASW,CE,Combined TRACON& Tower with Radar,0,7,35,4,46,0,1,40,0,41,0,8,75,4,87,80,0,80,167
12/12/2005,BPT,TX,ASW,CE,Combined TRACON& Tower with Radar,0,7,38,18,63,0,4,22,2,28,0,11,60,20,91,104,0,104,195
12/13/2005,BPT,TX,ASW,CE,Combined TRACON& Tower with Radar,0,6,31,6,43,0,1,33,5,39,0,7,64,11,82,38,0,38,120
12/14/2005,BPT,TX,ASW,CE,Combined TRACON& Tower with Radar,0,7,22,15,44,0,0,8,0,8,0,7,30,15,52,28,0,28,80
12/15/2005,BPT,TX,ASW,CE,Combined TRACON& Tower with Radar,0,8,47,36,91,0,8,33,1,42,0,16,80,37,133,122,0,122,255
12/16/2005,BPT,TX,ASW,CE,Combined TRACON& Tower with Radar,0,7,62,48,117,0,2,52,5,59,0,9,114,53,176,144,0,144,320
12/17/2005,BPT,TX,ASW,CE,Combined TRACON& Tower with Radar,0,5,18,2,25,0,0,14,0,14,0,5,32,2,39,2,0,2,41
12/18/2005,BPT,TX,ASW,CE,Combined TRACON& Tower with Radar,0,7,28,4,39,0,2,34,0,36,0,9,62,4,75,78,0,78,153
12/19/2005,BPT,TX,ASW,CE,Combined TRACON& Tower with Radar,0,9,39,6,54,0,0,26,0,26,0,9,65,6,80,94,0,94,174
12/20/2005,BPT,TX,ASW,CE,Combined TRACON& Tower with Radar,0,6,24,21,51,0,1,8,2,11,0,7,32,23,62,96,0,96,158
12/21/2005,BPT,TX,ASW,CE,Combined TRACON& Tower with Radar,0,6,28,36,70,0,1,28,0,29,0,7,56,36,99,42,34,76,175
12/22/2005,BPT,TX,ASW,CE,Combined TRACON& Tower with Radar,0,8,26,26,60,0,0,27,0,27,0,8,53,26,87,84,36,120,207
12/23/2005,BPT,TX,ASW,CE,Combined TRACON& Tower with Radar,0,6,20,0,26,0,1,17,0,18,0,7,37,0,44,52,0,52,96
12/24/2005,BPT,TX,ASW,CE,Combined TRACON& Tower with Radar,0,4,8,0,12,0,0,10,0,10,0,4,18,0,22,8,0,8,30
12/25/2005,BPT,TX,ASW,CE,Combined TRACON& Tower with Radar,0,6,12,0,18,0,1,9,0,10,0,7,21,0,28,20,0,20,48
12/26/2005,BPT,TX,ASW,CE,Combined TRACON& Tower with Radar,0,11,12,0,23,0,0,24,0,24,0,11,36,0,47,62,0,62,109
12/27/2005,BPT,TX,ASW,CE,Combined TRACON& Tower with Radar,0,7,23,0,30,0,0,5,0,5,0,7,28,0,35,44,0,44,79
12/28/2005,BPT,TX,ASW,CE,Combined TRACON& Tower with Radar,0,7,19,5,31,0,1,35,0,36,0,8,54,5,67,100,12,112,179
12/29/2005,BPT,TX,ASW,CE,Combined TRACON& Tower with Radar,0,6,23,1,30,0,0,39,1,40,0,6,62,2,70,56,0,56,126
12/30/2005,BPT,TX,ASW,CE,Combined TRACON& Tower with Radar,1,6,14,0,21,0,1,21,0,22,1,7,35,0,43,20,0,20,63
12/31/2005,BPT,TX,ASW,CE,Combined TRACON& Tower with Radar,0,5,10,0,15,0,0,14,0,14,0,5,24,0,29,26,0,26,55
01/01/2006,BPT,TX,ASW,CE,Combined TRACON& Tower with Radar,0,23,12,0,35,0,0,1,0,1,0,23,13,0,36,0,0,0,36
01/02/2006,BPT,TX,ASW,CE,Combined TRACON& Tower with Radar,0,8,12,0,20,0,0,21,0,21,0,8,33,0,41,0,0,0,41
01/03/2006,BPT,TX,ASW,CE,Combined TRACON& Tower with Radar,0,7,22,15,44,0,1,32,0,33,0,8,54,15,77,26,0,26,103
01/04/2006,BPT,TX,ASW,CE,Combined TRACON& Tower with Radar,0,11,20,17,48,0,1,21,2,24,0,12,41,19,72,6,0,6,78
01/05/2006,BPT,TX,ASW,CE,Combined TRACON& Tower with Radar,0,10,29,24,63,0,0,38,6,44,0,10,67,30,107,156,0,156,263
01/06/2006,BPT,TX,ASW,CE,Combined TRACON& Tower with Radar,0,12,20,27,59,0,2,36,16,54,0,14,56,43,113,6,0,6,119
01/07/2006,BPT,TX,ASW,CE,Combined TRACON& Tower with Radar,0,6,35,0,41,0,1,56,3,60,0,7,91,3,101,68,0,68,169
01/08/2006,BPT,TX,ASW,CE,Combined TRACON& Tower with Radar,0,10,25,9,44,0,0,39,2,41,0,10,64,11,85,20,0,20,105
01/09/2006,BPT,TX,ASW,CE,Combined TRACON& Tower with Radar,0,11,20,11,42,0,0,20,0,20,0,11,40,11,62,0,0,0,62
01/10/2006,BPT,TX,ASW,CE,Combined TRACON& Tower with Radar,0,12,32,31,75,0,2,34,5,41,0,14,66,36,116,52,0,52,168
01/11/2006,BPT,TX,ASW,CE,Combined TRACON& Tower with Radar,0,10,32,21,63,0,2,44,1,47,0,12,76,22,110,24,0,24,134
01/12/2006,BPT,TX,ASW,CE,Combined TRACON& Tower with Radar,0,14,18,22,54,0,2,12,3,17,0,16,30,25,71,2,0,2,73
01/13/2006,BPT,TX,ASW,CE,Combined TRACON& Tower with Radar,0,12,33,5,50,0,3,21,2,26,0,15,54,7,76,0,0,0,76
01/14/2006,BPT,TX,ASW,CE,Combined TRACON& Tower with Radar,0,5,48,0,53,0,0,48,2,50,0,5,96,2,103,2,0,2,105
01/15/2006,BPT,TX,ASW,CE,Combined TRACON& Tower with Radar,0,9,17,0,26,0,0,21,0,21,0,9,38,0,47,20,0,20,67
01/16/2006,BPT,TX,ASW,CE,Combined TRACON& Tower with Radar,0,11,21,12,44,0,1,6,0,7,0,12,27,12,51,0,0,0,51
01/17/2006,BPT,TX,ASW,CE,Combined TRACON& Tower with Radar,0,10,26,27,63,0,1,11,0,12,0,11,37,27,75,10,0,10,85
01/18/2006,BPT,TX,ASW,CE,Combined TRACON& Tower with Radar,2,9,26,28,65,0,5,30,0,35,2,14,56,28,100,0,0,0,100
01/19/2006,BPT,TX,ASW,CE,Combined TRACON& Tower with Radar,0,13,35,0,48,0,1,18,1,20,0,14,53,1,68,40,0,40,108
01/20/2006,BPT,TX,ASW,CE,Combined TRACON& Tower with Radar,0,10,19,9,38,0,5,24,0,29,0,15,43,9,67,20,0,20,87
01/21/2006,BPT,TX,ASW,CE,Combined TRACON& Tower with Radar,1,4,17,0,22,0,1,17,0,18,1,5,34,0,40,30,0,30,70
01/22/2006,BPT,TX,ASW,CE,Combined TRACON& Tower with Radar,0,9,28,0,37,0,0,9,0,9,0,9,37,0,46,0,0,0,46
01/23/2006,BPT,TX,ASW,CE,Combined TRACON& Tower with Radar,0,12,26,7,45,0,1,1,0,2,0,13,27,7,47,0,0,0,47
01/24/2006,BPT,TX,ASW,CE,Combined TRACON& Tower with Radar,0,12,41,8,61,0,1,28,1,30,0,13,69,9,91,86,0,86,177
01/25/2006,BPT,TX,ASW,CE,Combined TRACON& Tower with Radar,0,15,48,22,85,0,5,33,0,38,0,20,81,22,123,20,0,20,143
01/26/2006,BPT,TX,ASW,CE,Combined TRACON& Tower with Radar,0,12,40,9,61,0,1,36,4,41,0,13,76,13,102,70,0,70,172
01/27/2006,BPT,TX,ASW,CE,Combined TRACON& Tower with Radar,0,11,34,5,50,0,0,0,0,0,0,11,34,5,50,36,0,36,86
01/28/2006,BPT,TX,ASW,CE,Combined TRACON& Tower with Radar,0,5,9,0,14,0,0,2,0,2,0,5,11,0,16,0,0,0,16
01/29/2006,BPT,TX,ASW,CE,Combined TRACON& Tower with Radar,0,8,29,0,37,0,3,30,1,34,0,11,59,1,71,16,0,16,87
01/30/2006,BPT,TX,ASW,CE,Combined TRACON& Tower with Radar,0,10,15,19,44,0,11,29,1,41,0,21,44,20,85,32,0,32,117
01/31/2006,BPT,TX,ASW,CE,Combined TRACON& Tower with Radar,0,13,45,16,74,0,4,61,0,65,0,17,106,16,139,22,0,22,161
02/01/2006,BPT,TX,ASW,CE,Combined TRACON& Tower with Radar,0,14,17,0,31,0,3,9,0,12,0,17,26,0,43,0,0,0,43
02/02/2006,BPT,TX,ASW,CE,Combined TRACON& Tower with Radar,0,13,17,0,30,0,3,29,0,32,0,16,46,0,62,66,0,66,128
02/03/2006,BPT,TX,ASW,CE,Combined TRACON& Tower with Radar,0,11,60,20,91,0,1,33,1,35,0,12,93,21,126,68,0,68,194
02/04/2006,BPT,TX,ASW,CE,Combined TRACON& Tower with Radar,0,5,9,6,20,0,2,42,1,45,0,7,51,7,65,68,0,68,133
02/05/2006,BPT,TX,ASW,CE,Combined TRACON& Tower with Radar,0,7,33,6,46,0,1,25,3,29,0,8,58,9,75,40,0,40,115
02/06/2006,BPT,TX,ASW,CE,Combined TRACON& Tower with Radar,0,13,23,13,49,0,1,29,4,34,0,14,52,17,83,34,0,34,117
02/07/2006,BPT,TX,ASW,CE,Combined TRACON& Tower with Radar,0,12,37,18,67,0,1,34,0,35,0,13,71,18,102,78,0,78,180
02/08/2006,BPT,TX,ASW,CE,Combined TRACON& Tower with Radar,0,12,18,9,39,0,3,26,0,29,0,15,44,9,68,28,0,28,96
02/09/2006,BPT,TX,ASW,CE,Combined TRACON& Tower with Radar,0,12,29,2,43,0,0,30,0,30,0,12,59,2,73,30,0,30,103
02/10/2006,BPT,TX,ASW,CE,Combined TRACON& Tower with Radar,0,12,13,9,34,0,2,7,0,9,0,14,20,9,43,0,0,0,43
02/11/2006,BPT,TX,ASW,CE,Combined TRACON& Tower with Radar,0,9,22,0,31,0,0,20,0,20,0,9,42,0,51,70,0,70,121
02/12/2006,BPT,TX,ASW,CE,Combined TRACON& Tower with Radar,0,9,36,16,61,0,1,53,0,54,0,10,89,16,115,58,0,58,173
02/13/2006,BPT,TX,ASW,CE,Combined TRACON& Tower with Radar,0,10,32,11,53,0,3,38,3,44,0,13,70,14,97,56,0,56,153
02/14/2006,BPT,TX,ASW,CE,Combined TRACON& Tower with Radar,0,10,19,0,29,0,3,30,0,33,0,13,49,0,62,44,0,44,106
02/15/2006,BPT,TX,ASW,CE,Combined TRACON& Tower with Radar,0,12,35,15,62,0,7,18,0,25,0,19,53,15,87,40,0,40,127
02/16/2006,BPT,TX,ASW,CE,Combined TRACON& Tower with Radar,0,9,29,47,85,0,1,26,1,28,0,10,55,48,113,34,0,34,147
02/17/2006,BPT,TX,ASW,CE,Combined TRACON& Tower with Radar,0,9,23,9,41,0,4,1,0,5,0,13,24,9,46,0,0,0,46
02/18/2006,BPT,TX,ASW,CE,Combined TRACON& Tower with Radar,0,8,13,0,21,0,0,0,0,0,0,8,13,0,21,0,0,0,21
02/19/2006,BPT,TX,ASW,CE,Combined TRACON& Tower with Radar,0,8,9,0,17,0,0,0,6,6,0,8,9,6,23,0,0,0,23
02/20/2006,BPT,TX,ASW,CE,Combined TRACON& Tower with Radar,0,10,21,0,31,0,0,0,0,0,0,10,21,0,31,0,0,0,31
02/21/2006,BPT,TX,ASW,CE,Combined TRACON& Tower with Radar,0,10,29,0,39,0,0,0,0,0,0,10,29,0,39,22,0,22,61
02/22/2006,BPT,TX,ASW,CE,Combined TRACON& Tower with Radar,0,17,29,32,78,0,3,2,0,5,0,20,31,32,83,0,0,0,83
02/23/2006,BPT,TX,ASW,CE,Combined TRACON& Tower with Radar,0,12,50,19,81,0,4,16,0,20,0,16,66,19,101,44,0,44,145
02/24/2006,BPT,TX,ASW,CE,Combined TRACON& Tower with Radar,0,10,35,12,57,0,9,22,0,31,0,19,57,12,88,20,0,20,108
02/25/2006,BPT,TX,ASW,CE,Combined TRACON& Tower with Radar,0,8,8,6,22,0,0,0,0,0,0,8,8,6,22,0,0,0,22
02/26/2006,BPT,TX,ASW,CE,Combined TRACON& Tower with Radar,0,11,30,12,53,0,5,37,0,42,0,16,67,12,95,64,0,64,159
02/27/2006,BPT,TX,ASW,CE,Combined TRACON& Tower with Radar,0,10,32,21,63,0,4,33,0,37,0,14,65,21,100,10,0,10,110
02/28/2006,BPT,TX,ASW,CE,Combined TRACON& Tower with Radar,0,9,23,0,32,0,0,36,1,37,0,9,59,1,69,50,0,50,119
03/01/2006,BPT,TX,ASW,CE,Combined TRACON& Tower with Radar,0,13,32,16,61,0,5,33,0,38,0,18,65,16,99,26,0,26,125
03/02/2006,BPT,TX,ASW,CE,Combined TRACON& Tower with Radar,0,10,38,12,60,0,1,25,0,26,0,11,63,12,86,43,0,43,129
03/03/2006,BPT,TX,ASW,CE,Combined TRACON& Tower with Radar,0,9,32,8,49,0,0,18,0,18,0,9,50,8,67,40,0,40,107
03/04/2006,BPT,TX,ASW,CE,Combined TRACON& Tower with Radar,0,1,15,0,16,0,0,41,0,41,0,1,56,0,57,100,0,100,157
03/05/2006,BPT,TX,ASW,CE,Combined TRACON& Tower with Radar,0,15,21,5,41,0,6,31,0,37,0,21,52,5,78,74,0,74,152
03/06/2006,BPT,TX,ASW,CE,Combined TRACON& Tower with Radar,0,13,20,11,44,0,5,6,0,11,0,18,26,11,55,62,0,62,117
03/07/2006,BPT,TX,ASW,CE,Combined TRACON& Tower with Radar,0,9,44,6,59,0,1,5,1,7,0,10,49,7,66,0,0,0,66
03/08/2006,BPT,TX,ASW,CE,Combined TRACON& Tower with Radar,0,13,27,12,52,0,8,13,0,21,0,21,40,12,73,0,0,0,73
03/09/2006,BPT,TX,ASW,CE,Combined TRACON& Tower with Radar,0,11,29,0,40,0,3,12,0,15,0,14,41,0,55,0,0,0,55
03/10/2006,BPT,TX,ASW,CE,Combined TRACON& Tower with Radar,0,9,53,8,70,0,1,4,1,6,0,10,57,9,76,0,0,0,76
03/11/2006,BPT,TX,ASW,CE,Combined TRACON& Tower with Radar,0,7,33,0,40,0,2,19,0,21,0,9,52,0,61,34,0,34,95
03/12/2006,BPT,TX,ASW,CE,Combined TRACON& Tower with Radar,0,9,32,0,41,0,6,21,0,27,0,15,53,0,68,40,0,40,108
03/13/2006,BPT,TX,ASW,CE,Combined TRACON& Tower with Radar,0,15,26,15,56,0,5,29,1,35,0,20,55,16,91,10,0,10,101
03/14/2006,BPT,TX,ASW,CE,Combined TRACON& Tower with Radar,2,11,23,12,48,0,5,47,1,53,2,16,70,13,101,54,0,54,155
03/15/2006,BPT,TX,ASW,CE,Combined TRACON& Tower with Radar,0,13,37,19,69,0,9,48,0,57,0,22,85,19,126,44,0,44,170
03/16/2006,BPT,TX,ASW,CE,Combined TRACON& Tower with Radar,0,17,21,9,47,0,1,15,0,16,0,18,36,9,63,0,0,0,63
03/17/2006,BPT,TX,ASW,CE,Combined TRACON& Tower with Radar,0,12,19,15,46,0,6,13,0,19,0,18,32,15,65,28,0,28,93
03/18/2006,BPT,TX,ASW,CE,Combined TRACON& Tower with Radar,0,7,21,0,28,0,5,15,1,21,0,12,36,1,49,76,0,76,125
03/19/2006,BPT,TX,ASW,CE,Combined TRACON& Tower with Radar,0,12,13,18,43,0,1,3,0,4,0,13,16,18,47,46,0,46,93
03/20/2006,BPT,TX,ASW,CE,Combined TRACON& Tower with Radar,0,9,27,0,36,0,0,7,0,7,0,9,34,0,43,46,0,46,89
03/21/2006,BPT,TX,ASW,CE,Combined TRACON& Tower with Radar,0,12,36,8,56,0,2,41,0,43,0,14,77,8,99,40,0,40,139
03/22/2006,BPT,TX,ASW,CE,Combined TRACON& Tower with Radar,0,12,13,11,36,0,2,20,0,22,0,14,33,11,58,0,0,0,58
03/23/2006,BPT,TX,ASW,CE,Combined TRACON& Tower with Radar,0,11,32,32,75,0,2,21,0,23,0,13,53,32,98,26,0,26,124
03/24/2006,BPT,TX,ASW,CE,Combined TRACON& Tower with Radar,0,11,26,0,37,0,0,18,6,24,0,11,44,6,61,50,0,50,111
03/25/2006,BPT,TX,ASW,CE,Combined TRACON& Tower with Radar,0,12,32,0,44,0,0,54,0,54,0,12,86,0,98,34,0,34,132
03/26/2006,BPT,TX,ASW,CE,Combined TRACON& Tower with Radar,0,12,32,0,44,0,1,0,0,1,0,13,32,0,45,20,0,20,65
03/27/2006,BPT,TX,ASW,CE,Combined TRACON& Tower with Radar,0,10,16,17,43,0,2,21,0,23,0,12,37,17,66,34,0,34,100
03/28/2006,BPT,TX,ASW,CE,Combined TRACON& Tower with Radar,0,13,26,1,40,0,2,2,0,4,0,15,28,1,44,18,0,18,62
03/29/2006,BPT,TX,ASW,CE,Combined TRACON& Tower with Radar,0,13,32,16,61,0,0,7,0,7,0,13,39,16,68,14,0,14,82
03/30/2006,BPT,TX,ASW,CE,Combined TRACON& Tower with Radar,0,15,79,0,94,0,2,21,2,25,0,17,100,2,119,6,0,6,125
03/31/2006,BPT,TX,ASW,CE,Combined TRACON& Tower with Radar,0,9,51,12,72,0,1,15,0,16,0,10,66,12,88,0,0,0,88
04/01/2006,BPT,TX,ASW,CE,Combined TRACON& Tower with Radar,0,7,31,0,38,0,1,16,0,17,0,8,47,0,55,12,0,12,67
04/02/2006,BPT,TX,ASW,CE,Combined TRACON& Tower with Radar,0,9,27,8,44,0,0,17,0,17,0,9,44,8,61,4,0,4,65
04/03/2006,BPT,TX,ASW,CE,Combined TRACON& Tower with Radar,0,18,23,6,47,0,2,8,0,10,0,20,31,6,57,40,0,40,97
04/04/2006,BPT,TX,ASW,CE,Combined TRACON& Tower with Radar,0,12,26,0,38,0,5,37,0,42,0,17,63,0,80,8,0,8,88
04/05/2006,BPT,TX,ASW,CE,Combined TRACON& Tower with Radar,0,11,34,23,68,0,0,0,0,0,0,11,34,23,68,28,0,28,96
04/06/2006,BPT,TX,ASW,CE,Combined TRACON& Tower with Radar,0,14,42,16,72,0,3,25,0,28,0,17,67,16,100,100,0,100,200
04/07/2006,BPT,TX,ASW,CE,Combined TRACON& Tower with Radar,0,20,19,4,43,0,4,11,0,15,0,24,30,4,58,0,0,0,58
04/08/2006,BPT,TX,ASW,CE,Combined TRACON& Tower with Radar,0,6,23,4,33,0,0,35,0,35,0,6,58,4,68,84,0,84,152
04/09/2006,BPT,TX,ASW,CE,Combined TRACON& Tower with Radar,0,13,31,4,48,0,3,29,0,32,0,16,60,4,80,44,0,44,124
04/10/2006,BPT,TX,ASW,CE,Combined TRACON& Tower with Radar,0,12,20,0,32,0,1,35,0,36,0,13,55,0,68,22,0,22,90
04/11/2006,BPT,TX,ASW,CE,Combined TRACON& Tower with Radar,0,10,28,6,44,0,3,52,3,58,0,13,80,9,102,12,0,12,114
04/12/2006,BPT,TX,ASW,CE,Combined TRACON& Tower with Radar,0,14,21,11,46,0,5,39,1,45,0,19,60,12,91,20,0,20,111
04/13/2006,BPT,TX,ASW,CE,Combined TRACON& Tower with Radar,0,14,63,8,85,0,2,37,0,39,0,16,100,8,124,4,0,4,128
04/14/2006,BPT,TX,ASW,CE,Combined TRACON& Tower with Radar,0,12,31,6,49,0,0,36,0,36,0,12,67,6,85,20,0,20,105
04/15/2006,BPT,TX,ASW,CE,Combined TRACON& Tower with Radar,0,9,15,4,28,0,2,40,0,42,0,11,55,4,70,84,0,84,154
04/16/2006,BPT,TX,ASW,CE,Combined TRACON& Tower with Radar,0,11,34,14,59,0,2,18,0,20,0,13,52,14,79,0,0,0,79
04/17/2006,BPT,TX,ASW,CE,Combined TRACON& Tower with Radar,0,11,39,50,100,1,3,21,3,28,1,14,60,53,128,24,0,24,152
04/18/2006,BPT,TX,ASW,CE,Combined TRACON& Tower with Radar,0,28,41,14,83,0,3,30,1,34,0,31,71,15,117,44,0,44,161
04/19/2006,BPT,TX,ASW,CE,Combined TRACON& Tower with Radar,0,14,38,22,74,0,2,36,13,51,0,16,74,35,125,46,0,46,171
04/20/2006,BPT,TX,ASW,CE,Combined TRACON& Tower with Radar,0,15,40,14,69,0,4,24,13,41,0,19,64,27,110,48,0,48,158
04/21/2006,BPT,TX,ASW,CE,Combined TRACON& Tower with Radar,0,13,24,0,37,0,5,27,14,46,0,18,51,14,83,22,0,22,105
04/22/2006,BPT,TX,ASW,CE,Combined TRACON& Tower with Radar,0,7,30,0,37,0,2,29,7,38,0,9,59,7,75,42,0,42,117
04/23/2006,BPT,TX,ASW,CE,Combined TRACON& Tower with Radar,0,12,11,3,26,0,1,36,5,42,0,13,47,8,68,72,0,72,140
04/24/2006,BPT,TX,ASW,CE,Combined TRACON& Tower with Radar,0,14,12,11,37,0,2,14,3,19,0,16,26,14,56,34,0,34,90
04/25/2006,BPT,TX,ASW,CE,Combined TRACON& Tower with Radar,0,12,47,14,73,0,6,19,1,26,0,18,66,15,99,92,0,92,191
04/26/2006,BPT,TX,ASW,CE,Combined TRACON& Tower with Radar,0,13,34,10,57,0,0,11,2,13,0,13,45,12,70,70,0,70,140
04/27/2006,BPT,TX,ASW,CE,Combined TRACON& Tower with Radar,0,13,38,9,60,0,1,45,0,46,0,14,83,9,106,92,0,92,198
04/28/2006,BPT,TX,ASW,CE,Combined TRACON& Tower with Radar,0,24,47,13,84,0,3,20,0,23,0,27,67,13,107,66,0,66,173
04/29/2006,BPT,TX,ASW,CE,Combined TRACON& Tower with Radar,0,4,8,0,12,0,0,4,0,4,0,4,12,0,16,10,0,10,26
04/30/2006,BPT,TX,ASW,CE,Combined TRACON& Tower with Radar,0,18,48,0,66,0,2,26,0,28,0,20,74,0,94,16,0,16,110
05/01/2006,BPT,TX,ASW,CE,Combined TRACON& Tower with Radar,0,13,42,8,63,0,2,31,0,33,0,15,73,8,96,134,0,134,230
05/02/2006,BPT,TX,ASW,CE,Combined TRACON& Tower with Radar,0,13,17,20,50,0,6,22,1,29,0,19,39,21,79,52,0,52,131
05/03/2006,BPT,TX,ASW,CE,Combined TRACON& Tower with Radar,0,10,20,18,48,0,3,24,0,27,0,13,44,18,75,38,0,38,113
05/04/2006,BPT,TX,ASW,CE,Combined TRACON& Tower with Radar,0,13,22,18,53,0,1,24,0,25,0,14,46,18,78,28,0,28,106
05/05/2006,BPT,TX,ASW,CE,Combined TRACON& Tower with Radar,0,9,16,19,44,0,0,25,0,25,0,9,41,19,69,16,0,16,85
05/06/2006,BPT,TX,ASW,CE,Combined TRACON& Tower with Radar,0,7,5,0,12,0,0,10,0,10,0,7,15,0,22,22,0,22,44
05/07/2006,BPT,TX,ASW,CE,Combined TRACON& Tower with Radar,0,11,34,0,45,0,1,10,0,11,0,12,44,0,56,30,0,30,86
05/08/2006,BPT,TX,ASW,CE,Combined TRACON& Tower with Radar,0,11,44,4,59,0,2,19,1,22,0,13,63,5,81,84,0,84,165
05/09/2006,BPT,TX,ASW,CE,Combined TRACON& Tower with Radar,0,22,29,2,53,0,4,29,0,33,0,26,58,2,86,64,0,64,150
05/10/2006,BPT,TX,ASW,CE,Combined TRACON& Tower with Radar,0,10,30,16,56,0,8,34,0,42,0,18,64,16,98,24,0,24,122
05/11/2006,BPT,TX,ASW,CE,Combined TRACON& Tower with Radar,0,9,22,12,43,0,6,49,1,56,0,15,71,13,99,56,0,56,155
05/12/2006,BPT,TX,ASW,CE,Combined TRACON& Tower with Radar,0,13,35,26,74,0,2,47,2,51,0,15,82,28,125,50,0,50,175
05/13/2006,BPT,TX,ASW,CE,Combined TRACON& Tower with Radar,0,6,42,0,48,0,5,60,0,65,0,11,102,0,113,84,0,84,197
05/14/2006,BPT,TX,ASW,CE,Combined TRACON& Tower with Radar,0,13,11,0,24,0,0,8,0,8,0,13,19,0,32,0,0,0,32
05/15/2006,BPT,TX,ASW,CE,Combined TRACON& Tower with Radar,0,9,26,0,35,0,2,37,0,39,0,11,63,0,74,40,0,40,114
05/16/2006,BPT,TX,ASW,CE,Combined TRACON& Tower with Radar,0,13,41,21,75,0,0,53,0,53,0,13,94,21,128,20,0,20,148
05/17/2006,BPT,TX,ASW,CE,Combined TRACON& Tower with Radar,0,18,48,16,82,0,4,31,2,37,0,22,79,18,119,70,0,70,189
05/18/2006,BPT,TX,ASW,CE,Combined TRACON& Tower with Radar,0,15,39,0,54,0,4,55,0,59,0,19,94,0,113,116,0,116,229
05/19/2006,BPT,TX,ASW,CE,Combined TRACON& Tower with Radar,0,14,20,7,41,0,3,32,0,35,0,17,52,7,76,0,0,0,76
05/20/2006,BPT,TX,ASW,CE,Combined TRACON& Tower with Radar,0,8,17,0,25,0,1,26,0,27,0,9,43,0,52,28,0,28,80
05/21/2006,BPT,TX,ASW,CE,Combined TRACON& Tower with Radar,0,11,15,8,34,0,3,16,0,19,0,14,31,8,53,14,0,14,67
05/22/2006,BPT,TX,ASW,CE,Combined TRACON& Tower with Radar,0,11,45,16,72,0,2,33,2,37,0,13,78,18,109,62,0,62,171
05/23/2006,BPT,TX,ASW,CE,Combined TRACON& Tower with Radar,0,11,40,22,73,0,0,41,0,41,0,11,81,22,114,60,0,60,174
05/24/2006,BPT,TX,ASW,CE,Combined TRACON& Tower with Radar,0,13,16,6,35,0,4,39,2,45,0,17,55,8,80,34,0,34,114
05/25/2006,BPT,TX,ASW,CE,Combined TRACON& Tower with Radar,0,10,27,5,42,0,3,28,0,31,0,13,55,5,73,34,0,34,107
05/26/2006,BPT,TX,ASW,CE,Combined TRACON& Tower with Radar,0,10,19,0,29,0,3,27,1,31,0,13,46,1,60,0,0,0,60
05/27/2006,BPT,TX,ASW,CE,Combined TRACON& Tower with Radar,0,10,18,0,28,0,1,14,0,15,0,11,32,0,43,0,0,0,43
05/28/2006,BPT,TX,ASW,CE,Combined TRACON& Tower with Radar,0,5,10,0,15,0,0,17,0,17,0,5,27,0,32,14,0,14,46
05/29/2006,BPT,TX,ASW,CE,Combined TRACON& Tower with Radar,0,6,18,10,34,0,3,2,0,5,0,9,20,10,39,0,0,0,39
05/30/2006,BPT,TX,ASW,CE,Combined TRACON& Tower with Radar,3,18,19,14,54,0,1,18,0,19,3,19,37,14,73,48,0,48,121
05/31/2006,BPT,TX,ASW,CE,Combined TRACON& Tower with Radar,1,15,29,4,49,0,2,32,0,34,1,17,61,4,83,54,0,54,137
06/01/2006,BPT,TX,ASW,CE,Combined TRACON& Tower with Radar,1,11,22,43,77,0,4,14,0,18,1,15,36,43,95,80,0,80,175
06/02/2006,BPT,TX,ASW,CE,Combined TRACON& Tower with Radar,0,10,27,31,68,0,5,27,0,32,0,15,54,31,100,28,0,28,128
06/03/2006,BPT,TX,ASW,CE,Combined TRACON& Tower with Radar,0,6,23,0,29,0,1,38,0,39,0,7,61,0,68,48,0,48,116
06/04/2006,BPT,TX,ASW,CE,Combined TRACON& Tower with Radar,0,9,28,0,37,0,8,34,0,42,0,17,62,0,79,30,0,30,109
06/05/2006,BPT,TX,ASW,CE,Combined TRACON& Tower with Radar,0,10,15,5,30,0,6,35,0,41,0,16,50,5,71,74,0,74,145
06/06/2006,BPT,TX,ASW,CE,Combined TRACON& Tower with Radar,0,11,18,21,50,0,4,45,0,49,0,15,63,21,99,92,0,92,191
06/07/2006,BPT,TX,ASW,CE,Combined TRACON& Tower with Radar,0,10,21,21,52,0,3,47,1,51,0,13,68,22,103,34,0,34,137
06/08/2006,BPT,TX,ASW,CE,Combined TRACON& Tower with Radar,0,10,34,9,53,0,0,34,0,34,0,10,68,9,87,64,0,64,151
06/09/2006,BPT,TX,ASW,CE,Combined TRACON& Tower with Radar,0,10,22,19,51,0,1,44,0,45,0,11,66,19,96,14,0,14,110
06/10/2006,BPT,TX,ASW,CE,Combined TRACON& Tower with Radar,0,24,16,0,40,0,2,30,0,32,0,26,46,0,72,14,0,14,86
06/11/2006,BPT,TX,ASW,CE,Combined TRACON& Tower with Radar,0,10,41,0,51,0,3,40,0,43,0,13,81,0,94,82,0,82,176
06/12/2006,BPT,TX,ASW,CE,Combined TRACON& Tower with Radar,0,11,11,26,48,0,3,32,0,35,0,14,43,26,83,0,0,0,83
06/13/2006,BPT,TX,ASW,CE,Combined TRACON& Tower with Radar,0,19,44,9,72,0,5,35,0,40,0,24,79,9,112,26,0,26,138
06/14/2006,BPT,TX,ASW,CE,Combined TRACON& Tower with Radar,0,10,24,14,48,0,2,28,0,30,0,12,52,14,78,20,0,20,98
06/15/2006,BPT,TX,ASW,CE,Combined TRACON& Tower with Radar,0,17,36,2,55,0,4,35,0,39,0,21,71,2,94,36,0,36,130
06/16/2006,BPT,TX,ASW,CE,Combined TRACON& Tower with Radar,0,11,13,2,26,0,1,16,0,17,0,12,29,2,43,10,0,10,53
06/17/2006,BPT,TX,ASW,CE,Combined TRACON& Tower with Radar,4,18,16,0,38,3,1,9,0,13,7,19,25,0,51,20,0,20,71
06/18/2006,BPT,TX,ASW,CE,Combined TRACON& Tower with Radar,2,13,10,6,31,0,0,12,0,12,2,13,22,6,43,12,0,12,55
06/19/2006,BPT,TX,ASW,CE,Combined TRACON& Tower with Radar,0,12,12,8,32,0,1,3,0,4,0,13,15,8,36,0,0,0,36
06/20/2006,BPT,TX,ASW,CE,Combined TRACON& Tower with Radar,0,14,19,8,41,0,0,18,0,18,0,14,37,8,59,64,0,64,123
06/21/2006,BPT,TX,ASW,CE,Combined TRACON& Tower with Radar,0,12,23,14,49,0,5,29,2,36,0,17,52,16,85,16,0,16,101
06/22/2006,BPT,TX,ASW,CE,Combined TRACON& Tower with Radar,6,14,15,8,43,0,0,38,6,44,6,14,53,14,87,76,0,76,163
06/23/2006,BPT,TX,ASW,CE,Combined TRACON& Tower with Radar,0,10,12,29,51,0,2,37,0,39,0,12,49,29,90,120,0,120,210
06/24/2006,BPT,TX,ASW,CE,Combined TRACON& Tower with Radar,0,9,25,0,34,0,2,32,0,34,0,11,57,0,68,70,0,70,138
06/25/2006,BPT,TX,ASW,CE,Combined TRACON& Tower with Radar,0,10,23,2,35,0,2,23,0,25,0,12,46,2,60,18,0,18,78
06/26/2006,BPT,TX,ASW,CE,Combined TRACON& Tower with Radar,0,11,16,36,63,0,2,45,0,47,0,13,61,36,110,104,0,104,214
06/27/2006,BPT,TX,ASW,CE,Combined TRACON& Tower with Radar,0,9,24,0,33,0,0,31,0,31,0,9,55,0,64,38,0,38,102
06/28/2006,BPT,TX,ASW,CE,Combined TRACON& Tower with Radar,0,13,23,15,51,0,0,52,2,54,0,13,75,17,105,18,0,18,123
06/29/2006,BPT,TX,ASW,CE,Combined TRACON& Tower with Radar,0,10,40,14,64,0,2,42,0,44,0,12,82,14,108,18,0,18,126
06/30/2006,BPT,TX,ASW,CE,Combined TRACON& Tower with Radar,0,11,31,0,42,0,2,48,0,50,0,13,79,0,92,24,0,24,116
07/01/2006,BPT,TX,ASW,CE,Combined TRACON& Tower with Radar,0,9,19,0,28,0,1,27,0,28,0,10,46,0,56,18,0,18,74
07/02/2006,BPT,TX,ASW,CE,Combined TRACON& Tower with Radar,0,12,11,0,23,0,2,5,0,7,0,14,16,0,30,38,0,38,68
07/03/2006,BPT,TX,ASW,CE,Combined TRACON& Tower with Radar,0,5,14,0,19,0,0,8,0,8,0,5,22,0,27,20,0,20,47
07/04/2006,BPT,TX,ASW,CE,Combined TRACON& Tower with Radar,0,11,9,0,20,0,0,2,0,2,0,11,11,0,22,8,0,8,30
07/05/2006,BPT,TX,ASW,CE,Combined TRACON& Tower with Radar,0,5,14,0,19,0,0,4,0,4,0,5,18,0,23,24,0,24,47
07/06/2006,BPT,TX,ASW,CE,Combined TRACON& Tower with Radar,0,13,27,18,58,0,1,12,0,13,0,14,39,18,71,26,0,26,97
07/07/2006,BPT,TX,ASW,CE,Combined TRACON& Tower with Radar,0,14,10,20,44,0,4,41,2,47,0,18,51,22,91,32,0,32,123
07/08/2006,BPT,TX,ASW,CE,Combined TRACON& Tower with Radar,0,7,14,0,21,0,2,32,0,34,0,9,46,0,55,40,0,40,95
07/09/2006,BPT,TX,ASW,CE,Combined TRACON& Tower with Radar,0,11,19,12,42,0,1,16,0,17,0,12,35,12,59,0,0,0,59
07/10/2006,BPT,TX,ASW,CE,Combined TRACON& Tower with Radar,0,11,12,10,33,0,6,22,0,28,0,17,34,10,61,16,0,16,77
07/11/2006,BPT,TX,ASW,CE,Combined TRACON& Tower with Radar,0,11,32,0,43,0,1,46,0,47,0,12,78,0,90,66,0,66,156
07/12/2006,BPT,TX,ASW,CE,Combined TRACON& Tower with Radar,0,10,51,8,69,0,2,46,0,48,0,12,97,8,117,6,0,6,123
07/13/2006,BPT,TX,ASW,CE,Combined TRACON& Tower with Radar,0,14,33,2,49,0,4,51,0,55,0,18,84,2,104,40,0,40,144
07/14/2006,BPT,TX,ASW,CE,Combined TRACON& Tower with Radar,1,11,22,12,46,0,4,37,0,41,1,15,59,12,87,40,0,40,127
07/15/2006,BPT,TX,ASW,CE,Combined TRACON& Tower with Radar,0,6,27,4,37,0,0,49,0,49,0,6,76,4,86,78,0,78,164
07/16/2006,BPT,TX,ASW,CE,Combined TRACON& Tower with Radar,0,12,47,1,60,0,1,32,0,33,0,13,79,1,93,110,0,110,203
07/17/2006,BPT,TX,ASW,CE,Combined TRACON& Tower with Radar,0,12,17,0,29,0,0,18,0,18,0,12,35,0,47,18,0,18,65
07/18/2006,BPT,TX,ASW,CE,Combined TRACON& Tower with Radar,0,9,26,34,69,0,2,37,0,39,0,11,63,34,108,88,0,88,196
07/19/2006,BPT,TX,ASW,CE,Combined TRACON& Tower with Radar,0,10,26,7,43,0,7,44,0,51,0,17,70,7,94,20,0,20,114
07/20/2006,BPT,TX,ASW,CE,Combined TRACON& Tower with Radar,0,13,18,20,51,0,0,38,0,38,0,13,56,20,89,116,0,116,205
07/21/2006,BPT,TX,ASW,CE,Combined TRACON& Tower with Radar,0,10,23,6,39,0,0,29,0,29,0,10,52,6,68,40,0,40,108
07/22/2006,BPT,TX,ASW,CE,Combined TRACON& Tower with Radar,0,9,64,0,73,0,1,23,0,24,0,10,87,0,97,58,0,58,155
07/23/2006,BPT,TX,ASW,CE,Combined TRACON& Tower with Radar,3,10,22,0,35,0,0,10,0,10,3,10,32,0,45,18,0,18,63
07/24/2006,BPT,TX,ASW,CE,Combined TRACON& Tower with Radar,0,15,14,18,47,0,2,14,0,16,0,17,28,18,63,44,0,44,107
07/25/2006,BPT,TX,ASW,CE,Combined TRACON& Tower with Radar,0,10,27,1,38,0,1,13,0,14,0,11,40,1,52,14,0,14,66
07/26/2006,BPT,TX,ASW,CE,Combined TRACON& Tower with Radar,0,7,9,0,16,0,0,0,0,0,0,7,9,0,16,0,0,0,16
07/27/2006,BPT,TX,ASW,CE,Combined TRACON& Tower with Radar,0,8,53,34,95,0,1,24,0,25,0,9,77,34,120,34,0,34,154
07/28/2006,BPT,TX,ASW,CE,Combined TRACON& Tower with Radar,0,17,22,8,47,0,4,29,2,35,0,21,51,10,82,8,0,8,90
07/29/2006,BPT,TX,ASW,CE,Combined TRACON& Tower with Radar,0,6,15,0,21,0,1,34,0,35,0,7,49,0,56,64,0,64,120
07/30/2006,BPT,TX,ASW,CE,Combined TRACON& Tower with Radar,0,11,41,0,52,0,1,28,0,29,0,12,69,0,81,20,0,20,101
07/31/2006,BPT,TX,ASW,CE,Combined TRACON& Tower with Radar,0,12,21,26,59,0,5,40,0,45,0,17,61,26,104,28,0,28,132
08/01/2006,BPT,TX,ASW,CE,Combined TRACON& Tower with Radar,0,11,18,16,45,0,5,39,0,44,0,16,57,16,89,20,0,20,109
08/02/2006,BPT,TX,ASW,CE,Combined TRACON& Tower with Radar,0,11,46,22,79,0,4,40,3,47,0,15,86,25,126,84,0,84,210
08/03/2006,BPT,TX,ASW,CE,Combined TRACON& Tower with Radar,0,11,48,30,89,0,1,34,0,35,0,12,82,30,124,10,0,10,134
08/04/2006,BPT,TX,ASW,CE,Combined TRACON& Tower with Radar,0,11,32,6,49,0,1,35,0,36,0,12,67,6,85,24,0,24,109
08/05/2006,BPT,TX,ASW,CE,Combined TRACON& Tower with Radar,0,8,28,0,36,0,2,30,0,32,0,10,58,0,68,90,0,90,158
08/06/2006,BPT,TX,ASW,CE,Combined TRACON& Tower with Radar,0,9,14,11,34,0,2,11,0,13,0,11,25,11,47,16,0,16,63
08/07/2006,BPT,TX,ASW,CE,Combined TRACON& Tower with Radar,0,8,39,10,57,0,1,19,0,20,0,9,58,10,77,51,0,51,128
08/08/2006,BPT,TX,ASW,CE,Combined TRACON& Tower with Radar,0,25,39,10,74,0,2,30,0,32,0,27,69,10,106,35,0,35,141
08/09/2006,BPT,TX,ASW,CE,Combined TRACON& Tower with Radar,0,10,24,20,54,0,7,23,1,31,0,17,47,21,85,20,0,20,105
08/10/2006,BPT,TX,ASW,CE,Combined TRACON& Tower with Radar,0,14,38,12,64,0,2,20,0,22,0,16,58,12,86,32,0,32,118
08/11/2006,BPT,TX,ASW,CE,Combined TRACON& Tower with Radar,0,7,37,26,70,0,3,28,0,31,0,10,65,26,101,90,0,90,191
08/12/2006,BPT,TX,ASW,CE,Combined TRACON& Tower with Radar,0,8,15,0,23,0,5,30,3,38,0,13,45,3,61,19,0,19,80
08/13/2006,BPT,TX,ASW,CE,Combined TRACON& Tower with Radar,0,12,32,0,44,0,1,38,1,40,0,13,70,1,84,68,0,68,152
08/14/2006,BPT,TX,ASW,CE,Combined TRACON& Tower with Radar,0,9,12,38,59,0,0,31,0,31,0,9,43,38,90,64,0,64,154
08/15/2006,BPT,TX,ASW,CE,Combined TRACON& Tower with Radar,0,10,39,20,69,0,2,48,0,50,0,12,87,20,119,2,0,2,121
08/16/2006,BPT,TX,ASW,CE,Combined TRACON& Tower with Radar,0,12,18,13,43,0,1,36,0,37,0,13,54,13,80,50,0,50,130
08/17/2006,BPT,TX,ASW,CE,Combined TRACON& Tower with Radar,0,22,23,10,55,0,6,30,0,36,0,28,53,10,91,0,0,0,91
08/18/2006,BPT,TX,ASW,CE,Combined TRACON& Tower with Radar,0,10,28,21,59,0,0,19,0,19,0,10,47,21,78,2,0,2,80
08/19/2006,BPT,TX,ASW,CE,Combined TRACON& Tower with Radar,0,5,11,0,16,0,2,20,0,22,0,7,31,0,38,22,0,22,60
08/20/2006,BPT,TX,ASW,CE,Combined TRACON& Tower with Radar,0,11,18,0,29,0,3,31,0,34,0,14,49,0,63,56,0,56,119
08/21/2006,BPT,TX,ASW,CE,Combined TRACON& Tower with Radar,0,11,7,15,33,0,1,38,0,39,0,12,45,15,72,76,0,76,148
08/22/2006,BPT,TX,ASW,CE,Combined TRACON& Tower with Radar,4,20,10,41,75,0,2,27,0,29,4,22,37,41,104,0,0,0,104
08/23/2006,BPT,TX,ASW,CE,Combined TRACON& Tower with Radar,2,20,47,22,91,0,3,34,1,38,2,23,81,23,129,54,0,54,183
08/24/2006,BPT,TX,ASW,CE,Combined TRACON& Tower with Radar,0,12,34,6,52,0,2,32,0,34,0,14,66,6,86,126,0,126,212
08/25/2006,BPT,TX,ASW,CE,Combined TRACON& Tower with Radar,0,11,32,13,56,0,2,24,0,26,0,13,56,13,82,44,0,44,126
08/26/2006,BPT,TX,ASW,CE,Combined TRACON& Tower with Radar,0,8,14,0,22,0,3,18,0,21,0,11,32,0,43,30,0,30,73
08/27/2006,BPT,TX,ASW,CE,Combined TRACON& Tower with Radar,0,11,21,0,32,0,3,7,0,10,0,14,28,0,42,0,0,0,42
08/28/2006,BPT,TX,ASW,CE,Combined TRACON& Tower with Radar,0,11,12,9,32,0,4,31,0,35,0,15,43,9,67,74,0,74,141
08/29/2006,BPT,TX,ASW,CE,Combined TRACON& Tower with Radar,3,13,36,17,69,0,3,28,0,31,3,16,64,17,100,24,0,24,124
08/30/2006,BPT,TX,ASW,CE,Combined TRACON& Tower with Radar,0,12,34,21,67,0,1,31,0,32,0,13,65,21,99,114,0,114,213
08/31/2006,BPT,TX,ASW,CE,Combined TRACON& Tower with Radar,0,8,41,6,55,0,3,55,0,58,0,11,96,6,113,66,0,66,179
09/01/2006,BPT,TX,ASW,CE,Combined TRACON& Tower with Radar,0,10,35,46,91,0,3,25,0,28,0,13,60,46,119,0,0,0,119
09/02/2006,BPT,TX,ASW,CE,Combined TRACON& Tower with Radar,0,7,26,0,33,0,1,35,0,36,0,8,61,0,69,74,0,74,143
09/03/2006,BPT,TX,ASW,CE,Combined TRACON& Tower with Radar,0,6,25,0,31,0,3,34,0,37,0,9,59,0,68,38,0,38,106
09/04/2006,BPT,TX,ASW,CE,Combined TRACON& Tower with Radar,0,10,27,4,41,0,2,34,0,36,0,12,61,4,77,78,0,78,155
09/05/2006,BPT,TX,ASW,CE,Combined TRACON& Tower with Radar,2,11,21,2,36,0,4,27,0,31,2,15,48,2,67,20,0,20,87
09/06/2006,BPT,TX,ASW,CE,Combined TRACON& Tower with Radar,0,10,18,16,44,0,2,46,3,51,0,12,64,19,95,54,0,54,149
09/07/2006,BPT,TX,ASW,CE,Combined TRACON& Tower with Radar,0,24,30,8,62,0,5,40,0,45,0,29,70,8,107,74,0,74,181
09/08/2006,BPT,TX,ASW,CE,Combined TRACON& Tower with Radar,0,9,29,10,48,0,5,24,0,29,0,14,53,10,77,22,0,22,99
09/09/2006,BPT,TX,ASW,CE,Combined TRACON& Tower with Radar,0,6,12,0,18,0,0,4,0,4,0,6,16,0,22,10,0,10,32
09/10/2006,BPT,TX,ASW,CE,Combined TRACON& Tower with Radar,0,10,17,12,39,0,1,17,0,18,0,11,34,12,57,18,0,18,75
09/11/2006,BPT,TX,ASW,CE,Combined TRACON& Tower with Radar,0,10,18,3,31,0,2,19,0,21,0,12,37,3,52,40,0,40,92
09/12/2006,BPT,TX,ASW,CE,Combined TRACON& Tower with Radar,0,11,34,33,78,0,4,32,14,50,0,15,66,47,128,22,0,22,150
09/13/2006,BPT,TX,ASW,CE,Combined TRACON& Tower with Radar,0,12,24,32,68,0,4,39,0,43,0,16,63,32,111,36,0,36,147
09/14/2006,BPT,TX,ASW,CE,Combined TRACON& Tower with Radar,0,10,45,36,91,0,2,36,1,39,0,12,81,37,130,42,0,42,172
09/15/2006,BPT,TX,ASW,CE,Combined TRACON& Tower with Radar,0,17,18,21,56,0,0,20,0,20,0,17,38,21,76,0,0,0,76
09/16/2006,BPT,TX,ASW,CE,Combined TRACON& Tower with Radar,0,6,11,0,17,0,5,27,0,32,0,11,38,0,49,88,0,88,137
09/17/2006,BPT,TX,ASW,CE,Combined TRACON& Tower with Radar,0,23,35,0,58,0,1,20,0,21,0,24,55,0,79,26,0,26,105
09/18/2006,BPT,TX,ASW,CE,Combined TRACON& Tower with Radar,0,11,25,0,36,0,1,5,0,6,0,12,30,0,42,0,0,0,42
09/19/2006,BPT,TX,ASW,CE,Combined TRACON& Tower with Radar,0,10,27,11,48,0,3,34,0,37,0,13,61,11,85,76,0,76,161
09/20/2006,BPT,TX,ASW,CE,Combined TRACON& Tower with Radar,0,22,42,7,71,0,3,59,0,62,0,25,101,7,133,104,0,104,237
09/21/2006,BPT,TX,ASW,CE,Combined TRACON& Tower with Radar,0,10,27,8,45,0,4,25,0,29,0,14,52,8,74,2,0,2,76
09/22/2006,BPT,TX,ASW,CE,Combined TRACON& Tower with Radar,0,10,16,0,26,0,3,3,0,6,0,13,19,0,32,0,0,0,32
09/23/2006,BPT,TX,ASW,CE,Combined TRACON& Tower with Radar,0,5,13,0,18,0,1,29,1,31,0,6,42,1,49,24,0,24,73
09/24/2006,BPT,TX,ASW,CE,Combined TRACON& Tower with Radar,0,9,33,0,42,0,1,15,2,18,0,10,48,2,60,34,0,34,94
09/25/2006,BPT,TX,ASW,CE,Combined TRACON& Tower with Radar,0,10,24,0,34,0,3,34,7,44,0,13,58,7,78,16,0,16,94
09/26/2006,BPT,TX,ASW,CE,Combined TRACON& Tower with Radar,0,11,61,5,77,0,2,35,5,42,0,13,96,10,119,68,0,68,187
09/27/2006,BPT,TX,ASW,CE,Combined TRACON& Tower with Radar,0,10,39,16,65,0,5,52,0,57,0,15,91,16,122,52,0,52,174
09/28/2006,BPT,TX,ASW,CE,Combined TRACON& Tower with Radar,0,11,40,8,59,0,4,27,0,31,0,15,67,8,90,28,0,28,118
09/29/2006,BPT,TX,ASW,CE,Combined TRACON& Tower with Radar,0,11,28,5,44,0,5,30,0,35,0,16,58,5,79,16,0,16,95
09/30/2006,BPT,TX,ASW,CE,Combined TRACON& Tower with Radar,0,5,13,0,18,0,1,24,0,25,0,6,37,0,43,66,0,66,109
10/01/2006,BPT,TX,ASW,CE,Combined TRACON& Tower with Radar,0,11,18,8,37,0,0,26,0,26,0,11,44,8,63,0,0,0,63
10/02/2006,BPT,TX,ASW,CE,Combined TRACON& Tower with Radar,0,10,28,8,46,0,7,25,4,36,0,17,53,12,82,44,0,44,126
10/03/2006,BPT,TX,ASW,CE,Combined TRACON& Tower with Radar,0,16,28,11,55,0,5,43,0,48,0,21,71,11,103,22,0,22,125
10/04/2006,BPT,TX,ASW,CE,Combined TRACON& Tower with Radar,2,14,37,3,56,0,3,30,2,35,2,17,67,5,91,66,0,66,157
10/05/2006,BPT,TX,ASW,CE,Combined TRACON& Tower with Radar,0,29,34,0,63,0,0,48,0,48,0,29,82,0,111,90,0,90,201
10/06/2006,BPT,TX,ASW,CE,Combined TRACON& Tower with Radar,0,12,17,6,35,0,1,37,0,38,0,13,54,6,73,0,0,0,73
10/07/2006,BPT,TX,ASW,CE,Combined TRACON& Tower with Radar,0,9,22,0,31,0,1,41,0,42,0,10,63,0,73,22,0,22,95
10/08/2006,BPT,TX,ASW,CE,Combined TRACON& Tower with Radar,0,11,35,0,46,0,4,47,1,52,0,15,82,1,98,34,0,34,132
10/09/2006,BPT,TX,ASW,CE,Combined TRACON& Tower with Radar,0,10,14,14,38,0,3,31,1,35,0,13,45,15,73,58,0,58,131
10/10/2006,BPT,TX,ASW,CE,Combined TRACON& Tower with Radar,0,21,38,14,73,0,4,26,0,30,0,25,64,14,103,10,0,10,113
10/11/2006,BPT,TX,ASW,CE,Combined TRACON& Tower with Radar,0,13,60,34,107,0,2,33,0,35,0,15,93,34,142,40,0,40,182
10/12/2006,BPT,TX,ASW,CE,Combined TRACON& Tower with Radar,6,9,22,1,38,0,8,16,0,24,6,17,38,1,62,0,0,0,62
10/13/2006,BPT,TX,ASW,CE,Combined TRACON& Tower with Radar,0,10,26,19,55,0,0,30,5,35,0,10,56,24,90,8,0,8,98
10/14/2006,BPT,TX,ASW,CE,Combined TRACON& Tower with Radar,0,9,22,8,39,0,2,31,3,36,0,11,53,11,75,68,0,68,143
10/15/2006,BPT,TX,ASW,CE,Combined TRACON& Tower with Radar,0,16,22,0,38,0,0,0,0,0,0,16,22,0,38,0,0,0,38
10/16/2006,BPT,TX,ASW,CE,Combined TRACON& Tower with Radar,0,12,3,0,15,0,0,0,0,0,0,12,3,0,15,0,0,0,15
10/17/2006,BPT,TX,ASW,CE,Combined TRACON& Tower with Radar,0,12,31,17,60,0,3,29,1,33,0,15,60,18,93,60,0,60,153
10/18/2006,BPT,TX,ASW,CE,Combined TRACON& Tower with Radar,0,18,26,26,70,0,1,2,0,3,0,19,28,26,73,0,0,0,73
10/19/2006,BPT,TX,ASW,CE,Combined TRACON& Tower with Radar,0,8,28,1,37,0,1,23,0,24,0,9,51,1,61,10,0,10,71
10/20/2006,BPT,TX,ASW,CE,Combined TRACON& Tower with Radar,0,12,38,0,50,0,3,33,1,37,0,15,71,1,87,72,0,72,159
10/21/2006,BPT,TX,ASW,CE,Combined TRACON& Tower with Radar,0,7,15,0,22,0,8,7,0,15,0,15,22,0,37,0,0,0,37
10/22/2006,BPT,TX,ASW,CE,Combined TRACON& Tower with Radar,0,12,14,0,26,0,6,22,2,30,0,18,36,2,56,10,0,10,66
10/23/2006,BPT,TX,ASW,CE,Combined TRACON& Tower with Radar,0,16,38,10,64,0,5,32,0,37,0,21,70,10,101,36,0,36,137
10/24/2006,BPT,TX,ASW,CE,Combined TRACON& Tower with Radar,0,12,57,18,87,0,15,53,0,68,0,27,110,18,155,134,0,134,289
10/25/2006,BPT,TX,ASW,CE,Combined TRACON& Tower with Radar,0,12,25,12,49,0,5,21,0,26,0,17,46,12,75,28,0,28,103
10/26/2006,BPT,TX,ASW,CE,Combined TRACON& Tower with Radar,0,13,12,9,34,0,8,2,2,12,0,21,14,11,46,6,0,6,52
10/27/2006,BPT,TX,ASW,CE,Combined TRACON& Tower with Radar,0,12,13,9,34,0,11,23,0,34,0,23,36,9,68,0,0,0,68
10/28/2006,BPT,TX,ASW,CE,Combined TRACON& Tower with Radar,0,5,11,10,26,0,5,47,0,52,0,10,58,10,78,52,0,52,130
10/29/2006,BPT,TX,ASW,CE,Combined TRACON& Tower with Radar,0,9,14,8,31,0,4,49,0,53,0,13,63,8,84,78,0,78,162
10/30/2006,BPT,TX,ASW,CE,Combined TRACON& Tower with Radar,0,9,32,4,45,0,11,43,0,54,0,20,75,4,99,54,0,54,153
10/31/2006,BPT,TX,ASW,CE,Combined TRACON& Tower with Radar,0,11,20,8,39,0,8,25,2,35,0,19,45,10,74,34,0,34,108
11/01/2006,BPT,TX,ASW,CE,Combined TRACON& Tower with Radar,0,12,19,16,47,0,6,45,1,52,0,18,64,17,99,52,0,52,151
11/02/2006,BPT,TX,ASW,CE,Combined TRACON& Tower with Radar,0,11,22,2,35,0,13,41,0,54,0,24,63,2,89,22,0,22,111
11/03/2006,BPT,TX,ASW,CE,Combined TRACON& Tower with Radar,0,11,25,17,53,0,6,36,0,42,0,17,61,17,95,80,0,80,175
11/04/2006,BPT,TX,ASW,CE,Combined TRACON& Tower with Radar,0,6,13,0,19,0,2,41,0,43,0,8,54,0,62,64,0,64,126
11/05/2006,BPT,TX,ASW,CE,Combined TRACON& Tower with Radar,0,14,31,0,45,0,1,29,0,30,0,15,60,0,75,30,0,30,105
11/06/2006,BPT,TX,ASW,CE,Combined TRACON& Tower with Radar,0,13,17,5,35,0,10,18,1,29,0,23,35,6,64,20,0,20,84
11/07/2006,BPT,TX,ASW,CE,Combined TRACON& Tower with Radar,0,11,40,0,51,0,10,27,0,37,0,21,67,0,88,28,0,28,116
11/08/2006,BPT,TX,ASW,CE,Combined TRACON& Tower with Radar,0,12,36,16,64,0,5,55,2,62,0,17,91,18,126,0,0,0,126
11/09/2006,BPT,TX,ASW,CE,Combined TRACON& Tower with Radar,0,12,17,27,56,0,5,34,2,41,0,17,51,29,97,34,0,34,131
11/10/2006,BPT,TX,ASW,CE,Combined TRACON& Tower with Radar,0,9,17,0,26,0,13,13,0,26,0,22,30,0,52,0,0,0,52
11/11/2006,BPT,TX,ASW,CE,Combined TRACON& Tower with Radar,0,6,19,0,25,0,2,32,0,34,0,8,51,0,59,30,0,30,89
11/12/2006,BPT,TX,ASW,CE,Combined TRACON& Tower with Radar,0,12,25,0,37,0,8,46,1,55,0,20,71,1,92,54,0,54,146
11/13/2006,BPT,TX,ASW,CE,Combined TRACON& Tower with Radar,0,14,25,0,39,0,7,11,0,18,0,21,36,0,57,0,0,0,57
11/14/2006,BPT,TX,ASW,CE,Combined TRACON& Tower with Radar,0,17,25,26,68,0,5,12,0,17,0,22,37,26,85,10,0,10,95
11/15/2006,BPT,TX,ASW,CE,Combined TRACON& Tower with Radar,2,15,29,38,84,0,8,11,0,19,2,23,40,38,103,0,0,0,103
11/16/2006,BPT,TX,ASW,CE,Combined TRACON& Tower with Radar,0,11,23,9,43,0,14,27,0,41,0,25,50,9,84,20,0,20,104
11/17/2006,BPT,TX,ASW,CE,Combined TRACON& Tower with Radar,0,14,51,5,70,0,6,34,2,42,0,20,85,7,112,76,0,76,188
11/18/2006,BPT,TX,ASW,CE,Combined TRACON& Tower with Radar,0,8,33,0,41,0,9,49,0,58,0,17,82,0,99,70,0,70,169
11/19/2006,BPT,TX,ASW,CE,Combined TRACON& Tower with Radar,0,12,38,7,57,0,6,37,1,44,0,18,75,8,101,64,0,64,165
11/20/2006,BPT,TX,ASW,CE,Combined TRACON& Tower with Radar,2,11,24,9,46,0,10,39,1,50,2,21,63,10,96,26,0,26,122
11/21/2006,BPT,TX,ASW,CE,Combined TRACON& Tower with Radar,0,10,43,6,59,0,8,38,0,46,0,18,81,6,105,68,0,68,173
11/22/2006,BPT,TX,ASW,CE,Combined TRACON& Tower with Radar,0,10,17,16,43,0,5,47,0,52,0,15,64,16,95,52,0,52,147
11/23/2006,BPT,TX,ASW,CE,Combined TRACON& Tower with Radar,0,4,6,0,10,0,0,24,0,24,0,4,30,0,34,10,0,10,44
11/24/2006,BPT,TX,ASW,CE,Combined TRACON& Tower with Radar,0,6,17,0,23,0,8,26,3,37,0,14,43,3,60,14,0,14,74
11/25/2006,BPT,TX,ASW,CE,Combined TRACON& Tower with Radar,0,7,31,0,38,0,5,33,0,38,0,12,64,0,76,32,0,32,108
11/26/2006,BPT,TX,ASW,CE,Combined TRACON& Tower with Radar,0,12,23,0,35,0,4,17,0,21,0,16,40,0,56,4,0,4,60
11/27/2006,BPT,TX,ASW,CE,Combined TRACON& Tower with Radar,0,12,17,0,29,0,4,21,0,25,0,16,38,0,54,42,0,42,96
11/28/2006,BPT,TX,ASW,CE,Combined TRACON& Tower with Radar,1,10,34,8,53,0,5,23,0,28,1,15,57,8,81,10,0,10,91
11/29/2006,BPT,TX,ASW,CE,Combined TRACON& Tower with Radar,3,10,49,10,72,0,6,22,0,28,3,16,71,10,100,6,0,6,106
11/30/2006,BPT,TX,ASW,CE,Combined TRACON& Tower with Radar,0,15,21,38,74,0,5,5,0,10,0,20,26,38,84,0,0,0,84
12/01/2006,BPT,TX,ASW,CE,Combined TRACON& Tower with Radar,0,12,18,7,37,0,0,21,0,21,0,12,39,7,58,0,0,0,58
12/02/2006,BPT,TX,ASW,CE,Combined TRACON& Tower with Radar,0,9,25,0,34,0,5,42,0,47,0,14,67,0,81,42,0,42,123
12/03/2006,BPT,TX,ASW,CE,Combined TRACON& Tower with Radar,0,8,48,8,64,0,4,41,1,46,0,12,89,9,110,40,0,40,150
12/04/2006,BPT,TX,ASW,CE,Combined TRACON& Tower with Radar,0,13,27,17,57,0,9,26,0,35,0,22,53,17,92,38,0,38,130
12/05/2006,BPT,TX,ASW,CE,Combined TRACON& Tower with Radar,0,14,46,25,85,0,8,40,0,48,0,22,86,25,133,124,0,124,257
12/06/2006,BPT,TX,ASW,CE,Combined TRACON& Tower with Radar,0,12,25,0,37,0,6,39,0,45,0,18,64,0,82,66,0,66,148
12/07/2006,BPT,TX,ASW,CE,Combined TRACON& Tower with Radar,0,11,26,33,70,0,6,20,1,27,0,17,46,34,97,10,0,10,107
12/08/2006,BPT,TX,ASW,CE,Combined TRACON& Tower with Radar,0,13,18,0,31,0,3,15,4,22,0,16,33,4,53,6,0,6,59
12/09/2006,BPT,TX,ASW,CE,Combined TRACON& Tower with Radar,0,7,27,0,34,0,5,32,0,37,0,12,59,0,71,18,0,18,89
12/10/2006,BPT,TX,ASW,CE,Combined TRACON& Tower with Radar,0,12,20,4,36,0,3,17,0,20,0,15,37,4,56,2,0,2,58
12/11/2006,BPT,TX,ASW,CE,Combined TRACON& Tower with Radar,0,11,27,3,41,0,3,1,1,5,0,14,28,4,46,0,0,0,46
12/12/2006,BPT,TX,ASW,CE,Combined TRACON& Tower with Radar,0,14,24,28,66,0,8,27,0,35,0,22,51,28,101,56,0,56,157
12/13/2006,BPT,TX,ASW,CE,Combined TRACON& Tower with Radar,0,18,48,34,100,0,8,51,0,59,0,26,99,34,159,86,0,86,245
12/14/2006,BPT,TX,ASW,CE,Combined TRACON& Tower with Radar,0,7,50,9,66,0,0,8,1,9,0,7,58,10,75,38,0,38,113
12/15/2006,BPT,TX,ASW,CE,Combined TRACON& Tower with Radar,0,7,46,22,75,0,0,9,2,11,0,7,55,24,86,28,0,28,114
12/16/2006,BPT,TX,ASW,CE,Combined TRACON& Tower with Radar,0,5,29,0,34,0,3,24,1,28,0,8,53,1,62,74,0,74,136
12/17/2006,BPT,TX,ASW,CE,Combined TRACON& Tower with Radar,0,10,22,0,32,0,1,23,0,24,0,11,45,0,56,36,0,36,92
12/18/2006,BPT,TX,ASW,CE,Combined TRACON& Tower with Radar,0,0,0,0,0,0,10,33,1,44,0,10,33,1,44,60,0,60,104
12/19/2006,BPT,TX,ASW,CE,Combined TRACON& Tower with Radar,0,10,35,1,46,0,0,20,0,20,0,10,55,1,66,24,0,24,90
12/20/2006,BPT,TX,ASW,CE,Combined TRACON& Tower with Radar,0,10,55,10,75,0,0,0,0,0,0,10,55,10,75,2,0,2,77
12/21/2006,BPT,TX,ASW,CE,Combined TRACON& Tower with Radar,1,10,15,9,35,0,2,4,3,9,1,12,19,12,44,0,0,0,44
12/22/2006,BPT,TX,ASW,CE,Combined TRACON& Tower with Radar,0,10,30,7,47,0,2,37,0,39,0,12,67,7,86,48,0,48,134
12/23/2006,BPT,TX,ASW,CE,Combined TRACON& Tower with Radar,0,5,9,0,14,0,0,37,0,37,0,5,46,0,51,0,0,0,51
12/24/2006,BPT,TX,ASW,CE,Combined TRACON& Tower with Radar,0,6,7,0,13,0,0,0,0,0,0,6,7,0,13,0,0,0,13
12/25/2006,BPT,TX,ASW,CE,Combined TRACON& Tower with Radar,0,6,3,0,9,0,0,2,0,2,0,6,5,0,11,0,0,0,11
12/26/2006,BPT,TX,ASW,CE,Combined TRACON& Tower with Radar,0,10,25,0,35,0,6,26,0,32,0,16,51,0,67,42,0,42,109
12/27/2006,BPT,TX,ASW,CE,Combined TRACON& Tower with Radar,0,11,32,43,86,0,4,45,0,49,0,15,77,43,135,52,0,52,187
12/28/2006,BPT,TX,ASW,CE,Combined TRACON& Tower with Radar,0,13,44,22,79,0,0,18,0,18,0,13,62,22,97,28,0,28,125
12/29/2006,BPT,TX,ASW,CE,Combined TRACON& Tower with Radar,0,18,10,4,32,0,0,0,0,0,0,18,10,4,32,0,0,0,32
12/30/2006,BPT,TX,ASW,CE,Combined TRACON& Tower with Radar,0,10,14,0,24,0,2,6,0,8,0,12,20,0,32,10,0,10,42
12/31/2006,BPT,TX,ASW,CE,Combined TRACON& Tower with Radar,0,6,30,0,36,0,4,35,0,39,0,10,65,0,75,62,0,62,137
01/01/2007,BPT,TX,ASW,CE,Combined TRACON& Tower with Radar,0,8,23,0,31,0,6,50,0,56,0,14,73,0,87,38,0,38,125
01/02/2007,BPT,TX,ASW,CE,Combined TRACON& Tower with Radar,0,10,31,0,41,0,4,44,0,48,0,14,75,0,89,94,0,94,183
01/03/2007,BPT,TX,ASW,CE,Combined TRACON& Tower with Radar,0,10,20,5,35,0,4,18,0,22,0,14,38,5,57,58,0,58,115
01/04/2007,BPT,TX,ASW,CE,Combined TRACON& Tower with Radar,0,10,29,1,40,0,0,4,0,4,0,10,33,1,44,0,0,0,44
01/05/2007,BPT,TX,ASW,CE,Combined TRACON& Tower with Radar,0,12,31,6,49,0,2,18,2,22,0,14,49,8,71,110,0,110,181
01/06/2007,BPT,TX,ASW,CE,Combined TRACON& Tower with Radar,0,7,30,2,39,0,0,3,0,3,0,7,33,2,42,12,0,12,54
01/07/2007,BPT,TX,ASW,CE,Combined TRACON& Tower with Radar,0,10,19,6,35,0,1,23,1,25,0,11,42,7,60,20,0,20,80
01/08/2007,BPT,TX,ASW,CE,Combined TRACON& Tower with Radar,0,11,32,10,53,0,6,38,1,45,0,17,70,11,98,80,0,80,178
01/09/2007,BPT,TX,ASW,CE,Combined TRACON& Tower with Radar,0,9,48,0,57,0,5,41,4,50,0,14,89,4,107,78,0,78,185
01/10/2007,BPT,TX,ASW,CE,Combined TRACON& Tower with Radar,0,13,21,24,58,0,2,29,4,35,0,15,50,28,93,16,0,16,109
01/11/2007,BPT,TX,ASW,CE,Combined TRACON& Tower with Radar,0,10,35,16,61,0,4,21,0,25,0,14,56,16,86,32,0,32,118
01/12/2007,BPT,TX,ASW,CE,Combined TRACON& Tower with Radar,0,12,52,6,70,0,7,26,0,33,0,19,78,6,103,68,0,68,171
01/13/2007,BPT,TX,ASW,CE,Combined TRACON& Tower with Radar,0,5,16,0,21,0,2,2,0,4,0,7,18,0,25,0,0,0,25
01/14/2007,BPT,TX,ASW,CE,Combined TRACON& Tower with Radar,0,11,22,0,33,0,2,5,0,7,0,13,27,0,40,0,0,0,40
01/15/2007,BPT,TX,ASW,CE,Combined TRACON& Tower with Radar,0,8,11,4,23,0,0,2,0,2,0,8,13,4,25,0,0,0,25
01/16/2007,BPT,TX,ASW,CE,Combined TRACON& Tower with Radar,0,6,13,52,71,0,1,9,0,10,0,7,22,52,81,0,0,0,81
01/17/2007,BPT,TX,ASW,CE,Combined TRACON& Tower with Radar,0,10,15,0,25,0,0,2,0,2,0,10,17,0,27,0,0,0,27
01/18/2007,BPT,TX,ASW,CE,Combined TRACON& Tower with Radar,0,13,8,22,43,0,0,4,0,4,0,13,12,22,47,0,0,0,47
01/19/2007,BPT,TX,ASW,CE,Combined TRACON& Tower with Radar,0,9,18,18,45,0,1,13,0,14,0,10,31,18,59,20,0,20,79
01/20/2007,BPT,TX,ASW,CE,Combined TRACON& Tower with Radar,0,8,10,0,18,0,1,16,0,17,0,9,26,0,35,34,0,34,69
01/21/2007,BPT,TX,ASW,CE,Combined TRACON& Tower with Radar,0,10,9,10,29,0,4,8,0,12,0,14,17,10,41,12,0,12,53
01/22/2007,BPT,TX,ASW,CE,Combined TRACON& Tower with Radar,0,10,16,44,70,0,3,20,0,23,0,13,36,44,93,20,0,20,113
01/23/2007,BPT,TX,ASW,CE,Combined TRACON& Tower with Radar,0,10,23,58,91,0,2,14,0,16,0,12,37,58,107,10,0,10,117
01/24/2007,BPT,TX,ASW,CE,Combined TRACON& Tower with Radar,0,9,12,20,41,0,0,2,1,3,0,9,14,21,44,0,0,0,44
01/25/2007,BPT,TX,ASW,CE,Combined TRACON& Tower with Radar,0,11,15,26,52,0,5,66,0,71,0,16,81,26,123,118,0,118,241
01/26/2007,BPT,TX,ASW,CE,Combined TRACON& Tower with Radar,0,10,31,35,76,0,4,56,4,64,0,14,87,39,140,142,0,142,282
01/27/2007,BPT,TX,ASW,CE,Combined TRACON& Tower with Radar,0,6,7,0,13,0,1,10,0,11,0,7,17,0,24,4,0,4,28
01/28/2007,BPT,TX,ASW,CE,Combined TRACON& Tower with Radar,0,10,51,12,73,0,4,54,0,58,0,14,105,12,131,98,0,98,229
01/29/2007,BPT,TX,ASW,CE,Combined TRACON& Tower with Radar,0,13,13,17,43,0,6,38,0,44,0,19,51,17,87,66,0,66,153
01/30/2007,BPT,TX,ASW,CE,Combined TRACON& Tower with Radar,0,18,33,24,75,0,2,2,0,4,0,20,35,24,79,4,0,4,83
01/31/2007,BPT,TX,ASW,CE,Combined TRACON& Tower with Radar,0,10,19,5,34,0,6,9,0,15,0,16,28,5,49,0,0,0,49
02/01/2007,BPT,TX,ASW,CE,Combined TRACON& Tower with Radar,0,27,15,39,81,0,1,1,0,2,0,28,16,39,83,0,0,0,83
02/02/2007,BPT,TX,ASW,CE,Combined TRACON& Tower with Radar,0,13,36,7,56,0,2,19,3,24,0,15,55,10,80,78,0,78,158
02/03/2007,BPT,TX,ASW,CE,Combined TRACON& Tower with Radar,0,6,24,0,30,0,2,43,2,47,0,8,67,2,77,84,0,84,161
02/04/2007,BPT,TX,ASW,CE,Combined TRACON& Tower with Radar,0,10,5,15,30,0,4,27,2,33,0,14,32,17,63,36,0,36,99
02/05/2007,BPT,TX,ASW,CE,Combined TRACON& Tower with Radar,0,10,19,0,29,0,7,29,0,36,0,17,48,0,65,80,0,80,145
02/06/2007,BPT,TX,ASW,CE,Combined TRACON& Tower with Radar,0,12,31,0,43,0,2,38,2,42,0,14,69,2,85,106,0,106,191
02/07/2007,BPT,TX,ASW,CE,Combined TRACON& Tower with Radar,0,11,29,9,49,0,5,13,0,18,0,16,42,9,67,18,0,18,85
02/08/2007,BPT,TX,ASW,CE,Combined TRACON& Tower with Radar,0,11,29,8,48,0,7,22,1,30,0,18,51,9,78,54,0,54,132
02/09/2007,BPT,TX,ASW,CE,Combined TRACON& Tower with Radar,0,12,32,8,52,0,0,2,0,2,0,12,34,8,54,0,0,0,54
02/10/2007,BPT,TX,ASW,CE,Combined TRACON& Tower with Radar,0,8,17,0,25,0,3,36,0,39,0,11,53,0,64,84,0,84,148
02/11/2007,BPT,TX,ASW,CE,Combined TRACON& Tower with Radar,0,10,24,0,34,0,1,10,0,11,0,11,34,0,45,10,0,10,55
02/12/2007,BPT,TX,ASW,CE,Combined TRACON& Tower with Radar,0,9,7,1,17,0,0,9,3,12,0,9,16,4,29,0,0,0,29
02/13/2007,BPT,TX,ASW,CE,Combined TRACON& Tower with Radar,0,12,24,9,45,0,4,15,0,19,0,16,39,9,64,32,0,32,96
02/14/2007,BPT,TX,ASW,CE,Combined TRACON& Tower with Radar,0,9,29,11,49,0,1,17,1,19,0,10,46,12,68,0,0,0,68
02/15/2007,BPT,TX,ASW,CE,Combined TRACON& Tower with Radar,0,12,37,37,86,0,6,26,0,32,0,18,63,37,118,40,0,40,158
02/16/2007,BPT,TX,ASW,CE,Combined TRACON& Tower with Radar,0,12,34,14,60,0,4,38,5,47,0,16,72,19,107,32,0,32,139
02/17/2007,BPT,TX,ASW,CE,Combined TRACON& Tower with Radar,0,8,20,0,28,0,2,28,2,32,0,10,48,2,60,42,0,42,102
02/18/2007,BPT,TX,ASW,CE,Combined TRACON& Tower with Radar,0,9,33,16,58,0,3,30,0,33,0,12,63,16,91,38,0,38,129
02/19/2007,BPT,TX,ASW,CE,Combined TRACON& Tower with Radar,0,11,41,15,67,0,2,19,0,21,0,13,60,15,88,0,0,0,88
02/20/2007,BPT,TX,ASW,CE,Combined TRACON& Tower with Radar,0,11,16,34,61,0,4,15,0,19,0,15,31,34,80,25,0,25,105
02/21/2007,BPT,TX,ASW,CE,Combined TRACON& Tower with Radar,0,10,23,14,47,0,0,18,0,18,0,10,41,14,65,4,0,4,69
02/22/2007,BPT,TX,ASW,CE,Combined TRACON& Tower with Radar,0,7,38,10,55,0,0,18,0,18,0,7,56,10,73,20,0,20,93
02/23/2007,BPT,TX,ASW,CE,Combined TRACON& Tower with Radar,0,12,36,16,64,0,2,16,0,18,0,14,52,16,82,0,0,0,82
02/24/2007,BPT,TX,ASW,CE,Combined TRACON& Tower with Radar,0,8,17,0,25,0,0,0,0,0,0,8,17,0,25,0,0,0,25
02/25/2007,BPT,TX,ASW,CE,Combined TRACON& Tower with Radar,0,0,0,0,0,0,16,73,14,103,0,16,73,14,103,64,0,64,167
02/26/2007,BPT,TX,ASW,CE,Combined TRACON& Tower with Radar,0,11,33,15,59,0,4,34,3,41,0,15,67,18,100,34,0,34,134
02/27/2007,BPT,TX,ASW,CE,Combined TRACON& Tower with Radar,0,10,29,8,47,0,5,44,5,54,0,15,73,13,101,96,0,96,197
02/28/2007,BPT,TX,ASW,CE,Combined TRACON& Tower with Radar,0,12,37,8,57,0,0,0,0,0,0,12,37,8,57,0,0,0,57
03/01/2007,BPT,TX,ASW,CE,Combined TRACON& Tower with Radar,0,14,27,8,49,0,2,17,0,19,0,16,44,8,68,0,0,0,68
03/02/2007,BPT,TX,ASW,CE,Combined TRACON& Tower with Radar,0,12,19,0,31,0,1,29,0,30,0,13,48,0,61,52,0,52,113
03/03/2007,BPT,TX,ASW,CE,Combined TRACON& Tower with Radar,0,4,13,1,18,0,2,33,1,36,0,6,46,2,54,60,0,60,114
03/04/2007,BPT,TX,ASW,CE,Combined TRACON& Tower with Radar,0,12,19,0,31,0,2,23,0,25,0,14,42,0,56,0,0,0,56
03/05/2007,BPT,TX,ASW,CE,Combined TRACON& Tower with Radar,0,11,17,5,33,0,3,48,1,52,0,14,65,6,85,82,0,82,167
03/06/2007,BPT,TX,ASW,CE,Combined TRACON& Tower with Radar,0,12,34,22,68,0,7,31,0,38,0,19,65,22,106,80,0,80,186
03/07/2007,BPT,TX,ASW,CE,Combined TRACON& Tower with Radar,0,13,21,22,56,0,0,20,0,20,0,13,41,22,76,4,0,4,80
03/08/2007,BPT,TX,ASW,CE,Combined TRACON& Tower with Radar,0,10,15,9,34,0,4,26,0,30,0,14,41,9,64,100,0,100,164
03/09/2007,BPT,TX,ASW,CE,Combined TRACON& Tower with Radar,0,16,35,22,73,0,6,29,1,36,0,22,64,23,109,30,0,30,139
03/10/2007,BPT,TX,ASW,CE,Combined TRACON& Tower with Radar,0,9,17,0,26,0,2,29,0,31,0,11,46,0,57,26,0,26,83
03/11/2007,BPT,TX,ASW,CE,Combined TRACON& Tower with Radar,0,14,33,4,51,0,0,31,0,31,0,14,64,4,82,20,0,20,102
03/12/2007,BPT,TX,ASW,CE,Combined TRACON& Tower with Radar,0,11,13,5,29,0,0,11,0,11,0,11,24,5,40,42,0,42,82
03/13/2007,BPT,TX,ASW,CE,Combined TRACON& Tower with Radar,0,11,17,26,54,0,0,9,0,9,0,11,26,26,63,70,0,70,133
03/14/2007,BPT,TX,ASW,CE,Combined TRACON& Tower with Radar,0,7,12,0,19,0,0,10,1,11,0,7,22,1,30,18,0,18,48
03/15/2007,BPT,TX,ASW,CE,Combined TRACON& Tower with Radar,0,9,21,22,52,0,6,17,0,23,0,15,38,22,75,28,0,28,103
03/16/2007,BPT,TX,ASW,CE,Combined TRACON& Tower with Radar,0,8,35,15,58,0,4,20,0,24,0,12,55,15,82,48,0,48,130
03/17/2007,BPT,TX,ASW,CE,Combined TRACON& Tower with Radar,0,9,26,0,35,0,4,46,0,50,0,13,72,0,85,4,0,4,89
03/18/2007,BPT,TX,ASW,CE,Combined TRACON& Tower with Radar,0,13,48,0,61,0,127,38,0,165,0,140,86,0,226,88,0,88,314
03/19/2007,BPT,TX,ASW,CE,Combined TRACON& Tower with Radar,0,15,20,23,58,0,3,24,1,28,0,18,44,24,86,2,0,2,88
03/20/2007,BPT,TX,ASW,CE,Combined TRACON& Tower with Radar,0,20,25,22,67,0,7,28,0,35,0,27,53,22,102,36,0,36,138
03/21/2007,BPT,TX,ASW,CE,Combined TRACON& Tower with Radar,0,10,27,25,62,0,5,26,0,31,0,15,53,25,93,42,0,42,135
03/22/2007,BPT,TX,ASW,CE,Combined TRACON& Tower with Radar,0,16,24,17,57,0,5,24,0,29,0,21,48,17,86,32,0,32,118
03/23/2007,BPT,TX,ASW,CE,Combined TRACON& Tower with Radar,0,10,33,16,59,0,3,38,1,42,0,13,71,17,101,104,0,104,205
03/24/2007,BPT,TX,ASW,CE,Combined TRACON& Tower with Radar,0,7,45,0,52,0,4,26,0,30,0,11,71,0,82,28,0,28,110
03/25/2007,BPT,TX,ASW,CE,Combined TRACON& Tower with Radar,0,9,52,0,61,0,1,10,0,11,0,10,62,0,72,0,0,0,72
03/26/2007,BPT,TX,ASW,CE,Combined TRACON& Tower with Radar,0,11,16,0,27,0,2,19,0,21,0,13,35,0,48,16,0,16,64
03/27/2007,BPT,TX,ASW,CE,Combined TRACON& Tower with Radar,0,14,22,14,50,0,3,27,0,30,0,17,49,14,80,30,0,30,110
03/28/2007,BPT,TX,ASW,CE,Combined TRACON& Tower with Radar,0,10,31,12,53,0,2,35,0,37,0,12,66,12,90,64,0,64,154
03/29/2007,BPT,TX,ASW,CE,Combined TRACON& Tower with Radar,0,12,28,0,40,0,13,31,0,44,0,25,59,0,84,56,0,56,140
03/30/2007,BPT,TX,ASW,CE,Combined TRACON& Tower with Radar,0,10,28,0,38,0,2,23,0,25,0,12,51,0,63,30,0,30,93
03/31/2007,BPT,TX,ASW,CE,Combined TRACON& Tower with Radar,0,5,5,0,10,0,0,0,0,0,0,5,5,0,10,0,0,0,10
04/01/2007,BPT,TX,ASW,CE,Combined TRACON& Tower with Radar,0,7,26,0,33,0,0,22,0,22,0,7,48,0,55,6,0,6,61
04/02/2007,BPT,TX,ASW,CE,Combined TRACON& Tower with Radar,0,11,32,4,47,0,1,21,0,22,0,12,53,4,69,40,0,40,109
04/03/2007,BPT,TX,ASW,CE,Combined TRACON& Tower with Radar,0,11,24,0,35,0,0,8,0,8,0,11,32,0,43,12,0,12,55
04/04/2007,BPT,TX,ASW,CE,Combined TRACON& Tower with Radar,0,9,14,12,35,0,2,2,4,8,0,11,16,16,43,20,0,20,63
04/05/2007,BPT,TX,ASW,CE,Combined TRACON& Tower with Radar,0,12,45,6,63,0,3,37,2,42,0,15,82,8,105,94,0,94,199
04/06/2007,BPT,TX,ASW,CE,Combined TRACON& Tower with Radar,0,9,24,9,42,0,0,31,2,33,0,9,55,11,75,24,0,24,99
04/07/2007,BPT,TX,ASW,CE,Combined TRACON& Tower with Radar,0,6,17,0,23,0,1,13,0,14,0,7,30,0,37,20,0,20,57
04/08/2007,BPT,TX,ASW,CE,Combined TRACON& Tower with Radar,0,10,16,0,26,0,0,24,0,24,0,10,40,0,50,0,0,0,50
04/09/2007,BPT,TX,ASW,CE,Combined TRACON& Tower with Radar,0,10,15,8,33,0,5,19,0,24,0,15,34,8,57,74,0,74,131
04/10/2007,BPT,TX,ASW,CE,Combined TRACON& Tower with Radar,0,15,21,24,60,0,5,4,0,9,0,20,25,24,69,12,0,12,81
04/11/2007,BPT,TX,ASW,CE,Combined TRACON& Tower with Radar,0,11,40,5,56,0,2,37,0,39,0,13,77,5,95,18,0,18,113
04/12/2007,BPT,TX,ASW,CE,Combined TRACON& Tower with Radar,0,11,31,18,60,0,1,34,0,35,0,12,65,18,95,84,0,84,179
04/13/2007,BPT,TX,ASW,CE,Combined TRACON& Tower with Radar,0,11,35,22,68,0,1,12,1,14,0,12,47,23,82,22,0,22,104
04/14/2007,BPT,TX,ASW,CE,Combined TRACON& Tower with Radar,0,7,4,0,11,0,1,15,0,16,0,8,19,0,27,18,0,18,45
04/15/2007,BPT,TX,ASW,CE,Combined TRACON& Tower with Radar,0,13,15,15,43,0,3,27,0,30,0,16,42,15,73,14,0,14,87
04/16/2007,BPT,TX,ASW,CE,Combined TRACON& Tower with Radar,0,10,17,26,53,0,2,33,0,35,0,12,50,26,88,18,0,18,106
04/17/2007,BPT,TX,ASW,CE,Combined TRACON& Tower with Radar,0,15,40,16,71,0,1,11,0,12,0,16,51,16,83,56,0,56,139
04/18/2007,BPT,TX,ASW,CE,Combined TRACON& Tower with Radar,0,9,26,0,35,0,1,38,1,40,0,10,64,1,75,70,0,70,145
04/19/2007,BPT,TX,ASW,CE,Combined TRACON& Tower with Radar,0,10,44,0,54,0,1,35,4,40,0,11,79,4,94,56,0,56,150
04/20/2007,BPT,TX,ASW,CE,Combined TRACON& Tower with Radar,0,8,39,1,48,0,2,30,1,33,0,10,69,2,81,66,0,66,147
04/21/2007,BPT,TX,ASW,CE,Combined TRACON& Tower with Radar,8,13,35,8,64,0,3,23,0,26,8,16,58,8,90,44,0,44,134
04/22/2007,BPT,TX,ASW,CE,Combined TRACON& Tower with Radar,0,9,13,1,23,0,2,9,1,12,0,11,22,2,35,0,0,0,35
04/23/2007,BPT,TX,ASW,CE,Combined TRACON& Tower with Radar,0,10,17,0,27,0,2,11,0,13,0,12,28,0,40,10,0,10,50
04/24/2007,BPT,TX,ASW,CE,Combined TRACON& Tower with Radar,0,14,35,10,59,0,3,19,0,22,0,17,54,10,81,8,0,8,89
04/25/2007,BPT,TX,ASW,CE,Combined TRACON& Tower with Radar,0,13,6,0,19,0,1,9,0,10,0,14,15,0,29,14,0,14,43
04/26/2007,BPT,TX,ASW,CE,Combined TRACON& Tower with Radar,0,13,17,9,39,0,2,49,0,51,0,15,66,9,90,78,0,78,168
04/27/2007,BPT,TX,ASW,CE,Combined TRACON& Tower with Radar,0,9,30,8,47,0,5,43,0,48,0,14,73,8,95,40,0,40,135
04/28/2007,BPT,TX,ASW,CE,Combined TRACON& Tower with Radar,0,8,32,0,40,0,2,39,0,41,0,10,71,0,81,76,0,76,157
04/29/2007,BPT,TX,ASW,CE,Combined TRACON& Tower with Radar,0,10,37,0,47,0,1,35,0,36,0,11,72,0,83,18,0,18,101
04/30/2007,BPT,TX,ASW,CE,Combined TRACON& Tower with Radar,2,16,18,10,46,0,3,26,0,29,2,19,44,10,75,44,0,44,119
05/01/2007,BPT,TX,ASW,CE,Combined TRACON& Tower with Radar,0,11,25,6,42,0,2,35,0,37,0,13,60,6,79,46,0,46,125
05/02/2007,BPT,TX,ASW,CE,Combined TRACON& Tower with Radar,0,10,28,20,58,0,3,13,0,16,0,13,41,20,74,0,0,0,74
05/03/2007,BPT,TX,ASW,CE,Combined TRACON& Tower with Radar,0,8,21,0,29,0,4,4,0,8,0,12,25,0,37,20,0,20,57
05/04/2007,BPT,TX,ASW,CE,Combined TRACON& Tower with Radar,0,14,25,18,57,0,3,5,0,8,0,17,30,18,65,0,0,0,65
05/05/2007,BPT,TX,ASW,CE,Combined TRACON& Tower with Radar,0,14,29,0,43,0,3,7,0,10,0,17,36,0,53,14,0,14,67
05/06/2007,BPT,TX,ASW,CE,Combined TRACON& Tower with Radar,0,11,37,0,48,0,4,6,0,10,0,15,43,0,58,20,0,20,78
05/07/2007,BPT,TX,ASW,CE,Combined TRACON& Tower with Radar,0,10,11,16,37,0,2,25,1,28,0,12,36,17,65,70,0,70,135
05/08/2007,BPT,TX,ASW,CE,Combined TRACON& Tower with Radar,0,13,45,16,74,0,2,23,0,25,0,15,68,16,99,34,0,34,133
05/09/2007,BPT,TX,ASW,CE,Combined TRACON& Tower with Radar,0,8,24,9,41,0,1,27,0,28,0,9,51,9,69,56,0,56,125
05/10/2007,BPT,TX,ASW,CE,Combined TRACON& Tower with Radar,0,16,25,2,43,0,3,30,0,33,0,19,55,2,76,52,0,52,128
05/11/2007,BPT,TX,ASW,CE,Combined TRACON& Tower with Radar,0,10,15,0,25,0,2,26,0,28,0,12,41,0,53,32,0,32,85
05/12/2007,BPT,TX,ASW,CE,Combined TRACON& Tower with Radar,0,6,36,0,42,0,4,29,0,33,0,10,65,0,75,66,0,66,141
05/13/2007,BPT,TX,ASW,CE,Combined TRACON& Tower with Radar,0,6,8,0,14,0,0,20,0,20,0,6,28,0,34,16,0,16,50
05/14/2007,BPT,TX,ASW,CE,Combined TRACON& Tower with Radar,3,13,14,8,38,0,2,42,0,44,3,15,56,8,82,30,0,30,112
05/15/2007,BPT,TX,ASW,CE,Combined TRACON& Tower with Radar,0,10,39,13,62,0,2,17,0,19,0,12,56,13,81,28,0,28,109
05/16/2007,BPT,TX,ASW,CE,Combined TRACON& Tower with Radar,0,8,45,11,64,0,2,17,0,19,0,10,62,11,83,40,0,40,123
05/17/2007,BPT,TX,ASW,CE,Combined TRACON& Tower with Radar,0,9,40,10,59,0,2,34,0,36,0,11,74,10,95,24,0,24,119
05/18/2007,BPT,TX,ASW,CE,Combined TRACON& Tower with Radar,0,11,24,2,37,0,1,42,0,43,0,12,66,2,80,0,0,0,80
05/19/2007,BPT,TX,ASW,CE,Combined TRACON& Tower with Radar,0,9,9,0,18,0,2,16,5,23,0,11,25,5,41,38,0,38,79
05/20/2007,BPT,TX,ASW,CE,Combined TRACON& Tower with Radar,0,11,23,0,34,0,2,27,0,29,0,13,50,0,63,32,0,32,95
05/21/2007,BPT,TX,ASW,CE,Combined TRACON& Tower with Radar,0,11,14,23,48,0,4,26,3,33,0,15,40,26,81,54,0,54,135
05/22/2007,BPT,TX,ASW,CE,Combined TRACON& Tower with Radar,0,9,22,24,55,0,3,16,0,19,0,12,38,24,74,64,0,64,138
05/23/2007,BPT,TX,ASW,CE,Combined TRACON& Tower with Radar,0,14,40,15,69,0,7,29,0,36,0,21,69,15,105,6,0,6,111
05/24/2007,BPT,TX,ASW,CE,Combined TRACON& Tower with Radar,0,10,18,10,38,0,2,19,0,21,0,12,37,10,59,18,0,18,77
05/25/2007,BPT,TX,ASW,CE,Combined TRACON& Tower with Radar,0,28,21,0,49,0,4,31,0,35,0,32,52,0,84,12,0,12,96
05/26/2007,BPT,TX,ASW,CE,Combined TRACON& Tower with Radar,2,13,9,2,26,0,0,19,0,19,2,13,28,2,45,0,0,0,45
05/27/2007,BPT,TX,ASW,CE,Combined TRACON& Tower with Radar,7,12,5,0,24,0,4,18,0,22,7,16,23,0,46,0,0,0,46
05/28/2007,BPT,TX,ASW,CE,Combined TRACON& Tower with Radar,0,8,16,0,24,0,2,2,0,4,0,10,18,0,28,10,0,10,38
05/29/2007,BPT,TX,ASW,CE,Combined TRACON& Tower with Radar,0,18,6,0,24,0,3,2,0,5,0,21,8,0,29,14,0,14,43
05/30/2007,BPT,TX,ASW,CE,Combined TRACON& Tower with Radar,0,8,26,15,49,0,0,17,0,17,0,8,43,15,66,20,0,20,86
05/31/2007,BPT,TX,ASW,CE,Combined TRACON& Tower with Radar,0,16,20,7,43,0,5,21,1,27,0,21,41,8,70,28,0,28,98
06/01/2007,BPT,TX,ASW,CE,Combined TRACON& Tower with Radar,0,11,31,14,56,0,1,34,1,36,0,12,65,15,92,10,0,10,102
06/02/2007,BPT,TX,ASW,CE,Combined TRACON& Tower with Radar,0,6,12,0,18,0,4,25,1,30,0,10,37,1,48,70,0,70,118
06/03/2007,BPT,TX,ASW,CE,Combined TRACON& Tower with Radar,0,12,23,0,35,0,1,20,0,21,0,13,43,0,56,0,0,0,56
06/04/2007,BPT,TX,ASW,CE,Combined TRACON& Tower with Radar,1,12,26,10,49,0,1,36,0,37,1,13,62,10,86,24,0,24,110
06/05/2007,BPT,TX,ASW,CE,Combined TRACON& Tower with Radar,0,10,23,0,33,0,1,46,10,57,0,11,69,10,90,48,0,48,138
06/06/2007,BPT,TX,ASW,CE,Combined TRACON& Tower with Radar,0,10,49,0,59,0,0,40,0,40,0,10,89,0,99,24,0,24,123
06/07/2007,BPT,TX,ASW,CE,Combined TRACON& Tower with Radar,0,9,35,5,49,0,3,8,1,12,0,12,43,6,61,24,0,24,85
06/08/2007,BPT,TX,ASW,CE,Combined TRACON& Tower with Radar,0,23,39,0,62,0,2,34,0,36,0,25,73,0,98,10,0,10,108
06/09/2007,BPT,TX,ASW,CE,Combined TRACON& Tower with Radar,0,12,24,2,38,0,0,34,0,34,0,12,58,2,72,46,0,46,118
06/10/2007,BPT,TX,ASW,CE,Combined TRACON& Tower with Radar,0,13,20,0,33,0,3,19,0,22,0,16,39,0,55,28,0,28,83
06/11/2007,BPT,TX,ASW,CE,Combined TRACON& Tower with Radar,0,10,11,1,22,0,1,29,1,31,0,11,40,2,53,28,0,28,81
06/12/2007,BPT,TX,ASW,CE,Combined TRACON& Tower with Radar,0,9,31,24,64,0,5,21,0,26,0,14,52,24,90,12,0,12,102
06/13/2007,BPT,TX,ASW,CE,Combined TRACON& Tower with Radar,0,9,25,24,58,0,0,20,0,20,0,9,45,24,78,0,0,0,78
06/14/2007,BPT,TX,ASW,CE,Combined TRACON& Tower with Radar,0,12,23,10,45,0,3,25,0,28,0,15,48,10,73,10,0,10,83
06/15/2007,BPT,TX,ASW,CE,Combined TRACON& Tower with Radar,2,16,13,6,37,0,6,27,0,33,2,22,40,6,70,102,0,102,172
06/16/2007,BPT,TX,ASW,CE,Combined TRACON& Tower with Radar,0,12,6,0,18,0,0,17,0,17,0,12,23,0,35,8,0,8,43
06/17/2007,BPT,TX,ASW,CE,Combined TRACON& Tower with Radar,0,8,31,0,39,0,2,14,0,16,0,10,45,0,55,10,0,10,65
06/18/2007,BPT,TX,ASW,CE,Combined TRACON& Tower with Radar,0,11,31,16,58,0,0,21,1,22,0,11,52,17,80,38,0,38,118
06/19/2007,BPT,TX,ASW,CE,Combined TRACON& Tower with Radar,0,9,28,8,45,0,1,24,0,25,0,10,52,8,70,40,0,40,110
06/20/2007,BPT,TX,ASW,CE,Combined TRACON& Tower with Radar,0,12,20,14,46,0,0,25,0,25,0,12,45,14,71,26,0,26,97
06/21/2007,BPT,TX,ASW,CE,Combined TRACON& Tower with Radar,0,11,39,39,89,0,4,29,0,33,0,15,68,39,122,56,0,56,178
06/22/2007,BPT,TX,ASW,CE,Combined TRACON& Tower with Radar,0,12,30,10,52,0,2,42,0,44,0,14,72,10,96,50,0,50,146
06/23/2007,BPT,TX,ASW,CE,Combined TRACON& Tower with Radar,0,7,19,0,26,0,2,22,0,24,0,9,41,0,50,52,0,52,102
06/24/2007,BPT,TX,ASW,CE,Combined TRACON& Tower with Radar,0,13,23,0,36,0,1,19,0,20,0,14,42,0,56,20,0,20,76
06/25/2007,BPT,TX,ASW,CE,Combined TRACON& Tower with Radar,0,13,11,0,24,0,0,9,0,9,0,13,20,0,33,2,0,2,35
06/26/2007,BPT,TX,ASW,CE,Combined TRACON& Tower with Radar,0,15,53,17,85,0,2,30,1,33,0,17,83,18,118,0,0,0,118
06/27/2007,BPT,TX,ASW,CE,Combined TRACON& Tower with Radar,0,9,49,20,78,0,0,17,0,17,0,9,66,20,95,0,0,0,95
06/28/2007,BPT,TX,ASW,CE,Combined TRACON& Tower with Radar,10,17,25,21,73,0,2,30,0,32,10,19,55,21,105,10,0,10,115
06/29/2007,BPT,TX,ASW,CE,Combined TRACON& Tower with Radar,0,13,33,8,54,0,2,29,1,32,0,15,62,9,86,28,0,28,114
06/30/2007,BPT,TX,ASW,CE,Combined TRACON& Tower with Radar,0,9,20,0,29,0,0,30,0,30,0,9,50,0,59,54,0,54,113
07/01/2007,BPT,TX,ASW,CE,Combined TRACON& Tower with Radar,0,13,23,0,36,0,1,12,0,13,0,14,35,0,49,0,0,0,49
07/02/2007,BPT,TX,ASW,CE,Combined TRACON& Tower with Radar,0,12,24,4,40,0,1,15,0,16,0,13,39,4,56,29,0,29,85
07/03/2007,BPT,TX,ASW,CE,Combined TRACON& Tower with Radar,0,9,9,20,38,0,1,12,1,14,0,10,21,21,52,16,0,16,68
07/04/2007,BPT,TX,ASW,CE,Combined TRACON& Tower with Radar,0,6,8,0,14,0,0,1,0,1,0,6,9,0,15,0,0,0,15
07/05/2007,BPT,TX,ASW,CE,Combined TRACON& Tower with Radar,0,6,28,15,49,0,1,11,0,12,0,7,39,15,61,0,0,0,61
07/06/2007,BPT,TX,ASW,CE,Combined TRACON& Tower with Radar,0,9,30,0,39,0,0,4,0,4,0,9,34,0,43,0,0,0,43
07/07/2007,BPT,TX,ASW,CE,Combined TRACON& Tower with Radar,0,9,15,0,24,0,0,9,0,9,0,9,24,0,33,12,0,12,45
07/08/2007,BPT,TX,ASW,CE,Combined TRACON& Tower with Radar,0,11,27,12,50,0,2,24,0,26,0,13,51,12,76,40,0,40,116
07/09/2007,BPT,TX,ASW,CE,Combined TRACON& Tower with Radar,0,9,30,0,39,0,2,29,0,31,0,11,59,0,70,2,0,2,72
07/10/2007,BPT,TX,ASW,CE,Combined TRACON& Tower with Radar,0,12,25,2,39,0,2,44,0,46,0,14,69,2,85,36,0,36,121
07/11/2007,BPT,TX,ASW,CE,Combined TRACON& Tower with Radar,0,9,23,10,42,0,7,25,0,32,0,16,48,10,74,2,0,2,76
07/12/2007,BPT,TX,ASW,CE,Combined TRACON& Tower with Radar,2,11,23,12,48,0,1,35,0,36,2,12,58,12,84,0,0,0,84
07/13/2007,BPT,TX,ASW,CE,Combined TRACON& Tower with Radar,0,13,20,2,35,0,1,38,0,39,0,14,58,2,74,4,0,4,78
07/14/2007,BPT,TX,ASW,CE,Combined TRACON& Tower with Radar,0,5,31,0,36,0,0,37,0,37,0,5,68,0,73,38,0,38,111
07/15/2007,BPT,TX,ASW,CE,Combined TRACON& Tower with Radar,0,9,14,8,31,0,1,14,0,15,0,10,28,8,46,0,0,0,46
07/16/2007,BPT,TX,ASW,CE,Combined TRACON& Tower with Radar,0,12,23,5,40,0,3,18,0,21,0,15,41,5,61,32,0,32,93
07/17/2007,BPT,TX,ASW,CE,Combined TRACON& Tower with Radar,0,10,25,8,43,0,0,9,0,9,0,10,34,8,52,10,0,10,62
07/18/2007,BPT,TX,ASW,CE,Combined TRACON& Tower with Radar,0,10,27,8,45,0,0,20,0,20,0,10,47,8,65,26,0,26,91
07/19/2007,BPT,TX,ASW,CE,Combined TRACON& Tower with Radar,0,12,20,31,63,0,1,21,0,22,0,13,41,31,85,32,0,32,117
07/20/2007,BPT,TX,ASW,CE,Combined TRACON& Tower with Radar,0,17,26,2,45,0,0,23,0,23,0,17,49,2,68,0,0,0,68
07/21/2007,BPT,TX,ASW,CE,Combined TRACON& Tower with Radar,0,7,12,0,19,0,0,27,1,28,0,7,39,1,47,28,0,28,75
07/22/2007,BPT,TX,ASW,CE,Combined TRACON& Tower with Radar,2,10,39,0,51,0,0,17,0,17,2,10,56,0,68,10,0,10,78
07/23/2007,BPT,TX,ASW,CE,Combined TRACON& Tower with Radar,0,11,15,37,63,0,0,19,0,19,0,11,34,37,82,10,0,10,92
07/24/2007,BPT,TX,ASW,CE,Combined TRACON& Tower with Radar,0,10,19,15,44,0,1,32,0,33,0,11,51,15,77,20,0,20,97
07/25/2007,BPT,TX,ASW,CE,Combined TRACON& Tower with Radar,0,10,16,12,38,0,0,29,6,35,0,10,45,18,73,12,0,12,85
07/26/2007,BPT,TX,ASW,CE,Combined TRACON& Tower with Radar,0,14,23,0,37,0,1,14,0,15,0,15,37,0,52,20,0,20,72
07/27/2007,BPT,TX,ASW,CE,Combined TRACON& Tower with Radar,0,10,23,0,33,0,1,8,0,9,0,11,31,0,42,2,0,2,44
07/28/2007,BPT,TX,ASW,CE,Combined TRACON& Tower with Radar,0,8,11,0,19,0,1,14,0,15,0,9,25,0,34,0,0,0,34
07/29/2007,BPT,TX,ASW,CE,Combined TRACON& Tower with Radar,0,10,13,0,23,0,1,20,0,21,0,11,33,0,44,0,0,0,44
07/30/2007,BPT,TX,ASW,CE,Combined TRACON& Tower with Radar,0,9,28,6,43,0,2,17,0,19,0,11,45,6,62,0,0,0,62
07/31/2007,BPT,TX,ASW,CE,Combined TRACON& Tower with Radar,0,10,29,2,41,0,0,18,0,18,0,10,47,2,59,0,0,0,59
08/01/2007,BPT,TX,ASW,CE,Combined TRACON& Tower with Radar,0,13,22,25,60,0,0,14,0,14,0,13,36,25,74,0,0,0,74
08/02/2007,BPT,TX,ASW,CE,Combined TRACON& Tower with Radar,0,14,55,0,69,0,0,11,0,11,0,14,66,0,80,0,0,0,80
08/03/2007,BPT,TX,ASW,CE,Combined TRACON& Tower with Radar,0,12,45,0,57,0,0,35,0,35,0,12,80,0,92,20,0,20,112
08/04/2007,BPT,TX,ASW,CE,Combined TRACON& Tower with Radar,0,6,35,7,48,0,1,27,0,28,0,7,62,7,76,58,0,58,134
08/05/2007,BPT,TX,ASW,CE,Combined TRACON& Tower with Radar,0,11,51,1,63,0,4,33,0,37,0,15,84,1,100,6,0,6,106
08/06/2007,BPT,TX,ASW,CE,Combined TRACON& Tower with Radar,0,10,27,0,37,0,2,26,0,28,0,12,53,0,65,0,0,0,65
08/07/2007,BPT,TX,ASW,CE,Combined TRACON& Tower with Radar,0,10,28,27,65,0,6,38,2,46,0,16,66,29,111,0,0,0,111
08/08/2007,BPT,TX,ASW,CE,Combined TRACON& Tower with Radar,0,12,36,24,72,0,0,36,0,36,0,12,72,24,108,54,0,54,162
08/09/2007,BPT,TX,ASW,CE,Combined TRACON& Tower with Radar,0,9,30,10,49,0,0,24,0,24,0,9,54,10,73,38,0,38,111
08/10/2007,BPT,TX,ASW,CE,Combined TRACON& Tower with Radar,0,10,38,12,60,0,1,45,3,49,0,11,83,15,109,36,0,36,145
08/11/2007,BPT,TX,ASW,CE,Combined TRACON& Tower with Radar,0,6,27,0,33,0,3,34,0,37,0,9,61,0,70,28,0,28,98
08/12/2007,BPT,TX,ASW,CE,Combined TRACON& Tower with Radar,0,8,23,0,31,0,0,33,0,33,0,8,56,0,64,36,0,36,100
08/13/2007,BPT,TX,ASW,CE,Combined TRACON& Tower with Radar,0,11,34,0,45,0,1,33,0,34,0,12,67,0,79,12,0,12,91
08/14/2007,BPT,TX,ASW,CE,Combined TRACON& Tower with Radar,0,11,40,9,60,0,0,25,0,25,0,11,65,9,85,0,0,0,85
08/15/2007,BPT,TX,ASW,CE,Combined TRACON& Tower with Radar,0,10,49,8,67,0,3,29,0,32,0,13,78,8,99,10,0,10,109
08/16/2007,BPT,TX,ASW,CE,Combined TRACON& Tower with Radar,4,32,22,0,58,0,0,17,0,17,4,32,39,0,75,34,0,34,109
08/17/2007,BPT,TX,ASW,CE,Combined TRACON& Tower with Radar,7,12,17,30,66,0,0,17,3,20,7,12,34,33,86,2,0,2,88
08/18/2007,BPT,TX,ASW,CE,Combined TRACON& Tower with Radar,0,3,11,0,14,0,0,9,0,9,0,3,20,0,23,2,0,2,25
08/19/2007,BPT,TX,ASW,CE,Combined TRACON& Tower with Radar,0,9,36,0,45,0,1,25,0,26,0,10,61,0,71,0,0,0,71
08/20/2007,BPT,TX,ASW,CE,Combined TRACON& Tower with Radar,0,10,25,7,42,0,0,28,2,30,0,10,53,9,72,10,0,10,82
08/21/2007,BPT,TX,ASW,CE,Combined TRACON& Tower with Radar,0,12,38,13,63,0,1,32,0,33,0,13,70,13,96,36,0,36,132
08/22/2007,BPT,TX,ASW,CE,Combined TRACON& Tower with Radar,0,8,19,17,44,0,1,21,1,23,0,9,40,18,67,72,0,72,139
08/23/2007,BPT,TX,ASW,CE,Combined TRACON& Tower with Radar,0,10,20,20,50,0,0,27,0,27,0,10,47,20,77,48,0,48,125
08/24/2007,BPT,TX,ASW,CE,Combined TRACON& Tower with Radar,0,9,40,4,53,0,1,30,0,31,0,10,70,4,84,90,0,90,174
08/25/2007,BPT,TX,ASW,CE,Combined TRACON& Tower with Radar,0,8,5,0,13,0,0,29,1,30,0,8,34,1,43,20,0,20,63
08/26/2007,BPT,TX,ASW,CE,Combined TRACON& Tower with Radar,0,10,17,18,45,0,0,45,0,45,0,10,62,18,90,28,0,28,118
08/27/2007,BPT,TX,ASW,CE,Combined TRACON& Tower with Radar,4,9,15,7,35,0,3,10,4,17,4,12,25,11,52,42,0,42,94
08/28/2007,BPT,TX,ASW,CE,Combined TRACON& Tower with Radar,3,9,21,13,46,0,0,18,0,18,3,9,39,13,64,2,0,2,66
08/29/2007,BPT,TX,ASW,CE,Combined TRACON& Tower with Radar,0,10,25,5,40,0,1,11,0,12,0,11,36,5,52,10,0,10,62
08/30/2007,BPT,TX,ASW,CE,Combined TRACON& Tower with Radar,0,10,44,29,83,0,0,21,1,22,0,10,65,30,105,68,0,68,173
08/31/2007,BPT,TX,ASW,CE,Combined TRACON& Tower with Radar,0,19,23,21,63,0,3,24,0,27,0,22,47,21,90,32,0,32,122
09/01/2007,BPT,TX,ASW,CE,Combined TRACON& Tower with Radar,0,9,42,0,51,0,1,26,2,29,0,10,68,2,80,26,0,26,106
09/02/2007,BPT,TX,ASW,CE,Combined TRACON& Tower with Radar,0,10,7,1,18,0,0,2,1,3,0,10,9,2,21,0,0,0,21
09/03/2007,BPT,TX,ASW,CE,Combined TRACON& Tower with Radar,0,6,17,12,35,0,0,19,0,19,0,6,36,12,54,14,0,14,68
09/04/2007,BPT,TX,ASW,CE,Combined TRACON& Tower with Radar,0,14,11,0,25,0,2,31,0,33,0,16,42,0,58,36,0,36,94
09/05/2007,BPT,TX,ASW,CE,Combined TRACON& Tower with Radar,0,12,11,26,49,0,0,41,0,41,0,12,52,26,90,26,0,26,116
09/06/2007,BPT,TX,ASW,CE,Combined TRACON& Tower with Radar,0,15,30,6,51,0,1,22,0,23,0,16,52,6,74,38,0,38,112
09/07/2007,BPT,TX,ASW,CE,Combined TRACON& Tower with Radar,0,13,26,8,47,0,4,23,0,27,0,17,49,8,74,0,0,0,74
09/08/2007,BPT,TX,ASW,CE,Combined TRACON& Tower with Radar,0,12,28,0,40,0,1,50,0,51,0,13,78,0,91,36,0,36,127
09/09/2007,BPT,TX,ASW,CE,Combined TRACON& Tower with Radar,0,10,18,0,28,0,0,20,4,24,0,10,38,4,52,20,0,20,72
09/10/2007,BPT,TX,ASW,CE,Combined TRACON& Tower with Radar,0,12,33,18,63,0,0,32,0,32,0,12,65,18,95,0,0,0,95
09/11/2007,BPT,TX,ASW,CE,Combined TRACON& Tower with Radar,0,9,25,54,88,0,2,31,0,33,0,11,56,54,121,26,0,26,147
09/12/2007,BPT,TX,ASW,CE,Combined TRACON& Tower with Radar,0,11,20,4,35,0,0,4,0,4,0,11,24,4,39,0,0,0,39
09/13/2007,BPT,TX,ASW,CE,Combined TRACON& Tower with Radar,0,12,21,16,49,0,1,17,7,25,0,13,38,23,74,6,0,6,80
09/14/2007,BPT,TX,ASW,CE,Combined TRACON& Tower with Radar,0,11,42,3,56,0,4,49,1,54,0,15,91,4,110,20,0,20,130
09/15/2007,BPT,TX,ASW,CE,Combined TRACON& Tower with Radar,0,7,24,0,31,0,1,48,0,49,0,8,72,0,80,38,0,38,118
09/16/2007,BPT,TX,ASW,CE,Combined TRACON& Tower with Radar,0,10,38,5,53,0,0,40,0,40,0,10,78,5,93,6,0,6,99
09/17/2007,BPT,TX,ASW,CE,Combined TRACON& Tower with Radar,0,14,27,6,47,0,1,29,0,30,0,15,56,6,77,2,0,2,79
09/18/2007,BPT,TX,ASW,CE,Combined TRACON& Tower with Radar,0,13,19,35,67,0,2,31,0,33,0,15,50,35,100,52,0,52,152
09/19/2007,BPT,TX,ASW,CE,Combined TRACON& Tower with Radar,0,14,29,34,77,0,0,30,3,33,0,14,59,37,110,20,0,20,130
09/20/2007,BPT,TX,ASW,CE,Combined TRACON& Tower with Radar,0,11,26,44,81,0,0,35,2,37,0,11,61,46,118,44,0,44,162
09/21/2007,BPT,TX,ASW,CE,Combined TRACON& Tower with Radar,0,10,27,10,47,0,0,38,0,38,0,10,65,10,85,20,0,20,105
09/22/2007,BPT,TX,ASW,CE,Combined TRACON& Tower with Radar,1,9,18,1,29,0,1,35,0,36,1,10,53,1,65,18,0,18,83
09/23/2007,BPT,TX,ASW,CE,Combined TRACON& Tower with Radar,0,10,23,4,37,0,1,19,0,20,0,11,42,4,57,44,0,44,101
09/24/2007,BPT,TX,ASW,CE,Combined TRACON& Tower with Radar,1,9,17,14,41,0,0,10,0,10,1,9,27,14,51,42,0,42,93
09/25/2007,BPT,TX,ASW,CE,Combined TRACON& Tower with Radar,0,12,34,20,66,0,0,6,0,6,0,12,40,20,72,14,0,14,86
09/26/2007,BPT,TX,ASW,CE,Combined TRACON& Tower with Radar,0,9,26,10,45,0,1,17,1,19,0,10,43,11,64,0,0,0,64
09/27/2007,BPT,TX,ASW,CE,Combined TRACON& Tower with Radar,0,11,32,29,72,0,0,13,1,14,0,11,45,30,86,6,0,6,92
09/28/2007,BPT,TX,ASW,CE,Combined TRACON& Tower with Radar,0,10,28,0,38,0,5,31,0,36,0,15,59,0,74,0,0,0,74
09/29/2007,BPT,TX,ASW,CE,Combined TRACON& Tower with Radar,0,8,33,0,41,0,2,45,1,48,0,10,78,1,89,50,0,50,139
09/30/2007,BPT,TX,ASW,CE,Combined TRACON& Tower with Radar,0,12,21,1,34,0,0,16,0,16,0,12,37,1,50,34,0,34,84
10/01/2007,BPT,TX,ASW,CE,Combined TRACON& Tower with Radar,0,10,24,4,38,0,1,16,0,17,0,11,40,4,55,86,0,86,141
10/02/2007,BPT,TX,ASW,CE,Combined TRACON& Tower with Radar,0,12,12,16,40,0,3,24,0,27,0,15,36,16,67,10,0,10,77
10/03/2007,BPT,TX,ASW,CE,Combined TRACON& Tower with Radar,0,12,41,15,68,0,0,31,0,31,0,12,72,15,99,4,0,4,103
10/04/2007,BPT,TX,ASW,CE,Combined TRACON& Tower with Radar,0,10,30,35,75,0,2,28,3,33,0,12,58,38,108,14,0,14,122
10/05/2007,BPT,TX,ASW,CE,Combined TRACON& Tower with Radar,0,13,40,0,53,0,1,12,1,14,0,14,52,1,67,10,0,10,77
10/06/2007,BPT,TX,ASW,CE,Combined TRACON& Tower with Radar,0,7,24,1,32,0,3,14,3,20,0,10,38,4,52,18,0,18,70
10/07/2007,BPT,TX,ASW,CE,Combined TRACON& Tower with Radar,9,13,26,0,48,0,0,8,0,8,9,13,34,0,56,22,0,22,78
10/08/2007,BPT,TX,ASW,CE,Combined TRACON& Tower with Radar,0,10,31,2,43,0,0,11,3,14,0,10,42,5,57,48,0,48,105
10/09/2007,BPT,TX,ASW,CE,Combined TRACON& Tower with Radar,0,16,36,34,86,0,6,32,11,49,0,22,68,45,135,72,4,76,211
10/10/2007,BPT,TX,ASW,CE,Combined TRACON& Tower with Radar,0,10,17,17,44,0,0,28,9,37,0,10,45,26,81,122,0,122,203
10/11/2007,BPT,TX,ASW,CE,Combined TRACON& Tower with Radar,0,15,16,8,39,0,3,31,3,37,0,18,47,11,76,90,0,90,166
10/12/2007,BPT,TX,ASW,CE,Combined TRACON& Tower with Radar,0,13,35,5,53,0,4,43,3,50,0,17,78,8,103,46,0,46,149
10/13/2007,BPT,TX,ASW,CE,Combined TRACON& Tower with Radar,0,8,30,0,38,0,3,35,3,41,0,11,65,3,79,26,0,26,105
10/14/2007,BPT,TX,ASW,CE,Combined TRACON& Tower with Radar,0,11,27,0,38,0,4,35,2,41,0,15,62,2,79,16,0,16,95
10/15/2007,BPT,TX,ASW,CE,Combined TRACON& Tower with Radar,2,21,14,0,37,0,2,25,0,27,2,23,39,0,64,34,0,34,98
10/16/2007,BPT,TX,ASW,CE,Combined TRACON& Tower with Radar,0,14,49,8,71,0,1,28,0,29,0,15,77,8,100,22,0,22,122
10/17/2007,BPT,TX,ASW,CE,Combined TRACON& Tower with Radar,0,10,37,0,47,0,0,0,0,0,0,10,37,0,47,12,0,12,59
10/18/2007,BPT,TX,ASW,CE,Combined TRACON& Tower with Radar,0,11,38,2,51,0,0,24,0,24,0,11,62,2,75,12,0,12,87
10/19/2007,BPT,TX,ASW,CE,Combined TRACON& Tower with Radar,0,9,33,0,42,0,4,40,0,44,0,13,73,0,86,10,0,10,96
10/20/2007,BPT,TX,ASW,CE,Combined TRACON& Tower with Radar,0,8,21,2,31,0,2,51,1,54,0,10,72,3,85,48,0,48,133
10/21/2007,BPT,TX,ASW,CE,Combined TRACON& Tower with Radar,0,13,46,2,61,0,2,29,0,31,0,15,75,2,92,10,0,10,102
10/22/2007,BPT,TX,ASW,CE,Combined TRACON& Tower with Radar,0,22,13,0,35,0,0,7,0,7,0,22,20,0,42,0,0,0,42
10/23/2007,BPT,TX,ASW,CE,Combined TRACON& Tower with Radar,0,12,36,18,66,0,3,23,0,26,0,15,59,18,92,30,0,30,122
10/24/2007,BPT,TX,ASW,CE,Combined TRACON& Tower with Radar,0,17,24,16,57,0,2,23,4,29,0,19,47,20,86,0,0,0,86
10/25/2007,BPT,TX,ASW,CE,Combined TRACON& Tower with Radar,0,15,22,27,64,0,1,28,3,32,0,16,50,30,96,56,0,56,152
10/26/2007,BPT,TX,ASW,CE,Combined TRACON& Tower with Radar,0,10,29,7,46,0,1,43,0,44,0,11,72,7,90,30,0,30,120
10/27/2007,BPT,TX,ASW,CE,Combined TRACON& Tower with Radar,0,7,17,0,24,0,3,40,0,43,0,10,57,0,67,22,0,22,89
10/28/2007,BPT,TX,ASW,CE,Combined TRACON& Tower with Radar,0,15,29,0,44,0,2,38,0,40,0,17,67,0,84,68,0,68,152
10/29/2007,BPT,TX,ASW,CE,Combined TRACON& Tower with Radar,0,11,42,9,62,0,1,25,1,27,0,12,67,10,89,34,0,34,123
10/30/2007,BPT,TX,ASW,CE,Combined TRACON& Tower with Radar,0,9,36,17,62,0,6,34,3,43,0,15,70,20,105,6,0,6,111
10/31/2007,BPT,TX,ASW,CE,Combined TRACON& Tower with Radar,0,12,33,25,70,0,1,34,3,38,0,13,67,28,108,18,0,18,126
11/01/2007,BPT,TX,ASW,CE,Combined TRACON& Tower with Radar,0,13,41,9,63,0,2,28,1,31,0,15,69,10,94,92,0,92,186
11/02/2007,BPT,TX,ASW,CE,Combined TRACON& Tower with Radar,0,10,37,31,78,0,1,30,1,32,0,11,67,32,110,36,0,36,146
11/03/2007,BPT,TX,ASW,CE,Combined TRACON& Tower with Radar,0,7,23,0,30,0,3,42,0,45,0,10,65,0,75,34,0,34,109
11/04/2007,BPT,TX,ASW,CE,Combined TRACON& Tower with Radar,0,11,26,5,42,0,1,31,0,32,0,12,57,5,74,10,0,10,84
11/05/2007,BPT,TX,ASW,CE,Combined TRACON& Tower with Radar,0,12,21,10,43,0,6,29,0,35,0,18,50,10,78,2,0,2,80
11/06/2007,BPT,TX,ASW,CE,Combined TRACON& Tower with Radar,0,16,36,8,60,0,2,17,0,19,0,18,53,8,79,2,0,2,81
11/07/2007,BPT,TX,ASW,CE,Combined TRACON& Tower with Radar,0,11,26,14,51,0,0,34,0,34,0,11,60,14,85,68,0,68,153
11/08/2007,BPT,TX,ASW,CE,Combined TRACON& Tower with Radar,0,11,30,0,41,0,7,23,1,31,0,18,53,1,72,6,0,6,78
11/09/2007,BPT,TX,ASW,CE,Combined TRACON& Tower with Radar,0,15,33,16,64,0,5,37,0,42,0,20,70,16,106,52,0,52,158
11/10/2007,BPT,TX,ASW,CE,Combined TRACON& Tower with Radar,0,6,17,0,23,0,4,29,1,34,0,10,46,1,57,14,0,14,71
11/11/2007,BPT,TX,ASW,CE,Combined TRACON& Tower with Radar,0,9,27,0,36,0,2,15,0,17,0,11,42,0,53,22,0,22,75
11/12/2007,BPT,TX,ASW,CE,Combined TRACON& Tower with Radar,0,11,17,0,28,0,0,5,0,5,0,11,22,0,33,0,0,0,33
11/13/2007,BPT,TX,ASW,CE,Combined TRACON& Tower with Radar,0,15,33,5,53,0,0,9,0,9,0,15,42,5,62,46,0,46,108
11/14/2007,BPT,TX,ASW,CE,Combined TRACON& Tower with Radar,0,21,30,0,51,0,1,19,0,20,0,22,49,0,71,10,0,10,81
11/15/2007,BPT,TX,ASW,CE,Combined TRACON& Tower with Radar,0,12,13,17,42,0,0,29,0,29,0,12,42,17,71,64,0,64,135
11/16/2007,BPT,TX,ASW,CE,Combined TRACON& Tower with Radar,0,10,24,9,43,0,3,22,0,25,0,13,46,9,68,28,0,28,96
11/17/2007,BPT,TX,ASW,CE,Combined TRACON& Tower with Radar,0,9,35,7,51,0,4,21,2,27,0,13,56,9,78,62,0,62,140
11/18/2007,BPT,TX,ASW,CE,Combined TRACON& Tower with Radar,0,9,18,15,42,0,0,11,2,13,0,9,29,17,55,10,0,10,65
11/19/2007,BPT,TX,ASW,CE,Combined TRACON& Tower with Radar,0,10,15,2,27,0,0,12,2,14,0,10,27,4,41,0,0,0,41
11/20/2007,BPT,TX,ASW,CE,Combined TRACON& Tower with Radar,0,8,40,10,58,0,1,19,0,20,0,9,59,10,78,20,0,20,98
11/21/2007,BPT,TX,ASW,CE,Combined TRACON& Tower with Radar,0,13,20,21,54,0,8,16,0,24,0,21,36,21,78,42,0,42,120
11/22/2007,BPT,TX,ASW,CE,Combined TRACON& Tower with Radar,0,4,3,0,7,0,0,10,0,10,0,4,13,0,17,0,0,0,17
11/23/2007,BPT,TX,ASW,CE,Combined TRACON& Tower with Radar,0,8,21,0,29,0,1,23,0,24,0,9,44,0,53,20,0,20,73
11/24/2007,BPT,TX,ASW,CE,Combined TRACON& Tower with Radar,0,5,7,0,12,0,0,0,0,0,0,5,7,0,12,0,0,0,12
11/25/2007,BPT,TX,ASW,CE,Combined TRACON& Tower with Radar,0,8,39,0,47,0,0,0,0,0,0,8,39,0,47,0,0,0,47
11/26/2007,BPT,TX,ASW,CE,Combined TRACON& Tower with Radar,0,12,16,0,28,0,2,23,0,25,0,14,39,0,53,16,0,16,69
11/27/2007,BPT,TX,ASW,CE,Combined TRACON& Tower with Radar,0,11,23,11,45,0,1,25,0,26,0,12,48,11,71,18,0,18,89
11/28/2007,BPT,TX,ASW,CE,Combined TRACON& Tower with Radar,0,17,26,10,53,0,0,19,3,22,0,17,45,13,75,40,0,40,115
11/29/2007,BPT,TX,ASW,CE,Combined TRACON& Tower with Radar,0,21,27,9,57,0,1,20,0,21,0,22,47,9,78,10,0,10,88
11/30/2007,BPT,TX,ASW,CE,Combined TRACON& Tower with Radar,0,15,58,20,93,0,3,46,6,55,0,18,104,26,148,40,0,40,188
12/01/2007,BPT,TX,ASW,CE,Combined TRACON& Tower with Radar,0,6,37,1,44,0,1,22,0,23,0,7,59,1,67,20,0,20,87
12/02/2007,BPT,TX,ASW,CE,Combined TRACON& Tower with Radar,0,11,28,13,52,0,2,7,0,9,0,13,35,13,61,36,0,36,97
12/03/2007,BPT,TX,ASW,CE,Combined TRACON& Tower with Radar,0,11,29,6,46,0,1,21,2,24,0,12,50,8,70,0,6,6,76
12/04/2007,BPT,TX,ASW,CE,Combined TRACON& Tower with Radar,0,13,35,8,56,0,4,44,1,49,0,17,79,9,105,30,0,30,135
12/05/2007,BPT,TX,ASW,CE,Combined TRACON& Tower with Radar,0,16,27,12,55,0,1,12,0,13,0,17,39,12,68,20,0,20,88
12/06/2007,BPT,TX,ASW,CE,Combined TRACON& Tower with Radar,0,12,22,14,48,0,0,9,0,9,0,12,31,14,57,0,0,0,57
12/07/2007,BPT,TX,ASW,CE,Combined TRACON& Tower with Radar,0,9,35,8,52,0,0,7,2,9,0,9,42,10,61,0,0,0,61
12/08/2007,BPT,TX,ASW,CE,Combined TRACON& Tower with Radar,0,6,15,0,21,0,0,11,0,11,0,6,26,0,32,46,0,46,78
12/09/2007,BPT,TX,ASW,CE,Combined TRACON& Tower with Radar,0,8,21,0,29,0,1,11,0,12,0,9,32,0,41,2,0,2,43
12/10/2007,BPT,TX,ASW,CE,Combined TRACON& Tower with Radar,0,15,20,4,39,0,2,4,0,6,0,17,24,4,45,2,0,2,47
12/11/2007,BPT,TX,ASW,CE,Combined TRACON& Tower with Radar,0,15,38,35,88,0,0,8,0,8,0,15,46,35,96,14,0,14,110
12/12/2007,BPT,TX,ASW,CE,Combined TRACON& Tower with Radar,0,14,16,6,36,0,0,11,0,11,0,14,27,6,47,2,0,2,49
12/13/2007,BPT,TX,ASW,CE,Combined TRACON& Tower with Radar,0,11,39,12,62,0,0,8,0,8,0,11,47,12,70,26,0,26,96
12/14/2007,BPT,TX,ASW,CE,Combined TRACON& Tower with Radar,0,24,34,19,77,0,0,3,0,3,0,24,37,19,80,0,0,0,80
12/15/2007,BPT,TX,ASW,CE,Combined TRACON& Tower with Radar,0,6,14,0,20,0,0,21,2,23,0,6,35,2,43,0,0,0,43
12/16/2007,BPT,TX,ASW,CE,Combined TRACON& Tower with Radar,0,10,39,4,53,0,4,42,0,46,0,14,81,4,99,58,0,58,157
12/17/2007,BPT,TX,ASW,CE,Combined TRACON& Tower with Radar,0,11,30,10,51,0,3,26,0,29,0,14,56,10,80,0,2,2,82
12/18/2007,BPT,TX,ASW,CE,Combined TRACON& Tower with Radar,0,16,36,35,87,0,5,16,1,22,0,21,52,36,109,22,0,22,131
12/19/2007,BPT,TX,ASW,CE,Combined TRACON& Tower with Radar,0,16,34,15,65,0,0,19,0,19,0,16,53,15,84,0,0,0,84
12/20/2007,BPT,TX,ASW,CE,Combined TRACON& Tower with Radar,0,14,13,17,44,0,0,17,0,17,0,14,30,17,61,2,0,2,63
12/21/2007,BPT,TX,ASW,CE,Combined TRACON& Tower with Radar,0,19,26,8,53,0,0,52,0,52,0,19,78,8,105,48,0,48,153
12/22/2007,BPT,TX,ASW,CE,Combined TRACON& Tower with Radar,0,7,19,0,26,0,6,18,0,24,0,13,37,0,50,0,0,0,50
12/23/2007,BPT,TX,ASW,CE,Combined TRACON& Tower with Radar,0,12,22,0,34,0,1,28,0,29,0,13,50,0,63,10,0,10,73
12/24/2007,BPT,TX,ASW,CE,Combined TRACON& Tower with Radar,0,8,8,0,16,0,0,20,0,20,0,8,28,0,36,0,0,0,36
12/25/2007,BPT,TX,ASW,CE,Combined TRACON& Tower with Radar,0,7,21,0,28,0,1,8,0,9,0,8,29,0,37,0,18,18,55
12/26/2007,BPT,TX,ASW,CE,Combined TRACON& Tower with Radar,0,10,16,0,26,0,0,2,0,2,0,10,18,0,28,34,0,34,62
12/27/2007,BPT,TX,ASW,CE,Combined TRACON& Tower with Radar,0,11,37,0,48,0,1,22,0,23,0,12,59,0,71,18,0,18,89
12/28/2007,BPT,TX,ASW,CE,Combined TRACON& Tower with Radar,0,11,22,9,42,0,7,20,0,27,0,18,42,9,69,14,0,14,83
12/29/2007,BPT,TX,ASW,CE,Combined TRACON& Tower with Radar,0,6,25,0,31,0,2,25,0,27,0,8,50,0,58,36,0,36,94
12/30/2007,BPT,TX,ASW,CE,Combined TRACON& Tower with Radar,0,11,21,0,32,0,0,41,0,41,0,11,62,0,73,68,0,68,141
12/31/2007,BPT,TX,ASW,CE,Combined TRACON& Tower with Radar,0,7,16,0,23,0,6,23,0,29,0,13,39,0,52,16,0,16,68
01/01/2008,BPT,TX,ASW,CE,Combined TRACON& Tower with Radar,0,11,6,0,17,0,4,17,0,21,0,15,23,0,38,0,0,0,38
01/02/2008,BPT,TX,ASW,CE,Combined TRACON& Tower with Radar,0,15,14,9,38,0,14,33,0,47,0,29,47,9,85,0,0,0,85
01/03/2008,BPT,TX,ASW,CE,Combined TRACON& Tower with Radar,0,9,25,14,48,0,0,25,0,25,0,9,50,14,73,0,0,0,73
01/04/2008,BPT,TX,ASW,CE,Combined TRACON& Tower with Radar,0,11,26,19,56,0,2,22,0,24,0,13,48,19,80,30,0,30,110
01/05/2008,BPT,TX,ASW,CE,Combined TRACON& Tower with Radar,0,9,28,1,38,0,1,15,0,16,0,10,43,1,54,16,0,16,70
01/06/2008,BPT,TX,ASW,CE,Combined TRACON& Tower with Radar,0,11,21,0,32,0,1,23,0,24,0,12,44,0,56,24,0,24,80
01/07/2008,BPT,TX,ASW,CE,Combined TRACON& Tower with Radar,0,18,24,0,42,0,1,7,0,8,0,19,31,0,50,0,0,0,50
01/08/2008,BPT,TX,ASW,CE,Combined TRACON& Tower with Radar,0,10,19,13,42,0,2,8,1,11,0,12,27,14,53,12,0,12,65
01/09/2008,BPT,TX,ASW,CE,Combined TRACON& Tower with Radar,0,10,11,17,38,0,0,28,0,28,0,10,39,17,66,18,0,18,84
01/10/2008,BPT,TX,ASW,CE,Combined TRACON& Tower with Radar,0,14,40,12,66,0,4,8,0,12,0,18,48,12,78,40,0,40,118
01/11/2008,BPT,TX,ASW,CE,Combined TRACON& Tower with Radar,0,16,25,17,58,0,4,44,0,48,0,20,69,17,106,46,0,46,152
01/12/2008,BPT,TX,ASW,CE,Combined TRACON& Tower with Radar,0,7,33,9,49,0,2,53,0,55,0,9,86,9,104,48,8,56,160
01/13/2008,BPT,TX,ASW,CE,Combined TRACON& Tower with Radar,0,13,23,0,36,0,0,29,0,29,0,13,52,0,65,32,0,32,97
01/14/2008,BPT,TX,ASW,CE,Combined TRACON& Tower with Radar,0,11,29,13,53,0,2,44,3,49,0,13,73,16,102,46,0,46,148
01/15/2008,BPT,TX,ASW,CE,Combined TRACON& Tower with Radar,0,19,24,21,64,0,5,16,0,21,0,24,40,21,85,50,0,50,135
01/16/2008,BPT,TX,ASW,CE,Combined TRACON& Tower with Radar,0,12,30,4,46,0,0,0,0,0,0,12,30,4,46,0,0,0,46
01/17/2008,BPT,TX,ASW,CE,Combined TRACON& Tower with Radar,0,16,39,4,59,0,0,10,0,10,0,16,49,4,69,0,0,0,69
01/18/2008,BPT,TX,ASW,CE,Combined TRACON& Tower with Radar,0,10,24,18,52,0,4,6,0,10,0,14,30,18,62,14,0,14,76
01/19/2008,BPT,TX,ASW,CE,Combined TRACON& Tower with Radar,0,7,16,0,23,0,1,21,0,22,0,8,37,0,45,0,0,0,45
01/20/2008,BPT,TX,ASW,CE,Combined TRACON& Tower with Radar,0,13,16,0,29,0,2,26,0,28,0,15,42,0,57,0,0,0,57
01/21/2008,BPT,TX,ASW,CE,Combined TRACON& Tower with Radar,0,10,19,8,37,0,1,9,0,10,0,11,28,8,47,14,0,14,61
01/22/2008,BPT,TX,ASW,CE,Combined TRACON& Tower with Radar,0,9,21,14,44,0,1,5,0,6,0,10,26,14,50,0,0,0,50
01/23/2008,BPT,TX,ASW,CE,Combined TRACON& Tower with Radar,0,9,18,28,55,0,0,1,0,1,0,9,19,28,56,0,0,0,56
01/24/2008,BPT,TX,ASW,CE,Combined TRACON& Tower with Radar,0,12,19,30,61,0,1,5,4,10,0,13,24,34,71,0,0,0,71
01/25/2008,BPT,TX,ASW,CE,Combined TRACON& Tower with Radar,0,11,23,0,34,0,0,0,0,0,0,11,23,0,34,0,0,0,34
01/26/2008,BPT,TX,ASW,CE,Combined TRACON& Tower with Radar,0,6,25,0,31,0,0,6,0,6,0,6,31,0,37,20,0,20,57
01/27/2008,BPT,TX,ASW,CE,Combined TRACON& Tower with Radar,0,14,30,6,50,0,0,28,0,28,0,14,58,6,78,12,0,12,90
01/28/2008,BPT,TX,ASW,CE,Combined TRACON& Tower with Radar,0,12,17,6,35,0,0,27,0,27,0,12,44,6,62,12,0,12,74
01/29/2008,BPT,TX,ASW,CE,Combined TRACON& Tower with Radar,0,12,10,8,30,0,0,11,0,11,0,12,21,8,41,2,0,2,43
01/30/2008,BPT,TX,ASW,CE,Combined TRACON& Tower with Radar,0,11,17,21,49,0,2,33,2,37,0,13,50,23,86,14,0,14,100
01/31/2008,BPT,TX,ASW,CE,Combined TRACON& Tower with Radar,0,8,12,1,21,0,0,4,0,4,0,8,16,1,25,0,0,0,25
02/01/2008,BPT,TX,ASW,CE,Combined TRACON& Tower with Radar,0,10,52,31,93,0,1,57,1,59,0,11,109,32,152,116,0,116,268
02/02/2008,BPT,TX,ASW,CE,Combined TRACON& Tower with Radar,0,6,10,1,17,0,2,57,0,59,0,8,67,1,76,108,0,108,184
02/03/2008,BPT,TX,ASW,CE,Combined TRACON& Tower with Radar,0,14,12,0,26,0,0,0,0,0,0,14,12,0,26,0,0,0,26
02/04/2008,BPT,TX,ASW,CE,Combined TRACON& Tower with Radar,0,15,33,2,50,0,0,4,0,4,0,15,37,2,54,10,0,10,64
02/05/2008,BPT,TX,ASW,CE,Combined TRACON& Tower with Radar,0,10,17,20,47,0,0,0,0,0,0,10,17,20,47,0,0,0,47
02/06/2008,BPT,TX,ASW,CE,Combined TRACON& Tower with Radar,0,9,32,14,55,0,0,41,3,44,0,9,73,17,99,32,0,32,131
02/07/2008,BPT,TX,ASW,CE,Combined TRACON& Tower with Radar,0,17,24,17,58,0,0,38,4,42,0,17,62,21,100,8,0,8,108
02/08/2008,BPT,TX,ASW,CE,Combined TRACON& Tower with Radar,0,16,24,14,54,0,3,43,0,46,0,19,67,14,100,40,0,40,140
02/09/2008,BPT,TX,ASW,CE,Combined TRACON& Tower with Radar,0,6,19,0,25,0,1,33,0,34,0,7,52,0,59,88,0,88,147
02/10/2008,BPT,TX,ASW,CE,Combined TRACON& Tower with Radar,0,10,29,0,39,0,1,25,0,26,0,11,54,0,65,28,0,28,93
02/11/2008,BPT,TX,ASW,CE,Combined TRACON& Tower with Radar,0,19,16,22,57,0,2,8,0,10,0,21,24,22,67,38,0,38,105
02/12/2008,BPT,TX,ASW,CE,Combined TRACON& Tower with Radar,0,10,15,0,25,0,4,12,0,16,0,14,27,0,41,0,0,0,41
02/13/2008,BPT,TX,ASW,CE,Combined TRACON& Tower with Radar,0,11,35,5,51,0,3,40,2,45,0,14,75,7,96,30,2,32,128
02/14/2008,BPT,TX,ASW,CE,Combined TRACON& Tower with Radar,0,10,33,16,59,0,0,23,3,26,0,10,56,19,85,0,0,0,85
02/15/2008,BPT,TX,ASW,CE,Combined TRACON& Tower with Radar,0,13,51,17,81,0,1,4,2,7,0,14,55,19,88,0,0,0,88
02/16/2008,BPT,TX,ASW,CE,Combined TRACON& Tower with Radar,0,8,12,0,20,0,0,3,0,3,0,8,15,0,23,0,0,0,23
02/17/2008,BPT,TX,ASW,CE,Combined TRACON& Tower with Radar,0,14,20,0,34,0,1,33,0,34,0,15,53,0,68,40,0,40,108
02/18/2008,BPT,TX,ASW,CE,Combined TRACON& Tower with Radar,0,11,26,14,51,0,3,44,0,47,0,14,70,14,98,30,0,30,128
02/19/2008,BPT,TX,ASW,CE,Combined TRACON& Tower with Radar,0,10,27,9,46,0,3,41,0,44,0,13,68,9,90,44,0,44,134
02/20/2008,BPT,TX,ASW,CE,Combined TRACON& Tower with Radar,0,17,44,0,61,0,0,13,2,15,0,17,57,2,76,2,0,2,78
02/21/2008,BPT,TX,ASW,CE,Combined TRACON& Tower with Radar,0,9,22,5,36,0,0,0,0,0,0,9,22,5,36,0,0,0,36
02/22/2008,BPT,TX,ASW,CE,Combined TRACON& Tower with Radar,0,14,44,13,71,0,2,8,0,10,0,16,52,13,81,50,0,50,131
02/23/2008,BPT,TX,ASW,CE,Combined TRACON& Tower with Radar,0,7,28,10,45,0,4,35,1,40,0,11,63,11,85,108,0,108,193
02/24/2008,BPT,TX,ASW,CE,Combined TRACON& Tower with Radar,0,11,40,0,51,0,0,37,0,37,0,11,77,0,88,56,0,56,144
02/25/2008,BPT,TX,ASW,CE,Combined TRACON& Tower with Radar,0,17,30,1,48,0,1,3,4,8,0,18,33,5,56,0,0,0,56
02/26/2008,BPT,TX,ASW,CE,Combined TRACON& Tower with Radar,0,9,32,35,76,0,4,30,0,34,0,13,62,35,110,38,0,38,148
02/27/2008,BPT,TX,ASW,CE,Combined TRACON& Tower with Radar,0,14,29,16,59,0,0,34,0,34,0,14,63,16,93,14,0,14,107
02/28/2008,BPT,TX,ASW,CE,Combined TRACON& Tower with Radar,2,14,20,14,50,0,4,24,1,29,2,18,44,15,79,26,0,26,105
02/29/2008,BPT,TX,ASW,CE,Combined TRACON& Tower with Radar,0,16,33,19,68,0,2,37,5,44,0,18,70,24,112,36,0,36,148
03/01/2008,BPT,TX,ASW,CE,Combined TRACON& Tower with Radar,0,6,13,0,19,0,2,28,3,33,0,8,41,3,52,32,0,32,84
03/02/2008,BPT,TX,ASW,CE,Combined TRACON& Tower with Radar,6,11,29,10,56,0,0,17,0,17,6,11,46,10,73,40,0,40,113
03/03/2008,BPT,TX,ASW,CE,Combined TRACON& Tower with Radar,0,11,29,0,40,0,1,0,0,1,0,12,29,0,41,0,0,0,41
03/04/2008,BPT,TX,ASW,CE,Combined TRACON& Tower with Radar,0,10,17,22,49,0,9,28,6,43,0,19,45,28,92,28,0,28,120
03/05/2008,BPT,TX,ASW,CE,Combined TRACON& Tower with Radar,0,11,36,0,47,0,0,44,4,48,0,11,80,4,95,12,0,12,107
03/06/2008,BPT,TX,ASW,CE,Combined TRACON& Tower with Radar,0,14,40,4,58,0,0,14,2,16,0,14,54,6,74,18,0,18,92
03/07/2008,BPT,TX,ASW,CE,Combined TRACON& Tower with Radar,0,8,28,7,43,0,3,16,3,22,0,11,44,10,65,26,0,26,91
03/08/2008,BPT,TX,ASW,CE,Combined TRACON& Tower with Radar,0,9,18,0,27,0,0,26,0,26,0,9,44,0,53,36,0,36,89
03/09/2008,BPT,TX,ASW,CE,Combined TRACON& Tower with Radar,0,9,33,0,42,0,0,34,0,34,0,9,67,0,76,56,0,56,132
03/10/2008,BPT,TX,ASW,CE,Combined TRACON& Tower with Radar,0,3,17,6,26,0,0,6,2,8,0,3,23,8,34,12,0,12,46
03/11/2008,BPT,TX,ASW,CE,Combined TRACON& Tower with Radar,0,11,32,9,52,0,0,17,0,17,0,11,49,9,69,16,0,16,85
03/12/2008,BPT,TX,ASW,CE,Combined TRACON& Tower with Radar,0,13,20,15,48,0,0,42,0,42,0,13,62,15,90,20,0,20,110
03/13/2008,BPT,TX,ASW,CE,Combined TRACON& Tower with Radar,0,13,16,35,64,0,0,27,2,29,0,13,43,37,93,12,0,12,105
03/14/2008,BPT,TX,ASW,CE,Combined TRACON& Tower with Radar,0,9,27,8,44,0,2,16,0,18,0,11,43,8,62,48,0,48,110
03/15/2008,BPT,TX,ASW,CE,Combined TRACON& Tower with Radar,0,8,35,1,44,0,6,43,0,49,0,14,78,1,93,96,0,96,189
03/16/2008,BPT,TX,ASW,CE,Combined TRACON& Tower with Radar,0,9,43,4,56,0,2,17,2,21,0,11,60,6,77,66,0,66,143
03/17/2008,BPT,TX,ASW,CE,Combined TRACON& Tower with Radar,0,9,9,18,36,0,1,0,0,1,0,10,9,18,37,6,0,6,43
03/18/2008,BPT,TX,ASW,CE,Combined TRACON& Tower with Radar,1,8,20,20,49,0,0,2,0,2,1,8,22,20,51,0,0,0,51
03/19/2008,BPT,TX,ASW,CE,Combined TRACON& Tower with Radar,0,12,12,16,40,0,7,22,2,31,0,19,34,18,71,8,0,8,79
03/20/2008,BPT,TX,ASW,CE,Combined TRACON& Tower with Radar,4,12,28,26,70,0,2,40,0,42,4,14,68,26,112,20,10,30,142
03/21/2008,BPT,TX,ASW,CE,Combined TRACON& Tower with Radar,0,14,26,38,78,0,5,42,0,47,0,19,68,38,125,106,0,106,231
03/22/2008,BPT,TX,ASW,CE,Combined TRACON& Tower with Radar,0,6,37,0,43,0,2,33,0,35,0,8,70,0,78,58,0,58,136
03/23/2008,BPT,TX,ASW,CE,Combined TRACON& Tower with Radar,0,9,17,8,34,0,0,19,1,20,0,9,36,9,54,2,0,2,56
03/24/2008,BPT,TX,ASW,CE,Combined TRACON& Tower with Radar,0,11,33,10,54,0,2,28,0,30,0,13,61,10,84,26,0,26,110
03/25/2008,BPT,TX,ASW,CE,Combined TRACON& Tower with Radar,1,11,29,12,53,0,1,34,0,35,1,12,63,12,88,12,0,12,100
03/26/2008,BPT,TX,ASW,CE,Combined TRACON& Tower with Radar,0,9,18,11,38,0,1,25,6,32,0,10,43,17,70,6,0,6,76
03/27/2008,BPT,TX,ASW,CE,Combined TRACON& Tower with Radar,0,13,36,13,62,0,3,24,1,28,0,16,60,14,90,16,0,16,106
03/28/2008,BPT,TX,ASW,CE,Combined TRACON& Tower with Radar,0,9,29,0,38,0,1,11,0,12,0,10,40,0,50,24,0,24,74
03/29/2008,BPT,TX,ASW,CE,Combined TRACON& Tower with Radar,0,7,18,0,25,0,0,23,0,23,0,7,41,0,48,20,0,20,68
03/30/2008,BPT,TX,ASW,CE,Combined TRACON& Tower with Radar,0,10,31,6,47,0,1,9,0,10,0,11,40,6,57,0,0,0,57
03/31/2008,BPT,TX,ASW,CE,Combined TRACON& Tower with Radar,0,10,22,17,49,0,0,7,0,7,0,10,29,17,56,0,0,0,56
04/01/2008,BPT,TX,ASW,CE,Combined TRACON& Tower with Radar,0,10,23,22,55,0,0,13,0,13,0,10,36,22,68,34,0,34,102
04/02/2008,BPT,TX,ASW,CE,Combined TRACON& Tower with Radar,0,12,22,30,64,0,0,7,0,7,0,12,29,30,71,18,0,18,89
04/03/2008,BPT,TX,ASW,CE,Combined TRACON& Tower with Radar,0,16,42,8,66,0,0,18,0,18,0,16,60,8,84,0,0,0,84
04/04/2008,BPT,TX,ASW,CE,Combined TRACON& Tower with Radar,0,10,23,22,55,0,0,11,0,11,0,10,34,22,66,0,0,0,66
04/05/2008,BPT,TX,ASW,CE,Combined TRACON& Tower with Radar,0,6,31,0,37,0,0,7,0,7,0,6,38,0,44,20,0,20,64
04/06/2008,BPT,TX,ASW,CE,Combined TRACON& Tower with Radar,0,9,22,9,40,0,0,29,0,29,0,9,51,9,69,10,0,10,79
04/07/2008,BPT,TX,ASW,CE,Combined TRACON& Tower with Radar,0,13,45,10,68,0,1,17,1,19,0,14,62,11,87,24,0,24,111
04/08/2008,BPT,TX,ASW,CE,Combined TRACON& Tower with Radar,0,16,33,11,60,0,13,23,0,36,0,29,56,11,96,20,0,20,116
04/09/2008,BPT,TX,ASW,CE,Combined TRACON& Tower with Radar,0,13,43,10,66,0,4,8,1,13,0,17,51,11,79,26,0,26,105
04/10/2008,BPT,TX,ASW,CE,Combined TRACON& Tower with Radar,0,0,0,0,0,0,19,40,14,73,0,19,40,14,73,2,0,2,75
04/11/2008,BPT,TX,ASW,CE,Combined TRACON& Tower with Radar,0,0,0,0,0,0,15,50,6,71,0,15,50,6,71,8,0,8,79
04/12/2008,BPT,TX,ASW,CE,Combined TRACON& Tower with Radar,0,0,0,0,0,0,5,37,0,42,0,5,37,0,42,52,0,52,94
04/13/2008,BPT,TX,ASW,CE,Combined TRACON& Tower with Radar,0,0,0,0,0,0,11,35,0,46,0,11,35,0,46,60,0,60,106
04/14/2008,BPT,TX,ASW,CE,Combined TRACON& Tower with Radar,0,0,0,0,0,0,10,35,0,45,0,10,35,0,45,34,0,34,79
04/15/2008,BPT,TX,ASW,CE,Combined TRACON& Tower with Radar,0,0,0,0,0,0,10,63,5,78,0,10,63,5,78,46,0,46,124
04/16/2008,BPT,TX,ASW,CE,Combined TRACON& Tower with Radar,0,0,0,0,0,0,17,51,4,72,0,17,51,4,72,36,0,36,108
04/17/2008,BPT,TX,ASW,CE,Combined TRACON& Tower with Radar,0,0,0,0,0,0,15,31,3,49,0,15,31,3,49,16,0,16,65
04/18/2008,BPT,TX,ASW,CE,Combined TRACON& Tower with Radar,0,0,0,0,0,0,16,36,6,58,0,16,36,6,58,48,0,48,106
04/19/2008,BPT,TX,ASW,CE,Combined TRACON& Tower with Radar,0,0,0,0,0,0,10,41,0,51,0,10,41,0,51,92,0,92,143
04/20/2008,BPT,TX,ASW,CE,Combined TRACON& Tower with Radar,0,0,0,0,0,0,9,25,4,38,0,9,25,4,38,68,0,68,106
04/21/2008,BPT,TX,ASW,CE,Combined TRACON& Tower with Radar,0,0,0,0,0,0,18,35,1,54,0,18,35,1,54,8,0,8,62
04/22/2008,BPT,TX,ASW,CE,Combined TRACON& Tower with Radar,0,0,0,0,0,0,12,43,0,55,0,12,43,0,55,30,0,30,85
04/23/2008,BPT,TX,ASW,CE,Combined TRACON& Tower with Radar,0,0,0,0,0,0,15,43,0,58,0,15,43,0,58,16,0,16,74
04/24/2008,BPT,TX,ASW,CE,Combined TRACON& Tower with Radar,0,0,0,0,0,0,13,5,2,20,0,13,5,2,20,14,0,14,34
04/25/2008,BPT,TX,ASW,CE,Combined TRACON& Tower with Radar,0,0,0,0,0,0,11,35,8,54,0,11,35,8,54,18,0,18,72
04/26/2008,BPT,TX,ASW,CE,Combined TRACON& Tower with Radar,0,0,0,0,0,0,9,40,0,49,0,9,40,0,49,10,0,10,59
04/27/2008,BPT,TX,ASW,CE,Combined TRACON& Tower with Radar,0,0,0,0,0,0,8,21,0,29,0,8,21,0,29,0,0,0,29
04/28/2008,BPT,TX,ASW,CE,Combined TRACON& Tower with Radar,0,0,0,0,0,0,12,53,4,69,0,12,53,4,69,44,0,44,113
04/29/2008,BPT,TX,ASW,CE,Combined TRACON& Tower with Radar,0,0,0,0,0,0,15,59,4,78,0,15,59,4,78,30,0,30,108
04/30/2008,BPT,TX,ASW,CE,Combined TRACON& Tower with Radar,0,0,0,0,0,0,11,39,7,57,0,11,39,7,57,20,0,20,77
05/01/2008,BPT,TX,ASW,CE,Towers with Radar,0,0,0,0,0,0,14,50,18,82,0,14,50,18,82,16,0,16,98
05/02/2008,BPT,TX,ASW,CE,Towers with Radar,0,0,0,0,0,0,13,39,0,52,0,13,39,0,52,10,0,10,62
05/03/2008,BPT,TX,ASW,CE,Towers with Radar,0,0,0,0,0,0,15,40,11,66,0,15,40,11,66,16,0,16,82
05/04/2008,BPT,TX,ASW,CE,Towers with Radar,0,0,0,0,0,0,10,24,0,34,0,10,24,0,34,42,0,42,76
05/05/2008,BPT,TX,ASW,CE,Towers with Radar,0,0,0,0,0,0,9,23,0,32,0,9,23,0,32,0,0,0,32
05/06/2008,BPT,TX,ASW,CE,Towers with Radar,0,0,0,0,0,0,10,42,0,52,0,10,42,0,52,30,0,30,82
05/07/2008,BPT,TX,ASW,CE,Towers with Radar,0,12,44,5,61,0,0,0,0,0,0,12,44,5,61,14,0,14,75
05/08/2008,BPT,TX,ASW,CE,Towers with Radar,0,10,41,8,59,0,0,0,0,0,0,10,41,8,59,12,0,12,71
05/09/2008,BPT,TX,ASW,CE,Towers with Radar,0,13,48,8,69,0,0,0,0,0,0,13,48,8,69,40,0,40,109
05/10/2008,BPT,TX,ASW,CE,Towers with Radar,0,3,10,0,13,0,0,0,0,0,0,3,10,0,13,0,0,0,13
05/11/2008,BPT,TX,ASW,CE,Towers with Radar,0,10,26,0,36,0,0,0,0,0,0,10,26,0,36,16,0,16,52
05/12/2008,BPT,TX,ASW,CE,Towers with Radar,0,8,39,2,49,0,0,0,0,0,0,8,39,2,49,0,0,0,49
05/13/2008,BPT,TX,ASW,CE,Towers with Radar,0,7,18,10,35,0,0,0,0,0,0,7,18,10,35,10,0,10,45
05/14/2008,BPT,TX,ASW,CE,Towers with Radar,0,7,27,12,46,0,0,0,0,0,0,7,27,12,46,0,0,0,46
05/15/2008,BPT,TX,ASW,CE,Towers with Radar,0,10,40,2,52,0,0,0,0,0,0,10,40,2,52,12,0,12,64
05/16/2008,BPT,TX,ASW,CE,Towers with Radar,0,12,47,0,59,0,0,0,0,0,0,12,47,0,59,46,0,46,105
05/17/2008,BPT,TX,ASW,CE,Towers with Radar,0,9,40,3,52,0,0,0,0,0,0,9,40,3,52,44,0,44,96
05/18/2008,BPT,TX,ASW,CE,Towers with Radar,0,9,36,0,45,0,0,0,0,0,0,9,36,0,45,20,0,20,65
05/19/2008,BPT,TX,ASW,CE,Towers with Radar,0,12,13,3,28,0,1,17,0,18,0,13,30,3,46,22,0,22,85
05/20/2008,BPT,TX,ASW,CE,Towers with Radar,0,11,33,8,52,0,0,3,0,3,0,11,36,8,55,16,0,16,83
05/21/2008,BPT,TX,ASW,CE,Towers with Radar,0,8,36,14,58,0,0,0,0,0,0,8,36,14,58,6,0,6,64
05/22/2008,BPT,TX,ASW,CE,Towers with Radar,0,9,49,16,74,0,0,0,0,0,0,9,49,16,74,0,0,0,74
05/23/2008,BPT,TX,ASW,CE,Towers with Radar,0,12,50,3,65,0,0,0,0,0,0,12,50,3,65,4,0,4,69
05/24/2008,BPT,TX,ASW,CE,Towers with Radar,0,4,27,0,31,0,0,0,0,0,0,4,27,0,31,4,0,4,35
05/25/2008,BPT,TX,ASW,CE,Towers with Radar,0,7,14,1,22,0,0,0,0,0,0,7,14,1,22,0,0,0,22
05/26/2008,BPT,TX,ASW,CE,Towers with Radar,0,11,35,2,48,0,0,0,0,0,0,11,35,2,48,10,0,10,58
05/27/2008,BPT,TX,ASW,CE,Towers with Radar,0,9,59,16,84,0,0,0,0,0,0,9,59,16,84,32,0,32,116
05/28/2008,BPT,TX,ASW,CE,Towers with Radar,0,10,39,0,49,0,0,0,0,0,0,10,39,0,49,10,0,10,59
05/29/2008,BPT,TX,ASW,CE,Towers with Radar,0,8,63,0,71,0,0,0,0,0,0,8,63,0,71,20,0,20,91
05/30/2008,BPT,TX,ASW,CE,Towers with Radar,0,10,40,0,50,0,0,0,0,0,0,10,40,0,50,24,0,24,74
05/31/2008,BPT,TX,ASW,CE,Towers with Radar,0,8,28,0,36,0,0,0,0,0,0,8,28,0,36,32,0,32,68
06/01/2008,BPT,TX,ASW,CE,Towers with Radar,0,0,0,0,0,0,1,9,0,10,0,1,9,0,10,26,0,26,36
06/02/2008,BPT,TX,ASW,CE,Towers with Radar,0,0,0,0,0,0,10,39,1,50,0,10,39,1,50,52,0,52,102
06/03/2008,BPT,TX,ASW,CE,Towers with Radar,0,0,0,0,0,0,12,60,0,72,0,12,60,0,72,10,0,10,82
06/04/2008,BPT,TX,ASW,CE,Towers with Radar,0,0,0,0,0,0,9,65,1,75,0,9,65,1,75,40,0,40,115
06/05/2008,BPT,TX,ASW,CE,Towers with Radar,0,0,0,0,0,0,13,40,2,55,0,13,40,2,55,0,0,0,55
06/06/2008,BPT,TX,ASW,CE,Towers with Radar,0,0,0,0,0,0,10,41,0,51,0,10,41,0,51,0,0,0,51
06/07/2008,BPT,TX,ASW,CE,Towers with Radar,0,0,0,0,0,0,7,23,0,30,0,7,23,0,30,18,0,18,48
06/08/2008,BPT,TX,ASW,CE,Towers with Radar,0,0,0,0,0,0,15,34,0,49,0,15,34,0,49,16,0,16,65
06/09/2008,BPT,TX,ASW,CE,Towers with Radar,0,0,0,0,0,0,27,36,1,64,0,27,36,1,64,70,0,70,134
06/10/2008,BPT,TX,ASW,CE,Towers with Radar,0,0,0,0,0,0,13,33,3,49,0,13,33,3,49,0,0,0,49
06/11/2008,BPT,TX,ASW,CE,Towers with Radar,0,0,0,0,0,0,11,64,0,75,0,11,64,0,75,36,0,36,111
06/12/2008,BPT,TX,ASW,CE,Towers with Radar,0,0,0,0,0,0,19,53,2,74,0,19,53,2,74,10,0,10,84
06/13/2008,BPT,TX,ASW,CE,Towers with Radar,0,0,0,0,0,0,32,36,5,73,0,32,36,5,73,40,0,40,113
06/14/2008,BPT,TX,ASW,CE,Towers with Radar,0,0,0,0,0,0,12,18,0,30,0,12,18,0,30,10,0,10,40
06/15/2008,BPT,TX,ASW,CE,Towers with Radar,0,0,0,0,0,0,12,40,2,54,0,12,40,2,54,10,0,10,64
06/16/2008,BPT,TX,ASW,CE,Towers with Radar,0,0,0,0,0,0,15,35,0,50,0,15,35,0,50,38,0,38,88
06/17/2008,BPT,TX,ASW,CE,Towers with Radar,0,0,0,0,0,0,14,45,1,60,0,14,45,1,60,0,0,0,60
06/18/2008,BPT,TX,ASW,CE,Towers with Radar,0,0,0,0,0,0,11,82,1,94,0,11,82,1,94,16,0,16,110
06/19/2008,BPT,TX,ASW,CE,Towers with Radar,0,0,0,0,0,0,12,57,0,69,0,12,57,0,69,32,0,32,101
06/20/2008,BPT,TX,ASW,CE,Towers with Radar,0,0,0,0,0,0,20,44,0,64,0,20,44,0,64,22,0,22,86
06/21/2008,BPT,TX,ASW,CE,Towers with Radar,0,0,0,0,0,0,8,24,0,32,0,8,24,0,32,0,0,0,32
06/22/2008,BPT,TX,ASW,CE,Towers with Radar,0,0,0,0,0,0,13,26,0,39,0,13,26,0,39,0,0,0,39
06/23/2008,BPT,TX,ASW,CE,Towers with Radar,0,0,0,0,0,0,21,42,0,63,0,21,42,0,63,0,0,0,63
06/24/2008,BPT,TX,ASW,CE,Towers with Radar,0,0,0,0,0,0,14,46,0,60,0,14,46,0,60,0,0,0,60
06/25/2008,BPT,TX,ASW,CE,Towers with Radar,0,0,0,0,0,0,13,50,1,64,0,13,50,1,64,8,0,8,72
06/26/2008,BPT,TX,ASW,CE,Towers with Radar,0,0,0,0,0,0,9,64,3,76,0,9,64,3,76,4,0,4,80
06/27/2008,BPT,TX,ASW,CE,Towers with Radar,0,0,0,0,0,0,12,62,10,84,0,12,62,10,84,58,0,58,142
06/28/2008,BPT,TX,ASW,CE,Towers with Radar,0,0,0,0,0,0,12,44,0,56,0,12,44,0,56,32,0,32,88
06/29/2008,BPT,TX,ASW,CE,Towers with Radar,0,0,0,0,0,0,18,40,0,58,0,18,40,0,58,0,0,0,58
06/30/2008,BPT,TX,ASW,CE,Towers with Radar,0,0,0,0,0,0,10,47,1,58,0,10,47,1,58,16,0,16,74
07/01/2008,BPT,TX,ASW,CE,Towers with Radar,0,9,46,0,55,0,5,40,0,45,0,14,86,0,100,36,0,36,136
07/02/2008,BPT,TX,ASW,CE,Towers with Radar,0,8,41,0,49,0,0,20,0,20,0,8,61,0,69,0,0,0,69
07/03/2008,BPT,TX,ASW,CE,Towers with Radar,0,12,20,0,32,0,3,22,0,25,0,15,42,0,57,0,0,0,57
07/04/2008,BPT,TX,ASW,CE,Towers with Radar,0,11,0,0,11,0,1,13,0,14,0,12,13,0,25,10,0,10,35
07/05/2008,BPT,TX,ASW,CE,Towers with Radar,0,4,12,0,16,0,0,8,0,8,0,4,20,0,24,10,0,10,34
07/06/2008,BPT,TX,ASW,CE,Towers with Radar,0,23,18,0,41,0,0,22,0,22,0,23,40,0,63,0,0,0,63
07/07/2008,BPT,TX,ASW,CE,Towers with Radar,0,19,24,0,43,0,33,18,0,51,0,52,42,0,94,28,0,28,122
07/08/2008,BPT,TX,ASW,CE,Towers with Radar,0,20,31,0,51,0,3,22,0,25,0,23,53,0,76,32,0,32,108
07/09/2008,BPT,TX,ASW,CE,Towers with Radar,0,10,32,0,42,0,0,18,2,20,0,10,50,2,62,10,0,10,72
07/10/2008,BPT,TX,ASW,CE,Towers with Radar,0,9,45,0,54,0,5,21,0,26,0,14,66,0,80,0,0,0,80
07/11/2008,BPT,TX,ASW,CE,Towers with Radar,0,13,25,0,38,0,6,18,0,24,0,19,43,0,62,0,0,0,62
07/12/2008,BPT,TX,ASW,CE,Towers with Radar,0,7,9,0,16,0,0,33,0,33,0,7,42,0,49,0,0,0,49
07/13/2008,BPT,TX,ASW,CE,Towers with Radar,0,13,15,0,28,0,0,28,0,28,0,13,43,0,56,8,0,8,64
07/14/2008,BPT,TX,ASW,CE,Towers with Radar,0,12,32,0,44,0,0,7,1,8,0,12,39,1,52,14,0,14,66
07/15/2008,BPT,TX,ASW,CE,Towers with Radar,0,13,37,0,50,0,4,12,1,17,0,17,49,1,67,23,0,23,90
07/16/2008,BPT,TX,ASW,CE,Towers with Radar,0,10,23,0,33,0,0,40,0,40,0,10,63,0,73,50,0,50,123
07/17/2008,BPT,TX,ASW,CE,Towers with Radar,0,11,25,6,42,0,16,19,3,38,0,27,44,9,80,10,0,10,90
07/18/2008,BPT,TX,ASW,CE,Towers with Radar,0,10,21,0,31,0,1,33,2,36,0,11,54,2,67,32,0,32,99
07/19/2008,BPT,TX,ASW,CE,Towers with Radar,0,7,16,2,25,0,1,22,0,23,0,8,38,2,48,58,0,58,106
07/20/2008,BPT,TX,ASW,CE,Towers with Radar,0,11,24,0,35,0,3,19,0,22,0,14,43,0,57,0,0,0,57
07/21/2008,BPT,TX,ASW,CE,Towers with Radar,0,12,9,0,21,0,6,16,1,23,0,18,25,1,44,18,0,18,62
07/22/2008,BPT,TX,ASW,CE,Towers with Radar,0,11,36,0,47,0,0,6,0,6,0,11,42,0,53,0,0,0,53
07/23/2008,BPT,TX,ASW,CE,Towers with Radar,0,12,14,0,26,0,0,0,0,0,0,12,14,0,26,0,0,0,26
07/24/2008,BPT,TX,ASW,CE,Towers with Radar,0,6,18,0,24,0,0,12,0,12,0,6,30,0,36,6,0,6,42
07/25/2008,BPT,TX,ASW,CE,Towers with Radar,0,10,34,0,44,0,10,17,0,27,0,20,51,0,71,0,0,0,71
07/26/2008,BPT,TX,ASW,CE,Towers with Radar,0,12,12,0,24,0,0,16,0,16,0,12,28,0,40,0,0,0,40
07/27/2008,BPT,TX,ASW,CE,Towers with Radar,0,8,19,0,27,0,3,15,0,18,0,11,34,0,45,0,0,0,45
07/28/2008,BPT,TX,ASW,CE,Towers with Radar,0,12,33,0,45,0,3,22,1,26,0,15,55,1,71,18,0,18,89
07/29/2008,BPT,TX,ASW,CE,Towers with Radar,0,12,55,2,69,0,2,22,3,27,0,14,77,5,96,20,0,20,116
07/30/2008,BPT,TX,ASW,CE,Towers with Radar,0,7,19,0,26,0,0,18,2,20,0,7,37,2,46,0,0,0,46
07/31/2008,BPT,TX,ASW,CE,Towers with Radar,0,9,68,0,77,0,1,40,0,41,0,10,108,0,118,0,0,0,118
08/01/2008,BPT,TX,ASW,CE,Towers with Radar,0,10,43,1,54,0,4,34,0,38,0,14,77,1,92,42,0,42,134
08/02/2008,BPT,TX,ASW,CE,Towers with Radar,4,9,15,2,30,0,3,20,0,23,4,12,35,2,53,5,0,5,58
08/03/2008,BPT,TX,ASW,CE,Towers with Radar,2,17,9,4,32,0,0,12,0,12,2,17,21,4,44,0,0,0,44
08/04/2008,BPT,TX,ASW,CE,Towers with Radar,0,13,10,0,23,0,4,15,0,19,0,17,25,0,42,0,0,0,42
08/05/2008,BPT,TX,ASW,CE,Towers with Radar,0,4,2,0,6,0,0,1,0,1,0,4,3,0,7,0,0,0,7
08/06/2008,BPT,TX,ASW,CE,Towers with Radar,2,16,19,0,37,0,2,21,0,23,2,18,40,0,60,30,0,30,90
08/07/2008,BPT,TX,ASW,CE,Towers with Radar,0,11,36,12,59,0,9,54,1,64,0,20,90,13,123,16,0,16,139
08/08/2008,BPT,TX,ASW,CE,Towers with Radar,0,14,39,4,57,0,5,22,1,28,0,19,61,5,85,26,0,26,111
08/09/2008,BPT,TX,ASW,CE,Towers with Radar,0,8,13,0,21,0,0,22,0,22,0,8,35,0,43,32,0,32,75
08/10/2008,BPT,TX,ASW,CE,Towers with Radar,0,13,10,0,23,0,0,21,0,21,0,13,31,0,44,4,0,4,48
08/11/2008,BPT,TX,ASW,CE,Towers with Radar,0,13,13,0,26,0,12,17,0,29,0,25,30,0,55,18,0,18,73
08/12/2008,BPT,TX,ASW,CE,Towers with Radar,1,8,25,3,37,0,0,11,2,13,1,8,36,5,50,18,0,18,68
08/13/2008,BPT,TX,ASW,CE,Towers with Radar,0,8,23,10,41,0,0,19,0,19,0,8,42,10,60,18,0,18,78
08/14/2008,BPT,TX,ASW,CE,Towers with Radar,4,8,33,7,52,0,4,47,0,51,4,12,80,7,103,14,6,20,123
08/15/2008,BPT,TX,ASW,CE,Towers with Radar,2,11,17,0,30,0,4,31,0,35,2,15,48,0,65,0,0,0,65
08/16/2008,BPT,TX,ASW,CE,Towers with Radar,0,5,2,0,7,0,0,3,1,4,0,5,5,1,11,0,0,0,11
08/17/2008,BPT,TX,ASW,CE,Towers with Radar,0,9,15,2,26,0,3,19,0,22,0,12,34,2,48,16,0,16,64
08/18/2008,BPT,TX,ASW,CE,Towers with Radar,0,13,13,0,26,0,0,29,0,29,0,13,42,0,55,102,0,102,157
08/19/2008,BPT,TX,ASW,CE,Towers with Radar,0,9,19,0,28,0,0,12,0,12,0,9,31,0,40,2,0,2,42
08/20/2008,BPT,TX,ASW,CE,Towers with Radar,0,11,20,0,31,0,0,8,0,8,0,11,28,0,39,0,0,0,39
08/21/2008,BPT,TX,ASW,CE,Towers with Radar,0,16,11,0,27,0,6,13,0,19,0,22,24,0,46,0,0,0,46
08/22/2008,BPT,TX,ASW,CE,Towers with Radar,0,13,36,2,51,0,6,31,0,37,0,19,67,2,88,80,0,80,168
08/23/2008,BPT,TX,ASW,CE,Towers with Radar,0,5,6,0,11,0,2,18,0,20,0,7,24,0,31,10,0,10,41
08/24/2008,BPT,TX,ASW,CE,Towers with Radar,0,8,25,0,33,0,0,22,0,22,0,8,47,0,55,18,0,18,73
08/25/2008,BPT,TX,ASW,CE,Towers with Radar,0,9,30,0,39,0,2,19,0,21,0,11,49,0,60,12,0,12,72
08/26/2008,BPT,TX,ASW,CE,Towers with Radar,0,14,39,2,55,0,3,51,0,54,0,17,90,2,109,36,0,36,145
08/27/2008,BPT,TX,ASW,CE,Towers with Radar,0,8,24,0,32,0,5,35,0,40,0,13,59,0,72,0,0,0,72
08/28/2008,BPT,TX,ASW,CE,Towers with Radar,0,15,42,0,57,0,0,38,0,38,0,15,80,0,95,0,0,0,95
08/29/2008,BPT,TX,ASW,CE,Towers with Radar,2,10,32,5,49,0,5,63,0,68,2,15,95,5,117,38,0,38,155
08/30/2008,BPT,TX,ASW,CE,Towers with Radar,0,9,25,6,40,0,0,43,5,48,0,9,68,11,88,0,0,0,88
08/31/2008,BPT,TX,ASW,CE,Towers with Radar,0,6,15,7,28,0,13,27,2,42,0,19,42,9,70,0,0,0,70
09/01/2008,BPT,TX,ASW,CE,Towers with Radar,0,0,3,0,3,0,0,0,0,0,0,0,3,0,3,0,0,0,3
09/02/2008,BPT,TX,ASW,CE,Towers with Radar,0,7,22,0,29,0,9,25,4,38,0,16,47,4,67,0,0,0,67
09/03/2008,BPT,TX,ASW,CE,Towers with Radar,0,20,32,2,54,0,4,49,2,55,0,24,81,4,109,0,0,0,109
09/04/2008,BPT,TX,ASW,CE,Towers with Radar,0,11,24,0,35,0,3,20,0,23,0,14,44,0,58,0,0,0,58
09/05/2008,BPT,TX,ASW,CE,Towers with Radar,0,11,31,0,42,0,6,45,1,52,0,17,76,1,94,40,0,40,134
09/06/2008,BPT,TX,ASW,CE,Towers with Radar,0,4,10,0,14,0,0,24,0,24,0,4,34,0,38,10,0,10,48
09/07/2008,BPT,TX,ASW,CE,Towers with Radar,0,7,29,0,36,0,0,21,3,24,0,7,50,3,60,12,0,12,72
09/08/2008,BPT,TX,ASW,CE,Towers with Radar,0,11,12,0,23,0,2,7,2,11,0,13,19,2,34,0,0,0,34
09/09/2008,BPT,TX,ASW,CE,Towers with Radar,0,8,29,4,41,0,0,20,0,20,0,8,49,4,61,12,0,12,73
09/10/2008,BPT,TX,ASW,CE,Towers with Radar,0,13,31,2,46,0,9,17,0,26,0,22,48,2,72,0,0,0,72
09/11/2008,BPT,TX,ASW,CE,Towers with Radar,0,6,72,20,98,0,11,24,2,37,0,17,96,22,135,0,0,0,135
09/12/2008,BPT,TX,ASW,CE,Towers with Radar,0,4,7,6,17,0,0,2,0,2,0,4,9,6,19,0,0,0,19
09/13/2008,BPT,TX,ASW,CE,Towers with Radar,0,0,0,0,0,0,0,0,0,0,0,0,0,0,0,0,0,0,0
09/14/2008,BPT,TX,ASW,CE,Towers with Radar,0,7,9,1,17,0,11,29,5,45,0,18,38,6,62,0,0,0,62
09/15/2008,BPT,TX,ASW,CE,Towers with Radar,1,5,19,8,33,0,41,86,7,134,1,46,105,15,167,0,0,0,167
09/16/2008,BPT,TX,ASW,CE,Towers with Radar,0,3,17,0,20,0,25,48,5,78,0,28,65,5,98,0,0,0,98
09/17/2008,BPT,TX,ASW,CE,Towers with Radar,0,9,26,2,37,0,43,48,10,101,0,52,74,12,138,0,0,0,138
09/18/2008,BPT,TX,ASW,CE,Towers with Radar,0,2,33,1,36,0,28,71,13,112,0,30,104,14,148,0,0,0,148
09/19/2008,BPT,TX,ASW,CE,Towers with Radar,0,12,24,0,36,0,22,68,3,93,0,34,92,3,129,0,0,0,129
09/20/2008,BPT,TX,ASW,CE,Towers with Radar,0,5,11,0,16,0,19,39,2,60,0,24,50,2,76,0,0,0,76
09/21/2008,BPT,TX,ASW,CE,Towers with Radar,0,7,19,0,26,0,18,52,5,75,0,25,71,5,101,0,0,0,101
09/22/2008,BPT,TX,ASW,CE,Towers with Radar,0,13,18,0,31,0,21,62,2,85,0,34,80,2,116,0,0,0,116
09/23/2008,BPT,TX,ASW,CE,Towers with Radar,0,9,18,0,27,0,23,60,4,87,0,32,78,4,114,10,0,10,124
09/24/2008,BPT,TX,ASW,CE,Towers with Radar,0,13,25,0,38,0,28,77,2,107,0,41,102,2,145,0,0,0,145
09/25/2008,BPT,TX,ASW,CE,Towers with Radar,0,9,42,1,52,0,14,70,1,85,0,23,112,2,137,0,0,0,137
09/26/2008,BPT,TX,ASW,CE,Towers with Radar,0,9,32,0,41,0,7,63,6,76,0,16,95,6,117,10,0,10,127
09/27/2008,BPT,TX,ASW,CE,Towers with Radar,0,6,12,2,20,0,1,53,0,54,0,7,65,2,74,24,0,24,98
09/28/2008,BPT,TX,ASW,CE,Towers with Radar,1,7,22,0,30,0,4,43,1,48,1,11,65,1,78,16,0,16,94
09/29/2008,BPT,TX,ASW,CE,Towers with Radar,0,9,15,0,24,0,12,26,0,38,0,21,41,0,62,0,0,0,62
09/30/2008,BPT,TX,ASW,CE,Towers with Radar,0,11,31,2,44,0,17,16,1,34,0,28,47,3,78,0,0,0,78
10/01/2008,BPT,TX,ASW,CE,Towers with Radar,0,9,41,0,50,0,18,29,0,47,0,27,70,0,97,10,0,10,107
10/02/2008,BPT,TX,ASW,CE,Towers with Radar,0,17,27,2,46,0,10,32,6,48,0,27,59,8,94,0,0,0,94
10/03/2008,BPT,TX,ASW,CE,Towers with Radar,0,11,32,0,43,0,3,33,2,38,0,14,65,2,81,30,0,30,111
10/04/2008,BPT,TX,ASW,CE,Towers with Radar,0,5,6,2,13,0,0,19,0,19,0,5,25,2,32,10,0,10,42
10/05/2008,BPT,TX,ASW,CE,Towers with Radar,0,11,37,2,50,0,6,18,0,24,0,17,55,2,74,0,0,0,74
10/06/2008,BPT,TX,ASW,CE,Towers with Radar,0,9,33,3,45,0,2,16,4,22,0,11,49,7,67,0,0,0,67
10/07/2008,BPT,TX,ASW,CE,Towers with Radar,2,11,34,0,47,0,18,8,0,26,2,29,42,0,73,6,0,6,79
10/08/2008,BPT,TX,ASW,CE,Towers with Radar,0,14,24,0,38,0,14,32,0,46,0,28,56,0,84,14,0,14,98
10/09/2008,BPT,TX,ASW,CE,Towers with Radar,0,9,36,0,45,0,4,34,0,38,0,13,70,0,83,2,0,2,85
10/10/2008,BPT,TX,ASW,CE,Towers with Radar,0,12,28,0,40,0,7,21,0,28,0,19,49,0,68,42,0,42,110
10/11/2008,BPT,TX,ASW,CE,Towers with Radar,0,5,10,2,17,0,1,26,1,28,0,6,36,3,45,0,0,0,45
10/12/2008,BPT,TX,ASW,CE,Towers with Radar,0,9,12,2,23,0,1,31,0,32,0,10,43,2,55,20,0,20,75
10/13/2008,BPT,TX,ASW,CE,Towers with Radar,0,9,35,0,44,0,2,20,1,23,0,11,55,1,67,0,0,0,67
10/14/2008,BPT,TX,ASW,CE,Towers with Radar,0,9,22,0,31,0,2,14,0,16,0,11,36,0,47,36,0,36,83
10/15/2008,BPT,TX,ASW,CE,Towers with Radar,0,11,36,0,47,0,7,11,0,18,0,18,47,0,65,0,0,0,65
10/16/2008,BPT,TX,ASW,CE,Towers with Radar,0,12,30,0,42,0,4,4,0,8,0,16,34,0,50,0,0,0,50
10/17/2008,BPT,TX,ASW,CE,Towers with Radar,0,11,43,2,56,0,4,29,3,36,0,15,72,5,92,32,0,32,124
10/18/2008,BPT,TX,ASW,CE,Towers with Radar,0,7,7,2,16,0,0,29,0,29,0,7,36,2,45,8,0,8,53
10/19/2008,BPT,TX,ASW,CE,Towers with Radar,0,10,20,0,30,0,0,42,0,42,0,10,62,0,72,20,0,20,92
10/20/2008,BPT,TX,ASW,CE,Towers with Radar,0,9,26,2,37,0,18,30,0,48,0,27,56,2,85,62,0,62,147
10/21/2008,BPT,TX,ASW,CE,Towers with Radar,0,9,39,0,48,0,0,26,1,27,0,9,65,1,75,6,0,6,81
10/22/2008,BPT,TX,ASW,CE,Towers with Radar,0,18,33,0,51,0,4,30,0,34,0,22,63,0,85,0,0,0,85
10/23/2008,BPT,TX,ASW,CE,Towers with Radar,0,14,38,0,52,0,5,16,0,21,0,19,54,0,73,0,0,0,73
10/24/2008,BPT,TX,ASW,CE,Towers with Radar,0,10,34,4,48,0,6,40,0,46,0,16,74,4,94,14,0,14,108
10/25/2008,BPT,TX,ASW,CE,Towers with Radar,0,5,13,0,18,0,1,15,0,16,0,6,28,0,34,0,0,0,34
10/26/2008,BPT,TX,ASW,CE,Towers with Radar,0,9,16,0,25,0,0,13,0,13,0,9,29,0,38,0,0,0,38
10/27/2008,BPT,TX,ASW,CE,Towers with Radar,0,10,19,1,30,0,8,16,1,25,0,18,35,2,55,0,0,0,55
10/28/2008,BPT,TX,ASW,CE,Towers with Radar,0,10,21,0,31,0,4,26,0,30,0,14,47,0,61,18,0,18,79
10/29/2008,BPT,TX,ASW,CE,Towers with Radar,0,11,15,0,26,0,2,41,0,43,0,13,56,0,69,0,0,0,69
10/30/2008,BPT,TX,ASW,CE,Towers with Radar,0,12,41,0,53,0,3,30,0,33,0,15,71,0,86,20,0,20,106
10/31/2008,BPT,TX,ASW,CE,Towers with Radar,2,9,63,0,74,0,2,15,0,17,2,11,78,0,91,10,26,36,127
11/01/2008,BPT,TX,ASW,CE,Towers with Radar,0,9,12,0,21,0,2,12,0,14,0,11,24,0,35,8,0,8,43
11/02/2008,BPT,TX,ASW,CE,Towers with Radar,0,9,12,0,21,0,0,15,0,15,0,9,27,0,36,8,0,8,44
11/03/2008,BPT,TX,ASW,CE,Towers with Radar,0,10,27,0,37,0,8,30,0,38,0,18,57,0,75,0,0,0,75
11/04/2008,BPT,TX,ASW,CE,Towers with Radar,0,9,24,0,33,0,3,28,0,31,0,12,52,0,64,26,0,26,90
11/05/2008,BPT,TX,ASW,CE,Towers with Radar,0,8,35,0,43,0,0,21,0,21,0,8,56,0,64,0,0,0,64
11/06/2008,BPT,TX,ASW,CE,Towers with Radar,0,12,31,0,43,0,0,23,0,23,0,12,54,0,66,0,0,0,66
11/07/2008,BPT,TX,ASW,CE,Towers with Radar,0,10,26,1,37,0,0,22,1,23,0,10,48,2,60,20,0,20,80
11/08/2008,BPT,TX,ASW,CE,Towers with Radar,0,7,23,0,30,0,1,31,0,32,0,8,54,0,62,58,0,58,120
11/09/2008,BPT,TX,ASW,CE,Towers with Radar,0,10,21,0,31,0,0,33,0,33,0,10,54,0,64,32,0,32,96
11/10/2008,BPT,TX,ASW,CE,Towers with Radar,0,10,13,2,25,0,5,6,0,11,0,15,19,2,36,32,0,32,68
11/11/2008,BPT,TX,ASW,CE,Towers with Radar,0,12,21,0,33,0,0,3,0,3,0,12,24,0,36,0,0,0,36
11/12/2008,BPT,TX,ASW,CE,Towers with Radar,0,9,26,5,40,0,0,3,2,5,0,9,29,7,45,0,0,0,45
11/13/2008,BPT,TX,ASW,CE,Towers with Radar,0,14,40,2,56,0,1,8,0,9,0,15,48,2,65,0,0,0,65
11/14/2008,BPT,TX,ASW,CE,Towers with Radar,0,12,31,0,43,0,4,8,0,12,0,16,39,0,55,12,0,12,67
11/15/2008,BPT,TX,ASW,CE,Towers with Radar,0,6,14,0,20,0,0,25,0,25,0,6,39,0,45,44,0,44,89
11/16/2008,BPT,TX,ASW,CE,Towers with Radar,0,9,16,0,25,0,0,25,0,25,0,9,41,0,50,18,0,18,68
11/17/2008,BPT,TX,ASW,CE,Towers with Radar,0,8,24,0,32,0,9,31,0,40,0,17,55,0,72,22,0,22,94
11/18/2008,BPT,TX,ASW,CE,Towers with Radar,0,10,43,0,53,0,4,28,1,33,0,14,71,1,86,42,0,42,128
11/19/2008,BPT,TX,ASW,CE,Towers with Radar,0,14,37,0,51,0,5,34,2,41,0,19,71,2,92,0,0,0,92
11/20/2008,BPT,TX,ASW,CE,Towers with Radar,0,9,34,0,43,0,0,22,3,25,0,9,56,3,68,0,0,0,68
11/21/2008,BPT,TX,ASW,CE,Towers with Radar,2,19,51,0,72,0,4,25,0,29,2,23,76,0,101,60,0,60,161
11/22/2008,BPT,TX,ASW,CE,Towers with Radar,0,5,18,0,23,0,0,27,1,28,0,5,45,1,51,38,0,38,89
11/23/2008,BPT,TX,ASW,CE,Towers with Radar,0,9,17,1,27,0,7,27,0,34,0,16,44,1,61,14,0,14,75
11/24/2008,BPT,TX,ASW,CE,Towers with Radar,0,10,24,0,34,0,3,20,1,24,0,13,44,1,58,14,0,14,72
11/25/2008,BPT,TX,ASW,CE,Towers with Radar,0,14,47,0,61,0,2,36,1,39,0,16,83,1,100,44,0,44,144
11/26/2008,BPT,TX,ASW,CE,Towers with Radar,0,7,36,0,43,0,8,18,0,26,0,15,54,0,69,42,0,42,111
11/27/2008,BPT,TX,ASW,CE,Towers with Radar,0,4,5,0,9,0,0,2,0,2,0,4,7,0,11,0,0,0,11
11/28/2008,BPT,TX,ASW,CE,Towers with Radar,0,5,9,0,14,0,1,9,0,10,0,6,18,0,24,0,0,0,24
11/29/2008,BPT,TX,ASW,CE,Towers with Radar,0,8,17,0,25,0,0,0,1,1,0,8,17,1,26,0,0,0,26
11/30/2008,BPT,TX,ASW,CE,Towers with Radar,0,9,28,0,37,0,0,17,0,17,0,9,45,0,54,38,0,38,92
12/01/2008,BPT,TX,ASW,CE,Towers with Radar,0,8,14,0,22,0,12,29,0,41,0,20,43,0,63,20,0,20,83
12/02/2008,BPT,TX,ASW,CE,Towers with Radar,0,9,24,0,33,0,11,18,3,32,0,20,42,3,65,0,0,0,65
12/03/2008,BPT,TX,ASW,CE,Towers with Radar,0,8,11,1,20,0,9,28,2,39,0,17,39,3,59,0,0,0,59
12/04/2008,BPT,TX,ASW,CE,Towers with Radar,0,13,42,0,55,0,0,18,0,18,0,13,60,0,73,0,0,0,73
12/05/2008,BPT,TX,ASW,CE,Towers with Radar,0,12,32,0,44,0,1,27,0,28,0,13,59,0,72,6,0,6,78
12/06/2008,BPT,TX,ASW,CE,Towers with Radar,0,5,25,0,30,0,0,28,0,28,0,5,53,0,58,10,0,10,68
12/07/2008,BPT,TX,ASW,CE,Towers with Radar,0,10,41,0,51,0,1,15,0,16,0,11,56,0,67,34,0,34,101
12/08/2008,BPT,TX,ASW,CE,Towers with Radar,0,6,39,0,45,0,5,22,2,29,0,11,61,2,74,0,0,0,74
12/09/2008,BPT,TX,ASW,CE,Towers with Radar,0,13,21,0,34,0,0,13,0,13,0,13,34,0,47,0,0,0,47
12/10/2008,BPT,TX,ASW,CE,Towers with Radar,0,9,10,0,19,0,2,8,0,10,0,11,18,0,29,0,0,0,29
12/11/2008,BPT,TX,ASW,CE,Towers with Radar,0,10,28,39,77,0,0,27,4,31,0,10,55,43,108,0,30,30,138
12/12/2008,BPT,TX,ASW,CE,Towers with Radar,0,9,35,0,44,0,0,25,2,27,0,9,60,2,71,28,0,28,99
12/13/2008,BPT,TX,ASW,CE,Towers with Radar,0,8,18,0,26,0,0,9,2,11,0,8,27,2,37,82,0,82,119
12/14/2008,BPT,TX,ASW,CE,Towers with Radar,0,11,32,0,43,0,0,4,1,5,0,11,36,1,48,34,0,34,82
12/15/2008,BPT,TX,ASW,CE,Towers with Radar,0,7,37,3,47,0,2,13,0,15,0,9,50,3,62,0,0,0,62
12/16/2008,BPT,TX,ASW,CE,Towers with Radar,0,8,9,0,17,0,0,0,0,0,0,8,9,0,17,0,0,0,17
12/17/2008,BPT,TX,ASW,CE,Towers with Radar,0,5,18,0,23,0,0,0,0,0,0,5,18,0,23,0,0,0,23
12/18/2008,BPT,TX,ASW,CE,Towers with Radar,0,6,34,14,54,0,0,6,0,6,0,6,40,14,60,0,0,0,60
12/19/2008,BPT,TX,ASW,CE,Towers with Radar,0,4,32,4,40,0,0,15,0,15,0,4,47,4,55,0,0,0,55
12/20/2008,BPT,TX,ASW,CE,Towers with Radar,0,13,30,0,43,0,1,8,0,9,0,14,38,0,52,0,0,0,52
12/21/2008,BPT,TX,ASW,CE,Towers with Radar,0,5,21,0,26,0,5,11,6,22,0,10,32,6,48,0,0,0,48
12/22/2008,BPT,TX,ASW,CE,Towers with Radar,0,7,59,0,66,0,11,27,4,42,0,18,86,4,108,28,0,28,136
12/23/2008,BPT,TX,ASW,CE,Towers with Radar,0,12,18,0,30,0,2,7,0,9,0,14,25,0,39,0,0,0,39
12/24/2008,BPT,TX,ASW,CE,Towers with Radar,0,9,9,0,18,0,0,2,0,2,0,9,11,0,20,0,0,0,20
12/25/2008,BPT,TX,ASW,CE,Towers with Radar,0,8,3,0,11,0,0,4,0,4,0,8,7,0,15,0,0,0,15
12/26/2008,BPT,TX,ASW,CE,Towers with Radar,0,10,16,0,26,0,0,4,3,7,0,10,20,3,33,0,0,0,33
12/27/2008,BPT,TX,ASW,CE,Towers with Radar,0,7,21,0,28,0,2,3,0,5,0,9,24,0,33,0,0,0,33
12/28/2008,BPT,TX,ASW,CE,Towers with Radar,0,7,15,0,22,0,4,19,0,23,0,11,34,0,45,0,0,0,45
12/29/2008,BPT,TX,ASW,CE,Towers with Radar,0,8,30,0,38,0,5,48,0,53,0,13,78,0,91,16,0,16,107
12/30/2008,BPT,TX,ASW,CE,Towers with Radar,0,11,21,0,32,0,1,48,1,50,0,12,69,1,82,0,4,4,86
12/31/2008,BPT,TX,ASW,CE,Towers with Radar,0,5,15,0,20,0,5,36,0,41,0,10,51,0,61,0,0,0,61
01/01/2009,BPT,TX,ASW,CE,Towers with Radar,1,6,7,0,14,0,0,16,0,16,1,6,23,0,30,0,0,0,30
01/02/2009,BPT,TX,ASW,CE,Towers with Radar,0,7,26,0,33,0,2,6,0,8,0,9,32,0,41,0,0,0,41
01/03/2009,BPT,TX,ASW,CE,Towers with Radar,0,5,8,0,13,0,0,16,0,16,0,5,24,0,29,46,0,46,75
01/04/2009,BPT,TX,ASW,CE,Towers with Radar,0,8,12,0,20,0,0,6,0,6,0,8,18,0,26,0,0,0,26
01/05/2009,BPT,TX,ASW,CE,Towers with Radar,0,14,9,0,23,0,0,0,0,0,0,14,9,0,23,0,0,0,23
01/06/2009,BPT,TX,ASW,CE,Towers with Radar,0,8,35,0,43,0,0,4,0,4,0,8,39,0,47,0,0,0,47
01/07/2009,BPT,TX,ASW,CE,Towers with Radar,0,10,25,0,35,0,1,30,0,31,0,11,55,0,66,48,0,48,114
01/08/2009,BPT,TX,ASW,CE,Towers with Radar,1,10,47,5,63,0,13,48,1,62,1,23,95,6,125,0,0,0,125
01/09/2009,BPT,TX,ASW,CE,Towers with Radar,0,10,51,2,63,0,4,26,2,32,0,14,77,4,95,0,0,0,95
01/10/2009,BPT,TX,ASW,CE,Towers with Radar,0,3,9,2,14,0,0,5,0,5,0,3,14,2,19,0,0,0,19
01/11/2009,BPT,TX,ASW,CE,Towers with Radar,0,12,29,0,41,0,1,43,0,44,0,13,72,0,85,16,0,16,101
01/12/2009,BPT,TX,ASW,CE,Towers with Radar,0,10,19,0,29,0,7,27,1,35,0,17,46,1,64,0,0,0,64
01/13/2009,BPT,TX,ASW,CE,Towers with Radar,0,9,10,0,19,0,3,29,2,34,0,12,39,2,53,8,0,8,61
01/14/2009,BPT,TX,ASW,CE,Towers with Radar,0,12,22,5,39,0,5,37,3,45,0,17,59,8,84,40,0,40,124
01/15/2009,BPT,TX,ASW,CE,Towers with Radar,0,9,23,4,36,0,13,46,0,59,0,22,69,4,95,40,0,40,135
01/16/2009,BPT,TX,ASW,CE,Towers with Radar,0,12,24,0,36,1,4,35,0,40,1,16,59,0,76,12,0,12,88
01/17/2009,BPT,TX,ASW,CE,Towers with Radar,0,7,20,6,33,0,0,22,0,22,0,7,42,6,55,4,0,4,59
01/18/2009,BPT,TX,ASW,CE,Towers with Radar,0,8,7,8,23,0,2,31,0,33,0,10,38,8,56,0,0,0,56
01/19/2009,BPT,TX,ASW,CE,Towers with Radar,0,14,4,0,18,0,6,18,0,24,0,20,22,0,42,30,0,30,72
01/20/2009,BPT,TX,ASW,CE,Towers with Radar,0,14,26,0,40,0,3,25,1,29,0,17,51,1,69,20,0,20,89
01/21/2009,BPT,TX,ASW,CE,Towers with Radar,0,11,17,0,28,0,6,32,0,38,0,17,49,0,66,40,0,40,106
01/22/2009,BPT,TX,ASW,CE,Towers with Radar,0,14,19,0,33,0,7,34,0,41,0,21,53,0,74,0,0,0,74
01/23/2009,BPT,TX,ASW,CE,Towers with Radar,0,9,25,0,34,0,8,29,0,37,0,17,54,0,71,0,0,0,71
01/24/2009,BPT,TX,ASW,CE,Towers with Radar,0,8,18,0,26,0,0,4,0,4,0,8,22,0,30,0,0,0,30
01/25/2009,BPT,TX,ASW,CE,Towers with Radar,0,13,27,0,40,0,1,6,0,7,0,14,33,0,47,36,0,36,83
01/26/2009,BPT,TX,ASW,CE,Towers with Radar,0,11,36,0,47,0,0,0,0,0,0,11,36,0,47,0,0,0,47
01/27/2009,BPT,TX,ASW,CE,Towers with Radar,0,16,42,0,58,0,0,13,0,13,0,16,55,0,71,0,0,0,71
01/28/2009,BPT,TX,ASW,CE,Towers with Radar,0,11,21,0,32,0,8,21,0,29,0,19,42,0,61,24,0,24,85
01/29/2009,BPT,TX,ASW,CE,Towers with Radar,0,11,41,0,52,0,0,22,0,22,0,11,63,0,74,0,0,0,74
01/30/2009,BPT,TX,ASW,CE,Towers with Radar,0,9,29,0,38,0,0,42,0,42,0,9,71,0,80,0,0,0,80
01/31/2009,BPT,TX,ASW,CE,Towers with Radar,0,5,9,0,14,0,0,36,0,36,0,5,45,0,50,16,0,16,66
02/01/2009,BPT,TX,ASW,CE,Towers with Radar,0,9,23,0,32,0,1,4,0,5,0,10,27,0,37,0,0,0,37
02/02/2009,BPT,TX,ASW,CE,Towers with Radar,0,13,35,0,48,0,9,14,2,25,0,22,49,2,73,10,0,10,83
02/03/2009,BPT,TX,ASW,CE,Towers with Radar,0,14,31,0,45,0,5,31,0,36,0,19,62,0,81,0,0,0,81
02/04/2009,BPT,TX,ASW,CE,Towers with Radar,0,9,24,0,33,0,3,45,0,48,0,12,69,0,81,18,0,18,99
02/05/2009,BPT,TX,ASW,CE,Towers with Radar,0,9,31,0,40,0,6,24,0,30,0,15,55,0,70,20,0,20,90
02/06/2009,BPT,TX,ASW,CE,Towers with Radar,0,9,34,0,43,0,0,32,0,32,0,9,66,0,75,0,0,0,75
02/07/2009,BPT,TX,ASW,CE,Towers with Radar,0,5,17,0,22,0,0,16,0,16,0,5,33,0,38,0,0,0,38
02/08/2009,BPT,TX,ASW,CE,Towers with Radar,0,9,15,0,24,0,1,12,1,14,0,10,27,1,38,0,0,0,38
02/09/2009,BPT,TX,ASW,CE,Towers with Radar,0,9,31,0,40,0,4,5,0,9,0,13,36,0,49,0,0,0,49
02/10/2009,BPT,TX,ASW,CE,Towers with Radar,0,17,56,1,74,0,4,9,0,13,0,21,65,1,87,24,0,24,111
02/11/2009,BPT,TX,ASW,CE,Towers with Radar,0,9,52,0,61,0,3,25,0,28,0,12,77,0,89,14,0,14,103
02/12/2009,BPT,TX,ASW,CE,Towers with Radar,0,12,68,0,80,0,6,36,2,44,0,18,104,2,124,0,0,0,124
02/13/2009,BPT,TX,ASW,CE,Towers with Radar,0,12,39,0,51,0,0,2,0,2,0,12,41,0,53,0,0,0,53
02/14/2009,BPT,TX,ASW,CE,Towers with Radar,0,10,7,0,17,0,0,10,0,10,0,10,17,0,27,16,0,16,43
02/15/2009,BPT,TX,ASW,CE,Towers with Radar,0,10,19,0,29,0,1,8,0,9,0,11,27,0,38,34,0,34,72
02/16/2009,BPT,TX,ASW,CE,Towers with Radar,0,10,19,0,29,0,0,28,0,28,0,10,47,0,57,44,0,44,101
02/17/2009,BPT,TX,ASW,CE,Towers with Radar,0,11,42,0,53,0,0,1,0,1,0,11,43,0,54,42,0,42,96
02/18/2009,BPT,TX,ASW,CE,Towers with Radar,0,13,42,2,57,0,2,8,0,10,0,15,50,2,67,12,0,12,79
02/19/2009,BPT,TX,ASW,CE,Towers with Radar,0,11,45,0,56,0,3,56,0,59,0,14,101,0,115,0,0,0,115
02/20/2009,BPT,TX,ASW,CE,Towers with Radar,0,10,45,0,55,0,4,36,1,41,0,14,81,1,96,6,0,6,102
02/21/2009,BPT,TX,ASW,CE,Towers with Radar,0,7,9,0,16,0,0,17,0,17,0,7,26,0,33,10,0,10,43
02/22/2009,BPT,TX,ASW,CE,Towers with Radar,0,12,22,0,34,0,0,34,0,34,0,12,56,0,68,54,0,54,122
02/23/2009,BPT,TX,ASW,CE,Towers with Radar,0,11,27,0,38,0,5,19,0,24,0,16,46,0,62,46,0,46,108
02/24/2009,BPT,TX,ASW,CE,Towers with Radar,0,9,14,0,23,0,7,16,0,23,0,16,30,0,46,68,0,68,114
02/25/2009,BPT,TX,ASW,CE,Towers with Radar,0,10,41,0,51,0,9,20,0,29,0,19,61,0,80,28,0,28,108
02/26/2009,BPT,TX,ASW,CE,Towers with Radar,0,9,50,2,61,0,2,12,0,14,0,11,62,2,75,0,0,0,75
02/27/2009,BPT,TX,ASW,CE,Towers with Radar,0,8,50,1,59,0,0,9,0,9,0,8,59,1,68,0,0,0,68
02/28/2009,BPT,TX,ASW,CE,Towers with Radar,0,4,4,0,8,0,2,9,0,11,0,6,13,0,19,0,0,0,19
03/01/2009,BPT,TX,ASW,CE,Towers with Radar,0,11,23,0,34,0,1,28,4,33,0,12,51,4,67,50,0,50,117
03/02/2009,BPT,TX,ASW,CE,Towers with Radar,0,10,25,0,35,0,15,27,0,42,0,25,52,0,77,22,0,22,99
03/03/2009,BPT,TX,ASW,CE,Towers with Radar,0,14,17,0,31,0,3,23,0,26,0,17,40,0,57,16,0,16,73
03/04/2009,BPT,TX,ASW,CE,Towers with Radar,0,13,30,0,43,0,9,23,0,32,0,22,53,0,75,40,0,40,115
03/05/2009,BPT,TX,ASW,CE,Towers with Radar,0,9,30,12,51,0,8,15,4,27,0,17,45,16,78,60,0,60,138
03/06/2009,BPT,TX,ASW,CE,Towers with Radar,0,9,38,0,47,0,1,31,3,35,0,10,69,3,82,20,0,20,102
03/07/2009,BPT,TX,ASW,CE,Towers with Radar,0,5,23,0,28,0,1,13,0,14,0,6,36,0,42,20,0,20,62
03/08/2009,BPT,TX,ASW,CE,Towers with Radar,0,13,29,0,42,0,4,19,0,23,0,17,48,0,65,38,0,38,103
03/09/2009,BPT,TX,ASW,CE,Towers with Radar,0,13,19,4,36,0,0,24,4,28,0,13,43,8,64,20,0,20,84
03/10/2009,BPT,TX,ASW,CE,Towers with Radar,0,9,34,0,43,0,4,30,0,34,0,13,64,0,77,20,0,20,97
03/11/2009,BPT,TX,ASW,CE,Towers with Radar,0,9,36,6,51,0,8,21,1,30,0,17,57,7,81,44,8,52,133
03/12/2009,BPT,TX,ASW,CE,Towers with Radar,0,8,41,0,49,0,0,8,0,8,0,8,49,0,57,0,0,0,57
03/13/2009,BPT,TX,ASW,CE,Towers with Radar,0,6,20,2,28,0,0,0,0,0,0,6,20,2,28,0,0,0,28
03/14/2009,BPT,TX,ASW,CE,Towers with Radar,0,5,11,0,16,0,0,0,0,0,0,5,11,0,16,0,0,0,16
03/15/2009,BPT,TX,ASW,CE,Towers with Radar,0,8,28,0,36,0,3,4,1,8,0,11,32,1,44,0,0,0,44
03/16/2009,BPT,TX,ASW,CE,Towers with Radar,0,9,18,0,27,0,3,18,4,25,0,12,36,4,52,16,0,16,68
03/17/2009,BPT,TX,ASW,CE,Towers with Radar,0,8,27,1,36,0,2,19,10,31,0,10,46,11,67,10,0,10,77
03/18/2009,BPT,TX,ASW,CE,Towers with Radar,0,6,12,0,18,0,3,38,11,52,0,9,50,11,70,42,0,42,112
03/19/2009,BPT,TX,ASW,CE,Towers with Radar,0,16,19,0,35,0,3,37,15,55,0,19,56,15,90,12,0,12,102
03/20/2009,BPT,TX,ASW,CE,Towers with Radar,0,8,26,4,38,0,1,39,6,46,0,9,65,10,84,46,0,46,130
03/21/2009,BPT,TX,ASW,CE,Towers with Radar,0,10,13,0,23,0,0,28,0,28,0,10,41,0,51,0,0,0,51
03/22/2009,BPT,TX,ASW,CE,Towers with Radar,0,17,14,0,31,0,3,19,0,22,0,20,33,0,53,20,0,20,73
03/23/2009,BPT,TX,ASW,CE,Towers with Radar,0,8,5,0,13,0,1,7,0,8,0,9,12,0,21,4,0,4,25
03/24/2009,BPT,TX,ASW,CE,Towers with Radar,0,10,43,1,54,0,3,8,1,12,0,13,51,2,66,0,0,0,66
03/25/2009,BPT,TX,ASW,CE,Towers with Radar,0,12,36,0,48,0,8,6,0,14,0,20,42,0,62,28,0,28,90
03/26/2009,BPT,TX,ASW,CE,Towers with Radar,0,9,25,0,34,0,0,9,1,10,0,9,34,1,44,0,0,0,44
03/27/2009,BPT,TX,ASW,CE,Towers with Radar,0,14,46,0,60,0,3,2,1,6,0,17,48,1,66,0,0,0,66
03/28/2009,BPT,TX,ASW,CE,Towers with Radar,0,10,8,1,19,0,1,16,0,17,0,11,24,1,36,0,0,0,36
03/29/2009,BPT,TX,ASW,CE,Towers with Radar,0,11,27,0,38,0,3,33,3,39,0,14,60,3,77,40,0,40,117
03/30/2009,BPT,TX,ASW,CE,Towers with Radar,0,10,54,0,64,0,5,31,0,36,0,15,85,0,100,20,0,20,120
03/31/2009,BPT,TX,ASW,CE,Towers with Radar,0,8,12,0,20,0,2,16,0,18,0,10,28,0,38,14,0,14,52
04/01/2009,BPT,TX,ASW,CE,Towers with Radar,0,8,34,1,43,0,4,21,1,26,0,12,55,2,69,22,0,22,91
04/02/2009,BPT,TX,ASW,CE,Towers with Radar,0,8,10,0,18,0,3,16,2,21,0,11,26,2,39,0,0,0,39
04/03/2009,BPT,TX,ASW,CE,Towers with Radar,0,8,28,9,45,0,7,39,2,48,0,15,67,11,93,0,0,0,93
04/04/2009,BPT,TX,ASW,CE,Towers with Radar,0,8,16,0,24,0,1,15,0,16,0,9,31,0,40,0,0,0,40
04/05/2009,BPT,TX,ASW,CE,Towers with Radar,0,7,19,4,30,0,0,17,0,17,0,7,36,4,47,28,0,28,75
04/06/2009,BPT,TX,ASW,CE,Towers with Radar,0,11,34,0,45,0,3,8,0,11,0,14,42,0,56,0,0,0,56
04/07/2009,BPT,TX,ASW,CE,Towers with Radar,0,19,23,2,44,0,2,43,0,45,0,21,66,2,89,62,0,62,151
04/08/2009,BPT,TX,ASW,CE,Towers with Radar,0,8,18,1,27,0,2,31,0,33,0,10,49,1,60,58,0,58,118
04/09/2009,BPT,TX,ASW,CE,Towers with Radar,0,11,28,17,56,0,1,6,0,7,0,12,34,17,63,0,0,0,63
04/10/2009,BPT,TX,ASW,CE,Towers with Radar,0,10,28,0,38,0,1,18,0,19,0,11,46,0,57,0,0,0,57
04/11/2009,BPT,TX,ASW,CE,Towers with Radar,0,5,13,0,18,0,1,15,0,16,0,6,28,0,34,0,0,0,34
04/12/2009,BPT,TX,ASW,CE,Towers with Radar,0,7,8,0,15,0,0,9,0,9,0,7,17,0,24,16,0,16,40
04/13/2009,BPT,TX,ASW,CE,Towers with Radar,0,8,32,0,40,0,2,41,0,43,0,10,73,0,83,6,0,6,89
04/14/2009,BPT,TX,ASW,CE,Towers with Radar,0,8,25,2,35,0,2,55,0,57,0,10,80,2,92,20,0,20,112
04/15/2009,BPT,TX,ASW,CE,Towers with Radar,0,10,28,6,44,0,4,40,0,44,0,14,68,6,88,0,4,4,92
04/16/2009,BPT,TX,ASW,CE,Towers with Radar,0,8,39,0,47,0,2,25,0,27,0,10,64,0,74,0,0,0,74
04/17/2009,BPT,TX,ASW,CE,Towers with Radar,2,4,25,0,31,0,3,9,0,12,2,7,34,0,43,0,0,0,43
04/18/2009,BPT,TX,ASW,CE,Towers with Radar,0,4,11,0,15,0,0,1,0,1,0,4,12,0,16,0,0,0,16
04/19/2009,BPT,TX,ASW,CE,Towers with Radar,0,11,18,0,29,0,0,22,0,22,0,11,40,0,51,0,0,0,51
04/20/2009,BPT,TX,ASW,CE,Towers with Radar,0,8,25,0,33,1,3,25,0,29,1,11,50,0,62,0,0,0,62
04/21/2009,BPT,TX,ASW,CE,Towers with Radar,0,11,26,4,41,0,5,39,0,44,0,16,65,4,85,52,0,52,137
04/22/2009,BPT,TX,ASW,CE,Towers with Radar,0,10,50,2,62,0,4,34,0,38,0,14,84,2,100,0,0,0,100
04/23/2009,BPT,TX,ASW,CE,Towers with Radar,0,13,44,0,57,0,0,24,0,24,0,13,68,0,81,0,0,0,81
04/24/2009,BPT,TX,ASW,CE,Towers with Radar,0,15,40,4,59,0,0,22,0,22,0,15,62,4,81,0,0,0,81
04/25/2009,BPT,TX,ASW,CE,Towers with Radar,0,5,6,0,11,0,4,13,0,17,0,9,19,0,28,0,0,0,28
04/26/2009,BPT,TX,ASW,CE,Towers with Radar,0,14,40,0,54,0,3,21,0,24,0,17,61,0,78,32,0,32,110
04/27/2009,BPT,TX,ASW,CE,Towers with Radar,4,10,26,0,40,0,6,8,0,14,4,16,34,0,54,16,0,16,70
04/28/2009,BPT,TX,ASW,CE,Towers with Radar,0,9,25,0,34,0,1,21,1,23,0,10,46,1,57,20,0,20,77
04/29/2009,BPT,TX,ASW,CE,Towers with Radar,0,11,39,0,50,0,2,32,0,34,0,13,71,0,84,20,0,20,104
04/30/2009,BPT,TX,ASW,CE,Towers with Radar,0,10,16,0,26,0,2,24,0,26,0,12,40,0,52,0,0,0,52
05/01/2009,BPT,TX,ASW,CE,Towers with Radar,0,9,29,0,38,0,8,33,0,41,0,17,62,0,79,0,0,0,79
05/02/2009,BPT,TX,ASW,CE,Towers with Radar,0,5,20,0,25,0,2,25,0,27,0,7,45,0,52,30,0,30,82
05/03/2009,BPT,TX,ASW,CE,Towers with Radar,0,8,11,0,19,0,5,12,0,17,0,13,23,0,36,14,0,14,50
05/04/2009,BPT,TX,ASW,CE,Towers with Radar,0,9,16,4,29,0,6,43,4,53,0,15,59,8,82,34,0,34,116
05/05/2009,BPT,TX,ASW,CE,Towers with Radar,0,9,35,0,44,0,0,51,4,55,0,9,86,4,99,0,0,0,99
05/06/2009,BPT,TX,ASW,CE,Towers with Radar,0,8,18,0,26,0,5,12,0,17,0,13,30,0,43,6,0,6,49
05/07/2009,BPT,TX,ASW,CE,Towers with Radar,0,10,62,0,72,0,1,47,0,48,0,11,109,0,120,18,0,18,138
05/08/2009,BPT,TX,ASW,CE,Towers with Radar,0,10,33,0,43,0,2,15,0,17,0,12,48,0,60,0,0,0,60
05/09/2009,BPT,TX,ASW,CE,Towers with Radar,0,8,21,0,29,0,6,24,0,30,0,14,45,0,59,0,0,0,59
05/10/2009,BPT,TX,ASW,CE,Towers with Radar,0,9,14,0,23,0,3,16,0,19,0,12,30,0,42,14,0,14,56
05/11/2009,BPT,TX,ASW,CE,Towers with Radar,0,10,31,0,41,0,5,14,1,20,0,15,45,1,61,12,0,12,73
05/12/2009,BPT,TX,ASW,CE,Towers with Radar,0,10,57,4,71,0,6,38,1,45,0,16,95,5,116,36,0,36,152
05/13/2009,BPT,TX,ASW,CE,Towers with Radar,0,9,38,0,47,0,0,29,0,29,0,9,67,0,76,12,0,12,88
05/14/2009,BPT,TX,ASW,CE,Towers with Radar,0,12,34,0,46,0,0,31,0,31,0,12,65,0,77,8,0,8,85
05/15/2009,BPT,TX,ASW,CE,Towers with Radar,0,10,26,0,36,0,5,25,0,30,0,15,51,0,66,28,0,28,94
05/16/2009,BPT,TX,ASW,CE,Towers with Radar,0,5,10,0,15,0,0,26,0,26,0,5,36,0,41,4,0,4,45
05/17/2009,BPT,TX,ASW,CE,Towers with Radar,0,9,12,0,21,0,0,11,0,11,0,9,23,0,32,8,0,8,40
05/18/2009,BPT,TX,ASW,CE,Towers with Radar,0,8,11,0,19,0,1,37,0,38,0,9,48,0,57,6,0,6,63
05/19/2009,BPT,TX,ASW,CE,Towers with Radar,0,9,18,0,27,0,2,38,0,40,0,11,56,0,67,14,0,14,81
05/20/2009,BPT,TX,ASW,CE,Towers with Radar,0,10,40,0,50,0,7,54,0,61,0,17,94,0,111,6,0,6,117
05/21/2009,BPT,TX,ASW,CE,Towers with Radar,0,8,40,4,52,0,2,48,0,50,0,10,88,4,102,0,0,0,102
05/22/2009,BPT,TX,ASW,CE,Towers with Radar,0,8,43,0,51,0,2,28,4,34,0,10,71,4,85,18,0,18,103
05/23/2009,BPT,TX,ASW,CE,Towers with Radar,0,5,12,0,17,0,0,11,0,11,0,5,23,0,28,0,0,0,28
05/24/2009,BPT,TX,ASW,CE,Towers with Radar,2,5,5,0,12,0,0,5,0,5,2,5,10,0,17,0,0,0,17
05/25/2009,BPT,TX,ASW,CE,Towers with Radar,0,6,18,0,24,0,3,22,2,27,0,9,40,2,51,4,0,4,55
05/26/2009,BPT,TX,ASW,CE,Towers with Radar,0,14,36,2,52,0,2,29,0,31,0,16,65,2,83,38,0,38,121
05/27/2009,BPT,TX,ASW,CE,Towers with Radar,0,9,22,0,31,0,0,13,5,18,0,9,35,5,49,26,0,26,75
05/28/2009,BPT,TX,ASW,CE,Towers with Radar,0,10,36,0,46,0,3,31,0,34,0,13,67,0,80,0,0,0,80
05/29/2009,BPT,TX,ASW,CE,Towers with Radar,0,17,19,12,48,0,0,52,2,54,0,17,71,14,102,0,0,0,102
05/30/2009,BPT,TX,ASW,CE,Towers with Radar,0,3,10,0,13,0,1,46,0,47,0,4,56,0,60,2,0,2,62
05/31/2009,BPT,TX,ASW,CE,Towers with Radar,0,11,11,0,22,0,2,27,0,29,0,13,38,0,51,36,0,36,87
06/01/2009,BPT,TX,ASW,CE,Towers with Radar,2,8,14,0,24,0,0,16,0,16,2,8,30,0,40,0,0,0,40
06/02/2009,BPT,TX,ASW,CE,Towers with Radar,0,9,15,4,28,0,2,31,0,33,0,11,46,4,61,16,0,16,77
06/03/2009,BPT,TX,ASW,CE,Towers with Radar,2,13,30,3,48,0,1,26,4,31,2,14,56,7,79,44,0,44,123
06/04/2009,BPT,TX,ASW,CE,Towers with Radar,0,9,38,4,51,0,2,45,2,49,0,11,83,6,100,16,0,16,116
06/05/2009,BPT,TX,ASW,CE,Towers with Radar,0,11,17,0,28,0,0,34,3,37,0,11,51,3,65,0,0,0,65
06/06/2009,BPT,TX,ASW,CE,Towers with Radar,0,7,16,0,23,0,0,46,0,46,0,7,62,0,69,14,0,14,83
06/07/2009,BPT,TX,ASW,CE,Towers with Radar,0,9,9,0,18,0,0,18,2,20,0,9,27,2,38,0,0,0,38
06/08/2009,BPT,TX,ASW,CE,Towers with Radar,0,8,17,0,25,0,3,19,2,24,0,11,36,2,49,14,0,14,63
06/09/2009,BPT,TX,ASW,CE,Towers with Radar,0,9,34,1,44,0,0,33,3,36,0,9,67,4,80,50,0,50,130
06/10/2009,BPT,TX,ASW,CE,Towers with Radar,0,11,27,0,38,0,2,32,0,34,0,13,59,0,72,6,0,6,78
06/11/2009,BPT,TX,ASW,CE,Towers with Radar,1,12,27,2,42,0,2,33,4,39,1,14,60,6,81,0,0,0,81
06/12/2009,BPT,TX,ASW,CE,Towers with Radar,0,8,32,3,43,0,2,26,3,31,0,10,58,6,74,0,0,0,74
06/13/2009,BPT,TX,ASW,CE,Towers with Radar,0,8,19,2,29,0,1,19,0,20,0,9,38,2,49,0,0,0,49
06/14/2009,BPT,TX,ASW,CE,Towers with Radar,0,7,18,6,31,0,0,21,0,21,0,7,39,6,52,0,0,0,52
06/15/2009,BPT,TX,ASW,CE,Towers with Radar,0,13,20,2,35,0,4,17,0,21,0,17,37,2,56,0,0,0,56
06/16/2009,BPT,TX,ASW,CE,Towers with Radar,0,15,26,0,41,0,4,22,2,28,0,19,48,2,69,12,0,12,81
06/17/2009,BPT,TX,ASW,CE,Towers with Radar,0,9,24,0,33,0,4,19,0,23,0,13,43,0,56,20,0,20,76
06/18/2009,BPT,TX,ASW,CE,Towers with Radar,0,8,30,10,48,0,2,22,2,26,0,10,52,12,74,0,0,0,74
06/19/2009,BPT,TX,ASW,CE,Towers with Radar,0,9,22,4,35,0,7,18,0,25,0,16,40,4,60,22,0,22,82
06/20/2009,BPT,TX,ASW,CE,Towers with Radar,0,5,9,0,14,0,2,24,0,26,0,7,33,0,40,0,0,0,40
06/21/2009,BPT,TX,ASW,CE,Towers with Radar,0,11,8,0,19,0,0,14,0,14,0,11,22,0,33,0,0,0,33
06/22/2009,BPT,TX,ASW,CE,Towers with Radar,0,8,15,0,23,0,5,10,0,15,0,13,25,0,38,26,0,26,64
06/23/2009,BPT,TX,ASW,CE,Towers with Radar,0,12,30,0,42,0,3,21,0,24,0,15,51,0,66,0,0,0,66
06/24/2009,BPT,TX,ASW,CE,Towers with Radar,0,9,15,2,26,0,0,23,0,23,0,9,38,2,49,0,0,0,49
06/25/2009,BPT,TX,ASW,CE,Towers with Radar,0,10,24,4,38,0,4,23,0,27,0,14,47,4,65,36,0,36,101
06/26/2009,BPT,TX,ASW,CE,Towers with Radar,0,12,19,0,31,0,5,18,0,23,0,17,37,0,54,0,0,0,54
06/27/2009,BPT,TX,ASW,CE,Towers with Radar,0,7,11,0,18,0,0,11,0,11,0,7,22,0,29,0,0,0,29
06/28/2009,BPT,TX,ASW,CE,Towers with Radar,0,9,13,0,22,0,2,9,0,11,0,11,22,0,33,20,0,20,53
06/29/2009,BPT,TX,ASW,CE,Towers with Radar,0,8,15,0,23,0,0,11,0,11,0,8,26,0,34,0,0,0,34
06/30/2009,BPT,TX,ASW,CE,Towers with Radar,0,8,21,0,29,0,1,18,0,19,0,9,39,0,48,0,0,0,48
07/01/2009,BPT,TX,ASW,CE,Towers with Radar,0,10,35,2,47,0,0,28,0,28,0,10,63,2,75,20,0,20,95
07/02/2009,BPT,TX,ASW,CE,Towers with Radar,0,13,15,0,28,0,3,19,2,24,0,16,34,2,52,26,0,26,78
07/03/2009,BPT,TX,ASW,CE,Towers with Radar,0,7,10,0,17,0,0,24,0,24,0,7,34,0,41,0,0,0,41
07/04/2009,BPT,TX,ASW,CE,Towers with Radar,0,8,4,0,12,0,1,6,0,7,0,9,10,0,19,2,0,2,21
07/05/2009,BPT,TX,ASW,CE,Towers with Radar,0,8,8,0,16,0,4,13,0,17,0,12,21,0,33,0,0,0,33
07/06/2009,BPT,TX,ASW,CE,Towers with Radar,0,10,10,2,22,0,7,15,0,22,0,17,25,2,44,10,0,10,54
07/07/2009,BPT,TX,ASW,CE,Towers with Radar,2,16,18,0,36,0,0,13,0,13,2,16,31,0,49,0,0,0,49
07/08/2009,BPT,TX,ASW,CE,Towers with Radar,0,11,12,0,23,0,6,12,0,18,0,17,24,0,41,0,0,0,41
07/09/2009,BPT,TX,ASW,CE,Towers with Radar,0,8,11,2,21,0,2,34,5,41,0,10,45,7,62,36,0,36,98
07/10/2009,BPT,TX,ASW,CE,Towers with Radar,0,9,5,0,14,0,1,18,4,23,0,10,23,4,37,0,0,0,37
07/11/2009,BPT,TX,ASW,CE,Towers with Radar,0,6,10,0,16,0,0,10,0,10,0,6,20,0,26,0,0,0,26
07/12/2009,BPT,TX,ASW,CE,Towers with Radar,0,11,13,0,24,0,2,34,0,36,0,13,47,0,60,26,0,26,86
07/13/2009,BPT,TX,ASW,CE,Towers with Radar,0,9,22,1,32,0,5,13,0,18,0,14,35,1,50,0,0,0,50
07/14/2009,BPT,TX,ASW,CE,Towers with Radar,0,9,29,0,38,0,0,45,2,47,0,9,74,2,85,18,0,18,103
07/15/2009,BPT,TX,ASW,CE,Towers with Radar,0,8,15,0,23,0,1,33,4,38,0,9,48,4,61,0,0,0,61
07/16/2009,BPT,TX,ASW,CE,Towers with Radar,0,12,25,1,38,0,1,13,1,15,0,13,38,2,53,0,0,0,53
07/17/2009,BPT,TX,ASW,CE,Towers with Radar,0,12,17,0,29,0,6,9,0,15,0,18,26,0,44,0,0,0,44
07/18/2009,BPT,TX,ASW,CE,Towers with Radar,0,7,7,0,14,0,0,21,0,21,0,7,28,0,35,0,0,0,35
07/19/2009,BPT,TX,ASW,CE,Towers with Radar,0,8,17,0,25,0,1,21,0,22,0,9,38,0,47,28,0,28,75
07/20/2009,BPT,TX,ASW,CE,Towers with Radar,0,11,11,0,22,0,7,10,0,17,0,18,21,0,39,10,0,10,49
07/21/2009,BPT,TX,ASW,CE,Towers with Radar,0,7,21,0,28,0,14,12,4,30,0,21,33,4,58,30,0,30,88
07/22/2009,BPT,TX,ASW,CE,Towers with Radar,0,8,33,0,41,0,3,15,0,18,0,11,48,0,59,22,0,22,81
07/23/2009,BPT,TX,ASW,CE,Towers with Radar,2,8,30,0,40,0,2,16,1,19,2,10,46,1,59,6,0,6,65
07/24/2009,BPT,TX,ASW,CE,Towers with Radar,0,11,18,0,29,0,1,11,0,12,0,12,29,0,41,0,0,0,41
07/25/2009,BPT,TX,ASW,CE,Towers with Radar,0,7,12,3,22,0,1,31,0,32,0,8,43,3,54,0,0,0,54
07/26/2009,BPT,TX,ASW,CE,Towers with Radar,0,9,12,0,21,0,1,10,0,11,0,10,22,0,32,16,0,16,48
07/27/2009,BPT,TX,ASW,CE,Towers with Radar,0,9,23,0,32,0,6,13,0,19,0,15,36,0,51,22,0,22,73
07/28/2009,BPT,TX,ASW,CE,Towers with Radar,0,9,12,2,23,0,3,22,0,25,0,12,34,2,48,22,0,22,70
07/29/2009,BPT,TX,ASW,CE,Towers with Radar,0,10,29,0,39,0,2,15,0,17,0,12,44,0,56,0,0,0,56
07/30/2009,BPT,TX,ASW,CE,Towers with Radar,0,12,29,4,45,0,8,32,5,45,0,20,61,9,90,12,0,12,102
07/31/2009,BPT,TX,ASW,CE,Towers with Radar,0,8,17,0,25,0,1,10,2,13,0,9,27,2,38,0,0,0,38
08/01/2009,BPT,TX,ASW,CE,Towers with Radar,0,5,9,0,14,0,1,20,0,21,0,6,29,0,35,0,0,0,35
08/02/2009,BPT,TX,ASW,CE,Towers with Radar,0,7,16,0,23,0,1,10,0,11,0,8,26,0,34,6,0,6,40
08/03/2009,BPT,TX,ASW,CE,Towers with Radar,1,9,29,3,42,0,2,25,0,27,1,11,54,3,69,30,0,30,99
08/04/2009,BPT,TX,ASW,CE,Towers with Radar,0,8,22,0,30,0,2,21,1,24,0,10,43,1,54,0,0,0,54
08/05/2009,BPT,TX,ASW,CE,Towers with Radar,0,8,31,2,41,0,8,21,5,34,0,16,52,7,75,32,0,32,107
08/06/2009,BPT,TX,ASW,CE,Towers with Radar,0,12,36,0,48,0,2,15,0,17,0,14,51,0,65,24,0,24,89
08/07/2009,BPT,TX,ASW,CE,Towers with Radar,0,9,18,0,27,0,1,32,0,33,0,10,50,0,60,0,0,0,60
08/08/2009,BPT,TX,ASW,CE,Towers with Radar,0,7,4,0,11,0,1,14,0,15,0,8,18,0,26,6,0,6,32
08/09/2009,BPT,TX,ASW,CE,Towers with Radar,0,9,19,0,28,0,0,14,0,14,0,9,33,0,42,22,0,22,64
08/10/2009,BPT,TX,ASW,CE,Towers with Radar,0,12,9,0,21,0,0,22,0,22,0,12,31,0,43,32,0,32,75
08/11/2009,BPT,TX,ASW,CE,Towers with Radar,0,8,15,0,23,0,5,34,0,39,0,13,49,0,62,110,0,110,172
08/12/2009,BPT,TX,ASW,CE,Towers with Radar,4,14,36,0,54,0,15,21,2,38,4,29,57,2,92,34,0,34,126
08/13/2009,BPT,TX,ASW,CE,Towers with Radar,0,8,26,0,34,0,7,35,0,42,0,15,61,0,76,0,0,0,76
08/14/2009,BPT,TX,ASW,CE,Towers with Radar,0,11,29,3,43,0,2,21,0,23,0,13,50,3,66,0,0,0,66
08/15/2009,BPT,TX,ASW,CE,Towers with Radar,0,6,14,2,22,0,2,22,1,25,0,8,36,3,47,34,0,34,81
08/16/2009,BPT,TX,ASW,CE,Towers with Radar,0,7,16,0,23,0,7,18,0,25,0,14,34,0,48,30,0,30,78
08/17/2009,BPT,TX,ASW,CE,Towers with Radar,0,8,25,0,33,0,2,13,0,15,0,10,38,0,48,0,0,0,48
08/18/2009,BPT,TX,ASW,CE,Towers with Radar,0,11,25,0,36,0,4,6,0,10,0,15,31,0,46,0,0,0,46
08/19/2009,BPT,TX,ASW,CE,Towers with Radar,0,13,48,0,61,0,4,25,0,29,0,17,73,0,90,54,0,54,144
08/20/2009,BPT,TX,ASW,CE,Towers with Radar,0,9,37,0,46,0,1,25,0,26,0,10,62,0,72,32,0,32,104
08/21/2009,BPT,TX,ASW,CE,Towers with Radar,0,8,22,0,30,0,4,24,0,28,0,12,46,0,58,0,0,0,58
08/22/2009,BPT,TX,ASW,CE,Towers with Radar,0,6,10,0,16,0,2,23,0,25,0,8,33,0,41,0,0,0,41
08/23/2009,BPT,TX,ASW,CE,Towers with Radar,0,9,18,0,27,0,1,18,0,19,0,10,36,0,46,34,0,34,80
08/24/2009,BPT,TX,ASW,CE,Towers with Radar,0,12,19,0,31,0,5,26,0,31,0,17,45,0,62,0,0,0,62
08/25/2009,BPT,TX,ASW,CE,Towers with Radar,0,13,30,2,45,0,2,26,2,30,0,15,56,4,75,10,0,10,85
08/26/2009,BPT,TX,ASW,CE,Towers with Radar,0,12,32,0,44,0,1,25,0,26,0,13,57,0,70,22,0,22,92
08/27/2009,BPT,TX,ASW,CE,Towers with Radar,0,14,31,0,45,0,6,46,2,54,0,20,77,2,99,0,0,0,99
08/28/2009,BPT,TX,ASW,CE,Towers with Radar,2,13,31,0,46,0,5,36,0,41,2,18,67,0,87,0,0,0,87
08/29/2009,BPT,TX,ASW,CE,Towers with Radar,0,7,12,0,19,0,2,18,0,20,0,9,30,0,39,16,0,16,55
08/30/2009,BPT,TX,ASW,CE,Towers with Radar,0,10,25,0,35,0,0,27,1,28,0,10,52,1,63,20,0,20,83
08/31/2009,BPT,TX,ASW,CE,Towers with Radar,0,12,57,0,69,0,4,24,0,28,0,16,81,0,97,26,0,26,123
09/01/2009,BPT,TX,ASW,CE,Towers with Radar,0,16,28,0,44,0,12,26,1,39,0,28,54,1,83,10,0,10,93
09/02/2009,BPT,TX,ASW,CE,Towers with Radar,0,14,38,2,54,0,4,41,0,45,0,18,79,2,99,12,0,12,111
09/03/2009,BPT,TX,ASW,CE,Towers with Radar,0,11,36,4,51,0,2,30,0,32,0,13,66,4,83,4,0,4,87
09/04/2009,BPT,TX,ASW,CE,Towers with Radar,0,15,24,0,39,0,2,34,1,37,0,17,58,1,76,0,0,0,76
09/05/2009,BPT,TX,ASW,CE,Towers with Radar,0,7,3,2,12,0,3,23,0,26,0,10,26,2,38,20,0,20,58
09/06/2009,BPT,TX,ASW,CE,Towers with Radar,0,6,6,0,12,0,2,20,0,22,0,8,26,0,34,20,0,20,54
09/07/2009,BPT,TX,ASW,CE,Towers with Radar,0,9,18,0,27,0,4,10,0,14,0,13,28,0,41,0,0,0,41
09/08/2009,BPT,TX,ASW,CE,Towers with Radar,0,10,15,0,25,0,0,19,0,19,0,10,34,0,44,24,0,24,68
09/09/2009,BPT,TX,ASW,CE,Towers with Radar,0,10,14,0,24,0,2,7,0,9,0,12,21,0,33,0,0,0,33
09/10/2009,BPT,TX,ASW,CE,Towers with Radar,0,8,29,8,45,0,6,11,2,19,0,14,40,10,64,0,0,0,64
09/11/2009,BPT,TX,ASW,CE,Towers with Radar,0,8,20,4,32,0,0,1,0,1,0,8,21,4,33,0,0,0,33
09/12/2009,BPT,TX,ASW,CE,Towers with Radar,0,5,4,0,9,0,1,1,0,2,0,6,5,0,11,0,0,0,11
09/13/2009,BPT,TX,ASW,CE,Towers with Radar,0,8,8,0,16,0,1,5,0,6,0,9,13,0,22,10,0,10,32
09/14/2009,BPT,TX,ASW,CE,Towers with Radar,0,10,18,0,28,0,5,4,0,9,0,15,22,0,37,0,0,0,37
09/15/2009,BPT,TX,ASW,CE,Towers with Radar,0,10,28,2,40,0,2,15,2,19,0,12,43,4,59,22,0,22,81
09/16/2009,BPT,TX,ASW,CE,Towers with Radar,0,9,31,0,40,0,0,36,0,36,0,9,67,0,76,20,0,20,96
09/17/2009,BPT,TX,ASW,CE,Towers with Radar,0,10,41,0,51,0,3,63,0,66,0,13,104,0,117,16,0,16,133
09/18/2009,BPT,TX,ASW,CE,Towers with Radar,0,11,43,0,54,0,3,21,0,24,0,14,64,0,78,0,0,0,78
09/19/2009,BPT,TX,ASW,CE,Towers with Radar,0,8,7,2,17,0,1,13,3,17,0,9,20,5,34,12,0,12,46
09/20/2009,BPT,TX,ASW,CE,Towers with Radar,0,7,22,0,29,0,4,43,0,47,0,11,65,0,76,28,0,28,104
09/21/2009,BPT,TX,ASW,CE,Towers with Radar,2,8,28,3,41,0,10,18,0,28,2,18,46,3,69,28,0,28,97
09/22/2009,BPT,TX,ASW,CE,Towers with Radar,0,17,17,0,34,0,1,22,0,23,0,18,39,0,57,12,0,12,69
09/23/2009,BPT,TX,ASW,CE,Towers with Radar,0,12,23,0,35,0,3,22,2,27,0,15,45,2,62,14,0,14,76
09/24/2009,BPT,TX,ASW,CE,Towers with Radar,0,13,30,2,45,0,4,25,0,29,0,17,55,2,74,0,0,0,74
09/25/2009,BPT,TX,ASW,CE,Towers with Radar,0,9,39,0,48,0,2,20,0,22,0,11,59,0,70,0,0,0,70
09/26/2009,BPT,TX,ASW,CE,Towers with Radar,0,5,11,0,16,0,2,30,3,35,0,7,41,3,51,4,0,4,55
09/27/2009,BPT,TX,ASW,CE,Towers with Radar,0,9,24,0,33,0,1,16,0,17,0,10,40,0,50,36,0,36,86
09/28/2009,BPT,TX,ASW,CE,Towers with Radar,1,13,10,0,24,0,7,29,0,36,1,20,39,0,60,22,0,22,82
09/29/2009,BPT,TX,ASW,CE,Towers with Radar,0,9,40,2,51,0,5,51,1,57,0,14,91,3,108,16,0,16,124
09/30/2009,BPT,TX,ASW,CE,Towers with Radar,0,9,38,0,47,0,5,51,0,56,0,14,89,0,103,24,0,24,127
10/01/2009,BPT,TX,ASW,CE,Towers with Radar,0,7,47,0,54,0,6,28,2,36,0,13,75,2,90,0,0,0,90
10/02/2009,BPT,TX,ASW,CE,Towers with Radar,0,10,44,0,54,0,3,25,1,29,0,13,69,1,83,0,0,0,83
10/03/2009,BPT,TX,ASW,CE,Towers with Radar,0,6,2,0,8,0,1,9,0,10,0,7,11,0,18,0,0,0,18
10/04/2009,BPT,TX,ASW,CE,Towers with Radar,0,5,17,0,22,0,0,1,0,1,0,5,18,0,23,24,0,24,47
10/05/2009,BPT,TX,ASW,CE,Towers with Radar,0,8,25,0,33,0,3,6,0,9,0,11,31,0,42,28,0,28,70
10/06/2009,BPT,TX,ASW,CE,Towers with Radar,0,10,29,1,40,0,6,31,3,40,0,16,60,4,80,68,0,68,148
10/07/2009,BPT,TX,ASW,CE,Towers with Radar,0,6,31,0,37,0,3,16,0,19,0,9,47,0,56,8,0,8,64
10/08/2009,BPT,TX,ASW,CE,Towers with Radar,0,11,33,1,45,0,8,18,0,26,0,19,51,1,71,0,0,0,71
10/09/2009,BPT,TX,ASW,CE,Towers with Radar,2,17,19,2,40,0,0,3,0,3,2,17,22,2,43,0,0,0,43
10/10/2009,BPT,TX,ASW,CE,Towers with Radar,1,7,32,0,40,1,3,6,0,10,2,10,38,0,50,0,0,0,50
10/11/2009,BPT,TX,ASW,CE,Towers with Radar,0,6,16,0,22,0,0,4,0,4,0,6,20,0,26,20,0,20,46
10/12/2009,BPT,TX,ASW,CE,Towers with Radar,2,9,11,0,22,0,2,5,0,7,2,11,16,0,29,0,0,0,29
10/13/2009,BPT,TX,ASW,CE,Towers with Radar,0,7,22,0,29,0,6,10,0,16,0,13,32,0,45,0,0,0,45
10/14/2009,BPT,TX,ASW,CE,Towers with Radar,0,9,54,1,64,0,5,18,0,23,0,14,72,1,87,10,0,10,97
10/15/2009,BPT,TX,ASW,CE,Towers with Radar,0,9,32,0,41,0,2,22,2,26,0,11,54,2,67,0,0,0,67
10/16/2009,BPT,TX,ASW,CE,Towers with Radar,0,9,37,0,46,0,5,35,0,40,0,14,72,0,86,0,0,0,86
10/17/2009,BPT,TX,ASW,CE,Towers with Radar,0,5,19,0,24,0,2,24,0,26,0,7,43,0,50,20,0,20,70
10/18/2009,BPT,TX,ASW,CE,Towers with Radar,0,6,32,0,38,0,2,37,0,39,0,8,69,0,77,74,0,74,151
10/19/2009,BPT,TX,ASW,CE,Towers with Radar,0,8,33,0,41,0,2,28,1,31,0,10,61,1,72,22,0,22,94
10/20/2009,BPT,TX,ASW,CE,Towers with Radar,0,10,36,0,46,0,3,29,0,32,0,13,65,0,78,34,0,34,112
10/21/2009,BPT,TX,ASW,CE,Towers with Radar,0,8,43,0,51,0,4,20,2,26,0,12,63,2,77,10,0,10,87
10/22/2009,BPT,TX,ASW,CE,Towers with Radar,0,7,27,0,34,0,2,3,0,5,0,9,30,0,39,0,0,0,39
10/23/2009,BPT,TX,ASW,CE,Towers with Radar,0,8,37,0,45,0,4,25,0,29,0,12,62,0,74,0,0,0,74
10/24/2009,BPT,TX,ASW,CE,Towers with Radar,0,6,15,4,25,0,2,31,2,35,0,8,46,6,60,34,0,34,94
10/25/2009,BPT,TX,ASW,CE,Towers with Radar,0,7,19,0,26,0,2,35,0,37,0,9,54,0,63,36,0,36,99
10/26/2009,BPT,TX,ASW,CE,Towers with Radar,0,9,15,0,24,0,3,0,0,3,0,12,15,0,27,24,0,24,51
10/27/2009,BPT,TX,ASW,CE,Towers with Radar,0,10,28,0,38,0,3,25,0,28,0,13,53,0,66,26,0,26,92
10/28/2009,BPT,TX,ASW,CE,Towers with Radar,0,7,55,0,62,0,8,18,0,26,0,15,73,0,88,28,0,28,116
10/29/2009,BPT,TX,ASW,CE,Towers with Radar,0,15,8,0,23,0,1,3,0,4,0,16,11,0,27,0,0,0,27
10/30/2009,BPT,TX,ASW,CE,Towers with Radar,0,10,8,0,18,0,1,4,0,5,0,11,12,0,23,0,0,0,23
10/31/2009,BPT,TX,ASW,CE,Towers with Radar,0,7,7,0,14,0,5,27,0,32,0,12,34,0,46,20,0,20,66
11/01/2009,BPT,TX,ASW,CE,Towers with Radar,0,8,13,1,22,0,4,15,1,20,0,12,28,2,42,28,0,28,70
11/02/2009,BPT,TX,ASW,CE,Towers with Radar,0,12,20,0,32,0,13,23,2,38,0,25,43,2,70,32,0,32,102
11/03/2009,BPT,TX,ASW,CE,Towers with Radar,0,11,34,0,45,0,6,27,1,34,0,17,61,1,79,28,0,28,107
11/04/2009,BPT,TX,ASW,CE,Towers with Radar,0,11,34,0,45,0,5,31,0,36,0,16,65,0,81,8,0,8,89
11/05/2009,BPT,TX,ASW,CE,Towers with Radar,0,12,51,0,63,0,6,35,0,41,0,18,86,0,104,0,0,0,104
11/06/2009,BPT,TX,ASW,CE,Towers with Radar,0,10,30,0,40,0,4,19,0,23,0,14,49,0,63,20,0,20,83
11/07/2009,BPT,TX,ASW,CE,Towers with Radar,0,5,15,0,20,0,2,13,0,15,0,7,28,0,35,14,0,14,49
11/08/2009,BPT,TX,ASW,CE,Towers with Radar,0,8,23,0,31,0,2,5,2,9,0,10,28,2,40,38,0,38,78
11/09/2009,BPT,TX,ASW,CE,Towers with Radar,0,8,22,1,31,0,4,11,1,16,0,12,33,2,47,16,0,16,63
11/10/2009,BPT,TX,ASW,CE,Towers with Radar,0,9,39,4,52,0,5,29,16,50,0,14,68,20,102,32,0,32,134
11/11/2009,BPT,TX,ASW,CE,Towers with Radar,0,10,27,0,37,0,4,28,0,32,0,14,55,0,69,18,0,18,87
11/12/2009,BPT,TX,ASW,CE,Towers with Radar,0,10,39,11,60,0,7,36,4,47,0,17,75,15,107,0,0,0,107
11/13/2009,BPT,TX,ASW,CE,Towers with Radar,0,12,37,0,49,0,0,36,0,36,0,12,73,0,85,0,0,0,85
11/14/2009,BPT,TX,ASW,CE,Towers with Radar,0,4,12,0,16,0,4,25,2,31,0,8,37,2,47,20,0,20,67
11/15/2009,BPT,TX,ASW,CE,Towers with Radar,0,10,25,0,35,0,4,16,2,22,0,14,41,2,57,28,0,28,85
11/16/2009,BPT,TX,ASW,CE,Towers with Radar,0,10,24,0,34,0,2,10,0,12,0,12,34,0,46,22,0,22,68
11/17/2009,BPT,TX,ASW,CE,Towers with Radar,0,10,50,0,60,0,1,14,0,15,0,11,64,0,75,22,0,22,97
11/18/2009,BPT,TX,ASW,CE,Towers with Radar,0,8,54,2,64,0,4,26,0,30,0,12,80,2,94,60,0,60,154
11/19/2009,BPT,TX,ASW,CE,Towers with Radar,0,11,22,0,33,0,6,7,1,14,0,17,29,1,47,4,0,4,51
11/20/2009,BPT,TX,ASW,CE,Towers with Radar,0,9,14,2,25,0,0,0,0,0,0,9,14,2,25,0,0,0,25
11/21/2009,BPT,TX,ASW,CE,Towers with Radar,0,6,11,0,17,0,0,2,0,2,0,6,13,0,19,0,0,0,19
11/22/2009,BPT,TX,ASW,CE,Towers with Radar,0,8,10,0,18,0,2,25,0,27,0,10,35,0,45,60,0,60,105
11/23/2009,BPT,TX,ASW,CE,Towers with Radar,0,11,18,10,39,0,4,13,2,19,0,15,31,12,58,18,6,24,82
11/24/2009,BPT,TX,ASW,CE,Towers with Radar,0,9,28,0,37,0,6,7,7,20,0,15,35,7,57,30,0,30,87
11/25/2009,BPT,TX,ASW,CE,Towers with Radar,0,9,40,0,49,0,14,21,0,35,0,23,61,0,84,12,0,12,96
11/26/2009,BPT,TX,ASW,CE,Towers with Radar,0,4,3,0,7,0,2,7,0,9,0,6,10,0,16,0,0,0,16
11/27/2009,BPT,TX,ASW,CE,Towers with Radar,0,5,16,0,21,0,4,10,0,14,0,9,26,0,35,12,0,12,47
11/28/2009,BPT,TX,ASW,CE,Towers with Radar,0,9,17,0,26,0,2,14,0,16,0,11,31,0,42,16,0,16,58
11/29/2009,BPT,TX,ASW,CE,Towers with Radar,0,9,29,0,38,0,2,16,1,19,0,11,45,1,57,28,0,28,85
11/30/2009,BPT,TX,ASW,CE,Towers with Radar,0,11,40,6,57,0,0,0,1,1,0,11,40,7,58,12,0,12,70
12/01/2009,BPT,TX,ASW,CE,Towers with Radar,0,9,34,0,43,0,0,1,0,1,0,9,35,0,44,0,0,0,44
12/02/2009,BPT,TX,ASW,CE,Towers with Radar,0,11,43,0,54,0,6,7,1,14,0,17,50,1,68,4,0,4,72
12/03/2009,BPT,TX,ASW,CE,Towers with Radar,0,14,29,0,43,0,13,22,3,38,0,27,51,3,81,0,0,0,81
12/04/2009,BPT,TX,ASW,CE,Towers with Radar,0,7,7,0,14,0,0,0,0,0,0,7,7,0,14,0,0,0,14
12/05/2009,BPT,TX,ASW,CE,Towers with Radar,0,6,5,0,11,0,2,26,0,28,0,8,31,0,39,62,0,62,101
12/06/2009,BPT,TX,ASW,CE,Towers with Radar,0,10,7,0,17,0,2,9,0,11,0,12,16,0,28,50,0,50,78
12/07/2009,BPT,TX,ASW,CE,Towers with Radar,0,7,17,0,24,0,0,0,0,0,0,7,17,0,24,0,0,0,24
12/08/2009,BPT,TX,ASW,CE,Towers with Radar,0,7,12,2,21,0,0,0,0,0,0,7,12,2,21,0,0,0,21
12/09/2009,BPT,TX,ASW,CE,Towers with Radar,0,14,16,1,31,0,10,19,4,33,0,24,35,5,64,0,0,0,64
12/10/2009,BPT,TX,ASW,CE,Towers with Radar,0,16,54,8,78,0,15,15,0,30,0,31,69,8,108,14,16,30,138
12/11/2009,BPT,TX,ASW,CE,Towers with Radar,0,13,34,0,47,0,7,8,2,17,0,20,42,2,64,0,0,0,64
12/12/2009,BPT,TX,ASW,CE,Towers with Radar,0,6,7,0,13,0,0,0,0,0,0,6,7,0,13,0,0,0,13
12/13/2009,BPT,TX,ASW,CE,Towers with Radar,0,4,13,3,20,0,0,0,0,0,0,4,13,3,20,0,0,0,20
12/14/2009,BPT,TX,ASW,CE,Towers with Radar,0,5,7,0,12,0,0,0,0,0,0,5,7,0,12,0,0,0,12
12/15/2009,BPT,TX,ASW,CE,Towers with Radar,0,8,35,0,43,0,0,1,0,1,0,8,36,0,44,0,0,0,44
12/16/2009,BPT,TX,ASW,CE,Towers with Radar,0,10,49,0,59,0,4,37,4,45,0,14,86,4,104,20,0,20,124
12/17/2009,BPT,TX,ASW,CE,Towers with Radar,0,11,17,1,29,0,2,3,0,5,0,13,20,1,34,20,0,20,54
12/18/2009,BPT,TX,ASW,CE,Towers with Radar,0,13,51,0,64,0,8,37,2,47,0,21,88,2,111,0,0,0,111
12/19/2009,BPT,TX,ASW,CE,Towers with Radar,0,5,15,0,20,0,7,30,0,37,0,12,45,0,57,16,0,16,73
12/20/2009,BPT,TX,ASW,CE,Towers with Radar,0,5,28,0,33,0,2,25,0,27,0,7,53,0,60,10,0,10,70
12/21/2009,BPT,TX,ASW,CE,Towers with Radar,0,9,25,0,34,0,4,39,2,45,0,13,64,2,79,22,0,22,101
12/22/2009,BPT,TX,ASW,CE,Towers with Radar,0,12,42,3,57,0,6,13,1,20,0,18,55,4,77,16,0,16,93
12/23/2009,BPT,TX,ASW,CE,Towers with Radar,0,11,38,0,49,0,4,13,0,17,0,15,51,0,66,24,2,26,92
12/24/2009,BPT,TX,ASW,CE,Towers with Radar,0,6,3,0,9,0,2,4,0,6,0,8,7,0,15,0,0,0,15
12/25/2009,BPT,TX,ASW,CE,Towers with Radar,0,5,0,0,5,0,3,6,0,9,0,8,6,0,14,0,0,0,14
12/26/2009,BPT,TX,ASW,CE,Towers with Radar,0,8,14,0,22,0,2,17,0,19,0,10,31,0,41,20,0,20,61
12/27/2009,BPT,TX,ASW,CE,Towers with Radar,0,7,5,0,12,0,2,19,0,21,0,9,24,0,33,30,0,30,63
12/28/2009,BPT,TX,ASW,CE,Towers with Radar,0,13,20,0,33,0,5,23,1,29,0,18,43,1,62,16,0,16,78
12/29/2009,BPT,TX,ASW,CE,Towers with Radar,0,9,55,0,64,0,2,12,0,14,0,11,67,0,78,48,0,48,126
12/30/2009,BPT,TX,ASW,CE,Towers with Radar,0,11,8,0,19,0,2,0,0,2,0,13,8,0,21,0,0,0,21
12/31/2009,BPT,TX,ASW,CE,Towers with Radar,0,5,15,0,20,0,4,0,0,4,0,9,15,0,24,0,0,0,24
01/01/2010,BPT,TX,ASW,CE,Towers with Radar,0,5,8,0,13,0,4,15,0,19,0,9,23,0,32,0,0,0,32
01/02/2010,BPT,TX,ASW,CE,Towers with Radar,0,5,13,0,18,0,2,32,0,34,0,7,45,0,52,6,0,6,58
01/03/2010,BPT,TX,ASW,CE,Towers with Radar,0,10,18,0,28,0,2,17,0,19,0,12,35,0,47,10,0,10,57
01/04/2010,BPT,TX,ASW,CE,Towers with Radar,0,10,9,0,19,0,7,19,1,27,0,17,28,1,46,40,0,40,86
01/05/2010,BPT,TX,ASW,CE,Towers with Radar,0,12,12,0,24,0,1,19,0,20,0,13,31,0,44,30,0,30,74
01/06/2010,BPT,TX,ASW,CE,Towers with Radar,0,9,35,0,44,0,6,5,0,11,0,15,40,0,55,32,0,32,87
01/07/2010,BPT,TX,ASW,CE,Towers with Radar,2,8,16,5,31,0,0,1,0,1,2,8,17,5,32,0,0,0,32
01/08/2010,BPT,TX,ASW,CE,Towers with Radar,0,9,33,0,42,0,0,15,3,18,0,9,48,3,60,64,2,66,126
01/09/2010,BPT,TX,ASW,CE,Towers with Radar,0,7,11,0,18,0,2,20,0,22,0,9,31,0,40,14,0,14,54
01/10/2010,BPT,TX,ASW,CE,Towers with Radar,2,9,13,7,31,0,6,27,2,35,2,15,40,9,66,38,0,38,104
01/11/2010,BPT,TX,ASW,CE,Towers with Radar,0,10,13,0,23,0,6,29,0,35,0,16,42,0,58,70,0,70,128
01/12/2010,BPT,TX,ASW,CE,Towers with Radar,0,10,56,0,66,0,2,13,0,15,0,12,69,0,81,40,0,40,121
01/13/2010,BPT,TX,ASW,CE,Towers with Radar,0,11,28,0,39,0,8,15,0,23,0,19,43,0,62,56,0,56,118
01/14/2010,BPT,TX,ASW,CE,Towers with Radar,0,11,43,0,54,0,6,2,0,8,0,17,45,0,62,0,0,0,62
01/15/2010,BPT,TX,ASW,CE,Towers with Radar,0,11,37,0,48,0,0,0,0,0,0,11,37,0,48,0,0,0,48
01/16/2010,BPT,TX,ASW,CE,Towers with Radar,0,15,8,0,23,0,0,1,0,1,0,15,9,0,24,6,0,6,30
01/17/2010,BPT,TX,ASW,CE,Towers with Radar,0,10,20,0,30,0,4,35,2,41,0,14,55,2,71,40,0,40,111
01/18/2010,BPT,TX,ASW,CE,Towers with Radar,0,14,19,0,33,0,2,31,0,33,0,16,50,0,66,36,0,36,102
01/19/2010,BPT,TX,ASW,CE,Towers with Radar,0,11,25,3,39,0,4,9,0,13,0,15,34,3,52,0,0,0,52
01/20/2010,BPT,TX,ASW,CE,Towers with Radar,0,10,25,4,39,0,0,2,0,2,0,10,27,4,41,0,0,0,41
01/21/2010,BPT,TX,ASW,CE,Towers with Radar,0,15,49,0,64,0,3,26,0,29,0,18,75,0,93,0,0,0,93
01/22/2010,BPT,TX,ASW,CE,Towers with Radar,0,11,40,3,54,0,5,37,1,43,0,16,77,4,97,7,0,7,104
01/23/2010,BPT,TX,ASW,CE,Towers with Radar,0,7,13,13,33,0,2,25,3,30,0,9,38,16,63,6,3,9,72
01/24/2010,BPT,TX,ASW,CE,Towers with Radar,0,11,18,0,29,0,6,57,3,66,0,17,75,3,95,32,0,32,127
01/25/2010,BPT,TX,ASW,CE,Towers with Radar,0,10,10,0,20,0,17,57,2,76,0,27,67,2,96,52,0,52,148
01/26/2010,BPT,TX,ASW,CE,Towers with Radar,0,11,30,0,41,0,21,36,2,59,0,32,66,2,100,0,0,0,100
01/27/2010,BPT,TX,ASW,CE,Towers with Radar,0,10,34,0,44,0,23,36,0,59,0,33,70,0,103,40,0,40,143
01/28/2010,BPT,TX,ASW,CE,Towers with Radar,0,13,45,7,65,0,19,6,0,25,0,32,51,7,90,0,0,0,90
01/29/2010,BPT,TX,ASW,CE,Towers with Radar,0,8,27,2,37,0,7,4,0,11,0,15,31,2,48,16,0,16,64
01/30/2010,BPT,TX,ASW,CE,Towers with Radar,0,5,7,0,12,0,11,15,0,26,0,16,22,0,38,0,0,0,38
01/31/2010,BPT,TX,ASW,CE,Towers with Radar,0,8,14,0,22,0,11,37,3,51,0,19,51,3,73,40,0,40,113
02/01/2010,BPT,TX,ASW,CE,Towers with Radar,0,12,14,2,28,0,7,3,0,10,0,19,17,2,38,0,0,0,38
02/02/2010,BPT,TX,ASW,CE,Towers with Radar,0,11,45,1,57,0,10,19,0,29,0,21,64,1,86,14,0,14,100
02/03/2010,BPT,TX,ASW,CE,Towers with Radar,0,13,33,0,46,0,8,10,0,18,0,21,43,0,64,0,0,0,64
02/04/2010,BPT,TX,ASW,CE,Towers with Radar,0,9,10,0,19,0,0,0,0,0,0,9,10,0,19,0,0,0,19
02/05/2010,BPT,TX,ASW,CE,Towers with Radar,0,10,35,3,48,0,8,6,1,15,0,18,41,4,63,1,0,1,64
02/06/2010,BPT,TX,ASW,CE,Towers with Radar,1,6,19,4,30,0,9,35,2,46,1,15,54,6,76,30,0,30,106
02/07/2010,BPT,TX,ASW,CE,Towers with Radar,0,7,11,0,18,0,6,21,0,27,0,13,32,0,45,36,0,36,81
02/08/2010,BPT,TX,ASW,CE,Towers with Radar,2,9,24,2,37,0,13,20,3,36,2,22,44,5,73,0,0,0,73
02/09/2010,BPT,TX,ASW,CE,Towers with Radar,0,11,31,2,44,0,2,27,0,29,0,13,58,2,73,24,0,24,97
02/10/2010,BPT,TX,ASW,CE,Towers with Radar,0,9,25,0,34,0,12,15,0,27,0,21,40,0,61,14,0,14,75
02/11/2010,BPT,TX,ASW,CE,Towers with Radar,0,13,21,0,34,0,0,2,0,2,0,13,23,0,36,0,0,0,36
02/12/2010,BPT,TX,ASW,CE,Towers with Radar,0,11,25,2,38,0,2,13,0,15,0,13,38,2,53,38,0,38,91
02/13/2010,BPT,TX,ASW,CE,Towers with Radar,0,7,21,0,28,0,1,4,0,5,0,8,25,0,33,24,0,24,57
02/14/2010,BPT,TX,ASW,CE,Towers with Radar,0,11,9,1,21,0,5,11,1,17,0,16,20,2,38,32,0,32,70
02/15/2010,BPT,TX,ASW,CE,Towers with Radar,0,9,41,9,59,0,5,20,0,25,0,14,61,9,84,26,0,26,110
02/16/2010,BPT,TX,ASW,CE,Towers with Radar,0,12,24,0,36,0,5,23,2,30,0,17,47,2,66,0,0,0,66
02/17/2010,BPT,TX,ASW,CE,Towers with Radar,0,10,28,0,38,0,6,24,2,32,0,16,52,2,70,10,0,10,80
02/18/2010,BPT,TX,ASW,CE,Towers with Radar,0,10,32,0,42,0,4,36,1,41,0,14,68,1,83,0,0,0,83
02/19/2010,BPT,TX,ASW,CE,Towers with Radar,0,9,51,0,60,0,2,12,0,14,0,11,63,0,74,10,0,10,84
02/20/2010,BPT,TX,ASW,CE,Towers with Radar,0,5,13,0,18,0,5,23,0,28,0,10,36,0,46,10,0,10,56
02/21/2010,BPT,TX,ASW,CE,Towers with Radar,0,10,28,0,38,0,0,1,2,3,0,10,29,2,41,16,0,16,57
02/22/2010,BPT,TX,ASW,CE,Towers with Radar,0,9,21,2,32,0,4,9,0,13,0,13,30,2,45,0,0,0,45
02/23/2010,BPT,TX,ASW,CE,Towers with Radar,0,7,42,2,51,0,2,8,0,10,0,9,50,2,61,16,0,16,77
02/24/2010,BPT,TX,ASW,CE,Towers with Radar,0,12,29,3,44,0,4,12,3,19,0,16,41,6,63,0,0,0,63
02/25/2010,BPT,TX,ASW,CE,Towers with Radar,0,13,27,7,47,0,2,37,3,42,0,15,64,10,89,0,0,0,89
02/26/2010,BPT,TX,ASW,CE,Towers with Radar,0,9,24,5,38,0,4,6,2,12,0,13,30,7,50,0,0,0,50
02/27/2010,BPT,TX,ASW,CE,Towers with Radar,0,7,12,3,22,0,9,30,0,39,0,16,42,3,61,10,0,10,71
02/28/2010,BPT,TX,ASW,CE,Towers with Radar,0,8,19,0,27,0,2,27,0,29,0,10,46,0,56,40,0,40,96
03/01/2010,BPT,TX,ASW,CE,Towers with Radar,0,8,24,1,33,0,0,0,0,0,0,8,24,1,33,0,0,0,33
03/02/2010,BPT,TX,ASW,CE,Towers with Radar,0,13,34,2,49,0,2,11,0,13,0,15,45,2,62,24,0,24,86
03/03/2010,BPT,TX,ASW,CE,Towers with Radar,0,10,24,3,37,0,4,20,10,34,0,14,44,13,71,0,0,0,71
03/04/2010,BPT,TX,ASW,CE,Towers with Radar,0,9,31,6,46,0,2,23,16,41,0,11,54,22,87,0,22,22,109
03/05/2010,BPT,TX,ASW,CE,Towers with Radar,0,12,13,9,34,0,2,25,9,36,0,14,38,18,70,0,0,0,70
03/06/2010,BPT,TX,ASW,CE,Towers with Radar,2,6,18,3,29,0,2,23,3,28,2,8,41,6,57,8,0,8,65
03/07/2010,BPT,TX,ASW,CE,Towers with Radar,0,8,27,5,40,0,4,17,10,31,0,12,44,15,71,22,0,22,93
03/08/2010,BPT,TX,ASW,CE,Towers with Radar,2,9,14,0,25,0,2,1,1,4,2,11,15,1,29,0,26,26,55
03/09/2010,BPT,TX,ASW,CE,Towers with Radar,0,11,47,3,61,0,0,2,3,5,0,11,49,6,66,0,0,0,66
03/10/2010,BPT,TX,ASW,CE,Towers with Radar,0,7,22,0,29,0,0,2,1,3,0,7,24,1,32,6,0,6,38
03/11/2010,BPT,TX,ASW,CE,Towers with Radar,0,7,27,0,34,0,0,15,0,15,0,7,42,0,49,0,0,0,49
03/12/2010,BPT,TX,ASW,CE,Towers with Radar,0,9,23,2,34,0,8,24,0,32,0,17,47,2,66,10,0,10,76
03/13/2010,BPT,TX,ASW,CE,Towers with Radar,0,4,8,0,12,0,4,23,0,27,0,8,31,0,39,6,0,6,45
03/14/2010,BPT,TX,ASW,CE,Towers with Radar,0,9,29,0,38,0,4,21,1,26,0,13,50,1,64,38,0,38,102
03/15/2010,BPT,TX,ASW,CE,Towers with Radar,0,11,30,0,41,0,2,26,0,28,0,13,56,0,69,20,0,20,89
03/16/2010,BPT,TX,ASW,CE,Towers with Radar,0,9,38,1,48,0,4,3,0,7,0,13,41,1,55,0,0,0,55
03/17/2010,BPT,TX,ASW,CE,Towers with Radar,0,8,27,4,39,0,10,21,0,31,0,18,48,4,70,24,0,24,94
03/18/2010,BPT,TX,ASW,CE,Towers with Radar,0,11,24,0,35,0,8,27,0,35,0,19,51,0,70,0,0,0,70
03/19/2010,BPT,TX,ASW,CE,Towers with Radar,0,11,22,0,33,0,11,21,4,36,0,22,43,4,69,12,0,12,81
03/20/2010,BPT,TX,ASW,CE,Towers with Radar,0,5,12,0,17,0,4,0,0,4,0,9,12,0,21,0,0,0,21
03/21/2010,BPT,TX,ASW,CE,Towers with Radar,0,7,22,0,29,0,0,10,2,12,0,7,32,2,41,30,0,30,71
03/22/2010,BPT,TX,ASW,CE,Towers with Radar,0,9,34,0,43,0,2,16,0,18,0,11,50,0,61,14,0,14,75
03/23/2010,BPT,TX,ASW,CE,Towers with Radar,0,8,42,0,50,0,2,14,2,18,0,10,56,2,68,8,0,8,76
03/24/2010,BPT,TX,ASW,CE,Towers with Radar,0,5,25,0,30,0,4,10,2,16,0,9,35,2,46,38,0,38,84
03/25/2010,BPT,TX,ASW,CE,Towers with Radar,0,9,41,0,50,0,2,18,0,20,0,11,59,0,70,0,0,0,70
03/26/2010,BPT,TX,ASW,CE,Towers with Radar,0,12,26,0,38,0,5,25,2,32,0,17,51,2,70,0,0,0,70
03/27/2010,BPT,TX,ASW,CE,Towers with Radar,0,6,20,0,26,0,4,7,0,11,0,10,27,0,37,32,0,32,69
03/28/2010,BPT,TX,ASW,CE,Towers with Radar,0,9,32,0,41,0,2,29,0,31,0,11,61,0,72,54,0,54,126
03/29/2010,BPT,TX,ASW,CE,Towers with Radar,0,9,29,0,38,0,2,18,0,20,0,11,47,0,58,44,0,44,102
03/30/2010,BPT,TX,ASW,CE,Towers with Radar,0,11,40,0,51,0,2,28,4,34,0,13,68,4,85,0,0,0,85
03/31/2010,BPT,TX,ASW,CE,Towers with Radar,0,10,44,0,54,0,4,23,0,27,0,14,67,0,81,8,0,8,89
04/01/2010,BPT,TX,ASW,CE,Towers with Radar,0,11,39,1,51,0,8,18,0,26,0,19,57,1,77,14,0,14,91
04/02/2010,BPT,TX,ASW,CE,Towers with Radar,0,10,17,1,28,0,4,6,0,10,0,14,23,1,38,0,0,0,38
04/03/2010,BPT,TX,ASW,CE,Towers with Radar,0,5,4,4,13,0,0,25,0,25,0,5,29,4,38,12,0,12,50
04/04/2010,BPT,TX,ASW,CE,Towers with Radar,2,5,13,0,20,0,0,3,0,3,2,5,16,0,23,0,0,0,23
04/05/2010,BPT,TX,ASW,CE,Towers with Radar,0,9,45,0,54,0,3,15,0,18,0,12,60,0,72,12,0,12,84
04/06/2010,BPT,TX,ASW,CE,Towers with Radar,0,8,21,2,31,0,8,2,0,10,0,16,23,2,41,14,0,14,55
04/07/2010,BPT,TX,ASW,CE,Towers with Radar,0,12,26,0,38,0,4,9,1,14,0,16,35,1,52,20,0,20,72
04/08/2010,BPT,TX,ASW,CE,Towers with Radar,2,11,28,10,51,0,4,24,0,28,2,15,52,10,79,0,0,0,79
04/09/2010,BPT,TX,ASW,CE,Towers with Radar,0,16,12,0,28,0,5,25,0,30,0,21,37,0,58,4,0,4,62
04/10/2010,BPT,TX,ASW,CE,Towers with Radar,0,14,14,0,28,0,4,14,0,18,0,18,28,0,46,18,0,18,64
04/11/2010,BPT,TX,ASW,CE,Towers with Radar,0,7,18,0,25,0,4,19,4,27,0,11,37,4,52,24,0,24,76
04/12/2010,BPT,TX,ASW,CE,Towers with Radar,0,9,13,0,22,0,6,21,0,27,0,15,34,0,49,18,0,18,67
04/13/2010,BPT,TX,ASW,CE,Towers with Radar,0,11,16,0,27,0,5,24,0,29,0,16,40,0,56,10,0,10,66
04/14/2010,BPT,TX,ASW,CE,Towers with Radar,0,7,11,2,20,0,8,14,0,22,0,15,25,2,42,10,0,10,52
04/15/2010,BPT,TX,ASW,CE,Towers with Radar,0,13,23,2,38,0,2,18,0,20,0,15,41,2,58,0,0,0,58
04/16/2010,BPT,TX,ASW,CE,Towers with Radar,0,11,30,1,42,0,3,23,0,26,0,14,53,1,68,0,0,0,68
04/17/2010,BPT,TX,ASW,CE,Towers with Radar,0,6,21,0,27,0,1,21,0,22,0,7,42,0,49,20,0,20,69
04/18/2010,BPT,TX,ASW,CE,Towers with Radar,0,5,21,0,26,0,3,2,0,5,0,8,23,0,31,26,0,26,57
04/19/2010,BPT,TX,ASW,CE,Towers with Radar,0,9,26,2,37,0,8,15,1,24,0,17,41,3,61,46,0,46,107
04/20/2010,BPT,TX,ASW,CE,Towers with Radar,0,10,13,6,29,0,5,12,5,22,0,15,25,11,51,14,0,14,65
04/21/2010,BPT,TX,ASW,CE,Towers with Radar,0,11,18,2,31,0,11,40,0,51,0,22,58,2,82,40,0,40,122
04/22/2010,BPT,TX,ASW,CE,Towers with Radar,0,14,43,0,57,0,8,23,2,33,0,22,66,2,90,36,0,36,126
04/23/2010,BPT,TX,ASW,CE,Towers with Radar,0,9,25,0,34,0,2,2,0,4,0,11,27,0,38,0,0,0,38
04/24/2010,BPT,TX,ASW,CE,Towers with Radar,0,7,6,0,13,0,2,25,0,27,0,9,31,0,40,26,0,26,66
04/25/2010,BPT,TX,ASW,CE,Towers with Radar,0,7,24,0,31,0,2,21,0,23,0,9,45,0,54,24,0,24,78
04/26/2010,BPT,TX,ASW,CE,Towers with Radar,0,14,15,0,29,0,0,30,0,30,0,14,45,0,59,32,0,32,91
04/27/2010,BPT,TX,ASW,CE,Towers with Radar,0,10,61,2,73,0,6,33,1,40,0,16,94,3,113,14,0,14,127
04/28/2010,BPT,TX,ASW,CE,Towers with Radar,0,7,29,2,38,0,5,33,1,39,0,12,62,3,77,8,0,8,85
04/29/2010,BPT,TX,ASW,CE,Towers with Radar,0,11,29,7,47,0,6,14,6,26,0,17,43,13,73,0,0,0,73
04/30/2010,BPT,TX,ASW,CE,Towers with Radar,0,11,14,0,25,0,1,0,0,1,0,12,14,0,26,0,0,0,26
05/01/2010,BPT,TX,ASW,CE,Towers with Radar,0,7,12,0,19,0,3,1,0,4,0,10,13,0,23,24,0,24,47
05/02/2010,BPT,TX,ASW,CE,Towers with Radar,0,9,20,0,29,0,2,24,0,26,0,11,44,0,55,22,0,22,77
05/03/2010,BPT,TX,ASW,CE,Towers with Radar,0,9,10,0,19,0,4,29,0,33,0,13,39,0,52,24,0,24,76
05/04/2010,BPT,TX,ASW,CE,Towers with Radar,0,13,33,1,47,0,3,28,1,32,0,16,61,2,79,8,0,8,87
05/05/2010,BPT,TX,ASW,CE,Towers with Radar,0,7,36,0,43,0,6,41,2,49,0,13,77,2,92,12,0,12,104
05/06/2010,BPT,TX,ASW,CE,Towers with Radar,0,13,31,0,44,0,4,20,0,24,0,17,51,0,68,46,0,46,114
05/07/2010,BPT,TX,ASW,CE,Towers with Radar,0,15,25,0,40,0,8,11,0,19,0,23,36,0,59,26,0,26,85
05/08/2010,BPT,TX,ASW,CE,Towers with Radar,0,9,13,3,25,0,3,12,0,15,0,12,25,3,40,16,0,16,56
05/09/2010,BPT,TX,ASW,CE,Towers with Radar,0,6,10,0,16,0,2,9,2,13,0,8,19,2,29,32,0,32,61
05/10/2010,BPT,TX,ASW,CE,Towers with Radar,0,10,31,1,42,0,8,14,1,23,0,18,45,2,65,0,0,0,65
05/11/2010,BPT,TX,ASW,CE,Towers with Radar,0,12,24,1,37,0,4,17,0,21,0,16,41,1,58,18,0,18,76
05/12/2010,BPT,TX,ASW,CE,Towers with Radar,0,9,13,4,26,0,8,6,2,16,0,17,19,6,42,0,0,0,42
05/13/2010,BPT,TX,ASW,CE,Towers with Radar,0,9,22,0,31,0,4,6,5,15,0,13,28,5,46,0,0,0,46
05/14/2010,BPT,TX,ASW,CE,Towers with Radar,2,12,36,1,51,0,8,10,3,21,2,20,46,4,72,0,0,0,72
05/15/2010,BPT,TX,ASW,CE,Towers with Radar,0,7,10,0,17,0,4,10,1,15,0,11,20,1,32,18,0,18,50
05/16/2010,BPT,TX,ASW,CE,Towers with Radar,0,7,20,0,27,0,4,14,0,18,0,11,34,0,45,48,0,48,93
05/17/2010,BPT,TX,ASW,CE,Towers with Radar,0,7,27,0,34,0,4,13,6,23,0,11,40,6,57,50,0,50,107
05/18/2010,BPT,TX,ASW,CE,Towers with Radar,0,9,33,0,42,0,4,16,5,25,0,13,49,5,67,44,0,44,111
05/19/2010,BPT,TX,ASW,CE,Towers with Radar,0,6,22,0,28,0,6,18,2,26,0,12,40,2,54,0,0,0,54
05/20/2010,BPT,TX,ASW,CE,Towers with Radar,0,12,33,0,45,0,2,32,3,37,0,14,65,3,82,16,0,16,98
05/21/2010,BPT,TX,ASW,CE,Towers with Radar,0,11,18,0,29,1,2,30,11,44,1,13,48,11,73,7,0,7,80
05/22/2010,BPT,TX,ASW,CE,Towers with Radar,0,6,10,0,16,0,4,15,5,24,0,10,25,5,40,0,0,0,40
05/23/2010,BPT,TX,ASW,CE,Towers with Radar,0,11,21,7,39,0,2,22,5,29,0,13,43,12,68,6,4,10,78
05/24/2010,BPT,TX,ASW,CE,Towers with Radar,0,9,22,0,31,0,2,27,6,35,0,11,49,6,66,34,0,34,100
05/25/2010,BPT,TX,ASW,CE,Towers with Radar,0,12,51,0,63,0,2,22,0,24,0,14,73,0,87,0,0,0,87
05/26/2010,BPT,TX,ASW,CE,Towers with Radar,0,11,29,2,42,0,6,20,0,26,0,17,49,2,68,24,0,24,92
05/27/2010,BPT,TX,ASW,CE,Towers with Radar,0,14,35,0,49,0,8,25,1,34,0,22,60,1,83,54,0,54,137
05/28/2010,BPT,TX,ASW,CE,Towers with Radar,0,12,36,3,51,0,6,29,0,35,0,18,65,3,86,4,0,4,90
05/29/2010,BPT,TX,ASW,CE,Towers with Radar,0,9,8,0,17,0,7,37,1,45,0,16,45,1,62,10,0,10,72
05/30/2010,BPT,TX,ASW,CE,Towers with Radar,0,15,9,0,24,0,10,16,0,26,0,25,25,0,50,70,0,70,120
05/31/2010,BPT,TX,ASW,CE,Towers with Radar,0,10,13,0,23,0,9,21,0,30,0,19,34,0,53,60,0,60,113
06/01/2010,BPT,TX,ASW,CE,Towers with Radar,0,12,30,2,44,0,2,25,0,27,0,14,55,2,71,40,0,40,111
06/02/2010,BPT,TX,ASW,CE,Towers with Radar,0,10,52,0,62,0,8,16,0,24,0,18,68,0,86,34,0,34,120
06/03/2010,BPT,TX,ASW,CE,Towers with Radar,0,13,50,0,63,0,4,7,0,11,0,17,57,0,74,0,0,0,74
06/04/2010,BPT,TX,ASW,CE,Towers with Radar,0,10,32,0,42,0,4,5,0,9,0,14,37,0,51,0,0,0,51
06/05/2010,BPT,TX,ASW,CE,Towers with Radar,0,4,14,0,18,0,2,10,0,12,0,6,24,0,30,16,0,16,46
06/06/2010,BPT,TX,ASW,CE,Towers with Radar,2,10,8,0,20,0,2,10,0,12,2,12,18,0,32,0,0,0,32
06/07/2010,BPT,TX,ASW,CE,Towers with Radar,0,10,15,0,25,0,2,10,3,15,0,12,25,3,40,34,0,34,74
06/08/2010,BPT,TX,ASW,CE,Towers with Radar,0,10,34,0,44,0,7,17,0,24,0,17,51,0,68,28,0,28,96
06/09/2010,BPT,TX,ASW,CE,Towers with Radar,0,10,21,0,31,0,6,15,0,21,0,16,36,0,52,46,0,46,98
06/10/2010,BPT,TX,ASW,CE,Towers with Radar,2,12,33,0,47,0,9,10,3,22,2,21,43,3,69,0,0,0,69
06/11/2010,BPT,TX,ASW,CE,Towers with Radar,1,9,32,0,42,0,4,25,2,31,1,13,57,2,73,16,0,16,89
06/12/2010,BPT,TX,ASW,CE,Towers with Radar,0,12,21,0,33,0,4,13,0,17,0,16,34,0,50,14,0,14,64
06/13/2010,BPT,TX,ASW,CE,Towers with Radar,0,10,16,2,28,0,2,17,0,19,0,12,33,2,47,9,0,9,56
06/14/2010,BPT,TX,ASW,CE,Towers with Radar,0,8,6,2,16,0,4,24,2,30,0,12,30,4,46,26,0,26,72
06/15/2010,BPT,TX,ASW,CE,Towers with Radar,0,9,44,0,53,0,2,35,0,37,0,11,79,0,90,64,0,64,154
06/16/2010,BPT,TX,ASW,CE,Towers with Radar,0,7,24,0,31,0,4,27,5,36,0,11,51,5,67,0,0,0,67
06/17/2010,BPT,TX,ASW,CE,Towers with Radar,0,10,36,0,46,0,4,29,0,33,0,14,65,0,79,12,0,12,91
06/18/2010,BPT,TX,ASW,CE,Towers with Radar,0,11,26,0,37,0,5,27,0,32,0,16,53,0,69,12,0,12,81
06/19/2010,BPT,TX,ASW,CE,Towers with Radar,0,6,17,0,23,0,7,29,0,36,0,13,46,0,59,0,0,0,59
06/20/2010,BPT,TX,ASW,CE,Towers with Radar,0,8,13,0,21,0,2,21,0,23,0,10,34,0,44,28,0,28,72
06/21/2010,BPT,TX,ASW,CE,Towers with Radar,0,9,16,2,27,0,2,17,0,19,0,11,33,2,46,0,0,0,46
06/22/2010,BPT,TX,ASW,CE,Towers with Radar,0,11,32,0,43,0,10,36,1,47,0,21,68,1,90,24,0,24,114
06/23/2010,BPT,TX,ASW,CE,Towers with Radar,0,10,15,0,25,0,10,12,0,22,0,20,27,0,47,0,0,0,47
06/24/2010,BPT,TX,ASW,CE,Towers with Radar,0,15,27,0,42,0,4,6,0,10,0,19,33,0,52,34,0,34,86
06/25/2010,BPT,TX,ASW,CE,Towers with Radar,0,11,15,0,26,0,10,37,0,47,0,21,52,0,73,18,0,18,91
06/26/2010,BPT,TX,ASW,CE,Towers with Radar,0,4,20,0,24,0,2,63,3,68,0,6,83,3,92,30,0,30,122
06/27/2010,BPT,TX,ASW,CE,Towers with Radar,0,6,13,0,19,0,2,32,0,34,0,8,45,0,53,10,0,10,63
06/28/2010,BPT,TX,ASW,CE,Towers with Radar,0,8,23,0,31,0,2,18,0,20,0,10,41,0,51,10,0,10,61
06/29/2010,BPT,TX,ASW,CE,Towers with Radar,0,9,49,0,58,0,1,11,0,12,0,10,60,0,70,16,0,16,86
06/30/2010,BPT,TX,ASW,CE,Towers with Radar,0,9,25,0,34,0,2,4,0,6,0,11,29,0,40,0,0,0,40
07/01/2010,BPT,TX,ASW,CE,Towers with Radar,0,12,29,0,41,0,2,5,0,7,0,14,34,0,48,0,0,0,48
07/02/2010,BPT,TX,ASW,CE,Towers with Radar,0,10,31,0,41,0,6,7,0,13,0,16,38,0,54,0,0,0,54
07/03/2010,BPT,TX,ASW,CE,Towers with Radar,0,6,2,0,8,0,2,23,0,25,0,8,25,0,33,1,0,1,34
07/04/2010,BPT,TX,ASW,CE,Towers with Radar,0,6,5,0,11,0,2,12,0,14,0,8,17,0,25,12,0,12,37
07/05/2010,BPT,TX,ASW,CE,Towers with Radar,0,12,24,0,36,0,5,33,0,38,0,17,57,0,74,56,0,56,130
07/06/2010,BPT,TX,ASW,CE,Towers with Radar,0,8,39,0,47,0,4,19,2,25,0,12,58,2,72,22,0,22,94
07/07/2010,BPT,TX,ASW,CE,Towers with Radar,0,6,8,0,14,0,2,0,0,2,0,8,8,0,16,0,0,0,16
07/08/2010,BPT,TX,ASW,CE,Towers with Radar,0,10,15,0,25,0,3,13,1,17,0,13,28,1,42,0,0,0,42
07/09/2010,BPT,TX,ASW,CE,Towers with Radar,0,9,25,0,34,0,8,43,4,55,0,17,68,4,89,11,0,11,100
07/10/2010,BPT,TX,ASW,CE,Towers with Radar,0,6,12,0,18,0,4,33,0,37,0,10,45,0,55,0,0,0,55
07/11/2010,BPT,TX,ASW,CE,Towers with Radar,0,7,21,0,28,0,4,20,0,24,0,11,41,0,52,30,0,30,82
07/12/2010,BPT,TX,ASW,CE,Towers with Radar,0,9,22,0,31,0,4,33,0,37,0,13,55,0,68,68,0,68,136
07/13/2010,BPT,TX,ASW,CE,Towers with Radar,0,9,35,0,44,0,10,28,3,41,0,19,63,3,85,0,0,0,85
07/14/2010,BPT,TX,ASW,CE,Towers with Radar,0,11,18,0,29,0,6,8,0,14,0,17,26,0,43,0,0,0,43
07/15/2010,BPT,TX,ASW,CE,Towers with Radar,0,12,17,2,31,0,8,37,0,45,0,20,54,2,76,0,0,0,76
07/16/2010,BPT,TX,ASW,CE,Towers with Radar,0,10,27,0,37,0,1,16,0,17,0,11,43,0,54,0,0,0,54
07/17/2010,BPT,TX,ASW,CE,Towers with Radar,0,4,9,0,13,0,1,11,0,12,0,5,20,0,25,0,0,0,25
07/18/2010,BPT,TX,ASW,CE,Towers with Radar,0,7,15,0,22,0,2,10,1,13,0,9,25,1,35,0,0,0,35
07/19/2010,BPT,TX,ASW,CE,Towers with Radar,0,12,20,0,32,0,0,7,0,7,0,12,27,0,39,4,0,4,43
07/20/2010,BPT,TX,ASW,CE,Towers with Radar,0,12,30,0,42,0,4,14,0,18,0,16,44,0,60,0,0,0,60
07/21/2010,BPT,TX,ASW,CE,Towers with Radar,0,12,20,0,32,0,4,16,1,21,0,16,36,1,53,20,0,20,73
07/22/2010,BPT,TX,ASW,CE,Towers with Radar,2,17,19,0,38,0,1,6,0,7,2,18,25,0,45,0,0,0,45
07/23/2010,BPT,TX,ASW,CE,Towers with Radar,2,9,27,0,38,0,6,13,0,19,2,15,40,0,57,0,0,0,57
07/24/2010,BPT,TX,ASW,CE,Towers with Radar,0,7,12,0,19,0,2,6,0,8,0,9,18,0,27,16,0,16,43
07/25/2010,BPT,TX,ASW,CE,Towers with Radar,0,7,13,0,20,0,2,13,0,15,0,9,26,0,35,4,0,4,39
07/26/2010,BPT,TX,ASW,CE,Towers with Radar,0,8,11,0,19,0,2,10,0,12,0,10,21,0,31,0,0,0,31
07/27/2010,BPT,TX,ASW,CE,Towers with Radar,0,10,10,0,20,0,2,1,0,3,0,12,11,0,23,0,0,0,23
07/28/2010,BPT,TX,ASW,CE,Towers with Radar,0,9,35,3,47,0,5,22,0,27,0,14,57,3,74,0,0,0,74
07/29/2010,BPT,TX,ASW,CE,Towers with Radar,0,10,32,0,42,0,2,28,2,32,0,12,60,2,74,0,0,0,74
07/30/2010,BPT,TX,ASW,CE,Towers with Radar,0,9,11,0,20,0,6,15,0,21,0,15,26,0,41,0,0,0,41
07/31/2010,BPT,TX,ASW,CE,Towers with Radar,0,5,10,0,15,0,2,26,1,29,0,7,36,1,44,24,0,24,68
08/01/2010,BPT,TX,ASW,CE,Towers with Radar,0,9,9,4,22,0,3,20,0,23,0,12,29,4,45,18,2,20,65
08/02/2010,BPT,TX,ASW,CE,Towers with Radar,0,12,11,0,23,0,2,25,1,28,0,14,36,1,51,14,0,14,65
08/03/2010,BPT,TX,ASW,CE,Towers with Radar,0,13,32,0,45,0,6,28,0,34,0,19,60,0,79,28,0,28,107
08/04/2010,BPT,TX,ASW,CE,Towers with Radar,0,12,51,0,63,0,4,27,0,31,0,16,78,0,94,0,0,0,94
08/05/2010,BPT,TX,ASW,CE,Towers with Radar,0,13,16,0,29,0,5,22,0,27,0,18,38,0,56,0,0,0,56
08/06/2010,BPT,TX,ASW,CE,Towers with Radar,0,11,23,0,34,0,2,17,0,19,0,13,40,0,53,0,0,0,53
08/07/2010,BPT,TX,ASW,CE,Towers with Radar,0,5,8,0,13,0,2,8,0,10,0,7,16,0,23,0,0,0,23
08/08/2010,BPT,TX,ASW,CE,Towers with Radar,0,8,13,0,21,0,4,19,0,23,0,12,32,0,44,12,0,12,56
08/09/2010,BPT,TX,ASW,CE,Towers with Radar,0,9,17,0,26,0,4,22,7,33,0,13,39,7,59,0,0,0,59
08/10/2010,BPT,TX,ASW,CE,Towers with Radar,0,12,31,0,43,0,4,21,0,25,0,16,52,0,68,0,0,0,68
08/11/2010,BPT,TX,ASW,CE,Towers with Radar,0,9,23,1,33,0,6,10,1,17,0,15,33,2,50,0,0,0,50
08/12/2010,BPT,TX,ASW,CE,Towers with Radar,0,15,34,0,49,0,2,8,0,10,0,17,42,0,59,0,0,0,59
08/13/2010,BPT,TX,ASW,CE,Towers with Radar,0,12,10,0,22,0,6,15,1,22,0,18,25,1,44,0,0,0,44
08/14/2010,BPT,TX,ASW,CE,Towers with Radar,0,7,13,0,20,0,3,14,0,17,0,10,27,0,37,0,0,0,37
08/15/2010,BPT,TX,ASW,CE,Towers with Radar,0,9,28,0,37,0,3,16,1,20,0,12,44,1,57,18,0,18,75
08/16/2010,BPT,TX,ASW,CE,Towers with Radar,0,8,13,2,23,0,2,6,0,8,0,10,19,2,31,0,0,0,31
08/17/2010,BPT,TX,ASW,CE,Towers with Radar,0,9,28,0,37,0,2,19,0,21,0,11,47,0,58,0,0,0,58
08/18/2010,BPT,TX,ASW,CE,Towers with Radar,0,9,33,0,42,0,4,14,0,18,0,13,47,0,60,0,0,0,60
08/19/2010,BPT,TX,ASW,CE,Towers with Radar,0,10,20,0,30,0,5,14,0,19,0,15,34,0,49,0,0,0,49
08/20/2010,BPT,TX,ASW,CE,Towers with Radar,0,8,17,0,25,0,2,16,0,18,0,10,33,0,43,0,0,0,43
08/21/2010,BPT,TX,ASW,CE,Towers with Radar,0,4,0,0,4,0,2,18,0,20,0,6,18,0,24,2,0,2,26
08/22/2010,BPT,TX,ASW,CE,Towers with Radar,0,7,23,0,30,0,2,10,0,12,0,9,33,0,42,0,0,0,42
08/23/2010,BPT,TX,ASW,CE,Towers with Radar,0,7,19,0,26,0,4,9,0,13,0,11,28,0,39,0,0,0,39
08/24/2010,BPT,TX,ASW,CE,Towers with Radar,0,10,36,0,46,0,8,18,0,26,0,18,54,0,72,0,0,0,72
08/25/2010,BPT,TX,ASW,CE,Towers with Radar,0,8,33,0,41,0,7,20,0,27,0,15,53,0,68,0,0,0,68
08/26/2010,BPT,TX,ASW,CE,Towers with Radar,0,10,32,0,42,0,6,33,2,41,0,16,65,2,83,0,0,0,83
08/27/2010,BPT,TX,ASW,CE,Towers with Radar,0,11,23,0,34,0,1,25,0,26,0,12,48,0,60,0,0,0,60
08/28/2010,BPT,TX,ASW,CE,Towers with Radar,0,6,18,0,24,0,2,5,0,7,0,8,23,0,31,38,0,38,69
08/29/2010,BPT,TX,ASW,CE,Towers with Radar,0,10,7,0,17,0,2,13,0,15,0,12,20,0,32,0,0,0,32
08/30/2010,BPT,TX,ASW,CE,Towers with Radar,0,11,0,0,11,0,0,11,0,11,0,11,11,0,22,14,0,14,36
08/31/2010,BPT,TX,ASW,CE,Towers with Radar,0,11,14,0,25,0,4,23,0,27,0,15,37,0,52,14,0,14,66
09/01/2010,BPT,TX,ASW,CE,Towers with Radar,0,11,22,0,33,0,12,16,0,28,0,23,38,0,61,0,0,0,61
09/02/2010,BPT,TX,ASW,CE,Towers with Radar,0,12,29,0,41,0,9,28,2,39,0,21,57,2,80,0,0,0,80
09/03/2010,BPT,TX,ASW,CE,Towers with Radar,0,10,36,0,46,0,0,6,0,6,0,10,42,0,52,0,0,0,52
09/04/2010,BPT,TX,ASW,CE,Towers with Radar,0,5,1,0,6,0,2,8,0,10,0,7,9,0,16,0,0,0,16
09/05/2010,BPT,TX,ASW,CE,Towers with Radar,0,7,12,0,19,0,2,12,0,14,0,9,24,0,33,0,0,0,33
09/06/2010,BPT,TX,ASW,CE,Towers with Radar,0,10,21,0,31,0,2,4,0,6,0,12,25,0,37,18,0,18,55
09/07/2010,BPT,TX,ASW,CE,Towers with Radar,0,10,33,0,43,0,0,2,1,3,0,10,35,1,46,0,0,0,46
09/08/2010,BPT,TX,ASW,CE,Towers with Radar,0,14,16,3,33,0,6,14,1,21,0,20,30,4,54,18,0,18,72
09/09/2010,BPT,TX,ASW,CE,Towers with Radar,0,10,31,2,43,0,8,26,2,36,0,18,57,4,79,10,0,10,89
09/10/2010,BPT,TX,ASW,CE,Towers with Radar,0,9,31,0,40,0,6,12,0,18,0,15,43,0,58,0,0,0,58
09/11/2010,BPT,TX,ASW,CE,Towers with Radar,0,5,10,0,15,0,2,16,0,18,0,7,26,0,33,2,0,2,35
09/12/2010,BPT,TX,ASW,CE,Towers with Radar,0,10,15,0,25,0,4,12,0,16,0,14,27,0,41,0,0,0,41
09/13/2010,BPT,TX,ASW,CE,Towers with Radar,0,7,21,0,28,0,2,26,2,30,0,9,47,2,58,0,0,0,58
09/14/2010,BPT,TX,ASW,CE,Towers with Radar,0,10,18,0,28,0,6,17,0,23,0,16,35,0,51,16,0,16,67
09/15/2010,BPT,TX,ASW,CE,Towers with Radar,0,7,34,0,41,0,6,25,1,32,0,13,59,1,73,0,0,0,73
09/16/2010,BPT,TX,ASW,CE,Towers with Radar,0,12,36,1,49,0,2,16,2,20,0,14,52,3,69,0,0,0,69
09/17/2010,BPT,TX,ASW,CE,Towers with Radar,0,12,12,0,24,0,2,29,0,31,0,14,41,0,55,0,0,0,55
09/18/2010,BPT,TX,ASW,CE,Towers with Radar,0,4,7,0,11,0,1,19,0,20,0,5,26,0,31,0,0,0,31
09/19/2010,BPT,TX,ASW,CE,Towers with Radar,0,10,18,0,28,0,2,13,2,17,0,12,31,2,45,0,0,0,45
09/20/2010,BPT,TX,ASW,CE,Towers with Radar,0,10,24,0,34,0,2,18,0,20,0,12,42,0,54,0,0,0,54
09/21/2010,BPT,TX,ASW,CE,Towers with Radar,0,15,34,2,51,0,0,5,0,5,0,15,39,2,56,0,0,0,56
09/22/2010,BPT,TX,ASW,CE,Towers with Radar,0,7,36,0,43,0,4,26,0,30,0,11,62,0,73,0,0,0,73
09/23/2010,BPT,TX,ASW,CE,Towers with Radar,0,10,34,0,44,0,8,28,0,36,0,18,62,0,80,0,0,0,80
09/24/2010,BPT,TX,ASW,CE,Towers with Radar,0,10,16,0,26,0,12,17,0,29,0,22,33,0,55,12,0,12,67
09/25/2010,BPT,TX,ASW,CE,Towers with Radar,0,5,6,0,11,0,4,5,0,9,0,9,11,0,20,0,0,0,20
09/26/2010,BPT,TX,ASW,CE,Towers with Radar,0,7,15,0,22,0,4,2,0,6,0,11,17,0,28,16,0,16,44
09/27/2010,BPT,TX,ASW,CE,Towers with Radar,0,9,31,2,42,0,6,17,0,23,0,15,48,2,65,26,0,26,91
09/28/2010,BPT,TX,ASW,CE,Towers with Radar,0,6,37,0,43,0,2,29,1,32,0,8,66,1,75,24,0,24,99
09/29/2010,BPT,TX,ASW,CE,Towers with Radar,1,6,37,5,49,0,4,18,7,29,1,10,55,12,78,0,0,0,78
09/30/2010,BPT,TX,ASW,CE,Towers with Radar,0,9,23,1,33,0,8,16,4,28,0,17,39,5,61,0,0,0,61
10/01/2010,BPT,TX,ASW,CE,Towers with Radar,0,9,18,1,28,0,4,23,1,28,0,13,41,2,56,0,0,0,56
10/02/2010,BPT,TX,ASW,CE,Towers with Radar,0,6,25,0,31,0,2,32,0,34,0,8,57,0,65,10,0,10,75
10/03/2010,BPT,TX,ASW,CE,Towers with Radar,0,5,17,0,22,0,2,17,0,19,0,7,34,0,41,6,0,6,47
10/04/2010,BPT,TX,ASW,CE,Towers with Radar,0,12,37,0,49,0,2,9,1,12,0,14,46,1,61,6,0,6,67
10/05/2010,BPT,TX,ASW,CE,Towers with Radar,0,7,16,10,33,0,4,25,2,31,0,11,41,12,64,28,0,28,92
10/06/2010,BPT,TX,ASW,CE,Towers with Radar,0,7,25,0,32,0,10,35,2,47,0,17,60,2,79,34,0,34,113
10/07/2010,BPT,TX,ASW,CE,Towers with Radar,1,9,35,1,46,0,2,47,0,49,1,11,82,1,95,8,0,8,103
10/08/2010,BPT,TX,ASW,CE,Towers with Radar,0,9,18,0,27,0,2,33,2,37,0,11,51,2,64,0,0,0,64
10/09/2010,BPT,TX,ASW,CE,Towers with Radar,0,5,9,0,14,0,2,26,3,31,0,7,35,3,45,0,0,0,45
10/10/2010,BPT,TX,ASW,CE,Towers with Radar,0,7,22,0,29,0,0,28,0,28,0,7,50,0,57,8,0,8,65
10/11/2010,BPT,TX,ASW,CE,Towers with Radar,0,14,13,0,27,0,6,17,0,23,0,20,30,0,50,8,0,8,58
10/12/2010,BPT,TX,ASW,CE,Towers with Radar,0,9,41,0,50,0,2,15,2,19,0,11,56,2,69,14,0,14,83
10/13/2010,BPT,TX,ASW,CE,Towers with Radar,0,7,36,0,43,0,6,15,2,23,0,13,51,2,66,10,6,16,82
10/14/2010,BPT,TX,ASW,CE,Towers with Radar,0,8,35,0,43,0,2,18,0,20,0,10,53,0,63,6,0,6,69
10/15/2010,BPT,TX,ASW,CE,Towers with Radar,0,9,28,0,37,0,4,25,2,31,0,13,53,2,68,0,0,0,68
10/16/2010,BPT,TX,ASW,CE,Towers with Radar,0,6,3,0,9,0,2,17,1,20,0,8,20,1,29,0,0,0,29
10/17/2010,BPT,TX,ASW,CE,Towers with Radar,0,7,30,0,37,0,0,14,0,14,0,7,44,0,51,0,0,0,51
10/18/2010,BPT,TX,ASW,CE,Towers with Radar,0,9,47,2,58,0,6,22,0,28,0,15,69,2,86,4,0,4,90
10/19/2010,BPT,TX,ASW,CE,Towers with Radar,0,6,42,0,48,0,4,14,0,18,0,10,56,0,66,8,0,8,74
10/20/2010,BPT,TX,ASW,CE,Towers with Radar,0,7,60,0,67,0,6,16,2,24,0,13,76,2,91,8,0,8,99
10/21/2010,BPT,TX,ASW,CE,Towers with Radar,0,8,9,0,17,0,4,36,0,40,0,12,45,0,57,10,0,10,67
10/22/2010,BPT,TX,ASW,CE,Towers with Radar,0,11,34,0,45,0,2,16,0,18,0,13,50,0,63,14,0,14,77
10/23/2010,BPT,TX,ASW,CE,Towers with Radar,0,4,6,0,10,0,2,10,0,12,0,6,16,0,22,0,0,0,22
10/24/2010,BPT,TX,ASW,CE,Towers with Radar,0,5,10,0,15,0,4,5,0,9,0,9,15,0,24,0,0,0,24
10/25/2010,BPT,TX,ASW,CE,Towers with Radar,0,8,21,0,29,0,4,6,0,10,0,12,27,0,39,0,0,0,39
10/26/2010,BPT,TX,ASW,CE,Towers with Radar,0,8,44,0,52,0,2,8,2,12,0,10,52,2,64,8,0,8,72
10/27/2010,BPT,TX,ASW,CE,Towers with Radar,0,8,22,0,30,0,1,17,2,20,0,9,39,2,50,0,0,0,50
10/28/2010,BPT,TX,ASW,CE,Towers with Radar,0,11,22,0,33,0,5,15,1,21,0,16,37,1,54,0,0,0,54
10/29/2010,BPT,TX,ASW,CE,Towers with Radar,2,10,12,1,25,0,2,20,1,23,2,12,32,2,48,0,0,0,48
10/30/2010,BPT,TX,ASW,CE,Towers with Radar,2,4,16,0,22,0,2,17,0,19,2,6,33,0,41,0,0,0,41
10/31/2010,BPT,TX,ASW,CE,Towers with Radar,0,8,11,0,19,0,3,13,0,16,0,11,24,0,35,22,0,22,57
11/01/2010,BPT,TX,ASW,CE,Towers with Radar,0,11,21,0,32,0,2,11,0,13,0,13,32,0,45,4,0,4,49
11/02/2010,BPT,TX,ASW,CE,Towers with Radar,0,9,18,0,27,0,0,3,0,3,0,9,21,0,30,8,0,8,38
11/03/2010,BPT,TX,ASW,CE,Towers with Radar,0,17,31,0,48,0,0,0,0,0,0,17,31,0,48,0,0,0,48
11/04/2010,BPT,TX,ASW,CE,Towers with Radar,0,13,22,0,35,0,4,8,0,12,0,17,30,0,47,0,0,0,47
11/05/2010,BPT,TX,ASW,CE,Towers with Radar,2,11,27,0,40,0,9,9,0,18,2,20,36,0,58,8,0,8,66
11/06/2010,BPT,TX,ASW,CE,Towers with Radar,2,5,13,0,20,0,2,10,4,16,2,7,23,4,36,10,0,10,46
11/07/2010,BPT,TX,ASW,CE,Towers with Radar,0,7,25,0,32,0,2,20,0,22,0,9,45,0,54,6,0,6,60
11/08/2010,BPT,TX,ASW,CE,Towers with Radar,0,10,22,0,32,0,10,20,0,30,0,20,42,0,62,32,0,32,94
11/09/2010,BPT,TX,ASW,CE,Towers with Radar,0,7,15,5,27,0,3,24,0,27,0,10,39,5,54,0,0,0,54
11/10/2010,BPT,TX,ASW,CE,Towers with Radar,0,7,38,7,52,0,7,14,1,22,0,14,52,8,74,6,0,6,80
11/11/2010,BPT,TX,ASW,CE,Towers with Radar,2,9,32,2,45,0,6,20,7,33,2,15,52,9,78,0,0,0,78
11/12/2010,BPT,TX,ASW,CE,Towers with Radar,0,10,20,1,31,0,4,4,1,9,0,14,24,2,40,0,0,0,40
11/13/2010,BPT,TX,ASW,CE,Towers with Radar,0,4,13,0,17,0,2,0,0,2,0,6,13,0,19,0,0,0,19
11/14/2010,BPT,TX,ASW,CE,Towers with Radar,0,8,33,0,41,0,2,11,2,15,0,10,44,2,56,0,0,0,56
11/15/2010,BPT,TX,ASW,CE,Towers with Radar,0,12,13,2,27,0,2,7,0,9,0,14,20,2,36,0,0,0,36
11/16/2010,BPT,TX,ASW,CE,Towers with Radar,0,9,41,3,53,0,2,17,0,19,0,11,58,3,72,8,0,8,80
11/17/2010,BPT,TX,ASW,CE,Towers with Radar,0,11,19,6,36,0,5,21,11,37,0,16,40,17,73,0,0,0,73
11/18/2010,BPT,TX,ASW,CE,Towers with Radar,0,15,34,0,49,0,7,26,0,33,0,22,60,0,82,0,0,0,82
11/19/2010,BPT,TX,ASW,CE,Towers with Radar,0,9,27,8,44,0,2,16,4,22,0,11,43,12,66,0,0,0,66
11/20/2010,BPT,TX,ASW,CE,Towers with Radar,0,7,8,0,15,0,2,18,0,20,0,9,26,0,35,0,0,0,35
11/21/2010,BPT,TX,ASW,CE,Towers with Radar,0,7,16,0,23,0,2,6,0,8,0,9,22,0,31,0,0,0,31
11/22/2010,BPT,TX,ASW,CE,Towers with Radar,0,7,31,0,38,0,3,8,0,11,0,10,39,0,49,0,0,0,49
11/23/2010,BPT,TX,ASW,CE,Towers with Radar,0,7,33,0,40,0,3,16,0,19,0,10,49,0,59,64,0,64,123
11/24/2010,BPT,TX,ASW,CE,Towers with Radar,0,12,34,0,46,0,4,4,0,8,0,16,38,0,54,0,0,0,54
11/25/2010,BPT,TX,ASW,CE,Towers with Radar,0,4,5,0,9,0,0,3,0,3,0,4,8,0,12,0,0,0,12
11/26/2010,BPT,TX,ASW,CE,Towers with Radar,0,6,8,0,14,0,0,7,0,7,0,6,15,0,21,0,0,0,21
11/27/2010,BPT,TX,ASW,CE,Towers with Radar,0,9,16,0,25,0,2,15,0,17,0,11,31,0,42,46,0,46,88
11/28/2010,BPT,TX,ASW,CE,Towers with Radar,0,9,28,0,37,0,2,13,0,15,0,11,41,0,52,0,0,0,52
11/29/2010,BPT,TX,ASW,CE,Towers with Radar,0,9,9,4,22,0,5,2,0,7,0,14,11,4,29,0,0,0,29
11/30/2010,BPT,TX,ASW,CE,Towers with Radar,0,7,39,0,46,0,4,9,4,17,0,11,48,4,63,0,0,0,63
12/01/2010,BPT,TX,ASW,CE,Towers with Radar,0,7,11,0,18,0,7,15,0,22,0,14,26,0,40,12,0,12,52
12/02/2010,BPT,TX,ASW,CE,Towers with Radar,0,9,38,0,47,0,6,17,0,23,0,15,55,0,70,8,0,8,78
12/03/2010,BPT,TX,ASW,CE,Towers with Radar,0,10,37,0,47,0,5,22,0,27,0,15,59,0,74,4,0,4,78
12/04/2010,BPT,TX,ASW,CE,Towers with Radar,0,7,16,0,23,0,4,17,0,21,0,11,33,0,44,6,0,6,50
12/05/2010,BPT,TX,ASW,CE,Towers with Radar,0,9,16,0,25,0,3,16,0,19,0,12,32,0,44,0,0,0,44
12/06/2010,BPT,TX,ASW,CE,Towers with Radar,0,16,36,0,52,0,10,22,0,32,0,26,58,0,84,0,0,0,84
12/07/2010,BPT,TX,ASW,CE,Towers with Radar,0,8,18,1,27,0,3,11,3,17,0,11,29,4,44,0,0,0,44
12/08/2010,BPT,TX,ASW,CE,Towers with Radar,0,7,26,2,35,0,4,7,0,11,0,11,33,2,46,0,0,0,46
12/09/2010,BPT,TX,ASW,CE,Towers with Radar,0,14,25,0,39,0,3,13,2,18,0,17,38,2,57,0,0,0,57
12/10/2010,BPT,TX,ASW,CE,Towers with Radar,0,11,27,1,39,0,6,23,1,30,0,17,50,2,69,0,0,0,69
12/11/2010,BPT,TX,ASW,CE,Towers with Radar,0,5,7,0,12,0,2,12,0,14,0,7,19,0,26,10,0,10,36
12/12/2010,BPT,TX,ASW,CE,Towers with Radar,0,9,26,2,37,0,0,20,0,20,0,9,46,2,57,0,0,0,57
12/13/2010,BPT,TX,ASW,CE,Towers with Radar,0,10,12,2,24,0,7,17,1,25,0,17,29,3,49,14,0,14,63
12/14/2010,BPT,TX,ASW,CE,Towers with Radar,0,9,49,2,60,0,4,22,0,26,0,13,71,2,86,0,0,0,86
12/15/2010,BPT,TX,ASW,CE,Towers with Radar,0,7,17,0,24,0,6,12,0,18,0,13,29,0,42,0,0,0,42
12/16/2010,BPT,TX,ASW,CE,Towers with Radar,0,10,16,0,26,0,10,10,0,20,0,20,26,0,46,0,0,0,46
12/17/2010,BPT,TX,ASW,CE,Towers with Radar,0,7,20,0,27,0,2,16,2,20,0,9,36,2,47,0,0,0,47
12/18/2010,BPT,TX,ASW,CE,Towers with Radar,0,10,16,0,26,0,6,17,0,23,0,16,33,0,49,0,0,0,49
12/19/2010,BPT,TX,ASW,CE,Towers with Radar,0,8,12,0,20,0,0,24,1,25,0,8,36,1,45,20,0,20,65
12/20/2010,BPT,TX,ASW,CE,Towers with Radar,0,10,20,0,30,0,4,12,0,16,0,14,32,0,46,12,0,12,58
12/21/2010,BPT,TX,ASW,CE,Towers with Radar,0,13,37,0,50,0,2,7,0,9,0,15,44,0,59,0,0,0,59
12/22/2010,BPT,TX,ASW,CE,Towers with Radar,0,9,18,0,27,0,0,8,0,8,0,9,26,0,35,0,0,0,35
12/23/2010,BPT,TX,ASW,CE,Towers with Radar,0,9,13,0,22,0,6,19,2,27,0,15,32,2,49,0,0,0,49
12/24/2010,BPT,TX,ASW,CE,Towers with Radar,0,9,3,0,12,0,0,4,0,4,0,9,7,0,16,0,0,0,16
12/25/2010,BPT,TX,ASW,CE,Towers with Radar,0,5,1,0,6,0,0,0,0,0,0,5,1,0,6,0,0,0,6
12/26/2010,BPT,TX,ASW,CE,Towers with Radar,0,6,13,0,19,0,2,15,1,18,0,8,28,1,37,6,0,6,43
12/27/2010,BPT,TX,ASW,CE,Towers with Radar,0,9,7,0,16,0,1,8,0,9,0,10,15,0,25,0,0,0,25
12/28/2010,BPT,TX,ASW,CE,Towers with Radar,0,9,16,0,25,0,7,13,1,21,0,16,29,1,46,0,0,0,46
12/29/2010,BPT,TX,ASW,CE,Towers with Radar,0,8,3,0,11,0,3,2,0,5,0,11,5,0,16,0,0,0,16
12/30/2010,BPT,TX,ASW,CE,Towers with Radar,0,10,26,0,36,0,2,3,0,5,0,12,29,0,41,0,0,0,41
12/31/2010,BPT,TX,ASW,CE,Towers with Radar,0,10,12,0,22,0,0,0,0,0,0,10,12,0,22,0,0,0,22
01/01/2011,BPT,TX,ASW,CE,Towers with Radar,0,7,2,0,9,0,4,7,1,12,0,11,9,1,21,0,0,0,21
01/02/2011,BPT,TX,ASW,CE,Towers with Radar,0,9,17,0,26,0,2,11,0,13,0,11,28,0,39,12,0,12,51
01/03/2011,BPT,TX,ASW,CE,Towers with Radar,0,7,10,0,17,0,6,13,0,19,0,13,23,0,36,0,0,0,36
01/04/2011,BPT,TX,ASW,CE,Towers with Radar,0,11,15,2,28,0,2,2,0,4,0,13,17,2,32,0,0,0,32
01/05/2011,BPT,TX,ASW,CE,Towers with Radar,0,12,21,0,33,0,4,6,2,12,0,16,27,2,45,0,0,0,45
01/06/2011,BPT,TX,ASW,CE,Towers with Radar,0,10,31,0,41,0,8,20,0,28,0,18,51,0,69,0,0,0,69
01/07/2011,BPT,TX,ASW,CE,Towers with Radar,0,10,13,0,23,0,3,30,0,33,0,13,43,0,56,0,0,0,56
01/08/2011,BPT,TX,ASW,CE,Towers with Radar,0,7,15,0,22,0,4,21,0,25,0,11,36,0,47,0,0,0,47
01/09/2011,BPT,TX,ASW,CE,Towers with Radar,2,9,7,0,18,0,0,1,0,1,2,9,8,0,19,0,0,0,19
01/10/2011,BPT,TX,ASW,CE,Towers with Radar,0,7,12,4,23,0,6,0,0,6,0,13,12,4,29,2,0,2,31
01/11/2011,BPT,TX,ASW,CE,Towers with Radar,0,12,26,1,39,0,5,21,2,28,0,17,47,3,67,36,0,36,103
01/12/2011,BPT,TX,ASW,CE,Towers with Radar,0,13,44,0,57,0,8,33,0,41,0,21,77,0,98,0,0,0,98
01/13/2011,BPT,TX,ASW,CE,Towers with Radar,0,11,22,0,33,0,6,22,0,28,0,17,44,0,61,0,0,0,61
01/14/2011,BPT,TX,ASW,CE,Towers with Radar,0,11,35,4,50,0,8,18,0,26,0,19,53,4,76,0,0,0,76
01/15/2011,BPT,TX,ASW,CE,Towers with Radar,0,6,10,4,20,0,4,18,0,22,0,10,28,4,42,0,0,0,42
01/16/2011,BPT,TX,ASW,CE,Towers with Radar,0,7,17,0,24,0,2,1,0,3,0,9,18,0,27,0,0,0,27
01/17/2011,BPT,TX,ASW,CE,Towers with Radar,0,12,25,0,37,0,1,0,0,1,0,13,25,0,38,0,0,0,38
01/18/2011,BPT,TX,ASW,CE,Towers with Radar,0,11,30,0,41,0,3,1,0,4,0,14,31,0,45,0,0,0,45
01/19/2011,BPT,TX,ASW,CE,Towers with Radar,0,9,28,0,37,0,4,25,0,29,0,13,53,0,66,0,0,0,66
01/20/2011,BPT,TX,ASW,CE,Towers with Radar,0,11,37,2,50,0,2,2,0,4,0,13,39,2,54,18,0,18,72
01/21/2011,BPT,TX,ASW,CE,Towers with Radar,5,9,31,6,51,1,6,24,2,33,6,15,55,8,84,58,0,58,142
01/22/2011,BPT,TX,ASW,CE,Towers with Radar,0,6,22,2,30,0,4,30,0,34,0,10,52,2,64,12,0,12,76
01/23/2011,BPT,TX,ASW,CE,Towers with Radar,0,6,19,0,25,0,1,37,1,39,0,7,56,1,64,8,0,8,72
01/24/2011,BPT,TX,ASW,CE,Towers with Radar,0,10,44,0,54,0,0,0,0,0,0,10,44,0,54,0,0,0,54
01/25/2011,BPT,TX,ASW,CE,Towers with Radar,0,11,37,2,50,0,2,14,0,16,0,13,51,2,66,26,0,26,92
01/26/2011,BPT,TX,ASW,CE,Towers with Radar,0,10,27,0,37,0,5,42,0,47,0,15,69,0,84,24,0,24,108
01/27/2011,BPT,TX,ASW,CE,Towers with Radar,0,12,13,0,25,0,2,11,0,13,0,14,24,0,38,0,0,0,38
01/28/2011,BPT,TX,ASW,CE,Towers with Radar,0,12,16,0,28,0,2,28,0,30,0,14,44,0,58,0,0,0,58
01/29/2011,BPT,TX,ASW,CE,Towers with Radar,0,8,8,0,16,0,4,20,0,24,0,12,28,0,40,46,0,46,86
01/30/2011,BPT,TX,ASW,CE,Towers with Radar,0,8,14,0,22,0,0,2,0,2,0,8,16,0,24,0,0,0,24
01/31/2011,BPT,TX,ASW,CE,Towers with Radar,0,9,24,4,37,0,2,3,0,5,0,11,27,4,42,0,0,0,42
02/01/2011,BPT,TX,ASW,CE,Towers with Radar,0,7,15,0,22,0,0,3,0,3,0,7,18,0,25,0,0,0,25
02/02/2011,BPT,TX,ASW,CE,Towers with Radar,0,11,39,0,50,0,4,13,1,18,0,15,52,1,68,54,0,54,122
02/03/2011,BPT,TX,ASW,CE,Towers with Radar,0,5,24,2,31,0,0,2,1,3,0,5,26,3,34,0,0,0,34
02/04/2011,BPT,TX,ASW,CE,Towers with Radar,0,2,7,0,9,0,0,2,0,2,0,2,9,0,11,0,0,0,11
02/05/2011,BPT,TX,ASW,CE,Towers with Radar,0,8,17,4,29,0,2,16,4,22,0,10,33,8,51,0,0,0,51
02/06/2011,BPT,TX,ASW,CE,Towers with Radar,0,6,16,0,22,0,2,10,0,12,0,8,26,0,34,2,0,2,36
02/07/2011,BPT,TX,ASW,CE,Towers with Radar,0,12,21,6,39,0,1,15,3,19,0,13,36,9,58,6,0,6,64
02/08/2011,BPT,TX,ASW,CE,Towers with Radar,0,11,49,0,60,0,2,17,1,20,0,13,66,1,80,0,0,0,80
02/09/2011,BPT,TX,ASW,CE,Towers with Radar,0,8,6,0,14,0,4,1,0,5,0,12,7,0,19,0,0,0,19
02/10/2011,BPT,TX,ASW,CE,Towers with Radar,0,14,14,0,28,0,4,14,1,19,0,18,28,1,47,0,0,0,47
02/11/2011,BPT,TX,ASW,CE,Towers with Radar,0,7,28,0,35,0,4,31,0,35,0,11,59,0,70,0,0,0,70
02/12/2011,BPT,TX,ASW,CE,Towers with Radar,0,7,6,0,13,0,1,20,1,22,0,8,26,1,35,0,0,0,35
02/13/2011,BPT,TX,ASW,CE,Towers with Radar,0,10,17,5,32,0,2,24,1,27,0,12,41,6,59,10,0,10,69
02/14/2011,BPT,TX,ASW,CE,Towers with Radar,0,12,28,0,40,0,2,20,0,22,0,14,48,0,62,8,0,8,70
02/15/2011,BPT,TX,ASW,CE,Towers with Radar,0,14,21,0,35,0,2,8,0,10,0,16,29,0,45,0,0,0,45
02/16/2011,BPT,TX,ASW,CE,Towers with Radar,0,14,41,0,55,0,3,19,0,22,0,17,60,0,77,0,0,0,77
02/17/2011,BPT,TX,ASW,CE,Towers with Radar,0,11,28,0,39,0,4,10,0,14,0,15,38,0,53,36,0,36,89
02/18/2011,BPT,TX,ASW,CE,Towers with Radar,0,9,14,0,23,0,1,19,2,22,0,10,33,2,45,0,0,0,45
02/19/2011,BPT,TX,ASW,CE,Towers with Radar,0,5,16,0,21,0,5,11,2,18,0,10,27,2,39,0,0,0,39
02/20/2011,BPT,TX,ASW,CE,Towers with Radar,0,8,13,4,25,0,2,12,0,14,0,10,25,4,39,0,0,0,39
02/21/2011,BPT,TX,ASW,CE,Towers with Radar,0,13,35,0,48,0,2,10,0,12,0,15,45,0,60,20,0,20,80
02/22/2011,BPT,TX,ASW,CE,Towers with Radar,0,9,17,0,26,0,0,16,0,16,0,9,33,0,42,0,0,0,42
02/23/2011,BPT,TX,ASW,CE,Towers with Radar,0,9,31,0,40,0,0,8,0,8,0,9,39,0,48,36,0,36,84
02/24/2011,BPT,TX,ASW,CE,Towers with Radar,0,10,17,0,27,0,0,0,0,0,0,10,17,0,27,0,0,0,27
02/25/2011,BPT,TX,ASW,CE,Towers with Radar,0,12,28,0,40,0,6,26,1,33,0,18,54,1,73,0,0,0,73
02/26/2011,BPT,TX,ASW,CE,Towers with Radar,0,6,23,0,29,0,2,9,0,11,0,8,32,0,40,0,0,0,40
02/27/2011,BPT,TX,ASW,CE,Towers with Radar,0,7,16,0,23,0,2,5,0,7,0,9,21,0,30,20,0,20,50
02/28/2011,BPT,TX,ASW,CE,Towers with Radar,0,9,31,0,40,0,4,18,2,24,0,13,49,2,64,8,0,8,72
03/01/2011,BPT,TX,ASW,CE,Towers with Radar,0,11,17,0,28,0,3,29,0,32,0,14,46,0,60,0,0,0,60
03/02/2011,BPT,TX,ASW,CE,Towers with Radar,0,9,31,0,40,0,4,24,0,28,0,13,55,0,68,0,0,0,68
03/03/2011,BPT,TX,ASW,CE,Towers with Radar,0,11,31,0,42,0,8,14,1,23,0,19,45,1,65,6,0,6,71
03/04/2011,BPT,TX,ASW,CE,Towers with Radar,0,9,27,1,37,0,2,12,2,16,0,11,39,3,53,16,0,16,69
03/05/2011,BPT,TX,ASW,CE,Towers with Radar,0,8,7,0,15,0,0,2,0,2,0,8,9,0,17,0,0,0,17
03/06/2011,BPT,TX,ASW,CE,Towers with Radar,0,9,29,0,38,0,2,20,2,24,0,11,49,2,62,0,0,0,62
03/07/2011,BPT,TX,ASW,CE,Towers with Radar,0,12,26,0,38,0,6,11,0,17,0,18,37,0,55,6,0,6,61
03/08/2011,BPT,TX,ASW,CE,Towers with Radar,0,11,21,0,32,0,0,0,0,0,0,11,21,0,32,0,0,0,32
03/09/2011,BPT,TX,ASW,CE,Towers with Radar,0,11,28,0,39,0,2,19,0,21,0,13,47,0,60,0,0,0,60
03/10/2011,BPT,TX,ASW,CE,Towers with Radar,0,9,23,0,32,0,6,20,4,30,0,15,43,4,62,14,0,14,76
03/11/2011,BPT,TX,ASW,CE,Towers with Radar,0,10,32,1,43,0,9,23,1,33,0,19,55,2,76,42,0,42,118
03/12/2011,BPT,TX,ASW,CE,Towers with Radar,0,8,10,0,18,0,4,18,0,22,0,12,28,0,40,6,0,6,46
03/13/2011,BPT,TX,ASW,CE,Towers with Radar,0,9,24,0,33,0,4,11,0,15,0,13,35,0,48,0,0,0,48
03/14/2011,BPT,TX,ASW,CE,Towers with Radar,0,8,21,0,29,0,0,4,0,4,0,8,25,0,33,0,0,0,33
03/15/2011,BPT,TX,ASW,CE,Towers with Radar,0,9,19,5,33,0,2,24,0,26,0,11,43,5,59,0,0,0,59
03/16/2011,BPT,TX,ASW,CE,Towers with Radar,0,10,18,2,30,0,6,12,2,20,0,16,30,4,50,14,0,14,64
03/17/2011,BPT,TX,ASW,CE,Towers with Radar,0,16,26,2,44,0,2,11,2,15,0,18,37,4,59,0,0,0,59
03/18/2011,BPT,TX,ASW,CE,Towers with Radar,0,10,21,0,31,0,4,14,0,18,0,14,35,0,49,0,0,0,49
03/19/2011,BPT,TX,ASW,CE,Towers with Radar,0,6,10,0,16,0,2,20,0,22,0,8,30,0,38,0,0,0,38
03/20/2011,BPT,TX,ASW,CE,Towers with Radar,0,10,21,0,31,0,4,10,0,14,0,14,31,0,45,0,0,0,45
03/21/2011,BPT,TX,ASW,CE,Towers with Radar,0,9,27,0,36,0,11,5,0,16,0,20,32,0,52,0,0,0,52
03/22/2011,BPT,TX,ASW,CE,Towers with Radar,0,11,21,0,32,0,7,9,0,16,0,18,30,0,48,0,0,0,48
03/23/2011,BPT,TX,ASW,CE,Towers with Radar,0,13,28,0,41,0,3,22,0,25,0,16,50,0,66,0,0,0,66
03/24/2011,BPT,TX,ASW,CE,Towers with Radar,0,10,19,0,29,0,8,26,0,34,0,18,45,0,63,12,0,12,75
03/25/2011,BPT,TX,ASW,CE,Towers with Radar,0,9,67,0,76,0,10,11,0,21,0,19,78,0,97,0,0,0,97
03/26/2011,BPT,TX,ASW,CE,Towers with Radar,0,6,25,0,31,0,5,7,2,14,0,11,32,2,45,6,0,6,51
03/27/2011,BPT,TX,ASW,CE,Towers with Radar,0,7,50,0,57,0,2,23,2,27,0,9,73,2,84,34,0,34,118
03/28/2011,BPT,TX,ASW,CE,Towers with Radar,0,9,38,0,47,0,4,14,5,23,0,13,52,5,70,10,0,10,80
03/29/2011,BPT,TX,ASW,CE,Towers with Radar,0,9,44,1,54,0,0,4,2,6,0,9,48,3,60,0,0,0,60
03/30/2011,BPT,TX,ASW,CE,Towers with Radar,0,10,30,0,40,0,16,15,0,31,0,26,45,0,71,0,0,0,71
03/31/2011,BPT,TX,ASW,CE,Towers with Radar,0,9,46,4,59,0,6,22,0,28,0,15,68,4,87,0,0,0,87
04/01/2011,BPT,TX,ASW,CE,Towers with Radar,0,14,25,0,39,0,8,25,0,33,0,22,50,0,72,0,0,0,72
04/02/2011,BPT,TX,ASW,CE,Towers with Radar,0,6,8,0,14,0,4,12,0,16,0,10,20,0,30,0,0,0,30
04/03/2011,BPT,TX,ASW,CE,Towers with Radar,0,11,20,0,31,0,2,7,0,9,0,13,27,0,40,0,0,0,40
04/04/2011,BPT,TX,ASW,CE,Towers with Radar,0,8,16,0,24,0,4,3,0,7,0,12,19,0,31,0,0,0,31
04/05/2011,BPT,TX,ASW,CE,Towers with Radar,0,11,34,1,46,0,4,35,3,42,0,15,69,4,88,26,0,26,114
04/06/2011,BPT,TX,ASW,CE,Towers with Radar,0,10,36,0,46,0,8,22,0,30,0,18,58,0,76,0,0,0,76
04/07/2011,BPT,TX,ASW,CE,Towers with Radar,0,13,51,2,66,0,2,18,0,20,0,15,69,2,86,16,0,16,102
04/08/2011,BPT,TX,ASW,CE,Towers with Radar,0,13,27,4,44,0,7,16,0,23,0,20,43,4,67,0,0,0,67
04/09/2011,BPT,TX,ASW,CE,Towers with Radar,0,8,22,0,30,0,2,13,0,15,0,10,35,0,45,0,0,0,45
04/10/2011,BPT,TX,ASW,CE,Towers with Radar,0,9,17,0,26,0,3,7,1,11,0,12,24,1,37,0,0,0,37
04/11/2011,BPT,TX,ASW,CE,Towers with Radar,0,12,13,0,25,0,4,13,0,17,0,16,26,0,42,24,0,24,66
04/12/2011,BPT,TX,ASW,CE,Towers with Radar,0,10,22,0,32,0,5,23,0,28,0,15,45,0,60,0,0,0,60
04/13/2011,BPT,TX,ASW,CE,Towers with Radar,0,15,35,0,50,0,4,32,0,36,0,19,67,0,86,16,0,16,102
04/14/2011,BPT,TX,ASW,CE,Towers with Radar,0,11,56,0,67,0,2,20,0,22,0,13,76,0,89,0,0,0,89
04/15/2011,BPT,TX,ASW,CE,Towers with Radar,0,11,34,1,46,0,2,17,1,20,0,13,51,2,66,6,0,6,72
04/16/2011,BPT,TX,ASW,CE,Towers with Radar,0,7,20,6,33,0,2,25,0,27,0,9,45,6,60,0,0,0,60
04/17/2011,BPT,TX,ASW,CE,Towers with Radar,0,11,25,0,36,0,2,17,0,19,0,13,42,0,55,0,0,0,55
04/18/2011,BPT,TX,ASW,CE,Towers with Radar,0,10,16,4,30,0,6,8,0,14,0,16,24,4,44,0,0,0,44
04/19/2011,BPT,TX,ASW,CE,Towers with Radar,0,9,33,0,42,0,3,16,0,19,0,12,49,0,61,6,0,6,67
04/20/2011,BPT,TX,ASW,CE,Towers with Radar,0,10,21,0,31,0,4,6,0,10,0,14,27,0,41,0,0,0,41
04/21/2011,BPT,TX,ASW,CE,Towers with Radar,0,9,38,0,47,0,4,9,2,15,0,13,47,2,62,0,0,0,62
04/22/2011,BPT,TX,ASW,CE,Towers with Radar,0,9,11,0,20,0,2,6,1,9,0,11,17,1,29,0,0,0,29
04/23/2011,BPT,TX,ASW,CE,Towers with Radar,0,7,27,2,36,0,2,7,1,10,0,9,34,3,46,0,0,0,46
04/24/2011,BPT,TX,ASW,CE,Towers with Radar,0,5,17,2,24,0,2,6,2,10,0,7,23,4,34,0,0,0,34
04/25/2011,BPT,TX,ASW,CE,Towers with Radar,0,11,23,0,34,0,2,8,0,10,0,13,31,0,44,0,0,0,44
04/26/2011,BPT,TX,ASW,CE,Towers with Radar,0,9,10,2,21,0,2,3,0,5,0,11,13,2,26,0,0,0,26
04/27/2011,BPT,TX,ASW,CE,Towers with Radar,0,9,22,1,32,0,9,29,3,41,0,18,51,4,73,10,0,10,83
04/28/2011,BPT,TX,ASW,CE,Towers with Radar,0,10,18,2,30,0,2,36,0,38,0,12,54,2,68,0,0,0,68
04/29/2011,BPT,TX,ASW,CE,Towers with Radar,0,9,16,2,27,0,2,17,2,21,0,11,33,4,48,0,8,8,56
04/30/2011,BPT,TX,ASW,CE,Towers with Radar,0,8,24,3,35,0,3,3,2,8,0,11,27,5,43,0,0,0,43
05/01/2011,BPT,TX,ASW,CE,Towers with Radar,0,7,28,0,35,0,4,7,2,13,0,11,35,2,48,10,0,10,58
05/02/2011,BPT,TX,ASW,CE,Towers with Radar,0,9,19,2,30,0,2,2,0,4,0,11,21,2,34,6,0,6,40
05/03/2011,BPT,TX,ASW,CE,Towers with Radar,0,8,39,6,53,0,4,12,3,19,0,12,51,9,72,0,0,0,72
05/04/2011,BPT,TX,ASW,CE,Towers with Radar,1,11,40,0,52,0,2,23,2,27,1,13,63,2,79,18,0,18,97
05/05/2011,BPT,TX,ASW,CE,Towers with Radar,0,12,21,0,33,0,4,37,0,41,0,16,58,0,74,22,0,22,96
05/06/2011,BPT,TX,ASW,CE,Towers with Radar,0,12,23,5,40,0,4,41,1,46,0,16,64,6,86,0,0,0,86
05/07/2011,BPT,TX,ASW,CE,Towers with Radar,0,5,6,6,17,0,2,17,1,20,0,7,23,7,37,20,0,20,57
05/08/2011,BPT,TX,ASW,CE,Towers with Radar,0,11,12,0,23,0,4,12,0,16,0,15,24,0,39,4,0,4,43
05/09/2011,BPT,TX,ASW,CE,Towers with Radar,0,7,12,0,19,0,2,4,0,6,0,9,16,0,25,0,0,0,25
05/10/2011,BPT,TX,ASW,CE,Towers with Radar,0,9,29,0,38,0,4,15,1,20,0,13,44,1,58,0,0,0,58
05/11/2011,BPT,TX,ASW,CE,Towers with Radar,1,10,38,0,49,0,4,21,0,25,1,14,59,0,74,20,0,20,94
05/12/2011,BPT,TX,ASW,CE,Towers with Radar,0,5,14,0,19,0,5,15,0,20,0,10,29,0,39,0,0,0,39
05/13/2011,BPT,TX,ASW,CE,Towers with Radar,0,8,31,0,39,0,6,18,0,24,0,14,49,0,63,24,0,24,87
05/14/2011,BPT,TX,ASW,CE,Towers with Radar,0,11,8,0,19,0,4,24,0,28,0,15,32,0,47,0,0,0,47
05/15/2011,BPT,TX,ASW,CE,Towers with Radar,0,9,16,0,25,0,2,33,0,35,0,11,49,0,60,8,0,8,68
05/16/2011,BPT,TX,ASW,CE,Towers with Radar,0,11,14,0,25,0,2,29,1,32,0,13,43,1,57,28,0,28,85
05/17/2011,BPT,TX,ASW,CE,Towers with Radar,0,9,20,0,29,0,2,19,4,25,0,11,39,4,54,0,0,0,54
05/18/2011,BPT,TX,ASW,CE,Towers with Radar,0,11,34,3,48,0,2,19,1,22,0,13,53,4,70,0,0,0,70
05/19/2011,BPT,TX,ASW,CE,Towers with Radar,0,9,16,0,25,0,4,11,2,17,0,13,27,2,42,0,0,0,42
05/20/2011,BPT,TX,ASW,CE,Towers with Radar,0,10,25,2,37,0,2,9,0,11,0,12,34,2,48,10,0,10,58
05/21/2011,BPT,TX,ASW,CE,Towers with Radar,0,6,11,0,17,0,2,15,0,17,0,8,26,0,34,18,0,18,52
05/22/2011,BPT,TX,ASW,CE,Towers with Radar,0,7,13,0,20,0,4,11,0,15,0,11,24,0,35,18,0,18,53
05/23/2011,BPT,TX,ASW,CE,Towers with Radar,0,9,13,6,28,0,5,10,0,15,0,14,23,6,43,0,0,0,43
05/24/2011,BPT,TX,ASW,CE,Towers with Radar,0,9,38,0,47,0,6,18,2,26,0,15,56,2,73,20,0,20,93
05/25/2011,BPT,TX,ASW,CE,Towers with Radar,0,11,26,5,42,0,2,12,0,14,0,13,38,5,56,0,0,0,56
05/26/2011,BPT,TX,ASW,CE,Towers with Radar,0,20,23,0,43,0,2,15,0,17,0,22,38,0,60,0,0,0,60
05/27/2011,BPT,TX,ASW,CE,Towers with Radar,0,9,29,0,38,0,2,18,2,22,0,11,47,2,60,0,0,0,60
05/28/2011,BPT,TX,ASW,CE,Towers with Radar,0,6,5,0,11,0,2,3,0,5,0,8,8,0,16,0,0,0,16
05/29/2011,BPT,TX,ASW,CE,Towers with Radar,0,5,7,0,12,0,2,4,0,6,0,7,11,0,18,0,0,0,18
05/30/2011,BPT,TX,ASW,CE,Towers with Radar,0,8,20,0,28,0,2,17,0,19,0,10,37,0,47,24,0,24,71
05/31/2011,BPT,TX,ASW,CE,Towers with Radar,0,8,25,0,33,0,4,40,0,44,0,12,65,0,77,0,0,0,77
06/01/2011,BPT,TX,ASW,CE,Towers with Radar,0,7,21,0,28,0,3,32,0,35,0,10,53,0,63,22,0,22,85
06/02/2011,BPT,TX,ASW,CE,Towers with Radar,0,11,30,0,41,0,4,13,0,17,0,15,43,0,58,0,0,0,58
06/03/2011,BPT,TX,ASW,CE,Towers with Radar,0,9,16,2,27,0,2,18,2,22,0,11,34,4,49,6,0,6,55
06/04/2011,BPT,TX,ASW,CE,Towers with Radar,0,5,19,0,24,0,3,46,3,52,0,8,65,3,76,6,0,6,82
06/05/2011,BPT,TX,ASW,CE,Towers with Radar,0,6,16,0,22,0,3,8,1,12,0,9,24,1,34,12,0,12,46
06/06/2011,BPT,TX,ASW,CE,Towers with Radar,0,5,8,0,13,0,2,11,0,13,0,7,19,0,26,6,0,6,32
06/07/2011,BPT,TX,ASW,CE,Towers with Radar,0,7,36,1,44,0,3,32,0,35,0,10,68,1,79,18,0,18,97
06/08/2011,BPT,TX,ASW,CE,Towers with Radar,0,11,21,0,32,0,6,29,2,37,0,17,50,2,69,12,0,12,81
06/09/2011,BPT,TX,ASW,CE,Towers with Radar,0,9,25,0,34,0,2,15,3,20,0,11,40,3,54,0,0,0,54
06/10/2011,BPT,TX,ASW,CE,Towers with Radar,0,9,13,4,26,0,6,18,5,29,0,15,31,9,55,16,0,16,71
06/11/2011,BPT,TX,ASW,CE,Towers with Radar,0,5,7,3,15,0,2,25,3,30,0,7,32,6,45,10,0,10,55
06/12/2011,BPT,TX,ASW,CE,Towers with Radar,0,7,12,0,19,0,3,14,0,17,0,10,26,0,36,6,0,6,42
06/13/2011,BPT,TX,ASW,CE,Towers with Radar,0,7,12,0,19,0,6,9,0,15,0,13,21,0,34,22,0,22,56
06/14/2011,BPT,TX,ASW,CE,Towers with Radar,0,11,32,0,43,0,7,40,0,47,0,18,72,0,90,0,0,0,90
06/15/2011,BPT,TX,ASW,CE,Towers with Radar,0,11,19,0,30,0,2,26,0,28,0,13,45,0,58,14,0,14,72
06/16/2011,BPT,TX,ASW,CE,Towers with Radar,0,8,29,0,37,0,2,21,0,23,0,10,50,0,60,0,0,0,60
06/17/2011,BPT,TX,ASW,CE,Towers with Radar,0,11,23,3,37,0,3,25,0,28,0,14,48,3,65,10,0,10,75
06/18/2011,BPT,TX,ASW,CE,Towers with Radar,1,5,6,5,17,0,2,20,1,23,1,7,26,6,40,12,0,12,52
06/19/2011,BPT,TX,ASW,CE,Towers with Radar,0,9,14,0,23,0,2,9,0,11,0,11,23,0,34,0,0,0,34
06/20/2011,BPT,TX,ASW,CE,Towers with Radar,0,14,22,0,36,0,5,16,0,21,0,19,38,0,57,28,0,28,85
06/21/2011,BPT,TX,ASW,CE,Towers with Radar,0,14,22,0,36,0,2,10,0,12,0,16,32,0,48,6,0,6,54
06/22/2011,BPT,TX,ASW,CE,Towers with Radar,0,5,11,0,16,0,2,1,0,3,0,7,12,0,19,0,0,0,19
06/23/2011,BPT,TX,ASW,CE,Towers with Radar,0,9,40,0,49,0,2,7,0,9,0,11,47,0,58,0,0,0,58
06/24/2011,BPT,TX,ASW,CE,Towers with Radar,0,5,33,0,38,0,2,18,0,20,0,7,51,0,58,26,0,26,84
06/25/2011,BPT,TX,ASW,CE,Towers with Radar,0,8,12,0,20,0,4,24,0,28,0,12,36,0,48,18,0,18,66
06/26/2011,BPT,TX,ASW,CE,Towers with Radar,0,14,18,0,32,0,2,15,0,17,0,16,33,0,49,0,0,0,49
06/27/2011,BPT,TX,ASW,CE,Towers with Radar,0,10,30,3,43,0,2,24,0,26,0,12,54,3,69,22,0,22,91
06/28/2011,BPT,TX,ASW,CE,Towers with Radar,0,8,23,0,31,0,2,16,0,18,0,10,39,0,49,46,0,46,95
06/29/2011,BPT,TX,ASW,CE,Towers with Radar,0,9,28,4,41,0,4,30,0,34,0,13,58,4,75,0,0,0,75
06/30/2011,BPT,TX,ASW,CE,Towers with Radar,0,9,33,0,42,0,2,37,0,39,0,11,70,0,81,6,0,6,87
07/01/2011,BPT,TX,ASW,CE,Towers with Radar,0,11,34,0,45,0,2,19,0,21,0,13,53,0,66,0,0,0,66
07/02/2011,BPT,TX,ASW,CE,Towers with Radar,0,9,4,4,17,0,2,31,0,33,0,11,35,4,50,2,0,2,52
07/03/2011,BPT,TX,ASW,CE,Towers with Radar,0,6,4,0,10,0,2,8,0,10,0,8,12,0,20,0,0,0,20
07/04/2011,BPT,TX,ASW,CE,Towers with Radar,0,7,6,0,13,0,2,17,0,19,0,9,23,0,32,0,0,0,32
07/05/2011,BPT,TX,ASW,CE,Towers with Radar,0,14,20,0,34,0,8,10,0,18,0,22,30,0,52,0,0,0,52
07/06/2011,BPT,TX,ASW,CE,Towers with Radar,0,9,22,0,31,0,2,19,0,21,0,11,41,0,52,8,0,8,60
07/07/2011,BPT,TX,ASW,CE,Towers with Radar,0,15,23,0,38,0,0,22,2,24,0,15,45,2,62,0,0,0,62
07/08/2011,BPT,TX,ASW,CE,Towers with Radar,0,10,14,0,24,0,3,25,0,28,0,13,39,0,52,0,0,0,52
07/09/2011,BPT,TX,ASW,CE,Towers with Radar,0,8,11,7,26,0,2,16,3,21,0,10,27,10,47,2,0,2,49
07/10/2011,BPT,TX,ASW,CE,Towers with Radar,0,9,13,0,22,0,5,7,4,16,0,14,20,4,38,0,0,0,38
07/11/2011,BPT,TX,ASW,CE,Towers with Radar,0,13,10,0,23,0,3,5,0,8,0,16,15,0,31,0,0,0,31
07/12/2011,BPT,TX,ASW,CE,Towers with Radar,0,7,20,2,29,0,4,14,0,18,0,11,34,2,47,0,0,0,47
07/13/2011,BPT,TX,ASW,CE,Towers with Radar,0,12,25,0,37,0,6,15,3,24,0,18,40,3,61,0,0,0,61
07/14/2011,BPT,TX,ASW,CE,Towers with Radar,0,12,25,0,37,0,2,17,0,19,0,14,42,0,56,6,0,6,62
07/15/2011,BPT,TX,ASW,CE,Towers with Radar,0,13,17,0,30,0,4,4,2,10,0,17,21,2,40,0,0,0,40
07/16/2011,BPT,TX,ASW,CE,Towers with Radar,0,5,8,0,13,0,0,13,0,13,0,5,21,0,26,0,0,0,26
07/17/2011,BPT,TX,ASW,CE,Towers with Radar,0,10,10,0,20,0,2,9,0,11,0,12,19,0,31,0,0,0,31
07/18/2011,BPT,TX,ASW,CE,Towers with Radar,0,11,14,0,25,0,4,12,2,18,0,15,26,2,43,18,0,18,61
07/19/2011,BPT,TX,ASW,CE,Towers with Radar,0,6,28,2,36,0,2,10,0,12,0,8,38,2,48,0,0,0,48
07/20/2011,BPT,TX,ASW,CE,Towers with Radar,0,7,22,2,31,0,2,24,3,29,0,9,46,5,60,0,0,0,60
07/21/2011,BPT,TX,ASW,CE,Towers with Radar,0,11,20,0,31,0,2,30,0,32,0,13,50,0,63,0,0,0,63
07/22/2011,BPT,TX,ASW,CE,Towers with Radar,0,11,25,4,40,0,2,24,1,27,0,13,49,5,67,2,0,2,69
07/23/2011,BPT,TX,ASW,CE,Towers with Radar,0,5,16,2,23,0,2,22,2,26,0,7,38,4,49,6,0,6,55
07/24/2011,BPT,TX,ASW,CE,Towers with Radar,0,9,20,2,31,0,5,27,3,35,0,14,47,5,66,22,0,22,88
07/25/2011,BPT,TX,ASW,CE,Towers with Radar,0,12,19,0,31,0,3,30,0,33,0,15,49,0,64,14,0,14,78
07/26/2011,BPT,TX,ASW,CE,Towers with Radar,0,10,30,0,40,0,3,21,0,24,0,13,51,0,64,0,0,0,64
07/27/2011,BPT,TX,ASW,CE,Towers with Radar,0,8,20,0,28,0,2,6,0,8,0,10,26,0,36,0,0,0,36
07/28/2011,BPT,TX,ASW,CE,Towers with Radar,0,8,19,8,35,0,3,29,2,34,0,11,48,10,69,16,0,16,85
07/29/2011,BPT,TX,ASW,CE,Towers with Radar,0,9,18,0,27,0,4,19,0,23,0,13,37,0,50,10,0,10,60
07/30/2011,BPT,TX,ASW,CE,Towers with Radar,0,6,11,2,19,0,2,29,0,31,0,8,40,2,50,14,0,14,64
07/31/2011,BPT,TX,ASW,CE,Towers with Radar,0,8,19,0,27,0,1,19,0,20,0,9,38,0,47,0,0,0,47
08/01/2011,BPT,TX,ASW,CE,Towers with Radar,0,12,19,0,31,0,4,28,0,32,0,16,47,0,63,14,0,14,77
08/02/2011,BPT,TX,ASW,CE,Towers with Radar,0,9,20,0,29,0,4,41,0,45,0,13,61,0,74,4,0,4,78
08/03/2011,BPT,TX,ASW,CE,Towers with Radar,0,6,20,0,26,0,2,12,0,14,0,8,32,0,40,0,0,0,40
08/04/2011,BPT,TX,ASW,CE,Towers with Radar,0,7,21,0,28,0,2,35,0,37,0,9,56,0,65,26,0,26,91
08/05/2011,BPT,TX,ASW,CE,Towers with Radar,0,13,7,4,24,0,5,22,0,27,0,18,29,4,51,10,0,10,61
08/06/2011,BPT,TX,ASW,CE,Towers with Radar,0,7,12,0,19,0,2,23,0,25,0,9,35,0,44,36,0,36,80
08/07/2011,BPT,TX,ASW,CE,Towers with Radar,0,5,24,0,29,0,2,30,0,32,0,7,54,0,61,14,0,14,75
08/08/2011,BPT,TX,ASW,CE,Towers with Radar,0,7,23,0,30,0,2,24,2,28,0,9,47,2,58,20,0,20,78
08/09/2011,BPT,TX,ASW,CE,Towers with Radar,0,10,35,0,45,0,6,18,0,24,0,16,53,0,69,30,0,30,99
08/10/2011,BPT,TX,ASW,CE,Towers with Radar,0,8,26,0,34,0,6,16,2,24,0,14,42,2,58,2,0,2,60
08/11/2011,BPT,TX,ASW,CE,Towers with Radar,0,6,25,4,35,0,2,26,0,28,0,8,51,4,63,2,0,2,65
08/12/2011,BPT,TX,ASW,CE,Towers with Radar,0,9,28,2,39,0,4,34,0,38,0,13,62,2,77,20,0,20,97
08/13/2011,BPT,TX,ASW,CE,Towers with Radar,0,4,9,0,13,0,2,16,1,19,0,6,25,1,32,0,0,0,32
08/14/2011,BPT,TX,ASW,CE,Towers with Radar,0,5,18,0,23,0,2,21,0,23,0,7,39,0,46,18,0,18,64
08/15/2011,BPT,TX,ASW,CE,Towers with Radar,0,10,22,12,44,0,2,20,0,22,0,12,42,12,66,8,0,8,74
08/16/2011,BPT,TX,ASW,CE,Towers with Radar,0,8,28,0,36,0,4,17,0,21,0,12,45,0,57,0,0,0,57
08/17/2011,BPT,TX,ASW,CE,Towers with Radar,0,4,19,0,23,0,2,17,0,19,0,6,36,0,42,0,0,0,42
08/18/2011,BPT,TX,ASW,CE,Towers with Radar,0,9,15,2,26,0,2,27,0,29,0,11,42,2,55,28,0,28,83
08/19/2011,BPT,TX,ASW,CE,Towers with Radar,0,8,13,6,27,0,2,16,0,18,0,10,29,6,45,40,0,40,85
08/20/2011,BPT,TX,ASW,CE,Towers with Radar,0,4,18,0,22,0,0,29,2,31,0,4,47,2,53,22,0,22,75
08/21/2011,BPT,TX,ASW,CE,Towers with Radar,0,5,23,0,28,0,2,14,0,16,0,7,37,0,44,30,0,30,74
08/22/2011,BPT,TX,ASW,CE,Towers with Radar,0,7,13,1,21,0,4,25,1,30,0,11,38,2,51,8,0,8,59
08/23/2011,BPT,TX,ASW,CE,Towers with Radar,0,8,22,0,30,0,0,21,6,27,0,8,43,6,57,0,0,0,57
08/24/2011,BPT,TX,ASW,CE,Towers with Radar,2,7,21,0,30,0,2,18,0,20,2,9,39,0,50,4,0,4,54
08/25/2011,BPT,TX,ASW,CE,Towers with Radar,0,6,23,1,30,0,6,19,0,25,0,12,42,1,55,30,0,30,85
08/26/2011,BPT,TX,ASW,CE,Towers with Radar,0,9,28,7,44,0,3,14,3,20,0,12,42,10,64,0,0,0,64
08/27/2011,BPT,TX,ASW,CE,Towers with Radar,0,4,10,0,14,0,0,23,2,25,0,4,33,2,39,0,0,0,39
08/28/2011,BPT,TX,ASW,CE,Towers with Radar,0,6,12,0,18,0,2,8,0,10,0,8,20,0,28,4,0,4,32
08/29/2011,BPT,TX,ASW,CE,Towers with Radar,0,7,17,0,24,0,2,23,0,25,0,9,40,0,49,10,0,10,59
08/30/2011,BPT,TX,ASW,CE,Towers with Radar,0,11,28,1,40,0,2,27,0,29,0,13,55,1,69,42,0,42,111
08/31/2011,BPT,TX,ASW,CE,Towers with Radar,0,11,15,2,28,0,0,24,4,28,0,11,39,6,56,18,0,18,74
09/01/2011,BPT,TX,ASW,CE,Towers with Radar,0,10,20,0,30,0,2,8,0,10,0,12,28,0,40,20,0,20,60
09/02/2011,BPT,TX,ASW,CE,Towers with Radar,0,12,28,0,40,0,0,14,0,14,0,12,42,0,54,0,0,0,54
09/03/2011,BPT,TX,ASW,CE,Towers with Radar,0,5,6,2,13,0,0,0,1,1,0,5,6,3,14,0,0,0,14
09/04/2011,BPT,TX,ASW,CE,Towers with Radar,0,5,8,1,14,0,0,1,0,1,0,5,9,1,15,0,0,0,15
09/05/2011,BPT,TX,ASW,CE,Towers with Radar,0,7,18,0,25,0,0,13,0,13,0,7,31,0,38,18,0,18,56
09/06/2011,BPT,TX,ASW,CE,Towers with Radar,0,9,30,0,39,0,3,14,0,17,0,12,44,0,56,20,0,20,76
09/07/2011,BPT,TX,ASW,CE,Towers with Radar,0,13,42,0,55,0,2,29,3,34,0,15,71,3,89,4,0,4,93
09/08/2011,BPT,TX,ASW,CE,Towers with Radar,0,13,22,17,52,0,6,16,3,25,0,19,38,20,77,16,0,16,93
09/09/2011,BPT,TX,ASW,CE,Towers with Radar,0,9,27,0,36,5,1,17,0,23,5,10,44,0,59,47,0,47,106
09/10/2011,BPT,TX,ASW,CE,Towers with Radar,0,6,23,0,29,0,2,9,0,11,0,8,32,0,40,8,0,8,48
09/11/2011,BPT,TX,ASW,CE,Towers with Radar,0,10,14,1,25,0,2,22,0,24,0,12,36,1,49,0,0,0,49
09/12/2011,BPT,TX,ASW,CE,Towers with Radar,0,9,8,4,21,0,2,25,14,41,0,11,33,18,62,20,0,20,82
09/13/2011,BPT,TX,ASW,CE,Towers with Radar,0,7,12,3,22,0,1,44,2,47,0,8,56,5,69,0,0,0,69
09/14/2011,BPT,TX,ASW,CE,Towers with Radar,0,16,37,1,54,0,2,37,1,40,0,18,74,2,94,0,0,0,94
09/15/2011,BPT,TX,ASW,CE,Towers with Radar,0,11,12,2,25,0,4,32,1,37,0,15,44,3,62,30,0,30,92
09/16/2011,BPT,TX,ASW,CE,Towers with Radar,0,12,25,24,61,0,2,30,1,33,0,14,55,25,94,10,0,10,104
09/17/2011,BPT,TX,ASW,CE,Towers with Radar,0,6,8,2,16,0,0,13,0,13,0,6,21,2,29,28,0,28,57
09/18/2011,BPT,TX,ASW,CE,Towers with Radar,0,7,8,0,15,0,0,7,0,7,0,7,15,0,22,0,0,0,22
09/19/2011,BPT,TX,ASW,CE,Towers with Radar,0,11,3,1,15,0,2,16,3,21,0,13,19,4,36,32,0,32,68
09/20/2011,BPT,TX,ASW,CE,Towers with Radar,2,12,24,4,42,0,0,35,6,41,2,12,59,10,83,28,0,28,111
09/21/2011,BPT,TX,ASW,CE,Towers with Radar,0,8,23,17,48,0,2,28,4,34,0,10,51,21,82,0,0,0,82
09/22/2011,BPT,TX,ASW,CE,Towers with Radar,0,9,24,0,33,0,2,32,4,38,0,11,56,4,71,24,0,24,95
09/23/2011,BPT,TX,ASW,CE,Towers with Radar,0,12,13,1,26,0,0,28,1,29,0,12,41,2,55,26,0,26,81
09/24/2011,BPT,TX,ASW,CE,Towers with Radar,0,12,17,1,30,0,3,29,0,32,0,15,46,1,62,2,0,2,64
09/25/2011,BPT,TX,ASW,CE,Towers with Radar,0,5,27,0,32,0,2,12,0,14,0,7,39,0,46,0,0,0,46
09/26/2011,BPT,TX,ASW,CE,Towers with Radar,0,10,12,0,22,0,0,6,0,6,0,10,18,0,28,0,0,0,28
09/27/2011,BPT,TX,ASW,CE,Towers with Radar,0,9,20,15,44,0,4,18,10,32,0,13,38,25,76,0,0,0,76
09/28/2011,BPT,TX,ASW,CE,Towers with Radar,0,10,32,5,47,0,2,14,0,16,0,12,46,5,63,10,0,10,73
09/29/2011,BPT,TX,ASW,CE,Towers with Radar,0,7,19,0,26,0,2,16,0,18,0,9,35,0,44,0,0,0,44
09/30/2011,BPT,TX,ASW,CE,Towers with Radar,0,10,27,0,37,0,9,28,0,37,0,19,55,0,74,14,0,14,88
10/01/2011,BPT,TX,ASW,CE,Towers with Radar,0,5,10,1,16,0,2,30,0,32,0,7,40,1,48,2,0,2,50
10/02/2011,BPT,TX,ASW,CE,Towers with Radar,0,8,17,0,25,0,0,33,2,35,0,8,50,2,60,0,0,0,60
10/03/2011,BPT,TX,ASW,CE,Towers with Radar,0,10,29,0,39,0,0,26,0,26,0,10,55,0,65,0,0,0,65
10/04/2011,BPT,TX,ASW,CE,Towers with Radar,0,6,26,1,33,0,2,22,0,24,0,8,48,1,57,8,0,8,65
10/05/2011,BPT,TX,ASW,CE,Towers with Radar,0,8,21,4,33,0,0,24,0,24,0,8,45,4,57,0,0,0,57
10/06/2011,BPT,TX,ASW,CE,Towers with Radar,0,13,47,7,67,0,0,25,0,25,0,13,72,7,92,12,0,12,104
10/07/2011,BPT,TX,ASW,CE,Towers with Radar,0,11,14,13,38,0,0,3,4,7,0,11,17,17,45,0,0,0,45
10/08/2011,BPT,TX,ASW,CE,Towers with Radar,1,9,22,3,35,0,0,26,1,27,1,9,48,4,62,0,0,0,62
10/09/2011,BPT,TX,ASW,CE,Towers with Radar,2,5,17,1,25,0,0,4,0,4,2,5,21,1,29,0,0,0,29
10/10/2011,BPT,TX,ASW,CE,Towers with Radar,0,12,12,2,26,0,0,17,1,18,0,12,29,3,44,0,0,0,44
10/11/2011,BPT,TX,ASW,CE,Towers with Radar,0,8,25,7,40,0,0,16,0,16,0,8,41,7,56,0,0,0,56
10/12/2011,BPT,TX,ASW,CE,Towers with Radar,0,7,20,0,27,0,0,19,0,19,0,7,39,0,46,0,0,0,46
10/13/2011,BPT,TX,ASW,CE,Towers with Radar,0,13,12,0,25,0,0,23,0,23,0,13,35,0,48,12,0,12,60
10/14/2011,BPT,TX,ASW,CE,Towers with Radar,0,13,11,0,24,0,0,30,0,30,0,13,41,0,54,20,0,20,74
10/15/2011,BPT,TX,ASW,CE,Towers with Radar,0,4,5,2,11,0,0,22,0,22,0,4,27,2,33,0,0,0,33
10/16/2011,BPT,TX,ASW,CE,Towers with Radar,0,7,17,7,31,0,0,18,0,18,0,7,35,7,49,0,0,0,49
10/17/2011,BPT,TX,ASW,CE,Towers with Radar,0,5,14,16,35,0,1,23,2,26,0,6,37,18,61,16,0,16,77
10/18/2011,BPT,TX,ASW,CE,Towers with Radar,0,8,32,1,41,0,1,3,0,4,0,9,35,1,45,0,0,0,45
10/19/2011,BPT,TX,ASW,CE,Towers with Radar,0,9,21,2,32,0,0,17,0,17,0,9,38,2,49,0,0,0,49
10/20/2011,BPT,TX,ASW,CE,Towers with Radar,0,9,17,0,26,0,0,14,0,14,0,9,31,0,40,18,0,18,58
10/21/2011,BPT,TX,ASW,CE,Towers with Radar,0,11,19,0,30,0,5,38,0,43,0,16,57,0,73,12,0,12,85
10/22/2011,BPT,TX,ASW,CE,Towers with Radar,0,7,12,2,21,0,0,30,0,30,0,7,42,2,51,16,0,16,67
10/23/2011,BPT,TX,ASW,CE,Towers with Radar,0,8,17,0,25,0,0,24,0,24,0,8,41,0,49,6,0,6,55
10/24/2011,BPT,TX,ASW,CE,Towers with Radar,0,8,24,2,34,0,0,41,0,41,0,8,65,2,75,2,0,2,77
10/25/2011,BPT,TX,ASW,CE,Towers with Radar,0,6,56,0,62,0,6,46,0,52,0,12,102,0,114,2,0,2,116
10/26/2011,BPT,TX,ASW,CE,Towers with Radar,0,7,44,0,51,0,0,25,5,30,0,7,69,5,81,6,0,6,87
10/27/2011,BPT,TX,ASW,CE,Towers with Radar,0,9,19,3,31,0,0,17,0,17,0,9,36,3,48,8,0,8,56
10/28/2011,BPT,TX,ASW,CE,Towers with Radar,0,11,26,4,41,0,3,8,0,11,0,14,34,4,52,0,0,0,52
10/29/2011,BPT,TX,ASW,CE,Towers with Radar,0,7,12,6,25,0,0,25,1,26,0,7,37,7,51,0,0,0,51
10/30/2011,BPT,TX,ASW,CE,Towers with Radar,0,7,9,2,18,0,0,22,0,22,0,7,31,2,40,0,0,0,40
10/31/2011,BPT,TX,ASW,CE,Towers with Radar,0,7,7,0,14,0,4,19,0,23,0,11,26,0,37,10,0,10,47
11/01/2011,BPT,TX,ASW,CE,Towers with Radar,0,7,15,8,30,0,0,30,0,30,0,7,45,8,60,28,0,28,88
11/02/2011,BPT,TX,ASW,CE,Towers with Radar,0,6,42,5,53,0,0,19,0,19,0,6,61,5,72,8,0,8,80
11/03/2011,BPT,TX,ASW,CE,Towers with Radar,0,14,30,6,50,0,0,15,1,16,0,14,45,7,66,6,0,6,72
11/04/2011,BPT,TX,ASW,CE,Towers with Radar,0,11,36,0,47,0,6,20,0,26,0,17,56,0,73,26,0,26,99
11/05/2011,BPT,TX,ASW,CE,Towers with Radar,0,5,8,2,15,0,0,9,1,10,0,5,17,3,25,6,0,6,31
11/06/2011,BPT,TX,ASW,CE,Towers with Radar,0,9,8,2,19,0,0,16,0,16,0,9,24,2,35,2,0,2,37
11/07/2011,BPT,TX,ASW,CE,Towers with Radar,0,12,26,0,38,0,0,7,0,7,0,12,33,0,45,44,0,44,89
11/08/2011,BPT,TX,ASW,CE,Towers with Radar,0,10,38,4,52,0,2,11,0,13,0,12,49,4,65,12,4,16,81
11/09/2011,BPT,TX,ASW,CE,Towers with Radar,1,11,26,2,40,0,0,22,0,22,1,11,48,2,62,10,0,10,72
11/10/2011,BPT,TX,ASW,CE,Towers with Radar,0,18,13,2,33,0,2,16,0,18,0,20,29,2,51,18,0,18,69
11/11/2011,BPT,TX,ASW,CE,Towers with Radar,0,9,16,2,27,0,0,30,0,30,0,9,46,2,57,0,0,0,57
11/12/2011,BPT,TX,ASW,CE,Towers with Radar,0,6,21,0,27,0,0,12,0,12,0,6,33,0,39,6,0,6,45
11/13/2011,BPT,TX,ASW,CE,Towers with Radar,0,9,14,4,27,0,0,7,0,7,0,9,21,4,34,0,0,0,34
11/14/2011,BPT,TX,ASW,CE,Towers with Radar,0,9,28,1,38,0,3,12,0,15,0,12,40,1,53,16,0,16,69
11/15/2011,BPT,TX,ASW,CE,Towers with Radar,4,8,22,1,35,0,4,6,0,10,4,12,28,1,45,0,0,0,45
11/16/2011,BPT,TX,ASW,CE,Towers with Radar,0,9,26,0,35,0,0,26,2,28,0,9,52,2,63,30,0,30,93
11/17/2011,BPT,TX,ASW,CE,Towers with Radar,0,10,31,0,41,0,6,29,0,35,0,16,60,0,76,22,0,22,98
11/18/2011,BPT,TX,ASW,CE,Towers with Radar,0,11,29,0,40,0,12,37,0,49,0,23,66,0,89,28,0,28,117
11/19/2011,BPT,TX,ASW,CE,Towers with Radar,0,5,9,0,14,0,2,19,1,22,0,7,28,1,36,0,0,0,36
11/20/2011,BPT,TX,ASW,CE,Towers with Radar,1,6,17,1,25,0,0,2,0,2,1,6,19,1,27,36,0,36,63
11/21/2011,BPT,TX,ASW,CE,Towers with Radar,0,8,25,0,33,0,0,4,0,4,0,8,29,0,37,22,0,22,59
11/22/2011,BPT,TX,ASW,CE,Towers with Radar,0,10,17,0,27,0,0,3,2,5,0,10,20,2,32,0,0,0,32
11/23/2011,BPT,TX,ASW,CE,Towers with Radar,0,13,16,0,29,0,2,19,0,21,0,15,35,0,50,4,0,4,54
11/24/2011,BPT,TX,ASW,CE,Towers with Radar,0,3,10,0,13,0,0,15,0,15,0,3,25,0,28,10,0,10,38
11/25/2011,BPT,TX,ASW,CE,Towers with Radar,0,7,27,0,34,0,0,17,0,17,0,7,44,0,51,26,0,26,77
11/26/2011,BPT,TX,ASW,CE,Towers with Radar,0,6,6,2,14,0,0,1,0,1,0,6,7,2,15,0,0,0,15
11/27/2011,BPT,TX,ASW,CE,Towers with Radar,0,10,32,0,42,0,0,10,0,10,0,10,42,0,52,10,0,10,62
11/28/2011,BPT,TX,ASW,CE,Towers with Radar,0,13,11,0,24,0,0,27,0,27,0,13,38,0,51,22,0,22,73
11/29/2011,BPT,TX,ASW,CE,Towers with Radar,0,12,14,2,28,0,6,20,2,28,0,18,34,4,56,42,0,42,98
11/30/2011,BPT,TX,ASW,CE,Towers with Radar,0,8,34,0,42,0,0,30,0,30,0,8,64,0,72,22,0,22,94
12/01/2011,BPT,TX,ASW,CE,Towers with Radar,0,11,26,1,38,0,4,17,0,21,0,15,43,1,59,14,0,14,73
12/02/2011,BPT,TX,ASW,CE,Towers with Radar,0,10,35,4,49,0,2,21,0,23,0,12,56,4,72,16,0,16,88
12/03/2011,BPT,TX,ASW,CE,Towers with Radar,0,5,24,0,29,0,0,25,0,25,0,5,49,0,54,8,0,8,62
12/04/2011,BPT,TX,ASW,CE,Towers with Radar,0,11,18,1,30,0,0,0,0,0,0,11,18,1,30,0,0,0,30
12/05/2011,BPT,TX,ASW,CE,Towers with Radar,0,9,20,0,29,0,0,1,0,1,0,9,21,0,30,0,0,0,30
12/06/2011,BPT,TX,ASW,CE,Towers with Radar,0,7,27,0,34,0,0,2,0,2,0,7,29,0,36,0,0,0,36
12/07/2011,BPT,TX,ASW,CE,Towers with Radar,0,13,23,0,36,0,0,15,1,16,0,13,38,1,52,0,0,0,52
12/08/2011,BPT,TX,ASW,CE,Towers with Radar,0,9,9,0,18,0,2,30,0,32,0,11,39,0,50,0,0,0,50
12/09/2011,BPT,TX,ASW,CE,Towers with Radar,0,10,26,0,36,0,10,11,0,21,0,20,37,0,57,14,0,14,71
12/10/2011,BPT,TX,ASW,CE,Towers with Radar,0,6,12,0,18,0,2,14,0,16,0,8,26,0,34,42,0,42,76
12/11/2011,BPT,TX,ASW,CE,Towers with Radar,0,10,12,0,22,0,0,14,1,15,0,10,26,1,37,8,0,8,45
12/12/2011,BPT,TX,ASW,CE,Towers with Radar,0,14,21,2,37,0,3,10,0,13,0,17,31,2,50,4,0,4,54
12/13/2011,BPT,TX,ASW,CE,Towers with Radar,0,8,23,11,42,0,0,1,1,2,0,8,24,12,44,0,0,0,44
12/14/2011,BPT,TX,ASW,CE,Towers with Radar,0,7,19,7,33,0,2,1,0,3,0,9,20,7,36,0,0,0,36
12/15/2011,BPT,TX,ASW,CE,Towers with Radar,0,6,33,0,39,0,0,6,4,10,0,6,39,4,49,0,0,0,49
12/16/2011,BPT,TX,ASW,CE,Towers with Radar,0,9,33,2,44,0,0,5,0,5,0,9,38,2,49,0,0,0,49
12/17/2011,BPT,TX,ASW,CE,Towers with Radar,0,6,13,0,19,0,0,11,0,11,0,6,24,0,30,6,0,6,36
12/18/2011,BPT,TX,ASW,CE,Towers with Radar,0,8,27,0,35,0,0,29,0,29,0,8,56,0,64,0,0,0,64
12/19/2011,BPT,TX,ASW,CE,Towers with Radar,0,9,5,0,14,0,0,3,2,5,0,9,8,2,19,0,0,0,19
12/20/2011,BPT,TX,ASW,CE,Towers with Radar,0,10,14,0,24,0,0,2,0,2,0,10,16,0,26,0,0,0,26
12/21/2011,BPT,TX,ASW,CE,Towers with Radar,0,8,25,0,33,0,0,9,0,9,0,8,34,0,42,0,0,0,42
12/22/2011,BPT,TX,ASW,CE,Towers with Radar,0,14,22,1,37,0,0,1,1,2,0,14,23,2,39,0,0,0,39
12/23/2011,BPT,TX,ASW,CE,Towers with Radar,0,12,6,2,20,0,0,13,0,13,0,12,19,2,33,0,0,0,33
12/24/2011,BPT,TX,ASW,CE,Towers with Radar,0,7,12,0,19,0,2,0,0,2,0,9,12,0,21,0,0,0,21
12/25/2011,BPT,TX,ASW,CE,Towers with Radar,0,3,4,0,7,0,0,0,0,0,0,3,4,0,7,0,0,0,7
12/26/2011,BPT,TX,ASW,CE,Towers with Radar,0,9,9,0,18,0,0,2,0,2,0,9,11,0,20,0,0,0,20
12/27/2011,BPT,TX,ASW,CE,Towers with Radar,0,11,8,0,19,0,0,18,0,18,0,11,26,0,37,10,0,10,47
12/28/2011,BPT,TX,ASW,CE,Towers with Radar,0,9,12,0,21,0,2,35,1,38,0,11,47,1,59,0,0,0,59
12/29/2011,BPT,TX,ASW,CE,Towers with Radar,0,5,19,0,24,0,0,30,0,30,0,5,49,0,54,20,0,20,74
12/30/2011,BPT,TX,ASW,CE,Towers with Radar,0,14,6,0,20,0,4,20,0,24,0,18,26,0,44,0,0,0,44
12/31/2011,BPT,TX,ASW,CE,Towers with Radar,0,2,17,0,19,0,0,2,0,2,0,2,19,0,21,0,0,0,21
01/01/2012,BPT,TX,ASW,CE,Towers with Radar,0,14,15,0,29,0,2,14,0,16,0,16,29,0,45,0,0,0,45
01/02/2012,BPT,TX,ASW,CE,Towers with Radar,0,12,18,0,30,0,1,35,0,36,0,13,53,0,66,16,0,16,82
01/03/2012,BPT,TX,ASW,CE,Towers with Radar,2,9,16,0,27,0,2,30,0,32,2,11,46,0,59,4,0,4,63
01/04/2012,BPT,TX,ASW,CE,Towers with Radar,0,9,20,10,39,0,0,28,2,30,0,9,48,12,69,8,0,8,77
01/05/2012,BPT,TX,ASW,CE,Towers with Radar,0,12,17,0,29,0,2,28,1,31,0,14,45,1,60,0,0,0,60
01/06/2012,BPT,TX,ASW,CE,Towers with Radar,0,9,22,0,31,0,2,20,0,22,0,11,42,0,53,0,0,0,53
01/07/2012,BPT,TX,ASW,CE,Towers with Radar,0,11,13,14,38,0,0,16,0,16,0,11,29,14,54,20,10,30,84
01/08/2012,BPT,TX,ASW,CE,Towers with Radar,0,8,20,2,30,0,0,12,0,12,0,8,32,2,42,46,0,46,88
01/09/2012,BPT,TX,ASW,CE,Towers with Radar,0,4,7,0,11,0,0,0,0,0,0,4,7,0,11,0,0,0,11
01/10/2012,BPT,TX,ASW,CE,Towers with Radar,0,8,31,0,39,0,0,19,0,19,0,8,50,0,58,6,0,6,64
01/11/2012,BPT,TX,ASW,CE,Towers with Radar,0,11,39,0,50,0,6,29,0,35,0,17,68,0,85,0,0,0,85
01/12/2012,BPT,TX,ASW,CE,Towers with Radar,0,8,37,0,45,0,0,22,0,22,0,8,59,0,67,10,0,10,77
01/13/2012,BPT,TX,ASW,CE,Towers with Radar,0,15,24,0,39,0,0,32,2,34,0,15,56,2,73,30,0,30,103
01/14/2012,BPT,TX,ASW,CE,Towers with Radar,0,6,18,0,24,0,0,25,0,25,0,6,43,0,49,34,0,34,83
01/15/2012,BPT,TX,ASW,CE,Towers with Radar,0,8,25,0,33,0,1,23,1,25,0,9,48,1,58,16,0,16,74
01/16/2012,BPT,TX,ASW,CE,Towers with Radar,0,13,15,0,28,0,0,10,0,10,0,13,25,0,38,12,0,12,50
01/17/2012,BPT,TX,ASW,CE,Towers with Radar,0,6,24,0,30,0,0,2,0,2,0,6,26,0,32,0,0,0,32
01/18/2012,BPT,TX,ASW,CE,Towers with Radar,0,6,37,2,45,0,4,18,0,22,0,10,55,2,67,38,0,38,105
01/19/2012,BPT,TX,ASW,CE,Towers with Radar,0,8,20,0,28,0,0,12,2,14,0,8,32,2,42,10,0,10,52
01/20/2012,BPT,TX,ASW,CE,Towers with Radar,1,9,49,0,59,0,0,1,0,1,1,9,50,0,60,0,0,0,60
01/21/2012,BPT,TX,ASW,CE,Towers with Radar,0,15,28,0,43,0,0,8,0,8,0,15,36,0,51,10,0,10,61
01/22/2012,BPT,TX,ASW,CE,Towers with Radar,0,8,9,0,17,0,0,6,0,6,0,8,15,0,23,16,0,16,39
01/23/2012,BPT,TX,ASW,CE,Towers with Radar,0,9,23,0,32,0,2,50,4,56,0,11,73,4,88,70,0,70,158
01/24/2012,BPT,TX,ASW,CE,Towers with Radar,0,7,22,0,29,0,4,8,0,12,0,11,30,0,41,20,0,20,61
01/25/2012,BPT,TX,ASW,CE,Towers with Radar,0,3,9,0,12,0,0,2,0,2,0,3,11,0,14,0,0,0,14
01/26/2012,BPT,TX,ASW,CE,Towers with Radar,0,12,19,4,35,0,0,7,0,7,0,12,26,4,42,4,0,4,46
01/27/2012,BPT,TX,ASW,CE,Towers with Radar,0,9,26,4,39,0,2,36,9,47,0,11,62,13,86,44,0,44,130
01/28/2012,BPT,TX,ASW,CE,Towers with Radar,0,20,7,8,35,0,2,13,5,20,0,22,20,13,55,0,0,0,55
01/29/2012,BPT,TX,ASW,CE,Towers with Radar,0,8,17,10,35,0,0,38,4,42,0,8,55,14,77,26,0,26,103
01/30/2012,BPT,TX,ASW,CE,Towers with Radar,0,12,19,13,44,0,2,33,1,36,0,14,52,14,80,46,0,46,126
01/31/2012,BPT,TX,ASW,CE,Towers with Radar,0,6,16,10,32,0,2,6,0,8,0,8,22,10,40,22,0,22,62
02/01/2012,BPT,TX,ASW,CE,Towers with Radar,0,6,25,0,31,0,0,9,0,9,0,6,34,0,40,0,0,0,40
02/02/2012,BPT,TX,ASW,CE,Towers with Radar,0,12,43,2,57,0,0,8,0,8,0,12,51,2,65,0,0,0,65
02/03/2012,BPT,TX,ASW,CE,Towers with Radar,0,10,28,0,38,0,0,1,0,1,0,10,29,0,39,0,0,0,39
02/04/2012,BPT,TX,ASW,CE,Towers with Radar,0,15,1,0,16,0,0,0,0,0,0,15,1,0,16,0,0,0,16
02/05/2012,BPT,TX,ASW,CE,Towers with Radar,0,12,7,0,19,0,0,2,0,2,0,12,9,0,21,0,0,0,21
02/06/2012,BPT,TX,ASW,CE,Towers with Radar,0,15,12,6,33,0,4,16,0,20,0,19,28,6,53,28,0,28,81
02/07/2012,BPT,TX,ASW,CE,Towers with Radar,0,6,25,0,31,0,0,16,16,32,0,6,41,16,63,98,0,98,161
02/08/2012,BPT,TX,ASW,CE,Towers with Radar,0,7,43,3,53,0,4,29,5,38,0,11,72,8,91,34,0,34,125
02/09/2012,BPT,TX,ASW,CE,Towers with Radar,0,10,13,3,26,0,0,34,2,36,0,10,47,5,62,10,0,10,72
02/10/2012,BPT,TX,ASW,CE,Towers with Radar,0,10,20,0,30,0,0,7,0,7,0,10,27,0,37,10,0,10,47
02/11/2012,BPT,TX,ASW,CE,Towers with Radar,0,14,8,0,22,0,0,29,0,29,0,14,37,0,51,0,0,0,51
02/12/2012,BPT,TX,ASW,CE,Towers with Radar,0,8,10,2,20,0,0,13,0,13,0,8,23,2,33,0,0,0,33
02/13/2012,BPT,TX,ASW,CE,Towers with Radar,0,6,21,0,27,0,0,5,0,5,0,6,26,0,32,14,0,14,46
02/14/2012,BPT,TX,ASW,CE,Towers with Radar,0,6,9,0,15,0,0,9,0,9,0,6,18,0,24,10,0,10,34
02/15/2012,BPT,TX,ASW,CE,Towers with Radar,0,11,19,4,34,0,0,1,0,1,0,11,20,4,35,0,0,0,35
02/16/2012,BPT,TX,ASW,CE,Towers with Radar,0,9,40,2,51,0,0,55,1,56,0,9,95,3,107,20,0,20,127
02/17/2012,BPT,TX,ASW,CE,Towers with Radar,0,8,29,0,37,0,0,11,0,11,0,8,40,0,48,34,0,34,82
02/18/2012,BPT,TX,ASW,CE,Towers with Radar,0,3,10,0,13,0,0,2,0,2,0,3,12,0,15,0,0,0,15
02/19/2012,BPT,TX,ASW,CE,Towers with Radar,0,7,5,0,12,0,0,26,3,29,0,7,31,3,41,34,0,34,75
02/20/2012,BPT,TX,ASW,CE,Towers with Radar,0,10,27,0,37,0,2,20,3,25,0,12,47,3,62,12,0,12,74
02/21/2012,BPT,TX,ASW,CE,Towers with Radar,0,11,61,0,72,0,2,39,8,49,0,13,100,8,121,24,0,24,145
02/22/2012,BPT,TX,ASW,CE,Towers with Radar,0,8,27,0,35,0,1,11,11,23,0,9,38,11,58,24,0,24,82
02/23/2012,BPT,TX,ASW,CE,Towers with Radar,0,9,32,0,41,0,2,12,8,22,0,11,44,8,63,4,0,4,67
02/24/2012,BPT,TX,ASW,CE,Towers with Radar,0,8,23,4,35,0,1,20,15,36,0,9,43,19,71,16,0,16,87
02/25/2012,BPT,TX,ASW,CE,Towers with Radar,0,7,26,0,33,0,0,46,7,53,0,7,72,7,86,16,0,16,102
02/26/2012,BPT,TX,ASW,CE,Towers with Radar,0,10,25,0,35,0,0,7,0,7,0,10,32,0,42,10,0,10,52
02/27/2012,BPT,TX,ASW,CE,Towers with Radar,0,11,13,0,24,0,2,2,0,4,0,13,15,0,28,0,0,0,28
02/28/2012,BPT,TX,ASW,CE,Towers with Radar,0,11,22,0,33,0,0,4,0,4,0,11,26,0,37,0,0,0,37
02/29/2012,BPT,TX,ASW,CE,Towers with Radar,0,8,20,0,28,0,2,16,2,20,0,10,36,2,48,18,0,18,66
03/01/2012,BPT,TX,ASW,CE,Towers with Radar,0,5,36,0,41,0,0,4,0,4,0,5,40,0,45,0,0,0,45
03/02/2012,BPT,TX,ASW,CE,Towers with Radar,0,8,29,0,37,0,4,11,0,15,0,12,40,0,52,42,0,42,94
03/03/2012,BPT,TX,ASW,CE,Towers with Radar,0,7,10,0,17,0,0,33,2,35,0,7,43,2,52,0,0,0,52
03/04/2012,BPT,TX,ASW,CE,Towers with Radar,0,9,20,2,31,0,0,42,1,43,0,9,62,3,74,54,0,54,128
03/05/2012,BPT,TX,ASW,CE,Towers with Radar,0,7,16,0,23,0,2,41,0,43,0,9,57,0,66,64,0,64,130
03/06/2012,BPT,TX,ASW,CE,Towers with Radar,0,7,38,0,45,0,4,27,2,33,0,11,65,2,78,2,0,2,80
03/07/2012,BPT,TX,ASW,CE,Towers with Radar,0,11,39,0,50,0,3,11,0,14,0,14,50,0,64,14,0,14,78
03/08/2012,BPT,TX,ASW,CE,Towers with Radar,0,17,30,0,47,0,0,6,0,6,0,17,36,0,53,42,0,42,95
03/09/2012,BPT,TX,ASW,CE,Towers with Radar,2,15,26,0,43,0,0,1,0,1,2,15,27,0,44,0,0,0,44
03/10/2012,BPT,TX,ASW,CE,Towers with Radar,0,5,11,0,16,0,0,5,0,5,0,5,16,0,21,0,0,0,21
03/11/2012,BPT,TX,ASW,CE,Towers with Radar,0,11,12,0,23,0,0,0,0,0,0,11,12,0,23,0,0,0,23
03/12/2012,BPT,TX,ASW,CE,Towers with Radar,2,5,28,0,35,0,2,17,0,19,2,7,45,0,54,82,0,82,136
03/13/2012,BPT,TX,ASW,CE,Towers with Radar,0,7,44,2,53,0,0,19,0,19,0,7,63,2,72,0,0,0,72
03/14/2012,BPT,TX,ASW,CE,Towers with Radar,0,8,30,2,40,0,2,28,3,33,0,10,58,5,73,50,0,50,123
03/15/2012,BPT,TX,ASW,CE,Towers with Radar,0,16,30,0,46,0,2,30,0,32,0,18,60,0,78,34,0,34,112
03/16/2012,BPT,TX,ASW,CE,Towers with Radar,0,10,27,2,39,0,2,18,2,22,0,12,45,4,61,18,0,18,79
03/17/2012,BPT,TX,ASW,CE,Towers with Radar,0,6,7,0,13,0,0,14,0,14,0,6,21,0,27,20,0,20,47
03/18/2012,BPT,TX,ASW,CE,Towers with Radar,0,11,16,0,27,0,0,7,0,7,0,11,23,0,34,74,0,74,108
03/19/2012,BPT,TX,ASW,CE,Towers with Radar,0,11,14,4,29,0,4,8,0,12,0,15,22,4,41,0,0,0,41
03/20/2012,BPT,TX,ASW,CE,Towers with Radar,0,8,13,0,21,0,0,0,0,0,0,8,13,0,21,0,0,0,21
03/21/2012,BPT,TX,ASW,CE,Towers with Radar,0,8,26,23,57,0,0,7,0,7,0,8,33,23,64,0,0,0,64
03/22/2012,BPT,TX,ASW,CE,Towers with Radar,0,8,20,1,29,0,4,42,2,48,0,12,62,3,77,64,0,64,141
03/23/2012,BPT,TX,ASW,CE,Towers with Radar,0,5,18,0,23,0,4,31,0,35,0,9,49,0,58,60,0,60,118
03/24/2012,BPT,TX,ASW,CE,Towers with Radar,0,7,12,0,19,0,1,46,0,47,0,8,58,0,66,56,0,56,122
03/25/2012,BPT,TX,ASW,CE,Towers with Radar,0,3,11,0,14,0,2,13,0,15,0,5,24,0,29,20,0,20,49
03/26/2012,BPT,TX,ASW,CE,Towers with Radar,0,10,17,4,31,0,4,28,0,32,0,14,45,4,63,22,0,22,85
03/27/2012,BPT,TX,ASW,CE,Towers with Radar,0,16,21,1,38,0,2,20,0,22,0,18,41,1,60,50,0,50,110
03/28/2012,BPT,TX,ASW,CE,Towers with Radar,0,11,28,1,40,0,0,23,0,23,0,11,51,1,63,22,0,22,85
03/29/2012,BPT,TX,ASW,CE,Towers with Radar,0,9,24,3,36,0,4,21,0,25,0,13,45,3,61,20,0,20,81
03/30/2012,BPT,TX,ASW,CE,Towers with Radar,0,9,21,0,30,0,0,23,0,23,0,9,44,0,53,82,0,82,135
03/31/2012,BPT,TX,ASW,CE,Towers with Radar,0,6,18,0,24,0,0,27,0,27,0,6,45,0,51,28,0,28,79
04/01/2012,BPT,TX,ASW,CE,Towers with Radar,0,6,17,0,23,0,0,12,0,12,0,6,29,0,35,40,0,40,75
04/02/2012,BPT,TX,ASW,CE,Towers with Radar,0,10,12,0,22,0,2,21,0,23,0,12,33,0,45,62,0,62,107
04/03/2012,BPT,TX,ASW,CE,Towers with Radar,0,13,21,11,45,0,0,12,0,12,0,13,33,11,57,20,0,20,77
04/04/2012,BPT,TX,ASW,CE,Towers with Radar,0,6,19,0,25,0,2,16,0,18,0,8,35,0,43,56,0,56,99
04/05/2012,BPT,TX,ASW,CE,Towers with Radar,0,16,20,5,41,0,4,37,1,42,0,20,57,6,83,32,0,32,115
04/06/2012,BPT,TX,ASW,CE,Towers with Radar,0,10,12,8,30,0,0,33,0,33,0,10,45,8,63,26,0,26,89
04/07/2012,BPT,TX,ASW,CE,Towers with Radar,0,7,11,0,18,0,0,40,0,40,0,7,51,0,58,20,0,20,78
04/08/2012,BPT,TX,ASW,CE,Towers with Radar,0,7,8,0,15,0,0,17,0,17,0,7,25,0,32,20,0,20,52
04/09/2012,BPT,TX,ASW,CE,Towers with Radar,0,11,24,0,35,0,6,27,0,33,0,17,51,0,68,32,0,32,100
04/10/2012,BPT,TX,ASW,CE,Towers with Radar,0,5,16,0,21,0,1,33,1,35,0,6,49,1,56,36,0,36,92
04/11/2012,BPT,TX,ASW,CE,Towers with Radar,0,10,31,2,43,0,0,33,0,33,0,10,64,2,76,76,0,76,152
04/12/2012,BPT,TX,ASW,CE,Towers with Radar,0,10,22,0,32,0,0,7,0,7,0,10,29,0,39,0,0,0,39
04/13/2012,BPT,TX,ASW,CE,Towers with Radar,0,8,27,2,37,0,0,39,4,43,0,8,66,6,80,22,0,22,102
04/14/2012,BPT,TX,ASW,CE,Towers with Radar,0,10,4,0,14,0,0,26,0,26,0,10,30,0,40,18,0,18,58
04/15/2012,BPT,TX,ASW,CE,Towers with Radar,0,7,18,2,27,0,0,3,0,3,0,7,21,2,30,4,0,4,34
04/16/2012,BPT,TX,ASW,CE,Towers with Radar,2,5,10,0,17,0,0,2,0,2,2,5,12,0,19,0,0,0,19
04/17/2012,BPT,TX,ASW,CE,Towers with Radar,0,8,24,1,33,0,0,25,0,25,0,8,49,1,58,14,0,14,72
04/18/2012,BPT,TX,ASW,CE,Towers with Radar,0,10,27,0,37,0,2,41,6,49,0,12,68,6,86,50,0,50,136
04/19/2012,BPT,TX,ASW,CE,Towers with Radar,0,7,30,20,57,0,0,52,2,54,0,7,82,22,111,60,0,60,171
04/20/2012,BPT,TX,ASW,CE,Towers with Radar,0,14,21,1,36,0,4,29,1,34,0,18,50,2,70,12,0,12,82
04/21/2012,BPT,TX,ASW,CE,Towers with Radar,0,7,5,0,12,0,0,19,0,19,0,7,24,0,31,12,0,12,43
04/22/2012,BPT,TX,ASW,CE,Towers with Radar,0,8,15,0,23,0,0,40,0,40,0,8,55,0,63,44,0,44,107
04/23/2012,BPT,TX,ASW,CE,Towers with Radar,0,8,18,0,26,0,2,40,2,44,0,10,58,2,70,38,0,38,108
04/24/2012,BPT,TX,ASW,CE,Towers with Radar,0,6,20,7,33,0,2,61,2,65,0,8,81,9,98,56,4,60,158
04/25/2012,BPT,TX,ASW,CE,Towers with Radar,0,7,16,3,26,0,4,24,2,30,0,11,40,5,56,32,0,32,88
04/26/2012,BPT,TX,ASW,CE,Towers with Radar,0,7,20,4,31,0,4,27,0,31,0,11,47,4,62,0,0,0,62
04/27/2012,BPT,TX,ASW,CE,Towers with Radar,0,6,19,0,25,0,3,17,0,20,0,9,36,0,45,22,0,22,67
04/28/2012,BPT,TX,ASW,CE,Towers with Radar,0,10,8,0,18,0,0,29,0,29,0,10,37,0,47,20,0,20,67
04/29/2012,BPT,TX,ASW,CE,Towers with Radar,0,8,29,0,37,0,0,10,0,10,0,8,39,0,47,6,0,6,53
04/30/2012,BPT,TX,ASW,CE,Towers with Radar,0,10,19,0,29,0,2,28,0,30,0,12,47,0,59,0,0,0,59
05/01/2012,BPT,TX,ASW,CE,Towers with Radar,0,4,17,4,25,0,1,27,0,28,0,5,44,4,53,50,0,50,103
05/02/2012,BPT,TX,ASW,CE,Towers with Radar,0,2,28,0,30,0,0,36,0,36,0,2,64,0,66,6,0,6,72
05/03/2012,BPT,TX,ASW,CE,Towers with Radar,0,10,24,0,34,0,1,20,0,21,0,11,44,0,55,14,0,14,69
05/04/2012,BPT,TX,ASW,CE,Towers with Radar,0,6,20,1,27,0,0,33,0,33,0,6,53,1,60,30,0,30,90
05/05/2012,BPT,TX,ASW,CE,Towers with Radar,0,4,9,2,15,0,0,16,3,19,0,4,25,5,34,28,0,28,62
05/06/2012,BPT,TX,ASW,CE,Towers with Radar,0,6,27,0,33,0,0,11,0,11,0,6,38,0,44,0,0,0,44
05/07/2012,BPT,TX,ASW,CE,Towers with Radar,0,10,28,0,38,0,1,17,0,18,0,11,45,0,56,4,0,4,60
05/08/2012,BPT,TX,ASW,CE,Towers with Radar,0,3,30,0,33,0,0,18,0,18,0,3,48,0,51,20,0,20,71
05/09/2012,BPT,TX,ASW,CE,Towers with Radar,0,6,31,1,38,0,1,12,3,16,0,7,43,4,54,14,0,14,68
05/10/2012,BPT,TX,ASW,CE,Towers with Radar,0,7,13,0,20,0,0,22,6,28,0,7,35,6,48,10,0,10,58
05/11/2012,BPT,TX,ASW,CE,Towers with Radar,0,11,21,0,32,0,0,6,0,6,0,11,27,0,38,26,0,26,64
05/12/2012,BPT,TX,ASW,CE,Towers with Radar,0,5,18,0,23,0,0,21,0,21,0,5,39,0,44,0,0,0,44
05/13/2012,BPT,TX,ASW,CE,Towers with Radar,0,5,13,0,18,0,0,12,0,12,0,5,25,0,30,0,0,0,30
05/14/2012,BPT,TX,ASW,CE,Towers with Radar,0,12,18,9,39,0,1,30,4,35,0,13,48,13,74,48,0,48,122
05/15/2012,BPT,TX,ASW,CE,Towers with Radar,0,2,37,2,41,0,3,14,4,21,0,5,51,6,62,34,0,34,96
05/16/2012,BPT,TX,ASW,CE,Towers with Radar,0,4,10,0,14,0,4,21,0,25,0,8,31,0,39,42,0,42,81
05/17/2012,BPT,TX,ASW,CE,Towers with Radar,0,8,20,11,39,0,0,34,0,34,0,8,54,11,73,38,0,38,111
05/18/2012,BPT,TX,ASW,CE,Towers with Radar,0,6,17,9,32,0,2,28,0,30,0,8,45,9,62,46,0,46,108
05/19/2012,BPT,TX,ASW,CE,Towers with Radar,0,5,6,0,11,0,0,15,0,15,0,5,21,0,26,0,0,0,26
05/20/2012,BPT,TX,ASW,CE,Towers with Radar,0,4,17,6,27,0,0,22,0,22,0,4,39,6,49,0,0,0,49
05/21/2012,BPT,TX,ASW,CE,Towers with Radar,0,4,13,9,26,0,2,15,1,18,0,6,28,10,44,36,0,36,80
05/22/2012,BPT,TX,ASW,CE,Towers with Radar,0,6,15,0,21,0,0,27,0,27,0,6,42,0,48,14,0,14,62
05/23/2012,BPT,TX,ASW,CE,Towers with Radar,0,4,20,2,26,0,2,21,0,23,0,6,41,2,49,18,0,18,67
05/24/2012,BPT,TX,ASW,CE,Towers with Radar,0,7,26,5,38,0,0,28,0,28,0,7,54,5,66,2,0,2,68
05/25/2012,BPT,TX,ASW,CE,Towers with Radar,0,9,28,5,42,0,2,31,0,33,0,11,59,5,75,28,0,28,103
05/26/2012,BPT,TX,ASW,CE,Towers with Radar,0,3,14,0,17,0,0,34,0,34,0,3,48,0,51,8,0,8,59
05/27/2012,BPT,TX,ASW,CE,Towers with Radar,0,3,10,0,13,0,0,21,2,23,0,3,31,2,36,8,0,8,44
05/28/2012,BPT,TX,ASW,CE,Towers with Radar,0,4,22,0,26,0,4,27,2,33,0,8,49,2,59,22,0,22,81
05/29/2012,BPT,TX,ASW,CE,Towers with Radar,0,3,29,0,32,0,0,31,0,31,0,3,60,0,63,20,0,20,83
05/30/2012,BPT,TX,ASW,CE,Towers with Radar,0,4,44,0,48,0,4,29,2,35,0,8,73,2,83,24,0,24,107
05/31/2012,BPT,TX,ASW,CE,Towers with Radar,0,7,36,0,43,0,0,20,0,20,0,7,56,0,63,14,0,14,77
06/01/2012,BPT,TX,ASW,CE,Towers with Radar,0,8,19,0,27,0,0,42,2,44,0,8,61,2,71,38,0,38,109
06/02/2012,BPT,TX,ASW,CE,Towers with Radar,0,3,18,0,21,0,1,57,0,58,0,4,75,0,79,44,0,44,123
06/03/2012,BPT,TX,ASW,CE,Towers with Radar,0,3,25,0,28,0,0,22,3,25,0,3,47,3,53,24,0,24,77
06/04/2012,BPT,TX,ASW,CE,Towers with Radar,0,4,19,8,31,0,4,23,0,27,0,8,42,8,58,32,0,32,90
06/05/2012,BPT,TX,ASW,CE,Towers with Radar,0,2,14,17,33,0,3,21,1,25,0,5,35,18,58,28,0,28,86
06/06/2012,BPT,TX,ASW,CE,Towers with Radar,0,8,23,0,31,0,6,26,0,32,0,14,49,0,63,14,0,14,77
06/07/2012,BPT,TX,ASW,CE,Towers with Radar,0,6,29,0,35,0,5,24,2,31,0,11,53,2,66,12,0,12,78
06/08/2012,BPT,TX,ASW,CE,Towers with Radar,0,9,21,0,30,0,1,29,0,30,0,10,50,0,60,18,0,18,78
06/09/2012,BPT,TX,ASW,CE,Towers with Radar,0,3,3,6,12,0,5,12,6,23,0,8,15,12,35,34,0,34,69
06/10/2012,BPT,TX,ASW,CE,Towers with Radar,0,6,10,1,17,0,2,8,1,11,0,8,18,2,28,18,0,18,46
06/11/2012,BPT,TX,ASW,CE,Towers with Radar,0,8,10,0,18,0,1,14,2,17,0,9,24,2,35,0,0,0,35
06/12/2012,BPT,TX,ASW,CE,Towers with Radar,2,6,8,0,16,0,3,11,0,14,2,9,19,0,30,36,0,36,66
06/13/2012,BPT,TX,ASW,CE,Towers with Radar,0,8,18,0,26,0,3,23,0,26,0,11,41,0,52,26,0,26,78
06/14/2012,BPT,TX,ASW,CE,Towers with Radar,0,6,23,4,33,0,1,19,0,20,0,7,42,4,53,62,0,62,115
06/15/2012,BPT,TX,ASW,CE,Towers with Radar,0,11,7,0,18,0,4,32,0,36,0,15,39,0,54,52,0,52,106
06/16/2012,BPT,TX,ASW,CE,Towers with Radar,0,5,12,0,17,0,4,22,0,26,0,9,34,0,43,42,0,42,85
06/17/2012,BPT,TX,ASW,CE,Towers with Radar,0,6,14,0,20,0,2,15,4,21,0,8,29,4,41,10,0,10,51
06/18/2012,BPT,TX,ASW,CE,Towers with Radar,0,6,21,0,27,0,1,22,3,26,0,7,43,3,53,34,0,34,87
06/19/2012,BPT,TX,ASW,CE,Towers with Radar,2,10,5,0,17,0,2,12,2,16,2,12,17,2,33,0,0,0,33
06/20/2012,BPT,TX,ASW,CE,Towers with Radar,0,11,38,4,53,0,2,35,6,43,0,13,73,10,96,32,0,32,128
06/21/2012,BPT,TX,ASW,CE,Towers with Radar,0,6,33,16,55,0,3,27,5,35,0,9,60,21,90,42,0,42,132
06/22/2012,BPT,TX,ASW,CE,Towers with Radar,0,9,27,0,36,0,1,37,3,41,0,10,64,3,77,38,0,38,115
06/23/2012,BPT,TX,ASW,CE,Towers with Radar,0,4,10,0,14,0,2,19,3,24,0,6,29,3,38,8,0,8,46
06/24/2012,BPT,TX,ASW,CE,Towers with Radar,0,4,18,0,22,0,3,20,0,23,0,7,38,0,45,0,0,0,45
06/25/2012,BPT,TX,ASW,CE,Towers with Radar,0,9,10,0,19,0,3,37,1,41,0,12,47,1,60,4,0,4,64
06/26/2012,BPT,TX,ASW,CE,Towers with Radar,0,9,32,0,41,0,2,45,2,49,0,11,77,2,90,16,0,16,106
06/27/2012,BPT,TX,ASW,CE,Towers with Radar,0,5,14,3,22,0,3,34,5,42,0,8,48,8,64,12,0,12,76
06/28/2012,BPT,TX,ASW,CE,Towers with Radar,0,11,22,2,35,0,0,22,7,29,0,11,44,9,64,0,0,0,64
06/29/2012,BPT,TX,ASW,CE,Towers with Radar,0,8,28,0,36,0,6,21,2,29,0,14,49,2,65,26,0,26,91
06/30/2012,BPT,TX,ASW,CE,Towers with Radar,0,4,7,0,11,0,2,25,0,27,0,6,32,0,38,0,0,0,38
07/01/2012,BPT,TX,ASW,CE,Towers with Radar,0,1,14,0,15,0,2,10,0,12,0,3,24,0,27,0,0,0,27
07/02/2012,BPT,TX,ASW,CE,Towers with Radar,0,1,18,0,19,0,2,24,3,29,0,3,42,3,48,60,0,60,108
07/03/2012,BPT,TX,ASW,CE,Towers with Radar,0,1,27,0,28,0,4,23,2,29,0,5,50,2,57,60,0,60,117
07/04/2012,BPT,TX,ASW,CE,Towers with Radar,0,0,15,0,15,0,2,19,0,21,0,2,34,0,36,2,0,2,38
07/05/2012,BPT,TX,ASW,CE,Towers with Radar,0,0,16,4,20,0,3,22,1,26,0,3,38,5,46,28,10,38,84
07/06/2012,BPT,TX,ASW,CE,Towers with Radar,0,1,26,1,28,0,2,29,2,33,0,3,55,3,61,52,0,52,113
07/07/2012,BPT,TX,ASW,CE,Towers with Radar,0,2,4,0,6,0,2,14,0,16,0,4,18,0,22,40,0,40,62
07/08/2012,BPT,TX,ASW,CE,Towers with Radar,0,2,10,0,12,0,0,9,0,9,0,2,19,0,21,16,0,16,37
07/09/2012,BPT,TX,ASW,CE,Towers with Radar,0,0,14,0,14,0,2,19,0,21,0,2,33,0,35,48,0,48,83
07/10/2012,BPT,TX,ASW,CE,Towers with Radar,0,0,12,0,12,0,1,10,0,11,0,1,22,0,23,28,0,28,51
07/11/2012,BPT,TX,ASW,CE,Towers with Radar,0,0,12,2,14,0,1,13,0,14,0,1,25,2,28,12,0,12,40
07/12/2012,BPT,TX,ASW,CE,Towers with Radar,0,2,21,0,23,0,0,5,0,5,0,2,26,0,28,0,0,0,28
07/13/2012,BPT,TX,ASW,CE,Towers with Radar,0,2,15,0,17,0,0,6,0,6,0,2,21,0,23,50,0,50,73
07/14/2012,BPT,TX,ASW,CE,Towers with Radar,0,0,12,0,12,0,0,19,2,21,0,0,31,2,33,32,0,32,65
07/15/2012,BPT,TX,ASW,CE,Towers with Radar,0,4,15,0,19,0,3,21,0,24,0,7,36,0,43,46,0,46,89
07/16/2012,BPT,TX,ASW,CE,Towers with Radar,0,1,18,0,19,0,4,23,1,28,0,5,41,1,47,0,0,0,47
07/17/2012,BPT,TX,ASW,CE,Towers with Radar,0,0,22,0,22,0,4,29,0,33,0,4,51,0,55,30,0,30,85
07/18/2012,BPT,TX,ASW,CE,Towers with Radar,0,1,23,5,29,0,1,46,0,47,0,2,69,5,76,22,0,22,98
07/19/2012,BPT,TX,ASW,CE,Towers with Radar,0,1,20,0,21,0,1,45,0,46,0,2,65,0,67,10,0,10,77
07/20/2012,BPT,TX,ASW,CE,Towers with Radar,0,2,24,1,27,0,3,35,3,41,0,5,59,4,68,10,0,10,78
07/21/2012,BPT,TX,ASW,CE,Towers with Radar,0,2,14,0,16,0,2,32,2,36,0,4,46,2,52,66,0,66,118
07/22/2012,BPT,TX,ASW,CE,Towers with Radar,0,0,15,0,15,0,2,21,0,23,0,2,36,0,38,22,0,22,60
07/23/2012,BPT,TX,ASW,CE,Towers with Radar,0,9,16,1,26,0,4,28,1,33,0,13,44,2,59,12,0,12,71
07/24/2012,BPT,TX,ASW,CE,Towers with Radar,0,2,27,2,31,0,1,50,0,51,0,3,77,2,82,48,0,48,130
07/25/2012,BPT,TX,ASW,CE,Towers with Radar,0,2,18,0,20,0,2,44,4,50,0,4,62,4,70,42,0,42,112
07/26/2012,BPT,TX,ASW,CE,Towers with Radar,0,0,9,0,9,0,3,36,0,39,0,3,45,0,48,38,0,38,86
07/27/2012,BPT,TX,ASW,CE,Towers with Radar,0,1,14,0,15,0,3,25,2,30,0,4,39,2,45,0,0,0,45
07/28/2012,BPT,TX,ASW,CE,Towers with Radar,0,0,15,0,15,0,4,42,2,48,0,4,57,2,63,34,0,34,97
07/29/2012,BPT,TX,ASW,CE,Towers with Radar,0,2,11,0,13,0,1,27,0,28,0,3,38,0,41,44,0,44,85
07/30/2012,BPT,TX,ASW,CE,Towers with Radar,0,0,8,0,8,0,8,46,0,54,0,8,54,0,62,22,0,22,84
07/31/2012,BPT,TX,ASW,CE,Towers with Radar,0,3,20,0,23,0,2,25,0,27,0,5,45,0,50,44,0,44,94
08/01/2012,BPT,TX,ASW,CE,Towers with Radar,0,1,32,0,33,0,2,42,2,46,0,3,74,2,79,26,0,26,105
08/02/2012,BPT,TX,ASW,CE,Towers with Radar,0,3,27,0,30,0,0,32,0,32,0,3,59,0,62,22,0,22,84
08/03/2012,BPT,TX,ASW,CE,Towers with Radar,0,1,17,2,20,0,4,24,0,28,0,5,41,2,48,8,0,8,56
08/04/2012,BPT,TX,ASW,CE,Towers with Radar,0,2,3,0,5,0,3,13,0,16,0,5,16,0,21,28,0,28,49
08/05/2012,BPT,TX,ASW,CE,Towers with Radar,0,0,9,0,9,0,1,27,0,28,0,1,36,0,37,8,0,8,45
08/06/2012,BPT,TX,ASW,CE,Towers with Radar,0,4,13,0,17,0,4,17,0,21,0,8,30,0,38,0,0,0,38
08/07/2012,BPT,TX,ASW,CE,Towers with Radar,0,4,9,0,13,0,2,22,0,24,0,6,31,0,37,22,0,22,59
08/08/2012,BPT,TX,ASW,CE,Towers with Radar,0,4,21,0,25,0,0,22,0,22,0,4,43,0,47,30,0,30,77
08/09/2012,BPT,TX,ASW,CE,Towers with Radar,0,4,19,1,24,0,2,22,2,26,0,6,41,3,50,26,0,26,76
08/10/2012,BPT,TX,ASW,CE,Towers with Radar,0,1,11,0,12,0,2,20,0,22,0,3,31,0,34,0,0,0,34
08/11/2012,BPT,TX,ASW,CE,Towers with Radar,0,0,7,0,7,0,4,19,0,23,0,4,26,0,30,8,0,8,38
08/12/2012,BPT,TX,ASW,CE,Towers with Radar,0,3,22,0,25,0,1,13,0,14,0,4,35,0,39,0,0,0,39
08/13/2012,BPT,TX,ASW,CE,Towers with Radar,0,2,23,0,25,0,2,37,0,39,0,4,60,0,64,34,0,34,98
08/14/2012,BPT,TX,ASW,CE,Towers with Radar,0,0,15,0,15,0,0,25,2,27,0,0,40,2,42,26,0,26,68
08/15/2012,BPT,TX,ASW,CE,Towers with Radar,0,0,31,8,39,0,1,25,2,28,0,1,56,10,67,0,0,0,67
08/16/2012,BPT,TX,ASW,CE,Towers with Radar,0,5,37,18,60,0,0,31,4,35,0,5,68,22,95,70,0,70,165
08/17/2012,BPT,TX,ASW,CE,Towers with Radar,0,0,23,0,23,0,0,35,0,35,0,0,58,0,58,22,0,22,80
08/18/2012,BPT,TX,ASW,CE,Towers with Radar,0,3,6,0,9,0,1,19,0,20,0,4,25,0,29,14,0,14,43
08/19/2012,BPT,TX,ASW,CE,Towers with Radar,0,2,12,0,14,0,0,8,0,8,0,2,20,0,22,4,0,4,26
08/20/2012,BPT,TX,ASW,CE,Towers with Radar,0,0,18,0,18,0,2,26,0,28,0,2,44,0,46,10,0,10,56
08/21/2012,BPT,TX,ASW,CE,Towers with Radar,0,0,26,0,26,0,2,30,0,32,0,2,56,0,58,34,0,34,92
08/22/2012,BPT,TX,ASW,CE,Towers with Radar,0,2,24,0,26,0,2,25,0,27,0,4,49,0,53,30,0,30,83
08/23/2012,BPT,TX,ASW,CE,Towers with Radar,0,2,18,0,20,0,0,19,0,19,0,2,37,0,39,52,0,52,91
08/24/2012,BPT,TX,ASW,CE,Towers with Radar,0,0,17,0,17,0,0,5,0,5,0,0,22,0,22,0,0,0,22
08/25/2012,BPT,TX,ASW,CE,Towers with Radar,0,0,1,0,1,0,0,7,0,7,0,0,8,0,8,0,0,0,8
08/26/2012,BPT,TX,ASW,CE,Towers with Radar,0,0,20,0,20,0,2,31,0,33,0,2,51,0,53,66,0,66,119
08/27/2012,BPT,TX,ASW,CE,Towers with Radar,0,6,21,3,30,0,2,33,0,35,0,8,54,3,65,32,0,32,97
08/28/2012,BPT,TX,ASW,CE,Towers with Radar,0,5,13,2,20,0,0,19,0,19,0,5,32,2,39,0,0,0,39
08/29/2012,BPT,TX,ASW,CE,Towers with Radar,0,0,14,0,14,0,7,5,0,12,0,7,19,0,26,0,0,0,26
08/30/2012,BPT,TX,ASW,CE,Towers with Radar,0,0,24,0,24,0,2,18,5,25,0,2,42,5,49,38,0,38,87
08/31/2012,BPT,TX,ASW,CE,Towers with Radar,0,1,23,0,24,0,6,35,3,44,0,7,58,3,68,4,0,4,72
09/01/2012,BPT,TX,ASW,CE,Towers with Radar,0,2,3,0,5,0,2,9,1,12,0,4,12,1,17,0,0,0,17
09/02/2012,BPT,TX,ASW,CE,Towers with Radar,0,0,5,0,5,0,2,24,1,27,0,2,29,1,32,0,0,0,32
09/03/2012,BPT,TX,ASW,CE,Towers with Radar,0,3,10,0,13,0,2,36,0,38,0,5,46,0,51,60,0,60,111
09/04/2012,BPT,TX,ASW,CE,Towers with Radar,0,2,12,2,16,0,4,35,1,40,0,6,47,3,56,16,0,16,72
09/05/2012,BPT,TX,ASW,CE,Towers with Radar,0,3,31,0,34,0,5,37,0,42,0,8,68,0,76,16,0,16,92
09/06/2012,BPT,TX,ASW,CE,Towers with Radar,0,3,25,0,28,0,8,31,0,39,0,11,56,0,67,82,0,82,149
09/07/2012,BPT,TX,ASW,CE,Towers with Radar,0,2,24,2,28,0,3,26,0,29,0,5,50,2,57,12,0,12,69
09/08/2012,BPT,TX,ASW,CE,Towers with Radar,0,0,16,0,16,0,0,19,0,19,0,0,35,0,35,24,0,24,59
09/09/2012,BPT,TX,ASW,CE,Towers with Radar,0,4,21,0,25,0,1,22,0,23,0,5,43,0,48,0,0,0,48
09/10/2012,BPT,TX,ASW,CE,Towers with Radar,0,4,7,2,13,0,3,36,0,39,0,7,43,2,52,12,0,12,64
09/11/2012,BPT,TX,ASW,CE,Towers with Radar,0,2,29,0,31,0,2,29,0,31,0,4,58,0,62,16,0,16,78
09/12/2012,BPT,TX,ASW,CE,Towers with Radar,0,2,7,2,11,0,0,13,0,13,0,2,20,2,24,14,0,14,38
09/13/2012,BPT,TX,ASW,CE,Towers with Radar,0,0,5,0,5,0,0,12,0,12,0,0,17,0,17,0,0,0,17
09/14/2012,BPT,TX,ASW,CE,Towers with Radar,0,2,30,0,32,0,2,14,3,19,0,4,44,3,51,38,0,38,89
09/15/2012,BPT,TX,ASW,CE,Towers with Radar,0,0,10,0,10,0,0,23,1,24,0,0,33,1,34,14,0,14,48
09/16/2012,BPT,TX,ASW,CE,Towers with Radar,0,0,22,0,22,0,0,22,0,22,0,0,44,0,44,0,0,0,44
09/17/2012,BPT,TX,ASW,CE,Towers with Radar,0,2,18,2,22,0,1,16,6,23,0,3,34,8,45,14,0,14,59
09/18/2012,BPT,TX,ASW,CE,Towers with Radar,0,0,13,1,14,0,2,25,6,33,0,2,38,7,47,14,0,14,61
09/19/2012,BPT,TX,ASW,CE,Towers with Radar,0,8,24,0,32,0,2,32,2,36,0,10,56,2,68,12,0,12,80
09/20/2012,BPT,TX,ASW,CE,Towers with Radar,0,2,18,4,24,0,2,34,1,37,0,4,52,5,61,20,0,20,81
09/21/2012,BPT,TX,ASW,CE,Towers with Radar,0,3,17,1,21,0,4,22,1,27,0,7,39,2,48,18,0,18,66
09/22/2012,BPT,TX,ASW,CE,Towers with Radar,0,0,20,0,20,0,2,12,0,14,0,2,32,0,34,0,0,0,34
09/23/2012,BPT,TX,ASW,CE,Towers with Radar,0,3,14,0,17,0,0,18,0,18,0,3,32,0,35,0,0,0,35
09/24/2012,BPT,TX,ASW,CE,Towers with Radar,0,0,29,0,29,0,1,22,1,24,0,1,51,1,53,10,0,10,63
09/25/2012,BPT,TX,ASW,CE,Towers with Radar,0,0,14,0,14,0,1,33,1,35,0,1,47,1,49,0,0,0,49
09/26/2012,BPT,TX,ASW,CE,Towers with Radar,0,2,20,0,22,0,0,18,0,18,0,2,38,0,40,0,0,0,40
09/27/2012,BPT,TX,ASW,CE,Towers with Radar,0,5,13,2,20,0,0,24,5,29,0,5,37,7,49,0,0,0,49
09/28/2012,BPT,TX,ASW,CE,Towers with Radar,0,2,13,2,17,0,3,7,4,14,0,5,20,6,31,12,0,12,43
09/29/2012,BPT,TX,ASW,CE,Towers with Radar,0,0,4,0,4,0,2,2,0,4,0,2,6,0,8,10,0,10,18
09/30/2012,BPT,TX,ASW,CE,Towers with Radar,0,2,11,0,13,0,1,11,0,12,0,3,22,0,25,0,0,0,25
10/01/2012,BPT,TX,ASW,CE,Towers with Radar,0,1,9,17,27,0,2,38,1,41,0,3,47,18,68,30,2,32,100
10/02/2012,BPT,TX,ASW,CE,Towers with Radar,0,2,16,0,18,0,3,26,8,37,0,5,42,8,55,4,0,4,59
10/03/2012,BPT,TX,ASW,CE,Towers with Radar,0,2,19,2,23,0,5,31,0,36,0,7,50,2,59,22,0,22,81
10/04/2012,BPT,TX,ASW,CE,Towers with Radar,0,3,21,9,33,0,1,28,5,34,0,4,49,14,67,50,24,74,141
10/05/2012,BPT,TX,ASW,CE,Towers with Radar,0,0,23,1,24,0,1,20,0,21,0,1,43,1,45,26,0,26,71
10/06/2012,BPT,TX,ASW,CE,Towers with Radar,0,0,8,0,8,0,0,7,0,7,0,0,15,0,15,12,0,12,27
10/07/2012,BPT,TX,ASW,CE,Towers with Radar,0,0,9,0,9,0,1,16,0,17,0,1,25,0,26,14,0,14,40
10/08/2012,BPT,TX,ASW,CE,Towers with Radar,0,0,5,0,5,0,0,15,0,15,0,0,20,0,20,22,0,22,42
10/09/2012,BPT,TX,ASW,CE,Towers with Radar,0,0,15,2,17,0,7,24,0,31,0,7,39,2,48,30,0,30,78
10/10/2012,BPT,TX,ASW,CE,Towers with Radar,0,0,30,0,30,0,0,22,0,22,0,0,52,0,52,12,0,12,64
10/11/2012,BPT,TX,ASW,CE,Towers with Radar,0,0,34,0,34,0,4,39,0,43,0,4,73,0,77,20,0,20,97
10/12/2012,BPT,TX,ASW,CE,Towers with Radar,0,1,26,0,27,0,4,26,1,31,0,5,52,1,58,0,0,0,58
10/13/2012,BPT,TX,ASW,CE,Towers with Radar,0,0,11,0,11,0,0,20,0,20,0,0,31,0,31,0,0,0,31
10/14/2012,BPT,TX,ASW,CE,Towers with Radar,0,0,14,0,14,0,0,17,0,17,0,0,31,0,31,0,0,0,31
10/15/2012,BPT,TX,ASW,CE,Towers with Radar,0,0,10,0,10,0,1,21,0,22,0,1,31,0,32,10,0,10,42
10/16/2012,BPT,TX,ASW,CE,Towers with Radar,0,2,25,0,27,0,1,12,0,13,0,3,37,0,40,0,0,0,40
10/17/2012,BPT,TX,ASW,CE,Towers with Radar,0,4,21,0,25,0,1,29,2,32,0,5,50,2,57,10,0,10,67
10/18/2012,BPT,TX,ASW,CE,Towers with Radar,0,1,30,1,32,0,0,21,2,23,0,1,51,3,55,8,0,8,63
10/19/2012,BPT,TX,ASW,CE,Towers with Radar,0,1,23,0,24,0,3,29,0,32,0,4,52,0,56,2,0,2,58
10/20/2012,BPT,TX,ASW,CE,Towers with Radar,0,0,15,0,15,0,1,12,0,13,0,1,27,0,28,20,0,20,48
10/21/2012,BPT,TX,ASW,CE,Towers with Radar,0,2,16,0,18,0,1,29,0,30,0,3,45,0,48,16,0,16,64
10/22/2012,BPT,TX,ASW,CE,Towers with Radar,0,5,18,0,23,0,1,27,0,28,0,6,45,0,51,20,0,20,71
10/23/2012,BPT,TX,ASW,CE,Towers with Radar,0,2,15,2,19,0,2,33,0,35,0,4,48,2,54,26,0,26,80
10/24/2012,BPT,TX,ASW,CE,Towers with Radar,0,2,20,0,22,0,3,34,0,37,0,5,54,0,59,32,0,32,91
10/25/2012,BPT,TX,ASW,CE,Towers with Radar,0,3,13,0,16,0,1,20,0,21,0,4,33,0,37,24,0,24,61
10/26/2012,BPT,TX,ASW,CE,Towers with Radar,0,0,21,0,21,0,0,2,0,2,0,0,23,0,23,4,0,4,27
10/27/2012,BPT,TX,ASW,CE,Towers with Radar,0,0,5,0,5,0,0,17,0,17,0,0,22,0,22,18,0,18,40
10/28/2012,BPT,TX,ASW,CE,Towers with Radar,0,0,15,0,15,0,0,15,0,15,0,0,30,0,30,0,0,0,30
10/29/2012,BPT,TX,ASW,CE,Towers with Radar,0,0,4,5,9,0,4,31,1,36,0,4,35,6,45,24,0,24,69
10/30/2012,BPT,TX,ASW,CE,Towers with Radar,0,2,9,0,11,0,2,26,0,28,0,4,35,0,39,14,0,14,53
10/31/2012,BPT,TX,ASW,CE,Towers with Radar,0,1,7,0,8,0,3,27,0,30,0,4,34,0,38,30,0,30,68
11/01/2012,BPT,TX,ASW,CE,Towers with Radar,0,2,16,2,20,0,3,24,0,27,0,5,40,2,47,18,0,18,65
11/02/2012,BPT,TX,ASW,CE,Towers with Radar,0,0,20,0,20,0,1,32,3,36,0,1,52,3,56,26,0,26,82
11/03/2012,BPT,TX,ASW,CE,Towers with Radar,0,0,7,0,7,0,1,19,0,20,0,1,26,0,27,2,0,2,29
11/04/2012,BPT,TX,ASW,CE,Towers with Radar,0,0,11,0,11,0,2,5,0,7,0,2,16,0,18,10,0,10,28
11/05/2012,BPT,TX,ASW,CE,Towers with Radar,0,0,11,0,11,0,0,9,0,9,0,0,20,0,20,0,0,0,20
11/06/2012,BPT,TX,ASW,CE,Towers with Radar,0,1,16,0,17,0,3,24,2,29,0,4,40,2,46,2,0,2,48
11/07/2012,BPT,TX,ASW,CE,Towers with Radar,0,3,33,0,36,0,2,27,0,29,0,5,60,0,65,64,0,64,129
11/08/2012,BPT,TX,ASW,CE,Towers with Radar,0,2,24,0,26,0,2,17,2,21,0,4,41,2,47,12,0,12,59
11/09/2012,BPT,TX,ASW,CE,Towers with Radar,0,2,17,4,23,0,4,28,0,32,0,6,45,4,55,12,0,12,67
11/10/2012,BPT,TX,ASW,CE,Towers with Radar,0,1,3,0,4,0,1,6,0,7,0,2,9,0,11,0,0,0,11
11/11/2012,BPT,TX,ASW,CE,Towers with Radar,0,2,15,0,17,0,1,9,0,10,0,3,24,0,27,0,0,0,27
11/12/2012,BPT,TX,ASW,CE,Towers with Radar,0,2,15,2,19,0,2,8,0,10,0,4,23,2,29,0,0,0,29
11/13/2012,BPT,TX,ASW,CE,Towers with Radar,0,1,17,0,18,0,2,18,0,20,0,3,35,0,38,0,0,0,38
11/14/2012,BPT,TX,ASW,CE,Towers with Radar,0,4,17,2,23,0,0,20,0,20,0,4,37,2,43,8,0,8,51
11/15/2012,BPT,TX,ASW,CE,Towers with Radar,0,5,28,0,33,0,1,23,0,24,0,6,51,0,57,10,0,10,67
11/16/2012,BPT,TX,ASW,CE,Towers with Radar,0,5,8,0,13,0,3,27,0,30,0,8,35,0,43,22,0,22,65
11/17/2012,BPT,TX,ASW,CE,Towers with Radar,0,0,12,1,13,0,1,23,2,26,0,1,35,3,39,0,0,0,39
11/18/2012,BPT,TX,ASW,CE,Towers with Radar,0,3,15,0,18,0,1,22,0,23,0,4,37,0,41,2,0,2,43
11/19/2012,BPT,TX,ASW,CE,Towers with Radar,0,2,21,0,23,0,4,10,0,14,0,6,31,0,37,10,0,10,47
11/20/2012,BPT,TX,ASW,CE,Towers with Radar,0,2,17,0,19,0,8,30,0,38,0,10,47,0,57,22,0,22,79
11/21/2012,BPT,TX,ASW,CE,Towers with Radar,0,1,14,4,19,0,1,27,0,28,0,2,41,4,47,8,0,8,55
11/22/2012,BPT,TX,ASW,CE,Towers with Radar,0,2,8,1,11,0,2,15,1,18,0,4,23,2,29,10,0,10,39
11/23/2012,BPT,TX,ASW,CE,Towers with Radar,0,2,14,0,16,0,1,5,0,6,0,3,19,0,22,20,0,20,42
11/24/2012,BPT,TX,ASW,CE,Towers with Radar,0,6,10,0,16,0,2,13,0,15,0,8,23,0,31,0,0,0,31
11/25/2012,BPT,TX,ASW,CE,Towers with Radar,0,2,26,2,30,0,2,16,0,18,0,4,42,2,48,0,0,0,48
11/26/2012,BPT,TX,ASW,CE,Towers with Radar,0,4,23,3,30,0,2,7,1,10,0,6,30,4,40,32,0,32,72
11/27/2012,BPT,TX,ASW,CE,Towers with Radar,0,1,35,2,38,0,3,5,10,18,0,4,40,12,56,6,0,6,62
11/28/2012,BPT,TX,ASW,CE,Towers with Radar,0,10,16,0,26,0,4,28,6,38,0,14,44,6,64,28,0,28,92
11/29/2012,BPT,TX,ASW,CE,Towers with Radar,0,5,32,0,37,0,1,18,4,23,0,6,50,4,60,0,0,0,60
11/30/2012,BPT,TX,ASW,CE,Towers with Radar,0,4,19,3,26,0,2,9,0,11,0,6,28,3,37,2,0,2,39
12/01/2012,BPT,TX,ASW,CE,Towers with Radar,0,0,9,0,9,0,4,4,0,8,0,4,13,0,17,0,0,0,17
12/02/2012,BPT,TX,ASW,CE,Towers with Radar,0,2,8,2,12,0,1,9,0,10,0,3,17,2,22,32,0,32,54
12/03/2012,BPT,TX,ASW,CE,Towers with Radar,0,0,11,0,11,0,2,10,4,16,0,2,21,4,27,38,0,38,65
12/04/2012,BPT,TX,ASW,CE,Towers with Radar,0,0,19,0,19,0,2,8,2,12,0,2,27,2,31,0,0,0,31
12/05/2012,BPT,TX,ASW,CE,Towers with Radar,0,1,33,4,38,0,0,16,7,23,0,1,49,11,61,2,0,2,63
12/06/2012,BPT,TX,ASW,CE,Towers with Radar,0,0,25,0,25,0,3,10,15,28,0,3,35,15,53,0,0,0,53
12/07/2012,BPT,TX,ASW,CE,Towers with Radar,0,1,24,0,25,0,4,15,15,34,0,5,39,15,59,40,0,40,99
12/08/2012,BPT,TX,ASW,CE,Towers with Radar,0,2,12,0,14,0,1,7,7,15,0,3,19,7,29,20,0,20,49
12/09/2012,BPT,TX,ASW,CE,Towers with Radar,0,3,15,0,18,0,0,10,10,20,0,3,25,10,38,0,0,0,38
12/10/2012,BPT,TX,ASW,CE,Towers with Radar,0,2,21,0,23,0,2,1,7,10,0,4,22,7,33,0,0,0,33
12/11/2012,BPT,TX,ASW,CE,Towers with Radar,0,0,20,0,20,0,5,20,7,32,0,5,40,7,52,32,0,32,84
12/12/2012,BPT,TX,ASW,CE,Towers with Radar,0,0,24,0,24,0,1,14,5,20,0,1,38,5,44,24,0,24,68
12/13/2012,BPT,TX,ASW,CE,Towers with Radar,0,0,28,0,28,0,7,22,2,31,0,7,50,2,59,0,0,0,59
12/14/2012,BPT,TX,ASW,CE,Towers with Radar,0,1,50,0,51,0,2,6,2,10,0,3,56,2,61,12,0,12,73
12/15/2012,BPT,TX,ASW,CE,Towers with Radar,0,0,11,0,11,0,1,10,0,11,0,1,21,0,22,2,0,2,24
12/16/2012,BPT,TX,ASW,CE,Towers with Radar,0,0,11,0,11,0,0,0,0,0,0,0,11,0,11,0,0,0,11
12/17/2012,BPT,TX,ASW,CE,Towers with Radar,0,0,15,0,15,0,5,26,1,32,0,5,41,1,47,24,0,24,71
12/18/2012,BPT,TX,ASW,CE,Towers with Radar,0,0,20,0,20,0,2,36,0,38,0,2,56,0,58,4,0,4,62
12/19/2012,BPT,TX,ASW,CE,Towers with Radar,0,0,26,0,26,0,4,11,2,17,0,4,37,2,43,10,0,10,53
12/20/2012,BPT,TX,ASW,CE,Towers with Radar,0,6,18,2,26,0,0,8,0,8,0,6,26,2,34,8,0,8,42
12/21/2012,BPT,TX,ASW,CE,Towers with Radar,0,0,22,0,22,0,8,15,0,23,0,8,37,0,45,0,0,0,45
12/22/2012,BPT,TX,ASW,CE,Towers with Radar,0,4,11,0,15,0,2,20,0,22,0,6,31,0,37,0,0,0,37
12/23/2012,BPT,TX,ASW,CE,Towers with Radar,0,0,19,0,19,0,1,4,0,5,0,1,23,0,24,0,0,0,24
12/24/2012,BPT,TX,ASW,CE,Towers with Radar,0,2,9,0,11,0,5,17,0,22,0,7,26,0,33,40,0,40,73
12/25/2012,BPT,TX,ASW,CE,Towers with Radar,2,5,3,0,10,0,2,0,0,2,2,7,3,0,12,0,0,0,12
12/26/2012,BPT,TX,ASW,CE,Towers with Radar,0,3,14,0,17,0,0,11,0,11,0,3,25,0,28,10,0,10,38
12/27/2012,BPT,TX,ASW,CE,Towers with Radar,0,0,31,0,31,0,0,11,0,11,0,0,42,0,42,20,0,20,62
12/28/2012,BPT,TX,ASW,CE,Towers with Radar,0,4,2,0,6,0,0,0,0,0,0,4,2,0,6,18,0,18,24
12/29/2012,BPT,TX,ASW,CE,Towers with Radar,0,1,10,0,11,0,2,22,0,24,0,3,32,0,35,16,0,16,51
12/30/2012,BPT,TX,ASW,CE,Towers with Radar,0,4,8,0,12,0,1,15,0,16,0,5,23,0,28,0,0,0,28
12/31/2012,BPT,TX,ASW,CE,Towers with Radar,0,3,9,1,13,0,7,2,1,10,0,10,11,2,23,10,0,10,33
01/01/2013,BPT,TX,ASW,CE,Towers with Radar,0,0,6,0,6,0,0,1,0,1,0,0,7,0,7,0,0,0,7
01/02/2013,BPT,TX,ASW,CE,Towers with Radar,0,5,15,0,20,0,1,4,0,5,0,6,19,0,25,0,0,0,25
01/03/2013,BPT,TX,ASW,CE,Towers with Radar,0,1,15,0,16,0,2,19,0,21,0,3,34,0,37,50,0,50,87
01/04/2013,BPT,TX,ASW,CE,Towers with Radar,0,7,18,0,25,0,2,16,0,18,0,9,34,0,43,0,0,0,43
01/05/2013,BPT,TX,ASW,CE,Towers with Radar,0,2,12,0,14,0,1,1,0,2,0,3,13,0,16,10,0,10,26
01/06/2013,BPT,TX,ASW,CE,Towers with Radar,0,6,6,0,12,0,3,26,0,29,0,9,32,0,41,20,0,20,61
01/07/2013,BPT,TX,ASW,CE,Towers with Radar,0,0,7,0,7,0,0,14,0,14,0,0,21,0,21,0,0,0,21
01/08/2013,BPT,TX,ASW,CE,Towers with Radar,0,2,6,0,8,0,2,1,0,3,0,4,7,0,11,0,0,0,11
01/09/2013,BPT,TX,ASW,CE,Towers with Radar,0,2,12,0,14,0,0,3,0,3,0,2,15,0,17,0,0,0,17
01/10/2013,BPT,TX,ASW,CE,Towers with Radar,0,2,17,0,19,0,1,17,0,18,0,3,34,0,37,34,0,34,71
01/11/2013,BPT,TX,ASW,CE,Towers with Radar,0,4,24,4,32,0,2,26,0,28,0,6,50,4,60,16,0,16,76
01/12/2013,BPT,TX,ASW,CE,Towers with Radar,0,0,5,0,5,0,0,0,0,0,0,0,5,0,5,0,0,0,5
01/13/2013,BPT,TX,ASW,CE,Towers with Radar,0,0,15,0,15,0,2,4,0,6,0,2,19,0,21,0,0,0,21
01/14/2013,BPT,TX,ASW,CE,Towers with Radar,0,3,6,0,9,0,0,6,0,6,0,3,12,0,15,0,0,0,15
01/15/2013,BPT,TX,ASW,CE,Towers with Radar,0,0,8,0,8,0,0,4,0,4,0,0,12,0,12,0,0,0,12
01/16/2013,BPT,TX,ASW,CE,Towers with Radar,0,2,14,0,16,0,2,14,0,16,0,4,28,0,32,4,0,4,36
01/17/2013,BPT,TX,ASW,CE,Towers with Radar,0,2,35,0,37,0,2,14,0,16,0,4,49,0,53,0,0,0,53
01/18/2013,BPT,TX,ASW,CE,Towers with Radar,0,2,22,21,45,0,5,26,1,32,0,7,48,22,77,30,0,30,107
01/19/2013,BPT,TX,ASW,CE,Towers with Radar,0,0,17,0,17,0,1,15,1,17,0,1,32,1,34,26,0,26,60
01/20/2013,BPT,TX,ASW,CE,Towers with Radar,0,1,13,0,14,0,0,37,0,37,0,1,50,0,51,26,0,26,77
01/21/2013,BPT,TX,ASW,CE,Towers with Radar,0,3,15,0,18,0,2,13,2,17,0,5,28,2,35,16,0,16,51
01/22/2013,BPT,TX,ASW,CE,Towers with Radar,0,0,17,0,17,0,5,14,1,20,0,5,31,1,37,12,0,12,49
01/23/2013,BPT,TX,ASW,CE,Towers with Radar,0,2,46,0,48,0,2,19,1,22,0,4,65,1,70,16,0,16,86
01/24/2013,BPT,TX,ASW,CE,Towers with Radar,0,4,23,4,31,0,4,18,0,22,0,8,41,4,53,20,0,20,73
01/25/2013,BPT,TX,ASW,CE,Towers with Radar,0,0,20,0,20,0,2,14,0,16,0,2,34,0,36,16,0,16,52
01/26/2013,BPT,TX,ASW,CE,Towers with Radar,0,2,12,3,17,0,2,10,0,12,0,4,22,3,29,16,0,16,45
01/27/2013,BPT,TX,ASW,CE,Towers with Radar,0,1,19,0,20,0,1,16,2,19,0,2,35,2,39,0,0,0,39
01/28/2013,BPT,TX,ASW,CE,Towers with Radar,0,0,23,0,23,0,1,9,0,10,0,1,32,0,33,0,0,0,33
01/29/2013,BPT,TX,ASW,CE,Towers with Radar,0,0,5,0,5,0,1,1,0,2,0,1,6,0,7,0,0,0,7
01/30/2013,BPT,TX,ASW,CE,Towers with Radar,0,2,17,2,21,0,1,11,0,12,0,3,28,2,33,2,0,2,35
01/31/2013,BPT,TX,ASW,CE,Towers with Radar,0,4,15,2,21,0,2,32,2,36,0,6,47,4,57,30,0,30,87
02/01/2013,BPT,TX,ASW,CE,Towers with Radar,0,1,28,0,29,0,2,31,0,33,0,3,59,0,62,26,0,26,88
02/02/2013,BPT,TX,ASW,CE,Towers with Radar,0,2,18,0,20,0,2,26,0,28,0,4,44,0,48,2,0,2,50
02/03/2013,BPT,TX,ASW,CE,Towers with Radar,0,4,20,0,24,0,0,26,0,26,0,4,46,0,50,0,0,0,50
02/04/2013,BPT,TX,ASW,CE,Towers with Radar,0,0,22,0,22,0,0,15,0,15,0,0,37,0,37,28,0,28,65
02/05/2013,BPT,TX,ASW,CE,Towers with Radar,0,2,19,0,21,0,3,9,0,12,0,5,28,0,33,4,0,4,37
02/06/2013,BPT,TX,ASW,CE,Towers with Radar,0,0,7,0,7,0,0,1,0,1,0,0,8,0,8,0,0,0,8
02/07/2013,BPT,TX,ASW,CE,Towers with Radar,0,2,29,0,31,0,0,12,0,12,0,2,41,0,43,18,0,18,61
02/08/2013,BPT,TX,ASW,CE,Towers with Radar,0,2,18,0,20,0,1,30,2,33,0,3,48,2,53,18,0,18,71
02/09/2013,BPT,TX,ASW,CE,Towers with Radar,0,0,10,0,10,0,1,5,0,6,0,1,15,0,16,0,0,0,16
02/10/2013,BPT,TX,ASW,CE,Towers with Radar,0,0,13,0,13,0,0,3,0,3,0,0,16,0,16,0,0,0,16
02/11/2013,BPT,TX,ASW,CE,Towers with Radar,0,2,11,0,13,0,1,8,0,9,0,3,19,0,22,14,0,14,36
02/12/2013,BPT,TX,ASW,CE,Towers with Radar,0,0,16,0,16,0,2,0,0,2,0,2,16,0,18,0,0,0,18
02/13/2013,BPT,TX,ASW,CE,Towers with Radar,0,2,23,0,25,0,1,13,0,14,0,3,36,0,39,18,0,18,57
02/14/2013,BPT,TX,ASW,CE,Towers with Radar,0,7,11,0,18,0,2,19,5,26,0,9,30,5,44,22,0,22,66
02/15/2013,BPT,TX,ASW,CE,Towers with Radar,0,8,22,0,30,0,1,22,1,24,0,9,44,1,54,24,0,24,78
02/16/2013,BPT,TX,ASW,CE,Towers with Radar,0,6,25,0,31,0,1,20,1,22,0,7,45,1,53,28,0,28,81
02/17/2013,BPT,TX,ASW,CE,Towers with Radar,0,8,7,0,15,0,1,17,0,18,0,9,24,0,33,0,0,0,33
02/18/2013,BPT,TX,ASW,CE,Towers with Radar,0,10,6,0,16,0,4,7,0,11,0,14,13,0,27,0,0,0,27
02/19/2013,BPT,TX,ASW,CE,Towers with Radar,0,12,35,0,47,0,5,18,2,25,0,17,53,2,72,0,0,0,72
02/20/2013,BPT,TX,ASW,CE,Towers with Radar,0,11,16,2,29,0,5,7,0,12,0,16,23,2,41,0,0,0,41
02/21/2013,BPT,TX,ASW,CE,Towers with Radar,0,9,15,0,24,0,1,0,0,1,0,10,15,0,25,0,0,0,25
02/22/2013,BPT,TX,ASW,CE,Towers with Radar,0,8,25,2,35,0,2,9,2,13,0,10,34,4,48,40,0,40,88
02/23/2013,BPT,TX,ASW,CE,Towers with Radar,0,9,16,4,29,0,8,15,2,25,0,17,31,6,54,18,0,18,72
02/24/2013,BPT,TX,ASW,CE,Towers with Radar,0,9,13,0,22,0,3,12,0,15,0,12,25,0,37,26,0,26,63
02/25/2013,BPT,TX,ASW,CE,Towers with Radar,0,8,9,0,17,0,0,3,0,3,0,8,12,0,20,0,0,0,20
02/26/2013,BPT,TX,ASW,CE,Towers with Radar,0,8,14,0,22,0,3,16,0,19,0,11,30,0,41,22,0,22,63
02/27/2013,BPT,TX,ASW,CE,Towers with Radar,0,10,20,2,32,0,2,27,0,29,0,12,47,2,61,18,0,18,79
02/28/2013,BPT,TX,ASW,CE,Towers with Radar,0,8,19,0,27,0,7,19,0,26,0,15,38,0,53,28,0,28,81
03/01/2013,BPT,TX,ASW,CE,Towers with Radar,0,8,17,0,25,0,2,27,0,29,0,10,44,0,54,22,0,22,76
03/02/2013,BPT,TX,ASW,CE,Towers with Radar,0,6,11,2,19,0,0,11,2,13,0,6,22,4,32,8,0,8,40
03/03/2013,BPT,TX,ASW,CE,Towers with Radar,0,8,12,0,20,0,2,21,0,23,0,10,33,0,43,24,0,24,67
03/04/2013,BPT,TX,ASW,CE,Towers with Radar,0,8,15,1,24,0,2,12,0,14,0,10,27,1,38,0,0,0,38
03/05/2013,BPT,TX,ASW,CE,Towers with Radar,0,8,17,1,26,0,1,11,1,13,0,9,28,2,39,0,0,0,39
03/06/2013,BPT,TX,ASW,CE,Towers with Radar,0,8,23,0,31,0,0,16,0,16,0,8,39,0,47,26,0,26,73
03/07/2013,BPT,TX,ASW,CE,Towers with Radar,0,10,17,2,29,0,5,26,0,31,0,15,43,2,60,32,0,32,92
03/08/2013,BPT,TX,ASW,CE,Towers with Radar,0,8,22,2,32,0,1,24,0,25,0,9,46,2,57,46,0,46,103
03/09/2013,BPT,TX,ASW,CE,Towers with Radar,0,6,16,0,22,0,1,2,0,3,0,7,18,0,25,0,0,0,25
03/10/2013,BPT,TX,ASW,CE,Towers with Radar,0,10,14,0,24,0,0,0,0,0,0,10,14,0,24,16,0,16,40
03/11/2013,BPT,TX,ASW,CE,Towers with Radar,0,9,19,0,28,0,1,17,0,18,0,10,36,0,46,42,0,42,88
03/12/2013,BPT,TX,ASW,CE,Towers with Radar,0,10,24,0,34,0,4,24,0,28,0,14,48,0,62,0,0,0,62
03/13/2013,BPT,TX,ASW,CE,Towers with Radar,0,18,21,0,39,0,2,22,0,24,0,20,43,0,63,48,0,48,111
03/14/2013,BPT,TX,ASW,CE,Towers with Radar,0,11,21,0,32,0,1,23,0,24,0,12,44,0,56,44,0,44,100
03/15/2013,BPT,TX,ASW,CE,Towers with Radar,0,8,14,0,22,0,5,19,1,25,0,13,33,1,47,20,0,20,67
03/16/2013,BPT,TX,ASW,CE,Towers with Radar,0,7,21,0,28,0,0,14,0,14,0,7,35,0,42,0,0,0,42
03/17/2013,BPT,TX,ASW,CE,Towers with Radar,0,10,17,0,27,0,2,7,0,9,0,12,24,0,36,8,0,8,44
03/18/2013,BPT,TX,ASW,CE,Towers with Radar,0,8,10,10,28,0,2,11,2,15,0,10,21,12,43,20,6,26,69
03/19/2013,BPT,TX,ASW,CE,Towers with Radar,0,11,27,4,42,0,6,20,0,26,0,17,47,4,68,34,0,34,102
03/20/2013,BPT,TX,ASW,CE,Towers with Radar,0,8,23,1,32,0,0,10,1,11,0,8,33,2,43,10,0,10,53
03/21/2013,BPT,TX,ASW,CE,Towers with Radar,0,11,18,8,37,0,6,8,0,14,0,17,26,8,51,0,0,0,51
03/22/2013,BPT,TX,ASW,CE,Towers with Radar,0,13,20,0,33,0,2,9,0,11,0,15,29,0,44,0,0,0,44
03/23/2013,BPT,TX,ASW,CE,Towers with Radar,0,6,8,0,14,0,0,4,0,4,0,6,12,0,18,8,0,8,26
03/24/2013,BPT,TX,ASW,CE,Towers with Radar,0,8,12,0,20,0,2,12,0,14,0,10,24,0,34,0,0,0,34
03/25/2013,BPT,TX,ASW,CE,Towers with Radar,0,8,20,1,29,0,1,10,0,11,0,9,30,1,40,0,0,0,40
03/26/2013,BPT,TX,ASW,CE,Towers with Radar,0,9,33,5,47,0,2,17,3,22,0,11,50,8,69,4,0,4,73
03/27/2013,BPT,TX,ASW,CE,Towers with Radar,0,11,27,0,38,0,0,12,3,15,0,11,39,3,53,0,0,0,53
03/28/2013,BPT,TX,ASW,CE,Towers with Radar,0,10,24,0,34,0,4,21,0,25,0,14,45,0,59,2,0,2,61
03/29/2013,BPT,TX,ASW,CE,Towers with Radar,2,8,13,0,23,0,1,19,0,20,2,9,32,0,43,22,0,22,65
03/30/2013,BPT,TX,ASW,CE,Towers with Radar,0,10,12,0,22,0,1,11,0,12,0,11,23,0,34,10,0,10,44
03/31/2013,BPT,TX,ASW,CE,Towers with Radar,0,9,15,0,24,0,0,1,0,1,0,9,16,0,25,0,0,0,25
04/01/2013,BPT,TX,ASW,CE,Towers with Radar,2,9,11,0,22,0,2,24,2,28,2,11,35,2,50,28,0,28,78
04/02/2013,BPT,TX,ASW,CE,Towers with Radar,2,11,13,0,26,0,2,17,0,19,2,13,30,0,45,6,0,6,51
04/03/2013,BPT,TX,ASW,CE,Towers with Radar,0,9,19,0,28,0,2,2,0,4,0,11,21,0,32,0,0,0,32
04/04/2013,BPT,TX,ASW,CE,Towers with Radar,0,9,29,0,38,0,5,12,0,17,0,14,41,0,55,12,0,12,67
04/05/2013,BPT,TX,ASW,CE,Towers with Radar,0,11,13,0,24,0,1,39,0,40,0,12,52,0,64,12,0,12,76
04/06/2013,BPT,TX,ASW,CE,Towers with Radar,0,8,9,0,17,0,1,16,0,17,0,9,25,0,34,14,0,14,48
04/07/2013,BPT,TX,ASW,CE,Towers with Radar,0,14,11,0,25,0,1,20,2,23,0,15,31,2,48,10,0,10,58
04/08/2013,BPT,TX,ASW,CE,Towers with Radar,0,9,22,0,31,0,4,17,0,21,0,13,39,0,52,0,0,0,52
04/09/2013,BPT,TX,ASW,CE,Towers with Radar,0,8,15,2,25,0,0,8,2,10,0,8,23,4,35,0,0,0,35
04/10/2013,BPT,TX,ASW,CE,Towers with Radar,0,9,11,0,20,0,0,3,0,3,0,9,14,0,23,0,0,0,23
04/11/2013,BPT,TX,ASW,CE,Towers with Radar,0,8,14,2,24,0,0,29,0,29,0,8,43,2,53,6,0,6,59
04/12/2013,BPT,TX,ASW,CE,Towers with Radar,0,10,16,0,26,0,8,29,0,37,0,18,45,0,63,8,0,8,71
04/13/2013,BPT,TX,ASW,CE,Towers with Radar,0,6,7,0,13,0,2,7,0,9,0,8,14,0,22,4,0,4,26
04/14/2013,BPT,TX,ASW,CE,Towers with Radar,0,8,16,0,24,0,0,11,0,11,0,8,27,0,35,0,0,0,35
04/15/2013,BPT,TX,ASW,CE,Towers with Radar,0,8,11,0,19,0,4,21,0,25,0,12,32,0,44,38,0,38,82
04/16/2013,BPT,TX,ASW,CE,Towers with Radar,0,4,22,0,26,0,2,4,0,6,0,6,26,0,32,0,0,0,32
04/17/2013,BPT,TX,ASW,CE,Towers with Radar,0,8,21,0,29,0,0,3,0,3,0,8,24,0,32,0,0,0,32
04/18/2013,BPT,TX,ASW,CE,Towers with Radar,0,11,12,0,23,0,2,2,0,4,0,13,14,0,27,8,0,8,35
04/19/2013,BPT,TX,ASW,CE,Towers with Radar,0,9,19,0,28,0,0,24,0,24,0,9,43,0,52,10,0,10,62
04/20/2013,BPT,TX,ASW,CE,Towers with Radar,0,4,23,0,27,0,1,22,0,23,0,5,45,0,50,32,0,32,82
04/21/2013,BPT,TX,ASW,CE,Towers with Radar,0,13,18,0,31,0,2,20,3,25,0,15,38,3,56,70,0,70,126
04/22/2013,BPT,TX,ASW,CE,Towers with Radar,0,10,15,0,25,0,4,21,0,25,0,14,36,0,50,26,0,26,76
04/23/2013,BPT,TX,ASW,CE,Towers with Radar,0,10,17,0,27,0,2,16,0,18,0,12,33,0,45,4,0,4,49
04/24/2013,BPT,TX,ASW,CE,Towers with Radar,0,10,32,0,42,0,1,9,0,10,0,11,41,0,52,0,0,0,52
04/25/2013,BPT,TX,ASW,CE,Towers with Radar,0,9,20,0,29,0,4,14,3,21,0,13,34,3,50,0,0,0,50
04/26/2013,BPT,TX,ASW,CE,Towers with Radar,0,11,25,0,36,0,2,15,0,17,0,13,40,0,53,26,0,26,79
04/27/2013,BPT,TX,ASW,CE,Towers with Radar,0,6,9,0,15,0,1,7,0,8,0,7,16,0,23,0,0,0,23
04/28/2013,BPT,TX,ASW,CE,Towers with Radar,0,8,7,0,15,0,2,21,0,23,0,10,28,0,38,0,0,0,38
04/29/2013,BPT,TX,ASW,CE,Towers with Radar,0,9,9,0,18,0,1,13,0,14,0,10,22,0,32,0,0,0,32
04/30/2013,BPT,TX,ASW,CE,Towers with Radar,0,12,21,0,33,0,1,16,0,17,0,13,37,0,50,0,0,0,50
05/01/2013,BPT,TX,ASW,CE,Towers with Radar,0,8,23,0,31,0,2,20,0,22,0,10,43,0,53,0,0,0,53
05/02/2013,BPT,TX,ASW,CE,Towers with Radar,0,10,21,0,31,0,2,5,0,7,0,12,26,0,38,0,0,0,38
05/03/2013,BPT,TX,ASW,CE,Towers with Radar,0,8,21,2,31,0,5,14,1,20,0,13,35,3,51,0,0,0,51
05/04/2013,BPT,TX,ASW,CE,Towers with Radar,0,7,11,0,18,0,2,13,0,15,0,9,24,0,33,0,0,0,33
05/05/2013,BPT,TX,ASW,CE,Towers with Radar,0,10,17,0,27,0,2,25,0,27,0,12,42,0,54,0,0,0,54
05/06/2013,BPT,TX,ASW,CE,Towers with Radar,0,10,26,0,36,0,1,12,0,13,0,11,38,0,49,20,0,20,69
05/07/2013,BPT,TX,ASW,CE,Towers with Radar,0,11,13,6,30,0,5,39,0,44,0,16,52,6,74,68,0,68,142
05/08/2013,BPT,TX,ASW,CE,Towers with Radar,0,22,19,0,41,0,4,26,0,30,0,26,45,0,71,42,0,42,113
05/09/2013,BPT,TX,ASW,CE,Towers with Radar,0,11,22,0,33,0,0,12,0,12,0,11,34,0,45,6,0,6,51
05/10/2013,BPT,TX,ASW,CE,Towers with Radar,0,8,9,0,17,0,0,9,0,9,0,8,18,0,26,4,0,4,30
05/11/2013,BPT,TX,ASW,CE,Towers with Radar,0,6,6,2,14,0,0,4,0,4,0,6,10,2,18,0,0,0,18
05/12/2013,BPT,TX,ASW,CE,Towers with Radar,0,10,12,0,22,0,2,18,0,20,0,12,30,0,42,14,0,14,56
05/13/2013,BPT,TX,ASW,CE,Towers with Radar,0,9,16,0,25,0,2,27,2,31,0,11,43,2,56,10,0,10,66
05/14/2013,BPT,TX,ASW,CE,Towers with Radar,0,15,15,2,32,0,5,30,0,35,0,20,45,2,67,6,0,6,73
05/15/2013,BPT,TX,ASW,CE,Towers with Radar,0,12,16,0,28,0,1,11,0,12,0,13,27,0,40,32,0,32,72
05/16/2013,BPT,TX,ASW,CE,Towers with Radar,0,11,18,0,29,0,1,11,0,12,0,12,29,0,41,8,0,8,49
05/17/2013,BPT,TX,ASW,CE,Towers with Radar,0,12,8,0,20,0,3,12,2,17,0,15,20,2,37,22,0,22,59
05/18/2013,BPT,TX,ASW,CE,Towers with Radar,0,7,6,0,13,0,6,15,0,21,0,13,21,0,34,28,0,28,62
05/19/2013,BPT,TX,ASW,CE,Towers with Radar,0,8,13,0,21,0,2,16,0,18,0,10,29,0,39,34,0,34,73
05/20/2013,BPT,TX,ASW,CE,Towers with Radar,0,10,17,0,27,0,3,13,0,16,0,13,30,0,43,38,0,38,81
05/21/2013,BPT,TX,ASW,CE,Towers with Radar,0,6,35,0,41,0,2,15,1,18,0,8,50,1,59,24,0,24,83
05/22/2013,BPT,TX,ASW,CE,Towers with Radar,0,12,19,0,31,0,1,20,0,21,0,13,39,0,52,80,0,80,132
05/23/2013,BPT,TX,ASW,CE,Towers with Radar,0,11,18,0,29,0,0,27,0,27,0,11,45,0,56,10,0,10,66
05/24/2013,BPT,TX,ASW,CE,Towers with Radar,0,9,18,0,27,0,1,16,0,17,0,10,34,0,44,0,0,0,44
05/25/2013,BPT,TX,ASW,CE,Towers with Radar,0,6,2,0,8,0,0,20,0,20,0,6,22,0,28,0,0,0,28
05/26/2013,BPT,TX,ASW,CE,Towers with Radar,0,6,9,0,15,0,1,13,0,14,0,7,22,0,29,4,0,4,33
05/27/2013,BPT,TX,ASW,CE,Towers with Radar,0,9,9,0,18,0,0,14,0,14,0,9,23,0,32,8,0,8,40
05/28/2013,BPT,TX,ASW,CE,Towers with Radar,0,11,16,0,27,0,3,14,0,17,0,14,30,0,44,10,0,10,54
05/29/2013,BPT,TX,ASW,CE,Towers with Radar,1,10,8,3,22,0,2,13,0,15,1,12,21,3,37,20,0,20,57
05/30/2013,BPT,TX,ASW,CE,Towers with Radar,0,8,23,2,33,0,1,10,0,11,0,9,33,2,44,0,0,0,44
05/31/2013,BPT,TX,ASW,CE,Towers with Radar,0,10,19,0,29,0,1,12,0,13,0,11,31,0,42,8,0,8,50
06/01/2013,BPT,TX,ASW,CE,Towers with Radar,0,8,20,0,28,0,5,9,0,14,0,13,29,0,42,4,0,4,46
06/02/2013,BPT,TX,ASW,CE,Towers with Radar,0,12,7,0,19,0,2,6,0,8,0,14,13,0,27,16,0,16,43
06/03/2013,BPT,TX,ASW,CE,Towers with Radar,0,8,5,2,15,0,2,25,2,29,0,10,30,4,44,34,0,34,78
06/04/2013,BPT,TX,ASW,CE,Towers with Radar,0,6,14,0,20,0,5,30,0,35,0,11,44,0,55,36,0,36,91
06/05/2013,BPT,TX,ASW,CE,Towers with Radar,0,8,25,0,33,0,1,22,4,27,0,9,47,4,60,12,0,12,72
06/06/2013,BPT,TX,ASW,CE,Towers with Radar,0,10,17,0,27,0,2,13,0,15,0,12,30,0,42,10,0,10,52
06/07/2013,BPT,TX,ASW,CE,Towers with Radar,0,9,17,0,26,0,2,11,0,13,0,11,28,0,39,0,0,0,39
06/08/2013,BPT,TX,ASW,CE,Towers with Radar,0,7,7,1,15,0,1,17,0,18,0,8,24,1,33,2,0,2,35
06/09/2013,BPT,TX,ASW,CE,Towers with Radar,0,11,11,0,22,0,1,10,1,12,0,12,21,1,34,0,0,0,34
06/10/2013,BPT,TX,ASW,CE,Towers with Radar,0,11,17,0,28,0,2,20,0,22,0,13,37,0,50,28,0,28,78
06/11/2013,BPT,TX,ASW,CE,Towers with Radar,0,9,13,1,23,0,2,25,1,28,0,11,38,2,51,20,0,20,71
06/12/2013,BPT,TX,ASW,CE,Towers with Radar,0,11,22,2,35,0,1,31,1,33,0,12,53,3,68,22,0,22,90
06/13/2013,BPT,TX,ASW,CE,Towers with Radar,0,12,14,2,28,0,4,21,0,25,0,16,35,2,53,2,0,2,55
06/14/2013,BPT,TX,ASW,CE,Towers with Radar,0,12,13,0,25,0,2,26,0,28,0,14,39,0,53,22,0,22,75
06/15/2013,BPT,TX,ASW,CE,Towers with Radar,0,8,5,0,13,0,2,11,2,15,0,10,16,2,28,8,0,8,36
06/16/2013,BPT,TX,ASW,CE,Towers with Radar,0,9,7,0,16,0,2,10,0,12,0,11,17,0,28,6,0,6,34
06/17/2013,BPT,TX,ASW,CE,Towers with Radar,0,6,26,0,32,0,3,16,0,19,0,9,42,0,51,12,0,12,63
06/18/2013,BPT,TX,ASW,CE,Towers with Radar,0,9,15,0,24,0,2,16,0,18,0,11,31,0,42,14,0,14,56
06/19/2013,BPT,TX,ASW,CE,Towers with Radar,0,13,20,0,33,0,2,18,2,22,0,15,38,2,55,28,0,28,83
06/20/2013,BPT,TX,ASW,CE,Towers with Radar,2,14,12,2,30,0,2,15,0,17,2,16,27,2,47,6,0,6,53
06/21/2013,BPT,TX,ASW,CE,Towers with Radar,0,8,16,4,28,0,1,25,2,28,0,9,41,6,56,8,0,8,64
06/22/2013,BPT,TX,ASW,CE,Towers with Radar,0,6,6,0,12,0,2,17,3,22,0,8,23,3,34,12,0,12,46
06/23/2013,BPT,TX,ASW,CE,Towers with Radar,2,12,9,0,23,0,2,15,0,17,2,14,24,0,40,26,0,26,66
06/24/2013,BPT,TX,ASW,CE,Towers with Radar,0,8,19,0,27,0,2,4,2,8,0,10,23,2,35,28,0,28,63
06/25/2013,BPT,TX,ASW,CE,Towers with Radar,0,8,28,6,42,0,2,22,3,27,0,10,50,9,69,22,0,22,91
06/26/2013,BPT,TX,ASW,CE,Towers with Radar,0,8,23,0,31,0,2,17,7,26,0,10,40,7,57,14,0,14,71
06/27/2013,BPT,TX,ASW,CE,Towers with Radar,0,9,14,2,25,0,1,18,9,28,0,10,32,11,53,0,0,0,53
06/28/2013,BPT,TX,ASW,CE,Towers with Radar,0,10,16,0,26,0,4,27,2,33,0,14,43,2,59,6,0,6,65
06/29/2013,BPT,TX,ASW,CE,Towers with Radar,0,9,7,0,16,0,2,9,4,15,0,11,16,4,31,20,0,20,51
06/30/2013,BPT,TX,ASW,CE,Towers with Radar,0,8,12,0,20,0,2,14,2,18,0,10,26,2,38,0,0,0,38
07/01/2013,BPT,TX,ASW,CE,Towers with Radar,0,11,6,0,17,0,2,30,1,33,0,13,36,1,50,0,0,0,50
07/02/2013,BPT,TX,ASW,CE,Towers with Radar,0,9,18,0,27,0,2,29,0,31,0,11,47,0,58,4,0,4,62
07/03/2013,BPT,TX,ASW,CE,Towers with Radar,0,8,14,0,22,0,1,32,0,33,0,9,46,0,55,28,0,28,83
07/04/2013,BPT,TX,ASW,CE,Towers with Radar,0,9,5,0,14,0,2,13,2,17,0,11,18,2,31,10,0,10,41
07/05/2013,BPT,TX,ASW,CE,Towers with Radar,0,9,14,0,23,0,4,17,0,21,0,13,31,0,44,24,0,24,68
07/06/2013,BPT,TX,ASW,CE,Towers with Radar,0,7,13,0,20,0,2,19,1,22,0,9,32,1,42,30,0,30,72
07/07/2013,BPT,TX,ASW,CE,Towers with Radar,0,8,18,0,26,0,0,5,5,10,0,8,23,5,36,2,0,2,38
07/08/2013,BPT,TX,ASW,CE,Towers with Radar,0,9,8,0,17,0,2,4,2,8,0,11,12,2,25,12,0,12,37
07/09/2013,BPT,TX,ASW,CE,Towers with Radar,0,6,26,0,32,0,2,17,0,19,0,8,43,0,51,16,0,16,67
07/10/2013,BPT,TX,ASW,CE,Towers with Radar,0,7,24,0,31,0,4,30,2,36,0,11,54,2,67,0,0,0,67
07/11/2013,BPT,TX,ASW,CE,Towers with Radar,0,9,14,0,23,0,2,14,0,16,0,11,28,0,39,32,0,32,71
07/12/2013,BPT,TX,ASW,CE,Towers with Radar,0,7,15,0,22,0,2,21,0,23,0,9,36,0,45,22,0,22,67
07/13/2013,BPT,TX,ASW,CE,Towers with Radar,0,6,11,0,17,0,3,15,0,18,0,9,26,0,35,24,0,24,59
07/14/2013,BPT,TX,ASW,CE,Towers with Radar,2,8,9,0,19,0,2,7,0,9,2,10,16,0,28,8,0,8,36
07/15/2013,BPT,TX,ASW,CE,Towers with Radar,0,8,5,0,13,0,2,13,0,15,0,10,18,0,28,18,0,18,46
07/16/2013,BPT,TX,ASW,CE,Towers with Radar,0,8,13,0,21,0,1,8,0,9,0,9,21,0,30,2,0,2,32
07/17/2013,BPT,TX,ASW,CE,Towers with Radar,0,12,24,0,36,0,1,14,0,15,0,13,38,0,51,28,0,28,79
07/18/2013,BPT,TX,ASW,CE,Towers with Radar,0,8,16,0,24,0,2,17,1,20,0,10,33,1,44,34,0,34,78
07/19/2013,BPT,TX,ASW,CE,Towers with Radar,0,8,14,1,23,0,3,12,1,16,0,11,26,2,39,8,0,8,47
07/20/2013,BPT,TX,ASW,CE,Towers with Radar,0,7,7,0,14,0,2,8,2,12,0,9,15,2,26,16,0,16,42
07/21/2013,BPT,TX,ASW,CE,Towers with Radar,0,6,13,0,19,0,0,12,0,12,0,6,25,0,31,10,0,10,41
07/22/2013,BPT,TX,ASW,CE,Towers with Radar,0,8,10,0,18,0,1,15,0,16,0,9,25,0,34,20,0,20,54
07/23/2013,BPT,TX,ASW,CE,Towers with Radar,0,8,18,0,26,0,2,19,3,24,0,10,37,3,50,22,0,22,72
07/24/2013,BPT,TX,ASW,CE,Towers with Radar,0,10,8,4,22,0,3,22,0,25,0,13,30,4,47,16,0,16,63
07/25/2013,BPT,TX,ASW,CE,Towers with Radar,0,11,14,0,25,0,7,16,2,25,0,18,30,2,50,6,0,6,56
07/26/2013,BPT,TX,ASW,CE,Towers with Radar,0,10,18,6,34,0,2,28,2,32,0,12,46,8,66,30,0,30,96
07/27/2013,BPT,TX,ASW,CE,Towers with Radar,0,6,15,0,21,0,5,19,0,24,0,11,34,0,45,20,0,20,65
07/28/2013,BPT,TX,ASW,CE,Towers with Radar,0,10,17,0,27,0,6,14,0,20,0,16,31,0,47,26,0,26,73
07/29/2013,BPT,TX,ASW,CE,Towers with Radar,0,9,17,0,26,0,4,21,0,25,0,13,38,0,51,20,0,20,71
07/30/2013,BPT,TX,ASW,CE,Towers with Radar,0,12,15,0,27,0,5,36,0,41,0,17,51,0,68,12,0,12,80
07/31/2013,BPT,TX,ASW,CE,Towers with Radar,0,7,26,2,35,0,2,17,0,19,0,9,43,2,54,26,0,26,80
08/01/2013,BPT,TX,ASW,CE,Towers with Radar,0,7,10,4,21,0,2,22,0,24,0,9,32,4,45,18,0,18,63
08/02/2013,BPT,TX,ASW,CE,Towers with Radar,0,10,12,0,22,0,0,31,1,32,0,10,43,1,54,24,0,24,78
08/03/2013,BPT,TX,ASW,CE,Towers with Radar,0,6,6,0,12,0,4,14,0,18,0,10,20,0,30,4,0,4,34
08/04/2013,BPT,TX,ASW,CE,Towers with Radar,0,8,13,3,24,0,2,5,0,7,0,10,18,3,31,0,0,0,31
08/05/2013,BPT,TX,ASW,CE,Towers with Radar,0,8,10,0,18,0,0,20,0,20,0,8,30,0,38,32,0,32,70
08/06/2013,BPT,TX,ASW,CE,Towers with Radar,0,8,19,6,33,0,4,15,0,19,0,12,34,6,52,18,0,18,70
08/07/2013,BPT,TX,ASW,CE,Towers with Radar,0,8,20,2,30,0,4,19,0,23,0,12,39,2,53,16,0,16,69
08/08/2013,BPT,TX,ASW,CE,Towers with Radar,0,10,14,0,24,0,2,19,0,21,0,12,33,0,45,26,0,26,71
08/09/2013,BPT,TX,ASW,CE,Towers with Radar,0,11,16,2,29,0,5,23,0,28,0,16,39,2,57,24,0,24,81
08/10/2013,BPT,TX,ASW,CE,Towers with Radar,0,8,10,0,18,0,2,7,0,9,0,10,17,0,27,18,0,18,45
08/11/2013,BPT,TX,ASW,CE,Towers with Radar,0,8,16,0,24,0,0,7,0,7,0,8,23,0,31,8,0,8,39
08/12/2013,BPT,TX,ASW,CE,Towers with Radar,0,11,24,0,35,0,2,18,0,20,0,13,42,0,55,6,0,6,61
08/13/2013,BPT,TX,ASW,CE,Towers with Radar,0,7,9,2,18,0,2,22,0,24,0,9,31,2,42,18,0,18,60
08/14/2013,BPT,TX,ASW,CE,Towers with Radar,0,9,11,3,23,0,2,18,0,20,0,11,29,3,43,8,0,8,51
08/15/2013,BPT,TX,ASW,CE,Towers with Radar,0,11,12,1,24,0,1,11,0,12,0,12,23,1,36,14,0,14,50
08/16/2013,BPT,TX,ASW,CE,Towers with Radar,2,14,16,4,36,0,1,21,0,22,2,15,37,4,58,10,0,10,68
08/17/2013,BPT,TX,ASW,CE,Towers with Radar,0,6,8,0,14,0,2,11,0,13,0,8,19,0,27,2,0,2,29
08/18/2013,BPT,TX,ASW,CE,Towers with Radar,0,7,11,0,18,0,2,14,0,16,0,9,25,0,34,10,0,10,44
08/19/2013,BPT,TX,ASW,CE,Towers with Radar,0,8,13,0,21,0,1,21,0,22,0,9,34,0,43,0,0,0,43
08/20/2013,BPT,TX,ASW,CE,Towers with Radar,0,10,18,0,28,0,2,12,0,14,0,12,30,0,42,12,0,12,54
08/21/2013,BPT,TX,ASW,CE,Towers with Radar,0,9,23,0,32,0,0,20,0,20,0,9,43,0,52,24,0,24,76
08/22/2013,BPT,TX,ASW,CE,Towers with Radar,2,10,11,2,25,0,1,14,1,16,2,11,25,3,41,22,0,22,63
08/23/2013,BPT,TX,ASW,CE,Towers with Radar,0,8,10,2,20,0,1,21,2,24,0,9,31,4,44,8,0,8,52
08/24/2013,BPT,TX,ASW,CE,Towers with Radar,0,6,2,0,8,0,2,12,0,14,0,8,14,0,22,0,0,0,22
08/25/2013,BPT,TX,ASW,CE,Towers with Radar,2,10,12,0,24,0,2,3,0,5,2,12,15,0,29,0,0,0,29
08/26/2013,BPT,TX,ASW,CE,Towers with Radar,0,9,13,0,22,0,0,8,0,8,0,9,21,0,30,0,0,0,30
08/27/2013,BPT,TX,ASW,CE,Towers with Radar,0,8,24,0,32,0,1,28,0,29,0,9,52,0,61,0,0,0,61
08/28/2013,BPT,TX,ASW,CE,Towers with Radar,0,6,25,2,33,0,1,35,0,36,0,7,60,2,69,16,0,16,85
08/29/2013,BPT,TX,ASW,CE,Towers with Radar,0,8,36,2,46,0,0,25,2,27,0,8,61,4,73,20,0,20,93
08/30/2013,BPT,TX,ASW,CE,Towers with Radar,0,8,31,0,39,0,1,20,0,21,0,9,51,0,60,2,0,2,62
08/31/2013,BPT,TX,ASW,CE,Towers with Radar,0,4,7,0,11,0,2,5,0,7,0,6,12,0,18,0,0,0,18
09/01/2013,BPT,TX,ASW,CE,Towers with Radar,0,11,2,0,13,0,1,12,0,13,0,12,14,0,26,8,0,8,34
09/02/2013,BPT,TX,ASW,CE,Towers with Radar,0,8,12,0,20,0,2,32,0,34,0,10,44,0,54,14,0,14,68
09/03/2013,BPT,TX,ASW,CE,Towers with Radar,0,8,13,9,30,0,2,25,11,38,0,10,38,20,68,0,0,0,68
09/04/2013,BPT,TX,ASW,CE,Towers with Radar,0,6,14,0,20,0,7,37,0,44,0,13,51,0,64,18,0,18,82
09/05/2013,BPT,TX,ASW,CE,Towers with Radar,0,7,36,0,43,0,2,32,6,40,0,9,68,6,83,6,0,6,89
09/06/2013,BPT,TX,ASW,CE,Towers with Radar,0,12,17,0,29,0,0,29,0,29,0,12,46,0,58,16,0,16,74
09/07/2013,BPT,TX,ASW,CE,Towers with Radar,0,6,12,0,18,0,2,24,2,28,0,8,36,2,46,12,0,12,58
09/08/2013,BPT,TX,ASW,CE,Towers with Radar,0,10,11,0,21,0,0,19,0,19,0,10,30,0,40,8,0,8,48
09/09/2013,BPT,TX,ASW,CE,Towers with Radar,0,12,9,0,21,0,2,23,0,25,0,14,32,0,46,0,0,0,46
09/10/2013,BPT,TX,ASW,CE,Towers with Radar,0,8,18,0,26,0,1,25,0,26,0,9,43,0,52,0,0,0,52
09/11/2013,BPT,TX,ASW,CE,Towers with Radar,0,7,14,0,21,0,3,12,0,15,0,10,26,0,36,32,0,32,68
09/12/2013,BPT,TX,ASW,CE,Towers with Radar,0,9,19,3,31,0,2,26,0,28,0,11,45,3,59,20,0,20,79
09/13/2013,BPT,TX,ASW,CE,Towers with Radar,0,8,17,2,27,0,1,23,0,24,0,9,40,2,51,0,0,0,51
09/14/2013,BPT,TX,ASW,CE,Towers with Radar,0,4,7,0,11,0,5,10,0,15,0,9,17,0,26,44,0,44,70
09/15/2013,BPT,TX,ASW,CE,Towers with Radar,0,9,24,0,33,0,2,10,0,12,0,11,34,0,45,0,0,0,45
09/16/2013,BPT,TX,ASW,CE,Towers with Radar,0,10,11,4,25,0,2,17,2,21,0,12,28,6,46,8,0,8,54
09/17/2013,BPT,TX,ASW,CE,Towers with Radar,0,8,23,0,31,0,1,16,6,23,0,9,39,6,54,0,0,0,54
09/18/2013,BPT,TX,ASW,CE,Towers with Radar,0,6,32,0,38,0,4,22,3,29,0,10,54,3,67,10,0,10,77
09/19/2013,BPT,TX,ASW,CE,Towers with Radar,0,9,22,0,31,0,2,8,4,14,0,11,30,4,45,20,0,20,65
09/20/2013,BPT,TX,ASW,CE,Towers with Radar,0,8,5,0,13,0,0,0,0,0,0,8,5,0,13,0,0,0,13
09/21/2013,BPT,TX,ASW,CE,Towers with Radar,0,5,6,0,11,0,1,1,0,2,0,6,7,0,13,0,0,0,13
09/22/2013,BPT,TX,ASW,CE,Towers with Radar,0,13,9,0,22,0,2,16,3,21,0,15,25,3,43,2,0,2,45
09/23/2013,BPT,TX,ASW,CE,Towers with Radar,0,9,22,0,31,0,4,41,4,49,0,13,63,4,80,46,0,46,126
09/24/2013,BPT,TX,ASW,CE,Towers with Radar,0,6,16,0,22,0,2,23,1,26,0,8,39,1,48,4,0,4,52
09/25/2013,BPT,TX,ASW,CE,Towers with Radar,0,6,23,0,29,0,2,18,2,22,0,8,41,2,51,30,0,30,81
09/26/2013,BPT,TX,ASW,CE,Towers with Radar,0,9,22,0,31,0,2,38,1,41,0,11,60,1,72,14,0,14,86
09/27/2013,BPT,TX,ASW,CE,Towers with Radar,0,8,24,0,32,0,2,45,0,47,0,10,69,0,79,6,0,6,85
09/28/2013,BPT,TX,ASW,CE,Towers with Radar,0,9,15,0,24,0,6,37,0,43,0,15,52,0,67,4,0,4,71
09/29/2013,BPT,TX,ASW,CE,Towers with Radar,2,8,12,0,22,0,2,7,0,9,2,10,19,0,31,0,0,0,31
09/30/2013,BPT,TX,ASW,CE,Towers with Radar,0,8,5,0,13,0,0,37,0,37,0,8,42,0,50,16,0,16,66
10/01/2013,BPT,TX,ASW,CE,Towers with Radar,0,5,18,0,23,0,2,41,0,43,0,7,59,0,66,20,0,20,86
10/02/2013,BPT,TX,ASW,CE,Towers with Radar,0,10,11,2,23,0,2,32,3,37,0,12,43,5,60,0,0,0,60
10/03/2013,BPT,TX,ASW,CE,Towers with Radar,0,10,26,0,36,0,2,58,0,60,0,12,84,0,96,24,0,24,120
10/04/2013,BPT,TX,ASW,CE,Towers with Radar,0,10,19,0,29,0,3,47,0,50,0,13,66,0,79,16,0,16,95
10/05/2013,BPT,TX,ASW,CE,Towers with Radar,0,3,11,0,14,0,1,5,0,6,0,4,16,0,20,0,0,0,20
10/06/2013,BPT,TX,ASW,CE,Towers with Radar,0,8,17,0,25,0,2,3,0,5,0,10,20,0,30,0,0,0,30
10/07/2013,BPT,TX,ASW,CE,Towers with Radar,0,8,15,0,23,0,2,29,1,32,0,10,44,1,55,0,0,0,55
10/08/2013,BPT,TX,ASW,CE,Towers with Radar,0,8,21,0,29,0,2,41,0,43,0,10,62,0,72,40,0,40,112
10/09/2013,BPT,TX,ASW,CE,Towers with Radar,0,8,24,0,32,0,1,34,0,35,0,9,58,0,67,10,0,10,77
10/10/2013,BPT,TX,ASW,CE,Towers with Radar,0,8,10,0,18,0,0,43,0,43,0,8,53,0,61,38,0,38,99
10/11/2013,BPT,TX,ASW,CE,Towers with Radar,0,11,7,0,18,0,0,46,0,46,0,11,53,0,64,8,0,8,72
10/12/2013,BPT,TX,ASW,CE,Towers with Radar,0,5,19,0,24,0,1,48,0,49,0,6,67,0,73,8,0,8,81
10/13/2013,BPT,TX,ASW,CE,Towers with Radar,0,9,10,1,20,0,1,10,4,15,0,10,20,5,35,0,0,0,35
10/14/2013,BPT,TX,ASW,CE,Towers with Radar,0,10,16,0,26,0,2,9,2,13,0,12,25,2,39,0,0,0,39
10/15/2013,BPT,TX,ASW,CE,Towers with Radar,0,6,6,0,12,0,2,30,0,32,0,8,36,0,44,4,0,4,48
10/16/2013,BPT,TX,ASW,CE,Towers with Radar,0,6,16,0,22,0,0,11,0,11,0,6,27,0,33,0,0,0,33
10/17/2013,BPT,TX,ASW,CE,Towers with Radar,0,8,18,2,28,0,1,9,0,10,0,9,27,2,38,0,0,0,38
10/18/2013,BPT,TX,ASW,CE,Towers with Radar,0,8,11,0,19,0,1,11,0,12,0,9,22,0,31,6,0,6,37
10/19/2013,BPT,TX,ASW,CE,Towers with Radar,0,4,7,2,13,0,2,3,0,5,0,6,10,2,18,0,0,0,18
10/20/2013,BPT,TX,ASW,CE,Towers with Radar,0,11,17,0,28,0,2,26,2,30,0,13,43,2,58,0,0,0,58
10/21/2013,BPT,TX,ASW,CE,Towers with Radar,0,7,14,0,21,0,2,18,0,20,0,9,32,0,41,36,0,36,77
10/22/2013,BPT,TX,ASW,CE,Towers with Radar,0,6,24,0,30,0,5,18,0,23,0,11,42,0,53,10,0,10,63
10/23/2013,BPT,TX,ASW,CE,Towers with Radar,0,6,41,0,47,0,2,28,0,30,0,8,69,0,77,0,0,0,77
10/24/2013,BPT,TX,ASW,CE,Towers with Radar,0,8,16,0,24,0,0,20,0,20,0,8,36,0,44,12,0,12,56
10/25/2013,BPT,TX,ASW,CE,Towers with Radar,1,8,13,0,22,0,1,16,2,19,1,9,29,2,41,0,0,0,41
10/26/2013,BPT,TX,ASW,CE,Towers with Radar,0,3,7,0,10,0,1,11,0,12,0,4,18,0,22,16,0,16,38
10/27/2013,BPT,TX,ASW,CE,Towers with Radar,0,8,8,0,16,0,2,5,0,7,0,10,13,0,23,0,0,0,23
10/28/2013,BPT,TX,ASW,CE,Towers with Radar,0,8,14,0,22,0,2,15,0,17,0,10,29,0,39,0,0,0,39
10/29/2013,BPT,TX,ASW,CE,Towers with Radar,0,7,25,0,32,0,3,22,0,25,0,10,47,0,57,6,0,6,63
10/30/2013,BPT,TX,ASW,CE,Towers with Radar,0,6,19,0,25,0,2,5,0,7,0,8,24,0,32,0,0,0,32
10/31/2013,BPT,TX,ASW,CE,Towers with Radar,0,5,15,0,20,0,0,0,0,0,0,5,15,0,20,0,0,0,20
11/01/2013,BPT,TX,ASW,CE,Towers with Radar,0,6,19,0,25,0,2,15,0,17,0,8,34,0,42,0,0,0,42
11/02/2013,BPT,TX,ASW,CE,Towers with Radar,0,4,8,0,12,0,2,15,0,17,0,6,23,0,29,6,0,6,35
11/03/2013,BPT,TX,ASW,CE,Towers with Radar,0,10,9,0,19,0,3,13,0,16,0,13,22,0,35,0,0,0,35
11/04/2013,BPT,TX,ASW,CE,Towers with Radar,0,8,12,0,20,0,2,5,0,7,0,10,17,0,27,0,0,0,27
11/05/2013,BPT,TX,ASW,CE,Towers with Radar,0,5,13,0,18,0,5,12,1,18,0,10,25,1,36,16,0,16,52
11/06/2013,BPT,TX,ASW,CE,Towers with Radar,0,8,19,6,33,0,1,5,0,6,0,9,24,6,39,6,0,6,45
11/07/2013,BPT,TX,ASW,CE,Towers with Radar,0,8,21,0,29,0,2,4,0,6,0,10,25,0,35,0,0,0,35
11/08/2013,BPT,TX,ASW,CE,Towers with Radar,0,8,13,8,29,0,4,17,0,21,0,12,30,8,50,16,0,16,66
11/09/2013,BPT,TX,ASW,CE,Towers with Radar,0,6,22,0,28,0,2,30,0,32,0,8,52,0,60,22,0,22,82
11/10/2013,BPT,TX,ASW,CE,Towers with Radar,2,12,12,4,30,0,0,11,2,13,2,12,23,6,43,0,0,0,43
11/11/2013,BPT,TX,ASW,CE,Towers with Radar,0,8,14,0,22,0,1,17,0,18,0,9,31,0,40,14,0,14,54
11/12/2013,BPT,TX,ASW,CE,Towers with Radar,1,9,16,2,28,0,0,7,2,9,1,9,23,4,37,0,0,0,37
11/13/2013,BPT,TX,ASW,CE,Towers with Radar,0,6,17,2,25,0,4,13,0,17,0,10,30,2,42,0,0,0,42
11/14/2013,BPT,TX,ASW,CE,Towers with Radar,2,10,19,8,39,0,8,24,8,40,2,18,43,16,79,4,0,4,83
11/15/2013,BPT,TX,ASW,CE,Towers with Radar,0,10,10,0,20,0,1,15,0,16,0,11,25,0,36,10,0,10,46
11/16/2013,BPT,TX,ASW,CE,Towers with Radar,0,8,5,0,13,0,1,2,0,3,0,9,7,0,16,0,0,0,16
11/17/2013,BPT,TX,ASW,CE,Towers with Radar,0,9,11,0,20,0,0,4,1,5,0,9,15,1,25,0,0,0,25
11/18/2013,BPT,TX,ASW,CE,Towers with Radar,0,11,12,2,25,0,0,13,1,14,0,11,25,3,39,0,0,0,39
11/19/2013,BPT,TX,ASW,CE,Towers with Radar,0,8,26,4,38,0,3,15,0,18,0,11,41,4,56,10,0,10,66
11/20/2013,BPT,TX,ASW,CE,Towers with Radar,0,13,35,0,48,0,0,32,0,32,0,13,67,0,80,18,0,18,98
11/21/2013,BPT,TX,ASW,CE,Towers with Radar,0,8,25,0,33,0,4,1,1,6,0,12,26,1,39,0,0,0,39
11/22/2013,BPT,TX,ASW,CE,Towers with Radar,0,5,13,0,18,0,0,0,0,0,0,5,13,0,18,0,0,0,18
11/23/2013,BPT,TX,ASW,CE,Towers with Radar,0,6,16,0,22,0,3,0,0,3,0,9,16,0,25,0,0,0,25
11/24/2013,BPT,TX,ASW,CE,Towers with Radar,0,6,18,0,24,0,1,7,0,8,0,7,25,0,32,0,0,0,32
11/25/2013,BPT,TX,ASW,CE,Towers with Radar,0,4,3,0,7,0,0,0,0,0,0,4,3,0,7,0,0,0,7
11/26/2013,BPT,TX,ASW,CE,Towers with Radar,0,8,14,0,22,0,0,0,0,0,0,8,14,0,22,0,0,0,22
11/27/2013,BPT,TX,ASW,CE,Towers with Radar,0,8,40,4,52,0,2,18,0,20,0,10,58,4,72,2,0,2,74
11/28/2013,BPT,TX,ASW,CE,Towers with Radar,0,9,6,0,15,0,1,7,2,10,0,10,13,2,25,0,0,0,25
11/29/2013,BPT,TX,ASW,CE,Towers with Radar,0,9,5,0,14,0,1,19,0,20,0,10,24,0,34,0,0,0,34
11/30/2013,BPT,TX,ASW,CE,Towers with Radar,0,6,8,0,14,0,2,12,0,14,0,8,20,0,28,18,0,18,46
12/01/2013,BPT,TX,ASW,CE,Towers with Radar,0,11,19,2,32,0,2,13,0,15,0,13,32,2,47,14,0,14,61
12/02/2013,BPT,TX,ASW,CE,Towers with Radar,0,10,22,1,33,0,2,6,1,9,0,12,28,2,42,0,0,0,42
12/03/2013,BPT,TX,ASW,CE,Towers with Radar,0,7,20,0,27,0,2,5,0,7,0,9,25,0,34,0,0,0,34
12/04/2013,BPT,TX,ASW,CE,Towers with Radar,0,7,33,2,42,0,0,1,1,2,0,7,34,3,44,0,2,2,46
12/05/2013,BPT,TX,ASW,CE,Towers with Radar,0,5,27,0,32,0,0,3,0,3,0,5,30,0,35,18,0,18,53
12/06/2013,BPT,TX,ASW,CE,Towers with Radar,0,0,20,0,20,0,2,0,0,2,0,2,20,0,22,0,0,0,22
12/07/2013,BPT,TX,ASW,CE,Towers with Radar,0,1,7,0,8,0,2,6,0,8,0,3,13,0,16,0,0,0,16
12/08/2013,BPT,TX,ASW,CE,Towers with Radar,0,3,14,0,17,0,0,2,0,2,0,3,16,0,19,0,0,0,19
12/09/2013,BPT,TX,ASW,CE,Towers with Radar,0,4,27,0,31,0,0,1,0,1,0,4,28,0,32,0,0,0,32
12/10/2013,BPT,TX,ASW,CE,Towers with Radar,0,9,21,0,30,0,4,8,1,13,0,13,29,1,43,18,0,18,61
12/11/2013,BPT,TX,ASW,CE,Towers with Radar,0,6,29,0,35,0,2,11,0,13,0,8,40,0,48,6,0,6,54
12/12/2013,BPT,TX,ASW,CE,Towers with Radar,0,8,31,0,39,0,2,19,2,23,0,10,50,2,62,4,0,4,66
12/13/2013,BPT,TX,ASW,CE,Towers with Radar,0,12,15,2,29,0,1,11,0,12,0,13,26,2,41,0,0,0,41
12/14/2013,BPT,TX,ASW,CE,Towers with Radar,0,8,11,0,19,0,1,4,0,5,0,9,15,0,24,8,0,8,32
12/15/2013,BPT,TX,ASW,CE,Towers with Radar,0,8,15,0,23,0,2,17,2,21,0,10,32,2,44,0,0,0,44
12/16/2013,BPT,TX,ASW,CE,Towers with Radar,0,6,31,0,37,0,2,24,0,26,0,8,55,0,63,10,0,10,73
12/17/2013,BPT,TX,ASW,CE,Towers with Radar,0,8,22,1,31,0,5,19,0,24,0,13,41,1,55,18,0,18,73
12/18/2013,BPT,TX,ASW,CE,Towers with Radar,0,9,39,0,48,0,1,25,1,27,0,10,64,1,75,8,0,8,83
12/19/2013,BPT,TX,ASW,CE,Towers with Radar,0,9,26,2,37,0,1,4,1,6,0,10,30,3,43,8,0,8,51
12/20/2013,BPT,TX,ASW,CE,Towers with Radar,0,6,36,4,46,0,0,1,0,1,0,6,37,4,47,0,0,0,47
12/21/2013,BPT,TX,ASW,CE,Towers with Radar,0,5,5,0,10,0,0,0,0,0,0,5,5,0,10,0,0,0,10
12/22/2013,BPT,TX,ASW,CE,Towers with Radar,0,4,20,0,24,0,3,11,0,14,0,7,31,0,38,0,0,0,38
12/23/2013,BPT,TX,ASW,CE,Towers with Radar,0,6,5,0,11,0,6,8,0,14,0,12,13,0,25,0,0,0,25
12/24/2013,BPT,TX,ASW,CE,Towers with Radar,0,6,3,1,10,0,2,11,0,13,0,8,14,1,23,10,0,10,33
12/25/2013,BPT,TX,ASW,CE,Towers with Radar,0,7,3,0,10,0,1,5,0,6,0,8,8,0,16,0,0,0,16
12/26/2013,BPT,TX,ASW,CE,Towers with Radar,0,5,10,4,19,0,2,15,0,17,0,7,25,4,36,22,0,22,58
12/27/2013,BPT,TX,ASW,CE,Towers with Radar,0,5,11,0,16,0,1,11,0,12,0,6,22,0,28,8,0,8,36
12/28/2013,BPT,TX,ASW,CE,Towers with Radar,0,6,5,0,11,0,1,14,2,17,0,7,19,2,28,18,0,18,46
12/29/2013,BPT,TX,ASW,CE,Towers with Radar,0,6,17,0,23,0,2,10,0,12,0,8,27,0,35,0,0,0,35
12/30/2013,BPT,TX,ASW,CE,Towers with Radar,0,5,17,0,22,0,2,19,0,21,0,7,36,0,43,8,0,8,51
12/31/2013,BPT,TX,ASW,CE,Towers with Radar,0,6,15,0,21,0,5,10,0,15,0,11,25,0,36,4,0,4,40
01/01/2014,BPT,TX,ASW,CE,Towers with Radar,0,7,8,0,15,0,0,2,0,2,0,7,10,0,17,0,0,0,17
01/02/2014,BPT,TX,ASW,CE,Towers with Radar,0,5,16,0,21,0,3,4,0,7,0,8,20,0,28,0,0,0,28
01/03/2014,BPT,TX,ASW,CE,Towers with Radar,0,10,10,1,21,0,1,19,0,20,0,11,29,1,41,4,0,4,45
01/04/2014,BPT,TX,ASW,CE,Towers with Radar,0,4,4,0,8,0,1,21,0,22,0,5,25,0,30,16,0,16,46
01/05/2014,BPT,TX,ASW,CE,Towers with Radar,0,8,9,1,18,0,2,0,1,3,0,10,9,2,21,0,0,0,21
01/06/2014,BPT,TX,ASW,CE,Towers with Radar,0,5,2,0,7,0,2,5,0,7,0,7,7,0,14,0,0,0,14
01/07/2014,BPT,TX,ASW,CE,Towers with Radar,0,9,16,2,27,0,2,8,0,10,0,11,24,2,37,6,0,6,43
01/08/2014,BPT,TX,ASW,CE,Towers with Radar,0,6,24,5,35,0,1,7,1,9,0,7,31,6,44,0,0,0,44
01/09/2014,BPT,TX,ASW,CE,Towers with Radar,0,6,16,10,32,0,1,16,0,17,0,7,32,10,49,0,0,0,49
01/10/2014,BPT,TX,ASW,CE,Towers with Radar,0,5,24,3,32,0,0,2,0,2,0,5,26,3,34,0,0,0,34
01/11/2014,BPT,TX,ASW,CE,Towers with Radar,0,6,13,2,21,0,0,20,0,20,0,6,33,2,41,0,0,0,41
01/12/2014,BPT,TX,ASW,CE,Towers with Radar,0,6,17,0,23,0,2,20,3,25,0,8,37,3,48,0,0,0,48
01/13/2014,BPT,TX,ASW,CE,Towers with Radar,0,6,8,0,14,0,2,10,0,12,0,8,18,0,26,0,0,0,26
01/14/2014,BPT,TX,ASW,CE,Towers with Radar,0,6,19,0,25,0,2,20,0,22,0,8,39,0,47,26,0,26,73
01/15/2014,BPT,TX,ASW,CE,Towers with Radar,0,8,12,0,20,0,2,21,0,23,0,10,33,0,43,12,0,12,55
01/16/2014,BPT,TX,ASW,CE,Towers with Radar,0,8,17,2,27,0,1,21,0,22,0,9,38,2,49,38,0,38,87
01/17/2014,BPT,TX,ASW,CE,Towers with Radar,0,10,16,2,28,0,2,17,1,20,0,12,33,3,48,12,0,12,60
01/18/2014,BPT,TX,ASW,CE,Towers with Radar,0,4,7,3,14,0,1,18,3,22,0,5,25,6,36,18,0,18,54
01/19/2014,BPT,TX,ASW,CE,Towers with Radar,0,9,11,0,20,0,2,25,4,31,0,11,36,4,51,22,0,22,73
01/20/2014,BPT,TX,ASW,CE,Towers with Radar,0,7,4,0,11,0,3,23,5,31,0,10,27,5,42,4,0,4,46
01/21/2014,BPT,TX,ASW,CE,Towers with Radar,0,6,8,3,17,0,1,20,1,22,0,7,28,4,39,5,0,5,44
01/22/2014,BPT,TX,ASW,CE,Towers with Radar,0,11,11,1,23,0,7,30,7,44,0,18,41,8,67,38,0,38,105
01/23/2014,BPT,TX,ASW,CE,Towers with Radar,0,7,21,2,30,0,1,13,1,15,0,8,34,3,45,0,0,0,45
01/24/2014,BPT,TX,ASW,CE,Towers with Radar,0,6,16,0,22,0,0,0,0,0,0,6,16,0,22,0,0,0,22
01/25/2014,BPT,TX,ASW,CE,Towers with Radar,0,6,3,0,9,0,0,28,0,28,0,6,31,0,37,2,0,2,39
01/26/2014,BPT,TX,ASW,CE,Towers with Radar,0,6,16,0,22,0,2,20,0,22,0,8,36,0,44,6,0,6,50
01/27/2014,BPT,TX,ASW,CE,Towers with Radar,0,5,36,0,41,0,2,11,0,13,0,7,47,0,54,0,0,0,54
01/28/2014,BPT,TX,ASW,CE,Towers with Radar,0,0,2,0,2,0,0,1,0,1,0,0,3,0,3,0,0,0,3
01/29/2014,BPT,TX,ASW,CE,Towers with Radar,0,10,13,1,24,0,2,8,1,11,0,12,21,2,35,0,0,0,35
01/30/2014,BPT,TX,ASW,CE,Towers with Radar,0,6,28,0,34,0,6,12,3,21,0,12,40,3,55,22,0,22,77
01/31/2014,BPT,TX,ASW,CE,Towers with Radar,0,8,14,0,22,0,2,18,0,20,0,10,32,0,42,4,0,4,46
02/01/2014,BPT,TX,ASW,CE,Towers with Radar,0,4,5,0,9,0,2,2,0,4,0,6,7,0,13,10,0,10,23
02/02/2014,BPT,TX,ASW,CE,Towers with Radar,0,4,1,0,5,0,0,0,0,0,0,4,1,0,5,0,0,0,5
02/03/2014,BPT,TX,ASW,CE,Towers with Radar,0,10,9,0,19,0,5,1,0,6,0,15,10,0,25,0,0,0,25
02/04/2014,BPT,TX,ASW,CE,Towers with Radar,0,6,24,0,30,0,0,1,0,1,0,6,25,0,31,0,0,0,31
02/05/2014,BPT,TX,ASW,CE,Towers with Radar,0,6,16,4,26,0,1,13,2,16,0,7,29,6,42,18,0,18,60
02/06/2014,BPT,TX,ASW,CE,Towers with Radar,0,10,29,1,40,0,1,1,1,3,0,11,30,2,43,0,0,0,43
02/07/2014,BPT,TX,ASW,CE,Towers with Radar,0,5,15,2,22,0,3,5,2,10,0,8,20,4,32,12,0,12,44
02/08/2014,BPT,TX,ASW,CE,Towers with Radar,0,6,12,6,24,0,0,5,3,8,0,6,17,9,32,26,0,26,58
02/09/2014,BPT,TX,ASW,CE,Towers with Radar,0,15,15,6,36,0,0,3,0,3,0,15,18,6,39,4,0,4,43
02/10/2014,BPT,TX,ASW,CE,Towers with Radar,0,10,30,0,40,0,0,0,0,0,0,10,30,0,40,0,0,0,40
02/11/2014,BPT,TX,ASW,CE,Towers with Radar,0,3,10,0,13,0,1,1,0,2,0,4,11,0,15,0,0,0,15
02/12/2014,BPT,TX,ASW,CE,Towers with Radar,0,7,18,0,25,0,1,8,0,9,0,8,26,0,34,0,0,0,34
02/13/2014,BPT,TX,ASW,CE,Towers with Radar,0,5,23,2,30,0,1,36,2,39,0,6,59,4,69,44,0,44,113
02/14/2014,BPT,TX,ASW,CE,Towers with Radar,0,6,21,0,27,0,0,40,0,40,0,6,61,0,67,6,0,6,73
02/15/2014,BPT,TX,ASW,CE,Towers with Radar,0,8,8,2,18,0,1,27,0,28,0,9,35,2,46,20,0,20,66
02/16/2014,BPT,TX,ASW,CE,Towers with Radar,0,8,22,0,30,0,2,6,0,8,0,10,28,0,38,0,0,0,38
02/17/2014,BPT,TX,ASW,CE,Towers with Radar,0,10,12,1,23,0,4,10,4,18,0,14,22,5,41,22,0,22,63
02/18/2014,BPT,TX,ASW,CE,Towers with Radar,0,8,15,0,23,0,1,3,0,4,0,9,18,0,27,18,0,18,45
02/19/2014,BPT,TX,ASW,CE,Towers with Radar,0,8,10,2,20,0,0,5,2,7,0,8,15,4,27,0,0,0,27
02/20/2014,BPT,TX,ASW,CE,Towers with Radar,0,5,14,0,19,0,0,4,0,4,0,5,18,0,23,18,0,18,41
02/21/2014,BPT,TX,ASW,CE,Towers with Radar,0,6,27,0,33,0,0,22,2,24,0,6,49,2,57,32,0,32,89
02/22/2014,BPT,TX,ASW,CE,Towers with Radar,0,9,5,0,14,0,2,36,0,38,0,11,41,0,52,6,0,6,58
02/23/2014,BPT,TX,ASW,CE,Towers with Radar,0,7,24,0,31,0,0,3,0,3,0,7,27,0,34,0,0,0,34
02/24/2014,BPT,TX,ASW,CE,Towers with Radar,0,9,21,0,30,0,0,6,0,6,0,9,27,0,36,0,0,0,36
02/25/2014,BPT,TX,ASW,CE,Towers with Radar,0,8,23,0,31,0,0,1,0,1,0,8,24,0,32,0,0,0,32
02/26/2014,BPT,TX,ASW,CE,Towers with Radar,0,4,20,0,24,0,2,8,0,10,0,6,28,0,34,0,0,0,34
02/27/2014,BPT,TX,ASW,CE,Towers with Radar,0,7,14,0,21,0,1,23,2,26,0,8,37,2,47,4,0,4,51
02/28/2014,BPT,TX,ASW,CE,Towers with Radar,0,8,20,0,28,0,3,22,0,25,0,11,42,0,53,2,0,2,55
03/01/2014,BPT,TX,ASW,CE,Towers with Radar,0,4,10,0,14,0,1,9,0,10,0,5,19,0,24,0,0,0,24
03/02/2014,BPT,TX,ASW,CE,Towers with Radar,0,4,7,0,11,0,2,2,0,4,0,6,9,0,15,0,0,0,15
03/03/2014,BPT,TX,ASW,CE,Towers with Radar,0,6,8,0,14,0,6,4,0,10,0,12,12,0,24,0,0,0,24
03/04/2014,BPT,TX,ASW,CE,Towers with Radar,0,8,11,0,19,0,0,1,0,1,0,8,12,0,20,0,0,0,20
03/05/2014,BPT,TX,ASW,CE,Towers with Radar,0,8,17,0,25,0,0,8,0,8,0,8,25,0,33,0,0,0,33
03/06/2014,BPT,TX,ASW,CE,Towers with Radar,0,9,25,4,38,0,2,23,0,25,0,11,48,4,63,14,0,14,77
03/07/2014,BPT,TX,ASW,CE,Towers with Radar,0,6,22,0,28,0,7,26,0,33,0,13,48,0,61,16,0,16,77
03/08/2014,BPT,TX,ASW,CE,Towers with Radar,0,6,10,0,16,0,4,9,0,13,0,10,19,0,29,0,0,0,29
03/09/2014,BPT,TX,ASW,CE,Towers with Radar,0,6,7,0,13,0,0,4,0,4,0,6,11,0,17,0,0,0,17
03/10/2014,BPT,TX,ASW,CE,Towers with Radar,0,6,26,0,32,0,2,12,0,14,0,8,38,0,46,2,0,2,48
03/11/2014,BPT,TX,ASW,CE,Towers with Radar,0,6,25,0,31,0,2,14,2,18,0,8,39,2,49,12,0,12,61
03/12/2014,BPT,TX,ASW,CE,Towers with Radar,0,4,16,0,20,0,2,7,2,11,0,6,23,2,31,0,0,0,31
03/13/2014,BPT,TX,ASW,CE,Towers with Radar,0,6,8,0,14,0,3,17,3,23,0,9,25,3,37,12,0,12,49
03/14/2014,BPT,TX,ASW,CE,Towers with Radar,0,6,21,0,27,0,2,20,2,24,0,8,41,2,51,28,0,28,79
03/15/2014,BPT,TX,ASW,CE,Towers with Radar,0,3,20,0,23,0,4,11,0,15,0,7,31,0,38,16,0,16,54
03/16/2014,BPT,TX,ASW,CE,Towers with Radar,0,3,5,0,8,0,0,7,2,9,0,3,12,2,17,0,0,0,17
03/17/2014,BPT,TX,ASW,CE,Towers with Radar,0,8,12,0,20,0,1,14,1,16,0,9,26,1,36,4,4,8,44
03/18/2014,BPT,TX,ASW,CE,Towers with Radar,0,6,22,0,28,0,2,15,2,19,0,8,37,2,47,7,0,7,54
03/19/2014,BPT,TX,ASW,CE,Towers with Radar,0,11,28,0,39,0,5,20,0,25,0,16,48,0,64,10,0,10,74
03/20/2014,BPT,TX,ASW,CE,Towers with Radar,0,13,29,0,42,0,4,17,0,21,0,17,46,0,63,48,0,48,111
03/21/2014,BPT,TX,ASW,CE,Towers with Radar,0,6,9,0,15,0,2,10,0,12,0,8,19,0,27,10,0,10,37
03/22/2014,BPT,TX,ASW,CE,Towers with Radar,0,4,12,0,16,0,0,0,0,0,0,4,12,0,16,0,0,0,16
03/23/2014,BPT,TX,ASW,CE,Towers with Radar,0,12,14,0,26,0,2,5,0,7,0,14,19,0,33,16,0,16,49
03/24/2014,BPT,TX,ASW,CE,Towers with Radar,0,8,8,2,18,0,2,7,0,9,0,10,15,2,27,0,0,0,27
03/25/2014,BPT,TX,ASW,CE,Towers with Radar,0,13,20,4,37,0,4,17,4,25,0,17,37,8,62,46,0,46,108
03/26/2014,BPT,TX,ASW,CE,Towers with Radar,0,6,30,0,36,0,2,7,0,9,0,8,37,0,45,0,0,0,45
03/27/2014,BPT,TX,ASW,CE,Towers with Radar,0,8,24,0,32,0,2,2,0,4,0,10,26,0,36,0,0,0,36
03/28/2014,BPT,TX,ASW,CE,Towers with Radar,0,4,20,2,26,0,0,3,0,3,0,4,23,2,29,0,0,0,29
03/29/2014,BPT,TX,ASW,CE,Towers with Radar,0,4,14,0,18,0,2,7,0,9,0,6,21,0,27,0,0,0,27
03/30/2014,BPT,TX,ASW,CE,Towers with Radar,0,6,20,3,29,0,1,21,0,22,0,7,41,3,51,28,0,28,79
03/31/2014,BPT,TX,ASW,CE,Towers with Radar,0,10,31,0,41,0,1,14,0,15,0,11,45,0,56,0,0,0,56
04/01/2014,BPT,TX,ASW,CE,Towers with Radar,0,6,20,3,29,0,1,8,0,9,0,7,28,3,38,0,0,0,38
04/02/2014,BPT,TX,ASW,CE,Towers with Radar,0,6,34,0,40,0,1,4,1,6,0,7,38,1,46,0,0,0,46
04/03/2014,BPT,TX,ASW,CE,Towers with Radar,0,5,23,4,32,0,0,0,0,0,0,5,23,4,32,0,0,0,32
04/04/2014,BPT,TX,ASW,CE,Towers with Radar,0,7,21,0,28,0,1,10,0,11,0,8,31,0,39,0,0,0,39
04/05/2014,BPT,TX,ASW,CE,Towers with Radar,0,4,6,3,13,0,2,3,0,5,0,6,9,3,18,0,0,0,18
04/06/2014,BPT,TX,ASW,CE,Towers with Radar,0,5,8,0,13,0,0,2,0,2,0,5,10,0,15,0,0,0,15
04/07/2014,BPT,TX,ASW,CE,Towers with Radar,0,8,11,0,19,0,2,18,0,20,0,10,29,0,39,0,0,0,39
04/08/2014,BPT,TX,ASW,CE,Towers with Radar,0,6,6,0,12,0,0,9,0,9,0,6,15,0,21,8,0,8,29
04/09/2014,BPT,TX,ASW,CE,Towers with Radar,0,6,30,0,36,0,1,24,0,25,0,7,54,0,61,10,0,10,71
04/10/2014,BPT,TX,ASW,CE,Towers with Radar,0,8,13,6,27,0,2,18,4,24,0,10,31,10,51,32,0,32,83
04/11/2014,BPT,TX,ASW,CE,Towers with Radar,0,10,16,4,30,0,2,13,0,15,0,12,29,4,45,0,0,0,45
04/12/2014,BPT,TX,ASW,CE,Towers with Radar,0,5,10,0,15,0,1,12,1,14,0,6,22,1,29,0,0,0,29
04/13/2014,BPT,TX,ASW,CE,Towers with Radar,0,7,13,0,20,0,7,4,0,11,0,14,17,0,31,0,0,0,31
04/14/2014,BPT,TX,ASW,CE,Towers with Radar,0,6,8,0,14,0,5,2,0,7,0,11,10,0,21,0,0,0,21
04/15/2014,BPT,TX,ASW,CE,Towers with Radar,0,6,15,0,21,0,2,7,0,9,0,8,22,0,30,10,0,10,40
04/16/2014,BPT,TX,ASW,CE,Towers with Radar,0,7,31,0,38,0,3,32,4,39,0,10,63,4,77,30,0,30,107
04/17/2014,BPT,TX,ASW,CE,Towers with Radar,0,13,22,0,35,0,2,20,1,23,0,15,42,1,58,10,0,10,68
04/18/2014,BPT,TX,ASW,CE,Towers with Radar,0,6,8,0,14,0,4,22,0,26,0,10,30,0,40,18,0,18,58
04/19/2014,BPT,TX,ASW,CE,Towers with Radar,0,4,5,0,9,0,3,12,0,15,0,7,17,0,24,16,0,16,40
04/20/2014,BPT,TX,ASW,CE,Towers with Radar,0,5,8,0,13,0,1,4,0,5,0,6,12,0,18,0,0,0,18
04/21/2014,BPT,TX,ASW,CE,Towers with Radar,0,6,16,0,22,0,2,23,0,25,0,8,39,0,47,0,0,0,47
04/22/2014,BPT,TX,ASW,CE,Towers with Radar,0,8,25,0,33,0,4,22,0,26,0,12,47,0,59,14,0,14,73
04/23/2014,BPT,TX,ASW,CE,Towers with Radar,0,10,37,2,49,0,1,15,0,16,0,11,52,2,65,6,0,6,71
04/24/2014,BPT,TX,ASW,CE,Towers with Radar,0,7,14,0,21,0,2,15,4,21,0,9,29,4,42,0,0,0,42
04/25/2014,BPT,TX,ASW,CE,Towers with Radar,0,7,23,0,30,0,2,22,2,26,0,9,45,2,56,0,0,0,56
04/26/2014,BPT,TX,ASW,CE,Towers with Radar,0,4,19,0,23,0,2,12,0,14,0,6,31,0,37,6,0,6,43
04/27/2014,BPT,TX,ASW,CE,Towers with Radar,0,6,8,0,14,0,0,7,0,7,0,6,15,0,21,0,0,0,21
04/28/2014,BPT,TX,ASW,CE,Towers with Radar,0,6,17,0,23,0,0,12,0,12,0,6,29,0,35,0,0,0,35
04/29/2014,BPT,TX,ASW,CE,Towers with Radar,0,6,29,2,37,0,1,24,0,25,0,7,53,2,62,46,0,46,108
04/30/2014,BPT,TX,ASW,CE,Towers with Radar,0,6,30,1,37,0,2,16,4,22,0,8,46,5,59,44,0,44,103
05/01/2014,BPT,TX,ASW,CE,Towers with Radar,0,10,20,0,30,0,2,15,0,17,0,12,35,0,47,6,0,6,53
05/02/2014,BPT,TX,ASW,CE,Towers with Radar,2,10,14,8,34,0,6,18,0,24,2,16,32,8,58,8,0,8,66
05/03/2014,BPT,TX,ASW,CE,Towers with Radar,0,4,11,0,15,0,1,13,3,17,0,5,24,3,32,10,0,10,42
05/04/2014,BPT,TX,ASW,CE,Towers with Radar,0,8,10,0,18,0,2,20,0,22,0,10,30,0,40,32,0,32,72
05/05/2014,BPT,TX,ASW,CE,Towers with Radar,2,6,16,0,24,0,2,22,2,26,2,8,38,2,50,44,0,44,94
05/06/2014,BPT,TX,ASW,CE,Towers with Radar,0,6,15,0,21,0,2,27,0,29,0,8,42,0,50,20,0,20,70
05/07/2014,BPT,TX,ASW,CE,Towers with Radar,0,8,30,0,38,0,3,21,3,27,0,11,51,3,65,0,0,0,65
05/08/2014,BPT,TX,ASW,CE,Towers with Radar,0,3,35,0,38,0,2,12,0,14,0,5,47,0,52,0,0,0,52
05/09/2014,BPT,TX,ASW,CE,Towers with Radar,0,6,21,4,31,0,1,6,0,7,0,7,27,4,38,14,0,14,52
05/10/2014,BPT,TX,ASW,CE,Towers with Radar,0,7,15,0,22,0,1,13,1,15,0,8,28,1,37,12,0,12,49
05/11/2014,BPT,TX,ASW,CE,Towers with Radar,0,7,24,0,31,0,2,4,0,6,0,9,28,0,37,0,0,0,37
05/12/2014,BPT,TX,ASW,CE,Towers with Radar,0,4,17,2,23,0,4,2,0,6,0,8,19,2,29,0,0,0,29
05/13/2014,BPT,TX,ASW,CE,Towers with Radar,0,6,20,2,28,0,1,6,0,7,0,7,26,2,35,33,0,33,68
05/14/2014,BPT,TX,ASW,CE,Towers with Radar,0,9,16,0,25,0,2,8,2,12,0,11,24,2,37,2,0,2,39
05/15/2014,BPT,TX,ASW,CE,Towers with Radar,0,7,17,0,24,0,5,40,0,45,0,12,57,0,69,42,0,42,111
05/16/2014,BPT,TX,ASW,CE,Towers with Radar,0,5,28,10,43,0,1,8,0,9,0,6,36,10,52,0,0,0,52
05/17/2014,BPT,TX,ASW,CE,Towers with Radar,0,7,13,0,20,0,1,22,0,23,0,8,35,0,43,18,0,18,61
05/18/2014,BPT,TX,ASW,CE,Towers with Radar,0,7,26,0,33,0,2,15,0,17,0,9,41,0,50,0,0,0,50
05/19/2014,BPT,TX,ASW,CE,Towers with Radar,0,8,19,0,27,0,5,21,2,28,0,13,40,2,55,0,0,0,55
05/20/2014,BPT,TX,ASW,CE,Towers with Radar,0,8,17,8,33,0,5,29,0,34,0,13,46,8,67,4,0,4,71
05/21/2014,BPT,TX,ASW,CE,Towers with Radar,0,7,51,0,58,0,2,24,1,27,0,9,75,1,85,10,0,10,95
05/22/2014,BPT,TX,ASW,CE,Towers with Radar,0,7,31,0,38,0,7,18,2,27,0,14,49,2,65,8,0,8,73
05/23/2014,BPT,TX,ASW,CE,Towers with Radar,0,13,22,1,36,0,2,28,2,32,0,15,50,3,68,16,0,16,84
05/24/2014,BPT,TX,ASW,CE,Towers with Radar,0,5,11,6,22,0,2,23,0,25,0,7,34,6,47,4,0,4,51
05/25/2014,BPT,TX,ASW,CE,Towers with Radar,0,7,11,0,18,0,2,27,0,29,0,9,38,0,47,10,0,10,57
05/26/2014,BPT,TX,ASW,CE,Towers with Radar,0,6,13,0,19,0,1,16,0,17,0,7,29,0,36,24,0,24,60
05/27/2014,BPT,TX,ASW,CE,Towers with Radar,0,8,6,0,14,0,2,1,0,3,0,10,7,0,17,0,0,0,17
05/28/2014,BPT,TX,ASW,CE,Towers with Radar,0,8,23,0,31,0,1,5,0,6,0,9,28,0,37,0,0,0,37
05/29/2014,BPT,TX,ASW,CE,Towers with Radar,0,6,12,0,18,0,3,9,1,13,0,9,21,1,31,6,0,6,37
05/30/2014,BPT,TX,ASW,CE,Towers with Radar,0,6,11,4,21,0,1,22,0,23,0,7,33,4,44,28,0,28,72
05/31/2014,BPT,TX,ASW,CE,Towers with Radar,0,6,6,0,12,0,1,5,0,6,0,7,11,0,18,4,0,4,22
06/01/2014,BPT,TX,ASW,CE,Towers with Radar,0,6,18,0,24,0,2,4,0,6,0,8,22,0,30,0,0,0,30
06/02/2014,BPT,TX,ASW,CE,Towers with Radar,0,6,10,0,16,0,6,16,0,22,0,12,26,0,38,42,0,42,80
06/03/2014,BPT,TX,ASW,CE,Towers with Radar,0,9,26,6,41,0,3,17,0,20,0,12,43,6,61,6,0,6,67
06/04/2014,BPT,TX,ASW,CE,Towers with Radar,0,7,29,0,36,0,8,17,0,25,0,15,46,0,61,42,0,42,103
06/05/2014,BPT,TX,ASW,CE,Towers with Radar,0,9,24,0,33,0,6,20,0,26,0,15,44,0,59,8,0,8,67
06/06/2014,BPT,TX,ASW,CE,Towers with Radar,0,6,20,0,26,0,1,13,0,14,0,7,33,0,40,26,0,26,66
06/07/2014,BPT,TX,ASW,CE,Towers with Radar,0,6,6,0,12,0,2,15,0,17,0,8,21,0,29,8,0,8,37
06/08/2014,BPT,TX,ASW,CE,Towers with Radar,0,8,21,0,29,0,2,6,3,11,0,10,27,3,40,0,0,0,40
06/09/2014,BPT,TX,ASW,CE,Towers with Radar,0,2,27,0,29,0,2,14,1,17,0,4,41,1,46,0,0,0,46
06/10/2014,BPT,TX,ASW,CE,Towers with Radar,0,8,27,0,35,0,4,19,2,25,0,12,46,2,60,9,0,9,69
06/11/2014,BPT,TX,ASW,CE,Towers with Radar,0,10,18,6,34,0,1,27,1,29,0,11,45,7,63,36,0,36,99
06/12/2014,BPT,TX,ASW,CE,Towers with Radar,0,6,36,0,42,0,1,23,0,24,0,7,59,0,66,12,0,12,78
06/13/2014,BPT,TX,ASW,CE,Towers with Radar,0,8,25,0,33,0,0,15,0,15,0,8,40,0,48,0,0,0,48
06/14/2014,BPT,TX,ASW,CE,Towers with Radar,0,4,8,0,12,0,2,21,0,23,0,6,29,0,35,0,0,0,35
06/15/2014,BPT,TX,ASW,CE,Towers with Radar,0,10,13,0,23,0,1,9,0,10,0,11,22,0,33,2,0,2,35
06/16/2014,BPT,TX,ASW,CE,Towers with Radar,0,6,23,0,29,0,2,8,0,10,0,8,31,0,39,0,0,0,39
06/17/2014,BPT,TX,ASW,CE,Towers with Radar,0,6,17,5,28,0,5,25,0,30,0,11,42,5,58,12,0,12,70
06/18/2014,BPT,TX,ASW,CE,Towers with Radar,0,7,12,0,19,0,1,24,0,25,0,8,36,0,44,0,0,0,44
06/19/2014,BPT,TX,ASW,CE,Towers with Radar,0,8,11,2,21,0,2,23,0,25,0,10,34,2,46,6,0,6,52
06/20/2014,BPT,TX,ASW,CE,Towers with Radar,0,4,13,0,17,0,1,18,2,21,0,5,31,2,38,0,0,0,38
06/21/2014,BPT,TX,ASW,CE,Towers with Radar,0,6,12,0,18,0,0,18,0,18,0,6,30,0,36,10,0,10,46
06/22/2014,BPT,TX,ASW,CE,Towers with Radar,0,8,13,0,21,0,2,17,0,19,0,10,30,0,40,30,0,30,70
06/23/2014,BPT,TX,ASW,CE,Towers with Radar,2,3,17,0,22,0,1,13,0,14,2,4,30,0,36,0,0,0,36
06/24/2014,BPT,TX,ASW,CE,Towers with Radar,0,4,16,0,20,0,2,9,0,11,0,6,25,0,31,3,0,3,34
06/25/2014,BPT,TX,ASW,CE,Towers with Radar,0,6,9,0,15,0,0,3,0,3,0,6,12,0,18,6,0,6,24
06/26/2014,BPT,TX,ASW,CE,Towers with Radar,0,8,28,0,36,0,2,5,0,7,0,10,33,0,43,0,0,0,43
06/27/2014,BPT,TX,ASW,CE,Towers with Radar,0,12,9,0,21,0,2,10,0,12,0,14,19,0,33,0,0,0,33
06/28/2014,BPT,TX,ASW,CE,Towers with Radar,0,9,9,0,18,0,1,17,0,18,0,10,26,0,36,0,0,0,36
06/29/2014,BPT,TX,ASW,CE,Towers with Radar,0,11,9,4,24,0,2,16,0,18,0,13,25,4,42,34,0,34,76
06/30/2014,BPT,TX,ASW,CE,Towers with Radar,0,6,12,4,22,0,2,24,2,28,0,8,36,6,50,100,0,100,150
07/01/2014,BPT,TX,ASW,CE,Towers with Radar,0,6,8,4,18,0,5,27,0,32,0,11,35,4,50,20,0,20,70
07/02/2014,BPT,TX,ASW,CE,Towers with Radar,0,7,19,0,26,0,2,32,0,34,0,9,51,0,60,50,0,50,110
07/03/2014,BPT,TX,ASW,CE,Towers with Radar,0,6,16,0,22,0,1,22,0,23,0,7,38,0,45,38,0,38,83
07/04/2014,BPT,TX,ASW,CE,Towers with Radar,0,8,7,0,15,0,0,24,2,26,0,8,31,2,41,2,0,2,43
07/05/2014,BPT,TX,ASW,CE,Towers with Radar,0,8,7,0,15,0,1,17,0,18,0,9,24,0,33,0,0,0,33
07/06/2014,BPT,TX,ASW,CE,Towers with Radar,0,10,8,0,18,0,2,15,0,17,0,12,23,0,35,0,0,0,35
07/07/2014,BPT,TX,ASW,CE,Towers with Radar,0,7,17,0,24,0,4,16,0,20,0,11,33,0,44,94,0,94,138
07/08/2014,BPT,TX,ASW,CE,Towers with Radar,0,6,12,0,18,0,2,18,0,20,0,8,30,0,38,48,0,48,86
07/09/2014,BPT,TX,ASW,CE,Towers with Radar,0,7,22,4,33,0,2,35,0,37,0,9,57,4,70,54,0,54,124
07/10/2014,BPT,TX,ASW,CE,Towers with Radar,0,6,19,1,26,0,1,23,1,25,0,7,42,2,51,64,0,64,115
07/11/2014,BPT,TX,ASW,CE,Towers with Radar,0,5,30,8,43,0,0,36,0,36,0,5,66,8,79,28,0,28,107
07/12/2014,BPT,TX,ASW,CE,Towers with Radar,0,6,5,0,11,0,1,21,5,27,0,7,26,5,38,0,0,0,38
07/13/2014,BPT,TX,ASW,CE,Towers with Radar,0,8,11,2,21,0,4,9,5,18,0,12,20,7,39,0,0,0,39
07/14/2014,BPT,TX,ASW,CE,Towers with Radar,0,3,16,2,21,0,2,26,6,34,0,5,42,8,55,22,0,22,77
07/15/2014,BPT,TX,ASW,CE,Towers with Radar,0,5,6,0,11,0,4,12,6,22,0,9,18,6,33,22,0,22,55
07/16/2014,BPT,TX,ASW,CE,Towers with Radar,0,10,14,0,24,0,1,28,6,35,0,11,42,6,59,0,0,0,59
07/17/2014,BPT,TX,ASW,CE,Towers with Radar,0,6,23,0,29,0,0,9,0,9,0,6,32,0,38,16,0,16,54
07/18/2014,BPT,TX,ASW,CE,Towers with Radar,0,6,11,2,19,0,0,0,3,3,0,6,11,5,22,0,0,0,22
07/19/2014,BPT,TX,ASW,CE,Towers with Radar,0,6,10,1,17,0,3,4,11,18,0,9,14,12,35,12,0,12,47
07/20/2014,BPT,TX,ASW,CE,Towers with Radar,0,9,6,2,17,0,3,15,3,21,0,12,21,5,38,14,0,14,52
07/21/2014,BPT,TX,ASW,CE,Towers with Radar,0,14,11,2,27,0,2,17,5,24,0,16,28,7,51,10,0,10,61
07/22/2014,BPT,TX,ASW,CE,Towers with Radar,0,14,15,2,31,0,2,6,1,9,0,16,21,3,40,0,0,0,40
07/23/2014,BPT,TX,ASW,CE,Towers with Radar,0,5,9,2,16,0,0,27,1,28,0,5,36,3,44,6,0,6,50
07/24/2014,BPT,TX,ASW,CE,Towers with Radar,0,5,21,0,26,0,6,32,3,41,0,11,53,3,67,14,0,14,81
07/25/2014,BPT,TX,ASW,CE,Towers with Radar,0,6,14,0,20,0,1,27,0,28,0,7,41,0,48,14,0,14,62
07/26/2014,BPT,TX,ASW,CE,Towers with Radar,0,6,10,0,16,0,1,25,0,26,0,7,35,0,42,24,0,24,66
07/27/2014,BPT,TX,ASW,CE,Towers with Radar,0,6,16,0,22,0,2,19,0,21,0,8,35,0,43,18,0,18,61
07/28/2014,BPT,TX,ASW,CE,Towers with Radar,0,7,16,0,23,0,2,21,0,23,0,9,37,0,46,0,0,0,46
07/29/2014,BPT,TX,ASW,CE,Towers with Radar,0,6,35,0,41,0,5,25,1,31,0,11,60,1,72,0,0,0,72
07/30/2014,BPT,TX,ASW,CE,Towers with Radar,0,11,23,4,38,0,2,33,3,38,0,13,56,7,76,30,0,30,106
07/31/2014,BPT,TX,ASW,CE,Towers with Radar,0,7,22,1,30,0,2,24,0,26,0,9,46,1,56,16,0,16,72
08/01/2014,BPT,TX,ASW,CE,Towers with Radar,0,8,14,0,22,0,4,23,1,28,0,12,37,1,50,18,0,18,68
08/02/2014,BPT,TX,ASW,CE,Towers with Radar,0,6,11,0,17,0,1,10,2,13,0,7,21,2,30,36,0,36,66
08/03/2014,BPT,TX,ASW,CE,Towers with Radar,0,8,9,0,17,0,2,8,0,10,0,10,17,0,27,0,0,0,27
08/04/2014,BPT,TX,ASW,CE,Towers with Radar,0,8,14,0,22,0,2,17,0,19,0,10,31,0,41,0,0,0,41
08/05/2014,BPT,TX,ASW,CE,Towers with Radar,0,6,19,0,25,0,1,15,0,16,0,7,34,0,41,0,0,0,41
08/06/2014,BPT,TX,ASW,CE,Towers with Radar,0,5,8,0,13,0,2,20,6,28,0,7,28,6,41,10,0,10,51
08/07/2014,BPT,TX,ASW,CE,Towers with Radar,0,5,24,0,29,0,1,17,1,19,0,6,41,1,48,44,0,44,92
08/08/2014,BPT,TX,ASW,CE,Towers with Radar,0,6,28,2,36,0,1,19,2,22,0,7,47,4,58,0,0,0,58
08/09/2014,BPT,TX,ASW,CE,Towers with Radar,0,7,11,0,18,0,1,15,1,17,0,8,26,1,35,0,0,0,35
08/10/2014,BPT,TX,ASW,CE,Towers with Radar,0,5,9,1,15,0,2,15,1,18,0,7,24,2,33,30,0,30,63
08/11/2014,BPT,TX,ASW,CE,Towers with Radar,0,5,8,0,13,0,1,18,1,20,0,6,26,1,33,0,0,0,33
08/12/2014,BPT,TX,ASW,CE,Towers with Radar,0,6,10,0,16,0,2,21,0,23,0,8,31,0,39,32,0,32,71
08/13/2014,BPT,TX,ASW,CE,Towers with Radar,0,8,23,0,31,0,1,21,0,22,0,9,44,0,53,28,0,28,81
08/14/2014,BPT,TX,ASW,CE,Towers with Radar,0,8,9,0,17,0,0,27,0,27,0,8,36,0,44,36,0,36,80
08/15/2014,BPT,TX,ASW,CE,Towers with Radar,0,12,43,0,55,0,1,17,0,18,0,13,60,0,73,0,0,0,73
08/16/2014,BPT,TX,ASW,CE,Towers with Radar,0,4,9,0,13,0,2,14,0,16,0,6,23,0,29,6,0,6,35
08/17/2014,BPT,TX,ASW,CE,Towers with Radar,0,1,22,0,23,0,5,10,0,15,0,6,32,0,38,36,0,36,74
08/18/2014,BPT,TX,ASW,CE,Towers with Radar,0,5,7,0,12,0,1,7,0,8,0,6,14,0,20,0,0,0,20
08/19/2014,BPT,TX,ASW,CE,Towers with Radar,0,8,18,0,26,0,1,6,2,9,0,9,24,2,35,4,0,4,39
08/20/2014,BPT,TX,ASW,CE,Towers with Radar,0,7,19,0,26,0,1,12,0,13,0,8,31,0,39,32,0,32,71
08/21/2014,BPT,TX,ASW,CE,Towers with Radar,0,5,6,3,14,0,4,18,1,23,0,9,24,4,37,26,0,26,63
08/22/2014,BPT,TX,ASW,CE,Towers with Radar,0,8,16,0,24,0,3,23,0,26,0,11,39,0,50,16,0,16,66
08/23/2014,BPT,TX,ASW,CE,Towers with Radar,0,8,2,0,10,0,2,22,0,24,0,10,24,0,34,8,0,8,42
08/24/2014,BPT,TX,ASW,CE,Towers with Radar,0,6,23,2,31,0,4,17,0,21,0,10,40,2,52,56,0,56,108
08/25/2014,BPT,TX,ASW,CE,Towers with Radar,0,9,13,0,22,0,5,7,0,12,0,14,20,0,34,0,0,0,34
08/26/2014,BPT,TX,ASW,CE,Towers with Radar,0,6,14,0,20,0,3,17,0,20,0,9,31,0,40,6,0,6,46
08/27/2014,BPT,TX,ASW,CE,Towers with Radar,0,5,36,2,43,0,3,29,0,32,0,8,65,2,75,16,0,16,91
08/28/2014,BPT,TX,ASW,CE,Towers with Radar,0,6,21,0,27,0,2,10,0,12,0,8,31,0,39,0,0,0,39
08/29/2014,BPT,TX,ASW,CE,Towers with Radar,0,5,9,0,14,0,1,13,0,14,0,6,22,0,28,6,0,6,34
08/30/2014,BPT,TX,ASW,CE,Towers with Radar,0,4,5,0,9,0,0,0,0,0,0,4,5,0,9,0,0,0,9
08/31/2014,BPT,TX,ASW,CE,Towers with Radar,0,4,6,0,10,0,2,4,0,6,0,6,10,0,16,14,0,14,30
09/01/2014,BPT,TX,ASW,CE,Towers with Radar,0,6,20,0,26,0,4,13,0,17,0,10,33,0,43,22,0,22,65
09/02/2014,BPT,TX,ASW,CE,Towers with Radar,0,7,13,2,22,0,2,23,0,25,0,9,36,2,47,58,0,58,105
09/03/2014,BPT,TX,ASW,CE,Towers with Radar,0,5,20,8,33,0,2,39,2,43,0,7,59,10,76,30,0,30,106
09/04/2014,BPT,TX,ASW,CE,Towers with Radar,0,6,23,6,35,0,1,27,5,33,0,7,50,11,68,34,0,34,102
09/05/2014,BPT,TX,ASW,CE,Towers with Radar,0,7,20,0,27,0,2,40,0,42,0,9,60,0,69,0,0,0,69
09/06/2014,BPT,TX,ASW,CE,Towers with Radar,0,7,10,4,21,0,1,15,0,16,0,8,25,4,37,20,0,20,57
09/07/2014,BPT,TX,ASW,CE,Towers with Radar,0,7,13,0,20,0,3,10,0,13,0,10,23,0,33,0,0,0,33
09/08/2014,BPT,TX,ASW,CE,Towers with Radar,0,7,12,2,21,0,2,25,0,27,0,9,37,2,48,32,0,32,80
09/09/2014,BPT,TX,ASW,CE,Towers with Radar,0,5,33,1,39,0,1,36,0,37,0,6,69,1,76,18,0,18,94
09/10/2014,BPT,TX,ASW,CE,Towers with Radar,0,6,20,2,28,0,3,33,4,40,0,9,53,6,68,22,0,22,90
09/11/2014,BPT,TX,ASW,CE,Towers with Radar,0,4,17,0,21,0,2,37,0,39,0,6,54,0,60,36,0,36,96
09/12/2014,BPT,TX,ASW,CE,Towers with Radar,0,10,14,0,24,0,0,11,0,11,0,10,25,0,35,0,0,0,35
09/13/2014,BPT,TX,ASW,CE,Towers with Radar,0,9,12,0,21,0,1,6,2,9,0,10,18,2,30,2,0,2,32
09/14/2014,BPT,TX,ASW,CE,Towers with Radar,0,9,27,2,38,0,2,6,0,8,0,11,33,2,46,10,0,10,56
09/15/2014,BPT,TX,ASW,CE,Towers with Radar,0,6,24,0,30,0,2,14,2,18,0,8,38,2,48,44,0,44,92
09/16/2014,BPT,TX,ASW,CE,Towers with Radar,0,7,18,0,25,1,5,12,0,18,1,12,30,0,43,0,0,0,43
09/17/2014,BPT,TX,ASW,CE,Towers with Radar,0,4,17,1,22,0,2,10,0,12,0,6,27,1,34,10,0,10,44
09/18/2014,BPT,TX,ASW,CE,Towers with Radar,0,6,14,0,20,0,0,5,0,5,0,6,19,0,25,9,0,9,34
09/19/2014,BPT,TX,ASW,CE,Towers with Radar,0,5,18,0,23,0,2,27,0,29,0,7,45,0,52,8,0,8,60
09/20/2014,BPT,TX,ASW,CE,Towers with Radar,0,7,4,0,11,0,1,33,2,36,0,8,37,2,47,28,0,28,75
09/21/2014,BPT,TX,ASW,CE,Towers with Radar,0,5,15,0,20,0,1,7,2,10,0,6,22,2,30,0,0,0,30
09/22/2014,BPT,TX,ASW,CE,Towers with Radar,0,9,10,0,19,0,3,16,0,19,0,12,26,0,38,0,0,0,38
09/23/2014,BPT,TX,ASW,CE,Towers with Radar,0,8,26,0,34,0,1,27,0,28,0,9,53,0,62,62,0,62,124
09/24/2014,BPT,TX,ASW,CE,Towers with Radar,0,9,21,6,36,0,1,39,0,40,0,10,60,6,76,42,0,42,118
09/25/2014,BPT,TX,ASW,CE,Towers with Radar,0,11,24,0,35,0,2,29,0,31,0,13,53,0,66,20,0,20,86
09/26/2014,BPT,TX,ASW,CE,Towers with Radar,0,8,15,0,23,0,1,20,0,21,0,9,35,0,44,24,0,24,68
09/27/2014,BPT,TX,ASW,CE,Towers with Radar,0,7,9,0,16,0,0,18,0,18,0,7,27,0,34,28,0,28,62
09/28/2014,BPT,TX,ASW,CE,Towers with Radar,0,6,14,0,20,0,3,11,0,14,0,9,25,0,34,0,0,0,34
09/29/2014,BPT,TX,ASW,CE,Towers with Radar,0,7,10,0,17,0,0,26,2,28,0,7,36,2,45,26,0,26,71
09/30/2014,BPT,TX,ASW,CE,Towers with Radar,0,6,15,0,21,0,1,32,3,36,0,7,47,3,57,15,0,15,72
10/01/2014,BPT,TX,ASW,CE,Towers with Radar,0,7,19,0,26,0,0,36,3,39,0,7,55,3,65,38,0,38,103
10/02/2014,BPT,TX,ASW,CE,Towers with Radar,0,3,18,0,21,0,1,20,0,21,0,4,38,0,42,16,0,16,58
10/03/2014,BPT,TX,ASW,CE,Towers with Radar,2,4,11,4,21,0,1,16,2,19,2,5,27,6,40,0,0,0,40
10/04/2014,BPT,TX,ASW,CE,Towers with Radar,0,7,5,0,12,0,1,36,0,37,0,8,41,0,49,8,0,8,57
10/05/2014,BPT,TX,ASW,CE,Towers with Radar,0,7,22,0,29,0,2,20,4,26,0,9,42,4,55,0,0,0,55
10/06/2014,BPT,TX,ASW,CE,Towers with Radar,0,5,20,2,27,0,7,19,4,30,0,12,39,6,57,0,0,0,57
10/07/2014,BPT,TX,ASW,CE,Towers with Radar,0,8,26,1,35,0,1,19,3,23,0,9,45,4,58,28,0,28,86
10/08/2014,BPT,TX,ASW,CE,Towers with Radar,0,5,22,3,30,0,2,30,0,32,0,7,52,3,62,8,0,8,70
10/09/2014,BPT,TX,ASW,CE,Towers with Radar,0,6,19,0,25,0,1,12,1,14,0,7,31,1,39,14,0,14,53
10/10/2014,BPT,TX,ASW,CE,Towers with Radar,0,9,20,2,31,0,1,23,4,28,0,10,43,6,59,6,0,6,65
10/11/2014,BPT,TX,ASW,CE,Towers with Radar,0,6,10,0,16,0,1,6,1,8,0,7,16,1,24,18,0,18,42
10/12/2014,BPT,TX,ASW,CE,Towers with Radar,2,5,5,0,12,0,2,11,0,13,2,7,16,0,25,8,0,8,33
10/13/2014,BPT,TX,ASW,CE,Towers with Radar,0,3,7,0,10,0,2,1,0,3,0,5,8,0,13,0,0,0,13
10/14/2014,BPT,TX,ASW,CE,Towers with Radar,0,5,9,0,14,0,3,17,2,22,0,8,26,2,36,28,0,28,64
10/15/2014,BPT,TX,ASW,CE,Towers with Radar,0,5,30,0,35,0,1,28,2,31,0,6,58,2,66,40,0,40,106
10/16/2014,BPT,TX,ASW,CE,Towers with Radar,0,6,16,0,22,0,2,34,2,38,0,8,50,2,60,48,0,48,108
10/17/2014,BPT,TX,ASW,CE,Towers with Radar,0,6,27,0,33,0,3,22,1,26,0,9,49,1,59,0,0,0,59
10/18/2014,BPT,TX,ASW,CE,Towers with Radar,0,6,11,1,18,0,0,17,2,19,0,6,28,3,37,2,0,2,39
10/19/2014,BPT,TX,ASW,CE,Towers with Radar,0,5,32,0,37,0,2,12,2,16,0,7,44,2,53,0,0,0,53
10/20/2014,BPT,TX,ASW,CE,Towers with Radar,0,6,10,0,16,0,2,13,0,15,0,8,23,0,31,28,0,28,59
10/21/2014,BPT,TX,ASW,CE,Towers with Radar,0,5,7,2,14,0,3,17,0,20,0,8,24,2,34,10,0,10,44
10/22/2014,BPT,TX,ASW,CE,Towers with Radar,2,12,24,2,40,0,2,25,0,27,2,14,49,2,67,18,0,18,85
10/23/2014,BPT,TX,ASW,CE,Towers with Radar,0,6,13,2,21,0,1,18,0,19,0,7,31,2,40,0,0,0,40
10/24/2014,BPT,TX,ASW,CE,Towers with Radar,0,6,19,0,25,0,1,19,0,20,0,7,38,0,45,12,0,12,57
10/25/2014,BPT,TX,ASW,CE,Towers with Radar,2,6,6,0,14,0,1,16,0,17,2,7,22,0,31,0,0,0,31
10/26/2014,BPT,TX,ASW,CE,Towers with Radar,0,5,23,0,28,0,2,31,0,33,0,7,54,0,61,20,0,20,81
10/27/2014,BPT,TX,ASW,CE,Towers with Radar,0,8,11,1,20,0,2,17,1,20,0,10,28,2,40,0,0,0,40
10/28/2014,BPT,TX,ASW,CE,Towers with Radar,0,6,17,0,23,0,1,19,4,24,0,7,36,4,47,3,0,3,50
10/29/2014,BPT,TX,ASW,CE,Towers with Radar,0,6,15,5,26,0,6,25,7,38,0,12,40,12,64,36,0,36,100
10/30/2014,BPT,TX,ASW,CE,Towers with Radar,1,6,29,6,42,0,2,29,4,35,1,8,58,10,77,36,0,36,113
10/31/2014,BPT,TX,ASW,CE,Towers with Radar,0,10,16,0,26,0,2,15,0,17,0,12,31,0,43,10,0,10,53
11/01/2014,BPT,TX,ASW,CE,Towers with Radar,0,6,18,3,27,0,2,22,0,24,0,8,40,3,51,4,0,4,55
11/02/2014,BPT,TX,ASW,CE,Towers with Radar,0,5,18,0,23,0,3,17,0,20,0,8,35,0,43,0,0,0,43
11/03/2014,BPT,TX,ASW,CE,Towers with Radar,0,10,35,0,45,0,1,18,0,19,0,11,53,0,64,0,0,0,64
11/04/2014,BPT,TX,ASW,CE,Towers with Radar,0,6,10,0,16,0,4,14,0,18,0,10,24,0,34,26,0,26,60
11/05/2014,BPT,TX,ASW,CE,Towers with Radar,0,6,13,4,23,0,3,3,0,6,0,9,16,4,29,16,0,16,45
11/06/2014,BPT,TX,ASW,CE,Towers with Radar,0,11,28,1,40,0,1,10,0,11,0,12,38,1,51,24,0,24,75
11/07/2014,BPT,TX,ASW,CE,Towers with Radar,0,8,16,7,31,0,4,31,3,38,0,12,47,10,69,28,0,28,97
11/08/2014,BPT,TX,ASW,CE,Towers with Radar,0,6,21,0,27,0,2,14,0,16,0,8,35,0,43,4,0,4,47
11/09/2014,BPT,TX,ASW,CE,Towers with Radar,0,7,11,0,18,0,2,15,2,19,0,9,26,2,37,0,0,0,37
11/10/2014,BPT,TX,ASW,CE,Towers with Radar,0,4,11,2,17,0,2,8,4,14,0,6,19,6,31,44,0,44,75
11/11/2014,BPT,TX,ASW,CE,Towers with Radar,0,4,17,0,21,0,2,8,2,12,0,6,25,2,33,0,0,0,33
11/12/2014,BPT,TX,ASW,CE,Towers with Radar,2,7,12,0,21,0,2,10,0,12,2,9,22,0,33,50,0,50,83
11/13/2014,BPT,TX,ASW,CE,Towers with Radar,0,7,26,0,33,0,2,12,0,14,0,9,38,0,47,8,0,8,55
11/14/2014,BPT,TX,ASW,CE,Towers with Radar,0,7,17,0,24,0,2,21,1,24,0,9,38,1,48,0,0,0,48
11/15/2014,BPT,TX,ASW,CE,Towers with Radar,0,7,11,0,18,0,2,19,0,21,0,9,30,0,39,4,0,4,43
11/16/2014,BPT,TX,ASW,CE,Towers with Radar,0,7,13,0,20,0,0,0,0,0,0,7,13,0,20,0,0,0,20
11/17/2014,BPT,TX,ASW,CE,Towers with Radar,0,8,21,0,29,0,0,10,2,12,0,8,31,2,41,14,0,14,55
11/18/2014,BPT,TX,ASW,CE,Towers with Radar,0,3,15,0,18,0,7,22,0,29,0,10,37,0,47,31,0,31,78
11/19/2014,BPT,TX,ASW,CE,Towers with Radar,0,5,12,0,17,0,6,27,2,35,0,11,39,2,52,44,0,44,96
11/20/2014,BPT,TX,ASW,CE,Towers with Radar,0,9,29,0,38,0,6,18,0,24,0,15,47,0,62,14,0,14,76
11/21/2014,BPT,TX,ASW,CE,Towers with Radar,0,6,11,0,17,0,2,8,0,10,0,8,19,0,27,8,0,8,35
11/22/2014,BPT,TX,ASW,CE,Towers with Radar,0,7,18,0,25,0,1,10,0,11,0,8,28,0,36,0,0,0,36
11/23/2014,BPT,TX,ASW,CE,Towers with Radar,0,6,21,0,27,0,5,31,0,36,0,11,52,0,63,17,0,17,80
11/24/2014,BPT,TX,ASW,CE,Towers with Radar,0,11,10,0,21,0,2,13,0,15,0,13,23,0,36,20,0,20,56
11/25/2014,BPT,TX,ASW,CE,Towers with Radar,0,7,15,0,22,0,3,17,0,20,0,10,32,0,42,10,0,10,52
11/26/2014,BPT,TX,ASW,CE,Towers with Radar,0,9,26,0,35,0,6,15,2,23,0,15,41,2,58,20,0,20,78
11/27/2014,BPT,TX,ASW,CE,Towers with Radar,0,4,7,0,11,0,1,8,0,9,0,5,15,0,20,0,0,0,20
11/28/2014,BPT,TX,ASW,CE,Towers with Radar,0,4,16,0,20,0,1,17,0,18,0,5,33,0,38,0,0,0,38
11/29/2014,BPT,TX,ASW,CE,Towers with Radar,0,6,8,0,14,0,0,7,0,7,0,6,15,0,21,14,0,14,35
11/30/2014,BPT,TX,ASW,CE,Towers with Radar,0,7,24,0,31,0,2,24,2,28,0,9,48,2,59,28,0,28,87
12/01/2014,BPT,TX,ASW,CE,Towers with Radar,0,7,3,0,10,0,2,9,0,11,0,9,12,0,21,0,0,0,21
12/02/2014,BPT,TX,ASW,CE,Towers with Radar,0,9,14,0,23,0,0,2,0,2,0,9,16,0,25,12,0,12,37
12/03/2014,BPT,TX,ASW,CE,Towers with Radar,0,7,13,0,20,0,0,3,2,5,0,7,16,2,25,12,0,12,37
12/04/2014,BPT,TX,ASW,CE,Towers with Radar,0,9,29,2,40,0,0,6,0,6,0,9,35,2,46,0,0,0,46
12/05/2014,BPT,TX,ASW,CE,Towers with Radar,0,5,21,0,26,0,2,8,0,10,0,7,29,0,36,0,0,0,36
12/06/2014,BPT,TX,ASW,CE,Towers with Radar,0,6,11,0,17,0,0,4,0,4,0,6,15,0,21,0,0,0,21
12/07/2014,BPT,TX,ASW,CE,Towers with Radar,0,7,21,0,28,0,2,19,0,21,0,9,40,0,49,30,0,30,79
12/08/2014,BPT,TX,ASW,CE,Towers with Radar,0,11,17,0,28,0,4,11,2,17,0,15,28,2,45,12,0,12,57
12/09/2014,BPT,TX,ASW,CE,Towers with Radar,0,5,20,0,25,0,2,11,5,18,0,7,31,5,43,21,0,21,64
12/10/2014,BPT,TX,ASW,CE,Towers with Radar,0,16,24,2,42,0,2,14,3,19,0,18,38,5,61,0,0,0,61
12/11/2014,BPT,TX,ASW,CE,Towers with Radar,0,8,21,0,29,0,5,21,2,28,0,13,42,2,57,6,0,6,63
12/12/2014,BPT,TX,ASW,CE,Towers with Radar,0,5,22,4,31,0,3,16,0,19,0,8,38,4,50,28,0,28,78
12/13/2014,BPT,TX,ASW,CE,Towers with Radar,0,8,7,4,19,0,4,17,4,25,0,12,24,8,44,8,0,8,52
12/14/2014,BPT,TX,ASW,CE,Towers with Radar,0,6,11,10,27,0,2,5,2,9,0,8,16,12,36,0,0,0,36
12/15/2014,BPT,TX,ASW,CE,Towers with Radar,0,15,25,0,40,0,4,11,0,15,0,19,36,0,55,0,0,0,55
12/16/2014,BPT,TX,ASW,CE,Towers with Radar,0,5,15,0,20,0,1,17,0,18,0,6,32,0,38,68,0,68,106
12/17/2014,BPT,TX,ASW,CE,Towers with Radar,0,6,30,0,36,0,1,11,0,12,0,7,41,0,48,0,0,0,48
12/18/2014,BPT,TX,ASW,CE,Towers with Radar,0,9,29,1,39,0,2,0,0,2,0,11,29,1,41,0,0,0,41
12/19/2014,BPT,TX,ASW,CE,Towers with Radar,0,8,9,2,19,0,0,0,0,0,0,8,9,2,19,0,0,0,19
12/20/2014,BPT,TX,ASW,CE,Towers with Radar,0,7,12,2,21,0,2,16,3,21,0,9,28,5,42,2,0,2,44
12/21/2014,BPT,TX,ASW,CE,Towers with Radar,0,8,12,0,20,0,0,12,1,13,0,8,24,1,33,0,0,0,33
12/22/2014,BPT,TX,ASW,CE,Towers with Radar,0,4,5,0,9,0,2,5,0,7,0,6,10,0,16,0,0,0,16
12/23/2014,BPT,TX,ASW,CE,Towers with Radar,0,4,3,0,7,0,0,0,5,5,0,4,3,5,12,0,0,0,12
12/24/2014,BPT,TX,ASW,CE,Towers with Radar,0,4,12,0,16,0,2,17,0,19,0,6,29,0,35,20,0,20,55
12/25/2014,BPT,TX,ASW,CE,Towers with Radar,0,7,7,0,14,0,2,10,0,12,0,9,17,0,26,0,0,0,26
12/26/2014,BPT,TX,ASW,CE,Towers with Radar,0,3,17,0,20,0,3,8,0,11,0,6,25,0,31,0,0,0,31
12/27/2014,BPT,TX,ASW,CE,Towers with Radar,0,8,3,0,11,0,0,0,0,0,0,8,3,0,11,0,0,0,11
12/28/2014,BPT,TX,ASW,CE,Towers with Radar,0,6,5,0,11,0,0,0,0,0,0,6,5,0,11,0,0,0,11
12/29/2014,BPT,TX,ASW,CE,Towers with Radar,0,11,18,2,31,0,0,0,0,0,0,11,18,2,31,0,0,0,31
12/30/2014,BPT,TX,ASW,CE,Towers with Radar,0,3,8,0,11,0,2,2,0,4,0,5,10,0,15,0,0,0,15
12/31/2014,BPT,TX,ASW,CE,Towers with Radar,0,8,13,0,21,0,3,26,2,31,0,11,39,2,52,8,0,8,60
01/01/2015,BPT,TX,ASW,CE,Towers with Radar,0,5,5,0,10,0,3,1,0,4,0,8,6,0,14,0,0,0,14
01/02/2015,BPT,TX,ASW,CE,Towers with Radar,0,10,19,4,33,0,0,0,0,0,0,10,19,4,33,0,0,0,33
01/03/2015,BPT,TX,ASW,CE,Towers with Radar,0,6,14,0,20,0,3,0,0,3,0,9,14,0,23,0,0,0,23
01/04/2015,BPT,TX,ASW,CE,Towers with Radar,0,5,22,0,27,0,6,18,0,24,0,11,40,0,51,0,0,0,51
01/05/2015,BPT,TX,ASW,CE,Towers with Radar,0,4,7,0,11,0,3,16,0,19,0,7,23,0,30,14,0,14,44
01/06/2015,BPT,TX,ASW,CE,Towers with Radar,0,8,6,2,16,0,2,15,2,19,0,10,21,4,35,20,0,20,55
01/07/2015,BPT,TX,ASW,CE,Towers with Radar,0,7,40,2,49,0,6,20,2,28,0,13,60,4,77,0,0,0,77
01/08/2015,BPT,TX,ASW,CE,Towers with Radar,0,5,17,2,24,0,4,23,0,27,0,9,40,2,51,34,0,34,85
01/09/2015,BPT,TX,ASW,CE,Towers with Radar,0,5,8,0,13,0,0,1,3,4,0,5,9,3,17,8,0,8,25
01/10/2015,BPT,TX,ASW,CE,Towers with Radar,0,7,3,0,10,0,2,20,2,24,0,9,23,2,34,2,0,2,36
01/11/2015,BPT,TX,ASW,CE,Towers with Radar,0,5,8,0,13,0,0,0,0,0,0,5,8,0,13,0,0,0,13
01/12/2015,BPT,TX,ASW,CE,Towers with Radar,0,5,16,0,21,0,2,1,0,3,0,7,17,0,24,0,0,0,24
01/13/2015,BPT,TX,ASW,CE,Towers with Radar,0,5,26,1,32,0,1,4,2,7,0,6,30,3,39,0,0,0,39
01/14/2015,BPT,TX,ASW,CE,Towers with Radar,0,9,28,1,38,0,2,8,4,14,0,11,36,5,52,0,0,0,52
01/15/2015,BPT,TX,ASW,CE,Towers with Radar,0,7,23,0,30,0,4,15,1,20,0,11,38,1,50,0,0,0,50
01/16/2015,BPT,TX,ASW,CE,Towers with Radar,0,7,21,0,28,0,2,31,4,37,0,9,52,4,65,34,0,34,99
01/17/2015,BPT,TX,ASW,CE,Towers with Radar,0,6,11,8,25,0,2,17,0,19,0,8,28,8,44,0,0,0,44
01/18/2015,BPT,TX,ASW,CE,Towers with Radar,0,7,11,0,18,0,3,11,0,14,0,10,22,0,32,0,0,0,32
01/19/2015,BPT,TX,ASW,CE,Towers with Radar,0,9,8,0,17,0,2,14,2,18,0,11,22,2,35,18,0,18,53
01/20/2015,BPT,TX,ASW,CE,Towers with Radar,0,9,17,0,26,0,4,7,0,11,0,13,24,0,37,10,0,10,47
01/21/2015,BPT,TX,ASW,CE,Towers with Radar,0,5,12,0,17,0,2,2,0,4,0,7,14,0,21,0,0,0,21
01/22/2015,BPT,TX,ASW,CE,Towers with Radar,0,4,9,0,13,0,2,0,0,2,0,6,9,0,15,0,0,0,15
01/23/2015,BPT,TX,ASW,CE,Towers with Radar,0,7,23,0,30,0,4,3,2,9,0,11,26,2,39,0,0,0,39
01/24/2015,BPT,TX,ASW,CE,Towers with Radar,0,8,8,0,16,0,2,26,2,30,0,10,34,2,46,6,0,6,52
01/25/2015,BPT,TX,ASW,CE,Towers with Radar,0,5,18,0,23,0,4,22,2,28,0,9,40,2,51,3,0,3,54
01/26/2015,BPT,TX,ASW,CE,Towers with Radar,0,5,12,0,17,0,4,17,2,23,0,9,29,2,40,8,1,9,49
01/27/2015,BPT,TX,ASW,CE,Towers with Radar,0,7,14,4,25,0,4,12,0,16,0,11,26,4,41,16,0,16,57
01/28/2015,BPT,TX,ASW,CE,Towers with Radar,0,5,16,0,21,0,2,13,0,15,0,7,29,0,36,0,0,0,36
01/29/2015,BPT,TX,ASW,CE,Towers with Radar,0,6,18,0,24,0,8,21,0,29,0,14,39,0,53,0,0,0,53
01/30/2015,BPT,TX,ASW,CE,Towers with Radar,0,5,21,0,26,0,7,13,0,20,0,12,34,0,46,0,0,0,46
01/31/2015,BPT,TX,ASW,CE,Towers with Radar,0,6,6,0,12,0,4,19,0,23,0,10,25,0,35,6,0,6,41
02/01/2015,BPT,TX,ASW,CE,Towers with Radar,0,5,8,0,13,0,2,4,0,6,0,7,12,0,19,0,0,0,19
02/02/2015,BPT,TX,ASW,CE,Towers with Radar,0,8,10,1,19,0,4,9,1,14,0,12,19,2,33,0,0,0,33
02/03/2015,BPT,TX,ASW,CE,Towers with Radar,0,7,16,0,23,0,2,4,0,6,0,9,20,0,29,22,0,22,51
02/04/2015,BPT,TX,ASW,CE,Towers with Radar,0,11,16,0,27,0,0,0,0,0,0,11,16,0,27,0,0,0,27
02/05/2015,BPT,TX,ASW,CE,Towers with Radar,0,8,25,0,33,0,6,4,0,10,0,14,29,0,43,0,0,0,43
02/06/2015,BPT,TX,ASW,CE,Towers with Radar,0,5,18,0,23,0,5,12,0,17,0,10,30,0,40,10,0,10,50
02/07/2015,BPT,TX,ASW,CE,Towers with Radar,0,6,8,0,14,0,4,5,0,9,0,10,13,0,23,0,0,0,23
02/08/2015,BPT,TX,ASW,CE,Towers with Radar,0,5,24,0,29,0,2,13,2,17,0,7,37,2,46,0,0,0,46
02/09/2015,BPT,TX,ASW,CE,Towers with Radar,0,5,16,0,21,0,2,12,2,16,0,7,28,2,37,2,0,2,39
02/10/2015,BPT,TX,ASW,CE,Towers with Radar,0,9,13,0,22,0,6,26,2,34,0,15,39,2,56,26,0,26,82
02/11/2015,BPT,TX,ASW,CE,Towers with Radar,0,6,16,0,22,0,6,23,0,29,0,12,39,0,51,30,0,30,81
02/12/2015,BPT,TX,ASW,CE,Towers with Radar,0,8,21,0,29,0,5,8,0,13,0,13,29,0,42,4,0,4,46
02/13/2015,BPT,TX,ASW,CE,Towers with Radar,0,5,8,0,13,0,2,22,0,24,0,7,30,0,37,14,0,14,51
02/14/2015,BPT,TX,ASW,CE,Towers with Radar,0,3,8,0,11,0,4,15,2,21,0,7,23,2,32,22,0,22,54
02/15/2015,BPT,TX,ASW,CE,Towers with Radar,0,7,9,0,16,0,0,6,0,6,0,7,15,0,22,12,0,12,34
02/16/2015,BPT,TX,ASW,CE,Towers with Radar,0,5,13,0,18,0,4,0,0,4,0,9,13,0,22,0,0,0,22
02/17/2015,BPT,TX,ASW,CE,Towers with Radar,0,5,15,0,20,0,6,13,0,19,0,11,28,0,39,0,0,0,39
02/18/2015,BPT,TX,ASW,CE,Towers with Radar,0,7,32,0,39,0,4,13,0,17,0,11,45,0,56,30,0,30,86
02/19/2015,BPT,TX,ASW,CE,Towers with Radar,0,7,28,1,36,0,1,21,1,23,0,8,49,2,59,22,0,22,81
02/20/2015,BPT,TX,ASW,CE,Towers with Radar,0,5,13,0,18,0,2,10,2,14,0,7,23,2,32,16,0,16,48
02/21/2015,BPT,TX,ASW,CE,Towers with Radar,0,6,9,0,15,0,2,0,0,2,0,8,9,0,17,0,0,0,17
02/22/2015,BPT,TX,ASW,CE,Towers with Radar,0,8,14,0,22,0,2,1,0,3,0,10,15,0,25,0,0,0,25
02/23/2015,BPT,TX,ASW,CE,Towers with Radar,0,0,9,0,9,0,0,0,0,0,0,0,9,0,9,0,0,0,9
02/24/2015,BPT,TX,ASW,CE,Towers with Radar,0,8,8,0,16,0,2,3,0,5,0,10,11,0,21,0,0,0,21
02/25/2015,BPT,TX,ASW,CE,Towers with Radar,0,5,3,0,8,0,2,0,2,4,0,7,3,2,12,0,0,0,12
02/26/2015,BPT,TX,ASW,CE,Towers with Radar,0,6,33,0,39,0,6,28,0,34,0,12,61,0,73,16,0,16,89
02/27/2015,BPT,TX,ASW,CE,Towers with Radar,0,2,18,0,20,0,4,14,0,18,0,6,32,0,38,2,0,2,40
02/28/2015,BPT,TX,ASW,CE,Towers with Radar,0,2,14,0,16,0,4,14,0,18,0,6,28,0,34,8,0,8,42
03/01/2015,BPT,TX,ASW,CE,Towers with Radar,0,3,8,0,11,0,0,0,0,0,0,3,8,0,11,0,0,0,11
03/02/2015,BPT,TX,ASW,CE,Towers with Radar,0,4,17,0,21,0,0,0,0,0,0,4,17,0,21,0,0,0,21
03/03/2015,BPT,TX,ASW,CE,Towers with Radar,0,2,13,0,15,0,0,0,0,0,0,2,13,0,15,0,0,0,15
03/04/2015,BPT,TX,ASW,CE,Towers with Radar,0,4,14,0,18,0,2,5,0,7,0,6,19,0,25,6,0,6,31
03/05/2015,BPT,TX,ASW,CE,Towers with Radar,0,2,8,0,10,0,0,4,0,4,0,2,12,0,14,0,0,0,14
03/06/2015,BPT,TX,ASW,CE,Towers with Radar,0,7,12,0,19,0,4,33,3,40,0,11,45,3,59,22,0,22,81
03/07/2015,BPT,TX,ASW,CE,Towers with Radar,0,6,7,0,13,0,4,15,4,23,0,10,22,4,36,10,0,10,46
03/08/2015,BPT,TX,ASW,CE,Towers with Radar,0,5,13,0,18,0,2,0,0,2,0,7,13,0,20,0,0,0,20
03/09/2015,BPT,TX,ASW,CE,Towers with Radar,0,6,13,0,19,0,0,2,0,2,0,6,15,0,21,0,0,0,21
03/10/2015,BPT,TX,ASW,CE,Towers with Radar,0,5,16,0,21,0,0,0,0,0,0,5,16,0,21,0,0,0,21
03/11/2015,BPT,TX,ASW,CE,Towers with Radar,0,4,19,0,23,0,0,0,0,0,0,4,19,0,23,0,0,0,23
03/12/2015,BPT,TX,ASW,CE,Towers with Radar,0,9,8,0,17,0,2,0,0,2,0,11,8,0,19,0,0,0,19
03/13/2015,BPT,TX,ASW,CE,Towers with Radar,0,4,35,0,39,0,2,0,0,2,0,6,35,0,41,0,0,0,41
03/14/2015,BPT,TX,ASW,CE,Towers with Radar,0,6,11,0,17,0,4,34,2,40,0,10,45,2,57,17,0,17,74
03/15/2015,BPT,TX,ASW,CE,Towers with Radar,0,5,18,0,23,0,2,8,2,12,0,7,26,2,35,10,0,10,45
03/16/2015,BPT,TX,ASW,CE,Towers with Radar,0,5,11,0,16,0,2,14,2,18,0,7,25,2,34,2,0,2,36
03/17/2015,BPT,TX,ASW,CE,Towers with Radar,0,10,17,0,27,0,2,7,1,10,0,12,24,1,37,4,0,4,41
03/18/2015,BPT,TX,ASW,CE,Towers with Radar,0,5,15,2,22,0,2,0,3,5,0,7,15,5,27,0,0,0,27
03/19/2015,BPT,TX,ASW,CE,Towers with Radar,0,9,8,0,17,0,0,2,2,4,0,9,10,2,21,0,0,0,21
03/20/2015,BPT,TX,ASW,CE,Towers with Radar,0,4,9,2,15,0,0,2,2,4,0,4,11,4,19,4,0,4,23
03/21/2015,BPT,TX,ASW,CE,Towers with Radar,0,9,6,0,15,0,0,0,0,0,0,9,6,0,15,0,0,0,15
03/22/2015,BPT,TX,ASW,CE,Towers with Radar,0,6,15,2,23,0,4,6,3,13,0,10,21,5,36,12,0,12,48
03/23/2015,BPT,TX,ASW,CE,Towers with Radar,0,5,13,3,21,0,2,16,3,21,0,7,29,6,42,50,0,50,92
03/24/2015,BPT,TX,ASW,CE,Towers with Radar,0,6,22,1,29,0,3,11,1,15,0,9,33,2,44,24,0,24,68
03/25/2015,BPT,TX,ASW,CE,Towers with Radar,0,10,21,0,31,0,1,17,0,18,0,11,38,0,49,40,0,40,89
03/26/2015,BPT,TX,ASW,CE,Towers with Radar,0,11,21,2,34,0,4,8,2,14,0,15,29,4,48,12,0,12,60
03/27/2015,BPT,TX,ASW,CE,Towers with Radar,1,4,13,1,19,0,2,34,1,37,1,6,47,2,56,16,0,16,72
03/28/2015,BPT,TX,ASW,CE,Towers with Radar,0,7,7,0,14,0,2,16,0,18,0,9,23,0,32,8,0,8,40
03/29/2015,BPT,TX,ASW,CE,Towers with Radar,0,4,15,0,19,0,0,10,0,10,0,4,25,0,29,28,0,28,57
03/30/2015,BPT,TX,ASW,CE,Towers with Radar,0,5,18,0,23,0,2,11,1,14,0,7,29,1,37,8,0,8,45
03/31/2015,BPT,TX,ASW,CE,Towers with Radar,0,4,14,2,20,0,6,16,0,22,0,10,30,2,42,10,0,10,52
04/01/2015,BPT,TX,ASW,CE,Towers with Radar,0,7,18,0,25,0,4,6,0,10,0,11,24,0,35,22,0,22,57
04/02/2015,BPT,TX,ASW,CE,Towers with Radar,0,6,33,2,41,0,5,20,0,25,0,11,53,2,66,36,0,36,102
04/03/2015,BPT,TX,ASW,CE,Towers with Radar,0,4,16,0,20,0,2,5,2,9,0,6,21,2,29,26,0,26,55
04/04/2015,BPT,TX,ASW,CE,Towers with Radar,0,4,7,2,13,0,2,12,0,14,0,6,19,2,27,4,0,4,31
04/05/2015,BPT,TX,ASW,CE,Towers with Radar,0,3,17,0,20,0,2,0,1,3,0,5,17,1,23,0,0,0,23
04/06/2015,BPT,TX,ASW,CE,Towers with Radar,0,5,29,1,35,0,2,9,2,13,0,7,38,3,48,26,0,26,74
04/07/2015,BPT,TX,ASW,CE,Towers with Radar,0,6,22,0,28,0,0,12,6,18,0,6,34,6,46,30,0,30,76
04/08/2015,BPT,TX,ASW,CE,Towers with Radar,0,4,21,2,27,0,2,12,7,21,0,6,33,9,48,6,0,6,54
04/09/2015,BPT,TX,ASW,CE,Towers with Radar,0,6,22,0,28,0,4,7,6,17,0,10,29,6,45,0,0,0,45
04/10/2015,BPT,TX,ASW,CE,Towers with Radar,0,4,11,0,15,0,0,0,0,0,0,4,11,0,15,0,0,0,15
04/11/2015,BPT,TX,ASW,CE,Towers with Radar,0,8,11,0,19,0,2,6,2,10,0,10,17,2,29,4,0,4,33
04/12/2015,BPT,TX,ASW,CE,Towers with Radar,0,4,12,0,16,0,4,3,0,7,0,8,15,0,23,0,0,0,23
04/13/2015,BPT,TX,ASW,CE,Towers with Radar,0,4,11,0,15,0,2,13,0,15,0,6,24,0,30,60,0,60,90
04/14/2015,BPT,TX,ASW,CE,Towers with Radar,0,4,12,0,16,0,2,2,0,4,0,6,14,0,20,0,0,0,20
04/15/2015,BPT,TX,ASW,CE,Towers with Radar,0,4,41,0,45,0,4,18,0,22,0,8,59,0,67,14,0,14,81
04/16/2015,BPT,TX,ASW,CE,Towers with Radar,0,2,24,0,26,0,0,2,0,2,0,2,26,0,28,0,0,0,28
04/17/2015,BPT,TX,ASW,CE,Towers with Radar,0,6,19,0,25,0,0,4,2,6,0,6,23,2,31,8,0,8,39
04/18/2015,BPT,TX,ASW,CE,Towers with Radar,0,9,6,0,15,0,0,10,0,10,0,9,16,0,25,0,0,0,25
04/19/2015,BPT,TX,ASW,CE,Towers with Radar,0,3,25,0,28,0,0,26,0,26,0,3,51,0,54,12,0,12,66
04/20/2015,BPT,TX,ASW,CE,Towers with Radar,0,8,22,0,30,0,0,16,2,18,0,8,38,2,48,68,0,68,116
04/21/2015,BPT,TX,ASW,CE,Towers with Radar,0,7,19,0,26,0,0,18,0,18,0,7,37,0,44,4,0,4,48
04/22/2015,BPT,TX,ASW,CE,Towers with Radar,0,6,28,0,34,0,0,9,0,9,0,6,37,0,43,10,0,10,53
04/23/2015,BPT,TX,ASW,CE,Towers with Radar,0,4,17,0,21,0,0,20,1,21,0,4,37,1,42,32,0,32,74
04/24/2015,BPT,TX,ASW,CE,Towers with Radar,0,3,23,0,26,0,0,4,0,4,0,3,27,0,30,0,0,0,30
04/25/2015,BPT,TX,ASW,CE,Towers with Radar,0,4,10,0,14,0,0,20,0,20,0,4,30,0,34,8,0,8,42
04/26/2015,BPT,TX,ASW,CE,Towers with Radar,0,6,13,0,19,0,0,7,6,13,0,6,20,6,32,0,4,4,36
04/27/2015,BPT,TX,ASW,CE,Towers with Radar,0,5,9,0,14,0,0,7,4,11,0,5,16,4,25,0,0,0,25
04/28/2015,BPT,TX,ASW,CE,Towers with Radar,0,6,16,0,22,0,0,9,8,17,0,6,25,8,39,0,6,6,45
04/29/2015,BPT,TX,ASW,CE,Towers with Radar,0,5,17,0,22,0,0,33,6,39,0,5,50,6,61,22,10,32,93
04/30/2015,BPT,TX,ASW,CE,Towers with Radar,0,6,28,3,37,0,3,29,4,36,0,9,57,7,73,0,0,0,73
05/01/2015,BPT,TX,ASW,CE,Towers with Radar,0,7,33,0,40,0,0,29,6,35,0,7,62,6,75,0,8,8,83
05/02/2015,BPT,TX,ASW,CE,Towers with Radar,0,7,7,0,14,0,0,19,4,23,0,7,26,4,37,4,0,4,41
05/03/2015,BPT,TX,ASW,CE,Towers with Radar,0,7,16,0,23,0,0,20,0,20,0,7,36,0,43,0,0,0,43
05/04/2015,BPT,TX,ASW,CE,Towers with Radar,0,6,20,0,26,0,4,27,0,31,0,10,47,0,57,42,0,42,99
05/05/2015,BPT,TX,ASW,CE,Towers with Radar,0,6,10,0,16,0,0,15,0,15,0,6,25,0,31,8,0,8,39
05/06/2015,BPT,TX,ASW,CE,Towers with Radar,0,5,34,0,39,0,0,14,4,18,0,5,48,4,57,34,0,34,91
05/07/2015,BPT,TX,ASW,CE,Towers with Radar,0,9,32,0,41,0,0,11,2,13,0,9,43,2,54,16,0,16,70
05/08/2015,BPT,TX,ASW,CE,Towers with Radar,0,6,30,4,40,0,2,13,0,15,0,8,43,4,55,18,0,18,73
05/09/2015,BPT,TX,ASW,CE,Towers with Radar,0,6,10,0,16,0,0,4,0,4,0,6,14,0,20,2,0,2,22
05/10/2015,BPT,TX,ASW,CE,Towers with Radar,0,3,14,0,17,0,0,0,0,0,0,3,14,0,17,0,0,0,17
05/11/2015,BPT,TX,ASW,CE,Towers with Radar,0,5,8,0,13,0,0,6,0,6,0,5,14,0,19,0,0,0,19
05/12/2015,BPT,TX,ASW,CE,Towers with Radar,0,4,19,0,23,0,0,9,0,9,0,4,28,0,32,16,0,16,48
05/13/2015,BPT,TX,ASW,CE,Towers with Radar,0,6,21,0,27,0,1,8,0,9,0,7,29,0,36,8,0,8,44
05/14/2015,BPT,TX,ASW,CE,Towers with Radar,0,7,27,0,34,0,0,16,0,16,0,7,43,0,50,16,0,16,66
05/15/2015,BPT,TX,ASW,CE,Towers with Radar,0,6,25,0,31,0,1,5,1,7,0,7,30,1,38,0,0,0,38
05/16/2015,BPT,TX,ASW,CE,Towers with Radar,0,5,15,0,20,0,0,0,0,0,0,5,15,0,20,0,0,0,20
05/17/2015,BPT,TX,ASW,CE,Towers with Radar,0,7,14,0,21,0,0,6,0,6,0,7,20,0,27,8,0,8,35
05/18/2015,BPT,TX,ASW,CE,Towers with Radar,0,6,16,0,22,0,0,3,0,3,0,6,19,0,25,14,0,14,39
05/19/2015,BPT,TX,ASW,CE,Towers with Radar,0,4,34,0,38,0,0,10,0,10,0,4,44,0,48,0,0,0,48
05/20/2015,BPT,TX,ASW,CE,Towers with Radar,0,4,16,0,20,0,0,19,2,21,0,4,35,2,41,38,0,38,79
05/21/2015,BPT,TX,ASW,CE,Towers with Radar,0,6,12,2,20,0,0,10,0,10,0,6,22,2,30,0,0,0,30
05/22/2015,BPT,TX,ASW,CE,Towers with Radar,0,4,24,0,28,0,0,3,0,3,0,4,27,0,31,0,0,0,31
05/23/2015,BPT,TX,ASW,CE,Towers with Radar,0,4,12,0,16,0,0,8,0,8,0,4,20,0,24,4,0,4,28
05/24/2015,BPT,TX,ASW,CE,Towers with Radar,0,3,3,0,6,0,0,4,0,4,0,3,7,0,10,0,0,0,10
05/25/2015,BPT,TX,ASW,CE,Towers with Radar,0,2,11,0,13,0,0,13,0,13,0,2,24,0,26,0,0,0,26
05/26/2015,BPT,TX,ASW,CE,Towers with Radar,0,4,15,0,19,0,2,14,2,18,0,6,29,2,37,28,0,28,65
05/27/2015,BPT,TX,ASW,CE,Towers with Radar,0,4,28,0,32,0,3,9,2,14,0,7,37,2,46,0,0,0,46
05/28/2015,BPT,TX,ASW,CE,Towers with Radar,0,6,23,0,29,0,0,19,4,23,0,6,42,4,52,20,0,20,72
05/29/2015,BPT,TX,ASW,CE,Towers with Radar,0,6,26,2,34,0,0,6,1,7,0,6,32,3,41,11,0,11,52
05/30/2015,BPT,TX,ASW,CE,Towers with Radar,0,5,6,0,11,0,0,2,0,2,0,5,8,0,13,0,0,0,13
05/31/2015,BPT,TX,ASW,CE,Towers with Radar,0,4,18,0,22,0,0,4,1,5,0,4,22,1,27,16,0,16,43
06/01/2015,BPT,TX,ASW,CE,Towers with Radar,0,6,16,1,23,0,0,20,1,21,0,6,36,2,44,0,0,0,44
06/02/2015,BPT,TX,ASW,CE,Towers with Radar,0,8,31,2,41,0,0,35,10,45,0,8,66,12,86,70,0,70,156
06/03/2015,BPT,TX,ASW,CE,Towers with Radar,0,8,28,2,38,0,1,30,3,34,0,9,58,5,72,10,0,10,82
06/04/2015,BPT,TX,ASW,CE,Towers with Radar,0,6,15,0,21,0,0,24,2,26,0,6,39,2,47,58,0,58,105
06/05/2015,BPT,TX,ASW,CE,Towers with Radar,0,4,15,0,19,0,0,34,2,36,0,4,49,2,55,6,0,6,61
06/06/2015,BPT,TX,ASW,CE,Towers with Radar,0,6,12,0,18,0,0,18,0,18,0,6,30,0,36,24,0,24,60
06/07/2015,BPT,TX,ASW,CE,Towers with Radar,0,6,18,0,24,0,0,23,0,23,0,6,41,0,47,0,0,0,47
06/08/2015,BPT,TX,ASW,CE,Towers with Radar,0,7,10,0,17,0,0,15,0,15,0,7,25,0,32,26,0,26,58
06/09/2015,BPT,TX,ASW,CE,Towers with Radar,0,9,17,2,28,0,0,20,4,24,0,9,37,6,52,20,0,20,72
06/10/2015,BPT,TX,ASW,CE,Towers with Radar,0,4,18,0,22,0,0,19,0,19,0,4,37,0,41,22,0,22,63
06/11/2015,BPT,TX,ASW,CE,Towers with Radar,0,4,22,0,26,0,0,10,2,12,0,4,32,2,38,14,0,14,52
06/12/2015,BPT,TX,ASW,CE,Towers with Radar,0,4,33,4,41,0,0,9,2,11,0,4,42,6,52,10,0,10,62
06/13/2015,BPT,TX,ASW,CE,Towers with Radar,0,4,3,0,7,0,0,2,0,2,0,4,5,0,9,0,0,0,9
06/14/2015,BPT,TX,ASW,CE,Towers with Radar,0,6,17,0,23,0,0,4,0,4,0,6,21,0,27,0,0,0,27
06/15/2015,BPT,TX,ASW,CE,Towers with Radar,0,4,4,0,8,0,0,8,1,9,0,4,12,1,17,22,0,22,39
06/16/2015,BPT,TX,ASW,CE,Towers with Radar,0,2,7,0,9,0,0,4,1,5,0,2,11,1,14,0,0,0,14
06/17/2015,BPT,TX,ASW,CE,Towers with Radar,0,6,5,0,11,0,0,2,0,2,0,6,7,0,13,0,0,0,13
06/18/2015,BPT,TX,ASW,CE,Towers with Radar,0,6,21,0,27,0,0,13,0,13,0,6,34,0,40,0,0,0,40
06/19/2015,BPT,TX,ASW,CE,Towers with Radar,0,6,12,0,18,0,0,14,0,14,0,6,26,0,32,0,0,0,32
06/20/2015,BPT,TX,ASW,CE,Towers with Radar,0,4,10,0,14,0,0,6,2,8,0,4,16,2,22,26,0,26,48
06/21/2015,BPT,TX,ASW,CE,Towers with Radar,0,2,16,0,18,0,0,4,0,4,0,2,20,0,22,2,0,2,24
06/22/2015,BPT,TX,ASW,CE,Towers with Radar,0,5,17,2,24,0,0,21,0,21,0,5,38,2,45,6,0,6,51
06/23/2015,BPT,TX,ASW,CE,Towers with Radar,0,6,30,0,36,0,0,21,0,21,0,6,51,0,57,24,0,24,81
06/24/2015,BPT,TX,ASW,CE,Towers with Radar,0,6,24,4,34,0,0,24,0,24,0,6,48,4,58,32,0,32,90
06/25/2015,BPT,TX,ASW,CE,Towers with Radar,0,4,9,0,13,0,0,27,5,32,0,4,36,5,45,52,0,52,97
06/26/2015,BPT,TX,ASW,CE,Towers with Radar,0,6,10,0,16,0,0,7,0,7,0,6,17,0,23,0,0,0,23
06/27/2015,BPT,TX,ASW,CE,Towers with Radar,0,4,13,0,17,0,0,18,0,18,0,4,31,0,35,6,0,6,41
06/28/2015,BPT,TX,ASW,CE,Towers with Radar,0,5,10,0,15,0,0,7,1,8,0,5,17,1,23,6,0,6,29
06/29/2015,BPT,TX,ASW,CE,Towers with Radar,0,4,19,0,23,0,0,22,2,24,0,4,41,2,47,10,0,10,57
06/30/2015,BPT,TX,ASW,CE,Towers with Radar,0,7,29,0,36,0,0,14,0,14,0,7,43,0,50,0,0,0,50
07/01/2015,BPT,TX,ASW,CE,Towers with Radar,0,5,15,0,20,0,0,20,0,20,0,5,35,0,40,30,0,30,70
07/02/2015,BPT,TX,ASW,CE,Towers with Radar,0,6,35,0,41,0,0,19,1,20,0,6,54,1,61,28,0,28,89
07/03/2015,BPT,TX,ASW,CE,Towers with Radar,0,4,16,0,20,0,0,8,0,8,0,4,24,0,28,10,0,10,38
07/04/2015,BPT,TX,ASW,CE,Towers with Radar,0,4,8,0,12,0,0,1,2,3,0,4,9,2,15,0,0,0,15
07/05/2015,BPT,TX,ASW,CE,Towers with Radar,0,4,16,0,20,0,0,6,0,6,0,4,22,0,26,0,0,0,26
07/06/2015,BPT,TX,ASW,CE,Towers with Radar,0,4,21,4,29,0,0,20,0,20,0,4,41,4,49,32,0,32,81
07/07/2015,BPT,TX,ASW,CE,Towers with Radar,0,6,13,0,19,0,0,23,2,25,0,6,36,2,44,56,0,56,100
07/08/2015,BPT,TX,ASW,CE,Towers with Radar,0,5,15,4,24,0,0,9,6,15,0,5,24,10,39,2,0,2,41
07/09/2015,BPT,TX,ASW,CE,Towers with Radar,0,4,17,2,23,0,2,21,2,25,0,6,38,4,48,8,0,8,56
07/10/2015,BPT,TX,ASW,CE,Towers with Radar,0,6,16,0,22,0,2,4,1,7,0,8,20,1,29,6,0,6,35
07/11/2015,BPT,TX,ASW,CE,Towers with Radar,0,7,9,0,16,0,0,9,0,9,0,7,18,0,25,0,0,0,25
07/12/2015,BPT,TX,ASW,CE,Towers with Radar,0,5,21,4,30,0,0,10,0,10,0,5,31,4,40,0,0,0,40
07/13/2015,BPT,TX,ASW,CE,Towers with Radar,0,9,17,2,28,0,0,20,1,21,0,9,37,3,49,10,0,10,59
07/14/2015,BPT,TX,ASW,CE,Towers with Radar,0,5,13,0,18,0,0,19,2,21,0,5,32,2,39,0,0,0,39
07/15/2015,BPT,TX,ASW,CE,Towers with Radar,0,11,17,0,28,0,0,17,0,17,0,11,34,0,45,4,0,4,49
07/16/2015,BPT,TX,ASW,CE,Towers with Radar,0,7,23,0,30,0,0,9,4,13,0,7,32,4,43,0,0,0,43
07/17/2015,BPT,TX,ASW,CE,Towers with Radar,0,5,23,0,28,0,0,16,0,16,0,5,39,0,44,0,0,0,44
07/18/2015,BPT,TX,ASW,CE,Towers with Radar,0,4,10,0,14,0,0,18,0,18,0,4,28,0,32,34,0,34,66
07/19/2015,BPT,TX,ASW,CE,Towers with Radar,0,6,12,4,22,0,0,12,1,13,0,6,24,5,35,10,0,10,45
07/20/2015,BPT,TX,ASW,CE,Towers with Radar,0,6,10,8,24,0,0,15,0,15,0,6,25,8,39,0,0,0,39
07/21/2015,BPT,TX,ASW,CE,Towers with Radar,0,4,14,0,18,0,1,17,3,21,0,5,31,3,39,16,0,16,55
07/22/2015,BPT,TX,ASW,CE,Towers with Radar,0,6,19,16,41,0,0,16,7,23,0,6,35,23,64,28,0,28,92
07/23/2015,BPT,TX,ASW,CE,Towers with Radar,0,7,26,2,35,0,0,16,8,24,0,7,42,10,59,0,0,0,59
07/24/2015,BPT,TX,ASW,CE,Towers with Radar,0,7,25,0,32,0,0,13,1,14,0,7,38,1,46,18,0,18,64
07/25/2015,BPT,TX,ASW,CE,Towers with Radar,0,5,11,0,16,0,0,7,0,7,0,5,18,0,23,4,0,4,27
07/26/2015,BPT,TX,ASW,CE,Towers with Radar,0,4,15,0,19,0,0,8,0,8,0,4,23,0,27,12,0,12,39
07/27/2015,BPT,TX,ASW,CE,Towers with Radar,0,5,16,0,21,0,0,17,3,20,0,5,33,3,41,40,0,40,81
07/28/2015,BPT,TX,ASW,CE,Towers with Radar,0,4,17,0,21,0,0,19,0,19,0,4,36,0,40,2,0,2,42
07/29/2015,BPT,TX,ASW,CE,Towers with Radar,1,6,13,0,20,0,4,13,8,25,1,10,26,8,45,42,0,42,87
07/30/2015,BPT,TX,ASW,CE,Towers with Radar,0,4,13,0,17,0,4,16,0,20,0,8,29,0,37,12,0,12,49
07/31/2015,BPT,TX,ASW,CE,Towers with Radar,0,4,12,0,16,0,0,28,5,33,0,4,40,5,49,26,0,26,75
08/01/2015,BPT,TX,ASW,CE,Towers with Radar,0,5,5,0,10,0,1,39,1,41,0,6,44,1,51,8,0,8,59
08/02/2015,BPT,TX,ASW,CE,Towers with Radar,0,5,11,0,16,0,0,8,0,8,0,5,19,0,24,2,0,2,26
08/03/2015,BPT,TX,ASW,CE,Towers with Radar,0,4,10,0,14,0,0,24,2,26,0,4,34,2,40,26,0,26,66
08/04/2015,BPT,TX,ASW,CE,Towers with Radar,0,5,12,0,17,0,0,14,0,14,0,5,26,0,31,20,0,20,51
08/05/2015,BPT,TX,ASW,CE,Towers with Radar,0,4,25,0,29,0,0,20,2,22,0,4,45,2,51,18,0,18,69
08/06/2015,BPT,TX,ASW,CE,Towers with Radar,0,4,13,0,17,0,0,7,0,7,0,4,20,0,24,20,0,20,44
08/07/2015,BPT,TX,ASW,CE,Towers with Radar,0,6,17,0,23,0,0,18,2,20,0,6,35,2,43,2,0,2,45
08/08/2015,BPT,TX,ASW,CE,Towers with Radar,0,4,9,0,13,0,0,16,0,16,0,4,25,0,29,16,0,16,45
08/09/2015,BPT,TX,ASW,CE,Towers with Radar,0,6,16,0,22,0,0,12,0,12,0,6,28,0,34,14,0,14,48
08/10/2015,BPT,TX,ASW,CE,Towers with Radar,0,8,10,0,18,0,0,13,3,16,0,8,23,3,34,40,0,40,74
08/11/2015,BPT,TX,ASW,CE,Towers with Radar,0,4,9,0,13,0,4,22,2,28,0,8,31,2,41,6,0,6,47
08/12/2015,BPT,TX,ASW,CE,Towers with Radar,0,4,13,1,18,0,0,16,4,20,0,4,29,5,38,26,0,26,64
08/13/2015,BPT,TX,ASW,CE,Towers with Radar,0,7,10,1,18,0,0,27,2,29,0,7,37,3,47,20,0,20,67
08/14/2015,BPT,TX,ASW,CE,Towers with Radar,0,5,11,4,20,0,0,14,2,16,0,5,25,6,36,18,0,18,54
08/15/2015,BPT,TX,ASW,CE,Towers with Radar,0,4,10,0,14,0,2,12,1,15,0,6,22,1,29,12,0,12,41
08/16/2015,BPT,TX,ASW,CE,Towers with Radar,0,4,9,0,13,0,0,4,0,4,0,4,13,0,17,0,0,0,17
08/17/2015,BPT,TX,ASW,CE,Towers with Radar,0,4,11,0,15,0,0,12,1,13,0,4,23,1,28,0,0,0,28
08/18/2015,BPT,TX,ASW,CE,Towers with Radar,0,4,23,0,27,0,0,26,0,26,0,4,49,0,53,8,0,8,61
08/19/2015,BPT,TX,ASW,CE,Towers with Radar,0,14,13,0,27,0,0,1,0,1,0,14,14,0,28,22,0,22,50
08/20/2015,BPT,TX,ASW,CE,Towers with Radar,0,5,9,0,14,0,0,6,0,6,0,5,15,0,20,0,0,0,20
08/21/2015,BPT,TX,ASW,CE,Towers with Radar,0,4,17,0,21,0,0,4,0,4,0,4,21,0,25,32,0,32,57
08/22/2015,BPT,TX,ASW,CE,Towers with Radar,0,6,7,0,13,0,0,17,0,17,0,6,24,0,30,4,0,4,34
08/23/2015,BPT,TX,ASW,CE,Towers with Radar,0,6,17,0,23,0,0,11,0,11,0,6,28,0,34,22,0,22,56
08/24/2015,BPT,TX,ASW,CE,Towers with Radar,0,3,13,2,18,0,0,15,0,15,0,3,28,2,33,14,0,14,47
08/25/2015,BPT,TX,ASW,CE,Towers with Radar,0,5,4,0,9,0,0,20,4,24,0,5,24,4,33,14,0,14,47
08/26/2015,BPT,TX,ASW,CE,Towers with Radar,0,4,30,0,34,0,0,23,4,27,0,4,53,4,61,34,0,34,95
08/27/2015,BPT,TX,ASW,CE,Towers with Radar,0,6,24,0,30,0,0,23,0,23,0,6,47,0,53,34,0,34,87
08/28/2015,BPT,TX,ASW,CE,Towers with Radar,0,4,16,2,22,0,0,21,4,25,0,4,37,6,47,18,0,18,65
08/29/2015,BPT,TX,ASW,CE,Towers with Radar,0,6,4,0,10,0,0,17,0,17,0,6,21,0,27,16,0,16,43
08/30/2015,BPT,TX,ASW,CE,Towers with Radar,0,4,17,0,21,0,0,18,0,18,0,4,35,0,39,0,0,0,39
08/31/2015,BPT,TX,ASW,CE,Towers with Radar,0,4,11,0,15,0,0,11,0,11,0,4,22,0,26,0,0,0,26
09/01/2015,BPT,TX,ASW,CE,Towers with Radar,0,9,9,0,18,0,0,13,0,13,0,9,22,0,31,0,0,0,31
09/02/2015,BPT,TX,ASW,CE,Towers with Radar,0,8,17,0,25,0,1,22,2,25,0,9,39,2,50,16,0,16,66
09/03/2015,BPT,TX,ASW,CE,Towers with Radar,0,4,35,0,39,0,0,33,0,33,0,4,68,0,72,0,0,0,72
09/04/2015,BPT,TX,ASW,CE,Towers with Radar,0,4,18,0,22,0,0,15,0,15,0,4,33,0,37,28,0,28,65
09/05/2015,BPT,TX,ASW,CE,Towers with Radar,0,7,5,0,12,0,0,8,0,8,0,7,13,0,20,0,0,0,20
09/06/2015,BPT,TX,ASW,CE,Towers with Radar,0,1,5,0,6,0,1,6,0,7,0,2,11,0,13,20,0,20,33
09/07/2015,BPT,TX,ASW,CE,Towers with Radar,0,4,18,0,22,0,0,20,2,22,0,4,38,2,44,42,0,42,86
09/08/2015,BPT,TX,ASW,CE,Towers with Radar,0,4,13,0,17,0,0,15,2,17,0,4,28,2,34,44,0,44,78
09/09/2015,BPT,TX,ASW,CE,Towers with Radar,0,4,18,0,22,0,0,11,0,11,0,4,29,0,33,0,0,0,33
09/10/2015,BPT,TX,ASW,CE,Towers with Radar,0,11,11,0,22,0,0,12,2,14,0,11,23,2,36,18,0,18,54
09/11/2015,BPT,TX,ASW,CE,Towers with Radar,0,5,13,0,18,0,0,0,0,0,0,5,13,0,18,0,0,0,18
09/12/2015,BPT,TX,ASW,CE,Towers with Radar,0,3,7,0,10,0,0,5,3,8,0,3,12,3,18,0,0,0,18
09/13/2015,BPT,TX,ASW,CE,Towers with Radar,0,6,14,0,20,0,0,19,5,24,0,6,33,5,44,0,0,0,44
09/14/2015,BPT,TX,ASW,CE,Towers with Radar,0,5,24,0,29,0,0,20,2,22,0,5,44,2,51,0,0,0,51
09/15/2015,BPT,TX,ASW,CE,Towers with Radar,0,7,17,0,24,0,1,17,3,21,0,8,34,3,45,2,0,2,47
09/16/2015,BPT,TX,ASW,CE,Towers with Radar,0,7,24,2,33,0,0,21,2,23,0,7,45,4,56,0,0,0,56
09/17/2015,BPT,TX,ASW,CE,Towers with Radar,0,7,4,0,11,0,0,19,2,21,0,7,23,2,32,32,0,32,64
09/18/2015,BPT,TX,ASW,CE,Towers with Radar,0,6,18,0,24,0,0,11,0,11,0,6,29,0,35,66,0,66,101
09/19/2015,BPT,TX,ASW,CE,Towers with Radar,0,5,6,0,11,0,0,8,3,11,0,5,14,3,22,0,0,0,22
09/20/2015,BPT,TX,ASW,CE,Towers with Radar,0,9,18,2,29,0,1,19,0,20,0,10,37,2,49,8,0,8,57
09/21/2015,BPT,TX,ASW,CE,Towers with Radar,0,7,9,2,18,0,0,26,0,26,0,7,35,2,44,34,0,34,78
09/22/2015,BPT,TX,ASW,CE,Towers with Radar,0,10,27,2,39,0,1,18,0,19,0,11,45,2,58,14,0,14,72
09/23/2015,BPT,TX,ASW,CE,Towers with Radar,0,7,17,0,24,0,4,15,2,21,0,11,32,2,45,28,0,28,73
09/24/2015,BPT,TX,ASW,CE,Towers with Radar,0,5,18,0,23,0,3,30,0,33,0,8,48,0,56,0,0,0,56
09/25/2015,BPT,TX,ASW,CE,Towers with Radar,0,7,18,0,25,0,4,11,0,15,0,11,29,0,40,0,0,0,40
09/26/2015,BPT,TX,ASW,CE,Towers with Radar,0,4,5,0,9,0,2,8,0,10,0,6,13,0,19,0,0,0,19
09/27/2015,BPT,TX,ASW,CE,Towers with Radar,0,4,26,0,30,0,0,1,0,1,0,4,27,0,31,0,0,0,31
09/28/2015,BPT,TX,ASW,CE,Towers with Radar,0,5,14,2,21,0,0,5,0,5,0,5,19,2,26,0,0,0,26
09/29/2015,BPT,TX,ASW,CE,Towers with Radar,0,10,14,2,26,0,3,6,0,9,0,13,20,2,35,0,0,0,35
09/30/2015,BPT,TX,ASW,CE,Towers with Radar,0,5,14,4,23,0,1,23,6,30,0,6,37,10,53,12,0,12,65
10/01/2015,BPT,TX,ASW,CE,Towers with Radar,0,5,7,0,12,0,2,24,2,28,0,7,31,2,40,14,0,14,54
10/02/2015,BPT,TX,ASW,CE,Towers with Radar,0,5,6,1,12,0,1,15,3,19,0,6,21,4,31,32,0,32,63
10/03/2015,BPT,TX,ASW,CE,Towers with Radar,0,4,13,2,19,0,0,13,0,13,0,4,26,2,32,0,0,0,32
10/04/2015,BPT,TX,ASW,CE,Towers with Radar,0,6,11,2,19,0,0,14,2,16,0,6,25,4,35,10,0,10,45
10/05/2015,BPT,TX,ASW,CE,Towers with Radar,0,8,16,1,25,0,0,22,2,24,0,8,38,3,49,34,0,34,83
10/06/2015,BPT,TX,ASW,CE,Towers with Radar,0,5,18,0,23,0,0,27,6,33,0,5,45,6,56,12,0,12,68
10/07/2015,BPT,TX,ASW,CE,Towers with Radar,0,5,21,2,28,0,0,15,0,15,0,5,36,2,43,0,0,0,43
10/08/2015,BPT,TX,ASW,CE,Towers with Radar,0,5,22,2,29,0,0,26,0,26,0,5,48,2,55,16,0,16,71
10/09/2015,BPT,TX,ASW,CE,Towers with Radar,0,12,14,0,26,0,0,30,6,36,0,12,44,6,62,4,0,4,66
10/10/2015,BPT,TX,ASW,CE,Towers with Radar,0,13,5,0,18,0,0,21,1,22,0,13,26,1,40,12,0,12,52
10/11/2015,BPT,TX,ASW,CE,Towers with Radar,0,9,10,0,19,0,0,16,0,16,0,9,26,0,35,0,0,0,35
10/12/2015,BPT,TX,ASW,CE,Towers with Radar,0,5,11,0,16,0,0,14,0,14,0,5,25,0,30,0,0,0,30
10/13/2015,BPT,TX,ASW,CE,Towers with Radar,0,5,23,0,28,0,0,14,1,15,0,5,37,1,43,10,0,10,53
10/14/2015,BPT,TX,ASW,CE,Towers with Radar,0,9,29,0,38,0,0,21,6,27,0,9,50,6,65,22,0,22,87
10/15/2015,BPT,TX,ASW,CE,Towers with Radar,0,6,28,2,36,0,0,35,10,45,0,6,63,12,81,20,0,20,101
10/16/2015,BPT,TX,ASW,CE,Towers with Radar,0,10,15,0,25,0,0,19,9,28,0,10,34,9,53,10,0,10,63
10/17/2015,BPT,TX,ASW,CE,Towers with Radar,0,5,10,0,15,0,0,18,0,18,0,5,28,0,33,30,0,30,63
10/18/2015,BPT,TX,ASW,CE,Towers with Radar,0,5,25,1,31,0,0,10,2,12,0,5,35,3,43,12,0,12,55
10/19/2015,BPT,TX,ASW,CE,Towers with Radar,0,5,17,0,22,0,0,26,3,29,0,5,43,3,51,34,0,34,85
10/20/2015,BPT,TX,ASW,CE,Towers with Radar,0,5,27,0,32,0,0,8,0,8,0,5,35,0,40,0,0,0,40
10/21/2015,BPT,TX,ASW,CE,Towers with Radar,0,5,29,0,34,0,3,15,0,18,0,8,44,0,52,8,0,8,60
10/22/2015,BPT,TX,ASW,CE,Towers with Radar,0,5,18,0,23,0,0,3,4,7,0,5,21,4,30,22,0,22,52
10/23/2015,BPT,TX,ASW,CE,Towers with Radar,0,5,26,2,33,0,0,0,1,1,0,5,26,3,34,2,0,2,36
10/24/2015,BPT,TX,ASW,CE,Towers with Radar,0,4,0,0,4,0,0,0,0,0,0,4,0,0,4,2,0,2,6
10/25/2015,BPT,TX,ASW,CE,Towers with Radar,0,7,5,0,12,0,0,0,0,0,0,7,5,0,12,0,0,0,12
10/26/2015,BPT,TX,ASW,CE,Towers with Radar,0,9,13,0,22,0,0,1,0,1,0,9,14,0,23,0,0,0,23
10/27/2015,BPT,TX,ASW,CE,Towers with Radar,0,8,26,0,34,0,0,9,0,9,0,8,35,0,43,14,0,14,57
10/28/2015,BPT,TX,ASW,CE,Towers with Radar,0,6,22,0,28,0,2,38,6,46,0,8,60,6,74,0,0,0,74
10/29/2015,BPT,TX,ASW,CE,Towers with Radar,0,5,18,0,23,0,0,37,12,49,0,5,55,12,72,68,0,68,140
10/30/2015,BPT,TX,ASW,CE,Towers with Radar,0,5,16,0,21,0,0,9,10,19,0,5,25,10,40,34,0,34,74
10/31/2015,BPT,TX,ASW,CE,Towers with Radar,0,2,0,0,2,0,0,0,0,0,0,2,0,0,2,0,0,0,2
11/01/2015,BPT,TX,ASW,CE,Towers with Radar,0,8,5,0,13,0,0,4,13,17,0,8,9,13,30,0,0,0,30
11/02/2015,BPT,TX,ASW,CE,Towers with Radar,0,6,11,0,17,0,0,8,6,14,0,6,19,6,31,34,0,34,65
11/03/2015,BPT,TX,ASW,CE,Towers with Radar,0,8,36,3,47,0,0,6,12,18,0,8,42,15,65,2,4,6,71
11/04/2015,BPT,TX,ASW,CE,Towers with Radar,0,5,36,0,41,0,0,18,0,18,0,5,54,0,59,14,0,14,73
11/05/2015,BPT,TX,ASW,CE,Towers with Radar,0,7,27,0,34,0,0,15,11,26,0,7,42,11,60,22,0,22,82
11/06/2015,BPT,TX,ASW,CE,Towers with Radar,0,4,20,0,24,0,0,4,1,5,0,4,24,1,29,0,0,0,29
11/07/2015,BPT,TX,ASW,CE,Towers with Radar,0,3,7,0,10,0,0,0,0,0,0,3,7,0,10,0,0,0,10
11/08/2015,BPT,TX,ASW,CE,Towers with Radar,0,5,21,1,27,0,0,14,1,15,0,5,35,2,42,16,0,16,58
11/09/2015,BPT,TX,ASW,CE,Towers with Radar,0,5,23,3,31,0,1,23,0,24,0,6,46,3,55,4,0,4,59
11/10/2015,BPT,TX,ASW,CE,Towers with Radar,0,5,26,4,35,0,0,20,0,20,0,5,46,4,55,16,0,16,71
11/11/2015,BPT,TX,ASW,CE,Towers with Radar,0,6,20,0,26,0,0,14,0,14,0,6,34,0,40,0,0,0,40
11/12/2015,BPT,TX,ASW,CE,Towers with Radar,0,7,17,1,25,0,0,17,2,19,0,7,34,3,44,6,0,6,50
11/13/2015,BPT,TX,ASW,CE,Towers with Radar,0,9,27,5,41,0,0,9,1,10,0,9,36,6,51,0,0,0,51
11/14/2015,BPT,TX,ASW,CE,Towers with Radar,0,6,8,0,14,0,0,13,1,14,0,6,21,1,28,0,0,0,28
11/15/2015,BPT,TX,ASW,CE,Towers with Radar,0,7,15,0,22,0,0,12,0,12,0,7,27,0,34,22,0,22,56
11/16/2015,BPT,TX,ASW,CE,Towers with Radar,0,5,8,0,13,0,0,0,3,3,0,5,8,3,16,0,0,0,16
11/17/2015,BPT,TX,ASW,CE,Towers with Radar,0,7,7,0,14,0,0,1,0,1,0,7,8,0,15,0,0,0,15
11/18/2015,BPT,TX,ASW,CE,Towers with Radar,0,5,12,0,17,0,0,21,0,21,0,5,33,0,38,24,0,24,62
11/19/2015,BPT,TX,ASW,CE,Towers with Radar,0,7,25,9,41,0,0,27,5,32,0,7,52,14,73,26,0,26,99
11/20/2015,BPT,TX,ASW,CE,Towers with Radar,0,5,26,0,31,0,0,26,0,26,0,5,52,0,57,16,0,16,73
11/21/2015,BPT,TX,ASW,CE,Towers with Radar,0,4,5,0,9,0,0,0,0,0,0,4,5,0,9,0,0,0,9
11/22/2015,BPT,TX,ASW,CE,Towers with Radar,0,5,26,0,31,0,0,23,0,23,0,5,49,0,54,12,0,12,66
11/23/2015,BPT,TX,ASW,CE,Towers with Radar,0,6,18,0,24,0,0,18,1,19,0,6,36,1,43,22,0,22,65
11/24/2015,BPT,TX,ASW,CE,Towers with Radar,0,9,14,0,23,0,0,16,0,16,0,9,30,0,39,0,0,0,39
11/25/2015,BPT,TX,ASW,CE,Towers with Radar,0,6,21,0,27,0,2,8,3,13,0,8,29,3,40,0,0,0,40
11/26/2015,BPT,TX,ASW,CE,Towers with Radar,0,2,2,0,4,0,1,4,0,5,0,3,6,0,9,0,0,0,9
11/27/2015,BPT,TX,ASW,CE,Towers with Radar,0,4,9,2,15,0,1,0,0,1,0,5,9,2,16,0,0,0,16
11/28/2015,BPT,TX,ASW,CE,Towers with Radar,0,5,10,0,15,0,0,3,0,3,0,5,13,0,18,0,0,0,18
11/29/2015,BPT,TX,ASW,CE,Towers with Radar,0,5,20,0,25,0,0,0,0,0,0,5,20,0,25,0,0,0,25
11/30/2015,BPT,TX,ASW,CE,Towers with Radar,0,4,19,0,23,0,0,2,0,2,0,4,21,0,25,0,0,0,25
12/01/2015,BPT,TX,ASW,CE,Towers with Radar,0,5,26,2,33,0,0,4,0,4,0,5,30,2,37,0,0,0,37
12/02/2015,BPT,TX,ASW,CE,Towers with Radar,0,5,20,0,25,0,0,10,3,13,0,5,30,3,38,26,0,26,64
12/03/2015,BPT,TX,ASW,CE,Towers with Radar,0,7,18,0,25,0,5,13,0,18,0,12,31,0,43,0,0,0,43
12/04/2015,BPT,TX,ASW,CE,Towers with Radar,0,9,18,0,27,0,2,12,0,14,0,11,30,0,41,0,0,0,41
12/05/2015,BPT,TX,ASW,CE,Towers with Radar,0,7,7,0,14,0,0,12,0,12,0,7,19,0,26,6,0,6,32
12/06/2015,BPT,TX,ASW,CE,Towers with Radar,0,6,16,0,22,0,1,14,0,15,0,7,30,0,37,0,0,0,37
12/07/2015,BPT,TX,ASW,CE,Towers with Radar,0,5,12,0,17,0,0,9,0,9,0,5,21,0,26,4,0,4,30
12/08/2015,BPT,TX,ASW,CE,Towers with Radar,0,8,22,3,33,0,0,7,0,7,0,8,29,3,40,8,0,8,48
12/09/2015,BPT,TX,ASW,CE,Towers with Radar,0,5,22,0,27,0,0,10,0,10,0,5,32,0,37,0,0,0,37
12/10/2015,BPT,TX,ASW,CE,Towers with Radar,0,7,19,6,32,0,0,9,0,9,0,7,28,6,41,0,4,4,45
12/11/2015,BPT,TX,ASW,CE,Towers with Radar,0,6,32,1,39,0,0,3,3,6,0,6,35,4,45,2,0,2,47
12/12/2015,BPT,TX,ASW,CE,Towers with Radar,0,4,15,2,21,0,1,2,0,3,0,5,17,2,24,0,0,0,24
12/13/2015,BPT,TX,ASW,CE,Towers with Radar,0,7,8,0,15,0,0,0,0,0,0,7,8,0,15,0,0,0,15
12/14/2015,BPT,TX,ASW,CE,Towers with Radar,0,5,24,0,29,0,1,9,0,10,0,6,33,0,39,0,0,0,39
12/15/2015,BPT,TX,ASW,CE,Towers with Radar,0,6,29,0,35,0,0,8,0,8,0,6,37,0,43,2,0,2,45
12/16/2015,BPT,TX,ASW,CE,Towers with Radar,0,5,11,0,16,0,0,3,0,3,0,5,14,0,19,24,0,24,43
12/17/2015,BPT,TX,ASW,CE,Towers with Radar,0,5,25,5,35,0,0,23,2,25,0,5,48,7,60,6,0,6,66
12/18/2015,BPT,TX,ASW,CE,Towers with Radar,0,7,13,0,20,0,0,14,0,14,0,7,27,0,34,16,0,16,50
12/19/2015,BPT,TX,ASW,CE,Towers with Radar,0,5,18,0,23,0,0,17,0,17,0,5,35,0,40,4,0,4,44
12/20/2015,BPT,TX,ASW,CE,Towers with Radar,0,6,26,0,32,0,0,4,0,4,0,6,30,0,36,0,0,0,36
12/21/2015,BPT,TX,ASW,CE,Towers with Radar,0,5,16,0,21,0,0,0,0,0,0,5,16,0,21,0,0,0,21
12/22/2015,BPT,TX,ASW,CE,Towers with Radar,0,6,11,0,17,0,0,0,0,0,0,6,11,0,17,0,0,0,17
12/23/2015,BPT,TX,ASW,CE,Towers with Radar,0,6,19,0,25,0,0,11,0,11,0,6,30,0,36,6,0,6,42
12/24/2015,BPT,TX,ASW,CE,Towers with Radar,0,4,7,0,11,0,0,0,0,0,0,4,7,0,11,0,0,0,11
12/25/2015,BPT,TX,ASW,CE,Towers with Radar,0,8,2,0,10,0,0,0,0,0,0,8,2,0,10,0,0,0,10
12/26/2015,BPT,TX,ASW,CE,Towers with Radar,0,4,11,0,15,0,0,8,0,8,0,4,19,0,23,0,0,0,23
12/27/2015,BPT,TX,ASW,CE,Towers with Radar,0,7,6,0,13,0,0,0,0,0,0,7,6,0,13,0,0,0,13
12/28/2015,BPT,TX,ASW,CE,Towers with Radar,0,4,13,0,17,0,0,8,0,8,0,4,21,0,25,12,0,12,37
12/29/2015,BPT,TX,ASW,CE,Towers with Radar,0,5,14,0,19,0,0,18,7,25,0,5,32,7,44,24,0,24,68
12/30/2015,BPT,TX,ASW,CE,Towers with Radar,0,5,23,2,30,0,0,10,0,10,0,5,33,2,40,0,0,0,40
12/31/2015,BPT,TX,ASW,CE,Towers with Radar,0,5,9,0,14,0,0,15,2,17,0,5,24,2,31,4,0,4,35
01/01/2016,BPT,TX,ASW,CE,Towers with Radar,0,5,1,0,6,0,0,5,0,5,0,5,6,0,11,0,0,0,11
01/02/2016,BPT,TX,ASW,CE,Towers with Radar,0,5,11,0,16,0,0,11,0,11,0,5,22,0,27,0,0,0,27
01/03/2016,BPT,TX,ASW,CE,Towers with Radar,0,5,21,0,26,0,0,9,2,11,0,5,30,2,37,16,0,16,53
01/04/2016,BPT,TX,ASW,CE,Towers with Radar,0,5,15,0,20,0,0,18,0,18,0,5,33,0,38,8,0,8,46
01/05/2016,BPT,TX,ASW,CE,Towers with Radar,0,4,11,2,17,0,0,23,0,23,0,4,34,2,40,50,0,50,90
01/06/2016,BPT,TX,ASW,CE,Towers with Radar,0,7,18,0,25,0,1,9,1,11,0,8,27,1,36,20,0,20,56
01/07/2016,BPT,TX,ASW,CE,Towers with Radar,0,6,23,0,29,0,1,46,6,53,0,7,69,6,82,0,0,0,82
01/08/2016,BPT,TX,ASW,CE,Towers with Radar,0,1,13,0,14,0,0,2,0,2,0,1,15,0,16,0,0,0,16
01/09/2016,BPT,TX,ASW,CE,Towers with Radar,0,4,7,0,11,0,0,7,0,7,0,4,14,0,18,12,0,12,30
01/10/2016,BPT,TX,ASW,CE,Towers with Radar,0,6,17,0,23,0,0,9,0,9,0,6,26,0,32,6,0,6,38
01/11/2016,BPT,TX,ASW,CE,Towers with Radar,0,6,20,0,26,0,0,22,0,22,0,6,42,0,48,54,0,54,102
01/12/2016,BPT,TX,ASW,CE,Towers with Radar,0,4,11,0,15,0,0,17,4,21,0,4,28,4,36,26,0,26,62
01/13/2016,BPT,TX,ASW,CE,Towers with Radar,0,8,25,4,37,0,0,25,3,28,0,8,50,7,65,46,0,46,111
01/14/2016,BPT,TX,ASW,CE,Towers with Radar,0,7,29,0,36,0,0,6,2,8,0,7,35,2,44,0,0,0,44
01/15/2016,BPT,TX,ASW,CE,Towers with Radar,0,8,28,0,36,0,1,22,0,23,0,9,50,0,59,26,0,26,85
01/16/2016,BPT,TX,ASW,CE,Towers with Radar,0,4,9,0,13,0,0,10,0,10,0,4,19,0,23,0,0,0,23
01/17/2016,BPT,TX,ASW,CE,Towers with Radar,0,6,17,0,23,0,0,19,0,19,0,6,36,0,42,4,0,4,46
01/18/2016,BPT,TX,ASW,CE,Towers with Radar,0,6,25,1,32,0,0,24,0,24,0,6,49,1,56,32,0,32,88
01/19/2016,BPT,TX,ASW,CE,Towers with Radar,0,7,16,0,23,0,0,21,2,23,0,7,37,2,46,2,0,2,48
01/20/2016,BPT,TX,ASW,CE,Towers with Radar,0,6,23,0,29,0,0,4,1,5,0,6,27,1,34,0,0,0,34
01/21/2016,BPT,TX,ASW,CE,Towers with Radar,0,8,7,0,15,0,0,4,6,10,0,8,11,6,25,14,0,14,39
01/22/2016,BPT,TX,ASW,CE,Towers with Radar,0,6,16,5,27,0,0,18,2,20,0,6,34,7,47,8,0,8,55
01/23/2016,BPT,TX,ASW,CE,Towers with Radar,0,4,15,0,19,0,0,19,3,22,0,4,34,3,41,50,0,50,91
01/24/2016,BPT,TX,ASW,CE,Towers with Radar,0,8,8,0,16,0,0,18,3,21,0,8,26,3,37,0,0,0,37
01/25/2016,BPT,TX,ASW,CE,Towers with Radar,0,7,25,0,32,0,0,11,0,11,0,7,36,0,43,10,0,10,53
01/26/2016,BPT,TX,ASW,CE,Towers with Radar,0,4,22,0,26,0,0,0,0,0,0,4,22,0,26,0,0,0,26
01/27/2016,BPT,TX,ASW,CE,Towers with Radar,0,8,16,0,24,0,0,20,0,20,0,8,36,0,44,14,0,14,58
01/28/2016,BPT,TX,ASW,CE,Towers with Radar,0,6,21,0,27,0,1,13,5,19,0,7,34,5,46,0,0,0,46
01/29/2016,BPT,TX,ASW,CE,Towers with Radar,0,6,21,0,27,0,0,31,0,31,0,6,52,0,58,0,0,0,58
01/30/2016,BPT,TX,ASW,CE,Towers with Radar,0,4,9,0,13,0,0,9,0,9,0,4,18,0,22,4,0,4,26
01/31/2016,BPT,TX,ASW,CE,Towers with Radar,0,8,23,0,31,0,0,5,0,5,0,8,28,0,36,0,0,0,36
02/01/2016,BPT,TX,ASW,CE,Towers with Radar,0,7,10,2,19,0,0,0,0,0,0,7,10,2,19,0,0,0,19
02/02/2016,BPT,TX,ASW,CE,Towers with Radar,0,3,9,0,12,0,0,1,0,1,0,3,10,0,13,0,0,0,13
02/03/2016,BPT,TX,ASW,CE,Towers with Radar,0,8,24,0,32,0,0,13,0,13,0,8,37,0,45,8,0,8,53
02/04/2016,BPT,TX,ASW,CE,Towers with Radar,0,6,13,2,21,0,0,23,2,25,0,6,36,4,46,0,0,0,46
02/05/2016,BPT,TX,ASW,CE,Towers with Radar,0,6,19,0,25,0,0,28,5,33,0,6,47,5,58,50,0,50,108
02/06/2016,BPT,TX,ASW,CE,Towers with Radar,0,3,5,1,9,0,0,8,1,9,0,3,13,2,18,0,0,0,18
02/07/2016,BPT,TX,ASW,CE,Towers with Radar,0,6,10,0,16,0,0,23,0,23,0,6,33,0,39,10,0,10,49
02/08/2016,BPT,TX,ASW,CE,Towers with Radar,0,6,14,2,22,0,1,17,2,20,0,7,31,4,42,0,0,0,42
02/09/2016,BPT,TX,ASW,CE,Towers with Radar,0,4,19,2,25,0,0,15,2,17,0,4,34,4,42,2,0,2,44
02/10/2016,BPT,TX,ASW,CE,Towers with Radar,0,6,12,1,19,0,4,17,1,22,0,10,29,2,41,14,0,14,55
02/11/2016,BPT,TX,ASW,CE,Towers with Radar,0,6,17,4,27,0,0,6,5,11,0,6,23,9,38,2,1,3,41
02/12/2016,BPT,TX,ASW,CE,Towers with Radar,0,6,10,0,16,0,0,4,10,14,0,6,14,10,30,2,0,2,32
02/13/2016,BPT,TX,ASW,CE,Towers with Radar,0,5,9,2,16,0,0,7,6,13,0,5,16,8,29,6,0,6,35
02/14/2016,BPT,TX,ASW,CE,Towers with Radar,0,6,17,0,23,0,0,3,1,4,0,6,20,1,27,0,0,0,27
02/15/2016,BPT,TX,ASW,CE,Towers with Radar,0,7,6,0,13,0,0,2,0,2,0,7,8,0,15,0,0,0,15
02/16/2016,BPT,TX,ASW,CE,Towers with Radar,0,5,11,3,19,0,3,20,1,24,0,8,31,4,43,6,2,8,51
02/17/2016,BPT,TX,ASW,CE,Towers with Radar,0,5,23,4,32,0,0,28,0,28,0,5,51,4,60,26,0,26,86
02/18/2016,BPT,TX,ASW,CE,Towers with Radar,0,5,14,1,20,0,2,13,2,17,0,7,27,3,37,11,0,11,48
02/19/2016,BPT,TX,ASW,CE,Towers with Radar,0,7,18,5,30,0,0,13,0,13,0,7,31,5,43,18,0,18,61
02/20/2016,BPT,TX,ASW,CE,Towers with Radar,0,4,15,0,19,0,2,7,2,11,0,6,22,2,30,0,0,0,30
02/21/2016,BPT,TX,ASW,CE,Towers with Radar,0,4,16,0,20,0,0,2,0,2,0,4,18,0,22,0,0,0,22
02/22/2016,BPT,TX,ASW,CE,Towers with Radar,0,6,19,0,25,0,0,0,0,0,0,6,19,0,25,0,0,0,25
02/23/2016,BPT,TX,ASW,CE,Towers with Radar,0,4,4,0,8,0,0,3,0,3,0,4,7,0,11,0,0,0,11
02/24/2016,BPT,TX,ASW,CE,Towers with Radar,0,4,17,0,21,0,2,14,0,16,0,6,31,0,37,6,0,6,43
02/25/2016,BPT,TX,ASW,CE,Towers with Radar,0,4,19,0,23,0,4,27,0,31,0,8,46,0,54,0,0,0,54
02/26/2016,BPT,TX,ASW,CE,Towers with Radar,0,8,12,0,20,0,0,25,0,25,0,8,37,0,45,36,0,36,81
02/27/2016,BPT,TX,ASW,CE,Towers with Radar,0,4,3,1,8,0,0,24,1,25,0,4,27,2,33,14,0,14,47
02/28/2016,BPT,TX,ASW,CE,Towers with Radar,0,4,23,0,27,0,1,18,0,19,0,5,41,0,46,12,0,12,58
02/29/2016,BPT,TX,ASW,CE,Towers with Radar,0,4,12,2,18,0,2,7,0,9,0,6,19,2,27,12,0,12,39
03/01/2016,BPT,TX,ASW,CE,Towers with Radar,0,6,15,2,23,0,0,4,2,6,0,6,19,4,29,14,0,14,43
03/02/2016,BPT,TX,ASW,CE,Towers with Radar,0,6,20,3,29,0,0,5,1,6,0,6,25,4,35,4,0,4,39
03/03/2016,BPT,TX,ASW,CE,Towers with Radar,0,9,26,0,35,0,0,9,0,9,0,9,35,0,44,8,0,8,52
03/04/2016,BPT,TX,ASW,CE,Towers with Radar,0,4,16,0,20,0,0,17,1,18,0,4,33,1,38,20,0,20,58
03/05/2016,BPT,TX,ASW,CE,Towers with Radar,0,4,9,1,14,0,0,11,2,13,0,4,20,3,27,8,0,8,35
03/06/2016,BPT,TX,ASW,CE,Towers with Radar,0,4,13,0,17,0,1,15,0,16,0,5,28,0,33,16,0,16,49
03/07/2016,BPT,TX,ASW,CE,Towers with Radar,0,5,20,2,27,0,0,5,0,5,0,5,25,2,32,6,0,6,38
03/08/2016,BPT,TX,ASW,CE,Towers with Radar,0,5,6,0,11,0,0,2,0,2,0,5,8,0,13,0,0,0,13
03/09/2016,BPT,TX,ASW,CE,Towers with Radar,0,2,3,0,5,0,0,0,0,0,0,2,3,0,5,0,0,0,5
03/10/2016,BPT,TX,ASW,CE,Towers with Radar,0,7,7,0,14,0,1,0,2,3,0,8,7,2,17,0,0,0,17
03/11/2016,BPT,TX,ASW,CE,Towers with Radar,0,3,17,0,20,0,0,14,2,16,0,3,31,2,36,0,0,0,36
03/12/2016,BPT,TX,ASW,CE,Towers with Radar,0,4,12,0,16,0,0,14,0,14,0,4,26,0,30,8,0,8,38
03/13/2016,BPT,TX,ASW,CE,Towers with Radar,0,6,15,0,21,0,0,7,4,11,0,6,22,4,32,0,0,0,32
03/14/2016,BPT,TX,ASW,CE,Towers with Radar,0,3,9,1,13,0,1,21,7,29,0,4,30,8,42,8,0,8,50
03/15/2016,BPT,TX,ASW,CE,Towers with Radar,0,4,18,0,22,0,1,13,9,23,0,5,31,9,45,0,0,0,45
03/16/2016,BPT,TX,ASW,CE,Towers with Radar,0,4,30,0,34,0,2,23,9,34,0,6,53,9,68,6,0,6,74
03/17/2016,BPT,TX,ASW,CE,Towers with Radar,0,6,20,2,28,0,2,5,0,7,0,8,25,2,35,0,0,0,35
03/18/2016,BPT,TX,ASW,CE,Towers with Radar,0,6,18,0,24,0,0,2,0,2,0,6,20,0,26,10,0,10,36
03/19/2016,BPT,TX,ASW,CE,Towers with Radar,0,4,7,0,11,0,0,12,0,12,0,4,19,0,23,0,0,0,23
03/20/2016,BPT,TX,ASW,CE,Towers with Radar,0,4,23,0,27,0,0,19,2,21,0,4,42,2,48,0,0,0,48
03/21/2016,BPT,TX,ASW,CE,Towers with Radar,0,4,18,0,22,0,2,25,0,27,0,6,43,0,49,34,0,34,83
03/22/2016,BPT,TX,ASW,CE,Towers with Radar,0,6,25,3,34,0,0,17,2,19,0,6,42,5,53,10,0,10,63
03/23/2016,BPT,TX,ASW,CE,Towers with Radar,0,4,27,0,31,2,2,3,2,9,2,6,30,2,40,30,0,30,70
03/24/2016,BPT,TX,ASW,CE,Towers with Radar,0,4,13,0,17,0,0,13,2,15,0,4,26,2,32,4,0,4,36
03/25/2016,BPT,TX,ASW,CE,Towers with Radar,0,4,10,0,14,0,0,24,0,24,0,4,34,0,38,0,0,0,38
03/26/2016,BPT,TX,ASW,CE,Towers with Radar,0,4,4,4,12,0,2,13,0,15,0,6,17,4,27,18,0,18,45
03/27/2016,BPT,TX,ASW,CE,Towers with Radar,0,7,10,0,17,0,0,2,0,2,0,7,12,0,19,0,0,0,19
03/28/2016,BPT,TX,ASW,CE,Towers with Radar,0,6,15,0,21,0,4,28,2,34,0,10,43,2,55,6,0,6,61
03/29/2016,BPT,TX,ASW,CE,Towers with Radar,0,7,22,0,29,0,0,4,0,4,0,7,26,0,33,10,0,10,43
03/30/2016,BPT,TX,ASW,CE,Towers with Radar,0,5,20,0,25,0,0,2,0,2,0,5,22,0,27,0,0,0,27
03/31/2016,BPT,TX,ASW,CE,Towers with Radar,0,12,14,0,26,0,0,3,4,7,0,12,17,4,33,0,0,0,33
04/01/2016,BPT,TX,ASW,CE,Towers with Radar,0,5,18,0,23,0,0,4,0,4,0,5,22,0,27,0,0,0,27
04/02/2016,BPT,TX,ASW,CE,Towers with Radar,0,4,6,0,10,0,0,14,0,14,0,4,20,0,24,50,0,50,74
04/03/2016,BPT,TX,ASW,CE,Towers with Radar,0,4,27,0,31,0,1,12,0,13,0,5,39,0,44,72,0,72,116
04/04/2016,BPT,TX,ASW,CE,Towers with Radar,0,4,7,0,11,0,0,20,2,22,0,4,27,2,33,42,0,42,75
04/05/2016,BPT,TX,ASW,CE,Towers with Radar,0,4,11,0,15,0,2,28,0,30,0,6,39,0,45,38,0,38,83
04/06/2016,BPT,TX,ASW,CE,Towers with Radar,0,4,13,2,19,0,0,13,0,13,0,4,26,2,32,2,0,2,34
04/07/2016,BPT,TX,ASW,CE,Towers with Radar,0,4,22,0,26,0,0,10,0,10,0,4,32,0,36,8,0,8,44
04/08/2016,BPT,TX,ASW,CE,Towers with Radar,0,5,17,0,22,0,1,13,0,14,0,6,30,0,36,6,0,6,42
04/09/2016,BPT,TX,ASW,CE,Towers with Radar,0,5,8,0,13,0,2,10,0,12,0,7,18,0,25,4,0,4,29
04/10/2016,BPT,TX,ASW,CE,Towers with Radar,0,6,11,0,17,0,0,8,0,8,0,6,19,0,25,8,0,8,33
04/11/2016,BPT,TX,ASW,CE,Towers with Radar,0,3,13,0,16,0,0,3,0,3,0,3,16,0,19,18,0,18,37
04/12/2016,BPT,TX,ASW,CE,Towers with Radar,0,4,9,0,13,0,1,10,0,11,0,5,19,0,24,16,0,16,40
04/13/2016,BPT,TX,ASW,CE,Towers with Radar,0,5,20,0,25,0,0,6,0,6,0,5,26,0,31,14,0,14,45
04/14/2016,BPT,TX,ASW,CE,Towers with Radar,0,4,22,0,26,0,0,20,0,20,0,4,42,0,46,40,0,40,86
04/15/2016,BPT,TX,ASW,CE,Towers with Radar,0,4,17,2,23,0,0,18,0,18,0,4,35,2,41,10,0,10,51
04/16/2016,BPT,TX,ASW,CE,Towers with Radar,0,5,12,0,17,0,2,5,0,7,0,7,17,0,24,8,0,8,32
04/17/2016,BPT,TX,ASW,CE,Towers with Radar,0,5,13,0,18,0,0,0,0,0,0,5,13,0,18,0,0,0,18
04/18/2016,BPT,TX,ASW,CE,Towers with Radar,0,4,6,0,10,0,0,1,0,1,0,4,7,0,11,0,0,0,11
04/19/2016,BPT,TX,ASW,CE,Towers with Radar,0,4,11,0,15,0,0,11,4,15,0,4,22,4,30,0,0,0,30
04/20/2016,BPT,TX,ASW,CE,Towers with Radar,0,6,17,0,23,0,0,5,0,5,0,6,22,0,28,0,0,0,28
04/21/2016,BPT,TX,ASW,CE,Towers with Radar,0,6,10,0,16,0,0,4,0,4,0,6,14,0,20,2,0,2,22
04/22/2016,BPT,TX,ASW,CE,Towers with Radar,0,9,19,0,28,0,1,28,0,29,0,10,47,0,57,12,0,12,69
04/23/2016,BPT,TX,ASW,CE,Towers with Radar,0,4,16,0,20,0,0,26,0,26,0,4,42,0,46,0,0,0,46
04/24/2016,BPT,TX,ASW,CE,Towers with Radar,0,5,20,0,25,0,0,9,0,9,0,5,29,0,34,0,0,0,34
04/25/2016,BPT,TX,ASW,CE,Towers with Radar,0,5,41,0,46,0,0,12,1,13,0,5,53,1,59,0,0,0,59
04/26/2016,BPT,TX,ASW,CE,Towers with Radar,0,6,31,0,37,0,1,14,0,15,0,7,45,0,52,0,0,0,52
04/27/2016,BPT,TX,ASW,CE,Towers with Radar,0,6,22,2,30,0,0,11,0,11,0,6,33,2,41,6,0,6,47
04/28/2016,BPT,TX,ASW,CE,Towers with Radar,0,8,15,5,28,0,0,11,1,12,0,8,26,6,40,0,0,0,40
04/29/2016,BPT,TX,ASW,CE,Towers with Radar,0,6,24,5,35,0,0,11,4,15,0,6,35,9,50,20,0,20,70
04/30/2016,BPT,TX,ASW,CE,Towers with Radar,0,4,7,0,11,0,0,2,0,2,0,4,9,0,13,10,0,10,23
05/01/2016,BPT,TX,ASW,CE,Towers with Radar,0,6,12,0,18,0,0,1,0,1,0,6,13,0,19,0,0,0,19
05/02/2016,BPT,TX,ASW,CE,Towers with Radar,0,4,13,0,17,0,0,6,2,8,0,4,19,2,25,0,0,0,25
05/03/2016,BPT,TX,ASW,CE,Towers with Radar,0,4,21,0,25,0,2,30,2,34,0,6,51,2,59,20,0,20,79
05/04/2016,BPT,TX,ASW,CE,Towers with Radar,0,4,20,0,24,0,0,20,2,22,0,4,40,2,46,18,0,18,64
05/05/2016,BPT,TX,ASW,CE,Towers with Radar,0,6,34,0,40,0,2,23,6,31,0,8,57,6,71,44,0,44,115
05/06/2016,BPT,TX,ASW,CE,Towers with Radar,0,5,15,0,20,0,0,25,0,25,0,5,40,0,45,8,0,8,53
05/07/2016,BPT,TX,ASW,CE,Towers with Radar,0,5,8,0,13,0,1,15,0,16,0,6,23,0,29,6,0,6,35
05/08/2016,BPT,TX,ASW,CE,Towers with Radar,0,4,14,0,18,0,0,3,0,3,0,4,17,0,21,0,0,0,21
05/09/2016,BPT,TX,ASW,CE,Towers with Radar,0,4,18,1,23,0,0,5,4,9,0,4,23,5,32,0,0,0,32
05/10/2016,BPT,TX,ASW,CE,Towers with Radar,0,4,30,0,34,0,0,5,1,6,0,4,35,1,40,6,0,6,46
05/11/2016,BPT,TX,ASW,CE,Towers with Radar,0,5,20,0,25,0,0,15,2,17,0,5,35,2,42,6,0,6,48
05/12/2016,BPT,TX,ASW,CE,Towers with Radar,0,6,31,5,42,0,3,16,0,19,0,9,47,5,61,14,0,14,75
05/13/2016,BPT,TX,ASW,CE,Towers with Radar,0,4,16,2,22,0,0,20,2,22,0,4,36,4,44,20,0,20,64
05/14/2016,BPT,TX,ASW,CE,Towers with Radar,0,3,12,0,15,0,0,5,0,5,0,3,17,0,20,6,0,6,26
05/15/2016,BPT,TX,ASW,CE,Towers with Radar,0,6,21,0,27,0,0,4,0,4,0,6,25,0,31,2,0,2,33
05/16/2016,BPT,TX,ASW,CE,Towers with Radar,0,4,9,0,13,0,1,2,0,3,0,5,11,0,16,0,0,0,16
05/17/2016,BPT,TX,ASW,CE,Towers with Radar,0,4,19,0,23,0,0,8,2,10,0,4,27,2,33,6,0,6,39
05/18/2016,BPT,TX,ASW,CE,Towers with Radar,0,5,19,0,24,0,0,7,0,7,0,5,26,0,31,14,0,14,45
05/19/2016,BPT,TX,ASW,CE,Towers with Radar,0,5,16,0,21,0,1,1,0,2,0,6,17,0,23,0,0,0,23
05/20/2016,BPT,TX,ASW,CE,Towers with Radar,0,5,20,7,32,0,0,8,2,10,0,5,28,9,42,12,0,12,54
05/21/2016,BPT,TX,ASW,CE,Towers with Radar,0,6,3,0,9,0,0,12,0,12,0,6,15,0,21,0,0,0,21
05/22/2016,BPT,TX,ASW,CE,Towers with Radar,0,7,15,0,22,0,0,3,0,3,0,7,18,0,25,0,0,0,25
05/23/2016,BPT,TX,ASW,CE,Towers with Radar,0,4,12,0,16,0,0,10,2,12,0,4,22,2,28,6,0,6,34
05/24/2016,BPT,TX,ASW,CE,Towers with Radar,0,3,7,0,10,0,0,10,2,12,0,3,17,2,22,12,0,12,34
05/25/2016,BPT,TX,ASW,CE,Towers with Radar,0,4,19,2,25,0,2,24,2,28,0,6,43,4,53,14,0,14,67
05/26/2016,BPT,TX,ASW,CE,Towers with Radar,0,3,17,0,20,0,2,9,0,11,0,5,26,0,31,0,0,0,31
05/27/2016,BPT,TX,ASW,CE,Towers with Radar,0,10,14,2,26,0,0,1,0,1,0,10,15,2,27,0,0,0,27
05/28/2016,BPT,TX,ASW,CE,Towers with Radar,0,6,4,0,10,0,0,18,0,18,0,6,22,0,28,0,0,0,28
05/29/2016,BPT,TX,ASW,CE,Towers with Radar,0,4,6,1,11,0,0,9,3,12,0,4,15,4,23,0,0,0,23
05/30/2016,BPT,TX,ASW,CE,Towers with Radar,0,4,15,0,19,0,0,5,0,5,0,4,20,0,24,0,0,0,24
05/31/2016,BPT,TX,ASW,CE,Towers with Radar,0,3,14,0,17,0,0,14,2,16,0,3,28,2,33,0,0,0,33
06/01/2016,BPT,TX,ASW,CE,Towers with Radar,0,4,15,0,19,0,1,6,0,7,0,5,21,0,26,0,0,0,26
06/02/2016,BPT,TX,ASW,CE,Towers with Radar,0,2,12,0,14,0,0,2,0,2,0,2,14,0,16,0,0,0,16
06/03/2016,BPT,TX,ASW,CE,Towers with Radar,0,4,8,0,12,0,0,4,0,4,0,4,12,0,16,13,0,13,29
06/04/2016,BPT,TX,ASW,CE,Towers with Radar,0,3,2,0,5,0,0,0,0,0,0,3,2,0,5,0,0,0,5
06/05/2016,BPT,TX,ASW,CE,Towers with Radar,0,6,12,0,18,0,0,3,0,3,0,6,15,0,21,0,0,0,21
06/06/2016,BPT,TX,ASW,CE,Towers with Radar,0,5,14,0,19,0,0,16,0,16,0,5,30,0,35,22,0,22,57
06/07/2016,BPT,TX,ASW,CE,Towers with Radar,0,5,13,0,18,0,2,15,4,21,0,7,28,4,39,10,0,10,49
06/08/2016,BPT,TX,ASW,CE,Towers with Radar,0,4,14,0,18,0,0,26,2,28,0,4,40,2,46,18,0,18,64
06/09/2016,BPT,TX,ASW,CE,Towers with Radar,0,7,19,0,26,0,0,30,0,30,0,7,49,0,56,0,0,0,56
06/10/2016,BPT,TX,ASW,CE,Towers with Radar,0,7,16,0,23,0,0,18,0,18,0,7,34,0,41,14,0,14,55
06/11/2016,BPT,TX,ASW,CE,Towers with Radar,0,3,5,0,8,0,0,14,0,14,0,3,19,0,22,12,0,12,34
06/12/2016,BPT,TX,ASW,CE,Towers with Radar,0,3,13,0,16,0,0,8,0,8,0,3,21,0,24,14,0,14,38
06/13/2016,BPT,TX,ASW,CE,Towers with Radar,0,3,18,0,21,0,0,8,0,8,0,3,26,0,29,24,0,24,53
06/14/2016,BPT,TX,ASW,CE,Towers with Radar,0,3,25,2,30,0,0,16,0,16,0,3,41,2,46,14,0,14,60
06/15/2016,BPT,TX,ASW,CE,Towers with Radar,0,7,24,0,31,0,0,15,2,17,0,7,39,2,48,16,0,16,64
06/16/2016,BPT,TX,ASW,CE,Towers with Radar,0,4,21,0,25,0,0,26,0,26,0,4,47,0,51,10,0,10,61
06/17/2016,BPT,TX,ASW,CE,Towers with Radar,0,5,11,6,22,0,2,11,2,15,0,7,22,8,37,20,0,20,57
06/18/2016,BPT,TX,ASW,CE,Towers with Radar,0,8,10,0,18,0,0,10,0,10,0,8,20,0,28,6,0,6,34
06/19/2016,BPT,TX,ASW,CE,Towers with Radar,0,7,9,0,16,0,0,6,0,6,0,7,15,0,22,4,0,4,26
06/20/2016,BPT,TX,ASW,CE,Towers with Radar,0,4,15,0,19,0,0,14,0,14,0,4,29,0,33,8,0,8,41
06/21/2016,BPT,TX,ASW,CE,Towers with Radar,0,4,9,0,13,0,0,11,0,11,0,4,20,0,24,6,0,6,30
06/22/2016,BPT,TX,ASW,CE,Towers with Radar,0,3,19,0,22,0,0,18,2,20,0,3,37,2,42,24,0,24,66
06/23/2016,BPT,TX,ASW,CE,Towers with Radar,0,4,15,0,19,0,0,18,2,20,0,4,33,2,39,4,0,4,43
06/24/2016,BPT,TX,ASW,CE,Towers with Radar,0,3,15,2,20,0,0,12,2,14,0,3,27,4,34,0,0,0,34
06/25/2016,BPT,TX,ASW,CE,Towers with Radar,0,4,10,0,14,0,1,22,0,23,0,5,32,0,37,36,0,36,73
06/26/2016,BPT,TX,ASW,CE,Towers with Radar,0,4,13,0,17,0,1,6,2,9,0,5,19,2,26,0,0,0,26
06/27/2016,BPT,TX,ASW,CE,Towers with Radar,0,5,10,0,15,0,2,14,3,19,0,7,24,3,34,0,0,0,34
06/28/2016,BPT,TX,ASW,CE,Towers with Radar,0,8,18,3,29,0,0,5,1,6,0,8,23,4,35,0,0,0,35
06/29/2016,BPT,TX,ASW,CE,Towers with Radar,0,4,16,0,20,0,2,16,2,20,0,6,32,2,40,10,0,10,50
06/30/2016,BPT,TX,ASW,CE,Towers with Radar,0,3,13,4,20,0,4,10,2,16,0,7,23,6,36,15,0,15,51
07/01/2016,BPT,TX,ASW,CE,Towers with Radar,0,8,17,0,25,0,0,9,2,11,0,8,26,2,36,19,0,19,55
07/02/2016,BPT,TX,ASW,CE,Towers with Radar,0,5,3,0,8,0,0,0,0,0,0,5,3,0,8,0,0,0,8
07/03/2016,BPT,TX,ASW,CE,Towers with Radar,0,4,1,0,5,0,2,5,0,7,0,6,6,0,12,0,0,0,12
07/04/2016,BPT,TX,ASW,CE,Towers with Radar,0,5,12,0,17,0,1,8,0,9,0,6,20,0,26,0,0,0,26
07/05/2016,BPT,TX,ASW,CE,Towers with Radar,0,5,9,0,14,0,0,14,0,14,0,5,23,0,28,8,0,8,36
07/06/2016,BPT,TX,ASW,CE,Towers with Radar,0,11,22,0,33,0,0,16,0,16,0,11,38,0,49,12,0,12,61
07/07/2016,BPT,TX,ASW,CE,Towers with Radar,0,4,12,2,18,0,1,14,0,15,0,5,26,2,33,20,0,20,53
07/08/2016,BPT,TX,ASW,CE,Towers with Radar,0,6,16,0,22,0,0,6,4,10,0,6,22,4,32,0,0,0,32
07/09/2016,BPT,TX,ASW,CE,Towers with Radar,0,7,10,0,17,0,2,12,0,14,0,9,22,0,31,0,0,0,31
07/10/2016,BPT,TX,ASW,CE,Towers with Radar,0,4,17,0,21,0,0,0,2,2,0,4,17,2,23,4,0,4,27
07/11/2016,BPT,TX,ASW,CE,Towers with Radar,0,4,11,0,15,0,0,13,4,17,0,4,24,4,32,14,0,14,46
07/12/2016,BPT,TX,ASW,CE,Towers with Radar,0,6,16,3,25,0,0,10,1,11,0,6,26,4,36,40,0,40,76
07/13/2016,BPT,TX,ASW,CE,Towers with Radar,0,4,12,0,16,0,0,9,2,11,0,4,21,2,27,14,0,14,41
07/14/2016,BPT,TX,ASW,CE,Towers with Radar,0,3,15,0,18,0,0,10,0,10,0,3,25,0,28,2,0,2,30
07/15/2016,BPT,TX,ASW,CE,Towers with Radar,0,7,8,0,15,0,0,16,2,18,0,7,24,2,33,0,0,0,33
07/16/2016,BPT,TX,ASW,CE,Towers with Radar,0,5,5,0,10,0,0,7,2,9,0,5,12,2,19,0,0,0,19
07/17/2016,BPT,TX,ASW,CE,Towers with Radar,0,5,13,0,18,0,0,9,0,9,0,5,22,0,27,0,0,0,27
07/18/2016,BPT,TX,ASW,CE,Towers with Radar,0,6,11,0,17,0,0,10,0,10,0,6,21,0,27,0,0,0,27
07/19/2016,BPT,TX,ASW,CE,Towers with Radar,0,4,12,0,16,0,1,13,0,14,0,5,25,0,30,0,0,0,30
07/20/2016,BPT,TX,ASW,CE,Towers with Radar,0,7,19,0,26,0,0,24,0,24,0,7,43,0,50,2,0,2,52
07/21/2016,BPT,TX,ASW,CE,Towers with Radar,0,5,12,0,17,0,2,19,2,23,0,7,31,2,40,4,0,4,44
07/22/2016,BPT,TX,ASW,CE,Towers with Radar,0,4,12,0,16,0,0,14,2,16,0,4,26,2,32,0,0,0,32
07/23/2016,BPT,TX,ASW,CE,Towers with Radar,0,4,24,0,28,0,1,17,0,18,0,5,41,0,46,10,0,10,56
07/24/2016,BPT,TX,ASW,CE,Towers with Radar,0,8,17,0,25,0,0,15,0,15,0,8,32,0,40,40,0,40,80
07/25/2016,BPT,TX,ASW,CE,Towers with Radar,0,7,6,0,13,0,0,5,0,5,0,7,11,0,18,0,0,0,18
07/26/2016,BPT,TX,ASW,CE,Towers with Radar,0,3,15,0,18,0,0,9,0,9,0,3,24,0,27,0,0,0,27
07/27/2016,BPT,TX,ASW,CE,Towers with Radar,0,3,14,0,17,0,2,2,0,4,0,5,16,0,21,0,0,0,21
07/28/2016,BPT,TX,ASW,CE,Towers with Radar,0,4,19,0,23,0,3,16,1,20,0,7,35,1,43,0,0,0,43
07/29/2016,BPT,TX,ASW,CE,Towers with Radar,0,4,22,0,26,0,0,12,0,12,0,4,34,0,38,12,0,12,50
07/30/2016,BPT,TX,ASW,CE,Towers with Radar,0,6,7,0,13,0,0,7,0,7,0,6,14,0,20,8,0,8,28
07/31/2016,BPT,TX,ASW,CE,Towers with Radar,0,4,13,0,17,0,0,14,0,14,0,4,27,0,31,6,0,6,37
08/01/2016,BPT,TX,ASW,CE,Towers with Radar,0,4,13,2,19,0,0,17,3,20,0,4,30,5,39,22,0,22,61
08/02/2016,BPT,TX,ASW,CE,Towers with Radar,0,5,21,0,26,0,4,20,0,24,0,9,41,0,50,36,0,36,86
08/03/2016,BPT,TX,ASW,CE,Towers with Radar,0,8,25,0,33,0,0,27,2,29,0,8,52,2,62,14,0,14,76
08/04/2016,BPT,TX,ASW,CE,Towers with Radar,0,5,19,0,24,0,0,21,0,21,0,5,40,0,45,30,0,30,75
08/05/2016,BPT,TX,ASW,CE,Towers with Radar,0,4,11,0,15,0,0,7,2,9,0,4,18,2,24,0,0,0,24
08/06/2016,BPT,TX,ASW,CE,Towers with Radar,0,5,5,0,10,0,0,13,0,13,0,5,18,0,23,0,0,0,23
08/07/2016,BPT,TX,ASW,CE,Towers with Radar,0,3,14,0,17,0,2,10,0,12,0,5,24,0,29,8,0,8,37
08/08/2016,BPT,TX,ASW,CE,Towers with Radar,0,4,10,0,14,0,0,6,0,6,0,4,16,0,20,0,0,0,20
08/09/2016,BPT,TX,ASW,CE,Towers with Radar,0,3,9,0,12,0,0,15,2,17,0,3,24,2,29,6,0,6,35
08/10/2016,BPT,TX,ASW,CE,Towers with Radar,0,4,24,0,28,0,0,10,0,10,0,4,34,0,38,0,0,0,38
08/11/2016,BPT,TX,ASW,CE,Towers with Radar,0,8,16,0,24,0,0,14,0,14,0,8,30,0,38,10,0,10,48
08/12/2016,BPT,TX,ASW,CE,Towers with Radar,0,3,16,0,19,0,3,8,0,11,0,6,24,0,30,16,0,16,46
08/13/2016,BPT,TX,ASW,CE,Towers with Radar,0,1,5,0,6,0,1,1,0,2,0,2,6,0,8,0,0,0,8
08/14/2016,BPT,TX,ASW,CE,Towers with Radar,0,5,14,0,19,0,0,0,0,0,0,5,14,0,19,0,0,0,19
08/15/2016,BPT,TX,ASW,CE,Towers with Radar,0,4,8,0,12,0,0,4,0,4,0,4,12,0,16,0,0,0,16
08/16/2016,BPT,TX,ASW,CE,Towers with Radar,0,6,4,0,10,0,0,0,0,0,0,6,4,0,10,0,0,0,10
08/17/2016,BPT,TX,ASW,CE,Towers with Radar,0,5,16,0,21,0,3,3,0,6,0,8,19,0,27,0,0,0,27
08/18/2016,BPT,TX,ASW,CE,Towers with Radar,0,3,12,0,15,0,0,5,0,5,0,3,17,0,20,0,0,0,20
08/19/2016,BPT,TX,ASW,CE,Towers with Radar,0,5,14,0,19,0,0,10,10,20,0,5,24,10,39,0,0,0,39
08/20/2016,BPT,TX,ASW,CE,Towers with Radar,0,4,9,0,13,0,0,10,0,10,0,4,19,0,23,4,0,4,27
08/21/2016,BPT,TX,ASW,CE,Towers with Radar,0,4,4,0,8,0,1,7,0,8,0,5,11,0,16,0,0,0,16
08/22/2016,BPT,TX,ASW,CE,Towers with Radar,0,3,14,2,19,0,1,16,2,19,0,4,30,4,38,0,0,0,38
08/23/2016,BPT,TX,ASW,CE,Towers with Radar,0,3,13,2,18,0,0,33,6,39,0,3,46,8,57,24,0,24,81
08/24/2016,BPT,TX,ASW,CE,Towers with Radar,0,4,17,0,21,0,0,31,2,33,0,4,48,2,54,18,0,18,72
08/25/2016,BPT,TX,ASW,CE,Towers with Radar,0,4,22,0,26,0,0,18,4,22,0,4,40,4,48,0,0,0,48
08/26/2016,BPT,TX,ASW,CE,Towers with Radar,0,5,17,0,22,0,0,4,0,4,0,5,21,0,26,0,0,0,26
08/27/2016,BPT,TX,ASW,CE,Towers with Radar,0,3,5,0,8,0,0,4,0,4,0,3,9,0,12,0,0,0,12
08/28/2016,BPT,TX,ASW,CE,Towers with Radar,0,4,15,0,19,0,1,3,0,4,0,5,18,0,23,0,0,0,23
08/29/2016,BPT,TX,ASW,CE,Towers with Radar,0,4,12,0,16,0,0,14,0,14,0,4,26,0,30,0,0,0,30
08/30/2016,BPT,TX,ASW,CE,Towers with Radar,0,4,14,0,18,0,0,26,4,30,0,4,40,4,48,32,0,32,80
08/31/2016,BPT,TX,ASW,CE,Towers with Radar,0,4,14,0,18,0,0,12,4,16,0,4,26,4,34,0,0,0,34
09/01/2016,BPT,TX,ASW,CE,Towers with Radar,0,4,5,0,9,0,1,20,6,27,0,5,25,6,36,0,0,0,36
09/02/2016,BPT,TX,ASW,CE,Towers with Radar,0,7,14,0,21,0,0,19,4,23,0,7,33,4,44,0,0,0,44
09/03/2016,BPT,TX,ASW,CE,Towers with Radar,0,3,11,0,14,0,0,13,3,16,0,3,24,3,30,6,2,8,38
09/04/2016,BPT,TX,ASW,CE,Towers with Radar,0,3,6,0,9,0,2,5,7,14,0,5,11,7,23,0,0,0,23
09/05/2016,BPT,TX,ASW,CE,Towers with Radar,0,4,17,0,21,0,0,9,4,13,0,4,26,4,34,26,2,28,62
09/06/2016,BPT,TX,ASW,CE,Towers with Radar,0,9,12,4,25,0,0,18,4,22,0,9,30,8,47,6,0,6,53
09/07/2016,BPT,TX,ASW,CE,Towers with Radar,0,4,16,2,22,0,0,8,4,12,0,4,24,6,34,18,2,20,54
09/08/2016,BPT,TX,ASW,CE,Towers with Radar,0,4,17,2,23,0,0,20,3,23,0,4,37,5,46,10,0,10,56
09/09/2016,BPT,TX,ASW,CE,Towers with Radar,0,6,17,2,25,0,1,20,2,23,0,7,37,4,48,8,0,8,56
09/10/2016,BPT,TX,ASW,CE,Towers with Radar,0,5,4,0,9,0,1,4,0,5,0,6,8,0,14,0,0,0,14
09/11/2016,BPT,TX,ASW,CE,Towers with Radar,0,5,12,2,19,0,0,4,2,6,0,5,16,4,25,0,0,0,25
09/12/2016,BPT,TX,ASW,CE,Towers with Radar,0,5,19,0,24,0,0,9,2,11,0,5,28,2,35,0,0,0,35
09/13/2016,BPT,TX,ASW,CE,Towers with Radar,0,7,12,0,19,0,0,12,1,13,0,7,24,1,32,0,0,0,32
09/14/2016,BPT,TX,ASW,CE,Towers with Radar,0,4,22,0,26,0,0,11,0,11,0,4,33,0,37,12,0,12,49
09/15/2016,BPT,TX,ASW,CE,Towers with Radar,0,7,20,0,27,0,1,17,0,18,0,8,37,0,45,0,0,0,45
09/16/2016,BPT,TX,ASW,CE,Towers with Radar,0,5,15,2,22,0,1,5,0,6,0,6,20,2,28,0,0,0,28
09/17/2016,BPT,TX,ASW,CE,Towers with Radar,0,4,7,0,11,0,0,11,0,11,0,4,18,0,22,0,0,0,22
09/18/2016,BPT,TX,ASW,CE,Towers with Radar,0,5,9,0,14,0,0,6,0,6,0,5,15,0,20,0,0,0,20
09/19/2016,BPT,TX,ASW,CE,Towers with Radar,0,6,11,0,17,0,0,15,0,15,0,6,26,0,32,4,0,4,36
09/20/2016,BPT,TX,ASW,CE,Towers with Radar,0,6,22,0,28,0,1,19,0,20,0,7,41,0,48,6,0,6,54
09/21/2016,BPT,TX,ASW,CE,Towers with Radar,0,4,18,0,22,0,0,25,5,30,0,4,43,5,52,50,0,50,102
09/22/2016,BPT,TX,ASW,CE,Towers with Radar,0,4,19,0,23,0,0,18,0,18,0,4,37,0,41,5,0,5,46
09/23/2016,BPT,TX,ASW,CE,Towers with Radar,0,4,19,0,23,0,0,18,4,22,0,4,37,4,45,4,0,4,49
09/24/2016,BPT,TX,ASW,CE,Towers with Radar,0,6,9,0,15,0,0,10,0,10,0,6,19,0,25,0,0,0,25
09/25/2016,BPT,TX,ASW,CE,Towers with Radar,0,2,22,0,24,0,0,3,0,3,0,2,25,0,27,0,0,0,27
09/26/2016,BPT,TX,ASW,CE,Towers with Radar,0,4,9,0,13,0,0,11,0,11,0,4,20,0,24,0,0,0,24
09/27/2016,BPT,TX,ASW,CE,Towers with Radar,0,4,15,0,19,0,0,11,0,11,0,4,26,0,30,0,0,0,30
09/28/2016,BPT,TX,ASW,CE,Towers with Radar,0,4,21,2,27,0,2,36,1,39,0,6,57,3,66,20,0,20,86
09/29/2016,BPT,TX,ASW,CE,Towers with Radar,0,4,18,0,22,0,0,29,2,31,0,4,47,2,53,12,0,12,65
09/30/2016,BPT,TX,ASW,CE,Towers with Radar,0,7,12,0,19,0,0,28,2,30,0,7,40,2,49,2,0,2,51
10/01/2016,BPT,TX,ASW,CE,Towers with Radar,0,3,2,0,5,0,0,11,2,13,0,3,13,2,18,8,0,8,26
10/02/2016,BPT,TX,ASW,CE,Towers with Radar,0,6,14,0,20,0,0,9,0,9,0,6,23,0,29,12,0,12,41
10/03/2016,BPT,TX,ASW,CE,Towers with Radar,0,5,11,0,16,0,0,16,0,16,0,5,27,0,32,38,0,38,70
10/04/2016,BPT,TX,ASW,CE,Towers with Radar,0,4,17,0,21,0,0,17,2,19,0,4,34,2,40,2,0,2,42
10/05/2016,BPT,TX,ASW,CE,Towers with Radar,0,4,42,0,46,0,1,21,0,22,0,5,63,0,68,4,0,4,72
10/06/2016,BPT,TX,ASW,CE,Towers with Radar,0,6,32,1,39,0,1,26,3,30,0,7,58,4,69,6,0,6,75
10/07/2016,BPT,TX,ASW,CE,Towers with Radar,0,4,20,0,24,0,1,27,0,28,0,5,47,0,52,22,0,22,74
10/08/2016,BPT,TX,ASW,CE,Towers with Radar,0,4,4,0,8,0,0,19,0,19,0,4,23,0,27,4,0,4,31
10/09/2016,BPT,TX,ASW,CE,Towers with Radar,0,4,13,0,17,0,0,27,0,27,0,4,40,0,44,6,0,6,50
10/10/2016,BPT,TX,ASW,CE,Towers with Radar,0,3,16,0,19,0,0,15,0,15,0,3,31,0,34,12,0,12,46
10/11/2016,BPT,TX,ASW,CE,Towers with Radar,0,4,17,0,21,0,0,11,0,11,0,4,28,0,32,8,0,8,40
10/12/2016,BPT,TX,ASW,CE,Towers with Radar,0,4,33,0,37,0,2,32,0,34,0,6,65,0,71,28,0,28,99
10/13/2016,BPT,TX,ASW,CE,Towers with Radar,0,8,24,2,34,0,0,18,0,18,0,8,42,2,52,20,0,20,72
10/14/2016,BPT,TX,ASW,CE,Towers with Radar,0,6,18,0,24,0,0,16,2,18,0,6,34,2,42,12,0,12,54
10/15/2016,BPT,TX,ASW,CE,Towers with Radar,0,6,16,4,26,0,0,19,0,19,0,6,35,4,45,4,0,4,49
10/16/2016,BPT,TX,ASW,CE,Towers with Radar,0,4,21,0,25,0,0,7,0,7,0,4,28,0,32,0,0,0,32
10/17/2016,BPT,TX,ASW,CE,Towers with Radar,0,6,13,0,19,0,0,17,0,17,0,6,30,0,36,0,0,0,36
10/18/2016,BPT,TX,ASW,CE,Towers with Radar,0,6,26,0,32,0,0,28,1,29,0,6,54,1,61,6,0,6,67
10/19/2016,BPT,TX,ASW,CE,Towers with Radar,0,4,20,0,24,0,1,15,0,16,0,5,35,0,40,2,0,2,42
10/20/2016,BPT,TX,ASW,CE,Towers with Radar,0,3,15,0,18,0,0,6,0,6,0,3,21,0,24,0,0,0,24
10/21/2016,BPT,TX,ASW,CE,Towers with Radar,0,6,20,0,26,0,1,33,2,36,0,7,53,2,62,9,0,9,71
10/22/2016,BPT,TX,ASW,CE,Towers with Radar,0,4,5,1,10,0,0,12,0,12,0,4,17,1,22,0,0,0,22
10/23/2016,BPT,TX,ASW,CE,Towers with Radar,0,4,27,0,31,0,0,15,0,15,0,4,42,0,46,2,0,2,48
10/24/2016,BPT,TX,ASW,CE,Towers with Radar,0,4,11,4,19,0,0,5,6,11,0,4,16,10,30,32,0,32,62
10/25/2016,BPT,TX,ASW,CE,Towers with Radar,0,4,12,0,16,0,0,19,0,19,0,4,31,0,35,10,0,10,45
10/26/2016,BPT,TX,ASW,CE,Towers with Radar,0,4,15,2,21,0,4,20,4,28,0,8,35,6,49,0,16,16,65
10/27/2016,BPT,TX,ASW,CE,Towers with Radar,0,4,14,0,18,0,2,25,2,29,0,6,39,2,47,0,0,0,47
10/28/2016,BPT,TX,ASW,CE,Towers with Radar,0,6,23,0,29,0,0,17,0,17,0,6,40,0,46,8,0,8,54
10/29/2016,BPT,TX,ASW,CE,Towers with Radar,0,4,6,0,10,0,0,9,0,9,0,4,15,0,19,14,0,14,33
10/30/2016,BPT,TX,ASW,CE,Towers with Radar,0,4,14,0,18,0,0,17,0,17,0,4,31,0,35,8,0,8,43
10/31/2016,BPT,TX,ASW,CE,Towers with Radar,0,4,9,0,13,0,1,8,2,11,0,5,17,2,24,0,0,0,24
11/01/2016,BPT,TX,ASW,CE,Towers with Radar,0,4,16,0,20,0,1,20,0,21,0,5,36,0,41,0,0,0,41
11/02/2016,BPT,TX,ASW,CE,Towers with Radar,0,4,14,0,18,0,0,14,0,14,0,4,28,0,32,20,0,20,52
11/03/2016,BPT,TX,ASW,CE,Towers with Radar,0,8,12,2,22,0,0,7,1,8,0,8,19,3,30,0,0,0,30
11/04/2016,BPT,TX,ASW,CE,Towers with Radar,0,6,20,2,28,0,1,12,6,19,0,7,32,8,47,4,0,4,51
11/05/2016,BPT,TX,ASW,CE,Towers with Radar,0,4,10,0,14,0,0,10,0,10,0,4,20,0,24,8,0,8,32
11/06/2016,BPT,TX,ASW,CE,Towers with Radar,0,4,10,0,14,0,0,7,0,7,0,4,17,0,21,32,0,32,53
11/07/2016,BPT,TX,ASW,CE,Towers with Radar,0,5,16,7,28,0,0,3,0,3,0,5,19,7,31,0,2,2,33
11/08/2016,BPT,TX,ASW,CE,Towers with Radar,0,4,6,1,11,0,2,0,0,2,0,6,6,1,13,0,0,0,13
11/09/2016,BPT,TX,ASW,CE,Towers with Radar,0,4,17,0,21,0,0,11,0,11,0,4,28,0,32,6,0,6,38
11/10/2016,BPT,TX,ASW,CE,Towers with Radar,0,7,22,9,38,0,1,18,3,22,0,8,40,12,60,0,0,0,60
11/11/2016,BPT,TX,ASW,CE,Towers with Radar,0,8,15,0,23,0,0,25,2,27,0,8,40,2,50,6,0,6,56
11/12/2016,BPT,TX,ASW,CE,Towers with Radar,0,5,2,8,15,0,0,9,0,9,0,5,11,8,24,0,0,0,24
11/13/2016,BPT,TX,ASW,CE,Towers with Radar,0,6,15,0,21,0,1,18,0,19,0,7,33,0,40,6,0,6,46
11/14/2016,BPT,TX,ASW,CE,Towers with Radar,0,4,11,0,15,0,0,13,0,13,0,4,24,0,28,48,0,48,76
11/15/2016,BPT,TX,ASW,CE,Towers with Radar,0,5,12,0,17,0,0,19,2,21,0,5,31,2,38,64,0,64,102
11/16/2016,BPT,TX,ASW,CE,Towers with Radar,0,11,23,0,34,0,0,21,2,23,0,11,44,2,57,28,0,28,85
11/17/2016,BPT,TX,ASW,CE,Towers with Radar,0,4,13,0,17,0,0,14,4,18,0,4,27,4,35,56,0,56,91
11/18/2016,BPT,TX,ASW,CE,Towers with Radar,0,5,18,0,23,0,0,6,0,6,0,5,24,0,29,32,0,32,61
11/19/2016,BPT,TX,ASW,CE,Towers with Radar,0,4,5,0,9,0,2,14,2,18,0,6,19,2,27,26,0,26,53
11/20/2016,BPT,TX,ASW,CE,Towers with Radar,0,6,20,0,26,0,2,15,2,19,0,8,35,2,45,0,0,0,45
11/21/2016,BPT,TX,ASW,CE,Towers with Radar,0,4,15,1,20,0,0,29,1,30,0,4,44,2,50,6,0,6,56
11/22/2016,BPT,TX,ASW,CE,Towers with Radar,0,5,7,2,14,0,0,10,2,12,0,5,17,4,26,32,0,32,58
11/23/2016,BPT,TX,ASW,CE,Towers with Radar,1,5,11,0,17,0,0,7,0,7,1,5,18,0,24,0,0,0,24
11/24/2016,BPT,TX,ASW,CE,Towers with Radar,0,5,4,0,9,0,0,7,0,7,0,5,11,0,16,6,0,6,22
11/25/2016,BPT,TX,ASW,CE,Towers with Radar,0,3,14,0,17,0,0,15,0,15,0,3,29,0,32,50,0,50,82
11/26/2016,BPT,TX,ASW,CE,Towers with Radar,0,6,8,0,14,0,1,13,0,14,0,7,21,0,28,20,0,20,48
11/27/2016,BPT,TX,ASW,CE,Towers with Radar,0,6,15,0,21,0,0,9,0,9,0,6,24,0,30,16,0,16,46
11/28/2016,BPT,TX,ASW,CE,Towers with Radar,0,3,5,0,8,0,0,4,0,4,0,3,9,0,12,0,0,0,12
11/29/2016,BPT,TX,ASW,CE,Towers with Radar,0,3,10,0,13,0,1,5,0,6,0,4,15,0,19,12,0,12,31
11/30/2016,BPT,TX,ASW,CE,Towers with Radar,0,4,22,0,26,0,0,23,0,23,0,4,45,0,49,4,0,4,53
12/01/2016,BPT,TX,ASW,CE,Towers with Radar,0,3,20,4,27,0,1,27,1,29,0,4,47,5,56,18,0,18,74
12/02/2016,BPT,TX,ASW,CE,Towers with Radar,0,7,21,2,30,0,0,6,2,8,0,7,27,4,38,4,0,4,42
12/03/2016,BPT,TX,ASW,CE,Towers with Radar,0,4,0,0,4,0,0,0,0,0,0,4,0,0,4,0,0,0,4
12/04/2016,BPT,TX,ASW,CE,Towers with Radar,0,4,7,0,11,0,0,0,0,0,0,4,7,0,11,0,0,0,11
12/05/2016,BPT,TX,ASW,CE,Towers with Radar,0,8,8,0,16,0,0,0,0,0,0,8,8,0,16,0,0,0,16
12/06/2016,BPT,TX,ASW,CE,Towers with Radar,0,4,17,2,23,0,1,9,2,12,0,5,26,4,35,0,0,0,35
12/07/2016,BPT,TX,ASW,CE,Towers with Radar,0,5,23,0,28,0,0,0,0,0,0,5,23,0,28,0,0,0,28
12/08/2016,BPT,TX,ASW,CE,Towers with Radar,0,5,15,0,20,0,0,7,2,9,0,5,22,2,29,0,0,0,29
12/09/2016,BPT,TX,ASW,CE,Towers with Radar,0,7,12,2,21,0,2,15,0,17,0,9,27,2,38,0,0,0,38
12/10/2016,BPT,TX,ASW,CE,Towers with Radar,0,5,11,0,16,0,0,8,0,8,0,5,19,0,24,28,0,28,52
12/11/2016,BPT,TX,ASW,CE,Towers with Radar,0,4,11,0,15,0,0,4,0,4,0,4,15,0,19,0,0,0,19
12/12/2016,BPT,TX,ASW,CE,Towers with Radar,0,4,20,2,26,0,0,1,0,1,0,4,21,2,27,100,0,100,127
12/13/2016,BPT,TX,ASW,CE,Towers with Radar,0,4,13,0,17,0,0,4,2,6,0,4,17,2,23,8,0,8,31
12/14/2016,BPT,TX,ASW,CE,Towers with Radar,0,5,20,4,29,0,0,10,0,10,0,5,30,4,39,34,0,34,73
12/15/2016,BPT,TX,ASW,CE,Towers with Radar,0,4,11,0,15,0,1,13,2,16,0,5,24,2,31,12,0,12,43
12/16/2016,BPT,TX,ASW,CE,Towers with Radar,0,6,16,0,22,0,0,2,0,2,0,6,18,0,24,6,0,6,30
12/17/2016,BPT,TX,ASW,CE,Towers with Radar,0,7,10,0,17,0,1,2,0,3,0,8,12,0,20,0,0,0,20
12/18/2016,BPT,TX,ASW,CE,Towers with Radar,0,1,13,0,14,0,0,5,0,5,0,1,18,0,19,0,0,0,19
12/19/2016,BPT,TX,ASW,CE,Towers with Radar,0,4,21,0,25,0,0,16,0,16,0,4,37,0,41,12,0,12,53
12/20/2016,BPT,TX,ASW,CE,Towers with Radar,0,6,16,0,22,0,1,22,1,24,0,7,38,1,46,0,0,0,46
12/21/2016,BPT,TX,ASW,CE,Towers with Radar,0,6,16,0,22,0,0,11,2,13,0,6,27,2,35,4,0,4,39
12/22/2016,BPT,TX,ASW,CE,Towers with Radar,0,5,15,0,20,0,0,11,0,11,0,5,26,0,31,34,0,34,65
12/23/2016,BPT,TX,ASW,CE,Towers with Radar,0,4,23,0,27,0,0,1,0,1,0,4,24,0,28,0,0,0,28
12/24/2016,BPT,TX,ASW,CE,Towers with Radar,0,4,3,0,7,0,0,0,2,2,0,4,3,2,9,0,0,0,9
12/25/2016,BPT,TX,ASW,CE,Towers with Radar,0,4,3,0,7,0,0,0,0,0,0,4,3,0,7,0,0,0,7
12/26/2016,BPT,TX,ASW,CE,Towers with Radar,0,3,21,0,24,0,0,1,0,1,0,3,22,0,25,12,0,12,37
12/27/2016,BPT,TX,ASW,CE,Towers with Radar,0,5,19,0,24,0,1,1,0,2,0,6,20,0,26,0,0,0,26
12/28/2016,BPT,TX,ASW,CE,Towers with Radar,0,4,15,0,19,0,0,8,0,8,0,4,23,0,27,0,0,0,27
12/29/2016,BPT,TX,ASW,CE,Towers with Radar,0,4,11,2,17,0,0,12,0,12,0,4,23,2,29,0,0,0,29
12/30/2016,BPT,TX,ASW,CE,Towers with Radar,0,5,10,2,17,0,1,20,2,23,0,6,30,4,40,14,0,14,54
12/31/2016,BPT,TX,ASW,CE,Towers with Radar,0,5,13,0,18,0,2,2,0,4,0,7,15,0,22,0,0,0,22
01/01/2017,BPT,TX,ASW,CE,Towers with Radar,0,6,16,0,22,0,0,1,0,1,0,6,17,0,23,0,0,0,23
01/02/2017,BPT,TX,ASW,CE,Towers with Radar,0,5,19,0,24,0,0,9,0,9,0,5,28,0,33,0,0,0,33
01/03/2017,BPT,TX,ASW,CE,Towers with Radar,0,4,20,0,24,0,0,14,0,14,0,4,34,0,38,4,0,4,42
01/04/2017,BPT,TX,ASW,CE,Towers with Radar,0,6,19,1,26,0,1,10,1,12,0,7,29,2,38,0,0,0,38
01/05/2017,BPT,TX,ASW,CE,Towers with Radar,0,5,6,0,11,0,0,4,0,4,0,5,10,0,15,0,0,0,15
01/06/2017,BPT,TX,ASW,CE,Towers with Radar,0,4,12,0,16,0,0,2,0,2,0,4,14,0,18,2,0,2,20
01/07/2017,BPT,TX,ASW,CE,Towers with Radar,0,6,5,0,11,0,1,20,0,21,0,7,25,0,32,0,0,0,32
01/08/2017,BPT,TX,ASW,CE,Towers with Radar,0,5,7,0,12,0,0,11,0,11,0,5,18,0,23,0,0,0,23
01/09/2017,BPT,TX,ASW,CE,Towers with Radar,0,4,9,2,15,0,0,8,0,8,0,4,17,2,23,22,0,22,45
01/10/2017,BPT,TX,ASW,CE,Towers with Radar,0,9,14,1,24,0,0,9,8,17,0,9,23,9,41,10,0,10,51
01/11/2017,BPT,TX,ASW,CE,Towers with Radar,0,6,21,0,27,0,0,9,3,12,0,6,30,3,39,10,0,10,49
01/12/2017,BPT,TX,ASW,CE,Towers with Radar,0,4,21,1,26,0,0,14,0,14,0,4,35,1,40,50,0,50,90
01/13/2017,BPT,TX,ASW,CE,Towers with Radar,0,6,18,4,28,0,0,7,2,9,0,6,25,6,37,0,0,0,37
01/14/2017,BPT,TX,ASW,CE,Towers with Radar,0,2,6,0,8,0,0,2,0,2,0,2,8,0,10,0,0,0,10
01/15/2017,BPT,TX,ASW,CE,Towers with Radar,0,2,13,0,15,0,0,3,0,3,0,2,16,0,18,0,0,0,18
01/16/2017,BPT,TX,ASW,CE,Towers with Radar,0,3,13,0,16,0,0,9,0,9,0,3,22,0,25,0,0,0,25
01/17/2017,BPT,TX,ASW,CE,Towers with Radar,0,6,22,0,28,0,0,0,0,0,0,6,22,0,28,0,0,0,28
01/18/2017,BPT,TX,ASW,CE,Towers with Radar,0,4,18,0,22,0,0,3,3,6,0,4,21,3,28,0,0,0,28
01/19/2017,BPT,TX,ASW,CE,Towers with Radar,0,4,9,1,14,0,0,1,0,1,0,4,10,1,15,0,0,0,15
01/20/2017,BPT,TX,ASW,CE,Towers with Radar,0,4,19,0,23,0,0,13,2,15,0,4,32,2,38,10,0,10,48
01/21/2017,BPT,TX,ASW,CE,Towers with Radar,0,2,3,0,5,0,0,4,0,4,0,2,7,0,9,0,0,0,9
01/22/2017,BPT,TX,ASW,CE,Towers with Radar,0,4,5,0,9,0,0,1,0,1,0,4,6,0,10,0,0,0,10
01/23/2017,BPT,TX,ASW,CE,Towers with Radar,0,4,19,0,23,0,0,20,0,20,0,4,39,0,43,0,0,0,43
01/24/2017,BPT,TX,ASW,CE,Towers with Radar,0,4,15,0,19,0,0,16,2,18,0,4,31,2,37,6,0,6,43
01/25/2017,BPT,TX,ASW,CE,Towers with Radar,0,6,16,0,22,0,0,5,0,5,0,6,21,0,27,12,0,12,39
01/26/2017,BPT,TX,ASW,CE,Towers with Radar,0,7,15,0,22,0,0,19,0,19,0,7,34,0,41,38,0,38,79
01/27/2017,BPT,TX,ASW,CE,Towers with Radar,0,4,24,0,28,0,0,23,0,23,0,4,47,0,51,18,0,18,69
01/28/2017,BPT,TX,ASW,CE,Towers with Radar,0,2,15,4,21,0,0,24,0,24,0,2,39,4,45,26,0,26,71
01/29/2017,BPT,TX,ASW,CE,Towers with Radar,0,4,14,6,24,0,0,27,0,27,0,4,41,6,51,14,0,14,65
01/30/2017,BPT,TX,ASW,CE,Towers with Radar,0,4,10,2,16,0,0,21,2,23,0,4,31,4,39,26,0,26,65
01/31/2017,BPT,TX,ASW,CE,Towers with Radar,0,6,18,0,24,0,0,17,0,17,0,6,35,0,41,22,0,22,63
02/01/2017,BPT,TX,ASW,CE,Towers with Radar,0,4,9,0,13,0,0,29,0,29,0,4,38,0,42,40,0,40,82
02/02/2017,BPT,TX,ASW,CE,Towers with Radar,0,4,23,0,27,0,0,5,4,9,0,4,28,4,36,0,0,0,36
02/03/2017,BPT,TX,ASW,CE,Towers with Radar,0,6,16,0,22,0,0,15,12,27,0,6,31,12,49,50,0,50,99
02/04/2017,BPT,TX,ASW,CE,Towers with Radar,0,2,7,0,9,0,0,8,10,18,0,2,15,10,27,0,2,2,29
02/05/2017,BPT,TX,ASW,CE,Towers with Radar,0,4,11,0,15,0,0,3,5,8,0,4,14,5,23,48,6,54,77
02/06/2017,BPT,TX,ASW,CE,Towers with Radar,0,4,11,1,16,0,0,11,4,15,0,4,22,5,31,0,0,0,31
02/07/2017,BPT,TX,ASW,CE,Towers with Radar,0,5,27,2,34,0,0,15,0,15,0,5,42,2,49,14,0,14,63
02/08/2017,BPT,TX,ASW,CE,Towers with Radar,0,10,16,0,26,0,0,26,0,26,0,10,42,0,52,26,0,26,78
02/09/2017,BPT,TX,ASW,CE,Towers with Radar,0,5,18,0,23,0,0,34,0,34,0,5,52,0,57,40,0,40,97
02/10/2017,BPT,TX,ASW,CE,Towers with Radar,0,4,24,0,28,0,0,18,0,18,0,4,42,0,46,114,0,114,160
02/11/2017,BPT,TX,ASW,CE,Towers with Radar,0,4,14,0,18,0,0,5,0,5,0,4,19,0,23,16,0,16,39
02/12/2017,BPT,TX,ASW,CE,Towers with Radar,0,4,16,0,20,0,0,12,0,12,0,4,28,0,32,44,0,44,76
02/13/2017,BPT,TX,ASW,CE,Towers with Radar,0,4,28,0,32,0,0,4,4,8,0,4,32,4,40,56,0,56,96
02/14/2017,BPT,TX,ASW,CE,Towers with Radar,0,5,8,0,13,0,0,0,0,0,0,5,8,0,13,9,0,9,22
02/15/2017,BPT,TX,ASW,CE,Towers with Radar,0,8,24,1,33,0,0,29,4,33,0,8,53,5,66,118,0,118,184
02/16/2017,BPT,TX,ASW,CE,Towers with Radar,0,5,21,0,26,0,0,31,1,32,0,5,52,1,58,56,0,56,114
02/17/2017,BPT,TX,ASW,CE,Towers with Radar,0,4,20,0,24,0,0,7,0,7,0,4,27,0,31,76,0,76,107
02/18/2017,BPT,TX,ASW,CE,Towers with Radar,0,2,9,0,11,0,1,14,0,15,0,3,23,0,26,26,0,26,52
02/19/2017,BPT,TX,ASW,CE,Towers with Radar,0,5,8,0,13,0,0,0,0,0,0,5,8,0,13,20,0,20,33
02/20/2017,BPT,TX,ASW,CE,Towers with Radar,0,4,8,0,12,0,0,0,0,0,0,4,8,0,12,0,0,0,12
02/21/2017,BPT,TX,ASW,CE,Towers with Radar,0,4,32,0,36,0,0,10,0,10,0,4,42,0,46,44,0,44,90
02/22/2017,BPT,TX,ASW,CE,Towers with Radar,0,4,21,0,25,0,4,48,5,57,0,8,69,5,82,38,0,38,120
02/23/2017,BPT,TX,ASW,CE,Towers with Radar,0,4,20,0,24,0,3,35,4,42,0,7,55,4,66,16,0,16,82
02/24/2017,BPT,TX,ASW,CE,Towers with Radar,0,4,17,0,21,0,0,19,0,19,0,4,36,0,40,14,0,14,54
02/25/2017,BPT,TX,ASW,CE,Towers with Radar,0,2,13,0,15,0,0,18,8,26,0,2,31,8,41,6,0,6,47
02/26/2017,BPT,TX,ASW,CE,Towers with Radar,0,4,13,4,21,0,0,15,3,18,0,4,28,7,39,20,16,36,75
02/27/2017,BPT,TX,ASW,CE,Towers with Radar,0,5,21,2,28,0,0,3,0,3,0,5,24,2,31,0,0,0,31
02/28/2017,BPT,TX,ASW,CE,Towers with Radar,0,8,7,0,15,0,0,11,0,11,0,8,18,0,26,0,0,0,26
03/01/2017,BPT,TX,ASW,CE,Towers with Radar,0,4,19,4,27,0,0,8,0,8,0,4,27,4,35,0,0,0,35
03/02/2017,BPT,TX,ASW,CE,Towers with Radar,0,4,19,2,25,0,0,25,5,30,0,4,44,7,55,82,0,82,137
03/03/2017,BPT,TX,ASW,CE,Towers with Radar,0,4,24,16,44,0,0,23,1,24,0,4,47,17,68,36,0,36,104
03/04/2017,BPT,TX,ASW,CE,Towers with Radar,0,2,7,0,9,0,0,7,4,11,0,2,14,4,20,36,4,40,60
03/05/2017,BPT,TX,ASW,CE,Towers with Radar,0,4,8,0,12,0,1,0,0,1,0,5,8,0,13,0,0,0,13
03/06/2017,BPT,TX,ASW,CE,Towers with Radar,0,4,13,0,17,0,0,2,0,2,0,4,15,0,19,0,0,0,19
03/07/2017,BPT,TX,ASW,CE,Towers with Radar,0,6,19,0,25,0,0,0,0,0,0,6,19,0,25,0,0,0,25
03/08/2017,BPT,TX,ASW,CE,Towers with Radar,0,10,16,2,28,0,0,13,2,15,0,10,29,4,43,0,0,0,43
03/09/2017,BPT,TX,ASW,CE,Towers with Radar,0,12,22,0,34,0,0,8,2,10,0,12,30,2,44,18,0,18,62
03/10/2017,BPT,TX,ASW,CE,Towers with Radar,0,5,20,0,25,0,0,8,0,8,0,5,28,0,33,54,0,54,87
03/11/2017,BPT,TX,ASW,CE,Towers with Radar,0,5,11,0,16,0,0,0,0,0,0,5,11,0,16,0,0,0,16
03/12/2017,BPT,TX,ASW,CE,Towers with Radar,0,4,10,0,14,0,0,4,0,4,0,4,14,0,18,0,0,0,18
03/13/2017,BPT,TX,ASW,CE,Towers with Radar,0,6,16,6,28,0,1,7,2,10,0,7,23,8,38,46,0,46,84
03/14/2017,BPT,TX,ASW,CE,Towers with Radar,0,4,10,0,14,0,0,36,0,36,0,4,46,0,50,40,0,40,90
03/15/2017,BPT,TX,ASW,CE,Towers with Radar,0,6,17,0,23,0,0,29,0,29,0,6,46,0,52,56,0,56,108
03/16/2017,BPT,TX,ASW,CE,Towers with Radar,0,4,17,0,21,0,0,12,4,16,0,4,29,4,37,46,0,46,83
03/17/2017,BPT,TX,ASW,CE,Towers with Radar,0,4,14,0,18,0,0,16,3,19,0,4,30,3,37,16,0,16,53
03/18/2017,BPT,TX,ASW,CE,Towers with Radar,0,2,21,0,23,0,0,11,0,11,0,2,32,0,34,40,0,40,74
03/19/2017,BPT,TX,ASW,CE,Towers with Radar,0,4,33,6,43,0,0,15,0,15,0,4,48,6,58,46,0,46,104
03/20/2017,BPT,TX,ASW,CE,Towers with Radar,0,4,27,0,31,0,4,22,0,26,0,8,49,0,57,50,0,50,107
03/21/2017,BPT,TX,ASW,CE,Towers with Radar,0,4,20,0,24,0,3,22,3,28,0,7,42,3,52,8,8,16,68
03/22/2017,BPT,TX,ASW,CE,Towers with Radar,0,9,25,0,34,0,1,23,2,26,0,10,48,2,60,24,0,24,84
03/23/2017,BPT,TX,ASW,CE,Towers with Radar,0,4,18,2,24,0,1,17,6,24,0,5,35,8,48,40,0,40,88
03/24/2017,BPT,TX,ASW,CE,Towers with Radar,0,12,23,0,35,0,0,13,2,15,0,12,36,2,50,0,0,0,50
03/25/2017,BPT,TX,ASW,CE,Towers with Radar,0,4,3,0,7,0,0,8,0,8,0,4,11,0,15,0,0,0,15
03/26/2017,BPT,TX,ASW,CE,Towers with Radar,0,4,21,0,25,0,0,19,0,19,0,4,40,0,44,32,0,32,76
03/27/2017,BPT,TX,ASW,CE,Towers with Radar,0,4,8,0,12,0,0,6,0,6,0,4,14,0,18,0,0,0,18
03/28/2017,BPT,TX,ASW,CE,Towers with Radar,0,8,27,2,37,0,4,15,0,19,0,12,42,2,56,2,0,2,58
03/29/2017,BPT,TX,ASW,CE,Towers with Radar,0,4,5,0,9,0,0,4,0,4,0,4,9,0,13,4,0,4,17
03/30/2017,BPT,TX,ASW,CE,Towers with Radar,0,6,21,2,29,0,1,20,4,25,0,7,41,6,54,0,0,0,54
03/31/2017,BPT,TX,ASW,CE,Towers with Radar,0,4,24,2,30,0,1,30,4,35,0,5,54,6,65,42,0,42,107
04/01/2017,BPT,TX,ASW,CE,Towers with Radar,0,2,7,2,11,0,2,9,0,11,0,4,16,2,22,0,0,0,22
04/02/2017,BPT,TX,ASW,CE,Towers with Radar,0,4,9,0,13,0,0,0,0,0,0,4,9,0,13,0,0,0,13
04/03/2017,BPT,TX,ASW,CE,Towers with Radar,0,4,17,0,21,0,0,16,0,16,0,4,33,0,37,2,0,2,39
04/04/2017,BPT,TX,ASW,CE,Towers with Radar,0,4,23,0,27,0,0,19,0,19,0,4,42,0,46,30,0,30,76
04/05/2017,BPT,TX,ASW,CE,Towers with Radar,0,8,6,2,16,0,0,14,0,14,0,8,20,2,30,0,0,0,30
04/06/2017,BPT,TX,ASW,CE,Towers with Radar,0,6,21,0,27,0,1,18,0,19,0,7,39,0,46,0,0,0,46
04/07/2017,BPT,TX,ASW,CE,Towers with Radar,0,4,16,0,20,0,2,19,3,24,0,6,35,3,44,8,0,8,52
04/08/2017,BPT,TX,ASW,CE,Towers with Radar,0,4,5,0,9,0,0,19,0,19,0,4,24,0,28,14,0,14,42
04/09/2017,BPT,TX,ASW,CE,Towers with Radar,0,4,13,0,17,0,0,13,0,13,0,4,26,0,30,64,0,64,94
04/10/2017,BPT,TX,ASW,CE,Towers with Radar,0,4,30,2,36,0,0,13,0,13,0,4,43,2,49,0,0,0,49
04/11/2017,BPT,TX,ASW,CE,Towers with Radar,0,5,7,0,12,0,0,9,0,9,0,5,16,0,21,6,0,6,27
04/12/2017,BPT,TX,ASW,CE,Towers with Radar,0,5,23,0,28,0,0,14,0,14,0,5,37,0,42,28,0,28,70
04/13/2017,BPT,TX,ASW,CE,Towers with Radar,0,4,24,1,29,0,0,24,3,27,0,4,48,4,56,46,0,46,102
04/14/2017,BPT,TX,ASW,CE,Towers with Radar,0,6,14,0,20,0,0,20,0,20,0,6,34,0,40,56,0,56,96
04/15/2017,BPT,TX,ASW,CE,Towers with Radar,0,9,5,0,14,0,0,11,0,11,0,9,16,0,25,12,0,12,37
04/16/2017,BPT,TX,ASW,CE,Towers with Radar,0,3,10,0,13,0,0,5,0,5,0,3,15,0,18,0,0,0,18
04/17/2017,BPT,TX,ASW,CE,Towers with Radar,0,3,21,0,24,0,0,8,2,10,0,3,29,2,34,54,0,54,88
04/18/2017,BPT,TX,ASW,CE,Towers with Radar,0,4,23,0,27,0,0,6,1,7,0,4,29,1,34,4,0,4,38
04/19/2017,BPT,TX,ASW,CE,Towers with Radar,0,10,30,2,42,0,0,12,2,14,0,10,42,4,56,28,0,28,84
04/20/2017,BPT,TX,ASW,CE,Towers with Radar,0,6,19,0,25,0,4,17,6,27,0,10,36,6,52,34,0,34,86
04/21/2017,BPT,TX,ASW,CE,Towers with Radar,0,10,24,0,34,0,0,10,2,12,0,10,34,2,46,0,0,0,46
04/22/2017,BPT,TX,ASW,CE,Towers with Radar,0,5,6,1,12,0,0,12,1,13,0,5,18,2,25,52,0,52,77
04/23/2017,BPT,TX,ASW,CE,Towers with Radar,0,4,11,0,15,0,0,14,0,14,0,4,25,0,29,6,0,6,35
04/24/2017,BPT,TX,ASW,CE,Towers with Radar,0,5,14,3,22,0,0,29,7,36,0,5,43,10,58,12,16,28,86
04/25/2017,BPT,TX,ASW,CE,Towers with Radar,0,5,19,0,24,0,0,12,9,21,0,5,31,9,45,0,0,0,45
04/26/2017,BPT,TX,ASW,CE,Towers with Radar,0,7,22,0,29,0,0,5,9,14,0,7,27,9,43,10,0,10,53
04/27/2017,BPT,TX,ASW,CE,Towers with Radar,0,4,15,0,19,0,0,24,4,28,0,4,39,4,47,6,0,6,53
04/28/2017,BPT,TX,ASW,CE,Towers with Radar,0,4,15,0,19,0,0,8,3,11,0,4,23,3,30,0,0,0,30
04/29/2017,BPT,TX,ASW,CE,Towers with Radar,0,9,7,0,16,0,0,0,0,0,0,9,7,0,16,0,0,0,16
04/30/2017,BPT,TX,ASW,CE,Towers with Radar,0,6,12,0,18,0,0,12,0,12,0,6,24,0,30,28,0,28,58
05/01/2017,BPT,TX,ASW,CE,Towers with Radar,0,5,5,0,10,0,0,19,2,21,0,5,24,2,31,40,0,40,71
05/02/2017,BPT,TX,ASW,CE,Towers with Radar,0,8,22,0,30,0,1,27,3,31,0,9,49,3,61,14,0,14,75
05/03/2017,BPT,TX,ASW,CE,Towers with Radar,0,4,7,0,11,0,0,0,0,0,0,4,7,0,11,0,0,0,11
05/04/2017,BPT,TX,ASW,CE,Towers with Radar,0,6,18,0,24,0,2,27,14,43,0,8,45,14,67,34,0,34,101
05/05/2017,BPT,TX,ASW,CE,Towers with Radar,0,6,22,1,29,0,0,18,11,29,0,6,40,12,58,52,0,52,110
05/06/2017,BPT,TX,ASW,CE,Towers with Radar,0,6,5,0,11,0,0,23,10,33,0,6,28,10,44,42,0,42,86
05/07/2017,BPT,TX,ASW,CE,Towers with Radar,0,6,20,0,26,0,2,26,11,39,0,8,46,11,65,42,10,52,117
05/08/2017,BPT,TX,ASW,CE,Towers with Radar,0,4,13,0,17,0,0,28,10,38,0,4,41,10,55,18,14,32,87
05/09/2017,BPT,TX,ASW,CE,Towers with Radar,0,4,19,2,25,0,0,10,10,20,0,4,29,12,45,20,0,20,65
05/10/2017,BPT,TX,ASW,CE,Towers with Radar,0,5,25,0,30,0,0,10,7,17,0,5,35,7,47,22,2,24,71
05/11/2017,BPT,TX,ASW,CE,Towers with Radar,0,6,22,0,28,0,0,11,7,18,0,6,33,7,46,8,14,22,68
05/12/2017,BPT,TX,ASW,CE,Towers with Radar,0,4,17,0,21,0,0,22,7,29,0,4,39,7,50,6,0,6,56
05/13/2017,BPT,TX,ASW,CE,Towers with Radar,0,4,16,0,20,0,2,25,3,30,0,6,41,3,50,12,0,12,62
05/14/2017,BPT,TX,ASW,CE,Towers with Radar,0,4,18,0,22,0,0,27,0,27,0,4,45,0,49,38,0,38,87
05/15/2017,BPT,TX,ASW,CE,Towers with Radar,0,4,15,0,19,0,0,19,4,23,0,4,34,4,42,6,0,6,48
05/16/2017,BPT,TX,ASW,CE,Towers with Radar,0,6,24,0,30,0,0,21,0,21,0,6,45,0,51,52,0,52,103
05/17/2017,BPT,TX,ASW,CE,Towers with Radar,0,5,15,2,22,0,0,9,2,11,0,5,24,4,33,0,0,0,33
05/18/2017,BPT,TX,ASW,CE,Towers with Radar,0,10,13,1,24,0,0,14,0,14,0,10,27,1,38,30,0,30,68
05/19/2017,BPT,TX,ASW,CE,Towers with Radar,0,4,17,0,21,0,0,22,2,24,0,4,39,2,45,46,0,46,91
05/20/2017,BPT,TX,ASW,CE,Towers with Radar,0,4,15,0,19,0,1,4,0,5,0,5,19,0,24,0,0,0,24
05/21/2017,BPT,TX,ASW,CE,Towers with Radar,0,6,7,0,13,0,0,0,0,0,0,6,7,0,13,0,0,0,13
05/22/2017,BPT,TX,ASW,CE,Towers with Radar,0,4,9,0,13,0,0,0,0,0,0,4,9,0,13,0,0,0,13
05/23/2017,BPT,TX,ASW,CE,Towers with Radar,0,4,28,0,32,0,1,10,0,11,0,5,38,0,43,12,0,12,55
05/24/2017,BPT,TX,ASW,CE,Towers with Radar,0,4,21,2,27,0,3,22,2,27,0,7,43,4,54,8,0,8,62
05/25/2017,BPT,TX,ASW,CE,Towers with Radar,0,5,19,2,26,0,4,28,4,36,0,9,47,6,62,10,0,10,72
05/26/2017,BPT,TX,ASW,CE,Towers with Radar,0,4,18,0,22,0,2,14,0,16,0,6,32,0,38,36,0,36,74
05/27/2017,BPT,TX,ASW,CE,Towers with Radar,0,6,12,0,18,0,0,4,0,4,0,6,16,0,22,52,0,52,74
05/28/2017,BPT,TX,ASW,CE,Towers with Radar,0,2,9,0,11,0,0,4,0,4,0,2,13,0,15,56,0,56,71
05/29/2017,BPT,TX,ASW,CE,Towers with Radar,0,4,12,0,16,0,1,6,0,7,0,5,18,0,23,16,0,16,39
05/30/2017,BPT,TX,ASW,CE,Towers with Radar,0,4,5,0,9,0,0,15,2,17,0,4,20,2,26,28,0,28,54
05/31/2017,BPT,TX,ASW,CE,Towers with Radar,0,6,19,0,25,0,0,12,1,13,0,6,31,1,38,34,0,34,72
06/01/2017,BPT,TX,ASW,CE,Towers with Radar,0,3,16,0,19,0,0,9,0,9,0,3,25,0,28,20,0,20,48
06/02/2017,BPT,TX,ASW,CE,Towers with Radar,0,1,18,0,19,0,0,7,0,7,0,1,25,0,26,0,0,0,26
06/03/2017,BPT,TX,ASW,CE,Towers with Radar,0,5,9,0,14,0,0,6,0,6,0,5,15,0,20,29,0,29,49
06/04/2017,BPT,TX,ASW,CE,Towers with Radar,0,6,11,0,17,0,0,1,0,1,0,6,12,0,18,0,0,0,18
06/05/2017,BPT,TX,ASW,CE,Towers with Radar,0,5,9,1,15,0,2,1,0,3,0,7,10,1,18,90,0,90,108
06/06/2017,BPT,TX,ASW,CE,Towers with Radar,0,8,14,1,23,0,0,16,2,18,0,8,30,3,41,0,0,0,41
06/07/2017,BPT,TX,ASW,CE,Towers with Radar,0,16,13,0,29,0,3,44,0,47,0,19,57,0,76,22,0,22,98
06/08/2017,BPT,TX,ASW,CE,Towers with Radar,0,6,32,2,40,0,9,51,4,64,0,15,83,6,104,38,0,38,142
06/09/2017,BPT,TX,ASW,CE,Towers with Radar,0,4,22,0,26,0,4,22,1,27,0,8,44,1,53,68,0,68,121
06/10/2017,BPT,TX,ASW,CE,Towers with Radar,0,4,6,0,10,0,3,24,2,29,0,7,30,2,39,22,0,22,61
06/11/2017,BPT,TX,ASW,CE,Towers with Radar,0,4,10,0,14,0,0,11,0,11,0,4,21,0,25,52,0,52,77
06/12/2017,BPT,TX,ASW,CE,Towers with Radar,0,6,8,0,14,0,3,6,0,9,0,9,14,0,23,26,0,26,49
06/13/2017,BPT,TX,ASW,CE,Towers with Radar,0,5,13,2,20,0,0,15,0,15,0,5,28,2,35,46,0,46,81
06/14/2017,BPT,TX,ASW,CE,Towers with Radar,0,4,10,0,14,0,0,18,5,23,0,4,28,5,37,72,0,72,109
06/15/2017,BPT,TX,ASW,CE,Towers with Radar,0,4,23,0,27,0,1,19,0,20,0,5,42,0,47,0,0,0,47
06/16/2017,BPT,TX,ASW,CE,Towers with Radar,0,4,22,0,26,0,0,24,0,24,0,4,46,0,50,16,0,16,66
06/17/2017,BPT,TX,ASW,CE,Towers with Radar,1,4,16,2,23,0,2,14,0,16,1,6,30,2,39,8,0,8,47
06/18/2017,BPT,TX,ASW,CE,Towers with Radar,0,4,19,0,23,0,0,7,2,9,0,4,26,2,32,0,0,0,32
06/19/2017,BPT,TX,ASW,CE,Towers with Radar,0,4,23,0,27,0,0,8,2,10,0,4,31,2,37,8,0,8,45
06/20/2017,BPT,TX,ASW,CE,Towers with Radar,0,5,31,0,36,0,0,11,4,15,0,5,42,4,51,16,0,16,67
06/21/2017,BPT,TX,ASW,CE,Towers with Radar,0,5,14,0,19,0,0,3,0,3,0,5,17,0,22,0,0,0,22
06/22/2017,BPT,TX,ASW,CE,Towers with Radar,0,2,2,0,4,0,0,0,2,2,0,2,2,2,6,0,0,0,6
06/23/2017,BPT,TX,ASW,CE,Towers with Radar,0,4,19,0,23,0,0,9,3,12,0,4,28,3,35,64,0,64,99
06/24/2017,BPT,TX,ASW,CE,Towers with Radar,0,2,7,0,9,0,1,7,0,8,0,3,14,0,17,20,0,20,37
06/25/2017,BPT,TX,ASW,CE,Towers with Radar,0,6,13,0,19,0,0,4,0,4,0,6,17,0,23,0,0,0,23
06/26/2017,BPT,TX,ASW,CE,Towers with Radar,0,4,14,0,18,0,0,10,1,11,0,4,24,1,29,16,0,16,45
06/27/2017,BPT,TX,ASW,CE,Towers with Radar,0,6,26,0,32,0,0,16,0,16,0,6,42,0,48,36,0,36,84
06/28/2017,BPT,TX,ASW,CE,Towers with Radar,0,6,13,0,19,0,0,7,2,9,0,6,20,2,28,110,0,110,138
06/29/2017,BPT,TX,ASW,CE,Towers with Radar,0,6,7,2,15,0,1,1,0,2,0,7,8,2,17,20,0,20,37
06/30/2017,BPT,TX,ASW,CE,Towers with Radar,0,6,22,1,29,0,0,18,3,21,0,6,40,4,50,26,0,26,76
07/01/2017,BPT,TX,ASW,CE,Towers with Radar,0,4,17,0,21,0,0,23,0,23,0,4,40,0,44,22,0,22,66
07/02/2017,BPT,TX,ASW,CE,Towers with Radar,0,4,11,0,15,0,0,19,0,19,0,4,30,0,34,32,0,32,66
07/03/2017,BPT,TX,ASW,CE,Towers with Radar,0,4,4,0,8,0,0,25,0,25,0,4,29,0,33,20,0,20,53
07/04/2017,BPT,TX,ASW,CE,Towers with Radar,0,10,6,0,16,0,0,19,0,19,0,10,25,0,35,36,0,36,71
07/05/2017,BPT,TX,ASW,CE,Towers with Radar,0,5,15,0,20,0,0,22,0,22,0,5,37,0,42,28,0,28,70
07/06/2017,BPT,TX,ASW,CE,Towers with Radar,0,3,22,0,25,0,0,17,0,17,0,3,39,0,42,16,0,16,58
07/07/2017,BPT,TX,ASW,CE,Towers with Radar,0,4,16,0,20,0,6,21,2,29,0,10,37,2,49,68,0,68,117
07/08/2017,BPT,TX,ASW,CE,Towers with Radar,0,4,11,0,15,0,0,17,0,17,0,4,28,0,32,42,0,42,74
07/09/2017,BPT,TX,ASW,CE,Towers with Radar,0,4,6,0,10,0,0,6,0,6,0,4,12,0,16,10,0,10,26
07/10/2017,BPT,TX,ASW,CE,Towers with Radar,0,4,12,0,16,0,0,11,1,12,0,4,23,1,28,14,0,14,42
07/11/2017,BPT,TX,ASW,CE,Towers with Radar,0,4,11,0,15,0,3,13,4,20,0,7,24,4,35,10,0,10,45
07/12/2017,BPT,TX,ASW,CE,Towers with Radar,0,6,9,2,17,0,2,12,3,17,0,8,21,5,34,4,0,4,38
07/13/2017,BPT,TX,ASW,CE,Towers with Radar,0,4,8,0,12,0,0,19,6,25,0,4,27,6,37,0,0,0,37
07/14/2017,BPT,TX,ASW,CE,Towers with Radar,0,4,20,0,24,0,0,14,4,18,0,4,34,4,42,36,0,36,78
07/15/2017,BPT,TX,ASW,CE,Towers with Radar,0,10,10,0,20,0,0,3,0,3,0,10,13,0,23,2,0,2,25
07/16/2017,BPT,TX,ASW,CE,Towers with Radar,0,4,23,0,27,0,0,16,0,16,0,4,39,0,43,34,0,34,77
07/17/2017,BPT,TX,ASW,CE,Towers with Radar,0,4,18,1,23,0,0,15,3,18,0,4,33,4,41,22,0,22,63
07/18/2017,BPT,TX,ASW,CE,Towers with Radar,0,4,23,0,27,0,0,11,2,13,0,4,34,2,40,20,0,20,60
07/19/2017,BPT,TX,ASW,CE,Towers with Radar,0,4,27,0,31,0,0,16,0,16,0,4,43,0,47,60,0,60,107
07/20/2017,BPT,TX,ASW,CE,Towers with Radar,0,4,15,2,21,0,0,17,2,19,0,4,32,4,40,6,0,6,46
07/21/2017,BPT,TX,ASW,CE,Towers with Radar,0,4,12,2,18,0,0,12,0,12,0,4,24,2,30,38,0,38,68
07/22/2017,BPT,TX,ASW,CE,Towers with Radar,0,5,6,0,11,0,0,19,0,19,0,5,25,0,30,10,0,10,40
07/23/2017,BPT,TX,ASW,CE,Towers with Radar,0,4,9,0,13,0,0,6,0,6,0,4,15,0,19,32,0,32,51
07/24/2017,BPT,TX,ASW,CE,Towers with Radar,0,4,18,0,22,0,0,16,2,18,0,4,34,2,40,10,0,10,50
07/25/2017,BPT,TX,ASW,CE,Towers with Radar,0,4,19,0,23,0,0,12,2,14,0,4,31,2,37,26,0,26,63
07/26/2017,BPT,TX,ASW,CE,Towers with Radar,0,4,19,0,23,0,0,22,1,23,0,4,41,1,46,20,0,20,66
07/27/2017,BPT,TX,ASW,CE,Towers with Radar,0,4,25,0,29,0,4,21,2,27,0,8,46,2,56,42,0,42,98
07/28/2017,BPT,TX,ASW,CE,Towers with Radar,0,4,11,0,15,0,0,27,0,27,0,4,38,0,42,4,0,4,46
07/29/2017,BPT,TX,ASW,CE,Towers with Radar,0,4,13,0,17,0,0,11,2,13,0,4,24,2,30,8,0,8,38
07/30/2017,BPT,TX,ASW,CE,Towers with Radar,0,4,8,0,12,0,0,15,0,15,0,4,23,0,27,26,0,26,53
07/31/2017,BPT,TX,ASW,CE,Towers with Radar,0,4,12,0,16,0,0,20,0,20,0,4,32,0,36,44,0,44,80
08/01/2017,BPT,TX,ASW,CE,Towers with Radar,0,5,9,0,14,0,0,12,4,16,0,5,21,4,30,28,0,28,58
08/02/2017,BPT,TX,ASW,CE,Towers with Radar,0,9,12,0,21,0,0,6,0,6,0,9,18,0,27,8,0,8,35
08/03/2017,BPT,TX,ASW,CE,Towers with Radar,0,5,21,0,26,0,1,7,0,8,0,6,28,0,34,10,0,10,44
08/04/2017,BPT,TX,ASW,CE,Towers with Radar,0,8,11,0,19,0,2,11,2,15,0,10,22,2,34,24,0,24,58
08/05/2017,BPT,TX,ASW,CE,Towers with Radar,0,4,5,0,9,0,0,12,0,12,0,4,17,0,21,0,0,0,21
08/06/2017,BPT,TX,ASW,CE,Towers with Radar,0,5,11,0,16,0,0,14,0,14,0,5,25,0,30,16,0,16,46
08/07/2017,BPT,TX,ASW,CE,Towers with Radar,0,5,10,0,15,0,0,5,2,7,0,5,15,2,22,8,0,8,30
08/08/2017,BPT,TX,ASW,CE,Towers with Radar,0,4,12,0,16,0,1,2,1,4,0,5,14,1,20,0,0,0,20
08/09/2017,BPT,TX,ASW,CE,Towers with Radar,0,4,16,0,20,0,0,9,0,9,0,4,25,0,29,6,0,6,35
08/10/2017,BPT,TX,ASW,CE,Towers with Radar,0,4,20,0,24,0,0,22,2,24,0,4,42,2,48,26,0,26,74
08/11/2017,BPT,TX,ASW,CE,Towers with Radar,0,7,16,0,23,0,2,17,2,21,0,9,33,2,44,30,0,30,74
08/12/2017,BPT,TX,ASW,CE,Towers with Radar,0,4,6,0,10,0,1,12,0,13,0,5,18,0,23,36,0,36,59
08/13/2017,BPT,TX,ASW,CE,Towers with Radar,0,4,17,0,21,0,0,21,0,21,0,4,38,0,42,44,0,44,86
08/14/2017,BPT,TX,ASW,CE,Towers with Radar,0,6,15,2,23,0,0,16,0,16,0,6,31,2,39,24,0,24,63
08/15/2017,BPT,TX,ASW,CE,Towers with Radar,0,8,16,0,24,0,1,18,0,19,0,9,34,0,43,30,0,30,73
08/16/2017,BPT,TX,ASW,CE,Towers with Radar,0,6,17,1,24,0,0,17,2,19,0,6,34,3,43,70,0,70,113
08/17/2017,BPT,TX,ASW,CE,Towers with Radar,0,4,17,1,22,0,0,11,0,11,0,4,28,1,33,2,0,2,35
08/18/2017,BPT,TX,ASW,CE,Towers with Radar,0,4,13,4,21,0,0,15,0,15,0,4,28,4,36,18,0,18,54
08/19/2017,BPT,TX,ASW,CE,Towers with Radar,0,4,14,2,20,0,1,7,2,10,0,5,21,4,30,32,0,32,62
08/20/2017,BPT,TX,ASW,CE,Towers with Radar,0,4,14,0,18,0,3,12,0,15,0,7,26,0,33,0,0,0,33
08/21/2017,BPT,TX,ASW,CE,Towers with Radar,0,4,11,0,15,0,0,12,0,12,0,4,23,0,27,0,0,0,27
08/22/2017,BPT,TX,ASW,CE,Towers with Radar,0,6,9,0,15,0,0,17,0,17,0,6,26,0,32,0,0,0,32
08/23/2017,BPT,TX,ASW,CE,Towers with Radar,0,6,22,0,28,0,0,5,2,7,0,6,27,2,35,30,0,30,65
08/24/2017,BPT,TX,ASW,CE,Towers with Radar,0,4,23,0,27,0,2,6,2,10,0,6,29,2,37,26,0,26,63
08/25/2017,BPT,TX,ASW,CE,Towers with Radar,0,4,4,0,8,0,0,1,0,1,0,4,5,0,9,0,0,0,9
08/26/2017,BPT,TX,ASW,CE,Towers with Radar,0,4,0,0,4,0,0,0,0,0,0,4,0,0,4,0,0,0,4
08/27/2017,BPT,TX,ASW,CE,Towers with Radar,0,0,0,2,2,0,0,0,2,2,0,0,0,4,4,0,0,0,4
08/28/2017,BPT,TX,ASW,CE,Towers with Radar,0,0,0,1,1,0,0,0,2,2,0,0,0,3,3,0,0,0,3
08/29/2017,BPT,TX,ASW,CE,Towers with Radar,0,0,0,0,0,0,0,4,3,7,0,0,4,3,7,0,0,0,7
08/30/2017,BPT,TX,ASW,CE,Towers with Radar,0,2,1,6,9,0,8,19,88,115,0,10,20,94,124,0,0,0,124
08/31/2017,BPT,TX,ASW,CE,Towers with Radar,0,37,60,37,134,1,21,46,41,109,1,58,106,78,243,0,0,0,243
09/01/2017,BPT,TX,ASW,CE,Towers with Radar,2,106,112,56,276,0,35,101,44,180,2,141,213,100,456,0,0,0,456
09/02/2017,BPT,TX,ASW,CE,Towers with Radar,0,58,92,9,159,0,6,65,29,100,0,64,157,38,259,0,0,0,259
09/03/2017,BPT,TX,ASW,CE,Towers with Radar,0,38,47,11,96,0,11,117,38,166,0,49,164,49,262,0,0,0,262
09/04/2017,BPT,TX,ASW,CE,Towers with Radar,2,29,24,5,60,0,9,105,18,132,2,38,129,23,192,0,0,0,192
09/05/2017,BPT,TX,ASW,CE,Towers with Radar,0,12,22,2,36,0,6,90,16,112,0,18,112,18,148,6,0,6,154
09/06/2017,BPT,TX,ASW,CE,Towers with Radar,0,14,30,5,49,0,3,57,15,75,0,17,87,20,124,4,0,4,128
09/07/2017,BPT,TX,ASW,CE,Towers with Radar,0,10,25,0,35,0,1,50,0,51,0,11,75,0,86,0,0,0,86
09/08/2017,BPT,TX,ASW,CE,Towers with Radar,0,11,17,0,28,0,2,70,11,83,0,13,87,11,111,6,0,6,117
09/09/2017,BPT,TX,ASW,CE,Towers with Radar,0,8,16,6,30,0,4,86,0,90,0,12,102,6,120,8,0,8,128
09/10/2017,BPT,TX,ASW,CE,Towers with Radar,0,4,16,2,22,0,3,35,0,38,0,7,51,2,60,18,0,18,78
09/11/2017,BPT,TX,ASW,CE,Towers with Radar,0,4,7,0,11,0,1,20,0,21,0,5,27,0,32,0,0,0,32
09/12/2017,BPT,TX,ASW,CE,Towers with Radar,0,4,20,0,24,0,4,24,5,33,0,8,44,5,57,12,0,12,69
09/13/2017,BPT,TX,ASW,CE,Towers with Radar,0,4,26,1,31,0,0,24,3,27,0,4,50,4,58,30,0,30,88
09/14/2017,BPT,TX,ASW,CE,Towers with Radar,0,4,22,2,28,0,5,20,4,29,0,9,42,6,57,0,0,0,57
09/15/2017,BPT,TX,ASW,CE,Towers with Radar,0,8,22,2,32,0,0,21,1,22,0,8,43,3,54,10,0,10,64
09/16/2017,BPT,TX,ASW,CE,Towers with Radar,0,4,13,0,17,0,0,28,2,30,0,4,41,2,47,28,0,28,75
09/17/2017,BPT,TX,ASW,CE,Towers with Radar,0,4,15,0,19,0,0,7,0,7,0,4,22,0,26,0,0,0,26
09/18/2017,BPT,TX,ASW,CE,Towers with Radar,0,10,12,2,24,0,0,9,2,11,0,10,21,4,35,8,0,8,43
09/19/2017,BPT,TX,ASW,CE,Towers with Radar,0,5,20,0,25,0,0,10,5,15,0,5,30,5,40,24,0,24,64
09/20/2017,BPT,TX,ASW,CE,Towers with Radar,0,7,22,0,29,0,2,1,2,5,0,9,23,2,34,0,0,0,34
09/21/2017,BPT,TX,ASW,CE,Towers with Radar,0,5,33,2,40,0,0,16,2,18,0,5,49,4,58,6,0,6,64
09/22/2017,BPT,TX,ASW,CE,Towers with Radar,0,5,31,4,40,0,0,9,0,9,0,5,40,4,49,28,0,28,77
09/23/2017,BPT,TX,ASW,CE,Towers with Radar,0,5,4,0,9,0,0,4,0,4,0,5,8,0,13,0,0,0,13
09/24/2017,BPT,TX,ASW,CE,Towers with Radar,0,5,21,0,26,0,1,11,0,12,0,6,32,0,38,16,0,16,54
09/25/2017,BPT,TX,ASW,CE,Towers with Radar,0,6,13,0,19,0,0,8,0,8,0,6,21,0,27,12,0,12,39
09/26/2017,BPT,TX,ASW,CE,Towers with Radar,0,6,16,2,24,0,0,21,6,27,0,6,37,8,51,42,0,42,93
09/27/2017,BPT,TX,ASW,CE,Towers with Radar,0,3,20,0,23,0,1,22,0,23,0,4,42,0,46,10,0,10,56
09/28/2017,BPT,TX,ASW,CE,Towers with Radar,0,5,37,3,45,0,0,15,5,20,0,5,52,8,65,26,0,26,91
09/29/2017,BPT,TX,ASW,CE,Towers with Radar,0,5,31,1,37,0,4,25,7,36,0,9,56,8,73,20,0,20,93
09/30/2017,BPT,TX,ASW,CE,Towers with Radar,0,3,13,0,16,0,0,17,0,17,0,3,30,0,33,0,0,0,33
10/01/2017,BPT,TX,ASW,CE,Towers with Radar,0,4,11,0,15,0,0,19,0,19,0,4,30,0,34,22,0,22,56
10/02/2017,BPT,TX,ASW,CE,Towers with Radar,0,4,8,0,12,0,1,4,0,5,0,5,12,0,17,20,0,20,37
10/03/2017,BPT,TX,ASW,CE,Towers with Radar,0,4,14,0,18,0,0,4,0,4,0,4,18,0,22,0,8,8,30
10/04/2017,BPT,TX,ASW,CE,Towers with Radar,0,7,18,0,25,0,1,20,0,21,0,8,38,0,46,24,0,24,70
10/05/2017,BPT,TX,ASW,CE,Towers with Radar,0,4,13,0,17,0,0,20,3,23,0,4,33,3,40,10,0,10,50
10/06/2017,BPT,TX,ASW,CE,Towers with Radar,0,4,26,0,30,0,7,18,0,25,0,11,44,0,55,36,0,36,91
10/07/2017,BPT,TX,ASW,CE,Towers with Radar,0,4,8,0,12,0,0,2,0,2,0,4,10,0,14,0,0,0,14
10/08/2017,BPT,TX,ASW,CE,Towers with Radar,0,3,26,0,29,0,0,18,2,20,0,3,44,2,49,0,0,0,49
10/09/2017,BPT,TX,ASW,CE,Towers with Radar,0,4,10,1,15,0,0,9,2,11,0,4,19,3,26,26,0,26,52
10/10/2017,BPT,TX,ASW,CE,Towers with Radar,0,6,10,0,16,0,0,13,0,13,0,6,23,0,29,10,0,10,39
10/11/2017,BPT,TX,ASW,CE,Towers with Radar,0,4,13,2,19,0,3,22,2,27,0,7,35,4,46,26,0,26,72
10/12/2017,BPT,TX,ASW,CE,Towers with Radar,0,4,19,0,23,0,1,19,3,23,0,5,38,3,46,0,0,0,46
10/13/2017,BPT,TX,ASW,CE,Towers with Radar,0,6,26,2,34,0,0,10,0,10,0,6,36,2,44,4,0,4,48
10/14/2017,BPT,TX,ASW,CE,Towers with Radar,0,4,9,0,13,0,0,24,0,24,0,4,33,0,37,22,0,22,59
10/15/2017,BPT,TX,ASW,CE,Towers with Radar,0,6,17,0,23,0,1,9,0,10,0,7,26,0,33,10,0,10,43
10/16/2017,BPT,TX,ASW,CE,Towers with Radar,0,4,14,2,20,0,0,1,1,2,0,4,15,3,22,0,2,2,24
10/17/2017,BPT,TX,ASW,CE,Towers with Radar,0,6,12,2,20,0,0,16,0,16,0,6,28,2,36,6,0,6,42
10/18/2017,BPT,TX,ASW,CE,Towers with Radar,0,8,33,0,41,0,0,9,0,9,0,8,42,0,50,10,0,10,60
10/19/2017,BPT,TX,ASW,CE,Towers with Radar,0,7,29,0,36,0,0,10,3,13,0,7,39,3,49,64,0,64,113
10/20/2017,BPT,TX,ASW,CE,Towers with Radar,0,4,15,4,23,0,0,0,0,0,0,4,15,4,23,22,0,22,45
10/21/2017,BPT,TX,ASW,CE,Towers with Radar,0,4,7,0,11,0,0,4,0,4,0,4,11,0,15,0,0,0,15
10/22/2017,BPT,TX,ASW,CE,Towers with Radar,0,4,15,0,19,0,2,2,0,4,0,6,17,0,23,0,0,0,23
10/23/2017,BPT,TX,ASW,CE,Towers with Radar,0,8,25,4,37,0,0,19,2,21,0,8,44,6,58,42,0,42,100
10/24/2017,BPT,TX,ASW,CE,Towers with Radar,0,4,21,0,25,0,0,14,6,20,0,4,35,6,45,0,0,0,45
10/25/2017,BPT,TX,ASW,CE,Towers with Radar,0,8,26,1,35,0,0,7,3,10,0,8,33,4,45,14,0,14,59
10/26/2017,BPT,TX,ASW,CE,Towers with Radar,0,4,13,2,19,0,2,13,7,22,0,6,26,9,41,2,0,2,43
10/27/2017,BPT,TX,ASW,CE,Towers with Radar,0,8,22,0,30,0,0,3,2,5,0,8,25,2,35,6,0,6,41
10/28/2017,BPT,TX,ASW,CE,Towers with Radar,0,4,6,0,10,0,0,12,0,12,0,4,18,0,22,0,0,0,22
10/29/2017,BPT,TX,ASW,CE,Towers with Radar,0,4,19,0,23,0,0,12,0,12,0,4,31,0,35,12,0,12,47
10/30/2017,BPT,TX,ASW,CE,Towers with Radar,0,4,18,0,22,0,0,15,0,15,0,4,33,0,37,66,0,66,103
10/31/2017,BPT,TX,ASW,CE,Towers with Radar,0,3,19,4,26,0,0,12,0,12,0,3,31,4,38,14,0,14,52
11/01/2017,BPT,TX,ASW,CE,Towers with Radar,0,6,12,4,22,0,0,6,0,6,0,6,18,4,28,0,0,0,28
11/02/2017,BPT,TX,ASW,CE,Towers with Radar,0,4,38,0,42,0,1,15,2,18,0,5,53,2,60,0,0,0,60
11/03/2017,BPT,TX,ASW,CE,Towers with Radar,0,6,11,4,21,0,0,16,0,16,0,6,27,4,37,12,0,12,49
11/04/2017,BPT,TX,ASW,CE,Towers with Radar,0,4,13,0,17,0,0,7,1,8,0,4,20,1,25,28,0,28,53
11/05/2017,BPT,TX,ASW,CE,Towers with Radar,0,6,21,0,27,0,0,6,0,6,0,6,27,0,33,0,0,0,33
11/06/2017,BPT,TX,ASW,CE,Towers with Radar,0,4,18,0,22,0,0,14,0,14,0,4,32,0,36,44,0,44,80
11/07/2017,BPT,TX,ASW,CE,Towers with Radar,0,8,18,0,26,0,3,11,6,20,0,11,29,6,46,4,0,4,50
11/08/2017,BPT,TX,ASW,CE,Towers with Radar,0,5,26,0,31,0,0,2,0,2,0,5,28,0,33,0,0,0,33
11/09/2017,BPT,TX,ASW,CE,Towers with Radar,0,6,14,0,20,0,0,6,0,6,0,6,20,0,26,0,0,0,26
11/10/2017,BPT,TX,ASW,CE,Towers with Radar,0,5,18,0,23,0,0,17,0,17,0,5,35,0,40,2,0,2,42
11/11/2017,BPT,TX,ASW,CE,Towers with Radar,0,4,8,0,12,0,3,19,2,24,0,7,27,2,36,32,0,32,68
11/12/2017,BPT,TX,ASW,CE,Towers with Radar,0,3,8,0,11,0,0,11,0,11,0,3,19,0,22,0,0,0,22
11/13/2017,BPT,TX,ASW,CE,Towers with Radar,0,12,25,2,39,0,0,29,4,33,0,12,54,6,72,8,0,8,80
11/14/2017,BPT,TX,ASW,CE,Towers with Radar,0,4,21,2,27,0,0,25,2,27,0,4,46,4,54,2,0,2,56
11/15/2017,BPT,TX,ASW,CE,Towers with Radar,0,4,12,3,19,0,0,9,6,15,0,4,21,9,34,32,0,32,66
11/16/2017,BPT,TX,ASW,CE,Towers with Radar,0,6,14,0,20,0,0,12,2,14,0,6,26,2,34,0,0,0,34
11/17/2017,BPT,TX,ASW,CE,Towers with Radar,0,8,25,0,33,0,0,13,2,15,0,8,38,2,48,42,0,42,90
11/18/2017,BPT,TX,ASW,CE,Towers with Radar,0,4,15,0,19,0,0,0,0,0,0,4,15,0,19,6,0,6,25
11/19/2017,BPT,TX,ASW,CE,Towers with Radar,0,6,12,0,18,0,0,11,0,11,0,6,23,0,29,0,0,0,29
11/20/2017,BPT,TX,ASW,CE,Towers with Radar,0,9,12,0,21,0,0,12,7,19,0,9,24,7,40,0,0,0,40
11/21/2017,BPT,TX,ASW,CE,Towers with Radar,0,6,22,2,30,0,0,4,0,4,0,6,26,2,34,10,0,10,44
11/22/2017,BPT,TX,ASW,CE,Towers with Radar,0,8,22,0,30,0,0,15,0,15,0,8,37,0,45,0,0,0,45
11/23/2017,BPT,TX,ASW,CE,Towers with Radar,0,3,8,0,11,0,1,1,0,2,0,4,9,0,13,0,0,0,13
11/24/2017,BPT,TX,ASW,CE,Towers with Radar,0,4,9,0,13,0,0,13,0,13,0,4,22,0,26,20,0,20,46
11/25/2017,BPT,TX,ASW,CE,Towers with Radar,0,8,12,0,20,0,0,11,0,11,0,8,23,0,31,12,0,12,43
11/26/2017,BPT,TX,ASW,CE,Towers with Radar,0,7,11,0,18,0,0,16,0,16,0,7,27,0,34,18,0,18,52
11/27/2017,BPT,TX,ASW,CE,Towers with Radar,0,6,10,0,16,0,0,15,1,16,0,6,25,1,32,0,0,0,32
11/28/2017,BPT,TX,ASW,CE,Towers with Radar,0,8,17,0,25,0,0,20,0,20,0,8,37,0,45,28,2,30,75
11/29/2017,BPT,TX,ASW,CE,Towers with Radar,0,6,24,3,33,0,0,10,5,15,0,6,34,8,48,18,0,18,66
11/30/2017,BPT,TX,ASW,CE,Towers with Radar,0,6,26,0,32,0,0,20,0,20,0,6,46,0,52,6,0,6,58
12/01/2017,BPT,TX,ASW,CE,Towers with Radar,0,4,16,0,20,0,0,15,2,17,0,4,31,2,37,8,0,8,45
12/02/2017,BPT,TX,ASW,CE,Towers with Radar,0,4,10,0,14,0,1,12,0,13,0,5,22,0,27,4,0,4,31
12/03/2017,BPT,TX,ASW,CE,Towers with Radar,0,4,17,0,21,0,0,4,0,4,0,4,21,0,25,0,0,0,25
12/04/2017,BPT,TX,ASW,CE,Towers with Radar,0,7,23,0,30,0,0,4,0,4,0,7,27,0,34,0,0,0,34
12/05/2017,BPT,TX,ASW,CE,Towers with Radar,0,3,11,0,14,0,0,0,4,4,0,3,11,4,18,0,0,0,18
12/06/2017,BPT,TX,ASW,CE,Towers with Radar,0,7,25,0,32,0,0,2,8,10,0,7,27,8,42,0,0,0,42
12/07/2017,BPT,TX,ASW,CE,Towers with Radar,0,4,34,0,38,0,0,1,2,3,0,4,35,2,41,0,0,0,41
12/08/2017,BPT,TX,ASW,CE,Towers with Radar,0,2,27,0,29,0,0,9,6,15,0,2,36,6,44,8,0,8,52
12/09/2017,BPT,TX,ASW,CE,Towers with Radar,0,5,16,1,22,0,5,5,7,17,0,10,21,8,39,0,0,0,39
12/10/2017,BPT,TX,ASW,CE,Towers with Radar,0,6,17,1,24,0,0,8,1,9,0,6,25,2,33,12,0,12,45
12/11/2017,BPT,TX,ASW,CE,Towers with Radar,0,6,17,1,24,0,1,7,11,19,0,7,24,12,43,0,20,20,63
12/12/2017,BPT,TX,ASW,CE,Towers with Radar,0,4,16,0,20,0,4,12,0,16,0,8,28,0,36,4,0,4,40
12/13/2017,BPT,TX,ASW,CE,Towers with Radar,0,6,23,8,37,0,1,14,3,18,0,7,37,11,55,16,0,16,71
12/14/2017,BPT,TX,ASW,CE,Towers with Radar,0,8,28,0,36,0,1,11,4,16,0,9,39,4,52,16,0,16,68
12/15/2017,BPT,TX,ASW,CE,Towers with Radar,0,6,26,4,36,0,0,15,0,15,0,6,41,4,51,2,0,2,53
12/16/2017,BPT,TX,ASW,CE,Towers with Radar,0,4,17,1,22,0,1,12,2,15,0,5,29,3,37,8,0,8,45
12/17/2017,BPT,TX,ASW,CE,Towers with Radar,1,4,12,0,17,0,1,4,0,5,1,5,16,0,22,0,0,0,22
12/18/2017,BPT,TX,ASW,CE,Towers with Radar,0,6,14,0,20,0,1,1,0,2,0,7,15,0,22,0,0,0,22
12/19/2017,BPT,TX,ASW,CE,Towers with Radar,0,7,27,11,45,0,0,2,0,2,0,7,29,11,47,0,2,2,49
12/20/2017,BPT,TX,ASW,CE,Towers with Radar,0,3,25,2,30,0,0,33,0,33,0,3,58,2,63,60,0,60,123
12/21/2017,BPT,TX,ASW,CE,Towers with Radar,0,6,21,0,27,0,0,1,0,1,0,6,22,0,28,0,0,0,28
12/22/2017,BPT,TX,ASW,CE,Towers with Radar,0,6,17,2,25,0,1,0,1,2,0,7,17,3,27,6,0,6,33
12/23/2017,BPT,TX,ASW,CE,Towers with Radar,0,4,7,0,11,0,0,22,1,23,0,4,29,1,34,0,0,0,34
12/24/2017,BPT,TX,ASW,CE,Towers with Radar,0,5,9,0,14,0,1,9,0,10,0,6,18,0,24,0,0,0,24
12/25/2017,BPT,TX,ASW,CE,Towers with Radar,0,5,4,0,9,0,1,9,0,10,0,6,13,0,19,8,0,8,27
12/26/2017,BPT,TX,ASW,CE,Towers with Radar,0,4,23,0,27,0,0,0,0,0,0,4,23,0,27,42,0,42,69
12/27/2017,BPT,TX,ASW,CE,Towers with Radar,0,8,12,0,20,0,0,0,0,0,0,8,12,0,20,0,0,0,20
12/28/2017,BPT,TX,ASW,CE,Towers with Radar,0,3,15,0,18,0,0,5,0,5,0,3,20,0,23,54,0,54,77
12/29/2017,BPT,TX,ASW,CE,Towers with Radar,0,5,13,0,18,0,2,22,0,24,0,7,35,0,42,58,0,58,100
12/30/2017,BPT,TX,ASW,CE,Towers with Radar,0,5,10,0,15,0,0,4,0,4,0,5,14,0,19,16,0,16,35
12/31/2017,BPT,TX,ASW,CE,Towers with Radar,0,4,5,0,9,0,0,2,0,2,0,4,7,0,11,0,0,0,11
01/01/2018,BPT,TX,ASW,CE,Towers with Radar,0,6,7,0,13,0,0,10,0,10,0,6,17,0,23,32,0,32,55
01/02/2018,BPT,TX,ASW,CE,Towers with Radar,0,3,10,0,13,0,5,16,0,21,0,8,26,0,34,0,0,0,34
01/03/2018,BPT,TX,ASW,CE,Towers with Radar,0,4,7,0,11,0,2,12,3,17,0,6,19,3,28,22,0,22,50
01/04/2018,BPT,TX,ASW,CE,Towers with Radar,0,8,19,2,29,0,1,10,0,11,0,9,29,2,40,20,0,20,60
01/05/2018,BPT,TX,ASW,CE,Towers with Radar,0,3,13,2,18,0,0,18,2,20,0,3,31,4,38,18,0,18,56
01/06/2018,BPT,TX,ASW,CE,Towers with Radar,0,4,7,0,11,0,0,22,2,24,0,4,29,2,35,54,0,54,89
01/07/2018,BPT,TX,ASW,CE,Towers with Radar,0,3,12,2,17,0,0,0,1,1,0,3,12,3,18,0,0,0,18
01/08/2018,BPT,TX,ASW,CE,Towers with Radar,0,4,16,0,20,0,1,6,4,11,0,5,22,4,31,0,0,0,31
01/09/2018,BPT,TX,ASW,CE,Towers with Radar,0,7,22,0,29,0,0,2,0,2,0,7,24,0,31,9,0,9,40
01/10/2018,BPT,TX,ASW,CE,Towers with Radar,0,6,12,0,18,0,1,6,0,7,0,7,18,0,25,20,0,20,45
01/11/2018,BPT,TX,ASW,CE,Towers with Radar,0,5,20,0,25,0,0,6,0,6,0,5,26,0,31,0,0,0,31
01/12/2018,BPT,TX,ASW,CE,Towers with Radar,0,6,14,4,24,0,0,19,0,19,0,6,33,4,43,32,0,32,75
01/13/2018,BPT,TX,ASW,CE,Towers with Radar,0,4,6,0,10,0,0,18,0,18,0,4,24,0,28,8,0,8,36
01/14/2018,BPT,TX,ASW,CE,Towers with Radar,0,6,22,0,28,0,0,38,0,38,0,6,60,0,66,4,0,4,70
01/15/2018,BPT,TX,ASW,CE,Towers with Radar,0,5,7,0,12,0,0,22,0,22,0,5,29,0,34,0,0,0,34
01/16/2018,BPT,TX,ASW,CE,Towers with Radar,0,1,0,0,1,0,0,0,0,0,0,1,0,0,1,0,0,0,1
01/17/2018,BPT,TX,ASW,CE,Towers with Radar,0,1,5,0,6,0,0,2,1,3,0,1,7,1,9,0,0,0,9
01/18/2018,BPT,TX,ASW,CE,Towers with Radar,0,8,11,0,19,0,0,15,1,16,0,8,26,1,35,32,0,32,67
01/19/2018,BPT,TX,ASW,CE,Towers with Radar,0,5,24,0,29,0,0,15,1,16,0,5,39,1,45,16,0,16,61
01/20/2018,BPT,TX,ASW,CE,Towers with Radar,0,5,3,0,8,0,2,2,2,6,0,7,5,2,14,0,0,0,14
01/21/2018,BPT,TX,ASW,CE,Towers with Radar,0,8,15,0,23,0,1,4,0,5,0,9,19,0,28,0,0,0,28
01/22/2018,BPT,TX,ASW,CE,Towers with Radar,0,6,10,0,16,0,0,7,0,7,0,6,17,0,23,4,0,4,27
01/23/2018,BPT,TX,ASW,CE,Towers with Radar,0,15,28,0,43,0,6,24,2,32,0,21,52,2,75,0,0,0,75
01/24/2018,BPT,TX,ASW,CE,Towers with Radar,0,4,18,0,22,0,0,5,1,6,0,4,23,1,28,0,0,0,28
01/25/2018,BPT,TX,ASW,CE,Towers with Radar,0,4,16,3,23,0,1,9,6,16,0,5,25,9,39,20,0,20,59
01/26/2018,BPT,TX,ASW,CE,Towers with Radar,0,4,12,15,31,0,0,10,2,12,0,4,22,17,43,14,0,14,57
01/27/2018,BPT,TX,ASW,CE,Towers with Radar,0,5,1,0,6,0,0,0,0,0,0,5,1,0,6,0,0,0,6
01/28/2018,BPT,TX,ASW,CE,Towers with Radar,0,7,9,2,18,0,0,10,0,10,0,7,19,2,28,4,0,4,32
01/29/2018,BPT,TX,ASW,CE,Towers with Radar,0,6,20,3,29,0,1,13,0,14,0,7,33,3,43,10,2,12,55
01/30/2018,BPT,TX,ASW,CE,Towers with Radar,0,4,21,2,27,0,0,14,14,28,0,4,35,16,55,16,46,62,117
01/31/2018,BPT,TX,ASW,CE,Towers with Radar,0,4,16,8,28,0,0,17,5,22,0,4,33,13,50,18,34,52,102
02/01/2018,BPT,TX,ASW,CE,Towers with Radar,0,5,22,2,29,1,0,9,6,16,1,5,31,8,45,38,0,38,83
02/02/2018,BPT,TX,ASW,CE,Towers with Radar,0,4,16,0,20,0,0,10,11,21,0,4,26,11,41,28,0,28,69
02/03/2018,BPT,TX,ASW,CE,Towers with Radar,0,6,14,0,20,0,0,11,0,11,0,6,25,0,31,6,0,6,37
02/04/2018,BPT,TX,ASW,CE,Towers with Radar,0,3,14,0,17,0,0,3,1,4,0,3,17,1,21,0,0,0,21
02/05/2018,BPT,TX,ASW,CE,Towers with Radar,0,8,29,0,37,0,0,2,0,2,0,8,31,0,39,28,0,28,67
02/06/2018,BPT,TX,ASW,CE,Towers with Radar,0,3,27,0,30,0,0,0,0,0,0,3,27,0,30,0,0,0,30
02/07/2018,BPT,TX,ASW,CE,Towers with Radar,0,6,14,0,20,0,0,0,0,0,0,6,14,0,20,0,0,0,20
02/08/2018,BPT,TX,ASW,CE,Towers with Radar,0,4,15,4,23,0,0,22,0,22,0,4,37,4,45,42,0,42,87
02/09/2018,BPT,TX,ASW,CE,Towers with Radar,0,3,31,4,38,0,0,7,0,7,0,3,38,4,45,16,0,16,61
02/10/2018,BPT,TX,ASW,CE,Towers with Radar,0,3,5,0,8,0,0,0,0,0,0,3,5,0,8,0,0,0,8
02/11/2018,BPT,TX,ASW,CE,Towers with Radar,0,2,15,0,17,0,0,4,0,4,0,2,19,0,21,0,0,0,21
02/12/2018,BPT,TX,ASW,CE,Towers with Radar,0,4,7,0,11,0,0,0,2,2,0,4,7,2,13,0,0,0,13
02/13/2018,BPT,TX,ASW,CE,Towers with Radar,0,6,20,4,30,0,0,0,0,0,0,6,20,4,30,0,0,0,30
02/14/2018,BPT,TX,ASW,CE,Towers with Radar,0,5,6,5,16,0,1,3,0,4,0,6,9,5,20,0,0,0,20
02/15/2018,BPT,TX,ASW,CE,Towers with Radar,0,2,22,1,25,0,0,0,4,4,0,2,22,5,29,0,0,0,29
02/16/2018,BPT,TX,ASW,CE,Towers with Radar,0,4,21,2,27,0,0,10,0,10,0,4,31,2,37,8,0,8,45
02/17/2018,BPT,TX,ASW,CE,Towers with Radar,0,3,11,0,14,0,0,4,0,4,0,3,15,0,18,0,0,0,18
02/18/2018,BPT,TX,ASW,CE,Towers with Radar,0,9,12,0,21,0,0,0,0,0,0,9,12,0,21,8,0,8,29
02/19/2018,BPT,TX,ASW,CE,Towers with Radar,0,3,16,0,19,0,0,7,2,9,0,3,23,2,28,18,0,18,46
02/20/2018,BPT,TX,ASW,CE,Towers with Radar,0,5,27,2,34,0,0,1,0,1,0,5,28,2,35,0,0,0,35
02/21/2018,BPT,TX,ASW,CE,Towers with Radar,0,5,20,10,35,0,0,1,0,1,0,5,21,10,36,0,0,0,36
02/22/2018,BPT,TX,ASW,CE,Towers with Radar,0,6,34,4,44,0,0,5,1,6,0,6,39,5,50,10,0,10,60
02/23/2018,BPT,TX,ASW,CE,Towers with Radar,0,3,20,0,23,0,0,9,2,11,0,3,29,2,34,54,0,54,88
02/24/2018,BPT,TX,ASW,CE,Towers with Radar,2,4,15,4,25,0,0,0,5,5,2,4,15,9,30,10,0,10,40
02/25/2018,BPT,TX,ASW,CE,Towers with Radar,0,5,12,0,17,0,0,0,0,0,0,5,12,0,17,0,0,0,17
02/26/2018,BPT,TX,ASW,CE,Towers with Radar,0,5,19,2,26,0,0,25,9,34,0,5,44,11,60,90,0,90,150
02/27/2018,BPT,TX,ASW,CE,Towers with Radar,0,3,15,2,20,0,0,2,2,4,0,3,17,4,24,0,0,0,24
02/28/2018,BPT,TX,ASW,CE,Towers with Radar,0,3,22,1,26,0,0,5,0,5,0,3,27,1,31,0,6,6,37
03/01/2018,BPT,TX,ASW,CE,Towers with Radar,0,3,15,1,19,0,0,12,2,14,0,3,27,3,33,26,0,26,59
03/02/2018,BPT,TX,ASW,CE,Towers with Radar,0,4,18,0,22,0,0,33,3,36,0,4,51,3,58,28,0,28,86
03/03/2018,BPT,TX,ASW,CE,Towers with Radar,0,4,5,0,9,0,0,39,4,43,0,4,44,4,52,6,0,6,58
03/04/2018,BPT,TX,ASW,CE,Towers with Radar,0,6,11,0,17,0,0,11,0,11,0,6,22,0,28,0,0,0,28
03/05/2018,BPT,TX,ASW,CE,Towers with Radar,0,3,9,0,12,0,0,3,0,3,0,3,12,0,15,0,0,0,15
03/06/2018,BPT,TX,ASW,CE,Towers with Radar,0,3,8,0,11,0,0,14,0,14,0,3,22,0,25,16,0,16,41
03/07/2018,BPT,TX,ASW,CE,Towers with Radar,0,6,18,0,24,0,0,15,2,17,0,6,33,2,41,24,0,24,65
03/08/2018,BPT,TX,ASW,CE,Towers with Radar,0,4,8,0,12,0,0,9,4,13,0,4,17,4,25,26,0,26,51
03/09/2018,BPT,TX,ASW,CE,Towers with Radar,0,5,26,0,31,0,0,10,0,10,0,5,36,0,41,0,0,0,41
03/10/2018,BPT,TX,ASW,CE,Towers with Radar,0,4,8,0,12,0,0,2,4,6,0,4,10,4,18,6,0,6,24
03/11/2018,BPT,TX,ASW,CE,Towers with Radar,0,3,12,0,15,0,0,2,0,2,0,3,14,0,17,0,0,0,17
03/12/2018,BPT,TX,ASW,CE,Towers with Radar,0,3,17,2,22,0,0,9,2,11,0,3,26,4,33,22,2,24,57
03/13/2018,BPT,TX,ASW,CE,Towers with Radar,0,5,14,1,20,0,1,24,4,29,0,6,38,5,49,0,0,0,49
03/14/2018,BPT,TX,ASW,CE,Towers with Radar,0,3,16,0,19,0,0,12,0,12,0,3,28,0,31,26,0,26,57
03/15/2018,BPT,TX,ASW,CE,Towers with Radar,0,10,12,0,22,0,0,5,0,5,0,10,17,0,27,4,0,4,31
03/16/2018,BPT,TX,ASW,CE,Towers with Radar,0,4,13,0,17,0,0,6,0,6,0,4,19,0,23,0,0,0,23
03/17/2018,BPT,TX,ASW,CE,Towers with Radar,0,6,12,2,20,0,0,6,2,8,0,6,18,4,28,22,0,22,50
03/18/2018,BPT,TX,ASW,CE,Towers with Radar,0,6,18,4,28,0,1,6,0,7,0,7,24,4,35,20,0,20,55
03/19/2018,BPT,TX,ASW,CE,Towers with Radar,0,5,13,0,18,0,0,29,4,33,0,5,42,4,51,24,6,30,81
03/20/2018,BPT,TX,ASW,CE,Towers with Radar,0,6,33,0,39,0,0,16,0,16,0,6,49,0,55,14,0,14,69
03/21/2018,BPT,TX,ASW,CE,Towers with Radar,1,10,16,0,27,0,0,17,0,17,1,10,33,0,44,0,0,0,44
03/22/2018,BPT,TX,ASW,CE,Towers with Radar,0,7,17,0,24,0,0,25,3,28,0,7,42,3,52,0,0,0,52
03/23/2018,BPT,TX,ASW,CE,Towers with Radar,0,3,19,0,22,0,0,14,2,16,0,3,33,2,38,42,0,42,80
03/24/2018,BPT,TX,ASW,CE,Towers with Radar,0,4,13,0,17,0,0,1,0,1,0,4,14,0,18,0,0,0,18
03/25/2018,BPT,TX,ASW,CE,Towers with Radar,0,6,16,0,22,0,0,13,2,15,0,6,29,2,37,0,0,0,37
03/26/2018,BPT,TX,ASW,CE,Towers with Radar,0,8,29,1,38,0,0,16,5,21,0,8,45,6,59,0,0,0,59
03/27/2018,BPT,TX,ASW,CE,Towers with Radar,0,2,30,2,34,0,0,9,0,9,0,2,39,2,43,0,0,0,43
03/28/2018,BPT,TX,ASW,CE,Towers with Radar,0,3,16,0,19,0,0,5,2,7,0,3,21,2,26,0,0,0,26
03/29/2018,BPT,TX,ASW,CE,Towers with Radar,0,2,28,1,31,0,1,10,12,23,0,3,38,13,54,4,0,4,58
03/30/2018,BPT,TX,ASW,CE,Towers with Radar,0,6,25,1,32,0,0,9,4,13,0,6,34,5,45,6,0,6,51
03/31/2018,BPT,TX,ASW,CE,Towers with Radar,0,4,8,0,12,0,0,18,2,20,0,4,26,2,32,0,0,0,32
04/01/2018,BPT,TX,ASW,CE,Towers with Radar,0,3,17,0,20,0,0,16,2,18,0,3,33,2,38,6,0,6,44
04/02/2018,BPT,TX,ASW,CE,Towers with Radar,0,7,16,6,29,0,0,6,0,6,0,7,22,6,35,4,4,8,43
04/03/2018,BPT,TX,ASW,CE,Towers with Radar,0,9,25,5,39,0,0,2,0,2,0,9,27,5,41,0,0,0,41
04/04/2018,BPT,TX,ASW,CE,Towers with Radar,0,5,20,0,25,0,0,14,2,16,0,5,34,2,41,10,0,10,51
04/05/2018,BPT,TX,ASW,CE,Towers with Radar,0,4,26,1,31,0,0,8,1,9,0,4,34,2,40,8,0,8,48
04/06/2018,BPT,TX,ASW,CE,Towers with Radar,0,4,23,10,37,0,1,2,1,4,0,5,25,11,41,0,0,0,41
04/07/2018,BPT,TX,ASW,CE,Towers with Radar,0,5,6,0,11,0,0,1,0,1,0,5,7,0,12,0,0,0,12
04/08/2018,BPT,TX,ASW,CE,Towers with Radar,0,4,17,0,21,0,0,2,0,2,0,4,19,0,23,0,0,0,23
04/09/2018,BPT,TX,ASW,CE,Towers with Radar,0,7,15,0,22,0,0,7,0,7,0,7,22,0,29,0,0,0,29
04/10/2018,BPT,TX,ASW,CE,Towers with Radar,0,9,9,0,18,0,0,17,0,17,0,9,26,0,35,0,0,0,35
04/11/2018,BPT,TX,ASW,CE,Towers with Radar,0,7,15,0,22,0,0,27,2,29,0,7,42,2,51,0,0,0,51
04/12/2018,BPT,TX,ASW,CE,Towers with Radar,0,6,11,2,19,0,0,23,0,23,0,6,34,2,42,28,0,28,70
04/13/2018,BPT,TX,ASW,CE,Towers with Radar,0,4,8,1,13,0,0,0,1,1,0,4,8,2,14,0,0,0,14
04/14/2018,BPT,TX,ASW,CE,Towers with Radar,0,4,5,0,9,0,0,8,1,9,0,4,13,1,18,0,0,0,18
04/15/2018,BPT,TX,ASW,CE,Towers with Radar,0,6,5,2,13,0,0,14,0,14,0,6,19,2,27,0,0,0,27
04/16/2018,BPT,TX,ASW,CE,Towers with Radar,0,4,21,6,31,0,0,24,1,25,0,4,45,7,56,0,0,0,56
04/17/2018,BPT,TX,ASW,CE,Towers with Radar,0,4,11,2,17,0,0,25,1,26,0,4,36,3,43,4,0,4,47
04/18/2018,BPT,TX,ASW,CE,Towers with Radar,0,8,31,2,41,0,0,24,5,29,0,8,55,7,70,22,0,22,92
04/19/2018,BPT,TX,ASW,CE,Towers with Radar,0,7,8,4,19,0,0,17,8,25,0,7,25,12,44,0,0,0,44
04/20/2018,BPT,TX,ASW,CE,Towers with Radar,0,3,24,0,27,0,0,21,5,26,0,3,45,5,53,10,0,10,63
04/21/2018,BPT,TX,ASW,CE,Towers with Radar,0,3,2,0,5,0,0,10,3,13,0,3,12,3,18,0,0,0,18
04/22/2018,BPT,TX,ASW,CE,Towers with Radar,0,5,17,0,22,0,0,5,0,5,0,5,22,0,27,0,0,0,27
04/23/2018,BPT,TX,ASW,CE,Towers with Radar,0,13,20,8,41,0,0,18,1,19,0,13,38,9,60,20,0,20,80
04/24/2018,BPT,TX,ASW,CE,Towers with Radar,0,4,21,0,25,0,0,25,1,26,0,4,46,1,51,0,0,0,51
04/25/2018,BPT,TX,ASW,CE,Towers with Radar,0,4,9,0,13,0,0,19,2,21,0,4,28,2,34,0,0,0,34
04/26/2018,BPT,TX,ASW,CE,Towers with Radar,0,11,21,5,37,0,0,13,1,14,0,11,34,6,51,16,0,16,67
04/27/2018,BPT,TX,ASW,CE,Towers with Radar,0,6,9,0,15,0,0,12,2,14,0,6,21,2,29,0,0,0,29
04/28/2018,BPT,TX,ASW,CE,Towers with Radar,0,4,13,0,17,0,0,46,0,46,0,4,59,0,63,0,0,0,63
04/29/2018,BPT,TX,ASW,CE,Towers with Radar,0,10,8,0,18,0,0,13,0,13,0,10,21,0,31,0,0,0,31
04/30/2018,BPT,TX,ASW,CE,Towers with Radar,0,6,7,0,13,0,1,13,2,16,0,7,20,2,29,0,0,0,29
05/01/2018,BPT,TX,ASW,CE,Towers with Radar,2,5,20,10,37,0,0,13,0,13,2,5,33,10,50,0,0,0,50
05/02/2018,BPT,TX,ASW,CE,Towers with Radar,0,10,15,2,27,0,0,8,2,10,0,10,23,4,37,0,0,0,37
05/03/2018,BPT,TX,ASW,CE,Towers with Radar,0,1,23,0,24,0,0,2,4,6,0,1,25,4,30,0,0,0,30
05/04/2018,BPT,TX,ASW,CE,Towers with Radar,0,4,20,0,24,0,0,5,0,5,0,4,25,0,29,2,0,2,31
05/05/2018,BPT,TX,ASW,CE,Towers with Radar,0,7,7,0,14,0,0,106,0,106,0,7,113,0,120,0,0,0,120
05/06/2018,BPT,TX,ASW,CE,Towers with Radar,0,5,14,0,19,0,0,25,0,25,0,5,39,0,44,20,0,20,64
05/07/2018,BPT,TX,ASW,CE,Towers with Radar,0,6,22,3,31,0,0,11,2,13,0,6,33,5,44,0,0,0,44
05/08/2018,BPT,TX,ASW,CE,Towers with Radar,0,5,20,8,33,0,1,17,0,18,0,6,37,8,51,2,14,16,67
05/09/2018,BPT,TX,ASW,CE,Towers with Radar,0,4,18,0,22,0,0,18,0,18,0,4,36,0,40,28,0,28,68
05/10/2018,BPT,TX,ASW,CE,Towers with Radar,0,4,12,0,16,0,0,31,0,31,0,4,43,0,47,2,0,2,49
05/11/2018,BPT,TX,ASW,CE,Towers with Radar,0,8,18,0,26,0,1,11,2,14,0,9,29,2,40,0,0,0,40
05/12/2018,BPT,TX,ASW,CE,Towers with Radar,0,8,11,0,19,0,1,45,0,46,0,9,56,0,65,0,0,0,65
05/13/2018,BPT,TX,ASW,CE,Towers with Radar,0,2,8,0,10,0,0,10,2,12,0,2,18,2,22,0,0,0,22
05/14/2018,BPT,TX,ASW,CE,Towers with Radar,0,8,14,4,26,0,0,17,0,17,0,8,31,4,43,0,0,0,43
05/15/2018,BPT,TX,ASW,CE,Towers with Radar,0,6,18,5,29,0,0,26,0,26,0,6,44,5,55,12,0,12,67
05/16/2018,BPT,TX,ASW,CE,Towers with Radar,0,5,30,0,35,0,0,24,5,29,0,5,54,5,64,8,0,8,72
05/17/2018,BPT,TX,ASW,CE,Towers with Radar,0,4,20,2,26,0,0,28,6,34,0,4,48,8,60,6,0,6,66
05/18/2018,BPT,TX,ASW,CE,Towers with Radar,0,6,21,4,31,0,0,27,9,36,0,6,48,13,67,12,0,12,79
05/19/2018,BPT,TX,ASW,CE,Towers with Radar,0,4,10,2,16,0,0,5,4,9,0,4,15,6,25,6,0,6,31
05/20/2018,BPT,TX,ASW,CE,Towers with Radar,2,3,15,0,20,0,0,25,0,25,2,3,40,0,45,0,0,0,45
05/21/2018,BPT,TX,ASW,CE,Towers with Radar,0,5,14,3,22,0,0,19,0,19,0,5,33,3,41,0,0,0,41
05/22/2018,BPT,TX,ASW,CE,Towers with Radar,0,4,18,0,22,0,0,15,0,15,0,4,33,0,37,10,0,10,47
05/23/2018,BPT,TX,ASW,CE,Towers with Radar,0,4,12,2,18,0,0,10,2,12,0,4,22,4,30,12,0,12,42
05/24/2018,BPT,TX,ASW,CE,Towers with Radar,0,7,24,0,31,0,0,12,3,15,0,7,36,3,46,6,0,6,52
05/25/2018,BPT,TX,ASW,CE,Towers with Radar,0,6,23,0,29,0,2,22,0,24,0,8,45,0,53,0,0,0,53
05/26/2018,BPT,TX,ASW,CE,Towers with Radar,0,4,3,0,7,0,0,4,0,4,0,4,7,0,11,0,0,0,11
05/27/2018,BPT,TX,ASW,CE,Towers with Radar,0,6,8,0,14,0,0,4,0,4,0,6,12,0,18,0,0,0,18
05/28/2018,BPT,TX,ASW,CE,Towers with Radar,0,6,17,0,23,0,0,14,0,14,0,6,31,0,37,0,0,0,37
05/29/2018,BPT,TX,ASW,CE,Towers with Radar,0,5,8,0,13,0,0,9,0,9,0,5,17,0,22,24,0,24,46
05/30/2018,BPT,TX,ASW,CE,Towers with Radar,0,9,16,0,25,0,0,23,2,25,0,9,39,2,50,10,0,10,60
05/31/2018,BPT,TX,ASW,CE,Towers with Radar,0,8,14,0,22,0,0,8,1,9,0,8,22,1,31,4,0,4,35
06/01/2018,BPT,TX,ASW,CE,Towers with Radar,0,3,14,8,25,0,0,11,5,16,0,3,25,13,41,12,0,12,53
06/02/2018,BPT,TX,ASW,CE,Towers with Radar,0,7,8,5,20,0,0,8,4,12,0,7,16,9,32,20,0,20,52
06/03/2018,BPT,TX,ASW,CE,Towers with Radar,0,4,20,0,24,0,0,7,0,7,0,4,27,0,31,8,0,8,39
06/04/2018,BPT,TX,ASW,CE,Towers with Radar,0,8,9,3,20,0,0,14,3,17,0,8,23,6,37,10,0,10,47
06/05/2018,BPT,TX,ASW,CE,Towers with Radar,1,9,15,0,25,0,1,22,0,23,1,10,37,0,48,26,0,26,74
06/06/2018,BPT,TX,ASW,CE,Towers with Radar,0,6,22,0,28,0,0,10,2,12,0,6,32,2,40,52,0,52,92
06/07/2018,BPT,TX,ASW,CE,Towers with Radar,0,6,12,9,27,0,1,34,5,40,0,7,46,14,67,26,0,26,93
06/08/2018,BPT,TX,ASW,CE,Towers with Radar,0,6,13,0,19,0,0,22,0,22,0,6,35,0,41,12,0,12,53
06/09/2018,BPT,TX,ASW,CE,Towers with Radar,0,6,14,0,20,0,0,12,0,12,0,6,26,0,32,14,0,14,46
06/10/2018,BPT,TX,ASW,CE,Towers with Radar,0,8,12,18,38,0,0,8,2,10,0,8,20,20,48,4,12,16,64
06/11/2018,BPT,TX,ASW,CE,Towers with Radar,0,8,6,4,18,0,0,15,0,15,0,8,21,4,33,20,0,20,53
06/12/2018,BPT,TX,ASW,CE,Towers with Radar,0,4,8,0,12,0,0,7,0,7,0,4,15,0,19,22,0,22,41
06/13/2018,BPT,TX,ASW,CE,Towers with Radar,0,3,18,0,21,0,0,28,2,30,0,3,46,2,51,70,0,70,121
06/14/2018,BPT,TX,ASW,CE,Towers with Radar,0,8,16,0,24,0,1,11,1,13,0,9,27,1,37,48,0,48,85
06/15/2018,BPT,TX,ASW,CE,Towers with Radar,0,7,16,0,23,0,0,14,0,14,0,7,30,0,37,14,0,14,51
06/16/2018,BPT,TX,ASW,CE,Towers with Radar,0,4,7,0,11,0,0,28,0,28,0,4,35,0,39,0,0,0,39
06/17/2018,BPT,TX,ASW,CE,Towers with Radar,0,7,6,0,13,0,0,0,0,0,0,7,6,0,13,0,0,0,13
06/18/2018,BPT,TX,ASW,CE,Towers with Radar,0,5,5,0,10,0,0,0,0,0,0,5,5,0,10,0,0,0,10
06/19/2018,BPT,TX,ASW,CE,Towers with Radar,0,6,7,0,13,0,0,0,0,0,0,6,7,0,13,0,0,0,13
06/20/2018,BPT,TX,ASW,CE,Towers with Radar,0,3,14,0,17,0,0,7,0,7,0,3,21,0,24,42,0,42,66
06/21/2018,BPT,TX,ASW,CE,Towers with Radar,0,6,18,0,24,0,0,1,0,1,0,6,19,0,25,2,0,2,27
06/22/2018,BPT,TX,ASW,CE,Towers with Radar,0,6,10,8,24,0,0,15,6,21,0,6,25,14,45,32,0,32,77
06/23/2018,BPT,TX,ASW,CE,Towers with Radar,0,4,15,1,20,0,0,40,7,47,0,4,55,8,67,0,0,0,67
06/24/2018,BPT,TX,ASW,CE,Towers with Radar,0,8,20,0,28,0,0,9,4,13,0,8,29,4,41,0,0,0,41
06/25/2018,BPT,TX,ASW,CE,Towers with Radar,0,7,20,0,27,0,0,30,11,41,0,7,50,11,68,38,0,38,106
06/26/2018,BPT,TX,ASW,CE,Towers with Radar,0,3,16,0,19,0,2,28,4,34,0,5,44,4,53,60,0,60,113
06/27/2018,BPT,TX,ASW,CE,Towers with Radar,0,5,12,0,17,0,0,28,4,32,0,5,40,4,49,72,0,72,121
06/28/2018,BPT,TX,ASW,CE,Towers with Radar,0,8,14,0,22,0,0,18,2,20,0,8,32,2,42,14,0,14,56
06/29/2018,BPT,TX,ASW,CE,Towers with Radar,0,6,11,5,22,0,0,13,4,17,0,6,24,9,39,24,0,24,63
06/30/2018,BPT,TX,ASW,CE,Towers with Radar,0,7,10,0,17,0,1,38,0,39,0,8,48,0,56,0,0,0,56
07/01/2018,BPT,TX,ASW,CE,Towers with Radar,0,6,21,0,27,0,2,24,0,26,0,8,45,0,53,8,6,14,67
07/02/2018,BPT,TX,ASW,CE,Towers with Radar,0,10,23,1,34,0,0,18,1,19,0,10,41,2,53,30,0,30,83
07/03/2018,BPT,TX,ASW,CE,Towers with Radar,0,6,17,0,23,0,1,5,0,6,0,7,22,0,29,60,0,60,89
07/04/2018,BPT,TX,ASW,CE,Towers with Radar,0,3,0,0,3,0,1,0,0,1,0,4,0,0,4,0,0,0,4
07/05/2018,BPT,TX,ASW,CE,Towers with Radar,0,5,5,0,10,0,0,7,0,7,0,5,12,0,17,36,0,36,53
07/06/2018,BPT,TX,ASW,CE,Towers with Radar,0,5,10,2,17,0,1,16,2,19,0,6,26,4,36,42,0,42,78
07/07/2018,BPT,TX,ASW,CE,Towers with Radar,0,3,4,0,7,0,0,4,2,6,0,3,8,2,13,0,0,0,13
07/08/2018,BPT,TX,ASW,CE,Towers with Radar,0,8,9,0,17,0,1,2,2,5,0,9,11,2,22,0,0,0,22
07/09/2018,BPT,TX,ASW,CE,Towers with Radar,0,5,16,0,21,0,0,7,3,10,0,5,23,3,31,26,0,26,57
07/10/2018,BPT,TX,ASW,CE,Towers with Radar,0,7,5,0,12,0,1,24,4,29,0,8,29,4,41,0,0,0,41
07/11/2018,BPT,TX,ASW,CE,Towers with Radar,0,3,5,4,12,0,0,19,4,23,0,3,24,8,35,24,0,24,59
07/12/2018,BPT,TX,ASW,CE,Towers with Radar,0,5,16,2,23,0,0,30,2,32,0,5,46,4,55,14,0,14,69
07/13/2018,BPT,TX,ASW,CE,Towers with Radar,0,5,3,1,9,0,1,23,0,24,0,6,26,1,33,20,0,20,53
07/14/2018,BPT,TX,ASW,CE,Towers with Radar,0,5,12,2,19,0,0,99,0,99,0,5,111,2,118,0,0,0,118
07/15/2018,BPT,TX,ASW,CE,Towers with Radar,0,8,14,0,22,0,0,22,0,22,0,8,36,0,44,12,0,12,56
07/16/2018,BPT,TX,ASW,CE,Towers with Radar,0,7,10,0,17,0,1,13,5,19,0,8,23,5,36,8,0,8,44
07/17/2018,BPT,TX,ASW,CE,Towers with Radar,0,4,11,0,15,0,0,19,1,20,0,4,30,1,35,32,0,32,67
07/18/2018,BPT,TX,ASW,CE,Towers with Radar,0,7,16,0,23,0,0,31,0,31,0,7,47,0,54,60,0,60,114
07/19/2018,BPT,TX,ASW,CE,Towers with Radar,0,5,14,4,23,0,0,11,2,13,0,5,25,6,36,6,0,6,42
07/20/2018,BPT,TX,ASW,CE,Towers with Radar,0,6,13,2,21,0,0,15,0,15,0,6,28,2,36,12,0,12,48
07/21/2018,BPT,TX,ASW,CE,Towers with Radar,0,3,8,0,11,0,0,31,0,31,0,3,39,0,42,0,0,0,42
07/22/2018,BPT,TX,ASW,CE,Towers with Radar,0,5,10,0,15,0,0,13,0,13,0,5,23,0,28,0,0,0,28
07/23/2018,BPT,TX,ASW,CE,Towers with Radar,0,6,16,0,22,0,0,20,2,22,0,6,36,2,44,14,0,14,58
07/24/2018,BPT,TX,ASW,CE,Towers with Radar,0,4,12,0,16,0,1,10,2,13,0,5,22,2,29,0,0,0,29
07/25/2018,BPT,TX,ASW,CE,Towers with Radar,0,4,12,0,16,0,0,16,2,18,0,4,28,2,34,24,0,24,58
07/26/2018,BPT,TX,ASW,CE,Towers with Radar,0,4,24,0,28,0,0,22,0,22,0,4,46,0,50,24,0,24,74
07/27/2018,BPT,TX,ASW,CE,Towers with Radar,0,7,14,0,21,0,0,16,2,18,0,7,30,2,39,28,0,28,67
07/28/2018,BPT,TX,ASW,CE,Towers with Radar,0,4,15,0,19,0,1,13,0,14,0,5,28,0,33,0,0,0,33
07/29/2018,BPT,TX,ASW,CE,Towers with Radar,0,9,18,0,27,0,1,9,0,10,0,10,27,0,37,6,0,6,43
07/30/2018,BPT,TX,ASW,CE,Towers with Radar,0,8,18,0,26,0,0,17,0,17,0,8,35,0,43,14,0,14,57
07/31/2018,BPT,TX,ASW,CE,Towers with Radar,0,4,8,0,12,0,0,3,0,3,0,4,11,0,15,0,0,0,15
08/01/2018,BPT,TX,ASW,CE,Towers with Radar,0,3,18,0,21,0,0,14,0,14,0,3,32,0,35,12,0,12,47
08/02/2018,BPT,TX,ASW,CE,Towers with Radar,0,6,24,0,30,0,2,14,0,16,0,8,38,0,46,40,0,40,86
08/03/2018,BPT,TX,ASW,CE,Towers with Radar,0,6,14,0,20,0,0,11,0,11,0,6,25,0,31,24,0,24,55
08/04/2018,BPT,TX,ASW,CE,Towers with Radar,0,4,14,0,18,0,0,46,0,46,0,4,60,0,64,0,0,0,64
08/05/2018,BPT,TX,ASW,CE,Towers with Radar,0,9,16,0,25,0,0,13,0,13,0,9,29,0,38,26,0,26,64
08/06/2018,BPT,TX,ASW,CE,Towers with Radar,0,6,21,2,29,0,1,8,0,9,0,7,29,2,38,36,0,36,74
08/07/2018,BPT,TX,ASW,CE,Towers with Radar,0,4,15,2,21,0,0,14,4,18,0,4,29,6,39,0,0,0,39
08/08/2018,BPT,TX,ASW,CE,Towers with Radar,0,4,13,0,17,0,0,12,4,16,0,4,25,4,33,0,0,0,33
08/09/2018,BPT,TX,ASW,CE,Towers with Radar,0,5,13,2,20,0,0,4,2,6,0,5,17,4,26,36,0,36,62
08/10/2018,BPT,TX,ASW,CE,Towers with Radar,0,7,14,0,21,0,0,9,2,11,0,7,23,2,32,52,0,52,84
08/11/2018,BPT,TX,ASW,CE,Towers with Radar,0,4,4,0,8,0,0,5,0,5,0,4,9,0,13,0,0,0,13
08/12/2018,BPT,TX,ASW,CE,Towers with Radar,0,7,8,0,15,0,0,1,0,1,0,7,9,0,16,16,0,16,32
08/13/2018,BPT,TX,ASW,CE,Towers with Radar,0,5,6,0,11,0,0,16,0,16,0,5,22,0,27,78,0,78,105
08/14/2018,BPT,TX,ASW,CE,Towers with Radar,1,6,15,0,22,0,1,12,0,13,1,7,27,0,35,0,0,0,35
08/15/2018,BPT,TX,ASW,CE,Towers with Radar,0,4,19,0,23,0,0,12,2,14,0,4,31,2,37,0,0,0,37
08/16/2018,BPT,TX,ASW,CE,Towers with Radar,0,6,25,0,31,0,1,21,4,26,0,7,46,4,57,10,0,10,67
08/17/2018,BPT,TX,ASW,CE,Towers with Radar,0,5,12,0,17,0,0,20,4,24,0,5,32,4,41,32,0,32,73
08/18/2018,BPT,TX,ASW,CE,Towers with Radar,0,5,5,4,14,0,0,14,0,14,0,5,19,4,28,0,0,0,28
08/19/2018,BPT,TX,ASW,CE,Towers with Radar,0,6,7,0,13,0,0,8,0,8,0,6,15,0,21,14,0,14,35
08/20/2018,BPT,TX,ASW,CE,Towers with Radar,0,5,11,0,16,0,0,9,7,16,0,5,20,7,32,20,0,20,52
08/21/2018,BPT,TX,ASW,CE,Towers with Radar,0,3,7,0,10,0,0,12,16,28,0,3,19,16,38,0,0,0,38
08/22/2018,BPT,TX,ASW,CE,Towers with Radar,0,6,27,3,36,0,1,13,26,40,0,7,40,29,76,0,0,0,76
08/23/2018,BPT,TX,ASW,CE,Towers with Radar,0,6,30,0,36,0,0,18,17,35,0,6,48,17,71,28,0,28,99
08/24/2018,BPT,TX,ASW,CE,Towers with Radar,0,7,10,0,17,0,0,27,18,45,0,7,37,18,62,34,0,34,96
08/25/2018,BPT,TX,ASW,CE,Towers with Radar,0,4,7,0,11,0,0,23,14,37,0,4,30,14,48,0,0,0,48
08/26/2018,BPT,TX,ASW,CE,Towers with Radar,0,7,14,0,21,0,0,15,2,17,0,7,29,2,38,0,0,0,38
08/27/2018,BPT,TX,ASW,CE,Towers with Radar,0,6,13,0,19,0,0,3,3,6,0,6,16,3,25,0,0,0,25
08/28/2018,BPT,TX,ASW,CE,Towers with Radar,0,4,4,0,8,0,1,5,2,8,0,5,9,2,16,12,0,12,28
08/29/2018,BPT,TX,ASW,CE,Towers with Radar,0,7,10,0,17,0,1,7,3,11,0,8,17,3,28,24,0,24,52
08/30/2018,BPT,TX,ASW,CE,Towers with Radar,0,5,11,3,19,0,0,13,1,14,0,5,24,4,33,0,0,0,33
08/31/2018,BPT,TX,ASW,CE,Towers with Radar,0,6,15,1,22,0,0,15,0,15,0,6,30,1,37,18,0,18,55
09/01/2018,BPT,TX,ASW,CE,Towers with Radar,0,3,3,0,6,0,0,3,0,3,0,3,6,0,9,0,0,0,9
09/02/2018,BPT,TX,ASW,CE,Towers with Radar,0,5,1,0,6,0,0,0,0,0,0,5,1,0,6,0,0,0,6
09/03/2018,BPT,TX,ASW,CE,Towers with Radar,0,6,14,0,20,0,0,0,0,0,0,6,14,0,20,0,0,0,20
09/04/2018,BPT,TX,ASW,CE,Towers with Radar,0,6,18,0,24,0,0,11,0,11,0,6,29,0,35,0,0,0,35
09/05/2018,BPT,TX,ASW,CE,Towers with Radar,0,4,6,0,10,0,0,20,2,22,0,4,26,2,32,20,0,20,52
09/06/2018,BPT,TX,ASW,CE,Towers with Radar,0,4,19,0,23,0,0,11,1,12,0,4,30,1,35,0,0,0,35
09/07/2018,BPT,TX,ASW,CE,Towers with Radar,2,4,13,0,19,0,0,25,1,26,2,4,38,1,45,84,0,84,129
09/08/2018,BPT,TX,ASW,CE,Towers with Radar,0,6,12,0,18,0,0,52,0,52,0,6,64,0,70,0,0,0,70
09/09/2018,BPT,TX,ASW,CE,Towers with Radar,0,6,8,0,14,0,0,7,0,7,0,6,15,0,21,0,0,0,21
09/10/2018,BPT,TX,ASW,CE,Towers with Radar,0,8,16,0,24,0,0,13,0,13,0,8,29,0,37,0,0,0,37
09/11/2018,BPT,TX,ASW,CE,Towers with Radar,0,6,8,4,18,0,0,6,0,6,0,6,14,4,24,0,0,0,24
09/12/2018,BPT,TX,ASW,CE,Towers with Radar,0,3,8,0,11,0,0,5,0,5,0,3,13,0,16,0,0,0,16
09/13/2018,BPT,TX,ASW,CE,Towers with Radar,0,6,10,0,16,0,0,17,0,17,0,6,27,0,33,0,0,0,33
09/14/2018,BPT,TX,ASW,CE,Towers with Radar,0,5,13,0,18,0,0,8,0,8,0,5,21,0,26,28,0,28,54
09/15/2018,BPT,TX,ASW,CE,Towers with Radar,0,6,9,0,15,0,0,37,0,37,0,6,46,0,52,0,0,0,52
09/16/2018,BPT,TX,ASW,CE,Towers with Radar,0,9,10,0,19,0,0,13,0,13,0,9,23,0,32,14,0,14,46
09/17/2018,BPT,TX,ASW,CE,Towers with Radar,0,6,9,0,15,0,0,16,0,16,0,6,25,0,31,0,0,0,31
09/18/2018,BPT,TX,ASW,CE,Towers with Radar,0,3,18,0,21,0,0,21,0,21,0,3,39,0,42,0,0,0,42
09/19/2018,BPT,TX,ASW,CE,Towers with Radar,0,6,12,0,18,0,0,31,0,31,0,6,43,0,49,26,0,26,75
09/20/2018,BPT,TX,ASW,CE,Towers with Radar,0,9,17,0,26,0,0,17,2,19,0,9,34,2,45,30,0,30,75
09/21/2018,BPT,TX,ASW,CE,Towers with Radar,0,6,14,0,20,0,1,16,0,17,0,7,30,0,37,14,0,14,51
09/22/2018,BPT,TX,ASW,CE,Towers with Radar,0,4,8,0,12,0,0,5,0,5,0,4,13,0,17,0,0,0,17
09/23/2018,BPT,TX,ASW,CE,Towers with Radar,0,10,15,0,25,0,1,1,0,2,0,11,16,0,27,20,0,20,47
09/24/2018,BPT,TX,ASW,CE,Towers with Radar,0,7,7,2,16,0,0,17,0,17,0,7,24,2,33,42,0,42,75
09/25/2018,BPT,TX,ASW,CE,Towers with Radar,0,4,9,0,13,0,0,8,1,9,0,4,17,1,22,0,0,0,22
09/26/2018,BPT,TX,ASW,CE,Towers with Radar,0,7,11,0,18,0,0,0,0,0,0,7,11,0,18,0,0,0,18
09/27/2018,BPT,TX,ASW,CE,Towers with Radar,0,7,19,0,26,0,0,6,0,6,0,7,25,0,32,14,0,14,46
09/28/2018,BPT,TX,ASW,CE,Towers with Radar,0,8,10,0,18,0,1,3,0,4,0,9,13,0,22,6,0,6,28
09/29/2018,BPT,TX,ASW,CE,Towers with Radar,0,4,2,0,6,0,0,0,0,0,0,4,2,0,6,0,0,0,6
09/30/2018,BPT,TX,ASW,CE,Towers with Radar,0,7,10,2,19,0,1,15,6,22,0,8,25,8,41,0,0,0,41
10/01/2018,BPT,TX,ASW,CE,Towers with Radar,0,8,20,0,28,0,1,1,0,2,0,9,21,0,30,0,0,0,30
10/02/2018,BPT,TX,ASW,CE,Towers with Radar,0,8,23,2,33,0,0,37,4,41,0,8,60,6,74,0,0,0,74
10/03/2018,BPT,TX,ASW,CE,Towers with Radar,0,3,14,0,17,0,2,16,0,18,0,5,30,0,35,0,0,0,35
10/04/2018,BPT,TX,ASW,CE,Towers with Radar,0,6,16,2,24,0,0,18,2,20,0,6,34,4,44,4,0,4,48
10/05/2018,BPT,TX,ASW,CE,Towers with Radar,0,7,18,0,25,0,0,10,0,10,0,7,28,0,35,0,0,0,35
10/06/2018,BPT,TX,ASW,CE,Towers with Radar,0,5,3,0,8,0,0,15,0,15,0,5,18,0,23,0,0,0,23
10/07/2018,BPT,TX,ASW,CE,Towers with Radar,0,6,18,0,24,0,0,10,0,10,0,6,28,0,34,2,0,2,36
10/08/2018,BPT,TX,ASW,CE,Towers with Radar,0,8,15,1,24,0,1,14,0,15,0,9,29,1,39,14,0,14,53
10/09/2018,BPT,TX,ASW,CE,Towers with Radar,0,5,29,0,34,0,0,4,0,4,0,5,33,0,38,0,0,0,38
10/10/2018,BPT,TX,ASW,CE,Towers with Radar,0,6,19,0,25,0,1,16,2,19,0,7,35,2,44,16,0,16,60
10/11/2018,BPT,TX,ASW,CE,Towers with Radar,0,6,15,3,24,0,0,42,0,42,0,6,57,3,66,32,0,32,98
10/12/2018,BPT,TX,ASW,CE,Towers with Radar,0,6,28,0,34,0,2,25,2,29,0,8,53,2,63,38,0,38,101
10/13/2018,BPT,TX,ASW,CE,Towers with Radar,0,2,2,3,7,0,1,22,2,25,0,3,24,5,32,0,0,0,32
10/14/2018,BPT,TX,ASW,CE,Towers with Radar,0,5,16,0,21,0,1,12,0,13,0,6,28,0,34,4,0,4,38
10/15/2018,BPT,TX,ASW,CE,Towers with Radar,4,6,6,0,16,0,0,4,0,4,4,6,10,0,20,12,0,12,32
10/16/2018,BPT,TX,ASW,CE,Towers with Radar,0,5,29,0,34,0,0,1,0,1,0,5,30,0,35,0,0,0,35
10/17/2018,BPT,TX,ASW,CE,Towers with Radar,0,8,20,0,28,0,0,1,0,1,0,8,21,0,29,0,0,0,29
10/18/2018,BPT,TX,ASW,CE,Towers with Radar,0,7,18,0,25,0,1,10,8,19,0,8,28,8,44,18,0,18,62
10/19/2018,BPT,TX,ASW,CE,Towers with Radar,0,5,12,0,17,0,1,7,9,17,0,6,19,9,34,52,0,52,86
10/20/2018,BPT,TX,ASW,CE,Towers with Radar,0,4,13,0,17,0,0,11,3,14,0,4,24,3,31,0,0,0,31
10/21/2018,BPT,TX,ASW,CE,Towers with Radar,0,8,14,1,23,0,0,16,8,24,0,8,30,9,47,6,0,6,53
10/22/2018,BPT,TX,ASW,CE,Towers with Radar,0,6,19,0,25,0,0,13,0,13,0,6,32,0,38,6,0,6,44
10/23/2018,BPT,TX,ASW,CE,Towers with Radar,0,4,18,0,22,0,2,3,5,10,0,6,21,5,32,0,0,0,32
10/24/2018,BPT,TX,ASW,CE,Towers with Radar,0,7,21,0,28,0,0,2,0,2,0,7,23,0,30,0,0,0,30
10/25/2018,BPT,TX,ASW,CE,Towers with Radar,0,13,25,0,38,0,0,3,0,3,0,13,28,0,41,2,0,2,43
10/26/2018,BPT,TX,ASW,CE,Towers with Radar,0,5,26,0,31,0,1,15,0,16,0,6,41,0,47,16,0,16,63
10/27/2018,BPT,TX,ASW,CE,Towers with Radar,0,4,5,2,11,0,0,32,2,34,0,4,37,4,45,0,0,0,45
10/28/2018,BPT,TX,ASW,CE,Towers with Radar,0,6,13,0,19,0,0,23,0,23,0,6,36,0,42,16,0,16,58
10/29/2018,BPT,TX,ASW,CE,Towers with Radar,0,8,17,0,25,0,0,24,0,24,0,8,41,0,49,40,0,40,89
10/30/2018,BPT,TX,ASW,CE,Towers with Radar,0,4,8,0,12,0,0,28,2,30,0,4,36,2,42,40,0,40,82
10/31/2018,BPT,TX,ASW,CE,Towers with Radar,0,6,18,0,24,0,1,10,0,11,0,7,28,0,35,8,0,8,43
11/01/2018,BPT,TX,ASW,CE,Towers with Radar,0,6,22,0,28,0,0,18,0,18,0,6,40,0,46,14,0,14,60
11/02/2018,BPT,TX,ASW,CE,Towers with Radar,0,6,16,6,28,0,4,31,0,35,0,10,47,6,63,44,0,44,107
11/03/2018,BPT,TX,ASW,CE,Towers with Radar,0,3,8,0,11,0,0,31,2,33,0,3,39,2,44,0,0,0,44
11/04/2018,BPT,TX,ASW,CE,Towers with Radar,0,6,15,3,24,0,0,9,3,12,0,6,24,6,36,8,0,8,44
11/05/2018,BPT,TX,ASW,CE,Towers with Radar,2,8,18,0,28,0,2,10,2,14,2,10,28,2,42,0,0,0,42
11/06/2018,BPT,TX,ASW,CE,Towers with Radar,0,6,22,0,28,0,0,14,2,16,0,6,36,2,44,0,0,0,44
11/07/2018,BPT,TX,ASW,CE,Towers with Radar,0,5,8,0,13,0,0,0,0,0,0,5,8,0,13,0,0,0,13
11/08/2018,BPT,TX,ASW,CE,Towers with Radar,0,9,18,0,27,0,0,1,0,1,0,9,19,0,28,0,0,0,28
11/09/2018,BPT,TX,ASW,CE,Towers with Radar,0,6,15,0,21,0,1,1,0,2,0,7,16,0,23,0,0,0,23
11/10/2018,BPT,TX,ASW,CE,Towers with Radar,0,4,7,0,11,0,0,8,0,8,0,4,15,0,19,18,0,18,37
11/11/2018,BPT,TX,ASW,CE,Towers with Radar,0,6,12,0,18,0,0,5,0,5,0,6,17,0,23,0,0,0,23
11/12/2018,BPT,TX,ASW,CE,Towers with Radar,0,5,8,0,13,0,0,0,0,0,0,5,8,0,13,0,0,0,13
11/13/2018,BPT,TX,ASW,CE,Towers with Radar,0,12,5,0,17,0,0,6,0,6,0,12,11,0,23,0,0,0,23
11/14/2018,BPT,TX,ASW,CE,Towers with Radar,0,4,17,0,21,0,0,21,2,23,0,4,38,2,44,0,0,0,44
11/15/2018,BPT,TX,ASW,CE,Towers with Radar,0,6,17,0,23,0,1,18,0,19,0,7,35,0,42,18,0,18,60
11/16/2018,BPT,TX,ASW,CE,Towers with Radar,0,10,22,1,33,0,0,28,7,35,0,10,50,8,68,34,0,34,102
11/17/2018,BPT,TX,ASW,CE,Towers with Radar,0,6,14,2,22,0,1,70,9,80,0,7,84,11,102,0,0,0,102
11/18/2018,BPT,TX,ASW,CE,Towers with Radar,0,5,27,1,33,0,0,6,5,11,0,5,33,6,44,22,0,22,66
11/19/2018,BPT,TX,ASW,CE,Towers with Radar,0,7,14,0,21,0,0,0,0,0,0,7,14,0,21,0,0,0,21
11/20/2018,BPT,TX,ASW,CE,Towers with Radar,0,7,16,4,27,0,0,14,5,19,0,7,30,9,46,0,0,0,46
11/21/2018,BPT,TX,ASW,CE,Towers with Radar,0,6,14,0,20,0,2,11,0,13,0,8,25,0,33,40,0,40,73
11/22/2018,BPT,TX,ASW,CE,Towers with Radar,0,3,3,0,6,0,1,10,0,11,0,4,13,0,17,2,0,2,19
11/23/2018,BPT,TX,ASW,CE,Towers with Radar,2,5,13,0,20,0,0,0,0,0,2,5,13,0,20,0,0,0,20
11/24/2018,BPT,TX,ASW,CE,Towers with Radar,0,6,7,0,13,0,1,32,0,33,0,7,39,0,46,0,0,0,46
11/25/2018,BPT,TX,ASW,CE,Towers with Radar,1,5,18,0,24,0,0,7,0,7,1,5,25,0,31,16,0,16,47
11/26/2018,BPT,TX,ASW,CE,Towers with Radar,0,6,10,4,20,0,2,6,2,10,0,8,16,6,30,2,10,12,42
11/27/2018,BPT,TX,ASW,CE,Towers with Radar,0,6,9,0,15,0,0,38,0,38,0,6,47,0,53,0,0,0,53
11/28/2018,BPT,TX,ASW,CE,Towers with Radar,0,3,23,2,28,0,0,8,3,11,0,3,31,5,39,14,0,14,53
11/29/2018,BPT,TX,ASW,CE,Towers with Radar,0,7,11,2,20,0,0,5,2,7,0,7,16,4,27,14,0,14,41
11/30/2018,BPT,TX,ASW,CE,Towers with Radar,0,8,19,0,27,0,0,3,2,5,0,8,22,2,32,0,0,0,32
12/01/2018,BPT,TX,ASW,CE,Towers with Radar,0,8,8,0,16,0,0,31,2,33,0,8,39,2,49,0,0,0,49
12/02/2018,BPT,TX,ASW,CE,Towers with Radar,0,8,15,0,23,0,0,19,2,21,0,8,34,2,44,16,0,16,60
12/03/2018,BPT,TX,ASW,CE,Towers with Radar,0,6,10,0,16,0,0,6,0,6,0,6,16,0,22,0,0,0,22
12/04/2018,BPT,TX,ASW,CE,Towers with Radar,0,6,12,2,20,0,0,24,0,24,0,6,36,2,44,0,0,0,44
12/05/2018,BPT,TX,ASW,CE,Towers with Radar,0,4,7,1,12,0,0,16,1,17,0,4,23,2,29,4,0,4,33
12/06/2018,BPT,TX,ASW,CE,Towers with Radar,0,10,12,3,25,0,1,5,0,6,0,11,17,3,31,4,0,4,35
12/07/2018,BPT,TX,ASW,CE,Towers with Radar,0,9,22,1,32,0,0,3,2,5,0,9,25,3,37,0,0,0,37
12/08/2018,BPT,TX,ASW,CE,Towers with Radar,0,6,9,0,15,0,0,0,0,0,0,6,9,0,15,0,0,0,15
12/09/2018,BPT,TX,ASW,CE,Towers with Radar,0,6,17,0,23,0,0,2,0,2,0,6,19,0,25,0,0,0,25
12/10/2018,BPT,TX,ASW,CE,Towers with Radar,0,10,10,0,20,0,1,19,2,22,0,11,29,2,42,14,0,14,56
12/11/2018,BPT,TX,ASW,CE,Towers with Radar,0,6,31,0,37,0,2,18,0,20,0,8,49,0,57,9,0,9,66
12/12/2018,BPT,TX,ASW,CE,Towers with Radar,0,4,14,6,24,0,0,15,6,21,0,4,29,12,45,4,0,4,49
12/13/2018,BPT,TX,ASW,CE,Towers with Radar,0,6,19,0,25,0,0,1,0,1,0,6,20,0,26,0,0,0,26
12/14/2018,BPT,TX,ASW,CE,Towers with Radar,0,5,21,2,28,0,0,2,0,2,0,5,23,2,30,0,0,0,30
12/15/2018,BPT,TX,ASW,CE,Towers with Radar,0,4,14,0,18,0,0,46,2,48,0,4,60,2,66,0,0,0,66
12/16/2018,BPT,TX,ASW,CE,Towers with Radar,0,6,12,4,22,0,0,18,0,18,0,6,30,4,40,10,0,10,50
12/17/2018,BPT,TX,ASW,CE,Towers with Radar,0,6,16,2,24,0,1,13,0,14,0,7,29,2,38,6,0,6,44
12/18/2018,BPT,TX,ASW,CE,Towers with Radar,0,6,12,4,22,0,1,4,0,5,0,7,16,4,27,0,0,0,27
12/19/2018,BPT,TX,ASW,CE,Towers with Radar,0,8,16,2,26,0,0,0,0,0,0,8,16,2,26,0,0,0,26
12/20/2018,BPT,TX,ASW,CE,Towers with Radar,0,8,11,0,19,0,2,4,0,6,0,10,15,0,25,104,0,104,129
12/21/2018,BPT,TX,ASW,CE,Towers with Radar,0,7,8,0,15,0,0,28,0,28,0,7,36,0,43,90,0,90,133
12/22/2018,BPT,TX,ASW,CE,Towers with Radar,0,4,12,0,16,0,2,10,0,12,0,6,22,0,28,58,0,58,86
12/23/2018,BPT,TX,ASW,CE,Towers with Radar,0,5,11,0,16,0,0,18,0,18,0,5,29,0,34,0,0,0,34
12/24/2018,BPT,TX,ASW,CE,Towers with Radar,0,4,13,0,17,0,1,8,0,9,0,5,21,0,26,0,0,0,26
12/25/2018,BPT,TX,ASW,CE,Towers with Radar,0,4,5,0,9,0,0,1,0,1,0,4,6,0,10,0,0,0,10
12/26/2018,BPT,TX,ASW,CE,Towers with Radar,0,4,12,0,16,0,0,2,1,3,0,4,14,1,19,0,2,2,21
12/27/2018,BPT,TX,ASW,CE,Towers with Radar,0,6,9,3,18,0,0,3,3,6,0,6,12,6,24,2,0,2,26
12/28/2018,BPT,TX,ASW,CE,Towers with Radar,0,6,12,0,18,0,2,8,0,10,0,8,20,0,28,28,0,28,56
12/29/2018,BPT,TX,ASW,CE,Towers with Radar,0,6,6,0,12,0,1,0,0,1,0,7,6,0,13,0,0,0,13
12/30/2018,BPT,TX,ASW,CE,Towers with Radar,0,7,12,0,19,0,0,0,0,0,0,7,12,0,19,0,0,0,19
12/31/2018,BPT,TX,ASW,CE,Towers with Radar,0,5,12,2,19,0,1,5,0,6,0,6,17,2,25,8,0,8,33
01/01/2019,BPT,TX,ASW,CE,Towers with Radar,0,8,12,0,20,0,0,16,1,17,0,8,28,1,37,8,0,8,45
01/02/2019,BPT,TX,ASW,CE,Towers with Radar,0,9,14,0,23,0,0,1,0,1,0,9,15,0,24,0,0,0,24
01/03/2019,BPT,TX,ASW,CE,Towers with Radar,0,7,15,1,23,0,0,0,0,0,0,7,15,1,23,0,0,0,23
01/04/2019,BPT,TX,ASW,CE,Towers with Radar,0,6,2,4,12,0,0,21,14,35,0,6,23,18,47,32,0,32,79
01/05/2019,BPT,TX,ASW,CE,Towers with Radar,0,4,4,2,10,0,2,39,12,53,0,6,43,14,63,0,0,0,63
01/06/2019,BPT,TX,ASW,CE,Towers with Radar,0,6,13,0,19,0,0,19,5,24,0,6,32,5,43,10,0,10,53
01/07/2019,BPT,TX,ASW,CE,Towers with Radar,0,6,17,0,23,0,0,13,0,13,0,6,30,0,36,14,0,14,50
01/08/2019,BPT,TX,ASW,CE,Towers with Radar,0,4,8,0,12,0,0,19,2,21,0,4,27,2,33,0,0,0,33
01/09/2019,BPT,TX,ASW,CE,Towers with Radar,0,7,11,2,20,0,0,18,0,18,0,7,29,2,38,26,0,26,64
01/10/2019,BPT,TX,ASW,CE,Towers with Radar,0,7,17,0,24,0,0,29,4,33,0,7,46,4,57,24,0,24,81
01/11/2019,BPT,TX,ASW,CE,Towers with Radar,0,5,16,0,21,0,0,12,1,13,0,5,28,1,34,32,0,32,66
01/12/2019,BPT,TX,ASW,CE,Towers with Radar,0,4,1,4,9,0,0,7,0,7,0,4,8,4,16,6,0,6,22
01/13/2019,BPT,TX,ASW,CE,Towers with Radar,0,6,11,0,17,0,0,14,0,14,0,6,25,0,31,16,0,16,47
01/14/2019,BPT,TX,ASW,CE,Towers with Radar,0,6,6,0,12,0,0,9,0,9,0,6,15,0,21,34,0,34,55
01/15/2019,BPT,TX,ASW,CE,Towers with Radar,0,4,20,3,27,0,1,31,1,33,0,5,51,4,60,0,0,0,60
01/16/2019,BPT,TX,ASW,CE,Towers with Radar,0,3,13,8,24,0,0,2,3,5,0,3,15,11,29,0,0,0,29
01/17/2019,BPT,TX,ASW,CE,Towers with Radar,0,5,25,2,32,0,3,2,0,5,0,8,27,2,37,0,0,0,37
01/18/2019,BPT,TX,ASW,CE,Towers with Radar,0,7,14,0,21,0,0,0,0,0,0,7,14,0,21,0,0,0,21
01/19/2019,BPT,TX,ASW,CE,Towers with Radar,0,5,3,0,8,0,0,3,0,3,0,5,6,0,11,0,0,0,11
01/20/2019,BPT,TX,ASW,CE,Towers with Radar,0,8,9,4,21,0,0,13,0,13,0,8,22,4,34,0,0,0,34
01/21/2019,BPT,TX,ASW,CE,Towers with Radar,0,7,17,0,24,0,1,11,0,12,0,8,28,0,36,4,0,4,40
01/22/2019,BPT,TX,ASW,CE,Towers with Radar,0,3,12,3,18,0,0,3,0,3,0,3,15,3,21,0,0,0,21
01/23/2019,BPT,TX,ASW,CE,Towers with Radar,0,6,17,0,23,0,0,2,0,2,0,6,19,0,25,4,0,4,29
01/24/2019,BPT,TX,ASW,CE,Towers with Radar,0,7,24,2,33,0,0,29,0,29,0,7,53,2,62,36,0,36,98
01/25/2019,BPT,TX,ASW,CE,Towers with Radar,0,8,9,1,18,0,1,27,0,28,0,9,36,1,46,0,0,0,46
01/26/2019,BPT,TX,ASW,CE,Towers with Radar,0,7,7,0,14,0,0,34,0,34,0,7,41,0,48,0,0,0,48
01/27/2019,BPT,TX,ASW,CE,Towers with Radar,0,6,7,2,15,0,1,23,0,24,0,7,30,2,39,30,0,30,69
01/28/2019,BPT,TX,ASW,CE,Towers with Radar,0,5,9,0,14,0,2,14,0,16,0,7,23,0,30,0,0,0,30
01/29/2019,BPT,TX,ASW,CE,Towers with Radar,0,4,4,0,8,0,0,40,2,42,0,4,44,2,50,0,0,0,50
01/30/2019,BPT,TX,ASW,CE,Towers with Radar,0,3,18,0,21,0,0,21,4,25,0,3,39,4,46,26,0,26,72
01/31/2019,BPT,TX,ASW,CE,Towers with Radar,0,6,23,2,31,0,0,13,0,13,0,6,36,2,44,54,0,54,98
02/01/2019,BPT,TX,ASW,CE,Towers with Radar,0,8,33,4,45,0,0,3,0,3,0,8,36,4,48,22,0,22,70
02/02/2019,BPT,TX,ASW,CE,Towers with Radar,0,4,10,0,14,0,0,8,0,8,0,4,18,0,22,34,0,34,56
02/03/2019,BPT,TX,ASW,CE,Towers with Radar,0,11,11,0,22,0,0,0,0,0,0,11,11,0,22,0,0,0,22
02/04/2019,BPT,TX,ASW,CE,Towers with Radar,0,8,9,2,19,0,0,4,0,4,0,8,13,2,23,4,0,4,27
02/05/2019,BPT,TX,ASW,CE,Towers with Radar,0,8,8,6,22,0,0,0,0,0,0,8,8,6,22,0,0,0,22
02/06/2019,BPT,TX,ASW,CE,Towers with Radar,0,5,11,0,16,0,0,4,2,6,0,5,15,2,22,0,0,0,22
02/07/2019,BPT,TX,ASW,CE,Towers with Radar,0,7,15,2,24,0,1,7,0,8,0,8,22,2,32,0,0,0,32
02/08/2019,BPT,TX,ASW,CE,Towers with Radar,0,7,12,4,23,0,0,12,0,12,0,7,24,4,35,0,0,0,35
02/09/2019,BPT,TX,ASW,CE,Towers with Radar,0,4,3,0,7,0,0,13,1,14,0,4,16,1,21,0,0,0,21
02/10/2019,BPT,TX,ASW,CE,Towers with Radar,0,8,14,0,22,0,1,17,0,18,0,9,31,0,40,0,0,0,40
02/11/2019,BPT,TX,ASW,CE,Towers with Radar,0,8,14,0,22,0,1,4,0,5,0,9,18,0,27,0,0,0,27
02/12/2019,BPT,TX,ASW,CE,Towers with Radar,0,4,9,0,13,0,0,35,2,37,0,4,44,2,50,0,0,0,50
02/13/2019,BPT,TX,ASW,CE,Towers with Radar,0,4,21,0,25,0,0,18,0,18,0,4,39,0,43,40,0,40,83
02/14/2019,BPT,TX,ASW,CE,Towers with Radar,0,10,25,0,35,0,1,12,0,13,0,11,37,0,48,0,0,0,48
02/15/2019,BPT,TX,ASW,CE,Towers with Radar,0,6,25,0,31,0,0,2,0,2,0,6,27,0,33,6,0,6,39
02/16/2019,BPT,TX,ASW,CE,Towers with Radar,0,7,12,0,19,0,0,0,0,0,0,7,12,0,19,0,0,0,19
02/17/2019,BPT,TX,ASW,CE,Towers with Radar,0,5,15,5,25,0,0,3,2,5,0,5,18,7,30,10,0,10,40
02/18/2019,BPT,TX,ASW,CE,Towers with Radar,0,5,19,0,24,0,0,14,0,14,0,5,33,0,38,34,0,34,72
02/19/2019,BPT,TX,ASW,CE,Towers with Radar,0,3,6,6,15,0,0,0,0,0,0,3,6,6,15,0,0,0,15
02/20/2019,BPT,TX,ASW,CE,Towers with Radar,0,5,28,3,36,0,0,13,1,14,0,5,41,4,50,0,0,0,50
02/21/2019,BPT,TX,ASW,CE,Towers with Radar,0,5,18,6,29,0,0,0,0,0,0,5,18,6,29,0,0,0,29
02/22/2019,BPT,TX,ASW,CE,Towers with Radar,0,6,11,0,17,0,0,0,0,0,0,6,11,0,17,0,0,0,17
02/23/2019,BPT,TX,ASW,CE,Towers with Radar,0,2,6,0,8,0,0,3,0,3,0,2,9,0,11,0,0,0,11
02/24/2019,BPT,TX,ASW,CE,Towers with Radar,0,5,17,0,22,0,1,18,2,21,0,6,35,2,43,10,0,10,53
02/25/2019,BPT,TX,ASW,CE,Towers with Radar,0,5,6,0,11,0,0,8,0,8,0,5,14,0,19,0,0,0,19
02/26/2019,BPT,TX,ASW,CE,Towers with Radar,0,4,9,0,13,0,0,0,0,0,0,4,9,0,13,0,0,0,13
02/27/2019,BPT,TX,ASW,CE,Towers with Radar,0,6,17,2,25,0,0,0,0,0,0,6,17,2,25,0,0,0,25
02/28/2019,BPT,TX,ASW,CE,Towers with Radar,0,4,24,0,28,0,0,0,0,0,0,4,24,0,28,0,0,0,28
03/01/2019,BPT,TX,ASW,CE,Towers with Radar,0,7,26,0,33,0,0,7,0,7,0,7,33,0,40,0,0,0,40
03/02/2019,BPT,TX,ASW,CE,Towers with Radar,0,3,3,0,6,0,0,1,0,1,0,3,4,0,7,0,0,0,7
03/03/2019,BPT,TX,ASW,CE,Towers with Radar,0,5,8,0,13,0,0,2,0,2,0,5,10,0,15,0,0,0,15
03/04/2019,BPT,TX,ASW,CE,Towers with Radar,0,12,15,0,27,0,1,9,0,10,0,13,24,0,37,18,0,18,55
03/05/2019,BPT,TX,ASW,CE,Towers with Radar,0,3,8,4,15,0,0,35,0,35,0,3,43,4,50,0,0,0,50
03/06/2019,BPT,TX,ASW,CE,Towers with Radar,0,3,13,1,17,0,1,27,1,29,0,4,40,2,46,18,0,18,64
03/07/2019,BPT,TX,ASW,CE,Towers with Radar,0,5,10,2,17,0,0,4,0,4,0,5,14,2,21,0,0,0,21
03/08/2019,BPT,TX,ASW,CE,Towers with Radar,0,6,19,2,27,0,0,1,0,1,0,6,20,2,28,0,0,0,28
03/09/2019,BPT,TX,ASW,CE,Towers with Radar,0,5,12,0,17,0,0,0,0,0,0,5,12,0,17,0,0,0,17
03/10/2019,BPT,TX,ASW,CE,Towers with Radar,0,3,5,0,8,0,2,1,0,3,0,5,6,0,11,6,0,6,17
03/11/2019,BPT,TX,ASW,CE,Towers with Radar,0,5,5,2,12,0,0,4,2,6,0,5,9,4,18,6,0,6,24
03/12/2019,BPT,TX,ASW,CE,Towers with Radar,0,3,8,1,12,0,0,2,0,2,0,3,10,1,14,0,0,0,14
03/13/2019,BPT,TX,ASW,CE,Towers with Radar,0,4,8,3,15,0,0,2,0,2,0,4,10,3,17,0,0,0,17
03/14/2019,BPT,TX,ASW,CE,Towers with Radar,0,5,13,2,20,0,1,8,0,9,0,6,21,2,29,50,0,50,79
03/15/2019,BPT,TX,ASW,CE,Towers with Radar,0,5,12,2,19,0,0,13,0,13,0,5,25,2,32,0,0,0,32
03/16/2019,BPT,TX,ASW,CE,Towers with Radar,0,3,4,0,7,0,0,6,1,7,0,3,10,1,14,30,0,30,44
03/17/2019,BPT,TX,ASW,CE,Towers with Radar,0,5,11,0,16,0,0,13,3,16,0,5,24,3,32,28,0,28,60
03/18/2019,BPT,TX,ASW,CE,Towers with Radar,0,5,15,0,20,0,2,16,0,18,0,7,31,0,38,0,0,0,38
03/19/2019,BPT,TX,ASW,CE,Towers with Radar,0,3,4,2,9,0,0,11,2,13,0,3,15,4,22,0,0,0,22
03/20/2019,BPT,TX,ASW,CE,Towers with Radar,0,3,25,6,34,0,0,13,0,13,0,3,38,6,47,22,0,22,69
03/21/2019,BPT,TX,ASW,CE,Towers with Radar,0,5,26,1,32,0,0,20,6,26,0,5,46,7,58,4,0,4,62
03/22/2019,BPT,TX,ASW,CE,Towers with Radar,0,7,8,2,17,0,0,21,0,21,0,7,29,2,38,16,0,16,54
03/23/2019,BPT,TX,ASW,CE,Towers with Radar,0,3,6,0,9,0,0,12,0,12,0,3,18,0,21,0,0,0,21
03/24/2019,BPT,TX,ASW,CE,Towers with Radar,0,5,14,0,19,0,0,10,0,10,0,5,24,0,29,6,0,6,35
03/25/2019,BPT,TX,ASW,CE,Towers with Radar,0,9,11,1,21,0,0,2,2,4,0,9,13,3,25,0,0,0,25
03/26/2019,BPT,TX,ASW,CE,Towers with Radar,0,4,18,11,33,0,0,17,5,22,0,4,35,16,55,9,0,9,64
03/27/2019,BPT,TX,ASW,CE,Towers with Radar,0,3,22,2,27,0,0,16,2,18,0,3,38,4,45,12,0,12,57
03/28/2019,BPT,TX,ASW,CE,Towers with Radar,0,5,12,4,21,0,4,14,0,18,0,9,26,4,39,12,0,12,51
03/29/2019,BPT,TX,ASW,CE,Towers with Radar,0,7,17,2,26,0,0,5,0,5,0,7,22,2,31,16,0,16,47
03/30/2019,BPT,TX,ASW,CE,Towers with Radar,0,6,13,0,19,0,0,1,0,1,0,6,14,0,20,0,0,0,20
03/31/2019,BPT,TX,ASW,CE,Towers with Radar,0,5,16,0,21,0,1,8,0,9,0,6,24,0,30,0,0,0,30
04/01/2019,BPT,TX,ASW,CE,Towers with Radar,0,5,9,0,14,0,1,10,0,11,0,6,19,0,25,18,0,18,43
04/02/2019,BPT,TX,ASW,CE,Towers with Radar,0,3,14,2,19,0,0,18,10,28,0,3,32,12,47,2,0,2,49
04/03/2019,BPT,TX,ASW,CE,Towers with Radar,0,5,16,2,23,0,1,5,2,8,0,6,21,4,31,22,0,22,53
04/04/2019,BPT,TX,ASW,CE,Towers with Radar,0,7,7,0,14,0,0,0,0,0,0,7,7,0,14,0,0,0,14
04/05/2019,BPT,TX,ASW,CE,Towers with Radar,0,5,12,2,19,0,0,2,0,2,0,5,14,2,21,0,0,0,21
04/06/2019,BPT,TX,ASW,CE,Towers with Radar,0,5,11,0,16,0,0,0,0,0,0,5,11,0,16,0,0,0,16
04/07/2019,BPT,TX,ASW,CE,Towers with Radar,0,1,12,0,13,0,0,1,0,1,0,1,13,0,14,0,0,0,14
04/08/2019,BPT,TX,ASW,CE,Towers with Radar,0,5,33,2,40,0,0,15,3,18,0,5,48,5,58,8,0,8,66
04/09/2019,BPT,TX,ASW,CE,Towers with Radar,0,7,13,4,24,0,0,16,2,18,0,7,29,6,42,18,0,18,60
04/10/2019,BPT,TX,ASW,CE,Towers with Radar,0,3,10,0,13,0,2,24,0,26,0,5,34,0,39,36,0,36,75
04/11/2019,BPT,TX,ASW,CE,Towers with Radar,0,6,11,0,17,0,0,2,4,6,0,6,13,4,23,0,0,0,23
04/12/2019,BPT,TX,ASW,CE,Towers with Radar,0,5,14,2,21,0,0,8,2,10,0,5,22,4,31,0,0,0,31
04/13/2019,BPT,TX,ASW,CE,Towers with Radar,0,3,6,0,9,0,0,0,0,0,0,3,6,0,9,0,0,0,9
04/14/2019,BPT,TX,ASW,CE,Towers with Radar,0,7,16,0,23,0,3,24,2,29,0,10,40,2,52,8,0,8,60
04/15/2019,BPT,TX,ASW,CE,Towers with Radar,0,5,14,0,19,0,0,22,0,22,0,5,36,0,41,38,0,38,79
04/16/2019,BPT,TX,ASW,CE,Towers with Radar,0,5,21,0,26,0,0,9,2,11,0,5,30,2,37,18,0,18,55
04/17/2019,BPT,TX,ASW,CE,Towers with Radar,0,3,7,0,10,0,1,10,2,13,0,4,17,2,23,44,0,44,67
04/18/2019,BPT,TX,ASW,CE,Towers with Radar,0,8,12,3,23,0,0,7,1,8,0,8,19,4,31,0,0,0,31
04/19/2019,BPT,TX,ASW,CE,Towers with Radar,0,8,7,2,17,0,0,11,0,11,0,8,18,2,28,0,0,0,28
04/20/2019,BPT,TX,ASW,CE,Towers with Radar,0,3,5,0,8,0,0,9,2,11,0,3,14,2,19,0,0,0,19
04/21/2019,BPT,TX,ASW,CE,Towers with Radar,0,7,8,0,15,0,0,10,0,10,0,7,18,0,25,0,0,0,25
04/22/2019,BPT,TX,ASW,CE,Towers with Radar,0,6,21,0,27,0,0,27,1,28,0,6,48,1,55,24,0,24,79
04/23/2019,BPT,TX,ASW,CE,Towers with Radar,0,3,17,2,22,0,0,1,0,1,0,3,18,2,23,0,0,0,23
04/24/2019,BPT,TX,ASW,CE,Towers with Radar,0,2,9,0,11,0,0,5,0,5,0,2,14,0,16,46,0,46,62
04/25/2019,BPT,TX,ASW,CE,Towers with Radar,0,7,17,0,24,0,0,11,0,11,0,7,28,0,35,0,0,0,35
04/26/2019,BPT,TX,ASW,CE,Towers with Radar,0,5,18,11,34,0,0,22,1,23,0,5,40,12,57,0,0,0,57
04/27/2019,BPT,TX,ASW,CE,Towers with Radar,0,3,8,0,11,0,0,18,2,20,0,3,26,2,31,32,0,32,63
04/28/2019,BPT,TX,ASW,CE,Towers with Radar,0,7,4,9,20,0,4,9,1,14,0,11,13,10,34,0,0,0,34
04/29/2019,BPT,TX,ASW,CE,Towers with Radar,0,7,18,8,33,0,0,8,6,14,0,7,26,14,47,30,0,30,77
04/30/2019,BPT,TX,ASW,CE,Towers with Radar,0,3,15,8,26,0,5,15,2,22,0,8,30,10,48,0,0,0,48
05/01/2019,BPT,TX,ASW,CE,Towers with Radar,0,3,15,0,18,0,0,6,0,6,0,3,21,0,24,22,0,22,46
05/02/2019,BPT,TX,ASW,CE,Towers with Radar,0,6,14,2,22,0,2,7,2,11,0,8,21,4,33,32,0,32,65
05/03/2019,BPT,TX,ASW,CE,Towers with Radar,0,6,11,2,19,0,0,1,2,3,0,6,12,4,22,0,0,0,22
05/04/2019,BPT,TX,ASW,CE,Towers with Radar,0,4,7,0,11,0,0,7,0,7,0,4,14,0,18,0,0,0,18
05/05/2019,BPT,TX,ASW,CE,Towers with Radar,0,6,12,2,20,0,0,12,0,12,0,6,24,2,32,0,0,0,32
05/06/2019,BPT,TX,ASW,CE,Towers with Radar,0,5,16,0,21,0,0,9,0,9,0,5,25,0,30,28,0,28,58
05/07/2019,BPT,TX,ASW,CE,Towers with Radar,0,5,16,0,21,0,0,4,0,4,0,5,20,0,25,0,0,0,25
05/08/2019,BPT,TX,ASW,CE,Towers with Radar,0,3,3,0,6,0,0,3,0,3,0,3,6,0,9,0,0,0,9
05/09/2019,BPT,TX,ASW,CE,Towers with Radar,0,7,18,2,27,0,0,2,0,2,0,7,20,2,29,0,0,0,29
05/10/2019,BPT,TX,ASW,CE,Towers with Radar,0,5,12,0,17,0,0,0,4,4,0,5,12,4,21,0,0,0,21
05/11/2019,BPT,TX,ASW,CE,Towers with Radar,0,2,2,0,4,0,0,0,0,0,0,2,2,0,4,0,0,0,4
05/12/2019,BPT,TX,ASW,CE,Towers with Radar,0,6,14,0,20,0,0,6,0,6,0,6,20,0,26,8,0,8,34
05/13/2019,BPT,TX,ASW,CE,Towers with Radar,0,6,15,0,21,0,0,21,0,21,0,6,36,0,42,40,0,40,82
05/14/2019,BPT,TX,ASW,CE,Towers with Radar,0,5,15,2,22,0,2,17,0,19,0,7,32,2,41,19,0,19,60
05/15/2019,BPT,TX,ASW,CE,Towers with Radar,0,6,21,2,29,0,0,27,1,28,0,6,48,3,57,18,0,18,75
05/16/2019,BPT,TX,ASW,CE,Towers with Radar,0,7,24,0,31,0,0,16,2,18,0,7,40,2,49,0,0,0,49
05/17/2019,BPT,TX,ASW,CE,Towers with Radar,0,7,25,2,34,0,0,15,0,15,0,7,40,2,49,6,0,6,55
05/18/2019,BPT,TX,ASW,CE,Towers with Radar,0,1,4,0,5,0,0,1,2,3,0,1,5,2,8,0,0,0,8
05/19/2019,BPT,TX,ASW,CE,Towers with Radar,0,7,14,0,21,0,1,0,0,1,0,8,14,0,22,0,0,0,22
05/20/2019,BPT,TX,ASW,CE,Towers with Radar,0,6,13,0,19,0,0,19,4,23,0,6,32,4,42,30,0,30,72
05/21/2019,BPT,TX,ASW,CE,Towers with Radar,0,5,7,0,12,0,0,3,0,3,0,5,10,0,15,2,0,2,17
05/22/2019,BPT,TX,ASW,CE,Towers with Radar,0,6,22,8,36,0,0,6,2,8,0,6,28,10,44,34,0,34,78
05/23/2019,BPT,TX,ASW,CE,Towers with Radar,0,6,23,7,36,0,4,8,3,15,0,10,31,10,51,48,0,48,99
05/24/2019,BPT,TX,ASW,CE,Towers with Radar,0,8,13,0,21,0,0,8,0,8,0,8,21,0,29,88,0,88,117
05/25/2019,BPT,TX,ASW,CE,Towers with Radar,0,3,3,0,6,0,0,21,2,23,0,3,24,2,29,32,0,32,61
05/26/2019,BPT,TX,ASW,CE,Towers with Radar,0,6,2,0,8,0,0,5,0,5,0,6,7,0,13,10,0,10,23
05/27/2019,BPT,TX,ASW,CE,Towers with Radar,0,6,14,0,20,0,1,15,0,16,0,7,29,0,36,10,0,10,46
05/28/2019,BPT,TX,ASW,CE,Towers with Radar,0,5,10,0,15,0,2,45,2,49,0,7,55,2,64,9,0,9,73
05/29/2019,BPT,TX,ASW,CE,Towers with Radar,0,5,17,4,26,0,1,16,4,21,0,6,33,8,47,70,0,70,117
05/30/2019,BPT,TX,ASW,CE,Towers with Radar,0,8,16,0,24,0,0,6,1,7,0,8,22,1,31,62,0,62,93
05/31/2019,BPT,TX,ASW,CE,Towers with Radar,0,9,16,2,27,0,4,13,2,19,0,13,29,4,46,56,0,56,102
06/01/2019,BPT,TX,ASW,CE,Towers with Radar,0,4,16,0,20,0,3,15,0,18,0,7,31,0,38,34,0,34,72
06/02/2019,BPT,TX,ASW,CE,Towers with Radar,0,5,10,2,17,0,1,15,0,16,0,6,25,2,33,0,0,0,33
06/03/2019,BPT,TX,ASW,CE,Towers with Radar,0,8,8,2,18,0,2,17,4,23,0,10,25,6,41,56,0,56,97
06/04/2019,BPT,TX,ASW,CE,Towers with Radar,0,6,16,8,30,0,0,14,3,17,0,6,30,11,47,31,0,31,78
06/05/2019,BPT,TX,ASW,CE,Towers with Radar,0,7,4,2,13,0,0,0,0,0,0,7,4,2,13,0,0,0,13
06/06/2019,BPT,TX,ASW,CE,Towers with Radar,0,6,15,10,31,0,0,6,0,6,0,6,21,10,37,0,0,0,37
06/07/2019,BPT,TX,ASW,CE,Towers with Radar,0,10,6,32,48,0,0,22,2,24,0,10,28,34,72,10,0,10,82
06/08/2019,BPT,TX,ASW,CE,Towers with Radar,0,5,2,0,7,0,0,14,0,14,0,5,16,0,21,34,0,34,55
06/09/2019,BPT,TX,ASW,CE,Towers with Radar,0,3,17,0,20,0,0,8,0,8,0,3,25,0,28,10,0,10,38
06/10/2019,BPT,TX,ASW,CE,Towers with Radar,0,6,13,0,19,0,0,6,0,6,0,6,19,0,25,40,0,40,65
06/11/2019,BPT,TX,ASW,CE,Towers with Radar,0,6,18,0,24,0,2,28,0,30,0,8,46,0,54,16,0,16,70
06/12/2019,BPT,TX,ASW,CE,Towers with Radar,0,8,14,0,22,0,2,21,0,23,0,10,35,0,45,50,0,50,95
06/13/2019,BPT,TX,ASW,CE,Towers with Radar,0,7,8,0,15,0,0,22,4,26,0,7,30,4,41,92,0,92,133
06/14/2019,BPT,TX,ASW,CE,Towers with Radar,0,6,15,2,23,0,0,34,0,34,0,6,49,2,57,92,0,92,149
06/15/2019,BPT,TX,ASW,CE,Towers with Radar,0,4,2,0,6,0,3,2,0,5,0,7,4,0,11,0,0,0,11
06/16/2019,BPT,TX,ASW,CE,Towers with Radar,0,5,15,2,22,0,0,5,0,5,0,5,20,2,27,6,0,6,33
06/17/2019,BPT,TX,ASW,CE,Towers with Radar,0,5,21,0,26,0,0,1,0,1,0,5,22,0,27,0,0,0,27
06/18/2019,BPT,TX,ASW,CE,Towers with Radar,0,6,9,0,15,0,3,14,0,17,0,9,23,0,32,5,0,5,37
06/19/2019,BPT,TX,ASW,CE,Towers with Radar,0,7,21,2,30,0,0,12,0,12,0,7,33,2,42,82,0,82,124
06/20/2019,BPT,TX,ASW,CE,Towers with Radar,0,6,19,2,27,0,0,15,2,17,0,6,34,4,44,0,0,0,44
06/21/2019,BPT,TX,ASW,CE,Towers with Radar,0,6,17,0,23,0,0,7,2,9,0,6,24,2,32,0,0,0,32
06/22/2019,BPT,TX,ASW,CE,Towers with Radar,0,4,10,0,14,0,0,21,0,21,0,4,31,0,35,24,0,24,59
06/23/2019,BPT,TX,ASW,CE,Towers with Radar,0,4,16,0,20,0,0,5,0,5,0,4,21,0,25,0,0,0,25
06/24/2019,BPT,TX,ASW,CE,Towers with Radar,0,3,8,0,11,0,0,7,0,7,0,3,15,0,18,62,0,62,80
06/25/2019,BPT,TX,ASW,CE,Towers with Radar,0,5,19,10,34,0,0,0,0,0,0,5,19,10,34,0,0,0,34
06/26/2019,BPT,TX,ASW,CE,Towers with Radar,0,7,13,0,20,0,0,14,0,14,0,7,27,0,34,84,0,84,118
06/27/2019,BPT,TX,ASW,CE,Towers with Radar,0,7,16,0,23,0,0,12,0,12,0,7,28,0,35,56,0,56,91
06/28/2019,BPT,TX,ASW,CE,Towers with Radar,0,6,16,2,24,0,0,26,0,26,0,6,42,2,50,66,0,66,116
06/29/2019,BPT,TX,ASW,CE,Towers with Radar,0,3,9,0,12,0,1,0,0,1,0,4,9,0,13,0,0,0,13
06/30/2019,BPT,TX,ASW,CE,Towers with Radar,0,5,13,0,18,0,0,6,0,6,0,5,19,0,24,36,0,36,60
07/01/2019,BPT,TX,ASW,CE,Towers with Radar,0,5,8,2,15,0,0,21,0,21,0,5,29,2,36,24,0,24,60
07/02/2019,BPT,TX,ASW,CE,Towers with Radar,0,6,13,2,21,0,0,6,0,6,0,6,19,2,27,30,0,30,57
07/03/2019,BPT,TX,ASW,CE,Towers with Radar,1,4,7,3,15,0,3,8,0,11,1,7,15,3,26,34,0,34,60
07/04/2019,BPT,TX,ASW,CE,Towers with Radar,0,5,9,0,14,0,0,4,0,4,0,5,13,0,18,0,0,0,18
07/05/2019,BPT,TX,ASW,CE,Towers with Radar,0,6,2,0,8,0,0,7,2,9,0,6,9,2,17,10,0,10,27
07/06/2019,BPT,TX,ASW,CE,Towers with Radar,0,7,5,0,12,0,0,7,0,7,0,7,12,0,19,0,0,0,19
07/07/2019,BPT,TX,ASW,CE,Towers with Radar,0,8,14,1,23,0,0,9,0,9,0,8,23,1,32,6,0,6,38
07/08/2019,BPT,TX,ASW,CE,Towers with Radar,0,5,12,1,18,0,4,14,4,22,0,9,26,5,40,22,0,22,62
07/09/2019,BPT,TX,ASW,CE,Towers with Radar,0,8,9,1,18,0,1,23,3,27,0,9,32,4,45,74,0,74,119
07/10/2019,BPT,TX,ASW,CE,Towers with Radar,0,5,6,1,12,0,3,29,4,36,0,8,35,5,48,44,0,44,92
07/11/2019,BPT,TX,ASW,CE,Towers with Radar,0,6,12,2,20,0,0,6,4,10,0,6,18,6,30,0,0,0,30
07/12/2019,BPT,TX,ASW,CE,Towers with Radar,0,7,9,1,17,0,0,16,6,22,0,7,25,7,39,52,0,52,91
07/13/2019,BPT,TX,ASW,CE,Towers with Radar,0,4,4,0,8,0,0,0,0,0,0,4,4,0,8,0,0,0,8
07/14/2019,BPT,TX,ASW,CE,Towers with Radar,0,7,11,0,18,0,0,3,4,7,0,7,14,4,25,0,0,0,25
07/15/2019,BPT,TX,ASW,CE,Towers with Radar,0,7,9,2,18,0,0,1,0,1,0,7,10,2,19,36,0,36,55
07/16/2019,BPT,TX,ASW,CE,Towers with Radar,0,8,11,2,21,0,0,5,0,5,0,8,16,2,26,42,0,42,68
07/17/2019,BPT,TX,ASW,CE,Towers with Radar,0,8,17,5,30,0,0,7,0,7,0,8,24,5,37,88,0,88,125
07/18/2019,BPT,TX,ASW,CE,Towers with Radar,0,6,22,1,29,0,0,20,0,20,0,6,42,1,49,62,0,62,111
07/19/2019,BPT,TX,ASW,CE,Towers with Radar,0,7,12,4,23,0,1,17,0,18,0,8,29,4,41,44,0,44,85
07/20/2019,BPT,TX,ASW,CE,Towers with Radar,0,3,6,3,12,0,1,15,0,16,0,4,21,3,28,0,0,0,28
07/21/2019,BPT,TX,ASW,CE,Towers with Radar,0,5,12,0,17,0,0,2,0,2,0,5,14,0,19,0,0,0,19
07/22/2019,BPT,TX,ASW,CE,Towers with Radar,0,6,7,2,15,0,1,7,0,8,0,7,14,2,23,66,0,66,89
07/23/2019,BPT,TX,ASW,CE,Towers with Radar,0,7,14,3,24,0,0,3,0,3,0,7,17,3,27,82,0,82,109
07/24/2019,BPT,TX,ASW,CE,Towers with Radar,0,8,15,0,23,0,2,26,0,28,0,10,41,0,51,18,0,18,69
07/25/2019,BPT,TX,ASW,CE,Towers with Radar,0,7,20,4,31,0,0,25,5,30,0,7,45,9,61,0,0,0,61
07/26/2019,BPT,TX,ASW,CE,Towers with Radar,0,5,11,2,18,0,0,12,0,12,0,5,23,2,30,42,0,42,72
07/27/2019,BPT,TX,ASW,CE,Towers with Radar,0,4,12,0,16,0,0,5,0,5,0,4,17,0,21,0,0,0,21
07/28/2019,BPT,TX,ASW,CE,Towers with Radar,0,5,11,0,16,0,0,9,1,10,0,5,20,1,26,0,0,0,26
07/29/2019,BPT,TX,ASW,CE,Towers with Radar,0,6,8,0,14,0,0,14,3,17,0,6,22,3,31,50,0,50,81
07/30/2019,BPT,TX,ASW,CE,Towers with Radar,0,8,8,2,18,0,0,18,0,18,0,8,26,2,36,24,0,24,60
07/31/2019,BPT,TX,ASW,CE,Towers with Radar,0,5,14,0,19,0,0,13,2,15,0,5,27,2,34,90,0,90,124
08/01/2019,BPT,TX,ASW,CE,Towers with Radar,0,6,16,2,24,0,5,19,0,24,0,11,35,2,48,54,0,54,102
08/02/2019,BPT,TX,ASW,CE,Towers with Radar,0,7,17,2,26,0,1,13,0,14,0,8,30,2,40,12,0,12,52
08/03/2019,BPT,TX,ASW,CE,Towers with Radar,0,3,9,0,12,0,0,6,0,6,0,3,15,0,18,0,0,0,18
08/04/2019,BPT,TX,ASW,CE,Towers with Radar,0,4,11,0,15,0,0,8,0,8,0,4,19,0,23,0,0,0,23
08/05/2019,BPT,TX,ASW,CE,Towers with Radar,0,7,9,0,16,0,0,4,0,4,0,7,13,0,20,28,0,28,48
08/06/2019,BPT,TX,ASW,CE,Towers with Radar,0,8,9,0,17,0,0,10,2,12,0,8,19,2,29,6,0,6,35
08/07/2019,BPT,TX,ASW,CE,Towers with Radar,0,8,6,0,14,0,0,19,0,19,0,8,25,0,33,26,0,26,59
08/08/2019,BPT,TX,ASW,CE,Towers with Radar,0,7,27,2,36,0,1,12,0,13,0,8,39,2,49,26,0,26,75
08/09/2019,BPT,TX,ASW,CE,Towers with Radar,0,5,18,2,25,0,1,17,0,18,0,6,35,2,43,72,0,72,115
08/10/2019,BPT,TX,ASW,CE,Towers with Radar,0,4,3,0,7,0,2,12,0,14,0,6,15,0,21,8,0,8,29
08/11/2019,BPT,TX,ASW,CE,Towers with Radar,0,6,10,0,16,0,0,9,0,9,0,6,19,0,25,18,0,18,43
08/12/2019,BPT,TX,ASW,CE,Towers with Radar,0,7,4,0,11,0,0,17,0,17,0,7,21,0,28,84,0,84,112
08/13/2019,BPT,TX,ASW,CE,Towers with Radar,0,6,8,1,15,0,0,10,0,10,0,6,18,1,25,20,0,20,45
08/14/2019,BPT,TX,ASW,CE,Towers with Radar,0,7,10,4,21,0,1,10,0,11,0,8,20,4,32,50,0,50,82
08/15/2019,BPT,TX,ASW,CE,Towers with Radar,0,7,13,0,20,0,2,12,0,14,0,9,25,0,34,14,0,14,48
08/16/2019,BPT,TX,ASW,CE,Towers with Radar,0,8,19,2,29,0,0,10,0,10,0,8,29,2,39,12,0,12,51
08/17/2019,BPT,TX,ASW,CE,Towers with Radar,0,4,1,2,7,0,0,9,0,9,0,4,10,2,16,24,0,24,40
08/18/2019,BPT,TX,ASW,CE,Towers with Radar,0,5,10,0,15,0,2,8,2,12,0,7,18,2,27,36,0,36,63
08/19/2019,BPT,TX,ASW,CE,Towers with Radar,0,5,15,0,20,0,2,9,2,13,0,7,24,2,33,0,0,0,33
08/20/2019,BPT,TX,ASW,CE,Towers with Radar,0,4,15,0,19,0,0,8,4,12,0,4,23,4,31,3,0,3,34
08/21/2019,BPT,TX,ASW,CE,Towers with Radar,0,10,16,3,29,0,0,6,0,6,0,10,22,3,35,0,0,0,35
08/22/2019,BPT,TX,ASW,CE,Towers with Radar,0,8,15,3,26,0,1,22,0,23,0,9,37,3,49,40,0,40,89
08/23/2019,BPT,TX,ASW,CE,Towers with Radar,0,6,7,4,17,0,2,3,0,5,0,8,10,4,22,8,0,8,30
08/24/2019,BPT,TX,ASW,CE,Towers with Radar,0,3,6,0,9,0,0,0,0,0,0,3,6,0,9,0,0,0,9
08/25/2019,BPT,TX,ASW,CE,Towers with Radar,0,7,8,2,17,0,0,0,0,0,0,7,8,2,17,0,0,0,17
08/26/2019,BPT,TX,ASW,CE,Towers with Radar,0,9,6,2,17,0,0,9,0,9,0,9,15,2,26,14,0,14,40
08/27/2019,BPT,TX,ASW,CE,Towers with Radar,0,6,13,4,23,0,0,10,2,12,0,6,23,6,35,22,0,22,57
08/28/2019,BPT,TX,ASW,CE,Towers with Radar,0,8,16,1,25,0,0,2,5,7,0,8,18,6,32,2,0,2,34
08/29/2019,BPT,TX,ASW,CE,Towers with Radar,0,7,23,1,31,0,0,12,4,16,0,7,35,5,47,42,0,42,89
08/30/2019,BPT,TX,ASW,CE,Towers with Radar,0,5,9,2,16,0,0,20,1,21,0,5,29,3,37,40,2,42,79
08/31/2019,BPT,TX,ASW,CE,Towers with Radar,0,4,8,0,12,0,0,4,0,4,0,4,12,0,16,2,0,2,18
09/01/2019,BPT,TX,ASW,CE,Towers with Radar,0,6,3,0,9,0,1,13,0,14,0,7,16,0,23,8,0,8,31
09/02/2019,BPT,TX,ASW,CE,Towers with Radar,0,7,15,0,22,0,1,9,0,10,0,8,24,0,32,10,0,10,42
09/03/2019,BPT,TX,ASW,CE,Towers with Radar,0,6,19,0,25,0,0,22,0,22,0,6,41,0,47,47,0,47,94
09/04/2019,BPT,TX,ASW,CE,Towers with Radar,0,4,6,6,16,0,1,12,1,14,0,5,18,7,30,202,12,214,244
09/05/2019,BPT,TX,ASW,CE,Towers with Radar,0,7,11,2,20,0,1,19,5,25,0,8,30,7,45,60,0,60,105
09/06/2019,BPT,TX,ASW,CE,Towers with Radar,0,10,12,0,22,0,0,21,5,26,0,10,33,5,48,10,0,10,58
09/07/2019,BPT,TX,ASW,CE,Towers with Radar,0,4,8,0,12,0,0,13,8,21,0,4,21,8,33,22,0,22,55
09/08/2019,BPT,TX,ASW,CE,Towers with Radar,0,8,12,0,20,0,0,8,5,13,0,8,20,5,33,10,0,10,43
09/09/2019,BPT,TX,ASW,CE,Towers with Radar,0,5,14,4,23,0,0,12,7,19,0,5,26,11,42,10,0,10,52
09/10/2019,BPT,TX,ASW,CE,Towers with Radar,0,4,10,5,19,0,0,18,4,22,0,4,28,9,41,10,0,10,51
09/11/2019,BPT,TX,ASW,CE,Towers with Radar,0,7,21,0,28,0,2,17,5,24,0,9,38,5,52,14,0,14,66
09/12/2019,BPT,TX,ASW,CE,Towers with Radar,0,8,10,2,20,0,1,21,6,28,0,9,31,8,48,36,0,36,84
09/13/2019,BPT,TX,ASW,CE,Towers with Radar,0,6,18,2,26,0,2,11,4,17,0,8,29,6,43,68,0,68,111
09/14/2019,BPT,TX,ASW,CE,Towers with Radar,0,4,4,0,8,0,2,12,2,16,0,6,16,2,24,60,0,60,84
09/15/2019,BPT,TX,ASW,CE,Towers with Radar,0,8,16,0,24,0,0,6,0,6,0,8,22,0,30,6,0,6,36
09/16/2019,BPT,TX,ASW,CE,Towers with Radar,0,7,11,0,18,0,0,6,0,6,0,7,17,0,24,60,0,60,84
09/17/2019,BPT,TX,ASW,CE,Towers with Radar,0,6,5,2,13,0,0,0,0,0,0,6,5,2,13,0,0,0,13
09/18/2019,BPT,TX,ASW,CE,Towers with Radar,0,1,11,0,12,0,0,0,0,0,0,1,11,0,12,0,0,0,12
09/19/2019,BPT,TX,ASW,CE,Towers with Radar,0,0,0,0,0,0,0,0,19,19,0,0,0,19,19,0,0,0,19
09/20/2019,BPT,TX,ASW,CE,Towers with Radar,0,4,13,0,17,0,3,7,12,22,0,7,20,12,39,0,0,0,39
09/21/2019,BPT,TX,ASW,CE,Towers with Radar,0,4,10,2,16,0,0,28,19,47,0,4,38,21,63,0,8,8,71
09/22/2019,BPT,TX,ASW,CE,Towers with Radar,0,5,7,0,12,0,2,18,11,31,0,7,25,11,43,0,0,0,43
09/23/2019,BPT,TX,ASW,CE,Towers with Radar,0,5,8,2,15,0,0,14,4,18,0,5,22,6,33,44,0,44,77
09/24/2019,BPT,TX,ASW,CE,Towers with Radar,0,6,10,0,16,0,0,18,2,20,0,6,28,2,36,42,0,42,78
09/25/2019,BPT,TX,ASW,CE,Towers with Radar,0,6,17,4,27,0,0,24,2,26,0,6,41,6,53,78,0,78,131
09/26/2019,BPT,TX,ASW,CE,Towers with Radar,0,6,21,0,27,0,2,23,0,25,0,8,44,0,52,42,0,42,94
09/27/2019,BPT,TX,ASW,CE,Towers with Radar,0,9,15,0,24,0,8,12,2,22,0,17,27,2,46,38,0,38,84
09/28/2019,BPT,TX,ASW,CE,Towers with Radar,0,5,3,0,8,0,0,16,0,16,0,5,19,0,24,40,0,40,64
09/29/2019,BPT,TX,ASW,CE,Towers with Radar,0,6,12,0,18,0,1,16,0,17,0,7,28,0,35,10,0,10,45
09/30/2019,BPT,TX,ASW,CE,Towers with Radar,0,6,8,4,18,0,1,12,2,15,0,7,20,6,33,20,0,20,53
10/01/2019,BPT,TX,ASW,CE,Towers with Radar,0,10,10,2,22,0,0,26,2,28,0,10,36,4,50,4,0,4,54
10/02/2019,BPT,TX,ASW,CE,Towers with Radar,0,9,10,0,19,0,0,10,0,10,0,9,20,0,29,62,0,62,91
10/03/2019,BPT,TX,ASW,CE,Towers with Radar,0,8,12,2,22,0,0,18,1,19,0,8,30,3,41,14,0,14,55
10/04/2019,BPT,TX,ASW,CE,Towers with Radar,0,8,9,2,19,0,0,22,1,23,0,8,31,3,42,68,0,68,110
10/05/2019,BPT,TX,ASW,CE,Towers with Radar,0,6,5,0,11,0,0,8,0,8,0,6,13,0,19,0,0,0,19
10/06/2019,BPT,TX,ASW,CE,Towers with Radar,0,9,9,0,18,0,0,13,0,13,0,9,22,0,31,6,0,6,37
10/07/2019,BPT,TX,ASW,CE,Towers with Radar,0,5,16,0,21,0,0,7,2,9,0,5,23,2,30,60,0,60,90
10/08/2019,BPT,TX,ASW,CE,Towers with Radar,0,5,18,4,27,0,0,5,6,11,0,5,23,10,38,0,0,0,38
10/09/2019,BPT,TX,ASW,CE,Towers with Radar,0,5,14,2,21,0,1,16,0,17,0,6,30,2,38,24,0,24,62
10/10/2019,BPT,TX,ASW,CE,Towers with Radar,0,5,16,0,21,0,0,18,4,22,0,5,34,4,43,49,2,51,94
10/11/2019,BPT,TX,ASW,CE,Towers with Radar,0,3,24,0,27,0,0,4,2,6,0,3,28,2,33,0,0,0,33
10/12/2019,BPT,TX,ASW,CE,Towers with Radar,0,6,6,0,12,0,0,10,5,15,0,6,16,5,27,0,0,0,27
10/13/2019,BPT,TX,ASW,CE,Towers with Radar,0,6,19,0,25,0,0,22,0,22,0,6,41,0,47,8,0,8,55
10/14/2019,BPT,TX,ASW,CE,Towers with Radar,0,8,17,0,25,0,0,0,0,0,0,8,17,0,25,0,0,0,25
10/15/2019,BPT,TX,ASW,CE,Towers with Radar,0,6,20,4,30,0,0,8,0,8,0,6,28,4,38,32,0,32,70
10/16/2019,BPT,TX,ASW,CE,Towers with Radar,0,6,10,1,17,0,0,0,0,0,0,6,10,1,17,2,0,2,19
10/17/2019,BPT,TX,ASW,CE,Towers with Radar,0,7,14,0,21,0,0,31,0,31,0,7,45,0,52,28,0,28,80
10/18/2019,BPT,TX,ASW,CE,Towers with Radar,0,6,13,2,21,0,0,25,0,25,0,6,38,2,46,10,0,10,56
10/19/2019,BPT,TX,ASW,CE,Towers with Radar,0,6,4,0,10,0,0,15,0,15,0,6,19,0,25,24,0,24,49
10/20/2019,BPT,TX,ASW,CE,Towers with Radar,0,5,14,0,19,0,2,7,0,9,0,7,21,0,28,16,0,16,44
10/21/2019,BPT,TX,ASW,CE,Towers with Radar,0,5,8,0,13,0,0,0,0,0,0,5,8,0,13,0,0,0,13
10/22/2019,BPT,TX,ASW,CE,Towers with Radar,0,5,18,0,23,0,1,25,0,26,0,6,43,0,49,64,0,64,113
10/23/2019,BPT,TX,ASW,CE,Towers with Radar,0,6,28,1,35,0,1,18,0,19,0,7,46,1,54,8,0,8,62
10/24/2019,BPT,TX,ASW,CE,Towers with Radar,0,5,18,0,23,0,0,28,2,30,0,5,46,2,53,24,0,24,77
10/25/2019,BPT,TX,ASW,CE,Towers with Radar,0,12,10,0,22,0,0,0,0,0,0,12,10,0,22,0,0,0,22
10/26/2019,BPT,TX,ASW,CE,Towers with Radar,0,6,3,8,17,0,0,3,0,3,0,6,6,8,20,0,0,0,20
10/27/2019,BPT,TX,ASW,CE,Towers with Radar,0,6,18,0,24,0,0,28,0,28,0,6,46,0,52,8,0,8,60
10/28/2019,BPT,TX,ASW,CE,Towers with Radar,0,6,10,0,16,0,0,23,0,23,0,6,33,0,39,22,0,22,61
10/29/2019,BPT,TX,ASW,CE,Towers with Radar,0,8,4,0,12,0,0,4,2,6,0,8,8,2,18,34,0,34,52
10/30/2019,BPT,TX,ASW,CE,Towers with Radar,0,13,8,4,25,0,0,0,0,0,0,13,8,4,25,0,0,0,25
10/31/2019,BPT,TX,ASW,CE,Towers with Radar,0,7,13,0,20,0,0,5,0,5,0,7,18,0,25,0,0,0,25
11/01/2019,BPT,TX,ASW,CE,Towers with Radar,0,5,32,0,37,0,1,27,4,32,0,6,59,4,69,24,0,24,93
11/02/2019,BPT,TX,ASW,CE,Towers with Radar,0,6,3,0,9,0,1,13,0,14,0,7,16,0,23,0,0,0,23
11/03/2019,BPT,TX,ASW,CE,Towers with Radar,0,7,20,0,27,0,1,28,0,29,0,8,48,0,56,34,0,34,90
11/04/2019,BPT,TX,ASW,CE,Towers with Radar,0,5,15,0,20,0,2,13,0,15,0,7,28,0,35,60,0,60,95
11/05/2019,BPT,TX,ASW,CE,Towers with Radar,0,7,23,0,30,0,0,8,0,8,0,7,31,0,38,58,0,58,96
11/06/2019,BPT,TX,ASW,CE,Towers with Radar,0,9,15,2,26,0,0,15,2,17,0,9,30,4,43,78,0,78,121
11/07/2019,BPT,TX,ASW,CE,Towers with Radar,0,6,13,0,19,0,0,0,0,0,0,6,13,0,19,0,0,0,19
11/08/2019,BPT,TX,ASW,CE,Towers with Radar,0,7,28,0,35,0,0,2,0,2,0,7,30,0,37,0,0,0,37
11/09/2019,BPT,TX,ASW,CE,Towers with Radar,0,6,8,0,14,0,0,18,0,18,0,6,26,0,32,8,0,8,40
11/10/2019,BPT,TX,ASW,CE,Towers with Radar,0,7,19,0,26,0,0,19,0,19,0,7,38,0,45,48,0,48,93
11/11/2019,BPT,TX,ASW,CE,Towers with Radar,0,7,14,0,21,0,0,6,0,6,0,7,20,0,27,24,0,24,51
11/12/2019,BPT,TX,ASW,CE,Towers with Radar,0,7,5,5,17,0,0,4,3,7,0,7,9,8,24,42,0,42,66
11/13/2019,BPT,TX,ASW,CE,Towers with Radar,0,6,18,0,24,0,0,14,2,16,0,6,32,2,40,32,0,32,72
11/14/2019,BPT,TX,ASW,CE,Towers with Radar,0,7,24,0,31,0,0,1,0,1,0,7,25,0,32,0,0,0,32
11/15/2019,BPT,TX,ASW,CE,Towers with Radar,0,8,19,2,29,0,0,35,2,37,0,8,54,4,66,78,0,78,144
11/16/2019,BPT,TX,ASW,CE,Towers with Radar,0,6,7,0,13,0,0,24,0,24,0,6,31,0,37,0,0,0,37
11/17/2019,BPT,TX,ASW,CE,Towers with Radar,0,5,14,0,19,0,1,26,2,29,0,6,40,2,48,20,0,20,68
11/18/2019,BPT,TX,ASW,CE,Towers with Radar,0,8,27,0,35,0,0,13,0,13,0,8,40,0,48,18,0,18,66
11/19/2019,BPT,TX,ASW,CE,Towers with Radar,0,9,14,2,25,0,0,13,11,24,0,9,27,13,49,38,0,38,87
11/20/2019,BPT,TX,ASW,CE,Towers with Radar,0,6,25,1,32,0,0,12,2,14,0,6,37,3,46,18,4,22,68
11/21/2019,BPT,TX,ASW,CE,Towers with Radar,0,5,22,1,28,0,0,17,1,18,0,5,39,2,46,48,0,48,94
11/22/2019,BPT,TX,ASW,CE,Towers with Radar,0,9,12,0,21,0,1,1,0,2,0,10,13,0,23,0,0,0,23
11/23/2019,BPT,TX,ASW,CE,Towers with Radar,0,7,8,0,15,0,0,16,0,16,0,7,24,0,31,10,0,10,41
11/24/2019,BPT,TX,ASW,CE,Towers with Radar,0,6,11,0,17,0,0,23,0,23,0,6,34,0,40,24,0,24,64
11/25/2019,BPT,TX,ASW,CE,Towers with Radar,0,5,14,0,19,0,0,7,0,7,0,5,21,0,26,8,0,8,34
11/26/2019,BPT,TX,ASW,CE,Towers with Radar,0,8,18,6,32,0,0,1,0,1,0,8,19,6,33,0,0,0,33
11/27/2019,BPT,TX,ASW,CE,Towers with Radar,0,8,16,0,24,0,2,21,0,23,0,10,37,0,47,0,0,0,47
11/28/2019,BPT,TX,ASW,CE,Towers with Radar,0,5,3,0,8,0,1,6,0,7,0,6,9,0,15,0,0,0,15
11/29/2019,BPT,TX,ASW,CE,Towers with Radar,0,4,12,0,16,0,0,0,0,0,0,4,12,0,16,0,0,0,16
11/30/2019,BPT,TX,ASW,CE,Towers with Radar,0,6,2,0,8,0,2,6,0,8,0,8,8,0,16,0,0,0,16
12/01/2019,BPT,TX,ASW,CE,Towers with Radar,0,6,21,0,27,0,0,15,0,15,0,6,36,0,42,0,0,0,42
12/02/2019,BPT,TX,ASW,CE,Towers with Radar,0,5,7,0,12,0,0,23,0,23,0,5,30,0,35,16,0,16,51
12/03/2019,BPT,TX,ASW,CE,Towers with Radar,0,7,10,0,17,0,2,27,2,31,0,9,37,2,48,42,0,42,90
12/04/2019,BPT,TX,ASW,CE,Towers with Radar,0,6,23,0,29,0,0,28,4,32,0,6,51,4,61,52,0,52,113
12/05/2019,BPT,TX,ASW,CE,Towers with Radar,0,7,8,0,15,0,1,23,2,26,0,8,31,2,41,0,0,0,41
12/06/2019,BPT,TX,ASW,CE,Towers with Radar,0,6,19,0,25,0,0,16,0,16,0,6,35,0,41,64,4,68,109
12/07/2019,BPT,TX,ASW,CE,Towers with Radar,0,12,22,0,34,0,0,31,0,31,0,12,53,0,65,24,0,24,89
12/08/2019,BPT,TX,ASW,CE,Towers with Radar,0,7,15,0,22,0,1,3,0,4,0,8,18,0,26,0,0,0,26
12/09/2019,BPT,TX,ASW,CE,Towers with Radar,0,9,11,0,20,0,0,0,0,0,0,9,11,0,20,0,0,0,20
12/10/2019,BPT,TX,ASW,CE,Towers with Radar,0,13,9,0,22,0,0,0,0,0,0,13,9,0,22,0,0,0,22
12/11/2019,BPT,TX,ASW,CE,Towers with Radar,0,10,12,0,22,0,2,19,0,21,0,12,31,0,43,18,0,18,61
12/12/2019,BPT,TX,ASW,CE,Towers with Radar,0,6,17,2,25,0,0,19,0,19,0,6,36,2,44,0,0,0,44
12/13/2019,BPT,TX,ASW,CE,Towers with Radar,0,6,22,0,28,0,0,16,2,18,0,6,38,2,46,30,0,30,76
12/14/2019,BPT,TX,ASW,CE,Towers with Radar,0,8,12,0,20,0,1,29,0,30,0,9,41,0,50,28,0,28,78
12/15/2019,BPT,TX,ASW,CE,Towers with Radar,0,13,14,0,27,0,1,8,2,11,0,14,22,2,38,0,0,0,38
12/16/2019,BPT,TX,ASW,CE,Towers with Radar,0,3,9,0,12,0,0,0,0,0,0,3,9,0,12,0,0,0,12
12/17/2019,BPT,TX,ASW,CE,Towers with Radar,0,9,18,0,27,0,0,6,2,8,0,9,24,2,35,0,0,0,35
12/18/2019,BPT,TX,ASW,CE,Towers with Radar,0,4,15,2,21,0,0,20,0,20,0,4,35,2,41,54,0,54,95
12/19/2019,BPT,TX,ASW,CE,Towers with Radar,0,6,5,1,12,0,2,14,0,16,0,8,19,1,28,0,0,0,28
12/20/2019,BPT,TX,ASW,CE,Towers with Radar,0,4,11,2,17,0,2,12,0,14,0,6,23,2,31,48,0,48,79
12/21/2019,BPT,TX,ASW,CE,Towers with Radar,0,3,8,0,11,0,0,14,0,14,0,3,22,0,25,6,0,6,31
12/22/2019,BPT,TX,ASW,CE,Towers with Radar,0,4,7,0,11,0,1,10,0,11,0,5,17,0,22,2,0,2,24
12/23/2019,BPT,TX,ASW,CE,Towers with Radar,0,6,12,0,18,0,2,8,0,10,0,8,20,0,28,0,0,0,28
12/24/2019,BPT,TX,ASW,CE,Towers with Radar,0,4,4,0,8,0,0,6,0,6,0,4,10,0,14,0,0,0,14
12/25/2019,BPT,TX,ASW,CE,Towers with Radar,0,6,9,0,15,0,0,4,0,4,0,6,13,0,19,0,0,0,19
12/26/2019,BPT,TX,ASW,CE,Towers with Radar,0,6,19,2,27,0,0,8,0,8,0,6,27,2,35,8,0,8,43
12/27/2019,BPT,TX,ASW,CE,Towers with Radar,0,9,4,2,15,0,2,1,0,3,0,11,5,2,18,0,0,0,18
12/28/2019,BPT,TX,ASW,CE,Towers with Radar,0,3,5,0,8,0,1,0,0,1,0,4,5,0,9,0,0,0,9
12/29/2019,BPT,TX,ASW,CE,Towers with Radar,0,6,4,0,10,0,0,0,0,0,0,6,4,0,10,0,0,0,10
12/30/2019,BPT,TX,ASW,CE,Towers with Radar,0,6,13,2,21,0,0,18,0,18,0,6,31,2,39,18,0,18,57
12/31/2019,BPT,TX,ASW,CE,Towers with Radar,0,4,6,0,10,0,0,23,0,23,0,4,29,0,33,8,0,8,41
01/01/2020,BPT,TX,ASW,CE,Towers with Radar,0,4,8,0,12,0,0,4,0,4,0,4,12,0,16,28,0,28,44
01/02/2020,BPT,TX,ASW,CE,Towers with Radar,0,7,11,2,20,0,0,0,0,0,0,7,11,2,20,0,0,0,20
01/03/2020,BPT,TX,ASW,CE,Towers with Radar,0,4,16,4,24,0,1,11,0,12,0,5,27,4,36,18,0,18,54
01/04/2020,BPT,TX,ASW,CE,Towers with Radar,0,8,12,0,20,0,1,24,0,25,0,9,36,0,45,0,0,0,45
01/05/2020,BPT,TX,ASW,CE,Towers with Radar,0,5,13,10,28,0,0,13,5,18,0,5,26,15,46,18,0,18,64
01/06/2020,BPT,TX,ASW,CE,Towers with Radar,0,5,12,0,17,0,0,14,0,14,0,5,26,0,31,2,0,2,33
01/07/2020,BPT,TX,ASW,CE,Towers with Radar,0,4,5,5,14,0,0,21,3,24,0,4,26,8,38,24,0,24,62
01/08/2020,BPT,TX,ASW,CE,Towers with Radar,0,8,12,2,22,0,1,16,2,19,0,9,28,4,41,42,0,42,83
01/09/2020,BPT,TX,ASW,CE,Towers with Radar,0,6,12,2,20,0,0,2,0,2,0,6,14,2,22,6,0,6,28
01/10/2020,BPT,TX,ASW,CE,Towers with Radar,0,4,14,0,18,0,0,0,0,0,0,4,14,0,18,0,0,0,18
01/11/2020,BPT,TX,ASW,CE,Towers with Radar,0,7,8,0,15,0,0,2,0,2,0,7,10,0,17,0,0,0,17
01/12/2020,BPT,TX,ASW,CE,Towers with Radar,0,12,14,0,26,0,0,8,0,8,0,12,22,0,34,10,0,10,44
01/13/2020,BPT,TX,ASW,CE,Towers with Radar,0,7,7,0,14,0,0,0,0,0,0,7,7,0,14,0,0,0,14
01/14/2020,BPT,TX,ASW,CE,Towers with Radar,0,3,19,2,24,0,0,0,0,0,0,3,19,2,24,0,0,0,24
01/15/2020,BPT,TX,ASW,CE,Towers with Radar,0,7,20,0,27,0,0,5,0,5,0,7,25,0,32,0,0,0,32
01/16/2020,BPT,TX,ASW,CE,Towers with Radar,0,8,8,2,18,0,0,2,0,2,0,8,10,2,20,4,0,4,24
01/17/2020,BPT,TX,ASW,CE,Towers with Radar,0,9,15,1,25,0,0,2,0,2,0,9,17,1,27,2,0,2,29
01/18/2020,BPT,TX,ASW,CE,Towers with Radar,0,4,3,0,7,0,0,0,0,0,0,4,3,0,7,0,0,0,7
01/19/2020,BPT,TX,ASW,CE,Towers with Radar,0,6,17,0,23,0,0,15,0,15,0,6,32,0,38,2,0,2,40
01/20/2020,BPT,TX,ASW,CE,Towers with Radar,0,6,18,0,24,0,1,22,0,23,0,7,40,0,47,18,0,18,65
01/21/2020,BPT,TX,ASW,CE,Towers with Radar,0,4,10,0,14,0,0,27,2,29,0,4,37,2,43,28,0,28,71
01/22/2020,BPT,TX,ASW,CE,Towers with Radar,0,4,14,0,18,0,0,1,0,1,0,4,15,0,19,0,0,0,19
01/23/2020,BPT,TX,ASW,CE,Towers with Radar,0,8,19,2,29,0,0,3,0,3,0,8,22,2,32,8,0,8,40
01/24/2020,BPT,TX,ASW,CE,Towers with Radar,0,6,19,4,29,0,1,16,4,21,0,7,35,8,50,14,0,14,64
01/25/2020,BPT,TX,ASW,CE,Towers with Radar,0,4,8,0,12,0,0,26,0,26,0,4,34,0,38,3,0,3,41
01/26/2020,BPT,TX,ASW,CE,Towers with Radar,0,8,10,2,20,0,0,0,0,0,0,8,10,2,20,4,0,4,24
01/27/2020,BPT,TX,ASW,CE,Towers with Radar,0,6,12,0,18,0,0,2,0,2,0,6,14,0,20,0,0,0,20
01/28/2020,BPT,TX,ASW,CE,Towers with Radar,0,4,5,0,9,0,0,2,0,2,0,4,7,0,11,0,0,0,11
01/29/2020,BPT,TX,ASW,CE,Towers with Radar,0,6,16,2,24,0,0,6,2,8,0,6,22,4,32,4,0,4,36
01/30/2020,BPT,TX,ASW,CE,Towers with Radar,0,8,4,2,14,0,0,0,0,0,0,8,4,2,14,10,0,10,24
01/31/2020,BPT,TX,ASW,CE,Towers with Radar,0,6,15,2,23,0,1,16,0,17,0,7,31,2,40,50,0,50,90
02/01/2020,BPT,TX,ASW,CE,Towers with Radar,0,6,1,0,7,0,0,20,0,20,0,6,21,0,27,8,0,8,35
02/02/2020,BPT,TX,ASW,CE,Towers with Radar,0,6,13,0,19,0,0,18,0,18,0,6,31,0,37,6,0,6,43
02/03/2020,BPT,TX,ASW,CE,Towers with Radar,0,8,20,2,30,0,3,15,0,18,0,11,35,2,48,0,0,0,48
02/04/2020,BPT,TX,ASW,CE,Towers with Radar,0,4,19,1,24,0,1,0,0,1,0,5,19,1,25,2,0,2,27
02/05/2020,BPT,TX,ASW,CE,Towers with Radar,0,4,16,1,21,0,0,0,0,0,0,4,16,1,21,0,0,0,21
02/06/2020,BPT,TX,ASW,CE,Towers with Radar,0,6,9,1,16,0,0,12,1,13,0,6,21,2,29,34,0,34,63
02/07/2020,BPT,TX,ASW,CE,Towers with Radar,0,10,16,0,26,0,1,21,0,22,0,11,37,0,48,6,0,6,54
02/08/2020,BPT,TX,ASW,CE,Towers with Radar,0,4,9,0,13,0,4,24,0,28,0,8,33,0,41,22,0,22,63
02/09/2020,BPT,TX,ASW,CE,Towers with Radar,0,6,17,0,23,0,0,3,0,3,0,6,20,0,26,0,0,0,26
02/10/2020,BPT,TX,ASW,CE,Towers with Radar,0,8,6,0,14,0,0,0,0,0,0,8,6,0,14,0,0,0,14
02/11/2020,BPT,TX,ASW,CE,Towers with Radar,0,6,10,0,16,0,0,0,0,0,0,6,10,0,16,0,0,0,16
02/12/2020,BPT,TX,ASW,CE,Towers with Radar,0,4,18,0,22,0,0,0,0,0,0,4,18,0,22,0,0,0,22
02/13/2020,BPT,TX,ASW,CE,Towers with Radar,0,8,18,2,28,0,1,17,2,20,0,9,35,4,48,18,0,18,66
02/14/2020,BPT,TX,ASW,CE,Towers with Radar,0,6,13,0,19,0,2,18,3,23,0,8,31,3,42,20,8,28,70
02/15/2020,BPT,TX,ASW,CE,Towers with Radar,0,4,7,0,11,0,0,15,0,15,0,4,22,0,26,26,0,26,52
02/16/2020,BPT,TX,ASW,CE,Towers with Radar,0,6,9,0,15,0,0,3,0,3,0,6,12,0,18,0,0,0,18
02/17/2020,BPT,TX,ASW,CE,Towers with Radar,0,6,7,0,13,0,0,0,0,0,0,6,7,0,13,0,0,0,13
02/18/2020,BPT,TX,ASW,CE,Towers with Radar,0,4,16,0,20,0,0,1,2,3,0,4,17,2,23,0,0,0,23
02/19/2020,BPT,TX,ASW,CE,Towers with Radar,0,6,22,4,32,0,2,1,1,4,0,8,23,5,36,0,0,0,36
02/20/2020,BPT,TX,ASW,CE,Towers with Radar,0,8,9,0,17,0,0,3,0,3,0,8,12,0,20,0,0,0,20
02/21/2020,BPT,TX,ASW,CE,Towers with Radar,0,8,12,2,22,0,0,23,2,25,0,8,35,4,47,34,0,34,81
02/22/2020,BPT,TX,ASW,CE,Towers with Radar,0,4,7,0,11,0,1,25,0,26,0,5,32,0,37,56,0,56,93
02/23/2020,BPT,TX,ASW,CE,Towers with Radar,0,6,16,0,22,0,0,5,0,5,0,6,21,0,27,0,0,0,27
02/24/2020,BPT,TX,ASW,CE,Towers with Radar,0,6,4,2,12,0,0,3,0,3,0,6,7,2,15,2,0,2,17
02/25/2020,BPT,TX,ASW,CE,Towers with Radar,0,6,9,0,15,0,4,10,2,16,0,10,19,2,31,14,0,14,45
02/26/2020,BPT,TX,ASW,CE,Towers with Radar,0,4,11,2,17,0,2,10,2,14,0,6,21,4,31,0,0,0,31
02/27/2020,BPT,TX,ASW,CE,Towers with Radar,0,6,9,4,19,0,2,19,6,27,0,8,28,10,46,92,0,92,138
02/28/2020,BPT,TX,ASW,CE,Towers with Radar,0,6,14,0,20,0,0,37,0,37,0,6,51,0,57,76,0,76,133
02/29/2020,BPT,TX,ASW,CE,Towers with Radar,0,5,4,0,9,0,0,23,0,23,0,5,27,0,32,26,0,26,58
03/01/2020,BPT,TX,ASW,CE,Towers with Radar,0,10,13,0,23,0,1,3,2,6,0,11,16,2,29,22,0,22,51
03/02/2020,BPT,TX,ASW,CE,Towers with Radar,0,6,15,0,21,0,2,5,0,7,0,8,20,0,28,44,0,44,72
03/03/2020,BPT,TX,ASW,CE,Towers with Radar,0,5,19,12,36,0,0,7,1,8,0,5,26,13,44,10,0,10,54
03/04/2020,BPT,TX,ASW,CE,Towers with Radar,0,4,10,0,14,0,0,0,0,0,0,4,10,0,14,0,0,0,14
03/05/2020,BPT,TX,ASW,CE,Towers with Radar,0,6,16,2,24,0,1,23,4,28,0,7,39,6,52,22,0,22,74
03/06/2020,BPT,TX,ASW,CE,Towers with Radar,0,6,18,2,26,0,6,11,2,19,0,12,29,4,45,80,0,80,125
03/07/2020,BPT,TX,ASW,CE,Towers with Radar,0,4,5,0,9,0,0,23,0,23,0,4,28,0,32,24,0,24,56
03/08/2020,BPT,TX,ASW,CE,Towers with Radar,0,7,9,0,16,0,0,5,0,5,0,7,14,0,21,4,0,4,25
03/09/2020,BPT,TX,ASW,CE,Towers with Radar,0,6,14,0,20,0,0,0,0,0,0,6,14,0,20,0,0,0,20
03/10/2020,BPT,TX,ASW,CE,Towers with Radar,0,4,22,4,30,0,2,6,2,10,0,6,28,6,40,42,0,42,82
03/11/2020,BPT,TX,ASW,CE,Towers with Radar,0,4,21,0,25,0,0,6,0,6,0,4,27,0,31,42,0,42,73
03/12/2020,BPT,TX,ASW,CE,Towers with Radar,0,9,6,0,15,0,0,2,0,2,0,9,8,0,17,70,0,70,87
03/13/2020,BPT,TX,ASW,CE,Towers with Radar,0,6,10,0,16,0,0,7,1,8,0,6,17,1,24,62,0,62,86
03/14/2020,BPT,TX,ASW,CE,Towers with Radar,0,4,11,2,17,0,0,2,2,4,0,4,13,4,21,32,0,32,53
03/15/2020,BPT,TX,ASW,CE,Towers with Radar,0,7,9,0,16,0,3,12,0,15,0,10,21,0,31,44,0,44,75
03/16/2020,BPT,TX,ASW,CE,Towers with Radar,0,6,5,2,13,0,0,6,0,6,0,6,11,2,19,34,2,36,55
03/17/2020,BPT,TX,ASW,CE,Towers with Radar,0,4,15,0,19,0,0,1,0,1,0,4,16,0,20,16,0,16,36
03/18/2020,BPT,TX,ASW,CE,Towers with Radar,0,4,13,0,17,0,0,8,0,8,0,4,21,0,25,14,0,14,39
03/19/2020,BPT,TX,ASW,CE,Towers with Radar,0,4,14,0,18,0,0,8,0,8,0,4,22,0,26,20,0,20,46
03/20/2020,BPT,TX,ASW,CE,Towers with Radar,0,7,13,0,20,0,0,0,0,0,0,7,13,0,20,0,0,0,20
03/21/2020,BPT,TX,ASW,CE,Towers with Radar,0,4,0,0,4,0,0,0,0,0,0,4,0,0,4,0,0,0,4
03/22/2020,BPT,TX,ASW,CE,Towers with Radar,0,4,1,0,5,0,0,0,0,0,0,4,1,0,5,0,0,0,5
03/23/2020,BPT,TX,ASW,CE,Towers with Radar,0,4,6,0,10,0,1,1,0,2,0,5,7,0,12,44,0,44,56
03/24/2020,BPT,TX,ASW,CE,Towers with Radar,0,4,11,13,28,0,0,11,0,11,0,4,22,13,39,6,0,6,45
03/25/2020,BPT,TX,ASW,CE,Towers with Radar,0,1,1,3,5,0,0,26,2,28,0,1,27,5,33,96,6,102,135
03/26/2020,BPT,TX,ASW,CE,Towers with Radar,0,3,4,0,7,0,0,15,2,17,0,3,19,2,24,42,0,42,66
03/27/2020,BPT,TX,ASW,CE,Towers with Radar,0,2,10,0,12,0,0,12,2,14,0,2,22,2,26,46,0,46,72
03/28/2020,BPT,TX,ASW,CE,Towers with Radar,0,4,2,0,6,0,0,4,0,4,0,4,6,0,10,42,0,42,52
03/29/2020,BPT,TX,ASW,CE,Towers with Radar,0,4,2,0,6,0,1,8,0,9,0,5,10,0,15,18,0,18,33
03/30/2020,BPT,TX,ASW,CE,Towers with Radar,0,2,6,0,8,0,0,7,2,9,0,2,13,2,17,10,0,10,27
03/31/2020,BPT,TX,ASW,CE,Towers with Radar,0,4,1,0,5,0,0,9,0,9,0,4,10,0,14,56,0,56,70
04/01/2020,BPT,TX,ASW,CE,Towers with Radar,0,12,2,0,14,0,0,24,0,24,0,12,26,0,38,110,0,110,148
04/02/2020,BPT,TX,ASW,CE,Towers with Radar,0,2,6,0,8,0,0,8,2,10,0,2,14,2,18,28,0,28,46
04/03/2020,BPT,TX,ASW,CE,Towers with Radar,0,3,6,0,9,0,0,6,0,6,0,3,12,0,15,6,0,6,21
04/04/2020,BPT,TX,ASW,CE,Towers with Radar,0,3,1,0,4,0,0,0,0,0,0,3,1,0,4,0,0,0,4
04/05/2020,BPT,TX,ASW,CE,Towers with Radar,0,4,5,0,9,0,0,10,0,10,0,4,15,0,19,0,0,0,19
04/06/2020,BPT,TX,ASW,CE,Towers with Radar,0,6,0,0,6,0,0,4,0,4,0,6,4,0,10,20,0,20,30
04/07/2020,BPT,TX,ASW,CE,Towers with Radar,0,2,1,0,3,0,0,0,0,0,0,2,1,0,3,0,0,0,3
04/08/2020,BPT,TX,ASW,CE,Towers with Radar,0,2,10,2,14,0,0,5,0,5,0,2,15,2,19,32,0,32,51
04/09/2020,BPT,TX,ASW,CE,Towers with Radar,0,4,7,0,11,0,0,6,2,8,0,4,13,2,19,12,0,12,31
04/10/2020,BPT,TX,ASW,CE,Towers with Radar,0,4,5,0,9,0,0,33,0,33,0,4,38,0,42,62,0,62,104
04/11/2020,BPT,TX,ASW,CE,Towers with Radar,0,2,4,0,6,0,0,4,0,4,0,2,8,0,10,0,0,0,10
04/12/2020,BPT,TX,ASW,CE,Towers with Radar,0,4,1,0,5,0,4,0,0,4,0,8,1,0,9,0,0,0,9
04/13/2020,BPT,TX,ASW,CE,Towers with Radar,0,4,5,0,9,0,1,6,0,7,0,5,11,0,16,12,0,12,28
04/14/2020,BPT,TX,ASW,CE,Towers with Radar,0,4,6,0,10,0,0,14,2,16,0,4,20,2,26,90,0,90,116
04/15/2020,BPT,TX,ASW,CE,Towers with Radar,0,2,11,0,13,0,0,21,2,23,0,2,32,2,36,64,0,64,100
04/16/2020,BPT,TX,ASW,CE,Towers with Radar,0,4,7,0,11,0,0,11,4,15,0,4,18,4,26,4,0,4,30
04/17/2020,BPT,TX,ASW,CE,Towers with Radar,0,4,7,0,11,0,0,13,3,16,0,4,20,3,27,96,0,96,123
04/18/2020,BPT,TX,ASW,CE,Towers with Radar,0,4,4,0,8,0,0,1,0,1,0,4,5,0,9,0,0,0,9
04/19/2020,BPT,TX,ASW,CE,Towers with Radar,0,2,2,0,4,0,0,0,0,0,0,2,2,0,4,0,0,0,4
04/20/2020,BPT,TX,ASW,CE,Towers with Radar,0,2,7,2,11,0,0,6,0,6,0,2,13,2,17,54,0,54,71
04/21/2020,BPT,TX,ASW,CE,Towers with Radar,0,2,3,0,5,0,0,26,0,26,0,2,29,0,31,20,0,20,51
04/22/2020,BPT,TX,ASW,CE,Towers with Radar,0,5,2,0,7,0,1,0,0,1,0,6,2,0,8,0,0,0,8
04/23/2020,BPT,TX,ASW,CE,Towers with Radar,0,4,5,0,9,0,6,26,2,34,0,10,31,2,43,12,0,12,55
04/24/2020,BPT,TX,ASW,CE,Towers with Radar,0,2,8,0,10,0,0,45,0,45,0,2,53,0,55,2,0,2,57
04/25/2020,BPT,TX,ASW,CE,Towers with Radar,0,2,2,2,6,0,0,5,0,5,0,2,7,2,11,0,0,0,11
04/26/2020,BPT,TX,ASW,CE,Towers with Radar,0,2,3,2,7,0,0,30,2,32,0,2,33,4,39,0,0,0,39
04/27/2020,BPT,TX,ASW,CE,Towers with Radar,0,2,7,0,9,0,0,16,2,18,0,2,23,2,27,16,0,16,43
04/28/2020,BPT,TX,ASW,CE,Towers with Radar,0,2,2,0,4,0,0,1,0,1,0,2,3,0,5,0,0,0,5
04/29/2020,BPT,TX,ASW,CE,Towers with Radar,0,2,10,0,12,0,0,2,0,2,0,2,12,0,14,24,0,24,38
04/30/2020,BPT,TX,ASW,CE,Towers with Radar,0,4,9,2,15,0,0,15,0,15,0,4,24,2,30,2,0,2,32
05/01/2020,BPT,TX,ASW,CE,Towers with Radar,0,4,2,0,6,0,0,28,0,28,0,4,30,0,34,24,0,24,58
05/02/2020,BPT,TX,ASW,CE,Towers with Radar,0,1,4,0,5,0,0,16,1,17,0,1,20,1,22,0,0,0,22
05/03/2020,BPT,TX,ASW,CE,Towers with Radar,0,2,5,0,7,0,0,8,0,8,0,2,13,0,15,14,0,14,29
05/04/2020,BPT,TX,ASW,CE,Towers with Radar,0,3,2,0,5,0,0,4,0,4,0,3,6,0,9,42,0,42,51
05/05/2020,BPT,TX,ASW,CE,Towers with Radar,0,2,17,0,19,0,0,14,0,14,0,2,31,0,33,40,0,40,73
05/06/2020,BPT,TX,ASW,CE,Towers with Radar,0,4,7,0,11,0,0,12,2,14,0,4,19,2,25,16,0,16,41
05/07/2020,BPT,TX,ASW,CE,Towers with Radar,0,2,6,0,8,0,0,13,4,17,0,2,19,4,25,12,0,12,37
05/08/2020,BPT,TX,ASW,CE,Towers with Radar,0,2,10,2,14,0,0,1,0,1,0,2,11,2,15,26,0,26,41
05/09/2020,BPT,TX,ASW,CE,Towers with Radar,0,2,9,0,11,0,0,4,0,4,0,2,13,0,15,0,0,0,15
05/10/2020,BPT,TX,ASW,CE,Towers with Radar,0,2,5,0,7,0,0,15,0,15,0,2,20,0,22,6,0,6,28
05/11/2020,BPT,TX,ASW,CE,Towers with Radar,0,2,5,0,7,0,0,22,2,24,0,2,27,2,31,8,0,8,39
05/12/2020,BPT,TX,ASW,CE,Towers with Radar,0,3,9,0,12,0,0,18,0,18,0,3,27,0,30,34,0,34,64
05/13/2020,BPT,TX,ASW,CE,Towers with Radar,0,2,14,0,16,0,0,4,4,8,0,2,18,4,24,10,0,10,34
05/14/2020,BPT,TX,ASW,CE,Towers with Radar,0,3,9,0,12,0,0,4,0,4,0,3,13,0,16,0,0,0,16
05/15/2020,BPT,TX,ASW,CE,Towers with Radar,0,2,13,0,15,0,0,0,0,0,0,2,13,0,15,0,0,0,15
05/16/2020,BPT,TX,ASW,CE,Towers with Radar,0,2,1,0,3,0,0,0,0,0,0,2,1,0,3,16,0,16,19
05/17/2020,BPT,TX,ASW,CE,Towers with Radar,0,2,1,0,3,0,0,3,0,3,0,2,4,0,6,0,0,0,6
05/18/2020,BPT,TX,ASW,CE,Towers with Radar,0,2,0,0,2,0,0,7,0,7,0,2,7,0,9,28,0,28,37
05/19/2020,BPT,TX,ASW,CE,Towers with Radar,0,2,10,0,12,0,3,16,2,21,0,5,26,2,33,40,0,40,73
05/20/2020,BPT,TX,ASW,CE,Towers with Radar,0,3,5,2,10,0,0,11,2,13,0,3,16,4,23,66,0,66,89
05/21/2020,BPT,TX,ASW,CE,Towers with Radar,0,2,14,0,16,0,0,20,0,20,0,2,34,0,36,28,0,28,64
05/22/2020,BPT,TX,ASW,CE,Towers with Radar,0,2,3,0,5,0,2,4,0,6,0,4,7,0,11,0,0,0,11
05/23/2020,BPT,TX,ASW,CE,Towers with Radar,0,2,7,0,9,0,7,5,0,12,0,9,12,0,21,42,0,42,63
05/24/2020,BPT,TX,ASW,CE,Towers with Radar,0,2,0,0,2,0,1,1,0,2,0,3,1,0,4,0,0,0,4
05/25/2020,BPT,TX,ASW,CE,Towers with Radar,0,2,9,0,11,0,0,9,0,9,0,2,18,0,20,24,0,24,44
05/26/2020,BPT,TX,ASW,CE,Towers with Radar,0,2,10,0,12,0,1,6,0,7,0,3,16,0,19,12,0,12,31
05/27/2020,BPT,TX,ASW,CE,Towers with Radar,0,2,4,0,6,0,0,13,0,13,0,2,17,0,19,14,0,14,33
05/28/2020,BPT,TX,ASW,CE,Towers with Radar,0,2,3,0,5,0,2,4,0,6,0,4,7,0,11,0,0,0,11
05/29/2020,BPT,TX,ASW,CE,Towers with Radar,0,9,8,0,17,0,0,12,4,16,0,9,20,4,33,6,0,6,39
05/30/2020,BPT,TX,ASW,CE,Towers with Radar,0,2,4,0,6,0,0,4,0,4,0,2,8,0,10,0,0,0,10
05/31/2020,BPT,TX,ASW,CE,Towers with Radar,0,3,7,0,10,0,0,12,0,12,0,3,19,0,22,20,0,20,42
06/01/2020,BPT,TX,ASW,CE,Towers with Radar,0,2,13,0,15,0,0,2,0,2,0,2,15,0,17,0,0,0,17
06/02/2020,BPT,TX,ASW,CE,Towers with Radar,0,2,16,0,18,0,1,15,2,18,0,3,31,2,36,10,0,10,46
06/03/2020,BPT,TX,ASW,CE,Towers with Radar,0,4,5,2,11,0,0,9,0,9,0,4,14,2,20,8,0,8,28
06/04/2020,BPT,TX,ASW,CE,Towers with Radar,0,2,10,2,14,0,0,21,0,21,0,2,31,2,35,26,2,28,63
06/05/2020,BPT,TX,ASW,CE,Towers with Radar,0,2,7,0,9,0,0,12,0,12,0,2,19,0,21,0,0,0,21
06/06/2020,BPT,TX,ASW,CE,Towers with Radar,0,4,11,0,15,0,0,15,0,15,0,4,26,0,30,2,0,2,32
06/07/2020,BPT,TX,ASW,CE,Towers with Radar,0,2,8,0,10,0,0,10,0,10,0,2,18,0,20,28,0,28,48
06/08/2020,BPT,TX,ASW,CE,Towers with Radar,0,2,7,2,11,0,0,8,0,8,0,2,15,2,19,30,0,30,49
06/09/2020,BPT,TX,ASW,CE,Towers with Radar,0,2,18,0,20,0,0,6,1,7,0,2,24,1,27,12,0,12,39
06/10/2020,BPT,TX,ASW,CE,Towers with Radar,0,2,2,0,4,0,1,23,2,26,0,3,25,2,30,2,0,2,32
06/11/2020,BPT,TX,ASW,CE,Towers with Radar,0,2,18,2,22,0,3,15,2,20,0,5,33,4,42,0,0,0,42
06/12/2020,BPT,TX,ASW,CE,Towers with Radar,0,4,13,2,19,0,0,12,0,12,0,4,25,2,31,0,0,0,31
06/13/2020,BPT,TX,ASW,CE,Towers with Radar,0,2,5,0,7,0,1,12,0,13,0,3,17,0,20,0,0,0,20
06/14/2020,BPT,TX,ASW,CE,Towers with Radar,0,4,12,0,16,0,0,17,0,17,0,4,29,0,33,40,0,40,73
06/15/2020,BPT,TX,ASW,CE,Towers with Radar,0,2,13,0,15,0,0,3,0,3,0,2,16,0,18,0,0,0,18
06/16/2020,BPT,TX,ASW,CE,Towers with Radar,0,2,9,2,13,0,2,12,0,14,0,4,21,2,27,0,0,0,27
06/17/2020,BPT,TX,ASW,CE,Towers with Radar,0,2,10,0,12,0,0,18,4,22,0,2,28,4,34,20,0,20,54
06/18/2020,BPT,TX,ASW,CE,Towers with Radar,0,2,16,0,18,0,0,16,0,16,0,2,32,0,34,10,0,10,44
06/19/2020,BPT,TX,ASW,CE,Towers with Radar,0,2,9,0,11,0,0,15,4,19,0,2,24,4,30,12,0,12,42
06/20/2020,BPT,TX,ASW,CE,Towers with Radar,0,4,5,0,9,0,1,5,0,6,0,5,10,0,15,4,0,4,19
06/21/2020,BPT,TX,ASW,CE,Towers with Radar,0,5,9,0,14,0,1,4,2,7,0,6,13,2,21,12,0,12,33
06/22/2020,BPT,TX,ASW,CE,Towers with Radar,0,2,6,0,8,0,0,0,0,0,0,2,6,0,8,0,0,0,8
06/23/2020,BPT,TX,ASW,CE,Towers with Radar,0,2,8,0,10,0,0,5,0,5,0,2,13,0,15,0,0,0,15
06/24/2020,BPT,TX,ASW,CE,Towers with Radar,0,2,11,0,13,0,0,5,0,5,0,2,16,0,18,0,0,0,18
06/25/2020,BPT,TX,ASW,CE,Towers with Radar,0,6,12,0,18,0,0,1,0,1,0,6,13,0,19,0,0,0,19
06/26/2020,BPT,TX,ASW,CE,Towers with Radar,0,3,11,2,16,0,0,2,0,2,0,3,13,2,18,0,0,0,18
06/27/2020,BPT,TX,ASW,CE,Towers with Radar,0,3,10,0,13,0,1,4,2,7,0,4,14,2,20,0,0,0,20
06/28/2020,BPT,TX,ASW,CE,Towers with Radar,0,2,9,0,11,0,0,6,0,6,0,2,15,0,17,6,0,6,23
06/29/2020,BPT,TX,ASW,CE,Towers with Radar,0,3,8,0,11,0,4,9,2,15,0,7,17,2,26,0,0,0,26
06/30/2020,BPT,TX,ASW,CE,Towers with Radar,0,3,19,0,22,0,0,15,0,15,0,3,34,0,37,20,0,20,57
07/01/2020,BPT,TX,ASW,CE,Towers with Radar,0,2,8,0,10,0,0,9,0,9,0,2,17,0,19,0,0,0,19
07/02/2020,BPT,TX,ASW,CE,Towers with Radar,0,2,20,0,22,0,0,5,1,6,0,2,25,1,28,10,0,10,38
07/03/2020,BPT,TX,ASW,CE,Towers with Radar,0,4,11,0,15,0,0,12,0,12,0,4,23,0,27,6,0,6,33
07/04/2020,BPT,TX,ASW,CE,Towers with Radar,0,2,3,0,5,0,0,1,0,1,0,2,4,0,6,0,0,0,6
07/05/2020,BPT,TX,ASW,CE,Towers with Radar,0,2,10,0,12,0,0,3,0,3,0,2,13,0,15,0,0,0,15
07/06/2020,BPT,TX,ASW,CE,Towers with Radar,0,2,5,0,7,0,0,5,0,5,0,2,10,0,12,0,0,0,12
07/07/2020,BPT,TX,ASW,CE,Towers with Radar,0,4,12,0,16,0,0,14,0,14,0,4,26,0,30,0,0,0,30
07/08/2020,BPT,TX,ASW,CE,Towers with Radar,0,6,16,0,22,0,0,23,2,25,0,6,39,2,47,6,0,6,53
07/09/2020,BPT,TX,ASW,CE,Towers with Radar,0,10,14,0,24,0,1,9,0,10,0,11,23,0,34,10,0,10,44
07/10/2020,BPT,TX,ASW,CE,Towers with Radar,0,4,20,3,27,0,0,15,0,15,0,4,35,3,42,18,0,18,60
07/11/2020,BPT,TX,ASW,CE,Towers with Radar,0,7,5,0,12,0,1,28,0,29,0,8,33,0,41,6,0,6,47
07/12/2020,BPT,TX,ASW,CE,Towers with Radar,0,4,14,0,18,0,1,5,0,6,0,5,19,0,24,4,0,4,28
07/13/2020,BPT,TX,ASW,CE,Towers with Radar,0,4,6,0,10,0,1,9,2,12,0,5,15,2,22,12,0,12,34
07/14/2020,BPT,TX,ASW,CE,Towers with Radar,0,6,10,4,20,0,0,6,0,6,0,6,16,4,26,0,0,0,26
07/15/2020,BPT,TX,ASW,CE,Towers with Radar,0,7,14,0,21,0,0,9,0,9,0,7,23,0,30,20,0,20,50
07/16/2020,BPT,TX,ASW,CE,Towers with Radar,0,4,10,0,14,0,1,16,2,19,0,5,26,2,33,16,0,16,49
07/17/2020,BPT,TX,ASW,CE,Towers with Radar,0,8,4,0,12,0,0,11,3,14,0,8,15,3,26,0,0,0,26
07/18/2020,BPT,TX,ASW,CE,Towers with Radar,0,4,3,0,7,0,0,11,0,11,0,4,14,0,18,8,0,8,26
07/19/2020,BPT,TX,ASW,CE,Towers with Radar,0,4,14,2,20,0,0,8,0,8,0,4,22,2,28,10,0,10,38
07/20/2020,BPT,TX,ASW,CE,Towers with Radar,0,3,5,0,8,0,0,0,0,0,0,3,5,0,8,0,0,0,8
07/21/2020,BPT,TX,ASW,CE,Towers with Radar,0,4,2,0,6,0,2,3,0,5,0,6,5,0,11,0,0,0,11
07/22/2020,BPT,TX,ASW,CE,Towers with Radar,0,4,4,2,10,0,0,7,1,8,0,4,11,3,18,0,0,0,18
07/23/2020,BPT,TX,ASW,CE,Towers with Radar,0,4,14,0,18,0,0,13,0,13,0,4,27,0,31,0,0,0,31
07/24/2020,BPT,TX,ASW,CE,Towers with Radar,0,3,10,0,13,0,0,2,0,2,0,3,12,0,15,0,0,0,15
07/25/2020,BPT,TX,ASW,CE,Towers with Radar,0,6,5,0,11,0,0,0,0,0,0,6,5,0,11,0,0,0,11
07/26/2020,BPT,TX,ASW,CE,Towers with Radar,0,4,12,0,16,0,0,9,0,9,0,4,21,0,25,16,0,16,41
07/27/2020,BPT,TX,ASW,CE,Towers with Radar,0,4,3,0,7,0,0,10,0,10,0,4,13,0,17,0,0,0,17
07/28/2020,BPT,TX,ASW,CE,Towers with Radar,0,4,4,0,8,0,0,7,0,7,0,4,11,0,15,0,0,0,15
07/29/2020,BPT,TX,ASW,CE,Towers with Radar,0,4,12,0,16,0,0,23,2,25,0,4,35,2,41,0,0,0,41
07/30/2020,BPT,TX,ASW,CE,Towers with Radar,0,2,5,0,7,0,0,33,0,33,0,2,38,0,40,28,0,28,68
07/31/2020,BPT,TX,ASW,CE,Towers with Radar,0,2,10,0,12,0,0,14,2,16,0,2,24,2,28,12,0,12,40
08/01/2020,BPT,TX,ASW,CE,Towers with Radar,0,2,5,0,7,0,0,5,0,5,0,2,10,0,12,0,0,0,12
08/02/2020,BPT,TX,ASW,CE,Towers with Radar,0,2,4,0,6,0,1,16,0,17,0,3,20,0,23,14,0,14,37
08/03/2020,BPT,TX,ASW,CE,Towers with Radar,0,2,7,0,9,0,4,25,0,29,0,6,32,0,38,16,0,16,54
08/04/2020,BPT,TX,ASW,CE,Towers with Radar,0,2,16,0,18,0,0,26,4,30,0,2,42,4,48,20,0,20,68
08/05/2020,BPT,TX,ASW,CE,Towers with Radar,0,4,5,0,9,0,0,17,4,21,0,4,22,4,30,18,0,18,48
08/06/2020,BPT,TX,ASW,CE,Towers with Radar,0,4,6,0,10,0,0,23,0,23,0,4,29,0,33,0,0,0,33
08/07/2020,BPT,TX,ASW,CE,Towers with Radar,0,3,19,0,22,0,0,16,0,16,0,3,35,0,38,0,0,0,38
08/08/2020,BPT,TX,ASW,CE,Towers with Radar,0,2,11,0,13,0,0,20,0,20,0,2,31,0,33,20,0,20,53
08/09/2020,BPT,TX,ASW,CE,Towers with Radar,0,2,12,0,14,0,0,17,0,17,0,2,29,0,31,0,0,0,31
08/10/2020,BPT,TX,ASW,CE,Towers with Radar,0,5,20,0,25,0,0,42,1,43,0,5,62,1,68,72,0,72,140
08/11/2020,BPT,TX,ASW,CE,Towers with Radar,0,2,9,2,13,0,0,20,2,22,0,2,29,4,35,26,0,26,61
08/12/2020,BPT,TX,ASW,CE,Towers with Radar,0,2,16,2,20,0,1,23,0,24,0,3,39,2,44,44,0,44,88
08/13/2020,BPT,TX,ASW,CE,Towers with Radar,0,2,18,0,20,0,0,17,2,19,0,2,35,2,39,14,0,14,53
08/14/2020,BPT,TX,ASW,CE,Towers with Radar,0,3,6,0,9,0,0,14,2,16,0,3,20,2,25,14,0,14,39
08/15/2020,BPT,TX,ASW,CE,Towers with Radar,0,2,6,2,10,0,0,31,2,33,0,2,37,4,43,12,0,12,55
08/16/2020,BPT,TX,ASW,CE,Towers with Radar,0,2,6,0,8,0,0,20,0,20,0,2,26,0,28,20,0,20,48
08/17/2020,BPT,TX,ASW,CE,Towers with Radar,0,3,14,0,17,0,0,13,0,13,0,3,27,0,30,12,0,12,42
08/18/2020,BPT,TX,ASW,CE,Towers with Radar,0,4,4,0,8,0,1,26,1,28,0,5,30,1,36,12,0,12,48
08/19/2020,BPT,TX,ASW,CE,Towers with Radar,0,6,10,2,18,0,0,29,6,35,0,6,39,8,53,18,0,18,71
08/20/2020,BPT,TX,ASW,CE,Towers with Radar,0,4,9,0,13,0,2,35,5,42,0,6,44,5,55,26,0,26,81
08/21/2020,BPT,TX,ASW,CE,Towers with Radar,0,2,9,0,11,0,0,54,0,54,0,2,63,0,65,0,0,0,65
08/22/2020,BPT,TX,ASW,CE,Towers with Radar,0,4,9,0,13,0,1,29,0,30,0,5,38,0,43,0,0,0,43
08/23/2020,BPT,TX,ASW,CE,Towers with Radar,0,3,17,0,20,0,1,22,0,23,0,4,39,0,43,0,0,0,43
08/24/2020,BPT,TX,ASW,CE,Towers with Radar,0,2,13,0,15,0,0,15,2,17,0,2,28,2,32,14,0,14,46
08/25/2020,BPT,TX,ASW,CE,Towers with Radar,0,1,22,2,25,0,0,13,2,15,0,1,35,4,40,12,0,12,52
08/26/2020,BPT,TX,ASW,CE,Towers with Radar,0,0,3,2,5,0,0,0,2,2,0,0,3,4,7,0,0,0,7
08/27/2020,BPT,TX,ASW,CE,Towers with Radar,0,0,0,4,4,0,0,6,4,10,0,0,6,8,14,0,0,0,14
08/28/2020,BPT,TX,ASW,CE,Towers with Radar,0,1,13,2,16,0,0,14,4,18,0,1,27,6,34,0,0,0,34
08/29/2020,BPT,TX,ASW,CE,Towers with Radar,0,8,7,9,24,0,0,58,4,62,0,8,65,13,86,0,0,0,86
08/30/2020,BPT,TX,ASW,CE,Towers with Radar,0,2,13,0,15,0,2,51,0,53,0,4,64,0,68,0,0,0,68
08/31/2020,BPT,TX,ASW,CE,Towers with Radar,0,2,11,0,13,0,0,18,6,24,0,2,29,6,37,10,0,10,47
09/01/2020,BPT,TX,ASW,CE,Towers with Radar,0,4,11,0,15,0,1,28,6,35,0,5,39,6,50,8,0,8,58
09/02/2020,BPT,TX,ASW,CE,Towers with Radar,0,4,8,2,14,0,2,21,7,30,0,6,29,9,44,16,0,16,60
09/03/2020,BPT,TX,ASW,CE,Towers with Radar,0,6,7,0,13,0,0,28,0,28,0,6,35,0,41,46,0,46,87
09/04/2020,BPT,TX,ASW,CE,Towers with Radar,0,6,25,0,31,0,0,28,4,32,0,6,53,4,63,10,0,10,73
09/05/2020,BPT,TX,ASW,CE,Towers with Radar,0,2,4,0,6,0,1,27,2,30,0,3,31,2,36,36,0,36,72
09/06/2020,BPT,TX,ASW,CE,Towers with Radar,0,2,3,0,5,0,0,12,0,12,0,2,15,0,17,0,0,0,17
09/07/2020,BPT,TX,ASW,CE,Towers with Radar,0,2,19,0,21,0,0,23,0,23,0,2,42,0,44,36,0,36,80
09/08/2020,BPT,TX,ASW,CE,Towers with Radar,0,2,13,0,15,0,2,9,0,11,0,4,22,0,26,34,0,34,60
09/09/2020,BPT,TX,ASW,CE,Towers with Radar,0,4,13,0,17,0,2,21,4,27,0,6,34,4,44,28,0,28,72
09/10/2020,BPT,TX,ASW,CE,Towers with Radar,0,4,6,0,10,0,0,14,0,14,0,4,20,0,24,4,0,4,28
09/11/2020,BPT,TX,ASW,CE,Towers with Radar,0,4,16,4,24,0,0,21,2,23,0,4,37,6,47,40,0,40,87
09/12/2020,BPT,TX,ASW,CE,Towers with Radar,0,4,7,0,11,0,0,12,0,12,0,4,19,0,23,64,0,64,87
09/13/2020,BPT,TX,ASW,CE,Towers with Radar,0,3,11,0,14,0,0,8,0,8,0,3,19,0,22,0,0,0,22
09/14/2020,BPT,TX,ASW,CE,Towers with Radar,0,4,19,0,23,0,6,15,2,23,0,10,34,2,46,10,0,10,56
09/15/2020,BPT,TX,ASW,CE,Towers with Radar,0,7,7,0,14,0,1,25,2,28,0,8,32,2,42,66,0,66,108
09/16/2020,BPT,TX,ASW,CE,Towers with Radar,0,6,3,0,9,0,4,17,0,21,0,10,20,0,30,22,0,22,52
09/17/2020,BPT,TX,ASW,CE,Towers with Radar,0,4,11,0,15,0,1,17,2,20,0,5,28,2,35,46,0,46,81
09/18/2020,BPT,TX,ASW,CE,Towers with Radar,0,3,15,0,18,0,0,24,4,28,0,3,39,4,46,56,0,56,102
09/19/2020,BPT,TX,ASW,CE,Towers with Radar,0,4,2,0,6,0,0,11,0,11,0,4,13,0,17,0,0,0,17
09/20/2020,BPT,TX,ASW,CE,Towers with Radar,0,5,8,0,13,0,0,0,0,0,0,5,8,0,13,0,0,0,13
09/21/2020,BPT,TX,ASW,CE,Towers with Radar,0,7,0,0,7,0,0,0,0,0,0,7,0,0,7,0,0,0,7
09/22/2020,BPT,TX,ASW,CE,Towers with Radar,0,4,5,0,9,0,0,0,0,0,0,4,5,0,9,0,0,0,9
09/23/2020,BPT,TX,ASW,CE,Towers with Radar,0,4,7,0,11,0,0,0,0,0,0,4,7,0,11,0,0,0,11
09/24/2020,BPT,TX,ASW,CE,Towers with Radar,0,6,15,0,21,0,2,9,4,15,0,8,24,4,36,36,0,36,72
09/25/2020,BPT,TX,ASW,CE,Towers with Radar,0,8,22,1,31,0,3,7,4,14,0,11,29,5,45,22,0,22,67
09/26/2020,BPT,TX,ASW,CE,Towers with Radar,0,4,6,4,14,0,0,31,11,42,0,4,37,15,56,34,0,34,90
09/27/2020,BPT,TX,ASW,CE,Towers with Radar,0,6,15,0,21,0,0,20,14,34,0,6,35,14,55,12,0,12,67
09/28/2020,BPT,TX,ASW,CE,Towers with Radar,0,7,7,0,14,0,0,2,3,5,0,7,9,3,19,2,0,2,21
09/29/2020,BPT,TX,ASW,CE,Towers with Radar,0,4,9,0,13,0,0,24,5,29,0,4,33,5,42,98,0,98,140
09/30/2020,BPT,TX,ASW,CE,Towers with Radar,0,8,26,1,35,0,2,29,5,36,0,10,55,6,71,14,12,26,97
10/01/2020,BPT,TX,ASW,CE,Towers with Radar,0,6,8,2,16,0,1,28,6,35,0,7,36,8,51,46,88,134,185
10/02/2020,BPT,TX,ASW,CE,Towers with Radar,0,4,17,0,21,0,2,20,0,22,0,6,37,0,43,46,0,46,89
10/03/2020,BPT,TX,ASW,CE,Towers with Radar,0,3,1,2,6,0,0,17,7,24,0,3,18,9,30,6,0,6,36
10/04/2020,BPT,TX,ASW,CE,Towers with Radar,0,8,11,0,19,0,0,22,2,24,0,8,33,2,43,40,0,40,83
10/05/2020,BPT,TX,ASW,CE,Towers with Radar,0,4,4,2,10,0,0,12,7,19,0,4,16,9,29,30,0,30,59
10/06/2020,BPT,TX,ASW,CE,Towers with Radar,0,6,14,0,20,0,0,41,6,47,0,6,55,6,67,58,0,58,125
10/07/2020,BPT,TX,ASW,CE,Towers with Radar,0,4,6,0,10,0,1,37,12,50,0,5,43,12,60,86,0,86,146
10/08/2020,BPT,TX,ASW,CE,Towers with Radar,0,6,10,0,16,0,1,5,3,9,0,7,15,3,25,0,0,0,25
10/09/2020,BPT,TX,ASW,CE,Towers with Radar,0,1,1,0,2,0,0,0,0,0,0,1,1,0,2,0,0,0,2
10/10/2020,BPT,TX,ASW,CE,Towers with Radar,0,3,1,1,5,0,3,28,7,38,0,6,29,8,43,0,0,0,43
10/11/2020,BPT,TX,ASW,CE,Towers with Radar,0,6,10,1,17,0,2,12,7,21,0,8,22,8,38,6,0,6,44
10/12/2020,BPT,TX,ASW,CE,Towers with Radar,0,12,3,0,15,0,0,20,2,22,0,12,23,2,37,46,0,46,83
10/13/2020,BPT,TX,ASW,CE,Towers with Radar,0,4,13,0,17,0,0,34,0,34,0,4,47,0,51,40,0,40,91
10/14/2020,BPT,TX,ASW,CE,Towers with Radar,0,6,19,4,29,0,0,30,2,32,0,6,49,6,61,0,0,0,61
10/15/2020,BPT,TX,ASW,CE,Towers with Radar,0,5,12,0,17,0,0,20,4,24,0,5,32,4,41,44,0,44,85
10/16/2020,BPT,TX,ASW,CE,Towers with Radar,0,5,16,0,21,0,0,9,2,11,0,5,25,2,32,0,0,0,32
10/17/2020,BPT,TX,ASW,CE,Towers with Radar,0,4,9,0,13,0,3,13,3,19,0,7,22,3,32,20,0,20,52
10/18/2020,BPT,TX,ASW,CE,Towers with Radar,0,4,16,0,20,0,0,12,0,12,0,4,28,0,32,10,0,10,42
10/19/2020,BPT,TX,ASW,CE,Towers with Radar,0,5,10,0,15,0,0,22,1,23,0,5,32,1,38,20,0,20,58
10/20/2020,BPT,TX,ASW,CE,Towers with Radar,0,7,10,0,17,0,3,11,0,14,0,10,21,0,31,0,0,0,31
10/21/2020,BPT,TX,ASW,CE,Towers with Radar,0,4,18,0,22,0,0,22,2,24,0,4,40,2,46,14,0,14,60
10/22/2020,BPT,TX,ASW,CE,Towers with Radar,0,8,12,0,20,0,0,29,0,29,0,8,41,0,49,14,0,14,63
10/23/2020,BPT,TX,ASW,CE,Towers with Radar,0,6,4,2,12,0,1,5,0,6,0,7,9,2,18,26,0,26,44
10/24/2020,BPT,TX,ASW,CE,Towers with Radar,0,8,10,0,18,0,0,8,0,8,0,8,18,0,26,0,0,0,26
10/25/2020,BPT,TX,ASW,CE,Towers with Radar,0,8,6,0,14,0,0,13,0,13,0,8,19,0,27,4,0,4,31
10/26/2020,BPT,TX,ASW,CE,Towers with Radar,0,3,17,0,20,0,0,13,6,19,0,3,30,6,39,12,0,12,51
10/27/2020,BPT,TX,ASW,CE,Towers with Radar,0,5,17,0,22,0,0,14,1,15,0,5,31,1,37,12,0,12,49
10/28/2020,BPT,TX,ASW,CE,Towers with Radar,0,6,6,0,12,0,0,0,0,0,0,6,6,0,12,0,0,0,12
10/29/2020,BPT,TX,ASW,CE,Towers with Radar,0,5,17,1,23,0,2,22,1,25,0,7,39,2,48,0,0,0,48
10/30/2020,BPT,TX,ASW,CE,Towers with Radar,0,4,12,2,18,0,1,12,0,13,0,5,24,2,31,0,0,0,31
10/31/2020,BPT,TX,ASW,CE,Towers with Radar,0,4,14,0,18,0,0,24,11,35,0,4,38,11,53,0,0,0,53
11/01/2020,BPT,TX,ASW,CE,Towers with Radar,0,4,12,0,16,0,2,17,19,38,0,6,29,19,54,0,0,0,54
11/02/2020,BPT,TX,ASW,CE,Towers with Radar,0,4,13,0,17,0,0,11,7,18,0,4,24,7,35,18,0,18,53
11/03/2020,BPT,TX,ASW,CE,Towers with Radar,0,4,12,0,16,0,0,26,2,28,0,4,38,2,44,52,0,52,96
11/04/2020,BPT,TX,ASW,CE,Towers with Radar,0,4,7,0,11,0,4,15,0,19,0,8,22,0,30,20,0,20,50
11/05/2020,BPT,TX,ASW,CE,Towers with Radar,0,5,19,0,24,0,0,22,0,22,0,5,41,0,46,26,0,26,72
11/06/2020,BPT,TX,ASW,CE,Towers with Radar,0,5,12,2,19,0,0,16,0,16,0,5,28,2,35,112,0,112,147
11/07/2020,BPT,TX,ASW,CE,Towers with Radar,0,6,7,0,13,0,0,18,0,18,0,6,25,0,31,2,0,2,33
11/08/2020,BPT,TX,ASW,CE,Towers with Radar,0,7,17,2,26,0,0,10,0,10,0,7,27,2,36,0,0,0,36
11/09/2020,BPT,TX,ASW,CE,Towers with Radar,0,4,12,0,16,0,0,0,0,0,0,4,12,0,16,0,0,0,16
11/10/2020,BPT,TX,ASW,CE,Towers with Radar,0,5,9,2,16,0,0,10,0,10,0,5,19,2,26,34,8,42,68
11/11/2020,BPT,TX,ASW,CE,Towers with Radar,0,4,17,0,21,0,0,29,0,29,0,4,46,0,50,36,0,36,86
11/12/2020,BPT,TX,ASW,CE,Towers with Radar,0,4,30,2,36,0,0,12,2,14,0,4,42,4,50,8,0,8,58
11/13/2020,BPT,TX,ASW,CE,Towers with Radar,0,6,19,4,29,0,0,28,0,28,0,6,47,4,57,0,0,0,57
11/14/2020,BPT,TX,ASW,CE,Towers with Radar,0,4,11,2,17,0,0,2,0,2,0,4,13,2,19,2,4,6,25
11/15/2020,BPT,TX,ASW,CE,Towers with Radar,0,4,18,1,23,0,0,9,0,9,0,4,27,1,32,0,0,0,32
11/16/2020,BPT,TX,ASW,CE,Towers with Radar,0,4,17,0,21,0,0,21,0,21,0,4,38,0,42,62,0,62,104
11/17/2020,BPT,TX,ASW,CE,Towers with Radar,0,4,23,0,27,0,0,23,0,23,0,4,46,0,50,20,0,20,70
11/18/2020,BPT,TX,ASW,CE,Towers with Radar,0,8,15,1,24,0,0,18,2,20,0,8,33,3,44,0,0,0,44
11/19/2020,BPT,TX,ASW,CE,Towers with Radar,0,6,21,1,28,0,1,19,2,22,0,7,40,3,50,18,0,18,68
11/20/2020,BPT,TX,ASW,CE,Towers with Radar,0,3,19,2,24,0,1,16,0,17,0,4,35,2,41,12,0,12,53
11/21/2020,BPT,TX,ASW,CE,Towers with Radar,0,4,0,0,4,0,0,23,0,23,0,4,23,0,27,20,0,20,47
11/22/2020,BPT,TX,ASW,CE,Towers with Radar,0,6,8,0,14,0,1,19,3,23,0,7,27,3,37,8,0,8,45
11/23/2020,BPT,TX,ASW,CE,Towers with Radar,0,4,13,2,19,0,0,5,0,5,0,4,18,2,24,16,0,16,40
11/24/2020,BPT,TX,ASW,CE,Towers with Radar,0,3,9,0,12,0,1,1,0,2,0,4,10,0,14,0,0,0,14
11/25/2020,BPT,TX,ASW,CE,Towers with Radar,0,4,14,0,18,0,0,4,0,4,0,4,18,0,22,0,0,0,22
11/26/2020,BPT,TX,ASW,CE,Towers with Radar,0,5,5,0,10,0,0,0,0,0,0,5,5,0,10,0,0,0,10
11/27/2020,BPT,TX,ASW,CE,Towers with Radar,0,4,4,0,8,0,0,1,0,1,0,4,5,0,9,0,0,0,9
11/28/2020,BPT,TX,ASW,CE,Towers with Radar,0,3,2,0,5,0,0,0,0,0,0,3,2,0,5,0,0,0,5
11/29/2020,BPT,TX,ASW,CE,Towers with Radar,0,6,13,0,19,0,0,4,0,4,0,6,17,0,23,0,0,0,23
11/30/2020,BPT,TX,ASW,CE,Towers with Radar,0,5,10,0,15,0,0,11,0,11,0,5,21,0,26,14,0,14,40
12/01/2020,BPT,TX,ASW,CE,Towers with Radar,0,4,15,0,19,0,0,17,3,20,0,4,32,3,39,18,0,18,57
12/02/2020,BPT,TX,ASW,CE,Towers with Radar,0,6,11,0,17,0,0,0,1,1,0,6,11,1,18,0,0,0,18
12/03/2020,BPT,TX,ASW,CE,Towers with Radar,0,4,11,2,17,0,2,8,3,13,0,6,19,5,30,0,0,0,30
12/04/2020,BPT,TX,ASW,CE,Towers with Radar,0,4,23,2,29,0,0,23,2,25,0,4,46,4,54,28,0,28,82
12/05/2020,BPT,TX,ASW,CE,Towers with Radar,0,4,14,0,18,0,0,5,0,5,0,4,19,0,23,26,0,26,49
12/06/2020,BPT,TX,ASW,CE,Towers with Radar,0,5,17,0,22,0,0,29,0,29,0,5,46,0,51,30,0,30,81
12/07/2020,BPT,TX,ASW,CE,Towers with Radar,0,3,24,0,27,0,0,11,0,11,0,3,35,0,38,6,0,6,44
12/08/2020,BPT,TX,ASW,CE,Towers with Radar,0,4,15,2,21,0,0,13,0,13,0,4,28,2,34,44,0,44,78
12/09/2020,BPT,TX,ASW,CE,Towers with Radar,0,4,27,1,32,0,2,59,0,61,0,6,86,1,93,0,0,0,93
12/10/2020,BPT,TX,ASW,CE,Towers with Radar,0,6,8,1,15,0,0,11,1,12,0,6,19,2,27,0,0,0,27
12/11/2020,BPT,TX,ASW,CE,Towers with Radar,0,4,13,0,17,0,0,8,2,10,0,4,21,2,27,0,0,0,27
12/12/2020,BPT,TX,ASW,CE,Towers with Radar,0,5,6,0,11,0,0,10,0,10,0,5,16,0,21,26,0,26,47
12/13/2020,BPT,TX,ASW,CE,Towers with Radar,0,5,14,0,19,0,0,2,0,2,0,5,16,0,21,0,0,0,21
12/14/2020,BPT,TX,ASW,CE,Towers with Radar,0,6,23,0,29,0,0,13,0,13,0,6,36,0,42,32,0,32,74
12/15/2020,BPT,TX,ASW,CE,Towers with Radar,0,5,10,2,17,0,0,0,2,2,0,5,10,4,19,0,0,0,19
12/16/2020,BPT,TX,ASW,CE,Towers with Radar,0,8,19,0,27,0,0,14,0,14,0,8,33,0,41,10,0,10,51
12/17/2020,BPT,TX,ASW,CE,Towers with Radar,0,6,17,2,25,0,2,31,1,34,0,8,48,3,59,36,0,36,95
12/18/2020,BPT,TX,ASW,CE,Towers with Radar,0,8,17,0,25,0,0,45,0,45,0,8,62,0,70,0,0,0,70
12/19/2020,BPT,TX,ASW,CE,Towers with Radar,0,11,5,0,16,0,0,0,0,0,0,11,5,0,16,0,0,0,16
12/20/2020,BPT,TX,ASW,CE,Towers with Radar,0,8,13,0,21,0,0,12,0,12,0,8,25,0,33,26,0,26,59
12/21/2020,BPT,TX,ASW,CE,Towers with Radar,0,6,18,1,25,0,1,14,0,15,0,7,32,1,40,46,0,46,86
12/22/2020,BPT,TX,ASW,CE,Towers with Radar,0,8,8,4,20,0,0,29,0,29,0,8,37,4,49,40,0,40,89
12/23/2020,BPT,TX,ASW,CE,Towers with Radar,0,7,10,0,17,0,0,5,0,5,0,7,15,0,22,0,0,0,22
12/24/2020,BPT,TX,ASW,CE,Towers with Radar,0,7,7,0,14,0,0,4,0,4,0,7,11,0,18,0,0,0,18
12/25/2020,BPT,TX,ASW,CE,Towers with Radar,0,1,5,0,6,0,0,17,0,17,0,1,22,0,23,0,0,0,23
12/26/2020,BPT,TX,ASW,CE,Towers with Radar,0,7,10,0,17,0,0,30,2,32,0,7,40,2,49,0,0,0,49
12/27/2020,BPT,TX,ASW,CE,Towers with Radar,0,6,14,0,20,0,0,17,0,17,0,6,31,0,37,68,0,68,105
12/28/2020,BPT,TX,ASW,CE,Towers with Radar,0,6,8,2,16,0,0,33,0,33,0,6,41,2,49,36,0,36,85
12/29/2020,BPT,TX,ASW,CE,Towers with Radar,0,8,9,6,23,0,0,14,0,14,0,8,23,6,37,14,0,14,51
12/30/2020,BPT,TX,ASW,CE,Towers with Radar,0,5,11,0,16,0,0,0,0,0,0,5,11,0,16,0,0,0,16
12/31/2020,BPT,TX,ASW,CE,Towers with Radar,0,7,11,0,18,0,0,0,0,0,0,7,11,0,18,0,0,0,18
01/01/2021,BPT,TX,ASW,CE,Towers with Radar,0,5,11,0,16,0,0,15,0,15,0,5,26,0,31,0,0,0,31
01/02/2021,BPT,TX,ASW,CE,Towers with Radar,0,8,10,0,18,0,0,15,0,15,0,8,25,0,33,0,0,0,33
01/03/2021,BPT,TX,ASW,CE,Towers with Radar,0,8,13,0,21,0,0,16,0,16,0,8,29,0,37,0,0,0,37
01/04/2021,BPT,TX,ASW,CE,Towers with Radar,0,6,15,2,23,0,0,17,0,17,0,6,32,2,40,26,0,26,66
01/05/2021,BPT,TX,ASW,CE,Towers with Radar,0,3,15,4,22,0,0,11,5,16,0,3,26,9,38,18,0,18,56
01/06/2021,BPT,TX,ASW,CE,Towers with Radar,0,2,11,0,13,0,3,2,0,5,0,5,13,0,18,14,0,14,32
01/07/2021,BPT,TX,ASW,CE,Towers with Radar,0,4,21,2,27,0,0,6,0,6,0,4,27,2,33,22,0,22,55
01/08/2021,BPT,TX,ASW,CE,Towers with Radar,0,4,24,2,30,0,0,20,2,22,0,4,44,4,52,30,0,30,82
01/09/2021,BPT,TX,ASW,CE,Towers with Radar,0,2,14,0,16,0,0,22,2,24,0,2,36,2,40,74,0,74,114
01/10/2021,BPT,TX,ASW,CE,Towers with Radar,0,3,10,0,13,0,0,2,0,2,0,3,12,0,15,0,0,0,15
01/11/2021,BPT,TX,ASW,CE,Towers with Radar,0,4,7,0,11,0,0,4,0,4,0,4,11,0,15,0,0,0,15
01/12/2021,BPT,TX,ASW,CE,Towers with Radar,0,2,14,2,18,0,2,18,0,20,0,4,32,2,38,28,0,28,66
01/13/2021,BPT,TX,ASW,CE,Towers with Radar,0,6,10,0,16,0,5,26,2,33,0,11,36,2,49,28,0,28,77
01/14/2021,BPT,TX,ASW,CE,Towers with Radar,0,2,15,1,18,0,0,26,3,29,0,2,41,4,47,10,0,10,57
01/15/2021,BPT,TX,ASW,CE,Towers with Radar,0,3,14,0,17,0,1,38,0,39,0,4,52,0,56,0,0,0,56
01/16/2021,BPT,TX,ASW,CE,Towers with Radar,0,2,15,0,17,0,0,32,0,32,0,2,47,0,49,20,0,20,69
01/17/2021,BPT,TX,ASW,CE,Towers with Radar,0,6,8,0,14,0,0,41,0,41,0,6,49,0,55,4,0,4,59
01/18/2021,BPT,TX,ASW,CE,Towers with Radar,0,2,14,0,16,0,2,15,0,17,0,4,29,0,33,28,0,28,61
01/19/2021,BPT,TX,ASW,CE,Towers with Radar,0,2,17,2,21,0,3,19,0,22,0,5,36,2,43,18,0,18,61
01/20/2021,BPT,TX,ASW,CE,Towers with Radar,0,4,12,0,16,0,0,0,0,0,0,4,12,0,16,0,0,0,16
01/21/2021,BPT,TX,ASW,CE,Towers with Radar,0,6,3,2,11,0,0,0,0,0,0,6,3,2,11,0,0,0,11
01/22/2021,BPT,TX,ASW,CE,Towers with Radar,0,7,20,0,27,0,0,0,0,0,0,7,20,0,27,0,0,0,27
01/23/2021,BPT,TX,ASW,CE,Towers with Radar,0,4,6,0,10,0,0,0,0,0,0,4,6,0,10,0,0,0,10
01/24/2021,BPT,TX,ASW,CE,Towers with Radar,0,7,14,0,21,0,0,0,0,0,0,7,14,0,21,0,0,0,21
01/25/2021,BPT,TX,ASW,CE,Towers with Radar,0,7,15,0,22,0,0,0,0,0,0,7,15,0,22,0,0,0,22
01/26/2021,BPT,TX,ASW,CE,Towers with Radar,0,2,8,6,16,0,0,29,3,32,0,2,37,9,48,26,0,26,74
01/27/2021,BPT,TX,ASW,CE,Towers with Radar,0,2,14,3,19,0,0,23,9,32,0,2,37,12,51,10,0,10,61
01/28/2021,BPT,TX,ASW,CE,Towers with Radar,0,2,6,0,8,0,0,33,11,44,0,2,39,11,52,0,0,0,52
01/29/2021,BPT,TX,ASW,CE,Towers with Radar,0,4,17,1,22,0,0,17,26,43,0,4,34,27,65,0,0,0,65
01/30/2021,BPT,TX,ASW,CE,Towers with Radar,0,2,6,0,8,0,0,4,3,7,0,2,10,3,15,0,0,0,15
01/31/2021,BPT,TX,ASW,CE,Towers with Radar,0,4,14,0,18,0,0,70,0,70,0,4,84,0,88,0,0,0,88
02/01/2021,BPT,TX,ASW,CE,Towers with Radar,0,2,1,1,4,0,0,34,0,34,0,2,35,1,38,0,0,0,38
02/02/2021,BPT,TX,ASW,CE,Towers with Radar,0,2,12,1,15,0,0,26,0,26,0,2,38,1,41,18,0,18,59
02/03/2021,BPT,TX,ASW,CE,Towers with Radar,0,2,12,0,14,0,0,25,2,27,0,2,37,2,41,12,0,12,53
02/04/2021,BPT,TX,ASW,CE,Towers with Radar,0,6,15,3,24,0,0,12,2,14,0,6,27,5,38,0,0,0,38
02/05/2021,BPT,TX,ASW,CE,Towers with Radar,0,8,20,1,29,0,0,2,6,8,0,8,22,7,37,0,0,0,37
02/06/2021,BPT,TX,ASW,CE,Towers with Radar,0,2,2,0,4,0,0,0,0,0,0,2,2,0,4,0,0,0,4
02/07/2021,BPT,TX,ASW,CE,Towers with Radar,0,6,15,0,21,0,0,78,0,78,0,6,93,0,99,0,0,0,99
02/08/2021,BPT,TX,ASW,CE,Towers with Radar,0,2,9,2,13,0,0,7,2,9,0,2,16,4,22,0,0,0,22
02/09/2021,BPT,TX,ASW,CE,Towers with Radar,0,2,13,2,17,0,0,0,0,0,0,2,13,2,17,0,0,0,17
02/10/2021,BPT,TX,ASW,CE,Towers with Radar,0,4,10,0,14,0,0,1,0,1,0,4,11,0,15,0,0,0,15
02/11/2021,BPT,TX,ASW,CE,Towers with Radar,0,2,6,0,8,0,0,0,0,0,0,2,6,0,8,0,0,0,8
02/12/2021,BPT,TX,ASW,CE,Towers with Radar,0,5,5,0,10,0,0,0,0,0,0,5,5,0,10,0,0,0,10
02/13/2021,BPT,TX,ASW,CE,Towers with Radar,0,3,9,0,12,0,0,8,0,8,0,3,17,0,20,52,0,52,72
02/14/2021,BPT,TX,ASW,CE,Towers with Radar,0,2,6,0,8,0,0,0,0,0,0,2,6,0,8,0,0,0,8
02/15/2021,BPT,TX,ASW,CE,Towers with Radar,0,0,0,0,0,0,0,0,0,0,0,0,0,0,0,0,0,0,0
02/16/2021,BPT,TX,ASW,CE,Towers with Radar,0,0,0,0,0,0,2,1,0,3,0,2,1,0,3,0,0,0,3
02/17/2021,BPT,TX,ASW,CE,Towers with Radar,0,0,9,0,9,0,0,0,0,0,0,0,9,0,9,0,0,0,9
02/18/2021,BPT,TX,ASW,CE,Towers with Radar,0,4,1,0,5,0,0,1,0,1,0,4,2,0,6,0,0,0,6
02/19/2021,BPT,TX,ASW,CE,Towers with Radar,0,1,10,0,11,0,4,22,4,30,0,5,32,4,41,46,0,46,87
02/20/2021,BPT,TX,ASW,CE,Towers with Radar,0,2,5,2,9,0,1,20,2,23,0,3,25,4,32,36,0,36,68
02/21/2021,BPT,TX,ASW,CE,Towers with Radar,0,3,6,0,9,0,0,14,0,14,0,3,20,0,23,48,0,48,71
02/22/2021,BPT,TX,ASW,CE,Towers with Radar,0,2,11,2,15,0,0,17,0,17,0,2,28,2,32,14,0,14,46
02/23/2021,BPT,TX,ASW,CE,Towers with Radar,0,2,13,2,17,0,0,20,2,22,0,2,33,4,39,38,0,38,77
02/24/2021,BPT,TX,ASW,CE,Towers with Radar,0,2,11,1,14,0,0,4,0,4,0,2,15,1,18,0,0,0,18
02/25/2021,BPT,TX,ASW,CE,Towers with Radar,0,2,9,2,13,0,0,5,0,5,0,2,14,2,18,20,0,20,38
02/26/2021,BPT,TX,ASW,CE,Towers with Radar,0,6,26,0,32,0,0,10,0,10,0,6,36,0,42,0,0,0,42
02/27/2021,BPT,TX,ASW,CE,Towers with Radar,0,4,5,0,9,0,1,2,0,3,0,5,7,0,12,0,0,0,12
02/28/2021,BPT,TX,ASW,CE,Towers with Radar,0,4,12,0,16,0,0,1,0,1,0,4,13,0,17,0,0,0,17
03/01/2021,BPT,TX,ASW,CE,Towers with Radar,0,2,13,0,15,0,0,0,0,0,0,2,13,0,15,0,0,0,15
03/02/2021,BPT,TX,ASW,CE,Towers with Radar,0,2,12,0,14,0,0,19,0,19,0,2,31,0,33,0,0,0,33
03/03/2021,BPT,TX,ASW,CE,Towers with Radar,0,2,13,0,15,0,2,27,6,35,0,4,40,6,50,30,0,30,80
03/04/2021,BPT,TX,ASW,CE,Towers with Radar,0,6,13,3,22,0,1,29,2,32,0,7,42,5,54,52,0,52,106
03/05/2021,BPT,TX,ASW,CE,Towers with Radar,0,5,13,2,20,0,0,5,0,5,0,5,18,2,25,50,0,50,75
03/06/2021,BPT,TX,ASW,CE,Towers with Radar,0,5,7,0,12,0,0,17,0,17,0,5,24,0,29,0,0,0,29
03/07/2021,BPT,TX,ASW,CE,Towers with Radar,0,7,15,0,22,0,0,10,0,10,0,7,25,0,32,24,0,24,56
03/08/2021,BPT,TX,ASW,CE,Towers with Radar,0,6,7,2,15,0,0,21,2,23,0,6,28,4,38,0,0,0,38
03/09/2021,BPT,TX,ASW,CE,Towers with Radar,0,7,14,2,23,0,2,59,0,61,0,9,73,2,84,0,0,0,84
03/10/2021,BPT,TX,ASW,CE,Towers with Radar,0,8,22,0,30,0,0,15,2,17,0,8,37,2,47,0,0,0,47
03/11/2021,BPT,TX,ASW,CE,Towers with Radar,0,6,16,1,23,0,0,12,3,15,0,6,28,4,38,0,0,0,38
03/12/2021,BPT,TX,ASW,CE,Towers with Radar,0,7,18,0,25,0,1,7,1,9,0,8,25,1,34,0,0,0,34
03/13/2021,BPT,TX,ASW,CE,Towers with Radar,0,7,16,0,23,0,2,4,0,6,0,9,20,0,29,0,0,0,29
03/14/2021,BPT,TX,ASW,CE,Towers with Radar,0,6,9,3,18,0,0,2,1,3,0,6,11,4,21,0,0,0,21
03/15/2021,BPT,TX,ASW,CE,Towers with Radar,0,5,23,0,28,0,0,3,0,3,0,5,26,0,31,16,0,16,47
03/16/2021,BPT,TX,ASW,CE,Towers with Radar,0,6,11,3,20,0,0,2,0,2,0,6,13,3,22,0,0,0,22
03/17/2021,BPT,TX,ASW,CE,Towers with Radar,0,5,9,1,15,0,0,0,0,0,0,5,9,1,15,0,0,0,15
03/18/2021,BPT,TX,ASW,CE,Towers with Radar,0,6,17,1,24,0,0,12,0,12,0,6,29,1,36,2,0,2,38
03/19/2021,BPT,TX,ASW,CE,Towers with Radar,0,8,5,0,13,0,0,13,2,15,0,8,18,2,28,16,0,16,44
03/20/2021,BPT,TX,ASW,CE,Towers with Radar,0,8,12,0,20,0,0,13,0,13,0,8,25,0,33,32,0,32,65
03/21/2021,BPT,TX,ASW,CE,Towers with Radar,0,10,7,0,17,0,0,19,0,19,0,10,26,0,36,26,0,26,62
03/22/2021,BPT,TX,ASW,CE,Towers with Radar,0,6,11,2,19,0,0,22,5,27,0,6,33,7,46,10,0,10,56
03/23/2021,BPT,TX,ASW,CE,Towers with Radar,0,6,14,4,24,0,4,15,0,19,0,10,29,4,43,42,0,42,85
03/24/2021,BPT,TX,ASW,CE,Towers with Radar,0,7,25,6,38,0,0,6,0,6,0,7,31,6,44,0,0,0,44
03/25/2021,BPT,TX,ASW,CE,Towers with Radar,0,10,14,3,27,0,0,16,2,18,0,10,30,5,45,12,0,12,57
03/26/2021,BPT,TX,ASW,CE,Towers with Radar,0,5,10,4,19,0,0,25,4,29,0,5,35,8,48,4,0,4,52
03/27/2021,BPT,TX,ASW,CE,Towers with Radar,0,10,8,0,18,0,0,2,0,2,0,10,10,0,20,0,0,0,20
03/28/2021,BPT,TX,ASW,CE,Towers with Radar,0,8,13,0,21,0,0,3,0,3,0,8,16,0,24,0,0,0,24
03/29/2021,BPT,TX,ASW,CE,Towers with Radar,0,6,17,0,23,0,0,92,0,92,0,6,109,0,115,0,0,0,115
03/30/2021,BPT,TX,ASW,CE,Towers with Radar,0,9,24,0,33,0,1,1,0,2,0,10,25,0,35,0,0,0,35
03/31/2021,BPT,TX,ASW,CE,Towers with Radar,0,6,15,0,21,0,0,3,0,3,0,6,18,0,24,0,0,0,24
04/01/2021,BPT,TX,ASW,CE,Towers with Radar,0,6,11,0,17,0,0,20,0,20,0,6,31,0,37,0,0,0,37
04/02/2021,BPT,TX,ASW,CE,Towers with Radar,0,8,26,0,34,0,0,15,0,15,0,8,41,0,49,12,0,12,61
04/03/2021,BPT,TX,ASW,CE,Towers with Radar,0,6,1,0,7,0,0,8,0,8,0,6,9,0,15,20,0,20,35
04/04/2021,BPT,TX,ASW,CE,Towers with Radar,0,7,11,0,18,0,0,9,0,9,0,7,20,0,27,14,0,14,41
04/05/2021,BPT,TX,ASW,CE,Towers with Radar,0,7,2,0,9,0,0,20,0,20,0,7,22,0,29,32,0,32,61
04/06/2021,BPT,TX,ASW,CE,Towers with Radar,0,8,6,0,14,0,0,6,2,8,0,8,12,2,22,30,0,30,52
04/07/2021,BPT,TX,ASW,CE,Towers with Radar,0,6,14,6,26,0,0,1,0,1,0,6,15,6,27,0,0,0,27
04/08/2021,BPT,TX,ASW,CE,Towers with Radar,0,7,13,0,20,0,0,76,4,80,0,7,89,4,100,0,0,0,100
04/09/2021,BPT,TX,ASW,CE,Towers with Radar,0,10,19,4,33,0,0,9,2,11,0,10,28,6,44,0,0,0,44
04/10/2021,BPT,TX,ASW,CE,Towers with Radar,0,7,7,0,14,0,0,18,0,18,0,7,25,0,32,0,0,0,32
04/11/2021,BPT,TX,ASW,CE,Towers with Radar,0,8,8,4,20,0,2,24,0,26,0,10,32,4,46,0,0,0,46
04/12/2021,BPT,TX,ASW,CE,Towers with Radar,0,5,10,0,15,0,0,21,0,21,0,5,31,0,36,46,0,46,82
04/13/2021,BPT,TX,ASW,CE,Towers with Radar,0,6,14,0,20,0,0,1,0,1,0,6,15,0,21,0,0,0,21
04/14/2021,BPT,TX,ASW,CE,Towers with Radar,0,6,5,0,11,0,0,0,0,0,0,6,5,0,11,0,0,0,11
04/15/2021,BPT,TX,ASW,CE,Towers with Radar,0,6,27,0,33,0,0,17,4,21,0,6,44,4,54,0,0,0,54
04/16/2021,BPT,TX,ASW,CE,Towers with Radar,0,6,13,2,21,0,0,0,2,2,0,6,13,4,23,0,0,0,23
04/17/2021,BPT,TX,ASW,CE,Towers with Radar,0,10,5,0,15,0,0,2,0,2,0,10,7,0,17,0,0,0,17
04/18/2021,BPT,TX,ASW,CE,Towers with Radar,0,6,16,0,22,0,0,23,2,25,0,6,39,2,47,60,0,60,107
04/19/2021,BPT,TX,ASW,CE,Towers with Radar,0,12,13,0,25,0,2,56,0,58,0,14,69,0,83,0,0,0,83
04/20/2021,BPT,TX,ASW,CE,Towers with Radar,0,6,12,4,22,0,0,44,2,46,0,6,56,6,68,0,0,0,68
04/21/2021,BPT,TX,ASW,CE,Towers with Radar,0,6,13,0,19,0,0,16,0,16,0,6,29,0,35,52,0,52,87
04/22/2021,BPT,TX,ASW,CE,Towers with Radar,0,10,13,0,23,0,0,17,6,23,0,10,30,6,46,0,0,0,46
04/23/2021,BPT,TX,ASW,CE,Towers with Radar,0,7,8,2,17,0,0,0,0,0,0,7,8,2,17,0,0,0,17
04/24/2021,BPT,TX,ASW,CE,Towers with Radar,0,12,6,0,18,0,0,10,0,10,0,12,16,0,28,24,0,24,52
04/25/2021,BPT,TX,ASW,CE,Towers with Radar,0,6,15,0,21,0,0,21,0,21,0,6,36,0,42,70,0,70,112
04/26/2021,BPT,TX,ASW,CE,Towers with Radar,0,8,8,2,18,0,2,16,5,23,0,10,24,7,41,38,0,38,79
04/27/2021,BPT,TX,ASW,CE,Towers with Radar,0,8,27,10,45,0,2,4,5,11,0,10,31,15,56,0,0,0,56
04/28/2021,BPT,TX,ASW,CE,Towers with Radar,0,9,9,11,29,0,0,8,9,17,0,9,17,20,46,0,0,0,46
04/29/2021,BPT,TX,ASW,CE,Towers with Radar,0,6,16,1,23,0,0,2,2,4,0,6,18,3,27,0,0,0,27
04/30/2021,BPT,TX,ASW,CE,Towers with Radar,2,5,5,1,13,0,0,0,2,2,2,5,5,3,15,0,0,0,15
05/01/2021,BPT,TX,ASW,CE,Towers with Radar,0,6,9,0,15,0,0,1,0,1,0,6,10,0,16,0,0,0,16
05/02/2021,BPT,TX,ASW,CE,Towers with Radar,0,7,14,0,21,0,0,6,0,6,0,7,20,0,27,0,0,0,27
05/03/2021,BPT,TX,ASW,CE,Towers with Radar,0,6,20,2,28,0,0,6,0,6,0,6,26,2,34,14,0,14,48
05/04/2021,BPT,TX,ASW,CE,Towers with Radar,0,6,6,0,12,0,1,4,0,5,0,7,10,0,17,34,0,34,51
05/05/2021,BPT,TX,ASW,CE,Towers with Radar,0,6,19,6,31,0,0,29,2,31,0,6,48,8,62,8,0,8,70
05/06/2021,BPT,TX,ASW,CE,Towers with Radar,0,7,7,0,14,0,1,26,2,29,0,8,33,2,43,52,0,52,95
05/07/2021,BPT,TX,ASW,CE,Towers with Radar,0,7,14,2,23,0,0,29,2,31,0,7,43,4,54,14,0,14,68
05/08/2021,BPT,TX,ASW,CE,Towers with Radar,0,6,4,2,12,0,0,60,0,60,0,6,64,2,72,0,0,0,72
05/09/2021,BPT,TX,ASW,CE,Towers with Radar,0,5,9,0,14,0,0,8,0,8,0,5,17,0,22,0,0,0,22
05/10/2021,BPT,TX,ASW,CE,Towers with Radar,0,5,11,3,19,0,1,7,0,8,0,6,18,3,27,38,0,38,65
05/11/2021,BPT,TX,ASW,CE,Towers with Radar,0,3,7,5,15,0,0,10,3,13,0,3,17,8,28,0,0,0,28
05/12/2021,BPT,TX,ASW,CE,Towers with Radar,0,7,11,2,20,0,0,2,0,2,0,7,13,2,22,0,0,0,22
05/13/2021,BPT,TX,ASW,CE,Towers with Radar,0,5,13,0,18,0,0,7,0,7,0,5,20,0,25,42,0,42,67
05/14/2021,BPT,TX,ASW,CE,Towers with Radar,0,7,12,6,25,0,0,21,4,25,0,7,33,10,50,40,0,40,90
05/15/2021,BPT,TX,ASW,CE,Towers with Radar,0,6,6,0,12,0,0,57,0,57,0,6,63,0,69,0,0,0,69
05/16/2021,BPT,TX,ASW,CE,Towers with Radar,0,5,16,0,21,0,0,7,0,7,0,5,23,0,28,18,0,18,46
05/17/2021,BPT,TX,ASW,CE,Towers with Radar,0,2,3,0,5,0,0,0,0,0,0,2,3,0,5,0,0,0,5
05/18/2021,BPT,TX,ASW,CE,Towers with Radar,0,6,9,0,15,0,0,5,2,7,0,6,14,2,22,0,0,0,22
05/19/2021,BPT,TX,ASW,CE,Towers with Radar,0,7,12,0,19,0,0,5,0,5,0,7,17,0,24,0,0,0,24
05/20/2021,BPT,TX,ASW,CE,Towers with Radar,0,5,10,1,16,0,0,9,0,9,0,5,19,1,25,10,0,10,35
05/21/2021,BPT,TX,ASW,CE,Towers with Radar,0,5,8,1,14,0,0,2,0,2,0,5,10,1,16,0,0,0,16
05/22/2021,BPT,TX,ASW,CE,Towers with Radar,0,7,3,0,10,0,0,4,2,6,0,7,7,2,16,0,0,0,16
05/23/2021,BPT,TX,ASW,CE,Towers with Radar,0,6,16,0,22,0,0,8,0,8,0,6,24,0,30,14,0,14,44
05/24/2021,BPT,TX,ASW,CE,Towers with Radar,0,5,16,2,23,0,1,10,0,11,0,6,26,2,34,24,4,28,62
05/25/2021,BPT,TX,ASW,CE,Towers with Radar,0,7,15,2,24,0,5,10,0,15,0,12,25,2,39,11,0,11,50
05/26/2021,BPT,TX,ASW,CE,Towers with Radar,0,5,12,2,19,0,0,25,2,27,0,5,37,4,46,82,0,82,128
05/27/2021,BPT,TX,ASW,CE,Towers with Radar,0,5,14,4,23,0,0,31,6,37,0,5,45,10,60,36,10,46,106
05/28/2021,BPT,TX,ASW,CE,Towers with Radar,0,7,14,0,21,0,0,21,2,23,0,7,35,2,44,42,0,42,86
05/29/2021,BPT,TX,ASW,CE,Towers with Radar,0,6,4,0,10,0,0,8,0,8,0,6,12,0,18,0,0,0,18
05/30/2021,BPT,TX,ASW,CE,Towers with Radar,0,5,4,0,9,0,0,49,0,49,0,5,53,0,58,0,0,0,58
05/31/2021,BPT,TX,ASW,CE,Towers with Radar,0,5,9,2,16,0,0,17,0,17,0,5,26,2,33,10,0,10,43
06/01/2021,BPT,TX,ASW,CE,Towers with Radar,0,6,15,1,22,0,1,14,0,15,0,7,29,1,37,0,0,0,37
06/02/2021,BPT,TX,ASW,CE,Towers with Radar,0,5,6,1,12,0,1,36,0,37,0,6,42,1,49,0,0,0,49
06/03/2021,BPT,TX,ASW,CE,Towers with Radar,0,7,13,2,22,0,0,15,4,19,0,7,28,6,41,26,0,26,67
06/04/2021,BPT,TX,ASW,CE,Towers with Radar,0,8,8,0,16,0,0,1,0,1,0,8,9,0,17,0,0,0,17
06/05/2021,BPT,TX,ASW,CE,Towers with Radar,0,7,6,0,13,0,0,8,0,8,0,7,14,0,21,10,0,10,31
06/06/2021,BPT,TX,ASW,CE,Towers with Radar,0,5,5,0,10,0,0,16,0,16,0,5,21,0,26,62,0,62,88
06/07/2021,BPT,TX,ASW,CE,Towers with Radar,0,3,14,0,17,0,1,9,0,10,0,4,23,0,27,42,0,42,69
06/08/2021,BPT,TX,ASW,CE,Towers with Radar,0,7,18,1,26,0,4,17,3,24,0,11,35,4,50,0,0,0,50
06/09/2021,BPT,TX,ASW,CE,Towers with Radar,0,7,13,5,25,0,4,28,1,33,0,11,41,6,58,28,0,28,86
06/10/2021,BPT,TX,ASW,CE,Towers with Radar,0,5,27,2,34,0,0,55,6,61,0,5,82,8,95,0,0,0,95
06/11/2021,BPT,TX,ASW,CE,Towers with Radar,0,5,13,2,20,0,0,89,0,89,0,5,102,2,109,0,0,0,109
06/12/2021,BPT,TX,ASW,CE,Towers with Radar,0,5,7,0,12,0,0,13,6,19,0,5,20,6,31,18,2,20,51
06/13/2021,BPT,TX,ASW,CE,Towers with Radar,0,9,9,6,24,0,0,18,2,20,0,9,27,8,44,42,0,42,86
06/14/2021,BPT,TX,ASW,CE,Towers with Radar,0,5,11,0,16,0,6,22,0,28,0,11,33,0,44,28,0,28,72
06/15/2021,BPT,TX,ASW,CE,Towers with Radar,0,6,18,2,26,0,1,16,0,17,0,7,34,2,43,18,0,18,61
06/16/2021,BPT,TX,ASW,CE,Towers with Radar,0,8,8,2,18,0,1,29,0,30,0,9,37,2,48,8,0,8,56
06/17/2021,BPT,TX,ASW,CE,Towers with Radar,0,7,18,7,32,0,1,54,1,56,0,8,72,8,88,0,0,0,88
06/18/2021,BPT,TX,ASW,CE,Towers with Radar,0,5,19,1,25,0,0,61,4,65,0,5,80,5,90,0,0,0,90
06/19/2021,BPT,TX,ASW,CE,Towers with Radar,0,5,4,0,9,0,0,7,2,9,0,5,11,2,18,8,0,8,26
06/20/2021,BPT,TX,ASW,CE,Towers with Radar,0,7,6,0,13,0,0,5,0,5,0,7,11,0,18,26,0,26,44
06/21/2021,BPT,TX,ASW,CE,Towers with Radar,0,3,24,2,29,0,0,9,0,9,0,3,33,2,38,0,0,0,38
06/22/2021,BPT,TX,ASW,CE,Towers with Radar,0,5,5,0,10,0,0,10,1,11,0,5,15,1,21,11,0,11,32
06/23/2021,BPT,TX,ASW,CE,Towers with Radar,0,5,9,0,14,0,1,9,1,11,0,6,18,1,25,23,0,23,48
06/24/2021,BPT,TX,ASW,CE,Towers with Radar,0,6,19,1,26,0,0,44,0,44,0,6,63,1,70,0,0,0,70
06/25/2021,BPT,TX,ASW,CE,Towers with Radar,0,8,13,1,22,0,0,33,0,33,0,8,46,1,55,0,0,0,55
06/26/2021,BPT,TX,ASW,CE,Towers with Radar,0,7,14,0,21,0,0,16,0,16,0,7,30,0,37,6,0,6,43
06/27/2021,BPT,TX,ASW,CE,Towers with Radar,0,9,11,0,20,0,0,7,0,7,0,9,18,0,27,52,0,52,79
06/28/2021,BPT,TX,ASW,CE,Towers with Radar,0,9,15,0,24,0,0,2,0,2,0,9,17,0,26,0,0,0,26
06/29/2021,BPT,TX,ASW,CE,Towers with Radar,0,9,9,2,20,0,1,35,0,36,0,10,44,2,56,0,0,0,56
06/30/2021,BPT,TX,ASW,CE,Towers with Radar,0,10,9,0,19,0,3,29,0,32,0,13,38,0,51,28,0,28,79
07/01/2021,BPT,TX,ASW,CE,Towers with Radar,0,7,19,0,26,0,0,54,2,56,0,7,73,2,82,0,0,0,82
07/02/2021,BPT,TX,ASW,CE,Towers with Radar,0,7,14,0,21,0,0,32,0,32,0,7,46,0,53,0,0,0,53
07/03/2021,BPT,TX,ASW,CE,Towers with Radar,0,7,5,0,12,0,0,2,0,2,0,7,7,0,14,0,0,0,14
07/04/2021,BPT,TX,ASW,CE,Towers with Radar,0,4,0,0,4,0,0,3,0,3,0,4,3,0,7,0,0,0,7
07/05/2021,BPT,TX,ASW,CE,Towers with Radar,0,9,10,0,19,0,0,13,0,13,0,9,23,0,32,34,0,34,66
07/06/2021,BPT,TX,ASW,CE,Towers with Radar,0,6,13,0,19,0,0,26,0,26,0,6,39,0,45,6,0,6,51
07/07/2021,BPT,TX,ASW,CE,Towers with Radar,0,5,10,0,15,0,0,31,0,31,0,5,41,0,46,4,0,4,50
07/08/2021,BPT,TX,ASW,CE,Towers with Radar,0,5,10,2,17,0,2,5,2,9,0,7,15,4,26,16,0,16,42
07/09/2021,BPT,TX,ASW,CE,Towers with Radar,0,5,14,0,19,0,0,3,0,3,0,5,17,0,22,0,0,0,22
07/10/2021,BPT,TX,ASW,CE,Towers with Radar,0,8,15,0,23,0,0,10,0,10,0,8,25,0,33,0,0,0,33
07/11/2021,BPT,TX,ASW,CE,Towers with Radar,0,8,9,0,17,0,0,5,0,5,0,8,14,0,22,8,0,8,30
07/12/2021,BPT,TX,ASW,CE,Towers with Radar,0,6,4,0,10,0,0,7,0,7,0,6,11,0,17,18,0,18,35
07/13/2021,BPT,TX,ASW,CE,Towers with Radar,0,5,16,2,23,0,3,20,8,31,0,8,36,10,54,17,0,17,71
07/14/2021,BPT,TX,ASW,CE,Towers with Radar,0,5,13,2,20,0,0,11,2,13,0,5,24,4,33,18,0,18,51
07/15/2021,BPT,TX,ASW,CE,Towers with Radar,0,5,17,4,26,0,0,8,0,8,0,5,25,4,34,17,0,17,51
07/16/2021,BPT,TX,ASW,CE,Towers with Radar,0,8,18,0,26,0,0,12,0,12,0,8,30,0,38,0,0,0,38
07/17/2021,BPT,TX,ASW,CE,Towers with Radar,0,5,8,0,13,0,1,21,0,22,0,6,29,0,35,14,0,14,49
07/18/2021,BPT,TX,ASW,CE,Towers with Radar,0,7,11,0,18,0,0,8,0,8,0,7,19,0,26,8,0,8,34
07/19/2021,BPT,TX,ASW,CE,Towers with Radar,0,6,14,0,20,0,4,11,4,19,0,10,25,4,39,26,0,26,65
07/20/2021,BPT,TX,ASW,CE,Towers with Radar,0,5,6,0,11,0,0,4,0,4,0,5,10,0,15,6,0,6,21
07/21/2021,BPT,TX,ASW,CE,Towers with Radar,0,5,7,2,14,0,0,18,0,18,0,5,25,2,32,38,0,38,70
07/22/2021,BPT,TX,ASW,CE,Towers with Radar,0,7,13,2,22,0,1,27,0,28,0,8,40,2,50,32,0,32,82
07/23/2021,BPT,TX,ASW,CE,Towers with Radar,0,5,14,2,21,0,0,24,0,24,0,5,38,2,45,28,0,28,73
07/24/2021,BPT,TX,ASW,CE,Towers with Radar,0,10,11,0,21,0,0,16,0,16,0,10,27,0,37,50,0,50,87
07/25/2021,BPT,TX,ASW,CE,Towers with Radar,0,5,7,1,13,0,2,21,0,23,0,7,28,1,36,12,0,12,48
07/26/2021,BPT,TX,ASW,CE,Towers with Radar,0,8,9,7,24,0,0,22,0,22,0,8,31,7,46,0,0,0,46
07/27/2021,BPT,TX,ASW,CE,Towers with Radar,0,5,8,8,21,0,0,30,0,30,0,5,38,8,51,10,0,10,61
07/28/2021,BPT,TX,ASW,CE,Towers with Radar,0,7,16,0,23,0,0,43,2,45,0,7,59,2,68,20,0,20,88
07/29/2021,BPT,TX,ASW,CE,Towers with Radar,0,5,15,2,22,0,0,23,0,23,0,5,38,2,45,0,0,0,45
07/30/2021,BPT,TX,ASW,CE,Towers with Radar,0,5,12,0,17,0,0,18,2,20,0,5,30,2,37,54,0,54,91
07/31/2021,BPT,TX,ASW,CE,Towers with Radar,0,5,13,0,18,0,3,23,0,26,0,8,36,0,44,52,0,52,96
08/01/2021,BPT,TX,ASW,CE,Towers with Radar,0,4,4,0,8,0,0,7,0,7,0,4,11,0,15,12,0,12,27
08/02/2021,BPT,TX,ASW,CE,Towers with Radar,0,6,8,0,14,0,0,3,0,3,0,6,11,0,17,42,0,42,59
08/03/2021,BPT,TX,ASW,CE,Towers with Radar,0,7,10,2,19,0,0,2,2,4,0,7,12,4,23,0,0,0,23
08/04/2021,BPT,TX,ASW,CE,Towers with Radar,0,7,18,2,27,0,1,6,0,7,0,8,24,2,34,14,0,14,48
08/05/2021,BPT,TX,ASW,CE,Towers with Radar,0,5,12,0,17,0,2,16,2,20,0,7,28,2,37,11,0,11,48
08/06/2021,BPT,TX,ASW,CE,Towers with Radar,0,11,11,2,24,0,0,25,0,25,0,11,36,2,49,28,0,28,77
08/07/2021,BPT,TX,ASW,CE,Towers with Radar,0,6,5,0,11,0,0,17,0,17,0,6,22,0,28,2,0,2,30
08/08/2021,BPT,TX,ASW,CE,Towers with Radar,0,8,16,4,28,0,1,12,0,13,0,9,28,4,41,1,0,1,42
08/09/2021,BPT,TX,ASW,CE,Towers with Radar,0,7,8,2,17,0,0,8,0,8,0,7,16,2,25,34,0,34,59
08/10/2021,BPT,TX,ASW,CE,Towers with Radar,0,5,20,2,27,0,4,16,5,25,0,9,36,7,52,6,0,6,58
08/11/2021,BPT,TX,ASW,CE,Towers with Radar,0,5,12,4,21,0,0,11,6,17,0,5,23,10,38,6,0,6,44
08/12/2021,BPT,TX,ASW,CE,Towers with Radar,0,5,17,4,26,0,0,10,0,10,0,5,27,4,36,16,0,16,52
08/13/2021,BPT,TX,ASW,CE,Towers with Radar,0,7,8,5,20,0,0,7,2,9,0,7,15,7,29,19,0,19,48
08/14/2021,BPT,TX,ASW,CE,Towers with Radar,0,5,6,0,11,0,1,19,0,20,0,6,25,0,31,37,0,37,68
08/15/2021,BPT,TX,ASW,CE,Towers with Radar,0,6,14,0,20,0,0,5,0,5,0,6,19,0,25,0,0,0,25
08/16/2021,BPT,TX,ASW,CE,Towers with Radar,0,4,8,0,12,0,0,7,2,9,0,4,15,2,21,0,0,0,21
08/17/2021,BPT,TX,ASW,CE,Towers with Radar,0,6,6,0,12,0,0,7,2,9,0,6,13,2,21,0,0,0,21
08/18/2021,BPT,TX,ASW,CE,Towers with Radar,0,7,8,2,17,0,0,8,0,8,0,7,16,2,25,11,0,11,36
08/19/2021,BPT,TX,ASW,CE,Towers with Radar,0,5,10,2,17,0,1,10,1,12,0,6,20,3,29,0,0,0,29
08/20/2021,BPT,TX,ASW,CE,Towers with Radar,0,7,7,0,14,0,1,24,0,25,0,8,31,0,39,14,0,14,53
08/21/2021,BPT,TX,ASW,CE,Towers with Radar,0,5,9,2,16,0,0,16,0,16,0,5,25,2,32,22,0,22,54
08/22/2021,BPT,TX,ASW,CE,Towers with Radar,0,7,9,1,17,0,0,9,1,10,0,7,18,2,27,0,0,0,27
08/23/2021,BPT,TX,ASW,CE,Towers with Radar,0,7,12,0,19,0,0,8,0,8,0,7,20,0,27,4,0,4,31
08/24/2021,BPT,TX,ASW,CE,Towers with Radar,0,5,16,0,21,0,2,16,0,18,0,7,32,0,39,26,0,26,65
08/25/2021,BPT,TX,ASW,CE,Towers with Radar,0,5,21,4,30,0,1,11,0,12,0,6,32,4,42,0,2,2,44
08/26/2021,BPT,TX,ASW,CE,Towers with Radar,0,5,4,2,11,0,0,0,0,0,0,5,4,2,11,0,0,0,11
08/27/2021,BPT,TX,ASW,CE,Towers with Radar,0,8,7,0,15,0,0,10,0,10,0,8,17,0,25,6,0,6,31
08/28/2021,BPT,TX,ASW,CE,Towers with Radar,0,8,5,0,13,0,0,2,0,2,0,8,7,0,15,0,0,0,15
08/29/2021,BPT,TX,ASW,CE,Towers with Radar,0,5,15,0,20,0,0,4,0,4,0,5,19,0,24,0,0,0,24
08/30/2021,BPT,TX,ASW,CE,Towers with Radar,0,7,6,0,13,0,2,16,2,20,0,9,22,2,33,10,0,10,43
08/31/2021,BPT,TX,ASW,CE,Towers with Radar,0,8,4,0,12,0,1,12,10,23,0,9,16,10,35,16,0,16,51
09/01/2021,BPT,TX,ASW,CE,Towers with Radar,0,9,14,2,25,0,0,28,0,28,0,9,42,2,53,10,0,10,63
09/02/2021,BPT,TX,ASW,CE,Towers with Radar,0,5,11,2,18,0,4,8,4,16,0,9,19,6,34,6,0,6,40
09/03/2021,BPT,TX,ASW,CE,Towers with Radar,0,7,18,2,27,0,0,11,0,11,0,7,29,2,38,0,0,0,38
09/04/2021,BPT,TX,ASW,CE,Towers with Radar,0,6,10,0,16,0,2,21,2,25,0,8,31,2,41,32,0,32,73
09/05/2021,BPT,TX,ASW,CE,Towers with Radar,0,3,10,0,13,0,0,5,0,5,0,3,15,0,18,0,0,0,18
09/06/2021,BPT,TX,ASW,CE,Towers with Radar,0,5,11,0,16,0,0,5,0,5,0,5,16,0,21,46,0,46,67
09/07/2021,BPT,TX,ASW,CE,Towers with Radar,0,8,11,1,20,0,2,16,0,18,0,10,27,1,38,8,0,8,46
09/08/2021,BPT,TX,ASW,CE,Towers with Radar,0,6,13,2,21,0,0,26,0,26,0,6,39,2,47,10,0,10,57
09/09/2021,BPT,TX,ASW,CE,Towers with Radar,0,8,21,2,31,0,3,17,1,21,0,11,38,3,52,34,0,34,86
09/10/2021,BPT,TX,ASW,CE,Towers with Radar,0,5,11,0,16,0,0,14,0,14,0,5,25,0,30,10,0,10,40
09/11/2021,BPT,TX,ASW,CE,Towers with Radar,0,6,3,2,11,0,0,20,0,20,0,6,23,2,31,22,0,22,53
09/12/2021,BPT,TX,ASW,CE,Towers with Radar,0,5,18,0,23,0,0,9,0,9,0,5,27,0,32,0,0,0,32
09/13/2021,BPT,TX,ASW,CE,Towers with Radar,0,7,3,0,10,0,0,0,2,2,0,7,3,2,12,0,0,0,12
09/14/2021,BPT,TX,ASW,CE,Towers with Radar,0,3,1,0,4,0,0,0,0,0,0,3,1,0,4,0,0,0,4
09/15/2021,BPT,TX,ASW,CE,Towers with Radar,0,15,7,0,22,0,0,1,0,1,0,15,8,0,23,0,0,0,23
09/16/2021,BPT,TX,ASW,CE,Towers with Radar,1,12,16,2,31,0,2,1,0,3,1,14,17,2,34,0,0,0,34
09/17/2021,BPT,TX,ASW,CE,Towers with Radar,1,8,10,2,21,0,0,13,0,13,1,8,23,2,34,6,0,6,40
09/18/2021,BPT,TX,ASW,CE,Towers with Radar,0,4,1,0,5,0,0,8,0,8,0,4,9,0,13,18,0,18,31
09/19/2021,BPT,TX,ASW,CE,Towers with Radar,0,5,12,0,17,0,0,0,0,0,0,5,12,0,17,0,0,0,17
09/20/2021,BPT,TX,ASW,CE,Towers with Radar,0,5,7,2,14,0,0,21,0,21,0,5,28,2,35,30,0,30,65
09/21/2021,BPT,TX,ASW,CE,Towers with Radar,0,7,9,2,18,0,0,10,2,12,0,7,19,4,30,10,0,10,40
09/22/2021,BPT,TX,ASW,CE,Towers with Radar,0,5,17,2,24,0,1,8,0,9,0,6,25,2,33,3,0,3,36
09/23/2021,BPT,TX,ASW,CE,Towers with Radar,0,9,15,4,28,0,0,25,4,29,0,9,40,8,57,11,0,11,68
09/24/2021,BPT,TX,ASW,CE,Towers with Radar,0,5,18,4,27,0,1,22,6,29,0,6,40,10,56,24,0,24,80
09/25/2021,BPT,TX,ASW,CE,Towers with Radar,0,6,8,0,14,0,0,12,0,12,0,6,20,0,26,0,0,0,26
09/26/2021,BPT,TX,ASW,CE,Towers with Radar,0,5,10,0,15,0,2,19,0,21,0,7,29,0,36,0,0,0,36
09/27/2021,BPT,TX,ASW,CE,Towers with Radar,0,5,6,1,12,0,0,17,0,17,0,5,23,1,29,10,0,10,39
09/28/2021,BPT,TX,ASW,CE,Towers with Radar,0,5,5,0,10,0,0,0,0,0,0,5,5,0,10,0,0,0,10
09/29/2021,BPT,TX,ASW,CE,Towers with Radar,0,5,7,0,12,0,0,5,0,5,0,5,12,0,17,0,0,0,17
09/30/2021,BPT,TX,ASW,CE,Towers with Radar,0,7,24,1,32,0,0,7,0,7,0,7,31,1,39,8,0,8,47
10/01/2021,BPT,TX,ASW,CE,Towers with Radar,0,5,10,0,15,0,0,0,0,0,0,5,10,0,15,0,0,0,15
10/02/2021,BPT,TX,ASW,CE,Towers with Radar,0,4,4,0,8,0,0,9,0,9,0,4,13,0,17,0,0,0,17
10/03/2021,BPT,TX,ASW,CE,Towers with Radar,0,7,9,0,16,0,0,7,0,7,0,7,16,0,23,10,0,10,33
10/04/2021,BPT,TX,ASW,CE,Towers with Radar,0,5,13,3,21,0,0,17,3,20,0,5,30,6,41,46,0,46,87
10/05/2021,BPT,TX,ASW,CE,Towers with Radar,0,6,7,0,13,0,0,74,4,78,0,6,81,4,91,10,0,10,101
10/06/2021,BPT,TX,ASW,CE,Towers with Radar,0,8,16,2,26,0,1,12,0,13,0,9,28,2,39,12,0,12,51
10/07/2021,BPT,TX,ASW,CE,Towers with Radar,0,5,14,0,19,0,0,16,2,18,0,5,30,2,37,36,0,36,73
10/08/2021,BPT,TX,ASW,CE,Towers with Radar,0,7,11,2,20,0,2,14,3,19,0,9,25,5,39,29,0,29,68
10/09/2021,BPT,TX,ASW,CE,Towers with Radar,0,5,7,0,12,0,0,11,0,11,0,5,18,0,23,22,0,22,45
10/10/2021,BPT,TX,ASW,CE,Towers with Radar,0,5,20,0,25,0,0,3,0,3,0,5,23,0,28,0,0,0,28
10/11/2021,BPT,TX,ASW,CE,Towers with Radar,0,5,8,0,13,0,1,11,4,16,0,6,19,4,29,62,0,62,91
10/12/2021,BPT,TX,ASW,CE,Towers with Radar,0,5,21,10,36,0,0,11,2,13,0,5,32,12,49,114,0,114,163
10/13/2021,BPT,TX,ASW,CE,Towers with Radar,0,4,12,4,20,0,0,56,0,56,0,4,68,4,76,0,0,0,76
10/14/2021,BPT,TX,ASW,CE,Towers with Radar,0,7,11,0,18,0,2,98,2,102,0,9,109,2,120,74,0,74,194
10/15/2021,BPT,TX,ASW,CE,Towers with Radar,0,10,15,1,26,0,0,7,1,8,0,10,22,2,34,0,0,0,34
10/16/2021,BPT,TX,ASW,CE,Towers with Radar,0,8,6,0,14,0,0,4,4,8,0,8,10,4,22,0,34,34,56
10/17/2021,BPT,TX,ASW,CE,Towers with Radar,0,9,18,1,28,0,0,3,11,14,0,9,21,12,42,32,0,32,74
10/18/2021,BPT,TX,ASW,CE,Towers with Radar,0,5,9,0,14,0,0,14,7,21,0,5,23,7,35,18,0,18,53
10/19/2021,BPT,TX,ASW,CE,Towers with Radar,0,6,11,2,19,0,0,24,9,33,0,6,35,11,52,20,36,56,108
10/20/2021,BPT,TX,ASW,CE,Towers with Radar,0,6,15,2,23,0,0,21,13,34,0,6,36,15,57,0,0,0,57
10/21/2021,BPT,TX,ASW,CE,Towers with Radar,0,5,13,3,21,0,0,9,3,12,0,5,22,6,33,3,0,3,36
10/22/2021,BPT,TX,ASW,CE,Towers with Radar,0,5,19,2,26,0,4,20,0,24,0,9,39,2,50,20,0,20,70
10/23/2021,BPT,TX,ASW,CE,Towers with Radar,0,5,12,0,17,0,0,7,0,7,0,5,19,0,24,2,0,2,26
10/24/2021,BPT,TX,ASW,CE,Towers with Radar,0,6,10,0,16,0,0,10,0,10,0,6,20,0,26,4,0,4,30
10/25/2021,BPT,TX,ASW,CE,Towers with Radar,0,8,12,0,20,0,0,6,0,6,0,8,18,0,26,8,0,8,34
10/26/2021,BPT,TX,ASW,CE,Towers with Radar,0,5,6,6,17,0,4,23,4,31,0,9,29,10,48,24,0,24,72
10/27/2021,BPT,TX,ASW,CE,Towers with Radar,0,6,8,0,14,0,0,7,0,7,0,6,15,0,21,6,0,6,27
10/28/2021,BPT,TX,ASW,CE,Towers with Radar,0,6,15,0,21,0,0,6,0,6,0,6,21,0,27,0,0,0,27
10/29/2021,BPT,TX,ASW,CE,Towers with Radar,2,6,12,0,20,0,2,10,4,16,2,8,22,4,36,10,0,10,46
10/30/2021,BPT,TX,ASW,CE,Towers with Radar,2,5,12,0,19,0,0,27,0,27,2,5,39,0,46,30,0,30,76
10/31/2021,BPT,TX,ASW,CE,Towers with Radar,0,9,12,0,21,0,0,10,0,10,0,9,22,0,31,34,0,34,65
11/01/2021,BPT,TX,ASW,CE,Towers with Radar,0,9,19,1,29,0,2,16,0,18,0,11,35,1,47,12,0,12,59
11/02/2021,BPT,TX,ASW,CE,Towers with Radar,0,5,14,2,21,0,0,5,2,7,0,5,19,4,28,20,8,28,56
11/03/2021,BPT,TX,ASW,CE,Towers with Radar,0,6,12,0,18,0,0,7,0,7,0,6,19,0,25,0,0,0,25
11/04/2021,BPT,TX,ASW,CE,Towers with Radar,0,8,37,1,46,0,0,4,0,4,0,8,41,1,50,13,0,13,63
11/05/2021,BPT,TX,ASW,CE,Towers with Radar,0,6,15,0,21,0,0,14,6,20,0,6,29,6,41,66,0,66,107
11/06/2021,BPT,TX,ASW,CE,Towers with Radar,0,5,8,0,13,0,1,12,0,13,0,6,20,0,26,6,0,6,32
11/07/2021,BPT,TX,ASW,CE,Towers with Radar,0,5,19,0,24,0,2,15,0,17,0,7,34,0,41,12,0,12,53
11/08/2021,BPT,TX,ASW,CE,Towers with Radar,0,7,13,5,25,0,5,13,6,24,0,12,26,11,49,22,0,22,71
11/09/2021,BPT,TX,ASW,CE,Towers with Radar,0,9,8,8,25,0,1,69,4,74,0,10,77,12,99,12,0,12,111
11/10/2021,BPT,TX,ASW,CE,Towers with Radar,0,9,17,0,26,0,0,28,1,29,0,9,45,1,55,4,0,4,59
11/11/2021,BPT,TX,ASW,CE,Towers with Radar,0,10,6,4,20,0,0,12,0,12,0,10,18,4,32,0,0,0,32
11/12/2021,BPT,TX,ASW,CE,Towers with Radar,1,6,9,0,16,0,2,9,0,11,1,8,18,0,27,10,0,10,37
11/13/2021,BPT,TX,ASW,CE,Towers with Radar,0,8,7,5,20,0,1,15,0,16,0,9,22,5,36,36,2,38,74
11/14/2021,BPT,TX,ASW,CE,Towers with Radar,0,10,8,0,18,0,0,14,0,14,0,10,22,0,32,30,0,30,62
11/15/2021,BPT,TX,ASW,CE,Towers with Radar,0,6,16,0,22,0,4,11,2,17,0,10,27,2,39,34,0,34,73
11/16/2021,BPT,TX,ASW,CE,Towers with Radar,0,7,16,5,28,0,0,17,6,23,0,7,33,11,51,0,0,0,51
11/17/2021,BPT,TX,ASW,CE,Towers with Radar,0,5,9,2,16,0,0,13,2,15,0,5,22,4,31,0,0,0,31
11/18/2021,BPT,TX,ASW,CE,Towers with Radar,0,9,15,2,26,0,0,1,0,1,0,9,16,2,27,0,0,0,27
11/19/2021,BPT,TX,ASW,CE,Towers with Radar,0,8,19,1,28,0,3,14,7,24,0,11,33,8,52,40,0,40,92
11/20/2021,BPT,TX,ASW,CE,Towers with Radar,0,6,4,0,10,0,3,11,0,14,0,9,15,0,24,74,0,74,98
11/21/2021,BPT,TX,ASW,CE,Towers with Radar,0,7,10,0,17,0,0,7,0,7,0,7,17,0,24,20,0,20,44
11/22/2021,BPT,TX,ASW,CE,Towers with Radar,0,6,7,2,15,0,0,6,0,6,0,6,13,2,21,2,0,2,23
11/23/2021,BPT,TX,ASW,CE,Towers with Radar,0,7,16,2,25,0,4,41,2,47,0,11,57,4,72,0,0,0,72
11/24/2021,BPT,TX,ASW,CE,Towers with Radar,0,5,20,0,25,0,0,32,0,32,0,5,52,0,57,10,0,10,67
11/25/2021,BPT,TX,ASW,CE,Towers with Radar,0,2,1,0,3,0,0,0,0,0,0,2,1,0,3,0,0,0,3
11/26/2021,BPT,TX,ASW,CE,Towers with Radar,0,2,8,0,10,0,0,10,0,10,0,2,18,0,20,0,0,0,20
11/27/2021,BPT,TX,ASW,CE,Towers with Radar,0,8,5,0,13,0,0,0,0,0,0,8,5,0,13,0,0,0,13
11/28/2021,BPT,TX,ASW,CE,Towers with Radar,0,10,29,0,39,0,0,2,0,2,0,10,31,0,41,0,0,0,41
11/29/2021,BPT,TX,ASW,CE,Towers with Radar,0,9,18,3,30,0,0,15,0,15,0,9,33,3,45,22,0,22,67
11/30/2021,BPT,TX,ASW,CE,Towers with Radar,0,6,7,5,18,0,0,29,0,29,0,6,36,5,47,8,0,8,55
12/01/2021,BPT,TX,ASW,CE,Towers with Radar,0,9,15,0,24,0,4,58,4,66,0,13,73,4,90,8,0,8,98
12/02/2021,BPT,TX,ASW,CE,Towers with Radar,0,7,13,2,22,0,0,21,0,21,0,7,34,2,43,0,0,0,43
12/03/2021,BPT,TX,ASW,CE,Towers with Radar,0,11,21,1,33,0,1,13,1,15,0,12,34,2,48,36,0,36,84
12/04/2021,BPT,TX,ASW,CE,Towers with Radar,0,7,10,0,17,0,5,7,0,12,0,12,17,0,29,28,0,28,57
12/05/2021,BPT,TX,ASW,CE,Towers with Radar,0,6,17,0,23,0,0,12,0,12,0,6,29,0,35,18,0,18,53
12/06/2021,BPT,TX,ASW,CE,Towers with Radar,0,5,15,2,22,0,0,2,0,2,0,5,17,2,24,8,0,8,32
12/07/2021,BPT,TX,ASW,CE,Towers with Radar,0,7,19,0,26,0,0,16,6,22,0,7,35,6,48,0,0,0,48
12/08/2021,BPT,TX,ASW,CE,Towers with Radar,0,8,12,2,22,0,0,3,0,3,0,8,15,2,25,0,0,0,25
12/09/2021,BPT,TX,ASW,CE,Towers with Radar,0,5,14,0,19,0,0,7,0,7,0,5,21,0,26,0,0,0,26
12/10/2021,BPT,TX,ASW,CE,Towers with Radar,0,8,3,4,15,0,0,2,0,2,0,8,5,4,17,4,4,8,25
12/11/2021,BPT,TX,ASW,CE,Towers with Radar,0,8,6,0,14,0,0,1,0,1,0,8,7,0,15,2,0,2,17
12/12/2021,BPT,TX,ASW,CE,Towers with Radar,0,5,14,0,19,0,0,32,2,34,0,5,46,2,53,100,0,100,153
12/13/2021,BPT,TX,ASW,CE,Towers with Radar,0,7,21,0,28,0,0,8,0,8,0,7,29,0,36,46,0,46,82
12/14/2021,BPT,TX,ASW,CE,Towers with Radar,0,9,12,2,23,0,2,0,0,2,0,11,12,2,25,0,0,0,25
12/15/2021,BPT,TX,ASW,CE,Towers with Radar,0,11,23,2,36,0,0,26,2,28,0,11,49,4,64,0,0,0,64
12/16/2021,BPT,TX,ASW,CE,Towers with Radar,0,3,18,3,24,0,1,7,2,10,0,4,25,5,34,8,0,8,42
12/17/2021,BPT,TX,ASW,CE,Towers with Radar,0,9,19,0,28,0,0,20,2,22,0,9,39,2,50,10,0,10,60
12/18/2021,BPT,TX,ASW,CE,Towers with Radar,0,6,16,0,22,0,0,0,0,0,0,6,16,0,22,0,0,0,22
12/19/2021,BPT,TX,ASW,CE,Towers with Radar,0,4,12,0,16,0,0,20,2,22,0,4,32,2,38,4,0,4,42
12/20/2021,BPT,TX,ASW,CE,Towers with Radar,0,4,20,2,26,0,0,7,0,7,0,4,27,2,33,10,0,10,43
12/21/2021,BPT,TX,ASW,CE,Towers with Radar,0,10,11,2,23,0,4,31,3,38,0,14,42,5,61,0,0,0,61
12/22/2021,BPT,TX,ASW,CE,Towers with Radar,0,6,20,4,30,0,1,23,6,30,0,7,43,10,60,0,0,0,60
12/23/2021,BPT,TX,ASW,CE,Towers with Radar,0,8,9,0,17,0,0,19,0,19,0,8,28,0,36,22,0,22,58
12/24/2021,BPT,TX,ASW,CE,Towers with Radar,0,5,9,0,14,0,2,10,0,12,0,7,19,0,26,0,0,0,26
12/25/2021,BPT,TX,ASW,CE,Towers with Radar,0,5,2,0,7,0,0,2,0,2,0,5,4,0,9,0,0,0,9
12/26/2021,BPT,TX,ASW,CE,Towers with Radar,0,4,22,0,26,0,2,11,0,13,0,6,33,0,39,10,0,10,49
12/27/2021,BPT,TX,ASW,CE,Towers with Radar,0,6,14,0,20,0,0,8,0,8,0,6,22,0,28,28,0,28,56
12/28/2021,BPT,TX,ASW,CE,Towers with Radar,0,4,5,0,9,0,0,19,0,19,0,4,24,0,28,0,0,0,28
12/29/2021,BPT,TX,ASW,CE,Towers with Radar,0,5,18,4,27,0,0,4,4,8,0,5,22,8,35,0,0,0,35
12/30/2021,BPT,TX,ASW,CE,Towers with Radar,0,5,9,0,14,0,0,4,0,4,0,5,13,0,18,42,0,42,60
12/31/2021,BPT,TX,ASW,CE,Towers with Radar,0,5,14,0,19,0,0,1,0,1,0,5,15,0,20,0,0,0,20
01/01/2022,BPT,TX,ASW,CE,Towers with Radar,0,2,4,0,6,0,1,1,0,2,0,3,5,0,8,0,0,0,8
01/02/2022,BPT,TX,ASW,CE,Towers with Radar,0,6,18,0,24,0,0,3,2,5,0,6,21,2,29,0,0,0,29
01/03/2022,BPT,TX,ASW,CE,Towers with Radar,0,8,12,2,22,0,0,13,7,20,0,8,25,9,42,64,0,64,106
01/04/2022,BPT,TX,ASW,CE,Towers with Radar,0,3,9,1,13,0,0,12,2,14,0,3,21,3,27,0,0,0,27
01/05/2022,BPT,TX,ASW,CE,Towers with Radar,0,4,4,2,10,0,0,8,0,8,0,4,12,2,18,2,0,2,20
01/06/2022,BPT,TX,ASW,CE,Towers with Radar,0,9,22,0,31,0,1,8,0,9,0,10,30,0,40,2,0,2,42
01/07/2022,BPT,TX,ASW,CE,Towers with Radar,0,6,15,0,21,0,0,5,0,5,0,6,20,0,26,0,0,0,26
01/08/2022,BPT,TX,ASW,CE,Towers with Radar,0,4,1,0,5,0,0,0,0,0,0,4,1,0,5,0,0,0,5
01/09/2022,BPT,TX,ASW,CE,Towers with Radar,0,8,11,0,19,0,0,0,0,0,0,8,11,0,19,0,0,0,19
01/10/2022,BPT,TX,ASW,CE,Towers with Radar,0,9,3,0,12,0,0,13,0,13,0,9,16,0,25,20,0,20,45
01/11/2022,BPT,TX,ASW,CE,Towers with Radar,0,4,22,6,32,0,0,21,1,22,0,4,43,7,54,6,0,6,60
01/12/2022,BPT,TX,ASW,CE,Towers with Radar,0,8,16,8,32,0,0,16,6,22,0,8,32,14,54,0,0,0,54
01/13/2022,BPT,TX,ASW,CE,Towers with Radar,0,7,15,5,27,0,1,41,5,47,0,8,56,10,74,0,0,0,74
01/14/2022,BPT,TX,ASW,CE,Towers with Radar,0,9,19,4,32,0,1,16,4,21,0,10,35,8,53,0,0,0,53
01/15/2022,BPT,TX,ASW,CE,Towers with Radar,0,4,0,0,4,0,0,0,0,0,0,4,0,0,4,0,0,0,4
01/16/2022,BPT,TX,ASW,CE,Towers with Radar,0,9,11,0,20,0,0,15,0,15,0,9,26,0,35,0,0,0,35
01/17/2022,BPT,TX,ASW,CE,Towers with Radar,0,5,23,0,28,0,0,26,0,26,0,5,49,0,54,40,0,40,94
01/18/2022,BPT,TX,ASW,CE,Towers with Radar,0,4,20,2,26,0,0,13,0,13,0,4,33,2,39,10,0,10,49
01/19/2022,BPT,TX,ASW,CE,Towers with Radar,0,4,17,2,23,0,0,5,0,5,0,4,22,2,28,0,0,0,28
01/20/2022,BPT,TX,ASW,CE,Towers with Radar,0,5,18,0,23,0,0,0,0,0,0,5,18,0,23,0,0,0,23
01/21/2022,BPT,TX,ASW,CE,Towers with Radar,0,7,8,0,15,0,0,14,0,14,0,7,22,0,29,14,0,14,43
01/22/2022,BPT,TX,ASW,CE,Towers with Radar,0,4,5,0,9,0,1,25,0,26,0,5,30,0,35,22,0,22,57
01/23/2022,BPT,TX,ASW,CE,Towers with Radar,0,7,13,0,20,0,0,27,0,27,0,7,40,0,47,0,0,0,47
01/24/2022,BPT,TX,ASW,CE,Towers with Radar,0,5,7,2,14,0,0,0,0,0,0,5,7,2,14,0,0,0,14
01/25/2022,BPT,TX,ASW,CE,Towers with Radar,0,4,14,2,20,0,2,4,1,7,0,6,18,3,27,0,0,0,27
01/26/2022,BPT,TX,ASW,CE,Towers with Radar,0,6,20,2,28,0,2,16,2,20,0,8,36,4,48,10,0,10,58
01/27/2022,BPT,TX,ASW,CE,Towers with Radar,0,6,16,0,22,0,0,20,0,20,0,6,36,0,42,28,0,28,70
01/28/2022,BPT,TX,ASW,CE,Towers with Radar,0,5,7,3,15,0,2,28,1,31,0,7,35,4,46,20,0,20,66
01/29/2022,BPT,TX,ASW,CE,Towers with Radar,0,5,6,0,11,0,0,20,1,21,0,5,26,1,32,0,0,0,32
01/30/2022,BPT,TX,ASW,CE,Towers with Radar,0,5,9,0,14,0,0,23,0,23,0,5,32,0,37,0,0,0,37
01/31/2022,BPT,TX,ASW,CE,Towers with Radar,0,6,10,1,17,0,0,15,1,16,0,6,25,2,33,26,0,26,59
02/01/2022,BPT,TX,ASW,CE,Towers with Radar,0,6,19,3,28,0,0,0,1,1,0,6,19,4,29,0,0,0,29
02/02/2022,BPT,TX,ASW,CE,Towers with Radar,0,4,10,0,14,0,0,1,0,1,0,4,11,0,15,0,0,0,15
02/03/2022,BPT,TX,ASW,CE,Towers with Radar,0,1,10,0,11,0,0,0,0,0,0,1,10,0,11,0,0,0,11
02/04/2022,BPT,TX,ASW,CE,Towers with Radar,0,9,7,0,16,0,1,2,2,5,0,10,9,2,21,0,0,0,21
02/05/2022,BPT,TX,ASW,CE,Towers with Radar,0,4,2,2,8,0,0,14,0,14,0,4,16,2,22,0,0,0,22
02/06/2022,BPT,TX,ASW,CE,Towers with Radar,0,12,8,0,20,0,2,26,0,28,0,14,34,0,48,4,0,4,52
02/07/2022,BPT,TX,ASW,CE,Towers with Radar,0,8,9,0,17,0,0,11,0,11,0,8,20,0,28,0,0,0,28
02/08/2022,BPT,TX,ASW,CE,Towers with Radar,0,5,13,4,22,0,0,18,2,20,0,5,31,6,42,0,0,0,42
02/09/2022,BPT,TX,ASW,CE,Towers with Radar,0,9,16,6,31,0,0,11,4,15,0,9,27,10,46,12,0,12,58
02/10/2022,BPT,TX,ASW,CE,Towers with Radar,0,3,18,0,21,0,0,6,5,11,0,3,24,5,32,0,0,0,32
02/11/2022,BPT,TX,ASW,CE,Towers with Radar,0,7,11,3,21,0,3,18,2,23,0,10,29,5,44,24,0,24,68
02/12/2022,BPT,TX,ASW,CE,Towers with Radar,0,8,4,2,14,0,0,0,2,2,0,8,4,4,16,0,0,0,16
02/13/2022,BPT,TX,ASW,CE,Towers with Radar,0,5,8,0,13,0,0,12,0,12,0,5,20,0,25,0,0,0,25
02/14/2022,BPT,TX,ASW,CE,Towers with Radar,0,9,24,2,35,0,0,10,0,10,0,9,34,2,45,0,0,0,45
02/15/2022,BPT,TX,ASW,CE,Towers with Radar,0,7,10,0,17,0,0,25,0,25,0,7,35,0,42,4,0,4,46
02/16/2022,BPT,TX,ASW,CE,Towers with Radar,0,5,14,6,25,0,0,1,0,1,0,5,15,6,26,0,0,0,26
02/17/2022,BPT,TX,ASW,CE,Towers with Radar,0,5,26,14,45,0,0,2,0,2,0,5,28,14,47,0,0,0,47
02/18/2022,BPT,TX,ASW,CE,Towers with Radar,0,5,11,8,24,0,0,22,2,24,0,5,33,10,48,0,0,0,48
02/19/2022,BPT,TX,ASW,CE,Towers with Radar,0,8,19,0,27,0,1,14,0,15,0,9,33,0,42,0,0,0,42
02/20/2022,BPT,TX,ASW,CE,Towers with Radar,0,6,19,2,27,0,0,18,1,19,0,6,37,3,46,2,0,2,48
02/21/2022,BPT,TX,ASW,CE,Towers with Radar,0,8,14,1,23,0,0,0,0,0,0,8,14,1,23,0,0,0,23
02/22/2022,BPT,TX,ASW,CE,Towers with Radar,0,8,14,1,23,0,0,4,0,4,0,8,18,1,27,0,0,0,27
02/23/2022,BPT,TX,ASW,CE,Towers with Radar,0,2,9,0,11,0,0,0,0,0,0,2,9,0,11,0,0,0,11
02/24/2022,BPT,TX,ASW,CE,Towers with Radar,0,7,12,1,20,0,1,0,2,3,0,8,12,3,23,0,0,0,23
02/25/2022,BPT,TX,ASW,CE,Towers with Radar,0,7,16,0,23,0,0,0,0,0,0,7,16,0,23,0,0,0,23
02/26/2022,BPT,TX,ASW,CE,Towers with Radar,0,3,1,0,4,0,0,0,0,0,0,3,1,0,4,0,0,0,4
02/27/2022,BPT,TX,ASW,CE,Towers with Radar,0,6,14,3,23,0,0,11,0,11,0,6,25,3,34,0,0,0,34
02/28/2022,BPT,TX,ASW,CE,Towers with Radar,0,5,15,1,21,0,2,12,4,18,0,7,27,5,39,0,0,0,39
03/01/2022,BPT,TX,ASW,CE,Towers with Radar,0,7,21,2,30,0,1,16,0,17,0,8,37,2,47,0,0,0,47
03/02/2022,BPT,TX,ASW,CE,Towers with Radar,0,3,23,4,30,0,0,16,1,17,0,3,39,5,47,6,0,6,53
03/03/2022,BPT,TX,ASW,CE,Towers with Radar,0,7,11,11,29,0,0,15,2,17,0,7,26,13,46,26,0,26,72
03/04/2022,BPT,TX,ASW,CE,Towers with Radar,0,4,8,2,14,0,0,17,2,19,0,4,25,4,33,0,0,0,33
03/05/2022,BPT,TX,ASW,CE,Towers with Radar,0,7,7,14,28,0,3,8,0,11,0,10,15,14,39,0,0,0,39
03/06/2022,BPT,TX,ASW,CE,Towers with Radar,0,4,15,0,19,0,0,0,0,0,0,4,15,0,19,0,0,0,19
03/07/2022,BPT,TX,ASW,CE,Towers with Radar,0,5,8,2,15,0,0,2,0,2,0,5,10,2,17,16,2,18,35
03/08/2022,BPT,TX,ASW,CE,Towers with Radar,0,10,13,6,29,0,1,0,0,1,0,11,13,6,30,0,0,0,30
03/09/2022,BPT,TX,ASW,CE,Towers with Radar,0,5,9,2,16,0,0,25,2,27,0,5,34,4,43,0,0,0,43
03/10/2022,BPT,TX,ASW,CE,Towers with Radar,0,7,29,0,36,0,0,15,0,15,0,7,44,0,51,6,0,6,57
03/11/2022,BPT,TX,ASW,CE,Towers with Radar,0,4,13,0,17,0,0,2,0,2,0,4,15,0,19,0,0,0,19
03/12/2022,BPT,TX,ASW,CE,Towers with Radar,0,3,16,0,19,0,0,7,0,7,0,3,23,0,26,0,0,0,26
03/13/2022,BPT,TX,ASW,CE,Towers with Radar,0,10,13,8,31,0,0,36,0,36,0,10,49,8,67,0,0,0,67
03/14/2022,BPT,TX,ASW,CE,Towers with Radar,0,5,16,0,21,0,0,0,0,0,0,5,16,0,21,30,0,30,51
03/15/2022,BPT,TX,ASW,CE,Towers with Radar,0,6,4,2,12,0,0,13,0,13,0,6,17,2,25,0,0,0,25
03/16/2022,BPT,TX,ASW,CE,Towers with Radar,0,5,19,1,25,0,0,28,5,33,0,5,47,6,58,0,0,0,58
03/17/2022,BPT,TX,ASW,CE,Towers with Radar,0,9,16,4,29,0,0,4,0,4,0,9,20,4,33,0,0,0,33
03/18/2022,BPT,TX,ASW,CE,Towers with Radar,0,5,17,0,22,0,0,7,1,8,0,5,24,1,30,0,0,0,30
03/19/2022,BPT,TX,ASW,CE,Towers with Radar,0,5,15,0,20,0,0,22,0,22,0,5,37,0,42,33,0,33,75
03/20/2022,BPT,TX,ASW,CE,Towers with Radar,0,5,21,4,30,0,0,4,1,5,0,5,25,5,35,0,0,0,35
03/21/2022,BPT,TX,ASW,CE,Towers with Radar,0,3,4,2,9,0,0,0,0,0,0,3,4,2,9,0,0,0,9
03/22/2022,BPT,TX,ASW,CE,Towers with Radar,0,3,6,0,9,0,0,6,2,8,0,3,12,2,17,0,0,0,17
03/23/2022,BPT,TX,ASW,CE,Towers with Radar,0,5,24,2,31,0,1,13,8,22,0,6,37,10,53,32,0,32,85
03/24/2022,BPT,TX,ASW,CE,Towers with Radar,0,3,18,2,23,0,0,19,14,33,0,3,37,16,56,12,0,12,68
03/25/2022,BPT,TX,ASW,CE,Towers with Radar,0,5,7,2,14,0,0,21,12,33,0,5,28,14,47,16,0,16,63
03/26/2022,BPT,TX,ASW,CE,Towers with Radar,0,5,10,0,15,0,0,51,0,51,0,5,61,0,66,2,0,2,68
03/27/2022,BPT,TX,ASW,CE,Towers with Radar,0,5,5,0,10,0,0,15,0,15,0,5,20,0,25,0,0,0,25
03/28/2022,BPT,TX,ASW,CE,Towers with Radar,0,5,14,1,20,0,0,5,3,8,0,5,19,4,28,8,0,8,36
03/29/2022,BPT,TX,ASW,CE,Towers with Radar,0,7,12,2,21,0,0,4,0,4,0,7,16,2,25,0,0,0,25
03/30/2022,BPT,TX,ASW,CE,Towers with Radar,1,5,12,0,18,0,0,5,0,5,1,5,17,0,23,0,0,0,23
03/31/2022,BPT,TX,ASW,CE,Towers with Radar,0,5,8,2,15,0,1,27,0,28,0,6,35,2,43,84,0,84,127
04/01/2022,BPT,TX,ASW,CE,Towers with Radar,0,7,11,0,18,0,0,17,2,19,0,7,28,2,37,18,0,18,55
04/02/2022,BPT,TX,ASW,CE,Towers with Radar,0,4,13,0,17,0,2,8,0,10,0,6,21,0,27,20,0,20,47
04/03/2022,BPT,TX,ASW,CE,Towers with Radar,0,5,16,5,26,0,0,30,13,43,0,5,46,18,69,0,0,0,69
04/04/2022,BPT,TX,ASW,CE,Towers with Radar,0,5,10,1,16,0,0,0,0,0,0,5,10,1,16,30,0,30,46
04/05/2022,BPT,TX,ASW,CE,Towers with Radar,0,4,14,0,18,0,0,3,0,3,0,4,17,0,21,0,0,0,21
04/06/2022,BPT,TX,ASW,CE,Towers with Radar,0,5,19,2,26,0,0,5,0,5,0,5,24,2,31,0,0,0,31
04/07/2022,BPT,TX,ASW,CE,Towers with Radar,0,5,15,2,22,0,0,11,0,11,0,5,26,2,33,24,0,24,57
04/08/2022,BPT,TX,ASW,CE,Towers with Radar,0,6,19,1,26,0,0,12,3,15,0,6,31,4,41,6,0,6,47
04/09/2022,BPT,TX,ASW,CE,Towers with Radar,0,4,3,0,7,0,0,19,0,19,0,4,22,0,26,6,0,6,32
04/10/2022,BPT,TX,ASW,CE,Towers with Radar,0,6,12,0,18,0,0,4,0,4,0,6,16,0,22,0,0,0,22
04/11/2022,BPT,TX,ASW,CE,Towers with Radar,0,8,21,2,31,0,2,3,1,6,0,10,24,3,37,0,0,0,37
04/12/2022,BPT,TX,ASW,CE,Towers with Radar,0,3,11,0,14,0,0,1,0,1,0,3,12,0,15,18,0,18,33
04/13/2022,BPT,TX,ASW,CE,Towers with Radar,0,3,7,0,10,0,0,0,2,2,0,3,7,2,12,6,0,6,18
04/14/2022,BPT,TX,ASW,CE,Towers with Radar,0,8,32,1,41,0,1,18,1,20,0,9,50,2,61,12,0,12,73
04/15/2022,BPT,TX,ASW,CE,Towers with Radar,0,8,13,0,21,0,0,0,0,0,0,8,13,0,21,0,0,0,21
04/16/2022,BPT,TX,ASW,CE,Towers with Radar,0,5,13,0,18,0,0,17,0,17,0,5,30,0,35,0,0,0,35
04/17/2022,BPT,TX,ASW,CE,Towers with Radar,0,7,9,0,16,0,0,3,0,3,0,7,12,0,19,0,0,0,19
04/18/2022,BPT,TX,ASW,CE,Towers with Radar,0,7,22,2,31,0,1,9,2,12,0,8,31,4,43,6,0,6,49
04/19/2022,BPT,TX,ASW,CE,Towers with Radar,0,5,23,0,28,0,0,8,0,8,0,5,31,0,36,10,0,10,46
04/20/2022,BPT,TX,ASW,CE,Towers with Radar,0,3,22,0,25,0,0,0,0,0,0,3,22,0,25,0,0,0,25
04/21/2022,BPT,TX,ASW,CE,Towers with Radar,0,5,14,8,27,0,0,13,4,17,0,5,27,12,44,0,0,0,44
04/22/2022,BPT,TX,ASW,CE,Towers with Radar,0,7,37,0,44,0,0,4,0,4,0,7,41,0,48,0,0,0,48
04/23/2022,BPT,TX,ASW,CE,Towers with Radar,0,3,11,0,14,44,0,14,0,58,44,3,25,0,72,0,0,0,72
04/24/2022,BPT,TX,ASW,CE,Towers with Radar,0,4,14,0,18,0,1,7,2,10,0,5,21,2,28,0,0,0,28
04/25/2022,BPT,TX,ASW,CE,Towers with Radar,0,5,22,0,27,0,0,1,1,2,0,5,23,1,29,0,0,0,29
04/26/2022,BPT,TX,ASW,CE,Towers with Radar,0,3,21,8,32,0,1,11,2,14,0,4,32,10,46,0,0,0,46
04/27/2022,BPT,TX,ASW,CE,Towers with Radar,0,3,25,7,35,0,0,23,2,25,0,3,48,9,60,30,0,30,90
04/28/2022,BPT,TX,ASW,CE,Towers with Radar,0,7,18,10,35,0,0,17,0,17,0,7,35,10,52,12,0,12,64
04/29/2022,BPT,TX,ASW,CE,Towers with Radar,0,6,14,4,24,0,2,16,0,18,0,8,30,4,42,0,0,0,42
04/30/2022,BPT,TX,ASW,CE,Towers with Radar,0,5,7,0,12,0,0,6,0,6,0,5,13,0,18,0,0,0,18
05/01/2022,BPT,TX,ASW,CE,Towers with Radar,0,6,16,0,22,0,0,8,0,8,0,6,24,0,30,20,0,20,50
05/02/2022,BPT,TX,ASW,CE,Towers with Radar,0,5,16,3,24,0,0,7,5,12,0,5,23,8,36,30,2,32,68
05/03/2022,BPT,TX,ASW,CE,Towers with Radar,0,7,18,2,27,0,1,7,0,8,0,8,25,2,35,10,0,10,45
05/04/2022,BPT,TX,ASW,CE,Towers with Radar,0,5,38,3,46,0,0,7,0,7,0,5,45,3,53,0,0,0,53
05/05/2022,BPT,TX,ASW,CE,Towers with Radar,0,4,18,3,25,0,0,1,0,1,0,4,19,3,26,0,0,0,26
05/06/2022,BPT,TX,ASW,CE,Towers with Radar,0,3,14,3,20,0,0,31,2,33,0,3,45,5,53,22,0,22,75
05/07/2022,BPT,TX,ASW,CE,Towers with Radar,0,4,9,0,13,0,0,19,0,19,0,4,28,0,32,10,0,10,42
05/08/2022,BPT,TX,ASW,CE,Towers with Radar,0,4,14,0,18,0,0,25,2,27,0,4,39,2,45,45,2,47,92
05/09/2022,BPT,TX,ASW,CE,Towers with Radar,0,3,18,0,21,0,0,7,1,8,0,3,25,1,29,2,0,2,31
05/10/2022,BPT,TX,ASW,CE,Towers with Radar,0,4,16,8,28,0,0,21,2,23,0,4,37,10,51,0,0,0,51
05/11/2022,BPT,TX,ASW,CE,Towers with Radar,0,8,26,4,38,0,1,22,0,23,0,9,48,4,61,10,0,10,71
05/12/2022,BPT,TX,ASW,CE,Towers with Radar,0,8,24,0,32,0,4,37,2,43,0,12,61,2,75,22,0,22,97
05/13/2022,BPT,TX,ASW,CE,Towers with Radar,0,5,13,0,18,0,0,13,0,13,0,5,26,0,31,4,0,4,35
05/14/2022,BPT,TX,ASW,CE,Towers with Radar,0,7,8,0,15,0,0,25,0,25,0,7,33,0,40,0,0,0,40
05/15/2022,BPT,TX,ASW,CE,Towers with Radar,0,7,8,2,17,0,0,19,0,19,0,7,27,2,36,20,0,20,56
05/16/2022,BPT,TX,ASW,CE,Towers with Radar,0,3,18,0,21,0,0,15,0,15,0,3,33,0,36,0,0,0,36
05/17/2022,BPT,TX,ASW,CE,Towers with Radar,0,5,20,2,27,0,2,10,2,14,0,7,30,4,41,0,0,0,41
05/18/2022,BPT,TX,ASW,CE,Towers with Radar,0,7,8,0,15,0,0,20,2,22,0,7,28,2,37,8,0,8,45
05/19/2022,BPT,TX,ASW,CE,Towers with Radar,0,3,21,0,24,0,0,16,0,16,0,3,37,0,40,0,0,0,40
05/20/2022,BPT,TX,ASW,CE,Towers with Radar,0,3,22,2,27,0,0,16,0,16,0,3,38,2,43,0,0,0,43
05/21/2022,BPT,TX,ASW,CE,Towers with Radar,0,3,13,0,16,0,0,7,0,7,0,3,20,0,23,4,0,4,27
05/22/2022,BPT,TX,ASW,CE,Towers with Radar,0,5,7,0,12,0,0,2,0,2,0,5,9,0,14,0,0,0,14
05/23/2022,BPT,TX,ASW,CE,Towers with Radar,0,3,16,4,23,0,0,0,0,0,0,3,16,4,23,6,0,6,29
05/24/2022,BPT,TX,ASW,CE,Towers with Radar,0,4,4,2,10,0,0,0,0,0,0,4,4,2,10,0,0,0,10
05/25/2022,BPT,TX,ASW,CE,Towers with Radar,0,3,9,2,14,0,0,4,0,4,0,3,13,2,18,4,0,4,22
05/26/2022,BPT,TX,ASW,CE,Towers with Radar,0,6,13,4,23,0,0,29,2,31,0,6,42,6,54,20,0,20,74
05/27/2022,BPT,TX,ASW,CE,Towers with Radar,0,3,14,0,17,0,0,18,0,18,0,3,32,0,35,0,0,0,35
05/28/2022,BPT,TX,ASW,CE,Towers with Radar,0,3,3,0,6,0,0,14,0,14,0,3,17,0,20,18,0,18,38
05/29/2022,BPT,TX,ASW,CE,Towers with Radar,0,3,2,0,5,0,0,9,0,9,0,3,11,0,14,0,0,0,14
05/30/2022,BPT,TX,ASW,CE,Towers with Radar,0,5,15,0,20,0,1,7,0,8,0,6,22,0,28,0,0,0,28
05/31/2022,BPT,TX,ASW,CE,Towers with Radar,0,3,7,9,19,0,0,10,0,10,0,3,17,9,29,0,0,0,29
06/01/2022,BPT,TX,ASW,CE,Towers with Radar,0,3,10,0,13,0,0,13,2,15,0,3,23,2,28,4,0,4,32
06/02/2022,BPT,TX,ASW,CE,Towers with Radar,0,4,23,0,27,0,0,8,2,10,0,4,31,2,37,0,0,0,37
06/03/2022,BPT,TX,ASW,CE,Towers with Radar,0,3,9,5,17,0,0,8,2,10,0,3,17,7,27,14,0,14,41
06/04/2022,BPT,TX,ASW,CE,Towers with Radar,0,5,13,0,18,0,0,17,0,17,0,5,30,0,35,0,0,0,35
06/05/2022,BPT,TX,ASW,CE,Towers with Radar,0,3,12,0,15,0,0,6,0,6,0,3,18,0,21,0,0,0,21
06/06/2022,BPT,TX,ASW,CE,Towers with Radar,0,5,12,0,17,0,1,10,4,15,0,6,22,4,32,0,0,0,32
06/07/2022,BPT,TX,ASW,CE,Towers with Radar,0,3,12,13,28,0,0,23,2,25,0,3,35,15,53,26,0,26,79
06/08/2022,BPT,TX,ASW,CE,Towers with Radar,0,6,31,2,39,0,0,14,4,18,0,6,45,6,57,26,0,26,83
06/09/2022,BPT,TX,ASW,CE,Towers with Radar,0,4,18,4,26,0,0,19,2,21,0,4,37,6,47,42,0,42,89
06/10/2022,BPT,TX,ASW,CE,Towers with Radar,0,4,24,2,30,0,0,18,0,18,0,4,42,2,48,16,0,16,64
06/11/2022,BPT,TX,ASW,CE,Towers with Radar,0,5,5,0,10,0,0,16,0,16,0,5,21,0,26,0,0,0,26
06/12/2022,BPT,TX,ASW,CE,Towers with Radar,0,7,23,0,30,0,0,16,0,16,0,7,39,0,46,0,0,0,46
06/13/2022,BPT,TX,ASW,CE,Towers with Radar,0,3,8,0,11,0,0,7,2,9,0,3,15,2,20,0,0,0,20
06/14/2022,BPT,TX,ASW,CE,Towers with Radar,0,4,33,0,37,0,4,9,0,13,0,8,42,0,50,0,0,0,50
06/15/2022,BPT,TX,ASW,CE,Towers with Radar,0,3,19,0,22,0,0,27,0,27,0,3,46,0,49,22,0,22,71
06/16/2022,BPT,TX,ASW,CE,Towers with Radar,0,5,18,2,25,0,0,11,2,13,0,5,29,4,38,8,0,8,46
06/17/2022,BPT,TX,ASW,CE,Towers with Radar,0,5,17,2,24,0,2,10,0,12,0,7,27,2,36,0,0,0,36
06/18/2022,BPT,TX,ASW,CE,Towers with Radar,0,8,4,0,12,0,1,20,0,21,0,9,24,0,33,0,0,0,33
06/19/2022,BPT,TX,ASW,CE,Towers with Radar,0,4,7,0,11,0,0,7,0,7,0,4,14,0,18,0,0,0,18
06/20/2022,BPT,TX,ASW,CE,Towers with Radar,0,3,9,0,12,0,1,20,2,23,0,4,29,2,35,22,0,22,57
06/21/2022,BPT,TX,ASW,CE,Towers with Radar,0,5,9,2,16,0,0,15,0,15,0,5,24,2,31,84,0,84,115
06/22/2022,BPT,TX,ASW,CE,Towers with Radar,0,7,14,2,23,0,0,33,0,33,0,7,47,2,56,44,0,44,100
06/23/2022,BPT,TX,ASW,CE,Towers with Radar,0,4,8,7,19,0,0,31,3,34,0,4,39,10,53,36,0,36,89
06/24/2022,BPT,TX,ASW,CE,Towers with Radar,0,3,15,0,18,0,0,33,0,33,0,3,48,0,51,0,0,0,51
06/25/2022,BPT,TX,ASW,CE,Towers with Radar,0,3,4,0,7,0,0,15,0,15,0,3,19,0,22,0,0,0,22
06/26/2022,BPT,TX,ASW,CE,Towers with Radar,0,5,7,0,12,0,1,12,0,13,0,6,19,0,25,0,0,0,25
06/27/2022,BPT,TX,ASW,CE,Towers with Radar,0,4,5,0,9,0,0,6,0,6,0,4,11,0,15,30,0,30,45
06/28/2022,BPT,TX,ASW,CE,Towers with Radar,0,3,12,0,15,0,2,20,2,24,0,5,32,2,39,40,0,40,79
06/29/2022,BPT,TX,ASW,CE,Towers with Radar,0,3,17,2,22,0,2,19,0,21,0,5,36,2,43,26,0,26,69
06/30/2022,BPT,TX,ASW,CE,Towers with Radar,0,3,9,0,12,0,0,0,0,0,0,3,9,0,12,0,0,0,12
07/01/2022,BPT,TX,ASW,CE,Towers with Radar,0,3,12,0,15,0,0,4,0,4,0,3,16,0,19,0,0,0,19
07/02/2022,BPT,TX,ASW,CE,Towers with Radar,0,3,7,0,10,0,1,1,0,2,0,4,8,0,12,36,0,36,48
07/03/2022,BPT,TX,ASW,CE,Towers with Radar,0,5,5,0,10,42,0,15,0,57,42,5,20,0,67,0,0,0,67
07/04/2022,BPT,TX,ASW,CE,Towers with Radar,0,3,8,0,11,0,0,13,0,13,0,3,21,0,24,6,0,6,30
07/05/2022,BPT,TX,ASW,CE,Towers with Radar,0,4,18,0,22,0,0,19,2,21,0,4,37,2,43,0,0,0,43
07/06/2022,BPT,TX,ASW,CE,Towers with Radar,0,6,15,2,23,0,0,11,5,16,0,6,26,7,39,6,0,6,45
07/07/2022,BPT,TX,ASW,CE,Towers with Radar,0,3,12,2,17,0,0,14,17,31,0,3,26,19,48,24,0,24,72
07/08/2022,BPT,TX,ASW,CE,Towers with Radar,0,5,21,0,26,0,1,29,5,35,0,6,50,5,61,54,0,54,115
07/09/2022,BPT,TX,ASW,CE,Towers with Radar,0,3,6,7,16,0,0,31,2,33,0,3,37,9,49,35,0,35,84
07/10/2022,BPT,TX,ASW,CE,Towers with Radar,0,7,14,0,21,0,0,6,10,16,0,7,20,10,37,2,0,2,39
07/11/2022,BPT,TX,ASW,CE,Towers with Radar,0,3,14,0,17,0,0,11,3,14,0,3,25,3,31,52,0,52,83
07/12/2022,BPT,TX,ASW,CE,Towers with Radar,0,5,22,0,27,0,0,22,6,28,0,5,44,6,55,0,0,0,55
07/13/2022,BPT,TX,ASW,CE,Towers with Radar,0,3,4,2,9,0,0,23,2,25,0,3,27,4,34,24,0,24,58
07/14/2022,BPT,TX,ASW,CE,Towers with Radar,0,7,19,5,31,0,0,11,1,12,0,7,30,6,43,0,0,0,43
07/15/2022,BPT,TX,ASW,CE,Towers with Radar,0,5,10,4,19,0,1,3,0,4,0,6,13,4,23,16,0,16,39
07/16/2022,BPT,TX,ASW,CE,Towers with Radar,0,5,17,0,22,0,0,14,0,14,0,5,31,0,36,6,0,6,42
07/17/2022,BPT,TX,ASW,CE,Towers with Radar,0,4,8,0,12,14,1,13,0,28,14,5,21,0,40,0,0,0,40
07/18/2022,BPT,TX,ASW,CE,Towers with Radar,0,3,8,0,11,0,2,8,0,10,0,5,16,0,21,2,0,2,23
07/19/2022,BPT,TX,ASW,CE,Towers with Radar,0,3,20,0,23,0,0,9,0,9,0,3,29,0,32,0,0,0,32
07/20/2022,BPT,TX,ASW,CE,Towers with Radar,0,5,16,0,21,0,0,6,1,7,0,5,22,1,28,0,0,0,28
07/21/2022,BPT,TX,ASW,CE,Towers with Radar,0,3,9,0,12,0,0,11,2,13,0,3,20,2,25,8,0,8,33
07/22/2022,BPT,TX,ASW,CE,Towers with Radar,0,3,8,2,13,0,0,4,0,4,0,3,12,2,17,0,0,0,17
07/23/2022,BPT,TX,ASW,CE,Towers with Radar,0,3,10,0,13,0,1,9,0,10,0,4,19,0,23,2,0,2,25
07/24/2022,BPT,TX,ASW,CE,Towers with Radar,0,6,6,0,12,0,0,8,0,8,0,6,14,0,20,0,0,0,20
07/25/2022,BPT,TX,ASW,CE,Towers with Radar,0,4,6,3,13,0,0,9,0,9,0,4,15,3,22,30,0,30,52
07/26/2022,BPT,TX,ASW,CE,Towers with Radar,0,3,13,1,17,0,0,6,0,6,0,3,19,1,23,0,0,0,23
07/27/2022,BPT,TX,ASW,CE,Towers with Radar,0,3,8,2,13,0,1,12,0,13,0,4,20,2,26,30,0,30,56
07/28/2022,BPT,TX,ASW,CE,Towers with Radar,0,3,12,4,19,0,0,7,2,9,0,3,19,6,28,0,0,0,28
07/29/2022,BPT,TX,ASW,CE,Towers with Radar,0,7,14,0,21,0,2,17,2,21,0,9,31,2,42,14,0,14,56
07/30/2022,BPT,TX,ASW,CE,Towers with Radar,0,3,3,0,6,0,0,4,0,4,0,3,7,0,10,4,0,4,14
07/31/2022,BPT,TX,ASW,CE,Towers with Radar,0,4,17,0,21,0,1,10,0,11,0,5,27,0,32,2,0,2,34
08/01/2022,BPT,TX,ASW,CE,Towers with Radar,0,3,10,1,14,0,0,17,0,17,0,3,27,1,31,14,0,14,45
08/02/2022,BPT,TX,ASW,CE,Towers with Radar,0,3,19,0,22,0,0,17,0,17,0,3,36,0,39,18,0,18,57
08/03/2022,BPT,TX,ASW,CE,Towers with Radar,0,3,14,0,17,0,1,14,0,15,0,4,28,0,32,16,0,16,48
08/04/2022,BPT,TX,ASW,CE,Towers with Radar,0,5,18,2,25,0,0,15,0,15,0,5,33,2,40,18,0,18,58
08/05/2022,BPT,TX,ASW,CE,Towers with Radar,0,4,11,2,17,0,0,4,0,4,0,4,15,2,21,0,0,0,21
08/06/2022,BPT,TX,ASW,CE,Towers with Radar,0,6,4,0,10,0,0,4,0,4,0,6,8,0,14,0,0,0,14
08/07/2022,BPT,TX,ASW,CE,Towers with Radar,0,5,8,0,13,0,0,10,0,10,0,5,18,0,23,10,0,10,33
08/08/2022,BPT,TX,ASW,CE,Towers with Radar,0,3,10,0,13,0,0,13,0,13,0,3,23,0,26,16,0,16,42
08/09/2022,BPT,TX,ASW,CE,Towers with Radar,0,3,10,6,19,0,0,6,0,6,0,3,16,6,25,8,0,8,33
08/10/2022,BPT,TX,ASW,CE,Towers with Radar,0,3,7,0,10,0,0,6,0,6,0,3,13,0,16,0,0,0,16
08/11/2022,BPT,TX,ASW,CE,Towers with Radar,0,4,14,0,18,0,0,12,0,12,0,4,26,0,30,6,0,6,36
08/12/2022,BPT,TX,ASW,CE,Towers with Radar,0,5,20,0,25,0,0,16,2,18,0,5,36,2,43,22,0,22,65
08/13/2022,BPT,TX,ASW,CE,Towers with Radar,0,3,8,2,13,0,1,7,0,8,0,4,15,2,21,0,0,0,21
08/14/2022,BPT,TX,ASW,CE,Towers with Radar,0,4,11,2,17,0,0,16,0,16,0,4,27,2,33,6,0,6,39
08/15/2022,BPT,TX,ASW,CE,Towers with Radar,0,3,18,0,21,0,0,24,0,24,0,3,42,0,45,34,0,34,79
08/16/2022,BPT,TX,ASW,CE,Towers with Radar,0,5,27,10,42,0,0,16,1,17,0,5,43,11,59,24,0,24,83
08/17/2022,BPT,TX,ASW,CE,Towers with Radar,0,7,12,12,31,0,0,25,0,25,0,7,37,12,56,14,0,14,70
08/18/2022,BPT,TX,ASW,CE,Towers with Radar,0,2,11,4,17,0,0,6,0,6,0,2,17,4,23,2,0,2,25
08/19/2022,BPT,TX,ASW,CE,Towers with Radar,0,3,8,0,11,0,0,9,0,9,0,3,17,0,20,0,0,0,20
08/20/2022,BPT,TX,ASW,CE,Towers with Radar,0,5,3,0,8,0,0,3,1,4,0,5,6,1,12,0,0,0,12
08/21/2022,BPT,TX,ASW,CE,Towers with Radar,0,4,15,0,19,0,0,17,0,17,0,4,32,0,36,30,0,30,66
08/22/2022,BPT,TX,ASW,CE,Towers with Radar,0,3,8,0,11,0,0,13,0,13,0,3,21,0,24,32,0,32,56
08/23/2022,BPT,TX,ASW,CE,Towers with Radar,0,8,2,2,12,0,0,10,0,10,0,8,12,2,22,22,0,22,44
08/24/2022,BPT,TX,ASW,CE,Towers with Radar,0,5,13,2,20,0,0,1,0,1,0,5,14,2,21,0,0,0,21
08/25/2022,BPT,TX,ASW,CE,Towers with Radar,0,4,13,2,19,0,0,7,0,7,0,4,20,2,26,16,0,16,42
08/26/2022,BPT,TX,ASW,CE,Towers with Radar,0,4,15,4,23,0,0,18,0,18,0,4,33,4,41,14,0,14,55
08/27/2022,BPT,TX,ASW,CE,Towers with Radar,0,3,4,0,7,0,0,24,0,24,0,3,28,0,31,0,0,0,31
08/28/2022,BPT,TX,ASW,CE,Towers with Radar,0,5,14,0,19,0,0,19,0,19,0,5,33,0,38,0,0,0,38
08/29/2022,BPT,TX,ASW,CE,Towers with Radar,0,3,15,0,18,0,0,4,0,4,0,3,19,0,22,0,0,0,22
08/30/2022,BPT,TX,ASW,CE,Towers with Radar,0,11,17,0,28,0,0,19,0,19,0,11,36,0,47,8,0,8,55
08/31/2022,BPT,TX,ASW,CE,Towers with Radar,0,3,15,2,20,0,0,21,2,23,0,3,36,4,43,6,0,6,49
09/01/2022,BPT,TX,ASW,CE,Towers with Radar,0,4,23,2,29,0,0,17,3,20,0,4,40,5,49,6,0,6,55
09/02/2022,BPT,TX,ASW,CE,Towers with Radar,0,5,19,2,26,0,0,8,0,8,0,5,27,2,34,12,0,12,46
09/03/2022,BPT,TX,ASW,CE,Towers with Radar,0,3,4,0,7,0,0,27,0,27,0,3,31,0,34,0,0,0,34
09/04/2022,BPT,TX,ASW,CE,Towers with Radar,0,3,4,0,7,0,0,2,0,2,0,3,6,0,9,0,0,0,9
09/05/2022,BPT,TX,ASW,CE,Towers with Radar,0,5,19,0,24,0,0,9,0,9,0,5,28,0,33,0,0,0,33
09/06/2022,BPT,TX,ASW,CE,Towers with Radar,0,6,12,0,18,0,0,15,0,15,0,6,27,0,33,12,0,12,45
09/07/2022,BPT,TX,ASW,CE,Towers with Radar,0,4,13,0,17,0,0,21,0,21,0,4,34,0,38,6,0,6,44
09/08/2022,BPT,TX,ASW,CE,Towers with Radar,0,5,12,0,17,0,1,28,0,29,0,6,40,0,46,16,0,16,62
09/09/2022,BPT,TX,ASW,CE,Towers with Radar,0,8,18,1,27,0,0,35,1,36,0,8,53,2,63,0,0,0,63
09/10/2022,BPT,TX,ASW,CE,Towers with Radar,0,4,14,0,18,0,0,42,0,42,0,4,56,0,60,0,0,0,60
09/11/2022,BPT,TX,ASW,CE,Towers with Radar,0,3,11,0,14,0,0,3,0,3,0,3,14,0,17,0,0,0,17
09/12/2022,BPT,TX,ASW,CE,Towers with Radar,0,5,8,0,13,0,0,15,3,18,0,5,23,3,31,26,0,26,57
09/13/2022,BPT,TX,ASW,CE,Towers with Radar,0,3,9,7,19,0,0,16,2,18,0,3,25,9,37,16,0,16,53
09/14/2022,BPT,TX,ASW,CE,Towers with Radar,0,3,12,2,17,0,0,29,3,32,0,3,41,5,49,10,0,10,59
09/15/2022,BPT,TX,ASW,CE,Towers with Radar,0,5,13,0,18,0,0,30,2,32,0,5,43,2,50,0,0,0,50
09/16/2022,BPT,TX,ASW,CE,Towers with Radar,1,5,16,0,22,0,0,7,0,7,1,5,23,0,29,18,0,18,47
09/17/2022,BPT,TX,ASW,CE,Towers with Radar,0,5,8,0,13,0,3,40,0,43,0,8,48,0,56,0,0,0,56
09/18/2022,BPT,TX,ASW,CE,Towers with Radar,0,3,12,0,15,0,0,4,0,4,0,3,16,0,19,2,0,2,21
09/19/2022,BPT,TX,ASW,CE,Towers with Radar,0,3,13,2,18,0,1,15,0,16,0,4,28,2,34,12,0,12,46
09/20/2022,BPT,TX,ASW,CE,Towers with Radar,0,3,15,0,18,0,2,10,2,14,0,5,25,2,32,14,0,14,46
09/21/2022,BPT,TX,ASW,CE,Towers with Radar,0,7,20,0,27,0,0,17,4,21,0,7,37,4,48,25,0,25,73
09/22/2022,BPT,TX,ASW,CE,Towers with Radar,0,6,17,2,25,0,0,23,2,25,0,6,40,4,50,15,0,15,65
09/23/2022,BPT,TX,ASW,CE,Towers with Radar,0,5,9,6,20,0,1,30,0,31,0,6,39,6,51,14,6,20,71
09/24/2022,BPT,TX,ASW,CE,Towers with Radar,0,3,9,2,14,0,1,14,0,15,0,4,23,2,29,0,0,0,29
09/25/2022,BPT,TX,ASW,CE,Towers with Radar,0,6,4,0,10,0,0,10,0,10,0,6,14,0,20,0,0,0,20
09/26/2022,BPT,TX,ASW,CE,Towers with Radar,0,3,19,2,24,0,0,12,0,12,0,3,31,2,36,24,0,24,60
09/27/2022,BPT,TX,ASW,CE,Towers with Radar,0,4,10,3,17,0,1,13,3,17,0,5,23,6,34,6,0,6,40
09/28/2022,BPT,TX,ASW,CE,Towers with Radar,0,6,11,2,19,0,0,18,0,18,0,6,29,2,37,8,0,8,45
09/29/2022,BPT,TX,ASW,CE,Towers with Radar,0,4,20,0,24,0,1,28,0,29,0,5,48,0,53,26,0,26,79
09/30/2022,BPT,TX,ASW,CE,Towers with Radar,0,3,15,2,20,0,0,37,0,37,0,3,52,2,57,24,0,24,81
10/01/2022,BPT,TX,ASW,CE,Towers with Radar,0,3,11,2,16,0,0,50,0,50,0,3,61,2,66,0,0,0,66
10/02/2022,BPT,TX,ASW,CE,Towers with Radar,0,5,13,0,18,0,0,16,0,16,0,5,29,0,34,0,0,0,34
10/03/2022,BPT,TX,ASW,CE,Towers with Radar,0,4,8,0,12,0,0,17,6,23,0,4,25,6,35,20,0,20,55
10/04/2022,BPT,TX,ASW,CE,Towers with Radar,0,4,15,3,22,0,0,30,1,31,0,4,45,4,53,30,0,30,83
10/05/2022,BPT,TX,ASW,CE,Towers with Radar,0,7,14,0,21,0,0,21,0,21,0,7,35,0,42,20,0,20,62
10/06/2022,BPT,TX,ASW,CE,Towers with Radar,0,10,21,0,31,0,1,21,4,26,0,11,42,4,57,18,0,18,75
10/07/2022,BPT,TX,ASW,CE,Towers with Radar,0,3,7,0,10,0,0,24,0,24,0,3,31,0,34,2,0,2,36
10/08/2022,BPT,TX,ASW,CE,Towers with Radar,0,3,9,0,12,0,0,15,0,15,0,3,24,0,27,0,0,0,27
10/09/2022,BPT,TX,ASW,CE,Towers with Radar,0,5,13,0,18,0,0,13,0,13,0,5,26,0,31,2,0,2,33
10/10/2022,BPT,TX,ASW,CE,Towers with Radar,0,3,12,0,15,0,0,22,0,22,0,3,34,0,37,30,0,30,67
10/11/2022,BPT,TX,ASW,CE,Towers with Radar,0,3,12,4,19,0,0,13,10,23,0,3,25,14,42,0,0,0,42
10/12/2022,BPT,TX,ASW,CE,Towers with Radar,0,3,18,1,22,0,0,6,2,8,0,3,24,3,30,8,0,8,38
10/13/2022,BPT,TX,ASW,CE,Towers with Radar,0,5,16,4,25,0,0,21,2,23,0,5,37,6,48,44,0,44,92
10/14/2022,BPT,TX,ASW,CE,Towers with Radar,0,8,21,2,31,0,0,23,0,23,0,8,44,2,54,40,0,40,94
10/15/2022,BPT,TX,ASW,CE,Towers with Radar,0,6,11,0,17,0,0,24,0,24,0,6,35,0,41,30,0,30,71
10/16/2022,BPT,TX,ASW,CE,Towers with Radar,0,5,16,0,21,0,0,10,1,11,0,5,26,1,32,10,0,10,42
10/17/2022,BPT,TX,ASW,CE,Towers with Radar,0,5,21,0,26,0,0,7,0,7,0,5,28,0,33,0,0,0,33
10/18/2022,BPT,TX,ASW,CE,Towers with Radar,0,3,12,0,15,0,0,28,1,29,0,3,40,1,44,30,0,30,74
10/19/2022,BPT,TX,ASW,CE,Towers with Radar,0,5,10,0,15,0,1,35,2,38,0,6,45,2,53,92,0,92,145
10/20/2022,BPT,TX,ASW,CE,Towers with Radar,0,6,15,2,23,0,0,24,0,24,0,6,39,2,47,68,0,68,115
10/21/2022,BPT,TX,ASW,CE,Towers with Radar,0,3,14,0,17,0,1,10,0,11,0,4,24,0,28,22,0,22,50
10/22/2022,BPT,TX,ASW,CE,Towers with Radar,0,3,7,0,10,0,2,16,4,22,0,5,23,4,32,10,0,10,42
10/23/2022,BPT,TX,ASW,CE,Towers with Radar,0,5,13,2,20,0,0,6,0,6,0,5,19,2,26,0,0,0,26
10/24/2022,BPT,TX,ASW,CE,Towers with Radar,0,6,10,4,20,0,0,3,0,3,0,6,13,4,23,8,0,8,31
10/25/2022,BPT,TX,ASW,CE,Towers with Radar,0,4,23,0,27,0,0,9,2,11,0,4,32,2,38,0,0,0,38
10/26/2022,BPT,TX,ASW,CE,Towers with Radar,0,6,24,0,30,0,0,33,0,33,0,6,57,0,63,38,0,38,101
10/27/2022,BPT,TX,ASW,CE,Towers with Radar,0,3,13,2,18,0,0,31,0,31,0,3,44,2,49,96,0,96,145
10/28/2022,BPT,TX,ASW,CE,Towers with Radar,0,3,9,0,12,0,0,1,0,1,0,3,10,0,13,18,0,18,31
10/29/2022,BPT,TX,ASW,CE,Towers with Radar,0,2,22,0,24,0,0,4,0,4,0,2,26,0,28,0,0,0,28
10/30/2022,BPT,TX,ASW,CE,Towers with Radar,0,3,19,1,23,0,0,16,0,16,0,3,35,1,39,18,0,18,57
10/31/2022,BPT,TX,ASW,CE,Towers with Radar,0,3,17,0,20,0,0,6,0,6,0,3,23,0,26,0,0,0,26
11/01/2022,BPT,TX,ASW,CE,Towers with Radar,0,3,13,0,16,0,0,2,0,2,0,3,15,0,18,16,0,16,34
11/02/2022,BPT,TX,ASW,CE,Towers with Radar,0,4,22,6,32,0,2,21,3,26,0,6,43,9,58,18,0,18,76
11/03/2022,BPT,TX,ASW,CE,Towers with Radar,2,1,12,0,15,0,0,13,6,19,2,1,25,6,34,32,0,32,66
11/04/2022,BPT,TX,ASW,CE,Towers with Radar,3,0,18,7,28,0,0,1,0,1,3,0,19,7,29,0,0,0,29
11/05/2022,BPT,TX,ASW,CE,Towers with Radar,4,0,7,0,11,0,0,39,0,39,4,0,46,0,50,18,0,18,68
11/06/2022,BPT,TX,ASW,CE,Towers with Radar,3,0,12,0,15,0,0,6,4,10,3,0,18,4,25,0,0,0,25
11/07/2022,BPT,TX,ASW,CE,Towers with Radar,3,2,8,2,15,0,1,15,4,20,3,3,23,6,35,6,0,6,41
11/08/2022,BPT,TX,ASW,CE,Towers with Radar,4,0,8,2,14,0,0,21,2,23,4,0,29,4,37,30,0,30,67
11/09/2022,BPT,TX,ASW,CE,Towers with Radar,3,2,10,2,17,0,0,31,0,31,3,2,41,2,48,16,0,16,64
11/10/2022,BPT,TX,ASW,CE,Towers with Radar,4,2,12,2,20,0,0,25,6,31,4,2,37,8,51,20,0,20,71
11/11/2022,BPT,TX,ASW,CE,Towers with Radar,3,3,5,0,11,0,0,7,0,7,3,3,12,0,18,0,0,0,18
11/12/2022,BPT,TX,ASW,CE,Towers with Radar,3,0,8,0,11,0,0,8,0,8,3,0,16,0,19,0,0,0,19
11/13/2022,BPT,TX,ASW,CE,Towers with Radar,4,3,10,0,17,0,0,25,0,25,4,3,35,0,42,0,0,0,42
11/14/2022,BPT,TX,ASW,CE,Towers with Radar,3,1,6,0,10,0,0,2,0,2,3,1,8,0,12,0,0,0,12
11/15/2022,BPT,TX,ASW,CE,Towers with Radar,3,0,9,0,12,0,0,12,0,12,3,0,21,0,24,16,0,16,40
11/16/2022,BPT,TX,ASW,CE,Towers with Radar,3,2,18,2,25,0,0,24,1,25,3,2,42,3,50,36,0,36,86
11/17/2022,BPT,TX,ASW,CE,Towers with Radar,3,4,20,0,27,0,2,32,0,34,3,6,52,0,61,74,0,74,135
11/18/2022,BPT,TX,ASW,CE,Towers with Radar,3,2,12,3,20,0,0,21,4,25,3,2,33,7,45,44,0,44,89
11/19/2022,BPT,TX,ASW,CE,Towers with Radar,4,0,10,0,14,0,0,1,0,1,4,0,11,0,15,0,0,0,15
11/20/2022,BPT,TX,ASW,CE,Towers with Radar,3,2,12,0,17,0,1,10,0,11,3,3,22,0,28,0,0,0,28
11/21/2022,BPT,TX,ASW,CE,Towers with Radar,3,6,13,0,22,0,0,2,0,2,3,6,15,0,24,4,0,4,28
11/22/2022,BPT,TX,ASW,CE,Towers with Radar,3,0,13,4,20,0,0,13,2,15,3,0,26,6,35,42,0,42,77
11/23/2022,BPT,TX,ASW,CE,Towers with Radar,3,2,13,0,18,0,4,22,0,26,3,6,35,0,44,26,0,26,70
11/24/2022,BPT,TX,ASW,CE,Towers with Radar,2,0,0,0,2,0,0,0,0,0,2,0,0,0,2,0,0,0,2
11/25/2022,BPT,TX,ASW,CE,Towers with Radar,3,0,9,0,12,0,0,0,0,0,3,0,9,0,12,0,0,0,12
11/26/2022,BPT,TX,ASW,CE,Towers with Radar,3,4,4,0,11,0,0,0,0,0,3,4,4,0,11,0,0,0,11
11/27/2022,BPT,TX,ASW,CE,Towers with Radar,3,0,15,0,18,0,0,15,0,15,3,0,30,0,33,0,0,0,33
11/28/2022,BPT,TX,ASW,CE,Towers with Radar,3,0,20,4,27,0,1,39,1,41,3,1,59,5,68,86,0,86,154
11/29/2022,BPT,TX,ASW,CE,Towers with Radar,3,6,10,0,19,0,0,0,0,0,3,6,10,0,19,22,0,22,41
11/30/2022,BPT,TX,ASW,CE,Towers with Radar,3,0,11,0,14,0,0,6,0,6,3,0,17,0,20,96,0,96,116
12/01/2022,BPT,TX,ASW,CE,Towers with Radar,3,3,11,2,19,0,0,35,0,35,3,3,46,2,54,32,0,32,86
12/02/2022,BPT,TX,ASW,CE,Towers with Radar,3,0,26,2,31,0,0,8,2,10,3,0,34,4,41,0,0,0,41
12/03/2022,BPT,TX,ASW,CE,Towers with Radar,2,1,5,0,8,0,0,17,0,17,2,1,22,0,25,0,0,0,25
12/04/2022,BPT,TX,ASW,CE,Towers with Radar,3,0,20,0,23,0,0,2,0,2,3,0,22,0,25,0,0,0,25
12/05/2022,BPT,TX,ASW,CE,Towers with Radar,3,0,13,0,16,0,0,5,0,5,3,0,18,0,21,16,0,16,37
12/06/2022,BPT,TX,ASW,CE,Towers with Radar,3,0,15,8,26,0,0,15,8,23,3,0,30,16,49,2,0,2,51
12/07/2022,BPT,TX,ASW,CE,Towers with Radar,3,2,19,4,28,0,0,16,10,26,3,2,35,14,54,0,0,0,54
12/08/2022,BPT,TX,ASW,CE,Towers with Radar,2,0,22,1,25,0,0,11,6,17,2,0,33,7,42,4,0,4,46
12/09/2022,BPT,TX,ASW,CE,Towers with Radar,2,0,14,2,18,0,0,9,1,10,2,0,23,3,28,32,0,32,60
12/10/2022,BPT,TX,ASW,CE,Towers with Radar,2,5,11,0,18,0,0,6,0,6,2,5,17,0,24,14,0,14,38
12/11/2022,BPT,TX,ASW,CE,Towers with Radar,3,8,11,0,22,0,0,3,0,3,3,8,14,0,25,4,0,4,29
12/12/2022,BPT,TX,ASW,CE,Towers with Radar,3,6,7,4,20,0,0,0,0,0,3,6,7,4,20,0,0,0,20
12/13/2022,BPT,TX,ASW,CE,Towers with Radar,3,4,11,2,20,0,0,1,2,3,3,4,12,4,23,0,0,0,23
12/14/2022,BPT,TX,ASW,CE,Towers with Radar,3,3,13,2,21,0,1,18,0,19,3,4,31,2,40,4,0,4,44
12/15/2022,BPT,TX,ASW,CE,Towers with Radar,3,2,27,2,34,0,1,37,2,40,3,3,64,4,74,54,0,54,128
12/16/2022,BPT,TX,ASW,CE,Towers with Radar,3,5,24,6,38,0,2,20,2,24,3,7,44,8,62,10,0,10,72
12/17/2022,BPT,TX,ASW,CE,Towers with Radar,3,0,11,0,14,0,0,24,0,24,3,0,35,0,38,0,0,0,38
12/18/2022,BPT,TX,ASW,CE,Towers with Radar,3,4,16,0,23,0,0,27,0,27,3,4,43,0,50,0,0,0,50
12/19/2022,BPT,TX,ASW,CE,Towers with Radar,3,3,4,0,10,0,0,0,0,0,3,3,4,0,10,0,0,0,10
12/20/2022,BPT,TX,ASW,CE,Towers with Radar,3,0,15,0,18,0,0,0,0,0,3,0,15,0,18,18,0,18,36
12/21/2022,BPT,TX,ASW,CE,Towers with Radar,3,2,16,4,25,0,0,1,0,1,3,2,17,4,26,0,0,0,26
12/22/2022,BPT,TX,ASW,CE,Towers with Radar,1,0,13,0,14,0,0,1,0,1,1,0,14,0,15,0,0,0,15
12/23/2022,BPT,TX,ASW,CE,Towers with Radar,3,2,9,0,14,0,0,12,0,12,3,2,21,0,26,2,0,2,28
12/24/2022,BPT,TX,ASW,CE,Towers with Radar,4,0,2,0,6,0,0,7,0,7,4,0,9,0,13,0,0,0,13
12/25/2022,BPT,TX,ASW,CE,Towers with Radar,4,1,3,0,8,0,0,3,0,3,4,1,6,0,11,0,0,0,11
12/26/2022,BPT,TX,ASW,CE,Towers with Radar,3,1,8,0,12,0,0,18,0,18,3,1,26,0,30,0,0,0,30
12/27/2022,BPT,TX,ASW,CE,Towers with Radar,3,0,10,0,13,0,0,28,0,28,3,0,38,0,41,0,0,0,41
12/28/2022,BPT,TX,ASW,CE,Towers with Radar,3,1,6,0,10,0,1,20,2,23,3,2,26,2,33,18,0,18,51
12/29/2022,BPT,TX,ASW,CE,Towers with Radar,3,0,5,0,8,0,0,2,0,2,3,0,7,0,10,0,0,0,10
12/30/2022,BPT,TX,ASW,CE,Towers with Radar,3,0,16,0,19,0,0,2,0,2,3,0,18,0,21,0,0,0,21
12/31/2022,BPT,TX,ASW,CE,Towers with Radar,5,1,7,0,13,0,0,29,0,29,5,1,36,0,42,0,0,0,42
01/01/2023,BPT,TX,ASW,CE,Towers with Radar,2,3,5,0,10,0,0,0,0,0,2,3,5,0,10,4,0,4,14
01/02/2023,BPT,TX,ASW,CE,Towers with Radar,3,2,17,0,22,0,0,1,0,1,3,2,18,0,23,0,0,0,23
01/03/2023,BPT,TX,ASW,CE,Towers with Radar,3,4,16,0,23,0,0,9,0,9,3,4,25,0,32,22,0,22,54
01/04/2023,BPT,TX,ASW,CE,Towers with Radar,3,0,6,4,13,0,0,36,4,40,3,0,42,8,53,34,0,34,87
01/05/2023,BPT,TX,ASW,CE,Towers with Radar,3,6,22,0,31,0,0,38,6,44,3,6,60,6,75,52,0,52,127
01/06/2023,BPT,TX,ASW,CE,Towers with Radar,3,3,16,0,22,0,0,37,0,37,3,3,53,0,59,32,0,32,91
01/07/2023,BPT,TX,ASW,CE,Towers with Radar,3,2,11,0,16,0,0,11,0,11,3,2,22,0,27,2,0,2,29
01/08/2023,BPT,TX,ASW,CE,Towers with Radar,3,6,12,0,21,0,0,5,2,7,3,6,17,2,28,2,0,2,30
01/09/2023,BPT,TX,ASW,CE,Towers with Radar,3,2,14,0,19,0,0,27,2,29,3,2,41,2,48,6,0,6,54
01/10/2023,BPT,TX,ASW,CE,Towers with Radar,3,3,24,4,34,0,0,17,0,17,3,3,41,4,51,4,0,4,55
01/11/2023,BPT,TX,ASW,CE,Towers with Radar,3,5,12,0,20,0,0,6,2,8,3,5,18,2,28,0,0,0,28
01/12/2023,BPT,TX,ASW,CE,Towers with Radar,3,3,15,2,23,0,0,21,0,21,3,3,36,2,44,2,0,2,46
01/13/2023,BPT,TX,ASW,CE,Towers with Radar,3,3,17,0,23,0,0,26,2,28,3,3,43,2,51,0,0,0,51
01/14/2023,BPT,TX,ASW,CE,Towers with Radar,3,2,14,0,19,0,0,46,0,46,3,2,60,0,65,16,0,16,81
01/15/2023,BPT,TX,ASW,CE,Towers with Radar,2,0,10,0,12,0,0,10,0,10,2,0,20,0,22,8,0,8,30
01/16/2023,BPT,TX,ASW,CE,Towers with Radar,3,3,34,0,40,0,0,9,0,9,3,3,43,0,49,0,0,0,49
01/17/2023,BPT,TX,ASW,CE,Towers with Radar,3,1,14,11,29,0,0,7,0,7,3,1,21,11,36,0,0,0,36
01/18/2023,BPT,TX,ASW,CE,Towers with Radar,2,2,21,0,25,0,0,2,0,2,2,2,23,0,27,0,0,0,27
01/19/2023,BPT,TX,ASW,CE,Towers with Radar,3,1,16,2,22,0,0,35,2,37,3,1,51,4,59,20,0,20,79
01/20/2023,BPT,TX,ASW,CE,Towers with Radar,3,3,22,9,37,0,0,22,4,26,3,3,44,13,63,30,0,30,93
01/21/2023,BPT,TX,ASW,CE,Towers with Radar,3,0,0,0,3,0,0,0,0,0,3,0,0,0,3,0,0,0,3
01/22/2023,BPT,TX,ASW,CE,Towers with Radar,3,0,6,0,9,0,0,81,0,81,3,0,87,0,90,0,0,0,90
01/23/2023,BPT,TX,ASW,CE,Towers with Radar,3,0,8,0,11,0,0,17,6,23,3,0,25,6,34,18,0,18,52
01/24/2023,BPT,TX,ASW,CE,Towers with Radar,3,0,5,0,8,0,0,0,1,1,3,0,5,1,9,0,0,0,9
01/25/2023,BPT,TX,ASW,CE,Towers with Radar,3,2,20,2,27,0,4,16,0,20,3,6,36,2,47,18,0,18,65
01/26/2023,BPT,TX,ASW,CE,Towers with Radar,3,6,19,5,33,0,0,21,2,23,3,6,40,7,56,16,0,16,72
01/27/2023,BPT,TX,ASW,CE,Towers with Radar,3,1,10,2,16,0,2,28,4,34,3,3,38,6,50,46,0,46,96
01/28/2023,BPT,TX,ASW,CE,Towers with Radar,3,2,5,0,10,0,0,10,0,10,3,2,15,0,20,6,0,6,26
01/29/2023,BPT,TX,ASW,CE,Towers with Radar,3,1,6,0,10,0,0,0,0,0,3,1,6,0,10,0,0,0,10
01/30/2023,BPT,TX,ASW,CE,Towers with Radar,4,0,13,0,17,0,0,0,0,0,4,0,13,0,17,0,0,0,17
01/31/2023,BPT,TX,ASW,CE,Towers with Radar,1,0,5,0,6,0,0,0,0,0,1,0,5,0,6,0,0,0,6
02/01/2023,BPT,TX,ASW,CE,Towers with Radar,3,0,1,0,4,0,0,0,0,0,3,0,1,0,4,0,0,0,4
02/02/2023,BPT,TX,ASW,CE,Towers with Radar,3,0,5,0,8,0,0,0,0,0,3,0,5,0,8,0,0,0,8
02/03/2023,BPT,TX,ASW,CE,Towers with Radar,3,0,9,0,12,0,2,28,0,30,3,2,37,0,42,14,0,14,56
02/04/2023,BPT,TX,ASW,CE,Towers with Radar,3,2,4,0,9,0,0,34,0,34,3,2,38,0,43,0,0,0,43
02/05/2023,BPT,TX,ASW,CE,Towers with Radar,3,0,6,1,10,0,0,16,1,17,3,0,22,2,27,0,0,0,27
02/06/2023,BPT,TX,ASW,CE,Towers with Radar,3,0,17,1,21,0,0,31,4,35,3,0,48,5,56,72,0,72,128
02/07/2023,BPT,TX,ASW,CE,Towers with Radar,3,0,19,10,32,0,0,22,5,27,3,0,41,15,59,0,0,0,59
02/08/2023,BPT,TX,ASW,CE,Towers with Radar,3,0,10,0,13,0,0,1,0,1,3,0,11,0,14,0,0,0,14
02/09/2023,BPT,TX,ASW,CE,Towers with Radar,3,2,29,2,36,0,0,40,2,42,3,2,69,4,78,28,0,28,106
02/10/2023,BPT,TX,ASW,CE,Towers with Radar,3,0,12,2,17,0,0,19,0,19,3,0,31,2,36,18,0,18,54
02/11/2023,BPT,TX,ASW,CE,Towers with Radar,3,0,4,0,7,0,0,6,0,6,3,0,10,0,13,0,0,0,13
02/12/2023,BPT,TX,ASW,CE,Towers with Radar,3,0,10,0,13,0,2,27,0,29,3,2,37,0,42,28,0,28,70
02/13/2023,BPT,TX,ASW,CE,Towers with Radar,3,4,18,0,25,0,0,23,6,29,3,4,41,6,54,4,0,4,58
02/14/2023,BPT,TX,ASW,CE,Towers with Radar,3,0,8,0,11,0,0,2,0,2,3,0,10,0,13,0,0,0,13
02/15/2023,BPT,TX,ASW,CE,Towers with Radar,3,10,24,2,39,0,0,0,0,0,3,10,24,2,39,0,0,0,39
02/16/2023,BPT,TX,ASW,CE,Towers with Radar,3,6,19,2,30,0,0,4,0,4,3,6,23,2,34,0,0,0,34
02/17/2023,BPT,TX,ASW,CE,Towers with Radar,3,0,13,7,23,0,0,23,0,23,3,0,36,7,46,10,0,10,56
02/18/2023,BPT,TX,ASW,CE,Towers with Radar,3,2,10,6,21,0,0,25,7,32,3,2,35,13,53,12,0,12,65
02/19/2023,BPT,TX,ASW,CE,Towers with Radar,3,0,12,0,15,0,0,24,0,24,3,0,36,0,39,0,0,0,39
02/20/2023,BPT,TX,ASW,CE,Towers with Radar,3,3,13,0,19,0,0,3,0,3,3,3,16,0,22,14,0,14,36
02/21/2023,BPT,TX,ASW,CE,Towers with Radar,3,0,20,0,23,0,0,3,0,3,3,0,23,0,26,10,0,10,36
02/22/2023,BPT,TX,ASW,CE,Towers with Radar,3,4,19,0,26,0,0,1,0,1,3,4,20,0,27,0,0,0,27
02/23/2023,BPT,TX,ASW,CE,Towers with Radar,3,0,21,0,24,0,0,2,0,2,3,0,23,0,26,14,0,14,40
02/24/2023,BPT,TX,ASW,CE,Towers with Radar,3,4,24,0,31,0,0,3,0,3,3,4,27,0,34,50,0,50,84
02/25/2023,BPT,TX,ASW,CE,Towers with Radar,3,0,11,0,14,0,0,75,0,75,3,0,86,0,89,0,0,0,89
02/26/2023,BPT,TX,ASW,CE,Towers with Radar,3,1,11,0,15,0,0,7,0,7,3,1,18,0,22,34,0,34,56
02/27/2023,BPT,TX,ASW,CE,Towers with Radar,4,1,12,0,17,0,0,10,0,10,4,1,22,0,27,6,0,6,33
02/28/2023,BPT,TX,ASW,CE,Towers with Radar,3,5,13,0,21,0,0,6,5,11,3,5,19,5,32,0,0,0,32
03/01/2023,BPT,TX,ASW,CE,Towers with Radar,4,2,20,2,28,0,0,4,0,4,4,2,24,2,32,10,0,10,42
03/02/2023,BPT,TX,ASW,CE,Towers with Radar,4,2,11,0,17,0,0,10,0,10,4,2,21,0,27,2,0,2,29
03/03/2023,BPT,TX,ASW,CE,Towers with Radar,3,4,19,0,26,0,3,29,0,32,3,7,48,0,58,24,0,24,82
03/04/2023,BPT,TX,ASW,CE,Towers with Radar,3,4,4,0,11,0,3,98,1,102,3,7,102,1,113,0,0,0,113
03/05/2023,BPT,TX,ASW,CE,Towers with Radar,3,1,13,0,17,0,2,19,0,21,3,3,32,0,38,4,0,4,42
03/06/2023,BPT,TX,ASW,CE,Towers with Radar,3,4,2,0,9,0,0,8,2,10,3,4,10,2,19,0,0,0,19
03/07/2023,BPT,TX,ASW,CE,Towers with Radar,3,2,13,3,21,0,0,8,1,9,3,2,21,4,30,20,0,20,50
03/08/2023,BPT,TX,ASW,CE,Towers with Radar,3,2,14,1,20,0,0,23,4,27,3,2,37,5,47,10,0,10,57
03/09/2023,BPT,TX,ASW,CE,Towers with Radar,3,4,19,1,27,0,2,19,4,25,3,6,38,5,52,2,0,2,54
03/10/2023,BPT,TX,ASW,CE,Towers with Radar,3,1,17,4,25,0,0,20,2,22,3,1,37,6,47,2,0,2,49
03/11/2023,BPT,TX,ASW,CE,Towers with Radar,3,3,7,0,13,0,0,8,0,8,3,3,15,0,21,0,0,0,21
03/12/2023,BPT,TX,ASW,CE,Towers with Radar,3,2,4,6,15,0,0,8,4,12,3,2,12,10,27,2,0,2,29
03/13/2023,BPT,TX,ASW,CE,Towers with Radar,3,1,11,0,15,0,2,21,0,23,3,3,32,0,38,20,0,20,58
03/14/2023,BPT,TX,ASW,CE,Towers with Radar,3,3,8,4,18,0,0,23,2,25,3,3,31,6,43,16,0,16,59
03/15/2023,BPT,TX,ASW,CE,Towers with Radar,3,0,17,2,22,0,2,22,0,24,3,2,39,2,46,6,0,6,52
03/16/2023,BPT,TX,ASW,CE,Towers with Radar,3,6,10,0,19,0,0,11,0,11,3,6,21,0,30,16,0,16,46
03/17/2023,BPT,TX,ASW,CE,Towers with Radar,3,1,6,0,10,0,0,4,0,4,3,1,10,0,14,0,0,0,14
03/18/2023,BPT,TX,ASW,CE,Towers with Radar,3,2,9,0,14,0,1,15,0,16,3,3,24,0,30,0,0,0,30
03/19/2023,BPT,TX,ASW,CE,Towers with Radar,3,1,10,6,20,0,0,18,0,18,3,1,28,6,38,0,0,0,38
03/20/2023,BPT,TX,ASW,CE,Towers with Radar,3,2,4,0,9,0,0,20,0,20,3,2,24,0,29,0,0,0,29
03/21/2023,BPT,TX,ASW,CE,Towers with Radar,3,2,14,0,19,0,0,12,4,16,3,2,26,4,35,0,0,0,35
03/22/2023,BPT,TX,ASW,CE,Towers with Radar,3,2,15,2,22,0,0,14,0,14,3,2,29,2,36,0,0,0,36
03/23/2023,BPT,TX,ASW,CE,Towers with Radar,3,0,10,2,15,0,0,2,2,4,3,0,12,4,19,0,0,0,19
03/24/2023,BPT,TX,ASW,CE,Towers with Radar,3,0,11,1,15,0,0,0,0,0,3,0,11,1,15,0,0,0,15
03/25/2023,BPT,TX,ASW,CE,Towers with Radar,2,2,7,8,19,0,0,29,3,32,2,2,36,11,51,0,0,0,51
03/26/2023,BPT,TX,ASW,CE,Towers with Radar,3,0,5,0,8,0,0,1,0,1,3,0,6,0,9,0,0,0,9
03/27/2023,BPT,TX,ASW,CE,Towers with Radar,3,0,10,0,13,0,0,0,0,0,3,0,10,0,13,0,0,0,13
03/28/2023,BPT,TX,ASW,CE,Towers with Radar,3,1,11,0,15,0,0,18,4,22,3,1,29,4,37,0,0,0,37
03/29/2023,BPT,TX,ASW,CE,Towers with Radar,3,5,12,2,22,0,2,25,4,31,3,7,37,6,53,0,0,0,53
03/30/2023,BPT,TX,ASW,CE,Towers with Radar,3,2,10,2,17,0,0,1,2,3,3,2,11,4,20,0,0,0,20
03/31/2023,BPT,TX,ASW,CE,Towers with Radar,3,1,7,0,11,0,0,3,0,3,3,1,10,0,14,0,0,0,14
04/01/2023,BPT,TX,ASW,CE,Towers with Radar,3,5,12,0,20,0,5,25,0,30,3,10,37,0,50,0,0,0,50
04/02/2023,BPT,TX,ASW,CE,Towers with Radar,4,0,8,0,12,0,0,10,0,10,4,0,18,0,22,0,0,0,22
04/03/2023,BPT,TX,ASW,CE,Towers with Radar,3,0,16,2,21,0,2,6,0,8,3,2,22,2,29,0,0,0,29
04/04/2023,BPT,TX,ASW,CE,Towers with Radar,3,2,32,2,39,0,0,0,0,0,3,2,32,2,39,0,0,0,39
04/05/2023,BPT,TX,ASW,CE,Towers with Radar,3,0,7,0,10,0,0,0,0,0,3,0,7,0,10,0,0,0,10
04/06/2023,BPT,TX,ASW,CE,Towers with Radar,4,4,16,2,26,0,0,1,0,1,4,4,17,2,27,0,0,0,27
04/07/2023,BPT,TX,ASW,CE,Towers with Radar,3,2,5,0,10,0,0,0,0,0,3,2,5,0,10,0,0,0,10
04/08/2023,BPT,TX,ASW,CE,Towers with Radar,3,4,3,0,10,0,4,1,0,5,3,8,4,0,15,0,0,0,15
04/09/2023,BPT,TX,ASW,CE,Towers with Radar,1,0,8,2,11,0,0,6,0,6,1,0,14,2,17,0,0,0,17
04/10/2023,BPT,TX,ASW,CE,Towers with Radar,3,7,18,2,30,0,2,15,2,19,3,9,33,4,49,0,0,0,49
04/11/2023,BPT,TX,ASW,CE,Towers with Radar,3,6,34,2,45,0,2,25,4,31,3,8,59,6,76,0,0,0,76
04/12/2023,BPT,TX,ASW,CE,Towers with Radar,3,7,23,0,33,0,3,12,0,15,3,10,35,0,48,0,0,0,48
04/13/2023,BPT,TX,ASW,CE,Towers with Radar,3,8,14,9,34,0,4,22,2,28,3,12,36,11,62,0,0,0,62
04/14/2023,BPT,TX,ASW,CE,Towers with Radar,3,8,13,2,26,0,0,13,11,24,3,8,26,13,50,0,0,0,50
04/15/2023,BPT,TX,ASW,CE,Towers with Radar,3,0,8,0,11,0,0,1,2,3,3,0,9,2,14,0,0,0,14
04/16/2023,BPT,TX,ASW,CE,Towers with Radar,2,2,5,1,10,0,0,18,0,18,2,2,23,1,28,0,0,0,28
04/17/2023,BPT,TX,ASW,CE,Towers with Radar,4,2,10,3,19,0,6,28,4,38,4,8,38,7,57,0,0,0,57
04/18/2023,BPT,TX,ASW,CE,Towers with Radar,3,0,9,0,12,0,2,18,0,20,3,2,27,0,32,0,0,0,32
04/19/2023,BPT,TX,ASW,CE,Towers with Radar,3,3,14,20,40,0,1,11,4,16,3,4,25,24,56,0,0,0,56
04/20/2023,BPT,TX,ASW,CE,Towers with Radar,3,3,10,2,18,0,0,10,4,14,3,3,20,6,32,0,0,0,32
04/21/2023,BPT,TX,ASW,CE,Towers with Radar,2,2,14,0,18,0,2,17,2,21,2,4,31,2,39,0,0,0,39
04/22/2023,BPT,TX,ASW,CE,Towers with Radar,3,4,10,0,17,0,2,27,0,29,3,6,37,0,46,0,0,0,46
04/23/2023,BPT,TX,ASW,CE,Towers with Radar,3,2,8,0,13,0,0,11,0,11,3,2,19,0,24,0,0,0,24
04/24/2023,BPT,TX,ASW,CE,Towers with Radar,3,6,14,0,23,0,0,19,0,19,3,6,33,0,42,0,0,0,42
04/25/2023,BPT,TX,ASW,CE,Towers with Radar,3,6,12,12,33,0,0,19,2,21,3,6,31,14,54,0,0,0,54
04/26/2023,BPT,TX,ASW,CE,Towers with Radar,4,2,27,0,33,0,2,6,0,8,4,4,33,0,41,0,0,0,41
04/27/2023,BPT,TX,ASW,CE,Towers with Radar,3,6,16,0,25,0,0,11,0,11,3,6,27,0,36,0,0,0,36
04/28/2023,BPT,TX,ASW,CE,Towers with Radar,3,4,15,1,23,0,2,58,5,65,3,6,73,6,88,0,0,0,88
04/29/2023,BPT,TX,ASW,CE,Towers with Radar,3,4,7,0,14,0,0,1,0,1,3,4,8,0,15,0,0,0,15
04/30/2023,BPT,TX,ASW,CE,Towers with Radar,3,3,11,0,17,0,7,37,0,44,3,10,48,0,61,0,0,0,61
05/01/2023,BPT,TX,ASW,CE,Towers with Radar,3,5,8,0,16,0,2,34,4,40,3,7,42,4,56,0,0,0,56
05/02/2023,BPT,TX,ASW,CE,Towers with Radar,3,8,7,2,20,0,0,11,4,15,3,8,18,6,35,0,0,0,35
05/03/2023,BPT,TX,ASW,CE,Towers with Radar,3,6,13,4,26,0,2,30,4,36,3,8,43,8,62,0,0,0,62
05/04/2023,BPT,TX,ASW,CE,Towers with Radar,3,5,6,1,15,0,0,25,2,27,3,5,31,3,42,0,0,0,42
05/05/2023,BPT,TX,ASW,CE,Towers with Radar,3,4,14,1,22,0,0,8,0,8,3,4,22,1,30,0,0,0,30
05/06/2023,BPT,TX,ASW,CE,Towers with Radar,3,4,11,0,18,0,0,2,0,2,3,4,13,0,20,0,0,0,20
05/07/2023,BPT,TX,ASW,CE,Towers with Radar,3,4,8,0,15,0,0,1,2,3,3,4,9,2,18,0,0,0,18
05/08/2023,BPT,TX,ASW,CE,Towers with Radar,3,3,7,0,13,0,0,9,2,11,3,3,16,2,24,0,0,0,24
05/09/2023,BPT,TX,ASW,CE,Towers with Radar,3,2,10,1,16,0,0,0,0,0,3,2,10,1,16,0,0,0,16
05/10/2023,BPT,TX,ASW,CE,Towers with Radar,3,0,7,2,12,0,0,2,0,2,3,0,9,2,14,0,0,0,14
05/11/2023,BPT,TX,ASW,CE,Towers with Radar,3,2,14,5,24,0,0,3,1,4,3,2,17,6,28,0,0,0,28
05/12/2023,BPT,TX,ASW,CE,Towers with Radar,3,3,13,0,19,0,1,15,2,18,3,4,28,2,37,0,0,0,37
05/13/2023,BPT,TX,ASW,CE,Towers with Radar,4,1,6,0,11,0,0,21,1,22,4,1,27,1,33,0,0,0,33
05/14/2023,BPT,TX,ASW,CE,Towers with Radar,5,0,7,0,12,0,0,4,0,4,5,0,11,0,16,0,0,0,16
05/15/2023,BPT,TX,ASW,CE,Towers with Radar,3,5,20,0,28,0,4,12,0,16,3,9,32,0,44,0,0,0,44
05/16/2023,BPT,TX,ASW,CE,Towers with Radar,3,6,15,0,24,0,0,14,2,16,3,6,29,2,40,0,0,0,40
05/17/2023,BPT,TX,ASW,CE,Towers with Radar,3,3,11,0,17,0,7,43,6,56,3,10,54,6,73,0,0,0,73
05/18/2023,BPT,TX,ASW,CE,Towers with Radar,4,7,15,2,28,0,5,18,0,23,4,12,33,2,51,0,0,0,51
05/19/2023,BPT,TX,ASW,CE,Towers with Radar,3,1,25,0,29,0,8,34,4,46,3,9,59,4,75,0,0,0,75
05/20/2023,BPT,TX,ASW,CE,Towers with Radar,3,0,2,0,5,0,1,20,0,21,3,1,22,0,26,0,0,0,26
05/21/2023,BPT,TX,ASW,CE,Towers with Radar,4,4,20,0,28,0,0,4,0,4,4,4,24,0,32,0,0,0,32
05/22/2023,BPT,TX,ASW,CE,Towers with Radar,4,0,19,0,23,0,6,27,4,37,4,6,46,4,60,0,0,0,60
05/23/2023,BPT,TX,ASW,CE,Towers with Radar,3,4,15,7,29,0,7,35,14,56,3,11,50,21,85,0,0,0,85
05/24/2023,BPT,TX,ASW,CE,Towers with Radar,3,8,17,3,31,0,2,21,3,26,3,10,38,6,57,0,0,0,57
05/25/2023,BPT,TX,ASW,CE,Towers with Radar,3,5,16,2,26,0,3,26,2,31,3,8,42,4,57,0,0,0,57
05/26/2023,BPT,TX,ASW,CE,Towers with Radar,3,4,22,2,31,0,2,33,0,35,3,6,55,2,66,0,0,0,66
05/27/2023,BPT,TX,ASW,CE,Towers with Radar,3,0,4,0,7,0,4,18,0,22,3,4,22,0,29,0,0,0,29
05/28/2023,BPT,TX,ASW,CE,Towers with Radar,3,0,5,0,8,0,4,2,0,6,3,4,7,0,14,0,0,0,14
05/29/2023,BPT,TX,ASW,CE,Towers with Radar,4,0,18,0,22,0,0,10,0,10,4,0,28,0,32,0,0,0,32
05/30/2023,BPT,TX,ASW,CE,Towers with Radar,3,6,16,4,29,0,4,25,0,29,3,10,41,4,58,0,0,0,58
05/31/2023,BPT,TX,ASW,CE,Towers with Radar,3,6,20,0,29,0,0,17,2,19,3,6,37,2,48,0,0,0,48
06/01/2023,BPT,TX,ASW,CE,Towers with Radar,3,0,22,4,29,0,0,34,0,34,3,0,56,4,63,0,0,0,63
06/02/2023,BPT,TX,ASW,CE,Towers with Radar,3,4,15,10,32,0,4,18,0,22,3,8,33,10,54,0,0,0,54
06/03/2023,BPT,TX,ASW,CE,Towers with Radar,3,2,12,0,17,0,6,13,0,19,3,8,25,0,36,0,0,0,36
06/04/2023,BPT,TX,ASW,CE,Towers with Radar,3,1,5,0,9,0,0,15,0,15,3,1,20,0,24,0,0,0,24
06/05/2023,BPT,TX,ASW,CE,Towers with Radar,3,7,9,0,19,0,2,11,6,19,3,9,20,6,38,0,0,0,38
06/06/2023,BPT,TX,ASW,CE,Towers with Radar,4,0,10,0,14,0,3,12,5,20,4,3,22,5,34,0,0,0,34
06/07/2023,BPT,TX,ASW,CE,Towers with Radar,3,0,17,0,20,0,2,18,0,20,3,2,35,0,40,0,0,0,40
06/08/2023,BPT,TX,ASW,CE,Towers with Radar,3,1,6,0,10,0,0,21,2,23,3,1,27,2,33,0,0,0,33
06/09/2023,BPT,TX,ASW,CE,Towers with Radar,3,4,9,2,18,0,4,42,2,48,3,8,51,4,66,0,0,0,66
06/10/2023,BPT,TX,ASW,CE,Towers with Radar,3,4,12,0,19,0,0,17,0,17,3,4,29,0,36,0,0,0,36
06/11/2023,BPT,TX,ASW,CE,Towers with Radar,2,2,14,0,18,0,13,8,0,21,2,15,22,0,39,0,0,0,39
06/12/2023,BPT,TX,ASW,CE,Towers with Radar,3,8,19,0,30,0,2,14,4,20,3,10,33,4,50,0,0,0,50
06/13/2023,BPT,TX,ASW,CE,Towers with Radar,3,3,15,2,23,0,4,23,0,27,3,7,38,2,50,0,0,0,50
06/14/2023,BPT,TX,ASW,CE,Towers with Radar,3,2,14,2,21,0,4,20,0,24,3,6,34,2,45,0,0,0,45
06/15/2023,BPT,TX,ASW,CE,Towers with Radar,3,6,20,0,29,0,0,13,0,13,3,6,33,0,42,0,0,0,42
06/16/2023,BPT,TX,ASW,CE,Towers with Radar,3,6,10,0,19,0,2,12,2,16,3,8,22,2,35,0,0,0,35
06/17/2023,BPT,TX,ASW,CE,Towers with Radar,3,9,14,0,26,0,5,19,0,24,3,14,33,0,50,0,0,0,50
06/18/2023,BPT,TX,ASW,CE,Towers with Radar,3,0,7,0,10,0,0,3,0,3,3,0,10,0,13,0,0,0,13
06/19/2023,BPT,TX,ASW,CE,Towers with Radar,3,4,13,2,22,0,4,0,1,5,3,8,13,3,27,0,0,0,27
06/20/2023,BPT,TX,ASW,CE,Towers with Radar,3,4,17,4,28,0,0,13,0,13,3,4,30,4,41,0,0,0,41
06/21/2023,BPT,TX,ASW,CE,Towers with Radar,3,6,16,0,25,0,0,22,0,22,3,6,38,0,47,0,0,0,47
06/22/2023,BPT,TX,ASW,CE,Towers with Radar,3,3,15,2,23,0,0,13,0,13,3,3,28,2,36,0,0,0,36
06/23/2023,BPT,TX,ASW,CE,Towers with Radar,3,0,7,2,12,0,1,19,0,20,3,1,26,2,32,0,0,0,32
06/24/2023,BPT,TX,ASW,CE,Towers with Radar,3,2,5,0,10,0,2,22,0,24,3,4,27,0,34,0,0,0,34
06/25/2023,BPT,TX,ASW,CE,Towers with Radar,3,2,6,1,12,0,4,10,1,15,3,6,16,2,27,0,0,0,27
06/26/2023,BPT,TX,ASW,CE,Towers with Radar,3,4,18,0,25,0,2,13,2,17,3,6,31,2,42,0,0,0,42
06/27/2023,BPT,TX,ASW,CE,Towers with Radar,3,7,26,3,39,0,2,25,1,28,3,9,51,4,67,0,0,0,67
06/28/2023,BPT,TX,ASW,CE,Towers with Radar,3,4,15,0,22,0,6,30,2,38,3,10,45,2,60,0,0,0,60
06/29/2023,BPT,TX,ASW,CE,Towers with Radar,3,0,17,0,20,0,0,20,0,20,3,0,37,0,40,0,0,0,40
06/30/2023,BPT,TX,ASW,CE,Towers with Radar,3,6,14,0,23,0,2,26,6,34,3,8,40,6,57,0,0,0,57
07/01/2023,BPT,TX,ASW,CE,Towers with Radar,3,5,7,0,15,0,6,14,0,20,3,11,21,0,35,0,0,0,35
07/02/2023,BPT,TX,ASW,CE,Towers with Radar,3,4,7,0,14,0,0,2,0,2,3,4,9,0,16,0,0,0,16
07/03/2023,BPT,TX,ASW,CE,Towers with Radar,3,0,7,0,10,0,3,22,0,25,3,3,29,0,35,0,0,0,35
07/04/2023,BPT,TX,ASW,CE,Towers with Radar,3,2,3,0,8,0,0,4,0,4,3,2,7,0,12,0,0,0,12
07/05/2023,BPT,TX,ASW,CE,Towers with Radar,3,3,16,0,22,0,0,11,0,11,3,3,27,0,33,0,0,0,33
07/06/2023,BPT,TX,ASW,CE,Towers with Radar,3,0,24,0,27,0,0,7,0,7,3,0,31,0,34,0,0,0,34
07/07/2023,BPT,TX,ASW,CE,Towers with Radar,3,0,5,2,10,0,0,21,0,21,3,0,26,2,31,0,0,0,31
07/08/2023,BPT,TX,ASW,CE,Towers with Radar,3,1,10,0,14,0,1,11,0,12,3,2,21,0,26,0,0,0,26
07/09/2023,BPT,TX,ASW,CE,Towers with Radar,3,0,11,0,14,0,0,8,0,8,3,0,19,0,22,0,0,0,22
07/10/2023,BPT,TX,ASW,CE,Towers with Radar,4,8,12,0,24,0,2,11,8,21,4,10,23,8,45,0,0,0,45
07/11/2023,BPT,TX,ASW,CE,Towers with Radar,3,0,16,6,25,0,2,16,2,20,3,2,32,8,45,0,0,0,45
07/12/2023,BPT,TX,ASW,CE,Towers with Radar,3,6,11,0,20,0,0,13,0,13,3,6,24,0,33,0,0,0,33
07/13/2023,BPT,TX,ASW,CE,Towers with Radar,3,6,17,2,28,0,0,23,2,25,3,6,40,4,53,0,0,0,53
07/14/2023,BPT,TX,ASW,CE,Towers with Radar,3,6,17,2,28,0,5,21,0,26,3,11,38,2,54,0,0,0,54
07/15/2023,BPT,TX,ASW,CE,Towers with Radar,3,4,7,0,14,0,0,6,0,6,3,4,13,0,20,0,0,0,20
07/16/2023,BPT,TX,ASW,CE,Towers with Radar,3,9,10,2,24,0,2,12,0,14,3,11,22,2,38,0,0,0,38
07/17/2023,BPT,TX,ASW,CE,Towers with Radar,3,4,12,0,19,0,1,8,2,11,3,5,20,2,30,0,0,0,30
07/18/2023,BPT,TX,ASW,CE,Towers with Radar,3,2,12,2,19,0,2,16,5,23,3,4,28,7,42,0,0,0,42
07/19/2023,BPT,TX,ASW,CE,Towers with Radar,3,3,17,1,24,0,0,11,0,11,3,3,28,1,35,0,0,0,35
07/20/2023,BPT,TX,ASW,CE,Towers with Radar,3,3,6,0,12,0,3,17,2,22,3,6,23,2,34,0,0,0,34
07/21/2023,BPT,TX,ASW,CE,Towers with Radar,3,7,3,12,25,0,2,15,0,17,3,9,18,12,42,0,0,0,42
07/22/2023,BPT,TX,ASW,CE,Towers with Radar,3,3,5,1,12,0,0,30,0,30,3,3,35,1,42,0,0,0,42
07/23/2023,BPT,TX,ASW,CE,Towers with Radar,3,5,4,0,12,0,4,14,0,18,3,9,18,0,30,0,0,0,30
07/24/2023,BPT,TX,ASW,CE,Towers with Radar,3,2,11,0,16,0,1,16,2,19,3,3,27,2,35,0,0,0,35
07/25/2023,BPT,TX,ASW,CE,Towers with Radar,3,4,17,0,24,0,1,25,2,28,3,5,42,2,52,0,0,0,52
07/26/2023,BPT,TX,ASW,CE,Towers with Radar,4,2,9,2,17,0,7,21,2,30,4,9,30,4,47,0,0,0,47
07/27/2023,BPT,TX,ASW,CE,Towers with Radar,4,4,12,0,20,0,4,17,0,21,4,8,29,0,41,0,0,0,41
07/28/2023,BPT,TX,ASW,CE,Towers with Radar,3,0,15,4,22,0,4,14,4,22,3,4,29,8,44,0,0,0,44
07/29/2023,BPT,TX,ASW,CE,Towers with Radar,3,5,9,0,17,0,3,21,0,24,3,8,30,0,41,0,0,0,41
07/30/2023,BPT,TX,ASW,CE,Towers with Radar,3,4,19,0,26,0,2,15,0,17,3,6,34,0,43,0,0,0,43
07/31/2023,BPT,TX,ASW,CE,Towers with Radar,3,6,6,0,15,0,1,22,0,23,3,7,28,0,38,0,0,0,38
08/01/2023,BPT,TX,ASW,CE,Towers with Radar,3,6,7,0,16,0,2,24,3,29,3,8,31,3,45,0,0,0,45
08/02/2023,BPT,TX,ASW,CE,Towers with Radar,3,4,5,0,12,0,0,27,4,31,3,4,32,4,43,0,0,0,43
08/03/2023,BPT,TX,ASW,CE,Towers with Radar,3,2,18,2,25,0,3,14,5,22,3,5,32,7,47,0,0,0,47
08/04/2023,BPT,TX,ASW,CE,Towers with Radar,3,4,13,0,20,0,4,28,6,38,3,8,41,6,58,0,0,0,58
08/05/2023,BPT,TX,ASW,CE,Towers with Radar,3,4,8,0,15,0,0,12,0,12,3,4,20,0,27,0,0,0,27
08/06/2023,BPT,TX,ASW,CE,Towers with Radar,3,0,9,0,12,0,1,14,0,15,3,1,23,0,27,0,0,0,27
08/07/2023,BPT,TX,ASW,CE,Towers with Radar,3,4,10,0,17,0,0,10,4,14,3,4,20,4,31,0,0,0,31
08/08/2023,BPT,TX,ASW,CE,Towers with Radar,3,5,8,1,17,0,0,6,2,8,3,5,14,3,25,0,0,0,25
08/09/2023,BPT,TX,ASW,CE,Towers with Radar,3,7,12,2,24,0,1,12,2,15,3,8,24,4,39,0,0,0,39
08/10/2023,BPT,TX,ASW,CE,Towers with Radar,3,2,12,0,17,0,0,4,4,8,3,2,16,4,25,0,0,0,25
08/11/2023,BPT,TX,ASW,CE,Towers with Radar,3,12,15,0,30,0,2,15,1,18,3,14,30,1,48,0,0,0,48
08/12/2023,BPT,TX,ASW,CE,Towers with Radar,3,0,6,0,9,0,0,3,2,5,3,0,9,2,14,0,0,0,14
08/13/2023,BPT,TX,ASW,CE,Towers with Radar,3,0,7,0,10,0,0,9,2,11,3,0,16,2,21,0,0,0,21
08/14/2023,BPT,TX,ASW,CE,Towers with Radar,3,0,9,12,24,0,1,16,8,25,3,1,25,20,49,0,0,0,49
08/15/2023,BPT,TX,ASW,CE,Towers with Radar,4,2,5,1,12,0,0,13,0,13,4,2,18,1,25,0,0,0,25
08/16/2023,BPT,TX,ASW,CE,Towers with Radar,3,8,13,1,25,0,2,13,0,15,3,10,26,1,40,0,0,0,40
08/17/2023,BPT,TX,ASW,CE,Towers with Radar,3,8,22,2,35,0,1,31,0,32,3,9,53,2,67,0,0,0,67
08/18/2023,BPT,TX,ASW,CE,Towers with Radar,3,4,10,2,19,0,0,22,0,22,3,4,32,2,41,0,0,0,41
08/19/2023,BPT,TX,ASW,CE,Towers with Radar,3,4,3,0,10,0,3,11,0,14,3,7,14,0,24,0,0,0,24
08/20/2023,BPT,TX,ASW,CE,Towers with Radar,3,2,4,0,9,0,2,4,2,8,3,4,8,2,17,0,0,0,17
08/21/2023,BPT,TX,ASW,CE,Towers with Radar,3,3,7,1,14,0,0,20,5,25,3,3,27,6,39,0,0,0,39
08/22/2023,BPT,TX,ASW,CE,Towers with Radar,3,1,11,1,16,0,0,14,6,20,3,1,25,7,36,0,0,0,36
08/23/2023,BPT,TX,ASW,CE,Towers with Radar,3,0,13,2,18,0,0,16,6,22,3,0,29,8,40,0,0,0,40
08/24/2023,BPT,TX,ASW,CE,Towers with Radar,3,8,15,0,26,0,0,22,6,28,3,8,37,6,54,0,0,0,54
08/25/2023,BPT,TX,ASW,CE,Towers with Radar,3,5,13,7,28,0,1,20,8,29,3,6,33,15,57,0,0,0,57
08/26/2023,BPT,TX,ASW,CE,Towers with Radar,3,0,7,0,10,0,0,18,0,18,3,0,25,0,28,0,0,0,28
08/27/2023,BPT,TX,ASW,CE,Towers with Radar,4,2,13,0,19,0,0,15,0,15,4,2,28,0,34,0,0,0,34
08/28/2023,BPT,TX,ASW,CE,Towers with Radar,3,0,9,6,18,0,0,8,0,8,3,0,17,6,26,0,0,0,26
08/29/2023,BPT,TX,ASW,CE,Towers with Radar,4,0,12,2,18,0,1,7,2,10,4,1,19,4,28,0,0,0,28
08/30/2023,BPT,TX,ASW,CE,Towers with Radar,4,0,11,2,17,0,2,17,2,21,4,2,28,4,38,0,0,0,38
08/31/2023,BPT,TX,ASW,CE,Towers with Radar,3,2,12,11,28,0,0,22,2,24,3,2,34,13,52,0,0,0,52
