08/01/2007,BQN,PR,ASO,ES,Federal Contract Tower,30,0,1,0,31,3,0,56,22,81,33,0,57,22,112,28,22,50,162
08/02/2007,BQN,PR,ASO,ES,Federal Contract Tower,30,0,5,4,39,10,0,53,21,84,40,0,58,25,123,0,78,78,201
08/03/2007,BQN,PR,ASO,ES,Federal Contract Tower,29,0,4,1,34,1,0,52,0,53,30,0,56,1,87,2,0,2,89
08/04/2007,BQN,PR,ASO,ES,Federal Contract Tower,9,0,2,0,11,0,0,36,2,38,9,0,38,2,49,30,0,30,79
08/05/2007,BQN,PR,ASO,ES,Federal Contract Tower,8,0,0,2,10,0,0,43,9,52,8,0,43,11,62,36,0,36,98
08/06/2007,BQN,PR,ASO,ES,Federal Contract Tower,25,0,3,0,28,2,0,48,4,54,27,0,51,4,82,36,34,70,152
08/07/2007,BQN,PR,ASO,ES,Federal Contract Tower,30,0,4,2,36,1,0,29,8,38,31,0,33,10,74,38,50,88,162
08/08/2007,BQN,PR,ASO,ES,Federal Contract Tower,28,0,5,3,36,8,0,38,2,48,36,0,43,5,84,24,8,32,116
08/09/2007,BQN,PR,ASO,ES,Federal Contract Tower,30,0,1,0,31,0,0,46,10,56,30,0,47,10,87,40,24,64,151
08/10/2007,BQN,PR,ASO,ES,Federal Contract Tower,28,0,12,2,42,7,0,39,4,50,35,0,51,6,92,58,40,98,190
08/11/2007,BQN,PR,ASO,ES,Federal Contract Tower,7,0,1,1,9,0,0,27,9,36,7,0,28,10,45,40,54,94,139
08/12/2007,BQN,PR,ASO,ES,Federal Contract Tower,7,0,1,1,9,2,0,27,15,44,9,0,28,16,53,2,32,34,87
08/13/2007,BQN,PR,ASO,ES,Federal Contract Tower,30,0,4,1,35,6,0,41,13,60,36,0,45,14,95,12,102,114,209
08/14/2007,BQN,PR,ASO,ES,Federal Contract Tower,30,0,1,1,32,1,0,34,7,42,31,0,35,8,74,20,22,42,116
08/15/2007,BQN,PR,ASO,ES,Federal Contract Tower,26,0,3,2,31,7,0,45,6,58,33,0,48,8,89,28,14,42,131
08/16/2007,BQN,PR,ASO,ES,Federal Contract Tower,29,0,3,0,32,4,0,39,7,50,33,0,42,7,82,88,0,88,170
08/17/2007,BQN,PR,ASO,ES,Federal Contract Tower,19,0,2,6,27,5,0,56,15,76,24,0,58,21,103,24,22,46,149
08/18/2007,BQN,PR,ASO,ES,Federal Contract Tower,12,0,1,0,13,2,0,7,2,11,14,0,8,2,24,6,0,6,30
08/19/2007,BQN,PR,ASO,ES,Federal Contract Tower,8,0,2,1,11,4,0,8,0,12,12,0,10,1,23,0,4,4,27
08/20/2007,BQN,PR,ASO,ES,Federal Contract Tower,23,0,2,1,26,4,0,20,4,28,27,0,22,5,54,12,0,12,66
08/21/2007,BQN,PR,ASO,ES,Federal Contract Tower,25,0,6,5,36,3,0,26,12,41,28,0,32,17,77,40,62,102,179
08/22/2007,BQN,PR,ASO,ES,Federal Contract Tower,25,0,9,1,35,4,0,23,7,34,29,0,32,8,69,28,2,30,99
08/23/2007,BQN,PR,ASO,ES,Federal Contract Tower,32,0,2,1,35,0,0,30,16,46,32,0,32,17,81,76,4,80,161
08/24/2007,BQN,PR,ASO,ES,Federal Contract Tower,29,0,6,2,37,8,0,23,10,41,37,0,29,12,78,14,2,16,94
08/25/2007,BQN,PR,ASO,ES,Federal Contract Tower,7,0,2,1,10,0,0,49,11,60,7,0,51,12,70,60,8,68,138
08/26/2007,BQN,PR,ASO,ES,Federal Contract Tower,9,0,1,1,11,0,0,55,6,61,9,0,56,7,72,10,2,12,84
08/27/2007,BQN,PR,ASO,ES,Federal Contract Tower,25,0,1,1,27,3,0,42,11,56,28,0,43,12,83,80,0,80,163
08/28/2007,BQN,PR,ASO,ES,Federal Contract Tower,23,0,4,0,27,8,0,33,17,58,31,0,37,17,85,14,28,42,127
08/29/2007,BQN,PR,ASO,ES,Federal Contract Tower,29,0,11,2,42,0,0,47,4,51,29,0,58,6,93,34,2,36,129
08/30/2007,BQN,PR,ASO,ES,Federal Contract Tower,30,0,4,8,42,6,0,42,17,65,36,0,46,25,107,26,22,48,155
08/31/2007,BQN,PR,ASO,ES,Federal Contract Tower,25,0,10,1,36,1,0,37,10,48,26,0,47,11,84,30,14,44,128
09/01/2007,BQN,PR,ASO,ES,Federal Contract Tower,7,0,1,1,9,0,0,28,11,39,7,0,29,12,48,46,0,46,94
09/02/2007,BQN,PR,ASO,ES,Federal Contract Tower,6,0,0,0,6,0,0,22,6,28,6,0,22,6,34,6,0,6,40
09/03/2007,BQN,PR,ASO,ES,Federal Contract Tower,22,0,5,1,28,1,0,43,3,47,23,0,48,4,75,36,0,36,111
09/04/2007,BQN,PR,ASO,ES,Federal Contract Tower,24,0,1,1,26,2,0,40,0,42,26,0,41,1,68,50,0,50,118
09/05/2007,BQN,PR,ASO,ES,Federal Contract Tower,25,0,6,3,34,10,0,48,0,58,35,0,54,3,92,70,0,70,162
09/06/2007,BQN,PR,ASO,ES,Federal Contract Tower,31,0,3,2,36,8,0,58,8,74,39,0,61,10,110,34,4,38,148
09/07/2007,BQN,PR,ASO,ES,Federal Contract Tower,27,0,3,1,31,5,0,48,8,61,32,0,51,9,92,62,58,120,212
09/08/2007,BQN,PR,ASO,ES,Federal Contract Tower,5,0,0,1,6,0,0,41,5,46,5,0,41,6,52,66,0,66,118
09/09/2007,BQN,PR,ASO,ES,Federal Contract Tower,4,0,0,0,4,0,0,37,8,45,4,0,37,8,49,68,2,70,119
09/10/2007,BQN,PR,ASO,ES,Federal Contract Tower,24,0,2,2,28,2,0,69,6,77,26,0,71,8,105,106,4,110,215
09/11/2007,BQN,PR,ASO,ES,Federal Contract Tower,24,0,5,4,33,8,0,43,13,64,32,0,48,17,97,12,40,52,149
09/12/2007,BQN,PR,ASO,ES,Federal Contract Tower,28,0,3,0,31,3,0,57,11,71,31,0,60,11,102,92,2,94,196
09/13/2007,BQN,PR,ASO,ES,Federal Contract Tower,28,0,0,4,32,6,0,53,4,63,34,0,53,8,95,59,0,59,154
09/14/2007,BQN,PR,ASO,ES,Federal Contract Tower,25,0,6,0,31,2,0,43,6,51,27,0,49,6,82,30,0,30,112
09/15/2007,BQN,PR,ASO,ES,Federal Contract Tower,6,0,3,2,11,0,0,28,4,32,6,0,31,6,43,34,30,64,107
09/16/2007,BQN,PR,ASO,ES,Federal Contract Tower,6,0,0,0,6,0,0,10,7,17,6,0,10,7,23,2,66,68,91
09/17/2007,BQN,PR,ASO,ES,Federal Contract Tower,23,0,7,3,33,0,0,35,8,43,23,0,42,11,76,32,2,34,110
09/18/2007,BQN,PR,ASO,ES,Federal Contract Tower,24,0,3,0,27,7,0,34,18,59,31,0,37,18,86,48,12,60,146
09/19/2007,BQN,PR,ASO,ES,Federal Contract Tower,26,0,7,3,36,2,0,41,5,48,28,0,48,8,84,14,0,14,98
09/20/2007,BQN,PR,ASO,ES,Federal Contract Tower,27,0,3,2,32,5,0,32,15,52,32,0,35,17,84,10,126,136,220
09/21/2007,BQN,PR,ASO,ES,Federal Contract Tower,26,0,7,0,33,0,0,51,5,56,26,0,58,5,89,56,54,110,199
09/22/2007,BQN,PR,ASO,ES,Federal Contract Tower,7,0,0,0,7,0,0,62,18,80,7,0,62,18,87,92,4,96,183
09/23/2007,BQN,PR,ASO,ES,Federal Contract Tower,5,0,2,0,7,0,0,40,17,57,5,0,42,17,64,16,0,16,80
09/24/2007,BQN,PR,ASO,ES,Federal Contract Tower,21,0,4,0,25,0,0,28,17,45,21,0,32,17,70,2,124,126,196
09/25/2007,BQN,PR,ASO,ES,Federal Contract Tower,24,0,5,1,30,3,0,30,13,46,27,0,35,14,76,6,34,40,116
09/26/2007,BQN,PR,ASO,ES,Federal Contract Tower,25,0,3,1,29,4,0,31,13,48,29,0,34,14,77,6,74,80,157
09/27/2007,BQN,PR,ASO,ES,Federal Contract Tower,28,0,4,2,34,2,0,40,10,52,30,0,44,12,86,20,52,72,158
09/28/2007,BQN,PR,ASO,ES,Federal Contract Tower,27,0,9,2,38,2,0,35,9,46,29,0,44,11,84,38,2,40,124
09/29/2007,BQN,PR,ASO,ES,Federal Contract Tower,5,0,2,0,7,0,0,28,4,32,5,0,30,4,39,36,0,36,75
09/30/2007,BQN,PR,ASO,ES,Federal Contract Tower,5,0,2,0,7,0,0,25,4,29,5,0,27,4,36,8,0,8,44
10/01/2007,BQN,PR,ASO,ES,Federal Contract Tower,27,0,5,0,32,2,0,28,10,40,29,0,33,10,72,42,0,42,114
10/02/2007,BQN,PR,ASO,ES,Federal Contract Tower,25,0,3,0,28,2,0,48,8,58,27,0,51,8,86,52,2,54,140
10/03/2007,BQN,PR,ASO,ES,Federal Contract Tower,23,0,4,1,28,4,0,48,13,65,27,0,52,14,93,76,46,122,215
10/04/2007,BQN,PR,ASO,ES,Federal Contract Tower,31,0,3,0,34,1,0,32,1,34,32,0,35,1,68,100,0,100,168
10/05/2007,BQN,PR,ASO,ES,Federal Contract Tower,26,0,12,1,39,3,0,41,13,57,29,0,53,14,96,46,0,46,142
10/06/2007,BQN,PR,ASO,ES,Federal Contract Tower,7,0,1,0,8,0,0,54,13,67,7,0,55,13,75,46,0,46,121
10/07/2007,BQN,PR,ASO,ES,Federal Contract Tower,7,0,0,0,7,0,0,27,4,31,7,0,27,4,38,0,4,4,42
10/08/2007,BQN,PR,ASO,ES,Federal Contract Tower,24,0,1,1,26,3,0,47,8,58,27,0,48,9,84,50,82,132,216
10/09/2007,BQN,PR,ASO,ES,Federal Contract Tower,28,0,2,2,32,1,0,46,13,60,29,0,48,15,92,20,22,42,134
10/10/2007,BQN,PR,ASO,ES,Federal Contract Tower,26,0,7,3,36,2,2,27,4,35,28,2,34,7,71,38,12,50,121
10/11/2007,BQN,PR,ASO,ES,Federal Contract Tower,30,0,5,8,43,0,0,26,5,31,30,0,31,13,74,46,12,58,132
10/12/2007,BQN,PR,ASO,ES,Federal Contract Tower,27,0,6,4,37,0,0,48,17,65,27,0,54,21,102,40,54,94,196
10/13/2007,BQN,PR,ASO,ES,Federal Contract Tower,11,0,1,0,12,0,0,86,11,97,11,0,87,11,109,66,10,76,185
10/14/2007,BQN,PR,ASO,ES,Federal Contract Tower,8,0,3,1,12,1,0,42,7,50,9,0,45,8,62,24,30,54,116
10/15/2007,BQN,PR,ASO,ES,Federal Contract Tower,26,0,2,2,30,0,0,49,12,61,26,0,51,14,91,32,328,360,451
10/16/2007,BQN,PR,ASO,ES,Federal Contract Tower,21,0,5,0,26,3,0,22,24,49,24,0,27,24,75,6,112,118,193
10/17/2007,BQN,PR,ASO,ES,Federal Contract Tower,22,0,3,2,27,0,2,42,13,57,22,2,45,15,84,44,4,48,132
10/18/2007,BQN,PR,ASO,ES,Federal Contract Tower,32,0,7,1,40,0,0,54,18,72,32,0,61,19,112,60,36,96,208
10/19/2007,BQN,PR,ASO,ES,Federal Contract Tower,27,0,7,1,35,2,0,42,10,54,29,0,49,11,89,18,4,22,111
10/20/2007,BQN,PR,ASO,ES,Federal Contract Tower,7,0,2,1,10,4,0,43,15,62,11,0,45,16,72,50,0,50,122
10/21/2007,BQN,PR,ASO,ES,Federal Contract Tower,9,0,2,0,11,0,0,35,7,42,9,0,37,7,53,80,0,80,133
10/22/2007,BQN,PR,ASO,ES,Federal Contract Tower,22,0,4,2,28,4,0,42,6,52,26,0,46,8,80,30,2,32,112
10/23/2007,BQN,PR,ASO,ES,Federal Contract Tower,24,0,9,1,34,0,0,42,17,59,24,0,51,18,93,10,58,68,161
10/24/2007,BQN,PR,ASO,ES,Federal Contract Tower,2,0,1,3,6,0,0,60,4,64,2,0,61,7,70,36,6,42,112
10/25/2007,BQN,PR,ASO,ES,Federal Contract Tower,38,0,10,0,48,1,0,31,15,47,39,0,41,15,95,28,20,48,143
10/26/2007,BQN,PR,ASO,ES,Federal Contract Tower,29,0,7,1,37,0,0,58,7,65,29,0,65,8,102,18,18,36,138
10/27/2007,BQN,PR,ASO,ES,Federal Contract Tower,8,0,6,1,15,0,0,18,3,21,8,0,24,4,36,30,0,30,66
10/28/2007,BQN,PR,ASO,ES,Federal Contract Tower,9,0,1,0,10,0,0,3,0,3,9,0,4,0,13,0,0,0,13
10/29/2007,BQN,PR,ASO,ES,Federal Contract Tower,1,0,3,3,7,0,0,22,2,24,1,0,25,5,31,10,182,192,223
10/30/2007,BQN,PR,ASO,ES,Federal Contract Tower,0,0,6,1,7,0,0,11,11,22,0,0,17,12,29,24,120,144,173
10/31/2007,BQN,PR,ASO,ES,Federal Contract Tower,0,0,3,2,5,0,0,13,0,13,0,0,16,2,18,39,12,51,69
11/01/2007,BQN,PR,ASO,ES,Federal Contract Tower,34,0,5,2,41,4,0,27,12,43,38,0,32,14,84,100,14,114,198
11/02/2007,BQN,PR,ASO,ES,Federal Contract Tower,28,0,6,0,34,0,0,42,6,48,28,0,48,6,82,48,36,84,166
11/03/2007,BQN,PR,ASO,ES,Federal Contract Tower,10,0,5,3,18,1,0,48,3,52,11,0,53,6,70,10,0,10,80
11/04/2007,BQN,PR,ASO,ES,Federal Contract Tower,0,0,1,1,2,0,0,40,5,45,0,0,41,6,47,24,48,72,119
11/05/2007,BQN,PR,ASO,ES,Federal Contract Tower,1,0,4,3,8,0,0,27,2,29,1,0,31,5,37,54,84,138,175
11/06/2007,BQN,PR,ASO,ES,Federal Contract Tower,5,0,6,3,14,0,0,34,20,54,5,0,40,23,68,43,136,179,247
11/07/2007,BQN,PR,ASO,ES,Federal Contract Tower,28,0,6,0,34,1,1,43,16,61,29,1,49,16,95,27,171,198,293
11/08/2007,BQN,PR,ASO,ES,Federal Contract Tower,31,0,8,2,41,3,0,22,9,34,34,0,30,11,75,18,4,22,97
11/09/2007,BQN,PR,ASO,ES,Federal Contract Tower,31,0,8,2,41,0,0,69,14,83,31,0,77,16,124,34,38,72,196
11/10/2007,BQN,PR,ASO,ES,Federal Contract Tower,7,0,0,4,11,4,0,41,12,57,11,0,41,16,68,52,54,106,174
11/11/2007,BQN,PR,ASO,ES,Federal Contract Tower,8,0,2,0,10,1,0,29,11,41,9,0,31,11,51,26,2,28,79
11/12/2007,BQN,PR,ASO,ES,Federal Contract Tower,27,0,1,0,28,6,0,28,9,43,33,0,29,9,71,16,2,18,89
11/13/2007,BQN,PR,ASO,ES,Federal Contract Tower,28,0,6,9,43,0,0,21,10,31,28,0,27,19,74,26,30,56,130
11/14/2007,BQN,PR,ASO,ES,Federal Contract Tower,32,0,2,0,34,0,0,27,15,42,32,0,29,15,76,42,46,88,164
11/15/2007,BQN,PR,ASO,ES,Federal Contract Tower,36,0,5,2,43,6,0,24,15,45,42,0,29,17,88,12,78,90,178
11/16/2007,BQN,PR,ASO,ES,Federal Contract Tower,31,0,7,2,40,1,0,51,8,60,32,0,58,10,100,22,6,28,128
11/17/2007,BQN,PR,ASO,ES,Federal Contract Tower,7,0,5,1,13,0,0,51,11,62,7,0,56,12,75,12,2,14,89
11/18/2007,BQN,PR,ASO,ES,Federal Contract Tower,7,0,4,1,12,0,0,40,7,47,7,0,44,8,59,22,37,59,118
11/19/2007,BQN,PR,ASO,ES,Federal Contract Tower,26,0,5,8,39,0,0,37,3,40,26,0,42,11,79,36,28,64,143
11/20/2007,BQN,PR,ASO,ES,Federal Contract Tower,32,0,3,1,36,0,0,38,15,53,32,0,41,16,89,52,170,222,311
11/21/2007,BQN,PR,ASO,ES,Federal Contract Tower,32,0,5,1,38,0,0,31,3,34,32,0,36,4,72,26,30,56,128
11/22/2007,BQN,PR,ASO,ES,Federal Contract Tower,23,0,5,2,30,3,0,26,3,32,26,0,31,5,62,23,0,23,85
11/23/2007,BQN,PR,ASO,ES,Federal Contract Tower,27,0,4,3,34,3,0,28,2,33,30,0,32,5,67,26,70,96,163
11/24/2007,BQN,PR,ASO,ES,Federal Contract Tower,5,0,4,0,9,0,0,32,3,35,5,0,36,3,44,12,92,104,148
11/25/2007,BQN,PR,ASO,ES,Federal Contract Tower,8,0,4,0,12,1,0,33,1,35,9,0,37,1,47,52,0,52,99
11/26/2007,BQN,PR,ASO,ES,Federal Contract Tower,29,0,5,2,36,1,0,30,17,48,30,0,35,19,84,2,80,82,166
11/27/2007,BQN,PR,ASO,ES,Federal Contract Tower,34,0,3,1,38,1,0,17,4,22,35,0,20,5,60,30,0,30,90
11/28/2007,BQN,PR,ASO,ES,Federal Contract Tower,36,0,5,1,42,5,0,36,2,43,41,0,41,3,85,46,0,46,131
11/29/2007,BQN,PR,ASO,ES,Federal Contract Tower,36,0,8,0,44,0,0,77,12,89,36,0,85,12,133,64,4,68,201
11/30/2007,BQN,PR,ASO,ES,Federal Contract Tower,35,0,7,0,42,4,0,39,2,45,39,0,46,2,87,44,4,48,135
12/01/2007,BQN,PR,ASO,ES,Federal Contract Tower,7,0,3,0,10,0,0,37,12,49,7,0,40,12,59,16,68,84,143
12/02/2007,BQN,PR,ASO,ES,Federal Contract Tower,8,0,0,0,8,0,0,2,2,4,8,0,2,2,12,12,0,12,24
12/03/2007,BQN,PR,ASO,ES,Federal Contract Tower,31,0,4,0,35,0,0,29,13,42,31,0,33,13,77,22,16,38,115
12/04/2007,BQN,PR,ASO,ES,Federal Contract Tower,28,0,9,2,39,1,0,15,10,26,29,0,24,12,65,46,46,92,157
12/05/2007,BQN,PR,ASO,ES,Federal Contract Tower,33,0,7,0,40,2,0,17,4,23,35,0,24,4,63,60,38,98,161
12/06/2007,BQN,PR,ASO,ES,Federal Contract Tower,35,0,3,3,41,3,0,53,9,65,38,0,56,12,106,14,20,34,140
12/07/2007,BQN,PR,ASO,ES,Federal Contract Tower,35,0,7,0,42,4,0,49,13,66,39,0,56,13,108,2,0,2,110
12/08/2007,BQN,PR,ASO,ES,Federal Contract Tower,11,0,3,1,15,1,0,67,9,77,12,0,70,10,92,16,30,46,138
12/09/2007,BQN,PR,ASO,ES,Federal Contract Tower,7,0,0,0,7,0,0,50,5,55,7,0,50,5,62,12,0,12,74
12/10/2007,BQN,PR,ASO,ES,Federal Contract Tower,26,0,6,0,32,2,0,27,11,40,28,0,33,11,72,2,6,8,80
12/11/2007,BQN,PR,ASO,ES,Federal Contract Tower,28,0,6,0,34,0,0,2,9,11,28,0,8,9,45,0,0,0,45
12/12/2007,BQN,PR,ASO,ES,Federal Contract Tower,38,0,2,2,42,0,0,16,3,19,38,0,18,5,61,26,0,26,87
12/13/2007,BQN,PR,ASO,ES,Federal Contract Tower,38,0,4,1,43,1,0,70,22,93,39,0,74,23,136,40,92,132,268
12/14/2007,BQN,PR,ASO,ES,Federal Contract Tower,43,0,14,0,57,0,0,64,7,71,43,0,78,7,128,44,0,44,172
12/15/2007,BQN,PR,ASO,ES,Federal Contract Tower,9,0,5,0,14,0,0,35,10,45,9,0,40,10,59,68,2,70,129
12/16/2007,BQN,PR,ASO,ES,Federal Contract Tower,9,0,0,0,9,0,0,71,10,81,9,0,71,10,90,8,2,10,100
12/17/2007,BQN,PR,ASO,ES,Federal Contract Tower,33,0,3,1,37,3,0,71,11,85,36,0,74,12,122,6,14,20,142
12/18/2007,BQN,PR,ASO,ES,Federal Contract Tower,35,0,6,1,42,1,0,56,9,66,36,0,62,10,108,98,42,140,248
12/19/2007,BQN,PR,ASO,ES,Federal Contract Tower,37,0,4,0,41,4,0,32,6,42,41,0,36,6,83,64,6,70,153
12/20/2007,BQN,PR,ASO,ES,Federal Contract Tower,38,0,6,0,44,0,0,50,6,56,38,0,56,6,100,50,0,50,150
12/21/2007,BQN,PR,ASO,ES,Federal Contract Tower,37,0,7,0,44,2,0,50,9,61,39,0,57,9,105,16,8,24,129
12/22/2007,BQN,PR,ASO,ES,Federal Contract Tower,11,0,2,0,13,1,0,24,5,30,12,0,26,5,43,28,0,28,71
12/23/2007,BQN,PR,ASO,ES,Federal Contract Tower,7,0,0,0,7,0,0,25,6,31,7,0,25,6,38,44,0,44,82
12/24/2007,BQN,PR,ASO,ES,Federal Contract Tower,29,0,2,0,31,1,0,47,9,57,30,0,49,9,88,26,4,30,118
12/25/2007,BQN,PR,ASO,ES,Federal Contract Tower,5,0,0,0,5,0,0,27,11,38,5,0,27,11,43,18,14,32,75
12/26/2007,BQN,PR,ASO,ES,Federal Contract Tower,14,0,6,0,20,0,0,54,10,64,14,0,60,10,84,18,52,70,154
12/27/2007,BQN,PR,ASO,ES,Federal Contract Tower,30,0,15,1,46,5,0,39,2,46,35,0,54,3,92,26,0,26,118
12/28/2007,BQN,PR,ASO,ES,Federal Contract Tower,29,0,4,0,33,0,0,53,10,63,29,0,57,10,96,12,2,14,110
12/29/2007,BQN,PR,ASO,ES,Federal Contract Tower,7,0,4,0,11,0,0,38,5,43,7,0,42,5,54,18,0,18,72
12/30/2007,BQN,PR,ASO,ES,Federal Contract Tower,6,0,2,0,8,0,0,21,5,26,6,0,23,5,34,34,0,34,68
12/31/2007,BQN,PR,ASO,ES,Federal Contract Tower,5,0,1,0,6,3,0,62,7,72,8,0,63,7,78,20,18,38,116
01/01/2008,BQN,PR,ASO,ES,Federal Contract Tower,5,0,0,0,5,1,0,13,3,17,6,0,13,3,22,2,2,4,26
01/02/2008,BQN,PR,ASO,ES,Federal Contract Tower,26,0,12,0,38,5,0,59,8,72,31,0,71,8,110,16,10,26,136
01/03/2008,BQN,PR,ASO,ES,Federal Contract Tower,30,0,9,0,39,0,0,49,9,58,30,0,58,9,97,8,0,8,105
01/04/2008,BQN,PR,ASO,ES,Federal Contract Tower,27,0,12,0,39,3,0,28,7,38,30,0,40,7,77,0,2,2,79
01/05/2008,BQN,PR,ASO,ES,Federal Contract Tower,7,0,12,0,19,0,0,24,6,30,7,0,36,6,49,10,0,10,59
01/06/2008,BQN,PR,ASO,ES,Federal Contract Tower,6,0,6,1,13,0,0,36,5,41,6,0,42,6,54,2,0,2,56
01/07/2008,BQN,PR,ASO,ES,Federal Contract Tower,24,0,10,5,39,1,0,24,2,27,25,0,34,7,66,20,52,72,138
01/08/2008,BQN,PR,ASO,ES,Federal Contract Tower,35,0,9,5,49,4,0,23,0,27,39,0,32,5,76,42,2,44,120
01/09/2008,BQN,PR,ASO,ES,Federal Contract Tower,29,0,7,1,37,2,0,34,14,50,31,0,41,15,87,26,0,26,113
01/10/2008,BQN,PR,ASO,ES,Federal Contract Tower,29,0,8,1,38,4,0,24,21,49,33,0,32,22,87,12,58,70,157
01/11/2008,BQN,PR,ASO,ES,Federal Contract Tower,26,0,6,0,32,5,0,35,14,54,31,0,41,14,86,16,76,92,178
01/12/2008,BQN,PR,ASO,ES,Federal Contract Tower,6,0,3,0,9,1,0,42,9,52,7,0,45,9,61,8,62,70,131
01/13/2008,BQN,PR,ASO,ES,Federal Contract Tower,7,0,2,0,9,0,0,32,7,39,7,0,34,7,48,36,0,36,84
01/14/2008,BQN,PR,ASO,ES,Federal Contract Tower,28,0,5,0,33,3,0,40,20,63,31,0,45,20,96,30,76,106,202
01/15/2008,BQN,PR,ASO,ES,Federal Contract Tower,26,0,7,0,33,2,0,18,16,36,28,0,25,16,69,0,4,4,73
01/16/2008,BQN,PR,ASO,ES,Federal Contract Tower,31,0,4,2,37,2,0,39,19,60,33,0,43,21,97,0,18,18,115
01/17/2008,BQN,PR,ASO,ES,Federal Contract Tower,32,0,7,1,40,2,0,44,29,75,34,0,51,30,115,0,22,22,137
01/18/2008,BQN,PR,ASO,ES,Federal Contract Tower,30,0,13,0,43,1,0,35,8,44,31,0,48,8,87,8,0,8,95
01/19/2008,BQN,PR,ASO,ES,Federal Contract Tower,7,0,1,0,8,0,0,31,15,46,7,0,32,15,54,6,72,78,132
01/20/2008,BQN,PR,ASO,ES,Federal Contract Tower,8,0,2,0,10,0,0,27,9,36,8,0,29,9,46,4,54,58,104
01/21/2008,BQN,PR,ASO,ES,Federal Contract Tower,26,0,5,0,31,0,0,4,3,7,26,0,9,3,38,6,0,6,44
01/22/2008,BQN,PR,ASO,ES,Federal Contract Tower,30,0,7,0,37,0,0,39,19,58,30,0,46,19,95,12,56,68,163
01/23/2008,BQN,PR,ASO,ES,Federal Contract Tower,31,0,9,2,42,3,0,49,21,73,34,0,58,23,115,36,0,36,151
01/24/2008,BQN,PR,ASO,ES,Federal Contract Tower,33,0,3,0,36,0,0,46,10,56,33,0,49,10,92,0,68,68,160
01/25/2008,BQN,PR,ASO,ES,Federal Contract Tower,28,0,10,1,39,1,0,27,17,45,29,0,37,18,84,16,182,198,282
01/26/2008,BQN,PR,ASO,ES,Federal Contract Tower,7,0,4,1,12,0,0,49,7,56,7,0,53,8,68,2,0,2,70
01/27/2008,BQN,PR,ASO,ES,Federal Contract Tower,8,0,6,1,15,0,0,29,10,39,8,0,35,11,54,22,42,64,118
01/28/2008,BQN,PR,ASO,ES,Federal Contract Tower,25,0,11,3,39,3,0,31,13,47,28,0,42,16,86,8,74,82,168
01/29/2008,BQN,PR,ASO,ES,Federal Contract Tower,27,0,11,2,40,9,0,41,17,67,36,0,52,19,107,80,138,218,325
01/30/2008,BQN,PR,ASO,ES,Federal Contract Tower,30,0,0,0,30,4,0,40,6,50,34,0,40,6,80,26,16,42,122
01/31/2008,BQN,PR,ASO,ES,Federal Contract Tower,36,0,5,0,41,3,0,79,27,109,39,0,84,27,150,36,142,178,328
02/01/2008,BQN,PR,ASO,ES,Federal Contract Tower,30,0,9,1,40,0,0,38,11,49,30,0,47,12,89,70,120,190,279
02/02/2008,BQN,PR,ASO,ES,Federal Contract Tower,8,0,3,0,11,1,0,61,4,66,9,0,64,4,77,0,0,0,77
02/03/2008,BQN,PR,ASO,ES,Federal Contract Tower,6,0,0,0,6,1,0,46,0,47,7,0,46,0,53,28,0,28,81
02/04/2008,BQN,PR,ASO,ES,Federal Contract Tower,27,0,5,2,34,3,0,57,15,75,30,0,62,17,109,24,6,30,139
02/05/2008,BQN,PR,ASO,ES,Federal Contract Tower,28,0,7,2,37,0,0,35,8,43,28,0,42,10,80,96,0,96,176
02/06/2008,BQN,PR,ASO,ES,Federal Contract Tower,27,0,3,1,31,2,0,32,11,45,29,0,35,12,76,24,30,54,130
02/07/2008,BQN,PR,ASO,ES,Federal Contract Tower,30,0,13,5,48,1,0,35,11,47,31,0,48,16,95,30,2,32,127
02/08/2008,BQN,PR,ASO,ES,Federal Contract Tower,26,0,7,1,34,0,0,30,1,31,26,0,37,2,65,12,48,60,125
02/09/2008,BQN,PR,ASO,ES,Federal Contract Tower,7,0,1,0,8,0,0,72,7,79,7,0,73,7,87,20,40,60,147
02/10/2008,BQN,PR,ASO,ES,Federal Contract Tower,9,0,0,0,9,0,0,33,7,40,9,0,33,7,49,18,0,18,67
02/11/2008,BQN,PR,ASO,ES,Federal Contract Tower,27,0,4,0,31,0,0,58,10,68,27,0,62,10,99,48,0,48,147
02/12/2008,BQN,PR,ASO,ES,Federal Contract Tower,30,0,7,0,37,1,0,54,11,66,31,0,61,11,103,106,60,166,269
02/13/2008,BQN,PR,ASO,ES,Federal Contract Tower,30,0,3,0,33,1,0,34,14,49,31,0,37,14,82,70,148,218,300
02/14/2008,BQN,PR,ASO,ES,Federal Contract Tower,34,0,10,2,46,2,0,61,18,81,36,0,71,20,127,16,36,52,179
02/15/2008,BQN,PR,ASO,ES,Federal Contract Tower,27,0,8,2,37,5,0,66,13,84,32,0,74,15,121,12,20,32,153
02/16/2008,BQN,PR,ASO,ES,Federal Contract Tower,7,0,2,0,9,0,0,36,12,48,7,0,38,12,57,20,86,106,163
02/17/2008,BQN,PR,ASO,ES,Federal Contract Tower,9,0,11,0,20,0,0,42,15,57,9,0,53,15,77,34,150,184,261
02/18/2008,BQN,PR,ASO,ES,Federal Contract Tower,25,0,6,1,32,2,0,45,11,58,27,0,51,12,90,22,6,28,118
02/19/2008,BQN,PR,ASO,ES,Federal Contract Tower,30,0,5,1,36,1,0,49,22,72,31,0,54,23,108,90,81,171,279
02/20/2008,BQN,PR,ASO,ES,Federal Contract Tower,30,0,6,4,40,1,0,33,9,43,31,0,39,13,83,18,140,158,241
02/21/2008,BQN,PR,ASO,ES,Federal Contract Tower,40,0,6,3,49,1,0,33,14,48,41,0,39,17,97,22,28,50,147
02/22/2008,BQN,PR,ASO,ES,Federal Contract Tower,27,0,4,2,33,0,0,51,21,72,27,0,55,23,105,8,102,110,215
02/23/2008,BQN,PR,ASO,ES,Federal Contract Tower,6,0,9,0,15,1,0,42,11,54,7,0,51,11,69,8,0,8,77
02/24/2008,BQN,PR,ASO,ES,Federal Contract Tower,8,0,3,0,11,1,0,30,19,50,9,0,33,19,61,0,34,34,95
02/25/2008,BQN,PR,ASO,ES,Federal Contract Tower,26,0,12,1,39,6,0,37,22,65,32,0,49,23,104,2,112,114,218
02/26/2008,BQN,PR,ASO,ES,Federal Contract Tower,30,0,8,8,46,0,0,35,13,48,30,0,43,21,94,22,110,132,226
02/27/2008,BQN,PR,ASO,ES,Federal Contract Tower,31,0,6,3,40,3,0,40,22,65,34,0,46,25,105,48,132,180,285
02/28/2008,BQN,PR,ASO,ES,Federal Contract Tower,32,0,8,0,40,1,0,40,21,62,33,0,48,21,102,14,92,106,208
02/29/2008,BQN,PR,ASO,ES,Federal Contract Tower,28,0,11,1,40,0,0,51,17,68,28,0,62,18,108,36,70,106,214
03/01/2008,BQN,PR,ASO,ES,Federal Contract Tower,4,0,1,0,5,0,0,65,6,71,4,0,66,6,76,48,76,124,200
03/02/2008,BQN,PR,ASO,ES,Federal Contract Tower,6,0,3,0,9,0,0,56,5,61,6,0,59,5,70,78,124,202,272
03/03/2008,BQN,PR,ASO,ES,Federal Contract Tower,28,0,4,1,33,2,0,55,8,65,30,0,59,9,98,20,56,76,174
03/04/2008,BQN,PR,ASO,ES,Federal Contract Tower,29,0,3,1,33,7,0,24,11,42,36,0,27,12,75,46,122,168,243
03/05/2008,BQN,PR,ASO,ES,Federal Contract Tower,29,0,13,0,42,1,0,29,14,44,30,0,42,14,86,56,98,154,240
03/06/2008,BQN,PR,ASO,ES,Federal Contract Tower,33,0,6,1,40,1,0,45,23,69,34,0,51,24,109,14,160,174,283
03/07/2008,BQN,PR,ASO,ES,Federal Contract Tower,29,0,8,1,38,2,0,44,9,55,31,0,52,10,93,42,74,116,209
03/08/2008,BQN,PR,ASO,ES,Federal Contract Tower,6,0,3,1,10,1,0,65,6,72,7,0,68,7,82,56,0,56,138
03/09/2008,BQN,PR,ASO,ES,Federal Contract Tower,10,0,2,1,13,3,0,21,3,27,13,0,23,4,40,4,0,4,44
03/10/2008,BQN,PR,ASO,ES,Federal Contract Tower,24,0,5,4,33,0,0,56,15,71,24,0,61,19,104,42,4,46,150
03/11/2008,BQN,PR,ASO,ES,Federal Contract Tower,29,0,6,0,35,1,0,36,9,46,30,0,42,9,81,18,92,110,191
03/12/2008,BQN,PR,ASO,ES,Federal Contract Tower,31,0,1,4,36,1,0,37,6,44,32,0,38,10,80,66,10,76,156
03/13/2008,BQN,PR,ASO,ES,Federal Contract Tower,31,0,3,0,34,0,0,59,15,74,31,0,62,15,108,26,114,140,248
03/14/2008,BQN,PR,ASO,ES,Federal Contract Tower,27,0,12,3,42,1,0,50,8,59,28,0,62,11,101,30,16,46,147
03/15/2008,BQN,PR,ASO,ES,Federal Contract Tower,4,0,5,0,9,1,0,43,10,54,5,0,48,10,63,20,2,22,85
03/16/2008,BQN,PR,ASO,ES,Federal Contract Tower,5,0,1,1,7,0,0,18,2,20,5,0,19,3,27,10,2,12,39
03/17/2008,BQN,PR,ASO,ES,Federal Contract Tower,24,0,3,2,29,1,0,65,11,77,25,0,68,13,106,34,18,52,158
03/18/2008,BQN,PR,ASO,ES,Federal Contract Tower,34,0,7,0,41,0,0,30,13,43,34,0,37,13,84,12,104,116,200
03/19/2008,BQN,PR,ASO,ES,Federal Contract Tower,31,0,8,1,40,0,0,28,8,36,31,0,36,9,76,8,112,120,196
03/20/2008,BQN,PR,ASO,ES,Federal Contract Tower,29,0,10,2,41,1,0,27,9,37,30,0,37,11,78,20,0,20,98
03/21/2008,BQN,PR,ASO,ES,Federal Contract Tower,7,0,3,0,10,0,0,19,9,28,7,0,22,9,38,10,38,48,86
03/22/2008,BQN,PR,ASO,ES,Federal Contract Tower,3,0,2,1,6,0,0,42,8,50,3,0,44,9,56,56,0,56,112
03/23/2008,BQN,PR,ASO,ES,Federal Contract Tower,7,0,0,0,7,0,0,34,5,39,7,0,34,5,46,34,2,36,82
03/24/2008,BQN,PR,ASO,ES,Federal Contract Tower,27,0,14,1,42,1,0,54,12,67,28,0,68,13,109,20,84,104,213
03/25/2008,BQN,PR,ASO,ES,Federal Contract Tower,29,0,1,1,31,2,0,29,10,41,31,0,30,11,72,36,4,40,112
03/26/2008,BQN,PR,ASO,ES,Federal Contract Tower,31,0,8,2,41,1,0,32,4,37,32,0,40,6,78,30,52,82,160
03/27/2008,BQN,PR,ASO,ES,Federal Contract Tower,29,0,14,0,43,1,0,46,17,64,30,0,60,17,107,40,196,236,343
03/28/2008,BQN,PR,ASO,ES,Federal Contract Tower,28,0,13,1,42,1,0,44,7,52,29,0,57,8,94,44,0,44,138
03/29/2008,BQN,PR,ASO,ES,Federal Contract Tower,5,0,6,2,13,0,0,36,4,40,5,0,42,6,53,24,0,24,77
03/30/2008,BQN,PR,ASO,ES,Federal Contract Tower,7,0,5,0,12,0,0,44,4,48,7,0,49,4,60,20,0,20,80
03/31/2008,BQN,PR,ASO,ES,Federal Contract Tower,28,0,17,0,45,2,0,41,13,56,30,0,58,13,101,44,160,204,305
04/01/2008,BQN,PR,ASO,ES,Federal Contract Tower,30,0,2,2,34,1,0,31,10,42,31,0,33,12,76,46,34,80,156
04/02/2008,BQN,PR,ASO,ES,Federal Contract Tower,30,0,4,1,35,1,0,32,7,40,31,0,36,8,75,26,70,96,171
04/03/2008,BQN,PR,ASO,ES,Federal Contract Tower,36,0,3,0,39,0,0,6,1,7,36,0,9,1,46,6,0,6,52
04/04/2008,BQN,PR,ASO,ES,Federal Contract Tower,29,0,10,1,40,2,0,35,8,45,31,0,45,9,85,30,18,48,133
04/05/2008,BQN,PR,ASO,ES,Federal Contract Tower,6,0,4,0,10,0,0,31,9,40,6,0,35,9,50,18,22,40,90
04/06/2008,BQN,PR,ASO,ES,Federal Contract Tower,8,0,2,1,11,0,0,25,9,34,8,0,27,10,45,28,2,30,75
04/07/2008,BQN,PR,ASO,ES,Federal Contract Tower,27,0,2,2,31,0,0,61,6,67,27,0,63,8,98,42,6,48,146
04/08/2008,BQN,PR,ASO,ES,Federal Contract Tower,27,0,5,0,32,3,0,41,15,59,30,0,46,15,91,18,28,46,137
04/09/2008,BQN,PR,ASO,ES,Federal Contract Tower,33,0,4,1,38,1,0,42,2,45,34,0,46,3,83,36,22,58,141
04/10/2008,BQN,PR,ASO,ES,Federal Contract Tower,33,0,2,0,35,1,0,32,10,43,34,0,34,10,78,12,0,12,90
04/11/2008,BQN,PR,ASO,ES,Federal Contract Tower,31,0,9,1,41,0,0,40,19,59,31,0,49,20,100,30,62,92,192
04/12/2008,BQN,PR,ASO,ES,Federal Contract Tower,4,0,5,0,9,0,0,32,6,38,4,0,37,6,47,44,0,44,91
04/13/2008,BQN,PR,ASO,ES,Federal Contract Tower,6,0,0,0,6,0,0,15,9,24,6,0,15,9,30,6,0,6,36
04/14/2008,BQN,PR,ASO,ES,Federal Contract Tower,28,0,2,2,32,0,0,41,12,53,28,0,43,14,85,10,4,14,99
04/15/2008,BQN,PR,ASO,ES,Federal Contract Tower,28,0,2,2,32,8,0,38,5,51,36,0,40,7,83,36,92,128,211
04/16/2008,BQN,PR,ASO,ES,Federal Contract Tower,24,0,2,1,27,7,0,58,14,79,31,0,60,15,106,50,0,50,156
04/17/2008,BQN,PR,ASO,ES,Federal Contract Tower,29,0,12,4,45,2,0,38,3,43,31,0,50,7,88,36,22,58,146
04/18/2008,BQN,PR,ASO,ES,Federal Contract Tower,28,0,10,3,41,1,0,31,7,39,29,0,41,10,80,32,0,32,112
04/19/2008,BQN,PR,ASO,ES,Federal Contract Tower,5,0,0,2,7,0,0,30,5,35,5,0,30,7,42,34,0,34,76
04/20/2008,BQN,PR,ASO,ES,Federal Contract Tower,6,0,3,0,9,0,0,46,8,54,6,0,49,8,63,26,2,28,91
04/21/2008,BQN,PR,ASO,ES,Federal Contract Tower,25,0,3,2,30,4,0,61,4,69,29,0,64,6,99,54,98,152,251
04/22/2008,BQN,PR,ASO,ES,Federal Contract Tower,29,0,4,2,35,4,0,67,10,81,33,0,71,12,116,80,34,114,230
04/23/2008,BQN,PR,ASO,ES,Federal Contract Tower,29,0,6,3,38,4,0,50,6,60,33,0,56,9,98,64,90,154,252
04/24/2008,BQN,PR,ASO,ES,Federal Contract Tower,30,0,7,2,39,3,0,36,10,49,33,0,43,12,88,28,12,40,128
04/25/2008,BQN,PR,ASO,ES,Federal Contract Tower,29,0,10,2,41,1,0,40,12,53,30,0,50,14,94,10,4,14,108
04/26/2008,BQN,PR,ASO,ES,Federal Contract Tower,8,0,3,0,11,0,0,41,4,45,8,0,44,4,56,38,2,40,96
04/27/2008,BQN,PR,ASO,ES,Federal Contract Tower,9,0,2,0,11,0,0,27,6,33,9,0,29,6,44,12,6,18,62
04/28/2008,BQN,PR,ASO,ES,Federal Contract Tower,28,0,8,2,38,0,0,50,11,61,28,0,58,13,99,78,2,80,179
04/29/2008,BQN,PR,ASO,ES,Federal Contract Tower,28,0,6,1,35,3,0,40,10,53,31,0,46,11,88,44,8,52,140
04/30/2008,BQN,PR,ASO,ES,Federal Contract Tower,28,0,2,1,31,1,0,35,11,47,29,0,37,12,78,40,44,84,162
05/01/2008,BQN,PR,ASO,ES,Federal Contract Tower,35,0,6,0,41,5,0,73,11,89,40,0,79,11,130,58,12,70,200
05/02/2008,BQN,PR,ASO,ES,Federal Contract Tower,29,0,5,2,36,2,0,17,11,30,31,0,22,13,66,30,0,30,96
05/03/2008,BQN,PR,ASO,ES,Federal Contract Tower,9,0,3,1,13,1,0,47,7,55,10,0,50,8,68,44,4,48,116
05/04/2008,BQN,PR,ASO,ES,Federal Contract Tower,10,0,7,0,17,0,0,47,6,53,10,0,54,6,70,40,0,40,110
05/05/2008,BQN,PR,ASO,ES,Federal Contract Tower,30,0,5,1,36,0,0,78,7,85,30,0,83,8,121,100,2,102,223
05/06/2008,BQN,PR,ASO,ES,Federal Contract Tower,30,0,5,2,37,3,0,44,3,50,33,0,49,5,87,68,54,122,209
05/07/2008,BQN,PR,ASO,ES,Federal Contract Tower,31,0,6,2,39,6,0,70,8,84,37,0,76,10,123,81,72,153,276
05/08/2008,BQN,PR,ASO,ES,Federal Contract Tower,33,0,7,0,40,1,0,64,12,77,34,0,71,12,117,74,90,164,281
05/09/2008,BQN,PR,ASO,ES,Federal Contract Tower,26,0,5,3,34,0,0,56,16,72,26,0,61,19,106,38,86,124,230
05/10/2008,BQN,PR,ASO,ES,Federal Contract Tower,6,0,1,0,7,1,0,36,2,39,7,0,37,2,46,24,0,24,70
05/11/2008,BQN,PR,ASO,ES,Federal Contract Tower,8,0,2,0,10,0,0,31,4,35,8,0,33,4,45,14,0,14,59
05/12/2008,BQN,PR,ASO,ES,Federal Contract Tower,28,0,3,2,33,2,0,58,16,76,30,0,61,18,109,88,12,100,209
05/13/2008,BQN,PR,ASO,ES,Federal Contract Tower,27,0,8,3,38,1,0,66,6,73,28,0,74,9,111,68,24,92,203
05/14/2008,BQN,PR,ASO,ES,Federal Contract Tower,25,0,5,1,31,4,0,61,9,74,29,0,66,10,105,50,6,56,161
05/15/2008,BQN,PR,ASO,ES,Federal Contract Tower,29,0,7,1,37,3,0,53,8,64,32,0,60,9,101,64,8,72,173
05/16/2008,BQN,PR,ASO,ES,Federal Contract Tower,22,0,4,1,27,1,0,25,15,41,23,0,29,16,68,24,40,64,132
05/17/2008,BQN,PR,ASO,ES,Federal Contract Tower,10,0,1,0,11,0,0,38,3,41,10,0,39,3,52,50,2,52,104
05/18/2008,BQN,PR,ASO,ES,Federal Contract Tower,8,0,0,1,9,0,0,32,6,38,8,0,32,7,47,68,0,68,115
05/19/2008,BQN,PR,ASO,ES,Federal Contract Tower,30,0,6,0,36,1,0,59,16,76,31,0,65,16,112,38,10,48,160
05/20/2008,BQN,PR,ASO,ES,Federal Contract Tower,26,0,2,3,31,3,0,57,16,76,29,0,59,19,107,78,126,204,311
05/21/2008,BQN,PR,ASO,ES,Federal Contract Tower,25,0,5,0,30,3,0,40,1,44,28,0,45,1,74,8,86,94,168
05/22/2008,BQN,PR,ASO,ES,Federal Contract Tower,33,0,10,0,43,1,0,35,10,46,34,0,45,10,89,50,18,68,157
05/23/2008,BQN,PR,ASO,ES,Federal Contract Tower,30,0,3,1,34,4,0,43,5,52,34,0,46,6,86,56,20,76,162
05/24/2008,BQN,PR,ASO,ES,Federal Contract Tower,9,0,3,2,14,4,0,33,5,42,13,0,36,7,56,24,4,28,84
05/25/2008,BQN,PR,ASO,ES,Federal Contract Tower,8,0,1,0,9,1,0,33,2,36,9,0,34,2,45,2,20,22,67
05/26/2008,BQN,PR,ASO,ES,Federal Contract Tower,25,0,2,0,27,2,0,47,4,53,27,0,49,4,80,12,0,12,92
05/27/2008,BQN,PR,ASO,ES,Federal Contract Tower,28,0,4,2,34,2,0,47,7,56,30,0,51,9,90,56,38,94,184
05/28/2008,BQN,PR,ASO,ES,Federal Contract Tower,33,0,2,3,38,1,0,46,12,59,34,0,48,15,97,26,28,54,151
05/29/2008,BQN,PR,ASO,ES,Federal Contract Tower,30,0,3,0,33,4,0,23,14,41,34,0,26,14,74,14,32,46,120
05/30/2008,BQN,PR,ASO,ES,Federal Contract Tower,29,0,11,1,41,2,0,37,5,44,31,0,48,6,85,44,44,88,173
05/31/2008,BQN,PR,ASO,ES,Federal Contract Tower,7,0,2,0,9,0,0,31,4,35,7,0,33,4,44,42,0,42,86
06/01/2008,BQN,PR,ASO,ES,Federal Contract Tower,9,0,2,1,12,1,0,30,3,34,10,0,32,4,46,6,6,12,58
06/02/2008,BQN,PR,ASO,ES,Federal Contract Tower,27,0,10,0,37,1,0,39,3,43,28,0,49,3,80,46,2,48,128
06/03/2008,BQN,PR,ASO,ES,Federal Contract Tower,31,0,6,0,37,4,0,53,6,63,35,0,59,6,100,54,18,72,172
06/04/2008,BQN,PR,ASO,ES,Federal Contract Tower,29,0,10,2,41,2,0,55,10,67,31,0,65,12,108,28,30,58,166
06/05/2008,BQN,PR,ASO,ES,Federal Contract Tower,32,0,9,2,43,2,0,21,11,34,34,0,30,13,77,34,62,96,173
06/06/2008,BQN,PR,ASO,ES,Federal Contract Tower,29,4,7,0,40,0,0,46,11,57,29,4,53,11,97,20,4,24,121
06/07/2008,BQN,PR,ASO,ES,Federal Contract Tower,7,0,2,1,10,0,0,15,7,22,7,0,17,8,32,10,0,10,42
06/08/2008,BQN,PR,ASO,ES,Federal Contract Tower,7,4,0,2,13,0,0,33,4,37,7,4,33,6,50,10,4,14,64
06/09/2008,BQN,PR,ASO,ES,Federal Contract Tower,26,4,5,2,37,0,0,68,13,81,26,4,73,15,118,32,6,38,156
06/10/2008,BQN,PR,ASO,ES,Federal Contract Tower,30,0,6,1,37,1,0,60,14,75,31,0,66,15,112,46,28,74,186
06/11/2008,BQN,PR,ASO,ES,Federal Contract Tower,31,0,6,0,37,2,0,51,5,58,33,0,57,5,95,60,0,60,155
06/12/2008,BQN,PR,ASO,ES,Federal Contract Tower,29,4,10,1,44,3,0,51,3,57,32,4,61,4,101,90,2,92,193
06/13/2008,BQN,PR,ASO,ES,Federal Contract Tower,30,4,6,1,41,1,0,29,10,40,31,4,35,11,81,34,0,34,115
06/14/2008,BQN,PR,ASO,ES,Federal Contract Tower,7,0,0,0,7,1,0,23,4,28,8,0,23,4,35,38,0,38,73
06/15/2008,BQN,PR,ASO,ES,Federal Contract Tower,9,4,3,0,16,0,0,14,5,19,9,4,17,5,35,6,4,10,45
06/16/2008,BQN,PR,ASO,ES,Federal Contract Tower,27,4,3,0,34,0,0,56,5,61,27,4,59,5,95,100,0,100,195
06/17/2008,BQN,PR,ASO,ES,Federal Contract Tower,30,0,5,0,35,0,0,58,13,71,30,0,63,13,106,70,10,80,186
06/18/2008,BQN,PR,ASO,ES,Federal Contract Tower,31,0,13,0,44,0,0,56,3,59,31,0,69,3,103,58,0,58,161
06/19/2008,BQN,PR,ASO,ES,Federal Contract Tower,32,4,2,1,39,0,0,47,11,58,32,4,49,12,97,66,10,76,173
06/20/2008,BQN,PR,ASO,ES,Federal Contract Tower,29,4,7,2,42,0,0,53,9,62,29,4,60,11,104,36,10,46,150
06/21/2008,BQN,PR,ASO,ES,Federal Contract Tower,6,0,4,1,11,4,0,33,8,45,10,0,37,9,56,48,0,48,104
06/22/2008,BQN,PR,ASO,ES,Federal Contract Tower,8,4,3,2,17,0,0,41,7,48,8,4,44,9,65,64,40,104,169
06/23/2008,BQN,PR,ASO,ES,Federal Contract Tower,25,4,11,0,40,2,0,65,12,79,27,4,76,12,119,50,0,50,169
06/24/2008,BQN,PR,ASO,ES,Federal Contract Tower,27,0,7,2,36,2,0,30,16,48,29,0,37,18,84,34,66,100,184
06/25/2008,BQN,PR,ASO,ES,Federal Contract Tower,31,0,3,1,35,0,0,43,0,43,31,0,46,1,78,38,28,66,144
06/26/2008,BQN,PR,ASO,ES,Federal Contract Tower,31,4,5,1,41,5,0,63,5,73,36,4,68,6,114,62,30,92,206
06/27/2008,BQN,PR,ASO,ES,Federal Contract Tower,31,4,6,0,41,1,0,40,4,45,32,4,46,4,86,24,0,24,110
06/28/2008,BQN,PR,ASO,ES,Federal Contract Tower,8,0,3,0,11,0,0,5,2,7,8,0,8,2,18,14,2,16,34
06/29/2008,BQN,PR,ASO,ES,Federal Contract Tower,7,4,1,0,12,0,0,14,2,16,7,4,15,2,28,12,0,12,40
07/01/2008,BQN,PR,ASO,ES,Federal Contract Tower,29,0,2,0,31,31,0,50,8,89,60,0,52,8,120,50,0,50,170
07/02/2008,BQN,PR,ASO,ES,Federal Contract Tower,29,0,3,0,32,30,0,50,4,84,59,0,53,4,116,28,0,28,144
07/03/2008,BQN,PR,ASO,ES,Federal Contract Tower,30,4,3,0,37,32,4,43,19,98,62,8,46,19,135,34,30,64,199
07/04/2008,BQN,PR,ASO,ES,Federal Contract Tower,24,4,2,0,30,24,4,41,3,72,48,8,43,3,102,22,0,22,124
07/05/2008,BQN,PR,ASO,ES,Federal Contract Tower,5,0,0,0,5,5,0,33,3,41,10,0,33,3,46,24,0,24,70
07/06/2008,BQN,PR,ASO,ES,Federal Contract Tower,8,4,0,0,12,8,4,34,2,48,16,8,34,2,60,18,0,18,78
07/07/2008,BQN,PR,ASO,ES,Federal Contract Tower,27,4,3,0,34,30,4,84,8,126,57,8,87,8,160,114,0,114,274
07/08/2008,BQN,PR,ASO,ES,Federal Contract Tower,28,0,1,0,29,31,0,64,11,106,59,0,65,11,135,48,80,128,263
07/09/2008,BQN,PR,ASO,ES,Federal Contract Tower,34,2,2,1,39,37,2,46,11,96,71,4,48,12,135,28,24,52,187
07/10/2008,BQN,PR,ASO,ES,Federal Contract Tower,34,4,43,12,93,32,4,9,2,47,66,8,52,14,140,44,4,48,188
07/11/2008,BQN,PR,ASO,ES,Federal Contract Tower,30,4,52,9,95,29,4,9,3,45,59,8,61,12,140,34,44,78,218
07/12/2008,BQN,PR,ASO,ES,Federal Contract Tower,7,0,16,1,24,7,0,0,0,7,14,0,16,1,31,20,0,20,51
07/13/2008,BQN,PR,ASO,ES,Federal Contract Tower,7,4,2,1,14,7,4,21,4,36,14,8,23,5,50,14,4,18,68
07/14/2008,BQN,PR,ASO,ES,Federal Contract Tower,27,4,6,0,37,27,4,49,4,84,54,8,55,4,121,58,0,58,179
07/15/2008,BQN,PR,ASO,ES,Federal Contract Tower,29,0,5,1,35,30,0,49,13,92,59,0,54,14,127,22,0,22,149
07/16/2008,BQN,PR,ASO,ES,Federal Contract Tower,35,2,4,0,41,35,2,41,101,179,70,4,45,101,220,40,4,44,264
07/17/2008,BQN,PR,ASO,ES,Federal Contract Tower,31,6,6,1,44,3,6,63,11,83,34,12,69,12,127,18,22,40,167
07/18/2008,BQN,PR,ASO,ES,Federal Contract Tower,27,5,8,1,41,29,4,44,14,91,56,9,52,15,132,10,58,68,200
07/19/2008,BQN,PR,ASO,ES,Federal Contract Tower,7,0,0,0,7,7,0,18,2,27,14,0,18,2,34,18,32,50,84
07/20/2008,BQN,PR,ASO,ES,Federal Contract Tower,6,4,0,0,10,6,4,41,6,57,12,8,41,6,67,16,56,72,139
07/21/2008,BQN,PR,ASO,ES,Federal Contract Tower,28,6,6,1,41,31,6,69,13,119,59,12,75,14,160,61,40,101,261
07/22/2008,BQN,PR,ASO,ES,Federal Contract Tower,29,0,2,1,32,31,0,50,14,95,60,0,52,15,127,178,88,266,393
07/23/2008,BQN,PR,ASO,ES,Federal Contract Tower,32,2,2,0,36,34,2,58,11,105,66,4,60,11,141,70,54,124,265
07/24/2008,BQN,PR,ASO,ES,Federal Contract Tower,32,5,6,0,43,33,5,54,21,113,65,10,60,21,156,52,12,64,220
07/25/2008,BQN,PR,ASO,ES,Federal Contract Tower,24,4,6,0,34,24,4,41,5,74,48,8,47,5,108,30,0,30,138
07/26/2008,BQN,PR,ASO,ES,Federal Contract Tower,5,0,2,2,9,5,0,21,12,38,10,0,23,14,47,14,20,34,81
07/27/2008,BQN,PR,ASO,ES,Federal Contract Tower,8,4,0,0,12,8,4,41,7,60,16,8,41,7,72,20,0,20,92
07/28/2008,BQN,PR,ASO,ES,Federal Contract Tower,26,8,7,0,41,30,8,74,9,121,56,16,81,9,162,54,0,54,216
07/29/2008,BQN,PR,ASO,ES,Federal Contract Tower,32,8,5,0,45,35,8,44,9,96,67,16,49,9,141,34,46,80,221
07/30/2008,BQN,PR,ASO,ES,Federal Contract Tower,29,2,2,1,34,32,8,20,8,68,61,10,22,9,102,36,36,72,174
07/31/2008,BQN,PR,ASO,ES,Federal Contract Tower,33,4,3,3,43,35,4,43,8,90,68,8,46,11,133,14,86,100,233
08/01/2008,BQN,PR,ASO,ES,Federal Contract Tower,31,4,8,0,43,36,4,29,5,74,67,8,37,5,117,22,18,40,157
08/02/2008,BQN,PR,ASO,ES,Federal Contract Tower,7,0,2,0,9,8,0,25,1,34,15,0,27,1,43,30,0,30,73
08/03/2008,BQN,PR,ASO,ES,Federal Contract Tower,7,4,0,0,11,7,4,19,2,32,14,8,19,2,43,24,0,24,67
08/04/2008,BQN,PR,ASO,ES,Federal Contract Tower,26,4,4,0,34,28,4,46,5,83,54,8,50,5,117,66,10,76,193
08/05/2008,BQN,PR,ASO,ES,Federal Contract Tower,30,0,3,2,35,38,0,55,15,108,68,0,58,17,143,12,29,41,184
08/06/2008,BQN,PR,ASO,ES,Federal Contract Tower,32,2,4,0,38,33,2,62,11,108,65,4,66,11,146,26,52,78,224
08/07/2008,BQN,PR,ASO,ES,Federal Contract Tower,34,4,4,4,46,37,4,58,16,115,71,8,62,20,161,46,40,86,247
08/08/2008,BQN,PR,ASO,ES,Federal Contract Tower,29,4,4,1,38,0,2,35,5,42,29,6,39,6,80,12,0,12,92
08/09/2008,BQN,PR,ASO,ES,Federal Contract Tower,6,0,1,0,7,0,0,35,3,38,6,0,36,3,45,14,0,14,59
08/10/2008,BQN,PR,ASO,ES,Federal Contract Tower,6,4,2,0,12,0,0,24,3,27,6,4,26,3,39,12,0,12,51
08/11/2008,BQN,PR,ASO,ES,Federal Contract Tower,28,4,4,1,37,2,0,61,11,74,30,4,65,12,111,34,2,36,147
08/12/2008,BQN,PR,ASO,ES,Federal Contract Tower,31,0,8,2,41,0,0,42,6,48,31,0,50,8,89,8,90,98,187
08/13/2008,BQN,PR,ASO,ES,Federal Contract Tower,29,2,2,7,40,2,0,58,14,74,31,2,60,21,114,6,6,12,126
08/14/2008,BQN,PR,ASO,ES,Federal Contract Tower,33,4,1,2,40,1,0,42,14,57,34,4,43,16,97,12,114,126,223
08/15/2008,BQN,PR,ASO,ES,Federal Contract Tower,29,0,7,2,38,0,0,20,10,30,29,0,27,12,68,0,162,162,230
08/16/2008,BQN,PR,ASO,ES,Federal Contract Tower,7,0,0,1,8,1,0,13,5,19,8,0,13,6,27,20,0,20,47
08/17/2008,BQN,PR,ASO,ES,Federal Contract Tower,7,7,1,0,15,0,0,36,5,41,7,7,37,5,56,10,56,66,122
08/18/2008,BQN,PR,ASO,ES,Federal Contract Tower,31,4,5,3,43,5,0,75,19,99,36,4,80,22,142,108,86,194,336
08/19/2008,BQN,PR,ASO,ES,Federal Contract Tower,33,0,2,1,36,4,0,51,6,61,37,0,53,7,97,42,34,76,173
08/20/2008,BQN,PR,ASO,ES,Federal Contract Tower,30,2,3,3,38,1,0,44,12,57,31,2,47,15,95,34,72,106,201
08/21/2008,BQN,PR,ASO,ES,Federal Contract Tower,33,4,4,3,44,0,0,47,22,69,33,4,51,25,113,54,10,64,177
08/22/2008,BQN,PR,ASO,ES,Federal Contract Tower,34,4,7,0,45,1,0,31,12,44,35,4,38,12,89,34,66,100,189
08/23/2008,BQN,PR,ASO,ES,Federal Contract Tower,7,0,2,0,9,3,0,11,4,18,10,0,13,4,27,20,0,20,47
08/24/2008,BQN,PR,ASO,ES,Federal Contract Tower,7,4,1,0,12,0,0,40,2,42,7,4,41,2,54,30,0,30,84
08/25/2008,BQN,PR,ASO,ES,Federal Contract Tower,27,4,4,0,35,0,0,60,6,66,27,4,64,6,101,40,12,52,153
08/26/2008,BQN,PR,ASO,ES,Federal Contract Tower,33,0,1,0,34,2,0,56,19,77,35,0,57,19,111,32,96,128,239
08/27/2008,BQN,PR,ASO,ES,Federal Contract Tower,32,2,2,2,38,2,7,41,20,70,34,9,43,22,108,44,40,84,192
08/28/2008,BQN,PR,ASO,ES,Federal Contract Tower,31,4,9,0,44,0,0,48,15,63,31,4,57,15,107,88,0,88,195
08/29/2008,BQN,PR,ASO,ES,Federal Contract Tower,28,4,6,4,42,3,0,47,4,54,31,4,53,8,96,60,0,60,156
08/30/2008,BQN,PR,ASO,ES,Federal Contract Tower,8,0,3,0,11,0,0,32,9,41,8,0,35,9,52,32,2,34,86
08/31/2008,BQN,PR,ASO,ES,Federal Contract Tower,7,4,2,0,13,0,0,49,8,57,7,4,51,8,70,54,0,54,124
09/01/2008,BQN,PR,ASO,ES,Federal Contract Tower,23,4,3,2,32,2,0,64,0,66,25,4,67,2,98,26,0,26,124
09/02/2008,BQN,PR,ASO,ES,Federal Contract Tower,24,0,5,1,30,3,0,40,14,57,27,0,45,15,87,80,4,84,171
09/03/2008,BQN,PR,ASO,ES,Federal Contract Tower,27,0,3,1,31,0,0,0,2,2,27,0,3,3,33,0,2,2,35
09/04/2008,BQN,PR,ASO,ES,Federal Contract Tower,32,6,8,4,50,4,0,54,14,72,36,6,62,18,122,84,10,94,216
09/05/2008,BQN,PR,ASO,ES,Federal Contract Tower,36,4,6,0,46,0,0,43,8,51,36,4,49,8,97,40,0,40,137
09/06/2008,BQN,PR,ASO,ES,Federal Contract Tower,6,0,0,1,7,0,0,21,6,27,6,0,21,7,34,54,16,70,104
09/07/2008,BQN,PR,ASO,ES,Federal Contract Tower,8,4,1,1,14,0,0,18,11,29,8,4,19,12,43,0,20,20,63
09/08/2008,BQN,PR,ASO,ES,Federal Contract Tower,28,4,4,1,37,0,0,72,3,75,28,4,76,4,112,86,0,86,198
09/09/2008,BQN,PR,ASO,ES,Federal Contract Tower,28,0,0,0,28,2,0,36,13,51,30,0,36,13,79,24,20,44,123
09/10/2008,BQN,PR,ASO,ES,Federal Contract Tower,31,2,4,4,41,1,0,38,17,56,32,2,42,21,97,34,10,44,141
09/11/2008,BQN,PR,ASO,ES,Federal Contract Tower,30,4,0,0,34,3,0,50,9,62,33,4,50,9,96,60,0,60,156
09/12/2008,BQN,PR,ASO,ES,Federal Contract Tower,30,4,3,1,38,0,0,51,16,67,30,4,54,17,105,56,6,62,167
09/13/2008,BQN,PR,ASO,ES,Federal Contract Tower,8,0,4,0,12,0,0,29,5,34,8,0,33,5,46,20,2,22,68
09/14/2008,BQN,PR,ASO,ES,Federal Contract Tower,7,4,0,2,13,1,0,25,1,27,8,4,25,3,40,12,0,12,52
09/15/2008,BQN,PR,ASO,ES,Federal Contract Tower,29,4,5,1,39,0,0,55,7,62,29,4,60,8,101,106,4,110,211
09/16/2008,BQN,PR,ASO,ES,Federal Contract Tower,26,0,3,0,29,2,0,49,8,59,28,0,52,8,88,90,0,90,178
09/17/2008,BQN,PR,ASO,ES,Federal Contract Tower,27,2,5,4,38,1,0,52,8,61,28,2,57,12,99,110,0,110,209
09/18/2008,BQN,PR,ASO,ES,Federal Contract Tower,30,4,6,2,42,0,0,45,15,60,30,4,51,17,102,96,26,122,224
09/19/2008,BQN,PR,ASO,ES,Federal Contract Tower,30,4,8,3,45,0,0,54,23,77,30,4,62,26,122,42,28,70,192
09/20/2008,BQN,PR,ASO,ES,Federal Contract Tower,6,0,0,2,8,0,0,21,11,32,6,0,21,13,40,24,34,58,98
09/21/2008,BQN,PR,ASO,ES,Federal Contract Tower,8,4,5,0,17,0,0,29,5,34,8,4,34,5,51,10,0,10,61
09/22/2008,BQN,PR,ASO,ES,Federal Contract Tower,33,0,1,2,36,0,0,22,6,28,33,0,23,8,64,2,54,56,120
09/23/2008,BQN,PR,ASO,ES,Federal Contract Tower,28,0,3,0,31,0,0,14,12,26,28,0,17,12,57,4,50,54,111
09/24/2008,BQN,PR,ASO,ES,Federal Contract Tower,26,6,1,2,35,0,0,46,11,57,26,6,47,13,92,20,44,64,156
09/25/2008,BQN,PR,ASO,ES,Federal Contract Tower,33,4,3,1,41,0,0,42,16,58,33,4,45,17,99,82,0,82,181
09/26/2008,BQN,PR,ASO,ES,Federal Contract Tower,30,5,6,0,41,0,0,66,15,81,30,5,72,15,122,48,0,48,170
09/27/2008,BQN,PR,ASO,ES,Federal Contract Tower,6,0,4,2,12,2,0,31,2,35,8,0,35,4,47,16,34,50,97
09/28/2008,BQN,PR,ASO,ES,Federal Contract Tower,8,3,1,1,13,0,0,37,4,41,8,3,38,5,54,8,0,8,62
09/29/2008,BQN,PR,ASO,ES,Federal Contract Tower,26,4,4,1,35,2,0,66,7,75,28,4,70,8,110,94,12,106,216
09/30/2008,BQN,PR,ASO,ES,Federal Contract Tower,29,0,1,0,30,2,0,55,14,71,31,0,56,14,101,54,4,58,159
10/01/2008,BQN,PR,ASO,ES,Federal Contract Tower,27,2,12,1,42,2,0,39,10,51,29,2,51,11,93,70,0,70,163
10/02/2008,BQN,PR,ASO,ES,Federal Contract Tower,30,4,7,2,43,2,0,43,10,55,32,4,50,12,98,70,0,70,168
10/03/2008,BQN,PR,ASO,ES,Federal Contract Tower,30,4,10,5,49,0,0,68,6,74,30,4,78,11,123,74,0,74,197
10/04/2008,BQN,PR,ASO,ES,Federal Contract Tower,6,0,7,0,13,0,0,22,10,32,6,0,29,10,45,32,0,32,77
10/05/2008,BQN,PR,ASO,ES,Federal Contract Tower,7,4,4,0,15,1,0,28,7,36,8,4,32,7,51,8,0,8,59
10/06/2008,BQN,PR,ASO,ES,Federal Contract Tower,26,3,4,0,33,2,0,42,11,55,28,3,46,11,88,46,0,46,134
10/07/2008,BQN,PR,ASO,ES,Federal Contract Tower,27,0,1,2,30,1,0,46,14,61,28,0,47,16,91,74,94,168,259
10/08/2008,BQN,PR,ASO,ES,Federal Contract Tower,28,2,5,1,36,2,0,44,10,56,30,2,49,11,92,40,38,78,170
10/09/2008,BQN,PR,ASO,ES,Federal Contract Tower,22,4,6,1,33,2,0,34,22,58,24,4,40,23,91,18,116,134,225
10/10/2008,BQN,PR,ASO,ES,Federal Contract Tower,27,6,7,3,43,0,0,41,6,47,27,6,48,9,90,62,0,62,152
10/11/2008,BQN,PR,ASO,ES,Federal Contract Tower,6,0,2,1,9,1,0,16,9,26,7,0,18,10,35,28,10,38,73
10/12/2008,BQN,PR,ASO,ES,Federal Contract Tower,5,4,4,1,14,0,0,39,4,43,5,4,43,5,57,44,0,44,101
10/13/2008,BQN,PR,ASO,ES,Federal Contract Tower,23,5,12,0,40,0,0,48,9,57,23,5,60,9,97,44,0,44,141
10/14/2008,BQN,PR,ASO,ES,Federal Contract Tower,24,0,7,2,33,1,0,46,6,53,25,0,53,8,86,14,60,74,160
10/15/2008,BQN,PR,ASO,ES,Federal Contract Tower,25,2,5,2,34,6,0,157,7,170,31,2,162,9,204,26,0,26,230
10/16/2008,BQN,PR,ASO,ES,Federal Contract Tower,38,4,3,1,46,10,0,137,9,156,48,4,140,10,202,16,0,16,218
10/17/2008,BQN,PR,ASO,ES,Federal Contract Tower,29,4,2,1,36,0,0,63,15,78,29,4,65,16,114,42,104,146,260
10/18/2008,BQN,PR,ASO,ES,Federal Contract Tower,5,0,0,1,6,0,0,31,8,39,5,0,31,9,45,20,20,40,85
10/19/2008,BQN,PR,ASO,ES,Federal Contract Tower,6,4,1,0,11,0,0,29,10,39,6,4,30,10,50,50,32,82,132
10/20/2008,BQN,PR,ASO,ES,Federal Contract Tower,26,4,4,3,37,0,0,46,9,55,26,4,50,12,92,96,122,218,310
10/21/2008,BQN,PR,ASO,ES,Federal Contract Tower,28,0,11,1,40,0,0,33,9,42,28,0,44,10,82,64,6,70,152
10/22/2008,BQN,PR,ASO,ES,Federal Contract Tower,28,2,4,3,37,0,0,46,6,52,28,2,50,9,89,76,6,82,171
10/23/2008,BQN,PR,ASO,ES,Federal Contract Tower,31,4,3,4,42,1,0,56,19,76,32,4,59,23,118,56,38,94,212
10/24/2008,BQN,PR,ASO,ES,Federal Contract Tower,26,4,10,0,40,2,0,62,5,69,28,4,72,5,109,24,2,26,135
10/25/2008,BQN,PR,ASO,ES,Federal Contract Tower,5,0,2,0,7,0,0,44,5,49,5,0,46,5,56,40,0,40,96
10/26/2008,BQN,PR,ASO,ES,Federal Contract Tower,5,4,2,0,11,0,0,43,1,44,5,4,45,1,55,0,0,0,55
10/27/2008,BQN,PR,ASO,ES,Federal Contract Tower,25,4,9,0,38,0,0,42,0,42,25,4,51,0,80,4,0,4,84
10/28/2008,BQN,PR,ASO,ES,Federal Contract Tower,29,0,3,1,33,2,0,60,8,70,31,0,63,9,103,82,42,124,227
10/29/2008,BQN,PR,ASO,ES,Federal Contract Tower,28,2,6,1,37,0,0,51,24,75,28,2,57,25,112,68,12,80,192
10/30/2008,BQN,PR,ASO,ES,Federal Contract Tower,30,4,2,1,37,0,0,58,21,79,30,4,60,22,116,64,24,88,204
10/31/2008,BQN,PR,ASO,ES,Federal Contract Tower,27,4,9,2,42,0,0,43,11,54,27,4,52,13,96,24,38,62,158
11/01/2008,BQN,PR,ASO,ES,Federal Contract Tower,5,0,0,2,7,0,0,32,14,46,5,0,32,16,53,32,38,70,123
11/02/2008,BQN,PR,ASO,ES,Federal Contract Tower,6,4,1,1,12,0,0,29,1,30,6,4,30,2,42,12,72,84,126
11/03/2008,BQN,PR,ASO,ES,Federal Contract Tower,24,4,3,2,33,0,0,49,12,61,24,4,52,14,94,48,70,118,212
11/04/2008,BQN,PR,ASO,ES,Federal Contract Tower,22,0,11,0,33,0,0,41,8,49,22,0,52,8,82,48,12,60,142
11/05/2008,BQN,PR,ASO,ES,Federal Contract Tower,29,2,3,0,34,0,0,44,13,57,29,2,47,13,91,12,6,18,109
11/06/2008,BQN,PR,ASO,ES,Federal Contract Tower,31,6,1,4,42,0,0,44,8,52,31,6,45,12,94,24,144,168,262
11/07/2008,BQN,PR,ASO,ES,Federal Contract Tower,27,4,10,0,41,0,0,31,12,43,27,4,41,12,84,32,12,44,128
11/08/2008,BQN,PR,ASO,ES,Federal Contract Tower,4,0,6,2,12,1,0,29,9,39,5,0,35,11,51,26,118,144,195
11/09/2008,BQN,PR,ASO,ES,Federal Contract Tower,6,4,3,0,13,1,0,22,13,36,7,4,25,13,49,0,0,0,49
11/10/2008,BQN,PR,ASO,ES,Federal Contract Tower,23,4,3,1,31,0,0,54,13,67,23,4,57,14,98,46,108,154,252
11/11/2008,BQN,PR,ASO,ES,Federal Contract Tower,27,0,7,2,36,0,0,62,12,74,27,0,69,14,110,60,36,96,206
11/12/2008,BQN,PR,ASO,ES,Federal Contract Tower,28,3,6,3,40,1,0,69,22,92,29,3,75,25,132,8,72,80,212
11/13/2008,BQN,PR,ASO,ES,Federal Contract Tower,36,5,8,1,50,2,0,79,11,92,38,5,87,12,142,48,0,48,190
11/14/2008,BQN,PR,ASO,ES,Federal Contract Tower,28,4,8,1,41,0,0,55,17,72,28,4,63,18,113,28,46,74,187
11/15/2008,BQN,PR,ASO,ES,Federal Contract Tower,5,0,3,0,8,0,0,27,5,32,5,0,30,5,40,10,0,10,50
11/16/2008,BQN,PR,ASO,ES,Federal Contract Tower,5,4,6,0,15,0,0,32,4,36,5,4,38,4,51,4,68,72,123
11/17/2008,BQN,PR,ASO,ES,Federal Contract Tower,27,4,4,1,36,0,0,63,14,77,27,4,67,15,113,26,130,156,269
11/18/2008,BQN,PR,ASO,ES,Federal Contract Tower,30,2,6,5,43,3,0,49,12,64,33,2,55,17,107,46,24,70,177
11/19/2008,BQN,PR,ASO,ES,Federal Contract Tower,30,2,3,1,36,0,0,59,11,70,30,2,62,12,106,38,4,42,148
11/20/2008,BQN,PR,ASO,ES,Federal Contract Tower,30,4,4,0,38,0,0,71,11,82,30,4,75,11,120,78,12,90,210
11/21/2008,BQN,PR,ASO,ES,Federal Contract Tower,25,4,14,1,44,2,0,37,6,45,27,4,51,7,89,54,0,54,143
11/22/2008,BQN,PR,ASO,ES,Federal Contract Tower,5,0,1,0,6,5,0,30,7,42,10,0,31,7,48,12,42,54,102
11/23/2008,BQN,PR,ASO,ES,Federal Contract Tower,5,4,2,0,11,2,0,26,6,34,7,4,28,6,45,2,22,24,69
11/24/2008,BQN,PR,ASO,ES,Federal Contract Tower,27,4,2,3,36,1,0,81,17,99,28,4,83,20,135,74,78,152,287
11/25/2008,BQN,PR,ASO,ES,Federal Contract Tower,30,2,7,0,39,1,0,85,29,115,31,2,92,29,154,86,80,166,320
11/26/2008,BQN,PR,ASO,ES,Federal Contract Tower,30,2,15,2,49,0,0,58,7,65,30,2,73,9,114,86,4,90,204
11/27/2008,BQN,PR,ASO,ES,Federal Contract Tower,22,4,2,0,28,0,0,36,8,44,22,4,38,8,72,8,0,8,80
11/28/2008,BQN,PR,ASO,ES,Federal Contract Tower,25,4,1,2,32,1,0,43,12,56,26,4,44,14,88,16,22,38,126
11/29/2008,BQN,PR,ASO,ES,Federal Contract Tower,4,0,2,1,7,1,0,26,10,37,5,0,28,11,44,44,4,48,92
11/30/2008,BQN,PR,ASO,ES,Federal Contract Tower,9,4,7,1,21,2,0,37,1,40,11,4,44,2,61,14,0,14,75
12/01/2008,BQN,PR,ASO,ES,Federal Contract Tower,34,4,8,3,49,3,0,31,8,42,37,4,39,11,91,26,20,46,137
12/02/2008,BQN,PR,ASO,ES,Federal Contract Tower,28,2,4,2,36,0,0,65,26,91,28,2,69,28,127,36,14,50,177
12/03/2008,BQN,PR,ASO,ES,Federal Contract Tower,27,2,4,1,34,0,0,27,14,41,27,2,31,15,75,40,0,40,115
12/04/2008,BQN,PR,ASO,ES,Federal Contract Tower,31,4,4,3,42,0,0,38,16,54,31,4,42,19,96,26,32,58,154
12/05/2008,BQN,PR,ASO,ES,Federal Contract Tower,28,2,9,0,39,0,0,34,7,41,28,2,43,7,80,54,14,68,148
12/06/2008,BQN,PR,ASO,ES,Federal Contract Tower,4,0,0,1,5,2,0,10,6,18,6,0,10,7,23,38,0,38,61
12/07/2008,BQN,PR,ASO,ES,Federal Contract Tower,5,4,0,0,9,0,0,36,4,40,5,4,36,4,49,2,0,2,51
12/08/2008,BQN,PR,ASO,ES,Federal Contract Tower,30,4,10,0,44,0,0,50,25,75,30,4,60,25,119,42,2,44,163
12/09/2008,BQN,PR,ASO,ES,Federal Contract Tower,27,2,9,2,40,2,0,44,14,60,29,2,53,16,100,12,50,62,162
12/10/2008,BQN,PR,ASO,ES,Federal Contract Tower,26,2,8,1,37,2,0,45,31,78,28,2,53,32,115,70,8,78,193
12/11/2008,BQN,PR,ASO,ES,Federal Contract Tower,30,4,7,0,41,0,0,47,15,62,30,4,54,15,103,36,4,40,143
12/12/2008,BQN,PR,ASO,ES,Federal Contract Tower,27,4,7,2,40,2,0,47,12,61,29,4,54,14,101,34,12,46,147
12/13/2008,BQN,PR,ASO,ES,Federal Contract Tower,3,0,4,0,7,1,0,34,2,37,4,0,38,2,44,24,0,24,68
12/14/2008,BQN,PR,ASO,ES,Federal Contract Tower,5,4,0,0,9,0,0,24,5,29,5,4,24,5,38,64,0,64,102
12/15/2008,BQN,PR,ASO,ES,Federal Contract Tower,27,4,10,2,43,0,0,66,19,85,27,4,76,21,128,76,14,90,218
12/16/2008,BQN,PR,ASO,ES,Federal Contract Tower,31,2,10,0,43,1,0,48,15,64,32,2,58,15,107,50,96,146,253
12/17/2008,BQN,PR,ASO,ES,Federal Contract Tower,27,2,2,0,31,0,0,45,18,63,27,2,47,18,94,52,56,108,202
12/18/2008,BQN,PR,ASO,ES,Federal Contract Tower,31,6,9,3,49,1,0,59,5,65,32,6,68,8,114,42,28,70,184
12/19/2008,BQN,PR,ASO,ES,Federal Contract Tower,29,6,15,0,50,2,0,35,4,41,31,6,50,4,91,66,22,88,179
12/20/2008,BQN,PR,ASO,ES,Federal Contract Tower,5,0,7,0,12,1,0,30,5,36,6,0,37,5,48,36,0,36,84
12/21/2008,BQN,PR,ASO,ES,Federal Contract Tower,7,6,7,0,20,0,0,18,2,20,7,6,25,2,40,14,4,18,58
12/22/2008,BQN,PR,ASO,ES,Federal Contract Tower,28,6,9,0,43,0,0,79,10,89,28,6,88,10,132,110,22,132,264
12/23/2008,BQN,PR,ASO,ES,Federal Contract Tower,29,4,8,0,41,2,0,52,10,64,31,4,60,10,105,34,12,46,151
12/24/2008,BQN,PR,ASO,ES,Federal Contract Tower,28,2,4,0,34,2,0,27,2,31,30,2,31,2,65,0,0,0,65
12/25/2008,BQN,PR,ASO,ES,Federal Contract Tower,3,0,1,2,6,0,0,8,2,10,3,0,9,4,16,12,0,12,28
12/26/2008,BQN,PR,ASO,ES,Federal Contract Tower,5,6,3,0,14,0,0,20,6,26,5,6,23,6,40,16,8,24,64
12/27/2008,BQN,PR,ASO,ES,Federal Contract Tower,5,0,6,0,11,0,0,23,4,27,5,0,29,4,38,22,0,22,60
12/28/2008,BQN,PR,ASO,ES,Federal Contract Tower,5,4,3,2,14,0,0,35,10,45,5,4,38,12,59,22,46,68,127
12/29/2008,BQN,PR,ASO,ES,Federal Contract Tower,25,4,8,0,37,0,0,60,7,67,25,4,68,7,104,40,14,54,158
12/30/2008,BQN,PR,ASO,ES,Federal Contract Tower,28,2,5,0,35,0,0,43,5,48,28,2,48,5,83,28,6,34,117
12/31/2008,BQN,PR,ASO,ES,Federal Contract Tower,12,2,2,0,16,2,0,51,19,72,14,2,53,19,88,28,50,78,166
01/01/2009,BQN,PR,ASO,ES,Federal Contract Tower,3,2,2,0,7,0,0,26,10,36,3,2,28,10,43,30,0,30,73
01/02/2009,BQN,PR,ASO,ES,Federal Contract Tower,22,4,18,1,45,0,0,49,10,59,22,4,67,11,104,28,10,38,142
01/03/2009,BQN,PR,ASO,ES,Federal Contract Tower,4,2,19,0,25,0,0,21,2,23,4,2,40,2,48,2,4,6,54
01/04/2009,BQN,PR,ASO,ES,Federal Contract Tower,4,4,4,0,12,0,0,18,4,22,4,4,22,4,34,6,0,6,40
01/05/2009,BQN,PR,ASO,ES,Federal Contract Tower,19,6,13,0,38,2,0,39,15,56,21,6,52,15,94,30,50,80,174
01/06/2009,BQN,PR,ASO,ES,Federal Contract Tower,22,4,0,0,26,0,0,39,10,49,22,4,39,10,75,8,28,36,111
01/07/2009,BQN,PR,ASO,ES,Federal Contract Tower,24,4,3,2,33,2,0,36,2,40,26,4,39,4,73,90,0,90,163
01/08/2009,BQN,PR,ASO,ES,Federal Contract Tower,25,2,7,0,34,1,0,30,16,47,26,2,37,16,81,62,24,86,167
01/09/2009,BQN,PR,ASO,ES,Federal Contract Tower,27,4,11,0,42,1,0,55,20,76,28,4,66,20,118,40,16,56,174
01/10/2009,BQN,PR,ASO,ES,Federal Contract Tower,6,2,4,0,12,5,0,43,10,58,11,2,47,10,70,30,44,74,144
01/11/2009,BQN,PR,ASO,ES,Federal Contract Tower,5,2,4,0,11,2,0,31,5,38,7,2,35,5,49,10,22,32,81
01/12/2009,BQN,PR,ASO,ES,Federal Contract Tower,27,3,8,1,39,0,0,65,15,80,27,3,73,16,119,62,43,105,224
01/13/2009,BQN,PR,ASO,ES,Federal Contract Tower,30,2,1,4,37,1,0,31,11,43,31,2,32,15,80,30,58,88,168
01/14/2009,BQN,PR,ASO,ES,Federal Contract Tower,27,2,5,1,35,0,0,43,29,72,27,2,48,30,107,16,64,80,187
01/15/2009,BQN,PR,ASO,ES,Federal Contract Tower,27,2,7,3,39,1,0,48,8,57,28,2,55,11,96,20,56,76,172
01/16/2009,BQN,PR,ASO,ES,Federal Contract Tower,25,2,11,0,38,0,0,29,12,41,25,2,40,12,79,12,72,84,163
01/17/2009,BQN,PR,ASO,ES,Federal Contract Tower,4,0,4,2,10,1,0,8,7,16,5,0,12,9,26,10,4,14,40
01/18/2009,BQN,PR,ASO,ES,Federal Contract Tower,3,4,0,0,7,0,0,49,7,56,3,4,49,7,63,78,20,98,161
01/19/2009,BQN,PR,ASO,ES,Federal Contract Tower,24,2,4,1,31,0,0,64,7,71,24,2,68,8,102,58,66,124,226
01/20/2009,BQN,PR,ASO,ES,Federal Contract Tower,25,2,7,2,36,0,0,53,2,55,25,2,60,4,91,18,2,20,111
01/21/2009,BQN,PR,ASO,ES,Federal Contract Tower,24,2,6,5,37,0,0,57,11,68,24,2,63,16,105,30,36,66,171
01/22/2009,BQN,PR,ASO,ES,Federal Contract Tower,26,2,7,2,37,2,0,34,8,44,28,2,41,10,81,12,2,14,95
01/23/2009,BQN,PR,ASO,ES,Federal Contract Tower,27,3,11,2,43,1,0,36,9,46,28,3,47,11,89,12,8,20,109
01/24/2009,BQN,PR,ASO,ES,Federal Contract Tower,6,0,6,0,12,0,0,28,4,32,6,0,34,4,44,30,48,78,122
01/25/2009,BQN,PR,ASO,ES,Federal Contract Tower,5,2,6,0,13,0,0,38,6,44,5,2,44,6,57,28,92,120,177
01/26/2009,BQN,PR,ASO,ES,Federal Contract Tower,24,2,8,2,36,0,0,74,24,98,24,2,82,26,134,46,84,130,264
01/27/2009,BQN,PR,ASO,ES,Federal Contract Tower,27,0,11,3,41,1,0,59,16,76,28,0,70,19,117,52,66,118,235
01/28/2009,BQN,PR,ASO,ES,Federal Contract Tower,29,2,9,4,44,1,0,54,13,68,30,2,63,17,112,54,92,146,258
01/29/2009,BQN,PR,ASO,ES,Federal Contract Tower,29,2,4,3,38,3,0,51,18,72,32,2,55,21,110,38,76,114,224
01/30/2009,BQN,PR,ASO,ES,Federal Contract Tower,28,2,9,1,40,0,0,48,14,62,28,2,57,15,102,22,108,130,232
01/31/2009,BQN,PR,ASO,ES,Federal Contract Tower,5,0,4,0,9,0,0,51,2,53,5,0,55,2,62,56,0,56,118
02/01/2009,BQN,PR,ASO,ES,Federal Contract Tower,6,2,6,0,14,0,0,39,3,42,6,2,45,3,56,14,0,14,70
02/02/2009,BQN,PR,ASO,ES,Federal Contract Tower,31,2,4,1,38,0,0,65,9,74,31,2,69,10,112,62,4,66,178
02/03/2009,BQN,PR,ASO,ES,Federal Contract Tower,31,0,6,1,38,0,0,73,19,92,31,0,79,20,130,20,2,22,152
02/04/2009,BQN,PR,ASO,ES,Federal Contract Tower,34,0,3,1,38,3,0,57,14,74,37,0,60,15,112,28,58,86,198
02/05/2009,BQN,PR,ASO,ES,Federal Contract Tower,34,2,7,3,46,0,0,35,21,56,34,2,42,24,102,12,118,130,232
02/06/2009,BQN,PR,ASO,ES,Federal Contract Tower,37,2,16,1,56,0,0,51,15,66,37,2,67,16,122,4,92,96,218
02/07/2009,BQN,PR,ASO,ES,Federal Contract Tower,13,0,1,0,14,0,0,22,7,29,13,0,23,7,43,16,14,30,73
02/08/2009,BQN,PR,ASO,ES,Federal Contract Tower,6,2,3,1,12,0,0,26,14,40,6,2,29,15,52,4,32,36,88
02/09/2009,BQN,PR,ASO,ES,Federal Contract Tower,36,2,5,3,46,0,0,73,31,104,36,2,78,34,150,72,88,160,310
02/10/2009,BQN,PR,ASO,ES,Federal Contract Tower,34,0,8,0,42,0,0,50,17,67,34,0,58,17,109,68,76,144,253
02/11/2009,BQN,PR,ASO,ES,Federal Contract Tower,41,0,4,1,46,0,0,60,32,92,41,0,64,33,138,56,216,272,410
02/12/2009,BQN,PR,ASO,ES,Federal Contract Tower,32,0,16,3,51,0,0,49,35,84,32,0,65,38,135,96,110,206,341
02/13/2009,BQN,PR,ASO,ES,Federal Contract Tower,39,4,14,1,58,5,0,66,26,97,44,4,80,27,155,12,14,26,181
02/14/2009,BQN,PR,ASO,ES,Federal Contract Tower,12,0,1,0,13,0,0,20,15,35,12,0,21,15,48,12,16,28,76
02/15/2009,BQN,PR,ASO,ES,Federal Contract Tower,8,1,1,0,10,0,0,14,16,30,8,1,15,16,40,0,0,0,40
02/16/2009,BQN,PR,ASO,ES,Federal Contract Tower,35,4,12,3,54,2,0,56,11,69,37,4,68,14,123,20,2,22,145
02/17/2009,BQN,PR,ASO,ES,Federal Contract Tower,34,0,5,4,43,2,0,41,22,65,36,0,46,26,108,0,56,56,164
02/18/2009,BQN,PR,ASO,ES,Federal Contract Tower,37,0,7,4,48,2,0,46,19,67,39,0,53,23,115,24,70,94,209
02/19/2009,BQN,PR,ASO,ES,Federal Contract Tower,36,2,4,2,44,0,0,35,10,45,36,2,39,12,89,30,34,64,153
02/20/2009,BQN,PR,ASO,ES,Federal Contract Tower,35,2,11,3,51,2,0,53,19,74,37,2,64,22,125,46,32,78,203
02/21/2009,BQN,PR,ASO,ES,Federal Contract Tower,13,0,7,1,21,0,0,48,10,58,13,0,55,11,79,52,0,52,131
02/22/2009,BQN,PR,ASO,ES,Federal Contract Tower,10,2,1,0,13,0,0,23,9,32,10,2,24,9,45,18,4,22,67
02/23/2009,BQN,PR,ASO,ES,Federal Contract Tower,35,2,8,2,47,0,0,42,20,62,35,2,50,22,109,68,50,118,227
02/24/2009,BQN,PR,ASO,ES,Federal Contract Tower,35,0,4,2,41,1,0,31,23,55,36,0,35,25,96,50,184,234,330
02/25/2009,BQN,PR,ASO,ES,Federal Contract Tower,38,0,6,4,48,0,0,35,22,57,38,0,41,26,105,48,36,84,189
02/26/2009,BQN,PR,ASO,ES,Federal Contract Tower,37,2,4,6,49,0,0,57,22,79,37,2,61,28,128,66,156,222,350
02/27/2009,BQN,PR,ASO,ES,Federal Contract Tower,29,4,5,2,40,1,0,45,18,64,30,4,50,20,104,36,14,50,154
02/28/2009,BQN,PR,ASO,ES,Federal Contract Tower,15,0,7,1,23,0,0,30,12,42,15,0,37,13,65,6,62,68,133
03/01/2009,BQN,PR,ASO,ES,Federal Contract Tower,8,4,1,3,16,0,0,15,13,28,8,4,16,16,44,40,36,76,120
03/02/2009,BQN,PR,ASO,ES,Federal Contract Tower,36,2,7,3,48,1,0,29,10,40,37,2,36,13,88,14,4,18,106
03/03/2009,BQN,PR,ASO,ES,Federal Contract Tower,40,0,6,4,50,0,0,38,18,56,40,0,44,22,106,26,34,60,166
03/04/2009,BQN,PR,ASO,ES,Federal Contract Tower,37,0,6,7,50,0,0,33,24,57,37,0,39,31,107,32,186,218,325
03/05/2009,BQN,PR,ASO,ES,Federal Contract Tower,37,2,5,5,49,0,0,25,18,43,37,2,30,23,92,0,108,108,200
03/06/2009,BQN,PR,ASO,ES,Federal Contract Tower,37,0,22,3,62,1,0,40,15,56,38,0,62,18,118,34,28,62,180
03/07/2009,BQN,PR,ASO,ES,Federal Contract Tower,13,0,4,1,18,0,0,26,9,35,13,0,30,10,53,22,0,22,75
03/08/2009,BQN,PR,ASO,ES,Federal Contract Tower,111,2,2,0,115,1,0,31,4,36,112,2,33,4,151,24,6,30,181
03/09/2009,BQN,PR,ASO,ES,Federal Contract Tower,41,2,11,7,61,3,0,28,1,32,44,2,39,8,93,30,28,58,151
03/10/2009,BQN,PR,ASO,ES,Federal Contract Tower,37,0,6,3,46,0,0,44,13,57,37,0,50,16,103,64,122,186,289
03/11/2009,BQN,PR,ASO,ES,Federal Contract Tower,42,2,5,2,51,1,0,39,19,59,43,2,44,21,110,64,54,118,228
03/12/2009,BQN,PR,ASO,ES,Federal Contract Tower,40,2,8,12,62,0,0,47,24,71,40,2,55,36,133,38,8,46,179
03/13/2009,BQN,PR,ASO,ES,Federal Contract Tower,37,2,17,22,78,3,0,56,17,76,40,2,73,39,154,46,86,132,286
03/14/2009,BQN,PR,ASO,ES,Federal Contract Tower,15,0,5,14,34,0,0,18,9,27,15,0,23,23,61,34,16,50,111
03/15/2009,BQN,PR,ASO,ES,Federal Contract Tower,11,2,4,20,37,0,0,16,6,22,11,2,20,26,59,24,0,24,83
03/16/2009,BQN,PR,ASO,ES,Federal Contract Tower,38,2,7,3,50,1,0,34,7,42,39,2,41,10,92,20,42,62,154
03/17/2009,BQN,PR,ASO,ES,Federal Contract Tower,35,0,7,3,45,0,0,25,12,37,35,0,32,15,82,24,0,24,106
03/18/2009,BQN,PR,ASO,ES,Federal Contract Tower,39,0,3,2,44,0,0,39,7,46,39,0,42,9,90,44,80,124,214
03/19/2009,BQN,PR,ASO,ES,Federal Contract Tower,34,2,7,4,47,3,0,74,14,91,37,2,81,18,138,72,20,92,230
03/20/2009,BQN,PR,ASO,ES,Federal Contract Tower,34,2,9,0,45,1,0,58,8,67,35,2,67,8,112,56,32,88,200
03/21/2009,BQN,PR,ASO,ES,Federal Contract Tower,12,2,5,3,22,0,0,27,3,30,12,2,32,6,52,12,8,20,72
03/22/2009,BQN,PR,ASO,ES,Federal Contract Tower,10,2,3,1,16,0,0,19,3,22,10,2,22,4,38,16,10,26,64
03/23/2009,BQN,PR,ASO,ES,Federal Contract Tower,38,2,4,3,47,0,0,28,13,41,38,2,32,16,88,34,118,152,240
03/24/2009,BQN,PR,ASO,ES,Federal Contract Tower,36,0,4,4,44,0,0,31,8,39,36,0,35,12,83,44,26,70,153
03/25/2009,BQN,PR,ASO,ES,Federal Contract Tower,38,0,4,4,46,0,0,36,11,47,38,0,40,15,93,38,58,96,189
03/26/2009,BQN,PR,ASO,ES,Federal Contract Tower,35,2,2,2,41,0,0,49,22,71,35,2,51,24,112,42,120,162,274
03/27/2009,BQN,PR,ASO,ES,Federal Contract Tower,37,3,6,2,48,6,0,46,16,68,43,3,52,18,116,30,198,228,344
03/28/2009,BQN,PR,ASO,ES,Federal Contract Tower,11,0,4,1,16,0,0,29,4,33,11,0,33,5,49,52,0,52,101
03/29/2009,BQN,PR,ASO,ES,Federal Contract Tower,8,2,4,0,14,0,0,26,4,30,8,2,30,4,44,4,0,4,48
03/30/2009,BQN,PR,ASO,ES,Federal Contract Tower,38,2,6,2,48,1,0,49,17,67,39,2,55,19,115,26,70,96,211
03/31/2009,BQN,PR,ASO,ES,Federal Contract Tower,40,0,10,1,51,0,0,30,4,34,40,0,40,5,85,20,72,92,177
04/01/2009,BQN,PR,ASO,ES,Federal Contract Tower,36,2,6,1,45,2,0,42,14,58,38,2,48,15,103,40,60,100,203
04/02/2009,BQN,PR,ASO,ES,Federal Contract Tower,39,4,8,0,51,1,0,47,11,59,40,4,55,11,110,2,12,14,124
04/03/2009,BQN,PR,ASO,ES,Federal Contract Tower,31,4,5,3,43,4,0,58,12,74,35,4,63,15,117,48,8,56,173
04/04/2009,BQN,PR,ASO,ES,Federal Contract Tower,11,0,3,8,22,0,0,28,7,35,11,0,31,15,57,10,10,20,77
04/05/2009,BQN,PR,ASO,ES,Federal Contract Tower,9,4,4,4,21,1,0,30,6,37,10,4,34,10,58,34,0,34,92
04/06/2009,BQN,PR,ASO,ES,Federal Contract Tower,35,4,6,2,47,0,0,49,13,62,35,4,55,15,109,40,74,114,223
04/07/2009,BQN,PR,ASO,ES,Federal Contract Tower,35,0,4,2,41,3,0,52,11,66,38,0,56,13,107,28,190,218,325
04/08/2009,BQN,PR,ASO,ES,Federal Contract Tower,43,2,8,1,54,0,0,58,3,61,43,2,66,4,115,24,4,28,143
04/09/2009,BQN,PR,ASO,ES,Federal Contract Tower,35,4,10,1,50,2,0,80,8,90,37,4,90,9,140,38,0,38,178
04/10/2009,BQN,PR,ASO,ES,Federal Contract Tower,8,2,2,0,12,0,0,37,7,44,8,2,39,7,56,10,0,10,66
04/11/2009,BQN,PR,ASO,ES,Federal Contract Tower,12,0,4,2,18,0,0,27,7,34,12,0,31,9,52,16,0,16,68
04/12/2009,BQN,PR,ASO,ES,Federal Contract Tower,10,4,2,0,16,0,0,30,4,34,10,4,32,4,50,24,0,24,74
04/13/2009,BQN,PR,ASO,ES,Federal Contract Tower,34,4,7,1,46,1,0,43,3,47,35,4,50,4,93,32,0,32,125
04/14/2009,BQN,PR,ASO,ES,Federal Contract Tower,37,0,5,2,44,0,0,52,10,62,37,0,57,12,106,38,24,62,168
04/15/2009,BQN,PR,ASO,ES,Federal Contract Tower,41,2,2,1,46,0,0,50,11,61,41,2,52,12,107,72,20,92,199
04/16/2009,BQN,PR,ASO,ES,Federal Contract Tower,36,4,2,0,42,0,0,44,19,63,36,4,46,19,105,48,78,126,231
04/17/2009,BQN,PR,ASO,ES,Federal Contract Tower,31,4,7,5,47,2,0,59,18,79,33,4,66,23,126,34,120,154,280
04/18/2009,BQN,PR,ASO,ES,Federal Contract Tower,12,0,2,0,14,0,0,25,6,31,12,0,27,6,45,2,0,2,47
04/19/2009,BQN,PR,ASO,ES,Federal Contract Tower,10,4,0,1,15,0,0,16,9,25,10,4,16,10,40,2,72,74,114
04/20/2009,BQN,PR,ASO,ES,Federal Contract Tower,37,5,5,2,49,1,0,34,6,41,38,5,39,8,90,2,0,2,92
04/21/2009,BQN,PR,ASO,ES,Federal Contract Tower,37,0,8,1,46,0,0,74,17,91,37,0,82,18,137,54,64,118,255
04/22/2009,BQN,PR,ASO,ES,Federal Contract Tower,39,2,5,2,48,2,0,64,9,75,41,2,69,11,123,60,94,154,277
04/23/2009,BQN,PR,ASO,ES,Federal Contract Tower,35,2,9,3,49,1,0,80,23,104,36,2,89,26,153,54,80,134,287
04/24/2009,BQN,PR,ASO,ES,Federal Contract Tower,33,2,3,0,38,2,0,95,16,113,35,2,98,16,151,70,46,116,267
04/25/2009,BQN,PR,ASO,ES,Federal Contract Tower,15,0,4,0,19,0,0,82,7,89,15,0,86,7,108,94,0,94,202
04/26/2009,BQN,PR,ASO,ES,Federal Contract Tower,11,2,5,0,18,0,0,38,8,46,11,2,43,8,64,22,50,72,136
04/27/2009,BQN,PR,ASO,ES,Federal Contract Tower,36,2,6,1,45,0,0,63,3,66,36,2,69,4,111,110,0,110,221
04/28/2009,BQN,PR,ASO,ES,Federal Contract Tower,37,0,9,5,51,0,0,56,27,83,37,0,65,32,134,80,82,162,296
04/29/2009,BQN,PR,ASO,ES,Federal Contract Tower,39,2,1,3,45,0,0,66,6,72,39,2,67,9,117,20,52,72,189
04/30/2009,BQN,PR,ASO,ES,Federal Contract Tower,35,2,8,4,49,1,0,75,7,83,36,2,83,11,132,70,0,70,202
05/01/2009,BQN,PR,ASO,ES,Federal Contract Tower,33,2,7,11,53,2,0,76,9,87,35,2,83,20,140,44,4,48,188
05/02/2009,BQN,PR,ASO,ES,Federal Contract Tower,11,0,3,2,16,0,0,37,9,46,11,0,40,11,62,8,0,8,70
05/03/2009,BQN,PR,ASO,ES,Federal Contract Tower,12,2,1,7,22,0,0,24,3,27,12,2,25,10,49,4,0,4,53
05/04/2009,BQN,PR,ASO,ES,Federal Contract Tower,35,1,3,5,44,1,0,58,8,67,36,1,61,13,111,68,20,88,199
05/05/2009,BQN,PR,ASO,ES,Federal Contract Tower,41,0,2,2,45,1,0,34,2,37,42,0,36,4,82,8,42,50,132
05/06/2009,BQN,PR,ASO,ES,Federal Contract Tower,39,2,1,1,43,0,0,30,12,42,39,2,31,13,85,8,10,18,103
05/07/2009,BQN,PR,ASO,ES,Federal Contract Tower,37,2,2,4,45,1,0,38,22,61,38,2,40,26,106,70,232,302,408
05/08/2009,BQN,PR,ASO,ES,Federal Contract Tower,39,2,6,1,48,1,0,58,12,71,40,2,64,13,119,50,0,50,169
05/09/2009,BQN,PR,ASO,ES,Federal Contract Tower,11,0,5,5,21,0,0,35,10,45,11,0,40,15,66,22,2,24,90
05/10/2009,BQN,PR,ASO,ES,Federal Contract Tower,11,2,2,0,15,0,0,12,4,16,11,2,14,4,31,14,0,14,45
05/11/2009,BQN,PR,ASO,ES,Federal Contract Tower,36,2,6,2,46,1,0,41,9,51,37,2,47,11,97,38,24,62,159
05/12/2009,BQN,PR,ASO,ES,Federal Contract Tower,40,4,4,1,49,1,0,19,13,33,41,4,23,14,82,12,67,79,161
05/13/2009,BQN,PR,ASO,ES,Federal Contract Tower,40,2,4,2,48,2,0,18,19,39,42,2,22,21,87,0,0,0,87
05/14/2009,BQN,PR,ASO,ES,Federal Contract Tower,34,2,6,2,44,2,0,56,9,67,36,2,62,11,111,30,0,30,141
05/15/2009,BQN,PR,ASO,ES,Federal Contract Tower,41,1,13,4,59,0,0,77,3,80,41,1,90,7,139,44,52,96,235
05/16/2009,BQN,PR,ASO,ES,Federal Contract Tower,41,1,13,4,59,0,0,77,3,80,41,1,90,7,139,44,52,96,235
05/17/2009,BQN,PR,ASO,ES,Federal Contract Tower,12,2,2,2,18,0,0,39,8,47,12,2,41,10,65,6,24,30,95
05/18/2009,BQN,PR,ASO,ES,Federal Contract Tower,37,4,6,6,53,0,0,42,16,58,37,4,48,22,111,16,70,86,197
05/19/2009,BQN,PR,ASO,ES,Federal Contract Tower,39,2,4,1,46,1,0,51,34,86,40,2,55,35,132,58,74,132,264
05/20/2009,BQN,PR,ASO,ES,Federal Contract Tower,37,2,8,3,50,0,0,36,8,44,37,2,44,11,94,34,0,34,128
05/21/2009,BQN,PR,ASO,ES,Federal Contract Tower,37,4,3,0,44,1,0,51,11,63,38,4,54,11,107,12,2,14,121
05/22/2009,BQN,PR,ASO,ES,Federal Contract Tower,47,7,7,1,62,0,0,53,10,63,47,7,60,11,125,48,52,100,225
05/23/2009,BQN,PR,ASO,ES,Federal Contract Tower,13,0,3,4,20,0,0,45,1,46,13,0,48,5,66,22,0,22,88
05/24/2009,BQN,PR,ASO,ES,Federal Contract Tower,14,4,3,2,23,0,0,64,8,72,14,4,67,10,95,30,4,34,129
05/25/2009,BQN,PR,ASO,ES,Federal Contract Tower,26,7,8,2,43,4,0,65,5,74,30,7,73,7,117,50,6,56,173
05/26/2009,BQN,PR,ASO,ES,Federal Contract Tower,41,2,7,0,50,0,0,71,16,87,41,2,78,16,137,48,104,152,289
05/27/2009,BQN,PR,ASO,ES,Federal Contract Tower,46,2,6,0,54,0,0,76,20,96,46,2,82,20,150,120,14,134,284
05/28/2009,BQN,PR,ASO,ES,Federal Contract Tower,39,4,4,3,50,1,0,61,16,78,40,4,65,19,128,140,82,222,350
05/29/2009,BQN,PR,ASO,ES,Federal Contract Tower,39,6,13,3,61,0,0,63,0,63,39,6,76,3,124,42,0,42,166
05/30/2009,BQN,PR,ASO,ES,Federal Contract Tower,13,0,2,1,16,0,0,72,11,83,13,0,74,12,99,28,18,46,145
05/31/2009,BQN,PR,ASO,ES,Federal Contract Tower,14,2,2,0,18,0,0,52,3,55,14,2,54,3,73,2,0,2,75
06/01/2009,BQN,PR,ASO,ES,Federal Contract Tower,24,5,4,1,34,0,0,56,14,70,24,5,60,15,104,10,0,10,114
06/02/2009,BQN,PR,ASO,ES,Federal Contract Tower,29,2,8,4,43,1,0,50,7,58,30,2,58,11,101,14,34,48,149
06/03/2009,BQN,PR,ASO,ES,Federal Contract Tower,30,2,3,0,35,0,0,49,12,61,30,2,52,12,96,78,10,88,184
06/04/2009,BQN,PR,ASO,ES,Federal Contract Tower,28,4,5,3,40,2,0,78,15,95,30,4,83,18,135,58,58,116,251
06/05/2009,BQN,PR,ASO,ES,Federal Contract Tower,30,7,6,1,44,0,0,54,8,62,30,7,60,9,106,84,6,90,196
06/06/2009,BQN,PR,ASO,ES,Federal Contract Tower,6,4,8,2,20,0,0,44,4,48,6,4,52,6,68,16,0,16,84
06/07/2009,BQN,PR,ASO,ES,Federal Contract Tower,7,4,0,0,11,1,0,39,2,42,8,4,39,2,53,32,0,32,85
06/08/2009,BQN,PR,ASO,ES,Federal Contract Tower,26,7,2,4,39,1,0,49,16,66,27,7,51,20,105,68,46,114,219
06/09/2009,BQN,PR,ASO,ES,Federal Contract Tower,32,2,4,1,39,0,0,51,10,61,32,2,55,11,100,76,8,84,184
06/10/2009,BQN,PR,ASO,ES,Federal Contract Tower,29,2,5,1,37,2,0,50,9,61,31,2,55,10,98,76,4,80,178
06/11/2009,BQN,PR,ASO,ES,Federal Contract Tower,28,4,2,0,34,1,0,58,10,69,29,4,60,10,103,120,24,144,247
06/12/2009,BQN,PR,ASO,ES,Federal Contract Tower,28,6,10,2,46,0,0,47,8,55,28,6,57,10,101,70,6,76,177
06/13/2009,BQN,PR,ASO,ES,Federal Contract Tower,9,4,1,2,16,0,0,38,4,42,9,4,39,6,58,38,0,38,96
06/14/2009,BQN,PR,ASO,ES,Federal Contract Tower,8,4,0,2,14,0,0,26,11,37,8,4,26,13,51,10,34,44,95
06/15/2009,BQN,PR,ASO,ES,Federal Contract Tower,24,8,1,1,34,0,0,57,9,66,24,8,58,10,100,52,152,204,304
06/16/2009,BQN,PR,ASO,ES,Federal Contract Tower,29,2,4,0,35,0,0,43,13,56,29,2,47,13,91,66,14,80,171
06/17/2009,BQN,PR,ASO,ES,Federal Contract Tower,31,2,4,0,37,0,0,60,16,76,31,2,64,16,113,62,98,160,273
06/18/2009,BQN,PR,ASO,ES,Federal Contract Tower,33,4,3,2,42,0,0,45,7,52,33,4,48,9,94,102,0,102,196
06/19/2009,BQN,PR,ASO,ES,Federal Contract Tower,29,7,5,0,41,2,1,63,6,72,31,8,68,6,113,103,0,103,216
06/20/2009,BQN,PR,ASO,ES,Federal Contract Tower,9,4,1,0,14,0,0,32,17,49,9,4,33,17,63,6,28,34,97
06/21/2009,BQN,PR,ASO,ES,Federal Contract Tower,8,4,0,0,12,0,0,19,17,36,8,4,19,17,48,8,14,22,70
06/22/2009,BQN,PR,ASO,ES,Federal Contract Tower,24,8,5,0,37,2,0,75,9,86,26,8,80,9,123,98,68,166,289
06/23/2009,BQN,PR,ASO,ES,Federal Contract Tower,33,2,5,2,42,1,0,60,14,75,34,2,65,16,117,64,24,88,205
06/24/2009,BQN,PR,ASO,ES,Federal Contract Tower,31,2,1,3,37,2,0,62,17,81,33,2,63,20,118,34,180,214,332
06/25/2009,BQN,PR,ASO,ES,Federal Contract Tower,30,4,7,0,41,0,0,50,8,58,30,4,57,8,99,38,10,48,147
06/26/2009,BQN,PR,ASO,ES,Federal Contract Tower,29,12,6,0,47,0,0,51,11,62,29,12,57,11,109,4,26,30,139
06/27/2009,BQN,PR,ASO,ES,Federal Contract Tower,8,4,1,0,13,0,0,50,11,61,8,4,51,11,74,34,74,108,182
06/28/2009,BQN,PR,ASO,ES,Federal Contract Tower,7,4,2,1,14,0,0,33,8,41,7,4,35,9,55,16,10,26,81
06/29/2009,BQN,PR,ASO,ES,Federal Contract Tower,27,8,4,0,39,1,0,51,9,61,28,8,55,9,100,72,40,112,212
06/30/2009,BQN,PR,ASO,ES,Federal Contract Tower,26,2,4,0,32,6,0,38,6,50,32,2,42,6,82,34,18,52,134
07/01/2009,BQN,PR,ASO,ES,Federal Contract Tower,30,2,4,0,36,2,0,40,4,46,32,2,44,4,82,40,0,40,122
07/02/2009,BQN,PR,ASO,ES,Federal Contract Tower,29,4,8,1,42,1,0,49,6,56,30,4,57,7,98,20,110,130,228
07/03/2009,BQN,PR,ASO,ES,Federal Contract Tower,27,8,1,0,36,2,0,49,5,56,29,8,50,5,92,22,0,22,114
07/04/2009,BQN,PR,ASO,ES,Federal Contract Tower,5,4,0,0,9,0,0,32,7,39,5,4,32,7,48,4,0,4,52
07/05/2009,BQN,PR,ASO,ES,Federal Contract Tower,5,3,0,0,8,0,0,22,2,24,5,3,22,2,32,0,0,0,32
07/06/2009,BQN,PR,ASO,ES,Federal Contract Tower,25,8,5,0,38,0,0,37,7,44,25,8,42,7,82,4,56,60,142
07/07/2009,BQN,PR,ASO,ES,Federal Contract Tower,33,2,8,0,43,0,0,65,11,76,33,2,73,11,119,56,20,76,195
07/08/2009,BQN,PR,ASO,ES,Federal Contract Tower,29,2,6,2,39,2,0,40,8,50,31,2,46,10,89,40,44,84,173
07/09/2009,BQN,PR,ASO,ES,Federal Contract Tower,27,4,3,2,36,2,0,59,6,67,29,4,62,8,103,56,0,56,159
07/10/2009,BQN,PR,ASO,ES,Federal Contract Tower,26,6,4,5,41,2,0,31,14,47,28,6,35,19,88,40,96,136,224
07/11/2009,BQN,PR,ASO,ES,Federal Contract Tower,6,5,2,1,14,0,0,30,11,41,6,5,32,12,55,4,30,34,89
07/12/2009,BQN,PR,ASO,ES,Federal Contract Tower,5,3,0,1,9,0,0,29,10,39,5,3,29,11,48,18,20,38,86
07/13/2009,BQN,PR,ASO,ES,Federal Contract Tower,27,8,7,0,42,0,0,53,19,72,27,8,60,19,114,44,40,84,198
07/14/2009,BQN,PR,ASO,ES,Federal Contract Tower,27,2,5,2,36,3,0,39,11,53,30,2,44,13,89,46,10,56,145
07/15/2009,BQN,PR,ASO,ES,Federal Contract Tower,29,2,2,0,33,1,0,38,9,48,30,2,40,9,81,46,90,136,217
07/16/2009,BQN,PR,ASO,ES,Federal Contract Tower,32,4,2,0,38,2,0,32,12,46,34,4,34,12,84,18,6,24,108
07/17/2009,BQN,PR,ASO,ES,Federal Contract Tower,31,8,8,1,48,0,0,20,18,38,31,8,28,19,86,28,8,36,122
07/18/2009,BQN,PR,ASO,ES,Federal Contract Tower,6,8,1,2,17,0,0,14,8,22,6,8,15,10,39,4,62,66,105
07/19/2009,BQN,PR,ASO,ES,Federal Contract Tower,7,4,2,0,13,0,0,34,12,46,7,4,36,12,59,30,66,96,155
07/20/2009,BQN,PR,ASO,ES,Federal Contract Tower,29,8,8,0,45,0,0,57,22,79,29,8,65,22,124,38,88,126,250
07/21/2009,BQN,PR,ASO,ES,Federal Contract Tower,29,2,7,0,38,2,0,40,2,44,31,2,47,2,82,18,16,34,116
07/22/2009,BQN,PR,ASO,ES,Federal Contract Tower,28,2,6,3,39,1,0,41,11,53,29,2,47,14,92,24,18,42,134
07/23/2009,BQN,PR,ASO,ES,Federal Contract Tower,27,4,6,3,40,3,0,57,12,72,30,4,63,15,112,50,4,54,166
07/24/2009,BQN,PR,ASO,ES,Federal Contract Tower,28,8,5,1,42,0,0,40,16,56,28,8,45,17,98,14,10,24,122
07/25/2009,BQN,PR,ASO,ES,Federal Contract Tower,6,4,2,0,12,0,0,24,17,41,6,4,26,17,53,0,26,26,79
07/26/2009,BQN,PR,ASO,ES,Federal Contract Tower,5,4,0,0,9,0,0,33,20,53,5,4,33,20,62,90,2,92,154
07/27/2009,BQN,PR,ASO,ES,Federal Contract Tower,30,8,4,0,42,0,0,105,11,116,30,8,109,11,158,88,0,88,246
07/28/2009,BQN,PR,ASO,ES,Federal Contract Tower,29,2,2,3,36,1,0,74,14,89,30,2,76,17,125,124,28,152,277
07/29/2009,BQN,PR,ASO,ES,Federal Contract Tower,29,2,4,3,38,0,0,50,8,58,29,2,54,11,96,76,8,84,180
07/30/2009,BQN,PR,ASO,ES,Federal Contract Tower,29,4,4,3,40,3,0,46,11,60,32,4,50,14,100,24,58,82,182
07/31/2009,BQN,PR,ASO,ES,Federal Contract Tower,29,8,6,1,44,0,0,48,13,61,29,8,54,14,105,36,18,54,159
08/01/2009,BQN,PR,ASO,ES,Federal Contract Tower,6,4,1,0,11,0,0,32,6,38,6,4,33,6,49,58,30,88,137
08/02/2009,BQN,PR,ASO,ES,Federal Contract Tower,7,4,0,1,12,0,0,39,4,43,7,4,39,5,55,88,16,104,159
08/03/2009,BQN,PR,ASO,ES,Federal Contract Tower,30,8,3,4,45,1,0,75,18,94,31,8,78,22,139,84,54,138,277
08/04/2009,BQN,PR,ASO,ES,Federal Contract Tower,29,2,2,2,35,1,0,53,10,64,30,2,55,12,99,34,16,50,149
08/05/2009,BQN,PR,ASO,ES,Federal Contract Tower,30,2,4,1,37,0,0,36,20,56,30,2,40,21,93,18,0,18,111
08/06/2009,BQN,PR,ASO,ES,Federal Contract Tower,33,3,6,2,44,0,0,64,14,78,33,3,70,16,122,30,18,48,170
08/07/2009,BQN,PR,ASO,ES,Federal Contract Tower,28,4,8,3,43,1,8,64,6,79,29,12,72,9,122,90,26,116,238
08/08/2009,BQN,PR,ASO,ES,Federal Contract Tower,6,0,4,0,10,0,0,51,10,61,6,0,55,10,71,120,0,120,191
08/09/2009,BQN,PR,ASO,ES,Federal Contract Tower,7,5,1,0,13,0,0,43,6,49,7,5,44,6,62,78,14,92,154
08/10/2009,BQN,PR,ASO,ES,Federal Contract Tower,24,2,8,1,35,2,0,73,24,99,26,2,81,25,134,84,96,180,314
08/11/2009,BQN,PR,ASO,ES,Federal Contract Tower,30,0,5,2,37,0,0,55,19,74,30,0,60,21,111,28,28,56,167
08/12/2009,BQN,PR,ASO,ES,Federal Contract Tower,23,2,12,1,38,0,0,54,13,67,23,2,66,14,105,54,16,70,175
08/13/2009,BQN,PR,ASO,ES,Federal Contract Tower,36,4,7,0,47,0,0,65,17,82,36,4,72,17,129,30,82,112,241
08/14/2009,BQN,PR,ASO,ES,Federal Contract Tower,30,4,5,0,39,0,0,61,11,72,30,4,66,11,111,30,62,92,203
08/15/2009,BQN,PR,ASO,ES,Federal Contract Tower,6,0,6,3,15,0,0,53,28,81,6,0,59,31,96,38,32,70,166
08/16/2009,BQN,PR,ASO,ES,Federal Contract Tower,7,4,2,0,13,0,0,59,9,68,7,4,61,9,81,6,0,6,87
08/17/2009,BQN,PR,ASO,ES,Federal Contract Tower,26,0,1,1,28,0,0,35,14,49,26,0,36,15,77,26,76,102,179
08/18/2009,BQN,PR,ASO,ES,Federal Contract Tower,32,4,5,1,42,0,0,69,16,85,32,4,74,17,127,34,82,116,243
08/19/2009,BQN,PR,ASO,ES,Federal Contract Tower,30,2,1,3,36,0,0,31,4,35,30,2,32,7,71,8,44,52,123
08/20/2009,BQN,PR,ASO,ES,Federal Contract Tower,29,4,4,3,40,1,0,53,9,63,30,4,57,12,103,60,54,114,217
08/21/2009,BQN,PR,ASO,ES,Federal Contract Tower,30,4,8,1,43,0,0,71,33,104,30,4,79,34,147,102,30,132,279
08/22/2009,BQN,PR,ASO,ES,Federal Contract Tower,6,0,0,1,7,0,0,24,15,39,6,0,24,16,46,42,28,70,116
08/23/2009,BQN,PR,ASO,ES,Federal Contract Tower,7,4,0,2,13,0,0,37,18,55,7,4,37,20,68,30,8,38,106
08/24/2009,BQN,PR,ASO,ES,Federal Contract Tower,27,4,6,5,42,0,0,67,15,82,27,4,73,20,124,36,22,58,182
08/25/2009,BQN,PR,ASO,ES,Federal Contract Tower,29,0,2,1,32,0,0,57,10,67,29,0,59,11,99,36,28,64,163
08/26/2009,BQN,PR,ASO,ES,Federal Contract Tower,28,2,4,6,40,0,0,70,21,91,28,2,74,27,131,58,34,92,223
08/27/2009,BQN,PR,ASO,ES,Federal Contract Tower,31,2,6,3,42,2,0,48,15,65,33,2,54,18,107,52,14,66,173
08/28/2009,BQN,PR,ASO,ES,Federal Contract Tower,29,4,3,2,38,0,0,97,22,119,29,4,100,24,157,66,6,72,229
08/29/2009,BQN,PR,ASO,ES,Federal Contract Tower,6,0,0,2,8,0,0,52,8,60,6,0,52,10,68,66,34,100,168
08/30/2009,BQN,PR,ASO,ES,Federal Contract Tower,7,2,2,4,15,0,0,44,7,51,7,2,46,11,66,34,0,34,100
08/31/2009,BQN,PR,ASO,ES,Federal Contract Tower,27,4,4,0,35,0,0,88,10,98,27,4,92,10,133,62,26,88,221
09/01/2009,BQN,PR,ASO,ES,Federal Contract Tower,30,0,3,0,33,0,0,66,17,83,30,0,69,17,116,80,70,150,266
09/02/2009,BQN,PR,ASO,ES,Federal Contract Tower,30,2,5,3,40,0,0,83,19,102,30,2,88,22,142,56,40,96,238
09/03/2009,BQN,PR,ASO,ES,Federal Contract Tower,25,2,10,4,41,1,0,62,40,103,26,2,72,44,144,34,108,142,286
09/04/2009,BQN,PR,ASO,ES,Federal Contract Tower,29,6,4,2,41,2,0,44,16,62,31,6,48,18,103,20,32,52,155
09/05/2009,BQN,PR,ASO,ES,Federal Contract Tower,6,0,2,1,9,0,0,7,8,15,6,0,9,9,24,0,0,0,24
09/06/2009,BQN,PR,ASO,ES,Federal Contract Tower,7,2,2,1,12,0,0,51,0,51,7,2,53,1,63,84,0,84,147
09/07/2009,BQN,PR,ASO,ES,Federal Contract Tower,17,6,4,1,28,3,0,82,6,91,20,6,86,7,119,70,6,76,195
09/08/2009,BQN,PR,ASO,ES,Federal Contract Tower,27,0,2,1,30,2,0,60,15,77,29,0,62,16,107,106,120,226,333
09/09/2009,BQN,PR,ASO,ES,Federal Contract Tower,31,2,6,2,41,0,0,49,30,79,31,2,55,32,120,24,26,50,170
09/10/2009,BQN,PR,ASO,ES,Federal Contract Tower,28,2,2,1,33,1,0,65,13,79,29,2,67,14,112,56,60,116,228
09/11/2009,BQN,PR,ASO,ES,Federal Contract Tower,30,4,6,2,42,0,0,79,18,97,30,4,85,20,139,82,56,138,277
09/12/2009,BQN,PR,ASO,ES,Federal Contract Tower,6,0,2,1,9,0,0,55,19,74,6,0,57,20,83,50,60,110,193
09/13/2009,BQN,PR,ASO,ES,Federal Contract Tower,7,2,0,2,11,0,0,29,15,44,7,2,29,17,55,38,68,106,161
09/14/2009,BQN,PR,ASO,ES,Federal Contract Tower,28,4,9,1,42,0,0,96,13,109,28,4,105,14,151,110,102,212,363
09/15/2009,BQN,PR,ASO,ES,Federal Contract Tower,29,1,5,2,37,0,0,75,7,82,29,1,80,9,119,80,0,80,199
09/16/2009,BQN,PR,ASO,ES,Federal Contract Tower,30,2,6,4,42,0,0,53,19,72,30,2,59,23,114,40,80,120,234
09/17/2009,BQN,PR,ASO,ES,Federal Contract Tower,29,2,6,3,40,1,0,46,6,53,30,2,52,9,93,66,14,80,173
09/18/2009,BQN,PR,ASO,ES,Federal Contract Tower,31,3,8,3,45,0,0,64,7,71,31,3,72,10,116,88,70,158,274
09/19/2009,BQN,PR,ASO,ES,Federal Contract Tower,6,0,1,0,7,0,0,46,21,67,6,0,47,21,74,44,70,114,188
09/20/2009,BQN,PR,ASO,ES,Federal Contract Tower,7,2,0,2,11,0,0,42,6,48,7,2,42,8,59,26,14,40,99
09/21/2009,BQN,PR,ASO,ES,Federal Contract Tower,27,4,4,3,38,0,0,72,16,88,27,4,76,19,126,114,26,140,266
09/22/2009,BQN,PR,ASO,ES,Federal Contract Tower,33,0,4,1,38,0,0,59,14,73,33,0,63,15,111,54,58,112,223
09/23/2009,BQN,PR,ASO,ES,Federal Contract Tower,31,2,6,4,43,1,0,71,14,86,32,2,77,18,129,72,28,100,229
09/24/2009,BQN,PR,ASO,ES,Federal Contract Tower,25,2,3,0,30,0,0,65,11,76,25,2,68,11,106,76,40,116,222
09/25/2009,BQN,PR,ASO,ES,Federal Contract Tower,27,4,6,2,39,0,0,78,12,90,27,4,84,14,129,100,20,120,249
09/26/2009,BQN,PR,ASO,ES,Federal Contract Tower,8,0,0,0,8,0,0,49,13,62,8,0,49,13,70,72,22,94,164
09/27/2009,BQN,PR,ASO,ES,Federal Contract Tower,7,2,0,0,9,0,0,37,6,43,7,2,37,6,52,102,2,104,156
09/28/2009,BQN,PR,ASO,ES,Federal Contract Tower,27,4,10,0,41,0,0,77,14,91,27,4,87,14,132,100,66,166,298
09/29/2009,BQN,PR,ASO,ES,Federal Contract Tower,28,0,6,4,38,0,0,80,16,96,28,0,86,20,134,124,14,138,272
09/30/2009,BQN,PR,ASO,ES,Federal Contract Tower,26,2,4,1,33,2,0,44,10,56,28,2,48,11,89,40,14,54,143
10/01/2009,BQN,PR,ASO,ES,Federal Contract Tower,29,2,8,0,39,0,0,67,4,71,29,2,75,4,110,54,6,60,170
10/02/2009,BQN,PR,ASO,ES,Federal Contract Tower,25,4,9,2,40,0,0,57,2,59,25,4,66,4,99,144,6,150,249
10/03/2009,BQN,PR,ASO,ES,Federal Contract Tower,6,0,4,0,10,0,0,41,1,42,6,0,45,1,52,134,2,136,188
10/04/2009,BQN,PR,ASO,ES,Federal Contract Tower,8,2,3,0,13,0,0,63,2,65,8,2,66,2,78,170,10,180,258
10/05/2009,BQN,PR,ASO,ES,Federal Contract Tower,29,4,4,1,38,0,0,80,15,95,29,4,84,16,133,160,32,192,325
10/06/2009,BQN,PR,ASO,ES,Federal Contract Tower,18,0,2,0,20,0,0,89,19,108,18,0,91,19,128,154,20,174,302
10/07/2009,BQN,PR,ASO,ES,Federal Contract Tower,28,2,4,1,35,1,0,46,10,57,29,2,50,11,92,60,18,78,170
10/08/2009,BQN,PR,ASO,ES,Federal Contract Tower,29,1,3,1,34,1,0,75,16,92,30,1,78,17,126,70,110,180,306
10/09/2009,BQN,PR,ASO,ES,Federal Contract Tower,24,4,9,1,38,3,0,65,7,75,27,4,74,8,113,64,6,70,183
10/10/2009,BQN,PR,ASO,ES,Federal Contract Tower,8,0,5,0,13,0,0,39,4,43,8,0,44,4,56,76,2,78,134
10/11/2009,BQN,PR,ASO,ES,Federal Contract Tower,7,1,3,1,12,0,1,54,12,67,7,2,57,13,79,86,4,90,169
10/12/2009,BQN,PR,ASO,ES,Federal Contract Tower,26,4,4,1,35,1,0,77,6,84,27,4,81,7,119,74,24,98,217
10/13/2009,BQN,PR,ASO,ES,Federal Contract Tower,28,0,2,0,30,0,0,65,7,72,28,0,67,7,102,68,116,184,286
10/14/2009,BQN,PR,ASO,ES,Federal Contract Tower,25,3,3,2,33,0,1,65,8,74,25,4,68,10,107,38,66,104,211
10/15/2009,BQN,PR,ASO,ES,Federal Contract Tower,29,2,5,1,37,0,0,57,18,75,29,2,62,19,112,134,30,164,276
10/16/2009,BQN,PR,ASO,ES,Federal Contract Tower,27,4,4,2,37,0,0,65,14,79,27,4,69,16,116,58,40,98,214
10/17/2009,BQN,PR,ASO,ES,Federal Contract Tower,4,0,1,0,5,0,0,30,10,40,4,0,31,10,45,14,102,116,161
10/18/2009,BQN,PR,ASO,ES,Federal Contract Tower,7,2,4,0,13,0,0,58,5,63,7,2,62,5,76,72,4,76,152
10/19/2009,BQN,PR,ASO,ES,Federal Contract Tower,30,4,13,0,47,0,0,90,16,106,30,4,103,16,153,178,98,276,429
10/20/2009,BQN,PR,ASO,ES,Federal Contract Tower,31,0,6,2,39,3,0,73,17,93,34,0,79,19,132,94,68,162,294
10/21/2009,BQN,PR,ASO,ES,Federal Contract Tower,27,2,2,3,34,0,0,61,19,80,27,2,63,22,114,94,26,120,234
10/22/2009,BQN,PR,ASO,ES,Federal Contract Tower,26,2,0,1,29,0,0,54,10,64,26,2,54,11,93,70,22,92,185
10/23/2009,BQN,PR,ASO,ES,Federal Contract Tower,30,3,14,3,50,0,0,62,18,80,30,3,76,21,130,78,8,86,216
10/24/2009,BQN,PR,ASO,ES,Federal Contract Tower,10,0,3,2,15,0,0,44,20,64,10,0,47,22,79,44,28,72,151
10/25/2009,BQN,PR,ASO,ES,Federal Contract Tower,14,2,5,1,22,0,0,47,11,58,14,2,52,12,80,44,52,96,176
10/26/2009,BQN,PR,ASO,ES,Federal Contract Tower,27,4,7,1,39,0,0,69,13,82,27,4,76,14,121,38,100,138,259
10/27/2009,BQN,PR,ASO,ES,Federal Contract Tower,27,0,5,1,33,0,0,46,16,62,27,0,51,17,95,62,68,130,225
10/28/2009,BQN,PR,ASO,ES,Federal Contract Tower,31,1,6,4,42,1,0,47,8,56,32,1,53,12,98,34,110,144,242
10/29/2009,BQN,PR,ASO,ES,Federal Contract Tower,33,2,5,2,42,0,0,40,24,64,33,2,45,26,106,6,64,70,176
10/30/2009,BQN,PR,ASO,ES,Federal Contract Tower,36,4,10,1,51,0,0,38,12,50,36,4,48,13,101,58,4,62,163
10/31/2009,BQN,PR,ASO,ES,Federal Contract Tower,7,0,3,0,10,0,0,36,8,44,7,0,39,8,54,56,28,84,138
11/01/2009,BQN,PR,ASO,ES,Federal Contract Tower,12,2,0,0,14,1,0,34,4,39,13,2,34,4,53,30,8,38,91
11/02/2009,BQN,PR,ASO,ES,Federal Contract Tower,29,4,8,2,43,0,0,54,11,65,29,4,62,13,108,26,28,54,162
11/03/2009,BQN,PR,ASO,ES,Federal Contract Tower,28,0,12,0,40,1,0,41,7,49,29,0,53,7,89,82,6,88,177
11/04/2009,BQN,PR,ASO,ES,Federal Contract Tower,36,2,5,0,43,0,4,43,1,48,36,6,48,1,91,26,4,30,121
11/05/2009,BQN,PR,ASO,ES,Federal Contract Tower,31,2,11,1,45,4,0,57,8,69,35,2,68,9,114,86,28,114,228
11/06/2009,BQN,PR,ASO,ES,Federal Contract Tower,29,4,7,1,41,3,0,37,9,49,32,4,44,10,90,52,0,52,142
11/07/2009,BQN,PR,ASO,ES,Federal Contract Tower,6,0,2,4,12,0,0,50,10,60,6,0,52,14,72,70,0,70,142
11/08/2009,BQN,PR,ASO,ES,Federal Contract Tower,11,1,0,0,12,0,1,33,9,43,11,2,33,9,55,52,0,52,107
11/09/2009,BQN,PR,ASO,ES,Federal Contract Tower,22,4,3,2,31,0,0,69,13,82,22,4,72,15,113,62,12,74,187
11/10/2009,BQN,PR,ASO,ES,Federal Contract Tower,34,0,7,2,43,0,0,53,8,61,34,0,60,10,104,94,30,124,228
11/11/2009,BQN,PR,ASO,ES,Federal Contract Tower,34,2,3,1,40,0,0,54,11,65,34,2,57,12,105,122,34,156,261
11/12/2009,BQN,PR,ASO,ES,Federal Contract Tower,36,2,10,2,50,2,0,70,13,85,38,2,80,15,135,114,84,198,333
11/13/2009,BQN,PR,ASO,ES,Federal Contract Tower,28,3,6,6,43,2,0,67,13,82,30,3,73,19,125,106,116,222,347
11/14/2009,BQN,PR,ASO,ES,Federal Contract Tower,6,0,3,0,9,0,0,31,8,39,6,0,34,8,48,14,58,72,120
11/15/2009,BQN,PR,ASO,ES,Federal Contract Tower,10,2,5,0,17,0,0,36,2,38,10,2,41,2,55,34,0,34,89
11/16/2009,BQN,PR,ASO,ES,Federal Contract Tower,25,4,7,3,39,3,0,50,6,59,28,4,57,9,98,36,32,68,166
11/17/2009,BQN,PR,ASO,ES,Federal Contract Tower,27,0,7,3,37,0,0,40,11,51,27,0,47,14,88,48,38,86,174
11/18/2009,BQN,PR,ASO,ES,Federal Contract Tower,33,2,6,1,42,1,0,46,4,51,34,2,52,5,93,50,36,86,179
11/19/2009,BQN,PR,ASO,ES,Federal Contract Tower,39,2,5,3,49,5,0,81,11,97,44,2,86,14,146,74,4,78,224
11/20/2009,BQN,PR,ASO,ES,Federal Contract Tower,26,4,6,0,36,0,0,56,14,70,26,4,62,14,106,54,12,66,172
11/21/2009,BQN,PR,ASO,ES,Federal Contract Tower,9,0,4,0,13,0,0,22,6,28,9,0,26,6,41,34,32,66,107
11/22/2009,BQN,PR,ASO,ES,Federal Contract Tower,14,2,2,0,18,0,0,44,4,48,14,2,46,4,66,78,36,114,180
11/23/2009,BQN,PR,ASO,ES,Federal Contract Tower,28,4,5,1,38,1,0,80,6,87,29,4,85,7,125,142,14,156,281
11/24/2009,BQN,PR,ASO,ES,Federal Contract Tower,29,0,7,1,37,1,0,89,10,100,30,0,96,11,137,144,4,148,285
11/25/2009,BQN,PR,ASO,ES,Federal Contract Tower,35,11,6,0,52,0,0,43,6,49,35,11,49,6,101,22,0,22,123
11/26/2009,BQN,PR,ASO,ES,Federal Contract Tower,19,4,4,0,27,4,0,44,8,56,23,4,48,8,83,22,4,26,109
11/27/2009,BQN,PR,ASO,ES,Federal Contract Tower,31,4,3,1,39,2,0,68,2,72,33,4,71,3,111,92,2,94,205
11/28/2009,BQN,PR,ASO,ES,Federal Contract Tower,7,0,5,0,12,2,0,28,3,33,9,0,33,3,45,60,4,64,109
11/29/2009,BQN,PR,ASO,ES,Federal Contract Tower,16,12,1,1,30,0,0,48,2,50,16,12,49,3,80,44,0,44,124
11/30/2009,BQN,PR,ASO,ES,Federal Contract Tower,27,4,7,2,40,2,0,64,11,77,29,4,71,13,117,48,76,124,241
12/01/2009,BQN,PR,ASO,ES,Federal Contract Tower,35,0,7,0,42,1,0,55,20,76,36,0,62,20,118,62,38,100,218
12/02/2009,BQN,PR,ASO,ES,Federal Contract Tower,39,2,5,1,47,1,0,47,6,54,40,2,52,7,101,110,8,118,219
12/03/2009,BQN,PR,ASO,ES,Federal Contract Tower,38,2,7,2,49,2,0,52,10,64,40,2,59,12,113,76,158,234,347
12/04/2009,BQN,PR,ASO,ES,Federal Contract Tower,29,4,10,3,46,1,0,46,11,58,30,4,56,14,104,36,22,58,162
12/05/2009,BQN,PR,ASO,ES,Federal Contract Tower,10,0,4,1,15,7,0,27,14,48,17,0,31,15,63,26,48,74,137
12/06/2009,BQN,PR,ASO,ES,Federal Contract Tower,12,2,2,0,16,0,0,40,5,45,12,2,42,5,61,54,0,54,115
12/07/2009,BQN,PR,ASO,ES,Federal Contract Tower,31,4,7,1,43,0,0,61,24,85,31,4,68,25,128,44,182,226,354
12/08/2009,BQN,PR,ASO,ES,Federal Contract Tower,32,0,4,0,36,0,0,51,2,53,32,0,55,2,89,42,0,42,131
12/09/2009,BQN,PR,ASO,ES,Federal Contract Tower,39,2,10,1,52,0,0,29,9,38,39,2,39,10,90,16,62,78,168
12/10/2009,BQN,PR,ASO,ES,Federal Contract Tower,35,2,8,2,47,4,0,61,18,83,39,2,69,20,130,34,30,64,194
12/11/2009,BQN,PR,ASO,ES,Federal Contract Tower,36,4,8,0,48,0,0,64,10,74,36,4,72,10,122,52,2,54,176
12/12/2009,BQN,PR,ASO,ES,Federal Contract Tower,9,0,3,2,14,0,0,16,13,29,9,0,19,15,43,12,44,56,99
12/13/2009,BQN,PR,ASO,ES,Federal Contract Tower,14,2,1,4,21,0,0,51,7,58,14,2,52,11,79,60,16,76,155
12/14/2009,BQN,PR,ASO,ES,Federal Contract Tower,32,4,7,0,43,0,0,84,18,102,32,4,91,18,145,112,48,160,305
12/15/2009,BQN,PR,ASO,ES,Federal Contract Tower,34,0,4,0,38,0,0,51,16,67,34,0,55,16,105,50,40,90,195
12/16/2009,BQN,PR,ASO,ES,Federal Contract Tower,43,2,3,0,48,1,0,39,15,55,44,2,42,15,103,22,108,130,233
12/17/2009,BQN,PR,ASO,ES,Federal Contract Tower,40,2,5,2,49,1,0,46,8,55,41,2,51,10,104,26,52,78,182
12/18/2009,BQN,PR,ASO,ES,Federal Contract Tower,31,4,11,1,47,0,0,40,2,42,31,4,51,3,89,12,0,12,101
12/19/2009,BQN,PR,ASO,ES,Federal Contract Tower,18,0,6,1,25,1,0,34,10,45,19,0,40,11,70,70,0,70,140
12/20/2009,BQN,PR,ASO,ES,Federal Contract Tower,11,2,6,0,19,0,0,25,5,30,11,2,31,5,49,48,24,72,121
12/21/2009,BQN,PR,ASO,ES,Federal Contract Tower,33,4,2,0,39,0,0,35,10,45,33,4,37,10,84,50,44,94,178
12/22/2009,BQN,PR,ASO,ES,Federal Contract Tower,32,0,3,1,36,0,0,51,10,61,32,0,54,11,97,54,48,102,199
12/23/2009,BQN,PR,ASO,ES,Federal Contract Tower,36,2,3,0,41,0,0,50,4,54,36,2,53,4,95,14,0,14,109
12/24/2009,BQN,PR,ASO,ES,Federal Contract Tower,33,2,7,1,43,0,0,29,6,35,33,2,36,7,78,34,38,72,150
12/25/2009,BQN,PR,ASO,ES,Federal Contract Tower,8,4,2,0,14,0,0,23,0,23,8,4,25,0,37,22,0,22,59
12/26/2009,BQN,PR,ASO,ES,Federal Contract Tower,9,0,4,1,14,0,0,25,6,31,9,0,29,7,45,56,4,60,105
12/27/2009,BQN,PR,ASO,ES,Federal Contract Tower,14,2,4,1,21,0,0,43,15,58,14,2,47,16,79,4,18,22,101
12/28/2009,BQN,PR,ASO,ES,Federal Contract Tower,27,4,0,0,31,0,0,59,12,71,27,4,59,12,102,38,32,70,172
12/29/2009,BQN,PR,ASO,ES,Federal Contract Tower,33,0,0,0,33,1,0,45,8,54,34,0,45,8,87,22,24,46,133
12/30/2009,BQN,PR,ASO,ES,Federal Contract Tower,40,2,15,0,57,0,0,52,13,65,40,2,67,13,122,24,80,104,226
12/31/2009,BQN,PR,ASO,ES,Federal Contract Tower,22,2,5,0,29,2,0,45,8,55,24,2,50,8,84,38,64,102,186
01/01/2010,BQN,PR,ASO,ES,Federal Contract Tower,10,2,2,0,14,0,0,44,4,48,10,2,46,4,62,6,26,32,94
01/02/2010,BQN,PR,ASO,ES,Federal Contract Tower,10,0,13,0,23,0,0,40,3,43,10,0,53,3,66,94,0,94,160
01/03/2010,BQN,PR,ASO,ES,Federal Contract Tower,12,2,3,1,18,0,0,37,5,42,12,2,40,6,60,24,32,56,116
01/04/2010,BQN,PR,ASO,ES,Federal Contract Tower,25,2,4,0,31,0,0,72,2,74,25,2,76,2,105,198,4,202,307
01/05/2010,BQN,PR,ASO,ES,Federal Contract Tower,30,0,6,0,36,1,0,50,3,54,31,0,56,3,90,56,2,58,148
01/06/2010,BQN,PR,ASO,ES,Federal Contract Tower,23,2,6,0,31,1,0,40,2,43,24,2,46,2,74,60,0,60,134
01/07/2010,BQN,PR,ASO,ES,Federal Contract Tower,38,2,9,1,50,0,0,56,4,60,38,2,65,5,110,64,128,192,302
01/08/2010,BQN,PR,ASO,ES,Federal Contract Tower,37,2,16,0,55,0,0,55,14,69,37,2,71,14,124,36,6,42,166
01/09/2010,BQN,PR,ASO,ES,Federal Contract Tower,8,0,8,1,17,3,0,27,5,35,11,0,35,6,52,28,56,84,136
01/10/2010,BQN,PR,ASO,ES,Federal Contract Tower,12,2,5,1,20,0,0,44,5,49,12,2,49,6,69,2,0,2,71
01/11/2010,BQN,PR,ASO,ES,Federal Contract Tower,30,2,8,1,41,1,0,76,6,83,31,2,84,7,124,82,40,122,246
01/12/2010,BQN,PR,ASO,ES,Federal Contract Tower,30,0,6,0,36,0,0,66,12,78,30,0,72,12,114,66,42,108,222
01/13/2010,BQN,PR,ASO,ES,Federal Contract Tower,36,2,7,4,49,1,1,71,8,81,37,3,78,12,130,92,0,92,222
01/14/2010,BQN,PR,ASO,ES,Federal Contract Tower,33,2,14,8,57,0,1,36,7,44,33,3,50,15,101,10,8,18,119
01/15/2010,BQN,PR,ASO,ES,Federal Contract Tower,31,2,21,5,59,0,0,0,0,0,31,2,21,5,59,2,0,2,61
01/16/2010,BQN,PR,ASO,ES,Federal Contract Tower,11,0,2,10,23,0,0,23,4,27,11,0,25,14,50,2,2,4,54
01/17/2010,BQN,PR,ASO,ES,Federal Contract Tower,12,2,3,7,24,0,0,28,4,32,12,2,31,11,56,6,26,32,88
01/18/2010,BQN,PR,ASO,ES,Federal Contract Tower,29,2,9,7,47,1,0,76,3,80,30,2,85,10,127,74,30,104,231
01/19/2010,BQN,PR,ASO,ES,Federal Contract Tower,30,0,6,6,42,1,0,46,12,59,31,0,52,18,101,66,24,90,191
01/20/2010,BQN,PR,ASO,ES,Federal Contract Tower,42,2,5,10,59,1,0,67,5,73,43,2,72,15,132,102,46,148,280
01/21/2010,BQN,PR,ASO,ES,Federal Contract Tower,26,2,5,8,41,0,0,50,8,58,26,2,55,16,99,80,50,130,229
01/22/2010,BQN,PR,ASO,ES,Federal Contract Tower,44,2,20,9,75,1,0,49,20,70,45,2,69,29,145,40,0,40,185
01/23/2010,BQN,PR,ASO,ES,Federal Contract Tower,9,0,4,7,20,0,0,27,8,35,9,0,31,15,55,58,4,62,117
01/24/2010,BQN,PR,ASO,ES,Federal Contract Tower,11,2,7,7,27,0,0,44,9,53,11,2,51,16,80,22,0,22,102
01/25/2010,BQN,PR,ASO,ES,Federal Contract Tower,23,2,9,10,44,0,0,63,25,88,23,2,72,35,132,114,66,180,312
01/26/2010,BQN,PR,ASO,ES,Federal Contract Tower,34,0,6,10,50,1,0,50,12,63,35,0,56,22,113,40,0,40,153
01/27/2010,BQN,PR,ASO,ES,Federal Contract Tower,33,2,8,9,52,2,0,70,6,78,35,2,78,15,130,80,8,88,218
01/28/2010,BQN,PR,ASO,ES,Federal Contract Tower,36,2,8,13,59,0,0,40,17,57,36,2,48,30,116,58,72,130,246
01/29/2010,BQN,PR,ASO,ES,Federal Contract Tower,35,2,10,5,52,0,0,58,5,63,35,2,68,10,115,138,46,184,299
01/30/2010,BQN,PR,ASO,ES,Federal Contract Tower,8,0,2,2,12,0,0,51,5,56,8,0,53,7,68,26,24,50,118
01/31/2010,BQN,PR,ASO,ES,Federal Contract Tower,11,2,5,4,22,0,0,41,2,43,11,2,46,6,65,60,14,74,139
02/01/2010,BQN,PR,ASO,ES,Federal Contract Tower,24,2,6,5,37,1,0,73,6,80,25,2,79,11,117,88,100,188,305
02/02/2010,BQN,PR,ASO,ES,Federal Contract Tower,32,0,11,5,48,0,0,64,9,73,32,0,75,14,121,156,116,272,393
02/03/2010,BQN,PR,ASO,ES,Federal Contract Tower,36,0,6,6,48,1,0,51,14,66,37,0,57,20,114,62,44,106,220
02/04/2010,BQN,PR,ASO,ES,Federal Contract Tower,33,2,7,3,45,2,0,42,7,51,35,2,49,10,96,28,0,28,124
02/05/2010,BQN,PR,ASO,ES,Federal Contract Tower,37,0,11,1,49,2,0,57,13,72,39,0,68,14,121,56,4,60,181
02/06/2010,BQN,PR,ASO,ES,Federal Contract Tower,10,0,1,4,15,2,0,37,9,48,12,0,38,13,63,18,12,30,93
02/07/2010,BQN,PR,ASO,ES,Federal Contract Tower,14,2,0,6,22,0,0,39,5,44,14,2,39,11,66,30,40,70,136
02/08/2010,BQN,PR,ASO,ES,Federal Contract Tower,28,2,3,5,38,0,0,69,14,83,28,2,72,19,121,70,50,120,241
02/09/2010,BQN,PR,ASO,ES,Federal Contract Tower,30,0,6,7,43,3,0,64,17,84,33,0,70,24,127,56,112,168,295
02/10/2010,BQN,PR,ASO,ES,Federal Contract Tower,39,2,8,3,52,0,0,38,19,57,39,2,46,22,109,46,64,110,219
02/11/2010,BQN,PR,ASO,ES,Federal Contract Tower,31,2,12,5,50,2,0,56,18,76,33,2,68,23,126,16,136,152,278
02/12/2010,BQN,PR,ASO,ES,Federal Contract Tower,31,2,7,8,48,1,0,29,19,49,32,2,36,27,97,66,64,130,227
02/13/2010,BQN,PR,ASO,ES,Federal Contract Tower,9,0,5,5,19,0,0,31,1,32,9,0,36,6,51,18,0,18,69
02/14/2010,BQN,PR,ASO,ES,Federal Contract Tower,9,2,2,4,17,0,0,32,22,54,9,2,34,26,71,0,26,26,97
02/15/2010,BQN,PR,ASO,ES,Federal Contract Tower,25,2,5,4,36,1,0,45,8,54,26,2,50,12,90,28,74,102,192
02/16/2010,BQN,PR,ASO,ES,Federal Contract Tower,27,0,8,5,40,1,0,31,23,55,28,0,39,28,95,14,44,58,153
02/17/2010,BQN,PR,ASO,ES,Federal Contract Tower,41,2,13,5,61,2,0,39,1,42,43,2,52,6,103,42,0,42,145
02/18/2010,BQN,PR,ASO,ES,Federal Contract Tower,40,0,2,4,46,1,0,60,9,70,41,0,62,13,116,50,6,56,172
02/19/2010,BQN,PR,ASO,ES,Federal Contract Tower,30,1,12,2,45,0,1,35,4,40,30,2,47,6,85,72,58,130,215
02/20/2010,BQN,PR,ASO,ES,Federal Contract Tower,14,0,5,0,19,0,0,7,0,7,14,0,12,0,26,4,0,4,30
02/21/2010,BQN,PR,ASO,ES,Federal Contract Tower,10,2,3,3,18,0,0,46,3,49,10,2,49,6,67,38,10,48,115
02/22/2010,BQN,PR,ASO,ES,Federal Contract Tower,27,2,5,2,36,0,0,57,8,65,27,2,62,10,101,56,18,74,175
02/23/2010,BQN,PR,ASO,ES,Federal Contract Tower,33,0,7,4,44,1,0,49,7,57,34,0,56,11,101,8,40,48,149
02/24/2010,BQN,PR,ASO,ES,Federal Contract Tower,40,2,6,6,54,0,0,50,18,68,40,2,56,24,122,70,26,96,218
02/25/2010,BQN,PR,ASO,ES,Federal Contract Tower,33,1,10,4,48,1,0,62,19,82,34,1,72,23,130,96,24,120,250
02/26/2010,BQN,PR,ASO,ES,Federal Contract Tower,33,0,23,2,58,0,0,11,0,11,33,0,34,2,69,2,0,2,71
02/27/2010,BQN,PR,ASO,ES,Federal Contract Tower,17,0,7,0,24,1,0,42,12,55,18,0,49,12,79,28,62,90,169
02/28/2010,BQN,PR,ASO,ES,Federal Contract Tower,11,2,2,2,17,2,0,55,5,62,13,2,57,7,79,30,10,40,119
03/01/2010,BQN,PR,ASO,ES,Federal Contract Tower,26,2,7,1,36,2,0,44,5,51,28,2,51,6,87,40,44,84,171
03/02/2010,BQN,PR,ASO,ES,Federal Contract Tower,27,0,8,1,36,0,0,40,14,54,27,0,48,15,90,30,58,88,178
03/03/2010,BQN,PR,ASO,ES,Federal Contract Tower,29,2,4,1,36,1,0,44,7,52,30,2,48,8,88,70,76,146,234
03/04/2010,BQN,PR,ASO,ES,Federal Contract Tower,34,3,4,4,45,0,0,27,15,42,34,3,31,19,87,28,56,84,171
03/05/2010,BQN,PR,ASO,ES,Federal Contract Tower,33,2,13,4,52,0,0,49,6,55,33,2,62,10,107,42,32,74,181
03/06/2010,BQN,PR,ASO,ES,Federal Contract Tower,6,0,5,2,13,0,0,11,9,20,6,0,16,11,33,52,0,52,85
03/07/2010,BQN,PR,ASO,ES,Federal Contract Tower,12,2,11,1,26,0,0,8,2,10,12,2,19,3,36,10,0,10,46
03/08/2010,BQN,PR,ASO,ES,Federal Contract Tower,25,2,8,0,35,1,0,39,10,50,26,2,47,10,85,36,52,88,173
03/09/2010,BQN,PR,ASO,ES,Federal Contract Tower,28,0,4,3,35,1,0,49,9,59,29,0,53,12,94,96,60,156,250
03/10/2010,BQN,PR,ASO,ES,Federal Contract Tower,33,2,6,1,42,1,0,36,11,48,34,2,42,12,90,42,26,68,158
03/11/2010,BQN,PR,ASO,ES,Federal Contract Tower,38,0,14,2,54,0,0,40,22,62,38,0,54,24,116,10,106,116,232
03/12/2010,BQN,PR,ASO,ES,Federal Contract Tower,32,2,13,0,47,0,0,69,8,77,32,2,82,8,124,116,12,128,252
03/13/2010,BQN,PR,ASO,ES,Federal Contract Tower,7,0,7,1,15,0,0,58,14,72,7,0,65,15,87,71,14,85,172
03/14/2010,BQN,PR,ASO,ES,Federal Contract Tower,10,2,2,2,16,0,0,51,7,58,10,2,53,9,74,48,4,52,126
03/15/2010,BQN,PR,ASO,ES,Federal Contract Tower,22,2,6,0,30,4,0,47,8,59,26,2,53,8,89,46,14,60,149
03/16/2010,BQN,PR,ASO,ES,Federal Contract Tower,32,0,2,0,34,0,0,43,4,47,32,0,45,4,81,73,0,73,154
03/17/2010,BQN,PR,ASO,ES,Federal Contract Tower,32,2,4,2,40,1,0,54,6,61,33,2,58,8,101,48,74,122,223
03/18/2010,BQN,PR,ASO,ES,Federal Contract Tower,32,2,5,2,41,0,0,52,10,62,32,2,57,12,103,36,60,96,199
03/19/2010,BQN,PR,ASO,ES,Federal Contract Tower,28,2,10,1,41,1,0,50,13,64,29,2,60,14,105,86,28,114,219
03/20/2010,BQN,PR,ASO,ES,Federal Contract Tower,6,0,12,3,21,0,0,36,6,42,6,0,48,9,63,72,2,74,137
03/21/2010,BQN,PR,ASO,ES,Federal Contract Tower,10,2,5,0,17,0,0,41,3,44,10,2,46,3,61,44,6,50,111
03/22/2010,BQN,PR,ASO,ES,Federal Contract Tower,24,2,6,3,35,3,0,43,7,53,27,2,49,10,88,70,110,180,268
03/23/2010,BQN,PR,ASO,ES,Federal Contract Tower,27,0,2,0,29,1,0,58,11,70,28,0,60,11,99,64,68,132,231
03/24/2010,BQN,PR,ASO,ES,Federal Contract Tower,36,2,1,2,41,1,0,74,5,80,37,2,75,7,121,76,58,134,255
03/25/2010,BQN,PR,ASO,ES,Federal Contract Tower,26,2,13,2,43,0,0,74,7,81,26,2,87,9,124,78,16,94,218
03/26/2010,BQN,PR,ASO,ES,Federal Contract Tower,31,2,9,2,44,0,0,69,11,80,31,2,78,13,124,22,32,54,178
03/27/2010,BQN,PR,ASO,ES,Federal Contract Tower,6,0,3,1,10,0,0,33,10,43,6,0,36,11,53,48,40,88,141
03/28/2010,BQN,PR,ASO,ES,Federal Contract Tower,10,4,4,0,18,0,0,54,18,72,10,4,58,18,90,74,0,74,164
03/29/2010,BQN,PR,ASO,ES,Federal Contract Tower,26,3,1,5,35,1,0,49,21,71,27,3,50,26,106,64,0,64,170
03/30/2010,BQN,PR,ASO,ES,Federal Contract Tower,31,1,5,2,39,0,0,63,17,80,31,1,68,19,119,52,58,110,229
03/31/2010,BQN,PR,ASO,ES,Federal Contract Tower,30,1,9,3,43,1,0,55,4,60,31,1,64,7,103,142,10,152,255
04/01/2010,BQN,PR,ASO,ES,Federal Contract Tower,29,2,2,2,35,1,0,43,11,55,30,2,45,13,90,34,26,60,150
04/02/2010,BQN,PR,ASO,ES,Federal Contract Tower,8,2,2,4,16,0,0,42,11,53,8,2,44,15,69,62,24,86,155
04/03/2010,BQN,PR,ASO,ES,Federal Contract Tower,11,0,4,0,15,0,0,41,3,44,11,0,45,3,59,94,0,94,153
04/04/2010,BQN,PR,ASO,ES,Federal Contract Tower,12,4,2,0,18,0,0,58,16,74,12,4,60,16,92,26,34,60,152
04/05/2010,BQN,PR,ASO,ES,Federal Contract Tower,25,1,10,5,41,0,0,89,36,125,25,1,99,41,166,58,88,146,312
04/06/2010,BQN,PR,ASO,ES,Federal Contract Tower,32,0,4,2,38,0,0,54,9,63,32,0,58,11,101,60,56,116,217
04/07/2010,BQN,PR,ASO,ES,Federal Contract Tower,28,2,7,2,39,1,0,29,19,49,29,2,36,21,88,40,166,206,294
04/08/2010,BQN,PR,ASO,ES,Federal Contract Tower,33,2,6,0,41,0,0,43,25,68,33,2,49,25,109,38,48,86,195
04/09/2010,BQN,PR,ASO,ES,Federal Contract Tower,29,2,9,5,45,0,0,60,8,68,29,2,69,13,113,52,0,52,165
04/10/2010,BQN,PR,ASO,ES,Federal Contract Tower,6,0,0,3,9,0,0,35,5,40,6,0,35,8,49,32,110,142,191
04/11/2010,BQN,PR,ASO,ES,Federal Contract Tower,9,2,3,0,14,0,0,46,4,50,9,2,49,4,64,52,82,134,198
04/12/2010,BQN,PR,ASO,ES,Federal Contract Tower,29,2,6,1,38,0,0,33,9,42,29,2,39,10,80,24,116,140,220
04/13/2010,BQN,PR,ASO,ES,Federal Contract Tower,32,12,0,2,46,1,0,28,12,41,33,12,28,14,87,0,32,32,119
04/14/2010,BQN,PR,ASO,ES,Federal Contract Tower,31,0,4,2,37,0,0,25,8,33,31,0,29,10,70,2,44,46,116
04/15/2010,BQN,PR,ASO,ES,Federal Contract Tower,31,4,7,1,43,1,0,42,26,69,32,4,49,27,112,48,90,138,250
04/16/2010,BQN,PR,ASO,ES,Federal Contract Tower,30,1,7,2,40,0,0,50,6,56,30,1,57,8,96,30,68,98,194
04/17/2010,BQN,PR,ASO,ES,Federal Contract Tower,14,0,3,0,17,0,0,56,3,59,14,0,59,3,76,56,42,98,174
04/18/2010,BQN,PR,ASO,ES,Federal Contract Tower,6,4,8,1,19,0,0,56,12,68,6,4,64,13,87,62,18,80,167
04/19/2010,BQN,PR,ASO,ES,Federal Contract Tower,29,2,10,2,43,1,0,63,21,85,30,2,73,23,128,76,104,180,308
04/20/2010,BQN,PR,ASO,ES,Federal Contract Tower,34,0,6,1,41,0,0,51,33,84,34,0,57,34,125,32,48,80,205
04/21/2010,BQN,PR,ASO,ES,Federal Contract Tower,34,0,4,3,41,1,0,29,26,56,35,0,33,29,97,8,14,22,119
04/22/2010,BQN,PR,ASO,ES,Federal Contract Tower,33,2,4,2,41,2,0,50,16,68,35,2,54,18,109,54,152,206,315
04/23/2010,BQN,PR,ASO,ES,Federal Contract Tower,36,2,6,3,47,1,0,45,20,66,37,2,51,23,113,42,88,130,243
04/24/2010,BQN,PR,ASO,ES,Federal Contract Tower,8,0,1,0,9,0,0,53,7,60,8,0,54,7,69,86,10,96,165
04/25/2010,BQN,PR,ASO,ES,Federal Contract Tower,10,2,0,0,12,0,0,22,6,28,10,2,22,6,40,58,0,58,98
04/26/2010,BQN,PR,ASO,ES,Federal Contract Tower,24,2,15,4,45,1,0,34,16,51,25,2,49,20,96,58,28,86,182
04/27/2010,BQN,PR,ASO,ES,Federal Contract Tower,30,0,7,2,39,1,0,66,24,91,31,0,73,26,130,122,48,170,300
04/28/2010,BQN,PR,ASO,ES,Federal Contract Tower,32,0,3,3,38,0,0,55,20,75,32,0,58,23,113,78,78,156,269
04/29/2010,BQN,PR,ASO,ES,Federal Contract Tower,33,2,9,2,46,0,0,58,12,70,33,2,67,14,116,72,178,250,366
04/30/2010,BQN,PR,ASO,ES,Federal Contract Tower,33,2,3,0,38,0,0,49,8,57,33,2,52,8,95,56,0,56,151
05/01/2010,BQN,PR,ASO,ES,Federal Contract Tower,12,0,2,4,18,0,0,57,10,67,12,0,59,14,85,160,60,220,305
05/02/2010,BQN,PR,ASO,ES,Federal Contract Tower,12,2,3,2,19,0,0,19,8,27,12,2,22,10,46,18,20,38,84
05/03/2010,BQN,PR,ASO,ES,Federal Contract Tower,30,2,3,3,38,0,0,43,16,59,30,2,46,19,97,16,26,42,139
05/04/2010,BQN,PR,ASO,ES,Federal Contract Tower,34,0,7,3,44,1,0,55,29,85,35,0,62,32,129,86,80,166,295
05/05/2010,BQN,PR,ASO,ES,Federal Contract Tower,32,0,5,2,39,1,0,55,7,63,33,0,60,9,102,62,0,62,164
05/06/2010,BQN,PR,ASO,ES,Federal Contract Tower,36,2,6,3,47,0,0,47,26,73,36,2,53,29,120,34,44,78,198
05/07/2010,BQN,PR,ASO,ES,Federal Contract Tower,27,2,9,4,42,0,0,86,10,96,27,2,95,14,138,56,10,66,204
05/08/2010,BQN,PR,ASO,ES,Federal Contract Tower,8,0,7,0,15,0,0,46,8,54,8,0,53,8,69,88,20,108,177
05/09/2010,BQN,PR,ASO,ES,Federal Contract Tower,13,1,3,0,17,0,0,11,11,22,13,1,14,11,39,2,0,2,41
05/10/2010,BQN,PR,ASO,ES,Federal Contract Tower,31,2,2,2,37,0,0,70,11,81,31,2,72,13,118,72,46,118,236
05/11/2010,BQN,PR,ASO,ES,Federal Contract Tower,33,0,3,0,36,0,0,62,19,81,33,0,65,19,117,122,14,136,253
05/12/2010,BQN,PR,ASO,ES,Federal Contract Tower,40,0,6,2,48,0,0,60,43,103,40,0,66,45,151,94,24,118,269
05/13/2010,BQN,PR,ASO,ES,Federal Contract Tower,41,3,4,6,54,1,0,51,18,70,42,3,55,24,124,36,36,72,196
05/14/2010,BQN,PR,ASO,ES,Federal Contract Tower,29,2,5,0,36,1,0,48,12,61,30,2,53,12,97,48,48,96,193
05/15/2010,BQN,PR,ASO,ES,Federal Contract Tower,8,0,3,0,11,1,0,36,3,40,9,0,39,3,51,52,22,74,125
05/16/2010,BQN,PR,ASO,ES,Federal Contract Tower,12,2,3,0,17,0,0,36,11,47,12,2,39,11,64,20,14,34,98
05/17/2010,BQN,PR,ASO,ES,Federal Contract Tower,30,2,9,3,44,0,0,55,5,60,30,2,64,8,104,48,10,58,162
05/18/2010,BQN,PR,ASO,ES,Federal Contract Tower,28,0,3,3,34,2,0,62,5,69,30,0,65,8,103,86,4,90,193
05/19/2010,BQN,PR,ASO,ES,Federal Contract Tower,31,0,2,3,36,1,0,71,24,96,32,0,73,27,132,82,78,160,292
05/20/2010,BQN,PR,ASO,ES,Federal Contract Tower,44,2,11,2,59,3,0,48,4,55,47,2,59,6,114,144,4,148,262
05/21/2010,BQN,PR,ASO,ES,Federal Contract Tower,29,2,5,3,39,0,0,47,7,54,29,2,52,10,93,66,16,82,175
05/22/2010,BQN,PR,ASO,ES,Federal Contract Tower,8,0,2,0,10,0,0,20,13,33,8,0,22,13,43,24,2,26,69
05/23/2010,BQN,PR,ASO,ES,Federal Contract Tower,14,2,1,3,20,0,0,48,17,65,14,2,49,20,85,78,14,92,177
05/24/2010,BQN,PR,ASO,ES,Federal Contract Tower,30,1,0,2,33,0,0,60,14,74,30,1,60,16,107,68,12,80,187
05/25/2010,BQN,PR,ASO,ES,Federal Contract Tower,32,0,2,1,35,0,0,58,11,69,32,0,60,12,104,66,8,74,178
05/26/2010,BQN,PR,ASO,ES,Federal Contract Tower,37,0,8,2,47,1,0,43,3,47,38,0,51,5,94,34,0,34,128
05/27/2010,BQN,PR,ASO,ES,Federal Contract Tower,36,1,5,3,45,1,0,33,34,68,37,1,38,37,113,22,0,22,135
05/28/2010,BQN,PR,ASO,ES,Federal Contract Tower,32,6,5,0,43,0,0,34,7,41,32,6,39,7,84,16,44,60,144
05/29/2010,BQN,PR,ASO,ES,Federal Contract Tower,7,0,4,0,11,0,0,25,0,25,7,0,29,0,36,18,4,22,58
05/30/2010,BQN,PR,ASO,ES,Federal Contract Tower,9,4,6,0,19,0,0,36,4,40,9,4,42,4,59,20,24,44,103
05/31/2010,BQN,PR,ASO,ES,Federal Contract Tower,25,3,6,2,36,1,0,76,2,79,26,3,82,4,115,82,6,88,203
06/01/2010,BQN,PR,ASO,ES,Federal Contract Tower,29,0,10,0,39,0,0,46,13,59,29,0,56,13,98,48,70,118,216
06/02/2010,BQN,PR,ASO,ES,Federal Contract Tower,36,2,8,2,48,0,0,57,9,66,36,2,65,11,114,50,44,94,208
06/03/2010,BQN,PR,ASO,ES,Federal Contract Tower,37,2,1,1,41,0,0,56,23,79,37,2,57,24,120,62,30,92,212
06/04/2010,BQN,PR,ASO,ES,Federal Contract Tower,37,5,8,1,51,1,0,43,10,54,38,5,51,11,105,18,0,18,123
06/05/2010,BQN,PR,ASO,ES,Federal Contract Tower,9,0,0,0,9,0,0,19,11,30,9,0,19,11,39,12,38,50,89
06/06/2010,BQN,PR,ASO,ES,Federal Contract Tower,15,6,0,0,21,0,0,43,4,47,15,6,43,4,68,126,22,148,216
06/07/2010,BQN,PR,ASO,ES,Federal Contract Tower,26,6,3,0,35,2,0,53,6,61,28,6,56,6,96,96,20,116,212
06/08/2010,BQN,PR,ASO,ES,Federal Contract Tower,35,0,2,2,39,1,0,50,7,58,36,0,52,9,97,104,16,120,217
06/09/2010,BQN,PR,ASO,ES,Federal Contract Tower,34,0,4,1,39,1,0,63,4,68,35,0,67,5,107,38,16,54,161
06/10/2010,BQN,PR,ASO,ES,Federal Contract Tower,35,2,9,0,46,3,0,78,25,106,38,2,87,25,152,82,66,148,300
06/11/2010,BQN,PR,ASO,ES,Federal Contract Tower,39,6,7,1,53,3,0,55,3,61,42,6,62,4,114,52,8,60,174
06/12/2010,BQN,PR,ASO,ES,Federal Contract Tower,12,0,3,3,18,0,0,60,3,63,12,0,63,6,81,90,22,112,193
06/13/2010,BQN,PR,ASO,ES,Federal Contract Tower,10,6,3,1,20,0,0,77,6,83,10,6,80,7,103,56,48,104,207
06/14/2010,BQN,PR,ASO,ES,Federal Contract Tower,27,5,3,2,37,2,0,57,8,67,29,5,60,10,104,76,18,94,198
06/15/2010,BQN,PR,ASO,ES,Federal Contract Tower,37,1,9,2,49,1,0,39,12,52,38,1,48,14,101,120,4,124,225
06/16/2010,BQN,PR,ASO,ES,Federal Contract Tower,31,0,2,1,34,1,0,57,16,74,32,0,59,17,108,36,44,80,188
06/17/2010,BQN,PR,ASO,ES,Federal Contract Tower,41,1,6,4,52,5,0,48,29,82,46,1,54,33,134,58,22,80,214
06/18/2010,BQN,PR,ASO,ES,Federal Contract Tower,29,6,8,1,44,2,0,57,13,72,31,6,65,14,116,72,54,126,242
06/19/2010,BQN,PR,ASO,ES,Federal Contract Tower,10,0,0,0,10,2,0,35,4,41,12,0,35,4,51,4,0,4,55
06/20/2010,BQN,PR,ASO,ES,Federal Contract Tower,13,8,0,0,21,0,0,20,0,20,13,8,20,0,41,54,0,54,95
06/21/2010,BQN,PR,ASO,ES,Federal Contract Tower,26,6,7,0,39,1,0,44,14,59,27,6,51,14,98,6,6,12,110
06/22/2010,BQN,PR,ASO,ES,Federal Contract Tower,33,0,10,0,43,2,0,68,12,82,35,0,78,12,125,42,22,64,189
06/23/2010,BQN,PR,ASO,ES,Federal Contract Tower,35,0,5,0,40,1,0,31,3,35,36,0,36,3,75,26,0,26,101
06/24/2010,BQN,PR,ASO,ES,Federal Contract Tower,35,4,4,0,43,0,0,43,9,52,35,4,47,9,95,26,12,38,133
06/25/2010,BQN,PR,ASO,ES,Federal Contract Tower,31,8,5,0,44,3,0,68,8,79,34,8,73,8,123,69,0,69,192
06/26/2010,BQN,PR,ASO,ES,Federal Contract Tower,10,0,2,0,12,2,0,72,21,95,12,0,74,21,107,82,32,114,221
06/27/2010,BQN,PR,ASO,ES,Federal Contract Tower,13,4,2,0,19,0,0,27,2,29,13,4,29,2,48,72,0,72,120
06/28/2010,BQN,PR,ASO,ES,Federal Contract Tower,28,6,3,0,37,0,0,26,8,34,28,6,29,8,71,28,20,48,119
06/29/2010,BQN,PR,ASO,ES,Federal Contract Tower,38,0,3,0,41,0,0,42,22,64,38,0,45,22,105,70,60,130,235
06/30/2010,BQN,PR,ASO,ES,Federal Contract Tower,33,0,7,0,40,0,1,46,20,67,33,1,53,20,107,76,16,92,199
07/01/2010,BQN,PR,ASO,ES,Federal Contract Tower,36,2,5,0,43,0,0,47,14,61,36,2,52,14,104,78,14,92,196
07/02/2010,BQN,PR,ASO,ES,Federal Contract Tower,34,6,10,0,50,0,0,63,8,71,34,6,73,8,121,42,48,90,211
07/03/2010,BQN,PR,ASO,ES,Federal Contract Tower,7,0,1,0,8,0,0,55,4,59,7,0,56,4,67,58,0,58,125
07/04/2010,BQN,PR,ASO,ES,Federal Contract Tower,10,6,3,0,19,0,0,17,7,24,10,6,20,7,43,0,0,0,43
07/05/2010,BQN,PR,ASO,ES,Federal Contract Tower,21,4,2,0,27,1,0,41,2,44,22,4,43,2,71,32,4,36,107
07/06/2010,BQN,PR,ASO,ES,Federal Contract Tower,31,1,4,0,36,0,0,48,5,53,31,1,52,5,89,36,2,38,127
07/07/2010,BQN,PR,ASO,ES,Federal Contract Tower,34,0,1,0,35,0,0,68,16,84,34,0,69,16,119,64,22,86,205
07/08/2010,BQN,PR,ASO,ES,Federal Contract Tower,36,2,2,0,40,1,0,41,7,49,37,2,43,7,89,20,92,112,201
07/09/2010,BQN,PR,ASO,ES,Federal Contract Tower,31,4,7,1,43,0,0,43,1,44,31,4,50,2,87,48,0,48,135
07/10/2010,BQN,PR,ASO,ES,Federal Contract Tower,7,0,6,0,13,0,0,42,4,46,7,0,48,4,59,22,0,22,81
07/11/2010,BQN,PR,ASO,ES,Federal Contract Tower,14,5,0,1,20,0,0,17,2,19,14,5,17,3,39,2,0,2,41
07/12/2010,BQN,PR,ASO,ES,Federal Contract Tower,29,4,4,0,37,2,0,59,17,78,31,4,63,17,115,30,124,154,269
07/13/2010,BQN,PR,ASO,ES,Federal Contract Tower,36,0,3,2,41,0,0,57,27,84,36,0,60,29,125,96,52,148,273
07/14/2010,BQN,PR,ASO,ES,Federal Contract Tower,39,0,1,0,40,1,2,43,16,62,40,2,44,16,102,46,112,158,260
07/15/2010,BQN,PR,ASO,ES,Federal Contract Tower,39,1,8,4,52,1,0,67,22,90,40,1,75,26,142,66,44,110,252
07/16/2010,BQN,PR,ASO,ES,Federal Contract Tower,39,5,12,0,56,0,0,49,17,66,39,5,61,17,122,18,68,86,208
07/17/2010,BQN,PR,ASO,ES,Federal Contract Tower,10,2,3,1,16,0,0,46,5,51,10,2,49,6,67,0,0,0,67
07/18/2010,BQN,PR,ASO,ES,Federal Contract Tower,17,6,3,1,27,0,0,78,19,97,17,6,81,20,124,34,18,52,176
07/19/2010,BQN,PR,ASO,ES,Federal Contract Tower,33,8,9,0,50,0,0,65,22,87,33,8,74,22,137,92,72,164,301
07/20/2010,BQN,PR,ASO,ES,Federal Contract Tower,38,0,9,1,48,0,0,25,3,28,38,0,34,4,76,14,4,18,94
07/21/2010,BQN,PR,ASO,ES,Federal Contract Tower,35,0,3,0,38,0,0,35,19,54,35,0,38,19,92,32,84,116,208
07/22/2010,BQN,PR,ASO,ES,Federal Contract Tower,35,2,13,0,50,0,0,79,14,93,35,2,92,14,143,102,42,144,287
07/23/2010,BQN,PR,ASO,ES,Federal Contract Tower,35,5,6,0,46,0,1,47,23,71,35,6,53,23,117,18,18,36,153
07/24/2010,BQN,PR,ASO,ES,Federal Contract Tower,7,0,2,0,9,0,0,80,19,99,7,0,82,19,108,74,22,96,204
07/25/2010,BQN,PR,ASO,ES,Federal Contract Tower,11,13,2,0,26,0,0,80,12,92,11,13,82,12,118,16,8,24,142
07/26/2010,BQN,PR,ASO,ES,Federal Contract Tower,24,6,2,4,36,0,0,44,15,59,24,6,46,19,95,38,72,110,205
07/27/2010,BQN,PR,ASO,ES,Federal Contract Tower,35,0,4,2,41,0,0,57,16,73,35,0,61,18,114,18,96,114,228
07/28/2010,BQN,PR,ASO,ES,Federal Contract Tower,36,0,2,1,39,0,0,43,6,49,36,0,45,7,88,38,0,38,126
07/29/2010,BQN,PR,ASO,ES,Federal Contract Tower,43,2,4,4,53,0,0,89,25,114,43,2,93,29,167,24,26,50,217
07/30/2010,BQN,PR,ASO,ES,Federal Contract Tower,34,6,7,0,47,2,0,81,29,112,36,6,88,29,159,20,80,100,259
07/31/2010,BQN,PR,ASO,ES,Federal Contract Tower,12,0,2,0,14,0,0,53,10,63,12,0,55,10,77,22,18,40,117
08/01/2010,BQN,PR,ASO,ES,Federal Contract Tower,13,11,4,0,28,0,0,83,16,99,13,11,87,16,127,30,34,64,191
08/02/2010,BQN,PR,ASO,ES,Federal Contract Tower,35,3,2,3,43,0,0,79,23,102,35,3,81,26,145,22,2,24,169
08/03/2010,BQN,PR,ASO,ES,Federal Contract Tower,35,1,4,0,40,0,0,71,28,99,35,1,75,28,139,34,82,116,255
08/04/2010,BQN,PR,ASO,ES,Federal Contract Tower,34,2,10,2,48,3,0,56,5,64,37,2,66,7,112,78,20,98,210
08/05/2010,BQN,PR,ASO,ES,Federal Contract Tower,34,2,4,1,41,1,0,65,19,85,35,2,69,20,126,54,32,86,212
08/06/2010,BQN,PR,ASO,ES,Federal Contract Tower,31,1,2,1,35,2,4,48,16,70,33,5,50,17,105,14,62,76,181
08/07/2010,BQN,PR,ASO,ES,Federal Contract Tower,8,0,2,0,10,0,0,75,5,80,8,0,77,5,90,60,8,68,158
08/08/2010,BQN,PR,ASO,ES,Federal Contract Tower,11,2,5,0,18,0,0,65,3,68,11,2,70,3,86,30,22,52,138
08/09/2010,BQN,PR,ASO,ES,Federal Contract Tower,25,3,4,4,36,1,0,48,18,67,26,3,52,22,103,12,88,100,203
08/10/2010,BQN,PR,ASO,ES,Federal Contract Tower,34,0,3,0,37,0,0,61,16,77,34,0,64,16,114,32,28,60,174
08/11/2010,BQN,PR,ASO,ES,Federal Contract Tower,36,0,6,5,47,0,0,69,15,84,36,0,75,20,131,20,16,36,167
08/12/2010,BQN,PR,ASO,ES,Federal Contract Tower,34,2,6,1,43,0,0,75,23,98,34,2,81,24,141,46,28,74,215
08/13/2010,BQN,PR,ASO,ES,Federal Contract Tower,37,2,3,1,43,0,0,67,20,87,37,2,70,21,130,20,2,22,152
08/14/2010,BQN,PR,ASO,ES,Federal Contract Tower,8,0,1,0,9,0,0,70,5,75,8,0,71,5,84,16,0,16,100
08/15/2010,BQN,PR,ASO,ES,Federal Contract Tower,13,1,4,0,18,0,0,32,2,34,13,1,36,2,52,20,8,28,80
08/16/2010,BQN,PR,ASO,ES,Federal Contract Tower,26,2,4,2,34,0,0,65,16,81,26,2,69,18,115,26,0,26,141
08/17/2010,BQN,PR,ASO,ES,Federal Contract Tower,30,2,4,0,36,1,0,58,12,71,31,2,62,12,107,54,0,54,161
08/18/2010,BQN,PR,ASO,ES,Federal Contract Tower,33,0,4,2,39,1,0,86,9,96,34,0,90,11,135,154,16,170,305
08/19/2010,BQN,PR,ASO,ES,Federal Contract Tower,34,2,7,1,44,1,0,75,20,96,35,2,82,21,140,58,22,80,220
08/20/2010,BQN,PR,ASO,ES,Federal Contract Tower,31,2,5,6,44,1,0,73,13,87,32,2,78,19,131,8,56,64,195
08/21/2010,BQN,PR,ASO,ES,Federal Contract Tower,7,0,2,2,11,0,0,73,3,76,7,0,75,5,87,52,22,74,161
08/22/2010,BQN,PR,ASO,ES,Federal Contract Tower,11,2,1,0,14,1,0,32,4,37,12,2,33,4,51,16,12,28,79
08/23/2010,BQN,PR,ASO,ES,Federal Contract Tower,27,2,10,3,42,4,0,32,8,44,31,2,42,11,86,0,28,28,114
08/24/2010,BQN,PR,ASO,ES,Federal Contract Tower,32,1,6,2,41,1,0,57,12,70,33,1,63,14,111,22,4,26,137
08/25/2010,BQN,PR,ASO,ES,Federal Contract Tower,33,0,9,3,45,0,0,54,14,68,33,0,63,17,113,38,12,50,163
08/26/2010,BQN,PR,ASO,ES,Federal Contract Tower,35,3,7,1,46,1,0,68,23,92,36,3,75,24,138,64,26,90,228
08/27/2010,BQN,PR,ASO,ES,Federal Contract Tower,35,2,5,4,46,0,0,106,34,140,35,2,111,38,186,70,50,120,306
08/28/2010,BQN,PR,ASO,ES,Federal Contract Tower,18,0,3,1,22,0,0,56,16,72,18,0,59,17,94,42,0,42,136
08/29/2010,BQN,PR,ASO,ES,Federal Contract Tower,10,2,1,2,15,0,0,55,18,73,10,2,56,20,88,2,0,2,90
08/30/2010,BQN,PR,ASO,ES,Federal Contract Tower,19,2,2,2,25,0,11,18,6,35,19,13,20,8,60,0,0,0,60
08/31/2010,BQN,PR,ASO,ES,Federal Contract Tower,39,0,3,0,42,1,0,34,10,45,40,0,37,10,87,2,4,6,93
09/01/2010,BQN,PR,ASO,ES,Federal Contract Tower,39,0,2,0,41,0,0,75,25,100,39,0,77,25,141,80,60,140,281
09/02/2010,BQN,PR,ASO,ES,Federal Contract Tower,37,2,7,3,49,0,0,74,10,84,37,2,81,13,133,66,46,112,245
09/03/2010,BQN,PR,ASO,ES,Federal Contract Tower,34,2,4,4,44,0,0,70,5,75,34,2,74,9,119,72,14,86,205
09/04/2010,BQN,PR,ASO,ES,Federal Contract Tower,8,0,3,0,11,0,0,40,7,47,8,0,43,7,58,14,0,14,72
09/05/2010,BQN,PR,ASO,ES,Federal Contract Tower,12,2,1,1,16,0,0,34,8,42,12,2,35,9,58,16,6,22,80
09/06/2010,BQN,PR,ASO,ES,Federal Contract Tower,15,2,5,1,23,4,0,64,5,73,19,2,69,6,96,36,4,40,136
09/07/2010,BQN,PR,ASO,ES,Federal Contract Tower,33,0,4,2,39,0,0,67,23,90,33,0,71,25,129,90,80,170,299
09/08/2010,BQN,PR,ASO,ES,Federal Contract Tower,34,0,1,1,36,0,0,42,15,57,34,0,43,16,93,42,44,86,179
09/09/2010,BQN,PR,ASO,ES,Federal Contract Tower,40,1,2,1,44,2,0,54,17,73,42,1,56,18,117,26,176,202,319
09/10/2010,BQN,PR,ASO,ES,Federal Contract Tower,38,3,7,0,48,0,0,62,5,67,38,3,69,5,115,30,12,42,157
09/11/2010,BQN,PR,ASO,ES,Federal Contract Tower,7,2,5,2,16,0,0,62,4,66,7,2,67,6,82,56,2,58,140
09/12/2010,BQN,PR,ASO,ES,Federal Contract Tower,11,2,2,0,15,0,0,72,13,85,11,2,74,13,100,60,36,96,196
09/13/2010,BQN,PR,ASO,ES,Federal Contract Tower,27,2,3,2,34,0,0,59,21,80,27,2,62,23,114,50,38,88,202
09/14/2010,BQN,PR,ASO,ES,Federal Contract Tower,33,0,5,0,38,0,0,58,14,72,33,0,63,14,110,42,44,86,196
09/15/2010,BQN,PR,ASO,ES,Federal Contract Tower,35,0,0,0,35,0,0,50,13,63,35,0,50,13,98,46,48,94,192
09/16/2010,BQN,PR,ASO,ES,Federal Contract Tower,39,2,4,3,48,1,0,89,25,115,40,2,93,28,163,84,96,180,343
09/17/2010,BQN,PR,ASO,ES,Federal Contract Tower,43,2,4,1,50,0,0,79,15,94,43,2,83,16,144,80,12,92,236
09/18/2010,BQN,PR,ASO,ES,Federal Contract Tower,15,0,2,1,18,0,0,65,22,87,15,0,67,23,105,82,8,90,195
09/19/2010,BQN,PR,ASO,ES,Federal Contract Tower,15,2,1,0,18,0,0,68,17,85,15,2,69,17,103,50,54,104,207
09/20/2010,BQN,PR,ASO,ES,Federal Contract Tower,29,6,7,2,44,0,0,74,25,99,29,6,81,27,143,92,72,164,307
09/21/2010,BQN,PR,ASO,ES,Federal Contract Tower,40,0,5,1,46,1,0,59,12,72,41,0,64,13,118,94,16,110,228
09/22/2010,BQN,PR,ASO,ES,Federal Contract Tower,34,0,3,1,38,0,0,54,9,63,34,0,57,10,101,62,36,98,199
09/23/2010,BQN,PR,ASO,ES,Federal Contract Tower,37,1,5,0,43,2,0,60,10,72,39,1,65,10,115,56,2,58,173
09/24/2010,BQN,PR,ASO,ES,Federal Contract Tower,26,2,6,0,34,1,0,43,9,53,27,2,49,9,87,48,2,50,137
09/25/2010,BQN,PR,ASO,ES,Federal Contract Tower,7,0,1,3,11,0,0,40,5,45,7,0,41,8,56,40,2,42,98
09/26/2010,BQN,PR,ASO,ES,Federal Contract Tower,7,2,3,0,12,0,0,70,9,79,7,2,73,9,91,90,16,106,197
09/27/2010,BQN,PR,ASO,ES,Federal Contract Tower,34,2,1,0,37,3,0,54,18,75,37,2,55,18,112,80,20,100,212
09/28/2010,BQN,PR,ASO,ES,Federal Contract Tower,37,0,8,1,46,1,0,59,10,70,38,0,67,11,116,122,4,126,242
09/29/2010,BQN,PR,ASO,ES,Federal Contract Tower,39,0,3,0,42,4,0,35,19,58,43,0,38,19,100,56,36,92,192
09/30/2010,BQN,PR,ASO,ES,Federal Contract Tower,38,1,4,2,45,0,0,45,14,59,38,1,49,16,104,76,20,96,200
10/01/2010,BQN,PR,ASO,ES,Federal Contract Tower,31,1,5,1,38,1,0,52,10,63,32,1,57,11,101,60,18,78,179
10/02/2010,BQN,PR,ASO,ES,Federal Contract Tower,5,0,6,0,11,0,0,68,26,94,5,0,74,26,105,46,28,74,179
10/03/2010,BQN,PR,ASO,ES,Federal Contract Tower,11,2,0,0,13,0,0,67,8,75,11,2,67,8,88,102,40,142,230
10/04/2010,BQN,PR,ASO,ES,Federal Contract Tower,30,2,6,0,38,1,0,59,12,72,31,2,65,12,110,44,36,80,190
10/05/2010,BQN,PR,ASO,ES,Federal Contract Tower,36,0,2,0,38,0,0,56,19,75,36,0,58,19,113,50,39,89,202
10/06/2010,BQN,PR,ASO,ES,Federal Contract Tower,34,0,3,1,38,0,0,59,15,74,34,0,62,16,112,46,6,52,164
10/07/2010,BQN,PR,ASO,ES,Federal Contract Tower,34,2,5,6,47,0,0,53,11,64,34,2,58,17,111,62,14,76,187
10/08/2010,BQN,PR,ASO,ES,Federal Contract Tower,30,1,5,3,39,2,0,31,9,42,32,1,36,12,81,28,42,70,151
10/09/2010,BQN,PR,ASO,ES,Federal Contract Tower,7,0,7,1,15,0,0,59,13,72,7,0,66,14,87,86,32,118,205
10/10/2010,BQN,PR,ASO,ES,Federal Contract Tower,11,2,6,0,19,0,0,55,8,63,11,2,61,8,82,48,0,48,130
10/11/2010,BQN,PR,ASO,ES,Federal Contract Tower,26,2,2,1,31,2,0,47,2,51,28,2,49,3,82,22,6,28,110
10/12/2010,BQN,PR,ASO,ES,Federal Contract Tower,36,0,8,2,46,0,0,57,23,80,36,0,65,25,126,100,180,280,406
10/13/2010,BQN,PR,ASO,ES,Federal Contract Tower,34,1,1,0,36,0,0,43,8,51,34,1,44,8,87,92,92,184,271
10/14/2010,BQN,PR,ASO,ES,Federal Contract Tower,37,2,4,1,44,3,0,56,17,76,40,2,60,18,120,114,108,222,342
10/15/2010,BQN,PR,ASO,ES,Federal Contract Tower,34,1,2,1,38,1,0,73,11,85,35,1,75,12,123,58,6,64,187
10/16/2010,BQN,PR,ASO,ES,Federal Contract Tower,7,0,2,1,10,0,0,52,6,58,7,0,54,7,68,142,26,168,236
10/17/2010,BQN,PR,ASO,ES,Federal Contract Tower,11,2,4,2,19,0,0,28,7,35,11,2,32,9,54,20,16,36,90
10/18/2010,BQN,PR,ASO,ES,Federal Contract Tower,31,2,5,1,39,1,0,49,13,63,32,2,54,14,102,24,80,104,206
10/19/2010,BQN,PR,ASO,ES,Federal Contract Tower,34,0,2,0,36,0,0,48,32,80,34,0,50,32,116,40,162,202,318
10/20/2010,BQN,PR,ASO,ES,Federal Contract Tower,35,0,8,1,44,0,0,50,13,63,35,0,58,14,107,90,62,152,259
10/21/2010,BQN,PR,ASO,ES,Federal Contract Tower,37,3,1,2,43,0,0,75,21,96,37,3,76,23,139,112,48,160,299
10/22/2010,BQN,PR,ASO,ES,Federal Contract Tower,30,2,6,2,40,2,0,60,8,70,32,2,66,10,110,32,20,52,162
10/23/2010,BQN,PR,ASO,ES,Federal Contract Tower,7,2,5,2,16,0,0,71,9,80,7,2,76,11,96,86,28,114,210
10/24/2010,BQN,PR,ASO,ES,Federal Contract Tower,12,2,1,2,17,0,0,35,11,46,12,2,36,13,63,6,0,6,69
10/25/2010,BQN,PR,ASO,ES,Federal Contract Tower,30,2,6,5,43,0,0,60,14,74,30,2,66,19,117,56,38,94,211
10/26/2010,BQN,PR,ASO,ES,Federal Contract Tower,38,0,2,7,47,0,0,74,19,93,38,0,76,26,140,68,20,88,228
10/27/2010,BQN,PR,ASO,ES,Federal Contract Tower,30,0,7,4,41,1,0,83,25,109,31,0,90,29,150,98,34,132,282
10/28/2010,BQN,PR,ASO,ES,Federal Contract Tower,34,2,1,2,39,0,0,56,17,73,34,2,57,19,112,48,58,106,218
10/29/2010,BQN,PR,ASO,ES,Federal Contract Tower,30,2,5,4,41,2,0,41,4,47,32,2,46,8,88,76,30,106,194
10/30/2010,BQN,PR,ASO,ES,Federal Contract Tower,7,0,3,1,11,0,0,34,5,39,7,0,37,6,50,32,12,44,94
10/31/2010,BQN,PR,ASO,ES,Federal Contract Tower,12,1,0,4,17,0,0,43,9,52,12,1,43,13,69,28,6,34,103
11/01/2010,BQN,PR,ASO,ES,Federal Contract Tower,25,2,2,4,33,0,0,39,12,51,25,2,41,16,84,22,44,66,150
11/02/2010,BQN,PR,ASO,ES,Federal Contract Tower,33,0,5,1,39,0,0,67,12,79,33,0,72,13,118,66,8,74,192
11/03/2010,BQN,PR,ASO,ES,Federal Contract Tower,40,0,5,5,50,2,0,56,17,75,42,0,61,22,125,64,77,141,266
11/04/2010,BQN,PR,ASO,ES,Federal Contract Tower,33,2,5,1,41,1,0,40,24,65,34,2,45,25,106,32,26,58,164
11/05/2010,BQN,PR,ASO,ES,Federal Contract Tower,28,2,4,0,34,1,0,38,9,48,29,2,42,9,82,28,38,66,148
11/06/2010,BQN,PR,ASO,ES,Federal Contract Tower,8,0,0,2,10,0,0,19,1,20,8,0,19,3,30,30,24,54,84
11/07/2010,BQN,PR,ASO,ES,Federal Contract Tower,9,2,4,3,18,0,0,50,4,54,9,2,54,7,72,74,2,76,148
11/08/2010,BQN,PR,ASO,ES,Federal Contract Tower,25,2,0,2,29,0,0,63,15,78,25,2,63,17,107,70,48,118,225
11/09/2010,BQN,PR,ASO,ES,Federal Contract Tower,33,0,6,2,41,0,0,42,10,52,33,0,48,12,93,70,30,100,193
11/10/2010,BQN,PR,ASO,ES,Federal Contract Tower,30,0,2,3,35,1,0,29,12,42,31,0,31,15,77,42,62,104,181
11/11/2010,BQN,PR,ASO,ES,Federal Contract Tower,31,2,7,1,41,0,0,44,8,52,31,2,51,9,93,56,34,90,183
11/12/2010,BQN,PR,ASO,ES,Federal Contract Tower,29,2,5,4,40,0,0,44,13,57,29,2,49,17,97,72,16,88,185
11/13/2010,BQN,PR,ASO,ES,Federal Contract Tower,7,1,9,2,19,0,0,35,10,45,7,1,44,12,64,30,42,72,136
11/14/2010,BQN,PR,ASO,ES,Federal Contract Tower,9,3,5,4,21,0,0,45,5,50,9,3,50,9,71,66,12,78,149
11/15/2010,BQN,PR,ASO,ES,Federal Contract Tower,26,4,3,0,33,0,0,61,3,64,26,4,64,3,97,106,0,106,203
11/16/2010,BQN,PR,ASO,ES,Federal Contract Tower,35,0,8,3,46,0,0,63,10,73,35,0,71,13,119,54,14,68,187
11/17/2010,BQN,PR,ASO,ES,Federal Contract Tower,29,0,5,0,34,0,0,42,11,53,29,0,47,11,87,88,40,128,215
11/18/2010,BQN,PR,ASO,ES,Federal Contract Tower,40,2,3,0,45,1,0,53,10,64,41,2,56,10,109,122,110,232,341
11/19/2010,BQN,PR,ASO,ES,Federal Contract Tower,30,2,3,4,39,0,0,51,11,62,30,2,54,15,101,44,10,54,155
11/20/2010,BQN,PR,ASO,ES,Federal Contract Tower,12,0,2,3,17,0,0,29,7,36,12,0,31,10,53,12,6,18,71
11/21/2010,BQN,PR,ASO,ES,Federal Contract Tower,9,2,1,0,12,0,0,48,6,54,9,2,49,6,66,38,34,72,138
11/22/2010,BQN,PR,ASO,ES,Federal Contract Tower,30,2,4,2,38,0,0,53,7,60,30,2,57,9,98,60,0,60,158
11/23/2010,BQN,PR,ASO,ES,Federal Contract Tower,37,0,5,2,44,0,0,37,6,43,37,0,42,8,87,64,30,94,181
11/24/2010,BQN,PR,ASO,ES,Federal Contract Tower,35,10,6,1,52,0,0,45,7,52,35,10,51,8,104,2,98,100,204
11/25/2010,BQN,PR,ASO,ES,Federal Contract Tower,21,2,2,3,28,2,0,33,2,37,23,2,35,5,65,44,6,50,115
11/26/2010,BQN,PR,ASO,ES,Federal Contract Tower,26,2,5,1,34,1,0,42,11,54,27,2,47,12,88,26,16,42,130
11/27/2010,BQN,PR,ASO,ES,Federal Contract Tower,11,0,3,2,16,0,0,46,4,50,11,0,49,6,66,54,0,54,120
11/28/2010,BQN,PR,ASO,ES,Federal Contract Tower,10,10,12,2,34,0,0,77,6,83,10,10,89,8,117,46,0,46,163
11/29/2010,BQN,PR,ASO,ES,Federal Contract Tower,27,2,3,0,32,1,0,35,2,38,28,2,38,2,70,40,0,40,110
11/30/2010,BQN,PR,ASO,ES,Federal Contract Tower,32,0,4,5,41,1,0,41,1,43,33,0,45,6,84,70,6,76,160
12/01/2010,BQN,PR,ASO,ES,Federal Contract Tower,30,2,4,10,46,1,0,50,6,57,31,2,54,16,103,32,50,82,185
12/02/2010,BQN,PR,ASO,ES,Federal Contract Tower,32,2,11,4,49,2,0,49,16,67,34,2,60,20,116,72,46,118,234
12/03/2010,BQN,PR,ASO,ES,Federal Contract Tower,28,2,4,5,39,1,0,50,5,56,29,2,54,10,95,52,60,112,207
12/04/2010,BQN,PR,ASO,ES,Federal Contract Tower,7,0,5,3,15,0,0,76,21,97,7,0,81,24,112,100,22,122,234
12/05/2010,BQN,PR,ASO,ES,Federal Contract Tower,9,2,3,1,15,0,0,43,8,51,9,2,46,9,66,40,0,40,106
12/06/2010,BQN,PR,ASO,ES,Federal Contract Tower,29,2,8,4,43,0,0,31,7,38,29,2,39,11,81,26,2,28,109
12/07/2010,BQN,PR,ASO,ES,Federal Contract Tower,31,0,6,1,38,2,0,47,19,68,33,0,53,20,106,58,26,84,190
12/08/2010,BQN,PR,ASO,ES,Federal Contract Tower,34,2,9,0,45,0,0,51,18,69,34,2,60,18,114,26,46,72,186
12/09/2010,BQN,PR,ASO,ES,Federal Contract Tower,35,2,0,0,37,1,0,61,23,85,36,2,61,23,122,104,14,118,240
12/10/2010,BQN,PR,ASO,ES,Federal Contract Tower,33,2,6,1,42,2,0,52,8,62,35,2,58,9,104,36,16,52,156
12/11/2010,BQN,PR,ASO,ES,Federal Contract Tower,10,1,2,2,15,0,0,46,7,53,10,1,48,9,68,18,104,122,190
12/12/2010,BQN,PR,ASO,ES,Federal Contract Tower,9,2,2,2,15,0,0,47,5,52,9,2,49,7,67,42,16,58,125
12/13/2010,BQN,PR,ASO,ES,Federal Contract Tower,29,3,7,3,42,0,0,48,18,66,29,3,55,21,108,36,94,130,238
12/14/2010,BQN,PR,ASO,ES,Federal Contract Tower,38,1,5,3,47,0,0,45,17,62,38,1,50,20,109,22,0,22,131
12/15/2010,BQN,PR,ASO,ES,Federal Contract Tower,35,1,4,3,43,0,0,52,19,71,35,1,56,22,114,8,12,20,134
12/16/2010,BQN,PR,ASO,ES,Federal Contract Tower,39,4,6,3,52,0,0,68,24,92,39,4,74,27,144,44,88,132,276
12/17/2010,BQN,PR,ASO,ES,Federal Contract Tower,33,4,7,2,46,0,0,45,13,58,33,4,52,15,104,54,10,64,168
12/18/2010,BQN,PR,ASO,ES,Federal Contract Tower,9,0,4,2,15,0,0,62,12,74,9,0,66,14,89,50,26,76,165
12/19/2010,BQN,PR,ASO,ES,Federal Contract Tower,6,2,4,1,13,0,0,30,5,35,6,2,34,6,48,16,44,60,108
12/20/2010,BQN,PR,ASO,ES,Federal Contract Tower,43,5,5,0,53,0,0,31,8,39,43,5,36,8,92,24,12,36,128
12/21/2010,BQN,PR,ASO,ES,Federal Contract Tower,49,0,6,0,55,1,0,54,16,71,50,0,60,16,126,64,4,68,194
12/22/2010,BQN,PR,ASO,ES,Federal Contract Tower,38,5,9,2,54,0,0,60,8,68,38,5,69,10,122,22,14,36,158
12/23/2010,BQN,PR,ASO,ES,Federal Contract Tower,38,6,6,0,50,1,0,46,11,58,39,6,52,11,108,84,4,88,196
12/24/2010,BQN,PR,ASO,ES,Federal Contract Tower,28,4,10,0,42,4,0,43,5,52,32,4,53,5,94,34,2,36,130
12/25/2010,BQN,PR,ASO,ES,Federal Contract Tower,5,1,0,0,6,0,0,8,2,10,5,1,8,2,16,0,0,0,16
12/26/2010,BQN,PR,ASO,ES,Federal Contract Tower,5,4,8,0,17,0,0,16,8,24,5,4,24,8,41,2,0,2,43
12/27/2010,BQN,PR,ASO,ES,Federal Contract Tower,16,2,7,1,26,0,0,28,2,30,16,2,35,3,56,74,0,74,130
12/28/2010,BQN,PR,ASO,ES,Federal Contract Tower,33,2,4,2,41,0,0,33,11,44,33,2,37,13,85,34,20,54,139
12/29/2010,BQN,PR,ASO,ES,Federal Contract Tower,29,4,5,0,38,0,0,39,12,51,29,4,44,12,89,48,36,84,173
12/30/2010,BQN,PR,ASO,ES,Federal Contract Tower,33,3,2,0,38,0,0,0,0,0,33,3,2,0,38,76,6,82,120
12/31/2010,BQN,PR,ASO,ES,Federal Contract Tower,11,2,3,18,34,2,0,39,6,47,13,2,42,24,81,64,0,64,145
01/01/2011,BQN,PR,ASO,ES,Federal Contract Tower,4,3,4,0,11,0,0,8,6,14,4,3,12,6,25,0,6,6,31
01/02/2011,BQN,PR,ASO,ES,Federal Contract Tower,3,4,8,0,15,0,0,25,3,28,3,4,33,3,43,20,0,20,63
01/03/2011,BQN,PR,ASO,ES,Federal Contract Tower,23,5,18,1,47,1,0,53,9,63,24,5,71,10,110,48,14,62,172
01/04/2011,BQN,PR,ASO,ES,Federal Contract Tower,35,1,5,0,41,1,0,61,5,67,36,1,66,5,108,48,0,48,156
01/05/2011,BQN,PR,ASO,ES,Federal Contract Tower,26,4,5,0,35,0,0,35,5,40,26,4,40,5,75,50,2,52,127
01/06/2011,BQN,PR,ASO,ES,Federal Contract Tower,26,5,3,0,34,0,1,48,1,50,26,6,51,1,84,140,42,182,266
01/07/2011,BQN,PR,ASO,ES,Federal Contract Tower,32,5,2,0,39,0,0,38,11,49,32,5,40,11,88,42,40,82,170
01/08/2011,BQN,PR,ASO,ES,Federal Contract Tower,7,0,1,0,8,0,0,22,2,24,7,0,23,2,32,14,0,14,46
01/09/2011,BQN,PR,ASO,ES,Federal Contract Tower,11,6,3,0,20,0,0,41,2,43,11,6,44,2,63,42,46,88,151
01/10/2011,BQN,PR,ASO,ES,Federal Contract Tower,22,4,0,0,26,1,0,58,9,68,23,4,58,9,94,58,68,126,220
01/11/2011,BQN,PR,ASO,ES,Federal Contract Tower,28,0,8,0,36,0,0,41,9,50,28,0,49,9,86,40,32,72,158
01/12/2011,BQN,PR,ASO,ES,Federal Contract Tower,26,1,5,1,33,0,0,35,5,40,26,1,40,6,73,46,62,108,181
01/13/2011,BQN,PR,ASO,ES,Federal Contract Tower,28,2,3,3,36,0,0,57,9,66,28,2,60,12,102,142,82,224,326
01/14/2011,BQN,PR,ASO,ES,Federal Contract Tower,26,2,7,1,36,1,0,32,9,42,27,2,39,10,78,14,6,20,98
01/15/2011,BQN,PR,ASO,ES,Federal Contract Tower,5,0,5,1,11,0,0,21,3,24,5,0,26,4,35,32,8,40,75
01/16/2011,BQN,PR,ASO,ES,Federal Contract Tower,9,2,3,2,16,0,0,35,7,42,9,2,38,9,58,88,0,88,146
01/17/2011,BQN,PR,ASO,ES,Federal Contract Tower,25,2,5,0,32,1,0,34,6,41,26,2,39,6,73,36,2,38,111
01/18/2011,BQN,PR,ASO,ES,Federal Contract Tower,34,0,4,0,38,0,0,56,9,65,34,0,60,9,103,58,66,124,227
01/19/2011,BQN,PR,ASO,ES,Federal Contract Tower,24,2,1,0,27,0,0,26,8,34,24,2,27,8,61,36,6,42,103
01/20/2011,BQN,PR,ASO,ES,Federal Contract Tower,34,2,8,1,45,1,0,43,19,63,35,2,51,20,108,36,74,110,218
01/21/2011,BQN,PR,ASO,ES,Federal Contract Tower,23,2,3,0,28,2,0,25,13,40,25,2,28,13,68,46,18,64,132
01/22/2011,BQN,PR,ASO,ES,Federal Contract Tower,7,0,2,0,9,0,0,44,11,55,7,0,46,11,64,8,26,34,98
01/23/2011,BQN,PR,ASO,ES,Federal Contract Tower,5,2,5,0,12,0,0,27,6,33,5,2,32,6,45,12,46,58,103
01/24/2011,BQN,PR,ASO,ES,Federal Contract Tower,28,2,1,0,31,2,0,18,9,29,30,2,19,9,60,40,32,72,132
01/25/2011,BQN,PR,ASO,ES,Federal Contract Tower,31,0,3,2,36,3,0,48,16,67,34,0,51,18,103,32,16,48,151
01/26/2011,BQN,PR,ASO,ES,Federal Contract Tower,29,2,4,2,37,0,0,55,8,63,29,2,59,10,100,66,50,116,216
01/27/2011,BQN,PR,ASO,ES,Federal Contract Tower,27,2,3,2,34,0,0,42,13,55,27,2,45,15,89,24,66,90,179
01/28/2011,BQN,PR,ASO,ES,Federal Contract Tower,35,2,11,0,48,0,0,39,11,50,35,2,50,11,98,60,16,76,174
01/29/2011,BQN,PR,ASO,ES,Federal Contract Tower,5,0,6,2,13,0,0,74,13,87,5,0,80,15,100,62,52,114,214
01/30/2011,BQN,PR,ASO,ES,Federal Contract Tower,9,2,2,1,14,0,0,43,6,49,9,2,45,7,63,10,38,48,111
01/31/2011,BQN,PR,ASO,ES,Federal Contract Tower,27,2,3,3,35,0,0,25,17,42,27,2,28,20,77,18,120,138,215
02/01/2011,BQN,PR,ASO,ES,Federal Contract Tower,38,0,2,1,41,1,0,23,9,33,39,0,25,10,74,36,16,52,126
02/02/2011,BQN,PR,ASO,ES,Federal Contract Tower,28,2,9,5,44,1,0,38,12,51,29,2,47,17,95,36,24,60,155
02/03/2011,BQN,PR,ASO,ES,Federal Contract Tower,35,4,6,2,47,0,0,55,7,62,35,4,61,9,109,34,4,38,147
02/04/2011,BQN,PR,ASO,ES,Federal Contract Tower,31,3,7,3,44,0,0,24,6,30,31,3,31,9,74,12,0,12,86
02/05/2011,BQN,PR,ASO,ES,Federal Contract Tower,9,0,8,0,17,0,0,38,7,45,9,0,46,7,62,42,12,54,116
02/06/2011,BQN,PR,ASO,ES,Federal Contract Tower,10,3,7,0,20,0,0,16,8,24,10,3,23,8,44,6,28,34,78
02/07/2011,BQN,PR,ASO,ES,Federal Contract Tower,39,2,5,5,51,0,0,37,9,46,39,2,42,14,97,12,54,66,163
02/08/2011,BQN,PR,ASO,ES,Federal Contract Tower,41,2,7,2,52,0,0,52,22,74,41,2,59,24,126,22,32,54,180
02/09/2011,BQN,PR,ASO,ES,Federal Contract Tower,28,2,7,2,39,2,0,41,9,52,30,2,48,11,91,20,52,72,163
02/10/2011,BQN,PR,ASO,ES,Federal Contract Tower,34,2,0,0,36,2,0,36,24,62,36,2,36,24,98,22,124,146,244
02/11/2011,BQN,PR,ASO,ES,Federal Contract Tower,35,2,3,0,40,1,0,28,15,44,36,2,31,15,84,10,32,42,126
02/12/2011,BQN,PR,ASO,ES,Federal Contract Tower,6,0,2,2,10,0,0,15,4,19,6,0,17,6,29,12,6,18,47
02/13/2011,BQN,PR,ASO,ES,Federal Contract Tower,9,2,1,1,13,0,0,14,9,23,9,2,15,10,36,14,26,40,76
02/14/2011,BQN,PR,ASO,ES,Federal Contract Tower,25,2,4,1,32,0,0,21,5,26,25,2,25,6,58,0,54,54,112
02/15/2011,BQN,PR,ASO,ES,Federal Contract Tower,31,0,2,1,34,3,0,27,8,38,34,0,29,9,72,28,36,64,136
02/16/2011,BQN,PR,ASO,ES,Federal Contract Tower,31,2,9,0,42,3,0,41,6,50,34,2,50,6,92,40,0,40,132
02/17/2011,BQN,PR,ASO,ES,Federal Contract Tower,34,2,3,1,40,1,0,26,15,42,35,2,29,16,82,14,20,34,116
02/18/2011,BQN,PR,ASO,ES,Federal Contract Tower,26,2,3,0,31,0,0,35,10,45,26,2,38,10,76,22,94,116,192
02/19/2011,BQN,PR,ASO,ES,Federal Contract Tower,12,0,0,1,13,0,0,34,7,41,12,0,34,8,54,10,4,14,68
02/20/2011,BQN,PR,ASO,ES,Federal Contract Tower,9,2,4,0,15,0,0,27,3,30,9,2,31,3,45,12,0,12,57
02/21/2011,BQN,PR,ASO,ES,Federal Contract Tower,28,2,8,0,38,1,0,28,7,36,29,2,36,7,74,18,6,24,98
02/22/2011,BQN,PR,ASO,ES,Federal Contract Tower,32,0,4,3,39,2,0,41,3,46,34,0,45,6,85,32,40,72,157
02/23/2011,BQN,PR,ASO,ES,Federal Contract Tower,27,1,5,0,33,2,0,35,8,45,29,1,40,8,78,52,70,122,200
02/24/2011,BQN,PR,ASO,ES,Federal Contract Tower,32,2,2,1,37,2,0,40,12,54,34,2,42,13,91,52,26,78,169
02/25/2011,BQN,PR,ASO,ES,Federal Contract Tower,31,2,4,2,39,0,1,36,11,48,31,3,40,13,87,6,22,28,115
02/26/2011,BQN,PR,ASO,ES,Federal Contract Tower,9,0,1,0,10,0,0,40,3,43,9,0,41,3,53,32,6,38,91
02/27/2011,BQN,PR,ASO,ES,Federal Contract Tower,9,2,11,0,22,0,0,27,5,32,9,2,38,5,54,20,0,20,74
02/28/2011,BQN,PR,ASO,ES,Federal Contract Tower,25,2,8,1,36,0,0,47,9,56,25,2,55,10,92,16,42,58,150
03/01/2011,BQN,PR,ASO,ES,Federal Contract Tower,31,0,0,2,33,2,0,16,15,33,33,0,16,17,66,4,14,18,84
03/02/2011,BQN,PR,ASO,ES,Federal Contract Tower,28,1,0,1,30,0,0,21,5,26,28,1,21,6,56,32,84,116,172
03/03/2011,BQN,PR,ASO,ES,Federal Contract Tower,32,2,2,0,36,0,0,30,6,36,32,2,32,6,72,20,2,22,94
03/04/2011,BQN,PR,ASO,ES,Federal Contract Tower,26,2,10,1,39,2,0,39,2,43,28,2,49,3,82,58,0,58,140
03/05/2011,BQN,PR,ASO,ES,Federal Contract Tower,7,0,4,0,11,0,0,36,11,47,7,0,40,11,58,22,22,44,102
03/06/2011,BQN,PR,ASO,ES,Federal Contract Tower,9,1,1,0,11,0,1,38,7,46,9,2,39,7,57,50,22,72,129
03/07/2011,BQN,PR,ASO,ES,Federal Contract Tower,25,0,0,2,27,1,0,41,14,56,26,0,41,16,83,22,70,92,175
03/08/2011,BQN,PR,ASO,ES,Federal Contract Tower,34,0,7,0,41,4,0,38,14,56,38,0,45,14,97,56,0,56,153
03/09/2011,BQN,PR,ASO,ES,Federal Contract Tower,27,2,0,1,30,2,0,15,3,20,29,2,15,4,50,8,30,38,88
03/10/2011,BQN,PR,ASO,ES,Federal Contract Tower,39,2,4,0,45,2,0,34,12,48,41,2,38,12,93,36,28,64,157
03/11/2011,BQN,PR,ASO,ES,Federal Contract Tower,29,2,8,1,40,2,0,38,10,50,31,2,46,11,90,22,4,26,116
03/12/2011,BQN,PR,ASO,ES,Federal Contract Tower,5,0,4,1,10,0,0,62,5,67,5,0,66,6,77,24,46,70,147
03/13/2011,BQN,PR,ASO,ES,Federal Contract Tower,9,2,11,0,22,0,0,36,5,41,9,2,47,5,63,32,38,70,133
03/14/2011,BQN,PR,ASO,ES,Federal Contract Tower,23,2,1,0,26,1,1,29,9,40,24,3,30,9,66,26,190,216,282
03/15/2011,BQN,PR,ASO,ES,Federal Contract Tower,33,0,3,0,36,0,0,22,12,34,33,0,25,12,70,46,0,46,116
03/16/2011,BQN,PR,ASO,ES,Federal Contract Tower,30,2,9,1,42,3,0,34,6,43,33,2,43,7,85,30,16,46,131
03/17/2011,BQN,PR,ASO,ES,Federal Contract Tower,33,2,4,2,41,2,0,39,14,55,35,2,43,16,96,24,20,44,140
03/18/2011,BQN,PR,ASO,ES,Federal Contract Tower,30,2,3,2,37,1,0,42,6,49,31,2,45,8,86,26,36,62,148
03/19/2011,BQN,PR,ASO,ES,Federal Contract Tower,6,0,4,1,11,0,0,50,10,60,6,0,54,11,71,20,42,62,133
03/20/2011,BQN,PR,ASO,ES,Federal Contract Tower,11,2,0,1,14,0,0,22,10,32,11,2,22,11,46,12,36,48,94
03/21/2011,BQN,PR,ASO,ES,Federal Contract Tower,27,2,1,0,30,0,0,31,14,45,27,2,32,14,75,4,62,66,141
03/22/2011,BQN,PR,ASO,ES,Federal Contract Tower,24,0,7,0,31,0,0,18,13,31,24,0,25,13,62,14,0,14,76
03/23/2011,BQN,PR,ASO,ES,Federal Contract Tower,36,2,7,3,48,0,0,25,11,36,36,2,32,14,84,32,54,86,170
03/24/2011,BQN,PR,ASO,ES,Federal Contract Tower,23,3,0,1,27,1,0,35,11,47,24,3,35,12,74,12,46,58,132
03/25/2011,BQN,PR,ASO,ES,Federal Contract Tower,33,2,2,3,40,0,0,62,7,69,33,2,64,10,109,68,6,74,183
03/26/2011,BQN,PR,ASO,ES,Federal Contract Tower,7,1,4,2,14,0,0,158,5,163,7,1,162,7,177,60,0,60,237
03/27/2011,BQN,PR,ASO,ES,Federal Contract Tower,9,2,0,3,14,0,0,32,10,42,9,2,32,13,56,30,74,104,160
03/28/2011,BQN,PR,ASO,ES,Federal Contract Tower,27,2,3,2,34,1,0,31,11,43,28,2,34,13,77,36,148,184,261
03/29/2011,BQN,PR,ASO,ES,Federal Contract Tower,34,0,5,0,39,0,0,26,20,46,34,0,31,20,85,4,14,18,103
03/30/2011,BQN,PR,ASO,ES,Federal Contract Tower,34,2,2,2,40,0,0,25,0,25,34,2,27,2,65,50,0,50,115
03/31/2011,BQN,PR,ASO,ES,Federal Contract Tower,30,4,8,3,45,1,0,33,16,50,31,4,41,19,95,48,70,118,213
04/01/2011,BQN,PR,ASO,ES,Federal Contract Tower,34,1,6,0,41,2,0,42,11,55,36,1,48,11,96,20,44,64,160
04/02/2011,BQN,PR,ASO,ES,Federal Contract Tower,6,0,10,1,17,0,0,20,6,26,6,0,30,7,43,2,0,2,45
04/03/2011,BQN,PR,ASO,ES,Federal Contract Tower,11,2,4,0,17,0,0,15,4,19,11,2,19,4,36,0,30,30,66
04/04/2011,BQN,PR,ASO,ES,Federal Contract Tower,28,2,6,1,37,0,0,27,17,44,28,2,33,18,81,56,128,184,265
04/05/2011,BQN,PR,ASO,ES,Federal Contract Tower,31,0,3,2,36,3,0,9,21,33,34,0,12,23,69,12,108,120,189
04/06/2011,BQN,PR,ASO,ES,Federal Contract Tower,18,2,2,1,23,0,0,27,13,40,18,2,29,14,63,74,220,294,357
04/07/2011,BQN,PR,ASO,ES,Federal Contract Tower,30,2,3,2,37,1,0,23,19,43,31,2,26,21,80,6,86,92,172
04/08/2011,BQN,PR,ASO,ES,Federal Contract Tower,41,3,7,0,51,2,0,47,12,61,43,3,54,12,112,50,96,146,258
04/09/2011,BQN,PR,ASO,ES,Federal Contract Tower,6,0,4,1,11,0,0,31,9,40,6,0,35,10,51,40,80,120,171
04/10/2011,BQN,PR,ASO,ES,Federal Contract Tower,19,2,2,0,23,0,0,29,16,45,19,2,31,16,68,4,0,4,72
04/11/2011,BQN,PR,ASO,ES,Federal Contract Tower,35,2,2,1,40,0,0,32,21,53,35,2,34,22,93,42,96,138,231
04/12/2011,BQN,PR,ASO,ES,Federal Contract Tower,36,0,1,0,37,0,1,20,9,30,36,1,21,9,67,16,60,76,143
04/13/2011,BQN,PR,ASO,ES,Federal Contract Tower,30,2,5,1,38,0,0,32,4,36,30,2,37,5,74,38,0,38,112
04/14/2011,BQN,PR,ASO,ES,Federal Contract Tower,32,2,8,1,43,0,0,14,14,28,32,2,22,15,71,0,142,142,213
04/15/2011,BQN,PR,ASO,ES,Federal Contract Tower,36,2,5,3,46,1,0,46,10,57,37,2,51,13,103,14,46,60,163
04/16/2011,BQN,PR,ASO,ES,Federal Contract Tower,7,0,0,12,19,0,0,53,8,61,7,0,53,20,80,22,88,110,190
04/17/2011,BQN,PR,ASO,ES,Federal Contract Tower,10,2,2,3,17,0,0,14,6,20,10,2,16,9,37,4,22,26,63
04/18/2011,BQN,PR,ASO,ES,Federal Contract Tower,26,3,7,1,37,0,0,42,18,60,26,3,49,19,97,40,74,114,211
04/19/2011,BQN,PR,ASO,ES,Federal Contract Tower,35,0,1,2,38,2,0,44,18,64,37,0,45,20,102,18,112,130,232
04/20/2011,BQN,PR,ASO,ES,Federal Contract Tower,31,2,0,1,34,1,0,52,9,62,32,2,52,10,96,88,36,124,220
04/21/2011,BQN,PR,ASO,ES,Federal Contract Tower,31,3,9,2,45,0,0,43,18,61,31,3,52,20,106,60,4,64,170
04/22/2011,BQN,PR,ASO,ES,Federal Contract Tower,7,5,3,1,16,0,0,26,20,46,7,5,29,21,62,32,8,40,102
04/23/2011,BQN,PR,ASO,ES,Federal Contract Tower,6,0,1,0,7,0,0,32,1,33,6,0,33,1,40,36,4,40,80
04/24/2011,BQN,PR,ASO,ES,Federal Contract Tower,10,2,0,0,12,0,0,21,1,22,10,2,21,1,34,4,0,4,38
04/25/2011,BQN,PR,ASO,ES,Federal Contract Tower,29,4,7,3,43,0,0,36,4,40,29,4,43,7,83,20,8,28,111
04/26/2011,BQN,PR,ASO,ES,Federal Contract Tower,37,1,5,1,44,0,0,47,16,63,37,1,52,17,107,36,6,42,149
04/27/2011,BQN,PR,ASO,ES,Federal Contract Tower,34,2,9,1,46,0,0,39,22,61,34,2,48,23,107,10,4,14,121
04/28/2011,BQN,PR,ASO,ES,Federal Contract Tower,33,2,4,0,39,2,0,38,22,62,35,2,42,22,101,22,84,106,207
04/29/2011,BQN,PR,ASO,ES,Federal Contract Tower,37,4,6,0,47,0,0,31,4,35,37,4,37,4,82,2,0,2,84
04/30/2011,BQN,PR,ASO,ES,Federal Contract Tower,6,0,4,0,10,0,0,41,5,46,6,0,45,5,56,4,0,4,60
05/01/2011,BQN,PR,ASO,ES,Federal Contract Tower,10,2,3,0,15,0,0,21,0,21,10,2,24,0,36,0,0,0,36
05/02/2011,BQN,PR,ASO,ES,Federal Contract Tower,22,4,3,2,31,0,0,17,12,29,22,4,20,14,60,4,24,28,88
05/03/2011,BQN,PR,ASO,ES,Federal Contract Tower,34,2,2,0,38,0,0,41,6,47,34,2,43,6,85,40,46,86,171
05/04/2011,BQN,PR,ASO,ES,Federal Contract Tower,35,2,5,0,42,2,0,38,10,50,37,2,43,10,92,36,0,36,128
05/05/2011,BQN,PR,ASO,ES,Federal Contract Tower,36,3,6,4,49,1,0,52,11,64,37,3,58,15,113,24,42,66,179
05/06/2011,BQN,PR,ASO,ES,Federal Contract Tower,34,2,0,0,36,0,0,48,12,60,34,2,48,12,96,14,52,66,162
05/07/2011,BQN,PR,ASO,ES,Federal Contract Tower,8,0,0,0,8,0,0,34,4,38,8,0,34,4,46,14,22,36,82
05/08/2011,BQN,PR,ASO,ES,Federal Contract Tower,14,2,5,0,21,0,0,16,2,18,14,2,21,2,39,4,0,4,43
05/09/2011,BQN,PR,ASO,ES,Federal Contract Tower,23,2,5,1,31,0,0,32,4,36,23,2,37,5,67,6,6,12,79
05/10/2011,BQN,PR,ASO,ES,Federal Contract Tower,41,0,7,1,49,0,0,38,16,54,41,0,45,17,103,16,2,18,121
05/11/2011,BQN,PR,ASO,ES,Federal Contract Tower,38,2,5,0,45,1,0,36,10,47,39,2,41,10,92,60,46,106,198
05/12/2011,BQN,PR,ASO,ES,Federal Contract Tower,34,2,4,0,40,0,0,23,4,27,34,2,27,4,67,40,0,40,107
05/13/2011,BQN,PR,ASO,ES,Federal Contract Tower,40,3,7,1,51,1,0,12,6,19,41,3,19,7,70,34,58,92,162
05/14/2011,BQN,PR,ASO,ES,Federal Contract Tower,11,1,0,3,15,0,0,7,5,12,11,1,7,8,27,0,12,12,39
05/15/2011,BQN,PR,ASO,ES,Federal Contract Tower,12,2,2,4,20,0,0,17,3,20,12,2,19,7,40,0,0,0,40
05/16/2011,BQN,PR,ASO,ES,Federal Contract Tower,30,2,4,1,37,1,0,33,4,38,31,2,37,5,75,2,12,14,89
05/17/2011,BQN,PR,ASO,ES,Federal Contract Tower,38,0,1,0,39,0,0,14,10,24,38,0,15,10,63,6,22,28,91
05/18/2011,BQN,PR,ASO,ES,Federal Contract Tower,30,2,7,1,40,2,0,48,6,56,32,2,55,7,96,86,22,108,204
05/19/2011,BQN,PR,ASO,ES,Federal Contract Tower,40,2,8,2,52,0,0,25,8,33,40,2,33,10,85,34,18,52,137
05/20/2011,BQN,PR,ASO,ES,Federal Contract Tower,36,2,6,1,45,0,0,7,4,11,36,2,13,5,56,4,66,70,126
05/21/2011,BQN,PR,ASO,ES,Federal Contract Tower,9,0,4,0,13,0,0,26,2,28,9,0,30,2,41,0,30,30,71
05/22/2011,BQN,PR,ASO,ES,Federal Contract Tower,12,2,2,0,16,0,0,19,2,21,12,2,21,2,37,14,0,14,51
05/23/2011,BQN,PR,ASO,ES,Federal Contract Tower,35,2,3,3,43,0,0,32,13,45,35,2,35,16,88,24,58,82,170
05/24/2011,BQN,PR,ASO,ES,Federal Contract Tower,39,0,7,2,48,0,0,30,18,48,39,0,37,20,96,52,106,158,254
05/25/2011,BQN,PR,ASO,ES,Federal Contract Tower,37,2,7,0,46,4,0,17,15,36,41,2,24,15,82,18,42,60,142
05/26/2011,BQN,PR,ASO,ES,Federal Contract Tower,37,2,3,1,43,0,0,21,12,33,37,2,24,13,76,38,2,40,116
05/27/2011,BQN,PR,ASO,ES,Federal Contract Tower,36,6,2,2,46,1,0,25,6,32,37,6,27,8,78,6,24,30,108
05/28/2011,BQN,PR,ASO,ES,Federal Contract Tower,10,0,3,2,15,0,0,28,4,32,10,0,31,6,47,0,0,0,47
05/29/2011,BQN,PR,ASO,ES,Federal Contract Tower,13,8,0,0,21,0,0,19,3,22,13,8,19,3,43,0,0,0,43
05/30/2011,BQN,PR,ASO,ES,Federal Contract Tower,19,8,4,1,32,2,0,14,2,18,21,8,18,3,50,6,0,6,56
05/31/2011,BQN,PR,ASO,ES,Federal Contract Tower,36,0,3,0,39,0,0,10,6,16,36,0,13,6,55,4,46,50,105
06/01/2011,BQN,PR,ASO,ES,Federal Contract Tower,35,7,2,0,44,1,0,13,5,19,36,7,15,5,63,2,36,38,101
06/02/2011,BQN,PR,ASO,ES,Federal Contract Tower,38,4,4,1,47,0,0,6,9,15,38,4,10,10,62,18,14,32,94
06/03/2011,BQN,PR,ASO,ES,Federal Contract Tower,39,6,6,0,51,0,0,21,2,23,39,6,27,2,74,2,52,54,128
06/04/2011,BQN,PR,ASO,ES,Federal Contract Tower,8,0,4,1,13,0,0,9,2,11,8,0,13,3,24,14,20,34,58
06/05/2011,BQN,PR,ASO,ES,Federal Contract Tower,12,8,0,1,21,0,0,11,3,14,12,8,11,4,35,0,12,12,47
06/06/2011,BQN,PR,ASO,ES,Federal Contract Tower,34,6,0,2,42,0,0,27,6,33,34,6,27,8,75,58,42,100,175
06/07/2011,BQN,PR,ASO,ES,Federal Contract Tower,37,1,2,0,40,0,0,13,10,23,37,1,15,10,63,10,50,60,123
06/08/2011,BQN,PR,ASO,ES,Federal Contract Tower,42,2,1,2,47,0,0,21,6,27,42,2,22,8,74,26,14,40,114
06/09/2011,BQN,PR,ASO,ES,Federal Contract Tower,37,4,5,1,47,0,0,35,13,48,37,4,40,14,95,2,24,26,121
06/10/2011,BQN,PR,ASO,ES,Federal Contract Tower,34,4,2,0,40,2,0,11,13,26,36,4,13,13,66,0,46,46,112
06/11/2011,BQN,PR,ASO,ES,Federal Contract Tower,10,0,5,1,16,0,0,27,2,29,10,0,32,3,45,20,0,20,65
06/12/2011,BQN,PR,ASO,ES,Federal Contract Tower,14,7,8,2,31,0,0,19,4,23,14,7,27,6,54,6,2,8,62
06/13/2011,BQN,PR,ASO,ES,Federal Contract Tower,35,5,0,3,43,0,2,23,8,33,35,7,23,11,76,14,56,70,146
06/14/2011,BQN,PR,ASO,ES,Federal Contract Tower,36,0,4,3,43,0,0,28,12,40,36,0,32,15,83,8,0,8,91
06/15/2011,BQN,PR,ASO,ES,Federal Contract Tower,30,2,1,0,33,0,0,36,15,51,30,2,37,15,84,22,20,42,126
06/16/2011,BQN,PR,ASO,ES,Federal Contract Tower,38,2,4,0,44,0,0,28,12,40,38,2,32,12,84,44,0,44,128
06/17/2011,BQN,PR,ASO,ES,Federal Contract Tower,32,5,2,4,43,0,0,29,9,38,32,5,31,13,81,28,10,38,119
06/18/2011,BQN,PR,ASO,ES,Federal Contract Tower,15,1,4,2,22,1,0,28,10,39,16,1,32,12,61,60,64,124,185
06/19/2011,BQN,PR,ASO,ES,Federal Contract Tower,9,7,1,1,18,0,2,25,4,31,9,9,26,5,49,32,0,32,81
06/20/2011,BQN,PR,ASO,ES,Federal Contract Tower,39,4,4,3,50,1,0,38,7,46,40,4,42,10,96,12,2,14,110
06/21/2011,BQN,PR,ASO,ES,Federal Contract Tower,37,0,0,1,38,2,0,32,10,44,39,0,32,11,82,22,18,40,122
06/22/2011,BQN,PR,ASO,ES,Federal Contract Tower,35,2,2,2,41,2,0,55,6,63,37,2,57,8,104,58,16,74,178
06/23/2011,BQN,PR,ASO,ES,Federal Contract Tower,35,2,0,3,40,3,0,30,8,41,38,2,30,11,81,14,88,102,183
06/24/2011,BQN,PR,ASO,ES,Federal Contract Tower,38,4,5,3,50,0,1,41,7,49,38,5,46,10,99,4,16,20,119
06/25/2011,BQN,PR,ASO,ES,Federal Contract Tower,8,2,1,0,11,0,0,24,6,30,8,2,25,6,41,6,88,94,135
06/26/2011,BQN,PR,ASO,ES,Federal Contract Tower,15,7,9,0,31,0,0,25,5,30,15,7,34,5,61,2,30,32,93
06/27/2011,BQN,PR,ASO,ES,Federal Contract Tower,31,6,3,1,41,0,1,44,3,48,31,7,47,4,89,14,4,18,107
06/28/2011,BQN,PR,ASO,ES,Federal Contract Tower,40,0,5,2,47,1,0,45,13,59,41,0,50,15,106,28,40,68,174
06/29/2011,BQN,PR,ASO,ES,Federal Contract Tower,33,2,4,0,39,4,0,25,18,47,37,2,29,18,86,42,8,50,136
06/30/2011,BQN,PR,ASO,ES,Federal Contract Tower,34,2,2,0,38,0,0,54,18,72,34,2,56,18,110,64,44,108,218
07/01/2011,BQN,PR,ASO,ES,Federal Contract Tower,33,6,0,0,39,0,0,46,9,55,33,6,46,9,94,6,70,76,170
07/02/2011,BQN,PR,ASO,ES,Federal Contract Tower,12,0,0,0,12,0,0,16,6,22,12,0,16,6,34,22,34,56,90
07/03/2011,BQN,PR,ASO,ES,Federal Contract Tower,18,6,5,0,29,0,0,5,2,7,18,6,10,2,36,0,10,10,46
07/04/2011,BQN,PR,ASO,ES,Federal Contract Tower,16,6,1,0,23,3,0,26,6,35,19,6,27,6,58,26,0,26,84
07/05/2011,BQN,PR,ASO,ES,Federal Contract Tower,43,0,0,0,43,3,1,56,10,70,46,1,56,10,113,34,10,44,157
07/06/2011,BQN,PR,ASO,ES,Federal Contract Tower,35,2,1,0,38,1,0,54,12,67,36,2,55,12,105,80,58,138,243
07/07/2011,BQN,PR,ASO,ES,Federal Contract Tower,36,3,8,0,47,0,0,59,15,74,36,3,67,15,121,0,104,104,225
07/08/2011,BQN,PR,ASO,ES,Federal Contract Tower,27,4,3,1,35,0,0,40,8,48,27,4,43,9,83,28,12,40,123
07/09/2011,BQN,PR,ASO,ES,Federal Contract Tower,12,0,3,0,15,0,0,45,5,50,12,0,48,5,65,44,36,80,145
07/10/2011,BQN,PR,ASO,ES,Federal Contract Tower,15,6,5,0,26,0,0,38,7,45,15,6,43,7,71,26,130,156,227
07/11/2011,BQN,PR,ASO,ES,Federal Contract Tower,33,6,0,0,39,0,0,41,12,53,33,6,41,12,92,10,24,34,126
07/12/2011,BQN,PR,ASO,ES,Federal Contract Tower,37,0,3,0,40,1,0,48,9,58,38,0,51,9,98,40,16,56,154
07/13/2011,BQN,PR,ASO,ES,Federal Contract Tower,34,2,2,0,38,0,0,43,8,51,34,2,45,8,89,22,26,48,137
07/14/2011,BQN,PR,ASO,ES,Federal Contract Tower,36,2,3,0,41,2,0,41,9,52,38,2,44,9,93,42,18,60,153
07/15/2011,BQN,PR,ASO,ES,Federal Contract Tower,37,6,0,0,43,0,2,51,13,66,37,8,51,13,109,8,32,40,149
07/16/2011,BQN,PR,ASO,ES,Federal Contract Tower,13,0,1,1,15,1,0,40,6,47,14,0,41,7,62,24,2,26,88
07/17/2011,BQN,PR,ASO,ES,Federal Contract Tower,14,6,10,0,30,0,0,46,7,53,14,6,56,7,83,24,0,24,107
07/18/2011,BQN,PR,ASO,ES,Federal Contract Tower,31,6,5,1,43,0,0,37,13,50,31,6,42,14,93,26,92,118,211
07/19/2011,BQN,PR,ASO,ES,Federal Contract Tower,38,0,3,0,41,19,0,31,14,64,57,0,34,14,105,38,4,42,147
07/20/2011,BQN,PR,ASO,ES,Federal Contract Tower,30,2,2,0,34,10,2,34,3,49,40,4,36,3,83,64,46,110,193
07/21/2011,BQN,PR,ASO,ES,Federal Contract Tower,32,2,0,0,34,2,0,46,10,58,34,2,46,10,92,72,6,78,170
07/22/2011,BQN,PR,ASO,ES,Federal Contract Tower,37,6,5,0,48,0,0,47,1,48,37,6,52,1,96,18,0,18,114
07/23/2011,BQN,PR,ASO,ES,Federal Contract Tower,10,0,4,0,14,0,0,23,1,24,10,0,27,1,38,50,0,50,88
07/24/2011,BQN,PR,ASO,ES,Federal Contract Tower,13,8,10,0,31,0,0,36,4,40,13,8,46,4,71,42,0,42,113
07/25/2011,BQN,PR,ASO,ES,Federal Contract Tower,34,6,4,0,44,0,0,44,4,48,34,6,48,4,92,32,30,62,154
07/26/2011,BQN,PR,ASO,ES,Federal Contract Tower,36,0,1,1,38,1,0,39,9,49,37,0,40,10,87,20,10,30,117
07/27/2011,BQN,PR,ASO,ES,Federal Contract Tower,47,2,1,1,51,1,0,32,11,44,48,2,33,12,95,2,80,82,177
07/28/2011,BQN,PR,ASO,ES,Federal Contract Tower,52,4,3,1,60,1,0,43,16,60,53,4,46,17,120,0,18,18,138
07/29/2011,BQN,PR,ASO,ES,Federal Contract Tower,41,6,7,0,54,0,0,47,13,60,41,6,54,13,114,0,74,74,188
07/30/2011,BQN,PR,ASO,ES,Federal Contract Tower,11,0,1,0,12,0,0,58,6,64,11,0,59,6,76,12,84,96,172
07/31/2011,BQN,PR,ASO,ES,Federal Contract Tower,14,8,12,0,34,0,0,30,2,32,14,8,42,2,66,32,26,58,124
08/01/2011,BQN,PR,ASO,ES,Federal Contract Tower,27,7,0,1,35,1,0,20,9,30,28,7,20,10,65,0,26,26,91
08/02/2011,BQN,PR,ASO,ES,Federal Contract Tower,23,0,3,4,30,1,0,4,9,14,24,0,7,13,44,0,50,50,94
08/03/2011,BQN,PR,ASO,ES,Federal Contract Tower,0,0,0,27,27,0,0,0,3,3,0,0,0,30,30,0,36,36,66
08/04/2011,BQN,PR,ASO,ES,Federal Contract Tower,26,0,2,1,29,0,0,38,11,49,26,0,40,12,78,44,48,92,170
08/05/2011,BQN,PR,ASO,ES,Federal Contract Tower,38,0,3,1,42,0,0,64,1,65,38,0,67,2,107,0,14,14,121
08/06/2011,BQN,PR,ASO,ES,Federal Contract Tower,10,0,0,0,10,0,0,31,2,33,10,0,31,2,43,0,0,0,43
08/07/2011,BQN,PR,ASO,ES,Federal Contract Tower,15,2,1,1,19,0,0,16,5,21,15,2,17,6,40,2,12,14,54
08/08/2011,BQN,PR,ASO,ES,Federal Contract Tower,3,2,1,2,8,0,0,33,6,39,3,2,34,8,47,0,0,0,47
08/09/2011,BQN,PR,ASO,ES,Federal Contract Tower,36,0,4,1,41,0,0,50,13,63,36,0,54,14,104,10,6,16,120
08/10/2011,BQN,PR,ASO,ES,Federal Contract Tower,39,2,5,0,46,1,0,32,19,52,40,2,37,19,98,0,12,12,110
08/11/2011,BQN,PR,ASO,ES,Federal Contract Tower,39,4,4,4,51,2,0,50,11,63,41,4,54,15,114,6,24,30,144
08/12/2011,BQN,PR,ASO,ES,Federal Contract Tower,41,2,10,1,54,0,0,39,2,41,41,2,49,3,95,2,50,52,147
08/13/2011,BQN,PR,ASO,ES,Federal Contract Tower,15,0,1,0,16,0,0,53,8,61,15,0,54,8,77,0,14,14,91
08/14/2011,BQN,PR,ASO,ES,Federal Contract Tower,23,2,3,0,28,0,0,25,2,27,23,2,28,2,55,4,0,4,59
08/15/2011,BQN,PR,ASO,ES,Federal Contract Tower,31,2,3,0,36,0,0,23,8,31,31,2,26,8,67,0,40,40,107
08/16/2011,BQN,PR,ASO,ES,Federal Contract Tower,37,0,1,0,38,1,0,34,11,46,38,0,35,11,84,0,64,64,148
08/17/2011,BQN,PR,ASO,ES,Federal Contract Tower,40,2,3,1,46,2,0,52,4,58,42,2,55,5,104,0,6,6,110
08/18/2011,BQN,PR,ASO,ES,Federal Contract Tower,39,2,3,0,44,1,0,47,15,63,40,2,50,15,107,44,18,62,169
08/19/2011,BQN,PR,ASO,ES,Federal Contract Tower,41,2,2,1,46,1,0,57,5,63,42,2,59,6,109,21,40,61,170
08/20/2011,BQN,PR,ASO,ES,Federal Contract Tower,20,0,2,0,22,0,0,72,10,82,20,0,74,10,104,4,0,4,108
08/21/2011,BQN,PR,ASO,ES,Federal Contract Tower,21,2,1,0,24,0,0,29,0,29,21,2,30,0,53,0,0,0,53
08/22/2011,BQN,PR,ASO,ES,Federal Contract Tower,6,0,2,1,9,0,0,3,1,4,6,0,5,2,13,0,0,0,13
08/23/2011,BQN,PR,ASO,ES,Federal Contract Tower,44,0,2,0,46,0,0,12,0,12,44,0,14,0,58,0,0,0,58
08/24/2011,BQN,PR,ASO,ES,Federal Contract Tower,42,2,1,2,47,0,0,16,8,24,42,2,17,10,71,16,18,34,105
08/25/2011,BQN,PR,ASO,ES,Federal Contract Tower,35,2,0,1,38,1,0,30,9,40,36,2,30,10,78,6,8,14,92
08/26/2011,BQN,PR,ASO,ES,Federal Contract Tower,40,2,2,1,45,0,0,26,11,37,40,2,28,12,82,2,20,22,104
08/27/2011,BQN,PR,ASO,ES,Federal Contract Tower,14,0,0,2,16,0,0,36,7,43,14,0,36,9,59,8,60,68,127
08/28/2011,BQN,PR,ASO,ES,Federal Contract Tower,12,2,0,1,15,0,0,16,17,33,12,2,16,18,48,0,1,1,49
08/29/2011,BQN,PR,ASO,ES,Federal Contract Tower,27,2,6,0,35,0,0,24,11,35,27,2,30,11,70,10,44,54,124
08/30/2011,BQN,PR,ASO,ES,Federal Contract Tower,35,0,3,3,41,1,0,46,12,59,36,0,49,15,100,4,108,112,212
08/31/2011,BQN,PR,ASO,ES,Federal Contract Tower,39,2,1,1,43,4,0,50,10,64,43,2,51,11,107,48,54,102,209
09/01/2011,BQN,PR,ASO,ES,Federal Contract Tower,38,3,1,0,42,2,0,39,17,58,40,3,40,17,100,10,22,32,132
09/02/2011,BQN,PR,ASO,ES,Federal Contract Tower,41,0,6,3,50,1,0,65,9,75,42,0,71,12,125,28,34,62,187
09/03/2011,BQN,PR,ASO,ES,Federal Contract Tower,15,0,4,2,21,0,0,63,6,69,15,0,67,8,90,12,20,32,122
09/04/2011,BQN,PR,ASO,ES,Federal Contract Tower,19,2,0,0,21,0,0,22,4,26,19,2,22,4,47,6,22,28,75
09/05/2011,BQN,PR,ASO,ES,Federal Contract Tower,26,2,10,1,39,2,0,42,3,47,28,2,52,4,86,12,0,12,98
09/06/2011,BQN,PR,ASO,ES,Federal Contract Tower,31,0,2,0,33,1,0,58,6,65,32,0,60,6,98,32,4,36,134
09/07/2011,BQN,PR,ASO,ES,Federal Contract Tower,35,2,4,1,42,2,0,38,6,46,37,2,42,7,88,46,0,46,134
09/08/2011,BQN,PR,ASO,ES,Federal Contract Tower,34,0,4,0,38,1,0,26,9,36,35,0,30,9,74,0,8,8,82
09/09/2011,BQN,PR,ASO,ES,Federal Contract Tower,25,0,5,0,30,0,2,53,12,67,25,2,58,12,97,12,24,36,133
09/10/2011,BQN,PR,ASO,ES,Federal Contract Tower,14,2,0,2,18,1,0,33,4,38,15,2,33,6,56,0,50,50,106
09/11/2011,BQN,PR,ASO,ES,Federal Contract Tower,21,0,2,1,24,0,0,5,4,9,21,0,7,5,33,0,18,18,51
09/12/2011,BQN,PR,ASO,ES,Federal Contract Tower,33,1,4,1,39,1,0,33,13,47,34,1,37,14,86,32,70,102,188
09/13/2011,BQN,PR,ASO,ES,Federal Contract Tower,37,0,4,2,43,0,0,40,14,54,37,0,44,16,97,32,20,52,149
09/14/2011,BQN,PR,ASO,ES,Federal Contract Tower,33,2,2,0,37,0,0,42,6,48,33,2,44,6,85,32,0,32,117
09/15/2011,BQN,PR,ASO,ES,Federal Contract Tower,30,2,5,1,38,0,0,38,10,48,30,2,43,11,86,34,28,62,148
09/16/2011,BQN,PR,ASO,ES,Federal Contract Tower,29,2,1,2,34,0,1,43,9,53,29,3,44,11,87,30,0,30,117
09/17/2011,BQN,PR,ASO,ES,Federal Contract Tower,10,0,2,1,13,0,2,28,8,38,10,2,30,9,51,6,56,62,113
09/18/2011,BQN,PR,ASO,ES,Federal Contract Tower,13,2,1,0,16,0,0,10,4,14,13,2,11,4,30,4,10,14,44
09/19/2011,BQN,PR,ASO,ES,Federal Contract Tower,25,2,2,0,29,1,0,38,14,53,26,2,40,14,82,20,42,62,144
09/20/2011,BQN,PR,ASO,ES,Federal Contract Tower,39,0,6,0,45,0,2,45,10,57,39,2,51,10,102,18,10,28,130
09/21/2011,BQN,PR,ASO,ES,Federal Contract Tower,32,2,0,0,34,0,0,47,7,54,32,2,47,7,88,52,110,162,250
09/22/2011,BQN,PR,ASO,ES,Federal Contract Tower,31,2,0,1,34,0,0,45,16,61,31,2,45,17,95,58,38,96,191
09/23/2011,BQN,PR,ASO,ES,Federal Contract Tower,36,0,0,0,36,0,0,38,12,50,36,0,38,12,86,4,2,6,92
09/24/2011,BQN,PR,ASO,ES,Federal Contract Tower,7,0,0,0,7,0,0,59,8,67,7,0,59,8,74,30,0,30,104
09/25/2011,BQN,PR,ASO,ES,Federal Contract Tower,16,2,0,0,18,0,0,9,7,16,16,2,9,7,34,0,32,32,66
09/26/2011,BQN,PR,ASO,ES,Federal Contract Tower,25,2,2,0,29,1,0,30,4,35,26,2,32,4,64,8,6,14,78
09/27/2011,BQN,PR,ASO,ES,Federal Contract Tower,38,0,1,0,39,3,0,52,9,64,41,0,53,9,103,102,26,128,231
09/28/2011,BQN,PR,ASO,ES,Federal Contract Tower,32,2,1,3,38,0,0,41,19,60,32,2,42,22,98,62,54,116,214
09/29/2011,BQN,PR,ASO,ES,Federal Contract Tower,31,2,0,0,33,2,2,28,3,35,33,4,28,3,68,44,63,107,175
09/30/2011,BQN,PR,ASO,ES,Federal Contract Tower,35,2,5,2,44,1,0,35,6,42,36,2,40,8,86,52,24,76,162
10/01/2011,BQN,PR,ASO,ES,Federal Contract Tower,9,0,2,1,12,0,0,63,8,71,9,0,65,9,83,54,0,54,137
10/02/2011,BQN,PR,ASO,ES,Federal Contract Tower,16,2,3,1,22,0,0,39,12,51,16,2,42,13,73,8,0,8,81
10/03/2011,BQN,PR,ASO,ES,Federal Contract Tower,24,2,2,2,30,1,0,66,16,83,25,2,68,18,113,40,62,102,215
10/04/2011,BQN,PR,ASO,ES,Federal Contract Tower,35,0,1,3,39,0,0,51,16,67,35,0,52,19,106,70,10,80,186
10/05/2011,BQN,PR,ASO,ES,Federal Contract Tower,34,2,3,1,40,2,0,50,8,60,36,2,53,9,100,40,40,80,180
10/06/2011,BQN,PR,ASO,ES,Federal Contract Tower,34,0,1,0,35,0,0,56,17,73,34,0,57,17,108,58,48,106,214
10/07/2011,BQN,PR,ASO,ES,Federal Contract Tower,31,2,3,2,38,2,0,46,12,60,33,2,49,14,98,42,44,86,184
10/08/2011,BQN,PR,ASO,ES,Federal Contract Tower,10,0,2,0,12,0,0,36,21,57,10,0,38,21,69,42,8,50,119
10/09/2011,BQN,PR,ASO,ES,Federal Contract Tower,18,1,2,0,21,0,0,40,15,55,18,1,42,15,76,20,12,32,108
10/10/2011,BQN,PR,ASO,ES,Federal Contract Tower,25,3,6,2,36,0,0,46,3,49,25,3,52,5,85,42,28,70,155
10/11/2011,BQN,PR,ASO,ES,Federal Contract Tower,33,1,1,0,35,0,0,56,17,73,33,1,57,17,108,46,30,76,184
10/12/2011,BQN,PR,ASO,ES,Federal Contract Tower,33,3,1,3,40,1,0,68,14,83,34,3,69,17,123,38,82,120,243
10/13/2011,BQN,PR,ASO,ES,Federal Contract Tower,31,2,0,2,35,1,0,52,21,74,32,2,52,23,109,38,12,50,159
10/14/2011,BQN,PR,ASO,ES,Federal Contract Tower,27,3,0,2,32,1,0,43,11,55,28,3,43,13,87,32,0,32,119
10/15/2011,BQN,PR,ASO,ES,Federal Contract Tower,8,2,0,0,10,0,0,51,18,69,8,2,51,18,79,90,32,122,201
10/16/2011,BQN,PR,ASO,ES,Federal Contract Tower,15,2,0,0,17,0,0,36,10,46,15,2,36,10,63,20,60,80,143
10/17/2011,BQN,PR,ASO,ES,Federal Contract Tower,34,0,1,1,36,0,0,45,11,56,34,0,46,12,92,18,110,128,220
10/18/2011,BQN,PR,ASO,ES,Federal Contract Tower,36,2,2,2,42,1,0,63,19,83,37,2,65,21,125,62,32,94,219
10/19/2011,BQN,PR,ASO,ES,Federal Contract Tower,30,2,5,1,38,0,0,60,8,68,30,2,65,9,106,66,74,140,246
10/20/2011,BQN,PR,ASO,ES,Federal Contract Tower,36,0,3,5,44,1,0,51,10,62,37,0,54,15,106,42,126,168,274
10/21/2011,BQN,PR,ASO,ES,Federal Contract Tower,31,2,1,1,35,1,0,45,12,58,32,2,46,13,93,52,20,72,165
10/22/2011,BQN,PR,ASO,ES,Federal Contract Tower,8,0,4,3,15,0,0,65,29,94,8,0,69,32,109,72,22,94,203
10/23/2011,BQN,PR,ASO,ES,Federal Contract Tower,13,2,5,0,20,0,0,31,8,39,13,2,36,8,59,8,10,18,77
10/24/2011,BQN,PR,ASO,ES,Federal Contract Tower,32,3,5,0,40,1,0,36,9,46,33,3,41,9,86,26,86,112,198
10/25/2011,BQN,PR,ASO,ES,Federal Contract Tower,33,0,2,2,37,1,0,46,6,53,34,0,48,8,90,46,14,60,150
10/26/2011,BQN,PR,ASO,ES,Federal Contract Tower,32,2,3,2,39,0,0,36,6,42,32,2,39,8,81,56,34,90,171
10/27/2011,BQN,PR,ASO,ES,Federal Contract Tower,28,4,1,0,33,1,0,51,8,60,29,4,52,8,93,84,0,84,177
10/28/2011,BQN,PR,ASO,ES,Federal Contract Tower,33,2,2,0,37,0,0,46,14,60,33,2,48,14,97,30,16,46,143
10/29/2011,BQN,PR,ASO,ES,Federal Contract Tower,8,0,4,0,12,0,0,47,8,55,8,0,51,8,67,26,14,40,107
10/30/2011,BQN,PR,ASO,ES,Federal Contract Tower,16,3,2,0,21,0,0,16,12,28,16,3,18,12,49,4,0,4,53
10/31/2011,BQN,PR,ASO,ES,Federal Contract Tower,28,2,6,1,37,0,0,41,13,54,28,2,47,14,91,24,24,48,139
11/01/2011,BQN,PR,ASO,ES,Federal Contract Tower,33,0,2,0,35,1,0,45,24,70,34,0,47,24,105,36,24,60,165
11/02/2011,BQN,PR,ASO,ES,Federal Contract Tower,33,2,2,0,37,0,0,37,15,52,33,2,39,15,89,38,61,99,188
11/03/2011,BQN,PR,ASO,ES,Federal Contract Tower,27,2,5,0,34,1,0,41,6,48,28,2,46,6,82,74,32,106,188
11/04/2011,BQN,PR,ASO,ES,Federal Contract Tower,27,2,4,0,33,1,0,40,7,48,28,2,44,7,81,38,0,38,119
11/05/2011,BQN,PR,ASO,ES,Federal Contract Tower,13,0,0,1,14,0,0,38,17,55,13,0,38,18,69,40,12,52,121
11/06/2011,BQN,PR,ASO,ES,Federal Contract Tower,11,2,0,2,15,0,0,22,3,25,11,2,22,5,40,0,2,2,42
11/07/2011,BQN,PR,ASO,ES,Federal Contract Tower,31,2,1,1,35,0,0,27,8,35,31,2,28,9,70,4,2,6,76
11/08/2011,BQN,PR,ASO,ES,Federal Contract Tower,33,0,1,0,34,0,0,34,15,49,33,0,35,15,83,38,4,42,125
11/09/2011,BQN,PR,ASO,ES,Federal Contract Tower,30,3,3,2,38,0,0,9,2,11,30,3,12,4,49,6,30,36,85
11/10/2011,BQN,PR,ASO,ES,Federal Contract Tower,27,2,4,0,33,0,0,30,8,38,27,2,34,8,71,24,12,36,107
11/11/2011,BQN,PR,ASO,ES,Federal Contract Tower,35,2,3,1,41,0,0,21,8,29,35,2,24,9,70,24,0,24,94
11/12/2011,BQN,PR,ASO,ES,Federal Contract Tower,9,0,2,0,11,0,0,73,10,83,9,0,75,10,94,28,2,30,124
11/13/2011,BQN,PR,ASO,ES,Federal Contract Tower,11,4,7,1,23,0,0,17,2,19,11,4,24,3,42,10,0,10,52
11/14/2011,BQN,PR,ASO,ES,Federal Contract Tower,29,2,1,0,32,1,0,39,12,52,30,2,40,12,84,8,38,46,130
11/15/2011,BQN,PR,ASO,ES,Federal Contract Tower,37,0,3,2,42,0,0,49,9,58,37,0,52,11,100,40,28,68,168
11/16/2011,BQN,PR,ASO,ES,Federal Contract Tower,28,0,5,0,33,0,0,47,8,55,28,0,52,8,88,50,10,60,148
11/17/2011,BQN,PR,ASO,ES,Federal Contract Tower,32,2,4,1,39,1,0,29,14,44,33,2,33,15,83,20,70,90,173
11/18/2011,BQN,PR,ASO,ES,Federal Contract Tower,31,3,3,0,37,1,0,37,12,50,32,3,40,12,87,24,22,46,133
11/19/2011,BQN,PR,ASO,ES,Federal Contract Tower,19,0,3,0,22,0,0,41,13,54,19,0,44,13,76,48,2,50,126
11/20/2011,BQN,PR,ASO,ES,Federal Contract Tower,18,2,2,1,23,0,0,20,6,26,18,2,22,7,49,0,2,2,51
11/21/2011,BQN,PR,ASO,ES,Federal Contract Tower,32,2,8,0,42,1,0,35,7,43,33,2,43,7,85,16,30,46,131
11/22/2011,BQN,PR,ASO,ES,Federal Contract Tower,33,1,6,0,40,0,0,42,14,56,33,1,48,14,96,38,4,42,138
11/23/2011,BQN,PR,ASO,ES,Federal Contract Tower,34,0,5,4,43,0,0,39,13,52,34,0,44,17,95,26,8,34,129
11/24/2011,BQN,PR,ASO,ES,Federal Contract Tower,29,0,4,0,33,1,0,11,8,20,30,0,15,8,53,0,46,46,99
11/25/2011,BQN,PR,ASO,ES,Federal Contract Tower,30,0,3,5,38,0,0,30,14,44,30,0,33,19,82,0,40,40,122
11/26/2011,BQN,PR,ASO,ES,Federal Contract Tower,9,1,3,1,14,0,0,26,12,38,9,1,29,13,52,2,6,8,60
11/27/2011,BQN,PR,ASO,ES,Federal Contract Tower,18,0,2,0,20,0,0,11,3,14,18,0,13,3,34,0,0,0,34
11/28/2011,BQN,PR,ASO,ES,Federal Contract Tower,34,1,0,2,37,1,0,42,9,52,35,1,42,11,89,24,0,24,113
11/29/2011,BQN,PR,ASO,ES,Federal Contract Tower,36,0,2,1,39,0,0,44,23,67,36,0,46,24,106,32,24,56,162
11/30/2011,BQN,PR,ASO,ES,Federal Contract Tower,36,0,3,4,43,2,0,38,12,52,38,0,41,16,95,54,28,82,177
12/01/2011,BQN,PR,ASO,ES,Federal Contract Tower,32,1,9,0,42,2,8,50,21,81,34,9,59,21,123,36,70,106,229
12/02/2011,BQN,PR,ASO,ES,Federal Contract Tower,33,2,8,1,44,0,0,43,9,52,33,2,51,10,96,6,4,10,106
12/03/2011,BQN,PR,ASO,ES,Federal Contract Tower,17,0,2,0,19,0,0,50,13,63,17,0,52,13,82,16,30,46,128
12/04/2011,BQN,PR,ASO,ES,Federal Contract Tower,15,2,2,1,20,0,0,21,10,31,15,2,23,11,51,10,2,12,63
12/05/2011,BQN,PR,ASO,ES,Federal Contract Tower,29,2,5,1,37,1,0,17,8,26,30,2,22,9,63,4,22,26,89
12/06/2011,BQN,PR,ASO,ES,Federal Contract Tower,34,0,0,1,35,0,0,40,17,57,34,0,40,18,92,62,46,108,200
12/07/2011,BQN,PR,ASO,ES,Federal Contract Tower,42,0,3,1,46,0,0,40,14,54,42,0,43,15,100,38,42,80,180
12/08/2011,BQN,PR,ASO,ES,Federal Contract Tower,41,0,9,0,50,0,0,67,19,86,41,0,76,19,136,24,14,38,174
12/09/2011,BQN,PR,ASO,ES,Federal Contract Tower,39,0,2,2,43,0,0,19,10,29,39,0,21,12,72,6,24,30,102
12/10/2011,BQN,PR,ASO,ES,Federal Contract Tower,14,0,14,2,30,0,0,25,11,36,14,0,39,13,66,8,36,44,110
12/11/2011,BQN,PR,ASO,ES,Federal Contract Tower,13,0,4,0,17,0,0,22,3,25,13,0,26,3,42,4,2,6,48
12/12/2011,BQN,PR,ASO,ES,Federal Contract Tower,34,1,0,0,35,2,1,14,11,28,36,2,14,11,63,2,70,72,135
12/13/2011,BQN,PR,ASO,ES,Federal Contract Tower,34,0,6,0,40,1,0,46,23,70,35,0,52,23,110,28,52,80,190
12/14/2011,BQN,PR,ASO,ES,Federal Contract Tower,42,0,5,0,47,0,0,40,7,47,42,0,45,7,94,20,0,20,114
12/15/2011,BQN,PR,ASO,ES,Federal Contract Tower,35,2,7,0,44,0,0,13,12,25,35,2,20,12,69,0,24,24,93
12/16/2011,BQN,PR,ASO,ES,Federal Contract Tower,39,4,10,0,53,0,0,38,5,43,39,4,48,5,96,0,0,0,96
12/17/2011,BQN,PR,ASO,ES,Federal Contract Tower,10,0,9,2,21,0,0,53,19,72,10,0,62,21,93,34,16,50,143
12/18/2011,BQN,PR,ASO,ES,Federal Contract Tower,14,2,1,2,19,0,0,41,24,65,14,2,42,26,84,12,34,46,130
12/19/2011,BQN,PR,ASO,ES,Federal Contract Tower,31,2,5,0,38,0,0,43,14,57,31,2,48,14,95,12,22,34,129
12/20/2011,BQN,PR,ASO,ES,Federal Contract Tower,38,1,10,1,50,0,0,19,3,22,38,1,29,4,72,0,14,14,86
12/21/2011,BQN,PR,ASO,ES,Federal Contract Tower,39,0,2,1,42,0,0,44,27,71,39,0,46,28,113,24,94,118,231
12/22/2011,BQN,PR,ASO,ES,Federal Contract Tower,37,2,1,0,40,0,0,47,30,77,37,2,48,30,117,48,32,80,197
12/23/2011,BQN,PR,ASO,ES,Federal Contract Tower,43,2,12,0,57,0,0,58,21,79,43,2,70,21,136,42,2,44,180
12/24/2011,BQN,PR,ASO,ES,Federal Contract Tower,15,0,3,0,18,0,0,21,3,24,15,0,24,3,42,0,38,38,80
12/25/2011,BQN,PR,ASO,ES,Federal Contract Tower,8,1,0,0,9,0,0,2,4,6,8,1,2,4,15,0,0,0,15
12/26/2011,BQN,PR,ASO,ES,Federal Contract Tower,7,2,19,0,28,0,0,27,9,36,7,2,46,9,64,12,26,38,102
12/27/2011,BQN,PR,ASO,ES,Federal Contract Tower,23,1,15,1,40,0,0,30,8,38,23,1,45,9,78,14,18,32,110
12/28/2011,BQN,PR,ASO,ES,Federal Contract Tower,46,0,2,1,49,0,0,24,7,31,46,0,26,8,80,26,30,56,136
12/29/2011,BQN,PR,ASO,ES,Federal Contract Tower,37,0,5,0,42,1,0,32,19,52,38,0,37,19,94,16,10,26,120
12/30/2011,BQN,PR,ASO,ES,Federal Contract Tower,33,1,10,0,44,0,0,42,17,59,33,1,52,17,103,20,0,20,123
12/31/2011,BQN,PR,ASO,ES,Federal Contract Tower,19,0,2,0,21,0,0,15,1,16,19,0,17,1,37,0,0,0,37
01/01/2012,BQN,PR,ASO,ES,Federal Contract Tower,12,0,2,0,14,0,0,3,2,5,12,0,5,2,19,0,22,22,41
01/02/2012,BQN,PR,ASO,ES,Federal Contract Tower,4,4,29,0,37,0,0,30,6,36,4,4,59,6,73,12,4,16,89
01/03/2012,BQN,PR,ASO,ES,Federal Contract Tower,32,3,5,1,41,0,0,31,8,39,32,3,36,9,80,8,0,8,88
01/04/2012,BQN,PR,ASO,ES,Federal Contract Tower,34,6,10,0,50,2,0,30,7,39,36,6,40,7,89,16,2,18,107
01/05/2012,BQN,PR,ASO,ES,Federal Contract Tower,32,0,5,0,37,1,0,33,9,43,33,0,38,9,80,0,0,0,80
01/06/2012,BQN,PR,ASO,ES,Federal Contract Tower,33,0,9,0,42,0,0,11,1,12,33,0,20,1,54,8,0,8,62
01/07/2012,BQN,PR,ASO,ES,Federal Contract Tower,9,0,7,0,16,0,0,16,6,22,9,0,23,6,38,20,60,80,118
01/08/2012,BQN,PR,ASO,ES,Federal Contract Tower,13,4,7,2,26,0,0,22,7,29,13,4,29,9,55,2,0,2,57
01/09/2012,BQN,PR,ASO,ES,Federal Contract Tower,25,3,7,0,35,0,0,25,10,35,25,3,32,10,70,0,26,26,96
01/10/2012,BQN,PR,ASO,ES,Federal Contract Tower,35,5,4,0,44,1,0,21,8,30,36,5,25,8,74,38,0,38,112
01/11/2012,BQN,PR,ASO,ES,Federal Contract Tower,39,2,0,0,41,0,0,22,9,31,39,2,22,9,72,12,72,84,156
01/12/2012,BQN,PR,ASO,ES,Federal Contract Tower,35,1,5,1,42,0,0,31,18,49,35,1,36,19,91,19,40,59,150
01/13/2012,BQN,PR,ASO,ES,Federal Contract Tower,32,0,9,1,42,0,0,39,16,55,32,0,48,17,97,36,4,40,137
01/14/2012,BQN,PR,ASO,ES,Federal Contract Tower,13,0,1,0,14,0,0,21,5,26,13,0,22,5,40,6,74,80,120
01/15/2012,BQN,PR,ASO,ES,Federal Contract Tower,14,2,3,0,19,0,0,20,5,25,14,2,23,5,44,0,30,30,74
01/16/2012,BQN,PR,ASO,ES,Federal Contract Tower,29,4,4,2,39,0,0,22,11,33,29,4,26,13,72,10,2,12,84
01/17/2012,BQN,PR,ASO,ES,Federal Contract Tower,28,13,1,3,45,1,0,22,10,33,29,13,23,13,78,10,54,64,142
01/18/2012,BQN,PR,ASO,ES,Federal Contract Tower,33,1,2,4,40,0,1,22,13,36,33,2,24,17,76,13,48,61,137
01/19/2012,BQN,PR,ASO,ES,Federal Contract Tower,31,0,4,2,37,0,0,30,32,62,31,0,34,34,99,37,162,199,298
01/20/2012,BQN,PR,ASO,ES,Federal Contract Tower,32,0,2,1,35,2,0,30,10,42,34,0,32,11,77,4,12,16,93
01/21/2012,BQN,PR,ASO,ES,Federal Contract Tower,12,0,4,0,16,0,0,32,10,42,12,0,36,10,58,18,12,30,88
01/22/2012,BQN,PR,ASO,ES,Federal Contract Tower,17,0,2,0,19,0,0,17,8,25,17,0,19,8,44,18,1,19,63
01/23/2012,BQN,PR,ASO,ES,Federal Contract Tower,26,2,6,0,34,0,0,22,19,41,26,2,28,19,75,8,24,32,107
01/24/2012,BQN,PR,ASO,ES,Federal Contract Tower,29,1,0,1,31,1,0,34,19,54,30,1,34,20,85,22,58,80,165
01/25/2012,BQN,PR,ASO,ES,Federal Contract Tower,38,1,3,1,43,0,0,29,12,41,38,1,32,13,84,18,39,57,141
01/26/2012,BQN,PR,ASO,ES,Federal Contract Tower,33,0,4,0,37,0,0,26,18,44,33,0,30,18,81,10,32,42,123
01/27/2012,BQN,PR,ASO,ES,Federal Contract Tower,35,0,2,1,38,1,0,30,12,43,36,0,32,13,81,12,8,20,101
01/28/2012,BQN,PR,ASO,ES,Federal Contract Tower,15,0,6,2,23,0,0,33,8,41,15,0,39,10,64,19,18,37,101
01/29/2012,BQN,PR,ASO,ES,Federal Contract Tower,26,0,1,0,27,0,0,35,7,42,26,0,36,7,69,34,0,34,103
01/30/2012,BQN,PR,ASO,ES,Federal Contract Tower,21,0,0,1,22,0,0,14,9,23,21,0,14,10,45,16,60,76,121
01/31/2012,BQN,PR,ASO,ES,Federal Contract Tower,37,0,0,0,37,0,0,72,45,117,37,0,72,45,154,58,52,110,264
02/01/2012,BQN,PR,ASO,ES,Federal Contract Tower,32,1,2,0,35,0,0,23,7,30,32,1,25,7,65,2,48,50,115
02/02/2012,BQN,PR,ASO,ES,Federal Contract Tower,38,0,3,1,42,1,0,35,7,43,39,0,38,8,85,38,14,52,137
02/03/2012,BQN,PR,ASO,ES,Federal Contract Tower,35,3,0,1,39,0,0,24,7,31,35,3,24,8,70,4,0,4,74
02/04/2012,BQN,PR,ASO,ES,Federal Contract Tower,11,0,1,4,16,0,0,32,6,38,11,0,33,10,54,12,0,12,66
02/05/2012,BQN,PR,ASO,ES,Federal Contract Tower,17,0,0,1,18,0,0,12,8,20,17,0,12,9,38,12,0,12,50
02/06/2012,BQN,PR,ASO,ES,Federal Contract Tower,42,0,2,3,47,0,0,25,6,31,42,0,27,9,78,28,10,38,116
02/07/2012,BQN,PR,ASO,ES,Federal Contract Tower,35,0,5,1,41,1,0,28,18,47,36,0,33,19,88,54,70,124,212
02/08/2012,BQN,PR,ASO,ES,Federal Contract Tower,35,0,4,3,42,0,1,27,15,43,35,1,31,18,85,28,14,42,127
02/09/2012,BQN,PR,ASO,ES,Federal Contract Tower,33,2,8,2,45,0,0,29,19,48,33,2,37,21,93,6,42,48,141
02/10/2012,BQN,PR,ASO,ES,Federal Contract Tower,35,0,7,2,44,0,0,29,13,42,35,0,36,15,86,12,64,76,162
02/11/2012,BQN,PR,ASO,ES,Federal Contract Tower,9,0,7,1,17,0,0,36,10,46,9,0,43,11,63,12,30,42,105
02/12/2012,BQN,PR,ASO,ES,Federal Contract Tower,15,0,1,2,18,0,0,21,2,23,15,0,22,4,41,22,0,22,63
02/13/2012,BQN,PR,ASO,ES,Federal Contract Tower,31,0,4,2,37,0,0,24,15,39,31,0,28,17,76,2,90,92,168
02/14/2012,BQN,PR,ASO,ES,Federal Contract Tower,30,0,4,1,35,0,0,20,13,33,30,0,24,14,68,0,16,16,84
02/15/2012,BQN,PR,ASO,ES,Federal Contract Tower,40,0,2,0,42,0,0,38,22,60,40,0,40,22,102,7,70,77,179
02/16/2012,BQN,PR,ASO,ES,Federal Contract Tower,40,0,6,0,46,0,0,14,31,45,40,0,20,31,91,20,53,73,164
02/17/2012,BQN,PR,ASO,ES,Federal Contract Tower,41,1,12,0,54,0,0,48,26,74,41,1,60,26,128,24,48,72,200
02/18/2012,BQN,PR,ASO,ES,Federal Contract Tower,12,0,5,2,19,0,0,36,7,43,12,0,41,9,62,28,30,58,120
02/19/2012,BQN,PR,ASO,ES,Federal Contract Tower,17,0,0,0,17,0,0,12,2,14,17,0,12,2,31,2,0,2,33
02/20/2012,BQN,PR,ASO,ES,Federal Contract Tower,27,0,6,0,33,0,0,22,6,28,27,0,28,6,61,2,60,62,123
02/21/2012,BQN,PR,ASO,ES,Federal Contract Tower,34,2,0,2,38,1,0,16,15,32,35,2,16,17,70,10,48,58,128
02/22/2012,BQN,PR,ASO,ES,Federal Contract Tower,33,0,2,1,36,1,0,34,15,50,34,0,36,16,86,20,8,28,114
02/23/2012,BQN,PR,ASO,ES,Federal Contract Tower,37,0,2,1,40,0,0,46,26,72,37,0,48,27,112,20,52,72,184
02/24/2012,BQN,PR,ASO,ES,Federal Contract Tower,38,0,5,1,44,0,0,23,10,33,38,0,28,11,77,6,12,18,95
02/25/2012,BQN,PR,ASO,ES,Federal Contract Tower,15,0,5,2,22,0,0,44,5,49,15,0,49,7,71,6,2,8,79
02/26/2012,BQN,PR,ASO,ES,Federal Contract Tower,13,0,7,1,21,0,0,31,17,48,13,0,38,18,69,12,0,12,81
02/27/2012,BQN,PR,ASO,ES,Federal Contract Tower,35,0,4,1,40,0,0,45,25,70,35,0,49,26,110,10,88,98,208
02/28/2012,BQN,PR,ASO,ES,Federal Contract Tower,37,0,3,0,40,1,0,43,12,56,38,0,46,12,96,60,12,72,168
02/29/2012,BQN,PR,ASO,ES,Federal Contract Tower,38,0,4,0,42,0,0,23,0,23,38,0,27,0,65,18,12,30,95
03/01/2012,BQN,PR,ASO,ES,Federal Contract Tower,30,0,6,1,37,0,1,33,6,40,30,1,39,7,77,28,16,44,121
03/02/2012,BQN,PR,ASO,ES,Federal Contract Tower,31,0,6,4,41,0,0,17,9,26,31,0,23,13,67,2,32,34,101
03/03/2012,BQN,PR,ASO,ES,Federal Contract Tower,13,1,2,0,16,0,0,27,4,31,13,1,29,4,47,24,0,24,71
03/04/2012,BQN,PR,ASO,ES,Federal Contract Tower,13,0,2,1,16,0,0,52,3,55,13,0,54,4,71,12,0,12,83
03/05/2012,BQN,PR,ASO,ES,Federal Contract Tower,26,0,2,1,29,0,0,45,16,61,26,0,47,17,90,2,18,20,110
03/06/2012,BQN,PR,ASO,ES,Federal Contract Tower,32,0,1,2,35,0,0,30,8,38,32,0,31,10,73,18,12,30,103
03/07/2012,BQN,PR,ASO,ES,Federal Contract Tower,45,0,6,1,52,0,0,15,14,29,45,0,21,15,81,8,0,8,89
03/08/2012,BQN,PR,ASO,ES,Federal Contract Tower,280,0,5,2,287,0,0,53,27,80,280,0,58,29,367,40,54,94,461
03/09/2012,BQN,PR,ASO,ES,Federal Contract Tower,34,1,5,5,45,0,0,34,9,43,34,1,39,14,88,120,0,120,208
03/10/2012,BQN,PR,ASO,ES,Federal Contract Tower,12,3,3,1,19,0,0,22,3,25,12,3,25,4,44,10,14,24,68
03/11/2012,BQN,PR,ASO,ES,Federal Contract Tower,13,0,2,1,16,0,0,41,4,45,13,0,43,5,61,26,30,56,117
03/12/2012,BQN,PR,ASO,ES,Federal Contract Tower,28,0,1,3,32,0,0,25,21,46,28,0,26,24,78,0,76,76,154
03/13/2012,BQN,PR,ASO,ES,Federal Contract Tower,31,0,3,0,34,0,0,25,18,43,31,0,28,18,77,8,4,12,89
03/14/2012,BQN,PR,ASO,ES,Federal Contract Tower,38,0,4,1,43,0,0,26,18,44,38,0,30,19,87,36,6,42,129
03/15/2012,BQN,PR,ASO,ES,Federal Contract Tower,29,0,1,0,30,0,1,37,11,49,29,1,38,11,79,10,12,22,101
03/16/2012,BQN,PR,ASO,ES,Federal Contract Tower,36,0,3,1,40,1,0,24,3,28,37,0,27,4,68,12,0,12,80
03/17/2012,BQN,PR,ASO,ES,Federal Contract Tower,12,0,8,1,21,0,0,26,5,31,12,0,34,6,52,16,0,16,68
03/18/2012,BQN,PR,ASO,ES,Federal Contract Tower,16,0,1,0,17,0,0,25,5,30,16,0,26,5,47,4,0,4,51
03/19/2012,BQN,PR,ASO,ES,Federal Contract Tower,34,0,0,1,35,4,0,28,10,42,38,0,28,11,77,16,78,94,171
03/20/2012,BQN,PR,ASO,ES,Federal Contract Tower,39,1,2,3,45,0,0,41,13,54,39,1,43,16,99,10,30,40,139
03/21/2012,BQN,PR,ASO,ES,Federal Contract Tower,43,1,6,4,54,0,0,29,12,41,43,1,35,16,95,2,56,58,153
03/22/2012,BQN,PR,ASO,ES,Federal Contract Tower,27,0,2,2,31,0,0,6,17,23,27,0,8,19,54,0,66,66,120
03/23/2012,BQN,PR,ASO,ES,Federal Contract Tower,36,1,3,3,43,0,0,15,15,30,36,1,18,18,73,2,0,2,75
03/24/2012,BQN,PR,ASO,ES,Federal Contract Tower,13,0,1,2,16,0,0,24,5,29,13,0,25,7,45,0,22,22,67
03/25/2012,BQN,PR,ASO,ES,Federal Contract Tower,13,0,0,3,16,0,0,3,3,6,13,0,3,6,22,2,16,18,40
03/26/2012,BQN,PR,ASO,ES,Federal Contract Tower,35,0,3,0,38,0,0,19,9,28,35,0,22,9,66,0,36,36,102
03/27/2012,BQN,PR,ASO,ES,Federal Contract Tower,29,0,3,2,34,1,0,27,19,47,30,0,30,21,81,20,18,38,119
03/28/2012,BQN,PR,ASO,ES,Federal Contract Tower,36,0,4,2,42,0,0,17,7,24,36,0,21,9,66,0,0,0,66
03/29/2012,BQN,PR,ASO,ES,Federal Contract Tower,29,0,6,1,36,0,0,8,12,20,29,0,14,13,56,52,2,54,110
03/30/2012,BQN,PR,ASO,ES,Federal Contract Tower,37,0,9,1,47,0,0,23,10,33,37,0,32,11,80,8,26,34,114
03/31/2012,BQN,PR,ASO,ES,Federal Contract Tower,13,0,7,1,21,0,0,24,1,25,13,0,31,2,46,54,0,54,100
04/01/2012,BQN,PR,ASO,ES,Federal Contract Tower,13,0,8,0,21,0,0,19,3,22,13,0,27,3,43,22,14,36,79
04/02/2012,BQN,PR,ASO,ES,Federal Contract Tower,32,0,5,2,39,1,0,14,6,21,33,0,19,8,60,0,94,94,154
04/03/2012,BQN,PR,ASO,ES,Federal Contract Tower,31,0,1,1,33,1,0,24,14,39,32,0,25,15,72,8,36,44,116
04/04/2012,BQN,PR,ASO,ES,Federal Contract Tower,39,0,7,2,48,0,0,28,8,36,39,0,35,10,84,18,16,34,118
04/05/2012,BQN,PR,ASO,ES,Federal Contract Tower,34,0,4,1,39,0,0,17,6,23,34,0,21,7,62,20,50,70,132
04/06/2012,BQN,PR,ASO,ES,Federal Contract Tower,10,0,2,1,13,0,0,21,9,30,10,0,23,10,43,0,76,76,119
04/07/2012,BQN,PR,ASO,ES,Federal Contract Tower,11,0,1,2,14,0,0,14,11,25,11,0,15,13,39,6,6,12,51
04/08/2012,BQN,PR,ASO,ES,Federal Contract Tower,14,2,1,0,17,0,0,7,8,15,14,2,8,8,32,0,18,18,50
04/09/2012,BQN,PR,ASO,ES,Federal Contract Tower,25,0,3,0,28,2,0,18,2,22,27,0,21,2,50,2,20,22,72
04/10/2012,BQN,PR,ASO,ES,Federal Contract Tower,36,0,5,2,43,0,0,14,10,24,36,0,19,12,67,0,54,54,121
04/11/2012,BQN,PR,ASO,ES,Federal Contract Tower,27,0,5,0,32,0,0,27,13,40,27,0,32,13,72,42,70,112,184
04/12/2012,BQN,PR,ASO,ES,Federal Contract Tower,35,0,6,1,42,1,0,15,7,23,36,0,21,8,65,0,24,24,89
04/13/2012,BQN,PR,ASO,ES,Federal Contract Tower,30,0,4,0,34,0,0,23,11,34,30,0,27,11,68,16,78,94,162
04/14/2012,BQN,PR,ASO,ES,Federal Contract Tower,15,0,4,1,20,0,0,4,6,10,15,0,8,7,30,0,10,10,40
04/15/2012,BQN,PR,ASO,ES,Federal Contract Tower,14,0,0,0,14,0,0,8,3,11,14,0,8,3,25,0,0,0,25
04/16/2012,BQN,PR,ASO,ES,Federal Contract Tower,29,0,7,0,36,0,1,16,14,31,29,1,23,14,67,2,54,56,123
04/17/2012,BQN,PR,ASO,ES,Federal Contract Tower,27,0,2,0,29,0,0,19,7,26,27,0,21,7,55,14,46,60,115
04/18/2012,BQN,PR,ASO,ES,Federal Contract Tower,37,0,2,1,40,0,0,14,4,18,37,0,16,5,58,4,30,34,92
04/19/2012,BQN,PR,ASO,ES,Federal Contract Tower,29,0,3,0,32,0,0,36,5,41,29,0,39,5,73,6,2,8,81
04/20/2012,BQN,PR,ASO,ES,Federal Contract Tower,36,0,5,1,42,1,0,32,4,37,37,0,37,5,79,10,42,52,131
04/21/2012,BQN,PR,ASO,ES,Federal Contract Tower,7,0,0,1,8,2,0,28,7,37,9,0,28,8,45,20,0,20,65
04/22/2012,BQN,PR,ASO,ES,Federal Contract Tower,12,0,2,3,17,0,0,23,5,28,12,0,25,8,45,6,4,10,55
04/23/2012,BQN,PR,ASO,ES,Federal Contract Tower,32,1,4,0,37,0,0,22,11,33,32,1,26,11,70,2,30,32,102
04/24/2012,BQN,PR,ASO,ES,Federal Contract Tower,32,0,4,2,38,1,0,17,6,24,33,0,21,8,62,8,0,8,70
04/25/2012,BQN,PR,ASO,ES,Federal Contract Tower,30,0,0,5,35,0,0,8,7,15,30,0,8,12,50,0,38,38,88
04/26/2012,BQN,PR,ASO,ES,Federal Contract Tower,28,0,2,1,31,1,0,23,11,35,29,0,25,12,66,0,0,0,66
04/27/2012,BQN,PR,ASO,ES,Federal Contract Tower,40,0,4,1,45,0,0,33,7,40,40,0,37,8,85,2,42,44,129
04/28/2012,BQN,PR,ASO,ES,Federal Contract Tower,6,0,2,0,8,0,0,21,4,25,6,0,23,4,33,8,0,8,41
04/29/2012,BQN,PR,ASO,ES,Federal Contract Tower,13,0,1,1,15,0,0,16,9,25,13,0,17,10,40,0,4,4,44
04/30/2012,BQN,PR,ASO,ES,Federal Contract Tower,20,0,2,4,26,0,0,17,20,37,20,0,19,24,63,4,36,40,103
05/01/2012,BQN,PR,ASO,ES,Federal Contract Tower,28,0,8,0,36,1,0,11,2,14,29,0,19,2,50,10,0,10,60
05/02/2012,BQN,PR,ASO,ES,Federal Contract Tower,34,0,4,1,39,0,0,11,2,13,34,0,15,3,52,0,0,0,52
05/03/2012,BQN,PR,ASO,ES,Federal Contract Tower,33,0,1,1,35,0,0,15,6,21,33,0,16,7,56,22,0,22,78
05/04/2012,BQN,PR,ASO,ES,Federal Contract Tower,33,0,4,1,38,0,0,22,8,30,33,0,26,9,68,2,4,6,74
05/05/2012,BQN,PR,ASO,ES,Federal Contract Tower,11,0,0,2,13,0,0,28,1,29,11,0,28,3,42,0,0,0,42
05/06/2012,BQN,PR,ASO,ES,Federal Contract Tower,13,0,1,1,15,0,0,15,11,26,13,0,16,12,41,4,28,32,73
05/07/2012,BQN,PR,ASO,ES,Federal Contract Tower,40,0,3,0,43,0,0,26,7,33,40,0,29,7,76,0,2,2,78
05/08/2012,BQN,PR,ASO,ES,Federal Contract Tower,36,0,2,0,38,0,0,30,9,39,36,0,32,9,77,0,14,14,91
05/09/2012,BQN,PR,ASO,ES,Federal Contract Tower,38,0,0,2,40,0,0,18,6,24,38,0,18,8,64,4,48,52,116
05/10/2012,BQN,PR,ASO,ES,Federal Contract Tower,30,0,0,2,32,0,0,23,13,36,30,0,23,15,68,20,36,56,124
05/11/2012,BQN,PR,ASO,ES,Federal Contract Tower,39,0,2,1,42,0,0,22,4,26,39,0,24,5,68,6,0,6,74
05/12/2012,BQN,PR,ASO,ES,Federal Contract Tower,8,0,0,0,8,0,0,15,4,19,8,0,15,4,27,8,2,10,37
05/13/2012,BQN,PR,ASO,ES,Federal Contract Tower,17,0,2,0,19,0,0,13,9,22,17,0,15,9,41,14,0,14,55
05/14/2012,BQN,PR,ASO,ES,Federal Contract Tower,31,0,0,2,33,0,0,12,7,19,31,0,12,9,52,4,24,28,80
05/15/2012,BQN,PR,ASO,ES,Federal Contract Tower,30,0,1,2,33,0,0,40,16,56,30,0,41,18,89,14,32,46,135
05/16/2012,BQN,PR,ASO,ES,Federal Contract Tower,32,0,3,1,36,0,0,29,17,46,32,0,32,18,82,6,0,6,88
05/17/2012,BQN,PR,ASO,ES,Federal Contract Tower,32,0,0,2,34,0,0,17,7,24,32,0,17,9,58,16,8,24,82
05/18/2012,BQN,PR,ASO,ES,Federal Contract Tower,38,0,5,2,45,0,0,18,3,21,38,0,23,5,66,0,0,0,66
05/19/2012,BQN,PR,ASO,ES,Federal Contract Tower,9,0,5,4,18,0,0,17,3,20,9,0,22,7,38,0,0,0,38
05/20/2012,BQN,PR,ASO,ES,Federal Contract Tower,22,0,0,1,23,0,0,21,9,30,22,0,21,10,53,2,16,18,71
05/21/2012,BQN,PR,ASO,ES,Federal Contract Tower,31,0,0,2,33,0,0,7,6,13,31,0,7,8,46,0,22,22,68
05/22/2012,BQN,PR,ASO,ES,Federal Contract Tower,32,0,0,2,34,0,0,21,10,31,32,0,21,12,65,0,2,2,67
05/23/2012,BQN,PR,ASO,ES,Federal Contract Tower,34,1,0,1,36,0,0,20,12,32,34,1,20,13,68,0,8,8,76
05/24/2012,BQN,PR,ASO,ES,Federal Contract Tower,33,0,0,1,34,0,0,45,14,59,33,0,45,15,93,4,10,14,107
05/25/2012,BQN,PR,ASO,ES,Federal Contract Tower,39,0,5,2,46,1,0,18,6,25,40,0,23,8,71,4,40,44,115
05/26/2012,BQN,PR,ASO,ES,Federal Contract Tower,11,0,1,0,12,0,0,22,4,26,11,0,23,4,38,10,0,10,48
05/27/2012,BQN,PR,ASO,ES,Federal Contract Tower,15,0,6,0,21,0,0,34,5,39,15,0,40,5,60,4,6,10,70
05/28/2012,BQN,PR,ASO,ES,Federal Contract Tower,21,0,2,1,24,0,0,15,1,16,21,0,17,2,40,4,12,16,56
05/29/2012,BQN,PR,ASO,ES,Federal Contract Tower,28,0,5,1,34,0,0,34,6,40,28,0,39,7,74,8,6,14,88
05/30/2012,BQN,PR,ASO,ES,Federal Contract Tower,30,0,2,2,34,1,0,30,12,43,31,0,32,14,77,40,0,40,117
05/31/2012,BQN,PR,ASO,ES,Federal Contract Tower,31,0,1,1,33,0,0,41,21,62,31,0,42,22,95,16,48,64,159
06/01/2012,BQN,PR,ASO,ES,Federal Contract Tower,26,0,1,3,30,0,0,26,1,27,26,0,27,4,57,4,4,8,65
06/02/2012,BQN,PR,ASO,ES,Federal Contract Tower,19,0,0,1,20,0,0,17,11,28,19,0,17,12,48,0,8,8,56
06/03/2012,BQN,PR,ASO,ES,Federal Contract Tower,24,0,2,0,26,0,2,25,7,34,24,2,27,7,60,12,20,32,92
06/04/2012,BQN,PR,ASO,ES,Federal Contract Tower,32,0,2,1,35,0,0,18,9,27,32,0,20,10,62,10,58,68,130
06/05/2012,BQN,PR,ASO,ES,Federal Contract Tower,28,0,2,0,30,0,0,23,5,28,28,0,25,5,58,16,8,24,82
06/06/2012,BQN,PR,ASO,ES,Federal Contract Tower,33,0,3,1,37,0,0,28,12,40,33,0,31,13,77,18,2,20,97
06/07/2012,BQN,PR,ASO,ES,Federal Contract Tower,27,0,6,0,33,0,0,34,10,44,27,0,40,10,77,20,4,24,101
06/08/2012,BQN,PR,ASO,ES,Federal Contract Tower,34,2,3,0,39,2,0,35,21,58,36,2,38,21,97,24,8,32,129
06/09/2012,BQN,PR,ASO,ES,Federal Contract Tower,15,0,0,2,17,0,0,33,13,46,15,0,33,15,63,14,0,14,77
06/10/2012,BQN,PR,ASO,ES,Federal Contract Tower,22,0,4,0,26,0,0,26,5,31,22,0,30,5,57,2,4,6,63
06/11/2012,BQN,PR,ASO,ES,Federal Contract Tower,27,2,0,1,30,0,3,18,4,25,27,5,18,5,55,0,18,18,73
06/12/2012,BQN,PR,ASO,ES,Federal Contract Tower,37,0,0,0,37,0,0,26,25,51,37,0,26,25,88,4,66,70,158
06/13/2012,BQN,PR,ASO,ES,Federal Contract Tower,38,0,0,4,42,0,0,36,29,65,38,0,36,33,107,40,74,114,221
06/14/2012,BQN,PR,ASO,ES,Federal Contract Tower,38,0,4,2,44,0,0,30,17,47,38,0,34,19,91,16,26,42,133
06/15/2012,BQN,PR,ASO,ES,Federal Contract Tower,37,0,3,0,40,0,0,22,5,27,37,0,25,5,67,0,0,0,67
06/16/2012,BQN,PR,ASO,ES,Federal Contract Tower,22,0,0,1,23,0,0,23,11,34,22,0,23,12,57,6,0,6,63
06/17/2012,BQN,PR,ASO,ES,Federal Contract Tower,21,0,7,0,28,0,0,9,0,9,21,0,16,0,37,2,4,6,43
06/18/2012,BQN,PR,ASO,ES,Federal Contract Tower,27,0,3,2,32,0,0,14,5,19,27,0,17,7,51,18,0,18,69
06/19/2012,BQN,PR,ASO,ES,Federal Contract Tower,30,0,0,0,30,0,0,15,2,17,30,0,15,2,47,12,10,22,69
06/20/2012,BQN,PR,ASO,ES,Federal Contract Tower,32,0,4,4,40,0,0,30,10,40,32,0,34,14,80,6,26,32,112
06/21/2012,BQN,PR,ASO,ES,Federal Contract Tower,31,0,2,1,34,0,0,19,17,36,31,0,21,18,70,16,64,80,150
06/22/2012,BQN,PR,ASO,ES,Federal Contract Tower,37,0,3,2,42,0,0,25,13,38,37,0,28,15,80,4,20,24,104
06/23/2012,BQN,PR,ASO,ES,Federal Contract Tower,15,1,2,0,18,0,0,25,0,25,15,1,27,0,43,2,0,2,45
06/24/2012,BQN,PR,ASO,ES,Federal Contract Tower,20,1,4,0,25,0,1,22,7,30,20,2,26,7,55,6,9,15,70
06/25/2012,BQN,PR,ASO,ES,Federal Contract Tower,23,0,5,1,29,0,0,17,8,25,23,0,22,9,54,4,10,14,68
06/26/2012,BQN,PR,ASO,ES,Federal Contract Tower,28,0,1,1,30,0,0,29,6,35,28,0,30,7,65,12,16,28,93
06/27/2012,BQN,PR,ASO,ES,Federal Contract Tower,27,1,1,0,29,0,0,25,14,39,27,1,26,14,68,8,8,16,84
06/28/2012,BQN,PR,ASO,ES,Federal Contract Tower,30,0,4,0,34,0,0,51,27,78,30,0,55,27,112,26,30,56,168
06/29/2012,BQN,PR,ASO,ES,Federal Contract Tower,31,2,2,2,37,0,0,38,19,57,31,2,40,21,94,6,38,44,138
06/30/2012,BQN,PR,ASO,ES,Federal Contract Tower,20,0,3,0,23,0,0,27,10,37,20,0,30,10,60,2,2,4,64
07/01/2012,BQN,PR,ASO,ES,Federal Contract Tower,15,3,8,0,26,0,4,22,9,35,15,7,30,9,61,8,10,18,79
07/02/2012,BQN,PR,ASO,ES,Federal Contract Tower,26,5,3,0,34,0,2,10,9,21,26,7,13,9,55,0,4,4,59
07/03/2012,BQN,PR,ASO,ES,Federal Contract Tower,33,0,4,0,37,0,0,29,25,54,33,0,33,25,91,10,58,68,159
07/04/2012,BQN,PR,ASO,ES,Federal Contract Tower,15,0,5,0,20,0,0,16,14,30,15,0,21,14,50,8,28,36,86
07/05/2012,BQN,PR,ASO,ES,Federal Contract Tower,25,0,5,0,30,0,0,22,20,42,25,0,27,20,72,10,2,12,84
07/06/2012,BQN,PR,ASO,ES,Federal Contract Tower,23,0,1,1,25,0,0,37,28,65,23,0,38,29,90,10,6,16,106
07/07/2012,BQN,PR,ASO,ES,Federal Contract Tower,5,2,0,0,7,0,0,19,2,21,5,2,19,2,28,0,0,0,28
07/08/2012,BQN,PR,ASO,ES,Federal Contract Tower,25,5,6,1,37,0,0,26,10,36,25,5,32,11,73,0,10,10,83
07/09/2012,BQN,PR,ASO,ES,Federal Contract Tower,29,0,4,0,33,1,0,35,7,43,30,0,39,7,76,14,36,50,126
07/10/2012,BQN,PR,ASO,ES,Federal Contract Tower,39,0,1,0,40,0,0,27,15,42,39,0,28,15,82,10,12,22,104
07/11/2012,BQN,PR,ASO,ES,Federal Contract Tower,26,4,2,3,35,0,0,29,18,47,26,4,31,21,82,19,36,55,137
07/12/2012,BQN,PR,ASO,ES,Federal Contract Tower,38,0,3,2,43,0,4,41,36,81,38,4,44,38,124,50,84,134,258
07/13/2012,BQN,PR,ASO,ES,Federal Contract Tower,36,0,3,1,40,1,0,14,10,25,37,0,17,11,65,10,4,14,79
07/14/2012,BQN,PR,ASO,ES,Federal Contract Tower,18,2,5,0,25,0,0,30,4,34,18,2,35,4,59,4,20,24,83
07/15/2012,BQN,PR,ASO,ES,Federal Contract Tower,22,0,3,0,25,0,0,20,1,21,22,0,23,1,46,32,0,32,78
07/16/2012,BQN,PR,ASO,ES,Federal Contract Tower,31,0,7,1,39,0,0,30,11,41,31,0,37,12,80,34,90,124,204
07/17/2012,BQN,PR,ASO,ES,Federal Contract Tower,34,0,0,0,34,0,0,39,24,63,34,0,39,24,97,32,33,65,162
07/18/2012,BQN,PR,ASO,ES,Federal Contract Tower,30,2,1,1,34,0,0,25,22,47,30,2,26,23,81,28,20,48,129
07/19/2012,BQN,PR,ASO,ES,Federal Contract Tower,37,0,7,4,48,0,0,41,19,60,37,0,48,23,108,6,12,18,126
07/20/2012,BQN,PR,ASO,ES,Federal Contract Tower,39,0,5,0,44,0,0,27,4,31,39,0,32,4,75,0,0,0,75
07/21/2012,BQN,PR,ASO,ES,Federal Contract Tower,19,0,0,2,21,0,0,36,9,45,19,0,36,11,66,4,6,10,76
07/22/2012,BQN,PR,ASO,ES,Federal Contract Tower,21,0,5,1,27,0,0,24,11,35,21,0,29,12,62,6,0,6,68
07/23/2012,BQN,PR,ASO,ES,Federal Contract Tower,30,0,2,1,33,0,0,39,8,47,30,0,41,9,80,120,0,120,200
07/24/2012,BQN,PR,ASO,ES,Federal Contract Tower,33,0,5,0,38,0,0,49,18,67,33,0,54,18,105,18,6,24,129
07/25/2012,BQN,PR,ASO,ES,Federal Contract Tower,30,4,0,3,37,0,0,54,20,74,30,4,54,23,111,30,42,72,183
07/26/2012,BQN,PR,ASO,ES,Federal Contract Tower,27,9,2,0,38,0,0,46,13,59,27,9,48,13,97,26,180,206,303
07/27/2012,BQN,PR,ASO,ES,Federal Contract Tower,24,20,7,2,53,0,1,65,18,84,24,21,72,20,137,68,30,98,235
07/28/2012,BQN,PR,ASO,ES,Federal Contract Tower,26,0,2,0,28,0,0,28,4,32,26,0,30,4,60,0,0,0,60
07/29/2012,BQN,PR,ASO,ES,Federal Contract Tower,17,4,7,0,28,0,0,18,4,22,17,4,25,4,50,8,20,28,78
07/30/2012,BQN,PR,ASO,ES,Federal Contract Tower,15,10,3,0,28,0,0,34,4,38,15,10,37,4,66,26,0,26,92
07/31/2012,BQN,PR,ASO,ES,Federal Contract Tower,17,15,5,0,37,0,0,30,12,42,17,15,35,12,79,0,62,62,141
08/01/2012,BQN,PR,ASO,ES,Federal Contract Tower,13,7,8,3,31,0,0,22,22,44,13,7,30,25,75,18,54,72,147
08/02/2012,BQN,PR,ASO,ES,Federal Contract Tower,23,13,7,0,43,0,0,54,21,75,23,13,61,21,118,26,32,58,176
08/03/2012,BQN,PR,ASO,ES,Federal Contract Tower,28,7,4,1,40,0,0,24,8,32,28,7,28,9,72,10,14,24,96
08/04/2012,BQN,PR,ASO,ES,Federal Contract Tower,15,0,3,2,20,0,0,19,4,23,15,0,22,6,43,6,0,6,49
08/05/2012,BQN,PR,ASO,ES,Federal Contract Tower,17,2,4,0,23,0,0,31,3,34,17,2,35,3,57,6,0,6,63
08/06/2012,BQN,PR,ASO,ES,Federal Contract Tower,14,7,3,1,25,0,0,38,16,54,14,7,41,17,79,22,32,54,133
08/07/2012,BQN,PR,ASO,ES,Federal Contract Tower,15,18,0,0,33,0,0,0,0,0,15,18,0,0,33,26,60,86,119
08/08/2012,BQN,PR,ASO,ES,Federal Contract Tower,19,14,0,5,38,0,0,20,9,29,19,14,20,14,67,12,38,50,117
08/09/2012,BQN,PR,ASO,ES,Federal Contract Tower,23,11,0,3,37,0,0,24,24,48,23,11,24,27,85,8,18,26,111
08/10/2012,BQN,PR,ASO,ES,Federal Contract Tower,32,0,1,0,33,0,0,25,8,33,32,0,26,8,66,8,20,28,94
08/11/2012,BQN,PR,ASO,ES,Federal Contract Tower,10,2,0,3,15,0,0,18,12,30,10,2,18,15,45,8,6,14,59
08/12/2012,BQN,PR,ASO,ES,Federal Contract Tower,10,2,3,2,17,0,0,21,17,38,10,2,24,19,55,2,8,10,65
08/13/2012,BQN,PR,ASO,ES,Federal Contract Tower,7,7,0,2,16,0,0,30,13,43,7,7,30,15,59,34,82,116,175
08/14/2012,BQN,PR,ASO,ES,Federal Contract Tower,18,14,3,0,35,0,0,46,23,69,18,14,49,23,104,50,38,88,192
08/15/2012,BQN,PR,ASO,ES,Federal Contract Tower,17,16,7,1,41,0,0,36,12,48,17,16,43,13,89,16,14,30,119
08/16/2012,BQN,PR,ASO,ES,Federal Contract Tower,15,13,2,2,32,0,0,33,22,55,15,13,35,24,87,14,50,64,151
08/17/2012,BQN,PR,ASO,ES,Federal Contract Tower,17,12,0,2,31,0,0,48,4,52,17,12,48,6,83,4,2,6,89
08/18/2012,BQN,PR,ASO,ES,Federal Contract Tower,18,0,0,0,18,0,0,23,9,32,18,0,23,9,50,0,14,14,64
08/19/2012,BQN,PR,ASO,ES,Federal Contract Tower,17,0,1,0,18,0,0,22,7,29,17,0,23,7,47,12,0,12,59
08/20/2012,BQN,PR,ASO,ES,Federal Contract Tower,22,12,4,1,39,0,2,53,10,65,22,14,57,11,104,24,6,30,134
08/21/2012,BQN,PR,ASO,ES,Federal Contract Tower,19,19,1,1,40,0,0,0,0,0,19,19,1,1,40,16,4,20,60
08/22/2012,BQN,PR,ASO,ES,Federal Contract Tower,26,13,1,7,47,0,0,41,20,61,26,13,42,27,108,12,0,12,120
08/23/2012,BQN,PR,ASO,ES,Federal Contract Tower,9,8,2,1,20,0,0,1,8,9,9,8,3,9,29,0,0,0,29
08/24/2012,BQN,PR,ASO,ES,Federal Contract Tower,26,8,6,0,40,0,0,17,0,17,26,8,23,0,57,0,24,24,81
08/25/2012,BQN,PR,ASO,ES,Federal Contract Tower,19,5,7,0,31,0,0,18,2,20,19,5,25,2,51,10,12,22,73
08/26/2012,BQN,PR,ASO,ES,Federal Contract Tower,22,0,2,1,25,0,0,28,10,38,22,0,30,11,63,8,6,14,77
08/27/2012,BQN,PR,ASO,ES,Federal Contract Tower,17,14,0,1,32,0,0,42,15,57,17,14,42,16,89,6,30,36,125
08/28/2012,BQN,PR,ASO,ES,Federal Contract Tower,18,13,1,1,33,0,0,21,9,30,18,13,22,10,63,6,40,46,109
08/29/2012,BQN,PR,ASO,ES,Federal Contract Tower,15,13,1,1,30,0,0,24,9,33,15,13,25,10,63,19,0,19,82
08/30/2012,BQN,PR,ASO,ES,Federal Contract Tower,20,16,3,0,39,0,0,45,18,63,20,16,48,18,102,16,20,36,138
08/31/2012,BQN,PR,ASO,ES,Federal Contract Tower,13,14,7,0,34,0,0,40,8,48,13,14,47,8,82,12,6,18,100
09/01/2012,BQN,PR,ASO,ES,Federal Contract Tower,17,0,1,0,18,0,0,52,5,57,17,0,53,5,75,42,2,44,119
09/02/2012,BQN,PR,ASO,ES,Federal Contract Tower,19,0,2,0,21,0,0,29,6,35,19,0,31,6,56,0,0,0,56
09/03/2012,BQN,PR,ASO,ES,Federal Contract Tower,12,7,5,0,24,0,0,29,5,34,12,7,34,5,58,16,0,16,74
09/04/2012,BQN,PR,ASO,ES,Federal Contract Tower,18,16,2,1,37,0,0,24,12,36,18,16,26,13,73,21,28,49,122
09/05/2012,BQN,PR,ASO,ES,Federal Contract Tower,23,9,1,0,33,0,0,46,9,55,23,9,47,9,88,14,18,32,120
09/06/2012,BQN,PR,ASO,ES,Federal Contract Tower,17,17,1,0,35,0,0,29,23,52,17,17,30,23,87,0,46,46,133
09/07/2012,BQN,PR,ASO,ES,Federal Contract Tower,18,16,3,6,43,0,0,34,3,37,18,16,37,9,80,22,0,22,102
09/08/2012,BQN,PR,ASO,ES,Federal Contract Tower,21,4,4,0,29,0,0,32,4,36,21,4,36,4,65,2,2,4,69
09/09/2012,BQN,PR,ASO,ES,Federal Contract Tower,21,0,1,0,22,0,0,22,5,27,21,0,23,5,49,0,8,8,57
09/10/2012,BQN,PR,ASO,ES,Federal Contract Tower,11,15,1,0,27,0,0,31,6,37,11,15,32,6,64,2,60,62,126
09/11/2012,BQN,PR,ASO,ES,Federal Contract Tower,16,13,3,0,32,0,1,28,9,38,16,14,31,9,70,12,0,12,82
09/12/2012,BQN,PR,ASO,ES,Federal Contract Tower,10,16,3,1,30,0,1,21,11,33,10,17,24,12,63,8,14,22,85
09/13/2012,BQN,PR,ASO,ES,Federal Contract Tower,16,13,1,0,30,0,0,28,14,42,16,13,29,14,72,4,2,6,78
09/14/2012,BQN,PR,ASO,ES,Federal Contract Tower,19,16,4,1,40,0,0,17,3,20,19,16,21,4,60,8,8,16,76
09/15/2012,BQN,PR,ASO,ES,Federal Contract Tower,10,0,5,0,15,0,0,39,4,43,10,0,44,4,58,6,0,6,64
09/16/2012,BQN,PR,ASO,ES,Federal Contract Tower,15,2,3,0,20,0,0,25,4,29,15,2,28,4,49,2,0,2,51
09/17/2012,BQN,PR,ASO,ES,Federal Contract Tower,8,16,0,2,26,0,0,32,12,44,8,16,32,14,70,16,8,24,94
09/18/2012,BQN,PR,ASO,ES,Federal Contract Tower,15,16,1,2,34,0,0,34,21,55,15,16,35,23,89,18,36,54,143
09/19/2012,BQN,PR,ASO,ES,Federal Contract Tower,14,16,3,1,34,0,0,32,27,59,14,16,35,28,93,10,38,48,141
09/20/2012,BQN,PR,ASO,ES,Federal Contract Tower,22,16,2,1,41,0,0,40,21,61,22,16,42,22,102,14,52,66,168
09/21/2012,BQN,PR,ASO,ES,Federal Contract Tower,18,17,0,0,35,0,0,31,9,40,18,17,31,9,75,0,36,36,111
09/22/2012,BQN,PR,ASO,ES,Federal Contract Tower,9,0,5,2,16,0,0,28,9,37,9,0,33,11,53,0,0,0,53
09/23/2012,BQN,PR,ASO,ES,Federal Contract Tower,16,0,3,0,19,0,0,9,4,13,16,0,12,4,32,0,0,0,32
09/24/2012,BQN,PR,ASO,ES,Federal Contract Tower,12,6,0,4,22,0,0,30,9,39,12,6,30,13,61,40,4,44,105
09/25/2012,BQN,PR,ASO,ES,Federal Contract Tower,22,11,3,1,37,0,0,39,11,50,22,11,42,12,87,20,2,22,109
09/26/2012,BQN,PR,ASO,ES,Federal Contract Tower,16,9,8,1,34,0,0,38,18,56,16,9,46,19,90,14,62,76,166
09/27/2012,BQN,PR,ASO,ES,Federal Contract Tower,22,16,5,1,44,0,1,40,27,68,22,17,45,28,112,28,8,36,148
09/28/2012,BQN,PR,ASO,ES,Federal Contract Tower,18,15,0,4,37,0,0,14,8,22,18,15,14,12,59,12,6,18,77
09/29/2012,BQN,PR,ASO,ES,Federal Contract Tower,8,0,0,0,8,0,0,24,3,27,8,0,24,3,35,0,0,0,35
09/30/2012,BQN,PR,ASO,ES,Federal Contract Tower,16,0,1,0,17,0,0,34,6,40,16,0,35,6,57,10,14,24,81
10/01/2012,BQN,PR,ASO,ES,Federal Contract Tower,14,8,8,2,32,0,0,30,8,38,14,8,38,10,70,10,36,46,116
10/02/2012,BQN,PR,ASO,ES,Federal Contract Tower,20,20,3,1,44,0,0,25,20,45,20,20,28,21,89,22,46,68,157
10/03/2012,BQN,PR,ASO,ES,Federal Contract Tower,29,12,8,5,54,0,0,39,20,59,29,12,47,25,113,16,124,140,253
10/04/2012,BQN,PR,ASO,ES,Federal Contract Tower,28,13,4,2,47,0,2,41,17,60,28,15,45,19,107,18,8,26,133
10/05/2012,BQN,PR,ASO,ES,Federal Contract Tower,24,7,2,2,35,0,1,32,9,42,24,8,34,11,77,2,0,2,79
10/06/2012,BQN,PR,ASO,ES,Federal Contract Tower,9,0,3,1,13,0,0,9,4,13,9,0,12,5,26,10,0,10,36
10/07/2012,BQN,PR,ASO,ES,Federal Contract Tower,16,0,2,0,18,0,0,11,9,20,16,0,13,9,38,2,0,2,40
10/08/2012,BQN,PR,ASO,ES,Federal Contract Tower,15,8,4,0,27,0,0,23,1,24,15,8,27,1,51,12,0,12,63
10/09/2012,BQN,PR,ASO,ES,Federal Contract Tower,32,16,5,3,56,0,0,60,33,93,32,16,65,36,149,42,38,80,229
10/10/2012,BQN,PR,ASO,ES,Federal Contract Tower,25,9,2,0,36,0,0,26,16,42,25,9,28,16,78,2,98,100,178
10/11/2012,BQN,PR,ASO,ES,Federal Contract Tower,27,26,7,7,67,0,0,24,29,53,27,26,31,36,120,28,78,106,226
10/12/2012,BQN,PR,ASO,ES,Federal Contract Tower,20,5,5,0,30,0,3,19,6,28,20,8,24,6,58,8,10,18,76
10/13/2012,BQN,PR,ASO,ES,Federal Contract Tower,19,2,1,1,23,0,0,4,5,9,19,2,5,6,32,0,0,0,32
10/14/2012,BQN,PR,ASO,ES,Federal Contract Tower,22,0,2,5,29,0,0,8,3,11,22,0,10,8,40,2,0,2,42
10/15/2012,BQN,PR,ASO,ES,Federal Contract Tower,16,9,4,2,31,0,0,16,12,28,16,9,20,14,59,18,60,78,137
10/16/2012,BQN,PR,ASO,ES,Federal Contract Tower,25,9,4,0,38,1,0,25,6,32,26,9,29,6,70,8,38,46,116
10/17/2012,BQN,PR,ASO,ES,Federal Contract Tower,18,8,0,1,27,0,0,26,6,32,18,8,26,7,59,78,94,172,231
10/18/2012,BQN,PR,ASO,ES,Federal Contract Tower,21,22,11,8,62,0,0,36,35,71,21,22,47,43,133,70,32,102,235
10/19/2012,BQN,PR,ASO,ES,Federal Contract Tower,22,27,11,4,64,0,0,43,23,66,22,27,54,27,130,52,40,92,222
10/20/2012,BQN,PR,ASO,ES,Federal Contract Tower,16,8,6,3,33,0,0,30,10,40,16,8,36,13,73,14,6,20,93
10/21/2012,BQN,PR,ASO,ES,Federal Contract Tower,13,0,2,0,15,0,0,37,7,44,13,0,39,7,59,0,20,20,79
10/22/2012,BQN,PR,ASO,ES,Federal Contract Tower,15,19,4,0,38,0,0,46,17,63,15,19,50,17,101,52,22,74,175
10/23/2012,BQN,PR,ASO,ES,Federal Contract Tower,21,14,2,0,37,0,0,41,13,54,21,14,43,13,91,22,22,44,135
10/24/2012,BQN,PR,ASO,ES,Federal Contract Tower,24,9,0,1,34,0,0,22,5,27,24,9,22,6,61,20,0,20,81
10/25/2012,BQN,PR,ASO,ES,Federal Contract Tower,17,15,5,0,37,0,0,58,24,82,17,15,63,24,119,34,12,46,165
10/26/2012,BQN,PR,ASO,ES,Federal Contract Tower,27,28,4,0,59,0,0,14,17,31,27,28,18,17,90,8,53,61,151
10/27/2012,BQN,PR,ASO,ES,Federal Contract Tower,7,2,2,2,13,0,0,0,0,0,7,2,2,2,13,10,9,19,32
10/28/2012,BQN,PR,ASO,ES,Federal Contract Tower,16,0,0,0,16,0,0,22,5,27,16,0,22,5,43,32,0,32,75
10/29/2012,BQN,PR,ASO,ES,Federal Contract Tower,6,18,5,1,30,0,0,30,4,34,6,18,35,5,64,34,62,96,160
10/30/2012,BQN,PR,ASO,ES,Federal Contract Tower,24,10,1,0,35,0,0,34,6,40,24,10,35,6,75,4,0,4,79
10/31/2012,BQN,PR,ASO,ES,Federal Contract Tower,17,18,2,2,39,0,0,25,7,32,17,18,27,9,71,10,42,52,123
11/01/2012,BQN,PR,ASO,ES,Federal Contract Tower,10,18,2,0,30,0,0,28,9,37,10,18,30,9,67,20,2,22,89
11/02/2012,BQN,PR,ASO,ES,Federal Contract Tower,20,9,3,1,33,0,1,16,17,34,20,10,19,18,67,16,28,44,111
11/03/2012,BQN,PR,ASO,ES,Federal Contract Tower,12,0,0,0,12,3,0,14,7,24,15,0,14,7,36,4,4,8,44
11/04/2012,BQN,PR,ASO,ES,Federal Contract Tower,11,0,6,0,17,0,0,14,11,25,11,0,20,11,42,6,0,6,48
11/05/2012,BQN,PR,ASO,ES,Federal Contract Tower,7,12,4,0,23,0,0,20,9,29,7,12,24,9,52,0,24,24,76
11/06/2012,BQN,PR,ASO,ES,Federal Contract Tower,16,18,2,3,39,0,0,27,18,45,16,18,29,21,84,20,24,44,128
11/07/2012,BQN,PR,ASO,ES,Federal Contract Tower,20,12,0,1,33,0,0,45,17,62,20,12,45,18,95,6,8,14,109
11/08/2012,BQN,PR,ASO,ES,Federal Contract Tower,18,16,1,1,36,0,0,39,21,60,18,16,40,22,96,20,46,66,162
11/09/2012,BQN,PR,ASO,ES,Federal Contract Tower,13,15,2,1,31,0,0,7,6,13,13,15,9,7,44,0,0,0,44
11/10/2012,BQN,PR,ASO,ES,Federal Contract Tower,12,4,3,1,20,0,0,22,8,30,12,4,25,9,50,16,6,22,72
11/11/2012,BQN,PR,ASO,ES,Federal Contract Tower,14,0,4,0,18,0,0,24,9,33,14,0,28,9,51,0,0,0,51
11/12/2012,BQN,PR,ASO,ES,Federal Contract Tower,7,12,3,0,22,0,0,22,3,25,7,12,25,3,47,0,30,30,77
11/13/2012,BQN,PR,ASO,ES,Federal Contract Tower,19,8,2,2,31,0,0,0,0,0,19,8,2,2,31,24,30,54,85
11/14/2012,BQN,PR,ASO,ES,Federal Contract Tower,20,8,3,1,32,0,0,2,0,2,20,8,5,1,34,26,72,98,132
11/15/2012,BQN,PR,ASO,ES,Federal Contract Tower,22,10,3,0,35,0,0,39,12,51,22,10,42,12,86,18,22,40,126
11/16/2012,BQN,PR,ASO,ES,Federal Contract Tower,25,9,2,2,38,0,0,0,0,0,25,9,2,2,38,10,2,12,50
11/17/2012,BQN,PR,ASO,ES,Federal Contract Tower,14,0,0,0,14,0,0,24,4,28,14,0,24,4,42,34,36,70,112
11/18/2012,BQN,PR,ASO,ES,Federal Contract Tower,15,0,1,0,16,0,0,35,25,60,15,0,36,25,76,8,22,30,106
11/19/2012,BQN,PR,ASO,ES,Federal Contract Tower,10,10,4,0,24,0,0,34,8,42,10,10,38,8,66,18,30,48,114
11/20/2012,BQN,PR,ASO,ES,Federal Contract Tower,20,15,8,4,47,0,0,2,0,2,20,15,10,4,49,26,55,81,130
11/21/2012,BQN,PR,ASO,ES,Federal Contract Tower,23,14,8,3,48,0,0,0,0,0,23,14,8,3,48,0,21,21,69
11/22/2012,BQN,PR,ASO,ES,Federal Contract Tower,10,11,0,0,21,0,0,2,0,2,10,11,2,0,23,2,1,3,26
11/23/2012,BQN,PR,ASO,ES,Federal Contract Tower,15,7,1,1,24,0,0,0,0,0,15,7,1,1,24,0,2,2,26
11/24/2012,BQN,PR,ASO,ES,Federal Contract Tower,12,0,0,1,13,0,0,5,9,14,12,0,5,10,27,0,20,20,47
11/25/2012,BQN,PR,ASO,ES,Federal Contract Tower,15,0,10,0,25,0,0,0,0,0,15,0,10,0,25,10,0,10,35
11/26/2012,BQN,PR,ASO,ES,Federal Contract Tower,12,8,7,1,28,0,0,19,7,26,12,8,26,8,54,18,14,32,86
11/27/2012,BQN,PR,ASO,ES,Federal Contract Tower,23,8,1,2,34,0,0,0,0,0,23,8,1,2,34,16,8,24,58
11/28/2012,BQN,PR,ASO,ES,Federal Contract Tower,12,15,4,1,32,0,0,32,19,51,12,15,36,20,83,38,38,76,159
11/29/2012,BQN,PR,ASO,ES,Federal Contract Tower,18,16,2,0,36,0,0,0,0,0,18,16,2,0,36,20,2,22,58
11/30/2012,BQN,PR,ASO,ES,Federal Contract Tower,21,13,9,1,44,0,0,0,0,0,21,13,9,1,44,0,0,0,44
12/01/2012,BQN,PR,ASO,ES,Federal Contract Tower,11,0,7,3,21,0,0,33,7,40,11,0,40,10,61,14,24,38,99
12/02/2012,BQN,PR,ASO,ES,Federal Contract Tower,14,0,6,0,20,0,0,16,9,25,14,0,22,9,45,5,4,9,54
12/03/2012,BQN,PR,ASO,ES,Federal Contract Tower,8,18,0,1,27,0,0,30,18,48,8,18,30,19,75,4,50,54,129
12/04/2012,BQN,PR,ASO,ES,Federal Contract Tower,18,16,3,0,37,0,0,0,0,0,18,16,3,0,37,12,8,20,57
12/05/2012,BQN,PR,ASO,ES,Federal Contract Tower,21,17,4,2,44,0,0,0,0,0,21,17,4,2,44,20,0,20,64
12/06/2012,BQN,PR,ASO,ES,Federal Contract Tower,20,17,14,0,51,0,0,39,48,87,20,17,53,48,138,4,46,50,188
12/07/2012,BQN,PR,ASO,ES,Federal Contract Tower,14,13,4,0,31,0,0,19,2,21,14,13,23,2,52,6,0,6,58
12/08/2012,BQN,PR,ASO,ES,Federal Contract Tower,12,0,3,1,16,0,0,35,5,40,12,0,38,6,56,16,5,21,77
12/09/2012,BQN,PR,ASO,ES,Federal Contract Tower,17,0,8,1,26,0,0,18,4,22,17,0,26,5,48,0,0,0,48
12/10/2012,BQN,PR,ASO,ES,Federal Contract Tower,9,13,3,1,26,0,0,12,5,17,9,13,15,6,43,0,0,0,43
12/11/2012,BQN,PR,ASO,ES,Federal Contract Tower,18,14,10,0,42,0,0,43,16,59,18,14,53,16,101,24,76,100,201
12/12/2012,BQN,PR,ASO,ES,Federal Contract Tower,17,14,0,1,32,0,0,18,19,37,17,14,18,20,69,10,18,28,97
12/13/2012,BQN,PR,ASO,ES,Federal Contract Tower,16,14,4,2,36,0,0,49,63,112,16,14,53,65,148,18,106,124,272
12/14/2012,BQN,PR,ASO,ES,Federal Contract Tower,14,17,3,0,34,0,8,42,11,61,14,25,45,11,95,22,6,28,123
12/15/2012,BQN,PR,ASO,ES,Federal Contract Tower,17,2,8,0,27,0,0,23,7,30,17,2,31,7,57,0,0,0,57
12/16/2012,BQN,PR,ASO,ES,Federal Contract Tower,14,0,7,0,21,0,0,25,7,32,14,0,32,7,53,4,2,6,59
12/17/2012,BQN,PR,ASO,ES,Federal Contract Tower,23,5,1,0,29,0,0,37,16,53,23,5,38,16,82,20,5,25,107
12/18/2012,BQN,PR,ASO,ES,Federal Contract Tower,17,14,3,0,34,0,0,23,4,27,17,14,26,4,61,20,0,20,81
12/19/2012,BQN,PR,ASO,ES,Federal Contract Tower,20,15,4,0,39,0,0,19,5,24,20,15,23,5,63,13,0,13,76
12/20/2012,BQN,PR,ASO,ES,Federal Contract Tower,20,14,6,0,40,0,1,49,12,62,20,15,55,12,102,24,0,24,126
12/21/2012,BQN,PR,ASO,ES,Federal Contract Tower,15,11,5,0,31,0,0,27,9,36,15,11,32,9,67,8,4,12,79
12/22/2012,BQN,PR,ASO,ES,Federal Contract Tower,9,0,12,0,21,0,0,18,11,29,9,0,30,11,50,2,6,8,58
12/23/2012,BQN,PR,ASO,ES,Federal Contract Tower,15,1,5,0,21,0,0,16,14,30,15,1,21,14,51,0,0,0,51
12/24/2012,BQN,PR,ASO,ES,Federal Contract Tower,7,8,5,0,20,0,0,25,9,34,7,8,30,9,54,2,0,2,56
12/25/2012,BQN,PR,ASO,ES,Federal Contract Tower,8,0,1,0,9,0,0,8,2,10,8,0,9,2,19,2,0,2,21
12/26/2012,BQN,PR,ASO,ES,Federal Contract Tower,11,7,7,1,26,0,0,33,13,46,11,7,40,14,72,20,0,20,92
12/27/2012,BQN,PR,ASO,ES,Federal Contract Tower,15,21,10,0,46,0,1,28,12,41,15,22,38,12,87,14,9,23,110
12/28/2012,BQN,PR,ASO,ES,Federal Contract Tower,13,17,6,0,36,0,0,19,7,26,13,17,25,7,62,4,10,14,76
12/29/2012,BQN,PR,ASO,ES,Federal Contract Tower,4,1,4,0,9,0,0,0,0,0,4,1,4,0,9,12,0,12,21
12/30/2012,BQN,PR,ASO,ES,Federal Contract Tower,10,0,5,0,15,0,0,0,0,0,10,0,5,0,15,8,8,16,31
12/31/2012,BQN,PR,ASO,ES,Federal Contract Tower,5,2,6,0,13,0,0,24,8,32,5,2,30,8,45,2,0,2,47
01/01/2013,BQN,PR,ASO,ES,Federal Contract Tower,7,0,9,1,17,0,0,17,12,29,7,0,26,13,46,2,14,16,62
01/02/2013,BQN,PR,ASO,ES,Federal Contract Tower,25,13,6,2,46,0,0,19,14,33,25,13,25,16,79,0,16,16,95
01/03/2013,BQN,PR,ASO,ES,Federal Contract Tower,14,18,5,0,37,0,0,40,13,53,14,18,45,13,90,16,11,27,117
01/04/2013,BQN,PR,ASO,ES,Federal Contract Tower,15,15,1,0,31,0,0,25,8,33,15,15,26,8,64,43,5,48,112
01/05/2013,BQN,PR,ASO,ES,Federal Contract Tower,9,0,5,0,14,0,0,16,6,22,9,0,21,6,36,4,0,4,40
01/06/2013,BQN,PR,ASO,ES,Federal Contract Tower,14,0,8,0,22,0,0,23,4,27,14,0,31,4,49,0,55,55,104
01/07/2013,BQN,PR,ASO,ES,Federal Contract Tower,6,16,5,0,27,0,0,8,1,9,6,16,13,1,36,0,20,20,56
01/08/2013,BQN,PR,ASO,ES,Federal Contract Tower,10,21,6,0,37,0,0,30,10,40,10,21,36,10,77,6,0,6,83
01/09/2013,BQN,PR,ASO,ES,Federal Contract Tower,14,16,2,1,33,0,0,30,15,45,14,16,32,16,78,0,44,44,122
01/10/2013,BQN,PR,ASO,ES,Federal Contract Tower,13,20,5,1,39,0,1,69,43,113,13,21,74,44,152,16,8,24,176
01/11/2013,BQN,PR,ASO,ES,Federal Contract Tower,15,15,3,0,33,0,0,14,51,65,15,15,17,51,98,8,0,8,106
01/12/2013,BQN,PR,ASO,ES,Federal Contract Tower,11,0,9,0,20,0,0,43,8,51,11,0,52,8,71,24,40,64,135
01/13/2013,BQN,PR,ASO,ES,Federal Contract Tower,13,0,7,1,21,0,0,25,15,40,13,0,32,16,61,8,0,8,69
01/14/2013,BQN,PR,ASO,ES,Federal Contract Tower,17,12,5,0,34,0,0,23,22,45,17,12,28,22,79,12,28,40,119
01/15/2013,BQN,PR,ASO,ES,Federal Contract Tower,14,20,7,7,48,0,0,40,23,63,14,20,47,30,111,24,94,118,229
01/16/2013,BQN,PR,ASO,ES,Federal Contract Tower,24,10,6,0,40,0,0,44,7,51,24,10,50,7,91,20,6,26,117
01/17/2013,BQN,PR,ASO,ES,Federal Contract Tower,9,20,9,3,41,0,0,32,21,53,9,20,41,24,94,28,50,78,172
01/18/2013,BQN,PR,ASO,ES,Federal Contract Tower,18,17,7,3,45,0,0,23,5,28,18,17,30,8,73,16,6,22,95
01/19/2013,BQN,PR,ASO,ES,Federal Contract Tower,8,1,3,1,13,0,0,14,3,17,8,1,17,4,30,32,32,64,94
01/20/2013,BQN,PR,ASO,ES,Federal Contract Tower,19,0,7,3,29,0,0,24,5,29,19,0,31,8,58,5,0,5,63
01/21/2013,BQN,PR,ASO,ES,Federal Contract Tower,4,10,2,1,17,0,0,34,11,45,4,10,36,12,62,32,4,36,98
01/22/2013,BQN,PR,ASO,ES,Federal Contract Tower,16,17,4,0,37,0,0,29,5,34,16,17,33,5,71,2,4,6,77
01/23/2013,BQN,PR,ASO,ES,Federal Contract Tower,12,16,2,0,30,0,0,43,14,57,12,16,45,14,87,34,22,56,143
01/24/2013,BQN,PR,ASO,ES,Federal Contract Tower,19,20,4,0,43,0,0,33,6,39,19,20,37,6,82,3,6,9,91
01/25/2013,BQN,PR,ASO,ES,Federal Contract Tower,13,19,2,0,34,0,0,34,2,36,13,19,36,2,70,14,0,14,84
01/26/2013,BQN,PR,ASO,ES,Federal Contract Tower,9,0,6,1,16,0,0,27,23,50,9,0,33,24,66,0,6,6,72
01/27/2013,BQN,PR,ASO,ES,Federal Contract Tower,10,0,7,1,18,0,0,34,9,43,10,0,41,10,61,10,28,38,99
01/28/2013,BQN,PR,ASO,ES,Federal Contract Tower,11,15,5,1,32,0,0,18,10,28,11,15,23,11,60,8,52,60,120
01/29/2013,BQN,PR,ASO,ES,Federal Contract Tower,15,19,6,0,40,0,0,36,18,54,15,19,42,18,94,4,34,38,132
01/30/2013,BQN,PR,ASO,ES,Federal Contract Tower,16,12,0,1,29,0,0,38,16,54,16,12,38,17,83,42,58,100,183
01/31/2013,BQN,PR,ASO,ES,Federal Contract Tower,20,21,4,2,47,0,0,50,22,72,20,21,54,24,119,14,24,38,157
02/01/2013,BQN,PR,ASO,ES,Federal Contract Tower,15,15,3,0,33,0,0,22,2,24,15,15,25,2,57,0,62,62,119
02/02/2013,BQN,PR,ASO,ES,Federal Contract Tower,14,0,3,3,20,0,0,22,6,28,14,0,25,9,48,8,0,8,56
02/03/2013,BQN,PR,ASO,ES,Federal Contract Tower,14,1,4,0,19,0,0,48,15,63,14,1,52,15,82,38,6,44,126
02/04/2013,BQN,PR,ASO,ES,Federal Contract Tower,20,15,3,1,39,0,2,42,29,73,20,17,45,30,112,32,50,82,194
02/05/2013,BQN,PR,ASO,ES,Federal Contract Tower,19,15,5,2,41,0,0,32,21,53,19,15,37,23,94,32,10,42,136
02/06/2013,BQN,PR,ASO,ES,Federal Contract Tower,23,14,3,1,41,0,0,29,11,40,23,14,32,12,81,28,54,82,163
02/07/2013,BQN,PR,ASO,ES,Federal Contract Tower,13,18,3,2,36,0,0,35,35,70,13,18,38,37,106,6,28,34,140
02/08/2013,BQN,PR,ASO,ES,Federal Contract Tower,15,18,9,2,44,0,0,11,1,12,15,18,20,3,56,2,0,2,58
02/09/2013,BQN,PR,ASO,ES,Federal Contract Tower,13,0,16,1,30,0,0,22,2,24,13,0,38,3,54,8,0,8,62
02/10/2013,BQN,PR,ASO,ES,Federal Contract Tower,11,0,1,1,13,0,0,27,22,49,11,0,28,23,62,10,0,10,72
02/11/2013,BQN,PR,ASO,ES,Federal Contract Tower,8,9,1,2,20,0,0,27,2,29,8,9,28,4,49,4,10,14,63
02/12/2013,BQN,PR,ASO,ES,Federal Contract Tower,18,11,6,2,37,0,2,34,6,42,18,13,40,8,79,12,18,30,109
02/13/2013,BQN,PR,ASO,ES,Federal Contract Tower,9,17,3,0,29,0,0,12,10,22,9,17,15,10,51,8,14,22,73
02/14/2013,BQN,PR,ASO,ES,Federal Contract Tower,20,18,3,1,42,0,0,36,18,54,20,18,39,19,96,2,36,38,134
02/15/2013,BQN,PR,ASO,ES,Federal Contract Tower,11,15,7,2,35,0,0,37,0,37,11,15,44,2,72,0,0,0,72
02/16/2013,BQN,PR,ASO,ES,Federal Contract Tower,16,0,9,1,26,0,0,29,4,33,16,0,38,5,59,8,0,8,67
02/17/2013,BQN,PR,ASO,ES,Federal Contract Tower,12,0,3,0,15,0,0,38,11,49,12,0,41,11,64,22,4,26,90
02/18/2013,BQN,PR,ASO,ES,Federal Contract Tower,13,20,5,3,41,0,3,57,4,64,13,23,62,7,105,10,2,12,117
02/19/2013,BQN,PR,ASO,ES,Federal Contract Tower,19,17,1,1,38,0,0,35,18,53,19,17,36,19,91,30,36,66,157
02/20/2013,BQN,PR,ASO,ES,Federal Contract Tower,22,20,7,0,49,0,0,60,11,71,22,20,67,11,120,38,18,56,176
02/21/2013,BQN,PR,ASO,ES,Federal Contract Tower,20,19,4,0,43,0,0,45,19,64,20,19,49,19,107,18,2,20,127
02/22/2013,BQN,PR,ASO,ES,Federal Contract Tower,24,13,5,1,43,0,0,39,4,43,24,13,44,5,86,0,0,0,86
02/23/2013,BQN,PR,ASO,ES,Federal Contract Tower,13,0,1,1,15,0,0,44,9,53,13,0,45,10,68,0,0,0,68
02/24/2013,BQN,PR,ASO,ES,Federal Contract Tower,18,0,2,0,20,0,0,34,5,39,18,0,36,5,59,10,0,10,69
02/25/2013,BQN,PR,ASO,ES,Federal Contract Tower,20,14,4,2,40,0,0,35,21,56,20,14,39,23,96,14,32,46,142
02/26/2013,BQN,PR,ASO,ES,Federal Contract Tower,19,19,0,1,39,0,0,45,16,61,19,19,45,17,100,30,20,50,150
02/27/2013,BQN,PR,ASO,ES,Federal Contract Tower,19,21,2,2,44,0,0,31,9,40,19,21,33,11,84,16,30,46,130
02/28/2013,BQN,PR,ASO,ES,Federal Contract Tower,17,16,6,2,41,0,0,49,19,68,17,16,55,21,109,10,4,14,123
03/01/2013,BQN,PR,ASO,ES,Federal Contract Tower,27,13,7,0,47,0,0,79,9,88,27,13,86,9,135,6,11,17,152
03/02/2013,BQN,PR,ASO,ES,Federal Contract Tower,13,0,18,0,31,0,0,31,3,34,13,0,49,3,65,6,0,6,71
03/03/2013,BQN,PR,ASO,ES,Federal Contract Tower,12,0,3,1,16,0,0,39,12,51,12,0,42,13,67,10,16,26,93
03/04/2013,BQN,PR,ASO,ES,Federal Contract Tower,4,12,2,0,18,0,4,55,28,87,4,16,57,28,105,10,132,142,247
03/05/2013,BQN,PR,ASO,ES,Federal Contract Tower,19,17,3,3,42,0,0,37,18,55,19,17,40,21,97,8,46,54,151
03/06/2013,BQN,PR,ASO,ES,Federal Contract Tower,10,14,4,1,29,0,0,31,9,40,10,14,35,10,69,14,40,54,123
03/07/2013,BQN,PR,ASO,ES,Federal Contract Tower,28,18,1,6,53,0,0,78,24,102,28,18,79,30,155,20,18,38,193
03/08/2013,BQN,PR,ASO,ES,Federal Contract Tower,10,14,3,0,27,0,0,57,37,94,10,14,60,37,121,28,21,49,170
03/09/2013,BQN,PR,ASO,ES,Federal Contract Tower,6,0,3,6,15,0,0,56,23,79,6,0,59,29,94,0,18,18,112
03/10/2013,BQN,PR,ASO,ES,Federal Contract Tower,14,0,5,2,21,0,0,34,11,45,14,0,39,13,66,2,8,10,76
03/11/2013,BQN,PR,ASO,ES,Federal Contract Tower,6,12,0,3,21,0,0,49,9,58,6,12,49,12,79,10,42,52,131
03/12/2013,BQN,PR,ASO,ES,Federal Contract Tower,16,19,3,0,38,0,0,41,13,54,16,19,44,13,92,52,0,52,144
03/13/2013,BQN,PR,ASO,ES,Federal Contract Tower,22,15,5,4,46,0,2,59,32,93,22,17,64,36,139,26,48,74,213
03/14/2013,BQN,PR,ASO,ES,Federal Contract Tower,19,14,2,0,35,0,0,69,16,85,19,14,71,16,120,48,56,104,224
03/15/2013,BQN,PR,ASO,ES,Federal Contract Tower,15,14,5,2,36,0,0,43,6,49,15,14,48,8,85,37,32,69,154
03/16/2013,BQN,PR,ASO,ES,Federal Contract Tower,12,0,2,2,16,0,0,37,17,54,12,0,39,19,70,0,0,0,70
03/17/2013,BQN,PR,ASO,ES,Federal Contract Tower,13,0,4,2,19,0,0,46,12,58,13,0,50,14,77,14,0,14,91
03/18/2013,BQN,PR,ASO,ES,Federal Contract Tower,6,15,8,5,34,0,0,65,24,89,6,15,73,29,123,28,33,61,184
03/19/2013,BQN,PR,ASO,ES,Federal Contract Tower,21,13,4,0,38,0,0,58,17,75,21,13,62,17,113,36,2,38,151
03/20/2013,BQN,PR,ASO,ES,Federal Contract Tower,24,10,5,0,39,0,1,37,10,48,24,11,42,10,87,22,30,52,139
03/21/2013,BQN,PR,ASO,ES,Federal Contract Tower,14,15,3,1,33,0,0,55,14,69,14,15,58,15,102,14,26,40,142
03/22/2013,BQN,PR,ASO,ES,Federal Contract Tower,12,16,2,0,30,0,0,33,6,39,12,16,35,6,69,18,2,20,89
03/23/2013,BQN,PR,ASO,ES,Federal Contract Tower,11,0,5,1,17,0,0,132,20,152,11,0,137,21,169,140,16,156,325
03/24/2013,BQN,PR,ASO,ES,Federal Contract Tower,13,0,9,1,23,0,0,29,3,32,13,0,38,4,55,20,0,20,75
03/25/2013,BQN,PR,ASO,ES,Federal Contract Tower,6,20,6,0,32,0,0,44,14,58,6,20,50,14,90,30,30,60,150
03/26/2013,BQN,PR,ASO,ES,Federal Contract Tower,30,3,7,0,40,0,0,52,16,68,30,3,59,16,108,40,22,62,170
03/27/2013,BQN,PR,ASO,ES,Federal Contract Tower,20,8,3,3,34,0,0,33,13,46,20,8,36,16,80,60,70,130,210
03/28/2013,BQN,PR,ASO,ES,Federal Contract Tower,35,0,4,1,40,0,0,47,6,53,35,0,51,7,93,2,0,2,95
03/29/2013,BQN,PR,ASO,ES,Federal Contract Tower,12,0,5,2,19,0,0,1,0,1,12,0,6,2,20,0,0,0,20
03/30/2013,BQN,PR,ASO,ES,Federal Contract Tower,12,0,5,1,18,0,0,0,0,0,12,0,5,1,18,0,0,0,18
03/31/2013,BQN,PR,ASO,ES,Federal Contract Tower,14,0,11,0,25,0,0,15,2,17,14,0,26,2,42,10,0,10,52
04/01/2013,BQN,PR,ASO,ES,Federal Contract Tower,18,0,5,0,23,1,0,29,9,39,19,0,34,9,62,2,78,80,142
04/02/2013,BQN,PR,ASO,ES,Federal Contract Tower,25,0,5,0,30,1,0,64,10,75,26,0,69,10,105,10,4,14,119
04/03/2013,BQN,PR,ASO,ES,Federal Contract Tower,22,1,1,5,29,0,0,41,12,53,22,1,42,17,82,30,26,56,138
04/04/2013,BQN,PR,ASO,ES,Federal Contract Tower,28,0,13,0,41,0,0,39,12,51,28,0,52,12,92,30,76,106,198
04/05/2013,BQN,PR,ASO,ES,Federal Contract Tower,37,0,3,1,41,0,0,42,8,50,37,0,45,9,91,0,52,52,143
04/06/2013,BQN,PR,ASO,ES,Federal Contract Tower,12,0,4,2,18,0,0,48,11,59,12,0,52,13,77,24,13,37,114
04/07/2013,BQN,PR,ASO,ES,Federal Contract Tower,15,0,6,1,22,0,0,29,8,37,15,0,35,9,59,11,9,20,79
04/08/2013,BQN,PR,ASO,ES,Federal Contract Tower,28,0,1,3,32,0,0,44,12,56,28,0,45,15,88,0,82,82,170
04/09/2013,BQN,PR,ASO,ES,Federal Contract Tower,33,0,0,0,33,0,0,28,14,42,33,0,28,14,75,6,28,34,109
04/10/2013,BQN,PR,ASO,ES,Federal Contract Tower,30,0,5,2,37,0,0,40,19,59,30,0,45,21,96,6,42,48,144
04/11/2013,BQN,PR,ASO,ES,Federal Contract Tower,32,7,2,5,46,0,2,89,51,142,32,9,91,56,188,34,40,74,262
04/12/2013,BQN,PR,ASO,ES,Federal Contract Tower,36,1,5,1,43,0,0,54,23,77,36,1,59,24,120,16,60,76,196
04/13/2013,BQN,PR,ASO,ES,Federal Contract Tower,10,0,2,2,14,0,0,37,9,46,10,0,39,11,60,30,26,56,116
04/14/2013,BQN,PR,ASO,ES,Federal Contract Tower,19,0,4,0,23,0,0,24,6,30,19,0,28,6,53,2,0,2,55
04/15/2013,BQN,PR,ASO,ES,Federal Contract Tower,29,0,6,2,37,0,0,35,13,48,29,0,41,15,85,4,64,68,153
04/16/2013,BQN,PR,ASO,ES,Federal Contract Tower,33,5,1,1,40,0,0,55,20,75,33,5,56,21,115,16,32,48,163
04/17/2013,BQN,PR,ASO,ES,Federal Contract Tower,36,0,2,1,39,2,0,40,8,50,38,0,42,9,89,32,66,98,187
04/18/2013,BQN,PR,ASO,ES,Federal Contract Tower,36,0,5,0,41,8,0,60,12,80,44,0,65,12,121,24,0,24,145
04/19/2013,BQN,PR,ASO,ES,Federal Contract Tower,36,0,4,2,42,0,0,34,16,50,36,0,38,18,92,2,58,60,152
04/20/2013,BQN,PR,ASO,ES,Federal Contract Tower,12,0,4,2,18,0,0,48,12,60,12,0,52,14,78,23,13,36,114
04/21/2013,BQN,PR,ASO,ES,Federal Contract Tower,17,0,12,0,29,0,0,26,5,31,17,0,38,5,60,34,46,80,140
04/22/2013,BQN,PR,ASO,ES,Federal Contract Tower,31,0,2,1,34,0,0,39,10,49,31,0,41,11,83,34,46,80,163
04/23/2013,BQN,PR,ASO,ES,Federal Contract Tower,42,2,5,2,51,0,0,57,12,69,42,2,62,14,120,48,26,74,194
04/24/2013,BQN,PR,ASO,ES,Federal Contract Tower,34,0,6,1,41,0,0,39,7,46,34,0,45,8,87,32,62,94,181
04/25/2013,BQN,PR,ASO,ES,Federal Contract Tower,34,0,3,2,39,0,0,49,18,67,34,0,52,20,106,12,122,134,240
04/26/2013,BQN,PR,ASO,ES,Federal Contract Tower,32,0,9,0,41,0,0,31,11,42,32,0,40,11,83,2,88,90,173
04/27/2013,BQN,PR,ASO,ES,Federal Contract Tower,12,0,6,3,21,0,0,25,4,29,12,0,31,7,50,12,44,56,106
04/28/2013,BQN,PR,ASO,ES,Federal Contract Tower,17,0,1,2,20,0,0,22,20,42,17,0,23,22,62,0,6,6,68
04/29/2013,BQN,PR,ASO,ES,Federal Contract Tower,29,2,0,0,31,0,0,38,18,56,29,2,38,18,87,2,24,26,113
04/30/2013,BQN,PR,ASO,ES,Federal Contract Tower,36,0,1,6,43,0,0,31,17,48,36,0,32,23,91,26,192,218,309
05/01/2013,BQN,PR,ASO,ES,Federal Contract Tower,25,0,3,0,28,0,0,17,11,28,25,0,20,11,56,28,46,74,130
05/02/2013,BQN,PR,ASO,ES,Federal Contract Tower,40,0,0,0,40,0,0,45,14,59,40,0,45,14,99,30,22,52,151
05/03/2013,BQN,PR,ASO,ES,Federal Contract Tower,29,0,6,2,37,0,0,30,6,36,29,0,36,8,73,0,0,0,73
05/04/2013,BQN,PR,ASO,ES,Federal Contract Tower,17,0,4,0,21,0,0,40,12,52,17,0,44,12,73,2,4,6,79
05/05/2013,BQN,PR,ASO,ES,Federal Contract Tower,16,0,5,1,22,0,0,39,3,42,16,0,44,4,64,4,8,12,76
05/06/2013,BQN,PR,ASO,ES,Federal Contract Tower,29,0,2,0,31,0,0,33,16,49,29,0,35,16,80,10,62,72,152
05/07/2013,BQN,PR,ASO,ES,Federal Contract Tower,38,2,10,2,52,0,0,30,3,33,38,2,40,5,85,0,28,28,113
05/08/2013,BQN,PR,ASO,ES,Federal Contract Tower,32,0,3,2,37,0,0,30,8,38,32,0,33,10,75,12,54,66,141
05/09/2013,BQN,PR,ASO,ES,Federal Contract Tower,36,0,0,1,37,0,0,33,8,41,36,0,33,9,78,10,0,10,88
05/10/2013,BQN,PR,ASO,ES,Federal Contract Tower,34,0,0,1,35,0,0,20,7,27,34,0,20,8,62,0,10,10,72
05/11/2013,BQN,PR,ASO,ES,Federal Contract Tower,13,0,2,1,16,0,0,61,8,69,13,0,63,9,85,2,0,2,87
05/12/2013,BQN,PR,ASO,ES,Federal Contract Tower,17,0,6,0,23,0,0,23,8,31,17,0,29,8,54,0,6,6,60
05/13/2013,BQN,PR,ASO,ES,Federal Contract Tower,27,0,1,3,31,0,0,36,14,50,27,0,37,17,81,12,40,52,133
05/14/2013,BQN,PR,ASO,ES,Federal Contract Tower,39,1,3,5,48,0,0,46,16,62,39,1,49,21,110,24,24,48,158
05/15/2013,BQN,PR,ASO,ES,Federal Contract Tower,36,1,2,2,41,0,0,44,11,55,36,1,46,13,96,20,44,64,160
05/16/2013,BQN,PR,ASO,ES,Federal Contract Tower,36,0,3,1,40,0,0,27,8,35,36,0,30,9,75,14,0,14,89
05/17/2013,BQN,PR,ASO,ES,Federal Contract Tower,37,0,5,1,43,0,0,43,9,52,37,0,48,10,95,6,0,6,101
05/18/2013,BQN,PR,ASO,ES,Federal Contract Tower,13,0,0,0,13,0,0,39,11,50,13,0,39,11,63,10,8,18,81
05/19/2013,BQN,PR,ASO,ES,Federal Contract Tower,15,0,3,0,18,0,0,29,8,37,15,0,32,8,55,0,0,0,55
05/20/2013,BQN,PR,ASO,ES,Federal Contract Tower,26,0,3,1,30,1,0,27,9,37,27,0,30,10,67,0,26,26,93
05/21/2013,BQN,PR,ASO,ES,Federal Contract Tower,43,0,0,3,46,0,0,28,6,34,43,0,28,9,80,2,16,18,98
05/22/2013,BQN,PR,ASO,ES,Federal Contract Tower,32,0,0,0,32,0,1,30,2,33,32,1,30,2,65,18,42,60,125
05/23/2013,BQN,PR,ASO,ES,Federal Contract Tower,34,0,2,1,37,0,0,33,16,49,34,0,35,17,86,2,5,7,93
05/24/2013,BQN,PR,ASO,ES,Federal Contract Tower,35,0,2,0,37,0,1,34,11,46,35,1,36,11,83,4,20,24,107
05/25/2013,BQN,PR,ASO,ES,Federal Contract Tower,14,0,7,2,23,0,0,32,9,41,14,0,39,11,64,0,0,0,64
05/26/2013,BQN,PR,ASO,ES,Federal Contract Tower,17,0,1,0,18,0,0,20,3,23,17,0,21,3,41,4,0,4,45
05/27/2013,BQN,PR,ASO,ES,Federal Contract Tower,18,0,4,2,24,0,0,25,5,30,18,0,29,7,54,6,10,16,70
05/28/2013,BQN,PR,ASO,ES,Federal Contract Tower,31,0,1,2,34,0,0,12,11,23,31,0,13,13,57,2,28,30,87
05/29/2013,BQN,PR,ASO,ES,Federal Contract Tower,37,0,2,1,40,0,0,28,7,35,37,0,30,8,75,60,0,60,135
05/30/2013,BQN,PR,ASO,ES,Federal Contract Tower,32,0,4,2,38,0,0,31,7,38,32,0,35,9,76,8,34,42,118
05/31/2013,BQN,PR,ASO,ES,Federal Contract Tower,33,0,11,3,47,0,0,41,6,47,33,0,52,9,94,54,76,130,224
06/01/2013,BQN,PR,ASO,ES,Federal Contract Tower,17,0,10,0,27,0,0,26,9,35,17,0,36,9,62,0,0,0,62
06/02/2013,BQN,PR,ASO,ES,Federal Contract Tower,18,0,9,0,27,0,0,30,2,32,18,0,39,2,59,0,18,18,77
06/03/2013,BQN,PR,ASO,ES,Federal Contract Tower,32,0,4,0,36,0,0,24,9,33,32,0,28,9,69,16,2,18,87
06/04/2013,BQN,PR,ASO,ES,Federal Contract Tower,40,0,4,6,50,0,0,40,12,52,40,0,44,18,102,30,46,76,178
06/05/2013,BQN,PR,ASO,ES,Federal Contract Tower,37,0,6,2,45,0,0,38,9,47,37,0,44,11,92,48,24,72,164
06/06/2013,BQN,PR,ASO,ES,Federal Contract Tower,40,2,7,3,52,0,0,50,16,66,40,2,57,19,118,16,32,48,166
06/07/2013,BQN,PR,ASO,ES,Federal Contract Tower,35,0,9,0,44,0,0,51,19,70,35,0,60,19,114,8,68,76,190
06/08/2013,BQN,PR,ASO,ES,Federal Contract Tower,18,0,2,0,20,0,0,36,17,53,18,0,38,17,73,24,26,50,123
06/09/2013,BQN,PR,ASO,ES,Federal Contract Tower,16,0,10,0,26,0,0,31,14,45,16,0,41,14,71,14,0,14,85
06/10/2013,BQN,PR,ASO,ES,Federal Contract Tower,35,0,2,0,37,0,0,42,15,57,35,0,44,15,94,26,56,82,176
06/11/2013,BQN,PR,ASO,ES,Federal Contract Tower,47,0,3,0,50,0,0,40,16,56,47,0,43,16,106,4,6,10,116
06/12/2013,BQN,PR,ASO,ES,Federal Contract Tower,39,0,5,0,44,0,0,55,26,81,39,0,60,26,125,18,18,36,161
06/13/2013,BQN,PR,ASO,ES,Federal Contract Tower,38,2,4,0,44,0,0,48,29,77,38,2,52,29,121,10,40,50,171
06/14/2013,BQN,PR,ASO,ES,Federal Contract Tower,34,0,6,0,40,0,0,45,8,53,34,0,51,8,93,8,6,14,107
06/15/2013,BQN,PR,ASO,ES,Federal Contract Tower,35,0,3,3,41,0,0,32,10,42,35,0,35,13,83,11,14,25,108
06/16/2013,BQN,PR,ASO,ES,Federal Contract Tower,18,0,5,1,24,0,0,18,10,28,18,0,23,11,52,0,0,0,52
06/17/2013,BQN,PR,ASO,ES,Federal Contract Tower,32,0,0,2,34,0,0,43,11,54,32,0,43,13,88,0,10,10,98
06/18/2013,BQN,PR,ASO,ES,Federal Contract Tower,42,0,1,0,43,1,0,24,6,31,43,0,25,6,74,22,14,36,110
06/19/2013,BQN,PR,ASO,ES,Federal Contract Tower,40,0,0,9,49,0,1,16,15,32,40,1,16,24,81,0,40,40,121
06/20/2013,BQN,PR,ASO,ES,Federal Contract Tower,48,0,2,2,52,0,0,37,15,52,48,0,39,17,104,18,26,44,148
06/21/2013,BQN,PR,ASO,ES,Federal Contract Tower,37,0,1,11,49,0,0,45,11,56,37,0,46,22,105,2,10,12,117
06/22/2013,BQN,PR,ASO,ES,Federal Contract Tower,17,0,4,5,26,0,0,37,6,43,17,0,41,11,69,4,0,4,73
06/23/2013,BQN,PR,ASO,ES,Federal Contract Tower,18,0,7,0,25,0,0,25,10,35,18,0,32,10,60,14,8,22,82
06/24/2013,BQN,PR,ASO,ES,Federal Contract Tower,37,0,3,7,47,0,1,26,18,45,37,1,29,25,92,2,52,54,146
06/25/2013,BQN,PR,ASO,ES,Federal Contract Tower,49,0,2,12,63,0,0,36,17,53,49,0,38,29,116,14,50,64,180
06/26/2013,BQN,PR,ASO,ES,Federal Contract Tower,36,0,3,12,51,0,0,22,9,31,36,0,25,21,82,2,24,26,108
06/27/2013,BQN,PR,ASO,ES,Federal Contract Tower,38,0,9,11,58,0,0,20,10,30,38,0,29,21,88,8,0,8,96
06/28/2013,BQN,PR,ASO,ES,Federal Contract Tower,39,0,5,1,45,0,0,33,16,49,39,0,38,17,94,40,18,58,152
06/29/2013,BQN,PR,ASO,ES,Federal Contract Tower,14,0,0,0,14,0,0,35,7,42,14,0,35,7,56,0,50,50,106
06/30/2013,BQN,PR,ASO,ES,Federal Contract Tower,18,0,9,0,27,0,0,24,10,34,18,0,33,10,61,12,10,22,83
07/01/2013,BQN,PR,ASO,ES,Federal Contract Tower,33,0,7,3,43,0,0,42,17,59,33,0,49,20,102,30,32,62,164
07/02/2013,BQN,PR,ASO,ES,Federal Contract Tower,43,0,4,9,56,0,0,26,15,41,43,0,30,24,97,6,46,52,149
07/03/2013,BQN,PR,ASO,ES,Federal Contract Tower,35,2,2,25,64,0,0,53,22,75,35,2,55,47,139,47,26,73,212
07/04/2013,BQN,PR,ASO,ES,Federal Contract Tower,16,0,0,2,18,0,0,20,3,23,16,0,20,5,41,12,12,24,65
07/05/2013,BQN,PR,ASO,ES,Federal Contract Tower,33,0,4,1,38,0,0,34,9,43,33,0,38,10,81,12,14,26,107
07/06/2013,BQN,PR,ASO,ES,Federal Contract Tower,21,0,6,1,28,0,0,46,10,56,21,0,52,11,84,14,0,14,98
07/07/2013,BQN,PR,ASO,ES,Federal Contract Tower,20,0,11,4,35,0,0,14,3,17,20,0,25,7,52,0,0,0,52
07/08/2013,BQN,PR,ASO,ES,Federal Contract Tower,35,0,4,3,42,0,0,34,8,42,35,0,38,11,84,12,28,40,124
07/09/2013,BQN,PR,ASO,ES,Federal Contract Tower,37,0,4,6,47,0,0,32,15,47,37,0,36,21,94,16,8,24,118
07/10/2013,BQN,PR,ASO,ES,Federal Contract Tower,34,0,0,0,34,0,0,25,4,29,34,0,25,4,63,4,28,32,95
07/11/2013,BQN,PR,ASO,ES,Federal Contract Tower,37,0,4,0,41,0,0,45,13,58,37,0,49,13,99,20,22,42,141
07/12/2013,BQN,PR,ASO,ES,Federal Contract Tower,38,0,1,2,41,0,0,30,15,45,38,0,31,17,86,4,66,70,156
07/13/2013,BQN,PR,ASO,ES,Federal Contract Tower,19,0,5,2,26,0,0,49,17,66,19,0,54,19,92,12,84,96,188
07/14/2013,BQN,PR,ASO,ES,Federal Contract Tower,15,0,6,2,23,1,0,19,9,29,16,0,25,11,52,2,0,2,54
07/15/2013,BQN,PR,ASO,ES,Federal Contract Tower,37,0,3,0,40,0,0,40,13,53,37,0,43,13,93,10,34,44,137
07/16/2013,BQN,PR,ASO,ES,Federal Contract Tower,38,0,2,1,41,0,0,39,25,64,38,0,41,26,105,16,14,30,135
07/17/2013,BQN,PR,ASO,ES,Federal Contract Tower,34,0,2,1,37,0,0,35,15,50,34,0,37,16,87,12,0,12,99
07/18/2013,BQN,PR,ASO,ES,Federal Contract Tower,62,0,6,1,69,0,0,15,12,27,62,0,21,13,96,18,0,18,114
07/19/2013,BQN,PR,ASO,ES,Federal Contract Tower,38,0,0,2,40,0,0,37,12,49,38,0,37,14,89,6,102,108,197
07/20/2013,BQN,PR,ASO,ES,Federal Contract Tower,21,0,0,2,23,0,0,39,8,47,21,0,39,10,70,24,14,38,108
07/21/2013,BQN,PR,ASO,ES,Federal Contract Tower,20,0,9,1,30,0,0,20,8,28,20,0,29,9,58,8,0,8,66
07/22/2013,BQN,PR,ASO,ES,Federal Contract Tower,35,0,8,3,46,0,0,25,6,31,35,0,33,9,77,0,34,34,111
07/23/2013,BQN,PR,ASO,ES,Federal Contract Tower,38,0,4,1,43,0,0,25,16,41,38,0,29,17,84,40,0,40,124
07/24/2013,BQN,PR,ASO,ES,Federal Contract Tower,38,2,2,0,42,0,0,41,10,51,38,2,43,10,93,22,32,54,147
07/25/2013,BQN,PR,ASO,ES,Federal Contract Tower,33,0,2,1,36,0,0,65,11,76,33,0,67,12,112,12,0,12,124
07/26/2013,BQN,PR,ASO,ES,Federal Contract Tower,42,0,9,3,54,1,0,7,9,17,43,0,16,12,71,8,2,10,81
07/27/2013,BQN,PR,ASO,ES,Federal Contract Tower,22,0,2,0,24,0,0,19,3,22,22,0,21,3,46,6,2,8,54
07/28/2013,BQN,PR,ASO,ES,Federal Contract Tower,18,0,7,1,26,0,0,43,5,48,18,0,50,6,74,6,0,6,80
07/29/2013,BQN,PR,ASO,ES,Federal Contract Tower,32,0,1,2,35,1,0,33,16,50,33,0,34,18,85,10,2,12,97
07/30/2013,BQN,PR,ASO,ES,Federal Contract Tower,42,0,0,1,43,0,0,42,26,68,42,0,42,27,111,36,36,72,183
07/31/2013,BQN,PR,ASO,ES,Federal Contract Tower,37,0,1,3,41,0,0,38,9,47,37,0,39,12,88,48,22,70,158
08/01/2013,BQN,PR,ASO,ES,Federal Contract Tower,39,0,3,3,45,0,0,32,13,45,39,0,35,16,90,8,42,50,140
08/02/2013,BQN,PR,ASO,ES,Federal Contract Tower,35,0,5,3,43,0,0,21,6,27,35,0,26,9,70,20,4,24,94
08/03/2013,BQN,PR,ASO,ES,Federal Contract Tower,21,0,1,3,25,0,0,35,11,46,21,0,36,14,71,4,38,42,113
08/04/2013,BQN,PR,ASO,ES,Federal Contract Tower,19,0,4,0,23,0,0,13,3,16,19,0,17,3,39,0,12,12,51
08/05/2013,BQN,PR,ASO,ES,Federal Contract Tower,35,0,1,2,38,0,0,24,2,26,35,0,25,4,64,14,0,14,78
08/06/2013,BQN,PR,ASO,ES,Federal Contract Tower,40,0,2,7,49,0,0,27,10,37,40,0,29,17,86,10,38,48,134
08/07/2013,BQN,PR,ASO,ES,Federal Contract Tower,34,0,4,5,43,0,0,19,13,32,34,0,23,18,75,6,18,24,99
08/08/2013,BQN,PR,ASO,ES,Federal Contract Tower,39,0,6,1,46,0,0,43,21,64,39,0,49,22,110,12,0,12,122
08/09/2013,BQN,PR,ASO,ES,Federal Contract Tower,35,0,1,2,38,0,0,25,23,48,35,0,26,25,86,4,90,94,180
08/10/2013,BQN,PR,ASO,ES,Federal Contract Tower,17,2,3,2,24,0,0,19,8,27,17,2,22,10,51,4,26,30,81
08/11/2013,BQN,PR,ASO,ES,Federal Contract Tower,18,1,3,0,22,0,0,18,8,26,18,1,21,8,48,2,0,2,50
08/12/2013,BQN,PR,ASO,ES,Federal Contract Tower,31,0,0,0,31,0,0,22,7,29,31,0,22,7,60,0,2,2,62
08/13/2013,BQN,PR,ASO,ES,Federal Contract Tower,35,0,1,2,38,0,0,18,53,71,35,0,19,55,109,20,6,26,135
08/14/2013,BQN,PR,ASO,ES,Federal Contract Tower,35,0,0,2,37,0,0,28,16,44,35,0,28,18,81,24,72,96,177
08/15/2013,BQN,PR,ASO,ES,Federal Contract Tower,41,0,0,3,44,0,0,26,9,35,41,0,26,12,79,14,32,46,125
08/16/2013,BQN,PR,ASO,ES,Federal Contract Tower,29,0,5,4,38,0,0,13,11,24,29,0,18,15,62,8,26,34,96
08/17/2013,BQN,PR,ASO,ES,Federal Contract Tower,18,0,6,5,29,0,0,22,5,27,18,0,28,10,56,0,2,2,58
08/18/2013,BQN,PR,ASO,ES,Federal Contract Tower,15,1,4,3,23,0,0,17,2,19,15,1,21,5,42,2,30,32,74
08/19/2013,BQN,PR,ASO,ES,Federal Contract Tower,29,0,7,4,40,0,0,18,13,31,29,0,25,17,71,4,32,36,107
08/20/2013,BQN,PR,ASO,ES,Federal Contract Tower,39,1,3,2,45,0,0,19,8,27,39,1,22,10,72,12,58,70,142
08/21/2013,BQN,PR,ASO,ES,Federal Contract Tower,32,4,0,2,38,0,0,28,19,47,32,4,28,21,85,6,5,11,96
08/22/2013,BQN,PR,ASO,ES,Federal Contract Tower,43,0,10,4,57,0,0,23,12,35,43,0,33,16,92,36,38,74,166
08/23/2013,BQN,PR,ASO,ES,Federal Contract Tower,34,0,3,1,38,0,0,26,9,35,34,0,29,10,73,28,28,56,129
08/24/2013,BQN,PR,ASO,ES,Federal Contract Tower,18,0,7,0,25,0,0,49,14,63,18,0,56,14,88,26,28,54,142
08/25/2013,BQN,PR,ASO,ES,Federal Contract Tower,17,0,3,2,22,0,0,14,6,20,17,0,17,8,42,6,2,8,50
08/26/2013,BQN,PR,ASO,ES,Federal Contract Tower,24,7,4,2,37,0,0,30,11,41,24,7,34,13,78,6,34,40,118
08/27/2013,BQN,PR,ASO,ES,Federal Contract Tower,24,13,3,2,42,0,0,18,19,37,24,13,21,21,79,24,76,100,179
08/28/2013,BQN,PR,ASO,ES,Federal Contract Tower,19,11,1,3,34,0,0,29,17,46,19,11,30,20,80,20,36,56,136
08/29/2013,BQN,PR,ASO,ES,Federal Contract Tower,16,19,5,5,45,0,0,29,13,42,16,19,34,18,87,12,34,46,133
08/30/2013,BQN,PR,ASO,ES,Federal Contract Tower,25,14,5,0,44,0,0,16,12,28,25,14,21,12,72,14,8,22,94
08/31/2013,BQN,PR,ASO,ES,Federal Contract Tower,18,0,8,2,28,0,0,26,13,39,18,0,34,15,67,12,20,32,99
09/01/2013,BQN,PR,ASO,ES,Federal Contract Tower,18,0,5,2,25,0,0,20,12,32,18,0,25,14,57,8,4,12,69
09/02/2013,BQN,PR,ASO,ES,Federal Contract Tower,11,7,7,0,25,0,0,23,10,33,11,7,30,10,58,14,14,28,86
09/03/2013,BQN,PR,ASO,ES,Federal Contract Tower,16,12,2,5,35,0,0,4,4,8,16,12,6,9,43,12,12,24,67
09/04/2013,BQN,PR,ASO,ES,Federal Contract Tower,14,21,6,3,44,0,0,39,19,58,14,21,45,22,102,58,116,174,276
09/05/2013,BQN,PR,ASO,ES,Federal Contract Tower,20,24,5,4,53,0,0,4,16,20,20,24,9,20,73,6,48,54,127
09/06/2013,BQN,PR,ASO,ES,Federal Contract Tower,26,17,5,4,52,0,0,23,8,31,26,17,28,12,83,26,8,34,117
09/07/2013,BQN,PR,ASO,ES,Federal Contract Tower,14,1,2,0,17,0,0,13,8,21,14,1,15,8,38,24,6,30,68
09/08/2013,BQN,PR,ASO,ES,Federal Contract Tower,14,1,1,1,17,0,0,13,5,18,14,1,14,6,35,8,0,8,43
09/09/2013,BQN,PR,ASO,ES,Federal Contract Tower,15,19,0,1,35,0,0,16,13,29,15,19,16,14,64,18,2,20,84
09/10/2013,BQN,PR,ASO,ES,Federal Contract Tower,18,20,0,5,43,0,0,40,24,64,18,20,40,29,107,38,12,50,157
09/11/2013,BQN,PR,ASO,ES,Federal Contract Tower,12,20,2,1,35,0,0,7,8,15,12,20,9,9,50,8,2,10,60
09/12/2013,BQN,PR,ASO,ES,Federal Contract Tower,14,21,2,1,38,0,0,19,28,47,14,21,21,29,85,4,22,26,111
09/13/2013,BQN,PR,ASO,ES,Federal Contract Tower,19,21,2,1,43,0,0,33,15,48,19,21,35,16,91,8,38,46,137
09/14/2013,BQN,PR,ASO,ES,Federal Contract Tower,13,4,5,1,23,0,0,42,20,62,13,4,47,21,85,22,2,24,109
09/15/2013,BQN,PR,ASO,ES,Federal Contract Tower,13,0,0,2,15,0,0,19,1,20,13,0,19,3,35,8,0,8,43
09/16/2013,BQN,PR,ASO,ES,Federal Contract Tower,15,19,0,2,36,0,0,32,14,46,15,19,32,16,82,0,36,36,118
09/17/2013,BQN,PR,ASO,ES,Federal Contract Tower,17,20,2,2,41,0,0,21,12,33,17,20,23,14,74,22,20,42,116
09/18/2013,BQN,PR,ASO,ES,Federal Contract Tower,12,19,0,2,33,0,0,11,8,19,12,19,11,10,52,18,22,40,92
09/19/2013,BQN,PR,ASO,ES,Federal Contract Tower,15,20,2,3,40,0,0,33,11,44,15,20,35,14,84,28,60,88,172
09/20/2013,BQN,PR,ASO,ES,Federal Contract Tower,17,20,3,2,42,0,0,13,8,21,17,20,16,10,63,30,18,48,111
09/21/2013,BQN,PR,ASO,ES,Federal Contract Tower,10,0,2,4,16,0,0,37,12,49,10,0,39,16,65,20,30,50,115
09/22/2013,BQN,PR,ASO,ES,Federal Contract Tower,16,0,0,1,17,0,0,16,9,25,16,0,16,10,42,8,0,8,50
09/23/2013,BQN,PR,ASO,ES,Federal Contract Tower,13,20,3,0,36,0,0,31,16,47,13,20,34,16,83,40,56,96,179
09/24/2013,BQN,PR,ASO,ES,Federal Contract Tower,13,18,2,1,34,0,1,21,13,35,13,19,23,14,69,2,10,12,81
09/25/2013,BQN,PR,ASO,ES,Federal Contract Tower,13,22,3,0,38,0,0,28,23,51,13,22,31,23,89,14,20,34,123
09/26/2013,BQN,PR,ASO,ES,Federal Contract Tower,17,19,3,0,39,0,0,28,20,48,17,19,31,20,87,4,4,8,95
09/27/2013,BQN,PR,ASO,ES,Federal Contract Tower,18,18,2,0,38,0,0,23,17,40,18,18,25,17,78,14,34,48,126
09/28/2013,BQN,PR,ASO,ES,Federal Contract Tower,11,0,1,0,12,0,2,20,9,31,11,2,21,9,43,0,0,0,43
09/29/2013,BQN,PR,ASO,ES,Federal Contract Tower,12,0,0,3,15,0,0,18,7,25,12,0,18,10,40,22,0,22,62
09/30/2013,BQN,PR,ASO,ES,Federal Contract Tower,15,20,0,0,35,0,0,15,14,29,15,20,15,14,64,10,21,31,95
10/01/2013,BQN,PR,ASO,ES,Federal Contract Tower,16,18,4,1,39,0,0,25,22,47,16,18,29,23,86,38,22,60,146
10/02/2013,BQN,PR,ASO,ES,Federal Contract Tower,16,18,0,4,38,0,0,27,12,39,16,18,27,16,77,30,2,32,109
10/03/2013,BQN,PR,ASO,ES,Federal Contract Tower,15,18,2,2,37,0,0,34,12,46,15,18,36,14,83,28,36,64,147
10/04/2013,BQN,PR,ASO,ES,Federal Contract Tower,18,18,2,0,38,0,0,19,8,27,18,18,21,8,65,2,14,16,81
10/05/2013,BQN,PR,ASO,ES,Federal Contract Tower,12,2,0,1,15,0,0,47,9,56,12,2,47,10,71,52,28,80,151
10/06/2013,BQN,PR,ASO,ES,Federal Contract Tower,12,0,0,0,12,0,0,15,10,25,12,0,15,10,37,4,0,4,41
10/07/2013,BQN,PR,ASO,ES,Federal Contract Tower,14,21,2,1,38,0,0,31,12,43,14,21,33,13,81,0,52,52,133
10/08/2013,BQN,PR,ASO,ES,Federal Contract Tower,19,17,7,2,45,0,0,27,14,41,19,17,34,16,86,4,18,22,108
10/09/2013,BQN,PR,ASO,ES,Federal Contract Tower,17,22,0,2,41,0,2,21,6,29,17,24,21,8,70,2,14,16,86
10/10/2013,BQN,PR,ASO,ES,Federal Contract Tower,14,17,1,1,33,0,0,22,16,38,14,17,23,17,71,4,14,18,89
10/11/2013,BQN,PR,ASO,ES,Federal Contract Tower,17,18,4,1,40,0,0,17,4,21,17,18,21,5,61,0,0,0,61
10/12/2013,BQN,PR,ASO,ES,Federal Contract Tower,10,0,0,1,11,0,0,41,9,50,10,0,41,10,61,0,0,0,61
10/13/2013,BQN,PR,ASO,ES,Federal Contract Tower,11,0,0,1,12,0,0,7,1,8,11,0,7,2,20,4,0,4,24
10/14/2013,BQN,PR,ASO,ES,Federal Contract Tower,15,22,1,0,38,0,0,18,11,29,15,22,19,11,67,2,38,40,107
10/15/2013,BQN,PR,ASO,ES,Federal Contract Tower,18,21,4,1,44,0,2,22,14,38,18,23,26,15,82,8,0,8,90
10/16/2013,BQN,PR,ASO,ES,Federal Contract Tower,16,21,0,0,37,0,0,32,12,44,16,21,32,12,81,8,34,42,123
10/17/2013,BQN,PR,ASO,ES,Federal Contract Tower,15,18,6,3,42,0,1,34,30,65,15,19,40,33,107,6,98,104,211
10/18/2013,BQN,PR,ASO,ES,Federal Contract Tower,16,17,0,1,34,0,1,49,9,59,16,18,49,10,93,8,0,8,101
10/19/2013,BQN,PR,ASO,ES,Federal Contract Tower,17,0,2,0,19,0,0,26,10,36,17,0,28,10,55,6,24,30,85
10/20/2013,BQN,PR,ASO,ES,Federal Contract Tower,13,5,0,0,18,0,0,11,4,15,13,5,11,4,33,0,0,0,33
10/21/2013,BQN,PR,ASO,ES,Federal Contract Tower,17,15,0,2,34,14,16,0,0,30,31,31,0,2,64,14,16,30,94
10/22/2013,BQN,PR,ASO,ES,Federal Contract Tower,18,20,3,2,43,0,0,24,12,36,18,20,27,14,79,8,50,58,137
10/23/2013,BQN,PR,ASO,ES,Federal Contract Tower,15,20,2,1,38,0,0,29,12,41,15,20,31,13,79,8,36,44,123
10/24/2013,BQN,PR,ASO,ES,Federal Contract Tower,13,20,1,1,35,0,0,25,7,32,13,20,26,8,67,26,38,64,131
10/25/2013,BQN,PR,ASO,ES,Federal Contract Tower,19,25,2,0,46,0,0,28,8,36,19,25,30,8,82,16,16,32,114
10/26/2013,BQN,PR,ASO,ES,Federal Contract Tower,11,0,2,3,16,0,0,26,17,43,11,0,28,20,59,16,22,38,97
10/27/2013,BQN,PR,ASO,ES,Federal Contract Tower,8,0,0,0,8,0,0,18,4,22,8,0,18,4,30,22,16,38,68
10/28/2013,BQN,PR,ASO,ES,Federal Contract Tower,13,19,0,1,33,0,0,12,20,32,13,19,12,21,65,0,34,34,99
10/29/2013,BQN,PR,ASO,ES,Federal Contract Tower,14,23,1,3,41,0,0,14,4,18,14,23,15,7,59,0,52,52,111
10/30/2013,BQN,PR,ASO,ES,Federal Contract Tower,17,21,1,2,41,0,0,11,8,19,17,21,12,10,60,8,66,74,134
10/31/2013,BQN,PR,ASO,ES,Federal Contract Tower,16,19,6,0,41,0,0,31,17,48,16,19,37,17,89,8,18,26,115
11/01/2013,BQN,PR,ASO,ES,Federal Contract Tower,12,23,3,0,38,0,0,23,12,35,12,23,26,12,73,14,32,46,119
11/02/2013,BQN,PR,ASO,ES,Federal Contract Tower,15,0,1,4,20,0,0,15,4,19,15,0,16,8,39,4,78,82,121
11/03/2013,BQN,PR,ASO,ES,Federal Contract Tower,12,0,4,3,19,0,0,11,12,23,12,0,15,15,42,8,68,76,118
11/04/2013,BQN,PR,ASO,ES,Federal Contract Tower,13,16,4,2,35,0,0,17,7,24,13,16,21,9,59,12,46,58,117
11/05/2013,BQN,PR,ASO,ES,Federal Contract Tower,17,17,0,1,35,0,1,25,30,56,17,18,25,31,91,28,62,90,181
11/06/2013,BQN,PR,ASO,ES,Federal Contract Tower,18,20,0,0,38,0,0,32,14,46,18,20,32,14,84,46,1,47,131
11/07/2013,BQN,PR,ASO,ES,Federal Contract Tower,20,18,0,0,38,0,0,22,14,36,20,18,22,14,74,4,8,12,86
11/08/2013,BQN,PR,ASO,ES,Federal Contract Tower,19,16,3,1,39,0,0,14,9,23,19,16,17,10,62,16,0,16,78
11/09/2013,BQN,PR,ASO,ES,Federal Contract Tower,11,0,3,1,15,0,0,29,14,43,11,0,32,15,58,18,0,18,76
11/10/2013,BQN,PR,ASO,ES,Federal Contract Tower,14,0,8,2,24,0,0,14,11,25,14,0,22,13,49,0,10,10,59
11/11/2013,BQN,PR,ASO,ES,Federal Contract Tower,16,15,0,1,32,0,0,19,4,23,16,15,19,5,55,6,0,6,61
11/12/2013,BQN,PR,ASO,ES,Federal Contract Tower,20,15,1,2,38,0,0,12,6,18,20,15,13,8,56,0,26,26,82
11/13/2013,BQN,PR,ASO,ES,Federal Contract Tower,16,17,4,0,37,0,0,24,15,39,16,17,28,15,76,2,2,4,80
11/14/2013,BQN,PR,ASO,ES,Federal Contract Tower,20,18,2,3,43,0,0,31,18,49,20,18,33,21,92,36,44,80,172
11/15/2013,BQN,PR,ASO,ES,Federal Contract Tower,19,20,6,2,47,0,0,21,10,31,19,20,27,12,78,10,20,30,108
11/16/2013,BQN,PR,ASO,ES,Federal Contract Tower,9,0,2,0,11,0,0,40,10,50,9,0,42,10,61,6,0,6,67
11/17/2013,BQN,PR,ASO,ES,Federal Contract Tower,16,0,2,0,18,0,0,20,6,26,16,0,22,6,44,0,0,0,44
11/18/2013,BQN,PR,ASO,ES,Federal Contract Tower,20,16,4,1,41,0,0,11,10,21,20,16,15,11,62,0,0,0,62
11/19/2013,BQN,PR,ASO,ES,Federal Contract Tower,18,17,6,4,45,0,0,23,16,39,18,17,29,20,84,12,64,76,160
11/20/2013,BQN,PR,ASO,ES,Federal Contract Tower,21,16,0,2,39,0,0,24,40,64,21,16,24,42,103,10,8,18,121
11/21/2013,BQN,PR,ASO,ES,Federal Contract Tower,24,17,4,4,49,0,0,13,17,30,24,17,17,21,79,0,30,30,109
11/22/2013,BQN,PR,ASO,ES,Federal Contract Tower,18,16,3,1,38,0,0,15,2,17,18,16,18,3,55,10,0,10,65
11/23/2013,BQN,PR,ASO,ES,Federal Contract Tower,17,3,2,1,23,0,1,33,7,41,17,4,35,8,64,0,0,0,64
11/24/2013,BQN,PR,ASO,ES,Federal Contract Tower,20,0,2,0,22,0,0,8,7,15,20,0,10,7,37,0,16,16,53
11/25/2013,BQN,PR,ASO,ES,Federal Contract Tower,18,17,1,5,41,0,0,23,10,33,18,17,24,15,74,10,10,20,94
11/26/2013,BQN,PR,ASO,ES,Federal Contract Tower,23,18,0,2,43,0,0,8,11,19,23,18,8,13,62,0,6,6,68
11/27/2013,BQN,PR,ASO,ES,Federal Contract Tower,21,19,1,1,42,0,0,12,8,20,21,19,13,9,62,18,6,24,86
11/28/2013,BQN,PR,ASO,ES,Federal Contract Tower,23,7,3,0,33,0,0,17,2,19,23,7,20,2,52,0,0,0,52
11/29/2013,BQN,PR,ASO,ES,Federal Contract Tower,15,11,6,0,32,0,1,20,6,27,15,12,26,6,59,0,0,0,59
11/30/2013,BQN,PR,ASO,ES,Federal Contract Tower,19,1,6,0,26,0,0,10,5,15,19,1,16,5,41,0,0,0,41
12/01/2013,BQN,PR,ASO,ES,Federal Contract Tower,19,1,7,0,27,0,0,19,4,23,19,1,26,4,50,0,0,0,50
12/02/2013,BQN,PR,ASO,ES,Federal Contract Tower,23,20,1,1,45,0,1,26,3,30,23,21,27,4,75,16,0,16,91
12/03/2013,BQN,PR,ASO,ES,Federal Contract Tower,25,16,4,2,47,0,0,14,7,21,25,16,18,9,68,2,40,42,110
12/04/2013,BQN,PR,ASO,ES,Federal Contract Tower,21,18,0,0,39,0,0,22,4,26,21,18,22,4,65,10,20,30,95
12/05/2013,BQN,PR,ASO,ES,Federal Contract Tower,21,18,2,4,45,0,0,45,7,52,21,18,47,11,97,8,40,48,145
12/06/2013,BQN,PR,ASO,ES,Federal Contract Tower,22,16,8,2,48,0,0,28,3,31,22,16,36,5,79,12,32,44,123
12/07/2013,BQN,PR,ASO,ES,Federal Contract Tower,15,0,2,17,34,0,0,19,11,30,15,0,21,28,64,0,0,0,64
12/08/2013,BQN,PR,ASO,ES,Federal Contract Tower,15,0,3,5,23,0,0,3,12,15,15,0,6,17,38,0,12,12,50
12/09/2013,BQN,PR,ASO,ES,Federal Contract Tower,24,16,1,12,53,0,0,14,3,17,24,16,15,15,70,12,0,12,82
12/10/2013,BQN,PR,ASO,ES,Federal Contract Tower,19,13,0,5,37,0,2,33,16,51,19,15,33,21,88,14,47,61,149
12/11/2013,BQN,PR,ASO,ES,Federal Contract Tower,19,14,2,7,42,0,0,39,12,51,19,14,41,19,93,14,14,28,121
12/12/2013,BQN,PR,ASO,ES,Federal Contract Tower,26,16,2,4,48,0,0,15,25,40,26,16,17,29,88,4,32,36,124
12/13/2013,BQN,PR,ASO,ES,Federal Contract Tower,22,15,6,6,49,0,2,25,4,31,22,17,31,10,80,18,0,18,98
12/14/2013,BQN,PR,ASO,ES,Federal Contract Tower,14,0,2,6,22,0,0,21,2,23,14,0,23,8,45,6,10,16,61
12/15/2013,BQN,PR,ASO,ES,Federal Contract Tower,19,3,4,1,27,0,0,19,7,26,19,3,23,8,53,18,0,18,71
12/16/2013,BQN,PR,ASO,ES,Federal Contract Tower,22,15,7,1,45,0,2,29,16,47,22,17,36,17,92,30,26,56,148
12/17/2013,BQN,PR,ASO,ES,Federal Contract Tower,20,16,3,2,41,0,0,30,17,47,20,16,33,19,88,8,64,72,160
12/18/2013,BQN,PR,ASO,ES,Federal Contract Tower,24,18,4,0,46,0,0,45,27,72,24,18,49,27,118,32,62,94,212
12/19/2013,BQN,PR,ASO,ES,Federal Contract Tower,27,14,4,0,45,0,0,42,16,58,27,14,46,16,103,32,52,84,187
12/20/2013,BQN,PR,ASO,ES,Federal Contract Tower,20,16,9,0,45,0,0,17,9,26,20,16,26,9,71,2,0,2,73
12/21/2013,BQN,PR,ASO,ES,Federal Contract Tower,13,1,7,0,21,0,0,28,13,41,13,1,35,13,62,0,20,20,82
12/22/2013,BQN,PR,ASO,ES,Federal Contract Tower,16,0,2,1,19,0,0,34,9,43,16,0,36,10,62,4,0,4,66
12/23/2013,BQN,PR,ASO,ES,Federal Contract Tower,25,19,9,0,53,0,2,18,7,27,25,21,27,7,80,0,40,40,120
12/24/2013,BQN,PR,ASO,ES,Federal Contract Tower,19,18,5,2,44,0,3,15,10,28,19,21,20,12,72,7,0,7,79
12/25/2013,BQN,PR,ASO,ES,Federal Contract Tower,16,2,3,0,21,0,0,12,3,15,16,2,15,3,36,0,0,0,36
12/26/2013,BQN,PR,ASO,ES,Federal Contract Tower,14,6,4,1,25,0,1,15,8,24,14,7,19,9,49,10,46,56,105
12/27/2013,BQN,PR,ASO,ES,Federal Contract Tower,19,17,13,2,51,0,0,11,6,17,19,17,24,8,68,4,0,4,72
12/28/2013,BQN,PR,ASO,ES,Federal Contract Tower,12,0,9,1,22,0,0,21,6,27,12,0,30,7,49,10,0,10,59
12/29/2013,BQN,PR,ASO,ES,Federal Contract Tower,15,0,2,0,17,0,0,22,13,35,15,0,24,13,52,2,0,2,54
12/30/2013,BQN,PR,ASO,ES,Federal Contract Tower,19,17,7,1,44,0,1,22,4,27,19,18,29,5,71,16,6,22,93
12/31/2013,BQN,PR,ASO,ES,Federal Contract Tower,13,2,5,2,22,0,2,16,2,20,13,4,21,4,42,2,0,2,44
01/01/2014,BQN,PR,ASO,ES,Federal Contract Tower,14,2,1,0,17,0,0,7,2,9,14,2,8,2,26,0,0,0,26
01/02/2014,BQN,PR,ASO,ES,Federal Contract Tower,15,14,14,0,43,0,0,22,4,26,15,14,36,4,69,0,0,0,69
01/03/2014,BQN,PR,ASO,ES,Federal Contract Tower,21,14,12,0,47,1,0,14,6,21,22,14,26,6,68,2,0,2,70
01/04/2014,BQN,PR,ASO,ES,Federal Contract Tower,7,0,18,0,25,0,0,19,1,20,7,0,37,1,45,0,0,0,45
01/05/2014,BQN,PR,ASO,ES,Federal Contract Tower,19,0,14,0,33,0,0,4,1,5,19,0,18,1,38,0,0,0,38
01/06/2014,BQN,PR,ASO,ES,Federal Contract Tower,19,11,2,0,32,0,0,6,1,7,19,11,8,1,39,4,0,4,43
01/07/2014,BQN,PR,ASO,ES,Federal Contract Tower,13,12,5,0,30,0,0,15,5,20,13,12,20,5,50,2,0,2,52
01/08/2014,BQN,PR,ASO,ES,Federal Contract Tower,19,17,10,6,52,0,0,24,27,51,19,17,34,33,103,26,28,54,157
01/09/2014,BQN,PR,ASO,ES,Federal Contract Tower,25,14,6,0,45,0,0,33,12,45,25,14,39,12,90,5,0,5,95
01/10/2014,BQN,PR,ASO,ES,Federal Contract Tower,21,16,7,1,45,0,1,33,14,48,21,17,40,15,93,0,40,40,133
01/11/2014,BQN,PR,ASO,ES,Federal Contract Tower,13,0,1,5,19,0,0,24,3,27,13,0,25,8,46,8,4,12,58
01/12/2014,BQN,PR,ASO,ES,Federal Contract Tower,15,0,5,0,20,0,0,10,6,16,15,0,15,6,36,24,10,34,70
01/13/2014,BQN,PR,ASO,ES,Federal Contract Tower,22,7,7,1,37,0,0,17,7,24,22,7,24,8,61,0,20,20,81
01/14/2014,BQN,PR,ASO,ES,Federal Contract Tower,24,17,2,1,44,0,0,39,18,57,24,17,41,19,101,46,30,76,177
01/15/2014,BQN,PR,ASO,ES,Federal Contract Tower,21,18,3,3,45,0,0,24,9,33,21,18,27,12,78,26,12,38,116
01/16/2014,BQN,PR,ASO,ES,Federal Contract Tower,24,16,9,0,49,0,1,43,26,70,24,17,52,26,119,18,28,46,165
01/17/2014,BQN,PR,ASO,ES,Federal Contract Tower,22,16,4,1,43,0,0,23,12,35,22,16,27,13,78,12,20,32,110
01/18/2014,BQN,PR,ASO,ES,Federal Contract Tower,13,3,2,0,18,0,0,20,6,26,13,3,22,6,44,2,0,2,46
01/19/2014,BQN,PR,ASO,ES,Federal Contract Tower,16,0,5,0,21,0,0,22,7,29,16,0,27,7,50,0,0,0,50
01/20/2014,BQN,PR,ASO,ES,Federal Contract Tower,20,18,2,0,40,0,0,26,8,34,20,18,28,8,74,4,8,12,86
01/21/2014,BQN,PR,ASO,ES,Federal Contract Tower,19,10,8,3,40,0,0,20,17,37,19,10,28,20,77,12,28,40,117
01/22/2014,BQN,PR,ASO,ES,Federal Contract Tower,15,20,10,0,45,0,0,32,23,55,15,20,42,23,100,42,52,94,194
01/23/2014,BQN,PR,ASO,ES,Federal Contract Tower,22,16,3,3,44,0,0,40,10,50,22,16,43,13,94,44,26,70,164
01/24/2014,BQN,PR,ASO,ES,Federal Contract Tower,19,18,3,0,40,0,0,26,12,38,19,18,29,12,78,6,44,50,128
01/25/2014,BQN,PR,ASO,ES,Federal Contract Tower,10,0,0,0,10,0,0,21,5,26,10,0,21,5,36,20,4,24,60
01/26/2014,BQN,PR,ASO,ES,Federal Contract Tower,17,1,5,0,23,0,0,27,7,34,17,1,32,7,57,4,24,28,85
01/27/2014,BQN,PR,ASO,ES,Federal Contract Tower,16,15,0,0,31,0,0,33,12,45,16,15,33,12,76,10,72,82,158
01/28/2014,BQN,PR,ASO,ES,Federal Contract Tower,15,22,3,4,44,0,0,13,9,22,15,22,16,13,66,8,10,18,84
01/29/2014,BQN,PR,ASO,ES,Federal Contract Tower,14,17,4,1,36,0,0,24,11,35,14,17,28,12,71,10,46,56,127
01/30/2014,BQN,PR,ASO,ES,Federal Contract Tower,18,18,11,1,48,0,0,36,16,52,18,18,47,17,100,48,30,78,178
01/31/2014,BQN,PR,ASO,ES,Federal Contract Tower,16,16,6,1,39,0,0,29,6,35,16,16,35,7,74,10,12,22,96
02/01/2014,BQN,PR,ASO,ES,Federal Contract Tower,14,0,4,1,19,0,0,11,7,18,14,0,15,8,37,5,12,17,54
02/02/2014,BQN,PR,ASO,ES,Federal Contract Tower,12,0,7,2,21,0,0,9,4,13,12,0,16,6,34,4,12,16,50
02/03/2014,BQN,PR,ASO,ES,Federal Contract Tower,15,15,22,0,52,0,0,25,13,38,15,15,47,13,90,6,20,26,116
02/04/2014,BQN,PR,ASO,ES,Federal Contract Tower,16,18,1,2,37,0,0,39,18,57,16,18,40,20,94,8,24,32,126
02/05/2014,BQN,PR,ASO,ES,Federal Contract Tower,21,21,5,0,47,0,0,25,13,38,21,21,30,13,85,10,10,20,105
02/06/2014,BQN,PR,ASO,ES,Federal Contract Tower,19,18,11,1,49,0,0,32,13,45,19,18,43,14,94,12,54,66,160
02/07/2014,BQN,PR,ASO,ES,Federal Contract Tower,22,16,5,0,43,0,0,26,12,38,22,16,31,12,81,0,8,8,89
02/08/2014,BQN,PR,ASO,ES,Federal Contract Tower,17,0,8,0,25,0,0,19,9,28,17,0,27,9,53,0,58,58,111
02/09/2014,BQN,PR,ASO,ES,Federal Contract Tower,11,0,3,2,16,0,0,23,10,33,11,0,26,12,49,6,50,56,105
02/10/2014,BQN,PR,ASO,ES,Federal Contract Tower,8,16,4,0,28,0,0,23,15,38,8,16,27,15,66,4,2,6,72
02/11/2014,BQN,PR,ASO,ES,Federal Contract Tower,17,13,1,1,32,0,0,29,25,54,17,13,30,26,86,0,0,0,86
02/12/2014,BQN,PR,ASO,ES,Federal Contract Tower,10,15,6,0,31,0,0,33,15,48,10,15,39,15,79,26,4,30,109
02/13/2014,BQN,PR,ASO,ES,Federal Contract Tower,20,16,0,2,38,0,0,16,8,24,20,16,16,10,62,8,20,28,90
02/14/2014,BQN,PR,ASO,ES,Federal Contract Tower,15,17,0,3,35,0,2,25,9,36,15,19,25,12,71,6,44,50,121
02/15/2014,BQN,PR,ASO,ES,Federal Contract Tower,7,2,5,0,14,0,0,31,5,36,7,2,36,5,50,0,34,34,84
02/16/2014,BQN,PR,ASO,ES,Federal Contract Tower,8,0,4,1,13,0,0,9,5,14,8,0,13,6,27,0,50,50,77
02/17/2014,BQN,PR,ASO,ES,Federal Contract Tower,9,16,2,0,27,0,0,14,8,22,9,16,16,8,49,2,10,12,61
02/18/2014,BQN,PR,ASO,ES,Federal Contract Tower,17,16,7,0,40,0,0,14,14,28,17,16,21,14,68,4,50,54,122
02/19/2014,BQN,PR,ASO,ES,Federal Contract Tower,22,18,2,2,44,0,0,39,11,50,22,18,41,13,94,44,16,60,154
02/20/2014,BQN,PR,ASO,ES,Federal Contract Tower,16,16,2,3,37,0,0,24,18,42,16,16,26,21,79,48,12,60,139
02/21/2014,BQN,PR,ASO,ES,Federal Contract Tower,20,14,11,1,46,0,0,24,6,30,20,14,35,7,76,38,50,88,164
02/22/2014,BQN,PR,ASO,ES,Federal Contract Tower,17,0,3,1,21,0,0,13,6,19,17,0,16,7,40,0,0,0,40
02/23/2014,BQN,PR,ASO,ES,Federal Contract Tower,19,0,10,0,29,0,0,25,3,28,19,0,35,3,57,0,0,0,57
02/24/2014,BQN,PR,ASO,ES,Federal Contract Tower,25,18,6,4,53,0,0,19,16,35,25,18,25,20,88,0,28,28,116
02/25/2014,BQN,PR,ASO,ES,Federal Contract Tower,26,14,4,2,46,0,0,37,32,69,26,14,41,34,115,10,120,130,245
02/26/2014,BQN,PR,ASO,ES,Federal Contract Tower,24,17,0,3,44,0,0,15,27,42,24,17,15,30,86,16,82,98,184
02/27/2014,BQN,PR,ASO,ES,Federal Contract Tower,23,12,5,1,41,0,0,28,22,50,23,12,33,23,91,28,50,78,169
02/28/2014,BQN,PR,ASO,ES,Federal Contract Tower,33,17,9,1,60,0,1,34,11,46,33,18,43,12,106,14,2,16,122
03/01/2014,BQN,PR,ASO,ES,Federal Contract Tower,12,0,2,1,15,0,0,26,14,40,12,0,28,15,55,6,27,33,88
03/02/2014,BQN,PR,ASO,ES,Federal Contract Tower,15,0,4,0,19,0,0,22,6,28,15,0,26,6,47,6,8,14,61
03/03/2014,BQN,PR,ASO,ES,Federal Contract Tower,20,2,11,0,33,0,0,24,3,27,20,2,35,3,60,0,18,18,78
03/04/2014,BQN,PR,ASO,ES,Federal Contract Tower,20,13,6,0,39,0,0,40,18,58,20,13,46,18,97,20,28,48,145
03/05/2014,BQN,PR,ASO,ES,Federal Contract Tower,18,20,0,2,40,0,0,41,20,61,18,20,41,22,101,4,18,22,123
03/06/2014,BQN,PR,ASO,ES,Federal Contract Tower,19,16,3,1,39,0,0,15,9,24,19,16,18,10,63,20,34,54,117
03/07/2014,BQN,PR,ASO,ES,Federal Contract Tower,22,19,2,2,45,0,0,20,5,25,22,19,22,7,70,48,4,52,122
03/08/2014,BQN,PR,ASO,ES,Federal Contract Tower,13,0,4,2,19,0,0,24,10,34,13,0,28,12,53,4,8,12,65
03/09/2014,BQN,PR,ASO,ES,Federal Contract Tower,14,0,4,2,20,0,0,14,10,24,14,0,18,12,44,0,18,18,62
03/10/2014,BQN,PR,ASO,ES,Federal Contract Tower,17,11,11,0,39,0,0,21,9,30,17,11,32,9,69,0,86,86,155
03/11/2014,BQN,PR,ASO,ES,Federal Contract Tower,21,18,6,1,46,0,0,27,30,57,21,18,33,31,103,22,74,96,199
03/12/2014,BQN,PR,ASO,ES,Federal Contract Tower,21,17,1,4,43,0,1,18,14,33,21,18,19,18,76,38,114,152,228
03/13/2014,BQN,PR,ASO,ES,Federal Contract Tower,23,16,4,4,47,0,0,37,15,52,23,16,41,19,99,38,52,90,189
03/14/2014,BQN,PR,ASO,ES,Federal Contract Tower,24,16,6,0,46,0,0,16,5,21,24,16,22,5,67,18,0,18,85
03/15/2014,BQN,PR,ASO,ES,Federal Contract Tower,11,0,4,0,15,0,0,22,5,27,11,0,26,5,42,16,10,26,68
03/16/2014,BQN,PR,ASO,ES,Federal Contract Tower,9,2,7,0,18,0,0,17,7,24,9,2,24,7,42,2,0,2,44
03/17/2014,BQN,PR,ASO,ES,Federal Contract Tower,10,14,5,0,29,0,0,8,5,13,10,14,13,5,42,6,6,12,54
03/18/2014,BQN,PR,ASO,ES,Federal Contract Tower,18,19,0,0,37,0,0,19,19,38,18,19,19,19,75,2,64,66,141
03/19/2014,BQN,PR,ASO,ES,Federal Contract Tower,12,18,3,0,33,0,0,30,12,42,12,18,33,12,75,46,44,90,165
03/20/2014,BQN,PR,ASO,ES,Federal Contract Tower,12,18,5,5,40,0,0,23,32,55,12,18,28,37,95,14,102,116,211
03/21/2014,BQN,PR,ASO,ES,Federal Contract Tower,7,15,10,0,32,0,0,35,16,51,7,15,45,16,83,18,14,32,115
03/22/2014,BQN,PR,ASO,ES,Federal Contract Tower,18,0,3,0,21,0,0,38,13,51,18,0,41,13,72,12,0,12,84
03/23/2014,BQN,PR,ASO,ES,Federal Contract Tower,13,0,2,0,15,0,0,11,8,19,13,0,13,8,34,4,2,6,40
03/24/2014,BQN,PR,ASO,ES,Federal Contract Tower,5,16,2,3,26,0,0,21,5,26,5,16,23,8,52,10,2,12,64
03/25/2014,BQN,PR,ASO,ES,Federal Contract Tower,12,18,9,0,39,0,0,17,8,25,12,18,26,8,64,0,28,28,92
03/26/2014,BQN,PR,ASO,ES,Federal Contract Tower,19,19,4,1,43,4,0,18,10,32,23,19,22,11,75,0,46,46,121
03/27/2014,BQN,PR,ASO,ES,Federal Contract Tower,12,17,4,0,33,0,0,25,8,33,12,17,29,8,66,8,28,36,102
03/28/2014,BQN,PR,ASO,ES,Federal Contract Tower,14,18,6,0,38,0,0,35,16,51,14,18,41,16,89,0,4,4,93
03/29/2014,BQN,PR,ASO,ES,Federal Contract Tower,7,0,9,2,18,0,0,31,10,41,7,0,40,12,59,50,8,58,117
03/30/2014,BQN,PR,ASO,ES,Federal Contract Tower,7,0,8,0,15,0,0,16,5,21,7,0,24,5,36,22,42,64,100
03/31/2014,BQN,PR,ASO,ES,Federal Contract Tower,21,16,2,0,39,0,0,32,7,39,21,16,34,7,78,4,36,40,118
04/01/2014,BQN,PR,ASO,ES,Federal Contract Tower,17,15,9,0,41,0,1,36,10,47,17,16,45,10,88,32,26,58,146
04/02/2014,BQN,PR,ASO,ES,Federal Contract Tower,12,17,2,3,34,0,0,33,18,51,12,17,35,21,85,10,64,74,159
04/03/2014,BQN,PR,ASO,ES,Federal Contract Tower,9,17,9,3,38,0,0,29,9,38,9,17,38,12,76,10,6,16,92
04/04/2014,BQN,PR,ASO,ES,Federal Contract Tower,174,16,3,4,197,0,0,35,12,47,174,16,38,16,244,54,22,76,320
04/05/2014,BQN,PR,ASO,ES,Federal Contract Tower,5,0,0,5,10,0,0,21,12,33,5,0,21,17,43,18,90,108,151
04/06/2014,BQN,PR,ASO,ES,Federal Contract Tower,9,0,5,2,16,0,0,8,7,15,9,0,13,9,31,6,42,48,79
04/07/2014,BQN,PR,ASO,ES,Federal Contract Tower,10,16,2,2,30,0,0,10,5,15,10,16,12,7,45,4,16,20,65
04/08/2014,BQN,PR,ASO,ES,Federal Contract Tower,14,18,4,3,39,0,0,40,14,54,14,18,44,17,93,38,26,64,157
04/09/2014,BQN,PR,ASO,ES,Federal Contract Tower,19,18,0,0,37,0,0,24,7,31,19,18,24,7,68,0,22,22,90
04/10/2014,BQN,PR,ASO,ES,Federal Contract Tower,17,18,5,0,40,0,0,28,14,42,17,18,33,14,82,26,78,104,186
04/11/2014,BQN,PR,ASO,ES,Federal Contract Tower,14,16,2,3,35,0,0,24,4,28,14,16,26,7,63,22,10,32,95
04/12/2014,BQN,PR,ASO,ES,Federal Contract Tower,13,0,4,0,17,0,0,27,9,36,13,0,31,9,53,16,42,58,111
04/13/2014,BQN,PR,ASO,ES,Federal Contract Tower,10,0,4,0,14,0,0,11,9,20,10,0,15,9,34,4,6,10,44
04/14/2014,BQN,PR,ASO,ES,Federal Contract Tower,10,16,6,4,36,0,0,12,9,21,10,16,18,13,57,0,60,60,117
04/15/2014,BQN,PR,ASO,ES,Federal Contract Tower,16,16,2,0,34,0,0,24,10,34,16,16,26,10,68,30,22,52,120
04/16/2014,BQN,PR,ASO,ES,Federal Contract Tower,12,17,8,0,37,0,0,25,9,34,12,17,33,9,71,18,8,26,97
04/17/2014,BQN,PR,ASO,ES,Federal Contract Tower,16,11,7,0,34,0,0,18,22,40,16,11,25,22,74,2,40,42,116
04/18/2014,BQN,PR,ASO,ES,Federal Contract Tower,7,0,0,0,7,0,0,5,6,11,7,0,5,6,18,0,0,0,18
04/19/2014,BQN,PR,ASO,ES,Federal Contract Tower,9,0,2,2,13,0,0,14,9,23,9,0,16,11,36,16,0,16,52
04/20/2014,BQN,PR,ASO,ES,Federal Contract Tower,9,0,10,0,19,0,0,15,3,18,9,0,25,3,37,0,0,0,37
04/21/2014,BQN,PR,ASO,ES,Federal Contract Tower,7,16,7,0,30,0,0,24,11,35,7,16,31,11,65,10,0,10,75
04/22/2014,BQN,PR,ASO,ES,Federal Contract Tower,17,13,3,1,34,0,0,33,25,58,17,13,36,26,92,20,16,36,128
04/23/2014,BQN,PR,ASO,ES,Federal Contract Tower,17,10,1,1,29,0,0,24,12,36,17,10,25,13,65,8,24,32,97
04/24/2014,BQN,PR,ASO,ES,Federal Contract Tower,17,11,2,1,31,0,0,30,20,50,17,11,32,21,81,42,14,56,137
04/25/2014,BQN,PR,ASO,ES,Federal Contract Tower,20,22,5,1,48,0,0,18,16,34,20,22,23,17,82,0,0,0,82
04/26/2014,BQN,PR,ASO,ES,Federal Contract Tower,6,0,8,0,14,0,0,25,15,40,6,0,33,15,54,16,14,30,84
04/27/2014,BQN,PR,ASO,ES,Federal Contract Tower,14,0,6,1,21,0,0,68,11,79,14,0,74,12,100,0,0,0,100
04/28/2014,BQN,PR,ASO,ES,Federal Contract Tower,14,21,0,37,72,0,0,12,16,28,14,21,12,53,100,8,20,28,128
04/29/2014,BQN,PR,ASO,ES,Federal Contract Tower,18,15,2,0,35,0,0,27,15,42,18,15,29,15,77,14,24,38,115
04/30/2014,BQN,PR,ASO,ES,Federal Contract Tower,27,8,1,1,37,0,0,19,10,29,27,8,20,11,66,14,0,14,80
05/01/2014,BQN,PR,ASO,ES,Federal Contract Tower,20,12,0,2,34,0,0,35,17,52,20,12,35,19,86,14,24,38,124
05/02/2014,BQN,PR,ASO,ES,Federal Contract Tower,19,15,5,2,41,0,3,21,11,35,19,18,26,13,76,2,0,2,78
05/03/2014,BQN,PR,ASO,ES,Federal Contract Tower,18,0,5,2,25,0,0,22,13,35,18,0,27,15,60,30,0,30,90
05/04/2014,BQN,PR,ASO,ES,Federal Contract Tower,13,0,1,2,16,0,0,18,2,20,13,0,19,4,36,0,0,0,36
05/05/2014,BQN,PR,ASO,ES,Federal Contract Tower,7,12,2,2,23,0,0,15,6,21,7,12,17,8,44,0,24,24,68
05/06/2014,BQN,PR,ASO,ES,Federal Contract Tower,17,17,5,0,39,0,0,32,6,38,17,17,37,6,77,15,10,25,102
05/07/2014,BQN,PR,ASO,ES,Federal Contract Tower,17,12,3,0,32,0,0,37,8,45,17,12,40,8,77,20,6,26,103
05/08/2014,BQN,PR,ASO,ES,Federal Contract Tower,22,16,5,1,44,0,0,28,5,33,22,16,33,6,77,22,2,24,101
05/09/2014,BQN,PR,ASO,ES,Federal Contract Tower,16,15,6,3,40,0,0,24,10,34,16,15,30,13,74,4,6,10,84
05/10/2014,BQN,PR,ASO,ES,Federal Contract Tower,6,0,4,0,10,0,0,0,7,7,6,0,4,7,17,0,28,28,45
05/11/2014,BQN,PR,ASO,ES,Federal Contract Tower,12,0,0,0,12,0,0,4,3,7,12,0,4,3,19,6,14,20,39
05/12/2014,BQN,PR,ASO,ES,Federal Contract Tower,8,15,1,1,25,0,0,9,4,13,8,15,10,5,38,8,4,12,50
05/13/2014,BQN,PR,ASO,ES,Federal Contract Tower,18,18,1,0,37,0,0,27,18,45,18,18,28,18,82,12,44,56,138
05/14/2014,BQN,PR,ASO,ES,Federal Contract Tower,13,16,0,4,33,0,0,23,8,31,13,16,23,12,64,22,6,28,92
05/15/2014,BQN,PR,ASO,ES,Federal Contract Tower,13,16,5,4,38,0,0,26,13,39,13,16,31,17,77,20,22,42,119
05/16/2014,BQN,PR,ASO,ES,Federal Contract Tower,16,17,0,0,33,0,0,27,8,35,16,17,27,8,68,8,4,12,80
05/17/2014,BQN,PR,ASO,ES,Federal Contract Tower,18,0,0,1,19,0,0,16,7,23,18,0,16,8,42,12,0,12,54
05/18/2014,BQN,PR,ASO,ES,Federal Contract Tower,12,0,1,0,13,0,0,10,7,17,12,0,11,7,30,4,40,44,74
05/19/2014,BQN,PR,ASO,ES,Federal Contract Tower,13,15,1,1,30,0,0,19,8,27,13,15,20,9,57,0,18,18,75
05/20/2014,BQN,PR,ASO,ES,Federal Contract Tower,18,18,1,0,37,0,0,37,13,50,18,18,38,13,87,0,34,34,121
05/21/2014,BQN,PR,ASO,ES,Federal Contract Tower,16,16,2,0,34,0,0,20,19,39,16,16,22,19,73,16,38,54,127
05/22/2014,BQN,PR,ASO,ES,Federal Contract Tower,17,18,4,2,41,0,0,24,5,29,17,18,28,7,70,12,16,28,98
05/23/2014,BQN,PR,ASO,ES,Federal Contract Tower,14,21,0,0,35,0,0,22,23,45,14,21,22,23,80,20,70,90,170
05/24/2014,BQN,PR,ASO,ES,Federal Contract Tower,22,0,3,0,25,0,0,13,11,24,22,0,16,11,49,2,24,26,75
05/25/2014,BQN,PR,ASO,ES,Federal Contract Tower,12,1,5,1,19,0,0,11,7,18,12,1,16,8,37,0,0,0,37
05/26/2014,BQN,PR,ASO,ES,Federal Contract Tower,5,0,2,0,7,0,0,6,2,8,5,0,8,2,15,0,0,0,15
05/27/2014,BQN,PR,ASO,ES,Federal Contract Tower,17,16,2,2,37,0,0,18,11,29,17,16,20,13,66,0,4,4,70
05/28/2014,BQN,PR,ASO,ES,Federal Contract Tower,14,8,1,1,24,0,0,22,5,27,14,8,23,6,51,10,4,14,65
05/29/2014,BQN,PR,ASO,ES,Federal Contract Tower,23,17,5,1,46,0,0,41,32,73,23,17,46,33,119,42,32,74,193
05/30/2014,BQN,PR,ASO,ES,Federal Contract Tower,18,22,2,1,43,0,1,15,7,23,18,23,17,8,66,20,0,20,86
05/31/2014,BQN,PR,ASO,ES,Federal Contract Tower,15,0,6,1,22,0,0,18,11,29,15,0,24,12,51,16,0,16,67
06/01/2014,BQN,PR,ASO,ES,Federal Contract Tower,13,0,5,0,18,0,0,12,5,17,13,0,17,5,35,2,0,2,37
06/02/2014,BQN,PR,ASO,ES,Federal Contract Tower,18,18,3,1,40,0,0,24,16,40,18,18,27,17,80,6,6,12,92
06/03/2014,BQN,PR,ASO,ES,Federal Contract Tower,20,20,3,4,47,0,0,27,10,37,20,20,30,14,84,12,10,22,106
06/04/2014,BQN,PR,ASO,ES,Federal Contract Tower,14,33,6,2,55,0,0,38,40,78,14,33,44,42,133,26,36,62,195
06/05/2014,BQN,PR,ASO,ES,Federal Contract Tower,24,18,7,2,51,0,0,55,29,84,24,18,62,31,135,22,44,66,201
06/06/2014,BQN,PR,ASO,ES,Federal Contract Tower,15,20,3,3,41,0,0,17,4,21,15,20,20,7,62,10,0,10,72
06/07/2014,BQN,PR,ASO,ES,Federal Contract Tower,20,0,4,3,27,0,0,46,16,62,20,0,50,19,89,64,40,104,193
06/08/2014,BQN,PR,ASO,ES,Federal Contract Tower,12,2,6,0,20,0,0,17,4,21,12,2,23,4,41,6,0,6,47
06/09/2014,BQN,PR,ASO,ES,Federal Contract Tower,11,16,2,3,32,0,0,20,11,31,11,16,22,14,63,16,52,68,131
06/10/2014,BQN,PR,ASO,ES,Federal Contract Tower,21,17,4,0,42,0,0,32,21,53,21,17,36,21,95,32,52,84,179
06/11/2014,BQN,PR,ASO,ES,Federal Contract Tower,14,14,2,2,32,0,0,32,14,46,14,14,34,16,78,6,12,18,96
06/12/2014,BQN,PR,ASO,ES,Federal Contract Tower,24,18,6,0,48,0,0,38,9,47,24,18,44,9,95,22,10,32,127
06/13/2014,BQN,PR,ASO,ES,Federal Contract Tower,17,17,3,1,38,0,0,29,12,41,17,17,32,13,79,10,0,10,89
06/14/2014,BQN,PR,ASO,ES,Federal Contract Tower,17,0,6,1,24,0,0,39,15,54,17,0,45,16,78,38,18,56,134
06/15/2014,BQN,PR,ASO,ES,Federal Contract Tower,16,1,3,0,20,0,0,20,4,24,16,1,23,4,44,2,0,2,46
06/16/2014,BQN,PR,ASO,ES,Federal Contract Tower,8,19,2,2,31,0,1,28,6,35,8,20,30,8,66,12,4,16,82
06/17/2014,BQN,PR,ASO,ES,Federal Contract Tower,20,17,0,1,38,0,0,66,48,114,20,17,66,49,152,68,42,110,262
06/18/2014,BQN,PR,ASO,ES,Federal Contract Tower,16,18,4,3,41,0,0,30,22,52,16,18,34,25,93,30,38,68,161
06/19/2014,BQN,PR,ASO,ES,Federal Contract Tower,23,15,2,1,41,0,0,56,19,75,23,15,58,20,116,16,6,22,138
06/20/2014,BQN,PR,ASO,ES,Federal Contract Tower,13,21,6,1,41,0,0,35,17,52,13,21,41,18,93,18,8,26,119
06/21/2014,BQN,PR,ASO,ES,Federal Contract Tower,9,1,3,3,16,0,0,20,14,34,9,1,23,17,50,30,8,38,88
06/22/2014,BQN,PR,ASO,ES,Federal Contract Tower,17,3,7,0,27,0,0,29,13,42,17,3,36,13,69,8,0,8,77
06/23/2014,BQN,PR,ASO,ES,Federal Contract Tower,11,20,5,0,36,0,0,32,13,45,11,20,37,13,81,12,6,18,99
06/24/2014,BQN,PR,ASO,ES,Federal Contract Tower,18,16,2,0,36,0,1,35,18,54,18,17,37,18,90,6,42,48,138
06/25/2014,BQN,PR,ASO,ES,Federal Contract Tower,14,17,1,2,34,0,0,41,13,54,14,17,42,15,88,30,36,66,154
06/26/2014,BQN,PR,ASO,ES,Federal Contract Tower,18,18,4,1,41,0,0,33,25,58,18,18,37,26,99,18,22,40,139
06/27/2014,BQN,PR,ASO,ES,Federal Contract Tower,15,23,8,1,47,0,0,34,10,44,15,23,42,11,91,4,0,4,95
06/28/2014,BQN,PR,ASO,ES,Federal Contract Tower,15,2,1,1,19,0,0,22,14,36,15,2,23,15,55,4,0,4,59
06/29/2014,BQN,PR,ASO,ES,Federal Contract Tower,14,3,6,0,23,0,0,13,2,15,14,3,19,2,38,16,0,16,54
06/30/2014,BQN,PR,ASO,ES,Federal Contract Tower,9,21,6,4,40,0,0,31,10,41,9,21,37,14,81,12,32,44,125
07/01/2014,BQN,PR,ASO,ES,Federal Contract Tower,19,17,4,2,42,0,0,30,12,42,19,17,34,14,84,24,44,68,152
07/02/2014,BQN,PR,ASO,ES,Federal Contract Tower,17,17,4,0,38,0,0,34,6,40,17,17,38,6,78,10,8,18,96
07/03/2014,BQN,PR,ASO,ES,Federal Contract Tower,13,11,13,0,37,0,0,37,6,43,13,11,50,6,80,20,4,24,104
07/04/2014,BQN,PR,ASO,ES,Federal Contract Tower,11,11,5,0,27,0,0,26,3,29,11,11,31,3,56,8,0,8,64
07/05/2014,BQN,PR,ASO,ES,Federal Contract Tower,17,2,4,0,23,0,0,22,3,25,17,2,26,3,48,4,2,6,54
07/06/2014,BQN,PR,ASO,ES,Federal Contract Tower,11,5,7,1,24,0,0,26,4,30,11,5,33,5,54,0,0,0,54
07/07/2014,BQN,PR,ASO,ES,Federal Contract Tower,17,15,0,0,32,0,0,28,8,36,17,15,28,8,68,22,22,44,112
07/08/2014,BQN,PR,ASO,ES,Federal Contract Tower,18,19,6,0,43,0,0,39,17,56,18,19,45,17,99,16,6,22,121
07/09/2014,BQN,PR,ASO,ES,Federal Contract Tower,17,19,0,2,38,0,0,29,15,44,17,19,29,17,82,16,12,28,110
07/10/2014,BQN,PR,ASO,ES,Federal Contract Tower,19,18,5,3,45,0,0,27,12,39,19,18,32,15,84,32,26,58,142
07/11/2014,BQN,PR,ASO,ES,Federal Contract Tower,16,20,1,0,37,0,0,25,16,41,16,20,26,16,78,18,10,28,106
07/12/2014,BQN,PR,ASO,ES,Federal Contract Tower,15,2,0,4,21,0,0,30,23,53,15,2,30,27,74,0,16,16,90
07/13/2014,BQN,PR,ASO,ES,Federal Contract Tower,10,6,5,3,24,0,0,33,4,37,10,6,38,7,61,2,0,2,63
07/14/2014,BQN,PR,ASO,ES,Federal Contract Tower,12,18,0,0,30,0,0,18,8,26,12,18,18,8,56,10,2,12,68
07/15/2014,BQN,PR,ASO,ES,Federal Contract Tower,19,18,1,3,41,0,0,20,10,30,19,18,21,13,71,36,42,78,149
07/16/2014,BQN,PR,ASO,ES,Federal Contract Tower,15,19,2,1,37,0,0,27,2,29,15,19,29,3,66,42,10,52,118
07/17/2014,BQN,PR,ASO,ES,Federal Contract Tower,23,18,1,0,42,0,0,24,24,48,23,18,25,24,90,18,14,32,122
07/18/2014,BQN,PR,ASO,ES,Federal Contract Tower,14,20,1,1,36,0,0,18,14,32,14,20,19,15,68,22,4,26,94
07/19/2014,BQN,PR,ASO,ES,Federal Contract Tower,19,2,4,1,26,0,0,35,7,42,19,2,39,8,68,18,0,18,86
07/20/2014,BQN,PR,ASO,ES,Federal Contract Tower,11,6,0,0,17,0,0,19,0,19,11,6,19,0,36,4,0,4,40
07/21/2014,BQN,PR,ASO,ES,Federal Contract Tower,10,16,0,1,27,0,0,30,14,44,10,16,30,15,71,6,18,24,95
07/22/2014,BQN,PR,ASO,ES,Federal Contract Tower,21,17,3,1,42,0,0,38,15,53,21,17,41,16,95,31,16,47,142
07/23/2014,BQN,PR,ASO,ES,Federal Contract Tower,14,17,1,0,32,0,0,61,18,79,14,17,62,18,111,52,24,76,187
07/24/2014,BQN,PR,ASO,ES,Federal Contract Tower,23,19,2,0,44,0,0,20,15,35,23,19,22,15,79,8,2,10,89
07/25/2014,BQN,PR,ASO,ES,Federal Contract Tower,15,17,2,5,39,0,0,32,7,39,15,17,34,12,78,8,2,10,88
07/26/2014,BQN,PR,ASO,ES,Federal Contract Tower,7,2,2,0,11,0,0,25,13,38,7,2,27,13,49,16,36,52,101
07/27/2014,BQN,PR,ASO,ES,Federal Contract Tower,14,6,1,0,21,0,0,24,8,32,14,6,25,8,53,8,0,8,61
07/28/2014,BQN,PR,ASO,ES,Federal Contract Tower,17,18,4,0,39,0,0,62,10,72,17,18,66,10,111,46,0,46,157
07/29/2014,BQN,PR,ASO,ES,Federal Contract Tower,17,11,4,1,33,0,0,28,21,49,17,11,32,22,82,30,8,38,120
07/30/2014,BQN,PR,ASO,ES,Federal Contract Tower,15,19,2,0,36,0,0,43,17,60,15,19,45,17,96,50,8,58,154
07/31/2014,BQN,PR,ASO,ES,Federal Contract Tower,18,18,0,6,42,0,0,47,15,62,18,18,47,21,104,22,28,50,154
08/01/2014,BQN,PR,ASO,ES,Federal Contract Tower,15,21,4,0,40,0,0,24,15,39,15,21,28,15,79,12,0,12,91
08/02/2014,BQN,PR,ASO,ES,Federal Contract Tower,8,0,1,0,9,0,0,2,0,2,8,0,3,0,11,0,0,0,11
08/03/2014,BQN,PR,ASO,ES,Federal Contract Tower,9,0,8,0,17,0,0,30,4,34,9,0,38,4,51,2,26,28,79
08/04/2014,BQN,PR,ASO,ES,Federal Contract Tower,14,15,2,0,31,0,0,27,20,47,14,15,29,20,78,8,22,30,108
08/05/2014,BQN,PR,ASO,ES,Federal Contract Tower,21,18,5,0,44,0,0,29,26,55,21,18,34,26,99,24,46,70,169
08/06/2014,BQN,PR,ASO,ES,Federal Contract Tower,13,20,4,0,37,0,0,34,9,43,13,20,38,9,80,70,0,70,150
08/07/2014,BQN,PR,ASO,ES,Federal Contract Tower,19,17,2,0,38,0,0,41,13,54,19,17,43,13,92,30,2,32,124
08/08/2014,BQN,PR,ASO,ES,Federal Contract Tower,16,18,4,0,38,0,0,35,15,50,16,18,39,15,88,40,0,40,128
08/09/2014,BQN,PR,ASO,ES,Federal Contract Tower,17,0,5,0,22,0,0,80,11,91,17,0,85,11,113,24,4,28,141
08/10/2014,BQN,PR,ASO,ES,Federal Contract Tower,12,0,3,0,15,0,0,19,10,29,12,0,22,10,44,0,0,0,44
08/11/2014,BQN,PR,ASO,ES,Federal Contract Tower,18,16,0,5,39,0,0,40,11,51,18,16,40,16,90,0,6,6,96
08/12/2014,BQN,PR,ASO,ES,Federal Contract Tower,22,18,5,2,47,0,0,22,12,34,22,18,27,14,81,10,4,14,95
08/13/2014,BQN,PR,ASO,ES,Federal Contract Tower,14,19,2,0,35,2,0,32,15,49,16,19,34,15,84,20,58,78,162
08/14/2014,BQN,PR,ASO,ES,Federal Contract Tower,22,19,6,0,47,0,0,32,11,43,22,19,38,11,90,8,0,8,98
08/15/2014,BQN,PR,ASO,ES,Federal Contract Tower,21,17,4,0,42,0,0,25,14,39,21,17,29,14,81,8,0,8,89
08/16/2014,BQN,PR,ASO,ES,Federal Contract Tower,13,0,4,1,18,0,0,18,9,27,13,0,22,10,45,2,70,72,117
08/17/2014,BQN,PR,ASO,ES,Federal Contract Tower,12,0,3,0,15,0,0,13,5,18,12,0,16,5,33,6,22,28,61
08/18/2014,BQN,PR,ASO,ES,Federal Contract Tower,13,16,1,0,30,0,1,36,6,43,13,17,37,6,73,24,62,86,159
08/19/2014,BQN,PR,ASO,ES,Federal Contract Tower,18,18,1,2,39,0,0,14,9,23,18,18,15,11,62,26,0,26,88
08/20/2014,BQN,PR,ASO,ES,Federal Contract Tower,14,20,1,0,35,0,0,37,10,47,14,20,38,10,82,26,4,30,112
08/21/2014,BQN,PR,ASO,ES,Federal Contract Tower,18,20,7,0,45,0,0,53,17,70,18,20,60,17,115,12,0,12,127
08/22/2014,BQN,PR,ASO,ES,Federal Contract Tower,13,18,2,0,33,0,0,2,8,10,13,18,4,8,43,0,16,16,59
08/23/2014,BQN,PR,ASO,ES,Federal Contract Tower,15,0,2,0,17,0,0,6,8,14,15,0,8,8,31,4,18,22,53
08/24/2014,BQN,PR,ASO,ES,Federal Contract Tower,9,0,3,0,12,0,0,12,8,20,9,0,15,8,32,20,46,66,98
08/25/2014,BQN,PR,ASO,ES,Federal Contract Tower,17,17,0,0,34,0,0,17,24,41,17,17,17,24,75,0,48,48,123
08/26/2014,BQN,PR,ASO,ES,Federal Contract Tower,15,19,1,0,35,0,0,18,4,22,15,19,19,4,57,32,8,40,97
08/27/2014,BQN,PR,ASO,ES,Federal Contract Tower,11,17,0,2,30,0,0,34,6,40,11,17,34,8,70,34,67,101,171
08/28/2014,BQN,PR,ASO,ES,Federal Contract Tower,19,17,3,0,39,0,0,44,17,61,19,17,47,17,100,10,6,16,116
08/29/2014,BQN,PR,ASO,ES,Federal Contract Tower,17,18,2,0,37,0,0,33,6,39,17,18,35,6,76,10,0,10,86
08/30/2014,BQN,PR,ASO,ES,Federal Contract Tower,16,0,1,0,17,0,0,16,12,28,16,0,17,12,45,8,0,8,53
08/31/2014,BQN,PR,ASO,ES,Federal Contract Tower,10,0,2,2,14,0,0,12,2,14,10,0,14,4,28,10,10,20,48
09/01/2014,BQN,PR,ASO,ES,Federal Contract Tower,6,0,0,0,6,0,0,15,3,18,6,0,15,3,24,4,2,6,30
09/02/2014,BQN,PR,ASO,ES,Federal Contract Tower,15,18,1,2,36,0,0,12,15,27,15,18,13,17,63,0,60,60,123
09/03/2014,BQN,PR,ASO,ES,Federal Contract Tower,12,17,1,1,31,0,0,30,11,41,12,17,31,12,72,18,34,52,124
09/04/2014,BQN,PR,ASO,ES,Federal Contract Tower,14,16,4,1,35,0,0,25,3,28,14,16,29,4,63,4,2,6,69
09/05/2014,BQN,PR,ASO,ES,Federal Contract Tower,18,19,3,3,43,0,0,21,12,33,18,19,24,15,76,22,28,50,126
09/06/2014,BQN,PR,ASO,ES,Federal Contract Tower,9,0,2,0,11,0,0,17,6,23,9,0,19,6,34,40,38,78,112
09/07/2014,BQN,PR,ASO,ES,Federal Contract Tower,11,0,0,1,12,0,0,8,4,12,11,0,8,5,24,18,40,58,82
09/08/2014,BQN,PR,ASO,ES,Federal Contract Tower,11,16,3,1,31,0,0,15,9,24,11,16,18,10,55,24,74,98,153
09/09/2014,BQN,PR,ASO,ES,Federal Contract Tower,19,19,1,0,39,0,0,14,11,25,19,19,15,11,64,18,2,20,84
09/10/2014,BQN,PR,ASO,ES,Federal Contract Tower,12,19,4,3,38,0,0,33,10,43,12,19,37,13,81,46,72,118,199
09/11/2014,BQN,PR,ASO,ES,Federal Contract Tower,16,23,0,0,39,0,0,20,13,33,16,23,20,13,72,14,2,16,88
09/12/2014,BQN,PR,ASO,ES,Federal Contract Tower,17,18,9,0,44,0,0,30,13,43,17,18,39,13,87,6,4,10,97
09/13/2014,BQN,PR,ASO,ES,Federal Contract Tower,11,0,2,1,14,0,0,20,6,26,11,0,22,7,40,16,2,18,58
09/14/2014,BQN,PR,ASO,ES,Federal Contract Tower,11,0,7,1,19,0,0,11,2,13,11,0,18,3,32,0,0,0,32
09/15/2014,BQN,PR,ASO,ES,Federal Contract Tower,9,16,2,2,29,0,0,28,9,37,9,16,30,11,66,14,20,34,100
09/16/2014,BQN,PR,ASO,ES,Federal Contract Tower,22,16,1,2,41,0,0,23,11,34,22,16,24,13,75,28,44,72,147
09/17/2014,BQN,PR,ASO,ES,Federal Contract Tower,10,17,2,2,31,1,0,25,32,58,11,17,27,34,89,13,13,26,115
09/18/2014,BQN,PR,ASO,ES,Federal Contract Tower,15,22,3,3,43,0,0,21,18,39,15,22,24,21,82,12,10,22,104
09/19/2014,BQN,PR,ASO,ES,Federal Contract Tower,17,20,0,0,37,0,0,22,8,30,17,20,22,8,67,26,8,34,101
09/20/2014,BQN,PR,ASO,ES,Federal Contract Tower,15,0,0,0,15,0,0,13,11,24,15,0,13,11,39,18,14,32,71
09/21/2014,BQN,PR,ASO,ES,Federal Contract Tower,7,0,0,3,10,0,0,19,20,39,7,0,19,23,49,48,32,80,129
09/22/2014,BQN,PR,ASO,ES,Federal Contract Tower,12,18,0,3,33,0,0,12,17,29,12,18,12,20,62,4,46,50,112
09/23/2014,BQN,PR,ASO,ES,Federal Contract Tower,13,19,2,0,34,0,0,25,18,43,13,19,27,18,77,18,24,42,119
09/24/2014,BQN,PR,ASO,ES,Federal Contract Tower,11,16,2,2,31,0,0,20,5,25,11,16,22,7,56,10,48,58,114
09/25/2014,BQN,PR,ASO,ES,Federal Contract Tower,18,21,2,1,42,0,0,19,16,35,18,21,21,17,77,4,6,10,87
09/26/2014,BQN,PR,ASO,ES,Federal Contract Tower,21,19,0,0,40,0,0,25,15,40,21,19,25,15,80,8,28,36,116
09/27/2014,BQN,PR,ASO,ES,Federal Contract Tower,12,0,0,1,13,0,0,32,15,47,12,0,32,16,60,2,0,2,62
09/28/2014,BQN,PR,ASO,ES,Federal Contract Tower,5,0,0,0,5,0,0,18,6,24,5,0,18,6,29,70,0,70,99
09/29/2014,BQN,PR,ASO,ES,Federal Contract Tower,9,16,2,0,27,0,0,20,20,40,9,16,22,20,67,4,2,6,73
09/30/2014,BQN,PR,ASO,ES,Federal Contract Tower,17,21,1,1,40,0,0,16,6,22,17,21,17,7,62,10,2,12,74
10/01/2014,BQN,PR,ASO,ES,Federal Contract Tower,8,20,5,1,34,0,0,28,6,34,8,20,33,7,68,15,5,20,88
10/02/2014,BQN,PR,ASO,ES,Federal Contract Tower,16,19,0,0,35,0,0,35,26,61,16,19,35,26,96,14,6,20,116
10/03/2014,BQN,PR,ASO,ES,Federal Contract Tower,19,19,3,0,41,0,0,23,10,33,19,19,26,10,74,12,0,12,86
10/04/2014,BQN,PR,ASO,ES,Federal Contract Tower,15,0,0,0,15,0,0,33,10,43,15,0,33,10,58,6,0,6,64
10/05/2014,BQN,PR,ASO,ES,Federal Contract Tower,16,0,5,0,21,0,0,12,8,20,16,0,17,8,41,10,0,10,51
10/06/2014,BQN,PR,ASO,ES,Federal Contract Tower,13,11,6,0,30,0,0,14,10,24,13,11,20,10,54,6,36,42,96
10/07/2014,BQN,PR,ASO,ES,Federal Contract Tower,19,19,0,0,38,0,0,26,10,36,19,19,26,10,74,32,22,54,128
10/08/2014,BQN,PR,ASO,ES,Federal Contract Tower,11,18,3,0,32,0,0,19,26,45,11,18,22,26,77,2,58,60,137
10/09/2014,BQN,PR,ASO,ES,Federal Contract Tower,16,17,2,0,35,0,0,24,16,40,16,17,26,16,75,2,50,52,127
10/10/2014,BQN,PR,ASO,ES,Federal Contract Tower,21,10,8,0,39,0,0,42,11,53,21,10,50,11,92,12,32,44,136
10/11/2014,BQN,PR,ASO,ES,Federal Contract Tower,11,0,8,0,19,0,0,27,8,35,11,0,35,8,54,16,14,30,84
10/12/2014,BQN,PR,ASO,ES,Federal Contract Tower,15,0,10,0,25,0,0,34,8,42,15,0,44,8,67,2,18,20,87
10/13/2014,BQN,PR,ASO,ES,Federal Contract Tower,7,19,0,2,28,0,0,19,8,27,7,19,19,10,55,0,8,8,63
10/14/2014,BQN,PR,ASO,ES,Federal Contract Tower,22,10,1,3,36,0,0,17,12,29,22,10,18,15,65,2,0,2,67
10/15/2014,BQN,PR,ASO,ES,Federal Contract Tower,8,17,1,1,27,0,0,12,8,20,8,17,13,9,47,0,22,22,69
10/16/2014,BQN,PR,ASO,ES,Federal Contract Tower,12,18,0,0,30,0,0,24,19,43,12,18,24,19,73,24,58,82,155
10/17/2014,BQN,PR,ASO,ES,Federal Contract Tower,21,17,4,0,42,0,0,37,18,55,21,17,41,18,97,64,46,110,207
10/18/2014,BQN,PR,ASO,ES,Federal Contract Tower,11,0,0,0,11,0,0,34,22,56,11,0,34,22,67,84,4,88,155
10/19/2014,BQN,PR,ASO,ES,Federal Contract Tower,11,0,2,0,13,0,0,18,11,29,11,0,20,11,42,12,0,12,54
10/20/2014,BQN,PR,ASO,ES,Federal Contract Tower,18,18,6,0,42,0,0,23,4,27,18,18,29,4,69,4,46,50,119
10/21/2014,BQN,PR,ASO,ES,Federal Contract Tower,18,18,3,0,39,0,0,21,21,42,18,18,24,21,81,6,56,62,143
10/22/2014,BQN,PR,ASO,ES,Federal Contract Tower,10,22,3,0,35,0,0,41,14,55,10,22,44,14,90,38,28,66,156
10/23/2014,BQN,PR,ASO,ES,Federal Contract Tower,13,21,3,0,37,0,0,36,0,36,13,21,39,0,73,14,22,36,109
10/24/2014,BQN,PR,ASO,ES,Federal Contract Tower,19,18,5,2,44,0,2,46,12,60,19,20,51,14,104,12,66,78,182
10/25/2014,BQN,PR,ASO,ES,Federal Contract Tower,14,0,1,2,17,1,0,37,10,48,15,0,38,12,65,58,0,58,123
10/26/2014,BQN,PR,ASO,ES,Federal Contract Tower,9,0,4,0,13,0,0,20,6,26,9,0,24,6,39,34,0,34,73
10/27/2014,BQN,PR,ASO,ES,Federal Contract Tower,4,16,0,0,20,0,0,14,10,24,4,16,14,10,44,10,28,38,82
10/28/2014,BQN,PR,ASO,ES,Federal Contract Tower,15,18,5,2,40,0,0,42,15,57,15,18,47,17,97,18,22,40,137
10/29/2014,BQN,PR,ASO,ES,Federal Contract Tower,11,20,1,4,36,0,0,34,25,59,11,20,35,29,95,68,112,180,275
10/30/2014,BQN,PR,ASO,ES,Federal Contract Tower,13,21,1,0,35,0,0,32,24,56,13,21,33,24,91,22,72,94,185
10/31/2014,BQN,PR,ASO,ES,Federal Contract Tower,19,19,7,0,45,0,0,35,13,48,19,19,42,13,93,32,6,38,131
11/01/2014,BQN,PR,ASO,ES,Federal Contract Tower,9,0,0,0,9,0,0,18,4,22,9,0,18,4,31,26,4,30,61
11/02/2014,BQN,PR,ASO,ES,Federal Contract Tower,8,0,2,0,10,0,0,31,5,36,8,0,33,5,46,52,2,54,100
11/03/2014,BQN,PR,ASO,ES,Federal Contract Tower,7,16,4,0,27,0,0,28,16,44,7,16,32,16,71,24,64,88,159
11/04/2014,BQN,PR,ASO,ES,Federal Contract Tower,15,18,2,0,35,0,0,3,7,10,15,18,5,7,45,0,4,4,49
11/05/2014,BQN,PR,ASO,ES,Federal Contract Tower,6,21,2,2,31,0,0,40,16,56,6,21,42,18,87,34,44,78,165
11/06/2014,BQN,PR,ASO,ES,Federal Contract Tower,15,20,2,0,37,0,0,30,12,42,15,20,32,12,79,32,52,84,163
11/07/2014,BQN,PR,ASO,ES,Federal Contract Tower,17,18,2,3,40,0,0,3,6,9,17,18,5,9,49,0,0,0,49
11/08/2014,BQN,PR,ASO,ES,Federal Contract Tower,10,0,2,0,12,0,0,28,6,34,10,0,30,6,46,92,0,92,138
11/09/2014,BQN,PR,ASO,ES,Federal Contract Tower,11,0,0,0,11,0,0,22,6,28,11,0,22,6,39,62,0,62,101
11/10/2014,BQN,PR,ASO,ES,Federal Contract Tower,2,14,4,1,21,0,0,30,7,37,2,14,34,8,58,36,32,68,126
11/11/2014,BQN,PR,ASO,ES,Federal Contract Tower,18,17,5,1,41,0,0,9,7,16,18,17,14,8,57,0,0,0,57
11/12/2014,BQN,PR,ASO,ES,Federal Contract Tower,8,20,4,0,32,0,0,40,2,42,8,20,44,2,74,22,2,24,98
11/13/2014,BQN,PR,ASO,ES,Federal Contract Tower,20,19,4,2,45,0,0,40,4,44,20,19,44,6,89,22,4,26,115
11/14/2014,BQN,PR,ASO,ES,Federal Contract Tower,18,18,3,0,39,0,0,47,14,61,18,18,50,14,100,22,4,26,126
11/15/2014,BQN,PR,ASO,ES,Federal Contract Tower,17,0,6,0,23,0,0,45,7,52,17,0,51,7,75,6,2,8,83
11/16/2014,BQN,PR,ASO,ES,Federal Contract Tower,15,0,1,0,16,0,0,13,6,19,15,0,14,6,35,8,10,18,53
11/17/2014,BQN,PR,ASO,ES,Federal Contract Tower,16,14,2,2,34,0,0,36,23,59,16,14,38,25,93,46,24,70,163
11/18/2014,BQN,PR,ASO,ES,Federal Contract Tower,16,19,4,2,41,0,0,32,19,51,16,19,36,21,92,30,18,48,140
11/19/2014,BQN,PR,ASO,ES,Federal Contract Tower,8,18,4,1,31,1,0,44,9,54,9,18,48,10,85,60,6,66,151
11/20/2014,BQN,PR,ASO,ES,Federal Contract Tower,21,20,3,0,44,0,0,36,17,53,21,20,39,17,97,36,18,54,151
11/21/2014,BQN,PR,ASO,ES,Federal Contract Tower,13,22,2,1,38,0,0,27,20,47,13,22,29,21,85,10,16,26,111
11/22/2014,BQN,PR,ASO,ES,Federal Contract Tower,18,0,0,0,18,0,0,12,8,20,18,0,12,8,38,14,10,24,62
11/23/2014,BQN,PR,ASO,ES,Federal Contract Tower,11,0,3,0,14,0,0,24,6,30,11,0,27,6,44,12,0,12,56
11/24/2014,BQN,PR,ASO,ES,Federal Contract Tower,21,17,4,0,42,0,0,23,19,42,21,17,27,19,84,12,6,18,102
11/25/2014,BQN,PR,ASO,ES,Federal Contract Tower,17,18,2,0,37,0,0,26,17,43,17,18,28,17,80,28,20,48,128
11/26/2014,BQN,PR,ASO,ES,Federal Contract Tower,8,18,3,1,30,0,0,61,13,74,8,18,64,14,104,4,2,6,110
11/27/2014,BQN,PR,ASO,ES,Federal Contract Tower,14,11,2,2,29,0,0,16,13,29,14,11,18,15,58,0,10,10,68
11/28/2014,BQN,PR,ASO,ES,Federal Contract Tower,15,19,3,0,37,0,0,32,9,41,15,19,35,9,78,80,6,86,164
11/29/2014,BQN,PR,ASO,ES,Federal Contract Tower,20,0,4,0,24,0,0,20,13,33,20,0,24,13,57,10,0,10,67
11/30/2014,BQN,PR,ASO,ES,Federal Contract Tower,14,0,1,0,15,0,0,40,8,48,14,0,41,8,63,26,0,26,89
12/01/2014,BQN,PR,ASO,ES,Federal Contract Tower,6,14,2,0,22,0,0,40,14,54,6,14,42,14,76,40,76,116,192
12/02/2014,BQN,PR,ASO,ES,Federal Contract Tower,20,15,3,0,38,0,0,33,16,49,20,15,36,16,87,4,2,6,93
12/03/2014,BQN,PR,ASO,ES,Federal Contract Tower,12,10,4,1,27,0,0,38,26,64,12,10,42,27,91,36,52,88,179
12/04/2014,BQN,PR,ASO,ES,Federal Contract Tower,18,16,9,0,43,0,0,54,26,80,18,16,63,26,123,34,24,58,181
12/05/2014,BQN,PR,ASO,ES,Federal Contract Tower,21,15,3,2,41,0,0,28,7,35,21,15,31,9,76,8,24,32,108
12/06/2014,BQN,PR,ASO,ES,Federal Contract Tower,16,0,2,3,21,0,0,19,5,24,16,0,21,8,45,62,4,66,111
12/07/2014,BQN,PR,ASO,ES,Federal Contract Tower,19,0,7,3,29,0,0,25,6,31,19,0,32,9,60,14,32,46,106
12/08/2014,BQN,PR,ASO,ES,Federal Contract Tower,7,14,1,0,22,0,0,58,8,66,7,14,59,8,88,60,0,60,148
12/09/2014,BQN,PR,ASO,ES,Federal Contract Tower,18,18,7,0,43,0,0,37,17,54,18,18,44,17,97,26,24,50,147
12/10/2014,BQN,PR,ASO,ES,Federal Contract Tower,11,18,12,2,43,0,0,35,16,51,11,18,47,18,94,4,68,72,166
12/11/2014,BQN,PR,ASO,ES,Federal Contract Tower,25,20,3,0,48,0,0,29,26,55,25,20,32,26,103,16,50,66,169
12/12/2014,BQN,PR,ASO,ES,Federal Contract Tower,18,24,8,0,50,0,0,51,8,59,18,24,59,8,109,36,14,50,159
12/13/2014,BQN,PR,ASO,ES,Federal Contract Tower,19,4,6,0,29,0,0,51,4,55,19,4,57,4,84,88,6,94,178
12/14/2014,BQN,PR,ASO,ES,Federal Contract Tower,13,1,2,4,20,0,0,20,11,31,13,1,22,15,51,20,22,42,93
12/15/2014,BQN,PR,ASO,ES,Federal Contract Tower,7,16,4,0,27,0,0,26,12,38,7,16,30,12,65,12,28,40,105
12/16/2014,BQN,PR,ASO,ES,Federal Contract Tower,20,20,4,3,47,0,0,16,20,36,20,20,20,23,83,0,6,6,89
12/17/2014,BQN,PR,ASO,ES,Federal Contract Tower,13,19,3,3,38,0,0,55,18,73,13,19,58,21,111,16,30,46,157
12/18/2014,BQN,PR,ASO,ES,Federal Contract Tower,17,19,2,0,38,0,0,46,9,55,17,19,48,9,93,54,6,60,153
12/19/2014,BQN,PR,ASO,ES,Federal Contract Tower,18,19,2,0,39,0,0,30,8,38,18,19,32,8,77,8,8,16,93
12/20/2014,BQN,PR,ASO,ES,Federal Contract Tower,23,0,6,0,29,0,0,43,16,59,23,0,49,16,88,72,22,94,182
12/21/2014,BQN,PR,ASO,ES,Federal Contract Tower,11,0,0,0,11,0,0,15,9,24,11,0,15,9,35,14,10,24,59
12/22/2014,BQN,PR,ASO,ES,Federal Contract Tower,14,16,6,0,36,0,0,27,7,34,14,16,33,7,70,4,8,12,82
12/23/2014,BQN,PR,ASO,ES,Federal Contract Tower,16,20,4,0,40,0,0,24,10,34,16,20,28,10,74,10,0,10,84
12/24/2014,BQN,PR,ASO,ES,Federal Contract Tower,15,12,0,0,27,0,0,28,10,38,15,12,28,10,65,10,22,32,97
12/25/2014,BQN,PR,ASO,ES,Federal Contract Tower,7,0,0,0,7,0,0,10,3,13,7,0,10,3,20,4,0,4,24
12/26/2014,BQN,PR,ASO,ES,Federal Contract Tower,11,9,0,0,20,0,0,31,5,36,11,9,31,5,56,46,0,46,102
12/27/2014,BQN,PR,ASO,ES,Federal Contract Tower,13,1,4,0,18,0,0,14,12,26,13,1,18,12,44,36,2,38,82
12/28/2014,BQN,PR,ASO,ES,Federal Contract Tower,5,0,0,0,5,0,0,12,9,21,5,0,12,9,26,2,26,28,54
12/29/2014,BQN,PR,ASO,ES,Federal Contract Tower,6,19,3,0,28,0,0,27,10,37,6,19,30,10,65,18,14,32,97
12/30/2014,BQN,PR,ASO,ES,Federal Contract Tower,11,20,3,0,34,0,0,33,5,38,11,20,36,5,72,18,6,24,96
12/31/2014,BQN,PR,ASO,ES,Federal Contract Tower,5,4,2,0,11,0,0,23,4,27,5,4,25,4,38,0,0,0,38
01/01/2015,BQN,PR,ASO,ES,Federal Contract Tower,5,0,3,0,8,0,0,14,9,23,5,0,17,9,31,0,0,0,31
01/02/2015,BQN,PR,ASO,ES,Federal Contract Tower,10,20,11,0,41,0,0,20,2,22,10,20,31,2,63,72,0,72,135
01/03/2015,BQN,PR,ASO,ES,Federal Contract Tower,7,2,15,0,24,0,0,15,5,20,7,2,30,5,44,20,2,22,66
01/04/2015,BQN,PR,ASO,ES,Federal Contract Tower,14,0,13,2,29,0,0,18,5,23,14,0,31,7,52,0,30,30,82
01/05/2015,BQN,PR,ASO,ES,Federal Contract Tower,4,10,2,1,17,0,0,19,2,21,4,10,21,3,38,2,14,16,54
01/06/2015,BQN,PR,ASO,ES,Federal Contract Tower,8,14,7,0,29,0,0,24,13,37,8,14,31,13,66,0,0,0,66
01/07/2015,BQN,PR,ASO,ES,Federal Contract Tower,8,23,3,0,34,0,0,22,10,32,8,23,25,10,66,4,0,4,70
01/08/2015,BQN,PR,ASO,ES,Federal Contract Tower,17,17,4,0,38,0,0,34,12,46,17,17,38,12,84,17,0,17,101
01/09/2015,BQN,PR,ASO,ES,Federal Contract Tower,13,18,0,0,31,0,0,32,8,40,13,18,32,8,71,12,38,50,121
01/10/2015,BQN,PR,ASO,ES,Federal Contract Tower,14,0,2,0,16,0,0,16,12,28,14,0,18,12,44,18,58,76,120
01/11/2015,BQN,PR,ASO,ES,Federal Contract Tower,11,0,5,0,16,0,0,14,5,19,11,0,19,5,35,6,46,52,87
01/12/2015,BQN,PR,ASO,ES,Federal Contract Tower,4,16,4,0,24,0,0,26,9,35,4,16,30,9,59,16,0,16,75
01/13/2015,BQN,PR,ASO,ES,Federal Contract Tower,10,16,0,2,28,0,0,30,16,46,10,16,30,18,74,20,100,120,194
01/14/2015,BQN,PR,ASO,ES,Federal Contract Tower,8,22,7,0,37,0,0,32,13,45,8,22,39,13,82,5,40,45,127
01/15/2015,BQN,PR,ASO,ES,Federal Contract Tower,13,19,4,0,36,0,0,36,20,56,13,19,40,20,92,60,20,80,172
01/16/2015,BQN,PR,ASO,ES,Federal Contract Tower,14,12,9,0,35,0,0,32,3,35,14,12,41,3,70,2,0,2,72
01/17/2015,BQN,PR,ASO,ES,Federal Contract Tower,12,0,4,0,16,0,0,22,9,31,12,0,26,9,47,84,8,92,139
01/18/2015,BQN,PR,ASO,ES,Federal Contract Tower,7,0,2,0,9,0,0,22,12,34,7,0,24,12,43,16,22,38,81
01/19/2015,BQN,PR,ASO,ES,Federal Contract Tower,14,16,6,0,36,0,0,31,10,41,14,16,37,10,77,86,4,90,167
01/20/2015,BQN,PR,ASO,ES,Federal Contract Tower,14,19,0,0,33,0,0,37,19,56,14,19,37,19,89,20,32,52,141
01/21/2015,BQN,PR,ASO,ES,Federal Contract Tower,7,19,4,1,31,0,0,46,20,66,7,19,50,21,97,10,44,54,151
01/22/2015,BQN,PR,ASO,ES,Federal Contract Tower,14,20,5,1,40,0,0,37,20,57,14,20,42,21,97,40,14,54,151
01/23/2015,BQN,PR,ASO,ES,Federal Contract Tower,18,19,3,0,40,0,0,28,11,39,18,19,31,11,79,16,36,52,131
01/24/2015,BQN,PR,ASO,ES,Federal Contract Tower,7,0,6,0,13,0,0,37,16,53,7,0,43,16,66,14,40,54,120
01/25/2015,BQN,PR,ASO,ES,Federal Contract Tower,10,0,1,0,11,0,0,15,19,34,10,0,16,19,45,0,32,32,77
01/26/2015,BQN,PR,ASO,ES,Federal Contract Tower,2,14,0,0,16,0,0,24,7,31,2,14,24,7,47,6,32,38,85
01/27/2015,BQN,PR,ASO,ES,Federal Contract Tower,15,16,2,0,33,0,0,26,16,42,15,16,28,16,75,14,4,18,93
01/28/2015,BQN,PR,ASO,ES,Federal Contract Tower,13,16,5,3,37,0,0,32,6,38,13,16,37,9,75,26,16,42,117
01/29/2015,BQN,PR,ASO,ES,Federal Contract Tower,18,15,3,1,37,0,0,15,12,27,18,15,18,13,64,4,4,8,72
01/30/2015,BQN,PR,ASO,ES,Federal Contract Tower,14,24,6,0,44,0,0,41,15,56,14,24,47,15,100,10,60,70,170
01/31/2015,BQN,PR,ASO,ES,Federal Contract Tower,8,0,2,0,10,0,0,22,14,36,8,0,24,14,46,6,60,66,112
02/01/2015,BQN,PR,ASO,ES,Federal Contract Tower,11,0,3,2,16,0,0,17,5,22,11,0,20,7,38,6,22,28,66
02/02/2015,BQN,PR,ASO,ES,Federal Contract Tower,11,17,0,1,29,0,0,29,19,48,11,17,29,20,77,4,18,22,99
02/03/2015,BQN,PR,ASO,ES,Federal Contract Tower,18,18,8,3,47,0,0,43,25,68,18,18,51,28,115,14,10,24,139
02/04/2015,BQN,PR,ASO,ES,Federal Contract Tower,19,18,5,2,44,0,0,43,30,73,19,18,48,32,117,40,52,92,209
02/05/2015,BQN,PR,ASO,ES,Federal Contract Tower,21,16,1,2,40,0,0,23,17,40,21,16,24,19,80,50,22,72,152
02/06/2015,BQN,PR,ASO,ES,Federal Contract Tower,19,15,7,1,42,0,0,37,27,64,19,15,44,28,106,18,100,118,224
02/07/2015,BQN,PR,ASO,ES,Federal Contract Tower,7,0,1,4,12,0,0,21,20,41,7,0,22,24,53,12,66,78,131
02/08/2015,BQN,PR,ASO,ES,Federal Contract Tower,14,0,2,3,19,0,0,21,14,35,14,0,23,17,54,18,21,39,93
02/09/2015,BQN,PR,ASO,ES,Federal Contract Tower,12,16,5,1,34,0,0,29,12,41,12,16,34,13,75,14,26,40,115
02/10/2015,BQN,PR,ASO,ES,Federal Contract Tower,12,20,0,1,33,0,0,32,26,58,12,20,32,27,91,20,28,48,139
02/11/2015,BQN,PR,ASO,ES,Federal Contract Tower,10,17,2,0,29,0,0,53,26,79,10,17,55,26,108,18,28,46,154
02/12/2015,BQN,PR,ASO,ES,Federal Contract Tower,12,18,5,2,37,0,0,40,30,70,12,18,45,32,107,62,56,118,225
02/13/2015,BQN,PR,ASO,ES,Federal Contract Tower,15,21,2,0,38,0,0,29,13,42,15,21,31,13,80,16,0,16,96
02/14/2015,BQN,PR,ASO,ES,Federal Contract Tower,14,0,8,0,22,0,0,14,8,22,14,0,22,8,44,52,20,72,116
02/15/2015,BQN,PR,ASO,ES,Federal Contract Tower,11,0,4,1,16,0,0,12,4,16,11,0,16,5,32,0,0,0,32
02/16/2015,BQN,PR,ASO,ES,Federal Contract Tower,4,11,3,0,18,0,0,31,7,38,4,11,34,7,56,26,0,26,82
02/17/2015,BQN,PR,ASO,ES,Federal Contract Tower,9,12,4,0,25,0,0,20,16,36,9,12,24,16,61,10,41,51,112
02/18/2015,BQN,PR,ASO,ES,Federal Contract Tower,8,21,8,0,37,0,0,24,6,30,8,21,32,6,67,23,98,121,188
02/19/2015,BQN,PR,ASO,ES,Federal Contract Tower,22,15,9,2,48,0,0,23,12,35,22,15,32,14,83,16,6,22,105
02/20/2015,BQN,PR,ASO,ES,Federal Contract Tower,18,23,9,0,50,0,0,15,4,19,18,23,24,4,69,12,46,58,127
02/21/2015,BQN,PR,ASO,ES,Federal Contract Tower,15,1,3,0,19,0,0,20,3,23,15,1,23,3,42,4,24,28,70
02/22/2015,BQN,PR,ASO,ES,Federal Contract Tower,20,0,6,1,27,0,0,16,3,19,20,0,22,4,46,0,14,14,60
02/23/2015,BQN,PR,ASO,ES,Federal Contract Tower,10,16,0,0,26,0,0,10,10,20,10,16,10,10,46,0,30,30,76
02/24/2015,BQN,PR,ASO,ES,Federal Contract Tower,16,20,0,0,36,0,1,13,18,32,16,21,13,18,68,4,12,16,84
02/25/2015,BQN,PR,ASO,ES,Federal Contract Tower,13,16,2,1,32,0,0,26,9,35,13,16,28,10,67,0,0,0,67
02/26/2015,BQN,PR,ASO,ES,Federal Contract Tower,28,18,4,0,50,0,0,39,10,49,28,18,43,10,99,16,0,16,115
02/27/2015,BQN,PR,ASO,ES,Federal Contract Tower,13,16,2,0,31,0,0,24,9,33,13,16,26,9,64,32,60,92,156
02/28/2015,BQN,PR,ASO,ES,Federal Contract Tower,22,15,9,2,48,0,0,23,12,35,22,15,32,14,83,16,6,22,105
03/01/2015,BQN,PR,ASO,ES,Federal Contract Tower,12,2,5,0,19,0,0,17,15,32,12,2,22,15,51,2,12,14,65
03/02/2015,BQN,PR,ASO,ES,Federal Contract Tower,6,14,2,0,22,0,0,23,14,37,6,14,25,14,59,14,38,52,111
03/03/2015,BQN,PR,ASO,ES,Federal Contract Tower,16,17,0,0,33,0,0,24,19,43,16,17,24,19,76,12,46,58,134
03/04/2015,BQN,PR,ASO,ES,Federal Contract Tower,12,16,6,2,36,0,0,31,16,47,12,16,37,18,83,30,58,88,171
03/05/2015,BQN,PR,ASO,ES,Federal Contract Tower,9,18,2,0,29,0,0,21,13,34,9,18,23,13,63,32,10,42,105
03/06/2015,BQN,PR,ASO,ES,Federal Contract Tower,18,22,0,0,40,0,0,26,16,42,18,22,26,16,82,2,94,96,178
03/07/2015,BQN,PR,ASO,ES,Federal Contract Tower,11,0,7,0,18,0,0,19,6,25,11,0,26,6,43,50,12,62,105
03/08/2015,BQN,PR,ASO,ES,Federal Contract Tower,8,0,4,1,13,0,0,14,11,25,8,0,18,12,38,12,4,16,54
03/09/2015,BQN,PR,ASO,ES,Federal Contract Tower,4,17,4,0,25,0,0,30,7,37,4,17,34,7,62,18,14,32,94
03/10/2015,BQN,PR,ASO,ES,Federal Contract Tower,13,18,9,1,41,0,0,20,16,36,13,18,29,17,77,8,12,20,97
03/11/2015,BQN,PR,ASO,ES,Federal Contract Tower,12,15,7,1,35,0,0,40,17,57,12,15,47,18,92,30,86,116,208
03/12/2015,BQN,PR,ASO,ES,Federal Contract Tower,13,18,1,0,32,0,0,18,19,37,13,18,19,19,69,0,10,10,79
03/13/2015,BQN,PR,ASO,ES,Federal Contract Tower,13,24,4,0,41,0,0,21,8,29,13,24,25,8,70,2,36,38,108
03/14/2015,BQN,PR,ASO,ES,Federal Contract Tower,12,0,10,0,22,0,0,26,9,35,12,0,36,9,57,66,14,80,137
03/15/2015,BQN,PR,ASO,ES,Federal Contract Tower,12,0,4,0,16,0,0,16,4,20,12,0,20,4,36,18,0,18,54
03/16/2015,BQN,PR,ASO,ES,Federal Contract Tower,5,16,1,3,25,0,0,26,17,43,5,16,27,20,68,28,36,64,132
03/17/2015,BQN,PR,ASO,ES,Federal Contract Tower,13,20,2,3,38,0,2,42,24,68,13,22,44,27,106,20,14,34,140
03/18/2015,BQN,PR,ASO,ES,Federal Contract Tower,7,19,6,6,38,0,0,20,31,51,7,19,26,37,89,34,30,64,153
03/19/2015,BQN,PR,ASO,ES,Federal Contract Tower,19,19,1,0,39,0,0,16,14,30,19,19,17,14,69,8,18,26,95
03/20/2015,BQN,PR,ASO,ES,Federal Contract Tower,14,23,4,0,41,0,1,31,8,40,14,24,35,8,81,10,1,11,92
03/21/2015,BQN,PR,ASO,ES,Federal Contract Tower,13,2,8,2,25,0,1,1,5,7,13,3,9,7,32,2,6,8,40
03/22/2015,BQN,PR,ASO,ES,Federal Contract Tower,12,1,6,0,19,0,0,32,7,39,12,1,38,7,58,16,2,18,76
03/23/2015,BQN,PR,ASO,ES,Federal Contract Tower,9,10,5,0,24,0,1,44,16,61,9,11,49,16,85,112,16,128,213
03/24/2015,BQN,PR,ASO,ES,Federal Contract Tower,13,20,5,0,38,0,0,31,13,44,13,20,36,13,82,26,12,38,120
03/25/2015,BQN,PR,ASO,ES,Federal Contract Tower,6,16,6,0,28,0,0,26,15,41,6,16,32,15,69,50,40,90,159
03/26/2015,BQN,PR,ASO,ES,Federal Contract Tower,18,13,3,0,34,0,0,27,8,35,18,13,30,8,69,4,44,48,117
03/27/2015,BQN,PR,ASO,ES,Federal Contract Tower,19,20,4,2,45,0,0,18,13,31,19,20,22,15,76,6,60,66,142
03/28/2015,BQN,PR,ASO,ES,Federal Contract Tower,8,0,8,0,16,0,0,41,14,55,8,0,49,14,71,94,18,112,183
03/29/2015,BQN,PR,ASO,ES,Federal Contract Tower,8,0,5,0,13,0,0,14,4,18,8,0,19,4,31,10,8,18,49
03/30/2015,BQN,PR,ASO,ES,Federal Contract Tower,13,16,1,0,30,0,0,40,8,48,13,16,41,8,78,26,24,50,128
03/31/2015,BQN,PR,ASO,ES,Federal Contract Tower,16,22,5,1,44,0,0,41,15,56,16,22,46,16,100,18,102,120,220
04/01/2015,BQN,PR,ASO,ES,Federal Contract Tower,9,12,12,0,33,0,0,35,11,46,9,12,47,11,79,40,82,122,201
04/02/2015,BQN,PR,ASO,ES,Federal Contract Tower,11,15,6,0,32,0,0,18,7,25,11,15,24,7,57,34,4,38,95
04/03/2015,BQN,PR,ASO,ES,Federal Contract Tower,11,15,6,0,32,0,0,18,7,25,11,15,24,7,57,34,4,38,95
04/04/2015,BQN,PR,ASO,ES,Federal Contract Tower,4,1,2,0,7,0,0,13,2,15,4,1,15,2,22,58,0,58,80
04/05/2015,BQN,PR,ASO,ES,Federal Contract Tower,5,0,4,0,9,0,0,28,10,38,5,0,32,10,47,8,0,8,55
04/06/2015,BQN,PR,ASO,ES,Federal Contract Tower,14,17,2,0,33,0,0,27,16,43,14,17,29,16,76,70,4,74,150
04/07/2015,BQN,PR,ASO,ES,Federal Contract Tower,11,18,5,1,35,0,0,28,18,46,11,18,33,19,81,20,28,48,129
04/08/2015,BQN,PR,ASO,ES,Federal Contract Tower,20,12,5,1,38,0,0,37,11,48,20,12,42,12,86,16,26,42,128
04/09/2015,BQN,PR,ASO,ES,Federal Contract Tower,7,16,3,1,27,0,0,28,19,47,7,16,31,20,74,12,24,36,110
04/10/2015,BQN,PR,ASO,ES,Federal Contract Tower,24,16,11,0,51,0,0,31,6,37,24,16,42,6,88,0,0,0,88
04/11/2015,BQN,PR,ASO,ES,Federal Contract Tower,9,0,2,0,11,0,0,18,9,27,9,0,20,9,38,10,8,18,56
04/12/2015,BQN,PR,ASO,ES,Federal Contract Tower,7,0,0,0,7,0,0,11,8,19,7,0,11,8,26,8,16,24,50
04/13/2015,BQN,PR,ASO,ES,Federal Contract Tower,5,17,2,0,24,0,0,29,16,45,5,17,31,16,69,26,32,58,127
04/14/2015,BQN,PR,ASO,ES,Federal Contract Tower,14,17,5,1,37,0,0,37,21,58,14,17,42,22,95,44,6,50,145
04/15/2015,BQN,PR,ASO,ES,Federal Contract Tower,7,16,2,1,26,0,0,19,10,29,7,16,21,11,55,18,18,36,91
04/16/2015,BQN,PR,ASO,ES,Federal Contract Tower,15,17,2,0,34,0,0,34,17,51,15,17,36,17,85,54,48,102,187
04/17/2015,BQN,PR,ASO,ES,Federal Contract Tower,14,16,3,0,33,0,0,17,15,32,14,16,20,15,65,10,50,60,125
04/18/2015,BQN,PR,ASO,ES,Federal Contract Tower,9,0,0,1,10,0,0,38,13,51,9,0,38,14,61,76,12,88,149
04/19/2015,BQN,PR,ASO,ES,Federal Contract Tower,4,0,4,0,8,0,0,32,5,37,4,0,36,5,45,6,30,36,81
04/20/2015,BQN,PR,ASO,ES,Federal Contract Tower,11,16,6,0,33,0,0,35,23,58,11,16,41,23,91,26,8,34,125
04/21/2015,BQN,PR,ASO,ES,Federal Contract Tower,13,19,5,0,37,0,0,40,27,67,13,19,45,27,104,38,20,58,162
04/22/2015,BQN,PR,ASO,ES,Federal Contract Tower,12,16,2,0,30,0,0,35,24,59,12,16,37,24,89,50,52,102,191
04/23/2015,BQN,PR,ASO,ES,Federal Contract Tower,10,17,3,0,30,0,0,33,21,54,10,17,36,21,84,4,24,28,112
04/24/2015,BQN,PR,ASO,ES,Federal Contract Tower,20,15,1,0,36,0,0,18,13,31,20,15,19,13,67,10,58,68,135
04/25/2015,BQN,PR,ASO,ES,Federal Contract Tower,12,2,6,0,20,0,0,13,10,23,12,2,19,10,43,54,6,60,103
04/26/2015,BQN,PR,ASO,ES,Federal Contract Tower,9,0,1,0,10,0,0,6,4,10,9,0,7,4,20,4,0,4,24
04/27/2015,BQN,PR,ASO,ES,Federal Contract Tower,7,12,5,6,30,0,0,27,8,35,7,12,32,14,65,22,3,25,90
04/28/2015,BQN,PR,ASO,ES,Federal Contract Tower,16,14,2,0,32,0,0,35,19,54,16,14,37,19,86,30,34,64,150
04/29/2015,BQN,PR,ASO,ES,Federal Contract Tower,10,15,9,0,34,0,0,26,17,43,10,15,35,17,77,50,68,118,195
04/30/2015,BQN,PR,ASO,ES,Federal Contract Tower,13,17,2,0,32,0,0,20,21,41,13,17,22,21,73,2,14,16,89
05/01/2015,BQN,PR,ASO,ES,Federal Contract Tower,19,8,1,0,28,0,0,22,12,34,19,8,23,12,62,6,8,14,76
05/02/2015,BQN,PR,ASO,ES,Federal Contract Tower,11,0,6,0,17,0,0,28,3,31,11,0,34,3,48,62,0,62,110
05/03/2015,BQN,PR,ASO,ES,Federal Contract Tower,7,0,4,0,11,1,0,15,3,19,8,0,19,3,30,5,10,15,45
05/04/2015,BQN,PR,ASO,ES,Federal Contract Tower,4,16,2,0,22,0,0,23,18,41,4,16,25,18,63,6,54,60,123
05/05/2015,BQN,PR,ASO,ES,Federal Contract Tower,18,15,4,0,37,0,0,30,6,36,18,15,34,6,73,16,30,46,119
05/06/2015,BQN,PR,ASO,ES,Federal Contract Tower,13,16,1,2,32,0,0,42,24,66,13,16,43,26,98,30,54,84,182
05/07/2015,BQN,PR,ASO,ES,Federal Contract Tower,13,17,1,1,32,0,0,36,18,54,13,17,37,19,86,0,2,2,88
05/08/2015,BQN,PR,ASO,ES,Federal Contract Tower,16,13,0,0,29,0,0,19,13,32,16,13,19,13,61,2,52,54,115
05/09/2015,BQN,PR,ASO,ES,Federal Contract Tower,13,1,3,0,17,0,0,23,10,33,13,1,26,10,50,54,0,54,104
05/10/2015,BQN,PR,ASO,ES,Federal Contract Tower,6,1,0,0,7,0,0,6,3,9,6,1,6,3,16,0,0,0,16
05/11/2015,BQN,PR,ASO,ES,Federal Contract Tower,15,14,2,0,31,1,0,25,9,35,16,14,27,9,66,6,0,6,72
05/12/2015,BQN,PR,ASO,ES,Federal Contract Tower,25,14,1,0,40,0,0,41,26,67,25,14,42,26,107,24,34,58,165
05/13/2015,BQN,PR,ASO,ES,Federal Contract Tower,16,13,2,2,33,0,0,30,18,48,16,13,32,20,81,50,28,78,159
05/14/2015,BQN,PR,ASO,ES,Federal Contract Tower,24,8,8,0,40,0,0,38,27,65,24,8,46,27,105,20,56,76,181
05/15/2015,BQN,PR,ASO,ES,Federal Contract Tower,22,13,1,2,38,0,0,34,12,46,22,13,35,14,84,10,20,30,114
05/16/2015,BQN,PR,ASO,ES,Federal Contract Tower,13,0,3,0,16,0,0,23,8,31,13,0,26,8,47,42,30,72,119
05/17/2015,BQN,PR,ASO,ES,Federal Contract Tower,7,0,6,0,13,0,0,19,11,30,7,0,25,11,43,0,0,0,43
05/18/2015,BQN,PR,ASO,ES,Federal Contract Tower,10,14,4,0,28,0,0,26,12,38,10,14,30,12,66,0,40,40,106
05/19/2015,BQN,PR,ASO,ES,Federal Contract Tower,20,12,1,2,35,0,0,38,18,56,20,12,39,20,91,28,30,58,149
05/21/2015,BQN,PR,ASO,ES,Federal Contract Tower,22,14,5,0,41,0,1,22,12,35,22,15,27,12,76,18,14,32,108
05/22/2015,BQN,PR,ASO,ES,Federal Contract Tower,26,12,7,0,45,0,0,26,16,42,26,12,33,16,87,18,4,22,109
05/23/2015,BQN,PR,ASO,ES,Federal Contract Tower,13,1,7,0,21,0,0,32,16,48,13,1,39,16,69,42,4,46,115
05/24/2015,BQN,PR,ASO,ES,Federal Contract Tower,7,0,5,0,12,0,0,19,10,29,7,0,24,10,41,2,18,20,61
05/25/2015,BQN,PR,ASO,ES,Federal Contract Tower,6,4,0,0,10,0,0,21,13,34,6,4,21,13,44,2,50,52,96
05/26/2015,BQN,PR,ASO,ES,Federal Contract Tower,18,12,3,0,33,0,0,43,22,65,18,12,46,22,98,40,26,66,164
05/27/2015,BQN,PR,ASO,ES,Federal Contract Tower,15,12,4,2,33,0,0,38,17,55,15,12,42,19,88,42,74,116,204
05/28/2015,BQN,PR,ASO,ES,Federal Contract Tower,14,12,5,0,31,0,0,31,27,58,14,12,36,27,89,80,44,124,213
05/29/2015,BQN,PR,ASO,ES,Federal Contract Tower,24,12,1,1,38,0,0,25,16,41,24,12,26,17,79,0,0,0,79
05/30/2015,BQN,PR,ASO,ES,Federal Contract Tower,15,1,4,0,20,0,0,21,9,30,15,1,25,9,50,32,6,38,88
05/31/2015,BQN,PR,ASO,ES,Federal Contract Tower,8,0,1,0,9,0,0,15,14,29,8,0,16,14,38,0,0,0,38
06/01/2015,BQN,PR,ASO,ES,Federal Contract Tower,11,12,1,0,24,0,0,28,18,46,11,12,29,18,70,4,18,22,92
06/02/2015,BQN,PR,ASO,ES,Federal Contract Tower,17,6,6,0,29,0,0,39,13,52,17,6,45,13,81,12,8,20,101
06/03/2015,BQN,PR,ASO,ES,Federal Contract Tower,18,12,5,2,37,0,0,50,26,76,18,12,55,28,113,22,118,140,253
06/04/2015,BQN,PR,ASO,ES,Federal Contract Tower,17,14,2,0,33,0,0,40,25,65,17,14,42,25,98,20,52,72,170
06/05/2015,BQN,PR,ASO,ES,Federal Contract Tower,19,13,5,0,37,0,2,30,15,47,19,15,35,15,84,38,62,100,184
06/06/2015,BQN,PR,ASO,ES,Federal Contract Tower,11,1,7,0,19,0,0,22,8,30,11,1,29,8,49,30,8,38,87
06/07/2015,BQN,PR,ASO,ES,Federal Contract Tower,7,0,4,0,11,0,0,9,4,13,7,0,13,4,24,4,4,8,32
06/08/2015,BQN,PR,ASO,ES,Federal Contract Tower,9,13,0,2,24,0,0,30,10,40,9,13,30,12,64,26,30,56,120
06/09/2015,BQN,PR,ASO,ES,Federal Contract Tower,20,12,3,0,35,0,0,39,17,56,20,12,42,17,91,82,14,96,187
06/10/2015,BQN,PR,ASO,ES,Federal Contract Tower,13,19,0,0,32,0,0,48,23,71,13,19,48,23,103,42,20,62,165
06/11/2015,BQN,PR,ASO,ES,Federal Contract Tower,15,13,2,0,30,0,1,45,18,64,15,14,47,18,94,30,32,62,156
06/12/2015,BQN,PR,ASO,ES,Federal Contract Tower,25,12,4,0,41,0,0,33,16,49,25,12,37,16,90,12,30,42,132
06/13/2015,BQN,PR,ASO,ES,Federal Contract Tower,15,1,2,0,18,0,0,21,7,28,15,1,23,7,46,100,0,100,146
06/14/2015,BQN,PR,ASO,ES,Federal Contract Tower,8,0,2,0,10,0,0,10,7,17,8,0,12,7,27,0,6,6,33
06/15/2015,BQN,PR,ASO,ES,Federal Contract Tower,9,13,1,0,23,0,0,28,5,33,9,13,29,5,56,28,0,28,84
06/16/2015,BQN,PR,ASO,ES,Federal Contract Tower,20,12,5,2,39,0,0,61,16,77,20,12,66,18,116,34,10,44,160
06/17/2015,BQN,PR,ASO,ES,Federal Contract Tower,14,14,2,2,32,0,0,37,16,53,14,14,39,18,85,24,4,28,113
06/18/2015,BQN,PR,ASO,ES,Federal Contract Tower,16,12,7,1,36,0,0,45,22,67,16,12,52,23,103,66,8,74,177
06/19/2015,BQN,PR,ASO,ES,Federal Contract Tower,22,12,3,0,37,0,0,26,7,33,22,12,29,7,70,18,2,20,90
06/20/2015,BQN,PR,ASO,ES,Federal Contract Tower,17,1,0,1,19,0,0,32,3,35,17,1,32,4,54,110,0,110,164
06/21/2015,BQN,PR,ASO,ES,Federal Contract Tower,9,0,3,0,12,0,0,5,16,21,9,0,8,16,33,0,43,43,76
06/22/2015,BQN,PR,ASO,ES,Federal Contract Tower,13,12,3,0,28,0,0,41,16,57,13,12,44,16,85,6,0,6,91
06/23/2015,BQN,PR,ASO,ES,Federal Contract Tower,26,11,9,0,46,0,0,37,14,51,26,11,46,14,97,8,14,22,119
06/24/2015,BQN,PR,ASO,ES,Federal Contract Tower,22,14,4,2,42,0,0,40,26,66,22,14,44,28,108,28,72,100,208
06/25/2015,BQN,PR,ASO,ES,Federal Contract Tower,6,21,3,0,30,0,0,38,18,56,6,21,41,18,86,28,6,34,120
06/26/2015,BQN,PR,ASO,ES,Federal Contract Tower,29,13,5,2,49,0,0,31,4,35,29,13,36,6,84,24,0,24,108
06/27/2015,BQN,PR,ASO,ES,Federal Contract Tower,18,2,8,3,31,0,0,37,7,44,18,2,45,10,75,62,8,70,145
06/28/2015,BQN,PR,ASO,ES,Federal Contract Tower,17,0,1,0,18,0,0,19,4,23,17,0,20,4,41,0,6,6,47
06/29/2015,BQN,PR,ASO,ES,Federal Contract Tower,22,13,3,0,38,0,0,37,10,47,22,13,40,10,85,16,46,62,147
06/30/2015,BQN,PR,ASO,ES,Federal Contract Tower,20,12,4,1,37,0,0,39,15,54,20,12,43,16,91,18,4,22,113
07/01/2015,BQN,PR,ASO,ES,Federal Contract Tower,16,15,4,0,35,0,0,41,24,65,16,15,45,24,100,24,0,24,124
07/02/2015,BQN,PR,ASO,ES,Federal Contract Tower,13,14,1,1,29,0,0,50,16,66,13,14,51,17,95,108,16,124,219
07/03/2015,BQN,PR,ASO,ES,Federal Contract Tower,21,13,3,0,37,0,0,19,9,28,21,13,22,9,65,20,36,56,121
07/04/2015,BQN,PR,ASO,ES,Federal Contract Tower,13,1,1,0,15,0,0,22,4,26,13,1,23,4,41,42,0,42,83
07/05/2015,BQN,PR,ASO,ES,Federal Contract Tower,10,0,0,0,10,0,0,3,1,4,10,0,3,1,14,0,4,4,18
07/06/2015,BQN,PR,ASO,ES,Federal Contract Tower,10,13,3,2,28,0,0,36,18,54,10,13,39,20,82,28,0,28,110
07/07/2015,BQN,PR,ASO,ES,Federal Contract Tower,22,12,6,0,40,0,0,48,18,66,22,12,54,18,106,42,24,66,172
07/08/2015,BQN,PR,ASO,ES,Federal Contract Tower,16,13,4,2,35,0,0,40,13,53,16,13,44,15,88,35,14,49,137
07/09/2015,BQN,PR,ASO,ES,Federal Contract Tower,16,13,5,3,37,0,0,49,22,71,16,13,54,25,108,54,32,86,194
07/10/2015,BQN,PR,ASO,ES,Federal Contract Tower,24,15,5,0,44,0,0,20,8,28,24,15,25,8,72,0,16,16,88
07/11/2015,BQN,PR,ASO,ES,Federal Contract Tower,17,5,6,0,28,0,1,20,7,28,17,6,26,7,56,26,2,28,84
07/12/2015,BQN,PR,ASO,ES,Federal Contract Tower,11,0,2,0,13,0,0,2,2,4,11,0,4,2,17,0,0,0,17
07/13/2015,BQN,PR,ASO,ES,Federal Contract Tower,14,11,0,0,25,0,0,24,12,36,14,11,24,12,61,12,2,14,75
07/14/2015,BQN,PR,ASO,ES,Federal Contract Tower,22,12,2,0,36,0,0,31,12,43,22,12,33,12,79,10,6,16,95
07/15/2015,BQN,PR,ASO,ES,Federal Contract Tower,14,15,12,1,42,0,0,43,21,64,14,15,55,22,106,70,54,124,230
07/16/2015,BQN,PR,ASO,ES,Federal Contract Tower,15,15,2,1,33,0,0,37,20,57,15,15,39,21,90,20,12,32,122
07/17/2015,BQN,PR,ASO,ES,Federal Contract Tower,29,16,0,1,46,0,0,34,20,54,29,16,34,21,100,6,30,36,136
07/18/2015,BQN,PR,ASO,ES,Federal Contract Tower,6,3,7,0,16,0,0,14,8,22,6,3,21,8,38,10,28,38,76
07/19/2015,BQN,PR,ASO,ES,Federal Contract Tower,13,0,0,1,14,0,0,12,5,17,13,0,12,6,31,0,0,0,31
07/20/2015,BQN,PR,ASO,ES,Federal Contract Tower,13,12,0,0,25,0,0,25,17,42,13,12,25,17,67,14,32,46,113
07/21/2015,BQN,PR,ASO,ES,Federal Contract Tower,20,15,3,0,38,0,0,29,14,43,20,15,32,14,81,20,8,28,109
07/22/2015,BQN,PR,ASO,ES,Federal Contract Tower,16,14,8,0,38,0,0,43,19,62,16,14,51,19,100,36,20,56,156
07/23/2015,BQN,PR,ASO,ES,Federal Contract Tower,16,13,2,0,31,0,0,56,25,81,16,13,58,25,112,46,22,68,180
07/24/2015,BQN,PR,ASO,ES,Federal Contract Tower,26,15,4,0,45,0,0,22,16,38,26,15,26,16,83,4,48,52,135
07/25/2015,BQN,PR,ASO,ES,Federal Contract Tower,17,6,2,0,25,0,0,16,6,22,17,6,18,6,47,30,0,30,77
07/26/2015,BQN,PR,ASO,ES,Federal Contract Tower,11,0,2,0,13,0,0,23,4,27,11,0,25,4,40,32,0,32,72
07/27/2015,BQN,PR,ASO,ES,Federal Contract Tower,15,12,4,0,31,0,0,33,21,54,15,12,37,21,85,16,58,74,159
07/28/2015,BQN,PR,ASO,ES,Federal Contract Tower,23,13,5,0,41,0,0,44,24,68,23,13,49,24,109,14,14,28,137
07/29/2015,BQN,PR,ASO,ES,Federal Contract Tower,17,13,7,2,39,0,0,38,6,44,17,13,45,8,83,82,24,106,189
07/30/2015,BQN,PR,ASO,ES,Federal Contract Tower,18,13,2,0,33,0,0,34,13,47,18,13,36,13,80,52,6,58,138
07/31/2015,BQN,PR,ASO,ES,Federal Contract Tower,26,12,1,0,39,0,0,24,7,31,26,12,25,7,70,0,46,46,116
08/01/2015,BQN,PR,ASO,ES,Federal Contract Tower,16,4,2,0,22,0,0,13,9,22,16,4,15,9,44,18,34,52,96
08/02/2015,BQN,PR,ASO,ES,Federal Contract Tower,11,1,4,0,16,0,0,12,4,16,11,1,16,4,32,4,12,16,48
08/03/2015,BQN,PR,ASO,ES,Federal Contract Tower,12,10,0,0,22,0,0,38,6,44,12,10,38,6,66,8,20,28,94
08/04/2015,BQN,PR,ASO,ES,Federal Contract Tower,21,13,0,0,34,1,0,19,9,29,22,13,19,9,63,16,12,28,91
08/05/2015,BQN,PR,ASO,ES,Federal Contract Tower,19,13,9,0,41,0,0,38,15,53,19,13,47,15,94,10,76,86,180
08/06/2015,BQN,PR,ASO,ES,Federal Contract Tower,19,14,1,0,34,0,0,29,15,44,19,14,30,15,78,62,42,104,182
08/07/2015,BQN,PR,ASO,ES,Federal Contract Tower,25,12,2,0,39,0,0,24,2,26,25,12,26,2,65,0,0,0,65
08/08/2015,BQN,PR,ASO,ES,Federal Contract Tower,17,1,1,0,19,0,0,8,1,9,17,1,9,1,28,10,0,10,38
08/09/2015,BQN,PR,ASO,ES,Federal Contract Tower,7,0,7,2,16,0,0,16,13,29,7,0,23,15,45,0,0,0,45
08/10/2015,BQN,PR,ASO,ES,Federal Contract Tower,20,13,0,1,34,0,0,23,10,33,20,13,23,11,67,6,0,6,73
08/11/2015,BQN,PR,ASO,ES,Federal Contract Tower,19,15,2,2,38,0,0,33,5,38,19,15,35,7,76,4,6,10,86
08/12/2015,BQN,PR,ASO,ES,Federal Contract Tower,14,17,10,2,43,0,0,35,35,70,14,17,45,37,113,30,60,90,203
08/13/2015,BQN,PR,ASO,ES,Federal Contract Tower,15,17,5,0,37,0,0,31,14,45,15,17,36,14,82,18,0,18,100
08/14/2015,BQN,PR,ASO,ES,Federal Contract Tower,24,17,0,0,41,0,0,29,9,38,24,17,29,9,79,20,20,40,119
08/15/2015,BQN,PR,ASO,ES,Federal Contract Tower,14,0,4,0,18,0,0,17,4,21,14,0,21,4,39,14,20,34,73
08/16/2015,BQN,PR,ASO,ES,Federal Contract Tower,9,0,5,0,14,0,0,10,5,15,9,0,15,5,29,10,32,42,71
08/17/2015,BQN,PR,ASO,ES,Federal Contract Tower,17,13,1,0,31,0,0,34,16,50,17,13,35,16,81,16,12,28,109
08/18/2015,BQN,PR,ASO,ES,Federal Contract Tower,22,12,6,0,40,0,0,27,24,51,22,12,33,24,91,22,8,30,121
08/19/2015,BQN,PR,ASO,ES,Federal Contract Tower,16,13,1,0,30,0,0,31,10,41,16,13,32,10,71,20,0,20,91
08/20/2015,BQN,PR,ASO,ES,Federal Contract Tower,18,12,11,0,41,0,0,32,9,41,18,12,43,9,82,26,4,30,112
08/21/2015,BQN,PR,ASO,ES,Federal Contract Tower,27,12,4,0,43,0,0,31,9,40,27,12,35,9,83,28,0,28,111
08/22/2015,BQN,PR,ASO,ES,Federal Contract Tower,14,2,4,0,20,0,0,15,4,19,14,2,19,4,39,4,0,4,43
08/23/2015,BQN,PR,ASO,ES,Federal Contract Tower,8,1,3,2,14,0,0,13,10,23,8,1,16,12,37,0,22,22,59
08/24/2015,BQN,PR,ASO,ES,Federal Contract Tower,21,14,2,0,37,0,0,38,41,79,21,14,40,41,116,4,60,64,180
08/25/2015,BQN,PR,ASO,ES,Federal Contract Tower,20,11,0,0,31,0,0,20,13,33,20,11,20,13,64,2,10,12,76
08/26/2015,BQN,PR,ASO,ES,Federal Contract Tower,15,13,0,1,29,0,0,21,2,23,15,13,21,3,52,4,2,6,58
08/27/2015,BQN,PR,ASO,ES,Federal Contract Tower,16,4,0,0,20,0,0,16,4,20,16,4,16,4,40,0,0,0,40
08/28/2015,BQN,PR,ASO,ES,Federal Contract Tower,16,10,2,0,28,0,0,0,9,9,16,10,2,9,37,13,7,20,57
08/29/2015,BQN,PR,ASO,ES,Federal Contract Tower,10,0,3,0,13,0,0,17,1,18,10,0,20,1,31,12,0,12,43
08/30/2015,BQN,PR,ASO,ES,Federal Contract Tower,7,0,1,0,8,0,0,16,3,19,7,0,17,3,27,10,0,10,37
08/31/2015,BQN,PR,ASO,ES,Federal Contract Tower,14,13,0,5,32,0,0,52,16,68,14,13,52,21,100,42,14,56,156
09/01/2015,BQN,PR,ASO,ES,Federal Contract Tower,27,15,3,2,47,0,0,29,10,39,27,15,32,12,86,6,0,6,92
09/02/2015,BQN,PR,ASO,ES,Federal Contract Tower,14,9,5,2,30,0,0,34,8,42,14,9,39,10,72,10,2,12,84
09/03/2015,BQN,PR,ASO,ES,Federal Contract Tower,14,11,3,0,28,0,0,31,12,43,14,11,34,12,71,24,2,26,97
09/04/2015,BQN,PR,ASO,ES,Federal Contract Tower,20,12,7,0,39,0,0,24,8,32,20,12,31,8,71,10,0,10,81
09/05/2015,BQN,PR,ASO,ES,Federal Contract Tower,14,0,0,0,14,0,0,38,12,50,14,0,38,12,64,26,8,34,98
09/06/2015,BQN,PR,ASO,ES,Federal Contract Tower,6,0,1,1,8,0,0,15,4,19,6,0,16,5,27,12,0,12,39
09/07/2015,BQN,PR,ASO,ES,Federal Contract Tower,12,0,3,0,15,0,0,10,6,16,12,0,13,6,31,10,4,14,45
09/08/2015,BQN,PR,ASO,ES,Federal Contract Tower,19,14,8,1,42,0,0,54,15,69,19,14,62,16,111,68,12,80,191
09/09/2015,BQN,PR,ASO,ES,Federal Contract Tower,16,12,2,1,31,0,0,37,12,49,16,12,39,13,80,38,46,84,164
09/10/2015,BQN,PR,ASO,ES,Federal Contract Tower,17,12,3,1,33,0,0,48,20,68,17,12,51,21,101,82,40,122,223
09/11/2015,BQN,PR,ASO,ES,Federal Contract Tower,20,12,1,1,34,0,0,26,11,37,20,12,27,12,71,10,0,10,81
09/12/2015,BQN,PR,ASO,ES,Federal Contract Tower,10,0,4,2,16,0,0,14,2,16,10,0,18,4,32,44,4,48,80
09/13/2015,BQN,PR,ASO,ES,Federal Contract Tower,8,0,0,0,8,0,0,9,8,17,8,0,9,8,25,4,26,30,55
09/14/2015,BQN,PR,ASO,ES,Federal Contract Tower,16,13,0,3,32,0,0,40,10,50,16,13,40,13,82,10,0,10,92
09/15/2015,BQN,PR,ASO,ES,Federal Contract Tower,22,12,2,0,36,0,0,30,13,43,22,12,32,13,79,0,0,0,79
09/16/2015,BQN,PR,ASO,ES,Federal Contract Tower,17,12,2,1,32,0,0,43,18,61,17,12,45,19,93,16,54,70,163
09/17/2015,BQN,PR,ASO,ES,Federal Contract Tower,14,14,4,2,34,0,0,35,13,48,14,14,39,15,82,6,14,20,102
09/18/2015,BQN,PR,ASO,ES,Federal Contract Tower,23,17,3,1,44,0,0,24,5,29,23,17,27,6,73,22,16,38,111
09/19/2015,BQN,PR,ASO,ES,Federal Contract Tower,11,0,3,0,14,0,0,15,3,18,11,0,18,3,32,0,16,16,48
09/20/2015,BQN,PR,ASO,ES,Federal Contract Tower,8,0,3,0,11,0,0,19,7,26,8,0,22,7,37,20,6,26,63
09/21/2015,BQN,PR,ASO,ES,Federal Contract Tower,16,15,0,0,31,0,0,22,8,30,16,15,22,8,61,4,60,64,125
09/22/2015,BQN,PR,ASO,ES,Federal Contract Tower,19,12,1,1,33,0,0,34,16,50,19,12,35,17,83,0,10,10,93
09/23/2015,BQN,PR,ASO,ES,Federal Contract Tower,16,14,0,0,30,0,0,31,21,52,16,14,31,21,82,10,34,44,126
09/24/2015,BQN,PR,ASO,ES,Federal Contract Tower,17,11,1,0,29,0,0,30,13,43,17,11,31,13,72,26,0,26,98
09/25/2015,BQN,PR,ASO,ES,Federal Contract Tower,24,14,1,0,39,0,0,38,14,52,24,14,39,14,91,72,0,72,163
09/26/2015,BQN,PR,ASO,ES,Federal Contract Tower,13,0,0,0,13,0,0,15,6,21,13,0,15,6,34,0,0,0,34
09/27/2015,BQN,PR,ASO,ES,Federal Contract Tower,8,0,1,0,9,0,0,20,1,21,8,0,21,1,30,12,0,12,42
09/28/2015,BQN,PR,ASO,ES,Federal Contract Tower,17,11,3,3,34,0,0,53,29,82,17,11,56,32,116,36,30,66,182
09/29/2015,BQN,PR,ASO,ES,Federal Contract Tower,20,17,1,1,39,0,0,32,29,61,20,17,33,30,100,14,10,24,124
10/01/2015,BQN,PR,ASO,ES,Federal Contract Tower,15,12,2,0,29,0,0,27,11,38,15,12,29,11,67,36,26,62,129
10/02/2015,BQN,PR,ASO,ES,Federal Contract Tower,23,13,3,0,39,0,0,29,8,37,23,13,32,8,76,14,0,14,90
10/03/2015,BQN,PR,ASO,ES,Federal Contract Tower,6,0,6,0,12,0,0,15,7,22,6,0,21,7,34,0,18,18,52
10/04/2015,BQN,PR,ASO,ES,Federal Contract Tower,13,0,6,0,19,0,0,25,3,28,13,0,31,3,47,18,0,18,65
10/05/2015,BQN,PR,ASO,ES,Federal Contract Tower,12,12,0,1,25,0,0,47,16,63,12,12,47,17,88,50,56,106,194
10/06/2015,BQN,PR,ASO,ES,Federal Contract Tower,22,12,0,1,35,0,0,41,26,67,22,12,41,27,102,8,98,106,208
10/07/2015,BQN,PR,ASO,ES,Federal Contract Tower,17,12,0,0,29,0,0,44,15,59,17,12,44,15,88,22,14,36,124
10/08/2015,BQN,PR,ASO,ES,Federal Contract Tower,16,12,0,0,28,0,0,41,21,62,16,12,41,21,90,32,44,76,166
10/09/2015,BQN,PR,ASO,ES,Federal Contract Tower,21,12,3,0,36,0,0,22,7,29,21,12,25,7,65,4,22,26,91
10/10/2015,BQN,PR,ASO,ES,Federal Contract Tower,8,0,3,0,11,0,0,22,6,28,8,0,25,6,39,4,4,8,47
10/11/2015,BQN,PR,ASO,ES,Federal Contract Tower,10,0,0,0,10,0,0,14,16,30,10,0,14,16,40,8,12,20,60
10/12/2015,BQN,PR,ASO,ES,Federal Contract Tower,16,14,1,0,31,0,0,34,13,47,16,14,35,13,78,4,0,4,82
10/13/2015,BQN,PR,ASO,ES,Federal Contract Tower,20,12,5,0,37,0,0,40,30,70,20,12,45,30,107,18,76,94,201
10/14/2015,BQN,PR,ASO,ES,Federal Contract Tower,18,11,5,1,35,0,0,35,19,54,18,11,40,20,89,14,0,14,103
10/15/2015,BQN,PR,ASO,ES,Federal Contract Tower,18,14,0,1,33,0,0,29,20,49,18,14,29,21,82,18,22,40,122
10/16/2015,BQN,PR,ASO,ES,Federal Contract Tower,24,10,2,2,38,0,0,25,15,40,24,10,27,17,78,14,12,26,104
10/17/2015,BQN,PR,ASO,ES,Federal Contract Tower,8,0,0,1,9,0,0,17,9,26,8,0,17,10,35,12,22,34,69
10/18/2015,BQN,PR,ASO,ES,Federal Contract Tower,9,0,2,0,11,0,0,15,11,26,9,0,17,11,37,34,8,42,79
10/19/2015,BQN,PR,ASO,ES,Federal Contract Tower,18,13,2,0,33,0,0,33,9,42,18,13,35,9,75,32,12,44,119
10/20/2015,BQN,PR,ASO,ES,Federal Contract Tower,15,14,4,1,34,0,0,32,23,55,15,14,36,24,89,26,48,74,163
10/23/2015,BQN,PR,ASO,ES,Federal Contract Tower,22,13,2,0,37,0,0,45,18,63,22,13,47,18,100,64,36,100,200
10/24/2015,BQN,PR,ASO,ES,Federal Contract Tower,10,0,0,0,10,0,0,40,7,47,10,0,40,7,57,4,10,14,71
10/25/2015,BQN,PR,ASO,ES,Federal Contract Tower,12,0,5,0,17,0,0,8,9,17,12,0,13,9,34,0,0,0,34
10/26/2015,BQN,PR,ASO,ES,Federal Contract Tower,14,13,0,1,28,0,0,42,19,61,14,13,42,20,89,6,44,50,139
10/27/2015,BQN,PR,ASO,ES,Federal Contract Tower,18,13,1,1,33,0,0,30,24,54,18,13,31,25,87,22,4,26,113
10/28/2015,BQN,PR,ASO,ES,Federal Contract Tower,16,12,0,0,28,0,0,38,9,47,16,12,38,9,75,16,8,24,99
10/29/2015,BQN,PR,ASO,ES,Federal Contract Tower,15,12,5,0,32,0,0,30,9,39,15,12,35,9,71,16,24,40,111
10/30/2015,BQN,PR,ASO,ES,Federal Contract Tower,20,12,4,0,36,0,0,22,9,31,20,12,26,9,67,34,20,54,121
10/31/2015,BQN,PR,ASO,ES,Federal Contract Tower,11,0,2,0,13,0,0,21,12,33,11,0,23,12,46,16,20,36,82
11/01/2015,BQN,PR,ASO,ES,Federal Contract Tower,5,0,2,0,7,0,0,20,4,24,5,0,22,4,31,18,28,46,77
11/02/2015,BQN,PR,ASO,ES,Federal Contract Tower,14,12,0,0,26,0,0,31,17,48,14,12,31,17,74,18,2,20,94
11/03/2015,BQN,PR,ASO,ES,Federal Contract Tower,16,14,0,0,30,0,0,50,19,69,16,14,50,19,99,18,10,28,127
11/04/2015,BQN,PR,ASO,ES,Federal Contract Tower,13,10,0,1,24,0,0,32,12,44,13,10,32,13,68,48,8,56,124
11/05/2015,BQN,PR,ASO,ES,Federal Contract Tower,11,13,2,0,26,0,0,35,16,51,11,13,37,16,77,26,6,32,109
11/06/2015,BQN,PR,ASO,ES,Federal Contract Tower,26,8,3,0,37,0,0,30,19,49,26,8,33,19,86,14,28,42,128
11/07/2015,BQN,PR,ASO,ES,Federal Contract Tower,10,0,2,0,12,0,0,14,2,16,10,0,16,2,28,0,0,0,28
11/08/2015,BQN,PR,ASO,ES,Federal Contract Tower,4,0,2,0,6,0,0,17,4,21,4,0,19,4,27,4,12,16,43
11/09/2015,BQN,PR,ASO,ES,Federal Contract Tower,12,14,8,7,41,0,0,45,22,67,12,14,53,29,108,26,44,70,178
11/10/2015,BQN,PR,ASO,ES,Federal Contract Tower,13,13,2,2,30,0,0,37,41,78,13,13,39,43,108,26,74,100,208
11/11/2015,BQN,PR,ASO,ES,Federal Contract Tower,13,12,4,0,29,0,0,32,18,50,13,12,36,18,79,0,0,0,79
11/12/2015,BQN,PR,ASO,ES,Federal Contract Tower,11,13,4,4,32,0,1,24,11,36,11,14,28,15,68,4,22,26,94
11/13/2015,BQN,PR,ASO,ES,Federal Contract Tower,21,13,0,0,34,0,1,31,15,47,21,14,31,15,81,18,16,34,115
11/14/2015,BQN,PR,ASO,ES,Federal Contract Tower,10,0,4,0,14,0,0,31,4,35,10,0,35,4,49,0,20,20,69
11/15/2015,BQN,PR,ASO,ES,Federal Contract Tower,9,0,4,0,13,0,0,23,14,37,9,0,27,14,50,4,0,4,54
11/16/2015,BQN,PR,ASO,ES,Federal Contract Tower,6,12,3,0,21,0,0,29,13,42,6,12,32,13,63,20,0,20,83
11/17/2015,BQN,PR,ASO,ES,Federal Contract Tower,12,17,2,1,32,0,0,51,23,74,12,17,53,24,106,30,0,30,136
11/18/2015,BQN,PR,ASO,ES,Federal Contract Tower,12,17,4,2,35,0,0,43,23,66,12,17,47,25,101,80,66,146,247
11/19/2015,BQN,PR,ASO,ES,Federal Contract Tower,13,13,2,1,29,0,0,43,17,60,13,13,45,18,89,28,40,68,157
11/20/2015,BQN,PR,ASO,ES,Federal Contract Tower,22,10,3,6,41,0,6,37,8,51,22,16,40,14,92,0,0,0,92
11/21/2015,BQN,PR,ASO,ES,Federal Contract Tower,13,0,2,0,15,0,0,14,2,16,13,0,16,2,31,8,0,8,39
11/22/2015,BQN,PR,ASO,ES,Federal Contract Tower,6,0,9,0,15,0,0,5,3,8,6,0,14,3,23,12,0,12,35
11/23/2015,BQN,PR,ASO,ES,Federal Contract Tower,11,12,6,0,29,0,0,33,15,48,11,12,39,15,77,36,12,48,125
11/24/2015,BQN,PR,ASO,ES,Federal Contract Tower,18,12,0,0,30,0,0,47,25,72,18,12,47,25,102,32,8,40,142
11/25/2015,BQN,PR,ASO,ES,Federal Contract Tower,13,10,2,2,27,0,0,30,17,47,13,10,32,19,74,14,22,36,110
11/26/2015,BQN,PR,ASO,ES,Federal Contract Tower,7,5,0,0,12,0,0,21,10,31,7,5,21,10,43,0,0,0,43
11/27/2015,BQN,PR,ASO,ES,Federal Contract Tower,23,7,9,0,39,0,0,56,15,71,23,7,65,15,110,48,0,48,158
11/28/2015,BQN,PR,ASO,ES,Federal Contract Tower,17,0,3,0,20,0,0,24,11,35,17,0,27,11,55,0,0,0,55
11/29/2015,BQN,PR,ASO,ES,Federal Contract Tower,14,0,5,0,19,0,0,18,11,29,14,0,23,11,48,0,0,0,48
11/30/2015,BQN,PR,ASO,ES,Federal Contract Tower,8,10,7,1,26,0,0,45,14,59,8,10,52,15,85,30,4,34,119
12/01/2015,BQN,PR,ASO,ES,Federal Contract Tower,23,13,3,3,42,0,0,62,27,89,23,13,65,30,131,50,14,64,195
12/02/2015,BQN,PR,ASO,ES,Federal Contract Tower,14,12,2,4,32,0,0,29,36,65,14,12,31,40,97,20,64,84,181
12/03/2015,BQN,PR,ASO,ES,Federal Contract Tower,11,11,5,4,31,0,0,44,21,65,11,11,49,25,96,24,90,114,210
12/04/2015,BQN,PR,ASO,ES,Federal Contract Tower,15,14,4,0,33,0,0,55,13,68,15,14,59,13,101,28,4,32,133
12/05/2015,BQN,PR,ASO,ES,Federal Contract Tower,8,3,2,1,14,0,0,19,8,27,8,3,21,9,41,10,38,48,89
12/06/2015,BQN,PR,ASO,ES,Federal Contract Tower,6,1,3,0,10,0,0,33,0,33,6,1,36,0,43,20,0,20,63
12/07/2015,BQN,PR,ASO,ES,Federal Contract Tower,9,12,2,0,23,0,0,41,21,62,9,12,43,21,85,8,46,54,139
12/08/2015,BQN,PR,ASO,ES,Federal Contract Tower,26,14,0,4,44,0,0,38,23,61,26,14,38,27,105,30,60,90,195
12/09/2015,BQN,PR,ASO,ES,Federal Contract Tower,14,14,6,0,34,0,0,45,31,76,14,14,51,31,110,20,34,54,164
12/10/2015,BQN,PR,ASO,ES,Federal Contract Tower,16,14,0,0,30,0,0,32,15,47,16,14,32,15,77,40,28,68,145
12/11/2015,BQN,PR,ASO,ES,Federal Contract Tower,23,12,0,0,35,0,0,29,10,39,23,12,29,10,74,2,38,40,114
12/12/2015,BQN,PR,ASO,ES,Federal Contract Tower,4,0,0,0,4,0,0,20,10,30,4,0,20,10,34,12,0,12,46
12/13/2015,BQN,PR,ASO,ES,Federal Contract Tower,6,0,2,0,8,0,0,9,8,17,6,0,11,8,25,0,8,8,33
12/14/2015,BQN,PR,ASO,ES,Federal Contract Tower,8,14,4,0,26,0,0,44,19,63,8,14,48,19,89,14,6,20,109
12/15/2015,BQN,PR,ASO,ES,Federal Contract Tower,22,11,1,1,35,0,0,40,34,74,22,11,41,35,109,32,64,96,205
12/16/2015,BQN,PR,ASO,ES,Federal Contract Tower,13,12,0,3,28,0,0,37,27,64,13,12,37,30,92,36,84,120,212
12/17/2015,BQN,PR,ASO,ES,Federal Contract Tower,8,15,2,0,25,0,0,33,16,49,8,15,35,16,74,34,58,92,166
12/18/2015,BQN,PR,ASO,ES,Federal Contract Tower,21,18,10,0,49,0,0,39,11,50,21,18,49,11,99,32,10,42,141
12/19/2015,BQN,PR,ASO,ES,Federal Contract Tower,17,0,2,0,19,0,0,17,8,25,17,0,19,8,44,4,20,24,68
12/20/2015,BQN,PR,ASO,ES,Federal Contract Tower,8,0,3,0,11,0,0,12,3,15,8,0,15,3,26,0,4,4,30
12/21/2015,BQN,PR,ASO,ES,Federal Contract Tower,11,17,5,0,33,0,0,33,10,43,11,17,38,10,76,16,14,30,106
12/22/2015,BQN,PR,ASO,ES,Federal Contract Tower,26,13,4,1,44,0,0,43,22,65,26,13,47,23,109,42,54,96,205
12/23/2015,BQN,PR,ASO,ES,Federal Contract Tower,24,14,2,0,40,0,0,60,10,70,24,14,62,10,110,68,2,70,180
12/24/2015,BQN,PR,ASO,ES,Federal Contract Tower,11,15,3,0,29,0,0,42,4,46,11,15,45,4,75,18,6,24,99
12/25/2015,BQN,PR,ASO,ES,Federal Contract Tower,14,0,0,0,14,0,2,2,2,6,14,2,2,2,20,8,0,8,28
12/26/2015,BQN,PR,ASO,ES,Federal Contract Tower,2,0,3,0,5,0,0,16,2,18,2,0,19,2,23,2,0,2,25
12/27/2015,BQN,PR,ASO,ES,Federal Contract Tower,2,0,7,0,9,0,0,16,8,24,2,0,23,8,33,4,10,14,47
12/28/2015,BQN,PR,ASO,ES,Federal Contract Tower,15,15,1,0,31,0,1,19,4,24,15,16,20,4,55,6,18,24,79
12/29/2015,BQN,PR,ASO,ES,Federal Contract Tower,18,14,12,1,45,0,0,46,16,62,18,14,58,17,107,64,10,74,181
12/30/2015,BQN,PR,ASO,ES,Federal Contract Tower,28,14,7,0,49,0,0,29,19,48,28,14,36,19,97,18,10,28,125
12/31/2015,BQN,PR,ASO,ES,Federal Contract Tower,7,2,0,0,9,0,0,22,4,26,7,2,22,4,35,8,4,12,47
01/01/2016,BQN,PR,ASO,ES,Federal Contract Tower,4,0,4,0,8,0,0,3,1,4,4,0,7,1,12,0,0,0,12
01/02/2016,BQN,PR,ASO,ES,Federal Contract Tower,2,0,13,0,15,0,0,15,7,22,2,0,28,7,37,2,12,14,51
01/03/2016,BQN,PR,ASO,ES,Federal Contract Tower,5,0,18,0,23,0,1,31,6,38,5,1,49,6,61,16,0,16,77
01/04/2016,BQN,PR,ASO,ES,Federal Contract Tower,6,13,6,0,25,0,0,18,9,27,6,13,24,9,52,18,6,24,76
01/05/2016,BQN,PR,ASO,ES,Federal Contract Tower,14,13,7,0,34,0,0,38,15,53,14,13,45,15,87,42,36,78,165
01/06/2016,BQN,PR,ASO,ES,Federal Contract Tower,8,13,4,0,25,0,0,32,12,44,8,13,36,12,69,10,16,26,95
01/07/2016,BQN,PR,ASO,ES,Federal Contract Tower,11,11,5,0,27,0,0,40,12,52,11,11,45,12,79,78,0,78,157
01/08/2016,BQN,PR,ASO,ES,Federal Contract Tower,22,17,4,1,44,0,0,32,4,36,22,17,36,5,80,22,6,28,108
01/09/2016,BQN,PR,ASO,ES,Federal Contract Tower,1,0,13,0,14,0,0,18,2,20,1,0,31,2,34,18,0,18,52
01/10/2016,BQN,PR,ASO,ES,Federal Contract Tower,7,0,4,0,11,0,0,19,1,20,7,0,23,1,31,22,0,22,53
01/11/2016,BQN,PR,ASO,ES,Federal Contract Tower,17,16,8,0,41,0,0,39,14,53,17,16,47,14,94,38,14,52,146
01/12/2016,BQN,PR,ASO,ES,Federal Contract Tower,17,13,6,1,37,0,0,46,23,69,17,13,52,24,106,28,22,50,156
01/13/2016,BQN,PR,ASO,ES,Federal Contract Tower,10,15,4,1,30,0,0,30,9,39,10,15,34,10,69,18,30,48,117
01/14/2016,BQN,PR,ASO,ES,Federal Contract Tower,8,16,6,0,30,0,0,24,15,39,8,16,30,15,69,22,70,92,161
01/15/2016,BQN,PR,ASO,ES,Federal Contract Tower,21,14,4,1,40,0,0,24,5,29,21,14,28,6,69,18,30,48,117
01/16/2016,BQN,PR,ASO,ES,Federal Contract Tower,14,0,3,0,17,0,0,12,4,16,14,0,15,4,33,26,34,60,93
01/17/2016,BQN,PR,ASO,ES,Federal Contract Tower,8,0,0,0,8,0,0,15,6,21,8,0,15,6,29,72,16,88,117
01/18/2016,BQN,PR,ASO,ES,Federal Contract Tower,5,15,3,0,23,0,0,24,2,26,5,15,27,2,49,18,0,18,67
01/19/2016,BQN,PR,ASO,ES,Federal Contract Tower,16,13,6,2,37,0,0,58,21,79,16,13,64,23,116,38,72,110,226
01/20/2016,BQN,PR,ASO,ES,Federal Contract Tower,12,12,3,0,27,0,0,29,13,42,12,12,32,13,69,72,6,78,147
01/21/2016,BQN,PR,ASO,ES,Federal Contract Tower,9,12,2,0,23,0,0,25,13,38,9,12,27,13,61,56,38,94,155
01/22/2016,BQN,PR,ASO,ES,Federal Contract Tower,17,15,8,0,40,0,0,44,21,65,17,15,52,21,105,54,58,112,217
01/23/2016,BQN,PR,ASO,ES,Federal Contract Tower,8,0,2,1,11,0,0,19,12,31,8,0,21,13,42,30,4,34,76
01/24/2016,BQN,PR,ASO,ES,Federal Contract Tower,6,0,6,0,12,0,0,37,4,41,6,0,43,4,53,42,28,70,123
01/25/2016,BQN,PR,ASO,ES,Federal Contract Tower,9,11,2,0,22,0,0,14,15,29,9,11,16,15,51,0,36,36,87
01/26/2016,BQN,PR,ASO,ES,Federal Contract Tower,16,19,14,1,50,0,0,30,13,43,16,19,44,14,93,50,12,62,155
01/27/2016,BQN,PR,ASO,ES,Federal Contract Tower,12,13,2,1,28,0,0,24,17,41,12,13,26,18,69,4,42,46,115
01/28/2016,BQN,PR,ASO,ES,Federal Contract Tower,16,15,4,0,35,0,0,54,18,72,16,15,58,18,107,88,14,102,209
01/29/2016,BQN,PR,ASO,ES,Federal Contract Tower,19,14,5,0,38,0,0,34,17,51,19,14,39,17,89,30,48,78,167
01/30/2016,BQN,PR,ASO,ES,Federal Contract Tower,14,0,26,0,40,0,0,27,7,34,14,0,53,7,74,12,0,12,86
01/31/2016,BQN,PR,ASO,ES,Federal Contract Tower,5,0,6,0,11,0,0,21,6,27,5,0,27,6,38,48,6,54,92
02/01/2016,BQN,PR,ASO,ES,Federal Contract Tower,9,15,2,0,26,0,0,31,40,71,9,15,33,40,97,10,36,46,143
02/02/2016,BQN,PR,ASO,ES,Federal Contract Tower,19,12,0,0,31,0,28,33,10,71,19,40,33,10,102,28,26,54,156
02/03/2016,BQN,PR,ASO,ES,Federal Contract Tower,12,16,0,0,28,0,0,41,15,56,12,16,41,15,84,18,74,92,176
02/04/2016,BQN,PR,ASO,ES,Federal Contract Tower,14,20,4,0,38,0,0,40,24,64,14,20,44,24,102,42,31,73,175
02/05/2016,BQN,PR,ASO,ES,Federal Contract Tower,19,17,7,0,43,0,0,49,11,60,19,17,56,11,103,36,26,62,165
02/06/2016,BQN,PR,ASO,ES,Federal Contract Tower,9,0,4,0,13,0,0,27,6,33,9,0,31,6,46,52,0,52,98
02/07/2016,BQN,PR,ASO,ES,Federal Contract Tower,12,0,7,1,20,0,0,17,2,19,12,0,24,3,39,16,6,22,61
02/08/2016,BQN,PR,ASO,ES,Federal Contract Tower,14,8,1,0,23,0,0,22,13,35,14,8,23,13,58,14,54,68,126
02/09/2016,BQN,PR,ASO,ES,Federal Contract Tower,15,16,10,3,44,0,0,39,17,56,15,16,49,20,100,50,22,72,172
02/10/2016,BQN,PR,ASO,ES,Federal Contract Tower,12,10,4,0,26,0,0,32,8,40,12,10,36,8,66,36,38,74,140
02/11/2016,BQN,PR,ASO,ES,Federal Contract Tower,11,11,2,2,26,0,0,38,13,51,11,11,40,15,77,28,88,116,193
02/12/2016,BQN,PR,ASO,ES,Federal Contract Tower,19,14,7,0,40,0,0,30,12,42,19,14,37,12,82,58,0,58,140
02/13/2016,BQN,PR,ASO,ES,Federal Contract Tower,2,0,20,0,22,0,0,17,6,23,2,0,37,6,45,50,0,50,95
02/14/2016,BQN,PR,ASO,ES,Federal Contract Tower,9,0,1,0,10,0,0,6,5,11,9,0,7,5,21,0,0,0,21
02/15/2016,BQN,PR,ASO,ES,Federal Contract Tower,16,12,4,0,32,0,0,7,6,13,16,12,11,6,45,0,0,0,45
02/16/2016,BQN,PR,ASO,ES,Federal Contract Tower,6,3,3,0,12,0,0,37,22,59,6,3,40,22,71,34,42,76,147
02/17/2016,BQN,PR,ASO,ES,Federal Contract Tower,10,14,10,0,34,0,0,44,20,64,10,14,54,20,98,46,42,88,186
02/18/2016,BQN,PR,ASO,ES,Federal Contract Tower,11,15,3,0,29,0,0,42,17,59,11,15,45,17,88,50,12,62,150
02/19/2016,BQN,PR,ASO,ES,Federal Contract Tower,22,12,8,1,43,0,0,37,13,50,22,12,45,14,93,74,30,104,197
02/20/2016,BQN,PR,ASO,ES,Federal Contract Tower,9,0,2,0,11,0,0,14,8,22,9,0,16,8,33,4,14,18,51
02/21/2016,BQN,PR,ASO,ES,Federal Contract Tower,13,0,2,1,16,0,0,8,7,15,13,0,10,8,31,2,20,22,53
02/22/2016,BQN,PR,ASO,ES,Federal Contract Tower,5,16,7,2,30,0,0,55,23,78,5,16,62,25,108,54,8,62,170
02/23/2016,BQN,PR,ASO,ES,Federal Contract Tower,26,14,6,5,51,0,0,55,18,73,26,14,61,23,124,152,102,254,378
02/24/2016,BQN,PR,ASO,ES,Federal Contract Tower,6,6,0,1,13,0,0,3,2,5,6,6,3,3,18,0,2,2,20
02/25/2016,BQN,PR,ASO,ES,Federal Contract Tower,10,15,6,2,33,0,0,35,24,59,10,15,41,26,92,30,50,80,172
02/26/2016,BQN,PR,ASO,ES,Federal Contract Tower,23,13,7,1,44,0,0,42,11,53,23,13,49,12,97,86,28,114,211
02/27/2016,BQN,PR,ASO,ES,Federal Contract Tower,3,0,5,0,8,0,0,30,8,38,3,0,35,8,46,50,8,58,104
02/28/2016,BQN,PR,ASO,ES,Federal Contract Tower,12,0,1,1,14,0,0,7,4,11,12,0,8,5,25,0,0,0,25
02/29/2016,BQN,PR,ASO,ES,Federal Contract Tower,10,14,1,0,25,0,0,26,9,35,10,14,27,9,60,8,2,10,70
03/01/2016,BQN,PR,ASO,ES,Federal Contract Tower,14,15,4,0,33,0,0,43,17,60,14,15,47,17,93,88,12,100,193
03/02/2016,BQN,PR,ASO,ES,Federal Contract Tower,12,10,4,0,26,0,0,58,23,81,12,10,62,23,107,98,0,98,205
03/03/2016,BQN,PR,ASO,ES,Federal Contract Tower,9,12,1,0,22,0,0,37,19,56,9,12,38,19,78,50,8,58,136
03/04/2016,BQN,PR,ASO,ES,Federal Contract Tower,10,15,3,2,30,0,0,34,9,43,10,15,37,11,73,32,10,42,115
03/05/2016,BQN,PR,ASO,ES,Federal Contract Tower,1,0,3,0,4,0,0,28,6,34,1,0,31,6,38,26,2,28,66
03/06/2016,BQN,PR,ASO,ES,Federal Contract Tower,9,0,0,0,9,0,0,14,6,20,9,0,14,6,29,0,0,0,29
03/07/2016,BQN,PR,ASO,ES,Federal Contract Tower,14,16,7,1,38,0,0,22,10,32,14,16,29,11,70,28,8,36,106
03/08/2016,BQN,PR,ASO,ES,Federal Contract Tower,16,14,7,0,37,0,0,29,22,51,16,14,36,22,88,40,18,58,146
03/09/2016,BQN,PR,ASO,ES,Federal Contract Tower,7,11,0,6,24,0,0,28,16,44,7,11,28,22,68,10,74,84,152
03/10/2016,BQN,PR,ASO,ES,Federal Contract Tower,6,13,1,0,20,0,0,43,31,74,6,13,44,31,94,66,12,78,172
03/11/2016,BQN,PR,ASO,ES,Federal Contract Tower,19,15,5,0,39,0,0,34,14,48,19,15,39,14,87,20,24,44,131
03/12/2016,BQN,PR,ASO,ES,Federal Contract Tower,3,0,3,1,7,0,0,9,5,14,3,0,12,6,21,8,12,20,41
03/13/2016,BQN,PR,ASO,ES,Federal Contract Tower,6,0,5,0,11,0,0,11,3,14,6,0,16,3,25,36,10,46,71
03/14/2016,BQN,PR,ASO,ES,Federal Contract Tower,15,14,8,0,37,0,0,19,16,35,15,14,27,16,72,12,50,62,134
03/15/2016,BQN,PR,ASO,ES,Federal Contract Tower,12,16,2,3,33,0,0,57,12,69,12,16,59,15,102,28,32,60,162
03/16/2016,BQN,PR,ASO,ES,Federal Contract Tower,11,13,4,4,32,0,0,28,11,39,11,13,32,15,71,14,44,58,129
03/17/2016,BQN,PR,ASO,ES,Federal Contract Tower,8,14,2,1,25,0,0,24,21,45,8,14,26,22,70,32,0,32,102
03/18/2016,BQN,PR,ASO,ES,Federal Contract Tower,18,15,11,2,46,0,0,27,11,38,18,15,38,13,84,18,8,26,110
03/19/2016,BQN,PR,ASO,ES,Federal Contract Tower,4,0,2,2,8,0,0,24,5,29,4,0,26,7,37,30,28,58,95
03/20/2016,BQN,PR,ASO,ES,Federal Contract Tower,5,0,9,6,20,0,0,30,15,45,5,0,39,21,65,8,6,14,79
03/21/2016,BQN,PR,ASO,ES,Federal Contract Tower,11,10,6,1,28,0,1,31,12,44,11,11,37,13,72,28,32,60,132
03/22/2016,BQN,PR,ASO,ES,Federal Contract Tower,17,10,2,7,36,0,0,33,20,53,17,10,35,27,89,52,44,96,185
03/23/2016,BQN,PR,ASO,ES,Federal Contract Tower,12,12,8,1,33,0,0,28,16,44,12,12,36,17,77,30,12,42,119
03/24/2016,BQN,PR,ASO,ES,Federal Contract Tower,6,10,3,1,20,0,0,29,12,41,6,10,32,13,61,36,18,54,115
03/25/2016,BQN,PR,ASO,ES,Federal Contract Tower,8,0,0,0,8,0,0,14,15,29,8,0,14,15,37,18,22,40,77
03/27/2016,BQN,PR,ASO,ES,Federal Contract Tower,4,0,8,0,12,0,0,25,2,27,4,0,33,2,39,14,0,14,53
03/28/2016,BQN,PR,ASO,ES,Federal Contract Tower,6,12,5,0,23,0,0,18,18,36,6,12,23,18,59,18,18,36,95
03/29/2016,BQN,PR,ASO,ES,Federal Contract Tower,14,13,3,0,30,0,0,25,12,37,14,13,28,12,67,32,18,50,117
03/30/2016,BQN,PR,ASO,ES,Federal Contract Tower,17,14,2,2,35,0,0,46,10,56,17,14,48,12,91,8,38,46,137
03/31/2016,BQN,PR,ASO,ES,Federal Contract Tower,7,13,5,2,27,0,0,32,22,54,7,13,37,24,81,18,20,38,119
04/01/2016,BQN,PR,ASO,ES,Federal Contract Tower,18,16,4,0,38,0,0,40,9,49,18,16,44,9,87,54,38,92,179
04/02/2016,BQN,PR,ASO,ES,Federal Contract Tower,1,0,4,0,5,0,0,19,3,22,1,0,23,3,27,26,0,26,53
04/03/2016,BQN,PR,ASO,ES,Federal Contract Tower,7,0,7,0,14,0,0,19,4,23,7,0,26,4,37,0,16,16,53
04/04/2016,BQN,PR,ASO,ES,Federal Contract Tower,5,14,2,0,21,0,0,34,11,45,5,14,36,11,66,16,0,16,82
04/05/2016,BQN,PR,ASO,ES,Federal Contract Tower,21,14,5,0,40,0,0,40,17,57,21,14,45,17,97,35,10,45,142
04/06/2016,BQN,PR,ASO,ES,Federal Contract Tower,5,19,2,3,29,0,0,44,11,55,5,19,46,14,84,2,18,20,104
04/07/2016,BQN,PR,ASO,ES,Federal Contract Tower,9,14,0,0,23,0,0,21,18,39,9,14,21,18,62,32,24,56,118
04/08/2016,BQN,PR,ASO,ES,Federal Contract Tower,16,11,4,0,31,0,0,22,11,33,16,11,26,11,64,30,38,68,132
04/09/2016,BQN,PR,ASO,ES,Federal Contract Tower,2,0,2,0,4,0,0,6,4,10,2,0,8,4,14,0,0,0,14
04/10/2016,BQN,PR,ASO,ES,Federal Contract Tower,5,0,1,0,6,0,0,53,0,53,5,0,54,0,59,0,0,0,59
04/11/2016,BQN,PR,ASO,ES,Federal Contract Tower,6,17,2,3,28,0,0,28,15,43,6,17,30,18,71,0,36,36,107
04/12/2016,BQN,PR,ASO,ES,Federal Contract Tower,12,14,2,1,29,0,0,32,14,46,12,14,34,15,75,18,6,24,99
04/13/2016,BQN,PR,ASO,ES,Federal Contract Tower,11,11,11,1,34,0,0,52,20,72,11,11,63,21,106,16,20,36,142
04/14/2016,BQN,PR,ASO,ES,Federal Contract Tower,10,12,4,0,26,0,0,32,30,62,10,12,36,30,88,84,30,114,202
04/15/2016,BQN,PR,ASO,ES,Federal Contract Tower,9,17,1,0,27,0,0,21,11,32,9,17,22,11,59,28,10,38,97
04/16/2016,BQN,PR,ASO,ES,Federal Contract Tower,1,0,0,0,1,0,0,11,6,17,1,0,11,6,18,0,8,8,26
04/17/2016,BQN,PR,ASO,ES,Federal Contract Tower,5,0,3,0,8,0,0,5,7,12,5,0,8,7,20,0,0,0,20
04/18/2016,BQN,PR,ASO,ES,Federal Contract Tower,11,16,9,0,36,0,0,35,12,47,11,16,44,12,83,50,20,70,153
04/19/2016,BQN,PR,ASO,ES,Federal Contract Tower,15,10,8,1,34,0,0,34,15,49,15,10,42,16,83,20,14,34,117
04/20/2016,BQN,PR,ASO,ES,Federal Contract Tower,19,14,2,3,38,0,0,36,25,61,19,14,38,28,99,24,56,80,179
04/21/2016,BQN,PR,ASO,ES,Federal Contract Tower,7,14,4,0,25,0,2,41,23,66,7,16,45,23,91,52,20,72,163
04/22/2016,BQN,PR,ASO,ES,Federal Contract Tower,15,16,5,0,36,0,0,34,6,40,15,16,39,6,76,78,22,100,176
04/23/2016,BQN,PR,ASO,ES,Federal Contract Tower,3,0,3,0,6,0,0,21,3,24,3,0,24,3,30,0,0,0,30
04/24/2016,BQN,PR,ASO,ES,Federal Contract Tower,3,0,6,0,9,0,0,16,6,22,3,0,22,6,31,0,0,0,31
04/25/2016,BQN,PR,ASO,ES,Federal Contract Tower,12,9,6,0,27,0,0,22,16,38,12,9,28,16,65,0,14,14,79
04/26/2016,BQN,PR,ASO,ES,Federal Contract Tower,14,12,5,0,31,0,0,19,5,24,14,12,24,5,55,0,0,0,55
04/27/2016,BQN,PR,ASO,ES,Federal Contract Tower,22,7,4,1,34,0,0,38,15,53,22,7,42,16,87,18,38,56,143
04/28/2016,BQN,PR,ASO,ES,Federal Contract Tower,10,11,6,0,27,0,0,31,10,41,10,11,37,10,68,8,32,40,108
04/29/2016,BQN,PR,ASO,ES,Federal Contract Tower,8,17,3,0,28,0,0,33,20,53,8,17,36,20,81,32,18,50,131
04/30/2016,BQN,PR,ASO,ES,Federal Contract Tower,12,0,2,0,14,0,0,10,2,12,12,0,12,2,26,0,56,56,82
05/01/2016,BQN,PR,ASO,ES,Federal Contract Tower,5,0,5,0,10,0,0,27,11,38,5,0,32,11,48,28,32,60,108
05/02/2016,BQN,PR,ASO,ES,Federal Contract Tower,7,6,2,1,16,0,0,9,8,17,7,6,11,9,33,50,42,92,125
05/03/2016,BQN,PR,ASO,ES,Federal Contract Tower,11,15,4,2,32,0,0,27,10,37,11,15,31,12,69,58,38,96,165
05/04/2016,BQN,PR,ASO,ES,Federal Contract Tower,19,13,2,0,34,0,0,23,6,29,19,13,25,6,63,18,24,42,105
05/05/2016,BQN,PR,ASO,ES,Federal Contract Tower,11,11,3,3,28,0,1,32,17,50,11,12,35,20,78,32,20,52,130
05/06/2016,BQN,PR,ASO,ES,Federal Contract Tower,13,16,9,0,38,0,0,20,17,37,13,16,29,17,75,16,4,20,95
05/07/2016,BQN,PR,ASO,ES,Federal Contract Tower,4,0,5,0,9,0,0,30,4,34,4,0,35,4,43,54,10,64,107
05/08/2016,BQN,PR,ASO,ES,Federal Contract Tower,8,0,5,0,13,0,0,0,0,0,8,0,5,0,13,0,0,0,13
05/09/2016,BQN,PR,ASO,ES,Federal Contract Tower,8,12,1,1,22,0,0,9,8,17,8,12,10,9,39,6,0,6,45
05/10/2016,BQN,PR,ASO,ES,Federal Contract Tower,17,13,6,0,36,0,0,44,16,60,17,13,50,16,96,42,22,64,160
05/11/2016,BQN,PR,ASO,ES,Federal Contract Tower,13,12,2,1,28,0,0,39,17,56,13,12,41,18,84,74,46,120,204
05/12/2016,BQN,PR,ASO,ES,Federal Contract Tower,13,12,5,0,30,0,0,46,23,69,13,12,51,23,99,44,12,56,155
05/13/2016,BQN,PR,ASO,ES,Federal Contract Tower,12,15,1,0,28,0,0,21,5,26,12,15,22,5,54,10,24,34,88
05/14/2016,BQN,PR,ASO,ES,Federal Contract Tower,4,0,3,0,7,0,0,40,6,46,4,0,43,6,53,6,0,6,59
05/15/2016,BQN,PR,ASO,ES,Federal Contract Tower,7,0,0,0,7,0,0,17,4,21,7,0,17,4,28,16,0,16,44
05/16/2016,BQN,PR,ASO,ES,Federal Contract Tower,12,13,1,0,26,0,0,18,16,34,12,13,19,16,60,16,12,28,88
05/17/2016,BQN,PR,ASO,ES,Federal Contract Tower,17,15,7,1,40,0,0,30,16,46,17,15,37,17,86,20,32,52,138
05/18/2016,BQN,PR,ASO,ES,Federal Contract Tower,13,14,2,0,29,0,0,37,23,60,13,14,39,23,89,38,0,38,127
05/19/2016,BQN,PR,ASO,ES,Federal Contract Tower,12,14,2,2,30,0,0,37,21,58,12,14,39,23,88,20,6,26,114
05/20/2016,BQN,PR,ASO,ES,Federal Contract Tower,14,19,2,0,35,0,0,19,13,32,14,19,21,13,67,16,2,18,85
05/21/2016,BQN,PR,ASO,ES,Federal Contract Tower,6,0,2,0,8,0,0,35,10,45,6,0,37,10,53,18,10,28,81
05/22/2016,BQN,PR,ASO,ES,Federal Contract Tower,5,0,2,0,7,0,0,16,13,29,5,0,18,13,36,34,0,34,70
05/23/2016,BQN,PR,ASO,ES,Federal Contract Tower,20,13,4,0,37,0,0,33,16,49,20,13,37,16,86,34,30,64,150
05/24/2016,BQN,PR,ASO,ES,Federal Contract Tower,14,14,5,2,35,0,0,22,19,41,14,14,27,21,76,28,0,28,104
05/25/2016,BQN,PR,ASO,ES,Federal Contract Tower,12,13,1,0,26,0,0,27,13,40,12,13,28,13,66,54,23,77,143
05/26/2016,BQN,PR,ASO,ES,Federal Contract Tower,9,12,10,0,31,0,0,32,11,43,9,12,42,11,74,26,12,38,112
05/27/2016,BQN,PR,ASO,ES,Federal Contract Tower,12,16,0,1,29,0,0,15,15,30,12,16,15,16,59,26,10,36,95
05/28/2016,BQN,PR,ASO,ES,Federal Contract Tower,5,0,3,0,8,0,0,24,2,26,5,0,27,2,34,14,0,14,48
05/29/2016,BQN,PR,ASO,ES,Federal Contract Tower,7,3,0,0,10,0,0,17,6,23,7,3,17,6,33,0,0,0,33
05/30/2016,BQN,PR,ASO,ES,Federal Contract Tower,6,0,2,0,8,0,0,7,4,11,6,0,9,4,19,0,2,2,21
05/31/2016,BQN,PR,ASO,ES,Federal Contract Tower,14,18,9,1,42,0,0,31,12,43,14,18,40,13,85,40,82,122,207
06/01/2016,BQN,PR,ASO,ES,Federal Contract Tower,11,21,4,0,36,0,0,23,10,33,11,21,27,10,69,44,32,76,145
06/02/2016,BQN,PR,ASO,ES,Federal Contract Tower,11,13,0,2,26,0,0,31,15,46,11,13,31,17,72,38,8,46,118
06/03/2016,BQN,PR,ASO,ES,Federal Contract Tower,22,15,2,0,39,0,0,20,12,32,22,15,22,12,71,10,10,20,91
06/04/2016,BQN,PR,ASO,ES,Federal Contract Tower,5,3,4,1,13,0,0,11,2,13,5,3,15,3,26,0,10,10,36
06/05/2016,BQN,PR,ASO,ES,Federal Contract Tower,5,0,1,2,8,0,0,21,11,32,5,0,22,13,40,34,22,56,96
06/06/2016,BQN,PR,ASO,ES,Federal Contract Tower,13,13,3,1,30,0,0,29,21,50,13,13,32,22,80,36,63,99,179
06/07/2016,BQN,PR,ASO,ES,Federal Contract Tower,13,13,4,2,32,0,0,27,27,54,13,13,31,29,86,25,8,33,119
06/08/2016,BQN,PR,ASO,ES,Federal Contract Tower,9,15,7,2,33,0,0,34,27,61,9,15,41,29,94,66,46,112,206
06/09/2016,BQN,PR,ASO,ES,Federal Contract Tower,10,13,0,0,23,0,0,28,18,46,10,13,28,18,69,36,24,60,129
06/10/2016,BQN,PR,ASO,ES,Federal Contract Tower,19,19,2,0,40,0,0,20,18,38,19,19,22,18,78,8,30,38,116
06/11/2016,BQN,PR,ASO,ES,Federal Contract Tower,3,1,2,0,6,0,0,38,8,46,3,1,40,8,52,66,4,70,122
06/12/2016,BQN,PR,ASO,ES,Federal Contract Tower,6,0,1,0,7,0,0,12,10,22,6,0,13,10,29,27,8,35,64
06/13/2016,BQN,PR,ASO,ES,Federal Contract Tower,22,14,5,0,41,0,0,23,26,49,22,14,28,26,90,2,62,64,154
06/14/2016,BQN,PR,ASO,ES,Federal Contract Tower,13,12,0,0,25,0,2,13,23,38,13,14,13,23,63,32,8,40,103
06/15/2016,BQN,PR,ASO,ES,Federal Contract Tower,21,12,3,2,38,0,0,23,14,37,21,12,26,16,75,38,8,46,121
06/16/2016,BQN,PR,ASO,ES,Federal Contract Tower,12,13,0,0,25,0,0,31,16,47,12,13,31,16,72,36,14,50,122
06/17/2016,BQN,PR,ASO,ES,Federal Contract Tower,15,17,1,0,33,0,0,26,7,33,15,17,27,7,66,20,6,26,92
06/18/2016,BQN,PR,ASO,ES,Federal Contract Tower,6,0,4,3,13,0,0,17,12,29,6,0,21,15,42,18,0,18,60
06/19/2016,BQN,PR,ASO,ES,Federal Contract Tower,10,0,0,0,10,0,0,8,2,10,10,0,8,2,20,18,0,18,38
06/20/2016,BQN,PR,ASO,ES,Federal Contract Tower,13,14,4,0,31,0,0,16,16,32,13,14,20,16,63,16,30,46,109
06/21/2016,BQN,PR,ASO,ES,Federal Contract Tower,19,12,0,2,33,0,0,39,17,56,19,12,39,19,89,40,24,64,153
06/22/2016,BQN,PR,ASO,ES,Federal Contract Tower,13,16,1,0,30,0,0,34,16,50,13,16,35,16,80,46,36,82,162
06/23/2016,BQN,PR,ASO,ES,Federal Contract Tower,19,14,3,0,36,0,4,35,18,57,19,18,38,18,93,54,16,70,163
06/24/2016,BQN,PR,ASO,ES,Federal Contract Tower,15,14,7,0,36,0,0,27,13,40,15,14,34,13,76,14,24,38,114
06/25/2016,BQN,PR,ASO,ES,Federal Contract Tower,8,2,0,0,10,0,0,11,3,14,8,2,11,3,24,4,12,16,40
06/26/2016,BQN,PR,ASO,ES,Federal Contract Tower,9,0,2,0,11,0,0,22,13,35,9,0,24,13,46,0,10,10,56
06/27/2016,BQN,PR,ASO,ES,Federal Contract Tower,21,14,5,0,40,0,0,20,7,27,21,14,25,7,67,4,16,20,87
06/28/2016,BQN,PR,ASO,ES,Federal Contract Tower,15,19,6,1,41,0,0,21,8,29,15,19,27,9,70,46,22,68,138
06/29/2016,BQN,PR,ASO,ES,Federal Contract Tower,12,16,0,0,28,0,0,27,11,38,12,16,27,11,66,54,8,62,128
06/30/2016,BQN,PR,ASO,ES,Federal Contract Tower,13,14,9,0,36,0,0,35,16,51,13,14,44,16,87,20,2,22,109
07/01/2016,BQN,PR,ASO,ES,Federal Contract Tower,16,15,7,0,38,0,0,23,7,30,16,15,30,7,68,30,0,30,98
07/02/2016,BQN,PR,ASO,ES,Federal Contract Tower,14,0,2,0,16,0,0,9,5,14,14,0,11,5,30,6,0,6,36
07/03/2016,BQN,PR,ASO,ES,Federal Contract Tower,15,0,0,0,15,0,0,9,10,19,15,0,9,10,34,2,14,16,50
07/04/2016,BQN,PR,ASO,ES,Federal Contract Tower,14,0,5,0,19,0,0,26,3,29,14,0,31,3,48,0,0,0,48
07/05/2016,BQN,PR,ASO,ES,Federal Contract Tower,16,13,2,0,31,0,0,33,19,52,16,13,35,19,83,28,6,34,117
07/06/2016,BQN,PR,ASO,ES,Federal Contract Tower,19,14,1,5,39,0,0,30,16,46,19,14,31,21,85,28,30,58,143
07/07/2016,BQN,PR,ASO,ES,Federal Contract Tower,26,16,5,2,49,0,0,24,12,36,26,16,29,14,85,40,4,44,129
07/08/2016,BQN,PR,ASO,ES,Federal Contract Tower,16,13,3,0,32,0,0,33,1,34,16,13,36,1,66,12,0,12,78
07/09/2016,BQN,PR,ASO,ES,Federal Contract Tower,15,0,1,0,16,0,0,21,7,28,15,0,22,7,44,32,8,40,84
07/10/2016,BQN,PR,ASO,ES,Federal Contract Tower,13,0,5,0,18,0,0,16,5,21,13,0,21,5,39,10,12,22,61
07/11/2016,BQN,PR,ASO,ES,Federal Contract Tower,11,16,1,0,28,0,0,8,8,16,11,16,9,8,44,0,30,30,74
07/12/2016,BQN,PR,ASO,ES,Federal Contract Tower,19,12,9,0,40,0,0,35,15,50,19,12,44,15,90,34,12,46,136
07/13/2016,BQN,PR,ASO,ES,Federal Contract Tower,16,12,2,1,31,0,0,35,6,41,16,12,37,7,72,36,16,52,124
07/14/2016,BQN,PR,ASO,ES,Federal Contract Tower,15,14,6,0,35,0,0,33,14,47,15,14,39,14,82,30,14,44,126
07/15/2016,BQN,PR,ASO,ES,Federal Contract Tower,15,13,0,0,28,0,0,25,13,38,15,13,25,13,66,18,2,20,86
07/16/2016,BQN,PR,ASO,ES,Federal Contract Tower,5,0,4,1,10,0,0,16,3,19,5,0,20,4,29,6,10,16,45
07/17/2016,BQN,PR,ASO,ES,Federal Contract Tower,19,0,2,1,22,0,0,15,8,23,19,0,17,9,45,4,10,14,59
07/18/2016,BQN,PR,ASO,ES,Federal Contract Tower,16,11,3,0,30,0,0,38,18,56,16,11,41,18,86,10,8,18,104
07/19/2016,BQN,PR,ASO,ES,Federal Contract Tower,19,11,1,0,31,0,0,42,17,59,19,11,43,17,90,51,28,79,169
07/20/2016,BQN,PR,ASO,ES,Federal Contract Tower,16,13,2,0,31,0,0,18,5,23,16,13,20,5,54,14,32,46,100
07/21/2016,BQN,PR,ASO,ES,Federal Contract Tower,24,12,1,2,39,0,0,38,20,58,24,12,39,22,97,22,14,36,133
07/22/2016,BQN,PR,ASO,ES,Federal Contract Tower,20,12,0,0,32,0,0,43,18,61,20,12,43,18,93,28,26,54,147
07/23/2016,BQN,PR,ASO,ES,Federal Contract Tower,14,0,1,0,15,0,0,29,7,36,14,0,30,7,51,14,12,26,77
07/24/2016,BQN,PR,ASO,ES,Federal Contract Tower,25,0,0,0,25,0,0,26,1,27,25,0,26,1,52,0,0,0,52
07/25/2016,BQN,PR,ASO,ES,Federal Contract Tower,18,10,6,0,34,0,0,32,22,54,18,10,38,22,88,8,12,20,108
07/26/2016,BQN,PR,ASO,ES,Federal Contract Tower,19,13,3,1,36,0,0,20,11,31,19,13,23,12,67,0,0,0,67
07/27/2016,BQN,PR,ASO,ES,Federal Contract Tower,17,16,2,0,35,0,0,37,8,45,17,16,39,8,80,72,32,104,184
07/28/2016,BQN,PR,ASO,ES,Federal Contract Tower,26,13,5,0,44,0,0,26,20,46,26,13,31,20,90,18,16,34,124
07/29/2016,BQN,PR,ASO,ES,Federal Contract Tower,21,12,4,0,37,0,0,14,6,20,21,12,18,6,57,10,0,10,67
07/30/2016,BQN,PR,ASO,ES,Federal Contract Tower,15,0,7,0,22,0,0,21,3,24,15,0,28,3,46,12,0,12,58
07/31/2016,BQN,PR,ASO,ES,Federal Contract Tower,17,0,1,0,18,0,0,11,2,13,17,0,12,2,31,0,62,62,93
08/01/2016,BQN,PR,ASO,ES,Federal Contract Tower,12,11,12,2,37,0,0,4,13,17,12,11,16,15,54,0,38,38,92
08/02/2016,BQN,PR,ASO,ES,Federal Contract Tower,20,12,2,0,34,0,0,26,17,43,20,12,28,17,77,28,6,34,111
08/03/2016,BQN,PR,ASO,ES,Federal Contract Tower,18,12,4,3,37,0,0,34,11,45,18,12,38,14,82,80,26,106,188
08/04/2016,BQN,PR,ASO,ES,Federal Contract Tower,23,15,2,2,42,0,0,36,4,40,23,15,38,6,82,48,48,96,178
08/05/2016,BQN,PR,ASO,ES,Federal Contract Tower,16,11,6,1,34,0,0,23,11,34,16,11,29,12,68,12,30,42,110
08/06/2016,BQN,PR,ASO,ES,Federal Contract Tower,14,0,2,0,16,0,0,8,2,10,14,0,10,2,26,0,0,0,26
08/07/2016,BQN,PR,ASO,ES,Federal Contract Tower,23,0,1,4,28,0,0,22,7,29,23,0,23,11,57,0,0,0,57
08/08/2016,BQN,PR,ASO,ES,Federal Contract Tower,12,12,4,5,33,0,0,17,9,26,12,12,21,14,59,0,50,50,109
08/09/2016,BQN,PR,ASO,ES,Federal Contract Tower,20,12,3,0,35,0,0,38,24,62,20,12,41,24,97,28,22,50,147
08/10/2016,BQN,PR,ASO,ES,Federal Contract Tower,25,14,5,2,46,0,0,34,20,54,25,14,39,22,100,32,56,88,188
08/11/2016,BQN,PR,ASO,ES,Federal Contract Tower,18,16,3,0,37,0,0,35,13,48,18,16,38,13,85,26,24,50,135
08/12/2016,BQN,PR,ASO,ES,Federal Contract Tower,16,11,4,1,32,0,0,28,3,31,16,11,32,4,63,16,0,16,79
08/13/2016,BQN,PR,ASO,ES,Federal Contract Tower,14,0,3,0,17,0,0,28,1,29,14,0,31,1,46,32,0,32,78
08/14/2016,BQN,PR,ASO,ES,Federal Contract Tower,21,2,5,0,28,0,0,45,2,47,21,2,50,2,75,4,2,6,81
08/15/2016,BQN,PR,ASO,ES,Federal Contract Tower,12,15,2,3,32,0,0,32,11,43,12,15,34,14,75,22,22,44,119
08/16/2016,BQN,PR,ASO,ES,Federal Contract Tower,19,9,3,1,32,0,0,26,19,45,19,9,29,20,77,12,52,64,141
08/17/2016,BQN,PR,ASO,ES,Federal Contract Tower,15,13,6,1,35,0,0,44,18,62,15,13,50,19,97,36,20,56,153
08/18/2016,BQN,PR,ASO,ES,Federal Contract Tower,21,13,3,0,37,0,0,42,31,73,21,13,45,31,110,50,36,86,196
08/19/2016,BQN,PR,ASO,ES,Federal Contract Tower,13,15,1,0,29,0,0,35,13,48,13,15,36,13,77,24,8,32,109
08/20/2016,BQN,PR,ASO,ES,Federal Contract Tower,12,2,2,0,16,0,0,20,11,31,12,2,22,11,47,32,0,32,79
08/21/2016,BQN,PR,ASO,ES,Federal Contract Tower,24,0,0,0,24,0,0,21,14,35,24,0,21,14,59,10,36,46,105
08/22/2016,BQN,PR,ASO,ES,Federal Contract Tower,18,14,0,0,32,0,1,14,6,21,18,15,14,6,53,0,60,60,113
08/23/2016,BQN,PR,ASO,ES,Federal Contract Tower,17,13,4,2,36,0,0,33,19,52,17,13,37,21,88,56,18,74,162
08/24/2016,BQN,PR,ASO,ES,Federal Contract Tower,23,11,5,1,40,0,0,21,5,26,23,11,26,6,66,22,40,62,128
08/25/2016,BQN,PR,ASO,ES,Federal Contract Tower,22,8,0,1,31,0,0,20,21,41,22,8,20,22,72,8,32,40,112
08/26/2016,BQN,PR,ASO,ES,Federal Contract Tower,15,15,2,2,34,0,0,16,7,23,15,15,18,9,57,30,22,52,109
08/27/2016,BQN,PR,ASO,ES,Federal Contract Tower,8,0,2,0,10,0,0,21,0,21,8,0,23,0,31,46,0,46,77
08/28/2016,BQN,PR,ASO,ES,Federal Contract Tower,20,0,3,1,24,0,0,14,2,16,20,0,17,3,40,8,6,14,54
08/29/2016,BQN,PR,ASO,ES,Federal Contract Tower,24,15,4,1,44,0,0,34,10,44,24,15,38,11,88,2,34,36,124
08/30/2016,BQN,PR,ASO,ES,Federal Contract Tower,25,10,0,1,36,0,1,41,14,56,25,11,41,15,92,32,20,52,144
08/31/2016,BQN,PR,ASO,ES,Federal Contract Tower,13,11,0,3,27,0,0,36,14,50,13,11,36,17,77,36,30,66,143
09/01/2016,BQN,PR,ASO,ES,Federal Contract Tower,20,13,0,0,33,0,0,41,15,56,20,13,41,15,89,16,0,16,105
09/02/2016,BQN,PR,ASO,ES,Federal Contract Tower,16,17,1,0,34,0,0,21,10,31,16,17,22,10,65,0,24,24,89
09/03/2016,BQN,PR,ASO,ES,Federal Contract Tower,13,0,6,0,19,0,0,15,5,20,13,0,21,5,39,8,0,8,47
09/04/2016,BQN,PR,ASO,ES,Federal Contract Tower,18,0,6,0,24,0,0,8,10,18,18,0,14,10,42,0,20,20,62
09/05/2016,BQN,PR,ASO,ES,Federal Contract Tower,8,0,7,1,16,0,0,17,1,18,8,0,24,2,34,8,0,8,42
09/06/2016,BQN,PR,ASO,ES,Federal Contract Tower,16,14,3,1,34,0,0,35,13,48,16,14,38,14,82,56,14,70,152
09/07/2016,BQN,PR,ASO,ES,Federal Contract Tower,19,13,3,1,36,0,0,37,20,57,19,13,40,21,93,24,54,78,171
09/08/2016,BQN,PR,ASO,ES,Federal Contract Tower,18,13,2,1,34,0,0,36,16,52,18,13,38,17,86,42,44,86,172
09/09/2016,BQN,PR,ASO,ES,Federal Contract Tower,15,12,6,0,33,0,0,31,21,52,15,12,37,21,85,38,46,84,169
09/10/2016,BQN,PR,ASO,ES,Federal Contract Tower,4,0,4,0,8,0,0,26,10,36,4,0,30,10,44,14,52,66,110
09/11/2016,BQN,PR,ASO,ES,Federal Contract Tower,16,0,2,1,19,0,0,17,7,24,16,0,19,8,43,30,16,46,89
09/12/2016,BQN,PR,ASO,ES,Federal Contract Tower,9,16,1,3,29,0,0,11,8,19,9,16,12,11,48,0,4,4,52
09/13/2016,BQN,PR,ASO,ES,Federal Contract Tower,17,14,0,0,31,0,0,25,21,46,17,14,25,21,77,22,30,52,129
09/14/2016,BQN,PR,ASO,ES,Federal Contract Tower,16,13,4,3,36,0,0,28,14,42,16,13,32,17,78,56,40,96,174
09/15/2016,BQN,PR,ASO,ES,Federal Contract Tower,20,13,0,1,34,0,0,28,13,41,20,13,28,14,75,24,10,34,109
09/16/2016,BQN,PR,ASO,ES,Federal Contract Tower,15,14,5,0,34,0,0,21,10,31,15,14,26,10,65,8,28,36,101
09/17/2016,BQN,PR,ASO,ES,Federal Contract Tower,3,0,1,0,4,0,0,20,9,29,3,0,21,9,33,6,0,6,39
09/18/2016,BQN,PR,ASO,ES,Federal Contract Tower,16,0,8,0,24,0,0,13,12,25,16,0,21,12,49,0,8,8,57
09/19/2016,BQN,PR,ASO,ES,Federal Contract Tower,11,13,2,1,27,0,0,24,18,42,11,13,26,19,69,12,42,54,123
09/20/2016,BQN,PR,ASO,ES,Federal Contract Tower,19,13,3,3,38,0,0,24,14,38,19,13,27,17,76,32,14,46,122
09/21/2016,BQN,PR,ASO,ES,Federal Contract Tower,16,14,4,0,34,0,0,15,13,28,16,14,19,13,62,14,26,40,102
09/22/2016,BQN,PR,ASO,ES,Federal Contract Tower,17,13,2,0,32,0,5,23,8,36,17,18,25,8,68,18,20,38,106
09/23/2016,BQN,PR,ASO,ES,Federal Contract Tower,14,14,2,3,33,0,0,25,15,40,14,14,27,18,73,26,52,78,151
09/24/2016,BQN,PR,ASO,ES,Federal Contract Tower,3,0,2,1,6,0,0,30,6,36,3,0,32,7,42,24,0,24,66
09/25/2016,BQN,PR,ASO,ES,Federal Contract Tower,6,0,0,0,6,0,0,14,12,26,6,0,14,12,32,0,16,16,48
09/26/2016,BQN,PR,ASO,ES,Federal Contract Tower,15,13,3,1,32,0,0,30,7,37,15,13,33,8,69,58,0,58,127
09/27/2016,BQN,PR,ASO,ES,Federal Contract Tower,19,12,3,1,35,0,0,28,12,40,19,12,31,13,75,34,14,48,123
09/28/2016,BQN,PR,ASO,ES,Federal Contract Tower,19,9,1,0,29,0,0,31,20,51,19,9,32,20,80,34,40,74,154
09/29/2016,BQN,PR,ASO,ES,Federal Contract Tower,2,0,0,0,2,0,0,0,0,0,2,0,0,0,2,0,0,0,2
09/30/2016,BQN,PR,ASO,ES,Federal Contract Tower,6,8,2,0,16,0,0,0,1,1,6,8,2,1,17,0,0,0,17
10/01/2016,BQN,PR,ASO,ES,Federal Contract Tower,10,0,1,0,11,0,0,17,3,20,10,0,18,3,31,0,0,0,31
10/02/2016,BQN,PR,ASO,ES,Federal Contract Tower,15,0,1,0,16,0,0,5,9,14,15,0,6,9,30,0,0,0,30
10/03/2016,BQN,PR,ASO,ES,Federal Contract Tower,26,11,0,0,37,0,0,17,6,23,26,11,17,6,60,30,32,62,122
10/04/2016,BQN,PR,ASO,ES,Federal Contract Tower,18,15,0,0,33,0,0,40,17,57,18,15,40,17,90,22,26,48,138
10/05/2016,BQN,PR,ASO,ES,Federal Contract Tower,18,14,4,6,42,0,0,44,12,56,18,14,48,18,98,16,0,16,114
10/06/2016,BQN,PR,ASO,ES,Federal Contract Tower,24,13,8,0,45,0,0,43,15,58,24,13,51,15,103,24,49,73,176
10/07/2016,BQN,PR,ASO,ES,Federal Contract Tower,19,16,2,4,41,0,0,53,14,67,19,16,55,18,108,26,24,50,158
10/08/2016,BQN,PR,ASO,ES,Federal Contract Tower,8,0,3,0,11,0,0,27,1,28,8,0,30,1,39,66,0,66,105
10/09/2016,BQN,PR,ASO,ES,Federal Contract Tower,11,4,0,0,15,0,0,13,3,16,11,4,13,3,31,0,12,12,43
10/10/2016,BQN,PR,ASO,ES,Federal Contract Tower,21,10,4,0,35,0,0,25,9,34,21,10,29,9,69,8,0,8,77
10/11/2016,BQN,PR,ASO,ES,Federal Contract Tower,18,13,6,0,37,0,0,32,21,53,18,13,38,21,90,10,0,10,100
10/12/2016,BQN,PR,ASO,ES,Federal Contract Tower,22,9,7,1,39,0,0,35,1,36,22,9,42,2,75,104,6,110,185
10/13/2016,BQN,PR,ASO,ES,Federal Contract Tower,21,12,2,0,35,0,0,35,10,45,21,12,37,10,80,40,38,78,158
10/14/2016,BQN,PR,ASO,ES,Federal Contract Tower,13,14,0,0,27,0,0,32,17,49,13,14,32,17,76,44,38,82,158
10/15/2016,BQN,PR,ASO,ES,Federal Contract Tower,15,0,3,0,18,0,0,26,8,34,15,0,29,8,52,16,6,22,74
10/16/2016,BQN,PR,ASO,ES,Federal Contract Tower,18,0,7,1,26,0,0,16,1,17,18,0,23,2,43,10,0,10,53
10/17/2016,BQN,PR,ASO,ES,Federal Contract Tower,19,14,6,0,39,0,0,42,12,54,19,14,48,12,93,86,104,190,283
10/18/2016,BQN,PR,ASO,ES,Federal Contract Tower,19,13,1,1,34,0,0,34,8,42,19,13,35,9,76,44,4,48,124
10/19/2016,BQN,PR,ASO,ES,Federal Contract Tower,20,14,3,0,37,0,0,34,8,42,20,14,37,8,79,22,40,62,141
10/20/2016,BQN,PR,ASO,ES,Federal Contract Tower,25,15,4,2,46,0,0,58,11,69,25,15,62,13,115,92,14,106,221
10/21/2016,BQN,PR,ASO,ES,Federal Contract Tower,16,17,1,3,37,0,0,42,14,56,16,17,43,17,93,36,36,72,165
10/22/2016,BQN,PR,ASO,ES,Federal Contract Tower,12,0,0,0,12,0,0,24,11,35,12,0,24,11,47,48,14,62,109
10/23/2016,BQN,PR,ASO,ES,Federal Contract Tower,16,0,4,0,20,0,0,15,6,21,16,0,19,6,41,2,6,8,49
10/24/2016,BQN,PR,ASO,ES,Federal Contract Tower,19,14,1,0,34,0,0,41,9,50,19,14,42,9,84,30,62,92,176
10/25/2016,BQN,PR,ASO,ES,Federal Contract Tower,18,14,2,0,34,0,0,24,9,33,18,14,26,9,67,76,18,94,161
10/26/2016,BQN,PR,ASO,ES,Federal Contract Tower,25,9,2,1,37,0,0,32,5,37,25,9,34,6,74,102,18,120,194
10/27/2016,BQN,PR,ASO,ES,Federal Contract Tower,20,13,7,1,41,0,0,35,12,47,20,13,42,13,88,4,4,8,96
10/28/2016,BQN,PR,ASO,ES,Federal Contract Tower,16,14,3,1,34,0,0,28,6,34,16,14,31,7,68,8,4,12,80
10/29/2016,BQN,PR,ASO,ES,Federal Contract Tower,6,1,3,2,12,0,0,30,2,32,6,1,33,4,44,28,0,28,72
10/30/2016,BQN,PR,ASO,ES,Federal Contract Tower,18,0,3,0,21,0,0,6,4,10,18,0,9,4,31,6,0,6,37
10/31/2016,BQN,PR,ASO,ES,Federal Contract Tower,18,14,3,0,35,0,0,40,13,53,18,14,43,13,88,60,30,90,178
11/01/2016,BQN,PR,ASO,ES,Federal Contract Tower,27,11,3,1,42,0,0,26,16,42,27,11,29,17,84,0,6,6,90
11/02/2016,BQN,PR,ASO,ES,Federal Contract Tower,18,14,0,2,34,0,0,30,3,33,18,14,30,5,67,82,26,108,175
11/03/2016,BQN,PR,ASO,ES,Federal Contract Tower,21,14,5,0,40,0,0,36,18,54,21,14,41,18,94,58,18,76,170
11/04/2016,BQN,PR,ASO,ES,Federal Contract Tower,20,15,5,0,40,0,0,24,15,39,20,15,29,15,79,8,2,10,89
11/05/2016,BQN,PR,ASO,ES,Federal Contract Tower,6,0,1,0,7,0,0,19,6,25,6,0,20,6,32,22,0,22,54
11/06/2016,BQN,PR,ASO,ES,Federal Contract Tower,21,0,2,0,23,0,0,14,4,18,21,0,16,4,41,26,20,46,87
11/07/2016,BQN,PR,ASO,ES,Federal Contract Tower,14,14,8,0,36,0,0,20,10,30,14,14,28,10,66,20,40,60,126
11/08/2016,BQN,PR,ASO,ES,Federal Contract Tower,14,13,4,0,31,0,0,16,7,23,14,13,20,7,54,10,0,10,64
11/09/2016,BQN,PR,ASO,ES,Federal Contract Tower,13,15,2,0,30,0,0,35,20,55,13,15,37,20,85,94,36,130,215
11/10/2016,BQN,PR,ASO,ES,Federal Contract Tower,11,13,6,0,30,0,0,30,18,48,11,13,36,18,78,44,0,44,122
11/11/2016,BQN,PR,ASO,ES,Federal Contract Tower,12,19,6,2,39,0,0,38,14,52,12,19,44,16,91,30,0,30,121
11/12/2016,BQN,PR,ASO,ES,Federal Contract Tower,9,0,2,3,14,0,0,21,6,27,9,0,23,9,41,16,14,30,71
11/13/2016,BQN,PR,ASO,ES,Federal Contract Tower,24,0,2,1,27,0,0,18,4,22,24,0,20,5,49,4,0,4,53
11/14/2016,BQN,PR,ASO,ES,Federal Contract Tower,8,13,0,4,25,0,0,31,22,53,8,13,31,26,78,22,26,48,126
11/15/2016,BQN,PR,ASO,ES,Federal Contract Tower,15,14,6,3,38,0,0,36,21,57,15,14,42,24,95,30,0,30,125
11/16/2016,BQN,PR,ASO,ES,Federal Contract Tower,15,15,1,0,31,0,0,26,14,40,15,15,27,14,71,22,8,30,101
11/17/2016,BQN,PR,ASO,ES,Federal Contract Tower,18,11,3,1,33,0,0,53,25,78,18,11,56,26,111,34,6,40,151
11/18/2016,BQN,PR,ASO,ES,Federal Contract Tower,14,14,5,1,34,0,0,11,6,17,14,14,16,7,51,24,0,24,75
11/19/2016,BQN,PR,ASO,ES,Federal Contract Tower,17,2,3,0,22,0,0,13,10,23,17,2,16,10,45,16,18,34,79
11/20/2016,BQN,PR,ASO,ES,Federal Contract Tower,11,1,3,0,15,0,0,17,3,20,11,1,20,3,35,22,0,22,57
11/21/2016,BQN,PR,ASO,ES,Federal Contract Tower,9,11,2,0,22,0,0,5,1,6,9,11,7,1,28,0,38,38,66
11/22/2016,BQN,PR,ASO,ES,Federal Contract Tower,24,11,13,0,48,0,0,26,13,39,24,11,39,13,87,62,0,62,149
11/23/2016,BQN,PR,ASO,ES,Federal Contract Tower,12,15,5,0,32,0,0,28,10,38,12,15,33,10,70,52,92,144,214
11/24/2016,BQN,PR,ASO,ES,Federal Contract Tower,0,0,2,0,2,0,0,9,3,12,0,0,11,3,14,4,0,4,18
11/25/2016,BQN,PR,ASO,ES,Federal Contract Tower,14,12,1,0,27,0,0,22,8,30,14,12,23,8,57,16,24,40,97
11/26/2016,BQN,PR,ASO,ES,Federal Contract Tower,12,0,3,1,16,0,0,23,6,29,12,0,26,7,45,0,44,44,89
11/27/2016,BQN,PR,ASO,ES,Federal Contract Tower,17,0,7,0,24,0,0,23,5,28,17,0,30,5,52,12,0,12,64
11/28/2016,BQN,PR,ASO,ES,Federal Contract Tower,17,13,6,4,40,0,0,27,15,42,17,13,33,19,82,20,6,26,108
11/29/2016,BQN,PR,ASO,ES,Federal Contract Tower,14,12,4,0,30,0,0,35,26,61,14,12,39,26,91,102,4,106,197
11/30/2016,BQN,PR,ASO,ES,Federal Contract Tower,13,12,6,4,35,0,0,31,14,45,13,12,37,18,80,44,18,62,142
12/01/2016,BQN,PR,ASO,ES,Federal Contract Tower,14,14,2,4,34,0,0,34,22,56,14,14,36,26,90,52,46,98,188
12/02/2016,BQN,PR,ASO,ES,Federal Contract Tower,13,15,3,0,31,0,0,27,17,44,13,15,30,17,75,68,52,120,195
12/03/2016,BQN,PR,ASO,ES,Federal Contract Tower,13,0,2,2,17,0,0,11,9,20,13,0,13,11,37,26,24,50,87
12/04/2016,BQN,PR,ASO,ES,Federal Contract Tower,14,0,3,2,19,0,0,22,1,23,14,0,25,3,42,56,0,56,98
12/05/2016,BQN,PR,ASO,ES,Federal Contract Tower,9,16,6,0,31,0,0,21,15,36,9,16,27,15,67,54,32,86,153
12/06/2016,BQN,PR,ASO,ES,Federal Contract Tower,23,13,10,1,47,0,0,37,30,67,23,13,47,31,114,60,28,88,202
12/07/2016,BQN,PR,ASO,ES,Federal Contract Tower,14,15,4,1,34,0,0,40,23,63,14,15,44,24,97,92,46,138,235
12/08/2016,BQN,PR,ASO,ES,Federal Contract Tower,25,8,6,1,40,0,0,27,19,46,25,8,33,20,86,40,52,92,178
12/10/2016,BQN,PR,ASO,ES,Federal Contract Tower,12,0,4,0,16,0,0,32,18,50,12,0,36,18,66,32,24,56,122
12/11/2016,BQN,PR,ASO,ES,Federal Contract Tower,7,0,6,0,13,0,0,19,8,27,7,0,25,8,40,56,2,58,98
12/12/2016,BQN,PR,ASO,ES,Federal Contract Tower,24,13,8,1,46,0,0,33,18,51,24,13,41,19,97,14,18,32,129
12/13/2016,BQN,PR,ASO,ES,Federal Contract Tower,17,14,2,2,35,0,0,34,18,52,17,14,36,20,87,128,58,186,273
12/14/2016,BQN,PR,ASO,ES,Federal Contract Tower,22,13,7,3,45,0,0,48,23,71,22,13,55,26,116,58,94,152,268
12/15/2016,BQN,PR,ASO,ES,Federal Contract Tower,23,15,3,3,44,0,0,44,18,62,23,15,47,21,106,60,20,80,186
12/16/2016,BQN,PR,ASO,ES,Federal Contract Tower,14,19,8,0,41,0,0,35,15,50,14,19,43,15,91,12,6,18,109
12/17/2016,BQN,PR,ASO,ES,Federal Contract Tower,18,4,1,2,25,0,0,21,7,28,18,4,22,9,53,30,0,30,83
12/18/2016,BQN,PR,ASO,ES,Federal Contract Tower,7,1,1,0,9,0,0,7,4,11,7,1,8,4,20,0,4,4,24
12/19/2016,BQN,PR,ASO,ES,Federal Contract Tower,18,13,2,0,33,0,0,17,7,24,18,13,19,7,57,10,18,28,85
12/20/2016,BQN,PR,ASO,ES,Federal Contract Tower,16,17,6,4,43,0,0,24,9,33,16,17,30,13,76,18,12,30,106
12/21/2016,BQN,PR,ASO,ES,Federal Contract Tower,22,12,8,1,43,0,0,25,6,31,22,12,33,7,74,34,44,78,152
12/22/2016,BQN,PR,ASO,ES,Federal Contract Tower,14,11,8,0,33,0,0,25,12,37,14,11,33,12,70,8,14,22,92
12/23/2016,BQN,PR,ASO,ES,Federal Contract Tower,16,17,3,0,36,0,0,30,4,34,16,17,33,4,70,0,0,0,70
12/24/2016,BQN,PR,ASO,ES,Federal Contract Tower,6,0,1,0,7,0,0,18,2,20,6,0,19,2,27,6,0,6,33
12/25/2016,BQN,PR,ASO,ES,Federal Contract Tower,8,0,1,0,9,0,0,0,6,6,8,0,1,6,15,0,6,6,21
12/26/2016,BQN,PR,ASO,ES,Federal Contract Tower,2,0,9,0,11,0,0,10,2,12,2,0,19,2,23,14,0,14,37
12/27/2016,BQN,PR,ASO,ES,Federal Contract Tower,15,5,19,1,40,0,0,39,7,46,15,5,58,8,86,16,20,36,122
12/28/2016,BQN,PR,ASO,ES,Federal Contract Tower,16,14,10,0,40,0,0,23,13,36,16,14,33,13,76,32,6,38,114
12/29/2016,BQN,PR,ASO,ES,Federal Contract Tower,12,12,6,0,30,0,0,43,17,60,12,12,49,17,90,50,0,50,140
12/30/2016,BQN,PR,ASO,ES,Federal Contract Tower,15,14,6,0,35,0,0,21,6,27,15,14,27,6,62,12,0,12,74
12/31/2016,BQN,PR,ASO,ES,Federal Contract Tower,5,0,1,0,6,0,0,9,4,13,5,0,10,4,19,22,0,22,41
01/01/2017,BQN,PR,ASO,ES,Federal Contract Tower,4,0,3,0,7,0,0,1,0,1,4,0,4,0,8,0,0,0,8
01/02/2017,BQN,PR,ASO,ES,Federal Contract Tower,9,0,6,1,16,0,0,20,16,36,9,0,26,17,52,10,0,10,62
01/03/2017,BQN,PR,ASO,ES,Federal Contract Tower,14,15,6,0,35,0,0,32,15,47,14,15,38,15,82,40,44,84,166
01/04/2017,BQN,PR,ASO,ES,Federal Contract Tower,18,12,6,1,37,0,0,28,9,37,18,12,34,10,74,36,12,48,122
01/05/2017,BQN,PR,ASO,ES,Federal Contract Tower,11,13,10,0,34,0,0,38,7,45,11,13,48,7,79,22,4,26,105
01/06/2017,BQN,PR,ASO,ES,Federal Contract Tower,8,16,3,1,28,0,0,20,6,26,8,16,23,7,54,30,14,44,98
01/07/2017,BQN,PR,ASO,ES,Federal Contract Tower,9,0,7,0,16,0,0,21,4,25,9,0,28,4,41,18,0,18,59
01/08/2017,BQN,PR,ASO,ES,Federal Contract Tower,15,0,2,1,18,0,0,9,2,11,15,0,11,3,29,12,0,12,41
01/09/2017,BQN,PR,ASO,ES,Federal Contract Tower,13,13,6,0,32,0,1,26,5,32,13,14,32,5,64,8,0,8,72
01/10/2017,BQN,PR,ASO,ES,Federal Contract Tower,18,17,7,0,42,0,0,18,15,33,18,17,25,15,75,25,96,121,196
01/11/2017,BQN,PR,ASO,ES,Federal Contract Tower,23,10,10,2,45,0,0,38,26,64,23,10,48,28,109,38,82,120,229
01/12/2017,BQN,PR,ASO,ES,Federal Contract Tower,11,14,9,0,34,0,0,40,20,60,11,14,49,20,94,28,48,76,170
01/13/2017,BQN,PR,ASO,ES,Federal Contract Tower,17,13,5,0,35,0,0,24,12,36,17,13,29,12,71,8,36,44,115
01/14/2017,BQN,PR,ASO,ES,Federal Contract Tower,4,0,8,0,12,0,0,12,2,14,4,0,20,2,26,0,0,0,26
01/15/2017,BQN,PR,ASO,ES,Federal Contract Tower,12,2,8,0,22,0,0,19,7,26,12,2,27,7,48,28,0,28,76
01/16/2017,BQN,PR,ASO,ES,Federal Contract Tower,13,17,6,0,36,0,0,26,11,37,13,17,32,11,73,72,32,104,177
01/17/2017,BQN,PR,ASO,ES,Federal Contract Tower,20,12,4,0,36,0,0,33,16,49,20,12,37,16,85,40,14,54,139
01/18/2017,BQN,PR,ASO,ES,Federal Contract Tower,15,13,3,2,33,0,0,33,11,44,15,13,36,13,77,76,40,116,193
01/19/2017,BQN,PR,ASO,ES,Federal Contract Tower,12,12,2,2,28,0,0,40,12,52,12,12,42,14,80,30,28,58,138
01/20/2017,BQN,PR,ASO,ES,Federal Contract Tower,16,15,6,0,37,0,0,27,15,42,16,15,33,15,79,0,8,8,87
01/21/2017,BQN,PR,ASO,ES,Federal Contract Tower,10,0,6,1,17,0,0,19,8,27,10,0,25,9,44,0,20,20,64
01/22/2017,BQN,PR,ASO,ES,Federal Contract Tower,11,0,4,2,17,0,0,18,7,25,11,0,22,9,42,2,0,2,44
01/23/2017,BQN,PR,ASO,ES,Federal Contract Tower,22,12,2,0,36,0,0,38,26,64,22,12,40,26,100,64,76,140,240
01/24/2017,BQN,PR,ASO,ES,Federal Contract Tower,20,13,0,0,33,0,0,49,20,69,20,13,49,20,102,108,50,158,260
01/25/2017,BQN,PR,ASO,ES,Federal Contract Tower,16,11,3,5,35,0,0,29,16,45,16,11,32,21,80,32,42,74,154
01/26/2017,BQN,PR,ASO,ES,Federal Contract Tower,12,13,3,0,28,0,0,41,19,60,12,13,44,19,88,36,16,52,140
01/27/2017,BQN,PR,ASO,ES,Federal Contract Tower,22,10,5,1,38,0,0,40,13,53,22,10,45,14,91,28,42,70,161
01/28/2017,BQN,PR,ASO,ES,Federal Contract Tower,3,0,6,0,9,0,0,18,5,23,3,0,24,5,32,16,2,18,50
01/29/2017,BQN,PR,ASO,ES,Federal Contract Tower,11,0,6,0,17,0,0,26,6,32,11,0,32,6,49,68,6,74,123
01/30/2017,BQN,PR,ASO,ES,Federal Contract Tower,17,14,24,0,55,0,0,34,12,46,17,14,58,12,101,50,40,90,191
01/31/2017,BQN,PR,ASO,ES,Federal Contract Tower,19,14,4,2,39,0,0,39,16,55,19,14,43,18,94,48,12,60,154
02/01/2017,BQN,PR,ASO,ES,Federal Contract Tower,17,10,2,0,29,0,0,38,15,53,17,10,40,15,82,50,88,138,220
02/02/2017,BQN,PR,ASO,ES,Federal Contract Tower,20,12,5,0,37,0,0,40,20,60,20,12,45,20,97,62,16,78,175
02/03/2017,BQN,PR,ASO,ES,Federal Contract Tower,18,13,4,0,35,0,0,38,18,56,18,13,42,18,91,70,22,92,183
02/04/2017,BQN,PR,ASO,ES,Federal Contract Tower,7,0,1,0,8,0,0,10,4,14,7,0,11,4,22,6,10,16,38
02/05/2017,BQN,PR,ASO,ES,Federal Contract Tower,11,0,2,1,14,0,0,10,5,15,11,0,12,6,29,18,10,28,57
02/06/2017,BQN,PR,ASO,ES,Federal Contract Tower,13,9,3,0,25,0,0,41,16,57,13,9,44,16,82,70,50,120,202
02/07/2017,BQN,PR,ASO,ES,Federal Contract Tower,18,15,3,0,36,0,0,34,15,49,18,15,37,15,85,54,26,80,165
02/08/2017,BQN,PR,ASO,ES,Federal Contract Tower,16,13,3,1,33,0,0,34,17,51,16,13,37,18,84,62,66,128,212
02/09/2017,BQN,PR,ASO,ES,Federal Contract Tower,14,14,6,0,34,0,0,34,13,47,14,14,40,13,81,70,26,96,177
02/10/2017,BQN,PR,ASO,ES,Federal Contract Tower,18,13,2,1,34,0,0,31,14,45,18,13,33,15,79,70,22,92,171
02/11/2017,BQN,PR,ASO,ES,Federal Contract Tower,3,0,4,0,7,0,0,15,4,19,3,0,19,4,26,18,6,24,50
02/12/2017,BQN,PR,ASO,ES,Federal Contract Tower,12,0,4,1,17,0,0,33,0,33,12,0,37,1,50,52,0,52,102
02/13/2017,BQN,PR,ASO,ES,Federal Contract Tower,16,13,2,0,31,0,0,28,17,45,16,13,30,17,76,102,44,146,222
02/14/2017,BQN,PR,ASO,ES,Federal Contract Tower,21,13,4,0,38,0,0,29,19,48,21,13,33,19,86,102,10,112,198
02/15/2017,BQN,PR,ASO,ES,Federal Contract Tower,26,13,1,0,40,0,0,46,15,61,26,13,47,15,101,56,20,76,177
02/16/2017,BQN,PR,ASO,ES,Federal Contract Tower,10,13,1,0,24,0,0,37,15,52,10,13,38,15,76,92,48,140,216
02/17/2017,BQN,PR,ASO,ES,Federal Contract Tower,15,13,1,3,32,0,0,30,15,45,15,13,31,18,77,44,54,98,175
02/18/2017,BQN,PR,ASO,ES,Federal Contract Tower,3,0,2,0,5,0,0,16,8,24,3,0,18,8,29,46,0,46,75
02/19/2017,BQN,PR,ASO,ES,Federal Contract Tower,10,0,2,0,12,0,0,21,12,33,10,0,23,12,45,28,10,38,83
02/20/2017,BQN,PR,ASO,ES,Federal Contract Tower,21,13,5,0,39,0,0,35,6,41,21,13,40,6,80,70,0,70,150
02/21/2017,BQN,PR,ASO,ES,Federal Contract Tower,16,9,9,1,35,0,0,25,10,35,16,9,34,11,70,76,20,96,166
02/22/2017,BQN,PR,ASO,ES,Federal Contract Tower,13,14,3,0,30,30,7,0,0,37,43,21,3,0,67,82,16,98,165
02/23/2017,BQN,PR,ASO,ES,Federal Contract Tower,12,14,2,0,28,0,0,38,19,57,12,14,40,19,85,64,10,74,159
02/24/2017,BQN,PR,ASO,ES,Federal Contract Tower,31,16,5,1,53,0,0,17,16,33,31,16,22,17,86,20,40,60,146
02/25/2017,BQN,PR,ASO,ES,Federal Contract Tower,3,0,6,1,10,0,0,27,6,33,3,0,33,7,43,14,0,14,57
02/26/2017,BQN,PR,ASO,ES,Federal Contract Tower,17,0,2,0,19,0,0,13,2,15,17,0,15,2,34,62,0,62,96
02/27/2017,BQN,PR,ASO,ES,Federal Contract Tower,9,7,8,0,24,0,0,35,10,45,9,7,43,10,69,62,56,118,187
02/28/2017,BQN,PR,ASO,ES,Federal Contract Tower,25,13,6,0,44,0,0,38,12,50,25,13,44,12,94,90,12,102,196
03/01/2017,BQN,PR,ASO,ES,Federal Contract Tower,18,15,0,1,34,0,0,21,12,33,18,15,21,13,67,46,80,126,193
03/02/2017,BQN,PR,ASO,ES,Federal Contract Tower,7,11,3,1,22,0,0,32,12,44,7,11,35,13,66,74,20,94,160
03/03/2017,BQN,PR,ASO,ES,Federal Contract Tower,18,19,2,0,39,0,0,21,11,32,18,19,23,11,71,38,80,118,189
03/04/2017,BQN,PR,ASO,ES,Federal Contract Tower,13,0,4,1,18,0,0,21,4,25,13,0,25,5,43,33,14,47,90
03/05/2017,BQN,PR,ASO,ES,Federal Contract Tower,6,1,2,0,9,0,0,68,5,73,6,1,70,5,82,224,30,254,336
03/06/2017,BQN,PR,ASO,ES,Federal Contract Tower,12,12,6,0,30,0,0,17,14,31,12,12,23,14,61,4,34,38,99
03/07/2017,BQN,PR,ASO,ES,Federal Contract Tower,15,13,5,3,36,0,0,23,5,28,15,13,28,8,64,22,12,34,98
03/08/2017,BQN,PR,ASO,ES,Federal Contract Tower,19,17,5,0,41,0,0,18,29,47,19,17,23,29,88,22,2,24,112
03/09/2017,BQN,PR,ASO,ES,Federal Contract Tower,15,15,2,0,32,0,0,31,22,53,15,15,33,22,85,62,12,74,159
03/10/2017,BQN,PR,ASO,ES,Federal Contract Tower,14,16,6,2,38,0,0,16,13,29,14,16,22,15,67,54,72,126,193
03/11/2017,BQN,PR,ASO,ES,Federal Contract Tower,6,0,5,0,11,2,0,37,5,44,8,0,42,5,55,96,4,100,155
03/12/2017,BQN,PR,ASO,ES,Federal Contract Tower,12,0,3,0,15,2,0,28,5,35,14,0,31,5,50,58,20,78,128
03/13/2017,BQN,PR,ASO,ES,Federal Contract Tower,12,13,9,0,34,0,0,48,4,52,12,13,57,4,86,126,0,126,212
03/14/2017,BQN,PR,ASO,ES,Federal Contract Tower,12,13,2,0,27,0,0,32,20,52,12,13,34,20,79,104,4,108,187
03/15/2017,BQN,PR,ASO,ES,Federal Contract Tower,15,12,2,0,29,0,0,34,15,49,15,12,36,15,78,80,52,132,210
03/16/2017,BQN,PR,ASO,ES,Federal Contract Tower,22,12,6,0,40,0,0,37,16,53,22,12,43,16,93,104,12,116,209
03/17/2017,BQN,PR,ASO,ES,Federal Contract Tower,15,17,9,0,41,0,0,38,10,48,15,17,47,10,89,82,28,110,199
03/18/2017,BQN,PR,ASO,ES,Federal Contract Tower,5,0,10,0,15,0,0,27,3,30,5,0,37,3,45,20,0,20,65
03/19/2017,BQN,PR,ASO,ES,Federal Contract Tower,10,0,9,0,19,0,0,24,11,35,10,0,33,11,54,76,70,146,200
03/20/2017,BQN,PR,ASO,ES,Federal Contract Tower,17,13,4,0,34,0,1,31,16,48,17,14,35,16,82,62,6,68,150
03/21/2017,BQN,PR,ASO,ES,Federal Contract Tower,16,14,1,0,31,0,0,38,14,52,16,14,39,14,83,50,12,62,145
03/22/2017,BQN,PR,ASO,ES,Federal Contract Tower,17,12,3,0,32,0,0,38,17,55,17,12,41,17,87,84,112,196,283
03/23/2017,BQN,PR,ASO,ES,Federal Contract Tower,11,14,4,7,36,0,0,34,15,49,11,14,38,22,85,42,74,116,201
03/24/2017,BQN,PR,ASO,ES,Federal Contract Tower,10,13,3,6,32,0,0,25,9,34,10,13,28,15,66,40,54,94,160
03/25/2017,BQN,PR,ASO,ES,Federal Contract Tower,6,0,8,4,18,0,0,4,4,8,6,0,12,8,26,8,6,14,40
03/26/2017,BQN,PR,ASO,ES,Federal Contract Tower,16,0,10,0,26,0,0,12,10,22,16,0,22,10,48,0,0,0,48
03/27/2017,BQN,PR,ASO,ES,Federal Contract Tower,10,13,5,0,28,0,0,30,13,43,10,13,35,13,71,52,86,138,209
03/28/2017,BQN,PR,ASO,ES,Federal Contract Tower,21,12,1,0,34,0,0,28,18,46,21,12,29,18,80,96,22,118,198
03/29/2017,BQN,PR,ASO,ES,Federal Contract Tower,15,12,7,2,36,0,0,32,14,46,15,12,39,16,82,38,188,226,308
03/30/2017,BQN,PR,ASO,ES,Federal Contract Tower,11,12,5,3,31,0,0,26,16,42,11,12,31,19,73,42,54,96,169
03/31/2017,BQN,PR,ASO,ES,Federal Contract Tower,12,15,3,0,30,0,0,31,21,52,12,15,34,21,82,64,100,164,246
04/01/2017,BQN,PR,ASO,ES,Federal Contract Tower,5,1,0,0,6,0,0,23,7,30,5,1,23,7,36,44,18,62,98
04/02/2017,BQN,PR,ASO,ES,Federal Contract Tower,9,0,8,0,17,0,0,15,13,28,9,0,23,13,45,18,18,36,81
04/03/2017,BQN,PR,ASO,ES,Federal Contract Tower,5,13,1,2,21,0,0,45,19,64,5,13,46,21,85,72,66,138,223
04/04/2017,BQN,PR,ASO,ES,Federal Contract Tower,15,14,0,0,29,0,0,35,22,57,15,14,35,22,86,102,46,148,234
04/05/2017,BQN,PR,ASO,ES,Federal Contract Tower,13,15,4,2,34,0,0,33,26,59,13,15,37,28,93,66,106,172,265
04/06/2017,BQN,PR,ASO,ES,Federal Contract Tower,13,13,5,0,31,0,0,49,19,68,13,13,54,19,99,94,68,162,261
04/07/2017,BQN,PR,ASO,ES,Federal Contract Tower,16,14,4,0,34,0,0,44,18,62,16,14,48,18,96,70,30,100,196
04/08/2017,BQN,PR,ASO,ES,Federal Contract Tower,4,0,3,0,7,0,0,30,8,38,4,0,33,8,45,34,0,34,79
04/09/2017,BQN,PR,ASO,ES,Federal Contract Tower,9,0,2,0,11,0,0,16,13,29,9,0,18,13,40,2,14,16,56
04/10/2017,BQN,PR,ASO,ES,Federal Contract Tower,8,13,5,1,27,0,0,20,9,29,8,13,25,10,56,16,112,128,184
04/11/2017,BQN,PR,ASO,ES,Federal Contract Tower,16,14,3,0,33,0,0,10,14,24,16,14,13,14,57,24,176,200,257
04/12/2017,BQN,PR,ASO,ES,Federal Contract Tower,14,16,0,0,30,0,0,38,15,53,14,16,38,15,83,70,78,148,231
04/13/2017,BQN,PR,ASO,ES,Federal Contract Tower,8,13,3,0,24,0,0,38,15,53,8,13,41,15,77,68,28,96,173
04/14/2017,BQN,PR,ASO,ES,Federal Contract Tower,4,0,3,0,7,0,0,24,2,26,4,0,27,2,33,66,2,68,101
04/15/2017,BQN,PR,ASO,ES,Federal Contract Tower,4,0,6,0,10,0,0,14,3,17,4,0,20,3,27,0,0,0,27
04/16/2017,BQN,PR,ASO,ES,Federal Contract Tower,14,0,9,0,23,0,0,18,2,20,14,0,27,2,43,24,0,24,67
04/17/2017,BQN,PR,ASO,ES,Federal Contract Tower,6,15,2,1,24,0,0,5,8,13,6,15,7,9,37,0,38,38,75
04/18/2017,BQN,PR,ASO,ES,Federal Contract Tower,14,13,6,1,34,0,0,25,11,36,14,13,31,12,70,62,92,154,224
04/19/2017,BQN,PR,ASO,ES,Federal Contract Tower,11,14,3,0,28,0,0,23,19,42,11,14,26,19,70,22,96,118,188
04/20/2017,BQN,PR,ASO,ES,Federal Contract Tower,14,15,1,0,30,0,0,39,23,62,14,15,40,23,92,32,117,149,241
04/21/2017,BQN,PR,ASO,ES,Federal Contract Tower,13,16,4,0,33,0,0,27,5,32,13,16,31,5,65,16,4,20,85
04/22/2017,BQN,PR,ASO,ES,Federal Contract Tower,4,0,7,0,11,0,0,14,3,17,4,0,21,3,28,22,2,24,52
04/23/2017,BQN,PR,ASO,ES,Federal Contract Tower,9,0,0,0,9,0,0,34,2,36,9,0,34,2,45,6,0,6,51
04/24/2017,BQN,PR,ASO,ES,Federal Contract Tower,20,14,1,3,38,0,0,28,4,32,20,14,29,7,70,14,4,18,88
04/25/2017,BQN,PR,ASO,ES,Federal Contract Tower,16,15,4,0,35,0,0,42,22,64,16,15,46,22,99,66,26,92,191
04/26/2017,BQN,PR,ASO,ES,Federal Contract Tower,24,14,1,0,39,0,0,39,20,59,24,14,40,20,98,36,34,70,168
04/27/2017,BQN,PR,ASO,ES,Federal Contract Tower,18,7,8,2,35,0,0,40,18,58,18,7,48,20,93,68,68,136,229
04/28/2017,BQN,PR,ASO,ES,Federal Contract Tower,18,10,3,2,33,0,0,22,14,36,18,10,25,16,69,30,68,98,167
04/29/2017,BQN,PR,ASO,ES,Federal Contract Tower,11,0,2,1,14,0,0,14,4,18,11,0,16,5,32,0,0,0,32
04/30/2017,BQN,PR,ASO,ES,Federal Contract Tower,9,1,3,0,13,0,0,14,6,20,9,1,17,6,33,40,10,50,83
05/01/2017,BQN,PR,ASO,ES,Federal Contract Tower,5,3,4,0,12,0,0,18,4,22,5,3,22,4,34,36,18,54,88
05/02/2017,BQN,PR,ASO,ES,Federal Contract Tower,17,12,9,0,38,0,0,38,7,45,17,12,47,7,83,76,10,86,169
05/03/2017,BQN,PR,ASO,ES,Federal Contract Tower,12,13,4,0,29,0,0,38,15,53,12,13,42,15,82,46,78,124,206
05/04/2017,BQN,PR,ASO,ES,Federal Contract Tower,20,12,2,1,35,0,0,38,7,45,20,12,40,8,80,62,14,76,156
05/05/2017,BQN,PR,ASO,ES,Federal Contract Tower,24,15,2,1,42,0,0,32,15,47,24,15,34,16,89,38,22,60,149
05/06/2017,BQN,PR,ASO,ES,Federal Contract Tower,14,0,6,0,20,0,8,10,1,19,14,8,16,1,39,4,16,20,59
05/07/2017,BQN,PR,ASO,ES,Federal Contract Tower,9,1,3,0,13,0,0,14,6,20,9,1,17,6,33,14,62,76,109
05/08/2017,BQN,PR,ASO,ES,Federal Contract Tower,10,14,8,0,32,0,0,22,11,33,10,14,30,11,65,26,42,68,133
05/09/2017,BQN,PR,ASO,ES,Federal Contract Tower,16,15,4,1,36,0,0,27,16,43,16,15,31,17,79,88,12,100,179
05/10/2017,BQN,PR,ASO,ES,Federal Contract Tower,12,14,0,2,28,0,0,26,15,41,12,14,26,17,69,26,22,48,117
05/11/2017,BQN,PR,ASO,ES,Federal Contract Tower,12,12,3,1,28,0,0,20,6,26,12,12,23,7,54,22,20,42,96
05/12/2017,BQN,PR,ASO,ES,Federal Contract Tower,14,18,5,1,38,0,0,33,10,43,14,18,38,11,81,100,12,112,193
05/13/2017,BQN,PR,ASO,ES,Federal Contract Tower,11,0,5,0,16,0,0,39,3,42,11,0,44,3,58,52,10,62,120
05/14/2017,BQN,PR,ASO,ES,Federal Contract Tower,9,0,2,0,11,0,0,11,5,16,9,0,13,5,27,12,0,12,39
05/15/2017,BQN,PR,ASO,ES,Federal Contract Tower,16,13,11,0,40,0,0,33,11,44,16,13,44,11,84,46,16,62,146
05/16/2017,BQN,PR,ASO,ES,Federal Contract Tower,17,15,3,0,35,0,0,32,13,45,17,15,35,13,80,36,0,36,116
05/17/2017,BQN,PR,ASO,ES,Federal Contract Tower,18,12,2,1,33,0,0,34,16,50,18,12,36,17,83,88,4,92,175
05/18/2017,BQN,PR,ASO,ES,Federal Contract Tower,22,11,7,0,40,0,0,31,18,49,22,11,38,18,89,60,28,88,177
05/19/2017,BQN,PR,ASO,ES,Federal Contract Tower,19,15,5,0,39,0,0,34,8,42,19,15,39,8,81,72,36,108,189
05/20/2017,BQN,PR,ASO,ES,Federal Contract Tower,15,1,1,0,17,0,0,19,5,24,15,1,20,5,41,4,0,4,45
05/21/2017,BQN,PR,ASO,ES,Federal Contract Tower,10,1,0,0,11,0,0,16,6,22,10,1,16,6,33,4,20,24,57
05/22/2017,BQN,PR,ASO,ES,Federal Contract Tower,19,10,15,0,44,0,0,52,9,61,19,10,67,9,105,56,10,66,171
05/23/2017,BQN,PR,ASO,ES,Federal Contract Tower,18,16,11,1,46,0,0,35,9,44,18,16,46,10,90,72,6,78,168
05/24/2017,BQN,PR,ASO,ES,Federal Contract Tower,14,11,3,0,28,0,0,45,16,61,14,11,48,16,89,62,18,80,169
05/25/2017,BQN,PR,ASO,ES,Federal Contract Tower,23,10,0,0,33,0,0,40,9,49,23,10,40,9,82,62,26,88,170
05/26/2017,BQN,PR,ASO,ES,Federal Contract Tower,14,11,7,0,32,0,0,24,8,32,14,11,31,8,64,40,36,76,140
05/27/2017,BQN,PR,ASO,ES,Federal Contract Tower,17,0,2,0,19,0,0,12,4,16,17,0,14,4,35,0,0,0,35
05/28/2017,BQN,PR,ASO,ES,Federal Contract Tower,20,0,2,0,22,0,0,10,5,15,20,0,12,5,37,28,0,28,65
05/29/2017,BQN,PR,ASO,ES,Federal Contract Tower,16,0,7,0,23,0,0,24,12,36,16,0,31,12,59,14,6,20,79
05/30/2017,BQN,PR,ASO,ES,Federal Contract Tower,16,13,4,0,33,0,0,31,18,49,16,13,35,18,82,84,46,130,212
05/31/2017,BQN,PR,ASO,ES,Federal Contract Tower,12,15,0,0,27,0,0,28,10,38,12,15,28,10,65,76,12,88,153
06/01/2017,BQN,PR,ASO,ES,Federal Contract Tower,11,11,2,0,24,0,0,28,12,40,11,11,30,12,64,34,12,46,110
06/02/2017,BQN,PR,ASO,ES,Federal Contract Tower,17,13,5,0,35,0,0,28,10,38,17,13,33,10,73,30,6,36,109
06/03/2017,BQN,PR,ASO,ES,Federal Contract Tower,5,0,4,0,9,0,0,38,2,40,5,0,42,2,49,10,0,10,59
06/04/2017,BQN,PR,ASO,ES,Federal Contract Tower,15,0,5,2,22,0,0,29,10,39,15,0,34,12,61,46,2,48,109
06/05/2017,BQN,PR,ASO,ES,Federal Contract Tower,6,11,3,2,22,0,0,27,11,38,6,11,30,13,60,62,16,78,138
06/06/2017,BQN,PR,ASO,ES,Federal Contract Tower,19,13,1,3,36,0,2,37,10,49,19,15,38,13,85,48,0,48,133
06/08/2017,BQN,PR,ASO,ES,Federal Contract Tower,14,11,4,0,29,0,0,26,17,43,14,11,30,17,72,52,56,108,180
06/09/2017,BQN,PR,ASO,ES,Federal Contract Tower,15,14,4,0,33,0,0,28,8,36,15,14,32,8,69,26,8,34,103
06/10/2017,BQN,PR,ASO,ES,Federal Contract Tower,17,0,4,2,23,0,0,16,9,25,17,0,20,11,48,6,0,6,54
06/11/2017,BQN,PR,ASO,ES,Federal Contract Tower,22,1,3,0,26,0,0,15,2,17,22,1,18,2,43,8,0,8,51
06/12/2017,BQN,PR,ASO,ES,Federal Contract Tower,10,15,0,0,25,0,0,44,10,54,10,15,44,10,79,68,40,108,187
06/13/2017,BQN,PR,ASO,ES,Federal Contract Tower,18,19,3,0,40,0,0,38,11,49,18,19,41,11,89,68,18,86,175
06/14/2017,BQN,PR,ASO,ES,Federal Contract Tower,15,16,6,3,40,0,0,38,10,48,15,16,44,13,88,50,48,98,186
06/15/2017,BQN,PR,ASO,ES,Federal Contract Tower,20,10,5,0,35,0,0,25,12,37,20,10,30,12,72,56,28,84,156
06/16/2017,BQN,PR,ASO,ES,Federal Contract Tower,10,17,4,1,32,0,0,20,10,30,10,17,24,11,62,4,8,12,74
06/17/2017,BQN,PR,ASO,ES,Federal Contract Tower,18,0,0,0,18,0,0,22,3,25,18,0,22,3,43,32,0,32,75
06/18/2017,BQN,PR,ASO,ES,Federal Contract Tower,22,0,1,1,24,0,0,8,3,11,22,0,9,4,35,0,0,0,35
06/19/2017,BQN,PR,ASO,ES,Federal Contract Tower,13,14,2,1,30,0,0,27,4,31,13,14,29,5,61,38,64,102,163
06/20/2017,BQN,PR,ASO,ES,Federal Contract Tower,23,12,1,1,37,0,0,29,8,37,23,12,30,9,74,63,16,79,153
06/21/2017,BQN,PR,ASO,ES,Federal Contract Tower,16,12,0,2,30,0,0,30,21,51,16,12,30,23,81,84,44,128,209
06/22/2017,BQN,PR,ASO,ES,Federal Contract Tower,14,12,3,0,29,0,0,36,12,48,14,12,39,12,77,70,34,104,181
06/23/2017,BQN,PR,ASO,ES,Federal Contract Tower,15,16,2,0,33,0,0,32,8,40,15,16,34,8,73,46,28,74,147
06/24/2017,BQN,PR,ASO,ES,Federal Contract Tower,8,1,2,0,11,0,0,21,2,23,8,1,23,2,34,20,0,20,54
06/25/2017,BQN,PR,ASO,ES,Federal Contract Tower,14,0,0,0,14,0,0,23,1,24,14,0,23,1,38,2,0,2,40
06/26/2017,BQN,PR,ASO,ES,Federal Contract Tower,10,14,4,2,30,0,0,27,4,31,10,14,31,6,61,28,0,28,89
06/28/2017,BQN,PR,ASO,ES,Federal Contract Tower,15,13,3,0,31,0,0,16,6,22,15,13,19,6,53,4,0,4,57
06/29/2017,BQN,PR,ASO,ES,Federal Contract Tower,14,12,1,0,27,0,0,19,9,28,14,12,20,9,55,38,0,38,93
06/30/2017,BQN,PR,ASO,ES,Federal Contract Tower,19,12,5,0,36,0,0,31,6,37,19,12,36,6,73,18,14,32,105
07/01/2017,BQN,PR,ASO,ES,Federal Contract Tower,15,0,5,0,20,0,0,20,6,26,15,0,25,6,46,18,0,18,64
07/02/2017,BQN,PR,ASO,ES,Federal Contract Tower,17,0,3,0,20,0,0,12,6,18,17,0,15,6,38,10,6,16,54
07/03/2017,BQN,PR,ASO,ES,Federal Contract Tower,13,12,3,0,28,0,0,24,11,35,13,12,27,11,63,60,10,70,133
07/04/2017,BQN,PR,ASO,ES,Federal Contract Tower,12,0,5,0,17,0,0,34,5,39,12,0,39,5,56,36,16,52,108
07/05/2017,BQN,PR,ASO,ES,Federal Contract Tower,11,14,8,0,33,0,0,28,13,41,11,14,36,13,74,50,32,82,156
07/06/2017,BQN,PR,ASO,ES,Federal Contract Tower,26,12,2,1,41,0,0,37,21,58,26,12,39,22,99,74,18,92,191
07/07/2017,BQN,PR,ASO,ES,Federal Contract Tower,20,13,4,0,37,0,0,28,8,36,20,13,32,8,73,26,22,48,121
07/08/2017,BQN,PR,ASO,ES,Federal Contract Tower,15,0,4,0,19,0,0,22,4,26,15,0,26,4,45,74,2,76,121
07/09/2017,BQN,PR,ASO,ES,Federal Contract Tower,23,0,8,1,32,0,1,34,5,40,23,1,42,6,72,2,8,10,82
07/10/2017,BQN,PR,ASO,ES,Federal Contract Tower,19,13,6,1,39,0,0,40,11,51,19,13,46,12,90,64,54,118,208
07/11/2017,BQN,PR,ASO,ES,Federal Contract Tower,23,12,6,3,44,0,0,29,14,43,23,12,35,17,87,72,76,148,235
07/12/2017,BQN,PR,ASO,ES,Federal Contract Tower,21,13,0,0,34,0,0,30,16,46,21,13,30,16,80,52,48,100,180
07/13/2017,BQN,PR,ASO,ES,Federal Contract Tower,17,16,0,0,33,0,0,26,11,37,17,16,26,11,70,0,0,0,70
07/14/2017,BQN,PR,ASO,ES,Federal Contract Tower,18,21,1,0,40,0,0,37,15,52,18,21,38,15,92,30,40,70,162
07/15/2017,BQN,PR,ASO,ES,Federal Contract Tower,13,0,2,1,16,0,0,8,1,9,13,0,10,2,25,28,0,28,53
07/16/2017,BQN,PR,ASO,ES,Federal Contract Tower,17,1,4,0,22,0,0,13,1,14,17,1,17,1,36,54,6,60,96
07/17/2017,BQN,PR,ASO,ES,Federal Contract Tower,13,11,2,0,26,0,0,25,6,31,13,11,27,6,57,47,64,111,168
07/18/2017,BQN,PR,ASO,ES,Federal Contract Tower,21,9,5,2,37,0,0,28,10,38,21,9,33,12,75,22,28,50,125
07/19/2017,BQN,PR,ASO,ES,Federal Contract Tower,16,11,9,2,38,0,0,27,11,38,16,11,36,13,76,10,32,42,118
07/20/2017,BQN,PR,ASO,ES,Federal Contract Tower,17,13,1,0,31,0,0,23,12,35,17,13,24,12,66,60,8,68,134
07/21/2017,BQN,PR,ASO,ES,Federal Contract Tower,18,14,2,0,34,0,0,30,12,42,18,14,32,12,76,74,0,74,150
07/22/2017,BQN,PR,ASO,ES,Federal Contract Tower,14,0,6,0,20,0,0,22,5,27,14,0,28,5,47,86,0,86,133
07/23/2017,BQN,PR,ASO,ES,Federal Contract Tower,17,0,2,1,20,0,0,13,12,25,17,0,15,13,45,44,10,54,99
07/24/2017,BQN,PR,ASO,ES,Federal Contract Tower,14,14,4,1,33,0,0,35,15,50,14,14,39,16,83,52,18,70,153
07/25/2017,BQN,PR,ASO,ES,Federal Contract Tower,21,6,0,1,28,0,0,23,10,33,21,6,23,11,61,44,0,44,105
07/26/2017,BQN,PR,ASO,ES,Federal Contract Tower,26,6,2,2,36,0,16,33,12,61,26,22,35,14,97,52,50,102,199
07/27/2017,BQN,PR,ASO,ES,Federal Contract Tower,22,9,4,2,37,0,0,23,6,29,22,9,27,8,66,74,24,98,164
07/28/2017,BQN,PR,ASO,ES,Federal Contract Tower,19,13,1,0,33,0,0,23,17,40,19,13,24,17,73,34,22,56,129
07/29/2017,BQN,PR,ASO,ES,Federal Contract Tower,8,1,5,0,14,0,0,20,4,24,8,1,25,4,38,2,0,2,40
07/30/2017,BQN,PR,ASO,ES,Federal Contract Tower,19,1,5,0,25,0,0,28,2,30,19,1,33,2,55,4,0,4,59
07/31/2017,BQN,PR,ASO,ES,Federal Contract Tower,16,11,5,0,32,1,0,20,8,29,17,11,25,8,61,18,2,20,81
08/01/2017,BQN,PR,ASO,ES,Federal Contract Tower,22,11,3,0,36,0,0,17,17,34,22,11,20,17,70,34,12,46,116
08/02/2017,BQN,PR,ASO,ES,Federal Contract Tower,19,11,4,0,34,0,0,8,10,18,19,11,12,10,52,6,2,8,60
08/03/2017,BQN,PR,ASO,ES,Federal Contract Tower,16,11,0,0,27,0,0,12,17,29,16,11,12,17,56,18,2,20,76
08/04/2017,BQN,PR,ASO,ES,Federal Contract Tower,20,13,3,0,36,0,0,13,7,20,20,13,16,7,56,4,0,4,60
08/05/2017,BQN,PR,ASO,ES,Federal Contract Tower,16,0,0,0,16,0,0,31,7,38,16,0,31,7,54,40,6,46,100
08/06/2017,BQN,PR,ASO,ES,Federal Contract Tower,11,0,4,0,15,0,0,16,6,22,11,0,20,6,37,76,8,84,121
08/07/2017,BQN,PR,ASO,ES,Federal Contract Tower,11,13,0,3,27,0,0,18,14,32,11,13,18,17,59,12,64,76,135
08/08/2017,BQN,PR,ASO,ES,Federal Contract Tower,22,12,0,1,35,0,0,32,12,44,22,12,32,13,79,46,8,54,133
08/09/2017,BQN,PR,ASO,ES,Federal Contract Tower,19,15,1,2,37,0,0,33,26,59,19,15,34,28,96,100,72,172,268
08/10/2017,BQN,PR,ASO,ES,Federal Contract Tower,30,12,0,0,42,0,0,30,36,66,30,12,30,36,108,24,10,34,142
08/11/2017,BQN,PR,ASO,ES,Federal Contract Tower,21,12,4,2,39,0,0,19,6,25,21,12,23,8,64,50,10,60,124
08/12/2017,BQN,PR,ASO,ES,Federal Contract Tower,8,0,1,1,10,0,0,16,5,21,8,0,17,6,31,20,6,26,57
08/13/2017,BQN,PR,ASO,ES,Federal Contract Tower,28,2,5,2,37,0,0,20,9,29,28,2,25,11,66,28,0,28,94
08/14/2017,BQN,PR,ASO,ES,Federal Contract Tower,15,8,5,1,29,0,0,27,16,43,15,8,32,17,72,40,30,70,142
08/15/2017,BQN,PR,ASO,ES,Federal Contract Tower,23,13,3,2,41,0,0,14,16,30,23,13,17,18,71,26,26,52,123
08/16/2017,BQN,PR,ASO,ES,Federal Contract Tower,15,10,3,0,28,0,0,21,7,28,15,10,24,7,56,0,0,0,56
08/17/2017,BQN,PR,ASO,ES,Federal Contract Tower,19,12,1,0,32,0,0,2,5,7,19,12,3,5,39,10,0,10,49
08/18/2017,BQN,PR,ASO,ES,Federal Contract Tower,15,11,5,3,34,0,0,17,8,25,15,11,22,11,59,52,32,84,143
08/19/2017,BQN,PR,ASO,ES,Federal Contract Tower,16,0,2,2,20,0,0,2,4,6,16,0,4,6,26,4,0,4,30
08/20/2017,BQN,PR,ASO,ES,Federal Contract Tower,23,1,2,2,28,0,0,21,5,26,23,1,23,7,54,30,0,30,84
08/21/2017,BQN,PR,ASO,ES,Federal Contract Tower,16,12,2,0,30,0,0,26,7,33,16,12,28,7,63,34,70,104,167
08/22/2017,BQN,PR,ASO,ES,Federal Contract Tower,21,12,4,7,44,0,0,38,11,49,21,12,42,18,93,84,18,102,195
08/23/2017,BQN,PR,ASO,ES,Federal Contract Tower,19,12,2,4,37,0,0,20,4,24,19,12,22,8,61,30,12,42,103
08/24/2017,BQN,PR,ASO,ES,Federal Contract Tower,15,16,3,0,34,0,1,20,11,32,15,17,23,11,66,14,0,14,80
08/25/2017,BQN,PR,ASO,ES,Federal Contract Tower,18,12,4,1,35,0,0,30,20,50,18,12,34,21,85,18,24,42,127
08/26/2017,BQN,PR,ASO,ES,Federal Contract Tower,15,0,0,0,15,0,0,21,5,26,15,0,21,5,41,18,14,32,73
08/27/2017,BQN,PR,ASO,ES,Federal Contract Tower,14,0,5,0,19,0,0,9,7,16,14,0,14,7,35,4,6,10,45
08/28/2017,BQN,PR,ASO,ES,Federal Contract Tower,13,13,6,0,32,0,0,33,19,52,13,13,39,19,84,34,42,76,160
08/29/2017,BQN,PR,ASO,ES,Federal Contract Tower,23,11,4,2,40,0,0,22,5,27,23,11,26,7,67,22,8,30,97
08/30/2017,BQN,PR,ASO,ES,Federal Contract Tower,16,12,4,0,32,0,0,11,12,23,16,12,15,12,55,18,66,84,139
08/31/2017,BQN,PR,ASO,ES,Federal Contract Tower,19,14,3,0,36,0,0,27,14,41,19,14,30,14,77,24,6,30,107
09/01/2017,BQN,PR,ASO,ES,Federal Contract Tower,15,14,4,0,33,0,0,19,1,20,15,14,23,1,53,18,0,18,71
09/02/2017,BQN,PR,ASO,ES,Federal Contract Tower,14,0,5,0,19,0,0,8,8,16,14,0,13,8,35,0,4,4,39
09/03/2017,BQN,PR,ASO,ES,Federal Contract Tower,24,0,2,0,26,0,0,18,9,27,24,0,20,9,53,16,8,24,77
09/04/2017,BQN,PR,ASO,ES,Federal Contract Tower,4,2,12,2,20,0,0,41,8,49,4,2,53,10,69,4,0,4,73
09/05/2017,BQN,PR,ASO,ES,Federal Contract Tower,17,6,15,1,39,0,0,29,16,45,17,6,44,17,84,0,0,0,84
09/06/2017,BQN,PR,ASO,ES,Federal Contract Tower,3,0,0,0,3,0,0,0,0,0,3,0,0,0,3,0,0,0,3
09/07/2017,BQN,PR,ASO,ES,Federal Contract Tower,4,0,0,0,4,0,0,23,17,40,4,0,23,17,44,10,0,10,54
09/08/2017,BQN,PR,ASO,ES,Federal Contract Tower,10,7,0,1,18,0,0,15,13,28,10,7,15,14,46,0,0,0,46
09/09/2017,BQN,PR,ASO,ES,Federal Contract Tower,2,0,2,1,5,0,0,19,9,28,2,0,21,10,33,24,0,24,57
09/10/2017,BQN,PR,ASO,ES,Federal Contract Tower,6,0,3,5,14,0,0,14,4,18,6,0,17,9,32,32,0,32,64
09/11/2017,BQN,PR,ASO,ES,Federal Contract Tower,7,15,6,5,33,0,0,47,10,57,7,15,53,15,90,24,0,24,114
09/12/2017,BQN,PR,ASO,ES,Federal Contract Tower,14,17,0,0,31,0,0,32,7,39,14,17,32,7,70,36,6,42,112
09/13/2017,BQN,PR,ASO,ES,Federal Contract Tower,18,11,7,1,37,0,0,30,10,40,18,11,37,11,77,28,24,52,129
09/14/2017,BQN,PR,ASO,ES,Federal Contract Tower,10,14,2,1,27,0,0,27,5,32,10,14,29,6,59,30,0,30,89
09/15/2017,BQN,PR,ASO,ES,Federal Contract Tower,16,11,4,0,31,0,0,29,4,33,16,11,33,4,64,18,4,22,86
09/16/2017,BQN,PR,ASO,ES,Federal Contract Tower,8,2,9,1,20,0,0,26,8,34,8,2,35,9,54,16,2,18,72
09/17/2017,BQN,PR,ASO,ES,Federal Contract Tower,16,0,5,2,23,0,0,27,5,32,16,0,32,7,55,0,0,0,55
09/18/2017,BQN,PR,ASO,ES,Federal Contract Tower,12,8,11,0,31,0,0,42,22,64,12,8,53,22,95,0,0,0,95
09/19/2017,BQN,PR,ASO,ES,Federal Contract Tower,8,7,12,2,29,0,0,38,12,50,8,7,50,14,79,0,0,0,79
10/01/2017,BQN,PR,ASO,ES,Federal Contract Tower,5,9,19,15,48,0,0,106,74,180,5,9,125,89,228,0,0,0,228
10/02/2017,BQN,PR,ASO,ES,Federal Contract Tower,8,2,22,11,43,0,3,99,83,185,8,5,121,94,228,0,0,0,228
10/03/2017,BQN,PR,ASO,ES,Federal Contract Tower,12,0,28,6,46,0,0,102,79,181,12,0,130,85,227,6,0,6,233
10/04/2017,BQN,PR,ASO,ES,Federal Contract Tower,7,9,26,8,50,0,1,86,88,175,7,10,112,96,225,0,8,8,233
10/05/2017,BQN,PR,ASO,ES,Federal Contract Tower,17,5,21,6,49,0,0,78,63,141,17,5,99,69,190,0,0,0,190
10/06/2017,BQN,PR,ASO,ES,Federal Contract Tower,19,12,14,20,65,0,0,58,74,132,19,12,72,94,197,0,0,0,197
10/07/2017,BQN,PR,ASO,ES,Federal Contract Tower,12,8,11,12,43,0,0,55,108,163,12,8,66,120,206,0,4,4,210
10/08/2017,BQN,PR,ASO,ES,Federal Contract Tower,17,5,4,10,36,0,0,43,73,116,17,5,47,83,152,0,0,0,152
10/09/2017,BQN,PR,ASO,ES,Federal Contract Tower,20,12,10,2,44,0,0,57,55,112,20,12,67,57,156,0,0,0,156
10/10/2017,BQN,PR,ASO,ES,Federal Contract Tower,16,14,17,8,55,0,0,48,79,127,16,14,65,87,182,6,2,8,190
10/11/2017,BQN,PR,ASO,ES,Federal Contract Tower,27,11,12,4,54,0,68,64,0,132,27,79,76,4,186,0,0,0,186
10/12/2017,BQN,PR,ASO,ES,Federal Contract Tower,26,12,4,8,50,0,4,34,67,105,26,16,38,75,155,0,0,0,155
10/13/2017,BQN,PR,ASO,ES,Federal Contract Tower,21,11,10,7,49,0,0,48,48,96,21,11,58,55,145,0,0,0,145
10/14/2017,BQN,PR,ASO,ES,Federal Contract Tower,19,0,9,5,33,0,0,52,52,104,19,0,61,57,137,2,0,2,139
10/15/2017,BQN,PR,ASO,ES,Federal Contract Tower,16,0,9,2,27,0,0,43,44,87,16,0,52,46,114,0,0,0,114
10/16/2017,BQN,PR,ASO,ES,Federal Contract Tower,17,8,2,1,28,0,0,37,29,66,17,8,39,30,94,0,0,0,94
10/17/2017,BQN,PR,ASO,ES,Federal Contract Tower,23,9,8,0,40,0,0,45,56,101,23,9,53,56,141,8,0,8,149
10/18/2017,BQN,PR,ASO,ES,Federal Contract Tower,18,7,5,5,35,0,0,44,40,84,18,7,49,45,119,2,0,2,121
10/19/2017,BQN,PR,ASO,ES,Federal Contract Tower,21,8,9,4,42,0,0,43,38,81,21,8,52,42,123,6,0,6,129
10/20/2017,BQN,PR,ASO,ES,Federal Contract Tower,18,8,11,3,40,0,0,40,59,99,18,8,51,62,139,20,0,20,159
10/21/2017,BQN,PR,ASO,ES,Federal Contract Tower,9,0,2,2,13,0,0,37,48,85,9,0,39,50,98,18,6,24,122
10/22/2017,BQN,PR,ASO,ES,Federal Contract Tower,12,0,3,0,15,0,0,40,30,70,12,0,43,30,85,0,0,0,85
10/23/2017,BQN,PR,ASO,ES,Federal Contract Tower,14,10,4,2,30,0,0,61,70,131,14,10,65,72,161,0,2,2,163
10/24/2017,BQN,PR,ASO,ES,Federal Contract Tower,14,8,9,4,35,0,0,50,70,120,14,8,59,74,155,4,2,6,161
10/25/2017,BQN,PR,ASO,ES,Federal Contract Tower,16,10,7,2,35,0,0,54,63,117,16,10,61,65,152,14,0,14,166
10/26/2017,BQN,PR,ASO,ES,Federal Contract Tower,12,8,11,0,31,0,0,41,52,93,12,8,52,52,124,4,22,26,150
10/27/2017,BQN,PR,ASO,ES,Federal Contract Tower,15,8,5,5,33,0,0,40,28,68,15,8,45,33,101,6,2,8,109
10/28/2017,BQN,PR,ASO,ES,Federal Contract Tower,7,1,2,1,11,0,0,10,26,36,7,1,12,27,47,0,0,0,47
10/29/2017,BQN,PR,ASO,ES,Federal Contract Tower,5,0,3,0,8,0,0,36,31,67,5,0,39,31,75,0,0,0,75
10/30/2017,BQN,PR,ASO,ES,Federal Contract Tower,13,20,7,2,42,0,0,64,47,111,13,20,71,49,153,6,0,6,159
10/31/2017,BQN,PR,ASO,ES,Federal Contract Tower,13,10,9,2,34,0,0,60,38,98,13,10,69,40,132,2,2,4,136
11/01/2017,BQN,PR,ASO,ES,Federal Contract Tower,14,9,6,2,31,0,0,41,57,98,14,9,47,59,129,14,2,16,145
11/02/2017,BQN,PR,ASO,ES,Federal Contract Tower,21,9,7,0,37,0,0,67,64,131,21,9,74,64,168,14,12,26,194
11/03/2017,BQN,PR,ASO,ES,Federal Contract Tower,14,8,9,0,31,0,0,40,59,99,14,8,49,59,130,4,12,16,146
11/04/2017,BQN,PR,ASO,ES,Federal Contract Tower,4,2,5,0,11,0,0,24,31,55,4,2,29,31,66,12,8,20,86
11/05/2017,BQN,PR,ASO,ES,Federal Contract Tower,6,0,7,0,13,0,0,14,10,24,6,0,21,10,37,0,10,10,47
11/06/2017,BQN,PR,ASO,ES,Federal Contract Tower,17,11,4,2,34,0,0,41,31,72,17,11,45,33,106,0,22,22,128
11/07/2017,BQN,PR,ASO,ES,Federal Contract Tower,10,11,2,0,23,0,0,37,39,76,10,11,39,39,99,4,0,4,103
11/08/2017,BQN,PR,ASO,ES,Federal Contract Tower,15,10,4,4,33,0,0,48,26,74,15,10,52,30,107,14,20,34,141
11/09/2017,BQN,PR,ASO,ES,Federal Contract Tower,12,12,2,2,28,0,0,32,32,64,12,12,34,34,92,16,0,16,108
11/10/2017,BQN,PR,ASO,ES,Federal Contract Tower,12,10,10,0,32,0,0,28,20,48,12,10,38,20,80,14,0,14,94
11/11/2017,BQN,PR,ASO,ES,Federal Contract Tower,7,1,5,1,14,0,0,18,9,27,7,1,23,10,41,0,0,0,41
11/12/2017,BQN,PR,ASO,ES,Federal Contract Tower,6,0,7,0,13,0,0,17,13,30,6,0,24,13,43,0,0,0,43
11/13/2017,BQN,PR,ASO,ES,Federal Contract Tower,10,12,14,5,41,0,0,24,16,40,10,12,38,21,81,34,0,34,115
11/14/2017,BQN,PR,ASO,ES,Federal Contract Tower,18,7,6,0,31,0,0,30,24,54,18,7,36,24,85,48,10,58,143
11/16/2017,BQN,PR,ASO,ES,Federal Contract Tower,17,11,5,0,33,0,0,19,13,32,17,11,24,13,65,2,6,8,73
11/17/2017,BQN,PR,ASO,ES,Federal Contract Tower,14,10,1,2,27,0,0,25,7,32,14,10,26,9,59,10,0,10,69
11/18/2017,BQN,PR,ASO,ES,Federal Contract Tower,8,1,3,0,12,0,0,16,3,19,8,1,19,3,31,10,20,30,61
11/19/2017,BQN,PR,ASO,ES,Federal Contract Tower,20,0,8,2,30,0,0,14,2,16,20,0,22,4,46,6,0,6,52
11/20/2017,BQN,PR,ASO,ES,Federal Contract Tower,16,10,1,4,31,0,0,34,17,51,16,10,35,21,82,30,20,50,132
11/21/2017,BQN,PR,ASO,ES,Federal Contract Tower,19,10,0,2,31,0,1,44,23,68,19,11,44,25,99,32,6,38,137
11/22/2017,BQN,PR,ASO,ES,Federal Contract Tower,20,11,3,2,36,0,0,29,13,42,20,11,32,15,78,14,4,18,96
11/23/2017,BQN,PR,ASO,ES,Federal Contract Tower,8,0,2,0,10,0,0,8,5,13,8,0,10,5,23,0,12,12,35
11/24/2017,BQN,PR,ASO,ES,Federal Contract Tower,6,11,0,0,17,0,0,24,8,32,6,11,24,8,49,12,24,36,85
11/25/2017,BQN,PR,ASO,ES,Federal Contract Tower,13,0,3,1,17,0,0,17,3,20,13,0,20,4,37,20,4,24,61
11/26/2017,BQN,PR,ASO,ES,Federal Contract Tower,8,1,6,3,18,0,0,13,2,15,8,1,19,5,33,0,0,0,33
11/27/2017,BQN,PR,ASO,ES,Federal Contract Tower,11,10,0,3,24,0,0,38,18,56,11,10,38,21,80,30,8,38,118
11/28/2017,BQN,PR,ASO,ES,Federal Contract Tower,21,10,2,0,33,0,0,28,23,51,21,10,30,23,84,34,36,70,154
11/29/2017,BQN,PR,ASO,ES,Federal Contract Tower,20,13,5,3,41,0,0,23,14,37,20,13,28,17,78,14,34,48,126
11/30/2017,BQN,PR,ASO,ES,Federal Contract Tower,15,8,0,0,23,0,0,30,11,41,15,8,30,11,64,0,0,0,64
12/01/2017,BQN,PR,ASO,ES,Federal Contract Tower,12,10,4,2,28,0,0,14,11,25,12,10,18,13,53,6,18,24,77
12/02/2017,BQN,PR,ASO,ES,Federal Contract Tower,8,0,1,0,9,0,0,34,7,41,8,0,35,7,50,18,50,68,118
12/03/2017,BQN,PR,ASO,ES,Federal Contract Tower,7,0,4,1,12,0,0,14,1,15,7,0,18,2,27,6,10,16,43
12/04/2017,BQN,PR,ASO,ES,Federal Contract Tower,10,10,4,2,26,0,0,31,14,45,10,10,35,16,71,44,16,60,131
12/05/2017,BQN,PR,ASO,ES,Federal Contract Tower,21,12,2,0,35,0,0,37,16,53,21,12,39,16,88,62,16,78,166
12/06/2017,BQN,PR,ASO,ES,Federal Contract Tower,16,9,6,1,32,0,0,32,12,44,16,9,38,13,76,42,26,68,144
12/07/2017,BQN,PR,ASO,ES,Federal Contract Tower,21,14,2,0,37,0,0,57,22,79,21,14,59,22,116,30,62,92,208
12/08/2017,BQN,PR,ASO,ES,Federal Contract Tower,18,13,2,0,33,0,0,31,16,47,18,13,33,16,80,32,8,40,120
12/09/2017,BQN,PR,ASO,ES,Federal Contract Tower,11,0,0,0,11,0,2,25,20,47,11,2,25,20,58,6,8,14,72
12/10/2017,BQN,PR,ASO,ES,Federal Contract Tower,11,0,3,0,14,0,0,27,12,39,11,0,30,12,53,4,18,22,75
12/11/2017,BQN,PR,ASO,ES,Federal Contract Tower,11,10,3,1,25,0,0,33,12,45,11,10,36,13,70,54,32,86,156
12/12/2017,BQN,PR,ASO,ES,Federal Contract Tower,19,10,6,2,37,0,0,40,12,52,19,10,46,14,89,40,14,54,143
12/13/2017,BQN,PR,ASO,ES,Federal Contract Tower,16,10,3,0,29,0,0,47,6,53,16,10,50,6,82,10,0,10,92
12/14/2017,BQN,PR,ASO,ES,Federal Contract Tower,19,12,2,0,33,0,0,43,31,74,19,12,45,31,107,38,26,64,171
12/15/2017,BQN,PR,ASO,ES,Federal Contract Tower,13,12,3,0,28,0,0,34,0,34,13,12,37,0,62,18,2,20,82
12/16/2017,BQN,PR,ASO,ES,Federal Contract Tower,8,1,8,0,17,0,0,28,12,40,8,1,36,12,57,6,0,6,63
12/17/2017,BQN,PR,ASO,ES,Federal Contract Tower,7,0,11,0,18,0,0,17,3,20,7,0,28,3,38,0,8,8,46
12/18/2017,BQN,PR,ASO,ES,Federal Contract Tower,7,11,8,2,28,0,0,35,11,46,7,11,43,13,74,26,34,60,134
12/19/2017,BQN,PR,ASO,ES,Federal Contract Tower,20,11,9,0,40,0,0,36,17,53,20,11,45,17,93,24,40,64,157
12/20/2017,BQN,PR,ASO,ES,Federal Contract Tower,17,11,3,0,31,0,0,37,5,42,17,11,40,5,73,34,12,46,119
12/21/2017,BQN,PR,ASO,ES,Federal Contract Tower,16,10,2,0,28,0,0,46,15,61,16,10,48,15,89,14,2,16,105
12/22/2017,BQN,PR,ASO,ES,Federal Contract Tower,17,12,2,0,31,0,0,33,11,44,17,12,35,11,75,6,0,6,81
12/23/2017,BQN,PR,ASO,ES,Federal Contract Tower,5,0,0,0,5,0,0,22,1,23,5,0,22,1,28,0,0,0,28
12/24/2017,BQN,PR,ASO,ES,Federal Contract Tower,9,0,0,0,9,0,0,19,12,31,9,0,19,12,40,0,0,0,40
12/25/2017,BQN,PR,ASO,ES,Federal Contract Tower,2,0,1,0,3,0,0,20,5,25,2,0,21,5,28,14,4,18,46
12/26/2017,BQN,PR,ASO,ES,Federal Contract Tower,14,4,10,0,28,0,0,36,11,47,14,4,46,11,75,34,26,60,135
12/27/2017,BQN,PR,ASO,ES,Federal Contract Tower,12,10,8,0,30,0,0,53,10,63,12,10,61,10,93,42,10,52,145
12/28/2017,BQN,PR,ASO,ES,Federal Contract Tower,15,10,6,0,31,0,0,32,10,42,15,10,38,10,73,8,32,40,113
12/29/2017,BQN,PR,ASO,ES,Federal Contract Tower,14,11,1,0,26,0,0,25,9,34,14,11,26,9,60,8,10,18,78
12/30/2017,BQN,PR,ASO,ES,Federal Contract Tower,6,0,2,0,8,0,0,18,2,20,6,0,20,2,28,4,0,4,32
12/31/2017,BQN,PR,ASO,ES,Federal Contract Tower,11,0,2,0,13,0,0,13,3,16,11,0,15,3,29,0,0,0,29
01/01/2018,BQN,PR,ASO,ES,Federal Contract Tower,2,0,0,0,2,0,0,16,4,20,2,0,16,4,22,0,0,0,22
01/02/2018,BQN,PR,ASO,ES,Federal Contract Tower,11,8,6,0,25,0,0,37,14,51,11,8,43,14,76,60,30,90,166
01/03/2018,BQN,PR,ASO,ES,Federal Contract Tower,15,8,2,0,25,0,0,54,7,61,15,8,56,7,86,26,10,36,122
01/04/2018,BQN,PR,ASO,ES,Federal Contract Tower,12,10,2,0,24,0,0,35,7,42,12,10,37,7,66,26,12,38,104
01/05/2018,BQN,PR,ASO,ES,Federal Contract Tower,18,10,1,0,29,0,0,31,20,51,18,10,32,20,80,46,48,94,174
01/06/2018,BQN,PR,ASO,ES,Federal Contract Tower,5,0,4,0,9,0,0,20,12,32,5,0,24,12,41,0,0,0,41
01/07/2018,BQN,PR,ASO,ES,Federal Contract Tower,5,2,4,0,11,0,0,12,4,16,5,2,16,4,27,0,0,0,27
01/08/2018,BQN,PR,ASO,ES,Federal Contract Tower,7,10,2,0,19,0,0,36,12,48,7,10,38,12,67,58,50,108,175
01/09/2018,BQN,PR,ASO,ES,Federal Contract Tower,13,11,2,0,26,0,0,41,13,54,13,11,43,13,80,38,58,96,176
01/10/2018,BQN,PR,ASO,ES,Federal Contract Tower,12,10,3,2,27,0,0,31,15,46,12,10,34,17,73,28,70,98,171
01/11/2018,BQN,PR,ASO,ES,Federal Contract Tower,11,11,0,0,22,0,0,25,15,40,11,11,25,15,62,12,12,24,86
01/12/2018,BQN,PR,ASO,ES,Federal Contract Tower,13,8,4,0,25,0,0,24,9,33,13,8,28,9,58,20,34,54,112
01/13/2018,BQN,PR,ASO,ES,Federal Contract Tower,8,0,0,0,8,0,0,6,7,13,8,0,6,7,21,4,16,20,41
01/14/2018,BQN,PR,ASO,ES,Federal Contract Tower,7,0,3,2,12,0,0,14,10,24,7,0,17,12,36,0,6,6,42
01/15/2018,BQN,PR,ASO,ES,Federal Contract Tower,9,9,2,0,20,0,0,31,11,42,9,9,33,11,62,48,58,106,168
01/16/2018,BQN,PR,ASO,ES,Federal Contract Tower,13,9,2,1,25,0,0,34,16,50,13,9,36,17,75,22,26,48,123
01/17/2018,BQN,PR,ASO,ES,Federal Contract Tower,15,11,8,3,37,10,4,30,14,58,25,15,38,17,95,12,114,126,221
01/18/2018,BQN,PR,ASO,ES,Federal Contract Tower,16,13,6,2,37,0,0,27,24,51,16,13,33,26,88,12,12,24,112
01/19/2018,BQN,PR,ASO,ES,Federal Contract Tower,20,9,4,1,34,0,0,37,15,52,20,9,41,16,86,24,60,84,170
01/20/2018,BQN,PR,ASO,ES,Federal Contract Tower,8,0,1,1,10,0,0,12,7,19,8,0,13,8,29,6,48,54,83
01/21/2018,BQN,PR,ASO,ES,Federal Contract Tower,6,0,3,0,9,0,0,13,9,22,6,0,16,9,31,0,0,0,31
01/22/2018,BQN,PR,ASO,ES,Federal Contract Tower,6,8,4,0,18,0,0,25,14,39,6,8,29,14,57,32,28,60,117
01/23/2018,BQN,PR,ASO,ES,Federal Contract Tower,13,12,11,1,37,0,0,31,7,38,13,12,42,8,75,38,50,88,163
01/24/2018,BQN,PR,ASO,ES,Federal Contract Tower,13,10,6,1,30,0,0,31,27,58,13,10,37,28,88,24,22,46,134
01/25/2018,BQN,PR,ASO,ES,Federal Contract Tower,14,10,3,0,27,0,0,27,10,37,14,10,30,10,64,24,12,36,100
01/26/2018,BQN,PR,ASO,ES,Federal Contract Tower,8,10,2,0,20,0,0,28,15,43,8,10,30,15,63,14,6,20,83
01/27/2018,BQN,PR,ASO,ES,Federal Contract Tower,7,0,0,0,7,0,0,14,5,19,7,0,14,5,26,6,0,6,32
01/28/2018,BQN,PR,ASO,ES,Federal Contract Tower,11,0,3,0,14,0,0,14,2,16,11,0,17,2,30,0,0,0,30
01/29/2018,BQN,PR,ASO,ES,Federal Contract Tower,13,11,7,1,32,0,0,23,20,43,13,11,30,21,75,0,2,2,77
01/30/2018,BQN,PR,ASO,ES,Federal Contract Tower,21,8,4,1,34,0,0,19,11,30,21,8,23,12,64,40,28,68,132
01/31/2018,BQN,PR,ASO,ES,Federal Contract Tower,16,10,1,0,27,0,0,37,11,48,16,10,38,11,75,46,16,62,137
02/01/2018,BQN,PR,ASO,ES,Federal Contract Tower,17,12,2,0,31,0,0,29,23,52,17,12,31,23,83,10,0,10,93
02/02/2018,BQN,PR,ASO,ES,Federal Contract Tower,13,10,7,1,31,0,0,34,18,52,13,10,41,19,83,42,0,42,125
02/03/2018,BQN,PR,ASO,ES,Federal Contract Tower,4,0,1,0,5,0,0,22,8,30,4,0,23,8,35,14,0,14,49
02/04/2018,BQN,PR,ASO,ES,Federal Contract Tower,10,0,4,0,14,0,0,7,7,14,10,0,11,7,28,6,16,22,50
02/05/2018,BQN,PR,ASO,ES,Federal Contract Tower,14,10,1,0,25,0,0,20,16,36,14,10,21,16,61,20,42,62,123
02/06/2018,BQN,PR,ASO,ES,Federal Contract Tower,19,10,4,2,35,0,0,34,19,53,19,10,38,21,88,4,2,6,94
02/08/2018,BQN,PR,ASO,ES,Federal Contract Tower,14,12,4,0,30,0,0,28,28,56,14,12,32,28,86,18,14,32,118
02/09/2018,BQN,PR,ASO,ES,Federal Contract Tower,16,10,6,0,32,0,0,48,22,70,16,10,54,22,102,26,50,76,178
02/10/2018,BQN,PR,ASO,ES,Federal Contract Tower,6,0,5,3,14,0,0,32,7,39,6,0,37,10,53,0,20,20,73
02/11/2018,BQN,PR,ASO,ES,Federal Contract Tower,5,2,2,0,9,0,0,14,13,27,5,2,16,13,36,2,72,74,110
02/12/2018,BQN,PR,ASO,ES,Federal Contract Tower,7,10,3,1,21,0,0,42,25,67,7,10,45,26,88,34,36,70,158
02/13/2018,BQN,PR,ASO,ES,Federal Contract Tower,14,10,1,1,26,0,0,34,8,42,14,10,35,9,68,30,26,56,124
02/14/2018,BQN,PR,ASO,ES,Federal Contract Tower,9,10,4,1,24,0,0,38,12,50,9,10,42,13,74,38,34,72,146
02/15/2018,BQN,PR,ASO,ES,Federal Contract Tower,13,11,4,1,29,0,0,42,32,74,13,11,46,33,103,30,6,36,139
02/16/2018,BQN,PR,ASO,ES,Federal Contract Tower,13,10,7,5,35,0,0,57,27,84,13,10,64,32,119,28,8,36,155
02/17/2018,BQN,PR,ASO,ES,Federal Contract Tower,10,1,2,0,13,0,0,38,18,56,10,1,40,18,69,20,22,42,111
02/18/2018,BQN,PR,ASO,ES,Federal Contract Tower,5,0,2,0,7,0,0,29,14,43,5,0,31,14,50,14,16,30,80
02/19/2018,BQN,PR,ASO,ES,Federal Contract Tower,11,10,2,0,23,0,0,22,5,27,11,10,24,5,50,0,10,10,60
02/20/2018,BQN,PR,ASO,ES,Federal Contract Tower,23,12,11,1,47,0,0,52,39,91,23,12,63,40,138,22,8,30,168
02/21/2018,BQN,PR,ASO,ES,Federal Contract Tower,10,12,7,1,30,0,0,43,19,62,10,12,50,20,92,32,24,56,148
02/22/2018,BQN,PR,ASO,ES,Federal Contract Tower,28,10,3,3,44,0,0,47,24,71,28,10,50,27,115,14,18,32,147
02/23/2018,BQN,PR,ASO,ES,Federal Contract Tower,13,10,3,0,26,0,0,49,13,62,13,10,52,13,88,12,10,22,110
02/24/2018,BQN,PR,ASO,ES,Federal Contract Tower,10,0,4,0,14,0,0,30,21,51,10,0,34,21,65,30,26,56,121
02/25/2018,BQN,PR,ASO,ES,Federal Contract Tower,7,1,7,0,15,0,0,45,7,52,7,1,52,7,67,0,12,12,79
02/26/2018,BQN,PR,ASO,ES,Federal Contract Tower,8,12,6,0,26,0,0,57,19,76,8,12,63,19,102,56,64,120,222
02/27/2018,BQN,PR,ASO,ES,Federal Contract Tower,11,8,5,0,24,0,0,61,16,77,11,8,66,16,101,60,26,86,187
02/28/2018,BQN,PR,ASO,ES,Federal Contract Tower,11,12,4,0,27,0,0,50,25,75,11,12,54,25,102,34,14,48,150
03/01/2018,BQN,PR,ASO,ES,Federal Contract Tower,17,10,5,0,32,0,0,62,19,81,17,10,67,19,113,2,26,28,141
03/02/2018,BQN,PR,ASO,ES,Federal Contract Tower,14,10,2,0,26,0,0,54,12,66,14,10,56,12,92,8,42,50,142
03/03/2018,BQN,PR,ASO,ES,Federal Contract Tower,8,2,5,0,15,0,0,58,20,78,8,2,63,20,93,62,68,130,223
03/04/2018,BQN,PR,ASO,ES,Federal Contract Tower,7,0,2,0,9,0,0,60,12,72,7,0,62,12,81,0,0,0,81
03/05/2018,BQN,PR,ASO,ES,Federal Contract Tower,6,11,3,1,21,0,1,63,10,74,6,12,66,11,95,42,20,62,157
03/06/2018,BQN,PR,ASO,ES,Federal Contract Tower,13,10,1,0,24,0,0,66,20,86,13,10,67,20,110,32,20,52,162
03/07/2018,BQN,PR,ASO,ES,Federal Contract Tower,10,10,3,0,23,0,0,78,13,91,10,10,81,13,114,38,56,94,208
03/08/2018,BQN,PR,ASO,ES,Federal Contract Tower,17,14,4,0,35,0,0,63,29,92,17,14,67,29,127,94,18,112,239
03/09/2018,BQN,PR,ASO,ES,Federal Contract Tower,13,9,3,0,25,0,0,64,18,82,13,9,67,18,107,26,56,82,189
03/10/2018,BQN,PR,ASO,ES,Federal Contract Tower,1,3,2,0,6,0,0,34,6,40,1,3,36,6,46,6,6,12,58
03/11/2018,BQN,PR,ASO,ES,Federal Contract Tower,6,2,2,0,10,0,0,53,4,57,6,2,55,4,67,10,4,14,81
03/12/2018,BQN,PR,ASO,ES,Federal Contract Tower,7,12,6,1,26,0,0,50,22,72,7,12,56,23,98,34,50,84,182
03/13/2018,BQN,PR,ASO,ES,Federal Contract Tower,14,12,4,0,30,0,0,52,23,75,14,12,56,23,105,26,38,64,169
03/14/2018,BQN,PR,ASO,ES,Federal Contract Tower,10,13,5,0,28,0,0,32,21,53,10,13,37,21,81,6,94,100,181
03/15/2018,BQN,PR,ASO,ES,Federal Contract Tower,22,10,4,1,37,0,0,25,17,42,22,10,29,18,79,4,32,36,115
03/16/2018,BQN,PR,ASO,ES,Federal Contract Tower,13,12,4,0,29,0,0,86,23,109,13,12,90,23,138,6,24,30,168
03/17/2018,BQN,PR,ASO,ES,Federal Contract Tower,7,0,3,1,11,0,0,34,15,49,7,0,37,16,60,8,0,8,68
03/18/2018,BQN,PR,ASO,ES,Federal Contract Tower,7,0,2,1,10,0,0,40,5,45,7,0,42,6,55,0,60,60,115
03/19/2018,BQN,PR,ASO,ES,Federal Contract Tower,7,10,0,0,17,0,0,56,15,71,7,10,56,15,88,20,64,84,172
03/20/2018,BQN,PR,ASO,ES,Federal Contract Tower,14,10,8,0,32,0,0,50,13,63,14,10,58,13,95,40,48,88,183
03/21/2018,BQN,PR,ASO,ES,Federal Contract Tower,10,11,1,0,22,0,0,45,14,59,10,11,46,14,81,60,54,114,195
03/22/2018,BQN,PR,ASO,ES,Federal Contract Tower,22,9,1,0,32,0,1,62,29,92,22,10,63,29,124,32,38,70,194
03/23/2018,BQN,PR,ASO,ES,Federal Contract Tower,12,12,8,0,32,0,0,53,17,70,12,12,61,17,102,34,44,78,180
03/24/2018,BQN,PR,ASO,ES,Federal Contract Tower,13,0,4,0,17,0,0,33,20,53,13,0,37,20,70,40,2,42,112
03/25/2018,BQN,PR,ASO,ES,Federal Contract Tower,5,0,5,2,12,0,0,22,2,24,5,0,27,4,36,6,8,14,50
03/26/2018,BQN,PR,ASO,ES,Federal Contract Tower,9,9,1,0,19,0,0,51,16,67,9,9,52,16,86,44,46,90,176
03/27/2018,BQN,PR,ASO,ES,Federal Contract Tower,12,10,4,0,26,0,0,58,37,95,12,10,62,37,121,20,6,26,147
03/28/2018,BQN,PR,ASO,ES,Federal Contract Tower,19,8,4,0,31,0,0,53,27,80,19,8,57,27,111,34,40,74,185
03/29/2018,BQN,PR,ASO,ES,Federal Contract Tower,25,10,5,0,40,0,0,61,17,78,25,10,66,17,118,22,16,38,156
03/30/2018,BQN,PR,ASO,ES,Federal Contract Tower,3,0,2,0,5,0,0,61,11,72,3,0,63,11,77,54,26,80,157
04/02/2018,BQN,PR,ASO,ES,Federal Contract Tower,12,11,4,0,27,0,0,56,8,64,12,11,60,8,91,64,24,88,179
04/03/2018,BQN,PR,ASO,ES,Federal Contract Tower,15,10,8,0,33,0,0,59,32,91,15,10,67,32,124,62,22,84,208
04/04/2018,BQN,PR,ASO,ES,Federal Contract Tower,17,5,4,1,27,0,0,53,33,86,17,5,57,34,113,48,12,60,173
04/05/2018,BQN,PR,ASO,ES,Federal Contract Tower,22,10,4,1,37,0,0,50,16,66,22,10,54,17,103,60,76,136,239
04/06/2018,BQN,PR,ASO,ES,Federal Contract Tower,10,11,1,0,22,0,0,59,19,78,10,11,60,19,100,28,28,56,156
04/07/2018,BQN,PR,ASO,ES,Federal Contract Tower,12,0,3,0,15,0,0,42,12,54,12,0,45,12,69,46,10,56,125
04/08/2018,BQN,PR,ASO,ES,Federal Contract Tower,4,0,1,0,5,0,0,46,10,56,4,0,47,10,61,10,14,24,85
04/09/2018,BQN,PR,ASO,ES,Federal Contract Tower,7,10,1,1,19,0,0,49,17,66,7,10,50,18,85,34,66,100,185
04/10/2018,BQN,PR,ASO,ES,Federal Contract Tower,13,10,7,1,31,0,0,47,33,80,13,10,54,34,111,58,28,86,197
04/11/2018,BQN,PR,ASO,ES,Federal Contract Tower,11,8,6,3,28,0,0,55,25,80,11,8,61,28,108,26,64,90,198
04/12/2018,BQN,PR,ASO,ES,Federal Contract Tower,17,10,7,0,34,0,0,51,11,62,17,10,58,11,96,32,8,40,136
04/13/2018,BQN,PR,ASO,ES,Federal Contract Tower,16,10,2,0,28,0,0,59,8,67,16,10,61,8,95,36,8,44,139
04/14/2018,BQN,PR,ASO,ES,Federal Contract Tower,5,0,0,0,5,0,0,36,10,46,5,0,36,10,51,26,0,26,77
04/15/2018,BQN,PR,ASO,ES,Federal Contract Tower,6,0,4,0,10,0,0,41,5,46,6,0,45,5,56,16,12,28,84
04/16/2018,BQN,PR,ASO,ES,Federal Contract Tower,12,12,5,1,30,0,0,38,4,42,12,12,43,5,72,20,36,56,128
04/17/2018,BQN,PR,ASO,ES,Federal Contract Tower,17,8,3,1,29,0,0,40,17,57,17,8,43,18,86,30,6,36,122
04/18/2018,BQN,PR,ASO,ES,Federal Contract Tower,16,8,0,0,24,0,0,46,17,63,16,8,46,17,87,46,10,56,143
04/19/2018,BQN,PR,ASO,ES,Federal Contract Tower,19,9,1,0,29,0,0,57,12,69,19,9,58,12,98,26,0,26,124
04/20/2018,BQN,PR,ASO,ES,Federal Contract Tower,15,11,4,0,30,0,1,49,22,72,15,12,53,22,102,42,48,90,192
04/21/2018,BQN,PR,ASO,ES,Federal Contract Tower,3,1,3,0,7,0,0,23,15,38,3,1,26,15,45,22,0,22,67
04/22/2018,BQN,PR,ASO,ES,Federal Contract Tower,7,0,4,0,11,0,0,0,0,0,7,0,4,0,11,4,6,10,21
04/23/2018,BQN,PR,ASO,ES,Federal Contract Tower,11,9,1,3,24,0,0,45,15,60,11,9,46,18,84,46,44,90,174
04/24/2018,BQN,PR,ASO,ES,Federal Contract Tower,16,8,3,1,28,0,0,41,19,60,16,8,44,20,88,54,8,62,150
04/25/2018,BQN,PR,ASO,ES,Federal Contract Tower,13,8,1,2,24,0,0,41,16,57,13,8,42,18,81,44,30,74,155
04/26/2018,BQN,PR,ASO,ES,Federal Contract Tower,18,10,8,0,36,0,0,40,18,58,18,10,48,18,94,32,26,58,152
04/27/2018,BQN,PR,ASO,ES,Federal Contract Tower,15,9,4,3,31,0,0,52,20,72,15,9,56,23,103,30,48,78,181
04/28/2018,BQN,PR,ASO,ES,Federal Contract Tower,6,0,0,2,8,0,0,26,16,42,6,0,26,18,50,14,4,18,68
04/29/2018,BQN,PR,ASO,ES,Federal Contract Tower,6,0,2,1,9,0,0,25,7,32,6,0,27,8,41,4,8,12,53
04/30/2018,BQN,PR,ASO,ES,Federal Contract Tower,8,7,0,0,15,0,0,34,17,51,8,7,34,17,66,22,6,28,94
05/01/2018,BQN,PR,ASO,ES,Federal Contract Tower,14,4,7,1,26,0,0,48,22,70,14,4,55,23,96,40,12,52,148
05/02/2018,BQN,PR,ASO,ES,Federal Contract Tower,14,10,7,2,33,0,0,37,12,49,14,10,44,14,82,32,24,56,138
05/03/2018,BQN,PR,ASO,ES,Federal Contract Tower,19,10,4,4,37,0,0,33,10,43,19,10,37,14,80,44,22,66,146
05/04/2018,BQN,PR,ASO,ES,Federal Contract Tower,19,11,2,0,32,0,0,27,7,34,19,11,29,7,66,10,10,20,86
05/05/2018,BQN,PR,ASO,ES,Federal Contract Tower,7,0,1,0,8,0,0,23,11,34,7,0,24,11,42,6,2,8,50
05/06/2018,BQN,PR,ASO,ES,Federal Contract Tower,8,0,2,0,10,0,0,15,3,18,8,0,17,3,28,2,15,17,45
05/07/2018,BQN,PR,ASO,ES,Federal Contract Tower,13,10,2,0,25,0,0,33,14,47,13,10,35,14,72,32,44,76,148
05/08/2018,BQN,PR,ASO,ES,Federal Contract Tower,15,9,10,1,35,0,0,35,19,54,15,9,45,20,89,24,56,80,169
05/09/2018,BQN,PR,ASO,ES,Federal Contract Tower,11,10,0,0,21,0,0,29,12,41,11,10,29,12,62,0,0,0,62
05/10/2018,BQN,PR,ASO,ES,Federal Contract Tower,23,8,5,0,36,0,0,28,9,37,23,8,33,9,73,42,2,44,117
05/11/2018,BQN,PR,ASO,ES,Federal Contract Tower,18,6,12,1,37,0,0,35,14,49,18,6,47,15,86,22,6,28,114
05/12/2018,BQN,PR,ASO,ES,Federal Contract Tower,14,0,2,2,18,0,0,18,2,20,14,0,20,4,38,14,0,14,52
05/13/2018,BQN,PR,ASO,ES,Federal Contract Tower,8,0,1,0,9,0,0,9,6,15,8,0,10,6,24,10,14,24,48
05/14/2018,BQN,PR,ASO,ES,Federal Contract Tower,10,12,4,0,26,0,0,26,16,42,10,12,30,16,68,40,74,114,182
05/15/2018,BQN,PR,ASO,ES,Federal Contract Tower,18,9,3,0,30,0,0,33,25,58,18,9,36,25,88,22,10,32,120
05/16/2018,BQN,PR,ASO,ES,Federal Contract Tower,17,9,2,1,29,0,0,46,19,65,17,9,48,20,94,24,14,38,132
05/17/2018,BQN,PR,ASO,ES,Federal Contract Tower,13,10,4,0,27,0,0,31,12,43,13,10,35,12,70,42,14,56,126
05/18/2018,BQN,PR,ASO,ES,Federal Contract Tower,17,10,1,0,28,0,0,42,8,50,17,10,43,8,78,26,4,30,108
05/19/2018,BQN,PR,ASO,ES,Federal Contract Tower,9,1,3,0,13,0,0,22,6,28,9,1,25,6,41,30,2,32,73
05/20/2018,BQN,PR,ASO,ES,Federal Contract Tower,8,0,0,0,8,0,0,10,2,12,8,0,10,2,20,4,2,6,26
05/21/2018,BQN,PR,ASO,ES,Federal Contract Tower,12,8,5,0,25,0,0,34,9,43,12,8,39,9,68,52,34,86,154
05/22/2018,BQN,PR,ASO,ES,Federal Contract Tower,16,9,2,0,27,0,0,32,11,43,16,9,34,11,70,40,14,54,124
05/23/2018,BQN,PR,ASO,ES,Federal Contract Tower,16,9,7,2,34,0,0,37,18,55,16,9,44,20,89,38,20,58,147
05/24/2018,BQN,PR,ASO,ES,Federal Contract Tower,16,9,1,0,26,0,0,33,15,48,16,9,34,15,74,18,8,26,100
05/25/2018,BQN,PR,ASO,ES,Federal Contract Tower,17,10,3,0,30,0,0,29,18,47,17,10,32,18,77,36,46,82,159
05/26/2018,BQN,PR,ASO,ES,Federal Contract Tower,3,0,0,0,3,0,0,32,10,42,3,0,32,10,45,24,10,34,79
05/27/2018,BQN,PR,ASO,ES,Federal Contract Tower,10,0,4,0,14,0,0,26,17,43,10,0,30,17,57,20,18,38,95
05/28/2018,BQN,PR,ASO,ES,Federal Contract Tower,9,0,1,1,11,0,0,32,15,47,9,0,33,16,58,10,18,28,86
05/29/2018,BQN,PR,ASO,ES,Federal Contract Tower,13,8,2,2,25,0,0,37,14,51,13,8,39,16,76,10,38,48,124
05/30/2018,BQN,PR,ASO,ES,Federal Contract Tower,16,5,8,1,30,0,0,40,19,59,16,5,48,20,89,54,10,64,153
05/31/2018,BQN,PR,ASO,ES,Federal Contract Tower,22,8,1,0,31,0,0,39,16,55,22,8,40,16,86,20,20,40,126
06/01/2018,BQN,PR,ASO,ES,Federal Contract Tower,17,11,1,0,29,0,0,39,10,49,17,11,40,10,78,26,0,26,104
06/02/2018,BQN,PR,ASO,ES,Federal Contract Tower,7,0,2,0,9,0,0,25,1,26,7,0,27,1,35,14,0,14,49
06/03/2018,BQN,PR,ASO,ES,Federal Contract Tower,8,0,0,0,8,0,0,23,4,27,8,0,23,4,35,28,4,32,67
06/04/2018,BQN,PR,ASO,ES,Federal Contract Tower,11,10,3,0,24,0,0,37,10,47,11,10,40,10,71,50,32,82,153
06/05/2018,BQN,PR,ASO,ES,Federal Contract Tower,17,8,3,1,29,0,0,45,17,62,17,8,48,18,91,48,36,84,175
06/06/2018,BQN,PR,ASO,ES,Federal Contract Tower,20,8,4,0,32,0,0,52,28,80,20,8,56,28,112,62,48,110,222
06/07/2018,BQN,PR,ASO,ES,Federal Contract Tower,13,10,1,0,24,0,0,32,10,42,13,10,33,10,66,34,0,34,100
06/08/2018,BQN,PR,ASO,ES,Federal Contract Tower,16,13,3,0,32,0,0,28,9,37,16,13,31,9,69,32,8,40,109
06/09/2018,BQN,PR,ASO,ES,Federal Contract Tower,9,0,0,2,11,0,0,13,5,18,9,0,13,7,29,0,0,0,29
06/10/2018,BQN,PR,ASO,ES,Federal Contract Tower,10,0,2,0,12,0,0,24,8,32,10,0,26,8,44,34,34,68,112
06/11/2018,BQN,PR,ASO,ES,Federal Contract Tower,12,10,3,0,25,0,0,42,12,54,12,10,45,12,79,34,56,90,169
06/12/2018,BQN,PR,ASO,ES,Federal Contract Tower,14,12,3,0,29,0,0,39,20,59,14,12,42,20,88,8,28,36,124
06/13/2018,BQN,PR,ASO,ES,Federal Contract Tower,16,10,2,1,29,0,0,46,18,64,16,10,48,19,93,32,24,56,149
06/14/2018,BQN,PR,ASO,ES,Federal Contract Tower,13,12,2,0,27,0,0,26,13,39,13,12,28,13,66,10,16,26,92
06/15/2018,BQN,PR,ASO,ES,Federal Contract Tower,17,12,4,0,33,0,0,34,20,54,17,12,38,20,87,40,12,52,139
06/16/2018,BQN,PR,ASO,ES,Federal Contract Tower,15,0,0,0,15,0,0,16,5,21,15,0,16,5,36,44,0,44,80
06/17/2018,BQN,PR,ASO,ES,Federal Contract Tower,11,0,0,0,11,0,0,0,0,0,11,0,0,0,11,14,10,24,35
06/18/2018,BQN,PR,ASO,ES,Federal Contract Tower,14,9,2,1,26,0,2,40,17,59,14,11,42,18,85,44,44,88,173
06/19/2018,BQN,PR,ASO,ES,Federal Contract Tower,14,13,3,0,30,0,0,35,19,54,14,13,38,19,84,22,12,34,118
06/20/2018,BQN,PR,ASO,ES,Federal Contract Tower,16,16,5,1,38,0,0,39,18,57,16,16,44,19,95,50,26,76,171
06/21/2018,BQN,PR,ASO,ES,Federal Contract Tower,19,10,1,0,30,0,0,22,7,29,19,10,23,7,59,20,0,20,79
06/22/2018,BQN,PR,ASO,ES,Federal Contract Tower,17,12,6,0,35,0,0,30,18,48,17,12,36,18,83,12,0,12,95
06/23/2018,BQN,PR,ASO,ES,Federal Contract Tower,8,2,2,0,12,0,0,13,13,26,8,2,15,13,38,8,16,24,62
06/24/2018,BQN,PR,ASO,ES,Federal Contract Tower,11,0,2,0,13,0,0,30,15,45,11,0,32,15,58,32,6,38,96
06/25/2018,BQN,PR,ASO,ES,Federal Contract Tower,16,13,4,0,33,0,0,32,16,48,16,13,36,16,81,30,38,68,149
06/26/2018,BQN,PR,ASO,ES,Federal Contract Tower,16,12,5,1,34,0,0,29,13,42,16,12,34,14,76,34,6,40,116
06/27/2018,BQN,PR,ASO,ES,Federal Contract Tower,20,14,4,1,39,0,0,30,11,41,20,14,34,12,80,40,56,96,176
06/28/2018,BQN,PR,ASO,ES,Federal Contract Tower,16,10,1,0,27,0,0,23,14,37,16,10,24,14,64,10,10,20,84
06/29/2018,BQN,PR,ASO,ES,Federal Contract Tower,20,12,4,0,36,0,0,39,12,51,20,12,43,12,87,38,44,82,169
06/30/2018,BQN,PR,ASO,ES,Federal Contract Tower,14,0,0,1,15,0,0,19,2,21,14,0,19,3,36,6,0,6,42
07/02/2018,BQN,PR,ASO,ES,Federal Contract Tower,14,8,2,0,24,0,0,30,14,44,14,8,32,14,68,42,34,76,144
07/03/2018,BQN,PR,ASO,ES,Federal Contract Tower,20,8,2,0,30,0,0,41,14,55,20,8,43,14,85,32,40,72,157
07/04/2018,BQN,PR,ASO,ES,Federal Contract Tower,8,0,3,0,11,0,0,26,11,37,8,0,29,11,48,10,14,24,72
07/05/2018,BQN,PR,ASO,ES,Federal Contract Tower,13,10,2,0,25,0,0,29,7,36,13,10,31,7,61,4,2,6,67
07/06/2018,BQN,PR,ASO,ES,Federal Contract Tower,18,10,1,0,29,0,0,28,4,32,18,10,29,4,61,0,0,0,61
07/07/2018,BQN,PR,ASO,ES,Federal Contract Tower,7,0,3,1,11,0,0,9,4,13,7,0,12,5,24,10,2,12,36
07/08/2018,BQN,PR,ASO,ES,Federal Contract Tower,11,0,7,0,18,0,0,15,9,24,11,0,22,9,42,24,26,50,92
07/09/2018,BQN,PR,ASO,ES,Federal Contract Tower,12,6,3,0,21,0,0,4,6,10,12,6,7,6,31,0,8,8,39
07/10/2018,BQN,PR,ASO,ES,Federal Contract Tower,18,9,1,0,28,0,0,37,21,58,18,9,38,21,86,10,0,10,96
07/11/2018,BQN,PR,ASO,ES,Federal Contract Tower,17,11,0,0,28,0,0,30,23,53,17,11,30,23,81,74,16,90,171
07/12/2018,BQN,PR,ASO,ES,Federal Contract Tower,24,11,2,0,37,0,0,33,16,49,24,11,35,16,86,20,0,20,106
07/13/2018,BQN,PR,ASO,ES,Federal Contract Tower,17,11,1,1,30,0,0,30,13,43,17,11,31,14,73,48,34,82,155
07/14/2018,BQN,PR,ASO,ES,Federal Contract Tower,14,0,2,0,16,0,0,13,4,17,14,0,15,4,33,6,0,6,39
07/15/2018,BQN,PR,ASO,ES,Federal Contract Tower,11,0,0,1,12,0,0,23,3,26,11,0,23,4,38,18,0,18,56
07/16/2018,BQN,PR,ASO,ES,Federal Contract Tower,16,8,4,2,30,0,0,34,13,47,16,8,38,15,77,42,36,78,155
07/17/2018,BQN,PR,ASO,ES,Federal Contract Tower,18,10,4,0,32,0,0,17,15,32,18,10,21,15,64,18,10,28,92
07/18/2018,BQN,PR,ASO,ES,Federal Contract Tower,20,10,2,0,32,0,0,32,12,44,20,10,34,12,76,18,10,28,104
07/19/2018,BQN,PR,ASO,ES,Federal Contract Tower,17,11,1,0,29,0,0,41,17,58,17,11,42,17,87,10,0,10,97
07/20/2018,BQN,PR,ASO,ES,Federal Contract Tower,19,10,6,1,36,0,0,28,26,54,19,10,34,27,90,34,40,74,164
07/21/2018,BQN,PR,ASO,ES,Federal Contract Tower,14,0,0,0,14,0,0,26,4,30,14,0,26,4,44,10,0,10,54
07/22/2018,BQN,PR,ASO,ES,Federal Contract Tower,10,0,2,0,12,0,0,16,4,20,10,0,18,4,32,14,18,32,64
07/23/2018,BQN,PR,ASO,ES,Federal Contract Tower,13,12,4,2,31,0,0,29,15,44,13,12,33,17,75,48,26,74,149
07/24/2018,BQN,PR,ASO,ES,Federal Contract Tower,21,9,2,1,33,0,0,35,20,55,21,9,37,21,88,20,0,20,108
07/25/2018,BQN,PR,ASO,ES,Federal Contract Tower,15,9,1,0,25,0,0,22,14,36,15,9,23,14,61,8,24,32,93
07/26/2018,BQN,PR,ASO,ES,Federal Contract Tower,17,9,3,0,29,0,0,30,15,45,17,9,33,15,74,0,4,4,78
07/27/2018,BQN,PR,ASO,ES,Federal Contract Tower,14,13,3,0,30,0,0,29,14,43,14,13,32,14,73,0,50,50,123
07/28/2018,BQN,PR,ASO,ES,Federal Contract Tower,14,0,0,0,14,0,0,9,8,17,14,0,9,8,31,8,0,8,39
07/29/2018,BQN,PR,ASO,ES,Federal Contract Tower,10,0,4,0,14,0,0,18,6,24,10,0,22,6,38,14,6,20,58
07/30/2018,BQN,PR,ASO,ES,Federal Contract Tower,17,9,3,1,30,0,0,31,4,35,17,9,34,5,65,6,12,18,83
07/31/2018,BQN,PR,ASO,ES,Federal Contract Tower,18,9,2,0,29,0,0,35,22,57,18,9,37,22,86,18,6,24,110
08/01/2018,BQN,PR,ASO,ES,Federal Contract Tower,17,10,1,1,29,0,0,13,15,28,17,10,14,16,57,6,0,6,63
08/03/2018,BQN,PR,ASO,ES,Federal Contract Tower,22,11,2,0,35,0,2,28,13,43,22,13,30,13,78,6,10,16,94
08/04/2018,BQN,PR,ASO,ES,Federal Contract Tower,7,0,2,0,9,0,0,15,4,19,7,0,17,4,28,18,0,18,46
08/05/2018,BQN,PR,ASO,ES,Federal Contract Tower,12,0,2,0,14,0,0,37,15,52,12,0,39,15,66,24,0,24,90
08/06/2018,BQN,PR,ASO,ES,Federal Contract Tower,19,6,3,1,29,0,0,37,19,56,19,6,40,20,85,28,20,48,133
08/07/2018,BQN,PR,ASO,ES,Federal Contract Tower,18,10,3,1,32,0,0,47,22,69,18,10,50,23,101,24,2,26,127
08/08/2018,BQN,PR,ASO,ES,Federal Contract Tower,24,8,6,0,38,0,0,28,16,44,24,8,34,16,82,24,16,40,122
08/09/2018,BQN,PR,ASO,ES,Federal Contract Tower,16,9,2,0,27,0,0,27,22,49,16,9,29,22,76,16,4,20,96
08/10/2018,BQN,PR,ASO,ES,Federal Contract Tower,21,11,4,1,37,0,0,24,10,34,21,11,28,11,71,27,8,35,106
08/11/2018,BQN,PR,ASO,ES,Federal Contract Tower,8,1,5,0,14,0,0,12,5,17,8,1,17,5,31,10,0,10,41
08/12/2018,BQN,PR,ASO,ES,Federal Contract Tower,10,0,5,0,15,0,1,18,3,22,10,1,23,3,37,10,20,30,67
08/13/2018,BQN,PR,ASO,ES,Federal Contract Tower,13,8,5,0,26,0,0,31,12,43,13,8,36,12,69,34,28,62,131
08/14/2018,BQN,PR,ASO,ES,Federal Contract Tower,17,9,3,0,29,0,0,26,14,40,17,9,29,14,69,18,30,48,117
08/15/2018,BQN,PR,ASO,ES,Federal Contract Tower,19,8,0,1,28,0,0,31,14,45,19,8,31,15,73,26,22,48,121
08/16/2018,BQN,PR,ASO,ES,Federal Contract Tower,13,8,0,1,22,0,0,31,7,38,13,8,31,8,60,18,4,22,82
08/17/2018,BQN,PR,ASO,ES,Federal Contract Tower,19,8,1,0,28,0,0,28,30,58,19,8,29,30,86,20,70,90,176
08/18/2018,BQN,PR,ASO,ES,Federal Contract Tower,6,0,8,0,14,0,0,6,10,16,6,0,14,10,30,0,0,0,30
08/19/2018,BQN,PR,ASO,ES,Federal Contract Tower,8,0,2,0,10,0,0,9,3,12,8,0,11,3,22,10,4,14,36
08/20/2018,BQN,PR,ASO,ES,Federal Contract Tower,15,10,1,0,26,0,0,28,9,37,15,10,29,9,63,24,48,72,135
08/21/2018,BQN,PR,ASO,ES,Federal Contract Tower,15,11,2,1,29,0,0,12,18,30,15,11,14,19,59,12,16,28,87
08/22/2018,BQN,PR,ASO,ES,Federal Contract Tower,17,10,0,1,28,0,0,32,13,45,17,10,32,14,73,38,28,66,139
08/23/2018,BQN,PR,ASO,ES,Federal Contract Tower,15,10,1,0,26,0,0,28,15,43,15,10,29,15,69,16,12,28,97
08/24/2018,BQN,PR,ASO,ES,Federal Contract Tower,18,8,3,0,29,0,0,38,16,54,18,8,41,16,83,22,16,38,121
08/25/2018,BQN,PR,ASO,ES,Federal Contract Tower,9,0,3,0,12,0,0,13,4,17,9,0,16,4,29,16,8,24,53
08/26/2018,BQN,PR,ASO,ES,Federal Contract Tower,9,0,0,0,9,0,0,0,0,0,9,0,0,0,9,10,10,20,29
08/27/2018,BQN,PR,ASO,ES,Federal Contract Tower,13,13,2,2,30,0,0,26,16,42,13,13,28,18,72,24,32,56,128
08/28/2018,BQN,PR,ASO,ES,Federal Contract Tower,18,8,1,1,28,0,0,30,30,60,18,8,31,31,88,14,12,26,114
08/29/2018,BQN,PR,ASO,ES,Federal Contract Tower,16,11,3,1,31,0,0,18,34,52,16,11,21,35,83,8,6,14,97
08/30/2018,BQN,PR,ASO,ES,Federal Contract Tower,16,11,0,1,28,0,0,31,14,45,16,11,31,15,73,48,16,64,137
08/31/2018,BQN,PR,ASO,ES,Federal Contract Tower,19,8,5,3,35,0,0,28,17,45,19,8,33,20,80,12,40,52,132
09/01/2018,BQN,PR,ASO,ES,Federal Contract Tower,9,0,2,1,12,0,0,13,4,17,9,0,15,5,29,6,0,6,35
09/02/2018,BQN,PR,ASO,ES,Federal Contract Tower,8,0,2,0,10,0,0,9,1,10,8,0,11,1,20,4,0,4,24
09/03/2018,BQN,PR,ASO,ES,Federal Contract Tower,5,0,4,0,9,0,0,23,7,30,5,0,27,7,39,16,12,28,67
09/04/2018,BQN,PR,ASO,ES,Federal Contract Tower,13,10,1,1,25,0,0,31,10,41,13,10,32,11,66,22,24,46,112
09/05/2018,BQN,PR,ASO,ES,Federal Contract Tower,11,10,4,2,27,0,0,36,9,45,11,10,40,11,72,44,18,62,134
09/06/2018,BQN,PR,ASO,ES,Federal Contract Tower,16,10,5,0,31,0,0,46,26,72,16,10,51,26,103,32,14,46,149
09/07/2018,BQN,PR,ASO,ES,Federal Contract Tower,15,11,1,0,27,0,0,32,17,49,15,11,33,17,76,0,26,26,102
09/08/2018,BQN,PR,ASO,ES,Federal Contract Tower,2,0,0,0,2,0,0,3,0,3,2,0,3,0,5,10,8,18,23
09/09/2018,BQN,PR,ASO,ES,Federal Contract Tower,5,0,2,0,7,0,0,2,3,5,5,0,4,3,12,0,0,0,12
09/10/2018,BQN,PR,ASO,ES,Federal Contract Tower,7,12,1,0,20,0,0,35,17,52,7,12,36,17,72,32,66,98,170
09/11/2018,BQN,PR,ASO,ES,Federal Contract Tower,12,11,3,0,26,0,0,27,21,48,12,11,30,21,74,34,32,66,140
09/12/2018,BQN,PR,ASO,ES,Federal Contract Tower,12,13,1,1,27,0,0,34,17,51,12,13,35,18,78,0,22,22,100
09/13/2018,BQN,PR,ASO,ES,Federal Contract Tower,11,11,3,0,25,0,0,41,10,51,11,11,44,10,76,46,4,50,126
09/14/2018,BQN,PR,ASO,ES,Federal Contract Tower,13,10,1,0,24,0,0,19,14,33,13,10,20,14,57,0,22,22,79
09/15/2018,BQN,PR,ASO,ES,Federal Contract Tower,9,0,0,0,9,0,0,2,3,5,9,0,2,3,14,2,0,2,16
09/16/2018,BQN,PR,ASO,ES,Federal Contract Tower,7,0,1,0,8,0,0,5,4,9,7,0,6,4,17,2,0,2,19
09/17/2018,BQN,PR,ASO,ES,Federal Contract Tower,9,10,5,1,25,0,0,35,8,43,9,10,40,9,68,56,14,70,138
09/18/2018,BQN,PR,ASO,ES,Federal Contract Tower,11,14,3,0,28,0,0,35,19,54,11,14,38,19,82,38,4,42,124
09/19/2018,BQN,PR,ASO,ES,Federal Contract Tower,13,11,3,0,27,0,0,18,14,32,13,11,21,14,59,32,10,42,101
09/20/2018,BQN,PR,ASO,ES,Federal Contract Tower,11,13,1,0,25,0,0,25,12,37,11,13,26,12,62,18,36,54,116
09/21/2018,BQN,PR,ASO,ES,Federal Contract Tower,12,12,5,0,29,0,0,34,10,44,12,12,39,10,73,4,8,12,85
09/22/2018,BQN,PR,ASO,ES,Federal Contract Tower,3,0,0,0,3,0,0,1,4,5,3,0,1,4,8,0,0,0,8
09/23/2018,BQN,PR,ASO,ES,Federal Contract Tower,4,0,1,0,5,0,0,2,3,5,4,0,3,3,10,8,0,8,18
09/24/2018,BQN,PR,ASO,ES,Federal Contract Tower,21,8,0,0,29,0,2,26,10,38,21,10,26,10,67,20,20,40,107
09/25/2018,BQN,PR,ASO,ES,Federal Contract Tower,10,13,1,0,24,0,0,26,27,53,10,13,27,27,77,12,0,12,89
09/26/2018,BQN,PR,ASO,ES,Federal Contract Tower,10,14,4,0,28,0,0,16,40,56,10,14,20,40,84,4,78,82,166
09/27/2018,BQN,PR,ASO,ES,Federal Contract Tower,12,10,0,0,22,0,0,37,11,48,12,10,37,11,70,36,0,36,106
09/28/2018,BQN,PR,ASO,ES,Federal Contract Tower,12,10,2,0,24,0,0,46,15,61,12,10,48,15,85,40,40,80,165
09/29/2018,BQN,PR,ASO,ES,Federal Contract Tower,0,0,0,0,0,0,0,0,7,7,0,0,0,7,7,0,0,0,7
09/30/2018,BQN,PR,ASO,ES,Federal Contract Tower,6,0,0,0,6,0,0,3,4,7,6,0,3,4,13,0,12,12,25
10/01/2018,BQN,PR,ASO,ES,Federal Contract Tower,7,13,1,1,22,0,0,27,13,40,7,13,28,14,62,36,38,74,136
10/02/2018,BQN,PR,ASO,ES,Federal Contract Tower,11,13,2,1,27,0,0,28,10,38,11,13,30,11,65,26,10,36,101
10/03/2018,BQN,PR,ASO,ES,Federal Contract Tower,8,12,1,1,22,0,0,27,14,41,8,12,28,15,63,36,40,76,139
10/04/2018,BQN,PR,ASO,ES,Federal Contract Tower,10,13,1,2,26,0,0,18,10,28,10,13,19,12,54,10,12,22,76
10/05/2018,BQN,PR,ASO,ES,Federal Contract Tower,17,12,4,0,33,0,0,24,9,33,17,12,28,9,66,28,20,48,114
10/06/2018,BQN,PR,ASO,ES,Federal Contract Tower,10,0,0,0,10,0,0,2,2,4,10,0,2,2,14,0,0,0,14
10/07/2018,BQN,PR,ASO,ES,Federal Contract Tower,4,0,2,0,6,0,0,1,2,3,4,0,3,2,9,0,0,0,9
10/08/2018,BQN,PR,ASO,ES,Federal Contract Tower,11,11,0,0,22,0,0,9,12,21,11,11,9,12,43,0,0,0,43
10/09/2018,BQN,PR,ASO,ES,Federal Contract Tower,10,16,4,0,30,0,0,20,16,36,10,16,24,16,66,20,24,44,110
10/10/2018,BQN,PR,ASO,ES,Federal Contract Tower,16,12,4,1,33,0,0,24,12,36,16,12,28,13,69,44,30,74,143
10/11/2018,BQN,PR,ASO,ES,Federal Contract Tower,12,16,5,0,33,0,0,25,11,36,12,16,30,11,69,8,0,8,77
10/12/2018,BQN,PR,ASO,ES,Federal Contract Tower,17,9,1,0,27,0,0,28,3,31,17,9,29,3,58,36,0,36,94
10/13/2018,BQN,PR,ASO,ES,Federal Contract Tower,4,0,2,0,6,0,0,6,1,7,4,0,8,1,13,10,0,10,23
10/14/2018,BQN,PR,ASO,ES,Federal Contract Tower,7,0,1,1,9,0,0,0,0,0,7,0,1,1,9,0,0,0,9
10/15/2018,BQN,PR,ASO,ES,Federal Contract Tower,8,12,3,0,23,0,0,20,8,28,8,12,23,8,51,42,30,72,123
10/16/2018,BQN,PR,ASO,ES,Federal Contract Tower,13,14,3,1,31,0,0,18,7,25,13,14,21,8,56,4,8,12,68
10/17/2018,BQN,PR,ASO,ES,Federal Contract Tower,12,17,2,1,32,0,0,17,8,25,12,17,19,9,57,6,0,6,63
10/18/2018,BQN,PR,ASO,ES,Federal Contract Tower,10,12,2,2,26,0,0,20,11,31,10,12,22,13,57,24,0,24,81
10/19/2018,BQN,PR,ASO,ES,Federal Contract Tower,15,12,0,4,31,0,0,35,10,45,15,12,35,14,76,42,10,52,128
10/20/2018,BQN,PR,ASO,ES,Federal Contract Tower,6,0,1,0,7,0,0,8,6,14,6,0,9,6,21,0,0,0,21
10/21/2018,BQN,PR,ASO,ES,Federal Contract Tower,10,0,2,0,12,0,0,1,3,4,10,0,3,3,16,0,0,0,16
10/22/2018,BQN,PR,ASO,ES,Federal Contract Tower,17,11,3,0,31,0,0,30,10,40,17,11,33,10,71,34,30,64,135
10/23/2018,BQN,PR,ASO,ES,Federal Contract Tower,13,16,12,0,41,0,0,36,19,55,13,16,48,19,96,54,16,70,166
10/24/2018,BQN,PR,ASO,ES,Federal Contract Tower,17,12,8,0,37,0,0,37,14,51,17,12,45,14,88,42,18,60,148
10/25/2018,BQN,PR,ASO,ES,Federal Contract Tower,11,13,2,0,26,0,0,21,7,28,11,13,23,7,54,18,0,18,72
10/26/2018,BQN,PR,ASO,ES,Federal Contract Tower,12,15,4,1,32,0,0,31,21,52,12,15,35,22,84,16,12,28,112
10/27/2018,BQN,PR,ASO,ES,Federal Contract Tower,8,0,0,0,8,0,0,7,6,13,8,0,7,6,21,0,0,0,21
10/28/2018,BQN,PR,ASO,ES,Federal Contract Tower,8,0,2,0,10,0,0,12,4,16,8,0,14,4,26,6,0,6,32
10/29/2018,BQN,PR,ASO,ES,Federal Contract Tower,18,7,3,1,29,0,0,22,9,31,18,7,25,10,60,26,18,44,104
10/30/2018,BQN,PR,ASO,ES,Federal Contract Tower,16,15,3,1,35,0,0,11,8,19,16,15,14,9,54,14,0,14,68
10/31/2018,BQN,PR,ASO,ES,Federal Contract Tower,19,12,4,1,36,0,0,29,16,45,19,12,33,17,81,32,36,68,149
11/01/2018,BQN,PR,ASO,ES,Federal Contract Tower,13,10,3,0,26,0,0,30,10,40,13,10,33,10,66,42,16,58,124
11/02/2018,BQN,PR,ASO,ES,Federal Contract Tower,15,15,7,0,37,0,0,29,10,39,15,15,36,10,76,36,16,52,128
11/03/2018,BQN,PR,ASO,ES,Federal Contract Tower,9,0,1,0,10,0,2,17,2,21,9,2,18,2,31,22,6,28,59
11/04/2018,BQN,PR,ASO,ES,Federal Contract Tower,6,0,3,0,9,0,0,4,6,10,6,0,7,6,19,6,10,16,35
11/05/2018,BQN,PR,ASO,ES,Federal Contract Tower,17,12,8,0,37,0,0,28,8,36,17,12,36,8,73,46,10,56,129
11/06/2018,BQN,PR,ASO,ES,Federal Contract Tower,12,12,3,0,27,0,0,17,20,37,12,12,20,20,64,18,6,24,88
11/07/2018,BQN,PR,ASO,ES,Federal Contract Tower,13,12,2,2,29,0,0,15,12,27,13,12,17,14,56,32,26,58,114
11/08/2018,BQN,PR,ASO,ES,Federal Contract Tower,9,12,1,0,22,0,0,24,10,34,9,12,25,10,56,42,0,42,98
11/09/2018,BQN,PR,ASO,ES,Federal Contract Tower,11,16,4,0,31,0,0,22,9,31,11,16,26,9,62,10,10,20,82
11/10/2018,BQN,PR,ASO,ES,Federal Contract Tower,4,0,1,0,5,0,0,19,1,20,4,0,20,1,25,22,2,24,49
11/11/2018,BQN,PR,ASO,ES,Federal Contract Tower,6,0,0,0,6,0,0,9,2,11,6,0,9,2,17,10,0,10,27
11/12/2018,BQN,PR,ASO,ES,Federal Contract Tower,4,12,4,0,20,0,0,14,6,20,4,12,18,6,40,8,0,8,48
11/13/2018,BQN,PR,ASO,ES,Federal Contract Tower,8,17,0,0,25,0,0,12,11,23,8,17,12,11,48,0,10,10,58
11/14/2018,BQN,PR,ASO,ES,Federal Contract Tower,4,16,1,1,22,0,0,8,15,23,4,16,9,16,45,0,36,36,81
11/15/2018,BQN,PR,ASO,ES,Federal Contract Tower,11,13,1,0,25,0,0,32,20,52,11,13,33,20,77,38,14,52,129
11/16/2018,BQN,PR,ASO,ES,Federal Contract Tower,10,13,3,1,27,0,0,16,5,21,10,13,19,6,48,32,0,32,80
11/17/2018,BQN,PR,ASO,ES,Federal Contract Tower,6,0,2,1,9,0,0,15,2,17,6,0,17,3,26,2,0,2,28
11/18/2018,BQN,PR,ASO,ES,Federal Contract Tower,12,0,9,2,23,0,0,16,3,19,12,0,25,5,42,14,12,26,68
11/19/2018,BQN,PR,ASO,ES,Federal Contract Tower,3,14,1,0,18,0,0,14,10,24,3,14,15,10,42,0,12,12,54
11/20/2018,BQN,PR,ASO,ES,Federal Contract Tower,10,17,0,0,27,0,0,22,20,42,10,17,22,20,69,12,8,20,89
11/21/2018,BQN,PR,ASO,ES,Federal Contract Tower,10,12,2,1,25,0,0,33,12,45,10,12,35,13,70,34,20,54,124
11/22/2018,BQN,PR,ASO,ES,Federal Contract Tower,16,0,2,0,18,0,0,13,4,17,16,0,15,4,35,0,0,0,35
11/23/2018,BQN,PR,ASO,ES,Federal Contract Tower,4,11,4,0,19,0,0,28,19,47,4,11,32,19,66,0,46,46,112
11/24/2018,BQN,PR,ASO,ES,Federal Contract Tower,5,0,1,0,6,0,0,14,3,17,5,0,15,3,23,2,0,2,25
11/25/2018,BQN,PR,ASO,ES,Federal Contract Tower,22,0,11,0,33,0,0,10,3,13,22,0,21,3,46,2,10,12,58
11/26/2018,BQN,PR,ASO,ES,Federal Contract Tower,6,10,2,1,19,0,0,26,14,40,6,10,28,15,59,16,12,28,87
11/27/2018,BQN,PR,ASO,ES,Federal Contract Tower,19,12,0,0,31,0,0,30,22,52,19,12,30,22,83,34,6,40,123
11/28/2018,BQN,PR,ASO,ES,Federal Contract Tower,20,15,1,2,38,0,0,18,12,30,20,15,19,14,68,12,52,64,132
11/29/2018,BQN,PR,ASO,ES,Federal Contract Tower,15,11,4,0,30,0,0,24,16,40,15,11,28,16,70,28,0,28,98
11/30/2018,BQN,PR,ASO,ES,Federal Contract Tower,18,10,4,2,34,0,0,34,17,51,18,10,38,19,85,38,6,44,129
12/01/2018,BQN,PR,ASO,ES,Federal Contract Tower,2,0,3,1,6,0,0,16,10,26,2,0,19,11,32,2,2,4,36
12/02/2018,BQN,PR,ASO,ES,Federal Contract Tower,6,0,1,0,7,0,0,5,4,9,6,0,6,4,16,20,6,26,42
12/03/2018,BQN,PR,ASO,ES,Federal Contract Tower,8,12,0,1,21,0,28,12,0,40,8,40,12,1,61,32,48,80,141
12/04/2018,BQN,PR,ASO,ES,Federal Contract Tower,12,12,3,0,27,0,0,24,20,44,12,12,27,20,71,0,2,2,73
12/05/2018,BQN,PR,ASO,ES,Federal Contract Tower,12,17,1,0,30,0,2,48,14,64,12,19,49,14,94,34,18,52,146
12/06/2018,BQN,PR,ASO,ES,Federal Contract Tower,13,12,2,0,27,0,0,31,8,39,13,12,33,8,66,20,0,20,86
12/07/2018,BQN,PR,ASO,ES,Federal Contract Tower,11,13,3,2,29,0,0,28,8,36,11,13,31,10,65,26,34,60,125
12/08/2018,BQN,PR,ASO,ES,Federal Contract Tower,2,0,5,1,8,0,0,13,6,19,2,0,18,7,27,0,0,0,27
12/09/2018,BQN,PR,ASO,ES,Federal Contract Tower,7,0,4,0,11,0,0,10,3,13,7,0,14,3,24,26,6,32,56
12/10/2018,BQN,PR,ASO,ES,Federal Contract Tower,9,13,5,0,27,0,0,19,12,31,9,13,24,12,58,40,42,82,140
12/11/2018,BQN,PR,ASO,ES,Federal Contract Tower,7,15,3,2,27,0,0,42,10,52,7,15,45,12,79,30,0,30,109
12/12/2018,BQN,PR,ASO,ES,Federal Contract Tower,14,15,7,2,38,0,0,50,28,78,14,15,57,30,116,18,16,34,150
12/13/2018,BQN,PR,ASO,ES,Federal Contract Tower,11,13,1,0,25,0,0,45,15,60,11,13,46,15,85,44,34,78,163
12/14/2018,BQN,PR,ASO,ES,Federal Contract Tower,22,15,8,0,45,0,0,32,4,36,22,15,40,4,81,12,0,12,93
12/15/2018,BQN,PR,ASO,ES,Federal Contract Tower,3,0,0,0,3,0,0,6,7,13,3,0,6,7,16,0,0,0,16
12/16/2018,BQN,PR,ASO,ES,Federal Contract Tower,4,0,0,0,4,0,0,8,4,12,4,0,8,4,16,0,0,0,16
12/17/2018,BQN,PR,ASO,ES,Federal Contract Tower,5,15,0,0,20,0,0,38,5,43,5,15,38,5,63,72,2,74,137
12/18/2018,BQN,PR,ASO,ES,Federal Contract Tower,9,17,4,1,31,0,0,27,16,43,9,17,31,17,74,12,4,16,90
12/19/2018,BQN,PR,ASO,ES,Federal Contract Tower,20,16,6,0,42,0,0,34,28,62,20,16,40,28,104,30,0,30,134
12/20/2018,BQN,PR,ASO,ES,Federal Contract Tower,8,14,0,0,22,0,0,73,14,87,8,14,73,14,109,38,0,38,147
12/21/2018,BQN,PR,ASO,ES,Federal Contract Tower,12,17,1,1,31,0,0,35,14,49,12,17,36,15,80,22,52,74,154
12/22/2018,BQN,PR,ASO,ES,Federal Contract Tower,5,2,4,0,11,0,0,43,8,51,5,2,47,8,62,10,2,12,74
12/23/2018,BQN,PR,ASO,ES,Federal Contract Tower,8,5,1,0,14,0,0,35,2,37,8,5,36,2,51,8,10,18,69
12/24/2018,BQN,PR,ASO,ES,Federal Contract Tower,10,12,0,0,22,0,0,27,4,31,10,12,27,4,53,18,8,26,79
12/25/2018,BQN,PR,ASO,ES,Federal Contract Tower,3,0,0,0,3,0,0,4,4,8,3,0,4,4,11,0,0,0,11
12/26/2018,BQN,PR,ASO,ES,Federal Contract Tower,8,5,6,0,19,0,0,42,6,48,8,5,48,6,67,64,0,64,131
12/27/2018,BQN,PR,ASO,ES,Federal Contract Tower,10,13,8,0,31,0,0,39,18,57,10,13,47,18,88,24,18,42,130
12/28/2018,BQN,PR,ASO,ES,Federal Contract Tower,13,14,5,0,32,0,0,26,14,40,13,14,31,14,72,14,12,26,98
12/29/2018,BQN,PR,ASO,ES,Federal Contract Tower,10,0,1,0,11,0,0,15,11,26,10,0,16,11,37,4,14,18,55
12/30/2018,BQN,PR,ASO,ES,Federal Contract Tower,8,0,2,0,10,0,0,28,10,38,8,0,30,10,48,16,12,28,76
12/31/2018,BQN,PR,ASO,ES,Federal Contract Tower,6,1,1,0,8,0,2,14,8,24,6,3,15,8,32,2,24,26,58
01/01/2019,BQN,PR,ASO,ES,Federal Contract Tower,2,0,0,0,2,0,0,9,2,11,2,0,9,2,13,0,0,0,13
01/02/2019,BQN,PR,ASO,ES,Federal Contract Tower,7,12,13,0,32,0,0,19,6,25,7,12,32,6,57,0,28,28,85
01/03/2019,BQN,PR,ASO,ES,Federal Contract Tower,14,12,6,1,33,0,0,26,9,35,14,12,32,10,68,4,8,12,80
01/04/2019,BQN,PR,ASO,ES,Federal Contract Tower,11,14,7,2,34,0,0,34,9,43,11,14,41,11,77,24,28,52,129
01/05/2019,BQN,PR,ASO,ES,Federal Contract Tower,6,0,0,0,6,0,0,21,6,27,6,0,21,6,33,26,8,34,67
01/06/2019,BQN,PR,ASO,ES,Federal Contract Tower,6,0,2,0,8,0,0,0,0,0,6,0,2,0,8,0,0,0,8
01/07/2019,BQN,PR,ASO,ES,Federal Contract Tower,4,11,2,1,18,0,0,28,7,35,4,11,30,8,53,50,20,70,123
01/08/2019,BQN,PR,ASO,ES,Federal Contract Tower,10,11,1,1,23,0,0,35,16,51,10,11,36,17,74,26,4,30,104
01/09/2019,BQN,PR,ASO,ES,Federal Contract Tower,13,11,6,2,32,0,0,34,10,44,13,11,40,12,76,50,32,82,158
01/10/2019,BQN,PR,ASO,ES,Federal Contract Tower,11,12,2,1,26,0,0,72,16,88,11,12,74,17,114,50,0,50,164
01/11/2019,BQN,PR,ASO,ES,Federal Contract Tower,15,13,4,2,34,0,0,47,25,72,15,13,51,27,106,52,38,90,196
01/12/2019,BQN,PR,ASO,ES,Federal Contract Tower,6,0,7,1,14,0,0,26,8,34,6,0,33,9,48,44,10,54,102
01/13/2019,BQN,PR,ASO,ES,Federal Contract Tower,6,0,4,0,10,0,0,20,3,23,6,0,24,3,33,40,0,40,73
01/14/2019,BQN,PR,ASO,ES,Federal Contract Tower,19,12,4,0,35,0,0,29,16,45,19,12,33,16,80,30,20,50,130
01/15/2019,BQN,PR,ASO,ES,Federal Contract Tower,13,11,6,0,30,0,0,58,14,72,13,11,64,14,102,32,2,34,136
01/16/2019,BQN,PR,ASO,ES,Federal Contract Tower,11,16,6,0,33,0,0,43,29,72,11,16,49,29,105,38,70,108,213
01/17/2019,BQN,PR,ASO,ES,Federal Contract Tower,14,10,2,0,26,0,0,31,24,55,14,10,33,24,81,46,64,110,191
01/18/2019,BQN,PR,ASO,ES,Federal Contract Tower,10,16,4,1,31,0,0,35,24,59,10,16,39,25,90,24,46,70,160
01/19/2019,BQN,PR,ASO,ES,Federal Contract Tower,10,0,2,0,12,0,0,17,9,26,10,0,19,9,38,26,0,26,64
01/20/2019,BQN,PR,ASO,ES,Federal Contract Tower,9,0,5,0,14,0,1,23,4,28,9,1,28,4,42,32,16,48,90
01/21/2019,BQN,PR,ASO,ES,Federal Contract Tower,9,6,0,0,15,0,0,29,2,31,9,6,29,2,46,6,0,6,52
01/22/2019,BQN,PR,ASO,ES,Federal Contract Tower,9,12,5,2,28,0,0,42,10,52,9,12,47,12,80,18,26,44,124
01/23/2019,BQN,PR,ASO,ES,Federal Contract Tower,10,14,24,1,49,0,0,30,33,63,10,14,54,34,112,14,16,30,142
01/24/2019,BQN,PR,ASO,ES,Federal Contract Tower,13,14,1,0,28,0,0,65,26,91,13,14,66,26,119,38,8,46,165
01/25/2019,BQN,PR,ASO,ES,Federal Contract Tower,15,14,5,1,35,0,0,43,13,56,15,14,48,14,91,2,28,30,121
01/26/2019,BQN,PR,ASO,ES,Federal Contract Tower,9,0,8,0,17,0,0,20,6,26,9,0,28,6,43,28,0,28,71
01/27/2019,BQN,PR,ASO,ES,Federal Contract Tower,11,2,5,0,18,0,1,46,4,51,11,3,51,4,69,30,0,30,99
01/28/2019,BQN,PR,ASO,ES,Federal Contract Tower,12,11,16,0,39,0,0,48,15,63,12,11,64,15,102,46,14,60,162
01/29/2019,BQN,PR,ASO,ES,Federal Contract Tower,14,13,3,0,30,0,0,35,12,47,14,13,38,12,77,28,16,44,121
01/30/2019,BQN,PR,ASO,ES,Federal Contract Tower,12,12,4,2,30,0,0,32,12,44,12,12,36,14,74,46,36,82,156
01/31/2019,BQN,PR,ASO,ES,Federal Contract Tower,15,13,3,0,31,0,0,30,16,46,15,13,33,16,77,16,2,18,95
02/01/2019,BQN,PR,ASO,ES,Federal Contract Tower,19,10,6,1,36,0,0,38,13,51,19,10,44,14,87,14,2,16,103
02/02/2019,BQN,PR,ASO,ES,Federal Contract Tower,16,0,6,0,22,0,0,27,7,34,16,0,33,7,56,36,22,58,114
02/03/2019,BQN,PR,ASO,ES,Federal Contract Tower,21,0,4,0,25,0,0,30,6,36,21,0,34,6,61,18,0,18,79
02/04/2019,BQN,PR,ASO,ES,Federal Contract Tower,16,12,9,0,37,0,0,23,8,31,16,12,32,8,68,32,18,50,118
02/05/2019,BQN,PR,ASO,ES,Federal Contract Tower,18,13,2,0,33,0,0,44,32,76,18,13,46,32,109,16,36,52,161
02/06/2019,BQN,PR,ASO,ES,Federal Contract Tower,16,12,8,1,37,0,0,43,16,59,16,12,51,17,96,34,40,74,170
02/07/2019,BQN,PR,ASO,ES,Federal Contract Tower,20,14,7,1,42,0,0,43,17,60,20,14,50,18,102,50,0,50,152
02/08/2019,BQN,PR,ASO,ES,Federal Contract Tower,12,18,4,3,37,0,0,49,23,72,12,18,53,26,109,18,10,28,137
02/09/2019,BQN,PR,ASO,ES,Federal Contract Tower,6,0,8,3,17,0,0,25,27,52,6,0,33,30,69,12,2,14,83
02/10/2019,BQN,PR,ASO,ES,Federal Contract Tower,8,0,0,2,10,0,0,9,6,15,8,0,9,8,25,22,0,22,47
02/11/2019,BQN,PR,ASO,ES,Federal Contract Tower,10,18,5,0,33,0,0,36,9,45,10,18,41,9,78,38,44,82,160
02/12/2019,BQN,PR,ASO,ES,Federal Contract Tower,7,16,5,0,28,0,0,31,19,50,7,16,36,19,78,4,0,4,82
02/13/2019,BQN,PR,ASO,ES,Federal Contract Tower,11,16,2,0,29,0,0,72,37,109,11,16,74,37,138,46,8,54,192
02/14/2019,BQN,PR,ASO,ES,Federal Contract Tower,19,14,7,0,40,0,0,58,12,70,19,14,65,12,110,52,18,70,180
02/16/2019,BQN,PR,ASO,ES,Federal Contract Tower,6,0,0,0,6,0,0,19,5,24,6,0,19,5,30,24,0,24,54
02/17/2019,BQN,PR,ASO,ES,Federal Contract Tower,7,0,7,0,14,0,0,18,7,25,7,0,25,7,39,0,0,0,39
02/18/2019,BQN,PR,ASO,ES,Federal Contract Tower,18,12,5,0,35,0,0,40,6,46,18,12,45,6,81,36,22,58,139
02/19/2019,BQN,PR,ASO,ES,Federal Contract Tower,16,13,3,1,33,0,0,40,17,57,16,13,43,18,90,48,10,58,148
02/20/2019,BQN,PR,ASO,ES,Federal Contract Tower,12,13,5,0,30,0,0,21,16,37,12,13,26,16,67,0,24,24,91
02/21/2019,BQN,PR,ASO,ES,Federal Contract Tower,22,16,2,0,40,0,0,50,22,72,22,16,52,22,112,16,0,16,128
02/22/2019,BQN,PR,ASO,ES,Federal Contract Tower,19,13,3,0,35,0,0,29,14,43,19,13,32,14,78,40,42,82,160
02/23/2019,BQN,PR,ASO,ES,Federal Contract Tower,12,0,3,1,16,0,0,37,4,41,12,0,40,5,57,46,0,46,103
02/24/2019,BQN,PR,ASO,ES,Federal Contract Tower,8,0,0,0,8,0,0,25,6,31,8,0,25,6,39,12,0,12,51
02/25/2019,BQN,PR,ASO,ES,Federal Contract Tower,17,12,4,2,35,0,0,36,10,46,17,12,40,12,81,54,32,86,167
02/26/2019,BQN,PR,ASO,ES,Federal Contract Tower,14,13,5,0,32,0,0,52,22,74,14,13,57,22,106,40,18,58,164
02/27/2019,BQN,PR,ASO,ES,Federal Contract Tower,11,11,2,0,24,0,0,51,16,67,11,11,53,16,91,36,18,54,145
02/28/2019,BQN,PR,ASO,ES,Federal Contract Tower,22,15,0,0,37,0,0,48,22,70,22,15,48,22,107,24,0,24,131
03/01/2019,BQN,PR,ASO,ES,Federal Contract Tower,19,8,5,1,33,0,0,40,6,46,19,8,45,7,79,12,34,46,125
03/02/2019,BQN,PR,ASO,ES,Federal Contract Tower,4,0,2,0,6,0,0,0,7,7,4,0,2,7,13,0,0,0,13
03/03/2019,BQN,PR,ASO,ES,Federal Contract Tower,6,0,0,1,7,0,0,10,3,13,6,0,10,4,20,6,0,6,26
03/04/2019,BQN,PR,ASO,ES,Federal Contract Tower,11,10,0,0,21,0,0,28,18,46,11,10,28,18,67,38,60,98,165
03/05/2019,BQN,PR,ASO,ES,Federal Contract Tower,10,12,1,1,24,0,0,40,15,55,10,12,41,16,79,38,6,44,123
03/06/2019,BQN,PR,ASO,ES,Federal Contract Tower,9,15,7,2,33,0,0,60,20,80,9,15,67,22,113,16,0,16,129
03/07/2019,BQN,PR,ASO,ES,Federal Contract Tower,25,12,3,0,40,0,0,37,18,55,25,12,40,18,95,20,4,24,119
03/08/2019,BQN,PR,ASO,ES,Federal Contract Tower,14,12,8,2,36,0,0,32,26,58,14,12,40,28,94,32,48,80,174
03/09/2019,BQN,PR,ASO,ES,Federal Contract Tower,6,1,0,0,7,0,0,1,10,11,6,1,1,10,18,0,0,0,18
03/10/2019,BQN,PR,ASO,ES,Federal Contract Tower,5,0,4,0,9,0,0,5,5,10,5,0,9,5,19,4,6,10,29
03/11/2019,BQN,PR,ASO,ES,Federal Contract Tower,7,16,0,0,23,0,0,35,21,56,7,16,35,21,79,46,12,58,137
03/12/2019,BQN,PR,ASO,ES,Federal Contract Tower,12,14,7,2,35,0,0,50,26,76,12,14,57,28,111,56,6,62,173
03/13/2019,BQN,PR,ASO,ES,Federal Contract Tower,12,13,3,1,29,0,0,30,29,59,12,13,33,30,88,12,68,80,168
03/14/2019,BQN,PR,ASO,ES,Federal Contract Tower,21,15,4,0,40,0,0,69,15,84,21,15,73,15,124,48,0,48,172
03/15/2019,BQN,PR,ASO,ES,Federal Contract Tower,15,11,5,3,34,0,0,32,12,44,15,11,37,15,78,16,18,34,112
03/16/2019,BQN,PR,ASO,ES,Federal Contract Tower,10,0,7,0,17,0,0,13,3,16,10,0,20,3,33,6,2,8,41
03/17/2019,BQN,PR,ASO,ES,Federal Contract Tower,11,0,10,0,21,0,0,24,5,29,11,0,34,5,50,16,12,28,78
03/18/2019,BQN,PR,ASO,ES,Federal Contract Tower,13,10,9,3,35,0,0,34,11,45,13,10,43,14,80,36,8,44,124
03/19/2019,BQN,PR,ASO,ES,Federal Contract Tower,16,13,5,0,34,0,0,35,15,50,16,13,40,15,84,30,12,42,126
03/20/2019,BQN,PR,ASO,ES,Federal Contract Tower,19,13,3,0,35,0,0,44,16,60,19,13,47,16,95,24,2,26,121
03/21/2019,BQN,PR,ASO,ES,Federal Contract Tower,22,13,2,1,38,0,0,30,11,41,22,13,32,12,79,16,6,22,101
03/22/2019,BQN,PR,ASO,ES,Federal Contract Tower,14,13,4,0,31,0,0,52,8,60,14,13,56,8,91,30,20,50,141
03/23/2019,BQN,PR,ASO,ES,Federal Contract Tower,12,0,1,0,13,0,0,45,9,54,12,0,46,9,67,10,20,30,97
03/24/2019,BQN,PR,ASO,ES,Federal Contract Tower,5,0,2,0,7,0,0,20,7,27,5,0,22,7,34,2,0,2,36
03/25/2019,BQN,PR,ASO,ES,Federal Contract Tower,17,11,3,0,31,0,0,30,11,41,17,11,33,11,72,34,32,66,138
03/26/2019,BQN,PR,ASO,ES,Federal Contract Tower,13,12,5,0,30,0,0,30,18,48,13,12,35,18,78,44,20,64,142
03/27/2019,BQN,PR,ASO,ES,Federal Contract Tower,13,14,2,1,30,0,0,28,22,50,13,14,30,23,80,4,44,48,128
03/28/2019,BQN,PR,ASO,ES,Federal Contract Tower,21,16,0,2,39,0,0,56,21,77,21,16,56,23,116,34,2,36,152
03/29/2019,BQN,PR,ASO,ES,Federal Contract Tower,11,15,3,0,29,0,0,41,11,52,11,15,44,11,81,18,22,40,121
03/30/2019,BQN,PR,ASO,ES,Federal Contract Tower,9,0,3,0,12,0,0,25,2,27,9,0,28,2,39,0,50,50,89
03/31/2019,BQN,PR,ASO,ES,Federal Contract Tower,7,0,1,0,8,0,0,23,9,32,7,0,24,9,40,12,8,20,60
04/01/2019,BQN,PR,ASO,ES,Federal Contract Tower,9,13,8,0,30,0,0,33,11,44,9,13,41,11,74,54,10,64,138
04/02/2019,BQN,PR,ASO,ES,Federal Contract Tower,16,11,3,1,31,0,0,47,23,70,16,11,50,24,101,40,100,140,241
04/03/2019,BQN,PR,ASO,ES,Federal Contract Tower,16,13,1,0,30,0,0,86,21,107,16,13,87,21,137,42,32,74,211
04/04/2019,BQN,PR,ASO,ES,Federal Contract Tower,23,12,8,2,45,0,0,50,17,67,23,12,58,19,112,22,56,78,190
04/05/2019,BQN,PR,ASO,ES,Federal Contract Tower,12,13,8,2,35,0,0,47,21,68,12,13,55,23,103,44,12,56,159
04/06/2019,BQN,PR,ASO,ES,Federal Contract Tower,8,0,6,2,16,0,0,8,4,12,8,0,14,6,28,24,10,34,62
04/07/2019,BQN,PR,ASO,ES,Federal Contract Tower,7,0,7,0,14,0,0,29,12,41,7,0,36,12,55,10,8,18,73
04/08/2019,BQN,PR,ASO,ES,Federal Contract Tower,11,12,11,1,35,0,0,38,16,54,11,12,49,17,89,30,60,90,179
04/09/2019,BQN,PR,ASO,ES,Federal Contract Tower,11,14,4,0,29,0,0,38,17,55,11,14,42,17,84,32,16,48,132
04/10/2019,BQN,PR,ASO,ES,Federal Contract Tower,18,9,7,0,34,0,0,35,15,50,18,9,42,15,84,22,38,60,144
04/11/2019,BQN,PR,ASO,ES,Federal Contract Tower,22,13,9,0,44,0,0,44,15,59,22,13,53,15,103,38,0,38,141
04/12/2019,BQN,PR,ASO,ES,Federal Contract Tower,15,12,7,1,35,0,0,20,3,23,15,12,27,4,58,4,0,4,62
04/13/2019,BQN,PR,ASO,ES,Federal Contract Tower,8,2,6,0,16,0,0,40,22,62,8,2,46,22,78,14,6,20,98
04/14/2019,BQN,PR,ASO,ES,Federal Contract Tower,8,2,5,1,16,0,0,18,12,30,8,2,23,13,46,4,0,4,50
04/15/2019,BQN,PR,ASO,ES,Federal Contract Tower,8,15,4,0,27,0,0,38,12,50,8,15,42,12,77,32,20,52,129
04/16/2019,BQN,PR,ASO,ES,Federal Contract Tower,13,15,4,1,33,0,0,50,22,72,13,15,54,23,105,22,26,48,153
04/17/2019,BQN,PR,ASO,ES,Federal Contract Tower,15,13,4,0,32,0,0,54,19,73,15,13,58,19,105,32,32,64,169
04/18/2019,BQN,PR,ASO,ES,Federal Contract Tower,9,13,5,0,27,0,0,41,21,62,9,13,46,21,89,0,24,24,113
04/19/2019,BQN,PR,ASO,ES,Federal Contract Tower,7,3,8,0,18,0,0,20,19,39,7,3,28,19,57,0,0,0,57
04/20/2019,BQN,PR,ASO,ES,Federal Contract Tower,5,0,6,0,11,0,0,15,4,19,5,0,21,4,30,14,6,20,50
04/21/2019,BQN,PR,ASO,ES,Federal Contract Tower,5,2,10,0,17,0,0,30,3,33,5,2,40,3,50,12,0,12,62
04/22/2019,BQN,PR,ASO,ES,Federal Contract Tower,10,10,3,1,24,0,0,36,10,46,10,10,39,11,70,30,24,54,124
04/23/2019,BQN,PR,ASO,ES,Federal Contract Tower,14,12,6,0,32,0,0,44,18,62,14,12,50,18,94,34,14,48,142
04/24/2019,BQN,PR,ASO,ES,Federal Contract Tower,16,12,2,1,31,0,0,38,34,72,16,12,40,35,103,46,40,86,189
04/25/2019,BQN,PR,ASO,ES,Federal Contract Tower,14,12,9,0,35,0,0,57,13,70,14,12,66,13,105,48,2,50,155
04/26/2019,BQN,PR,ASO,ES,Federal Contract Tower,18,13,6,0,37,0,0,32,20,52,18,13,38,20,89,14,64,78,167
04/27/2019,BQN,PR,ASO,ES,Federal Contract Tower,7,0,1,0,8,0,0,20,6,26,7,0,21,6,34,24,0,24,58
04/28/2019,BQN,PR,ASO,ES,Federal Contract Tower,10,0,3,0,13,0,0,23,3,26,10,0,26,3,39,10,0,10,49
04/29/2019,BQN,PR,ASO,ES,Federal Contract Tower,9,9,3,0,21,0,0,42,15,57,9,9,45,15,78,60,24,84,162
04/30/2019,BQN,PR,ASO,ES,Federal Contract Tower,16,13,13,0,42,0,0,45,13,58,16,13,58,13,100,60,18,78,178
05/01/2019,BQN,PR,ASO,ES,Federal Contract Tower,20,4,0,0,24,0,0,32,6,38,20,4,32,6,62,34,14,48,110
05/02/2019,BQN,PR,ASO,ES,Federal Contract Tower,22,12,3,0,37,0,0,16,18,34,22,12,19,18,71,14,34,48,119
05/03/2019,BQN,PR,ASO,ES,Federal Contract Tower,16,13,2,0,31,0,0,38,14,52,16,13,40,14,83,28,39,67,150
05/04/2019,BQN,PR,ASO,ES,Federal Contract Tower,3,0,3,2,8,0,0,25,3,28,3,0,28,5,36,20,0,20,56
05/05/2019,BQN,PR,ASO,ES,Federal Contract Tower,10,3,5,0,18,0,0,8,7,15,10,3,13,7,33,14,22,36,69
05/06/2019,BQN,PR,ASO,ES,Federal Contract Tower,9,16,4,3,32,0,0,30,22,52,9,16,34,25,84,34,24,58,142
05/07/2019,BQN,PR,ASO,ES,Federal Contract Tower,16,16,6,0,38,0,0,51,18,69,16,16,57,18,107,42,0,42,149
05/08/2019,BQN,PR,ASO,ES,Federal Contract Tower,20,11,5,2,38,0,0,41,10,51,20,11,46,12,89,28,0,28,117
05/09/2019,BQN,PR,ASO,ES,Federal Contract Tower,14,15,4,0,33,0,0,41,7,48,14,15,45,7,81,52,12,64,145
05/10/2019,BQN,PR,ASO,ES,Federal Contract Tower,16,12,9,0,37,0,0,34,11,45,16,12,43,11,82,16,28,44,126
05/11/2019,BQN,PR,ASO,ES,Federal Contract Tower,4,0,4,0,8,0,0,15,8,23,4,0,19,8,31,26,0,26,57
05/12/2019,BQN,PR,ASO,ES,Federal Contract Tower,8,0,4,0,12,0,0,12,2,14,8,0,16,2,26,16,0,16,42
05/13/2019,BQN,PR,ASO,ES,Federal Contract Tower,11,12,5,1,29,0,0,34,12,46,11,12,39,13,75,42,40,82,157
05/14/2019,BQN,PR,ASO,ES,Federal Contract Tower,15,13,5,0,33,0,0,54,16,70,15,13,59,16,103,56,16,72,175
05/15/2019,BQN,PR,ASO,ES,Federal Contract Tower,12,15,2,0,29,0,0,53,19,72,12,15,55,19,101,70,44,114,215
05/16/2019,BQN,PR,ASO,ES,Federal Contract Tower,15,10,4,0,29,0,0,41,17,58,15,10,45,17,87,34,4,38,125
05/17/2019,BQN,PR,ASO,ES,Federal Contract Tower,19,14,6,0,39,0,0,31,12,43,19,14,37,12,82,38,24,62,144
05/18/2019,BQN,PR,ASO,ES,Federal Contract Tower,12,0,3,0,15,0,0,17,2,19,12,0,20,2,34,8,0,8,42
05/19/2019,BQN,PR,ASO,ES,Federal Contract Tower,10,0,1,0,11,0,0,10,1,11,10,0,11,1,22,14,0,14,36
05/20/2019,BQN,PR,ASO,ES,Federal Contract Tower,14,13,7,0,34,0,0,27,12,39,14,13,34,12,73,24,34,58,131
05/21/2019,BQN,PR,ASO,ES,Federal Contract Tower,14,12,8,2,36,0,0,16,18,34,14,12,24,20,70,40,28,68,138
05/22/2019,BQN,PR,ASO,ES,Federal Contract Tower,18,11,8,1,38,0,0,28,11,39,18,11,36,12,77,44,32,76,153
05/23/2019,BQN,PR,ASO,ES,Federal Contract Tower,23,12,5,0,40,0,0,26,10,36,23,12,31,10,76,22,0,22,98
05/24/2019,BQN,PR,ASO,ES,Federal Contract Tower,22,10,5,0,37,0,0,30,8,38,22,10,35,8,75,6,26,32,107
05/25/2019,BQN,PR,ASO,ES,Federal Contract Tower,17,0,3,0,20,0,0,22,5,27,17,0,25,5,47,48,0,48,95
05/26/2019,BQN,PR,ASO,ES,Federal Contract Tower,11,0,4,0,15,0,0,13,3,16,11,0,17,3,31,14,4,18,49
05/27/2019,BQN,PR,ASO,ES,Federal Contract Tower,9,0,5,1,15,0,0,26,15,41,9,0,31,16,56,20,26,46,102
05/28/2019,BQN,PR,ASO,ES,Federal Contract Tower,14,12,12,2,40,0,0,36,15,51,14,12,48,17,91,36,10,46,137
05/29/2019,BQN,PR,ASO,ES,Federal Contract Tower,17,12,4,1,34,0,0,27,17,44,17,12,31,18,78,34,30,64,142
05/30/2019,BQN,PR,ASO,ES,Federal Contract Tower,12,14,4,0,30,0,0,22,11,33,12,14,26,11,63,8,22,30,93
05/31/2019,BQN,PR,ASO,ES,Federal Contract Tower,19,19,11,1,50,0,0,46,12,58,19,19,57,13,108,34,28,62,170
06/01/2019,BQN,PR,ASO,ES,Federal Contract Tower,15,0,4,0,19,0,0,17,4,21,15,0,21,4,40,14,0,14,54
06/02/2019,BQN,PR,ASO,ES,Federal Contract Tower,9,0,2,0,11,0,0,16,8,24,9,0,18,8,35,20,0,20,55
06/03/2019,BQN,PR,ASO,ES,Federal Contract Tower,14,12,4,0,30,0,0,32,14,46,14,12,36,14,76,42,24,66,142
06/04/2019,BQN,PR,ASO,ES,Federal Contract Tower,17,11,5,4,37,0,0,45,21,66,17,11,50,25,103,36,18,54,157
06/05/2019,BQN,PR,ASO,ES,Federal Contract Tower,15,12,6,0,33,0,0,46,14,60,15,12,52,14,93,40,20,60,153
06/06/2019,BQN,PR,ASO,ES,Federal Contract Tower,15,14,4,1,34,0,0,63,15,78,15,14,67,16,112,32,14,46,158
06/07/2019,BQN,PR,ASO,ES,Federal Contract Tower,22,13,1,3,39,0,1,55,16,72,22,14,56,19,111,18,16,34,145
06/08/2019,BQN,PR,ASO,ES,Federal Contract Tower,10,0,0,0,10,0,0,25,7,32,10,0,25,7,42,4,18,22,64
06/09/2019,BQN,PR,ASO,ES,Federal Contract Tower,14,0,3,0,17,0,0,53,6,59,14,0,56,6,76,0,14,14,90
06/10/2019,BQN,PR,ASO,ES,Federal Contract Tower,15,11,4,0,30,0,0,32,12,44,15,11,36,12,74,44,24,68,142
06/11/2019,BQN,PR,ASO,ES,Federal Contract Tower,16,14,4,2,36,0,0,53,13,66,16,14,57,15,102,38,36,74,176
06/12/2019,BQN,PR,ASO,ES,Federal Contract Tower,18,14,1,0,33,0,0,54,18,72,18,14,55,18,105,48,34,82,187
06/13/2019,BQN,PR,ASO,ES,Federal Contract Tower,15,11,4,2,32,0,0,46,14,60,15,11,50,16,92,8,0,8,100
06/14/2019,BQN,PR,ASO,ES,Federal Contract Tower,19,17,6,0,42,0,0,41,17,58,19,17,47,17,100,38,24,62,162
06/15/2019,BQN,PR,ASO,ES,Federal Contract Tower,6,4,0,1,11,0,0,52,14,66,6,4,52,15,77,12,2,14,91
06/16/2019,BQN,PR,ASO,ES,Federal Contract Tower,15,3,8,0,26,0,0,12,2,14,15,3,20,2,40,0,6,6,46
06/17/2019,BQN,PR,ASO,ES,Federal Contract Tower,8,19,8,0,35,0,0,39,20,59,8,19,47,20,94,8,2,10,104
06/18/2019,BQN,PR,ASO,ES,Federal Contract Tower,13,13,1,0,27,0,0,39,18,57,13,13,40,18,84,44,10,54,138
06/19/2019,BQN,PR,ASO,ES,Federal Contract Tower,13,16,3,0,32,0,0,43,13,56,13,16,46,13,88,34,32,66,154
06/20/2019,BQN,PR,ASO,ES,Federal Contract Tower,12,9,11,0,32,0,0,24,14,38,12,9,35,14,70,30,16,46,116
06/21/2019,BQN,PR,ASO,ES,Federal Contract Tower,20,12,5,0,37,0,0,31,21,52,20,12,36,21,89,40,30,70,159
06/22/2019,BQN,PR,ASO,ES,Federal Contract Tower,11,0,2,0,13,0,0,7,1,8,11,0,9,1,21,8,0,8,29
06/23/2019,BQN,PR,ASO,ES,Federal Contract Tower,20,1,1,0,22,0,0,26,4,30,20,1,27,4,52,30,22,52,104
06/24/2019,BQN,PR,ASO,ES,Federal Contract Tower,19,15,9,0,43,0,0,51,18,69,19,15,60,18,112,50,48,98,210
06/25/2019,BQN,PR,ASO,ES,Federal Contract Tower,12,13,6,1,32,0,0,34,10,44,12,13,40,11,76,42,6,48,124
06/26/2019,BQN,PR,ASO,ES,Federal Contract Tower,12,14,4,1,31,0,0,50,14,64,12,14,54,15,95,28,18,46,141
06/27/2019,BQN,PR,ASO,ES,Federal Contract Tower,16,12,3,1,32,0,0,44,12,56,16,12,47,13,88,72,8,80,168
06/28/2019,BQN,PR,ASO,ES,Federal Contract Tower,15,21,2,3,41,0,0,46,13,59,15,21,48,16,100,20,0,20,120
06/29/2019,BQN,PR,ASO,ES,Federal Contract Tower,13,0,9,0,22,0,0,24,13,37,13,0,33,13,59,38,0,38,97
06/30/2019,BQN,PR,ASO,ES,Federal Contract Tower,14,0,6,0,20,0,0,36,7,43,14,0,42,7,63,32,0,32,95
07/01/2019,BQN,PR,ASO,ES,Federal Contract Tower,8,18,1,2,29,0,0,53,28,81,8,18,54,30,110,58,2,60,170
07/02/2019,BQN,PR,ASO,ES,Federal Contract Tower,12,14,4,0,30,0,0,40,19,59,12,14,44,19,89,52,2,54,143
07/03/2019,BQN,PR,ASO,ES,Federal Contract Tower,12,14,4,0,30,0,0,41,18,59,12,14,45,18,89,18,52,70,159
07/04/2019,BQN,PR,ASO,ES,Federal Contract Tower,12,0,0,0,12,0,0,43,4,47,12,0,43,4,59,46,0,46,105
07/05/2019,BQN,PR,ASO,ES,Federal Contract Tower,15,18,7,0,40,0,0,41,5,46,15,18,48,5,86,56,2,58,144
07/06/2019,BQN,PR,ASO,ES,Federal Contract Tower,14,2,2,0,18,0,0,10,2,12,14,2,12,2,30,30,0,30,60
07/07/2019,BQN,PR,ASO,ES,Federal Contract Tower,14,0,2,0,16,0,0,13,1,14,14,0,15,1,30,4,0,4,34
07/08/2019,BQN,PR,ASO,ES,Federal Contract Tower,6,19,4,0,29,0,0,43,8,51,6,19,47,8,80,88,24,112,192
07/09/2019,BQN,PR,ASO,ES,Federal Contract Tower,14,15,5,1,35,0,0,38,16,54,14,15,43,17,89,94,0,94,183
07/10/2019,BQN,PR,ASO,ES,Federal Contract Tower,10,15,4,1,30,0,0,43,21,64,10,15,47,22,94,50,50,100,194
07/12/2019,BQN,PR,ASO,ES,Federal Contract Tower,16,15,1,0,32,0,0,30,8,38,16,15,31,8,70,50,6,56,126
07/13/2019,BQN,PR,ASO,ES,Federal Contract Tower,9,0,8,0,17,0,1,34,4,39,9,1,42,4,56,46,0,46,102
07/14/2019,BQN,PR,ASO,ES,Federal Contract Tower,15,0,1,0,16,0,0,18,6,24,15,0,19,6,40,10,0,10,50
07/15/2019,BQN,PR,ASO,ES,Federal Contract Tower,12,11,3,1,27,0,0,26,12,38,12,11,29,13,65,56,60,116,181
07/16/2019,BQN,PR,ASO,ES,Federal Contract Tower,14,10,3,0,27,0,0,34,11,45,14,10,37,11,72,62,42,104,176
07/17/2019,BQN,PR,ASO,ES,Federal Contract Tower,14,12,6,0,32,0,0,30,10,40,14,12,36,10,72,46,30,76,148
07/18/2019,BQN,PR,ASO,ES,Federal Contract Tower,18,12,3,0,33,0,0,38,11,49,18,12,41,11,82,44,12,56,138
07/19/2019,BQN,PR,ASO,ES,Federal Contract Tower,22,15,2,0,39,0,0,31,12,43,22,15,33,12,82,38,38,76,158
07/20/2019,BQN,PR,ASO,ES,Federal Contract Tower,12,0,0,0,12,0,0,20,0,20,12,0,20,0,32,34,0,34,66
07/21/2019,BQN,PR,ASO,ES,Federal Contract Tower,15,0,4,0,19,0,0,20,4,24,15,0,24,4,43,4,0,4,47
07/22/2019,BQN,PR,ASO,ES,Federal Contract Tower,9,15,6,0,30,0,0,35,17,52,9,15,41,17,82,28,32,60,142
07/23/2019,BQN,PR,ASO,ES,Federal Contract Tower,13,13,4,0,30,0,0,44,18,62,13,13,48,18,92,48,0,48,140
07/24/2019,BQN,PR,ASO,ES,Federal Contract Tower,18,13,7,1,39,0,0,55,17,72,18,13,62,18,111,22,14,36,147
07/25/2019,BQN,PR,ASO,ES,Federal Contract Tower,13,10,5,0,28,0,0,45,14,59,13,10,50,14,87,28,0,28,115
07/26/2019,BQN,PR,ASO,ES,Federal Contract Tower,15,16,7,0,38,0,0,30,13,43,15,16,37,13,81,14,16,30,111
07/27/2019,BQN,PR,ASO,ES,Federal Contract Tower,12,0,1,0,13,0,0,23,7,30,12,0,24,7,43,28,18,46,89
07/28/2019,BQN,PR,ASO,ES,Federal Contract Tower,24,5,5,1,35,0,0,38,3,41,24,5,43,4,76,0,0,0,76
07/29/2019,BQN,PR,ASO,ES,Federal Contract Tower,10,17,8,0,35,0,0,28,11,39,10,17,36,11,74,16,18,34,108
07/30/2019,BQN,PR,ASO,ES,Federal Contract Tower,15,12,2,0,29,0,0,12,18,30,15,12,14,18,59,16,0,16,75
07/31/2019,BQN,PR,ASO,ES,Federal Contract Tower,13,13,2,0,28,0,0,29,10,39,13,13,31,10,67,26,12,38,105
08/01/2019,BQN,PR,ASO,ES,Federal Contract Tower,19,8,3,0,30,0,0,31,13,44,19,8,34,13,74,56,28,84,158
08/02/2019,BQN,PR,ASO,ES,Federal Contract Tower,15,14,5,1,35,0,0,27,12,39,15,14,32,13,74,52,24,76,150
08/03/2019,BQN,PR,ASO,ES,Federal Contract Tower,18,0,3,1,22,0,0,17,3,20,18,0,20,4,42,46,0,46,88
08/04/2019,BQN,PR,ASO,ES,Federal Contract Tower,9,0,5,0,14,0,0,10,3,13,9,0,15,3,27,10,0,10,37
08/05/2019,BQN,PR,ASO,ES,Federal Contract Tower,11,15,4,1,31,0,0,25,2,27,11,15,29,3,58,44,14,58,116
08/06/2019,BQN,PR,ASO,ES,Federal Contract Tower,19,8,8,0,35,0,0,44,14,58,19,8,52,14,93,58,0,58,151
08/07/2019,BQN,PR,ASO,ES,Federal Contract Tower,9,17,0,4,30,0,0,43,11,54,9,17,43,15,84,38,28,66,150
08/08/2019,BQN,PR,ASO,ES,Federal Contract Tower,15,12,4,0,31,0,0,37,16,53,15,12,41,16,84,68,4,72,156
08/09/2019,BQN,PR,ASO,ES,Federal Contract Tower,14,21,5,0,40,0,0,45,15,60,14,21,50,15,100,38,50,88,188
08/10/2019,BQN,PR,ASO,ES,Federal Contract Tower,15,0,2,0,17,0,0,23,7,30,15,0,25,7,47,24,0,24,71
08/11/2019,BQN,PR,ASO,ES,Federal Contract Tower,8,2,0,0,10,0,0,11,9,20,8,2,11,9,30,6,14,20,50
08/12/2019,BQN,PR,ASO,ES,Federal Contract Tower,9,16,0,0,25,0,0,33,15,48,9,16,33,15,73,22,0,22,95
08/13/2019,BQN,PR,ASO,ES,Federal Contract Tower,10,14,2,0,26,0,0,40,20,60,10,14,42,20,86,56,0,56,142
08/14/2019,BQN,PR,ASO,ES,Federal Contract Tower,10,12,2,0,24,0,0,27,21,48,10,12,29,21,72,18,28,46,118
08/15/2019,BQN,PR,ASO,ES,Federal Contract Tower,10,16,5,0,31,0,0,43,10,53,10,16,48,10,84,16,0,16,100
08/16/2019,BQN,PR,ASO,ES,Federal Contract Tower,13,11,3,0,27,0,0,23,9,32,13,11,26,9,59,6,16,22,81
08/17/2019,BQN,PR,ASO,ES,Federal Contract Tower,6,2,1,0,9,0,0,26,13,39,6,2,27,13,48,34,0,34,82
08/18/2019,BQN,PR,ASO,ES,Federal Contract Tower,8,1,3,0,12,0,0,11,6,17,8,1,14,6,29,12,0,12,41
08/19/2019,BQN,PR,ASO,ES,Federal Contract Tower,7,14,1,0,22,0,0,25,11,36,7,14,26,11,58,16,16,32,90
08/20/2019,BQN,PR,ASO,ES,Federal Contract Tower,17,10,1,1,29,0,0,43,18,61,17,10,44,19,90,108,0,108,198
08/21/2019,BQN,PR,ASO,ES,Federal Contract Tower,13,10,5,2,30,0,0,34,8,42,13,10,39,10,72,44,56,100,172
08/22/2019,BQN,PR,ASO,ES,Federal Contract Tower,13,10,2,0,25,0,0,34,16,50,13,10,36,16,75,56,0,56,131
08/23/2019,BQN,PR,ASO,ES,Federal Contract Tower,20,11,1,1,33,0,0,34,13,47,20,11,35,14,80,56,42,98,178
08/25/2019,BQN,PR,ASO,ES,Federal Contract Tower,5,0,0,0,5,0,0,0,2,2,5,0,0,2,7,10,0,10,17
08/26/2019,BQN,PR,ASO,ES,Federal Contract Tower,9,9,4,0,22,0,0,34,8,42,9,9,38,8,64,50,16,66,130
08/27/2019,BQN,PR,ASO,ES,Federal Contract Tower,10,14,1,0,25,7,1,11,3,22,17,15,12,3,47,30,12,42,89
08/28/2019,BQN,PR,ASO,ES,Federal Contract Tower,5,3,1,0,9,0,0,0,4,4,5,3,1,4,13,0,0,0,13
08/29/2019,BQN,PR,ASO,ES,Federal Contract Tower,16,26,3,0,45,0,0,22,17,39,16,26,25,17,84,0,0,0,84
08/30/2019,BQN,PR,ASO,ES,Federal Contract Tower,16,12,0,0,28,0,0,32,14,46,16,12,32,14,74,48,32,80,154
08/31/2019,BQN,PR,ASO,ES,Federal Contract Tower,12,3,1,0,16,0,0,89,1,90,12,3,90,1,106,62,0,62,168
09/01/2019,BQN,PR,ASO,ES,Federal Contract Tower,9,0,0,0,9,0,0,8,4,12,9,0,8,4,21,2,0,2,23
09/02/2019,BQN,PR,ASO,ES,Federal Contract Tower,3,0,3,0,6,3,0,32,8,43,6,0,35,8,49,32,12,44,93
09/03/2019,BQN,PR,ASO,ES,Federal Contract Tower,12,13,0,3,28,0,0,35,6,41,12,13,35,9,69,26,10,36,105
09/04/2019,BQN,PR,ASO,ES,Federal Contract Tower,12,13,2,1,28,0,0,30,6,36,12,13,32,7,64,68,4,72,136
09/05/2019,BQN,PR,ASO,ES,Federal Contract Tower,17,12,4,0,33,0,0,28,15,43,17,12,32,15,76,50,12,62,138
09/06/2019,BQN,PR,ASO,ES,Federal Contract Tower,16,10,3,1,30,0,0,19,3,22,16,10,22,4,52,46,6,52,104
09/07/2019,BQN,PR,ASO,ES,Federal Contract Tower,17,0,1,0,18,0,0,27,7,34,17,0,28,7,52,14,12,26,78
09/09/2019,BQN,PR,ASO,ES,Federal Contract Tower,15,13,1,0,29,0,0,19,7,26,15,13,20,7,55,46,36,82,137
09/10/2019,BQN,PR,ASO,ES,Federal Contract Tower,15,13,0,0,28,0,0,18,7,25,15,13,18,7,53,34,0,34,87
09/11/2019,BQN,PR,ASO,ES,Federal Contract Tower,14,13,3,1,31,0,0,13,4,17,14,13,16,5,48,90,70,160,208
09/12/2019,BQN,PR,ASO,ES,Federal Contract Tower,17,10,2,0,29,0,0,18,9,27,17,10,20,9,56,28,2,30,86
09/13/2019,BQN,PR,ASO,ES,Federal Contract Tower,21,12,7,0,40,0,0,32,16,48,21,12,39,16,88,54,18,72,160
09/14/2019,BQN,PR,ASO,ES,Federal Contract Tower,7,0,0,0,7,0,0,5,4,9,7,0,5,4,16,16,0,16,32
09/15/2019,BQN,PR,ASO,ES,Federal Contract Tower,5,0,0,0,5,0,0,1,3,4,5,0,1,3,9,20,18,38,47
09/16/2019,BQN,PR,ASO,ES,Federal Contract Tower,11,12,1,0,24,0,0,13,6,19,11,12,14,6,43,24,0,24,67
09/17/2019,BQN,PR,ASO,ES,Federal Contract Tower,17,12,1,0,30,0,0,20,15,35,17,12,21,15,65,44,10,54,119
09/18/2019,BQN,PR,ASO,ES,Federal Contract Tower,7,13,1,2,23,0,0,41,6,47,7,13,42,8,70,110,0,110,180
09/19/2019,BQN,PR,ASO,ES,Federal Contract Tower,25,11,0,0,36,0,0,27,18,45,25,11,27,18,81,28,0,28,109
09/20/2019,BQN,PR,ASO,ES,Federal Contract Tower,19,12,9,0,40,0,0,27,16,43,19,12,36,16,83,16,0,16,99
09/21/2019,BQN,PR,ASO,ES,Federal Contract Tower,8,0,0,0,8,0,0,2,1,3,8,0,2,1,11,0,0,0,11
09/23/2019,BQN,PR,ASO,ES,Federal Contract Tower,10,12,2,0,24,0,0,35,7,42,10,12,37,7,66,38,10,48,114
09/24/2019,BQN,PR,ASO,ES,Federal Contract Tower,15,1,0,0,16,0,0,4,1,5,15,1,4,1,21,6,0,6,27
09/25/2019,BQN,PR,ASO,ES,Federal Contract Tower,18,18,3,0,39,0,0,11,8,19,18,18,14,8,58,2,14,16,74
09/26/2019,BQN,PR,ASO,ES,Federal Contract Tower,13,15,1,0,29,0,0,35,10,45,13,15,36,10,74,0,0,0,74
09/27/2019,BQN,PR,ASO,ES,Federal Contract Tower,17,17,6,1,41,0,0,19,7,26,17,17,25,8,67,26,10,36,103
09/28/2019,BQN,PR,ASO,ES,Federal Contract Tower,9,0,0,0,9,0,0,5,5,10,9,0,5,5,19,2,0,2,21
09/29/2019,BQN,PR,ASO,ES,Federal Contract Tower,7,0,0,0,7,0,0,2,2,4,7,0,2,2,11,10,0,10,21
09/30/2019,BQN,PR,ASO,ES,Federal Contract Tower,12,13,1,2,28,0,0,22,7,29,12,13,23,9,57,30,0,30,87
10/01/2019,BQN,PR,ASO,ES,Federal Contract Tower,22,10,2,1,35,0,0,22,4,26,22,10,24,5,61,54,2,56,117
10/02/2019,BQN,PR,ASO,ES,Federal Contract Tower,13,15,3,0,31,0,0,30,10,40,13,15,33,10,71,20,6,26,97
10/03/2019,BQN,PR,ASO,ES,Federal Contract Tower,13,15,1,0,29,0,0,53,21,74,13,15,54,21,103,36,12,48,151
10/04/2019,BQN,PR,ASO,ES,Federal Contract Tower,13,11,4,0,28,0,0,27,3,30,13,11,31,3,58,16,0,16,74
10/05/2019,BQN,PR,ASO,ES,Federal Contract Tower,6,0,1,0,7,0,0,2,5,7,6,0,3,5,14,0,0,0,14
10/06/2019,BQN,PR,ASO,ES,Federal Contract Tower,6,0,0,0,6,0,0,5,1,6,6,0,5,1,12,0,0,0,12
10/07/2019,BQN,PR,ASO,ES,Federal Contract Tower,14,8,0,0,22,0,0,46,15,61,14,8,46,15,83,26,42,68,151
10/08/2019,BQN,PR,ASO,ES,Federal Contract Tower,14,15,0,0,29,0,0,43,26,69,14,15,43,26,98,28,18,46,144
10/09/2019,BQN,PR,ASO,ES,Federal Contract Tower,19,12,0,2,33,0,1,30,16,47,19,13,30,18,80,24,24,48,128
10/10/2019,BQN,PR,ASO,ES,Federal Contract Tower,8,18,2,0,28,0,0,53,34,87,8,18,55,34,115,44,44,88,203
10/11/2019,BQN,PR,ASO,ES,Federal Contract Tower,14,14,3,0,31,0,0,31,13,44,14,14,34,13,75,52,32,84,159
10/12/2019,BQN,PR,ASO,ES,Federal Contract Tower,8,0,0,0,8,0,0,12,6,18,8,0,12,6,26,0,0,0,26
10/13/2019,BQN,PR,ASO,ES,Federal Contract Tower,6,0,3,0,9,0,0,8,3,11,6,0,11,3,20,20,0,20,40
10/14/2019,BQN,PR,ASO,ES,Federal Contract Tower,9,13,3,0,25,0,0,31,13,44,9,13,34,13,69,60,16,76,145
10/15/2019,BQN,PR,ASO,ES,Federal Contract Tower,17,14,4,2,37,0,0,53,27,80,17,14,57,29,117,34,44,78,195
10/16/2019,BQN,PR,ASO,ES,Federal Contract Tower,15,12,9,1,37,0,0,38,32,70,15,12,47,33,107,48,34,82,189
10/17/2019,BQN,PR,ASO,ES,Federal Contract Tower,13,12,0,0,25,0,0,47,29,76,13,12,47,29,101,74,0,74,175
10/18/2019,BQN,PR,ASO,ES,Federal Contract Tower,18,14,1,0,33,0,0,30,13,43,18,14,31,13,76,60,34,94,170
10/19/2019,BQN,PR,ASO,ES,Federal Contract Tower,8,0,2,0,10,0,0,4,6,10,8,0,6,6,20,16,0,16,36
10/20/2019,BQN,PR,ASO,ES,Federal Contract Tower,8,0,0,0,8,0,0,7,6,13,8,0,7,6,21,0,0,0,21
10/21/2019,BQN,PR,ASO,ES,Federal Contract Tower,10,13,3,1,27,0,0,34,7,41,10,13,37,8,68,68,38,106,174
10/22/2019,BQN,PR,ASO,ES,Federal Contract Tower,18,12,2,0,32,0,0,39,11,50,18,12,41,11,82,106,20,126,208
10/23/2019,BQN,PR,ASO,ES,Federal Contract Tower,15,13,0,1,29,0,0,12,5,17,15,13,12,6,46,46,0,46,92
10/24/2019,BQN,PR,ASO,ES,Federal Contract Tower,17,10,1,0,28,0,0,23,11,34,17,10,24,11,62,52,6,58,120
10/25/2019,BQN,PR,ASO,ES,Federal Contract Tower,19,12,6,0,37,0,0,30,7,37,19,12,36,7,74,40,20,60,134
10/26/2019,BQN,PR,ASO,ES,Federal Contract Tower,7,0,0,0,7,0,0,9,4,13,7,0,9,4,20,0,0,0,20
10/27/2019,BQN,PR,ASO,ES,Federal Contract Tower,8,0,5,0,13,0,0,27,4,31,8,0,32,4,44,30,10,40,84
10/28/2019,BQN,PR,ASO,ES,Federal Contract Tower,16,8,4,0,28,0,0,24,13,37,16,8,28,13,65,60,44,104,169
10/29/2019,BQN,PR,ASO,ES,Federal Contract Tower,20,12,5,1,38,0,0,52,15,67,20,12,57,16,105,64,0,64,169
10/30/2019,BQN,PR,ASO,ES,Federal Contract Tower,13,13,6,0,32,0,0,33,15,48,13,13,39,15,80,84,40,124,204
10/31/2019,BQN,PR,ASO,ES,Federal Contract Tower,21,10,0,0,31,0,0,52,23,75,21,10,52,23,106,70,18,88,194
11/01/2019,BQN,PR,ASO,ES,Federal Contract Tower,21,11,2,0,34,0,0,17,8,25,21,11,19,8,59,32,24,56,115
11/02/2019,BQN,PR,ASO,ES,Federal Contract Tower,8,0,0,0,8,0,0,18,11,29,8,0,18,11,37,36,8,44,81
11/03/2019,BQN,PR,ASO,ES,Federal Contract Tower,9,0,0,0,9,0,0,18,3,21,9,0,18,3,30,6,0,6,36
11/04/2019,BQN,PR,ASO,ES,Federal Contract Tower,22,13,8,1,44,0,0,33,11,44,22,13,41,12,88,46,34,80,168
11/05/2019,BQN,PR,ASO,ES,Federal Contract Tower,20,12,0,0,32,0,0,31,30,61,20,12,31,30,93,62,22,84,177
11/06/2019,BQN,PR,ASO,ES,Federal Contract Tower,15,15,4,1,35,0,0,37,11,48,15,15,41,12,83,60,22,82,165
11/07/2019,BQN,PR,ASO,ES,Federal Contract Tower,13,14,5,2,34,0,0,50,14,64,13,14,55,16,98,58,4,62,160
11/08/2019,BQN,PR,ASO,ES,Federal Contract Tower,18,16,3,0,37,0,0,13,7,20,18,16,16,7,57,30,4,34,91
11/09/2019,BQN,PR,ASO,ES,Federal Contract Tower,8,2,0,1,11,0,0,19,8,27,8,2,19,9,38,12,2,14,52
11/10/2019,BQN,PR,ASO,ES,Federal Contract Tower,8,1,1,0,10,0,0,29,6,35,8,1,30,6,45,0,0,0,45
11/11/2019,BQN,PR,ASO,ES,Federal Contract Tower,15,9,5,0,29,0,0,39,12,51,15,9,44,12,80,46,22,68,148
11/12/2019,BQN,PR,ASO,ES,Federal Contract Tower,18,14,0,1,33,0,0,36,26,62,18,14,36,27,95,44,16,60,155
11/13/2019,BQN,PR,ASO,ES,Federal Contract Tower,14,15,2,1,32,0,0,29,17,46,14,15,31,18,78,20,22,42,120
11/14/2019,BQN,PR,ASO,ES,Federal Contract Tower,14,11,2,0,27,0,0,30,11,41,14,11,32,11,68,50,14,64,132
11/15/2019,BQN,PR,ASO,ES,Federal Contract Tower,19,12,8,0,39,0,0,36,25,61,19,12,44,25,100,46,30,76,176
11/16/2019,BQN,PR,ASO,ES,Federal Contract Tower,6,0,2,0,8,0,0,17,5,22,6,0,19,5,30,24,2,26,56
11/17/2019,BQN,PR,ASO,ES,Federal Contract Tower,7,2,1,0,10,0,0,0,0,0,7,2,1,0,10,0,0,0,10
11/18/2019,BQN,PR,ASO,ES,Federal Contract Tower,15,8,3,2,28,0,0,36,16,52,15,8,39,18,80,46,42,88,168
11/19/2019,BQN,PR,ASO,ES,Federal Contract Tower,18,9,3,1,31,0,0,51,24,75,18,9,54,25,106,26,72,98,204
11/20/2019,BQN,PR,ASO,ES,Federal Contract Tower,13,13,5,1,32,0,0,39,11,50,13,13,44,12,82,66,40,106,188
11/21/2019,BQN,PR,ASO,ES,Federal Contract Tower,20,14,5,0,39,0,0,56,16,72,20,14,61,16,111,68,16,84,195
11/22/2019,BQN,PR,ASO,ES,Federal Contract Tower,16,16,5,0,37,0,0,27,13,40,16,16,32,13,77,30,48,78,155
11/23/2019,BQN,PR,ASO,ES,Federal Contract Tower,11,0,0,0,11,0,0,5,5,10,11,0,5,5,21,24,10,34,55
11/24/2019,BQN,PR,ASO,ES,Federal Contract Tower,12,0,1,0,13,0,0,11,10,21,12,0,12,10,34,16,6,22,56
11/26/2019,BQN,PR,ASO,ES,Federal Contract Tower,26,12,0,0,38,0,0,45,24,69,26,12,45,24,107,60,8,68,175
11/27/2019,BQN,PR,ASO,ES,Federal Contract Tower,30,12,5,2,49,0,0,25,11,36,30,12,30,13,85,20,14,34,119
11/28/2019,BQN,PR,ASO,ES,Federal Contract Tower,9,1,3,0,13,0,0,13,5,18,9,1,16,5,31,14,0,14,45
11/29/2019,BQN,PR,ASO,ES,Federal Contract Tower,17,7,0,0,24,0,0,18,6,24,17,7,18,6,48,14,0,14,62
11/30/2019,BQN,PR,ASO,ES,Federal Contract Tower,6,0,5,0,11,0,0,18,5,23,6,0,23,5,34,54,0,54,88
12/01/2019,BQN,PR,ASO,ES,Federal Contract Tower,6,1,4,0,11,0,1,33,7,41,6,2,37,7,52,0,0,0,52
12/02/2019,BQN,PR,ASO,ES,Federal Contract Tower,11,12,2,1,26,0,0,31,13,44,11,12,33,14,70,62,34,96,166
12/04/2019,BQN,PR,ASO,ES,Federal Contract Tower,18,11,1,1,31,0,0,59,23,82,18,11,60,24,113,28,74,102,215
12/05/2019,BQN,PR,ASO,ES,Federal Contract Tower,14,17,4,0,35,0,0,53,24,77,14,17,57,24,112,100,12,112,224
12/06/2019,BQN,PR,ASO,ES,Federal Contract Tower,15,14,5,2,36,0,0,42,13,55,15,14,47,15,91,56,24,80,171
12/07/2019,BQN,PR,ASO,ES,Federal Contract Tower,13,0,4,0,17,0,0,27,5,32,13,0,31,5,49,4,0,4,53
12/08/2019,BQN,PR,ASO,ES,Federal Contract Tower,8,0,1,0,9,0,0,19,6,25,8,0,20,6,34,14,0,14,48
12/09/2019,BQN,PR,ASO,ES,Federal Contract Tower,11,11,3,0,25,0,0,35,17,52,11,11,38,17,77,42,46,88,165
12/10/2019,BQN,PR,ASO,ES,Federal Contract Tower,16,14,0,1,31,0,0,26,22,48,16,14,26,23,79,32,0,32,111
12/11/2019,BQN,PR,ASO,ES,Federal Contract Tower,14,11,1,0,26,0,0,23,20,43,14,11,24,20,69,60,4,64,133
12/12/2019,BQN,PR,ASO,ES,Federal Contract Tower,11,17,5,0,33,0,0,54,28,82,11,17,59,28,115,18,0,18,133
12/13/2019,BQN,PR,ASO,ES,Federal Contract Tower,14,14,2,0,30,0,0,23,8,31,14,14,25,8,61,16,6,22,83
12/14/2019,BQN,PR,ASO,ES,Federal Contract Tower,5,1,3,0,9,0,0,12,11,23,5,1,15,11,32,8,0,8,40
12/15/2019,BQN,PR,ASO,ES,Federal Contract Tower,9,2,0,0,11,0,0,14,2,16,9,2,14,2,27,4,0,4,31
12/16/2019,BQN,PR,ASO,ES,Federal Contract Tower,27,8,0,0,35,0,0,15,15,30,27,8,15,15,65,60,14,74,139
12/17/2019,BQN,PR,ASO,ES,Federal Contract Tower,12,14,5,0,31,0,0,30,27,57,12,14,35,27,88,44,42,86,174
12/20/2019,BQN,PR,ASO,ES,Federal Contract Tower,22,13,2,0,37,0,0,35,9,44,22,13,37,9,81,40,28,68,149
12/21/2019,BQN,PR,ASO,ES,Federal Contract Tower,19,0,0,1,20,0,0,15,6,21,19,0,15,7,41,10,0,10,51
12/22/2019,BQN,PR,ASO,ES,Federal Contract Tower,7,0,2,0,9,0,0,13,4,17,7,0,15,4,26,10,0,10,36
12/23/2019,BQN,PR,ASO,ES,Federal Contract Tower,16,13,1,0,30,0,0,29,9,38,16,13,30,9,68,64,18,82,150
12/24/2019,BQN,PR,ASO,ES,Federal Contract Tower,12,8,1,1,22,0,0,25,6,31,12,8,26,7,53,40,8,48,101
12/25/2019,BQN,PR,ASO,ES,Federal Contract Tower,4,0,0,1,5,0,0,12,0,12,4,0,12,1,17,4,0,4,21
12/26/2019,BQN,PR,ASO,ES,Federal Contract Tower,7,6,11,0,24,0,0,11,9,20,7,6,22,9,44,8,42,50,94
12/27/2019,BQN,PR,ASO,ES,Federal Contract Tower,18,10,5,0,33,0,0,34,6,40,18,10,39,6,73,30,0,30,103
12/28/2019,BQN,PR,ASO,ES,Federal Contract Tower,8,2,6,0,16,0,0,13,2,15,8,2,19,2,31,26,6,32,63
12/29/2019,BQN,PR,ASO,ES,Federal Contract Tower,6,0,3,0,9,0,0,10,8,18,6,0,13,8,27,0,6,6,33
12/30/2019,BQN,PR,ASO,ES,Federal Contract Tower,8,16,3,0,27,0,0,22,10,32,8,16,25,10,59,50,32,82,141
12/31/2019,BQN,PR,ASO,ES,Federal Contract Tower,10,9,1,0,20,0,0,25,7,32,10,9,26,7,52,54,14,68,120
01/01/2020,BQN,PR,ASO,ES,Federal Contract Tower,4,0,0,0,4,0,0,25,2,27,4,0,25,2,31,2,0,2,33
01/02/2020,BQN,PR,ASO,ES,Federal Contract Tower,9,11,10,1,31,0,0,28,10,38,9,11,38,11,69,38,0,38,107
01/03/2020,BQN,PR,ASO,ES,Federal Contract Tower,16,14,3,0,33,0,0,11,10,21,16,14,14,10,54,20,48,68,122
01/04/2020,BQN,PR,ASO,ES,Federal Contract Tower,5,1,5,1,12,0,0,28,4,32,5,1,33,5,44,32,10,42,86
01/05/2020,BQN,PR,ASO,ES,Federal Contract Tower,10,0,5,0,15,0,0,25,4,29,10,0,30,4,44,30,10,40,84
01/06/2020,BQN,PR,ASO,ES,Federal Contract Tower,13,5,1,1,20,0,0,19,2,21,13,5,20,3,41,0,1,1,42
01/07/2020,BQN,PR,ASO,ES,Federal Contract Tower,13,12,6,0,31,0,0,10,13,23,13,12,16,13,54,2,0,2,56
01/08/2020,BQN,PR,ASO,ES,Federal Contract Tower,18,14,5,3,40,0,0,48,15,63,18,14,53,18,103,31,0,31,134
01/09/2020,BQN,PR,ASO,ES,Federal Contract Tower,9,15,1,0,25,0,0,21,12,33,9,15,22,12,58,2,4,6,64
01/10/2020,BQN,PR,ASO,ES,Federal Contract Tower,11,11,5,0,27,0,0,20,4,24,11,11,25,4,51,0,20,20,71
01/11/2020,BQN,PR,ASO,ES,Federal Contract Tower,9,0,1,0,10,0,0,3,5,8,9,0,4,5,18,0,0,0,18
01/12/2020,BQN,PR,ASO,ES,Federal Contract Tower,5,0,3,0,8,0,0,7,3,10,5,0,10,3,18,0,2,2,20
01/13/2020,BQN,PR,ASO,ES,Federal Contract Tower,4,14,2,0,20,0,0,19,15,34,4,14,21,15,54,41,28,69,123
01/14/2020,BQN,PR,ASO,ES,Federal Contract Tower,13,14,2,0,29,0,0,26,2,28,13,14,28,2,57,18,0,18,75
01/15/2020,BQN,PR,ASO,ES,Federal Contract Tower,12,14,8,1,35,0,0,20,11,31,12,14,28,12,66,44,12,56,122
01/16/2020,BQN,PR,ASO,ES,Federal Contract Tower,14,13,6,0,33,0,0,28,10,38,14,13,34,10,71,26,4,30,101
01/17/2020,BQN,PR,ASO,ES,Federal Contract Tower,7,14,6,0,27,0,0,30,13,43,7,14,36,13,70,28,26,54,124
01/18/2020,BQN,PR,ASO,ES,Federal Contract Tower,7,0,7,0,14,0,0,3,5,8,7,0,10,5,22,6,0,6,28
01/19/2020,BQN,PR,ASO,ES,Federal Contract Tower,4,1,4,0,9,0,0,9,8,17,4,1,13,8,26,10,4,14,40
01/20/2020,BQN,PR,ASO,ES,Federal Contract Tower,10,8,1,0,19,0,0,17,10,27,10,8,18,10,46,22,26,48,94
01/21/2020,BQN,PR,ASO,ES,Federal Contract Tower,12,9,1,0,22,1,0,35,8,44,13,9,36,8,66,54,22,76,142
01/22/2020,BQN,PR,ASO,ES,Federal Contract Tower,14,13,15,2,44,0,0,34,11,45,14,13,49,13,89,18,50,68,157
01/23/2020,BQN,PR,ASO,ES,Federal Contract Tower,15,13,5,0,33,0,0,20,21,41,15,13,25,21,74,32,0,32,106
01/24/2020,BQN,PR,ASO,ES,Federal Contract Tower,20,13,3,0,36,3,0,10,4,17,23,13,13,4,53,18,0,18,71
01/25/2020,BQN,PR,ASO,ES,Federal Contract Tower,9,0,2,0,11,0,0,14,6,20,9,0,16,6,31,30,10,40,71
01/26/2020,BQN,PR,ASO,ES,Federal Contract Tower,10,0,25,1,36,0,0,22,5,27,10,0,47,6,63,24,0,24,87
01/27/2020,BQN,PR,ASO,ES,Federal Contract Tower,9,20,1,0,30,0,0,9,6,15,9,20,10,6,45,0,0,0,45
01/28/2020,BQN,PR,ASO,ES,Federal Contract Tower,11,15,6,1,33,0,0,33,16,49,11,15,39,17,82,50,16,66,148
01/29/2020,BQN,PR,ASO,ES,Federal Contract Tower,16,7,0,2,25,0,0,28,7,35,16,7,28,9,60,30,14,44,104
01/30/2020,BQN,PR,ASO,ES,Federal Contract Tower,22,12,0,0,34,0,0,25,13,38,22,12,25,13,72,28,0,28,100
01/31/2020,BQN,PR,ASO,ES,Federal Contract Tower,12,15,3,0,30,0,0,36,18,54,12,15,39,18,84,18,26,44,128
02/01/2020,BQN,PR,ASO,ES,Federal Contract Tower,15,0,0,0,15,0,0,8,2,10,15,0,8,2,25,16,0,16,41
02/02/2020,BQN,PR,ASO,ES,Federal Contract Tower,7,0,1,0,8,0,0,16,5,21,7,0,17,5,29,0,0,0,29
02/03/2020,BQN,PR,ASO,ES,Federal Contract Tower,14,8,1,0,23,0,0,23,10,33,14,8,24,10,56,32,18,50,106
02/04/2020,BQN,PR,ASO,ES,Federal Contract Tower,17,15,1,1,34,0,0,35,14,49,17,15,36,15,83,14,2,16,99
02/05/2020,BQN,PR,ASO,ES,Federal Contract Tower,15,14,1,0,30,0,0,39,10,49,15,14,40,10,79,36,42,78,157
02/06/2020,BQN,PR,ASO,ES,Federal Contract Tower,16,12,1,0,29,0,0,35,38,73,16,12,36,38,102,16,16,32,134
02/07/2020,BQN,PR,ASO,ES,Federal Contract Tower,19,10,4,0,33,0,0,20,8,28,19,10,24,8,61,14,0,14,75
02/08/2020,BQN,PR,ASO,ES,Federal Contract Tower,7,0,1,0,8,0,0,5,2,7,7,0,6,2,15,2,0,2,17
02/09/2020,BQN,PR,ASO,ES,Federal Contract Tower,7,0,1,0,8,0,0,6,6,12,7,0,7,6,20,0,0,0,20
02/10/2020,BQN,PR,ASO,ES,Federal Contract Tower,20,11,6,1,38,0,0,34,13,47,20,11,40,14,85,40,18,58,143
02/11/2020,BQN,PR,ASO,ES,Federal Contract Tower,13,14,0,0,27,0,0,34,16,50,13,14,34,16,77,18,6,24,101
02/12/2020,BQN,PR,ASO,ES,Federal Contract Tower,12,14,4,1,31,0,0,39,27,66,12,14,43,28,97,28,12,40,137
02/13/2020,BQN,PR,ASO,ES,Federal Contract Tower,17,9,3,0,29,0,0,0,0,0,17,9,3,0,29,48,10,58,87
02/14/2020,BQN,PR,ASO,ES,Federal Contract Tower,16,12,1,0,29,0,0,29,8,37,16,12,30,8,66,26,8,34,100
02/15/2020,BQN,PR,ASO,ES,Federal Contract Tower,4,0,4,0,8,0,0,20,5,25,4,0,24,5,33,2,0,2,35
02/16/2020,BQN,PR,ASO,ES,Federal Contract Tower,5,0,5,0,10,0,0,18,5,23,5,0,23,5,33,18,0,18,51
02/17/2020,BQN,PR,ASO,ES,Federal Contract Tower,6,13,3,0,22,0,0,58,8,66,6,13,61,8,88,48,0,48,136
02/18/2020,BQN,PR,ASO,ES,Federal Contract Tower,18,12,6,0,36,0,0,37,17,54,18,12,43,17,90,34,20,54,144
02/19/2020,BQN,PR,ASO,ES,Federal Contract Tower,29,12,3,1,45,0,0,35,15,50,29,12,38,16,95,32,6,38,133
02/20/2020,BQN,PR,ASO,ES,Federal Contract Tower,15,10,3,2,30,0,0,39,10,49,15,10,42,12,79,68,0,68,147
02/21/2020,BQN,PR,ASO,ES,Federal Contract Tower,17,12,7,0,36,0,0,32,7,39,17,12,39,7,75,36,0,36,111
02/22/2020,BQN,PR,ASO,ES,Federal Contract Tower,10,0,2,0,12,0,0,6,5,11,10,0,8,5,23,8,0,8,31
02/23/2020,BQN,PR,ASO,ES,Federal Contract Tower,4,0,0,0,4,0,0,2,2,4,4,0,2,2,8,0,0,0,8
02/24/2020,BQN,PR,ASO,ES,Federal Contract Tower,9,12,4,2,27,0,0,13,13,26,9,12,17,15,53,20,16,36,89
02/25/2020,BQN,PR,ASO,ES,Federal Contract Tower,17,10,3,0,30,2,0,0,12,14,19,10,3,12,44,12,0,12,56
02/26/2020,BQN,PR,ASO,ES,Federal Contract Tower,8,13,3,1,25,0,0,57,12,69,8,13,60,13,94,40,0,40,134
02/27/2020,BQN,PR,ASO,ES,Federal Contract Tower,12,10,4,0,26,0,0,48,13,61,12,10,52,13,87,68,0,68,155
02/28/2020,BQN,PR,ASO,ES,Federal Contract Tower,11,14,5,1,31,0,0,52,8,60,11,14,57,9,91,44,0,44,135
02/29/2020,BQN,PR,ASO,ES,Federal Contract Tower,14,0,0,0,14,0,0,4,13,17,14,0,4,13,31,12,20,32,63
03/01/2020,BQN,PR,ASO,ES,Federal Contract Tower,21,0,0,0,21,0,0,4,1,5,21,0,4,1,26,2,0,2,28
03/02/2020,BQN,PR,ASO,ES,Federal Contract Tower,10,10,9,1,30,0,0,25,12,37,10,10,34,13,67,26,56,82,149
03/03/2020,BQN,PR,ASO,ES,Federal Contract Tower,14,11,0,1,26,1,0,31,6,38,15,11,31,7,64,36,6,42,106
03/04/2020,BQN,PR,ASO,ES,Federal Contract Tower,7,16,2,3,28,0,0,59,16,75,7,16,61,19,103,74,8,82,185
03/05/2020,BQN,PR,ASO,ES,Federal Contract Tower,12,12,2,0,26,0,0,20,15,35,12,12,22,15,61,8,8,16,77
03/06/2020,BQN,PR,ASO,ES,Federal Contract Tower,11,12,2,4,29,1,0,19,11,31,12,12,21,15,60,22,0,22,82
03/07/2020,BQN,PR,ASO,ES,Federal Contract Tower,6,0,0,0,6,0,0,0,7,7,6,0,0,7,13,0,0,0,13
03/08/2020,BQN,PR,ASO,ES,Federal Contract Tower,5,0,0,2,7,0,0,2,1,3,5,0,2,3,10,0,0,0,10
03/09/2020,BQN,PR,ASO,ES,Federal Contract Tower,8,11,8,0,27,0,0,2,7,9,8,11,10,7,36,0,24,24,60
03/10/2020,BQN,PR,ASO,ES,Federal Contract Tower,17,12,9,0,38,0,0,48,21,69,17,12,57,21,107,24,0,24,131
03/11/2020,BQN,PR,ASO,ES,Federal Contract Tower,14,9,4,3,30,0,0,26,11,37,14,9,30,14,67,24,16,40,107
03/12/2020,BQN,PR,ASO,ES,Federal Contract Tower,12,10,5,0,27,0,0,27,9,36,12,10,32,9,63,46,0,46,109
03/13/2020,BQN,PR,ASO,ES,Federal Contract Tower,13,10,4,0,27,0,0,17,12,29,13,10,21,12,56,34,19,53,109
03/14/2020,BQN,PR,ASO,ES,Federal Contract Tower,5,0,0,2,7,0,0,2,3,5,5,0,2,5,12,0,4,4,16
03/15/2020,BQN,PR,ASO,ES,Federal Contract Tower,4,0,2,2,8,0,0,1,5,6,4,0,3,7,14,0,12,12,26
03/16/2020,BQN,PR,ASO,ES,Federal Contract Tower,11,7,3,1,22,0,0,13,1,14,11,7,16,2,36,4,0,4,40
03/17/2020,BQN,PR,ASO,ES,Federal Contract Tower,14,7,4,4,29,0,0,24,9,33,14,7,28,13,62,14,8,22,84
03/18/2020,BQN,PR,ASO,ES,Federal Contract Tower,13,8,2,1,24,0,0,12,6,18,13,8,14,7,42,0,4,4,46
03/19/2020,BQN,PR,ASO,ES,Federal Contract Tower,8,12,3,1,24,0,0,27,9,36,8,12,30,10,60,10,0,10,70
03/20/2020,BQN,PR,ASO,ES,Federal Contract Tower,20,7,2,0,29,0,0,12,7,19,20,7,14,7,48,12,16,28,76
03/21/2020,BQN,PR,ASO,ES,Federal Contract Tower,2,0,0,0,2,0,0,1,11,12,2,0,1,11,14,0,0,0,14
03/22/2020,BQN,PR,ASO,ES,Federal Contract Tower,2,0,3,1,6,0,0,4,7,11,2,0,7,8,17,0,34,34,51
03/23/2020,BQN,PR,ASO,ES,Federal Contract Tower,12,7,0,0,19,0,0,17,5,22,12,7,17,5,41,24,0,24,65
03/24/2020,BQN,PR,ASO,ES,Federal Contract Tower,11,7,2,0,20,0,0,18,14,32,11,7,20,14,52,24,34,58,110
03/25/2020,BQN,PR,ASO,ES,Federal Contract Tower,10,6,0,0,16,0,0,19,10,29,10,6,19,10,45,26,24,50,95
03/26/2020,BQN,PR,ASO,ES,Federal Contract Tower,12,6,1,0,19,0,0,20,9,29,12,6,21,9,48,8,22,30,78
03/27/2020,BQN,PR,ASO,ES,Federal Contract Tower,7,8,0,0,15,0,0,19,8,27,7,8,19,8,42,14,0,14,56
03/28/2020,BQN,PR,ASO,ES,Federal Contract Tower,1,0,2,1,4,0,0,1,2,3,1,0,3,3,7,0,24,24,31
03/29/2020,BQN,PR,ASO,ES,Federal Contract Tower,1,0,1,1,3,0,0,0,6,6,1,0,1,7,9,0,34,34,43
03/30/2020,BQN,PR,ASO,ES,Federal Contract Tower,8,8,1,1,18,0,0,17,10,27,8,8,18,11,45,10,36,46,91
03/31/2020,BQN,PR,ASO,ES,Federal Contract Tower,9,9,1,1,20,0,0,31,17,48,9,9,32,18,68,52,18,70,138
04/01/2020,BQN,PR,ASO,ES,Federal Contract Tower,7,7,2,0,16,0,0,16,15,31,7,7,18,15,47,40,24,64,111
04/02/2020,BQN,PR,ASO,ES,Federal Contract Tower,6,6,0,0,12,0,0,15,13,28,6,6,15,13,40,32,20,52,92
04/03/2020,BQN,PR,ASO,ES,Federal Contract Tower,13,8,0,0,21,0,0,17,11,28,13,8,17,11,49,38,10,48,97
04/04/2020,BQN,PR,ASO,ES,Federal Contract Tower,0,0,2,1,3,0,0,18,10,28,0,0,20,11,31,42,8,50,81
04/05/2020,BQN,PR,ASO,ES,Federal Contract Tower,1,0,0,0,1,0,0,2,9,11,1,0,2,9,12,0,50,50,62
04/06/2020,BQN,PR,ASO,ES,Federal Contract Tower,4,8,0,1,13,0,0,5,10,15,4,8,5,11,28,26,56,82,110
04/07/2020,BQN,PR,ASO,ES,Federal Contract Tower,7,12,3,0,22,0,0,12,17,29,7,12,15,17,51,0,34,34,85
04/08/2020,BQN,PR,ASO,ES,Federal Contract Tower,10,5,6,0,21,0,0,16,11,27,10,5,22,11,48,6,14,20,68
04/10/2020,BQN,PR,ASO,ES,Federal Contract Tower,0,0,0,0,0,0,0,23,13,36,0,0,23,13,36,6,2,8,44
04/11/2020,BQN,PR,ASO,ES,Federal Contract Tower,0,0,0,1,1,0,0,11,8,19,0,0,11,9,20,22,22,44,64
04/12/2020,BQN,PR,ASO,ES,Federal Contract Tower,0,0,0,0,0,0,0,1,10,11,0,0,1,10,11,0,0,0,11
04/13/2020,BQN,PR,ASO,ES,Federal Contract Tower,3,2,0,0,5,0,0,11,8,19,3,2,11,8,24,0,0,0,24
04/14/2020,BQN,PR,ASO,ES,Federal Contract Tower,9,10,0,1,20,0,0,38,15,53,9,10,38,16,73,42,32,74,147
04/15/2020,BQN,PR,ASO,ES,Federal Contract Tower,8,2,0,0,10,0,0,15,9,24,8,2,15,9,34,14,34,48,82
04/16/2020,BQN,PR,ASO,ES,Federal Contract Tower,6,10,0,0,16,0,0,26,9,35,6,10,26,9,51,48,4,52,103
04/17/2020,BQN,PR,ASO,ES,Federal Contract Tower,4,3,1,2,10,0,0,15,12,27,4,3,16,14,37,30,0,30,67
04/18/2020,BQN,PR,ASO,ES,Federal Contract Tower,0,0,0,0,0,0,0,29,8,37,0,0,29,8,37,6,0,6,43
04/19/2020,BQN,PR,ASO,ES,Federal Contract Tower,2,1,2,1,6,0,1,6,7,14,2,2,8,8,20,14,14,28,48
04/20/2020,BQN,PR,ASO,ES,Federal Contract Tower,7,7,0,1,15,0,0,17,4,21,7,7,17,5,36,28,18,46,82
04/21/2020,BQN,PR,ASO,ES,Federal Contract Tower,5,1,1,0,7,0,0,17,12,29,5,1,18,12,36,50,34,84,120
04/22/2020,BQN,PR,ASO,ES,Federal Contract Tower,7,9,2,0,18,0,0,30,10,40,7,9,32,10,58,30,38,68,126
04/23/2020,BQN,PR,ASO,ES,Federal Contract Tower,8,3,0,0,11,0,0,30,3,33,8,3,30,3,44,30,16,46,90
04/24/2020,BQN,PR,ASO,ES,Federal Contract Tower,8,6,2,2,18,0,0,41,8,49,8,6,43,10,67,32,8,40,107
04/25/2020,BQN,PR,ASO,ES,Federal Contract Tower,2,0,0,0,2,0,0,29,10,39,2,0,29,10,41,12,4,16,57
04/26/2020,BQN,PR,ASO,ES,Federal Contract Tower,0,0,0,0,0,0,0,12,4,16,0,0,12,4,16,10,10,20,36
04/27/2020,BQN,PR,ASO,ES,Federal Contract Tower,4,4,0,1,9,0,0,18,8,26,4,4,18,9,35,26,12,38,73
04/28/2020,BQN,PR,ASO,ES,Federal Contract Tower,11,4,0,1,16,0,0,45,19,64,11,4,45,20,80,42,18,60,140
04/29/2020,BQN,PR,ASO,ES,Federal Contract Tower,7,5,0,0,12,0,0,41,9,50,7,5,41,9,62,56,54,110,172
04/30/2020,BQN,PR,ASO,ES,Federal Contract Tower,6,8,2,0,16,0,0,45,29,74,6,8,47,29,90,62,6,68,158
05/01/2020,BQN,PR,ASO,ES,Federal Contract Tower,8,4,3,0,15,0,0,28,9,37,8,4,31,9,52,22,20,42,94
05/02/2020,BQN,PR,ASO,ES,Federal Contract Tower,2,0,0,0,2,0,0,25,9,34,2,0,25,9,36,18,48,66,102
05/03/2020,BQN,PR,ASO,ES,Federal Contract Tower,0,0,1,0,1,0,0,20,3,23,0,0,21,3,24,8,10,18,42
05/04/2020,BQN,PR,ASO,ES,Federal Contract Tower,5,8,2,1,16,0,0,32,10,42,5,8,34,11,58,42,34,76,134
05/05/2020,BQN,PR,ASO,ES,Federal Contract Tower,7,2,0,1,10,0,0,52,15,67,7,2,52,16,77,66,24,90,167
05/06/2020,BQN,PR,ASO,ES,Federal Contract Tower,9,8,0,0,17,0,0,44,10,54,9,8,44,10,71,70,22,92,163
05/07/2020,BQN,PR,ASO,ES,Federal Contract Tower,7,2,1,0,10,0,0,35,20,55,7,2,36,20,65,14,2,16,81
05/08/2020,BQN,PR,ASO,ES,Federal Contract Tower,6,8,3,0,17,0,0,25,24,49,6,8,28,24,66,14,2,16,82
05/09/2020,BQN,PR,ASO,ES,Federal Contract Tower,0,0,0,0,0,0,0,23,11,34,0,0,23,11,34,42,20,62,96
05/10/2020,BQN,PR,ASO,ES,Federal Contract Tower,0,0,0,0,0,0,0,5,4,9,0,0,5,4,9,8,26,34,43
05/11/2020,BQN,PR,ASO,ES,Federal Contract Tower,7,8,4,0,19,0,0,25,10,35,7,8,29,10,54,46,30,76,130
05/12/2020,BQN,PR,ASO,ES,Federal Contract Tower,4,5,0,1,10,0,0,37,11,48,4,5,37,12,58,22,32,54,112
05/13/2020,BQN,PR,ASO,ES,Federal Contract Tower,8,6,2,0,16,0,0,34,13,47,8,6,36,13,63,36,18,54,117
05/14/2020,BQN,PR,ASO,ES,Federal Contract Tower,7,2,2,2,13,0,0,56,24,80,7,2,58,26,93,20,0,20,113
05/15/2020,BQN,PR,ASO,ES,Federal Contract Tower,11,10,1,0,22,0,0,16,8,24,11,10,17,8,46,0,2,2,48
05/16/2020,BQN,PR,ASO,ES,Federal Contract Tower,0,0,0,0,0,0,0,6,9,15,0,0,6,9,15,6,12,18,33
05/17/2020,BQN,PR,ASO,ES,Federal Contract Tower,0,0,1,0,1,0,0,0,3,3,0,0,1,3,4,0,10,10,14
05/18/2020,BQN,PR,ASO,ES,Federal Contract Tower,11,6,0,0,17,0,0,37,12,49,11,6,37,12,66,22,32,54,120
05/19/2020,BQN,PR,ASO,ES,Federal Contract Tower,7,11,1,0,19,0,0,50,16,66,7,11,51,16,85,18,20,38,123
05/20/2020,BQN,PR,ASO,ES,Federal Contract Tower,13,9,2,0,24,0,0,49,14,63,13,9,51,14,87,18,10,28,115
05/21/2020,BQN,PR,ASO,ES,Federal Contract Tower,7,10,3,0,20,0,0,37,23,60,7,10,40,23,80,16,14,30,110
05/22/2020,BQN,PR,ASO,ES,Federal Contract Tower,10,13,6,0,29,0,0,37,14,51,10,13,43,14,80,22,26,48,128
05/23/2020,BQN,PR,ASO,ES,Federal Contract Tower,0,0,0,0,0,0,0,10,5,15,0,0,10,5,15,0,0,0,15
05/24/2020,BQN,PR,ASO,ES,Federal Contract Tower,0,0,0,0,0,0,0,0,3,3,0,0,0,3,3,0,22,22,25
05/25/2020,BQN,PR,ASO,ES,Federal Contract Tower,0,2,1,0,3,0,0,21,10,31,0,2,22,10,34,16,60,76,110
05/26/2020,BQN,PR,ASO,ES,Federal Contract Tower,10,9,3,1,23,0,0,16,11,27,10,9,19,12,50,18,24,42,92
05/27/2020,BQN,PR,ASO,ES,Federal Contract Tower,10,9,3,3,25,0,0,25,20,45,10,9,28,23,70,22,10,32,102
05/28/2020,BQN,PR,ASO,ES,Federal Contract Tower,6,7,3,0,16,0,0,54,23,77,6,7,57,23,93,14,14,28,121
05/29/2020,BQN,PR,ASO,ES,Federal Contract Tower,8,9,0,0,17,0,0,20,3,23,8,9,20,3,40,0,18,18,58
05/30/2020,BQN,PR,ASO,ES,Federal Contract Tower,0,0,0,0,0,0,0,3,7,10,0,0,3,7,10,2,0,2,12
05/31/2020,BQN,PR,ASO,ES,Federal Contract Tower,1,0,0,1,2,0,0,3,3,6,1,0,3,4,8,0,12,12,20
06/01/2020,BQN,PR,ASO,ES,Federal Contract Tower,4,2,2,0,8,0,0,14,9,23,4,2,16,9,31,24,24,48,79
06/02/2020,BQN,PR,ASO,ES,Federal Contract Tower,12,8,0,0,20,0,0,37,10,47,12,8,37,10,67,18,16,34,101
06/03/2020,BQN,PR,ASO,ES,Federal Contract Tower,10,10,4,0,24,0,0,46,29,75,10,10,50,29,99,66,0,66,165
06/04/2020,BQN,PR,ASO,ES,Federal Contract Tower,16,6,1,0,23,0,0,55,16,71,16,6,56,16,94,20,0,20,114
06/05/2020,BQN,PR,ASO,ES,Federal Contract Tower,9,8,1,0,18,0,0,31,7,38,9,8,32,7,56,0,8,8,64
06/06/2020,BQN,PR,ASO,ES,Federal Contract Tower,0,0,0,0,0,0,0,0,3,3,0,0,0,3,3,0,20,20,23
06/07/2020,BQN,PR,ASO,ES,Federal Contract Tower,0,0,2,0,2,0,0,0,7,7,0,0,2,7,9,0,26,26,35
06/08/2020,BQN,PR,ASO,ES,Federal Contract Tower,9,8,1,0,18,0,0,19,12,31,9,8,20,12,49,22,14,36,85
06/09/2020,BQN,PR,ASO,ES,Federal Contract Tower,8,6,0,0,14,0,0,28,14,42,8,6,28,14,56,24,22,46,102
06/10/2020,BQN,PR,ASO,ES,Federal Contract Tower,14,6,0,2,22,0,0,37,18,55,14,6,37,20,77,46,18,64,141
06/11/2020,BQN,PR,ASO,ES,Federal Contract Tower,5,4,2,0,11,0,0,57,29,86,5,4,59,29,97,32,16,48,145
06/12/2020,BQN,PR,ASO,ES,Federal Contract Tower,7,10,3,1,21,0,0,34,16,50,7,10,37,17,71,4,6,10,81
06/13/2020,BQN,PR,ASO,ES,Federal Contract Tower,0,0,0,0,0,0,0,24,6,30,0,0,24,6,30,12,0,12,42
06/14/2020,BQN,PR,ASO,ES,Federal Contract Tower,0,0,4,0,4,0,0,11,3,14,0,0,15,3,18,30,10,40,58
06/15/2020,BQN,PR,ASO,ES,Federal Contract Tower,5,10,2,2,19,0,0,13,11,24,5,10,15,13,43,24,16,40,83
06/16/2020,BQN,PR,ASO,ES,Federal Contract Tower,5,5,0,1,11,0,0,16,22,38,5,5,16,23,49,22,12,34,83
06/17/2020,BQN,PR,ASO,ES,Federal Contract Tower,13,9,0,0,22,0,0,27,17,44,13,9,27,17,66,78,26,104,170
06/18/2020,BQN,PR,ASO,ES,Federal Contract Tower,10,9,6,2,27,0,0,32,21,53,10,9,38,23,80,10,16,26,106
06/19/2020,BQN,PR,ASO,ES,Federal Contract Tower,9,11,2,1,23,0,0,27,8,35,9,11,29,9,58,34,0,34,92
06/20/2020,BQN,PR,ASO,ES,Federal Contract Tower,1,0,3,0,4,0,0,21,8,29,1,0,24,8,33,28,10,38,71
06/21/2020,BQN,PR,ASO,ES,Federal Contract Tower,1,0,2,0,3,0,0,16,1,17,1,0,18,1,20,10,0,10,30
06/22/2020,BQN,PR,ASO,ES,Federal Contract Tower,6,13,2,0,21,0,0,27,7,34,6,13,29,7,55,24,16,40,95
06/23/2020,BQN,PR,ASO,ES,Federal Contract Tower,8,4,1,2,15,0,0,5,3,8,8,4,6,5,23,0,0,0,23
06/24/2020,BQN,PR,ASO,ES,Federal Contract Tower,13,9,6,0,28,0,0,16,13,29,13,9,22,13,57,22,16,38,95
06/25/2020,BQN,PR,ASO,ES,Federal Contract Tower,8,8,0,0,16,0,0,21,9,30,8,8,21,9,46,4,4,8,54
06/26/2020,BQN,PR,ASO,ES,Federal Contract Tower,8,9,2,0,19,0,0,24,13,37,8,9,26,13,56,24,6,30,86
06/27/2020,BQN,PR,ASO,ES,Federal Contract Tower,2,0,1,0,3,0,0,10,2,12,2,0,11,2,15,24,0,24,39
06/28/2020,BQN,PR,ASO,ES,Federal Contract Tower,4,0,0,0,4,0,0,3,0,3,4,0,3,0,7,0,0,0,7
06/29/2020,BQN,PR,ASO,ES,Federal Contract Tower,8,8,2,0,18,0,0,27,9,36,8,8,29,9,54,38,24,62,116
06/30/2020,BQN,PR,ASO,ES,Federal Contract Tower,10,3,0,1,14,0,0,30,9,39,10,3,30,10,53,32,14,46,99
07/01/2020,BQN,PR,ASO,ES,Federal Contract Tower,9,4,5,0,18,0,0,32,14,46,9,4,37,14,64,26,18,44,108
07/02/2020,BQN,PR,ASO,ES,Federal Contract Tower,5,8,1,0,14,0,0,31,14,45,5,8,32,14,59,38,0,38,97
07/03/2020,BQN,PR,ASO,ES,Federal Contract Tower,12,8,4,0,24,0,0,31,4,35,12,8,35,4,59,24,0,24,83
07/04/2020,BQN,PR,ASO,ES,Federal Contract Tower,0,0,2,0,2,0,0,28,7,35,0,0,30,7,37,10,0,10,47
07/05/2020,BQN,PR,ASO,ES,Federal Contract Tower,2,0,0,0,2,0,0,14,1,15,2,0,14,1,17,36,6,42,59
07/06/2020,BQN,PR,ASO,ES,Federal Contract Tower,6,9,0,2,17,0,0,25,10,35,6,9,25,12,52,34,22,56,108
07/07/2020,BQN,PR,ASO,ES,Federal Contract Tower,13,3,3,1,20,0,0,24,11,35,13,3,27,12,55,8,40,48,103
07/08/2020,BQN,PR,ASO,ES,Federal Contract Tower,11,4,4,1,20,0,0,23,13,36,11,4,27,14,56,8,36,44,100
07/09/2020,BQN,PR,ASO,ES,Federal Contract Tower,9,6,4,0,19,0,0,28,10,38,9,6,32,10,57,32,12,44,101
07/10/2020,BQN,PR,ASO,ES,Federal Contract Tower,7,8,0,0,15,0,0,29,6,35,7,8,29,6,50,46,12,58,108
07/11/2020,BQN,PR,ASO,ES,Federal Contract Tower,0,0,2,0,2,0,0,37,3,40,0,0,39,3,42,68,0,68,110
07/13/2020,BQN,PR,ASO,ES,Federal Contract Tower,8,8,2,0,18,0,0,21,11,32,8,8,23,11,50,24,30,54,104
07/14/2020,BQN,PR,ASO,ES,Federal Contract Tower,9,2,0,0,11,0,0,35,17,52,9,2,35,17,63,24,26,50,113
07/15/2020,BQN,PR,ASO,ES,Federal Contract Tower,9,6,2,0,17,0,0,40,18,58,9,6,42,18,75,28,22,50,125
07/16/2020,BQN,PR,ASO,ES,Federal Contract Tower,8,6,1,1,16,0,2,22,6,30,8,8,23,7,46,20,38,58,104
07/17/2020,BQN,PR,ASO,ES,Federal Contract Tower,8,10,5,0,23,0,0,33,12,45,8,10,38,12,68,28,50,78,146
07/18/2020,BQN,PR,ASO,ES,Federal Contract Tower,0,0,0,0,0,0,0,27,4,31,0,0,27,4,31,66,0,66,97
07/19/2020,BQN,PR,ASO,ES,Federal Contract Tower,5,1,1,1,8,0,0,14,4,18,5,1,15,5,26,92,0,92,118
07/20/2020,BQN,PR,ASO,ES,Federal Contract Tower,7,6,1,3,17,2,2,24,16,44,9,8,25,19,61,14,18,32,93
07/21/2020,BQN,PR,ASO,ES,Federal Contract Tower,10,2,2,0,14,0,0,37,5,42,10,2,39,5,56,52,24,76,132
07/22/2020,BQN,PR,ASO,ES,Federal Contract Tower,11,4,1,1,17,0,0,36,14,50,11,4,37,15,67,34,36,70,137
07/23/2020,BQN,PR,ASO,ES,Federal Contract Tower,7,5,4,1,17,0,1,35,8,44,7,6,39,9,61,38,0,38,99
07/24/2020,BQN,PR,ASO,ES,Federal Contract Tower,8,9,2,0,19,0,0,24,10,34,8,9,26,10,53,0,0,0,53
07/25/2020,BQN,PR,ASO,ES,Federal Contract Tower,0,0,0,1,1,0,0,20,5,25,0,0,20,6,26,36,0,36,62
07/26/2020,BQN,PR,ASO,ES,Federal Contract Tower,2,0,3,0,5,0,0,11,3,14,2,0,14,3,19,34,0,34,53
07/27/2020,BQN,PR,ASO,ES,Federal Contract Tower,7,7,5,0,19,0,0,20,6,26,7,7,25,6,45,36,12,48,93
07/28/2020,BQN,PR,ASO,ES,Federal Contract Tower,12,5,2,0,19,0,0,44,15,59,12,5,46,15,78,64,18,82,160
07/29/2020,BQN,PR,ASO,ES,Federal Contract Tower,7,2,1,0,10,0,0,19,8,27,7,2,20,8,37,0,0,0,37
07/30/2020,BQN,PR,ASO,ES,Federal Contract Tower,9,6,0,0,15,0,0,0,4,4,9,6,0,4,19,0,0,0,19
07/31/2020,BQN,PR,ASO,ES,Federal Contract Tower,12,9,2,0,23,0,0,34,17,51,12,9,36,17,74,28,0,28,102
08/01/2020,BQN,PR,ASO,ES,Federal Contract Tower,0,0,0,0,0,0,0,25,10,35,0,0,25,10,35,16,36,52,87
08/02/2020,BQN,PR,ASO,ES,Federal Contract Tower,1,0,2,0,3,0,0,14,2,16,1,0,16,2,19,20,0,20,39
08/03/2020,BQN,PR,ASO,ES,Federal Contract Tower,5,7,3,0,15,0,0,28,11,39,5,7,31,11,54,30,8,38,92
08/04/2020,BQN,PR,ASO,ES,Federal Contract Tower,14,8,7,1,30,0,0,33,4,37,14,8,40,5,67,56,10,66,133
08/05/2020,BQN,PR,ASO,ES,Federal Contract Tower,12,11,5,0,28,0,0,25,19,44,12,11,30,19,72,66,62,128,200
08/06/2020,BQN,PR,ASO,ES,Federal Contract Tower,11,15,0,0,26,0,0,27,18,45,11,15,27,18,71,26,0,26,97
08/07/2020,BQN,PR,ASO,ES,Federal Contract Tower,9,17,2,2,30,0,0,17,5,22,9,17,19,7,52,18,0,18,70
08/08/2020,BQN,PR,ASO,ES,Federal Contract Tower,0,0,3,0,3,0,0,34,7,41,0,0,37,7,44,82,20,102,146
08/10/2020,BQN,PR,ASO,ES,Federal Contract Tower,11,6,6,0,23,0,0,30,13,43,11,6,36,13,66,56,12,68,134
08/11/2020,BQN,PR,ASO,ES,Federal Contract Tower,14,6,2,1,23,0,0,29,17,46,14,6,31,18,69,46,0,46,115
08/12/2020,BQN,PR,ASO,ES,Federal Contract Tower,12,6,4,1,23,0,0,28,14,42,12,6,32,15,65,64,24,88,153
08/13/2020,BQN,PR,ASO,ES,Federal Contract Tower,9,11,3,2,25,0,0,50,16,66,9,11,53,18,91,20,4,24,115
08/14/2020,BQN,PR,ASO,ES,Federal Contract Tower,10,11,3,0,24,0,0,12,5,17,10,11,15,5,41,6,0,6,47
08/16/2020,BQN,PR,ASO,ES,Federal Contract Tower,3,0,0,0,3,0,0,7,2,9,3,0,7,2,12,0,0,0,12
08/17/2020,BQN,PR,ASO,ES,Federal Contract Tower,7,10,2,0,19,0,0,29,9,38,7,10,31,9,57,76,12,88,145
08/18/2020,BQN,PR,ASO,ES,Federal Contract Tower,12,8,4,0,24,0,0,42,19,61,12,8,46,19,85,28,24,52,137
08/19/2020,BQN,PR,ASO,ES,Federal Contract Tower,16,6,3,0,25,0,0,49,18,67,16,6,52,18,92,42,30,72,164
08/20/2020,BQN,PR,ASO,ES,Federal Contract Tower,12,9,2,0,23,0,0,28,10,38,12,9,30,10,61,32,20,52,113
08/21/2020,BQN,PR,ASO,ES,Federal Contract Tower,10,15,6,2,33,0,0,20,11,31,10,15,26,13,64,18,18,36,100
08/22/2020,BQN,PR,ASO,ES,Federal Contract Tower,0,0,0,0,0,0,0,0,2,2,0,0,0,2,2,0,10,10,12
08/23/2020,BQN,PR,ASO,ES,Federal Contract Tower,3,1,6,0,10,0,0,8,0,8,3,1,14,0,18,6,0,6,24
08/24/2020,BQN,PR,ASO,ES,Federal Contract Tower,8,11,2,0,21,0,0,26,13,39,8,11,28,13,60,36,16,52,112
08/25/2020,BQN,PR,ASO,ES,Federal Contract Tower,13,5,1,0,19,0,0,28,17,45,13,5,29,17,64,38,32,70,134
08/26/2020,BQN,PR,ASO,ES,Federal Contract Tower,10,6,1,0,17,0,0,33,11,44,10,6,34,11,61,42,36,78,139
08/27/2020,BQN,PR,ASO,ES,Federal Contract Tower,14,9,2,0,25,0,0,37,15,52,14,9,39,15,77,56,0,56,133
08/28/2020,BQN,PR,ASO,ES,Federal Contract Tower,12,14,3,0,29,0,0,42,10,52,12,14,45,10,81,36,14,50,131
08/29/2020,BQN,PR,ASO,ES,Federal Contract Tower,0,0,1,0,1,0,0,70,3,73,0,0,71,3,74,28,0,28,102
08/30/2020,BQN,PR,ASO,ES,Federal Contract Tower,2,0,3,1,6,0,0,15,3,18,2,0,18,4,24,14,8,22,46
08/31/2020,BQN,PR,ASO,ES,Federal Contract Tower,8,10,1,1,20,0,0,21,13,34,8,10,22,14,54,26,32,58,112
09/01/2020,BQN,PR,ASO,ES,Federal Contract Tower,12,9,4,0,25,0,0,32,16,48,12,9,36,16,73,20,4,24,97
09/02/2020,BQN,PR,ASO,ES,Federal Contract Tower,9,8,3,1,21,0,0,44,9,53,9,8,47,10,74,30,30,60,134
09/03/2020,BQN,PR,ASO,ES,Federal Contract Tower,11,10,2,0,23,0,0,48,30,78,11,10,50,30,101,28,8,36,137
09/04/2020,BQN,PR,ASO,ES,Federal Contract Tower,12,8,3,0,23,0,1,23,4,28,12,9,26,4,51,30,0,30,81
09/05/2020,BQN,PR,ASO,ES,Federal Contract Tower,0,0,0,0,0,0,0,36,4,40,0,0,36,4,40,74,2,76,116
09/06/2020,BQN,PR,ASO,ES,Federal Contract Tower,2,0,0,1,3,0,0,21,5,26,2,0,21,6,29,32,0,32,61
09/07/2020,BQN,PR,ASO,ES,Federal Contract Tower,2,0,2,0,4,0,1,24,12,37,2,1,26,12,41,0,0,0,41
09/08/2020,BQN,PR,ASO,ES,Federal Contract Tower,12,8,0,0,20,0,0,27,12,39,12,8,27,12,59,14,0,14,73
09/09/2020,BQN,PR,ASO,ES,Federal Contract Tower,12,6,1,3,22,0,0,36,23,59,12,6,37,26,81,60,0,60,141
09/10/2020,BQN,PR,ASO,ES,Federal Contract Tower,8,11,2,2,23,0,0,35,24,59,8,11,37,26,82,34,6,40,122
09/11/2020,BQN,PR,ASO,ES,Federal Contract Tower,13,10,1,1,25,0,0,33,5,38,13,10,34,6,63,38,18,56,119
09/12/2020,BQN,PR,ASO,ES,Federal Contract Tower,0,0,5,0,5,0,0,59,2,61,0,0,64,2,66,76,0,76,142
09/13/2020,BQN,PR,ASO,ES,Federal Contract Tower,2,0,0,0,2,0,0,12,4,16,2,0,12,4,18,4,0,4,22
09/14/2020,BQN,PR,ASO,ES,Federal Contract Tower,11,8,0,3,22,0,0,22,16,38,11,8,22,19,60,34,28,62,122
09/15/2020,BQN,PR,ASO,ES,Federal Contract Tower,18,11,3,0,32,0,0,42,18,60,18,11,45,18,92,36,0,36,128
09/16/2020,BQN,PR,ASO,ES,Federal Contract Tower,10,9,4,3,26,0,0,55,6,61,10,9,59,9,87,102,12,114,201
09/17/2020,BQN,PR,ASO,ES,Federal Contract Tower,13,10,2,0,25,0,0,62,23,85,13,10,64,23,110,38,18,56,166
09/18/2020,BQN,PR,ASO,ES,Federal Contract Tower,12,8,4,0,24,0,0,42,25,67,12,8,46,25,91,30,0,30,121
09/19/2020,BQN,PR,ASO,ES,Federal Contract Tower,0,0,1,0,1,0,0,41,10,51,0,0,42,10,52,54,0,54,106
09/20/2020,BQN,PR,ASO,ES,Federal Contract Tower,4,0,1,0,5,0,0,20,1,21,4,0,21,1,26,2,0,2,28
09/21/2020,BQN,PR,ASO,ES,Federal Contract Tower,4,11,0,0,15,0,0,28,13,41,4,11,28,13,56,32,40,72,128
09/22/2020,BQN,PR,ASO,ES,Federal Contract Tower,18,6,4,2,30,0,0,35,15,50,18,6,39,17,80,24,16,40,120
09/23/2020,BQN,PR,ASO,ES,Federal Contract Tower,9,7,7,0,23,0,0,36,14,50,9,7,43,14,73,44,0,44,117
09/24/2020,BQN,PR,ASO,ES,Federal Contract Tower,10,8,2,0,20,0,0,46,21,67,10,8,48,21,87,8,0,8,95
09/25/2020,BQN,PR,ASO,ES,Federal Contract Tower,11,8,0,0,19,0,0,20,8,28,11,8,20,8,47,34,0,34,81
09/26/2020,BQN,PR,ASO,ES,Federal Contract Tower,2,0,2,0,4,0,0,18,5,23,2,0,20,5,27,56,6,62,89
09/27/2020,BQN,PR,ASO,ES,Federal Contract Tower,1,0,2,0,3,0,0,1,2,3,1,0,3,2,6,0,0,0,6
09/28/2020,BQN,PR,ASO,ES,Federal Contract Tower,10,8,3,1,22,0,0,24,9,33,10,8,27,10,55,38,20,58,113
09/29/2020,BQN,PR,ASO,ES,Federal Contract Tower,15,7,0,1,23,0,0,23,12,35,15,7,23,13,58,46,4,50,108
09/30/2020,BQN,PR,ASO,ES,Federal Contract Tower,9,6,0,1,16,0,0,20,7,27,9,6,20,8,43,94,0,94,137
10/01/2020,BQN,PR,ASO,ES,Federal Contract Tower,14,10,1,0,25,0,0,44,17,61,14,10,45,17,86,56,132,188,274
10/02/2020,BQN,PR,ASO,ES,Federal Contract Tower,10,8,4,0,22,0,0,35,10,45,10,8,39,10,67,22,0,22,89
10/03/2020,BQN,PR,ASO,ES,Federal Contract Tower,0,0,1,0,1,0,0,43,5,48,0,0,44,5,49,24,8,32,81
10/04/2020,BQN,PR,ASO,ES,Federal Contract Tower,2,2,2,1,7,0,1,3,1,5,2,3,5,2,12,14,0,14,26
10/05/2020,BQN,PR,ASO,ES,Federal Contract Tower,3,11,3,1,18,0,0,35,14,49,3,11,38,15,67,60,26,86,153
10/06/2020,BQN,PR,ASO,ES,Federal Contract Tower,17,5,0,1,23,0,0,24,13,37,17,5,24,14,60,38,24,62,122
10/07/2020,BQN,PR,ASO,ES,Federal Contract Tower,13,6,2,1,22,0,0,34,9,43,13,6,36,10,65,74,40,114,179
10/08/2020,BQN,PR,ASO,ES,Federal Contract Tower,14,11,3,0,28,0,0,31,15,46,14,11,34,15,74,74,48,122,196
10/09/2020,BQN,PR,ASO,ES,Federal Contract Tower,12,10,2,1,25,0,0,30,4,34,12,10,32,5,59,36,10,46,105
10/10/2020,BQN,PR,ASO,ES,Federal Contract Tower,0,0,1,0,1,0,0,11,6,17,0,0,12,6,18,2,0,2,20
10/11/2020,BQN,PR,ASO,ES,Federal Contract Tower,2,0,0,0,2,0,0,0,2,2,2,0,0,2,4,0,0,0,4
10/12/2020,BQN,PR,ASO,ES,Federal Contract Tower,7,9,0,0,16,0,0,18,10,28,7,9,18,10,44,24,20,44,88
10/13/2020,BQN,PR,ASO,ES,Federal Contract Tower,16,8,2,1,27,0,0,55,8,63,16,8,57,9,90,38,2,40,130
10/14/2020,BQN,PR,ASO,ES,Federal Contract Tower,11,9,0,2,22,0,0,30,24,54,11,9,30,26,76,24,40,64,140
10/15/2020,BQN,PR,ASO,ES,Federal Contract Tower,11,10,2,0,23,0,0,54,17,71,11,10,56,17,94,54,0,54,148
10/16/2020,BQN,PR,ASO,ES,Federal Contract Tower,11,12,0,0,23,0,0,57,18,75,11,12,57,18,98,34,0,34,132
10/17/2020,BQN,PR,ASO,ES,Federal Contract Tower,0,0,1,0,1,0,0,35,4,39,0,0,36,4,40,46,0,46,86
10/18/2020,BQN,PR,ASO,ES,Federal Contract Tower,2,0,0,0,2,0,0,14,2,16,2,0,14,2,18,4,0,4,22
10/19/2020,BQN,PR,ASO,ES,Federal Contract Tower,8,9,3,0,20,0,0,46,13,59,8,9,49,13,79,102,14,116,195
10/20/2020,BQN,PR,ASO,ES,Federal Contract Tower,13,9,8,0,30,0,0,62,18,80,13,9,70,18,110,62,28,90,200
10/21/2020,BQN,PR,ASO,ES,Federal Contract Tower,14,5,2,1,22,0,0,56,16,72,14,5,58,17,94,78,18,96,190
10/22/2020,BQN,PR,ASO,ES,Federal Contract Tower,12,10,2,0,24,0,0,53,17,70,12,10,55,17,94,76,30,106,200
10/23/2020,BQN,PR,ASO,ES,Federal Contract Tower,13,11,4,0,28,0,0,30,4,34,13,11,34,4,62,22,0,22,84
10/24/2020,BQN,PR,ASO,ES,Federal Contract Tower,0,0,1,0,1,0,0,0,0,0,0,0,1,0,1,32,8,40,41
10/25/2020,BQN,PR,ASO,ES,Federal Contract Tower,5,0,2,0,7,0,0,9,3,12,5,0,11,3,19,4,0,4,23
10/26/2020,BQN,PR,ASO,ES,Federal Contract Tower,11,9,3,2,25,0,0,28,11,39,11,9,31,13,64,44,28,72,136
10/27/2020,BQN,PR,ASO,ES,Federal Contract Tower,14,5,1,1,21,0,0,30,12,42,14,5,31,13,63,58,16,74,137
10/28/2020,BQN,PR,ASO,ES,Federal Contract Tower,11,6,5,1,23,0,0,52,14,66,11,6,57,15,89,72,20,92,181
10/29/2020,BQN,PR,ASO,ES,Federal Contract Tower,14,11,1,0,26,0,0,51,16,67,14,11,52,16,93,72,0,72,165
10/30/2020,BQN,PR,ASO,ES,Federal Contract Tower,11,10,10,0,31,0,0,30,8,38,11,10,40,8,69,28,22,50,119
10/31/2020,BQN,PR,ASO,ES,Federal Contract Tower,0,0,0,0,0,0,0,33,2,35,0,0,33,2,35,42,18,60,95
11/01/2020,BQN,PR,ASO,ES,Federal Contract Tower,2,0,2,0,4,0,0,17,4,21,2,0,19,4,25,0,0,0,25
11/02/2020,BQN,PR,ASO,ES,Federal Contract Tower,4,10,1,1,16,0,0,34,11,45,4,10,35,12,61,60,28,88,149
11/03/2020,BQN,PR,ASO,ES,Federal Contract Tower,8,6,0,1,15,0,0,0,0,0,8,6,0,1,15,52,12,64,79
11/04/2020,BQN,PR,ASO,ES,Federal Contract Tower,11,8,3,3,25,0,0,54,5,59,11,8,57,8,84,50,52,102,186
11/05/2020,BQN,PR,ASO,ES,Federal Contract Tower,12,10,6,1,29,0,0,43,19,62,12,10,49,20,91,52,0,52,143
11/06/2020,BQN,PR,ASO,ES,Federal Contract Tower,17,9,6,0,32,0,0,26,4,30,17,9,32,4,62,18,0,18,80
11/07/2020,BQN,PR,ASO,ES,Federal Contract Tower,0,0,3,0,3,0,0,46,4,50,0,0,49,4,53,88,0,88,141
11/08/2020,BQN,PR,ASO,ES,Federal Contract Tower,2,2,2,0,6,0,0,17,5,22,2,2,19,5,28,16,0,16,44
11/09/2020,BQN,PR,ASO,ES,Federal Contract Tower,3,10,4,1,18,0,0,25,14,39,3,10,29,15,57,62,26,88,145
11/10/2020,BQN,PR,ASO,ES,Federal Contract Tower,8,15,4,0,27,0,0,12,9,21,8,15,16,9,48,18,28,46,94
11/11/2020,BQN,PR,ASO,ES,Federal Contract Tower,7,8,5,0,20,0,0,32,8,40,7,8,37,8,60,66,16,82,142
11/12/2020,BQN,PR,ASO,ES,Federal Contract Tower,8,13,1,2,24,0,0,33,4,37,8,13,34,6,61,64,4,68,129
11/13/2020,BQN,PR,ASO,ES,Federal Contract Tower,11,9,4,1,25,0,0,33,2,35,11,9,37,3,60,60,0,60,120
11/14/2020,BQN,PR,ASO,ES,Federal Contract Tower,2,2,1,0,5,0,0,29,1,30,2,2,30,1,35,72,0,72,107
11/15/2020,BQN,PR,ASO,ES,Federal Contract Tower,3,0,1,1,5,0,0,9,2,11,3,0,10,3,16,0,0,0,16
11/16/2020,BQN,PR,ASO,ES,Federal Contract Tower,10,8,9,1,28,0,0,28,2,30,10,8,37,3,58,30,0,30,88
11/17/2020,BQN,PR,ASO,ES,Federal Contract Tower,12,9,7,1,29,0,0,42,2,44,12,9,49,3,73,60,0,60,133
11/18/2020,BQN,PR,ASO,ES,Federal Contract Tower,8,8,3,0,19,0,0,36,24,60,8,8,39,24,79,66,2,68,147
11/19/2020,BQN,PR,ASO,ES,Federal Contract Tower,11,8,3,0,22,0,0,54,19,73,11,8,57,19,95,110,22,132,227
11/20/2020,BQN,PR,ASO,ES,Federal Contract Tower,14,13,9,1,37,0,0,26,14,40,14,13,35,15,77,56,8,64,141
11/21/2020,BQN,PR,ASO,ES,Federal Contract Tower,4,2,9,0,15,0,0,37,6,43,4,2,46,6,58,34,0,34,92
11/22/2020,BQN,PR,ASO,ES,Federal Contract Tower,2,0,0,0,2,0,0,20,2,22,2,0,20,2,24,10,0,10,34
11/23/2020,BQN,PR,ASO,ES,Federal Contract Tower,9,8,2,2,21,0,0,23,1,24,9,8,25,3,45,52,6,58,103
11/24/2020,BQN,PR,ASO,ES,Federal Contract Tower,14,6,11,0,31,0,0,51,14,65,14,6,62,14,96,64,10,74,170
11/25/2020,BQN,PR,ASO,ES,Federal Contract Tower,7,10,8,1,26,0,0,64,16,80,7,10,72,17,106,88,50,138,244
11/26/2020,BQN,PR,ASO,ES,Federal Contract Tower,2,0,1,0,3,0,0,6,5,11,2,0,7,5,14,0,0,0,14
11/27/2020,BQN,PR,ASO,ES,Federal Contract Tower,14,8,1,0,23,0,0,25,6,31,14,8,26,6,54,54,0,54,108
11/28/2020,BQN,PR,ASO,ES,Federal Contract Tower,3,0,2,1,6,0,0,31,7,38,3,0,33,8,44,34,0,34,78
11/29/2020,BQN,PR,ASO,ES,Federal Contract Tower,3,0,8,0,11,0,0,25,3,28,3,0,33,3,39,0,10,10,49
11/30/2020,BQN,PR,ASO,ES,Federal Contract Tower,6,8,10,1,25,0,0,26,9,35,6,8,36,10,60,68,28,96,156
12/01/2020,BQN,PR,ASO,ES,Federal Contract Tower,13,13,2,1,29,0,0,41,10,51,13,13,43,11,80,88,2,90,170
12/02/2020,BQN,PR,ASO,ES,Federal Contract Tower,11,10,5,1,27,0,0,59,18,77,11,10,64,19,104,96,0,96,200
12/03/2020,BQN,PR,ASO,ES,Federal Contract Tower,12,12,4,1,29,0,0,67,22,89,12,12,71,23,118,76,0,76,194
12/04/2020,BQN,PR,ASO,ES,Federal Contract Tower,10,8,0,0,18,0,0,29,4,33,10,8,29,4,51,46,2,48,99
12/05/2020,BQN,PR,ASO,ES,Federal Contract Tower,2,3,6,0,11,0,0,28,7,35,2,3,34,7,46,22,0,22,68
12/06/2020,BQN,PR,ASO,ES,Federal Contract Tower,4,0,3,0,7,0,0,18,4,22,4,0,21,4,29,14,0,14,43
12/07/2020,BQN,PR,ASO,ES,Federal Contract Tower,5,11,4,0,20,0,0,35,8,43,5,11,39,8,63,66,46,112,175
12/08/2020,BQN,PR,ASO,ES,Federal Contract Tower,16,10,6,1,33,0,0,64,13,77,16,10,70,14,110,72,0,72,182
12/09/2020,BQN,PR,ASO,ES,Federal Contract Tower,11,7,2,0,20,0,0,40,9,49,11,7,42,9,69,92,40,132,201
12/10/2020,BQN,PR,ASO,ES,Federal Contract Tower,10,17,0,1,28,0,0,49,29,78,10,17,49,30,106,60,10,70,176
12/11/2020,BQN,PR,ASO,ES,Federal Contract Tower,11,11,2,0,24,0,0,25,7,32,11,11,27,7,56,20,20,40,96
12/12/2020,BQN,PR,ASO,ES,Federal Contract Tower,4,0,2,0,6,0,0,53,7,60,4,0,55,7,66,12,0,12,78
12/13/2020,BQN,PR,ASO,ES,Federal Contract Tower,4,1,1,0,6,0,0,18,2,20,4,1,19,2,26,16,0,16,42
12/14/2020,BQN,PR,ASO,ES,Federal Contract Tower,9,12,1,1,23,0,0,33,12,45,9,12,34,13,68,52,42,94,162
12/15/2020,BQN,PR,ASO,ES,Federal Contract Tower,13,15,6,0,34,0,0,59,20,79,13,15,65,20,113,48,0,48,161
12/16/2020,BQN,PR,ASO,ES,Federal Contract Tower,11,13,2,2,28,0,0,42,19,61,11,13,44,21,89,56,24,80,169
12/17/2020,BQN,PR,ASO,ES,Federal Contract Tower,12,13,6,0,31,0,0,50,23,73,12,13,56,23,104,62,0,62,166
12/18/2020,BQN,PR,ASO,ES,Federal Contract Tower,15,9,11,0,35,0,0,33,2,35,15,9,44,2,70,36,0,36,106
12/19/2020,BQN,PR,ASO,ES,Federal Contract Tower,3,0,7,0,10,0,0,41,5,46,3,0,48,5,56,62,0,62,118
12/20/2020,BQN,PR,ASO,ES,Federal Contract Tower,2,0,3,0,5,0,0,3,2,5,2,0,6,2,10,2,0,2,12
12/21/2020,BQN,PR,ASO,ES,Federal Contract Tower,6,10,7,0,23,0,0,35,9,44,6,10,42,9,67,64,28,92,159
12/22/2020,BQN,PR,ASO,ES,Federal Contract Tower,13,15,5,0,33,0,0,61,21,82,13,15,66,21,115,74,0,74,189
12/23/2020,BQN,PR,ASO,ES,Federal Contract Tower,7,11,0,0,18,0,0,55,5,60,7,11,55,5,78,44,8,52,130
12/24/2020,BQN,PR,ASO,ES,Federal Contract Tower,11,7,2,1,21,0,0,26,1,27,11,7,28,2,48,0,0,0,48
12/25/2020,BQN,PR,ASO,ES,Federal Contract Tower,0,0,3,0,3,0,0,20,5,25,0,0,23,5,28,0,0,0,28
12/26/2020,BQN,PR,ASO,ES,Federal Contract Tower,0,0,7,0,7,0,0,20,7,27,0,0,27,7,34,38,18,56,90
12/27/2020,BQN,PR,ASO,ES,Federal Contract Tower,3,0,0,0,3,0,0,12,7,19,3,0,12,7,22,16,4,20,42
12/28/2020,BQN,PR,ASO,ES,Federal Contract Tower,7,12,6,1,26,0,0,43,8,51,7,12,49,9,77,52,12,64,141
12/29/2020,BQN,PR,ASO,ES,Federal Contract Tower,12,9,2,0,23,0,0,34,10,44,12,9,36,10,67,6,18,24,91
12/30/2020,BQN,PR,ASO,ES,Federal Contract Tower,8,12,2,0,22,0,0,44,22,66,8,12,46,22,88,36,4,40,128
12/31/2020,BQN,PR,ASO,ES,Federal Contract Tower,9,13,1,0,23,0,0,14,5,19,9,13,15,5,42,0,0,0,42
01/01/2021,BQN,PR,ASO,ES,Federal Contract Tower,0,0,0,0,0,0,0,12,2,14,0,0,12,2,14,0,0,0,14
01/02/2021,BQN,PR,ASO,ES,Federal Contract Tower,0,1,3,0,4,0,0,2,7,9,0,1,5,7,13,0,38,38,51
01/03/2021,BQN,PR,ASO,ES,Federal Contract Tower,3,0,2,0,5,0,0,29,9,38,3,0,31,9,43,26,12,38,81
01/04/2021,BQN,PR,ASO,ES,Federal Contract Tower,7,9,3,0,19,0,0,24,9,33,7,9,27,9,52,36,22,58,110
01/05/2021,BQN,PR,ASO,ES,Federal Contract Tower,9,10,3,1,23,0,0,31,5,36,9,10,34,6,59,52,30,82,141
01/06/2021,BQN,PR,ASO,ES,Federal Contract Tower,13,8,1,0,22,0,0,34,4,38,13,8,35,4,60,0,34,34,94
01/07/2021,BQN,PR,ASO,ES,Federal Contract Tower,8,12,4,0,24,0,0,54,12,66,8,12,58,12,90,64,0,64,154
01/08/2021,BQN,PR,ASO,ES,Federal Contract Tower,10,10,0,0,20,0,0,23,1,24,10,10,23,1,44,0,0,0,44
01/09/2021,BQN,PR,ASO,ES,Federal Contract Tower,3,0,9,0,12,0,0,59,9,68,3,0,68,9,80,32,0,32,112
01/10/2021,BQN,PR,ASO,ES,Federal Contract Tower,0,0,2,0,2,0,0,11,4,15,0,0,13,4,17,18,0,18,35
01/11/2021,BQN,PR,ASO,ES,Federal Contract Tower,9,9,2,0,20,0,0,33,13,46,9,9,35,13,66,30,50,80,146
01/12/2021,BQN,PR,ASO,ES,Federal Contract Tower,12,13,6,0,31,0,0,45,29,74,12,13,51,29,105,69,2,71,176
01/13/2021,BQN,PR,ASO,ES,Federal Contract Tower,11,9,6,1,27,0,0,48,11,59,11,9,54,12,86,66,34,100,186
01/14/2021,BQN,PR,ASO,ES,Federal Contract Tower,10,13,0,1,24,0,0,29,8,37,10,13,29,9,61,56,0,56,117
01/15/2021,BQN,PR,ASO,ES,Federal Contract Tower,17,9,2,0,28,0,0,25,3,28,17,9,27,3,56,16,24,40,96
01/16/2021,BQN,PR,ASO,ES,Federal Contract Tower,2,0,0,0,2,0,0,30,6,36,2,0,30,6,38,24,4,28,66
01/17/2021,BQN,PR,ASO,ES,Federal Contract Tower,4,0,0,0,4,0,0,26,4,30,4,0,26,4,34,10,0,10,44
01/18/2021,BQN,PR,ASO,ES,Federal Contract Tower,7,13,2,0,22,0,0,24,9,33,7,13,26,9,55,38,16,54,109
01/19/2021,BQN,PR,ASO,ES,Federal Contract Tower,18,8,2,1,29,0,0,31,15,46,18,8,33,16,75,40,16,56,131
01/20/2021,BQN,PR,ASO,ES,Federal Contract Tower,13,12,1,3,29,0,0,35,12,47,13,12,36,15,76,48,18,66,142
01/21/2021,BQN,PR,ASO,ES,Federal Contract Tower,8,10,0,1,19,0,0,29,13,42,8,10,29,14,61,42,6,48,109
01/22/2021,BQN,PR,ASO,ES,Federal Contract Tower,11,10,2,0,23,0,0,23,11,34,11,10,25,11,57,14,36,50,107
01/23/2021,BQN,PR,ASO,ES,Federal Contract Tower,2,0,2,0,4,0,0,31,4,35,2,0,33,4,39,64,2,66,105
01/24/2021,BQN,PR,ASO,ES,Federal Contract Tower,4,0,5,0,9,0,0,21,6,27,4,0,26,6,36,36,0,36,72
01/25/2021,BQN,PR,ASO,ES,Federal Contract Tower,7,9,1,0,17,0,0,32,12,44,7,9,33,12,61,42,28,70,131
01/26/2021,BQN,PR,ASO,ES,Federal Contract Tower,14,14,0,0,28,0,0,41,16,57,14,14,41,16,85,54,24,78,163
01/27/2021,BQN,PR,ASO,ES,Federal Contract Tower,9,10,4,1,24,0,0,43,10,53,9,10,47,11,77,32,20,52,129
01/28/2021,BQN,PR,ASO,ES,Federal Contract Tower,11,13,5,0,29,0,0,17,10,27,11,13,22,10,56,4,6,10,66
01/29/2021,BQN,PR,ASO,ES,Federal Contract Tower,14,10,2,3,29,0,0,54,3,57,14,10,56,6,86,72,4,76,162
01/30/2021,BQN,PR,ASO,ES,Federal Contract Tower,1,0,9,0,10,0,0,8,5,13,1,0,17,5,23,8,0,8,31
01/31/2021,BQN,PR,ASO,ES,Federal Contract Tower,4,0,2,0,6,0,0,6,5,11,4,0,8,5,17,0,2,2,19
02/01/2021,BQN,PR,ASO,ES,Federal Contract Tower,7,9,5,1,22,0,0,20,9,29,7,9,25,10,51,50,18,68,119
02/02/2021,BQN,PR,ASO,ES,Federal Contract Tower,18,11,1,0,30,0,0,38,10,48,18,11,39,10,78,90,0,90,168
02/03/2021,BQN,PR,ASO,ES,Federal Contract Tower,8,10,4,1,23,0,0,45,7,52,8,10,49,8,75,66,34,100,175
02/04/2021,BQN,PR,ASO,ES,Federal Contract Tower,10,11,0,0,21,0,0,30,8,38,10,11,30,8,59,44,0,44,103
02/05/2021,BQN,PR,ASO,ES,Federal Contract Tower,15,14,3,0,32,0,0,31,8,39,15,14,34,8,71,64,0,64,135
02/06/2021,BQN,PR,ASO,ES,Federal Contract Tower,3,0,2,2,7,0,0,15,8,23,3,0,17,10,30,24,0,24,54
02/08/2021,BQN,PR,ASO,ES,Federal Contract Tower,9,10,1,0,20,0,0,32,12,44,9,10,33,12,64,50,24,74,138
02/09/2021,BQN,PR,ASO,ES,Federal Contract Tower,19,7,4,2,32,0,0,38,11,49,19,7,42,13,81,24,0,24,105
02/10/2021,BQN,PR,ASO,ES,Federal Contract Tower,8,10,1,1,20,0,0,23,13,36,8,10,24,14,56,36,20,56,112
02/11/2021,BQN,PR,ASO,ES,Federal Contract Tower,13,9,8,0,30,0,0,18,11,29,13,9,26,11,59,32,0,32,91
02/12/2021,BQN,PR,ASO,ES,Federal Contract Tower,10,10,6,0,26,0,1,21,10,32,10,11,27,10,58,16,0,16,74
02/13/2021,BQN,PR,ASO,ES,Federal Contract Tower,2,2,2,2,8,0,0,40,10,50,2,2,42,12,58,58,2,60,118
02/14/2021,BQN,PR,ASO,ES,Federal Contract Tower,4,1,4,1,10,0,1,7,2,10,4,2,11,3,20,12,0,12,32
02/15/2021,BQN,PR,ASO,ES,Federal Contract Tower,7,8,1,0,16,0,0,23,10,33,7,8,24,10,49,42,26,68,117
02/16/2021,BQN,PR,ASO,ES,Federal Contract Tower,18,6,5,1,30,0,0,59,16,75,18,6,64,17,105,60,40,100,205
02/17/2021,BQN,PR,ASO,ES,Federal Contract Tower,9,8,2,2,21,0,0,36,19,55,9,8,38,21,76,42,12,54,130
02/18/2021,BQN,PR,ASO,ES,Federal Contract Tower,10,11,4,2,27,0,0,33,7,40,10,11,37,9,67,32,0,32,99
02/19/2021,BQN,PR,ASO,ES,Federal Contract Tower,11,14,5,0,30,0,0,44,7,51,11,14,49,7,81,46,22,68,149
02/20/2021,BQN,PR,ASO,ES,Federal Contract Tower,4,0,1,0,5,0,0,30,8,38,4,0,31,8,43,32,0,32,75
02/21/2021,BQN,PR,ASO,ES,Federal Contract Tower,20,2,0,0,22,0,0,21,4,25,20,2,21,4,47,36,0,36,83
02/22/2021,BQN,PR,ASO,ES,Federal Contract Tower,13,9,7,0,29,0,0,30,10,40,13,9,37,10,69,42,22,64,133
02/23/2021,BQN,PR,ASO,ES,Federal Contract Tower,19,8,2,0,29,0,0,34,13,47,19,8,36,13,76,76,16,92,168
02/24/2021,BQN,PR,ASO,ES,Federal Contract Tower,13,9,2,0,24,0,0,51,16,67,13,9,53,16,91,54,38,92,183
02/25/2021,BQN,PR,ASO,ES,Federal Contract Tower,10,10,5,0,25,0,0,55,21,76,10,10,60,21,101,80,0,80,181
02/26/2021,BQN,PR,ASO,ES,Federal Contract Tower,17,11,1,0,29,0,0,48,2,50,17,11,49,2,79,34,0,34,113
02/27/2021,BQN,PR,ASO,ES,Federal Contract Tower,5,0,0,1,6,0,0,66,9,75,5,0,66,10,81,2,0,2,83
02/28/2021,BQN,PR,ASO,ES,Federal Contract Tower,5,0,4,1,10,0,0,16,13,29,5,0,20,14,39,22,30,52,91
03/01/2021,BQN,PR,ASO,ES,Federal Contract Tower,9,12,3,0,24,0,0,31,11,42,9,12,34,11,66,36,38,74,140
03/02/2021,BQN,PR,ASO,ES,Federal Contract Tower,16,9,3,0,28,0,0,61,14,75,16,9,64,14,103,54,26,80,183
03/03/2021,BQN,PR,ASO,ES,Federal Contract Tower,15,8,2,0,25,0,0,56,12,68,15,8,58,12,93,50,62,112,205
03/04/2021,BQN,PR,ASO,ES,Federal Contract Tower,15,15,4,0,34,0,0,53,17,70,15,15,57,17,104,114,0,114,218
03/05/2021,BQN,PR,ASO,ES,Federal Contract Tower,9,12,3,0,24,0,0,75,11,86,9,12,78,11,110,90,34,124,234
03/06/2021,BQN,PR,ASO,ES,Federal Contract Tower,4,0,4,0,8,0,0,62,10,72,4,0,66,10,80,84,10,94,174
03/07/2021,BQN,PR,ASO,ES,Federal Contract Tower,2,0,3,0,5,0,0,17,3,20,2,0,20,3,25,16,0,16,41
03/08/2021,BQN,PR,ASO,ES,Federal Contract Tower,8,13,1,0,22,0,0,38,16,54,8,13,39,16,76,76,64,140,216
03/09/2021,BQN,PR,ASO,ES,Federal Contract Tower,13,12,2,1,28,0,0,56,27,83,13,12,58,28,111,30,58,88,199
03/10/2021,BQN,PR,ASO,ES,Federal Contract Tower,14,8,2,1,25,0,0,45,16,61,14,8,47,17,86,46,30,76,162
03/11/2021,BQN,PR,ASO,ES,Federal Contract Tower,15,12,6,0,33,0,0,40,10,50,15,12,46,10,83,30,22,52,135
03/12/2021,BQN,PR,ASO,ES,Federal Contract Tower,12,9,4,1,26,0,0,30,4,34,12,9,34,5,60,36,0,36,96
03/13/2021,BQN,PR,ASO,ES,Federal Contract Tower,4,1,1,0,6,0,0,37,16,53,4,1,38,16,59,52,30,82,141
03/14/2021,BQN,PR,ASO,ES,Federal Contract Tower,6,0,3,0,9,0,0,24,7,31,6,0,27,7,40,36,26,62,102
03/15/2021,BQN,PR,ASO,ES,Federal Contract Tower,7,12,3,2,24,0,0,37,10,47,7,12,40,12,71,78,34,112,183
03/16/2021,BQN,PR,ASO,ES,Federal Contract Tower,14,10,3,0,27,0,0,61,27,88,14,10,64,27,115,86,6,92,207
03/17/2021,BQN,PR,ASO,ES,Federal Contract Tower,10,10,3,0,23,0,0,29,13,42,10,10,32,13,65,16,8,24,89
03/18/2021,BQN,PR,ASO,ES,Federal Contract Tower,15,17,5,0,37,0,0,38,7,45,15,17,43,7,82,26,20,46,128
03/19/2021,BQN,PR,ASO,ES,Federal Contract Tower,13,14,0,1,28,0,0,20,20,40,13,14,20,21,68,18,0,18,86
03/20/2021,BQN,PR,ASO,ES,Federal Contract Tower,4,0,8,1,13,0,0,33,6,39,4,0,41,7,52,34,0,34,86
03/21/2021,BQN,PR,ASO,ES,Federal Contract Tower,5,1,7,0,13,11,0,28,6,45,16,1,35,6,58,14,0,14,72
03/22/2021,BQN,PR,ASO,ES,Federal Contract Tower,8,11,6,1,26,0,0,45,4,49,8,11,51,5,75,24,26,50,125
03/23/2021,BQN,PR,ASO,ES,Federal Contract Tower,14,11,3,1,29,0,0,56,8,64,14,11,59,9,93,30,0,30,123
03/24/2021,BQN,PR,ASO,ES,Federal Contract Tower,11,13,6,1,31,0,0,60,7,67,11,13,66,8,98,72,10,82,180
03/25/2021,BQN,PR,ASO,ES,Federal Contract Tower,14,12,2,0,28,0,0,29,15,44,14,12,31,15,72,52,20,72,144
03/26/2021,BQN,PR,ASO,ES,Federal Contract Tower,15,11,8,0,34,0,0,18,5,23,15,11,26,5,57,62,26,88,145
03/27/2021,BQN,PR,ASO,ES,Federal Contract Tower,6,0,1,0,7,0,0,27,2,29,6,0,28,2,36,24,0,24,60
03/28/2021,BQN,PR,ASO,ES,Federal Contract Tower,5,0,3,0,8,0,0,17,4,21,5,0,20,4,29,0,0,0,29
03/29/2021,BQN,PR,ASO,ES,Federal Contract Tower,10,11,2,0,23,0,0,31,3,34,10,11,33,3,57,48,0,48,105
03/30/2021,BQN,PR,ASO,ES,Federal Contract Tower,16,8,3,0,27,0,0,41,5,46,16,8,44,5,73,60,16,76,149
03/31/2021,BQN,PR,ASO,ES,Federal Contract Tower,13,16,3,0,32,0,0,53,7,60,13,16,56,7,92,52,35,87,179
04/01/2021,BQN,PR,ASO,ES,Federal Contract Tower,15,11,1,2,29,0,0,35,6,41,15,11,36,8,70,34,0,34,104
04/02/2021,BQN,PR,ASO,ES,Federal Contract Tower,9,0,3,0,12,0,0,10,8,18,9,0,13,8,30,6,0,6,36
04/03/2021,BQN,PR,ASO,ES,Federal Contract Tower,9,0,2,0,11,0,0,24,1,25,9,0,26,1,36,50,0,50,86
04/04/2021,BQN,PR,ASO,ES,Federal Contract Tower,5,0,5,0,10,0,0,27,8,35,5,0,32,8,45,2,0,2,47
04/05/2021,BQN,PR,ASO,ES,Federal Contract Tower,10,8,0,0,18,0,0,35,7,42,10,8,35,7,60,94,10,104,164
04/06/2021,BQN,PR,ASO,ES,Federal Contract Tower,19,9,1,0,29,0,0,44,29,73,19,9,45,29,102,30,32,62,164
04/07/2021,BQN,PR,ASO,ES,Federal Contract Tower,14,8,0,0,22,0,0,33,4,37,14,8,33,4,59,52,0,52,111
04/08/2021,BQN,PR,ASO,ES,Federal Contract Tower,15,11,2,0,28,0,0,63,15,78,15,11,65,15,106,116,30,146,252
04/09/2021,BQN,PR,ASO,ES,Federal Contract Tower,15,14,2,0,31,0,0,56,6,62,15,14,58,6,93,82,8,90,183
04/10/2021,BQN,PR,ASO,ES,Federal Contract Tower,5,0,1,0,6,0,0,28,10,38,5,0,29,10,44,56,12,68,112
04/11/2021,BQN,PR,ASO,ES,Federal Contract Tower,5,0,1,0,6,0,0,42,6,48,5,0,43,6,54,90,0,90,144
04/12/2021,BQN,PR,ASO,ES,Federal Contract Tower,9,10,0,3,22,0,0,33,11,44,9,10,33,14,66,46,36,82,148
04/13/2021,BQN,PR,ASO,ES,Federal Contract Tower,14,10,4,2,30,0,0,43,13,56,14,10,47,15,86,40,18,58,144
04/14/2021,BQN,PR,ASO,ES,Federal Contract Tower,13,8,6,1,28,0,0,57,18,75,13,8,63,19,103,40,48,88,191
04/15/2021,BQN,PR,ASO,ES,Federal Contract Tower,16,11,1,0,28,0,0,55,12,67,16,11,56,12,95,60,2,62,157
04/16/2021,BQN,PR,ASO,ES,Federal Contract Tower,12,11,4,0,27,0,0,30,13,43,12,11,34,13,70,32,14,46,116
04/17/2021,BQN,PR,ASO,ES,Federal Contract Tower,4,0,0,0,4,0,0,35,12,47,4,0,35,12,51,44,24,68,119
04/18/2021,BQN,PR,ASO,ES,Federal Contract Tower,10,0,2,0,12,0,0,18,9,27,10,0,20,9,39,22,4,26,65
04/19/2021,BQN,PR,ASO,ES,Federal Contract Tower,16,9,3,0,28,0,0,46,6,52,16,9,49,6,80,62,14,76,156
04/20/2021,BQN,PR,ASO,ES,Federal Contract Tower,18,9,5,0,32,0,0,50,29,79,18,9,55,29,111,52,18,70,181
04/21/2021,BQN,PR,ASO,ES,Federal Contract Tower,15,15,3,1,34,0,0,56,24,80,15,15,59,25,114,64,10,74,188
04/22/2021,BQN,PR,ASO,ES,Federal Contract Tower,16,13,7,0,36,0,0,50,17,67,16,13,57,17,103,58,16,74,177
04/23/2021,BQN,PR,ASO,ES,Federal Contract Tower,22,11,5,1,39,0,0,20,6,26,22,11,25,7,65,12,12,24,89
04/24/2021,BQN,PR,ASO,ES,Federal Contract Tower,8,0,3,0,11,0,0,29,11,40,8,0,32,11,51,38,16,54,105
04/25/2021,BQN,PR,ASO,ES,Federal Contract Tower,7,0,2,0,9,0,0,29,5,34,7,0,31,5,43,0,0,0,43
04/26/2021,BQN,PR,ASO,ES,Federal Contract Tower,9,11,3,2,25,0,0,33,10,43,9,11,36,12,68,24,20,44,112
04/27/2021,BQN,PR,ASO,ES,Federal Contract Tower,19,8,2,2,31,0,0,40,10,50,19,8,42,12,81,56,0,56,137
04/28/2021,BQN,PR,ASO,ES,Federal Contract Tower,11,9,4,2,26,0,0,35,14,49,11,9,39,16,75,64,32,96,171
04/29/2021,BQN,PR,ASO,ES,Federal Contract Tower,17,14,13,1,45,0,0,66,8,74,17,14,79,9,119,28,10,38,157
04/30/2021,BQN,PR,ASO,ES,Federal Contract Tower,11,14,5,0,30,0,0,19,4,23,11,14,24,4,53,36,0,36,89
05/02/2021,BQN,PR,ASO,ES,Federal Contract Tower,5,0,4,0,9,0,0,25,2,27,5,0,29,2,36,4,0,4,40
05/03/2021,BQN,PR,ASO,ES,Federal Contract Tower,11,11,4,0,26,0,0,31,8,39,11,11,35,8,65,42,90,132,197
05/04/2021,BQN,PR,ASO,ES,Federal Contract Tower,15,9,9,3,36,0,0,40,15,55,15,9,49,18,91,76,20,96,187
05/05/2021,BQN,PR,ASO,ES,Federal Contract Tower,14,7,1,0,22,0,0,33,18,51,14,7,34,18,73,58,23,81,154
05/06/2021,BQN,PR,ASO,ES,Federal Contract Tower,19,10,3,1,33,0,0,70,13,83,19,10,73,14,116,44,38,82,198
05/07/2021,BQN,PR,ASO,ES,Federal Contract Tower,17,12,2,1,32,0,0,30,9,39,17,12,32,10,71,38,0,38,109
05/08/2021,BQN,PR,ASO,ES,Federal Contract Tower,11,0,0,2,13,0,0,71,7,78,11,0,71,9,91,70,0,70,161
05/09/2021,BQN,PR,ASO,ES,Federal Contract Tower,12,0,2,0,14,0,0,23,3,26,12,0,25,3,40,0,0,0,40
05/10/2021,BQN,PR,ASO,ES,Federal Contract Tower,14,10,4,0,28,0,0,36,9,45,14,10,40,9,73,48,32,80,153
05/11/2021,BQN,PR,ASO,ES,Federal Contract Tower,24,11,3,0,38,0,0,49,14,63,24,11,52,14,101,53,18,71,172
05/12/2021,BQN,PR,ASO,ES,Federal Contract Tower,15,11,1,0,27,0,0,45,7,52,15,11,46,7,79,46,4,50,129
05/13/2021,BQN,PR,ASO,ES,Federal Contract Tower,16,13,4,2,35,0,0,33,11,44,16,13,37,13,79,34,20,54,133
05/14/2021,BQN,PR,ASO,ES,Federal Contract Tower,16,7,0,0,23,0,0,23,2,25,16,7,23,2,48,28,0,28,76
05/15/2021,BQN,PR,ASO,ES,Federal Contract Tower,11,0,2,3,16,0,0,29,11,40,11,0,31,14,56,30,20,50,106
05/16/2021,BQN,PR,ASO,ES,Federal Contract Tower,9,0,2,2,13,0,0,32,4,36,9,0,34,6,49,54,0,54,103
05/17/2021,BQN,PR,ASO,ES,Federal Contract Tower,20,10,9,2,41,0,0,31,12,43,20,10,40,14,84,57,38,95,179
05/19/2021,BQN,PR,ASO,ES,Federal Contract Tower,21,12,8,0,41,0,0,40,16,56,21,12,48,16,97,86,38,124,221
05/20/2021,BQN,PR,ASO,ES,Federal Contract Tower,19,13,5,0,37,0,0,61,22,83,19,13,66,22,120,26,28,54,174
05/21/2021,BQN,PR,ASO,ES,Federal Contract Tower,20,13,5,0,38,0,0,29,11,40,20,13,34,11,78,12,12,24,102
05/22/2021,BQN,PR,ASO,ES,Federal Contract Tower,10,0,5,0,15,0,0,51,19,70,10,0,56,19,85,42,26,68,153
05/23/2021,BQN,PR,ASO,ES,Federal Contract Tower,8,0,4,0,12,0,0,9,2,11,8,0,13,2,23,0,0,0,23
05/24/2021,BQN,PR,ASO,ES,Federal Contract Tower,12,9,2,1,24,0,0,38,18,56,12,9,40,19,80,78,16,94,174
05/25/2021,BQN,PR,ASO,ES,Federal Contract Tower,24,14,3,2,43,0,0,75,16,91,24,14,78,18,134,70,48,118,252
05/26/2021,BQN,PR,ASO,ES,Federal Contract Tower,17,10,7,1,35,0,0,42,12,54,17,10,49,13,89,90,8,98,187
05/27/2021,BQN,PR,ASO,ES,Federal Contract Tower,21,11,5,1,38,0,0,66,13,79,21,11,71,14,117,70,8,78,195
05/28/2021,BQN,PR,ASO,ES,Federal Contract Tower,16,12,8,2,38,0,0,42,5,47,16,12,50,7,85,34,8,42,127
05/29/2021,BQN,PR,ASO,ES,Federal Contract Tower,8,0,6,0,14,0,0,42,9,51,8,0,48,9,65,46,20,66,131
05/30/2021,BQN,PR,ASO,ES,Federal Contract Tower,11,0,3,1,15,0,0,11,8,19,11,0,14,9,34,10,0,10,44
05/31/2021,BQN,PR,ASO,ES,Federal Contract Tower,6,0,4,0,10,0,0,23,2,25,6,0,27,2,35,60,0,60,95
06/01/2021,BQN,PR,ASO,ES,Federal Contract Tower,27,8,6,0,41,0,0,64,31,95,27,8,70,31,136,58,66,124,260
06/02/2021,BQN,PR,ASO,ES,Federal Contract Tower,20,13,6,4,43,0,0,45,14,59,20,13,51,18,102,48,110,158,260
06/03/2021,BQN,PR,ASO,ES,Federal Contract Tower,13,10,7,0,30,0,0,69,27,96,13,10,76,27,126,42,20,62,188
06/04/2021,BQN,PR,ASO,ES,Federal Contract Tower,15,12,7,1,35,0,0,66,12,78,15,12,73,13,113,64,0,64,177
06/05/2021,BQN,PR,ASO,ES,Federal Contract Tower,8,0,2,0,10,0,0,67,4,71,8,0,69,4,81,108,0,108,189
06/06/2021,BQN,PR,ASO,ES,Federal Contract Tower,10,0,1,0,11,0,0,18,5,23,10,0,19,5,34,34,0,34,68
06/07/2021,BQN,PR,ASO,ES,Federal Contract Tower,13,15,1,3,32,0,0,31,16,47,13,15,32,19,79,74,54,128,207
06/08/2021,BQN,PR,ASO,ES,Federal Contract Tower,21,9,3,1,34,0,0,47,28,75,21,9,50,29,109,36,62,98,207
06/09/2021,BQN,PR,ASO,ES,Federal Contract Tower,15,10,3,1,29,0,0,27,28,55,15,10,30,29,84,20,54,74,158
06/10/2021,BQN,PR,ASO,ES,Federal Contract Tower,28,15,1,1,45,0,0,60,26,86,28,15,61,27,131,82,36,118,249
06/11/2021,BQN,PR,ASO,ES,Federal Contract Tower,22,9,5,0,36,0,0,21,9,30,22,9,26,9,66,12,20,32,98
06/12/2021,BQN,PR,ASO,ES,Federal Contract Tower,9,0,4,1,14,0,0,70,5,75,9,0,74,6,89,66,0,66,155
06/13/2021,BQN,PR,ASO,ES,Federal Contract Tower,8,0,2,0,10,0,0,6,4,10,8,0,8,4,20,12,0,12,32
06/14/2021,BQN,PR,ASO,ES,Federal Contract Tower,17,11,8,2,38,0,0,27,16,43,17,11,35,18,81,62,76,138,219
06/15/2021,BQN,PR,ASO,ES,Federal Contract Tower,23,12,2,1,38,0,0,28,16,44,23,12,30,17,82,62,42,104,186
06/16/2021,BQN,PR,ASO,ES,Federal Contract Tower,20,9,2,0,31,0,0,49,22,71,20,9,51,22,102,34,36,70,172
06/17/2021,BQN,PR,ASO,ES,Federal Contract Tower,18,12,0,1,31,0,0,38,26,64,18,12,38,27,95,42,6,48,143
06/18/2021,BQN,PR,ASO,ES,Federal Contract Tower,21,10,1,1,33,0,0,28,6,34,21,10,29,7,67,28,0,28,95
06/19/2021,BQN,PR,ASO,ES,Federal Contract Tower,9,0,1,0,10,0,0,68,10,78,9,0,69,10,88,74,12,86,174
06/20/2021,BQN,PR,ASO,ES,Federal Contract Tower,9,0,0,0,9,0,0,14,6,20,9,0,14,6,29,16,0,16,45
06/21/2021,BQN,PR,ASO,ES,Federal Contract Tower,13,12,2,0,27,0,0,41,15,56,13,12,43,15,83,110,0,110,193
06/22/2021,BQN,PR,ASO,ES,Federal Contract Tower,22,10,0,1,33,1,0,32,10,43,23,10,32,11,76,38,28,66,142
06/23/2021,BQN,PR,ASO,ES,Federal Contract Tower,21,15,8,1,45,0,0,37,24,61,21,15,45,25,106,56,120,176,282
06/24/2021,BQN,PR,ASO,ES,Federal Contract Tower,18,13,0,0,31,0,0,33,43,76,18,13,33,43,107,40,26,66,173
06/25/2021,BQN,PR,ASO,ES,Federal Contract Tower,16,12,2,0,30,0,0,68,21,89,16,12,70,21,119,106,64,170,289
06/26/2021,BQN,PR,ASO,ES,Federal Contract Tower,8,0,2,0,10,0,0,39,11,50,8,0,41,11,60,36,32,68,128
06/27/2021,BQN,PR,ASO,ES,Federal Contract Tower,10,0,8,0,18,0,0,14,4,18,10,0,22,4,36,18,0,18,54
06/28/2021,BQN,PR,ASO,ES,Federal Contract Tower,11,13,1,0,25,0,0,42,14,56,11,13,43,14,81,24,30,54,135
06/29/2021,BQN,PR,ASO,ES,Federal Contract Tower,26,9,2,0,37,0,0,35,16,51,26,9,37,16,88,30,40,70,158
06/30/2021,BQN,PR,ASO,ES,Federal Contract Tower,15,20,3,0,38,0,0,44,19,63,15,20,47,19,101,34,80,114,215
07/01/2021,BQN,PR,ASO,ES,Federal Contract Tower,14,13,3,0,30,0,0,46,22,68,14,13,49,22,98,28,28,56,154
07/02/2021,BQN,PR,ASO,ES,Federal Contract Tower,17,7,3,0,27,0,0,61,2,63,17,7,64,2,90,58,0,58,148
07/03/2021,BQN,PR,ASO,ES,Federal Contract Tower,11,0,5,0,16,0,0,35,10,45,11,0,40,10,61,36,36,72,133
07/04/2021,BQN,PR,ASO,ES,Federal Contract Tower,10,3,0,0,13,0,0,14,5,19,10,3,14,5,32,2,0,2,34
07/05/2021,BQN,PR,ASO,ES,Federal Contract Tower,5,2,3,1,11,0,0,21,8,29,5,2,24,9,40,32,12,44,84
07/06/2021,BQN,PR,ASO,ES,Federal Contract Tower,23,10,0,0,33,0,0,29,14,43,23,10,29,14,76,64,22,86,162
07/07/2021,BQN,PR,ASO,ES,Federal Contract Tower,22,12,5,0,39,0,0,26,15,41,22,12,31,15,80,40,78,118,198
07/08/2021,BQN,PR,ASO,ES,Federal Contract Tower,14,8,7,0,29,0,0,29,11,40,14,8,36,11,69,52,32,84,153
07/09/2021,BQN,PR,ASO,ES,Federal Contract Tower,15,10,0,1,26,0,0,18,12,30,15,10,18,13,56,28,10,38,94
07/10/2021,BQN,PR,ASO,ES,Federal Contract Tower,6,0,0,0,6,0,0,40,12,52,6,0,40,12,58,88,18,106,164
07/11/2021,BQN,PR,ASO,ES,Federal Contract Tower,11,0,4,0,15,0,0,7,1,8,11,0,11,1,23,0,0,0,23
07/12/2021,BQN,PR,ASO,ES,Federal Contract Tower,11,9,4,0,24,0,0,38,11,49,11,9,42,11,73,34,58,92,165
07/13/2021,BQN,PR,ASO,ES,Federal Contract Tower,22,8,4,0,34,0,0,87,19,106,22,8,91,19,140,32,28,60,200
07/14/2021,BQN,PR,ASO,ES,Federal Contract Tower,15,11,7,1,34,0,0,46,11,57,15,11,53,12,91,84,40,124,215
07/15/2021,BQN,PR,ASO,ES,Federal Contract Tower,22,11,3,1,37,0,0,66,13,79,22,11,69,14,116,64,52,116,232
07/16/2021,BQN,PR,ASO,ES,Federal Contract Tower,16,14,2,0,32,0,0,62,14,76,16,14,64,14,108,64,18,82,190
07/17/2021,BQN,PR,ASO,ES,Federal Contract Tower,10,3,2,0,15,0,0,65,10,75,10,3,67,10,90,78,12,90,180
07/18/2021,BQN,PR,ASO,ES,Federal Contract Tower,7,1,2,0,10,5,0,10,4,19,12,1,12,4,29,26,0,26,55
07/19/2021,BQN,PR,ASO,ES,Federal Contract Tower,13,14,2,1,30,0,0,30,11,41,13,14,32,12,71,70,46,116,187
07/20/2021,BQN,PR,ASO,ES,Federal Contract Tower,20,15,4,0,39,0,0,47,20,67,20,15,51,20,106,82,30,112,218
07/21/2021,BQN,PR,ASO,ES,Federal Contract Tower,15,12,2,0,29,0,0,44,9,53,15,12,46,9,82,74,0,74,156
07/22/2021,BQN,PR,ASO,ES,Federal Contract Tower,15,14,0,1,30,0,0,54,27,81,15,14,54,28,111,68,12,80,191
07/23/2021,BQN,PR,ASO,ES,Federal Contract Tower,15,18,5,0,38,0,0,47,8,55,15,18,52,8,93,48,40,88,181
07/24/2021,BQN,PR,ASO,ES,Federal Contract Tower,8,2,2,0,12,0,0,29,10,39,8,2,31,10,51,54,20,74,125
07/25/2021,BQN,PR,ASO,ES,Federal Contract Tower,11,0,0,0,11,0,0,3,3,6,11,0,3,3,17,0,0,0,17
07/26/2021,BQN,PR,ASO,ES,Federal Contract Tower,17,12,3,0,32,0,0,27,10,37,17,12,30,10,69,38,24,62,131
07/27/2021,BQN,PR,ASO,ES,Federal Contract Tower,24,16,2,0,42,0,0,48,25,73,24,16,50,25,115,48,26,74,189
07/28/2021,BQN,PR,ASO,ES,Federal Contract Tower,17,16,1,0,34,0,0,36,15,51,17,16,37,15,85,50,20,70,155
07/29/2021,BQN,PR,ASO,ES,Federal Contract Tower,18,12,1,0,31,0,0,72,18,90,18,12,73,18,121,56,78,134,255
07/30/2021,BQN,PR,ASO,ES,Federal Contract Tower,20,11,6,0,37,0,0,47,6,53,20,11,53,6,90,46,28,74,164
07/31/2021,BQN,PR,ASO,ES,Federal Contract Tower,9,0,6,0,15,0,0,26,7,33,9,0,32,7,48,40,20,60,108
08/01/2021,BQN,PR,ASO,ES,Federal Contract Tower,9,0,11,0,20,0,0,6,2,8,9,0,17,2,28,0,0,0,28
08/02/2021,BQN,PR,ASO,ES,Federal Contract Tower,13,16,2,2,33,0,0,29,9,38,13,16,31,11,71,56,42,98,169
08/03/2021,BQN,PR,ASO,ES,Federal Contract Tower,24,10,8,0,42,0,0,45,11,56,24,10,53,11,98,36,16,52,150
08/04/2021,BQN,PR,ASO,ES,Federal Contract Tower,19,14,1,0,34,0,0,37,1,38,19,14,38,1,72,40,0,40,112
08/05/2021,BQN,PR,ASO,ES,Federal Contract Tower,19,11,4,0,34,0,0,29,3,32,19,11,33,3,66,46,18,64,130
08/06/2021,BQN,PR,ASO,ES,Federal Contract Tower,26,10,4,0,40,0,0,57,4,61,26,10,61,4,101,48,0,48,149
08/07/2021,BQN,PR,ASO,ES,Federal Contract Tower,12,0,2,0,14,0,0,65,20,85,12,0,67,20,99,120,4,124,223
08/08/2021,BQN,PR,ASO,ES,Federal Contract Tower,8,0,4,0,12,0,1,4,1,6,8,1,8,1,18,0,0,0,18
08/09/2021,BQN,PR,ASO,ES,Federal Contract Tower,21,11,2,0,34,0,0,30,11,41,21,11,32,11,75,58,104,162,237
08/10/2021,BQN,PR,ASO,ES,Federal Contract Tower,23,2,3,0,28,0,0,18,8,26,23,2,21,8,54,30,22,52,106
08/11/2021,BQN,PR,ASO,ES,Federal Contract Tower,14,8,5,0,27,0,0,20,12,32,14,8,25,12,59,16,22,38,97
08/12/2021,BQN,PR,ASO,ES,Federal Contract Tower,21,10,4,2,37,0,0,66,10,76,21,10,70,12,113,82,78,160,273
08/13/2021,BQN,PR,ASO,ES,Federal Contract Tower,26,13,1,2,42,0,0,50,4,54,26,13,51,6,96,36,24,60,156
08/14/2021,BQN,PR,ASO,ES,Federal Contract Tower,11,3,0,2,16,0,0,66,13,79,11,3,66,15,95,70,26,96,191
08/15/2021,BQN,PR,ASO,ES,Federal Contract Tower,11,0,2,0,13,0,0,0,2,2,11,0,2,2,15,0,0,0,15
08/16/2021,BQN,PR,ASO,ES,Federal Contract Tower,13,9,0,0,22,0,0,32,11,43,13,9,32,11,65,30,44,74,139
08/17/2021,BQN,PR,ASO,ES,Federal Contract Tower,25,13,0,3,41,0,0,43,18,61,25,13,43,21,102,56,12,68,170
08/18/2021,BQN,PR,ASO,ES,Federal Contract Tower,17,12,2,0,31,0,0,47,7,54,17,12,49,7,85,36,60,96,181
08/19/2021,BQN,PR,ASO,ES,Federal Contract Tower,19,10,2,1,32,0,0,35,8,43,19,10,37,9,75,76,0,76,151
08/20/2021,BQN,PR,ASO,ES,Federal Contract Tower,22,12,4,1,39,0,0,35,2,37,22,12,39,3,76,18,12,30,106
08/21/2021,BQN,PR,ASO,ES,Federal Contract Tower,8,0,3,0,11,0,0,31,9,40,8,0,34,9,51,40,36,76,127
08/22/2021,BQN,PR,ASO,ES,Federal Contract Tower,7,0,2,1,10,0,0,9,2,11,7,0,11,3,21,0,0,0,21
08/23/2021,BQN,PR,ASO,ES,Federal Contract Tower,16,15,3,0,34,0,0,28,8,36,16,15,31,8,70,42,28,70,140
08/24/2021,BQN,PR,ASO,ES,Federal Contract Tower,25,13,4,0,42,0,0,33,13,46,25,13,37,13,88,28,24,52,140
08/25/2021,BQN,PR,ASO,ES,Federal Contract Tower,18,13,3,0,34,0,0,42,7,49,18,13,45,7,83,28,0,28,111
08/26/2021,BQN,PR,ASO,ES,Federal Contract Tower,17,14,5,0,36,0,0,42,20,62,17,14,47,20,98,20,0,20,118
08/27/2021,BQN,PR,ASO,ES,Federal Contract Tower,21,13,4,0,38,0,2,32,4,38,21,15,36,4,76,34,0,34,110
08/28/2021,BQN,PR,ASO,ES,Federal Contract Tower,8,0,0,1,9,0,0,58,11,69,8,0,58,12,78,24,0,24,102
08/29/2021,BQN,PR,ASO,ES,Federal Contract Tower,14,3,3,0,20,0,0,17,4,21,14,3,20,4,41,0,6,6,47
08/30/2021,BQN,PR,ASO,ES,Federal Contract Tower,13,11,3,0,27,0,0,29,9,38,13,11,32,9,65,36,18,54,119
08/31/2021,BQN,PR,ASO,ES,Federal Contract Tower,24,11,3,0,38,0,0,36,21,57,24,11,39,21,95,0,0,0,95
09/01/2021,BQN,PR,ASO,ES,Federal Contract Tower,15,11,10,0,36,2,0,40,13,55,17,11,50,13,91,19,42,61,152
09/02/2021,BQN,PR,ASO,ES,Federal Contract Tower,14,12,1,0,27,2,0,44,33,79,16,12,45,33,106,48,12,60,166
09/03/2021,BQN,PR,ASO,ES,Federal Contract Tower,19,10,7,0,36,0,0,48,1,49,19,10,55,1,85,69,0,69,154
09/04/2021,BQN,PR,ASO,ES,Federal Contract Tower,10,0,5,1,16,0,0,63,8,71,10,0,68,9,87,76,24,100,187
09/05/2021,BQN,PR,ASO,ES,Federal Contract Tower,11,0,1,1,13,0,0,2,1,3,11,0,3,2,16,0,0,0,16
09/06/2021,BQN,PR,ASO,ES,Federal Contract Tower,7,0,5,0,12,0,0,39,0,39,7,0,44,0,51,56,0,56,107
09/07/2021,BQN,PR,ASO,ES,Federal Contract Tower,26,7,6,0,39,0,0,49,14,63,26,7,55,14,102,34,24,58,160
09/08/2021,BQN,PR,ASO,ES,Federal Contract Tower,22,14,3,0,39,0,0,42,9,51,22,14,45,9,90,95,16,111,201
09/09/2021,BQN,PR,ASO,ES,Federal Contract Tower,20,10,6,0,36,2,0,48,10,60,22,10,54,10,96,52,0,52,148
09/10/2021,BQN,PR,ASO,ES,Federal Contract Tower,24,10,4,0,38,0,0,41,11,52,24,10,45,11,90,64,102,166,256
09/11/2021,BQN,PR,ASO,ES,Federal Contract Tower,11,0,0,0,11,0,0,50,11,61,11,0,50,11,72,40,40,80,152
09/12/2021,BQN,PR,ASO,ES,Federal Contract Tower,11,0,4,0,15,0,0,16,2,18,11,0,20,2,33,0,0,0,33
09/13/2021,BQN,PR,ASO,ES,Federal Contract Tower,13,13,1,0,27,0,0,16,8,24,13,13,17,8,51,40,70,110,161
09/15/2021,BQN,PR,ASO,ES,Federal Contract Tower,23,10,0,0,33,0,0,35,10,45,23,10,35,10,78,30,10,40,118
09/16/2021,BQN,PR,ASO,ES,Federal Contract Tower,16,12,0,0,28,0,0,48,12,60,16,12,48,12,88,40,2,42,130
09/17/2021,BQN,PR,ASO,ES,Federal Contract Tower,22,14,0,0,36,2,0,17,0,19,24,14,17,0,55,20,0,20,75
09/18/2021,BQN,PR,ASO,ES,Federal Contract Tower,11,0,0,0,11,1,0,41,7,49,12,0,41,7,60,50,0,50,110
09/19/2021,BQN,PR,ASO,ES,Federal Contract Tower,11,0,0,0,11,0,0,5,6,11,11,0,5,6,22,0,0,0,22
09/20/2021,BQN,PR,ASO,ES,Federal Contract Tower,19,10,4,2,35,0,0,20,8,28,19,10,24,10,63,24,54,78,141
09/21/2021,BQN,PR,ASO,ES,Federal Contract Tower,26,6,3,0,35,0,0,17,1,18,26,6,20,1,53,16,12,28,81
09/22/2021,BQN,PR,ASO,ES,Federal Contract Tower,25,9,2,0,36,0,0,9,6,15,25,9,11,6,51,14,30,44,95
09/23/2021,BQN,PR,ASO,ES,Federal Contract Tower,22,12,0,0,34,0,0,14,19,33,22,12,14,19,67,48,104,152,219
09/24/2021,BQN,PR,ASO,ES,Federal Contract Tower,24,9,1,0,34,0,0,72,12,84,24,9,73,12,118,44,12,56,174
09/25/2021,BQN,PR,ASO,ES,Federal Contract Tower,12,0,0,0,12,0,0,59,4,63,12,0,59,4,75,42,0,42,117
09/26/2021,BQN,PR,ASO,ES,Federal Contract Tower,11,0,4,0,15,0,0,25,4,29,11,0,29,4,44,42,0,42,86
09/27/2021,BQN,PR,ASO,ES,Federal Contract Tower,15,12,0,1,28,0,0,39,5,44,15,12,39,6,72,72,9,81,153
09/28/2021,BQN,PR,ASO,ES,Federal Contract Tower,27,10,0,0,37,0,0,41,10,51,27,10,41,10,88,64,76,140,228
09/29/2021,BQN,PR,ASO,ES,Federal Contract Tower,25,11,3,0,39,0,0,44,3,47,25,11,47,3,86,62,0,62,148
09/30/2021,BQN,PR,ASO,ES,Federal Contract Tower,22,12,0,0,34,0,0,52,8,60,22,12,52,8,94,68,0,68,162
10/01/2021,BQN,PR,ASO,ES,Federal Contract Tower,25,10,0,0,35,0,0,71,9,80,25,10,71,9,115,32,0,32,147
10/02/2021,BQN,PR,ASO,ES,Federal Contract Tower,14,0,1,0,15,0,0,36,2,38,14,0,37,2,53,62,0,62,115
10/04/2021,BQN,PR,ASO,ES,Federal Contract Tower,17,8,3,2,30,0,0,27,14,41,17,8,30,16,71,32,42,74,145
10/05/2021,BQN,PR,ASO,ES,Federal Contract Tower,24,14,0,0,38,0,0,31,13,44,24,14,31,13,82,52,34,86,168
10/06/2021,BQN,PR,ASO,ES,Federal Contract Tower,24,12,5,0,41,0,0,44,9,53,24,12,49,9,94,64,0,64,158
10/07/2021,BQN,PR,ASO,ES,Federal Contract Tower,21,12,2,0,35,0,0,56,6,62,21,12,58,6,97,30,0,30,127
10/08/2021,BQN,PR,ASO,ES,Federal Contract Tower,30,9,4,0,43,0,0,39,7,46,30,9,43,7,89,14,24,38,127
10/09/2021,BQN,PR,ASO,ES,Federal Contract Tower,13,0,2,0,15,2,0,36,3,41,15,0,38,3,56,44,0,44,100
10/10/2021,BQN,PR,ASO,ES,Federal Contract Tower,9,0,1,2,12,0,0,11,2,13,9,0,12,4,25,10,0,10,35
10/11/2021,BQN,PR,ASO,ES,Federal Contract Tower,18,7,7,0,32,0,0,18,10,28,18,7,25,10,60,24,28,52,112
10/12/2021,BQN,PR,ASO,ES,Federal Contract Tower,22,8,3,0,33,0,0,14,8,22,22,8,17,8,55,4,0,4,59
10/13/2021,BQN,PR,ASO,ES,Federal Contract Tower,24,13,3,1,41,0,0,29,10,39,24,13,32,11,80,22,0,22,102
10/14/2021,BQN,PR,ASO,ES,Federal Contract Tower,22,15,3,0,40,0,0,38,23,61,22,15,41,23,101,34,14,48,149
10/15/2021,BQN,PR,ASO,ES,Federal Contract Tower,27,8,1,0,36,0,0,36,7,43,27,8,37,7,79,10,12,22,101
10/16/2021,BQN,PR,ASO,ES,Federal Contract Tower,15,2,1,0,18,0,0,28,2,30,15,2,29,2,48,10,0,10,58
10/17/2021,BQN,PR,ASO,ES,Federal Contract Tower,10,0,3,0,13,0,0,21,4,25,10,0,24,4,38,12,0,12,50
10/18/2021,BQN,PR,ASO,ES,Federal Contract Tower,19,6,4,1,30,0,0,26,7,33,19,6,30,8,63,30,20,50,113
10/19/2021,BQN,PR,ASO,ES,Federal Contract Tower,26,11,2,0,39,0,0,21,18,39,26,11,23,18,78,38,0,38,116
10/20/2021,BQN,PR,ASO,ES,Federal Contract Tower,23,12,3,0,38,0,0,57,8,65,23,12,60,8,103,62,28,90,193
10/21/2021,BQN,PR,ASO,ES,Federal Contract Tower,23,11,4,1,39,0,0,59,10,69,23,11,63,11,108,48,0,48,156
10/22/2021,BQN,PR,ASO,ES,Federal Contract Tower,25,10,0,0,35,0,0,27,3,30,25,10,27,3,65,6,0,6,71
10/23/2021,BQN,PR,ASO,ES,Federal Contract Tower,11,2,1,0,14,0,0,53,6,59,11,2,54,6,73,48,0,48,121
10/24/2021,BQN,PR,ASO,ES,Federal Contract Tower,10,0,2,0,12,0,0,13,4,17,10,0,15,4,29,20,2,22,51
10/25/2021,BQN,PR,ASO,ES,Federal Contract Tower,18,9,4,1,32,0,0,36,7,43,18,9,40,8,75,10,40,50,125
10/26/2021,BQN,PR,ASO,ES,Federal Contract Tower,21,15,1,0,37,0,0,34,15,49,21,15,35,15,86,38,22,60,146
10/27/2021,BQN,PR,ASO,ES,Federal Contract Tower,20,10,1,1,32,0,0,31,10,41,20,10,32,11,73,50,30,80,153
10/28/2021,BQN,PR,ASO,ES,Federal Contract Tower,20,13,1,0,34,0,0,37,7,44,20,13,38,7,78,26,4,30,108
10/29/2021,BQN,PR,ASO,ES,Federal Contract Tower,21,15,1,0,37,0,0,37,11,48,21,15,38,11,85,14,0,14,99
10/30/2021,BQN,PR,ASO,ES,Federal Contract Tower,8,1,1,0,10,0,0,41,2,43,8,1,42,2,53,0,0,0,53
10/31/2021,BQN,PR,ASO,ES,Federal Contract Tower,8,1,0,0,9,0,0,2,0,2,8,1,2,0,11,16,0,16,27
11/01/2021,BQN,PR,ASO,ES,Federal Contract Tower,14,8,2,4,28,0,0,18,11,29,14,8,20,15,57,24,58,82,139
11/03/2021,BQN,PR,ASO,ES,Federal Contract Tower,16,11,0,0,27,0,0,17,8,25,16,11,17,8,52,18,88,106,158
11/04/2021,BQN,PR,ASO,ES,Federal Contract Tower,14,12,5,0,31,0,0,63,13,76,14,12,68,13,107,30,22,52,159
11/05/2021,BQN,PR,ASO,ES,Federal Contract Tower,18,9,2,1,30,0,0,30,2,32,18,9,32,3,62,44,4,48,110
11/06/2021,BQN,PR,ASO,ES,Federal Contract Tower,6,0,1,0,7,2,0,36,3,41,8,0,37,3,48,26,8,34,82
11/07/2021,BQN,PR,ASO,ES,Federal Contract Tower,5,0,3,0,8,0,0,10,6,16,5,0,13,6,24,12,0,12,36
11/08/2021,BQN,PR,ASO,ES,Federal Contract Tower,14,10,0,0,24,0,0,28,9,37,14,10,28,9,61,48,82,130,191
11/09/2021,BQN,PR,ASO,ES,Federal Contract Tower,16,8,2,2,28,0,0,44,12,56,16,8,46,14,84,32,52,84,168
11/10/2021,BQN,PR,ASO,ES,Federal Contract Tower,18,8,1,0,27,0,0,14,8,22,18,8,15,8,49,34,16,50,99
11/11/2021,BQN,PR,ASO,ES,Federal Contract Tower,14,11,1,0,26,0,0,56,12,68,14,11,57,12,94,48,20,68,162
11/12/2021,BQN,PR,ASO,ES,Federal Contract Tower,11,11,3,0,25,0,0,78,13,91,11,11,81,13,116,78,88,166,282
11/13/2021,BQN,PR,ASO,ES,Federal Contract Tower,6,1,3,0,10,0,0,66,4,70,6,1,69,4,80,16,0,16,96
11/14/2021,BQN,PR,ASO,ES,Federal Contract Tower,4,0,2,0,6,0,0,8,3,11,4,0,10,3,17,10,0,10,27
11/15/2021,BQN,PR,ASO,ES,Federal Contract Tower,12,10,2,0,24,0,0,32,11,43,12,10,34,11,67,66,40,106,173
11/16/2021,BQN,PR,ASO,ES,Federal Contract Tower,15,9,4,2,30,0,0,40,13,53,15,9,44,15,83,60,42,102,185
11/17/2021,BQN,PR,ASO,ES,Federal Contract Tower,15,15,1,0,31,0,0,57,4,61,15,15,58,4,92,68,20,88,180
11/18/2021,BQN,PR,ASO,ES,Federal Contract Tower,12,14,3,0,29,0,0,34,16,50,12,14,37,16,79,36,56,92,171
11/19/2021,BQN,PR,ASO,ES,Federal Contract Tower,19,9,2,0,30,0,0,36,9,45,19,9,38,9,75,60,38,98,173
11/20/2021,BQN,PR,ASO,ES,Federal Contract Tower,6,0,7,0,13,0,0,30,7,37,6,0,37,7,50,48,20,68,118
11/21/2021,BQN,PR,ASO,ES,Federal Contract Tower,6,0,4,0,10,0,0,22,1,23,6,0,26,1,33,18,0,18,51
11/22/2021,BQN,PR,ASO,ES,Federal Contract Tower,12,11,1,2,26,0,2,37,7,46,12,13,38,9,72,68,58,126,198
11/23/2021,BQN,PR,ASO,ES,Federal Contract Tower,18,12,3,0,33,0,0,74,12,86,18,12,77,12,119,92,52,144,263
11/24/2021,BQN,PR,ASO,ES,Federal Contract Tower,16,10,6,0,32,0,0,0,0,0,16,10,6,0,32,30,0,30,62
11/25/2021,BQN,PR,ASO,ES,Federal Contract Tower,8,0,1,0,9,0,0,10,3,13,8,0,11,3,22,0,0,0,22
11/26/2021,BQN,PR,ASO,ES,Federal Contract Tower,9,11,3,1,24,0,0,10,1,11,9,11,13,2,35,20,0,20,55
11/27/2021,BQN,PR,ASO,ES,Federal Contract Tower,4,0,3,0,7,0,0,20,9,29,4,0,23,9,36,62,26,88,124
11/28/2021,BQN,PR,ASO,ES,Federal Contract Tower,5,0,9,0,14,0,0,13,2,15,5,0,22,2,29,0,20,20,49
11/29/2021,BQN,PR,ASO,ES,Federal Contract Tower,11,10,4,4,29,0,0,33,2,35,11,10,37,6,64,42,0,42,106
11/30/2021,BQN,PR,ASO,ES,Federal Contract Tower,18,8,3,0,29,0,0,67,21,88,18,8,70,21,117,56,20,76,193
12/01/2021,BQN,PR,ASO,ES,Federal Contract Tower,23,12,2,0,37,0,0,49,11,60,23,12,51,11,97,16,20,36,133
12/02/2021,BQN,PR,ASO,ES,Federal Contract Tower,12,14,8,0,34,0,0,43,17,60,12,14,51,17,94,50,8,58,152
12/03/2021,BQN,PR,ASO,ES,Federal Contract Tower,12,13,3,1,29,0,0,65,9,74,12,13,68,10,103,20,24,44,147
12/04/2021,BQN,PR,ASO,ES,Federal Contract Tower,7,0,1,0,8,0,0,48,14,62,7,0,49,14,70,16,2,18,88
12/05/2021,BQN,PR,ASO,ES,Federal Contract Tower,4,0,8,0,12,0,0,8,4,12,4,0,16,4,24,0,0,0,24
12/06/2021,BQN,PR,ASO,ES,Federal Contract Tower,14,9,1,0,24,0,0,23,8,31,14,9,24,8,55,34,20,54,109
12/07/2021,BQN,PR,ASO,ES,Federal Contract Tower,19,9,3,1,32,0,0,50,14,64,19,9,53,15,96,24,68,92,188
12/08/2021,BQN,PR,ASO,ES,Federal Contract Tower,20,9,3,1,33,0,0,37,12,49,20,9,40,13,82,44,6,50,132
12/09/2021,BQN,PR,ASO,ES,Federal Contract Tower,16,12,1,0,29,0,0,39,14,53,16,12,40,14,82,10,0,10,92
12/10/2021,BQN,PR,ASO,ES,Federal Contract Tower,17,15,1,0,33,0,0,30,11,41,17,15,31,11,74,14,0,14,88
12/11/2021,BQN,PR,ASO,ES,Federal Contract Tower,5,5,2,0,12,0,0,33,12,45,5,5,35,12,57,0,4,4,61
12/12/2021,BQN,PR,ASO,ES,Federal Contract Tower,4,0,10,1,15,0,0,13,3,16,4,0,23,4,31,12,0,12,43
12/13/2021,BQN,PR,ASO,ES,Federal Contract Tower,12,10,4,0,26,0,0,32,7,39,12,10,36,7,65,40,20,60,125
12/14/2021,BQN,PR,ASO,ES,Federal Contract Tower,21,13,6,1,41,0,0,58,32,90,21,13,64,33,131,52,22,74,205
12/15/2021,BQN,PR,ASO,ES,Federal Contract Tower,21,8,15,0,44,0,0,44,12,56,21,8,59,12,100,30,96,126,226
12/16/2021,BQN,PR,ASO,ES,Federal Contract Tower,11,15,5,6,37,0,0,60,17,77,11,15,65,23,114,16,30,46,160
12/17/2021,BQN,PR,ASO,ES,Federal Contract Tower,15,15,3,0,33,0,0,44,7,51,15,15,47,7,84,12,12,24,108
12/18/2021,BQN,PR,ASO,ES,Federal Contract Tower,7,1,6,0,14,0,0,5,4,9,7,1,11,4,23,24,0,24,47
12/19/2021,BQN,PR,ASO,ES,Federal Contract Tower,4,0,8,0,12,0,0,8,4,12,4,0,16,4,24,8,0,8,32
12/20/2021,BQN,PR,ASO,ES,Federal Contract Tower,15,12,2,2,31,0,0,37,9,46,15,12,39,11,77,64,24,88,165
12/21/2021,BQN,PR,ASO,ES,Federal Contract Tower,28,13,3,0,44,0,0,64,4,68,28,13,67,4,112,124,0,124,236
12/22/2021,BQN,PR,ASO,ES,Federal Contract Tower,27,8,6,3,44,0,0,40,12,52,27,8,46,15,96,68,34,102,198
12/23/2021,BQN,PR,ASO,ES,Federal Contract Tower,22,10,2,0,34,0,0,44,18,62,22,10,46,18,96,10,0,10,106
12/24/2021,BQN,PR,ASO,ES,Federal Contract Tower,22,12,3,0,37,0,0,12,5,17,22,12,15,5,54,2,0,2,56
12/25/2021,BQN,PR,ASO,ES,Federal Contract Tower,11,0,2,0,13,0,0,7,2,9,11,0,9,2,22,0,0,0,22
12/26/2021,BQN,PR,ASO,ES,Federal Contract Tower,10,2,3,0,15,0,0,4,4,8,10,2,7,4,23,0,0,0,23
12/27/2021,BQN,PR,ASO,ES,Federal Contract Tower,15,5,7,0,27,0,0,41,14,55,15,5,48,14,82,48,48,96,178
12/28/2021,BQN,PR,ASO,ES,Federal Contract Tower,30,6,5,0,41,0,0,45,12,57,30,6,50,12,98,44,48,92,190
12/29/2021,BQN,PR,ASO,ES,Federal Contract Tower,29,8,2,0,39,0,12,67,5,84,29,20,69,5,123,88,0,88,211
12/30/2021,BQN,PR,ASO,ES,Federal Contract Tower,16,9,2,0,27,0,0,49,8,57,16,9,51,8,84,38,0,38,122
12/31/2021,BQN,PR,ASO,ES,Federal Contract Tower,20,5,6,0,31,0,0,21,1,22,20,5,27,1,53,14,0,14,67
01/01/2022,BQN,PR,ASO,ES,Federal Contract Tower,8,1,7,0,16,0,0,0,2,2,8,1,7,2,18,0,0,0,18
01/02/2022,BQN,PR,ASO,ES,Federal Contract Tower,9,0,11,1,21,0,0,10,4,14,9,0,21,5,35,8,0,8,43
01/03/2022,BQN,PR,ASO,ES,Federal Contract Tower,18,4,8,0,30,0,0,25,7,32,18,4,33,7,62,22,0,22,84
01/04/2022,BQN,PR,ASO,ES,Federal Contract Tower,25,6,3,0,34,0,0,65,4,69,25,6,68,4,103,136,0,136,239
01/05/2022,BQN,PR,ASO,ES,Federal Contract Tower,21,5,0,0,26,0,0,36,2,38,21,5,36,2,64,72,28,100,164
01/06/2022,BQN,PR,ASO,ES,Federal Contract Tower,11,7,7,0,25,0,0,17,6,23,11,7,24,6,48,0,40,40,88
01/07/2022,BQN,PR,ASO,ES,Federal Contract Tower,13,9,5,0,27,0,0,82,0,82,13,9,87,0,109,38,0,38,147
01/08/2022,BQN,PR,ASO,ES,Federal Contract Tower,6,0,4,0,10,0,0,54,4,58,6,0,58,4,68,42,22,64,132
01/09/2022,BQN,PR,ASO,ES,Federal Contract Tower,9,0,9,0,18,0,0,22,3,25,9,0,31,3,43,16,0,16,59
01/10/2022,BQN,PR,ASO,ES,Federal Contract Tower,13,5,2,0,20,0,0,24,13,37,13,5,26,13,57,34,116,150,207
01/11/2022,BQN,PR,ASO,ES,Federal Contract Tower,23,6,1,0,30,0,0,71,24,95,23,6,72,24,125,42,4,46,171
01/12/2022,BQN,PR,ASO,ES,Federal Contract Tower,36,6,3,2,47,0,0,37,17,54,36,6,40,19,101,66,58,124,225
01/13/2022,BQN,PR,ASO,ES,Federal Contract Tower,18,9,4,0,31,0,0,64,27,91,18,9,68,27,122,56,4,60,182
01/14/2022,BQN,PR,ASO,ES,Federal Contract Tower,20,9,8,0,37,0,0,59,14,73,20,9,67,14,110,16,86,102,212
01/15/2022,BQN,PR,ASO,ES,Federal Contract Tower,5,0,5,0,10,0,0,44,4,48,5,0,49,4,58,60,0,60,118
01/16/2022,BQN,PR,ASO,ES,Federal Contract Tower,5,0,22,0,27,0,0,12,4,16,5,0,34,4,43,2,0,2,45
01/17/2022,BQN,PR,ASO,ES,Federal Contract Tower,13,9,16,0,38,0,0,21,3,24,13,9,37,3,62,56,0,56,118
01/18/2022,BQN,PR,ASO,ES,Federal Contract Tower,25,6,6,0,37,0,0,52,13,65,25,6,58,13,102,42,42,84,186
01/19/2022,BQN,PR,ASO,ES,Federal Contract Tower,26,9,9,2,46,0,0,59,13,72,26,9,68,15,118,54,38,92,210
01/20/2022,BQN,PR,ASO,ES,Federal Contract Tower,14,13,2,0,29,0,0,28,5,33,14,13,30,5,62,74,34,108,170
01/21/2022,BQN,PR,ASO,ES,Federal Contract Tower,18,4,4,0,26,0,0,82,3,85,18,4,86,3,111,58,0,58,169
01/22/2022,BQN,PR,ASO,ES,Federal Contract Tower,6,0,1,4,11,0,0,10,2,12,6,0,11,6,23,10,10,20,43
01/23/2022,BQN,PR,ASO,ES,Federal Contract Tower,7,0,1,0,8,0,0,4,2,6,7,0,5,2,14,0,0,0,14
01/24/2022,BQN,PR,ASO,ES,Federal Contract Tower,16,2,4,1,23,0,0,23,13,36,16,2,27,14,59,62,62,124,183
01/25/2022,BQN,PR,ASO,ES,Federal Contract Tower,23,10,1,0,34,0,0,54,15,69,23,10,55,15,103,120,0,120,223
01/26/2022,BQN,PR,ASO,ES,Federal Contract Tower,22,7,5,0,34,0,0,59,12,71,22,7,64,12,105,86,42,128,233
01/27/2022,BQN,PR,ASO,ES,Federal Contract Tower,13,14,6,0,33,0,0,35,9,44,13,14,41,9,77,24,2,26,103
01/28/2022,BQN,PR,ASO,ES,Federal Contract Tower,20,8,5,0,33,0,0,52,10,62,20,8,57,10,95,46,0,46,141
01/29/2022,BQN,PR,ASO,ES,Federal Contract Tower,8,0,3,0,11,0,0,10,1,11,8,0,13,1,22,6,0,6,28
01/30/2022,BQN,PR,ASO,ES,Federal Contract Tower,3,1,2,0,6,0,0,10,0,10,3,1,12,0,16,8,0,8,24
01/31/2022,BQN,PR,ASO,ES,Federal Contract Tower,16,6,12,2,36,0,0,41,11,52,16,6,53,13,88,128,26,154,242
02/01/2022,BQN,PR,ASO,ES,Federal Contract Tower,25,8,8,1,42,0,0,40,8,48,25,8,48,9,90,114,16,130,220
02/02/2022,BQN,PR,ASO,ES,Federal Contract Tower,20,3,8,1,32,0,0,21,2,23,20,3,29,3,55,46,0,46,101
02/03/2022,BQN,PR,ASO,ES,Federal Contract Tower,18,6,2,1,27,0,0,37,14,51,18,6,39,15,78,76,38,114,192
02/04/2022,BQN,PR,ASO,ES,Federal Contract Tower,19,5,0,2,26,0,0,19,8,27,19,5,19,10,53,30,38,68,121
02/05/2022,BQN,PR,ASO,ES,Federal Contract Tower,4,0,2,0,6,0,0,5,1,6,4,0,7,1,12,0,0,0,12
02/06/2022,BQN,PR,ASO,ES,Federal Contract Tower,8,0,2,0,10,0,0,0,0,0,8,0,2,0,10,0,0,0,10
02/07/2022,BQN,PR,ASO,ES,Federal Contract Tower,20,5,3,1,29,0,0,29,12,41,20,5,32,13,70,42,84,126,196
02/08/2022,BQN,PR,ASO,ES,Federal Contract Tower,18,6,1,0,25,0,0,26,14,40,18,6,27,14,65,22,32,54,119
02/09/2022,BQN,PR,ASO,ES,Federal Contract Tower,18,6,4,0,28,0,0,18,4,22,18,6,22,4,50,20,10,30,80
02/10/2022,BQN,PR,ASO,ES,Federal Contract Tower,19,6,6,0,31,0,0,18,6,24,19,6,24,6,55,28,48,76,131
02/11/2022,BQN,PR,ASO,ES,Federal Contract Tower,16,7,5,0,28,0,0,31,3,34,16,7,36,3,62,68,14,82,144
02/12/2022,BQN,PR,ASO,ES,Federal Contract Tower,5,0,6,0,11,0,0,11,1,12,5,0,17,1,23,28,0,28,51
02/13/2022,BQN,PR,ASO,ES,Federal Contract Tower,8,0,2,0,10,0,0,14,2,16,8,0,16,2,26,26,0,26,52
02/14/2022,BQN,PR,ASO,ES,Federal Contract Tower,18,6,14,1,39,0,0,30,10,40,18,6,44,11,79,58,40,98,177
02/15/2022,BQN,PR,ASO,ES,Federal Contract Tower,22,6,5,2,35,0,0,44,11,55,22,6,49,13,90,50,34,84,174
02/16/2022,BQN,PR,ASO,ES,Federal Contract Tower,21,6,0,1,28,0,0,37,12,49,21,6,37,13,77,84,38,122,199
02/17/2022,BQN,PR,ASO,ES,Federal Contract Tower,16,10,3,0,29,0,0,60,24,84,16,10,63,24,113,80,4,84,197
02/18/2022,BQN,PR,ASO,ES,Federal Contract Tower,21,6,8,0,35,0,0,53,14,67,21,6,61,14,102,0,14,14,116
02/19/2022,BQN,PR,ASO,ES,Federal Contract Tower,8,0,2,0,10,0,0,27,2,29,8,0,29,2,39,40,6,46,85
02/20/2022,BQN,PR,ASO,ES,Federal Contract Tower,6,0,8,0,14,0,0,26,8,34,6,0,34,8,48,42,0,42,90
02/21/2022,BQN,PR,ASO,ES,Federal Contract Tower,11,7,7,0,25,0,0,25,10,35,11,7,32,10,60,46,14,60,120
02/22/2022,BQN,PR,ASO,ES,Federal Contract Tower,20,6,5,0,31,0,0,66,11,77,20,6,71,11,108,90,0,90,198
02/23/2022,BQN,PR,ASO,ES,Federal Contract Tower,15,7,5,3,30,0,0,28,18,46,15,7,33,21,76,54,54,108,184
02/24/2022,BQN,PR,ASO,ES,Federal Contract Tower,17,5,2,0,24,0,0,24,3,27,17,5,26,3,51,48,4,52,103
02/25/2022,BQN,PR,ASO,ES,Federal Contract Tower,16,8,2,0,26,0,0,84,19,103,16,8,86,19,129,114,82,196,325
02/26/2022,BQN,PR,ASO,ES,Federal Contract Tower,6,1,2,0,9,0,0,17,1,18,6,1,19,1,27,20,0,20,47
02/27/2022,BQN,PR,ASO,ES,Federal Contract Tower,2,0,7,0,9,0,0,7,2,9,2,0,14,2,18,4,0,4,22
02/28/2022,BQN,PR,ASO,ES,Federal Contract Tower,10,4,6,1,21,0,0,24,12,36,10,4,30,13,57,44,34,78,135
03/01/2022,BQN,PR,ASO,ES,Federal Contract Tower,20,9,2,0,31,0,0,60,24,84,20,9,62,24,115,54,36,90,205
03/02/2022,BQN,PR,ASO,ES,Federal Contract Tower,21,7,5,0,33,0,0,35,20,55,21,7,40,20,88,22,48,70,158
03/03/2022,BQN,PR,ASO,ES,Federal Contract Tower,13,8,4,0,25,0,0,33,12,45,13,8,37,12,70,50,28,78,148
03/04/2022,BQN,PR,ASO,ES,Federal Contract Tower,24,4,9,1,38,0,0,90,1,91,24,4,99,2,129,64,0,64,193
03/05/2022,BQN,PR,ASO,ES,Federal Contract Tower,4,0,6,0,10,0,0,31,4,35,4,0,37,4,45,10,0,10,55
03/06/2022,BQN,PR,ASO,ES,Federal Contract Tower,4,0,2,0,6,0,0,10,4,14,4,0,12,4,20,0,0,0,20
03/07/2022,BQN,PR,ASO,ES,Federal Contract Tower,12,8,5,0,25,0,0,30,11,41,12,8,35,11,66,56,70,126,192
03/08/2022,BQN,PR,ASO,ES,Federal Contract Tower,18,8,1,0,27,0,0,37,13,50,18,8,38,13,77,46,0,46,123
03/09/2022,BQN,PR,ASO,ES,Federal Contract Tower,14,8,1,0,23,0,0,34,12,46,14,8,35,12,69,82,94,176,245
03/10/2022,BQN,PR,ASO,ES,Federal Contract Tower,16,6,3,2,27,0,0,34,8,42,16,6,37,10,69,78,2,80,149
03/11/2022,BQN,PR,ASO,ES,Federal Contract Tower,22,7,5,0,34,0,0,40,12,52,22,7,45,12,86,64,22,86,172
03/12/2022,BQN,PR,ASO,ES,Federal Contract Tower,5,0,9,2,16,0,0,36,2,38,5,0,45,4,54,34,0,34,88
03/13/2022,BQN,PR,ASO,ES,Federal Contract Tower,4,0,4,2,10,0,0,14,3,17,4,0,18,5,27,0,0,0,27
03/14/2022,BQN,PR,ASO,ES,Federal Contract Tower,16,4,1,1,22,0,0,36,10,46,16,4,37,11,68,32,85,117,185
03/15/2022,BQN,PR,ASO,ES,Federal Contract Tower,19,6,1,0,26,0,0,50,18,68,19,6,51,18,94,46,62,108,202
03/16/2022,BQN,PR,ASO,ES,Federal Contract Tower,16,6,5,8,35,0,0,25,15,40,16,6,30,23,75,52,46,98,173
03/17/2022,BQN,PR,ASO,ES,Federal Contract Tower,18,7,2,0,27,0,0,40,16,56,18,7,42,16,83,48,0,48,131
03/18/2022,BQN,PR,ASO,ES,Federal Contract Tower,17,11,4,0,32,0,0,59,7,66,17,11,63,7,98,32,28,60,158
03/19/2022,BQN,PR,ASO,ES,Federal Contract Tower,5,0,3,0,8,0,0,50,5,55,5,0,53,5,63,48,0,48,111
03/20/2022,BQN,PR,ASO,ES,Federal Contract Tower,4,0,4,0,8,0,0,31,2,33,4,0,35,2,41,4,0,4,45
03/21/2022,BQN,PR,ASO,ES,Federal Contract Tower,17,4,3,2,26,0,0,20,12,32,17,4,23,14,58,26,60,86,144
03/22/2022,BQN,PR,ASO,ES,Federal Contract Tower,22,7,4,0,33,0,0,30,14,44,22,7,34,14,77,32,22,54,131
03/23/2022,BQN,PR,ASO,ES,Federal Contract Tower,16,9,7,1,33,0,0,23,15,38,16,9,30,16,71,22,44,66,137
03/24/2022,BQN,PR,ASO,ES,Federal Contract Tower,24,10,2,0,36,0,0,43,19,62,24,10,45,19,98,44,2,46,144
03/25/2022,BQN,PR,ASO,ES,Federal Contract Tower,20,5,7,1,33,0,0,53,13,66,20,5,60,14,99,56,62,118,217
03/26/2022,BQN,PR,ASO,ES,Federal Contract Tower,7,0,7,0,14,0,0,9,1,10,7,0,16,1,24,6,0,6,30
03/27/2022,BQN,PR,ASO,ES,Federal Contract Tower,9,0,5,0,14,3,0,20,8,31,12,0,25,8,45,10,0,10,55
03/28/2022,BQN,PR,ASO,ES,Federal Contract Tower,19,1,5,2,27,0,0,21,6,27,19,1,26,8,54,36,78,114,168
03/29/2022,BQN,PR,ASO,ES,Federal Contract Tower,19,9,0,0,28,0,0,31,21,52,19,9,31,21,80,36,40,76,156
03/30/2022,BQN,PR,ASO,ES,Federal Contract Tower,16,4,5,1,26,0,0,29,12,41,16,4,34,13,67,56,34,90,157
03/31/2022,BQN,PR,ASO,ES,Federal Contract Tower,16,8,3,1,28,0,0,31,10,41,16,8,34,11,69,46,0,46,115
04/01/2022,BQN,PR,ASO,ES,Federal Contract Tower,21,8,5,2,36,0,0,43,2,45,21,8,48,4,81,28,14,42,123
04/02/2022,BQN,PR,ASO,ES,Federal Contract Tower,4,0,4,1,9,0,0,14,8,22,4,0,18,9,31,20,0,20,51
04/03/2022,BQN,PR,ASO,ES,Federal Contract Tower,6,0,5,1,12,0,0,21,5,26,6,0,26,6,38,10,0,10,48
04/04/2022,BQN,PR,ASO,ES,Federal Contract Tower,15,5,11,5,36,0,0,35,12,47,15,5,46,17,83,48,56,104,187
04/05/2022,BQN,PR,ASO,ES,Federal Contract Tower,18,7,2,1,28,0,0,28,16,44,18,7,30,17,72,20,34,54,126
04/06/2022,BQN,PR,ASO,ES,Federal Contract Tower,17,5,9,0,31,0,0,55,2,57,17,5,64,2,88,48,0,48,136
04/07/2022,BQN,PR,ASO,ES,Federal Contract Tower,16,7,1,3,27,0,0,12,11,23,16,7,13,14,50,4,6,10,60
04/08/2022,BQN,PR,ASO,ES,Federal Contract Tower,17,7,5,0,29,0,0,25,6,31,17,7,30,6,60,34,76,110,170
04/09/2022,BQN,PR,ASO,ES,Federal Contract Tower,7,1,4,1,13,0,0,37,3,40,7,1,41,4,53,6,0,6,59
04/10/2022,BQN,PR,ASO,ES,Federal Contract Tower,7,0,6,0,13,0,0,22,2,24,7,0,28,2,37,0,0,0,37
04/11/2022,BQN,PR,ASO,ES,Federal Contract Tower,18,7,1,1,27,0,0,32,11,43,18,7,33,12,70,34,20,54,124
04/12/2022,BQN,PR,ASO,ES,Federal Contract Tower,21,8,3,2,34,0,0,55,14,69,21,8,58,16,103,48,32,80,183
04/13/2022,BQN,PR,ASO,ES,Federal Contract Tower,17,6,3,1,27,0,0,51,8,59,17,6,54,9,86,40,30,70,156
04/14/2022,BQN,PR,ASO,ES,Federal Contract Tower,14,4,5,0,23,0,0,22,9,31,14,4,27,9,54,12,0,12,66
04/15/2022,BQN,PR,ASO,ES,Federal Contract Tower,8,3,2,2,15,0,0,46,10,56,8,3,48,12,71,22,0,22,93
04/16/2022,BQN,PR,ASO,ES,Federal Contract Tower,4,0,2,1,7,0,0,5,3,8,4,0,7,4,15,0,0,0,15
04/17/2022,BQN,PR,ASO,ES,Federal Contract Tower,6,0,9,0,15,0,0,14,1,15,6,0,23,1,30,0,0,0,30
04/18/2022,BQN,PR,ASO,ES,Federal Contract Tower,12,3,4,1,20,0,0,25,9,34,12,3,29,10,54,26,26,52,106
04/19/2022,BQN,PR,ASO,ES,Federal Contract Tower,21,9,4,3,37,0,0,70,13,83,21,9,74,16,120,40,0,40,160
04/20/2022,BQN,PR,ASO,ES,Federal Contract Tower,18,7,7,2,34,0,0,32,20,52,18,7,39,22,86,26,32,58,144
04/21/2022,BQN,PR,ASO,ES,Federal Contract Tower,21,6,5,0,32,0,0,43,24,67,21,6,48,24,99,18,56,74,173
04/22/2022,BQN,PR,ASO,ES,Federal Contract Tower,19,7,3,2,31,0,0,21,24,45,19,7,24,26,76,12,48,60,136
04/23/2022,BQN,PR,ASO,ES,Federal Contract Tower,3,0,2,3,8,0,0,24,1,25,3,0,26,4,33,10,0,10,43
04/24/2022,BQN,PR,ASO,ES,Federal Contract Tower,4,0,9,2,15,0,0,14,2,16,4,0,23,4,31,6,0,6,37
04/25/2022,BQN,PR,ASO,ES,Federal Contract Tower,21,2,5,0,28,0,0,23,15,38,21,2,28,15,66,36,78,114,180
04/26/2022,BQN,PR,ASO,ES,Federal Contract Tower,22,7,3,0,32,0,0,47,14,61,22,7,50,14,93,34,22,56,149
04/27/2022,BQN,PR,ASO,ES,Federal Contract Tower,19,4,4,2,29,0,0,57,2,59,19,4,61,4,88,94,0,94,182
04/28/2022,BQN,PR,ASO,ES,Federal Contract Tower,16,6,5,0,27,0,0,47,20,67,16,6,52,20,94,90,0,90,184
04/29/2022,BQN,PR,ASO,ES,Federal Contract Tower,22,3,4,1,30,0,0,61,14,75,22,3,65,15,105,22,82,104,209
04/30/2022,BQN,PR,ASO,ES,Federal Contract Tower,4,1,2,0,7,0,0,0,6,6,4,1,2,6,13,0,0,0,13
05/01/2022,BQN,PR,ASO,ES,Federal Contract Tower,5,0,2,2,9,0,0,8,2,10,5,0,10,4,19,12,0,12,31
05/02/2022,BQN,PR,ASO,ES,Federal Contract Tower,12,4,3,1,20,0,0,20,7,27,12,4,23,8,47,40,16,56,103
05/03/2022,BQN,PR,ASO,ES,Federal Contract Tower,19,8,0,2,29,0,0,28,22,50,19,8,28,24,79,40,26,66,145
05/04/2022,BQN,PR,ASO,ES,Federal Contract Tower,26,5,5,2,38,0,0,26,6,32,26,5,31,8,70,42,20,62,132
05/05/2022,BQN,PR,ASO,ES,Federal Contract Tower,19,6,1,0,26,0,0,28,14,42,19,6,29,14,68,28,4,32,100
05/06/2022,BQN,PR,ASO,ES,Federal Contract Tower,30,4,2,0,36,0,0,30,5,35,30,4,32,5,71,44,0,44,115
05/07/2022,BQN,PR,ASO,ES,Federal Contract Tower,7,0,1,0,8,0,0,35,5,40,7,0,36,5,48,22,0,22,70
05/08/2022,BQN,PR,ASO,ES,Federal Contract Tower,9,0,3,0,12,0,0,15,7,22,9,0,18,7,34,0,0,0,34
05/09/2022,BQN,PR,ASO,ES,Federal Contract Tower,31,4,6,0,41,0,0,38,8,46,31,4,44,8,87,34,20,54,141
05/10/2022,BQN,PR,ASO,ES,Federal Contract Tower,21,7,1,0,29,0,0,84,32,116,21,7,85,32,145,66,44,110,255
05/11/2022,BQN,PR,ASO,ES,Federal Contract Tower,27,7,4,0,38,0,0,37,4,41,27,7,41,4,79,90,0,90,169
05/12/2022,BQN,PR,ASO,ES,Federal Contract Tower,21,7,5,0,33,0,0,41,23,64,21,7,46,23,97,38,0,38,135
05/13/2022,BQN,PR,ASO,ES,Federal Contract Tower,22,3,5,0,30,0,0,30,9,39,22,3,35,9,69,38,0,38,107
05/14/2022,BQN,PR,ASO,ES,Federal Contract Tower,6,0,2,0,8,0,0,31,4,35,6,0,33,4,43,22,0,22,65
05/15/2022,BQN,PR,ASO,ES,Federal Contract Tower,8,0,3,1,12,0,0,12,5,17,8,0,15,6,29,16,0,16,45
05/16/2022,BQN,PR,ASO,ES,Federal Contract Tower,27,3,2,0,32,0,0,42,10,52,27,3,44,10,84,78,22,100,184
05/17/2022,BQN,PR,ASO,ES,Federal Contract Tower,22,9,4,0,35,0,0,48,11,59,22,9,52,11,94,54,12,66,160
05/18/2022,BQN,PR,ASO,ES,Federal Contract Tower,29,4,1,0,34,0,0,46,10,56,29,4,47,10,90,102,0,102,192
05/19/2022,BQN,PR,ASO,ES,Federal Contract Tower,22,3,2,0,27,0,0,29,11,40,22,3,31,11,67,62,26,88,155
05/20/2022,BQN,PR,ASO,ES,Federal Contract Tower,26,4,4,0,34,0,0,39,11,50,26,4,43,11,84,56,38,94,178
05/21/2022,BQN,PR,ASO,ES,Federal Contract Tower,10,0,3,0,13,0,0,23,3,26,10,0,26,3,39,18,0,18,57
05/22/2022,BQN,PR,ASO,ES,Federal Contract Tower,9,0,5,0,14,0,0,8,2,10,9,0,13,2,24,10,10,20,44
05/23/2022,BQN,PR,ASO,ES,Federal Contract Tower,27,3,1,0,31,0,0,40,12,52,27,3,41,12,83,54,48,102,185
05/24/2022,BQN,PR,ASO,ES,Federal Contract Tower,22,5,2,0,29,0,0,31,13,44,22,5,33,13,73,52,70,122,195
05/25/2022,BQN,PR,ASO,ES,Federal Contract Tower,27,5,2,0,34,0,0,34,9,43,27,5,36,9,77,36,16,52,129
05/26/2022,BQN,PR,ASO,ES,Federal Contract Tower,23,2,4,0,29,0,0,40,14,54,23,2,44,14,83,34,8,42,125
05/27/2022,BQN,PR,ASO,ES,Federal Contract Tower,25,2,4,0,31,0,0,23,4,27,25,2,27,4,58,18,0,18,76
05/28/2022,BQN,PR,ASO,ES,Federal Contract Tower,9,1,5,0,15,0,0,12,7,19,9,1,17,7,34,0,20,20,54
05/29/2022,BQN,PR,ASO,ES,Federal Contract Tower,6,0,2,0,8,0,0,5,7,12,6,0,7,7,20,0,32,32,52
05/30/2022,BQN,PR,ASO,ES,Federal Contract Tower,8,0,2,1,11,0,0,21,5,26,8,0,23,6,37,0,0,0,37
05/31/2022,BQN,PR,ASO,ES,Federal Contract Tower,24,6,2,1,33,0,0,44,16,60,24,6,46,17,93,56,34,90,183
06/01/2022,BQN,PR,ASO,ES,Federal Contract Tower,23,6,2,1,32,0,0,42,13,55,23,6,44,14,87,80,40,120,207
06/02/2022,BQN,PR,ASO,ES,Federal Contract Tower,22,2,5,0,29,0,0,19,5,24,22,2,24,5,53,50,0,50,103
06/03/2022,BQN,PR,ASO,ES,Federal Contract Tower,31,5,3,0,39,0,0,21,4,25,31,5,24,4,64,28,30,58,122
06/04/2022,BQN,PR,ASO,ES,Federal Contract Tower,6,0,0,0,6,0,0,7,2,9,6,0,7,2,15,2,0,2,17
06/05/2022,BQN,PR,ASO,ES,Federal Contract Tower,8,0,3,0,11,0,0,5,5,10,8,0,8,5,21,0,2,2,23
06/06/2022,BQN,PR,ASO,ES,Federal Contract Tower,23,3,4,4,34,1,0,36,10,47,24,3,40,14,81,44,40,84,165
06/07/2022,BQN,PR,ASO,ES,Federal Contract Tower,24,10,3,5,42,0,0,38,14,52,24,10,41,19,94,52,40,92,186
06/08/2022,BQN,PR,ASO,ES,Federal Contract Tower,26,4,3,6,39,0,0,54,8,62,26,4,57,14,101,46,6,52,153
06/09/2022,BQN,PR,ASO,ES,Federal Contract Tower,18,10,3,3,34,0,0,51,24,75,18,10,54,27,109,32,20,52,161
06/10/2022,BQN,PR,ASO,ES,Federal Contract Tower,29,4,6,0,39,0,0,36,2,38,29,4,42,2,77,24,4,28,105
06/11/2022,BQN,PR,ASO,ES,Federal Contract Tower,9,2,7,1,19,0,0,6,10,16,9,2,13,11,35,0,24,24,59
06/12/2022,BQN,PR,ASO,ES,Federal Contract Tower,11,0,0,0,11,0,0,16,5,21,11,0,16,5,32,0,8,8,40
06/13/2022,BQN,PR,ASO,ES,Federal Contract Tower,24,6,6,1,37,0,0,28,12,40,24,6,34,13,77,32,62,94,171
06/14/2022,BQN,PR,ASO,ES,Federal Contract Tower,25,5,0,0,30,0,0,37,19,56,25,5,37,19,86,32,36,68,154
06/15/2022,BQN,PR,ASO,ES,Federal Contract Tower,27,6,5,0,38,0,0,32,15,47,27,6,37,15,85,30,96,126,211
06/16/2022,BQN,PR,ASO,ES,Federal Contract Tower,22,6,5,3,36,0,0,25,3,28,22,6,30,6,64,12,6,18,82
06/17/2022,BQN,PR,ASO,ES,Federal Contract Tower,28,3,5,0,36,0,0,39,2,41,28,3,44,2,77,11,0,11,88
06/18/2022,BQN,PR,ASO,ES,Federal Contract Tower,7,0,2,0,9,0,0,16,7,23,7,0,18,7,32,4,20,24,56
06/19/2022,BQN,PR,ASO,ES,Federal Contract Tower,9,0,1,0,10,0,0,9,5,14,9,0,10,5,24,6,0,6,30
06/20/2022,BQN,PR,ASO,ES,Federal Contract Tower,23,8,6,0,37,0,0,34,8,42,23,8,40,8,79,34,36,70,149
06/21/2022,BQN,PR,ASO,ES,Federal Contract Tower,20,7,11,1,39,0,0,44,15,59,20,7,55,16,98,44,34,78,176
06/22/2022,BQN,PR,ASO,ES,Federal Contract Tower,25,3,1,0,29,0,0,30,14,44,25,3,31,14,73,8,64,72,145
06/23/2022,BQN,PR,ASO,ES,Federal Contract Tower,24,5,0,0,29,0,0,36,9,45,24,5,36,9,74,16,18,34,108
06/24/2022,BQN,PR,ASO,ES,Federal Contract Tower,28,5,3,0,36,0,0,54,11,65,28,5,57,11,101,46,28,74,175
06/25/2022,BQN,PR,ASO,ES,Federal Contract Tower,4,0,3,0,7,0,0,27,9,36,4,0,30,9,43,20,20,40,83
06/26/2022,BQN,PR,ASO,ES,Federal Contract Tower,10,0,8,0,18,0,0,15,4,19,10,0,23,4,37,4,0,4,41
06/27/2022,BQN,PR,ASO,ES,Federal Contract Tower,28,3,5,0,36,0,0,32,14,46,28,3,37,14,82,34,34,68,150
06/28/2022,BQN,PR,ASO,ES,Federal Contract Tower,22,5,1,2,30,0,0,42,17,59,22,5,43,19,89,36,42,78,167
06/29/2022,BQN,PR,ASO,ES,Federal Contract Tower,27,4,1,2,34,0,0,47,8,55,27,4,48,10,89,58,2,60,149
06/30/2022,BQN,PR,ASO,ES,Federal Contract Tower,21,4,4,0,29,0,0,14,12,26,21,4,18,12,55,16,2,18,73
07/01/2022,BQN,PR,ASO,ES,Federal Contract Tower,25,2,10,0,37,0,0,27,3,30,25,2,37,3,67,16,0,16,83
07/02/2022,BQN,PR,ASO,ES,Federal Contract Tower,9,0,2,0,11,0,0,2,1,3,9,0,4,1,14,0,0,0,14
07/03/2022,BQN,PR,ASO,ES,Federal Contract Tower,10,0,2,2,14,0,0,1,2,3,10,0,3,4,17,0,26,26,43
07/04/2022,BQN,PR,ASO,ES,Federal Contract Tower,13,0,0,0,13,0,0,12,8,20,13,0,12,8,33,0,0,0,33
07/05/2022,BQN,PR,ASO,ES,Federal Contract Tower,25,6,5,0,36,0,0,31,13,44,25,6,36,13,80,26,32,58,138
07/06/2022,BQN,PR,ASO,ES,Federal Contract Tower,26,10,2,0,38,0,0,26,10,36,26,10,28,10,74,22,30,52,126
07/07/2022,BQN,PR,ASO,ES,Federal Contract Tower,25,4,1,0,30,0,0,22,12,34,25,4,23,12,64,40,18,58,122
07/08/2022,BQN,PR,ASO,ES,Federal Contract Tower,32,6,7,0,45,0,0,27,6,33,32,6,34,6,78,40,0,40,118
07/09/2022,BQN,PR,ASO,ES,Federal Contract Tower,8,0,2,0,10,0,0,19,3,22,8,0,21,3,32,10,0,10,42
07/10/2022,BQN,PR,ASO,ES,Federal Contract Tower,10,0,3,0,13,0,0,14,4,18,10,0,17,4,31,16,0,16,47
07/11/2022,BQN,PR,ASO,ES,Federal Contract Tower,24,5,2,1,32,0,0,28,13,41,24,5,30,14,73,30,70,100,173
07/12/2022,BQN,PR,ASO,ES,Federal Contract Tower,24,7,2,1,34,0,0,44,13,57,24,7,46,14,91,40,26,66,157
07/13/2022,BQN,PR,ASO,ES,Federal Contract Tower,22,6,6,1,35,0,0,23,7,30,22,6,29,8,65,34,28,62,127
07/14/2022,BQN,PR,ASO,ES,Federal Contract Tower,17,12,4,2,35,0,0,35,12,47,17,12,39,14,82,48,0,48,130
07/15/2022,BQN,PR,ASO,ES,Federal Contract Tower,26,7,3,0,36,0,0,70,4,74,26,7,73,4,110,58,28,86,196
07/16/2022,BQN,PR,ASO,ES,Federal Contract Tower,9,0,0,0,9,0,0,44,9,53,9,0,44,9,62,22,0,22,84
07/17/2022,BQN,PR,ASO,ES,Federal Contract Tower,10,0,1,0,11,0,0,20,4,24,10,0,21,4,35,28,18,46,81
07/18/2022,BQN,PR,ASO,ES,Federal Contract Tower,22,6,2,2,32,0,0,28,10,38,22,6,30,12,70,36,76,112,182
07/19/2022,BQN,PR,ASO,ES,Federal Contract Tower,20,9,4,0,33,0,0,48,15,63,20,9,52,15,96,88,2,90,186
07/20/2022,BQN,PR,ASO,ES,Federal Contract Tower,21,9,0,0,30,0,0,37,13,50,21,9,37,13,80,56,30,86,166
07/21/2022,BQN,PR,ASO,ES,Federal Contract Tower,19,8,3,1,31,0,0,27,21,48,19,8,30,22,79,12,4,16,95
07/22/2022,BQN,PR,ASO,ES,Federal Contract Tower,28,3,2,0,33,0,0,33,9,42,28,3,35,9,75,32,36,68,143
07/23/2022,BQN,PR,ASO,ES,Federal Contract Tower,9,0,4,0,13,0,0,72,5,77,9,0,76,5,90,74,0,74,164
07/24/2022,BQN,PR,ASO,ES,Federal Contract Tower,11,0,0,0,11,0,0,27,8,35,11,0,27,8,46,38,0,38,84
07/25/2022,BQN,PR,ASO,ES,Federal Contract Tower,21,4,1,1,27,0,0,27,13,40,21,4,28,14,67,46,18,64,131
07/26/2022,BQN,PR,ASO,ES,Federal Contract Tower,24,7,0,1,32,0,0,76,20,96,24,7,76,21,128,38,10,48,176
07/27/2022,BQN,PR,ASO,ES,Federal Contract Tower,23,6,8,0,37,0,0,86,9,95,23,6,94,9,132,50,12,62,194
07/28/2022,BQN,PR,ASO,ES,Federal Contract Tower,19,9,1,0,29,0,0,55,19,74,19,9,56,19,103,44,2,46,149
07/30/2022,BQN,PR,ASO,ES,Federal Contract Tower,8,0,7,0,15,0,0,21,8,29,8,0,28,8,44,30,0,30,74
07/31/2022,BQN,PR,ASO,ES,Federal Contract Tower,14,0,2,1,17,0,0,22,1,23,14,0,24,2,40,6,0,6,46
08/01/2022,BQN,PR,ASO,ES,Federal Contract Tower,20,5,2,0,27,0,0,33,11,44,20,5,35,11,71,44,46,90,161
08/02/2022,BQN,PR,ASO,ES,Federal Contract Tower,22,7,0,2,31,0,0,58,13,71,22,7,58,15,102,74,18,92,194
08/03/2022,BQN,PR,ASO,ES,Federal Contract Tower,29,9,0,1,39,0,0,55,10,65,29,9,55,11,104,52,26,78,182
08/04/2022,BQN,PR,ASO,ES,Federal Contract Tower,23,7,6,0,36,0,0,58,8,66,23,7,64,8,102,46,0,46,148
08/05/2022,BQN,PR,ASO,ES,Federal Contract Tower,25,6,0,0,31,0,0,61,5,66,25,6,61,5,97,68,0,68,165
08/06/2022,BQN,PR,ASO,ES,Federal Contract Tower,10,0,7,0,17,0,0,16,5,21,10,0,23,5,38,34,4,38,76
08/07/2022,BQN,PR,ASO,ES,Federal Contract Tower,12,0,4,0,16,0,0,4,2,6,12,0,8,2,22,18,0,18,40
08/08/2022,BQN,PR,ASO,ES,Federal Contract Tower,22,7,2,0,31,0,0,46,13,59,22,7,48,13,90,48,38,86,176
08/09/2022,BQN,PR,ASO,ES,Federal Contract Tower,26,4,2,0,32,0,0,77,18,95,26,4,79,18,127,32,20,52,179
08/10/2022,BQN,PR,ASO,ES,Federal Contract Tower,24,11,5,0,40,0,0,63,0,63,24,11,68,0,103,36,0,36,139
08/11/2022,BQN,PR,ASO,ES,Federal Contract Tower,20,10,5,3,38,0,0,66,12,78,20,10,71,15,116,54,0,54,170
08/12/2022,BQN,PR,ASO,ES,Federal Contract Tower,27,5,0,1,33,0,0,43,6,49,27,5,43,7,82,32,0,32,114
08/13/2022,BQN,PR,ASO,ES,Federal Contract Tower,10,0,6,0,16,0,0,26,2,28,10,0,32,2,44,32,0,32,76
08/14/2022,BQN,PR,ASO,ES,Federal Contract Tower,10,0,5,1,16,0,0,21,4,25,10,0,26,5,41,28,0,28,69
08/15/2022,BQN,PR,ASO,ES,Federal Contract Tower,23,6,3,1,33,0,0,31,12,43,23,6,34,13,76,36,32,68,144
08/16/2022,BQN,PR,ASO,ES,Federal Contract Tower,24,6,2,0,32,0,0,76,17,93,24,6,78,17,125,36,22,58,183
08/17/2022,BQN,PR,ASO,ES,Federal Contract Tower,25,4,4,1,34,0,0,45,15,60,25,4,49,16,94,34,64,98,192
08/18/2022,BQN,PR,ASO,ES,Federal Contract Tower,19,12,2,0,33,0,0,61,15,76,19,12,63,15,109,68,4,72,181
08/19/2022,BQN,PR,ASO,ES,Federal Contract Tower,31,4,3,0,38,0,0,32,7,39,31,4,35,7,77,22,8,30,107
08/20/2022,BQN,PR,ASO,ES,Federal Contract Tower,6,2,3,0,11,0,0,4,6,10,6,2,7,6,21,0,30,30,51
08/21/2022,BQN,PR,ASO,ES,Federal Contract Tower,10,0,0,0,10,0,0,10,7,17,10,0,10,7,27,14,0,14,41
08/22/2022,BQN,PR,ASO,ES,Federal Contract Tower,25,8,1,1,35,0,0,35,15,50,25,8,36,16,85,44,34,78,163
08/23/2022,BQN,PR,ASO,ES,Federal Contract Tower,24,7,1,0,32,0,0,45,25,70,24,7,46,25,102,40,36,76,178
08/24/2022,BQN,PR,ASO,ES,Federal Contract Tower,23,6,5,0,34,0,0,42,21,63,23,6,47,21,97,20,28,48,145
08/25/2022,BQN,PR,ASO,ES,Federal Contract Tower,18,13,4,2,37,0,0,52,22,74,18,13,56,24,111,38,2,40,151
08/26/2022,BQN,PR,ASO,ES,Federal Contract Tower,33,6,1,0,40,0,0,60,2,62,33,6,61,2,102,8,0,8,110
08/27/2022,BQN,PR,ASO,ES,Federal Contract Tower,8,0,0,1,9,0,0,19,1,20,8,0,19,2,29,2,0,2,31
08/28/2022,BQN,PR,ASO,ES,Federal Contract Tower,10,0,5,0,15,0,0,15,1,16,10,0,20,1,31,10,0,10,41
08/29/2022,BQN,PR,ASO,ES,Federal Contract Tower,26,5,4,0,35,0,0,33,11,44,26,5,37,11,79,46,36,82,161
08/30/2022,BQN,PR,ASO,ES,Federal Contract Tower,22,8,3,0,33,0,0,55,24,79,22,8,58,24,112,46,24,70,182
08/31/2022,BQN,PR,ASO,ES,Federal Contract Tower,23,8,4,0,35,0,0,27,33,60,23,8,31,33,95,38,54,92,187
09/01/2022,BQN,PR,ASO,ES,Federal Contract Tower,19,10,6,0,35,0,0,48,12,60,19,10,54,12,95,64,12,76,171
09/02/2022,BQN,PR,ASO,ES,Federal Contract Tower,28,8,2,0,38,0,0,56,4,60,28,8,58,4,98,2,0,2,100
09/03/2022,BQN,PR,ASO,ES,Federal Contract Tower,6,0,0,0,6,0,0,5,8,13,6,0,5,8,19,4,4,8,27
09/04/2022,BQN,PR,ASO,ES,Federal Contract Tower,14,0,2,0,16,0,0,8,6,14,14,0,10,6,30,0,4,4,34
09/05/2022,BQN,PR,ASO,ES,Federal Contract Tower,14,0,3,0,17,0,0,24,7,31,14,0,27,7,48,28,44,72,120
09/06/2022,BQN,PR,ASO,ES,Federal Contract Tower,24,6,3,1,34,0,0,47,10,57,24,6,50,11,91,52,26,78,169
09/07/2022,BQN,PR,ASO,ES,Federal Contract Tower,22,11,5,1,39,0,0,58,11,69,22,11,63,12,108,46,0,46,154
09/08/2022,BQN,PR,ASO,ES,Federal Contract Tower,20,10,1,4,35,0,0,60,10,70,20,10,61,14,105,68,0,68,173
09/09/2022,BQN,PR,ASO,ES,Federal Contract Tower,32,8,5,0,45,0,0,35,8,43,32,8,40,8,88,34,0,34,122
09/10/2022,BQN,PR,ASO,ES,Federal Contract Tower,6,0,2,0,8,0,0,31,5,36,6,0,33,5,44,12,0,12,56
09/11/2022,BQN,PR,ASO,ES,Federal Contract Tower,9,0,3,0,12,0,0,11,5,16,9,0,14,5,28,2,6,8,36
09/12/2022,BQN,PR,ASO,ES,Federal Contract Tower,24,10,0,0,34,0,0,27,9,36,24,10,27,9,70,32,12,44,114
09/13/2022,BQN,PR,ASO,ES,Federal Contract Tower,23,8,4,0,35,0,0,40,19,59,23,8,44,19,94,44,18,62,156
09/14/2022,BQN,PR,ASO,ES,Federal Contract Tower,22,6,7,0,35,0,0,38,6,44,22,6,45,6,79,60,16,76,155
09/15/2022,BQN,PR,ASO,ES,Federal Contract Tower,24,11,4,0,39,0,0,50,2,52,24,11,54,2,91,28,0,28,119
09/16/2022,BQN,PR,ASO,ES,Federal Contract Tower,24,8,6,0,38,0,0,27,3,30,24,8,33,3,68,2,4,6,74
09/17/2022,BQN,PR,ASO,ES,Federal Contract Tower,3,0,0,0,3,0,0,0,4,4,3,0,0,4,7,0,0,0,7
09/18/2022,BQN,PR,ASO,ES,Federal Contract Tower,0,0,0,0,0,0,0,0,0,0,0,0,0,0,0,0,0,0,0
09/19/2022,BQN,PR,ASO,ES,Federal Contract Tower,9,1,0,1,11,0,0,5,2,7,9,1,5,3,18,0,0,0,18
09/20/2022,BQN,PR,ASO,ES,Federal Contract Tower,20,9,0,0,29,0,0,48,11,59,20,9,48,11,88,0,0,0,88
09/21/2022,BQN,PR,ASO,ES,Federal Contract Tower,22,10,1,0,33,0,0,71,16,87,22,10,72,16,120,44,2,46,166
09/22/2022,BQN,PR,ASO,ES,Federal Contract Tower,15,15,5,0,35,0,0,52,5,57,15,15,57,5,92,52,0,52,144
09/23/2022,BQN,PR,ASO,ES,Federal Contract Tower,31,9,2,2,44,0,0,38,14,52,31,9,40,16,96,40,38,78,174
09/24/2022,BQN,PR,ASO,ES,Federal Contract Tower,9,1,3,1,14,0,0,36,4,40,9,1,39,5,54,22,0,22,76
09/25/2022,BQN,PR,ASO,ES,Federal Contract Tower,10,0,0,0,10,0,0,20,12,32,10,0,20,12,42,0,12,12,54
09/26/2022,BQN,PR,ASO,ES,Federal Contract Tower,28,7,5,2,42,0,0,39,16,55,28,7,44,18,97,32,40,72,169
09/27/2022,BQN,PR,ASO,ES,Federal Contract Tower,21,9,3,0,33,0,0,61,15,76,21,9,64,15,109,22,80,102,211
09/28/2022,BQN,PR,ASO,ES,Federal Contract Tower,19,7,3,1,30,0,0,41,12,53,19,7,44,13,83,42,54,96,179
09/29/2022,BQN,PR,ASO,ES,Federal Contract Tower,16,10,1,0,27,0,0,29,12,41,16,10,30,12,68,26,0,26,94
09/30/2022,BQN,PR,ASO,ES,Federal Contract Tower,25,4,0,0,29,0,0,33,3,36,25,4,33,3,65,22,0,22,87
10/01/2022,BQN,PR,ASO,ES,Federal Contract Tower,3,0,1,1,5,0,0,27,4,31,3,0,28,5,36,16,0,16,52
10/02/2022,BQN,PR,ASO,ES,Federal Contract Tower,10,0,0,0,10,0,0,11,1,12,10,0,11,1,22,4,0,4,26
10/03/2022,BQN,PR,ASO,ES,Federal Contract Tower,16,13,4,0,33,0,0,37,12,49,16,13,41,12,82,28,42,70,152
10/04/2022,BQN,PR,ASO,ES,Federal Contract Tower,21,9,4,0,34,0,0,71,14,85,21,9,75,14,119,40,34,74,193
10/05/2022,BQN,PR,ASO,ES,Federal Contract Tower,24,9,1,0,34,0,0,62,16,78,24,9,63,16,112,36,82,118,230
10/06/2022,BQN,PR,ASO,ES,Federal Contract Tower,17,9,3,2,31,0,0,61,20,81,17,9,64,22,112,42,16,58,170
10/07/2022,BQN,PR,ASO,ES,Federal Contract Tower,28,10,5,1,44,0,0,57,11,68,28,10,62,12,112,24,48,72,184
10/08/2022,BQN,PR,ASO,ES,Federal Contract Tower,15,0,0,0,15,0,0,64,2,66,15,0,64,2,81,44,0,44,125
10/09/2022,BQN,PR,ASO,ES,Federal Contract Tower,6,0,4,0,10,0,0,18,1,19,6,0,22,1,29,10,0,10,39
10/10/2022,BQN,PR,ASO,ES,Federal Contract Tower,17,12,7,2,38,0,0,49,9,58,17,12,56,11,96,36,30,66,162
10/11/2022,BQN,PR,ASO,ES,Federal Contract Tower,18,9,0,0,27,0,0,106,29,135,18,9,106,29,162,76,58,134,296
10/12/2022,BQN,PR,ASO,ES,Federal Contract Tower,22,10,2,0,34,0,0,90,11,101,22,10,92,11,135,22,28,50,185
10/13/2022,BQN,PR,ASO,ES,Federal Contract Tower,17,11,3,0,31,0,0,74,23,97,17,11,77,23,128,64,30,94,222
10/14/2022,BQN,PR,ASO,ES,Federal Contract Tower,20,9,2,0,31,0,0,70,13,83,20,9,72,13,114,102,6,108,222
10/15/2022,BQN,PR,ASO,ES,Federal Contract Tower,4,2,0,1,7,0,0,46,2,48,4,2,46,3,55,36,0,36,91
10/16/2022,BQN,PR,ASO,ES,Federal Contract Tower,9,0,0,0,9,0,0,21,5,26,9,0,21,5,35,12,0,12,47
10/17/2022,BQN,PR,ASO,ES,Federal Contract Tower,16,7,1,0,24,1,0,36,12,49,17,7,37,12,73,52,92,144,217
10/18/2022,BQN,PR,ASO,ES,Federal Contract Tower,22,8,4,2,36,0,0,69,27,96,22,8,73,29,132,26,40,66,198
10/19/2022,BQN,PR,ASO,ES,Federal Contract Tower,14,10,2,0,26,0,0,73,17,90,14,10,75,17,116,86,16,102,218
10/20/2022,BQN,PR,ASO,ES,Federal Contract Tower,17,11,4,1,33,0,0,50,27,77,17,11,54,28,110,84,34,118,228
10/21/2022,BQN,PR,ASO,ES,Federal Contract Tower,22,9,3,0,34,0,0,62,7,69,22,9,65,7,103,76,8,84,187
10/22/2022,BQN,PR,ASO,ES,Federal Contract Tower,8,0,0,1,9,0,0,76,4,80,8,0,76,5,89,50,0,50,139
10/23/2022,BQN,PR,ASO,ES,Federal Contract Tower,8,0,1,0,9,0,0,32,2,34,8,0,33,2,43,4,0,4,47
10/24/2022,BQN,PR,ASO,ES,Federal Contract Tower,21,4,1,0,26,0,0,44,10,54,21,4,45,10,80,74,38,112,192
10/25/2022,BQN,PR,ASO,ES,Federal Contract Tower,20,9,1,1,31,0,0,67,15,82,20,9,68,16,113,48,10,58,171
10/26/2022,BQN,PR,ASO,ES,Federal Contract Tower,14,7,1,1,23,0,0,24,9,33,14,7,25,10,56,0,30,30,86
10/27/2022,BQN,PR,ASO,ES,Federal Contract Tower,21,6,0,0,27,0,0,29,20,49,21,6,29,20,76,24,54,78,154
10/28/2022,BQN,PR,ASO,ES,Federal Contract Tower,19,7,2,0,28,0,0,88,9,97,19,7,90,9,125,50,24,74,199
10/29/2022,BQN,PR,ASO,ES,Federal Contract Tower,4,0,4,0,8,0,0,36,3,39,4,0,40,3,47,66,0,66,113
10/30/2022,BQN,PR,ASO,ES,Federal Contract Tower,7,0,0,0,7,0,0,22,6,28,7,0,22,6,35,0,0,0,35
10/31/2022,BQN,PR,ASO,ES,Federal Contract Tower,22,6,6,0,34,0,0,43,9,52,22,6,49,9,86,40,48,88,174
11/01/2022,BQN,PR,ASO,ES,Federal Contract Tower,25,6,4,0,35,0,0,79,21,100,25,6,83,21,135,40,44,84,219
11/02/2022,BQN,PR,ASO,ES,Federal Contract Tower,25,5,3,0,33,0,0,45,6,51,25,5,48,6,84,50,8,58,142
11/03/2022,BQN,PR,ASO,ES,Federal Contract Tower,21,9,2,1,33,0,0,72,16,88,21,9,74,17,121,100,0,100,221
11/04/2022,BQN,PR,ASO,ES,Federal Contract Tower,28,1,0,1,30,0,0,34,6,40,28,1,34,7,70,72,0,72,142
11/05/2022,BQN,PR,ASO,ES,Federal Contract Tower,6,0,0,1,7,0,0,4,4,8,6,0,4,5,15,0,0,0,15
11/06/2022,BQN,PR,ASO,ES,Federal Contract Tower,6,0,3,0,9,0,0,15,1,16,6,0,18,1,25,20,0,20,45
11/07/2022,BQN,PR,ASO,ES,Federal Contract Tower,20,8,5,1,34,0,0,44,8,52,20,8,49,9,86,90,24,114,200
11/08/2022,BQN,PR,ASO,ES,Federal Contract Tower,23,9,0,0,32,0,0,52,17,69,23,9,52,17,101,84,12,96,197
11/09/2022,BQN,PR,ASO,ES,Federal Contract Tower,17,5,1,0,23,0,0,52,10,62,17,5,53,10,85,168,46,214,299
11/10/2022,BQN,PR,ASO,ES,Federal Contract Tower,15,11,2,0,28,0,0,45,13,58,15,11,47,13,86,66,6,72,158
11/11/2022,BQN,PR,ASO,ES,Federal Contract Tower,22,5,1,0,28,0,0,80,14,94,22,5,81,14,122,66,0,66,188
11/12/2022,BQN,PR,ASO,ES,Federal Contract Tower,3,1,1,0,5,0,0,9,3,12,3,1,10,3,17,0,0,0,17
11/13/2022,BQN,PR,ASO,ES,Federal Contract Tower,6,0,2,0,8,0,0,9,2,11,6,0,11,2,19,2,0,2,21
11/14/2022,BQN,PR,ASO,ES,Federal Contract Tower,14,8,6,1,29,0,0,35,7,42,14,8,41,8,71,82,14,96,167
11/15/2022,BQN,PR,ASO,ES,Federal Contract Tower,22,6,1,0,29,0,0,31,13,44,22,6,32,13,73,38,66,104,177
11/16/2022,BQN,PR,ASO,ES,Federal Contract Tower,23,3,6,0,32,0,0,41,9,50,23,3,47,9,82,86,58,144,226
11/17/2022,BQN,PR,ASO,ES,Federal Contract Tower,20,8,0,0,28,0,0,51,10,61,20,8,51,10,89,100,0,100,189
11/18/2022,BQN,PR,ASO,ES,Federal Contract Tower,25,7,6,0,38,0,0,76,18,94,25,7,82,18,132,96,8,104,236
11/19/2022,BQN,PR,ASO,ES,Federal Contract Tower,4,0,10,0,14,0,0,66,9,75,4,0,76,9,89,44,6,50,139
11/20/2022,BQN,PR,ASO,ES,Federal Contract Tower,6,0,5,0,11,0,0,57,4,61,6,0,62,4,72,48,0,48,120
11/21/2022,BQN,PR,ASO,ES,Federal Contract Tower,15,10,6,2,33,0,0,60,11,71,15,10,66,13,104,66,12,78,182
11/22/2022,BQN,PR,ASO,ES,Federal Contract Tower,23,6,4,1,34,0,0,49,24,73,23,6,53,25,107,76,26,102,209
11/23/2022,BQN,PR,ASO,ES,Federal Contract Tower,18,10,6,2,36,0,0,52,8,60,18,10,58,10,96,68,0,68,164
11/24/2022,BQN,PR,ASO,ES,Federal Contract Tower,8,0,0,0,8,0,0,7,1,8,8,0,7,1,16,0,0,0,16
11/25/2022,BQN,PR,ASO,ES,Federal Contract Tower,24,3,3,0,30,0,0,17,3,20,24,3,20,3,50,18,0,18,68
11/26/2022,BQN,PR,ASO,ES,Federal Contract Tower,2,0,4,0,6,0,0,64,2,66,2,0,68,2,72,94,0,94,166
11/27/2022,BQN,PR,ASO,ES,Federal Contract Tower,4,0,10,0,14,0,0,46,3,49,4,0,56,3,63,36,16,52,115
11/28/2022,BQN,PR,ASO,ES,Federal Contract Tower,22,6,0,1,29,0,0,42,18,60,22,6,42,19,89,50,24,74,163
11/29/2022,BQN,PR,ASO,ES,Federal Contract Tower,26,7,2,0,35,0,0,67,24,91,26,7,69,24,126,70,18,88,214
11/30/2022,BQN,PR,ASO,ES,Federal Contract Tower,18,6,6,3,33,0,0,35,20,55,18,6,41,23,88,50,46,96,184
12/01/2022,BQN,PR,ASO,ES,Federal Contract Tower,26,5,1,0,32,0,0,57,20,77,26,5,58,20,109,130,0,130,239
12/02/2022,BQN,PR,ASO,ES,Federal Contract Tower,22,4,7,1,34,0,0,28,4,32,22,4,35,5,66,28,0,28,94
12/03/2022,BQN,PR,ASO,ES,Federal Contract Tower,5,0,2,0,7,0,0,55,11,66,5,0,57,11,73,20,8,28,101
12/04/2022,BQN,PR,ASO,ES,Federal Contract Tower,10,0,1,0,11,0,0,20,5,25,10,0,21,5,36,2,18,20,56
12/05/2022,BQN,PR,ASO,ES,Federal Contract Tower,18,6,6,1,31,0,0,33,16,49,18,6,39,17,80,40,40,80,160
12/06/2022,BQN,PR,ASO,ES,Federal Contract Tower,25,9,2,0,36,0,0,60,14,74,25,9,62,14,110,42,24,66,176
12/07/2022,BQN,PR,ASO,ES,Federal Contract Tower,19,6,4,0,29,0,0,46,16,62,19,6,50,16,91,68,8,76,167
12/08/2022,BQN,PR,ASO,ES,Federal Contract Tower,18,10,0,1,29,0,0,71,24,95,18,10,71,25,124,88,50,138,262
12/09/2022,BQN,PR,ASO,ES,Federal Contract Tower,25,1,4,0,30,0,0,47,9,56,25,1,51,9,86,56,22,78,164
12/10/2022,BQN,PR,ASO,ES,Federal Contract Tower,7,2,4,0,13,0,0,26,5,31,7,2,30,5,44,48,0,48,92
12/11/2022,BQN,PR,ASO,ES,Federal Contract Tower,8,0,10,1,19,0,0,23,5,28,8,0,33,6,47,44,0,44,91
12/12/2022,BQN,PR,ASO,ES,Federal Contract Tower,19,9,5,0,33,0,0,31,11,42,19,9,36,11,75,50,28,78,153
12/13/2022,BQN,PR,ASO,ES,Federal Contract Tower,24,12,3,0,39,0,0,67,14,81,24,12,70,14,120,64,26,90,210
12/14/2022,BQN,PR,ASO,ES,Federal Contract Tower,16,8,3,3,30,0,0,72,17,89,16,8,75,20,119,58,84,142,261
12/15/2022,BQN,PR,ASO,ES,Federal Contract Tower,19,13,7,1,40,0,0,69,10,79,19,13,76,11,119,68,0,68,187
12/16/2022,BQN,PR,ASO,ES,Federal Contract Tower,33,2,3,1,39,0,0,59,0,59,33,2,62,1,98,68,0,68,166
12/17/2022,BQN,PR,ASO,ES,Federal Contract Tower,9,2,1,0,12,0,0,73,4,77,9,2,74,4,89,82,0,82,171
12/18/2022,BQN,PR,ASO,ES,Federal Contract Tower,9,1,4,0,14,0,2,70,3,75,9,3,74,3,89,68,0,68,157
12/19/2022,BQN,PR,ASO,ES,Federal Contract Tower,23,8,0,0,31,0,0,64,6,70,23,8,64,6,101,102,34,136,237
12/20/2022,BQN,PR,ASO,ES,Federal Contract Tower,24,11,2,0,37,0,0,75,7,82,24,11,77,7,119,72,16,88,207
12/21/2022,BQN,PR,ASO,ES,Federal Contract Tower,22,7,6,0,35,0,0,73,10,83,22,7,79,10,118,48,30,78,196
12/22/2022,BQN,PR,ASO,ES,Federal Contract Tower,25,8,2,0,35,0,0,78,0,78,25,8,80,0,113,108,0,108,221
12/23/2022,BQN,PR,ASO,ES,Federal Contract Tower,9,4,2,0,15,24,7,0,0,31,33,11,2,0,46,0,22,22,68
12/24/2022,BQN,PR,ASO,ES,Federal Contract Tower,7,0,3,0,10,0,0,59,3,62,7,0,62,3,72,12,0,12,84
12/25/2022,BQN,PR,ASO,ES,Federal Contract Tower,9,0,1,0,10,0,0,3,4,7,9,0,4,4,17,0,0,0,17
12/26/2022,BQN,PR,ASO,ES,Federal Contract Tower,11,1,5,0,17,0,0,46,3,49,11,1,51,3,66,36,14,50,116
12/27/2022,BQN,PR,ASO,ES,Federal Contract Tower,21,8,3,1,33,0,0,89,3,92,21,8,92,4,125,58,0,58,183
12/28/2022,BQN,PR,ASO,ES,Federal Contract Tower,23,6,12,0,41,0,0,93,2,95,23,6,105,2,136,100,0,100,236
12/29/2022,BQN,PR,ASO,ES,Federal Contract Tower,23,7,7,0,37,0,0,62,3,65,23,7,69,3,102,76,16,92,194
12/30/2022,BQN,PR,ASO,ES,Federal Contract Tower,27,2,6,0,35,0,0,82,12,94,27,2,88,12,129,42,58,100,229
12/31/2022,BQN,PR,ASO,ES,Federal Contract Tower,8,0,3,0,11,0,0,54,3,57,8,0,57,3,68,38,0,38,106
01/01/2023,BQN,PR,ASO,ES,Federal Contract Tower,9,0,9,0,18,0,0,0,1,1,9,0,9,1,19,2,0,2,21
01/02/2023,BQN,PR,ASO,ES,Federal Contract Tower,10,0,16,0,26,0,0,40,6,46,10,0,56,6,72,72,0,72,144
01/03/2023,BQN,PR,ASO,ES,Federal Contract Tower,31,4,2,1,38,0,0,32,12,44,31,4,34,13,82,76,28,104,186
01/04/2023,BQN,PR,ASO,ES,Federal Contract Tower,25,8,3,0,36,0,0,64,9,73,25,8,67,9,109,134,0,134,243
01/05/2023,BQN,PR,ASO,ES,Federal Contract Tower,25,4,4,0,33,0,0,59,11,70,25,4,63,11,103,74,26,100,203
01/06/2023,BQN,PR,ASO,ES,Federal Contract Tower,28,0,2,0,30,0,0,19,4,23,28,0,21,4,53,10,34,44,97
01/07/2023,BQN,PR,ASO,ES,Federal Contract Tower,9,1,6,1,17,0,0,36,6,42,9,1,42,7,59,20,0,20,79
01/08/2023,BQN,PR,ASO,ES,Federal Contract Tower,10,0,7,0,17,0,0,34,3,37,10,0,41,3,54,18,0,18,72
01/09/2023,BQN,PR,ASO,ES,Federal Contract Tower,18,5,7,0,30,0,0,49,11,60,18,5,56,11,90,38,12,50,140
01/10/2023,BQN,PR,ASO,ES,Federal Contract Tower,32,8,4,0,44,0,0,51,14,65,32,8,55,14,109,92,0,92,201
01/11/2023,BQN,PR,ASO,ES,Federal Contract Tower,19,13,5,1,38,0,0,71,18,89,19,13,76,19,127,186,52,238,365
01/12/2023,BQN,PR,ASO,ES,Federal Contract Tower,18,14,2,1,35,0,0,84,20,104,18,14,86,21,139,122,24,146,285
01/13/2023,BQN,PR,ASO,ES,Federal Contract Tower,17,15,8,1,41,0,0,48,5,53,17,15,56,6,94,44,0,44,138
01/14/2023,BQN,PR,ASO,ES,Federal Contract Tower,4,0,2,0,6,0,0,2,9,11,4,0,4,9,17,0,0,0,17
01/15/2023,BQN,PR,ASO,ES,Federal Contract Tower,8,0,4,0,12,0,0,5,5,10,8,0,9,5,22,10,14,24,46
01/16/2023,BQN,PR,ASO,ES,Federal Contract Tower,20,12,7,0,39,0,0,35,7,42,20,12,42,7,81,58,0,58,139
01/17/2023,BQN,PR,ASO,ES,Federal Contract Tower,20,13,11,0,44,0,0,113,10,123,20,13,124,10,167,110,20,130,297
01/18/2023,BQN,PR,ASO,ES,Federal Contract Tower,14,14,2,0,30,0,0,57,22,79,14,14,59,22,109,32,26,58,167
01/19/2023,BQN,PR,ASO,ES,Federal Contract Tower,15,14,20,2,51,0,0,31,18,49,15,14,51,20,100,52,146,198,298
01/20/2023,BQN,PR,ASO,ES,Federal Contract Tower,24,7,10,0,41,0,0,66,10,76,24,7,76,10,117,50,44,94,211
01/21/2023,BQN,PR,ASO,ES,Federal Contract Tower,8,0,3,2,13,0,0,2,4,6,8,0,5,6,19,0,62,62,81
01/22/2023,BQN,PR,ASO,ES,Federal Contract Tower,7,0,7,0,14,0,0,10,2,12,7,0,17,2,26,0,0,0,26
01/23/2023,BQN,PR,ASO,ES,Federal Contract Tower,18,10,4,0,32,0,0,37,16,53,18,10,41,16,85,46,96,142,227
01/24/2023,BQN,PR,ASO,ES,Federal Contract Tower,25,7,2,0,34,0,0,64,21,85,25,7,66,21,119,60,44,104,223
01/25/2023,BQN,PR,ASO,ES,Federal Contract Tower,20,7,2,1,30,0,0,49,26,75,20,7,51,27,105,48,12,60,165
01/26/2023,BQN,PR,ASO,ES,Federal Contract Tower,23,4,10,0,37,0,0,34,6,40,23,4,44,6,77,58,12,70,147
01/27/2023,BQN,PR,ASO,ES,Federal Contract Tower,25,3,6,0,34,0,0,63,5,68,25,3,69,5,102,58,0,58,160
01/28/2023,BQN,PR,ASO,ES,Federal Contract Tower,7,0,1,1,9,0,0,2,7,9,7,0,3,8,18,0,2,2,20
01/29/2023,BQN,PR,ASO,ES,Federal Contract Tower,7,0,1,0,8,0,0,4,7,11,7,0,5,7,19,4,0,4,23
01/30/2023,BQN,PR,ASO,ES,Federal Contract Tower,15,6,8,1,30,0,0,69,10,79,15,6,77,11,109,84,2,86,195
01/31/2023,BQN,PR,ASO,ES,Federal Contract Tower,19,9,1,0,29,0,0,64,13,77,19,9,65,13,106,64,60,124,230
02/01/2023,BQN,PR,ASO,ES,Federal Contract Tower,18,7,3,0,28,0,0,40,7,47,18,7,43,7,75,88,0,88,163
02/02/2023,BQN,PR,ASO,ES,Federal Contract Tower,21,8,4,0,33,0,0,59,14,73,21,8,63,14,106,98,0,98,204
02/03/2023,BQN,PR,ASO,ES,Federal Contract Tower,25,3,15,0,43,0,0,62,10,72,25,3,77,10,115,74,0,74,189
02/04/2023,BQN,PR,ASO,ES,Federal Contract Tower,7,0,0,0,7,0,0,1,3,4,7,0,1,3,11,0,0,0,11
02/05/2023,BQN,PR,ASO,ES,Federal Contract Tower,6,0,1,0,7,0,0,11,4,15,6,0,12,4,22,0,0,0,22
02/06/2023,BQN,PR,ASO,ES,Federal Contract Tower,18,7,7,0,32,0,0,56,12,68,18,7,63,12,100,68,26,94,194
02/07/2023,BQN,PR,ASO,ES,Federal Contract Tower,25,7,3,0,35,0,0,105,11,116,25,7,108,11,151,74,10,84,235
02/08/2023,BQN,PR,ASO,ES,Federal Contract Tower,18,6,2,0,26,0,0,56,17,73,18,6,58,17,99,102,2,104,203
02/09/2023,BQN,PR,ASO,ES,Federal Contract Tower,20,6,3,1,30,0,0,53,6,59,20,6,56,7,89,64,0,64,153
02/10/2023,BQN,PR,ASO,ES,Federal Contract Tower,27,4,5,0,36,0,0,57,9,66,27,4,62,9,102,76,0,76,178
02/11/2023,BQN,PR,ASO,ES,Federal Contract Tower,7,0,0,0,7,0,0,2,1,3,7,0,2,1,10,18,0,18,28
02/12/2023,BQN,PR,ASO,ES,Federal Contract Tower,6,0,1,0,7,0,0,13,4,17,6,0,14,4,24,14,0,14,38
02/13/2023,BQN,PR,ASO,ES,Federal Contract Tower,20,5,4,0,29,0,0,47,18,65,20,5,51,18,94,100,8,108,202
02/14/2023,BQN,PR,ASO,ES,Federal Contract Tower,22,9,2,0,33,0,0,58,11,69,22,9,60,11,102,112,12,124,226
02/15/2023,BQN,PR,ASO,ES,Federal Contract Tower,23,5,2,1,31,0,0,65,10,75,23,5,67,11,106,114,18,132,238
02/16/2023,BQN,PR,ASO,ES,Federal Contract Tower,21,7,16,0,44,53,18,0,0,71,74,25,16,0,115,80,48,128,243
02/17/2023,BQN,PR,ASO,ES,Federal Contract Tower,22,7,4,0,33,0,0,83,5,88,22,7,87,5,121,90,0,90,211
02/18/2023,BQN,PR,ASO,ES,Federal Contract Tower,6,0,0,0,6,0,0,5,7,12,6,0,5,7,18,10,0,10,28
02/19/2023,BQN,PR,ASO,ES,Federal Contract Tower,7,0,0,0,7,0,0,6,2,8,7,0,6,2,15,26,0,26,41
02/20/2023,BQN,PR,ASO,ES,Federal Contract Tower,19,4,9,1,33,0,0,53,6,59,19,4,62,7,92,108,60,168,260
02/21/2023,BQN,PR,ASO,ES,Federal Contract Tower,23,7,3,2,35,0,0,62,22,84,23,7,65,24,119,86,12,98,217
02/22/2023,BQN,PR,ASO,ES,Federal Contract Tower,21,6,0,0,27,0,0,73,22,95,21,6,73,22,122,150,46,196,318
02/23/2023,BQN,PR,ASO,ES,Federal Contract Tower,19,4,4,0,27,0,0,32,15,47,19,4,36,15,74,42,64,106,180
02/24/2023,BQN,PR,ASO,ES,Federal Contract Tower,28,6,6,0,40,0,0,63,9,72,28,6,69,9,112,66,22,88,200
02/25/2023,BQN,PR,ASO,ES,Federal Contract Tower,5,0,4,2,11,0,0,9,30,39,5,0,13,32,50,0,24,24,74
02/26/2023,BQN,PR,ASO,ES,Federal Contract Tower,4,0,0,2,6,0,0,7,4,11,4,0,7,6,17,0,0,0,17
02/27/2023,BQN,PR,ASO,ES,Federal Contract Tower,12,6,1,1,20,0,0,77,10,87,12,6,78,11,107,76,0,76,183
02/28/2023,BQN,PR,ASO,ES,Federal Contract Tower,24,7,1,0,32,0,0,76,19,95,24,7,77,19,127,136,34,170,297
03/01/2023,BQN,PR,ASO,ES,Federal Contract Tower,19,5,3,0,27,0,0,54,12,66,19,5,57,12,93,92,50,142,235
03/02/2023,BQN,PR,ASO,ES,Federal Contract Tower,23,3,1,0,27,0,0,69,25,94,23,3,70,25,121,52,46,98,219
03/03/2023,BQN,PR,ASO,ES,Federal Contract Tower,28,5,3,0,36,0,0,57,12,69,28,5,60,12,105,44,2,46,151
03/04/2023,BQN,PR,ASO,ES,Federal Contract Tower,2,0,2,0,4,0,0,6,1,7,2,0,8,1,11,2,0,2,13
03/05/2023,BQN,PR,ASO,ES,Federal Contract Tower,5,0,0,0,5,0,0,2,0,2,5,0,2,0,7,0,0,0,7
03/06/2023,BQN,PR,ASO,ES,Federal Contract Tower,20,6,0,0,26,0,0,56,11,67,20,6,56,11,93,74,74,148,241
03/07/2023,BQN,PR,ASO,ES,Federal Contract Tower,22,12,4,0,38,0,0,65,24,89,22,12,69,24,127,76,20,96,223
03/08/2023,BQN,PR,ASO,ES,Federal Contract Tower,17,8,9,3,37,0,0,49,20,69,17,8,58,23,106,78,14,92,198
03/09/2023,BQN,PR,ASO,ES,Federal Contract Tower,19,13,4,2,38,0,0,0,0,0,19,13,4,2,38,138,46,184,222
03/10/2023,BQN,PR,ASO,ES,Federal Contract Tower,25,2,5,4,36,0,0,56,4,60,25,2,61,8,96,100,2,102,198
03/11/2023,BQN,PR,ASO,ES,Federal Contract Tower,7,0,3,0,10,0,0,77,8,85,7,0,80,8,95,152,52,204,299
03/12/2023,BQN,PR,ASO,ES,Federal Contract Tower,6,0,6,0,12,0,0,55,4,59,6,0,61,4,71,36,4,40,111
03/13/2023,BQN,PR,ASO,ES,Federal Contract Tower,19,5,5,0,29,0,0,56,15,71,19,5,61,15,100,62,22,84,184
03/14/2023,BQN,PR,ASO,ES,Federal Contract Tower,21,6,3,3,33,0,0,45,14,59,21,6,48,17,92,168,0,168,260
03/15/2023,BQN,PR,ASO,ES,Federal Contract Tower,17,9,10,2,38,0,0,95,10,105,17,9,105,12,143,100,32,132,275
03/16/2023,BQN,PR,ASO,ES,Federal Contract Tower,22,6,3,0,31,0,0,54,18,72,22,6,57,18,103,70,0,70,173
03/17/2023,BQN,PR,ASO,ES,Federal Contract Tower,23,4,5,0,32,0,0,53,4,57,23,4,58,4,89,40,26,66,155
03/18/2023,BQN,PR,ASO,ES,Federal Contract Tower,10,0,8,1,19,0,0,74,7,81,10,0,82,8,100,50,22,72,172
03/19/2023,BQN,PR,ASO,ES,Federal Contract Tower,9,0,4,1,14,0,0,32,6,38,9,0,36,7,52,64,0,64,116
03/20/2023,BQN,PR,ASO,ES,Federal Contract Tower,20,5,4,0,29,0,0,51,13,64,20,5,55,13,93,46,90,136,229
03/21/2023,BQN,PR,ASO,ES,Federal Contract Tower,25,9,2,0,36,0,0,75,23,98,25,9,77,23,134,58,42,100,234
03/22/2023,BQN,PR,ASO,ES,Federal Contract Tower,24,7,10,0,41,0,0,88,9,97,24,7,98,9,138,72,10,82,220
03/23/2023,BQN,PR,ASO,ES,Federal Contract Tower,25,2,8,0,35,0,0,48,10,58,25,2,56,10,93,50,0,50,143
03/24/2023,BQN,PR,ASO,ES,Federal Contract Tower,26,2,2,0,30,0,0,55,6,61,26,2,57,6,91,40,2,42,133
03/25/2023,BQN,PR,ASO,ES,Federal Contract Tower,6,0,4,0,10,0,0,27,4,31,6,0,31,4,41,26,2,28,69
03/26/2023,BQN,PR,ASO,ES,Federal Contract Tower,9,0,8,0,17,0,0,46,8,54,9,0,54,8,71,42,0,42,113
03/27/2023,BQN,PR,ASO,ES,Federal Contract Tower,19,8,3,0,30,0,0,72,11,83,19,8,75,11,113,92,36,128,241
03/28/2023,BQN,PR,ASO,ES,Federal Contract Tower,21,8,3,0,32,0,0,87,20,107,21,8,90,20,139,148,8,156,295
03/29/2023,BQN,PR,ASO,ES,Federal Contract Tower,22,5,7,1,35,0,0,86,9,95,22,5,93,10,130,110,18,128,258
03/30/2023,BQN,PR,ASO,ES,Federal Contract Tower,18,9,7,0,34,0,0,59,12,71,18,9,66,12,105,156,0,156,261
03/31/2023,BQN,PR,ASO,ES,Federal Contract Tower,22,6,7,0,35,0,0,83,9,92,22,6,90,9,127,58,0,58,185
04/01/2023,BQN,PR,ASO,ES,Federal Contract Tower,6,0,1,0,7,0,0,17,10,27,6,0,18,10,34,14,14,28,62
04/02/2023,BQN,PR,ASO,ES,Federal Contract Tower,7,0,3,0,10,0,0,36,4,40,7,0,39,4,50,24,0,24,74
04/03/2023,BQN,PR,ASO,ES,Federal Contract Tower,18,6,2,0,26,0,0,44,10,54,18,6,46,10,80,58,0,58,138
04/04/2023,BQN,PR,ASO,ES,Federal Contract Tower,24,8,8,0,40,0,0,65,19,84,24,8,73,19,124,94,24,118,242
04/05/2023,BQN,PR,ASO,ES,Federal Contract Tower,26,5,6,1,38,0,0,51,9,60,26,5,57,10,98,98,8,106,204
04/06/2023,BQN,PR,ASO,ES,Federal Contract Tower,22,7,3,2,34,0,0,38,13,51,22,7,41,15,85,38,0,38,123
04/07/2023,BQN,PR,ASO,ES,Federal Contract Tower,18,0,0,0,18,0,0,53,9,62,18,0,53,9,80,36,0,36,116
04/08/2023,BQN,PR,ASO,ES,Federal Contract Tower,6,0,4,0,10,0,0,11,0,11,6,0,15,0,21,26,0,26,47
04/09/2023,BQN,PR,ASO,ES,Federal Contract Tower,11,0,12,0,23,0,0,19,0,19,11,0,31,0,42,30,0,30,72
04/10/2023,BQN,PR,ASO,ES,Federal Contract Tower,17,6,5,2,30,0,0,47,4,51,17,6,52,6,81,82,0,82,163
04/11/2023,BQN,PR,ASO,ES,Federal Contract Tower,23,10,0,2,35,0,0,65,8,73,23,10,65,10,108,128,46,174,282
04/12/2023,BQN,PR,ASO,ES,Federal Contract Tower,20,9,5,1,35,0,0,74,6,80,20,9,79,7,115,74,0,74,189
04/13/2023,BQN,PR,ASO,ES,Federal Contract Tower,27,2,3,2,34,0,0,71,20,91,27,2,74,22,125,74,0,74,199
04/14/2023,BQN,PR,ASO,ES,Federal Contract Tower,25,1,4,0,30,0,0,54,4,58,25,1,58,4,88,30,0,30,118
04/15/2023,BQN,PR,ASO,ES,Federal Contract Tower,7,0,5,0,12,0,0,86,5,91,7,0,91,5,103,46,0,46,149
04/16/2023,BQN,PR,ASO,ES,Federal Contract Tower,10,0,2,0,12,0,0,14,9,23,10,0,16,9,35,0,0,0,35
04/17/2023,BQN,PR,ASO,ES,Federal Contract Tower,20,9,4,5,38,0,0,46,17,63,20,9,50,22,101,85,8,93,194
04/18/2023,BQN,PR,ASO,ES,Federal Contract Tower,22,8,5,0,35,0,0,69,16,85,22,8,74,16,120,56,52,108,228
04/19/2023,BQN,PR,ASO,ES,Federal Contract Tower,25,7,1,1,34,0,0,58,0,58,25,7,59,1,92,100,0,100,192
04/20/2023,BQN,PR,ASO,ES,Federal Contract Tower,18,10,2,1,31,0,0,48,24,72,18,10,50,25,103,12,12,24,127
04/21/2023,BQN,PR,ASO,ES,Federal Contract Tower,27,4,0,1,32,0,0,71,14,85,27,4,71,15,117,48,0,48,165
04/22/2023,BQN,PR,ASO,ES,Federal Contract Tower,8,0,4,2,14,0,0,102,5,107,8,0,106,7,121,100,0,100,221
04/23/2023,BQN,PR,ASO,ES,Federal Contract Tower,13,0,4,1,18,0,0,31,6,37,13,0,35,7,55,66,0,66,121
04/24/2023,BQN,PR,ASO,ES,Federal Contract Tower,21,5,3,3,32,0,0,55,10,65,21,5,58,13,97,88,46,134,231
04/25/2023,BQN,PR,ASO,ES,Federal Contract Tower,24,6,5,2,37,0,0,96,12,108,24,6,101,14,145,92,28,120,265
04/26/2023,BQN,PR,ASO,ES,Federal Contract Tower,22,6,6,2,36,0,0,58,23,81,22,6,64,25,117,64,84,148,265
04/27/2023,BQN,PR,ASO,ES,Federal Contract Tower,22,8,1,2,33,0,0,52,35,87,22,8,53,37,120,72,0,72,192
04/28/2023,BQN,PR,ASO,ES,Federal Contract Tower,27,3,3,5,38,0,0,50,11,61,27,3,53,16,99,46,54,100,199
04/29/2023,BQN,PR,ASO,ES,Federal Contract Tower,8,0,4,1,13,0,0,53,5,58,8,0,57,6,71,28,0,28,99
04/30/2023,BQN,PR,ASO,ES,Federal Contract Tower,16,0,12,0,28,0,0,45,8,53,16,0,57,8,81,38,0,38,119
05/01/2023,BQN,PR,ASO,ES,Federal Contract Tower,16,5,8,4,33,0,0,58,13,71,16,5,66,17,104,102,40,142,246
05/02/2023,BQN,PR,ASO,ES,Federal Contract Tower,23,8,4,1,36,0,0,59,34,93,23,8,63,35,129,124,44,168,297
05/03/2023,BQN,PR,ASO,ES,Federal Contract Tower,22,7,7,5,41,0,0,84,12,96,22,7,91,17,137,98,54,152,289
05/04/2023,BQN,PR,ASO,ES,Federal Contract Tower,23,3,6,0,32,0,0,60,21,81,23,3,66,21,113,88,20,108,221
05/05/2023,BQN,PR,ASO,ES,Federal Contract Tower,27,1,4,1,33,0,0,37,9,46,27,1,41,10,79,76,0,76,155
05/06/2023,BQN,PR,ASO,ES,Federal Contract Tower,6,0,3,0,9,0,0,58,7,65,6,0,61,7,74,30,0,30,104
05/07/2023,BQN,PR,ASO,ES,Federal Contract Tower,15,0,4,2,21,0,0,51,10,61,15,0,55,12,82,30,20,50,132
05/08/2023,BQN,PR,ASO,ES,Federal Contract Tower,25,5,0,1,31,0,0,29,12,41,25,5,29,13,72,84,38,122,194
05/09/2023,BQN,PR,ASO,ES,Federal Contract Tower,24,7,7,1,39,0,0,42,23,65,24,7,49,24,104,104,24,128,232
05/10/2023,BQN,PR,ASO,ES,Federal Contract Tower,24,8,4,3,39,0,0,39,9,48,24,8,43,12,87,96,64,160,247
05/11/2023,BQN,PR,ASO,ES,Federal Contract Tower,22,7,5,0,34,0,0,56,16,72,22,7,61,16,106,116,18,134,240
05/12/2023,BQN,PR,ASO,ES,Federal Contract Tower,29,6,8,0,43,0,0,83,18,101,29,6,91,18,144,112,28,140,284
05/13/2023,BQN,PR,ASO,ES,Federal Contract Tower,9,0,4,0,13,0,0,51,5,56,9,0,55,5,69,12,22,34,103
05/14/2023,BQN,PR,ASO,ES,Federal Contract Tower,13,0,2,0,15,0,0,9,4,13,13,0,11,4,28,6,0,6,34
05/15/2023,BQN,PR,ASO,ES,Federal Contract Tower,26,4,4,0,34,0,0,37,9,46,26,4,41,9,80,76,0,76,156
05/16/2023,BQN,PR,ASO,ES,Federal Contract Tower,25,7,2,1,35,0,0,63,13,76,25,7,65,14,111,74,14,88,199
05/17/2023,BQN,PR,ASO,ES,Federal Contract Tower,25,5,1,1,32,0,0,40,12,52,25,5,41,13,84,84,28,112,196
05/18/2023,BQN,PR,ASO,ES,Federal Contract Tower,17,8,8,0,33,0,0,61,7,68,17,8,69,7,101,98,0,98,199
05/19/2023,BQN,PR,ASO,ES,Federal Contract Tower,26,4,6,1,37,0,0,31,9,40,26,4,37,10,77,72,14,86,163
05/20/2023,BQN,PR,ASO,ES,Federal Contract Tower,6,0,0,0,6,0,0,1,3,4,6,0,1,3,10,0,0,0,10
05/21/2023,BQN,PR,ASO,ES,Federal Contract Tower,11,0,0,1,12,0,0,9,6,15,11,0,9,7,27,0,18,18,45
05/22/2023,BQN,PR,ASO,ES,Federal Contract Tower,28,6,0,0,34,0,0,45,15,60,28,6,45,15,94,68,42,110,204
05/23/2023,BQN,PR,ASO,ES,Federal Contract Tower,26,6,3,0,35,0,0,59,34,93,26,6,62,34,128,126,40,166,294
05/24/2023,BQN,PR,ASO,ES,Federal Contract Tower,22,6,6,0,34,0,0,63,6,69,22,6,69,6,103,134,26,160,263
05/25/2023,BQN,PR,ASO,ES,Federal Contract Tower,19,9,3,0,31,0,0,54,17,71,19,9,57,17,102,126,0,126,228
05/26/2023,BQN,PR,ASO,ES,Federal Contract Tower,29,3,10,0,42,0,0,68,9,77,29,3,78,9,119,80,72,152,271
05/27/2023,BQN,PR,ASO,ES,Federal Contract Tower,8,0,0,0,8,0,0,2,5,7,8,0,2,5,15,0,0,0,15
05/28/2023,BQN,PR,ASO,ES,Federal Contract Tower,13,0,0,0,13,0,0,8,4,12,13,0,8,4,25,0,0,0,25
05/29/2023,BQN,PR,ASO,ES,Federal Contract Tower,12,0,4,0,16,0,0,58,9,67,12,0,62,9,83,18,0,18,101
05/30/2023,BQN,PR,ASO,ES,Federal Contract Tower,25,6,3,1,35,0,0,65,19,84,25,6,68,20,119,76,57,133,252
05/31/2023,BQN,PR,ASO,ES,Federal Contract Tower,21,7,8,3,39,0,0,66,17,83,21,7,74,20,122,130,36,166,288
06/01/2023,BQN,PR,ASO,ES,Federal Contract Tower,25,9,7,0,41,0,0,72,14,86,25,9,79,14,127,96,0,96,223
06/02/2023,BQN,PR,ASO,ES,Federal Contract Tower,26,4,0,0,30,0,0,87,18,105,26,4,87,18,135,112,20,132,267
06/03/2023,BQN,PR,ASO,ES,Federal Contract Tower,7,0,2,0,9,0,0,4,2,6,7,0,6,2,15,6,0,6,21
06/04/2023,BQN,PR,ASO,ES,Federal Contract Tower,11,0,0,0,11,0,0,3,5,8,11,0,3,5,19,0,0,0,19
06/05/2023,BQN,PR,ASO,ES,Federal Contract Tower,23,4,9,1,37,0,0,52,7,59,23,4,61,8,96,64,30,94,190
06/06/2023,BQN,PR,ASO,ES,Federal Contract Tower,25,6,2,0,33,0,0,71,16,87,25,6,73,16,120,122,48,170,290
06/07/2023,BQN,PR,ASO,ES,Federal Contract Tower,21,6,4,0,31,0,0,59,19,78,21,6,63,19,109,78,56,134,243
06/08/2023,BQN,PR,ASO,ES,Federal Contract Tower,15,7,3,0,25,0,0,56,21,77,15,7,59,21,102,60,22,82,184
06/09/2023,BQN,PR,ASO,ES,Federal Contract Tower,24,5,7,0,36,0,0,49,1,50,24,5,56,1,86,48,0,48,134
06/10/2023,BQN,PR,ASO,ES,Federal Contract Tower,9,0,1,0,10,0,0,0,6,6,9,0,1,6,16,0,18,18,34
06/11/2023,BQN,PR,ASO,ES,Federal Contract Tower,15,0,2,0,17,0,0,8,3,11,15,0,10,3,28,4,0,4,32
06/12/2023,BQN,PR,ASO,ES,Federal Contract Tower,21,3,3,0,27,0,0,55,12,67,21,3,58,12,94,68,34,102,196
06/13/2023,BQN,PR,ASO,ES,Federal Contract Tower,28,10,9,1,48,0,0,78,18,96,28,10,87,19,144,98,40,138,282
06/14/2023,BQN,PR,ASO,ES,Federal Contract Tower,20,7,4,3,34,0,0,74,39,113,20,7,78,42,147,88,42,130,277
06/15/2023,BQN,PR,ASO,ES,Federal Contract Tower,19,8,5,0,32,0,0,78,3,81,19,8,83,3,113,122,0,122,235
06/16/2023,BQN,PR,ASO,ES,Federal Contract Tower,24,3,4,0,31,0,0,55,7,62,24,3,59,7,93,86,0,86,179
06/17/2023,BQN,PR,ASO,ES,Federal Contract Tower,5,0,2,0,7,0,0,33,3,36,5,0,35,3,43,22,6,28,71
06/18/2023,BQN,PR,ASO,ES,Federal Contract Tower,16,0,0,0,16,0,0,8,3,11,16,0,8,3,27,2,0,2,29
06/19/2023,BQN,PR,ASO,ES,Federal Contract Tower,21,0,4,0,25,0,0,59,6,65,21,0,63,6,90,74,2,76,166
06/20/2023,BQN,PR,ASO,ES,Federal Contract Tower,26,8,2,0,36,0,0,66,17,83,26,8,68,17,119,78,26,104,223
06/21/2023,BQN,PR,ASO,ES,Federal Contract Tower,24,6,2,0,32,0,0,43,12,55,24,6,45,12,87,120,34,154,241
06/22/2023,BQN,PR,ASO,ES,Federal Contract Tower,20,0,3,0,23,0,0,40,4,44,20,0,43,4,67,74,0,74,141
06/23/2023,BQN,PR,ASO,ES,Federal Contract Tower,18,3,7,0,28,0,0,24,4,28,18,3,31,4,56,48,0,48,104
06/24/2023,BQN,PR,ASO,ES,Federal Contract Tower,5,0,0,0,5,0,0,3,3,6,5,0,3,3,11,0,0,0,11
06/25/2023,BQN,PR,ASO,ES,Federal Contract Tower,14,0,3,0,17,0,0,10,5,15,14,0,13,5,32,0,0,0,32
06/26/2023,BQN,PR,ASO,ES,Federal Contract Tower,25,5,12,0,42,0,0,38,23,61,25,5,50,23,103,76,38,114,217
06/27/2023,BQN,PR,ASO,ES,Federal Contract Tower,24,6,1,3,34,0,0,76,17,93,24,6,77,20,127,102,26,128,255
06/28/2023,BQN,PR,ASO,ES,Federal Contract Tower,24,7,3,2,36,0,0,40,11,51,24,7,43,13,87,34,54,88,175
06/29/2023,BQN,PR,ASO,ES,Federal Contract Tower,24,8,1,2,35,0,0,59,27,86,24,8,60,29,121,76,0,76,197
06/30/2023,BQN,PR,ASO,ES,Federal Contract Tower,26,4,4,0,34,0,0,68,9,77,26,4,72,9,111,142,2,144,255
07/01/2023,BQN,PR,ASO,ES,Federal Contract Tower,11,0,5,0,16,0,0,40,4,44,11,0,45,4,60,22,2,24,84
07/02/2023,BQN,PR,ASO,ES,Federal Contract Tower,16,0,5,0,21,0,0,21,7,28,16,0,26,7,49,28,0,28,77
07/03/2023,BQN,PR,ASO,ES,Federal Contract Tower,19,7,2,0,28,0,0,44,8,52,19,7,46,8,80,110,10,120,200
07/04/2023,BQN,PR,ASO,ES,Federal Contract Tower,10,0,3,0,13,0,0,36,11,47,10,0,39,11,60,56,20,76,136
07/05/2023,BQN,PR,ASO,ES,Federal Contract Tower,22,6,2,0,30,0,0,52,12,64,22,6,54,12,94,110,28,138,232
07/06/2023,BQN,PR,ASO,ES,Federal Contract Tower,28,3,3,0,34,0,0,42,9,51,28,3,45,9,85,140,0,140,225
07/07/2023,BQN,PR,ASO,ES,Federal Contract Tower,25,4,3,0,32,0,0,46,5,51,25,4,49,5,83,128,0,128,211
07/08/2023,BQN,PR,ASO,ES,Federal Contract Tower,4,0,0,0,4,0,0,1,4,5,4,0,1,4,9,0,0,0,9
07/09/2023,BQN,PR,ASO,ES,Federal Contract Tower,12,0,2,0,14,0,0,5,4,9,12,0,7,4,23,0,4,4,27
07/10/2023,BQN,PR,ASO,ES,Federal Contract Tower,21,6,6,8,41,0,0,39,13,52,21,6,45,21,93,86,22,108,201
07/11/2023,BQN,PR,ASO,ES,Federal Contract Tower,23,10,5,2,40,0,0,40,17,57,23,10,45,19,97,98,24,122,219
07/12/2023,BQN,PR,ASO,ES,Federal Contract Tower,29,5,8,1,43,0,0,45,23,68,29,5,53,24,111,54,56,110,221
07/13/2023,BQN,PR,ASO,ES,Federal Contract Tower,20,9,2,0,31,0,0,31,20,51,20,9,33,20,82,80,8,88,170
07/14/2023,BQN,PR,ASO,ES,Federal Contract Tower,28,4,6,2,40,0,0,75,9,84,28,4,81,11,124,82,20,102,226
07/15/2023,BQN,PR,ASO,ES,Federal Contract Tower,2,0,0,0,2,0,0,1,2,3,2,0,1,2,5,0,0,0,5
07/16/2023,BQN,PR,ASO,ES,Federal Contract Tower,9,0,2,0,11,0,0,6,3,9,9,0,8,3,20,2,0,2,22
07/17/2023,BQN,PR,ASO,ES,Federal Contract Tower,27,8,6,0,41,0,0,50,8,58,27,8,56,8,99,98,20,118,217
07/18/2023,BQN,PR,ASO,ES,Federal Contract Tower,25,11,1,0,37,0,0,87,21,108,25,11,88,21,145,92,24,116,261
07/19/2023,BQN,PR,ASO,ES,Federal Contract Tower,24,9,4,0,37,0,0,75,32,107,24,9,79,32,144,76,92,168,312
07/20/2023,BQN,PR,ASO,ES,Federal Contract Tower,24,8,4,0,36,0,0,40,13,53,24,8,44,13,89,100,16,116,205
07/21/2023,BQN,PR,ASO,ES,Federal Contract Tower,24,5,5,0,34,0,0,56,9,65,24,5,61,9,99,60,30,90,189
07/22/2023,BQN,PR,ASO,ES,Federal Contract Tower,9,0,0,0,9,0,0,1,4,5,9,0,1,4,14,2,0,2,16
07/23/2023,BQN,PR,ASO,ES,Federal Contract Tower,12,0,0,0,12,0,0,0,0,0,12,0,0,0,12,0,0,0,12
07/24/2023,BQN,PR,ASO,ES,Federal Contract Tower,24,7,8,1,40,0,0,35,10,45,24,7,43,11,85,46,100,146,231
07/25/2023,BQN,PR,ASO,ES,Federal Contract Tower,29,4,3,0,36,0,0,30,26,56,29,4,33,26,92,72,42,114,206
07/26/2023,BQN,PR,ASO,ES,Federal Contract Tower,26,6,1,0,33,0,0,61,8,69,26,6,62,8,102,100,0,100,202
07/27/2023,BQN,PR,ASO,ES,Federal Contract Tower,23,6,3,2,34,0,0,57,20,77,23,6,60,22,111,58,16,74,185
07/28/2023,BQN,PR,ASO,ES,Federal Contract Tower,30,3,3,0,36,0,0,57,4,61,30,3,60,4,97,58,0,58,155
07/29/2023,BQN,PR,ASO,ES,Federal Contract Tower,4,0,1,0,5,0,0,3,4,7,4,0,4,4,12,6,0,6,18
07/30/2023,BQN,PR,ASO,ES,Federal Contract Tower,11,0,0,0,11,0,0,9,4,13,11,0,9,4,24,22,0,22,46
07/31/2023,BQN,PR,ASO,ES,Federal Contract Tower,25,5,2,0,32,0,0,41,9,50,25,5,43,9,82,72,52,124,206
08/01/2023,BQN,PR,ASO,ES,Federal Contract Tower,27,6,6,0,39,0,0,42,14,56,27,6,48,14,95,80,30,110,205
08/03/2023,BQN,PR,ASO,ES,Federal Contract Tower,24,0,2,1,27,0,0,78,32,110,24,0,80,33,137,88,0,88,225
08/04/2023,BQN,PR,ASO,ES,Federal Contract Tower,25,5,1,1,32,0,0,64,9,73,25,5,65,10,105,76,0,76,181
08/05/2023,BQN,PR,ASO,ES,Federal Contract Tower,11,0,1,0,12,0,0,11,4,15,11,0,12,4,27,2,0,2,29
08/06/2023,BQN,PR,ASO,ES,Federal Contract Tower,16,0,4,0,20,0,0,12,4,16,16,0,16,4,36,4,0,4,40
08/07/2023,BQN,PR,ASO,ES,Federal Contract Tower,19,6,0,0,25,0,0,18,8,26,19,6,18,8,51,6,20,26,77
08/08/2023,BQN,PR,ASO,ES,Federal Contract Tower,29,7,1,0,37,0,0,34,37,71,29,7,35,37,108,34,42,76,184
08/09/2023,BQN,PR,ASO,ES,Federal Contract Tower,27,6,2,0,35,0,0,11,19,30,27,6,13,19,65,4,0,4,69
08/10/2023,BQN,PR,ASO,ES,Federal Contract Tower,22,9,2,0,33,0,0,25,19,44,22,9,27,19,77,38,4,42,119
08/11/2023,BQN,PR,ASO,ES,Federal Contract Tower,24,3,1,0,28,0,0,24,6,30,24,3,25,6,58,14,0,14,72
08/12/2023,BQN,PR,ASO,ES,Federal Contract Tower,9,0,0,0,9,0,0,12,2,14,9,0,12,2,23,16,0,16,39
08/13/2023,BQN,PR,ASO,ES,Federal Contract Tower,15,0,2,0,17,0,0,15,11,26,15,0,17,11,43,10,8,18,61
08/14/2023,BQN,PR,ASO,ES,Federal Contract Tower,22,6,7,3,38,0,0,30,11,41,22,6,37,14,79,34,32,66,145
08/15/2023,BQN,PR,ASO,ES,Federal Contract Tower,27,6,3,0,36,0,0,38,14,52,27,6,41,14,88,86,20,106,194
08/16/2023,BQN,PR,ASO,ES,Federal Contract Tower,21,6,4,2,33,0,0,40,15,55,21,6,44,17,88,30,38,68,156
08/17/2023,BQN,PR,ASO,ES,Federal Contract Tower,29,3,2,1,35,0,0,27,9,36,29,3,29,10,71,74,0,74,145
08/18/2023,BQN,PR,ASO,ES,Federal Contract Tower,31,2,0,3,36,0,0,31,9,40,31,2,31,12,76,84,12,96,172
08/19/2023,BQN,PR,ASO,ES,Federal Contract Tower,10,0,2,0,12,0,0,29,2,31,10,0,31,2,43,44,0,44,87
08/20/2023,BQN,PR,ASO,ES,Federal Contract Tower,20,0,2,0,22,0,0,20,9,29,20,0,22,9,51,52,18,70,121
08/21/2023,BQN,PR,ASO,ES,Federal Contract Tower,25,4,5,3,37,0,0,40,12,52,25,4,45,15,89,76,46,122,211
08/22/2023,BQN,PR,ASO,ES,Federal Contract Tower,24,5,6,0,35,0,0,42,11,53,24,5,48,11,88,116,20,136,224
08/23/2023,BQN,PR,ASO,ES,Federal Contract Tower,20,8,1,0,29,0,0,23,14,37,20,8,24,14,66,48,18,66,132
08/24/2023,BQN,PR,ASO,ES,Federal Contract Tower,38,2,11,3,54,0,0,54,9,63,38,2,65,12,117,34,0,34,151
08/25/2023,BQN,PR,ASO,ES,Federal Contract Tower,28,7,1,0,36,0,0,22,6,28,28,7,23,6,64,0,0,0,64
08/26/2023,BQN,PR,ASO,ES,Federal Contract Tower,12,0,1,0,13,0,0,7,2,9,12,0,8,2,22,0,0,0,22
08/27/2023,BQN,PR,ASO,ES,Federal Contract Tower,20,0,3,1,24,0,0,35,6,41,20,0,38,7,65,54,0,54,119
08/28/2023,BQN,PR,ASO,ES,Federal Contract Tower,28,8,0,1,37,0,0,25,10,35,28,8,25,11,72,54,12,66,138
08/29/2023,BQN,PR,ASO,ES,Federal Contract Tower,27,6,4,0,37,0,0,55,14,69,27,6,59,14,106,80,14,94,200
08/30/2023,BQN,PR,ASO,ES,Federal Contract Tower,23,9,0,1,33,0,0,38,15,53,23,9,38,16,86,90,0,90,176
08/31/2023,BQN,PR,ASO,ES,Federal Contract Tower,28,4,4,1,37,0,0,34,9,43,28,4,38,10,80,76,8,84,164
