01/01/2000,BRO,TX,ASW,CE,Federal Contract Tower,0,5,4,0,9,0,5,13,0,18,0,10,17,0,27,0,0,0,27
01/02/2000,BRO,TX,ASW,CE,Federal Contract Tower,0,6,7,0,13,0,8,17,0,25,0,14,24,0,38,0,0,0,38
01/03/2000,BRO,TX,ASW,CE,Federal Contract Tower,2,9,11,2,24,0,14,20,0,34,2,23,31,2,58,4,0,4,62
01/04/2000,BRO,TX,ASW,CE,Federal Contract Tower,4,12,13,5,34,5,5,29,0,39,9,17,42,5,73,4,16,20,93
01/05/2000,BRO,TX,ASW,CE,Federal Contract Tower,5,16,17,7,45,2,0,35,0,37,7,16,52,7,82,0,20,20,102
01/06/2000,BRO,TX,ASW,CE,Federal Contract Tower,4,25,26,18,73,0,0,21,0,21,4,25,47,18,94,28,32,60,154
01/07/2000,BRO,TX,ASW,CE,Federal Contract Tower,6,20,19,9,54,0,6,19,0,25,6,26,38,9,79,4,8,12,91
01/08/2000,BRO,TX,ASW,CE,Federal Contract Tower,3,10,9,2,24,0,6,31,0,37,3,16,40,2,61,14,0,14,75
01/09/2000,BRO,TX,ASW,CE,Federal Contract Tower,0,9,9,0,18,0,7,30,0,37,0,16,39,0,55,2,0,2,57
01/10/2000,BRO,TX,ASW,CE,Federal Contract Tower,2,12,12,6,32,0,9,10,0,19,2,21,22,6,51,0,4,4,55
01/11/2000,BRO,TX,ASW,CE,Federal Contract Tower,5,13,16,12,46,1,0,27,8,36,6,13,43,20,82,0,6,6,88
01/12/2000,BRO,TX,ASW,CE,Federal Contract Tower,6,16,21,15,58,1,0,32,3,36,7,16,53,18,94,6,12,18,112
01/13/2000,BRO,TX,ASW,CE,Federal Contract Tower,4,17,23,12,56,0,0,31,0,31,4,17,54,12,87,28,26,54,141
01/14/2000,BRO,TX,ASW,CE,Federal Contract Tower,4,14,14,4,36,0,1,17,0,18,4,15,31,4,54,0,0,0,54
01/15/2000,BRO,TX,ASW,CE,Federal Contract Tower,3,7,8,0,18,0,3,35,0,38,3,10,43,0,56,16,0,16,72
01/16/2000,BRO,TX,ASW,CE,Federal Contract Tower,0,9,9,0,18,0,2,33,0,35,0,11,42,0,53,8,0,8,61
01/17/2000,BRO,TX,ASW,CE,Federal Contract Tower,2,9,8,2,21,0,6,28,0,34,2,15,36,2,55,0,2,2,57
01/18/2000,BRO,TX,ASW,CE,Federal Contract Tower,6,15,20,15,56,3,0,20,6,29,9,15,40,21,85,14,14,28,113
01/19/2000,BRO,TX,ASW,CE,Federal Contract Tower,5,6,16,12,39,2,0,19,6,27,7,6,35,18,66,0,22,22,88
01/20/2000,BRO,TX,ASW,CE,Federal Contract Tower,5,10,26,22,63,0,0,27,2,29,5,10,53,24,92,0,50,50,142
01/21/2000,BRO,TX,ASW,CE,Federal Contract Tower,4,17,14,11,46,0,2,30,0,32,4,19,44,11,78,2,4,6,84
01/22/2000,BRO,TX,ASW,CE,Federal Contract Tower,1,7,6,0,14,2,5,31,0,38,3,12,37,0,52,10,0,10,62
01/23/2000,BRO,TX,ASW,CE,Federal Contract Tower,0,11,11,0,22,0,6,47,0,53,0,17,58,0,75,4,0,4,79
01/24/2000,BRO,TX,ASW,CE,Federal Contract Tower,4,11,15,11,41,0,0,16,5,21,4,11,31,16,62,4,24,28,90
01/25/2000,BRO,TX,ASW,CE,Federal Contract Tower,2,10,9,2,23,5,1,25,0,31,7,11,34,2,54,38,2,40,94
01/26/2000,BRO,TX,ASW,CE,Federal Contract Tower,4,11,15,10,40,4,0,40,0,44,8,11,55,10,84,6,14,20,104
01/27/2000,BRO,TX,ASW,CE,Federal Contract Tower,4,21,22,12,59,0,0,37,0,37,4,21,59,12,96,4,22,26,122
01/28/2000,BRO,TX,ASW,CE,Federal Contract Tower,3,14,13,5,35,3,1,12,0,16,6,15,25,5,51,0,6,6,57
01/29/2000,BRO,TX,ASW,CE,Federal Contract Tower,2,10,9,0,21,2,4,9,0,15,4,14,18,0,36,8,0,8,44
01/30/2000,BRO,TX,ASW,CE,Federal Contract Tower,2,12,10,0,24,0,3,31,0,34,2,15,41,0,58,0,0,0,58
01/31/2000,BRO,TX,ASW,CE,Federal Contract Tower,4,11,23,18,56,0,0,12,6,18,4,11,35,24,74,2,14,16,90
02/01/2000,BRO,TX,ASW,CE,Federal Contract Tower,5,12,17,10,44,1,0,14,0,15,6,12,31,10,59,46,24,70,129
02/02/2000,BRO,TX,ASW,CE,Federal Contract Tower,5,11,15,4,35,2,0,10,0,12,7,11,25,4,47,2,2,4,51
02/03/2000,BRO,TX,ASW,CE,Federal Contract Tower,4,19,22,14,59,0,0,38,4,42,4,19,60,18,101,6,4,10,111
02/04/2000,BRO,TX,ASW,CE,Federal Contract Tower,4,12,18,12,46,0,0,31,5,36,4,12,49,17,82,2,12,14,96
02/05/2000,BRO,TX,ASW,CE,Federal Contract Tower,2,5,6,0,13,1,4,39,0,44,3,9,45,0,57,0,0,0,57
02/06/2000,BRO,TX,ASW,CE,Federal Contract Tower,0,6,8,0,14,0,6,21,0,27,0,12,29,0,41,6,0,6,47
02/07/2000,BRO,TX,ASW,CE,Federal Contract Tower,2,14,16,9,41,0,4,16,0,20,2,18,32,9,61,4,20,24,85
02/08/2000,BRO,TX,ASW,CE,Federal Contract Tower,4,12,13,9,38,3,0,30,1,34,7,12,43,10,72,0,8,8,80
02/09/2000,BRO,TX,ASW,CE,Federal Contract Tower,5,16,16,11,48,2,0,35,0,37,7,16,51,11,85,0,12,12,97
02/10/2000,BRO,TX,ASW,CE,Federal Contract Tower,4,15,15,6,40,0,6,42,0,48,4,21,57,6,88,0,6,6,94
02/11/2000,BRO,TX,ASW,CE,Federal Contract Tower,5,7,13,7,32,1,0,49,0,50,6,7,62,7,82,0,2,2,84
02/12/2000,BRO,TX,ASW,CE,Federal Contract Tower,3,8,8,0,19,2,4,25,0,31,5,12,33,0,50,30,0,30,80
02/13/2000,BRO,TX,ASW,CE,Federal Contract Tower,0,9,9,2,20,0,8,33,0,41,0,17,42,2,61,14,0,14,75
02/14/2000,BRO,TX,ASW,CE,Federal Contract Tower,2,12,15,9,38,0,0,20,0,20,2,12,35,9,58,10,2,12,70
02/15/2000,BRO,TX,ASW,CE,Federal Contract Tower,4,8,14,7,33,3,0,19,0,22,7,8,33,7,55,0,18,18,73
02/16/2000,BRO,TX,ASW,CE,Federal Contract Tower,5,10,18,13,46,2,0,21,9,32,7,10,39,22,78,18,20,38,116
02/17/2000,BRO,TX,ASW,CE,Federal Contract Tower,5,18,19,13,55,2,10,22,0,34,7,28,41,13,89,2,42,44,133
02/18/2000,BRO,TX,ASW,CE,Federal Contract Tower,6,12,20,15,53,4,0,21,0,25,10,12,41,15,78,2,12,14,92
02/19/2000,BRO,TX,ASW,CE,Federal Contract Tower,3,13,13,7,36,0,6,11,0,17,3,19,24,7,53,0,12,12,65
02/20/2000,BRO,TX,ASW,CE,Federal Contract Tower,1,9,10,5,25,0,7,16,0,23,1,16,26,5,48,0,0,0,48
02/21/2000,BRO,TX,ASW,CE,Federal Contract Tower,3,12,12,5,32,1,3,28,0,32,4,15,40,5,64,4,0,4,68
02/22/2000,BRO,TX,ASW,CE,Federal Contract Tower,4,16,20,10,50,0,0,25,0,25,4,16,45,10,75,0,4,4,79
02/23/2000,BRO,TX,ASW,CE,Federal Contract Tower,4,15,18,10,47,0,0,15,0,15,4,15,33,10,62,0,12,12,74
02/24/2000,BRO,TX,ASW,CE,Federal Contract Tower,4,9,18,7,38,0,0,30,0,30,4,9,48,7,68,4,42,46,114
02/25/2000,BRO,TX,ASW,CE,Federal Contract Tower,4,14,19,10,47,0,0,37,0,37,4,14,56,10,84,0,6,6,90
02/26/2000,BRO,TX,ASW,CE,Federal Contract Tower,2,8,8,2,20,2,2,34,0,38,4,10,42,2,58,10,0,10,68
02/27/2000,BRO,TX,ASW,CE,Federal Contract Tower,0,10,10,2,22,0,9,50,0,59,0,19,60,2,81,24,0,24,105
02/28/2000,BRO,TX,ASW,CE,Federal Contract Tower,2,12,13,8,35,0,0,39,6,45,2,12,52,14,80,2,10,12,92
02/29/2000,BRO,TX,ASW,CE,Federal Contract Tower,4,15,17,8,44,2,2,25,0,29,6,17,42,8,73,2,2,4,77
03/01/2000,BRO,TX,ASW,CE,Federal Contract Tower,3,17,18,17,55,0,4,22,0,26,3,21,40,17,81,22,4,26,107
03/02/2000,BRO,TX,ASW,CE,Federal Contract Tower,4,14,15,12,45,0,1,13,0,14,4,15,28,12,59,0,6,6,65
03/03/2000,BRO,TX,ASW,CE,Federal Contract Tower,5,13,23,21,62,0,0,58,6,64,5,13,81,27,126,32,24,56,182
03/04/2000,BRO,TX,ASW,CE,Federal Contract Tower,3,8,9,1,21,3,0,49,0,52,6,8,58,1,73,46,0,46,119
03/05/2000,BRO,TX,ASW,CE,Federal Contract Tower,1,11,12,12,36,0,4,52,0,56,1,15,64,12,92,24,0,24,116
03/06/2000,BRO,TX,ASW,CE,Federal Contract Tower,4,11,13,10,38,0,4,16,0,20,4,15,29,10,58,6,10,16,74
03/07/2000,BRO,TX,ASW,CE,Federal Contract Tower,4,13,16,14,47,0,0,16,1,17,4,13,32,15,64,0,16,16,80
03/08/2000,BRO,TX,ASW,CE,Federal Contract Tower,4,12,17,16,49,0,0,23,4,27,4,12,40,20,76,2,10,12,88
03/09/2000,BRO,TX,ASW,CE,Federal Contract Tower,4,13,19,16,52,0,0,44,0,44,4,13,63,16,96,2,26,28,124
03/10/2000,BRO,TX,ASW,CE,Federal Contract Tower,4,11,12,2,29,2,3,37,0,42,6,14,49,2,71,2,2,4,75
03/11/2000,BRO,TX,ASW,CE,Federal Contract Tower,3,8,11,1,23,2,0,20,0,22,5,8,31,1,45,0,0,0,45
03/12/2000,BRO,TX,ASW,CE,Federal Contract Tower,2,6,7,2,17,1,6,34,0,41,3,12,41,2,58,4,0,4,62
03/13/2000,BRO,TX,ASW,CE,Federal Contract Tower,3,15,21,18,57,0,0,10,6,16,3,15,31,24,73,2,24,26,99
03/14/2000,BRO,TX,ASW,CE,Federal Contract Tower,3,8,12,8,31,0,0,14,0,14,3,8,26,8,45,0,4,4,49
03/15/2000,BRO,TX,ASW,CE,Federal Contract Tower,6,15,22,19,62,0,0,19,4,23,6,15,41,23,85,2,8,10,95
03/16/2000,BRO,TX,ASW,CE,Federal Contract Tower,4,15,19,16,54,0,5,42,1,48,4,20,61,17,102,25,12,37,139
03/17/2000,BRO,TX,ASW,CE,Federal Contract Tower,4,17,20,10,51,0,4,27,0,31,4,21,47,10,82,0,12,12,94
03/18/2000,BRO,TX,ASW,CE,Federal Contract Tower,3,9,13,4,29,4,0,22,0,26,7,9,35,4,55,0,2,2,57
03/19/2000,BRO,TX,ASW,CE,Federal Contract Tower,1,10,11,2,24,0,3,32,0,35,1,13,43,2,59,0,2,2,61
03/20/2000,BRO,TX,ASW,CE,Federal Contract Tower,3,14,16,12,45,0,0,22,0,22,3,14,38,12,67,4,4,8,75
03/21/2000,BRO,TX,ASW,CE,Federal Contract Tower,4,16,22,12,54,0,0,25,0,25,4,16,47,12,79,10,6,16,95
03/22/2000,BRO,TX,ASW,CE,Federal Contract Tower,4,19,22,19,64,0,0,1,9,10,4,19,23,28,74,0,20,20,94
03/23/2000,BRO,TX,ASW,CE,Federal Contract Tower,4,14,27,23,68,0,0,18,7,25,4,14,45,30,93,2,24,26,119
03/24/2000,BRO,TX,ASW,CE,Federal Contract Tower,4,12,18,9,43,0,0,47,0,47,4,12,65,9,90,2,8,10,100
03/25/2000,BRO,TX,ASW,CE,Federal Contract Tower,2,9,11,3,25,3,3,45,0,51,5,12,56,3,76,4,0,4,80
03/26/2000,BRO,TX,ASW,CE,Federal Contract Tower,3,11,14,1,29,3,9,30,0,42,6,20,44,1,71,2,0,2,73
03/27/2000,BRO,TX,ASW,CE,Federal Contract Tower,3,17,20,16,56,0,6,17,0,23,3,23,37,16,79,0,18,18,97
03/28/2000,BRO,TX,ASW,CE,Federal Contract Tower,3,12,14,7,36,3,4,47,0,54,6,16,61,7,90,32,6,38,128
03/29/2000,BRO,TX,ASW,CE,Federal Contract Tower,4,15,19,11,49,0,1,32,0,33,4,16,51,11,82,6,26,32,114
03/30/2000,BRO,TX,ASW,CE,Federal Contract Tower,4,17,21,12,54,0,3,24,0,27,4,20,45,12,81,0,22,22,103
03/31/2000,BRO,TX,ASW,CE,Federal Contract Tower,3,12,15,10,40,1,0,28,0,29,4,12,43,10,69,2,20,22,91
04/01/2000,BRO,TX,ASW,CE,Federal Contract Tower,2,8,8,2,20,3,0,13,0,16,5,8,21,2,36,2,0,2,38
04/02/2000,BRO,TX,ASW,CE,Federal Contract Tower,1,7,8,2,18,0,8,24,0,32,1,15,32,2,50,26,0,26,76
04/03/2000,BRO,TX,ASW,CE,Federal Contract Tower,2,18,23,18,61,0,0,18,1,19,2,18,41,19,80,2,32,34,114
04/04/2000,BRO,TX,ASW,CE,Federal Contract Tower,5,11,15,11,42,0,0,37,0,37,5,11,52,11,79,18,12,30,109
04/05/2000,BRO,TX,ASW,CE,Federal Contract Tower,5,16,16,10,47,0,2,30,0,32,5,18,46,10,79,2,26,28,107
04/06/2000,BRO,TX,ASW,CE,Federal Contract Tower,4,13,17,14,48,0,0,23,1,24,4,13,40,15,72,0,26,26,98
04/07/2000,BRO,TX,ASW,CE,Federal Contract Tower,4,12,13,2,31,0,11,22,0,33,4,23,35,2,64,12,0,12,76
04/08/2000,BRO,TX,ASW,CE,Federal Contract Tower,2,13,12,5,32,0,3,31,0,34,2,16,43,5,66,6,0,6,72
04/09/2000,BRO,TX,ASW,CE,Federal Contract Tower,0,9,8,5,22,0,6,27,0,33,0,15,35,5,55,0,4,4,59
04/10/2000,BRO,TX,ASW,CE,Federal Contract Tower,1,9,7,2,19,3,4,12,0,19,4,13,19,2,38,0,0,0,38
04/11/2000,BRO,TX,ASW,CE,Federal Contract Tower,3,17,13,10,43,3,1,17,0,21,6,18,30,10,64,8,34,42,106
04/12/2000,BRO,TX,ASW,CE,Federal Contract Tower,1,8,6,0,15,2,4,13,0,19,3,12,19,0,34,18,0,18,52
04/13/2000,BRO,TX,ASW,CE,Federal Contract Tower,3,10,13,12,38,2,0,31,2,35,5,10,44,14,73,12,6,18,91
04/14/2000,BRO,TX,ASW,CE,Federal Contract Tower,3,18,15,2,38,0,0,41,0,41,3,18,56,2,79,2,0,2,81
04/15/2000,BRO,TX,ASW,CE,Federal Contract Tower,2,12,9,0,23,1,10,23,0,34,3,22,32,0,57,0,0,0,57
04/16/2000,BRO,TX,ASW,CE,Federal Contract Tower,1,8,6,0,15,1,14,20,0,35,2,22,26,0,50,4,6,10,60
04/17/2000,BRO,TX,ASW,CE,Federal Contract Tower,2,17,13,11,43,0,2,15,0,17,2,19,28,11,60,4,4,8,68
04/18/2000,BRO,TX,ASW,CE,Federal Contract Tower,4,12,21,17,54,0,0,27,6,33,4,12,48,23,87,18,40,58,145
04/19/2000,BRO,TX,ASW,CE,Federal Contract Tower,3,19,16,13,51,1,3,25,4,33,4,22,41,17,84,0,16,16,100
04/20/2000,BRO,TX,ASW,CE,Federal Contract Tower,4,19,19,14,56,0,0,30,1,31,4,19,49,15,87,2,20,22,109
04/21/2000,BRO,TX,ASW,CE,Federal Contract Tower,2,10,10,7,29,1,0,22,0,23,3,10,32,7,52,8,6,14,66
04/22/2000,BRO,TX,ASW,CE,Federal Contract Tower,0,10,9,0,19,0,10,31,0,41,0,20,40,0,60,30,0,30,90
04/23/2000,BRO,TX,ASW,CE,Federal Contract Tower,0,12,10,2,24,0,12,17,0,29,0,24,27,2,53,0,0,0,53
04/24/2000,BRO,TX,ASW,CE,Federal Contract Tower,3,16,14,7,40,2,1,32,0,35,5,17,46,7,75,2,8,10,85
04/25/2000,BRO,TX,ASW,CE,Federal Contract Tower,4,15,20,15,54,0,0,24,6,30,4,15,44,21,84,6,40,46,130
04/26/2000,BRO,TX,ASW,CE,Federal Contract Tower,2,14,12,5,33,2,4,18,0,24,4,18,30,5,57,2,4,6,63
04/27/2000,BRO,TX,ASW,CE,Federal Contract Tower,4,15,21,16,56,0,0,25,0,25,4,15,46,16,81,0,20,20,101
04/28/2000,BRO,TX,ASW,CE,Federal Contract Tower,2,18,15,6,41,0,0,20,0,20,2,18,35,6,61,2,12,14,75
04/29/2000,BRO,TX,ASW,CE,Federal Contract Tower,2,11,10,1,24,1,3,23,0,27,3,14,33,1,51,0,0,0,51
04/30/2000,BRO,TX,ASW,CE,Federal Contract Tower,0,14,13,0,27,0,2,24,0,26,0,16,37,0,53,6,0,6,59
05/01/2000,BRO,TX,ASW,CE,Federal Contract Tower,2,16,16,20,54,0,0,0,9,9,2,16,16,29,63,0,20,20,83
05/02/2000,BRO,TX,ASW,CE,Federal Contract Tower,2,7,6,1,16,2,6,10,0,18,4,13,16,1,34,0,0,0,34
05/03/2000,BRO,TX,ASW,CE,Federal Contract Tower,4,11,12,9,36,2,0,35,0,37,6,11,47,9,73,0,6,6,79
05/04/2000,BRO,TX,ASW,CE,Federal Contract Tower,4,12,23,27,66,0,0,22,0,22,4,12,45,27,88,6,30,36,124
05/05/2000,BRO,TX,ASW,CE,Federal Contract Tower,4,14,14,6,38,1,1,26,0,28,5,15,40,6,66,52,18,70,136
05/06/2000,BRO,TX,ASW,CE,Federal Contract Tower,2,7,6,1,16,1,7,16,0,24,3,14,22,1,40,0,0,0,40
05/07/2000,BRO,TX,ASW,CE,Federal Contract Tower,0,7,6,5,18,0,5,23,0,28,0,12,29,5,46,0,0,0,46
05/08/2000,BRO,TX,ASW,CE,Federal Contract Tower,2,12,16,11,41,0,0,12,0,12,2,12,28,11,53,12,34,46,99
05/09/2000,BRO,TX,ASW,CE,Federal Contract Tower,5,19,18,19,61,0,1,9,0,10,5,20,27,19,71,2,18,20,91
05/10/2000,BRO,TX,ASW,CE,Federal Contract Tower,5,18,27,24,74,0,0,24,0,24,5,18,51,24,98,2,38,40,138
05/11/2000,BRO,TX,ASW,CE,Federal Contract Tower,3,9,10,2,24,1,0,30,0,31,4,9,40,2,55,4,0,4,59
05/12/2000,BRO,TX,ASW,CE,Federal Contract Tower,4,12,20,14,50,0,0,51,0,51,4,12,71,14,101,2,12,14,115
05/13/2000,BRO,TX,ASW,CE,Federal Contract Tower,2,7,8,2,19,2,5,19,0,26,4,12,27,2,45,0,0,0,45
05/14/2000,BRO,TX,ASW,CE,Federal Contract Tower,0,5,5,2,12,0,2,20,0,22,0,7,25,2,34,18,0,18,52
05/15/2000,BRO,TX,ASW,CE,Federal Contract Tower,3,15,16,18,52,0,1,5,5,11,3,16,21,23,63,18,18,36,99
05/16/2000,BRO,TX,ASW,CE,Federal Contract Tower,3,16,16,11,46,1,6,19,0,26,4,22,35,11,72,2,20,22,94
05/17/2000,BRO,TX,ASW,CE,Federal Contract Tower,3,14,13,11,41,1,8,21,0,30,4,22,34,11,71,10,8,18,89
05/18/2000,BRO,TX,ASW,CE,Federal Contract Tower,3,12,16,12,43,1,0,16,0,17,4,12,32,12,60,4,12,16,76
05/19/2000,BRO,TX,ASW,CE,Federal Contract Tower,4,12,17,17,50,1,0,23,0,24,5,12,40,17,74,0,12,12,86
05/20/2000,BRO,TX,ASW,CE,Federal Contract Tower,1,9,8,4,22,1,8,22,0,31,2,17,30,4,53,12,0,12,65
05/21/2000,BRO,TX,ASW,CE,Federal Contract Tower,0,8,7,2,17,0,5,22,0,27,0,13,29,2,44,2,4,6,50
05/22/2000,BRO,TX,ASW,CE,Federal Contract Tower,4,15,18,15,52,0,0,22,0,22,4,15,40,15,74,8,20,28,102
05/23/2000,BRO,TX,ASW,CE,Federal Contract Tower,4,22,23,21,70,0,0,21,0,21,4,22,44,21,91,0,48,48,139
05/24/2000,BRO,TX,ASW,CE,Federal Contract Tower,6,28,28,18,80,0,2,10,0,12,6,30,38,18,92,2,68,70,162
05/25/2000,BRO,TX,ASW,CE,Federal Contract Tower,4,14,22,14,54,0,0,48,0,48,4,14,70,14,102,8,14,22,124
05/26/2000,BRO,TX,ASW,CE,Federal Contract Tower,4,18,18,10,50,0,0,24,0,24,4,18,42,10,74,2,28,30,104
05/27/2000,BRO,TX,ASW,CE,Federal Contract Tower,2,9,10,2,23,0,2,29,0,31,2,11,39,2,54,10,2,12,66
05/28/2000,BRO,TX,ASW,CE,Federal Contract Tower,0,4,4,0,8,0,2,24,0,26,0,6,28,0,34,12,0,12,46
05/29/2000,BRO,TX,ASW,CE,Federal Contract Tower,2,9,10,1,22,1,7,33,0,41,3,16,43,1,63,12,0,12,75
05/30/2000,BRO,TX,ASW,CE,Federal Contract Tower,5,20,23,22,70,0,0,8,0,8,5,20,31,22,78,12,30,42,120
05/31/2000,BRO,TX,ASW,CE,Federal Contract Tower,6,17,26,25,74,4,0,36,0,40,10,17,62,25,114,0,26,26,140
06/01/2000,BRO,TX,ASW,CE,Federal Contract Tower,5,16,18,7,46,0,0,33,0,33,5,16,51,7,79,2,8,10,89
06/02/2000,BRO,TX,ASW,CE,Federal Contract Tower,6,20,19,11,56,1,0,26,2,29,7,20,45,13,85,12,26,38,123
06/03/2000,BRO,TX,ASW,CE,Federal Contract Tower,3,9,9,2,23,1,0,43,0,44,4,9,52,2,67,50,0,50,117
06/04/2000,BRO,TX,ASW,CE,Federal Contract Tower,2,13,10,2,27,0,2,29,0,31,2,15,39,2,58,0,0,0,58
06/05/2000,BRO,TX,ASW,CE,Federal Contract Tower,3,17,14,2,36,0,5,21,0,26,3,22,35,2,62,44,0,44,106
06/06/2000,BRO,TX,ASW,CE,Federal Contract Tower,4,15,13,4,36,1,0,25,0,26,5,15,38,4,62,20,8,28,90
06/07/2000,BRO,TX,ASW,CE,Federal Contract Tower,4,18,14,8,44,0,0,41,0,41,4,18,55,8,85,8,0,8,93
06/08/2000,BRO,TX,ASW,CE,Federal Contract Tower,4,18,14,2,38,0,0,21,0,21,4,18,35,2,59,10,0,10,69
06/09/2000,BRO,TX,ASW,CE,Federal Contract Tower,5,17,14,0,36,2,5,9,0,16,7,22,23,0,52,12,0,12,64
06/10/2000,BRO,TX,ASW,CE,Federal Contract Tower,3,9,8,0,20,0,5,10,0,15,3,14,18,0,35,8,0,8,43
06/11/2000,BRO,TX,ASW,CE,Federal Contract Tower,2,11,10,0,23,0,2,22,0,24,2,13,32,0,47,0,0,0,47
06/12/2000,BRO,TX,ASW,CE,Federal Contract Tower,4,15,13,4,36,1,0,17,0,18,5,15,30,4,54,0,12,12,66
06/13/2000,BRO,TX,ASW,CE,Federal Contract Tower,4,22,18,9,53,0,1,13,0,14,4,23,31,9,67,24,8,32,99
06/14/2000,BRO,TX,ASW,CE,Federal Contract Tower,5,24,19,12,60,0,0,25,0,25,5,24,44,12,85,2,8,10,95
06/15/2000,BRO,TX,ASW,CE,Federal Contract Tower,6,25,19,4,54,1,6,33,0,40,7,31,52,4,94,6,0,6,100
06/16/2000,BRO,TX,ASW,CE,Federal Contract Tower,6,24,21,13,64,0,0,24,1,25,6,24,45,14,89,0,16,16,105
06/17/2000,BRO,TX,ASW,CE,Federal Contract Tower,2,12,9,2,25,1,10,6,0,17,3,22,15,2,42,6,0,6,48
06/18/2000,BRO,TX,ASW,CE,Federal Contract Tower,3,14,10,2,29,2,11,14,0,27,5,25,24,2,56,0,20,20,76
06/19/2000,BRO,TX,ASW,CE,Federal Contract Tower,4,21,15,8,48,5,11,22,0,38,9,32,37,8,86,10,0,10,96
06/20/2000,BRO,TX,ASW,CE,Federal Contract Tower,4,25,18,7,54,0,8,24,0,32,4,33,42,7,86,0,20,20,106
06/21/2000,BRO,TX,ASW,CE,Federal Contract Tower,4,26,19,7,56,0,8,27,0,35,4,34,46,7,91,2,6,8,99
06/22/2000,BRO,TX,ASW,CE,Federal Contract Tower,4,31,23,10,68,0,11,23,0,34,4,42,46,10,102,12,40,52,154
06/23/2000,BRO,TX,ASW,CE,Federal Contract Tower,6,30,23,14,73,1,0,36,0,37,7,30,59,14,110,2,22,24,134
06/24/2000,BRO,TX,ASW,CE,Federal Contract Tower,1,9,6,1,17,2,6,23,0,31,3,15,29,1,48,12,0,12,60
06/25/2000,BRO,TX,ASW,CE,Federal Contract Tower,0,12,9,2,23,0,0,44,0,44,0,12,53,2,67,0,0,0,67
06/26/2000,BRO,TX,ASW,CE,Federal Contract Tower,5,13,17,11,46,1,0,25,5,31,6,13,42,16,77,32,12,44,121
06/27/2000,BRO,TX,ASW,CE,Federal Contract Tower,4,19,13,2,38,0,4,41,0,45,4,23,54,2,83,16,2,18,101
06/28/2000,BRO,TX,ASW,CE,Federal Contract Tower,4,23,17,9,53,0,4,28,0,32,4,27,45,9,85,0,6,6,91
06/29/2000,BRO,TX,ASW,CE,Federal Contract Tower,4,21,19,10,54,0,0,21,4,25,4,21,40,14,79,24,20,44,123
06/30/2000,BRO,TX,ASW,CE,Federal Contract Tower,4,17,15,8,44,1,0,34,4,39,5,17,49,12,83,20,8,28,111
07/01/2000,BRO,TX,ASW,CE,Federal Contract Tower,1,10,6,0,17,0,12,26,0,38,1,22,32,0,55,16,0,16,71
07/02/2000,BRO,TX,ASW,CE,Federal Contract Tower,2,7,5,0,14,0,8,39,0,47,2,15,44,0,61,0,0,0,61
07/03/2000,BRO,TX,ASW,CE,Federal Contract Tower,1,3,3,0,7,3,7,20,0,30,4,10,23,0,37,0,0,0,37
07/04/2000,BRO,TX,ASW,CE,Federal Contract Tower,0,3,4,0,7,0,4,36,0,40,0,7,40,0,47,0,0,0,47
07/05/2000,BRO,TX,ASW,CE,Federal Contract Tower,2,12,10,14,38,0,0,33,0,33,2,12,43,14,71,14,36,50,121
07/06/2000,BRO,TX,ASW,CE,Federal Contract Tower,4,14,10,14,42,0,0,36,2,38,4,14,46,16,80,4,4,8,88
07/07/2000,BRO,TX,ASW,CE,Federal Contract Tower,5,16,9,6,36,0,2,27,0,29,5,18,36,6,65,2,14,16,81
07/08/2000,BRO,TX,ASW,CE,Federal Contract Tower,2,7,4,0,13,0,5,36,0,41,2,12,40,0,54,10,0,10,64
07/09/2000,BRO,TX,ASW,CE,Federal Contract Tower,0,9,7,1,17,0,7,28,0,35,0,16,35,1,52,0,0,0,52
07/10/2000,BRO,TX,ASW,CE,Federal Contract Tower,3,19,15,19,56,0,0,15,2,17,3,19,30,21,73,0,20,20,93
07/11/2000,BRO,TX,ASW,CE,Federal Contract Tower,3,15,10,13,41,1,0,29,0,30,4,15,39,13,71,6,8,14,85
07/12/2000,BRO,TX,ASW,CE,Federal Contract Tower,4,16,13,13,46,0,0,25,0,25,4,16,38,13,71,38,22,60,131
07/13/2000,BRO,TX,ASW,CE,Federal Contract Tower,4,17,16,21,58,0,0,17,1,18,4,17,33,22,76,36,26,62,138
07/14/2000,BRO,TX,ASW,CE,Federal Contract Tower,3,13,12,11,39,4,0,60,0,64,7,13,72,11,103,48,14,62,165
07/15/2000,BRO,TX,ASW,CE,Federal Contract Tower,1,9,6,0,16,2,8,22,0,32,3,17,28,0,48,12,0,12,60
07/16/2000,BRO,TX,ASW,CE,Federal Contract Tower,0,21,17,4,42,0,0,10,0,10,0,21,27,4,52,8,0,8,60
07/17/2000,BRO,TX,ASW,CE,Federal Contract Tower,4,25,15,19,63,2,9,23,2,36,6,34,38,21,99,32,22,54,153
07/18/2000,BRO,TX,ASW,CE,Federal Contract Tower,4,25,15,12,56,0,4,43,0,47,4,29,58,12,103,0,14,14,117
07/19/2000,BRO,TX,ASW,CE,Federal Contract Tower,4,22,14,12,52,0,6,30,0,36,4,28,44,12,88,6,26,32,120
07/20/2000,BRO,TX,ASW,CE,Federal Contract Tower,3,19,13,14,49,2,0,35,0,37,5,19,48,14,86,12,2,14,100
07/21/2000,BRO,TX,ASW,CE,Federal Contract Tower,5,28,17,21,71,1,0,68,0,69,6,28,85,21,140,8,8,16,156
07/22/2000,BRO,TX,ASW,CE,Federal Contract Tower,2,14,7,6,29,4,1,41,0,46,6,15,48,6,75,6,8,14,89
07/23/2000,BRO,TX,ASW,CE,Federal Contract Tower,0,12,7,0,19,0,0,33,0,33,0,12,40,0,52,0,0,0,52
07/24/2000,BRO,TX,ASW,CE,Federal Contract Tower,3,25,15,21,64,0,0,32,0,32,3,25,47,21,96,0,48,48,144
07/25/2000,BRO,TX,ASW,CE,Federal Contract Tower,5,20,16,22,63,3,0,35,0,38,8,20,51,22,101,18,28,46,147
07/26/2000,BRO,TX,ASW,CE,Federal Contract Tower,4,27,15,12,58,0,0,58,0,58,4,27,73,12,116,0,16,16,132
07/27/2000,BRO,TX,ASW,CE,Federal Contract Tower,4,29,17,9,59,0,11,28,0,39,4,40,45,9,98,14,12,26,124
07/28/2000,BRO,TX,ASW,CE,Federal Contract Tower,5,25,15,18,63,0,0,42,0,42,5,25,57,18,105,12,14,26,131
07/29/2000,BRO,TX,ASW,CE,Federal Contract Tower,2,15,8,0,25,1,9,33,0,43,3,24,41,0,68,24,0,24,92
07/30/2000,BRO,TX,ASW,CE,Federal Contract Tower,0,23,13,0,36,0,8,26,0,34,0,31,39,0,70,0,0,0,70
07/31/2000,BRO,TX,ASW,CE,Federal Contract Tower,2,23,13,16,54,0,3,16,0,19,2,26,29,16,73,22,46,68,141
08/01/2000,BRO,TX,ASW,CE,Federal Contract Tower,4,18,14,13,49,0,2,25,0,27,4,20,39,13,76,26,12,38,114
08/02/2000,BRO,TX,ASW,CE,Federal Contract Tower,4,18,14,7,43,1,1,32,0,34,5,19,46,7,77,4,32,36,113
08/03/2000,BRO,TX,ASW,CE,Federal Contract Tower,4,17,13,10,44,1,8,32,0,41,5,25,45,10,85,0,2,2,87
08/04/2000,BRO,TX,ASW,CE,Federal Contract Tower,4,15,12,5,36,1,6,13,0,20,5,21,25,5,56,0,2,2,58
08/05/2000,BRO,TX,ASW,CE,Federal Contract Tower,2,13,10,2,27,0,3,33,0,36,2,16,43,2,63,8,2,10,73
08/06/2000,BRO,TX,ASW,CE,Federal Contract Tower,2,13,10,0,25,0,6,26,0,32,2,19,36,0,57,0,0,0,57
08/07/2000,BRO,TX,ASW,CE,Federal Contract Tower,2,19,16,14,51,0,0,25,0,25,2,19,41,14,76,6,32,38,114
08/08/2000,BRO,TX,ASW,CE,Federal Contract Tower,4,15,11,4,34,3,1,15,0,19,7,16,26,4,53,14,4,18,71
08/09/2000,BRO,TX,ASW,CE,Federal Contract Tower,5,22,17,16,60,1,7,18,3,29,6,29,35,19,89,32,20,52,141
08/10/2000,BRO,TX,ASW,CE,Federal Contract Tower,5,26,24,24,79,0,0,21,1,22,5,26,45,25,101,4,18,22,123
08/11/2000,BRO,TX,ASW,CE,Federal Contract Tower,5,22,17,5,49,0,2,41,0,43,5,24,58,5,92,12,10,22,114
08/12/2000,BRO,TX,ASW,CE,Federal Contract Tower,2,8,7,2,19,1,3,29,0,33,3,11,36,2,52,8,0,8,60
08/13/2000,BRO,TX,ASW,CE,Federal Contract Tower,0,11,9,0,20,0,9,38,0,47,0,20,47,0,67,8,0,8,75
08/14/2000,BRO,TX,ASW,CE,Federal Contract Tower,5,20,16,8,49,1,0,29,0,30,6,20,45,8,79,0,14,14,93
08/15/2000,BRO,TX,ASW,CE,Federal Contract Tower,3,9,8,1,21,1,0,14,0,15,4,9,22,1,36,12,2,14,50
08/16/2000,BRO,TX,ASW,CE,Federal Contract Tower,4,19,15,10,48,0,5,11,0,16,4,24,26,10,64,2,8,10,74
08/17/2000,BRO,TX,ASW,CE,Federal Contract Tower,4,27,19,14,64,0,0,31,0,31,4,27,50,14,95,16,20,36,131
08/18/2000,BRO,TX,ASW,CE,Federal Contract Tower,4,15,12,12,43,2,0,32,0,34,6,15,44,12,77,6,10,16,93
08/19/2000,BRO,TX,ASW,CE,Federal Contract Tower,2,7,4,0,13,0,6,26,0,32,2,13,30,0,45,0,0,0,45
08/20/2000,BRO,TX,ASW,CE,Federal Contract Tower,0,8,5,1,14,0,8,39,0,47,0,16,44,1,61,0,0,0,61
08/21/2000,BRO,TX,ASW,CE,Federal Contract Tower,4,21,16,16,57,0,0,8,3,11,4,21,24,19,68,14,30,44,112
08/22/2000,BRO,TX,ASW,CE,Federal Contract Tower,4,12,17,14,47,0,0,22,0,22,4,12,39,14,69,8,26,34,103
08/23/2000,BRO,TX,ASW,CE,Federal Contract Tower,7,21,23,22,73,1,0,28,0,29,8,21,51,22,102,8,36,44,146
08/24/2000,BRO,TX,ASW,CE,Federal Contract Tower,4,18,16,8,46,1,0,43,0,44,5,18,59,8,90,6,8,14,104
08/25/2000,BRO,TX,ASW,CE,Federal Contract Tower,4,20,15,6,45,4,0,46,0,50,8,20,61,6,95,0,2,2,97
08/26/2000,BRO,TX,ASW,CE,Federal Contract Tower,1,8,5,1,15,2,1,30,0,33,3,9,35,1,48,78,0,78,126
08/27/2000,BRO,TX,ASW,CE,Federal Contract Tower,0,11,7,1,19,0,4,29,0,33,0,15,36,1,52,0,0,0,52
08/28/2000,BRO,TX,ASW,CE,Federal Contract Tower,3,14,17,15,49,0,0,21,3,24,3,14,38,18,73,0,44,44,117
08/29/2000,BRO,TX,ASW,CE,Federal Contract Tower,5,16,17,12,50,1,0,24,0,25,6,16,41,12,75,20,20,40,115
08/30/2000,BRO,TX,ASW,CE,Federal Contract Tower,4,15,16,10,45,0,0,22,0,22,4,15,38,10,67,16,18,34,101
08/31/2000,BRO,TX,ASW,CE,Federal Contract Tower,5,27,19,12,63,0,13,24,0,37,5,40,43,12,100,0,8,8,108
09/01/2000,BRO,TX,ASW,CE,Federal Contract Tower,3,16,17,4,40,0,0,49,0,49,3,16,66,4,89,4,8,12,101
09/02/2000,BRO,TX,ASW,CE,Federal Contract Tower,2,8,7,1,18,0,2,32,0,34,2,10,39,1,52,12,0,12,64
09/03/2000,BRO,TX,ASW,CE,Federal Contract Tower,0,4,4,0,8,0,5,27,0,32,0,9,31,0,40,6,0,6,46
09/04/2000,BRO,TX,ASW,CE,Federal Contract Tower,0,14,13,0,27,0,1,42,0,43,0,15,55,0,70,0,0,0,70
09/05/2000,BRO,TX,ASW,CE,Federal Contract Tower,3,13,15,7,38,0,0,20,0,20,3,13,35,7,58,26,8,34,92
09/06/2000,BRO,TX,ASW,CE,Federal Contract Tower,6,21,23,19,69,0,0,24,3,27,6,21,47,22,96,0,30,30,126
09/07/2000,BRO,TX,ASW,CE,Federal Contract Tower,4,15,26,17,62,0,0,23,0,23,4,15,49,17,85,12,40,52,137
09/08/2000,BRO,TX,ASW,CE,Federal Contract Tower,5,17,17,0,39,0,0,39,0,39,5,17,56,0,78,28,0,28,106
09/09/2000,BRO,TX,ASW,CE,Federal Contract Tower,2,7,7,0,16,3,6,68,0,77,5,13,75,0,93,106,0,106,199
09/10/2000,BRO,TX,ASW,CE,Federal Contract Tower,2,7,7,0,16,0,8,24,0,32,2,15,31,0,48,0,0,0,48
09/11/2000,BRO,TX,ASW,CE,Federal Contract Tower,2,21,20,17,60,0,0,14,3,17,2,21,34,20,77,0,32,32,109
09/12/2000,BRO,TX,ASW,CE,Federal Contract Tower,4,18,23,15,60,0,0,50,0,50,4,18,73,15,110,24,22,46,156
09/13/2000,BRO,TX,ASW,CE,Federal Contract Tower,4,21,20,2,47,0,12,26,0,38,4,33,46,2,85,8,0,8,93
09/14/2000,BRO,TX,ASW,CE,Federal Contract Tower,3,22,19,16,60,0,2,19,0,21,3,24,38,16,81,16,18,34,115
09/15/2000,BRO,TX,ASW,CE,Federal Contract Tower,4,17,14,6,41,2,10,28,0,40,6,27,42,6,81,4,2,6,87
09/16/2000,BRO,TX,ASW,CE,Federal Contract Tower,2,8,6,0,16,1,6,30,0,37,3,14,36,0,53,0,0,0,53
09/17/2000,BRO,TX,ASW,CE,Federal Contract Tower,2,13,11,2,28,0,7,43,0,50,2,20,54,2,78,0,0,0,78
09/18/2000,BRO,TX,ASW,CE,Federal Contract Tower,2,22,19,15,58,0,3,9,0,12,2,25,28,15,70,6,18,24,94
09/19/2000,BRO,TX,ASW,CE,Federal Contract Tower,4,17,19,15,55,4,0,25,0,29,8,17,44,15,84,10,10,20,104
09/20/2000,BRO,TX,ASW,CE,Federal Contract Tower,4,21,18,10,53,0,3,27,0,30,4,24,45,10,83,6,6,12,95
09/21/2000,BRO,TX,ASW,CE,Federal Contract Tower,4,21,18,16,59,0,2,23,12,37,4,23,41,28,96,12,26,38,134
09/22/2000,BRO,TX,ASW,CE,Federal Contract Tower,3,18,15,4,40,2,3,31,0,36,5,21,46,4,76,6,8,14,90
09/23/2000,BRO,TX,ASW,CE,Federal Contract Tower,1,6,5,0,12,3,5,20,0,28,4,11,25,0,40,16,0,16,56
09/24/2000,BRO,TX,ASW,CE,Federal Contract Tower,1,9,6,2,18,0,7,17,0,24,1,16,23,2,42,0,0,0,42
09/25/2000,BRO,TX,ASW,CE,Federal Contract Tower,2,15,12,7,36,0,0,13,0,13,2,15,25,7,49,12,6,18,67
09/26/2000,BRO,TX,ASW,CE,Federal Contract Tower,3,18,17,15,53,3,0,20,1,24,6,18,37,16,77,24,14,38,115
09/27/2000,BRO,TX,ASW,CE,Federal Contract Tower,4,17,24,16,61,0,0,26,0,26,4,17,50,16,87,14,50,64,151
09/28/2000,BRO,TX,ASW,CE,Federal Contract Tower,4,13,18,15,50,0,0,34,2,36,4,13,52,17,86,18,10,28,114
09/29/2000,BRO,TX,ASW,CE,Federal Contract Tower,4,16,20,17,57,1,0,24,3,28,5,16,44,20,85,0,18,18,103
09/30/2000,BRO,TX,ASW,CE,Federal Contract Tower,1,10,9,2,22,2,4,17,0,23,3,14,26,2,45,0,0,0,45
10/01/2000,BRO,TX,ASW,CE,Federal Contract Tower,2,7,6,2,17,0,5,30,0,35,2,12,36,2,52,0,2,2,54
10/02/2000,BRO,TX,ASW,CE,Federal Contract Tower,2,16,14,8,40,0,7,12,0,19,2,23,26,8,59,4,6,10,69
10/03/2000,BRO,TX,ASW,CE,Federal Contract Tower,6,16,21,17,60,0,0,20,8,28,6,16,41,25,88,12,18,30,118
10/04/2000,BRO,TX,ASW,CE,Federal Contract Tower,5,19,18,14,56,0,0,23,0,23,5,19,41,14,79,0,50,50,129
10/05/2000,BRO,TX,ASW,CE,Federal Contract Tower,4,12,12,1,29,0,2,21,0,23,4,14,33,1,52,0,0,0,52
10/06/2000,BRO,TX,ASW,CE,Federal Contract Tower,4,11,13,7,35,5,0,10,0,15,9,11,23,7,50,8,6,14,64
10/07/2000,BRO,TX,ASW,CE,Federal Contract Tower,3,7,7,0,17,0,4,2,0,6,3,11,9,0,23,0,0,0,23
10/08/2000,BRO,TX,ASW,CE,Federal Contract Tower,2,9,8,0,19,0,7,2,0,9,2,16,10,0,28,0,0,0,28
10/09/2000,BRO,TX,ASW,CE,Federal Contract Tower,2,10,8,1,21,0,0,21,0,21,2,10,29,1,42,0,0,0,42
10/10/2000,BRO,TX,ASW,CE,Federal Contract Tower,4,16,13,11,44,0,0,12,0,12,4,16,25,11,56,0,0,0,56
10/11/2000,BRO,TX,ASW,CE,Federal Contract Tower,5,19,13,3,40,1,10,16,0,27,6,29,29,3,67,10,0,10,77
10/12/2000,BRO,TX,ASW,CE,Federal Contract Tower,6,19,16,15,56,0,0,28,5,33,6,19,44,20,89,14,6,20,109
10/13/2000,BRO,TX,ASW,CE,Federal Contract Tower,5,14,18,13,50,0,0,60,0,60,5,14,78,13,110,10,8,18,128
10/14/2000,BRO,TX,ASW,CE,Federal Contract Tower,3,9,7,0,19,0,0,35,0,35,3,9,42,0,54,4,0,4,58
10/15/2000,BRO,TX,ASW,CE,Federal Contract Tower,0,12,10,1,23,0,4,26,0,30,0,16,36,1,53,8,0,8,61
10/16/2000,BRO,TX,ASW,CE,Federal Contract Tower,2,15,12,8,37,0,0,23,0,23,2,15,35,8,60,10,6,16,76
10/17/2000,BRO,TX,ASW,CE,Federal Contract Tower,5,24,19,14,62,1,5,14,5,25,6,29,33,19,87,22,30,52,139
10/18/2000,BRO,TX,ASW,CE,Federal Contract Tower,5,20,21,12,58,1,0,25,0,26,6,20,46,12,84,30,22,52,136
10/19/2000,BRO,TX,ASW,CE,Federal Contract Tower,6,31,25,13,75,0,1,29,0,30,6,32,54,13,105,4,22,26,131
10/20/2000,BRO,TX,ASW,CE,Federal Contract Tower,3,13,12,6,34,4,0,19,0,23,7,13,31,6,57,2,18,20,77
10/21/2000,BRO,TX,ASW,CE,Federal Contract Tower,1,8,6,0,15,2,4,12,0,18,3,12,18,0,33,0,0,0,33
10/22/2000,BRO,TX,ASW,CE,Federal Contract Tower,0,8,6,0,14,0,6,13,0,19,0,14,19,0,33,6,0,6,39
10/23/2000,BRO,TX,ASW,CE,Federal Contract Tower,2,21,17,12,52,0,2,0,4,6,2,23,17,16,58,0,18,18,76
10/24/2000,BRO,TX,ASW,CE,Federal Contract Tower,4,21,18,13,56,2,0,22,1,25,6,21,40,14,81,12,6,18,99
10/25/2000,BRO,TX,ASW,CE,Federal Contract Tower,4,25,22,16,67,0,0,24,4,28,4,25,46,20,95,0,18,18,113
10/26/2000,BRO,TX,ASW,CE,Federal Contract Tower,4,17,14,2,37,0,0,26,0,26,4,17,40,2,63,10,6,16,79
10/27/2000,BRO,TX,ASW,CE,Federal Contract Tower,3,18,14,10,45,1,4,27,0,32,4,22,41,10,77,10,4,14,91
10/28/2000,BRO,TX,ASW,CE,Federal Contract Tower,1,9,7,0,17,3,3,27,0,33,4,12,34,0,50,8,0,8,58
10/29/2000,BRO,TX,ASW,CE,Federal Contract Tower,0,16,13,2,31,0,5,27,0,32,0,21,40,2,63,0,0,0,63
10/30/2000,BRO,TX,ASW,CE,Federal Contract Tower,4,18,14,10,46,0,0,28,3,31,4,18,42,13,77,2,12,14,91
10/31/2000,BRO,TX,ASW,CE,Federal Contract Tower,5,23,18,14,60,1,5,0,2,8,6,28,18,16,68,6,18,24,92
11/01/2000,BRO,TX,ASW,CE,Federal Contract Tower,5,21,17,8,51,0,0,20,0,20,5,21,37,8,71,4,6,10,81
11/02/2000,BRO,TX,ASW,CE,Federal Contract Tower,5,20,18,12,55,0,0,15,0,15,5,20,33,12,70,2,10,12,82
11/03/2000,BRO,TX,ASW,CE,Federal Contract Tower,6,15,18,13,52,0,0,15,2,17,6,15,33,15,69,8,26,34,103
11/04/2000,BRO,TX,ASW,CE,Federal Contract Tower,2,8,7,0,17,0,6,14,0,20,2,14,21,0,37,6,0,6,43
11/05/2000,BRO,TX,ASW,CE,Federal Contract Tower,4,14,11,2,31,0,5,17,0,22,4,19,28,2,53,0,0,0,53
11/06/2000,BRO,TX,ASW,CE,Federal Contract Tower,4,14,11,4,33,0,6,13,0,19,4,20,24,4,52,16,10,26,78
11/07/2000,BRO,TX,ASW,CE,Federal Contract Tower,6,16,16,12,50,1,0,13,4,18,7,16,29,16,68,8,12,20,88
11/08/2000,BRO,TX,ASW,CE,Federal Contract Tower,5,16,13,0,34,4,2,15,0,21,9,18,28,0,55,0,0,0,55
11/09/2000,BRO,TX,ASW,CE,Federal Contract Tower,7,22,17,9,55,2,7,39,0,48,9,29,56,9,103,2,8,10,113
11/10/2000,BRO,TX,ASW,CE,Federal Contract Tower,4,11,9,3,27,0,6,35,0,41,4,17,44,3,68,6,0,6,74
11/11/2000,BRO,TX,ASW,CE,Federal Contract Tower,2,10,9,0,21,0,7,34,0,41,2,17,43,0,62,22,0,22,84
11/12/2000,BRO,TX,ASW,CE,Federal Contract Tower,0,8,6,0,14,0,4,9,0,13,0,12,15,0,27,0,0,0,27
11/13/2000,BRO,TX,ASW,CE,Federal Contract Tower,6,21,22,12,61,0,0,6,0,6,6,21,28,12,67,0,38,38,105
11/14/2000,BRO,TX,ASW,CE,Federal Contract Tower,6,18,14,8,46,0,0,14,0,14,6,18,28,8,60,16,12,28,88
11/15/2000,BRO,TX,ASW,CE,Federal Contract Tower,5,15,15,11,46,0,0,21,0,21,5,15,36,11,67,0,6,6,73
11/16/2000,BRO,TX,ASW,CE,Federal Contract Tower,6,15,17,13,51,2,0,23,9,34,8,15,40,22,85,24,10,34,119
11/17/2000,BRO,TX,ASW,CE,Federal Contract Tower,5,22,16,10,53,0,2,2,0,4,5,24,18,10,57,0,14,14,71
11/18/2000,BRO,TX,ASW,CE,Federal Contract Tower,2,9,5,0,16,1,0,15,0,16,3,9,20,0,32,0,0,0,32
11/19/2000,BRO,TX,ASW,CE,Federal Contract Tower,3,12,7,0,22,0,3,14,0,17,3,15,21,0,39,10,0,10,49
11/20/2000,BRO,TX,ASW,CE,Federal Contract Tower,4,19,13,11,47,0,3,6,1,10,4,22,19,12,57,16,8,24,81
11/21/2000,BRO,TX,ASW,CE,Federal Contract Tower,6,18,18,12,54,0,0,30,0,30,6,18,48,12,84,4,32,36,120
11/22/2000,BRO,TX,ASW,CE,Federal Contract Tower,4,18,13,2,37,2,2,16,0,20,6,20,29,2,57,0,6,6,63
11/23/2000,BRO,TX,ASW,CE,Federal Contract Tower,1,7,6,2,16,2,2,14,0,18,3,9,20,2,34,0,0,0,34
11/24/2000,BRO,TX,ASW,CE,Federal Contract Tower,0,8,6,3,17,0,5,18,0,23,0,13,24,3,40,0,0,0,40
11/25/2000,BRO,TX,ASW,CE,Federal Contract Tower,0,9,7,0,16,0,5,46,0,51,0,14,53,0,67,20,0,20,87
11/26/2000,BRO,TX,ASW,CE,Federal Contract Tower,1,9,7,0,17,0,5,39,0,44,1,14,46,0,61,2,0,2,63
11/27/2000,BRO,TX,ASW,CE,Federal Contract Tower,4,15,13,6,38,0,0,28,0,28,4,15,41,6,66,12,8,20,86
11/28/2000,BRO,TX,ASW,CE,Federal Contract Tower,4,17,13,8,42,2,1,32,1,36,6,18,45,9,78,4,4,8,86
11/29/2000,BRO,TX,ASW,CE,Federal Contract Tower,5,25,19,8,57,0,1,36,0,37,5,26,55,8,94,0,8,8,102
11/30/2000,BRO,TX,ASW,CE,Federal Contract Tower,6,18,20,13,57,2,0,36,2,40,8,18,56,15,97,0,18,18,115
12/01/2000,BRO,TX,ASW,CE,Federal Contract Tower,6,16,13,3,38,0,3,33,0,36,6,19,46,3,74,8,4,12,86
12/02/2000,BRO,TX,ASW,CE,Federal Contract Tower,2,7,7,0,16,0,5,24,0,29,2,12,31,0,45,0,0,0,45
12/03/2000,BRO,TX,ASW,CE,Federal Contract Tower,0,12,11,0,23,0,8,12,0,20,0,20,23,0,43,6,0,6,49
12/04/2000,BRO,TX,ASW,CE,Federal Contract Tower,5,19,21,8,53,0,0,6,10,16,5,19,27,18,69,0,0,0,69
12/05/2000,BRO,TX,ASW,CE,Federal Contract Tower,7,18,15,4,44,1,3,15,0,19,8,21,30,4,63,0,0,0,63
12/06/2000,BRO,TX,ASW,CE,Federal Contract Tower,6,23,20,8,57,0,0,29,2,31,6,23,49,10,88,22,0,22,110
12/07/2000,BRO,TX,ASW,CE,Federal Contract Tower,7,20,17,6,50,0,5,41,1,47,7,25,58,7,97,0,4,4,101
12/08/2000,BRO,TX,ASW,CE,Federal Contract Tower,6,17,15,4,42,0,0,44,0,44,6,17,59,4,86,0,2,2,88
12/09/2000,BRO,TX,ASW,CE,Federal Contract Tower,4,10,8,2,24,2,3,42,0,47,6,13,50,2,71,16,0,16,87
12/10/2000,BRO,TX,ASW,CE,Federal Contract Tower,3,13,13,0,29,0,0,37,0,37,3,13,50,0,66,6,0,6,72
12/11/2000,BRO,TX,ASW,CE,Federal Contract Tower,4,23,20,8,55,0,0,14,10,24,4,23,34,18,79,0,10,10,89
12/12/2000,BRO,TX,ASW,CE,Federal Contract Tower,4,19,16,7,46,0,0,4,14,18,4,19,20,21,64,0,0,0,64
12/13/2000,BRO,TX,ASW,CE,Federal Contract Tower,7,21,19,7,54,2,0,7,0,9,9,21,26,7,63,0,0,0,63
12/14/2000,BRO,TX,ASW,CE,Federal Contract Tower,5,14,12,5,36,0,1,1,6,8,5,15,13,11,44,0,0,0,44
12/15/2000,BRO,TX,ASW,CE,Federal Contract Tower,2,7,7,0,16,2,0,1,0,3,4,7,8,0,19,0,0,0,19
12/16/2000,BRO,TX,ASW,CE,Federal Contract Tower,3,9,8,0,20,0,2,17,0,19,3,11,25,0,39,6,0,6,45
12/17/2000,BRO,TX,ASW,CE,Federal Contract Tower,4,12,10,1,27,1,4,44,0,49,5,16,54,1,76,22,0,22,98
12/18/2000,BRO,TX,ASW,CE,Federal Contract Tower,4,20,14,7,45,0,1,23,11,35,4,21,37,18,80,0,0,0,80
12/19/2000,BRO,TX,ASW,CE,Federal Contract Tower,5,17,15,7,44,0,0,45,17,62,5,17,60,24,106,2,0,2,108
12/20/2000,BRO,TX,ASW,CE,Federal Contract Tower,5,10,12,4,31,2,0,30,0,32,7,10,42,4,63,0,2,2,65
12/21/2000,BRO,TX,ASW,CE,Federal Contract Tower,5,16,13,6,40,0,0,25,14,39,5,16,38,20,79,2,0,2,81
12/22/2000,BRO,TX,ASW,CE,Federal Contract Tower,7,18,16,4,45,0,0,34,0,34,7,18,50,4,79,2,0,2,81
12/23/2000,BRO,TX,ASW,CE,Federal Contract Tower,3,9,8,0,20,3,0,38,0,41,6,9,46,0,61,34,0,34,95
12/24/2000,BRO,TX,ASW,CE,Federal Contract Tower,0,6,4,0,10,0,3,10,0,13,0,9,14,0,23,0,0,0,23
12/25/2000,BRO,TX,ASW,CE,Federal Contract Tower,0,9,6,2,17,0,4,9,0,13,0,13,15,2,30,0,0,0,30
12/26/2000,BRO,TX,ASW,CE,Federal Contract Tower,3,11,7,0,21,1,4,9,0,14,4,15,16,0,35,0,0,0,35
12/27/2000,BRO,TX,ASW,CE,Federal Contract Tower,4,11,11,3,29,5,0,18,0,23,9,11,29,3,52,0,0,0,52
12/28/2000,BRO,TX,ASW,CE,Federal Contract Tower,3,10,8,0,21,5,0,31,0,36,8,10,39,0,57,1,0,1,58
12/29/2000,BRO,TX,ASW,CE,Federal Contract Tower,3,9,9,3,24,5,0,35,5,45,8,9,44,8,69,0,0,0,69
12/30/2000,BRO,TX,ASW,CE,Federal Contract Tower,3,9,9,0,21,3,0,46,0,49,6,9,55,0,70,40,0,40,110
12/31/2000,BRO,TX,ASW,CE,Federal Contract Tower,2,9,7,0,18,0,1,10,0,11,2,10,17,0,29,0,0,0,29
01/01/2001,BRO,TX,ASW,CE,Federal Contract Tower,1,5,9,0,15,0,3,5,0,8,1,8,14,0,23,0,0,0,23
01/02/2001,BRO,TX,ASW,CE,Federal Contract Tower,5,10,15,0,30,0,7,6,0,13,5,17,21,0,43,0,0,0,43
01/03/2001,BRO,TX,ASW,CE,Federal Contract Tower,8,11,17,5,41,2,6,17,0,25,10,17,34,5,66,10,8,18,84
01/04/2001,BRO,TX,ASW,CE,Federal Contract Tower,7,9,15,8,39,0,3,34,3,40,7,12,49,11,79,6,0,6,85
01/05/2001,BRO,TX,ASW,CE,Federal Contract Tower,8,11,17,8,44,0,4,43,0,47,8,15,60,8,91,0,0,0,91
01/06/2001,BRO,TX,ASW,CE,Federal Contract Tower,4,8,12,0,24,0,3,52,0,55,4,11,64,0,79,4,0,4,83
01/07/2001,BRO,TX,ASW,CE,Federal Contract Tower,2,8,8,0,18,0,5,16,0,21,2,13,24,0,39,0,0,0,39
01/08/2001,BRO,TX,ASW,CE,Federal Contract Tower,7,16,18,8,49,0,4,8,0,12,7,20,26,8,61,4,4,8,69
01/09/2001,BRO,TX,ASW,CE,Federal Contract Tower,6,8,11,7,32,2,0,29,0,31,8,8,40,7,63,2,0,2,65
01/10/2001,BRO,TX,ASW,CE,Federal Contract Tower,6,13,17,12,48,0,0,13,4,17,6,13,30,16,65,0,18,18,83
01/11/2001,BRO,TX,ASW,CE,Federal Contract Tower,5,9,13,10,37,3,0,39,0,42,8,9,52,10,79,10,8,18,97
01/12/2001,BRO,TX,ASW,CE,Federal Contract Tower,8,9,19,13,49,2,0,26,3,31,10,9,45,16,80,0,8,8,88
01/13/2001,BRO,TX,ASW,CE,Federal Contract Tower,3,7,8,0,18,1,6,14,0,21,4,13,22,0,39,0,0,0,39
01/14/2001,BRO,TX,ASW,CE,Federal Contract Tower,2,6,6,0,14,0,1,7,0,8,2,7,13,0,22,0,0,0,22
01/15/2001,BRO,TX,ASW,CE,Federal Contract Tower,4,8,10,0,22,2,2,28,0,32,6,10,38,0,54,4,0,4,58
01/16/2001,BRO,TX,ASW,CE,Federal Contract Tower,7,12,17,10,46,1,0,17,2,20,8,12,34,12,66,2,36,38,104
01/17/2001,BRO,TX,ASW,CE,Federal Contract Tower,6,8,17,10,41,0,0,18,14,32,6,8,35,24,73,4,14,18,91
01/18/2001,BRO,TX,ASW,CE,Federal Contract Tower,6,13,20,10,49,0,0,9,0,9,6,13,29,10,58,0,4,4,62
01/19/2001,BRO,TX,ASW,CE,Federal Contract Tower,7,13,18,11,49,0,0,19,8,27,7,13,37,19,76,8,8,16,92
01/20/2001,BRO,TX,ASW,CE,Federal Contract Tower,4,8,11,4,27,2,0,62,0,64,6,8,73,4,91,0,4,4,95
01/21/2001,BRO,TX,ASW,CE,Federal Contract Tower,2,9,12,0,23,0,4,45,0,49,2,13,57,0,72,0,0,0,72
01/22/2001,BRO,TX,ASW,CE,Federal Contract Tower,5,10,16,9,40,0,0,31,12,43,5,10,47,21,83,0,22,22,105
01/23/2001,BRO,TX,ASW,CE,Federal Contract Tower,8,14,26,15,63,0,0,14,5,19,8,14,40,20,82,12,30,42,124
01/24/2001,BRO,TX,ASW,CE,Federal Contract Tower,5,8,14,9,36,3,0,14,3,20,8,8,28,12,56,4,8,12,68
01/25/2001,BRO,TX,ASW,CE,Federal Contract Tower,6,9,15,8,38,2,0,29,0,31,8,9,44,8,69,0,2,2,71
01/26/2001,BRO,TX,ASW,CE,Federal Contract Tower,7,13,18,7,45,0,0,23,0,23,7,13,41,7,68,2,14,16,84
01/27/2001,BRO,TX,ASW,CE,Federal Contract Tower,3,7,8,0,18,2,4,16,0,22,5,11,24,0,40,4,0,4,44
01/28/2001,BRO,TX,ASW,CE,Federal Contract Tower,4,8,10,0,22,0,2,24,0,26,4,10,34,0,48,0,0,0,48
01/29/2001,BRO,TX,ASW,CE,Federal Contract Tower,5,8,14,8,35,1,0,10,4,15,6,8,24,12,50,0,10,10,60
01/30/2001,BRO,TX,ASW,CE,Federal Contract Tower,7,10,18,10,45,1,0,47,2,50,8,10,65,12,95,7,4,11,106
01/31/2001,BRO,TX,ASW,CE,Federal Contract Tower,7,11,17,10,45,1,0,20,2,23,8,11,37,12,68,12,8,20,88
02/01/2001,BRO,TX,ASW,CE,Federal Contract Tower,8,11,18,8,45,0,0,19,0,19,8,11,37,8,64,0,12,12,76
02/02/2001,BRO,TX,ASW,CE,Federal Contract Tower,7,10,16,5,38,1,4,10,0,15,8,14,26,5,53,12,20,32,85
02/03/2001,BRO,TX,ASW,CE,Federal Contract Tower,4,7,11,2,24,0,4,38,0,42,4,11,49,2,66,0,0,0,66
02/04/2001,BRO,TX,ASW,CE,Federal Contract Tower,2,6,10,0,18,0,6,27,0,33,2,12,37,0,51,6,0,6,57
02/05/2001,BRO,TX,ASW,CE,Federal Contract Tower,5,11,17,11,44,0,0,47,1,48,5,11,64,12,92,14,6,20,112
02/06/2001,BRO,TX,ASW,CE,Federal Contract Tower,8,11,19,11,49,0,0,34,1,35,8,11,53,12,84,8,12,20,104
02/07/2001,BRO,TX,ASW,CE,Federal Contract Tower,9,12,20,13,54,1,0,24,0,25,10,12,44,13,79,2,8,10,89
02/08/2001,BRO,TX,ASW,CE,Federal Contract Tower,8,12,19,10,49,2,0,25,0,27,10,12,44,10,76,1,1,2,78
02/09/2001,BRO,TX,ASW,CE,Federal Contract Tower,8,8,19,9,44,2,0,12,0,14,10,8,31,9,58,0,16,16,74
02/10/2001,BRO,TX,ASW,CE,Federal Contract Tower,6,10,13,0,29,0,5,40,0,45,6,15,53,0,74,0,0,0,74
02/11/2001,BRO,TX,ASW,CE,Federal Contract Tower,1,7,9,0,17,0,6,4,0,10,1,13,13,0,27,0,0,0,27
02/12/2001,BRO,TX,ASW,CE,Federal Contract Tower,5,10,13,0,28,0,6,8,0,14,5,16,21,0,42,0,0,0,42
02/13/2001,BRO,TX,ASW,CE,Federal Contract Tower,7,10,14,7,38,5,0,22,0,27,12,10,36,7,65,4,0,4,69
02/14/2001,BRO,TX,ASW,CE,Federal Contract Tower,10,9,20,13,52,0,0,26,5,31,10,9,46,18,83,3,18,21,104
02/15/2001,BRO,TX,ASW,CE,Federal Contract Tower,7,11,24,15,57,0,0,14,7,21,7,11,38,22,78,4,14,18,96
02/16/2001,BRO,TX,ASW,CE,Federal Contract Tower,8,9,16,7,40,1,0,26,0,27,9,9,42,7,67,4,14,18,85
02/17/2001,BRO,TX,ASW,CE,Federal Contract Tower,5,8,11,4,28,1,0,9,0,10,6,8,20,4,38,13,6,19,57
02/18/2001,BRO,TX,ASW,CE,Federal Contract Tower,2,7,8,3,20,0,2,33,0,35,2,9,41,3,55,6,0,6,61
02/19/2001,BRO,TX,ASW,CE,Federal Contract Tower,6,12,15,2,35,1,1,38,0,40,7,13,53,2,75,8,12,20,95
02/20/2001,BRO,TX,ASW,CE,Federal Contract Tower,7,13,18,13,51,1,1,20,3,25,8,14,38,16,76,6,8,14,90
02/21/2001,BRO,TX,ASW,CE,Federal Contract Tower,7,11,16,10,44,7,0,26,0,33,14,11,42,10,77,0,8,8,85
02/22/2001,BRO,TX,ASW,CE,Federal Contract Tower,9,14,23,9,55,1,0,20,0,21,10,14,43,9,76,6,15,21,97
02/23/2001,BRO,TX,ASW,CE,Federal Contract Tower,6,10,17,10,43,0,0,15,0,15,6,10,32,10,58,0,44,44,102
02/24/2001,BRO,TX,ASW,CE,Federal Contract Tower,5,9,12,0,26,1,3,17,0,21,6,12,29,0,47,6,0,6,53
02/25/2001,BRO,TX,ASW,CE,Federal Contract Tower,2,8,12,0,22,0,8,24,0,32,2,16,36,0,54,0,0,0,54
02/26/2001,BRO,TX,ASW,CE,Federal Contract Tower,5,9,14,8,36,2,0,44,1,47,7,9,58,9,83,14,12,26,109
02/27/2001,BRO,TX,ASW,CE,Federal Contract Tower,8,11,29,6,54,0,0,25,0,25,8,11,54,6,79,14,40,54,133
02/28/2001,BRO,TX,ASW,CE,Federal Contract Tower,8,12,21,13,54,0,0,41,0,41,8,12,62,13,95,16,48,64,159
03/01/2001,BRO,TX,ASW,CE,Federal Contract Tower,9,13,22,8,52,0,0,16,0,16,9,13,38,8,68,0,12,12,80
03/02/2001,BRO,TX,ASW,CE,Federal Contract Tower,6,13,19,17,55,0,0,19,3,22,6,13,38,20,77,36,12,48,125
03/03/2001,BRO,TX,ASW,CE,Federal Contract Tower,6,4,11,0,21,0,0,21,0,21,6,4,32,0,42,13,0,13,55
03/04/2001,BRO,TX,ASW,CE,Federal Contract Tower,2,8,10,1,21,0,4,82,0,86,2,12,92,1,107,52,0,52,159
03/05/2001,BRO,TX,ASW,CE,Federal Contract Tower,5,7,9,8,29,0,3,54,1,58,5,10,63,9,87,8,5,13,100
03/06/2001,BRO,TX,ASW,CE,Federal Contract Tower,8,12,20,17,57,0,0,33,0,33,8,12,53,17,90,4,26,30,120
03/07/2001,BRO,TX,ASW,CE,Federal Contract Tower,8,12,16,14,50,0,0,43,0,43,8,12,59,14,93,6,22,28,121
03/08/2001,BRO,TX,ASW,CE,Federal Contract Tower,8,13,19,17,57,0,0,36,5,41,8,13,55,22,98,8,11,19,117
03/09/2001,BRO,TX,ASW,CE,Federal Contract Tower,8,14,29,6,57,0,0,68,0,68,8,14,97,6,125,2,50,52,177
03/10/2001,BRO,TX,ASW,CE,Federal Contract Tower,5,6,8,0,19,7,3,47,0,57,12,9,55,0,76,10,0,10,86
03/11/2001,BRO,TX,ASW,CE,Federal Contract Tower,4,8,10,9,31,0,2,41,1,44,4,10,51,10,75,0,12,12,87
03/12/2001,BRO,TX,ASW,CE,Federal Contract Tower,5,8,12,12,37,0,0,34,2,36,5,8,46,14,73,6,22,28,101
03/13/2001,BRO,TX,ASW,CE,Federal Contract Tower,8,11,15,14,48,0,2,39,3,44,8,13,54,17,92,6,15,21,113
03/14/2001,BRO,TX,ASW,CE,Federal Contract Tower,10,18,23,21,72,0,0,18,3,21,10,18,41,24,93,0,12,12,105
03/15/2001,BRO,TX,ASW,CE,Federal Contract Tower,5,8,11,3,27,0,2,48,0,50,5,10,59,3,77,23,11,34,111
03/16/2001,BRO,TX,ASW,CE,Federal Contract Tower,8,10,20,19,57,0,0,32,4,36,8,10,52,23,93,0,38,38,131
03/17/2001,BRO,TX,ASW,CE,Federal Contract Tower,3,6,7,0,16,5,2,40,0,47,8,8,47,0,63,31,0,31,94
03/18/2001,BRO,TX,ASW,CE,Federal Contract Tower,4,11,15,3,33,0,0,29,0,29,4,11,44,3,62,10,0,10,72
03/19/2001,BRO,TX,ASW,CE,Federal Contract Tower,4,10,13,9,36,0,1,33,8,42,4,11,46,17,78,0,18,18,96
03/20/2001,BRO,TX,ASW,CE,Federal Contract Tower,5,9,12,4,30,7,1,41,0,49,12,10,53,4,79,4,6,10,89
03/21/2001,BRO,TX,ASW,CE,Federal Contract Tower,7,11,16,12,46,3,0,37,0,40,10,11,53,12,86,0,36,36,122
03/22/2001,BRO,TX,ASW,CE,Federal Contract Tower,8,13,17,6,44,1,5,52,0,58,9,18,69,6,102,28,8,36,138
03/23/2001,BRO,TX,ASW,CE,Federal Contract Tower,9,14,19,16,58,0,0,32,14,46,9,14,51,30,104,10,15,25,129
03/24/2001,BRO,TX,ASW,CE,Federal Contract Tower,5,9,11,2,27,3,0,24,0,27,8,9,35,2,54,20,0,20,74
03/25/2001,BRO,TX,ASW,CE,Federal Contract Tower,3,11,15,11,40,0,3,12,2,17,3,14,27,13,57,16,2,18,75
03/26/2001,BRO,TX,ASW,CE,Federal Contract Tower,4,7,9,2,22,3,6,14,0,23,7,13,23,2,45,12,0,12,57
03/27/2001,BRO,TX,ASW,CE,Federal Contract Tower,8,11,18,5,42,3,0,28,0,31,11,11,46,5,73,14,7,21,94
03/28/2001,BRO,TX,ASW,CE,Federal Contract Tower,8,13,18,12,51,3,3,30,0,36,11,16,48,12,87,16,4,20,107
03/29/2001,BRO,TX,ASW,CE,Federal Contract Tower,10,13,21,17,61,2,0,57,0,59,12,13,78,17,120,6,13,19,139
03/30/2001,BRO,TX,ASW,CE,Federal Contract Tower,11,15,23,15,64,1,0,57,0,58,12,15,80,15,122,4,12,16,138
03/31/2001,BRO,TX,ASW,CE,Federal Contract Tower,4,7,10,7,28,3,4,46,0,53,7,11,56,7,81,16,4,20,101
04/01/2001,BRO,TX,ASW,CE,Federal Contract Tower,2,10,7,0,19,1,2,43,0,46,3,12,50,0,65,4,0,4,69
04/02/2001,BRO,TX,ASW,CE,Federal Contract Tower,6,13,18,16,53,0,0,16,19,35,6,13,34,35,88,0,2,2,90
04/03/2001,BRO,TX,ASW,CE,Federal Contract Tower,6,13,15,18,52,4,0,33,0,37,10,13,48,18,89,2,0,2,91
04/04/2001,BRO,TX,ASW,CE,Federal Contract Tower,8,12,22,19,61,0,0,22,15,37,8,12,44,34,98,1,28,29,127
04/05/2001,BRO,TX,ASW,CE,Federal Contract Tower,7,16,13,20,56,0,0,39,0,39,7,16,52,20,95,1,10,11,106
04/06/2001,BRO,TX,ASW,CE,Federal Contract Tower,9,11,10,17,47,0,0,33,0,33,9,11,43,17,80,0,14,14,94
04/07/2001,BRO,TX,ASW,CE,Federal Contract Tower,5,10,8,0,23,0,7,35,0,42,5,17,43,0,65,28,0,28,93
04/08/2001,BRO,TX,ASW,CE,Federal Contract Tower,2,8,6,2,18,0,6,32,0,38,2,14,38,2,56,0,4,4,60
04/09/2001,BRO,TX,ASW,CE,Federal Contract Tower,6,14,13,13,46,0,0,29,3,32,6,14,42,16,78,4,12,16,94
04/10/2001,BRO,TX,ASW,CE,Federal Contract Tower,10,18,20,19,67,0,0,33,1,34,10,18,53,20,101,0,8,8,109
04/11/2001,BRO,TX,ASW,CE,Federal Contract Tower,10,20,22,20,72,0,0,19,4,23,10,20,41,24,95,4,22,26,121
04/12/2001,BRO,TX,ASW,CE,Federal Contract Tower,9,16,14,24,63,0,0,38,0,38,9,16,52,24,101,26,14,40,141
04/13/2001,BRO,TX,ASW,CE,Federal Contract Tower,6,10,18,12,46,0,0,37,0,37,6,10,55,12,83,18,20,38,121
04/14/2001,BRO,TX,ASW,CE,Federal Contract Tower,2,7,5,0,14,0,6,40,0,46,2,13,45,0,60,8,0,8,68
04/15/2001,BRO,TX,ASW,CE,Federal Contract Tower,1,10,10,0,21,0,13,30,0,43,1,23,40,0,64,0,0,0,64
04/16/2001,BRO,TX,ASW,CE,Federal Contract Tower,8,16,17,14,55,0,2,25,0,27,8,18,42,14,82,0,34,34,116
04/17/2001,BRO,TX,ASW,CE,Federal Contract Tower,6,8,13,2,29,4,0,30,0,34,10,8,43,2,63,28,2,30,93
04/18/2001,BRO,TX,ASW,CE,Federal Contract Tower,8,12,19,6,45,0,0,34,0,34,8,12,53,6,79,34,14,48,127
04/19/2001,BRO,TX,ASW,CE,Federal Contract Tower,10,14,11,0,35,0,0,39,0,39,10,14,50,0,74,12,0,12,86
04/20/2001,BRO,TX,ASW,CE,Federal Contract Tower,6,12,12,0,30,5,4,32,0,41,11,16,44,0,71,0,0,0,71
04/21/2001,BRO,TX,ASW,CE,Federal Contract Tower,5,12,10,0,27,1,0,50,0,51,6,12,60,0,78,4,0,4,82
04/22/2001,BRO,TX,ASW,CE,Federal Contract Tower,1,10,10,0,21,0,7,24,0,31,1,17,34,0,52,0,0,0,52
04/23/2001,BRO,TX,ASW,CE,Federal Contract Tower,6,8,19,14,47,0,2,30,0,32,6,10,49,14,79,24,16,40,119
04/24/2001,BRO,TX,ASW,CE,Federal Contract Tower,6,14,14,4,38,5,2,3,0,10,11,16,17,4,48,0,4,4,52
04/25/2001,BRO,TX,ASW,CE,Federal Contract Tower,10,16,17,11,54,0,0,35,1,36,10,16,52,12,90,2,4,6,96
04/26/2001,BRO,TX,ASW,CE,Federal Contract Tower,10,14,28,8,60,0,0,55,0,55,10,14,83,8,115,32,2,34,149
04/27/2001,BRO,TX,ASW,CE,Federal Contract Tower,10,18,22,18,68,0,0,22,12,34,10,18,44,30,102,14,0,14,116
04/28/2001,BRO,TX,ASW,CE,Federal Contract Tower,5,9,9,1,24,0,0,33,2,35,5,9,42,3,59,0,0,0,59
04/29/2001,BRO,TX,ASW,CE,Federal Contract Tower,2,9,6,0,17,0,0,45,0,45,2,9,51,0,62,0,0,0,62
04/30/2001,BRO,TX,ASW,CE,Federal Contract Tower,6,14,3,10,33,0,0,43,0,43,6,14,46,10,76,40,2,42,118
05/01/2001,BRO,TX,ASW,CE,Federal Contract Tower,10,18,19,21,68,0,0,39,3,42,10,18,58,24,110,10,0,10,120
05/02/2001,BRO,TX,ASW,CE,Federal Contract Tower,10,12,22,30,74,0,1,29,0,30,10,13,51,30,104,10,30,40,144
05/03/2001,BRO,TX,ASW,CE,Federal Contract Tower,10,9,7,18,44,0,1,30,0,31,10,10,37,18,75,4,0,4,79
05/04/2001,BRO,TX,ASW,CE,Federal Contract Tower,10,8,3,10,31,0,1,32,0,33,10,9,35,10,64,40,0,40,104
05/05/2001,BRO,TX,ASW,CE,Federal Contract Tower,5,11,3,0,19,0,1,19,0,20,5,12,22,0,39,10,0,10,49
05/06/2001,BRO,TX,ASW,CE,Federal Contract Tower,1,10,5,0,16,0,0,18,0,18,1,10,23,0,34,0,0,0,34
05/07/2001,BRO,TX,ASW,CE,Federal Contract Tower,6,11,13,15,45,0,0,19,3,22,6,11,32,18,67,0,26,26,93
05/08/2001,BRO,TX,ASW,CE,Federal Contract Tower,10,9,13,20,52,0,0,43,0,43,10,9,56,20,95,14,4,18,113
05/09/2001,BRO,TX,ASW,CE,Federal Contract Tower,8,12,10,20,50,0,0,48,0,48,8,12,58,20,98,18,2,20,118
05/10/2001,BRO,TX,ASW,CE,Federal Contract Tower,12,11,8,9,40,0,0,24,0,24,12,11,32,9,64,0,0,0,64
05/11/2001,BRO,TX,ASW,CE,Federal Contract Tower,10,12,8,2,32,0,0,43,0,43,10,12,51,2,75,0,0,0,75
05/12/2001,BRO,TX,ASW,CE,Federal Contract Tower,5,10,3,0,18,0,2,37,0,39,5,12,40,0,57,6,0,6,63
05/13/2001,BRO,TX,ASW,CE,Federal Contract Tower,1,9,2,3,15,0,1,17,1,19,1,10,19,4,34,8,2,10,44
05/14/2001,BRO,TX,ASW,CE,Federal Contract Tower,6,12,3,8,29,0,0,26,0,26,6,12,29,8,55,18,4,22,77
05/15/2001,BRO,TX,ASW,CE,Federal Contract Tower,8,13,17,15,53,0,0,42,0,42,8,13,59,15,95,28,2,30,125
05/16/2001,BRO,TX,ASW,CE,Federal Contract Tower,10,18,15,20,63,0,0,44,2,46,10,18,59,22,109,0,0,0,109
05/17/2001,BRO,TX,ASW,CE,Federal Contract Tower,8,12,16,20,56,0,1,33,0,34,8,13,49,20,90,0,0,0,90
05/18/2001,BRO,TX,ASW,CE,Federal Contract Tower,10,14,13,16,53,0,1,24,6,31,10,15,37,22,84,0,0,0,84
05/19/2001,BRO,TX,ASW,CE,Federal Contract Tower,3,9,23,4,39,0,0,24,0,24,3,9,47,4,63,10,0,10,73
05/20/2001,BRO,TX,ASW,CE,Federal Contract Tower,1,14,7,0,22,0,1,12,0,13,1,15,19,0,35,0,0,0,35
05/21/2001,BRO,TX,ASW,CE,Federal Contract Tower,6,13,3,6,28,0,0,6,4,10,6,13,9,10,38,0,8,8,46
05/22/2001,BRO,TX,ASW,CE,Federal Contract Tower,10,12,12,22,56,0,0,7,0,7,10,12,19,22,63,16,8,24,87
05/23/2001,BRO,TX,ASW,CE,Federal Contract Tower,10,15,15,13,53,0,0,25,0,25,10,15,40,13,78,16,6,22,100
05/24/2001,BRO,TX,ASW,CE,Federal Contract Tower,10,15,12,28,65,0,0,31,16,47,10,15,43,44,112,8,0,8,120
05/25/2001,BRO,TX,ASW,CE,Federal Contract Tower,8,12,21,14,55,0,2,42,6,50,8,14,63,20,105,14,0,14,119
05/26/2001,BRO,TX,ASW,CE,Federal Contract Tower,2,14,3,4,23,0,0,41,0,41,2,14,44,4,64,4,0,4,68
05/27/2001,BRO,TX,ASW,CE,Federal Contract Tower,0,8,6,1,15,0,1,40,0,41,0,9,46,1,56,0,0,0,56
05/28/2001,BRO,TX,ASW,CE,Federal Contract Tower,1,8,15,1,25,0,0,17,0,17,1,8,32,1,42,0,0,0,42
05/29/2001,BRO,TX,ASW,CE,Federal Contract Tower,7,14,11,27,59,0,0,35,0,35,7,14,46,27,94,32,8,40,134
05/30/2001,BRO,TX,ASW,CE,Federal Contract Tower,10,13,15,20,58,0,1,48,1,50,10,14,63,21,108,8,4,12,120
05/31/2001,BRO,TX,ASW,CE,Federal Contract Tower,8,17,30,19,74,0,0,32,7,39,8,17,62,26,113,8,0,8,121
06/01/2001,BRO,TX,ASW,CE,Federal Contract Tower,9,13,24,11,57,1,0,41,1,43,10,13,65,12,100,14,0,14,114
06/02/2001,BRO,TX,ASW,CE,Federal Contract Tower,3,13,3,0,19,1,0,44,0,45,4,13,47,0,64,12,0,12,76
06/03/2001,BRO,TX,ASW,CE,Federal Contract Tower,2,10,4,0,16,1,0,14,0,15,3,10,18,0,31,0,0,0,31
06/04/2001,BRO,TX,ASW,CE,Federal Contract Tower,5,11,5,62,83,0,2,21,0,23,5,13,26,62,106,14,0,14,120
06/05/2001,BRO,TX,ASW,CE,Federal Contract Tower,8,11,8,34,61,0,1,30,0,31,8,12,38,34,92,0,4,4,96
06/06/2001,BRO,TX,ASW,CE,Federal Contract Tower,7,15,9,30,61,0,2,35,0,37,7,17,44,30,98,14,0,14,112
06/07/2001,BRO,TX,ASW,CE,Federal Contract Tower,6,14,10,3,33,0,2,29,29,60,6,16,39,32,93,4,2,6,99
06/08/2001,BRO,TX,ASW,CE,Federal Contract Tower,9,11,8,6,34,0,2,35,0,37,9,13,43,6,71,2,0,2,73
06/09/2001,BRO,TX,ASW,CE,Federal Contract Tower,4,5,10,0,19,0,0,38,0,38,4,5,48,0,57,2,0,2,59
06/10/2001,BRO,TX,ASW,CE,Federal Contract Tower,2,10,9,0,21,0,0,33,0,33,2,10,42,0,54,36,0,36,90
06/11/2001,BRO,TX,ASW,CE,Federal Contract Tower,6,6,10,6,28,0,2,35,1,38,6,8,45,7,66,18,2,20,86
06/12/2001,BRO,TX,ASW,CE,Federal Contract Tower,8,10,11,28,57,0,0,33,0,33,8,10,44,28,90,0,10,10,100
06/13/2001,BRO,TX,ASW,CE,Federal Contract Tower,10,8,7,30,55,0,0,25,0,25,10,8,32,30,80,0,0,0,80
06/14/2001,BRO,TX,ASW,CE,Federal Contract Tower,7,14,14,22,57,0,0,40,2,42,7,14,54,24,99,4,8,12,111
06/15/2001,BRO,TX,ASW,CE,Federal Contract Tower,11,15,13,0,39,0,1,23,0,24,11,16,36,0,63,0,0,0,63
06/16/2001,BRO,TX,ASW,CE,Federal Contract Tower,3,15,1,0,19,0,0,39,0,39,3,15,40,0,58,8,0,8,66
06/17/2001,BRO,TX,ASW,CE,Federal Contract Tower,3,13,5,0,21,0,1,31,0,32,3,14,36,0,53,8,0,8,61
06/18/2001,BRO,TX,ASW,CE,Federal Contract Tower,5,12,6,1,24,0,2,29,27,58,5,14,35,28,82,8,0,8,90
06/19/2001,BRO,TX,ASW,CE,Federal Contract Tower,8,19,16,48,91,0,2,44,0,46,8,21,60,48,137,24,0,24,161
06/20/2001,BRO,TX,ASW,CE,Federal Contract Tower,7,20,8,46,81,0,0,53,0,53,7,20,61,46,134,6,0,6,140
06/21/2001,BRO,TX,ASW,CE,Federal Contract Tower,8,13,19,26,66,0,1,45,0,46,8,14,64,26,112,14,2,16,128
06/22/2001,BRO,TX,ASW,CE,Federal Contract Tower,11,13,12,24,60,0,4,47,0,51,11,17,59,24,111,10,0,10,121
06/23/2001,BRO,TX,ASW,CE,Federal Contract Tower,4,12,7,0,23,0,0,36,0,36,4,12,43,0,59,18,0,18,77
06/24/2001,BRO,TX,ASW,CE,Federal Contract Tower,1,9,9,0,19,0,2,23,0,25,1,11,32,0,44,26,0,26,70
06/25/2001,BRO,TX,ASW,CE,Federal Contract Tower,6,15,4,0,25,0,2,18,8,28,6,17,22,8,53,4,0,4,57
06/26/2001,BRO,TX,ASW,CE,Federal Contract Tower,10,15,12,2,39,0,0,37,30,67,10,15,49,32,106,0,22,22,128
06/27/2001,BRO,TX,ASW,CE,Federal Contract Tower,10,17,17,4,48,0,1,21,0,22,10,18,38,4,70,0,0,0,70
06/28/2001,BRO,TX,ASW,CE,Federal Contract Tower,12,12,4,26,54,0,2,32,0,34,12,14,36,26,88,12,0,12,100
06/29/2001,BRO,TX,ASW,CE,Federal Contract Tower,13,18,22,6,59,0,1,47,2,50,13,19,69,8,109,0,14,14,123
06/30/2001,BRO,TX,ASW,CE,Federal Contract Tower,4,15,5,0,24,0,0,48,0,48,4,15,53,0,72,18,0,18,90
07/01/2001,BRO,TX,ASW,CE,Federal Contract Tower,1,13,7,0,21,0,1,35,0,36,1,14,42,0,57,36,0,36,93
07/02/2001,BRO,TX,ASW,CE,Federal Contract Tower,5,17,3,0,25,0,2,18,0,20,5,19,21,0,45,6,0,6,51
07/03/2001,BRO,TX,ASW,CE,Federal Contract Tower,4,11,9,11,35,0,0,19,1,20,4,11,28,12,55,18,0,18,73
07/04/2001,BRO,TX,ASW,CE,Federal Contract Tower,1,11,8,0,20,0,2,61,0,63,1,13,69,0,83,4,0,4,87
07/05/2001,BRO,TX,ASW,CE,Federal Contract Tower,5,18,12,15,50,0,0,31,1,32,5,18,43,16,82,20,0,20,102
07/06/2001,BRO,TX,ASW,CE,Federal Contract Tower,13,12,13,13,51,0,1,57,1,59,13,13,70,14,110,24,0,24,134
07/07/2001,BRO,TX,ASW,CE,Federal Contract Tower,2,5,3,2,12,3,14,48,0,65,5,19,51,2,77,8,0,8,85
07/08/2001,BRO,TX,ASW,CE,Federal Contract Tower,1,15,11,2,29,0,3,28,4,35,1,18,39,6,64,2,0,2,66
07/09/2001,BRO,TX,ASW,CE,Federal Contract Tower,6,11,14,4,35,0,0,19,28,47,6,11,33,32,82,8,14,22,104
07/10/2001,BRO,TX,ASW,CE,Federal Contract Tower,10,11,13,16,50,0,0,57,0,57,10,11,70,16,107,0,0,0,107
07/11/2001,BRO,TX,ASW,CE,Federal Contract Tower,10,9,9,26,54,0,0,68,2,70,10,9,77,28,124,14,0,14,138
07/12/2001,BRO,TX,ASW,CE,Federal Contract Tower,12,18,10,22,62,0,0,29,0,29,12,18,39,22,91,12,0,12,103
07/13/2001,BRO,TX,ASW,CE,Federal Contract Tower,14,21,13,7,55,0,4,35,1,40,14,25,48,8,95,0,2,2,97
07/14/2001,BRO,TX,ASW,CE,Federal Contract Tower,5,14,10,0,29,0,0,49,0,49,5,14,59,0,78,6,0,6,84
07/15/2001,BRO,TX,ASW,CE,Federal Contract Tower,1,17,7,0,25,0,2,42,0,44,1,19,49,0,69,2,0,2,71
07/16/2001,BRO,TX,ASW,CE,Federal Contract Tower,6,16,8,17,47,0,2,29,2,33,6,18,37,19,80,10,8,18,98
07/17/2001,BRO,TX,ASW,CE,Federal Contract Tower,9,16,9,26,60,0,1,36,1,38,9,17,45,27,98,2,8,10,108
07/18/2001,BRO,TX,ASW,CE,Federal Contract Tower,8,20,12,6,46,0,6,47,0,53,8,26,59,6,99,4,0,4,103
07/19/2001,BRO,TX,ASW,CE,Federal Contract Tower,7,14,11,16,48,0,0,37,0,37,7,14,48,16,85,14,0,14,99
07/20/2001,BRO,TX,ASW,CE,Federal Contract Tower,8,19,8,22,57,0,4,41,0,45,8,23,49,22,102,8,0,8,110
07/21/2001,BRO,TX,ASW,CE,Federal Contract Tower,3,12,2,0,17,0,0,67,0,67,3,12,69,0,84,20,0,20,104
07/22/2001,BRO,TX,ASW,CE,Federal Contract Tower,1,19,11,0,31,0,7,14,2,23,1,26,25,2,54,2,0,2,56
07/23/2001,BRO,TX,ASW,CE,Federal Contract Tower,5,17,10,24,56,0,6,34,1,41,5,23,44,25,97,4,0,4,101
07/24/2001,BRO,TX,ASW,CE,Federal Contract Tower,10,15,2,8,35,0,1,48,0,49,10,16,50,8,84,4,10,14,98
07/25/2001,BRO,TX,ASW,CE,Federal Contract Tower,8,18,11,22,59,0,0,39,0,39,8,18,50,22,98,0,0,0,98
07/26/2001,BRO,TX,ASW,CE,Federal Contract Tower,7,21,7,16,51,0,2,49,0,51,7,23,56,16,102,0,0,0,102
07/27/2001,BRO,TX,ASW,CE,Federal Contract Tower,8,15,13,1,37,0,7,59,0,66,8,22,72,1,103,4,0,4,107
07/28/2001,BRO,TX,ASW,CE,Federal Contract Tower,3,13,20,5,41,0,0,37,0,37,3,13,57,5,78,0,0,0,78
07/29/2001,BRO,TX,ASW,CE,Federal Contract Tower,1,15,13,0,29,0,2,39,0,41,1,17,52,0,70,0,0,0,70
07/30/2001,BRO,TX,ASW,CE,Federal Contract Tower,6,12,4,28,50,0,2,34,0,36,6,14,38,28,86,0,0,0,86
07/31/2001,BRO,TX,ASW,CE,Federal Contract Tower,6,18,11,24,59,0,1,29,0,30,6,19,40,24,89,2,22,24,113
08/01/2001,BRO,TX,ASW,CE,Federal Contract Tower,8,14,23,31,76,0,1,38,10,49,8,15,61,41,125,2,10,12,137
08/02/2001,BRO,TX,ASW,CE,Federal Contract Tower,8,14,11,10,43,0,6,44,0,50,8,20,55,10,93,0,0,0,93
08/03/2001,BRO,TX,ASW,CE,Federal Contract Tower,8,13,29,0,50,0,0,38,0,38,8,13,67,0,88,0,0,0,88
08/04/2001,BRO,TX,ASW,CE,Federal Contract Tower,3,17,8,0,28,0,0,27,0,27,3,17,35,0,55,4,0,4,59
08/05/2001,BRO,TX,ASW,CE,Federal Contract Tower,2,14,13,0,29,0,2,27,0,29,2,16,40,0,58,4,6,10,68
08/06/2001,BRO,TX,ASW,CE,Federal Contract Tower,5,11,15,18,49,0,0,29,0,29,5,11,44,18,78,0,0,0,78
08/07/2001,BRO,TX,ASW,CE,Federal Contract Tower,8,16,11,20,55,0,0,34,0,34,8,16,45,20,89,28,0,28,117
08/08/2001,BRO,TX,ASW,CE,Federal Contract Tower,10,16,10,18,54,0,0,37,0,37,10,16,47,18,91,0,0,0,91
08/09/2001,BRO,TX,ASW,CE,Federal Contract Tower,8,16,15,46,85,0,3,42,0,45,8,19,57,46,130,0,0,0,130
08/10/2001,BRO,TX,ASW,CE,Federal Contract Tower,8,12,12,22,54,0,0,60,0,60,8,12,72,22,114,8,0,8,122
08/11/2001,BRO,TX,ASW,CE,Federal Contract Tower,1,17,5,1,24,0,0,40,0,40,1,17,45,1,64,0,0,0,64
08/12/2001,BRO,TX,ASW,CE,Federal Contract Tower,2,12,10,0,24,0,0,41,0,41,2,12,51,0,65,0,0,0,65
08/13/2001,BRO,TX,ASW,CE,Federal Contract Tower,6,14,12,26,58,0,2,22,0,24,6,16,34,26,82,0,0,0,82
08/14/2001,BRO,TX,ASW,CE,Federal Contract Tower,10,12,18,52,92,0,0,21,0,21,10,12,39,52,113,0,0,0,113
08/15/2001,BRO,TX,ASW,CE,Federal Contract Tower,8,14,5,28,55,0,1,43,0,44,8,15,48,28,99,0,0,0,99
08/16/2001,BRO,TX,ASW,CE,Federal Contract Tower,10,15,20,36,81,0,0,46,0,46,10,15,66,36,127,0,0,0,127
08/17/2001,BRO,TX,ASW,CE,Federal Contract Tower,10,14,12,20,56,0,0,42,0,42,10,14,54,20,98,4,0,4,102
08/18/2001,BRO,TX,ASW,CE,Federal Contract Tower,3,12,6,0,21,0,0,30,0,30,3,12,36,0,51,2,0,2,53
08/19/2001,BRO,TX,ASW,CE,Federal Contract Tower,2,11,7,0,20,0,0,19,0,19,2,11,26,0,39,2,0,2,41
08/20/2001,BRO,TX,ASW,CE,Federal Contract Tower,7,11,4,4,26,0,1,28,0,29,7,12,32,4,55,0,0,0,55
08/21/2001,BRO,TX,ASW,CE,Federal Contract Tower,10,9,8,22,49,0,0,40,0,40,10,9,48,22,89,22,6,28,117
08/22/2001,BRO,TX,ASW,CE,Federal Contract Tower,12,10,19,30,71,0,0,32,0,32,12,10,51,30,103,0,0,0,103
08/23/2001,BRO,TX,ASW,CE,Federal Contract Tower,12,17,9,36,74,0,0,41,10,51,12,17,50,46,125,4,10,14,139
08/24/2001,BRO,TX,ASW,CE,Federal Contract Tower,8,14,14,34,70,0,0,63,0,63,8,14,77,34,133,0,0,0,133
08/25/2001,BRO,TX,ASW,CE,Federal Contract Tower,4,16,10,0,30,0,0,46,0,46,4,16,56,0,76,0,0,0,76
08/26/2001,BRO,TX,ASW,CE,Federal Contract Tower,5,7,8,0,20,0,1,35,0,36,5,8,43,0,56,0,0,0,56
08/27/2001,BRO,TX,ASW,CE,Federal Contract Tower,9,9,7,10,35,0,0,17,0,17,9,9,24,10,52,0,0,0,52
08/28/2001,BRO,TX,ASW,CE,Federal Contract Tower,12,11,15,0,38,0,0,11,0,11,12,11,26,0,49,0,0,0,49
08/29/2001,BRO,TX,ASW,CE,Federal Contract Tower,8,12,15,8,43,0,0,21,0,21,8,12,36,8,64,0,0,0,64
08/30/2001,BRO,TX,ASW,CE,Federal Contract Tower,8,9,27,18,62,0,0,29,0,29,8,9,56,18,91,8,0,8,99
08/31/2001,BRO,TX,ASW,CE,Federal Contract Tower,8,18,17,12,55,0,0,33,0,33,8,18,50,12,88,0,0,0,88
09/01/2001,BRO,TX,ASW,CE,Federal Contract Tower,3,15,13,0,31,0,0,39,0,39,3,15,52,0,70,0,0,0,70
09/02/2001,BRO,TX,ASW,CE,Federal Contract Tower,0,10,5,0,15,0,0,21,0,21,0,10,26,0,36,0,0,0,36
09/03/2001,BRO,TX,ASW,CE,Federal Contract Tower,3,10,8,2,23,0,2,39,0,41,3,12,47,2,64,6,0,6,70
09/04/2001,BRO,TX,ASW,CE,Federal Contract Tower,8,13,16,14,51,0,1,32,0,33,8,14,48,14,84,6,0,6,90
09/05/2001,BRO,TX,ASW,CE,Federal Contract Tower,8,14,30,43,95,0,0,41,0,41,8,14,71,43,136,0,10,10,146
09/06/2001,BRO,TX,ASW,CE,Federal Contract Tower,10,11,18,49,88,0,2,41,0,43,10,13,59,49,131,0,0,0,131
09/07/2001,BRO,TX,ASW,CE,Federal Contract Tower,7,11,14,41,73,0,0,34,0,34,7,11,48,41,107,0,0,0,107
09/08/2001,BRO,TX,ASW,CE,Federal Contract Tower,3,10,8,0,21,0,0,32,0,32,3,10,40,0,53,0,0,0,53
09/09/2001,BRO,TX,ASW,CE,Federal Contract Tower,1,11,23,0,35,0,0,30,0,30,1,11,53,0,65,8,0,8,73
09/10/2001,BRO,TX,ASW,CE,Federal Contract Tower,3,16,13,0,32,0,0,1,0,1,3,16,14,0,33,0,0,0,33
09/11/2001,BRO,TX,ASW,CE,Federal Contract Tower,3,2,0,2,7,0,0,2,0,2,3,2,2,2,9,0,0,0,9
09/12/2001,BRO,TX,ASW,CE,Federal Contract Tower,0,0,0,0,0,0,0,0,0,0,0,0,0,0,0,0,0,0,0
09/13/2001,BRO,TX,ASW,CE,Federal Contract Tower,2,20,0,34,56,0,0,0,0,0,2,20,0,34,56,0,0,0,56
09/14/2001,BRO,TX,ASW,CE,Federal Contract Tower,4,11,9,40,64,0,0,0,0,0,4,11,9,40,64,0,0,0,64
09/15/2001,BRO,TX,ASW,CE,Federal Contract Tower,3,8,6,8,25,0,0,9,0,9,3,8,15,8,34,0,0,0,34
09/16/2001,BRO,TX,ASW,CE,Federal Contract Tower,0,10,17,1,28,0,0,0,2,2,0,10,17,3,30,0,0,0,30
09/17/2001,BRO,TX,ASW,CE,Federal Contract Tower,4,16,12,27,59,0,0,4,0,4,4,16,16,27,63,0,0,0,63
09/18/2001,BRO,TX,ASW,CE,Federal Contract Tower,8,17,17,22,64,0,0,4,2,6,8,17,21,24,70,0,0,0,70
09/19/2001,BRO,TX,ASW,CE,Federal Contract Tower,9,15,19,24,67,0,0,6,6,12,9,15,25,30,79,0,0,0,79
09/20/2001,BRO,TX,ASW,CE,Federal Contract Tower,9,17,29,20,75,0,0,5,0,5,9,17,34,20,80,0,0,0,80
09/21/2001,BRO,TX,ASW,CE,Federal Contract Tower,7,12,14,15,48,0,0,21,0,21,7,12,35,15,69,0,8,8,77
09/22/2001,BRO,TX,ASW,CE,Federal Contract Tower,3,12,5,0,20,0,0,19,0,19,3,12,24,0,39,0,0,0,39
09/23/2001,BRO,TX,ASW,CE,Federal Contract Tower,1,9,4,0,14,0,0,24,0,24,1,9,28,0,38,0,0,0,38
09/24/2001,BRO,TX,ASW,CE,Federal Contract Tower,6,9,4,6,25,0,0,12,0,12,6,9,16,6,37,0,0,0,37
09/25/2001,BRO,TX,ASW,CE,Federal Contract Tower,11,16,18,10,55,0,0,9,0,9,11,16,27,10,64,0,6,6,70
09/26/2001,BRO,TX,ASW,CE,Federal Contract Tower,9,15,16,22,62,0,0,22,0,22,9,15,38,22,84,0,0,0,84
09/27/2001,BRO,TX,ASW,CE,Federal Contract Tower,11,9,32,12,64,0,0,12,0,12,11,9,44,12,76,0,0,0,76
09/28/2001,BRO,TX,ASW,CE,Federal Contract Tower,7,8,16,4,35,0,0,17,0,17,7,8,33,4,52,36,0,36,88
09/29/2001,BRO,TX,ASW,CE,Federal Contract Tower,5,6,11,0,22,0,1,22,0,23,5,7,33,0,45,0,0,0,45
09/30/2001,BRO,TX,ASW,CE,Federal Contract Tower,1,11,10,0,22,0,0,24,0,24,1,11,34,0,46,14,0,14,60
10/01/2001,BRO,TX,ASW,CE,Federal Contract Tower,3,13,11,26,53,0,0,22,0,22,3,13,33,26,75,14,0,14,89
10/02/2001,BRO,TX,ASW,CE,Federal Contract Tower,10,12,16,30,68,0,0,30,0,30,10,12,46,30,98,18,0,18,116
10/03/2001,BRO,TX,ASW,CE,Federal Contract Tower,6,13,15,14,48,0,0,44,0,44,6,13,59,14,92,0,0,0,92
10/04/2001,BRO,TX,ASW,CE,Federal Contract Tower,10,15,23,22,70,0,0,41,0,41,10,15,64,22,111,0,12,12,123
10/05/2001,BRO,TX,ASW,CE,Federal Contract Tower,6,13,8,16,43,0,0,31,0,31,6,13,39,16,74,0,0,0,74
10/06/2001,BRO,TX,ASW,CE,Federal Contract Tower,3,11,20,0,34,0,0,5,0,5,3,11,25,0,39,2,0,2,41
10/07/2001,BRO,TX,ASW,CE,Federal Contract Tower,0,13,12,0,25,0,0,23,0,23,0,13,35,0,48,6,0,6,54
10/08/2001,BRO,TX,ASW,CE,Federal Contract Tower,3,15,11,0,29,0,0,34,0,34,3,15,45,0,63,0,0,0,63
10/09/2001,BRO,TX,ASW,CE,Federal Contract Tower,9,11,19,20,59,0,0,31,0,31,9,11,50,20,90,14,0,14,104
10/10/2001,BRO,TX,ASW,CE,Federal Contract Tower,9,18,8,26,61,0,0,38,0,38,9,18,46,26,99,4,0,4,103
10/11/2001,BRO,TX,ASW,CE,Federal Contract Tower,13,16,16,12,57,0,1,37,0,38,13,17,53,12,95,0,12,12,107
10/12/2001,BRO,TX,ASW,CE,Federal Contract Tower,6,15,26,0,47,0,1,48,0,49,6,16,74,0,96,0,0,0,96
10/13/2001,BRO,TX,ASW,CE,Federal Contract Tower,3,10,10,0,23,0,0,36,0,36,3,10,46,0,59,0,0,0,59
10/14/2001,BRO,TX,ASW,CE,Federal Contract Tower,0,12,10,2,24,0,0,18,0,18,0,12,28,2,42,2,0,2,44
10/15/2001,BRO,TX,ASW,CE,Federal Contract Tower,3,13,10,13,39,0,0,20,0,20,3,13,30,13,59,0,2,2,61
10/16/2001,BRO,TX,ASW,CE,Federal Contract Tower,10,13,6,34,63,0,0,43,0,43,10,13,49,34,106,4,0,4,110
10/17/2001,BRO,TX,ASW,CE,Federal Contract Tower,9,13,18,8,48,0,0,46,0,46,9,13,64,8,94,6,2,8,102
10/18/2001,BRO,TX,ASW,CE,Federal Contract Tower,9,13,21,30,73,0,0,47,0,47,9,13,68,30,120,0,12,12,132
10/19/2001,BRO,TX,ASW,CE,Federal Contract Tower,6,13,18,6,43,0,1,47,0,48,6,14,65,6,91,6,10,16,107
10/20/2001,BRO,TX,ASW,CE,Federal Contract Tower,3,11,23,1,38,0,0,43,0,43,3,11,66,1,81,18,0,18,99
10/21/2001,BRO,TX,ASW,CE,Federal Contract Tower,0,12,8,0,20,0,0,33,0,33,0,12,41,0,53,14,0,14,67
10/22/2001,BRO,TX,ASW,CE,Federal Contract Tower,2,13,9,34,58,0,0,16,0,16,2,13,25,34,74,12,0,12,86
10/23/2001,BRO,TX,ASW,CE,Federal Contract Tower,7,16,13,24,60,0,0,38,0,38,7,16,51,24,98,12,6,18,116
10/24/2001,BRO,TX,ASW,CE,Federal Contract Tower,6,16,9,22,53,0,0,38,0,38,6,16,47,22,91,4,0,4,95
10/25/2001,BRO,TX,ASW,CE,Federal Contract Tower,6,26,19,22,73,0,0,25,0,25,6,26,44,22,98,0,8,8,106
10/26/2001,BRO,TX,ASW,CE,Federal Contract Tower,6,11,12,14,43,0,1,42,0,43,6,12,54,14,86,0,0,0,86
10/27/2001,BRO,TX,ASW,CE,Federal Contract Tower,3,13,3,0,19,0,0,18,0,18,3,13,21,0,37,0,0,0,37
10/28/2001,BRO,TX,ASW,CE,Federal Contract Tower,0,13,8,2,23,0,0,40,0,40,0,13,48,2,63,2,0,2,65
10/29/2001,BRO,TX,ASW,CE,Federal Contract Tower,3,16,5,26,50,0,0,19,0,19,3,16,24,26,69,0,0,0,69
10/30/2001,BRO,TX,ASW,CE,Federal Contract Tower,6,10,9,10,35,0,0,41,0,41,6,10,50,10,76,0,32,32,108
10/31/2001,BRO,TX,ASW,CE,Federal Contract Tower,6,12,6,22,46,0,0,51,0,51,6,12,57,22,97,6,6,12,109
11/01/2001,BRO,TX,ASW,CE,Federal Contract Tower,6,20,4,21,51,0,0,33,0,33,6,20,37,21,84,4,6,10,94
11/02/2001,BRO,TX,ASW,CE,Federal Contract Tower,8,14,11,10,43,0,0,43,0,43,8,14,54,10,86,8,0,8,94
11/03/2001,BRO,TX,ASW,CE,Federal Contract Tower,3,12,6,0,21,0,0,27,0,27,3,12,33,0,48,0,0,0,48
11/04/2001,BRO,TX,ASW,CE,Federal Contract Tower,0,15,10,3,28,0,0,26,0,26,0,15,36,3,54,0,0,0,54
11/05/2001,BRO,TX,ASW,CE,Federal Contract Tower,5,9,11,15,40,0,0,17,0,17,5,9,28,15,57,0,6,6,63
11/06/2001,BRO,TX,ASW,CE,Federal Contract Tower,8,18,19,30,75,0,0,61,0,61,8,18,80,30,136,8,0,8,144
11/07/2001,BRO,TX,ASW,CE,Federal Contract Tower,8,14,25,14,61,0,0,47,0,47,8,14,72,14,108,10,20,30,138
11/08/2001,BRO,TX,ASW,CE,Federal Contract Tower,6,20,20,32,78,0,0,66,0,66,6,20,86,32,144,0,1,1,145
11/09/2001,BRO,TX,ASW,CE,Federal Contract Tower,6,22,17,18,63,0,3,38,0,41,6,25,55,18,104,0,0,0,104
11/10/2001,BRO,TX,ASW,CE,Federal Contract Tower,3,11,16,1,31,0,0,52,0,52,3,11,68,1,83,16,0,16,99
11/11/2001,BRO,TX,ASW,CE,Federal Contract Tower,0,12,15,0,27,0,0,28,0,28,0,12,43,0,55,2,0,2,57
11/12/2001,BRO,TX,ASW,CE,Federal Contract Tower,3,11,22,0,36,0,0,16,0,16,3,11,38,0,52,0,0,0,52
11/13/2001,BRO,TX,ASW,CE,Federal Contract Tower,6,20,11,25,62,0,0,30,0,30,6,20,41,25,92,0,0,0,92
11/14/2001,BRO,TX,ASW,CE,Federal Contract Tower,6,16,20,28,70,0,1,33,0,34,6,17,53,28,104,4,0,4,108
11/15/2001,BRO,TX,ASW,CE,Federal Contract Tower,9,16,19,22,66,1,1,29,0,31,10,17,48,22,97,0,0,0,97
11/16/2001,BRO,TX,ASW,CE,Federal Contract Tower,7,11,12,0,30,0,0,21,0,21,7,11,33,0,51,0,0,0,51
11/17/2001,BRO,TX,ASW,CE,Federal Contract Tower,3,13,16,0,32,0,0,26,0,26,3,13,42,0,58,0,0,0,58
11/18/2001,BRO,TX,ASW,CE,Federal Contract Tower,0,17,5,0,22,0,0,43,0,43,0,17,48,0,65,10,0,10,75
11/19/2001,BRO,TX,ASW,CE,Federal Contract Tower,3,12,10,32,57,0,0,21,0,21,3,12,31,32,78,12,0,12,90
11/20/2001,BRO,TX,ASW,CE,Federal Contract Tower,6,14,12,0,32,0,0,37,0,37,6,14,49,0,69,6,0,6,75
11/21/2001,BRO,TX,ASW,CE,Federal Contract Tower,8,12,28,0,48,0,0,45,0,45,8,12,73,0,93,0,0,0,93
11/22/2001,BRO,TX,ASW,CE,Federal Contract Tower,3,8,6,0,17,0,0,33,0,33,3,8,39,0,50,4,0,4,54
11/23/2001,BRO,TX,ASW,CE,Federal Contract Tower,0,7,13,0,20,0,1,30,0,31,0,8,43,0,51,8,0,8,59
11/24/2001,BRO,TX,ASW,CE,Federal Contract Tower,1,17,22,2,42,0,0,40,0,40,1,17,62,2,82,0,0,0,82
11/25/2001,BRO,TX,ASW,CE,Federal Contract Tower,0,12,27,0,39,0,0,35,0,35,0,12,62,0,74,0,0,0,74
11/26/2001,BRO,TX,ASW,CE,Federal Contract Tower,3,13,20,14,50,0,0,7,0,7,3,13,27,14,57,0,0,0,57
11/27/2001,BRO,TX,ASW,CE,Federal Contract Tower,6,14,11,50,81,0,0,23,0,23,6,14,34,50,104,2,0,2,106
11/28/2001,BRO,TX,ASW,CE,Federal Contract Tower,6,12,8,29,55,0,0,22,0,22,6,12,30,29,77,0,0,0,77
11/29/2001,BRO,TX,ASW,CE,Federal Contract Tower,6,14,17,14,51,0,1,41,0,42,6,15,58,14,93,0,0,0,93
11/30/2001,BRO,TX,ASW,CE,Federal Contract Tower,6,15,18,0,39,0,0,41,0,41,6,15,59,0,80,6,0,6,86
12/01/2001,BRO,TX,ASW,CE,Federal Contract Tower,3,11,17,0,31,0,1,31,0,32,3,12,48,0,63,0,10,10,73
12/02/2001,BRO,TX,ASW,CE,Federal Contract Tower,0,18,10,6,34,0,0,26,0,26,0,18,36,6,60,0,0,0,60
12/03/2001,BRO,TX,ASW,CE,Federal Contract Tower,3,12,13,30,58,0,0,7,0,7,3,12,20,30,65,4,0,4,69
12/04/2001,BRO,TX,ASW,CE,Federal Contract Tower,6,15,15,58,94,0,0,37,0,37,6,15,52,58,131,4,14,18,149
12/05/2001,BRO,TX,ASW,CE,Federal Contract Tower,6,19,20,14,59,0,0,54,0,54,6,19,74,14,113,8,0,8,121
12/06/2001,BRO,TX,ASW,CE,Federal Contract Tower,5,16,19,12,52,0,1,30,0,31,5,17,49,12,83,18,4,22,105
12/07/2001,BRO,TX,ASW,CE,Federal Contract Tower,6,15,19,28,68,0,2,50,0,52,6,17,69,28,120,6,0,6,126
12/08/2001,BRO,TX,ASW,CE,Federal Contract Tower,3,14,11,0,28,0,1,20,0,21,3,15,31,0,49,0,0,0,49
12/09/2001,BRO,TX,ASW,CE,Federal Contract Tower,0,9,12,0,21,0,0,35,0,35,0,9,47,0,56,0,0,0,56
12/10/2001,BRO,TX,ASW,CE,Federal Contract Tower,3,12,11,8,34,0,0,25,0,25,3,12,36,8,59,4,0,4,63
12/11/2001,BRO,TX,ASW,CE,Federal Contract Tower,8,11,14,35,68,0,0,23,0,23,8,11,37,35,91,0,0,0,91
12/12/2001,BRO,TX,ASW,CE,Federal Contract Tower,8,16,19,54,97,0,0,39,0,39,8,16,58,54,136,0,0,0,136
12/13/2001,BRO,TX,ASW,CE,Federal Contract Tower,8,15,15,29,67,0,1,32,0,33,8,16,47,29,100,12,0,12,112
12/14/2001,BRO,TX,ASW,CE,Federal Contract Tower,8,11,17,16,52,0,0,65,0,65,8,11,82,16,117,0,0,0,117
12/15/2001,BRO,TX,ASW,CE,Federal Contract Tower,3,11,22,0,36,0,0,52,0,52,3,11,74,0,88,20,0,20,108
12/16/2001,BRO,TX,ASW,CE,Federal Contract Tower,0,7,9,4,20,0,2,18,0,20,0,9,27,4,40,0,0,0,40
12/17/2001,BRO,TX,ASW,CE,Federal Contract Tower,4,6,15,18,43,0,0,43,0,43,4,6,58,18,86,0,0,0,86
12/18/2001,BRO,TX,ASW,CE,Federal Contract Tower,8,13,6,28,55,0,0,58,0,58,8,13,64,28,113,0,0,0,113
12/19/2001,BRO,TX,ASW,CE,Federal Contract Tower,7,16,17,14,54,0,0,53,0,53,7,16,70,14,107,0,0,0,107
12/20/2001,BRO,TX,ASW,CE,Federal Contract Tower,8,20,14,18,60,0,2,51,0,53,8,22,65,18,113,6,2,8,121
12/21/2001,BRO,TX,ASW,CE,Federal Contract Tower,5,15,6,12,38,0,0,51,0,51,5,15,57,12,89,0,0,0,89
12/22/2001,BRO,TX,ASW,CE,Federal Contract Tower,3,14,11,0,28,0,0,37,0,37,3,14,48,0,65,10,0,10,75
12/23/2001,BRO,TX,ASW,CE,Federal Contract Tower,2,10,5,0,17,0,0,18,0,18,2,10,23,0,35,12,0,12,47
12/24/2001,BRO,TX,ASW,CE,Federal Contract Tower,1,9,9,0,19,0,0,14,0,14,1,9,23,0,33,0,0,0,33
12/25/2001,BRO,TX,ASW,CE,Federal Contract Tower,1,9,6,0,16,0,0,3,0,3,1,9,9,0,19,0,0,0,19
12/26/2001,BRO,TX,ASW,CE,Federal Contract Tower,4,8,11,2,25,0,0,38,0,38,4,8,49,2,63,0,0,0,63
12/27/2001,BRO,TX,ASW,CE,Federal Contract Tower,8,10,8,0,26,1,0,46,0,47,9,10,54,0,73,0,0,0,73
12/28/2001,BRO,TX,ASW,CE,Federal Contract Tower,8,7,8,4,27,0,0,29,0,29,8,7,37,4,56,10,0,10,66
12/29/2001,BRO,TX,ASW,CE,Federal Contract Tower,5,10,12,0,27,0,2,42,0,44,5,12,54,0,71,12,0,12,83
12/30/2001,BRO,TX,ASW,CE,Federal Contract Tower,3,9,19,0,31,0,0,18,0,18,3,9,37,0,49,0,0,0,49
12/31/2001,BRO,TX,ASW,CE,Federal Contract Tower,1,7,10,0,18,0,0,8,0,8,1,7,18,0,26,14,0,14,40
01/01/2002,BRO,TX,ASW,CE,Federal Contract Tower,0,10,15,0,25,1,0,0,0,1,1,10,15,0,26,0,0,0,26
01/02/2002,BRO,TX,ASW,CE,Federal Contract Tower,4,6,11,5,26,0,1,40,1,42,4,7,51,6,68,12,0,12,80
01/03/2002,BRO,TX,ASW,CE,Federal Contract Tower,6,13,10,19,48,0,4,68,1,73,6,17,78,20,121,0,0,0,121
01/04/2002,BRO,TX,ASW,CE,Federal Contract Tower,5,12,7,9,33,0,1,41,1,43,5,13,48,10,76,0,0,0,76
01/05/2002,BRO,TX,ASW,CE,Federal Contract Tower,2,8,12,0,22,0,1,45,0,46,2,9,57,0,68,10,0,10,78
01/06/2002,BRO,TX,ASW,CE,Federal Contract Tower,2,8,7,0,17,0,0,34,22,56,2,8,41,22,73,6,0,6,79
01/07/2002,BRO,TX,ASW,CE,Federal Contract Tower,4,10,10,45,69,0,1,48,1,50,4,11,58,46,119,10,30,40,159
01/08/2002,BRO,TX,ASW,CE,Federal Contract Tower,6,11,4,17,38,0,0,48,1,49,6,11,52,18,87,0,0,0,87
01/09/2002,BRO,TX,ASW,CE,Federal Contract Tower,6,14,16,23,59,0,0,43,1,44,6,14,59,24,103,0,0,0,103
01/10/2002,BRO,TX,ASW,CE,Federal Contract Tower,5,12,11,37,65,0,0,43,1,44,5,12,54,38,109,14,0,14,123
01/11/2002,BRO,TX,ASW,CE,Federal Contract Tower,4,17,15,37,73,0,0,17,1,18,4,17,32,38,91,0,0,0,91
01/12/2002,BRO,TX,ASW,CE,Federal Contract Tower,5,8,11,0,24,0,2,21,0,23,5,10,32,0,47,0,0,0,47
01/13/2002,BRO,TX,ASW,CE,Federal Contract Tower,1,11,6,1,19,0,0,27,1,28,1,11,33,2,47,0,0,0,47
01/14/2002,BRO,TX,ASW,CE,Federal Contract Tower,4,10,10,34,58,0,0,23,1,24,4,10,33,35,82,0,0,0,82
01/15/2002,BRO,TX,ASW,CE,Federal Contract Tower,7,8,10,1,26,0,0,32,1,33,7,8,42,2,59,18,0,18,77
01/16/2002,BRO,TX,ASW,CE,Federal Contract Tower,6,12,17,13,48,0,0,35,1,36,6,12,52,14,84,4,0,4,88
01/17/2002,BRO,TX,ASW,CE,Federal Contract Tower,6,12,10,1,29,0,0,38,1,39,6,12,48,2,68,0,0,0,68
01/18/2002,BRO,TX,ASW,CE,Federal Contract Tower,3,11,17,7,38,0,0,14,1,15,3,11,31,8,53,1,0,1,54
01/19/2002,BRO,TX,ASW,CE,Federal Contract Tower,3,9,9,0,21,1,1,23,0,25,4,10,32,0,46,0,0,0,46
01/20/2002,BRO,TX,ASW,CE,Federal Contract Tower,1,8,5,0,14,0,0,26,0,26,1,8,31,0,40,12,0,12,52
01/21/2002,BRO,TX,ASW,CE,Federal Contract Tower,5,6,28,2,41,0,0,1,1,2,5,6,29,3,43,0,0,0,43
01/22/2002,BRO,TX,ASW,CE,Federal Contract Tower,6,8,16,19,49,0,0,19,1,20,6,8,35,20,69,0,0,0,69
01/23/2002,BRO,TX,ASW,CE,Federal Contract Tower,6,10,13,26,55,0,0,32,0,32,6,10,45,26,87,2,2,4,91
01/24/2002,BRO,TX,ASW,CE,Federal Contract Tower,3,11,14,24,52,0,0,14,0,14,3,11,28,24,66,0,0,0,66
01/25/2002,BRO,TX,ASW,CE,Federal Contract Tower,6,9,10,8,33,0,0,41,0,41,6,9,51,8,74,24,0,24,98
01/26/2002,BRO,TX,ASW,CE,Federal Contract Tower,1,4,5,0,10,2,7,40,0,49,3,11,45,0,59,32,0,32,91
01/27/2002,BRO,TX,ASW,CE,Federal Contract Tower,2,7,7,2,18,0,0,23,0,23,2,7,30,2,41,4,0,4,45
01/28/2002,BRO,TX,ASW,CE,Federal Contract Tower,4,9,22,14,49,0,0,29,0,29,4,9,51,14,78,4,0,4,82
01/29/2002,BRO,TX,ASW,CE,Federal Contract Tower,7,10,7,30,54,0,10,33,0,43,7,20,40,30,97,0,0,0,97
01/30/2002,BRO,TX,ASW,CE,Federal Contract Tower,9,12,13,30,64,0,3,28,0,31,9,15,41,30,95,0,0,0,95
01/31/2002,BRO,TX,ASW,CE,Federal Contract Tower,7,11,17,26,61,0,0,52,0,52,7,11,69,26,113,0,0,0,113
02/01/2002,BRO,TX,ASW,CE,Federal Contract Tower,7,8,18,6,39,0,0,42,22,64,7,8,60,28,103,8,0,8,111
02/02/2002,BRO,TX,ASW,CE,Federal Contract Tower,3,11,8,0,22,0,0,47,0,47,3,11,55,0,69,18,0,18,87
02/03/2002,BRO,TX,ASW,CE,Federal Contract Tower,1,10,18,0,29,0,0,24,0,24,1,10,42,0,53,8,0,8,61
02/04/2002,BRO,TX,ASW,CE,Federal Contract Tower,8,8,19,13,48,0,0,27,0,27,8,8,46,13,75,0,0,0,75
02/05/2002,BRO,TX,ASW,CE,Federal Contract Tower,7,13,10,14,44,0,0,6,0,6,7,13,16,14,50,0,0,0,50
02/06/2002,BRO,TX,ASW,CE,Federal Contract Tower,5,12,18,8,43,0,0,29,0,29,5,12,47,8,72,0,0,0,72
02/07/2002,BRO,TX,ASW,CE,Federal Contract Tower,7,9,23,22,61,0,0,18,0,18,7,9,41,22,79,0,0,0,79
02/08/2002,BRO,TX,ASW,CE,Federal Contract Tower,6,17,15,4,42,0,0,39,0,39,6,17,54,4,81,0,0,0,81
02/09/2002,BRO,TX,ASW,CE,Federal Contract Tower,4,12,6,0,22,0,0,31,0,31,4,12,37,0,53,0,0,0,53
02/10/2002,BRO,TX,ASW,CE,Federal Contract Tower,3,9,18,4,34,0,1,13,0,14,3,10,31,4,48,0,0,0,48
02/11/2002,BRO,TX,ASW,CE,Federal Contract Tower,7,6,11,28,52,0,0,33,0,33,7,6,44,28,85,0,0,0,85
02/12/2002,BRO,TX,ASW,CE,Federal Contract Tower,9,5,13,33,60,0,0,27,0,27,9,5,40,33,87,20,4,24,111
02/13/2002,BRO,TX,ASW,CE,Federal Contract Tower,9,11,16,20,56,0,0,26,0,26,9,11,42,20,82,0,0,0,82
02/14/2002,BRO,TX,ASW,CE,Federal Contract Tower,4,11,11,32,58,0,0,28,0,28,4,11,39,32,86,2,4,6,92
02/15/2002,BRO,TX,ASW,CE,Federal Contract Tower,8,13,14,26,61,0,0,21,0,21,8,13,35,26,82,6,0,6,88
02/16/2002,BRO,TX,ASW,CE,Federal Contract Tower,5,6,6,1,18,0,0,21,1,22,5,6,27,2,40,0,0,0,40
02/17/2002,BRO,TX,ASW,CE,Federal Contract Tower,2,7,9,0,18,0,1,49,0,50,2,8,58,0,68,0,0,0,68
02/18/2002,BRO,TX,ASW,CE,Federal Contract Tower,4,15,23,0,42,0,1,28,0,29,4,16,51,0,71,0,0,0,71
02/19/2002,BRO,TX,ASW,CE,Federal Contract Tower,8,18,17,40,83,0,0,25,0,25,8,18,42,40,108,0,0,0,108
02/20/2002,BRO,TX,ASW,CE,Federal Contract Tower,8,21,20,8,57,0,0,33,0,33,8,21,53,8,90,12,24,36,126
02/21/2002,BRO,TX,ASW,CE,Federal Contract Tower,4,16,19,35,74,0,0,47,0,47,4,16,66,35,121,0,0,0,121
02/22/2002,BRO,TX,ASW,CE,Federal Contract Tower,5,18,11,30,64,0,0,39,0,39,5,18,50,30,103,5,0,5,108
02/23/2002,BRO,TX,ASW,CE,Federal Contract Tower,5,11,8,0,24,0,0,51,1,52,5,11,59,1,76,5,0,5,81
02/24/2002,BRO,TX,ASW,CE,Federal Contract Tower,2,9,10,0,21,0,0,24,0,24,2,9,34,0,45,10,0,10,55
02/25/2002,BRO,TX,ASW,CE,Federal Contract Tower,4,23,11,42,80,0,0,17,0,17,4,23,28,42,97,6,2,8,105
02/26/2002,BRO,TX,ASW,CE,Federal Contract Tower,7,17,13,30,67,0,0,25,0,25,7,17,38,30,92,0,0,0,92
02/27/2002,BRO,TX,ASW,CE,Federal Contract Tower,6,9,17,38,70,0,0,36,0,36,6,9,53,38,106,0,6,6,112
02/28/2002,BRO,TX,ASW,CE,Federal Contract Tower,8,16,20,14,58,0,0,11,0,11,8,16,31,14,69,0,0,0,69
03/01/2002,BRO,TX,ASW,CE,Federal Contract Tower,4,15,20,1,40,1,0,40,18,59,5,15,60,19,99,0,0,0,99
03/02/2002,BRO,TX,ASW,CE,Federal Contract Tower,4,7,13,0,24,1,0,20,0,21,5,7,33,0,45,0,0,0,45
03/03/2002,BRO,TX,ASW,CE,Federal Contract Tower,2,11,24,1,38,0,0,17,10,27,2,11,41,11,65,0,8,8,73
03/04/2002,BRO,TX,ASW,CE,Federal Contract Tower,4,13,5,0,22,0,0,38,30,68,4,13,43,30,90,0,0,0,90
03/05/2002,BRO,TX,ASW,CE,Federal Contract Tower,6,14,19,13,52,0,1,50,23,74,6,15,69,36,126,4,0,4,130
03/06/2002,BRO,TX,ASW,CE,Federal Contract Tower,6,28,17,26,77,0,0,28,1,29,6,28,45,27,106,8,0,8,114
03/07/2002,BRO,TX,ASW,CE,Federal Contract Tower,4,17,25,31,77,0,0,44,1,45,4,17,69,32,122,2,20,22,144
03/08/2002,BRO,TX,ASW,CE,Federal Contract Tower,4,17,11,17,49,0,0,37,1,38,4,17,48,18,87,2,4,6,93
03/09/2002,BRO,TX,ASW,CE,Federal Contract Tower,8,8,5,0,21,0,0,10,2,12,8,8,15,2,33,0,0,0,33
03/10/2002,BRO,TX,ASW,CE,Federal Contract Tower,3,8,10,4,25,0,0,14,1,15,3,8,24,5,40,4,0,4,44
03/11/2002,BRO,TX,ASW,CE,Federal Contract Tower,4,13,13,22,52,0,0,33,0,33,4,13,46,22,85,42,0,42,127
03/12/2002,BRO,TX,ASW,CE,Federal Contract Tower,7,27,15,54,103,0,0,50,0,50,7,27,65,54,153,16,4,20,173
03/13/2002,BRO,TX,ASW,CE,Federal Contract Tower,6,15,19,31,71,0,0,57,0,57,6,15,76,31,128,8,0,8,136
03/14/2002,BRO,TX,ASW,CE,Federal Contract Tower,5,20,23,18,66,0,0,41,0,41,5,20,64,18,107,0,0,0,107
03/15/2002,BRO,TX,ASW,CE,Federal Contract Tower,6,12,15,54,87,0,0,53,0,53,6,12,68,54,140,1,0,1,141
03/16/2002,BRO,TX,ASW,CE,Federal Contract Tower,1,5,6,0,12,5,1,40,0,46,6,6,46,0,58,2,0,2,60
03/17/2002,BRO,TX,ASW,CE,Federal Contract Tower,2,10,19,0,31,0,0,28,0,28,2,10,47,0,59,14,0,14,73
03/18/2002,BRO,TX,ASW,CE,Federal Contract Tower,4,19,20,38,81,0,0,27,0,27,4,19,47,38,108,0,0,0,108
03/19/2002,BRO,TX,ASW,CE,Federal Contract Tower,8,20,20,54,102,0,0,12,0,12,8,20,32,54,114,14,2,16,130
03/20/2002,BRO,TX,ASW,CE,Federal Contract Tower,6,13,23,46,88,0,0,43,0,43,6,13,66,46,131,0,0,0,131
03/21/2002,BRO,TX,ASW,CE,Federal Contract Tower,6,12,12,50,80,0,0,48,0,48,6,12,60,50,128,4,8,12,140
03/22/2002,BRO,TX,ASW,CE,Federal Contract Tower,5,14,17,16,52,0,0,53,0,53,5,14,70,16,105,10,52,62,167
03/23/2002,BRO,TX,ASW,CE,Federal Contract Tower,8,11,11,0,30,0,0,119,0,119,8,11,130,0,149,84,0,84,233
03/24/2002,BRO,TX,ASW,CE,Federal Contract Tower,2,8,10,2,22,0,0,19,0,19,2,8,29,2,41,0,0,0,41
03/25/2002,BRO,TX,ASW,CE,Federal Contract Tower,4,15,22,40,81,0,0,11,0,11,4,15,33,40,92,0,0,0,92
03/26/2002,BRO,TX,ASW,CE,Federal Contract Tower,6,12,14,36,68,0,0,17,0,17,6,12,31,36,85,4,0,4,89
03/27/2002,BRO,TX,ASW,CE,Federal Contract Tower,6,24,15,18,63,0,0,60,0,60,6,24,75,18,123,14,0,14,137
03/28/2002,BRO,TX,ASW,CE,Federal Contract Tower,6,17,18,22,63,0,0,51,0,51,6,17,69,22,114,0,0,0,114
03/29/2002,BRO,TX,ASW,CE,Federal Contract Tower,6,13,17,4,40,0,0,24,0,24,6,13,41,4,64,0,0,0,64
03/30/2002,BRO,TX,ASW,CE,Federal Contract Tower,8,15,11,2,36,0,7,14,0,21,8,22,25,2,57,0,0,0,57
03/31/2002,BRO,TX,ASW,CE,Federal Contract Tower,4,17,18,0,39,0,0,26,0,26,4,17,44,0,65,0,0,0,65
04/01/2002,BRO,TX,ASW,CE,Federal Contract Tower,6,8,5,24,43,0,0,38,0,38,6,8,43,24,81,10,0,10,91
04/02/2002,BRO,TX,ASW,CE,Federal Contract Tower,8,12,5,17,42,0,0,23,1,24,8,12,28,18,66,18,26,44,110
04/03/2002,BRO,TX,ASW,CE,Federal Contract Tower,8,12,25,35,80,0,0,20,1,21,8,12,45,36,101,0,0,0,101
04/04/2002,BRO,TX,ASW,CE,Federal Contract Tower,10,15,26,0,51,0,0,20,18,38,10,15,46,18,89,0,0,0,89
04/05/2002,BRO,TX,ASW,CE,Federal Contract Tower,8,16,22,0,46,0,2,15,8,25,8,18,37,8,71,0,0,0,71
04/06/2002,BRO,TX,ASW,CE,Federal Contract Tower,9,9,19,0,37,0,0,15,0,15,9,9,34,0,52,0,0,0,52
04/07/2002,BRO,TX,ASW,CE,Federal Contract Tower,1,5,5,0,11,1,3,14,0,18,2,8,19,0,29,0,0,0,29
04/08/2002,BRO,TX,ASW,CE,Federal Contract Tower,7,17,10,20,54,0,1,26,0,27,7,18,36,20,81,0,0,0,81
04/09/2002,BRO,TX,ASW,CE,Federal Contract Tower,9,17,21,14,61,0,0,34,0,34,9,17,55,14,95,24,0,24,119
04/10/2002,BRO,TX,ASW,CE,Federal Contract Tower,7,18,11,24,60,0,0,37,0,37,7,18,48,24,97,0,0,0,97
04/11/2002,BRO,TX,ASW,CE,Federal Contract Tower,4,19,21,0,44,0,0,37,20,57,4,19,58,20,101,2,0,2,103
04/12/2002,BRO,TX,ASW,CE,Federal Contract Tower,6,16,8,0,30,0,3,53,22,78,6,19,61,22,108,0,0,0,108
04/13/2002,BRO,TX,ASW,CE,Federal Contract Tower,5,9,12,0,26,0,0,37,0,37,5,9,49,0,63,0,0,0,63
04/14/2002,BRO,TX,ASW,CE,Federal Contract Tower,1,9,9,0,19,0,0,23,0,23,1,9,32,0,42,15,0,15,57
04/15/2002,BRO,TX,ASW,CE,Federal Contract Tower,6,19,12,17,54,0,0,24,0,24,6,19,36,17,78,0,0,0,78
04/16/2002,BRO,TX,ASW,CE,Federal Contract Tower,9,20,16,30,75,0,0,35,0,35,9,20,51,30,110,4,0,4,114
04/17/2002,BRO,TX,ASW,CE,Federal Contract Tower,6,24,7,6,43,0,0,30,0,30,6,24,37,6,73,2,0,2,75
04/18/2002,BRO,TX,ASW,CE,Federal Contract Tower,6,27,17,0,50,0,0,43,16,59,6,27,60,16,109,2,0,2,111
04/19/2002,BRO,TX,ASW,CE,Federal Contract Tower,6,14,14,4,38,0,0,26,0,26,6,14,40,4,64,2,0,2,66
04/20/2002,BRO,TX,ASW,CE,Federal Contract Tower,4,10,10,8,32,0,0,27,0,27,4,10,37,8,59,5,0,5,64
04/21/2002,BRO,TX,ASW,CE,Federal Contract Tower,1,8,13,0,22,0,0,11,0,11,1,8,24,0,33,0,0,0,33
04/22/2002,BRO,TX,ASW,CE,Federal Contract Tower,4,13,8,33,58,0,0,21,0,21,4,13,29,33,79,0,5,5,84
04/23/2002,BRO,TX,ASW,CE,Federal Contract Tower,6,17,16,6,45,0,0,32,0,32,6,17,48,6,77,4,0,4,81
04/24/2002,BRO,TX,ASW,CE,Federal Contract Tower,6,23,17,30,76,0,2,24,0,26,6,25,41,30,102,2,0,2,104
04/25/2002,BRO,TX,ASW,CE,Federal Contract Tower,6,24,28,2,60,0,0,36,24,60,6,24,64,26,120,28,0,28,148
04/26/2002,BRO,TX,ASW,CE,Federal Contract Tower,6,15,18,0,39,0,0,31,30,61,6,15,49,30,100,0,0,0,100
04/27/2002,BRO,TX,ASW,CE,Federal Contract Tower,5,11,15,4,35,0,0,28,0,28,5,11,43,4,63,0,0,0,63
04/28/2002,BRO,TX,ASW,CE,Federal Contract Tower,1,9,10,0,20,0,0,20,0,20,1,9,30,0,40,16,0,16,56
04/29/2002,BRO,TX,ASW,CE,Federal Contract Tower,4,13,14,38,69,0,0,31,0,31,4,13,45,38,100,4,0,4,104
04/30/2002,BRO,TX,ASW,CE,Federal Contract Tower,6,15,5,18,44,0,0,20,0,20,6,15,25,18,64,10,0,10,74
05/01/2002,BRO,TX,ASW,CE,Federal Contract Tower,7,15,9,8,39,1,0,29,0,30,8,15,38,8,69,10,0,10,79
05/02/2002,BRO,TX,ASW,CE,Federal Contract Tower,6,17,15,1,39,0,6,48,25,79,6,23,63,26,118,0,0,0,118
05/03/2002,BRO,TX,ASW,CE,Federal Contract Tower,5,12,10,1,28,0,1,42,13,56,5,13,52,14,84,42,0,42,126
05/04/2002,BRO,TX,ASW,CE,Federal Contract Tower,3,12,11,0,26,0,1,31,0,32,3,13,42,0,58,10,0,10,68
05/05/2002,BRO,TX,ASW,CE,Federal Contract Tower,1,12,10,4,27,0,0,22,0,22,1,12,32,4,49,0,0,0,49
05/06/2002,BRO,TX,ASW,CE,Federal Contract Tower,4,11,11,16,42,0,0,12,0,12,4,11,23,16,54,0,0,0,54
05/07/2002,BRO,TX,ASW,CE,Federal Contract Tower,8,15,13,16,52,0,0,18,0,18,8,15,31,16,70,0,0,0,70
05/08/2002,BRO,TX,ASW,CE,Federal Contract Tower,6,9,18,0,33,0,0,42,4,46,6,9,60,4,79,10,0,10,89
05/09/2002,BRO,TX,ASW,CE,Federal Contract Tower,6,12,17,0,35,0,0,40,41,81,6,12,57,41,116,2,10,12,128
05/10/2002,BRO,TX,ASW,CE,Federal Contract Tower,6,15,11,3,35,0,1,44,0,45,6,16,55,3,80,0,0,0,80
05/11/2002,BRO,TX,ASW,CE,Federal Contract Tower,5,10,6,0,21,0,0,17,0,17,5,10,23,0,38,0,0,0,38
05/12/2002,BRO,TX,ASW,CE,Federal Contract Tower,1,11,8,0,20,0,0,36,0,36,1,11,44,0,56,2,0,2,58
05/13/2002,BRO,TX,ASW,CE,Federal Contract Tower,4,14,17,2,37,0,0,18,0,18,4,14,35,2,55,4,0,4,59
05/14/2002,BRO,TX,ASW,CE,Federal Contract Tower,6,14,12,34,66,0,0,38,0,38,6,14,50,34,104,0,0,0,104
05/15/2002,BRO,TX,ASW,CE,Federal Contract Tower,6,14,8,24,52,0,0,52,0,52,6,14,60,24,104,6,0,6,110
05/16/2002,BRO,TX,ASW,CE,Federal Contract Tower,8,10,10,34,62,0,0,37,0,37,8,10,47,34,99,0,6,6,105
05/17/2002,BRO,TX,ASW,CE,Federal Contract Tower,5,8,17,0,30,0,0,28,20,48,5,8,45,20,78,6,0,6,84
05/18/2002,BRO,TX,ASW,CE,Federal Contract Tower,3,12,9,0,24,0,0,17,0,17,3,12,26,0,41,30,0,30,71
05/19/2002,BRO,TX,ASW,CE,Federal Contract Tower,1,14,12,3,30,0,0,31,0,31,1,14,43,3,61,2,0,2,63
05/20/2002,BRO,TX,ASW,CE,Federal Contract Tower,4,11,15,10,40,0,0,30,4,34,4,11,45,14,74,26,10,36,110
05/21/2002,BRO,TX,ASW,CE,Federal Contract Tower,9,11,12,28,60,0,0,46,0,46,9,11,58,28,106,12,0,12,118
05/22/2002,BRO,TX,ASW,CE,Federal Contract Tower,7,13,19,28,67,0,0,54,0,54,7,13,73,28,121,20,0,20,141
05/23/2002,BRO,TX,ASW,CE,Federal Contract Tower,7,14,28,8,57,0,0,29,0,29,7,14,57,8,86,2,0,2,88
05/24/2002,BRO,TX,ASW,CE,Federal Contract Tower,6,15,35,0,56,0,0,23,0,23,6,15,58,0,79,16,0,16,95
05/25/2002,BRO,TX,ASW,CE,Federal Contract Tower,3,12,6,0,21,0,0,31,0,31,3,12,37,0,52,50,0,50,102
05/26/2002,BRO,TX,ASW,CE,Federal Contract Tower,0,9,8,0,17,0,0,33,0,33,0,9,41,0,50,0,0,0,50
05/27/2002,BRO,TX,ASW,CE,Federal Contract Tower,1,9,19,0,29,0,0,28,0,28,1,9,47,0,57,4,0,4,61
05/28/2002,BRO,TX,ASW,CE,Federal Contract Tower,4,14,17,28,63,0,0,44,0,44,4,14,61,28,107,20,0,20,127
05/29/2002,BRO,TX,ASW,CE,Federal Contract Tower,6,10,13,14,43,0,0,21,0,21,6,10,34,14,64,4,0,4,68
05/30/2002,BRO,TX,ASW,CE,Federal Contract Tower,8,14,13,24,59,0,0,45,0,45,8,14,58,24,104,38,0,38,142
05/31/2002,BRO,TX,ASW,CE,Federal Contract Tower,7,11,5,2,25,0,0,35,12,47,7,11,40,14,72,6,4,10,82
06/01/2002,BRO,TX,ASW,CE,Federal Contract Tower,3,14,4,1,22,1,0,37,1,39,4,14,41,2,61,18,0,18,79
06/02/2002,BRO,TX,ASW,CE,Federal Contract Tower,1,9,5,0,15,0,0,29,0,29,1,9,34,0,44,10,0,10,54
06/03/2002,BRO,TX,ASW,CE,Federal Contract Tower,4,16,11,14,45,0,0,31,0,31,4,16,42,14,76,20,6,26,102
06/04/2002,BRO,TX,ASW,CE,Federal Contract Tower,6,10,10,32,58,0,0,28,0,28,6,10,38,32,86,2,0,2,88
06/05/2002,BRO,TX,ASW,CE,Federal Contract Tower,6,14,13,36,69,0,1,42,0,43,6,15,55,36,112,2,0,2,114
06/06/2002,BRO,TX,ASW,CE,Federal Contract Tower,10,12,12,18,52,0,2,38,0,40,10,14,50,18,92,22,12,34,126
06/07/2002,BRO,TX,ASW,CE,Federal Contract Tower,7,14,24,1,46,0,1,40,19,60,7,15,64,20,106,0,16,16,122
06/08/2002,BRO,TX,ASW,CE,Federal Contract Tower,6,14,8,3,31,0,1,31,3,35,6,15,39,6,66,0,0,0,66
06/09/2002,BRO,TX,ASW,CE,Federal Contract Tower,1,9,8,1,19,0,1,13,0,14,1,10,21,1,33,0,0,0,33
06/10/2002,BRO,TX,ASW,CE,Federal Contract Tower,4,9,11,20,44,0,1,29,0,30,4,10,40,20,74,10,0,10,84
06/11/2002,BRO,TX,ASW,CE,Federal Contract Tower,6,14,18,6,44,0,0,33,0,33,6,14,51,6,77,26,0,26,103
06/12/2002,BRO,TX,ASW,CE,Federal Contract Tower,6,13,19,16,54,0,0,33,0,33,6,13,52,16,87,6,0,6,93
06/13/2002,BRO,TX,ASW,CE,Federal Contract Tower,6,16,13,36,71,0,1,48,0,49,6,17,61,36,120,16,12,28,148
06/14/2002,BRO,TX,ASW,CE,Federal Contract Tower,7,12,14,2,35,0,2,42,30,74,7,14,56,32,109,2,0,2,111
06/15/2002,BRO,TX,ASW,CE,Federal Contract Tower,2,12,9,0,23,0,0,47,0,47,2,12,56,0,70,4,0,4,74
06/16/2002,BRO,TX,ASW,CE,Federal Contract Tower,1,10,9,0,20,0,0,23,0,23,1,10,32,0,43,0,0,0,43
06/17/2002,BRO,TX,ASW,CE,Federal Contract Tower,4,8,12,18,42,0,0,12,0,12,4,8,24,18,54,0,0,0,54
06/18/2002,BRO,TX,ASW,CE,Federal Contract Tower,6,13,22,21,62,0,0,24,15,39,6,13,46,36,101,6,2,8,109
06/19/2002,BRO,TX,ASW,CE,Federal Contract Tower,6,21,14,22,63,0,0,56,0,56,6,21,70,22,119,0,0,0,119
06/20/2002,BRO,TX,ASW,CE,Federal Contract Tower,7,14,28,36,85,0,2,37,0,39,7,16,65,36,124,8,0,8,132
06/21/2002,BRO,TX,ASW,CE,Federal Contract Tower,7,15,13,30,65,0,0,55,0,55,7,15,68,30,120,8,0,8,128
06/22/2002,BRO,TX,ASW,CE,Federal Contract Tower,4,15,7,0,26,0,1,52,0,53,4,16,59,0,79,4,0,4,83
06/23/2002,BRO,TX,ASW,CE,Federal Contract Tower,2,10,15,0,27,0,0,42,0,42,2,10,57,0,69,0,0,0,69
06/24/2002,BRO,TX,ASW,CE,Federal Contract Tower,4,13,12,48,77,0,0,37,0,37,4,13,49,48,114,0,0,0,114
06/25/2002,BRO,TX,ASW,CE,Federal Contract Tower,6,13,21,0,40,0,0,50,59,109,6,13,71,59,149,20,20,40,189
06/26/2002,BRO,TX,ASW,CE,Federal Contract Tower,6,19,19,16,60,2,5,21,0,28,8,24,40,16,88,4,0,4,92
06/27/2002,BRO,TX,ASW,CE,Federal Contract Tower,10,21,27,6,64,0,0,29,0,29,10,21,56,6,93,0,0,0,93
06/28/2002,BRO,TX,ASW,CE,Federal Contract Tower,6,20,19,1,46,0,1,27,7,35,6,21,46,8,81,8,0,8,89
06/29/2002,BRO,TX,ASW,CE,Federal Contract Tower,3,13,3,0,19,0,0,14,0,14,3,13,17,0,33,0,0,0,33
06/30/2002,BRO,TX,ASW,CE,Federal Contract Tower,1,15,13,0,29,0,0,8,0,8,1,15,21,0,37,0,0,0,37
07/01/2002,BRO,TX,ASW,CE,Federal Contract Tower,5,18,7,24,54,0,1,11,0,12,5,19,18,24,66,0,18,18,84
07/02/2002,BRO,TX,ASW,CE,Federal Contract Tower,6,17,12,34,69,0,1,30,0,31,6,18,42,34,100,2,0,2,102
07/03/2002,BRO,TX,ASW,CE,Federal Contract Tower,5,17,14,28,64,0,0,40,0,40,5,17,54,28,104,4,0,4,108
07/04/2002,BRO,TX,ASW,CE,Federal Contract Tower,5,11,4,0,20,0,1,41,0,42,5,12,45,0,62,14,0,14,76
07/05/2002,BRO,TX,ASW,CE,Federal Contract Tower,2,8,13,0,23,0,0,37,0,37,2,8,50,0,60,42,0,42,102
07/06/2002,BRO,TX,ASW,CE,Federal Contract Tower,2,16,5,0,23,0,0,38,0,38,2,16,43,0,61,32,0,32,93
07/07/2002,BRO,TX,ASW,CE,Federal Contract Tower,1,13,19,0,33,0,0,31,0,31,1,13,50,0,64,0,0,0,64
07/08/2002,BRO,TX,ASW,CE,Federal Contract Tower,4,10,14,29,57,0,0,35,0,35,4,10,49,29,92,0,0,0,92
07/09/2002,BRO,TX,ASW,CE,Federal Contract Tower,3,11,8,0,22,5,1,17,0,23,8,12,25,0,45,16,0,16,61
07/10/2002,BRO,TX,ASW,CE,Federal Contract Tower,8,10,14,20,52,0,0,38,0,38,8,10,52,20,90,46,0,46,136
07/11/2002,BRO,TX,ASW,CE,Federal Contract Tower,7,21,13,30,71,0,0,45,0,45,7,21,58,30,116,14,0,14,130
07/12/2002,BRO,TX,ASW,CE,Federal Contract Tower,6,22,19,6,53,0,0,39,0,39,6,22,58,6,92,6,0,6,98
07/13/2002,BRO,TX,ASW,CE,Federal Contract Tower,5,11,10,4,30,0,0,26,0,26,5,11,36,4,56,12,4,16,72
07/14/2002,BRO,TX,ASW,CE,Federal Contract Tower,1,11,11,0,23,0,1,27,4,32,1,12,38,4,55,0,10,10,65
07/15/2002,BRO,TX,ASW,CE,Federal Contract Tower,4,18,16,2,40,0,1,38,0,39,4,19,54,2,79,26,0,26,105
07/16/2002,BRO,TX,ASW,CE,Federal Contract Tower,6,16,10,16,48,0,0,38,0,38,6,16,48,16,86,10,4,14,100
07/17/2002,BRO,TX,ASW,CE,Federal Contract Tower,6,19,16,25,66,0,0,39,0,39,6,19,55,25,105,18,0,18,123
07/18/2002,BRO,TX,ASW,CE,Federal Contract Tower,6,14,15,49,84,0,0,42,0,42,6,14,57,49,126,52,12,64,190
07/19/2002,BRO,TX,ASW,CE,Federal Contract Tower,7,18,15,14,54,0,0,38,0,38,7,18,53,14,92,6,0,6,98
07/20/2002,BRO,TX,ASW,CE,Federal Contract Tower,4,14,1,0,19,0,1,33,0,34,4,15,34,0,53,6,0,6,59
07/21/2002,BRO,TX,ASW,CE,Federal Contract Tower,1,16,15,0,32,0,0,41,0,41,1,16,56,0,73,6,0,6,79
07/22/2002,BRO,TX,ASW,CE,Federal Contract Tower,6,14,10,0,30,0,0,29,35,64,6,14,39,35,94,22,16,38,132
07/23/2002,BRO,TX,ASW,CE,Federal Contract Tower,7,9,20,51,87,0,0,39,0,39,7,9,59,51,126,22,80,102,228
07/24/2002,BRO,TX,ASW,CE,Federal Contract Tower,5,14,19,34,72,0,0,46,0,46,5,14,65,34,118,20,30,50,168
07/25/2002,BRO,TX,ASW,CE,Federal Contract Tower,6,28,15,25,74,0,0,56,0,56,6,28,71,25,130,30,10,40,170
07/26/2002,BRO,TX,ASW,CE,Federal Contract Tower,7,17,9,18,51,0,0,45,0,45,7,17,54,18,96,18,0,18,114
07/27/2002,BRO,TX,ASW,CE,Federal Contract Tower,4,16,10,2,32,0,2,68,0,70,4,18,78,2,102,2,0,2,104
07/28/2002,BRO,TX,ASW,CE,Federal Contract Tower,1,16,15,0,32,0,0,15,0,15,1,16,30,0,47,0,0,0,47
07/29/2002,BRO,TX,ASW,CE,Federal Contract Tower,4,18,8,0,30,0,2,15,10,27,4,20,23,10,57,0,10,10,67
07/30/2002,BRO,TX,ASW,CE,Federal Contract Tower,6,19,9,16,50,0,0,19,0,19,6,19,28,16,69,10,24,34,103
07/31/2002,BRO,TX,ASW,CE,Federal Contract Tower,6,15,20,10,51,0,0,36,0,36,6,15,56,10,87,20,4,24,111
08/01/2002,BRO,TX,ASW,CE,Federal Contract Tower,6,22,18,5,51,0,0,38,0,38,6,22,56,5,89,6,2,8,97
08/02/2002,BRO,TX,ASW,CE,Federal Contract Tower,9,14,13,4,40,0,0,35,0,35,9,14,48,4,75,0,10,10,85
08/03/2002,BRO,TX,ASW,CE,Federal Contract Tower,3,15,8,0,26,0,0,36,0,36,3,15,44,0,62,14,0,14,76
08/04/2002,BRO,TX,ASW,CE,Federal Contract Tower,1,16,15,0,32,0,0,46,0,46,1,16,61,0,78,12,0,12,90
08/05/2002,BRO,TX,ASW,CE,Federal Contract Tower,5,14,9,0,28,0,0,25,4,29,5,14,34,4,57,8,10,18,75
08/06/2002,BRO,TX,ASW,CE,Federal Contract Tower,7,11,10,16,44,0,0,31,0,31,7,11,41,16,75,2,6,8,83
08/07/2002,BRO,TX,ASW,CE,Federal Contract Tower,6,15,15,9,45,0,0,62,10,72,6,15,77,19,117,34,10,44,161
08/08/2002,BRO,TX,ASW,CE,Federal Contract Tower,6,17,13,2,38,0,0,46,0,46,6,17,59,2,84,10,0,10,94
08/09/2002,BRO,TX,ASW,CE,Federal Contract Tower,6,10,18,18,52,0,0,38,0,38,6,10,56,18,90,12,0,12,102
08/10/2002,BRO,TX,ASW,CE,Federal Contract Tower,4,15,5,0,24,0,1,40,0,41,4,16,45,0,65,8,0,8,73
08/11/2002,BRO,TX,ASW,CE,Federal Contract Tower,2,18,16,0,36,0,1,32,0,33,2,19,48,0,69,4,0,4,73
08/12/2002,BRO,TX,ASW,CE,Federal Contract Tower,5,13,6,0,24,0,0,21,16,37,5,13,27,16,61,28,18,46,107
08/13/2002,BRO,TX,ASW,CE,Federal Contract Tower,6,7,11,2,26,1,0,49,37,87,7,7,60,39,113,10,14,24,137
08/14/2002,BRO,TX,ASW,CE,Federal Contract Tower,7,15,10,19,51,0,0,27,0,27,7,15,37,19,78,36,14,50,128
08/15/2002,BRO,TX,ASW,CE,Federal Contract Tower,6,13,23,50,92,0,0,26,0,26,6,13,49,50,118,6,0,6,124
08/16/2002,BRO,TX,ASW,CE,Federal Contract Tower,7,21,21,0,49,0,0,43,0,43,7,21,64,0,92,0,0,0,92
08/17/2002,BRO,TX,ASW,CE,Federal Contract Tower,3,9,7,0,19,0,0,46,0,46,3,9,53,0,65,16,0,16,81
08/18/2002,BRO,TX,ASW,CE,Federal Contract Tower,1,11,7,0,19,0,0,34,0,34,1,11,41,0,53,6,0,6,59
08/19/2002,BRO,TX,ASW,CE,Federal Contract Tower,6,18,12,0,36,0,0,41,18,59,6,18,53,18,95,24,0,24,119
08/20/2002,BRO,TX,ASW,CE,Federal Contract Tower,7,14,12,58,91,0,0,44,0,44,7,14,56,58,135,24,54,78,213
08/21/2002,BRO,TX,ASW,CE,Federal Contract Tower,8,19,15,26,68,0,0,42,0,42,8,19,57,26,110,4,32,36,146
08/22/2002,BRO,TX,ASW,CE,Federal Contract Tower,8,19,18,46,91,0,0,46,0,46,8,19,64,46,137,0,28,28,165
08/23/2002,BRO,TX,ASW,CE,Federal Contract Tower,9,13,21,20,63,0,0,31,0,31,9,13,52,20,94,2,0,2,96
08/24/2002,BRO,TX,ASW,CE,Federal Contract Tower,3,13,10,14,40,0,0,76,0,76,3,13,86,14,116,0,18,18,134
08/25/2002,BRO,TX,ASW,CE,Federal Contract Tower,1,11,11,0,23,0,0,39,0,39,1,11,50,0,62,2,0,2,64
08/26/2002,BRO,TX,ASW,CE,Federal Contract Tower,7,13,12,0,32,0,0,59,31,90,7,13,71,31,122,2,8,10,132
08/27/2002,BRO,TX,ASW,CE,Federal Contract Tower,8,14,12,24,58,0,0,36,0,36,8,14,48,24,94,22,10,32,126
08/28/2002,BRO,TX,ASW,CE,Federal Contract Tower,9,22,11,8,50,0,0,37,0,37,9,22,48,8,87,10,10,20,107
08/29/2002,BRO,TX,ASW,CE,Federal Contract Tower,8,17,10,50,85,0,0,47,0,47,8,17,57,50,132,4,6,10,142
08/30/2002,BRO,TX,ASW,CE,Federal Contract Tower,6,11,23,30,70,0,0,59,0,59,6,11,82,30,129,30,0,30,159
08/31/2002,BRO,TX,ASW,CE,Federal Contract Tower,2,13,11,0,26,0,0,56,0,56,2,13,67,0,82,22,0,22,104
09/01/2002,BRO,TX,ASW,CE,Federal Contract Tower,0,10,5,0,15,0,2,46,0,48,0,12,51,0,63,2,0,2,65
09/02/2002,BRO,TX,ASW,CE,Federal Contract Tower,2,12,14,1,29,0,1,37,1,39,2,13,51,2,68,0,0,0,68
09/03/2002,BRO,TX,ASW,CE,Federal Contract Tower,4,13,17,26,60,0,1,31,0,32,4,14,48,26,92,1,24,25,117
09/04/2002,BRO,TX,ASW,CE,Federal Contract Tower,8,14,10,30,62,0,1,32,0,33,8,15,42,30,95,12,44,56,151
09/05/2002,BRO,TX,ASW,CE,Federal Contract Tower,10,9,13,39,71,0,1,24,0,25,10,10,37,39,96,6,2,8,104
09/06/2002,BRO,TX,ASW,CE,Federal Contract Tower,7,8,18,14,47,0,1,36,0,37,7,9,54,14,84,32,0,32,116
09/07/2002,BRO,TX,ASW,CE,Federal Contract Tower,3,12,4,0,19,0,2,39,0,41,3,14,43,0,60,16,0,16,76
09/08/2002,BRO,TX,ASW,CE,Federal Contract Tower,1,8,10,0,19,0,1,26,0,27,1,9,36,0,46,0,0,0,46
09/09/2002,BRO,TX,ASW,CE,Federal Contract Tower,7,13,12,0,32,0,2,11,16,29,7,15,23,16,61,2,0,2,63
09/10/2002,BRO,TX,ASW,CE,Federal Contract Tower,8,10,5,18,41,0,1,7,0,8,8,11,12,18,49,10,4,14,63
09/11/2002,BRO,TX,ASW,CE,Federal Contract Tower,12,10,9,19,50,0,1,33,0,34,12,11,42,19,84,36,0,36,120
09/12/2002,BRO,TX,ASW,CE,Federal Contract Tower,9,11,13,70,103,0,0,37,0,37,9,11,50,70,140,0,10,10,150
09/13/2002,BRO,TX,ASW,CE,Federal Contract Tower,7,13,18,14,52,0,0,32,0,32,7,13,50,14,84,6,0,6,90
09/14/2002,BRO,TX,ASW,CE,Federal Contract Tower,4,14,10,5,33,0,2,33,1,36,4,16,43,6,69,10,0,10,79
09/15/2002,BRO,TX,ASW,CE,Federal Contract Tower,1,8,8,0,17,0,11,15,0,26,1,19,23,0,43,0,0,0,43
09/16/2002,BRO,TX,ASW,CE,Federal Contract Tower,4,13,11,9,37,0,0,10,0,10,4,13,21,9,47,0,16,16,63
09/17/2002,BRO,TX,ASW,CE,Federal Contract Tower,9,14,9,54,86,0,0,26,0,26,9,14,35,54,112,4,12,16,128
09/18/2002,BRO,TX,ASW,CE,Federal Contract Tower,7,12,16,40,75,0,0,34,0,34,7,12,50,40,109,0,12,12,121
09/19/2002,BRO,TX,ASW,CE,Federal Contract Tower,9,12,19,26,66,0,0,45,0,45,9,12,64,26,111,4,0,4,115
09/20/2002,BRO,TX,ASW,CE,Federal Contract Tower,10,17,19,24,70,0,0,28,0,28,10,17,47,24,98,4,0,4,102
09/21/2002,BRO,TX,ASW,CE,Federal Contract Tower,4,17,8,0,29,0,0,61,0,61,4,17,69,0,90,16,0,16,106
09/22/2002,BRO,TX,ASW,CE,Federal Contract Tower,1,14,8,0,23,0,2,20,5,27,1,16,28,5,50,4,0,4,54
09/23/2002,BRO,TX,ASW,CE,Federal Contract Tower,7,14,10,0,31,1,1,3,5,10,8,15,13,5,41,22,6,28,69
09/24/2002,BRO,TX,ASW,CE,Federal Contract Tower,7,14,11,15,47,0,0,20,0,20,7,14,31,15,67,20,18,38,105
09/25/2002,BRO,TX,ASW,CE,Federal Contract Tower,8,26,10,17,61,0,0,18,0,18,8,26,28,17,79,20,26,46,125
09/26/2002,BRO,TX,ASW,CE,Federal Contract Tower,6,25,17,20,68,0,0,49,0,49,6,25,66,20,117,22,6,28,145
09/27/2002,BRO,TX,ASW,CE,Federal Contract Tower,7,14,9,32,62,0,0,37,0,37,7,14,46,32,99,20,0,20,119
09/28/2002,BRO,TX,ASW,CE,Federal Contract Tower,6,17,6,0,29,0,0,32,0,32,6,17,38,0,61,10,0,10,71
09/29/2002,BRO,TX,ASW,CE,Federal Contract Tower,3,12,9,0,24,0,0,34,8,42,3,12,43,8,66,0,0,0,66
09/30/2002,BRO,TX,ASW,CE,Federal Contract Tower,5,16,20,0,41,0,1,30,0,31,5,17,50,0,72,16,0,16,88
10/01/2002,BRO,TX,ASW,CE,Federal Contract Tower,6,14,9,23,52,0,0,42,0,42,6,14,51,23,94,32,16,48,142
10/02/2002,BRO,TX,ASW,CE,Federal Contract Tower,6,17,12,30,65,0,0,49,0,49,6,17,61,30,114,24,26,50,164
10/03/2002,BRO,TX,ASW,CE,Federal Contract Tower,8,20,10,26,64,0,0,18,0,18,8,20,28,26,82,0,0,0,82
10/04/2002,BRO,TX,ASW,CE,Federal Contract Tower,7,25,9,0,41,0,0,54,0,54,7,25,63,0,95,10,0,10,105
10/05/2002,BRO,TX,ASW,CE,Federal Contract Tower,2,16,11,0,29,0,2,12,0,14,2,18,23,0,43,0,0,0,43
10/06/2002,BRO,TX,ASW,CE,Federal Contract Tower,0,12,15,0,27,0,3,24,0,27,0,15,39,0,54,0,0,0,54
10/07/2002,BRO,TX,ASW,CE,Federal Contract Tower,3,17,6,0,26,0,0,30,9,39,3,17,36,9,65,0,2,2,67
10/08/2002,BRO,TX,ASW,CE,Federal Contract Tower,7,14,15,34,70,0,0,21,0,21,7,14,36,34,91,28,10,38,129
10/09/2002,BRO,TX,ASW,CE,Federal Contract Tower,6,17,24,11,58,0,0,31,0,31,6,17,55,11,89,8,2,10,99
10/10/2002,BRO,TX,ASW,CE,Federal Contract Tower,6,16,21,34,77,0,0,30,0,30,6,16,51,34,107,24,0,24,131
10/11/2002,BRO,TX,ASW,CE,Federal Contract Tower,5,13,19,42,79,0,0,42,0,42,5,13,61,42,121,34,0,34,155
10/12/2002,BRO,TX,ASW,CE,Federal Contract Tower,2,13,10,0,25,0,1,52,0,53,2,14,62,0,78,0,0,0,78
10/13/2002,BRO,TX,ASW,CE,Federal Contract Tower,0,11,10,0,21,0,0,22,0,22,0,11,32,0,43,0,0,0,43
10/14/2002,BRO,TX,ASW,CE,Federal Contract Tower,5,15,12,0,32,0,0,24,0,24,5,15,36,0,56,16,0,16,72
10/15/2002,BRO,TX,ASW,CE,Federal Contract Tower,8,11,10,22,51,0,0,30,0,30,8,11,40,22,81,4,2,6,87
10/16/2002,BRO,TX,ASW,CE,Federal Contract Tower,6,11,24,9,50,0,0,26,0,26,6,11,50,9,76,0,0,0,76
10/17/2002,BRO,TX,ASW,CE,Federal Contract Tower,8,19,23,20,70,0,0,41,0,41,8,19,64,20,111,14,8,22,133
10/18/2002,BRO,TX,ASW,CE,Federal Contract Tower,7,26,24,7,64,0,0,29,0,29,7,26,53,7,93,0,0,0,93
10/19/2002,BRO,TX,ASW,CE,Federal Contract Tower,2,14,14,6,36,0,1,24,0,25,2,15,38,6,61,10,0,10,71
10/20/2002,BRO,TX,ASW,CE,Federal Contract Tower,1,14,14,0,29,0,0,28,0,28,1,14,42,0,57,10,0,10,67
10/21/2002,BRO,TX,ASW,CE,Federal Contract Tower,3,14,10,3,30,0,2,18,6,26,3,16,28,9,56,4,0,4,60
10/22/2002,BRO,TX,ASW,CE,Federal Contract Tower,6,17,14,5,42,0,0,33,0,33,6,17,47,5,75,52,4,56,131
10/23/2002,BRO,TX,ASW,CE,Federal Contract Tower,7,16,18,0,41,0,0,19,0,19,7,16,37,0,60,32,0,32,92
10/24/2002,BRO,TX,ASW,CE,Federal Contract Tower,11,15,15,4,45,0,0,18,0,18,11,15,33,4,63,10,0,10,73
10/25/2002,BRO,TX,ASW,CE,Federal Contract Tower,8,17,8,0,33,0,0,12,0,12,8,17,20,0,45,0,0,0,45
10/26/2002,BRO,TX,ASW,CE,Federal Contract Tower,4,14,6,0,24,0,1,14,0,15,4,15,20,0,39,6,0,6,45
10/27/2002,BRO,TX,ASW,CE,Federal Contract Tower,3,11,12,0,26,0,0,15,0,15,3,11,27,0,41,14,0,14,55
10/28/2002,BRO,TX,ASW,CE,Federal Contract Tower,10,15,17,10,52,0,2,18,16,36,10,17,35,26,88,10,0,10,98
10/29/2002,BRO,TX,ASW,CE,Federal Contract Tower,10,19,16,27,72,0,0,18,0,18,10,19,34,27,90,42,0,42,132
10/30/2002,BRO,TX,ASW,CE,Federal Contract Tower,7,17,18,8,50,0,0,40,0,40,7,17,58,8,90,4,18,22,112
10/31/2002,BRO,TX,ASW,CE,Federal Contract Tower,10,9,23,0,42,0,0,13,0,13,10,9,36,0,55,0,0,0,55
11/01/2002,BRO,TX,ASW,CE,Federal Contract Tower,8,12,22,0,42,1,0,15,0,16,9,12,37,0,58,0,0,0,58
11/02/2002,BRO,TX,ASW,CE,Federal Contract Tower,2,14,10,0,26,1,0,1,0,2,3,14,11,0,28,0,0,0,28
11/03/2002,BRO,TX,ASW,CE,Federal Contract Tower,0,12,6,0,18,0,1,0,0,1,0,13,6,0,19,0,0,0,19
11/04/2002,BRO,TX,ASW,CE,Federal Contract Tower,5,12,20,0,37,1,0,0,0,1,6,12,20,0,38,0,0,0,38
11/05/2002,BRO,TX,ASW,CE,Federal Contract Tower,6,12,12,24,54,0,0,28,1,29,6,12,40,25,83,0,6,6,89
11/06/2002,BRO,TX,ASW,CE,Federal Contract Tower,5,20,15,17,57,0,0,44,1,45,5,20,59,18,102,6,0,6,108
11/07/2002,BRO,TX,ASW,CE,Federal Contract Tower,6,13,13,31,63,0,0,79,1,80,6,13,92,32,143,64,0,64,207
11/08/2002,BRO,TX,ASW,CE,Federal Contract Tower,7,17,16,21,61,0,0,44,1,45,7,17,60,22,106,16,0,16,122
11/09/2002,BRO,TX,ASW,CE,Federal Contract Tower,1,14,15,0,30,1,0,12,0,13,2,14,27,0,43,20,0,20,63
11/10/2002,BRO,TX,ASW,CE,Federal Contract Tower,3,12,23,0,38,0,0,23,0,23,3,12,46,0,61,0,0,0,61
11/11/2002,BRO,TX,ASW,CE,Federal Contract Tower,4,10,20,0,34,0,1,6,26,33,4,11,26,26,67,0,0,0,67
11/12/2002,BRO,TX,ASW,CE,Federal Contract Tower,9,8,23,19,59,0,0,27,1,28,9,8,50,20,87,10,0,10,97
11/13/2002,BRO,TX,ASW,CE,Federal Contract Tower,8,16,21,7,52,0,0,50,1,51,8,16,71,8,103,30,0,30,133
11/14/2002,BRO,TX,ASW,CE,Federal Contract Tower,7,16,17,29,69,0,0,49,1,50,7,16,66,30,119,10,0,10,129
11/15/2002,BRO,TX,ASW,CE,Federal Contract Tower,4,11,26,9,50,0,0,40,1,41,4,11,66,10,91,10,0,10,101
11/16/2002,BRO,TX,ASW,CE,Federal Contract Tower,2,12,3,0,17,0,1,40,0,41,2,13,43,0,58,6,0,6,64
11/17/2002,BRO,TX,ASW,CE,Federal Contract Tower,1,16,18,1,36,0,0,34,1,35,1,16,52,2,71,38,0,38,109
11/18/2002,BRO,TX,ASW,CE,Federal Contract Tower,3,16,18,3,40,0,1,23,9,33,3,17,41,12,73,14,0,14,87
11/19/2002,BRO,TX,ASW,CE,Federal Contract Tower,8,9,23,5,45,0,1,39,13,53,8,10,62,18,98,0,0,0,98
11/20/2002,BRO,TX,ASW,CE,Federal Contract Tower,8,13,27,25,73,0,1,29,1,31,8,14,56,26,104,26,0,26,130
11/21/2002,BRO,TX,ASW,CE,Federal Contract Tower,6,16,15,40,77,0,1,45,0,46,6,17,60,40,123,24,0,24,147
11/22/2002,BRO,TX,ASW,CE,Federal Contract Tower,5,16,12,24,57,0,0,55,0,55,5,16,67,24,112,8,0,8,120
11/23/2002,BRO,TX,ASW,CE,Federal Contract Tower,2,13,7,0,22,0,0,57,0,57,2,13,64,0,79,6,0,6,85
11/24/2002,BRO,TX,ASW,CE,Federal Contract Tower,1,15,15,0,31,0,0,29,0,29,1,15,44,0,60,0,0,0,60
11/25/2002,BRO,TX,ASW,CE,Federal Contract Tower,6,16,17,14,53,0,1,20,26,47,6,17,37,40,100,54,10,64,164
11/26/2002,BRO,TX,ASW,CE,Federal Contract Tower,5,17,27,22,71,0,0,13,0,13,5,17,40,22,84,0,0,0,84
11/27/2002,BRO,TX,ASW,CE,Federal Contract Tower,12,15,17,0,44,0,0,29,0,29,12,15,46,0,73,4,0,4,77
11/28/2002,BRO,TX,ASW,CE,Federal Contract Tower,2,9,6,0,17,0,0,16,0,16,2,9,22,0,33,0,0,0,33
11/29/2002,BRO,TX,ASW,CE,Federal Contract Tower,3,8,4,0,15,0,0,52,0,52,3,8,56,0,67,0,0,0,67
11/30/2002,BRO,TX,ASW,CE,Federal Contract Tower,1,16,10,0,27,0,1,34,0,35,1,17,44,0,62,8,0,8,70
12/01/2002,BRO,TX,ASW,CE,Federal Contract Tower,0,10,10,1,21,0,1,44,0,45,0,11,54,1,66,12,0,12,78
12/02/2002,BRO,TX,ASW,CE,Federal Contract Tower,2,14,13,2,31,0,1,31,2,34,2,15,44,4,65,24,0,24,89
12/03/2002,BRO,TX,ASW,CE,Federal Contract Tower,6,16,12,40,74,0,0,32,0,32,6,16,44,40,106,40,0,40,146
12/04/2002,BRO,TX,ASW,CE,Federal Contract Tower,6,13,14,16,49,0,0,31,0,31,6,13,45,16,80,16,0,16,96
12/05/2002,BRO,TX,ASW,CE,Federal Contract Tower,4,18,17,22,61,0,0,32,0,32,4,18,49,22,93,24,0,24,117
12/06/2002,BRO,TX,ASW,CE,Federal Contract Tower,3,15,12,11,41,3,1,50,2,56,6,16,62,13,97,48,22,70,167
12/07/2002,BRO,TX,ASW,CE,Federal Contract Tower,2,14,7,0,23,0,0,95,0,95,2,14,102,0,118,131,0,131,249
12/08/2002,BRO,TX,ASW,CE,Federal Contract Tower,0,17,9,2,28,2,0,15,0,17,2,17,24,2,45,8,0,8,53
12/09/2002,BRO,TX,ASW,CE,Federal Contract Tower,2,31,20,11,64,0,8,4,6,18,2,39,24,17,82,0,0,0,82
12/10/2002,BRO,TX,ASW,CE,Federal Contract Tower,5,17,13,6,41,0,0,34,0,34,5,17,47,6,75,20,0,20,95
12/11/2002,BRO,TX,ASW,CE,Federal Contract Tower,6,19,27,23,75,0,0,79,0,79,6,19,106,23,154,14,2,16,170
12/12/2002,BRO,TX,ASW,CE,Federal Contract Tower,6,18,33,24,81,0,0,42,0,42,6,18,75,24,123,8,0,8,131
12/13/2002,BRO,TX,ASW,CE,Federal Contract Tower,6,21,11,0,38,0,0,36,0,36,6,21,47,0,74,0,0,0,74
12/14/2002,BRO,TX,ASW,CE,Federal Contract Tower,2,15,12,0,29,0,0,56,0,56,2,15,68,0,85,6,0,6,91
12/15/2002,BRO,TX,ASW,CE,Federal Contract Tower,0,11,9,0,20,0,1,17,0,18,0,12,26,0,38,0,0,0,38
12/16/2002,BRO,TX,ASW,CE,Federal Contract Tower,3,20,15,24,62,0,0,15,1,16,3,20,30,25,78,8,0,8,86
12/17/2002,BRO,TX,ASW,CE,Federal Contract Tower,6,19,11,28,64,0,0,41,0,41,6,19,52,28,105,14,0,14,119
12/18/2002,BRO,TX,ASW,CE,Federal Contract Tower,6,17,22,32,77,0,0,44,0,44,6,17,66,32,121,0,0,0,121
12/19/2002,BRO,TX,ASW,CE,Federal Contract Tower,4,17,13,20,54,0,0,34,0,34,4,17,47,20,88,6,0,6,94
12/20/2002,BRO,TX,ASW,CE,Federal Contract Tower,8,16,18,16,58,0,2,58,0,60,8,18,76,16,118,36,16,52,170
12/21/2002,BRO,TX,ASW,CE,Federal Contract Tower,3,13,12,0,28,0,0,40,0,40,3,13,52,0,68,0,0,0,68
12/22/2002,BRO,TX,ASW,CE,Federal Contract Tower,1,27,19,4,51,0,4,28,0,32,1,31,47,4,83,10,0,10,93
12/23/2002,BRO,TX,ASW,CE,Federal Contract Tower,4,12,8,20,44,0,0,21,0,21,4,12,29,20,65,0,0,0,65
12/24/2002,BRO,TX,ASW,CE,Federal Contract Tower,3,9,14,0,26,0,0,16,0,16,3,9,30,0,42,0,0,0,42
12/25/2002,BRO,TX,ASW,CE,Federal Contract Tower,0,7,6,0,13,0,2,5,0,7,0,9,11,0,20,0,0,0,20
12/26/2002,BRO,TX,ASW,CE,Federal Contract Tower,3,20,15,0,38,0,0,8,0,8,3,20,23,0,46,0,0,0,46
12/27/2002,BRO,TX,ASW,CE,Federal Contract Tower,4,12,15,4,35,0,0,16,0,16,4,12,31,4,51,0,0,0,51
12/28/2002,BRO,TX,ASW,CE,Federal Contract Tower,3,14,15,0,32,0,0,56,0,56,3,14,71,0,88,0,0,0,88
12/29/2002,BRO,TX,ASW,CE,Federal Contract Tower,0,17,12,0,29,0,0,13,0,13,0,17,25,0,42,0,0,0,42
12/30/2002,BRO,TX,ASW,CE,Federal Contract Tower,3,12,8,1,24,0,0,14,1,15,3,12,22,2,39,0,4,4,43
12/31/2002,BRO,TX,ASW,CE,Federal Contract Tower,3,6,7,0,16,0,0,26,0,26,3,6,33,0,42,2,0,2,44
01/01/2003,BRO,TX,ASW,CE,Federal Contract Tower,0,11,21,0,32,0,1,3,0,4,0,12,24,0,36,0,0,0,36
01/02/2003,BRO,TX,ASW,CE,Federal Contract Tower,4,14,19,6,43,3,0,43,0,46,7,14,62,6,89,4,0,4,93
01/03/2003,BRO,TX,ASW,CE,Federal Contract Tower,4,44,18,7,73,0,0,36,1,37,4,44,54,8,110,0,0,0,110
01/04/2003,BRO,TX,ASW,CE,Federal Contract Tower,3,13,16,0,32,0,1,54,0,55,3,14,70,0,87,32,0,32,119
01/05/2003,BRO,TX,ASW,CE,Federal Contract Tower,0,10,15,0,25,0,1,36,0,37,0,11,51,0,62,12,0,12,74
01/06/2003,BRO,TX,ASW,CE,Federal Contract Tower,3,12,20,31,66,0,0,26,1,27,3,12,46,32,93,0,0,0,93
01/07/2003,BRO,TX,ASW,CE,Federal Contract Tower,8,21,14,21,64,0,0,33,1,34,8,21,47,22,98,0,4,4,102
01/08/2003,BRO,TX,ASW,CE,Federal Contract Tower,6,22,20,17,65,0,0,37,1,38,6,22,57,18,103,4,0,4,107
01/09/2003,BRO,TX,ASW,CE,Federal Contract Tower,4,19,15,22,60,0,0,54,0,54,4,19,69,22,114,2,0,2,116
01/10/2003,BRO,TX,ASW,CE,Federal Contract Tower,5,21,8,12,46,0,0,44,0,44,5,21,52,12,90,6,0,6,96
01/11/2003,BRO,TX,ASW,CE,Federal Contract Tower,3,13,7,4,27,0,0,10,0,10,3,13,17,4,37,8,0,8,45
01/12/2003,BRO,TX,ASW,CE,Federal Contract Tower,0,12,21,0,33,0,0,3,0,3,0,12,24,0,36,0,0,0,36
01/13/2003,BRO,TX,ASW,CE,Federal Contract Tower,6,19,26,56,107,0,0,14,0,14,6,19,40,56,121,0,0,0,121
01/14/2003,BRO,TX,ASW,CE,Federal Contract Tower,4,24,22,55,105,0,0,24,0,24,4,24,46,55,129,48,0,48,177
01/15/2003,BRO,TX,ASW,CE,Federal Contract Tower,6,14,10,25,55,0,0,38,0,38,6,14,48,25,93,0,0,0,93
01/16/2003,BRO,TX,ASW,CE,Federal Contract Tower,4,21,37,10,72,0,0,48,0,48,4,21,85,10,120,6,0,6,126
01/17/2003,BRO,TX,ASW,CE,Federal Contract Tower,4,13,14,0,31,0,0,36,0,36,4,13,50,0,67,8,0,8,75
01/18/2003,BRO,TX,ASW,CE,Federal Contract Tower,2,15,13,0,30,0,2,35,0,37,2,17,48,0,67,0,0,0,67
01/19/2003,BRO,TX,ASW,CE,Federal Contract Tower,0,12,15,0,27,0,0,44,0,44,0,12,59,0,71,0,0,0,71
01/20/2003,BRO,TX,ASW,CE,Federal Contract Tower,2,14,14,2,32,0,0,40,2,42,2,14,54,4,74,0,0,0,74
01/21/2003,BRO,TX,ASW,CE,Federal Contract Tower,4,18,25,24,71,0,0,42,0,42,4,18,67,24,113,0,0,0,113
01/22/2003,BRO,TX,ASW,CE,Federal Contract Tower,4,14,30,8,56,0,0,16,0,16,4,14,46,8,72,6,0,6,78
01/23/2003,BRO,TX,ASW,CE,Federal Contract Tower,4,12,21,31,68,0,0,42,0,42,4,12,63,31,110,40,10,50,160
01/24/2003,BRO,TX,ASW,CE,Federal Contract Tower,4,21,15,14,54,0,0,29,0,29,4,21,44,14,83,0,0,0,83
01/25/2003,BRO,TX,ASW,CE,Federal Contract Tower,2,12,17,0,31,0,0,24,0,24,2,12,41,0,55,0,0,0,55
01/26/2003,BRO,TX,ASW,CE,Federal Contract Tower,0,11,8,0,19,0,0,11,0,11,0,11,19,0,30,0,0,0,30
01/27/2003,BRO,TX,ASW,CE,Federal Contract Tower,2,10,23,6,41,0,0,0,6,6,2,10,23,12,47,0,0,0,47
01/28/2003,BRO,TX,ASW,CE,Federal Contract Tower,4,20,25,6,55,0,0,48,0,48,4,20,73,6,103,38,0,38,141
01/29/2003,BRO,TX,ASW,CE,Federal Contract Tower,4,17,32,8,61,0,0,49,0,49,4,17,81,8,110,38,0,38,148
01/30/2003,BRO,TX,ASW,CE,Federal Contract Tower,5,20,17,2,44,0,0,21,0,21,5,20,38,2,65,32,0,32,97
01/31/2003,BRO,TX,ASW,CE,Federal Contract Tower,5,10,17,6,38,0,0,39,0,39,5,10,56,6,77,50,0,50,127
02/01/2003,BRO,TX,ASW,CE,Federal Contract Tower,1,29,11,0,41,1,3,35,0,39,2,32,46,0,80,16,0,16,96
02/02/2003,BRO,TX,ASW,CE,Federal Contract Tower,0,15,5,0,20,0,0,24,0,24,0,15,29,0,44,0,0,0,44
02/03/2003,BRO,TX,ASW,CE,Federal Contract Tower,0,12,9,13,34,2,0,23,12,37,2,12,32,25,71,13,0,13,84
02/04/2003,BRO,TX,ASW,CE,Federal Contract Tower,3,11,14,6,34,1,0,38,0,39,4,11,52,6,73,0,0,0,73
02/05/2003,BRO,TX,ASW,CE,Federal Contract Tower,9,9,19,14,51,0,0,24,0,24,9,9,43,14,75,0,0,0,75
02/06/2003,BRO,TX,ASW,CE,Federal Contract Tower,8,13,15,38,74,0,0,18,0,18,8,13,33,38,92,52,10,62,154
02/07/2003,BRO,TX,ASW,CE,Federal Contract Tower,6,13,23,4,46,0,0,23,0,23,6,13,46,4,69,0,0,0,69
02/08/2003,BRO,TX,ASW,CE,Federal Contract Tower,3,17,12,0,32,0,0,1,0,1,3,17,13,0,33,0,0,0,33
02/09/2003,BRO,TX,ASW,CE,Federal Contract Tower,0,14,17,1,32,0,0,25,0,25,0,14,42,1,57,10,0,10,67
02/10/2003,BRO,TX,ASW,CE,Federal Contract Tower,4,11,13,17,45,0,0,57,0,57,4,11,70,17,102,10,0,10,112
02/11/2003,BRO,TX,ASW,CE,Federal Contract Tower,5,15,19,24,63,0,0,33,0,33,5,15,52,24,96,10,0,10,106
02/12/2003,BRO,TX,ASW,CE,Federal Contract Tower,4,16,21,20,61,0,0,29,0,29,4,16,50,20,90,10,0,10,100
02/13/2003,BRO,TX,ASW,CE,Federal Contract Tower,6,13,22,14,55,0,0,27,0,27,6,13,49,14,82,0,0,0,82
02/14/2003,BRO,TX,ASW,CE,Federal Contract Tower,4,13,15,4,36,0,0,20,0,20,4,13,35,4,56,6,0,6,62
02/15/2003,BRO,TX,ASW,CE,Federal Contract Tower,2,19,7,0,28,0,1,20,0,21,2,20,27,0,49,20,0,20,69
02/16/2003,BRO,TX,ASW,CE,Federal Contract Tower,0,10,17,0,27,0,0,23,0,23,0,10,40,0,50,0,0,0,50
02/17/2003,BRO,TX,ASW,CE,Federal Contract Tower,2,8,15,0,25,0,0,37,0,37,2,8,52,0,62,40,0,40,102
02/18/2003,BRO,TX,ASW,CE,Federal Contract Tower,4,15,12,8,39,0,0,30,0,30,4,15,42,8,69,0,10,10,79
02/19/2003,BRO,TX,ASW,CE,Federal Contract Tower,4,16,21,14,55,0,0,22,0,22,4,16,43,14,77,20,10,30,107
02/20/2003,BRO,TX,ASW,CE,Federal Contract Tower,4,14,17,8,43,0,0,27,0,27,4,14,44,8,70,0,0,0,70
02/21/2003,BRO,TX,ASW,CE,Federal Contract Tower,4,15,19,10,48,0,0,26,0,26,4,15,45,10,74,2,0,2,76
02/22/2003,BRO,TX,ASW,CE,Federal Contract Tower,2,18,13,0,33,0,0,64,0,64,2,18,77,0,97,16,0,16,113
02/23/2003,BRO,TX,ASW,CE,Federal Contract Tower,0,13,13,0,26,0,5,37,0,42,0,18,50,0,68,10,0,10,78
02/24/2003,BRO,TX,ASW,CE,Federal Contract Tower,2,14,18,9,43,0,0,30,17,47,2,14,48,26,90,26,0,26,116
02/25/2003,BRO,TX,ASW,CE,Federal Contract Tower,4,19,18,0,41,0,0,15,0,15,4,19,33,0,56,0,0,0,56
02/26/2003,BRO,TX,ASW,CE,Federal Contract Tower,8,24,18,22,72,0,0,22,0,22,8,24,40,22,94,0,0,0,94
02/27/2003,BRO,TX,ASW,CE,Federal Contract Tower,8,22,25,14,69,0,0,42,15,57,8,22,67,29,126,22,0,22,148
02/28/2003,BRO,TX,ASW,CE,Federal Contract Tower,4,19,30,4,57,0,0,18,8,26,4,19,48,12,83,26,0,26,109
03/01/2003,BRO,TX,ASW,CE,Federal Contract Tower,1,16,9,0,26,1,0,18,0,19,2,16,27,0,45,14,0,14,59
03/02/2003,BRO,TX,ASW,CE,Federal Contract Tower,0,17,21,0,38,0,0,18,0,18,0,17,39,0,56,20,0,20,76
03/03/2003,BRO,TX,ASW,CE,Federal Contract Tower,2,16,12,12,42,0,0,12,0,12,2,16,24,12,54,0,0,0,54
03/04/2003,BRO,TX,ASW,CE,Federal Contract Tower,4,8,22,22,56,0,0,8,0,8,4,8,30,22,64,10,4,14,78
03/05/2003,BRO,TX,ASW,CE,Federal Contract Tower,5,7,7,2,21,0,0,23,0,23,5,7,30,2,44,30,0,30,74
03/06/2003,BRO,TX,ASW,CE,Federal Contract Tower,5,12,23,8,48,0,0,11,5,16,5,12,34,13,64,0,6,6,70
03/07/2003,BRO,TX,ASW,CE,Federal Contract Tower,4,11,19,8,42,0,1,37,15,53,4,12,56,23,95,0,0,0,95
03/08/2003,BRO,TX,ASW,CE,Federal Contract Tower,2,16,13,0,31,0,0,30,0,30,2,16,43,0,61,4,0,4,65
03/09/2003,BRO,TX,ASW,CE,Federal Contract Tower,0,13,29,5,47,0,0,27,0,27,0,13,56,5,74,6,0,6,80
03/10/2003,BRO,TX,ASW,CE,Federal Contract Tower,2,9,10,25,46,0,0,12,0,12,2,9,22,25,58,0,0,0,58
03/11/2003,BRO,TX,ASW,CE,Federal Contract Tower,4,15,14,28,61,0,0,22,0,22,4,15,36,28,83,0,0,0,83
03/12/2003,BRO,TX,ASW,CE,Federal Contract Tower,5,21,16,22,64,0,0,42,0,42,5,21,58,22,106,0,0,0,106
03/13/2003,BRO,TX,ASW,CE,Federal Contract Tower,4,11,19,35,69,0,1,38,0,39,4,12,57,35,108,22,0,22,130
03/14/2003,BRO,TX,ASW,CE,Federal Contract Tower,5,12,24,28,69,0,0,30,0,30,5,12,54,28,99,0,0,0,99
03/15/2003,BRO,TX,ASW,CE,Federal Contract Tower,2,16,9,0,27,0,0,25,0,25,2,16,34,0,52,44,0,44,96
03/16/2003,BRO,TX,ASW,CE,Federal Contract Tower,0,11,7,0,18,0,0,31,0,31,0,11,38,0,49,22,0,22,71
03/17/2003,BRO,TX,ASW,CE,Federal Contract Tower,4,15,28,50,97,0,4,33,0,37,4,19,61,50,134,36,12,48,182
03/18/2003,BRO,TX,ASW,CE,Federal Contract Tower,2,10,27,30,69,0,0,51,0,51,2,10,78,30,120,0,0,0,120
03/19/2003,BRO,TX,ASW,CE,Federal Contract Tower,4,11,20,22,57,0,0,56,0,56,4,11,76,22,113,0,6,6,119
03/20/2003,BRO,TX,ASW,CE,Federal Contract Tower,4,9,15,14,42,0,1,45,0,46,4,10,60,14,88,0,12,12,100
03/21/2003,BRO,TX,ASW,CE,Federal Contract Tower,4,11,14,14,43,0,2,37,0,39,4,13,51,14,82,0,0,0,82
03/22/2003,BRO,TX,ASW,CE,Federal Contract Tower,2,17,10,0,29,0,0,27,0,27,2,17,37,0,56,32,0,32,88
03/23/2003,BRO,TX,ASW,CE,Federal Contract Tower,0,16,10,2,28,0,0,34,0,34,0,16,44,2,62,6,10,16,78
03/24/2003,BRO,TX,ASW,CE,Federal Contract Tower,2,11,23,25,61,0,0,10,5,15,2,11,33,30,76,24,0,24,100
03/25/2003,BRO,TX,ASW,CE,Federal Contract Tower,4,11,25,48,88,0,0,25,0,25,4,11,50,48,113,10,4,14,127
03/26/2003,BRO,TX,ASW,CE,Federal Contract Tower,3,11,14,32,60,0,0,47,0,47,3,11,61,32,107,16,2,18,125
03/27/2003,BRO,TX,ASW,CE,Federal Contract Tower,4,9,22,26,61,0,0,19,0,19,4,9,41,26,80,0,0,0,80
03/28/2003,BRO,TX,ASW,CE,Federal Contract Tower,4,9,20,28,61,0,0,45,0,45,4,9,65,28,106,2,0,2,108
03/29/2003,BRO,TX,ASW,CE,Federal Contract Tower,2,18,12,2,34,0,0,24,0,24,2,18,36,2,58,0,0,0,58
03/30/2003,BRO,TX,ASW,CE,Federal Contract Tower,0,10,8,4,22,0,0,45,0,45,0,10,53,4,67,30,0,30,97
03/31/2003,BRO,TX,ASW,CE,Federal Contract Tower,2,11,16,56,85,0,0,37,0,37,2,11,53,56,122,0,0,0,122
04/01/2003,BRO,TX,ASW,CE,Federal Contract Tower,5,10,15,36,66,0,0,17,0,17,5,10,32,36,83,0,0,0,83
04/02/2003,BRO,TX,ASW,CE,Federal Contract Tower,4,15,20,12,51,0,0,34,0,34,4,15,54,12,85,0,0,0,85
04/03/2003,BRO,TX,ASW,CE,Federal Contract Tower,4,9,20,12,45,0,0,40,0,40,4,9,60,12,85,9,0,9,94
04/04/2003,BRO,TX,ASW,CE,Federal Contract Tower,4,12,19,0,35,0,0,31,0,31,4,12,50,0,66,18,0,18,84
04/05/2003,BRO,TX,ASW,CE,Federal Contract Tower,2,12,15,3,32,0,0,36,6,42,2,12,51,9,74,30,0,30,104
04/06/2003,BRO,TX,ASW,CE,Federal Contract Tower,0,10,16,0,26,0,0,33,0,33,0,10,49,0,59,0,0,0,59
04/07/2003,BRO,TX,ASW,CE,Federal Contract Tower,2,14,19,18,53,0,0,11,0,11,2,14,30,18,64,14,0,14,78
04/08/2003,BRO,TX,ASW,CE,Federal Contract Tower,4,7,16,6,33,0,0,6,0,6,4,7,22,6,39,0,0,0,39
04/09/2003,BRO,TX,ASW,CE,Federal Contract Tower,4,10,20,20,54,0,0,40,0,40,4,10,60,20,94,6,0,6,100
04/10/2003,BRO,TX,ASW,CE,Federal Contract Tower,4,15,17,20,56,0,0,34,0,34,4,15,51,20,90,24,0,24,114
04/11/2003,BRO,TX,ASW,CE,Federal Contract Tower,5,12,29,10,56,0,0,40,0,40,5,12,69,10,96,2,0,2,98
04/12/2003,BRO,TX,ASW,CE,Federal Contract Tower,3,14,19,0,36,0,0,65,0,65,3,14,84,0,101,2,0,2,103
04/13/2003,BRO,TX,ASW,CE,Federal Contract Tower,0,21,30,5,56,0,0,28,0,28,0,21,58,5,84,10,0,10,94
04/14/2003,BRO,TX,ASW,CE,Federal Contract Tower,2,9,15,29,55,0,0,14,0,14,2,9,29,29,69,0,0,0,69
04/15/2003,BRO,TX,ASW,CE,Federal Contract Tower,4,14,21,22,61,0,0,17,0,17,4,14,38,22,78,0,0,0,78
04/16/2003,BRO,TX,ASW,CE,Federal Contract Tower,4,14,33,20,71,0,0,39,0,39,4,14,72,20,110,10,4,14,124
04/17/2003,BRO,TX,ASW,CE,Federal Contract Tower,4,13,22,22,61,0,0,37,0,37,4,13,59,22,98,10,0,10,108
04/18/2003,BRO,TX,ASW,CE,Federal Contract Tower,4,11,17,2,34,0,0,29,0,29,4,11,46,2,63,10,0,10,73
04/19/2003,BRO,TX,ASW,CE,Federal Contract Tower,2,14,13,0,29,0,0,0,0,0,2,14,13,0,29,0,0,0,29
04/20/2003,BRO,TX,ASW,CE,Federal Contract Tower,0,17,35,0,52,0,4,3,0,7,0,21,38,0,59,0,0,0,59
04/21/2003,BRO,TX,ASW,CE,Federal Contract Tower,2,19,27,16,64,1,2,4,0,7,3,21,31,16,71,20,0,20,91
04/22/2003,BRO,TX,ASW,CE,Federal Contract Tower,4,9,15,14,42,0,0,15,0,15,4,9,30,14,57,10,0,10,67
04/23/2003,BRO,TX,ASW,CE,Federal Contract Tower,4,10,29,22,65,0,0,30,0,30,4,10,59,22,95,0,0,0,95
04/24/2003,BRO,TX,ASW,CE,Federal Contract Tower,4,14,21,32,71,0,1,44,0,45,4,15,65,32,116,0,2,2,118
04/25/2003,BRO,TX,ASW,CE,Federal Contract Tower,4,12,19,12,47,0,0,49,0,49,4,12,68,12,96,4,0,4,100
04/26/2003,BRO,TX,ASW,CE,Federal Contract Tower,2,19,8,0,29,0,0,18,0,18,2,19,26,0,47,2,0,2,49
04/27/2003,BRO,TX,ASW,CE,Federal Contract Tower,0,13,10,0,23,0,0,12,0,12,0,13,22,0,35,0,0,0,35
04/28/2003,BRO,TX,ASW,CE,Federal Contract Tower,2,12,12,18,44,0,0,7,0,7,2,12,19,18,51,10,0,10,61
04/29/2003,BRO,TX,ASW,CE,Federal Contract Tower,3,8,26,42,79,0,0,22,0,22,3,8,48,42,101,10,0,10,111
04/30/2003,BRO,TX,ASW,CE,Federal Contract Tower,4,20,24,13,61,0,0,28,0,28,4,20,52,13,89,2,0,2,91
05/01/2003,BRO,TX,ASW,CE,Federal Contract Tower,4,16,23,12,55,0,0,41,0,41,4,16,64,12,96,6,0,6,102
05/02/2003,BRO,TX,ASW,CE,Federal Contract Tower,5,20,9,4,38,0,0,27,0,27,5,20,36,4,65,10,0,10,75
05/03/2003,BRO,TX,ASW,CE,Federal Contract Tower,4,17,6,4,31,0,0,19,0,19,4,17,25,4,50,0,0,0,50
05/04/2003,BRO,TX,ASW,CE,Federal Contract Tower,0,15,5,6,26,0,0,10,0,10,0,15,15,6,36,0,0,0,36
05/05/2003,BRO,TX,ASW,CE,Federal Contract Tower,2,12,12,4,30,0,0,16,0,16,2,12,28,4,46,0,0,0,46
05/06/2003,BRO,TX,ASW,CE,Federal Contract Tower,4,11,15,6,36,0,0,41,0,41,4,11,56,6,77,0,0,0,77
05/07/2003,BRO,TX,ASW,CE,Federal Contract Tower,4,12,11,20,47,0,0,35,0,35,4,12,46,20,82,0,26,26,108
05/08/2003,BRO,TX,ASW,CE,Federal Contract Tower,4,19,17,14,54,0,0,25,0,25,4,19,42,14,79,6,0,6,85
05/09/2003,BRO,TX,ASW,CE,Federal Contract Tower,4,15,13,12,44,0,0,15,0,15,4,15,28,12,59,16,0,16,75
05/10/2003,BRO,TX,ASW,CE,Federal Contract Tower,2,15,7,0,24,0,0,19,0,19,2,15,26,0,43,0,0,0,43
05/11/2003,BRO,TX,ASW,CE,Federal Contract Tower,0,13,15,0,28,0,0,16,0,16,0,13,31,0,44,16,0,16,60
05/12/2003,BRO,TX,ASW,CE,Federal Contract Tower,2,14,10,14,40,0,0,9,0,9,2,14,19,14,49,20,0,20,69
05/13/2003,BRO,TX,ASW,CE,Federal Contract Tower,4,15,10,8,37,0,0,32,0,32,4,15,42,8,69,30,0,30,99
05/14/2003,BRO,TX,ASW,CE,Federal Contract Tower,4,18,21,28,71,0,0,31,0,31,4,18,52,28,102,8,0,8,110
05/15/2003,BRO,TX,ASW,CE,Federal Contract Tower,6,18,35,10,69,0,0,40,0,40,6,18,75,10,109,14,0,14,123
05/16/2003,BRO,TX,ASW,CE,Federal Contract Tower,5,9,17,10,41,0,0,32,0,32,5,9,49,10,73,0,0,0,73
05/17/2003,BRO,TX,ASW,CE,Federal Contract Tower,3,20,11,0,34,0,0,37,0,37,3,20,48,0,71,6,0,6,77
05/18/2003,BRO,TX,ASW,CE,Federal Contract Tower,2,16,13,0,31,0,0,30,0,30,2,16,43,0,61,20,0,20,81
05/19/2003,BRO,TX,ASW,CE,Federal Contract Tower,2,15,11,24,52,0,0,22,0,22,2,15,33,24,74,10,14,24,98
05/20/2003,BRO,TX,ASW,CE,Federal Contract Tower,4,10,17,20,51,0,0,22,0,22,4,10,39,20,73,2,2,4,77
05/21/2003,BRO,TX,ASW,CE,Federal Contract Tower,6,22,25,30,83,0,0,20,0,20,6,22,45,30,103,6,0,6,109
05/22/2003,BRO,TX,ASW,CE,Federal Contract Tower,4,25,17,14,60,0,0,47,0,47,4,25,64,14,107,0,0,0,107
05/23/2003,BRO,TX,ASW,CE,Federal Contract Tower,3,22,18,6,49,0,0,39,0,39,3,22,57,6,88,4,0,4,92
05/24/2003,BRO,TX,ASW,CE,Federal Contract Tower,1,17,7,0,25,0,0,48,0,48,1,17,55,0,73,10,0,10,83
05/25/2003,BRO,TX,ASW,CE,Federal Contract Tower,0,13,7,0,20,0,0,32,0,32,0,13,39,0,52,0,0,0,52
05/26/2003,BRO,TX,ASW,CE,Federal Contract Tower,0,10,11,0,21,0,0,30,0,30,0,10,41,0,51,4,0,4,55
05/27/2003,BRO,TX,ASW,CE,Federal Contract Tower,3,25,17,28,73,0,0,22,0,22,3,25,39,28,95,32,10,42,137
05/28/2003,BRO,TX,ASW,CE,Federal Contract Tower,4,11,9,10,34,0,0,25,0,25,4,11,34,10,59,12,0,12,71
05/29/2003,BRO,TX,ASW,CE,Federal Contract Tower,4,14,11,42,71,0,0,48,0,48,4,14,59,42,119,8,14,22,141
05/30/2003,BRO,TX,ASW,CE,Federal Contract Tower,3,14,13,24,54,0,0,32,0,32,3,14,45,24,86,4,0,4,90
05/31/2003,BRO,TX,ASW,CE,Federal Contract Tower,4,17,15,0,36,0,0,41,0,41,4,17,56,0,77,14,0,14,91
06/01/2003,BRO,TX,ASW,CE,Federal Contract Tower,0,12,11,4,27,0,0,20,0,20,0,12,31,4,47,0,0,0,47
06/02/2003,BRO,TX,ASW,CE,Federal Contract Tower,2,9,12,28,51,0,0,8,0,8,2,9,20,28,59,0,0,0,59
06/03/2003,BRO,TX,ASW,CE,Federal Contract Tower,8,17,20,36,81,0,0,41,0,41,8,17,61,36,122,20,0,20,142
06/04/2003,BRO,TX,ASW,CE,Federal Contract Tower,4,12,28,28,72,0,0,23,0,23,4,12,51,28,95,24,6,30,125
06/05/2003,BRO,TX,ASW,CE,Federal Contract Tower,5,11,20,10,46,0,0,36,0,36,5,11,56,10,82,4,0,4,86
06/06/2003,BRO,TX,ASW,CE,Federal Contract Tower,4,12,9,10,35,0,0,25,0,25,4,12,34,10,60,2,0,2,62
06/07/2003,BRO,TX,ASW,CE,Federal Contract Tower,2,14,12,0,28,0,0,30,0,30,2,14,42,0,58,4,0,4,62
06/08/2003,BRO,TX,ASW,CE,Federal Contract Tower,0,10,19,0,29,0,0,23,0,23,0,10,42,0,52,0,0,0,52
06/09/2003,BRO,TX,ASW,CE,Federal Contract Tower,2,13,8,34,57,0,0,36,0,36,2,13,44,34,93,0,0,0,93
06/10/2003,BRO,TX,ASW,CE,Federal Contract Tower,4,15,9,21,49,0,0,28,0,28,4,15,37,21,77,2,0,2,79
06/11/2003,BRO,TX,ASW,CE,Federal Contract Tower,4,15,22,54,95,0,0,29,0,29,4,15,51,54,124,0,0,0,124
06/12/2003,BRO,TX,ASW,CE,Federal Contract Tower,4,15,17,34,70,0,0,25,0,25,4,15,42,34,95,0,0,0,95
06/13/2003,BRO,TX,ASW,CE,Federal Contract Tower,5,12,16,20,53,0,0,36,0,36,5,12,52,20,89,6,0,6,95
06/14/2003,BRO,TX,ASW,CE,Federal Contract Tower,6,16,11,0,33,0,0,20,0,20,6,16,31,0,53,0,0,0,53
06/15/2003,BRO,TX,ASW,CE,Federal Contract Tower,0,12,9,0,21,0,0,8,0,8,0,12,17,0,29,6,0,6,35
06/16/2003,BRO,TX,ASW,CE,Federal Contract Tower,2,12,19,34,67,0,0,35,1,36,2,12,54,35,103,14,0,14,117
06/17/2003,BRO,TX,ASW,CE,Federal Contract Tower,3,13,20,40,76,0,0,37,0,37,3,13,57,40,113,0,20,20,133
06/18/2003,BRO,TX,ASW,CE,Federal Contract Tower,4,17,26,40,87,0,0,63,0,63,4,17,89,40,150,10,0,10,160
06/19/2003,BRO,TX,ASW,CE,Federal Contract Tower,4,12,14,24,54,0,0,43,0,43,4,12,57,24,97,8,0,8,105
06/20/2003,BRO,TX,ASW,CE,Federal Contract Tower,10,13,29,18,70,0,0,42,0,42,10,13,71,18,112,26,0,26,138
06/21/2003,BRO,TX,ASW,CE,Federal Contract Tower,2,14,8,0,24,0,0,28,0,28,2,14,36,0,52,10,0,10,62
06/22/2003,BRO,TX,ASW,CE,Federal Contract Tower,0,13,14,2,29,0,0,11,0,11,0,13,25,2,40,0,0,0,40
06/23/2003,BRO,TX,ASW,CE,Federal Contract Tower,2,11,13,24,50,0,0,23,0,23,2,11,36,24,73,2,0,2,75
06/24/2003,BRO,TX,ASW,CE,Federal Contract Tower,5,11,22,30,68,0,0,31,0,31,5,11,53,30,99,4,0,4,103
06/25/2003,BRO,TX,ASW,CE,Federal Contract Tower,9,16,21,41,87,0,0,40,0,40,9,16,61,41,127,2,0,2,129
06/26/2003,BRO,TX,ASW,CE,Federal Contract Tower,6,11,6,27,50,0,0,56,0,56,6,11,62,27,106,0,10,10,116
06/27/2003,BRO,TX,ASW,CE,Federal Contract Tower,4,12,12,8,36,0,0,25,0,25,4,12,37,8,61,8,0,8,69
06/28/2003,BRO,TX,ASW,CE,Federal Contract Tower,2,20,10,0,32,0,0,23,0,23,2,20,33,0,55,6,0,6,61
06/29/2003,BRO,TX,ASW,CE,Federal Contract Tower,0,15,8,0,23,0,0,24,0,24,0,15,32,0,47,10,0,10,57
06/30/2003,BRO,TX,ASW,CE,Federal Contract Tower,2,14,13,38,67,0,0,32,0,32,2,14,45,38,99,46,0,46,145
07/01/2003,BRO,TX,ASW,CE,Federal Contract Tower,4,18,6,52,80,0,0,49,0,49,4,18,55,52,129,10,0,10,139
07/02/2003,BRO,TX,ASW,CE,Federal Contract Tower,4,16,12,18,50,0,0,43,0,43,4,16,55,18,93,16,0,16,109
07/03/2003,BRO,TX,ASW,CE,Federal Contract Tower,3,18,15,0,36,0,0,38,0,38,3,18,53,0,74,2,0,2,76
07/04/2003,BRO,TX,ASW,CE,Federal Contract Tower,1,8,15,0,24,0,0,26,0,26,1,8,41,0,50,6,0,6,56
07/05/2003,BRO,TX,ASW,CE,Federal Contract Tower,0,19,10,0,29,0,0,16,2,18,0,19,26,2,47,0,0,0,47
07/06/2003,BRO,TX,ASW,CE,Federal Contract Tower,0,11,14,0,25,0,0,22,0,22,0,11,36,0,47,2,0,2,49
07/07/2003,BRO,TX,ASW,CE,Federal Contract Tower,2,15,14,8,39,0,0,15,0,15,2,15,29,8,54,0,0,0,54
07/08/2003,BRO,TX,ASW,CE,Federal Contract Tower,4,9,13,4,30,0,0,25,0,25,4,9,38,4,55,4,0,4,59
07/09/2003,BRO,TX,ASW,CE,Federal Contract Tower,6,17,22,38,83,0,0,36,0,36,6,17,58,38,119,14,0,14,133
07/10/2003,BRO,TX,ASW,CE,Federal Contract Tower,4,18,11,22,55,0,0,37,0,37,4,18,48,22,92,10,0,10,102
07/11/2003,BRO,TX,ASW,CE,Federal Contract Tower,6,12,10,14,42,0,0,66,0,66,6,12,76,14,108,6,0,6,114
07/12/2003,BRO,TX,ASW,CE,Federal Contract Tower,5,14,8,0,27,0,0,54,0,54,5,14,62,0,81,22,0,22,103
07/13/2003,BRO,TX,ASW,CE,Federal Contract Tower,0,18,13,0,31,0,1,30,0,31,0,19,43,0,62,2,0,2,64
07/14/2003,BRO,TX,ASW,CE,Federal Contract Tower,3,12,14,4,33,0,0,17,0,17,3,12,31,4,50,0,0,0,50
07/15/2003,BRO,TX,ASW,CE,Federal Contract Tower,4,12,0,0,16,0,0,14,0,14,4,12,14,0,30,0,0,0,30
07/16/2003,BRO,TX,ASW,CE,Federal Contract Tower,4,9,7,0,20,0,0,23,0,23,4,9,30,0,43,0,0,0,43
07/17/2003,BRO,TX,ASW,CE,Federal Contract Tower,7,25,13,14,59,0,0,31,0,31,7,25,44,14,90,10,0,10,100
07/18/2003,BRO,TX,ASW,CE,Federal Contract Tower,4,20,8,20,52,0,0,33,0,33,4,20,41,20,85,6,0,6,91
07/19/2003,BRO,TX,ASW,CE,Federal Contract Tower,2,21,13,0,36,0,0,48,0,48,2,21,61,0,84,36,0,36,120
07/20/2003,BRO,TX,ASW,CE,Federal Contract Tower,0,18,16,2,36,0,0,26,0,26,0,18,42,2,62,44,0,44,106
07/21/2003,BRO,TX,ASW,CE,Federal Contract Tower,2,18,14,30,64,0,0,40,0,40,2,18,54,30,104,16,0,16,120
07/22/2003,BRO,TX,ASW,CE,Federal Contract Tower,4,15,10,18,47,0,0,29,0,29,4,15,39,18,76,2,0,2,78
07/23/2003,BRO,TX,ASW,CE,Federal Contract Tower,6,22,18,48,94,0,0,56,0,56,6,22,74,48,150,0,0,0,150
07/24/2003,BRO,TX,ASW,CE,Federal Contract Tower,5,12,34,38,89,0,0,33,0,33,5,12,67,38,122,24,0,24,146
07/25/2003,BRO,TX,ASW,CE,Federal Contract Tower,6,13,15,12,46,0,0,43,0,43,6,13,58,12,89,6,0,6,95
07/26/2003,BRO,TX,ASW,CE,Federal Contract Tower,2,17,6,1,26,0,0,45,0,45,2,17,51,1,71,6,0,6,77
07/27/2003,BRO,TX,ASW,CE,Federal Contract Tower,0,17,18,0,35,0,0,22,0,22,0,17,40,0,57,0,0,0,57
07/28/2003,BRO,TX,ASW,CE,Federal Contract Tower,3,25,10,4,42,0,0,25,0,25,3,25,35,4,67,2,0,2,69
07/29/2003,BRO,TX,ASW,CE,Federal Contract Tower,4,20,13,8,45,0,0,23,0,23,4,20,36,8,68,0,0,0,68
07/30/2003,BRO,TX,ASW,CE,Federal Contract Tower,4,19,24,38,85,0,0,50,0,50,4,19,74,38,135,8,0,8,143
07/31/2003,BRO,TX,ASW,CE,Federal Contract Tower,4,24,33,38,99,0,0,38,0,38,4,24,71,38,137,0,0,0,137
08/01/2003,BRO,TX,ASW,CE,Federal Contract Tower,4,16,15,16,51,0,0,48,0,48,4,16,63,16,99,4,0,4,103
08/02/2003,BRO,TX,ASW,CE,Federal Contract Tower,2,24,12,0,38,0,0,25,0,25,2,24,37,0,63,6,0,6,69
08/03/2003,BRO,TX,ASW,CE,Federal Contract Tower,0,26,14,0,40,0,0,17,0,17,0,26,31,0,57,0,0,0,57
08/04/2003,BRO,TX,ASW,CE,Federal Contract Tower,4,19,9,38,70,0,0,46,0,46,4,19,55,38,116,2,0,2,118
08/05/2003,BRO,TX,ASW,CE,Federal Contract Tower,4,14,20,18,56,0,0,32,0,32,4,14,52,18,88,12,0,12,100
08/06/2003,BRO,TX,ASW,CE,Federal Contract Tower,6,16,14,10,46,0,0,35,0,35,6,16,49,10,81,20,0,20,101
08/07/2003,BRO,TX,ASW,CE,Federal Contract Tower,4,20,14,24,62,0,0,42,0,42,4,20,56,24,104,6,0,6,110
08/08/2003,BRO,TX,ASW,CE,Federal Contract Tower,4,25,12,0,41,0,0,43,0,43,4,25,55,0,84,18,0,18,102
08/09/2003,BRO,TX,ASW,CE,Federal Contract Tower,2,21,8,0,31,0,0,39,0,39,2,21,47,0,70,6,0,6,76
08/10/2003,BRO,TX,ASW,CE,Federal Contract Tower,0,19,17,0,36,0,0,23,0,23,0,19,40,0,59,18,0,18,77
08/11/2003,BRO,TX,ASW,CE,Federal Contract Tower,2,14,12,16,44,0,0,23,0,23,2,14,35,16,67,24,0,24,91
08/12/2003,BRO,TX,ASW,CE,Federal Contract Tower,4,14,13,20,51,0,0,27,0,27,4,14,40,20,78,4,0,4,82
08/13/2003,BRO,TX,ASW,CE,Federal Contract Tower,4,16,24,15,59,0,0,44,0,44,4,16,68,15,103,2,0,2,105
08/14/2003,BRO,TX,ASW,CE,Federal Contract Tower,4,18,19,22,63,0,0,28,0,28,4,18,47,22,91,8,0,8,99
08/15/2003,BRO,TX,ASW,CE,Federal Contract Tower,4,21,14,2,41,0,0,13,0,13,4,21,27,2,54,0,0,0,54
08/16/2003,BRO,TX,ASW,CE,Federal Contract Tower,1,18,3,1,23,0,0,0,0,0,1,18,3,1,23,0,0,0,23
08/17/2003,BRO,TX,ASW,CE,Federal Contract Tower,0,13,3,0,16,0,0,25,0,25,0,13,28,0,41,0,0,0,41
08/18/2003,BRO,TX,ASW,CE,Federal Contract Tower,3,11,6,30,50,0,0,42,0,42,3,11,48,30,92,6,0,6,98
08/19/2003,BRO,TX,ASW,CE,Federal Contract Tower,3,9,8,46,66,0,0,31,0,31,3,9,39,46,97,13,0,13,110
08/20/2003,BRO,TX,ASW,CE,Federal Contract Tower,5,15,16,34,70,0,0,40,0,40,5,15,56,34,110,38,14,52,162
08/21/2003,BRO,TX,ASW,CE,Federal Contract Tower,4,21,16,14,55,0,0,58,0,58,4,21,74,14,113,0,0,0,113
08/22/2003,BRO,TX,ASW,CE,Federal Contract Tower,4,18,20,19,61,0,0,44,0,44,4,18,64,19,105,0,4,4,109
08/23/2003,BRO,TX,ASW,CE,Federal Contract Tower,2,17,5,0,24,0,0,29,0,29,2,17,34,0,53,16,0,16,69
08/24/2003,BRO,TX,ASW,CE,Federal Contract Tower,0,13,15,0,28,0,0,27,0,27,0,13,42,0,55,26,0,26,81
08/25/2003,BRO,TX,ASW,CE,Federal Contract Tower,2,17,8,43,70,0,0,33,0,33,2,17,41,43,103,9,0,9,112
08/26/2003,BRO,TX,ASW,CE,Federal Contract Tower,4,15,15,38,72,0,0,27,0,27,4,15,42,38,99,4,0,4,103
08/27/2003,BRO,TX,ASW,CE,Federal Contract Tower,6,14,19,36,75,0,0,38,0,38,6,14,57,36,113,8,0,8,121
08/28/2003,BRO,TX,ASW,CE,Federal Contract Tower,4,10,22,35,71,0,0,41,0,41,4,10,63,35,112,0,0,0,112
08/29/2003,BRO,TX,ASW,CE,Federal Contract Tower,2,11,13,14,40,0,0,50,0,50,2,11,63,14,90,14,0,14,104
08/30/2003,BRO,TX,ASW,CE,Federal Contract Tower,0,12,15,0,27,0,0,29,0,29,0,12,44,0,56,2,0,2,58
08/31/2003,BRO,TX,ASW,CE,Federal Contract Tower,0,12,5,0,17,0,0,16,0,16,0,12,21,0,33,61,0,61,94
09/01/2003,BRO,TX,ASW,CE,Federal Contract Tower,0,12,11,0,23,0,0,18,0,18,0,12,29,0,41,14,0,14,55
09/02/2003,BRO,TX,ASW,CE,Federal Contract Tower,3,17,13,28,61,0,0,17,0,17,3,17,30,28,78,18,12,30,108
09/03/2003,BRO,TX,ASW,CE,Federal Contract Tower,4,11,10,15,40,0,0,23,0,23,4,11,33,15,63,10,0,10,73
09/04/2003,BRO,TX,ASW,CE,Federal Contract Tower,4,13,13,28,58,0,0,49,0,49,4,13,62,28,107,12,0,12,119
09/05/2003,BRO,TX,ASW,CE,Federal Contract Tower,4,11,14,16,45,0,0,16,0,16,4,11,30,16,61,0,0,0,61
09/06/2003,BRO,TX,ASW,CE,Federal Contract Tower,2,14,7,0,23,0,0,43,0,43,2,14,50,0,66,6,0,6,72
09/07/2003,BRO,TX,ASW,CE,Federal Contract Tower,0,15,17,0,32,0,0,19,0,19,0,15,36,0,51,14,0,14,65
09/08/2003,BRO,TX,ASW,CE,Federal Contract Tower,2,11,19,38,70,0,0,34,0,34,2,11,53,38,104,10,0,10,114
09/09/2003,BRO,TX,ASW,CE,Federal Contract Tower,4,8,11,14,37,0,0,28,0,28,4,8,39,14,65,8,0,8,73
09/10/2003,BRO,TX,ASW,CE,Federal Contract Tower,4,12,15,20,51,0,0,34,0,34,4,12,49,20,85,0,4,4,89
09/11/2003,BRO,TX,ASW,CE,Federal Contract Tower,4,16,11,38,69,0,0,35,0,35,4,16,46,38,104,6,0,6,110
09/12/2003,BRO,TX,ASW,CE,Federal Contract Tower,6,23,23,0,52,0,0,23,0,23,6,23,46,0,75,0,0,0,75
09/13/2003,BRO,TX,ASW,CE,Federal Contract Tower,2,17,12,2,33,0,0,68,0,68,2,17,80,2,101,10,0,10,111
09/14/2003,BRO,TX,ASW,CE,Federal Contract Tower,0,11,4,1,16,0,0,17,0,17,0,11,21,1,33,10,0,10,43
09/15/2003,BRO,TX,ASW,CE,Federal Contract Tower,4,9,11,9,33,0,0,22,0,22,4,9,33,9,55,0,0,0,55
09/16/2003,BRO,TX,ASW,CE,Federal Contract Tower,6,25,28,6,65,0,0,38,0,38,6,25,66,6,103,16,0,16,119
09/17/2003,BRO,TX,ASW,CE,Federal Contract Tower,5,18,20,22,65,0,0,50,0,50,5,18,70,22,115,0,0,0,115
09/18/2003,BRO,TX,ASW,CE,Federal Contract Tower,10,15,10,2,37,0,0,24,0,24,10,15,34,2,61,26,0,26,87
09/19/2003,BRO,TX,ASW,CE,Federal Contract Tower,4,9,15,2,30,0,0,1,0,1,4,9,16,2,31,0,0,0,31
09/20/2003,BRO,TX,ASW,CE,Federal Contract Tower,2,10,8,0,20,0,0,27,0,27,2,10,35,0,47,0,0,0,47
09/21/2003,BRO,TX,ASW,CE,Federal Contract Tower,0,12,6,0,18,0,0,6,0,6,0,12,12,0,24,2,0,2,26
09/22/2003,BRO,TX,ASW,CE,Federal Contract Tower,5,19,14,35,73,0,0,19,0,19,5,19,33,35,92,4,0,4,96
09/23/2003,BRO,TX,ASW,CE,Federal Contract Tower,4,11,3,9,27,0,1,74,31,106,4,12,77,40,133,2,4,6,139
09/24/2003,BRO,TX,ASW,CE,Federal Contract Tower,4,11,18,22,55,0,0,47,0,47,4,11,65,22,102,30,0,30,132
09/25/2003,BRO,TX,ASW,CE,Federal Contract Tower,6,13,16,44,79,0,0,39,0,39,6,13,55,44,118,0,0,0,118
09/26/2003,BRO,TX,ASW,CE,Federal Contract Tower,3,19,16,0,38,0,0,30,0,30,3,19,46,0,68,9,0,9,77
09/27/2003,BRO,TX,ASW,CE,Federal Contract Tower,2,14,12,0,28,0,0,33,0,33,2,14,45,0,61,12,0,12,73
09/28/2003,BRO,TX,ASW,CE,Federal Contract Tower,0,15,13,0,28,0,0,27,0,27,0,15,40,0,55,4,0,4,59
09/29/2003,BRO,TX,ASW,CE,Federal Contract Tower,2,13,5,6,26,0,0,15,0,15,2,13,20,6,41,9,0,9,50
09/30/2003,BRO,TX,ASW,CE,Federal Contract Tower,4,9,15,4,32,0,0,34,4,38,4,9,49,8,70,6,10,16,86
10/01/2003,BRO,TX,ASW,CE,Federal Contract Tower,4,13,10,40,67,0,0,37,0,37,4,13,47,40,104,2,0,2,106
10/02/2003,BRO,TX,ASW,CE,Federal Contract Tower,4,15,17,30,66,0,0,48,0,48,4,15,65,30,114,20,2,22,136
10/03/2003,BRO,TX,ASW,CE,Federal Contract Tower,6,13,14,4,37,0,0,32,0,32,6,13,46,4,69,10,20,30,99
10/04/2003,BRO,TX,ASW,CE,Federal Contract Tower,2,10,8,2,22,0,0,26,0,26,2,10,34,2,48,30,0,30,78
10/05/2003,BRO,TX,ASW,CE,Federal Contract Tower,0,10,15,0,25,0,0,27,0,27,0,10,42,0,52,44,0,44,96
10/06/2003,BRO,TX,ASW,CE,Federal Contract Tower,4,9,9,21,43,0,0,20,0,20,4,9,29,21,63,21,0,21,84
10/07/2003,BRO,TX,ASW,CE,Federal Contract Tower,4,18,8,51,81,0,0,19,0,19,4,18,27,51,100,23,0,23,123
10/08/2003,BRO,TX,ASW,CE,Federal Contract Tower,3,22,19,40,84,0,0,22,0,22,3,22,41,40,106,26,0,26,132
10/09/2003,BRO,TX,ASW,CE,Federal Contract Tower,4,20,6,43,73,0,0,21,0,21,4,20,27,43,94,14,0,14,108
10/10/2003,BRO,TX,ASW,CE,Federal Contract Tower,4,11,27,9,51,0,0,34,10,44,4,11,61,19,95,18,0,18,113
10/11/2003,BRO,TX,ASW,CE,Federal Contract Tower,4,12,6,0,22,0,0,40,0,40,4,12,46,0,62,28,0,28,90
10/12/2003,BRO,TX,ASW,CE,Federal Contract Tower,0,13,11,0,24,0,0,10,0,10,0,13,21,0,34,0,0,0,34
10/13/2003,BRO,TX,ASW,CE,Federal Contract Tower,2,16,15,0,33,0,0,38,0,38,2,16,53,0,71,24,0,24,95
10/14/2003,BRO,TX,ASW,CE,Federal Contract Tower,2,9,7,14,32,0,0,15,0,15,2,9,22,14,47,0,0,0,47
10/15/2003,BRO,TX,ASW,CE,Federal Contract Tower,7,12,12,44,75,0,0,28,0,28,7,12,40,44,103,26,0,26,129
10/16/2003,BRO,TX,ASW,CE,Federal Contract Tower,4,14,17,30,65,0,0,19,0,19,4,14,36,30,84,19,0,19,103
10/17/2003,BRO,TX,ASW,CE,Federal Contract Tower,11,12,15,23,61,0,0,27,0,27,11,12,42,23,88,26,32,58,146
10/18/2003,BRO,TX,ASW,CE,Federal Contract Tower,2,8,9,0,19,0,0,30,0,30,2,8,39,0,49,14,0,14,63
10/19/2003,BRO,TX,ASW,CE,Federal Contract Tower,0,9,17,0,26,0,0,26,0,26,0,9,43,0,52,0,0,0,52
10/20/2003,BRO,TX,ASW,CE,Federal Contract Tower,4,15,19,30,68,0,0,14,0,14,4,15,33,30,82,6,0,6,88
10/21/2003,BRO,TX,ASW,CE,Federal Contract Tower,4,15,18,43,80,0,0,29,0,29,4,15,47,43,109,4,0,4,113
10/22/2003,BRO,TX,ASW,CE,Federal Contract Tower,4,13,24,56,97,0,0,32,0,32,4,13,56,56,129,40,0,40,169
10/23/2003,BRO,TX,ASW,CE,Federal Contract Tower,4,17,16,64,101,0,0,31,0,31,4,17,47,64,132,22,0,22,154
10/24/2003,BRO,TX,ASW,CE,Federal Contract Tower,4,11,18,14,47,0,0,37,0,37,4,11,55,14,84,37,0,37,121
10/25/2003,BRO,TX,ASW,CE,Federal Contract Tower,2,12,19,0,33,0,0,42,0,42,2,12,61,0,75,8,0,8,83
10/26/2003,BRO,TX,ASW,CE,Federal Contract Tower,0,14,17,2,33,0,0,18,0,18,0,14,35,2,51,0,0,0,51
10/27/2003,BRO,TX,ASW,CE,Federal Contract Tower,2,11,14,35,62,0,0,14,0,14,2,11,28,35,76,0,0,0,76
10/28/2003,BRO,TX,ASW,CE,Federal Contract Tower,4,9,21,22,56,0,0,39,0,39,4,9,60,22,95,10,10,20,115
10/29/2003,BRO,TX,ASW,CE,Federal Contract Tower,4,17,9,18,48,0,0,44,0,44,4,17,53,18,92,32,0,32,124
10/30/2003,BRO,TX,ASW,CE,Federal Contract Tower,4,15,12,6,37,0,0,34,0,34,4,15,46,6,71,0,0,0,71
10/31/2003,BRO,TX,ASW,CE,Federal Contract Tower,4,10,31,16,61,0,0,47,0,47,4,10,78,16,108,26,0,26,134
11/01/2003,BRO,TX,ASW,CE,Federal Contract Tower,2,10,14,0,26,0,0,16,0,16,2,10,30,0,42,8,0,8,50
11/02/2003,BRO,TX,ASW,CE,Federal Contract Tower,0,12,25,0,37,0,0,0,0,0,0,12,25,0,37,6,0,6,43
11/03/2003,BRO,TX,ASW,CE,Federal Contract Tower,2,14,18,7,41,0,0,8,0,8,2,14,26,7,49,0,0,0,49
11/04/2003,BRO,TX,ASW,CE,Federal Contract Tower,4,11,10,23,48,0,0,32,0,32,4,11,42,23,80,0,0,0,80
11/05/2003,BRO,TX,ASW,CE,Federal Contract Tower,4,16,39,23,82,0,0,28,0,28,4,16,67,23,110,10,0,10,120
11/06/2003,BRO,TX,ASW,CE,Federal Contract Tower,7,9,32,16,64,0,0,35,0,35,7,9,67,16,99,14,0,14,113
11/07/2003,BRO,TX,ASW,CE,Federal Contract Tower,4,10,18,8,40,0,0,25,0,25,4,10,43,8,65,58,0,58,123
11/08/2003,BRO,TX,ASW,CE,Federal Contract Tower,2,12,9,3,26,0,0,31,0,31,2,12,40,3,57,22,0,22,79
11/09/2003,BRO,TX,ASW,CE,Federal Contract Tower,0,8,27,3,38,0,0,12,0,12,0,8,39,3,50,15,0,15,65
11/10/2003,BRO,TX,ASW,CE,Federal Contract Tower,4,14,10,8,36,0,0,4,0,4,4,14,14,8,40,2,0,2,42
11/11/2003,BRO,TX,ASW,CE,Federal Contract Tower,8,7,24,2,41,0,0,12,0,12,8,7,36,2,53,20,0,20,73
11/12/2003,BRO,TX,ASW,CE,Federal Contract Tower,6,14,24,5,49,0,0,43,0,43,6,14,67,5,92,6,0,6,98
11/13/2003,BRO,TX,ASW,CE,Federal Contract Tower,4,12,10,8,34,0,0,24,0,24,4,12,34,8,58,0,0,0,58
11/14/2003,BRO,TX,ASW,CE,Federal Contract Tower,4,18,19,19,60,0,0,33,0,33,4,18,52,19,93,12,0,12,105
11/15/2003,BRO,TX,ASW,CE,Federal Contract Tower,2,10,15,0,27,0,0,25,0,25,2,10,40,0,52,38,0,38,90
11/16/2003,BRO,TX,ASW,CE,Federal Contract Tower,0,13,10,0,23,0,0,24,0,24,0,13,34,0,47,4,0,4,51
11/17/2003,BRO,TX,ASW,CE,Federal Contract Tower,3,7,8,28,46,0,0,18,0,18,3,7,26,28,64,0,0,0,64
11/18/2003,BRO,TX,ASW,CE,Federal Contract Tower,6,12,18,6,42,0,0,24,0,24,6,12,42,6,66,0,0,0,66
11/19/2003,BRO,TX,ASW,CE,Federal Contract Tower,4,12,31,22,69,0,0,56,0,56,4,12,87,22,125,11,0,11,136
11/20/2003,BRO,TX,ASW,CE,Federal Contract Tower,4,13,21,22,60,0,0,45,0,45,4,13,66,22,105,10,0,10,115
11/21/2003,BRO,TX,ASW,CE,Federal Contract Tower,4,14,24,2,44,0,0,31,0,31,4,14,55,2,75,4,0,4,79
11/22/2003,BRO,TX,ASW,CE,Federal Contract Tower,2,10,9,0,21,0,0,46,0,46,2,10,55,0,67,14,0,14,81
11/23/2003,BRO,TX,ASW,CE,Federal Contract Tower,0,23,8,0,31,0,0,26,0,26,0,23,34,0,57,10,0,10,67
11/24/2003,BRO,TX,ASW,CE,Federal Contract Tower,4,8,12,38,62,0,0,24,0,24,4,8,36,38,86,0,0,0,86
11/25/2003,BRO,TX,ASW,CE,Federal Contract Tower,7,14,17,40,78,0,0,33,0,33,7,14,50,40,111,24,0,24,135
11/26/2003,BRO,TX,ASW,CE,Federal Contract Tower,7,12,20,4,43,0,0,21,0,21,7,12,41,4,64,14,0,14,78
11/27/2003,BRO,TX,ASW,CE,Federal Contract Tower,2,9,6,0,17,0,0,28,0,28,2,9,34,0,45,10,0,10,55
11/28/2003,BRO,TX,ASW,CE,Federal Contract Tower,1,8,20,0,29,0,0,0,0,0,1,8,20,0,29,10,0,10,39
11/29/2003,BRO,TX,ASW,CE,Federal Contract Tower,4,10,9,1,24,0,0,34,0,34,4,10,43,1,58,31,0,31,89
11/30/2003,BRO,TX,ASW,CE,Federal Contract Tower,0,13,18,0,31,0,0,22,0,22,0,13,40,0,53,0,0,0,53
12/01/2003,BRO,TX,ASW,CE,Federal Contract Tower,4,14,15,16,49,0,0,16,0,16,4,14,31,16,65,0,0,0,65
12/02/2003,BRO,TX,ASW,CE,Federal Contract Tower,6,17,15,40,78,0,0,28,0,28,6,17,43,40,106,20,0,20,126
12/03/2003,BRO,TX,ASW,CE,Federal Contract Tower,4,15,21,44,84,0,0,18,0,18,4,15,39,44,102,20,0,20,122
12/04/2003,BRO,TX,ASW,CE,Federal Contract Tower,8,10,12,6,36,0,0,33,0,33,8,10,45,6,69,21,0,21,90
12/05/2003,BRO,TX,ASW,CE,Federal Contract Tower,5,12,15,20,52,0,0,27,0,27,5,12,42,20,79,14,0,14,93
12/06/2003,BRO,TX,ASW,CE,Federal Contract Tower,5,6,12,0,23,0,0,41,0,41,5,6,53,0,64,28,0,28,92
12/07/2003,BRO,TX,ASW,CE,Federal Contract Tower,4,10,20,0,34,0,0,19,0,19,4,10,39,0,53,0,0,0,53
12/08/2003,BRO,TX,ASW,CE,Federal Contract Tower,2,10,16,10,38,0,0,2,0,2,2,10,18,10,40,0,0,0,40
12/09/2003,BRO,TX,ASW,CE,Federal Contract Tower,4,14,12,16,46,0,0,26,0,26,4,14,38,16,72,2,0,2,74
12/10/2003,BRO,TX,ASW,CE,Federal Contract Tower,3,10,19,13,45,0,0,44,0,44,3,10,63,13,89,16,0,16,105
12/11/2003,BRO,TX,ASW,CE,Federal Contract Tower,5,9,20,6,40,0,0,26,0,26,5,9,46,6,66,0,0,0,66
12/12/2003,BRO,TX,ASW,CE,Federal Contract Tower,4,10,26,14,54,0,0,44,0,44,4,10,70,14,98,6,0,6,104
12/13/2003,BRO,TX,ASW,CE,Federal Contract Tower,3,10,6,1,20,0,0,17,0,17,3,10,23,1,37,30,1,31,68
12/14/2003,BRO,TX,ASW,CE,Federal Contract Tower,1,11,12,0,24,0,0,36,0,36,1,11,48,0,60,24,0,24,84
12/15/2003,BRO,TX,ASW,CE,Federal Contract Tower,3,10,12,30,55,0,0,14,0,14,3,10,26,30,69,12,0,12,81
12/16/2003,BRO,TX,ASW,CE,Federal Contract Tower,3,18,19,22,62,0,0,35,0,35,3,18,54,22,97,0,0,0,97
12/17/2003,BRO,TX,ASW,CE,Federal Contract Tower,4,19,10,24,57,0,0,47,0,47,4,19,57,24,104,12,0,12,116
12/18/2003,BRO,TX,ASW,CE,Federal Contract Tower,5,17,15,16,53,0,0,63,0,63,5,17,78,16,116,8,0,8,124
12/19/2003,BRO,TX,ASW,CE,Federal Contract Tower,6,11,19,21,57,0,0,34,0,34,6,11,53,21,91,22,0,22,113
12/20/2003,BRO,TX,ASW,CE,Federal Contract Tower,2,10,28,2,42,0,0,50,0,50,2,10,78,2,92,6,0,6,98
12/21/2003,BRO,TX,ASW,CE,Federal Contract Tower,0,10,34,0,44,0,0,0,0,0,0,10,34,0,44,4,0,4,48
12/22/2003,BRO,TX,ASW,CE,Federal Contract Tower,2,12,18,12,44,0,0,27,0,27,2,12,45,12,71,6,0,6,77
12/23/2003,BRO,TX,ASW,CE,Federal Contract Tower,4,11,16,4,35,0,0,27,0,27,4,11,43,4,62,4,0,4,66
12/24/2003,BRO,TX,ASW,CE,Federal Contract Tower,2,10,8,0,20,0,0,22,0,22,2,10,30,0,42,2,0,2,44
12/25/2003,BRO,TX,ASW,CE,Federal Contract Tower,0,8,12,0,20,0,0,7,0,7,0,8,19,0,27,0,0,0,27
12/26/2003,BRO,TX,ASW,CE,Federal Contract Tower,0,9,20,0,29,0,0,24,0,24,0,9,44,0,53,22,0,22,75
12/27/2003,BRO,TX,ASW,CE,Federal Contract Tower,1,9,42,0,52,0,0,18,0,18,1,9,60,0,70,40,0,40,110
12/28/2003,BRO,TX,ASW,CE,Federal Contract Tower,0,9,24,4,37,0,0,0,0,0,0,9,24,4,37,4,0,4,41
12/29/2003,BRO,TX,ASW,CE,Federal Contract Tower,4,7,25,2,38,0,0,0,0,0,4,7,25,2,38,6,0,6,44
12/30/2003,BRO,TX,ASW,CE,Federal Contract Tower,4,10,25,8,47,0,0,29,0,29,4,10,54,8,76,20,0,20,96
12/31/2003,BRO,TX,ASW,CE,Federal Contract Tower,2,7,12,0,21,0,0,12,0,12,2,7,24,0,33,4,0,4,37
01/01/2004,BRO,TX,ASW,CE,Federal Contract Tower,0,9,11,0,20,0,0,17,0,17,0,9,28,0,37,10,0,10,47
01/02/2004,BRO,TX,ASW,CE,Federal Contract Tower,0,12,14,0,26,0,0,30,0,30,0,12,44,0,56,28,0,28,84
01/03/2004,BRO,TX,ASW,CE,Federal Contract Tower,0,11,36,0,47,0,0,10,0,10,0,11,46,0,57,0,0,0,57
01/04/2004,BRO,TX,ASW,CE,Federal Contract Tower,0,10,15,0,25,0,0,20,0,20,0,10,35,0,45,0,0,0,45
01/05/2004,BRO,TX,ASW,CE,Federal Contract Tower,3,13,17,2,35,0,0,10,0,10,3,13,27,2,45,0,0,0,45
01/06/2004,BRO,TX,ASW,CE,Federal Contract Tower,5,15,18,40,78,0,0,23,0,23,5,15,41,40,101,0,0,0,101
01/07/2004,BRO,TX,ASW,CE,Federal Contract Tower,5,35,20,22,82,0,0,3,0,3,5,35,23,22,85,0,0,0,85
01/08/2004,BRO,TX,ASW,CE,Federal Contract Tower,8,19,15,34,76,0,0,14,0,14,8,19,29,34,90,0,0,0,90
01/09/2004,BRO,TX,ASW,CE,Federal Contract Tower,9,12,22,26,69,0,0,30,0,30,9,12,52,26,99,4,0,4,103
01/10/2004,BRO,TX,ASW,CE,Federal Contract Tower,4,6,10,0,20,0,0,45,0,45,4,6,55,0,65,30,0,30,95
01/11/2004,BRO,TX,ASW,CE,Federal Contract Tower,0,15,19,2,36,0,0,26,0,26,0,15,45,2,62,4,0,4,66
01/12/2004,BRO,TX,ASW,CE,Federal Contract Tower,6,14,14,42,76,0,0,26,0,26,6,14,40,42,102,8,0,8,110
01/13/2004,BRO,TX,ASW,CE,Federal Contract Tower,5,29,16,16,66,0,0,24,0,24,5,29,40,16,90,0,0,0,90
01/14/2004,BRO,TX,ASW,CE,Federal Contract Tower,12,21,33,32,98,0,0,25,0,25,12,21,58,32,123,0,0,0,123
01/15/2004,BRO,TX,ASW,CE,Federal Contract Tower,8,19,27,20,74,0,0,28,0,28,8,19,55,20,102,2,0,2,104
01/16/2004,BRO,TX,ASW,CE,Federal Contract Tower,8,11,25,6,50,0,0,1,0,1,8,11,26,6,51,0,0,0,51
01/17/2004,BRO,TX,ASW,CE,Federal Contract Tower,2,8,11,10,31,0,0,40,0,40,2,8,51,10,71,2,0,2,73
01/18/2004,BRO,TX,ASW,CE,Federal Contract Tower,0,16,11,2,29,0,0,18,0,18,0,16,29,2,47,4,0,4,51
01/19/2004,BRO,TX,ASW,CE,Federal Contract Tower,3,11,12,0,26,0,0,39,0,39,3,11,51,0,65,10,0,10,75
01/20/2004,BRO,TX,ASW,CE,Federal Contract Tower,5,15,21,4,45,0,0,41,0,41,5,15,62,4,86,22,0,22,108
01/21/2004,BRO,TX,ASW,CE,Federal Contract Tower,6,15,34,9,64,0,0,16,0,16,6,15,50,9,80,0,0,0,80
01/22/2004,BRO,TX,ASW,CE,Federal Contract Tower,4,11,31,24,70,0,0,27,0,27,4,11,58,24,97,0,0,0,97
01/23/2004,BRO,TX,ASW,CE,Federal Contract Tower,9,12,33,8,62,0,0,6,0,6,9,12,39,8,68,2,0,2,70
01/24/2004,BRO,TX,ASW,CE,Federal Contract Tower,2,10,12,2,26,0,0,18,0,18,2,10,30,2,44,2,0,2,46
01/25/2004,BRO,TX,ASW,CE,Federal Contract Tower,0,12,16,0,28,0,0,39,0,39,0,12,55,0,67,20,0,20,87
01/26/2004,BRO,TX,ASW,CE,Federal Contract Tower,9,15,16,10,50,0,0,24,0,24,9,15,40,10,74,24,0,24,98
01/27/2004,BRO,TX,ASW,CE,Federal Contract Tower,4,10,18,13,45,0,0,43,0,43,4,10,61,13,88,52,0,52,140
01/28/2004,BRO,TX,ASW,CE,Federal Contract Tower,4,20,21,14,59,0,0,57,0,57,4,20,78,14,116,20,34,54,170
01/29/2004,BRO,TX,ASW,CE,Federal Contract Tower,4,16,32,20,72,0,0,17,0,17,4,16,49,20,89,0,0,0,89
01/30/2004,BRO,TX,ASW,CE,Federal Contract Tower,7,14,42,8,71,0,0,24,0,24,7,14,66,8,95,4,0,4,99
01/31/2004,BRO,TX,ASW,CE,Federal Contract Tower,2,8,18,2,30,0,0,40,0,40,2,8,58,2,70,0,0,0,70
02/01/2004,BRO,TX,ASW,CE,Federal Contract Tower,0,10,20,4,34,0,0,20,0,20,0,10,40,4,54,6,0,6,60
02/02/2004,BRO,TX,ASW,CE,Federal Contract Tower,2,12,25,30,69,0,0,9,0,9,2,12,34,30,78,4,0,4,82
02/03/2004,BRO,TX,ASW,CE,Federal Contract Tower,5,13,15,36,69,0,0,33,0,33,5,13,48,36,102,50,0,50,152
02/04/2004,BRO,TX,ASW,CE,Federal Contract Tower,8,16,40,22,86,0,0,27,0,27,8,16,67,22,113,20,10,30,143
02/05/2004,BRO,TX,ASW,CE,Federal Contract Tower,8,12,43,22,85,0,0,26,0,26,8,12,69,22,111,4,0,4,115
02/06/2004,BRO,TX,ASW,CE,Federal Contract Tower,5,12,23,24,64,0,0,45,0,45,5,12,68,24,109,0,6,6,115
02/07/2004,BRO,TX,ASW,CE,Federal Contract Tower,2,7,18,7,34,0,0,31,0,31,2,7,49,7,65,30,10,40,105
02/08/2004,BRO,TX,ASW,CE,Federal Contract Tower,0,16,30,0,46,0,2,30,0,32,0,18,60,0,78,0,0,0,78
02/09/2004,BRO,TX,ASW,CE,Federal Contract Tower,3,15,21,20,59,0,0,16,0,16,3,15,37,20,75,6,0,6,81
02/10/2004,BRO,TX,ASW,CE,Federal Contract Tower,6,14,14,0,34,0,0,31,0,31,6,14,45,0,65,4,0,4,69
02/11/2004,BRO,TX,ASW,CE,Federal Contract Tower,6,21,19,8,54,0,0,3,0,3,6,21,22,8,57,0,0,0,57
02/12/2004,BRO,TX,ASW,CE,Federal Contract Tower,8,16,26,14,64,0,0,62,5,67,8,16,88,19,131,4,0,4,135
02/13/2004,BRO,TX,ASW,CE,Federal Contract Tower,4,16,38,2,60,0,0,7,0,7,4,16,45,2,67,0,0,0,67
02/14/2004,BRO,TX,ASW,CE,Federal Contract Tower,2,16,26,0,44,0,0,33,0,33,2,16,59,0,77,14,0,14,91
02/15/2004,BRO,TX,ASW,CE,Federal Contract Tower,0,14,16,0,30,0,0,43,0,43,0,14,59,0,73,16,0,16,89
02/16/2004,BRO,TX,ASW,CE,Federal Contract Tower,2,12,17,0,31,0,0,33,0,33,2,12,50,0,64,0,0,0,64
02/17/2004,BRO,TX,ASW,CE,Federal Contract Tower,3,17,15,20,55,0,0,37,0,37,3,17,52,20,92,22,0,22,114
02/18/2004,BRO,TX,ASW,CE,Federal Contract Tower,4,13,19,36,72,0,0,50,0,50,4,13,69,36,122,24,0,24,146
02/19/2004,BRO,TX,ASW,CE,Federal Contract Tower,4,15,26,22,67,0,0,55,0,55,4,15,81,22,122,8,0,8,130
02/20/2004,BRO,TX,ASW,CE,Federal Contract Tower,6,17,23,25,71,0,0,52,0,52,6,17,75,25,123,20,0,20,143
02/21/2004,BRO,TX,ASW,CE,Federal Contract Tower,5,14,24,3,46,0,0,19,0,19,5,14,43,3,65,2,0,2,67
02/22/2004,BRO,TX,ASW,CE,Federal Contract Tower,0,14,13,0,27,0,0,13,0,13,0,14,26,0,40,16,0,16,56
02/23/2004,BRO,TX,ASW,CE,Federal Contract Tower,2,20,16,44,82,0,0,0,0,0,2,20,16,44,82,6,0,6,88
02/24/2004,BRO,TX,ASW,CE,Federal Contract Tower,5,22,20,16,63,0,0,19,0,19,5,22,39,16,82,0,0,0,82
02/25/2004,BRO,TX,ASW,CE,Federal Contract Tower,4,19,20,42,85,0,0,31,0,31,4,19,51,42,116,22,0,22,138
02/26/2004,BRO,TX,ASW,CE,Federal Contract Tower,5,9,24,20,58,0,0,12,0,12,5,9,36,20,70,10,16,26,96
02/27/2004,BRO,TX,ASW,CE,Federal Contract Tower,5,13,12,14,44,0,0,20,0,20,5,13,32,14,64,16,0,16,80
02/28/2004,BRO,TX,ASW,CE,Federal Contract Tower,3,13,11,0,27,0,0,22,0,22,3,13,33,0,49,0,0,0,49
02/29/2004,BRO,TX,ASW,CE,Federal Contract Tower,0,17,25,0,42,0,0,19,0,19,0,17,44,0,61,4,0,4,65
03/01/2004,BRO,TX,ASW,CE,Federal Contract Tower,2,11,28,4,45,0,0,29,0,29,2,11,57,4,74,4,0,4,78
03/02/2004,BRO,TX,ASW,CE,Federal Contract Tower,7,10,22,2,41,0,0,7,0,7,7,10,29,2,48,4,0,4,52
03/03/2004,BRO,TX,ASW,CE,Federal Contract Tower,5,13,22,20,60,0,0,16,0,16,5,13,38,20,76,0,0,0,76
03/04/2004,BRO,TX,ASW,CE,Federal Contract Tower,8,10,17,10,45,0,0,10,0,10,8,10,27,10,55,0,0,0,55
03/05/2004,BRO,TX,ASW,CE,Federal Contract Tower,6,12,31,18,67,0,0,37,0,37,6,12,68,18,104,34,0,34,138
03/06/2004,BRO,TX,ASW,CE,Federal Contract Tower,2,12,12,12,38,0,0,28,0,28,2,12,40,12,66,24,8,32,98
03/07/2004,BRO,TX,ASW,CE,Federal Contract Tower,0,13,13,0,26,0,0,19,0,19,0,13,32,0,45,6,0,6,51
03/08/2004,BRO,TX,ASW,CE,Federal Contract Tower,2,10,9,24,45,0,0,37,0,37,2,10,46,24,82,14,0,14,96
03/09/2004,BRO,TX,ASW,CE,Federal Contract Tower,6,14,26,22,68,0,0,38,0,38,6,14,64,22,106,30,10,40,146
03/10/2004,BRO,TX,ASW,CE,Federal Contract Tower,5,16,4,22,47,0,0,45,0,45,5,16,49,22,92,26,0,26,118
03/11/2004,BRO,TX,ASW,CE,Federal Contract Tower,4,9,20,18,51,0,0,39,0,39,4,9,59,18,90,1,20,21,111
03/12/2004,BRO,TX,ASW,CE,Federal Contract Tower,7,11,10,5,33,0,0,31,0,31,7,11,41,5,64,2,14,16,80
03/13/2004,BRO,TX,ASW,CE,Federal Contract Tower,3,9,24,0,36,0,0,22,0,22,3,9,46,0,58,12,0,12,70
03/14/2004,BRO,TX,ASW,CE,Federal Contract Tower,0,14,11,0,25,0,0,7,0,7,0,14,18,0,32,0,0,0,32
03/15/2004,BRO,TX,ASW,CE,Federal Contract Tower,0,16,31,14,61,0,0,10,0,10,0,16,41,14,71,0,0,0,71
03/16/2004,BRO,TX,ASW,CE,Federal Contract Tower,3,12,18,12,45,0,0,38,0,38,3,12,56,12,83,8,0,8,91
03/17/2004,BRO,TX,ASW,CE,Federal Contract Tower,0,18,23,32,73,0,0,50,0,50,0,18,73,32,123,6,0,6,129
03/18/2004,BRO,TX,ASW,CE,Federal Contract Tower,0,16,28,33,77,0,0,29,0,29,0,16,57,33,106,0,0,0,106
03/19/2004,BRO,TX,ASW,CE,Federal Contract Tower,0,9,16,18,43,0,0,34,0,34,0,9,50,18,77,30,0,30,107
03/20/2004,BRO,TX,ASW,CE,Federal Contract Tower,0,13,32,2,47,0,0,34,0,34,0,13,66,2,81,0,0,0,81
03/21/2004,BRO,TX,ASW,CE,Federal Contract Tower,0,11,17,1,29,0,0,33,0,33,0,11,50,1,62,4,0,4,66
03/22/2004,BRO,TX,ASW,CE,Federal Contract Tower,0,11,13,21,45,0,0,10,0,10,0,11,23,21,55,4,0,4,59
03/23/2004,BRO,TX,ASW,CE,Federal Contract Tower,0,15,18,20,53,0,0,21,0,21,0,15,39,20,74,12,0,12,86
03/24/2004,BRO,TX,ASW,CE,Federal Contract Tower,2,11,20,29,62,0,0,33,0,33,2,11,53,29,95,0,0,0,95
03/25/2004,BRO,TX,ASW,CE,Federal Contract Tower,0,12,23,34,69,0,0,25,0,25,0,12,48,34,94,0,0,0,94
03/26/2004,BRO,TX,ASW,CE,Federal Contract Tower,0,10,27,20,57,0,0,36,0,36,0,10,63,20,93,10,0,10,103
03/27/2004,BRO,TX,ASW,CE,Federal Contract Tower,0,11,17,2,30,0,0,17,0,17,0,11,34,2,47,10,0,10,57
03/28/2004,BRO,TX,ASW,CE,Federal Contract Tower,0,12,22,2,36,0,0,0,0,0,0,12,22,2,36,4,0,4,40
03/29/2004,BRO,TX,ASW,CE,Federal Contract Tower,0,12,25,15,52,0,0,0,0,0,0,12,25,15,52,0,0,0,52
03/30/2004,BRO,TX,ASW,CE,Federal Contract Tower,0,12,24,24,60,0,0,20,0,20,0,12,44,24,80,0,0,0,80
03/31/2004,BRO,TX,ASW,CE,Federal Contract Tower,0,12,10,24,46,0,0,52,0,52,0,12,62,24,98,16,0,16,114
04/01/2004,BRO,TX,ASW,CE,Federal Contract Tower,3,11,17,34,65,0,0,24,0,24,3,11,41,34,89,6,0,6,95
04/02/2004,BRO,TX,ASW,CE,Federal Contract Tower,2,17,37,11,67,0,0,11,0,11,2,17,48,11,78,0,0,0,78
04/03/2004,BRO,TX,ASW,CE,Federal Contract Tower,4,15,22,0,41,0,0,31,0,31,4,15,53,0,72,26,0,26,98
04/04/2004,BRO,TX,ASW,CE,Federal Contract Tower,0,15,19,0,34,0,0,13,0,13,0,15,32,0,47,16,0,16,63
04/05/2004,BRO,TX,ASW,CE,Federal Contract Tower,0,13,20,20,53,0,0,19,0,19,0,13,39,20,72,0,0,0,72
04/06/2004,BRO,TX,ASW,CE,Federal Contract Tower,1,16,13,25,55,0,0,11,0,11,1,16,24,25,66,0,0,0,66
04/07/2004,BRO,TX,ASW,CE,Federal Contract Tower,0,31,32,22,85,0,0,36,0,36,0,31,68,22,121,0,0,0,121
04/08/2004,BRO,TX,ASW,CE,Federal Contract Tower,0,14,17,58,89,0,0,17,0,17,0,14,34,58,106,0,4,4,110
04/09/2004,BRO,TX,ASW,CE,Federal Contract Tower,0,10,15,0,25,0,0,38,0,38,0,10,53,0,63,15,0,15,78
04/10/2004,BRO,TX,ASW,CE,Federal Contract Tower,0,8,20,0,28,0,0,17,0,17,0,8,37,0,45,25,0,25,70
04/11/2004,BRO,TX,ASW,CE,Federal Contract Tower,0,19,19,0,38,0,0,0,0,0,0,19,19,0,38,0,0,0,38
04/12/2004,BRO,TX,ASW,CE,Federal Contract Tower,0,13,27,35,75,0,0,21,0,21,0,13,48,35,96,6,0,6,102
04/13/2004,BRO,TX,ASW,CE,Federal Contract Tower,2,20,17,26,65,0,0,32,0,32,2,20,49,26,97,32,0,32,129
04/14/2004,BRO,TX,ASW,CE,Federal Contract Tower,0,14,15,46,75,0,0,57,0,57,0,14,72,46,132,4,0,4,136
04/15/2004,BRO,TX,ASW,CE,Federal Contract Tower,0,12,25,30,67,0,0,26,0,26,0,12,51,30,93,30,0,30,123
04/16/2004,BRO,TX,ASW,CE,Federal Contract Tower,0,15,17,0,32,0,0,31,0,31,0,15,48,0,63,20,0,20,83
04/17/2004,BRO,TX,ASW,CE,Federal Contract Tower,0,10,20,0,30,0,0,24,0,24,0,10,44,0,54,0,0,0,54
04/18/2004,BRO,TX,ASW,CE,Federal Contract Tower,0,14,20,0,34,0,0,12,0,12,0,14,32,0,46,0,0,0,46
04/19/2004,BRO,TX,ASW,CE,Federal Contract Tower,0,16,13,18,47,0,0,19,0,19,0,16,32,18,66,10,0,10,76
04/20/2004,BRO,TX,ASW,CE,Federal Contract Tower,0,22,15,36,73,0,0,26,0,26,0,22,41,36,99,24,0,24,123
04/21/2004,BRO,TX,ASW,CE,Federal Contract Tower,0,17,15,28,60,0,0,32,0,32,0,17,47,28,92,16,0,16,108
04/22/2004,BRO,TX,ASW,CE,Federal Contract Tower,1,14,28,29,72,0,0,35,0,35,1,14,63,29,107,6,18,24,131
04/23/2004,BRO,TX,ASW,CE,Federal Contract Tower,0,14,24,36,74,0,0,32,0,32,0,14,56,36,106,0,0,0,106
04/24/2004,BRO,TX,ASW,CE,Federal Contract Tower,0,11,13,2,26,0,0,32,0,32,0,11,45,2,58,24,0,24,82
04/25/2004,BRO,TX,ASW,CE,Federal Contract Tower,0,14,14,0,28,0,0,13,0,13,0,14,27,0,41,27,0,27,68
04/26/2004,BRO,TX,ASW,CE,Federal Contract Tower,0,17,9,10,36,0,0,0,0,0,0,17,9,10,36,10,0,10,46
04/27/2004,BRO,TX,ASW,CE,Federal Contract Tower,0,14,13,33,60,0,0,32,0,32,0,14,45,33,92,10,0,10,102
04/28/2004,BRO,TX,ASW,CE,Federal Contract Tower,0,21,19,26,66,0,0,37,0,37,0,21,56,26,103,6,0,6,109
04/29/2004,BRO,TX,ASW,CE,Federal Contract Tower,0,10,32,46,88,0,0,28,0,28,0,10,60,46,116,10,0,10,126
04/30/2004,BRO,TX,ASW,CE,Federal Contract Tower,2,14,20,34,70,0,0,33,0,33,2,14,53,34,103,0,0,0,103
05/01/2004,BRO,TX,ASW,CE,Federal Contract Tower,0,9,9,0,18,0,0,18,0,18,0,9,27,0,36,0,0,0,36
05/02/2004,BRO,TX,ASW,CE,Federal Contract Tower,0,17,18,0,35,0,0,28,0,28,0,17,46,0,63,0,0,0,63
05/03/2004,BRO,TX,ASW,CE,Federal Contract Tower,0,10,8,18,36,0,0,32,0,32,0,10,40,18,68,46,0,46,114
05/04/2004,BRO,TX,ASW,CE,Federal Contract Tower,0,17,15,38,70,0,0,25,0,25,0,17,40,38,95,10,0,10,105
05/05/2004,BRO,TX,ASW,CE,Federal Contract Tower,0,25,7,40,72,0,0,30,0,30,0,25,37,40,102,0,0,0,102
05/06/2004,BRO,TX,ASW,CE,Federal Contract Tower,0,12,18,22,52,0,0,39,0,39,0,12,57,22,91,0,0,0,91
05/07/2004,BRO,TX,ASW,CE,Federal Contract Tower,2,16,20,1,39,0,0,16,0,16,2,16,36,1,55,4,0,4,59
05/08/2004,BRO,TX,ASW,CE,Federal Contract Tower,0,9,14,1,24,0,0,13,0,13,0,9,27,1,37,0,0,0,37
05/09/2004,BRO,TX,ASW,CE,Federal Contract Tower,0,15,17,1,33,0,0,4,0,4,0,15,21,1,37,0,0,0,37
05/10/2004,BRO,TX,ASW,CE,Federal Contract Tower,0,18,16,18,52,0,0,20,0,20,0,18,36,18,72,4,0,4,76
05/11/2004,BRO,TX,ASW,CE,Federal Contract Tower,0,7,15,42,64,0,0,17,0,17,0,7,32,42,81,26,0,26,107
05/12/2004,BRO,TX,ASW,CE,Federal Contract Tower,2,16,27,60,105,0,0,34,0,34,2,16,61,60,139,14,0,14,153
05/13/2004,BRO,TX,ASW,CE,Federal Contract Tower,2,10,36,24,72,0,0,5,0,5,2,10,41,24,77,0,0,0,77
05/14/2004,BRO,TX,ASW,CE,Federal Contract Tower,0,14,17,12,43,0,0,19,0,19,0,14,36,12,62,6,0,6,68
05/15/2004,BRO,TX,ASW,CE,Federal Contract Tower,0,11,15,2,28,0,0,28,0,28,0,11,43,2,56,32,0,32,88
05/16/2004,BRO,TX,ASW,CE,Federal Contract Tower,0,11,12,0,23,0,0,26,0,26,0,11,38,0,49,16,0,16,65
05/17/2004,BRO,TX,ASW,CE,Federal Contract Tower,0,12,8,28,48,0,0,8,0,8,0,12,16,28,56,44,0,44,100
05/18/2004,BRO,TX,ASW,CE,Federal Contract Tower,0,26,14,34,74,0,0,14,0,14,0,26,28,34,88,0,0,0,88
05/19/2004,BRO,TX,ASW,CE,Federal Contract Tower,0,21,17,36,74,0,0,35,0,35,0,21,52,36,109,0,0,0,109
05/20/2004,BRO,TX,ASW,CE,Federal Contract Tower,0,10,19,24,53,0,0,33,0,33,0,10,52,24,86,22,0,22,108
05/21/2004,BRO,TX,ASW,CE,Federal Contract Tower,0,10,22,16,48,0,0,44,0,44,0,10,66,16,92,54,0,54,146
05/22/2004,BRO,TX,ASW,CE,Federal Contract Tower,0,11,19,0,30,0,0,26,0,26,0,11,45,0,56,34,0,34,90
05/23/2004,BRO,TX,ASW,CE,Federal Contract Tower,0,11,16,0,27,0,0,28,0,28,0,11,44,0,55,12,0,12,67
05/24/2004,BRO,TX,ASW,CE,Federal Contract Tower,0,19,15,36,70,0,0,19,0,19,0,19,34,36,89,0,0,0,89
05/25/2004,BRO,TX,ASW,CE,Federal Contract Tower,0,18,12,59,89,0,0,19,0,19,0,18,31,59,108,2,0,2,110
05/26/2004,BRO,TX,ASW,CE,Federal Contract Tower,0,17,15,30,62,0,0,33,0,33,0,17,48,30,95,36,0,36,131
05/27/2004,BRO,TX,ASW,CE,Federal Contract Tower,0,14,31,36,81,0,0,39,0,39,0,14,70,36,120,0,0,0,120
05/28/2004,BRO,TX,ASW,CE,Federal Contract Tower,0,16,20,17,53,0,0,16,0,16,0,16,36,17,69,20,0,20,89
05/29/2004,BRO,TX,ASW,CE,Federal Contract Tower,0,10,17,0,27,0,0,22,2,24,0,10,39,2,51,0,0,0,51
05/30/2004,BRO,TX,ASW,CE,Federal Contract Tower,0,11,6,4,21,0,0,12,0,12,0,11,18,4,33,10,0,10,43
05/31/2004,BRO,TX,ASW,CE,Federal Contract Tower,0,9,18,0,27,0,1,13,0,14,0,10,31,0,41,30,0,30,71
06/01/2004,BRO,TX,ASW,CE,Federal Contract Tower,0,15,19,20,54,0,1,9,5,15,0,16,28,25,69,8,0,8,77
06/02/2004,BRO,TX,ASW,CE,Federal Contract Tower,0,19,28,28,75,0,0,27,2,29,0,19,55,30,104,10,0,10,114
06/03/2004,BRO,TX,ASW,CE,Federal Contract Tower,0,13,33,34,80,0,0,0,26,26,0,13,33,60,106,10,2,12,118
06/04/2004,BRO,TX,ASW,CE,Federal Contract Tower,0,10,17,9,36,0,0,41,0,41,0,10,58,9,77,16,0,16,93
06/05/2004,BRO,TX,ASW,CE,Federal Contract Tower,0,9,14,14,37,2,0,44,0,46,2,9,58,14,83,12,0,12,95
06/06/2004,BRO,TX,ASW,CE,Federal Contract Tower,0,11,14,0,25,0,5,39,0,44,0,16,53,0,69,0,0,0,69
06/07/2004,BRO,TX,ASW,CE,Federal Contract Tower,0,13,15,4,32,0,0,26,0,26,0,13,41,4,58,16,0,16,74
06/08/2004,BRO,TX,ASW,CE,Federal Contract Tower,0,11,14,14,39,1,3,6,4,14,1,14,20,18,53,0,0,0,53
06/09/2004,BRO,TX,ASW,CE,Federal Contract Tower,0,17,20,14,51,0,2,14,0,16,0,19,34,14,67,16,0,16,83
06/10/2004,BRO,TX,ASW,CE,Federal Contract Tower,0,24,33,33,90,0,0,25,2,27,0,24,58,35,117,20,0,20,137
06/11/2004,BRO,TX,ASW,CE,Federal Contract Tower,0,10,12,0,22,0,1,56,0,57,0,11,68,0,79,26,0,26,105
06/12/2004,BRO,TX,ASW,CE,Federal Contract Tower,0,6,6,0,12,0,4,32,0,36,0,10,38,0,48,0,0,0,48
06/13/2004,BRO,TX,ASW,CE,Federal Contract Tower,0,9,11,2,22,0,5,30,0,35,0,14,41,2,57,0,0,0,57
06/14/2004,BRO,TX,ASW,CE,Federal Contract Tower,0,11,24,25,60,0,0,22,13,35,0,11,46,38,95,18,0,18,113
06/15/2004,BRO,TX,ASW,CE,Federal Contract Tower,0,8,24,24,56,0,0,7,20,27,0,8,31,44,83,40,0,40,123
06/16/2004,BRO,TX,ASW,CE,Federal Contract Tower,0,12,19,20,51,0,0,44,10,54,0,12,63,30,105,32,0,32,137
06/17/2004,BRO,TX,ASW,CE,Federal Contract Tower,0,11,19,17,47,0,0,30,0,30,0,11,49,17,77,40,0,40,117
06/18/2004,BRO,TX,ASW,CE,Federal Contract Tower,0,14,28,27,69,0,0,45,13,58,0,14,73,40,127,58,0,58,185
06/19/2004,BRO,TX,ASW,CE,Federal Contract Tower,0,6,8,0,14,0,3,44,0,47,0,9,52,0,61,9,0,9,70
06/20/2004,BRO,TX,ASW,CE,Federal Contract Tower,0,6,8,0,14,0,6,20,0,26,0,12,28,0,40,0,0,0,40
06/21/2004,BRO,TX,ASW,CE,Federal Contract Tower,0,15,20,18,53,0,0,25,8,33,0,15,45,26,86,0,0,0,86
06/22/2004,BRO,TX,ASW,CE,Federal Contract Tower,0,9,13,6,28,0,4,29,0,33,0,13,42,6,61,4,0,4,65
06/23/2004,BRO,TX,ASW,CE,Federal Contract Tower,0,14,19,14,47,0,4,9,0,13,0,18,28,14,60,24,0,24,84
06/24/2004,BRO,TX,ASW,CE,Federal Contract Tower,0,14,21,16,51,0,0,27,0,27,0,14,48,16,78,4,0,4,82
06/25/2004,BRO,TX,ASW,CE,Federal Contract Tower,0,9,13,0,22,0,9,47,0,56,0,18,60,0,78,16,0,16,94
06/26/2004,BRO,TX,ASW,CE,Federal Contract Tower,0,10,14,2,26,0,7,36,0,43,0,17,50,2,69,16,0,16,85
06/27/2004,BRO,TX,ASW,CE,Federal Contract Tower,0,7,11,0,18,0,10,16,0,26,0,17,27,0,44,14,0,14,58
06/28/2004,BRO,TX,ASW,CE,Federal Contract Tower,0,16,22,22,60,0,1,11,12,24,0,17,33,34,84,8,0,8,92
06/29/2004,BRO,TX,ASW,CE,Federal Contract Tower,0,16,28,27,71,0,0,26,13,39,0,16,54,40,110,18,0,18,128
06/30/2004,BRO,TX,ASW,CE,Federal Contract Tower,0,13,19,19,51,0,0,43,7,50,0,13,62,26,101,8,0,8,109
07/01/2004,BRO,TX,ASW,CE,Federal Contract Tower,0,15,17,16,48,0,0,42,0,42,0,15,59,16,90,29,0,29,119
07/02/2004,BRO,TX,ASW,CE,Federal Contract Tower,0,12,14,0,26,0,9,40,0,49,0,21,54,0,75,0,0,0,75
07/03/2004,BRO,TX,ASW,CE,Federal Contract Tower,0,7,7,0,14,0,4,37,0,41,0,11,44,0,55,36,0,36,91
07/04/2004,BRO,TX,ASW,CE,Federal Contract Tower,0,5,5,0,10,0,3,25,0,28,0,8,30,0,38,36,0,36,74
07/05/2004,BRO,TX,ASW,CE,Federal Contract Tower,0,10,10,0,20,0,2,28,0,30,0,12,38,0,50,0,0,0,50
07/06/2004,BRO,TX,ASW,CE,Federal Contract Tower,0,12,13,14,39,0,4,13,4,21,0,16,26,18,60,6,0,6,66
07/07/2004,BRO,TX,ASW,CE,Federal Contract Tower,0,6,10,12,28,0,0,29,8,37,0,6,39,20,65,34,26,60,125
07/08/2004,BRO,TX,ASW,CE,Federal Contract Tower,1,9,25,26,61,3,0,29,16,48,4,9,54,42,109,4,0,4,113
07/09/2004,BRO,TX,ASW,CE,Federal Contract Tower,0,10,15,16,41,0,0,42,0,42,0,10,57,16,83,58,0,58,141
07/10/2004,BRO,TX,ASW,CE,Federal Contract Tower,0,8,9,0,17,0,4,41,0,45,0,12,50,0,62,6,0,6,68
07/11/2004,BRO,TX,ASW,CE,Federal Contract Tower,0,13,13,0,26,0,1,41,0,42,0,14,54,0,68,12,0,12,80
07/12/2004,BRO,TX,ASW,CE,Federal Contract Tower,0,20,26,25,71,0,0,24,9,33,0,20,50,34,104,36,0,36,140
07/13/2004,BRO,TX,ASW,CE,Federal Contract Tower,0,9,10,4,23,0,2,34,0,36,0,11,44,4,59,36,0,36,95
07/14/2004,BRO,TX,ASW,CE,Federal Contract Tower,0,14,16,15,45,0,0,46,3,49,0,14,62,18,94,32,0,32,126
07/15/2004,BRO,TX,ASW,CE,Federal Contract Tower,0,12,20,20,52,0,0,42,12,54,0,12,62,32,106,26,10,36,142
07/16/2004,BRO,TX,ASW,CE,Federal Contract Tower,0,14,22,21,57,2,0,48,5,55,2,14,70,26,112,54,0,54,166
07/17/2004,BRO,TX,ASW,CE,Federal Contract Tower,0,11,25,0,36,0,0,29,0,29,0,11,54,0,65,44,0,44,109
07/18/2004,BRO,TX,ASW,CE,Federal Contract Tower,0,9,10,0,19,0,8,21,0,29,0,17,31,0,48,20,0,20,68
07/19/2004,BRO,TX,ASW,CE,Federal Contract Tower,0,16,24,24,64,0,0,23,16,39,0,16,47,40,103,76,0,76,179
07/20/2004,BRO,TX,ASW,CE,Federal Contract Tower,0,10,11,11,32,0,3,23,3,29,0,13,34,14,61,0,20,20,81
07/21/2004,BRO,TX,ASW,CE,Federal Contract Tower,0,13,16,15,44,0,0,43,2,45,0,13,59,17,89,40,0,40,129
07/22/2004,BRO,TX,ASW,CE,Federal Contract Tower,0,9,22,22,53,0,0,20,22,42,0,9,42,44,95,20,0,20,115
07/23/2004,BRO,TX,ASW,CE,Federal Contract Tower,0,17,26,25,68,0,0,46,5,51,0,17,72,30,119,8,0,8,127
07/24/2004,BRO,TX,ASW,CE,Federal Contract Tower,0,7,7,0,14,0,4,38,0,42,0,11,45,0,56,6,0,6,62
07/25/2004,BRO,TX,ASW,CE,Federal Contract Tower,0,8,8,0,16,0,4,34,0,38,0,12,42,0,54,52,0,52,106
07/26/2004,BRO,TX,ASW,CE,Federal Contract Tower,0,15,27,26,68,2,0,12,18,32,2,15,39,44,100,48,0,48,148
07/27/2004,BRO,TX,ASW,CE,Federal Contract Tower,0,11,20,19,50,2,0,29,3,34,2,11,49,22,84,24,0,24,108
07/28/2004,BRO,TX,ASW,CE,Federal Contract Tower,0,12,15,14,41,0,4,37,0,41,0,16,52,14,82,14,0,14,96
07/29/2004,BRO,TX,ASW,CE,Federal Contract Tower,0,16,23,24,63,0,0,39,4,43,0,16,62,28,106,4,0,4,110
07/30/2004,BRO,TX,ASW,CE,Federal Contract Tower,0,13,17,18,48,0,0,51,0,51,0,13,68,18,99,12,2,14,113
07/31/2004,BRO,TX,ASW,CE,Federal Contract Tower,0,8,9,0,17,0,1,50,0,51,0,9,59,0,68,10,0,10,78
08/01/2004,BRO,TX,ASW,CE,Federal Contract Tower,0,10,13,0,23,0,7,32,0,39,0,17,45,0,62,12,0,12,74
08/02/2004,BRO,TX,ASW,CE,Federal Contract Tower,0,18,21,14,53,0,0,35,0,35,0,18,56,14,88,14,0,14,102
08/03/2004,BRO,TX,ASW,CE,Federal Contract Tower,0,11,28,24,63,0,0,22,26,48,0,11,50,50,111,24,0,24,135
08/04/2004,BRO,TX,ASW,CE,Federal Contract Tower,0,9,10,6,25,0,4,42,0,46,0,13,52,6,71,36,0,36,107
08/05/2004,BRO,TX,ASW,CE,Federal Contract Tower,0,18,24,20,62,0,3,39,0,42,0,21,63,20,104,42,30,72,176
08/06/2004,BRO,TX,ASW,CE,Federal Contract Tower,0,11,16,4,31,0,0,50,0,50,0,11,66,4,81,20,0,20,101
08/07/2004,BRO,TX,ASW,CE,Federal Contract Tower,0,9,12,0,21,0,6,36,0,42,0,15,48,0,63,16,0,16,79
08/08/2004,BRO,TX,ASW,CE,Federal Contract Tower,0,10,11,2,23,2,6,29,0,37,2,16,40,2,60,4,0,4,64
08/09/2004,BRO,TX,ASW,CE,Federal Contract Tower,0,16,24,20,60,0,0,17,6,23,0,16,41,26,83,6,0,6,89
08/10/2004,BRO,TX,ASW,CE,Federal Contract Tower,0,10,22,19,51,0,0,19,18,37,0,10,41,37,88,4,0,4,92
08/11/2004,BRO,TX,ASW,CE,Federal Contract Tower,0,11,20,18,49,0,0,48,2,50,0,11,68,20,99,40,0,40,139
08/12/2004,BRO,TX,ASW,CE,Federal Contract Tower,0,13,30,25,68,0,0,39,13,52,0,13,69,38,120,0,0,0,120
08/13/2004,BRO,TX,ASW,CE,Federal Contract Tower,0,10,12,0,22,0,4,34,0,38,0,14,46,0,60,2,0,2,62
08/14/2004,BRO,TX,ASW,CE,Federal Contract Tower,0,9,11,1,21,0,4,70,0,74,0,13,81,1,95,22,0,22,117
08/15/2004,BRO,TX,ASW,CE,Federal Contract Tower,0,8,10,0,18,0,2,43,0,45,0,10,53,0,63,46,0,46,109
08/16/2004,BRO,TX,ASW,CE,Federal Contract Tower,0,9,12,2,23,1,2,44,0,47,1,11,56,2,70,40,0,40,110
08/17/2004,BRO,TX,ASW,CE,Federal Contract Tower,0,9,12,9,30,0,0,28,25,53,0,9,40,34,83,10,0,10,93
08/18/2004,BRO,TX,ASW,CE,Federal Contract Tower,0,9,13,9,31,2,0,31,35,68,2,9,44,44,99,24,10,34,133
08/19/2004,BRO,TX,ASW,CE,Federal Contract Tower,0,9,26,21,56,2,0,31,19,52,2,9,57,40,108,0,0,0,108
08/20/2004,BRO,TX,ASW,CE,Federal Contract Tower,0,11,16,14,41,0,0,38,8,46,0,11,54,22,87,16,0,16,103
08/21/2004,BRO,TX,ASW,CE,Federal Contract Tower,0,7,10,0,17,0,4,32,0,36,0,11,42,0,53,0,0,0,53
08/22/2004,BRO,TX,ASW,CE,Federal Contract Tower,0,7,10,0,17,0,3,51,0,54,0,10,61,0,71,14,0,14,85
08/23/2004,BRO,TX,ASW,CE,Federal Contract Tower,0,13,22,18,53,0,0,16,12,28,0,13,38,30,81,10,0,10,91
08/24/2004,BRO,TX,ASW,CE,Federal Contract Tower,0,13,20,17,50,0,0,36,1,37,0,13,56,18,87,0,0,0,87
08/25/2004,BRO,TX,ASW,CE,Federal Contract Tower,0,15,21,8,44,0,5,69,0,74,0,20,90,8,118,12,14,26,144
08/26/2004,BRO,TX,ASW,CE,Federal Contract Tower,0,15,20,6,41,0,5,59,0,64,0,20,79,6,105,20,0,20,125
08/27/2004,BRO,TX,ASW,CE,Federal Contract Tower,0,8,12,9,29,0,2,47,0,49,0,10,59,9,78,16,0,16,94
08/28/2004,BRO,TX,ASW,CE,Federal Contract Tower,0,7,10,0,17,0,5,33,0,38,0,12,43,0,55,5,0,5,60
08/29/2004,BRO,TX,ASW,CE,Federal Contract Tower,0,7,11,0,18,0,4,23,0,27,0,11,34,0,45,10,0,10,55
08/30/2004,BRO,TX,ASW,CE,Federal Contract Tower,0,14,24,20,58,0,0,4,14,18,0,14,28,34,76,10,0,10,86
08/31/2004,BRO,TX,ASW,CE,Federal Contract Tower,0,6,20,17,43,0,0,6,13,19,0,6,26,30,62,4,14,18,80
09/01/2004,BRO,TX,ASW,CE,Federal Contract Tower,0,4,6,4,14,0,3,32,0,35,0,7,38,4,49,31,0,31,80
09/02/2004,BRO,TX,ASW,CE,Federal Contract Tower,0,9,12,8,29,0,1,30,0,31,0,10,42,8,60,0,0,0,60
09/03/2004,BRO,TX,ASW,CE,Federal Contract Tower,0,8,9,0,17,0,2,56,0,58,0,10,65,0,75,6,16,22,97
09/04/2004,BRO,TX,ASW,CE,Federal Contract Tower,0,6,7,0,13,0,4,33,0,37,0,10,40,0,50,24,0,24,74
09/05/2004,BRO,TX,ASW,CE,Federal Contract Tower,0,5,5,0,10,0,1,30,0,31,0,6,35,0,41,10,0,10,51
09/06/2004,BRO,TX,ASW,CE,Federal Contract Tower,0,7,13,2,22,0,0,49,0,49,0,7,62,2,71,20,0,20,91
09/07/2004,BRO,TX,ASW,CE,Federal Contract Tower,0,8,11,2,21,0,5,31,0,36,0,13,42,2,57,10,0,10,67
09/08/2004,BRO,TX,ASW,CE,Federal Contract Tower,0,8,22,21,51,0,0,20,18,38,0,8,42,39,89,4,14,18,107
09/09/2004,BRO,TX,ASW,CE,Federal Contract Tower,0,11,31,29,71,0,0,18,27,45,0,11,49,56,116,2,0,2,118
09/10/2004,BRO,TX,ASW,CE,Federal Contract Tower,0,13,20,18,51,0,0,53,2,55,0,13,73,20,106,16,0,16,122
09/11/2004,BRO,TX,ASW,CE,Federal Contract Tower,0,9,24,22,55,0,0,35,17,52,0,9,59,39,107,10,0,10,117
09/12/2004,BRO,TX,ASW,CE,Federal Contract Tower,0,6,11,2,19,0,3,47,0,50,0,9,58,2,69,16,0,16,85
09/13/2004,BRO,TX,ASW,CE,Federal Contract Tower,0,10,21,20,51,0,0,34,2,36,0,10,55,22,87,6,0,6,93
09/14/2004,BRO,TX,ASW,CE,Federal Contract Tower,1,9,35,34,79,0,0,21,30,51,1,9,56,64,130,58,0,58,188
09/15/2004,BRO,TX,ASW,CE,Federal Contract Tower,1,23,41,42,107,3,0,26,19,48,4,23,67,61,155,10,0,10,165
09/16/2004,BRO,TX,ASW,CE,Federal Contract Tower,0,14,31,31,76,0,0,36,18,54,0,14,67,49,130,0,20,20,150
09/17/2004,BRO,TX,ASW,CE,Federal Contract Tower,0,10,28,29,67,2,0,39,16,57,2,10,67,45,124,12,46,58,182
09/18/2004,BRO,TX,ASW,CE,Federal Contract Tower,0,5,9,0,14,1,4,24,0,29,1,9,33,0,43,0,0,0,43
09/19/2004,BRO,TX,ASW,CE,Federal Contract Tower,0,9,14,4,27,0,10,35,0,45,0,19,49,4,72,40,0,40,112
09/20/2004,BRO,TX,ASW,CE,Federal Contract Tower,0,10,16,12,38,2,5,19,0,26,2,15,35,12,64,52,6,58,122
09/21/2004,BRO,TX,ASW,CE,Federal Contract Tower,0,10,18,14,42,2,0,38,0,40,2,10,56,14,82,30,0,30,112
09/22/2004,BRO,TX,ASW,CE,Federal Contract Tower,0,10,20,20,50,2,0,39,4,45,2,10,59,24,95,120,0,120,215
09/23/2004,BRO,TX,ASW,CE,Federal Contract Tower,0,10,19,11,40,0,0,44,0,44,0,10,63,11,84,10,0,10,94
09/24/2004,BRO,TX,ASW,CE,Federal Contract Tower,0,7,12,4,23,0,3,51,0,54,0,10,63,4,77,14,0,14,91
09/25/2004,BRO,TX,ASW,CE,Federal Contract Tower,0,5,9,6,20,2,4,10,0,16,2,9,19,6,36,20,0,20,56
09/26/2004,BRO,TX,ASW,CE,Federal Contract Tower,0,8,14,0,22,1,0,48,0,49,1,8,62,0,71,24,0,24,95
09/27/2004,BRO,TX,ASW,CE,Federal Contract Tower,0,12,21,21,54,0,0,10,5,15,0,12,31,26,69,10,0,10,79
09/28/2004,BRO,TX,ASW,CE,Federal Contract Tower,0,5,8,0,13,0,6,25,0,31,0,11,33,0,44,10,0,10,54
09/29/2004,BRO,TX,ASW,CE,Federal Contract Tower,0,7,12,4,23,0,5,49,0,54,0,12,61,4,77,10,0,10,87
09/30/2004,BRO,TX,ASW,CE,Federal Contract Tower,0,10,17,7,34,0,4,49,0,53,0,14,66,7,87,0,0,0,87
10/01/2004,BRO,TX,ASW,CE,Federal Contract Tower,0,12,19,0,31,0,0,47,0,47,0,12,66,0,78,18,10,28,106
10/02/2004,BRO,TX,ASW,CE,Federal Contract Tower,4,7,28,0,39,0,0,0,0,0,4,7,28,0,39,43,0,43,82
10/03/2004,BRO,TX,ASW,CE,Federal Contract Tower,1,15,10,0,26,0,0,18,0,18,1,15,28,0,44,12,0,12,56
10/04/2004,BRO,TX,ASW,CE,Federal Contract Tower,0,11,20,13,44,0,0,12,0,12,0,11,32,13,56,40,14,54,110
10/05/2004,BRO,TX,ASW,CE,Federal Contract Tower,0,7,9,11,27,0,0,12,0,12,0,7,21,11,39,12,24,36,75
10/06/2004,BRO,TX,ASW,CE,Federal Contract Tower,0,11,12,15,38,0,0,19,0,19,0,11,31,15,57,30,18,48,105
10/07/2004,BRO,TX,ASW,CE,Federal Contract Tower,0,9,16,34,59,0,0,29,0,29,0,9,45,34,88,0,14,14,102
10/08/2004,BRO,TX,ASW,CE,Federal Contract Tower,0,10,28,0,38,0,0,27,0,27,0,10,55,0,65,24,0,24,89
10/09/2004,BRO,TX,ASW,CE,Federal Contract Tower,3,9,17,0,29,0,0,27,0,27,3,9,44,0,56,36,1,37,93
10/10/2004,BRO,TX,ASW,CE,Federal Contract Tower,0,10,35,0,45,0,0,13,0,13,0,10,48,0,58,12,0,12,70
10/11/2004,BRO,TX,ASW,CE,Federal Contract Tower,0,10,11,0,21,0,0,20,0,20,0,10,31,0,41,4,0,4,45
10/12/2004,BRO,TX,ASW,CE,Federal Contract Tower,0,8,17,62,87,0,0,34,0,34,0,8,51,62,121,62,64,126,247
10/13/2004,BRO,TX,ASW,CE,Federal Contract Tower,2,11,9,70,92,0,0,42,0,42,2,11,51,70,134,0,64,64,198
10/14/2004,BRO,TX,ASW,CE,Federal Contract Tower,0,9,15,28,52,0,0,31,0,31,0,9,46,28,83,4,10,14,97
10/15/2004,BRO,TX,ASW,CE,Federal Contract Tower,0,14,17,20,51,0,0,46,0,46,0,14,63,20,97,40,12,52,149
10/16/2004,BRO,TX,ASW,CE,Federal Contract Tower,0,9,7,0,16,0,0,19,0,19,0,9,26,0,35,20,0,20,55
10/17/2004,BRO,TX,ASW,CE,Federal Contract Tower,1,13,18,0,32,0,0,12,0,12,1,13,30,0,44,6,0,6,50
10/18/2004,BRO,TX,ASW,CE,Federal Contract Tower,0,10,12,31,53,0,0,28,0,28,0,10,40,31,81,50,30,80,161
10/19/2004,BRO,TX,ASW,CE,Federal Contract Tower,2,9,3,48,62,0,0,32,0,32,2,9,35,48,94,32,52,84,178
10/20/2004,BRO,TX,ASW,CE,Federal Contract Tower,0,9,7,35,51,0,0,29,0,29,0,9,36,35,80,14,41,55,135
10/21/2004,BRO,TX,ASW,CE,Federal Contract Tower,0,9,30,9,48,0,0,31,0,31,0,9,61,9,79,13,10,23,102
10/22/2004,BRO,TX,ASW,CE,Federal Contract Tower,0,12,16,5,33,0,0,19,0,19,0,12,35,5,52,0,4,4,56
10/23/2004,BRO,TX,ASW,CE,Federal Contract Tower,0,9,14,0,23,0,0,25,0,25,0,9,39,0,48,20,0,20,68
10/24/2004,BRO,TX,ASW,CE,Federal Contract Tower,0,13,25,0,38,0,0,16,0,16,0,13,41,0,54,12,0,12,66
10/25/2004,BRO,TX,ASW,CE,Federal Contract Tower,2,12,16,23,53,0,0,19,0,19,2,12,35,23,72,0,26,26,98
10/26/2004,BRO,TX,ASW,CE,Federal Contract Tower,0,10,18,14,42,0,0,26,0,26,0,10,44,14,68,26,14,40,108
10/27/2004,BRO,TX,ASW,CE,Federal Contract Tower,2,8,11,29,50,0,0,43,0,43,2,8,54,29,93,0,36,36,129
10/28/2004,BRO,TX,ASW,CE,Federal Contract Tower,0,13,16,21,50,0,1,21,0,22,0,14,37,21,72,4,13,17,89
10/29/2004,BRO,TX,ASW,CE,Federal Contract Tower,1,9,28,20,58,1,0,42,0,43,2,9,70,20,101,10,22,32,133
10/30/2004,BRO,TX,ASW,CE,Federal Contract Tower,0,5,12,0,17,0,0,32,0,32,0,5,44,0,49,20,0,20,69
10/31/2004,BRO,TX,ASW,CE,Federal Contract Tower,0,10,19,0,29,0,0,20,0,20,0,10,39,0,49,2,0,2,51
11/01/2004,BRO,TX,ASW,CE,Federal Contract Tower,0,9,21,22,52,0,0,19,0,19,0,9,40,22,71,26,20,46,117
11/02/2004,BRO,TX,ASW,CE,Federal Contract Tower,0,12,20,27,59,0,0,21,0,21,0,12,41,27,80,26,30,56,136
11/03/2004,BRO,TX,ASW,CE,Federal Contract Tower,0,11,17,33,61,0,0,37,0,37,0,11,54,33,98,20,38,58,156
11/04/2004,BRO,TX,ASW,CE,Federal Contract Tower,0,9,26,68,103,0,0,40,0,40,0,9,66,68,143,4,44,48,191
11/05/2004,BRO,TX,ASW,CE,Federal Contract Tower,0,12,23,17,52,0,0,38,0,38,0,12,61,17,90,22,10,32,122
11/06/2004,BRO,TX,ASW,CE,Federal Contract Tower,0,8,15,0,23,0,0,39,0,39,0,8,54,0,62,34,0,34,96
11/07/2004,BRO,TX,ASW,CE,Federal Contract Tower,0,11,17,0,28,0,0,40,0,40,0,11,57,0,68,11,0,11,79
11/08/2004,BRO,TX,ASW,CE,Federal Contract Tower,0,12,13,27,52,0,0,25,0,25,0,12,38,27,77,16,20,36,113
11/09/2004,BRO,TX,ASW,CE,Federal Contract Tower,0,7,5,18,30,0,0,12,0,12,0,7,17,18,42,10,16,26,68
11/10/2004,BRO,TX,ASW,CE,Federal Contract Tower,0,10,24,38,72,0,0,39,0,39,0,10,63,38,111,46,34,80,191
11/11/2004,BRO,TX,ASW,CE,Federal Contract Tower,0,12,16,0,28,0,0,23,0,23,0,12,39,0,51,2,0,2,53
11/12/2004,BRO,TX,ASW,CE,Federal Contract Tower,2,17,27,10,56,0,0,37,0,37,2,17,64,10,93,4,8,12,105
11/13/2004,BRO,TX,ASW,CE,Federal Contract Tower,0,9,9,0,18,0,0,21,0,21,0,9,30,0,39,56,0,56,95
11/14/2004,BRO,TX,ASW,CE,Federal Contract Tower,0,15,31,0,46,0,0,17,0,17,0,15,48,0,63,0,0,0,63
11/15/2004,BRO,TX,ASW,CE,Federal Contract Tower,0,11,13,16,40,0,0,12,0,12,0,11,25,16,52,4,14,18,70
11/16/2004,BRO,TX,ASW,CE,Federal Contract Tower,0,11,25,96,132,0,0,18,0,18,0,11,43,96,150,0,93,93,243
11/17/2004,BRO,TX,ASW,CE,Federal Contract Tower,0,10,14,70,94,0,0,46,0,46,0,10,60,70,140,0,69,69,209
11/18/2004,BRO,TX,ASW,CE,Federal Contract Tower,0,12,33,27,72,0,0,28,0,28,0,12,61,27,100,4,11,15,115
11/19/2004,BRO,TX,ASW,CE,Federal Contract Tower,0,12,34,2,48,0,0,41,0,41,0,12,75,2,89,7,2,9,98
11/20/2004,BRO,TX,ASW,CE,Federal Contract Tower,0,11,24,10,45,0,0,36,0,36,0,11,60,10,81,15,2,17,98
11/21/2004,BRO,TX,ASW,CE,Federal Contract Tower,0,10,29,0,39,0,0,18,0,18,0,10,47,0,57,3,0,3,60
11/22/2004,BRO,TX,ASW,CE,Federal Contract Tower,0,10,23,66,99,0,0,10,0,10,0,10,33,66,109,4,44,48,157
11/23/2004,BRO,TX,ASW,CE,Federal Contract Tower,0,14,19,25,58,0,0,18,0,18,0,14,37,25,76,6,29,35,111
11/24/2004,BRO,TX,ASW,CE,Federal Contract Tower,0,12,16,11,39,0,0,19,0,19,0,12,35,11,58,2,11,13,71
11/25/2004,BRO,TX,ASW,CE,Federal Contract Tower,0,7,9,0,16,0,0,14,0,14,0,7,23,0,30,16,0,16,46
11/26/2004,BRO,TX,ASW,CE,Federal Contract Tower,0,7,4,0,11,0,0,23,0,23,0,7,27,0,34,2,0,2,36
11/27/2004,BRO,TX,ASW,CE,Federal Contract Tower,0,11,9,0,20,0,0,47,0,47,0,11,56,0,67,0,0,0,67
11/28/2004,BRO,TX,ASW,CE,Federal Contract Tower,0,12,15,0,27,0,0,18,0,18,0,12,33,0,45,10,0,10,55
11/29/2004,BRO,TX,ASW,CE,Federal Contract Tower,0,12,24,62,98,0,0,5,0,5,0,12,29,62,103,0,54,54,157
11/30/2004,BRO,TX,ASW,CE,Federal Contract Tower,0,14,24,22,60,0,0,11,0,11,0,14,35,22,71,0,32,32,103
12/01/2004,BRO,TX,ASW,CE,Federal Contract Tower,0,10,18,28,56,0,0,37,0,37,0,10,55,28,93,0,37,37,130
12/02/2004,BRO,TX,ASW,CE,Federal Contract Tower,0,9,32,10,51,0,0,19,0,19,0,9,51,10,70,6,8,14,84
12/03/2004,BRO,TX,ASW,CE,Federal Contract Tower,0,19,23,8,50,0,0,18,0,18,0,19,41,8,68,0,8,8,76
12/04/2004,BRO,TX,ASW,CE,Federal Contract Tower,0,7,32,2,41,0,0,5,0,5,0,7,37,2,46,0,0,0,46
12/05/2004,BRO,TX,ASW,CE,Federal Contract Tower,0,12,21,4,37,0,0,18,0,18,0,12,39,4,55,13,4,17,72
12/06/2004,BRO,TX,ASW,CE,Federal Contract Tower,0,13,11,28,52,0,0,20,0,20,0,13,31,28,72,0,28,28,100
12/07/2004,BRO,TX,ASW,CE,Federal Contract Tower,0,13,10,26,49,0,0,27,0,27,0,13,37,26,76,0,27,27,103
12/08/2004,BRO,TX,ASW,CE,Federal Contract Tower,0,14,18,17,49,0,0,42,0,42,0,14,60,17,91,0,16,16,107
12/09/2004,BRO,TX,ASW,CE,Federal Contract Tower,0,8,13,14,35,0,0,29,0,29,0,8,42,14,64,2,4,6,70
12/10/2004,BRO,TX,ASW,CE,Federal Contract Tower,0,12,18,4,34,0,0,37,0,37,0,12,55,4,71,3,2,5,76
12/11/2004,BRO,TX,ASW,CE,Federal Contract Tower,0,10,21,11,42,0,0,33,0,33,0,10,54,11,75,9,3,12,87
12/12/2004,BRO,TX,ASW,CE,Federal Contract Tower,0,7,14,0,21,0,0,11,0,11,0,7,25,0,32,20,0,20,52
12/13/2004,BRO,TX,ASW,CE,Federal Contract Tower,0,13,20,22,55,0,0,15,0,15,0,13,35,22,70,53,12,65,135
12/14/2004,BRO,TX,ASW,CE,Federal Contract Tower,0,8,4,44,56,0,0,25,0,25,0,8,29,44,81,6,42,48,129
12/15/2004,BRO,TX,ASW,CE,Federal Contract Tower,0,13,20,17,50,0,0,40,0,40,0,13,60,17,90,0,15,15,105
12/16/2004,BRO,TX,ASW,CE,Federal Contract Tower,0,12,23,31,66,0,0,36,0,36,0,12,59,31,102,16,15,31,133
12/17/2004,BRO,TX,ASW,CE,Federal Contract Tower,0,12,20,11,43,0,0,32,0,32,0,12,52,11,75,10,10,20,95
12/18/2004,BRO,TX,ASW,CE,Federal Contract Tower,0,9,23,0,32,0,0,33,0,33,0,9,56,0,65,9,0,9,74
12/19/2004,BRO,TX,ASW,CE,Federal Contract Tower,2,12,20,0,34,0,0,44,0,44,2,12,64,0,78,10,0,10,88
12/20/2004,BRO,TX,ASW,CE,Federal Contract Tower,0,13,15,35,63,0,0,36,0,36,0,13,51,35,99,0,16,16,115
12/21/2004,BRO,TX,ASW,CE,Federal Contract Tower,0,15,19,6,40,0,0,62,0,62,0,15,81,6,102,6,6,12,114
12/22/2004,BRO,TX,ASW,CE,Federal Contract Tower,0,14,27,9,50,0,0,50,0,50,0,14,77,9,100,0,9,9,109
12/23/2004,BRO,TX,ASW,CE,Federal Contract Tower,0,14,10,4,28,0,0,33,0,33,0,14,43,4,61,10,0,10,71
12/24/2004,BRO,TX,ASW,CE,Federal Contract Tower,0,9,9,0,18,0,0,0,0,0,0,9,9,0,18,0,0,0,18
12/25/2004,BRO,TX,ASW,CE,Federal Contract Tower,0,8,13,0,21,0,0,2,0,2,0,8,15,0,23,0,0,0,23
12/26/2004,BRO,TX,ASW,CE,Federal Contract Tower,0,11,46,0,57,0,0,19,0,19,0,11,65,0,76,16,0,16,92
12/27/2004,BRO,TX,ASW,CE,Federal Contract Tower,0,8,26,22,56,0,0,15,0,15,0,8,41,22,71,2,0,2,73
12/28/2004,BRO,TX,ASW,CE,Federal Contract Tower,0,16,24,13,53,0,0,25,0,25,0,16,49,13,78,0,11,11,89
12/29/2004,BRO,TX,ASW,CE,Federal Contract Tower,0,10,13,10,33,0,0,37,0,37,0,10,50,10,70,20,4,24,94
12/30/2004,BRO,TX,ASW,CE,Federal Contract Tower,0,9,18,0,27,0,0,57,0,57,0,9,75,0,84,12,0,12,96
12/31/2004,BRO,TX,ASW,CE,Federal Contract Tower,0,8,13,0,21,0,0,28,0,28,0,8,41,0,49,24,0,24,73
01/01/2005,BRO,TX,ASW,CE,Federal Contract Tower,0,10,18,0,28,0,0,14,0,14,0,10,32,0,42,8,0,8,50
01/02/2005,BRO,TX,ASW,CE,Federal Contract Tower,0,12,29,1,42,0,0,13,0,13,0,12,42,1,55,0,0,0,55
01/03/2005,BRO,TX,ASW,CE,Federal Contract Tower,0,9,14,4,27,0,0,23,0,23,0,9,37,4,50,10,4,14,64
01/04/2005,BRO,TX,ASW,CE,Federal Contract Tower,0,13,12,26,51,0,0,24,0,24,0,13,36,26,75,0,24,24,99
01/05/2005,BRO,TX,ASW,CE,Federal Contract Tower,0,12,27,26,65,0,0,14,0,14,0,12,41,26,79,10,22,32,111
01/06/2005,BRO,TX,ASW,CE,Federal Contract Tower,0,10,24,17,51,0,0,17,0,17,0,10,41,17,68,0,11,11,79
01/07/2005,BRO,TX,ASW,CE,Federal Contract Tower,0,12,27,5,44,0,0,3,0,3,0,12,30,5,47,0,5,5,52
01/08/2005,BRO,TX,ASW,CE,Federal Contract Tower,0,8,23,0,31,0,0,21,0,21,0,8,44,0,52,2,0,2,54
01/09/2005,BRO,TX,ASW,CE,Federal Contract Tower,0,10,21,0,31,0,0,14,0,14,0,10,35,0,45,0,0,0,45
01/10/2005,BRO,TX,ASW,CE,Federal Contract Tower,0,12,10,44,66,0,0,22,0,22,0,12,32,44,88,30,28,58,146
01/11/2005,BRO,TX,ASW,CE,Federal Contract Tower,0,15,17,47,79,0,0,26,0,26,0,15,43,47,105,0,46,46,151
01/12/2005,BRO,TX,ASW,CE,Federal Contract Tower,0,16,25,46,87,0,0,21,0,21,0,16,46,46,108,0,46,46,154
01/13/2005,BRO,TX,ASW,CE,Federal Contract Tower,1,12,21,49,83,1,0,33,0,34,2,12,54,49,117,6,25,31,148
01/14/2005,BRO,TX,ASW,CE,Federal Contract Tower,0,10,11,22,43,0,0,43,0,43,0,10,54,22,86,8,6,14,100
01/15/2005,BRO,TX,ASW,CE,Federal Contract Tower,0,10,15,0,25,0,0,33,0,33,0,10,48,0,58,22,0,22,80
01/16/2005,BRO,TX,ASW,CE,Federal Contract Tower,0,12,11,2,25,0,0,42,0,42,0,12,53,2,67,4,0,4,71
01/17/2005,BRO,TX,ASW,CE,Federal Contract Tower,0,9,16,2,27,0,0,14,0,14,0,9,30,2,41,1,0,1,42
01/18/2005,BRO,TX,ASW,CE,Federal Contract Tower,0,12,14,0,26,0,0,18,0,18,0,12,32,0,44,0,0,0,44
01/19/2005,BRO,TX,ASW,CE,Federal Contract Tower,0,11,5,29,45,0,0,0,0,0,0,11,5,29,45,12,11,23,68
01/20/2005,BRO,TX,ASW,CE,Federal Contract Tower,0,12,25,15,52,0,0,27,0,27,0,12,52,15,79,2,15,17,96
01/21/2005,BRO,TX,ASW,CE,Federal Contract Tower,0,13,20,18,51,0,0,43,0,43,0,13,63,18,94,1,16,17,111
01/22/2005,BRO,TX,ASW,CE,Federal Contract Tower,0,9,12,0,21,0,0,28,0,28,0,9,40,0,49,6,0,6,55
01/23/2005,BRO,TX,ASW,CE,Federal Contract Tower,0,13,14,0,27,0,0,21,0,21,0,13,35,0,48,2,0,2,50
01/24/2005,BRO,TX,ASW,CE,Federal Contract Tower,0,9,11,26,46,0,0,20,0,20,0,9,31,26,66,2,26,28,94
01/25/2005,BRO,TX,ASW,CE,Federal Contract Tower,0,10,13,17,40,0,0,22,0,22,0,10,35,17,62,0,17,17,79
01/26/2005,BRO,TX,ASW,CE,Federal Contract Tower,0,12,17,22,51,0,0,21,0,21,0,12,38,22,72,0,20,20,92
01/27/2005,BRO,TX,ASW,CE,Federal Contract Tower,0,10,20,41,71,0,0,25,0,25,0,10,45,41,96,12,25,37,133
01/28/2005,BRO,TX,ASW,CE,Federal Contract Tower,0,12,25,29,66,0,0,35,0,35,0,12,60,29,101,16,19,35,136
01/29/2005,BRO,TX,ASW,CE,Federal Contract Tower,0,8,34,0,42,0,0,25,0,25,0,8,59,0,67,51,0,51,118
01/30/2005,BRO,TX,ASW,CE,Federal Contract Tower,0,14,42,1,57,0,0,11,0,11,0,14,53,1,68,14,0,14,82
01/31/2005,BRO,TX,ASW,CE,Federal Contract Tower,0,9,21,21,51,0,0,0,0,0,0,9,21,21,51,0,14,14,65
02/01/2005,BRO,TX,ASW,CE,Federal Contract Tower,0,9,18,0,27,0,0,1,0,1,0,9,19,0,28,0,0,0,28
02/02/2005,BRO,TX,ASW,CE,Federal Contract Tower,0,9,37,21,67,0,0,18,0,18,0,9,55,21,85,16,21,37,122
02/03/2005,BRO,TX,ASW,CE,Federal Contract Tower,0,13,24,16,53,0,0,26,0,26,0,13,50,16,79,0,4,4,83
02/04/2005,BRO,TX,ASW,CE,Federal Contract Tower,2,11,13,21,47,0,0,40,0,40,2,11,53,21,87,2,19,21,108
02/05/2005,BRO,TX,ASW,CE,Federal Contract Tower,0,8,13,0,21,0,0,19,0,19,0,8,32,0,40,24,0,24,64
02/06/2005,BRO,TX,ASW,CE,Federal Contract Tower,0,13,24,0,37,0,0,16,0,16,0,13,40,0,53,6,0,6,59
02/07/2005,BRO,TX,ASW,CE,Federal Contract Tower,1,13,25,34,73,0,0,4,0,4,1,13,29,34,77,0,32,32,109
02/08/2005,BRO,TX,ASW,CE,Federal Contract Tower,0,10,16,6,32,0,0,17,0,17,0,10,33,6,49,10,6,16,65
02/09/2005,BRO,TX,ASW,CE,Federal Contract Tower,0,16,28,29,73,0,0,21,0,21,0,16,49,29,94,8,29,37,131
02/10/2005,BRO,TX,ASW,CE,Federal Contract Tower,0,15,38,19,72,0,0,26,0,26,0,15,64,19,98,2,14,16,114
02/11/2005,BRO,TX,ASW,CE,Federal Contract Tower,0,11,21,2,34,0,0,36,0,36,0,11,57,2,70,40,2,42,112
02/12/2005,BRO,TX,ASW,CE,Federal Contract Tower,0,9,13,2,24,0,0,23,0,23,0,9,36,2,47,15,0,15,62
02/13/2005,BRO,TX,ASW,CE,Federal Contract Tower,0,10,15,0,25,0,0,41,0,41,0,10,56,0,66,15,0,15,81
02/14/2005,BRO,TX,ASW,CE,Federal Contract Tower,0,11,8,56,75,0,0,21,0,21,0,11,29,56,96,4,48,52,148
02/15/2005,BRO,TX,ASW,CE,Federal Contract Tower,0,12,5,27,44,0,0,38,0,38,0,12,43,27,82,2,25,27,109
02/16/2005,BRO,TX,ASW,CE,Federal Contract Tower,0,8,9,22,39,0,0,40,0,40,0,8,49,22,79,10,22,32,111
02/17/2005,BRO,TX,ASW,CE,Federal Contract Tower,0,14,28,9,51,0,0,25,0,25,0,14,53,9,76,12,5,17,93
02/18/2005,BRO,TX,ASW,CE,Federal Contract Tower,0,17,41,18,76,0,0,36,0,36,0,17,77,18,112,0,16,16,128
02/19/2005,BRO,TX,ASW,CE,Federal Contract Tower,0,10,21,0,31,0,0,30,0,30,0,10,51,0,61,28,0,28,89
02/20/2005,BRO,TX,ASW,CE,Federal Contract Tower,0,14,9,0,23,0,0,26,0,26,0,14,35,0,49,0,0,0,49
02/21/2005,BRO,TX,ASW,CE,Federal Contract Tower,0,12,18,4,34,0,0,3,0,3,0,12,21,4,37,0,2,2,39
02/22/2005,BRO,TX,ASW,CE,Federal Contract Tower,0,18,23,28,69,0,0,9,0,9,0,18,32,28,78,0,28,28,106
02/23/2005,BRO,TX,ASW,CE,Federal Contract Tower,4,10,21,15,50,0,0,21,0,21,4,10,42,15,71,26,15,41,112
02/24/2005,BRO,TX,ASW,CE,Federal Contract Tower,0,9,23,10,42,0,0,16,0,16,0,9,39,10,58,0,0,0,58
02/25/2005,BRO,TX,ASW,CE,Federal Contract Tower,0,12,35,12,59,0,0,25,0,25,0,12,60,12,84,0,12,12,96
02/26/2005,BRO,TX,ASW,CE,Federal Contract Tower,0,12,17,1,30,0,0,2,0,2,0,12,19,1,32,0,10,10,42
02/27/2005,BRO,TX,ASW,CE,Federal Contract Tower,0,10,8,0,18,0,4,63,0,67,0,14,71,0,85,37,0,37,122
02/28/2005,BRO,TX,ASW,CE,Federal Contract Tower,0,10,8,33,51,0,0,16,0,16,0,10,24,33,67,6,12,18,85
03/01/2005,BRO,TX,ASW,CE,Federal Contract Tower,0,9,18,44,71,0,0,31,0,31,0,9,49,44,102,10,38,48,150
03/02/2005,BRO,TX,ASW,CE,Federal Contract Tower,2,14,23,16,55,0,0,17,0,17,2,14,40,16,72,28,16,44,116
03/03/2005,BRO,TX,ASW,CE,Federal Contract Tower,0,12,20,13,45,0,0,43,0,43,0,12,63,13,88,4,3,7,95
03/04/2005,BRO,TX,ASW,CE,Federal Contract Tower,0,13,15,13,41,0,0,44,0,44,0,13,59,13,85,16,13,29,114
03/05/2005,BRO,TX,ASW,CE,Federal Contract Tower,0,11,20,2,33,0,0,13,0,13,0,11,33,2,46,24,0,24,70
03/06/2005,BRO,TX,ASW,CE,Federal Contract Tower,0,10,22,0,32,0,0,7,0,7,0,10,29,0,39,5,0,5,44
03/07/2005,BRO,TX,ASW,CE,Federal Contract Tower,0,11,24,20,55,0,0,22,0,22,0,11,46,20,77,8,12,20,97
03/08/2005,BRO,TX,ASW,CE,Federal Contract Tower,0,11,15,20,46,0,0,30,0,30,0,11,45,20,76,0,20,20,96
03/09/2005,BRO,TX,ASW,CE,Federal Contract Tower,0,11,22,24,57,0,0,29,0,29,0,11,51,24,86,28,20,48,134
03/10/2005,BRO,TX,ASW,CE,Federal Contract Tower,0,11,9,38,58,0,0,61,0,61,0,11,70,38,119,14,24,38,157
03/11/2005,BRO,TX,ASW,CE,Federal Contract Tower,0,10,18,20,48,0,0,71,0,71,0,10,89,20,119,26,49,75,194
03/12/2005,BRO,TX,ASW,CE,Federal Contract Tower,0,9,11,2,22,0,0,34,0,34,0,9,45,2,56,32,0,32,88
03/13/2005,BRO,TX,ASW,CE,Federal Contract Tower,0,12,10,1,23,0,0,34,0,34,0,12,44,1,57,27,0,27,84
03/14/2005,BRO,TX,ASW,CE,Federal Contract Tower,0,12,13,35,60,0,0,16,0,16,0,12,29,35,76,0,8,8,84
03/15/2005,BRO,TX,ASW,CE,Federal Contract Tower,0,13,23,18,54,0,0,9,0,9,0,13,32,18,63,26,10,36,99
03/16/2005,BRO,TX,ASW,CE,Federal Contract Tower,0,15,41,6,62,0,0,6,0,6,0,15,47,6,68,0,6,6,74
03/17/2005,BRO,TX,ASW,CE,Federal Contract Tower,0,14,15,20,49,0,0,36,0,36,0,14,51,20,85,18,12,30,115
03/18/2005,BRO,TX,ASW,CE,Federal Contract Tower,0,15,12,33,60,0,0,46,0,46,0,15,58,33,106,10,27,37,143
03/19/2005,BRO,TX,ASW,CE,Federal Contract Tower,1,8,23,3,35,0,0,23,0,23,1,8,46,3,58,10,0,10,68
03/20/2005,BRO,TX,ASW,CE,Federal Contract Tower,0,16,23,3,42,0,0,30,0,30,0,16,53,3,72,2,0,2,74
03/21/2005,BRO,TX,ASW,CE,Federal Contract Tower,0,12,25,44,81,0,0,15,0,15,0,12,40,44,96,0,50,50,146
03/22/2005,BRO,TX,ASW,CE,Federal Contract Tower,0,9,10,22,41,0,0,33,0,33,0,9,43,22,74,30,16,46,120
03/23/2005,BRO,TX,ASW,CE,Federal Contract Tower,0,14,10,23,47,0,0,46,0,46,0,14,56,23,93,2,16,18,111
03/24/2005,BRO,TX,ASW,CE,Federal Contract Tower,0,12,22,19,53,0,0,36,0,36,0,12,58,19,89,0,7,7,96
03/25/2005,BRO,TX,ASW,CE,Federal Contract Tower,0,9,13,8,30,0,0,12,0,12,0,9,25,8,42,9,8,17,59
03/26/2005,BRO,TX,ASW,CE,Federal Contract Tower,0,8,24,0,32,0,0,16,0,16,0,8,40,0,48,44,0,44,92
03/27/2005,BRO,TX,ASW,CE,Federal Contract Tower,0,9,32,0,41,0,0,15,0,15,0,9,47,0,56,8,0,8,64
03/28/2005,BRO,TX,ASW,CE,Federal Contract Tower,0,10,20,38,68,0,0,11,0,11,0,10,31,38,79,16,38,54,133
03/29/2005,BRO,TX,ASW,CE,Federal Contract Tower,0,10,11,38,59,0,0,19,0,19,0,10,30,38,78,4,34,38,116
03/30/2005,BRO,TX,ASW,CE,Federal Contract Tower,0,11,27,18,56,0,0,23,0,23,0,11,50,18,79,16,17,33,112
03/31/2005,BRO,TX,ASW,CE,Federal Contract Tower,0,10,34,35,79,0,0,14,0,14,0,10,48,35,93,4,19,23,116
04/01/2005,BRO,TX,ASW,CE,Federal Contract Tower,0,13,17,1,31,0,0,16,0,16,0,13,33,1,47,0,0,0,47
04/02/2005,BRO,TX,ASW,CE,Federal Contract Tower,0,11,9,1,21,0,0,46,0,46,0,11,55,1,67,30,10,40,107
04/03/2005,BRO,TX,ASW,CE,Federal Contract Tower,0,9,14,4,27,0,0,13,0,13,0,9,27,4,40,24,4,28,68
04/04/2005,BRO,TX,ASW,CE,Federal Contract Tower,0,13,23,34,70,0,0,4,0,4,0,13,27,34,74,10,32,42,116
04/05/2005,BRO,TX,ASW,CE,Federal Contract Tower,0,14,11,58,83,0,0,7,0,7,0,14,18,58,90,14,48,62,152
04/06/2005,BRO,TX,ASW,CE,Federal Contract Tower,0,12,15,7,34,0,0,32,0,32,0,12,47,7,66,18,0,18,84
04/07/2005,BRO,TX,ASW,CE,Federal Contract Tower,0,9,18,4,31,0,0,13,0,13,0,9,31,4,44,2,4,6,50
04/08/2005,BRO,TX,ASW,CE,Federal Contract Tower,0,12,19,2,33,0,0,56,0,56,0,12,75,2,89,0,0,0,89
04/09/2005,BRO,TX,ASW,CE,Federal Contract Tower,0,9,17,0,26,0,0,10,0,10,0,9,27,0,36,0,0,0,36
04/10/2005,BRO,TX,ASW,CE,Federal Contract Tower,0,11,15,0,26,0,0,10,0,10,0,11,25,0,36,21,0,21,57
04/11/2005,BRO,TX,ASW,CE,Federal Contract Tower,0,12,14,0,26,0,0,6,0,6,0,12,20,0,32,0,0,0,32
04/12/2005,BRO,TX,ASW,CE,Federal Contract Tower,0,9,8,9,26,0,0,26,0,26,0,9,34,9,52,6,3,9,61
04/13/2005,BRO,TX,ASW,CE,Federal Contract Tower,0,10,21,20,51,0,0,23,0,23,0,10,44,20,74,30,8,38,112
04/14/2005,BRO,TX,ASW,CE,Federal Contract Tower,0,11,19,32,62,0,0,17,0,17,0,11,36,32,79,21,32,53,132
04/15/2005,BRO,TX,ASW,CE,Federal Contract Tower,0,10,10,10,30,0,0,38,0,38,0,10,48,10,68,16,8,24,92
04/16/2005,BRO,TX,ASW,CE,Federal Contract Tower,0,10,6,8,24,0,0,22,0,22,0,10,28,8,46,36,8,44,90
04/17/2005,BRO,TX,ASW,CE,Federal Contract Tower,0,9,17,0,26,0,0,14,0,14,0,9,31,0,40,0,0,0,40
04/18/2005,BRO,TX,ASW,CE,Federal Contract Tower,0,11,16,26,53,0,0,0,0,0,0,11,16,26,53,0,24,24,77
04/19/2005,BRO,TX,ASW,CE,Federal Contract Tower,0,9,11,38,58,0,0,14,0,14,0,9,25,38,72,18,34,52,124
04/20/2005,BRO,TX,ASW,CE,Federal Contract Tower,0,11,37,18,66,0,0,28,0,28,0,11,65,18,94,24,28,52,146
04/21/2005,BRO,TX,ASW,CE,Federal Contract Tower,0,14,23,11,48,0,0,38,0,38,0,14,61,11,86,18,11,29,115
04/22/2005,BRO,TX,ASW,CE,Federal Contract Tower,0,13,22,22,57,0,0,29,0,29,0,13,51,22,86,4,36,40,126
04/23/2005,BRO,TX,ASW,CE,Federal Contract Tower,0,10,7,11,28,0,0,19,0,19,0,10,26,11,47,16,3,19,66
04/24/2005,BRO,TX,ASW,CE,Federal Contract Tower,0,12,16,2,30,0,0,24,0,24,0,12,40,2,54,5,2,7,61
04/25/2005,BRO,TX,ASW,CE,Federal Contract Tower,1,16,13,34,64,0,0,11,0,11,1,16,24,34,75,6,30,36,111
04/26/2005,BRO,TX,ASW,CE,Federal Contract Tower,0,12,18,20,50,0,0,17,0,17,0,12,35,20,67,0,20,20,87
04/27/2005,BRO,TX,ASW,CE,Federal Contract Tower,0,11,19,4,34,0,0,26,0,26,0,11,45,4,60,10,2,12,72
04/28/2005,BRO,TX,ASW,CE,Federal Contract Tower,0,11,17,2,30,0,0,31,0,31,0,11,48,2,61,36,0,36,97
04/29/2005,BRO,TX,ASW,CE,Federal Contract Tower,0,11,18,4,33,0,0,19,0,19,0,11,37,4,52,0,4,4,56
04/30/2005,BRO,TX,ASW,CE,Federal Contract Tower,0,10,16,4,30,0,0,11,0,11,0,10,27,4,41,4,11,15,56
05/01/2005,BRO,TX,ASW,CE,Federal Contract Tower,0,13,14,0,27,0,0,17,0,17,0,13,31,0,44,22,0,22,66
05/02/2005,BRO,TX,ASW,CE,Federal Contract Tower,0,13,12,18,43,0,0,8,0,8,0,13,20,18,51,2,20,22,73
05/03/2005,BRO,TX,ASW,CE,Federal Contract Tower,0,9,13,30,52,0,0,18,0,18,0,9,31,30,70,20,30,50,120
05/04/2005,BRO,TX,ASW,CE,Federal Contract Tower,0,12,11,8,31,0,0,3,0,3,0,12,14,8,34,0,2,2,36
05/05/2005,BRO,TX,ASW,CE,Federal Contract Tower,0,12,21,26,59,0,0,23,0,23,0,12,44,26,82,0,16,16,98
05/06/2005,BRO,TX,ASW,CE,Federal Contract Tower,0,12,20,4,36,0,0,24,0,24,0,12,44,4,60,26,7,33,93
05/07/2005,BRO,TX,ASW,CE,Federal Contract Tower,0,12,17,0,29,0,0,19,0,19,0,12,36,0,48,18,0,18,66
05/08/2005,BRO,TX,ASW,CE,Federal Contract Tower,0,10,7,0,17,0,0,11,0,11,0,10,18,0,28,20,0,20,48
05/09/2005,BRO,TX,ASW,CE,Federal Contract Tower,0,10,19,70,99,0,0,6,0,6,0,10,25,70,105,10,70,80,185
05/10/2005,BRO,TX,ASW,CE,Federal Contract Tower,0,7,16,27,50,0,0,16,0,16,0,7,32,27,66,0,26,26,92
05/11/2005,BRO,TX,ASW,CE,Federal Contract Tower,0,9,22,13,44,0,0,19,0,19,0,9,41,13,63,0,12,12,75
05/12/2005,BRO,TX,ASW,CE,Federal Contract Tower,0,10,40,42,92,0,0,15,0,15,0,10,55,42,107,4,36,40,147
05/13/2005,BRO,TX,ASW,CE,Federal Contract Tower,0,10,38,16,64,0,0,20,0,20,0,10,58,16,84,33,16,49,133
05/14/2005,BRO,TX,ASW,CE,Federal Contract Tower,0,10,11,0,21,0,0,31,0,31,0,10,42,0,52,16,0,16,68
05/15/2005,BRO,TX,ASW,CE,Federal Contract Tower,0,10,29,0,39,0,0,17,0,17,0,10,46,0,56,6,0,6,62
05/16/2005,BRO,TX,ASW,CE,Federal Contract Tower,0,16,20,12,48,0,0,12,0,12,0,16,32,12,60,6,0,6,66
05/17/2005,BRO,TX,ASW,CE,Federal Contract Tower,0,8,11,29,48,0,0,22,0,22,0,8,33,29,70,0,27,27,97
05/18/2005,BRO,TX,ASW,CE,Federal Contract Tower,0,12,16,23,51,0,0,20,0,20,0,12,36,23,71,30,33,63,134
05/19/2005,BRO,TX,ASW,CE,Federal Contract Tower,0,10,17,9,36,0,0,32,0,32,0,10,49,9,68,24,0,24,92
05/20/2005,BRO,TX,ASW,CE,Federal Contract Tower,0,16,14,4,34,0,0,20,0,20,0,16,34,4,54,4,4,8,62
05/21/2005,BRO,TX,ASW,CE,Federal Contract Tower,0,13,14,0,27,0,0,23,0,23,0,13,37,0,50,41,0,41,91
05/22/2005,BRO,TX,ASW,CE,Federal Contract Tower,0,9,14,0,23,0,0,21,0,21,0,9,35,0,44,22,0,22,66
05/23/2005,BRO,TX,ASW,CE,Federal Contract Tower,0,15,8,35,58,0,0,11,0,11,0,15,19,35,69,0,46,46,115
05/24/2005,BRO,TX,ASW,CE,Federal Contract Tower,0,9,27,18,54,0,0,17,0,17,0,9,44,18,71,4,18,22,93
05/25/2005,BRO,TX,ASW,CE,Federal Contract Tower,0,10,14,36,60,0,0,27,0,27,0,10,41,36,87,0,30,30,117
05/26/2005,BRO,TX,ASW,CE,Federal Contract Tower,0,10,18,44,72,0,0,40,0,40,0,10,58,44,112,10,20,30,142
05/27/2005,BRO,TX,ASW,CE,Federal Contract Tower,0,10,23,0,33,0,0,27,0,27,0,10,50,0,60,18,0,18,78
05/28/2005,BRO,TX,ASW,CE,Federal Contract Tower,1,11,16,0,28,0,0,22,0,22,1,11,38,0,50,8,0,8,58
05/29/2005,BRO,TX,ASW,CE,Federal Contract Tower,0,7,21,0,28,0,0,10,0,10,0,7,31,0,38,10,0,10,48
05/30/2005,BRO,TX,ASW,CE,Federal Contract Tower,0,12,9,0,21,0,0,8,0,8,0,12,17,0,29,10,0,10,39
05/31/2005,BRO,TX,ASW,CE,Federal Contract Tower,0,14,7,34,55,0,0,24,0,24,0,14,31,34,79,4,48,52,131
06/01/2005,BRO,TX,ASW,CE,Federal Contract Tower,0,20,15,26,61,0,0,7,0,7,0,20,22,26,68,9,24,33,101
06/02/2005,BRO,TX,ASW,CE,Federal Contract Tower,1,15,16,43,75,0,0,37,0,37,1,15,53,43,112,20,21,41,153
06/03/2005,BRO,TX,ASW,CE,Federal Contract Tower,3,10,14,8,35,0,0,23,0,23,3,10,37,8,58,4,4,8,66
06/04/2005,BRO,TX,ASW,CE,Federal Contract Tower,1,10,7,0,18,0,0,17,0,17,1,10,24,0,35,0,0,0,35
06/05/2005,BRO,TX,ASW,CE,Federal Contract Tower,0,10,5,14,29,0,0,13,0,13,0,10,18,14,42,5,14,19,61
06/06/2005,BRO,TX,ASW,CE,Federal Contract Tower,0,10,21,66,97,0,0,11,0,11,0,10,32,66,108,20,56,76,184
06/07/2005,BRO,TX,ASW,CE,Federal Contract Tower,0,8,12,56,76,0,0,28,0,28,0,8,40,56,104,22,44,66,170
06/08/2005,BRO,TX,ASW,CE,Federal Contract Tower,0,16,12,42,70,0,0,32,0,32,0,16,44,42,102,20,102,122,224
06/09/2005,BRO,TX,ASW,CE,Federal Contract Tower,2,10,15,18,45,0,0,27,0,27,2,10,42,18,72,4,4,8,80
06/10/2005,BRO,TX,ASW,CE,Federal Contract Tower,1,13,22,14,50,0,0,30,0,30,1,13,52,14,80,38,6,44,124
06/11/2005,BRO,TX,ASW,CE,Federal Contract Tower,1,13,14,0,28,0,0,36,0,36,1,13,50,0,64,57,0,57,121
06/12/2005,BRO,TX,ASW,CE,Federal Contract Tower,1,11,7,1,20,0,0,16,0,16,1,11,23,1,36,20,0,20,56
06/13/2005,BRO,TX,ASW,CE,Federal Contract Tower,2,10,9,26,47,0,0,15,0,15,2,10,24,26,62,48,26,74,136
06/14/2005,BRO,TX,ASW,CE,Federal Contract Tower,0,13,11,29,53,0,0,46,0,46,0,13,57,29,99,12,51,63,162
06/15/2005,BRO,TX,ASW,CE,Federal Contract Tower,0,15,6,33,54,0,0,21,0,21,0,15,27,33,75,36,27,63,138
06/16/2005,BRO,TX,ASW,CE,Federal Contract Tower,0,10,19,26,55,0,0,17,0,17,0,10,36,26,72,16,14,30,102
06/17/2005,BRO,TX,ASW,CE,Federal Contract Tower,3,11,15,6,35,0,0,29,0,29,3,11,44,6,64,28,2,30,94
06/18/2005,BRO,TX,ASW,CE,Federal Contract Tower,0,13,19,4,36,0,0,40,0,40,0,13,59,4,76,0,0,0,76
06/19/2005,BRO,TX,ASW,CE,Federal Contract Tower,0,11,10,2,23,0,0,30,0,30,0,11,40,2,53,6,0,6,59
06/20/2005,BRO,TX,ASW,CE,Federal Contract Tower,0,12,19,56,87,0,0,0,12,12,0,12,19,68,99,20,72,92,191
06/21/2005,BRO,TX,ASW,CE,Federal Contract Tower,0,12,18,61,91,0,0,25,0,25,0,12,43,61,116,24,60,84,200
06/22/2005,BRO,TX,ASW,CE,Federal Contract Tower,0,8,22,31,61,0,0,28,0,28,0,8,50,31,89,30,17,47,136
06/23/2005,BRO,TX,ASW,CE,Federal Contract Tower,0,12,24,24,60,0,0,30,0,30,0,12,54,24,90,4,24,28,118
06/24/2005,BRO,TX,ASW,CE,Federal Contract Tower,0,15,25,2,42,0,0,37,1,38,0,15,62,3,80,4,2,6,86
06/25/2005,BRO,TX,ASW,CE,Federal Contract Tower,2,11,12,4,29,0,0,36,0,36,2,11,48,4,65,30,0,30,95
06/26/2005,BRO,TX,ASW,CE,Federal Contract Tower,2,18,23,0,43,0,0,7,0,7,2,18,30,0,50,2,0,2,52
06/27/2005,BRO,TX,ASW,CE,Federal Contract Tower,0,12,15,74,101,0,0,13,0,13,0,12,28,74,114,2,70,72,186
06/28/2005,BRO,TX,ASW,CE,Federal Contract Tower,2,13,21,53,89,0,0,27,0,27,2,13,48,53,116,10,45,55,171
06/29/2005,BRO,TX,ASW,CE,Federal Contract Tower,0,10,14,13,37,0,0,23,0,23,0,10,37,13,60,18,12,30,90
06/30/2005,BRO,TX,ASW,CE,Federal Contract Tower,4,12,26,10,52,0,0,26,0,26,4,12,52,10,78,0,12,12,90
07/01/2005,BRO,TX,ASW,CE,Federal Contract Tower,3,11,21,37,72,0,0,24,0,24,3,11,45,37,96,20,29,49,145
07/02/2005,BRO,TX,ASW,CE,Federal Contract Tower,0,9,11,0,20,0,0,29,0,29,0,9,40,0,49,22,0,22,71
07/03/2005,BRO,TX,ASW,CE,Federal Contract Tower,0,8,12,0,20,0,0,14,0,14,0,8,26,0,34,0,0,0,34
07/04/2005,BRO,TX,ASW,CE,Federal Contract Tower,0,11,13,2,26,0,0,16,0,16,0,11,29,2,42,0,2,2,44
07/05/2005,BRO,TX,ASW,CE,Federal Contract Tower,0,15,19,46,80,0,0,22,0,22,0,15,41,46,102,18,42,60,162
07/06/2005,BRO,TX,ASW,CE,Federal Contract Tower,0,18,20,41,79,0,0,31,0,31,0,18,51,41,110,26,63,89,199
07/07/2005,BRO,TX,ASW,CE,Federal Contract Tower,0,12,18,20,50,0,0,20,0,20,0,12,38,20,70,0,10,10,80
07/08/2005,BRO,TX,ASW,CE,Federal Contract Tower,0,10,17,47,74,0,0,47,0,47,0,10,64,47,121,30,39,69,190
07/09/2005,BRO,TX,ASW,CE,Federal Contract Tower,0,11,19,0,30,0,0,31,0,31,0,11,50,0,61,2,0,2,63
07/10/2005,BRO,TX,ASW,CE,Federal Contract Tower,1,10,16,0,27,0,0,10,0,10,1,10,26,0,37,0,0,0,37
07/11/2005,BRO,TX,ASW,CE,Federal Contract Tower,0,13,18,81,112,0,0,8,0,8,0,13,26,81,120,12,76,88,208
07/12/2005,BRO,TX,ASW,CE,Federal Contract Tower,0,12,11,30,53,0,0,25,0,25,0,12,36,30,78,6,28,34,112
07/13/2005,BRO,TX,ASW,CE,Federal Contract Tower,0,8,20,16,44,0,0,22,0,22,0,8,42,16,66,6,10,16,82
07/14/2005,BRO,TX,ASW,CE,Federal Contract Tower,0,13,23,55,91,0,0,29,0,29,0,13,52,55,120,6,33,39,159
07/15/2005,BRO,TX,ASW,CE,Federal Contract Tower,0,20,21,10,51,0,0,46,0,46,0,20,67,10,97,12,12,24,121
07/16/2005,BRO,TX,ASW,CE,Federal Contract Tower,0,12,21,8,41,0,0,21,0,21,0,12,42,8,62,8,6,14,76
07/17/2005,BRO,TX,ASW,CE,Federal Contract Tower,0,12,19,0,31,0,0,10,0,10,0,12,29,0,41,28,0,28,69
07/18/2005,BRO,TX,ASW,CE,Federal Contract Tower,0,19,25,10,54,0,0,11,0,11,0,19,36,10,65,2,8,10,75
07/19/2005,BRO,TX,ASW,CE,Federal Contract Tower,0,8,3,0,11,0,0,7,0,7,0,8,10,0,18,0,4,4,22
07/20/2005,BRO,TX,ASW,CE,Federal Contract Tower,0,2,0,0,2,0,0,0,2,2,0,2,0,2,4,0,0,0,4
07/21/2005,BRO,TX,ASW,CE,Federal Contract Tower,0,16,19,20,55,0,0,8,0,8,0,16,27,20,63,0,12,12,75
07/22/2005,BRO,TX,ASW,CE,Federal Contract Tower,0,21,31,24,76,0,0,42,0,42,0,21,73,24,118,2,24,26,144
07/23/2005,BRO,TX,ASW,CE,Federal Contract Tower,0,15,10,6,31,0,0,19,0,19,0,15,29,6,50,8,6,14,64
07/24/2005,BRO,TX,ASW,CE,Federal Contract Tower,0,15,17,28,60,0,0,8,0,8,0,15,25,28,68,8,27,35,103
07/25/2005,BRO,TX,ASW,CE,Federal Contract Tower,0,17,20,87,124,0,0,26,0,26,0,17,46,87,150,11,87,98,248
07/26/2005,BRO,TX,ASW,CE,Federal Contract Tower,1,21,18,17,57,0,0,25,0,25,1,21,43,17,82,6,17,23,105
07/27/2005,BRO,TX,ASW,CE,Federal Contract Tower,2,14,14,49,79,0,0,22,0,22,2,14,36,49,101,0,97,97,198
07/28/2005,BRO,TX,ASW,CE,Federal Contract Tower,0,19,26,52,97,0,0,31,0,31,0,19,57,52,128,6,44,50,178
07/29/2005,BRO,TX,ASW,CE,Federal Contract Tower,0,21,37,31,89,0,0,27,0,27,0,21,64,31,116,0,31,31,147
07/30/2005,BRO,TX,ASW,CE,Federal Contract Tower,0,9,24,0,33,0,0,18,0,18,0,9,42,0,51,0,0,0,51
07/31/2005,BRO,TX,ASW,CE,Federal Contract Tower,0,14,29,0,43,0,0,18,0,18,0,14,47,0,61,2,0,2,63
08/01/2005,BRO,TX,ASW,CE,Federal Contract Tower,0,21,22,44,87,0,0,30,0,30,0,21,52,44,117,0,44,44,161
08/02/2005,BRO,TX,ASW,CE,Federal Contract Tower,0,16,14,22,52,0,0,26,0,26,0,16,40,22,78,6,25,31,109
08/03/2005,BRO,TX,ASW,CE,Federal Contract Tower,0,15,5,25,45,0,0,42,0,42,0,15,47,25,87,10,25,35,122
08/04/2005,BRO,TX,ASW,CE,Federal Contract Tower,0,18,29,18,65,0,0,20,0,20,0,18,49,18,85,4,12,16,101
08/05/2005,BRO,TX,ASW,CE,Federal Contract Tower,0,20,21,25,66,0,0,38,0,38,0,20,59,25,104,2,22,24,128
08/06/2005,BRO,TX,ASW,CE,Federal Contract Tower,2,17,11,7,37,0,0,40,0,40,2,17,51,7,77,1,7,8,85
08/07/2005,BRO,TX,ASW,CE,Federal Contract Tower,0,15,18,0,33,0,0,19,0,19,0,15,37,0,52,0,0,0,52
08/08/2005,BRO,TX,ASW,CE,Federal Contract Tower,0,12,21,19,52,0,0,15,0,15,0,12,36,19,67,0,13,13,80
08/09/2005,BRO,TX,ASW,CE,Federal Contract Tower,2,15,9,25,51,0,0,24,0,24,2,15,33,25,75,16,21,37,112
08/10/2005,BRO,TX,ASW,CE,Federal Contract Tower,0,17,20,56,93,0,0,31,0,31,0,17,51,56,124,0,54,54,178
08/11/2005,BRO,TX,ASW,CE,Federal Contract Tower,0,18,13,37,68,0,0,22,0,22,0,18,35,37,90,25,37,62,152
08/12/2005,BRO,TX,ASW,CE,Federal Contract Tower,0,20,18,36,74,0,0,39,0,39,0,20,57,36,113,6,42,48,161
08/13/2005,BRO,TX,ASW,CE,Federal Contract Tower,0,14,9,0,23,0,0,31,0,31,0,14,40,0,54,0,0,0,54
08/14/2005,BRO,TX,ASW,CE,Federal Contract Tower,0,12,12,0,24,0,0,14,0,14,0,12,26,0,38,4,0,4,42
08/15/2005,BRO,TX,ASW,CE,Federal Contract Tower,0,11,17,76,104,0,0,15,0,15,0,11,32,76,119,14,66,80,199
08/16/2005,BRO,TX,ASW,CE,Federal Contract Tower,0,11,19,53,83,0,0,33,0,33,0,11,52,53,116,4,41,45,161
08/17/2005,BRO,TX,ASW,CE,Federal Contract Tower,0,16,15,35,66,0,0,27,0,27,0,16,42,35,93,4,35,39,132
08/18/2005,BRO,TX,ASW,CE,Federal Contract Tower,0,19,14,29,62,0,0,54,0,54,0,19,68,29,116,10,29,39,155
08/19/2005,BRO,TX,ASW,CE,Federal Contract Tower,0,11,29,51,91,0,0,38,0,38,0,11,67,51,129,8,51,59,188
08/20/2005,BRO,TX,ASW,CE,Federal Contract Tower,0,13,15,4,32,0,0,37,0,37,0,13,52,4,69,22,2,24,93
08/21/2005,BRO,TX,ASW,CE,Federal Contract Tower,0,13,13,28,54,0,0,33,0,33,0,13,46,28,87,4,28,32,119
08/22/2005,BRO,TX,ASW,CE,Federal Contract Tower,0,14,7,21,42,0,0,20,0,20,0,14,27,21,62,20,17,37,99
08/23/2005,BRO,TX,ASW,CE,Federal Contract Tower,0,11,21,45,77,0,0,34,0,34,0,11,55,45,111,2,33,35,146
08/24/2005,BRO,TX,ASW,CE,Federal Contract Tower,0,13,25,25,63,0,0,37,0,37,0,13,62,25,100,14,23,37,137
08/25/2005,BRO,TX,ASW,CE,Federal Contract Tower,0,12,17,10,39,0,0,30,0,30,0,12,47,10,69,2,10,12,81
08/26/2005,BRO,TX,ASW,CE,Federal Contract Tower,0,14,10,22,46,0,0,38,0,38,0,14,48,22,84,4,22,26,110
08/27/2005,BRO,TX,ASW,CE,Federal Contract Tower,0,15,12,0,27,0,0,28,0,28,0,15,40,0,55,0,0,0,55
08/28/2005,BRO,TX,ASW,CE,Federal Contract Tower,0,12,15,0,27,0,0,18,0,18,0,12,33,0,45,9,0,9,54
08/29/2005,BRO,TX,ASW,CE,Federal Contract Tower,0,14,10,29,53,0,0,13,0,13,0,14,23,29,66,0,26,26,92
08/30/2005,BRO,TX,ASW,CE,Federal Contract Tower,0,11,17,27,55,0,0,13,0,13,0,11,30,27,68,18,22,40,108
08/31/2005,BRO,TX,ASW,CE,Federal Contract Tower,0,20,17,10,47,0,0,29,0,29,0,20,46,10,76,0,10,10,86
09/01/2005,BRO,TX,ASW,CE,Federal Contract Tower,0,13,20,8,41,0,0,10,0,10,0,13,30,8,51,0,8,8,59
09/02/2005,BRO,TX,ASW,CE,Federal Contract Tower,0,18,15,0,33,0,0,20,0,20,0,18,35,0,53,0,0,0,53
09/03/2005,BRO,TX,ASW,CE,Federal Contract Tower,0,20,18,0,38,0,0,15,0,15,0,20,33,0,53,0,0,0,53
09/04/2005,BRO,TX,ASW,CE,Federal Contract Tower,0,4,14,0,18,0,0,8,0,8,0,4,22,0,26,20,0,20,46
09/05/2005,BRO,TX,ASW,CE,Federal Contract Tower,0,14,28,0,42,0,0,16,0,16,0,14,44,0,58,0,0,0,58
09/06/2005,BRO,TX,ASW,CE,Federal Contract Tower,2,11,18,26,57,0,0,25,0,25,2,11,43,26,82,39,24,63,145
09/07/2005,BRO,TX,ASW,CE,Federal Contract Tower,0,20,23,4,47,0,0,24,0,24,0,20,47,4,71,0,2,2,73
09/08/2005,BRO,TX,ASW,CE,Federal Contract Tower,0,20,10,0,30,0,0,17,0,17,0,20,27,0,47,0,0,0,47
09/09/2005,BRO,TX,ASW,CE,Federal Contract Tower,0,20,9,5,34,0,0,21,0,21,0,20,30,5,55,8,5,13,68
09/10/2005,BRO,TX,ASW,CE,Federal Contract Tower,0,14,14,0,28,0,0,28,0,28,0,14,42,0,56,0,0,0,56
09/11/2005,BRO,TX,ASW,CE,Federal Contract Tower,0,8,5,12,25,0,0,18,0,18,0,8,23,12,43,8,13,21,64
09/12/2005,BRO,TX,ASW,CE,Federal Contract Tower,0,13,12,15,40,0,0,9,0,9,0,13,21,15,49,4,15,19,68
09/13/2005,BRO,TX,ASW,CE,Federal Contract Tower,0,12,13,14,39,0,0,16,0,16,0,12,29,14,55,10,14,24,79
09/14/2005,BRO,TX,ASW,CE,Federal Contract Tower,0,19,12,11,42,0,0,42,0,42,0,19,54,11,84,12,7,19,103
09/15/2005,BRO,TX,ASW,CE,Federal Contract Tower,0,14,35,14,63,0,0,31,0,31,0,14,66,14,94,20,13,33,127
09/16/2005,BRO,TX,ASW,CE,Federal Contract Tower,0,16,6,5,27,0,0,32,0,32,0,16,38,5,59,4,1,5,64
09/17/2005,BRO,TX,ASW,CE,Federal Contract Tower,0,11,8,2,21,0,0,27,0,27,0,11,35,2,48,40,2,42,90
09/18/2005,BRO,TX,ASW,CE,Federal Contract Tower,0,8,15,6,29,0,0,25,0,25,0,8,40,6,54,18,0,18,72
09/19/2005,BRO,TX,ASW,CE,Federal Contract Tower,0,18,13,6,37,0,0,16,0,16,0,18,29,6,53,6,9,15,68
09/20/2005,BRO,TX,ASW,CE,Federal Contract Tower,0,20,18,6,44,0,0,28,0,28,0,20,46,6,72,0,4,4,76
09/21/2005,BRO,TX,ASW,CE,Federal Contract Tower,0,11,11,0,22,0,0,24,0,24,0,11,35,0,46,10,0,10,56
09/22/2005,BRO,TX,ASW,CE,Federal Contract Tower,0,7,19,0,26,0,0,29,0,29,0,7,48,0,55,0,0,0,55
09/23/2005,BRO,TX,ASW,CE,Federal Contract Tower,0,3,2,0,5,0,0,36,0,36,0,3,38,0,41,8,0,8,49
09/24/2005,BRO,TX,ASW,CE,Federal Contract Tower,0,4,0,0,4,0,0,13,0,13,0,4,13,0,17,40,0,40,57
09/25/2005,BRO,TX,ASW,CE,Federal Contract Tower,0,4,14,0,18,0,0,19,0,19,0,4,33,0,37,0,0,0,37
09/26/2005,BRO,TX,ASW,CE,Federal Contract Tower,0,14,13,16,43,0,0,14,0,14,0,14,27,16,57,4,12,16,73
09/27/2005,BRO,TX,ASW,CE,Federal Contract Tower,0,22,21,8,51,0,0,39,0,39,0,22,60,8,90,22,6,28,118
09/28/2005,BRO,TX,ASW,CE,Federal Contract Tower,0,11,19,7,37,0,0,50,0,50,0,11,69,7,87,8,7,15,102
09/29/2005,BRO,TX,ASW,CE,Federal Contract Tower,0,7,5,8,20,0,0,43,0,43,0,7,48,8,63,0,4,4,67
09/30/2005,BRO,TX,ASW,CE,Federal Contract Tower,0,10,16,0,26,0,0,27,0,27,0,10,43,0,53,48,15,63,116
10/01/2005,BRO,TX,ASW,CE,Federal Contract Tower,0,10,15,0,25,0,0,37,0,37,0,10,52,0,62,26,0,26,88
10/02/2005,BRO,TX,ASW,CE,Federal Contract Tower,0,14,5,0,19,0,0,12,0,12,0,14,17,0,31,0,0,0,31
10/03/2005,BRO,TX,ASW,CE,Federal Contract Tower,0,12,10,8,30,0,0,13,0,13,0,12,23,8,43,4,6,10,53
10/04/2005,BRO,TX,ASW,CE,Federal Contract Tower,0,9,12,17,38,0,0,14,0,14,0,9,26,17,52,10,28,38,90
10/05/2005,BRO,TX,ASW,CE,Federal Contract Tower,1,14,17,7,39,0,0,17,0,17,1,14,34,7,56,0,5,5,61
10/06/2005,BRO,TX,ASW,CE,Federal Contract Tower,2,20,19,26,67,0,0,17,0,17,2,20,36,26,84,8,17,25,109
10/07/2005,BRO,TX,ASW,CE,Federal Contract Tower,0,17,11,14,42,0,0,15,0,15,0,17,26,14,57,10,8,18,75
10/08/2005,BRO,TX,ASW,CE,Federal Contract Tower,0,16,6,0,22,0,0,33,0,33,0,16,39,0,55,30,0,30,85
10/09/2005,BRO,TX,ASW,CE,Federal Contract Tower,0,13,15,0,28,0,0,31,0,31,0,13,46,0,59,20,0,20,79
10/10/2005,BRO,TX,ASW,CE,Federal Contract Tower,3,14,11,4,32,0,0,5,0,5,3,14,16,4,37,0,2,2,39
10/11/2005,BRO,TX,ASW,CE,Federal Contract Tower,0,17,20,2,39,0,0,11,0,11,0,17,31,2,50,0,2,2,52
10/12/2005,BRO,TX,ASW,CE,Federal Contract Tower,0,15,17,15,47,0,0,17,0,17,0,15,34,15,64,4,52,56,120
10/13/2005,BRO,TX,ASW,CE,Federal Contract Tower,1,20,14,28,63,0,0,28,0,28,1,20,42,28,91,6,52,58,149
10/14/2005,BRO,TX,ASW,CE,Federal Contract Tower,0,14,8,30,52,0,0,36,0,36,0,14,44,30,88,100,30,130,218
10/15/2005,BRO,TX,ASW,CE,Federal Contract Tower,0,14,10,0,24,0,0,19,0,19,0,14,29,0,43,72,0,72,115
10/16/2005,BRO,TX,ASW,CE,Federal Contract Tower,0,12,11,6,29,0,0,16,0,16,0,12,27,6,45,84,6,90,135
10/17/2005,BRO,TX,ASW,CE,Federal Contract Tower,0,19,11,10,40,0,0,21,0,21,0,19,32,10,61,28,16,44,105
10/18/2005,BRO,TX,ASW,CE,Federal Contract Tower,0,14,17,31,62,0,0,14,0,14,0,14,31,31,76,4,54,58,134
10/19/2005,BRO,TX,ASW,CE,Federal Contract Tower,0,20,7,16,43,0,0,28,0,28,0,20,35,16,71,28,12,40,111
10/20/2005,BRO,TX,ASW,CE,Federal Contract Tower,0,16,16,24,56,0,0,30,0,30,0,16,46,24,86,48,24,72,158
10/21/2005,BRO,TX,ASW,CE,Federal Contract Tower,0,12,16,2,30,0,0,39,0,39,0,12,55,2,69,44,2,46,115
10/22/2005,BRO,TX,ASW,CE,Federal Contract Tower,0,12,29,0,41,0,0,36,0,36,0,12,65,0,77,106,0,106,183
10/23/2005,BRO,TX,ASW,CE,Federal Contract Tower,0,19,8,0,27,0,0,33,0,33,0,19,41,0,60,94,0,94,154
10/24/2005,BRO,TX,ASW,CE,Federal Contract Tower,0,20,20,14,54,0,0,3,0,3,0,20,23,14,57,0,16,16,73
10/25/2005,BRO,TX,ASW,CE,Federal Contract Tower,0,18,18,12,48,0,0,23,0,23,0,18,41,12,71,34,6,40,111
10/26/2005,BRO,TX,ASW,CE,Federal Contract Tower,0,17,21,12,50,0,0,30,0,30,0,17,51,12,80,24,12,36,116
10/27/2005,BRO,TX,ASW,CE,Federal Contract Tower,0,13,28,0,41,0,0,19,0,19,0,13,47,0,60,10,0,10,70
10/28/2005,BRO,TX,ASW,CE,Federal Contract Tower,0,19,24,16,59,0,0,15,0,15,0,19,39,16,74,10,20,30,104
10/29/2005,BRO,TX,ASW,CE,Federal Contract Tower,0,10,6,0,16,0,0,52,0,52,0,10,58,0,68,84,0,84,152
10/30/2005,BRO,TX,ASW,CE,Federal Contract Tower,0,15,10,4,29,0,0,23,0,23,0,15,33,4,52,50,2,52,104
10/31/2005,BRO,TX,ASW,CE,Federal Contract Tower,0,15,13,8,36,0,0,8,0,8,0,15,21,8,44,22,8,30,74
11/01/2005,BRO,TX,ASW,CE,Federal Contract Tower,0,14,15,12,41,0,0,20,0,20,0,14,35,12,61,20,10,30,91
11/02/2005,BRO,TX,ASW,CE,Federal Contract Tower,0,15,16,8,39,0,0,20,0,20,0,15,36,8,59,8,8,16,75
11/03/2005,BRO,TX,ASW,CE,Federal Contract Tower,0,13,21,6,40,0,0,26,0,26,0,13,47,6,66,58,6,64,130
11/04/2005,BRO,TX,ASW,CE,Federal Contract Tower,0,19,14,10,43,0,0,25,0,25,0,19,39,10,68,80,10,90,158
11/05/2005,BRO,TX,ASW,CE,Federal Contract Tower,0,10,3,2,15,0,0,36,0,36,0,10,39,2,51,58,0,58,109
11/06/2005,BRO,TX,ASW,CE,Federal Contract Tower,0,14,14,0,28,0,0,26,0,26,0,14,40,0,54,144,0,144,198
11/07/2005,BRO,TX,ASW,CE,Federal Contract Tower,0,13,21,8,42,0,0,15,0,15,0,13,36,8,57,58,24,82,139
11/08/2005,BRO,TX,ASW,CE,Federal Contract Tower,0,11,14,2,27,0,0,25,0,25,0,11,39,2,52,6,0,6,58
11/09/2005,BRO,TX,ASW,CE,Federal Contract Tower,0,29,15,10,54,0,0,36,0,36,0,29,51,10,90,40,10,50,140
11/10/2005,BRO,TX,ASW,CE,Federal Contract Tower,2,15,6,30,53,0,0,30,0,30,2,15,36,30,83,30,22,52,135
11/11/2005,BRO,TX,ASW,CE,Federal Contract Tower,0,14,18,0,32,0,0,37,0,37,0,14,55,0,69,20,0,20,89
11/12/2005,BRO,TX,ASW,CE,Federal Contract Tower,0,11,9,0,20,0,0,33,0,33,0,11,42,0,53,150,0,150,203
11/13/2005,BRO,TX,ASW,CE,Federal Contract Tower,0,15,8,0,23,0,0,18,0,18,0,15,26,0,41,20,0,20,61
11/14/2005,BRO,TX,ASW,CE,Federal Contract Tower,0,14,16,8,38,0,0,23,0,23,0,14,39,8,61,22,10,32,93
11/15/2005,BRO,TX,ASW,CE,Federal Contract Tower,1,16,17,8,42,0,0,23,0,23,1,16,40,8,65,6,2,8,73
11/16/2005,BRO,TX,ASW,CE,Federal Contract Tower,0,24,14,6,44,0,0,27,0,27,0,24,41,6,71,0,14,14,85
11/17/2005,BRO,TX,ASW,CE,Federal Contract Tower,0,22,32,20,74,0,0,36,0,36,0,22,68,20,110,34,6,40,150
11/18/2005,BRO,TX,ASW,CE,Federal Contract Tower,0,14,21,6,41,0,0,24,0,24,0,14,45,6,65,16,4,20,85
11/19/2005,BRO,TX,ASW,CE,Federal Contract Tower,0,11,23,0,34,0,0,24,0,24,0,11,47,0,58,80,0,80,138
11/20/2005,BRO,TX,ASW,CE,Federal Contract Tower,0,11,7,2,20,0,0,32,0,32,0,11,39,2,52,20,0,20,72
11/21/2005,BRO,TX,ASW,CE,Federal Contract Tower,0,13,7,13,33,0,0,31,0,31,0,13,38,13,64,24,13,37,101
11/22/2005,BRO,TX,ASW,CE,Federal Contract Tower,0,13,10,6,29,0,0,36,0,36,0,13,46,6,65,82,6,88,153
11/23/2005,BRO,TX,ASW,CE,Federal Contract Tower,0,17,19,6,42,0,0,52,0,52,0,17,71,6,94,0,4,4,98
11/24/2005,BRO,TX,ASW,CE,Federal Contract Tower,0,10,6,0,16,0,0,6,0,6,0,10,12,0,22,10,0,10,32
11/25/2005,BRO,TX,ASW,CE,Federal Contract Tower,0,7,7,0,14,0,0,31,0,31,0,7,38,0,45,0,0,0,45
11/26/2005,BRO,TX,ASW,CE,Federal Contract Tower,0,10,5,0,15,0,0,15,0,15,0,10,20,0,30,60,0,60,90
11/27/2005,BRO,TX,ASW,CE,Federal Contract Tower,0,16,20,0,36,0,0,0,0,0,0,16,20,0,36,0,0,0,36
11/28/2005,BRO,TX,ASW,CE,Federal Contract Tower,0,14,9,14,37,0,0,22,0,22,0,14,31,14,59,10,14,24,83
11/29/2005,BRO,TX,ASW,CE,Federal Contract Tower,0,16,9,31,56,0,0,35,0,35,0,16,44,31,91,0,33,33,124
11/30/2005,BRO,TX,ASW,CE,Federal Contract Tower,0,12,18,13,43,0,0,41,0,41,0,12,59,13,84,0,53,53,137
12/01/2005,BRO,TX,ASW,CE,Federal Contract Tower,0,14,18,55,87,0,0,18,0,18,0,14,36,55,105,18,132,150,255
12/02/2005,BRO,TX,ASW,CE,Federal Contract Tower,0,16,9,14,39,0,0,26,0,26,0,16,35,14,65,0,44,44,109
12/03/2005,BRO,TX,ASW,CE,Federal Contract Tower,0,11,5,0,16,0,0,29,0,29,0,11,34,0,45,8,0,8,53
12/04/2005,BRO,TX,ASW,CE,Federal Contract Tower,0,20,22,0,42,0,0,15,0,15,0,20,37,0,57,26,0,26,83
12/05/2005,BRO,TX,ASW,CE,Federal Contract Tower,0,16,10,13,39,0,0,14,0,14,0,16,24,13,53,14,11,25,78
12/06/2005,BRO,TX,ASW,CE,Federal Contract Tower,0,13,23,2,38,0,0,13,0,13,0,13,36,2,51,54,2,56,107
12/07/2005,BRO,TX,ASW,CE,Federal Contract Tower,0,21,18,26,65,0,0,27,0,27,0,21,45,26,92,0,22,22,114
12/08/2005,BRO,TX,ASW,CE,Federal Contract Tower,0,16,48,2,66,0,0,6,0,6,0,16,54,2,72,20,0,20,92
12/09/2005,BRO,TX,ASW,CE,Federal Contract Tower,0,17,21,1,39,0,0,14,0,14,0,17,35,1,53,40,0,40,93
12/10/2005,BRO,TX,ASW,CE,Federal Contract Tower,0,9,16,0,25,0,0,11,0,11,0,9,27,0,36,0,0,0,36
12/11/2005,BRO,TX,ASW,CE,Federal Contract Tower,0,13,13,2,28,0,0,21,0,21,0,13,34,2,49,20,0,20,69
12/12/2005,BRO,TX,ASW,CE,Federal Contract Tower,0,18,19,22,59,0,0,15,0,15,0,18,34,22,74,14,9,23,97
12/13/2005,BRO,TX,ASW,CE,Federal Contract Tower,0,18,22,16,56,0,0,27,0,27,0,18,49,16,83,20,62,82,165
12/14/2005,BRO,TX,ASW,CE,Federal Contract Tower,0,9,26,8,43,0,0,16,0,16,0,9,42,8,59,0,4,4,63
12/15/2005,BRO,TX,ASW,CE,Federal Contract Tower,0,9,14,10,33,0,0,42,0,42,0,9,56,10,75,0,4,4,79
12/16/2005,BRO,TX,ASW,CE,Federal Contract Tower,1,18,23,6,48,0,0,25,0,25,1,18,48,6,73,20,0,20,93
12/17/2005,BRO,TX,ASW,CE,Federal Contract Tower,0,0,17,0,17,0,0,2,0,2,0,0,19,0,19,0,0,0,19
12/18/2005,BRO,TX,ASW,CE,Federal Contract Tower,0,15,25,0,40,0,0,12,0,12,0,15,37,0,52,30,0,30,82
12/19/2005,BRO,TX,ASW,CE,Federal Contract Tower,0,17,15,56,88,0,0,6,0,6,0,17,21,56,94,20,64,84,178
12/20/2005,BRO,TX,ASW,CE,Federal Contract Tower,0,19,13,17,49,0,0,13,0,13,0,19,26,17,62,30,39,69,131
12/21/2005,BRO,TX,ASW,CE,Federal Contract Tower,0,22,13,2,37,0,0,20,0,20,0,22,33,2,57,74,2,76,133
12/22/2005,BRO,TX,ASW,CE,Federal Contract Tower,0,22,19,10,51,0,0,61,0,61,0,22,80,10,112,116,8,124,236
12/23/2005,BRO,TX,ASW,CE,Federal Contract Tower,0,15,9,0,24,0,0,33,0,33,0,15,42,0,57,30,0,30,87
12/24/2005,BRO,TX,ASW,CE,Federal Contract Tower,0,10,5,0,15,0,0,14,0,14,0,10,19,0,29,0,0,0,29
12/25/2005,BRO,TX,ASW,CE,Federal Contract Tower,0,15,4,0,19,0,0,4,0,4,0,15,8,0,23,10,0,10,33
12/26/2005,BRO,TX,ASW,CE,Federal Contract Tower,0,15,21,0,36,0,0,21,0,21,0,15,42,0,57,20,0,20,77
12/27/2005,BRO,TX,ASW,CE,Federal Contract Tower,0,16,15,0,31,0,0,9,0,9,0,16,24,0,40,17,0,17,57
12/28/2005,BRO,TX,ASW,CE,Federal Contract Tower,0,19,23,6,48,0,0,29,0,29,0,19,52,6,77,0,6,6,83
12/29/2005,BRO,TX,ASW,CE,Federal Contract Tower,0,20,6,2,28,0,0,23,0,23,0,20,29,2,51,10,0,10,61
12/30/2005,BRO,TX,ASW,CE,Federal Contract Tower,0,14,15,6,35,0,0,38,0,38,0,14,53,6,73,30,0,30,103
12/31/2005,BRO,TX,ASW,CE,Federal Contract Tower,0,9,5,0,14,0,0,17,0,17,0,9,22,0,31,72,0,72,103
01/01/2006,BRO,TX,ASW,CE,Federal Contract Tower,0,12,22,0,34,0,0,14,0,14,0,12,36,0,48,20,0,20,68
01/02/2006,BRO,TX,ASW,CE,Federal Contract Tower,0,16,31,0,47,0,0,40,0,40,0,16,71,0,87,56,0,56,143
01/03/2006,BRO,TX,ASW,CE,Federal Contract Tower,0,16,23,0,39,0,0,26,0,26,0,16,49,0,65,70,0,70,135
01/04/2006,BRO,TX,ASW,CE,Federal Contract Tower,2,15,17,12,46,0,0,19,0,19,2,15,36,12,65,10,28,38,103
01/05/2006,BRO,TX,ASW,CE,Federal Contract Tower,0,17,11,37,65,0,0,32,0,32,0,17,43,37,97,50,27,77,174
01/06/2006,BRO,TX,ASW,CE,Federal Contract Tower,0,11,38,8,57,0,0,0,0,0,0,11,38,8,57,30,6,36,93
01/07/2006,BRO,TX,ASW,CE,Federal Contract Tower,0,13,12,4,29,0,0,37,0,37,0,13,49,4,66,80,10,90,156
01/08/2006,BRO,TX,ASW,CE,Federal Contract Tower,0,16,21,0,37,0,0,43,0,43,0,16,64,0,80,98,0,98,178
01/09/2006,BRO,TX,ASW,CE,Federal Contract Tower,0,19,9,54,82,0,0,20,0,20,0,19,29,54,102,20,62,82,184
01/10/2006,BRO,TX,ASW,CE,Federal Contract Tower,0,18,12,24,54,0,0,19,0,19,0,18,31,24,73,30,22,52,125
01/11/2006,BRO,TX,ASW,CE,Federal Contract Tower,0,12,14,12,38,0,0,36,0,36,0,12,50,12,74,10,12,22,96
01/12/2006,BRO,TX,ASW,CE,Federal Contract Tower,0,11,12,24,47,0,0,34,0,34,0,11,46,24,81,20,0,20,101
01/13/2006,BRO,TX,ASW,CE,Federal Contract Tower,0,11,6,4,21,0,0,27,0,27,0,11,33,4,48,2,0,2,50
01/14/2006,BRO,TX,ASW,CE,Federal Contract Tower,0,11,3,2,16,0,0,27,0,27,0,11,30,2,43,60,20,80,123
01/15/2006,BRO,TX,ASW,CE,Federal Contract Tower,0,12,21,0,33,0,0,12,0,12,0,12,33,0,45,60,0,60,105
01/16/2006,BRO,TX,ASW,CE,Federal Contract Tower,0,9,20,2,31,0,0,16,0,16,0,9,36,2,47,60,2,62,109
01/17/2006,BRO,TX,ASW,CE,Federal Contract Tower,0,14,10,30,54,0,0,22,0,22,0,14,32,30,76,0,14,14,90
01/18/2006,BRO,TX,ASW,CE,Federal Contract Tower,0,16,3,53,72,0,0,40,0,40,0,16,43,53,112,20,60,80,192
01/19/2006,BRO,TX,ASW,CE,Federal Contract Tower,0,17,10,10,37,0,0,33,0,33,0,17,43,10,70,30,2,32,102
01/20/2006,BRO,TX,ASW,CE,Federal Contract Tower,0,21,19,47,87,0,0,35,0,35,0,21,54,47,122,30,22,52,174
01/21/2006,BRO,TX,ASW,CE,Federal Contract Tower,0,11,22,0,33,0,0,4,0,4,0,11,26,0,37,0,0,0,37
01/22/2006,BRO,TX,ASW,CE,Federal Contract Tower,0,12,54,0,66,0,0,6,0,6,0,12,60,0,72,28,0,28,100
01/23/2006,BRO,TX,ASW,CE,Federal Contract Tower,0,11,25,44,80,0,0,10,0,10,0,11,35,44,90,92,56,148,238
01/24/2006,BRO,TX,ASW,CE,Federal Contract Tower,0,9,21,64,94,0,0,25,0,25,0,9,46,64,119,30,48,78,197
01/25/2006,BRO,TX,ASW,CE,Federal Contract Tower,0,9,15,39,63,0,0,21,0,21,0,9,36,39,84,10,57,67,151
01/26/2006,BRO,TX,ASW,CE,Federal Contract Tower,0,15,16,13,44,0,0,34,0,34,0,15,50,13,78,2,84,86,164
01/27/2006,BRO,TX,ASW,CE,Federal Contract Tower,0,13,32,2,47,0,0,35,0,35,0,13,67,2,82,0,0,0,82
01/28/2006,BRO,TX,ASW,CE,Federal Contract Tower,0,16,3,0,19,0,0,19,0,19,0,16,22,0,38,34,0,34,72
01/29/2006,BRO,TX,ASW,CE,Federal Contract Tower,0,17,34,0,51,0,0,19,0,19,0,17,53,0,70,22,0,22,92
01/30/2006,BRO,TX,ASW,CE,Federal Contract Tower,0,15,26,0,41,0,0,22,0,22,0,15,48,0,63,30,0,30,93
01/31/2006,BRO,TX,ASW,CE,Federal Contract Tower,0,16,9,29,54,0,0,44,0,44,0,16,53,29,98,0,41,41,139
02/01/2006,BRO,TX,ASW,CE,Federal Contract Tower,0,10,27,26,63,0,0,16,0,16,0,10,43,26,79,10,52,62,141
02/02/2006,BRO,TX,ASW,CE,Federal Contract Tower,0,14,22,39,75,0,0,36,0,36,0,14,58,39,111,20,166,186,297
02/03/2006,BRO,TX,ASW,CE,Federal Contract Tower,1,12,25,8,46,0,0,20,0,20,1,12,45,8,66,70,14,84,150
02/04/2006,BRO,TX,ASW,CE,Federal Contract Tower,0,25,10,0,35,0,0,52,0,52,0,25,62,0,87,94,0,94,181
02/05/2006,BRO,TX,ASW,CE,Federal Contract Tower,0,10,31,4,45,0,0,15,0,15,0,10,46,4,60,18,4,22,82
02/06/2006,BRO,TX,ASW,CE,Federal Contract Tower,0,12,20,4,36,0,0,18,0,18,0,12,38,4,54,36,4,40,94
02/07/2006,BRO,TX,ASW,CE,Federal Contract Tower,0,9,18,27,54,0,0,28,0,28,0,9,46,27,82,24,26,50,132
02/08/2006,BRO,TX,ASW,CE,Federal Contract Tower,0,12,8,14,34,0,0,26,0,26,0,12,34,14,60,30,10,40,100
02/09/2006,BRO,TX,ASW,CE,Federal Contract Tower,0,23,15,29,67,0,0,35,0,35,0,23,50,29,102,30,8,38,140
02/10/2006,BRO,TX,ASW,CE,Federal Contract Tower,0,12,27,6,45,0,0,27,0,27,0,12,54,6,72,20,0,20,92
02/11/2006,BRO,TX,ASW,CE,Federal Contract Tower,0,10,11,0,21,0,0,17,0,17,0,10,28,0,38,10,0,10,48
02/12/2006,BRO,TX,ASW,CE,Federal Contract Tower,0,12,18,2,32,0,0,26,0,26,0,12,44,2,58,28,0,28,86
02/13/2006,BRO,TX,ASW,CE,Federal Contract Tower,0,11,20,0,31,0,0,29,0,29,0,11,49,0,60,38,0,38,98
02/14/2006,BRO,TX,ASW,CE,Federal Contract Tower,0,16,19,26,61,0,0,17,0,17,0,16,36,26,78,14,12,26,104
02/15/2006,BRO,TX,ASW,CE,Federal Contract Tower,0,16,14,24,54,0,0,26,0,26,0,16,40,24,80,2,45,47,127
02/16/2006,BRO,TX,ASW,CE,Federal Contract Tower,0,15,8,18,41,0,0,41,0,41,0,15,49,18,82,30,4,34,116
02/17/2006,BRO,TX,ASW,CE,Federal Contract Tower,0,20,41,8,69,0,0,28,0,28,0,20,69,8,97,20,54,74,171
02/18/2006,BRO,TX,ASW,CE,Federal Contract Tower,0,17,12,0,29,0,0,2,0,2,0,17,14,0,31,0,0,0,31
02/19/2006,BRO,TX,ASW,CE,Federal Contract Tower,0,3,10,0,13,0,0,9,0,9,0,3,19,0,22,0,0,0,22
02/20/2006,BRO,TX,ASW,CE,Federal Contract Tower,0,17,24,3,44,0,0,10,0,10,0,17,34,3,54,10,2,12,66
02/21/2006,BRO,TX,ASW,CE,Federal Contract Tower,0,15,7,7,29,0,0,28,0,28,0,15,35,7,57,40,6,46,103
02/22/2006,BRO,TX,ASW,CE,Federal Contract Tower,0,18,32,4,54,0,0,38,0,38,0,18,70,4,92,40,0,40,132
02/23/2006,BRO,TX,ASW,CE,Federal Contract Tower,0,17,17,0,34,0,0,7,0,7,0,17,24,0,41,0,0,0,41
02/24/2006,BRO,TX,ASW,CE,Federal Contract Tower,0,15,18,24,57,0,0,23,0,23,0,15,41,24,80,0,4,4,84
02/25/2006,BRO,TX,ASW,CE,Federal Contract Tower,1,14,17,2,34,0,0,23,0,23,1,14,40,2,57,30,0,30,87
02/26/2006,BRO,TX,ASW,CE,Federal Contract Tower,0,19,15,0,34,0,0,18,0,18,0,19,33,0,52,0,4,4,56
02/27/2006,BRO,TX,ASW,CE,Federal Contract Tower,0,14,12,30,56,0,0,25,0,25,0,14,37,30,81,10,34,44,125
02/28/2006,BRO,TX,ASW,CE,Federal Contract Tower,0,15,11,28,54,0,0,16,0,16,0,15,27,28,70,6,22,28,98
03/01/2006,BRO,TX,ASW,CE,Federal Contract Tower,0,15,18,15,48,0,0,26,0,26,0,15,44,15,74,28,17,45,119
03/02/2006,BRO,TX,ASW,CE,Federal Contract Tower,0,17,22,32,71,0,0,32,0,32,0,17,54,32,103,20,12,32,135
03/03/2006,BRO,TX,ASW,CE,Federal Contract Tower,1,20,13,7,41,0,0,23,0,23,1,20,36,7,64,0,0,0,64
03/04/2006,BRO,TX,ASW,CE,Federal Contract Tower,1,11,15,0,27,0,0,19,0,19,1,11,34,0,46,10,0,10,56
03/05/2006,BRO,TX,ASW,CE,Federal Contract Tower,0,17,20,0,37,0,0,13,0,13,0,17,33,0,50,40,0,40,90
03/06/2006,BRO,TX,ASW,CE,Federal Contract Tower,0,18,13,14,45,0,0,26,0,26,0,18,39,14,71,68,14,82,153
03/07/2006,BRO,TX,ASW,CE,Federal Contract Tower,0,14,15,10,39,0,0,18,0,18,0,14,33,10,57,0,6,6,63
03/08/2006,BRO,TX,ASW,CE,Federal Contract Tower,1,20,21,14,56,0,0,21,0,21,1,20,42,14,77,0,14,14,91
03/09/2006,BRO,TX,ASW,CE,Federal Contract Tower,1,21,8,19,49,0,0,41,0,41,1,21,49,19,90,26,4,30,120
03/10/2006,BRO,TX,ASW,CE,Federal Contract Tower,1,15,20,51,87,0,0,36,0,36,1,15,56,51,123,43,36,79,202
03/11/2006,BRO,TX,ASW,CE,Federal Contract Tower,1,11,20,0,32,0,0,42,0,42,1,11,62,0,74,20,0,20,94
03/12/2006,BRO,TX,ASW,CE,Federal Contract Tower,0,11,12,2,25,0,0,35,0,35,0,11,47,2,60,20,2,22,82
03/13/2006,BRO,TX,ASW,CE,Federal Contract Tower,0,17,21,41,79,0,0,22,0,22,0,17,43,41,101,10,26,36,137
03/14/2006,BRO,TX,ASW,CE,Federal Contract Tower,0,20,13,32,65,0,0,20,0,20,0,20,33,32,85,0,22,22,107
03/15/2006,BRO,TX,ASW,CE,Federal Contract Tower,0,15,16,34,65,0,0,43,0,43,0,15,59,34,108,38,24,62,170
03/16/2006,BRO,TX,ASW,CE,Federal Contract Tower,0,14,21,48,83,0,0,37,0,37,0,14,58,48,120,0,54,54,174
03/17/2006,BRO,TX,ASW,CE,Federal Contract Tower,0,13,26,38,77,0,0,18,0,18,0,13,44,38,95,20,34,54,149
03/18/2006,BRO,TX,ASW,CE,Federal Contract Tower,0,12,23,0,35,0,0,25,0,25,0,12,48,0,60,50,0,50,110
03/19/2006,BRO,TX,ASW,CE,Federal Contract Tower,0,13,37,4,54,0,0,12,0,12,0,13,49,4,66,0,4,4,70
03/20/2006,BRO,TX,ASW,CE,Federal Contract Tower,0,17,13,21,51,0,0,21,0,21,0,17,34,21,72,18,76,94,166
03/21/2006,BRO,TX,ASW,CE,Federal Contract Tower,0,0,16,14,30,0,16,34,0,50,0,16,50,14,80,18,10,28,108
03/22/2006,BRO,TX,ASW,CE,Federal Contract Tower,0,16,11,46,73,0,0,22,0,22,0,16,33,46,95,4,24,28,123
03/23/2006,BRO,TX,ASW,CE,Federal Contract Tower,6,21,17,14,58,0,0,15,0,15,6,21,32,14,73,20,10,30,103
03/24/2006,BRO,TX,ASW,CE,Federal Contract Tower,0,17,17,14,48,0,0,42,0,42,0,17,59,14,90,0,0,0,90
03/25/2006,BRO,TX,ASW,CE,Federal Contract Tower,0,20,18,2,40,0,0,34,0,34,0,20,52,2,74,34,0,34,108
03/26/2006,BRO,TX,ASW,CE,Federal Contract Tower,0,31,13,16,60,0,0,31,0,31,0,31,44,16,91,10,16,26,117
03/27/2006,BRO,TX,ASW,CE,Federal Contract Tower,0,15,14,40,69,0,0,12,0,12,0,15,26,40,81,24,38,62,143
03/28/2006,BRO,TX,ASW,CE,Federal Contract Tower,0,18,18,12,48,0,0,8,0,8,0,18,26,12,56,10,11,21,77
03/29/2006,BRO,TX,ASW,CE,Federal Contract Tower,0,28,9,23,60,0,0,24,0,24,0,28,33,23,84,34,19,53,137
03/30/2006,BRO,TX,ASW,CE,Federal Contract Tower,0,12,23,16,51,0,0,13,0,13,0,12,36,16,64,0,6,6,70
03/31/2006,BRO,TX,ASW,CE,Federal Contract Tower,0,16,14,4,34,0,0,22,0,22,0,16,36,4,56,0,0,0,56
04/01/2006,BRO,TX,ASW,CE,Federal Contract Tower,0,21,16,0,37,0,0,23,0,23,0,21,39,0,60,0,0,0,60
04/02/2006,BRO,TX,ASW,CE,Federal Contract Tower,0,12,14,0,26,0,0,11,0,11,0,12,25,0,37,0,0,0,37
04/03/2006,BRO,TX,ASW,CE,Federal Contract Tower,0,15,14,14,43,0,0,24,0,24,0,15,38,14,67,38,12,50,117
04/04/2006,BRO,TX,ASW,CE,Federal Contract Tower,1,16,7,10,34,0,0,35,0,35,1,16,42,10,69,0,42,42,111
04/05/2006,BRO,TX,ASW,CE,Federal Contract Tower,0,15,14,30,59,0,0,26,0,26,0,15,40,30,85,14,18,32,117
04/06/2006,BRO,TX,ASW,CE,Federal Contract Tower,0,18,13,35,66,0,0,12,0,12,0,18,25,35,78,0,4,4,82
04/07/2006,BRO,TX,ASW,CE,Federal Contract Tower,0,15,25,0,40,0,0,28,0,28,0,15,53,0,68,44,0,44,112
04/08/2006,BRO,TX,ASW,CE,Federal Contract Tower,1,11,16,0,28,0,0,45,0,45,1,11,61,0,73,38,0,38,111
04/09/2006,BRO,TX,ASW,CE,Federal Contract Tower,0,18,19,10,47,0,0,23,0,23,0,18,42,10,70,0,10,10,80
04/10/2006,BRO,TX,ASW,CE,Federal Contract Tower,0,16,13,14,43,0,0,22,0,22,0,16,35,14,65,34,14,48,113
04/11/2006,BRO,TX,ASW,CE,Federal Contract Tower,0,10,16,8,34,0,0,20,0,20,0,10,36,8,54,0,8,8,62
04/12/2006,BRO,TX,ASW,CE,Federal Contract Tower,2,14,18,22,56,0,0,38,0,38,2,14,56,22,94,20,32,52,146
04/13/2006,BRO,TX,ASW,CE,Federal Contract Tower,0,17,15,11,43,0,0,23,0,23,0,17,38,11,66,0,4,4,70
04/14/2006,BRO,TX,ASW,CE,Federal Contract Tower,0,14,7,5,26,0,0,22,0,22,0,14,29,5,48,20,80,100,148
04/15/2006,BRO,TX,ASW,CE,Federal Contract Tower,0,15,24,6,45,0,0,15,0,15,0,15,39,6,60,5,10,15,75
04/16/2006,BRO,TX,ASW,CE,Federal Contract Tower,0,13,19,4,36,0,0,24,0,24,0,13,43,4,60,0,4,4,64
04/17/2006,BRO,TX,ASW,CE,Federal Contract Tower,0,12,28,26,66,0,0,31,0,31,0,12,59,26,97,4,26,30,127
04/18/2006,BRO,TX,ASW,CE,Federal Contract Tower,0,15,27,23,65,0,0,24,0,24,0,15,51,23,89,19,150,169,258
04/19/2006,BRO,TX,ASW,CE,Federal Contract Tower,0,15,21,17,53,0,0,29,0,29,0,15,50,17,82,8,192,200,282
04/20/2006,BRO,TX,ASW,CE,Federal Contract Tower,0,16,27,34,77,0,0,25,0,25,0,16,52,34,102,0,32,32,134
04/21/2006,BRO,TX,ASW,CE,Federal Contract Tower,0,21,17,8,46,0,0,28,0,28,0,21,45,8,74,56,0,56,130
04/22/2006,BRO,TX,ASW,CE,Federal Contract Tower,0,11,34,0,45,0,0,26,0,26,0,11,60,0,71,46,0,46,117
04/23/2006,BRO,TX,ASW,CE,Federal Contract Tower,0,19,28,0,47,0,0,12,0,12,0,19,40,0,59,50,0,50,109
04/24/2006,BRO,TX,ASW,CE,Federal Contract Tower,2,20,27,26,75,0,0,20,0,20,2,20,47,26,95,0,100,100,195
04/25/2006,BRO,TX,ASW,CE,Federal Contract Tower,0,13,28,17,58,0,0,30,0,30,0,13,58,17,88,14,18,32,120
04/26/2006,BRO,TX,ASW,CE,Federal Contract Tower,0,19,49,36,104,0,0,16,0,16,0,19,65,36,120,80,36,116,236
04/27/2006,BRO,TX,ASW,CE,Federal Contract Tower,0,16,22,74,112,0,0,18,0,18,0,16,40,74,130,40,208,248,378
04/28/2006,BRO,TX,ASW,CE,Federal Contract Tower,0,19,21,4,44,0,0,19,0,19,0,19,40,4,63,0,76,76,139
04/29/2006,BRO,TX,ASW,CE,Federal Contract Tower,0,10,18,0,28,0,0,24,0,24,0,10,42,0,52,100,0,100,152
04/30/2006,BRO,TX,ASW,CE,Federal Contract Tower,0,16,11,4,31,0,0,23,0,23,0,16,34,4,54,30,12,42,96
05/01/2006,BRO,TX,ASW,CE,Federal Contract Tower,0,12,9,65,86,0,0,18,0,18,0,12,27,65,104,16,106,122,226
05/02/2006,BRO,TX,ASW,CE,Federal Contract Tower,0,9,8,32,49,0,0,26,0,26,0,9,34,32,75,0,56,56,131
05/03/2006,BRO,TX,ASW,CE,Federal Contract Tower,0,17,14,19,50,0,0,25,0,25,0,17,39,19,75,20,72,92,167
05/04/2006,BRO,TX,ASW,CE,Federal Contract Tower,1,20,35,12,68,0,0,24,0,24,1,20,59,12,92,52,0,52,144
05/05/2006,BRO,TX,ASW,CE,Federal Contract Tower,2,11,32,3,48,0,0,20,0,20,2,11,52,3,68,59,0,59,127
05/06/2006,BRO,TX,ASW,CE,Federal Contract Tower,1,9,16,0,26,0,0,21,0,21,1,9,37,0,47,10,0,10,57
05/07/2006,BRO,TX,ASW,CE,Federal Contract Tower,0,14,7,14,35,0,0,14,0,14,0,14,21,14,49,0,22,22,71
05/08/2006,BRO,TX,ASW,CE,Federal Contract Tower,0,13,20,36,69,0,0,19,0,19,0,13,39,36,88,31,36,67,155
05/09/2006,BRO,TX,ASW,CE,Federal Contract Tower,0,10,24,20,54,0,0,17,0,17,0,10,41,20,71,30,50,80,151
05/10/2006,BRO,TX,ASW,CE,Federal Contract Tower,2,18,14,5,39,0,0,27,0,27,2,18,41,5,66,0,24,24,90
05/11/2006,BRO,TX,ASW,CE,Federal Contract Tower,0,14,13,10,37,0,0,12,0,12,0,14,25,10,49,6,10,16,65
05/12/2006,BRO,TX,ASW,CE,Federal Contract Tower,0,15,20,4,39,0,0,34,0,34,0,15,54,4,73,76,0,76,149
05/13/2006,BRO,TX,ASW,CE,Federal Contract Tower,0,12,8,0,20,0,0,24,0,24,0,12,32,0,44,10,0,10,54
05/14/2006,BRO,TX,ASW,CE,Federal Contract Tower,0,11,16,12,39,0,0,9,0,9,0,11,25,12,48,20,11,31,79
05/15/2006,BRO,TX,ASW,CE,Federal Contract Tower,0,20,16,20,56,0,0,14,0,14,0,20,30,20,70,30,20,50,120
05/16/2006,BRO,TX,ASW,CE,Federal Contract Tower,0,15,14,36,65,0,0,35,0,35,0,15,49,36,100,70,18,88,188
05/17/2006,BRO,TX,ASW,CE,Federal Contract Tower,0,19,6,24,49,0,0,21,0,21,0,19,27,24,70,100,44,144,214
05/18/2006,BRO,TX,ASW,CE,Federal Contract Tower,0,20,23,2,45,0,0,46,0,46,0,20,69,2,91,120,0,120,211
05/19/2006,BRO,TX,ASW,CE,Federal Contract Tower,0,11,19,0,30,0,0,36,0,36,0,11,55,0,66,59,0,59,125
05/20/2006,BRO,TX,ASW,CE,Federal Contract Tower,0,10,28,0,38,0,0,37,0,37,0,10,65,0,75,92,0,92,167
05/21/2006,BRO,TX,ASW,CE,Federal Contract Tower,0,19,14,12,45,0,0,20,0,20,0,19,34,12,65,14,12,26,91
05/22/2006,BRO,TX,ASW,CE,Federal Contract Tower,3,19,21,20,63,0,0,13,0,13,3,19,34,20,76,0,50,50,126
05/23/2006,BRO,TX,ASW,CE,Federal Contract Tower,0,8,17,18,43,0,0,22,0,22,0,8,39,18,65,86,4,90,155
05/24/2006,BRO,TX,ASW,CE,Federal Contract Tower,0,22,10,12,44,0,0,40,0,40,0,22,50,12,84,50,107,157,241
05/25/2006,BRO,TX,ASW,CE,Federal Contract Tower,0,14,10,29,53,0,0,40,0,40,0,14,50,29,93,36,61,97,190
05/26/2006,BRO,TX,ASW,CE,Federal Contract Tower,0,12,33,8,53,0,0,29,0,29,0,12,62,8,82,10,2,12,94
05/27/2006,BRO,TX,ASW,CE,Federal Contract Tower,0,10,6,0,16,0,0,24,0,24,0,10,30,0,40,30,0,30,70
05/28/2006,BRO,TX,ASW,CE,Federal Contract Tower,0,10,14,0,24,0,0,13,0,13,0,10,27,0,37,4,0,4,41
05/29/2006,BRO,TX,ASW,CE,Federal Contract Tower,0,10,14,4,28,0,0,34,0,34,0,10,48,4,62,50,2,52,114
05/30/2006,BRO,TX,ASW,CE,Federal Contract Tower,1,19,14,20,54,0,0,10,0,10,1,19,24,20,64,10,6,16,80
05/31/2006,BRO,TX,ASW,CE,Federal Contract Tower,0,19,9,3,31,0,0,20,0,20,0,19,29,3,51,10,14,24,75
06/01/2006,BRO,TX,ASW,CE,Federal Contract Tower,0,14,19,8,41,0,0,16,0,16,0,14,35,8,57,0,6,6,63
06/02/2006,BRO,TX,ASW,CE,Federal Contract Tower,0,13,8,0,21,0,0,7,0,7,0,13,15,0,28,2,0,2,30
06/03/2006,BRO,TX,ASW,CE,Federal Contract Tower,0,14,13,3,30,0,0,22,0,22,0,14,35,3,52,44,0,44,96
06/04/2006,BRO,TX,ASW,CE,Federal Contract Tower,0,15,20,13,48,0,0,20,0,20,0,15,40,13,68,20,2,22,90
06/05/2006,BRO,TX,ASW,CE,Federal Contract Tower,0,14,14,10,38,0,0,26,0,26,0,14,40,10,64,48,100,148,212
06/06/2006,BRO,TX,ASW,CE,Federal Contract Tower,0,18,14,23,55,0,0,27,0,27,0,18,41,23,82,10,99,109,191
06/07/2006,BRO,TX,ASW,CE,Federal Contract Tower,0,21,20,42,83,0,0,35,0,35,0,21,55,42,118,12,56,68,186
06/08/2006,BRO,TX,ASW,CE,Federal Contract Tower,0,13,24,23,60,0,0,32,0,32,0,13,56,23,92,10,105,115,207
06/09/2006,BRO,TX,ASW,CE,Federal Contract Tower,0,17,24,8,49,0,0,27,0,27,0,17,51,8,76,84,8,92,168
06/10/2006,BRO,TX,ASW,CE,Federal Contract Tower,0,10,10,0,20,0,0,31,0,31,0,10,41,0,51,40,0,40,91
06/11/2006,BRO,TX,ASW,CE,Federal Contract Tower,0,14,14,4,32,0,0,26,0,26,0,14,40,4,58,30,4,34,92
06/12/2006,BRO,TX,ASW,CE,Federal Contract Tower,2,28,11,50,91,0,0,28,0,28,2,28,39,50,119,38,87,125,244
06/13/2006,BRO,TX,ASW,CE,Federal Contract Tower,0,18,11,36,65,0,0,25,0,25,0,18,36,36,90,32,88,120,210
06/14/2006,BRO,TX,ASW,CE,Federal Contract Tower,0,20,15,32,67,0,0,18,0,18,0,20,33,32,85,0,6,6,91
06/15/2006,BRO,TX,ASW,CE,Federal Contract Tower,2,15,27,66,110,0,0,27,0,27,2,15,54,66,137,0,60,60,197
06/16/2006,BRO,TX,ASW,CE,Federal Contract Tower,1,14,17,71,103,0,0,28,0,28,1,14,45,71,131,0,64,64,195
06/17/2006,BRO,TX,ASW,CE,Federal Contract Tower,1,11,9,0,21,0,0,19,0,19,1,11,28,0,40,26,0,26,66
06/18/2006,BRO,TX,ASW,CE,Federal Contract Tower,1,10,9,0,20,0,0,16,0,16,1,10,25,0,36,0,0,0,36
06/19/2006,BRO,TX,ASW,CE,Federal Contract Tower,0,16,25,50,91,0,0,15,0,15,0,16,40,50,106,32,50,82,188
06/20/2006,BRO,TX,ASW,CE,Federal Contract Tower,0,12,19,10,41,0,0,19,0,19,0,12,38,10,60,4,6,10,70
06/21/2006,BRO,TX,ASW,CE,Federal Contract Tower,0,17,22,33,72,0,0,20,0,20,0,17,42,33,92,12,206,218,310
06/22/2006,BRO,TX,ASW,CE,Federal Contract Tower,2,15,26,26,69,0,0,24,0,24,2,15,50,26,93,10,4,14,107
06/23/2006,BRO,TX,ASW,CE,Federal Contract Tower,0,13,23,0,36,0,0,16,0,16,0,13,39,0,52,50,0,50,102
06/24/2006,BRO,TX,ASW,CE,Federal Contract Tower,0,10,14,2,26,0,0,52,0,52,0,10,66,2,78,0,2,2,80
06/25/2006,BRO,TX,ASW,CE,Federal Contract Tower,0,12,24,10,46,0,0,23,0,23,0,12,47,10,69,24,10,34,103
06/26/2006,BRO,TX,ASW,CE,Federal Contract Tower,0,15,15,59,89,0,0,14,0,14,0,15,29,59,103,50,98,148,251
06/27/2006,BRO,TX,ASW,CE,Federal Contract Tower,2,17,9,36,64,0,0,25,0,25,2,17,34,36,89,40,18,58,147
06/28/2006,BRO,TX,ASW,CE,Federal Contract Tower,0,16,17,34,67,0,0,23,0,23,0,16,40,34,90,14,40,54,144
06/29/2006,BRO,TX,ASW,CE,Federal Contract Tower,0,15,37,6,58,0,0,3,0,3,0,15,40,6,61,104,0,104,165
06/30/2006,BRO,TX,ASW,CE,Federal Contract Tower,0,24,12,0,36,0,0,17,0,17,0,24,29,0,53,0,0,0,53
07/01/2006,BRO,TX,ASW,CE,Federal Contract Tower,0,12,13,0,25,0,0,5,0,5,0,12,18,0,30,10,0,10,40
07/02/2006,BRO,TX,ASW,CE,Federal Contract Tower,0,12,15,0,27,0,0,9,0,9,0,12,24,0,36,10,0,10,46
07/03/2006,BRO,TX,ASW,CE,Federal Contract Tower,0,14,16,4,34,0,0,15,0,15,0,14,31,4,49,44,4,48,97
07/04/2006,BRO,TX,ASW,CE,Federal Contract Tower,0,24,11,0,35,0,0,39,0,39,0,24,50,0,74,78,0,78,152
07/05/2006,BRO,TX,ASW,CE,Federal Contract Tower,0,23,11,24,58,0,0,19,0,19,0,23,30,24,77,4,24,28,105
07/06/2006,BRO,TX,ASW,CE,Federal Contract Tower,0,13,27,0,40,0,0,37,0,37,0,13,64,0,77,92,7,99,176
07/07/2006,BRO,TX,ASW,CE,Federal Contract Tower,0,22,9,10,41,0,0,28,0,28,0,22,37,10,69,4,48,52,121
07/08/2006,BRO,TX,ASW,CE,Federal Contract Tower,0,16,5,1,22,0,0,44,0,44,0,16,49,1,66,245,0,245,311
07/09/2006,BRO,TX,ASW,CE,Federal Contract Tower,0,12,32,2,46,0,0,34,0,34,0,12,66,2,80,92,2,94,174
07/10/2006,BRO,TX,ASW,CE,Federal Contract Tower,0,13,19,26,58,0,0,18,0,18,0,13,37,26,76,8,154,162,238
07/11/2006,BRO,TX,ASW,CE,Federal Contract Tower,0,16,15,38,69,0,0,34,0,34,0,16,49,38,103,10,116,126,229
07/12/2006,BRO,TX,ASW,CE,Federal Contract Tower,0,18,2,39,59,0,0,43,0,43,0,18,45,39,102,18,82,100,202
07/13/2006,BRO,TX,ASW,CE,Federal Contract Tower,0,12,27,18,57,0,0,36,0,36,0,12,63,18,93,114,0,114,207
07/14/2006,BRO,TX,ASW,CE,Federal Contract Tower,0,17,19,44,80,0,0,53,0,53,0,17,72,44,133,40,38,78,211
07/15/2006,BRO,TX,ASW,CE,Federal Contract Tower,0,20,13,0,33,0,0,30,0,30,0,20,43,0,63,32,0,32,95
07/16/2006,BRO,TX,ASW,CE,Federal Contract Tower,0,17,21,4,42,0,0,27,0,27,0,17,48,4,69,20,0,20,89
07/17/2006,BRO,TX,ASW,CE,Federal Contract Tower,0,19,25,70,114,0,0,23,0,23,0,19,48,70,137,30,70,100,237
07/18/2006,BRO,TX,ASW,CE,Federal Contract Tower,0,17,13,44,74,0,0,28,0,28,0,17,41,44,102,30,10,40,142
07/19/2006,BRO,TX,ASW,CE,Federal Contract Tower,0,13,23,58,94,0,0,18,0,18,0,13,41,58,112,32,90,122,234
07/20/2006,BRO,TX,ASW,CE,Federal Contract Tower,0,15,26,28,69,0,0,20,0,20,0,15,46,28,89,86,40,126,215
07/21/2006,BRO,TX,ASW,CE,Federal Contract Tower,0,17,22,16,55,0,0,33,0,33,0,17,55,16,88,40,0,40,128
07/22/2006,BRO,TX,ASW,CE,Federal Contract Tower,0,17,7,0,24,0,0,36,0,36,0,17,43,0,60,0,0,0,60
07/23/2006,BRO,TX,ASW,CE,Federal Contract Tower,0,12,24,0,36,0,0,20,0,20,0,12,44,0,56,0,0,0,56
07/24/2006,BRO,TX,ASW,CE,Federal Contract Tower,0,16,18,52,86,0,0,13,0,13,0,16,31,52,99,10,50,60,159
07/25/2006,BRO,TX,ASW,CE,Federal Contract Tower,0,16,17,10,43,0,0,11,0,11,0,16,28,10,54,12,0,12,66
07/26/2006,BRO,TX,ASW,CE,Federal Contract Tower,0,14,41,21,76,0,0,23,0,23,0,14,64,21,99,0,24,24,123
07/27/2006,BRO,TX,ASW,CE,Federal Contract Tower,1,26,33,17,77,0,0,37,0,37,1,26,70,17,114,77,104,181,295
07/28/2006,BRO,TX,ASW,CE,Federal Contract Tower,0,17,44,6,67,0,0,42,0,42,0,17,86,6,109,64,0,64,173
07/29/2006,BRO,TX,ASW,CE,Federal Contract Tower,0,10,13,0,23,0,0,37,0,37,0,10,50,0,60,30,0,30,90
07/30/2006,BRO,TX,ASW,CE,Federal Contract Tower,0,13,21,9,43,0,0,15,0,15,0,13,36,9,58,12,8,20,78
07/31/2006,BRO,TX,ASW,CE,Federal Contract Tower,0,15,24,18,57,0,0,39,0,39,0,15,63,18,96,36,103,139,235
08/01/2006,BRO,TX,ASW,CE,Federal Contract Tower,0,14,23,36,73,0,0,23,0,23,0,14,46,36,96,30,100,130,226
08/02/2006,BRO,TX,ASW,CE,Federal Contract Tower,0,15,16,80,111,0,0,26,0,26,0,15,42,80,137,30,90,120,257
08/03/2006,BRO,TX,ASW,CE,Federal Contract Tower,0,14,15,97,126,0,0,24,0,24,0,14,39,97,150,56,146,202,352
08/04/2006,BRO,TX,ASW,CE,Federal Contract Tower,0,17,29,0,46,0,0,13,0,13,0,17,42,0,59,0,0,0,59
08/05/2006,BRO,TX,ASW,CE,Federal Contract Tower,0,15,21,0,36,0,0,26,0,26,0,15,47,0,62,20,0,20,82
08/06/2006,BRO,TX,ASW,CE,Federal Contract Tower,0,16,25,1,42,0,0,20,0,20,0,16,45,1,62,26,0,26,88
08/07/2006,BRO,TX,ASW,CE,Federal Contract Tower,0,15,11,45,71,0,0,16,0,16,0,15,27,45,87,30,144,174,261
08/08/2006,BRO,TX,ASW,CE,Federal Contract Tower,0,17,15,36,68,0,0,9,0,9,0,17,24,36,77,18,76,94,171
08/09/2006,BRO,TX,ASW,CE,Federal Contract Tower,0,17,18,12,47,0,0,16,0,16,0,17,34,12,63,0,4,4,67
08/10/2006,BRO,TX,ASW,CE,Federal Contract Tower,0,14,26,44,84,0,0,40,0,40,0,14,66,44,124,106,32,138,262
08/11/2006,BRO,TX,ASW,CE,Federal Contract Tower,0,13,12,9,34,0,0,45,0,45,0,13,57,9,79,24,0,24,103
08/12/2006,BRO,TX,ASW,CE,Federal Contract Tower,0,11,17,2,30,0,0,27,0,27,0,11,44,2,57,24,0,24,81
08/13/2006,BRO,TX,ASW,CE,Federal Contract Tower,0,12,19,2,33,0,0,23,0,23,0,12,42,2,56,0,2,2,58
08/14/2006,BRO,TX,ASW,CE,Federal Contract Tower,0,15,13,50,78,0,0,25,0,25,0,15,38,50,103,24,48,72,175
08/15/2006,BRO,TX,ASW,CE,Federal Contract Tower,0,11,17,30,58,0,0,29,0,29,0,11,46,30,87,10,30,40,127
08/16/2006,BRO,TX,ASW,CE,Federal Contract Tower,0,13,8,36,57,0,0,26,0,26,0,13,34,36,83,10,94,104,187
08/17/2006,BRO,TX,ASW,CE,Federal Contract Tower,0,12,17,41,70,0,0,43,0,43,0,12,60,41,113,0,194,194,307
08/18/2006,BRO,TX,ASW,CE,Federal Contract Tower,0,13,13,2,28,0,0,41,0,41,0,13,54,2,69,20,0,20,89
08/19/2006,BRO,TX,ASW,CE,Federal Contract Tower,0,12,9,2,23,0,0,30,0,30,0,12,39,2,53,30,0,30,83
08/20/2006,BRO,TX,ASW,CE,Federal Contract Tower,0,14,25,2,41,0,0,43,0,43,0,14,68,2,84,40,0,40,124
08/21/2006,BRO,TX,ASW,CE,Federal Contract Tower,0,17,15,44,76,0,0,14,0,14,0,17,29,44,90,40,44,84,174
08/22/2006,BRO,TX,ASW,CE,Federal Contract Tower,0,11,24,22,57,0,0,22,0,22,0,11,46,22,79,10,80,90,169
08/23/2006,BRO,TX,ASW,CE,Federal Contract Tower,0,17,6,31,54,0,0,51,0,51,0,17,57,31,105,12,40,52,157
08/24/2006,BRO,TX,ASW,CE,Federal Contract Tower,2,20,30,53,105,0,0,23,13,36,2,20,53,66,141,54,56,110,251
08/25/2006,BRO,TX,ASW,CE,Federal Contract Tower,0,16,17,16,49,0,0,17,0,17,0,16,34,16,66,0,14,14,80
08/26/2006,BRO,TX,ASW,CE,Federal Contract Tower,0,10,6,0,16,0,0,34,0,34,0,10,40,0,50,40,0,40,90
08/27/2006,BRO,TX,ASW,CE,Federal Contract Tower,0,14,22,0,36,0,0,26,0,26,0,14,48,0,62,40,0,40,102
08/28/2006,BRO,TX,ASW,CE,Federal Contract Tower,0,20,3,41,64,0,0,15,0,15,0,20,18,41,79,10,264,274,353
08/29/2006,BRO,TX,ASW,CE,Federal Contract Tower,0,12,9,25,46,0,0,20,0,20,0,12,29,25,66,44,84,128,194
08/30/2006,BRO,TX,ASW,CE,Federal Contract Tower,0,15,17,28,60,0,0,24,0,24,0,15,41,28,84,14,4,18,102
08/31/2006,BRO,TX,ASW,CE,Federal Contract Tower,0,16,11,37,64,0,0,34,0,34,0,16,45,37,98,30,76,106,204
09/01/2006,BRO,TX,ASW,CE,Federal Contract Tower,0,14,27,5,46,0,0,17,0,17,0,14,44,5,63,0,0,0,63
09/02/2006,BRO,TX,ASW,CE,Federal Contract Tower,0,12,12,0,24,0,0,27,0,27,0,12,39,0,51,38,0,38,89
09/03/2006,BRO,TX,ASW,CE,Federal Contract Tower,0,6,15,0,21,0,0,32,0,32,0,6,47,0,53,45,0,45,98
09/04/2006,BRO,TX,ASW,CE,Federal Contract Tower,0,14,21,4,39,0,0,22,0,22,0,14,43,4,61,20,4,24,85
09/05/2006,BRO,TX,ASW,CE,Federal Contract Tower,0,16,9,22,47,0,0,17,0,17,0,16,26,22,64,20,96,116,180
09/06/2006,BRO,TX,ASW,CE,Federal Contract Tower,0,19,22,38,79,0,0,21,0,21,0,19,43,38,100,16,20,36,136
09/07/2006,BRO,TX,ASW,CE,Federal Contract Tower,0,14,16,22,52,0,0,32,0,32,0,14,48,22,84,42,20,62,146
09/08/2006,BRO,TX,ASW,CE,Federal Contract Tower,0,17,23,26,66,0,0,20,2,22,0,17,43,28,88,10,19,29,117
09/09/2006,BRO,TX,ASW,CE,Federal Contract Tower,0,9,5,0,14,0,0,13,0,13,0,9,18,0,27,20,0,20,47
09/10/2006,BRO,TX,ASW,CE,Federal Contract Tower,0,15,10,0,25,0,0,15,0,15,0,15,25,0,40,40,0,40,80
09/11/2006,BRO,TX,ASW,CE,Federal Contract Tower,0,16,7,12,35,0,0,15,0,15,0,16,22,12,50,16,10,26,76
09/12/2006,BRO,TX,ASW,CE,Federal Contract Tower,0,13,9,2,24,0,0,8,0,8,0,13,17,2,32,0,0,0,32
09/13/2006,BRO,TX,ASW,CE,Federal Contract Tower,0,14,15,16,45,0,0,18,0,18,0,14,33,16,63,0,6,6,69
09/14/2006,BRO,TX,ASW,CE,Federal Contract Tower,0,15,17,28,60,0,0,16,0,16,0,15,33,28,76,10,86,96,172
09/15/2006,BRO,TX,ASW,CE,Federal Contract Tower,0,14,14,2,30,0,0,13,0,13,0,14,27,2,43,8,36,44,87
09/16/2006,BRO,TX,ASW,CE,Federal Contract Tower,0,9,15,8,32,0,0,11,0,11,0,9,26,8,43,12,0,12,55
09/17/2006,BRO,TX,ASW,CE,Federal Contract Tower,0,16,34,6,56,0,0,24,0,24,0,16,58,6,80,12,6,18,98
09/18/2006,BRO,TX,ASW,CE,Federal Contract Tower,0,16,26,14,56,0,0,0,8,8,0,16,26,22,64,16,14,30,94
09/19/2006,BRO,TX,ASW,CE,Federal Contract Tower,0,12,18,15,45,0,0,17,0,17,0,12,35,15,62,30,143,173,235
09/20/2006,BRO,TX,ASW,CE,Federal Contract Tower,0,15,20,19,54,0,0,29,0,29,0,15,49,19,83,20,106,126,209
09/21/2006,BRO,TX,ASW,CE,Federal Contract Tower,0,17,20,6,43,0,0,33,0,33,0,17,53,6,76,0,7,7,83
09/22/2006,BRO,TX,ASW,CE,Federal Contract Tower,0,14,16,8,38,0,0,37,0,37,0,14,53,8,75,0,78,78,153
09/23/2006,BRO,TX,ASW,CE,Federal Contract Tower,0,9,7,0,16,0,0,15,0,15,0,9,22,0,31,0,0,0,31
09/24/2006,BRO,TX,ASW,CE,Federal Contract Tower,0,12,15,0,27,0,0,15,0,15,0,12,30,0,42,0,0,0,42
09/25/2006,BRO,TX,ASW,CE,Federal Contract Tower,0,13,19,27,59,0,0,15,0,15,0,13,34,27,74,20,38,58,132
09/26/2006,BRO,TX,ASW,CE,Federal Contract Tower,0,11,30,19,60,0,0,12,0,12,0,11,42,19,72,18,14,32,104
09/27/2006,BRO,TX,ASW,CE,Federal Contract Tower,0,18,18,19,55,0,0,39,0,39,0,18,57,19,94,0,59,59,153
09/28/2006,BRO,TX,ASW,CE,Federal Contract Tower,0,14,11,32,57,0,0,48,0,48,0,14,59,32,105,48,26,74,179
09/29/2006,BRO,TX,ASW,CE,Federal Contract Tower,0,16,17,10,43,0,0,27,0,27,0,16,44,10,70,0,8,8,78
09/30/2006,BRO,TX,ASW,CE,Federal Contract Tower,0,9,13,0,22,0,0,18,0,18,0,9,31,0,40,16,0,16,56
10/01/2006,BRO,TX,ASW,CE,Federal Contract Tower,0,15,20,0,35,0,0,33,0,33,0,15,53,0,68,10,0,10,78
10/02/2006,BRO,TX,ASW,CE,Federal Contract Tower,0,17,7,20,44,0,0,11,0,11,0,17,18,20,55,10,20,30,85
10/03/2006,BRO,TX,ASW,CE,Federal Contract Tower,0,13,13,24,50,0,0,15,0,15,0,13,28,24,65,26,8,34,99
10/04/2006,BRO,TX,ASW,CE,Federal Contract Tower,0,19,6,16,41,0,0,29,0,29,0,19,35,16,70,10,8,18,88
10/05/2006,BRO,TX,ASW,CE,Federal Contract Tower,2,19,17,36,74,0,0,21,0,21,2,19,38,36,95,0,14,14,109
10/06/2006,BRO,TX,ASW,CE,Federal Contract Tower,0,14,9,10,33,0,0,26,0,26,0,14,35,10,59,0,6,6,65
10/07/2006,BRO,TX,ASW,CE,Federal Contract Tower,0,14,7,26,47,0,0,19,0,19,0,14,26,26,66,0,56,56,122
10/08/2006,BRO,TX,ASW,CE,Federal Contract Tower,1,13,15,0,29,0,0,26,0,26,1,13,41,0,55,20,0,20,75
10/09/2006,BRO,TX,ASW,CE,Federal Contract Tower,1,14,11,4,30,0,0,17,0,17,1,14,28,4,47,0,4,4,51
10/10/2006,BRO,TX,ASW,CE,Federal Contract Tower,0,12,16,20,48,0,0,15,0,15,0,12,31,20,63,32,16,48,111
10/11/2006,BRO,TX,ASW,CE,Federal Contract Tower,1,19,25,48,93,0,0,36,0,36,1,19,61,48,129,23,106,129,258
10/12/2006,BRO,TX,ASW,CE,Federal Contract Tower,0,17,13,44,74,0,0,50,0,50,0,17,63,44,124,30,180,210,334
10/13/2006,BRO,TX,ASW,CE,Federal Contract Tower,0,20,12,4,36,0,0,14,0,14,0,20,26,4,50,154,0,154,204
10/14/2006,BRO,TX,ASW,CE,Federal Contract Tower,0,17,21,0,38,0,0,1,0,1,0,17,22,0,39,0,0,0,39
10/15/2006,BRO,TX,ASW,CE,Federal Contract Tower,0,16,17,0,33,0,0,13,0,13,0,16,30,0,46,0,0,0,46
10/16/2006,BRO,TX,ASW,CE,Federal Contract Tower,0,11,15,31,57,0,0,16,0,16,0,11,31,31,73,66,86,152,225
10/17/2006,BRO,TX,ASW,CE,Federal Contract Tower,2,12,8,12,34,0,0,14,0,14,2,12,22,12,48,10,0,10,58
10/18/2006,BRO,TX,ASW,CE,Federal Contract Tower,0,17,23,62,102,0,0,18,0,18,0,17,41,62,120,10,44,54,174
10/19/2006,BRO,TX,ASW,CE,Federal Contract Tower,2,19,14,12,47,0,0,8,0,8,2,19,22,12,55,0,0,0,55
10/20/2006,BRO,TX,ASW,CE,Federal Contract Tower,0,16,27,0,43,0,0,22,0,22,0,16,49,0,65,0,0,0,65
10/21/2006,BRO,TX,ASW,CE,Federal Contract Tower,2,12,18,0,32,0,0,31,0,31,2,12,49,0,63,30,0,30,93
10/22/2006,BRO,TX,ASW,CE,Federal Contract Tower,0,9,20,2,31,0,0,21,0,21,0,9,41,2,52,0,0,0,52
10/23/2006,BRO,TX,ASW,CE,Federal Contract Tower,0,15,11,18,44,0,0,18,0,18,0,15,29,18,62,22,96,118,180
10/24/2006,BRO,TX,ASW,CE,Federal Contract Tower,2,10,18,28,58,0,0,24,0,24,2,10,42,28,82,70,14,84,166
10/25/2006,BRO,TX,ASW,CE,Federal Contract Tower,0,16,21,23,60,0,0,29,0,29,0,16,50,23,89,24,148,172,261
10/26/2006,BRO,TX,ASW,CE,Federal Contract Tower,0,20,27,24,71,0,0,17,0,17,0,20,44,24,88,0,12,12,100
10/27/2006,BRO,TX,ASW,CE,Federal Contract Tower,0,22,17,2,41,0,0,30,0,30,0,22,47,2,71,22,0,22,93
10/28/2006,BRO,TX,ASW,CE,Federal Contract Tower,0,11,8,0,19,0,0,34,0,34,0,11,42,0,53,26,0,26,79
10/29/2006,BRO,TX,ASW,CE,Federal Contract Tower,0,17,13,4,34,0,0,36,0,36,0,17,49,4,70,0,4,4,74
10/30/2006,BRO,TX,ASW,CE,Federal Contract Tower,0,13,19,42,74,0,0,4,0,4,0,13,23,42,78,0,38,38,116
10/31/2006,BRO,TX,ASW,CE,Federal Contract Tower,0,10,10,26,46,0,0,34,0,34,0,10,44,26,80,30,26,56,136
11/01/2006,BRO,TX,ASW,CE,Federal Contract Tower,0,13,23,24,60,0,0,32,0,32,0,13,55,24,92,6,16,22,114
11/02/2006,BRO,TX,ASW,CE,Federal Contract Tower,0,19,22,8,49,0,0,3,0,3,0,19,25,8,52,0,0,0,52
11/03/2006,BRO,TX,ASW,CE,Federal Contract Tower,0,19,10,26,55,0,0,10,0,10,0,19,20,26,65,10,34,44,109
11/04/2006,BRO,TX,ASW,CE,Federal Contract Tower,0,12,19,6,37,0,0,24,0,24,0,12,43,6,61,0,2,2,63
11/05/2006,BRO,TX,ASW,CE,Federal Contract Tower,0,16,14,28,58,0,0,14,0,14,0,16,28,28,72,10,26,36,108
11/06/2006,BRO,TX,ASW,CE,Federal Contract Tower,0,18,16,64,98,0,0,25,0,25,0,18,41,64,123,30,64,94,217
11/07/2006,BRO,TX,ASW,CE,Federal Contract Tower,0,14,10,36,60,0,0,16,0,16,0,14,26,36,76,0,20,20,96
11/08/2006,BRO,TX,ASW,CE,Federal Contract Tower,0,17,27,30,74,0,0,43,0,43,0,17,70,30,117,36,32,68,185
11/09/2006,BRO,TX,ASW,CE,Federal Contract Tower,0,17,28,15,60,0,0,35,0,35,0,17,63,15,95,60,30,90,185
11/10/2006,BRO,TX,ASW,CE,Federal Contract Tower,0,17,15,0,32,0,0,23,0,23,0,17,38,0,55,29,0,29,84
11/11/2006,BRO,TX,ASW,CE,Federal Contract Tower,0,14,12,0,26,0,0,11,0,11,0,14,23,0,37,20,0,20,57
11/12/2006,BRO,TX,ASW,CE,Federal Contract Tower,0,16,13,0,29,0,0,13,0,13,0,16,26,0,42,34,0,34,76
11/13/2006,BRO,TX,ASW,CE,Federal Contract Tower,0,14,14,41,69,0,0,11,0,11,0,14,25,41,80,6,111,117,197
11/14/2006,BRO,TX,ASW,CE,Federal Contract Tower,0,11,23,28,62,0,0,11,0,11,0,11,34,28,73,20,50,70,143
11/15/2006,BRO,TX,ASW,CE,Federal Contract Tower,0,14,21,34,69,0,0,22,0,22,0,14,43,34,91,10,20,30,121
11/16/2006,BRO,TX,ASW,CE,Federal Contract Tower,0,22,21,26,69,0,0,29,0,29,0,22,50,26,98,10,102,112,210
11/17/2006,BRO,TX,ASW,CE,Federal Contract Tower,0,16,28,2,46,0,0,42,0,42,0,16,70,2,88,10,0,10,98
11/18/2006,BRO,TX,ASW,CE,Federal Contract Tower,0,11,14,0,25,0,0,47,0,47,0,11,61,0,72,75,0,75,147
11/19/2006,BRO,TX,ASW,CE,Federal Contract Tower,0,17,10,10,37,0,0,33,0,33,0,17,43,10,70,64,10,74,144
11/20/2006,BRO,TX,ASW,CE,Federal Contract Tower,0,15,23,28,66,0,0,26,0,26,0,15,49,28,92,50,266,316,408
11/21/2006,BRO,TX,ASW,CE,Federal Contract Tower,0,13,19,40,72,0,0,25,0,25,0,13,44,40,97,48,32,80,177
11/22/2006,BRO,TX,ASW,CE,Federal Contract Tower,0,15,18,15,48,0,0,38,0,38,0,15,56,15,86,42,76,118,204
11/23/2006,BRO,TX,ASW,CE,Federal Contract Tower,0,7,7,0,14,0,0,2,0,2,0,7,9,0,16,0,0,0,16
11/24/2006,BRO,TX,ASW,CE,Federal Contract Tower,0,10,9,0,19,0,0,15,0,15,0,10,24,0,34,0,0,0,34
11/25/2006,BRO,TX,ASW,CE,Federal Contract Tower,0,10,7,0,17,0,0,22,0,22,0,10,29,0,39,20,0,20,59
11/26/2006,BRO,TX,ASW,CE,Federal Contract Tower,0,16,18,0,34,0,0,28,0,28,0,16,46,0,62,40,0,40,102
11/27/2006,BRO,TX,ASW,CE,Federal Contract Tower,0,21,12,29,62,0,0,12,0,12,0,21,24,29,74,52,142,194,268
11/28/2006,BRO,TX,ASW,CE,Federal Contract Tower,0,15,13,30,58,0,0,33,0,33,0,15,46,30,91,30,124,154,245
11/29/2006,BRO,TX,ASW,CE,Federal Contract Tower,0,16,13,22,51,0,0,33,0,33,0,16,46,22,84,50,49,99,183
11/30/2006,BRO,TX,ASW,CE,Federal Contract Tower,0,16,15,0,31,0,0,12,0,12,0,16,27,0,43,4,0,4,47
12/01/2006,BRO,TX,ASW,CE,Federal Contract Tower,0,16,18,3,37,0,0,19,0,19,0,16,37,3,56,22,0,22,78
12/02/2006,BRO,TX,ASW,CE,Federal Contract Tower,2,10,11,0,23,0,0,15,0,15,2,10,26,0,38,0,0,0,38
12/03/2006,BRO,TX,ASW,CE,Federal Contract Tower,0,13,18,2,33,0,0,14,0,14,0,13,32,2,47,0,2,2,49
12/04/2006,BRO,TX,ASW,CE,Federal Contract Tower,0,15,15,2,32,0,0,18,0,18,0,15,33,2,50,46,0,46,96
12/05/2006,BRO,TX,ASW,CE,Federal Contract Tower,0,12,16,10,38,0,0,9,0,9,0,12,25,10,47,30,6,36,83
12/06/2006,BRO,TX,ASW,CE,Federal Contract Tower,0,11,14,23,48,0,0,25,0,25,0,11,39,23,73,0,19,19,92
12/07/2006,BRO,TX,ASW,CE,Federal Contract Tower,0,17,21,10,48,0,0,7,0,7,0,17,28,10,55,0,32,32,87
12/08/2006,BRO,TX,ASW,CE,Federal Contract Tower,0,15,23,2,40,0,0,12,0,12,0,15,35,2,52,0,2,2,54
12/09/2006,BRO,TX,ASW,CE,Federal Contract Tower,0,11,27,2,40,0,0,12,0,12,0,11,39,2,52,0,10,10,62
12/10/2006,BRO,TX,ASW,CE,Federal Contract Tower,0,11,16,0,27,0,0,19,0,19,0,11,35,0,46,24,0,24,70
12/11/2006,BRO,TX,ASW,CE,Federal Contract Tower,0,16,11,13,40,0,0,18,0,18,0,16,29,13,58,20,12,32,90
12/12/2006,BRO,TX,ASW,CE,Federal Contract Tower,0,17,10,12,39,0,0,9,0,9,0,17,19,12,48,0,12,12,60
12/13/2006,BRO,TX,ASW,CE,Federal Contract Tower,0,18,4,12,34,0,0,39,0,39,0,18,43,12,73,48,84,132,205
12/14/2006,BRO,TX,ASW,CE,Federal Contract Tower,0,8,19,16,43,0,0,20,0,20,0,8,39,16,63,0,76,76,139
12/15/2006,BRO,TX,ASW,CE,Federal Contract Tower,0,13,24,3,40,0,0,20,0,20,0,13,44,3,60,46,0,46,106
12/16/2006,BRO,TX,ASW,CE,Federal Contract Tower,0,13,7,0,20,0,0,26,0,26,0,13,33,0,46,40,0,40,86
12/17/2006,BRO,TX,ASW,CE,Federal Contract Tower,0,20,4,0,24,0,0,21,4,25,0,20,25,4,49,5,70,75,124
12/18/2006,BRO,TX,ASW,CE,Federal Contract Tower,0,15,19,33,67,0,0,35,0,35,0,15,54,33,102,45,90,135,237
12/19/2006,BRO,TX,ASW,CE,Federal Contract Tower,0,30,16,14,60,0,0,21,0,21,0,30,37,14,81,10,48,58,139
12/20/2006,BRO,TX,ASW,CE,Federal Contract Tower,0,14,14,20,48,0,0,26,0,26,0,14,40,20,74,10,103,113,187
12/21/2006,BRO,TX,ASW,CE,Federal Contract Tower,0,18,29,0,47,0,0,15,0,15,0,18,44,0,62,0,0,0,62
12/22/2006,BRO,TX,ASW,CE,Federal Contract Tower,0,17,39,6,62,0,0,0,0,0,0,17,39,6,62,30,0,30,92
12/23/2006,BRO,TX,ASW,CE,Federal Contract Tower,2,14,18,0,34,0,0,4,0,4,2,14,22,0,38,0,0,0,38
12/24/2006,BRO,TX,ASW,CE,Federal Contract Tower,0,12,11,0,23,0,0,5,0,5,0,12,16,0,28,0,0,0,28
12/25/2006,BRO,TX,ASW,CE,Federal Contract Tower,0,11,4,0,15,0,0,3,0,3,0,11,7,0,18,0,0,0,18
12/26/2006,BRO,TX,ASW,CE,Federal Contract Tower,0,17,29,0,46,0,0,22,0,22,0,17,51,0,68,0,0,0,68
12/27/2006,BRO,TX,ASW,CE,Federal Contract Tower,0,16,9,8,33,0,0,31,0,31,0,16,40,8,64,22,8,30,94
12/28/2006,BRO,TX,ASW,CE,Federal Contract Tower,0,13,12,0,25,0,0,17,0,17,0,13,29,0,42,0,0,0,42
12/29/2006,BRO,TX,ASW,CE,Federal Contract Tower,0,17,21,4,42,0,0,15,0,15,0,17,36,4,57,0,2,2,59
12/30/2006,BRO,TX,ASW,CE,Federal Contract Tower,0,15,9,0,24,0,0,16,0,16,0,15,25,0,40,46,0,46,86
12/31/2006,BRO,TX,ASW,CE,Federal Contract Tower,0,15,18,0,33,0,0,21,0,21,0,15,39,0,54,5,0,5,59
01/01/2007,BRO,TX,ASW,CE,Federal Contract Tower,0,16,38,0,54,0,0,21,0,21,0,16,59,0,75,42,0,42,117
01/02/2007,BRO,TX,ASW,CE,Federal Contract Tower,0,16,19,0,35,0,0,24,0,24,0,16,43,0,59,10,0,10,69
01/03/2007,BRO,TX,ASW,CE,Federal Contract Tower,1,14,23,0,38,0,0,0,0,0,1,14,23,0,38,0,0,0,38
01/04/2007,BRO,TX,ASW,CE,Federal Contract Tower,0,16,18,4,38,0,0,12,0,12,0,16,30,4,50,0,4,4,54
01/05/2007,BRO,TX,ASW,CE,Federal Contract Tower,0,20,32,8,60,0,0,23,0,23,0,20,55,8,83,16,8,24,107
01/06/2007,BRO,TX,ASW,CE,Federal Contract Tower,0,14,9,54,77,0,0,19,0,19,0,14,28,54,96,0,158,158,254
01/07/2007,BRO,TX,ASW,CE,Federal Contract Tower,1,12,26,14,53,0,0,22,0,22,1,12,48,14,75,8,14,22,97
01/08/2007,BRO,TX,ASW,CE,Federal Contract Tower,1,20,7,35,63,0,0,35,0,35,1,20,42,35,98,10,124,134,232
01/09/2007,BRO,TX,ASW,CE,Federal Contract Tower,0,12,17,16,45,0,0,21,0,21,0,12,38,16,66,86,14,100,166
01/10/2007,BRO,TX,ASW,CE,Federal Contract Tower,0,15,18,16,49,0,0,25,0,25,0,15,43,16,74,22,12,34,108
01/11/2007,BRO,TX,ASW,CE,Federal Contract Tower,0,15,21,22,58,0,0,15,0,15,0,15,36,22,73,0,84,84,157
01/12/2007,BRO,TX,ASW,CE,Federal Contract Tower,0,14,8,18,40,0,0,14,0,14,0,14,22,18,54,0,16,16,70
01/13/2007,BRO,TX,ASW,CE,Federal Contract Tower,0,10,15,8,33,0,0,14,0,14,0,10,29,8,47,10,10,20,67
01/14/2007,BRO,TX,ASW,CE,Federal Contract Tower,0,15,8,0,23,0,0,11,0,11,0,15,19,0,34,0,0,0,34
01/15/2007,BRO,TX,ASW,CE,Federal Contract Tower,0,15,11,0,26,0,0,1,0,1,0,15,12,0,27,0,0,0,27
01/16/2007,BRO,TX,ASW,CE,Federal Contract Tower,0,11,21,6,38,0,0,4,0,4,0,11,25,6,42,0,6,6,48
01/17/2007,BRO,TX,ASW,CE,Federal Contract Tower,0,12,16,2,30,0,0,14,0,14,0,12,30,2,44,2,0,2,46
01/18/2007,BRO,TX,ASW,CE,Federal Contract Tower,0,18,19,31,68,0,0,1,0,1,0,18,20,31,69,0,24,24,93
01/19/2007,BRO,TX,ASW,CE,Federal Contract Tower,0,16,18,14,48,0,0,9,0,9,0,16,27,14,57,0,8,8,65
01/20/2007,BRO,TX,ASW,CE,Federal Contract Tower,0,12,10,0,22,0,0,3,0,3,0,12,13,0,25,10,0,10,35
01/21/2007,BRO,TX,ASW,CE,Federal Contract Tower,0,15,19,6,40,0,0,12,0,12,0,15,31,6,52,20,2,22,74
01/22/2007,BRO,TX,ASW,CE,Federal Contract Tower,0,16,17,10,43,0,0,4,0,4,0,16,21,10,47,4,10,14,61
01/23/2007,BRO,TX,ASW,CE,Federal Contract Tower,0,15,43,4,62,0,0,2,0,2,0,15,45,4,64,0,4,4,68
01/24/2007,BRO,TX,ASW,CE,Federal Contract Tower,0,10,20,14,44,0,0,0,0,0,0,10,20,14,44,0,8,8,52
01/25/2007,BRO,TX,ASW,CE,Federal Contract Tower,3,21,19,42,85,0,0,32,0,32,3,21,51,42,117,10,90,100,217
01/26/2007,BRO,TX,ASW,CE,Federal Contract Tower,0,16,22,11,49,0,0,24,0,24,0,16,46,11,73,20,76,96,169
01/27/2007,BRO,TX,ASW,CE,Federal Contract Tower,0,39,6,6,51,0,0,28,0,28,0,39,34,6,79,72,0,72,151
01/28/2007,BRO,TX,ASW,CE,Federal Contract Tower,0,15,17,4,36,0,0,29,0,29,0,15,46,4,65,10,4,14,79
01/29/2007,BRO,TX,ASW,CE,Federal Contract Tower,3,15,11,11,40,0,0,9,0,9,3,15,20,11,49,10,34,44,93
01/30/2007,BRO,TX,ASW,CE,Federal Contract Tower,0,14,10,28,52,0,0,5,0,5,0,14,15,28,57,0,18,18,75
01/31/2007,BRO,TX,ASW,CE,Federal Contract Tower,0,14,25,9,48,0,0,5,0,5,0,14,30,9,53,0,6,6,59
02/01/2007,BRO,TX,ASW,CE,Federal Contract Tower,0,21,31,27,79,0,0,25,0,25,0,21,56,27,104,74,8,82,186
02/02/2007,BRO,TX,ASW,CE,Federal Contract Tower,0,24,19,16,59,0,0,18,2,20,0,24,37,18,79,2,2,4,83
02/03/2007,BRO,TX,ASW,CE,Federal Contract Tower,0,14,11,8,33,0,0,22,0,22,0,14,33,8,55,14,8,22,77
02/04/2007,BRO,TX,ASW,CE,Federal Contract Tower,0,17,20,6,43,0,0,16,0,16,0,17,36,6,59,6,6,12,71
02/05/2007,BRO,TX,ASW,CE,Federal Contract Tower,0,13,27,20,60,0,0,25,0,25,0,13,52,20,85,20,19,39,124
02/06/2007,BRO,TX,ASW,CE,Federal Contract Tower,0,11,6,38,55,0,0,6,0,6,0,11,12,38,61,110,186,296,357
02/07/2007,BRO,TX,ASW,CE,Federal Contract Tower,0,19,22,22,63,0,0,28,0,28,0,19,50,22,91,52,78,130,221
02/08/2007,BRO,TX,ASW,CE,Federal Contract Tower,0,15,19,30,64,0,0,25,0,25,0,15,44,30,89,54,144,198,287
02/09/2007,BRO,TX,ASW,CE,Federal Contract Tower,0,17,11,22,50,0,0,36,0,36,0,17,47,22,86,66,88,154,240
02/10/2007,BRO,TX,ASW,CE,Federal Contract Tower,0,12,4,0,16,0,0,0,0,0,0,12,4,0,16,0,0,0,16
02/11/2007,BRO,TX,ASW,CE,Federal Contract Tower,0,19,40,4,63,0,0,8,0,8,0,19,48,4,71,0,0,0,71
02/12/2007,BRO,TX,ASW,CE,Federal Contract Tower,0,14,19,17,50,0,0,29,0,29,0,14,48,17,79,50,107,157,236
02/13/2007,BRO,TX,ASW,CE,Federal Contract Tower,0,13,7,12,32,0,0,25,0,25,0,13,32,12,57,52,8,60,117
02/14/2007,BRO,TX,ASW,CE,Federal Contract Tower,0,14,22,54,90,0,0,24,0,24,0,14,46,54,114,30,250,280,394
02/15/2007,BRO,TX,ASW,CE,Federal Contract Tower,0,18,26,40,84,0,0,27,0,27,0,18,53,40,111,10,388,398,509
02/16/2007,BRO,TX,ASW,CE,Federal Contract Tower,0,22,9,14,45,0,0,32,0,32,0,22,41,14,77,64,280,344,421
02/17/2007,BRO,TX,ASW,CE,Federal Contract Tower,0,15,7,0,22,0,0,32,0,32,0,15,39,0,54,0,0,0,54
02/18/2007,BRO,TX,ASW,CE,Federal Contract Tower,0,20,18,0,38,0,0,29,0,29,0,20,47,0,67,10,0,10,77
02/19/2007,BRO,TX,ASW,CE,Federal Contract Tower,0,19,18,2,39,0,0,10,0,10,0,19,28,2,49,10,2,12,61
02/20/2007,BRO,TX,ASW,CE,Federal Contract Tower,0,20,28,12,60,0,0,32,0,32,0,20,60,12,92,42,164,206,298
02/21/2007,BRO,TX,ASW,CE,Federal Contract Tower,0,20,28,12,60,0,0,32,0,32,0,20,60,12,92,42,164,206,298
02/22/2007,BRO,TX,ASW,CE,Federal Contract Tower,0,17,18,10,45,0,0,6,0,6,0,17,24,10,51,0,68,68,119
02/23/2007,BRO,TX,ASW,CE,Federal Contract Tower,0,14,23,6,43,0,0,11,0,11,0,14,34,6,54,0,0,0,54
02/24/2007,BRO,TX,ASW,CE,Federal Contract Tower,0,14,13,0,27,0,0,19,0,19,0,14,32,0,46,20,0,20,66
02/25/2007,BRO,TX,ASW,CE,Federal Contract Tower,0,14,17,2,33,0,0,14,0,14,0,14,31,2,47,0,0,0,47
02/26/2007,BRO,TX,ASW,CE,Federal Contract Tower,0,15,24,4,43,0,0,34,0,34,0,15,58,4,77,14,4,18,95
02/27/2007,BRO,TX,ASW,CE,Federal Contract Tower,0,20,25,0,45,0,0,4,0,4,0,20,29,0,49,14,8,22,71
02/28/2007,BRO,TX,ASW,CE,Federal Contract Tower,0,17,6,10,33,0,0,23,0,23,0,17,29,10,56,10,28,38,94
03/01/2007,BRO,TX,ASW,CE,Federal Contract Tower,0,20,22,19,61,0,0,35,0,35,0,20,57,19,96,10,34,44,140
03/02/2007,BRO,TX,ASW,CE,Federal Contract Tower,0,20,22,5,47,0,0,30,0,30,0,20,52,5,77,10,4,14,91
03/03/2007,BRO,TX,ASW,CE,Federal Contract Tower,0,13,13,8,34,0,0,33,0,33,0,13,46,8,67,8,0,8,75
03/04/2007,BRO,TX,ASW,CE,Federal Contract Tower,0,19,28,8,55,0,0,19,0,19,0,19,47,8,74,34,8,42,116
03/05/2007,BRO,TX,ASW,CE,Federal Contract Tower,0,15,15,20,50,0,0,32,0,32,0,15,47,20,82,20,20,40,122
03/06/2007,BRO,TX,ASW,CE,Federal Contract Tower,0,12,17,50,79,0,0,28,0,28,0,12,45,50,107,0,46,46,153
03/07/2007,BRO,TX,ASW,CE,Federal Contract Tower,0,14,13,20,47,0,0,37,0,37,0,14,50,20,84,20,14,34,118
03/08/2007,BRO,TX,ASW,CE,Federal Contract Tower,0,18,12,14,44,0,0,31,0,31,0,18,43,14,75,10,10,20,95
03/09/2007,BRO,TX,ASW,CE,Federal Contract Tower,1,12,45,36,94,0,0,28,0,28,1,12,73,36,122,26,70,96,218
03/10/2007,BRO,TX,ASW,CE,Federal Contract Tower,0,14,21,0,35,0,0,35,0,35,0,14,56,0,70,14,0,14,84
03/11/2007,BRO,TX,ASW,CE,Federal Contract Tower,3,14,25,4,46,0,0,18,0,18,3,14,43,4,64,0,0,0,64
03/12/2007,BRO,TX,ASW,CE,Federal Contract Tower,0,17,11,13,41,0,0,2,0,2,0,17,13,13,43,0,2,2,45
03/13/2007,BRO,TX,ASW,CE,Federal Contract Tower,0,18,10,20,48,0,0,5,0,5,0,18,15,20,53,0,10,10,63
03/14/2007,BRO,TX,ASW,CE,Federal Contract Tower,0,19,27,18,64,0,0,14,0,14,0,19,41,18,78,6,12,18,96
03/15/2007,BRO,TX,ASW,CE,Federal Contract Tower,0,18,21,28,67,0,0,10,0,10,0,18,31,28,77,0,0,0,77
03/16/2007,BRO,TX,ASW,CE,Federal Contract Tower,1,17,16,19,53,0,0,30,0,30,1,17,46,19,83,34,6,40,123
03/17/2007,BRO,TX,ASW,CE,Federal Contract Tower,1,17,39,0,57,0,0,22,0,22,1,17,61,0,79,162,0,162,241
03/18/2007,BRO,TX,ASW,CE,Federal Contract Tower,0,13,29,10,52,0,0,10,0,10,0,13,39,10,62,0,10,10,72
03/19/2007,BRO,TX,ASW,CE,Federal Contract Tower,0,19,12,14,45,0,0,21,0,21,0,19,33,14,66,10,14,24,90
03/20/2007,BRO,TX,ASW,CE,Federal Contract Tower,0,17,23,54,94,0,0,23,0,23,0,17,46,54,117,38,34,72,189
03/21/2007,BRO,TX,ASW,CE,Federal Contract Tower,0,14,20,24,58,0,0,15,0,15,0,14,35,24,73,0,8,8,81
03/22/2007,BRO,TX,ASW,CE,Federal Contract Tower,0,15,20,50,85,0,0,22,0,22,0,15,42,50,107,10,192,202,309
03/23/2007,BRO,TX,ASW,CE,Federal Contract Tower,0,22,14,46,82,0,0,36,0,36,0,22,50,46,118,20,64,84,202
03/24/2007,BRO,TX,ASW,CE,Federal Contract Tower,0,16,15,4,35,0,0,13,0,13,0,16,28,4,48,0,0,0,48
03/25/2007,BRO,TX,ASW,CE,Federal Contract Tower,0,16,30,0,46,0,0,13,0,13,0,16,43,0,59,0,0,0,59
03/26/2007,BRO,TX,ASW,CE,Federal Contract Tower,0,15,19,25,59,0,0,1,0,1,0,15,20,25,60,2,25,27,87
03/27/2007,BRO,TX,ASW,CE,Federal Contract Tower,0,15,12,8,35,0,0,13,0,13,0,15,25,8,48,0,66,66,114
03/28/2007,BRO,TX,ASW,CE,Federal Contract Tower,0,16,15,28,59,0,0,12,0,12,0,16,27,28,71,0,22,22,93
03/29/2007,BRO,TX,ASW,CE,Federal Contract Tower,2,12,13,22,49,0,0,23,0,23,2,12,36,22,72,10,28,38,110
03/30/2007,BRO,TX,ASW,CE,Federal Contract Tower,0,13,22,20,55,0,0,24,0,24,0,13,46,20,79,52,20,72,151
03/31/2007,BRO,TX,ASW,CE,Federal Contract Tower,0,17,19,0,36,0,0,14,0,14,0,17,33,0,50,0,0,0,50
04/01/2007,BRO,TX,ASW,CE,Federal Contract Tower,0,17,20,34,71,0,0,18,0,18,0,17,38,34,89,10,6,16,105
04/02/2007,BRO,TX,ASW,CE,Federal Contract Tower,0,11,7,16,34,0,0,29,0,29,0,11,36,16,63,26,127,153,216
04/03/2007,BRO,TX,ASW,CE,Federal Contract Tower,2,16,17,20,55,0,0,10,0,10,2,16,27,20,65,12,68,80,145
04/04/2007,BRO,TX,ASW,CE,Federal Contract Tower,2,14,16,6,38,0,0,13,0,13,2,14,29,6,51,0,0,0,51
04/05/2007,BRO,TX,ASW,CE,Federal Contract Tower,0,14,29,54,97,0,0,18,0,18,0,14,47,54,115,0,50,50,165
04/06/2007,BRO,TX,ASW,CE,Federal Contract Tower,0,13,11,22,46,0,0,17,0,17,0,13,28,22,63,40,6,46,109
04/07/2007,BRO,TX,ASW,CE,Federal Contract Tower,0,15,34,0,49,0,0,4,0,4,0,15,38,0,53,20,0,20,73
04/08/2007,BRO,TX,ASW,CE,Federal Contract Tower,0,8,19,4,31,0,0,1,0,1,0,8,20,4,32,0,0,0,32
04/09/2007,BRO,TX,ASW,CE,Federal Contract Tower,0,11,40,2,53,0,0,10,0,10,0,11,50,2,63,16,2,18,81
04/10/2007,BRO,TX,ASW,CE,Federal Contract Tower,0,21,44,10,75,0,0,21,0,21,0,21,65,10,96,14,16,30,126
04/11/2007,BRO,TX,ASW,CE,Federal Contract Tower,0,16,21,40,77,0,0,29,0,29,0,16,50,40,106,30,124,154,260
04/12/2007,BRO,TX,ASW,CE,Federal Contract Tower,0,12,26,23,61,0,0,13,0,13,0,12,39,23,74,0,110,110,184
04/13/2007,BRO,TX,ASW,CE,Federal Contract Tower,0,18,20,28,66,0,0,24,0,24,0,18,44,28,90,10,26,36,126
04/14/2007,BRO,TX,ASW,CE,Federal Contract Tower,0,15,17,2,34,0,0,22,0,22,0,15,39,2,56,30,0,30,86
04/15/2007,BRO,TX,ASW,CE,Federal Contract Tower,0,14,42,1,57,0,0,24,0,24,0,14,66,1,81,48,0,48,129
04/16/2007,BRO,TX,ASW,CE,Federal Contract Tower,0,14,18,24,56,0,0,8,0,8,0,14,26,24,64,30,24,54,118
04/17/2007,BRO,TX,ASW,CE,Federal Contract Tower,0,20,11,53,84,0,0,3,0,3,0,20,14,53,87,0,26,26,113
04/18/2007,BRO,TX,ASW,CE,Federal Contract Tower,0,12,15,11,38,0,0,26,0,26,0,12,41,11,64,10,0,10,74
04/19/2007,BRO,TX,ASW,CE,Federal Contract Tower,0,22,34,34,90,0,0,18,0,18,0,22,52,34,108,86,14,100,208
04/20/2007,BRO,TX,ASW,CE,Federal Contract Tower,0,18,13,2,33,0,0,10,0,10,0,18,23,2,43,0,0,0,43
04/21/2007,BRO,TX,ASW,CE,Federal Contract Tower,0,12,17,4,33,0,0,20,0,20,0,12,37,4,53,40,0,40,93
04/22/2007,BRO,TX,ASW,CE,Federal Contract Tower,0,14,10,0,24,0,0,10,0,10,0,14,20,0,34,30,0,30,64
04/23/2007,BRO,TX,ASW,CE,Federal Contract Tower,0,12,25,12,49,0,0,6,0,6,0,12,31,12,55,4,56,60,115
04/24/2007,BRO,TX,ASW,CE,Federal Contract Tower,0,15,8,18,41,0,0,17,0,17,0,15,25,18,58,20,32,52,110
04/25/2007,BRO,TX,ASW,CE,Federal Contract Tower,0,13,17,13,43,0,0,27,0,27,0,13,44,13,70,26,0,26,96
04/26/2007,BRO,TX,ASW,CE,Federal Contract Tower,0,15,18,10,43,0,0,25,0,25,0,15,43,10,68,10,1,11,79
04/27/2007,BRO,TX,ASW,CE,Federal Contract Tower,0,17,20,4,41,0,0,38,0,38,0,17,58,4,79,62,20,82,161
04/28/2007,BRO,TX,ASW,CE,Federal Contract Tower,0,12,18,0,30,0,0,6,0,6,0,12,24,0,36,10,0,10,46
04/29/2007,BRO,TX,ASW,CE,Federal Contract Tower,0,14,16,12,42,0,0,12,0,12,0,14,28,12,54,4,12,16,70
04/30/2007,BRO,TX,ASW,CE,Federal Contract Tower,0,13,11,17,41,0,0,3,0,3,0,13,14,17,44,0,203,203,247
05/01/2007,BRO,TX,ASW,CE,Federal Contract Tower,0,21,18,6,45,0,0,19,0,19,0,21,37,6,64,10,6,16,80
05/02/2007,BRO,TX,ASW,CE,Federal Contract Tower,0,12,14,34,60,0,0,18,0,18,0,12,32,34,78,30,4,34,112
05/03/2007,BRO,TX,ASW,CE,Federal Contract Tower,0,16,13,62,91,0,0,20,0,20,0,16,33,62,111,68,74,142,253
05/04/2007,BRO,TX,ASW,CE,Federal Contract Tower,0,10,14,20,44,0,0,15,0,15,0,10,29,20,59,0,102,102,161
05/05/2007,BRO,TX,ASW,CE,Federal Contract Tower,1,13,4,0,18,0,0,12,0,12,1,13,16,0,30,10,0,10,40
05/06/2007,BRO,TX,ASW,CE,Federal Contract Tower,1,16,26,2,45,0,0,8,0,8,1,16,34,2,53,20,2,22,75
05/07/2007,BRO,TX,ASW,CE,Federal Contract Tower,0,13,17,26,56,0,0,6,0,6,0,13,23,26,62,10,74,84,146
05/08/2007,BRO,TX,ASW,CE,Federal Contract Tower,2,13,5,18,38,0,0,14,0,14,2,13,19,18,52,20,6,26,78
05/09/2007,BRO,TX,ASW,CE,Federal Contract Tower,1,15,24,30,70,0,0,14,0,14,1,15,38,30,84,50,13,63,147
05/10/2007,BRO,TX,ASW,CE,Federal Contract Tower,0,16,3,34,53,0,0,32,0,32,0,16,35,34,85,60,5,65,150
05/11/2007,BRO,TX,ASW,CE,Federal Contract Tower,0,15,28,44,87,0,0,17,0,17,0,15,45,44,104,0,239,239,343
05/12/2007,BRO,TX,ASW,CE,Federal Contract Tower,1,10,27,2,40,0,0,33,0,33,1,10,60,2,73,36,0,36,109
05/13/2007,BRO,TX,ASW,CE,Federal Contract Tower,1,16,8,0,25,0,0,14,0,14,1,16,22,0,39,0,0,0,39
05/14/2007,BRO,TX,ASW,CE,Federal Contract Tower,0,21,19,16,56,0,0,15,0,15,0,21,34,16,71,10,12,22,93
05/15/2007,BRO,TX,ASW,CE,Federal Contract Tower,0,12,16,26,54,0,0,23,0,23,0,12,39,26,77,0,92,92,169
05/16/2007,BRO,TX,ASW,CE,Federal Contract Tower,0,18,29,24,71,0,0,5,0,5,0,18,34,24,76,10,18,28,104
05/17/2007,BRO,TX,ASW,CE,Federal Contract Tower,0,14,24,24,62,0,0,19,0,19,0,14,43,24,81,42,0,42,123
05/18/2007,BRO,TX,ASW,CE,Federal Contract Tower,0,14,38,10,62,0,0,19,0,19,0,14,57,10,81,34,10,44,125
05/19/2007,BRO,TX,ASW,CE,Federal Contract Tower,0,13,13,10,36,0,0,11,4,15,0,13,24,14,51,0,10,10,61
05/20/2007,BRO,TX,ASW,CE,Federal Contract Tower,0,14,29,0,43,0,0,15,0,15,0,14,44,0,58,24,0,24,82
05/21/2007,BRO,TX,ASW,CE,Federal Contract Tower,0,16,17,28,61,0,0,22,0,22,0,16,39,28,83,10,26,36,119
05/22/2007,BRO,TX,ASW,CE,Federal Contract Tower,0,12,24,12,48,0,0,20,0,20,0,12,44,12,68,0,58,58,126
05/23/2007,BRO,TX,ASW,CE,Federal Contract Tower,0,17,35,41,93,0,0,15,0,15,0,17,50,41,108,22,91,113,221
05/24/2007,BRO,TX,ASW,CE,Federal Contract Tower,2,15,21,4,42,0,0,20,0,20,2,15,41,4,62,106,0,106,168
05/25/2007,BRO,TX,ASW,CE,Federal Contract Tower,0,19,18,0,37,0,0,13,0,13,0,19,31,0,50,0,0,0,50
05/26/2007,BRO,TX,ASW,CE,Federal Contract Tower,0,17,12,0,29,0,0,9,0,9,0,17,21,0,38,20,0,20,58
05/27/2007,BRO,TX,ASW,CE,Federal Contract Tower,0,11,11,0,22,0,0,0,0,0,0,11,11,0,22,20,6,26,48
05/28/2007,BRO,TX,ASW,CE,Federal Contract Tower,0,10,15,4,29,0,0,11,0,11,0,10,26,4,40,10,2,12,52
05/29/2007,BRO,TX,ASW,CE,Federal Contract Tower,0,12,11,30,53,0,0,27,0,27,0,12,38,30,80,50,16,66,146
05/30/2007,BRO,TX,ASW,CE,Federal Contract Tower,0,12,12,24,48,0,0,24,0,24,0,12,36,24,72,14,16,30,102
05/31/2007,BRO,TX,ASW,CE,Federal Contract Tower,0,10,37,21,68,0,0,0,0,0,0,10,37,21,68,30,254,284,352
06/01/2007,BRO,TX,ASW,CE,Federal Contract Tower,0,14,9,7,30,0,0,21,0,21,0,14,30,7,51,82,0,82,133
06/02/2007,BRO,TX,ASW,CE,Federal Contract Tower,0,10,19,0,29,0,0,59,0,59,0,10,78,0,88,66,0,66,154
06/03/2007,BRO,TX,ASW,CE,Federal Contract Tower,0,12,14,4,30,0,0,9,0,9,0,12,23,4,39,24,4,28,67
06/04/2007,BRO,TX,ASW,CE,Federal Contract Tower,0,14,17,48,79,0,0,27,0,27,0,14,44,48,106,10,48,58,164
06/05/2007,BRO,TX,ASW,CE,Federal Contract Tower,0,15,18,14,47,0,0,18,0,18,0,15,36,14,65,10,12,22,87
06/06/2007,BRO,TX,ASW,CE,Federal Contract Tower,2,16,18,18,54,0,0,24,0,24,2,16,42,18,78,6,15,21,99
06/07/2007,BRO,TX,ASW,CE,Federal Contract Tower,0,17,25,20,62,0,0,24,0,24,0,17,49,20,86,0,18,18,104
06/08/2007,BRO,TX,ASW,CE,Federal Contract Tower,2,16,21,14,53,0,0,18,0,18,2,16,39,14,71,124,0,124,195
06/09/2007,BRO,TX,ASW,CE,Federal Contract Tower,0,20,17,4,41,0,0,16,0,16,0,20,33,4,57,0,0,0,57
06/10/2007,BRO,TX,ASW,CE,Federal Contract Tower,0,18,25,3,46,0,0,24,0,24,0,18,49,3,70,14,3,17,87
06/11/2007,BRO,TX,ASW,CE,Federal Contract Tower,2,12,12,12,38,0,0,0,20,20,2,12,12,32,58,20,22,42,100
06/12/2007,BRO,TX,ASW,CE,Federal Contract Tower,1,18,20,27,66,0,0,23,0,23,1,18,43,27,89,12,86,98,187
06/13/2007,BRO,TX,ASW,CE,Federal Contract Tower,1,13,20,24,58,0,0,17,0,17,1,13,37,24,75,10,12,22,97
06/14/2007,BRO,TX,ASW,CE,Federal Contract Tower,0,14,12,22,48,0,0,37,0,37,0,14,49,22,85,36,0,36,121
06/15/2007,BRO,TX,ASW,CE,Federal Contract Tower,0,9,24,7,40,0,0,45,0,45,0,9,69,7,85,46,0,46,131
06/16/2007,BRO,TX,ASW,CE,Federal Contract Tower,0,18,3,0,21,0,0,28,0,28,0,18,31,0,49,90,0,90,139
06/17/2007,BRO,TX,ASW,CE,Federal Contract Tower,0,13,14,0,27,0,0,16,0,16,0,13,30,0,43,40,0,40,83
06/18/2007,BRO,TX,ASW,CE,Federal Contract Tower,0,12,18,31,61,0,0,16,0,16,0,12,34,31,77,0,29,29,106
06/19/2007,BRO,TX,ASW,CE,Federal Contract Tower,0,19,14,5,38,0,0,14,0,14,0,19,28,5,52,0,72,72,124
06/20/2007,BRO,TX,ASW,CE,Federal Contract Tower,0,17,30,18,65,0,0,23,0,23,0,17,53,18,88,0,4,4,92
06/21/2007,BRO,TX,ASW,CE,Federal Contract Tower,0,16,16,38,70,0,0,28,0,28,0,16,44,38,98,60,14,74,172
06/22/2007,BRO,TX,ASW,CE,Federal Contract Tower,0,10,25,5,40,0,0,17,0,17,0,10,42,5,57,0,8,8,65
06/23/2007,BRO,TX,ASW,CE,Federal Contract Tower,0,12,25,0,37,0,0,2,0,2,0,12,27,0,39,0,0,0,39
06/24/2007,BRO,TX,ASW,CE,Federal Contract Tower,0,17,19,0,36,0,0,14,0,14,0,17,33,0,50,20,0,20,70
06/25/2007,BRO,TX,ASW,CE,Federal Contract Tower,2,18,5,27,52,0,0,19,0,19,2,18,24,27,71,10,148,158,229
06/26/2007,BRO,TX,ASW,CE,Federal Contract Tower,0,13,27,16,56,0,0,23,0,23,0,13,50,16,79,36,10,46,125
06/27/2007,BRO,TX,ASW,CE,Federal Contract Tower,0,22,29,10,61,0,0,24,0,24,0,22,53,10,85,0,6,6,91
06/28/2007,BRO,TX,ASW,CE,Federal Contract Tower,0,24,24,0,48,0,0,21,0,21,0,24,45,0,69,110,50,160,229
06/29/2007,BRO,TX,ASW,CE,Federal Contract Tower,0,13,18,12,43,0,0,25,0,25,0,13,43,12,68,10,0,10,78
06/30/2007,BRO,TX,ASW,CE,Federal Contract Tower,0,14,33,0,47,0,0,16,0,16,0,14,49,0,63,30,0,30,93
07/01/2007,BRO,TX,ASW,CE,Federal Contract Tower,0,16,26,2,44,0,0,7,0,7,0,16,33,2,51,30,2,32,83
07/02/2007,BRO,TX,ASW,CE,Federal Contract Tower,0,14,17,2,33,0,0,12,0,12,0,14,29,2,45,10,0,10,55
07/03/2007,BRO,TX,ASW,CE,Federal Contract Tower,4,10,15,4,33,0,0,16,0,16,4,10,31,4,49,20,4,24,73
07/04/2007,BRO,TX,ASW,CE,Federal Contract Tower,0,14,10,0,24,0,0,46,0,46,0,14,56,0,70,34,0,34,104
07/05/2007,BRO,TX,ASW,CE,Federal Contract Tower,1,15,10,6,32,0,0,18,0,18,1,15,28,6,50,94,6,100,150
07/06/2007,BRO,TX,ASW,CE,Federal Contract Tower,1,15,18,86,120,0,0,44,0,44,1,15,62,86,164,0,86,86,250
07/07/2007,BRO,TX,ASW,CE,Federal Contract Tower,0,14,16,0,30,0,0,36,0,36,0,14,52,0,66,10,0,10,76
07/08/2007,BRO,TX,ASW,CE,Federal Contract Tower,1,12,28,0,41,0,0,19,0,19,1,12,47,0,60,16,0,16,76
07/09/2007,BRO,TX,ASW,CE,Federal Contract Tower,1,14,30,50,95,0,0,9,0,9,1,14,39,50,104,10,50,60,164
07/10/2007,BRO,TX,ASW,CE,Federal Contract Tower,0,15,14,22,51,0,0,18,0,18,0,15,32,22,69,6,16,22,91
07/11/2007,BRO,TX,ASW,CE,Federal Contract Tower,0,13,10,14,37,0,0,22,0,22,0,13,32,14,59,98,10,108,167
07/12/2007,BRO,TX,ASW,CE,Federal Contract Tower,2,13,31,14,60,0,0,41,0,41,2,13,72,14,101,198,0,198,299
07/13/2007,BRO,TX,ASW,CE,Federal Contract Tower,0,13,20,6,39,0,0,24,0,24,0,13,44,6,63,4,0,4,67
07/14/2007,BRO,TX,ASW,CE,Federal Contract Tower,2,13,23,0,38,0,0,19,0,19,2,13,42,0,57,20,0,20,77
07/15/2007,BRO,TX,ASW,CE,Federal Contract Tower,0,12,37,12,61,0,0,16,0,16,0,12,53,12,77,10,12,22,99
07/16/2007,BRO,TX,ASW,CE,Federal Contract Tower,0,13,31,8,52,0,0,14,0,14,0,13,45,8,66,10,8,18,84
07/17/2007,BRO,TX,ASW,CE,Federal Contract Tower,0,12,20,10,42,0,0,5,0,5,0,12,25,10,47,0,0,0,47
07/18/2007,BRO,TX,ASW,CE,Federal Contract Tower,0,15,27,0,42,0,0,13,0,13,0,15,40,0,55,20,0,20,75
07/19/2007,BRO,TX,ASW,CE,Federal Contract Tower,0,19,43,4,66,0,0,22,0,22,0,19,65,4,88,0,4,4,92
07/20/2007,BRO,TX,ASW,CE,Federal Contract Tower,1,13,22,32,68,0,0,41,0,41,1,13,63,32,109,0,28,28,137
07/21/2007,BRO,TX,ASW,CE,Federal Contract Tower,0,14,16,0,30,0,0,20,0,20,0,14,36,0,50,10,0,10,60
07/22/2007,BRO,TX,ASW,CE,Federal Contract Tower,0,14,38,0,52,0,0,16,0,16,0,14,54,0,68,40,0,40,108
07/23/2007,BRO,TX,ASW,CE,Federal Contract Tower,1,11,34,43,89,0,0,12,0,12,1,11,46,43,101,34,38,72,173
07/24/2007,BRO,TX,ASW,CE,Federal Contract Tower,3,15,25,42,85,0,0,24,0,24,3,15,49,42,109,24,88,112,221
07/25/2007,BRO,TX,ASW,CE,Federal Contract Tower,0,14,24,21,59,0,0,24,0,24,0,14,48,21,83,10,87,97,180
07/26/2007,BRO,TX,ASW,CE,Federal Contract Tower,0,17,30,20,67,0,0,26,0,26,0,17,56,20,93,46,54,100,193
07/27/2007,BRO,TX,ASW,CE,Federal Contract Tower,0,13,31,0,44,0,0,10,0,10,0,13,41,0,54,0,0,0,54
07/28/2007,BRO,TX,ASW,CE,Federal Contract Tower,0,22,10,0,32,0,0,21,0,21,0,22,31,0,53,58,0,58,111
07/29/2007,BRO,TX,ASW,CE,Federal Contract Tower,0,15,34,0,49,0,0,13,0,13,0,15,47,0,62,20,0,20,82
07/30/2007,BRO,TX,ASW,CE,Federal Contract Tower,3,17,16,40,76,0,0,9,0,9,3,17,25,40,85,40,38,78,163
07/31/2007,BRO,TX,ASW,CE,Federal Contract Tower,2,14,23,6,45,0,0,17,0,17,2,14,40,6,62,10,0,10,72
08/01/2007,BRO,TX,ASW,CE,Federal Contract Tower,0,16,19,22,57,0,0,25,0,25,0,16,44,22,82,80,34,114,196
08/02/2007,BRO,TX,ASW,CE,Federal Contract Tower,1,10,35,20,66,0,0,33,0,33,1,10,68,20,99,10,86,96,195
08/03/2007,BRO,TX,ASW,CE,Federal Contract Tower,1,13,12,20,46,0,0,56,0,56,1,13,68,20,102,82,106,188,290
08/04/2007,BRO,TX,ASW,CE,Federal Contract Tower,2,13,15,6,36,0,0,30,0,30,2,13,45,6,66,10,0,10,76
08/05/2007,BRO,TX,ASW,CE,Federal Contract Tower,2,12,31,0,45,0,0,29,0,29,2,12,60,0,74,10,0,10,84
08/06/2007,BRO,TX,ASW,CE,Federal Contract Tower,0,15,23,6,44,0,0,13,0,13,0,15,36,6,57,10,6,16,73
08/07/2007,BRO,TX,ASW,CE,Federal Contract Tower,0,17,17,18,52,0,0,43,0,43,0,17,60,18,95,32,4,36,131
08/08/2007,BRO,TX,ASW,CE,Federal Contract Tower,0,22,21,20,63,0,0,34,0,34,0,22,55,20,97,10,4,14,111
08/09/2007,BRO,TX,ASW,CE,Federal Contract Tower,1,17,15,7,40,0,0,33,0,33,1,17,48,7,73,0,103,103,176
08/10/2007,BRO,TX,ASW,CE,Federal Contract Tower,0,18,12,20,50,0,0,25,0,25,0,18,37,20,75,48,38,86,161
08/11/2007,BRO,TX,ASW,CE,Federal Contract Tower,2,11,7,2,22,0,0,34,0,34,2,11,41,2,56,30,0,30,86
08/12/2007,BRO,TX,ASW,CE,Federal Contract Tower,0,13,18,0,31,0,0,31,0,31,0,13,49,0,62,10,0,10,72
08/13/2007,BRO,TX,ASW,CE,Federal Contract Tower,3,14,5,50,72,0,0,18,0,18,3,14,23,50,90,60,36,96,186
08/14/2007,BRO,TX,ASW,CE,Federal Contract Tower,3,13,10,19,45,0,0,13,0,13,3,13,23,19,58,20,8,28,86
08/15/2007,BRO,TX,ASW,CE,Federal Contract Tower,0,11,16,3,30,0,0,16,0,16,0,11,32,3,46,30,2,32,78
08/16/2007,BRO,TX,ASW,CE,Federal Contract Tower,0,6,7,3,16,0,0,13,0,13,0,6,20,3,29,0,0,0,29
08/17/2007,BRO,TX,ASW,CE,Federal Contract Tower,0,12,10,0,22,0,0,8,0,8,0,12,18,0,30,0,0,0,30
08/18/2007,BRO,TX,ASW,CE,Federal Contract Tower,0,13,10,0,23,0,0,22,0,22,0,13,32,0,45,20,0,20,65
08/19/2007,BRO,TX,ASW,CE,Federal Contract Tower,0,17,16,45,78,0,0,31,0,31,0,17,47,45,109,10,35,45,154
08/20/2007,BRO,TX,ASW,CE,Federal Contract Tower,2,11,14,6,33,0,0,27,0,27,2,11,41,6,60,30,4,34,94
08/21/2007,BRO,TX,ASW,CE,Federal Contract Tower,0,13,9,29,51,0,0,17,0,17,0,13,26,29,68,20,92,112,180
08/22/2007,BRO,TX,ASW,CE,Federal Contract Tower,1,11,3,19,34,0,0,6,0,6,1,11,9,19,40,0,2,2,42
08/23/2007,BRO,TX,ASW,CE,Federal Contract Tower,0,14,5,41,60,0,0,22,0,22,0,14,27,41,82,20,14,34,116
08/24/2007,BRO,TX,ASW,CE,Federal Contract Tower,0,16,11,7,34,0,0,16,0,16,0,16,27,7,50,0,5,5,55
08/25/2007,BRO,TX,ASW,CE,Federal Contract Tower,0,11,5,9,25,0,0,18,0,18,0,11,23,9,43,0,0,0,43
08/26/2007,BRO,TX,ASW,CE,Federal Contract Tower,0,12,4,0,16,0,0,17,0,17,0,12,21,0,33,10,0,10,43
08/27/2007,BRO,TX,ASW,CE,Federal Contract Tower,0,13,8,12,33,0,0,9,0,9,0,13,17,12,42,10,10,20,62
08/28/2007,BRO,TX,ASW,CE,Federal Contract Tower,2,17,14,4,37,0,0,30,0,30,2,17,44,4,67,70,0,70,137
08/29/2007,BRO,TX,ASW,CE,Federal Contract Tower,8,18,13,6,45,0,0,19,0,19,8,18,32,6,64,58,0,58,122
08/30/2007,BRO,TX,ASW,CE,Federal Contract Tower,0,15,17,2,34,0,0,20,0,20,0,15,37,2,54,36,98,134,188
08/31/2007,BRO,TX,ASW,CE,Federal Contract Tower,6,18,24,0,48,0,0,17,0,17,6,18,41,0,65,0,0,0,65
09/01/2007,BRO,TX,ASW,CE,Federal Contract Tower,0,11,7,0,18,0,0,28,0,28,0,11,35,0,46,228,0,228,274
09/02/2007,BRO,TX,ASW,CE,Federal Contract Tower,0,9,13,0,22,0,0,5,0,5,0,9,18,0,27,20,0,20,47
09/03/2007,BRO,TX,ASW,CE,Federal Contract Tower,3,13,16,0,32,0,0,17,0,17,3,13,33,0,49,0,0,0,49
09/04/2007,BRO,TX,ASW,CE,Federal Contract Tower,1,17,7,24,49,0,0,18,0,18,1,17,25,24,67,16,18,34,101
09/05/2007,BRO,TX,ASW,CE,Federal Contract Tower,1,18,15,5,39,0,0,22,0,22,1,18,37,5,61,20,160,180,241
09/06/2007,BRO,TX,ASW,CE,Federal Contract Tower,2,20,37,7,66,0,0,30,0,30,2,20,67,7,96,16,78,94,190
09/07/2007,BRO,TX,ASW,CE,Federal Contract Tower,0,14,12,23,49,0,0,19,0,19,0,14,31,23,68,10,130,140,208
09/08/2007,BRO,TX,ASW,CE,Federal Contract Tower,0,11,10,0,21,0,0,20,0,20,0,11,30,0,41,30,0,30,71
09/09/2007,BRO,TX,ASW,CE,Federal Contract Tower,0,14,24,0,38,0,0,38,0,38,0,14,62,0,76,50,0,50,126
09/10/2007,BRO,TX,ASW,CE,Federal Contract Tower,0,17,13,28,58,0,0,18,0,18,0,17,31,28,76,10,22,32,108
09/11/2007,BRO,TX,ASW,CE,Federal Contract Tower,0,12,14,16,42,0,0,14,0,14,0,12,28,16,56,100,108,208,264
09/12/2007,BRO,TX,ASW,CE,Federal Contract Tower,1,9,15,8,33,0,0,25,0,25,1,9,40,8,58,10,0,10,68
09/13/2007,BRO,TX,ASW,CE,Federal Contract Tower,0,15,17,42,74,0,0,26,0,26,0,15,43,42,100,78,28,106,206
09/14/2007,BRO,TX,ASW,CE,Federal Contract Tower,0,14,24,6,44,0,0,12,0,12,0,14,36,6,56,0,0,0,56
09/15/2007,BRO,TX,ASW,CE,Federal Contract Tower,1,11,22,0,34,0,0,15,0,15,1,11,37,0,49,34,0,34,83
09/16/2007,BRO,TX,ASW,CE,Federal Contract Tower,0,17,20,28,65,0,0,27,0,27,0,17,47,28,92,0,28,28,120
09/17/2007,BRO,TX,ASW,CE,Federal Contract Tower,0,16,17,36,69,0,0,19,0,19,0,16,36,36,88,20,70,90,178
09/18/2007,BRO,TX,ASW,CE,Federal Contract Tower,3,15,16,6,40,0,0,25,0,25,3,15,41,6,65,60,0,60,125
09/20/2007,BRO,TX,ASW,CE,Federal Contract Tower,2,12,24,26,64,0,0,36,0,36,2,12,60,26,100,0,0,0,100
09/21/2007,BRO,TX,ASW,CE,Federal Contract Tower,0,19,31,15,65,0,0,25,0,25,0,19,56,15,90,56,14,70,160
09/22/2007,BRO,TX,ASW,CE,Federal Contract Tower,0,12,16,0,28,0,0,26,0,26,0,12,42,0,54,0,0,0,54
09/23/2007,BRO,TX,ASW,CE,Federal Contract Tower,0,21,26,4,51,0,0,37,0,37,0,21,63,4,88,6,4,10,98
09/24/2007,BRO,TX,ASW,CE,Federal Contract Tower,0,15,5,28,48,0,0,32,0,32,0,15,37,28,80,20,83,103,183
09/25/2007,BRO,TX,ASW,CE,Federal Contract Tower,0,17,18,40,75,0,0,23,0,23,0,17,41,40,98,40,98,138,236
09/26/2007,BRO,TX,ASW,CE,Federal Contract Tower,1,17,31,22,71,0,0,21,0,21,1,17,52,22,92,0,48,48,140
09/27/2007,BRO,TX,ASW,CE,Federal Contract Tower,0,14,26,56,96,0,0,2,0,2,0,14,28,56,98,0,46,46,144
09/28/2007,BRO,TX,ASW,CE,Federal Contract Tower,1,11,17,3,32,0,0,15,0,15,1,11,32,3,47,40,28,68,115
09/29/2007,BRO,TX,ASW,CE,Federal Contract Tower,2,10,7,0,19,0,0,1,0,1,2,10,8,0,20,0,0,0,20
09/30/2007,BRO,TX,ASW,CE,Federal Contract Tower,0,18,16,0,34,0,0,30,0,30,0,18,46,0,64,20,0,20,84
10/01/2007,BRO,TX,ASW,CE,Federal Contract Tower,2,14,20,26,62,0,0,14,0,14,2,14,34,26,76,20,20,40,116
10/02/2007,BRO,TX,ASW,CE,Federal Contract Tower,3,14,11,14,42,0,0,28,0,28,3,14,39,14,70,30,20,50,120
10/03/2007,BRO,TX,ASW,CE,Federal Contract Tower,5,14,18,20,57,0,0,28,0,28,5,14,46,20,85,22,10,32,117
10/04/2007,BRO,TX,ASW,CE,Federal Contract Tower,0,18,22,12,52,0,0,21,0,21,0,18,43,12,73,2,6,8,81
10/05/2007,BRO,TX,ASW,CE,Federal Contract Tower,2,20,7,3,32,0,0,27,0,27,2,20,34,3,59,24,0,24,83
10/06/2007,BRO,TX,ASW,CE,Federal Contract Tower,0,11,23,2,36,0,0,20,0,20,0,11,43,2,56,10,0,10,66
10/07/2007,BRO,TX,ASW,CE,Federal Contract Tower,0,15,10,0,25,0,0,26,0,26,0,15,36,0,51,40,0,40,91
10/08/2007,BRO,TX,ASW,CE,Federal Contract Tower,0,15,9,0,24,0,0,23,0,23,0,15,32,0,47,80,0,80,127
10/09/2007,BRO,TX,ASW,CE,Federal Contract Tower,0,14,24,10,48,0,0,6,0,6,0,14,30,10,54,0,10,10,64
10/10/2007,BRO,TX,ASW,CE,Federal Contract Tower,0,15,12,35,62,0,0,20,0,20,0,15,32,35,82,20,170,190,272
10/11/2007,BRO,TX,ASW,CE,Federal Contract Tower,0,22,26,54,102,0,0,42,0,42,0,22,68,54,144,32,54,86,230
10/12/2007,BRO,TX,ASW,CE,Federal Contract Tower,0,12,10,2,24,0,0,25,0,25,0,12,35,2,49,74,20,94,143
10/13/2007,BRO,TX,ASW,CE,Federal Contract Tower,0,9,10,0,19,0,0,27,0,27,0,9,37,0,46,0,0,0,46
10/14/2007,BRO,TX,ASW,CE,Federal Contract Tower,0,13,15,0,28,0,0,19,0,19,0,13,34,0,47,20,0,20,67
10/15/2007,BRO,TX,ASW,CE,Federal Contract Tower,8,11,20,32,71,0,0,6,0,6,8,11,26,32,77,46,64,110,187
10/16/2007,BRO,TX,ASW,CE,Federal Contract Tower,2,15,18,26,61,0,0,19,0,19,2,15,37,26,80,44,12,56,136
10/17/2007,BRO,TX,ASW,CE,Federal Contract Tower,0,12,25,36,73,0,0,13,0,13,0,12,38,36,86,6,16,22,108
10/18/2007,BRO,TX,ASW,CE,Federal Contract Tower,0,15,25,31,71,0,0,23,0,23,0,15,48,31,94,34,24,58,152
10/19/2007,BRO,TX,ASW,CE,Federal Contract Tower,1,15,23,18,57,0,0,52,0,52,1,15,75,18,109,352,4,356,465
10/20/2007,BRO,TX,ASW,CE,Federal Contract Tower,0,10,8,2,20,0,0,22,0,22,0,10,30,2,42,0,0,0,42
10/21/2007,BRO,TX,ASW,CE,Federal Contract Tower,0,15,11,0,26,0,0,8,0,8,0,15,19,0,34,0,0,0,34
10/22/2007,BRO,TX,ASW,CE,Federal Contract Tower,0,14,20,6,40,0,0,7,0,7,0,14,27,6,47,0,4,4,51
10/23/2007,BRO,TX,ASW,CE,Federal Contract Tower,0,13,14,16,43,0,0,15,0,15,0,13,29,16,58,10,58,68,126
10/24/2007,BRO,TX,ASW,CE,Federal Contract Tower,0,14,12,22,48,0,0,36,0,36,0,14,48,22,84,0,3,3,87
10/25/2007,BRO,TX,ASW,CE,Federal Contract Tower,0,15,6,58,79,0,0,33,0,33,0,15,39,58,112,0,54,54,166
10/26/2007,BRO,TX,ASW,CE,Federal Contract Tower,0,0,9,0,9,0,13,0,7,20,0,13,9,7,29,0,10,10,39
10/27/2007,BRO,TX,ASW,CE,Federal Contract Tower,0,11,15,0,26,0,0,26,0,26,0,11,41,0,52,58,0,58,110
10/28/2007,BRO,TX,ASW,CE,Federal Contract Tower,2,12,17,2,33,0,0,21,0,21,2,12,38,2,54,0,2,2,56
10/29/2007,BRO,TX,ASW,CE,Federal Contract Tower,2,15,11,30,58,0,0,14,0,14,2,15,25,30,72,0,28,28,100
10/30/2007,BRO,TX,ASW,CE,Federal Contract Tower,0,14,13,22,49,0,0,16,0,16,0,14,29,22,65,34,16,50,115
10/31/2007,BRO,TX,ASW,CE,Federal Contract Tower,0,15,18,40,73,0,0,19,0,19,0,15,37,40,92,30,28,58,150
11/01/2007,BRO,TX,ASW,CE,Federal Contract Tower,0,16,13,16,45,0,0,25,0,25,0,16,38,16,70,20,6,26,96
11/02/2007,BRO,TX,ASW,CE,Federal Contract Tower,0,11,16,4,31,0,0,21,0,21,0,11,37,4,52,0,0,0,52
11/03/2007,BRO,TX,ASW,CE,Federal Contract Tower,0,10,9,0,19,0,0,14,0,14,0,10,23,0,33,10,0,10,43
11/04/2007,BRO,TX,ASW,CE,Federal Contract Tower,0,13,25,2,40,0,0,23,0,23,0,13,48,2,63,10,10,20,83
11/05/2007,BRO,TX,ASW,CE,Federal Contract Tower,0,13,16,30,59,0,0,27,0,27,0,13,43,30,86,20,24,44,130
11/06/2007,BRO,TX,ASW,CE,Federal Contract Tower,2,20,12,12,46,0,0,22,0,22,2,20,34,12,68,0,104,104,172
11/07/2007,BRO,TX,ASW,CE,Federal Contract Tower,0,16,18,14,48,0,0,29,0,29,0,16,47,14,77,36,14,50,127
11/08/2007,BRO,TX,ASW,CE,Federal Contract Tower,0,16,23,23,62,0,0,23,0,23,0,16,46,23,85,4,14,18,103
11/09/2007,BRO,TX,ASW,CE,Federal Contract Tower,0,10,18,6,34,0,4,13,7,24,0,14,31,13,58,0,8,8,66
11/10/2007,BRO,TX,ASW,CE,Federal Contract Tower,0,12,24,0,36,0,0,20,0,20,0,12,44,0,56,20,0,20,76
11/11/2007,BRO,TX,ASW,CE,Federal Contract Tower,0,15,16,0,31,0,0,41,0,41,0,15,57,0,72,44,0,44,116
11/12/2007,BRO,TX,ASW,CE,Federal Contract Tower,0,16,29,0,45,0,0,16,0,16,0,16,45,0,61,30,0,30,91
11/13/2007,BRO,TX,ASW,CE,Federal Contract Tower,2,14,19,30,65,0,0,26,0,26,2,14,45,30,91,40,28,68,159
11/14/2007,BRO,TX,ASW,CE,Federal Contract Tower,2,13,21,18,54,0,0,21,0,21,2,13,42,18,75,30,16,46,121
11/15/2007,BRO,TX,ASW,CE,Federal Contract Tower,0,13,29,1,43,0,0,13,1,14,0,13,42,2,57,0,0,0,57
11/16/2007,BRO,TX,ASW,CE,Federal Contract Tower,0,13,36,19,68,0,0,26,1,27,0,13,62,20,95,60,0,60,155
11/17/2007,BRO,TX,ASW,CE,Federal Contract Tower,0,11,12,0,23,0,0,16,0,16,0,11,28,0,39,10,0,10,49
11/18/2007,BRO,TX,ASW,CE,Federal Contract Tower,0,15,21,0,36,0,0,12,0,12,0,15,33,0,48,0,0,0,48
11/19/2007,BRO,TX,ASW,CE,Federal Contract Tower,0,11,13,3,27,0,0,22,0,22,0,11,35,3,49,10,12,22,71
11/20/2007,BRO,TX,ASW,CE,Federal Contract Tower,0,12,23,23,58,0,0,14,0,14,0,12,37,23,72,16,22,38,110
11/21/2007,BRO,TX,ASW,CE,Federal Contract Tower,0,11,11,6,28,0,0,21,0,21,0,11,32,6,49,10,0,10,59
11/22/2007,BRO,TX,ASW,CE,Federal Contract Tower,0,10,5,0,15,0,0,1,0,1,0,10,6,0,16,0,0,0,16
11/23/2007,BRO,TX,ASW,CE,Federal Contract Tower,0,9,8,0,17,0,0,2,0,2,0,9,10,0,19,0,0,0,19
11/24/2007,BRO,TX,ASW,CE,Federal Contract Tower,0,14,19,0,33,0,0,3,0,3,0,14,22,0,36,30,0,30,66
11/25/2007,BRO,TX,ASW,CE,Federal Contract Tower,0,18,28,0,46,0,1,8,0,9,0,19,36,0,55,0,0,0,55
11/26/2007,BRO,TX,ASW,CE,Federal Contract Tower,0,23,26,4,53,0,0,21,2,23,0,23,47,6,76,40,6,46,122
11/27/2007,BRO,TX,ASW,CE,Federal Contract Tower,2,17,11,60,90,0,0,33,0,33,2,17,44,60,123,0,154,154,277
11/28/2007,BRO,TX,ASW,CE,Federal Contract Tower,0,14,30,20,64,0,0,28,0,28,0,14,58,20,92,0,16,16,108
11/29/2007,BRO,TX,ASW,CE,Federal Contract Tower,2,14,21,32,69,0,2,18,0,20,2,16,39,32,89,20,20,40,129
11/30/2007,BRO,TX,ASW,CE,Federal Contract Tower,0,17,31,11,59,0,0,11,1,12,0,17,42,12,71,0,6,6,77
12/01/2007,BRO,TX,ASW,CE,Federal Contract Tower,0,10,15,0,25,0,0,9,0,9,0,10,24,0,34,10,0,10,44
12/02/2007,BRO,TX,ASW,CE,Federal Contract Tower,0,13,32,0,45,0,0,16,0,16,0,13,48,0,61,0,0,0,61
12/03/2007,BRO,TX,ASW,CE,Federal Contract Tower,0,15,34,12,61,0,0,5,8,13,0,15,39,20,74,18,20,38,112
12/04/2007,BRO,TX,ASW,CE,Federal Contract Tower,2,10,13,4,29,0,0,16,0,16,2,10,29,4,45,54,28,82,127
12/05/2007,BRO,TX,ASW,CE,Federal Contract Tower,0,14,54,31,99,0,0,0,0,0,0,14,54,31,99,10,96,106,205
12/06/2007,BRO,TX,ASW,CE,Federal Contract Tower,2,15,31,28,76,0,0,21,2,23,2,15,52,30,99,10,102,112,211
12/07/2007,BRO,TX,ASW,CE,Federal Contract Tower,1,13,26,20,60,0,0,24,0,24,1,13,50,20,84,184,16,200,284
12/08/2007,BRO,TX,ASW,CE,Federal Contract Tower,0,11,28,3,42,0,0,13,0,13,0,11,41,3,55,0,0,0,55
12/09/2007,BRO,TX,ASW,CE,Federal Contract Tower,0,15,21,0,36,0,0,15,0,15,0,15,36,0,51,20,0,20,71
12/10/2007,BRO,TX,ASW,CE,Federal Contract Tower,0,15,6,14,35,0,0,9,4,13,0,15,15,18,48,30,18,48,96
12/11/2007,BRO,TX,ASW,CE,Federal Contract Tower,0,8,22,22,52,0,0,16,0,16,0,8,38,22,68,0,18,18,86
12/12/2007,BRO,TX,ASW,CE,Federal Contract Tower,2,13,21,26,62,0,0,10,0,10,2,13,31,26,72,0,14,14,86
12/13/2007,BRO,TX,ASW,CE,Federal Contract Tower,0,15,48,13,76,0,0,0,0,0,0,15,48,13,76,0,8,8,84
12/14/2007,BRO,TX,ASW,CE,Federal Contract Tower,0,17,16,18,51,0,0,8,1,9,0,17,24,19,60,0,0,0,60
12/15/2007,BRO,TX,ASW,CE,Federal Contract Tower,0,14,30,10,54,0,1,8,0,9,0,15,38,10,63,20,10,30,93
12/16/2007,BRO,TX,ASW,CE,Federal Contract Tower,0,18,8,6,32,0,0,25,0,25,0,18,33,6,57,20,6,26,83
12/17/2007,BRO,TX,ASW,CE,Federal Contract Tower,0,19,21,2,42,0,0,17,2,19,0,19,38,4,61,0,2,2,63
12/18/2007,BRO,TX,ASW,CE,Federal Contract Tower,2,18,25,8,53,0,0,35,0,35,2,18,60,8,88,70,8,78,166
12/19/2007,BRO,TX,ASW,CE,Federal Contract Tower,2,18,22,6,48,0,0,32,5,37,2,18,54,11,85,70,134,204,289
12/20/2007,BRO,TX,ASW,CE,Federal Contract Tower,0,13,27,0,40,0,0,35,0,35,0,13,62,0,75,26,0,26,101
12/21/2007,BRO,TX,ASW,CE,Federal Contract Tower,0,11,17,6,34,0,1,18,0,19,0,12,35,6,53,0,0,0,53
12/22/2007,BRO,TX,ASW,CE,Federal Contract Tower,0,19,25,0,44,0,0,15,0,15,0,19,40,0,59,0,0,0,59
12/23/2007,BRO,TX,ASW,CE,Federal Contract Tower,0,15,14,0,29,0,0,7,0,7,0,15,21,0,36,0,0,0,36
12/24/2007,BRO,TX,ASW,CE,Federal Contract Tower,0,11,5,0,16,0,0,7,0,7,0,11,12,0,23,0,0,0,23
12/25/2007,BRO,TX,ASW,CE,Federal Contract Tower,0,13,11,0,24,0,0,5,0,5,0,13,16,0,29,0,0,0,29
12/26/2007,BRO,TX,ASW,CE,Federal Contract Tower,0,17,26,0,43,0,0,15,0,15,0,17,41,0,58,4,0,4,62
12/27/2007,BRO,TX,ASW,CE,Federal Contract Tower,0,21,15,8,44,0,0,27,0,27,0,21,42,8,71,152,48,200,271
12/28/2007,BRO,TX,ASW,CE,Federal Contract Tower,0,16,17,2,35,0,0,19,0,19,0,16,36,2,54,0,0,0,54
12/29/2007,BRO,TX,ASW,CE,Federal Contract Tower,0,13,17,0,30,0,1,13,0,14,0,14,30,0,44,20,0,20,64
12/30/2007,BRO,TX,ASW,CE,Federal Contract Tower,0,18,21,0,39,0,0,10,0,10,0,18,31,0,49,0,0,0,49
12/31/2007,BRO,TX,ASW,CE,Federal Contract Tower,2,15,12,0,29,0,0,8,0,8,2,15,20,0,37,10,0,10,47
01/01/2008,BRO,TX,ASW,CE,Federal Contract Tower,0,16,24,0,40,0,0,1,0,1,0,16,25,0,41,0,0,0,41
01/02/2008,BRO,TX,ASW,CE,Federal Contract Tower,0,14,18,0,32,0,0,9,1,10,0,14,27,1,42,0,0,0,42
01/03/2008,BRO,TX,ASW,CE,Federal Contract Tower,0,17,17,0,34,0,0,12,2,14,0,17,29,2,48,0,0,0,48
01/04/2008,BRO,TX,ASW,CE,Federal Contract Tower,0,17,13,2,32,0,0,20,0,20,0,17,33,2,52,0,0,0,52
01/05/2008,BRO,TX,ASW,CE,Federal Contract Tower,0,15,23,0,38,0,0,23,0,23,0,15,46,0,61,30,0,30,91
01/06/2008,BRO,TX,ASW,CE,Federal Contract Tower,0,12,24,0,36,0,0,19,0,19,0,12,43,0,55,0,0,0,55
01/07/2008,BRO,TX,ASW,CE,Federal Contract Tower,0,14,14,0,28,0,0,11,0,11,0,14,25,0,39,60,4,64,103
01/08/2008,BRO,TX,ASW,CE,Federal Contract Tower,1,9,12,0,22,0,0,14,0,14,1,9,26,0,36,44,0,44,80
01/09/2008,BRO,TX,ASW,CE,Federal Contract Tower,1,6,18,2,27,0,0,22,1,23,1,6,40,3,50,0,2,2,52
01/10/2008,BRO,TX,ASW,CE,Federal Contract Tower,0,14,19,0,33,0,0,14,4,18,0,14,33,4,51,10,0,10,61
01/11/2008,BRO,TX,ASW,CE,Federal Contract Tower,0,13,23,0,36,0,0,9,0,9,0,13,32,0,45,0,0,0,45
01/12/2008,BRO,TX,ASW,CE,Federal Contract Tower,0,13,15,0,28,0,0,25,0,25,0,13,40,0,53,20,0,20,73
01/13/2008,BRO,TX,ASW,CE,Federal Contract Tower,0,17,19,0,36,0,0,17,0,17,0,17,36,0,53,10,0,10,63
01/14/2008,BRO,TX,ASW,CE,Federal Contract Tower,1,13,2,8,24,0,0,34,0,34,1,13,36,8,58,60,4,64,122
01/15/2008,BRO,TX,ASW,CE,Federal Contract Tower,1,10,15,6,32,0,0,2,0,2,1,10,17,6,34,0,6,6,40
01/16/2008,BRO,TX,ASW,CE,Federal Contract Tower,1,11,16,6,34,0,0,8,0,8,1,11,24,6,42,0,4,4,46
01/17/2008,BRO,TX,ASW,CE,Federal Contract Tower,0,9,18,1,28,0,0,3,3,6,0,9,21,4,34,0,0,0,34
01/18/2008,BRO,TX,ASW,CE,Federal Contract Tower,0,7,16,0,23,0,0,0,2,2,0,7,16,2,25,0,0,0,25
01/19/2008,BRO,TX,ASW,CE,Federal Contract Tower,0,12,19,0,31,0,0,17,0,17,0,12,36,0,48,0,0,0,48
01/20/2008,BRO,TX,ASW,CE,Federal Contract Tower,0,17,5,0,22,0,0,15,0,15,0,17,20,0,37,20,0,20,57
01/21/2008,BRO,TX,ASW,CE,Federal Contract Tower,0,21,15,0,36,0,0,7,0,7,0,21,22,0,43,10,0,10,53
01/22/2008,BRO,TX,ASW,CE,Federal Contract Tower,0,18,12,0,30,0,0,15,0,15,0,18,27,0,45,0,6,6,51
01/23/2008,BRO,TX,ASW,CE,Federal Contract Tower,0,7,25,0,32,0,0,6,0,6,0,7,31,0,38,0,0,0,38
01/24/2008,BRO,TX,ASW,CE,Federal Contract Tower,0,0,10,2,12,0,0,4,0,4,0,0,14,2,16,0,0,0,16
01/25/2008,BRO,TX,ASW,CE,Federal Contract Tower,0,3,21,0,24,0,0,0,0,0,0,3,21,0,24,0,0,0,24
01/26/2008,BRO,TX,ASW,CE,Federal Contract Tower,0,11,21,4,36,0,0,11,0,11,0,11,32,4,47,20,0,20,67
01/27/2008,BRO,TX,ASW,CE,Federal Contract Tower,0,13,12,0,25,0,0,6,0,6,0,13,18,0,31,0,0,0,31
01/28/2008,BRO,TX,ASW,CE,Federal Contract Tower,0,15,21,8,44,0,0,19,0,19,0,15,40,8,63,30,8,38,101
01/29/2008,BRO,TX,ASW,CE,Federal Contract Tower,0,6,23,18,47,0,0,25,0,25,0,6,48,18,72,84,2,86,158
01/30/2008,BRO,TX,ASW,CE,Federal Contract Tower,0,11,31,14,56,0,0,24,0,24,0,11,55,14,80,10,10,20,100
01/31/2008,BRO,TX,ASW,CE,Federal Contract Tower,0,12,28,4,44,0,0,13,1,14,0,12,41,5,58,0,10,10,68
02/01/2008,BRO,TX,ASW,CE,Federal Contract Tower,0,16,25,6,47,0,0,30,0,30,0,16,55,6,77,0,0,0,77
02/02/2008,BRO,TX,ASW,CE,Federal Contract Tower,0,10,22,1,33,0,0,20,0,20,0,10,42,1,53,0,0,0,53
02/03/2008,BRO,TX,ASW,CE,Federal Contract Tower,0,16,12,0,28,0,0,15,0,15,0,16,27,0,43,0,0,0,43
02/04/2008,BRO,TX,ASW,CE,Federal Contract Tower,0,13,29,14,56,0,0,9,0,9,0,13,38,14,65,0,12,12,77
02/05/2008,BRO,TX,ASW,CE,Federal Contract Tower,0,11,16,8,35,0,0,17,1,18,0,11,33,9,53,0,6,6,59
02/06/2008,BRO,TX,ASW,CE,Federal Contract Tower,0,9,13,10,32,0,1,39,0,40,0,10,52,10,72,0,8,8,80
02/07/2008,BRO,TX,ASW,CE,Federal Contract Tower,0,17,54,2,73,0,0,0,0,0,0,17,54,2,73,52,0,52,125
02/08/2008,BRO,TX,ASW,CE,Federal Contract Tower,0,19,20,0,39,0,0,17,5,22,0,19,37,5,61,0,0,0,61
02/09/2008,BRO,TX,ASW,CE,Federal Contract Tower,0,10,15,0,25,0,0,33,0,33,0,10,48,0,58,86,0,86,144
02/10/2008,BRO,TX,ASW,CE,Federal Contract Tower,0,17,23,0,40,0,0,8,0,8,0,17,31,0,48,0,0,0,48
02/11/2008,BRO,TX,ASW,CE,Federal Contract Tower,0,14,12,30,56,0,0,10,2,12,0,14,22,32,68,0,28,28,96
02/12/2008,BRO,TX,ASW,CE,Federal Contract Tower,0,14,18,0,32,0,0,18,0,18,0,14,36,0,50,20,0,20,70
02/13/2008,BRO,TX,ASW,CE,Federal Contract Tower,0,14,19,2,35,0,1,35,0,36,0,15,54,2,71,16,10,26,97
02/14/2008,BRO,TX,ASW,CE,Federal Contract Tower,0,14,31,12,57,0,0,0,0,0,0,14,31,12,57,10,0,10,67
02/15/2008,BRO,TX,ASW,CE,Federal Contract Tower,0,15,18,110,143,0,0,11,1,12,0,15,29,111,155,0,110,110,265
02/16/2008,BRO,TX,ASW,CE,Federal Contract Tower,0,10,17,0,27,0,0,2,0,2,0,10,19,0,29,0,0,0,29
02/17/2008,BRO,TX,ASW,CE,Federal Contract Tower,0,22,23,1,46,0,0,12,0,12,0,22,35,1,58,0,0,0,58
02/18/2008,BRO,TX,ASW,CE,Federal Contract Tower,0,14,23,0,37,0,0,21,0,21,0,14,44,0,58,24,0,24,82
02/19/2008,BRO,TX,ASW,CE,Federal Contract Tower,0,15,15,8,38,0,0,25,2,27,0,15,40,10,65,10,0,10,75
02/20/2008,BRO,TX,ASW,CE,Federal Contract Tower,2,17,26,4,49,0,0,33,0,33,2,17,59,4,82,0,0,0,82
02/21/2008,BRO,TX,ASW,CE,Federal Contract Tower,0,10,25,6,41,0,0,15,0,15,0,10,40,6,56,184,0,184,240
02/22/2008,BRO,TX,ASW,CE,Federal Contract Tower,0,15,25,1,41,0,0,30,1,31,0,15,55,2,72,164,0,164,236
02/23/2008,BRO,TX,ASW,CE,Federal Contract Tower,0,11,21,0,32,0,0,32,0,32,0,11,53,0,64,20,0,20,84
02/24/2008,BRO,TX,ASW,CE,Federal Contract Tower,0,11,16,0,27,0,0,18,0,18,0,11,34,0,45,10,0,10,55
02/25/2008,BRO,TX,ASW,CE,Federal Contract Tower,0,11,22,12,45,0,0,5,0,5,0,11,27,12,50,10,12,22,72
02/26/2008,BRO,TX,ASW,CE,Federal Contract Tower,0,13,19,10,42,0,0,11,0,11,0,13,30,10,53,0,0,0,53
02/27/2008,BRO,TX,ASW,CE,Federal Contract Tower,0,13,22,7,42,0,0,25,3,28,0,13,47,10,70,20,4,24,94
02/28/2008,BRO,TX,ASW,CE,Federal Contract Tower,0,7,14,2,23,0,0,28,2,30,0,7,42,4,53,0,90,90,143
02/29/2008,BRO,TX,ASW,CE,Federal Contract Tower,2,20,16,4,42,0,0,21,0,21,2,20,37,4,63,10,4,14,77
03/01/2008,BRO,TX,ASW,CE,Federal Contract Tower,0,10,14,0,24,0,0,33,0,33,0,10,47,0,57,8,0,8,65
03/02/2008,BRO,TX,ASW,CE,Federal Contract Tower,0,12,19,6,37,0,0,12,0,12,0,12,31,6,49,0,6,6,55
03/03/2008,BRO,TX,ASW,CE,Federal Contract Tower,0,12,24,8,44,0,0,7,0,7,0,12,31,8,51,0,0,0,51
03/04/2008,BRO,TX,ASW,CE,Federal Contract Tower,1,13,11,4,29,0,0,26,0,26,1,13,37,4,55,46,68,114,169
03/05/2008,BRO,TX,ASW,CE,Federal Contract Tower,1,13,16,0,30,0,0,24,4,28,1,13,40,4,58,10,0,10,68
03/06/2008,BRO,TX,ASW,CE,Federal Contract Tower,0,17,17,0,34,0,0,18,0,18,0,17,35,0,52,4,0,4,56
03/07/2008,BRO,TX,ASW,CE,Federal Contract Tower,0,21,18,5,44,0,2,9,1,12,0,23,27,6,56,0,0,0,56
03/08/2008,BRO,TX,ASW,CE,Federal Contract Tower,1,16,20,1,38,0,0,29,0,29,1,16,49,1,67,136,0,136,203
03/09/2008,BRO,TX,ASW,CE,Federal Contract Tower,0,13,22,0,35,0,0,16,0,16,0,13,38,0,51,0,0,0,51
03/10/2008,BRO,TX,ASW,CE,Federal Contract Tower,0,18,14,0,32,0,0,12,0,12,0,18,26,0,44,10,0,10,54
03/11/2008,BRO,TX,ASW,CE,Federal Contract Tower,0,16,13,22,51,0,0,16,2,18,0,16,29,24,69,0,22,22,91
03/12/2008,BRO,TX,ASW,CE,Federal Contract Tower,0,13,22,4,39,0,0,22,3,25,0,13,44,7,64,0,0,0,64
03/13/2008,BRO,TX,ASW,CE,Federal Contract Tower,0,20,29,6,55,0,1,18,2,21,0,21,47,8,76,0,0,0,76
03/14/2008,BRO,TX,ASW,CE,Federal Contract Tower,0,16,31,11,58,0,0,26,0,26,0,16,57,11,84,108,4,112,196
03/15/2008,BRO,TX,ASW,CE,Federal Contract Tower,0,24,28,4,56,0,0,30,6,36,0,24,58,10,92,6,4,10,102
03/16/2008,BRO,TX,ASW,CE,Federal Contract Tower,0,15,28,1,44,0,0,13,0,13,0,15,41,1,57,0,0,0,57
03/17/2008,BRO,TX,ASW,CE,Federal Contract Tower,0,16,27,3,46,0,0,12,2,14,0,16,39,5,60,0,0,0,60
03/18/2008,BRO,TX,ASW,CE,Federal Contract Tower,2,10,15,2,29,0,0,4,2,6,2,10,19,4,35,0,2,2,37
03/19/2008,BRO,TX,ASW,CE,Federal Contract Tower,0,18,21,15,54,0,0,17,1,18,0,18,38,16,72,0,14,14,86
03/20/2008,BRO,TX,ASW,CE,Federal Contract Tower,0,12,24,0,36,0,0,14,0,14,0,12,38,0,50,0,0,0,50
03/21/2008,BRO,TX,ASW,CE,Federal Contract Tower,0,13,26,8,47,0,1,13,0,14,0,14,39,8,61,66,0,66,127
03/22/2008,BRO,TX,ASW,CE,Federal Contract Tower,0,18,23,6,47,0,0,26,0,26,0,18,49,6,73,0,4,4,77
03/23/2008,BRO,TX,ASW,CE,Federal Contract Tower,0,15,33,0,48,0,0,5,0,5,0,15,38,0,53,0,0,0,53
03/24/2008,BRO,TX,ASW,CE,Federal Contract Tower,0,15,23,0,38,0,0,20,0,20,0,15,43,0,58,0,14,14,72
03/25/2008,BRO,TX,ASW,CE,Federal Contract Tower,0,13,29,4,46,0,0,9,10,19,0,13,38,14,65,0,12,12,77
03/26/2008,BRO,TX,ASW,CE,Federal Contract Tower,0,13,18,4,35,0,0,14,0,14,0,13,32,4,49,0,4,4,53
03/27/2008,BRO,TX,ASW,CE,Federal Contract Tower,0,14,25,0,39,0,0,14,0,14,0,14,39,0,53,0,0,0,53
03/28/2008,BRO,TX,ASW,CE,Federal Contract Tower,0,12,18,6,36,0,0,15,0,15,0,12,33,6,51,0,98,98,149
03/29/2008,BRO,TX,ASW,CE,Federal Contract Tower,0,15,36,0,51,0,1,26,0,27,0,16,62,0,78,116,0,116,194
03/30/2008,BRO,TX,ASW,CE,Federal Contract Tower,0,20,29,4,53,0,0,9,0,9,0,20,38,4,62,10,0,10,72
03/31/2008,BRO,TX,ASW,CE,Federal Contract Tower,0,18,15,18,51,0,0,4,0,4,0,18,19,18,55,0,18,18,73
04/01/2008,BRO,TX,ASW,CE,Federal Contract Tower,0,12,35,16,63,0,0,13,0,13,0,12,48,16,76,4,14,18,94
04/02/2008,BRO,TX,ASW,CE,Federal Contract Tower,0,16,21,14,51,0,0,12,0,12,0,16,33,14,63,60,14,74,137
04/03/2008,BRO,TX,ASW,CE,Federal Contract Tower,0,16,27,18,61,0,0,10,1,11,0,16,37,19,72,20,12,32,104
04/04/2008,BRO,TX,ASW,CE,Federal Contract Tower,0,8,20,9,37,0,1,10,0,11,0,9,30,9,48,0,0,0,48
04/05/2008,BRO,TX,ASW,CE,Federal Contract Tower,0,15,21,7,43,0,0,21,0,21,0,15,42,7,64,50,0,50,114
04/06/2008,BRO,TX,ASW,CE,Federal Contract Tower,0,17,35,6,58,0,0,19,0,19,0,17,54,6,77,16,0,16,93
04/07/2008,BRO,TX,ASW,CE,Federal Contract Tower,0,13,11,44,68,0,0,7,0,7,0,13,18,44,75,0,90,90,165
04/08/2008,BRO,TX,ASW,CE,Federal Contract Tower,0,19,11,2,32,0,0,20,0,20,0,19,31,2,52,2,2,4,56
04/09/2008,BRO,TX,ASW,CE,Federal Contract Tower,0,15,19,14,48,0,0,18,2,20,0,15,37,16,68,104,2,106,174
04/10/2008,BRO,TX,ASW,CE,Federal Contract Tower,2,15,21,0,38,0,0,18,4,22,2,15,39,4,60,0,2,2,62
04/11/2008,BRO,TX,ASW,CE,Federal Contract Tower,0,14,29,12,55,0,0,18,0,18,0,14,47,12,73,0,10,10,83
04/12/2008,BRO,TX,ASW,CE,Federal Contract Tower,0,13,18,0,31,0,0,11,1,12,0,13,29,1,43,0,20,20,63
04/13/2008,BRO,TX,ASW,CE,Federal Contract Tower,0,17,13,14,44,0,0,24,0,24,0,17,37,14,68,30,4,34,102
04/14/2008,BRO,TX,ASW,CE,Federal Contract Tower,0,13,11,8,32,0,0,20,0,20,0,13,31,8,52,10,8,18,70
04/15/2008,BRO,TX,ASW,CE,Federal Contract Tower,0,13,14,26,53,0,0,20,0,20,0,13,34,26,73,20,20,40,113
04/16/2008,BRO,TX,ASW,CE,Federal Contract Tower,0,13,19,6,38,0,0,13,4,17,0,13,32,10,55,24,6,30,85
04/17/2008,BRO,TX,ASW,CE,Federal Contract Tower,0,13,23,18,54,0,0,5,0,5,0,13,28,18,59,0,0,0,59
04/18/2008,BRO,TX,ASW,CE,Federal Contract Tower,0,13,23,0,36,0,0,3,0,3,0,13,26,0,39,0,0,0,39
04/19/2008,BRO,TX,ASW,CE,Federal Contract Tower,0,14,5,0,19,0,0,26,0,26,0,14,31,0,45,0,0,0,45
04/20/2008,BRO,TX,ASW,CE,Federal Contract Tower,0,19,37,10,66,0,0,15,0,15,0,19,52,10,81,4,10,14,95
04/21/2008,BRO,TX,ASW,CE,Federal Contract Tower,0,13,23,80,116,0,0,8,0,8,0,13,31,80,124,30,90,120,244
04/22/2008,BRO,TX,ASW,CE,Federal Contract Tower,0,16,17,40,73,0,0,14,0,14,0,16,31,40,87,4,24,28,115
04/23/2008,BRO,TX,ASW,CE,Federal Contract Tower,2,14,24,28,68,0,0,11,1,12,2,14,35,29,80,10,78,88,168
04/24/2008,BRO,TX,ASW,CE,Federal Contract Tower,0,14,39,16,69,0,0,10,0,10,0,14,49,16,79,48,0,48,127
04/25/2008,BRO,TX,ASW,CE,Federal Contract Tower,0,15,22,4,41,0,0,9,0,9,0,15,31,4,50,0,8,8,58
04/26/2008,BRO,TX,ASW,CE,Federal Contract Tower,0,11,32,0,43,0,0,5,0,5,0,11,37,0,48,0,0,0,48
04/27/2008,BRO,TX,ASW,CE,Federal Contract Tower,0,9,16,0,25,0,1,18,0,19,0,10,34,0,44,47,0,47,91
04/28/2008,BRO,TX,ASW,CE,Federal Contract Tower,0,13,11,30,54,0,2,12,0,14,0,15,23,30,68,10,54,64,132
04/29/2008,BRO,TX,ASW,CE,Federal Contract Tower,0,14,14,0,28,0,0,26,0,26,0,14,40,0,54,0,0,0,54
04/30/2008,BRO,TX,ASW,CE,Federal Contract Tower,0,14,43,22,79,0,0,23,0,23,0,14,66,22,102,0,8,8,110
05/01/2008,BRO,TX,ASW,CE,Federal Contract Tower,0,17,16,34,67,0,0,26,0,26,0,17,42,34,93,74,0,74,167
05/02/2008,BRO,TX,ASW,CE,Federal Contract Tower,0,12,22,2,36,0,0,16,0,16,0,12,38,2,52,0,0,0,52
05/03/2008,BRO,TX,ASW,CE,Federal Contract Tower,0,8,14,0,22,0,2,24,1,27,0,10,38,1,49,88,10,98,147
05/04/2008,BRO,TX,ASW,CE,Federal Contract Tower,0,15,30,0,45,0,0,19,1,20,0,15,49,1,65,0,10,10,75
05/05/2008,BRO,TX,ASW,CE,Federal Contract Tower,0,14,23,27,64,0,2,12,1,15,0,16,35,28,79,10,26,36,115
05/06/2008,BRO,TX,ASW,CE,Federal Contract Tower,0,15,22,40,77,0,0,10,2,12,0,15,32,42,89,10,74,84,173
05/07/2008,BRO,TX,ASW,CE,Federal Contract Tower,0,21,26,24,71,0,0,8,9,17,0,21,34,33,88,0,51,51,139
05/08/2008,BRO,TX,ASW,CE,Federal Contract Tower,2,14,18,33,67,0,0,35,0,35,2,14,53,33,102,20,12,32,134
05/09/2008,BRO,TX,ASW,CE,Federal Contract Tower,0,16,19,8,43,0,0,23,0,23,0,16,42,8,66,0,0,0,66
05/10/2008,BRO,TX,ASW,CE,Federal Contract Tower,0,14,18,11,43,0,0,8,0,8,0,14,26,11,51,54,50,104,155
05/11/2008,BRO,TX,ASW,CE,Federal Contract Tower,0,14,19,0,33,0,0,11,0,11,0,14,30,0,44,0,0,0,44
05/12/2008,BRO,TX,ASW,CE,Federal Contract Tower,2,17,9,60,88,0,0,12,0,12,2,17,21,60,100,10,52,62,162
05/13/2008,BRO,TX,ASW,CE,Federal Contract Tower,0,18,20,26,64,0,2,5,0,7,0,20,25,26,71,2,22,24,95
05/14/2008,BRO,TX,ASW,CE,Federal Contract Tower,3,23,12,41,79,0,0,7,0,7,3,23,19,41,86,28,30,58,144
05/15/2008,BRO,TX,ASW,CE,Federal Contract Tower,2,16,35,48,101,0,0,13,0,13,2,16,48,48,114,0,38,38,152
05/16/2008,BRO,TX,ASW,CE,Federal Contract Tower,0,15,22,18,55,0,2,19,0,21,0,17,41,18,76,0,24,24,100
05/17/2008,BRO,TX,ASW,CE,Federal Contract Tower,0,9,19,0,28,0,0,20,0,20,0,9,39,0,48,28,0,28,76
05/18/2008,BRO,TX,ASW,CE,Federal Contract Tower,0,15,14,0,29,0,0,26,0,26,0,15,40,0,55,14,0,14,69
05/19/2008,BRO,TX,ASW,CE,Federal Contract Tower,0,17,20,28,65,0,0,9,2,11,0,17,29,30,76,16,70,86,162
05/20/2008,BRO,TX,ASW,CE,Federal Contract Tower,0,14,28,42,84,0,0,8,2,10,0,14,36,44,94,0,44,44,138
05/21/2008,BRO,TX,ASW,CE,Federal Contract Tower,0,15,21,38,74,0,0,10,0,10,0,15,31,38,84,10,38,48,132
05/22/2008,BRO,TX,ASW,CE,Federal Contract Tower,0,14,36,25,75,0,0,8,0,8,0,14,44,25,83,0,0,0,83
05/23/2008,BRO,TX,ASW,CE,Federal Contract Tower,0,15,36,16,67,0,0,23,2,25,0,15,59,18,92,6,0,6,98
05/24/2008,BRO,TX,ASW,CE,Federal Contract Tower,0,11,15,0,26,0,0,32,0,32,0,11,47,0,58,16,0,16,74
05/25/2008,BRO,TX,ASW,CE,Federal Contract Tower,0,10,25,0,35,0,0,11,0,11,0,10,36,0,46,10,0,10,56
05/26/2008,BRO,TX,ASW,CE,Federal Contract Tower,0,17,18,0,35,0,0,10,0,10,0,17,28,0,45,0,0,0,45
05/27/2008,BRO,TX,ASW,CE,Federal Contract Tower,0,14,24,30,68,0,0,7,0,7,0,14,31,30,75,0,4,4,79
05/28/2008,BRO,TX,ASW,CE,Federal Contract Tower,0,17,24,14,55,0,0,16,4,20,0,17,40,18,75,30,0,30,105
05/29/2008,BRO,TX,ASW,CE,Federal Contract Tower,2,17,34,20,73,0,0,13,0,13,2,17,47,20,86,0,0,0,86
05/30/2008,BRO,TX,ASW,CE,Federal Contract Tower,0,15,22,12,49,0,0,35,0,35,0,15,57,12,84,46,12,58,142
05/31/2008,BRO,TX,ASW,CE,Federal Contract Tower,0,16,18,0,34,0,3,32,0,35,0,19,50,0,69,0,0,0,69
06/01/2008,BRO,TX,ASW,CE,Federal Contract Tower,0,14,15,14,43,0,0,38,0,38,0,14,53,14,81,20,12,32,113
06/02/2008,BRO,TX,ASW,CE,Federal Contract Tower,0,16,16,33,65,0,0,8,3,11,0,16,24,36,76,0,30,30,106
06/03/2008,BRO,TX,ASW,CE,Federal Contract Tower,0,18,19,16,53,0,0,10,0,10,0,18,29,16,63,0,6,6,69
06/04/2008,BRO,TX,ASW,CE,Federal Contract Tower,0,13,16,64,93,0,0,11,3,14,0,13,27,67,107,40,36,76,183
06/05/2008,BRO,TX,ASW,CE,Federal Contract Tower,0,16,20,14,50,0,0,15,0,15,0,16,35,14,65,20,4,24,89
06/06/2008,BRO,TX,ASW,CE,Federal Contract Tower,0,17,24,24,65,0,0,16,0,16,0,17,40,24,81,0,24,24,105
06/07/2008,BRO,TX,ASW,CE,Federal Contract Tower,0,12,12,0,24,0,0,7,0,7,0,12,19,0,31,0,0,0,31
06/08/2008,BRO,TX,ASW,CE,Federal Contract Tower,0,13,10,0,23,0,0,11,0,11,0,13,21,0,34,10,0,10,44
06/09/2008,BRO,TX,ASW,CE,Federal Contract Tower,2,15,20,24,61,0,0,14,0,14,2,15,34,24,75,0,0,0,75
06/10/2008,BRO,TX,ASW,CE,Federal Contract Tower,2,13,24,26,65,0,0,15,2,17,2,13,39,28,82,0,14,14,96
06/11/2008,BRO,TX,ASW,CE,Federal Contract Tower,1,17,6,30,54,0,0,26,2,28,1,17,32,32,82,20,44,64,146
06/12/2008,BRO,TX,ASW,CE,Federal Contract Tower,4,15,38,28,85,0,1,25,0,26,4,16,63,28,111,10,0,10,121
06/13/2008,BRO,TX,ASW,CE,Federal Contract Tower,0,13,22,24,59,0,1,22,0,23,0,14,44,24,82,0,24,24,106
06/14/2008,BRO,TX,ASW,CE,Federal Contract Tower,0,11,19,2,32,0,0,26,2,28,0,11,45,4,60,16,6,22,82
06/15/2008,BRO,TX,ASW,CE,Federal Contract Tower,0,13,25,36,74,0,0,18,0,18,0,13,43,36,92,28,36,64,156
06/16/2008,BRO,TX,ASW,CE,Federal Contract Tower,0,13,16,36,65,0,0,21,0,21,0,13,37,36,86,6,80,86,172
06/17/2008,BRO,TX,ASW,CE,Federal Contract Tower,2,17,11,60,90,0,0,23,0,23,2,17,34,60,113,10,52,62,175
06/18/2008,BRO,TX,ASW,CE,Federal Contract Tower,0,13,18,20,51,0,0,14,0,14,0,13,32,20,65,10,10,20,85
06/19/2008,BRO,TX,ASW,CE,Federal Contract Tower,0,16,21,6,43,0,0,27,0,27,0,16,48,6,70,0,0,0,70
06/20/2008,BRO,TX,ASW,CE,Federal Contract Tower,0,13,19,43,75,0,0,22,1,23,0,13,41,44,98,20,50,70,168
06/21/2008,BRO,TX,ASW,CE,Federal Contract Tower,0,11,11,0,22,0,0,28,0,28,0,11,39,0,50,0,0,0,50
06/22/2008,BRO,TX,ASW,CE,Federal Contract Tower,0,14,23,2,39,0,0,15,0,15,0,14,38,2,54,0,0,0,54
06/23/2008,BRO,TX,ASW,CE,Federal Contract Tower,0,11,17,12,40,0,0,18,0,18,0,11,35,12,58,14,4,18,76
06/24/2008,BRO,TX,ASW,CE,Federal Contract Tower,1,18,17,12,48,0,0,12,0,12,1,18,29,12,60,10,48,58,118
06/25/2008,BRO,TX,ASW,CE,Federal Contract Tower,2,16,28,28,74,0,0,18,2,20,2,16,46,30,94,0,16,16,110
06/26/2008,BRO,TX,ASW,CE,Federal Contract Tower,0,10,23,48,81,0,0,30,0,30,0,10,53,48,111,60,32,92,203
06/27/2008,BRO,TX,ASW,CE,Federal Contract Tower,0,12,34,41,87,0,0,21,6,27,0,12,55,47,114,50,54,104,218
06/28/2008,BRO,TX,ASW,CE,Federal Contract Tower,0,12,19,1,32,0,0,17,0,17,0,12,36,1,49,16,0,16,65
06/29/2008,BRO,TX,ASW,CE,Federal Contract Tower,2,11,22,7,42,0,0,21,0,21,2,11,43,7,63,30,0,30,93
06/30/2008,BRO,TX,ASW,CE,Federal Contract Tower,0,12,9,24,45,0,0,6,0,6,0,12,15,24,51,0,20,20,71
07/01/2008,BRO,TX,ASW,CE,Federal Contract Tower,1,11,8,24,44,0,0,16,0,16,1,11,24,24,60,16,6,22,82
07/02/2008,BRO,TX,ASW,CE,Federal Contract Tower,0,16,16,55,87,0,0,3,0,3,0,16,19,55,90,0,38,38,128
07/03/2008,BRO,TX,ASW,CE,Federal Contract Tower,0,13,30,4,47,0,0,14,0,14,0,13,44,4,61,8,0,8,69
07/04/2008,BRO,TX,ASW,CE,Federal Contract Tower,0,9,9,0,18,0,0,3,0,3,0,9,12,0,21,0,0,0,21
07/05/2008,BRO,TX,ASW,CE,Federal Contract Tower,0,14,12,0,26,0,0,0,0,0,0,14,12,0,26,0,0,0,26
07/06/2008,BRO,TX,ASW,CE,Federal Contract Tower,0,11,24,0,35,0,0,1,0,1,0,11,25,0,36,0,0,0,36
07/07/2008,BRO,TX,ASW,CE,Federal Contract Tower,0,14,24,4,42,0,0,1,0,1,0,14,25,4,43,0,4,4,47
07/08/2008,BRO,TX,ASW,CE,Federal Contract Tower,0,15,18,48,81,0,0,0,0,0,0,15,18,48,81,0,18,18,99
07/09/2008,BRO,TX,ASW,CE,Federal Contract Tower,0,12,27,16,55,0,0,17,0,17,0,12,44,16,72,16,8,24,96
07/10/2008,BRO,TX,ASW,CE,Federal Contract Tower,0,10,23,30,63,0,0,8,0,8,0,10,31,30,71,0,0,0,71
07/11/2008,BRO,TX,ASW,CE,Federal Contract Tower,0,10,32,32,74,0,0,28,0,28,0,10,60,32,102,72,112,184,286
07/12/2008,BRO,TX,ASW,CE,Federal Contract Tower,0,11,11,0,22,0,0,16,0,16,0,11,27,0,38,8,0,8,46
07/13/2008,BRO,TX,ASW,CE,Federal Contract Tower,0,10,28,0,38,0,0,19,0,19,0,10,47,0,57,0,0,0,57
07/14/2008,BRO,TX,ASW,CE,Federal Contract Tower,0,11,21,27,59,0,0,25,0,25,0,11,46,27,84,0,8,8,92
07/15/2008,BRO,TX,ASW,CE,Federal Contract Tower,0,12,25,12,49,12,0,0,2,14,12,12,25,14,63,20,6,26,89
07/16/2008,BRO,TX,ASW,CE,Federal Contract Tower,0,12,21,6,39,0,4,27,0,31,0,16,48,6,70,26,36,62,132
07/17/2008,BRO,TX,ASW,CE,Federal Contract Tower,2,9,21,10,42,0,0,20,0,20,2,9,41,10,62,0,0,0,62
07/18/2008,BRO,TX,ASW,CE,Federal Contract Tower,0,14,30,12,56,0,0,25,0,25,0,14,55,12,81,0,8,8,89
07/19/2008,BRO,TX,ASW,CE,Federal Contract Tower,2,12,9,0,23,0,0,28,0,28,2,12,37,0,51,58,0,58,109
07/20/2008,BRO,TX,ASW,CE,Federal Contract Tower,0,11,20,0,31,0,0,22,0,22,0,11,42,0,53,10,0,10,63
07/21/2008,BRO,TX,ASW,CE,Federal Contract Tower,0,11,33,2,46,0,0,27,2,29,0,11,60,4,75,30,0,30,105
07/22/2008,BRO,TX,ASW,CE,Federal Contract Tower,0,12,8,1,21,0,0,17,0,17,0,12,25,1,38,0,0,0,38
07/23/2008,BRO,TX,ASW,CE,Federal Contract Tower,0,0,0,0,0,0,0,0,0,0,0,0,0,0,0,0,0,0,0
07/24/2008,BRO,TX,ASW,CE,Federal Contract Tower,3,12,23,0,38,0,0,31,0,31,3,12,54,0,69,0,0,0,69
07/25/2008,BRO,TX,ASW,CE,Federal Contract Tower,0,11,37,0,48,0,0,34,0,34,0,11,71,0,82,24,0,24,106
07/26/2008,BRO,TX,ASW,CE,Federal Contract Tower,3,10,19,0,32,0,0,38,0,38,3,10,57,0,70,34,0,34,104
07/27/2008,BRO,TX,ASW,CE,Federal Contract Tower,1,11,17,0,29,0,0,20,0,20,1,11,37,0,49,0,0,0,49
07/28/2008,BRO,TX,ASW,CE,Federal Contract Tower,3,10,20,6,39,0,0,19,2,21,3,10,39,8,60,0,0,0,60
07/29/2008,BRO,TX,ASW,CE,Federal Contract Tower,1,19,23,36,79,0,10,24,1,35,1,29,47,37,114,64,33,97,211
07/30/2008,BRO,TX,ASW,CE,Federal Contract Tower,0,15,24,44,83,0,0,27,0,27,0,15,51,44,110,38,0,38,148
07/31/2008,BRO,TX,ASW,CE,Federal Contract Tower,2,18,17,2,39,0,0,21,0,21,2,18,38,2,60,30,0,30,90
08/01/2008,BRO,TX,ASW,CE,Federal Contract Tower,1,15,27,14,57,0,0,29,2,31,1,15,56,16,88,0,138,138,226
08/02/2008,BRO,TX,ASW,CE,Federal Contract Tower,2,10,16,2,30,0,0,42,0,42,2,10,58,2,72,176,0,176,248
08/03/2008,BRO,TX,ASW,CE,Federal Contract Tower,1,12,28,0,41,0,0,21,0,21,1,12,49,0,62,14,0,14,76
08/04/2008,BRO,TX,ASW,CE,Federal Contract Tower,0,12,15,24,51,0,0,18,0,18,0,12,33,24,69,20,24,44,113
08/05/2008,BRO,TX,ASW,CE,Federal Contract Tower,0,6,12,4,22,0,0,12,0,12,0,6,24,4,34,0,4,4,38
08/06/2008,BRO,TX,ASW,CE,Federal Contract Tower,2,12,20,19,53,0,0,16,0,16,2,12,36,19,69,0,102,102,171
08/07/2008,BRO,TX,ASW,CE,Federal Contract Tower,2,11,23,50,86,0,0,21,0,21,2,11,44,50,107,0,32,32,139
08/08/2008,BRO,TX,ASW,CE,Federal Contract Tower,1,12,36,12,61,0,0,22,0,22,1,12,58,12,83,44,6,50,133
08/09/2008,BRO,TX,ASW,CE,Federal Contract Tower,0,11,18,6,35,0,0,23,1,24,0,11,41,7,59,0,6,6,65
08/10/2008,BRO,TX,ASW,CE,Federal Contract Tower,2,10,21,4,37,0,0,13,2,15,2,10,34,6,52,0,4,4,56
08/11/2008,BRO,TX,ASW,CE,Federal Contract Tower,0,15,20,10,45,0,17,1,18,36,0,32,21,28,81,0,105,105,186
08/12/2008,BRO,TX,ASW,CE,Federal Contract Tower,0,12,31,14,57,0,0,14,3,17,0,12,45,17,74,38,146,184,258
08/13/2008,BRO,TX,ASW,CE,Federal Contract Tower,0,11,16,12,39,0,0,19,0,19,0,11,35,12,58,10,6,16,74
08/14/2008,BRO,TX,ASW,CE,Federal Contract Tower,0,14,22,6,42,0,0,15,2,17,0,14,37,8,59,10,10,20,79
08/15/2008,BRO,TX,ASW,CE,Federal Contract Tower,0,13,17,0,30,0,0,24,2,26,0,13,41,2,56,0,0,0,56
08/16/2008,BRO,TX,ASW,CE,Federal Contract Tower,0,10,9,0,19,0,0,25,0,25,0,10,34,0,44,0,0,0,44
08/17/2008,BRO,TX,ASW,CE,Federal Contract Tower,0,12,31,2,45,0,25,0,0,25,0,37,31,2,70,10,0,10,80
08/18/2008,BRO,TX,ASW,CE,Federal Contract Tower,0,20,13,6,39,0,8,0,0,8,0,28,13,6,47,10,6,16,63
08/19/2008,BRO,TX,ASW,CE,Federal Contract Tower,0,14,18,18,50,0,0,16,0,16,0,14,34,18,66,10,2,12,78
08/20/2008,BRO,TX,ASW,CE,Federal Contract Tower,0,13,14,8,35,0,0,9,0,9,0,13,23,8,44,0,14,14,58
08/21/2008,BRO,TX,ASW,CE,Federal Contract Tower,0,9,19,8,36,0,0,24,2,26,0,9,43,10,62,0,0,0,62
08/22/2008,BRO,TX,ASW,CE,Federal Contract Tower,0,11,18,0,29,0,0,8,0,8,0,11,26,0,37,10,0,10,47
08/23/2008,BRO,TX,ASW,CE,Federal Contract Tower,0,11,14,12,37,0,0,22,0,22,0,11,36,12,59,32,12,44,103
08/24/2008,BRO,TX,ASW,CE,Federal Contract Tower,0,11,33,0,44,0,0,3,2,5,0,11,36,2,49,16,0,16,65
08/25/2008,BRO,TX,ASW,CE,Federal Contract Tower,2,11,7,28,48,0,0,15,0,15,2,11,22,28,63,10,28,38,101
08/26/2008,BRO,TX,ASW,CE,Federal Contract Tower,0,9,29,69,107,0,0,24,1,25,0,9,53,70,132,0,63,63,195
08/27/2008,BRO,TX,ASW,CE,Federal Contract Tower,0,12,28,14,54,0,0,16,0,16,0,12,44,14,70,10,0,10,80
08/28/2008,BRO,TX,ASW,CE,Federal Contract Tower,0,11,11,14,36,0,0,27,0,27,0,11,38,14,63,0,0,0,63
08/29/2008,BRO,TX,ASW,CE,Federal Contract Tower,0,9,15,6,30,0,0,22,0,22,0,9,37,6,52,10,6,16,68
08/30/2008,BRO,TX,ASW,CE,Federal Contract Tower,2,9,15,0,26,0,0,11,0,11,2,9,26,0,37,14,0,14,51
08/31/2008,BRO,TX,ASW,CE,Federal Contract Tower,0,10,17,0,27,0,0,11,0,11,0,10,28,0,38,10,0,10,48
09/01/2008,BRO,TX,ASW,CE,Federal Contract Tower,0,9,17,2,28,0,0,9,0,9,0,9,26,2,37,0,0,0,37
09/02/2008,BRO,TX,ASW,CE,Federal Contract Tower,2,14,11,23,50,0,0,15,0,15,2,14,26,23,65,30,0,30,95
09/03/2008,BRO,TX,ASW,CE,Federal Contract Tower,0,16,15,6,37,0,0,12,0,12,0,16,27,6,49,16,4,20,69
09/04/2008,BRO,TX,ASW,CE,Federal Contract Tower,0,14,23,7,44,0,0,25,2,27,0,14,48,9,71,60,0,60,131
09/05/2008,BRO,TX,ASW,CE,Federal Contract Tower,0,13,26,0,39,0,0,22,0,22,0,13,48,0,61,14,0,14,75
09/06/2008,BRO,TX,ASW,CE,Federal Contract Tower,0,13,13,4,30,0,0,24,0,24,0,13,37,4,54,0,0,0,54
09/07/2008,BRO,TX,ASW,CE,Federal Contract Tower,2,11,19,0,32,0,17,0,0,17,2,28,19,0,49,0,0,0,49
09/08/2008,BRO,TX,ASW,CE,Federal Contract Tower,0,12,11,2,25,0,0,13,2,15,0,12,24,4,40,0,0,0,40
09/09/2008,BRO,TX,ASW,CE,Federal Contract Tower,2,11,6,8,27,0,0,21,0,21,2,11,27,8,48,0,2,2,50
09/10/2008,BRO,TX,ASW,CE,Federal Contract Tower,0,12,32,5,49,0,0,19,0,19,0,12,51,5,68,10,0,10,78
09/11/2008,BRO,TX,ASW,CE,Federal Contract Tower,1,11,17,2,31,0,0,34,0,34,1,11,51,2,65,22,0,22,87
09/12/2008,BRO,TX,ASW,CE,Federal Contract Tower,2,5,17,0,24,0,0,14,0,14,2,5,31,0,38,0,0,0,38
09/13/2008,BRO,TX,ASW,CE,Federal Contract Tower,0,0,2,2,4,0,0,7,0,7,0,0,9,2,11,10,0,10,21
09/14/2008,BRO,TX,ASW,CE,Federal Contract Tower,0,1,16,0,17,0,0,7,0,7,0,1,23,0,24,0,0,0,24
09/15/2008,BRO,TX,ASW,CE,Federal Contract Tower,0,9,16,2,27,0,0,1,0,1,0,9,17,2,28,0,0,0,28
09/16/2008,BRO,TX,ASW,CE,Federal Contract Tower,2,10,16,18,46,0,0,25,0,25,2,10,41,18,71,20,30,50,121
09/17/2008,BRO,TX,ASW,CE,Federal Contract Tower,0,12,21,10,43,0,0,14,0,14,0,12,35,10,57,18,2,20,77
09/18/2008,BRO,TX,ASW,CE,Federal Contract Tower,4,16,19,11,50,0,0,22,0,22,4,16,41,11,72,30,18,48,120
09/19/2008,BRO,TX,ASW,CE,Federal Contract Tower,6,13,17,5,41,4,0,26,0,30,10,13,43,5,71,10,14,24,95
09/20/2008,BRO,TX,ASW,CE,Federal Contract Tower,0,9,9,0,18,0,0,6,0,6,0,9,15,0,24,0,0,0,24
09/21/2008,BRO,TX,ASW,CE,Federal Contract Tower,2,11,24,0,37,0,0,14,0,14,2,11,38,0,51,4,0,4,55
09/22/2008,BRO,TX,ASW,CE,Federal Contract Tower,1,16,6,14,37,0,0,7,1,8,1,16,13,15,45,0,14,14,59
09/23/2008,BRO,TX,ASW,CE,Federal Contract Tower,1,13,14,6,34,0,0,10,0,10,1,13,24,6,44,0,0,0,44
09/24/2008,BRO,TX,ASW,CE,Federal Contract Tower,0,13,7,0,20,0,0,2,0,2,0,13,9,0,22,0,0,0,22
09/25/2008,BRO,TX,ASW,CE,Federal Contract Tower,0,11,15,23,49,0,0,27,0,27,0,11,42,23,76,11,0,11,87
09/26/2008,BRO,TX,ASW,CE,Federal Contract Tower,0,10,10,5,25,0,0,16,1,17,0,10,26,6,42,22,0,22,64
09/27/2008,BRO,TX,ASW,CE,Federal Contract Tower,0,7,4,0,11,0,0,17,0,17,0,7,21,0,28,0,0,0,28
09/28/2008,BRO,TX,ASW,CE,Federal Contract Tower,2,11,10,2,25,0,0,18,0,18,2,11,28,2,43,0,2,2,45
09/29/2008,BRO,TX,ASW,CE,Federal Contract Tower,0,11,19,54,84,0,0,13,0,13,0,11,32,54,97,22,34,56,153
09/30/2008,BRO,TX,ASW,CE,Federal Contract Tower,0,8,18,22,48,0,0,12,2,14,0,8,30,24,62,0,62,62,124
10/01/2008,BRO,TX,ASW,CE,Federal Contract Tower,2,11,23,20,56,0,0,20,8,28,2,11,43,28,84,90,10,100,184
10/02/2008,BRO,TX,ASW,CE,Federal Contract Tower,0,13,11,5,29,0,0,26,0,26,0,13,37,5,55,20,0,20,75
10/03/2008,BRO,TX,ASW,CE,Federal Contract Tower,0,15,13,2,30,0,1,16,0,17,0,16,29,2,47,8,0,8,55
10/04/2008,BRO,TX,ASW,CE,Federal Contract Tower,0,9,15,0,24,0,1,20,0,21,0,10,35,0,45,4,0,4,49
10/05/2008,BRO,TX,ASW,CE,Federal Contract Tower,0,12,20,0,32,0,0,23,0,23,0,12,43,0,55,10,0,10,65
10/06/2008,BRO,TX,ASW,CE,Federal Contract Tower,0,23,7,8,38,0,2,7,0,9,0,25,14,8,47,6,6,12,59
10/07/2008,BRO,TX,ASW,CE,Federal Contract Tower,0,11,13,6,30,0,0,14,3,17,0,11,27,9,47,40,0,40,87
10/08/2008,BRO,TX,ASW,CE,Federal Contract Tower,0,11,14,52,77,0,0,20,38,58,0,11,34,90,135,0,90,90,225
10/09/2008,BRO,TX,ASW,CE,Federal Contract Tower,3,16,19,12,50,0,0,27,0,27,3,16,46,12,77,18,0,18,95
10/10/2008,BRO,TX,ASW,CE,Federal Contract Tower,0,13,19,2,34,0,0,17,0,17,0,13,36,2,51,0,0,0,51
10/11/2008,BRO,TX,ASW,CE,Federal Contract Tower,0,12,11,0,23,0,0,25,0,25,0,12,36,0,48,0,0,0,48
10/12/2008,BRO,TX,ASW,CE,Federal Contract Tower,0,14,17,0,31,0,0,16,0,16,0,14,33,0,47,0,0,0,47
10/13/2008,BRO,TX,ASW,CE,Federal Contract Tower,0,16,13,0,29,0,0,19,0,19,0,16,32,0,48,0,0,0,48
10/14/2008,BRO,TX,ASW,CE,Federal Contract Tower,0,15,21,6,42,0,0,14,0,14,0,15,35,6,56,10,0,10,66
10/15/2008,BRO,TX,ASW,CE,Federal Contract Tower,0,8,24,16,48,0,0,12,0,12,0,8,36,16,60,0,48,48,108
10/16/2008,BRO,TX,ASW,CE,Federal Contract Tower,0,13,13,4,30,0,0,0,0,0,0,13,13,4,30,0,0,0,30
10/17/2008,BRO,TX,ASW,CE,Federal Contract Tower,0,18,17,12,47,0,0,22,0,22,0,18,39,12,69,0,12,12,81
10/18/2008,BRO,TX,ASW,CE,Federal Contract Tower,0,13,6,0,19,0,0,16,0,16,0,13,22,0,35,88,0,88,123
10/19/2008,BRO,TX,ASW,CE,Federal Contract Tower,0,14,9,0,23,0,1,42,0,43,0,15,51,0,66,10,0,10,76
10/20/2008,BRO,TX,ASW,CE,Federal Contract Tower,2,16,13,30,61,0,0,28,0,28,2,16,41,30,89,6,40,46,135
10/21/2008,BRO,TX,ASW,CE,Federal Contract Tower,0,13,8,54,75,0,0,16,0,16,0,13,24,54,91,40,54,94,185
10/22/2008,BRO,TX,ASW,CE,Federal Contract Tower,0,9,17,14,40,0,28,0,0,28,0,37,17,14,68,0,24,24,92
10/23/2008,BRO,TX,ASW,CE,Federal Contract Tower,0,15,17,5,37,0,0,13,1,14,0,15,30,6,51,0,0,0,51
10/24/2008,BRO,TX,ASW,CE,Federal Contract Tower,0,12,14,10,36,0,0,26,8,34,0,12,40,18,70,10,0,10,80
10/25/2008,BRO,TX,ASW,CE,Federal Contract Tower,0,9,16,2,27,0,0,19,0,19,0,9,35,2,46,14,0,14,60
10/26/2008,BRO,TX,ASW,CE,Federal Contract Tower,0,11,12,2,25,0,0,26,0,26,0,11,38,2,51,4,1,5,56
10/27/2008,BRO,TX,ASW,CE,Federal Contract Tower,0,13,16,10,39,0,13,0,0,13,0,26,16,10,52,0,8,8,60
10/28/2008,BRO,TX,ASW,CE,Federal Contract Tower,0,11,12,12,35,0,0,21,0,21,0,11,33,12,56,0,14,14,70
10/29/2008,BRO,TX,ASW,CE,Federal Contract Tower,0,8,9,22,39,0,0,9,0,9,0,8,18,22,48,0,16,16,64
10/30/2008,BRO,TX,ASW,CE,Federal Contract Tower,1,16,31,27,75,0,0,21,12,33,1,16,52,39,108,20,28,48,156
10/31/2008,BRO,TX,ASW,CE,Federal Contract Tower,0,13,14,4,31,0,0,12,0,12,0,13,26,4,43,2,0,2,45
11/01/2008,BRO,TX,ASW,CE,Federal Contract Tower,2,11,11,0,24,0,0,21,0,21,2,11,32,0,45,0,0,0,45
11/02/2008,BRO,TX,ASW,CE,Federal Contract Tower,0,15,3,0,18,0,0,20,0,20,0,15,23,0,38,8,0,8,46
11/03/2008,BRO,TX,ASW,CE,Federal Contract Tower,0,15,19,20,54,0,22,0,0,22,0,37,19,20,76,0,14,14,90
11/04/2008,BRO,TX,ASW,CE,Federal Contract Tower,6,9,20,20,55,0,0,10,0,10,6,9,30,20,65,30,20,50,115
11/05/2008,BRO,TX,ASW,CE,Federal Contract Tower,0,16,17,12,45,0,0,12,0,12,0,16,29,12,57,0,8,8,65
11/06/2008,BRO,TX,ASW,CE,Federal Contract Tower,0,16,17,24,57,0,0,21,0,21,0,16,38,24,78,40,14,54,132
11/07/2008,BRO,TX,ASW,CE,Federal Contract Tower,2,14,12,10,38,0,0,17,2,19,2,14,29,12,57,4,64,68,125
11/08/2008,BRO,TX,ASW,CE,Federal Contract Tower,0,12,15,4,31,0,0,25,0,25,0,12,40,4,56,8,4,12,68
11/09/2008,BRO,TX,ASW,CE,Federal Contract Tower,0,14,25,1,40,0,0,15,0,15,0,14,40,1,55,20,1,21,76
11/10/2008,BRO,TX,ASW,CE,Federal Contract Tower,0,11,8,20,39,0,0,9,2,11,0,11,17,22,50,0,2,2,52
11/11/2008,BRO,TX,ASW,CE,Federal Contract Tower,0,10,12,8,30,0,0,11,0,11,0,10,23,8,41,30,0,30,71
11/12/2008,BRO,TX,ASW,CE,Federal Contract Tower,0,18,23,8,49,0,0,15,0,15,0,18,38,8,64,10,18,28,92
11/13/2008,BRO,TX,ASW,CE,Federal Contract Tower,0,12,15,0,27,0,0,6,0,6,0,12,21,0,33,10,0,10,43
11/14/2008,BRO,TX,ASW,CE,Federal Contract Tower,0,15,19,24,58,0,0,21,4,25,0,15,40,28,83,10,178,188,271
11/15/2008,BRO,TX,ASW,CE,Federal Contract Tower,0,11,10,2,23,0,0,5,0,5,0,11,15,2,28,0,0,0,28
11/16/2008,BRO,TX,ASW,CE,Federal Contract Tower,2,14,24,0,40,0,0,16,0,16,2,14,40,0,56,30,0,30,86
11/17/2008,BRO,TX,ASW,CE,Federal Contract Tower,0,13,14,40,67,0,0,17,0,17,0,13,31,40,84,0,50,50,134
11/18/2008,BRO,TX,ASW,CE,Federal Contract Tower,2,11,17,16,46,0,0,17,0,17,2,11,34,16,63,130,14,144,207
11/19/2008,BRO,TX,ASW,CE,Federal Contract Tower,0,9,25,14,48,0,0,16,0,16,0,9,41,14,64,20,54,74,138
11/20/2008,BRO,TX,ASW,CE,Federal Contract Tower,0,13,17,44,74,0,0,17,0,17,0,13,34,44,91,10,2,12,103
11/21/2008,BRO,TX,ASW,CE,Federal Contract Tower,0,16,16,5,37,0,0,10,0,10,0,16,26,5,47,0,0,0,47
11/22/2008,BRO,TX,ASW,CE,Federal Contract Tower,0,13,17,4,34,0,0,6,0,6,0,13,23,4,40,0,4,4,44
11/23/2008,BRO,TX,ASW,CE,Federal Contract Tower,0,14,20,4,38,0,0,17,4,21,0,14,37,8,59,0,0,0,59
11/24/2008,BRO,TX,ASW,CE,Federal Contract Tower,0,14,8,10,32,0,0,12,0,12,0,14,20,10,44,0,0,0,44
11/25/2008,BRO,TX,ASW,CE,Federal Contract Tower,0,10,10,20,40,0,0,9,0,9,0,10,19,20,49,20,8,28,77
11/26/2008,BRO,TX,ASW,CE,Federal Contract Tower,0,13,13,0,26,0,0,23,0,23,0,13,36,0,49,30,0,30,79
11/27/2008,BRO,TX,ASW,CE,Federal Contract Tower,0,10,7,0,17,0,0,4,0,4,0,10,11,0,21,10,0,10,31
11/28/2008,BRO,TX,ASW,CE,Federal Contract Tower,0,12,17,0,29,0,0,9,0,9,0,12,26,0,38,0,0,0,38
11/29/2008,BRO,TX,ASW,CE,Federal Contract Tower,0,8,16,0,24,0,0,9,0,9,0,8,25,0,33,0,0,0,33
11/30/2008,BRO,TX,ASW,CE,Federal Contract Tower,1,14,26,0,41,0,0,26,0,26,1,14,52,0,67,16,0,16,83
12/01/2008,BRO,TX,ASW,CE,Federal Contract Tower,0,13,31,12,56,0,0,21,0,21,0,13,52,12,77,20,10,30,107
12/02/2008,BRO,TX,ASW,CE,Federal Contract Tower,0,11,15,68,94,0,0,11,0,11,0,11,26,68,105,4,68,72,177
12/03/2008,BRO,TX,ASW,CE,Federal Contract Tower,2,9,22,10,43,0,0,14,0,14,2,9,36,10,57,10,45,55,112
12/04/2008,BRO,TX,ASW,CE,Federal Contract Tower,0,12,16,8,36,0,0,19,0,19,0,12,35,8,55,0,0,0,55
12/05/2008,BRO,TX,ASW,CE,Federal Contract Tower,0,17,26,18,61,0,0,9,0,9,0,17,35,18,70,0,68,68,138
12/06/2008,BRO,TX,ASW,CE,Federal Contract Tower,0,13,19,12,44,0,0,17,0,17,0,13,36,12,61,76,12,88,149
12/07/2008,BRO,TX,ASW,CE,Federal Contract Tower,0,15,25,4,44,0,0,19,0,19,0,15,44,4,63,18,4,22,85
12/08/2008,BRO,TX,ASW,CE,Federal Contract Tower,0,16,12,20,48,0,0,4,0,4,0,16,16,20,52,0,42,42,94
12/09/2008,BRO,TX,ASW,CE,Federal Contract Tower,1,13,17,40,71,0,0,5,2,7,1,13,22,42,78,20,20,40,118
12/10/2008,BRO,TX,ASW,CE,Federal Contract Tower,0,9,11,4,24,0,0,5,0,5,0,9,16,4,29,0,0,0,29
12/11/2008,BRO,TX,ASW,CE,Federal Contract Tower,0,12,25,23,60,0,0,35,2,37,0,12,60,25,97,40,20,60,157
12/12/2008,BRO,TX,ASW,CE,Federal Contract Tower,0,13,17,34,64,0,0,21,0,21,0,13,38,34,85,0,8,8,93
12/13/2008,BRO,TX,ASW,CE,Federal Contract Tower,2,17,21,2,42,0,0,18,0,18,2,17,39,2,60,0,0,0,60
12/14/2008,BRO,TX,ASW,CE,Federal Contract Tower,3,15,6,0,24,0,0,11,0,11,3,15,17,0,35,0,0,0,35
12/15/2008,BRO,TX,ASW,CE,Federal Contract Tower,2,9,18,16,45,0,0,2,0,2,2,9,20,16,47,6,0,6,53
12/16/2008,BRO,TX,ASW,CE,Federal Contract Tower,2,18,19,0,39,0,0,0,0,0,2,18,19,0,39,0,0,0,39
12/17/2008,BRO,TX,ASW,CE,Federal Contract Tower,0,11,11,0,22,0,0,0,0,0,0,11,11,0,22,0,0,0,22
12/18/2008,BRO,TX,ASW,CE,Federal Contract Tower,0,30,25,34,89,0,0,4,0,4,0,30,29,34,93,34,0,34,127
12/19/2008,BRO,TX,ASW,CE,Federal Contract Tower,0,15,24,8,47,0,0,11,0,11,0,15,35,8,58,0,0,0,58
12/20/2008,BRO,TX,ASW,CE,Federal Contract Tower,0,13,25,0,38,0,0,19,0,19,0,13,44,0,57,0,0,0,57
12/21/2008,BRO,TX,ASW,CE,Federal Contract Tower,2,15,15,0,32,0,0,3,0,3,2,15,18,0,35,0,0,0,35
12/22/2008,BRO,TX,ASW,CE,Federal Contract Tower,0,14,9,6,29,0,0,4,0,4,0,14,13,6,33,0,0,0,33
12/23/2008,BRO,TX,ASW,CE,Federal Contract Tower,0,13,13,2,28,0,0,4,0,4,0,13,17,2,32,10,0,10,42
12/24/2008,BRO,TX,ASW,CE,Federal Contract Tower,0,10,14,4,28,0,0,9,0,9,0,10,23,4,37,20,4,24,61
12/25/2008,BRO,TX,ASW,CE,Federal Contract Tower,0,13,4,0,17,0,0,3,0,3,0,13,7,0,20,0,0,0,20
12/26/2008,BRO,TX,ASW,CE,Federal Contract Tower,0,17,24,0,41,0,0,6,0,6,0,17,30,0,47,68,0,68,115
12/27/2008,BRO,TX,ASW,CE,Federal Contract Tower,0,15,18,0,33,0,0,5,0,5,0,15,23,0,38,0,0,0,38
12/28/2008,BRO,TX,ASW,CE,Federal Contract Tower,0,17,15,0,32,0,0,18,0,18,0,17,33,0,50,10,0,10,60
12/29/2008,BRO,TX,ASW,CE,Federal Contract Tower,0,17,15,6,38,0,0,8,0,8,0,17,23,6,46,1,6,7,53
12/30/2008,BRO,TX,ASW,CE,Federal Contract Tower,0,14,20,0,34,0,0,11,0,11,0,14,31,0,45,50,0,50,95
12/31/2008,BRO,TX,ASW,CE,Federal Contract Tower,0,13,17,0,30,0,0,7,0,7,0,13,24,0,37,0,0,0,37
01/01/2009,BRO,TX,ASW,CE,Federal Contract Tower,0,10,7,2,19,0,0,3,0,3,0,10,10,2,22,20,0,20,42
01/02/2009,BRO,TX,ASW,CE,Federal Contract Tower,0,12,7,0,19,0,0,9,0,9,0,12,16,0,28,0,0,0,28
01/03/2009,BRO,TX,ASW,CE,Federal Contract Tower,0,13,17,0,30,0,0,9,0,9,0,13,26,0,39,0,0,0,39
01/04/2009,BRO,TX,ASW,CE,Federal Contract Tower,0,13,43,0,56,0,0,11,0,11,0,13,54,0,67,20,0,20,87
01/05/2009,BRO,TX,ASW,CE,Federal Contract Tower,0,13,13,0,26,0,0,0,0,0,0,13,13,0,26,0,0,0,26
01/06/2009,BRO,TX,ASW,CE,Federal Contract Tower,0,13,12,0,25,0,0,8,0,8,0,13,20,0,33,30,0,30,63
01/07/2009,BRO,TX,ASW,CE,Federal Contract Tower,0,11,19,36,66,0,0,34,0,34,0,11,53,36,100,40,34,74,174
01/08/2009,BRO,TX,ASW,CE,Federal Contract Tower,0,10,7,2,19,0,0,3,0,3,0,10,10,2,22,20,0,20,42
01/09/2009,BRO,TX,ASW,CE,Federal Contract Tower,0,12,19,24,55,0,0,7,0,7,0,12,26,24,62,0,22,22,84
01/10/2009,BRO,TX,ASW,CE,Federal Contract Tower,0,13,22,0,35,0,0,4,0,4,0,13,26,0,39,0,90,90,129
01/11/2009,BRO,TX,ASW,CE,Federal Contract Tower,0,12,11,2,25,0,0,22,0,22,0,12,33,2,47,10,2,12,59
01/12/2009,BRO,TX,ASW,CE,Federal Contract Tower,0,14,18,14,46,0,14,0,14,28,0,28,18,28,74,0,8,8,82
01/13/2009,BRO,TX,ASW,CE,Federal Contract Tower,0,11,8,12,31,0,1,11,2,14,0,12,19,14,45,10,126,136,181
01/14/2009,BRO,TX,ASW,CE,Federal Contract Tower,0,11,17,6,34,0,0,20,0,20,0,11,37,6,54,46,0,46,100
01/15/2009,BRO,TX,ASW,CE,Federal Contract Tower,0,0,0,0,0,0,0,7,16,23,0,0,7,16,23,0,80,80,103
01/16/2009,BRO,TX,ASW,CE,Federal Contract Tower,0,13,10,16,39,0,0,7,2,9,0,13,17,18,48,20,16,36,84
01/17/2009,BRO,TX,ASW,CE,Federal Contract Tower,0,16,9,0,25,0,0,12,0,12,0,16,21,0,37,0,0,0,37
01/18/2009,BRO,TX,ASW,CE,Federal Contract Tower,0,11,14,0,25,0,0,11,0,11,0,11,25,0,36,10,0,10,46
01/19/2009,BRO,TX,ASW,CE,Federal Contract Tower,0,13,19,0,32,0,0,18,0,18,0,13,37,0,50,0,0,0,50
01/20/2009,BRO,TX,ASW,CE,Federal Contract Tower,0,11,15,8,34,0,0,24,0,24,0,11,39,8,58,88,4,92,150
01/21/2009,BRO,TX,ASW,CE,Federal Contract Tower,0,14,24,18,56,0,0,27,0,27,0,14,51,18,83,24,18,42,125
01/22/2009,BRO,TX,ASW,CE,Federal Contract Tower,0,12,22,0,34,0,0,11,4,15,0,12,33,4,49,8,0,8,57
01/23/2009,BRO,TX,ASW,CE,Federal Contract Tower,0,12,11,20,43,0,0,21,0,21,0,12,32,20,64,0,14,14,78
01/24/2009,BRO,TX,ASW,CE,Federal Contract Tower,0,12,26,0,38,0,0,26,0,26,0,12,52,0,64,10,0,10,74
01/25/2009,BRO,TX,ASW,CE,Federal Contract Tower,0,12,18,0,30,0,0,17,0,17,0,12,35,0,47,0,0,0,47
01/26/2009,BRO,TX,ASW,CE,Federal Contract Tower,4,15,31,30,80,0,0,10,0,10,4,15,41,30,90,8,42,50,140
01/27/2009,BRO,TX,ASW,CE,Federal Contract Tower,2,11,7,18,38,0,0,11,0,11,2,11,18,18,49,0,12,12,61
01/28/2009,BRO,TX,ASW,CE,Federal Contract Tower,2,9,20,18,49,0,0,23,0,23,2,9,43,18,72,4,8,12,84
01/29/2009,BRO,TX,ASW,CE,Federal Contract Tower,0,10,13,15,38,0,0,17,2,19,0,10,30,17,57,34,0,34,91
01/30/2009,BRO,TX,ASW,CE,Federal Contract Tower,0,12,25,14,51,0,0,22,0,22,0,12,47,14,73,24,14,38,111
01/31/2009,BRO,TX,ASW,CE,Federal Contract Tower,0,14,8,0,22,0,0,20,0,20,0,14,28,0,42,30,0,30,72
02/01/2009,BRO,TX,ASW,CE,Federal Contract Tower,0,11,4,0,15,0,0,0,0,0,0,11,4,0,15,0,0,0,15
02/02/2009,BRO,TX,ASW,CE,Federal Contract Tower,2,14,36,16,68,0,0,16,0,16,2,14,52,16,84,0,18,18,102
02/03/2009,BRO,TX,ASW,CE,Federal Contract Tower,0,11,10,32,53,0,0,25,0,25,0,11,35,32,78,24,112,136,214
02/04/2009,BRO,TX,ASW,CE,Federal Contract Tower,0,7,9,32,48,0,2,15,2,19,0,9,24,34,67,10,30,40,107
02/05/2009,BRO,TX,ASW,CE,Federal Contract Tower,0,15,14,27,56,0,0,33,0,33,0,15,47,27,89,10,38,48,137
02/06/2009,BRO,TX,ASW,CE,Federal Contract Tower,0,12,15,10,37,0,0,14,0,14,0,12,29,10,51,12,4,16,67
02/07/2009,BRO,TX,ASW,CE,Federal Contract Tower,0,12,11,0,23,0,0,5,0,5,0,12,16,0,28,0,0,0,28
02/08/2009,BRO,TX,ASW,CE,Federal Contract Tower,0,14,31,1,46,0,0,7,0,7,0,14,38,1,53,0,0,0,53
02/09/2009,BRO,TX,ASW,CE,Federal Contract Tower,0,14,17,52,83,0,0,12,0,12,0,14,29,52,95,14,38,52,147
02/10/2009,BRO,TX,ASW,CE,Federal Contract Tower,0,9,8,8,25,0,0,6,0,6,0,9,14,8,31,0,6,6,37
02/11/2009,BRO,TX,ASW,CE,Federal Contract Tower,0,10,18,36,64,0,0,7,0,7,0,10,25,36,71,0,30,30,101
02/12/2009,BRO,TX,ASW,CE,Federal Contract Tower,0,11,20,32,63,0,0,26,2,28,0,11,46,34,91,44,2,46,137
02/13/2009,BRO,TX,ASW,CE,Federal Contract Tower,0,17,25,8,50,0,0,10,0,10,0,17,35,8,60,10,8,18,78
02/14/2009,BRO,TX,ASW,CE,Federal Contract Tower,0,14,13,4,31,0,0,13,0,13,0,14,26,4,44,14,4,18,62
02/15/2009,BRO,TX,ASW,CE,Federal Contract Tower,0,20,16,0,36,0,0,3,0,3,0,20,19,0,39,0,0,0,39
02/16/2009,BRO,TX,ASW,CE,Federal Contract Tower,0,14,12,0,26,0,0,1,0,1,0,14,13,0,27,0,0,0,27
02/17/2009,BRO,TX,ASW,CE,Federal Contract Tower,1,11,6,42,60,0,0,5,0,5,1,11,11,42,65,0,16,16,81
02/18/2009,BRO,TX,ASW,CE,Federal Contract Tower,0,12,17,14,43,0,0,10,0,10,0,12,27,14,53,0,0,0,53
02/19/2009,BRO,TX,ASW,CE,Federal Contract Tower,0,15,11,34,60,0,0,9,0,9,0,15,20,34,69,0,18,18,87
02/20/2009,BRO,TX,ASW,CE,Federal Contract Tower,0,12,18,4,34,0,0,13,0,13,0,12,31,4,47,10,4,14,61
02/21/2009,BRO,TX,ASW,CE,Federal Contract Tower,0,10,24,0,34,0,0,6,0,6,0,10,30,0,40,6,0,6,46
02/22/2009,BRO,TX,ASW,CE,Federal Contract Tower,0,17,18,0,35,0,0,20,0,20,0,17,38,0,55,12,0,12,67
02/23/2009,BRO,TX,ASW,CE,Federal Contract Tower,0,13,19,32,64,0,0,21,0,21,0,13,40,32,85,50,24,74,159
02/24/2009,BRO,TX,ASW,CE,Federal Contract Tower,0,11,16,28,55,0,0,27,0,27,0,11,43,28,82,30,26,56,138
02/25/2009,BRO,TX,ASW,CE,Federal Contract Tower,0,8,16,44,68,0,0,24,0,24,0,8,40,44,92,30,32,62,154
02/26/2009,BRO,TX,ASW,CE,Federal Contract Tower,0,14,10,36,60,0,0,10,0,10,0,14,20,36,70,0,36,36,106
02/27/2009,BRO,TX,ASW,CE,Federal Contract Tower,0,13,17,8,38,0,0,14,2,16,0,13,31,10,54,10,2,12,66
02/28/2009,BRO,TX,ASW,CE,Federal Contract Tower,0,11,18,0,29,0,0,2,0,2,0,11,20,0,31,0,0,0,31
03/01/2009,BRO,TX,ASW,CE,Federal Contract Tower,0,11,9,0,20,0,24,0,0,24,0,35,9,0,44,0,10,10,54
03/02/2009,BRO,TX,ASW,CE,Federal Contract Tower,0,12,8,28,48,0,0,10,0,10,0,12,18,28,58,10,18,28,86
03/03/2009,BRO,TX,ASW,CE,Federal Contract Tower,2,6,10,14,32,0,0,33,1,34,2,6,43,15,66,10,10,20,86
03/04/2009,BRO,TX,ASW,CE,Federal Contract Tower,3,13,29,78,123,0,0,14,0,14,3,13,43,78,137,0,74,74,211
03/05/2009,BRO,TX,ASW,CE,Federal Contract Tower,0,15,13,46,74,0,0,6,0,6,0,15,19,46,80,0,36,36,116
03/06/2009,BRO,TX,ASW,CE,Federal Contract Tower,0,15,21,18,54,0,0,17,0,17,0,15,38,18,71,10,8,18,89
03/07/2009,BRO,TX,ASW,CE,Federal Contract Tower,0,10,16,2,28,0,0,13,0,13,0,10,29,2,41,38,2,40,81
03/08/2009,BRO,TX,ASW,CE,Federal Contract Tower,0,12,14,2,28,0,0,3,0,3,0,12,17,2,31,0,2,2,33
03/09/2009,BRO,TX,ASW,CE,Federal Contract Tower,0,14,3,16,33,0,0,7,2,9,0,14,10,18,42,18,10,28,70
03/10/2009,BRO,TX,ASW,CE,Federal Contract Tower,3,8,19,12,42,0,0,18,0,18,3,8,37,12,60,26,12,38,98
03/11/2009,BRO,TX,ASW,CE,Federal Contract Tower,1,10,20,30,61,0,0,14,0,14,1,10,34,30,75,44,16,60,135
03/12/2009,BRO,TX,ASW,CE,Federal Contract Tower,0,13,31,38,82,0,0,3,0,3,0,13,34,38,85,16,36,52,137
03/13/2009,BRO,TX,ASW,CE,Federal Contract Tower,0,19,38,1,58,0,0,1,0,1,0,19,39,1,59,16,2,18,77
03/14/2009,BRO,TX,ASW,CE,Federal Contract Tower,0,16,19,2,37,0,0,1,0,1,0,16,20,2,38,20,54,74,112
03/15/2009,BRO,TX,ASW,CE,Federal Contract Tower,0,19,7,5,31,0,0,0,0,0,0,19,7,5,31,10,0,10,41
03/16/2009,BRO,TX,ASW,CE,Federal Contract Tower,0,11,17,23,51,0,0,17,0,17,0,11,34,23,68,0,8,8,76
03/17/2009,BRO,TX,ASW,CE,Federal Contract Tower,0,8,21,18,47,0,0,18,0,18,0,8,39,18,65,10,0,10,75
03/18/2009,BRO,TX,ASW,CE,Federal Contract Tower,0,12,13,40,65,0,0,14,0,14,0,12,27,40,79,0,22,22,101
03/19/2009,BRO,TX,ASW,CE,Federal Contract Tower,0,15,16,23,54,0,0,8,5,13,0,15,24,28,67,0,4,4,71
03/20/2009,BRO,TX,ASW,CE,Federal Contract Tower,0,20,22,30,72,0,0,18,3,21,0,20,40,33,93,0,20,20,113
03/21/2009,BRO,TX,ASW,CE,Federal Contract Tower,0,13,17,6,36,0,0,10,2,12,0,13,27,8,48,0,0,0,48
03/22/2009,BRO,TX,ASW,CE,Federal Contract Tower,0,17,10,0,27,0,0,19,2,21,0,17,29,2,48,0,0,0,48
03/23/2009,BRO,TX,ASW,CE,Federal Contract Tower,0,11,12,46,69,0,0,6,4,10,0,11,18,50,79,0,48,48,127
03/24/2009,BRO,TX,ASW,CE,Federal Contract Tower,1,11,12,23,47,0,0,9,0,9,1,11,21,23,56,20,0,20,76
03/25/2009,BRO,TX,ASW,CE,Federal Contract Tower,0,16,20,49,85,0,0,8,1,9,0,16,28,50,94,20,0,20,114
03/26/2009,BRO,TX,ASW,CE,Federal Contract Tower,0,14,17,28,59,0,0,9,0,9,0,14,26,28,68,0,146,146,214
03/27/2009,BRO,TX,ASW,CE,Federal Contract Tower,0,13,11,12,36,0,0,2,0,2,0,13,13,12,38,36,6,42,80
03/28/2009,BRO,TX,ASW,CE,Federal Contract Tower,2,11,17,0,30,0,0,32,0,32,2,11,49,0,62,6,6,12,74
03/29/2009,BRO,TX,ASW,CE,Federal Contract Tower,0,15,26,18,59,0,0,19,0,19,0,15,45,18,78,0,6,6,84
03/30/2009,BRO,TX,ASW,CE,Federal Contract Tower,0,13,30,22,65,0,0,26,0,26,0,13,56,22,91,20,22,42,133
03/31/2009,BRO,TX,ASW,CE,Federal Contract Tower,0,16,11,48,75,0,0,6,0,6,0,16,17,48,81,0,20,20,101
04/01/2009,BRO,TX,ASW,CE,Federal Contract Tower,0,10,23,6,39,0,0,12,0,12,0,10,35,6,51,14,6,20,71
04/02/2009,BRO,TX,ASW,CE,Federal Contract Tower,2,11,7,22,42,0,0,8,0,8,2,11,15,22,50,0,0,0,50
04/03/2009,BRO,TX,ASW,CE,Federal Contract Tower,2,14,25,32,73,0,0,19,0,19,2,14,44,32,92,4,0,4,96
04/04/2009,BRO,TX,ASW,CE,Federal Contract Tower,0,11,15,0,26,0,0,19,0,19,0,11,34,0,45,22,0,22,67
04/05/2009,BRO,TX,ASW,CE,Federal Contract Tower,0,15,12,0,27,0,0,11,0,11,0,15,23,0,38,0,0,0,38
04/06/2009,BRO,TX,ASW,CE,Federal Contract Tower,0,12,13,49,74,0,0,28,25,53,0,12,41,74,127,6,0,6,133
04/07/2009,BRO,TX,ASW,CE,Federal Contract Tower,0,10,20,16,46,0,0,33,0,33,0,10,53,16,79,230,28,258,337
04/08/2009,BRO,TX,ASW,CE,Federal Contract Tower,0,10,24,38,72,0,0,17,0,17,0,10,41,38,89,40,78,118,207
04/09/2009,BRO,TX,ASW,CE,Federal Contract Tower,0,9,21,28,58,0,0,16,0,16,0,9,37,28,74,0,10,10,84
04/10/2009,BRO,TX,ASW,CE,Federal Contract Tower,0,11,18,0,29,0,0,10,0,10,0,11,28,0,39,2,0,2,41
04/11/2009,BRO,TX,ASW,CE,Federal Contract Tower,0,10,17,0,27,0,0,7,0,7,0,10,24,0,34,0,0,0,34
04/12/2009,BRO,TX,ASW,CE,Federal Contract Tower,0,11,28,2,41,0,0,4,3,7,0,11,32,5,48,0,0,0,48
04/13/2009,BRO,TX,ASW,CE,Federal Contract Tower,0,17,25,23,65,0,0,14,0,14,0,17,39,23,79,0,0,0,79
04/14/2009,BRO,TX,ASW,CE,Federal Contract Tower,0,13,25,4,42,0,0,23,0,23,0,13,48,4,65,332,0,332,397
04/15/2009,BRO,TX,ASW,CE,Federal Contract Tower,0,10,19,16,45,0,0,20,0,20,0,10,39,16,65,72,74,146,211
04/16/2009,BRO,TX,ASW,CE,Federal Contract Tower,0,12,21,10,43,0,0,5,1,6,0,12,26,11,49,0,0,0,49
04/17/2009,BRO,TX,ASW,CE,Federal Contract Tower,0,8,26,11,45,0,0,1,6,7,0,8,27,17,52,0,0,0,52
04/18/2009,BRO,TX,ASW,CE,Federal Contract Tower,0,6,10,2,18,0,0,7,0,7,0,6,17,2,25,0,0,0,25
04/19/2009,BRO,TX,ASW,CE,Federal Contract Tower,0,14,35,0,49,0,0,20,0,20,0,14,55,0,69,4,0,4,73
04/20/2009,BRO,TX,ASW,CE,Federal Contract Tower,0,13,6,6,25,0,0,11,2,13,0,13,17,8,38,0,0,0,38
04/21/2009,BRO,TX,ASW,CE,Federal Contract Tower,0,9,5,11,25,0,0,19,4,23,0,9,24,15,48,18,0,18,66
04/22/2009,BRO,TX,ASW,CE,Federal Contract Tower,1,7,7,34,49,0,0,19,0,19,1,7,26,34,68,12,0,12,80
04/23/2009,BRO,TX,ASW,CE,Federal Contract Tower,0,12,15,22,49,0,0,22,0,22,0,12,37,22,71,0,0,0,71
04/24/2009,BRO,TX,ASW,CE,Federal Contract Tower,0,11,17,12,40,0,0,10,0,10,0,11,27,12,50,0,12,12,62
04/25/2009,BRO,TX,ASW,CE,Federal Contract Tower,0,11,11,0,22,0,0,2,0,2,0,11,13,0,24,0,0,0,24
04/26/2009,BRO,TX,ASW,CE,Federal Contract Tower,0,13,13,0,26,0,0,4,0,4,0,13,17,0,30,10,0,10,40
04/27/2009,BRO,TX,ASW,CE,Federal Contract Tower,0,11,12,20,43,0,0,6,0,6,0,11,18,20,49,0,0,0,49
04/28/2009,BRO,TX,ASW,CE,Federal Contract Tower,0,7,14,14,35,0,0,7,0,7,0,7,21,14,42,0,0,0,42
04/29/2009,BRO,TX,ASW,CE,Federal Contract Tower,0,12,16,8,36,0,0,6,0,6,0,12,22,8,42,0,0,0,42
04/30/2009,BRO,TX,ASW,CE,Federal Contract Tower,0,11,34,12,57,0,0,11,2,13,0,11,45,14,70,0,12,12,82
05/01/2009,BRO,TX,ASW,CE,Federal Contract Tower,0,9,16,6,31,0,0,7,0,7,0,9,23,6,38,0,6,6,44
05/02/2009,BRO,TX,ASW,CE,Federal Contract Tower,0,11,11,2,24,0,0,14,0,14,0,11,25,2,38,36,0,36,74
05/03/2009,BRO,TX,ASW,CE,Federal Contract Tower,0,10,7,0,17,0,0,7,0,7,0,10,14,0,24,4,0,4,28
05/04/2009,BRO,TX,ASW,CE,Federal Contract Tower,0,11,13,10,34,0,0,9,0,9,0,11,22,10,43,0,0,0,43
05/05/2009,BRO,TX,ASW,CE,Federal Contract Tower,1,9,25,8,43,0,0,0,0,0,1,9,25,8,43,0,0,0,43
05/06/2009,BRO,TX,ASW,CE,Federal Contract Tower,0,12,22,7,41,0,0,17,1,18,0,12,39,8,59,0,0,0,59
05/07/2009,BRO,TX,ASW,CE,Federal Contract Tower,2,14,13,15,44,0,0,11,0,11,2,14,24,15,55,0,0,0,55
05/08/2009,BRO,TX,ASW,CE,Federal Contract Tower,0,15,19,12,46,0,0,17,0,17,0,15,36,12,63,18,0,18,81
05/09/2009,BRO,TX,ASW,CE,Federal Contract Tower,0,10,12,4,26,0,0,7,0,7,0,10,19,4,33,0,0,0,33
05/10/2009,BRO,TX,ASW,CE,Federal Contract Tower,0,11,13,2,26,0,0,8,0,8,0,11,21,2,34,20,6,26,60
05/11/2009,BRO,TX,ASW,CE,Federal Contract Tower,0,10,13,10,33,0,0,17,0,17,0,10,30,10,50,0,16,16,66
05/12/2009,BRO,TX,ASW,CE,Federal Contract Tower,0,6,15,8,29,0,0,15,42,57,0,6,30,50,86,4,0,4,90
05/13/2009,BRO,TX,ASW,CE,Federal Contract Tower,0,9,19,8,36,0,0,9,0,9,0,9,28,8,45,0,0,0,45
05/14/2009,BRO,TX,ASW,CE,Federal Contract Tower,0,10,10,4,24,0,0,0,0,0,0,10,10,4,24,0,0,0,24
05/15/2009,BRO,TX,ASW,CE,Federal Contract Tower,0,11,17,4,32,0,0,19,0,19,0,11,36,4,51,0,0,0,51
05/16/2009,BRO,TX,ASW,CE,Federal Contract Tower,0,11,9,0,20,0,0,9,0,9,0,11,18,0,29,8,0,8,37
05/17/2009,BRO,TX,ASW,CE,Federal Contract Tower,2,12,11,4,29,0,0,3,0,3,2,12,14,4,32,0,0,0,32
05/18/2009,BRO,TX,ASW,CE,Federal Contract Tower,0,12,9,13,34,0,0,10,0,10,0,12,19,13,44,0,0,0,44
05/19/2009,BRO,TX,ASW,CE,Federal Contract Tower,0,8,8,12,28,0,0,19,0,19,0,8,27,12,47,0,0,0,47
05/20/2009,BRO,TX,ASW,CE,Federal Contract Tower,0,9,7,9,25,0,0,12,0,12,0,9,19,9,37,0,0,0,37
05/21/2009,BRO,TX,ASW,CE,Federal Contract Tower,0,12,14,4,30,0,0,0,0,0,0,12,14,4,30,0,0,0,30
05/22/2009,BRO,TX,ASW,CE,Federal Contract Tower,0,9,22,8,39,0,0,9,0,9,0,9,31,8,48,0,0,0,48
05/23/2009,BRO,TX,ASW,CE,Federal Contract Tower,0,9,10,4,23,0,0,31,0,31,0,9,41,4,54,18,0,18,72
05/24/2009,BRO,TX,ASW,CE,Federal Contract Tower,0,9,16,4,29,0,0,8,0,8,0,9,24,4,37,0,0,0,37
05/25/2009,BRO,TX,ASW,CE,Federal Contract Tower,0,8,15,8,31,0,0,45,2,47,0,8,60,10,78,66,0,66,144
05/26/2009,BRO,TX,ASW,CE,Federal Contract Tower,0,13,15,9,37,0,0,13,0,13,0,13,28,9,50,0,0,0,50
05/27/2009,BRO,TX,ASW,CE,Federal Contract Tower,0,12,19,14,45,0,0,8,0,8,0,12,27,14,53,0,0,0,53
05/28/2009,BRO,TX,ASW,CE,Federal Contract Tower,0,12,15,8,35,0,0,12,0,12,0,12,27,8,47,78,0,78,125
05/29/2009,BRO,TX,ASW,CE,Federal Contract Tower,0,11,19,3,33,0,0,17,0,17,0,11,36,3,50,12,14,26,76
05/30/2009,BRO,TX,ASW,CE,Federal Contract Tower,0,9,6,6,21,0,0,30,0,30,0,9,36,6,51,7,0,7,58
05/31/2009,BRO,TX,ASW,CE,Federal Contract Tower,0,11,11,2,24,0,0,7,0,7,0,11,18,2,31,9,0,9,40
06/01/2009,BRO,TX,ASW,CE,Federal Contract Tower,0,10,13,4,27,0,0,2,0,2,0,10,15,4,29,8,0,8,37
06/02/2009,BRO,TX,ASW,CE,Federal Contract Tower,0,10,6,24,40,0,0,14,0,14,0,10,20,24,54,2,0,2,56
06/03/2009,BRO,TX,ASW,CE,Federal Contract Tower,0,13,7,6,26,0,0,24,0,24,0,13,31,6,50,10,2,12,62
06/04/2009,BRO,TX,ASW,CE,Federal Contract Tower,0,13,16,8,37,0,0,12,0,12,0,13,28,8,49,44,0,44,93
06/05/2009,BRO,TX,ASW,CE,Federal Contract Tower,2,11,17,6,36,0,0,21,0,21,2,11,38,6,57,14,0,14,71
06/06/2009,BRO,TX,ASW,CE,Federal Contract Tower,1,10,3,6,20,0,0,23,0,23,1,10,26,6,43,0,0,0,43
06/07/2009,BRO,TX,ASW,CE,Federal Contract Tower,1,11,11,6,29,0,0,21,0,21,1,11,32,6,50,0,0,0,50
06/08/2009,BRO,TX,ASW,CE,Federal Contract Tower,0,12,9,2,23,0,0,15,0,15,0,12,24,2,38,10,0,10,48
06/09/2009,BRO,TX,ASW,CE,Federal Contract Tower,0,9,10,25,44,0,0,15,0,15,0,9,25,25,59,30,12,42,101
06/10/2009,BRO,TX,ASW,CE,Federal Contract Tower,0,11,22,8,41,0,0,25,0,25,0,11,47,8,66,30,24,54,120
06/11/2009,BRO,TX,ASW,CE,Federal Contract Tower,0,15,21,17,53,0,0,9,1,10,0,15,30,18,63,0,12,12,75
06/12/2009,BRO,TX,ASW,CE,Federal Contract Tower,0,19,19,10,48,0,0,25,0,25,0,19,44,10,73,2,0,2,75
06/13/2009,BRO,TX,ASW,CE,Federal Contract Tower,0,15,14,0,29,0,0,28,0,28,0,15,42,0,57,28,0,28,85
06/14/2009,BRO,TX,ASW,CE,Federal Contract Tower,0,17,24,4,45,0,0,19,0,19,0,17,43,4,64,0,0,0,64
06/15/2009,BRO,TX,ASW,CE,Federal Contract Tower,2,16,9,4,31,0,0,13,0,13,2,16,22,4,44,0,0,0,44
06/16/2009,BRO,TX,ASW,CE,Federal Contract Tower,2,15,10,22,49,0,0,15,2,17,2,15,25,24,66,4,22,26,92
06/17/2009,BRO,TX,ASW,CE,Federal Contract Tower,0,17,18,9,44,0,0,14,7,21,0,17,32,16,65,2,30,32,97
06/18/2009,BRO,TX,ASW,CE,Federal Contract Tower,0,17,20,27,64,0,0,17,0,17,0,17,37,27,81,0,79,79,160
06/19/2009,BRO,TX,ASW,CE,Federal Contract Tower,0,17,19,4,40,0,0,14,0,14,0,17,33,4,54,6,0,6,60
06/20/2009,BRO,TX,ASW,CE,Federal Contract Tower,0,15,10,6,31,0,0,13,0,13,0,15,23,6,44,12,0,12,56
06/21/2009,BRO,TX,ASW,CE,Federal Contract Tower,2,16,23,6,47,0,0,7,0,7,2,16,30,6,54,0,0,0,54
06/22/2009,BRO,TX,ASW,CE,Federal Contract Tower,0,18,15,12,45,0,0,29,2,31,0,18,44,14,76,14,36,50,126
06/23/2009,BRO,TX,ASW,CE,Federal Contract Tower,0,16,7,0,23,0,0,10,0,10,0,16,17,0,33,0,0,0,33
06/24/2009,BRO,TX,ASW,CE,Federal Contract Tower,0,16,10,6,32,0,0,11,2,13,0,16,21,8,45,0,34,34,79
06/25/2009,BRO,TX,ASW,CE,Federal Contract Tower,0,18,22,14,54,0,0,15,0,15,0,18,37,14,69,0,26,26,95
06/26/2009,BRO,TX,ASW,CE,Federal Contract Tower,0,16,30,2,48,0,0,23,0,23,0,16,53,2,71,5,0,5,76
06/27/2009,BRO,TX,ASW,CE,Federal Contract Tower,0,14,8,6,28,0,7,10,0,17,0,21,18,6,45,0,0,0,45
06/28/2009,BRO,TX,ASW,CE,Federal Contract Tower,0,17,24,12,53,0,0,12,0,12,0,17,36,12,65,0,0,0,65
06/29/2009,BRO,TX,ASW,CE,Federal Contract Tower,0,15,12,24,51,0,0,21,0,21,0,15,33,24,72,2,50,52,124
06/30/2009,BRO,TX,ASW,CE,Federal Contract Tower,0,17,22,38,77,0,0,17,0,17,0,17,39,38,94,0,0,0,94
07/01/2009,BRO,TX,ASW,CE,Federal Contract Tower,0,18,12,14,44,0,0,18,8,26,0,18,30,22,70,0,52,52,122
07/02/2009,BRO,TX,ASW,CE,Federal Contract Tower,0,17,13,0,30,0,0,17,5,22,0,17,30,5,52,2,80,82,134
07/03/2009,BRO,TX,ASW,CE,Federal Contract Tower,0,17,10,0,27,0,0,28,0,28,0,17,38,0,55,4,0,4,59
07/04/2009,BRO,TX,ASW,CE,Federal Contract Tower,0,12,15,0,27,0,0,16,0,16,0,12,31,0,43,0,0,0,43
07/05/2009,BRO,TX,ASW,CE,Federal Contract Tower,0,16,4,0,20,0,0,17,0,17,0,16,21,0,37,0,0,0,37
07/06/2009,BRO,TX,ASW,CE,Federal Contract Tower,0,15,25,18,58,0,0,10,0,10,0,15,35,18,68,0,0,0,68
07/07/2009,BRO,TX,ASW,CE,Federal Contract Tower,0,15,14,42,71,0,0,12,4,16,0,15,26,46,87,150,0,150,237
07/08/2009,BRO,TX,ASW,CE,Federal Contract Tower,0,18,22,16,56,0,0,27,0,27,0,18,49,16,83,2,0,2,85
07/09/2009,BRO,TX,ASW,CE,Federal Contract Tower,0,16,17,9,42,0,0,13,2,15,0,16,30,11,57,0,41,41,98
07/10/2009,BRO,TX,ASW,CE,Federal Contract Tower,2,17,16,26,61,0,0,21,4,25,2,17,37,30,86,0,0,0,86
07/11/2009,BRO,TX,ASW,CE,Federal Contract Tower,0,15,11,0,26,0,0,14,0,14,0,15,25,0,40,0,0,0,40
07/12/2009,BRO,TX,ASW,CE,Federal Contract Tower,0,17,17,9,43,0,0,25,0,25,0,17,42,9,68,0,0,0,68
07/13/2009,BRO,TX,ASW,CE,Federal Contract Tower,0,17,26,44,87,0,0,15,2,17,0,17,41,46,104,0,86,86,190
07/14/2009,BRO,TX,ASW,CE,Federal Contract Tower,0,15,16,14,45,0,0,13,3,16,0,15,29,17,61,0,0,0,61
07/15/2009,BRO,TX,ASW,CE,Federal Contract Tower,0,16,24,27,67,0,0,25,2,27,0,16,49,29,94,8,72,80,174
07/16/2009,BRO,TX,ASW,CE,Federal Contract Tower,0,17,30,26,73,0,0,15,4,19,0,17,45,30,92,0,24,24,116
07/17/2009,BRO,TX,ASW,CE,Federal Contract Tower,0,17,23,8,48,0,0,28,3,31,0,17,51,11,79,140,0,140,219
07/18/2009,BRO,TX,ASW,CE,Federal Contract Tower,0,15,14,8,37,0,0,22,0,22,0,15,36,8,59,0,0,0,59
07/19/2009,BRO,TX,ASW,CE,Federal Contract Tower,0,19,34,2,55,0,0,24,0,24,0,19,58,2,79,18,0,18,97
07/20/2009,BRO,TX,ASW,CE,Federal Contract Tower,0,25,24,29,78,0,2,19,6,27,0,27,43,35,105,0,0,0,105
07/21/2009,BRO,TX,ASW,CE,Federal Contract Tower,0,23,14,16,53,0,0,16,0,16,0,23,30,16,69,0,0,0,69
07/22/2009,BRO,TX,ASW,CE,Federal Contract Tower,2,20,13,22,57,0,0,12,4,16,2,20,25,26,73,26,0,26,99
07/23/2009,BRO,TX,ASW,CE,Federal Contract Tower,0,18,28,37,83,0,0,13,3,16,0,18,41,40,99,8,42,50,149
07/24/2009,BRO,TX,ASW,CE,Federal Contract Tower,0,31,20,2,53,0,0,16,0,16,0,31,36,2,69,0,2,2,71
07/25/2009,BRO,TX,ASW,CE,Federal Contract Tower,0,18,11,0,29,0,0,17,0,17,0,18,28,0,46,10,0,10,56
07/26/2009,BRO,TX,ASW,CE,Federal Contract Tower,0,23,21,0,44,0,0,23,0,23,0,23,44,0,67,10,0,10,77
07/27/2009,BRO,TX,ASW,CE,Federal Contract Tower,0,22,19,48,89,0,0,14,0,14,0,22,33,48,103,0,83,83,186
07/28/2009,BRO,TX,ASW,CE,Federal Contract Tower,0,22,17,28,67,0,0,20,2,22,0,22,37,30,89,20,0,20,109
07/29/2009,BRO,TX,ASW,CE,Federal Contract Tower,0,22,16,37,75,0,0,10,0,10,0,22,26,37,85,0,4,4,89
07/30/2009,BRO,TX,ASW,CE,Federal Contract Tower,0,21,33,25,79,0,0,17,0,17,0,21,50,25,96,30,0,30,126
07/31/2009,BRO,TX,ASW,CE,Federal Contract Tower,0,23,25,18,66,0,0,17,0,17,0,23,42,18,83,0,0,0,83
08/01/2009,BRO,TX,ASW,CE,Federal Contract Tower,1,20,9,4,34,0,0,12,0,12,1,20,21,4,46,4,0,4,50
08/02/2009,BRO,TX,ASW,CE,Federal Contract Tower,0,28,24,0,52,0,0,16,4,20,0,28,40,4,72,0,0,0,72
08/03/2009,BRO,TX,ASW,CE,Federal Contract Tower,0,26,7,12,45,0,0,3,4,7,0,26,10,16,52,0,0,0,52
08/04/2009,BRO,TX,ASW,CE,Federal Contract Tower,0,19,21,4,44,0,0,5,0,5,0,19,26,4,49,16,0,16,65
08/05/2009,BRO,TX,ASW,CE,Federal Contract Tower,0,19,21,28,68,0,0,15,0,15,0,19,36,28,83,6,2,8,91
08/06/2009,BRO,TX,ASW,CE,Federal Contract Tower,4,29,15,10,58,0,0,12,0,12,4,29,27,10,70,4,0,4,74
08/07/2009,BRO,TX,ASW,CE,Federal Contract Tower,0,24,16,10,50,0,0,12,8,20,0,24,28,18,70,0,0,0,70
08/08/2009,BRO,TX,ASW,CE,Federal Contract Tower,0,17,9,0,26,0,0,8,0,8,0,17,17,0,34,0,0,0,34
08/09/2009,BRO,TX,ASW,CE,Federal Contract Tower,0,25,10,0,35,0,0,9,0,9,0,25,19,0,44,6,0,6,50
08/10/2009,BRO,TX,ASW,CE,Federal Contract Tower,2,21,15,36,74,0,0,5,0,5,2,21,20,36,79,12,82,94,173
08/11/2009,BRO,TX,ASW,CE,Federal Contract Tower,1,17,21,20,59,0,0,5,0,5,1,17,26,20,64,20,16,36,100
08/12/2009,BRO,TX,ASW,CE,Federal Contract Tower,0,23,11,14,48,0,0,15,0,15,0,23,26,14,63,0,0,0,63
08/13/2009,BRO,TX,ASW,CE,Federal Contract Tower,0,18,15,22,55,0,0,11,2,13,0,18,26,24,68,4,74,78,146
08/14/2009,BRO,TX,ASW,CE,Federal Contract Tower,0,21,23,1,45,0,0,14,0,14,0,21,37,1,59,14,0,14,73
08/15/2009,BRO,TX,ASW,CE,Federal Contract Tower,0,15,15,1,31,0,0,17,0,17,0,15,32,1,48,36,0,36,84
08/16/2009,BRO,TX,ASW,CE,Federal Contract Tower,0,19,17,0,36,0,1,22,0,23,0,20,39,0,59,0,0,0,59
08/17/2009,BRO,TX,ASW,CE,Federal Contract Tower,0,20,11,40,71,0,0,16,2,18,0,20,27,42,89,20,60,80,169
08/18/2009,BRO,TX,ASW,CE,Federal Contract Tower,0,19,16,40,75,0,0,16,0,16,0,19,32,40,91,10,90,100,191
08/19/2009,BRO,TX,ASW,CE,Federal Contract Tower,0,15,19,22,56,0,0,19,2,21,0,15,38,24,77,24,0,24,101
08/20/2009,BRO,TX,ASW,CE,Federal Contract Tower,0,19,23,28,70,0,0,10,0,10,0,19,33,28,80,12,0,12,92
08/21/2009,BRO,TX,ASW,CE,Federal Contract Tower,1,23,7,2,33,0,0,27,0,27,1,23,34,2,60,0,24,24,84
08/22/2009,BRO,TX,ASW,CE,Federal Contract Tower,0,18,23,12,53,0,0,12,0,12,0,18,35,12,65,8,0,8,73
08/23/2009,BRO,TX,ASW,CE,Federal Contract Tower,0,21,17,8,46,0,0,32,0,32,0,21,49,8,78,8,0,8,86
08/24/2009,BRO,TX,ASW,CE,Federal Contract Tower,3,23,30,6,62,0,0,10,2,12,3,23,40,8,74,0,104,104,178
08/25/2009,BRO,TX,ASW,CE,Federal Contract Tower,2,23,12,27,64,0,0,9,0,9,2,23,21,27,73,0,20,20,93
08/26/2009,BRO,TX,ASW,CE,Federal Contract Tower,2,20,14,2,38,0,0,15,0,15,2,20,29,2,53,0,52,52,105
08/27/2009,BRO,TX,ASW,CE,Federal Contract Tower,1,17,20,23,61,0,0,17,0,17,1,17,37,23,78,0,84,84,162
08/28/2009,BRO,TX,ASW,CE,Federal Contract Tower,2,18,6,6,32,0,0,13,0,13,2,18,19,6,45,0,0,0,45
08/29/2009,BRO,TX,ASW,CE,Federal Contract Tower,0,16,8,2,26,0,0,37,0,37,0,16,45,2,63,12,0,12,75
08/30/2009,BRO,TX,ASW,CE,Federal Contract Tower,0,23,16,0,39,0,0,24,0,24,0,23,40,0,63,0,0,0,63
08/31/2009,BRO,TX,ASW,CE,Federal Contract Tower,0,17,9,0,26,0,0,8,0,8,0,17,17,0,34,0,0,0,34
09/01/2009,BRO,TX,ASW,CE,Federal Contract Tower,0,17,13,10,40,0,0,5,0,5,0,17,18,10,45,2,0,2,47
09/02/2009,BRO,TX,ASW,CE,Federal Contract Tower,0,19,20,14,53,0,0,16,0,16,0,19,36,14,69,0,0,0,69
09/03/2009,BRO,TX,ASW,CE,Federal Contract Tower,0,13,19,16,48,0,0,16,2,18,0,13,35,18,66,94,0,94,160
09/04/2009,BRO,TX,ASW,CE,Federal Contract Tower,0,22,16,10,48,0,0,16,0,16,0,22,32,10,64,12,0,12,76
09/05/2009,BRO,TX,ASW,CE,Federal Contract Tower,0,13,10,0,23,0,0,16,0,16,0,13,26,0,39,42,0,42,81
09/06/2009,BRO,TX,ASW,CE,Federal Contract Tower,0,18,13,0,31,0,0,21,0,21,0,18,34,0,52,2,0,2,54
09/07/2009,BRO,TX,ASW,CE,Federal Contract Tower,0,21,15,1,37,0,0,14,0,14,0,21,29,1,51,40,0,40,91
09/08/2009,BRO,TX,ASW,CE,Federal Contract Tower,0,20,5,0,25,0,0,10,0,10,0,20,15,0,35,0,0,0,35
09/09/2009,BRO,TX,ASW,CE,Federal Contract Tower,0,16,11,3,30,0,0,19,0,19,0,16,30,3,49,0,32,32,81
09/10/2009,BRO,TX,ASW,CE,Federal Contract Tower,0,17,10,0,27,0,0,3,0,3,0,17,13,0,30,10,0,10,40
09/11/2009,BRO,TX,ASW,CE,Federal Contract Tower,0,19,11,0,30,0,0,12,0,12,0,19,23,0,42,0,0,0,42
09/12/2009,BRO,TX,ASW,CE,Federal Contract Tower,0,16,10,12,38,0,2,17,0,19,0,18,27,12,57,4,0,4,61
09/13/2009,BRO,TX,ASW,CE,Federal Contract Tower,0,29,20,12,61,0,1,11,0,12,0,30,31,12,73,10,0,10,83
09/14/2009,BRO,TX,ASW,CE,Federal Contract Tower,0,16,15,10,41,0,0,9,2,11,0,16,24,12,52,14,88,102,154
09/15/2009,BRO,TX,ASW,CE,Federal Contract Tower,0,14,9,8,31,0,0,17,4,21,0,14,26,12,52,0,150,150,202
09/16/2009,BRO,TX,ASW,CE,Federal Contract Tower,0,15,17,10,42,0,0,16,0,16,0,15,33,10,58,26,0,26,84
09/17/2009,BRO,TX,ASW,CE,Federal Contract Tower,1,17,7,14,39,1,0,6,0,7,2,17,13,14,46,82,0,82,128
09/18/2009,BRO,TX,ASW,CE,Federal Contract Tower,0,18,21,20,59,0,1,20,0,21,0,19,41,20,80,14,52,66,146
09/19/2009,BRO,TX,ASW,CE,Federal Contract Tower,0,15,13,0,28,0,0,15,0,15,0,15,28,0,43,12,0,12,55
09/20/2009,BRO,TX,ASW,CE,Federal Contract Tower,0,15,14,0,29,0,0,20,0,20,0,15,34,0,49,0,0,0,49
09/21/2009,BRO,TX,ASW,CE,Federal Contract Tower,2,13,13,28,56,0,0,9,0,9,2,13,22,28,65,36,6,42,107
09/22/2009,BRO,TX,ASW,CE,Federal Contract Tower,0,16,24,12,52,0,0,9,0,9,0,16,33,12,61,0,0,0,61
09/23/2009,BRO,TX,ASW,CE,Federal Contract Tower,9,13,20,8,50,0,0,6,0,6,9,13,26,8,56,0,0,0,56
09/24/2009,BRO,TX,ASW,CE,Federal Contract Tower,0,16,13,22,51,0,0,7,2,9,0,16,20,24,60,0,32,32,92
09/25/2009,BRO,TX,ASW,CE,Federal Contract Tower,0,20,14,8,42,0,0,9,0,9,0,20,23,8,51,44,73,117,168
09/26/2009,BRO,TX,ASW,CE,Federal Contract Tower,0,14,13,0,27,0,0,12,0,12,0,14,25,0,39,30,136,166,205
09/27/2009,BRO,TX,ASW,CE,Federal Contract Tower,2,18,22,0,42,0,0,28,0,28,2,18,50,0,70,0,0,0,70
09/28/2009,BRO,TX,ASW,CE,Federal Contract Tower,0,19,7,25,51,0,0,13,3,16,0,19,20,28,67,0,64,64,131
09/29/2009,BRO,TX,ASW,CE,Federal Contract Tower,0,22,7,21,50,0,0,0,0,0,0,22,7,21,50,8,42,50,100
09/30/2009,BRO,TX,ASW,CE,Federal Contract Tower,0,16,6,30,52,0,0,15,4,19,0,16,21,34,71,14,150,164,235
10/01/2009,BRO,TX,ASW,CE,Federal Contract Tower,0,20,24,16,60,0,0,22,0,22,0,20,46,16,82,0,56,56,138
10/02/2009,BRO,TX,ASW,CE,Federal Contract Tower,2,19,24,15,60,0,0,12,0,12,2,19,36,15,72,234,46,280,352
10/03/2009,BRO,TX,ASW,CE,Federal Contract Tower,0,16,3,0,19,0,0,12,0,12,0,16,15,0,31,144,0,144,175
10/04/2009,BRO,TX,ASW,CE,Federal Contract Tower,0,16,46,8,70,0,0,15,0,15,0,16,61,8,85,0,0,0,85
10/05/2009,BRO,TX,ASW,CE,Federal Contract Tower,1,17,12,24,54,0,0,11,0,11,1,17,23,24,65,38,64,102,167
10/06/2009,BRO,TX,ASW,CE,Federal Contract Tower,0,13,12,14,39,0,0,7,0,7,0,13,19,14,46,16,0,16,62
10/07/2009,BRO,TX,ASW,CE,Federal Contract Tower,0,14,18,10,42,0,0,13,0,13,0,14,31,10,55,0,50,50,105
10/08/2009,BRO,TX,ASW,CE,Federal Contract Tower,0,15,5,10,30,0,3,13,0,16,0,18,18,10,46,0,74,74,120
10/09/2009,BRO,TX,ASW,CE,Federal Contract Tower,0,12,5,0,17,0,0,6,0,6,0,12,11,0,23,0,0,0,23
10/10/2009,BRO,TX,ASW,CE,Federal Contract Tower,0,18,5,0,23,0,0,3,0,3,0,18,8,0,26,0,0,0,26
10/11/2009,BRO,TX,ASW,CE,Federal Contract Tower,0,22,38,0,60,0,0,8,0,8,0,22,46,0,68,0,0,0,68
10/12/2009,BRO,TX,ASW,CE,Federal Contract Tower,0,21,19,0,40,0,0,2,0,2,0,21,21,0,42,0,0,0,42
10/13/2009,BRO,TX,ASW,CE,Federal Contract Tower,0,19,20,10,49,0,0,0,0,0,0,19,20,10,49,60,56,116,165
10/14/2009,BRO,TX,ASW,CE,Federal Contract Tower,1,22,10,9,42,0,0,0,0,0,1,22,10,9,42,150,300,450,492
10/15/2009,BRO,TX,ASW,CE,Federal Contract Tower,0,17,12,18,47,0,0,9,0,9,0,17,21,18,56,0,68,68,124
10/16/2009,BRO,TX,ASW,CE,Federal Contract Tower,0,16,21,14,51,0,1,2,1,4,0,17,23,15,55,0,0,0,55
10/17/2009,BRO,TX,ASW,CE,Federal Contract Tower,0,15,8,0,23,0,0,24,0,24,0,15,32,0,47,15,0,15,62
10/18/2009,BRO,TX,ASW,CE,Federal Contract Tower,0,18,4,6,28,0,0,14,3,17,0,18,18,9,45,8,0,8,53
10/19/2009,BRO,TX,ASW,CE,Federal Contract Tower,0,19,9,17,45,0,4,14,11,29,0,23,23,28,74,30,42,72,146
10/20/2009,BRO,TX,ASW,CE,Federal Contract Tower,0,17,14,6,37,0,1,18,12,31,0,18,32,18,68,0,0,0,68
10/21/2009,BRO,TX,ASW,CE,Federal Contract Tower,0,17,12,26,55,0,0,10,4,14,0,17,22,30,69,6,96,102,171
10/22/2009,BRO,TX,ASW,CE,Federal Contract Tower,0,18,14,10,42,0,0,14,4,18,0,18,28,14,60,38,54,92,152
10/23/2009,BRO,TX,ASW,CE,Federal Contract Tower,2,18,4,10,34,0,0,23,0,23,2,18,27,10,57,0,134,134,191
10/24/2009,BRO,TX,ASW,CE,Federal Contract Tower,0,18,11,5,34,0,0,6,8,14,0,18,17,13,48,0,0,0,48
10/25/2009,BRO,TX,ASW,CE,Federal Contract Tower,0,14,14,6,34,0,0,15,0,15,0,14,29,6,49,0,0,0,49
10/26/2009,BRO,TX,ASW,CE,Federal Contract Tower,0,21,7,6,34,0,0,6,0,6,0,21,13,6,40,0,0,0,40
10/27/2009,BRO,TX,ASW,CE,Federal Contract Tower,2,14,4,30,50,0,0,10,2,12,2,14,14,32,62,4,64,68,130
10/28/2009,BRO,TX,ASW,CE,Federal Contract Tower,1,14,16,4,35,0,0,0,0,0,1,14,16,4,35,0,0,0,35
10/29/2009,BRO,TX,ASW,CE,Federal Contract Tower,2,20,14,0,36,0,0,3,0,3,2,20,17,0,39,0,0,0,39
10/30/2009,BRO,TX,ASW,CE,Federal Contract Tower,0,24,12,0,36,0,0,10,0,10,0,24,22,0,46,0,0,0,46
10/31/2009,BRO,TX,ASW,CE,Federal Contract Tower,0,16,9,0,25,0,0,18,0,18,0,16,27,0,43,6,0,6,49
11/01/2009,BRO,TX,ASW,CE,Federal Contract Tower,0,15,12,0,27,0,0,27,0,27,0,15,39,0,54,0,0,0,54
11/02/2009,BRO,TX,ASW,CE,Federal Contract Tower,0,21,6,12,39,0,0,12,0,12,0,21,18,12,51,0,98,98,149
11/03/2009,BRO,TX,ASW,CE,Federal Contract Tower,0,15,13,29,57,0,0,0,0,0,0,15,13,29,57,0,0,0,57
11/04/2009,BRO,TX,ASW,CE,Federal Contract Tower,2,20,8,8,38,0,0,0,0,0,2,20,8,8,38,8,140,148,186
11/05/2009,BRO,TX,ASW,CE,Federal Contract Tower,1,24,20,12,57,1,0,15,1,17,2,24,35,13,74,0,0,0,74
11/06/2009,BRO,TX,ASW,CE,Federal Contract Tower,0,16,13,11,40,0,0,14,0,14,0,16,27,11,54,0,26,26,80
11/07/2009,BRO,TX,ASW,CE,Federal Contract Tower,0,17,5,10,32,0,0,10,0,10,0,17,15,10,42,20,0,20,62
11/08/2009,BRO,TX,ASW,CE,Federal Contract Tower,0,20,14,8,42,0,0,10,0,10,0,20,24,8,52,0,0,0,52
11/09/2009,BRO,TX,ASW,CE,Federal Contract Tower,0,15,8,11,34,0,0,6,2,8,0,15,14,13,42,0,6,6,48
11/10/2009,BRO,TX,ASW,CE,Federal Contract Tower,0,16,11,26,53,0,0,0,0,0,0,16,11,26,53,0,48,48,101
11/11/2009,BRO,TX,ASW,CE,Federal Contract Tower,0,15,10,12,37,0,0,0,0,0,0,15,10,12,37,36,12,48,85
11/12/2009,BRO,TX,ASW,CE,Federal Contract Tower,0,18,14,13,45,0,0,24,3,27,0,18,38,16,72,14,128,142,214
11/13/2009,BRO,TX,ASW,CE,Federal Contract Tower,1,19,31,18,69,1,1,27,2,31,2,20,58,20,100,0,0,0,100
11/14/2009,BRO,TX,ASW,CE,Federal Contract Tower,0,21,11,4,36,0,0,28,0,28,0,21,39,4,64,2,0,2,66
11/15/2009,BRO,TX,ASW,CE,Federal Contract Tower,0,16,17,10,43,0,0,26,0,26,0,16,43,10,69,0,0,0,69
11/16/2009,BRO,TX,ASW,CE,Federal Contract Tower,2,19,22,14,57,0,0,11,2,13,2,19,33,16,70,0,144,144,214
11/17/2009,BRO,TX,ASW,CE,Federal Contract Tower,0,15,17,18,50,0,0,0,0,0,0,15,17,18,50,0,102,102,152
11/18/2009,BRO,TX,ASW,CE,Federal Contract Tower,2,21,18,26,67,0,0,0,0,0,2,21,18,26,67,28,0,28,95
11/19/2009,BRO,TX,ASW,CE,Federal Contract Tower,2,17,25,18,62,0,0,17,0,17,2,17,42,18,79,42,0,42,121
11/20/2009,BRO,TX,ASW,CE,Federal Contract Tower,0,16,37,4,57,0,0,14,0,14,0,16,51,4,71,0,0,0,71
11/21/2009,BRO,TX,ASW,CE,Federal Contract Tower,1,16,12,4,33,0,0,29,0,29,1,16,41,4,62,74,0,74,136
11/22/2009,BRO,TX,ASW,CE,Federal Contract Tower,0,16,11,10,37,0,0,18,0,18,0,16,29,10,55,8,0,8,63
11/23/2009,BRO,TX,ASW,CE,Federal Contract Tower,3,13,19,14,49,0,0,6,0,6,3,13,25,14,55,10,14,24,79
11/24/2009,BRO,TX,ASW,CE,Federal Contract Tower,0,17,9,0,26,0,0,0,0,0,0,17,9,0,26,0,0,0,26
11/25/2009,BRO,TX,ASW,CE,Federal Contract Tower,0,19,16,6,41,0,0,14,0,14,0,19,30,6,55,4,0,4,59
11/26/2009,BRO,TX,ASW,CE,Federal Contract Tower,0,16,6,0,22,0,0,11,0,11,0,16,17,0,33,4,0,4,37
11/27/2009,BRO,TX,ASW,CE,Federal Contract Tower,0,18,10,4,32,0,0,14,0,14,0,18,24,4,46,0,0,0,46
11/28/2009,BRO,TX,ASW,CE,Federal Contract Tower,1,14,21,0,36,1,0,16,0,17,2,14,37,0,53,0,0,0,53
11/29/2009,BRO,TX,ASW,CE,Federal Contract Tower,2,18,30,2,52,0,0,13,0,13,2,18,43,2,65,24,0,24,89
11/30/2009,BRO,TX,ASW,CE,Federal Contract Tower,2,18,14,4,38,0,0,0,0,0,2,18,14,4,38,0,0,0,38
12/01/2009,BRO,TX,ASW,CE,Federal Contract Tower,0,13,6,4,23,0,0,0,0,0,0,13,6,4,23,0,0,0,23
12/02/2009,BRO,TX,ASW,CE,Federal Contract Tower,1,12,19,35,67,1,0,18,3,22,2,12,37,38,89,30,0,30,119
12/03/2009,BRO,TX,ASW,CE,Federal Contract Tower,0,15,17,28,60,0,0,12,0,12,0,15,29,28,72,0,182,182,254
12/04/2009,BRO,TX,ASW,CE,Federal Contract Tower,2,11,8,0,21,0,0,0,0,0,2,11,8,0,21,0,0,0,21
12/05/2009,BRO,TX,ASW,CE,Federal Contract Tower,0,17,14,8,39,0,0,17,0,17,0,17,31,8,56,16,0,16,72
12/06/2009,BRO,TX,ASW,CE,Federal Contract Tower,1,16,10,6,33,1,1,12,0,14,2,17,22,6,47,6,0,6,53
12/07/2009,BRO,TX,ASW,CE,Federal Contract Tower,2,17,8,51,78,0,0,8,0,8,2,17,16,51,86,0,31,31,117
12/08/2009,BRO,TX,ASW,CE,Federal Contract Tower,0,15,37,40,92,0,0,2,0,2,0,15,39,40,94,0,0,0,94
12/09/2009,BRO,TX,ASW,CE,Federal Contract Tower,0,18,31,20,69,0,0,6,0,6,0,18,37,20,75,0,70,70,145
12/10/2009,BRO,TX,ASW,CE,Federal Contract Tower,0,16,39,2,57,0,0,11,0,11,0,16,50,2,68,6,0,6,74
12/11/2009,BRO,TX,ASW,CE,Federal Contract Tower,1,16,30,0,47,0,0,0,0,0,1,16,30,0,47,0,0,0,47
12/12/2009,BRO,TX,ASW,CE,Federal Contract Tower,0,19,11,0,30,0,0,12,0,12,0,19,23,0,42,12,0,12,54
12/13/2009,BRO,TX,ASW,CE,Federal Contract Tower,0,16,38,9,63,0,0,5,2,7,0,16,43,11,70,0,0,0,70
12/14/2009,BRO,TX,ASW,CE,Federal Contract Tower,4,16,20,16,56,0,0,6,4,10,4,16,26,20,66,0,0,0,66
12/15/2009,BRO,TX,ASW,CE,Federal Contract Tower,2,22,14,2,40,0,0,0,0,0,2,22,14,2,40,0,0,0,40
12/16/2009,BRO,TX,ASW,CE,Federal Contract Tower,0,19,11,0,30,0,0,1,0,1,0,19,12,0,31,0,0,0,31
12/17/2009,BRO,TX,ASW,CE,Federal Contract Tower,3,16,25,19,63,0,0,1,0,1,3,16,26,19,64,0,0,0,64
12/18/2009,BRO,TX,ASW,CE,Federal Contract Tower,0,16,21,7,44,0,0,0,0,0,0,16,21,7,44,0,0,0,44
12/19/2009,BRO,TX,ASW,CE,Federal Contract Tower,2,16,4,1,23,0,0,36,0,36,2,16,40,1,59,0,0,0,59
12/20/2009,BRO,TX,ASW,CE,Federal Contract Tower,1,18,5,12,36,0,0,21,0,21,1,18,26,12,57,10,0,10,67
12/21/2009,BRO,TX,ASW,CE,Federal Contract Tower,0,15,12,19,46,0,0,18,3,21,0,15,30,22,67,26,146,172,239
12/22/2009,BRO,TX,ASW,CE,Federal Contract Tower,0,22,11,6,39,0,0,11,0,11,0,22,22,6,50,24,48,72,122
12/23/2009,BRO,TX,ASW,CE,Federal Contract Tower,0,15,14,1,30,0,0,11,0,11,0,15,25,1,41,0,78,78,119
12/24/2009,BRO,TX,ASW,CE,Federal Contract Tower,0,9,4,0,13,0,0,9,0,9,0,9,13,0,22,0,0,0,22
12/25/2009,BRO,TX,ASW,CE,Federal Contract Tower,0,13,10,0,23,0,0,8,0,8,0,13,18,0,31,0,0,0,31
12/26/2009,BRO,TX,ASW,CE,Federal Contract Tower,0,16,31,0,47,0,0,0,0,0,0,16,31,0,47,0,0,0,47
12/27/2009,BRO,TX,ASW,CE,Federal Contract Tower,0,24,21,0,45,0,0,12,0,12,0,24,33,0,57,14,0,14,71
12/28/2009,BRO,TX,ASW,CE,Federal Contract Tower,0,15,14,6,35,0,0,9,1,10,0,15,23,7,45,4,90,94,139
12/29/2009,BRO,TX,ASW,CE,Federal Contract Tower,0,16,9,7,32,0,0,2,0,2,0,16,11,7,34,0,72,72,106
12/30/2009,BRO,TX,ASW,CE,Federal Contract Tower,0,16,20,10,46,0,0,3,0,3,0,16,23,10,49,0,0,0,49
12/31/2009,BRO,TX,ASW,CE,Federal Contract Tower,0,15,12,0,27,0,0,0,0,0,0,15,12,0,27,76,0,76,103
01/01/2010,BRO,TX,ASW,CE,Federal Contract Tower,0,14,12,0,26,0,0,8,0,8,0,14,20,0,34,6,0,6,40
01/02/2010,BRO,TX,ASW,CE,Federal Contract Tower,0,15,25,0,40,0,0,23,0,23,0,15,48,0,63,4,0,4,67
01/03/2010,BRO,TX,ASW,CE,Federal Contract Tower,2,17,23,0,42,0,0,8,2,10,2,17,31,2,52,0,0,0,52
01/04/2010,BRO,TX,ASW,CE,Federal Contract Tower,0,17,10,0,27,0,0,4,0,4,0,17,14,0,31,0,44,44,75
01/05/2010,BRO,TX,ASW,CE,Federal Contract Tower,2,15,10,12,39,0,0,9,0,9,2,15,19,12,48,30,194,224,272
01/06/2010,BRO,TX,ASW,CE,Federal Contract Tower,0,20,8,10,38,0,0,13,2,15,0,20,21,12,53,26,208,234,287
01/07/2010,BRO,TX,ASW,CE,Federal Contract Tower,0,15,13,2,30,0,0,0,0,0,0,15,13,2,30,0,0,0,30
01/08/2010,BRO,TX,ASW,CE,Federal Contract Tower,0,13,10,6,29,0,0,3,0,3,0,13,13,6,32,0,0,0,32
01/09/2010,BRO,TX,ASW,CE,Federal Contract Tower,0,13,7,0,20,0,0,0,0,0,0,13,7,0,20,20,0,20,40
01/10/2010,BRO,TX,ASW,CE,Federal Contract Tower,0,16,10,3,29,0,0,20,0,20,0,16,30,3,49,34,0,34,83
01/11/2010,BRO,TX,ASW,CE,Federal Contract Tower,0,15,7,9,31,0,0,8,1,9,0,15,15,10,40,0,90,90,130
01/12/2010,BRO,TX,ASW,CE,Federal Contract Tower,0,15,14,24,53,0,0,6,6,12,0,15,20,30,65,0,93,93,158
01/13/2010,BRO,TX,ASW,CE,Federal Contract Tower,0,16,20,12,48,0,0,12,0,12,0,16,32,12,60,4,0,4,64
01/14/2010,BRO,TX,ASW,CE,Federal Contract Tower,0,15,19,24,58,0,0,4,0,4,0,15,23,24,62,12,0,12,74
01/15/2010,BRO,TX,ASW,CE,Federal Contract Tower,0,18,10,6,34,0,0,7,0,7,0,18,17,6,41,6,0,6,47
01/16/2010,BRO,TX,ASW,CE,Federal Contract Tower,0,17,12,11,40,0,0,23,0,23,0,17,35,11,63,6,138,144,207
01/17/2010,BRO,TX,ASW,CE,Federal Contract Tower,1,15,14,4,34,0,0,30,0,30,1,15,44,4,64,28,0,28,92
01/18/2010,BRO,TX,ASW,CE,Federal Contract Tower,0,18,16,6,40,0,0,15,0,15,0,18,31,6,55,0,0,0,55
01/19/2010,BRO,TX,ASW,CE,Federal Contract Tower,0,14,8,0,22,0,0,16,0,16,0,14,24,0,38,0,0,0,38
01/20/2010,BRO,TX,ASW,CE,Federal Contract Tower,0,15,23,6,44,0,1,11,0,12,0,16,34,6,56,52,66,118,174
01/21/2010,BRO,TX,ASW,CE,Federal Contract Tower,0,16,15,10,41,0,10,162,0,172,0,26,177,10,213,0,0,0,213
01/22/2010,BRO,TX,ASW,CE,Federal Contract Tower,1,15,15,20,51,0,0,28,0,28,1,15,43,20,79,4,196,200,279
01/23/2010,BRO,TX,ASW,CE,Federal Contract Tower,1,10,17,2,30,1,0,12,0,13,2,10,29,2,43,4,0,4,47
01/24/2010,BRO,TX,ASW,CE,Federal Contract Tower,0,15,24,10,49,0,0,22,0,22,0,15,46,10,71,0,0,0,71
01/25/2010,BRO,TX,ASW,CE,Federal Contract Tower,0,17,8,22,47,0,0,13,4,17,0,17,21,26,64,0,140,140,204
01/26/2010,BRO,TX,ASW,CE,Federal Contract Tower,2,15,10,12,39,0,0,14,0,14,2,15,24,12,53,4,40,44,97
01/27/2010,BRO,TX,ASW,CE,Federal Contract Tower,0,13,12,11,36,0,0,21,0,21,0,13,33,11,57,8,60,68,125
01/28/2010,BRO,TX,ASW,CE,Federal Contract Tower,0,25,18,30,73,0,0,4,0,4,0,25,22,30,77,0,202,202,279
01/29/2010,BRO,TX,ASW,CE,Federal Contract Tower,0,18,14,4,36,0,0,14,0,14,0,18,28,4,50,8,22,30,80
01/30/2010,BRO,TX,ASW,CE,Federal Contract Tower,0,13,10,4,27,0,0,0,0,0,0,13,10,4,27,44,62,106,133
01/31/2010,BRO,TX,ASW,CE,Federal Contract Tower,3,18,15,16,52,0,0,41,2,43,3,18,56,18,95,22,54,76,171
02/01/2010,BRO,TX,ASW,CE,Federal Contract Tower,0,15,9,0,24,0,0,6,0,6,0,15,15,0,30,0,0,0,30
02/02/2010,BRO,TX,ASW,CE,Federal Contract Tower,1,15,18,2,36,0,0,8,0,8,1,15,26,2,44,12,0,12,56
02/03/2010,BRO,TX,ASW,CE,Federal Contract Tower,0,18,13,0,31,0,0,1,0,1,0,18,14,0,32,0,0,0,32
02/04/2010,BRO,TX,ASW,CE,Federal Contract Tower,0,17,19,8,44,0,0,3,0,3,0,17,22,8,47,0,0,0,47
02/05/2010,BRO,TX,ASW,CE,Federal Contract Tower,0,19,16,5,40,0,0,15,2,17,0,19,31,7,57,4,40,44,101
02/06/2010,BRO,TX,ASW,CE,Federal Contract Tower,0,18,20,10,48,0,0,15,0,15,0,18,35,10,63,0,0,0,63
02/07/2010,BRO,TX,ASW,CE,Federal Contract Tower,0,15,21,5,41,0,0,14,0,14,0,15,35,5,55,0,60,60,115
02/08/2010,BRO,TX,ASW,CE,Federal Contract Tower,0,18,12,51,81,0,0,11,0,11,0,18,23,51,92,0,222,222,314
02/09/2010,BRO,TX,ASW,CE,Federal Contract Tower,0,15,10,8,33,0,0,8,3,11,0,15,18,11,44,0,64,64,108
02/10/2010,BRO,TX,ASW,CE,Federal Contract Tower,0,15,19,12,46,0,0,10,4,14,0,15,29,16,60,0,134,134,194
02/11/2010,BRO,TX,ASW,CE,Federal Contract Tower,0,13,11,2,26,0,0,0,0,0,0,13,11,2,26,0,0,0,26
02/12/2010,BRO,TX,ASW,CE,Federal Contract Tower,2,11,12,16,41,0,0,13,1,14,2,11,25,17,55,8,42,50,105
02/13/2010,BRO,TX,ASW,CE,Federal Contract Tower,0,15,16,10,41,0,0,13,0,13,0,15,29,10,54,4,0,4,58
02/14/2010,BRO,TX,ASW,CE,Federal Contract Tower,1,20,18,4,43,0,0,22,0,22,1,20,40,4,65,0,0,0,65
02/15/2010,BRO,TX,ASW,CE,Federal Contract Tower,1,14,27,18,60,1,0,7,0,8,2,14,34,18,68,0,70,70,138
02/16/2010,BRO,TX,ASW,CE,Federal Contract Tower,0,13,11,14,38,0,0,15,0,15,0,13,26,14,53,2,308,310,363
02/17/2010,BRO,TX,ASW,CE,Federal Contract Tower,2,17,17,17,53,0,0,24,0,24,2,17,41,17,77,18,126,144,221
02/18/2010,BRO,TX,ASW,CE,Federal Contract Tower,0,18,20,10,48,0,0,11,0,11,0,18,31,10,59,0,0,0,59
02/19/2010,BRO,TX,ASW,CE,Federal Contract Tower,0,18,19,7,44,0,0,0,0,0,0,18,19,7,44,0,0,0,44
02/20/2010,BRO,TX,ASW,CE,Federal Contract Tower,0,13,11,2,26,0,0,9,0,9,0,13,20,2,35,10,0,10,45
02/21/2010,BRO,TX,ASW,CE,Federal Contract Tower,0,15,7,2,24,0,0,5,0,5,0,15,12,2,29,0,0,0,29
02/22/2010,BRO,TX,ASW,CE,Federal Contract Tower,0,14,22,15,51,0,0,12,0,12,0,14,34,15,63,0,40,40,103
02/23/2010,BRO,TX,ASW,CE,Federal Contract Tower,0,10,15,8,33,0,0,4,0,4,0,10,19,8,37,0,0,0,37
02/24/2010,BRO,TX,ASW,CE,Federal Contract Tower,0,13,17,18,48,0,0,16,4,20,0,13,33,22,68,16,164,180,248
02/25/2010,BRO,TX,ASW,CE,Federal Contract Tower,0,20,16,15,51,0,0,15,0,15,0,20,31,15,66,34,11,45,111
02/26/2010,BRO,TX,ASW,CE,Federal Contract Tower,2,17,15,15,49,0,0,24,2,26,2,17,39,17,75,0,87,87,162
02/27/2010,BRO,TX,ASW,CE,Federal Contract Tower,2,12,6,8,28,0,0,29,1,30,2,12,35,9,58,36,138,174,232
02/28/2010,BRO,TX,ASW,CE,Federal Contract Tower,0,17,12,4,33,0,1,30,0,31,0,18,42,4,64,0,0,0,64
03/01/2010,BRO,TX,ASW,CE,Federal Contract Tower,0,16,14,18,48,0,0,8,2,10,0,16,22,20,58,26,242,268,326
03/02/2010,BRO,TX,ASW,CE,Federal Contract Tower,0,15,10,29,54,0,0,11,1,12,0,15,21,30,66,0,72,72,138
03/03/2010,BRO,TX,ASW,CE,Federal Contract Tower,0,14,20,15,49,0,0,22,0,22,0,14,42,15,71,84,0,84,155
03/04/2010,BRO,TX,ASW,CE,Federal Contract Tower,2,14,27,14,57,0,0,31,5,36,2,14,58,19,93,0,130,130,223
03/05/2010,BRO,TX,ASW,CE,Federal Contract Tower,0,14,24,8,46,0,1,9,2,12,0,15,33,10,58,4,4,8,66
03/06/2010,BRO,TX,ASW,CE,Federal Contract Tower,0,11,21,6,38,0,0,18,0,18,0,11,39,6,56,56,38,94,150
03/07/2010,BRO,TX,ASW,CE,Federal Contract Tower,4,15,26,16,61,0,0,1,0,1,4,15,27,16,62,0,0,0,62
03/08/2010,BRO,TX,ASW,CE,Federal Contract Tower,0,14,16,23,53,0,0,7,1,8,0,14,23,24,61,0,0,0,61
03/09/2010,BRO,TX,ASW,CE,Federal Contract Tower,0,16,20,8,44,0,0,20,1,21,0,16,40,9,65,44,80,124,189
03/10/2010,BRO,TX,ASW,CE,Federal Contract Tower,1,12,16,21,50,0,0,21,3,24,1,12,37,24,74,36,2,38,112
03/11/2010,BRO,TX,ASW,CE,Federal Contract Tower,0,20,19,14,53,0,0,22,1,23,0,20,41,15,76,0,10,10,86
03/12/2010,BRO,TX,ASW,CE,Federal Contract Tower,0,19,21,7,47,0,0,0,0,0,0,19,21,7,47,50,63,113,160
03/13/2010,BRO,TX,ASW,CE,Federal Contract Tower,0,0,14,6,20,0,0,26,2,28,0,0,40,8,48,10,0,10,58
03/14/2010,BRO,TX,ASW,CE,Federal Contract Tower,0,16,11,1,28,0,0,43,0,43,0,16,54,1,71,0,0,0,71
03/15/2010,BRO,TX,ASW,CE,Federal Contract Tower,0,30,13,16,59,0,1,26,0,27,0,31,39,16,86,10,90,100,186
03/16/2010,BRO,TX,ASW,CE,Federal Contract Tower,0,16,19,14,49,0,0,1,0,1,0,16,20,14,50,26,0,26,76
03/17/2010,BRO,TX,ASW,CE,Federal Contract Tower,2,16,18,14,50,0,0,39,1,40,2,16,57,15,90,68,0,68,158
03/18/2010,BRO,TX,ASW,CE,Federal Contract Tower,1,15,8,12,36,0,2,27,0,29,1,17,35,12,65,0,122,122,187
03/19/2010,BRO,TX,ASW,CE,Federal Contract Tower,0,15,23,9,47,0,0,21,3,24,0,15,44,12,71,0,62,62,133
03/20/2010,BRO,TX,ASW,CE,Federal Contract Tower,0,16,14,2,32,0,0,10,0,10,0,16,24,2,42,0,0,0,42
03/21/2010,BRO,TX,ASW,CE,Federal Contract Tower,0,16,13,16,45,0,0,17,0,17,0,16,30,16,62,0,0,0,62
03/22/2010,BRO,TX,ASW,CE,Federal Contract Tower,1,22,13,14,50,0,0,34,5,39,1,22,47,19,89,44,0,44,133
03/23/2010,BRO,TX,ASW,CE,Federal Contract Tower,2,20,21,14,57,0,0,17,6,23,2,20,38,20,80,0,0,0,80
03/24/2010,BRO,TX,ASW,CE,Federal Contract Tower,0,15,35,28,78,0,0,13,2,15,0,15,48,30,93,0,86,86,179
03/25/2010,BRO,TX,ASW,CE,Federal Contract Tower,0,20,20,47,87,0,0,7,0,7,0,20,27,47,94,0,24,24,118
03/26/2010,BRO,TX,ASW,CE,Federal Contract Tower,0,16,48,2,66,0,0,40,0,40,0,16,88,2,106,4,0,4,110
03/27/2010,BRO,TX,ASW,CE,Federal Contract Tower,0,19,14,4,37,0,0,25,0,25,0,19,39,4,62,0,4,4,66
03/28/2010,BRO,TX,ASW,CE,Federal Contract Tower,0,22,19,1,42,0,0,12,1,13,0,22,31,2,55,46,0,46,101
03/29/2010,BRO,TX,ASW,CE,Federal Contract Tower,2,26,11,36,75,0,0,24,0,24,2,26,35,36,99,64,58,122,221
03/30/2010,BRO,TX,ASW,CE,Federal Contract Tower,0,15,19,26,60,0,0,14,0,14,0,15,33,26,74,0,0,0,74
03/31/2010,BRO,TX,ASW,CE,Federal Contract Tower,0,21,20,20,61,0,0,18,4,22,0,21,38,24,83,0,98,98,181
04/01/2010,BRO,TX,ASW,CE,Federal Contract Tower,0,15,26,10,51,0,0,20,3,23,0,15,46,13,74,0,74,74,148
04/02/2010,BRO,TX,ASW,CE,Federal Contract Tower,0,16,9,6,31,0,0,28,0,28,0,16,37,6,59,0,22,22,81
04/03/2010,BRO,TX,ASW,CE,Federal Contract Tower,0,18,20,0,38,0,0,15,0,15,0,18,35,0,53,16,0,16,69
04/04/2010,BRO,TX,ASW,CE,Federal Contract Tower,0,24,31,0,55,0,1,18,3,22,0,25,49,3,77,2,0,2,79
04/05/2010,BRO,TX,ASW,CE,Federal Contract Tower,0,28,31,22,81,0,0,18,0,18,0,28,49,22,99,0,66,66,165
04/06/2010,BRO,TX,ASW,CE,Federal Contract Tower,0,25,32,16,73,0,0,17,0,17,0,25,49,16,90,0,0,0,90
04/07/2010,BRO,TX,ASW,CE,Federal Contract Tower,0,25,18,12,55,0,0,9,0,9,0,25,27,12,64,0,0,0,64
04/08/2010,BRO,TX,ASW,CE,Federal Contract Tower,0,24,24,19,67,0,0,14,1,15,0,24,38,20,82,0,80,80,162
04/09/2010,BRO,TX,ASW,CE,Federal Contract Tower,2,24,20,12,58,0,0,17,6,23,2,24,37,18,81,10,0,10,91
04/10/2010,BRO,TX,ASW,CE,Federal Contract Tower,0,22,24,2,48,0,0,11,14,25,0,22,35,16,73,12,0,12,85
04/11/2010,BRO,TX,ASW,CE,Federal Contract Tower,0,27,20,10,57,0,0,0,0,0,0,27,20,10,57,0,0,0,57
04/12/2010,BRO,TX,ASW,CE,Federal Contract Tower,0,16,11,2,29,0,0,0,0,0,0,16,11,2,29,0,0,0,29
04/13/2010,BRO,TX,ASW,CE,Federal Contract Tower,0,12,21,4,37,0,0,2,0,2,0,12,23,4,39,0,0,0,39
04/14/2010,BRO,TX,ASW,CE,Federal Contract Tower,3,11,21,6,41,0,0,8,0,8,3,11,29,6,49,6,0,6,55
04/15/2010,BRO,TX,ASW,CE,Federal Contract Tower,0,14,18,24,56,0,0,10,4,14,0,14,28,28,70,20,0,20,90
04/16/2010,BRO,TX,ASW,CE,Federal Contract Tower,0,15,19,4,38,0,0,5,0,5,0,15,24,4,43,6,24,30,73
04/17/2010,BRO,TX,ASW,CE,Federal Contract Tower,0,12,10,0,22,0,0,0,0,0,0,12,10,0,22,0,0,0,22
04/18/2010,BRO,TX,ASW,CE,Federal Contract Tower,0,17,22,0,39,0,0,16,0,16,0,17,38,0,55,0,0,0,55
04/19/2010,BRO,TX,ASW,CE,Federal Contract Tower,0,13,24,44,81,0,0,9,0,9,0,13,33,44,90,2,126,128,218
04/20/2010,BRO,TX,ASW,CE,Federal Contract Tower,3,12,15,22,52,1,0,6,0,7,4,12,21,22,59,0,98,98,157
04/21/2010,BRO,TX,ASW,CE,Federal Contract Tower,1,15,26,10,52,0,0,9,0,9,1,15,35,10,61,0,0,0,61
04/22/2010,BRO,TX,ASW,CE,Federal Contract Tower,0,14,26,24,64,0,0,6,2,8,0,14,32,26,72,62,0,62,134
04/23/2010,BRO,TX,ASW,CE,Federal Contract Tower,0,12,26,8,46,0,0,0,0,0,0,12,26,8,46,0,0,0,46
04/24/2010,BRO,TX,ASW,CE,Federal Contract Tower,0,13,13,4,30,0,0,24,0,24,0,13,37,4,54,0,8,8,62
04/25/2010,BRO,TX,ASW,CE,Federal Contract Tower,0,13,17,28,58,0,0,20,0,20,0,13,37,28,78,0,0,0,78
04/26/2010,BRO,TX,ASW,CE,Federal Contract Tower,2,18,9,6,35,0,0,13,0,13,2,18,22,6,48,0,82,82,130
04/27/2010,BRO,TX,ASW,CE,Federal Contract Tower,0,15,5,15,35,0,0,20,0,20,0,15,25,15,55,0,0,0,55
04/28/2010,BRO,TX,ASW,CE,Federal Contract Tower,0,14,10,9,33,0,0,22,3,25,0,14,32,12,58,10,90,100,158
04/29/2010,BRO,TX,ASW,CE,Federal Contract Tower,0,24,16,6,46,0,1,26,0,27,0,25,42,6,73,0,0,0,73
04/30/2010,BRO,TX,ASW,CE,Federal Contract Tower,0,14,39,6,59,0,1,11,0,12,0,15,50,6,71,0,0,0,71
05/01/2010,BRO,TX,ASW,CE,Federal Contract Tower,0,19,24,4,47,0,0,18,0,18,0,19,42,4,65,180,0,180,245
05/02/2010,BRO,TX,ASW,CE,Federal Contract Tower,0,20,13,4,37,0,1,24,0,25,0,21,37,4,62,0,0,0,62
05/03/2010,BRO,TX,ASW,CE,Federal Contract Tower,0,19,15,36,70,0,0,11,0,11,0,19,26,36,81,0,24,24,105
05/04/2010,BRO,TX,ASW,CE,Federal Contract Tower,0,19,16,26,61,0,0,19,2,21,0,19,35,28,82,0,60,60,142
05/05/2010,BRO,TX,ASW,CE,Federal Contract Tower,0,18,25,16,59,0,0,20,0,20,0,18,45,16,79,0,0,0,79
05/06/2010,BRO,TX,ASW,CE,Federal Contract Tower,0,20,16,20,56,0,0,13,4,17,0,20,29,24,73,0,0,0,73
05/07/2010,BRO,TX,ASW,CE,Federal Contract Tower,0,14,32,20,66,0,0,15,1,16,0,14,47,21,82,0,36,36,118
05/08/2010,BRO,TX,ASW,CE,Federal Contract Tower,0,11,13,4,28,0,0,14,0,14,0,11,27,4,42,0,0,0,42
05/09/2010,BRO,TX,ASW,CE,Federal Contract Tower,0,15,8,8,31,0,0,9,0,9,0,15,17,8,40,0,0,0,40
05/10/2010,BRO,TX,ASW,CE,Federal Contract Tower,0,15,12,22,49,0,0,6,0,6,0,15,18,22,55,0,4,4,59
05/11/2010,BRO,TX,ASW,CE,Federal Contract Tower,0,14,12,6,32,0,0,12,2,14,0,14,24,8,46,0,0,0,46
05/12/2010,BRO,TX,ASW,CE,Federal Contract Tower,0,12,13,15,40,0,0,6,0,6,0,12,19,15,46,2,38,40,86
05/13/2010,BRO,TX,ASW,CE,Federal Contract Tower,0,20,18,18,56,0,0,7,2,9,0,20,25,20,65,0,56,56,121
05/14/2010,BRO,TX,ASW,CE,Federal Contract Tower,0,15,20,14,49,0,0,12,0,12,0,15,32,14,61,36,104,140,201
05/15/2010,BRO,TX,ASW,CE,Federal Contract Tower,0,13,13,0,26,0,0,17,0,17,0,13,30,0,43,8,0,8,51
05/16/2010,BRO,TX,ASW,CE,Federal Contract Tower,1,13,13,12,39,0,0,8,0,8,1,13,21,12,47,16,0,16,63
05/17/2010,BRO,TX,ASW,CE,Federal Contract Tower,2,13,15,20,50,0,0,20,4,24,2,13,35,24,74,28,10,38,112
05/18/2010,BRO,TX,ASW,CE,Federal Contract Tower,0,12,13,2,27,0,0,11,0,11,0,12,24,2,38,0,0,0,38
05/19/2010,BRO,TX,ASW,CE,Federal Contract Tower,0,11,15,10,36,0,0,15,0,15,0,11,30,10,51,0,0,0,51
05/20/2010,BRO,TX,ASW,CE,Federal Contract Tower,0,11,17,14,42,0,0,13,2,15,0,11,30,16,57,0,60,60,117
05/21/2010,BRO,TX,ASW,CE,Federal Contract Tower,4,16,16,2,38,0,0,19,0,19,4,16,35,2,57,22,0,22,79
05/22/2010,BRO,TX,ASW,CE,Federal Contract Tower,1,12,10,0,23,0,0,0,0,0,1,12,10,0,23,0,0,0,23
05/23/2010,BRO,TX,ASW,CE,Federal Contract Tower,0,12,14,0,26,0,0,13,0,13,0,12,27,0,39,10,0,10,49
05/24/2010,BRO,TX,ASW,CE,Federal Contract Tower,0,15,12,12,39,0,0,12,0,12,0,15,24,12,51,2,2,4,55
05/25/2010,BRO,TX,ASW,CE,Federal Contract Tower,0,13,19,0,32,0,0,10,0,10,0,13,29,0,42,0,0,0,42
05/26/2010,BRO,TX,ASW,CE,Federal Contract Tower,0,17,16,8,41,0,0,11,0,11,0,17,27,8,52,0,0,0,52
05/27/2010,BRO,TX,ASW,CE,Federal Contract Tower,0,22,13,14,49,0,0,15,0,15,0,22,28,14,64,0,0,0,64
05/28/2010,BRO,TX,ASW,CE,Federal Contract Tower,2,16,19,8,45,0,0,22,1,23,2,16,41,9,68,0,0,0,68
05/29/2010,BRO,TX,ASW,CE,Federal Contract Tower,0,10,11,0,21,0,0,21,0,21,0,10,32,0,42,10,0,10,52
05/30/2010,BRO,TX,ASW,CE,Federal Contract Tower,0,18,9,2,29,0,0,29,0,29,0,18,38,2,58,20,0,20,78
05/31/2010,BRO,TX,ASW,CE,Federal Contract Tower,3,15,12,6,36,1,0,26,0,27,4,15,38,6,63,8,0,8,71
06/01/2010,BRO,TX,ASW,CE,Federal Contract Tower,0,13,19,0,32,0,0,8,0,8,0,13,27,0,40,0,0,0,40
06/02/2010,BRO,TX,ASW,CE,Federal Contract Tower,0,18,17,24,59,0,0,14,4,18,0,18,31,28,77,0,78,78,155
06/03/2010,BRO,TX,ASW,CE,Federal Contract Tower,0,18,6,12,36,0,0,9,0,9,0,18,15,12,45,0,0,0,45
06/04/2010,BRO,TX,ASW,CE,Federal Contract Tower,0,14,23,0,37,0,0,13,0,13,0,14,36,0,50,0,0,0,50
06/05/2010,BRO,TX,ASW,CE,Federal Contract Tower,0,13,10,16,39,0,0,5,0,5,0,13,15,16,44,0,0,0,44
06/06/2010,BRO,TX,ASW,CE,Federal Contract Tower,0,13,10,20,43,0,0,28,0,28,0,13,38,20,71,10,0,10,81
06/07/2010,BRO,TX,ASW,CE,Federal Contract Tower,0,13,20,4,37,0,0,15,4,19,0,13,35,8,56,8,0,8,64
06/08/2010,BRO,TX,ASW,CE,Federal Contract Tower,2,16,18,20,56,0,0,15,0,15,2,16,33,20,71,16,6,22,93
06/09/2010,BRO,TX,ASW,CE,Federal Contract Tower,0,16,30,15,61,0,0,12,2,14,0,16,42,17,75,0,0,0,75
06/10/2010,BRO,TX,ASW,CE,Federal Contract Tower,0,21,25,8,54,0,0,9,1,10,0,21,34,9,64,0,54,54,118
06/11/2010,BRO,TX,ASW,CE,Federal Contract Tower,2,17,32,4,55,0,0,14,0,14,2,17,46,4,69,6,20,26,95
06/12/2010,BRO,TX,ASW,CE,Federal Contract Tower,0,14,22,6,42,0,0,19,0,19,0,14,41,6,61,8,0,8,69
06/13/2010,BRO,TX,ASW,CE,Federal Contract Tower,0,21,20,0,41,0,0,25,0,25,0,21,45,0,66,0,0,0,66
06/14/2010,BRO,TX,ASW,CE,Federal Contract Tower,3,18,20,16,57,0,0,12,6,18,3,18,32,22,75,2,36,38,113
06/15/2010,BRO,TX,ASW,CE,Federal Contract Tower,4,15,13,28,60,1,0,21,6,28,5,15,34,34,88,0,20,20,108
06/16/2010,BRO,TX,ASW,CE,Federal Contract Tower,0,18,24,3,45,0,0,11,8,19,0,18,35,11,64,10,106,116,180
06/17/2010,BRO,TX,ASW,CE,Federal Contract Tower,0,17,14,26,57,0,0,6,4,10,0,17,20,30,67,0,15,15,82
06/18/2010,BRO,TX,ASW,CE,Federal Contract Tower,0,14,14,4,32,0,2,23,4,29,0,16,37,8,61,10,106,116,177
06/19/2010,BRO,TX,ASW,CE,Federal Contract Tower,0,13,18,10,41,0,0,15,0,15,0,13,33,10,56,8,60,68,124
06/20/2010,BRO,TX,ASW,CE,Federal Contract Tower,0,19,21,8,48,0,1,18,1,20,0,20,39,9,68,0,14,14,82
06/21/2010,BRO,TX,ASW,CE,Federal Contract Tower,0,21,31,8,60,0,0,8,0,8,0,21,39,8,68,8,4,12,80
06/22/2010,BRO,TX,ASW,CE,Federal Contract Tower,1,25,23,22,71,0,0,21,2,23,1,25,44,24,94,0,74,74,168
06/23/2010,BRO,TX,ASW,CE,Federal Contract Tower,0,13,14,20,47,0,0,17,0,17,0,13,31,20,64,2,80,82,146
06/24/2010,BRO,TX,ASW,CE,Federal Contract Tower,2,22,32,36,92,0,0,19,3,22,2,22,51,39,114,2,88,90,204
06/25/2010,BRO,TX,ASW,CE,Federal Contract Tower,0,23,34,7,64,0,0,31,1,32,0,23,65,8,96,10,6,16,112
06/26/2010,BRO,TX,ASW,CE,Federal Contract Tower,0,16,18,8,42,0,1,25,0,26,0,17,43,8,68,6,6,12,80
06/27/2010,BRO,TX,ASW,CE,Federal Contract Tower,4,18,28,0,50,0,0,25,0,25,4,18,53,0,75,0,0,0,75
06/28/2010,BRO,TX,ASW,CE,Federal Contract Tower,2,12,23,24,61,0,0,13,0,13,2,12,36,24,74,12,96,108,182
06/29/2010,BRO,TX,ASW,CE,Federal Contract Tower,4,22,24,0,50,1,0,20,4,25,5,22,44,4,75,0,0,0,75
06/30/2010,BRO,TX,ASW,CE,Federal Contract Tower,0,2,0,0,2,0,0,0,0,0,0,2,0,0,2,0,0,0,2
07/01/2010,BRO,TX,ASW,CE,Federal Contract Tower,0,12,0,0,12,0,0,5,5,10,0,12,5,5,22,0,0,0,22
07/02/2010,BRO,TX,ASW,CE,Federal Contract Tower,2,14,15,4,35,0,0,7,0,7,2,14,22,4,42,0,0,0,42
07/03/2010,BRO,TX,ASW,CE,Federal Contract Tower,1,17,6,0,24,0,1,31,0,32,1,18,37,0,56,0,0,0,56
07/04/2010,BRO,TX,ASW,CE,Federal Contract Tower,0,11,15,4,30,0,0,18,2,20,0,11,33,6,50,0,6,6,56
07/05/2010,BRO,TX,ASW,CE,Federal Contract Tower,1,14,22,2,39,0,0,13,0,13,1,14,35,2,52,0,2,2,54
07/06/2010,BRO,TX,ASW,CE,Federal Contract Tower,0,13,26,4,43,0,0,11,0,11,0,13,37,4,54,64,4,68,122
07/07/2010,BRO,TX,ASW,CE,Federal Contract Tower,2,20,34,14,70,0,0,16,0,16,2,20,50,14,86,50,2,52,138
07/08/2010,BRO,TX,ASW,CE,Federal Contract Tower,2,18,8,4,32,0,0,0,0,0,2,18,8,4,32,0,2,2,34
07/09/2010,BRO,TX,ASW,CE,Federal Contract Tower,0,22,36,8,66,0,0,6,0,6,0,22,42,8,72,0,0,0,72
07/10/2010,BRO,TX,ASW,CE,Federal Contract Tower,0,19,18,24,61,0,1,23,0,24,0,20,41,24,85,4,0,4,89
07/11/2010,BRO,TX,ASW,CE,Federal Contract Tower,1,14,23,8,46,0,0,17,0,17,1,14,40,8,63,12,4,16,79
07/12/2010,BRO,TX,ASW,CE,Federal Contract Tower,3,15,31,32,81,0,0,22,9,31,3,15,53,41,112,16,70,86,198
07/13/2010,BRO,TX,ASW,CE,Federal Contract Tower,1,12,22,38,73,0,0,21,6,27,1,12,43,44,100,6,134,140,240
07/14/2010,BRO,TX,ASW,CE,Federal Contract Tower,0,17,18,10,45,0,0,21,0,21,0,17,39,10,66,14,2,16,82
07/15/2010,BRO,TX,ASW,CE,Federal Contract Tower,0,34,23,19,76,0,0,25,2,27,0,34,48,21,103,2,50,52,155
07/16/2010,BRO,TX,ASW,CE,Federal Contract Tower,0,26,49,10,85,0,2,21,6,29,0,28,70,16,114,64,2,66,180
07/17/2010,BRO,TX,ASW,CE,Federal Contract Tower,0,20,13,8,41,0,0,22,0,22,0,20,35,8,63,12,0,12,75
07/18/2010,BRO,TX,ASW,CE,Federal Contract Tower,0,15,42,4,61,0,0,19,0,19,0,15,61,4,80,0,2,2,82
07/19/2010,BRO,TX,ASW,CE,Federal Contract Tower,1,13,41,22,77,1,0,30,0,31,2,13,71,22,108,2,62,64,172
07/20/2010,BRO,TX,ASW,CE,Federal Contract Tower,2,14,25,22,63,0,0,24,4,28,2,14,49,26,91,0,10,10,101
07/21/2010,BRO,TX,ASW,CE,Federal Contract Tower,0,21,18,10,49,0,0,21,2,23,0,21,39,12,72,0,0,0,72
07/22/2010,BRO,TX,ASW,CE,Federal Contract Tower,0,28,25,12,65,0,0,19,0,19,0,28,44,12,84,32,2,34,118
07/23/2010,BRO,TX,ASW,CE,Federal Contract Tower,0,25,28,0,53,0,0,6,0,6,0,25,34,0,59,0,0,0,59
07/24/2010,BRO,TX,ASW,CE,Federal Contract Tower,0,19,25,4,48,0,0,23,0,23,0,19,48,4,71,0,0,0,71
07/25/2010,BRO,TX,ASW,CE,Federal Contract Tower,0,15,32,29,76,0,0,37,3,40,0,15,69,32,116,0,12,12,128
07/26/2010,BRO,TX,ASW,CE,Federal Contract Tower,1,16,38,2,57,0,0,27,0,27,1,16,65,2,84,2,2,4,88
07/27/2010,BRO,TX,ASW,CE,Federal Contract Tower,2,16,15,28,61,1,0,9,0,10,3,16,24,28,71,0,18,18,89
07/28/2010,BRO,TX,ASW,CE,Federal Contract Tower,0,21,21,16,58,0,1,11,0,12,0,22,32,16,70,0,0,0,70
07/29/2010,BRO,TX,ASW,CE,Federal Contract Tower,2,34,44,16,96,0,0,35,0,35,2,34,79,16,131,4,66,70,201
07/30/2010,BRO,TX,ASW,CE,Federal Contract Tower,0,20,36,10,66,0,0,31,0,31,0,20,67,10,97,0,0,0,97
07/31/2010,BRO,TX,ASW,CE,Federal Contract Tower,0,21,26,4,51,1,0,24,0,25,1,21,50,4,76,10,0,10,86
08/01/2010,BRO,TX,ASW,CE,Federal Contract Tower,2,16,56,2,76,0,0,37,0,37,2,16,93,2,113,6,2,8,121
08/02/2010,BRO,TX,ASW,CE,Federal Contract Tower,2,13,41,18,74,0,0,17,0,17,2,13,58,18,91,0,16,16,107
08/03/2010,BRO,TX,ASW,CE,Federal Contract Tower,3,15,17,16,51,0,0,31,0,31,3,15,48,16,82,8,94,102,184
08/04/2010,BRO,TX,ASW,CE,Federal Contract Tower,1,25,30,2,58,0,1,22,0,23,1,26,52,2,81,10,2,12,93
08/05/2010,BRO,TX,ASW,CE,Federal Contract Tower,0,21,37,36,94,0,1,22,3,26,0,22,59,39,120,18,56,74,194
08/06/2010,BRO,TX,ASW,CE,Federal Contract Tower,4,28,20,22,74,0,1,23,0,24,4,29,43,22,98,4,16,20,118
08/07/2010,BRO,TX,ASW,CE,Federal Contract Tower,0,18,18,0,36,0,1,29,0,30,0,19,47,0,66,0,0,0,66
08/08/2010,BRO,TX,ASW,CE,Federal Contract Tower,3,13,39,4,59,0,0,37,4,41,3,13,76,8,100,16,2,18,118
08/09/2010,BRO,TX,ASW,CE,Federal Contract Tower,0,14,31,20,65,0,0,21,8,29,0,14,52,28,94,20,22,42,136
08/10/2010,BRO,TX,ASW,CE,Federal Contract Tower,0,16,29,14,59,0,0,23,5,28,0,16,52,19,87,8,34,42,129
08/11/2010,BRO,TX,ASW,CE,Federal Contract Tower,0,15,34,14,63,0,0,17,6,23,0,15,51,20,86,0,70,70,156
08/12/2010,BRO,TX,ASW,CE,Federal Contract Tower,1,21,14,16,52,0,0,17,7,24,1,21,31,23,76,0,62,62,138
08/13/2010,BRO,TX,ASW,CE,Federal Contract Tower,3,24,24,16,67,0,0,29,2,31,3,24,53,18,98,2,30,32,130
08/14/2010,BRO,TX,ASW,CE,Federal Contract Tower,0,15,20,0,35,0,0,18,0,18,0,15,38,0,53,18,0,18,71
08/15/2010,BRO,TX,ASW,CE,Federal Contract Tower,2,17,24,4,47,0,0,13,5,18,2,17,37,9,65,44,42,86,151
08/16/2010,BRO,TX,ASW,CE,Federal Contract Tower,3,12,20,45,80,0,0,15,6,21,3,12,35,51,101,2,50,52,153
08/17/2010,BRO,TX,ASW,CE,Federal Contract Tower,0,12,25,15,52,0,0,12,13,25,0,12,37,28,77,8,54,62,139
08/18/2010,BRO,TX,ASW,CE,Federal Contract Tower,0,13,18,16,47,0,0,12,12,24,0,13,30,28,71,10,2,12,83
08/19/2010,BRO,TX,ASW,CE,Federal Contract Tower,2,25,19,16,62,0,0,9,6,15,2,25,28,22,77,20,4,24,101
08/20/2010,BRO,TX,ASW,CE,Federal Contract Tower,0,28,16,4,48,0,0,25,4,29,0,28,41,8,77,8,0,8,85
08/21/2010,BRO,TX,ASW,CE,Federal Contract Tower,0,21,9,1,31,0,0,13,0,13,0,21,22,1,44,4,0,4,48
08/22/2010,BRO,TX,ASW,CE,Federal Contract Tower,0,13,21,2,36,0,0,22,0,22,0,13,43,2,58,0,2,2,60
08/23/2010,BRO,TX,ASW,CE,Federal Contract Tower,2,12,19,7,40,0,0,13,3,16,2,12,32,10,56,0,6,6,62
08/24/2010,BRO,TX,ASW,CE,Federal Contract Tower,4,15,21,15,55,0,0,19,1,20,4,15,40,16,75,30,8,38,113
08/25/2010,BRO,TX,ASW,CE,Federal Contract Tower,6,19,21,4,50,0,0,6,0,6,6,19,27,4,56,0,2,2,58
08/26/2010,BRO,TX,ASW,CE,Federal Contract Tower,3,26,19,8,56,0,0,17,1,18,3,26,36,9,74,6,98,104,178
08/27/2010,BRO,TX,ASW,CE,Federal Contract Tower,1,14,24,24,63,1,0,22,0,23,2,14,46,24,86,16,0,16,102
08/28/2010,BRO,TX,ASW,CE,Federal Contract Tower,3,12,6,0,21,0,0,13,0,13,3,12,19,0,34,12,0,12,46
08/29/2010,BRO,TX,ASW,CE,Federal Contract Tower,0,15,24,4,43,0,0,15,0,15,0,15,39,4,58,12,4,16,74
08/30/2010,BRO,TX,ASW,CE,Federal Contract Tower,5,13,25,26,69,0,0,10,0,10,5,13,35,26,79,10,18,28,107
08/31/2010,BRO,TX,ASW,CE,Federal Contract Tower,1,13,8,58,80,0,0,8,0,8,1,13,16,58,88,18,128,146,234
09/01/2010,BRO,TX,ASW,CE,Federal Contract Tower,0,14,20,12,46,0,0,32,0,32,0,14,52,12,78,6,6,12,90
09/02/2010,BRO,TX,ASW,CE,Federal Contract Tower,1,24,20,38,83,0,0,20,0,20,1,24,40,38,103,16,26,42,145
09/03/2010,BRO,TX,ASW,CE,Federal Contract Tower,4,17,21,8,50,0,0,0,0,0,4,17,21,8,50,24,0,24,74
09/04/2010,BRO,TX,ASW,CE,Federal Contract Tower,2,17,8,0,27,1,1,12,0,14,3,18,20,0,41,14,0,14,55
09/05/2010,BRO,TX,ASW,CE,Federal Contract Tower,6,12,14,0,32,0,0,20,0,20,6,12,34,0,52,48,0,48,100
09/06/2010,BRO,TX,ASW,CE,Federal Contract Tower,2,14,24,0,40,0,0,5,3,8,2,14,29,3,48,0,0,0,48
09/07/2010,BRO,TX,ASW,CE,Federal Contract Tower,1,6,5,16,28,0,0,11,2,13,1,6,16,18,41,24,2,26,67
09/08/2010,BRO,TX,ASW,CE,Federal Contract Tower,0,14,9,16,39,0,0,11,4,15,0,14,20,20,54,0,94,94,148
09/09/2010,BRO,TX,ASW,CE,Federal Contract Tower,2,24,14,12,52,0,1,20,2,23,2,25,34,14,75,2,2,4,79
09/10/2010,BRO,TX,ASW,CE,Federal Contract Tower,2,13,8,8,31,0,0,0,0,0,2,13,8,8,31,0,20,20,51
09/11/2010,BRO,TX,ASW,CE,Federal Contract Tower,2,13,19,6,40,0,0,11,0,11,2,13,30,6,51,2,6,8,59
09/12/2010,BRO,TX,ASW,CE,Federal Contract Tower,1,13,16,10,40,0,0,24,0,24,1,13,40,10,64,14,8,22,86
09/13/2010,BRO,TX,ASW,CE,Federal Contract Tower,2,13,21,18,54,0,0,18,8,26,2,13,39,26,80,10,28,38,118
09/14/2010,BRO,TX,ASW,CE,Federal Contract Tower,3,14,14,20,51,0,0,20,5,25,3,14,34,25,76,28,176,204,280
09/15/2010,BRO,TX,ASW,CE,Federal Contract Tower,3,22,49,8,82,0,0,42,2,44,3,22,91,10,126,14,52,66,192
09/16/2010,BRO,TX,ASW,CE,Federal Contract Tower,1,14,37,14,66,0,0,32,2,34,1,14,69,16,100,2,4,6,106
09/17/2010,BRO,TX,ASW,CE,Federal Contract Tower,3,17,14,0,34,0,0,7,0,7,3,17,21,0,41,50,0,50,91
09/18/2010,BRO,TX,ASW,CE,Federal Contract Tower,0,12,6,0,18,0,0,0,0,0,0,12,6,0,18,0,0,0,18
09/19/2010,BRO,TX,ASW,CE,Federal Contract Tower,0,14,51,0,65,0,0,18,0,18,0,14,69,0,83,0,0,0,83
09/20/2010,BRO,TX,ASW,CE,Federal Contract Tower,2,13,27,0,42,0,0,9,0,9,2,13,36,0,51,0,0,0,51
09/21/2010,BRO,TX,ASW,CE,Federal Contract Tower,3,14,10,2,29,0,0,6,0,6,3,14,16,2,35,0,2,2,37
09/22/2010,BRO,TX,ASW,CE,Federal Contract Tower,2,12,17,6,37,0,0,5,0,5,2,12,22,6,42,0,4,4,46
09/23/2010,BRO,TX,ASW,CE,Federal Contract Tower,1,12,20,26,59,0,0,14,1,15,1,12,34,27,74,12,94,106,180
09/24/2010,BRO,TX,ASW,CE,Federal Contract Tower,1,19,14,6,40,0,0,8,0,8,1,19,22,6,48,8,0,8,56
09/25/2010,BRO,TX,ASW,CE,Federal Contract Tower,2,11,7,6,26,0,0,14,0,14,2,11,21,6,40,12,6,18,58
09/26/2010,BRO,TX,ASW,CE,Federal Contract Tower,2,11,4,0,17,0,0,5,0,5,2,11,9,0,22,0,0,0,22
09/27/2010,BRO,TX,ASW,CE,Federal Contract Tower,3,14,10,8,35,0,0,15,0,15,3,14,25,8,50,10,48,58,108
09/28/2010,BRO,TX,ASW,CE,Federal Contract Tower,9,14,8,16,47,0,0,20,0,20,9,14,28,16,67,36,26,62,129
09/29/2010,BRO,TX,ASW,CE,Federal Contract Tower,3,15,12,14,44,0,0,26,0,26,3,15,38,14,70,20,6,26,96
09/30/2010,BRO,TX,ASW,CE,Federal Contract Tower,3,16,7,20,46,0,0,25,0,25,3,16,32,20,71,8,2,10,81
10/01/2010,BRO,TX,ASW,CE,Federal Contract Tower,1,17,27,10,55,0,0,15,0,15,1,17,42,10,70,0,0,0,70
10/02/2010,BRO,TX,ASW,CE,Federal Contract Tower,0,12,6,6,24,0,0,23,0,23,0,12,29,6,47,18,6,24,71
10/03/2010,BRO,TX,ASW,CE,Federal Contract Tower,0,13,26,14,53,0,0,24,0,24,0,13,50,14,77,0,14,14,91
10/04/2010,BRO,TX,ASW,CE,Federal Contract Tower,2,15,33,18,68,1,0,18,0,19,3,15,51,18,87,0,2,2,89
10/05/2010,BRO,TX,ASW,CE,Federal Contract Tower,0,11,10,8,29,0,0,21,0,21,0,11,31,8,50,4,0,4,54
10/06/2010,BRO,TX,ASW,CE,Federal Contract Tower,3,14,27,0,44,0,1,17,0,18,3,15,44,0,62,38,0,38,100
10/07/2010,BRO,TX,ASW,CE,Federal Contract Tower,11,13,15,12,51,0,7,13,0,20,11,20,28,12,71,0,0,0,71
10/08/2010,BRO,TX,ASW,CE,Federal Contract Tower,5,14,21,6,46,0,0,20,0,20,5,14,41,6,66,4,0,4,70
10/09/2010,BRO,TX,ASW,CE,Federal Contract Tower,1,18,12,0,31,0,0,20,0,20,1,18,32,0,51,0,0,0,51
10/10/2010,BRO,TX,ASW,CE,Federal Contract Tower,1,13,18,0,32,0,0,25,0,25,1,13,43,0,57,10,0,10,67
10/11/2010,BRO,TX,ASW,CE,Federal Contract Tower,2,15,12,3,32,0,0,13,0,13,2,15,25,3,45,6,12,18,63
10/12/2010,BRO,TX,ASW,CE,Federal Contract Tower,2,13,20,21,56,0,1,30,0,31,2,14,50,21,87,4,10,14,101
10/13/2010,BRO,TX,ASW,CE,Federal Contract Tower,2,11,29,6,48,0,0,12,0,12,2,11,41,6,60,10,0,10,70
10/14/2010,BRO,TX,ASW,CE,Federal Contract Tower,1,13,18,14,46,0,0,12,0,12,1,13,30,14,58,4,52,56,114
10/15/2010,BRO,TX,ASW,CE,Federal Contract Tower,3,14,32,4,53,0,0,22,2,24,3,14,54,6,77,0,56,56,133
10/16/2010,BRO,TX,ASW,CE,Federal Contract Tower,2,12,8,2,24,0,0,21,0,21,2,12,29,2,45,16,2,18,63
10/17/2010,BRO,TX,ASW,CE,Federal Contract Tower,0,13,24,0,37,0,0,20,0,20,0,13,44,0,57,30,0,30,87
10/18/2010,BRO,TX,ASW,CE,Federal Contract Tower,3,13,17,8,41,1,0,23,4,28,4,13,40,12,69,19,24,43,112
10/19/2010,BRO,TX,ASW,CE,Federal Contract Tower,0,17,22,12,51,0,0,17,0,17,0,17,39,12,68,8,8,16,84
10/20/2010,BRO,TX,ASW,CE,Federal Contract Tower,2,18,18,7,45,0,0,14,0,14,2,18,32,7,59,0,0,0,59
10/21/2010,BRO,TX,ASW,CE,Federal Contract Tower,1,14,21,8,44,0,0,15,0,15,1,14,36,8,59,2,0,2,61
10/22/2010,BRO,TX,ASW,CE,Federal Contract Tower,0,19,23,10,52,0,0,12,0,12,0,19,35,10,64,0,0,0,64
10/23/2010,BRO,TX,ASW,CE,Federal Contract Tower,1,12,4,0,17,0,0,5,0,5,1,12,9,0,22,0,0,0,22
10/24/2010,BRO,TX,ASW,CE,Federal Contract Tower,1,13,15,10,39,0,0,20,0,20,1,13,35,10,59,14,6,20,79
10/25/2010,BRO,TX,ASW,CE,Federal Contract Tower,1,14,13,12,40,0,0,16,0,16,1,14,29,12,56,0,0,0,56
10/26/2010,BRO,TX,ASW,CE,Federal Contract Tower,0,17,22,6,45,0,0,27,0,27,0,17,49,6,72,8,0,8,80
10/27/2010,BRO,TX,ASW,CE,Federal Contract Tower,3,14,17,16,50,0,0,11,0,11,3,14,28,16,61,0,2,2,63
10/28/2010,BRO,TX,ASW,CE,Federal Contract Tower,0,14,27,8,49,0,0,11,0,11,0,14,38,8,60,26,0,26,86
10/29/2010,BRO,TX,ASW,CE,Federal Contract Tower,0,18,18,12,48,0,0,32,0,32,0,18,50,12,80,52,0,52,132
10/30/2010,BRO,TX,ASW,CE,Federal Contract Tower,1,14,10,0,25,0,0,29,4,33,1,14,39,4,58,14,4,18,76
10/31/2010,BRO,TX,ASW,CE,Federal Contract Tower,0,15,15,0,30,0,0,26,0,26,0,15,41,0,56,2,0,2,58
11/01/2010,BRO,TX,ASW,CE,Federal Contract Tower,1,16,19,16,52,0,0,14,0,14,1,16,33,16,66,2,10,12,78
11/02/2010,BRO,TX,ASW,CE,Federal Contract Tower,2,17,20,4,43,0,0,19,2,21,2,17,39,6,64,0,4,4,68
11/03/2010,BRO,TX,ASW,CE,Federal Contract Tower,1,19,18,13,51,0,0,11,0,11,1,19,29,13,62,0,64,64,126
11/04/2010,BRO,TX,ASW,CE,Federal Contract Tower,4,13,24,10,51,1,0,17,0,18,5,13,41,10,69,0,54,54,123
11/05/2010,BRO,TX,ASW,CE,Federal Contract Tower,0,15,22,4,41,0,0,29,0,29,0,15,51,4,70,0,52,52,122
11/06/2010,BRO,TX,ASW,CE,Federal Contract Tower,0,14,17,0,31,0,0,10,0,10,0,14,27,0,41,2,0,2,43
11/07/2010,BRO,TX,ASW,CE,Federal Contract Tower,1,13,21,4,39,0,0,34,0,34,1,13,55,4,73,0,4,4,77
11/08/2010,BRO,TX,ASW,CE,Federal Contract Tower,1,13,24,14,52,0,0,24,0,24,1,13,48,14,76,0,12,12,88
11/09/2010,BRO,TX,ASW,CE,Federal Contract Tower,0,14,30,10,54,0,0,28,0,28,0,14,58,10,82,6,58,64,146
11/10/2010,BRO,TX,ASW,CE,Federal Contract Tower,0,15,22,6,43,0,0,30,0,30,0,15,52,6,73,2,2,4,77
11/11/2010,BRO,TX,ASW,CE,Federal Contract Tower,1,17,40,0,58,0,0,31,0,31,1,17,71,0,89,2,0,2,91
11/12/2010,BRO,TX,ASW,CE,Federal Contract Tower,0,12,34,6,52,0,0,37,2,39,0,12,71,8,91,34,66,100,191
11/13/2010,BRO,TX,ASW,CE,Federal Contract Tower,1,15,22,2,40,0,0,15,0,15,1,15,37,2,55,14,0,14,69
11/14/2010,BRO,TX,ASW,CE,Federal Contract Tower,3,16,14,0,33,0,0,9,0,9,3,16,23,0,42,6,0,6,48
11/15/2010,BRO,TX,ASW,CE,Federal Contract Tower,2,14,64,11,91,0,0,22,2,24,2,14,86,13,115,12,108,120,235
11/16/2010,BRO,TX,ASW,CE,Federal Contract Tower,1,13,27,15,56,0,0,16,1,17,1,13,43,16,73,24,52,76,149
11/17/2010,BRO,TX,ASW,CE,Federal Contract Tower,1,11,23,0,35,0,0,25,4,29,1,11,48,4,64,2,0,2,66
11/18/2010,BRO,TX,ASW,CE,Federal Contract Tower,2,13,25,2,42,0,0,23,1,24,2,13,48,3,66,0,54,54,120
11/19/2010,BRO,TX,ASW,CE,Federal Contract Tower,0,15,32,5,52,0,0,27,1,28,0,15,59,6,80,10,2,12,92
11/20/2010,BRO,TX,ASW,CE,Federal Contract Tower,1,12,21,8,42,0,0,19,0,19,1,12,40,8,61,0,0,0,61
11/21/2010,BRO,TX,ASW,CE,Federal Contract Tower,2,13,29,20,64,0,0,9,0,9,2,13,38,20,73,0,10,10,83
11/22/2010,BRO,TX,ASW,CE,Federal Contract Tower,2,11,15,14,42,0,0,10,1,11,2,11,25,15,53,0,36,36,89
11/23/2010,BRO,TX,ASW,CE,Federal Contract Tower,1,16,27,0,44,0,0,21,0,21,1,16,48,0,65,0,0,0,65
11/24/2010,BRO,TX,ASW,CE,Federal Contract Tower,2,16,16,0,34,0,0,19,0,19,2,16,35,0,53,12,0,12,65
11/25/2010,BRO,TX,ASW,CE,Federal Contract Tower,0,11,15,3,29,0,0,3,0,3,0,11,18,3,32,0,0,0,32
11/26/2010,BRO,TX,ASW,CE,Federal Contract Tower,0,14,12,4,30,0,0,14,0,14,0,14,26,4,44,0,0,0,44
11/27/2010,BRO,TX,ASW,CE,Federal Contract Tower,0,13,26,0,39,0,0,23,0,23,0,13,49,0,62,0,0,0,62
11/28/2010,BRO,TX,ASW,CE,Federal Contract Tower,3,15,37,0,55,0,0,19,0,19,3,15,56,0,74,0,0,0,74
11/29/2010,BRO,TX,ASW,CE,Federal Contract Tower,2,13,16,8,39,0,0,7,0,7,2,13,23,8,46,0,94,94,140
11/30/2010,BRO,TX,ASW,CE,Federal Contract Tower,2,16,15,33,66,0,0,0,0,0,2,16,15,33,66,10,62,72,138
12/01/2010,BRO,TX,ASW,CE,Federal Contract Tower,1,16,27,4,48,0,0,23,0,23,1,16,50,4,71,6,0,6,77
12/02/2010,BRO,TX,ASW,CE,Federal Contract Tower,0,18,15,4,37,0,0,17,0,17,0,18,32,4,54,0,0,0,54
12/03/2010,BRO,TX,ASW,CE,Federal Contract Tower,1,16,21,8,46,0,0,12,0,12,1,16,33,8,58,10,12,22,80
12/04/2010,BRO,TX,ASW,CE,Federal Contract Tower,0,15,14,0,29,0,13,0,0,13,0,28,14,0,42,0,0,0,42
12/05/2010,BRO,TX,ASW,CE,Federal Contract Tower,1,13,17,0,31,0,0,10,0,10,1,13,27,0,41,0,0,0,41
12/06/2010,BRO,TX,ASW,CE,Federal Contract Tower,1,12,14,14,41,0,0,15,2,17,1,12,29,16,58,52,46,98,156
12/07/2010,BRO,TX,ASW,CE,Federal Contract Tower,7,12,26,6,51,0,0,21,0,21,7,12,47,6,72,14,74,88,160
12/08/2010,BRO,TX,ASW,CE,Federal Contract Tower,2,19,13,6,40,0,0,16,0,16,2,19,29,6,56,10,42,52,108
12/09/2010,BRO,TX,ASW,CE,Federal Contract Tower,1,16,22,22,61,0,0,28,2,30,1,16,50,24,91,28,118,146,237
12/10/2010,BRO,TX,ASW,CE,Federal Contract Tower,2,20,26,18,66,0,0,27,0,27,2,20,53,18,93,10,6,16,109
12/11/2010,BRO,TX,ASW,CE,Federal Contract Tower,1,11,15,2,29,0,0,20,0,20,1,11,35,2,49,80,30,110,159
12/12/2010,BRO,TX,ASW,CE,Federal Contract Tower,1,13,11,0,25,0,0,19,0,19,1,13,30,0,44,12,0,12,56
12/13/2010,BRO,TX,ASW,CE,Federal Contract Tower,3,13,21,20,57,0,0,13,2,15,3,13,34,22,72,2,34,36,108
12/14/2010,BRO,TX,ASW,CE,Federal Contract Tower,2,12,33,23,70,0,0,0,0,0,2,12,33,23,70,30,44,74,144
12/15/2010,BRO,TX,ASW,CE,Federal Contract Tower,1,20,18,21,60,0,0,38,0,38,1,20,56,21,98,12,94,106,204
12/16/2010,BRO,TX,ASW,CE,Federal Contract Tower,3,19,32,24,78,0,0,23,2,25,3,19,55,26,103,5,19,24,127
12/17/2010,BRO,TX,ASW,CE,Federal Contract Tower,0,22,20,8,50,0,0,16,0,16,0,22,36,8,66,0,0,0,66
12/18/2010,BRO,TX,ASW,CE,Federal Contract Tower,1,14,23,0,38,0,0,35,0,35,1,14,58,0,73,12,0,12,85
12/19/2010,BRO,TX,ASW,CE,Federal Contract Tower,2,16,20,2,40,0,0,20,0,20,2,16,40,2,60,0,2,2,62
12/20/2010,BRO,TX,ASW,CE,Federal Contract Tower,1,13,24,12,50,0,0,8,0,8,1,13,32,12,58,6,12,18,76
12/21/2010,BRO,TX,ASW,CE,Federal Contract Tower,3,20,25,8,56,0,0,21,0,21,3,20,46,8,77,0,84,84,161
12/22/2010,BRO,TX,ASW,CE,Federal Contract Tower,1,24,30,14,69,0,0,13,4,17,1,24,43,18,86,98,14,112,198
12/23/2010,BRO,TX,ASW,CE,Federal Contract Tower,1,23,21,0,45,0,0,7,0,7,1,23,28,0,52,8,0,8,60
12/24/2010,BRO,TX,ASW,CE,Federal Contract Tower,1,13,8,0,22,0,0,12,0,12,1,13,20,0,34,0,0,0,34
12/25/2010,BRO,TX,ASW,CE,Federal Contract Tower,0,12,14,0,26,0,0,5,0,5,0,12,19,0,31,0,0,0,31
12/26/2010,BRO,TX,ASW,CE,Federal Contract Tower,1,14,59,0,74,0,0,16,0,16,1,14,75,0,90,0,0,0,90
12/27/2010,BRO,TX,ASW,CE,Federal Contract Tower,1,12,25,0,38,0,0,27,0,27,1,12,52,0,65,0,0,0,65
12/28/2010,BRO,TX,ASW,CE,Federal Contract Tower,0,17,17,6,40,0,0,6,0,6,0,17,23,6,46,10,0,10,56
12/29/2010,BRO,TX,ASW,CE,Federal Contract Tower,2,18,26,6,52,0,0,15,0,15,2,18,41,6,67,0,16,16,83
12/30/2010,BRO,TX,ASW,CE,Federal Contract Tower,0,16,36,0,52,0,0,12,0,12,0,16,48,0,64,16,0,16,80
12/31/2010,BRO,TX,ASW,CE,Federal Contract Tower,0,11,26,0,37,0,0,19,0,19,0,11,45,0,56,6,0,6,62
01/01/2011,BRO,TX,ASW,CE,Federal Contract Tower,0,10,15,4,29,0,0,20,0,20,0,10,35,4,49,0,4,4,53
01/02/2011,BRO,TX,ASW,CE,Federal Contract Tower,0,12,71,0,83,0,0,37,0,37,0,12,108,0,120,30,0,30,150
01/03/2011,BRO,TX,ASW,CE,Federal Contract Tower,1,12,49,0,62,0,0,19,0,19,1,12,68,0,81,20,0,20,101
01/04/2011,BRO,TX,ASW,CE,Federal Contract Tower,1,13,25,6,45,0,0,9,0,9,1,13,34,6,54,0,6,6,60
01/05/2011,BRO,TX,ASW,CE,Federal Contract Tower,0,14,33,10,57,0,0,14,0,14,0,14,47,10,71,0,4,4,75
01/06/2011,BRO,TX,ASW,CE,Federal Contract Tower,3,14,22,14,53,0,0,23,0,23,3,14,45,14,76,2,6,8,84
01/07/2011,BRO,TX,ASW,CE,Federal Contract Tower,0,16,25,18,59,0,1,17,1,19,0,17,42,19,78,0,10,10,88
01/08/2011,BRO,TX,ASW,CE,Federal Contract Tower,0,13,16,6,35,0,0,7,0,7,0,13,23,6,42,0,0,0,42
01/09/2011,BRO,TX,ASW,CE,Federal Contract Tower,0,11,15,2,28,0,0,13,0,13,0,11,28,2,41,0,2,2,43
01/10/2011,BRO,TX,ASW,CE,Federal Contract Tower,2,13,13,20,48,0,0,27,0,27,2,13,40,20,75,18,164,182,257
01/11/2011,BRO,TX,ASW,CE,Federal Contract Tower,2,11,17,6,36,0,0,0,4,4,2,11,17,10,40,0,6,6,46
01/12/2011,BRO,TX,ASW,CE,Federal Contract Tower,3,15,7,6,31,0,0,7,2,9,3,15,14,8,40,28,2,30,70
01/13/2011,BRO,TX,ASW,CE,Federal Contract Tower,2,14,25,7,48,0,0,2,3,5,2,14,27,10,53,0,68,68,121
01/14/2011,BRO,TX,ASW,CE,Federal Contract Tower,0,14,20,4,38,0,0,11,0,11,0,14,31,4,49,30,0,30,79
01/15/2011,BRO,TX,ASW,CE,Federal Contract Tower,0,15,2,0,17,0,0,1,0,1,0,15,3,0,18,0,0,0,18
01/16/2011,BRO,TX,ASW,CE,Federal Contract Tower,0,14,14,0,28,0,0,10,0,10,0,14,24,0,38,0,0,0,38
01/17/2011,BRO,TX,ASW,CE,Federal Contract Tower,3,17,28,0,48,0,0,9,0,9,3,17,37,0,57,10,0,10,67
01/18/2011,BRO,TX,ASW,CE,Federal Contract Tower,0,9,21,16,46,0,0,17,0,17,0,9,38,16,63,16,4,20,83
01/19/2011,BRO,TX,ASW,CE,Federal Contract Tower,0,14,20,14,48,0,0,18,2,20,0,14,38,16,68,46,4,50,118
01/20/2011,BRO,TX,ASW,CE,Federal Contract Tower,1,19,13,33,66,0,0,9,0,9,1,19,22,33,75,0,16,16,91
01/21/2011,BRO,TX,ASW,CE,Federal Contract Tower,2,13,16,12,43,0,0,49,0,49,2,13,65,12,92,0,0,0,92
01/22/2011,BRO,TX,ASW,CE,Federal Contract Tower,1,11,12,2,26,0,0,32,0,32,1,11,44,2,58,0,0,0,58
01/23/2011,BRO,TX,ASW,CE,Federal Contract Tower,1,13,11,0,25,0,0,9,0,9,1,13,20,0,34,0,0,0,34
01/24/2011,BRO,TX,ASW,CE,Federal Contract Tower,1,13,11,10,35,0,0,3,0,3,1,13,14,10,38,0,8,8,46
01/25/2011,BRO,TX,ASW,CE,Federal Contract Tower,1,15,13,8,37,0,0,23,0,23,1,15,36,8,60,14,4,18,78
01/26/2011,BRO,TX,ASW,CE,Federal Contract Tower,1,15,14,20,50,0,0,28,0,28,1,15,42,20,78,54,2,56,134
01/27/2011,BRO,TX,ASW,CE,Federal Contract Tower,0,14,26,6,46,0,0,32,0,32,0,14,58,6,78,2,0,2,80
01/28/2011,BRO,TX,ASW,CE,Federal Contract Tower,0,13,16,9,38,0,0,29,0,29,0,13,45,9,67,20,0,20,87
01/29/2011,BRO,TX,ASW,CE,Federal Contract Tower,1,13,7,6,27,0,0,16,0,16,1,13,23,6,43,0,0,0,43
01/30/2011,BRO,TX,ASW,CE,Federal Contract Tower,2,13,15,12,42,0,0,13,0,13,2,13,28,12,55,13,10,23,78
01/31/2011,BRO,TX,ASW,CE,Federal Contract Tower,3,13,27,12,55,0,0,9,0,9,3,13,36,12,64,0,12,12,76
02/01/2011,BRO,TX,ASW,CE,Federal Contract Tower,0,10,27,8,45,0,0,7,0,7,0,10,34,8,52,2,38,40,92
02/02/2011,BRO,TX,ASW,CE,Federal Contract Tower,0,14,18,4,36,0,0,7,0,7,0,14,25,4,43,6,0,6,49
02/03/2011,BRO,TX,ASW,CE,Federal Contract Tower,2,1,17,0,20,0,0,0,0,0,2,1,17,0,20,0,0,0,20
02/04/2011,BRO,TX,ASW,CE,Federal Contract Tower,1,1,46,0,48,0,0,9,0,9,1,1,55,0,57,22,0,22,79
02/05/2011,BRO,TX,ASW,CE,Federal Contract Tower,1,18,25,20,64,0,0,25,5,30,1,18,50,25,94,0,98,98,192
02/06/2011,BRO,TX,ASW,CE,Federal Contract Tower,2,13,15,0,30,0,0,30,0,30,2,13,45,0,60,8,0,8,68
02/07/2011,BRO,TX,ASW,CE,Federal Contract Tower,4,13,65,15,97,0,0,25,0,25,4,13,90,15,122,2,116,118,240
02/08/2011,BRO,TX,ASW,CE,Federal Contract Tower,2,12,20,20,54,0,0,21,2,23,2,12,41,22,77,0,88,88,165
02/09/2011,BRO,TX,ASW,CE,Federal Contract Tower,2,12,21,12,47,0,0,6,0,6,2,12,27,12,53,0,0,0,53
02/10/2011,BRO,TX,ASW,CE,Federal Contract Tower,3,16,22,24,65,0,0,28,0,28,3,16,50,24,93,0,42,42,135
02/11/2011,BRO,TX,ASW,CE,Federal Contract Tower,2,15,16,10,43,0,0,39,0,39,2,15,55,10,82,0,20,20,102
02/12/2011,BRO,TX,ASW,CE,Federal Contract Tower,0,13,12,4,29,0,0,36,0,36,0,13,48,4,65,0,0,0,65
02/13/2011,BRO,TX,ASW,CE,Federal Contract Tower,6,13,18,2,39,0,0,42,0,42,6,13,60,2,81,0,2,2,83
02/14/2011,BRO,TX,ASW,CE,Federal Contract Tower,5,13,20,44,82,0,0,29,0,29,5,13,49,44,111,2,40,42,153
02/15/2011,BRO,TX,ASW,CE,Federal Contract Tower,0,12,19,4,35,0,0,8,0,8,0,12,27,4,43,12,80,92,135
02/16/2011,BRO,TX,ASW,CE,Federal Contract Tower,0,14,24,18,56,0,0,11,0,11,0,14,35,18,67,16,4,20,87
02/17/2011,BRO,TX,ASW,CE,Federal Contract Tower,0,15,37,10,62,0,0,17,0,17,0,15,54,10,79,0,50,50,129
02/18/2011,BRO,TX,ASW,CE,Federal Contract Tower,0,11,26,12,49,0,0,25,0,25,0,11,51,12,74,0,48,48,122
02/19/2011,BRO,TX,ASW,CE,Federal Contract Tower,0,9,12,18,39,0,0,19,0,19,0,9,31,18,58,10,0,10,68
02/20/2011,BRO,TX,ASW,CE,Federal Contract Tower,1,12,16,0,29,0,0,12,0,12,1,12,28,0,41,0,0,0,41
02/21/2011,BRO,TX,ASW,CE,Federal Contract Tower,0,13,24,7,44,0,0,12,0,12,0,13,36,7,56,10,4,14,70
02/22/2011,BRO,TX,ASW,CE,Federal Contract Tower,1,18,27,18,64,0,0,30,0,30,1,18,57,18,94,58,134,192,286
02/23/2011,BRO,TX,ASW,CE,Federal Contract Tower,3,13,13,18,47,0,0,9,0,9,3,13,22,18,56,0,86,86,142
02/24/2011,BRO,TX,ASW,CE,Federal Contract Tower,0,13,18,15,46,0,0,22,3,25,0,13,40,18,71,40,0,40,111
02/25/2011,BRO,TX,ASW,CE,Federal Contract Tower,1,14,39,6,60,0,0,24,0,24,1,14,63,6,84,16,0,16,100
02/26/2011,BRO,TX,ASW,CE,Federal Contract Tower,2,13,38,8,61,0,0,48,0,48,2,13,86,8,109,6,4,10,119
02/27/2011,BRO,TX,ASW,CE,Federal Contract Tower,0,13,38,10,61,0,0,9,0,9,0,13,47,10,70,10,8,18,88
02/28/2011,BRO,TX,ASW,CE,Federal Contract Tower,0,13,26,22,61,0,0,17,0,17,0,13,43,22,78,0,18,18,96
03/01/2011,BRO,TX,ASW,CE,Federal Contract Tower,1,15,31,4,51,0,0,33,1,34,1,15,64,5,85,14,4,18,103
03/02/2011,BRO,TX,ASW,CE,Federal Contract Tower,3,16,18,12,49,0,0,33,2,35,3,16,51,14,84,12,54,66,150
03/03/2011,BRO,TX,ASW,CE,Federal Contract Tower,6,12,22,6,46,0,0,28,0,28,6,12,50,6,74,0,74,74,148
03/04/2011,BRO,TX,ASW,CE,Federal Contract Tower,4,13,38,4,59,0,0,11,0,11,4,13,49,4,70,0,54,54,124
03/05/2011,BRO,TX,ASW,CE,Federal Contract Tower,0,13,20,0,33,0,0,5,2,7,0,13,25,2,40,0,0,0,40
03/06/2011,BRO,TX,ASW,CE,Federal Contract Tower,2,14,21,0,37,0,0,34,0,34,2,14,55,0,71,4,0,4,75
03/07/2011,BRO,TX,ASW,CE,Federal Contract Tower,1,13,17,31,62,0,0,19,2,21,1,13,36,33,83,2,40,42,125
03/08/2011,BRO,TX,ASW,CE,Federal Contract Tower,6,12,22,6,46,0,0,28,0,28,6,12,50,6,74,0,74,74,148
03/09/2011,BRO,TX,ASW,CE,Federal Contract Tower,5,13,21,18,57,0,0,15,0,15,5,13,36,18,72,12,0,12,84
03/10/2011,BRO,TX,ASW,CE,Federal Contract Tower,5,17,23,9,54,0,0,41,4,45,5,17,64,13,99,14,12,26,125
03/11/2011,BRO,TX,ASW,CE,Federal Contract Tower,1,14,39,3,57,0,0,25,0,25,1,14,64,3,82,0,0,0,82
03/12/2011,BRO,TX,ASW,CE,Federal Contract Tower,0,16,15,0,31,0,0,13,0,13,0,16,28,0,44,0,0,0,44
03/13/2011,BRO,TX,ASW,CE,Federal Contract Tower,1,14,25,1,41,0,0,33,0,33,1,14,58,1,74,4,0,4,78
03/14/2011,BRO,TX,ASW,CE,Federal Contract Tower,2,14,27,53,96,0,0,22,1,23,2,14,49,54,119,0,64,64,183
03/15/2011,BRO,TX,ASW,CE,Federal Contract Tower,3,11,23,16,53,0,0,8,0,8,3,11,31,16,61,0,12,12,73
03/16/2011,BRO,TX,ASW,CE,Federal Contract Tower,1,13,30,22,66,0,0,26,0,26,1,13,56,22,92,0,96,96,188
03/17/2011,BRO,TX,ASW,CE,Federal Contract Tower,5,18,23,32,78,0,0,26,2,28,5,18,49,34,106,0,64,64,170
03/18/2011,BRO,TX,ASW,CE,Federal Contract Tower,0,13,38,22,73,0,0,41,5,46,0,13,79,27,119,0,110,110,229
03/19/2011,BRO,TX,ASW,CE,Federal Contract Tower,0,11,23,0,34,0,0,37,0,37,0,11,60,0,71,0,0,0,71
03/20/2011,BRO,TX,ASW,CE,Federal Contract Tower,1,14,24,0,39,0,0,25,0,25,1,14,49,0,64,20,0,20,84
03/21/2011,BRO,TX,ASW,CE,Federal Contract Tower,0,14,45,14,73,0,0,26,1,27,0,14,71,15,100,60,46,106,206
03/22/2011,BRO,TX,ASW,CE,Federal Contract Tower,2,11,14,16,43,0,0,27,0,27,2,11,41,16,70,38,52,90,160
03/23/2011,BRO,TX,ASW,CE,Federal Contract Tower,8,11,13,21,53,0,0,32,10,42,8,11,45,31,95,42,64,106,201
03/24/2011,BRO,TX,ASW,CE,Federal Contract Tower,5,15,32,12,64,0,0,30,9,39,5,15,62,21,103,5,120,125,228
03/25/2011,BRO,TX,ASW,CE,Federal Contract Tower,0,14,17,6,37,0,0,29,0,29,0,14,46,6,66,4,92,96,162
03/26/2011,BRO,TX,ASW,CE,Federal Contract Tower,0,16,15,28,59,0,0,20,0,20,0,16,35,28,79,8,0,8,87
03/27/2011,BRO,TX,ASW,CE,Federal Contract Tower,2,14,11,2,29,0,0,15,0,15,2,14,26,2,44,16,2,18,62
03/28/2011,BRO,TX,ASW,CE,Federal Contract Tower,4,13,21,26,64,0,0,24,0,24,4,13,45,26,88,2,106,108,196
03/29/2011,BRO,TX,ASW,CE,Federal Contract Tower,0,14,20,4,38,0,0,22,0,22,0,14,42,4,60,30,102,132,192
03/30/2011,BRO,TX,ASW,CE,Federal Contract Tower,3,12,23,14,52,0,0,9,0,9,3,12,32,14,61,0,0,0,61
03/31/2011,BRO,TX,ASW,CE,Federal Contract Tower,4,14,20,24,62,0,0,25,2,27,4,14,45,26,89,0,150,150,239
04/01/2011,BRO,TX,ASW,CE,Federal Contract Tower,2,15,19,30,66,0,0,12,0,12,2,15,31,30,78,0,0,0,78
04/02/2011,BRO,TX,ASW,CE,Federal Contract Tower,0,10,20,0,30,0,0,37,0,37,0,10,57,0,67,42,0,42,109
04/03/2011,BRO,TX,ASW,CE,Federal Contract Tower,4,14,28,14,60,0,0,15,0,15,4,14,43,14,75,0,6,6,81
04/04/2011,BRO,TX,ASW,CE,Federal Contract Tower,1,13,24,12,50,0,0,16,0,16,1,13,40,12,66,22,10,32,98
04/05/2011,BRO,TX,ASW,CE,Federal Contract Tower,0,15,26,23,64,0,0,34,1,35,0,15,60,24,99,2,64,66,165
04/06/2011,BRO,TX,ASW,CE,Federal Contract Tower,0,15,15,6,36,0,0,32,0,32,0,15,47,6,68,22,0,22,90
04/07/2011,BRO,TX,ASW,CE,Federal Contract Tower,4,16,18,0,38,0,0,16,0,16,4,16,34,0,54,7,0,7,61
04/08/2011,BRO,TX,ASW,CE,Federal Contract Tower,2,18,27,2,49,0,0,17,0,17,2,18,44,2,66,0,0,0,66
04/09/2011,BRO,TX,ASW,CE,Federal Contract Tower,0,15,19,2,36,0,0,21,0,21,0,15,40,2,57,4,0,4,61
04/10/2011,BRO,TX,ASW,CE,Federal Contract Tower,0,13,18,0,31,0,0,10,0,10,0,13,28,0,41,0,0,0,41
04/11/2011,BRO,TX,ASW,CE,Federal Contract Tower,0,13,14,24,51,0,0,14,0,14,0,13,28,24,65,0,20,20,85
04/12/2011,BRO,TX,ASW,CE,Federal Contract Tower,1,11,20,14,46,0,0,37,0,37,1,11,57,14,83,32,8,40,123
04/13/2011,BRO,TX,ASW,CE,Federal Contract Tower,0,14,21,32,67,0,0,17,0,17,0,14,38,32,84,6,68,74,158
04/14/2011,BRO,TX,ASW,CE,Federal Contract Tower,3,17,22,30,72,0,0,16,0,16,3,17,38,30,88,10,72,82,170
04/15/2011,BRO,TX,ASW,CE,Federal Contract Tower,0,12,58,10,80,0,0,46,4,50,0,12,104,14,130,48,0,48,178
04/16/2011,BRO,TX,ASW,CE,Federal Contract Tower,0,13,62,0,75,0,0,42,0,42,0,13,104,0,117,0,0,0,117
04/17/2011,BRO,TX,ASW,CE,Federal Contract Tower,1,13,42,22,78,0,0,39,0,39,1,13,81,22,117,2,12,14,131
04/18/2011,BRO,TX,ASW,CE,Federal Contract Tower,1,16,35,48,100,0,0,25,0,25,1,16,60,48,125,0,40,40,165
04/19/2011,BRO,TX,ASW,CE,Federal Contract Tower,0,12,35,30,77,0,0,18,0,18,0,12,53,30,95,10,182,192,287
04/20/2011,BRO,TX,ASW,CE,Federal Contract Tower,2,15,57,24,98,0,1,55,0,56,2,16,112,24,154,68,8,76,230
04/21/2011,BRO,TX,ASW,CE,Federal Contract Tower,0,19,37,25,81,0,0,25,0,25,0,19,62,25,106,12,66,78,184
04/22/2011,BRO,TX,ASW,CE,Federal Contract Tower,0,17,17,26,60,0,0,21,0,21,0,17,38,26,81,0,90,90,171
04/23/2011,BRO,TX,ASW,CE,Federal Contract Tower,1,17,27,0,45,0,0,41,0,41,1,17,68,0,86,4,0,4,90
04/24/2011,BRO,TX,ASW,CE,Federal Contract Tower,2,12,119,0,133,0,0,50,0,50,2,12,169,0,183,0,0,0,183
04/25/2011,BRO,TX,ASW,CE,Federal Contract Tower,0,13,69,19,101,0,0,41,0,41,0,13,110,19,142,10,62,72,214
04/26/2011,BRO,TX,ASW,CE,Federal Contract Tower,2,16,37,8,63,0,0,15,0,15,2,16,52,8,78,0,4,4,82
04/27/2011,BRO,TX,ASW,CE,Federal Contract Tower,1,13,37,24,75,0,0,33,6,39,1,13,70,30,114,10,54,64,178
04/28/2011,BRO,TX,ASW,CE,Federal Contract Tower,2,22,39,42,105,0,0,48,8,56,2,22,87,50,161,2,60,62,223
04/29/2011,BRO,TX,ASW,CE,Federal Contract Tower,0,20,36,14,70,0,0,53,6,59,0,20,89,20,129,0,40,40,169
04/30/2011,BRO,TX,ASW,CE,Federal Contract Tower,0,24,33,12,69,0,0,35,0,35,0,24,68,12,104,0,0,0,104
05/01/2011,BRO,TX,ASW,CE,Federal Contract Tower,0,14,63,12,89,0,0,22,2,24,0,14,85,14,113,0,10,10,123
05/02/2011,BRO,TX,ASW,CE,Federal Contract Tower,0,13,15,12,40,0,0,7,0,7,0,13,22,12,47,4,66,70,117
05/03/2011,BRO,TX,ASW,CE,Federal Contract Tower,2,15,27,12,56,0,0,13,0,13,2,15,40,12,69,14,10,24,93
05/04/2011,BRO,TX,ASW,CE,Federal Contract Tower,1,12,17,46,76,0,0,18,2,20,1,12,35,48,96,0,90,90,186
05/05/2011,BRO,TX,ASW,CE,Federal Contract Tower,3,19,20,9,51,0,0,20,0,20,3,19,40,9,71,25,0,25,96
05/06/2011,BRO,TX,ASW,CE,Federal Contract Tower,0,13,15,14,42,0,0,18,2,20,0,13,33,16,62,10,62,72,134
05/07/2011,BRO,TX,ASW,CE,Federal Contract Tower,0,12,7,6,25,0,0,19,0,19,0,12,26,6,44,20,18,38,82
05/08/2011,BRO,TX,ASW,CE,Federal Contract Tower,1,13,4,6,24,0,0,13,0,13,1,13,17,6,37,12,6,18,55
05/09/2011,BRO,TX,ASW,CE,Federal Contract Tower,0,15,17,29,61,0,0,6,1,7,0,15,23,30,68,4,24,28,96
05/10/2011,BRO,TX,ASW,CE,Federal Contract Tower,1,14,11,30,56,0,0,14,0,14,1,14,25,30,70,6,74,80,150
05/11/2011,BRO,TX,ASW,CE,Federal Contract Tower,1,10,13,62,86,0,0,14,0,14,1,10,27,62,100,53,8,61,161
05/12/2011,BRO,TX,ASW,CE,Federal Contract Tower,0,12,31,2,45,0,0,10,0,10,0,12,41,2,55,20,2,22,77
05/13/2011,BRO,TX,ASW,CE,Federal Contract Tower,0,12,20,8,40,0,0,22,2,24,0,12,42,10,64,20,6,26,90
05/14/2011,BRO,TX,ASW,CE,Federal Contract Tower,0,14,8,4,26,0,0,29,0,29,0,14,37,4,55,8,2,10,65
05/15/2011,BRO,TX,ASW,CE,Federal Contract Tower,0,13,15,2,30,0,0,24,0,24,0,13,39,2,54,10,2,12,66
05/16/2011,BRO,TX,ASW,CE,Federal Contract Tower,0,12,18,24,54,0,0,13,0,13,0,12,31,24,67,0,96,96,163
05/17/2011,BRO,TX,ASW,CE,Federal Contract Tower,0,13,16,24,53,0,0,14,0,14,0,13,30,24,67,2,52,54,121
05/18/2011,BRO,TX,ASW,CE,Federal Contract Tower,0,14,12,34,60,0,0,7,0,7,0,14,19,34,67,35,4,39,106
05/19/2011,BRO,TX,ASW,CE,Federal Contract Tower,2,16,36,46,100,1,0,16,0,17,3,16,52,46,117,21,2,23,140
05/20/2011,BRO,TX,ASW,CE,Federal Contract Tower,0,10,41,16,67,0,0,15,0,15,0,10,56,16,82,0,68,68,150
05/21/2011,BRO,TX,ASW,CE,Federal Contract Tower,0,10,8,12,30,0,0,10,0,10,0,10,18,12,40,0,0,0,40
05/22/2011,BRO,TX,ASW,CE,Federal Contract Tower,0,13,26,2,41,0,0,12,0,12,0,13,38,2,53,0,2,2,55
05/23/2011,BRO,TX,ASW,CE,Federal Contract Tower,3,9,12,17,41,0,0,17,0,17,3,9,29,17,58,4,12,16,74
05/24/2011,BRO,TX,ASW,CE,Federal Contract Tower,1,12,18,38,69,0,0,16,0,16,1,12,34,38,85,25,10,35,120
05/25/2011,BRO,TX,ASW,CE,Federal Contract Tower,2,14,15,29,60,0,0,22,4,26,2,14,37,33,86,0,44,44,130
05/26/2011,BRO,TX,ASW,CE,Federal Contract Tower,2,23,21,3,49,0,1,26,5,32,2,24,47,8,81,12,30,42,123
05/27/2011,BRO,TX,ASW,CE,Federal Contract Tower,0,12,32,7,51,0,0,27,4,31,0,12,59,11,82,0,58,58,140
05/28/2011,BRO,TX,ASW,CE,Federal Contract Tower,0,14,10,0,24,0,0,13,2,15,0,14,23,2,39,0,0,0,39
05/29/2011,BRO,TX,ASW,CE,Federal Contract Tower,0,11,19,0,30,0,0,14,0,14,0,11,33,0,44,0,0,0,44
05/30/2011,BRO,TX,ASW,CE,Federal Contract Tower,0,12,21,2,35,0,0,27,0,27,0,12,48,2,62,4,0,4,66
05/31/2011,BRO,TX,ASW,CE,Federal Contract Tower,0,13,10,28,51,0,0,13,0,13,0,13,23,28,64,0,98,98,162
06/01/2011,BRO,TX,ASW,CE,Federal Contract Tower,0,14,16,42,72,0,0,27,0,27,0,14,43,42,99,32,0,32,131
06/02/2011,BRO,TX,ASW,CE,Federal Contract Tower,1,15,26,39,81,0,0,25,0,25,1,15,51,39,106,4,54,58,164
06/03/2011,BRO,TX,ASW,CE,Federal Contract Tower,0,12,23,16,51,0,0,29,0,29,0,12,52,16,80,0,88,88,168
06/04/2011,BRO,TX,ASW,CE,Federal Contract Tower,0,16,4,4,24,0,0,56,0,56,0,16,60,4,80,108,4,112,192
06/05/2011,BRO,TX,ASW,CE,Federal Contract Tower,2,13,32,2,49,0,0,25,0,25,2,13,57,2,74,0,2,2,76
06/06/2011,BRO,TX,ASW,CE,Federal Contract Tower,0,14,14,26,54,0,0,13,0,13,0,14,27,26,67,0,72,72,139
06/07/2011,BRO,TX,ASW,CE,Federal Contract Tower,2,12,27,16,57,0,0,25,0,25,2,12,52,16,82,15,4,19,101
06/08/2011,BRO,TX,ASW,CE,Federal Contract Tower,0,12,22,32,66,0,0,14,0,14,0,12,36,32,80,2,26,28,108
06/09/2011,BRO,TX,ASW,CE,Federal Contract Tower,0,15,10,27,52,0,0,18,1,19,0,15,28,28,71,0,0,0,71
06/10/2011,BRO,TX,ASW,CE,Federal Contract Tower,1,15,27,6,49,0,0,21,0,21,1,15,48,6,70,0,34,34,104
06/11/2011,BRO,TX,ASW,CE,Federal Contract Tower,0,11,14,20,45,0,0,30,0,30,0,11,44,20,75,16,10,26,101
06/12/2011,BRO,TX,ASW,CE,Federal Contract Tower,1,13,32,0,46,0,0,17,2,19,1,13,49,2,65,8,10,18,83
06/13/2011,BRO,TX,ASW,CE,Federal Contract Tower,2,10,19,4,35,0,0,31,0,31,2,10,50,4,66,2,26,28,94
06/14/2011,BRO,TX,ASW,CE,Federal Contract Tower,1,14,18,43,76,0,0,24,3,27,1,14,42,46,103,10,42,52,155
06/15/2011,BRO,TX,ASW,CE,Federal Contract Tower,0,17,36,26,79,0,0,10,2,12,0,17,46,28,91,19,42,61,152
06/16/2011,BRO,TX,ASW,CE,Federal Contract Tower,0,16,23,24,63,0,0,15,4,19,0,16,38,28,82,10,68,78,160
06/17/2011,BRO,TX,ASW,CE,Federal Contract Tower,1,12,35,6,54,0,0,35,0,35,1,12,70,6,89,4,24,28,117
06/18/2011,BRO,TX,ASW,CE,Federal Contract Tower,1,12,25,14,52,0,0,23,0,23,1,12,48,14,75,4,8,12,87
06/19/2011,BRO,TX,ASW,CE,Federal Contract Tower,0,13,25,14,52,0,0,30,0,30,0,13,55,14,82,0,10,10,92
06/20/2011,BRO,TX,ASW,CE,Federal Contract Tower,1,13,23,25,62,0,0,20,0,20,1,13,43,25,82,0,40,40,122
06/21/2011,BRO,TX,ASW,CE,Federal Contract Tower,0,15,18,2,35,0,0,0,0,0,0,15,18,2,35,5,70,75,110
06/22/2011,BRO,TX,ASW,CE,Federal Contract Tower,2,10,19,0,31,0,0,8,0,8,2,10,27,0,39,15,0,15,54
06/23/2011,BRO,TX,ASW,CE,Federal Contract Tower,0,17,33,0,50,0,0,4,0,4,0,17,37,0,54,10,0,10,64
06/24/2011,BRO,TX,ASW,CE,Federal Contract Tower,2,12,40,6,60,0,0,29,0,29,2,12,69,6,89,0,2,2,91
06/25/2011,BRO,TX,ASW,CE,Federal Contract Tower,2,15,25,16,58,0,0,30,0,30,2,15,55,16,88,10,6,16,104
06/26/2011,BRO,TX,ASW,CE,Federal Contract Tower,1,13,41,2,57,0,0,35,2,37,1,13,76,4,94,0,2,2,96
06/27/2011,BRO,TX,ASW,CE,Federal Contract Tower,1,13,44,12,70,0,0,19,2,21,1,13,63,14,91,0,12,12,103
06/28/2011,BRO,TX,ASW,CE,Federal Contract Tower,0,15,23,24,62,0,0,0,0,0,0,15,23,24,62,0,10,10,72
06/29/2011,BRO,TX,ASW,CE,Federal Contract Tower,0,17,31,2,50,0,0,3,0,3,0,17,34,2,53,0,0,0,53
06/30/2011,BRO,TX,ASW,CE,Federal Contract Tower,1,17,22,0,40,0,0,0,0,0,1,17,22,0,40,0,0,0,40
07/01/2011,BRO,TX,ASW,CE,Federal Contract Tower,0,14,47,2,63,0,0,8,2,10,0,14,55,4,73,0,0,0,73
07/02/2011,BRO,TX,ASW,CE,Federal Contract Tower,2,16,31,0,49,0,0,25,0,25,2,16,56,0,74,46,0,46,120
07/03/2011,BRO,TX,ASW,CE,Federal Contract Tower,0,9,33,0,42,0,0,18,0,18,0,9,51,0,60,16,0,16,76
07/04/2011,BRO,TX,ASW,CE,Federal Contract Tower,1,11,40,0,52,0,0,39,0,39,1,11,79,0,91,32,0,32,123
07/05/2011,BRO,TX,ASW,CE,Federal Contract Tower,0,14,24,22,60,0,0,27,0,27,0,14,51,22,87,99,12,111,198
07/06/2011,BRO,TX,ASW,CE,Federal Contract Tower,1,14,36,30,81,0,0,20,0,20,1,14,56,30,101,16,6,22,123
07/07/2011,BRO,TX,ASW,CE,Federal Contract Tower,2,15,28,4,49,0,0,29,0,29,2,15,57,4,78,14,0,14,92
07/08/2011,BRO,TX,ASW,CE,Federal Contract Tower,4,16,45,24,89,0,0,38,3,41,4,16,83,27,130,54,84,138,268
07/09/2011,BRO,TX,ASW,CE,Federal Contract Tower,0,15,23,14,52,0,0,22,0,22,0,15,45,14,74,76,8,84,158
07/10/2011,BRO,TX,ASW,CE,Federal Contract Tower,1,13,51,0,65,0,0,26,0,26,1,13,77,0,91,4,0,4,95
07/11/2011,BRO,TX,ASW,CE,Federal Contract Tower,3,13,47,16,79,0,0,29,0,29,3,13,76,16,108,0,72,72,180
07/12/2011,BRO,TX,ASW,CE,Federal Contract Tower,0,15,29,24,68,0,0,21,0,21,0,15,50,24,89,24,16,40,129
07/13/2011,BRO,TX,ASW,CE,Federal Contract Tower,1,20,28,32,81,0,0,19,0,19,1,20,47,32,100,29,36,65,165
07/14/2011,BRO,TX,ASW,CE,Federal Contract Tower,0,14,43,20,77,0,0,20,0,20,0,14,63,20,97,0,2,2,99
07/15/2011,BRO,TX,ASW,CE,Federal Contract Tower,0,18,55,12,85,0,0,48,3,51,0,18,103,15,136,22,164,186,322
07/16/2011,BRO,TX,ASW,CE,Federal Contract Tower,2,12,33,18,65,0,0,27,0,27,2,12,60,18,92,10,4,14,106
07/17/2011,BRO,TX,ASW,CE,Federal Contract Tower,1,14,48,0,63,0,0,26,0,26,1,14,74,0,89,6,0,6,95
07/18/2011,BRO,TX,ASW,CE,Federal Contract Tower,2,13,50,28,93,0,0,27,0,27,2,13,77,28,120,0,26,26,146
07/19/2011,BRO,TX,ASW,CE,Federal Contract Tower,1,15,37,26,79,0,0,20,0,20,1,15,57,26,99,10,88,98,197
07/20/2011,BRO,TX,ASW,CE,Federal Contract Tower,1,19,30,8,58,0,2,29,0,31,1,21,59,8,89,10,0,10,99
07/21/2011,BRO,TX,ASW,CE,Federal Contract Tower,1,20,47,14,82,0,0,29,0,29,1,20,76,14,111,2,56,58,169
07/22/2011,BRO,TX,ASW,CE,Federal Contract Tower,1,16,62,20,99,0,0,52,0,52,1,16,114,20,151,0,14,14,165
07/23/2011,BRO,TX,ASW,CE,Federal Contract Tower,1,13,28,18,60,0,0,19,0,19,1,13,47,18,79,12,8,20,99
07/24/2011,BRO,TX,ASW,CE,Federal Contract Tower,1,14,80,12,107,0,0,36,0,36,1,14,116,12,143,12,8,20,163
07/25/2011,BRO,TX,ASW,CE,Federal Contract Tower,0,15,57,23,95,0,0,35,4,39,0,15,92,27,134,25,76,101,235
07/26/2011,BRO,TX,ASW,CE,Federal Contract Tower,1,25,35,26,87,0,0,0,0,0,1,25,35,26,87,32,12,44,131
07/27/2011,BRO,TX,ASW,CE,Federal Contract Tower,0,14,47,36,97,0,0,21,4,25,0,14,68,40,122,22,88,110,232
07/28/2011,BRO,TX,ASW,CE,Federal Contract Tower,2,13,42,28,85,0,0,34,2,36,2,13,76,30,121,50,14,64,185
07/29/2011,BRO,TX,ASW,CE,Federal Contract Tower,0,19,36,0,55,0,0,29,0,29,0,19,65,0,84,10,0,10,94
07/30/2011,BRO,TX,ASW,CE,Federal Contract Tower,0,17,41,0,58,0,0,30,2,32,0,17,71,2,90,22,0,22,112
07/31/2011,BRO,TX,ASW,CE,Federal Contract Tower,0,15,87,0,102,0,0,51,0,51,0,15,138,0,153,4,0,4,157
08/01/2011,BRO,TX,ASW,CE,Federal Contract Tower,1,13,60,31,105,0,0,39,0,39,1,13,99,31,144,4,24,28,172
08/02/2011,BRO,TX,ASW,CE,Federal Contract Tower,0,14,31,24,69,0,0,35,2,37,0,14,66,26,106,31,46,77,183
08/03/2011,BRO,TX,ASW,CE,Federal Contract Tower,0,20,54,8,82,0,0,18,0,18,0,20,72,8,100,4,8,12,112
08/04/2011,BRO,TX,ASW,CE,Federal Contract Tower,1,21,36,34,92,2,0,27,1,30,3,21,63,35,122,0,4,4,126
08/05/2011,BRO,TX,ASW,CE,Federal Contract Tower,3,18,37,22,80,1,0,29,4,34,4,18,66,26,114,58,86,144,258
08/06/2011,BRO,TX,ASW,CE,Federal Contract Tower,4,16,34,0,54,1,0,21,0,22,5,16,55,0,76,4,0,4,80
08/07/2011,BRO,TX,ASW,CE,Federal Contract Tower,3,17,41,0,61,1,0,28,0,29,4,17,69,0,90,10,0,10,100
08/08/2011,BRO,TX,ASW,CE,Federal Contract Tower,5,13,40,33,91,0,0,15,0,15,5,13,55,33,106,0,58,58,164
08/09/2011,BRO,TX,ASW,CE,Federal Contract Tower,3,13,25,16,57,0,0,21,2,23,3,13,46,18,80,17,16,33,113
08/10/2011,BRO,TX,ASW,CE,Federal Contract Tower,2,14,28,46,90,0,0,36,3,39,2,14,64,49,129,2,48,50,179
08/11/2011,BRO,TX,ASW,CE,Federal Contract Tower,0,21,29,32,82,0,0,43,0,43,0,21,72,32,125,23,4,27,152
08/12/2011,BRO,TX,ASW,CE,Federal Contract Tower,1,15,35,18,69,0,0,28,0,28,1,15,63,18,97,0,8,8,105
08/13/2011,BRO,TX,ASW,CE,Federal Contract Tower,0,15,21,4,40,0,0,27,0,27,0,15,48,4,67,14,2,16,83
08/14/2011,BRO,TX,ASW,CE,Federal Contract Tower,3,16,36,14,69,0,0,41,0,41,3,16,77,14,110,10,6,16,126
08/15/2011,BRO,TX,ASW,CE,Federal Contract Tower,6,11,34,38,89,0,0,22,0,22,6,11,56,38,111,44,110,154,265
08/16/2011,BRO,TX,ASW,CE,Federal Contract Tower,1,13,19,18,51,0,0,32,0,32,1,13,51,18,83,4,14,18,101
08/17/2011,BRO,TX,ASW,CE,Federal Contract Tower,2,41,17,32,92,0,0,11,0,11,2,41,28,32,103,0,53,53,156
08/18/2011,BRO,TX,ASW,CE,Federal Contract Tower,1,15,20,30,66,0,0,21,2,23,1,15,41,32,89,10,126,136,225
08/19/2011,BRO,TX,ASW,CE,Federal Contract Tower,1,16,14,10,41,0,0,25,0,25,1,16,39,10,66,30,6,36,102
08/20/2011,BRO,TX,ASW,CE,Federal Contract Tower,0,12,8,4,24,0,0,24,0,24,0,12,32,4,48,58,0,58,106
08/21/2011,BRO,TX,ASW,CE,Federal Contract Tower,0,15,21,4,40,0,0,12,0,12,0,15,33,4,52,0,2,2,54
08/22/2011,BRO,TX,ASW,CE,Federal Contract Tower,2,16,26,18,62,0,0,0,0,0,2,16,26,18,62,10,62,72,134
08/23/2011,BRO,TX,ASW,CE,Federal Contract Tower,1,17,15,30,63,0,0,14,0,14,1,17,29,30,77,0,6,6,83
08/24/2011,BRO,TX,ASW,CE,Federal Contract Tower,1,13,23,18,55,0,0,28,0,28,1,13,51,18,83,44,0,44,127
08/25/2011,BRO,TX,ASW,CE,Federal Contract Tower,3,17,20,0,40,0,0,15,0,15,3,17,35,0,55,0,0,0,55
08/26/2011,BRO,TX,ASW,CE,Federal Contract Tower,0,17,33,12,62,0,0,26,2,28,0,17,59,14,90,30,6,36,126
08/27/2011,BRO,TX,ASW,CE,Federal Contract Tower,0,13,11,0,24,0,0,24,0,24,0,13,35,0,48,16,4,20,68
08/28/2011,BRO,TX,ASW,CE,Federal Contract Tower,0,15,16,0,31,0,0,14,0,14,0,15,30,0,45,30,0,30,75
08/29/2011,BRO,TX,ASW,CE,Federal Contract Tower,1,14,20,21,56,0,0,0,0,0,1,14,20,21,56,8,64,72,128
08/30/2011,BRO,TX,ASW,CE,Federal Contract Tower,2,14,11,20,47,0,0,0,0,0,2,14,11,20,47,10,8,18,65
08/31/2011,BRO,TX,ASW,CE,Federal Contract Tower,1,12,18,16,47,1,0,18,2,21,2,12,36,18,68,6,36,42,110
09/01/2011,BRO,TX,ASW,CE,Federal Contract Tower,1,16,26,8,51,0,0,20,5,25,1,16,46,13,76,4,0,4,80
09/02/2011,BRO,TX,ASW,CE,Federal Contract Tower,0,15,20,0,35,0,0,26,0,26,0,15,46,0,61,6,30,36,97
09/03/2011,BRO,TX,ASW,CE,Federal Contract Tower,0,14,10,6,30,0,0,30,4,34,0,14,40,10,64,28,4,32,96
09/04/2011,BRO,TX,ASW,CE,Federal Contract Tower,1,13,17,0,31,0,0,30,0,30,1,13,47,0,61,0,0,0,61
09/05/2011,BRO,TX,ASW,CE,Federal Contract Tower,5,12,18,0,35,1,0,35,0,36,6,12,53,0,71,0,0,0,71
09/06/2011,BRO,TX,ASW,CE,Federal Contract Tower,0,19,33,32,84,0,0,21,2,23,0,19,54,34,107,6,8,14,121
09/07/2011,BRO,TX,ASW,CE,Federal Contract Tower,4,11,25,21,61,0,0,16,2,18,4,11,41,23,79,20,102,122,201
09/08/2011,BRO,TX,ASW,CE,Federal Contract Tower,4,17,20,39,80,0,0,24,0,24,4,17,44,39,104,0,12,12,116
09/09/2011,BRO,TX,ASW,CE,Federal Contract Tower,0,16,23,20,59,0,0,30,0,30,0,16,53,20,89,42,12,54,143
09/10/2011,BRO,TX,ASW,CE,Federal Contract Tower,0,11,8,4,23,0,0,27,1,28,0,11,35,5,51,20,78,98,149
09/11/2011,BRO,TX,ASW,CE,Federal Contract Tower,1,14,12,6,33,1,0,28,0,29,2,14,40,6,62,0,8,8,70
09/12/2011,BRO,TX,ASW,CE,Federal Contract Tower,1,20,14,25,60,0,0,14,12,26,1,20,28,37,86,2,178,180,266
09/13/2011,BRO,TX,ASW,CE,Federal Contract Tower,1,14,17,25,57,0,0,17,0,17,1,14,34,25,74,10,8,18,92
09/14/2011,BRO,TX,ASW,CE,Federal Contract Tower,4,11,54,34,103,0,0,18,2,20,4,11,72,36,123,4,98,102,225
09/15/2011,BRO,TX,ASW,CE,Federal Contract Tower,0,19,82,28,129,0,0,50,0,50,0,19,132,28,179,0,26,26,205
09/16/2011,BRO,TX,ASW,CE,Federal Contract Tower,0,13,20,1,34,0,0,31,2,33,0,13,51,3,67,4,50,54,121
09/17/2011,BRO,TX,ASW,CE,Federal Contract Tower,0,14,5,0,19,0,0,35,0,35,0,14,40,0,54,8,0,8,62
09/18/2011,BRO,TX,ASW,CE,Federal Contract Tower,0,16,94,2,112,0,0,73,0,73,0,16,167,2,185,2,2,4,189
09/19/2011,BRO,TX,ASW,CE,Federal Contract Tower,1,13,29,2,45,0,1,15,0,16,1,14,44,2,61,2,2,4,65
09/20/2011,BRO,TX,ASW,CE,Federal Contract Tower,3,16,24,23,66,0,0,12,0,12,3,16,36,23,78,0,54,54,132
09/21/2011,BRO,TX,ASW,CE,Federal Contract Tower,5,11,17,22,55,0,0,20,0,20,5,11,37,22,75,8,60,68,143
09/22/2011,BRO,TX,ASW,CE,Federal Contract Tower,1,15,24,22,62,0,0,11,0,11,1,15,35,22,73,0,144,144,217
09/23/2011,BRO,TX,ASW,CE,Federal Contract Tower,2,13,12,10,37,0,0,16,0,16,2,13,28,10,53,18,8,26,79
09/24/2011,BRO,TX,ASW,CE,Federal Contract Tower,0,14,8,6,28,0,0,33,0,33,0,14,41,6,61,20,4,24,85
09/25/2011,BRO,TX,ASW,CE,Federal Contract Tower,6,15,9,0,30,0,0,23,0,23,6,15,32,0,53,36,0,36,89
09/26/2011,BRO,TX,ASW,CE,Federal Contract Tower,1,15,14,12,42,0,0,12,0,12,1,15,26,12,54,12,8,20,74
09/27/2011,BRO,TX,ASW,CE,Federal Contract Tower,3,12,13,34,62,0,0,14,0,14,3,12,27,34,76,0,10,10,86
09/28/2011,BRO,TX,ASW,CE,Federal Contract Tower,1,16,20,20,57,0,0,20,0,20,1,16,40,20,77,0,18,18,95
09/29/2011,BRO,TX,ASW,CE,Federal Contract Tower,0,11,18,0,29,0,0,21,0,21,0,11,39,0,50,4,0,4,54
09/30/2011,BRO,TX,ASW,CE,Federal Contract Tower,3,12,31,2,48,0,0,29,0,29,3,12,60,2,77,12,2,14,91
10/01/2011,BRO,TX,ASW,CE,Federal Contract Tower,1,12,15,0,28,1,0,16,0,17,2,12,31,0,45,10,0,10,55
10/02/2011,BRO,TX,ASW,CE,Federal Contract Tower,2,13,19,14,48,0,0,15,0,15,2,13,34,14,63,0,6,6,69
10/03/2011,BRO,TX,ASW,CE,Federal Contract Tower,0,13,17,23,53,0,0,10,1,11,0,13,27,24,64,0,16,16,80
10/04/2011,BRO,TX,ASW,CE,Federal Contract Tower,0,14,10,22,46,0,0,26,0,26,0,14,36,22,72,2,50,52,124
10/05/2011,BRO,TX,ASW,CE,Federal Contract Tower,1,16,20,4,41,0,0,17,4,21,1,16,37,8,62,0,138,138,200
10/06/2011,BRO,TX,ASW,CE,Federal Contract Tower,2,15,28,35,80,0,0,26,0,26,2,15,54,35,106,0,108,108,214
10/07/2011,BRO,TX,ASW,CE,Federal Contract Tower,6,18,14,2,40,0,0,22,0,22,6,18,36,2,62,0,88,88,150
10/08/2011,BRO,TX,ASW,CE,Federal Contract Tower,1,12,33,0,46,0,0,23,0,23,1,12,56,0,69,20,0,20,89
10/09/2011,BRO,TX,ASW,CE,Federal Contract Tower,1,20,17,0,38,0,0,14,0,14,1,20,31,0,52,2,0,2,54
10/10/2011,BRO,TX,ASW,CE,Federal Contract Tower,2,16,25,0,43,0,0,14,0,14,2,16,39,0,57,6,0,6,63
10/11/2011,BRO,TX,ASW,CE,Federal Contract Tower,2,14,16,12,44,0,0,12,2,14,2,14,28,14,58,6,68,74,132
10/12/2011,BRO,TX,ASW,CE,Federal Contract Tower,9,17,19,25,70,0,0,24,0,24,9,17,43,25,94,2,88,90,184
10/13/2011,BRO,TX,ASW,CE,Federal Contract Tower,3,14,40,12,69,0,0,15,0,15,3,14,55,12,84,2,10,12,96
10/14/2011,BRO,TX,ASW,CE,Federal Contract Tower,8,15,30,16,69,0,0,31,0,31,8,15,61,16,100,2,14,16,116
10/15/2011,BRO,TX,ASW,CE,Federal Contract Tower,1,11,16,6,34,1,0,23,0,24,2,11,39,6,58,28,6,34,92
10/16/2011,BRO,TX,ASW,CE,Federal Contract Tower,1,18,14,0,33,0,0,15,0,15,1,18,29,0,48,0,0,0,48
10/17/2011,BRO,TX,ASW,CE,Federal Contract Tower,3,14,15,10,42,0,0,19,0,19,3,14,34,10,61,26,6,32,93
10/18/2011,BRO,TX,ASW,CE,Federal Contract Tower,4,12,10,2,28,0,0,26,0,26,4,12,36,2,54,0,0,0,54
10/19/2011,BRO,TX,ASW,CE,Federal Contract Tower,6,12,17,18,53,0,0,16,1,17,6,12,33,19,70,0,26,26,96
10/20/2011,BRO,TX,ASW,CE,Federal Contract Tower,10,13,23,4,50,0,0,25,0,25,10,13,48,4,75,6,0,6,81
10/21/2011,BRO,TX,ASW,CE,Federal Contract Tower,4,16,26,6,52,0,0,16,2,18,4,16,42,8,70,22,8,30,100
10/22/2011,BRO,TX,ASW,CE,Federal Contract Tower,0,12,14,0,26,0,0,19,0,19,0,12,33,0,45,10,0,10,55
10/23/2011,BRO,TX,ASW,CE,Federal Contract Tower,0,17,21,2,40,0,0,22,0,22,0,17,43,2,62,0,2,2,64
10/24/2011,BRO,TX,ASW,CE,Federal Contract Tower,0,16,21,14,51,0,0,17,0,17,0,16,38,14,68,70,6,76,144
10/25/2011,BRO,TX,ASW,CE,Federal Contract Tower,0,13,12,8,33,0,0,8,0,8,0,13,20,8,41,0,6,6,47
10/26/2011,BRO,TX,ASW,CE,Federal Contract Tower,1,15,37,10,63,0,0,14,2,16,1,15,51,12,79,22,16,38,117
10/27/2011,BRO,TX,ASW,CE,Federal Contract Tower,3,13,17,32,65,0,0,20,0,20,3,13,37,32,85,4,106,110,195
10/28/2011,BRO,TX,ASW,CE,Federal Contract Tower,1,16,20,19,56,0,0,13,1,14,1,16,33,20,70,4,68,72,142
10/29/2011,BRO,TX,ASW,CE,Federal Contract Tower,1,12,13,0,26,0,0,13,0,13,1,12,26,0,39,0,0,0,39
10/30/2011,BRO,TX,ASW,CE,Federal Contract Tower,0,15,18,0,33,0,0,15,0,15,0,15,33,0,48,22,0,22,70
10/31/2011,BRO,TX,ASW,CE,Federal Contract Tower,0,11,8,16,35,0,0,9,0,9,0,11,17,16,44,0,14,14,58
11/01/2011,BRO,TX,ASW,CE,Federal Contract Tower,1,14,16,9,40,0,0,19,1,20,1,14,35,10,60,18,76,94,154
11/02/2011,BRO,TX,ASW,CE,Federal Contract Tower,1,16,21,17,55,0,0,25,2,27,1,16,46,19,82,76,60,136,218
11/03/2011,BRO,TX,ASW,CE,Federal Contract Tower,2,14,11,15,42,0,0,6,0,6,2,14,17,15,48,0,12,12,60
11/04/2011,BRO,TX,ASW,CE,Federal Contract Tower,2,14,15,0,31,0,0,13,0,13,2,14,28,0,44,0,0,0,44
11/05/2011,BRO,TX,ASW,CE,Federal Contract Tower,1,11,16,23,51,0,0,20,0,20,1,11,36,23,71,36,10,46,117
11/06/2011,BRO,TX,ASW,CE,Federal Contract Tower,1,15,34,2,52,0,0,8,0,8,1,15,42,2,60,0,2,2,62
11/07/2011,BRO,TX,ASW,CE,Federal Contract Tower,1,14,7,14,36,0,0,10,0,10,1,14,17,14,46,0,4,4,50
11/08/2011,BRO,TX,ASW,CE,Federal Contract Tower,1,13,9,12,35,0,0,10,0,10,1,13,19,12,45,0,6,6,51
11/09/2011,BRO,TX,ASW,CE,Federal Contract Tower,1,20,20,18,59,0,0,13,0,13,1,20,33,18,72,0,16,16,88
11/10/2011,BRO,TX,ASW,CE,Federal Contract Tower,1,15,19,10,45,0,0,25,4,29,1,15,44,14,74,12,8,20,94
11/11/2011,BRO,TX,ASW,CE,Federal Contract Tower,1,18,26,0,45,0,0,33,0,33,1,18,59,0,78,0,0,0,78
11/12/2011,BRO,TX,ASW,CE,Federal Contract Tower,1,14,12,0,27,0,0,23,0,23,1,14,35,0,50,40,0,40,90
11/13/2011,BRO,TX,ASW,CE,Federal Contract Tower,0,14,19,0,33,0,0,14,0,14,0,14,33,0,47,0,0,0,47
11/14/2011,BRO,TX,ASW,CE,Federal Contract Tower,0,12,19,20,51,0,0,13,0,13,0,12,32,20,64,0,78,78,142
11/15/2011,BRO,TX,ASW,CE,Federal Contract Tower,1,10,15,30,56,0,0,9,0,9,1,10,24,30,65,0,12,12,77
11/16/2011,BRO,TX,ASW,CE,Federal Contract Tower,1,13,21,22,57,0,0,13,1,14,1,13,34,23,71,0,34,34,105
11/17/2011,BRO,TX,ASW,CE,Federal Contract Tower,0,17,42,24,83,0,0,18,1,19,0,17,60,25,102,4,94,98,200
11/18/2011,BRO,TX,ASW,CE,Federal Contract Tower,0,14,59,0,73,0,0,25,0,25,0,14,84,0,98,6,0,6,104
11/19/2011,BRO,TX,ASW,CE,Federal Contract Tower,0,14,27,0,41,0,0,13,0,13,0,14,40,0,54,0,0,0,54
11/20/2011,BRO,TX,ASW,CE,Federal Contract Tower,2,15,25,0,42,0,0,19,0,19,2,15,44,0,61,0,0,0,61
11/21/2011,BRO,TX,ASW,CE,Federal Contract Tower,0,12,51,16,79,0,0,27,0,27,0,12,78,16,106,0,18,18,124
11/22/2011,BRO,TX,ASW,CE,Federal Contract Tower,0,13,25,18,56,0,0,11,1,12,0,13,36,19,68,8,112,120,188
11/23/2011,BRO,TX,ASW,CE,Federal Contract Tower,0,21,22,0,43,0,0,19,0,19,0,21,41,0,62,0,0,0,62
11/24/2011,BRO,TX,ASW,CE,Federal Contract Tower,0,7,14,0,21,0,0,13,0,13,0,7,27,0,34,0,0,0,34
11/25/2011,BRO,TX,ASW,CE,Federal Contract Tower,0,14,9,0,23,0,0,29,0,29,0,14,38,0,52,18,0,18,70
11/26/2011,BRO,TX,ASW,CE,Federal Contract Tower,0,13,22,0,35,0,0,15,0,15,0,13,37,0,50,28,0,28,78
11/27/2011,BRO,TX,ASW,CE,Federal Contract Tower,3,15,21,0,39,0,0,18,0,18,3,15,39,0,57,8,0,8,65
11/28/2011,BRO,TX,ASW,CE,Federal Contract Tower,0,13,19,46,78,0,0,19,0,19,0,13,38,46,97,0,64,64,161
11/29/2011,BRO,TX,ASW,CE,Federal Contract Tower,4,11,11,24,50,0,0,23,0,23,4,11,34,24,73,0,92,92,165
11/30/2011,BRO,TX,ASW,CE,Federal Contract Tower,4,17,11,24,56,0,0,19,0,19,4,17,30,24,75,6,40,46,121
12/01/2011,BRO,TX,ASW,CE,Federal Contract Tower,4,13,34,14,65,0,0,24,0,24,4,13,58,14,89,4,12,16,105
12/02/2011,BRO,TX,ASW,CE,Federal Contract Tower,3,18,44,2,67,0,0,9,2,11,3,18,53,4,78,2,46,48,126
12/03/2011,BRO,TX,ASW,CE,Federal Contract Tower,0,13,8,2,23,0,0,7,0,7,0,13,15,2,30,0,2,2,32
12/04/2011,BRO,TX,ASW,CE,Federal Contract Tower,0,15,32,4,51,0,0,7,0,7,0,15,39,4,58,0,4,4,62
12/05/2011,BRO,TX,ASW,CE,Federal Contract Tower,1,10,29,40,80,0,0,12,2,14,1,10,41,42,94,0,26,26,120
12/06/2011,BRO,TX,ASW,CE,Federal Contract Tower,1,11,16,24,52,0,0,12,2,14,1,11,28,26,66,0,10,10,76
12/07/2011,BRO,TX,ASW,CE,Federal Contract Tower,1,13,28,6,48,0,0,16,0,16,1,13,44,6,64,0,6,6,70
12/08/2011,BRO,TX,ASW,CE,Federal Contract Tower,1,12,18,18,49,0,0,32,2,34,1,12,50,20,83,34,42,76,159
12/09/2011,BRO,TX,ASW,CE,Federal Contract Tower,1,15,34,14,64,0,0,19,2,21,1,15,53,16,85,0,14,14,99
12/10/2011,BRO,TX,ASW,CE,Federal Contract Tower,0,13,13,0,26,0,0,2,0,2,0,13,15,0,28,14,0,14,42
12/11/2011,BRO,TX,ASW,CE,Federal Contract Tower,0,15,31,2,48,0,0,3,0,3,0,15,34,2,51,2,2,4,55
12/12/2011,BRO,TX,ASW,CE,Federal Contract Tower,0,16,25,18,59,0,0,10,0,10,0,16,35,18,69,0,8,8,77
12/13/2011,BRO,TX,ASW,CE,Federal Contract Tower,1,20,24,43,88,0,0,8,0,8,1,20,32,43,96,0,12,12,108
12/14/2011,BRO,TX,ASW,CE,Federal Contract Tower,4,20,29,16,69,0,0,31,0,31,4,20,60,16,100,0,92,92,192
12/15/2011,BRO,TX,ASW,CE,Federal Contract Tower,2,12,28,12,54,0,0,13,4,17,2,12,41,16,71,0,76,76,147
12/16/2011,BRO,TX,ASW,CE,Federal Contract Tower,3,15,28,4,50,0,0,0,0,0,3,15,28,4,50,0,4,4,54
12/17/2011,BRO,TX,ASW,CE,Federal Contract Tower,3,12,16,2,33,0,0,0,0,0,3,12,16,2,33,0,2,2,35
12/18/2011,BRO,TX,ASW,CE,Federal Contract Tower,0,17,25,4,46,0,0,2,0,2,0,17,27,4,48,12,2,14,62
12/19/2011,BRO,TX,ASW,CE,Federal Contract Tower,2,14,18,16,50,0,0,13,0,13,2,14,31,16,63,0,12,12,75
12/20/2011,BRO,TX,ASW,CE,Federal Contract Tower,1,18,24,42,85,0,0,13,0,13,1,18,37,42,98,0,20,20,118
12/21/2011,BRO,TX,ASW,CE,Federal Contract Tower,6,20,24,0,50,0,0,18,0,18,6,20,42,0,68,0,0,0,68
12/22/2011,BRO,TX,ASW,CE,Federal Contract Tower,4,10,20,14,48,0,0,29,0,29,4,10,49,14,77,0,164,164,241
12/23/2011,BRO,TX,ASW,CE,Federal Contract Tower,1,14,20,2,37,0,0,1,0,1,1,14,21,2,38,0,2,2,40
12/24/2011,BRO,TX,ASW,CE,Federal Contract Tower,0,12,4,0,16,0,0,0,0,0,0,12,4,0,16,0,0,0,16
12/25/2011,BRO,TX,ASW,CE,Federal Contract Tower,0,14,17,0,31,0,0,2,0,2,0,14,19,0,33,0,0,0,33
12/26/2011,BRO,TX,ASW,CE,Federal Contract Tower,0,16,48,0,64,0,0,31,0,31,0,16,79,0,95,14,0,14,109
12/27/2011,BRO,TX,ASW,CE,Federal Contract Tower,0,22,32,2,56,0,0,44,1,45,0,22,76,3,101,4,60,64,165
12/28/2011,BRO,TX,ASW,CE,Federal Contract Tower,0,19,25,6,50,0,0,25,0,25,0,19,50,6,75,16,4,20,95
12/29/2011,BRO,TX,ASW,CE,Federal Contract Tower,0,11,20,0,31,0,0,39,3,42,0,11,59,3,73,4,64,68,141
12/30/2011,BRO,TX,ASW,CE,Federal Contract Tower,0,13,23,0,36,0,0,17,2,19,0,13,40,2,55,30,0,30,85
12/31/2011,BRO,TX,ASW,CE,Federal Contract Tower,0,12,6,0,18,0,0,8,0,8,0,12,14,0,26,10,0,10,36
01/01/2012,BRO,TX,ASW,CE,Federal Contract Tower,0,14,18,0,32,0,0,0,0,0,0,14,18,0,32,0,0,0,32
01/02/2012,BRO,TX,ASW,CE,Federal Contract Tower,0,13,56,0,69,0,0,25,0,25,0,13,81,0,94,14,0,14,108
01/03/2012,BRO,TX,ASW,CE,Federal Contract Tower,0,10,34,6,50,0,0,9,0,9,0,10,43,6,59,4,4,8,67
01/04/2012,BRO,TX,ASW,CE,Federal Contract Tower,0,18,11,22,51,0,0,29,0,29,0,18,40,22,80,8,18,26,106
01/05/2012,BRO,TX,ASW,CE,Federal Contract Tower,4,13,8,12,37,0,0,14,2,16,4,13,22,14,53,40,4,44,97
01/06/2012,BRO,TX,ASW,CE,Federal Contract Tower,0,15,16,28,59,0,0,17,0,17,0,15,33,28,76,40,18,58,134
01/07/2012,BRO,TX,ASW,CE,Federal Contract Tower,0,14,12,12,38,0,0,27,2,29,0,14,39,14,67,40,8,48,115
01/08/2012,BRO,TX,ASW,CE,Federal Contract Tower,0,10,29,0,39,0,0,19,0,19,0,10,48,0,58,12,0,12,70
01/09/2012,BRO,TX,ASW,CE,Federal Contract Tower,1,7,21,45,74,0,0,4,0,4,1,7,25,45,78,0,86,86,164
01/10/2012,BRO,TX,ASW,CE,Federal Contract Tower,0,12,11,2,25,0,0,17,0,17,0,12,28,2,42,0,0,0,42
01/11/2012,BRO,TX,ASW,CE,Federal Contract Tower,0,14,13,12,39,0,0,22,0,22,0,14,35,12,61,38,98,136,197
01/12/2012,BRO,TX,ASW,CE,Federal Contract Tower,1,19,22,20,62,0,0,30,2,32,1,19,52,22,94,0,76,76,170
01/13/2012,BRO,TX,ASW,CE,Federal Contract Tower,0,16,16,14,46,0,0,30,0,30,0,16,46,14,76,42,12,54,130
01/14/2012,BRO,TX,ASW,CE,Federal Contract Tower,0,12,8,4,24,0,0,29,0,29,0,12,37,4,53,40,4,44,97
01/15/2012,BRO,TX,ASW,CE,Federal Contract Tower,0,15,11,0,26,0,0,6,0,6,0,15,17,0,32,0,4,4,36
01/16/2012,BRO,TX,ASW,CE,Federal Contract Tower,1,15,17,0,33,0,0,20,0,20,1,15,37,0,53,12,0,12,65
01/17/2012,BRO,TX,ASW,CE,Federal Contract Tower,0,11,13,20,44,0,0,15,0,15,0,11,28,20,59,0,10,10,69
01/18/2012,BRO,TX,ASW,CE,Federal Contract Tower,0,13,36,12,61,0,0,7,0,7,0,13,43,12,68,8,12,20,88
01/19/2012,BRO,TX,ASW,CE,Federal Contract Tower,0,13,18,30,61,0,0,4,0,4,0,13,22,30,65,28,22,50,115
01/20/2012,BRO,TX,ASW,CE,Federal Contract Tower,0,15,31,2,48,0,0,24,0,24,0,15,55,2,72,2,0,2,74
01/21/2012,BRO,TX,ASW,CE,Federal Contract Tower,0,12,19,3,34,0,0,18,0,18,0,12,37,3,52,30,2,32,84
01/22/2012,BRO,TX,ASW,CE,Federal Contract Tower,0,15,13,0,28,0,0,15,0,15,0,15,28,0,43,0,0,0,43
01/23/2012,BRO,TX,ASW,CE,Federal Contract Tower,0,13,29,27,69,0,0,12,1,13,0,13,41,28,82,6,14,20,102
01/24/2012,BRO,TX,ASW,CE,Federal Contract Tower,1,10,13,18,42,0,0,9,0,9,1,10,22,18,51,18,16,34,85
01/25/2012,BRO,TX,ASW,CE,Federal Contract Tower,2,9,26,14,51,0,0,18,0,18,2,9,44,14,69,26,48,74,143
01/26/2012,BRO,TX,ASW,CE,Federal Contract Tower,0,13,21,8,42,0,0,26,4,30,0,13,47,12,72,96,80,176,248
01/27/2012,BRO,TX,ASW,CE,Federal Contract Tower,0,16,28,6,50,0,0,30,0,30,0,16,58,6,80,48,24,72,152
01/28/2012,BRO,TX,ASW,CE,Federal Contract Tower,0,11,14,2,27,0,0,12,0,12,0,11,26,2,39,0,2,2,41
01/29/2012,BRO,TX,ASW,CE,Federal Contract Tower,0,15,30,16,61,0,0,18,2,20,0,15,48,18,81,6,12,18,99
01/30/2012,BRO,TX,ASW,CE,Federal Contract Tower,1,14,20,11,46,0,0,10,1,11,1,14,30,12,57,14,8,22,79
01/31/2012,BRO,TX,ASW,CE,Federal Contract Tower,0,10,16,22,48,0,0,24,0,24,0,10,40,22,72,30,16,46,118
02/01/2012,BRO,TX,ASW,CE,Federal Contract Tower,0,18,22,16,56,0,0,11,0,11,0,18,33,16,67,0,69,69,136
02/02/2012,BRO,TX,ASW,CE,Federal Contract Tower,0,13,59,22,94,0,0,15,1,16,0,13,74,23,110,22,60,82,192
02/03/2012,BRO,TX,ASW,CE,Federal Contract Tower,0,14,51,8,73,0,0,20,0,20,0,14,71,8,93,0,6,6,99
02/04/2012,BRO,TX,ASW,CE,Federal Contract Tower,0,12,10,2,24,0,0,10,0,10,0,12,20,2,34,0,0,0,34
02/05/2012,BRO,TX,ASW,CE,Federal Contract Tower,0,15,14,6,35,0,0,4,0,4,0,15,18,6,39,0,2,2,41
02/06/2012,BRO,TX,ASW,CE,Federal Contract Tower,0,20,81,26,127,0,0,7,0,7,0,20,88,26,134,0,18,18,152
02/07/2012,BRO,TX,ASW,CE,Federal Contract Tower,0,11,22,22,55,0,0,7,0,7,0,11,29,22,62,2,18,20,82
02/08/2012,BRO,TX,ASW,CE,Federal Contract Tower,0,14,28,2,44,0,0,4,0,4,0,14,32,2,48,0,2,2,50
02/09/2012,BRO,TX,ASW,CE,Federal Contract Tower,2,12,29,2,45,0,0,2,4,6,2,12,31,6,51,0,0,0,51
02/10/2012,BRO,TX,ASW,CE,Federal Contract Tower,0,14,26,14,54,0,0,1,0,1,0,14,27,14,55,0,10,10,65
02/11/2012,BRO,TX,ASW,CE,Federal Contract Tower,0,13,8,0,21,0,0,18,0,18,0,13,26,0,39,14,0,14,53
02/12/2012,BRO,TX,ASW,CE,Federal Contract Tower,0,17,17,8,42,0,0,2,0,2,0,17,19,8,44,0,2,2,46
02/13/2012,BRO,TX,ASW,CE,Federal Contract Tower,0,13,23,20,56,0,0,16,2,18,0,13,39,22,74,8,18,26,100
02/14/2012,BRO,TX,ASW,CE,Federal Contract Tower,1,13,23,16,53,0,0,8,5,13,1,13,31,21,66,0,8,8,74
02/15/2012,BRO,TX,ASW,CE,Federal Contract Tower,0,13,24,29,66,0,0,26,2,28,0,13,50,31,94,30,22,52,146
02/16/2012,BRO,TX,ASW,CE,Federal Contract Tower,0,14,27,6,47,0,0,9,7,16,0,14,36,13,63,44,4,48,111
02/17/2012,BRO,TX,ASW,CE,Federal Contract Tower,0,16,26,4,46,0,0,0,0,0,0,16,26,4,46,0,2,2,48
02/18/2012,BRO,TX,ASW,CE,Federal Contract Tower,1,13,24,2,40,0,0,11,0,11,1,13,35,2,51,0,2,2,53
02/19/2012,BRO,TX,ASW,CE,Federal Contract Tower,0,15,33,0,48,0,0,24,4,28,0,15,57,4,76,26,0,26,102
02/20/2012,BRO,TX,ASW,CE,Federal Contract Tower,0,17,23,0,40,0,0,16,0,16,0,17,39,0,56,0,0,0,56
02/21/2012,BRO,TX,ASW,CE,Federal Contract Tower,1,16,21,6,44,0,0,24,0,24,1,16,45,6,68,12,4,16,84
02/22/2012,BRO,TX,ASW,CE,Federal Contract Tower,1,13,28,18,60,0,0,26,0,26,1,13,54,18,86,66,6,72,158
02/23/2012,BRO,TX,ASW,CE,Federal Contract Tower,0,13,29,28,70,0,0,9,0,9,0,13,38,28,79,10,10,20,99
02/24/2012,BRO,TX,ASW,CE,Federal Contract Tower,2,18,25,12,57,0,0,8,0,8,2,18,33,12,65,0,6,6,71
02/25/2012,BRO,TX,ASW,CE,Federal Contract Tower,0,13,18,0,31,0,0,7,0,7,0,13,25,0,38,10,0,10,48
02/26/2012,BRO,TX,ASW,CE,Federal Contract Tower,1,18,30,0,49,0,0,32,0,32,1,18,62,0,81,0,0,0,81
02/27/2012,BRO,TX,ASW,CE,Federal Contract Tower,0,15,24,14,53,0,0,12,1,13,0,15,36,15,66,54,10,64,130
02/28/2012,BRO,TX,ASW,CE,Federal Contract Tower,0,12,21,10,43,0,0,13,0,13,0,12,34,10,56,2,6,8,64
02/29/2012,BRO,TX,ASW,CE,Federal Contract Tower,1,17,29,12,59,0,0,16,0,16,1,17,45,12,75,0,4,4,79
03/01/2012,BRO,TX,ASW,CE,Federal Contract Tower,0,17,32,16,65,0,0,29,2,31,0,17,61,18,96,0,68,68,164
03/02/2012,BRO,TX,ASW,CE,Federal Contract Tower,1,18,40,4,63,0,0,23,0,23,1,18,63,4,86,0,2,2,88
03/03/2012,BRO,TX,ASW,CE,Federal Contract Tower,0,16,23,0,39,0,0,18,1,19,0,16,41,1,58,10,6,16,74
03/04/2012,BRO,TX,ASW,CE,Federal Contract Tower,0,17,21,0,38,0,0,36,0,36,0,17,57,0,74,14,0,14,88
03/05/2012,BRO,TX,ASW,CE,Federal Contract Tower,1,15,17,20,53,0,0,45,4,49,1,15,62,24,102,0,66,66,168
03/06/2012,BRO,TX,ASW,CE,Federal Contract Tower,1,14,10,10,35,0,0,37,2,39,1,14,47,12,74,6,34,40,114
03/07/2012,BRO,TX,ASW,CE,Federal Contract Tower,1,14,10,15,40,0,0,15,5,20,1,14,25,20,60,0,2,2,62
03/08/2012,BRO,TX,ASW,CE,Federal Contract Tower,0,15,13,22,50,0,0,12,3,15,0,15,25,25,65,2,8,10,75
03/09/2012,BRO,TX,ASW,CE,Federal Contract Tower,4,14,21,14,53,0,0,1,0,1,4,14,22,14,54,0,12,12,66
03/10/2012,BRO,TX,ASW,CE,Federal Contract Tower,1,10,19,4,34,0,0,6,0,6,1,10,25,4,40,0,2,2,42
03/11/2012,BRO,TX,ASW,CE,Federal Contract Tower,0,12,28,0,40,0,0,12,11,23,0,12,40,11,63,2,0,2,65
03/12/2012,BRO,TX,ASW,CE,Federal Contract Tower,1,16,26,20,63,0,0,28,0,28,1,16,54,20,91,16,8,24,115
03/13/2012,BRO,TX,ASW,CE,Federal Contract Tower,0,16,13,26,55,0,0,33,0,33,0,16,46,26,88,10,64,74,162
03/14/2012,BRO,TX,ASW,CE,Federal Contract Tower,0,14,21,12,47,0,0,32,2,34,0,14,53,14,81,74,28,102,183
03/15/2012,BRO,TX,ASW,CE,Federal Contract Tower,0,11,28,18,57,0,0,35,10,45,0,11,63,28,102,0,152,152,254
03/16/2012,BRO,TX,ASW,CE,Federal Contract Tower,0,16,56,15,87,0,0,34,1,35,0,16,90,16,122,16,60,76,198
03/17/2012,BRO,TX,ASW,CE,Federal Contract Tower,0,13,30,0,43,0,0,32,0,32,0,13,62,0,75,30,0,30,105
03/18/2012,BRO,TX,ASW,CE,Federal Contract Tower,0,15,22,0,37,0,0,17,0,17,0,15,39,0,54,0,0,0,54
03/19/2012,BRO,TX,ASW,CE,Federal Contract Tower,0,21,47,12,80,0,0,34,0,34,0,21,81,12,114,2,10,12,126
03/20/2012,BRO,TX,ASW,CE,Federal Contract Tower,0,9,41,23,73,0,0,8,4,12,0,9,49,27,85,22,6,28,113
03/21/2012,BRO,TX,ASW,CE,Federal Contract Tower,0,14,23,20,57,0,0,42,8,50,0,14,65,28,107,12,10,22,129
03/22/2012,BRO,TX,ASW,CE,Federal Contract Tower,2,13,25,3,43,0,0,34,7,41,2,13,59,10,84,0,12,12,96
03/23/2012,BRO,TX,ASW,CE,Federal Contract Tower,1,16,25,1,43,0,0,46,1,47,1,16,71,2,90,50,28,78,168
03/24/2012,BRO,TX,ASW,CE,Federal Contract Tower,0,19,16,0,35,0,0,7,0,7,0,19,23,0,42,6,0,6,48
03/25/2012,BRO,TX,ASW,CE,Federal Contract Tower,0,13,14,0,27,0,0,67,0,67,0,13,81,0,94,138,24,162,256
03/26/2012,BRO,TX,ASW,CE,Federal Contract Tower,2,12,29,3,46,0,0,18,0,18,2,12,47,3,64,2,18,20,84
03/27/2012,BRO,TX,ASW,CE,Federal Contract Tower,0,17,19,14,50,0,0,16,3,19,0,17,35,17,69,0,4,4,73
03/28/2012,BRO,TX,ASW,CE,Federal Contract Tower,1,13,14,8,36,0,0,25,2,27,1,13,39,10,63,14,10,24,87
03/29/2012,BRO,TX,ASW,CE,Federal Contract Tower,0,16,27,14,57,0,0,20,4,24,0,16,47,18,81,7,40,47,128
03/30/2012,BRO,TX,ASW,CE,Federal Contract Tower,3,18,54,18,93,0,0,35,4,39,3,18,89,22,132,0,44,44,176
03/31/2012,BRO,TX,ASW,CE,Federal Contract Tower,1,19,50,0,70,0,0,31,0,31,1,19,81,0,101,0,0,0,101
04/01/2012,BRO,TX,ASW,CE,Federal Contract Tower,0,17,44,0,61,0,0,32,0,32,0,17,76,0,93,16,0,16,109
04/02/2012,BRO,TX,ASW,CE,Federal Contract Tower,1,15,44,14,74,0,0,18,0,18,1,15,62,14,92,10,6,16,108
04/03/2012,BRO,TX,ASW,CE,Federal Contract Tower,2,11,40,20,73,0,0,0,0,0,2,11,40,20,73,4,18,22,95
04/04/2012,BRO,TX,ASW,CE,Federal Contract Tower,1,22,55,0,78,0,0,26,2,28,1,22,81,2,106,4,32,36,142
04/05/2012,BRO,TX,ASW,CE,Federal Contract Tower,1,15,27,6,49,0,0,12,2,14,1,15,39,8,63,0,68,68,131
04/06/2012,BRO,TX,ASW,CE,Federal Contract Tower,0,19,41,13,73,0,0,23,1,24,0,19,64,14,97,10,4,14,111
04/07/2012,BRO,TX,ASW,CE,Federal Contract Tower,0,18,27,0,45,0,0,26,0,26,0,18,53,0,71,6,0,6,77
04/08/2012,BRO,TX,ASW,CE,Federal Contract Tower,0,16,107,0,123,0,0,38,0,38,0,16,145,0,161,2,0,2,163
04/09/2012,BRO,TX,ASW,CE,Federal Contract Tower,0,14,70,2,86,0,0,40,2,42,0,14,110,4,128,6,2,8,136
04/10/2012,BRO,TX,ASW,CE,Federal Contract Tower,0,14,31,8,53,0,0,22,5,27,0,14,53,13,80,2,112,114,194
04/11/2012,BRO,TX,ASW,CE,Federal Contract Tower,2,20,30,2,54,0,0,23,0,23,2,20,53,2,77,10,0,10,87
04/12/2012,BRO,TX,ASW,CE,Federal Contract Tower,0,29,33,14,76,0,0,16,0,16,0,29,49,14,92,0,0,0,92
04/13/2012,BRO,TX,ASW,CE,Federal Contract Tower,0,21,45,6,72,0,0,23,2,25,0,21,68,8,97,0,86,86,183
04/14/2012,BRO,TX,ASW,CE,Federal Contract Tower,0,21,40,0,61,0,0,28,0,28,0,21,68,0,89,0,0,0,89
04/15/2012,BRO,TX,ASW,CE,Federal Contract Tower,0,15,49,0,64,0,0,23,0,23,0,15,72,0,87,0,0,0,87
04/16/2012,BRO,TX,ASW,CE,Federal Contract Tower,1,16,13,0,30,0,0,3,0,3,1,16,16,0,33,0,0,0,33
04/17/2012,BRO,TX,ASW,CE,Federal Contract Tower,5,21,19,12,57,0,0,11,0,11,5,21,30,12,68,0,0,0,68
04/18/2012,BRO,TX,ASW,CE,Federal Contract Tower,7,15,19,22,63,0,0,19,2,21,7,15,38,24,84,50,66,116,200
04/19/2012,BRO,TX,ASW,CE,Federal Contract Tower,3,17,28,10,58,0,0,19,0,19,3,17,47,10,77,42,6,48,125
04/20/2012,BRO,TX,ASW,CE,Federal Contract Tower,3,19,22,4,48,0,0,6,0,6,3,19,28,4,54,52,0,52,106
04/21/2012,BRO,TX,ASW,CE,Federal Contract Tower,2,12,10,2,26,0,0,12,0,12,2,12,22,2,38,54,2,56,94
04/22/2012,BRO,TX,ASW,CE,Federal Contract Tower,4,17,17,0,38,0,0,36,2,38,4,17,53,2,76,10,0,10,86
04/23/2012,BRO,TX,ASW,CE,Federal Contract Tower,3,14,18,4,39,0,0,21,8,29,3,14,39,12,68,12,2,14,82
04/24/2012,BRO,TX,ASW,CE,Federal Contract Tower,3,15,10,14,42,0,0,24,4,28,3,15,34,18,70,40,58,98,168
04/25/2012,BRO,TX,ASW,CE,Federal Contract Tower,3,13,25,4,45,0,0,16,0,16,3,13,41,4,61,0,0,0,61
04/26/2012,BRO,TX,ASW,CE,Federal Contract Tower,2,12,28,6,48,0,0,22,4,26,2,12,50,10,74,40,6,46,120
04/27/2012,BRO,TX,ASW,CE,Federal Contract Tower,5,20,72,4,101,0,0,26,1,27,5,20,98,5,128,0,0,0,128
04/28/2012,BRO,TX,ASW,CE,Federal Contract Tower,2,21,22,5,50,0,0,27,0,27,2,21,49,5,77,10,2,12,89
04/29/2012,BRO,TX,ASW,CE,Federal Contract Tower,0,17,16,8,41,0,0,18,1,19,0,17,34,9,60,4,16,20,80
04/30/2012,BRO,TX,ASW,CE,Federal Contract Tower,1,14,18,14,47,0,0,24,0,24,1,14,42,14,71,50,10,60,131
05/01/2012,BRO,TX,ASW,CE,Federal Contract Tower,0,28,55,26,109,0,0,23,0,23,0,28,78,26,132,0,0,0,132
05/02/2012,BRO,TX,ASW,CE,Federal Contract Tower,0,13,21,8,42,0,0,12,0,12,0,13,33,8,54,22,2,24,78
05/03/2012,BRO,TX,ASW,CE,Federal Contract Tower,1,17,28,12,58,0,0,11,1,12,1,17,39,13,70,8,70,78,148
05/04/2012,BRO,TX,ASW,CE,Federal Contract Tower,4,15,19,2,40,0,0,16,0,16,4,15,35,2,56,30,2,32,88
05/05/2012,BRO,TX,ASW,CE,Federal Contract Tower,0,13,5,0,18,0,0,29,0,29,0,13,34,0,47,16,48,64,111
05/06/2012,BRO,TX,ASW,CE,Federal Contract Tower,0,15,18,2,35,0,0,25,0,25,0,15,43,2,60,18,2,20,80
05/07/2012,BRO,TX,ASW,CE,Federal Contract Tower,0,13,19,14,46,0,0,9,0,9,0,13,28,14,55,10,10,20,75
05/08/2012,BRO,TX,ASW,CE,Federal Contract Tower,0,12,10,6,28,0,0,13,0,13,0,12,23,6,41,22,52,74,115
05/09/2012,BRO,TX,ASW,CE,Federal Contract Tower,0,19,9,0,28,0,0,12,0,12,0,19,21,0,40,48,0,48,88
05/10/2012,BRO,TX,ASW,CE,Federal Contract Tower,2,11,14,0,27,0,0,9,0,9,2,11,23,0,36,0,0,0,36
05/11/2012,BRO,TX,ASW,CE,Federal Contract Tower,0,15,24,0,39,0,0,13,0,13,0,15,37,0,52,10,0,10,62
05/12/2012,BRO,TX,ASW,CE,Federal Contract Tower,0,18,15,10,43,0,0,14,0,14,0,18,29,10,57,10,2,12,69
05/13/2012,BRO,TX,ASW,CE,Federal Contract Tower,0,15,29,12,56,0,0,23,0,23,0,15,52,12,79,0,2,2,81
05/14/2012,BRO,TX,ASW,CE,Federal Contract Tower,0,13,19,18,50,0,0,19,8,27,0,13,38,26,77,10,68,78,155
05/15/2012,BRO,TX,ASW,CE,Federal Contract Tower,0,20,24,11,55,0,0,15,0,15,0,20,39,11,70,60,6,66,136
05/16/2012,BRO,TX,ASW,CE,Federal Contract Tower,1,13,26,8,48,0,0,17,2,19,1,13,43,10,67,0,70,70,137
05/17/2012,BRO,TX,ASW,CE,Federal Contract Tower,0,13,22,22,57,0,0,18,4,22,0,13,40,26,79,6,76,82,161
05/18/2012,BRO,TX,ASW,CE,Federal Contract Tower,3,22,24,2,51,0,0,20,3,23,3,22,44,5,74,0,4,4,78
05/19/2012,BRO,TX,ASW,CE,Federal Contract Tower,0,22,6,2,30,0,0,26,0,26,0,22,32,2,56,0,2,2,58
05/20/2012,BRO,TX,ASW,CE,Federal Contract Tower,0,15,28,0,43,0,0,35,0,35,0,15,63,0,78,0,0,0,78
05/21/2012,BRO,TX,ASW,CE,Federal Contract Tower,0,12,17,12,41,0,0,13,2,15,0,12,30,14,56,0,4,4,60
05/22/2012,BRO,TX,ASW,CE,Federal Contract Tower,1,14,20,33,68,0,0,19,3,22,1,14,39,36,90,46,36,82,172
05/23/2012,BRO,TX,ASW,CE,Federal Contract Tower,2,14,22,12,50,0,0,18,1,19,2,14,40,13,69,26,26,52,121
05/24/2012,BRO,TX,ASW,CE,Federal Contract Tower,2,12,18,10,42,0,0,19,0,19,2,12,37,10,61,56,6,62,123
05/25/2012,BRO,TX,ASW,CE,Federal Contract Tower,0,18,18,10,46,0,0,37,0,37,0,18,55,10,83,16,4,20,103
05/26/2012,BRO,TX,ASW,CE,Federal Contract Tower,1,14,7,0,22,0,0,32,0,32,1,14,39,0,54,12,0,12,66
05/27/2012,BRO,TX,ASW,CE,Federal Contract Tower,2,13,21,0,36,0,0,29,0,29,2,13,50,0,65,0,0,0,65
05/28/2012,BRO,TX,ASW,CE,Federal Contract Tower,0,16,27,2,45,0,0,23,0,23,0,16,50,2,68,8,14,22,90
05/29/2012,BRO,TX,ASW,CE,Federal Contract Tower,1,18,35,19,73,0,0,15,2,17,1,18,50,21,90,6,36,42,132
05/30/2012,BRO,TX,ASW,CE,Federal Contract Tower,0,10,17,8,35,0,0,19,1,20,0,10,36,9,55,54,8,62,117
05/31/2012,BRO,TX,ASW,CE,Federal Contract Tower,2,16,35,2,55,0,0,37,8,45,2,16,72,10,100,20,100,120,220
06/01/2012,BRO,TX,ASW,CE,Federal Contract Tower,0,16,23,18,57,0,0,22,5,27,0,16,45,23,84,0,56,56,140
06/02/2012,BRO,TX,ASW,CE,Federal Contract Tower,0,15,11,6,32,0,0,33,0,33,0,15,44,6,65,52,2,54,119
06/03/2012,BRO,TX,ASW,CE,Federal Contract Tower,0,15,27,14,56,0,0,24,0,24,0,15,51,14,80,62,10,72,152
06/04/2012,BRO,TX,ASW,CE,Federal Contract Tower,1,23,19,16,59,0,0,15,4,19,1,23,34,20,78,0,66,66,144
06/05/2012,BRO,TX,ASW,CE,Federal Contract Tower,3,18,19,4,44,0,0,19,0,19,3,18,38,4,63,34,4,38,101
06/06/2012,BRO,TX,ASW,CE,Federal Contract Tower,2,12,30,31,75,0,0,23,0,23,2,12,53,31,98,0,10,10,108
06/07/2012,BRO,TX,ASW,CE,Federal Contract Tower,2,13,29,8,52,0,0,16,2,18,2,13,45,10,70,4,80,84,154
06/08/2012,BRO,TX,ASW,CE,Federal Contract Tower,2,19,21,4,46,0,0,28,0,28,2,19,49,4,74,10,0,10,84
06/09/2012,BRO,TX,ASW,CE,Federal Contract Tower,1,13,21,0,35,0,0,35,0,35,1,13,56,0,70,36,0,36,106
06/10/2012,BRO,TX,ASW,CE,Federal Contract Tower,0,19,37,0,56,0,0,27,0,27,0,19,64,0,83,0,10,10,93
06/11/2012,BRO,TX,ASW,CE,Federal Contract Tower,1,13,25,18,57,0,0,18,1,19,1,13,43,19,76,12,108,120,196
06/12/2012,BRO,TX,ASW,CE,Federal Contract Tower,2,7,22,10,41,0,0,23,7,30,2,7,45,17,71,58,46,104,175
06/13/2012,BRO,TX,ASW,CE,Federal Contract Tower,2,17,25,12,56,0,0,26,0,26,2,17,51,12,82,34,50,84,166
06/14/2012,BRO,TX,ASW,CE,Federal Contract Tower,7,16,25,4,52,0,0,37,4,41,7,16,62,8,93,26,30,56,149
06/15/2012,BRO,TX,ASW,CE,Federal Contract Tower,7,20,26,10,63,0,0,34,2,36,7,20,60,12,99,0,64,64,163
06/16/2012,BRO,TX,ASW,CE,Federal Contract Tower,1,14,19,0,34,0,0,26,0,26,1,14,45,0,60,16,0,16,76
06/17/2012,BRO,TX,ASW,CE,Federal Contract Tower,2,19,18,0,39,0,0,35,0,35,2,19,53,0,74,32,0,32,106
06/18/2012,BRO,TX,ASW,CE,Federal Contract Tower,3,21,35,0,59,0,1,29,0,30,3,22,64,0,89,10,4,14,103
06/19/2012,BRO,TX,ASW,CE,Federal Contract Tower,4,18,11,6,39,0,0,14,0,14,4,18,25,6,53,52,0,52,105
06/20/2012,BRO,TX,ASW,CE,Federal Contract Tower,6,17,32,10,65,0,0,19,2,21,6,17,51,12,86,0,22,22,108
06/21/2012,BRO,TX,ASW,CE,Federal Contract Tower,4,13,39,6,62,0,0,6,0,6,4,13,45,6,68,0,2,2,70
06/22/2012,BRO,TX,ASW,CE,Federal Contract Tower,0,20,33,0,53,0,0,18,0,18,0,20,51,0,71,0,0,0,71
06/23/2012,BRO,TX,ASW,CE,Federal Contract Tower,4,13,12,0,29,0,0,18,0,18,4,13,30,0,47,6,0,6,53
06/24/2012,BRO,TX,ASW,CE,Federal Contract Tower,2,15,29,0,46,0,0,33,0,33,2,15,62,0,79,2,0,2,81
06/25/2012,BRO,TX,ASW,CE,Federal Contract Tower,3,11,33,16,63,0,0,29,0,29,3,11,62,16,92,0,64,64,156
06/26/2012,BRO,TX,ASW,CE,Federal Contract Tower,6,18,16,13,53,0,0,33,1,34,6,18,49,14,87,40,70,110,197
06/27/2012,BRO,TX,ASW,CE,Federal Contract Tower,1,11,25,10,47,0,0,24,3,27,1,11,49,13,74,42,150,192,266
06/28/2012,BRO,TX,ASW,CE,Federal Contract Tower,4,19,29,12,64,0,0,27,0,27,4,19,56,12,91,2,10,12,103
06/29/2012,BRO,TX,ASW,CE,Federal Contract Tower,4,16,17,5,42,0,0,23,1,24,4,16,40,6,66,6,4,10,76
06/30/2012,BRO,TX,ASW,CE,Federal Contract Tower,2,20,16,0,38,0,0,13,0,13,2,20,29,0,51,6,0,6,57
07/01/2012,BRO,TX,ASW,CE,Federal Contract Tower,0,16,51,0,67,0,0,19,0,19,0,16,70,0,86,0,0,0,86
07/02/2012,BRO,TX,ASW,CE,Federal Contract Tower,1,13,48,14,76,0,0,22,0,22,1,13,70,14,98,0,7,7,105
07/03/2012,BRO,TX,ASW,CE,Federal Contract Tower,0,19,23,8,50,0,0,29,0,29,0,19,52,8,79,22,74,96,175
07/04/2012,BRO,TX,ASW,CE,Federal Contract Tower,0,0,16,17,33,0,0,33,0,33,0,0,49,17,66,34,0,34,100
07/05/2012,BRO,TX,ASW,CE,Federal Contract Tower,1,11,41,14,67,0,0,28,0,28,1,11,69,14,95,54,10,64,159
07/06/2012,BRO,TX,ASW,CE,Federal Contract Tower,0,13,40,10,63,0,0,42,0,42,0,13,82,10,105,8,8,16,121
07/07/2012,BRO,TX,ASW,CE,Federal Contract Tower,0,13,21,0,34,0,0,26,0,26,0,13,47,0,60,18,0,18,78
07/08/2012,BRO,TX,ASW,CE,Federal Contract Tower,0,13,57,0,70,0,0,34,6,40,0,13,91,6,110,22,6,28,138
07/09/2012,BRO,TX,ASW,CE,Federal Contract Tower,1,16,42,34,93,0,0,15,4,19,1,16,57,38,112,0,24,24,136
07/10/2012,BRO,TX,ASW,CE,Federal Contract Tower,0,11,20,34,65,0,0,25,3,28,0,11,45,37,93,16,82,98,191
07/11/2012,BRO,TX,ASW,CE,Federal Contract Tower,0,21,40,24,85,0,0,19,2,21,0,21,59,26,106,2,46,48,154
07/12/2012,BRO,TX,ASW,CE,Federal Contract Tower,0,20,42,10,72,0,0,18,0,18,0,20,60,10,90,52,6,58,148
07/13/2012,BRO,TX,ASW,CE,Federal Contract Tower,0,17,44,24,85,0,0,31,1,32,0,17,75,25,117,84,12,96,213
07/14/2012,BRO,TX,ASW,CE,Federal Contract Tower,0,16,40,0,56,0,0,30,0,30,0,16,70,0,86,0,0,0,86
07/15/2012,BRO,TX,ASW,CE,Federal Contract Tower,0,15,65,0,80,0,0,32,0,32,0,15,97,0,112,0,0,0,112
07/16/2012,BRO,TX,ASW,CE,Federal Contract Tower,2,12,43,20,77,0,0,41,0,41,2,12,84,20,118,54,12,66,184
07/17/2012,BRO,TX,ASW,CE,Federal Contract Tower,1,12,44,24,81,0,0,27,3,30,1,12,71,27,111,18,54,72,183
07/18/2012,BRO,TX,ASW,CE,Federal Contract Tower,0,15,20,16,51,0,0,21,1,22,0,15,41,17,73,30,34,64,137
07/19/2012,BRO,TX,ASW,CE,Federal Contract Tower,0,11,72,8,91,0,0,18,4,22,0,11,90,12,113,2,4,6,119
07/20/2012,BRO,TX,ASW,CE,Federal Contract Tower,0,13,55,5,73,0,0,24,4,28,0,13,79,9,101,0,2,2,103
07/21/2012,BRO,TX,ASW,CE,Federal Contract Tower,0,10,39,2,51,0,0,35,0,35,0,10,74,2,86,0,2,2,88
07/22/2012,BRO,TX,ASW,CE,Federal Contract Tower,0,15,78,2,95,0,0,43,0,43,0,15,121,2,138,4,0,4,142
07/23/2012,BRO,TX,ASW,CE,Federal Contract Tower,0,14,67,4,85,0,0,18,6,24,0,14,85,10,109,30,2,32,141
07/24/2012,BRO,TX,ASW,CE,Federal Contract Tower,0,21,35,22,78,0,0,31,0,31,0,21,66,22,109,32,54,86,195
07/25/2012,BRO,TX,ASW,CE,Federal Contract Tower,0,15,52,24,91,0,0,28,6,34,0,15,80,30,125,4,14,18,143
07/26/2012,BRO,TX,ASW,CE,Federal Contract Tower,0,16,63,6,85,0,0,24,6,30,0,16,87,12,115,2,140,142,257
07/27/2012,BRO,TX,ASW,CE,Federal Contract Tower,0,16,58,6,80,0,0,28,2,30,0,16,86,8,110,2,42,44,154
07/28/2012,BRO,TX,ASW,CE,Federal Contract Tower,0,14,43,2,59,0,0,26,0,26,0,14,69,2,85,22,0,22,107
07/29/2012,BRO,TX,ASW,CE,Federal Contract Tower,3,16,91,6,116,0,0,25,0,25,3,16,116,6,141,0,14,14,155
07/30/2012,BRO,TX,ASW,CE,Federal Contract Tower,0,13,58,17,88,0,0,29,2,31,0,13,87,19,119,18,124,142,261
07/31/2012,BRO,TX,ASW,CE,Federal Contract Tower,0,13,38,15,66,0,0,19,3,22,0,13,57,18,88,20,10,30,118
08/01/2012,BRO,TX,ASW,CE,Federal Contract Tower,2,14,31,16,63,0,0,12,4,16,2,14,43,20,79,0,12,12,91
08/02/2012,BRO,TX,ASW,CE,Federal Contract Tower,0,14,38,24,76,0,0,27,0,27,0,14,65,24,103,0,12,12,115
08/03/2012,BRO,TX,ASW,CE,Federal Contract Tower,0,28,47,0,75,0,0,43,0,43,0,28,90,0,118,20,0,20,138
08/04/2012,BRO,TX,ASW,CE,Federal Contract Tower,0,13,32,0,45,0,0,27,0,27,0,13,59,0,72,22,0,22,94
08/05/2012,BRO,TX,ASW,CE,Federal Contract Tower,0,14,56,0,70,0,0,22,0,22,0,14,78,0,92,4,0,4,96
08/06/2012,BRO,TX,ASW,CE,Federal Contract Tower,0,11,50,2,63,0,0,12,0,12,0,11,62,2,75,2,2,4,79
08/07/2012,BRO,TX,ASW,CE,Federal Contract Tower,1,13,19,28,61,0,0,15,0,15,1,13,34,28,76,4,74,78,154
08/08/2012,BRO,TX,ASW,CE,Federal Contract Tower,1,13,28,20,62,0,0,23,0,23,1,13,51,20,85,42,14,56,141
08/09/2012,BRO,TX,ASW,CE,Federal Contract Tower,1,11,26,6,44,0,0,19,2,21,1,11,45,8,65,0,2,2,67
08/10/2012,BRO,TX,ASW,CE,Federal Contract Tower,1,23,40,2,66,0,1,14,4,19,1,24,54,6,85,2,56,58,143
08/11/2012,BRO,TX,ASW,CE,Federal Contract Tower,0,12,23,2,37,0,2,32,0,34,0,14,55,2,71,0,0,0,71
08/12/2012,BRO,TX,ASW,CE,Federal Contract Tower,0,13,46,0,59,0,0,30,0,30,0,13,76,0,89,0,0,0,89
08/13/2012,BRO,TX,ASW,CE,Federal Contract Tower,0,11,15,28,54,0,0,22,6,28,0,11,37,34,82,0,144,144,226
08/14/2012,BRO,TX,ASW,CE,Federal Contract Tower,0,15,17,11,43,0,0,37,4,41,0,15,54,15,84,8,72,80,164
08/15/2012,BRO,TX,ASW,CE,Federal Contract Tower,0,13,29,15,57,0,0,29,2,31,0,13,58,17,88,2,8,10,98
08/16/2012,BRO,TX,ASW,CE,Federal Contract Tower,0,12,20,8,40,0,0,22,0,22,0,12,42,8,62,30,4,34,96
08/17/2012,BRO,TX,ASW,CE,Federal Contract Tower,0,16,21,5,42,0,0,23,2,25,0,16,44,7,67,0,68,68,135
08/18/2012,BRO,TX,ASW,CE,Federal Contract Tower,0,9,20,0,29,0,0,36,1,37,0,9,56,1,66,28,0,28,94
08/19/2012,BRO,TX,ASW,CE,Federal Contract Tower,1,14,14,0,29,0,0,26,0,26,1,14,40,0,55,0,0,0,55
08/20/2012,BRO,TX,ASW,CE,Federal Contract Tower,0,13,26,8,47,0,0,8,0,8,0,13,34,8,55,0,8,8,63
08/21/2012,BRO,TX,ASW,CE,Federal Contract Tower,0,12,16,12,40,0,0,6,0,6,0,12,22,12,46,12,8,20,66
08/22/2012,BRO,TX,ASW,CE,Federal Contract Tower,2,12,13,4,31,0,0,15,0,15,2,12,28,4,46,2,4,6,52
08/23/2012,BRO,TX,ASW,CE,Federal Contract Tower,1,12,22,1,36,0,0,22,3,25,1,12,44,4,61,12,50,62,123
08/24/2012,BRO,TX,ASW,CE,Federal Contract Tower,1,15,33,12,61,0,0,19,1,20,1,15,52,13,81,0,56,56,137
08/25/2012,BRO,TX,ASW,CE,Federal Contract Tower,1,7,26,0,34,0,0,0,31,31,1,7,26,31,65,0,0,0,65
08/26/2012,BRO,TX,ASW,CE,Federal Contract Tower,0,14,23,0,37,0,0,17,0,17,0,14,40,0,54,0,0,0,54
08/27/2012,BRO,TX,ASW,CE,Federal Contract Tower,1,12,19,8,40,0,0,12,0,12,1,12,31,8,52,0,112,112,164
08/28/2012,BRO,TX,ASW,CE,Federal Contract Tower,3,12,27,6,48,0,0,11,5,16,3,12,38,11,64,26,62,88,152
08/29/2012,BRO,TX,ASW,CE,Federal Contract Tower,2,17,9,18,46,0,0,18,0,18,2,17,27,18,64,0,78,78,142
08/30/2012,BRO,TX,ASW,CE,Federal Contract Tower,7,14,17,16,54,0,0,20,0,20,7,14,37,16,74,54,8,62,136
08/31/2012,BRO,TX,ASW,CE,Federal Contract Tower,2,18,31,2,53,0,0,18,0,18,2,18,49,2,71,0,0,0,71
09/01/2012,BRO,TX,ASW,CE,Federal Contract Tower,0,10,7,0,17,0,0,15,0,15,0,10,22,0,32,6,0,6,38
09/02/2012,BRO,TX,ASW,CE,Federal Contract Tower,1,11,29,0,41,0,0,27,0,27,1,11,56,0,68,0,0,0,68
09/03/2012,BRO,TX,ASW,CE,Federal Contract Tower,0,10,22,0,32,0,0,24,0,24,0,10,46,0,56,6,0,6,62
09/04/2012,BRO,TX,ASW,CE,Federal Contract Tower,2,14,24,2,42,0,0,16,2,18,2,14,40,4,60,14,44,58,118
09/05/2012,BRO,TX,ASW,CE,Federal Contract Tower,0,14,12,16,42,0,0,13,1,14,0,14,25,17,56,0,56,56,112
09/06/2012,BRO,TX,ASW,CE,Federal Contract Tower,1,13,24,18,56,0,0,23,3,26,1,13,47,21,82,4,8,12,94
09/07/2012,BRO,TX,ASW,CE,Federal Contract Tower,0,17,13,11,41,0,0,30,2,32,0,17,43,13,73,32,46,78,151
09/08/2012,BRO,TX,ASW,CE,Federal Contract Tower,0,9,10,0,19,0,0,24,0,24,0,9,34,0,43,10,2,12,55
09/09/2012,BRO,TX,ASW,CE,Federal Contract Tower,0,12,11,0,23,0,0,28,2,30,0,12,39,2,53,12,0,12,65
09/10/2012,BRO,TX,ASW,CE,Federal Contract Tower,0,12,13,8,33,0,0,11,4,15,0,12,24,12,48,0,68,68,116
09/11/2012,BRO,TX,ASW,CE,Federal Contract Tower,1,12,16,21,50,0,0,18,0,18,1,12,34,21,68,0,10,10,78
09/12/2012,BRO,TX,ASW,CE,Federal Contract Tower,4,13,19,4,40,0,0,20,0,20,4,13,39,4,60,0,26,26,86
09/13/2012,BRO,TX,ASW,CE,Federal Contract Tower,4,18,33,14,69,0,0,10,2,12,4,18,43,16,81,0,8,8,89
09/14/2012,BRO,TX,ASW,CE,Federal Contract Tower,2,17,52,0,71,0,0,0,15,15,2,17,52,15,86,24,0,24,110
09/15/2012,BRO,TX,ASW,CE,Federal Contract Tower,0,9,8,0,17,0,0,13,0,13,0,9,21,0,30,10,0,10,40
09/16/2012,BRO,TX,ASW,CE,Federal Contract Tower,0,16,20,0,36,0,0,20,0,20,0,16,40,0,56,0,0,0,56
09/17/2012,BRO,TX,ASW,CE,Federal Contract Tower,0,20,46,10,76,0,0,36,15,51,0,20,82,25,127,2,148,150,277
09/18/2012,BRO,TX,ASW,CE,Federal Contract Tower,2,12,23,14,51,0,0,25,2,27,2,12,48,16,78,32,10,42,120
09/19/2012,BRO,TX,ASW,CE,Federal Contract Tower,0,15,7,22,44,0,0,16,2,18,0,15,23,24,62,4,56,60,122
09/20/2012,BRO,TX,ASW,CE,Federal Contract Tower,0,17,17,15,49,0,0,42,1,43,0,17,59,16,92,68,18,86,178
09/21/2012,BRO,TX,ASW,CE,Federal Contract Tower,0,18,31,5,54,0,0,37,0,37,0,18,68,5,91,38,6,44,135
09/22/2012,BRO,TX,ASW,CE,Federal Contract Tower,0,11,8,0,19,0,0,40,0,40,0,11,48,0,59,32,0,32,91
09/23/2012,BRO,TX,ASW,CE,Federal Contract Tower,0,14,20,0,34,0,0,28,0,28,0,14,48,0,62,0,0,0,62
09/24/2012,BRO,TX,ASW,CE,Federal Contract Tower,0,11,14,13,38,0,0,21,0,21,0,11,35,13,59,2,78,80,139
09/25/2012,BRO,TX,ASW,CE,Federal Contract Tower,1,16,13,19,49,0,0,14,1,15,1,16,27,20,64,10,80,90,154
09/26/2012,BRO,TX,ASW,CE,Federal Contract Tower,4,9,12,6,31,0,0,8,6,14,4,9,20,12,45,0,122,122,167
09/27/2012,BRO,TX,ASW,CE,Federal Contract Tower,5,20,15,20,60,0,0,23,2,25,5,20,38,22,85,16,108,124,209
09/28/2012,BRO,TX,ASW,CE,Federal Contract Tower,4,15,23,1,43,0,0,14,0,14,4,15,37,1,57,38,2,40,97
09/29/2012,BRO,TX,ASW,CE,Federal Contract Tower,3,9,10,0,22,0,0,9,0,9,3,9,19,0,31,0,4,4,35
09/30/2012,BRO,TX,ASW,CE,Federal Contract Tower,0,12,18,0,30,0,0,15,2,17,0,12,33,2,47,6,0,6,53
10/01/2012,BRO,TX,ASW,CE,Federal Contract Tower,3,13,14,7,37,0,0,23,0,23,3,13,37,7,60,0,4,4,64
10/02/2012,BRO,TX,ASW,CE,Federal Contract Tower,1,11,21,14,47,0,0,17,0,17,1,11,38,14,64,16,6,22,86
10/03/2012,BRO,TX,ASW,CE,Federal Contract Tower,1,15,14,18,48,0,0,18,0,18,1,15,32,18,66,18,8,26,92
10/04/2012,BRO,TX,ASW,CE,Federal Contract Tower,3,14,16,18,51,0,0,20,3,23,3,14,36,21,74,54,28,82,156
10/05/2012,BRO,TX,ASW,CE,Federal Contract Tower,2,15,23,2,42,0,0,40,0,40,2,15,63,2,82,30,2,32,114
10/06/2012,BRO,TX,ASW,CE,Federal Contract Tower,1,8,15,6,30,0,0,32,0,32,1,8,47,6,62,34,2,36,98
10/07/2012,BRO,TX,ASW,CE,Federal Contract Tower,0,16,18,4,38,0,0,6,0,6,0,16,24,4,44,0,8,8,52
10/08/2012,BRO,TX,ASW,CE,Federal Contract Tower,0,16,31,0,47,0,0,8,0,8,0,16,39,0,55,0,0,0,55
10/09/2012,BRO,TX,ASW,CE,Federal Contract Tower,2,15,22,14,53,0,0,28,3,31,2,15,50,17,84,34,8,42,126
10/10/2012,BRO,TX,ASW,CE,Federal Contract Tower,5,12,18,20,55,0,0,16,1,17,5,12,34,21,72,0,18,18,90
10/11/2012,BRO,TX,ASW,CE,Federal Contract Tower,3,15,22,14,54,0,0,15,0,15,3,15,37,14,69,36,14,50,119
10/12/2012,BRO,TX,ASW,CE,Federal Contract Tower,1,13,18,4,36,0,0,23,8,31,1,13,41,12,67,20,66,86,153
10/13/2012,BRO,TX,ASW,CE,Federal Contract Tower,0,10,9,4,23,0,0,15,0,15,0,10,24,4,38,18,2,20,58
10/14/2012,BRO,TX,ASW,CE,Federal Contract Tower,0,16,15,0,31,0,0,27,1,28,0,16,42,1,59,6,40,46,105
10/15/2012,BRO,TX,ASW,CE,Federal Contract Tower,0,15,20,23,58,0,0,0,0,0,0,15,20,23,58,2,8,10,68
10/16/2012,BRO,TX,ASW,CE,Federal Contract Tower,0,14,16,28,58,0,0,15,0,15,0,14,31,28,73,24,10,34,107
10/17/2012,BRO,TX,ASW,CE,Federal Contract Tower,4,10,18,17,49,0,0,22,2,24,4,10,40,19,73,0,58,58,131
10/18/2012,BRO,TX,ASW,CE,Federal Contract Tower,3,15,26,14,58,0,0,17,0,17,3,15,43,14,75,66,8,74,149
10/19/2012,BRO,TX,ASW,CE,Federal Contract Tower,0,15,26,5,46,0,0,21,0,21,0,15,47,5,67,0,10,10,77
10/20/2012,BRO,TX,ASW,CE,Federal Contract Tower,0,10,18,0,28,0,0,20,0,20,0,10,38,0,48,52,2,54,102
10/21/2012,BRO,TX,ASW,CE,Federal Contract Tower,0,16,22,3,41,0,0,16,2,18,0,16,38,5,59,8,0,8,67
10/22/2012,BRO,TX,ASW,CE,Federal Contract Tower,0,17,22,16,55,0,0,17,0,17,0,17,39,16,72,10,0,10,82
10/23/2012,BRO,TX,ASW,CE,Federal Contract Tower,8,11,15,17,51,0,0,20,2,22,8,11,35,19,73,12,16,28,101
10/24/2012,BRO,TX,ASW,CE,Federal Contract Tower,0,15,13,22,50,0,0,19,2,21,0,15,32,24,71,32,8,40,111
10/25/2012,BRO,TX,ASW,CE,Federal Contract Tower,2,15,33,24,74,0,4,28,2,34,2,19,61,26,108,50,10,60,168
10/26/2012,BRO,TX,ASW,CE,Federal Contract Tower,0,17,44,5,66,0,0,10,0,10,0,17,54,5,76,34,14,48,124
10/27/2012,BRO,TX,ASW,CE,Federal Contract Tower,2,6,9,6,23,0,0,10,0,10,2,6,19,6,33,6,6,12,45
10/28/2012,BRO,TX,ASW,CE,Federal Contract Tower,0,17,17,5,39,0,0,10,0,10,0,17,27,5,49,8,6,14,63
10/29/2012,BRO,TX,ASW,CE,Federal Contract Tower,2,17,27,18,64,0,0,8,1,9,2,17,35,19,73,28,4,32,105
10/30/2012,BRO,TX,ASW,CE,Federal Contract Tower,2,12,6,14,34,0,1,8,2,11,2,13,14,16,45,12,8,20,65
10/31/2012,BRO,TX,ASW,CE,Federal Contract Tower,2,10,24,8,44,0,0,28,8,36,2,10,52,16,80,2,54,56,136
11/01/2012,BRO,TX,ASW,CE,Federal Contract Tower,0,12,43,16,71,0,0,12,0,12,0,12,55,16,83,20,12,32,115
11/02/2012,BRO,TX,ASW,CE,Federal Contract Tower,2,17,26,2,47,0,0,15,4,19,2,17,41,6,66,0,2,2,68
11/03/2012,BRO,TX,ASW,CE,Federal Contract Tower,0,9,7,0,16,0,0,20,0,20,0,9,27,0,36,22,0,22,58
11/04/2012,BRO,TX,ASW,CE,Federal Contract Tower,1,18,20,0,39,0,0,17,2,19,1,18,37,2,58,0,0,0,58
11/05/2012,BRO,TX,ASW,CE,Federal Contract Tower,0,23,29,25,77,0,0,9,2,11,0,23,38,27,88,26,6,32,120
11/06/2012,BRO,TX,ASW,CE,Federal Contract Tower,0,15,27,18,60,0,0,20,0,20,0,15,47,18,80,104,4,108,188
11/07/2012,BRO,TX,ASW,CE,Federal Contract Tower,2,12,18,4,36,0,0,17,0,17,2,12,35,4,53,14,2,16,69
11/08/2012,BRO,TX,ASW,CE,Federal Contract Tower,4,14,41,9,68,0,0,8,0,8,4,14,49,9,76,24,6,30,106
11/09/2012,BRO,TX,ASW,CE,Federal Contract Tower,6,19,19,1,45,0,0,16,0,16,6,19,35,1,61,18,0,18,79
11/10/2012,BRO,TX,ASW,CE,Federal Contract Tower,2,9,14,0,25,0,0,11,2,13,2,9,25,2,38,16,6,22,60
11/11/2012,BRO,TX,ASW,CE,Federal Contract Tower,2,18,24,0,44,0,0,10,0,10,2,18,34,0,54,0,0,0,54
11/12/2012,BRO,TX,ASW,CE,Federal Contract Tower,0,16,13,4,33,0,0,12,0,12,0,16,25,4,45,0,30,30,75
11/13/2012,BRO,TX,ASW,CE,Federal Contract Tower,3,11,28,10,52,0,0,15,0,15,3,11,43,10,67,2,10,12,79
11/14/2012,BRO,TX,ASW,CE,Federal Contract Tower,4,14,35,10,63,0,0,15,4,19,4,14,50,14,82,12,78,90,172
11/15/2012,BRO,TX,ASW,CE,Federal Contract Tower,0,12,45,11,68,0,0,17,1,18,0,12,62,12,86,0,10,10,96
11/16/2012,BRO,TX,ASW,CE,Federal Contract Tower,2,15,45,8,70,0,0,14,2,16,2,15,59,10,86,38,6,44,130
11/17/2012,BRO,TX,ASW,CE,Federal Contract Tower,1,12,24,0,37,0,0,31,0,31,1,12,55,0,68,10,0,10,78
11/18/2012,BRO,TX,ASW,CE,Federal Contract Tower,0,16,22,1,39,0,0,27,0,27,0,16,49,1,66,0,2,2,68
11/19/2012,BRO,TX,ASW,CE,Federal Contract Tower,0,16,61,9,86,0,0,50,0,50,0,16,111,9,136,34,26,60,196
11/20/2012,BRO,TX,ASW,CE,Federal Contract Tower,0,12,37,28,77,0,0,18,0,18,0,12,55,28,95,6,14,20,115
11/21/2012,BRO,TX,ASW,CE,Federal Contract Tower,0,13,24,1,38,0,0,24,1,25,0,13,48,2,63,18,0,18,81
11/22/2012,BRO,TX,ASW,CE,Federal Contract Tower,0,8,17,2,27,0,0,3,0,3,0,8,20,2,30,6,0,6,36
11/23/2012,BRO,TX,ASW,CE,Federal Contract Tower,0,15,18,0,33,0,0,11,0,11,0,15,29,0,44,0,0,0,44
11/24/2012,BRO,TX,ASW,CE,Federal Contract Tower,0,13,19,0,32,0,0,5,0,5,0,13,24,0,37,0,0,0,37
11/25/2012,BRO,TX,ASW,CE,Federal Contract Tower,0,15,35,0,50,0,0,32,0,32,0,15,67,0,82,0,0,0,82
11/26/2012,BRO,TX,ASW,CE,Federal Contract Tower,1,17,33,15,66,0,0,19,0,19,1,17,52,15,85,0,54,54,139
11/27/2012,BRO,TX,ASW,CE,Federal Contract Tower,2,11,10,17,40,0,0,21,0,21,2,11,31,17,61,0,12,12,73
11/28/2012,BRO,TX,ASW,CE,Federal Contract Tower,2,15,17,6,40,0,0,15,2,17,2,15,32,8,57,0,58,58,115
11/29/2012,BRO,TX,ASW,CE,Federal Contract Tower,3,15,20,6,44,0,0,17,12,29,3,15,37,18,73,6,186,192,265
11/30/2012,BRO,TX,ASW,CE,Federal Contract Tower,0,14,17,4,35,0,0,23,1,24,0,14,40,5,59,30,50,80,139
12/01/2012,BRO,TX,ASW,CE,Federal Contract Tower,0,11,20,2,33,0,0,15,0,15,0,11,35,2,48,10,2,12,60
12/02/2012,BRO,TX,ASW,CE,Federal Contract Tower,0,14,24,1,39,0,0,8,0,8,0,14,32,1,47,0,2,2,49
12/03/2012,BRO,TX,ASW,CE,Federal Contract Tower,0,14,14,2,30,0,0,18,4,22,0,14,32,6,52,28,58,86,138
12/04/2012,BRO,TX,ASW,CE,Federal Contract Tower,0,13,18,14,45,0,0,14,0,14,0,13,32,14,59,38,54,92,151
12/05/2012,BRO,TX,ASW,CE,Federal Contract Tower,1,11,11,13,36,0,0,15,2,17,1,11,26,15,53,30,46,76,129
12/06/2012,BRO,TX,ASW,CE,Federal Contract Tower,1,20,18,8,47,0,0,12,0,12,1,20,30,8,59,18,12,30,89
12/07/2012,BRO,TX,ASW,CE,Federal Contract Tower,7,27,28,8,70,0,0,20,6,26,7,27,48,14,96,2,236,238,334
12/08/2012,BRO,TX,ASW,CE,Federal Contract Tower,1,12,15,0,28,0,0,18,1,19,1,12,33,1,47,14,10,24,71
12/09/2012,BRO,TX,ASW,CE,Federal Contract Tower,0,16,25,0,41,0,0,10,0,10,0,16,35,0,51,2,0,2,53
12/10/2012,BRO,TX,ASW,CE,Federal Contract Tower,0,17,18,24,59,0,0,4,1,5,0,17,22,25,64,16,68,84,148
12/11/2012,BRO,TX,ASW,CE,Federal Contract Tower,3,15,38,12,68,0,0,7,0,7,3,15,45,12,75,76,12,88,163
12/12/2012,BRO,TX,ASW,CE,Federal Contract Tower,0,14,29,8,51,0,0,28,0,28,0,14,57,8,79,32,2,34,113
12/13/2012,BRO,TX,ASW,CE,Federal Contract Tower,0,12,27,8,47,0,0,29,0,29,0,12,56,8,76,0,32,32,108
12/14/2012,BRO,TX,ASW,CE,Federal Contract Tower,1,18,19,2,40,0,0,15,0,15,1,18,34,2,55,22,78,100,155
12/15/2012,BRO,TX,ASW,CE,Federal Contract Tower,2,12,22,4,40,0,0,22,0,22,2,12,44,4,62,24,2,26,88
12/16/2012,BRO,TX,ASW,CE,Federal Contract Tower,1,12,23,1,37,0,0,11,0,11,1,12,34,1,48,4,2,6,54
12/17/2012,BRO,TX,ASW,CE,Federal Contract Tower,1,13,22,19,55,0,0,26,1,27,1,13,48,20,82,0,10,10,92
12/18/2012,BRO,TX,ASW,CE,Federal Contract Tower,0,14,28,12,54,0,0,47,2,49,0,14,75,14,103,6,4,10,113
12/19/2012,BRO,TX,ASW,CE,Federal Contract Tower,0,9,15,28,52,0,0,7,0,7,0,9,22,28,59,0,10,10,69
12/20/2012,BRO,TX,ASW,CE,Federal Contract Tower,0,13,20,14,47,0,0,23,2,25,0,13,43,16,72,0,83,83,155
12/21/2012,BRO,TX,ASW,CE,Federal Contract Tower,4,14,16,2,36,0,0,29,0,29,4,14,45,2,65,6,2,8,73
12/22/2012,BRO,TX,ASW,CE,Federal Contract Tower,0,12,24,2,38,0,0,21,0,21,0,12,45,2,59,12,2,14,73
12/23/2012,BRO,TX,ASW,CE,Federal Contract Tower,1,14,7,2,24,0,0,18,0,18,1,14,25,2,42,10,0,10,52
12/24/2012,BRO,TX,ASW,CE,Federal Contract Tower,0,10,8,0,18,0,0,9,0,9,0,10,17,0,27,12,0,12,39
12/25/2012,BRO,TX,ASW,CE,Federal Contract Tower,0,10,10,0,20,0,0,7,0,7,0,10,17,0,27,0,0,0,27
12/26/2012,BRO,TX,ASW,CE,Federal Contract Tower,0,20,50,0,70,0,2,25,0,27,0,22,75,0,97,4,0,4,101
12/27/2012,BRO,TX,ASW,CE,Federal Contract Tower,0,16,30,3,49,0,0,20,1,21,0,16,50,4,70,20,0,20,90
12/28/2012,BRO,TX,ASW,CE,Federal Contract Tower,0,19,28,1,48,0,0,23,1,24,0,19,51,2,72,0,0,0,72
12/29/2012,BRO,TX,ASW,CE,Federal Contract Tower,0,14,15,2,31,0,0,23,0,23,0,14,38,2,54,6,0,6,60
12/30/2012,BRO,TX,ASW,CE,Federal Contract Tower,0,13,19,0,32,0,0,17,0,17,0,13,36,0,49,2,0,2,51
12/31/2012,BRO,TX,ASW,CE,Federal Contract Tower,0,12,6,0,18,0,0,7,0,7,0,12,13,0,25,0,0,0,25
01/01/2013,BRO,TX,ASW,CE,Federal Contract Tower,2,10,11,0,23,0,0,3,0,3,2,10,14,0,26,0,0,0,26
01/02/2013,BRO,TX,ASW,CE,Federal Contract Tower,0,16,32,2,50,0,0,2,0,2,0,16,34,2,52,0,0,0,52
01/03/2013,BRO,TX,ASW,CE,Federal Contract Tower,0,16,35,4,55,0,0,0,0,0,0,16,35,4,55,0,2,2,57
01/04/2013,BRO,TX,ASW,CE,Federal Contract Tower,0,19,22,4,45,0,0,0,0,0,0,19,22,4,45,0,4,4,49
01/05/2013,BRO,TX,ASW,CE,Federal Contract Tower,0,17,43,0,60,0,0,0,0,0,0,17,43,0,60,0,0,0,60
01/06/2013,BRO,TX,ASW,CE,Federal Contract Tower,0,20,22,0,42,0,0,16,0,16,0,20,38,0,58,4,0,4,62
01/07/2013,BRO,TX,ASW,CE,Federal Contract Tower,0,16,16,11,43,0,0,16,4,20,0,16,32,15,63,18,66,84,147
01/08/2013,BRO,TX,ASW,CE,Federal Contract Tower,1,9,3,2,15,0,0,4,0,4,1,9,7,2,19,0,0,0,19
01/09/2013,BRO,TX,ASW,CE,Federal Contract Tower,0,16,5,2,23,0,0,1,0,1,0,16,6,2,24,0,2,2,26
01/10/2013,BRO,TX,ASW,CE,Federal Contract Tower,0,21,17,16,54,0,1,22,1,24,0,22,39,17,78,0,6,6,84
01/11/2013,BRO,TX,ASW,CE,Federal Contract Tower,0,17,27,5,49,0,0,22,0,22,0,17,49,5,71,0,4,4,75
01/12/2013,BRO,TX,ASW,CE,Federal Contract Tower,0,12,20,4,36,0,0,8,0,8,0,12,28,4,44,2,0,2,46
01/13/2013,BRO,TX,ASW,CE,Federal Contract Tower,0,18,38,1,57,0,0,3,0,3,0,18,41,1,60,4,2,6,66
01/14/2013,BRO,TX,ASW,CE,Federal Contract Tower,0,12,21,19,52,0,0,5,7,12,0,12,26,26,64,0,102,102,166
01/15/2013,BRO,TX,ASW,CE,Federal Contract Tower,0,8,14,16,38,0,0,5,0,5,0,8,19,16,43,16,8,24,67
01/16/2013,BRO,TX,ASW,CE,Federal Contract Tower,1,14,13,2,30,0,0,23,5,28,1,14,36,7,58,0,114,114,172
01/17/2013,BRO,TX,ASW,CE,Federal Contract Tower,0,15,18,11,44,0,0,24,8,32,0,15,42,19,76,2,138,140,216
01/18/2013,BRO,TX,ASW,CE,Federal Contract Tower,0,19,12,4,35,0,0,20,0,20,0,19,32,4,55,2,2,4,59
01/19/2013,BRO,TX,ASW,CE,Federal Contract Tower,0,11,12,0,23,0,0,20,0,20,0,11,32,0,43,6,0,6,49
01/20/2013,BRO,TX,ASW,CE,Federal Contract Tower,0,12,5,0,17,0,0,18,0,18,0,12,23,0,35,0,0,0,35
01/21/2013,BRO,TX,ASW,CE,Federal Contract Tower,0,17,26,3,46,0,0,17,1,18,0,17,43,4,64,0,10,10,74
01/22/2013,BRO,TX,ASW,CE,Federal Contract Tower,0,12,21,27,60,0,0,15,5,20,0,12,36,32,80,6,148,154,234
01/23/2013,BRO,TX,ASW,CE,Federal Contract Tower,0,18,9,12,39,0,0,18,0,18,0,18,27,12,57,2,0,2,59
01/24/2013,BRO,TX,ASW,CE,Federal Contract Tower,2,14,20,18,54,0,0,21,0,21,2,14,41,18,75,0,6,6,81
01/25/2013,BRO,TX,ASW,CE,Federal Contract Tower,0,15,26,8,49,0,0,16,2,18,0,15,42,10,67,2,66,68,135
01/26/2013,BRO,TX,ASW,CE,Federal Contract Tower,0,14,7,2,23,0,0,20,0,20,0,14,27,2,43,2,2,4,47
01/27/2013,BRO,TX,ASW,CE,Federal Contract Tower,0,16,17,1,34,0,0,20,0,20,0,16,37,1,54,4,2,6,60
01/28/2013,BRO,TX,ASW,CE,Federal Contract Tower,0,14,10,15,39,0,0,5,0,5,0,14,15,15,44,0,6,6,50
01/29/2013,BRO,TX,ASW,CE,Federal Contract Tower,3,12,18,21,54,0,0,2,0,2,3,12,20,21,56,0,8,8,64
01/30/2013,BRO,TX,ASW,CE,Federal Contract Tower,3,18,25,10,56,0,0,8,2,10,3,18,33,12,66,0,64,64,130
01/31/2013,BRO,TX,ASW,CE,Federal Contract Tower,0,17,49,6,72,0,0,20,1,21,0,17,69,7,93,16,106,122,215
02/01/2013,BRO,TX,ASW,CE,Federal Contract Tower,1,16,86,12,115,0,0,52,0,52,1,16,138,12,167,38,0,38,205
02/02/2013,BRO,TX,ASW,CE,Federal Contract Tower,0,16,12,11,39,0,1,27,3,31,0,17,39,14,70,28,0,28,98
02/03/2013,BRO,TX,ASW,CE,Federal Contract Tower,0,15,16,1,32,0,0,31,0,31,0,15,47,1,63,0,2,2,65
02/04/2013,BRO,TX,ASW,CE,Federal Contract Tower,0,14,82,2,98,0,0,33,3,36,0,14,115,5,134,0,122,122,256
02/05/2013,BRO,TX,ASW,CE,Federal Contract Tower,0,11,27,24,62,0,0,23,0,23,0,11,50,24,85,18,2,20,105
02/06/2013,BRO,TX,ASW,CE,Federal Contract Tower,1,16,20,22,59,0,0,4,3,7,1,16,24,25,66,6,154,160,226
02/07/2013,BRO,TX,ASW,CE,Federal Contract Tower,0,18,30,17,65,0,0,5,0,5,0,18,35,17,70,0,34,34,104
02/08/2013,BRO,TX,ASW,CE,Federal Contract Tower,0,15,21,4,40,0,0,29,0,29,0,15,50,4,69,30,4,34,103
02/09/2013,BRO,TX,ASW,CE,Federal Contract Tower,1,11,16,0,28,0,0,6,0,6,1,11,22,0,34,0,0,0,34
02/10/2013,BRO,TX,ASW,CE,Federal Contract Tower,0,15,17,13,45,0,0,9,0,9,0,15,26,13,54,2,12,14,68
02/11/2013,BRO,TX,ASW,CE,Federal Contract Tower,2,15,23,0,40,0,0,7,1,8,2,15,30,1,48,0,24,24,72
02/12/2013,BRO,TX,ASW,CE,Federal Contract Tower,0,9,12,13,34,0,0,14,0,14,0,9,26,13,48,2,64,66,114
02/13/2013,BRO,TX,ASW,CE,Federal Contract Tower,0,15,8,14,37,0,0,27,0,27,0,15,35,14,64,0,26,26,90
02/14/2013,BRO,TX,ASW,CE,Federal Contract Tower,1,17,14,6,38,0,0,39,3,42,1,17,53,9,80,20,22,42,122
02/15/2013,BRO,TX,ASW,CE,Federal Contract Tower,3,22,15,5,45,0,0,25,1,26,3,22,40,6,71,2,6,8,79
02/16/2013,BRO,TX,ASW,CE,Federal Contract Tower,0,21,16,6,43,0,0,25,0,25,0,21,41,6,68,0,2,2,70
02/17/2013,BRO,TX,ASW,CE,Federal Contract Tower,0,20,14,3,37,0,0,18,0,18,0,20,32,3,55,0,4,4,59
02/18/2013,BRO,TX,ASW,CE,Federal Contract Tower,0,15,34,10,59,0,0,9,0,9,0,15,43,10,68,0,4,4,72
02/19/2013,BRO,TX,ASW,CE,Federal Contract Tower,1,15,17,8,41,0,0,6,2,8,1,15,23,10,49,0,68,68,117
02/20/2013,BRO,TX,ASW,CE,Federal Contract Tower,0,18,15,18,51,0,0,8,2,10,0,18,23,20,61,0,50,50,111
02/21/2013,BRO,TX,ASW,CE,Federal Contract Tower,1,19,18,22,60,0,0,12,0,12,1,19,30,22,72,4,6,10,82
02/22/2013,BRO,TX,ASW,CE,Federal Contract Tower,1,17,31,5,54,0,0,22,0,22,1,17,53,5,76,34,4,38,114
02/23/2013,BRO,TX,ASW,CE,Federal Contract Tower,0,17,23,2,42,0,0,35,0,35,0,17,58,2,77,112,0,112,189
02/24/2013,BRO,TX,ASW,CE,Federal Contract Tower,0,18,27,0,45,0,0,14,0,14,0,18,41,0,59,16,0,16,75
02/25/2013,BRO,TX,ASW,CE,Federal Contract Tower,0,15,13,1,29,0,0,7,0,7,0,15,20,1,36,0,4,4,40
02/26/2013,BRO,TX,ASW,CE,Federal Contract Tower,2,15,9,14,40,0,0,15,0,15,2,15,24,14,55,10,8,18,73
02/27/2013,BRO,TX,ASW,CE,Federal Contract Tower,2,16,28,10,56,0,0,31,0,31,2,16,59,10,87,0,4,4,91
02/28/2013,BRO,TX,ASW,CE,Federal Contract Tower,1,19,14,15,49,0,0,8,4,12,1,19,22,19,61,28,94,122,183
03/01/2013,BRO,TX,ASW,CE,Federal Contract Tower,0,22,23,0,45,0,1,21,2,24,0,23,44,2,69,20,62,82,151
03/02/2013,BRO,TX,ASW,CE,Federal Contract Tower,0,17,14,10,41,0,0,21,0,21,0,17,35,10,62,52,2,54,116
03/03/2013,BRO,TX,ASW,CE,Federal Contract Tower,0,23,21,1,45,0,0,30,0,30,0,23,51,1,75,12,2,14,89
03/04/2013,BRO,TX,ASW,CE,Federal Contract Tower,0,19,15,9,43,0,0,10,1,11,0,19,25,10,54,0,4,4,58
03/05/2013,BRO,TX,ASW,CE,Federal Contract Tower,0,15,16,13,44,0,0,10,0,10,0,15,26,13,54,34,6,40,94
03/06/2013,BRO,TX,ASW,CE,Federal Contract Tower,2,17,18,8,45,0,1,12,4,17,2,18,30,12,62,2,62,64,126
03/07/2013,BRO,TX,ASW,CE,Federal Contract Tower,0,24,17,8,49,0,0,25,1,26,0,24,42,9,75,12,72,84,159
03/08/2013,BRO,TX,ASW,CE,Federal Contract Tower,2,21,22,4,49,0,0,21,0,21,2,21,43,4,70,10,2,12,82
03/09/2013,BRO,TX,ASW,CE,Federal Contract Tower,0,17,14,0,31,0,0,8,0,8,0,17,22,0,39,8,0,8,47
03/10/2013,BRO,TX,ASW,CE,Federal Contract Tower,0,24,11,8,43,0,0,18,0,18,0,24,29,8,61,0,0,0,61
03/11/2013,BRO,TX,ASW,CE,Federal Contract Tower,0,19,15,2,36,0,0,18,5,23,0,19,33,7,59,0,64,64,123
03/12/2013,BRO,TX,ASW,CE,Federal Contract Tower,0,22,10,8,40,0,0,26,4,30,0,22,36,12,70,2,80,82,152
03/13/2013,BRO,TX,ASW,CE,Federal Contract Tower,0,16,17,24,57,0,0,30,2,32,0,16,47,26,89,0,72,72,161
03/14/2013,BRO,TX,ASW,CE,Federal Contract Tower,0,20,15,12,47,0,0,30,0,30,0,20,45,12,77,74,4,78,155
03/15/2013,BRO,TX,ASW,CE,Federal Contract Tower,1,31,22,9,63,0,1,41,0,42,1,32,63,9,105,0,52,52,157
03/16/2013,BRO,TX,ASW,CE,Federal Contract Tower,0,21,16,0,37,0,1,23,0,24,0,22,39,0,61,20,0,20,81
03/17/2013,BRO,TX,ASW,CE,Federal Contract Tower,0,22,18,0,40,0,0,34,0,34,0,22,52,0,74,4,0,4,78
03/18/2013,BRO,TX,ASW,CE,Federal Contract Tower,0,30,28,13,71,0,0,21,0,21,0,30,49,13,92,0,8,8,100
03/19/2013,BRO,TX,ASW,CE,Federal Contract Tower,0,19,9,8,36,0,0,11,0,11,0,19,20,8,47,0,6,6,53
03/20/2013,BRO,TX,ASW,CE,Federal Contract Tower,0,20,18,4,42,0,4,2,0,6,0,24,20,4,48,0,0,0,48
03/21/2013,BRO,TX,ASW,CE,Federal Contract Tower,0,21,26,22,69,0,0,31,5,36,0,21,57,27,105,20,162,182,287
03/22/2013,BRO,TX,ASW,CE,Federal Contract Tower,0,30,49,10,89,0,0,20,1,21,0,30,69,11,110,32,2,34,144
03/23/2013,BRO,TX,ASW,CE,Federal Contract Tower,0,38,43,0,81,0,1,38,1,40,0,39,81,1,121,6,2,8,129
03/24/2013,BRO,TX,ASW,CE,Federal Contract Tower,0,33,25,0,58,0,0,11,0,11,0,33,36,0,69,0,0,0,69
03/25/2013,BRO,TX,ASW,CE,Federal Contract Tower,0,30,14,26,70,0,0,28,3,31,0,30,42,29,101,16,4,20,121
03/26/2013,BRO,TX,ASW,CE,Federal Contract Tower,0,24,18,22,64,0,0,17,0,17,0,24,35,22,81,10,8,18,99
03/27/2013,BRO,TX,ASW,CE,Federal Contract Tower,0,23,42,7,72,0,0,22,0,22,0,23,64,7,94,4,62,66,160
03/28/2013,BRO,TX,ASW,CE,Federal Contract Tower,0,26,18,10,54,0,2,19,0,21,0,28,37,10,75,0,0,0,75
03/29/2013,BRO,TX,ASW,CE,Federal Contract Tower,0,17,14,9,40,0,0,38,1,39,0,17,52,10,79,18,6,24,103
03/30/2013,BRO,TX,ASW,CE,Federal Contract Tower,0,32,28,0,60,0,0,43,4,47,0,32,71,4,107,50,0,50,157
03/31/2013,BRO,TX,ASW,CE,Federal Contract Tower,0,57,44,0,101,0,1,31,4,36,0,58,75,4,137,0,0,0,137
04/01/2013,BRO,TX,ASW,CE,Federal Contract Tower,0,27,35,12,74,0,0,13,0,13,0,27,48,12,87,0,8,8,95
04/02/2013,BRO,TX,ASW,CE,Federal Contract Tower,0,26,21,12,59,0,0,12,2,14,0,26,33,14,73,26,62,88,161
04/03/2013,BRO,TX,ASW,CE,Federal Contract Tower,0,32,20,12,64,0,0,8,0,8,0,32,28,12,72,0,10,10,82
04/04/2013,BRO,TX,ASW,CE,Federal Contract Tower,2,28,28,8,66,0,4,23,0,27,2,32,51,8,93,0,0,0,93
04/05/2013,BRO,TX,ASW,CE,Federal Contract Tower,2,29,27,21,79,0,1,41,4,46,2,30,68,25,125,2,2,4,129
04/06/2013,BRO,TX,ASW,CE,Federal Contract Tower,0,32,34,12,78,0,0,28,0,28,0,32,62,12,106,0,0,0,106
04/07/2013,BRO,TX,ASW,CE,Federal Contract Tower,0,46,34,1,81,0,0,23,0,23,0,46,57,1,104,10,0,10,114
04/08/2013,BRO,TX,ASW,CE,Federal Contract Tower,0,28,14,21,63,0,0,6,3,9,0,28,20,24,72,0,140,140,212
04/09/2013,BRO,TX,ASW,CE,Federal Contract Tower,2,20,17,18,57,0,1,5,0,6,2,21,22,18,63,8,40,48,111
04/10/2013,BRO,TX,ASW,CE,Federal Contract Tower,0,32,13,6,51,0,0,6,2,8,0,32,19,8,59,2,6,8,67
04/11/2013,BRO,TX,ASW,CE,Federal Contract Tower,0,21,10,13,44,0,0,17,2,19,0,21,27,15,63,0,14,14,77
04/12/2013,BRO,TX,ASW,CE,Federal Contract Tower,1,23,13,2,39,0,0,22,0,22,1,23,35,2,61,16,0,16,77
04/13/2013,BRO,TX,ASW,CE,Federal Contract Tower,2,13,17,0,32,0,0,18,0,18,2,13,35,0,50,0,0,0,50
04/14/2013,BRO,TX,ASW,CE,Federal Contract Tower,0,23,12,0,35,0,0,18,0,18,0,23,30,0,53,32,0,32,85
04/15/2013,BRO,TX,ASW,CE,Federal Contract Tower,2,28,10,4,44,0,0,15,5,20,2,28,25,9,64,0,94,94,158
04/16/2013,BRO,TX,ASW,CE,Federal Contract Tower,2,15,13,13,43,0,0,19,0,19,2,15,32,13,62,16,0,16,78
04/17/2013,BRO,TX,ASW,CE,Federal Contract Tower,0,27,13,6,46,0,0,10,0,10,0,27,23,6,56,0,0,0,56
04/18/2013,BRO,TX,ASW,CE,Federal Contract Tower,3,20,27,22,72,0,0,11,1,12,3,20,38,23,84,2,42,44,128
04/19/2013,BRO,TX,ASW,CE,Federal Contract Tower,5,19,29,9,62,0,0,19,1,20,5,19,48,10,82,30,82,112,194
04/20/2013,BRO,TX,ASW,CE,Federal Contract Tower,1,17,16,0,34,0,0,25,0,25,1,17,41,0,59,12,0,12,71
04/21/2013,BRO,TX,ASW,CE,Federal Contract Tower,0,23,29,2,54,0,0,28,0,28,0,23,57,2,82,0,4,4,86
04/22/2013,BRO,TX,ASW,CE,Federal Contract Tower,0,25,9,4,38,0,0,14,0,14,0,25,23,4,52,2,8,10,62
04/23/2013,BRO,TX,ASW,CE,Federal Contract Tower,0,25,22,8,55,0,0,8,0,8,0,25,30,8,63,18,16,34,97
04/24/2013,BRO,TX,ASW,CE,Federal Contract Tower,0,26,11,7,44,0,0,0,0,0,0,26,11,7,44,0,0,0,44
04/25/2013,BRO,TX,ASW,CE,Federal Contract Tower,0,35,21,6,62,0,0,6,0,6,0,35,27,6,68,22,4,26,94
04/26/2013,BRO,TX,ASW,CE,Federal Contract Tower,0,24,26,2,52,0,1,18,0,19,0,25,44,2,71,40,4,44,115
04/27/2013,BRO,TX,ASW,CE,Federal Contract Tower,0,15,3,4,22,0,1,24,0,25,0,16,27,4,47,0,0,0,47
04/28/2013,BRO,TX,ASW,CE,Federal Contract Tower,0,22,6,0,28,0,0,4,0,4,0,22,10,0,32,0,0,0,32
04/29/2013,BRO,TX,ASW,CE,Federal Contract Tower,0,25,11,10,46,0,0,8,2,10,0,25,19,12,56,0,58,58,114
04/30/2013,BRO,TX,ASW,CE,Federal Contract Tower,0,20,12,12,44,0,0,13,2,15,0,20,25,14,59,46,38,84,143
05/01/2013,BRO,TX,ASW,CE,Federal Contract Tower,0,17,33,8,58,0,0,9,3,12,0,17,42,11,70,6,26,32,102
05/02/2013,BRO,TX,ASW,CE,Federal Contract Tower,0,14,12,22,48,0,0,10,0,10,0,14,22,22,58,40,44,84,142
05/03/2013,BRO,TX,ASW,CE,Federal Contract Tower,0,31,6,12,49,0,0,23,0,23,0,31,29,12,72,10,32,42,114
05/04/2013,BRO,TX,ASW,CE,Federal Contract Tower,0,16,15,0,31,0,5,29,0,34,0,21,44,0,65,0,0,0,65
05/05/2013,BRO,TX,ASW,CE,Federal Contract Tower,0,24,15,0,39,0,0,26,0,26,0,24,41,0,65,10,0,10,75
05/06/2013,BRO,TX,ASW,CE,Federal Contract Tower,0,27,16,39,82,0,0,9,0,9,0,27,25,39,91,30,28,58,149
05/07/2013,BRO,TX,ASW,CE,Federal Contract Tower,0,23,15,5,43,0,2,17,0,19,0,25,32,5,62,38,2,40,102
05/08/2013,BRO,TX,ASW,CE,Federal Contract Tower,0,24,19,11,54,0,2,24,1,27,0,26,43,12,81,0,20,20,101
05/09/2013,BRO,TX,ASW,CE,Federal Contract Tower,0,25,17,12,54,0,0,10,0,10,0,25,27,12,64,16,0,16,80
05/10/2013,BRO,TX,ASW,CE,Federal Contract Tower,0,12,28,14,54,0,0,0,0,0,0,12,28,14,54,38,2,40,94
05/11/2013,BRO,TX,ASW,CE,Federal Contract Tower,0,16,11,0,27,0,0,20,0,20,0,16,31,0,47,22,0,22,69
05/12/2013,BRO,TX,ASW,CE,Federal Contract Tower,0,25,19,3,47,0,0,8,0,8,0,25,27,3,55,12,2,14,69
05/13/2013,BRO,TX,ASW,CE,Federal Contract Tower,1,22,19,4,46,0,0,12,0,12,1,22,31,4,58,0,4,4,62
05/14/2013,BRO,TX,ASW,CE,Federal Contract Tower,1,20,12,9,42,0,0,15,5,20,1,20,27,14,62,16,56,72,134
05/15/2013,BRO,TX,ASW,CE,Federal Contract Tower,0,19,24,14,57,0,0,0,0,0,0,19,24,14,57,0,0,0,57
05/16/2013,BRO,TX,ASW,CE,Federal Contract Tower,2,22,23,6,53,0,0,22,0,22,2,22,45,6,75,40,0,40,115
05/17/2013,BRO,TX,ASW,CE,Federal Contract Tower,0,22,24,4,50,0,3,28,0,31,0,25,52,4,81,52,0,52,133
05/18/2013,BRO,TX,ASW,CE,Federal Contract Tower,0,21,14,4,39,0,0,29,0,29,0,21,43,4,68,8,0,8,76
05/19/2013,BRO,TX,ASW,CE,Federal Contract Tower,0,23,21,2,46,0,0,24,0,24,0,23,45,2,70,8,2,10,80
05/20/2013,BRO,TX,ASW,CE,Federal Contract Tower,0,21,21,6,48,0,0,26,0,26,0,21,47,6,74,4,8,12,86
05/21/2013,BRO,TX,ASW,CE,Federal Contract Tower,1,23,13,17,54,0,2,22,0,24,1,25,35,17,78,16,8,24,102
05/22/2013,BRO,TX,ASW,CE,Federal Contract Tower,2,12,24,10,48,0,0,27,7,34,2,12,51,17,82,52,0,52,134
05/23/2013,BRO,TX,ASW,CE,Federal Contract Tower,4,19,25,0,48,0,0,21,0,21,4,19,46,0,69,20,0,20,89
05/24/2013,BRO,TX,ASW,CE,Federal Contract Tower,1,23,21,1,46,0,0,30,2,32,1,23,51,3,78,0,0,0,78
05/25/2013,BRO,TX,ASW,CE,Federal Contract Tower,3,15,8,3,29,0,0,16,0,16,3,15,24,3,45,0,8,8,53
05/26/2013,BRO,TX,ASW,CE,Federal Contract Tower,0,14,21,6,41,0,0,34,0,34,0,14,55,6,75,14,0,14,89
05/27/2013,BRO,TX,ASW,CE,Federal Contract Tower,0,24,16,4,44,0,0,36,0,36,0,24,52,4,80,18,4,22,102
05/28/2013,BRO,TX,ASW,CE,Federal Contract Tower,0,31,16,6,53,0,0,0,0,0,0,31,16,6,53,20,0,20,73
05/29/2013,BRO,TX,ASW,CE,Federal Contract Tower,0,19,16,0,35,0,0,25,2,27,0,19,41,2,62,50,70,120,182
05/30/2013,BRO,TX,ASW,CE,Federal Contract Tower,0,26,18,10,54,0,0,37,4,41,0,26,55,14,95,44,52,96,191
05/31/2013,BRO,TX,ASW,CE,Federal Contract Tower,0,32,21,11,64,0,2,49,3,54,0,34,70,14,118,96,22,118,236
06/01/2013,BRO,TX,ASW,CE,Federal Contract Tower,0,12,18,4,34,0,0,35,0,35,0,12,53,4,69,6,0,6,75
06/02/2013,BRO,TX,ASW,CE,Federal Contract Tower,0,19,31,0,50,0,0,20,0,20,0,19,51,0,70,0,0,0,70
06/03/2013,BRO,TX,ASW,CE,Federal Contract Tower,0,24,25,6,55,0,2,22,0,24,0,26,47,6,79,0,0,0,79
06/04/2013,BRO,TX,ASW,CE,Federal Contract Tower,0,22,9,14,45,0,2,20,6,28,0,24,29,20,73,4,66,70,143
06/05/2013,BRO,TX,ASW,CE,Federal Contract Tower,0,16,8,10,34,0,0,11,0,11,0,16,19,10,45,12,2,14,59
06/06/2013,BRO,TX,ASW,CE,Federal Contract Tower,0,23,16,17,56,0,0,17,2,19,0,23,33,19,75,82,54,136,211
06/07/2013,BRO,TX,ASW,CE,Federal Contract Tower,0,31,14,8,53,0,0,17,2,19,0,31,31,10,72,2,116,118,190
06/08/2013,BRO,TX,ASW,CE,Federal Contract Tower,0,15,16,0,31,0,0,26,0,26,0,15,42,0,57,38,0,38,95
06/09/2013,BRO,TX,ASW,CE,Federal Contract Tower,0,19,18,7,44,0,0,25,0,25,0,19,43,7,69,8,4,12,81
06/10/2013,BRO,TX,ASW,CE,Federal Contract Tower,0,26,17,2,45,0,0,7,0,7,0,26,24,2,52,4,0,4,56
06/11/2013,BRO,TX,ASW,CE,Federal Contract Tower,0,23,31,22,76,0,0,13,0,13,0,23,44,22,89,0,8,8,97
06/12/2013,BRO,TX,ASW,CE,Federal Contract Tower,0,24,20,9,53,0,0,13,4,17,0,24,33,13,70,0,2,2,72
06/13/2013,BRO,TX,ASW,CE,Federal Contract Tower,0,23,26,11,60,0,0,6,0,6,0,23,32,11,66,16,42,58,124
06/14/2013,BRO,TX,ASW,CE,Federal Contract Tower,0,23,43,2,68,0,1,27,0,28,0,24,70,2,96,46,0,46,142
06/15/2013,BRO,TX,ASW,CE,Federal Contract Tower,0,22,10,4,36,0,0,17,0,17,0,22,27,4,53,0,0,0,53
06/16/2013,BRO,TX,ASW,CE,Federal Contract Tower,0,27,32,6,65,0,0,13,0,13,0,27,45,6,78,4,4,8,86
06/17/2013,BRO,TX,ASW,CE,Federal Contract Tower,0,22,26,11,59,0,0,22,7,29,0,22,48,18,88,0,108,108,196
06/18/2013,BRO,TX,ASW,CE,Federal Contract Tower,0,19,18,7,44,0,0,26,2,28,0,19,44,9,72,0,44,44,116
06/19/2013,BRO,TX,ASW,CE,Federal Contract Tower,0,22,20,30,72,0,1,22,0,23,0,23,42,30,95,0,18,18,113
06/20/2013,BRO,TX,ASW,CE,Federal Contract Tower,0,21,20,16,57,0,0,41,2,43,0,21,61,18,100,0,10,10,110
06/21/2013,BRO,TX,ASW,CE,Federal Contract Tower,5,16,27,7,55,0,0,22,4,26,5,16,49,11,81,10,4,14,95
06/22/2013,BRO,TX,ASW,CE,Federal Contract Tower,0,19,7,5,31,0,0,32,1,33,0,19,39,6,64,0,0,0,64
06/23/2013,BRO,TX,ASW,CE,Federal Contract Tower,0,26,16,1,43,0,0,16,4,20,0,26,32,5,63,0,2,2,65
06/24/2013,BRO,TX,ASW,CE,Federal Contract Tower,0,31,15,8,54,0,3,16,2,21,0,34,31,10,75,0,2,2,77
06/25/2013,BRO,TX,ASW,CE,Federal Contract Tower,0,20,9,16,45,0,0,17,2,19,0,20,26,18,64,0,52,52,116
06/26/2013,BRO,TX,ASW,CE,Federal Contract Tower,0,21,8,12,41,0,0,17,0,17,0,21,25,12,58,0,0,0,58
06/27/2013,BRO,TX,ASW,CE,Federal Contract Tower,0,26,27,18,71,0,0,13,0,13,0,26,40,18,84,22,4,26,110
06/28/2013,BRO,TX,ASW,CE,Federal Contract Tower,0,34,24,14,72,0,0,30,0,30,0,34,54,14,102,0,4,4,106
06/29/2013,BRO,TX,ASW,CE,Federal Contract Tower,1,27,11,0,39,0,0,28,0,28,1,27,39,0,67,4,0,4,71
06/30/2013,BRO,TX,ASW,CE,Federal Contract Tower,0,28,33,0,61,0,0,37,2,39,0,28,70,2,100,30,0,30,130
07/01/2013,BRO,TX,ASW,CE,Federal Contract Tower,0,20,22,26,68,0,0,18,3,21,0,20,40,29,89,8,52,60,149
07/02/2013,BRO,TX,ASW,CE,Federal Contract Tower,0,18,30,12,60,0,0,18,3,21,0,18,48,15,81,0,78,78,159
07/03/2013,BRO,TX,ASW,CE,Federal Contract Tower,0,27,23,6,56,0,2,23,0,25,0,29,46,6,81,12,0,12,93
07/04/2013,BRO,TX,ASW,CE,Federal Contract Tower,1,14,14,0,29,0,0,35,0,35,1,14,49,0,64,0,0,0,64
07/05/2013,BRO,TX,ASW,CE,Federal Contract Tower,0,22,31,0,53,0,0,31,0,31,0,22,62,0,84,0,0,0,84
07/06/2013,BRO,TX,ASW,CE,Federal Contract Tower,0,21,12,0,33,0,0,24,0,24,0,21,36,0,57,4,0,4,61
07/07/2013,BRO,TX,ASW,CE,Federal Contract Tower,0,21,33,0,54,0,0,22,0,22,0,21,55,0,76,6,0,6,82
07/08/2013,BRO,TX,ASW,CE,Federal Contract Tower,0,25,31,30,86,0,0,9,0,9,0,25,40,30,95,0,0,0,95
07/09/2013,BRO,TX,ASW,CE,Federal Contract Tower,2,19,18,34,73,0,1,13,4,18,2,20,31,38,91,0,64,64,155
07/10/2013,BRO,TX,ASW,CE,Federal Contract Tower,0,33,20,2,55,0,0,18,2,20,0,33,38,4,75,40,0,40,115
07/11/2013,BRO,TX,ASW,CE,Federal Contract Tower,0,17,24,37,78,0,0,26,4,30,0,17,50,41,108,0,88,88,196
07/12/2013,BRO,TX,ASW,CE,Federal Contract Tower,0,38,30,17,85,0,1,45,2,48,0,39,75,19,133,10,0,10,143
07/13/2013,BRO,TX,ASW,CE,Federal Contract Tower,0,14,18,2,34,0,2,36,0,38,0,16,54,2,72,6,0,6,78
07/14/2013,BRO,TX,ASW,CE,Federal Contract Tower,0,26,37,2,65,0,0,40,0,40,0,26,77,2,105,0,0,0,105
07/15/2013,BRO,TX,ASW,CE,Federal Contract Tower,2,32,29,36,99,0,0,26,0,26,2,32,55,36,125,8,0,8,133
07/16/2013,BRO,TX,ASW,CE,Federal Contract Tower,0,20,18,10,48,0,0,21,0,21,0,20,39,10,69,0,0,0,69
07/17/2013,BRO,TX,ASW,CE,Federal Contract Tower,0,24,20,2,46,0,0,5,0,5,0,24,25,2,51,4,0,4,55
07/18/2013,BRO,TX,ASW,CE,Federal Contract Tower,1,34,29,5,69,0,0,11,1,12,1,34,40,6,81,24,0,24,105
07/19/2013,BRO,TX,ASW,CE,Federal Contract Tower,0,30,43,6,79,0,1,28,2,31,0,31,71,8,110,0,50,50,160
07/20/2013,BRO,TX,ASW,CE,Federal Contract Tower,0,17,31,0,48,0,2,24,0,26,0,19,55,0,74,0,0,0,74
07/21/2013,BRO,TX,ASW,CE,Federal Contract Tower,0,48,28,12,88,0,0,22,0,22,0,48,50,12,110,0,0,0,110
07/22/2013,BRO,TX,ASW,CE,Federal Contract Tower,1,34,26,2,63,0,0,28,10,38,1,34,54,12,101,0,68,68,169
07/23/2013,BRO,TX,ASW,CE,Federal Contract Tower,0,24,26,22,72,0,3,44,7,54,0,27,70,29,126,4,50,54,180
07/24/2013,BRO,TX,ASW,CE,Federal Contract Tower,0,33,31,10,74,0,3,47,0,50,0,36,78,10,124,30,0,30,154
07/25/2013,BRO,TX,ASW,CE,Federal Contract Tower,0,37,39,16,92,0,0,35,0,35,0,37,74,16,127,60,0,60,187
07/26/2013,BRO,TX,ASW,CE,Federal Contract Tower,0,46,37,10,93,0,3,50,3,56,0,49,87,13,149,30,122,152,301
07/27/2013,BRO,TX,ASW,CE,Federal Contract Tower,0,39,27,0,66,0,28,2,0,30,0,67,29,0,96,10,0,10,106
07/28/2013,BRO,TX,ASW,CE,Federal Contract Tower,0,45,52,2,99,0,1,43,0,44,0,46,95,2,143,0,0,0,143
07/29/2013,BRO,TX,ASW,CE,Federal Contract Tower,0,21,33,4,58,0,0,27,0,27,0,21,60,4,85,0,0,0,85
07/30/2013,BRO,TX,ASW,CE,Federal Contract Tower,0,23,28,8,59,0,0,25,0,25,0,23,53,8,84,6,56,62,146
07/31/2013,BRO,TX,ASW,CE,Federal Contract Tower,0,26,29,10,65,0,0,28,1,29,0,26,57,11,94,36,94,130,224
08/01/2013,BRO,TX,ASW,CE,Federal Contract Tower,4,33,36,8,81,0,0,26,0,26,4,33,62,8,107,46,0,46,153
08/02/2013,BRO,TX,ASW,CE,Federal Contract Tower,1,34,34,6,75,0,2,26,0,28,1,36,60,6,103,0,0,0,103
08/03/2013,BRO,TX,ASW,CE,Federal Contract Tower,4,31,30,6,71,0,0,22,0,22,4,31,52,6,93,0,0,0,93
08/04/2013,BRO,TX,ASW,CE,Federal Contract Tower,0,40,49,0,89,0,1,26,0,27,0,41,75,0,116,10,0,10,126
08/05/2013,BRO,TX,ASW,CE,Federal Contract Tower,3,44,25,30,102,0,3,12,0,15,3,47,37,30,117,0,0,0,117
08/06/2013,BRO,TX,ASW,CE,Federal Contract Tower,0,36,33,12,81,0,0,17,6,23,0,36,50,18,104,16,132,148,252
08/07/2013,BRO,TX,ASW,CE,Federal Contract Tower,1,27,18,14,60,0,1,21,1,23,1,28,39,15,83,10,64,74,157
08/08/2013,BRO,TX,ASW,CE,Federal Contract Tower,4,30,30,10,74,0,2,18,6,26,4,32,48,16,100,14,72,86,186
08/09/2013,BRO,TX,ASW,CE,Federal Contract Tower,1,28,33,14,76,0,2,37,2,41,1,30,70,16,117,112,0,112,229
08/10/2013,BRO,TX,ASW,CE,Federal Contract Tower,0,13,27,0,40,0,0,21,0,21,0,13,48,0,61,22,0,22,83
08/11/2013,BRO,TX,ASW,CE,Federal Contract Tower,0,33,30,0,63,0,0,14,1,15,0,33,44,1,78,10,2,12,90
08/12/2013,BRO,TX,ASW,CE,Federal Contract Tower,2,24,20,20,66,0,0,23,6,29,2,24,43,26,95,0,76,76,171
08/13/2013,BRO,TX,ASW,CE,Federal Contract Tower,0,20,17,12,49,0,1,16,0,17,0,21,33,12,66,0,0,0,66
08/14/2013,BRO,TX,ASW,CE,Federal Contract Tower,0,19,13,10,42,0,0,25,1,26,0,19,38,11,68,0,0,0,68
08/15/2013,BRO,TX,ASW,CE,Federal Contract Tower,4,17,32,22,75,0,1,19,1,21,4,18,51,23,96,22,2,24,120
08/16/2013,BRO,TX,ASW,CE,Federal Contract Tower,0,25,21,3,49,0,0,19,4,23,0,25,40,7,72,0,32,32,104
08/17/2013,BRO,TX,ASW,CE,Federal Contract Tower,0,22,18,0,40,0,3,17,2,22,0,25,35,2,62,0,0,0,62
08/18/2013,BRO,TX,ASW,CE,Federal Contract Tower,0,20,11,2,33,0,0,21,0,21,0,20,32,2,54,0,0,0,54
08/19/2013,BRO,TX,ASW,CE,Federal Contract Tower,0,27,26,13,66,0,0,14,0,14,0,27,40,13,80,0,0,0,80
08/20/2013,BRO,TX,ASW,CE,Federal Contract Tower,0,18,8,0,26,0,4,12,2,18,0,22,20,2,44,20,0,20,64
08/21/2013,BRO,TX,ASW,CE,Federal Contract Tower,1,21,11,17,50,0,0,18,11,29,1,21,29,28,79,189,60,249,328
08/22/2013,BRO,TX,ASW,CE,Federal Contract Tower,0,19,18,2,39,0,0,14,0,14,0,19,32,2,53,8,0,8,61
08/23/2013,BRO,TX,ASW,CE,Federal Contract Tower,0,16,20,12,48,0,0,21,0,21,0,16,41,12,69,4,0,4,73
08/24/2013,BRO,TX,ASW,CE,Federal Contract Tower,0,16,16,0,32,0,2,24,0,26,0,18,40,0,58,24,0,24,82
08/25/2013,BRO,TX,ASW,CE,Federal Contract Tower,0,19,11,0,30,0,0,15,0,15,0,19,26,0,45,0,0,0,45
08/26/2013,BRO,TX,ASW,CE,Federal Contract Tower,2,18,7,8,35,0,0,3,0,3,2,18,10,8,38,0,0,0,38
08/27/2013,BRO,TX,ASW,CE,Federal Contract Tower,1,19,6,6,32,0,0,13,8,21,1,19,19,14,53,0,76,76,129
08/28/2013,BRO,TX,ASW,CE,Federal Contract Tower,2,22,26,20,70,0,0,15,6,21,2,22,41,26,91,42,80,122,213
08/29/2013,BRO,TX,ASW,CE,Federal Contract Tower,2,17,18,10,47,0,0,18,0,18,2,17,36,10,65,94,60,154,219
08/30/2013,BRO,TX,ASW,CE,Federal Contract Tower,0,23,13,0,36,0,0,19,0,19,0,23,32,0,55,14,0,14,69
08/31/2013,BRO,TX,ASW,CE,Federal Contract Tower,1,14,6,0,21,0,0,24,0,24,1,14,30,0,45,0,0,0,45
09/01/2013,BRO,TX,ASW,CE,Federal Contract Tower,1,18,14,2,35,0,0,20,0,20,1,18,34,2,55,0,0,0,55
09/02/2013,BRO,TX,ASW,CE,Federal Contract Tower,0,18,14,0,32,0,0,18,0,18,0,18,32,0,50,0,0,0,50
09/03/2013,BRO,TX,ASW,CE,Federal Contract Tower,0,13,8,9,30,0,0,10,2,12,0,13,18,11,42,38,20,58,100
09/04/2013,BRO,TX,ASW,CE,Federal Contract Tower,0,19,6,13,38,0,1,12,1,14,0,20,18,14,52,46,10,56,108
09/05/2013,BRO,TX,ASW,CE,Federal Contract Tower,4,22,16,2,44,0,0,17,0,17,4,22,33,2,61,0,0,0,61
09/06/2013,BRO,TX,ASW,CE,Federal Contract Tower,0,17,22,8,47,0,0,15,0,15,0,17,37,8,62,4,0,4,66
09/07/2013,BRO,TX,ASW,CE,Federal Contract Tower,0,10,3,0,13,0,0,12,0,12,0,10,15,0,25,0,0,0,25
09/08/2013,BRO,TX,ASW,CE,Federal Contract Tower,0,13,4,0,17,0,0,13,0,13,0,13,17,0,30,0,0,0,30
09/09/2013,BRO,TX,ASW,CE,Federal Contract Tower,1,16,17,0,34,0,0,8,0,8,1,16,25,0,42,0,0,0,42
09/10/2013,BRO,TX,ASW,CE,Federal Contract Tower,0,21,8,6,35,0,1,12,0,13,0,22,20,6,48,4,0,4,52
09/11/2013,BRO,TX,ASW,CE,Federal Contract Tower,0,17,8,31,56,0,0,12,0,12,0,17,20,31,68,60,4,64,132
09/12/2013,BRO,TX,ASW,CE,Federal Contract Tower,4,25,23,8,60,0,0,16,0,16,4,25,39,8,76,30,24,54,130
09/13/2013,BRO,TX,ASW,CE,Federal Contract Tower,3,26,21,0,50,0,0,7,0,7,3,26,28,0,57,8,16,24,81
09/14/2013,BRO,TX,ASW,CE,Federal Contract Tower,1,17,6,0,24,0,0,5,0,5,1,17,11,0,29,8,0,8,37
09/15/2013,BRO,TX,ASW,CE,Federal Contract Tower,0,16,2,0,18,0,0,0,1,1,0,16,2,1,19,0,2,2,21
09/16/2013,BRO,TX,ASW,CE,Federal Contract Tower,2,21,7,3,33,0,0,0,1,1,2,21,7,4,34,0,0,0,34
09/17/2013,BRO,TX,ASW,CE,Federal Contract Tower,4,16,13,19,52,0,0,4,3,7,4,16,17,22,59,8,0,8,67
09/18/2013,BRO,TX,ASW,CE,Federal Contract Tower,3,18,18,12,51,0,0,9,6,15,3,18,27,18,66,68,66,134,200
09/19/2013,BRO,TX,ASW,CE,Federal Contract Tower,3,16,18,33,70,0,0,11,3,14,3,16,29,36,84,12,0,12,96
09/20/2013,BRO,TX,ASW,CE,Federal Contract Tower,0,18,15,10,43,0,0,9,0,9,0,18,24,10,52,0,0,0,52
09/21/2013,BRO,TX,ASW,CE,Federal Contract Tower,1,10,7,2,20,0,0,0,0,0,1,10,7,2,20,0,0,0,20
09/22/2013,BRO,TX,ASW,CE,Federal Contract Tower,0,20,7,2,29,0,0,16,3,19,0,20,23,5,48,4,2,6,54
09/23/2013,BRO,TX,ASW,CE,Federal Contract Tower,0,21,15,44,80,0,3,13,0,16,0,24,28,44,96,4,0,4,100
09/24/2013,BRO,TX,ASW,CE,Federal Contract Tower,0,20,22,26,68,0,0,11,3,14,0,20,33,29,82,0,80,80,162
09/25/2013,BRO,TX,ASW,CE,Federal Contract Tower,2,14,10,10,36,0,1,22,6,29,2,15,32,16,65,0,126,126,191
09/26/2013,BRO,TX,ASW,CE,Federal Contract Tower,3,24,15,23,65,0,0,19,3,22,3,24,34,26,87,52,0,52,139
09/27/2013,BRO,TX,ASW,CE,Federal Contract Tower,4,28,7,4,43,0,1,14,2,17,4,29,21,6,60,0,0,0,60
09/28/2013,BRO,TX,ASW,CE,Federal Contract Tower,1,10,6,0,17,0,0,19,0,19,1,10,25,0,36,56,0,56,92
09/29/2013,BRO,TX,ASW,CE,Federal Contract Tower,2,21,9,0,32,0,0,29,0,29,2,21,38,0,61,6,0,6,67
09/30/2013,BRO,TX,ASW,CE,Federal Contract Tower,0,20,9,24,53,0,0,11,2,13,0,20,20,26,66,10,0,10,76
10/01/2013,BRO,TX,ASW,CE,Federal Contract Tower,0,23,11,0,34,0,2,10,0,12,0,25,21,0,46,0,0,0,46
10/02/2013,BRO,TX,ASW,CE,Federal Contract Tower,2,16,4,16,38,0,0,11,0,11,2,16,15,16,49,14,0,14,63
10/03/2013,BRO,TX,ASW,CE,Federal Contract Tower,4,22,8,10,44,0,0,11,2,13,4,22,19,12,57,22,0,22,79
10/04/2013,BRO,TX,ASW,CE,Federal Contract Tower,2,28,14,14,58,0,0,32,6,38,2,28,46,20,96,64,100,164,260
10/05/2013,BRO,TX,ASW,CE,Federal Contract Tower,0,14,8,0,22,0,0,20,1,21,0,14,28,1,43,4,2,6,49
10/06/2013,BRO,TX,ASW,CE,Federal Contract Tower,1,28,10,0,39,0,0,13,0,13,1,28,23,0,52,0,0,0,52
10/07/2013,BRO,TX,ASW,CE,Federal Contract Tower,1,22,13,2,38,0,0,23,4,27,1,22,36,6,65,34,0,34,99
10/08/2013,BRO,TX,ASW,CE,Federal Contract Tower,0,18,12,0,30,0,0,19,0,19,0,18,31,0,49,0,0,0,49
10/09/2013,BRO,TX,ASW,CE,Federal Contract Tower,1,19,15,0,35,0,5,15,0,20,1,24,30,0,55,10,0,10,65
10/10/2013,BRO,TX,ASW,CE,Federal Contract Tower,4,21,7,0,32,0,0,12,0,12,4,21,19,0,44,0,0,0,44
10/11/2013,BRO,TX,ASW,CE,Federal Contract Tower,3,24,24,0,51,0,0,20,0,20,3,24,44,0,71,26,0,26,97
10/12/2013,BRO,TX,ASW,CE,Federal Contract Tower,1,13,11,0,25,0,0,22,0,22,1,13,33,0,47,6,0,6,53
10/13/2013,BRO,TX,ASW,CE,Federal Contract Tower,3,18,16,0,37,0,2,11,0,13,3,20,27,0,50,0,0,0,50
10/14/2013,BRO,TX,ASW,CE,Federal Contract Tower,0,23,16,0,39,0,2,18,0,20,0,25,34,0,59,0,0,0,59
10/15/2013,BRO,TX,ASW,CE,Federal Contract Tower,3,13,15,0,31,0,0,17,6,23,3,13,32,6,54,2,0,2,56
10/16/2013,BRO,TX,ASW,CE,Federal Contract Tower,3,14,19,8,44,0,0,17,0,17,3,14,36,8,61,12,8,20,81
10/17/2013,BRO,TX,ASW,CE,Federal Contract Tower,5,27,18,1,51,0,0,10,3,13,5,27,28,4,64,34,20,54,118
10/18/2013,BRO,TX,ASW,CE,Federal Contract Tower,8,15,13,0,36,0,0,27,1,28,8,15,40,1,64,12,0,12,76
10/19/2013,BRO,TX,ASW,CE,Federal Contract Tower,4,20,21,0,45,0,0,7,0,7,4,20,28,0,52,12,0,12,64
10/20/2013,BRO,TX,ASW,CE,Federal Contract Tower,2,17,19,0,38,0,0,28,0,28,2,17,47,0,66,0,0,0,66
10/21/2013,BRO,TX,ASW,CE,Federal Contract Tower,0,18,22,3,43,0,0,4,0,4,0,18,26,3,47,0,6,6,53
10/22/2013,BRO,TX,ASW,CE,Federal Contract Tower,4,21,9,4,38,0,1,9,0,10,4,22,18,4,48,10,0,10,58
10/23/2013,BRO,TX,ASW,CE,Federal Contract Tower,4,16,10,32,62,0,0,24,1,25,4,16,34,33,87,54,8,62,149
10/24/2013,BRO,TX,ASW,CE,Federal Contract Tower,8,20,24,16,68,0,0,23,1,24,8,20,47,17,92,10,50,60,152
10/25/2013,BRO,TX,ASW,CE,Federal Contract Tower,9,19,10,6,44,0,0,20,5,25,9,19,30,11,69,0,162,162,231
10/26/2013,BRO,TX,ASW,CE,Federal Contract Tower,0,13,7,4,24,0,0,0,0,0,0,13,7,4,24,10,0,10,34
10/27/2013,BRO,TX,ASW,CE,Federal Contract Tower,2,17,8,0,27,0,0,21,0,21,2,17,29,0,48,12,0,12,60
10/28/2013,BRO,TX,ASW,CE,Federal Contract Tower,7,20,12,10,49,0,0,9,0,9,7,20,21,10,58,0,20,20,78
10/29/2013,BRO,TX,ASW,CE,Federal Contract Tower,12,17,17,30,76,0,0,4,9,13,12,17,21,39,89,0,138,138,227
10/30/2013,BRO,TX,ASW,CE,Federal Contract Tower,14,25,15,10,64,0,0,11,8,19,14,25,26,18,83,20,30,50,133
10/31/2013,BRO,TX,ASW,CE,Federal Contract Tower,6,23,13,6,48,0,0,4,2,6,6,23,17,8,54,0,2,2,56
11/01/2013,BRO,TX,ASW,CE,Federal Contract Tower,7,19,20,3,49,0,1,26,0,27,7,20,46,3,76,52,6,58,134
11/02/2013,BRO,TX,ASW,CE,Federal Contract Tower,1,14,9,2,26,0,0,33,2,35,1,14,42,4,61,18,12,30,91
11/03/2013,BRO,TX,ASW,CE,Federal Contract Tower,0,22,12,0,34,0,8,24,0,32,0,30,36,0,66,10,0,10,76
11/04/2013,BRO,TX,ASW,CE,Federal Contract Tower,4,25,14,19,62,0,0,16,5,21,4,25,30,24,83,2,98,100,183
11/05/2013,BRO,TX,ASW,CE,Federal Contract Tower,13,18,15,24,70,0,0,22,8,30,13,18,37,32,100,0,150,150,250
11/06/2013,BRO,TX,ASW,CE,Federal Contract Tower,8,20,17,6,51,0,1,11,2,14,8,21,28,8,65,0,68,68,133
11/07/2013,BRO,TX,ASW,CE,Federal Contract Tower,14,21,13,20,68,0,0,11,1,12,14,21,24,21,80,0,118,118,198
11/08/2013,BRO,TX,ASW,CE,Federal Contract Tower,6,23,12,10,51,0,0,15,3,18,6,23,27,13,69,0,64,64,133
11/09/2013,BRO,TX,ASW,CE,Federal Contract Tower,2,20,10,4,36,0,0,33,2,35,2,20,43,6,71,8,4,12,83
11/10/2013,BRO,TX,ASW,CE,Federal Contract Tower,1,24,10,0,35,0,0,28,0,28,1,24,38,0,63,8,0,8,71
11/11/2013,BRO,TX,ASW,CE,Federal Contract Tower,3,20,7,0,30,0,0,17,0,17,3,20,24,0,47,0,0,0,47
11/12/2013,BRO,TX,ASW,CE,Federal Contract Tower,12,18,14,14,58,0,0,7,4,11,12,18,21,18,69,10,110,120,189
11/13/2013,BRO,TX,ASW,CE,Federal Contract Tower,3,18,8,35,64,0,1,13,1,15,3,19,21,36,79,0,0,0,79
11/14/2013,BRO,TX,ASW,CE,Federal Contract Tower,10,25,14,26,75,0,0,25,15,40,10,25,39,41,115,16,126,142,257
11/15/2013,BRO,TX,ASW,CE,Federal Contract Tower,12,34,21,11,78,0,0,18,1,19,12,34,39,12,97,6,0,6,103
11/16/2013,BRO,TX,ASW,CE,Federal Contract Tower,0,18,16,4,38,0,0,12,0,12,0,18,28,4,50,0,0,0,50
11/17/2013,BRO,TX,ASW,CE,Federal Contract Tower,0,17,13,4,34,0,2,19,0,21,0,19,32,4,55,12,0,12,67
11/18/2013,BRO,TX,ASW,CE,Federal Contract Tower,5,34,22,10,71,0,0,17,0,17,5,34,39,10,88,0,16,16,104
11/19/2013,BRO,TX,ASW,CE,Federal Contract Tower,15,27,22,2,66,0,0,11,8,19,15,27,33,10,85,6,82,88,173
11/20/2013,BRO,TX,ASW,CE,Federal Contract Tower,6,17,17,31,71,0,0,14,4,18,6,17,31,35,89,0,8,8,97
11/21/2013,BRO,TX,ASW,CE,Federal Contract Tower,11,19,26,29,85,0,0,13,0,13,11,19,39,29,98,10,0,10,108
11/22/2013,BRO,TX,ASW,CE,Federal Contract Tower,4,18,8,0,30,0,0,12,2,14,4,18,20,2,44,0,82,82,126
11/23/2013,BRO,TX,ASW,CE,Federal Contract Tower,3,15,3,4,25,0,0,1,0,1,3,15,4,4,26,0,0,0,26
11/24/2013,BRO,TX,ASW,CE,Federal Contract Tower,0,11,8,8,27,0,0,2,0,2,0,11,10,8,29,0,0,0,29
11/25/2013,BRO,TX,ASW,CE,Federal Contract Tower,7,11,17,2,37,0,0,2,0,2,7,11,19,2,39,0,0,0,39
11/26/2013,BRO,TX,ASW,CE,Federal Contract Tower,11,22,15,18,66,0,0,20,2,22,11,22,35,20,88,4,60,64,152
11/27/2013,BRO,TX,ASW,CE,Federal Contract Tower,8,22,22,8,60,0,4,19,6,29,8,26,41,14,89,6,0,6,95
11/28/2013,BRO,TX,ASW,CE,Federal Contract Tower,0,15,7,0,22,0,0,4,1,5,0,15,11,1,27,4,4,8,35
11/29/2013,BRO,TX,ASW,CE,Federal Contract Tower,6,15,6,0,27,0,0,20,0,20,6,15,26,0,47,0,0,0,47
11/30/2013,BRO,TX,ASW,CE,Federal Contract Tower,0,21,15,0,36,0,5,22,0,27,0,26,37,0,63,0,0,0,63
12/01/2013,BRO,TX,ASW,CE,Federal Contract Tower,0,23,11,0,34,0,1,28,4,33,0,24,39,4,67,0,0,0,67
12/02/2013,BRO,TX,ASW,CE,Federal Contract Tower,3,19,10,15,47,0,0,15,7,22,3,19,25,22,69,16,94,110,179
12/03/2013,BRO,TX,ASW,CE,Federal Contract Tower,8,16,20,14,58,0,0,13,2,15,8,16,33,16,73,0,84,84,157
12/04/2013,BRO,TX,ASW,CE,Federal Contract Tower,7,12,25,14,58,0,0,11,0,11,7,12,36,14,69,0,10,10,79
12/05/2013,BRO,TX,ASW,CE,Federal Contract Tower,9,14,19,18,60,0,0,4,0,4,9,14,23,18,64,14,52,66,130
12/06/2013,BRO,TX,ASW,CE,Federal Contract Tower,9,12,24,30,75,0,0,0,0,0,9,12,24,30,75,0,0,0,75
12/07/2013,BRO,TX,ASW,CE,Federal Contract Tower,0,11,5,6,22,0,0,1,2,3,0,11,6,8,25,0,10,10,35
12/08/2013,BRO,TX,ASW,CE,Federal Contract Tower,3,17,14,0,34,0,0,0,0,0,3,17,14,0,34,0,0,0,34
12/09/2013,BRO,TX,ASW,CE,Federal Contract Tower,4,17,18,15,54,0,0,1,0,1,4,17,19,15,55,0,0,0,55
12/10/2013,BRO,TX,ASW,CE,Federal Contract Tower,8,16,18,20,62,0,0,13,0,13,8,16,31,20,75,0,0,0,75
12/11/2013,BRO,TX,ASW,CE,Federal Contract Tower,13,11,12,6,42,0,0,11,0,11,13,11,23,6,53,0,0,0,53
12/12/2013,BRO,TX,ASW,CE,Federal Contract Tower,10,21,25,2,58,0,0,25,2,27,10,21,50,4,85,12,0,12,97
12/13/2013,BRO,TX,ASW,CE,Federal Contract Tower,11,30,22,12,75,0,2,23,2,27,11,32,45,14,102,0,20,20,122
12/14/2013,BRO,TX,ASW,CE,Federal Contract Tower,1,27,8,0,36,0,1,13,0,14,1,28,21,0,50,10,0,10,60
12/15/2013,BRO,TX,ASW,CE,Federal Contract Tower,5,20,5,2,32,0,0,7,0,7,5,20,12,2,39,6,0,6,45
12/16/2013,BRO,TX,ASW,CE,Federal Contract Tower,9,20,19,12,60,0,3,17,4,24,9,23,36,16,84,10,70,80,164
12/17/2013,BRO,TX,ASW,CE,Federal Contract Tower,12,12,18,32,74,0,0,20,2,22,12,12,38,34,96,0,56,56,152
12/18/2013,BRO,TX,ASW,CE,Federal Contract Tower,8,21,20,10,59,0,0,26,2,28,8,21,46,12,87,80,0,80,167
12/19/2013,BRO,TX,ASW,CE,Federal Contract Tower,5,23,16,12,56,0,1,7,1,9,5,24,23,13,65,8,0,8,73
12/20/2013,BRO,TX,ASW,CE,Federal Contract Tower,11,25,20,10,66,0,0,13,0,13,11,25,33,10,79,0,0,0,79
12/21/2013,BRO,TX,ASW,CE,Federal Contract Tower,1,20,18,0,39,0,2,10,2,14,1,22,28,2,53,0,0,0,53
12/22/2013,BRO,TX,ASW,CE,Federal Contract Tower,0,20,20,2,42,0,0,6,0,6,0,20,26,2,48,0,0,0,48
12/23/2013,BRO,TX,ASW,CE,Federal Contract Tower,6,19,13,2,40,0,1,7,0,8,6,20,20,2,48,0,0,0,48
12/24/2013,BRO,TX,ASW,CE,Federal Contract Tower,7,12,0,0,19,0,0,7,0,7,7,12,7,0,26,6,0,6,32
12/25/2013,BRO,TX,ASW,CE,Federal Contract Tower,1,22,8,0,31,0,0,4,2,6,1,22,12,2,37,0,0,0,37
12/26/2013,BRO,TX,ASW,CE,Federal Contract Tower,9,30,27,0,66,0,0,2,0,2,9,30,29,0,68,0,0,0,68
12/27/2013,BRO,TX,ASW,CE,Federal Contract Tower,10,29,24,0,63,0,0,6,0,6,10,29,30,0,69,0,0,0,69
12/28/2013,BRO,TX,ASW,CE,Federal Contract Tower,3,20,14,0,37,0,0,6,0,6,3,20,20,0,43,0,0,0,43
12/29/2013,BRO,TX,ASW,CE,Federal Contract Tower,0,23,15,0,38,0,0,18,0,18,0,23,33,0,56,2,0,2,58
12/30/2013,BRO,TX,ASW,CE,Federal Contract Tower,5,18,8,0,31,0,0,0,0,0,5,18,8,0,31,0,0,0,31
12/31/2013,BRO,TX,ASW,CE,Federal Contract Tower,4,18,5,0,27,0,0,1,0,1,4,18,6,0,28,0,0,0,28
01/01/2014,BRO,TX,ASW,CE,Federal Contract Tower,0,27,2,0,29,0,0,0,0,0,0,27,2,0,29,0,0,0,29
01/02/2014,BRO,TX,ASW,CE,Federal Contract Tower,5,21,22,10,58,0,0,11,0,11,5,21,33,10,69,18,0,18,87
01/03/2014,BRO,TX,ASW,CE,Federal Contract Tower,10,14,29,12,65,0,0,29,0,29,10,14,58,12,94,0,0,0,94
01/04/2014,BRO,TX,ASW,CE,Federal Contract Tower,1,17,32,0,50,0,0,51,0,51,1,17,83,0,101,12,6,18,119
01/05/2014,BRO,TX,ASW,CE,Federal Contract Tower,0,13,14,6,33,0,2,21,0,23,0,15,35,6,56,0,0,0,56
01/06/2014,BRO,TX,ASW,CE,Federal Contract Tower,6,17,21,10,54,0,0,8,0,8,6,17,29,10,62,0,46,46,108
01/07/2014,BRO,TX,ASW,CE,Federal Contract Tower,7,14,16,22,59,0,0,0,0,0,7,14,16,22,59,0,0,0,59
01/08/2014,BRO,TX,ASW,CE,Federal Contract Tower,8,14,23,2,47,0,0,4,0,4,8,14,27,2,51,0,0,0,51
01/09/2014,BRO,TX,ASW,CE,Federal Contract Tower,7,14,13,28,62,0,0,6,0,6,7,14,19,28,68,0,0,0,68
01/10/2014,BRO,TX,ASW,CE,Federal Contract Tower,8,12,24,10,54,0,0,15,0,15,8,12,39,10,69,6,0,6,75
01/11/2014,BRO,TX,ASW,CE,Federal Contract Tower,0,16,10,2,28,0,0,29,0,29,0,16,39,2,57,8,0,8,65
01/12/2014,BRO,TX,ASW,CE,Federal Contract Tower,0,19,8,1,28,0,0,14,1,15,0,19,22,2,43,0,0,0,43
01/13/2014,BRO,TX,ASW,CE,Federal Contract Tower,0,15,9,10,34,0,0,23,4,27,0,15,32,14,61,0,2,2,63
01/14/2014,BRO,TX,ASW,CE,Federal Contract Tower,8,16,9,34,67,0,0,16,6,22,8,16,25,40,89,0,20,20,109
01/15/2014,BRO,TX,ASW,CE,Federal Contract Tower,13,14,7,2,36,0,0,15,5,20,13,14,22,7,56,6,100,106,162
01/16/2014,BRO,TX,ASW,CE,Federal Contract Tower,5,23,19,12,59,0,0,17,0,17,5,23,36,12,76,20,0,20,96
01/17/2014,BRO,TX,ASW,CE,Federal Contract Tower,6,23,16,12,57,0,0,12,11,23,6,23,28,23,80,0,144,144,224
01/18/2014,BRO,TX,ASW,CE,Federal Contract Tower,0,12,4,0,16,0,0,22,0,22,0,12,26,0,38,4,0,4,42
01/19/2014,BRO,TX,ASW,CE,Federal Contract Tower,1,20,13,0,34,0,0,18,0,18,1,20,31,0,52,6,0,6,58
01/20/2014,BRO,TX,ASW,CE,Federal Contract Tower,5,20,11,0,36,0,0,14,0,14,5,20,25,0,50,0,0,0,50
01/21/2014,BRO,TX,ASW,CE,Federal Contract Tower,8,20,10,30,68,0,0,13,2,15,8,20,23,32,83,0,10,10,93
01/22/2014,BRO,TX,ASW,CE,Federal Contract Tower,3,16,11,17,47,0,0,24,4,28,3,16,35,21,75,14,46,60,135
01/23/2014,BRO,TX,ASW,CE,Federal Contract Tower,6,52,13,10,81,0,0,11,8,19,6,52,24,18,100,0,152,152,252
01/24/2014,BRO,TX,ASW,CE,Federal Contract Tower,3,23,14,0,40,0,0,3,0,3,3,23,17,0,43,0,0,0,43
01/25/2014,BRO,TX,ASW,CE,Federal Contract Tower,3,18,8,6,35,0,0,28,0,28,3,18,36,6,63,18,0,18,81
01/26/2014,BRO,TX,ASW,CE,Federal Contract Tower,0,19,11,4,34,0,0,28,0,28,0,19,39,4,62,8,0,8,70
01/27/2014,BRO,TX,ASW,CE,Federal Contract Tower,7,20,23,2,52,0,5,13,0,18,7,25,36,2,70,4,0,4,74
01/28/2014,BRO,TX,ASW,CE,Federal Contract Tower,11,16,13,20,60,0,0,0,0,0,11,16,13,20,60,10,74,84,144
01/29/2014,BRO,TX,ASW,CE,Federal Contract Tower,8,15,14,10,47,0,0,6,0,6,8,15,20,10,53,2,0,2,55
01/30/2014,BRO,TX,ASW,CE,Federal Contract Tower,8,24,22,4,58,0,0,26,6,32,8,24,48,10,90,0,176,176,266
01/31/2014,BRO,TX,ASW,CE,Federal Contract Tower,15,37,52,3,107,0,0,17,0,17,15,37,69,3,124,14,0,14,138
02/01/2014,BRO,TX,ASW,CE,Federal Contract Tower,1,19,16,4,40,0,4,10,0,14,1,23,26,4,54,2,0,2,56
02/02/2014,BRO,TX,ASW,CE,Federal Contract Tower,3,7,4,0,14,0,0,7,0,7,3,7,11,0,21,0,0,0,21
02/03/2014,BRO,TX,ASW,CE,Federal Contract Tower,12,43,46,4,105,0,0,5,0,5,12,43,51,4,110,0,0,0,110
02/04/2014,BRO,TX,ASW,CE,Federal Contract Tower,5,19,16,22,62,0,0,4,0,4,5,19,20,22,66,0,0,0,66
02/05/2014,BRO,TX,ASW,CE,Federal Contract Tower,5,27,17,4,53,0,0,37,0,37,5,27,54,4,90,0,10,10,100
02/06/2014,BRO,TX,ASW,CE,Federal Contract Tower,8,22,19,12,61,0,0,2,0,2,8,22,21,12,63,0,0,0,63
02/07/2014,BRO,TX,ASW,CE,Federal Contract Tower,16,31,14,0,61,0,0,0,0,0,16,31,14,0,61,0,0,0,61
02/08/2014,BRO,TX,ASW,CE,Federal Contract Tower,2,18,12,6,38,0,0,2,0,2,2,18,14,6,40,0,0,0,40
02/09/2014,BRO,TX,ASW,CE,Federal Contract Tower,0,18,19,10,47,0,0,13,0,13,0,18,32,10,60,0,0,0,60
02/10/2014,BRO,TX,ASW,CE,Federal Contract Tower,6,24,13,14,57,0,0,26,0,26,6,24,39,14,83,18,0,18,101
02/11/2014,BRO,TX,ASW,CE,Federal Contract Tower,11,11,15,8,45,0,0,0,0,0,11,11,15,8,45,0,0,0,45
02/12/2014,BRO,TX,ASW,CE,Federal Contract Tower,9,15,6,28,58,0,0,24,6,30,9,15,30,34,88,10,86,96,184
02/13/2014,BRO,TX,ASW,CE,Federal Contract Tower,6,26,5,10,47,0,0,24,0,24,6,26,29,10,71,28,10,38,109
02/14/2014,BRO,TX,ASW,CE,Federal Contract Tower,8,17,10,12,47,0,0,13,0,13,8,17,23,12,60,6,0,6,66
02/15/2014,BRO,TX,ASW,CE,Federal Contract Tower,0,23,4,8,35,0,0,10,3,13,0,23,14,11,48,10,0,10,58
02/16/2014,BRO,TX,ASW,CE,Federal Contract Tower,0,18,20,6,44,0,0,16,0,16,0,18,36,6,60,6,0,6,66
02/17/2014,BRO,TX,ASW,CE,Federal Contract Tower,5,26,13,4,48,0,1,14,0,15,5,27,27,4,63,0,0,0,63
02/18/2014,BRO,TX,ASW,CE,Federal Contract Tower,10,19,12,10,51,0,0,14,0,14,10,19,26,10,65,0,4,4,69
02/19/2014,BRO,TX,ASW,CE,Federal Contract Tower,2,17,11,6,36,0,0,9,1,10,2,17,20,7,46,0,2,2,48
02/20/2014,BRO,TX,ASW,CE,Federal Contract Tower,5,27,19,4,55,0,0,17,7,24,5,27,36,11,79,12,76,88,167
02/21/2014,BRO,TX,ASW,CE,Federal Contract Tower,6,23,15,6,50,0,0,40,0,40,6,23,55,6,90,22,0,22,112
02/22/2014,BRO,TX,ASW,CE,Federal Contract Tower,3,14,9,6,32,0,0,34,0,34,3,14,43,6,66,92,0,92,158
02/23/2014,BRO,TX,ASW,CE,Federal Contract Tower,1,21,25,1,48,0,0,16,0,16,1,21,41,1,64,0,12,12,76
02/24/2014,BRO,TX,ASW,CE,Federal Contract Tower,8,17,10,6,41,0,2,6,0,8,8,19,16,6,49,20,0,20,69
02/25/2014,BRO,TX,ASW,CE,Federal Contract Tower,13,21,14,4,52,0,0,9,2,11,13,21,23,6,63,6,0,6,69
02/26/2014,BRO,TX,ASW,CE,Federal Contract Tower,12,28,9,6,55,0,0,0,0,0,12,28,9,6,55,0,0,0,55
02/27/2014,BRO,TX,ASW,CE,Federal Contract Tower,11,22,24,10,67,0,0,14,4,18,11,22,38,14,85,38,0,38,123
02/28/2014,BRO,TX,ASW,CE,Federal Contract Tower,10,23,24,14,71,0,0,20,4,24,10,23,44,18,95,0,26,26,121
03/01/2014,BRO,TX,ASW,CE,Federal Contract Tower,8,13,19,6,46,0,0,15,0,15,8,13,34,6,61,0,0,0,61
03/02/2014,BRO,TX,ASW,CE,Federal Contract Tower,0,11,21,2,34,0,0,4,0,4,0,11,25,2,38,0,0,0,38
03/03/2014,BRO,TX,ASW,CE,Federal Contract Tower,6,24,22,16,68,0,0,0,0,0,6,24,22,16,68,0,0,0,68
03/04/2014,BRO,TX,ASW,CE,Federal Contract Tower,13,22,15,20,70,0,0,0,0,0,13,22,15,20,70,0,0,0,70
03/05/2014,BRO,TX,ASW,CE,Federal Contract Tower,13,23,11,8,55,0,0,7,0,7,13,23,18,8,62,4,0,4,66
03/06/2014,BRO,TX,ASW,CE,Federal Contract Tower,15,20,24,4,63,0,0,26,4,30,15,20,50,8,93,40,52,92,185
03/07/2014,BRO,TX,ASW,CE,Federal Contract Tower,8,17,29,16,70,1,0,31,2,34,9,17,60,18,104,6,0,6,110
03/08/2014,BRO,TX,ASW,CE,Federal Contract Tower,0,18,20,0,38,0,0,25,0,25,0,18,45,0,63,20,0,20,83
03/09/2014,BRO,TX,ASW,CE,Federal Contract Tower,0,19,7,0,26,0,0,2,0,2,0,19,9,0,28,0,0,0,28
03/10/2014,BRO,TX,ASW,CE,Federal Contract Tower,8,17,12,2,39,0,0,1,0,1,8,17,13,2,40,0,0,0,40
03/11/2014,BRO,TX,ASW,CE,Federal Contract Tower,12,20,22,18,72,0,0,19,0,19,12,20,41,18,91,40,0,40,131
03/12/2014,BRO,TX,ASW,CE,Federal Contract Tower,5,21,25,5,56,0,2,7,2,11,5,23,32,7,67,0,68,68,135
03/13/2014,BRO,TX,ASW,CE,Federal Contract Tower,7,17,30,14,68,0,0,39,8,47,7,17,69,22,115,0,140,140,255
03/14/2014,BRO,TX,ASW,CE,Federal Contract Tower,8,24,21,6,59,0,1,36,6,43,8,25,57,12,102,0,0,0,102
03/15/2014,BRO,TX,ASW,CE,Federal Contract Tower,3,21,25,4,53,0,0,12,2,14,3,21,37,6,67,4,0,4,71
03/16/2014,BRO,TX,ASW,CE,Federal Contract Tower,1,26,13,10,50,0,0,4,0,4,1,26,17,10,54,0,0,0,54
03/17/2014,BRO,TX,ASW,CE,Federal Contract Tower,8,28,31,28,95,0,0,31,2,33,8,28,62,30,128,40,50,90,218
03/18/2014,BRO,TX,ASW,CE,Federal Contract Tower,9,20,11,12,52,0,0,33,0,33,9,20,44,12,85,2,0,2,87
03/19/2014,BRO,TX,ASW,CE,Federal Contract Tower,10,15,13,4,42,0,0,27,0,27,10,15,40,4,69,0,0,0,69
03/20/2014,BRO,TX,ASW,CE,Federal Contract Tower,11,18,9,18,56,0,0,30,0,30,11,18,39,18,86,30,0,30,116
03/21/2014,BRO,TX,ASW,CE,Federal Contract Tower,9,18,21,4,52,0,0,23,4,27,9,18,44,8,79,0,22,22,101
03/22/2014,BRO,TX,ASW,CE,Federal Contract Tower,0,17,14,0,31,0,0,17,0,17,0,17,31,0,48,0,0,0,48
03/23/2014,BRO,TX,ASW,CE,Federal Contract Tower,0,18,11,4,33,0,0,4,0,4,0,18,15,4,37,0,0,0,37
03/24/2014,BRO,TX,ASW,CE,Federal Contract Tower,3,30,5,16,54,0,0,0,0,0,3,30,5,16,54,0,0,0,54
03/25/2014,BRO,TX,ASW,CE,Federal Contract Tower,6,19,16,6,47,0,3,8,13,24,6,22,24,19,71,70,0,70,141
03/26/2014,BRO,TX,ASW,CE,Federal Contract Tower,6,19,10,22,57,0,0,4,0,4,6,19,14,22,61,10,0,10,71
03/27/2014,BRO,TX,ASW,CE,Federal Contract Tower,13,18,18,14,63,0,0,7,9,16,13,18,25,23,79,14,50,64,143
03/28/2014,BRO,TX,ASW,CE,Federal Contract Tower,10,15,27,2,54,0,0,21,0,21,10,15,48,2,75,6,0,6,81
03/29/2014,BRO,TX,ASW,CE,Federal Contract Tower,2,17,12,2,33,0,0,24,0,24,2,17,36,2,57,2,0,2,59
03/30/2014,BRO,TX,ASW,CE,Federal Contract Tower,2,16,19,0,37,0,0,37,4,41,2,16,56,4,78,16,0,16,94
03/31/2014,BRO,TX,ASW,CE,Federal Contract Tower,9,23,5,12,49,0,3,11,2,16,9,26,16,14,65,0,0,0,65
04/01/2014,BRO,TX,ASW,CE,Federal Contract Tower,14,28,24,18,84,0,1,13,0,14,14,29,37,18,98,20,0,20,118
04/02/2014,BRO,TX,ASW,CE,Federal Contract Tower,14,19,8,16,57,0,0,4,4,8,14,19,12,20,65,0,32,32,97
04/03/2014,BRO,TX,ASW,CE,Federal Contract Tower,19,21,18,22,80,0,0,7,0,7,19,21,25,22,87,0,0,0,87
04/04/2014,BRO,TX,ASW,CE,Federal Contract Tower,11,17,20,16,64,0,0,15,6,21,11,17,35,22,85,20,26,46,131
04/05/2014,BRO,TX,ASW,CE,Federal Contract Tower,1,19,20,4,44,0,0,0,0,0,1,19,20,4,44,10,0,10,54
04/06/2014,BRO,TX,ASW,CE,Federal Contract Tower,1,18,21,7,47,0,0,0,4,4,1,18,21,11,51,0,0,0,51
04/07/2014,BRO,TX,ASW,CE,Federal Contract Tower,13,17,12,17,59,0,2,6,1,9,13,19,18,18,68,0,56,56,124
04/08/2014,BRO,TX,ASW,CE,Federal Contract Tower,10,12,12,21,55,0,1,26,6,33,10,13,38,27,88,12,0,12,100
04/09/2014,BRO,TX,ASW,CE,Federal Contract Tower,8,27,13,18,66,0,0,15,2,17,8,27,28,20,83,0,54,54,137
04/10/2014,BRO,TX,ASW,CE,Federal Contract Tower,8,23,20,26,77,0,3,21,3,27,8,26,41,29,104,8,142,150,254
04/11/2014,BRO,TX,ASW,CE,Federal Contract Tower,8,36,25,12,81,0,4,32,0,36,8,40,57,12,117,0,0,0,117
04/12/2014,BRO,TX,ASW,CE,Federal Contract Tower,1,37,39,0,77,0,3,31,0,34,1,40,70,0,111,10,0,10,121
04/13/2014,BRO,TX,ASW,CE,Federal Contract Tower,0,31,25,0,56,0,0,10,0,10,0,31,35,0,66,0,0,0,66
04/14/2014,BRO,TX,ASW,CE,Federal Contract Tower,6,25,15,25,71,0,0,11,1,12,6,25,26,26,83,22,0,22,105
04/15/2014,BRO,TX,ASW,CE,Federal Contract Tower,6,15,29,17,67,0,0,20,2,22,6,15,49,19,89,20,56,76,165
04/16/2014,BRO,TX,ASW,CE,Federal Contract Tower,1,23,26,10,60,0,0,25,0,25,1,23,51,10,85,0,0,0,85
04/17/2014,BRO,TX,ASW,CE,Federal Contract Tower,9,26,43,11,89,0,1,13,1,15,9,27,56,12,104,0,0,0,104
04/18/2014,BRO,TX,ASW,CE,Federal Contract Tower,5,21,15,16,57,0,0,18,0,18,5,21,33,16,75,12,0,12,87
04/19/2014,BRO,TX,ASW,CE,Federal Contract Tower,2,37,23,0,62,0,0,23,0,23,2,37,46,0,85,6,0,6,91
04/20/2014,BRO,TX,ASW,CE,Federal Contract Tower,0,47,65,4,116,0,0,20,0,20,0,47,85,4,136,0,0,0,136
04/21/2014,BRO,TX,ASW,CE,Federal Contract Tower,6,36,37,25,104,0,0,24,3,27,6,36,61,28,131,0,42,42,173
04/22/2014,BRO,TX,ASW,CE,Federal Contract Tower,16,16,19,20,71,0,1,14,2,17,16,17,33,22,88,0,40,40,128
04/23/2014,BRO,TX,ASW,CE,Federal Contract Tower,6,20,38,18,82,0,0,34,0,34,6,20,72,18,116,8,0,8,124
04/24/2014,BRO,TX,ASW,CE,Federal Contract Tower,11,23,24,10,68,0,0,26,0,26,11,23,50,10,94,0,74,74,168
04/25/2014,BRO,TX,ASW,CE,Federal Contract Tower,4,23,30,0,57,0,0,21,0,21,4,23,51,0,78,60,0,60,138
04/26/2014,BRO,TX,ASW,CE,Federal Contract Tower,2,28,32,2,64,0,0,30,0,30,2,28,62,2,94,10,0,10,104
04/27/2014,BRO,TX,ASW,CE,Federal Contract Tower,2,36,28,2,68,0,0,19,0,19,2,36,47,2,87,18,0,18,105
04/28/2014,BRO,TX,ASW,CE,Federal Contract Tower,4,25,11,12,52,0,1,18,0,19,4,26,29,12,71,6,0,6,77
04/29/2014,BRO,TX,ASW,CE,Federal Contract Tower,7,14,24,6,51,0,0,17,1,18,7,14,41,7,69,12,80,92,161
04/30/2014,BRO,TX,ASW,CE,Federal Contract Tower,7,17,30,6,60,0,0,28,0,28,7,17,58,6,88,6,0,6,94
05/01/2014,BRO,TX,ASW,CE,Federal Contract Tower,6,22,25,2,55,0,0,33,2,35,6,22,58,4,90,36,66,102,192
05/02/2014,BRO,TX,ASW,CE,Federal Contract Tower,5,16,22,0,43,0,0,18,5,23,5,16,40,5,66,8,42,50,116
05/03/2014,BRO,TX,ASW,CE,Federal Contract Tower,0,15,11,2,28,0,1,41,2,44,0,16,52,4,72,16,30,46,118
05/04/2014,BRO,TX,ASW,CE,Federal Contract Tower,2,23,36,2,63,0,0,26,2,28,2,23,62,4,91,0,0,0,91
05/05/2014,BRO,TX,ASW,CE,Federal Contract Tower,7,19,11,24,61,0,2,17,8,27,7,21,28,32,88,0,76,76,164
05/06/2014,BRO,TX,ASW,CE,Federal Contract Tower,10,22,11,15,58,0,1,17,0,18,10,23,28,15,76,0,0,0,76
05/07/2014,BRO,TX,ASW,CE,Federal Contract Tower,8,22,26,7,63,0,2,11,0,13,8,24,37,7,76,84,0,84,160
05/08/2014,BRO,TX,ASW,CE,Federal Contract Tower,9,21,18,4,52,0,0,12,0,12,9,21,30,4,64,38,0,38,102
05/09/2014,BRO,TX,ASW,CE,Federal Contract Tower,10,12,9,8,39,0,1,14,3,18,10,13,23,11,57,0,4,4,61
05/10/2014,BRO,TX,ASW,CE,Federal Contract Tower,2,15,15,4,36,0,1,20,0,21,2,16,35,4,57,0,0,0,57
05/11/2014,BRO,TX,ASW,CE,Federal Contract Tower,4,15,7,4,30,0,0,8,1,9,4,15,15,5,39,0,24,24,63
05/12/2014,BRO,TX,ASW,CE,Federal Contract Tower,10,18,22,14,64,0,0,10,0,10,10,18,32,14,74,0,0,0,74
05/13/2014,BRO,TX,ASW,CE,Federal Contract Tower,3,20,5,6,34,0,0,4,0,4,3,20,9,6,38,50,0,50,88
05/14/2014,BRO,TX,ASW,CE,Federal Contract Tower,8,25,18,22,73,0,0,10,4,14,8,25,28,26,87,14,70,84,171
05/15/2014,BRO,TX,ASW,CE,Federal Contract Tower,5,24,14,32,75,0,0,21,0,21,5,24,35,32,96,32,68,100,196
05/16/2014,BRO,TX,ASW,CE,Federal Contract Tower,5,21,15,6,47,0,0,35,3,38,5,21,50,9,85,16,12,28,113
05/17/2014,BRO,TX,ASW,CE,Federal Contract Tower,3,11,15,3,32,0,0,14,0,14,3,11,29,3,46,22,0,22,68
05/18/2014,BRO,TX,ASW,CE,Federal Contract Tower,3,16,15,2,36,0,0,19,0,19,3,16,34,2,55,0,0,0,55
05/19/2014,BRO,TX,ASW,CE,Federal Contract Tower,7,22,20,10,59,0,0,12,4,16,7,22,32,14,75,0,68,68,143
05/20/2014,BRO,TX,ASW,CE,Federal Contract Tower,14,22,25,10,71,0,0,14,0,14,14,22,39,10,85,0,0,0,85
05/21/2014,BRO,TX,ASW,CE,Federal Contract Tower,14,20,12,6,52,0,0,17,2,19,14,20,29,8,71,26,6,32,103
05/22/2014,BRO,TX,ASW,CE,Federal Contract Tower,9,21,18,8,56,0,4,33,0,37,9,25,51,8,93,40,0,40,133
05/23/2014,BRO,TX,ASW,CE,Federal Contract Tower,8,15,18,2,43,0,0,23,0,23,8,15,41,2,66,0,0,0,66
05/24/2014,BRO,TX,ASW,CE,Federal Contract Tower,6,17,3,0,26,0,0,20,0,20,6,17,23,0,46,0,0,0,46
05/25/2014,BRO,TX,ASW,CE,Federal Contract Tower,6,19,21,0,46,0,0,17,0,17,6,19,38,0,63,0,0,0,63
05/26/2014,BRO,TX,ASW,CE,Federal Contract Tower,5,25,16,0,46,0,0,18,0,18,5,25,34,0,64,10,0,10,74
05/27/2014,BRO,TX,ASW,CE,Federal Contract Tower,7,17,20,0,44,0,0,12,0,12,7,17,32,0,56,20,0,20,76
05/28/2014,BRO,TX,ASW,CE,Federal Contract Tower,6,17,21,6,50,0,0,13,2,15,6,17,34,8,65,6,64,70,135
05/29/2014,BRO,TX,ASW,CE,Federal Contract Tower,11,22,22,36,91,0,0,20,0,20,11,22,42,36,111,0,0,0,111
05/30/2014,BRO,TX,ASW,CE,Federal Contract Tower,9,20,20,8,57,0,1,23,2,26,9,21,43,10,83,10,8,18,101
05/31/2014,BRO,TX,ASW,CE,Federal Contract Tower,1,16,11,22,50,0,2,28,0,30,1,18,39,22,80,0,0,0,80
06/01/2014,BRO,TX,ASW,CE,Federal Contract Tower,2,23,20,9,54,0,2,25,0,27,2,25,45,9,81,0,0,0,81
06/02/2014,BRO,TX,ASW,CE,Federal Contract Tower,7,23,22,31,83,0,0,15,0,15,7,23,37,31,98,0,0,0,98
06/03/2014,BRO,TX,ASW,CE,Federal Contract Tower,10,21,12,34,77,0,0,16,0,16,10,21,28,34,93,0,80,80,173
06/04/2014,BRO,TX,ASW,CE,Federal Contract Tower,11,17,8,12,48,0,0,43,0,43,11,17,51,12,91,8,0,8,99
06/05/2014,BRO,TX,ASW,CE,Federal Contract Tower,7,27,21,4,59,0,0,16,5,21,7,27,37,9,80,50,0,50,130
06/06/2014,BRO,TX,ASW,CE,Federal Contract Tower,10,16,17,10,53,0,0,24,2,26,10,16,41,12,79,6,54,60,139
06/07/2014,BRO,TX,ASW,CE,Federal Contract Tower,4,17,3,4,28,0,0,20,0,20,4,17,23,4,48,10,0,10,58
06/08/2014,BRO,TX,ASW,CE,Federal Contract Tower,7,19,23,8,57,0,0,12,0,12,7,19,35,8,69,0,0,0,69
06/09/2014,BRO,TX,ASW,CE,Federal Contract Tower,6,14,22,35,77,0,0,14,2,16,6,14,36,37,93,0,32,32,125
06/10/2014,BRO,TX,ASW,CE,Federal Contract Tower,14,20,9,4,47,0,0,10,2,12,14,20,19,6,59,14,66,80,139
06/11/2014,BRO,TX,ASW,CE,Federal Contract Tower,8,18,16,12,54,0,0,16,2,18,8,18,32,14,72,0,0,0,72
06/12/2014,BRO,TX,ASW,CE,Federal Contract Tower,11,23,16,10,60,0,0,13,2,15,11,23,29,12,75,0,0,0,75
06/13/2014,BRO,TX,ASW,CE,Federal Contract Tower,7,19,18,4,48,0,0,28,1,29,7,19,46,5,77,10,0,10,87
06/14/2014,BRO,TX,ASW,CE,Federal Contract Tower,2,15,12,0,29,0,4,14,0,18,2,19,26,0,47,4,0,4,51
06/15/2014,BRO,TX,ASW,CE,Federal Contract Tower,8,27,20,0,55,0,0,14,0,14,8,27,34,0,69,0,0,0,69
06/16/2014,BRO,TX,ASW,CE,Federal Contract Tower,9,24,25,10,68,0,0,4,0,4,9,24,29,10,72,0,40,40,112
06/17/2014,BRO,TX,ASW,CE,Federal Contract Tower,20,11,11,24,66,0,0,15,2,17,20,11,26,26,83,0,44,44,127
06/18/2014,BRO,TX,ASW,CE,Federal Contract Tower,13,13,15,12,53,0,0,16,0,16,13,13,31,12,69,12,0,12,81
06/19/2014,BRO,TX,ASW,CE,Federal Contract Tower,10,19,23,16,68,0,0,16,4,20,10,19,39,20,88,0,60,60,148
06/20/2014,BRO,TX,ASW,CE,Federal Contract Tower,10,21,17,2,50,0,0,31,0,31,10,21,48,2,81,10,0,10,91
06/21/2014,BRO,TX,ASW,CE,Federal Contract Tower,3,18,23,0,44,0,5,24,0,29,3,23,47,0,73,10,0,10,83
06/22/2014,BRO,TX,ASW,CE,Federal Contract Tower,1,17,13,2,33,0,6,17,2,25,1,23,30,4,58,0,0,0,58
06/23/2014,BRO,TX,ASW,CE,Federal Contract Tower,8,21,18,27,74,0,0,16,0,16,8,21,34,27,90,8,50,58,148
06/24/2014,BRO,TX,ASW,CE,Federal Contract Tower,11,18,21,14,64,0,0,17,0,17,11,18,38,14,81,8,8,16,97
06/25/2014,BRO,TX,ASW,CE,Federal Contract Tower,14,22,20,18,74,0,0,11,0,11,14,22,31,18,85,0,50,50,135
06/26/2014,BRO,TX,ASW,CE,Federal Contract Tower,14,25,32,16,87,0,0,23,0,23,14,25,55,16,110,4,0,4,114
06/27/2014,BRO,TX,ASW,CE,Federal Contract Tower,6,28,24,6,64,0,0,17,4,21,6,28,41,10,85,12,0,12,97
06/28/2014,BRO,TX,ASW,CE,Federal Contract Tower,2,22,13,0,37,0,0,18,0,18,2,22,31,0,55,0,0,0,55
06/29/2014,BRO,TX,ASW,CE,Federal Contract Tower,4,27,33,0,64,0,0,12,0,12,4,27,45,0,76,0,0,0,76
06/30/2014,BRO,TX,ASW,CE,Federal Contract Tower,9,29,13,38,89,0,1,12,0,13,9,30,25,38,102,22,0,22,124
07/01/2014,BRO,TX,ASW,CE,Federal Contract Tower,10,20,24,16,70,0,0,17,2,19,10,20,41,18,89,8,60,68,157
07/02/2014,BRO,TX,ASW,CE,Federal Contract Tower,12,25,20,6,63,0,0,29,1,30,12,25,49,7,93,26,30,56,149
07/03/2014,BRO,TX,ASW,CE,Federal Contract Tower,18,26,20,0,64,0,0,33,0,33,18,26,53,0,97,20,0,20,117
07/04/2014,BRO,TX,ASW,CE,Federal Contract Tower,9,28,14,0,51,0,0,38,0,38,9,28,52,0,89,6,0,6,95
07/05/2014,BRO,TX,ASW,CE,Federal Contract Tower,2,23,17,0,42,0,1,17,0,18,2,24,34,0,60,6,0,6,66
07/06/2014,BRO,TX,ASW,CE,Federal Contract Tower,5,27,31,0,63,0,1,42,0,43,5,28,73,0,106,0,0,0,106
07/07/2014,BRO,TX,ASW,CE,Federal Contract Tower,14,29,23,26,92,0,0,43,2,45,14,29,66,28,137,12,34,46,183
07/08/2014,BRO,TX,ASW,CE,Federal Contract Tower,13,26,30,12,81,0,0,17,6,23,13,26,47,18,104,0,20,20,124
07/09/2014,BRO,TX,ASW,CE,Federal Contract Tower,13,21,11,2,47,0,0,21,0,21,13,21,32,2,68,28,0,28,96
07/10/2014,BRO,TX,ASW,CE,Federal Contract Tower,12,32,19,2,65,0,0,8,0,8,12,32,27,2,73,0,0,0,73
07/11/2014,BRO,TX,ASW,CE,Federal Contract Tower,10,34,24,8,76,0,0,27,2,29,10,34,51,10,105,0,32,32,137
07/12/2014,BRO,TX,ASW,CE,Federal Contract Tower,3,30,12,10,55,0,0,30,0,30,3,30,42,10,85,0,0,0,85
07/13/2014,BRO,TX,ASW,CE,Federal Contract Tower,2,29,31,16,78,0,1,25,0,26,2,30,56,16,104,0,0,0,104
07/14/2014,BRO,TX,ASW,CE,Federal Contract Tower,8,39,13,4,64,0,1,29,1,31,8,40,42,5,95,0,0,0,95
07/15/2014,BRO,TX,ASW,CE,Federal Contract Tower,9,22,23,27,81,0,0,24,3,27,9,22,47,30,108,18,94,112,220
07/16/2014,BRO,TX,ASW,CE,Federal Contract Tower,7,21,22,14,64,0,1,37,2,40,7,22,59,16,104,40,10,50,154
07/17/2014,BRO,TX,ASW,CE,Federal Contract Tower,13,39,51,22,125,0,1,35,6,42,13,40,86,28,167,2,60,62,229
07/18/2014,BRO,TX,ASW,CE,Federal Contract Tower,10,36,33,0,79,0,1,19,0,20,10,37,52,0,99,0,0,0,99
07/19/2014,BRO,TX,ASW,CE,Federal Contract Tower,3,24,26,11,64,0,0,18,1,19,3,24,44,12,83,10,0,10,93
07/20/2014,BRO,TX,ASW,CE,Federal Contract Tower,0,36,45,6,87,0,0,36,0,36,0,36,81,6,123,0,0,0,123
07/21/2014,BRO,TX,ASW,CE,Federal Contract Tower,4,30,47,17,98,0,0,35,3,38,4,30,82,20,136,10,110,120,256
07/22/2014,BRO,TX,ASW,CE,Federal Contract Tower,8,22,24,10,64,0,0,15,0,15,8,22,39,10,79,0,0,0,79
07/23/2014,BRO,TX,ASW,CE,Federal Contract Tower,9,37,7,16,69,0,0,22,0,22,9,37,29,16,91,0,0,0,91
07/24/2014,BRO,TX,ASW,CE,Federal Contract Tower,14,40,40,22,116,0,0,29,1,30,14,40,69,23,146,0,0,0,146
07/25/2014,BRO,TX,ASW,CE,Federal Contract Tower,9,33,32,8,82,0,0,50,0,50,9,33,82,8,132,0,0,0,132
07/26/2014,BRO,TX,ASW,CE,Federal Contract Tower,0,18,22,0,40,0,0,49,0,49,0,18,71,0,89,12,0,12,101
07/27/2014,BRO,TX,ASW,CE,Federal Contract Tower,0,35,31,0,66,0,0,30,0,30,0,35,61,0,96,0,0,0,96
07/28/2014,BRO,TX,ASW,CE,Federal Contract Tower,9,38,34,8,89,0,0,26,0,26,9,38,60,8,115,0,0,0,115
07/29/2014,BRO,TX,ASW,CE,Federal Contract Tower,9,31,27,10,77,0,0,3,11,14,9,31,30,21,91,0,30,30,121
07/30/2014,BRO,TX,ASW,CE,Federal Contract Tower,9,27,25,20,81,0,0,0,0,0,9,27,25,20,81,0,0,0,81
07/31/2014,BRO,TX,ASW,CE,Federal Contract Tower,13,34,20,16,83,0,0,23,0,23,13,34,43,16,106,0,0,0,106
08/01/2014,BRO,TX,ASW,CE,Federal Contract Tower,8,39,26,14,87,0,0,25,0,25,8,39,51,14,112,4,30,34,146
08/02/2014,BRO,TX,ASW,CE,Federal Contract Tower,2,25,33,8,68,0,1,35,0,36,2,26,68,8,104,10,0,10,114
08/03/2014,BRO,TX,ASW,CE,Federal Contract Tower,1,47,34,0,82,0,0,29,0,29,1,47,63,0,111,0,0,0,111
08/04/2014,BRO,TX,ASW,CE,Federal Contract Tower,7,31,24,15,77,0,0,28,3,31,7,31,52,18,108,14,0,14,122
08/05/2014,BRO,TX,ASW,CE,Federal Contract Tower,9,28,17,16,70,0,0,29,0,29,9,28,46,16,99,0,0,0,99
08/06/2014,BRO,TX,ASW,CE,Federal Contract Tower,11,30,25,15,81,0,0,26,1,27,11,30,51,16,108,0,0,0,108
08/07/2014,BRO,TX,ASW,CE,Federal Contract Tower,13,26,36,10,85,0,0,26,2,28,13,26,62,12,113,0,0,0,113
08/08/2014,BRO,TX,ASW,CE,Federal Contract Tower,10,29,20,14,73,0,0,19,0,19,10,29,39,14,92,0,0,0,92
08/09/2014,BRO,TX,ASW,CE,Federal Contract Tower,0,25,32,6,63,0,0,29,0,29,0,25,61,6,92,10,0,10,102
08/10/2014,BRO,TX,ASW,CE,Federal Contract Tower,1,31,19,10,61,0,1,33,0,34,1,32,52,10,95,0,0,0,95
08/11/2014,BRO,TX,ASW,CE,Federal Contract Tower,8,25,22,6,61,0,0,19,4,23,8,25,41,10,84,0,120,120,204
08/12/2014,BRO,TX,ASW,CE,Federal Contract Tower,9,19,16,45,89,0,0,13,0,13,9,19,29,45,102,26,0,26,128
08/13/2014,BRO,TX,ASW,CE,Federal Contract Tower,11,15,13,8,47,0,0,19,2,21,11,15,32,10,68,20,0,20,88
08/14/2014,BRO,TX,ASW,CE,Federal Contract Tower,11,20,7,12,50,0,3,18,4,25,11,23,25,16,75,2,70,72,147
08/15/2014,BRO,TX,ASW,CE,Federal Contract Tower,6,20,15,8,49,0,1,26,0,27,6,21,41,8,76,4,0,4,80
08/16/2014,BRO,TX,ASW,CE,Federal Contract Tower,0,20,11,0,31,0,0,13,0,13,0,20,24,0,44,16,0,16,60
08/17/2014,BRO,TX,ASW,CE,Federal Contract Tower,0,15,17,1,33,0,0,29,4,33,0,15,46,5,66,0,0,0,66
08/18/2014,BRO,TX,ASW,CE,Federal Contract Tower,7,19,13,11,50,0,0,24,0,24,7,19,37,11,74,0,0,0,74
08/19/2014,BRO,TX,ASW,CE,Federal Contract Tower,10,16,10,14,50,0,0,14,0,14,10,16,24,14,64,0,0,0,64
08/20/2014,BRO,TX,ASW,CE,Federal Contract Tower,8,19,18,18,63,0,1,10,0,11,8,20,28,18,74,0,36,36,110
08/21/2014,BRO,TX,ASW,CE,Federal Contract Tower,12,22,14,12,60,0,1,26,0,27,12,23,40,12,87,0,0,0,87
08/22/2014,BRO,TX,ASW,CE,Federal Contract Tower,7,19,11,4,41,0,0,26,6,32,7,19,37,10,73,0,74,74,147
08/23/2014,BRO,TX,ASW,CE,Federal Contract Tower,0,13,2,8,23,0,0,0,0,0,0,13,2,8,23,10,0,10,33
08/24/2014,BRO,TX,ASW,CE,Federal Contract Tower,0,16,8,4,28,0,1,27,0,28,0,17,35,4,56,0,0,0,56
08/25/2014,BRO,TX,ASW,CE,Federal Contract Tower,4,15,15,16,50,0,0,16,5,21,4,15,31,21,71,50,86,136,207
08/26/2014,BRO,TX,ASW,CE,Federal Contract Tower,6,25,10,23,64,0,0,18,2,20,6,25,28,25,84,0,48,48,132
08/27/2014,BRO,TX,ASW,CE,Federal Contract Tower,9,17,8,11,45,0,0,21,1,22,9,17,29,12,67,0,0,0,67
08/28/2014,BRO,TX,ASW,CE,Federal Contract Tower,10,21,22,8,61,0,0,21,0,21,10,21,43,8,82,0,0,0,82
08/29/2014,BRO,TX,ASW,CE,Federal Contract Tower,9,25,27,0,61,0,0,8,4,12,9,25,35,4,73,0,0,0,73
08/30/2014,BRO,TX,ASW,CE,Federal Contract Tower,1,13,10,0,24,0,0,14,0,14,1,13,24,0,38,0,0,0,38
08/31/2014,BRO,TX,ASW,CE,Federal Contract Tower,0,12,20,0,32,0,0,29,0,29,0,12,49,0,61,6,0,6,67
09/01/2014,BRO,TX,ASW,CE,Federal Contract Tower,2,30,10,0,42,0,0,11,0,11,2,30,21,0,53,6,0,6,59
09/02/2014,BRO,TX,ASW,CE,Federal Contract Tower,6,21,14,12,53,0,0,12,3,15,6,21,26,15,68,0,16,16,84
09/03/2014,BRO,TX,ASW,CE,Federal Contract Tower,8,16,6,10,40,0,0,5,1,6,8,16,11,11,46,10,0,10,56
09/04/2014,BRO,TX,ASW,CE,Federal Contract Tower,7,20,11,24,62,0,0,14,0,14,7,20,25,24,76,10,4,14,90
09/05/2014,BRO,TX,ASW,CE,Federal Contract Tower,5,17,18,16,56,0,0,10,0,10,5,17,28,16,66,14,0,14,80
09/06/2014,BRO,TX,ASW,CE,Federal Contract Tower,0,14,4,0,18,0,5,25,0,30,0,19,29,0,48,0,0,0,48
09/07/2014,BRO,TX,ASW,CE,Federal Contract Tower,0,15,7,0,22,0,0,14,0,14,0,15,21,0,36,4,0,4,40
09/08/2014,BRO,TX,ASW,CE,Federal Contract Tower,5,20,11,24,60,0,0,15,1,16,5,20,26,25,76,10,0,10,86
09/09/2014,BRO,TX,ASW,CE,Federal Contract Tower,11,13,8,4,36,0,0,17,0,17,11,13,25,4,53,0,0,0,53
09/10/2014,BRO,TX,ASW,CE,Federal Contract Tower,3,10,11,2,26,0,0,19,2,21,3,10,30,4,47,0,0,0,47
09/11/2014,BRO,TX,ASW,CE,Federal Contract Tower,6,19,15,0,40,0,0,16,2,18,6,19,31,2,58,0,2,2,60
09/12/2014,BRO,TX,ASW,CE,Federal Contract Tower,8,33,32,0,73,0,0,13,2,15,8,33,45,2,88,2,0,2,90
09/13/2014,BRO,TX,ASW,CE,Federal Contract Tower,2,12,8,0,22,0,0,3,0,3,2,12,11,0,25,0,0,0,25
09/14/2014,BRO,TX,ASW,CE,Federal Contract Tower,0,13,2,0,15,0,0,4,0,4,0,13,6,0,19,0,0,0,19
09/15/2014,BRO,TX,ASW,CE,Federal Contract Tower,2,23,15,0,40,0,0,3,0,3,2,23,18,0,43,0,0,0,43
09/16/2014,BRO,TX,ASW,CE,Federal Contract Tower,8,32,37,0,77,0,0,6,0,6,8,32,43,0,83,0,0,0,83
09/17/2014,BRO,TX,ASW,CE,Federal Contract Tower,8,19,24,1,52,0,0,13,10,23,8,19,37,11,75,16,54,70,145
09/18/2014,BRO,TX,ASW,CE,Federal Contract Tower,13,15,19,0,47,0,2,16,2,20,13,17,35,2,67,22,4,26,93
09/19/2014,BRO,TX,ASW,CE,Federal Contract Tower,12,26,18,3,59,0,0,24,0,24,12,26,42,3,83,14,0,14,97
09/20/2014,BRO,TX,ASW,CE,Federal Contract Tower,2,12,1,0,15,0,0,14,0,14,2,12,15,0,29,14,0,14,43
09/21/2014,BRO,TX,ASW,CE,Federal Contract Tower,1,20,7,0,28,0,0,11,0,11,1,20,18,0,39,0,0,0,39
09/22/2014,BRO,TX,ASW,CE,Federal Contract Tower,3,17,25,20,65,0,4,8,0,12,3,21,33,20,77,10,0,10,87
09/23/2014,BRO,TX,ASW,CE,Federal Contract Tower,7,14,11,8,40,0,1,16,0,17,7,15,27,8,57,12,8,20,77
09/24/2014,BRO,TX,ASW,CE,Federal Contract Tower,8,20,17,6,51,0,1,13,0,14,8,21,30,6,65,12,2,14,79
09/25/2014,BRO,TX,ASW,CE,Federal Contract Tower,9,19,12,2,42,0,1,11,0,12,9,20,23,2,54,0,2,2,56
09/26/2014,BRO,TX,ASW,CE,Federal Contract Tower,9,22,13,0,44,0,0,9,0,9,9,22,22,0,53,14,0,14,67
09/27/2014,BRO,TX,ASW,CE,Federal Contract Tower,1,15,2,0,18,0,0,6,0,6,1,15,8,0,24,32,0,32,56
09/28/2014,BRO,TX,ASW,CE,Federal Contract Tower,2,21,11,0,34,0,0,18,1,19,2,21,29,1,53,4,0,4,57
09/29/2014,BRO,TX,ASW,CE,Federal Contract Tower,6,18,12,28,64,0,0,8,0,8,6,18,20,28,72,2,28,30,102
09/30/2014,BRO,TX,ASW,CE,Federal Contract Tower,5,10,13,28,56,0,0,4,2,6,5,10,17,30,62,26,28,54,116
10/01/2014,BRO,TX,ASW,CE,Federal Contract Tower,7,18,11,32,68,0,2,13,0,15,7,20,24,32,83,0,32,32,115
10/02/2014,BRO,TX,ASW,CE,Federal Contract Tower,6,19,25,21,71,0,0,12,2,14,6,19,37,23,85,0,18,18,103
10/03/2014,BRO,TX,ASW,CE,Federal Contract Tower,5,17,16,0,38,0,0,17,2,19,5,17,33,2,57,6,0,6,63
10/04/2014,BRO,TX,ASW,CE,Federal Contract Tower,0,13,7,14,34,0,0,30,0,30,0,13,37,14,64,0,0,0,64
10/05/2014,BRO,TX,ASW,CE,Federal Contract Tower,0,18,13,6,37,0,0,24,0,24,0,18,37,6,61,8,6,14,75
10/06/2014,BRO,TX,ASW,CE,Federal Contract Tower,4,19,13,19,55,0,4,22,8,34,4,23,35,27,89,0,114,114,203
10/07/2014,BRO,TX,ASW,CE,Federal Contract Tower,6,16,9,26,57,0,0,21,8,29,6,16,30,34,86,0,70,70,156
10/08/2014,BRO,TX,ASW,CE,Federal Contract Tower,6,15,18,4,43,0,0,15,5,20,6,15,33,9,63,0,52,52,115
10/09/2014,BRO,TX,ASW,CE,Federal Contract Tower,7,18,9,18,52,0,1,16,0,17,7,19,25,18,69,0,24,24,93
10/10/2014,BRO,TX,ASW,CE,Federal Contract Tower,7,20,15,13,55,0,2,17,5,24,7,22,32,18,79,10,24,34,113
10/11/2014,BRO,TX,ASW,CE,Federal Contract Tower,4,12,7,0,23,0,0,7,0,7,4,12,14,0,30,18,0,18,48
10/12/2014,BRO,TX,ASW,CE,Federal Contract Tower,0,16,12,0,28,0,0,14,0,14,0,16,26,0,42,0,0,0,42
10/13/2014,BRO,TX,ASW,CE,Federal Contract Tower,7,15,19,0,41,0,0,0,0,0,7,15,19,0,41,22,0,22,63
10/14/2014,BRO,TX,ASW,CE,Federal Contract Tower,3,23,11,12,49,0,1,19,8,28,3,24,30,20,77,0,140,140,217
10/15/2014,BRO,TX,ASW,CE,Federal Contract Tower,3,20,9,14,46,0,0,34,0,34,3,20,43,14,80,0,14,14,94
10/16/2014,BRO,TX,ASW,CE,Federal Contract Tower,9,20,13,11,53,0,0,21,0,21,9,20,34,11,74,14,10,24,98
10/17/2014,BRO,TX,ASW,CE,Federal Contract Tower,6,14,8,12,40,0,0,25,4,29,6,14,33,16,69,0,10,10,79
10/18/2014,BRO,TX,ASW,CE,Federal Contract Tower,5,14,4,0,23,0,0,1,0,1,5,14,5,0,24,0,0,0,24
10/19/2014,BRO,TX,ASW,CE,Federal Contract Tower,0,19,4,4,27,0,0,12,0,12,0,19,16,4,39,0,4,4,43
10/20/2014,BRO,TX,ASW,CE,Federal Contract Tower,4,17,10,6,37,0,4,11,2,17,4,21,21,8,54,10,6,16,70
10/21/2014,BRO,TX,ASW,CE,Federal Contract Tower,3,17,12,8,40,0,2,10,0,12,3,19,22,8,52,0,4,4,56
10/22/2014,BRO,TX,ASW,CE,Federal Contract Tower,5,19,7,14,45,0,0,4,2,6,5,19,11,16,51,0,16,16,67
10/23/2014,BRO,TX,ASW,CE,Federal Contract Tower,9,15,13,10,47,0,0,29,2,31,9,15,42,12,78,74,10,84,162
10/24/2014,BRO,TX,ASW,CE,Federal Contract Tower,4,21,17,6,48,0,3,32,2,37,4,24,49,8,85,0,4,4,89
10/25/2014,BRO,TX,ASW,CE,Federal Contract Tower,0,13,11,0,24,0,2,18,0,20,0,15,29,0,44,20,0,20,64
10/26/2014,BRO,TX,ASW,CE,Federal Contract Tower,1,20,21,0,42,0,2,23,0,25,1,22,44,0,67,0,0,0,67
10/27/2014,BRO,TX,ASW,CE,Federal Contract Tower,5,16,5,24,50,0,8,7,0,15,5,24,12,24,65,0,24,24,89
10/28/2014,BRO,TX,ASW,CE,Federal Contract Tower,6,14,9,27,56,0,4,18,0,22,6,18,27,27,78,0,12,12,90
10/29/2014,BRO,TX,ASW,CE,Federal Contract Tower,3,18,14,8,43,0,0,8,7,15,3,18,22,15,58,0,64,64,122
10/30/2014,BRO,TX,ASW,CE,Federal Contract Tower,8,24,13,18,63,0,2,18,2,22,8,26,31,20,85,0,18,18,103
10/31/2014,BRO,TX,ASW,CE,Federal Contract Tower,6,27,13,0,46,0,0,9,0,9,6,27,22,0,55,0,0,0,55
11/01/2014,BRO,TX,ASW,CE,Federal Contract Tower,1,15,11,0,27,0,0,18,0,18,1,15,29,0,45,26,0,26,71
11/02/2014,BRO,TX,ASW,CE,Federal Contract Tower,3,25,3,0,31,0,0,13,0,13,3,25,16,0,44,0,0,0,44
11/03/2014,BRO,TX,ASW,CE,Federal Contract Tower,7,25,13,22,67,0,6,20,2,28,7,31,33,24,95,12,22,34,129
11/04/2014,BRO,TX,ASW,CE,Federal Contract Tower,8,20,10,30,68,0,2,11,2,15,8,22,21,32,83,0,12,12,95
11/05/2014,BRO,TX,ASW,CE,Federal Contract Tower,2,19,14,26,61,0,4,13,0,17,2,23,27,26,78,20,26,46,124
11/06/2014,BRO,TX,ASW,CE,Federal Contract Tower,11,20,9,2,42,0,0,0,0,0,11,20,9,2,42,0,0,0,42
11/07/2014,BRO,TX,ASW,CE,Federal Contract Tower,5,29,15,10,59,0,0,3,0,3,5,29,18,10,62,0,10,10,72
11/08/2014,BRO,TX,ASW,CE,Federal Contract Tower,0,16,9,0,25,0,0,20,0,20,0,16,29,0,45,0,0,0,45
11/09/2014,BRO,TX,ASW,CE,Federal Contract Tower,0,21,19,4,44,0,1,12,0,13,0,22,31,4,57,0,4,4,61
11/10/2014,BRO,TX,ASW,CE,Federal Contract Tower,7,18,8,14,47,0,5,10,0,15,7,23,18,14,62,0,12,12,74
11/11/2014,BRO,TX,ASW,CE,Federal Contract Tower,12,21,8,0,41,0,0,16,0,16,12,21,24,0,57,0,0,0,57
11/12/2014,BRO,TX,ASW,CE,Federal Contract Tower,10,23,10,8,51,0,0,3,0,3,10,23,13,8,54,0,0,0,54
11/13/2014,BRO,TX,ASW,CE,Federal Contract Tower,10,36,9,2,57,0,0,12,0,12,10,36,21,2,69,0,0,0,69
11/14/2014,BRO,TX,ASW,CE,Federal Contract Tower,7,30,24,8,69,0,0,16,2,18,7,30,40,10,87,66,34,100,187
11/15/2014,BRO,TX,ASW,CE,Federal Contract Tower,2,16,13,6,37,0,0,5,0,5,2,16,18,6,42,0,0,0,42
11/16/2014,BRO,TX,ASW,CE,Federal Contract Tower,2,27,8,0,37,0,0,0,0,0,2,27,8,0,37,0,0,0,37
11/17/2014,BRO,TX,ASW,CE,Federal Contract Tower,2,20,22,4,48,0,6,11,0,17,2,26,33,4,65,0,4,4,69
11/18/2014,BRO,TX,ASW,CE,Federal Contract Tower,7,26,10,8,51,0,0,11,4,15,7,26,21,12,66,2,2,4,70
11/19/2014,BRO,TX,ASW,CE,Federal Contract Tower,5,23,13,10,51,0,1,12,5,18,5,24,25,15,69,12,118,130,199
11/20/2014,BRO,TX,ASW,CE,Federal Contract Tower,10,24,27,11,72,0,0,12,1,13,10,24,39,12,85,38,28,66,151
11/21/2014,BRO,TX,ASW,CE,Federal Contract Tower,4,27,18,18,67,0,0,16,3,19,4,27,34,21,86,0,18,18,104
11/22/2014,BRO,TX,ASW,CE,Federal Contract Tower,0,17,17,0,34,0,0,2,0,2,0,17,19,0,36,0,0,0,36
11/23/2014,BRO,TX,ASW,CE,Federal Contract Tower,0,24,19,0,43,0,0,9,0,9,0,24,28,0,52,2,0,2,54
11/24/2014,BRO,TX,ASW,CE,Federal Contract Tower,6,26,10,9,51,0,4,11,3,18,6,30,21,12,69,0,18,18,87
11/25/2014,BRO,TX,ASW,CE,Federal Contract Tower,4,26,12,22,64,0,2,27,0,29,4,28,39,22,93,10,0,10,103
11/26/2014,BRO,TX,ASW,CE,Federal Contract Tower,5,22,22,6,55,0,0,33,3,36,5,22,55,9,91,18,42,60,151
11/27/2014,BRO,TX,ASW,CE,Federal Contract Tower,0,22,10,0,32,0,0,25,0,25,0,22,35,0,57,10,0,10,67
11/28/2014,BRO,TX,ASW,CE,Federal Contract Tower,70,18,8,0,96,0,0,31,0,31,70,18,39,0,127,0,0,0,127
11/29/2014,BRO,TX,ASW,CE,Federal Contract Tower,1,17,10,0,28,0,0,12,0,12,1,17,22,0,40,4,0,4,44
11/30/2014,BRO,TX,ASW,CE,Federal Contract Tower,0,31,26,0,57,0,0,22,0,22,0,31,48,0,79,0,0,0,79
12/01/2014,BRO,TX,ASW,CE,Federal Contract Tower,6,24,21,26,77,0,4,15,1,20,6,28,36,27,97,12,40,52,149
12/02/2014,BRO,TX,ASW,CE,Federal Contract Tower,7,20,8,8,43,0,0,0,0,0,7,20,8,8,43,0,4,4,47
12/03/2014,BRO,TX,ASW,CE,Federal Contract Tower,3,17,7,10,37,0,0,1,0,1,3,17,8,10,38,0,0,0,38
12/04/2014,BRO,TX,ASW,CE,Federal Contract Tower,10,32,18,24,84,0,0,16,0,16,10,32,34,24,100,16,0,16,116
12/05/2014,BRO,TX,ASW,CE,Federal Contract Tower,7,22,18,6,53,0,0,8,3,11,7,22,26,9,64,0,0,0,64
12/06/2014,BRO,TX,ASW,CE,Federal Contract Tower,0,17,6,4,27,0,0,6,0,6,0,17,12,4,33,2,0,2,35
12/07/2014,BRO,TX,ASW,CE,Federal Contract Tower,1,23,10,0,34,0,0,3,0,3,1,23,13,0,37,26,0,26,63
12/08/2014,BRO,TX,ASW,CE,Federal Contract Tower,6,22,8,10,46,0,0,0,0,0,6,22,8,10,46,0,6,6,52
12/09/2014,BRO,TX,ASW,CE,Federal Contract Tower,4,14,19,16,53,0,2,22,5,29,4,16,41,21,82,26,102,128,210
12/10/2014,BRO,TX,ASW,CE,Federal Contract Tower,5,17,36,13,71,0,2,11,5,18,5,19,47,18,89,18,60,78,167
12/11/2014,BRO,TX,ASW,CE,Federal Contract Tower,11,16,22,10,59,0,0,22,3,25,11,16,44,13,84,20,0,20,104
12/12/2014,BRO,TX,ASW,CE,Federal Contract Tower,3,19,19,5,46,0,4,14,0,18,3,23,33,5,64,0,4,4,68
12/13/2014,BRO,TX,ASW,CE,Federal Contract Tower,0,19,11,0,30,0,3,23,0,26,0,22,34,0,56,2,0,2,58
12/14/2014,BRO,TX,ASW,CE,Federal Contract Tower,0,21,13,1,35,0,6,9,2,17,0,27,22,3,52,2,0,2,54
12/15/2014,BRO,TX,ASW,CE,Federal Contract Tower,2,20,20,18,60,0,8,7,0,15,2,28,27,18,75,0,20,20,95
12/16/2014,BRO,TX,ASW,CE,Federal Contract Tower,4,27,19,20,70,0,0,9,0,9,4,27,28,20,79,0,2,2,81
12/17/2014,BRO,TX,ASW,CE,Federal Contract Tower,4,23,17,4,48,0,0,13,0,13,4,23,30,4,61,0,2,2,63
12/18/2014,BRO,TX,ASW,CE,Federal Contract Tower,11,18,18,4,51,0,0,17,0,17,11,18,35,4,68,26,4,30,98
12/19/2014,BRO,TX,ASW,CE,Federal Contract Tower,6,26,23,10,65,0,0,8,6,14,6,26,31,16,79,10,0,10,89
12/20/2014,BRO,TX,ASW,CE,Federal Contract Tower,4,22,31,0,57,0,0,2,0,2,4,22,33,0,59,0,0,0,59
12/21/2014,BRO,TX,ASW,CE,Federal Contract Tower,1,24,14,2,41,0,0,2,0,2,1,24,16,2,43,0,2,2,45
12/22/2014,BRO,TX,ASW,CE,Federal Contract Tower,4,20,15,13,52,0,5,25,0,30,4,25,40,13,82,0,8,8,90
12/23/2014,BRO,TX,ASW,CE,Federal Contract Tower,11,14,9,2,36,0,0,16,0,16,11,14,25,2,52,0,2,2,54
12/24/2014,BRO,TX,ASW,CE,Federal Contract Tower,2,9,5,0,16,0,4,19,0,23,2,13,24,0,39,0,0,0,39
12/25/2014,BRO,TX,ASW,CE,Federal Contract Tower,0,16,7,0,23,0,0,16,0,16,0,16,23,0,39,0,0,0,39
12/26/2014,BRO,TX,ASW,CE,Federal Contract Tower,0,21,30,0,51,0,2,19,0,21,0,23,49,0,72,2,0,2,74
12/27/2014,BRO,TX,ASW,CE,Federal Contract Tower,0,31,18,4,53,0,0,12,0,12,0,31,30,4,65,0,0,0,65
12/28/2014,BRO,TX,ASW,CE,Federal Contract Tower,1,32,18,0,51,0,0,3,0,3,1,32,21,0,54,2,0,2,56
12/29/2014,BRO,TX,ASW,CE,Federal Contract Tower,4,23,16,6,49,0,2,14,0,16,4,25,30,6,65,6,6,12,77
12/30/2014,BRO,TX,ASW,CE,Federal Contract Tower,5,23,10,22,60,0,3,10,4,17,5,26,20,26,77,4,18,22,99
12/31/2014,BRO,TX,ASW,CE,Federal Contract Tower,2,18,7,0,27,0,0,0,0,0,2,18,7,0,27,0,0,0,27
01/01/2015,BRO,TX,ASW,CE,Federal Contract Tower,0,13,8,0,21,0,0,0,0,0,0,13,8,0,21,0,0,0,21
01/02/2015,BRO,TX,ASW,CE,Federal Contract Tower,9,20,14,0,43,0,0,0,0,0,9,20,14,0,43,0,0,0,43
01/03/2015,BRO,TX,ASW,CE,Federal Contract Tower,0,22,32,0,54,0,0,2,0,2,0,22,34,0,56,0,0,0,56
01/04/2015,BRO,TX,ASW,CE,Federal Contract Tower,2,26,27,0,55,0,2,10,0,12,2,28,37,0,67,0,0,0,67
01/05/2015,BRO,TX,ASW,CE,Federal Contract Tower,4,21,26,4,55,0,4,21,2,27,4,25,47,6,82,14,4,18,100
01/06/2015,BRO,TX,ASW,CE,Federal Contract Tower,4,22,18,2,46,0,2,28,2,32,4,24,46,4,78,16,74,90,168
01/07/2015,BRO,TX,ASW,CE,Federal Contract Tower,4,12,5,16,37,0,0,15,0,15,4,12,20,16,52,32,6,38,90
01/08/2015,BRO,TX,ASW,CE,Federal Contract Tower,6,17,14,18,55,0,0,3,0,3,6,17,17,18,58,0,2,2,60
01/09/2015,BRO,TX,ASW,CE,Federal Contract Tower,6,25,10,2,43,0,0,1,0,1,6,25,11,2,44,0,0,0,44
01/10/2015,BRO,TX,ASW,CE,Federal Contract Tower,0,16,3,0,19,0,0,0,2,2,0,16,3,2,21,0,0,0,21
01/11/2015,BRO,TX,ASW,CE,Federal Contract Tower,0,22,8,0,30,0,0,5,0,5,0,22,13,0,35,0,0,0,35
01/12/2015,BRO,TX,ASW,CE,Federal Contract Tower,2,26,6,2,36,0,0,15,0,15,2,26,21,2,51,14,2,16,67
01/13/2015,BRO,TX,ASW,CE,Federal Contract Tower,4,18,14,28,64,0,0,1,0,1,4,18,15,28,65,0,18,18,83
01/14/2015,BRO,TX,ASW,CE,Federal Contract Tower,4,11,17,8,40,0,0,0,0,0,4,11,17,8,40,0,6,6,46
01/15/2015,BRO,TX,ASW,CE,Federal Contract Tower,7,17,17,26,67,0,0,13,0,13,7,17,30,26,80,16,26,42,122
01/16/2015,BRO,TX,ASW,CE,Federal Contract Tower,3,20,11,19,53,0,0,28,5,33,3,20,39,24,86,40,24,64,150
01/17/2015,BRO,TX,ASW,CE,Federal Contract Tower,0,14,4,0,18,0,0,25,0,25,0,14,29,0,43,28,0,28,71
01/18/2015,BRO,TX,ASW,CE,Federal Contract Tower,0,15,15,0,30,0,0,20,0,20,0,15,35,0,50,4,0,4,54
01/19/2015,BRO,TX,ASW,CE,Federal Contract Tower,2,13,10,4,29,0,0,19,0,19,2,13,29,4,48,2,4,6,54
01/20/2015,BRO,TX,ASW,CE,Federal Contract Tower,4,13,11,10,38,0,3,35,3,41,4,16,46,13,79,16,68,84,163
01/21/2015,BRO,TX,ASW,CE,Federal Contract Tower,0,11,15,8,34,0,0,12,0,12,0,11,27,8,46,0,0,0,46
01/22/2015,BRO,TX,ASW,CE,Federal Contract Tower,10,15,9,12,46,0,0,7,0,7,10,15,16,12,53,0,0,0,53
01/23/2015,BRO,TX,ASW,CE,Federal Contract Tower,6,15,11,32,64,0,3,8,4,15,6,18,19,36,79,8,54,62,141
01/24/2015,BRO,TX,ASW,CE,Federal Contract Tower,0,15,5,6,26,0,0,29,0,29,0,15,34,6,55,4,0,4,59
01/25/2015,BRO,TX,ASW,CE,Federal Contract Tower,0,19,5,0,24,0,1,17,4,22,0,20,22,4,46,8,0,8,54
01/26/2015,BRO,TX,ASW,CE,Federal Contract Tower,2,15,9,14,40,0,6,26,8,40,2,21,35,22,80,18,70,88,168
01/27/2015,BRO,TX,ASW,CE,Federal Contract Tower,4,23,17,12,56,0,5,28,4,37,4,28,45,16,93,10,106,116,209
01/28/2015,BRO,TX,ASW,CE,Federal Contract Tower,2,17,10,0,29,0,0,38,0,38,2,17,48,0,67,18,0,18,85
01/29/2015,BRO,TX,ASW,CE,Federal Contract Tower,8,24,13,26,71,0,1,26,0,27,8,25,39,26,98,20,0,20,118
01/30/2015,BRO,TX,ASW,CE,Federal Contract Tower,3,33,41,32,109,0,0,10,1,11,3,33,51,33,120,0,32,32,152
01/31/2015,BRO,TX,ASW,CE,Federal Contract Tower,0,12,13,0,25,0,1,21,0,22,0,13,34,0,47,70,0,70,117
02/01/2015,BRO,TX,ASW,CE,Federal Contract Tower,0,21,14,0,35,0,0,19,0,19,0,21,33,0,54,6,0,6,60
02/02/2015,BRO,TX,ASW,CE,Federal Contract Tower,2,28,40,4,74,0,8,12,0,20,2,36,52,4,94,28,4,32,126
02/03/2015,BRO,TX,ASW,CE,Federal Contract Tower,4,17,15,19,55,0,4,2,4,10,4,21,17,23,65,0,84,84,149
02/04/2015,BRO,TX,ASW,CE,Federal Contract Tower,2,13,21,8,44,0,0,5,0,5,2,13,26,8,49,0,0,0,49
02/05/2015,BRO,TX,ASW,CE,Federal Contract Tower,8,14,20,22,64,0,5,9,3,17,8,19,29,25,81,10,70,80,161
02/06/2015,BRO,TX,ASW,CE,Federal Contract Tower,2,14,17,4,37,0,0,0,0,0,2,14,17,4,37,22,4,26,63
02/07/2015,BRO,TX,ASW,CE,Federal Contract Tower,0,18,9,3,30,0,0,11,0,11,0,18,20,3,41,0,0,0,41
02/08/2015,BRO,TX,ASW,CE,Federal Contract Tower,0,16,9,12,37,0,0,12,0,12,0,16,21,12,49,0,12,12,61
02/09/2015,BRO,TX,ASW,CE,Federal Contract Tower,2,17,16,8,43,0,4,18,2,24,2,21,34,10,67,20,72,92,159
02/10/2015,BRO,TX,ASW,CE,Federal Contract Tower,4,16,12,12,44,0,0,26,0,26,4,16,38,12,70,10,0,10,80
02/11/2015,BRO,TX,ASW,CE,Federal Contract Tower,2,16,13,28,59,0,0,12,3,15,2,16,25,31,74,4,30,34,108
02/12/2015,BRO,TX,ASW,CE,Federal Contract Tower,7,18,10,7,42,0,4,10,0,14,7,22,20,7,56,0,0,0,56
02/13/2015,BRO,TX,ASW,CE,Federal Contract Tower,4,16,17,8,45,0,6,13,0,19,4,22,30,8,64,50,8,58,122
02/14/2015,BRO,TX,ASW,CE,Federal Contract Tower,0,19,10,8,37,0,0,22,2,24,0,19,32,10,61,4,0,4,65
02/15/2015,BRO,TX,ASW,CE,Federal Contract Tower,0,19,13,0,32,0,1,21,0,22,0,20,34,0,54,6,0,6,60
02/16/2015,BRO,TX,ASW,CE,Federal Contract Tower,0,18,19,4,41,0,6,13,0,19,0,24,32,4,60,2,4,6,66
02/17/2015,BRO,TX,ASW,CE,Federal Contract Tower,3,27,19,18,67,0,6,11,0,17,3,33,30,18,84,17,0,17,101
02/18/2015,BRO,TX,ASW,CE,Federal Contract Tower,2,19,13,18,52,0,0,28,2,30,2,19,41,20,82,12,58,70,152
02/19/2015,BRO,TX,ASW,CE,Federal Contract Tower,7,19,20,36,82,0,0,28,2,30,7,19,48,38,112,4,0,4,116
02/20/2015,BRO,TX,ASW,CE,Federal Contract Tower,4,18,14,2,38,0,1,9,0,10,4,19,23,2,48,0,0,0,48
02/21/2015,BRO,TX,ASW,CE,Federal Contract Tower,0,16,12,0,28,0,0,12,0,12,0,16,24,0,40,0,0,0,40
02/22/2015,BRO,TX,ASW,CE,Federal Contract Tower,0,19,8,0,27,0,0,10,0,10,0,19,18,0,37,12,0,12,49
02/23/2015,BRO,TX,ASW,CE,Federal Contract Tower,4,30,11,10,55,0,0,0,0,0,4,30,11,10,55,0,6,6,61
02/24/2015,BRO,TX,ASW,CE,Federal Contract Tower,4,20,7,18,49,0,0,1,0,1,4,20,8,18,50,0,10,10,60
02/25/2015,BRO,TX,ASW,CE,Federal Contract Tower,2,27,22,10,61,0,0,11,0,11,2,27,33,10,72,0,2,2,74
02/26/2015,BRO,TX,ASW,CE,Federal Contract Tower,3,19,16,9,47,0,2,27,6,35,3,21,43,15,82,0,82,82,164
02/27/2015,BRO,TX,ASW,CE,Federal Contract Tower,5,15,15,8,43,0,0,12,0,12,5,15,27,8,55,0,8,8,63
02/28/2015,BRO,TX,ASW,CE,Federal Contract Tower,1,11,18,1,31,0,0,0,0,0,1,11,18,1,31,2,0,2,33
03/01/2015,BRO,TX,ASW,CE,Federal Contract Tower,0,20,14,0,34,0,0,2,0,2,0,20,16,0,36,0,0,0,36
03/02/2015,BRO,TX,ASW,CE,Federal Contract Tower,0,21,10,0,31,0,0,0,0,0,0,21,10,0,31,0,0,0,31
03/03/2015,BRO,TX,ASW,CE,Federal Contract Tower,2,19,16,10,47,0,0,9,0,9,2,19,25,10,56,2,8,10,66
03/04/2015,BRO,TX,ASW,CE,Federal Contract Tower,2,14,26,12,54,0,1,6,0,7,2,15,32,12,61,0,0,0,61
03/05/2015,BRO,TX,ASW,CE,Federal Contract Tower,6,15,12,8,41,0,0,0,0,0,6,15,12,8,41,0,0,0,41
03/06/2015,BRO,TX,ASW,CE,Federal Contract Tower,6,18,6,6,36,0,4,13,0,17,6,22,19,6,53,12,6,18,71
03/07/2015,BRO,TX,ASW,CE,Federal Contract Tower,0,18,14,10,42,0,0,19,0,19,0,18,33,10,61,0,10,10,71
03/08/2015,BRO,TX,ASW,CE,Federal Contract Tower,1,16,13,8,38,0,0,8,0,8,1,16,21,8,46,12,8,20,66
03/09/2015,BRO,TX,ASW,CE,Federal Contract Tower,1,17,12,8,38,0,4,0,0,4,1,21,12,8,42,0,8,8,50
03/10/2015,BRO,TX,ASW,CE,Federal Contract Tower,3,16,16,4,39,0,0,2,0,2,3,16,18,4,41,0,2,2,43
03/11/2015,BRO,TX,ASW,CE,Federal Contract Tower,1,16,14,6,37,0,0,0,0,0,1,16,14,6,37,0,0,0,37
03/12/2015,BRO,TX,ASW,CE,Federal Contract Tower,6,18,19,25,68,0,0,43,2,45,6,18,62,27,113,0,92,92,205
03/13/2015,BRO,TX,ASW,CE,Federal Contract Tower,4,30,22,13,69,0,7,29,2,38,4,37,51,15,107,14,8,22,129
03/14/2015,BRO,TX,ASW,CE,Federal Contract Tower,1,20,15,0,36,0,2,18,0,20,1,22,33,0,56,0,0,0,56
03/15/2015,BRO,TX,ASW,CE,Federal Contract Tower,0,18,8,0,26,0,0,1,0,1,0,18,9,0,27,0,0,0,27
03/16/2015,BRO,TX,ASW,CE,Federal Contract Tower,3,23,35,8,69,0,0,1,0,1,3,23,36,8,70,0,8,8,78
03/17/2015,BRO,TX,ASW,CE,Federal Contract Tower,2,19,15,4,40,0,0,3,0,3,2,19,18,4,43,0,4,4,47
03/18/2015,BRO,TX,ASW,CE,Federal Contract Tower,0,17,25,16,58,0,0,2,0,2,0,17,27,16,60,0,2,2,62
03/19/2015,BRO,TX,ASW,CE,Federal Contract Tower,6,21,14,12,53,0,2,7,0,9,6,23,21,12,62,6,2,8,70
03/20/2015,BRO,TX,ASW,CE,Federal Contract Tower,5,20,16,2,43,0,1,15,2,18,5,21,31,4,61,0,2,2,63
03/21/2015,BRO,TX,ASW,CE,Federal Contract Tower,3,23,17,0,43,0,0,0,0,0,3,23,17,0,43,0,0,0,43
03/22/2015,BRO,TX,ASW,CE,Federal Contract Tower,0,13,13,0,26,0,0,6,0,6,0,13,19,0,32,0,0,0,32
03/23/2015,BRO,TX,ASW,CE,Federal Contract Tower,0,21,7,6,34,0,6,40,4,50,0,27,47,10,84,24,60,84,168
03/24/2015,BRO,TX,ASW,CE,Federal Contract Tower,4,20,10,20,54,0,4,29,5,38,4,24,39,25,92,10,50,60,152
03/25/2015,BRO,TX,ASW,CE,Federal Contract Tower,2,20,15,14,51,0,6,14,2,22,2,26,29,16,73,8,14,22,95
03/26/2015,BRO,TX,ASW,CE,Federal Contract Tower,6,26,16,8,56,0,2,3,0,5,6,28,19,8,61,0,0,0,61
03/27/2015,BRO,TX,ASW,CE,Federal Contract Tower,5,22,31,8,66,0,4,20,1,25,5,26,51,9,91,30,8,38,129
03/28/2015,BRO,TX,ASW,CE,Federal Contract Tower,0,33,40,2,75,0,1,51,0,52,0,34,91,2,127,10,2,12,139
03/29/2015,BRO,TX,ASW,CE,Federal Contract Tower,0,33,15,0,48,0,1,30,0,31,0,34,45,0,79,18,0,18,97
03/30/2015,BRO,TX,ASW,CE,Federal Contract Tower,3,22,30,25,80,0,6,21,4,31,3,28,51,29,111,4,114,118,229
03/31/2015,BRO,TX,ASW,CE,Federal Contract Tower,0,23,19,21,63,0,0,14,4,18,0,23,33,25,81,10,54,64,145
04/01/2015,BRO,TX,ASW,CE,Federal Contract Tower,0,27,35,24,86,0,0,10,2,12,0,27,45,26,98,24,34,58,156
04/02/2015,BRO,TX,ASW,CE,Federal Contract Tower,2,20,16,12,50,0,4,17,0,21,2,24,33,12,71,0,0,0,71
04/03/2015,BRO,TX,ASW,CE,Federal Contract Tower,2,17,25,4,48,0,7,14,0,21,2,24,39,4,69,0,0,0,69
04/04/2015,BRO,TX,ASW,CE,Federal Contract Tower,0,16,16,0,32,0,0,0,0,0,0,16,16,0,32,0,0,0,32
04/05/2015,BRO,TX,ASW,CE,Federal Contract Tower,1,36,46,2,85,0,0,15,0,15,1,36,61,2,100,0,0,0,100
04/06/2015,BRO,TX,ASW,CE,Federal Contract Tower,4,35,25,17,81,0,0,14,2,16,4,35,39,19,97,12,88,100,197
04/07/2015,BRO,TX,ASW,CE,Federal Contract Tower,6,22,23,25,76,0,0,16,3,19,6,22,39,28,95,0,6,6,101
04/08/2015,BRO,TX,ASW,CE,Federal Contract Tower,1,20,18,22,61,0,9,7,5,21,1,29,25,27,82,6,62,68,150
04/09/2015,BRO,TX,ASW,CE,Federal Contract Tower,5,26,26,22,79,0,6,5,0,11,5,32,31,22,90,0,18,18,108
04/10/2015,BRO,TX,ASW,CE,Federal Contract Tower,5,27,37,2,71,0,4,1,0,5,5,31,38,2,76,0,0,0,76
04/11/2015,BRO,TX,ASW,CE,Federal Contract Tower,0,21,20,2,43,0,0,5,0,5,0,21,25,2,48,0,0,0,48
04/12/2015,BRO,TX,ASW,CE,Federal Contract Tower,1,29,25,18,73,0,1,16,4,21,1,30,41,22,94,36,0,36,130
04/13/2015,BRO,TX,ASW,CE,Federal Contract Tower,3,18,20,22,63,0,2,12,2,16,3,20,32,24,79,12,22,34,113
04/14/2015,BRO,TX,ASW,CE,Federal Contract Tower,2,11,10,1,24,0,2,20,4,26,2,13,30,5,50,24,0,24,74
04/15/2015,BRO,TX,ASW,CE,Federal Contract Tower,6,18,19,14,57,0,6,9,4,19,6,24,28,18,76,0,0,0,76
04/16/2015,BRO,TX,ASW,CE,Federal Contract Tower,6,17,16,20,59,0,3,14,0,17,6,20,30,20,76,0,2,2,78
04/17/2015,BRO,TX,ASW,CE,Federal Contract Tower,4,12,12,0,28,0,4,4,0,8,4,16,16,0,36,0,0,0,36
04/18/2015,BRO,TX,ASW,CE,Federal Contract Tower,0,16,10,0,26,0,0,2,0,2,0,16,12,0,28,0,0,0,28
04/19/2015,BRO,TX,ASW,CE,Federal Contract Tower,1,17,18,0,36,0,1,18,0,19,1,18,36,0,55,2,0,2,57
04/20/2015,BRO,TX,ASW,CE,Federal Contract Tower,2,17,15,4,38,0,0,1,4,5,2,17,16,8,43,0,4,4,47
04/21/2015,BRO,TX,ASW,CE,Federal Contract Tower,0,17,21,26,64,0,5,11,2,18,0,22,32,28,82,0,70,70,152
04/22/2015,BRO,TX,ASW,CE,Federal Contract Tower,0,12,16,8,36,0,2,3,0,5,0,14,19,8,41,12,0,12,53
04/23/2015,BRO,TX,ASW,CE,Federal Contract Tower,6,22,13,3,44,0,0,8,0,8,6,22,21,3,52,0,0,0,52
04/24/2015,BRO,TX,ASW,CE,Federal Contract Tower,7,17,24,40,88,0,5,8,1,14,7,22,32,41,102,0,66,66,168
04/25/2015,BRO,TX,ASW,CE,Federal Contract Tower,0,21,13,4,38,0,0,8,0,8,0,21,21,4,46,0,4,4,50
04/26/2015,BRO,TX,ASW,CE,Federal Contract Tower,1,19,20,6,46,0,0,15,2,17,1,19,35,8,63,12,6,18,81
04/27/2015,BRO,TX,ASW,CE,Federal Contract Tower,2,17,10,3,32,0,4,11,2,17,2,21,21,5,49,6,4,10,59
04/28/2015,BRO,TX,ASW,CE,Federal Contract Tower,2,14,12,10,38,0,2,12,0,14,2,16,24,10,52,0,6,6,58
04/29/2015,BRO,TX,ASW,CE,Federal Contract Tower,2,15,13,8,38,0,10,21,4,35,2,25,34,12,73,40,30,70,143
04/30/2015,BRO,TX,ASW,CE,Federal Contract Tower,6,28,39,16,89,0,5,27,0,32,6,33,66,16,121,62,4,66,187
05/01/2015,BRO,TX,ASW,CE,Federal Contract Tower,3,36,28,7,74,0,8,52,1,61,3,44,80,8,135,22,6,28,163
05/02/2015,BRO,TX,ASW,CE,Federal Contract Tower,0,11,9,6,26,0,0,30,0,30,0,11,39,6,56,14,0,14,70
05/03/2015,BRO,TX,ASW,CE,Federal Contract Tower,0,32,33,4,69,0,2,17,0,19,0,34,50,4,88,2,4,6,94
05/04/2015,BRO,TX,ASW,CE,Federal Contract Tower,4,23,27,27,81,0,8,11,10,29,4,31,38,37,110,0,64,64,174
05/05/2015,BRO,TX,ASW,CE,Federal Contract Tower,2,15,13,8,38,0,11,4,6,21,2,26,17,14,59,50,74,124,183
05/06/2015,BRO,TX,ASW,CE,Federal Contract Tower,4,18,8,24,54,0,9,16,0,25,4,27,24,24,79,0,0,0,79
05/07/2015,BRO,TX,ASW,CE,Federal Contract Tower,4,27,15,6,52,0,0,9,0,9,4,27,24,6,61,0,0,0,61
05/08/2015,BRO,TX,ASW,CE,Federal Contract Tower,5,18,26,14,63,0,0,11,0,11,5,18,37,14,74,0,14,14,88
05/09/2015,BRO,TX,ASW,CE,Federal Contract Tower,2,15,6,6,29,0,0,5,0,5,2,15,11,6,34,0,6,6,40
05/10/2015,BRO,TX,ASW,CE,Federal Contract Tower,1,17,10,4,32,0,2,4,0,6,1,19,14,4,38,0,4,4,42
05/11/2015,BRO,TX,ASW,CE,Federal Contract Tower,4,12,6,31,53,0,6,16,2,24,4,18,22,33,77,24,60,84,161
05/12/2015,BRO,TX,ASW,CE,Federal Contract Tower,0,20,3,0,23,0,0,0,0,0,0,20,3,0,23,0,0,0,23
05/13/2015,BRO,TX,ASW,CE,Federal Contract Tower,3,22,8,0,33,0,8,8,0,16,3,30,16,0,49,12,0,12,61
05/14/2015,BRO,TX,ASW,CE,Federal Contract Tower,7,29,17,20,73,0,9,20,2,31,7,38,37,22,104,12,12,24,128
05/15/2015,BRO,TX,ASW,CE,Federal Contract Tower,5,21,11,1,38,0,7,9,0,16,5,28,20,1,54,36,0,36,90
05/16/2015,BRO,TX,ASW,CE,Federal Contract Tower,0,10,5,4,19,0,1,17,0,18,0,11,22,4,37,0,4,4,41
05/17/2015,BRO,TX,ASW,CE,Federal Contract Tower,0,24,19,8,51,0,1,15,0,16,0,25,34,8,67,0,8,8,75
05/18/2015,BRO,TX,ASW,CE,Federal Contract Tower,2,17,21,2,42,0,5,12,0,17,2,22,33,2,59,4,2,6,65
05/19/2015,BRO,TX,ASW,CE,Federal Contract Tower,4,19,14,10,47,0,7,15,0,22,4,26,29,10,69,6,2,8,77
05/20/2015,BRO,TX,ASW,CE,Federal Contract Tower,3,19,12,26,60,0,6,22,2,30,3,25,34,28,90,12,0,12,102
05/21/2015,BRO,TX,ASW,CE,Federal Contract Tower,7,15,7,0,29,0,5,5,0,10,7,20,12,0,39,4,0,4,43
05/22/2015,BRO,TX,ASW,CE,Federal Contract Tower,7,28,16,0,51,0,2,17,0,19,7,30,33,0,70,4,0,4,74
05/23/2015,BRO,TX,ASW,CE,Federal Contract Tower,1,19,2,0,22,0,0,26,2,28,1,19,28,2,50,6,0,6,56
05/24/2015,BRO,TX,ASW,CE,Federal Contract Tower,0,14,18,0,32,0,0,12,2,14,0,14,30,2,46,8,0,8,54
05/25/2015,BRO,TX,ASW,CE,Federal Contract Tower,2,11,17,0,30,0,9,10,0,19,2,20,27,0,49,0,0,0,49
05/26/2015,BRO,TX,ASW,CE,Federal Contract Tower,2,21,19,18,60,0,7,12,0,19,2,28,31,18,79,4,4,8,87
05/27/2015,BRO,TX,ASW,CE,Federal Contract Tower,4,21,10,29,64,0,0,16,3,19,4,21,26,32,83,10,48,58,141
05/28/2015,BRO,TX,ASW,CE,Federal Contract Tower,6,19,28,16,69,0,4,18,0,22,6,23,46,16,91,4,12,16,107
05/29/2015,BRO,TX,ASW,CE,Federal Contract Tower,3,18,10,4,35,0,0,16,0,16,3,18,26,4,51,0,4,4,55
05/30/2015,BRO,TX,ASW,CE,Federal Contract Tower,0,12,7,18,37,0,0,34,0,34,0,12,41,18,71,30,18,48,119
05/31/2015,BRO,TX,ASW,CE,Federal Contract Tower,1,18,21,4,44,0,0,18,0,18,1,18,39,4,62,0,4,4,66
06/01/2015,BRO,TX,ASW,CE,Federal Contract Tower,7,17,11,16,51,0,2,21,0,23,7,19,32,16,74,0,16,16,90
06/02/2015,BRO,TX,ASW,CE,Federal Contract Tower,3,23,13,8,47,0,4,30,8,42,3,27,43,16,89,8,100,108,197
06/03/2015,BRO,TX,ASW,CE,Federal Contract Tower,0,12,15,6,33,0,5,11,4,20,0,17,26,10,53,6,30,36,89
06/04/2015,BRO,TX,ASW,CE,Federal Contract Tower,9,21,8,8,46,0,6,21,0,27,9,27,29,8,73,2,0,2,75
06/05/2015,BRO,TX,ASW,CE,Federal Contract Tower,0,21,18,28,67,0,5,27,4,36,0,26,45,32,103,146,80,226,329
06/06/2015,BRO,TX,ASW,CE,Federal Contract Tower,0,20,8,10,38,0,0,26,0,26,0,20,34,10,64,0,10,10,74
06/07/2015,BRO,TX,ASW,CE,Federal Contract Tower,2,17,17,0,36,0,0,22,0,22,2,17,39,0,58,6,0,6,64
06/08/2015,BRO,TX,ASW,CE,Federal Contract Tower,4,24,15,16,59,0,6,15,0,21,4,30,30,16,80,0,14,14,94
06/09/2015,BRO,TX,ASW,CE,Federal Contract Tower,3,23,17,14,57,0,8,28,0,36,3,31,45,14,93,12,6,18,111
06/10/2015,BRO,TX,ASW,CE,Federal Contract Tower,2,18,11,21,52,0,4,22,0,26,2,22,33,21,78,18,6,24,102
06/11/2015,BRO,TX,ASW,CE,Federal Contract Tower,7,23,17,32,79,0,4,15,1,20,7,27,32,33,99,2,0,2,101
06/12/2015,BRO,TX,ASW,CE,Federal Contract Tower,2,25,26,12,65,0,5,29,0,34,2,30,55,12,99,10,12,22,121
06/13/2015,BRO,TX,ASW,CE,Federal Contract Tower,1,24,8,18,51,0,0,19,0,19,1,24,27,18,70,18,18,36,106
06/14/2015,BRO,TX,ASW,CE,Federal Contract Tower,4,22,17,2,45,0,1,12,0,13,4,23,29,2,58,2,2,4,62
06/15/2015,BRO,TX,ASW,CE,Federal Contract Tower,5,19,14,0,38,0,7,12,0,19,5,26,26,0,57,0,0,0,57
06/16/2015,BRO,TX,ASW,CE,Federal Contract Tower,3,13,17,0,33,0,6,3,0,9,3,19,20,0,42,2,0,2,44
06/17/2015,BRO,TX,ASW,CE,Federal Contract Tower,8,20,8,0,36,0,3,12,2,17,8,23,20,2,53,12,6,18,71
06/18/2015,BRO,TX,ASW,CE,Federal Contract Tower,6,24,21,4,55,0,3,23,0,26,6,27,44,4,81,22,0,22,103
06/19/2015,BRO,TX,ASW,CE,Federal Contract Tower,5,24,16,18,63,0,5,9,4,18,5,29,25,22,81,0,18,18,99
06/20/2015,BRO,TX,ASW,CE,Federal Contract Tower,0,15,14,8,37,0,0,12,0,12,0,15,26,8,49,8,8,16,65
06/21/2015,BRO,TX,ASW,CE,Federal Contract Tower,3,29,12,0,44,0,0,17,0,17,3,29,29,0,61,0,0,0,61
06/22/2015,BRO,TX,ASW,CE,Federal Contract Tower,6,26,13,16,61,0,5,14,0,19,6,31,27,16,80,2,16,18,98
06/23/2015,BRO,TX,ASW,CE,Federal Contract Tower,2,23,14,22,61,0,7,21,0,28,2,30,35,22,89,0,12,12,101
06/24/2015,BRO,TX,ASW,CE,Federal Contract Tower,7,25,14,30,76,0,11,22,0,33,7,36,36,30,109,50,6,56,165
06/25/2015,BRO,TX,ASW,CE,Federal Contract Tower,7,25,27,6,65,0,2,9,0,11,7,27,36,6,76,0,0,0,76
06/26/2015,BRO,TX,ASW,CE,Federal Contract Tower,3,22,31,21,77,0,4,22,4,30,3,26,53,25,107,4,20,24,131
06/27/2015,BRO,TX,ASW,CE,Federal Contract Tower,0,20,12,15,47,0,2,22,0,24,0,22,34,15,71,10,14,24,95
06/28/2015,BRO,TX,ASW,CE,Federal Contract Tower,3,24,24,0,51,0,0,17,0,17,3,24,41,0,68,0,0,0,68
06/29/2015,BRO,TX,ASW,CE,Federal Contract Tower,0,22,15,16,53,0,8,14,2,24,0,30,29,18,77,2,16,18,95
06/30/2015,BRO,TX,ASW,CE,Federal Contract Tower,3,16,9,2,30,0,6,5,0,11,3,22,14,2,41,0,2,2,43
07/01/2015,BRO,TX,ASW,CE,Federal Contract Tower,6,16,22,8,52,0,2,5,0,7,6,18,27,8,59,0,0,0,59
07/02/2015,BRO,TX,ASW,CE,Federal Contract Tower,9,24,30,0,63,0,3,19,0,22,9,27,49,0,85,0,0,0,85
07/03/2015,BRO,TX,ASW,CE,Federal Contract Tower,3,16,33,0,52,0,4,22,0,26,3,20,55,0,78,6,0,6,84
07/04/2015,BRO,TX,ASW,CE,Federal Contract Tower,0,16,9,0,25,0,3,34,0,37,0,19,43,0,62,4,0,4,66
07/05/2015,BRO,TX,ASW,CE,Federal Contract Tower,2,30,38,0,70,0,0,22,2,24,2,30,60,2,94,0,0,0,94
07/06/2015,BRO,TX,ASW,CE,Federal Contract Tower,4,28,16,24,72,0,15,9,0,24,4,43,25,24,96,2,22,24,120
07/07/2015,BRO,TX,ASW,CE,Federal Contract Tower,2,22,25,21,70,0,7,13,4,24,2,29,38,25,94,0,36,36,130
07/08/2015,BRO,TX,ASW,CE,Federal Contract Tower,2,20,8,22,52,0,6,12,0,18,2,26,20,22,70,0,0,0,70
07/09/2015,BRO,TX,ASW,CE,Federal Contract Tower,8,15,21,19,63,0,0,17,0,17,8,15,38,19,80,0,4,4,84
07/10/2015,BRO,TX,ASW,CE,Federal Contract Tower,7,32,31,30,100,0,2,16,1,19,7,34,47,31,119,2,30,32,151
07/11/2015,BRO,TX,ASW,CE,Federal Contract Tower,0,18,17,8,43,0,0,24,0,24,0,18,41,8,67,12,8,20,87
07/12/2015,BRO,TX,ASW,CE,Federal Contract Tower,2,25,31,10,68,0,0,43,0,43,2,25,74,10,111,0,10,10,121
07/13/2015,BRO,TX,ASW,CE,Federal Contract Tower,2,25,24,12,63,0,6,17,2,25,2,31,41,14,88,0,12,12,100
07/14/2015,BRO,TX,ASW,CE,Federal Contract Tower,2,29,9,4,44,0,6,15,0,21,2,35,24,4,65,0,2,2,67
07/15/2015,BRO,TX,ASW,CE,Federal Contract Tower,3,41,13,20,77,0,6,19,1,26,3,47,32,21,103,12,0,12,115
07/16/2015,BRO,TX,ASW,CE,Federal Contract Tower,11,33,28,21,93,0,0,20,0,20,11,33,48,21,113,0,0,0,113
07/17/2015,BRO,TX,ASW,CE,Federal Contract Tower,4,32,34,0,70,0,3,34,2,39,4,35,68,2,109,2,0,2,111
07/18/2015,BRO,TX,ASW,CE,Federal Contract Tower,0,24,25,7,56,0,6,32,2,40,0,30,57,9,96,2,2,4,100
07/19/2015,BRO,TX,ASW,CE,Federal Contract Tower,2,29,34,0,65,0,4,23,0,27,2,33,57,0,92,0,0,0,92
07/20/2015,BRO,TX,ASW,CE,Federal Contract Tower,2,28,20,36,86,0,11,36,0,47,2,39,56,36,133,4,36,40,173
07/21/2015,BRO,TX,ASW,CE,Federal Contract Tower,2,30,25,20,77,0,5,21,2,28,2,35,46,22,105,28,42,70,175
07/22/2015,BRO,TX,ASW,CE,Federal Contract Tower,2,31,24,16,73,0,9,24,0,33,2,40,48,16,106,0,0,0,106
07/23/2015,BRO,TX,ASW,CE,Federal Contract Tower,7,40,21,30,98,0,6,36,0,42,7,46,57,30,140,8,0,8,148
07/24/2015,BRO,TX,ASW,CE,Federal Contract Tower,4,37,34,6,81,0,4,30,0,34,4,41,64,6,115,0,6,6,121
07/25/2015,BRO,TX,ASW,CE,Federal Contract Tower,1,24,11,18,54,0,0,23,0,23,1,24,34,18,77,0,18,18,95
07/26/2015,BRO,TX,ASW,CE,Federal Contract Tower,2,34,37,6,79,0,0,34,0,34,2,34,71,6,113,6,6,12,125
07/27/2015,BRO,TX,ASW,CE,Federal Contract Tower,2,29,21,10,62,0,0,20,2,22,2,29,41,12,84,2,10,12,96
07/28/2015,BRO,TX,ASW,CE,Federal Contract Tower,3,31,17,18,69,0,4,28,2,34,3,35,45,20,103,4,4,8,111
07/29/2015,BRO,TX,ASW,CE,Federal Contract Tower,2,22,31,4,59,0,5,26,0,31,2,27,57,4,90,0,0,0,90
07/30/2015,BRO,TX,ASW,CE,Federal Contract Tower,4,28,26,14,72,0,8,21,0,29,4,36,47,14,101,12,0,12,113
07/31/2015,BRO,TX,ASW,CE,Federal Contract Tower,4,38,26,12,80,0,9,32,0,41,4,47,58,12,121,0,0,0,121
08/01/2015,BRO,TX,ASW,CE,Federal Contract Tower,0,23,35,0,58,0,0,23,0,23,0,23,58,0,81,0,0,0,81
08/02/2015,BRO,TX,ASW,CE,Federal Contract Tower,2,42,47,0,91,0,0,43,0,43,2,42,90,0,134,0,0,0,134
08/03/2015,BRO,TX,ASW,CE,Federal Contract Tower,1,34,32,3,70,0,3,23,2,28,1,37,55,5,98,2,2,4,102
08/04/2015,BRO,TX,ASW,CE,Federal Contract Tower,2,37,13,8,60,0,8,20,0,28,2,45,33,8,88,0,4,4,92
08/05/2015,BRO,TX,ASW,CE,Federal Contract Tower,2,34,26,12,74,0,9,19,0,28,2,43,45,12,102,0,2,2,104
08/06/2015,BRO,TX,ASW,CE,Federal Contract Tower,7,28,16,23,74,0,7,27,5,39,7,35,43,28,113,0,60,60,173
08/07/2015,BRO,TX,ASW,CE,Federal Contract Tower,5,38,18,8,69,0,10,26,0,36,5,48,44,8,105,2,8,10,115
08/08/2015,BRO,TX,ASW,CE,Federal Contract Tower,0,25,23,0,48,0,2,25,0,27,0,27,48,0,75,0,0,0,75
08/09/2015,BRO,TX,ASW,CE,Federal Contract Tower,2,53,16,2,73,0,3,21,0,24,2,56,37,2,97,0,0,0,97
08/10/2015,BRO,TX,ASW,CE,Federal Contract Tower,4,29,15,18,66,0,5,18,0,23,4,34,33,18,89,0,12,12,101
08/11/2015,BRO,TX,ASW,CE,Federal Contract Tower,2,26,7,10,45,0,11,12,0,23,2,37,19,10,68,0,0,0,68
08/12/2015,BRO,TX,ASW,CE,Federal Contract Tower,4,34,12,21,71,0,6,17,0,23,4,40,29,21,94,28,0,28,122
08/13/2015,BRO,TX,ASW,CE,Federal Contract Tower,6,19,11,12,48,0,4,26,0,30,6,23,37,12,78,0,0,0,78
08/14/2015,BRO,TX,ASW,CE,Federal Contract Tower,4,26,14,6,50,0,5,24,2,31,4,31,38,8,81,0,68,68,149
08/15/2015,BRO,TX,ASW,CE,Federal Contract Tower,0,20,5,6,31,0,0,35,2,37,0,20,40,8,68,10,0,10,78
08/16/2015,BRO,TX,ASW,CE,Federal Contract Tower,2,33,11,6,52,0,0,19,0,19,2,33,30,6,71,0,0,0,71
08/17/2015,BRO,TX,ASW,CE,Federal Contract Tower,5,20,11,10,46,0,1,12,2,15,5,21,23,12,61,10,10,20,81
08/18/2015,BRO,TX,ASW,CE,Federal Contract Tower,2,15,5,6,28,0,4,34,0,38,2,19,39,6,66,34,2,36,102
08/19/2015,BRO,TX,ASW,CE,Federal Contract Tower,4,13,8,14,39,0,9,26,10,45,4,22,34,24,84,40,132,172,256
08/20/2015,BRO,TX,ASW,CE,Federal Contract Tower,10,24,13,0,47,0,4,3,0,7,10,28,16,0,54,0,0,0,54
08/21/2015,BRO,TX,ASW,CE,Federal Contract Tower,3,20,6,30,59,0,2,8,1,11,3,22,14,31,70,20,103,123,193
08/22/2015,BRO,TX,ASW,CE,Federal Contract Tower,0,15,9,11,35,0,2,20,0,22,0,17,29,11,57,8,10,18,75
08/23/2015,BRO,TX,ASW,CE,Federal Contract Tower,3,19,15,9,46,0,0,6,0,6,3,19,21,9,52,12,8,20,72
08/24/2015,BRO,TX,ASW,CE,Federal Contract Tower,3,20,8,4,35,0,3,14,5,22,3,23,22,9,57,14,74,88,145
08/25/2015,BRO,TX,ASW,CE,Federal Contract Tower,2,25,14,23,64,0,4,20,3,27,2,29,34,26,91,8,28,36,127
08/26/2015,BRO,TX,ASW,CE,Federal Contract Tower,4,18,7,4,33,0,7,14,1,22,4,25,21,5,55,12,60,72,127
08/27/2015,BRO,TX,ASW,CE,Federal Contract Tower,8,23,15,12,58,0,12,19,0,31,8,35,34,12,89,0,0,0,89
08/28/2015,BRO,TX,ASW,CE,Federal Contract Tower,5,17,16,0,38,0,0,31,2,33,5,17,47,2,71,20,0,20,91
08/29/2015,BRO,TX,ASW,CE,Federal Contract Tower,1,14,6,14,35,0,1,15,2,18,1,15,21,16,53,0,0,0,53
08/30/2015,BRO,TX,ASW,CE,Federal Contract Tower,2,17,17,0,36,0,0,15,0,15,2,17,32,0,51,0,0,0,51
08/31/2015,BRO,TX,ASW,CE,Federal Contract Tower,3,22,4,0,29,0,4,9,2,15,3,26,13,2,44,0,0,0,44
09/01/2015,BRO,TX,ASW,CE,Federal Contract Tower,3,18,13,14,48,0,6,12,4,22,3,24,25,18,70,0,82,82,152
09/02/2015,BRO,TX,ASW,CE,Federal Contract Tower,4,23,9,8,44,0,7,14,0,21,4,30,23,8,65,0,0,0,65
09/03/2015,BRO,TX,ASW,CE,Federal Contract Tower,10,20,13,6,49,0,8,14,2,24,10,28,27,8,73,10,4,14,87
09/04/2015,BRO,TX,ASW,CE,Federal Contract Tower,9,31,16,7,63,0,0,11,2,13,9,31,27,9,76,10,6,16,92
09/05/2015,BRO,TX,ASW,CE,Federal Contract Tower,2,20,14,0,36,0,0,22,2,24,2,20,36,2,60,0,0,0,60
09/06/2015,BRO,TX,ASW,CE,Federal Contract Tower,2,23,2,0,27,0,2,22,0,24,2,25,24,0,51,0,0,0,51
09/07/2015,BRO,TX,ASW,CE,Federal Contract Tower,2,26,13,0,41,0,6,8,0,14,2,32,21,0,55,6,0,6,61
09/08/2015,BRO,TX,ASW,CE,Federal Contract Tower,1,19,9,16,45,0,8,16,1,25,1,27,25,17,70,0,56,56,126
09/09/2015,BRO,TX,ASW,CE,Federal Contract Tower,6,20,13,60,99,0,5,17,0,22,6,25,30,60,121,26,0,26,147
09/10/2015,BRO,TX,ASW,CE,Federal Contract Tower,10,23,10,12,55,0,2,17,0,19,10,25,27,12,74,30,20,50,124
09/11/2015,BRO,TX,ASW,CE,Federal Contract Tower,5,22,9,14,50,0,1,29,0,30,5,23,38,14,80,10,14,24,104
09/12/2015,BRO,TX,ASW,CE,Federal Contract Tower,1,15,8,0,24,0,0,4,4,8,1,15,12,4,32,0,0,0,32
09/13/2015,BRO,TX,ASW,CE,Federal Contract Tower,4,32,5,4,45,0,0,17,0,17,4,32,22,4,62,0,2,2,64
09/14/2015,BRO,TX,ASW,CE,Federal Contract Tower,6,22,7,0,35,0,7,7,0,14,6,29,14,0,49,0,0,0,49
09/15/2015,BRO,TX,ASW,CE,Federal Contract Tower,8,14,17,0,39,0,6,14,0,20,8,20,31,0,59,14,0,14,73
09/16/2015,BRO,TX,ASW,CE,Federal Contract Tower,10,15,18,30,73,0,5,6,0,11,10,20,24,30,84,0,2,2,86
09/17/2015,BRO,TX,ASW,CE,Federal Contract Tower,9,29,16,20,74,0,4,20,1,25,9,33,36,21,99,12,70,82,181
09/18/2015,BRO,TX,ASW,CE,Federal Contract Tower,10,21,5,12,48,0,1,16,7,24,10,22,21,19,72,18,72,90,162
09/19/2015,BRO,TX,ASW,CE,Federal Contract Tower,10,14,0,0,24,0,2,11,0,13,10,16,11,0,37,0,0,0,37
09/20/2015,BRO,TX,ASW,CE,Federal Contract Tower,12,26,6,2,46,0,0,18,2,20,12,26,24,4,66,0,2,2,68
09/21/2015,BRO,TX,ASW,CE,Federal Contract Tower,8,26,10,23,67,0,0,16,0,16,8,26,26,23,83,0,78,78,161
09/22/2015,BRO,TX,ASW,CE,Federal Contract Tower,16,28,9,14,67,0,6,9,4,19,16,34,18,18,86,0,2,2,88
09/23/2015,BRO,TX,ASW,CE,Federal Contract Tower,15,20,6,2,43,0,6,5,4,15,15,26,11,6,58,0,0,0,58
09/24/2015,BRO,TX,ASW,CE,Federal Contract Tower,18,31,17,16,82,0,9,23,0,32,18,40,40,16,114,6,0,6,120
09/25/2015,BRO,TX,ASW,CE,Federal Contract Tower,16,25,7,0,48,0,0,11,4,15,16,25,18,4,63,0,0,0,63
09/26/2015,BRO,TX,ASW,CE,Federal Contract Tower,18,10,8,0,36,0,4,6,0,10,18,14,14,0,46,10,0,10,56
09/27/2015,BRO,TX,ASW,CE,Federal Contract Tower,10,20,9,0,39,0,1,11,0,12,10,21,20,0,51,0,0,0,51
09/28/2015,BRO,TX,ASW,CE,Federal Contract Tower,15,26,14,8,63,0,5,14,5,24,15,31,28,13,87,0,86,86,173
09/29/2015,BRO,TX,ASW,CE,Federal Contract Tower,17,18,12,12,59,0,4,16,0,20,17,22,28,12,79,0,6,6,85
09/30/2015,BRO,TX,ASW,CE,Federal Contract Tower,21,27,11,7,66,0,4,15,0,19,21,31,26,7,85,20,0,20,105
10/01/2015,BRO,TX,ASW,CE,Federal Contract Tower,24,17,6,4,51,0,3,19,2,24,24,20,25,6,75,10,52,62,137
10/02/2015,BRO,TX,ASW,CE,Federal Contract Tower,14,18,9,0,41,0,2,12,2,16,14,20,21,2,57,0,0,0,57
10/03/2015,BRO,TX,ASW,CE,Federal Contract Tower,8,16,8,0,32,0,1,13,0,14,8,17,21,0,46,10,0,10,56
10/04/2015,BRO,TX,ASW,CE,Federal Contract Tower,12,20,16,0,48,0,2,18,0,20,12,22,34,0,68,0,0,0,68
10/05/2015,BRO,TX,ASW,CE,Federal Contract Tower,12,30,8,25,75,0,8,16,0,24,12,38,24,25,99,0,24,24,123
10/06/2015,BRO,TX,ASW,CE,Federal Contract Tower,21,14,9,10,54,0,4,20,0,24,21,18,29,10,78,4,0,4,82
10/07/2015,BRO,TX,ASW,CE,Federal Contract Tower,17,13,4,14,48,0,1,12,0,13,17,14,16,14,61,0,4,4,65
10/08/2015,BRO,TX,ASW,CE,Federal Contract Tower,25,17,8,8,58,0,6,8,3,17,25,23,16,11,75,0,6,6,81
10/09/2015,BRO,TX,ASW,CE,Federal Contract Tower,11,16,9,0,36,0,7,10,0,17,11,23,19,0,53,10,0,10,63
10/10/2015,BRO,TX,ASW,CE,Federal Contract Tower,5,16,5,0,26,0,0,23,0,23,5,16,28,0,49,12,0,12,61
10/11/2015,BRO,TX,ASW,CE,Federal Contract Tower,7,19,2,4,32,0,0,19,0,19,7,19,21,4,51,0,4,4,55
10/12/2015,BRO,TX,ASW,CE,Federal Contract Tower,4,28,1,0,33,0,7,41,0,48,4,35,42,0,81,62,0,62,143
10/13/2015,BRO,TX,ASW,CE,Federal Contract Tower,9,19,7,6,41,0,7,16,0,23,9,26,23,6,64,18,0,18,82
10/14/2015,BRO,TX,ASW,CE,Federal Contract Tower,12,16,19,6,53,0,10,36,0,46,12,26,55,6,99,30,0,30,129
10/15/2015,BRO,TX,ASW,CE,Federal Contract Tower,10,16,14,14,54,0,5,21,0,26,10,21,35,14,80,20,12,32,112
10/16/2015,BRO,TX,ASW,CE,Federal Contract Tower,7,22,9,14,52,0,12,33,2,47,7,34,42,16,99,14,14,28,127
10/17/2015,BRO,TX,ASW,CE,Federal Contract Tower,2,16,16,0,34,0,9,29,0,38,2,25,45,0,72,0,0,0,72
10/18/2015,BRO,TX,ASW,CE,Federal Contract Tower,3,21,7,4,35,0,0,33,0,33,3,21,40,4,68,6,4,10,78
10/19/2015,BRO,TX,ASW,CE,Federal Contract Tower,8,16,18,10,52,0,8,29,0,37,8,24,47,10,89,14,8,22,111
10/20/2015,BRO,TX,ASW,CE,Federal Contract Tower,10,13,13,16,52,0,5,20,1,26,10,18,33,17,78,12,56,68,146
10/21/2015,BRO,TX,ASW,CE,Federal Contract Tower,10,26,16,16,68,0,6,9,0,15,10,32,25,16,83,0,0,0,83
10/22/2015,BRO,TX,ASW,CE,Federal Contract Tower,9,24,3,0,36,0,2,4,0,6,9,26,7,0,42,0,0,0,42
10/23/2015,BRO,TX,ASW,CE,Federal Contract Tower,9,16,8,0,33,0,6,3,0,9,9,22,11,0,42,10,0,10,52
10/24/2015,BRO,TX,ASW,CE,Federal Contract Tower,2,12,2,0,16,0,0,0,0,0,2,12,2,0,16,0,0,0,16
10/25/2015,BRO,TX,ASW,CE,Federal Contract Tower,5,21,4,0,30,0,0,5,0,5,5,21,9,0,35,0,0,0,35
10/26/2015,BRO,TX,ASW,CE,Federal Contract Tower,8,25,5,24,62,0,10,36,0,46,8,35,41,24,108,14,24,38,146
10/27/2015,BRO,TX,ASW,CE,Federal Contract Tower,11,17,4,18,50,0,6,40,0,46,11,23,44,18,96,44,6,50,146
10/28/2015,BRO,TX,ASW,CE,Federal Contract Tower,13,13,15,26,67,0,6,26,0,32,13,19,41,26,99,14,6,20,119
10/29/2015,BRO,TX,ASW,CE,Federal Contract Tower,14,18,12,36,80,0,7,24,0,31,14,25,36,36,111,14,36,50,161
10/30/2015,BRO,TX,ASW,CE,Federal Contract Tower,5,12,11,0,28,0,0,1,0,1,5,12,12,0,29,0,0,0,29
10/31/2015,BRO,TX,ASW,CE,Federal Contract Tower,0,8,6,0,14,0,0,2,2,4,0,8,8,2,18,0,10,10,28
11/01/2015,BRO,TX,ASW,CE,Federal Contract Tower,4,16,9,2,31,0,1,31,0,32,4,17,40,2,63,0,2,2,65
11/02/2015,BRO,TX,ASW,CE,Federal Contract Tower,5,25,12,18,60,0,6,13,4,23,5,31,25,22,83,10,50,60,143
11/03/2015,BRO,TX,ASW,CE,Federal Contract Tower,7,16,9,4,36,0,9,13,0,22,7,25,22,4,58,0,2,2,60
11/04/2015,BRO,TX,ASW,CE,Federal Contract Tower,9,25,15,12,61,0,3,4,0,7,9,28,19,12,68,8,8,16,84
11/05/2015,BRO,TX,ASW,CE,Federal Contract Tower,11,15,3,28,57,0,6,11,2,19,11,21,14,30,76,8,28,36,112
11/06/2015,BRO,TX,ASW,CE,Federal Contract Tower,8,16,8,20,52,0,14,21,5,40,8,30,29,25,92,36,20,56,148
11/07/2015,BRO,TX,ASW,CE,Federal Contract Tower,4,13,5,2,24,0,0,3,0,3,4,13,8,2,27,16,0,16,43
11/08/2015,BRO,TX,ASW,CE,Federal Contract Tower,3,13,14,4,34,0,0,6,4,10,3,13,20,8,44,8,40,48,92
11/09/2015,BRO,TX,ASW,CE,Federal Contract Tower,4,28,9,2,43,0,2,19,7,28,4,30,28,9,71,10,58,68,139
11/10/2015,BRO,TX,ASW,CE,Federal Contract Tower,4,19,17,9,49,0,6,9,8,23,4,25,26,17,72,0,48,48,120
11/11/2015,BRO,TX,ASW,CE,Federal Contract Tower,5,23,8,2,38,0,3,8,0,11,5,26,16,2,49,12,0,12,61
11/12/2015,BRO,TX,ASW,CE,Federal Contract Tower,5,21,20,4,50,0,3,6,2,11,5,24,26,6,61,6,4,10,71
11/13/2015,BRO,TX,ASW,CE,Federal Contract Tower,5,32,37,10,84,0,4,7,2,13,5,36,44,12,97,0,40,40,137
11/14/2015,BRO,TX,ASW,CE,Federal Contract Tower,3,10,7,2,22,0,0,15,0,15,3,10,22,2,37,10,0,10,47
11/15/2015,BRO,TX,ASW,CE,Federal Contract Tower,5,20,8,16,49,0,1,18,0,19,5,21,26,16,68,2,16,18,86
11/16/2015,BRO,TX,ASW,CE,Federal Contract Tower,2,36,22,16,76,0,0,13,0,13,2,36,35,16,89,0,14,14,103
11/17/2015,BRO,TX,ASW,CE,Federal Contract Tower,4,23,6,12,45,0,7,10,0,17,4,30,16,12,62,0,4,4,66
11/18/2015,BRO,TX,ASW,CE,Federal Contract Tower,5,28,9,20,62,0,10,16,0,26,5,38,25,20,88,24,4,28,116
11/19/2015,BRO,TX,ASW,CE,Federal Contract Tower,5,18,15,1,39,0,4,19,2,25,5,22,34,3,64,0,0,0,64
11/20/2015,BRO,TX,ASW,CE,Federal Contract Tower,8,26,7,0,41,0,0,0,0,0,8,26,7,0,41,0,0,0,41
11/21/2015,BRO,TX,ASW,CE,Federal Contract Tower,1,9,5,0,15,0,0,6,2,8,1,9,11,2,23,4,0,4,27
11/22/2015,BRO,TX,ASW,CE,Federal Contract Tower,4,15,7,4,30,0,0,7,0,7,4,15,14,4,37,8,4,12,49
11/23/2015,BRO,TX,ASW,CE,Federal Contract Tower,2,16,17,14,49,0,8,21,0,29,2,24,38,14,78,0,14,14,92
11/24/2015,BRO,TX,ASW,CE,Federal Contract Tower,4,17,18,16,55,0,2,17,0,19,4,19,35,16,74,18,0,18,92
11/25/2015,BRO,TX,ASW,CE,Federal Contract Tower,5,18,14,6,43,0,1,4,0,5,5,19,18,6,48,0,6,6,54
11/26/2015,BRO,TX,ASW,CE,Federal Contract Tower,2,16,10,0,28,0,2,1,2,5,2,18,11,2,33,0,0,0,33
11/27/2015,BRO,TX,ASW,CE,Federal Contract Tower,2,11,8,2,23,0,0,5,0,5,2,11,13,2,28,0,0,0,28
11/28/2015,BRO,TX,ASW,CE,Federal Contract Tower,2,19,3,0,24,0,0,0,0,0,2,19,3,0,24,0,0,0,24
11/29/2015,BRO,TX,ASW,CE,Federal Contract Tower,3,26,18,0,47,0,0,0,0,0,3,26,18,0,47,0,0,0,47
11/30/2015,BRO,TX,ASW,CE,Federal Contract Tower,4,27,8,2,41,0,0,0,0,0,4,27,8,2,41,0,2,2,43
12/01/2015,BRO,TX,ASW,CE,Federal Contract Tower,5,13,19,10,47,0,0,0,0,0,5,13,19,10,47,0,4,4,51
12/02/2015,BRO,TX,ASW,CE,Federal Contract Tower,6,16,12,4,38,0,0,4,1,5,6,16,16,5,43,0,4,4,47
12/03/2015,BRO,TX,ASW,CE,Federal Contract Tower,8,15,14,2,39,0,4,24,2,30,8,19,38,4,69,2,2,4,73
12/04/2015,BRO,TX,ASW,CE,Federal Contract Tower,5,17,17,10,49,0,3,15,2,20,5,20,32,12,69,0,8,8,77
12/05/2015,BRO,TX,ASW,CE,Federal Contract Tower,1,16,9,0,26,0,0,22,1,23,1,16,31,1,49,54,0,54,103
12/06/2015,BRO,TX,ASW,CE,Federal Contract Tower,2,23,9,0,34,0,0,10,0,10,2,23,19,0,44,4,0,4,48
12/07/2015,BRO,TX,ASW,CE,Federal Contract Tower,1,18,9,6,34,0,0,18,0,18,1,18,27,6,52,20,6,26,78
12/08/2015,BRO,TX,ASW,CE,Federal Contract Tower,9,12,16,6,43,0,5,15,0,20,9,17,31,6,63,16,0,16,79
12/09/2015,BRO,TX,ASW,CE,Federal Contract Tower,2,22,26,16,66,0,3,17,2,22,2,25,43,18,88,32,0,32,120
12/10/2015,BRO,TX,ASW,CE,Federal Contract Tower,9,19,7,6,41,0,0,19,0,19,9,19,26,6,60,0,6,6,66
12/11/2015,BRO,TX,ASW,CE,Federal Contract Tower,5,23,17,16,61,0,0,1,0,1,5,23,18,16,62,0,14,14,76
12/12/2015,BRO,TX,ASW,CE,Federal Contract Tower,0,14,9,0,23,0,2,9,0,11,0,16,18,0,34,30,0,30,64
12/13/2015,BRO,TX,ASW,CE,Federal Contract Tower,4,21,13,4,42,0,0,14,0,14,4,21,27,4,56,34,2,36,92
12/14/2015,BRO,TX,ASW,CE,Federal Contract Tower,2,22,11,11,46,0,0,20,2,22,2,22,31,13,68,8,8,16,84
12/15/2015,BRO,TX,ASW,CE,Federal Contract Tower,5,18,16,9,48,0,6,12,0,18,5,24,28,9,66,20,6,26,92
12/16/2015,BRO,TX,ASW,CE,Federal Contract Tower,5,23,22,15,65,0,2,9,8,19,5,25,31,23,84,20,102,122,206
12/17/2015,BRO,TX,ASW,CE,Federal Contract Tower,6,25,18,6,55,0,4,19,9,32,6,29,37,15,87,6,100,106,193
12/18/2015,BRO,TX,ASW,CE,Federal Contract Tower,3,31,17,6,57,0,3,13,13,29,3,34,30,19,86,4,152,156,242
12/19/2015,BRO,TX,ASW,CE,Federal Contract Tower,0,17,15,2,34,0,1,19,0,20,0,18,34,2,54,2,0,2,56
12/20/2015,BRO,TX,ASW,CE,Federal Contract Tower,2,19,7,0,28,0,1,14,0,15,2,20,21,0,43,12,0,12,55
12/21/2015,BRO,TX,ASW,CE,Federal Contract Tower,5,22,11,0,38,0,4,20,0,24,5,26,31,0,62,22,0,22,84
12/22/2015,BRO,TX,ASW,CE,Federal Contract Tower,4,22,9,4,39,0,5,6,0,11,4,27,15,4,50,0,4,4,54
12/23/2015,BRO,TX,ASW,CE,Federal Contract Tower,9,20,13,0,42,0,2,10,1,13,9,22,23,1,55,0,0,0,55
12/24/2015,BRO,TX,ASW,CE,Federal Contract Tower,0,13,3,0,16,0,0,1,0,1,0,13,4,0,17,0,0,0,17
12/25/2015,BRO,TX,ASW,CE,Federal Contract Tower,0,17,13,0,30,0,0,4,0,4,0,17,17,0,34,0,0,0,34
12/26/2015,BRO,TX,ASW,CE,Federal Contract Tower,0,35,31,0,66,0,0,1,0,1,0,35,32,0,67,0,0,0,67
12/27/2015,BRO,TX,ASW,CE,Federal Contract Tower,2,16,21,1,40,0,0,2,0,2,2,16,23,1,42,0,0,0,42
12/28/2015,BRO,TX,ASW,CE,Federal Contract Tower,2,25,18,0,45,0,4,8,0,12,2,29,26,0,57,0,0,0,57
12/29/2015,BRO,TX,ASW,CE,Federal Contract Tower,3,37,12,0,52,0,4,13,0,17,3,41,25,0,69,14,0,14,83
12/30/2015,BRO,TX,ASW,CE,Federal Contract Tower,5,18,11,0,34,0,0,0,0,0,5,18,11,0,34,0,0,0,34
12/31/2015,BRO,TX,ASW,CE,Federal Contract Tower,1,5,2,0,8,0,0,0,0,0,1,5,2,0,8,0,0,0,8
01/01/2016,BRO,TX,ASW,CE,Federal Contract Tower,0,14,6,0,20,0,0,0,0,0,0,14,6,0,20,0,0,0,20
01/02/2016,BRO,TX,ASW,CE,Federal Contract Tower,0,17,19,0,36,0,0,0,0,0,0,17,19,0,36,0,0,0,36
01/03/2016,BRO,TX,ASW,CE,Federal Contract Tower,2,29,16,0,47,0,7,3,0,10,2,36,19,0,57,0,0,0,57
01/04/2016,BRO,TX,ASW,CE,Federal Contract Tower,3,30,9,4,46,0,0,22,0,22,3,30,31,4,68,0,4,4,72
01/05/2016,BRO,TX,ASW,CE,Federal Contract Tower,2,17,15,8,42,0,2,3,0,5,2,19,18,8,47,10,4,14,61
01/06/2016,BRO,TX,ASW,CE,Federal Contract Tower,4,16,13,2,35,0,9,10,0,19,4,25,23,2,54,0,0,0,54
01/07/2016,BRO,TX,ASW,CE,Federal Contract Tower,4,16,9,12,41,0,0,6,0,6,4,16,15,12,47,0,12,12,59
01/09/2016,BRO,TX,ASW,CE,Federal Contract Tower,0,12,4,4,20,0,0,15,6,21,0,12,19,10,41,2,6,8,49
01/10/2016,BRO,TX,ASW,CE,Federal Contract Tower,0,19,5,0,24,0,0,13,0,13,0,19,18,0,37,14,0,14,51
01/11/2016,BRO,TX,ASW,CE,Federal Contract Tower,2,24,9,4,39,0,3,5,6,14,2,27,14,10,53,2,66,68,121
01/12/2016,BRO,TX,ASW,CE,Federal Contract Tower,4,16,5,2,27,0,3,8,0,11,4,19,13,2,38,0,2,2,40
01/13/2016,BRO,TX,ASW,CE,Federal Contract Tower,2,15,7,14,38,0,13,12,0,25,2,28,19,14,63,10,0,10,73
01/14/2016,BRO,TX,ASW,CE,Federal Contract Tower,3,18,6,6,33,0,7,22,0,29,3,25,28,6,62,24,0,24,86
01/15/2016,BRO,TX,ASW,CE,Federal Contract Tower,5,18,14,20,57,0,6,19,0,25,5,24,33,20,82,12,8,20,102
01/16/2016,BRO,TX,ASW,CE,Federal Contract Tower,0,9,8,0,17,0,4,3,0,7,0,13,11,0,24,0,0,0,24
01/17/2016,BRO,TX,ASW,CE,Federal Contract Tower,2,10,11,6,29,0,4,10,0,14,2,14,21,6,43,14,0,14,57
01/18/2016,BRO,TX,ASW,CE,Federal Contract Tower,2,23,14,8,47,0,5,12,0,17,2,28,26,8,64,14,6,20,84
01/19/2016,BRO,TX,ASW,CE,Federal Contract Tower,2,17,14,20,53,0,3,14,0,17,2,20,28,20,70,4,8,12,82
01/20/2016,BRO,TX,ASW,CE,Federal Contract Tower,4,24,6,10,44,0,4,12,4,20,4,28,18,14,64,0,48,48,112
01/21/2016,BRO,TX,ASW,CE,Federal Contract Tower,3,21,11,12,47,0,5,13,2,20,3,26,24,14,67,0,12,12,79
01/22/2016,BRO,TX,ASW,CE,Federal Contract Tower,3,21,14,12,50,0,1,14,0,15,3,22,28,12,65,0,12,12,77
01/23/2016,BRO,TX,ASW,CE,Federal Contract Tower,0,10,8,0,18,0,4,22,0,26,0,14,30,0,44,14,0,14,58
01/24/2016,BRO,TX,ASW,CE,Federal Contract Tower,2,12,7,8,29,0,0,12,0,12,2,12,19,8,41,6,8,14,55
01/25/2016,BRO,TX,ASW,CE,Federal Contract Tower,5,24,11,10,50,0,6,12,2,20,5,30,23,12,70,0,60,60,130
01/26/2016,BRO,TX,ASW,CE,Federal Contract Tower,3,17,11,4,35,0,4,4,0,8,3,21,15,4,43,6,0,6,49
01/27/2016,BRO,TX,ASW,CE,Federal Contract Tower,2,13,13,5,33,0,7,6,1,14,2,20,19,6,47,0,2,2,49
01/28/2016,BRO,TX,ASW,CE,Federal Contract Tower,5,23,17,8,53,0,4,13,0,17,5,27,30,8,70,10,8,18,88
01/29/2016,BRO,TX,ASW,CE,Federal Contract Tower,6,37,23,13,79,0,2,31,0,33,6,39,54,13,112,58,16,74,186
01/30/2016,BRO,TX,ASW,CE,Federal Contract Tower,0,18,12,2,32,0,0,10,0,10,0,18,22,2,42,2,2,4,46
01/31/2016,BRO,TX,ASW,CE,Federal Contract Tower,2,9,20,6,37,0,0,15,0,15,2,9,35,6,52,14,6,20,72
02/01/2016,BRO,TX,ASW,CE,Federal Contract Tower,0,42,18,8,68,0,1,9,4,14,0,43,27,12,82,0,98,98,180
02/02/2016,BRO,TX,ASW,CE,Federal Contract Tower,2,22,9,14,47,0,3,7,6,16,2,25,16,20,63,16,48,64,127
02/03/2016,BRO,TX,ASW,CE,Federal Contract Tower,2,19,8,8,37,0,4,16,2,22,2,23,24,10,59,44,8,52,111
02/04/2016,BRO,TX,ASW,CE,Federal Contract Tower,4,14,10,0,28,0,4,19,4,27,4,18,29,4,55,6,76,82,137
02/05/2016,BRO,TX,ASW,CE,Federal Contract Tower,6,17,12,18,53,0,2,12,0,14,6,19,24,18,67,12,18,30,97
02/06/2016,BRO,TX,ASW,CE,Federal Contract Tower,0,8,11,6,25,0,2,13,0,15,0,10,24,6,40,2,6,8,48
02/07/2016,BRO,TX,ASW,CE,Federal Contract Tower,3,12,17,2,34,0,0,12,0,12,3,12,29,2,46,12,2,14,60
02/08/2016,BRO,TX,ASW,CE,Federal Contract Tower,2,19,5,16,42,0,0,23,2,25,2,19,28,18,67,20,50,70,137
02/09/2016,BRO,TX,ASW,CE,Federal Contract Tower,2,20,9,2,33,0,2,18,0,20,2,22,27,2,53,44,0,44,97
02/10/2016,BRO,TX,ASW,CE,Federal Contract Tower,6,23,9,22,60,0,6,16,2,24,6,29,25,24,84,18,18,36,120
02/11/2016,BRO,TX,ASW,CE,Federal Contract Tower,5,23,11,22,61,0,0,17,0,17,5,23,28,22,78,0,22,22,100
02/12/2016,BRO,TX,ASW,CE,Federal Contract Tower,5,17,15,4,41,0,6,31,0,37,5,23,46,4,78,38,4,42,120
02/13/2016,BRO,TX,ASW,CE,Federal Contract Tower,0,12,4,0,16,0,2,35,0,37,0,14,39,0,53,26,0,26,79
02/14/2016,BRO,TX,ASW,CE,Federal Contract Tower,1,13,6,0,20,0,1,15,0,16,1,14,21,0,36,8,0,8,44
02/15/2016,BRO,TX,ASW,CE,Federal Contract Tower,1,19,13,0,33,0,0,14,0,14,1,19,27,0,47,10,0,10,57
02/16/2016,BRO,TX,ASW,CE,Federal Contract Tower,2,22,14,6,44,0,0,9,4,13,2,22,23,10,57,0,84,84,141
02/17/2016,BRO,TX,ASW,CE,Federal Contract Tower,5,25,6,10,46,0,6,4,0,10,5,31,10,10,56,0,10,10,66
02/18/2016,BRO,TX,ASW,CE,Federal Contract Tower,4,20,14,12,50,0,2,13,2,17,4,22,27,14,67,0,12,12,79
02/19/2016,BRO,TX,ASW,CE,Federal Contract Tower,5,20,15,14,54,0,3,24,0,27,5,23,39,14,81,0,12,12,93
02/20/2016,BRO,TX,ASW,CE,Federal Contract Tower,1,14,9,10,34,0,4,13,0,17,1,18,22,10,51,2,10,12,63
02/21/2016,BRO,TX,ASW,CE,Federal Contract Tower,2,17,18,2,39,0,0,9,0,9,2,17,27,2,48,0,6,6,54
02/22/2016,BRO,TX,ASW,CE,Federal Contract Tower,1,16,20,9,46,0,0,7,0,7,1,16,27,9,53,10,14,24,77
02/23/2016,BRO,TX,ASW,CE,Federal Contract Tower,1,12,7,4,24,0,2,9,2,13,1,14,16,6,37,0,86,86,123
02/24/2016,BRO,TX,ASW,CE,Federal Contract Tower,6,25,14,2,47,0,8,20,11,39,6,33,34,13,86,4,128,132,218
02/25/2016,BRO,TX,ASW,CE,Federal Contract Tower,5,23,10,8,46,0,2,14,4,20,5,25,24,12,66,0,8,8,74
02/26/2016,BRO,TX,ASW,CE,Federal Contract Tower,5,16,19,12,52,0,4,22,2,28,5,20,41,14,80,6,10,16,96
02/27/2016,BRO,TX,ASW,CE,Federal Contract Tower,0,12,17,4,33,0,0,20,0,20,0,12,37,4,53,0,4,4,57
02/28/2016,BRO,TX,ASW,CE,Federal Contract Tower,1,18,8,5,32,0,1,6,0,7,1,19,14,5,39,0,10,10,49
02/29/2016,BRO,TX,ASW,CE,Federal Contract Tower,1,20,17,8,46,0,0,8,4,12,1,20,25,12,58,0,46,46,104
03/01/2016,BRO,TX,ASW,CE,Federal Contract Tower,2,16,8,6,32,0,0,13,0,13,2,16,21,6,45,6,4,10,55
03/02/2016,BRO,TX,ASW,CE,Federal Contract Tower,0,19,8,0,27,0,4,8,0,12,0,23,16,0,39,0,0,0,39
03/03/2016,BRO,TX,ASW,CE,Federal Contract Tower,2,20,15,2,39,0,4,21,0,25,2,24,36,2,64,0,2,2,66
03/04/2016,BRO,TX,ASW,CE,Federal Contract Tower,6,20,19,0,45,0,2,27,0,29,6,22,46,0,74,30,0,30,104
03/05/2016,BRO,TX,ASW,CE,Federal Contract Tower,0,22,16,0,38,0,0,18,1,19,0,22,34,1,57,8,0,8,65
03/06/2016,BRO,TX,ASW,CE,Federal Contract Tower,0,21,14,0,35,0,0,10,0,10,0,21,24,0,45,0,0,0,45
03/07/2016,BRO,TX,ASW,CE,Federal Contract Tower,2,22,12,10,46,0,0,4,0,4,2,22,16,10,50,0,10,10,60
03/08/2016,BRO,TX,ASW,CE,Federal Contract Tower,4,15,11,20,50,0,2,1,0,3,4,17,12,20,53,0,16,16,69
03/09/2016,BRO,TX,ASW,CE,Federal Contract Tower,3,17,4,0,24,0,7,5,0,12,3,24,9,0,36,20,0,20,56
03/10/2016,BRO,TX,ASW,CE,Federal Contract Tower,4,23,10,3,40,0,14,8,8,30,4,37,18,11,70,10,112,122,192
03/11/2016,BRO,TX,ASW,CE,Federal Contract Tower,4,25,17,8,54,0,9,20,0,29,4,34,37,8,83,2,0,2,85
03/12/2016,BRO,TX,ASW,CE,Federal Contract Tower,2,17,8,0,27,0,0,25,0,25,2,17,33,0,52,4,0,4,56
03/13/2016,BRO,TX,ASW,CE,Federal Contract Tower,0,19,12,2,33,0,1,22,0,23,0,20,34,2,56,0,2,2,58
03/14/2016,BRO,TX,ASW,CE,Federal Contract Tower,3,21,12,10,46,0,4,17,3,24,3,25,29,13,70,10,22,32,102
03/15/2016,BRO,TX,ASW,CE,Federal Contract Tower,2,24,8,8,42,0,2,11,0,13,2,26,19,8,55,6,10,16,71
03/16/2016,BRO,TX,ASW,CE,Federal Contract Tower,4,20,9,6,39,0,5,5,4,14,4,25,14,10,53,0,48,48,101
03/17/2016,BRO,TX,ASW,CE,Federal Contract Tower,10,21,21,12,64,0,4,17,2,23,10,25,38,14,87,6,12,18,105
03/18/2016,BRO,TX,ASW,CE,Federal Contract Tower,4,40,30,8,82,0,6,15,0,21,4,46,45,8,103,8,0,8,111
03/19/2016,BRO,TX,ASW,CE,Federal Contract Tower,2,35,18,0,55,0,5,8,0,13,2,40,26,0,68,6,0,6,74
03/20/2016,BRO,TX,ASW,CE,Federal Contract Tower,3,34,26,0,63,0,3,18,1,22,3,37,44,1,85,0,0,0,85
03/21/2016,BRO,TX,ASW,CE,Federal Contract Tower,2,41,13,11,67,0,2,26,0,28,2,43,39,11,95,28,10,38,133
03/22/2016,BRO,TX,ASW,CE,Federal Contract Tower,3,22,13,10,48,0,1,17,0,18,3,23,30,10,66,0,8,8,74
03/23/2016,BRO,TX,ASW,CE,Federal Contract Tower,2,30,24,6,62,0,4,19,0,23,2,34,43,6,85,0,6,6,91
03/24/2016,BRO,TX,ASW,CE,Federal Contract Tower,2,34,22,0,58,0,4,5,0,9,2,38,27,0,67,0,0,0,67
03/25/2016,BRO,TX,ASW,CE,Federal Contract Tower,3,30,9,8,50,0,4,20,8,32,3,34,29,16,82,12,60,72,154
03/26/2016,BRO,TX,ASW,CE,Federal Contract Tower,5,32,12,0,49,0,1,25,0,26,5,33,37,0,75,30,0,30,105
03/27/2016,BRO,TX,ASW,CE,Federal Contract Tower,1,50,22,0,73,0,6,9,0,15,1,56,31,0,88,2,0,2,90
03/28/2016,BRO,TX,ASW,CE,Federal Contract Tower,3,40,20,4,67,0,3,7,0,10,3,43,27,4,77,10,2,12,89
03/29/2016,BRO,TX,ASW,CE,Federal Contract Tower,6,33,8,10,57,0,1,1,0,2,6,34,9,10,59,0,0,0,59
03/30/2016,BRO,TX,ASW,CE,Federal Contract Tower,2,36,21,10,69,0,2,2,0,4,2,38,23,10,73,0,10,10,83
03/31/2016,BRO,TX,ASW,CE,Federal Contract Tower,4,26,14,10,54,0,13,13,4,30,4,39,27,14,84,0,22,22,106
04/01/2016,BRO,TX,ASW,CE,Federal Contract Tower,4,30,17,2,53,0,5,13,0,18,4,35,30,2,71,0,0,0,71
04/02/2016,BRO,TX,ASW,CE,Federal Contract Tower,0,35,15,0,50,0,2,16,0,18,0,37,31,0,68,2,0,2,70
04/03/2016,BRO,TX,ASW,CE,Federal Contract Tower,0,42,13,6,61,0,2,24,0,26,0,44,37,6,87,14,0,14,101
04/04/2016,BRO,TX,ASW,CE,Federal Contract Tower,0,28,2,22,52,0,3,8,0,11,0,31,10,22,63,10,20,30,93
04/05/2016,BRO,TX,ASW,CE,Federal Contract Tower,7,26,19,6,58,0,3,16,0,19,7,29,35,6,77,6,6,12,89
04/06/2016,BRO,TX,ASW,CE,Federal Contract Tower,9,26,10,8,53,0,7,17,0,24,9,33,27,8,77,20,8,28,105
04/07/2016,BRO,TX,ASW,CE,Federal Contract Tower,9,23,16,14,62,0,11,8,0,19,9,34,24,14,81,0,14,14,95
04/08/2016,BRO,TX,ASW,CE,Federal Contract Tower,11,34,10,12,67,0,6,7,0,13,11,40,17,12,80,0,6,6,86
04/09/2016,BRO,TX,ASW,CE,Federal Contract Tower,1,17,10,0,28,0,3,20,0,23,1,20,30,0,51,0,0,0,51
04/10/2016,BRO,TX,ASW,CE,Federal Contract Tower,1,21,13,0,35,0,1,12,0,13,1,22,25,0,48,0,0,0,48
04/11/2016,BRO,TX,ASW,CE,Federal Contract Tower,7,22,14,22,65,0,2,4,0,6,7,24,18,22,71,0,22,22,93
04/12/2016,BRO,TX,ASW,CE,Federal Contract Tower,7,31,7,16,61,0,2,4,0,6,7,33,11,16,67,0,12,12,79
04/13/2016,BRO,TX,ASW,CE,Federal Contract Tower,10,20,9,4,43,0,0,0,0,0,10,20,9,4,43,0,4,4,47
04/14/2016,BRO,TX,ASW,CE,Federal Contract Tower,7,26,21,8,62,0,9,26,0,35,7,35,47,8,97,24,8,32,129
04/15/2016,BRO,TX,ASW,CE,Federal Contract Tower,7,24,17,2,50,0,11,18,8,37,7,35,35,10,87,20,52,72,159
04/16/2016,BRO,TX,ASW,CE,Federal Contract Tower,2,16,8,1,27,0,2,3,0,5,2,18,11,1,32,10,0,10,42
04/17/2016,BRO,TX,ASW,CE,Federal Contract Tower,0,28,12,0,40,0,0,2,0,2,0,28,14,0,42,0,0,0,42
04/18/2016,BRO,TX,ASW,CE,Federal Contract Tower,1,9,6,4,20,0,2,4,8,14,1,11,10,12,34,0,178,178,212
04/19/2016,BRO,TX,ASW,CE,Federal Contract Tower,2,20,18,43,83,0,1,6,4,11,2,21,24,47,94,0,170,170,264
04/20/2016,BRO,TX,ASW,CE,Federal Contract Tower,7,22,11,18,58,0,7,8,2,17,7,29,19,20,75,0,18,18,93
04/21/2016,BRO,TX,ASW,CE,Federal Contract Tower,7,19,8,4,38,0,8,21,4,33,7,27,29,8,71,0,0,0,71
04/22/2016,BRO,TX,ASW,CE,Federal Contract Tower,6,15,13,10,44,0,10,15,0,25,6,25,28,10,69,12,16,28,97
04/23/2016,BRO,TX,ASW,CE,Federal Contract Tower,1,18,10,8,37,0,2,24,0,26,1,20,34,8,63,4,8,12,75
04/24/2016,BRO,TX,ASW,CE,Federal Contract Tower,0,26,18,8,52,0,0,12,0,12,0,26,30,8,64,4,8,12,76
04/25/2016,BRO,TX,ASW,CE,Federal Contract Tower,1,20,8,12,41,0,0,14,0,14,1,20,22,12,55,34,12,46,101
04/26/2016,BRO,TX,ASW,CE,Federal Contract Tower,5,18,13,10,46,0,2,12,1,15,5,20,25,11,61,0,4,4,65
04/27/2016,BRO,TX,ASW,CE,Federal Contract Tower,7,14,22,18,61,0,7,4,2,13,7,21,26,20,74,20,12,32,106
04/28/2016,BRO,TX,ASW,CE,Federal Contract Tower,5,22,29,32,88,0,4,11,2,17,5,26,40,34,105,2,32,34,139
04/29/2016,BRO,TX,ASW,CE,Federal Contract Tower,7,14,21,17,59,0,7,1,1,9,7,21,22,18,68,15,0,15,83
04/30/2016,BRO,TX,ASW,CE,Federal Contract Tower,0,16,11,2,29,0,3,7,0,10,0,19,18,2,39,2,0,2,41
05/01/2016,BRO,TX,ASW,CE,Federal Contract Tower,0,29,8,10,47,0,1,7,0,8,0,30,15,10,55,0,10,10,65
05/02/2016,BRO,TX,ASW,CE,Federal Contract Tower,3,17,15,12,47,0,3,4,8,15,3,20,19,20,62,10,90,100,162
05/03/2016,BRO,TX,ASW,CE,Federal Contract Tower,12,21,16,13,62,1,5,10,0,16,13,26,26,13,78,10,62,72,150
05/04/2016,BRO,TX,ASW,CE,Federal Contract Tower,14,14,18,10,56,0,6,11,0,17,14,20,29,10,73,38,10,48,121
05/05/2016,BRO,TX,ASW,CE,Federal Contract Tower,10,27,14,8,59,0,5,24,0,29,10,32,38,8,88,4,18,22,110
05/06/2016,BRO,TX,ASW,CE,Federal Contract Tower,8,25,13,10,56,0,2,24,0,26,8,27,37,10,82,0,10,10,92
05/07/2016,BRO,TX,ASW,CE,Federal Contract Tower,5,9,14,6,34,0,5,24,0,29,5,14,38,6,63,4,6,10,73
05/08/2016,BRO,TX,ASW,CE,Federal Contract Tower,1,22,12,2,37,0,4,3,0,7,1,26,15,2,44,0,2,2,46
05/09/2016,BRO,TX,ASW,CE,Federal Contract Tower,10,17,4,16,47,0,0,4,0,4,10,17,8,16,51,0,18,18,69
05/10/2016,BRO,TX,ASW,CE,Federal Contract Tower,8,18,8,4,38,0,7,21,0,28,8,25,29,4,66,10,0,10,76
05/11/2016,BRO,TX,ASW,CE,Federal Contract Tower,13,25,13,10,61,0,6,10,2,18,13,31,23,12,79,0,78,78,157
05/12/2016,BRO,TX,ASW,CE,Federal Contract Tower,11,17,9,4,41,0,10,19,3,32,11,27,28,7,73,20,74,94,167
05/13/2016,BRO,TX,ASW,CE,Federal Contract Tower,13,23,15,2,53,0,3,12,1,16,13,26,27,3,69,10,2,12,81
05/14/2016,BRO,TX,ASW,CE,Federal Contract Tower,12,10,11,6,39,0,1,15,6,22,12,11,26,12,61,4,8,12,73
05/15/2016,BRO,TX,ASW,CE,Federal Contract Tower,7,17,6,0,30,0,0,9,0,9,7,17,15,0,39,0,0,0,39
05/16/2016,BRO,TX,ASW,CE,Federal Contract Tower,27,22,2,8,59,0,5,10,0,15,27,27,12,8,74,0,8,8,82
05/17/2016,BRO,TX,ASW,CE,Federal Contract Tower,27,20,11,12,70,0,2,9,1,12,27,22,20,13,82,0,2,2,84
05/18/2016,BRO,TX,ASW,CE,Federal Contract Tower,15,21,13,0,49,0,9,7,1,17,15,30,20,1,66,26,0,26,92
05/19/2016,BRO,TX,ASW,CE,Federal Contract Tower,21,16,14,4,55,0,7,16,0,23,21,23,30,4,78,0,4,4,82
05/20/2016,BRO,TX,ASW,CE,Federal Contract Tower,27,20,15,8,70,0,0,2,0,2,27,20,17,8,72,0,8,8,80
05/21/2016,BRO,TX,ASW,CE,Federal Contract Tower,8,13,5,2,28,0,0,12,0,12,8,13,17,2,40,14,2,16,56
05/22/2016,BRO,TX,ASW,CE,Federal Contract Tower,10,23,17,6,56,0,4,15,0,19,10,27,32,6,75,0,2,2,77
05/23/2016,BRO,TX,ASW,CE,Federal Contract Tower,8,23,6,21,58,0,4,15,2,21,8,27,21,23,79,18,94,112,191
05/24/2016,BRO,TX,ASW,CE,Federal Contract Tower,17,21,9,1,48,0,3,21,0,24,17,24,30,1,72,6,0,6,78
05/25/2016,BRO,TX,ASW,CE,Federal Contract Tower,17,16,8,18,59,0,8,13,5,26,17,24,21,23,85,10,36,46,131
05/26/2016,BRO,TX,ASW,CE,Federal Contract Tower,13,25,15,8,61,0,8,13,0,21,13,33,28,8,82,56,8,64,146
05/27/2016,BRO,TX,ASW,CE,Federal Contract Tower,14,18,27,4,63,0,3,12,0,15,14,21,39,4,78,0,4,4,82
05/28/2016,BRO,TX,ASW,CE,Federal Contract Tower,5,10,5,0,20,0,2,22,0,24,5,12,27,0,44,0,0,0,44
05/29/2016,BRO,TX,ASW,CE,Federal Contract Tower,3,16,8,0,27,0,0,21,0,21,3,16,29,0,48,8,0,8,56
05/30/2016,BRO,TX,ASW,CE,Federal Contract Tower,2,16,11,0,29,0,1,12,0,13,2,17,23,0,42,0,0,0,42
05/31/2016,BRO,TX,ASW,CE,Federal Contract Tower,4,23,12,12,51,0,0,24,0,24,4,23,36,12,75,0,6,6,81
06/01/2016,BRO,TX,ASW,CE,Federal Contract Tower,9,23,16,10,58,0,8,13,0,21,9,31,29,10,79,0,10,10,89
06/02/2016,BRO,TX,ASW,CE,Federal Contract Tower,4,19,3,0,26,0,2,5,0,7,4,21,8,0,33,16,0,16,49
06/03/2016,BRO,TX,ASW,CE,Federal Contract Tower,5,28,20,2,55,0,0,5,0,5,5,28,25,2,60,0,0,0,60
06/04/2016,BRO,TX,ASW,CE,Federal Contract Tower,1,18,2,0,21,0,0,2,0,2,1,18,4,0,23,0,0,0,23
06/05/2016,BRO,TX,ASW,CE,Federal Contract Tower,3,22,14,0,39,0,0,7,0,7,3,22,21,0,46,0,0,0,46
06/06/2016,BRO,TX,ASW,CE,Federal Contract Tower,2,20,12,2,36,0,0,15,4,19,2,20,27,6,55,6,68,74,129
06/07/2016,BRO,TX,ASW,CE,Federal Contract Tower,6,25,6,2,39,0,6,10,5,21,6,31,16,7,60,0,34,34,94
06/08/2016,BRO,TX,ASW,CE,Federal Contract Tower,3,41,10,5,59,0,3,14,2,19,3,44,24,7,78,0,4,4,82
06/09/2016,BRO,TX,ASW,CE,Federal Contract Tower,5,20,8,10,43,0,4,20,7,31,5,24,28,17,74,108,52,160,234
06/10/2016,BRO,TX,ASW,CE,Federal Contract Tower,7,26,14,0,47,0,9,14,1,24,7,35,28,1,71,0,0,0,71
06/11/2016,BRO,TX,ASW,CE,Federal Contract Tower,0,17,8,2,27,0,4,45,0,49,0,21,53,2,76,60,0,60,136
06/12/2016,BRO,TX,ASW,CE,Federal Contract Tower,0,21,6,4,31,0,9,8,0,17,0,30,14,4,48,0,8,8,56
06/13/2016,BRO,TX,ASW,CE,Federal Contract Tower,2,32,17,13,64,0,2,9,5,16,2,34,26,18,80,12,76,88,168
06/14/2016,BRO,TX,ASW,CE,Federal Contract Tower,5,21,6,3,35,0,3,9,2,14,5,24,15,5,49,4,62,66,115
06/15/2016,BRO,TX,ASW,CE,Federal Contract Tower,5,22,5,20,52,0,12,11,0,23,5,34,16,20,75,0,18,18,93
06/16/2016,BRO,TX,ASW,CE,Federal Contract Tower,6,20,11,10,47,0,4,25,1,30,6,24,36,11,77,16,10,26,103
06/17/2016,BRO,TX,ASW,CE,Federal Contract Tower,10,34,7,2,53,0,0,15,0,15,10,34,22,2,68,0,0,0,68
06/19/2016,BRO,TX,ASW,CE,Federal Contract Tower,0,22,17,0,39,0,0,25,0,25,0,22,42,0,64,2,0,2,66
06/20/2016,BRO,TX,ASW,CE,Federal Contract Tower,5,35,18,2,60,0,4,18,2,24,5,39,36,4,84,14,2,16,100
06/21/2016,BRO,TX,ASW,CE,Federal Contract Tower,6,20,5,12,43,0,3,15,4,22,6,23,20,16,65,2,128,130,195
06/22/2016,BRO,TX,ASW,CE,Federal Contract Tower,4,24,18,8,54,0,9,15,0,24,4,33,33,8,78,0,8,8,86
06/23/2016,BRO,TX,ASW,CE,Federal Contract Tower,8,30,26,8,72,0,10,33,0,43,8,40,59,8,115,2,6,8,123
06/24/2016,BRO,TX,ASW,CE,Federal Contract Tower,8,30,30,6,74,0,0,13,3,16,8,30,43,9,90,4,6,10,100
06/25/2016,BRO,TX,ASW,CE,Federal Contract Tower,3,14,14,0,31,0,4,20,0,24,3,18,34,0,55,2,0,2,57
06/26/2016,BRO,TX,ASW,CE,Federal Contract Tower,0,21,14,6,41,0,3,20,0,23,0,24,34,6,64,2,6,8,72
06/27/2016,BRO,TX,ASW,CE,Federal Contract Tower,5,25,20,16,66,0,4,14,2,20,5,29,34,18,86,6,10,16,102
06/28/2016,BRO,TX,ASW,CE,Federal Contract Tower,7,28,11,14,60,0,5,27,0,32,7,33,38,14,92,0,6,6,98
06/29/2016,BRO,TX,ASW,CE,Federal Contract Tower,6,27,13,10,56,0,5,28,0,33,6,32,41,10,89,6,8,14,103
06/30/2016,BRO,TX,ASW,CE,Federal Contract Tower,7,23,25,14,69,0,6,16,0,22,7,29,41,14,91,6,14,20,111
07/01/2016,BRO,TX,ASW,CE,Federal Contract Tower,5,25,27,4,61,0,0,16,0,16,5,25,43,4,77,0,4,4,81
07/02/2016,BRO,TX,ASW,CE,Federal Contract Tower,0,15,18,0,33,0,3,60,0,63,0,18,78,0,96,12,0,12,108
07/03/2016,BRO,TX,ASW,CE,Federal Contract Tower,2,20,12,0,34,0,1,17,0,18,2,21,29,0,52,0,0,0,52
07/04/2016,BRO,TX,ASW,CE,Federal Contract Tower,2,16,15,0,33,0,7,16,0,23,2,23,31,0,56,0,0,0,56
07/05/2016,BRO,TX,ASW,CE,Federal Contract Tower,5,30,15,0,50,0,0,8,0,8,5,30,23,0,58,0,0,0,58
07/06/2016,BRO,TX,ASW,CE,Federal Contract Tower,3,24,21,18,66,0,4,34,2,40,3,28,55,20,106,0,24,24,130
07/07/2016,BRO,TX,ASW,CE,Federal Contract Tower,9,52,23,14,98,0,2,13,0,15,9,54,36,14,113,24,14,38,151
07/08/2016,BRO,TX,ASW,CE,Federal Contract Tower,11,28,24,14,77,0,1,40,0,41,11,29,64,14,118,0,14,14,132
07/09/2016,BRO,TX,ASW,CE,Federal Contract Tower,4,18,14,6,42,0,2,25,0,27,4,20,39,6,69,0,6,6,75
07/10/2016,BRO,TX,ASW,CE,Federal Contract Tower,5,35,21,0,61,0,3,14,0,17,5,38,35,0,78,0,0,0,78
07/11/2016,BRO,TX,ASW,CE,Federal Contract Tower,4,24,21,7,56,0,1,9,0,10,4,25,30,7,66,0,10,10,76
07/13/2016,BRO,TX,ASW,CE,Federal Contract Tower,7,25,26,14,72,0,1,16,4,21,7,26,42,18,93,10,70,80,173
07/14/2016,BRO,TX,ASW,CE,Federal Contract Tower,11,37,20,21,89,0,4,19,2,25,11,41,39,23,114,10,12,22,136
07/15/2016,BRO,TX,ASW,CE,Federal Contract Tower,10,30,37,4,81,0,4,26,0,30,10,34,63,4,111,0,4,4,115
07/16/2016,BRO,TX,ASW,CE,Federal Contract Tower,3,17,14,2,36,0,3,34,0,37,3,20,48,2,73,2,2,4,77
07/17/2016,BRO,TX,ASW,CE,Federal Contract Tower,6,39,14,6,65,0,6,20,0,26,6,45,34,6,91,10,6,16,107
07/18/2016,BRO,TX,ASW,CE,Federal Contract Tower,4,30,17,34,85,0,2,14,3,19,4,32,31,37,104,2,86,88,192
07/19/2016,BRO,TX,ASW,CE,Federal Contract Tower,11,21,20,13,65,0,5,17,2,24,11,26,37,15,89,28,28,56,145
07/20/2016,BRO,TX,ASW,CE,Federal Contract Tower,7,21,23,8,59,0,0,19,0,19,7,21,42,8,78,4,0,4,82
07/21/2016,BRO,TX,ASW,CE,Federal Contract Tower,10,29,28,27,94,0,8,16,2,26,10,37,44,29,120,0,8,8,128
07/22/2016,BRO,TX,ASW,CE,Federal Contract Tower,8,47,26,4,85,0,4,32,0,36,8,51,58,4,121,38,0,38,159
07/23/2016,BRO,TX,ASW,CE,Federal Contract Tower,3,21,13,0,37,0,5,34,0,39,3,26,47,0,76,2,0,2,78
07/24/2016,BRO,TX,ASW,CE,Federal Contract Tower,4,57,25,0,86,0,5,46,0,51,4,62,71,0,137,6,0,6,143
07/25/2016,BRO,TX,ASW,CE,Federal Contract Tower,4,29,9,24,66,0,2,30,0,32,4,31,39,24,98,16,46,62,160
07/26/2016,BRO,TX,ASW,CE,Federal Contract Tower,7,27,26,12,72,0,8,31,0,39,7,35,57,12,111,16,4,20,131
07/27/2016,BRO,TX,ASW,CE,Federal Contract Tower,9,18,24,4,55,0,7,17,0,24,9,25,41,4,79,2,4,6,85
07/28/2016,BRO,TX,ASW,CE,Federal Contract Tower,12,36,27,16,91,0,5,22,7,34,12,41,49,23,125,0,68,68,193
07/29/2016,BRO,TX,ASW,CE,Federal Contract Tower,15,24,21,8,68,0,2,33,0,35,15,26,54,8,103,20,8,28,131
07/30/2016,BRO,TX,ASW,CE,Federal Contract Tower,3,16,19,0,38,0,3,25,0,28,3,19,44,0,66,0,0,0,66
07/31/2016,BRO,TX,ASW,CE,Federal Contract Tower,4,47,26,0,77,0,2,43,0,45,4,49,69,0,122,4,0,4,126
08/01/2016,BRO,TX,ASW,CE,Federal Contract Tower,4,43,17,14,78,0,0,14,0,14,4,43,31,14,92,0,14,14,106
08/02/2016,BRO,TX,ASW,CE,Federal Contract Tower,8,22,20,8,58,0,1,37,0,38,8,23,57,8,96,16,2,18,114
08/03/2016,BRO,TX,ASW,CE,Federal Contract Tower,8,22,20,14,64,0,5,19,0,24,8,27,39,14,88,12,14,26,114
08/04/2016,BRO,TX,ASW,CE,Federal Contract Tower,10,28,24,8,70,0,5,19,0,24,10,33,43,8,94,4,8,12,106
08/05/2016,BRO,TX,ASW,CE,Federal Contract Tower,10,31,19,0,60,0,6,31,2,39,10,37,50,2,99,0,0,0,99
08/06/2016,BRO,TX,ASW,CE,Federal Contract Tower,3,23,10,0,36,0,0,18,0,18,3,23,28,0,54,42,0,42,96
08/07/2016,BRO,TX,ASW,CE,Federal Contract Tower,5,37,16,0,58,0,0,29,0,29,5,37,45,0,87,20,0,20,107
08/08/2016,BRO,TX,ASW,CE,Federal Contract Tower,6,28,20,12,66,0,4,23,0,27,6,32,43,12,93,12,10,22,115
08/09/2016,BRO,TX,ASW,CE,Federal Contract Tower,8,15,14,10,47,0,6,7,5,18,8,21,21,15,65,0,46,46,111
08/10/2016,BRO,TX,ASW,CE,Federal Contract Tower,11,23,23,14,71,0,7,17,5,29,11,30,40,19,100,24,78,102,202
08/11/2016,BRO,TX,ASW,CE,Federal Contract Tower,7,27,17,12,63,0,0,19,0,19,7,27,36,12,82,18,12,30,112
08/12/2016,BRO,TX,ASW,CE,Federal Contract Tower,9,27,23,2,61,0,0,27,3,30,9,27,50,5,91,56,68,124,215
08/13/2016,BRO,TX,ASW,CE,Federal Contract Tower,4,6,5,5,20,0,2,20,1,23,4,8,25,6,43,0,4,4,47
08/14/2016,BRO,TX,ASW,CE,Federal Contract Tower,1,21,24,0,46,0,2,21,0,23,1,23,45,0,69,14,0,14,83
08/15/2016,BRO,TX,ASW,CE,Federal Contract Tower,8,26,10,20,64,0,3,10,0,13,8,29,20,20,77,16,18,34,111
08/16/2016,BRO,TX,ASW,CE,Federal Contract Tower,6,15,5,26,52,0,2,7,0,9,6,17,12,26,61,16,12,28,89
08/17/2016,BRO,TX,ASW,CE,Federal Contract Tower,19,14,16,8,57,0,3,13,0,16,19,17,29,8,73,20,6,26,99
08/18/2016,BRO,TX,ASW,CE,Federal Contract Tower,11,16,18,20,65,0,0,24,9,33,11,16,42,29,98,34,100,134,232
08/19/2016,BRO,TX,ASW,CE,Federal Contract Tower,13,15,11,6,45,0,4,16,0,20,13,19,27,6,65,0,2,2,67
08/20/2016,BRO,TX,ASW,CE,Federal Contract Tower,1,9,2,6,18,0,0,13,0,13,1,9,15,6,31,0,6,6,37
08/21/2016,BRO,TX,ASW,CE,Federal Contract Tower,9,19,6,0,34,0,0,11,0,11,9,19,17,0,45,0,0,0,45
08/22/2016,BRO,TX,ASW,CE,Federal Contract Tower,10,17,13,12,52,0,2,17,0,19,10,19,30,12,71,6,0,6,77
08/23/2016,BRO,TX,ASW,CE,Federal Contract Tower,14,16,8,2,40,0,2,16,8,26,14,18,24,10,66,0,50,50,116
08/24/2016,BRO,TX,ASW,CE,Federal Contract Tower,12,18,5,6,41,0,3,18,0,21,12,21,23,6,62,40,6,46,108
08/25/2016,BRO,TX,ASW,CE,Federal Contract Tower,15,19,14,0,48,0,4,9,5,18,15,23,23,5,66,16,64,80,146
08/26/2016,BRO,TX,ASW,CE,Federal Contract Tower,12,15,17,6,50,0,3,15,9,27,12,18,32,15,77,4,48,52,129
08/27/2016,BRO,TX,ASW,CE,Federal Contract Tower,3,4,8,0,15,0,2,18,0,20,3,6,26,0,35,8,0,8,43
08/28/2016,BRO,TX,ASW,CE,Federal Contract Tower,7,16,19,0,42,0,13,9,0,22,7,29,28,0,64,0,0,0,64
08/29/2016,BRO,TX,ASW,CE,Federal Contract Tower,9,13,8,12,42,0,2,10,2,14,9,15,18,14,56,0,8,8,64
08/30/2016,BRO,TX,ASW,CE,Federal Contract Tower,13,15,6,2,36,0,6,13,0,19,13,21,19,2,55,0,2,2,57
08/31/2016,BRO,TX,ASW,CE,Federal Contract Tower,11,15,6,6,38,0,4,6,0,10,11,19,12,6,48,0,6,6,54
09/01/2016,BRO,TX,ASW,CE,Federal Contract Tower,13,20,7,9,49,0,6,31,6,43,13,26,38,15,92,32,62,94,186
09/02/2016,BRO,TX,ASW,CE,Federal Contract Tower,13,21,22,10,66,0,3,23,0,26,13,24,45,10,92,2,10,12,104
09/03/2016,BRO,TX,ASW,CE,Federal Contract Tower,6,6,12,0,24,0,2,21,0,23,6,8,33,0,47,24,0,24,71
09/04/2016,BRO,TX,ASW,CE,Federal Contract Tower,2,6,8,0,16,0,0,8,0,8,2,6,16,0,24,0,0,0,24
09/05/2016,BRO,TX,ASW,CE,Federal Contract Tower,7,12,9,0,28,0,2,19,0,21,7,14,28,0,49,16,0,16,65
09/06/2016,BRO,TX,ASW,CE,Federal Contract Tower,11,14,13,4,42,0,5,12,6,23,11,19,25,10,65,10,64,74,139
09/07/2016,BRO,TX,ASW,CE,Federal Contract Tower,9,14,11,8,42,0,5,20,0,25,9,19,31,8,67,0,8,8,75
09/08/2016,BRO,TX,ASW,CE,Federal Contract Tower,11,14,14,10,49,0,6,20,2,28,11,20,34,12,77,14,10,24,101
09/09/2016,BRO,TX,ASW,CE,Federal Contract Tower,12,13,11,6,42,0,4,16,0,20,12,17,27,6,62,0,4,4,66
09/10/2016,BRO,TX,ASW,CE,Federal Contract Tower,3,6,5,4,18,0,5,28,0,33,3,11,33,4,51,24,0,24,75
09/11/2016,BRO,TX,ASW,CE,Federal Contract Tower,4,14,15,0,33,0,7,19,0,26,4,21,34,0,59,0,0,0,59
09/12/2016,BRO,TX,ASW,CE,Federal Contract Tower,5,13,11,10,39,0,4,12,0,16,5,17,23,10,55,4,8,12,67
09/13/2016,BRO,TX,ASW,CE,Federal Contract Tower,8,10,11,8,37,0,4,17,0,21,8,14,28,8,58,26,0,26,84
09/14/2016,BRO,TX,ASW,CE,Federal Contract Tower,12,13,16,6,47,0,7,11,0,18,12,20,27,6,65,16,6,22,87
09/15/2016,BRO,TX,ASW,CE,Federal Contract Tower,10,34,26,10,80,0,5,20,2,27,10,39,46,12,107,10,32,42,149
09/16/2016,BRO,TX,ASW,CE,Federal Contract Tower,10,14,11,2,37,0,3,26,4,33,10,17,37,6,70,16,26,42,112
09/17/2016,BRO,TX,ASW,CE,Federal Contract Tower,5,6,1,2,14,0,2,11,0,13,5,8,12,2,27,8,0,8,35
09/18/2016,BRO,TX,ASW,CE,Federal Contract Tower,5,33,24,0,62,0,7,21,0,28,5,40,45,0,90,0,0,0,90
09/19/2016,BRO,TX,ASW,CE,Federal Contract Tower,10,23,8,24,65,0,2,12,2,16,10,25,20,26,81,10,114,124,205
09/20/2016,BRO,TX,ASW,CE,Federal Contract Tower,9,14,10,10,43,0,8,18,2,28,9,22,28,12,71,0,62,62,133
09/21/2016,BRO,TX,ASW,CE,Federal Contract Tower,12,10,12,10,44,0,10,12,0,22,12,20,24,10,66,10,10,20,86
09/22/2016,BRO,TX,ASW,CE,Federal Contract Tower,13,22,9,8,52,0,2,7,0,9,13,24,16,8,61,0,6,6,67
09/23/2016,BRO,TX,ASW,CE,Federal Contract Tower,15,12,5,6,38,0,0,10,0,10,15,12,15,6,48,0,6,6,54
09/25/2016,BRO,TX,ASW,CE,Federal Contract Tower,6,9,17,0,32,0,1,6,0,7,6,10,23,0,39,8,0,8,47
09/26/2016,BRO,TX,ASW,CE,Federal Contract Tower,5,18,2,10,35,0,2,7,0,9,5,20,9,10,44,6,10,16,60
09/27/2016,BRO,TX,ASW,CE,Federal Contract Tower,10,14,13,2,39,0,0,2,0,2,10,14,15,2,41,0,0,0,41
09/28/2016,BRO,TX,ASW,CE,Federal Contract Tower,9,12,23,10,54,0,2,6,0,8,9,14,29,10,62,2,0,2,64
09/29/2016,BRO,TX,ASW,CE,Federal Contract Tower,10,16,19,4,49,0,8,17,2,27,10,24,36,6,76,0,4,4,80
09/30/2016,BRO,TX,ASW,CE,Federal Contract Tower,12,13,19,0,44,0,4,23,0,27,12,17,42,0,71,12,0,12,83
10/01/2016,BRO,TX,ASW,CE,Federal Contract Tower,6,13,5,0,24,0,0,24,0,24,6,13,29,0,48,6,0,6,54
10/02/2016,BRO,TX,ASW,CE,Federal Contract Tower,6,12,13,0,31,0,4,14,0,18,6,16,27,0,49,0,0,0,49
10/03/2016,BRO,TX,ASW,CE,Federal Contract Tower,12,18,16,13,59,0,2,4,2,8,12,20,20,15,67,0,34,34,101
10/04/2016,BRO,TX,ASW,CE,Federal Contract Tower,11,14,12,12,49,0,1,23,0,24,11,15,35,12,73,16,8,24,97
10/05/2016,BRO,TX,ASW,CE,Federal Contract Tower,11,9,7,20,47,0,6,21,0,27,11,15,28,20,74,66,20,86,160
10/06/2016,BRO,TX,ASW,CE,Federal Contract Tower,7,12,16,8,43,0,8,18,0,26,7,20,34,8,69,0,8,8,77
10/07/2016,BRO,TX,ASW,CE,Federal Contract Tower,10,14,11,8,43,0,1,16,7,24,10,15,27,15,67,24,70,94,161
10/08/2016,BRO,TX,ASW,CE,Federal Contract Tower,9,7,7,0,23,0,0,12,4,16,9,7,19,4,39,6,0,6,45
10/09/2016,BRO,TX,ASW,CE,Federal Contract Tower,6,11,5,0,22,0,3,6,2,11,6,14,11,2,33,0,0,0,33
10/10/2016,BRO,TX,ASW,CE,Federal Contract Tower,6,8,11,0,25,0,2,9,0,11,6,10,20,0,36,0,0,0,36
10/11/2016,BRO,TX,ASW,CE,Federal Contract Tower,10,12,9,2,33,0,1,23,0,24,10,13,32,2,57,14,2,16,73
10/12/2016,BRO,TX,ASW,CE,Federal Contract Tower,7,11,10,20,48,0,5,11,5,21,7,16,21,25,69,12,44,56,125
10/13/2016,BRO,TX,ASW,CE,Federal Contract Tower,9,12,16,12,49,0,6,25,0,31,9,18,41,12,80,2,12,14,94
10/14/2016,BRO,TX,ASW,CE,Federal Contract Tower,13,17,11,6,47,0,2,12,0,14,13,19,23,6,61,0,6,6,67
10/15/2016,BRO,TX,ASW,CE,Federal Contract Tower,4,10,11,2,27,0,0,26,0,26,4,10,37,2,53,4,2,6,59
10/16/2016,BRO,TX,ASW,CE,Federal Contract Tower,4,16,14,4,38,0,0,11,0,11,4,16,25,4,49,0,2,2,51
10/17/2016,BRO,TX,ASW,CE,Federal Contract Tower,5,16,4,21,46,0,0,16,5,21,5,16,20,26,67,2,24,26,93
10/18/2016,BRO,TX,ASW,CE,Federal Contract Tower,10,11,7,8,36,0,1,14,0,15,10,12,21,8,51,0,2,2,53
10/19/2016,BRO,TX,ASW,CE,Federal Contract Tower,10,12,6,14,42,0,6,11,0,17,10,18,17,14,59,22,14,36,95
10/20/2016,BRO,TX,ASW,CE,Federal Contract Tower,7,18,19,8,52,0,4,7,7,18,7,22,26,15,70,26,126,152,222
10/21/2016,BRO,TX,ASW,CE,Federal Contract Tower,13,13,13,2,41,0,9,11,0,20,13,22,24,2,61,60,0,60,121
10/22/2016,BRO,TX,ASW,CE,Federal Contract Tower,5,7,4,0,16,0,2,6,4,12,5,9,10,4,28,20,0,20,48
10/23/2016,BRO,TX,ASW,CE,Federal Contract Tower,6,21,14,0,41,0,4,3,1,8,6,25,17,1,49,0,0,0,49
10/24/2016,BRO,TX,ASW,CE,Federal Contract Tower,7,15,15,10,47,0,3,15,4,22,7,18,30,14,69,0,52,52,121
10/25/2016,BRO,TX,ASW,CE,Federal Contract Tower,10,14,11,7,42,0,2,17,5,24,10,16,28,12,66,0,70,70,136
10/26/2016,BRO,TX,ASW,CE,Federal Contract Tower,8,14,3,13,38,0,0,28,1,29,8,14,31,14,67,20,12,32,99
10/27/2016,BRO,TX,ASW,CE,Federal Contract Tower,14,11,7,10,42,0,4,18,2,24,14,15,25,12,66,36,10,46,112
10/28/2016,BRO,TX,ASW,CE,Federal Contract Tower,11,20,13,4,48,0,2,19,0,21,11,22,32,4,69,30,0,30,99
10/29/2016,BRO,TX,ASW,CE,Federal Contract Tower,5,7,4,0,16,0,2,15,0,17,5,9,19,0,33,10,0,10,43
10/30/2016,BRO,TX,ASW,CE,Federal Contract Tower,5,10,7,0,22,0,0,7,0,7,5,10,14,0,29,6,0,6,35
10/31/2016,BRO,TX,ASW,CE,Federal Contract Tower,7,8,8,20,43,0,0,23,8,31,7,8,31,28,74,0,76,76,150
11/01/2016,BRO,TX,ASW,CE,Federal Contract Tower,12,12,10,10,44,0,2,11,0,13,12,14,21,10,57,46,2,48,105
11/02/2016,BRO,TX,ASW,CE,Federal Contract Tower,11,8,13,4,36,0,5,15,4,24,11,13,28,8,60,14,34,48,108
11/03/2016,BRO,TX,ASW,CE,Federal Contract Tower,12,13,9,8,42,0,11,10,0,21,12,24,19,8,63,0,8,8,71
11/04/2016,BRO,TX,ASW,CE,Federal Contract Tower,15,15,20,0,50,0,4,16,0,20,15,19,36,0,70,0,0,0,70
11/05/2016,BRO,TX,ASW,CE,Federal Contract Tower,4,5,4,2,15,0,0,18,0,18,4,5,22,2,33,6,2,8,41
11/06/2016,BRO,TX,ASW,CE,Federal Contract Tower,7,12,10,10,39,0,1,12,0,13,7,13,22,10,52,2,18,20,72
11/07/2016,BRO,TX,ASW,CE,Federal Contract Tower,10,9,5,2,26,0,0,3,2,5,10,9,8,4,31,0,2,2,33
11/08/2016,BRO,TX,ASW,CE,Federal Contract Tower,14,8,10,4,36,0,1,5,0,6,14,9,15,4,42,0,0,0,42
11/09/2016,BRO,TX,ASW,CE,Federal Contract Tower,19,13,21,8,61,0,0,10,0,10,19,13,31,8,71,14,12,26,97
11/10/2016,BRO,TX,ASW,CE,Federal Contract Tower,12,11,9,2,34,0,2,1,0,3,12,13,10,2,37,0,2,2,39
11/11/2016,BRO,TX,ASW,CE,Federal Contract Tower,17,12,15,0,44,0,8,12,0,20,17,20,27,0,64,90,0,90,154
11/12/2016,BRO,TX,ASW,CE,Federal Contract Tower,8,4,6,0,18,0,3,8,0,11,8,7,14,0,29,0,0,0,29
11/13/2016,BRO,TX,ASW,CE,Federal Contract Tower,7,17,5,2,31,0,6,6,0,12,7,23,11,2,43,0,2,2,45
11/14/2016,BRO,TX,ASW,CE,Federal Contract Tower,9,17,11,6,43,0,1,12,4,17,9,18,23,10,60,18,78,96,156
11/15/2016,BRO,TX,ASW,CE,Federal Contract Tower,17,9,8,5,39,0,13,22,2,37,17,22,30,7,76,0,4,4,80
11/16/2016,BRO,TX,ASW,CE,Federal Contract Tower,12,13,12,24,61,0,5,38,2,45,12,18,50,26,106,28,24,52,158
11/17/2016,BRO,TX,ASW,CE,Federal Contract Tower,11,12,22,2,47,0,8,22,0,30,11,20,44,2,77,24,0,24,101
11/18/2016,BRO,TX,ASW,CE,Federal Contract Tower,13,23,11,7,54,0,4,6,1,11,13,27,17,8,65,0,6,6,71
11/19/2016,BRO,TX,ASW,CE,Federal Contract Tower,9,12,9,0,30,0,7,23,0,30,9,19,32,0,60,10,0,10,70
11/20/2016,BRO,TX,ASW,CE,Federal Contract Tower,5,12,9,0,26,0,4,13,0,17,5,16,22,0,43,2,0,2,45
11/21/2016,BRO,TX,ASW,CE,Federal Contract Tower,7,29,16,9,61,0,1,17,2,20,7,30,33,11,81,0,4,4,85
11/22/2016,BRO,TX,ASW,CE,Federal Contract Tower,12,10,11,6,39,0,5,7,0,12,12,15,18,6,51,0,2,2,53
11/23/2016,BRO,TX,ASW,CE,Federal Contract Tower,14,11,17,12,54,0,4,8,0,12,14,15,25,12,66,14,12,26,92
11/24/2016,BRO,TX,ASW,CE,Federal Contract Tower,6,5,8,0,19,0,8,23,2,33,6,13,31,2,52,28,0,28,80
11/25/2016,BRO,TX,ASW,CE,Federal Contract Tower,10,13,12,0,35,0,2,21,0,23,10,15,33,0,58,0,0,0,58
11/26/2016,BRO,TX,ASW,CE,Federal Contract Tower,4,14,13,0,31,0,1,23,0,24,4,15,36,0,55,0,0,0,55
11/27/2016,BRO,TX,ASW,CE,Federal Contract Tower,12,12,23,0,47,0,6,10,0,16,12,18,33,0,63,6,0,6,69
11/28/2016,BRO,TX,ASW,CE,Federal Contract Tower,10,8,9,6,33,0,3,7,4,14,10,11,16,10,47,0,36,36,83
11/29/2016,BRO,TX,ASW,CE,Federal Contract Tower,12,9,9,2,32,0,3,9,0,12,12,12,18,2,44,0,2,2,46
11/30/2016,BRO,TX,ASW,CE,Federal Contract Tower,13,7,20,4,44,0,6,28,9,43,13,13,48,13,87,0,154,154,241
12/01/2016,BRO,TX,ASW,CE,Federal Contract Tower,15,15,10,7,47,0,9,18,0,27,15,24,28,7,74,0,0,0,74
12/02/2016,BRO,TX,ASW,CE,Federal Contract Tower,13,16,15,14,58,0,3,7,0,10,13,19,22,14,68,4,14,18,86
12/03/2016,BRO,TX,ASW,CE,Federal Contract Tower,7,10,11,12,40,0,4,6,2,12,7,14,17,14,52,0,12,12,64
12/04/2016,BRO,TX,ASW,CE,Federal Contract Tower,9,6,6,0,21,0,0,0,0,0,9,6,6,0,21,4,0,4,25
12/05/2016,BRO,TX,ASW,CE,Federal Contract Tower,10,11,10,2,33,0,2,12,0,14,10,13,22,2,47,34,2,36,83
12/06/2016,BRO,TX,ASW,CE,Federal Contract Tower,12,8,20,8,48,0,1,17,2,20,12,9,37,10,68,0,30,30,98
12/07/2016,BRO,TX,ASW,CE,Federal Contract Tower,17,5,35,9,66,0,7,20,10,37,17,12,55,19,103,12,132,144,247
12/08/2016,BRO,TX,ASW,CE,Federal Contract Tower,15,15,6,2,38,0,0,0,0,0,15,15,6,2,38,0,2,2,40
12/09/2016,BRO,TX,ASW,CE,Federal Contract Tower,16,15,12,1,44,0,6,0,0,6,16,21,12,1,50,0,0,0,50
12/10/2016,BRO,TX,ASW,CE,Federal Contract Tower,6,17,12,4,39,0,3,12,0,15,6,20,24,4,54,0,4,4,58
12/11/2016,BRO,TX,ASW,CE,Federal Contract Tower,7,12,6,4,29,0,9,9,0,18,7,21,15,4,47,0,4,4,51
12/12/2016,BRO,TX,ASW,CE,Federal Contract Tower,11,6,15,2,34,0,2,12,0,14,11,8,27,2,48,6,0,6,54
12/13/2016,BRO,TX,ASW,CE,Federal Contract Tower,14,14,23,7,58,0,2,19,2,23,14,16,42,9,81,2,56,58,139
12/14/2016,BRO,TX,ASW,CE,Federal Contract Tower,12,14,19,9,54,0,0,9,7,16,12,14,28,16,70,12,60,72,142
12/15/2016,BRO,TX,ASW,CE,Federal Contract Tower,12,13,9,2,36,0,2,0,0,2,12,15,9,2,38,0,2,2,40
12/16/2016,BRO,TX,ASW,CE,Federal Contract Tower,8,23,24,4,59,0,5,7,2,14,8,28,31,6,73,0,10,10,83
12/17/2016,BRO,TX,ASW,CE,Federal Contract Tower,3,13,13,0,29,0,2,5,0,7,3,15,18,0,36,0,0,0,36
12/18/2016,BRO,TX,ASW,CE,Federal Contract Tower,6,15,22,0,43,0,2,4,0,6,6,17,26,0,49,0,0,0,49
12/19/2016,BRO,TX,ASW,CE,Federal Contract Tower,5,13,9,2,29,0,3,8,0,11,5,16,17,2,40,0,24,24,64
12/20/2016,BRO,TX,ASW,CE,Federal Contract Tower,12,21,5,0,38,0,2,13,0,15,12,23,18,0,53,18,0,18,71
12/21/2016,BRO,TX,ASW,CE,Federal Contract Tower,8,16,20,6,50,0,6,18,0,24,8,22,38,6,74,2,4,6,80
12/22/2016,BRO,TX,ASW,CE,Federal Contract Tower,14,23,1,0,38,0,2,3,0,5,14,25,4,0,43,32,0,32,75
12/23/2016,BRO,TX,ASW,CE,Federal Contract Tower,5,15,11,0,31,0,2,16,0,18,5,17,27,0,49,2,0,2,51
12/24/2016,BRO,TX,ASW,CE,Federal Contract Tower,1,7,8,0,16,0,2,7,0,9,1,9,15,0,25,10,0,10,35
12/25/2016,BRO,TX,ASW,CE,Federal Contract Tower,2,16,10,0,28,0,2,3,0,5,2,18,13,0,33,0,0,0,33
12/26/2016,BRO,TX,ASW,CE,Federal Contract Tower,2,30,16,0,48,0,3,7,0,10,2,33,23,0,58,0,0,0,58
12/27/2016,BRO,TX,ASW,CE,Federal Contract Tower,3,21,24,0,48,0,1,9,0,10,3,22,33,0,58,0,0,0,58
12/28/2016,BRO,TX,ASW,CE,Federal Contract Tower,5,14,18,0,37,0,1,14,0,15,5,15,32,0,52,0,0,0,52
12/29/2016,BRO,TX,ASW,CE,Federal Contract Tower,6,18,9,0,33,0,0,4,0,4,6,18,13,0,37,0,0,0,37
12/30/2016,BRO,TX,ASW,CE,Federal Contract Tower,5,17,7,0,29,0,6,9,0,15,5,23,16,0,44,10,0,10,54
12/31/2016,BRO,TX,ASW,CE,Federal Contract Tower,3,6,6,0,15,0,0,5,0,5,3,6,11,0,20,0,0,0,20
01/01/2017,BRO,TX,ASW,CE,Federal Contract Tower,1,22,15,0,38,0,0,4,0,4,1,22,19,0,42,0,0,0,42
01/02/2017,BRO,TX,ASW,CE,Federal Contract Tower,1,29,16,0,46,0,2,12,0,14,1,31,28,0,60,0,0,0,60
01/03/2017,BRO,TX,ASW,CE,Federal Contract Tower,5,19,27,8,59,0,1,22,0,23,5,20,49,8,82,10,8,18,100
01/04/2017,BRO,TX,ASW,CE,Federal Contract Tower,1,12,22,4,39,0,11,13,0,24,1,23,35,4,63,0,4,4,67
01/05/2017,BRO,TX,ASW,CE,Federal Contract Tower,5,18,15,4,42,0,0,14,0,14,5,18,29,4,56,32,4,36,92
01/06/2017,BRO,TX,ASW,CE,Federal Contract Tower,5,18,12,0,35,0,0,0,0,0,5,18,12,0,35,0,0,0,35
01/07/2017,BRO,TX,ASW,CE,Federal Contract Tower,4,13,9,4,30,0,0,3,0,3,4,13,12,4,33,0,4,4,37
01/08/2017,BRO,TX,ASW,CE,Federal Contract Tower,2,10,11,4,27,0,0,11,0,11,2,10,22,4,38,6,4,10,48
01/09/2017,BRO,TX,ASW,CE,Federal Contract Tower,3,9,2,6,20,0,0,7,2,9,3,9,9,8,29,18,40,58,87
01/10/2017,BRO,TX,ASW,CE,Federal Contract Tower,11,11,6,0,28,1,2,5,0,8,12,13,11,0,36,4,0,4,40
01/11/2017,BRO,TX,ASW,CE,Federal Contract Tower,5,10,14,10,39,0,4,6,0,10,5,14,20,10,49,10,4,14,63
01/12/2017,BRO,TX,ASW,CE,Federal Contract Tower,9,11,10,10,40,0,6,17,0,23,9,17,27,10,63,10,10,20,83
01/13/2017,BRO,TX,ASW,CE,Federal Contract Tower,10,10,10,20,50,0,2,10,2,14,10,12,20,22,64,10,4,14,78
01/14/2017,BRO,TX,ASW,CE,Federal Contract Tower,5,9,4,4,22,0,4,14,0,18,5,13,18,4,40,0,4,4,44
01/15/2017,BRO,TX,ASW,CE,Federal Contract Tower,2,7,10,0,19,0,4,11,0,15,2,11,21,0,34,0,0,0,34
01/16/2017,BRO,TX,ASW,CE,Federal Contract Tower,5,13,5,4,27,0,0,8,0,8,5,13,13,4,35,0,4,4,39
01/17/2017,BRO,TX,ASW,CE,Federal Contract Tower,5,9,12,23,49,0,6,7,3,16,5,15,19,26,65,12,80,92,157
01/18/2017,BRO,TX,ASW,CE,Federal Contract Tower,8,7,13,13,41,0,0,7,7,14,8,7,20,20,55,0,66,66,121
01/19/2017,BRO,TX,ASW,CE,Federal Contract Tower,8,16,19,10,53,0,0,2,0,2,8,16,21,10,55,0,10,10,65
01/20/2017,BRO,TX,ASW,CE,Federal Contract Tower,11,15,7,4,37,0,4,5,0,9,11,19,12,4,46,0,0,0,46
01/21/2017,BRO,TX,ASW,CE,Federal Contract Tower,4,6,5,2,17,0,1,29,0,30,4,7,34,2,47,14,0,14,61
01/22/2017,BRO,TX,ASW,CE,Federal Contract Tower,4,11,5,0,20,0,1,8,0,9,4,12,13,0,29,8,0,8,37
01/23/2017,BRO,TX,ASW,CE,Federal Contract Tower,5,11,6,10,32,0,0,26,0,26,5,11,32,10,58,0,8,8,66
01/24/2017,BRO,TX,ASW,CE,Federal Contract Tower,7,6,6,4,23,0,0,19,0,19,7,6,25,4,42,0,0,0,42
01/25/2017,BRO,TX,ASW,CE,Federal Contract Tower,6,9,8,11,34,0,4,23,10,37,6,13,31,21,71,10,102,112,183
01/26/2017,BRO,TX,ASW,CE,Federal Contract Tower,14,11,8,1,34,0,8,18,5,31,14,19,26,6,65,2,80,82,147
01/27/2017,BRO,TX,ASW,CE,Federal Contract Tower,17,15,10,2,44,0,5,17,0,22,17,20,27,2,66,12,2,14,80
01/28/2017,BRO,TX,ASW,CE,Federal Contract Tower,6,2,4,0,12,0,0,2,0,2,6,2,6,0,14,0,0,0,14
01/29/2017,BRO,TX,ASW,CE,Federal Contract Tower,7,11,12,0,30,0,1,17,0,18,7,12,29,0,48,10,0,10,58
01/30/2017,BRO,TX,ASW,CE,Federal Contract Tower,9,15,4,12,40,0,0,16,0,16,9,15,20,12,56,6,10,16,72
01/31/2017,BRO,TX,ASW,CE,Federal Contract Tower,15,14,3,8,40,0,2,14,0,16,15,16,17,8,56,0,0,0,56
02/01/2017,BRO,TX,ASW,CE,Federal Contract Tower,14,10,15,14,53,0,3,17,0,20,14,13,32,14,73,8,14,22,95
02/02/2017,BRO,TX,ASW,CE,Federal Contract Tower,14,23,21,4,62,0,7,11,6,24,14,30,32,10,86,0,106,106,192
02/03/2017,BRO,TX,ASW,CE,Federal Contract Tower,15,33,22,8,78,0,0,5,0,5,15,33,27,8,83,12,0,12,95
02/04/2017,BRO,TX,ASW,CE,Federal Contract Tower,9,6,9,0,24,0,2,4,0,6,9,8,13,0,30,2,0,2,32
02/05/2017,BRO,TX,ASW,CE,Federal Contract Tower,8,12,10,0,30,0,0,9,1,10,8,12,19,1,40,6,0,6,46
02/06/2017,BRO,TX,ASW,CE,Federal Contract Tower,13,29,22,22,86,0,1,14,13,28,13,30,36,35,114,0,156,156,270
02/07/2017,BRO,TX,ASW,CE,Federal Contract Tower,17,16,13,12,58,0,0,8,0,8,17,16,21,12,66,0,6,6,72
02/08/2017,BRO,TX,ASW,CE,Federal Contract Tower,15,8,20,4,47,0,5,17,0,22,15,13,37,4,69,0,0,0,69
02/09/2017,BRO,TX,ASW,CE,Federal Contract Tower,19,20,8,2,49,0,6,20,2,28,19,26,28,4,77,20,94,114,191
02/10/2017,BRO,TX,ASW,CE,Federal Contract Tower,22,12,15,5,54,0,0,18,0,18,22,12,33,5,72,6,4,10,82
02/11/2017,BRO,TX,ASW,CE,Federal Contract Tower,7,6,6,2,21,0,1,15,0,16,7,7,21,2,37,0,0,0,37
02/12/2017,BRO,TX,ASW,CE,Federal Contract Tower,7,9,7,0,23,0,1,20,0,21,7,10,27,0,44,20,0,20,64
02/13/2017,BRO,TX,ASW,CE,Federal Contract Tower,10,13,11,19,53,0,0,9,6,15,10,13,20,25,68,14,88,102,170
02/14/2017,BRO,TX,ASW,CE,Federal Contract Tower,11,10,5,4,30,0,1,12,0,13,11,11,17,4,43,38,4,42,85
02/15/2017,BRO,TX,ASW,CE,Federal Contract Tower,9,7,10,0,26,0,4,19,13,36,9,11,29,13,62,0,148,148,210
02/16/2017,BRO,TX,ASW,CE,Federal Contract Tower,16,18,9,2,45,0,6,26,6,38,16,24,35,8,83,2,108,110,193
02/17/2017,BRO,TX,ASW,CE,Federal Contract Tower,11,6,16,6,39,0,2,28,1,31,11,8,44,7,70,18,0,18,88
02/18/2017,BRO,TX,ASW,CE,Federal Contract Tower,3,14,4,0,21,0,0,17,0,17,3,14,21,0,38,10,10,20,58
02/19/2017,BRO,TX,ASW,CE,Federal Contract Tower,5,11,15,6,37,0,1,6,0,7,5,12,21,6,44,0,6,6,50
02/20/2017,BRO,TX,ASW,CE,Federal Contract Tower,6,17,8,0,31,0,1,14,0,15,6,18,22,0,46,10,0,10,56
02/21/2017,BRO,TX,ASW,CE,Federal Contract Tower,9,20,16,2,47,0,0,24,0,24,9,20,40,2,71,0,2,2,73
02/22/2017,BRO,TX,ASW,CE,Federal Contract Tower,10,12,7,8,37,0,6,32,2,40,10,18,39,10,77,24,12,36,113
02/23/2017,BRO,TX,ASW,CE,Federal Contract Tower,11,20,12,2,45,0,6,22,0,28,11,26,34,2,73,10,2,12,85
02/24/2017,BRO,TX,ASW,CE,Federal Contract Tower,13,21,9,0,43,0,0,19,0,19,13,21,28,0,62,0,0,0,62
02/25/2017,BRO,TX,ASW,CE,Federal Contract Tower,7,9,9,2,27,0,2,16,0,18,7,11,25,2,45,0,0,0,45
02/26/2017,BRO,TX,ASW,CE,Federal Contract Tower,7,19,6,0,32,0,0,12,0,12,7,19,18,0,44,0,0,0,44
02/27/2017,BRO,TX,ASW,CE,Federal Contract Tower,6,20,8,3,37,0,0,15,1,16,6,20,23,4,53,0,2,2,55
02/28/2017,BRO,TX,ASW,CE,Federal Contract Tower,5,15,5,4,29,0,0,19,0,19,5,15,24,4,48,0,0,0,48
03/01/2017,BRO,TX,ASW,CE,Federal Contract Tower,10,10,11,6,37,0,2,7,3,12,10,12,18,9,49,0,4,4,53
03/02/2017,BRO,TX,ASW,CE,Federal Contract Tower,13,21,7,2,43,0,6,10,0,16,13,27,17,2,59,16,0,16,75
03/03/2017,BRO,TX,ASW,CE,Federal Contract Tower,15,10,16,4,45,0,0,9,2,11,15,10,25,6,56,0,0,0,56
03/04/2017,BRO,TX,ASW,CE,Federal Contract Tower,9,14,1,0,24,0,1,2,0,3,9,15,3,0,27,14,0,14,41
03/05/2017,BRO,TX,ASW,CE,Federal Contract Tower,5,14,13,0,32,0,0,20,0,20,5,14,33,0,52,10,0,10,62
03/06/2017,BRO,TX,ASW,CE,Federal Contract Tower,5,21,12,12,50,0,0,7,0,7,5,21,19,12,57,0,10,10,67
03/07/2017,BRO,TX,ASW,CE,Federal Contract Tower,6,11,4,12,33,0,5,28,2,35,6,16,32,14,68,10,40,50,118
03/08/2017,BRO,TX,ASW,CE,Federal Contract Tower,13,18,10,2,43,0,7,6,0,13,13,25,16,2,56,0,0,0,56
03/09/2017,BRO,TX,ASW,CE,Federal Contract Tower,16,18,7,4,45,0,2,16,0,18,16,20,23,4,63,0,48,48,111
03/10/2017,BRO,TX,ASW,CE,Federal Contract Tower,8,20,7,0,35,0,0,11,0,11,8,20,18,0,46,0,0,0,46
03/11/2017,BRO,TX,ASW,CE,Federal Contract Tower,5,21,15,0,41,0,0,17,0,17,5,21,32,0,58,46,0,46,104
03/12/2017,BRO,TX,ASW,CE,Federal Contract Tower,4,13,3,0,20,0,0,1,0,1,4,13,4,0,21,0,0,0,21
03/13/2017,BRO,TX,ASW,CE,Federal Contract Tower,3,14,12,8,37,0,0,3,0,3,3,14,15,8,40,0,8,8,48
03/14/2017,BRO,TX,ASW,CE,Federal Contract Tower,6,13,7,4,30,0,0,21,3,24,6,13,28,7,54,20,0,20,74
03/15/2017,BRO,TX,ASW,CE,Federal Contract Tower,13,13,8,6,40,0,0,27,0,27,13,13,35,6,67,0,2,2,69
03/16/2017,BRO,TX,ASW,CE,Federal Contract Tower,14,19,21,14,68,0,6,27,0,33,14,25,48,14,101,6,6,12,113
03/17/2017,BRO,TX,ASW,CE,Federal Contract Tower,13,21,45,2,81,0,0,26,0,26,13,21,71,2,107,0,2,2,109
03/18/2017,BRO,TX,ASW,CE,Federal Contract Tower,12,18,10,2,42,0,1,19,0,20,12,19,29,2,62,0,2,2,64
03/19/2017,BRO,TX,ASW,CE,Federal Contract Tower,7,12,23,0,42,0,0,18,0,18,7,12,41,0,60,0,0,0,60
03/20/2017,BRO,TX,ASW,CE,Federal Contract Tower,9,31,24,2,66,0,7,36,0,43,9,38,60,2,109,0,2,2,111
03/21/2017,BRO,TX,ASW,CE,Federal Contract Tower,14,13,14,2,43,0,2,32,0,34,14,15,46,2,77,20,0,20,97
03/22/2017,BRO,TX,ASW,CE,Federal Contract Tower,9,13,7,8,37,0,0,16,2,18,9,13,23,10,55,0,92,92,147
03/23/2017,BRO,TX,ASW,CE,Federal Contract Tower,15,15,21,1,52,0,2,20,0,22,15,17,41,1,74,28,0,28,102
03/24/2017,BRO,TX,ASW,CE,Federal Contract Tower,7,13,14,4,38,0,1,4,2,7,7,14,18,6,45,0,66,66,111
03/25/2017,BRO,TX,ASW,CE,Federal Contract Tower,3,10,7,4,24,0,2,42,1,45,3,12,49,5,69,36,4,40,109
03/26/2017,BRO,TX,ASW,CE,Federal Contract Tower,2,13,5,0,20,0,2,16,0,18,2,15,21,0,38,14,0,14,52
03/27/2017,BRO,TX,ASW,CE,Federal Contract Tower,6,12,10,5,33,0,0,22,3,25,6,12,32,8,58,12,90,102,160
03/28/2017,BRO,TX,ASW,CE,Federal Contract Tower,11,11,10,14,46,0,4,16,0,20,11,15,26,14,66,6,2,8,74
03/29/2017,BRO,TX,ASW,CE,Federal Contract Tower,13,6,8,6,33,0,8,14,0,22,13,14,22,6,55,18,2,20,75
03/30/2017,BRO,TX,ASW,CE,Federal Contract Tower,13,17,11,4,45,0,2,24,2,28,13,19,35,6,73,0,4,4,77
03/31/2017,BRO,TX,ASW,CE,Federal Contract Tower,8,20,12,2,42,0,2,37,0,39,8,22,49,2,81,40,2,42,123
04/01/2017,BRO,TX,ASW,CE,Federal Contract Tower,2,10,8,4,24,0,0,5,0,5,2,10,13,4,29,0,4,4,33
04/02/2017,BRO,TX,ASW,CE,Federal Contract Tower,3,18,5,0,26,0,2,19,0,21,3,20,24,0,47,10,0,10,57
04/03/2017,BRO,TX,ASW,CE,Federal Contract Tower,3,18,8,0,29,0,1,23,0,24,3,19,31,0,53,14,0,14,67
04/04/2017,BRO,TX,ASW,CE,Federal Contract Tower,11,9,9,8,37,0,3,17,4,24,11,12,26,12,61,0,116,116,177
04/05/2017,BRO,TX,ASW,CE,Federal Contract Tower,12,14,16,6,48,0,8,11,0,19,12,22,27,6,67,20,0,20,87
04/06/2017,BRO,TX,ASW,CE,Federal Contract Tower,15,18,14,4,51,0,2,39,0,41,15,20,53,4,92,44,4,48,140
04/07/2017,BRO,TX,ASW,CE,Federal Contract Tower,11,35,25,4,75,0,1,33,0,34,11,36,58,4,109,10,4,14,123
04/08/2017,BRO,TX,ASW,CE,Federal Contract Tower,6,33,22,2,63,0,3,28,0,31,6,36,50,2,94,8,2,10,104
04/09/2017,BRO,TX,ASW,CE,Federal Contract Tower,5,24,13,0,42,0,1,18,0,19,5,25,31,0,61,6,0,6,67
04/10/2017,BRO,TX,ASW,CE,Federal Contract Tower,4,27,18,4,53,0,1,11,0,12,4,28,29,4,65,0,2,2,67
04/11/2017,BRO,TX,ASW,CE,Federal Contract Tower,9,12,11,4,36,0,13,9,4,26,9,25,20,8,62,6,34,40,102
04/12/2017,BRO,TX,ASW,CE,Federal Contract Tower,7,14,22,0,43,0,0,15,0,15,7,14,37,0,58,0,0,0,58
04/13/2017,BRO,TX,ASW,CE,Federal Contract Tower,6,26,17,8,57,0,2,24,4,30,6,28,41,12,87,0,30,30,117
04/14/2017,BRO,TX,ASW,CE,Federal Contract Tower,8,20,15,4,47,0,2,10,0,12,8,22,25,4,59,2,0,2,61
04/15/2017,BRO,TX,ASW,CE,Federal Contract Tower,5,19,8,0,32,0,2,30,0,32,5,21,38,0,64,8,0,8,72
04/16/2017,BRO,TX,ASW,CE,Federal Contract Tower,6,76,7,0,89,0,1,16,0,17,6,77,23,0,106,0,0,0,106
04/17/2017,BRO,TX,ASW,CE,Federal Contract Tower,4,35,24,2,65,0,0,19,0,19,4,35,43,2,84,0,2,2,86
04/18/2017,BRO,TX,ASW,CE,Federal Contract Tower,7,20,15,4,46,0,2,15,0,17,7,22,30,4,63,0,2,2,65
04/19/2017,BRO,TX,ASW,CE,Federal Contract Tower,9,19,8,12,48,0,8,22,0,30,9,27,30,12,78,0,2,2,80
04/20/2017,BRO,TX,ASW,CE,Federal Contract Tower,9,14,26,4,53,0,4,19,0,23,9,18,45,4,76,2,4,6,82
04/21/2017,BRO,TX,ASW,CE,Federal Contract Tower,11,25,24,0,60,0,0,23,0,23,11,25,47,0,83,0,0,0,83
04/22/2017,BRO,TX,ASW,CE,Federal Contract Tower,5,55,6,8,74,0,6,14,0,20,5,61,20,8,94,0,8,8,102
04/23/2017,BRO,TX,ASW,CE,Federal Contract Tower,6,33,11,0,50,0,0,5,0,5,6,33,16,0,55,0,0,0,55
04/24/2017,BRO,TX,ASW,CE,Federal Contract Tower,8,19,11,10,48,0,0,10,2,12,8,19,21,12,60,2,40,42,102
04/25/2017,BRO,TX,ASW,CE,Federal Contract Tower,8,15,10,2,35,0,4,6,0,10,8,19,16,2,45,0,0,0,45
04/26/2017,BRO,TX,ASW,CE,Federal Contract Tower,6,12,11,6,35,0,10,6,0,16,6,22,17,6,51,4,0,4,55
04/27/2017,BRO,TX,ASW,CE,Federal Contract Tower,12,14,9,2,37,0,0,14,0,14,12,14,23,2,51,10,2,12,63
04/28/2017,BRO,TX,ASW,CE,Federal Contract Tower,11,40,21,0,72,0,2,12,0,14,11,42,33,0,86,2,0,2,88
04/29/2017,BRO,TX,ASW,CE,Federal Contract Tower,7,12,8,0,27,0,1,7,0,8,7,13,15,0,35,0,0,0,35
04/30/2017,BRO,TX,ASW,CE,Federal Contract Tower,6,17,3,0,26,0,1,7,0,8,6,18,10,0,34,0,0,0,34
05/01/2017,BRO,TX,ASW,CE,Federal Contract Tower,5,29,18,2,54,0,0,24,0,24,5,29,42,2,78,10,2,12,90
05/02/2017,BRO,TX,ASW,CE,Federal Contract Tower,11,7,15,6,39,0,9,17,0,26,11,16,32,6,65,2,0,2,67
05/03/2017,BRO,TX,ASW,CE,Federal Contract Tower,12,11,13,10,46,0,7,1,2,10,12,18,14,12,56,0,170,170,226
05/04/2017,BRO,TX,ASW,CE,Federal Contract Tower,14,14,7,2,37,0,0,11,0,11,14,14,18,2,48,0,0,0,48
05/05/2017,BRO,TX,ASW,CE,Federal Contract Tower,15,24,3,3,45,0,6,19,0,25,15,30,22,3,70,4,2,6,76
05/06/2017,BRO,TX,ASW,CE,Federal Contract Tower,5,10,5,0,20,0,0,23,0,23,5,10,28,0,43,8,0,8,51
05/07/2017,BRO,TX,ASW,CE,Federal Contract Tower,4,13,2,0,19,0,4,16,0,20,4,17,18,0,39,0,0,0,39
05/08/2017,BRO,TX,ASW,CE,Federal Contract Tower,5,22,10,4,41,0,0,6,0,6,5,22,16,4,47,0,54,54,101
05/09/2017,BRO,TX,ASW,CE,Federal Contract Tower,13,15,13,10,51,0,1,8,6,15,13,16,21,16,66,12,102,114,180
05/10/2017,BRO,TX,ASW,CE,Federal Contract Tower,17,10,11,14,52,0,8,20,0,28,17,18,31,14,80,6,0,6,86
05/11/2017,BRO,TX,ASW,CE,Federal Contract Tower,15,10,17,6,48,0,0,18,0,18,15,10,35,6,66,20,0,20,86
05/12/2017,BRO,TX,ASW,CE,Federal Contract Tower,8,18,8,0,34,0,0,20,0,20,8,18,28,0,54,20,0,20,74
05/14/2017,BRO,TX,ASW,CE,Federal Contract Tower,8,5,8,0,21,0,0,16,0,16,8,5,24,0,37,0,0,0,37
05/15/2017,BRO,TX,ASW,CE,Federal Contract Tower,7,15,6,2,30,0,5,12,0,17,7,20,18,2,47,10,2,12,59
05/16/2017,BRO,TX,ASW,CE,Federal Contract Tower,16,19,21,4,60,0,6,7,0,13,16,25,28,4,73,4,0,4,77
05/17/2017,BRO,TX,ASW,CE,Federal Contract Tower,16,18,21,7,62,0,4,2,1,7,16,22,23,8,69,0,70,70,139
05/18/2017,BRO,TX,ASW,CE,Federal Contract Tower,17,28,13,0,58,0,1,11,2,14,17,29,24,2,72,8,0,8,80
05/19/2017,BRO,TX,ASW,CE,Federal Contract Tower,19,17,15,0,51,0,3,15,0,18,19,20,30,0,69,20,0,20,89
05/20/2017,BRO,TX,ASW,CE,Federal Contract Tower,10,6,3,4,23,0,15,15,0,30,10,21,18,4,53,0,4,4,57
05/21/2017,BRO,TX,ASW,CE,Federal Contract Tower,8,18,9,4,39,0,3,17,0,20,8,21,26,4,59,0,4,4,63
05/22/2017,BRO,TX,ASW,CE,Federal Contract Tower,9,15,5,9,38,0,1,8,4,13,9,16,13,13,51,0,26,26,77
05/23/2017,BRO,TX,ASW,CE,Federal Contract Tower,14,14,5,2,35,0,0,8,0,8,14,14,13,2,43,32,2,34,77
05/24/2017,BRO,TX,ASW,CE,Federal Contract Tower,13,13,12,6,44,0,5,19,3,27,13,18,31,9,71,0,20,20,91
05/25/2017,BRO,TX,ASW,CE,Federal Contract Tower,18,22,11,1,52,0,0,27,6,33,18,22,38,7,85,0,56,56,141
05/26/2017,BRO,TX,ASW,CE,Federal Contract Tower,12,10,18,2,42,0,0,15,2,17,12,10,33,4,59,0,46,46,105
05/27/2017,BRO,TX,ASW,CE,Federal Contract Tower,6,12,8,0,26,0,0,7,2,9,6,12,15,2,35,0,0,0,35
05/28/2017,BRO,TX,ASW,CE,Federal Contract Tower,2,29,7,1,39,0,0,20,0,20,2,29,27,1,59,0,0,0,59
05/29/2017,BRO,TX,ASW,CE,Federal Contract Tower,6,16,12,4,38,0,0,10,0,10,6,16,22,4,48,0,4,4,52
05/30/2017,BRO,TX,ASW,CE,Federal Contract Tower,14,18,10,6,48,0,9,22,4,35,14,27,32,10,83,4,0,4,87
05/31/2017,BRO,TX,ASW,CE,Federal Contract Tower,13,16,5,0,34,0,0,7,0,7,13,16,12,0,41,0,0,0,41
06/01/2017,BRO,TX,ASW,CE,Federal Contract Tower,14,18,11,3,46,0,7,17,0,24,14,25,28,3,70,0,2,2,72
06/02/2017,BRO,TX,ASW,CE,Federal Contract Tower,10,14,10,0,34,0,3,16,0,19,10,17,26,0,53,0,0,0,53
06/03/2017,BRO,TX,ASW,CE,Federal Contract Tower,4,15,8,8,35,0,12,14,0,26,4,27,22,8,61,0,6,6,67
06/04/2017,BRO,TX,ASW,CE,Federal Contract Tower,4,13,8,0,25,0,8,15,0,23,4,21,23,0,48,0,0,0,48
06/05/2017,BRO,TX,ASW,CE,Federal Contract Tower,3,9,9,0,21,0,0,11,4,15,3,9,20,4,36,0,22,22,58
06/06/2017,BRO,TX,ASW,CE,Federal Contract Tower,8,10,5,8,31,0,1,14,2,17,8,11,19,10,48,0,6,6,54
06/07/2017,BRO,TX,ASW,CE,Federal Contract Tower,13,5,9,6,33,0,8,13,0,21,13,13,22,6,54,0,0,0,54
06/08/2017,BRO,TX,ASW,CE,Federal Contract Tower,13,5,9,8,35,0,0,23,0,23,13,5,32,8,58,0,0,0,58
06/09/2017,BRO,TX,ASW,CE,Federal Contract Tower,13,7,12,2,34,0,5,31,0,36,13,12,43,2,70,0,0,0,70
06/10/2017,BRO,TX,ASW,CE,Federal Contract Tower,8,8,12,2,30,0,9,27,0,36,8,17,39,2,66,98,2,100,166
06/11/2017,BRO,TX,ASW,CE,Federal Contract Tower,8,10,10,0,28,0,2,14,0,16,8,12,24,0,44,0,0,0,44
06/12/2017,BRO,TX,ASW,CE,Federal Contract Tower,8,7,9,12,36,0,2,7,0,9,8,9,16,12,45,30,10,40,85
06/13/2017,BRO,TX,ASW,CE,Federal Contract Tower,9,7,8,2,26,0,2,14,7,23,9,9,22,9,49,24,84,108,157
06/14/2017,BRO,TX,ASW,CE,Federal Contract Tower,11,10,14,2,37,0,6,10,5,21,11,16,24,7,58,0,90,90,148
06/15/2017,BRO,TX,ASW,CE,Federal Contract Tower,13,14,7,4,38,0,2,25,0,27,13,16,32,4,65,0,5,5,70
06/16/2017,BRO,TX,ASW,CE,Federal Contract Tower,14,12,13,0,39,0,1,9,0,10,14,13,22,0,49,0,0,0,49
06/17/2017,BRO,TX,ASW,CE,Federal Contract Tower,7,11,12,0,30,0,3,10,0,13,7,14,22,0,43,30,0,30,73
06/18/2017,BRO,TX,ASW,CE,Federal Contract Tower,7,16,14,0,37,0,0,29,1,30,7,16,43,1,67,4,0,4,71
06/19/2017,BRO,TX,ASW,CE,Federal Contract Tower,8,9,19,2,38,0,0,17,0,17,8,9,36,2,55,60,2,62,117
06/20/2017,BRO,TX,ASW,CE,Federal Contract Tower,10,15,7,6,38,0,2,12,2,16,10,17,19,8,54,0,0,0,54
06/21/2017,BRO,TX,ASW,CE,Federal Contract Tower,10,9,15,6,40,0,9,8,4,21,10,18,23,10,61,0,88,88,149
06/22/2017,BRO,TX,ASW,CE,Federal Contract Tower,12,19,6,0,37,0,1,10,2,13,12,20,16,2,50,0,78,78,128
06/23/2017,BRO,TX,ASW,CE,Federal Contract Tower,12,16,20,0,48,0,0,16,2,18,12,16,36,2,66,0,0,0,66
06/24/2017,BRO,TX,ASW,CE,Federal Contract Tower,7,11,13,1,32,0,6,24,1,31,7,17,37,2,63,0,0,0,63
06/25/2017,BRO,TX,ASW,CE,Federal Contract Tower,9,15,8,0,32,0,8,15,0,23,9,23,23,0,55,0,0,0,55
06/26/2017,BRO,TX,ASW,CE,Federal Contract Tower,12,11,10,16,49,0,0,13,0,13,12,11,23,16,62,0,16,16,78
06/27/2017,BRO,TX,ASW,CE,Federal Contract Tower,11,17,7,4,39,0,0,7,0,7,11,17,14,4,46,0,2,2,48
06/28/2017,BRO,TX,ASW,CE,Federal Contract Tower,12,15,15,6,48,0,3,8,6,17,12,18,23,12,65,10,52,62,127
06/29/2017,BRO,TX,ASW,CE,Federal Contract Tower,13,16,18,4,51,0,5,19,0,24,13,21,37,4,75,0,4,4,79
06/30/2017,BRO,TX,ASW,CE,Federal Contract Tower,12,28,9,6,55,0,0,18,2,20,12,28,27,8,75,0,6,6,81
07/01/2017,BRO,TX,ASW,CE,Federal Contract Tower,6,18,10,1,35,0,1,31,0,32,6,19,41,1,67,14,0,14,81
07/02/2017,BRO,TX,ASW,CE,Federal Contract Tower,6,18,26,0,50,0,1,40,0,41,6,19,66,0,91,0,0,0,91
07/03/2017,BRO,TX,ASW,CE,Federal Contract Tower,6,16,6,0,28,0,0,16,0,16,6,16,22,0,44,0,0,0,44
07/04/2017,BRO,TX,ASW,CE,Federal Contract Tower,5,5,7,0,17,0,6,6,0,12,5,11,13,0,29,0,0,0,29
07/05/2017,BRO,TX,ASW,CE,Federal Contract Tower,10,25,16,2,53,0,9,17,4,30,10,34,33,6,83,4,70,74,157
07/06/2017,BRO,TX,ASW,CE,Federal Contract Tower,7,21,16,2,46,0,9,17,0,26,7,30,33,2,72,0,2,2,74
07/07/2017,BRO,TX,ASW,CE,Federal Contract Tower,10,25,17,3,55,0,0,11,4,15,10,25,28,7,70,0,66,66,136
07/08/2017,BRO,TX,ASW,CE,Federal Contract Tower,7,9,9,2,27,0,16,19,0,35,7,25,28,2,62,2,2,4,66
07/09/2017,BRO,TX,ASW,CE,Federal Contract Tower,7,28,19,0,54,0,8,18,0,26,7,36,37,0,80,0,0,0,80
07/10/2017,BRO,TX,ASW,CE,Federal Contract Tower,4,22,13,6,45,0,0,12,2,14,4,22,25,8,59,0,4,4,63
07/11/2017,BRO,TX,ASW,CE,Federal Contract Tower,6,20,22,2,50,0,4,18,6,28,6,24,40,8,78,0,62,62,140
07/12/2017,BRO,TX,ASW,CE,Federal Contract Tower,9,21,9,10,49,0,1,6,11,18,9,22,15,21,67,0,12,12,79
07/13/2017,BRO,TX,ASW,CE,Federal Contract Tower,10,17,16,6,49,0,12,17,0,29,10,29,33,6,78,4,4,8,86
07/14/2017,BRO,TX,ASW,CE,Federal Contract Tower,12,26,26,2,66,0,2,29,2,33,12,28,55,4,99,0,62,62,161
07/15/2017,BRO,TX,ASW,CE,Federal Contract Tower,7,16,12,1,36,0,10,24,2,36,7,26,36,3,72,0,0,0,72
07/16/2017,BRO,TX,ASW,CE,Federal Contract Tower,6,46,27,0,79,0,8,16,0,24,6,54,43,0,103,2,0,2,105
07/17/2017,BRO,TX,ASW,CE,Federal Contract Tower,4,19,13,0,36,0,0,16,0,16,4,19,29,0,52,0,0,0,52
07/18/2017,BRO,TX,ASW,CE,Federal Contract Tower,6,20,19,2,47,0,1,15,2,18,6,21,34,4,65,4,74,78,143
07/19/2017,BRO,TX,ASW,CE,Federal Contract Tower,11,19,20,4,54,0,4,13,15,32,11,23,33,19,86,0,166,166,252
07/20/2017,BRO,TX,ASW,CE,Federal Contract Tower,10,29,27,4,70,0,5,22,0,27,10,34,49,4,97,0,4,4,101
07/21/2017,BRO,TX,ASW,CE,Federal Contract Tower,12,46,30,0,88,0,2,33,2,37,12,48,63,2,125,0,0,0,125
07/22/2017,BRO,TX,ASW,CE,Federal Contract Tower,9,17,16,4,46,0,6,30,5,41,9,23,46,9,87,0,64,64,151
07/23/2017,BRO,TX,ASW,CE,Federal Contract Tower,5,31,36,6,78,0,6,30,0,36,5,37,66,6,114,2,6,8,122
07/24/2017,BRO,TX,ASW,CE,Federal Contract Tower,7,36,17,6,66,0,0,24,0,24,7,36,41,6,90,4,6,10,100
07/25/2017,BRO,TX,ASW,CE,Federal Contract Tower,7,20,17,2,46,0,0,23,2,25,7,20,40,4,71,4,10,14,85
07/26/2017,BRO,TX,ASW,CE,Federal Contract Tower,10,39,15,10,74,0,5,20,4,29,10,44,35,14,103,10,24,34,137
07/27/2017,BRO,TX,ASW,CE,Federal Contract Tower,10,23,22,14,69,0,0,22,4,26,10,23,44,18,95,2,126,128,223
07/28/2017,BRO,TX,ASW,CE,Federal Contract Tower,13,25,23,4,65,0,1,35,15,51,13,26,58,19,116,0,94,94,210
07/29/2017,BRO,TX,ASW,CE,Federal Contract Tower,9,19,8,12,48,0,6,23,0,29,9,25,31,12,77,0,12,12,89
07/30/2017,BRO,TX,ASW,CE,Federal Contract Tower,6,49,43,0,98,0,5,32,0,37,6,54,75,0,135,2,0,2,137
07/31/2017,BRO,TX,ASW,CE,Federal Contract Tower,9,34,35,2,80,0,0,25,0,25,9,34,60,2,105,52,0,52,157
08/01/2017,BRO,TX,ASW,CE,Federal Contract Tower,5,37,4,2,48,0,0,12,3,15,5,37,16,5,63,14,26,40,103
08/02/2017,BRO,TX,ASW,CE,Federal Contract Tower,8,21,18,6,53,0,9,23,6,38,8,30,41,12,91,0,88,88,179
08/03/2017,BRO,TX,ASW,CE,Federal Contract Tower,12,41,7,5,65,0,0,47,6,53,12,41,54,11,118,0,70,70,188
08/04/2017,BRO,TX,ASW,CE,Federal Contract Tower,14,44,14,5,77,0,2,25,7,34,14,46,39,12,111,0,78,78,189
08/05/2017,BRO,TX,ASW,CE,Federal Contract Tower,9,23,14,6,52,0,7,31,0,38,9,30,45,6,90,0,6,6,96
08/06/2017,BRO,TX,ASW,CE,Federal Contract Tower,5,33,27,0,65,0,6,11,0,17,5,39,38,0,82,6,0,6,88
08/07/2017,BRO,TX,ASW,CE,Federal Contract Tower,3,9,12,7,31,0,2,12,5,19,3,11,24,12,50,4,68,72,122
08/08/2017,BRO,TX,ASW,CE,Federal Contract Tower,15,18,11,28,72,0,4,10,4,18,15,22,21,32,90,8,66,74,164
08/09/2017,BRO,TX,ASW,CE,Federal Contract Tower,9,22,8,16,55,0,5,16,4,25,9,27,24,20,80,10,32,42,122
08/10/2017,BRO,TX,ASW,CE,Federal Contract Tower,8,27,5,9,49,0,2,5,0,7,8,29,10,9,56,0,8,8,64
08/11/2017,BRO,TX,ASW,CE,Federal Contract Tower,14,25,23,4,66,0,6,23,0,29,14,31,46,4,95,2,4,6,101
08/12/2017,BRO,TX,ASW,CE,Federal Contract Tower,8,11,9,0,28,0,6,27,0,33,8,17,36,0,61,0,0,0,61
08/13/2017,BRO,TX,ASW,CE,Federal Contract Tower,6,27,12,0,45,0,6,16,0,22,6,33,28,0,67,0,0,0,67
08/14/2017,BRO,TX,ASW,CE,Federal Contract Tower,8,12,7,8,35,0,0,11,0,11,8,12,18,8,46,0,8,8,54
08/15/2017,BRO,TX,ASW,CE,Federal Contract Tower,6,15,3,28,52,0,4,11,1,16,6,19,14,29,68,0,0,0,68
08/16/2017,BRO,TX,ASW,CE,Federal Contract Tower,15,4,11,18,48,0,7,6,0,13,15,11,17,18,61,0,0,0,61
08/17/2017,BRO,TX,ASW,CE,Federal Contract Tower,13,12,7,10,42,0,4,25,0,29,13,16,32,10,71,8,10,18,89
08/18/2017,BRO,TX,ASW,CE,Federal Contract Tower,16,25,5,0,46,0,2,16,2,20,16,27,21,2,66,10,70,80,146
08/19/2017,BRO,TX,ASW,CE,Federal Contract Tower,9,10,10,4,33,0,17,10,0,27,9,27,20,4,60,0,4,4,64
08/20/2017,BRO,TX,ASW,CE,Federal Contract Tower,8,14,11,4,37,0,0,20,0,20,8,14,31,4,57,0,4,4,61
08/21/2017,BRO,TX,ASW,CE,Federal Contract Tower,7,16,3,6,32,0,2,13,2,17,7,18,16,8,49,0,50,50,99
08/22/2017,BRO,TX,ASW,CE,Federal Contract Tower,9,20,5,12,46,0,16,7,0,23,9,36,12,12,69,12,0,12,81
08/23/2017,BRO,TX,ASW,CE,Federal Contract Tower,20,12,11,6,49,0,15,10,0,25,20,27,21,6,74,12,2,14,88
08/24/2017,BRO,TX,ASW,CE,Federal Contract Tower,12,13,11,0,36,0,0,6,0,6,12,13,17,0,42,0,0,0,42
08/25/2017,BRO,TX,ASW,CE,Federal Contract Tower,1,1,0,0,2,0,0,0,2,2,1,1,0,2,4,0,0,0,4
08/26/2017,BRO,TX,ASW,CE,Federal Contract Tower,0,0,4,0,4,0,0,8,4,12,0,0,12,4,16,0,0,0,16
08/27/2017,BRO,TX,ASW,CE,Federal Contract Tower,6,14,3,0,23,0,0,6,0,6,6,14,9,0,29,0,0,0,29
08/28/2017,BRO,TX,ASW,CE,Federal Contract Tower,12,6,3,0,21,0,4,12,0,16,12,10,15,0,37,0,0,0,37
08/29/2017,BRO,TX,ASW,CE,Federal Contract Tower,11,14,5,0,30,0,1,21,0,22,11,15,26,0,52,10,0,10,62
08/30/2017,BRO,TX,ASW,CE,Federal Contract Tower,12,13,11,0,36,0,1,20,0,21,12,14,31,0,57,0,0,0,57
08/31/2017,BRO,TX,ASW,CE,Federal Contract Tower,13,12,17,0,42,0,0,21,0,21,13,12,38,0,63,0,0,0,63
09/01/2017,BRO,TX,ASW,CE,Federal Contract Tower,12,13,14,0,39,0,5,23,0,28,12,18,37,0,67,14,0,14,81
09/02/2017,BRO,TX,ASW,CE,Federal Contract Tower,8,8,6,0,22,0,2,28,0,30,8,10,34,0,52,0,0,0,52
09/03/2017,BRO,TX,ASW,CE,Federal Contract Tower,7,4,5,0,16,0,0,18,0,18,7,4,23,0,34,0,0,0,34
09/04/2017,BRO,TX,ASW,CE,Federal Contract Tower,8,18,14,0,40,0,2,7,0,9,8,20,21,0,49,2,0,2,51
09/05/2017,BRO,TX,ASW,CE,Federal Contract Tower,6,10,5,10,31,0,4,5,0,9,6,14,10,10,40,0,10,10,50
09/06/2017,BRO,TX,ASW,CE,Federal Contract Tower,10,24,12,42,88,0,2,7,5,14,10,26,19,47,102,10,52,62,164
09/07/2017,BRO,TX,ASW,CE,Federal Contract Tower,13,13,13,7,46,0,2,14,12,28,13,15,27,19,74,6,76,82,156
09/08/2017,BRO,TX,ASW,CE,Federal Contract Tower,10,12,3,0,25,0,0,0,0,0,10,12,3,0,25,0,0,0,25
09/09/2017,BRO,TX,ASW,CE,Federal Contract Tower,7,11,0,19,37,0,10,2,0,12,7,21,2,19,49,10,2,12,61
09/10/2017,BRO,TX,ASW,CE,Federal Contract Tower,7,10,12,2,31,0,2,7,0,9,7,12,19,2,40,10,2,12,52
09/11/2017,BRO,TX,ASW,CE,Federal Contract Tower,9,11,4,11,35,0,0,14,5,19,9,11,18,16,54,0,146,146,200
09/12/2017,BRO,TX,ASW,CE,Federal Contract Tower,7,10,12,16,45,0,0,16,15,31,7,10,28,31,76,22,178,200,276
09/13/2017,BRO,TX,ASW,CE,Federal Contract Tower,11,10,7,8,36,0,9,7,0,16,11,19,14,8,52,50,0,50,102
09/14/2017,BRO,TX,ASW,CE,Federal Contract Tower,6,23,10,8,47,0,1,14,8,23,6,24,24,16,70,0,190,190,260
09/15/2017,BRO,TX,ASW,CE,Federal Contract Tower,6,27,9,5,47,0,11,21,14,46,6,38,30,19,93,0,88,88,181
09/16/2017,BRO,TX,ASW,CE,Federal Contract Tower,6,8,0,9,23,0,18,0,0,18,6,26,0,9,41,0,0,0,41
09/17/2017,BRO,TX,ASW,CE,Federal Contract Tower,8,20,6,0,34,0,3,3,0,6,8,23,9,0,40,0,0,0,40
09/18/2017,BRO,TX,ASW,CE,Federal Contract Tower,8,16,14,14,52,0,1,9,6,16,8,17,23,20,68,0,78,78,146
09/19/2017,BRO,TX,ASW,CE,Federal Contract Tower,5,13,4,17,39,0,3,5,5,13,5,16,9,22,52,4,66,70,122
09/20/2017,BRO,TX,ASW,CE,Federal Contract Tower,11,17,1,19,48,0,1,10,0,11,11,18,11,19,59,0,2,2,61
09/21/2017,BRO,TX,ASW,CE,Federal Contract Tower,11,14,8,9,42,0,5,8,8,21,11,19,16,17,63,22,108,130,193
09/22/2017,BRO,TX,ASW,CE,Federal Contract Tower,11,19,4,8,42,0,10,13,9,32,11,29,17,17,74,32,92,124,198
09/23/2017,BRO,TX,ASW,CE,Federal Contract Tower,6,2,6,8,22,0,4,6,0,10,6,6,12,8,32,0,8,8,40
09/24/2017,BRO,TX,ASW,CE,Federal Contract Tower,9,16,6,0,31,0,10,2,2,14,9,26,8,2,45,40,0,40,85
09/25/2017,BRO,TX,ASW,CE,Federal Contract Tower,8,17,4,8,37,0,0,10,1,11,8,17,14,9,48,2,18,20,68
09/26/2017,BRO,TX,ASW,CE,Federal Contract Tower,6,12,10,27,55,0,1,14,17,32,6,13,24,44,87,10,222,232,319
09/27/2017,BRO,TX,ASW,CE,Federal Contract Tower,11,14,1,15,41,0,3,11,4,18,11,17,12,19,59,20,114,134,193
09/28/2017,BRO,TX,ASW,CE,Federal Contract Tower,12,21,9,11,53,0,7,7,0,14,12,28,16,11,67,0,6,6,73
09/29/2017,BRO,TX,ASW,CE,Federal Contract Tower,8,22,4,0,34,0,6,7,9,22,8,28,11,9,56,14,16,30,86
09/30/2017,BRO,TX,ASW,CE,Federal Contract Tower,5,12,0,4,21,0,1,2,0,3,5,13,2,4,24,0,4,4,28
10/01/2017,BRO,TX,ASW,CE,Federal Contract Tower,7,17,6,0,30,0,0,6,0,6,7,17,12,0,36,0,0,0,36
10/02/2017,BRO,TX,ASW,CE,Federal Contract Tower,7,15,8,6,36,0,4,9,4,17,7,19,17,10,53,0,68,68,121
10/03/2017,BRO,TX,ASW,CE,Federal Contract Tower,6,15,4,10,35,0,0,11,2,13,6,15,15,12,48,20,20,40,88
10/04/2017,BRO,TX,ASW,CE,Federal Contract Tower,8,10,3,16,37,0,2,4,2,8,8,12,7,18,45,0,8,8,53
10/05/2017,BRO,TX,ASW,CE,Federal Contract Tower,13,13,15,11,52,0,1,7,0,8,13,14,22,11,60,0,4,4,64
10/06/2017,BRO,TX,ASW,CE,Federal Contract Tower,9,21,9,4,43,0,7,8,0,15,9,28,17,4,58,0,0,0,58
10/07/2017,BRO,TX,ASW,CE,Federal Contract Tower,5,11,6,6,28,0,0,0,0,0,5,11,6,6,28,0,40,40,68
10/08/2017,BRO,TX,ASW,CE,Federal Contract Tower,6,17,8,0,31,0,6,6,0,12,6,23,14,0,43,2,0,2,45
10/09/2017,BRO,TX,ASW,CE,Federal Contract Tower,5,19,11,0,35,0,0,11,0,11,5,19,22,0,46,0,0,0,46
10/10/2017,BRO,TX,ASW,CE,Federal Contract Tower,9,8,21,3,41,0,2,6,2,10,9,10,27,5,51,0,0,0,51
10/11/2017,BRO,TX,ASW,CE,Federal Contract Tower,7,11,6,0,24,0,0,1,0,1,7,11,7,0,25,0,0,0,25
10/12/2017,BRO,TX,ASW,CE,Federal Contract Tower,11,16,11,6,44,0,14,6,0,20,11,30,17,6,64,0,0,0,64
10/13/2017,BRO,TX,ASW,CE,Federal Contract Tower,9,21,4,2,36,0,11,5,28,44,9,32,9,30,80,20,0,20,100
10/14/2017,BRO,TX,ASW,CE,Federal Contract Tower,5,25,7,4,41,0,8,17,2,27,5,33,24,6,68,0,38,38,106
10/15/2017,BRO,TX,ASW,CE,Federal Contract Tower,6,13,7,2,28,0,2,19,0,21,6,15,26,2,49,30,2,32,81
10/16/2017,BRO,TX,ASW,CE,Federal Contract Tower,10,14,4,13,41,0,2,48,2,52,10,16,52,15,93,0,74,74,167
10/17/2017,BRO,TX,ASW,CE,Federal Contract Tower,11,10,7,6,34,0,2,35,0,37,11,12,42,6,71,0,6,6,77
10/18/2017,BRO,TX,ASW,CE,Federal Contract Tower,6,13,6,8,33,0,9,37,0,46,6,22,43,8,79,0,10,10,89
10/19/2017,BRO,TX,ASW,CE,Federal Contract Tower,9,20,10,2,41,0,25,38,0,63,9,45,48,2,104,36,0,36,140
10/20/2017,BRO,TX,ASW,CE,Federal Contract Tower,7,21,2,2,32,0,6,20,0,26,7,27,22,2,58,0,0,0,58
10/21/2017,BRO,TX,ASW,CE,Federal Contract Tower,5,10,5,0,20,0,0,0,0,0,5,10,5,0,20,0,0,0,20
10/22/2017,BRO,TX,ASW,CE,Federal Contract Tower,6,14,8,0,28,0,1,3,0,4,6,15,11,0,32,0,0,0,32
10/23/2017,BRO,TX,ASW,CE,Federal Contract Tower,11,12,8,12,43,0,5,19,0,24,11,17,27,12,67,18,12,30,97
10/24/2017,BRO,TX,ASW,CE,Federal Contract Tower,11,13,7,6,37,0,2,6,0,8,11,15,13,6,45,0,6,6,51
10/25/2017,BRO,TX,ASW,CE,Federal Contract Tower,9,10,5,24,48,0,8,13,2,23,9,18,18,26,71,20,76,96,167
10/26/2017,BRO,TX,ASW,CE,Federal Contract Tower,6,20,12,26,64,0,1,19,2,22,6,21,31,28,86,24,78,102,188
10/27/2017,BRO,TX,ASW,CE,Federal Contract Tower,8,14,6,4,32,0,6,11,2,19,8,20,17,6,51,0,32,32,83
10/28/2017,BRO,TX,ASW,CE,Federal Contract Tower,4,8,1,6,19,0,9,9,0,18,4,17,10,6,37,0,0,0,37
10/29/2017,BRO,TX,ASW,CE,Federal Contract Tower,12,12,12,0,36,0,2,7,0,9,12,14,19,0,45,10,0,10,55
10/30/2017,BRO,TX,ASW,CE,Federal Contract Tower,15,8,3,8,34,0,0,12,16,28,15,8,15,24,62,0,132,132,194
10/31/2017,BRO,TX,ASW,CE,Federal Contract Tower,17,8,2,22,49,0,0,11,0,11,17,8,13,22,60,0,20,20,80
11/01/2017,BRO,TX,ASW,CE,Federal Contract Tower,18,22,10,22,72,0,8,17,9,34,18,30,27,31,106,0,154,154,260
11/02/2017,BRO,TX,ASW,CE,Federal Contract Tower,13,27,14,8,62,0,8,18,2,28,13,35,32,10,90,10,4,14,104
11/03/2017,BRO,TX,ASW,CE,Federal Contract Tower,12,22,10,5,49,0,6,6,0,12,12,28,16,5,61,0,10,10,71
11/04/2017,BRO,TX,ASW,CE,Federal Contract Tower,8,11,1,8,28,0,9,17,0,26,8,20,18,8,54,30,0,30,84
11/05/2017,BRO,TX,ASW,CE,Federal Contract Tower,8,23,4,0,35,0,6,13,0,19,8,29,17,0,54,24,0,24,78
11/06/2017,BRO,TX,ASW,CE,Federal Contract Tower,12,21,4,26,63,0,3,15,10,28,12,24,19,36,91,32,30,62,153
11/07/2017,BRO,TX,ASW,CE,Federal Contract Tower,18,15,9,17,59,0,3,18,8,29,18,18,27,25,88,12,112,124,212
11/08/2017,BRO,TX,ASW,CE,Federal Contract Tower,16,12,7,16,51,0,8,8,0,16,16,20,15,16,67,0,8,8,75
11/09/2017,BRO,TX,ASW,CE,Federal Contract Tower,15,18,7,8,48,0,4,6,0,10,15,22,13,8,58,24,4,28,86
11/10/2017,BRO,TX,ASW,CE,Federal Contract Tower,14,24,8,4,50,0,1,2,0,3,14,25,10,4,53,6,0,6,59
11/11/2017,BRO,TX,ASW,CE,Federal Contract Tower,7,14,1,0,22,0,1,6,0,7,7,15,7,0,29,20,0,20,49
11/12/2017,BRO,TX,ASW,CE,Federal Contract Tower,8,24,13,0,45,0,5,5,0,10,8,29,18,0,55,10,0,10,65
11/13/2017,BRO,TX,ASW,CE,Federal Contract Tower,17,18,12,8,55,0,1,8,6,15,17,19,20,14,70,0,14,14,84
11/14/2017,BRO,TX,ASW,CE,Federal Contract Tower,15,13,6,20,54,0,3,17,2,22,15,16,23,22,76,0,20,20,96
11/15/2017,BRO,TX,ASW,CE,Federal Contract Tower,16,8,13,4,41,0,6,24,0,30,16,14,37,4,71,6,4,10,81
11/16/2017,BRO,TX,ASW,CE,Federal Contract Tower,13,26,20,0,59,0,6,15,0,21,13,32,35,0,80,20,0,20,100
11/17/2017,BRO,TX,ASW,CE,Federal Contract Tower,11,27,9,2,49,0,4,15,15,34,11,31,24,17,83,0,58,58,141
11/18/2017,BRO,TX,ASW,CE,Federal Contract Tower,6,18,2,2,28,0,22,20,0,42,6,40,22,2,70,12,0,12,82
11/19/2017,BRO,TX,ASW,CE,Federal Contract Tower,8,11,2,0,21,0,5,3,0,8,8,16,5,0,29,20,0,20,49
11/20/2017,BRO,TX,ASW,CE,Federal Contract Tower,8,13,11,10,42,0,3,7,7,17,8,16,18,17,59,0,136,136,195
11/21/2017,BRO,TX,ASW,CE,Federal Contract Tower,18,18,14,8,58,0,9,11,4,24,18,27,25,12,82,10,4,14,96
11/22/2017,BRO,TX,ASW,CE,Federal Contract Tower,13,20,10,2,45,0,0,13,0,13,13,20,23,2,58,0,2,2,60
11/23/2017,BRO,TX,ASW,CE,Federal Contract Tower,6,17,1,0,24,0,3,3,0,6,6,20,4,0,30,10,0,10,40
11/24/2017,BRO,TX,ASW,CE,Federal Contract Tower,7,18,0,0,25,0,4,3,0,7,7,22,3,0,32,0,0,0,32
11/25/2017,BRO,TX,ASW,CE,Federal Contract Tower,11,16,5,0,32,0,2,12,0,14,11,18,17,0,46,0,0,0,46
11/26/2017,BRO,TX,ASW,CE,Federal Contract Tower,11,18,14,0,43,0,8,13,0,21,11,26,27,0,64,42,0,42,106
11/27/2017,BRO,TX,ASW,CE,Federal Contract Tower,8,9,5,18,40,0,2,15,11,28,8,11,20,29,68,10,184,194,262
11/28/2017,BRO,TX,ASW,CE,Federal Contract Tower,14,12,3,14,43,0,2,8,4,14,14,14,11,18,57,16,82,98,155
11/29/2017,BRO,TX,ASW,CE,Federal Contract Tower,10,11,3,2,26,0,3,10,0,13,10,14,13,2,39,42,2,44,83
11/30/2017,BRO,TX,ASW,CE,Federal Contract Tower,13,14,9,2,38,0,0,18,0,18,13,14,27,2,56,16,2,18,74
12/01/2017,BRO,TX,ASW,CE,Federal Contract Tower,11,16,4,4,35,0,6,6,8,20,11,22,10,12,55,0,44,44,99
12/02/2017,BRO,TX,ASW,CE,Federal Contract Tower,8,13,2,2,25,0,10,4,0,14,8,23,6,2,39,0,0,0,39
12/03/2017,BRO,TX,ASW,CE,Federal Contract Tower,9,11,8,8,36,0,2,5,0,7,9,13,13,8,43,0,0,0,43
12/04/2017,BRO,TX,ASW,CE,Federal Contract Tower,10,11,10,9,40,0,0,11,8,19,10,11,21,17,59,26,88,114,173
12/05/2017,BRO,TX,ASW,CE,Federal Contract Tower,12,10,15,14,51,0,0,10,0,10,12,10,25,14,61,42,10,52,113
12/06/2017,BRO,TX,ASW,CE,Federal Contract Tower,12,19,10,20,61,0,0,0,0,0,12,19,10,20,61,0,12,12,73
12/07/2017,BRO,TX,ASW,CE,Federal Contract Tower,16,11,4,0,31,0,0,0,0,0,16,11,4,0,31,0,0,0,31
12/08/2017,BRO,TX,ASW,CE,Federal Contract Tower,4,14,3,0,21,0,1,1,0,2,4,15,4,0,23,0,0,0,23
12/09/2017,BRO,TX,ASW,CE,Federal Contract Tower,11,9,1,0,21,0,5,3,0,8,11,14,4,0,29,0,0,0,29
12/10/2017,BRO,TX,ASW,CE,Federal Contract Tower,11,4,5,2,22,0,4,7,0,11,11,8,12,2,33,26,0,26,59
12/11/2017,BRO,TX,ASW,CE,Federal Contract Tower,11,13,21,10,55,0,0,19,12,31,11,13,40,22,86,20,190,210,296
12/12/2017,BRO,TX,ASW,CE,Federal Contract Tower,22,16,7,8,53,0,2,15,0,17,22,18,22,8,70,6,8,14,84
12/13/2017,BRO,TX,ASW,CE,Federal Contract Tower,12,26,2,12,52,0,13,12,0,25,12,39,14,12,77,0,0,0,77
12/14/2017,BRO,TX,ASW,CE,Federal Contract Tower,15,16,6,10,47,0,10,18,0,28,15,26,24,10,75,2,10,12,87
12/15/2017,BRO,TX,ASW,CE,Federal Contract Tower,11,11,1,0,23,0,5,4,4,13,11,16,5,4,36,0,34,34,70
12/16/2017,BRO,TX,ASW,CE,Federal Contract Tower,8,23,1,0,32,0,0,0,0,0,8,23,1,0,32,0,0,0,32
12/17/2017,BRO,TX,ASW,CE,Federal Contract Tower,8,12,0,0,20,0,0,3,0,3,8,12,3,0,23,0,0,0,23
12/18/2017,BRO,TX,ASW,CE,Federal Contract Tower,13,26,13,6,58,0,0,4,3,7,13,26,17,9,65,0,52,52,117
12/19/2017,BRO,TX,ASW,CE,Federal Contract Tower,10,21,13,4,48,0,1,6,0,7,10,22,19,4,55,0,4,4,59
12/20/2017,BRO,TX,ASW,CE,Federal Contract Tower,7,20,8,0,35,0,4,8,0,12,7,24,16,0,47,2,0,2,49
12/21/2017,BRO,TX,ASW,CE,Federal Contract Tower,11,18,6,10,45,0,5,6,8,19,11,23,12,18,64,4,128,132,196
12/22/2017,BRO,TX,ASW,CE,Federal Contract Tower,7,17,5,2,31,0,2,6,0,8,7,19,11,2,39,0,2,2,41
12/23/2017,BRO,TX,ASW,CE,Federal Contract Tower,9,7,0,0,16,0,2,5,0,7,9,9,5,0,23,0,0,0,23
12/24/2017,BRO,TX,ASW,CE,Federal Contract Tower,5,8,0,0,13,0,1,3,0,4,5,9,3,0,17,0,0,0,17
12/25/2017,BRO,TX,ASW,CE,Federal Contract Tower,6,23,14,0,43,0,0,1,0,1,6,23,15,0,44,0,0,0,44
12/26/2017,BRO,TX,ASW,CE,Federal Contract Tower,5,25,31,0,61,0,0,5,0,5,5,25,36,0,66,0,0,0,66
12/27/2017,BRO,TX,ASW,CE,Federal Contract Tower,10,30,10,0,50,0,0,0,0,0,10,30,10,0,50,0,0,0,50
12/28/2017,BRO,TX,ASW,CE,Federal Contract Tower,9,14,17,0,40,0,0,0,0,0,9,14,17,0,40,0,0,0,40
12/29/2017,BRO,TX,ASW,CE,Federal Contract Tower,7,15,14,0,36,0,0,0,0,0,7,15,14,0,36,0,0,0,36
12/30/2017,BRO,TX,ASW,CE,Federal Contract Tower,8,12,4,0,24,0,0,2,0,2,8,12,6,0,26,0,0,0,26
12/31/2017,BRO,TX,ASW,CE,Federal Contract Tower,4,4,2,0,10,0,0,2,0,2,4,4,4,0,12,0,0,0,12
01/01/2018,BRO,TX,ASW,CE,Federal Contract Tower,4,7,0,0,11,0,1,0,0,1,4,8,0,0,12,0,0,0,12
01/02/2018,BRO,TX,ASW,CE,Federal Contract Tower,9,33,22,0,64,0,0,0,0,0,9,33,22,0,64,0,0,0,64
01/03/2018,BRO,TX,ASW,CE,Federal Contract Tower,6,9,14,0,29,0,2,5,0,7,6,11,19,0,36,0,0,0,36
01/04/2018,BRO,TX,ASW,CE,Federal Contract Tower,10,11,6,0,27,0,5,5,0,10,10,16,11,0,37,0,0,0,37
01/05/2018,BRO,TX,ASW,CE,Federal Contract Tower,9,14,3,20,46,0,7,4,6,17,9,21,7,26,63,0,50,50,113
01/06/2018,BRO,TX,ASW,CE,Federal Contract Tower,9,7,0,10,26,0,10,7,0,17,9,17,7,10,43,0,2,2,45
01/07/2018,BRO,TX,ASW,CE,Federal Contract Tower,6,15,0,2,23,0,0,8,0,8,6,15,8,2,31,24,2,26,57
01/08/2018,BRO,TX,ASW,CE,Federal Contract Tower,13,8,1,8,30,0,5,5,0,10,13,13,6,8,40,0,22,22,62
01/09/2018,BRO,TX,ASW,CE,Federal Contract Tower,5,11,11,6,33,0,7,10,0,17,5,18,21,6,50,0,6,6,56
01/10/2018,BRO,TX,ASW,CE,Federal Contract Tower,7,17,7,12,43,0,0,8,6,14,7,17,15,18,57,0,44,44,101
01/11/2018,BRO,TX,ASW,CE,Federal Contract Tower,10,9,5,12,36,0,3,2,0,5,10,12,7,12,41,56,0,56,97
01/12/2018,BRO,TX,ASW,CE,Federal Contract Tower,13,14,8,0,35,0,0,6,0,6,13,14,14,0,41,0,0,0,41
01/13/2018,BRO,TX,ASW,CE,Federal Contract Tower,7,17,1,4,29,0,10,10,0,20,7,27,11,4,49,0,2,2,51
01/14/2018,BRO,TX,ASW,CE,Federal Contract Tower,7,13,3,8,31,0,12,10,0,22,7,25,13,8,53,6,8,14,67
01/15/2018,BRO,TX,ASW,CE,Federal Contract Tower,5,20,4,0,29,0,3,7,0,10,5,23,11,0,39,0,0,0,39
01/16/2018,BRO,TX,ASW,CE,Federal Contract Tower,3,7,2,0,12,0,0,0,0,0,3,7,2,0,12,0,0,0,12
01/17/2018,BRO,TX,ASW,CE,Federal Contract Tower,8,15,5,0,28,0,2,2,0,4,8,17,7,0,32,0,0,0,32
01/18/2018,BRO,TX,ASW,CE,Federal Contract Tower,14,11,13,0,38,0,6,0,0,6,14,17,13,0,44,0,0,0,44
01/19/2018,BRO,TX,ASW,CE,Federal Contract Tower,11,13,9,2,35,0,0,0,0,0,11,13,9,2,35,0,0,0,35
01/20/2018,BRO,TX,ASW,CE,Federal Contract Tower,10,7,0,4,21,0,3,3,0,6,10,10,3,4,27,10,0,10,37
01/21/2018,BRO,TX,ASW,CE,Federal Contract Tower,7,20,7,0,34,0,2,2,0,4,7,22,9,0,38,0,0,0,38
01/22/2018,BRO,TX,ASW,CE,Federal Contract Tower,8,13,3,10,34,0,0,4,0,4,8,13,7,10,38,0,10,10,48
01/23/2018,BRO,TX,ASW,CE,Federal Contract Tower,10,14,9,10,43,0,2,6,6,14,10,16,15,16,57,0,112,112,169
01/24/2018,BRO,TX,ASW,CE,Federal Contract Tower,10,26,4,0,40,0,5,7,0,12,10,31,11,0,52,12,0,12,64
01/25/2018,BRO,TX,ASW,CE,Federal Contract Tower,13,15,9,8,45,0,0,4,7,11,13,15,13,15,56,0,114,114,170
01/26/2018,BRO,TX,ASW,CE,Federal Contract Tower,9,15,5,2,31,0,0,4,4,8,9,15,9,6,39,12,52,64,103
01/27/2018,BRO,TX,ASW,CE,Federal Contract Tower,6,12,0,0,18,0,0,4,0,4,6,12,4,0,22,0,0,0,22
01/28/2018,BRO,TX,ASW,CE,Federal Contract Tower,7,16,1,0,24,0,0,2,0,2,7,16,3,0,26,0,0,0,26
01/29/2018,BRO,TX,ASW,CE,Federal Contract Tower,9,11,9,7,36,0,5,16,5,26,9,16,25,12,62,10,64,74,136
01/30/2018,BRO,TX,ASW,CE,Federal Contract Tower,12,12,8,6,38,0,0,11,12,23,12,12,19,18,61,0,140,140,201
01/31/2018,BRO,TX,ASW,CE,Federal Contract Tower,6,10,15,10,41,0,2,17,0,19,6,12,32,10,60,24,10,34,94
02/01/2018,BRO,TX,ASW,CE,Federal Contract Tower,10,32,10,4,56,0,7,13,0,20,10,39,23,4,76,0,4,4,80
02/02/2018,BRO,TX,ASW,CE,Federal Contract Tower,13,40,10,6,69,0,0,4,0,4,13,40,14,6,73,0,6,6,79
02/03/2018,BRO,TX,ASW,CE,Federal Contract Tower,4,18,7,0,29,0,0,7,0,7,4,18,14,0,36,0,0,0,36
02/04/2018,BRO,TX,ASW,CE,Federal Contract Tower,9,7,6,0,22,0,8,12,0,20,9,15,18,0,42,0,0,0,42
02/05/2018,BRO,TX,ASW,CE,Federal Contract Tower,12,37,10,0,59,0,1,1,0,2,12,38,11,0,61,0,0,0,61
02/06/2018,BRO,TX,ASW,CE,Federal Contract Tower,4,20,8,10,42,0,4,6,0,10,4,24,14,10,52,0,10,10,62
02/07/2018,BRO,TX,ASW,CE,Federal Contract Tower,10,4,15,14,43,0,0,2,0,2,10,4,17,14,45,0,14,14,59
02/08/2018,BRO,TX,ASW,CE,Federal Contract Tower,14,14,14,3,45,0,3,8,0,11,14,17,22,3,56,2,4,6,62
02/09/2018,BRO,TX,ASW,CE,Federal Contract Tower,12,10,11,8,41,0,0,0,0,0,12,10,11,8,41,0,8,8,49
02/10/2018,BRO,TX,ASW,CE,Federal Contract Tower,7,12,6,2,27,0,0,10,0,10,7,12,16,2,37,0,2,2,39
02/11/2018,BRO,TX,ASW,CE,Federal Contract Tower,6,14,3,2,25,0,0,0,0,0,6,14,3,2,25,0,2,2,27
02/12/2018,BRO,TX,ASW,CE,Federal Contract Tower,13,8,6,4,31,0,2,3,0,5,13,10,9,4,36,10,30,40,76
02/13/2018,BRO,TX,ASW,CE,Federal Contract Tower,7,17,10,8,42,0,0,0,0,0,7,17,10,8,42,4,8,12,54
02/14/2018,BRO,TX,ASW,CE,Federal Contract Tower,7,11,4,4,26,0,0,5,0,5,7,11,9,4,31,14,2,16,47
02/15/2018,BRO,TX,ASW,CE,Federal Contract Tower,11,12,6,10,39,0,1,8,3,12,11,13,14,13,51,0,30,30,81
02/16/2018,BRO,TX,ASW,CE,Federal Contract Tower,11,22,2,10,45,0,0,1,0,1,11,22,3,10,46,0,0,0,46
02/17/2018,BRO,TX,ASW,CE,Federal Contract Tower,6,19,2,4,31,0,0,4,0,4,6,19,6,4,35,0,10,10,45
02/18/2018,BRO,TX,ASW,CE,Federal Contract Tower,6,13,10,2,31,0,0,4,0,4,6,13,14,2,35,0,0,0,35
02/19/2018,BRO,TX,ASW,CE,Federal Contract Tower,8,10,9,10,37,0,2,2,0,4,8,12,11,10,41,0,0,0,41
02/20/2018,BRO,TX,ASW,CE,Federal Contract Tower,8,17,27,10,62,0,0,4,0,4,8,17,31,10,66,0,2,2,68
02/21/2018,BRO,TX,ASW,CE,Federal Contract Tower,10,17,12,17,56,0,8,4,2,14,10,25,16,19,70,14,16,30,100
02/22/2018,BRO,TX,ASW,CE,Federal Contract Tower,16,18,16,2,52,0,0,0,0,0,16,18,16,2,52,2,2,4,56
02/23/2018,BRO,TX,ASW,CE,Federal Contract Tower,9,29,2,6,46,0,0,3,0,3,9,29,5,6,49,0,0,0,49
02/24/2018,BRO,TX,ASW,CE,Federal Contract Tower,6,20,2,5,33,0,2,6,1,9,6,22,8,6,42,0,6,6,48
02/25/2018,BRO,TX,ASW,CE,Federal Contract Tower,6,9,7,4,26,0,0,5,0,5,6,9,12,4,31,0,2,2,33
02/26/2018,BRO,TX,ASW,CE,Federal Contract Tower,10,15,4,0,29,0,0,2,0,2,10,15,6,0,31,12,0,12,43
02/27/2018,BRO,TX,ASW,CE,Federal Contract Tower,8,9,10,12,39,0,0,20,4,24,8,9,30,16,63,22,54,76,139
02/28/2018,BRO,TX,ASW,CE,Federal Contract Tower,9,12,1,12,34,0,0,13,0,13,9,12,14,12,47,10,0,10,57
03/01/2018,BRO,TX,ASW,CE,Federal Contract Tower,10,14,8,16,48,0,7,4,2,13,10,21,12,18,61,0,88,88,149
03/02/2018,BRO,TX,ASW,CE,Federal Contract Tower,10,26,7,12,55,0,11,8,6,25,10,37,15,18,80,0,62,62,142
03/03/2018,BRO,TX,ASW,CE,Federal Contract Tower,6,27,1,13,47,0,4,11,2,17,6,31,12,15,64,10,42,52,116
03/04/2018,BRO,TX,ASW,CE,Federal Contract Tower,8,20,9,2,39,0,6,8,0,14,8,26,17,2,53,0,6,6,59
03/05/2018,BRO,TX,ASW,CE,Federal Contract Tower,14,9,6,26,55,0,1,15,4,20,14,10,21,30,75,4,110,114,189
03/06/2018,BRO,TX,ASW,CE,Federal Contract Tower,9,13,6,8,36,0,2,3,0,5,9,15,9,8,41,0,2,2,43
03/07/2018,BRO,TX,ASW,CE,Federal Contract Tower,7,22,2,6,37,0,6,17,12,35,7,28,19,18,72,20,110,130,202
03/08/2018,BRO,TX,ASW,CE,Federal Contract Tower,15,34,10,18,77,0,9,11,2,22,15,43,21,20,99,0,0,0,99
03/09/2018,BRO,TX,ASW,CE,Federal Contract Tower,14,20,2,6,42,0,5,2,0,7,14,25,4,6,49,0,0,0,49
03/10/2018,BRO,TX,ASW,CE,Federal Contract Tower,5,26,4,4,39,0,5,19,0,24,5,31,23,4,63,20,2,22,85
03/11/2018,BRO,TX,ASW,CE,Federal Contract Tower,7,13,9,2,31,0,1,10,0,11,7,14,19,2,42,0,0,0,42
03/12/2018,BRO,TX,ASW,CE,Federal Contract Tower,8,19,6,14,47,0,2,11,1,14,8,21,17,15,61,8,4,12,73
03/13/2018,BRO,TX,ASW,CE,Federal Contract Tower,7,19,12,2,40,0,1,9,0,10,7,20,21,2,50,0,0,0,50
03/14/2018,BRO,TX,ASW,CE,Federal Contract Tower,8,21,15,12,56,0,0,15,6,21,8,21,30,18,77,0,76,76,153
03/15/2018,BRO,TX,ASW,CE,Federal Contract Tower,12,25,3,13,53,0,4,7,1,12,12,29,10,14,65,54,88,142,207
03/16/2018,BRO,TX,ASW,CE,Federal Contract Tower,9,34,8,0,51,0,6,12,0,18,9,40,20,0,69,0,0,0,69
03/17/2018,BRO,TX,ASW,CE,Federal Contract Tower,6,32,12,0,50,0,6,7,0,13,6,38,19,0,63,0,0,0,63
03/18/2018,BRO,TX,ASW,CE,Federal Contract Tower,7,9,2,4,22,0,5,9,0,14,7,14,11,4,36,0,4,4,40
03/19/2018,BRO,TX,ASW,CE,Federal Contract Tower,10,29,27,6,72,0,5,16,2,23,10,34,43,8,95,24,0,24,119
03/20/2018,BRO,TX,ASW,CE,Federal Contract Tower,9,11,11,4,35,0,2,24,2,28,9,13,35,6,63,46,12,58,121
03/21/2018,BRO,TX,ASW,CE,Federal Contract Tower,10,16,2,20,48,0,4,8,6,18,10,20,10,26,66,0,122,122,188
03/22/2018,BRO,TX,ASW,CE,Federal Contract Tower,17,16,10,28,71,0,8,15,1,24,17,24,25,29,95,0,20,20,115
03/23/2018,BRO,TX,ASW,CE,Federal Contract Tower,13,44,23,19,99,0,7,18,0,25,13,51,41,19,124,0,20,20,144
03/24/2018,BRO,TX,ASW,CE,Federal Contract Tower,5,40,26,3,74,0,18,23,0,41,5,58,49,3,115,0,0,0,115
03/25/2018,BRO,TX,ASW,CE,Federal Contract Tower,6,26,22,2,56,0,4,8,0,12,6,30,30,2,68,12,0,12,80
03/26/2018,BRO,TX,ASW,CE,Federal Contract Tower,8,28,18,12,66,0,4,17,0,21,8,32,35,12,87,14,20,34,121
03/27/2018,BRO,TX,ASW,CE,Federal Contract Tower,12,24,14,21,71,0,0,12,0,12,12,24,26,21,83,0,18,18,101
03/28/2018,BRO,TX,ASW,CE,Federal Contract Tower,10,29,11,21,71,0,3,13,2,18,10,32,24,23,89,2,80,82,171
03/29/2018,BRO,TX,ASW,CE,Federal Contract Tower,8,23,20,8,59,0,7,33,4,44,8,30,53,12,103,0,70,70,173
03/30/2018,BRO,TX,ASW,CE,Federal Contract Tower,9,18,16,7,50,0,5,13,2,20,9,23,29,9,70,0,10,10,80
03/31/2018,BRO,TX,ASW,CE,Federal Contract Tower,6,28,18,0,52,0,0,30,0,30,6,28,48,0,82,4,0,4,86
04/01/2018,BRO,TX,ASW,CE,Federal Contract Tower,4,43,35,0,82,0,0,20,0,20,4,43,55,0,102,0,0,0,102
04/02/2018,BRO,TX,ASW,CE,Federal Contract Tower,10,43,38,10,101,0,5,10,0,15,10,48,48,10,116,0,4,4,120
04/03/2018,BRO,TX,ASW,CE,Federal Contract Tower,5,23,28,24,80,0,0,12,0,12,5,23,40,24,92,10,2,12,104
04/04/2018,BRO,TX,ASW,CE,Federal Contract Tower,7,25,13,6,51,0,1,0,0,1,7,26,13,6,52,2,2,4,56
04/05/2018,BRO,TX,ASW,CE,Federal Contract Tower,11,46,3,2,62,0,9,4,0,13,11,55,7,2,75,6,2,8,83
04/06/2018,BRO,TX,ASW,CE,Federal Contract Tower,7,37,6,2,52,0,3,3,0,6,7,40,9,2,58,0,0,0,58
04/07/2018,BRO,TX,ASW,CE,Federal Contract Tower,4,35,12,6,57,0,2,3,0,5,4,37,15,6,62,0,6,6,68
04/08/2018,BRO,TX,ASW,CE,Federal Contract Tower,6,42,17,0,65,0,0,9,0,9,6,42,26,0,74,0,0,0,74
04/09/2018,BRO,TX,ASW,CE,Federal Contract Tower,11,14,9,2,36,0,1,8,0,9,11,15,17,2,45,30,0,30,75
04/10/2018,BRO,TX,ASW,CE,Federal Contract Tower,10,14,7,6,37,0,0,4,0,4,10,14,11,6,41,0,6,6,47
04/11/2018,BRO,TX,ASW,CE,Federal Contract Tower,10,16,9,22,57,0,5,26,0,31,10,21,35,22,88,12,8,20,108
04/12/2018,BRO,TX,ASW,CE,Federal Contract Tower,13,15,6,10,44,0,5,7,0,12,13,20,13,10,56,0,0,0,56
04/13/2018,BRO,TX,ASW,CE,Federal Contract Tower,11,12,0,13,36,0,9,3,0,12,11,21,3,13,48,0,24,24,72
04/14/2018,BRO,TX,ASW,CE,Federal Contract Tower,4,12,0,8,24,0,4,7,4,15,4,16,7,12,39,0,0,0,39
04/15/2018,BRO,TX,ASW,CE,Federal Contract Tower,6,19,5,0,30,0,9,22,0,31,6,28,27,0,61,80,0,80,141
04/16/2018,BRO,TX,ASW,CE,Federal Contract Tower,10,9,8,20,47,0,1,10,3,14,10,10,18,23,61,10,68,78,139
04/17/2018,BRO,TX,ASW,CE,Federal Contract Tower,15,9,12,2,38,0,3,9,1,13,15,12,21,3,51,0,64,64,115
04/18/2018,BRO,TX,ASW,CE,Federal Contract Tower,8,8,8,4,28,0,4,25,3,32,8,12,33,7,60,0,70,70,130
04/19/2018,BRO,TX,ASW,CE,Federal Contract Tower,11,19,4,5,39,0,4,9,5,18,11,23,13,10,57,10,40,50,107
04/20/2018,BRO,TX,ASW,CE,Federal Contract Tower,10,27,9,2,48,0,0,26,0,26,10,27,35,2,74,42,0,42,116
04/21/2018,BRO,TX,ASW,CE,Federal Contract Tower,5,12,2,6,25,0,7,12,1,20,5,19,14,7,45,20,4,24,69
04/22/2018,BRO,TX,ASW,CE,Federal Contract Tower,6,13,8,2,29,0,3,8,0,11,6,16,16,2,40,10,2,12,52
04/23/2018,BRO,TX,ASW,CE,Federal Contract Tower,11,9,11,13,44,0,1,11,2,14,11,10,22,15,58,20,90,110,168
04/24/2018,BRO,TX,ASW,CE,Federal Contract Tower,11,8,7,12,38,0,3,19,0,22,11,11,26,12,60,20,12,32,92
04/25/2018,BRO,TX,ASW,CE,Federal Contract Tower,12,16,7,12,47,0,4,37,6,47,12,20,44,18,94,10,102,112,206
04/26/2018,BRO,TX,ASW,CE,Federal Contract Tower,12,30,8,4,54,0,10,4,0,14,12,40,12,4,68,0,0,0,68
04/27/2018,BRO,TX,ASW,CE,Federal Contract Tower,9,32,15,0,56,0,9,13,0,22,9,41,28,0,78,10,0,10,88
04/28/2018,BRO,TX,ASW,CE,Federal Contract Tower,5,21,2,0,28,0,2,3,0,5,5,23,5,0,33,10,0,10,43
04/29/2018,BRO,TX,ASW,CE,Federal Contract Tower,9,8,9,4,30,0,8,10,0,18,9,16,19,4,48,10,4,14,62
04/30/2018,BRO,TX,ASW,CE,Federal Contract Tower,13,14,10,4,41,0,0,2,2,4,13,14,12,6,45,0,4,4,49
05/01/2018,BRO,TX,ASW,CE,Federal Contract Tower,9,19,25,6,59,0,0,1,2,3,9,19,26,8,62,0,72,72,134
05/02/2018,BRO,TX,ASW,CE,Federal Contract Tower,12,16,11,10,49,0,0,8,2,10,12,16,19,12,59,0,22,22,81
05/03/2018,BRO,TX,ASW,CE,Federal Contract Tower,16,18,5,9,48,0,4,5,4,13,16,22,10,13,61,0,58,58,119
05/04/2018,BRO,TX,ASW,CE,Federal Contract Tower,10,7,4,10,31,0,10,10,0,20,10,17,14,10,51,12,0,12,63
05/05/2018,BRO,TX,ASW,CE,Federal Contract Tower,8,13,0,2,23,0,7,1,0,8,8,20,1,2,31,0,0,0,31
05/06/2018,BRO,TX,ASW,CE,Federal Contract Tower,8,18,8,2,36,0,0,1,0,1,8,18,9,2,37,0,2,2,39
05/07/2018,BRO,TX,ASW,CE,Federal Contract Tower,12,11,10,8,41,0,4,22,13,39,12,15,32,21,80,38,98,136,216
05/08/2018,BRO,TX,ASW,CE,Federal Contract Tower,12,20,8,2,42,1,5,25,0,31,13,25,33,2,73,10,2,12,85
05/09/2018,BRO,TX,ASW,CE,Federal Contract Tower,12,13,12,14,51,0,8,9,6,23,12,21,21,20,74,2,26,28,102
05/10/2018,BRO,TX,ASW,CE,Federal Contract Tower,13,25,0,10,48,0,10,1,0,11,13,35,1,10,59,0,0,0,59
05/11/2018,BRO,TX,ASW,CE,Federal Contract Tower,10,26,3,0,39,0,7,8,0,15,10,33,11,0,54,0,0,0,54
05/12/2018,BRO,TX,ASW,CE,Federal Contract Tower,7,16,0,10,33,0,13,11,0,24,7,29,11,10,57,0,0,0,57
05/13/2018,BRO,TX,ASW,CE,Federal Contract Tower,8,13,8,0,29,0,0,14,0,14,8,13,22,0,43,0,0,0,43
05/14/2018,BRO,TX,ASW,CE,Federal Contract Tower,10,10,11,12,43,0,1,9,4,14,10,11,20,16,57,94,50,144,201
05/15/2018,BRO,TX,ASW,CE,Federal Contract Tower,12,9,17,18,56,0,1,21,0,22,12,10,38,18,78,30,18,48,126
05/16/2018,BRO,TX,ASW,CE,Federal Contract Tower,10,9,12,12,43,0,2,17,2,21,10,11,29,14,64,30,58,88,152
05/17/2018,BRO,TX,ASW,CE,Federal Contract Tower,12,7,7,2,28,0,7,22,0,29,12,14,29,2,57,2,2,4,61
05/18/2018,BRO,TX,ASW,CE,Federal Contract Tower,14,16,6,4,40,0,0,14,0,14,14,16,20,4,54,0,4,4,58
05/19/2018,BRO,TX,ASW,CE,Federal Contract Tower,10,12,12,0,34,0,8,12,0,20,10,20,24,0,54,2,4,6,60
05/20/2018,BRO,TX,ASW,CE,Federal Contract Tower,7,11,6,6,30,0,4,7,0,11,7,15,13,6,41,0,0,0,41
05/21/2018,BRO,TX,ASW,CE,Federal Contract Tower,13,7,5,4,29,0,1,8,0,9,13,8,13,4,38,0,0,0,38
05/22/2018,BRO,TX,ASW,CE,Federal Contract Tower,12,18,10,6,46,0,0,8,0,8,12,18,18,6,54,0,2,2,56
05/23/2018,BRO,TX,ASW,CE,Federal Contract Tower,10,12,8,8,38,0,4,13,0,17,10,16,21,8,55,10,6,16,71
05/24/2018,BRO,TX,ASW,CE,Federal Contract Tower,12,13,11,6,42,0,12,10,4,26,12,25,21,10,68,0,112,112,180
05/25/2018,BRO,TX,ASW,CE,Federal Contract Tower,13,13,11,2,39,0,0,21,0,21,13,13,32,2,60,8,0,8,68
05/26/2018,BRO,TX,ASW,CE,Federal Contract Tower,10,15,5,0,30,0,2,24,0,26,10,17,29,0,56,0,0,0,56
05/27/2018,BRO,TX,ASW,CE,Federal Contract Tower,8,15,11,6,40,0,0,10,0,10,8,15,21,6,50,0,6,6,56
05/28/2018,BRO,TX,ASW,CE,Federal Contract Tower,11,5,15,0,31,0,6,26,0,32,11,11,41,0,63,40,0,40,103
05/29/2018,BRO,TX,ASW,CE,Federal Contract Tower,12,13,7,10,42,0,1,16,0,17,12,14,23,10,59,0,10,10,69
05/30/2018,BRO,TX,ASW,CE,Federal Contract Tower,12,5,12,8,37,0,5,18,0,23,12,10,30,8,60,60,6,66,126
05/31/2018,BRO,TX,ASW,CE,Federal Contract Tower,13,20,4,2,39,0,8,18,2,28,13,28,22,4,67,0,40,40,107
06/01/2018,BRO,TX,ASW,CE,Federal Contract Tower,13,17,10,0,40,0,2,20,0,22,13,19,30,0,62,0,0,0,62
06/02/2018,BRO,TX,ASW,CE,Federal Contract Tower,7,12,0,4,23,0,6,9,0,15,7,18,9,4,38,40,0,40,78
06/03/2018,BRO,TX,ASW,CE,Federal Contract Tower,10,17,6,0,33,0,8,13,0,21,10,25,19,0,54,0,0,0,54
06/04/2018,BRO,TX,ASW,CE,Federal Contract Tower,10,12,5,0,27,0,1,14,4,19,10,13,19,4,46,12,50,62,108
06/05/2018,BRO,TX,ASW,CE,Federal Contract Tower,8,6,4,8,26,0,0,0,0,0,8,6,4,8,26,0,8,8,34
06/06/2018,BRO,TX,ASW,CE,Federal Contract Tower,15,6,6,5,32,0,2,11,3,16,15,8,17,8,48,10,74,84,132
06/07/2018,BRO,TX,ASW,CE,Federal Contract Tower,14,15,8,12,49,0,8,22,0,30,14,23,30,12,79,2,0,2,81
06/08/2018,BRO,TX,ASW,CE,Federal Contract Tower,18,28,1,8,55,0,17,5,0,22,18,45,6,8,77,0,0,0,77
06/09/2018,BRO,TX,ASW,CE,Federal Contract Tower,13,15,2,0,30,0,9,15,0,24,13,24,17,0,54,26,0,26,80
06/10/2018,BRO,TX,ASW,CE,Federal Contract Tower,11,20,3,0,34,0,14,12,0,26,11,34,15,0,60,40,0,40,100
06/11/2018,BRO,TX,ASW,CE,Federal Contract Tower,18,14,15,14,61,0,5,16,0,21,18,19,31,14,82,0,12,12,94
06/12/2018,BRO,TX,ASW,CE,Federal Contract Tower,17,7,17,18,59,0,2,11,7,20,17,9,28,25,79,0,226,226,305
06/13/2018,BRO,TX,ASW,CE,Federal Contract Tower,18,8,10,2,38,0,3,7,3,13,18,11,17,5,51,0,74,74,125
06/14/2018,BRO,TX,ASW,CE,Federal Contract Tower,14,25,8,14,61,0,6,21,4,31,14,31,29,18,92,12,8,20,112
06/15/2018,BRO,TX,ASW,CE,Federal Contract Tower,13,9,14,1,37,0,0,9,0,9,13,9,23,1,46,0,2,2,48
06/16/2018,BRO,TX,ASW,CE,Federal Contract Tower,12,5,6,4,27,0,0,18,0,18,12,5,24,4,45,10,4,14,59
06/17/2018,BRO,TX,ASW,CE,Federal Contract Tower,9,15,9,0,33,0,0,1,0,1,9,15,10,0,34,0,0,0,34
06/18/2018,BRO,TX,ASW,CE,Federal Contract Tower,14,21,5,0,40,0,1,7,0,8,14,22,12,0,48,50,0,50,98
06/19/2018,BRO,TX,ASW,CE,Federal Contract Tower,6,25,5,0,36,0,3,11,0,14,6,28,16,0,50,30,0,30,80
06/20/2018,BRO,TX,ASW,CE,Federal Contract Tower,16,6,6,2,30,0,3,4,0,7,16,9,10,2,37,0,12,12,49
06/21/2018,BRO,TX,ASW,CE,Federal Contract Tower,14,20,6,8,48,0,0,0,0,0,14,20,6,8,48,0,0,0,48
06/22/2018,BRO,TX,ASW,CE,Federal Contract Tower,14,28,17,6,65,0,16,28,2,46,14,44,45,8,111,2,56,58,169
06/23/2018,BRO,TX,ASW,CE,Federal Contract Tower,9,15,2,0,26,0,22,19,0,41,9,37,21,0,67,20,0,20,87
06/24/2018,BRO,TX,ASW,CE,Federal Contract Tower,11,26,2,2,41,0,18,6,0,24,11,44,8,2,65,0,2,2,67
06/25/2018,BRO,TX,ASW,CE,Federal Contract Tower,11,13,11,15,50,0,4,9,0,13,11,17,20,15,63,0,16,16,79
06/26/2018,BRO,TX,ASW,CE,Federal Contract Tower,15,11,8,11,45,0,1,21,2,24,15,12,29,13,69,50,104,154,223
06/27/2018,BRO,TX,ASW,CE,Federal Contract Tower,12,21,21,9,63,0,7,15,0,22,12,28,36,9,85,12,10,22,107
06/28/2018,BRO,TX,ASW,CE,Federal Contract Tower,13,17,18,4,52,0,7,9,5,21,13,24,27,9,73,0,64,64,137
06/29/2018,BRO,TX,ASW,CE,Federal Contract Tower,14,14,10,0,38,0,13,21,0,34,14,27,31,0,72,2,10,12,84
06/30/2018,BRO,TX,ASW,CE,Federal Contract Tower,10,25,4,8,47,0,6,20,0,26,10,31,24,8,73,4,8,12,85
07/01/2018,BRO,TX,ASW,CE,Federal Contract Tower,11,37,1,2,51,0,7,7,0,14,11,44,8,2,65,0,0,0,65
07/02/2018,BRO,TX,ASW,CE,Federal Contract Tower,14,20,24,11,69,0,5,19,0,24,14,25,43,11,93,0,12,12,105
07/03/2018,BRO,TX,ASW,CE,Federal Contract Tower,17,14,7,2,40,0,6,13,0,19,17,20,20,2,59,10,2,12,71
07/04/2018,BRO,TX,ASW,CE,Federal Contract Tower,12,8,13,0,33,0,0,12,0,12,12,8,25,0,45,4,0,4,49
07/05/2018,BRO,TX,ASW,CE,Federal Contract Tower,16,16,18,14,64,0,9,22,0,31,16,25,40,14,95,0,14,14,109
07/06/2018,BRO,TX,ASW,CE,Federal Contract Tower,17,24,24,0,65,0,5,5,0,10,17,29,29,0,75,0,0,0,75
07/07/2018,BRO,TX,ASW,CE,Federal Contract Tower,13,24,2,11,50,0,8,19,0,27,13,32,21,11,77,24,0,24,101
07/08/2018,BRO,TX,ASW,CE,Federal Contract Tower,11,28,11,0,50,0,0,16,0,16,11,28,27,0,66,30,0,30,96
07/09/2018,BRO,TX,ASW,CE,Federal Contract Tower,19,12,39,14,84,0,0,8,0,8,19,12,47,14,92,4,14,18,110
07/10/2018,BRO,TX,ASW,CE,Federal Contract Tower,11,15,12,10,48,0,4,20,0,24,11,19,32,10,72,20,10,30,102
07/11/2018,BRO,TX,ASW,CE,Federal Contract Tower,11,14,14,13,52,0,0,18,6,24,11,14,32,19,76,2,156,158,234
07/12/2018,BRO,TX,ASW,CE,Federal Contract Tower,12,16,25,4,57,0,12,20,0,32,12,28,45,4,89,0,30,30,119
07/13/2018,BRO,TX,ASW,CE,Federal Contract Tower,19,30,15,5,69,0,9,23,0,32,19,39,38,5,101,0,6,6,107
07/14/2018,BRO,TX,ASW,CE,Federal Contract Tower,9,15,2,6,32,0,10,22,0,32,9,25,24,6,64,0,6,6,70
07/15/2018,BRO,TX,ASW,CE,Federal Contract Tower,8,49,7,0,64,0,13,25,0,38,8,62,32,0,102,4,0,4,106
07/16/2018,BRO,TX,ASW,CE,Federal Contract Tower,14,33,16,10,73,0,1,9,0,10,14,34,25,10,83,4,6,10,93
07/17/2018,BRO,TX,ASW,CE,Federal Contract Tower,13,18,18,2,51,0,11,9,0,20,13,29,27,2,71,14,2,16,87
07/18/2018,BRO,TX,ASW,CE,Federal Contract Tower,15,19,23,8,65,0,0,33,0,33,15,19,56,8,98,12,8,20,118
07/19/2018,BRO,TX,ASW,CE,Federal Contract Tower,16,29,15,2,62,0,9,21,0,30,16,38,36,2,92,12,0,12,104
07/20/2018,BRO,TX,ASW,CE,Federal Contract Tower,18,42,26,0,86,0,2,27,2,31,18,44,53,2,117,2,16,18,135
07/21/2018,BRO,TX,ASW,CE,Federal Contract Tower,14,27,0,4,45,0,9,7,0,16,14,36,7,4,61,20,0,20,81
07/22/2018,BRO,TX,ASW,CE,Federal Contract Tower,13,34,16,2,65,0,9,9,0,18,13,43,25,2,83,30,2,32,115
07/23/2018,BRO,TX,ASW,CE,Federal Contract Tower,14,31,17,4,66,0,1,9,0,10,14,32,26,4,76,10,6,16,92
07/24/2018,BRO,TX,ASW,CE,Federal Contract Tower,17,19,16,22,74,0,4,15,0,19,17,23,31,22,93,22,22,44,137
07/25/2018,BRO,TX,ASW,CE,Federal Contract Tower,13,18,20,3,54,0,2,15,0,17,13,20,35,3,71,2,2,4,75
07/26/2018,BRO,TX,ASW,CE,Federal Contract Tower,19,25,32,3,79,0,4,19,0,23,19,29,51,3,102,4,6,10,112
07/27/2018,BRO,TX,ASW,CE,Federal Contract Tower,22,38,14,12,86,0,6,13,1,20,22,44,27,13,106,12,18,30,136
07/28/2018,BRO,TX,ASW,CE,Federal Contract Tower,9,21,15,0,45,0,9,24,0,33,9,30,39,0,78,0,0,0,78
07/29/2018,BRO,TX,ASW,CE,Federal Contract Tower,10,63,11,2,86,0,13,14,0,27,10,76,25,2,113,0,0,0,113
07/30/2018,BRO,TX,ASW,CE,Federal Contract Tower,12,33,15,3,63,0,3,16,0,19,12,36,31,3,82,18,4,22,104
07/31/2018,BRO,TX,ASW,CE,Federal Contract Tower,13,15,10,2,40,0,6,23,2,31,13,21,33,4,71,0,22,22,93
08/01/2018,BRO,TX,ASW,CE,Federal Contract Tower,13,19,32,8,72,0,2,29,0,31,13,21,61,8,103,6,8,14,117
08/02/2018,BRO,TX,ASW,CE,Federal Contract Tower,14,32,5,6,57,0,3,10,0,13,14,35,15,6,70,0,0,0,70
08/03/2018,BRO,TX,ASW,CE,Federal Contract Tower,13,35,6,8,62,0,3,17,0,20,13,38,23,8,82,0,8,8,90
08/04/2018,BRO,TX,ASW,CE,Federal Contract Tower,12,33,0,2,47,0,1,21,0,22,12,34,21,2,69,0,2,2,71
08/05/2018,BRO,TX,ASW,CE,Federal Contract Tower,8,52,14,0,74,0,1,14,0,15,8,53,28,0,89,0,0,0,89
08/06/2018,BRO,TX,ASW,CE,Federal Contract Tower,21,21,19,0,61,0,0,8,3,11,21,21,27,3,72,0,20,20,92
08/07/2018,BRO,TX,ASW,CE,Federal Contract Tower,16,5,6,4,31,0,9,24,0,33,16,14,30,4,64,13,4,17,81
08/08/2018,BRO,TX,ASW,CE,Federal Contract Tower,9,10,11,7,37,0,2,15,1,18,9,12,26,8,55,12,38,50,105
08/09/2018,BRO,TX,ASW,CE,Federal Contract Tower,19,17,23,20,79,0,9,9,0,18,19,26,32,20,97,0,54,54,151
08/10/2018,BRO,TX,ASW,CE,Federal Contract Tower,21,14,23,4,62,0,18,22,0,40,21,32,45,4,102,0,4,4,106
08/11/2018,BRO,TX,ASW,CE,Federal Contract Tower,7,20,0,2,29,0,0,15,0,15,7,20,15,2,44,0,0,0,44
08/12/2018,BRO,TX,ASW,CE,Federal Contract Tower,8,46,4,0,58,0,0,15,0,15,8,46,19,0,73,0,0,0,73
08/13/2018,BRO,TX,ASW,CE,Federal Contract Tower,14,14,22,23,73,0,10,29,0,39,14,24,51,23,112,15,22,37,149
08/14/2018,BRO,TX,ASW,CE,Federal Contract Tower,16,7,12,12,47,0,3,19,3,25,16,10,31,15,72,30,47,77,149
08/15/2018,BRO,TX,ASW,CE,Federal Contract Tower,14,9,12,6,41,0,5,17,0,22,14,14,29,6,63,20,6,26,89
08/16/2018,BRO,TX,ASW,CE,Federal Contract Tower,16,13,7,4,40,0,0,9,4,13,16,13,16,8,53,10,55,65,118
08/17/2018,BRO,TX,ASW,CE,Federal Contract Tower,13,22,10,12,57,0,2,26,5,33,13,24,36,17,90,10,72,82,172
08/18/2018,BRO,TX,ASW,CE,Federal Contract Tower,9,17,1,0,27,0,8,10,0,18,9,25,11,0,45,20,0,20,65
08/19/2018,BRO,TX,ASW,CE,Federal Contract Tower,9,19,5,8,41,0,1,13,0,14,9,20,18,8,55,30,8,38,93
08/20/2018,BRO,TX,ASW,CE,Federal Contract Tower,18,14,9,3,44,0,2,11,0,13,18,16,20,3,57,10,4,14,71
08/21/2018,BRO,TX,ASW,CE,Federal Contract Tower,12,5,10,2,29,0,4,11,0,15,12,9,21,2,44,10,2,12,56
08/22/2018,BRO,TX,ASW,CE,Federal Contract Tower,9,9,13,0,31,0,0,24,6,30,9,9,37,6,61,0,80,80,141
08/23/2018,BRO,TX,ASW,CE,Federal Contract Tower,13,12,20,0,45,0,2,22,0,24,13,14,42,0,69,0,0,0,69
08/24/2018,BRO,TX,ASW,CE,Federal Contract Tower,15,21,8,0,44,0,0,19,2,21,15,21,27,2,65,0,10,10,75
08/25/2018,BRO,TX,ASW,CE,Federal Contract Tower,8,10,4,0,22,0,8,14,0,22,8,18,18,0,44,0,0,0,44
08/26/2018,BRO,TX,ASW,CE,Federal Contract Tower,9,15,3,0,27,0,0,27,0,27,9,15,30,0,54,62,0,62,116
08/27/2018,BRO,TX,ASW,CE,Federal Contract Tower,16,12,5,8,41,0,0,15,0,15,16,12,20,8,56,10,46,56,112
08/28/2018,BRO,TX,ASW,CE,Federal Contract Tower,13,15,3,16,47,0,1,12,3,16,13,16,15,19,63,50,16,66,129
08/29/2018,BRO,TX,ASW,CE,Federal Contract Tower,15,9,7,22,53,0,5,24,0,29,15,14,31,22,82,10,22,32,114
08/30/2018,BRO,TX,ASW,CE,Federal Contract Tower,14,26,4,12,56,0,3,12,0,15,14,29,16,12,71,22,0,22,93
08/31/2018,BRO,TX,ASW,CE,Federal Contract Tower,21,7,16,4,48,0,1,19,0,20,21,8,35,4,68,8,0,8,76
09/01/2018,BRO,TX,ASW,CE,Federal Contract Tower,6,9,7,10,32,0,2,22,0,24,6,11,29,10,56,2,0,2,58
09/02/2018,BRO,TX,ASW,CE,Federal Contract Tower,6,11,0,0,17,0,0,19,0,19,6,11,19,0,36,0,0,0,36
09/03/2018,BRO,TX,ASW,CE,Federal Contract Tower,11,12,20,0,43,0,0,20,2,22,11,12,40,2,65,0,0,0,65
09/04/2018,BRO,TX,ASW,CE,Federal Contract Tower,20,6,10,13,49,0,0,14,0,14,20,6,24,13,63,10,8,18,81
09/05/2018,BRO,TX,ASW,CE,Federal Contract Tower,12,14,5,6,37,0,11,9,0,20,12,25,14,6,57,28,0,28,85
09/06/2018,BRO,TX,ASW,CE,Federal Contract Tower,12,21,4,10,47,0,1,8,0,9,12,22,12,10,56,12,0,12,68
09/07/2018,BRO,TX,ASW,CE,Federal Contract Tower,13,18,6,10,47,0,2,12,0,14,13,20,18,10,61,22,0,22,83
09/08/2018,BRO,TX,ASW,CE,Federal Contract Tower,9,8,1,0,18,0,7,18,0,25,9,15,19,0,43,10,0,10,53
09/09/2018,BRO,TX,ASW,CE,Federal Contract Tower,13,8,6,0,27,0,2,10,0,12,13,10,16,0,39,20,0,20,59
09/10/2018,BRO,TX,ASW,CE,Federal Contract Tower,15,10,6,3,34,0,0,1,0,1,15,10,7,3,35,0,2,2,37
09/11/2018,BRO,TX,ASW,CE,Federal Contract Tower,13,8,6,5,32,0,0,3,0,3,13,8,9,5,35,16,4,20,55
09/12/2018,BRO,TX,ASW,CE,Federal Contract Tower,13,8,11,2,34,0,0,10,0,10,13,8,21,2,44,32,4,36,80
09/13/2018,BRO,TX,ASW,CE,Federal Contract Tower,13,18,3,0,34,0,2,11,0,13,13,20,14,0,47,28,0,28,75
09/14/2018,BRO,TX,ASW,CE,Federal Contract Tower,15,14,0,0,29,0,0,0,0,0,15,14,0,0,29,0,0,0,29
09/15/2018,BRO,TX,ASW,CE,Federal Contract Tower,8,11,1,2,22,0,0,4,0,4,8,11,5,2,26,0,0,0,26
09/16/2018,BRO,TX,ASW,CE,Federal Contract Tower,15,5,6,0,26,0,0,2,0,2,15,5,8,0,28,0,0,0,28
09/17/2018,BRO,TX,ASW,CE,Federal Contract Tower,16,6,19,6,47,0,10,13,5,28,16,16,32,11,75,24,8,32,107
09/18/2018,BRO,TX,ASW,CE,Federal Contract Tower,11,17,1,12,41,0,6,15,0,21,11,23,16,12,62,10,4,14,76
09/19/2018,BRO,TX,ASW,CE,Federal Contract Tower,10,12,11,10,43,0,0,15,6,21,10,12,26,16,64,16,42,58,122
09/20/2018,BRO,TX,ASW,CE,Federal Contract Tower,14,11,15,6,46,0,6,22,0,28,14,17,37,6,74,8,0,8,82
09/21/2018,BRO,TX,ASW,CE,Federal Contract Tower,14,18,7,0,39,0,10,5,0,15,14,28,12,0,54,0,0,0,54
09/22/2018,BRO,TX,ASW,CE,Federal Contract Tower,9,12,1,8,30,0,0,10,2,12,9,12,11,10,42,10,0,10,52
09/23/2018,BRO,TX,ASW,CE,Federal Contract Tower,13,9,16,0,38,0,2,10,0,12,13,11,26,0,50,0,0,0,50
09/24/2018,BRO,TX,ASW,CE,Federal Contract Tower,19,13,18,3,53,0,0,4,2,6,19,13,22,5,59,0,0,0,59
09/25/2018,BRO,TX,ASW,CE,Federal Contract Tower,17,15,7,24,63,0,3,17,4,24,17,18,24,28,87,10,24,34,121
09/26/2018,BRO,TX,ASW,CE,Federal Contract Tower,11,16,16,15,58,0,2,16,0,18,11,18,32,15,76,2,2,4,80
09/27/2018,BRO,TX,ASW,CE,Federal Contract Tower,15,19,13,0,47,0,2,8,0,10,15,21,21,0,57,16,0,16,73
09/28/2018,BRO,TX,ASW,CE,Federal Contract Tower,14,15,13,0,42,0,14,14,0,28,14,29,27,0,70,10,0,10,80
09/29/2018,BRO,TX,ASW,CE,Federal Contract Tower,8,6,2,0,16,0,0,3,0,3,8,6,5,0,19,5,0,5,24
09/30/2018,BRO,TX,ASW,CE,Federal Contract Tower,13,4,18,0,35,0,0,9,0,9,13,4,27,0,44,0,0,0,44
10/01/2018,BRO,TX,ASW,CE,Federal Contract Tower,13,14,10,8,45,0,0,6,0,6,13,14,16,8,51,0,6,6,57
10/02/2018,BRO,TX,ASW,CE,Federal Contract Tower,14,11,9,10,44,0,6,9,0,15,14,17,18,10,59,2,4,6,65
10/03/2018,BRO,TX,ASW,CE,Federal Contract Tower,9,17,5,9,40,0,0,10,2,12,9,17,15,11,52,0,56,56,108
10/04/2018,BRO,TX,ASW,CE,Federal Contract Tower,11,13,12,6,42,0,5,16,0,21,11,18,28,6,63,0,0,0,63
10/05/2018,BRO,TX,ASW,CE,Federal Contract Tower,15,15,17,12,59,0,2,16,6,24,15,17,33,18,83,14,34,48,131
10/06/2018,BRO,TX,ASW,CE,Federal Contract Tower,5,5,7,0,17,0,2,17,0,19,5,7,24,0,36,0,0,0,36
10/07/2018,BRO,TX,ASW,CE,Federal Contract Tower,14,14,15,0,43,0,2,7,0,9,14,16,22,0,52,0,0,0,52
10/08/2018,BRO,TX,ASW,CE,Federal Contract Tower,9,20,12,0,41,0,0,11,0,11,9,20,23,0,52,0,0,0,52
10/09/2018,BRO,TX,ASW,CE,Federal Contract Tower,12,9,11,12,44,0,0,14,0,14,12,9,25,12,58,8,8,16,74
10/10/2018,BRO,TX,ASW,CE,Federal Contract Tower,10,20,4,4,38,0,7,9,0,16,10,27,13,4,54,24,2,26,80
10/11/2018,BRO,TX,ASW,CE,Federal Contract Tower,10,20,5,4,39,0,3,7,0,10,10,23,12,4,49,0,0,0,49
10/12/2018,BRO,TX,ASW,CE,Federal Contract Tower,13,17,10,4,44,0,7,13,0,20,13,24,23,4,64,0,0,0,64
10/13/2018,BRO,TX,ASW,CE,Federal Contract Tower,4,12,6,11,33,0,0,14,0,14,4,12,20,11,47,20,0,20,67
10/14/2018,BRO,TX,ASW,CE,Federal Contract Tower,14,6,13,6,39,0,0,9,0,9,14,6,22,6,48,0,2,2,50
10/15/2018,BRO,TX,ASW,CE,Federal Contract Tower,12,12,4,2,30,0,0,5,0,5,12,12,9,2,35,0,46,46,81
10/16/2018,BRO,TX,ASW,CE,Federal Contract Tower,19,14,8,11,52,0,0,2,13,15,19,14,10,24,67,2,404,406,473
10/17/2018,BRO,TX,ASW,CE,Federal Contract Tower,10,11,6,3,30,0,1,4,0,5,10,12,10,3,35,0,54,54,89
10/18/2018,BRO,TX,ASW,CE,Federal Contract Tower,8,16,4,2,30,0,0,0,0,0,8,16,4,2,30,0,2,2,32
10/19/2018,BRO,TX,ASW,CE,Federal Contract Tower,5,14,7,6,32,0,0,3,6,9,5,14,10,12,41,10,32,42,83
10/20/2018,BRO,TX,ASW,CE,Federal Contract Tower,11,5,5,4,25,0,1,1,0,2,11,6,6,4,27,2,4,6,33
10/21/2018,BRO,TX,ASW,CE,Federal Contract Tower,18,5,3,0,26,0,0,0,0,0,18,5,3,0,26,2,0,2,28
10/22/2018,BRO,TX,ASW,CE,Federal Contract Tower,14,11,11,3,39,0,2,6,0,8,14,13,17,3,47,5,4,9,56
10/23/2018,BRO,TX,ASW,CE,Federal Contract Tower,18,12,27,19,76,0,0,1,2,3,18,12,28,21,79,0,64,64,143
10/24/2018,BRO,TX,ASW,CE,Federal Contract Tower,14,11,2,31,58,0,0,0,0,0,14,11,2,31,58,0,30,30,88
10/25/2018,BRO,TX,ASW,CE,Federal Contract Tower,12,18,17,7,54,0,2,5,1,8,12,20,22,8,62,0,50,50,112
10/26/2018,BRO,TX,ASW,CE,Federal Contract Tower,14,10,9,4,37,0,2,15,6,23,14,12,24,10,60,0,42,42,102
10/27/2018,BRO,TX,ASW,CE,Federal Contract Tower,7,10,3,10,30,0,9,20,0,29,7,19,23,10,59,0,8,8,67
10/28/2018,BRO,TX,ASW,CE,Federal Contract Tower,12,5,13,0,30,0,8,13,0,21,12,13,26,0,51,0,0,0,51
10/29/2018,BRO,TX,ASW,CE,Federal Contract Tower,15,19,10,5,49,0,0,16,2,18,15,19,26,7,67,10,4,14,81
10/30/2018,BRO,TX,ASW,CE,Federal Contract Tower,17,9,3,8,37,0,0,10,0,10,17,9,13,8,47,0,8,8,55
10/31/2018,BRO,TX,ASW,CE,Federal Contract Tower,8,12,11,4,35,0,1,8,0,9,8,13,19,4,44,4,4,8,52
11/01/2018,BRO,TX,ASW,CE,Federal Contract Tower,17,7,14,4,42,0,4,20,2,26,17,11,34,6,68,40,0,40,108
11/02/2018,BRO,TX,ASW,CE,Federal Contract Tower,13,7,10,8,38,0,0,15,4,19,13,7,25,12,57,0,114,114,171
11/03/2018,BRO,TX,ASW,CE,Federal Contract Tower,11,10,2,0,23,0,4,7,0,11,11,14,9,0,34,0,0,0,34
11/04/2018,BRO,TX,ASW,CE,Federal Contract Tower,11,7,16,1,35,0,8,6,0,14,11,15,22,1,49,0,0,0,49
11/05/2018,BRO,TX,ASW,CE,Federal Contract Tower,12,11,8,1,32,0,0,6,1,7,12,11,14,2,39,0,2,2,41
11/06/2018,BRO,TX,ASW,CE,Federal Contract Tower,10,10,7,4,31,0,0,8,0,8,10,10,15,4,39,0,4,4,43
11/07/2018,BRO,TX,ASW,CE,Federal Contract Tower,14,16,12,13,55,0,0,8,4,12,14,16,20,17,67,232,0,232,299
11/08/2018,BRO,TX,ASW,CE,Federal Contract Tower,11,20,11,6,48,0,4,22,4,30,11,24,33,10,78,18,32,50,128
11/09/2018,BRO,TX,ASW,CE,Federal Contract Tower,9,19,4,8,40,0,0,4,0,4,9,19,8,8,44,24,28,52,96
11/10/2018,BRO,TX,ASW,CE,Federal Contract Tower,5,14,3,0,22,0,0,0,0,0,5,14,3,0,22,0,0,0,22
11/11/2018,BRO,TX,ASW,CE,Federal Contract Tower,5,19,6,0,30,0,0,0,0,0,5,19,6,0,30,0,0,0,30
11/12/2018,BRO,TX,ASW,CE,Federal Contract Tower,9,15,15,0,39,0,0,1,0,1,9,15,16,0,40,0,0,0,40
11/13/2018,BRO,TX,ASW,CE,Federal Contract Tower,13,17,7,6,43,0,0,11,10,21,13,17,18,16,64,6,6,12,76
11/14/2018,BRO,TX,ASW,CE,Federal Contract Tower,11,14,8,8,41,0,4,10,2,16,11,18,18,10,57,8,10,18,75
11/15/2018,BRO,TX,ASW,CE,Federal Contract Tower,10,17,13,0,40,0,6,19,0,25,10,23,32,0,65,0,0,0,65
11/16/2018,BRO,TX,ASW,CE,Federal Contract Tower,14,12,26,15,67,0,6,23,10,39,14,18,49,25,106,8,68,76,182
11/17/2018,BRO,TX,ASW,CE,Federal Contract Tower,15,3,17,0,35,0,0,8,6,14,15,3,25,6,49,0,0,0,49
11/18/2018,BRO,TX,ASW,CE,Federal Contract Tower,11,8,7,0,26,0,0,9,4,13,11,8,16,4,39,0,0,0,39
11/19/2018,BRO,TX,ASW,CE,Federal Contract Tower,10,19,32,3,64,0,0,0,0,0,10,19,32,3,64,0,2,2,66
11/20/2018,BRO,TX,ASW,CE,Federal Contract Tower,15,9,26,2,52,0,2,3,0,5,15,11,29,2,57,0,4,4,61
11/21/2018,BRO,TX,ASW,CE,Federal Contract Tower,14,16,22,0,52,0,0,0,0,0,14,16,22,0,52,0,0,0,52
11/22/2018,BRO,TX,ASW,CE,Federal Contract Tower,8,5,12,0,25,0,0,0,0,0,8,5,12,0,25,0,0,0,25
11/23/2018,BRO,TX,ASW,CE,Federal Contract Tower,15,10,10,0,35,0,0,4,0,4,15,10,14,0,39,0,0,0,39
11/24/2018,BRO,TX,ASW,CE,Federal Contract Tower,18,3,13,0,34,0,0,8,0,8,18,3,21,0,42,0,0,0,42
11/25/2018,BRO,TX,ASW,CE,Federal Contract Tower,13,9,28,0,50,0,4,14,0,18,13,13,42,0,68,0,0,0,68
11/26/2018,BRO,TX,ASW,CE,Federal Contract Tower,10,13,9,7,39,0,3,7,2,12,10,16,16,9,51,6,30,36,87
11/27/2018,BRO,TX,ASW,CE,Federal Contract Tower,12,12,4,10,38,0,5,15,2,22,12,17,19,12,60,12,10,22,82
11/28/2018,BRO,TX,ASW,CE,Federal Contract Tower,9,16,12,12,49,0,4,9,0,13,9,20,21,12,62,20,12,32,94
11/29/2018,BRO,TX,ASW,CE,Federal Contract Tower,14,11,8,13,46,0,0,3,0,3,14,11,11,13,49,8,18,26,75
11/30/2018,BRO,TX,ASW,CE,Federal Contract Tower,14,17,15,4,50,0,2,9,0,11,14,19,24,4,61,0,0,0,61
12/01/2018,BRO,TX,ASW,CE,Federal Contract Tower,11,9,4,6,30,0,5,2,2,9,11,14,6,8,39,0,2,2,41
12/02/2018,BRO,TX,ASW,CE,Federal Contract Tower,14,4,13,0,31,0,4,8,0,12,14,8,21,0,43,0,0,0,43
12/03/2018,BRO,TX,ASW,CE,Federal Contract Tower,9,18,19,9,55,0,2,3,0,5,9,20,22,9,60,0,26,26,86
12/04/2018,BRO,TX,ASW,CE,Federal Contract Tower,9,11,18,8,46,0,5,19,0,24,9,16,37,8,70,12,8,20,90
12/05/2018,BRO,TX,ASW,CE,Federal Contract Tower,9,8,24,8,49,0,4,8,0,12,9,12,32,8,61,38,8,46,107
12/06/2018,BRO,TX,ASW,CE,Federal Contract Tower,15,17,9,4,45,0,2,4,0,6,15,19,13,4,51,10,2,12,63
12/07/2018,BRO,TX,ASW,CE,Federal Contract Tower,15,10,9,5,39,0,2,1,0,3,15,12,10,5,42,0,12,12,54
12/08/2018,BRO,TX,ASW,CE,Federal Contract Tower,12,6,6,10,34,0,0,1,0,1,12,6,7,10,35,0,0,0,35
12/09/2018,BRO,TX,ASW,CE,Federal Contract Tower,13,7,14,2,36,0,8,10,0,18,13,15,24,2,54,0,0,0,54
12/10/2018,BRO,TX,ASW,CE,Federal Contract Tower,10,12,14,1,37,0,0,14,0,14,10,12,28,1,51,12,2,14,65
12/11/2018,BRO,TX,ASW,CE,Federal Contract Tower,12,14,12,6,44,0,6,19,0,25,12,20,31,6,69,12,6,18,87
12/12/2018,BRO,TX,ASW,CE,Federal Contract Tower,14,16,12,2,44,0,4,5,0,9,14,20,17,2,53,2,2,4,57
12/13/2018,BRO,TX,ASW,CE,Federal Contract Tower,8,15,5,0,28,0,2,12,0,14,8,17,17,0,42,0,0,0,42
12/14/2018,BRO,TX,ASW,CE,Federal Contract Tower,11,15,13,1,40,0,0,12,0,12,11,15,25,1,52,4,2,6,58
12/15/2018,BRO,TX,ASW,CE,Federal Contract Tower,8,11,9,2,30,0,0,19,0,19,8,11,28,2,49,0,2,2,51
12/16/2018,BRO,TX,ASW,CE,Federal Contract Tower,12,10,10,0,32,0,3,15,0,18,12,13,25,0,50,0,0,0,50
12/18/2018,BRO,TX,ASW,CE,Federal Contract Tower,11,21,18,16,66,0,6,20,3,29,11,27,38,19,95,0,40,40,135
12/19/2018,BRO,TX,ASW,CE,Federal Contract Tower,11,6,8,13,38,0,4,8,6,18,11,10,16,19,56,0,54,54,110
12/20/2018,BRO,TX,ASW,CE,Federal Contract Tower,12,10,8,12,42,0,2,8,2,12,12,12,16,14,54,0,6,6,60
12/21/2018,BRO,TX,ASW,CE,Federal Contract Tower,12,9,12,1,34,0,2,25,0,27,12,11,37,1,61,2,2,4,65
12/22/2018,BRO,TX,ASW,CE,Federal Contract Tower,13,7,12,0,32,0,0,13,0,13,13,7,25,0,45,8,0,8,53
12/23/2018,BRO,TX,ASW,CE,Federal Contract Tower,11,4,16,0,31,0,0,12,0,12,11,4,28,0,43,0,0,0,43
12/24/2018,BRO,TX,ASW,CE,Federal Contract Tower,11,2,3,0,16,0,4,7,0,11,11,6,10,0,27,0,0,0,27
12/25/2018,BRO,TX,ASW,CE,Federal Contract Tower,5,7,18,0,30,0,2,2,0,4,5,9,20,0,34,0,0,0,34
12/26/2018,BRO,TX,ASW,CE,Federal Contract Tower,10,17,21,0,48,0,1,10,0,11,10,18,31,0,59,12,0,12,71
12/27/2018,BRO,TX,ASW,CE,Federal Contract Tower,13,8,38,4,63,0,5,19,0,24,13,13,57,4,87,0,4,4,91
12/28/2018,BRO,TX,ASW,CE,Federal Contract Tower,16,6,15,0,37,0,2,13,0,15,16,8,28,0,52,0,0,0,52
12/29/2018,BRO,TX,ASW,CE,Federal Contract Tower,11,7,15,0,33,0,2,1,0,3,11,9,16,0,36,0,0,0,36
12/30/2018,BRO,TX,ASW,CE,Federal Contract Tower,12,3,12,0,27,0,0,0,0,0,12,3,12,0,27,0,0,0,27
12/31/2018,BRO,TX,ASW,CE,Federal Contract Tower,12,2,1,0,15,0,0,4,0,4,12,2,5,0,19,0,0,0,19
01/01/2019,BRO,TX,ASW,CE,Federal Contract Tower,5,8,3,0,16,0,2,5,0,7,5,10,8,0,23,0,0,0,23
01/02/2019,BRO,TX,ASW,CE,Federal Contract Tower,8,20,11,6,45,0,0,1,0,1,8,20,12,6,46,0,6,6,52
01/03/2019,BRO,TX,ASW,CE,Federal Contract Tower,19,13,19,6,57,0,0,12,0,12,19,13,31,6,69,0,10,10,79
01/04/2019,BRO,TX,ASW,CE,Federal Contract Tower,16,12,3,5,36,0,0,19,0,19,16,12,22,5,55,4,16,20,75
01/05/2019,BRO,TX,ASW,CE,Federal Contract Tower,9,3,6,2,20,0,2,5,0,7,9,5,11,2,27,0,2,2,29
01/06/2019,BRO,TX,ASW,CE,Federal Contract Tower,14,6,20,0,40,0,10,20,0,30,14,16,40,0,70,0,0,0,70
01/07/2019,BRO,TX,ASW,CE,Federal Contract Tower,7,7,13,7,34,0,3,10,4,17,7,10,23,11,51,8,58,66,117
01/08/2019,BRO,TX,ASW,CE,Federal Contract Tower,12,6,6,14,38,0,0,17,0,17,12,6,23,14,55,0,14,14,69
01/09/2019,BRO,TX,ASW,CE,Federal Contract Tower,11,8,7,12,38,0,2,5,0,7,11,10,12,12,45,0,12,12,57
01/10/2019,BRO,TX,ASW,CE,Federal Contract Tower,10,6,15,4,35,0,3,17,4,24,10,9,32,8,59,16,4,20,79
01/11/2019,BRO,TX,ASW,CE,Federal Contract Tower,17,5,10,16,48,0,0,7,0,7,17,5,17,16,55,0,16,16,71
01/12/2019,BRO,TX,ASW,CE,Federal Contract Tower,11,6,9,10,36,0,0,5,0,5,11,6,14,10,41,0,10,10,51
01/13/2019,BRO,TX,ASW,CE,Federal Contract Tower,12,5,8,2,27,0,0,3,0,3,12,5,11,2,30,0,2,2,32
01/14/2019,BRO,TX,ASW,CE,Federal Contract Tower,15,7,6,5,33,0,2,6,0,8,15,9,12,5,41,2,6,8,49
01/15/2019,BRO,TX,ASW,CE,Federal Contract Tower,13,9,10,2,34,0,0,0,0,0,13,9,10,2,34,0,2,2,36
01/16/2019,BRO,TX,ASW,CE,Federal Contract Tower,9,13,10,4,36,0,2,1,4,7,9,15,11,8,43,0,82,82,125
01/17/2019,BRO,TX,ASW,CE,Federal Contract Tower,10,14,17,0,41,0,2,3,0,5,10,16,20,0,46,0,0,0,46
01/18/2019,BRO,TX,ASW,CE,Federal Contract Tower,11,12,11,7,41,0,2,6,4,12,11,14,17,11,53,8,34,42,95
01/19/2019,BRO,TX,ASW,CE,Federal Contract Tower,9,4,6,4,23,0,0,4,0,4,9,4,10,4,27,0,4,4,31
01/20/2019,BRO,TX,ASW,CE,Federal Contract Tower,10,7,19,0,36,0,0,24,0,24,10,7,43,0,60,38,0,38,98
01/21/2019,BRO,TX,ASW,CE,Federal Contract Tower,8,9,7,2,26,0,3,16,2,21,8,12,23,4,47,36,4,40,87
01/22/2019,BRO,TX,ASW,CE,Federal Contract Tower,11,10,8,9,38,0,5,5,0,10,11,15,13,9,48,6,10,16,64
01/23/2019,BRO,TX,ASW,CE,Federal Contract Tower,11,10,14,2,37,0,8,7,0,15,11,18,21,2,52,0,2,2,54
01/24/2019,BRO,TX,ASW,CE,Federal Contract Tower,13,11,18,8,50,0,14,20,8,42,13,25,38,16,92,38,42,80,172
01/25/2019,BRO,TX,ASW,CE,Federal Contract Tower,14,9,6,11,40,0,2,20,0,22,14,11,26,11,62,32,12,44,106
01/26/2019,BRO,TX,ASW,CE,Federal Contract Tower,9,3,6,4,22,0,2,2,0,4,9,5,8,4,26,0,0,0,26
01/27/2019,BRO,TX,ASW,CE,Federal Contract Tower,12,3,17,0,32,0,7,11,0,18,12,10,28,0,50,12,0,12,62
01/28/2019,BRO,TX,ASW,CE,Federal Contract Tower,10,11,9,12,42,0,4,10,0,14,10,15,19,12,56,2,12,14,70
01/29/2019,BRO,TX,ASW,CE,Federal Contract Tower,12,11,9,2,34,0,6,2,0,8,12,17,11,2,42,0,2,2,44
01/30/2019,BRO,TX,ASW,CE,Federal Contract Tower,14,14,22,0,50,0,2,0,0,2,14,16,22,0,52,0,0,0,52
01/31/2019,BRO,TX,ASW,CE,Federal Contract Tower,19,20,31,4,74,0,0,2,2,4,19,20,33,6,78,2,12,14,92
02/01/2019,BRO,TX,ASW,CE,Federal Contract Tower,13,31,32,6,82,0,4,7,0,11,13,35,39,6,93,12,6,18,111
02/02/2019,BRO,TX,ASW,CE,Federal Contract Tower,16,12,18,0,46,0,2,2,0,4,16,14,20,0,50,0,0,0,50
02/03/2019,BRO,TX,ASW,CE,Federal Contract Tower,12,7,10,6,35,0,3,3,0,6,12,10,13,6,41,16,6,22,63
02/04/2019,BRO,TX,ASW,CE,Federal Contract Tower,12,39,55,4,110,0,3,12,0,15,12,42,67,4,125,10,6,16,141
02/05/2019,BRO,TX,ASW,CE,Federal Contract Tower,20,16,18,10,64,0,6,7,0,13,20,22,25,10,77,6,10,16,93
02/06/2019,BRO,TX,ASW,CE,Federal Contract Tower,19,10,8,16,53,0,5,2,1,8,19,15,10,17,61,0,166,166,227
02/07/2019,BRO,TX,ASW,CE,Federal Contract Tower,19,9,11,7,46,0,7,7,0,14,19,16,18,7,60,10,8,18,78
02/08/2019,BRO,TX,ASW,CE,Federal Contract Tower,18,14,6,7,45,0,4,7,0,11,18,18,13,7,56,16,14,30,86
02/09/2019,BRO,TX,ASW,CE,Federal Contract Tower,13,9,1,0,23,0,0,0,0,0,13,9,1,0,23,2,0,2,25
02/10/2019,BRO,TX,ASW,CE,Federal Contract Tower,16,13,21,0,50,0,9,13,0,22,16,22,34,0,72,24,0,24,96
02/11/2019,BRO,TX,ASW,CE,Federal Contract Tower,18,15,7,17,57,0,0,4,3,7,18,15,11,20,64,0,72,72,136
02/12/2019,BRO,TX,ASW,CE,Federal Contract Tower,21,13,13,8,55,0,2,10,0,12,21,15,23,8,67,2,6,8,75
02/13/2019,BRO,TX,ASW,CE,Federal Contract Tower,22,7,11,3,43,0,44,22,0,66,22,51,33,3,109,4,4,8,117
02/14/2019,BRO,TX,ASW,CE,Federal Contract Tower,13,16,9,16,54,0,9,8,0,17,13,25,17,16,71,0,4,4,75
02/15/2019,BRO,TX,ASW,CE,Federal Contract Tower,16,17,13,5,51,0,6,8,0,14,16,23,21,5,65,0,4,4,69
02/16/2019,BRO,TX,ASW,CE,Federal Contract Tower,20,3,5,2,30,0,1,8,0,9,20,4,13,2,39,2,0,2,41
02/17/2019,BRO,TX,ASW,CE,Federal Contract Tower,20,10,16,4,50,0,0,2,0,2,20,10,18,4,52,0,0,0,52
02/18/2019,BRO,TX,ASW,CE,Federal Contract Tower,13,16,13,0,42,0,0,1,0,1,13,16,14,0,43,2,0,2,45
02/19/2019,BRO,TX,ASW,CE,Federal Contract Tower,16,14,3,8,41,0,0,0,0,0,16,14,3,8,41,2,6,8,49
02/20/2019,BRO,TX,ASW,CE,Federal Contract Tower,16,13,4,2,35,0,5,6,0,11,16,18,10,2,46,0,0,0,46
02/21/2019,BRO,TX,ASW,CE,Federal Contract Tower,16,17,9,0,42,0,4,5,0,9,16,21,14,0,51,0,0,0,51
02/22/2019,BRO,TX,ASW,CE,Federal Contract Tower,19,9,7,0,35,0,0,2,0,2,19,9,9,0,37,0,0,0,37
02/23/2019,BRO,TX,ASW,CE,Federal Contract Tower,13,5,24,0,42,0,3,4,0,7,13,8,28,0,49,0,0,0,49
02/24/2019,BRO,TX,ASW,CE,Federal Contract Tower,16,13,13,2,44,0,2,9,0,11,16,15,22,2,55,0,2,2,57
02/25/2019,BRO,TX,ASW,CE,Federal Contract Tower,16,26,11,6,59,0,4,8,0,12,16,30,19,6,71,12,2,14,85
02/26/2019,BRO,TX,ASW,CE,Federal Contract Tower,23,15,11,0,49,0,0,3,0,3,23,15,14,0,52,0,0,0,52
02/27/2019,BRO,TX,ASW,CE,Federal Contract Tower,11,23,15,0,49,0,0,2,0,2,11,23,17,0,51,0,28,28,79
02/28/2019,BRO,TX,ASW,CE,Federal Contract Tower,21,18,11,15,65,0,8,5,1,14,21,26,16,16,79,0,10,10,89
03/01/2019,BRO,TX,ASW,CE,Federal Contract Tower,18,12,12,0,42,0,0,5,0,5,18,12,17,0,47,0,0,0,47
03/02/2019,BRO,TX,ASW,CE,Federal Contract Tower,15,9,1,0,25,0,0,12,0,12,15,9,13,0,37,4,0,4,41
03/03/2019,BRO,TX,ASW,CE,Federal Contract Tower,19,14,6,12,51,0,0,4,0,4,19,14,10,12,55,11,0,11,66
03/04/2019,BRO,TX,ASW,CE,Federal Contract Tower,18,17,16,2,53,0,0,0,0,0,18,17,16,2,53,0,2,2,55
03/05/2019,BRO,TX,ASW,CE,Federal Contract Tower,16,18,7,2,43,0,0,6,0,6,16,18,13,2,49,4,2,6,55
03/06/2019,BRO,TX,ASW,CE,Federal Contract Tower,10,18,24,4,56,0,5,9,0,14,10,23,33,4,70,0,4,4,74
03/07/2019,BRO,TX,ASW,CE,Federal Contract Tower,19,23,11,18,71,0,10,8,0,18,19,33,19,18,89,2,18,20,109
03/08/2019,BRO,TX,ASW,CE,Federal Contract Tower,18,14,14,5,51,0,2,1,3,6,18,16,15,8,57,0,32,32,89
03/09/2019,BRO,TX,ASW,CE,Federal Contract Tower,17,4,18,10,49,0,0,8,0,8,17,4,26,10,57,0,12,12,69
03/10/2019,BRO,TX,ASW,CE,Federal Contract Tower,14,7,14,4,39,0,1,2,0,3,14,8,16,4,42,0,0,0,42
03/11/2019,BRO,TX,ASW,CE,Federal Contract Tower,14,11,10,8,43,0,0,15,0,15,14,11,25,8,58,10,10,20,78
03/12/2019,BRO,TX,ASW,CE,Federal Contract Tower,23,8,6,9,46,0,1,5,1,7,23,9,11,10,53,20,24,44,97
03/13/2019,BRO,TX,ASW,CE,Federal Contract Tower,17,10,6,1,34,0,0,4,0,4,17,10,10,1,38,0,0,0,38
03/14/2019,BRO,TX,ASW,CE,Federal Contract Tower,20,18,16,0,54,0,0,4,0,4,20,18,20,0,58,0,0,0,58
03/15/2019,BRO,TX,ASW,CE,Federal Contract Tower,19,13,21,11,64,0,4,6,6,16,19,17,27,17,80,0,42,42,122
03/16/2019,BRO,TX,ASW,CE,Federal Contract Tower,14,11,16,0,41,0,0,4,0,4,14,11,20,0,45,0,0,0,45
03/17/2019,BRO,TX,ASW,CE,Federal Contract Tower,13,13,13,2,41,0,2,4,0,6,13,15,17,2,47,0,0,0,47
03/18/2019,BRO,TX,ASW,CE,Federal Contract Tower,14,16,19,4,53,0,1,10,0,11,14,17,29,4,64,0,4,4,68
03/19/2019,BRO,TX,ASW,CE,Federal Contract Tower,21,7,8,14,50,0,0,3,3,6,21,7,11,17,56,0,8,8,64
03/20/2019,BRO,TX,ASW,CE,Federal Contract Tower,16,7,17,2,42,0,1,1,0,2,16,8,18,2,44,0,2,2,46
03/21/2019,BRO,TX,ASW,CE,Federal Contract Tower,17,10,9,8,44,0,3,9,0,12,17,13,18,8,56,30,8,38,94
03/22/2019,BRO,TX,ASW,CE,Federal Contract Tower,19,2,9,6,36,0,0,19,2,21,19,2,28,8,57,42,6,48,105
03/23/2019,BRO,TX,ASW,CE,Federal Contract Tower,16,7,3,0,26,0,3,14,0,17,16,10,17,0,43,0,0,0,43
03/24/2019,BRO,TX,ASW,CE,Federal Contract Tower,13,7,10,2,32,0,0,12,0,12,13,7,22,2,44,14,2,16,60
03/25/2019,BRO,TX,ASW,CE,Federal Contract Tower,15,4,6,7,32,0,1,3,2,6,15,5,9,9,38,6,24,30,68
03/26/2019,BRO,TX,ASW,CE,Federal Contract Tower,19,7,7,14,47,0,0,9,0,9,19,7,16,14,56,10,14,24,80
03/27/2019,BRO,TX,ASW,CE,Federal Contract Tower,19,10,12,15,56,0,2,17,4,23,19,12,29,19,79,0,164,164,243
03/28/2019,BRO,TX,ASW,CE,Federal Contract Tower,17,8,12,6,43,0,3,20,0,23,17,11,32,6,66,8,6,14,80
03/29/2019,BRO,TX,ASW,CE,Federal Contract Tower,16,7,15,1,39,0,2,20,0,22,16,9,35,1,61,0,2,2,63
03/30/2019,BRO,TX,ASW,CE,Federal Contract Tower,16,6,5,0,27,0,8,3,0,11,16,14,8,0,38,14,0,14,52
03/31/2019,BRO,TX,ASW,CE,Federal Contract Tower,6,13,4,0,23,0,0,0,0,0,6,13,4,0,23,0,0,0,23
04/01/2019,BRO,TX,ASW,CE,Federal Contract Tower,16,9,14,2,41,0,0,0,0,0,16,9,14,2,41,0,2,2,43
04/02/2019,BRO,TX,ASW,CE,Federal Contract Tower,12,16,10,10,48,0,0,15,0,15,12,16,25,10,63,25,10,35,98
04/03/2019,BRO,TX,ASW,CE,Federal Contract Tower,15,13,5,12,45,0,0,7,0,7,15,13,12,12,52,0,10,10,62
04/04/2019,BRO,TX,ASW,CE,Federal Contract Tower,16,18,16,19,69,0,2,8,0,10,16,20,24,19,79,0,18,18,97
04/05/2019,BRO,TX,ASW,CE,Federal Contract Tower,21,6,15,5,47,0,0,10,0,10,21,6,25,5,57,0,12,12,69
04/06/2019,BRO,TX,ASW,CE,Federal Contract Tower,16,2,19,2,39,0,0,4,0,4,16,2,23,2,43,0,0,0,43
04/07/2019,BRO,TX,ASW,CE,Federal Contract Tower,9,12,12,2,35,0,0,4,0,4,9,12,16,2,39,0,2,2,41
04/08/2019,BRO,TX,ASW,CE,Federal Contract Tower,15,12,9,4,40,0,1,13,6,20,15,13,22,10,60,8,52,60,120
04/09/2019,BRO,TX,ASW,CE,Federal Contract Tower,15,8,3,5,31,0,0,14,0,14,15,8,17,5,45,0,2,2,47
04/10/2019,BRO,TX,ASW,CE,Federal Contract Tower,18,11,3,5,37,0,0,8,1,9,18,11,11,6,46,0,4,4,50
04/11/2019,BRO,TX,ASW,CE,Federal Contract Tower,17,16,18,2,53,0,0,17,2,19,17,16,35,4,72,4,2,6,78
04/12/2019,BRO,TX,ASW,CE,Federal Contract Tower,22,16,22,0,60,0,0,14,0,14,22,16,36,0,74,0,0,0,74
04/13/2019,BRO,TX,ASW,CE,Federal Contract Tower,21,18,13,0,52,0,2,23,0,25,21,20,36,0,77,0,0,0,77
04/14/2019,BRO,TX,ASW,CE,Federal Contract Tower,12,9,10,0,31,0,10,16,0,26,12,19,26,0,57,4,0,4,61
04/15/2019,BRO,TX,ASW,CE,Federal Contract Tower,21,22,16,0,59,0,1,20,0,21,21,23,36,0,80,10,0,10,90
04/16/2019,BRO,TX,ASW,CE,Federal Contract Tower,13,15,23,0,51,0,2,12,2,16,13,17,35,2,67,10,20,30,97
04/17/2019,BRO,TX,ASW,CE,Federal Contract Tower,16,16,23,0,55,0,0,7,0,7,16,16,30,0,62,0,0,0,62
04/18/2019,BRO,TX,ASW,CE,Federal Contract Tower,14,6,27,0,47,0,0,20,0,20,14,6,47,0,67,0,0,0,67
04/19/2019,BRO,TX,ASW,CE,Federal Contract Tower,15,9,8,0,32,0,2,20,0,22,15,11,28,0,54,12,0,12,66
04/20/2019,BRO,TX,ASW,CE,Federal Contract Tower,14,19,24,0,57,0,4,20,0,24,14,23,44,0,81,0,0,0,81
04/21/2019,BRO,TX,ASW,CE,Federal Contract Tower,14,31,31,0,76,0,8,18,0,26,14,39,49,0,102,0,0,0,102
04/22/2019,BRO,TX,ASW,CE,Federal Contract Tower,14,22,31,4,71,0,3,11,0,14,14,25,42,4,85,0,6,6,91
04/23/2019,BRO,TX,ASW,CE,Federal Contract Tower,13,15,21,7,56,0,3,9,0,12,13,18,30,7,68,0,0,0,68
04/24/2019,BRO,TX,ASW,CE,Federal Contract Tower,19,27,19,17,82,0,2,11,5,18,19,29,30,22,100,20,54,74,174
04/25/2019,BRO,TX,ASW,CE,Federal Contract Tower,15,28,12,8,63,0,2,22,4,28,15,30,34,12,91,14,68,82,173
04/26/2019,BRO,TX,ASW,CE,Federal Contract Tower,17,14,18,8,57,0,0,22,0,22,17,14,40,8,79,24,2,26,105
04/27/2019,BRO,TX,ASW,CE,Federal Contract Tower,17,26,24,0,67,0,0,29,3,32,17,26,53,3,99,0,44,44,143
04/28/2019,BRO,TX,ASW,CE,Federal Contract Tower,12,33,27,0,72,0,5,19,1,25,12,38,46,1,97,0,0,0,97
04/29/2019,BRO,TX,ASW,CE,Federal Contract Tower,14,6,10,15,45,0,0,7,0,7,14,6,17,15,52,6,36,42,94
04/30/2019,BRO,TX,ASW,CE,Federal Contract Tower,13,4,6,8,31,0,2,12,0,14,13,6,18,8,45,15,8,23,68
05/01/2019,BRO,TX,ASW,CE,Federal Contract Tower,11,7,7,6,31,0,5,9,0,14,11,12,16,6,45,0,6,6,51
05/02/2019,BRO,TX,ASW,CE,Federal Contract Tower,9,9,6,12,36,0,8,5,8,21,9,17,11,20,57,0,52,52,109
05/03/2019,BRO,TX,ASW,CE,Federal Contract Tower,13,9,9,0,31,0,0,7,0,7,13,9,16,0,38,36,0,36,74
05/04/2019,BRO,TX,ASW,CE,Federal Contract Tower,11,5,4,0,20,0,0,3,0,3,11,5,7,0,23,0,0,0,23
05/05/2019,BRO,TX,ASW,CE,Federal Contract Tower,13,7,7,2,29,0,0,22,0,22,13,7,29,2,51,32,2,34,85
05/06/2019,BRO,TX,ASW,CE,Federal Contract Tower,12,10,7,11,40,0,0,10,4,14,12,10,17,15,54,40,50,90,144
05/07/2019,BRO,TX,ASW,CE,Federal Contract Tower,16,13,11,22,62,0,0,14,3,17,16,13,25,25,79,42,42,84,163
05/08/2019,BRO,TX,ASW,CE,Federal Contract Tower,11,14,10,11,46,0,8,3,0,11,11,22,13,11,57,0,10,10,67
05/09/2019,BRO,TX,ASW,CE,Federal Contract Tower,10,12,11,12,45,0,0,1,0,1,10,12,12,12,46,2,12,14,60
05/10/2019,BRO,TX,ASW,CE,Federal Contract Tower,22,9,6,2,39,0,0,1,0,1,22,9,7,2,40,2,0,2,42
05/11/2019,BRO,TX,ASW,CE,Federal Contract Tower,13,3,9,4,29,0,0,3,0,3,13,3,12,4,32,0,6,6,38
05/12/2019,BRO,TX,ASW,CE,Federal Contract Tower,12,11,11,6,40,0,0,1,0,1,12,11,12,6,41,0,0,0,41
05/13/2019,BRO,TX,ASW,CE,Federal Contract Tower,12,17,10,0,39,0,0,8,0,8,12,17,18,0,47,0,0,0,47
05/14/2019,BRO,TX,ASW,CE,Federal Contract Tower,15,11,13,6,45,0,1,6,0,7,15,12,19,6,52,0,6,6,58
05/15/2019,BRO,TX,ASW,CE,Federal Contract Tower,13,15,15,0,43,0,5,10,0,15,13,20,25,0,58,6,0,6,64
05/16/2019,BRO,TX,ASW,CE,Federal Contract Tower,13,12,14,2,41,0,0,13,0,13,13,12,27,2,54,0,4,4,58
05/17/2019,BRO,TX,ASW,CE,Federal Contract Tower,15,13,17,0,45,0,2,13,4,19,15,15,30,4,64,0,60,60,124
05/18/2019,BRO,TX,ASW,CE,Federal Contract Tower,16,8,6,0,30,0,0,1,0,1,16,8,7,0,31,2,0,2,33
05/19/2019,BRO,TX,ASW,CE,Federal Contract Tower,11,10,17,4,42,0,0,7,0,7,11,10,24,4,49,0,4,4,53
05/20/2019,BRO,TX,ASW,CE,Federal Contract Tower,16,12,3,2,33,0,1,8,0,9,16,13,11,2,42,20,2,22,64
05/21/2019,BRO,TX,ASW,CE,Federal Contract Tower,19,17,7,10,53,0,0,5,0,5,19,17,12,10,58,20,10,30,88
05/22/2019,BRO,TX,ASW,CE,Federal Contract Tower,18,15,8,6,47,0,2,9,0,11,18,17,17,6,58,0,4,4,62
05/23/2019,BRO,TX,ASW,CE,Federal Contract Tower,19,12,16,12,59,0,3,15,0,18,19,15,31,12,77,6,8,14,91
05/24/2019,BRO,TX,ASW,CE,Federal Contract Tower,14,20,15,4,53,0,0,11,4,15,14,20,26,8,68,2,52,54,122
05/25/2019,BRO,TX,ASW,CE,Federal Contract Tower,12,11,6,0,29,0,1,16,0,17,12,12,22,0,46,0,0,0,46
05/26/2019,BRO,TX,ASW,CE,Federal Contract Tower,9,9,10,0,28,0,0,8,1,9,9,9,18,1,37,0,10,10,47
05/27/2019,BRO,TX,ASW,CE,Federal Contract Tower,12,14,15,0,41,0,0,16,0,16,12,14,31,0,57,20,0,20,77
05/28/2019,BRO,TX,ASW,CE,Federal Contract Tower,11,14,6,6,37,0,1,7,0,8,11,15,13,6,45,0,6,6,51
05/29/2019,BRO,TX,ASW,CE,Federal Contract Tower,15,11,12,10,48,0,4,1,0,5,15,15,13,10,53,0,10,10,63
05/30/2019,BRO,TX,ASW,CE,Federal Contract Tower,14,13,10,6,43,0,1,4,1,6,14,14,14,7,49,4,8,12,61
05/31/2019,BRO,TX,ASW,CE,Federal Contract Tower,17,12,17,2,48,0,4,20,0,24,17,16,37,2,72,0,0,0,72
06/01/2019,BRO,TX,ASW,CE,Federal Contract Tower,10,8,8,0,26,0,0,13,0,13,10,8,21,0,39,0,0,0,39
06/02/2019,BRO,TX,ASW,CE,Federal Contract Tower,13,12,11,0,36,0,1,20,0,21,13,13,31,0,57,0,0,0,57
06/03/2019,BRO,TX,ASW,CE,Federal Contract Tower,19,13,15,4,51,0,0,9,0,9,19,13,24,4,60,6,4,10,70
06/04/2019,BRO,TX,ASW,CE,Federal Contract Tower,10,9,14,2,35,0,0,9,0,9,10,9,23,2,44,0,2,2,46
06/05/2019,BRO,TX,ASW,CE,Federal Contract Tower,19,12,9,7,47,0,0,3,0,3,19,12,12,7,50,0,8,8,58
06/06/2019,BRO,TX,ASW,CE,Federal Contract Tower,15,16,16,1,48,0,4,11,2,17,15,20,27,3,65,2,2,4,69
06/07/2019,BRO,TX,ASW,CE,Federal Contract Tower,19,7,20,2,48,0,3,18,0,21,19,10,38,2,69,10,2,12,81
06/08/2019,BRO,TX,ASW,CE,Federal Contract Tower,11,10,3,2,26,0,6,11,0,17,11,16,14,2,43,2,0,2,45
06/09/2019,BRO,TX,ASW,CE,Federal Contract Tower,4,12,28,2,46,0,0,19,0,19,4,12,47,2,65,0,0,0,65
06/10/2019,BRO,TX,ASW,CE,Federal Contract Tower,16,11,9,0,36,0,0,2,2,4,16,11,11,2,40,0,44,44,84
06/12/2019,BRO,TX,ASW,CE,Federal Contract Tower,19,5,15,6,45,0,0,12,0,12,19,5,27,6,57,0,8,8,65
06/13/2019,BRO,TX,ASW,CE,Federal Contract Tower,19,12,10,10,51,0,2,12,4,18,19,14,22,14,69,0,18,18,87
06/14/2019,BRO,TX,ASW,CE,Federal Contract Tower,19,13,13,1,46,0,0,36,0,36,19,13,49,1,82,7,2,9,91
06/15/2019,BRO,TX,ASW,CE,Federal Contract Tower,12,15,9,4,40,0,1,15,0,16,12,16,24,4,56,30,0,30,86
06/16/2019,BRO,TX,ASW,CE,Federal Contract Tower,9,8,7,4,28,0,0,17,0,17,9,8,24,4,45,26,4,30,75
06/17/2019,BRO,TX,ASW,CE,Federal Contract Tower,15,19,18,6,58,0,0,18,0,18,15,19,36,6,76,32,6,38,114
06/18/2019,BRO,TX,ASW,CE,Federal Contract Tower,20,7,10,12,49,0,0,23,0,23,20,7,33,12,72,12,12,24,96
06/19/2019,BRO,TX,ASW,CE,Federal Contract Tower,24,15,13,4,56,0,6,17,0,23,24,21,30,4,79,0,4,4,83
06/20/2019,BRO,TX,ASW,CE,Federal Contract Tower,18,15,28,4,65,0,0,10,0,10,18,15,38,4,75,0,0,0,75
06/21/2019,BRO,TX,ASW,CE,Federal Contract Tower,13,23,19,3,58,0,0,9,2,11,13,23,28,5,69,0,6,6,75
06/22/2019,BRO,TX,ASW,CE,Federal Contract Tower,8,16,11,2,37,0,22,13,0,35,8,38,24,2,72,118,0,118,190
06/23/2019,BRO,TX,ASW,CE,Federal Contract Tower,12,22,24,2,60,0,14,22,0,36,12,36,46,2,96,86,2,88,184
06/24/2019,BRO,TX,ASW,CE,Federal Contract Tower,15,18,13,8,54,0,0,3,2,5,15,18,16,10,59,16,28,44,103
06/25/2019,BRO,TX,ASW,CE,Federal Contract Tower,11,12,11,4,38,0,8,19,0,27,11,20,30,4,65,148,4,152,217
06/26/2019,BRO,TX,ASW,CE,Federal Contract Tower,13,28,10,2,53,0,5,18,0,23,13,33,28,2,76,0,2,2,78
06/27/2019,BRO,TX,ASW,CE,Federal Contract Tower,14,19,20,7,60,0,6,23,9,38,14,25,43,16,98,68,124,192,290
06/28/2019,BRO,TX,ASW,CE,Federal Contract Tower,16,28,13,5,62,0,1,36,0,37,16,29,49,5,99,60,2,62,161
06/29/2019,BRO,TX,ASW,CE,Federal Contract Tower,12,17,11,7,47,0,14,27,0,41,12,31,38,7,88,58,6,64,152
06/30/2019,BRO,TX,ASW,CE,Federal Contract Tower,8,28,14,0,50,0,4,14,0,18,8,32,28,0,68,0,0,0,68
07/01/2019,BRO,TX,ASW,CE,Federal Contract Tower,14,16,21,5,56,0,3,10,0,13,14,19,31,5,69,0,10,10,79
07/02/2019,BRO,TX,ASW,CE,Federal Contract Tower,15,18,8,14,55,0,1,5,0,6,15,19,13,14,61,0,14,14,75
07/03/2019,BRO,TX,ASW,CE,Federal Contract Tower,18,13,19,6,56,0,0,11,0,11,18,13,30,6,67,32,2,34,101
07/04/2019,BRO,TX,ASW,CE,Federal Contract Tower,10,11,7,0,28,0,2,11,2,15,10,13,18,2,43,0,0,0,43
07/05/2019,BRO,TX,ASW,CE,Federal Contract Tower,10,26,7,4,47,0,0,12,6,18,10,26,19,10,65,0,12,12,77
07/06/2019,BRO,TX,ASW,CE,Federal Contract Tower,9,21,14,2,46,0,2,15,0,17,9,23,29,2,63,2,2,4,67
07/07/2019,BRO,TX,ASW,CE,Federal Contract Tower,6,23,30,0,59,0,0,16,0,16,6,23,46,0,75,0,0,0,75
07/08/2019,BRO,TX,ASW,CE,Federal Contract Tower,14,19,18,12,63,0,3,9,4,16,14,22,27,16,79,0,94,94,173
07/09/2019,BRO,TX,ASW,CE,Federal Contract Tower,12,18,6,12,48,0,2,4,0,6,12,20,10,12,54,0,14,14,68
07/10/2019,BRO,TX,ASW,CE,Federal Contract Tower,13,26,15,4,58,0,3,13,0,16,13,29,28,4,74,0,4,4,78
07/11/2019,BRO,TX,ASW,CE,Federal Contract Tower,14,17,11,8,50,0,2,16,0,18,14,19,27,8,68,6,4,10,78
07/12/2019,BRO,TX,ASW,CE,Federal Contract Tower,13,33,22,2,70,0,18,12,0,30,13,51,34,2,100,60,2,62,162
07/13/2019,BRO,TX,ASW,CE,Federal Contract Tower,9,16,20,0,45,0,2,13,0,15,9,18,33,0,60,0,0,0,60
07/14/2019,BRO,TX,ASW,CE,Federal Contract Tower,8,21,18,0,47,0,2,11,0,13,8,23,29,0,60,0,0,0,60
07/15/2019,BRO,TX,ASW,CE,Federal Contract Tower,15,21,15,10,61,0,2,18,2,22,15,23,33,12,83,0,28,28,111
07/16/2019,BRO,TX,ASW,CE,Federal Contract Tower,13,14,9,20,56,0,0,9,0,9,13,14,18,20,65,0,20,20,85
07/17/2019,BRO,TX,ASW,CE,Federal Contract Tower,16,16,17,4,53,0,1,25,0,26,16,17,42,4,79,2,6,8,87
07/18/2019,BRO,TX,ASW,CE,Federal Contract Tower,14,23,35,3,75,0,2,27,0,29,14,25,62,3,104,6,4,10,114
07/19/2019,BRO,TX,ASW,CE,Federal Contract Tower,18,26,29,5,78,0,1,18,0,19,18,27,47,5,97,10,4,14,111
07/20/2019,BRO,TX,ASW,CE,Federal Contract Tower,12,19,19,4,54,0,2,25,0,27,12,21,44,4,81,2,4,6,87
07/21/2019,BRO,TX,ASW,CE,Federal Contract Tower,8,34,20,4,66,0,0,18,0,18,8,34,38,4,84,0,0,0,84
07/22/2019,BRO,TX,ASW,CE,Federal Contract Tower,11,23,16,4,54,0,3,11,4,18,11,26,27,8,72,0,24,24,96
07/23/2019,BRO,TX,ASW,CE,Federal Contract Tower,13,22,14,0,49,0,4,13,0,17,13,26,27,0,66,0,0,0,66
07/24/2019,BRO,TX,ASW,CE,Federal Contract Tower,13,17,17,1,48,0,6,13,0,19,13,23,30,1,67,2,2,4,71
07/25/2019,BRO,TX,ASW,CE,Federal Contract Tower,13,37,17,7,74,0,1,20,2,23,13,38,37,9,97,0,26,26,123
07/26/2019,BRO,TX,ASW,CE,Federal Contract Tower,14,34,24,1,73,0,9,17,4,30,14,43,41,5,103,2,2,4,107
07/27/2019,BRO,TX,ASW,CE,Federal Contract Tower,10,26,24,1,61,0,4,26,0,30,10,30,50,1,91,0,12,12,103
07/28/2019,BRO,TX,ASW,CE,Federal Contract Tower,6,36,24,0,66,0,1,25,0,26,6,37,49,0,92,12,0,12,104
07/29/2019,BRO,TX,ASW,CE,Federal Contract Tower,10,18,25,11,64,0,5,24,0,29,10,23,49,11,93,6,8,14,107
07/30/2019,BRO,TX,ASW,CE,Federal Contract Tower,13,30,5,4,52,0,9,12,2,23,13,39,17,6,75,0,12,12,87
07/31/2019,BRO,TX,ASW,CE,Federal Contract Tower,12,24,28,5,69,0,4,12,0,16,12,28,40,5,85,6,8,14,99
08/01/2019,BRO,TX,ASW,CE,Federal Contract Tower,12,32,38,0,82,0,5,18,1,24,12,37,56,1,106,8,0,8,114
08/02/2019,BRO,TX,ASW,CE,Federal Contract Tower,13,19,27,2,61,0,8,19,2,29,13,27,46,4,90,12,76,88,178
08/03/2019,BRO,TX,ASW,CE,Federal Contract Tower,9,16,9,2,36,0,9,19,0,28,9,25,28,2,64,4,2,6,70
08/04/2019,BRO,TX,ASW,CE,Federal Contract Tower,9,51,22,4,86,0,4,20,0,24,9,55,42,4,110,0,4,4,114
08/05/2019,BRO,TX,ASW,CE,Federal Contract Tower,15,23,15,5,58,0,4,20,0,24,15,27,35,5,82,0,6,6,88
08/06/2019,BRO,TX,ASW,CE,Federal Contract Tower,14,12,12,8,46,0,4,8,6,18,14,16,20,14,64,70,8,78,142
08/07/2019,BRO,TX,ASW,CE,Federal Contract Tower,10,16,25,4,55,0,8,18,2,28,10,24,43,6,83,0,4,4,87
08/08/2019,BRO,TX,ASW,CE,Federal Contract Tower,14,22,23,6,65,0,4,14,0,18,14,26,37,6,83,2,4,6,89
08/09/2019,BRO,TX,ASW,CE,Federal Contract Tower,14,16,8,10,48,0,1,10,0,11,14,17,18,10,59,0,10,10,69
08/10/2019,BRO,TX,ASW,CE,Federal Contract Tower,7,23,14,10,54,0,0,18,0,18,7,23,32,10,72,0,6,6,78
08/11/2019,BRO,TX,ASW,CE,Federal Contract Tower,10,22,8,4,44,0,5,22,2,29,10,27,30,6,73,0,4,4,77
08/12/2019,BRO,TX,ASW,CE,Federal Contract Tower,18,14,7,2,41,0,1,16,2,19,18,15,23,4,60,0,2,2,62
08/13/2019,BRO,TX,ASW,CE,Federal Contract Tower,11,10,4,8,33,0,6,10,0,16,11,16,14,8,49,2,8,10,59
08/14/2019,BRO,TX,ASW,CE,Federal Contract Tower,16,11,13,26,66,0,2,16,4,22,16,13,29,30,88,0,36,36,124
08/15/2019,BRO,TX,ASW,CE,Federal Contract Tower,10,11,17,7,45,0,4,14,3,21,10,15,31,10,66,0,80,80,146
08/16/2019,BRO,TX,ASW,CE,Federal Contract Tower,18,7,15,4,44,0,0,22,3,25,18,7,37,7,69,12,30,42,111
08/17/2019,BRO,TX,ASW,CE,Federal Contract Tower,5,14,1,4,24,0,5,19,0,24,5,19,20,4,48,0,0,0,48
08/18/2019,BRO,TX,ASW,CE,Federal Contract Tower,4,18,16,2,40,0,9,19,2,30,4,27,35,4,70,4,2,6,76
08/19/2019,BRO,TX,ASW,CE,Federal Contract Tower,13,12,14,10,49,0,5,9,2,16,13,17,23,12,65,0,78,78,143
08/20/2019,BRO,TX,ASW,CE,Federal Contract Tower,9,12,13,8,42,0,0,17,6,23,9,12,30,14,65,2,44,46,111
08/21/2019,BRO,TX,ASW,CE,Federal Contract Tower,7,14,17,4,42,0,7,15,1,23,7,21,32,5,65,0,2,2,67
08/22/2019,BRO,TX,ASW,CE,Federal Contract Tower,9,16,14,14,53,0,10,10,0,20,9,26,24,14,73,0,0,0,73
08/23/2019,BRO,TX,ASW,CE,Federal Contract Tower,11,19,6,6,42,0,3,16,0,19,11,22,22,6,61,0,6,6,67
08/24/2019,BRO,TX,ASW,CE,Federal Contract Tower,4,11,4,2,21,0,4,17,0,21,4,15,21,2,42,0,2,2,44
08/25/2019,BRO,TX,ASW,CE,Federal Contract Tower,8,14,8,0,30,0,0,14,0,14,8,14,22,0,44,0,0,0,44
08/26/2019,BRO,TX,ASW,CE,Federal Contract Tower,15,15,11,6,47,0,0,11,0,11,15,15,22,6,58,0,6,6,64
08/27/2019,BRO,TX,ASW,CE,Federal Contract Tower,13,13,15,17,58,0,2,7,1,10,13,15,22,18,68,0,38,38,106
08/28/2019,BRO,TX,ASW,CE,Federal Contract Tower,11,11,9,4,35,0,2,11,0,13,11,13,20,4,48,2,4,6,54
08/29/2019,BRO,TX,ASW,CE,Federal Contract Tower,11,17,16,10,54,0,0,16,1,17,11,17,32,11,71,0,42,42,113
08/30/2019,BRO,TX,ASW,CE,Federal Contract Tower,9,14,8,2,33,0,0,16,0,16,9,14,24,2,49,6,15,21,70
08/31/2019,BRO,TX,ASW,CE,Federal Contract Tower,5,12,4,10,31,0,0,14,0,14,5,12,18,10,45,2,6,8,53
09/01/2019,BRO,TX,ASW,CE,Federal Contract Tower,4,18,18,0,40,0,0,19,0,19,4,18,37,0,59,4,0,4,63
09/02/2019,BRO,TX,ASW,CE,Federal Contract Tower,9,13,18,0,40,0,0,2,0,2,9,13,20,0,42,0,0,0,42
09/03/2019,BRO,TX,ASW,CE,Federal Contract Tower,12,15,11,0,38,0,0,0,0,0,12,15,11,0,38,0,0,0,38
09/04/2019,BRO,TX,ASW,CE,Federal Contract Tower,9,13,8,0,30,0,0,0,0,0,9,13,8,0,30,0,0,0,30
09/05/2019,BRO,TX,ASW,CE,Federal Contract Tower,16,11,4,0,31,0,0,14,0,14,16,11,18,0,45,4,0,4,49
09/06/2019,BRO,TX,ASW,CE,Federal Contract Tower,15,17,19,6,57,0,0,13,0,13,15,17,32,6,70,1,0,1,71
09/07/2019,BRO,TX,ASW,CE,Federal Contract Tower,10,8,6,4,28,0,0,18,0,18,10,8,24,4,46,0,0,0,46
09/08/2019,BRO,TX,ASW,CE,Federal Contract Tower,8,15,15,0,38,0,0,11,0,11,8,15,26,0,49,0,0,0,49
09/09/2019,BRO,TX,ASW,CE,Federal Contract Tower,17,7,7,4,35,0,0,8,0,8,17,7,15,4,43,0,4,4,47
09/10/2019,BRO,TX,ASW,CE,Federal Contract Tower,14,9,7,20,50,0,0,3,0,3,14,9,10,20,53,0,20,20,73
09/11/2019,BRO,TX,ASW,CE,Federal Contract Tower,12,10,21,8,51,0,0,9,0,9,12,10,30,8,60,0,8,8,68
09/12/2019,BRO,TX,ASW,CE,Federal Contract Tower,17,19,22,0,58,0,4,7,0,11,17,23,29,0,69,0,0,0,69
09/13/2019,BRO,TX,ASW,CE,Federal Contract Tower,14,53,15,4,86,0,5,4,2,11,14,58,19,6,97,0,0,0,97
09/14/2019,BRO,TX,ASW,CE,Federal Contract Tower,7,10,7,0,24,0,0,13,0,13,7,10,20,0,37,2,0,2,39
09/15/2019,BRO,TX,ASW,CE,Federal Contract Tower,6,18,8,0,32,0,0,11,0,11,6,18,19,0,43,0,0,0,43
09/16/2019,BRO,TX,ASW,CE,Federal Contract Tower,12,13,54,0,79,0,0,23,0,23,12,13,77,0,102,0,0,0,102
09/17/2019,BRO,TX,ASW,CE,Federal Contract Tower,10,19,20,2,51,0,2,14,3,19,10,21,34,5,70,0,70,70,140
09/18/2019,BRO,TX,ASW,CE,Federal Contract Tower,14,9,13,6,42,0,1,9,0,10,14,10,22,6,52,4,6,10,62
09/19/2019,BRO,TX,ASW,CE,Federal Contract Tower,16,4,20,16,56,0,2,13,0,15,16,6,33,16,71,0,76,76,147
09/20/2019,BRO,TX,ASW,CE,Federal Contract Tower,12,18,8,10,48,0,2,12,0,14,12,20,20,10,62,0,8,8,70
09/21/2019,BRO,TX,ASW,CE,Federal Contract Tower,8,9,4,0,21,0,0,17,0,17,8,9,21,0,38,6,0,6,44
09/22/2019,BRO,TX,ASW,CE,Federal Contract Tower,11,17,10,2,40,0,0,16,0,16,11,17,26,2,56,4,2,6,62
09/23/2019,BRO,TX,ASW,CE,Federal Contract Tower,17,9,13,18,57,0,0,9,0,9,17,9,22,18,66,0,14,14,80
09/24/2019,BRO,TX,ASW,CE,Federal Contract Tower,11,10,12,16,49,0,3,12,0,15,11,13,24,16,64,6,14,20,84
09/25/2019,BRO,TX,ASW,CE,Federal Contract Tower,17,19,14,6,56,0,0,9,0,9,17,19,23,6,65,0,6,6,71
09/26/2019,BRO,TX,ASW,CE,Federal Contract Tower,21,18,27,2,68,0,8,12,0,20,21,26,39,2,88,0,0,0,88
09/27/2019,BRO,TX,ASW,CE,Federal Contract Tower,15,14,10,2,41,0,0,11,0,11,15,14,21,2,52,0,0,0,52
09/28/2019,BRO,TX,ASW,CE,Federal Contract Tower,8,7,7,0,22,0,0,8,0,8,8,7,15,0,30,0,0,0,30
09/29/2019,BRO,TX,ASW,CE,Federal Contract Tower,13,20,25,0,58,0,0,16,0,16,13,20,41,0,74,0,0,0,74
09/30/2019,BRO,TX,ASW,CE,Federal Contract Tower,15,16,8,8,47,0,0,5,0,5,15,16,13,8,52,0,8,8,60
10/01/2019,BRO,TX,ASW,CE,Federal Contract Tower,17,12,7,11,47,0,0,4,4,8,17,12,11,15,55,0,42,42,97
10/02/2019,BRO,TX,ASW,CE,Federal Contract Tower,17,11,12,4,44,0,0,10,0,10,17,11,22,4,54,0,38,38,92
10/03/2019,BRO,TX,ASW,CE,Federal Contract Tower,17,11,5,12,45,0,0,5,0,5,17,11,10,12,50,0,4,4,54
10/04/2019,BRO,TX,ASW,CE,Federal Contract Tower,14,14,8,0,36,0,0,9,0,9,14,14,17,0,45,0,0,0,45
10/05/2019,BRO,TX,ASW,CE,Federal Contract Tower,10,4,2,15,31,0,0,12,0,12,10,4,14,15,43,0,0,0,43
10/06/2019,BRO,TX,ASW,CE,Federal Contract Tower,13,5,11,2,31,0,0,8,0,8,13,5,19,2,39,0,0,0,39
10/07/2019,BRO,TX,ASW,CE,Federal Contract Tower,17,13,4,4,38,0,0,6,0,6,17,13,10,4,44,0,4,4,48
10/08/2019,BRO,TX,ASW,CE,Federal Contract Tower,11,13,4,10,38,0,0,7,0,7,11,13,11,10,45,0,4,4,49
10/09/2019,BRO,TX,ASW,CE,Federal Contract Tower,19,11,8,10,48,0,0,10,0,10,19,11,18,10,58,0,2,2,60
10/10/2019,BRO,TX,ASW,CE,Federal Contract Tower,15,9,13,12,49,0,5,8,0,13,15,14,21,12,62,4,0,4,66
10/11/2019,BRO,TX,ASW,CE,Federal Contract Tower,13,13,12,4,42,0,0,1,0,1,13,13,13,4,43,0,0,0,43
10/12/2019,BRO,TX,ASW,CE,Federal Contract Tower,13,3,7,2,25,0,0,8,0,8,13,3,15,2,33,0,0,0,33
10/13/2019,BRO,TX,ASW,CE,Federal Contract Tower,14,8,12,0,34,0,0,2,2,4,14,8,14,2,38,0,0,0,38
10/14/2019,BRO,TX,ASW,CE,Federal Contract Tower,19,10,10,4,43,0,0,19,0,19,19,10,29,4,62,0,4,4,66
10/15/2019,BRO,TX,ASW,CE,Federal Contract Tower,12,10,26,8,56,0,1,6,0,7,12,11,32,8,63,0,8,8,71
10/16/2019,BRO,TX,ASW,CE,Federal Contract Tower,17,6,12,11,46,0,0,5,1,6,17,6,17,12,52,0,6,6,58
10/17/2019,BRO,TX,ASW,CE,Federal Contract Tower,15,7,14,10,46,0,0,2,0,2,15,7,16,10,48,0,0,0,48
10/18/2019,BRO,TX,ASW,CE,Federal Contract Tower,18,9,23,4,54,0,1,6,0,7,18,10,29,4,61,0,2,2,63
10/19/2019,BRO,TX,ASW,CE,Federal Contract Tower,5,7,6,4,22,0,4,10,0,14,5,11,16,4,36,6,0,6,42
10/20/2019,BRO,TX,ASW,CE,Federal Contract Tower,14,9,8,8,39,0,0,4,0,4,14,9,12,8,43,0,0,0,43
10/21/2019,BRO,TX,ASW,CE,Federal Contract Tower,13,13,11,6,43,0,0,2,0,2,13,13,13,6,45,0,6,6,51
10/22/2019,BRO,TX,ASW,CE,Federal Contract Tower,9,13,14,8,44,0,0,5,0,5,9,13,19,8,49,0,0,0,49
10/24/2019,BRO,TX,ASW,CE,Federal Contract Tower,12,15,8,11,46,0,2,6,0,8,12,17,14,11,54,0,0,0,54
10/25/2019,BRO,TX,ASW,CE,Federal Contract Tower,18,14,9,4,45,0,0,1,0,1,18,14,10,4,46,0,0,0,46
10/26/2019,BRO,TX,ASW,CE,Federal Contract Tower,8,2,9,6,25,0,0,7,0,7,8,2,16,6,32,0,0,0,32
10/27/2019,BRO,TX,ASW,CE,Federal Contract Tower,10,8,10,20,48,0,2,8,0,10,10,10,18,20,58,0,0,0,58
10/28/2019,BRO,TX,ASW,CE,Federal Contract Tower,12,17,9,12,50,0,0,10,0,10,12,17,19,12,60,2,10,12,72
10/29/2019,BRO,TX,ASW,CE,Federal Contract Tower,10,10,9,39,68,0,0,12,1,13,10,10,21,40,81,4,8,12,93
10/30/2019,BRO,TX,ASW,CE,Federal Contract Tower,15,9,7,41,72,0,0,8,3,11,15,9,15,44,83,0,70,70,153
10/31/2019,BRO,TX,ASW,CE,Federal Contract Tower,15,10,10,10,45,0,0,4,0,4,15,10,14,10,49,0,4,4,53
11/01/2019,BRO,TX,ASW,CE,Federal Contract Tower,14,16,6,4,40,0,0,11,0,11,14,16,17,4,51,0,24,24,75
11/02/2019,BRO,TX,ASW,CE,Federal Contract Tower,6,13,5,6,30,0,0,12,0,12,6,13,17,6,42,0,36,36,78
11/03/2019,BRO,TX,ASW,CE,Federal Contract Tower,8,14,9,0,31,0,0,0,0,0,8,14,9,0,31,4,0,4,35
11/04/2019,BRO,TX,ASW,CE,Federal Contract Tower,13,18,7,4,42,0,0,9,0,9,13,18,16,4,51,0,2,2,53
11/05/2019,BRO,TX,ASW,CE,Federal Contract Tower,13,13,9,9,44,0,0,15,1,16,13,13,24,10,60,0,0,0,60
11/06/2019,BRO,TX,ASW,CE,Federal Contract Tower,14,12,8,17,51,0,1,16,0,17,14,13,24,17,68,0,10,10,78
11/07/2019,BRO,TX,ASW,CE,Federal Contract Tower,13,21,10,15,59,0,0,9,1,10,13,21,19,16,69,0,0,0,69
11/08/2019,BRO,TX,ASW,CE,Federal Contract Tower,21,13,17,3,54,0,0,1,0,1,21,13,18,3,55,0,0,0,55
11/09/2019,BRO,TX,ASW,CE,Federal Contract Tower,9,20,8,4,41,0,0,7,0,7,9,20,15,4,48,0,4,4,52
11/10/2019,BRO,TX,ASW,CE,Federal Contract Tower,13,10,14,3,40,0,0,13,1,14,13,10,27,4,54,2,4,6,60
11/11/2019,BRO,TX,ASW,CE,Federal Contract Tower,16,12,12,2,42,0,8,10,0,18,16,20,22,2,60,2,0,2,62
11/12/2019,BRO,TX,ASW,CE,Federal Contract Tower,12,8,2,0,22,0,0,0,0,0,12,8,2,0,22,0,0,0,22
11/13/2019,BRO,TX,ASW,CE,Federal Contract Tower,19,22,12,0,53,0,0,5,0,5,19,22,17,0,58,0,0,0,58
11/14/2019,BRO,TX,ASW,CE,Federal Contract Tower,20,40,16,3,79,0,0,3,0,3,20,40,19,3,82,0,68,68,150
11/15/2019,BRO,TX,ASW,CE,Federal Contract Tower,23,33,20,0,76,0,0,16,2,18,23,33,36,2,94,0,12,12,106
11/16/2019,BRO,TX,ASW,CE,Federal Contract Tower,9,20,8,0,37,0,1,16,0,17,9,21,24,0,54,10,0,10,64
11/17/2019,BRO,TX,ASW,CE,Federal Contract Tower,14,10,13,0,37,0,0,18,0,18,14,10,31,0,55,0,0,0,55
11/18/2019,BRO,TX,ASW,CE,Federal Contract Tower,24,29,27,6,86,0,0,18,0,18,24,29,45,6,104,0,6,6,110
11/19/2019,BRO,TX,ASW,CE,Federal Contract Tower,11,31,9,28,79,0,2,16,0,18,11,33,25,28,97,0,4,4,101
11/20/2019,BRO,TX,ASW,CE,Federal Contract Tower,17,26,24,14,81,0,0,14,0,14,17,26,38,14,95,0,0,0,95
11/21/2019,BRO,TX,ASW,CE,Federal Contract Tower,16,32,10,15,73,0,0,11,0,11,16,32,21,15,84,0,6,6,90
11/22/2019,BRO,TX,ASW,CE,Federal Contract Tower,18,23,20,0,61,0,0,4,0,4,18,23,24,0,65,0,0,0,65
11/23/2019,BRO,TX,ASW,CE,Federal Contract Tower,8,14,12,6,40,0,0,3,0,3,8,14,15,6,43,0,0,0,43
11/24/2019,BRO,TX,ASW,CE,Federal Contract Tower,8,25,18,0,51,0,0,17,1,18,8,25,35,1,69,0,0,0,69
11/25/2019,BRO,TX,ASW,CE,Federal Contract Tower,11,21,20,6,58,0,4,26,0,30,11,25,46,6,88,4,4,8,96
11/26/2019,BRO,TX,ASW,CE,Federal Contract Tower,10,26,17,24,77,0,0,11,0,11,10,26,28,24,88,0,16,16,104
11/27/2019,BRO,TX,ASW,CE,Federal Contract Tower,11,27,14,4,56,0,0,6,0,6,11,27,20,4,62,0,4,4,66
11/28/2019,BRO,TX,ASW,CE,Federal Contract Tower,6,15,7,0,28,0,0,7,0,7,6,15,14,0,35,0,0,0,35
11/29/2019,BRO,TX,ASW,CE,Federal Contract Tower,12,15,6,0,33,0,0,1,0,1,12,15,7,0,34,0,0,0,34
11/30/2019,BRO,TX,ASW,CE,Federal Contract Tower,6,12,4,2,24,0,0,9,0,9,6,12,13,2,33,0,0,0,33
12/01/2019,BRO,TX,ASW,CE,Federal Contract Tower,5,16,13,0,34,0,0,14,0,14,5,16,27,0,48,0,0,0,48
12/02/2019,BRO,TX,ASW,CE,Federal Contract Tower,11,14,16,10,51,0,0,12,0,12,11,14,28,10,63,0,10,10,73
12/03/2019,BRO,TX,ASW,CE,Federal Contract Tower,9,25,10,18,62,0,0,21,5,26,9,25,31,23,88,0,76,76,164
12/04/2019,BRO,TX,ASW,CE,Federal Contract Tower,15,21,16,6,58,0,0,1,0,1,15,21,17,6,59,20,0,20,79
12/05/2019,BRO,TX,ASW,CE,Federal Contract Tower,16,29,18,0,63,0,0,7,0,7,16,29,25,0,70,4,0,4,74
12/06/2019,BRO,TX,ASW,CE,Federal Contract Tower,12,21,13,0,46,0,0,3,0,3,12,21,16,0,49,0,0,0,49
12/07/2019,BRO,TX,ASW,CE,Federal Contract Tower,11,9,9,0,29,0,0,5,0,5,11,9,14,0,34,4,0,4,38
12/08/2019,BRO,TX,ASW,CE,Federal Contract Tower,7,12,11,0,30,0,0,11,0,11,7,12,22,0,41,0,0,0,41
12/09/2019,BRO,TX,ASW,CE,Federal Contract Tower,14,23,3,2,42,0,0,4,2,6,14,23,7,4,48,0,36,36,84
12/10/2019,BRO,TX,ASW,CE,Federal Contract Tower,12,19,16,8,55,0,0,2,0,2,12,19,18,8,57,0,0,0,57
12/11/2019,BRO,TX,ASW,CE,Federal Contract Tower,15,23,18,2,58,0,0,9,0,9,15,23,27,2,67,2,0,2,69
12/12/2019,BRO,TX,ASW,CE,Federal Contract Tower,13,17,11,6,47,0,4,19,1,24,13,21,30,7,71,6,68,74,145
12/13/2019,BRO,TX,ASW,CE,Federal Contract Tower,13,18,9,5,45,0,0,15,0,15,13,18,24,5,60,0,0,0,60
12/14/2019,BRO,TX,ASW,CE,Federal Contract Tower,7,4,10,4,25,0,0,17,0,17,7,4,27,4,42,4,0,4,46
12/15/2019,BRO,TX,ASW,CE,Federal Contract Tower,7,8,8,0,23,0,0,5,0,5,7,8,13,0,28,0,0,0,28
12/16/2019,BRO,TX,ASW,CE,Federal Contract Tower,13,13,15,9,50,0,0,5,4,9,13,13,20,13,59,0,10,10,69
12/17/2019,BRO,TX,ASW,CE,Federal Contract Tower,15,12,7,6,40,0,0,13,0,13,15,12,20,6,53,0,6,6,59
12/18/2019,BRO,TX,ASW,CE,Federal Contract Tower,11,25,11,0,47,0,2,7,0,9,11,27,18,0,56,2,0,2,58
12/19/2019,BRO,TX,ASW,CE,Federal Contract Tower,14,12,15,0,41,0,1,17,4,22,14,13,32,4,63,0,0,0,63
12/20/2019,BRO,TX,ASW,CE,Federal Contract Tower,13,15,13,7,48,0,0,2,2,4,13,15,15,9,52,0,22,22,74
12/21/2019,BRO,TX,ASW,CE,Federal Contract Tower,6,5,14,0,25,0,0,3,0,3,6,5,17,0,28,0,0,0,28
12/22/2019,BRO,TX,ASW,CE,Federal Contract Tower,8,10,12,0,30,0,0,18,0,18,8,10,30,0,48,0,0,0,48
12/23/2019,BRO,TX,ASW,CE,Federal Contract Tower,10,13,4,0,27,0,1,10,0,11,10,14,14,0,38,14,0,14,52
12/24/2019,BRO,TX,ASW,CE,Federal Contract Tower,6,6,1,4,17,0,2,7,0,9,6,8,8,4,26,0,0,0,26
12/25/2019,BRO,TX,ASW,CE,Federal Contract Tower,7,10,12,0,29,0,0,1,0,1,7,10,13,0,30,0,0,0,30
12/26/2019,BRO,TX,ASW,CE,Federal Contract Tower,11,14,23,8,56,0,0,17,0,17,11,14,40,8,73,0,8,8,81
12/27/2019,BRO,TX,ASW,CE,Federal Contract Tower,12,14,17,6,49,0,1,15,0,16,12,15,32,6,65,4,6,10,75
12/28/2019,BRO,TX,ASW,CE,Federal Contract Tower,5,4,21,0,30,0,0,11,0,11,5,4,32,0,41,0,0,0,41
12/29/2019,BRO,TX,ASW,CE,Federal Contract Tower,8,7,15,0,30,0,0,2,0,2,8,7,17,0,32,0,0,0,32
12/30/2019,BRO,TX,ASW,CE,Federal Contract Tower,11,8,15,10,44,0,0,11,1,12,11,8,26,11,56,6,8,14,70
12/31/2019,BRO,TX,ASW,CE,Federal Contract Tower,8,11,3,4,26,0,0,9,0,9,8,11,12,4,35,10,4,14,49
01/01/2020,BRO,TX,ASW,CE,Federal Contract Tower,7,13,2,0,22,0,0,0,0,0,7,13,2,0,22,0,0,0,22
01/02/2020,BRO,TX,ASW,CE,Federal Contract Tower,11,15,12,8,46,0,0,10,2,12,11,15,22,10,58,0,4,4,62
01/03/2020,BRO,TX,ASW,CE,Federal Contract Tower,11,11,13,0,35,0,0,11,0,11,11,11,24,0,46,0,0,0,46
01/04/2020,BRO,TX,ASW,CE,Federal Contract Tower,6,10,19,14,49,0,0,18,0,18,6,10,37,14,67,0,2,2,69
01/05/2020,BRO,TX,ASW,CE,Federal Contract Tower,7,18,16,4,45,0,0,12,0,12,7,18,28,4,57,8,0,8,65
01/06/2020,BRO,TX,ASW,CE,Federal Contract Tower,14,12,12,0,38,0,1,10,0,11,14,13,22,0,49,0,0,0,49
01/07/2020,BRO,TX,ASW,CE,Federal Contract Tower,13,5,14,8,40,0,0,14,0,14,13,5,28,8,54,2,4,6,60
01/08/2020,BRO,TX,ASW,CE,Federal Contract Tower,11,9,11,4,35,0,0,7,6,13,11,9,18,10,48,0,44,44,92
01/09/2020,BRO,TX,ASW,CE,Federal Contract Tower,12,9,17,2,40,0,0,8,0,8,12,9,25,2,48,4,0,4,52
01/10/2020,BRO,TX,ASW,CE,Federal Contract Tower,9,8,12,0,29,0,0,1,0,1,9,8,13,0,30,0,0,0,30
01/11/2020,BRO,TX,ASW,CE,Federal Contract Tower,8,2,11,10,31,0,0,16,0,16,8,2,27,10,47,0,0,0,47
01/12/2020,BRO,TX,ASW,CE,Federal Contract Tower,7,9,11,2,29,0,2,7,0,9,7,11,18,2,38,0,0,0,38
01/13/2020,BRO,TX,ASW,CE,Federal Contract Tower,11,7,9,3,30,0,0,4,0,4,11,7,13,3,34,0,22,22,56
01/14/2020,BRO,TX,ASW,CE,Federal Contract Tower,7,15,12,11,45,0,2,9,0,11,7,17,21,11,56,0,10,10,66
01/15/2020,BRO,TX,ASW,CE,Federal Contract Tower,11,14,17,2,44,0,0,6,0,6,11,14,23,2,50,0,0,0,50
01/16/2020,BRO,TX,ASW,CE,Federal Contract Tower,13,3,12,28,56,0,0,1,0,1,13,3,13,28,57,0,8,8,65
01/17/2020,BRO,TX,ASW,CE,Federal Contract Tower,15,4,9,28,56,0,0,11,7,18,15,4,20,35,74,0,48,48,122
01/18/2020,BRO,TX,ASW,CE,Federal Contract Tower,6,2,7,10,25,0,0,4,0,4,6,2,11,10,29,2,0,2,31
01/19/2020,BRO,TX,ASW,CE,Federal Contract Tower,10,8,18,0,36,0,0,5,0,5,10,8,23,0,41,0,0,0,41
01/20/2020,BRO,TX,ASW,CE,Federal Contract Tower,12,4,11,2,29,0,0,5,2,7,12,4,16,4,36,0,4,4,40
01/21/2020,BRO,TX,ASW,CE,Federal Contract Tower,11,11,4,6,32,0,0,4,0,4,11,11,8,6,36,0,2,2,38
01/22/2020,BRO,TX,ASW,CE,Federal Contract Tower,6,6,14,15,41,0,0,4,0,4,6,6,18,15,45,0,0,0,45
01/23/2020,BRO,TX,ASW,CE,Federal Contract Tower,7,9,14,4,34,0,0,13,1,14,7,9,27,5,48,0,0,0,48
01/24/2020,BRO,TX,ASW,CE,Federal Contract Tower,17,4,9,2,32,0,0,9,0,9,17,4,18,2,41,0,0,0,41
01/25/2020,BRO,TX,ASW,CE,Federal Contract Tower,9,2,1,10,22,0,0,3,0,3,9,2,4,10,25,0,0,0,25
01/26/2020,BRO,TX,ASW,CE,Federal Contract Tower,9,2,6,2,19,0,0,4,0,4,9,2,10,2,23,0,0,0,23
01/27/2020,BRO,TX,ASW,CE,Federal Contract Tower,15,5,9,0,29,0,0,8,0,8,15,5,17,0,37,0,0,0,37
01/28/2020,BRO,TX,ASW,CE,Federal Contract Tower,8,10,8,9,35,0,0,9,0,9,8,10,17,9,44,2,6,8,52
01/29/2020,BRO,TX,ASW,CE,Federal Contract Tower,10,8,15,10,43,0,2,8,0,10,10,10,23,10,53,2,4,6,59
01/30/2020,BRO,TX,ASW,CE,Federal Contract Tower,12,11,22,6,51,0,2,8,0,10,12,13,30,6,61,36,54,90,151
01/31/2020,BRO,TX,ASW,CE,Federal Contract Tower,17,22,33,6,78,0,0,6,0,6,17,22,39,6,84,0,0,0,84
02/01/2020,BRO,TX,ASW,CE,Federal Contract Tower,11,9,12,2,34,0,0,10,2,12,11,9,22,4,46,5,42,47,93
02/02/2020,BRO,TX,ASW,CE,Federal Contract Tower,9,8,7,2,26,0,0,13,0,13,9,8,20,2,39,0,0,0,39
02/03/2020,BRO,TX,ASW,CE,Federal Contract Tower,16,20,27,4,67,0,0,12,0,12,16,20,39,4,79,0,0,0,79
02/04/2020,BRO,TX,ASW,CE,Federal Contract Tower,12,10,13,12,47,0,0,7,3,10,12,10,20,15,57,0,72,72,129
02/05/2020,BRO,TX,ASW,CE,Federal Contract Tower,10,9,11,22,52,0,0,2,0,2,10,9,13,22,54,0,6,6,60
02/06/2020,BRO,TX,ASW,CE,Federal Contract Tower,14,16,8,36,74,0,0,11,0,11,14,16,19,36,85,10,6,16,101
02/07/2020,BRO,TX,ASW,CE,Federal Contract Tower,14,6,13,8,41,0,4,21,2,27,14,10,34,10,68,10,0,10,78
02/08/2020,BRO,TX,ASW,CE,Federal Contract Tower,9,7,6,2,24,0,0,20,0,20,9,7,26,2,44,18,0,18,62
02/10/2020,BRO,TX,ASW,CE,Federal Contract Tower,17,6,8,11,42,0,0,1,0,1,17,6,9,11,43,0,10,10,53
02/11/2020,BRO,TX,ASW,CE,Federal Contract Tower,13,6,8,4,31,0,0,2,0,2,13,6,10,4,33,0,2,2,35
02/12/2020,BRO,TX,ASW,CE,Federal Contract Tower,14,11,12,26,63,0,0,3,6,9,14,11,15,32,72,2,112,114,186
02/13/2020,BRO,TX,ASW,CE,Federal Contract Tower,14,16,10,14,54,0,0,18,1,19,14,16,28,15,73,0,22,22,95
02/14/2020,BRO,TX,ASW,CE,Federal Contract Tower,13,27,12,13,65,0,0,8,0,8,13,27,20,13,73,4,4,8,81
02/15/2020,BRO,TX,ASW,CE,Federal Contract Tower,7,10,10,8,35,0,0,0,0,0,7,10,10,8,35,0,0,0,35
02/16/2020,BRO,TX,ASW,CE,Federal Contract Tower,6,16,20,0,42,0,0,9,0,9,6,16,29,0,51,6,0,6,57
02/17/2020,BRO,TX,ASW,CE,Federal Contract Tower,12,15,16,6,49,0,0,3,0,3,12,15,19,6,52,2,6,8,60
02/18/2020,BRO,TX,ASW,CE,Federal Contract Tower,12,15,5,4,36,0,3,12,0,15,12,18,17,4,51,24,0,24,75
02/19/2020,BRO,TX,ASW,CE,Federal Contract Tower,8,8,8,2,26,0,0,1,0,1,8,8,9,2,27,0,2,2,29
02/20/2020,BRO,TX,ASW,CE,Federal Contract Tower,7,15,13,8,43,0,0,0,0,0,7,15,13,8,43,0,8,8,51
02/21/2020,BRO,TX,ASW,CE,Federal Contract Tower,12,11,12,4,39,0,0,6,0,6,12,11,18,4,45,0,0,0,45
02/22/2020,BRO,TX,ASW,CE,Federal Contract Tower,4,10,8,4,26,0,0,13,0,13,4,10,21,4,39,4,0,4,43
02/23/2020,BRO,TX,ASW,CE,Federal Contract Tower,6,10,8,4,28,0,0,8,0,8,6,10,16,4,36,0,0,0,36
02/24/2020,BRO,TX,ASW,CE,Federal Contract Tower,10,17,11,6,44,0,0,5,0,5,10,17,16,6,49,0,6,6,55
02/25/2020,BRO,TX,ASW,CE,Federal Contract Tower,8,13,11,8,40,0,0,6,0,6,8,13,17,8,46,0,2,2,48
02/26/2020,BRO,TX,ASW,CE,Federal Contract Tower,10,13,6,4,33,0,0,8,0,8,10,13,14,4,41,0,0,0,41
02/27/2020,BRO,TX,ASW,CE,Federal Contract Tower,10,15,8,4,37,0,0,26,0,26,10,15,34,4,63,8,0,8,71
02/28/2020,BRO,TX,ASW,CE,Federal Contract Tower,10,13,15,8,46,0,0,13,0,13,10,13,28,8,59,0,0,0,59
02/29/2020,BRO,TX,ASW,CE,Federal Contract Tower,6,8,1,0,15,0,0,2,0,2,6,8,3,0,17,0,0,0,17
03/01/2020,BRO,TX,ASW,CE,Federal Contract Tower,6,11,8,4,29,0,0,5,0,5,6,11,13,4,34,0,4,4,38
03/02/2020,BRO,TX,ASW,CE,Federal Contract Tower,10,11,16,6,43,0,0,6,0,6,10,11,22,6,49,26,6,32,81
03/03/2020,BRO,TX,ASW,CE,Federal Contract Tower,14,13,10,10,47,0,2,5,0,7,14,15,15,10,54,0,8,8,62
03/04/2020,BRO,TX,ASW,CE,Federal Contract Tower,10,12,13,39,74,0,0,4,2,6,10,12,17,41,80,0,78,78,158
03/05/2020,BRO,TX,ASW,CE,Federal Contract Tower,11,18,13,11,53,0,0,21,5,26,11,18,34,16,79,24,4,28,107
03/06/2020,BRO,TX,ASW,CE,Federal Contract Tower,11,9,24,8,52,0,0,22,2,24,11,9,46,10,76,0,4,4,80
03/07/2020,BRO,TX,ASW,CE,Federal Contract Tower,7,10,9,13,39,0,0,25,5,30,7,10,34,18,69,16,10,26,95
03/08/2020,BRO,TX,ASW,CE,Federal Contract Tower,5,13,5,5,28,0,0,10,4,14,5,13,15,9,42,0,4,4,46
03/09/2020,BRO,TX,ASW,CE,Federal Contract Tower,14,13,5,10,42,0,0,4,0,4,14,13,9,10,46,0,22,22,68
03/10/2020,BRO,TX,ASW,CE,Federal Contract Tower,14,19,14,7,54,0,0,2,3,5,14,19,16,10,59,0,42,42,101
03/11/2020,BRO,TX,ASW,CE,Federal Contract Tower,13,14,10,17,54,0,0,7,1,8,13,14,17,18,62,0,4,4,66
03/12/2020,BRO,TX,ASW,CE,Federal Contract Tower,12,15,11,2,40,0,0,4,0,4,12,15,15,2,44,0,2,2,46
03/13/2020,BRO,TX,ASW,CE,Federal Contract Tower,13,15,19,4,51,0,0,7,2,9,13,15,26,6,60,0,36,36,96
03/14/2020,BRO,TX,ASW,CE,Federal Contract Tower,8,11,9,2,30,0,0,6,0,6,8,11,15,2,36,0,0,0,36
03/15/2020,BRO,TX,ASW,CE,Federal Contract Tower,4,18,12,10,44,0,0,2,0,2,4,18,14,10,46,0,2,2,48
03/16/2020,BRO,TX,ASW,CE,Federal Contract Tower,12,11,21,4,48,0,0,3,0,3,12,11,24,4,51,2,4,6,57
03/17/2020,BRO,TX,ASW,CE,Federal Contract Tower,7,13,12,10,42,0,3,5,2,10,7,16,17,12,52,0,28,28,80
03/18/2020,BRO,TX,ASW,CE,Federal Contract Tower,6,11,14,9,40,0,2,2,2,6,6,13,16,11,46,0,20,20,66
03/19/2020,BRO,TX,ASW,CE,Federal Contract Tower,11,12,17,10,50,0,0,8,0,8,11,12,25,10,58,0,6,6,64
03/20/2020,BRO,TX,ASW,CE,Federal Contract Tower,10,10,10,19,49,0,1,11,2,14,10,11,21,21,63,0,10,10,73
03/21/2020,BRO,TX,ASW,CE,Federal Contract Tower,9,4,2,0,15,0,0,2,0,2,9,4,4,0,17,6,0,6,23
03/22/2020,BRO,TX,ASW,CE,Federal Contract Tower,6,8,8,8,30,0,0,2,0,2,6,8,10,8,32,0,8,8,40
03/23/2020,BRO,TX,ASW,CE,Federal Contract Tower,11,8,10,14,43,0,0,4,2,6,11,8,14,16,49,0,54,54,103
03/24/2020,BRO,TX,ASW,CE,Federal Contract Tower,8,9,7,6,30,0,0,2,9,11,8,9,9,15,41,0,76,76,117
03/25/2020,BRO,TX,ASW,CE,Federal Contract Tower,4,5,14,2,25,0,2,2,0,4,4,7,16,2,29,6,0,6,35
03/26/2020,BRO,TX,ASW,CE,Federal Contract Tower,8,3,7,8,26,0,4,2,0,6,8,7,9,8,32,0,0,0,32
03/27/2020,BRO,TX,ASW,CE,Federal Contract Tower,7,7,6,0,20,0,0,5,1,6,7,7,11,1,26,0,0,0,26
03/29/2020,BRO,TX,ASW,CE,Federal Contract Tower,0,11,6,0,17,0,0,5,0,5,0,11,11,0,22,0,0,0,22
03/30/2020,BRO,TX,ASW,CE,Federal Contract Tower,5,6,6,7,24,0,0,1,0,1,5,6,7,7,25,0,40,40,65
03/31/2020,BRO,TX,ASW,CE,Federal Contract Tower,4,4,5,14,27,0,0,5,0,5,4,4,10,14,32,0,2,2,34
04/01/2020,BRO,TX,ASW,CE,Federal Contract Tower,6,3,6,10,25,0,0,3,0,3,6,3,9,10,28,0,8,8,36
04/02/2020,BRO,TX,ASW,CE,Federal Contract Tower,7,5,5,24,41,0,4,0,0,4,7,9,5,24,45,0,24,24,69
04/03/2020,BRO,TX,ASW,CE,Federal Contract Tower,11,4,3,11,29,0,0,6,3,9,11,4,9,14,38,6,88,94,132
04/04/2020,BRO,TX,ASW,CE,Federal Contract Tower,5,1,2,0,8,0,0,0,0,0,5,1,2,0,8,0,0,0,8
04/05/2020,BRO,TX,ASW,CE,Federal Contract Tower,3,2,3,0,8,0,0,0,0,0,3,2,3,0,8,0,0,0,8
04/06/2020,BRO,TX,ASW,CE,Federal Contract Tower,4,8,0,6,18,0,0,2,0,2,4,8,2,6,20,0,6,6,26
04/07/2020,BRO,TX,ASW,CE,Federal Contract Tower,6,8,0,10,24,0,4,4,0,8,6,12,4,10,32,0,10,10,42
04/08/2020,BRO,TX,ASW,CE,Federal Contract Tower,5,4,3,6,18,0,0,0,0,0,5,4,3,6,18,0,6,6,24
04/09/2020,BRO,TX,ASW,CE,Federal Contract Tower,4,2,2,6,14,0,2,2,0,4,4,4,4,6,18,0,0,0,18
04/10/2020,BRO,TX,ASW,CE,Federal Contract Tower,4,2,1,18,25,0,0,2,0,2,4,2,3,18,27,0,18,18,45
04/11/2020,BRO,TX,ASW,CE,Federal Contract Tower,2,5,2,20,29,0,0,10,0,10,2,5,12,20,39,0,4,4,43
04/12/2020,BRO,TX,ASW,CE,Federal Contract Tower,2,4,2,0,8,0,0,4,0,4,2,4,6,0,12,0,0,0,12
04/13/2020,BRO,TX,ASW,CE,Federal Contract Tower,7,3,0,18,28,0,0,2,0,2,7,3,2,18,30,0,18,18,48
04/14/2020,BRO,TX,ASW,CE,Federal Contract Tower,6,2,3,22,33,0,0,2,0,2,6,2,5,22,35,0,80,80,115
04/15/2020,BRO,TX,ASW,CE,Federal Contract Tower,8,3,1,22,34,0,2,3,2,7,8,5,4,24,41,0,36,36,77
04/16/2020,BRO,TX,ASW,CE,Federal Contract Tower,7,6,5,29,47,0,0,0,5,5,7,6,5,34,52,0,43,43,95
04/17/2020,BRO,TX,ASW,CE,Federal Contract Tower,7,4,2,10,23,0,0,6,0,6,7,4,8,10,29,0,8,8,37
04/18/2020,BRO,TX,ASW,CE,Federal Contract Tower,4,3,4,12,23,0,0,3,0,3,4,3,7,12,26,10,2,12,38
04/19/2020,BRO,TX,ASW,CE,Federal Contract Tower,4,3,2,12,21,0,0,1,0,1,4,3,3,12,22,6,6,12,34
04/20/2020,BRO,TX,ASW,CE,Federal Contract Tower,4,10,3,20,37,0,2,2,0,4,4,12,5,20,41,0,20,20,61
04/21/2020,BRO,TX,ASW,CE,Federal Contract Tower,3,2,2,34,41,0,6,2,0,8,3,8,4,34,49,0,40,40,89
04/22/2020,BRO,TX,ASW,CE,Federal Contract Tower,4,4,1,22,31,0,0,4,0,4,4,4,5,22,35,0,22,22,57
04/23/2020,BRO,TX,ASW,CE,Federal Contract Tower,6,2,7,10,25,0,0,6,0,6,6,2,13,10,31,2,4,6,37
04/24/2020,BRO,TX,ASW,CE,Federal Contract Tower,9,6,5,8,28,0,0,6,0,6,9,6,11,8,34,0,4,4,38
04/25/2020,BRO,TX,ASW,CE,Federal Contract Tower,3,7,9,2,21,0,0,4,0,4,3,7,13,2,25,2,2,4,29
04/26/2020,BRO,TX,ASW,CE,Federal Contract Tower,2,4,13,2,21,0,0,9,0,9,2,4,22,2,30,2,0,2,32
04/27/2020,BRO,TX,ASW,CE,Federal Contract Tower,2,7,7,4,20,0,0,1,0,1,2,7,8,4,21,2,2,4,25
04/28/2020,BRO,TX,ASW,CE,Federal Contract Tower,3,4,1,14,22,0,0,6,0,6,3,4,7,14,28,0,14,14,42
04/29/2020,BRO,TX,ASW,CE,Federal Contract Tower,4,4,0,6,14,0,0,1,0,1,4,4,1,6,15,0,6,6,21
04/30/2020,BRO,TX,ASW,CE,Federal Contract Tower,8,8,3,8,27,0,2,12,0,14,8,10,15,8,41,2,8,10,51
05/01/2020,BRO,TX,ASW,CE,Federal Contract Tower,4,6,2,2,14,0,2,21,0,23,4,8,23,2,37,0,0,0,37
05/02/2020,BRO,TX,ASW,CE,Federal Contract Tower,2,4,6,10,22,0,0,5,0,5,2,4,11,10,27,0,8,8,35
05/03/2020,BRO,TX,ASW,CE,Federal Contract Tower,2,3,8,4,17,0,0,5,0,5,2,3,13,4,22,0,0,0,22
05/04/2020,BRO,TX,ASW,CE,Federal Contract Tower,8,4,6,0,18,0,0,5,2,7,8,4,11,2,25,2,52,54,79
05/05/2020,BRO,TX,ASW,CE,Federal Contract Tower,6,4,3,18,31,0,0,4,2,6,6,4,7,20,37,10,60,70,107
05/06/2020,BRO,TX,ASW,CE,Federal Contract Tower,6,6,4,10,26,0,5,9,0,14,6,11,13,10,40,14,10,24,64
05/07/2020,BRO,TX,ASW,CE,Federal Contract Tower,6,7,14,27,54,0,1,7,0,8,6,8,21,27,62,0,0,0,62
05/08/2020,BRO,TX,ASW,CE,Federal Contract Tower,7,11,13,12,43,0,0,3,0,3,7,11,16,12,46,0,6,6,52
05/09/2020,BRO,TX,ASW,CE,Federal Contract Tower,0,8,3,0,11,0,0,1,0,1,0,8,4,0,12,0,0,0,12
05/10/2020,BRO,TX,ASW,CE,Federal Contract Tower,0,5,1,6,12,0,0,7,0,7,0,5,8,6,19,0,6,6,25
05/11/2020,BRO,TX,ASW,CE,Federal Contract Tower,7,6,11,18,42,0,2,11,0,13,7,8,22,18,55,0,18,18,73
05/12/2020,BRO,TX,ASW,CE,Federal Contract Tower,5,4,5,14,28,0,6,5,0,11,5,10,10,14,39,0,14,14,53
05/13/2020,BRO,TX,ASW,CE,Federal Contract Tower,7,10,1,12,30,0,2,15,2,19,7,12,16,14,49,6,22,28,77
05/14/2020,BRO,TX,ASW,CE,Federal Contract Tower,6,3,17,10,36,0,0,15,0,15,6,3,32,10,51,2,10,12,63
05/15/2020,BRO,TX,ASW,CE,Federal Contract Tower,11,6,9,10,36,0,0,6,0,6,11,6,15,10,42,2,10,12,54
05/16/2020,BRO,TX,ASW,CE,Federal Contract Tower,0,9,6,0,15,0,0,2,0,2,0,9,8,0,17,0,0,0,17
05/17/2020,BRO,TX,ASW,CE,Federal Contract Tower,1,7,5,7,20,0,1,21,1,23,1,8,26,8,43,0,8,8,51
05/18/2020,BRO,TX,ASW,CE,Federal Contract Tower,7,12,9,6,34,0,0,9,8,17,7,12,18,14,51,0,4,4,55
05/19/2020,BRO,TX,ASW,CE,Federal Contract Tower,12,3,7,18,40,0,0,12,0,12,12,3,19,18,52,10,8,18,70
05/20/2020,BRO,TX,ASW,CE,Federal Contract Tower,9,11,10,22,52,0,1,6,0,7,9,12,16,22,59,10,22,32,91
05/21/2020,BRO,TX,ASW,CE,Federal Contract Tower,8,3,25,8,44,0,0,11,0,11,8,3,36,8,55,0,0,0,55
05/22/2020,BRO,TX,ASW,CE,Federal Contract Tower,11,8,21,16,56,0,0,9,0,9,11,8,30,16,65,0,16,16,81
05/23/2020,BRO,TX,ASW,CE,Federal Contract Tower,1,14,5,16,36,0,0,12,0,12,1,14,17,16,48,12,16,28,76
05/24/2020,BRO,TX,ASW,CE,Federal Contract Tower,10,9,9,4,32,0,0,3,0,3,10,9,12,4,35,10,4,14,49
05/25/2020,BRO,TX,ASW,CE,Federal Contract Tower,6,10,20,4,40,0,1,11,0,12,6,11,31,4,52,4,4,8,60
05/26/2020,BRO,TX,ASW,CE,Federal Contract Tower,5,7,16,14,42,0,1,3,0,4,5,8,19,14,46,0,14,14,60
05/27/2020,BRO,TX,ASW,CE,Federal Contract Tower,6,8,9,20,43,0,0,19,0,19,6,8,28,20,62,6,20,26,88
05/28/2020,BRO,TX,ASW,CE,Federal Contract Tower,3,8,8,16,35,0,0,9,0,9,3,8,17,16,44,0,16,16,60
05/29/2020,BRO,TX,ASW,CE,Federal Contract Tower,8,10,12,0,30,0,0,9,0,9,8,10,21,0,39,0,0,0,39
05/30/2020,BRO,TX,ASW,CE,Federal Contract Tower,6,5,8,0,19,0,0,15,0,15,6,5,23,0,34,39,0,39,73
05/31/2020,BRO,TX,ASW,CE,Federal Contract Tower,4,15,13,4,36,0,0,13,0,13,4,15,26,4,49,8,2,10,59
06/01/2020,BRO,TX,ASW,CE,Federal Contract Tower,4,13,13,0,30,0,0,2,0,2,4,13,15,0,32,0,0,0,32
06/02/2020,BRO,TX,ASW,CE,Federal Contract Tower,9,7,16,0,32,0,0,21,1,22,9,7,37,1,54,0,0,0,54
06/03/2020,BRO,TX,ASW,CE,Federal Contract Tower,3,10,18,24,55,0,0,14,0,14,3,10,32,24,69,4,24,28,97
06/04/2020,BRO,TX,ASW,CE,Federal Contract Tower,7,17,20,20,64,0,0,23,6,29,7,17,43,26,93,2,20,22,115
06/05/2020,BRO,TX,ASW,CE,Federal Contract Tower,9,5,12,8,34,0,0,22,0,22,9,5,34,8,56,15,8,23,79
06/06/2020,BRO,TX,ASW,CE,Federal Contract Tower,2,7,13,6,28,0,0,22,0,22,2,7,35,6,50,0,6,6,56
06/07/2020,BRO,TX,ASW,CE,Federal Contract Tower,2,18,24,6,50,0,0,30,0,30,2,18,54,6,80,0,4,4,84
06/08/2020,BRO,TX,ASW,CE,Federal Contract Tower,6,17,19,8,50,0,0,14,0,14,6,17,33,8,64,0,6,6,70
06/09/2020,BRO,TX,ASW,CE,Federal Contract Tower,9,8,13,10,40,0,0,7,0,7,9,8,20,10,47,0,6,6,53
06/10/2020,BRO,TX,ASW,CE,Federal Contract Tower,7,13,19,4,43,0,1,10,0,11,7,14,29,4,54,10,2,12,66
06/11/2020,BRO,TX,ASW,CE,Federal Contract Tower,9,9,7,18,43,0,1,15,0,16,9,10,22,18,59,0,18,18,77
06/12/2020,BRO,TX,ASW,CE,Federal Contract Tower,6,22,22,8,58,0,1,18,2,21,6,23,40,10,79,0,10,10,89
06/13/2020,BRO,TX,ASW,CE,Federal Contract Tower,6,12,15,7,40,0,0,13,1,14,6,12,28,8,54,0,8,8,62
06/14/2020,BRO,TX,ASW,CE,Federal Contract Tower,2,17,27,8,54,0,0,30,0,30,2,17,57,8,84,8,6,14,98
06/15/2020,BRO,TX,ASW,CE,Federal Contract Tower,4,19,25,20,68,0,0,23,3,26,4,19,48,23,94,2,20,22,116
06/16/2020,BRO,TX,ASW,CE,Federal Contract Tower,7,5,14,0,26,0,0,11,1,12,7,5,25,1,38,0,0,0,38
06/17/2020,BRO,TX,ASW,CE,Federal Contract Tower,5,6,8,0,19,0,1,17,0,18,5,7,25,0,37,0,0,0,37
06/18/2020,BRO,TX,ASW,CE,Federal Contract Tower,2,14,19,4,39,0,0,35,0,35,2,14,54,4,74,10,4,14,88
06/19/2020,BRO,TX,ASW,CE,Federal Contract Tower,7,16,28,2,53,0,0,14,0,14,7,16,42,2,67,0,2,2,69
06/20/2020,BRO,TX,ASW,CE,Federal Contract Tower,3,7,23,5,38,0,0,10,2,12,3,7,33,7,50,0,6,6,56
06/21/2020,BRO,TX,ASW,CE,Federal Contract Tower,2,24,21,2,49,0,0,7,0,7,2,24,28,2,56,2,0,2,58
06/22/2020,BRO,TX,ASW,CE,Federal Contract Tower,6,13,21,2,42,0,0,11,2,13,6,13,32,4,55,0,30,30,85
06/23/2020,BRO,TX,ASW,CE,Federal Contract Tower,5,14,18,4,41,0,0,10,0,10,5,14,28,4,51,0,4,4,55
06/24/2020,BRO,TX,ASW,CE,Federal Contract Tower,8,15,20,0,43,0,0,14,0,14,8,15,34,0,57,2,0,2,59
06/25/2020,BRO,TX,ASW,CE,Federal Contract Tower,6,10,21,0,37,0,1,6,0,7,6,11,27,0,44,20,0,20,64
06/26/2020,BRO,TX,ASW,CE,Federal Contract Tower,10,13,20,0,43,0,0,4,0,4,10,13,24,0,47,0,0,0,47
06/27/2020,BRO,TX,ASW,CE,Federal Contract Tower,5,14,19,8,46,0,0,20,0,20,5,14,39,8,66,0,8,8,74
06/28/2020,BRO,TX,ASW,CE,Federal Contract Tower,3,13,33,14,63,0,1,16,2,19,3,14,49,16,82,0,4,4,86
06/29/2020,BRO,TX,ASW,CE,Federal Contract Tower,7,12,25,8,52,0,1,5,0,6,7,13,30,8,58,0,8,8,66
06/30/2020,BRO,TX,ASW,CE,Federal Contract Tower,6,13,3,9,31,0,1,9,2,12,6,14,12,11,43,0,20,20,63
07/01/2020,BRO,TX,ASW,CE,Federal Contract Tower,7,3,21,15,46,0,6,24,4,34,7,9,45,19,80,6,14,20,100
07/02/2020,BRO,TX,ASW,CE,Federal Contract Tower,4,10,9,4,27,0,4,20,0,24,4,14,29,4,51,4,2,6,57
07/03/2020,BRO,TX,ASW,CE,Federal Contract Tower,6,13,13,6,38,0,0,20,0,20,6,13,33,6,58,0,6,6,64
07/04/2020,BRO,TX,ASW,CE,Federal Contract Tower,4,11,13,0,28,0,0,21,0,21,4,11,34,0,49,11,0,11,60
07/05/2020,BRO,TX,ASW,CE,Federal Contract Tower,4,16,24,0,44,0,0,14,0,14,4,16,38,0,58,0,0,0,58
07/06/2020,BRO,TX,ASW,CE,Federal Contract Tower,6,20,18,0,44,0,0,26,0,26,6,20,44,0,70,16,0,16,86
07/07/2020,BRO,TX,ASW,CE,Federal Contract Tower,13,8,15,2,38,0,1,9,0,10,13,9,24,2,48,0,2,2,50
07/08/2020,BRO,TX,ASW,CE,Federal Contract Tower,5,16,13,8,42,0,3,5,0,8,5,19,18,8,50,2,8,10,60
07/09/2020,BRO,TX,ASW,CE,Federal Contract Tower,11,15,18,16,60,0,2,11,0,13,11,17,29,16,73,0,16,16,89
07/10/2020,BRO,TX,ASW,CE,Federal Contract Tower,10,14,19,8,51,0,0,20,0,20,10,14,39,8,71,4,8,12,83
07/11/2020,BRO,TX,ASW,CE,Federal Contract Tower,5,9,18,0,32,0,0,27,0,27,5,9,45,0,59,11,0,11,70
07/12/2020,BRO,TX,ASW,CE,Federal Contract Tower,5,20,13,2,40,0,0,29,0,29,5,20,42,2,69,0,0,0,69
07/13/2020,BRO,TX,ASW,CE,Federal Contract Tower,6,20,13,0,39,0,0,17,0,17,6,20,30,0,56,0,0,0,56
07/14/2020,BRO,TX,ASW,CE,Federal Contract Tower,5,7,9,3,24,0,0,9,5,14,5,7,18,8,38,0,44,44,82
07/15/2020,BRO,TX,ASW,CE,Federal Contract Tower,16,5,13,6,40,0,0,22,4,26,16,5,35,10,66,0,4,4,70
07/16/2020,BRO,TX,ASW,CE,Federal Contract Tower,10,18,30,16,74,0,2,40,2,44,10,20,70,18,118,2,24,26,144
07/17/2020,BRO,TX,ASW,CE,Federal Contract Tower,7,23,21,0,51,0,2,20,0,22,7,25,41,0,73,2,0,2,75
07/18/2020,BRO,TX,ASW,CE,Federal Contract Tower,5,13,15,2,35,0,0,21,0,21,5,13,36,2,56,0,2,2,58
07/19/2020,BRO,TX,ASW,CE,Federal Contract Tower,5,29,24,16,74,0,1,24,0,25,5,30,48,16,99,0,14,14,113
07/20/2020,BRO,TX,ASW,CE,Federal Contract Tower,5,22,23,14,64,0,0,22,0,22,5,22,45,14,86,0,0,0,86
07/21/2020,BRO,TX,ASW,CE,Federal Contract Tower,2,19,14,12,47,0,0,14,0,14,2,19,28,12,61,0,0,0,61
07/22/2020,BRO,TX,ASW,CE,Federal Contract Tower,13,10,15,12,50,0,11,16,0,27,13,21,31,12,77,4,10,14,91
07/23/2020,BRO,TX,ASW,CE,Federal Contract Tower,7,22,14,28,71,0,1,14,14,29,7,23,28,42,100,0,42,42,142
07/24/2020,BRO,TX,ASW,CE,Federal Contract Tower,8,22,9,0,39,0,13,16,0,29,8,35,25,0,68,0,0,0,68
07/25/2020,BRO,TX,ASW,CE,Federal Contract Tower,0,6,5,0,11,0,0,2,0,2,0,6,7,0,13,0,0,0,13
07/26/2020,BRO,TX,ASW,CE,Federal Contract Tower,5,7,4,0,16,0,0,0,0,0,5,7,4,0,16,0,0,0,16
07/27/2020,BRO,TX,ASW,CE,Federal Contract Tower,4,19,5,0,28,0,0,4,0,4,4,19,9,0,32,0,0,0,32
07/28/2020,BRO,TX,ASW,CE,Federal Contract Tower,4,17,16,10,47,0,1,3,20,24,4,18,19,30,71,0,0,0,71
07/29/2020,BRO,TX,ASW,CE,Federal Contract Tower,12,11,16,14,53,0,1,10,0,11,12,12,26,14,64,0,14,14,78
07/30/2020,BRO,TX,ASW,CE,Federal Contract Tower,8,16,21,30,75,0,14,9,10,33,8,30,30,40,108,0,30,30,138
07/31/2020,BRO,TX,ASW,CE,Federal Contract Tower,2,24,21,18,65,0,9,16,2,27,2,33,37,20,92,2,18,20,112
08/01/2020,BRO,TX,ASW,CE,Federal Contract Tower,6,17,14,8,45,0,9,6,2,17,6,26,20,10,62,0,6,6,68
08/02/2020,BRO,TX,ASW,CE,Federal Contract Tower,4,20,16,2,42,0,0,14,0,14,4,20,30,2,56,0,2,2,58
08/03/2020,BRO,TX,ASW,CE,Federal Contract Tower,8,17,25,0,50,0,0,14,0,14,8,17,39,0,64,0,0,0,64
08/04/2020,BRO,TX,ASW,CE,Federal Contract Tower,5,17,8,4,34,0,0,17,2,19,5,17,25,6,53,0,2,2,55
08/05/2020,BRO,TX,ASW,CE,Federal Contract Tower,10,9,19,14,52,0,2,28,8,38,10,11,47,22,90,4,6,10,100
08/06/2020,BRO,TX,ASW,CE,Federal Contract Tower,6,17,24,16,63,0,1,37,8,46,6,18,61,24,109,10,22,32,141
08/07/2020,BRO,TX,ASW,CE,Federal Contract Tower,9,15,22,2,48,0,11,18,0,29,9,26,40,2,77,10,2,12,89
08/08/2020,BRO,TX,ASW,CE,Federal Contract Tower,4,19,12,4,39,0,2,14,2,18,4,21,26,6,57,17,2,19,76
08/09/2020,BRO,TX,ASW,CE,Federal Contract Tower,5,25,25,10,65,0,0,28,0,28,5,25,53,10,93,0,8,8,101
08/10/2020,BRO,TX,ASW,CE,Federal Contract Tower,8,22,18,17,65,0,1,23,4,28,8,23,41,21,93,0,28,28,121
08/11/2020,BRO,TX,ASW,CE,Federal Contract Tower,6,11,5,10,32,0,0,22,9,31,6,11,27,19,63,0,40,40,103
08/12/2020,BRO,TX,ASW,CE,Federal Contract Tower,11,13,5,12,41,0,2,20,2,24,11,15,25,14,65,0,10,10,75
08/13/2020,BRO,TX,ASW,CE,Federal Contract Tower,8,12,11,5,36,0,2,19,1,22,8,14,30,6,58,0,2,2,60
08/14/2020,BRO,TX,ASW,CE,Federal Contract Tower,7,23,18,7,55,0,1,29,2,32,7,24,47,9,87,10,6,16,103
08/15/2020,BRO,TX,ASW,CE,Federal Contract Tower,5,16,12,10,43,0,0,18,0,18,5,16,30,10,61,0,10,10,71
08/16/2020,BRO,TX,ASW,CE,Federal Contract Tower,5,12,20,0,37,0,0,27,0,27,5,12,47,0,64,5,0,5,69
08/17/2020,BRO,TX,ASW,CE,Federal Contract Tower,6,20,12,18,56,0,0,21,0,21,6,20,33,18,77,0,0,0,77
08/18/2020,BRO,TX,ASW,CE,Federal Contract Tower,8,13,17,10,48,0,0,21,4,25,8,13,38,14,73,0,6,6,79
08/19/2020,BRO,TX,ASW,CE,Federal Contract Tower,12,12,22,23,69,0,0,8,5,13,12,12,30,28,82,0,18,18,100
08/20/2020,BRO,TX,ASW,CE,Federal Contract Tower,7,10,16,24,57,0,0,19,6,25,7,10,35,30,82,0,20,20,102
08/21/2020,BRO,TX,ASW,CE,Federal Contract Tower,11,12,19,20,62,0,0,17,2,19,11,12,36,22,81,0,26,26,107
08/22/2020,BRO,TX,ASW,CE,Federal Contract Tower,5,13,12,5,35,0,2,20,3,25,5,15,32,8,60,5,2,7,67
08/23/2020,BRO,TX,ASW,CE,Federal Contract Tower,4,21,24,0,49,0,0,9,0,9,4,21,33,0,58,0,4,4,62
08/24/2020,BRO,TX,ASW,CE,Federal Contract Tower,8,17,9,28,62,0,0,6,0,6,8,17,15,28,68,0,14,14,82
08/25/2020,BRO,TX,ASW,CE,Federal Contract Tower,3,12,15,1,31,0,0,5,1,6,3,12,20,2,37,0,0,0,37
08/26/2020,BRO,TX,ASW,CE,Federal Contract Tower,13,4,11,24,52,0,5,19,4,28,13,9,30,28,80,6,20,26,106
08/27/2020,BRO,TX,ASW,CE,Federal Contract Tower,8,10,9,13,40,0,0,8,5,13,8,10,17,18,53,0,6,6,59
08/28/2020,BRO,TX,ASW,CE,Federal Contract Tower,11,8,25,7,51,0,0,24,3,27,11,8,49,10,78,8,60,68,146
08/29/2020,BRO,TX,ASW,CE,Federal Contract Tower,7,7,9,2,25,0,1,9,2,12,7,8,18,4,37,2,0,2,39
08/30/2020,BRO,TX,ASW,CE,Federal Contract Tower,5,24,24,6,59,0,0,13,0,13,5,24,37,6,72,0,0,0,72
08/31/2020,BRO,TX,ASW,CE,Federal Contract Tower,10,18,10,38,76,0,0,9,0,9,10,18,19,38,85,0,24,24,109
09/01/2020,BRO,TX,ASW,CE,Federal Contract Tower,4,14,14,11,43,0,1,19,5,25,4,15,33,16,68,0,0,0,68
09/02/2020,BRO,TX,ASW,CE,Federal Contract Tower,12,10,19,14,55,0,2,15,4,21,12,12,34,18,76,0,8,8,84
09/03/2020,BRO,TX,ASW,CE,Federal Contract Tower,8,10,12,15,45,0,0,8,5,13,8,10,20,20,58,0,10,10,68
09/04/2020,BRO,TX,ASW,CE,Federal Contract Tower,13,18,23,0,54,0,0,17,0,17,13,18,40,0,71,10,0,10,81
09/05/2020,BRO,TX,ASW,CE,Federal Contract Tower,6,8,4,0,18,0,0,2,0,2,6,8,6,0,20,0,0,0,20
09/06/2020,BRO,TX,ASW,CE,Federal Contract Tower,3,12,14,0,29,0,1,5,0,6,3,13,19,0,35,0,0,0,35
09/07/2020,BRO,TX,ASW,CE,Federal Contract Tower,10,22,35,2,69,0,0,13,0,13,10,22,48,2,82,6,2,8,90
09/08/2020,BRO,TX,ASW,CE,Federal Contract Tower,3,17,11,8,39,0,0,13,2,15,3,17,24,10,54,0,0,0,54
09/09/2020,BRO,TX,ASW,CE,Federal Contract Tower,13,21,13,13,60,0,0,13,7,20,13,21,26,20,80,0,6,6,86
09/10/2020,BRO,TX,ASW,CE,Federal Contract Tower,5,16,13,4,38,0,0,5,4,9,5,16,18,8,47,4,0,4,51
09/11/2020,BRO,TX,ASW,CE,Federal Contract Tower,11,15,18,10,54,0,0,2,0,2,11,15,20,10,56,0,8,8,64
09/12/2020,BRO,TX,ASW,CE,Federal Contract Tower,7,13,8,2,30,0,0,29,0,29,7,13,37,2,59,12,2,14,73
09/13/2020,BRO,TX,ASW,CE,Federal Contract Tower,3,18,8,0,29,0,0,14,0,14,3,18,22,0,43,0,0,0,43
09/14/2020,BRO,TX,ASW,CE,Federal Contract Tower,9,17,10,2,38,0,0,0,0,0,9,17,10,2,38,0,0,0,38
09/15/2020,BRO,TX,ASW,CE,Federal Contract Tower,5,17,16,0,38,0,0,16,0,16,5,17,32,0,54,0,0,0,54
09/16/2020,BRO,TX,ASW,CE,Federal Contract Tower,11,16,16,9,52,0,3,23,3,29,11,19,39,12,81,0,6,6,87
09/17/2020,BRO,TX,ASW,CE,Federal Contract Tower,6,10,16,2,34,0,0,6,0,6,6,10,22,2,40,0,0,0,40
09/18/2020,BRO,TX,ASW,CE,Federal Contract Tower,13,9,9,0,31,0,0,14,0,14,13,9,23,0,45,0,0,0,45
09/19/2020,BRO,TX,ASW,CE,Federal Contract Tower,7,8,9,0,24,0,1,20,0,21,7,9,29,0,45,4,0,4,49
09/20/2020,BRO,TX,ASW,CE,Federal Contract Tower,6,20,22,0,48,0,2,14,0,16,6,22,36,0,64,0,0,0,64
09/21/2020,BRO,TX,ASW,CE,Federal Contract Tower,10,11,13,1,35,0,0,10,1,11,10,11,23,2,46,2,0,2,48
09/22/2020,BRO,TX,ASW,CE,Federal Contract Tower,2,9,6,30,47,0,1,8,13,22,2,10,14,43,69,0,6,6,75
09/23/2020,BRO,TX,ASW,CE,Federal Contract Tower,14,9,13,16,52,0,0,8,2,10,14,9,21,18,62,0,10,10,72
09/24/2020,BRO,TX,ASW,CE,Federal Contract Tower,8,10,21,23,62,0,0,10,5,15,8,10,31,28,77,0,18,18,95
09/25/2020,BRO,TX,ASW,CE,Federal Contract Tower,11,10,16,2,39,0,4,14,0,18,11,14,30,2,57,0,2,2,59
09/26/2020,BRO,TX,ASW,CE,Federal Contract Tower,5,17,4,6,32,0,0,28,0,28,5,17,32,6,60,10,6,16,76
09/27/2020,BRO,TX,ASW,CE,Federal Contract Tower,7,17,8,8,40,0,0,19,0,19,7,17,27,8,59,0,6,6,65
09/28/2020,BRO,TX,ASW,CE,Federal Contract Tower,9,20,10,20,59,0,4,14,5,23,9,24,24,25,82,2,80,82,164
09/29/2020,BRO,TX,ASW,CE,Federal Contract Tower,4,12,9,25,50,0,5,11,7,23,4,17,20,32,73,0,0,0,73
09/30/2020,BRO,TX,ASW,CE,Federal Contract Tower,14,15,22,7,58,0,2,24,3,29,14,17,46,10,87,8,4,12,99
10/01/2020,BRO,TX,ASW,CE,Federal Contract Tower,10,5,11,3,29,0,12,20,1,33,10,17,31,4,62,0,2,2,64
10/02/2020,BRO,TX,ASW,CE,Federal Contract Tower,17,11,20,11,59,0,3,10,1,14,17,14,30,12,73,0,10,10,83
10/03/2020,BRO,TX,ASW,CE,Federal Contract Tower,9,3,6,0,18,0,0,27,0,27,9,3,33,0,45,8,0,8,53
10/04/2020,BRO,TX,ASW,CE,Federal Contract Tower,7,16,19,2,44,0,2,29,0,31,7,18,48,2,75,0,2,2,77
10/05/2020,BRO,TX,ASW,CE,Federal Contract Tower,14,12,14,6,46,0,0,15,0,15,14,12,29,6,61,0,2,2,63
10/06/2020,BRO,TX,ASW,CE,Federal Contract Tower,3,8,13,11,35,0,0,16,5,21,3,8,29,16,56,0,0,0,56
10/08/2020,BRO,TX,ASW,CE,Federal Contract Tower,4,14,18,23,59,0,0,11,3,14,4,14,29,26,73,4,18,22,95
10/09/2020,BRO,TX,ASW,CE,Federal Contract Tower,11,23,20,0,54,0,0,20,0,20,11,23,40,0,74,10,0,10,84
10/10/2020,BRO,TX,ASW,CE,Federal Contract Tower,8,6,7,7,28,0,0,16,1,17,8,6,23,8,45,0,6,6,51
10/11/2020,BRO,TX,ASW,CE,Federal Contract Tower,7,18,16,2,43,0,0,17,0,17,7,18,33,2,60,0,2,2,62
10/12/2020,BRO,TX,ASW,CE,Federal Contract Tower,8,17,14,14,53,0,2,7,0,9,8,19,21,14,62,0,14,14,76
10/13/2020,BRO,TX,ASW,CE,Federal Contract Tower,9,10,19,5,43,0,0,23,1,24,9,10,42,6,67,8,2,10,77
10/14/2020,BRO,TX,ASW,CE,Federal Contract Tower,12,16,17,21,66,0,2,11,8,21,12,18,28,29,87,0,12,12,99
10/15/2020,BRO,TX,ASW,CE,Federal Contract Tower,11,12,19,16,58,0,1,17,8,26,11,13,36,24,84,6,2,8,92
10/16/2020,BRO,TX,ASW,CE,Federal Contract Tower,13,16,19,14,62,0,0,6,0,6,13,16,25,14,68,0,14,14,82
10/17/2020,BRO,TX,ASW,CE,Federal Contract Tower,8,10,5,7,30,0,0,8,1,9,8,10,13,8,39,18,6,24,63
10/18/2020,BRO,TX,ASW,CE,Federal Contract Tower,10,14,10,4,38,0,0,30,0,30,10,14,40,4,68,10,0,10,78
10/19/2020,BRO,TX,ASW,CE,Federal Contract Tower,11,23,11,24,69,0,0,10,2,12,11,23,21,26,81,0,18,18,99
10/20/2020,BRO,TX,ASW,CE,Federal Contract Tower,5,10,10,13,38,0,0,23,3,26,5,10,33,16,64,12,20,32,96
10/21/2020,BRO,TX,ASW,CE,Federal Contract Tower,17,9,8,24,58,0,0,16,12,28,17,9,24,36,86,0,10,10,96
10/22/2020,BRO,TX,ASW,CE,Federal Contract Tower,11,12,10,11,44,0,0,18,8,26,11,12,28,19,70,2,22,24,94
10/23/2020,BRO,TX,ASW,CE,Federal Contract Tower,22,12,15,10,59,0,0,11,2,13,22,12,26,12,72,2,10,12,84
10/24/2020,BRO,TX,ASW,CE,Federal Contract Tower,11,6,15,2,34,0,1,2,0,3,11,7,17,2,37,0,0,0,37
10/25/2020,BRO,TX,ASW,CE,Federal Contract Tower,7,13,16,2,38,0,0,15,0,15,7,13,31,2,53,6,0,6,59
10/26/2020,BRO,TX,ASW,CE,Federal Contract Tower,12,12,9,8,41,0,0,15,3,18,12,12,24,11,59,2,10,12,71
10/27/2020,BRO,TX,ASW,CE,Federal Contract Tower,9,19,18,16,62,0,0,5,7,12,9,19,23,23,74,4,42,46,120
10/28/2020,BRO,TX,ASW,CE,Federal Contract Tower,19,13,10,18,60,0,0,11,6,17,19,13,21,24,77,0,4,4,81
10/29/2020,BRO,TX,ASW,CE,Federal Contract Tower,7,12,22,3,44,0,1,11,1,13,7,13,33,4,57,8,0,8,65
10/30/2020,BRO,TX,ASW,CE,Federal Contract Tower,15,17,12,10,54,0,0,16,0,16,15,17,28,10,70,8,10,18,88
10/31/2020,BRO,TX,ASW,CE,Federal Contract Tower,10,9,12,0,31,0,0,20,0,20,10,9,32,0,51,2,0,2,53
11/01/2020,BRO,TX,ASW,CE,Federal Contract Tower,8,16,9,4,37,0,0,13,0,13,8,16,22,4,50,0,0,0,50
11/02/2020,BRO,TX,ASW,CE,Federal Contract Tower,13,13,8,20,54,0,0,7,0,7,13,13,15,20,61,0,10,10,71
11/03/2020,BRO,TX,ASW,CE,Federal Contract Tower,8,12,11,19,50,0,0,14,1,15,8,12,25,20,65,8,4,12,77
11/04/2020,BRO,TX,ASW,CE,Federal Contract Tower,15,13,5,9,42,0,0,24,3,27,15,13,29,12,69,0,6,6,75
11/05/2020,BRO,TX,ASW,CE,Federal Contract Tower,16,8,14,16,54,0,0,23,5,28,16,8,37,21,82,6,8,14,96
11/06/2020,BRO,TX,ASW,CE,Federal Contract Tower,19,11,14,7,51,0,1,27,5,33,19,12,41,12,84,0,2,2,86
11/07/2020,BRO,TX,ASW,CE,Federal Contract Tower,10,8,6,6,30,0,0,12,2,14,10,8,18,8,44,4,6,10,54
11/08/2020,BRO,TX,ASW,CE,Federal Contract Tower,9,11,23,11,54,0,0,26,3,29,9,11,49,14,83,0,8,8,91
11/09/2020,BRO,TX,ASW,CE,Federal Contract Tower,16,9,9,14,48,0,0,23,0,23,16,9,32,14,71,6,8,14,85
11/10/2020,BRO,TX,ASW,CE,Federal Contract Tower,9,14,12,14,49,0,0,9,6,15,9,14,21,20,64,0,0,0,64
11/11/2020,BRO,TX,ASW,CE,Federal Contract Tower,12,18,9,7,46,0,0,15,5,20,12,18,24,12,66,0,4,4,70
11/12/2020,BRO,TX,ASW,CE,Federal Contract Tower,14,26,22,11,73,0,0,22,5,27,14,26,44,16,100,12,6,18,118
11/13/2020,BRO,TX,ASW,CE,Federal Contract Tower,16,19,28,7,70,0,0,16,1,17,16,19,44,8,87,0,6,6,93
11/14/2020,BRO,TX,ASW,CE,Federal Contract Tower,10,13,9,5,37,0,0,10,1,11,10,13,19,6,48,6,4,10,58
11/15/2020,BRO,TX,ASW,CE,Federal Contract Tower,9,17,26,6,58,0,1,15,0,16,9,18,41,6,74,8,0,8,82
11/16/2020,BRO,TX,ASW,CE,Federal Contract Tower,14,32,32,14,92,0,2,15,0,17,14,34,47,14,109,0,8,8,117
11/17/2020,BRO,TX,ASW,CE,Federal Contract Tower,6,15,12,8,41,0,0,7,0,7,6,15,19,8,48,2,2,4,52
11/18/2020,BRO,TX,ASW,CE,Federal Contract Tower,12,19,13,16,60,0,0,14,7,21,12,19,27,23,81,0,22,22,103
11/19/2020,BRO,TX,ASW,CE,Federal Contract Tower,10,11,24,8,53,0,0,21,6,27,10,11,45,14,80,6,2,8,88
11/20/2020,BRO,TX,ASW,CE,Federal Contract Tower,12,24,22,0,58,0,0,20,2,22,12,24,42,2,80,10,18,28,108
11/21/2020,BRO,TX,ASW,CE,Federal Contract Tower,6,21,9,7,43,0,1,15,1,17,6,22,24,8,60,6,6,12,72
11/22/2020,BRO,TX,ASW,CE,Federal Contract Tower,8,19,15,20,62,0,0,27,0,27,8,19,42,20,89,6,18,24,113
11/23/2020,BRO,TX,ASW,CE,Federal Contract Tower,14,20,24,24,82,0,0,11,0,11,14,20,35,24,93,2,14,16,109
11/24/2020,BRO,TX,ASW,CE,Federal Contract Tower,13,24,25,7,69,0,0,29,2,31,13,24,54,9,100,8,4,12,112
11/25/2020,BRO,TX,ASW,CE,Federal Contract Tower,17,16,23,8,64,0,1,14,8,23,17,17,37,16,87,6,84,90,177
11/26/2020,BRO,TX,ASW,CE,Federal Contract Tower,0,17,15,0,32,0,0,12,0,12,0,17,27,0,44,0,0,0,44
11/27/2020,BRO,TX,ASW,CE,Federal Contract Tower,11,7,13,7,38,0,0,13,3,16,11,7,26,10,54,13,4,17,71
11/28/2020,BRO,TX,ASW,CE,Federal Contract Tower,8,16,10,0,34,0,0,1,0,1,8,16,11,0,35,0,0,0,35
11/29/2020,BRO,TX,ASW,CE,Federal Contract Tower,10,17,30,4,61,0,0,2,0,2,10,17,32,4,63,0,2,2,65
11/30/2020,BRO,TX,ASW,CE,Federal Contract Tower,17,15,11,26,69,0,0,19,2,21,17,15,30,28,90,2,18,20,110
12/01/2020,BRO,TX,ASW,CE,Federal Contract Tower,5,26,9,23,63,0,0,19,3,22,5,26,28,26,85,0,2,2,87
12/02/2020,BRO,TX,ASW,CE,Federal Contract Tower,14,15,15,14,58,0,0,9,9,18,14,15,24,23,76,0,48,48,124
12/03/2020,BRO,TX,ASW,CE,Federal Contract Tower,6,23,11,7,47,0,0,19,1,20,6,23,30,8,67,0,4,4,71
12/04/2020,BRO,TX,ASW,CE,Federal Contract Tower,13,12,14,6,45,0,0,21,4,25,13,12,35,10,70,12,2,14,84
12/05/2020,BRO,TX,ASW,CE,Federal Contract Tower,7,10,14,0,31,0,0,0,0,0,7,10,14,0,31,0,0,0,31
12/06/2020,BRO,TX,ASW,CE,Federal Contract Tower,10,14,8,4,36,0,0,24,0,24,10,14,32,4,60,4,4,8,68
12/07/2020,BRO,TX,ASW,CE,Federal Contract Tower,7,15,11,18,51,0,0,15,0,15,7,15,26,18,66,10,14,24,90
12/08/2020,BRO,TX,ASW,CE,Federal Contract Tower,8,27,24,10,69,0,0,18,5,23,8,27,42,15,92,0,28,28,120
12/09/2020,BRO,TX,ASW,CE,Federal Contract Tower,15,17,11,9,52,0,0,16,5,21,15,17,27,14,73,6,56,62,135
12/10/2020,BRO,TX,ASW,CE,Federal Contract Tower,7,19,28,4,58,0,3,16,2,21,7,22,44,6,79,0,2,2,81
12/11/2020,BRO,TX,ASW,CE,Federal Contract Tower,19,19,26,8,72,0,4,8,1,13,19,23,34,9,85,0,8,8,93
12/12/2020,BRO,TX,ASW,CE,Federal Contract Tower,6,10,8,9,33,0,0,29,8,37,6,10,37,17,70,0,0,0,70
12/13/2020,BRO,TX,ASW,CE,Federal Contract Tower,3,16,12,8,39,0,0,3,0,3,3,16,15,8,42,0,8,8,50
12/14/2020,BRO,TX,ASW,CE,Federal Contract Tower,9,22,9,5,45,0,0,33,3,36,9,22,42,8,81,20,0,20,101
12/15/2020,BRO,TX,ASW,CE,Federal Contract Tower,5,22,13,10,50,0,0,27,1,28,5,22,40,11,78,16,4,20,98
12/16/2020,BRO,TX,ASW,CE,Federal Contract Tower,10,19,22,5,56,0,0,13,3,16,10,19,35,8,72,0,2,2,74
12/17/2020,BRO,TX,ASW,CE,Federal Contract Tower,4,15,17,8,44,0,0,13,4,17,4,15,30,12,61,0,4,4,65
12/18/2020,BRO,TX,ASW,CE,Federal Contract Tower,11,8,21,6,46,0,0,12,0,12,11,8,33,6,58,0,6,6,64
12/19/2020,BRO,TX,ASW,CE,Federal Contract Tower,4,11,6,4,25,0,0,10,0,10,4,11,16,4,35,0,4,4,39
12/20/2020,BRO,TX,ASW,CE,Federal Contract Tower,7,18,16,2,43,0,4,24,0,28,7,22,40,2,71,2,2,4,75
12/21/2020,BRO,TX,ASW,CE,Federal Contract Tower,14,14,19,10,57,0,0,18,0,18,14,14,37,10,75,6,10,16,91
12/22/2020,BRO,TX,ASW,CE,Federal Contract Tower,6,21,17,7,51,0,2,12,2,16,6,23,29,9,67,20,0,20,87
12/23/2020,BRO,TX,ASW,CE,Federal Contract Tower,15,16,19,2,52,0,0,8,0,8,15,16,27,2,60,0,0,0,60
12/24/2020,BRO,TX,ASW,CE,Federal Contract Tower,5,11,3,0,19,0,0,3,0,3,5,11,6,0,22,1,0,1,23
12/25/2020,BRO,TX,ASW,CE,Federal Contract Tower,8,7,13,0,28,0,0,9,0,9,8,7,22,0,37,2,0,2,39
12/26/2020,BRO,TX,ASW,CE,Federal Contract Tower,6,24,22,2,54,0,1,31,2,34,6,25,53,4,88,10,0,10,98
12/27/2020,BRO,TX,ASW,CE,Federal Contract Tower,9,24,15,0,48,0,0,30,0,30,9,24,45,0,78,0,0,0,78
12/28/2020,BRO,TX,ASW,CE,Federal Contract Tower,12,27,24,4,67,0,0,15,2,17,12,27,39,6,84,2,2,4,88
12/29/2020,BRO,TX,ASW,CE,Federal Contract Tower,6,16,16,4,42,0,0,38,0,38,6,16,54,4,80,4,4,8,88
12/30/2020,BRO,TX,ASW,CE,Federal Contract Tower,15,17,18,1,51,0,0,10,1,11,15,17,28,2,62,0,1,1,63
12/31/2020,BRO,TX,ASW,CE,Federal Contract Tower,2,10,10,0,22,0,0,7,0,7,2,10,17,0,29,0,0,0,29
01/01/2021,BRO,TX,ASW,CE,Federal Contract Tower,8,13,7,0,28,0,0,6,0,6,8,13,13,0,34,0,0,0,34
01/02/2021,BRO,TX,ASW,CE,Federal Contract Tower,4,12,17,0,33,0,0,13,0,13,4,12,30,0,46,0,0,0,46
01/03/2021,BRO,TX,ASW,CE,Federal Contract Tower,9,15,20,0,44,0,0,20,0,20,9,15,40,0,64,4,0,4,68
01/04/2021,BRO,TX,ASW,CE,Federal Contract Tower,8,14,18,0,40,0,0,13,0,13,8,14,31,0,53,0,0,0,53
01/05/2021,BRO,TX,ASW,CE,Federal Contract Tower,13,9,12,10,44,0,0,16,0,16,13,9,28,10,60,0,2,2,62
01/06/2021,BRO,TX,ASW,CE,Federal Contract Tower,20,8,6,24,58,0,0,12,1,13,20,8,18,25,71,0,4,4,75
01/07/2021,BRO,TX,ASW,CE,Federal Contract Tower,13,4,15,4,36,0,0,15,0,15,13,4,30,4,51,12,0,12,63
01/08/2021,BRO,TX,ASW,CE,Federal Contract Tower,19,6,12,14,51,0,0,20,2,22,19,6,32,16,73,10,4,14,87
01/09/2021,BRO,TX,ASW,CE,Federal Contract Tower,4,17,7,2,30,0,0,7,2,9,4,17,14,4,39,0,0,0,39
01/10/2021,BRO,TX,ASW,CE,Federal Contract Tower,7,9,13,0,29,0,0,0,0,0,7,9,13,0,29,0,0,0,29
01/11/2021,BRO,TX,ASW,CE,Federal Contract Tower,10,7,30,27,74,0,0,14,1,15,10,7,44,28,89,0,0,0,89
01/12/2021,BRO,TX,ASW,CE,Federal Contract Tower,10,4,11,6,31,0,0,5,0,5,10,4,16,6,36,0,0,0,36
01/13/2021,BRO,TX,ASW,CE,Federal Contract Tower,11,15,20,0,46,0,10,21,2,33,11,25,41,2,79,10,0,10,89
01/14/2021,BRO,TX,ASW,CE,Federal Contract Tower,3,16,25,16,60,0,0,21,5,26,3,16,46,21,86,14,10,24,110
01/15/2021,BRO,TX,ASW,CE,Federal Contract Tower,11,10,15,10,46,0,0,12,6,18,11,10,27,16,64,0,2,2,66
01/16/2021,BRO,TX,ASW,CE,Federal Contract Tower,5,12,11,10,38,0,0,33,8,41,5,12,44,18,79,2,0,2,81
01/17/2021,BRO,TX,ASW,CE,Federal Contract Tower,9,11,18,12,50,0,0,16,0,16,9,11,34,12,66,4,0,4,70
01/18/2021,BRO,TX,ASW,CE,Federal Contract Tower,4,18,10,5,37,0,0,8,5,13,4,18,18,10,50,0,0,0,50
01/19/2021,BRO,TX,ASW,CE,Federal Contract Tower,5,22,9,21,57,0,0,7,3,10,5,22,16,24,67,0,0,0,67
01/20/2021,BRO,TX,ASW,CE,Federal Contract Tower,14,19,13,13,59,0,0,0,10,10,14,19,13,23,69,0,44,44,113
01/21/2021,BRO,TX,ASW,CE,Federal Contract Tower,6,24,39,8,77,0,0,0,2,2,6,24,39,10,79,0,0,0,79
01/22/2021,BRO,TX,ASW,CE,Federal Contract Tower,5,21,25,10,61,0,0,15,2,17,5,21,40,12,78,6,0,6,84
01/23/2021,BRO,TX,ASW,CE,Federal Contract Tower,4,16,11,4,35,0,0,1,0,1,4,16,12,4,36,0,0,0,36
01/24/2021,BRO,TX,ASW,CE,Federal Contract Tower,7,17,48,13,85,0,0,5,4,9,7,17,53,17,94,0,0,0,94
01/25/2021,BRO,TX,ASW,CE,Federal Contract Tower,11,24,33,23,91,0,0,11,3,14,11,24,44,26,105,0,2,2,107
01/26/2021,BRO,TX,ASW,CE,Federal Contract Tower,1,14,17,13,45,0,0,9,1,10,1,14,26,14,55,0,0,0,55
01/27/2021,BRO,TX,ASW,CE,Federal Contract Tower,8,23,11,6,48,0,0,8,4,12,8,23,19,10,60,0,0,0,60
01/28/2021,BRO,TX,ASW,CE,Federal Contract Tower,5,28,11,12,56,0,3,21,14,38,5,31,32,26,94,0,52,52,146
01/29/2021,BRO,TX,ASW,CE,Federal Contract Tower,8,29,8,10,55,0,5,24,7,36,8,34,32,17,91,0,0,0,91
01/30/2021,BRO,TX,ASW,CE,Federal Contract Tower,5,12,9,14,40,0,0,6,14,20,5,12,15,28,60,0,0,0,60
01/31/2021,BRO,TX,ASW,CE,Federal Contract Tower,9,13,18,0,40,0,0,22,0,22,9,13,40,0,62,10,0,10,72
02/01/2021,BRO,TX,ASW,CE,Federal Contract Tower,6,34,18,7,65,0,0,15,1,16,6,34,33,8,81,0,0,0,81
02/02/2021,BRO,TX,ASW,CE,Federal Contract Tower,9,31,21,13,74,0,0,24,1,25,9,31,45,14,99,0,10,10,109
02/03/2021,BRO,TX,ASW,CE,Federal Contract Tower,13,25,23,5,66,0,2,20,5,27,13,27,43,10,93,8,0,8,101
02/04/2021,BRO,TX,ASW,CE,Federal Contract Tower,8,15,21,2,46,0,0,4,3,7,8,15,25,5,53,0,0,0,53
02/05/2021,BRO,TX,ASW,CE,Federal Contract Tower,15,32,24,11,82,0,0,8,10,18,15,32,32,21,100,0,2,2,102
02/06/2021,BRO,TX,ASW,CE,Federal Contract Tower,7,19,16,6,48,0,0,1,6,7,7,19,17,12,55,0,0,0,55
02/07/2021,BRO,TX,ASW,CE,Federal Contract Tower,8,20,11,2,41,0,0,25,2,27,8,20,36,4,68,41,0,41,109
02/08/2021,BRO,TX,ASW,CE,Federal Contract Tower,10,21,18,0,49,0,0,11,0,11,10,21,29,0,60,0,0,0,60
02/09/2021,BRO,TX,ASW,CE,Federal Contract Tower,10,20,25,11,66,0,0,7,0,7,10,20,32,11,73,14,36,50,123
02/13/2021,BRO,TX,ASW,CE,Federal Contract Tower,6,15,7,10,38,0,0,0,0,0,6,15,7,10,38,0,8,8,46
02/14/2021,BRO,TX,ASW,CE,Federal Contract Tower,2,10,14,0,26,0,0,0,0,0,2,10,14,0,26,0,0,0,26
02/15/2021,BRO,TX,ASW,CE,Federal Contract Tower,1,6,12,0,19,0,0,4,1,5,1,6,16,1,24,0,0,0,24
02/16/2021,BRO,TX,ASW,CE,Federal Contract Tower,0,13,22,0,35,0,0,0,0,0,0,13,22,0,35,0,0,0,35
02/18/2021,BRO,TX,ASW,CE,Federal Contract Tower,5,5,10,0,20,0,0,1,0,1,5,5,11,0,21,0,0,0,21
02/19/2021,BRO,TX,ASW,CE,Federal Contract Tower,10,18,19,4,51,0,0,13,0,13,10,18,32,4,64,10,0,10,74
02/20/2021,BRO,TX,ASW,CE,Federal Contract Tower,13,15,15,11,54,0,4,22,11,37,13,19,37,22,91,0,0,0,91
02/21/2021,BRO,TX,ASW,CE,Federal Contract Tower,7,24,27,12,70,0,1,15,0,16,7,25,42,12,86,0,0,0,86
02/22/2021,BRO,TX,ASW,CE,Federal Contract Tower,8,19,21,19,67,0,0,4,23,27,8,19,25,42,94,0,44,44,138
02/23/2021,BRO,TX,ASW,CE,Federal Contract Tower,4,20,20,18,62,0,3,2,0,5,4,23,22,18,67,0,0,0,67
02/24/2021,BRO,TX,ASW,CE,Federal Contract Tower,13,24,15,21,73,0,0,11,17,28,13,24,26,38,101,0,0,0,101
02/25/2021,BRO,TX,ASW,CE,Federal Contract Tower,4,15,17,10,46,0,0,9,4,13,4,15,26,14,59,0,0,0,59
02/26/2021,BRO,TX,ASW,CE,Federal Contract Tower,7,23,19,19,68,0,1,9,19,29,7,24,28,38,97,0,0,0,97
02/27/2021,BRO,TX,ASW,CE,Federal Contract Tower,5,10,14,10,39,0,0,9,5,14,5,10,23,15,53,0,0,0,53
02/28/2021,BRO,TX,ASW,CE,Federal Contract Tower,6,17,23,1,47,0,0,7,0,7,6,17,30,1,54,0,0,0,54
03/01/2021,BRO,TX,ASW,CE,Federal Contract Tower,5,27,24,2,58,0,0,1,0,1,5,27,25,2,59,0,0,0,59
03/02/2021,BRO,TX,ASW,CE,Federal Contract Tower,6,18,17,4,45,0,0,22,2,24,6,18,39,6,69,0,0,0,69
03/03/2021,BRO,TX,ASW,CE,Federal Contract Tower,13,20,14,8,55,0,0,38,0,38,13,20,52,8,93,0,2,2,95
03/04/2021,BRO,TX,ASW,CE,Federal Contract Tower,11,20,20,2,53,0,0,14,2,16,11,20,34,4,69,0,0,0,69
03/05/2021,BRO,TX,ASW,CE,Federal Contract Tower,6,18,20,0,44,0,0,10,0,10,6,18,30,0,54,0,0,0,54
03/06/2021,BRO,TX,ASW,CE,Federal Contract Tower,7,15,18,0,40,0,4,28,0,32,7,19,46,0,72,26,0,26,98
03/07/2021,BRO,TX,ASW,CE,Federal Contract Tower,6,20,14,0,40,0,0,26,2,28,6,20,40,2,68,2,20,22,90
03/08/2021,BRO,TX,ASW,CE,Federal Contract Tower,9,25,8,18,60,0,0,9,0,9,9,25,17,18,69,0,0,0,69
03/09/2021,BRO,TX,ASW,CE,Federal Contract Tower,1,18,19,11,49,0,0,13,2,15,1,18,32,13,64,0,0,0,64
03/10/2021,BRO,TX,ASW,CE,Federal Contract Tower,25,28,25,6,84,0,0,17,2,19,25,28,42,8,103,0,0,0,103
03/12/2021,BRO,TX,ASW,CE,Federal Contract Tower,10,26,17,9,62,0,4,16,5,25,10,30,33,14,87,26,0,26,113
03/13/2021,BRO,TX,ASW,CE,Federal Contract Tower,11,21,18,6,56,0,0,14,4,18,11,21,32,10,74,0,0,0,74
03/14/2021,BRO,TX,ASW,CE,Federal Contract Tower,10,22,14,8,54,0,0,9,0,9,10,22,23,8,63,6,0,6,69
03/15/2021,BRO,TX,ASW,CE,Federal Contract Tower,7,22,22,6,57,0,0,6,2,8,7,22,28,8,65,4,0,4,69
03/16/2021,BRO,TX,ASW,CE,Federal Contract Tower,9,28,24,6,67,0,0,10,0,10,9,28,34,6,77,0,0,0,77
03/17/2021,BRO,TX,ASW,CE,Federal Contract Tower,15,18,27,3,63,0,0,42,0,42,15,18,69,3,105,32,0,32,137
03/18/2021,BRO,TX,ASW,CE,Federal Contract Tower,10,28,27,7,72,0,4,14,4,22,10,32,41,11,94,0,2,2,96
03/19/2021,BRO,TX,ASW,CE,Federal Contract Tower,12,20,32,2,66,0,2,21,0,23,12,22,53,2,89,0,0,0,89
03/20/2021,BRO,TX,ASW,CE,Federal Contract Tower,15,19,14,4,52,0,4,14,4,22,15,23,28,8,74,0,0,0,74
03/21/2021,BRO,TX,ASW,CE,Federal Contract Tower,14,12,37,12,75,0,0,34,1,35,14,12,71,13,110,0,0,0,110
03/22/2021,BRO,TX,ASW,CE,Federal Contract Tower,6,17,20,4,47,0,0,11,0,11,6,17,31,4,58,0,0,0,58
03/23/2021,BRO,TX,ASW,CE,Federal Contract Tower,6,22,35,5,68,0,0,14,1,15,6,22,49,6,83,0,0,0,83
03/24/2021,BRO,TX,ASW,CE,Federal Contract Tower,11,23,19,14,67,0,7,18,2,27,11,30,37,16,94,0,0,0,94
03/25/2021,BRO,TX,ASW,CE,Federal Contract Tower,7,26,24,12,69,0,1,19,8,28,7,27,43,20,97,18,0,18,115
03/26/2021,BRO,TX,ASW,CE,Federal Contract Tower,13,28,28,4,73,0,0,13,0,13,13,28,41,4,86,0,24,24,110
03/27/2021,BRO,TX,ASW,CE,Federal Contract Tower,9,21,30,2,62,0,0,18,2,20,9,21,48,4,82,14,0,14,96
03/28/2021,BRO,TX,ASW,CE,Federal Contract Tower,9,32,22,0,63,0,0,0,0,0,9,32,22,0,63,0,0,0,63
03/29/2021,BRO,TX,ASW,CE,Federal Contract Tower,9,27,25,2,63,0,0,21,0,21,9,27,46,2,84,10,0,10,94
03/30/2021,BRO,TX,ASW,CE,Federal Contract Tower,5,19,44,18,86,0,0,12,2,14,5,19,56,20,100,0,0,0,100
03/31/2021,BRO,TX,ASW,CE,Federal Contract Tower,9,38,26,7,80,0,0,19,0,19,9,38,45,7,99,16,4,20,119
04/01/2021,BRO,TX,ASW,CE,Federal Contract Tower,7,28,30,4,69,0,2,1,0,3,7,30,31,4,72,0,0,0,72
04/02/2021,BRO,TX,ASW,CE,Federal Contract Tower,7,29,11,5,52,0,0,17,1,18,7,29,28,6,70,0,0,0,70
04/03/2021,BRO,TX,ASW,CE,Federal Contract Tower,11,16,16,0,43,0,6,15,4,25,11,22,31,4,68,0,0,0,68
04/04/2021,BRO,TX,ASW,CE,Federal Contract Tower,11,23,37,3,74,0,0,23,0,23,11,23,60,3,97,14,0,14,111
04/05/2021,BRO,TX,ASW,CE,Federal Contract Tower,9,23,34,14,80,0,2,33,4,39,9,25,67,18,119,10,0,10,129
04/06/2021,BRO,TX,ASW,CE,Federal Contract Tower,8,21,38,27,94,0,0,18,7,25,8,21,56,34,119,0,0,0,119
04/07/2021,BRO,TX,ASW,CE,Federal Contract Tower,9,23,46,24,102,0,4,28,4,36,9,27,74,28,138,8,20,28,166
04/08/2021,BRO,TX,ASW,CE,Federal Contract Tower,6,25,27,10,68,0,0,22,5,27,6,25,49,15,95,0,16,16,111
04/09/2021,BRO,TX,ASW,CE,Federal Contract Tower,11,33,21,8,73,0,0,10,0,10,11,33,31,8,83,0,0,0,83
04/10/2021,BRO,TX,ASW,CE,Federal Contract Tower,13,26,35,4,78,0,0,18,4,22,13,26,53,8,100,22,0,22,122
04/11/2021,BRO,TX,ASW,CE,Federal Contract Tower,8,38,29,0,75,0,0,21,0,21,8,38,50,0,96,14,0,14,110
04/12/2021,BRO,TX,ASW,CE,Federal Contract Tower,6,19,19,16,60,0,0,10,0,10,6,19,29,16,70,20,0,20,90
04/13/2021,BRO,TX,ASW,CE,Federal Contract Tower,6,16,22,14,58,0,0,14,5,19,6,16,36,19,77,0,26,26,103
04/14/2021,BRO,TX,ASW,CE,Federal Contract Tower,10,16,20,18,64,0,0,4,8,12,10,16,24,26,76,20,0,20,96
04/15/2021,BRO,TX,ASW,CE,Federal Contract Tower,6,19,28,22,75,0,0,7,2,9,6,19,35,24,84,16,0,16,100
04/16/2021,BRO,TX,ASW,CE,Federal Contract Tower,11,22,26,15,74,0,0,25,0,25,11,22,51,15,99,18,24,42,141
04/17/2021,BRO,TX,ASW,CE,Federal Contract Tower,12,16,15,4,47,0,0,1,4,5,12,16,16,8,52,0,0,0,52
04/18/2021,BRO,TX,ASW,CE,Federal Contract Tower,8,31,12,6,57,0,0,16,0,16,8,31,28,6,73,0,0,0,73
04/19/2021,BRO,TX,ASW,CE,Federal Contract Tower,8,14,18,22,62,0,0,19,0,19,8,14,37,22,81,10,0,10,91
04/20/2021,BRO,TX,ASW,CE,Federal Contract Tower,7,14,22,13,56,0,1,28,9,38,7,15,50,22,94,0,0,0,94
04/21/2021,BRO,TX,ASW,CE,Federal Contract Tower,11,14,19,33,77,0,0,10,33,43,11,14,29,66,120,0,0,0,120
04/22/2021,BRO,TX,ASW,CE,Federal Contract Tower,12,21,26,6,65,0,0,6,6,12,12,21,32,12,77,0,0,0,77
04/23/2021,BRO,TX,ASW,CE,Federal Contract Tower,9,25,19,9,62,0,1,11,0,12,9,26,30,9,74,0,0,0,74
04/24/2021,BRO,TX,ASW,CE,Federal Contract Tower,12,13,7,10,42,0,0,10,10,20,12,13,17,20,62,2,0,2,64
04/25/2021,BRO,TX,ASW,CE,Federal Contract Tower,10,17,23,0,50,0,0,33,0,33,10,17,56,0,83,0,0,0,83
04/26/2021,BRO,TX,ASW,CE,Federal Contract Tower,7,17,28,30,82,0,0,9,2,11,7,17,37,32,93,0,0,0,93
04/28/2021,BRO,TX,ASW,CE,Federal Contract Tower,9,17,20,10,56,0,0,12,2,14,9,17,32,12,70,0,0,0,70
04/29/2021,BRO,TX,ASW,CE,Federal Contract Tower,13,12,21,14,60,0,0,11,0,11,13,12,32,14,71,0,0,0,71
04/30/2021,BRO,TX,ASW,CE,Federal Contract Tower,10,21,23,4,58,0,0,9,0,9,10,21,32,4,67,0,12,12,79
05/01/2021,BRO,TX,ASW,CE,Federal Contract Tower,5,18,9,0,32,0,0,4,0,4,5,18,13,0,36,0,0,0,36
05/02/2021,BRO,TX,ASW,CE,Federal Contract Tower,4,19,29,4,56,0,0,26,0,26,4,19,55,4,82,0,10,10,92
05/03/2021,BRO,TX,ASW,CE,Federal Contract Tower,8,15,31,21,75,0,0,12,3,15,8,15,43,24,90,0,0,0,90
05/04/2021,BRO,TX,ASW,CE,Federal Contract Tower,7,14,11,10,42,0,0,18,0,18,7,14,29,10,60,0,0,0,60
05/05/2021,BRO,TX,ASW,CE,Federal Contract Tower,8,15,8,2,33,0,0,5,0,5,8,15,13,2,38,0,6,6,44
05/06/2021,BRO,TX,ASW,CE,Federal Contract Tower,7,14,16,4,41,0,0,17,4,21,7,14,33,8,62,6,0,6,68
05/07/2021,BRO,TX,ASW,CE,Federal Contract Tower,11,17,35,8,71,0,0,20,0,20,11,17,55,8,91,12,0,12,103
05/08/2021,BRO,TX,ASW,CE,Federal Contract Tower,4,16,11,20,51,0,0,7,4,11,4,16,18,24,62,0,0,0,62
05/09/2021,BRO,TX,ASW,CE,Federal Contract Tower,7,16,14,12,49,0,0,3,0,3,7,16,17,12,52,0,0,0,52
05/10/2021,BRO,TX,ASW,CE,Federal Contract Tower,5,8,12,8,33,0,0,11,0,11,5,8,23,8,44,0,0,0,44
05/11/2021,BRO,TX,ASW,CE,Federal Contract Tower,5,9,23,13,50,0,2,14,2,18,5,11,37,15,68,0,0,0,68
05/12/2021,BRO,TX,ASW,CE,Federal Contract Tower,12,16,16,9,53,0,0,4,4,8,12,16,20,13,61,0,42,42,103
05/13/2021,BRO,TX,ASW,CE,Federal Contract Tower,10,12,28,16,66,0,0,12,4,16,10,12,40,20,82,0,2,2,84
05/14/2021,BRO,TX,ASW,CE,Federal Contract Tower,11,13,15,20,59,0,5,11,0,16,11,18,26,20,75,12,0,12,87
05/15/2021,BRO,TX,ASW,CE,Federal Contract Tower,10,11,14,0,35,0,4,11,0,15,10,15,25,0,50,0,0,0,50
05/16/2021,BRO,TX,ASW,CE,Federal Contract Tower,8,19,33,4,64,0,0,5,0,5,8,19,38,4,69,28,0,28,97
05/17/2021,BRO,TX,ASW,CE,Federal Contract Tower,10,10,20,20,60,0,0,10,0,10,10,10,30,20,70,0,0,0,70
05/18/2021,BRO,TX,ASW,CE,Federal Contract Tower,5,8,15,10,38,0,2,13,0,15,5,10,28,10,53,0,0,0,53
05/19/2021,BRO,TX,ASW,CE,Federal Contract Tower,5,12,12,0,29,0,0,0,0,0,5,12,12,0,29,0,0,0,29
05/20/2021,BRO,TX,ASW,CE,Federal Contract Tower,9,14,21,4,48,0,2,18,0,20,9,16,39,4,68,0,22,22,90
05/21/2021,BRO,TX,ASW,CE,Federal Contract Tower,11,11,14,4,40,0,0,32,0,32,11,11,46,4,72,22,2,24,96
05/22/2021,BRO,TX,ASW,CE,Federal Contract Tower,7,5,13,12,37,0,0,13,12,25,7,5,26,24,62,0,0,0,62
05/23/2021,BRO,TX,ASW,CE,Federal Contract Tower,6,14,18,4,42,0,0,6,0,6,6,14,24,4,48,0,0,0,48
05/24/2021,BRO,TX,ASW,CE,Federal Contract Tower,6,12,14,0,32,0,0,6,0,6,6,12,20,0,38,0,0,0,38
05/25/2021,BRO,TX,ASW,CE,Federal Contract Tower,3,10,24,8,45,0,0,15,0,15,3,10,39,8,60,0,0,0,60
05/26/2021,BRO,TX,ASW,CE,Federal Contract Tower,10,16,32,6,64,0,0,24,4,28,10,16,56,10,92,12,0,12,104
05/27/2021,BRO,TX,ASW,CE,Federal Contract Tower,11,15,18,2,46,0,0,18,2,20,11,15,36,4,66,5,0,5,71
05/29/2021,BRO,TX,ASW,CE,Federal Contract Tower,6,8,16,0,30,0,2,9,0,11,6,10,25,0,41,0,0,0,41
05/30/2021,BRO,TX,ASW,CE,Federal Contract Tower,8,13,9,0,30,0,0,24,0,24,8,13,33,0,54,12,0,12,66
05/31/2021,BRO,TX,ASW,CE,Federal Contract Tower,10,9,14,0,33,0,0,14,0,14,10,9,28,0,47,16,0,16,63
06/01/2021,BRO,TX,ASW,CE,Federal Contract Tower,3,11,17,4,35,0,2,6,0,8,3,13,23,4,43,0,0,0,43
06/02/2021,BRO,TX,ASW,CE,Federal Contract Tower,6,21,14,8,49,0,0,15,0,15,6,21,29,8,64,0,0,0,64
06/03/2021,BRO,TX,ASW,CE,Federal Contract Tower,3,8,18,0,29,0,0,13,0,13,3,8,31,0,42,0,0,0,42
06/04/2021,BRO,TX,ASW,CE,Federal Contract Tower,12,12,24,0,48,0,0,7,0,7,12,12,31,0,55,0,0,0,55
06/05/2021,BRO,TX,ASW,CE,Federal Contract Tower,6,11,9,8,34,0,8,12,8,28,6,19,21,16,62,0,0,0,62
06/06/2021,BRO,TX,ASW,CE,Federal Contract Tower,4,18,24,2,48,0,0,13,0,13,4,18,37,2,61,0,0,0,61
06/07/2021,BRO,TX,ASW,CE,Federal Contract Tower,2,19,19,6,46,0,0,5,0,5,2,19,24,6,51,10,0,10,61
06/08/2021,BRO,TX,ASW,CE,Federal Contract Tower,3,20,19,4,46,0,2,6,0,8,3,22,25,4,54,0,0,0,54
06/10/2021,BRO,TX,ASW,CE,Federal Contract Tower,4,17,25,8,54,0,0,22,3,25,4,17,47,11,79,20,0,20,99
06/11/2021,BRO,TX,ASW,CE,Federal Contract Tower,10,17,22,2,51,0,2,24,0,26,10,19,46,2,77,8,0,8,85
06/12/2021,BRO,TX,ASW,CE,Federal Contract Tower,10,13,14,6,43,0,5,19,0,24,10,18,33,6,67,2,0,2,69
06/13/2021,BRO,TX,ASW,CE,Federal Contract Tower,1,30,14,0,45,0,0,12,0,12,1,30,26,0,57,0,0,0,57
06/14/2021,BRO,TX,ASW,CE,Federal Contract Tower,9,19,23,2,53,0,0,15,0,15,9,19,38,2,68,0,0,0,68
06/15/2021,BRO,TX,ASW,CE,Federal Contract Tower,4,18,13,4,39,0,0,17,0,17,4,18,30,4,56,0,4,4,60
06/16/2021,BRO,TX,ASW,CE,Federal Contract Tower,8,14,18,2,42,0,4,3,0,7,8,18,21,2,49,0,0,0,49
06/17/2021,BRO,TX,ASW,CE,Federal Contract Tower,6,35,33,0,74,0,8,13,0,21,6,43,46,0,95,2,0,2,97
06/18/2021,BRO,TX,ASW,CE,Federal Contract Tower,13,22,42,2,79,0,8,14,0,22,13,30,56,2,101,0,0,0,101
06/19/2021,BRO,TX,ASW,CE,Federal Contract Tower,7,21,16,4,48,0,0,12,0,12,7,21,28,4,60,0,0,0,60
06/20/2021,BRO,TX,ASW,CE,Federal Contract Tower,6,20,29,0,55,0,0,14,0,14,6,20,43,0,69,0,0,0,69
06/21/2021,BRO,TX,ASW,CE,Federal Contract Tower,4,20,25,4,53,0,0,11,0,11,4,20,36,4,64,0,54,54,118
06/22/2021,BRO,TX,ASW,CE,Federal Contract Tower,4,23,13,0,40,0,0,3,0,3,4,23,16,0,43,0,0,0,43
06/23/2021,BRO,TX,ASW,CE,Federal Contract Tower,7,13,20,2,42,0,4,11,2,17,7,17,31,4,59,0,0,0,59
06/24/2021,BRO,TX,ASW,CE,Federal Contract Tower,12,19,15,8,54,0,3,24,2,29,12,22,39,10,83,0,0,0,83
06/25/2021,BRO,TX,ASW,CE,Federal Contract Tower,19,19,21,2,61,0,2,7,0,9,19,21,28,2,70,0,0,0,70
06/26/2021,BRO,TX,ASW,CE,Federal Contract Tower,5,24,21,6,56,0,3,9,0,12,5,27,30,6,68,0,0,0,68
06/27/2021,BRO,TX,ASW,CE,Federal Contract Tower,4,31,31,12,78,0,0,28,0,28,4,31,59,12,106,0,0,0,106
06/28/2021,BRO,TX,ASW,CE,Federal Contract Tower,0,21,26,8,55,0,0,4,0,4,0,21,30,8,59,0,0,0,59
06/29/2021,BRO,TX,ASW,CE,Federal Contract Tower,1,21,16,0,38,0,4,5,0,9,1,25,21,0,47,0,0,0,47
06/30/2021,BRO,TX,ASW,CE,Federal Contract Tower,10,13,26,4,53,0,4,11,0,15,10,17,37,4,68,0,0,0,68
07/01/2021,BRO,TX,ASW,CE,Federal Contract Tower,3,17,45,4,69,0,1,19,0,20,3,18,64,4,89,0,0,0,89
07/02/2021,BRO,TX,ASW,CE,Federal Contract Tower,10,17,23,0,50,0,0,13,0,13,10,17,36,0,63,6,0,6,69
07/03/2021,BRO,TX,ASW,CE,Federal Contract Tower,7,25,26,2,60,0,0,15,2,17,7,25,41,4,77,2,0,2,79
07/04/2021,BRO,TX,ASW,CE,Federal Contract Tower,5,19,23,0,47,0,0,10,0,10,5,19,33,0,57,0,0,0,57
07/05/2021,BRO,TX,ASW,CE,Federal Contract Tower,5,18,48,0,71,0,0,12,0,12,5,18,60,0,83,0,0,0,83
07/06/2021,BRO,TX,ASW,CE,Federal Contract Tower,7,19,20,0,46,0,0,2,0,2,7,19,22,0,48,0,0,0,48
07/07/2021,BRO,TX,ASW,CE,Federal Contract Tower,5,16,22,4,47,0,0,2,4,6,5,16,24,8,53,6,0,6,59
07/08/2021,BRO,TX,ASW,CE,Federal Contract Tower,7,21,33,4,65,0,6,6,0,12,7,27,39,4,77,0,0,0,77
07/09/2021,BRO,TX,ASW,CE,Federal Contract Tower,19,25,39,0,83,0,0,8,0,8,19,25,47,0,91,0,0,0,91
07/10/2021,BRO,TX,ASW,CE,Federal Contract Tower,7,23,18,0,48,0,6,8,0,14,7,29,26,0,62,0,0,0,62
07/11/2021,BRO,TX,ASW,CE,Federal Contract Tower,4,29,39,0,72,0,2,31,0,33,4,31,70,0,105,0,0,0,105
07/12/2021,BRO,TX,ASW,CE,Federal Contract Tower,6,14,30,14,64,0,0,22,0,22,6,14,52,14,86,8,6,14,100
07/13/2021,BRO,TX,ASW,CE,Federal Contract Tower,6,15,31,6,58,0,0,7,0,7,6,15,38,6,65,0,0,0,65
07/14/2021,BRO,TX,ASW,CE,Federal Contract Tower,10,25,32,2,69,0,0,14,0,14,10,25,46,2,83,4,0,4,87
07/16/2021,BRO,TX,ASW,CE,Federal Contract Tower,16,19,29,0,64,0,0,5,0,5,16,19,34,0,69,0,0,0,69
07/17/2021,BRO,TX,ASW,CE,Federal Contract Tower,14,8,26,0,48,0,7,16,1,24,14,15,42,1,72,0,0,0,72
07/18/2021,BRO,TX,ASW,CE,Federal Contract Tower,12,23,34,4,73,0,0,28,0,28,12,23,62,4,101,0,0,0,101
07/19/2021,BRO,TX,ASW,CE,Federal Contract Tower,6,20,29,12,67,0,0,16,0,16,6,20,45,12,83,0,0,0,83
07/20/2021,BRO,TX,ASW,CE,Federal Contract Tower,11,20,25,6,62,0,0,15,4,19,11,20,40,10,81,0,36,36,117
07/21/2021,BRO,TX,ASW,CE,Federal Contract Tower,16,22,28,0,66,0,0,6,0,6,16,22,34,0,72,0,0,0,72
07/22/2021,BRO,TX,ASW,CE,Federal Contract Tower,11,16,44,18,89,0,0,9,18,27,11,16,53,36,116,0,0,0,116
07/24/2021,BRO,TX,ASW,CE,Federal Contract Tower,10,16,25,14,65,0,0,31,14,45,10,16,56,28,110,0,4,4,114
07/25/2021,BRO,TX,ASW,CE,Federal Contract Tower,8,22,47,2,79,0,0,18,0,18,8,22,65,2,97,0,0,0,97
07/26/2021,BRO,TX,ASW,CE,Federal Contract Tower,6,25,41,6,78,0,0,12,0,12,6,25,53,6,90,0,0,0,90
07/27/2021,BRO,TX,ASW,CE,Federal Contract Tower,9,15,31,8,63,0,0,11,8,19,9,15,42,16,82,0,0,0,82
07/28/2021,BRO,TX,ASW,CE,Federal Contract Tower,17,17,27,0,61,0,4,18,0,22,17,21,45,0,83,0,0,0,83
07/29/2021,BRO,TX,ASW,CE,Federal Contract Tower,11,30,32,8,81,0,3,20,0,23,11,33,52,8,104,0,0,0,104
07/31/2021,BRO,TX,ASW,CE,Federal Contract Tower,16,19,25,0,60,0,0,18,0,18,16,19,43,0,78,0,0,0,78
08/01/2021,BRO,TX,ASW,CE,Federal Contract Tower,13,34,58,2,107,0,0,23,0,23,13,34,81,2,130,0,0,0,130
08/02/2021,BRO,TX,ASW,CE,Federal Contract Tower,15,21,40,6,82,0,0,26,0,26,15,21,66,6,108,0,0,0,108
08/03/2021,BRO,TX,ASW,CE,Federal Contract Tower,16,20,33,4,73,0,11,0,0,11,16,31,33,4,84,0,0,0,84
08/04/2021,BRO,TX,ASW,CE,Federal Contract Tower,21,22,27,12,82,0,0,9,14,23,21,22,36,26,105,0,0,0,105
08/05/2021,BRO,TX,ASW,CE,Federal Contract Tower,15,26,36,18,95,0,0,22,3,25,15,26,58,21,120,0,40,40,160
08/06/2021,BRO,TX,ASW,CE,Federal Contract Tower,22,19,27,6,74,0,0,16,0,16,22,19,43,6,90,2,0,2,92
08/07/2021,BRO,TX,ASW,CE,Federal Contract Tower,11,17,15,4,47,0,4,23,4,31,11,21,38,8,78,0,30,30,108
08/08/2021,BRO,TX,ASW,CE,Federal Contract Tower,11,23,43,8,85,0,0,23,0,23,11,23,66,8,108,0,0,0,108
08/09/2021,BRO,TX,ASW,CE,Federal Contract Tower,13,17,29,6,65,0,0,20,0,20,13,17,49,6,85,0,0,0,85
08/10/2021,BRO,TX,ASW,CE,Federal Contract Tower,14,17,16,16,63,1,18,0,0,19,15,35,16,16,82,0,0,0,82
08/11/2021,BRO,TX,ASW,CE,Federal Contract Tower,19,16,22,8,65,0,2,10,0,12,19,18,32,8,77,0,0,0,77
08/12/2021,BRO,TX,ASW,CE,Federal Contract Tower,12,15,27,23,77,0,0,27,20,47,12,15,54,43,124,0,0,0,124
08/13/2021,BRO,TX,ASW,CE,Federal Contract Tower,20,13,18,6,57,0,4,10,2,16,20,17,28,8,73,0,0,0,73
08/14/2021,BRO,TX,ASW,CE,Federal Contract Tower,14,14,20,2,50,0,0,17,2,19,14,14,37,4,69,0,0,0,69
08/15/2021,BRO,TX,ASW,CE,Federal Contract Tower,12,15,33,0,60,0,0,20,0,20,12,15,53,0,80,26,0,26,106
08/16/2021,BRO,TX,ASW,CE,Federal Contract Tower,13,17,14,29,73,0,0,17,0,17,13,17,31,29,90,0,0,0,90
08/17/2021,BRO,TX,ASW,CE,Federal Contract Tower,11,15,31,18,75,0,0,9,0,9,11,15,40,18,84,0,0,0,84
08/18/2021,BRO,TX,ASW,CE,Federal Contract Tower,13,14,21,18,66,0,1,14,16,31,13,15,35,34,97,0,0,0,97
08/19/2021,BRO,TX,ASW,CE,Federal Contract Tower,14,20,26,2,62,0,0,13,0,13,14,20,39,2,75,6,0,6,81
08/20/2021,BRO,TX,ASW,CE,Federal Contract Tower,15,18,21,8,62,0,0,14,4,18,15,18,35,12,80,8,0,8,88
08/21/2021,BRO,TX,ASW,CE,Federal Contract Tower,17,9,8,2,36,0,0,10,2,12,17,9,18,4,48,0,0,0,48
08/22/2021,BRO,TX,ASW,CE,Federal Contract Tower,9,13,15,0,37,0,0,10,0,10,9,13,25,0,47,0,0,0,47
08/23/2021,BRO,TX,ASW,CE,Federal Contract Tower,11,21,19,8,59,0,0,13,2,15,11,21,32,10,74,0,0,0,74
08/24/2021,BRO,TX,ASW,CE,Federal Contract Tower,8,18,25,1,52,0,0,27,1,28,8,18,52,2,80,0,0,0,80
08/25/2021,BRO,TX,ASW,CE,Federal Contract Tower,16,18,19,14,67,0,0,15,4,19,16,18,34,18,86,0,0,0,86
08/26/2021,BRO,TX,ASW,CE,Federal Contract Tower,11,20,17,10,58,0,1,5,6,12,11,21,22,16,70,0,0,0,70
08/27/2021,BRO,TX,ASW,CE,Federal Contract Tower,18,16,23,6,63,0,0,20,0,20,18,16,43,6,83,0,6,6,89
08/28/2021,BRO,TX,ASW,CE,Federal Contract Tower,13,8,14,0,35,0,2,21,4,27,13,10,35,4,62,0,2,2,64
08/29/2021,BRO,TX,ASW,CE,Federal Contract Tower,12,12,23,0,47,0,0,8,0,8,12,12,31,0,55,0,0,0,55
08/30/2021,BRO,TX,ASW,CE,Federal Contract Tower,10,21,16,18,65,0,0,15,4,19,10,21,31,22,84,6,0,6,90
08/31/2021,BRO,TX,ASW,CE,Federal Contract Tower,9,22,10,20,61,0,0,10,1,11,9,22,20,21,72,18,0,18,90
09/01/2021,BRO,TX,ASW,CE,Federal Contract Tower,15,16,17,10,58,0,0,6,2,8,15,16,23,12,66,0,0,0,66
09/02/2021,BRO,TX,ASW,CE,Federal Contract Tower,8,13,10,12,43,0,0,10,4,14,8,13,20,16,57,6,0,6,63
09/03/2021,BRO,TX,ASW,CE,Federal Contract Tower,19,7,15,4,45,0,0,11,2,13,19,7,26,6,58,0,0,0,58
09/04/2021,BRO,TX,ASW,CE,Federal Contract Tower,16,6,8,8,38,0,0,11,8,19,16,6,19,16,57,4,0,4,61
09/05/2021,BRO,TX,ASW,CE,Federal Contract Tower,7,13,12,0,32,0,0,7,0,7,7,13,19,0,39,0,0,0,39
09/06/2021,BRO,TX,ASW,CE,Federal Contract Tower,6,16,16,4,42,0,0,12,0,12,6,16,28,4,54,6,0,6,60
09/07/2021,BRO,TX,ASW,CE,Federal Contract Tower,4,17,14,10,45,0,0,13,0,13,4,17,27,10,58,6,0,6,64
09/08/2021,BRO,TX,ASW,CE,Federal Contract Tower,12,24,9,14,59,0,2,14,0,16,12,26,23,14,75,0,0,0,75
09/09/2021,BRO,TX,ASW,CE,Federal Contract Tower,6,15,20,10,51,0,3,11,2,16,6,18,31,12,67,4,0,4,71
09/10/2021,BRO,TX,ASW,CE,Federal Contract Tower,6,20,24,0,50,0,3,15,0,18,6,23,39,0,68,0,4,4,72
09/11/2021,BRO,TX,ASW,CE,Federal Contract Tower,13,11,11,0,35,0,6,11,2,19,13,17,22,2,54,2,0,2,56
09/12/2021,BRO,TX,ASW,CE,Federal Contract Tower,4,15,23,0,42,0,0,0,0,0,4,15,23,0,42,0,0,0,42
09/13/2021,BRO,TX,ASW,CE,Federal Contract Tower,2,21,5,0,28,0,4,1,0,5,2,25,6,0,33,0,0,0,33
09/14/2021,BRO,TX,ASW,CE,Federal Contract Tower,6,18,23,8,55,0,0,12,0,12,6,18,35,8,67,0,0,0,67
09/15/2021,BRO,TX,ASW,CE,Federal Contract Tower,14,25,22,10,71,0,0,17,0,17,14,25,39,10,88,0,0,0,88
09/16/2021,BRO,TX,ASW,CE,Federal Contract Tower,9,22,32,14,77,0,0,9,8,17,9,22,41,22,94,0,0,0,94
09/17/2021,BRO,TX,ASW,CE,Federal Contract Tower,12,12,20,2,46,0,0,19,0,19,12,12,39,2,65,0,0,0,65
09/18/2021,BRO,TX,ASW,CE,Federal Contract Tower,9,9,7,2,27,0,2,18,0,20,9,11,25,2,47,6,0,6,53
09/19/2021,BRO,TX,ASW,CE,Federal Contract Tower,7,19,24,0,50,0,0,17,0,17,7,19,41,0,67,0,0,0,67
09/20/2021,BRO,TX,ASW,CE,Federal Contract Tower,6,23,14,9,52,0,4,11,0,15,6,27,25,9,67,14,6,20,87
09/21/2021,BRO,TX,ASW,CE,Federal Contract Tower,6,17,12,0,35,0,0,7,0,7,6,17,19,0,42,0,0,0,42
09/22/2021,BRO,TX,ASW,CE,Federal Contract Tower,12,18,15,0,45,0,2,6,0,8,12,20,21,0,53,14,0,14,67
09/23/2021,BRO,TX,ASW,CE,Federal Contract Tower,9,21,29,2,61,0,2,13,0,15,9,23,42,2,76,0,0,0,76
09/24/2021,BRO,TX,ASW,CE,Federal Contract Tower,13,15,14,0,42,0,0,9,0,9,13,15,23,0,51,0,0,0,51
09/25/2021,BRO,TX,ASW,CE,Federal Contract Tower,2,19,17,0,38,0,0,7,0,7,2,19,24,0,45,0,0,0,45
09/26/2021,BRO,TX,ASW,CE,Federal Contract Tower,1,23,17,0,41,0,0,8,0,8,1,23,25,0,49,0,0,0,49
09/27/2021,BRO,TX,ASW,CE,Federal Contract Tower,6,21,30,8,65,0,0,8,0,8,6,21,38,8,73,0,0,0,73
09/28/2021,BRO,TX,ASW,CE,Federal Contract Tower,3,18,18,12,51,0,0,10,0,10,3,18,28,12,61,0,0,0,61
09/29/2021,BRO,TX,ASW,CE,Federal Contract Tower,13,17,22,0,52,0,0,8,0,8,13,17,30,0,60,0,0,0,60
09/30/2021,BRO,TX,ASW,CE,Federal Contract Tower,9,14,9,8,40,0,0,15,4,19,9,14,24,12,59,8,0,8,67
10/01/2021,BRO,TX,ASW,CE,Federal Contract Tower,7,9,12,0,28,0,0,3,0,3,7,9,15,0,31,10,0,10,41
10/02/2021,BRO,TX,ASW,CE,Federal Contract Tower,10,13,16,0,39,0,0,14,2,16,10,13,30,2,55,0,0,0,55
10/03/2021,BRO,TX,ASW,CE,Federal Contract Tower,4,19,19,0,42,0,0,2,0,2,4,19,21,0,44,0,0,0,44
10/04/2021,BRO,TX,ASW,CE,Federal Contract Tower,7,18,14,4,43,0,0,3,0,3,7,18,17,4,46,4,0,4,50
10/05/2021,BRO,TX,ASW,CE,Federal Contract Tower,4,21,24,8,57,0,0,18,0,18,4,21,42,8,75,2,0,2,77
10/06/2021,BRO,TX,ASW,CE,Federal Contract Tower,10,16,17,0,43,0,0,20,2,22,10,16,37,2,65,12,46,58,123
10/07/2021,BRO,TX,ASW,CE,Federal Contract Tower,5,22,20,10,57,0,1,20,8,29,5,23,40,18,86,0,0,0,86
10/08/2021,BRO,TX,ASW,CE,Federal Contract Tower,10,14,11,6,41,0,0,15,4,19,10,14,26,10,60,6,0,6,66
10/09/2021,BRO,TX,ASW,CE,Federal Contract Tower,12,14,13,8,47,0,0,4,4,8,12,14,17,12,55,0,0,0,55
10/10/2021,BRO,TX,ASW,CE,Federal Contract Tower,7,14,14,6,41,0,0,5,0,5,7,14,19,6,46,0,0,0,46
10/11/2021,BRO,TX,ASW,CE,Federal Contract Tower,6,23,20,0,49,0,0,11,0,11,6,23,31,0,60,22,0,22,82
10/12/2021,BRO,TX,ASW,CE,Federal Contract Tower,4,18,10,9,41,0,2,15,0,17,4,20,25,9,58,0,0,0,58
10/13/2021,BRO,TX,ASW,CE,Federal Contract Tower,12,17,20,2,51,0,0,9,0,9,12,17,29,2,60,0,0,0,60
10/14/2021,BRO,TX,ASW,CE,Federal Contract Tower,5,14,15,4,38,0,0,6,0,6,5,14,21,4,44,0,0,0,44
10/15/2021,BRO,TX,ASW,CE,Federal Contract Tower,16,11,20,4,51,0,0,6,4,10,16,11,26,8,61,0,0,0,61
10/16/2021,BRO,TX,ASW,CE,Federal Contract Tower,9,12,9,2,32,0,0,10,0,10,9,12,19,2,42,0,0,0,42
10/17/2021,BRO,TX,ASW,CE,Federal Contract Tower,0,18,20,0,38,0,0,14,0,14,0,18,34,0,52,0,0,0,52
10/18/2021,BRO,TX,ASW,CE,Federal Contract Tower,5,18,31,12,66,0,0,16,0,16,5,18,47,12,82,0,0,0,82
10/19/2021,BRO,TX,ASW,CE,Federal Contract Tower,3,19,12,0,34,0,0,18,0,18,3,19,30,0,52,0,0,0,52
10/20/2021,BRO,TX,ASW,CE,Federal Contract Tower,8,24,11,0,43,0,0,8,1,9,8,24,19,1,52,2,0,2,54
10/22/2021,BRO,TX,ASW,CE,Federal Contract Tower,6,23,13,0,42,0,0,15,2,17,6,23,28,2,59,0,0,0,59
10/23/2021,BRO,TX,ASW,CE,Federal Contract Tower,7,18,13,8,46,0,0,7,2,9,7,18,20,10,55,4,0,4,59
10/24/2021,BRO,TX,ASW,CE,Federal Contract Tower,8,12,21,6,47,0,0,9,0,9,8,12,30,6,56,0,0,0,56
10/25/2021,BRO,TX,ASW,CE,Federal Contract Tower,3,21,21,0,45,0,4,18,2,24,3,25,39,2,69,4,46,50,119
10/26/2021,BRO,TX,ASW,CE,Federal Contract Tower,6,12,24,2,44,0,0,20,0,20,6,12,44,2,64,0,0,0,64
10/27/2021,BRO,TX,ASW,CE,Federal Contract Tower,12,17,17,0,46,0,0,23,0,23,12,17,40,0,69,2,0,2,71
10/29/2021,BRO,TX,ASW,CE,Federal Contract Tower,11,18,22,0,51,0,0,19,0,19,11,18,41,0,70,0,0,0,70
10/30/2021,BRO,TX,ASW,CE,Federal Contract Tower,5,14,6,2,27,0,1,15,2,18,5,15,21,4,45,2,0,2,47
10/31/2021,BRO,TX,ASW,CE,Federal Contract Tower,7,16,9,6,38,0,0,17,0,17,7,16,26,6,55,0,0,0,55
11/01/2021,BRO,TX,ASW,CE,Federal Contract Tower,1,16,16,0,33,0,0,13,2,15,1,16,29,2,48,0,0,0,48
11/02/2021,BRO,TX,ASW,CE,Federal Contract Tower,3,15,21,16,55,0,0,18,0,18,3,15,39,16,73,2,0,2,75
11/03/2021,BRO,TX,ASW,CE,Federal Contract Tower,6,15,16,12,49,0,0,15,2,17,6,15,31,14,66,0,0,0,66
11/04/2021,BRO,TX,ASW,CE,Federal Contract Tower,9,11,23,8,51,0,0,0,4,4,9,11,23,12,55,0,0,0,55
11/05/2021,BRO,TX,ASW,CE,Federal Contract Tower,10,12,16,0,38,0,0,9,0,9,10,12,25,0,47,0,0,0,47
11/06/2021,BRO,TX,ASW,CE,Federal Contract Tower,11,16,12,2,41,0,0,14,0,14,11,16,26,2,55,0,0,0,55
11/07/2021,BRO,TX,ASW,CE,Federal Contract Tower,8,13,18,2,41,0,0,9,0,9,8,13,27,2,50,0,0,0,50
11/08/2021,BRO,TX,ASW,CE,Federal Contract Tower,4,15,25,2,46,0,0,5,0,5,4,15,30,2,51,0,0,0,51
11/09/2021,BRO,TX,ASW,CE,Federal Contract Tower,7,14,11,12,44,0,0,9,0,9,7,14,20,12,53,0,52,52,105
11/10/2021,BRO,TX,ASW,CE,Federal Contract Tower,9,7,13,0,29,0,0,13,0,13,9,7,26,0,42,0,0,0,42
11/11/2021,BRO,TX,ASW,CE,Federal Contract Tower,9,19,21,4,53,0,0,18,0,18,9,19,39,4,71,2,0,2,73
11/12/2021,BRO,TX,ASW,CE,Federal Contract Tower,6,10,44,4,64,0,0,12,0,12,6,10,56,4,76,0,0,0,76
11/13/2021,BRO,TX,ASW,CE,Federal Contract Tower,4,12,17,0,33,0,0,15,0,15,4,12,32,0,48,6,0,6,54
11/14/2021,BRO,TX,ASW,CE,Federal Contract Tower,7,11,20,0,38,0,0,11,0,11,7,11,31,0,49,0,0,0,49
11/15/2021,BRO,TX,ASW,CE,Federal Contract Tower,3,17,21,4,45,0,0,14,0,14,3,17,35,4,59,0,0,0,59
11/16/2021,BRO,TX,ASW,CE,Federal Contract Tower,3,13,18,16,50,0,0,12,8,20,3,13,30,24,70,10,0,10,80
11/17/2021,BRO,TX,ASW,CE,Federal Contract Tower,9,7,16,0,32,0,0,26,0,26,9,7,42,0,58,0,0,0,58
11/18/2021,BRO,TX,ASW,CE,Federal Contract Tower,6,9,19,0,34,0,0,5,0,5,6,9,24,0,39,18,0,18,57
11/19/2021,BRO,TX,ASW,CE,Federal Contract Tower,6,12,21,2,41,0,0,13,0,13,6,12,34,2,54,16,0,16,70
11/20/2021,BRO,TX,ASW,CE,Federal Contract Tower,12,10,20,0,42,0,0,5,0,5,12,10,25,0,47,0,0,0,47
11/21/2021,BRO,TX,ASW,CE,Federal Contract Tower,8,11,14,0,33,0,0,10,0,10,8,11,24,0,43,0,0,0,43
11/22/2021,BRO,TX,ASW,CE,Federal Contract Tower,6,11,25,10,52,0,0,6,0,6,6,11,31,10,58,2,0,2,60
11/23/2021,BRO,TX,ASW,CE,Federal Contract Tower,6,15,16,6,43,0,0,13,0,13,6,15,29,6,56,18,0,18,74
11/24/2021,BRO,TX,ASW,CE,Federal Contract Tower,5,12,25,2,44,0,0,15,0,15,5,12,40,2,59,0,0,0,59
11/25/2021,BRO,TX,ASW,CE,Federal Contract Tower,6,11,7,0,24,0,0,2,0,2,6,11,9,0,26,0,0,0,26
11/26/2021,BRO,TX,ASW,CE,Federal Contract Tower,2,11,18,4,35,0,0,5,0,5,2,11,23,4,40,6,0,6,46
11/27/2021,BRO,TX,ASW,CE,Federal Contract Tower,6,17,13,0,36,0,0,0,0,0,6,17,13,0,36,0,0,0,36
11/28/2021,BRO,TX,ASW,CE,Federal Contract Tower,5,20,30,0,55,0,0,10,0,10,5,20,40,0,65,0,0,0,65
11/29/2021,BRO,TX,ASW,CE,Federal Contract Tower,6,12,16,4,38,0,0,11,0,11,6,12,27,4,49,12,0,12,61
11/30/2021,BRO,TX,ASW,CE,Federal Contract Tower,5,14,10,10,39,0,14,0,0,14,5,28,10,10,53,0,0,0,53
12/01/2021,BRO,TX,ASW,CE,Federal Contract Tower,6,16,19,12,53,0,0,18,6,24,6,16,37,18,77,8,0,8,85
12/02/2021,BRO,TX,ASW,CE,Federal Contract Tower,8,15,34,8,65,0,0,14,2,16,8,15,48,10,81,4,0,4,85
12/03/2021,BRO,TX,ASW,CE,Federal Contract Tower,12,16,20,2,50,0,1,21,4,26,12,17,41,6,76,12,0,12,88
12/04/2021,BRO,TX,ASW,CE,Federal Contract Tower,9,11,18,4,42,0,2,12,4,18,9,13,30,8,60,6,0,6,66
12/06/2021,BRO,TX,ASW,CE,Federal Contract Tower,4,19,25,17,65,0,2,7,0,9,4,21,32,17,74,0,2,2,76
12/07/2021,BRO,TX,ASW,CE,Federal Contract Tower,4,15,17,15,51,0,0,12,0,12,4,15,29,15,63,14,0,14,77
12/08/2021,BRO,TX,ASW,CE,Federal Contract Tower,7,14,32,4,57,0,0,10,0,10,7,14,42,4,67,14,0,14,81
12/09/2021,BRO,TX,ASW,CE,Federal Contract Tower,8,27,21,14,70,0,0,12,8,20,8,27,33,22,90,18,38,56,146
12/10/2021,BRO,TX,ASW,CE,Federal Contract Tower,11,17,5,14,47,0,0,7,10,17,11,17,12,24,64,0,0,0,64
12/11/2021,BRO,TX,ASW,CE,Federal Contract Tower,11,5,18,3,37,0,0,2,0,2,11,5,20,3,39,0,0,0,39
12/12/2021,BRO,TX,ASW,CE,Federal Contract Tower,8,18,16,0,42,0,0,2,0,2,8,18,18,0,44,6,0,6,50
12/13/2021,BRO,TX,ASW,CE,Federal Contract Tower,4,13,18,2,37,0,0,4,0,4,4,13,22,2,41,0,0,0,41
12/14/2021,BRO,TX,ASW,CE,Federal Contract Tower,5,15,25,14,59,0,0,14,0,14,5,15,39,14,73,62,0,62,135
12/15/2021,BRO,TX,ASW,CE,Federal Contract Tower,4,17,15,4,40,0,0,19,0,19,4,17,34,4,59,0,0,0,59
12/16/2021,BRO,TX,ASW,CE,Federal Contract Tower,8,14,29,0,51,0,0,17,3,20,8,14,46,3,71,6,54,60,131
12/17/2021,BRO,TX,ASW,CE,Federal Contract Tower,4,22,18,2,46,0,0,9,0,9,4,22,27,2,55,0,0,0,55
12/18/2021,BRO,TX,ASW,CE,Federal Contract Tower,5,7,6,7,25,0,0,2,0,2,5,7,8,7,27,0,0,0,27
12/19/2021,BRO,TX,ASW,CE,Federal Contract Tower,9,11,21,0,41,0,0,0,0,0,9,11,21,0,41,0,0,0,41
12/20/2021,BRO,TX,ASW,CE,Federal Contract Tower,4,10,20,2,36,0,0,10,0,10,4,10,30,2,46,0,0,0,46
12/21/2021,BRO,TX,ASW,CE,Federal Contract Tower,3,30,15,8,56,0,0,10,0,10,3,30,25,8,66,0,0,0,66
12/22/2021,BRO,TX,ASW,CE,Federal Contract Tower,12,13,21,7,53,0,0,16,1,17,12,13,37,8,70,0,0,0,70
12/23/2021,BRO,TX,ASW,CE,Federal Contract Tower,7,6,13,0,26,0,0,9,0,9,7,6,22,0,35,0,0,0,35
12/24/2021,BRO,TX,ASW,CE,Federal Contract Tower,6,6,4,0,16,0,0,2,0,2,6,6,6,0,18,0,0,0,18
12/25/2021,BRO,TX,ASW,CE,Federal Contract Tower,7,12,8,0,27,0,0,6,0,6,7,12,14,0,33,0,0,0,33
12/26/2021,BRO,TX,ASW,CE,Federal Contract Tower,8,21,32,0,61,0,0,11,0,11,8,21,43,0,72,0,0,0,72
12/27/2021,BRO,TX,ASW,CE,Federal Contract Tower,5,14,32,8,59,0,0,22,0,22,5,14,54,8,81,0,0,0,81
12/28/2021,BRO,TX,ASW,CE,Federal Contract Tower,2,20,28,8,58,0,0,13,0,13,2,20,41,8,71,0,0,0,71
12/29/2021,BRO,TX,ASW,CE,Federal Contract Tower,7,11,32,14,64,0,0,10,0,10,7,11,42,14,74,0,0,0,74
12/30/2021,BRO,TX,ASW,CE,Federal Contract Tower,6,14,26,0,46,0,0,7,0,7,6,14,33,0,53,0,0,0,53
01/01/2022,BRO,TX,ASW,CE,Federal Contract Tower,5,2,10,0,17,0,0,5,0,5,5,2,15,0,22,0,0,0,22
01/02/2022,BRO,TX,ASW,CE,Federal Contract Tower,5,8,23,0,36,0,0,2,0,2,5,8,25,0,38,0,0,0,38
01/03/2022,BRO,TX,ASW,CE,Federal Contract Tower,6,15,35,0,56,0,0,15,0,15,6,15,50,0,71,0,0,0,71
01/04/2022,BRO,TX,ASW,CE,Federal Contract Tower,6,12,23,0,41,0,0,17,0,17,6,12,40,0,58,8,0,8,66
01/05/2022,BRO,TX,ASW,CE,Federal Contract Tower,6,10,14,2,32,0,0,15,0,15,6,10,29,2,47,0,0,0,47
01/06/2022,BRO,TX,ASW,CE,Federal Contract Tower,7,12,16,0,35,0,2,14,0,16,7,14,30,0,51,0,0,0,51
01/07/2022,BRO,TX,ASW,CE,Federal Contract Tower,7,5,16,0,28,0,0,3,0,3,7,5,19,0,31,0,0,0,31
01/08/2022,BRO,TX,ASW,CE,Federal Contract Tower,6,13,24,2,45,0,0,5,2,7,6,13,29,4,52,0,0,0,52
01/09/2022,BRO,TX,ASW,CE,Federal Contract Tower,7,6,18,0,31,0,0,8,0,8,7,6,26,0,39,0,0,0,39
01/10/2022,BRO,TX,ASW,CE,Federal Contract Tower,4,11,21,16,52,0,0,4,0,4,4,11,25,16,56,6,0,6,62
01/11/2022,BRO,TX,ASW,CE,Federal Contract Tower,6,12,17,9,44,0,0,16,1,17,6,12,33,10,61,10,0,10,71
01/12/2022,BRO,TX,ASW,CE,Federal Contract Tower,8,9,19,2,38,0,0,6,0,6,8,9,25,2,44,20,0,20,64
01/13/2022,BRO,TX,ASW,CE,Federal Contract Tower,6,11,11,13,41,0,0,19,6,25,6,11,30,19,66,4,0,4,70
01/14/2022,BRO,TX,ASW,CE,Federal Contract Tower,4,8,14,2,28,0,0,13,4,17,4,8,27,6,45,0,0,0,45
01/15/2022,BRO,TX,ASW,CE,Federal Contract Tower,4,9,12,0,25,0,0,2,0,2,4,9,14,0,27,0,0,0,27
01/16/2022,BRO,TX,ASW,CE,Federal Contract Tower,9,3,16,0,28,0,0,8,0,8,9,3,24,0,36,0,0,0,36
01/17/2022,BRO,TX,ASW,CE,Federal Contract Tower,6,7,14,0,27,0,0,20,0,20,6,7,34,0,47,4,0,4,51
01/18/2022,BRO,TX,ASW,CE,Federal Contract Tower,6,14,10,16,46,0,0,12,1,13,6,14,22,17,59,0,16,16,75
01/19/2022,BRO,TX,ASW,CE,Federal Contract Tower,6,5,17,6,34,0,2,8,2,12,6,7,25,8,46,10,0,10,56
01/20/2022,BRO,TX,ASW,CE,Federal Contract Tower,6,9,16,0,31,0,0,4,0,4,6,9,20,0,35,0,0,0,35
01/21/2022,BRO,TX,ASW,CE,Federal Contract Tower,4,7,12,0,23,0,0,3,0,3,4,7,15,0,26,0,0,0,26
01/22/2022,BRO,TX,ASW,CE,Federal Contract Tower,4,6,9,18,37,0,0,4,16,20,4,6,13,34,57,0,0,0,57
01/23/2022,BRO,TX,ASW,CE,Federal Contract Tower,4,5,16,2,27,0,0,1,0,1,4,5,17,2,28,0,0,0,28
01/24/2022,BRO,TX,ASW,CE,Federal Contract Tower,7,6,21,4,38,0,0,0,0,0,7,6,21,4,38,0,0,0,38
01/25/2022,BRO,TX,ASW,CE,Federal Contract Tower,7,12,23,20,62,0,0,21,0,21,7,12,44,20,83,0,0,0,83
01/26/2022,BRO,TX,ASW,CE,Federal Contract Tower,6,11,23,4,44,0,0,11,2,13,6,11,34,6,57,0,0,0,57
01/27/2022,BRO,TX,ASW,CE,Federal Contract Tower,6,14,21,22,63,0,1,6,14,21,6,15,27,36,84,0,0,0,84
01/28/2022,BRO,TX,ASW,CE,Federal Contract Tower,4,15,12,10,41,0,0,1,10,11,4,15,13,20,52,0,0,0,52
01/29/2022,BRO,TX,ASW,CE,Federal Contract Tower,5,6,14,13,38,0,3,23,2,28,5,9,37,15,66,0,0,0,66
01/30/2022,BRO,TX,ASW,CE,Federal Contract Tower,8,6,8,0,22,0,0,11,2,13,8,6,19,2,35,0,0,0,35
01/31/2022,BRO,TX,ASW,CE,Federal Contract Tower,8,8,17,22,55,0,2,4,0,6,8,10,21,22,61,2,0,2,63
02/01/2022,BRO,TX,ASW,CE,Federal Contract Tower,11,13,24,21,69,0,0,7,0,7,11,13,31,21,76,10,0,10,86
02/02/2022,BRO,TX,ASW,CE,Federal Contract Tower,6,10,8,12,36,0,0,0,0,0,6,10,8,12,36,0,0,0,36
02/03/2022,BRO,TX,ASW,CE,Federal Contract Tower,4,15,12,0,31,0,0,0,0,0,4,15,12,0,31,0,0,0,31
02/04/2022,BRO,TX,ASW,CE,Federal Contract Tower,4,6,19,0,29,0,0,10,0,10,4,6,29,0,39,0,0,0,39
02/05/2022,BRO,TX,ASW,CE,Federal Contract Tower,9,13,10,12,44,0,0,12,22,34,9,13,22,34,78,0,0,0,78
02/06/2022,BRO,TX,ASW,CE,Federal Contract Tower,9,13,20,1,43,0,0,11,0,11,9,13,31,1,54,6,0,6,60
02/07/2022,BRO,TX,ASW,CE,Federal Contract Tower,8,26,12,6,52,0,0,3,0,3,8,26,15,6,55,0,0,0,55
02/08/2022,BRO,TX,ASW,CE,Federal Contract Tower,8,5,14,8,35,0,5,12,0,17,8,10,26,8,52,0,0,0,52
02/09/2022,BRO,TX,ASW,CE,Federal Contract Tower,9,11,16,27,63,0,0,12,4,16,9,11,28,31,79,4,0,4,83
02/10/2022,BRO,TX,ASW,CE,Federal Contract Tower,8,10,25,25,68,0,0,12,6,18,8,10,37,31,86,0,0,0,86
02/11/2022,BRO,TX,ASW,CE,Federal Contract Tower,5,7,23,6,41,0,0,14,4,18,5,7,37,10,59,9,0,9,68
02/12/2022,BRO,TX,ASW,CE,Federal Contract Tower,9,3,14,8,34,0,0,7,4,11,9,3,21,12,45,16,0,16,61
02/13/2022,BRO,TX,ASW,CE,Federal Contract Tower,9,5,13,0,27,0,0,4,0,4,9,5,17,0,31,0,0,0,31
02/14/2022,BRO,TX,ASW,CE,Federal Contract Tower,6,7,25,18,56,0,0,14,0,14,6,7,39,18,70,12,0,12,82
02/15/2022,BRO,TX,ASW,CE,Federal Contract Tower,5,11,21,6,43,0,0,19,0,19,5,11,40,6,62,28,0,28,90
02/16/2022,BRO,TX,ASW,CE,Federal Contract Tower,10,7,17,14,48,0,0,7,0,7,10,7,24,14,55,12,0,12,67
02/17/2022,BRO,TX,ASW,CE,Federal Contract Tower,8,16,16,18,58,0,0,10,2,12,8,16,26,20,70,6,0,6,76
02/18/2022,BRO,TX,ASW,CE,Federal Contract Tower,6,12,23,2,43,0,0,13,2,15,6,12,36,4,58,0,0,0,58
02/19/2022,BRO,TX,ASW,CE,Federal Contract Tower,7,17,10,4,38,0,0,16,4,20,7,17,26,8,58,0,0,0,58
02/20/2022,BRO,TX,ASW,CE,Federal Contract Tower,7,15,23,0,45,0,0,9,0,9,7,15,32,0,54,2,0,2,56
02/21/2022,BRO,TX,ASW,CE,Federal Contract Tower,4,10,15,4,33,0,0,9,2,11,4,10,24,6,44,0,0,0,44
02/22/2022,BRO,TX,ASW,CE,Federal Contract Tower,12,16,27,26,81,0,4,1,0,5,12,20,28,26,86,0,0,0,86
02/23/2022,BRO,TX,ASW,CE,Federal Contract Tower,7,13,19,9,48,0,0,2,6,8,7,13,21,15,56,0,2,2,58
02/24/2022,BRO,TX,ASW,CE,Federal Contract Tower,7,25,27,0,59,0,0,0,0,0,7,25,27,0,59,0,0,0,59
02/25/2022,BRO,TX,ASW,CE,Federal Contract Tower,14,11,14,0,39,0,0,0,0,0,14,11,14,0,39,0,0,0,39
02/26/2022,BRO,TX,ASW,CE,Federal Contract Tower,10,9,15,0,34,0,0,0,0,0,10,9,15,0,34,0,0,0,34
02/27/2022,BRO,TX,ASW,CE,Federal Contract Tower,6,13,17,0,36,0,0,1,0,1,6,13,18,0,37,0,0,0,37
02/28/2022,BRO,TX,ASW,CE,Federal Contract Tower,3,8,15,20,46,0,0,19,0,19,3,8,34,20,65,2,0,2,67
03/01/2022,BRO,TX,ASW,CE,Federal Contract Tower,6,13,10,6,35,0,0,17,0,17,6,13,27,6,52,16,0,16,68
03/02/2022,BRO,TX,ASW,CE,Federal Contract Tower,8,10,17,20,55,0,0,7,7,14,8,10,24,27,69,0,0,0,69
03/03/2022,BRO,TX,ASW,CE,Federal Contract Tower,7,18,18,8,51,0,0,11,0,11,7,18,29,8,62,10,0,10,72
03/04/2022,BRO,TX,ASW,CE,Federal Contract Tower,9,6,21,10,46,0,0,10,14,24,9,6,31,24,70,0,30,30,100
03/05/2022,BRO,TX,ASW,CE,Federal Contract Tower,7,10,10,8,35,0,0,3,0,3,7,10,13,8,38,0,0,0,38
03/06/2022,BRO,TX,ASW,CE,Federal Contract Tower,4,10,17,0,31,0,0,0,0,0,4,10,17,0,31,0,0,0,31
03/07/2022,BRO,TX,ASW,CE,Federal Contract Tower,2,7,18,6,33,0,0,0,0,0,2,7,18,6,33,0,0,0,33
03/08/2022,BRO,TX,ASW,CE,Federal Contract Tower,7,13,35,4,59,0,0,2,2,4,7,13,37,6,63,2,0,2,65
03/09/2022,BRO,TX,ASW,CE,Federal Contract Tower,6,10,18,0,34,0,0,3,0,3,6,10,21,0,37,0,0,0,37
03/10/2022,BRO,TX,ASW,CE,Federal Contract Tower,6,14,11,6,37,0,1,9,2,12,6,15,20,8,49,18,0,18,67
03/11/2022,BRO,TX,ASW,CE,Federal Contract Tower,9,12,31,6,58,0,1,6,6,13,9,13,37,12,71,0,0,0,71
03/12/2022,BRO,TX,ASW,CE,Federal Contract Tower,9,6,27,2,44,0,0,13,2,15,9,6,40,4,59,2,0,2,61
03/13/2022,BRO,TX,ASW,CE,Federal Contract Tower,10,14,23,4,51,0,0,6,0,6,10,14,29,4,57,0,0,0,57
03/14/2022,BRO,TX,ASW,CE,Federal Contract Tower,4,10,21,19,54,0,0,12,2,14,4,10,33,21,68,0,6,6,74
03/15/2022,BRO,TX,ASW,CE,Federal Contract Tower,8,7,19,12,46,0,2,16,0,18,8,9,35,12,64,0,0,0,64
03/16/2022,BRO,TX,ASW,CE,Federal Contract Tower,7,10,17,10,44,0,0,16,0,16,7,10,33,10,60,10,0,10,70
03/17/2022,BRO,TX,ASW,CE,Federal Contract Tower,12,20,27,8,67,0,0,12,6,18,12,20,39,14,85,0,0,0,85
03/18/2022,BRO,TX,ASW,CE,Federal Contract Tower,8,22,46,6,82,0,0,14,6,20,8,22,60,12,102,0,0,0,102
03/19/2022,BRO,TX,ASW,CE,Federal Contract Tower,11,13,17,0,41,0,0,9,0,9,11,13,26,0,50,0,0,0,50
03/20/2022,BRO,TX,ASW,CE,Federal Contract Tower,7,15,21,4,47,0,0,14,0,14,7,15,35,4,61,0,0,0,61
03/21/2022,BRO,TX,ASW,CE,Federal Contract Tower,5,12,31,8,56,0,0,9,0,9,5,12,40,8,65,0,0,0,65
03/22/2022,BRO,TX,ASW,CE,Federal Contract Tower,8,16,25,2,51,0,0,11,0,11,8,16,36,2,62,0,0,0,62
03/23/2022,BRO,TX,ASW,CE,Federal Contract Tower,5,14,19,11,49,0,0,5,0,5,5,14,24,11,54,0,0,0,54
03/24/2022,BRO,TX,ASW,CE,Federal Contract Tower,9,14,26,12,61,0,0,18,6,24,9,14,44,18,85,2,0,2,87
03/25/2022,BRO,TX,ASW,CE,Federal Contract Tower,9,14,16,8,47,0,0,21,2,23,9,14,37,10,70,0,0,0,70
03/26/2022,BRO,TX,ASW,CE,Federal Contract Tower,10,6,7,0,23,0,0,15,0,15,10,6,22,0,38,4,0,4,42
03/27/2022,BRO,TX,ASW,CE,Federal Contract Tower,8,8,12,0,28,0,0,11,0,11,8,8,23,0,39,0,0,0,39
03/28/2022,BRO,TX,ASW,CE,Federal Contract Tower,10,10,19,6,45,0,0,10,0,10,10,10,29,6,55,0,0,0,55
03/29/2022,BRO,TX,ASW,CE,Federal Contract Tower,8,11,16,6,41,0,1,6,0,7,8,12,22,6,48,0,0,0,48
03/30/2022,BRO,TX,ASW,CE,Federal Contract Tower,7,8,18,2,35,0,0,18,2,20,7,8,36,4,55,0,0,0,55
03/31/2022,BRO,TX,ASW,CE,Federal Contract Tower,8,16,20,2,46,0,0,28,4,32,8,16,48,6,78,6,0,6,84
04/01/2022,BRO,TX,ASW,CE,Federal Contract Tower,14,8,22,8,52,0,0,7,8,15,14,8,29,16,67,0,0,0,67
04/02/2022,BRO,TX,ASW,CE,Federal Contract Tower,10,9,13,4,36,0,0,11,4,15,10,9,24,8,51,4,0,4,55
04/03/2022,BRO,TX,ASW,CE,Federal Contract Tower,4,12,19,0,35,0,0,8,0,8,4,12,27,0,43,10,0,10,53
04/04/2022,BRO,TX,ASW,CE,Federal Contract Tower,4,6,21,10,41,0,0,10,0,10,4,6,31,10,51,0,0,0,51
04/05/2022,BRO,TX,ASW,CE,Federal Contract Tower,7,11,16,8,42,0,1,10,0,11,7,12,26,8,53,0,0,0,53
04/06/2022,BRO,TX,ASW,CE,Federal Contract Tower,13,8,12,10,43,0,2,16,0,18,13,10,28,10,61,10,0,10,71
04/07/2022,BRO,TX,ASW,CE,Federal Contract Tower,14,12,20,12,58,0,0,12,0,12,14,12,32,12,70,4,0,4,74
04/08/2022,BRO,TX,ASW,CE,Federal Contract Tower,11,16,31,12,70,0,0,19,2,21,11,16,50,14,91,4,0,4,95
04/09/2022,BRO,TX,ASW,CE,Federal Contract Tower,10,21,38,0,69,0,0,8,0,8,10,21,46,0,77,0,0,0,77
04/10/2022,BRO,TX,ASW,CE,Federal Contract Tower,10,17,30,0,57,0,0,7,0,7,10,17,37,0,64,0,0,0,64
04/11/2022,BRO,TX,ASW,CE,Federal Contract Tower,7,19,40,10,76,0,0,9,0,9,7,19,49,10,85,0,0,0,85
04/12/2022,BRO,TX,ASW,CE,Federal Contract Tower,13,14,28,21,76,0,0,2,2,4,13,14,30,23,80,0,4,4,84
04/13/2022,BRO,TX,ASW,CE,Federal Contract Tower,13,15,16,5,49,0,0,15,1,16,13,15,31,6,65,0,0,0,65
04/14/2022,BRO,TX,ASW,CE,Federal Contract Tower,11,13,37,0,61,0,0,6,0,6,11,13,43,0,67,0,0,0,67
04/15/2022,BRO,TX,ASW,CE,Federal Contract Tower,13,8,21,8,50,0,0,14,4,18,13,8,35,12,68,0,106,106,174
04/16/2022,BRO,TX,ASW,CE,Federal Contract Tower,9,13,13,0,35,0,0,11,2,13,9,13,24,2,48,0,0,0,48
04/17/2022,BRO,TX,ASW,CE,Federal Contract Tower,9,30,54,0,93,0,0,3,0,3,9,30,57,0,96,0,0,0,96
04/18/2022,BRO,TX,ASW,CE,Federal Contract Tower,10,30,43,8,91,0,0,14,6,20,10,30,57,14,111,0,0,0,111
04/19/2022,BRO,TX,ASW,CE,Federal Contract Tower,8,20,35,2,65,0,0,9,0,9,8,20,44,2,74,0,0,0,74
04/20/2022,BRO,TX,ASW,CE,Federal Contract Tower,9,12,19,2,42,0,0,5,2,7,9,12,24,4,49,0,0,0,49
04/21/2022,BRO,TX,ASW,CE,Federal Contract Tower,9,10,41,8,68,0,0,19,6,25,9,10,60,14,93,20,0,20,113
04/22/2022,BRO,TX,ASW,CE,Federal Contract Tower,13,23,34,5,75,0,0,14,4,18,13,23,48,9,93,0,0,0,93
04/23/2022,BRO,TX,ASW,CE,Federal Contract Tower,9,27,18,5,59,0,0,9,0,9,9,27,27,5,68,0,0,0,68
04/24/2022,BRO,TX,ASW,CE,Federal Contract Tower,6,31,35,14,86,0,0,16,0,16,6,31,51,14,102,0,0,0,102
04/25/2022,BRO,TX,ASW,CE,Federal Contract Tower,12,20,24,0,56,0,0,2,0,2,12,20,26,0,58,0,0,0,58
04/26/2022,BRO,TX,ASW,CE,Federal Contract Tower,8,14,18,2,42,0,0,3,0,3,8,14,21,2,45,18,0,18,63
04/27/2022,BRO,TX,ASW,CE,Federal Contract Tower,14,19,18,0,51,0,3,12,0,15,14,22,30,0,66,0,0,0,66
04/28/2022,BRO,TX,ASW,CE,Federal Contract Tower,10,10,22,14,56,0,2,15,10,27,10,12,37,24,83,6,0,6,89
04/29/2022,BRO,TX,ASW,CE,Federal Contract Tower,9,8,13,2,32,0,0,7,0,7,9,8,20,2,39,0,0,0,39
04/30/2022,BRO,TX,ASW,CE,Federal Contract Tower,8,6,6,0,20,0,0,6,0,6,8,6,12,0,26,0,0,0,26
05/01/2022,BRO,TX,ASW,CE,Federal Contract Tower,14,10,29,4,57,0,0,8,0,8,14,10,37,4,65,0,0,0,65
05/02/2022,BRO,TX,ASW,CE,Federal Contract Tower,9,13,16,6,44,0,0,3,0,3,9,13,19,6,47,4,0,4,51
05/03/2022,BRO,TX,ASW,CE,Federal Contract Tower,12,13,13,6,44,0,0,10,0,10,12,13,23,6,54,0,0,0,54
05/04/2022,BRO,TX,ASW,CE,Federal Contract Tower,11,15,16,12,54,0,0,6,0,6,11,15,22,12,60,0,0,0,60
05/05/2022,BRO,TX,ASW,CE,Federal Contract Tower,8,14,15,10,47,0,0,10,4,14,8,14,25,14,61,0,0,0,61
05/06/2022,BRO,TX,ASW,CE,Federal Contract Tower,13,4,9,6,32,0,0,13,6,19,13,4,22,12,51,0,0,0,51
05/07/2022,BRO,TX,ASW,CE,Federal Contract Tower,11,5,6,0,22,0,0,3,0,3,11,5,9,0,25,2,0,2,27
05/08/2022,BRO,TX,ASW,CE,Federal Contract Tower,9,12,11,4,36,0,0,2,0,2,9,12,13,4,38,0,0,0,38
05/09/2022,BRO,TX,ASW,CE,Federal Contract Tower,6,13,16,14,49,0,0,8,0,8,6,13,24,14,57,0,0,0,57
05/10/2022,BRO,TX,ASW,CE,Federal Contract Tower,6,16,7,4,33,0,0,2,0,2,6,16,9,4,35,0,0,0,35
05/11/2022,BRO,TX,ASW,CE,Federal Contract Tower,9,20,16,8,53,0,0,11,4,15,9,20,27,12,68,0,0,0,68
05/12/2022,BRO,TX,ASW,CE,Federal Contract Tower,8,13,21,4,46,0,0,9,0,9,8,13,30,4,55,0,0,0,55
05/13/2022,BRO,TX,ASW,CE,Federal Contract Tower,11,11,14,4,40,0,0,16,4,20,11,11,30,8,60,0,40,40,100
05/14/2022,BRO,TX,ASW,CE,Federal Contract Tower,9,12,7,0,28,0,0,18,0,18,9,12,25,0,46,12,0,12,58
05/15/2022,BRO,TX,ASW,CE,Federal Contract Tower,13,6,27,10,56,0,0,8,0,8,13,6,35,10,64,0,0,0,64
05/16/2022,BRO,TX,ASW,CE,Federal Contract Tower,5,12,15,8,40,0,0,26,0,26,5,12,41,8,66,0,0,0,66
05/17/2022,BRO,TX,ASW,CE,Federal Contract Tower,7,8,16,12,43,0,0,13,0,13,7,8,29,12,56,0,0,0,56
05/18/2022,BRO,TX,ASW,CE,Federal Contract Tower,9,6,13,8,36,0,15,8,2,25,9,21,21,10,61,16,0,16,77
05/19/2022,BRO,TX,ASW,CE,Federal Contract Tower,7,12,29,10,58,0,2,15,0,17,7,14,44,10,75,0,0,0,75
05/20/2022,BRO,TX,ASW,CE,Federal Contract Tower,8,10,20,4,42,0,0,4,0,4,8,10,24,4,46,0,0,0,46
05/21/2022,BRO,TX,ASW,CE,Federal Contract Tower,11,12,9,4,36,0,0,6,0,6,11,12,15,4,42,0,0,0,42
05/22/2022,BRO,TX,ASW,CE,Federal Contract Tower,12,7,12,0,31,0,0,4,0,4,12,7,16,0,35,2,0,2,37
05/23/2022,BRO,TX,ASW,CE,Federal Contract Tower,10,7,10,20,47,0,0,7,0,7,10,7,17,20,54,10,0,10,64
05/24/2022,BRO,TX,ASW,CE,Federal Contract Tower,9,18,11,8,46,0,0,2,0,2,9,18,13,8,48,0,0,0,48
05/25/2022,BRO,TX,ASW,CE,Federal Contract Tower,11,6,12,10,39,0,0,9,10,19,11,6,21,20,58,26,0,26,84
05/26/2022,BRO,TX,ASW,CE,Federal Contract Tower,8,10,20,12,50,0,0,14,0,14,8,10,34,12,64,0,0,0,64
05/27/2022,BRO,TX,ASW,CE,Federal Contract Tower,12,6,16,0,34,0,0,13,0,13,12,6,29,0,47,10,0,10,57
05/28/2022,BRO,TX,ASW,CE,Federal Contract Tower,11,11,6,2,30,0,2,3,0,5,11,13,9,2,35,0,0,0,35
05/29/2022,BRO,TX,ASW,CE,Federal Contract Tower,8,11,11,0,30,0,0,4,0,4,8,11,15,0,34,0,0,0,34
05/30/2022,BRO,TX,ASW,CE,Federal Contract Tower,8,11,15,0,34,0,0,9,0,9,8,11,24,0,43,16,0,16,59
05/31/2022,BRO,TX,ASW,CE,Federal Contract Tower,10,20,15,18,63,0,0,9,0,9,10,20,24,18,72,28,0,28,100
06/01/2022,BRO,TX,ASW,CE,Federal Contract Tower,6,11,10,18,45,0,0,5,8,13,6,11,15,26,58,0,0,0,58
06/02/2022,BRO,TX,ASW,CE,Federal Contract Tower,10,13,26,12,61,0,0,0,0,0,10,13,26,12,61,0,0,0,61
06/03/2022,BRO,TX,ASW,CE,Federal Contract Tower,7,12,23,0,42,0,2,7,0,9,7,14,30,0,51,0,0,0,51
06/04/2022,BRO,TX,ASW,CE,Federal Contract Tower,11,9,8,11,39,0,0,11,7,18,11,9,19,18,57,16,14,30,87
06/05/2022,BRO,TX,ASW,CE,Federal Contract Tower,9,15,15,4,43,0,0,7,0,7,9,15,22,4,50,0,0,0,50
06/06/2022,BRO,TX,ASW,CE,Federal Contract Tower,9,13,15,12,49,0,0,10,0,10,9,13,25,12,59,8,0,8,67
06/07/2022,BRO,TX,ASW,CE,Federal Contract Tower,11,13,19,10,53,0,0,13,0,13,11,13,32,10,66,6,0,6,72
06/08/2022,BRO,TX,ASW,CE,Federal Contract Tower,9,8,20,6,43,0,0,14,2,16,9,8,34,8,59,22,0,22,81
06/09/2022,BRO,TX,ASW,CE,Federal Contract Tower,16,12,28,8,64,0,1,19,0,20,16,13,47,8,84,6,0,6,90
06/10/2022,BRO,TX,ASW,CE,Federal Contract Tower,11,8,15,8,42,0,0,6,4,10,11,8,21,12,52,22,0,22,74
06/11/2022,BRO,TX,ASW,CE,Federal Contract Tower,12,6,12,6,36,0,0,16,6,22,12,6,28,12,58,0,0,0,58
06/12/2022,BRO,TX,ASW,CE,Federal Contract Tower,8,14,14,2,38,0,0,6,0,6,8,14,20,2,44,12,0,12,56
06/13/2022,BRO,TX,ASW,CE,Federal Contract Tower,11,9,15,0,35,0,0,9,0,9,11,9,24,0,44,0,0,0,44
06/14/2022,BRO,TX,ASW,CE,Federal Contract Tower,8,7,20,6,41,0,0,9,0,9,8,7,29,6,50,2,0,2,52
06/15/2022,BRO,TX,ASW,CE,Federal Contract Tower,8,7,20,16,51,0,0,10,0,10,8,7,30,16,61,0,2,2,63
06/16/2022,BRO,TX,ASW,CE,Federal Contract Tower,7,11,18,20,56,0,0,10,0,10,7,11,28,20,66,0,0,0,66
06/17/2022,BRO,TX,ASW,CE,Federal Contract Tower,7,17,22,10,56,0,0,17,0,17,7,17,39,10,73,0,8,8,81
06/18/2022,BRO,TX,ASW,CE,Federal Contract Tower,12,9,12,0,33,0,0,9,0,9,12,9,21,0,42,0,0,0,42
06/19/2022,BRO,TX,ASW,CE,Federal Contract Tower,10,8,24,0,42,0,0,11,0,11,10,8,35,0,53,0,0,0,53
06/20/2022,BRO,TX,ASW,CE,Federal Contract Tower,8,10,29,0,47,0,0,6,0,6,8,10,35,0,53,0,0,0,53
06/21/2022,BRO,TX,ASW,CE,Federal Contract Tower,11,12,20,0,43,0,0,6,0,6,11,12,26,0,49,0,0,0,49
06/22/2022,BRO,TX,ASW,CE,Federal Contract Tower,13,11,24,4,52,0,1,7,0,8,13,12,31,4,60,0,0,0,60
06/23/2022,BRO,TX,ASW,CE,Federal Contract Tower,10,16,25,10,61,0,3,6,0,9,10,19,31,10,70,0,0,0,70
06/24/2022,BRO,TX,ASW,CE,Federal Contract Tower,11,8,21,8,48,0,0,14,4,18,11,8,35,12,66,0,0,0,66
06/25/2022,BRO,TX,ASW,CE,Federal Contract Tower,10,10,21,0,41,0,0,12,0,12,10,10,33,0,53,2,0,2,55
06/26/2022,BRO,TX,ASW,CE,Federal Contract Tower,7,11,20,0,38,0,0,11,0,11,7,11,31,0,49,0,0,0,49
06/27/2022,BRO,TX,ASW,CE,Federal Contract Tower,8,14,18,12,52,0,0,8,0,8,8,14,26,12,60,18,0,18,78
06/28/2022,BRO,TX,ASW,CE,Federal Contract Tower,10,11,13,20,54,0,0,18,0,18,10,11,31,20,72,0,0,0,72
06/29/2022,BRO,TX,ASW,CE,Federal Contract Tower,11,10,15,14,50,0,0,11,6,17,11,10,26,20,67,4,0,4,71
06/30/2022,BRO,TX,ASW,CE,Federal Contract Tower,8,15,10,10,43,0,2,9,0,11,8,17,19,10,54,0,0,0,54
07/01/2022,BRO,TX,ASW,CE,Federal Contract Tower,8,11,38,6,63,0,4,6,0,10,8,15,44,6,73,0,0,0,73
07/02/2022,BRO,TX,ASW,CE,Federal Contract Tower,10,8,5,0,23,0,0,15,0,15,10,8,20,0,38,2,0,2,40
07/03/2022,BRO,TX,ASW,CE,Federal Contract Tower,6,10,23,0,39,0,0,23,0,23,6,10,46,0,62,0,0,0,62
07/04/2022,BRO,TX,ASW,CE,Federal Contract Tower,8,6,11,0,25,0,0,13,0,13,8,6,24,0,38,0,0,0,38
07/05/2022,BRO,TX,ASW,CE,Federal Contract Tower,8,13,12,0,33,0,0,5,0,5,8,13,17,0,38,0,0,0,38
07/06/2022,BRO,TX,ASW,CE,Federal Contract Tower,10,18,18,4,50,0,0,9,0,9,10,18,27,4,59,0,0,0,59
07/07/2022,BRO,TX,ASW,CE,Federal Contract Tower,11,9,15,10,45,0,1,18,0,19,11,10,33,10,64,8,0,8,72
07/08/2022,BRO,TX,ASW,CE,Federal Contract Tower,8,11,23,6,48,0,0,13,4,17,8,11,36,10,65,0,0,0,65
07/09/2022,BRO,TX,ASW,CE,Federal Contract Tower,10,13,15,4,42,0,0,9,4,13,10,13,24,8,55,0,0,0,55
07/10/2022,BRO,TX,ASW,CE,Federal Contract Tower,11,14,26,2,53,0,0,14,0,14,11,14,40,2,67,0,0,0,67
07/11/2022,BRO,TX,ASW,CE,Federal Contract Tower,8,8,13,10,39,0,0,17,0,17,8,8,30,10,56,0,0,0,56
07/12/2022,BRO,TX,ASW,CE,Federal Contract Tower,8,10,18,14,50,0,0,13,0,13,8,10,31,14,63,0,0,0,63
07/13/2022,BRO,TX,ASW,CE,Federal Contract Tower,10,23,24,0,57,0,0,28,0,28,10,23,52,0,85,12,0,12,97
07/14/2022,BRO,TX,ASW,CE,Federal Contract Tower,11,18,21,10,60,0,0,21,3,24,11,18,42,13,84,10,0,10,94
07/15/2022,BRO,TX,ASW,CE,Federal Contract Tower,10,25,25,15,75,0,0,24,1,25,10,25,49,16,100,42,0,42,142
07/16/2022,BRO,TX,ASW,CE,Federal Contract Tower,8,10,17,0,35,0,0,28,0,28,8,10,45,0,63,2,0,2,65
07/17/2022,BRO,TX,ASW,CE,Federal Contract Tower,12,16,34,14,76,0,0,17,7,24,12,16,51,21,100,10,0,10,110
07/18/2022,BRO,TX,ASW,CE,Federal Contract Tower,10,13,27,30,80,0,0,16,0,16,10,13,43,30,96,0,0,0,96
07/19/2022,BRO,TX,ASW,CE,Federal Contract Tower,11,17,20,20,68,0,0,11,0,11,11,17,31,20,79,0,0,0,79
07/20/2022,BRO,TX,ASW,CE,Federal Contract Tower,10,18,23,20,71,0,2,16,8,26,10,20,39,28,97,0,0,0,97
07/21/2022,BRO,TX,ASW,CE,Federal Contract Tower,10,22,40,10,82,0,0,12,6,18,10,22,52,16,100,10,0,10,110
07/22/2022,BRO,TX,ASW,CE,Federal Contract Tower,11,20,22,2,55,0,0,24,2,26,11,20,46,4,81,0,0,0,81
07/23/2022,BRO,TX,ASW,CE,Federal Contract Tower,15,10,14,4,43,0,0,5,2,7,15,10,19,6,50,0,0,0,50
07/24/2022,BRO,TX,ASW,CE,Federal Contract Tower,10,18,26,0,54,0,0,14,0,14,10,18,40,0,68,8,0,8,76
07/25/2022,BRO,TX,ASW,CE,Federal Contract Tower,8,9,36,23,76,0,0,11,0,11,8,9,47,23,87,4,0,4,91
07/26/2022,BRO,TX,ASW,CE,Federal Contract Tower,10,20,30,20,80,0,1,14,0,15,10,21,44,20,95,14,0,14,109
07/27/2022,BRO,TX,ASW,CE,Federal Contract Tower,14,21,29,2,66,0,0,9,2,11,14,21,38,4,77,0,0,0,77
07/28/2022,BRO,TX,ASW,CE,Federal Contract Tower,10,23,31,14,78,0,0,21,8,29,10,23,52,22,107,8,0,8,115
07/29/2022,BRO,TX,ASW,CE,Federal Contract Tower,7,17,27,16,67,0,0,18,0,18,7,17,45,16,85,8,4,12,97
07/30/2022,BRO,TX,ASW,CE,Federal Contract Tower,11,14,12,0,37,0,2,8,0,10,11,16,20,0,47,10,0,10,57
07/31/2022,BRO,TX,ASW,CE,Federal Contract Tower,10,32,41,0,83,0,0,17,0,17,10,32,58,0,100,0,0,0,100
08/01/2022,BRO,TX,ASW,CE,Federal Contract Tower,8,22,33,14,77,0,0,16,0,16,8,22,49,14,93,4,0,4,97
08/02/2022,BRO,TX,ASW,CE,Federal Contract Tower,8,19,26,6,59,0,0,10,0,10,8,19,36,6,69,0,0,0,69
08/03/2022,BRO,TX,ASW,CE,Federal Contract Tower,10,25,28,4,67,0,0,9,0,9,10,25,37,4,76,0,0,0,76
08/04/2022,BRO,TX,ASW,CE,Federal Contract Tower,10,19,24,12,65,0,0,7,4,11,10,19,31,16,76,0,0,0,76
08/05/2022,BRO,TX,ASW,CE,Federal Contract Tower,8,17,31,12,68,0,0,13,0,13,8,17,44,12,81,4,0,4,85
08/06/2022,BRO,TX,ASW,CE,Federal Contract Tower,10,13,29,0,52,0,0,14,0,14,10,13,43,0,66,0,0,0,66
08/07/2022,BRO,TX,ASW,CE,Federal Contract Tower,8,18,35,0,61,0,0,11,0,11,8,18,46,0,72,0,0,0,72
08/08/2022,BRO,TX,ASW,CE,Federal Contract Tower,8,20,24,26,78,0,0,13,0,13,8,20,37,26,91,0,0,0,91
08/09/2022,BRO,TX,ASW,CE,Federal Contract Tower,9,15,17,10,51,0,0,11,0,11,9,15,28,10,62,22,0,22,84
08/10/2022,BRO,TX,ASW,CE,Federal Contract Tower,9,13,31,10,63,0,0,8,8,16,9,13,39,18,79,0,0,0,79
08/11/2022,BRO,TX,ASW,CE,Federal Contract Tower,10,18,18,10,56,0,0,16,8,24,10,18,34,18,80,0,0,0,80
08/12/2022,BRO,TX,ASW,CE,Federal Contract Tower,8,12,33,2,55,0,4,18,0,22,8,16,51,2,77,0,0,0,77
08/13/2022,BRO,TX,ASW,CE,Federal Contract Tower,11,11,16,0,38,0,0,11,0,11,11,11,27,0,49,0,0,0,49
08/14/2022,BRO,TX,ASW,CE,Federal Contract Tower,9,13,30,0,52,0,0,3,0,3,9,13,33,0,55,0,0,0,55
08/15/2022,BRO,TX,ASW,CE,Federal Contract Tower,10,10,31,8,59,0,0,17,0,17,10,10,48,8,76,12,0,12,88
08/16/2022,BRO,TX,ASW,CE,Federal Contract Tower,7,12,22,2,43,0,0,11,0,11,7,12,33,2,54,0,0,0,54
08/17/2022,BRO,TX,ASW,CE,Federal Contract Tower,11,9,25,9,54,0,0,20,0,20,11,9,45,9,74,20,0,20,94
08/18/2022,BRO,TX,ASW,CE,Federal Contract Tower,9,15,20,3,47,0,0,13,6,19,9,15,33,9,66,18,4,22,88
08/19/2022,BRO,TX,ASW,CE,Federal Contract Tower,8,14,16,20,58,0,0,8,12,20,8,14,24,32,78,6,0,6,84
08/20/2022,BRO,TX,ASW,CE,Federal Contract Tower,8,12,14,0,34,0,0,4,0,4,8,12,18,0,38,0,0,0,38
08/21/2022,BRO,TX,ASW,CE,Federal Contract Tower,5,19,31,0,55,0,0,10,0,10,5,19,41,0,65,4,0,4,69
08/22/2022,BRO,TX,ASW,CE,Federal Contract Tower,6,12,13,14,45,0,0,11,6,17,6,12,24,20,62,0,0,0,62
08/23/2022,BRO,TX,ASW,CE,Federal Contract Tower,7,15,22,16,60,0,0,15,0,15,7,15,37,16,75,18,28,46,121
08/24/2022,BRO,TX,ASW,CE,Federal Contract Tower,11,15,20,24,70,0,0,9,0,9,11,15,29,24,79,0,0,0,79
08/25/2022,BRO,TX,ASW,CE,Federal Contract Tower,7,11,26,8,52,0,0,9,2,11,7,11,35,10,63,0,10,10,73
08/26/2022,BRO,TX,ASW,CE,Federal Contract Tower,7,7,26,13,53,0,0,10,28,38,7,7,36,41,91,12,12,24,115
08/27/2022,BRO,TX,ASW,CE,Federal Contract Tower,7,13,28,8,56,0,0,5,24,29,7,13,33,32,85,0,8,8,93
08/28/2022,BRO,TX,ASW,CE,Federal Contract Tower,7,16,23,0,46,0,0,41,0,41,7,16,64,0,87,6,0,6,93
08/29/2022,BRO,TX,ASW,CE,Federal Contract Tower,8,9,8,20,45,0,0,13,0,13,8,9,21,20,58,8,0,8,66
08/30/2022,BRO,TX,ASW,CE,Federal Contract Tower,9,11,16,34,70,0,0,17,1,18,9,11,33,35,88,10,16,26,114
08/31/2022,BRO,TX,ASW,CE,Federal Contract Tower,9,11,14,45,79,0,4,15,12,31,9,15,29,57,110,12,32,44,154
09/01/2022,BRO,TX,ASW,CE,Federal Contract Tower,7,15,19,10,51,0,0,9,10,19,7,15,28,20,70,0,0,0,70
09/02/2022,BRO,TX,ASW,CE,Federal Contract Tower,8,19,26,2,55,0,0,16,3,19,8,19,42,5,74,4,0,4,78
09/03/2022,BRO,TX,ASW,CE,Federal Contract Tower,4,9,3,0,16,0,0,5,0,5,4,9,8,0,21,0,0,0,21
09/04/2022,BRO,TX,ASW,CE,Federal Contract Tower,6,4,11,0,21,0,0,5,0,5,6,4,16,0,26,14,0,14,40
09/05/2022,BRO,TX,ASW,CE,Federal Contract Tower,7,9,15,0,31,0,0,4,0,4,7,9,19,0,35,0,0,0,35
09/06/2022,BRO,TX,ASW,CE,Federal Contract Tower,8,12,17,4,41,0,0,0,2,2,8,12,17,6,43,0,0,0,43
09/07/2022,BRO,TX,ASW,CE,Federal Contract Tower,8,8,19,14,49,0,0,14,8,22,8,8,33,22,71,6,0,6,77
09/08/2022,BRO,TX,ASW,CE,Federal Contract Tower,8,9,11,36,64,0,0,17,26,43,8,9,28,62,107,14,16,30,137
09/09/2022,BRO,TX,ASW,CE,Federal Contract Tower,10,9,17,6,42,0,0,14,4,18,10,9,31,10,60,0,0,0,60
09/10/2022,BRO,TX,ASW,CE,Federal Contract Tower,9,6,11,0,26,0,0,8,1,9,9,6,19,1,35,0,0,0,35
09/11/2022,BRO,TX,ASW,CE,Federal Contract Tower,11,6,16,0,33,0,0,10,0,10,11,6,26,0,43,0,0,0,43
09/12/2022,BRO,TX,ASW,CE,Federal Contract Tower,8,10,19,16,53,0,0,10,0,10,8,10,29,16,63,0,0,0,63
09/13/2022,BRO,TX,ASW,CE,Federal Contract Tower,6,7,17,12,42,0,0,15,0,15,6,7,32,12,57,0,0,0,57
09/14/2022,BRO,TX,ASW,CE,Federal Contract Tower,8,12,25,1,46,0,0,25,0,25,8,12,50,1,71,0,2,2,73
09/15/2022,BRO,TX,ASW,CE,Federal Contract Tower,12,25,40,0,77,0,0,17,0,17,12,25,57,0,94,10,0,10,104
09/16/2022,BRO,TX,ASW,CE,Federal Contract Tower,11,9,14,4,38,0,0,7,5,12,11,9,21,9,50,0,0,0,50
09/17/2022,BRO,TX,ASW,CE,Federal Contract Tower,8,4,9,1,22,0,0,16,0,16,8,4,25,1,38,0,0,0,38
09/18/2022,BRO,TX,ASW,CE,Federal Contract Tower,13,17,44,0,74,0,0,28,0,28,13,17,72,0,102,0,0,0,102
09/19/2022,BRO,TX,ASW,CE,Federal Contract Tower,10,10,28,18,66,0,0,13,0,13,10,10,41,18,79,0,0,0,79
09/20/2022,BRO,TX,ASW,CE,Federal Contract Tower,6,13,15,6,40,0,0,13,0,13,6,13,28,6,53,6,0,6,59
09/21/2022,BRO,TX,ASW,CE,Federal Contract Tower,7,14,16,4,41,0,0,21,2,23,7,14,37,6,64,0,0,0,64
09/22/2022,BRO,TX,ASW,CE,Federal Contract Tower,9,14,18,18,59,0,0,24,2,26,9,14,42,20,85,14,0,14,99
09/23/2022,BRO,TX,ASW,CE,Federal Contract Tower,11,13,13,4,41,0,0,18,2,20,11,13,31,6,61,4,0,4,65
09/24/2022,BRO,TX,ASW,CE,Federal Contract Tower,8,7,8,0,23,0,0,8,0,8,8,7,16,0,31,0,0,0,31
09/25/2022,BRO,TX,ASW,CE,Federal Contract Tower,10,12,12,0,34,0,0,7,0,7,10,12,19,0,41,8,0,8,49
09/26/2022,BRO,TX,ASW,CE,Federal Contract Tower,8,8,15,0,31,0,0,9,0,9,8,8,24,0,40,0,0,0,40
09/27/2022,BRO,TX,ASW,CE,Federal Contract Tower,6,11,14,4,35,0,0,8,0,8,6,11,22,4,43,0,0,0,43
09/28/2022,BRO,TX,ASW,CE,Federal Contract Tower,8,6,18,8,40,0,0,11,8,19,8,6,29,16,59,0,0,0,59
09/29/2022,BRO,TX,ASW,CE,Federal Contract Tower,10,6,26,4,46,0,2,15,2,19,10,8,41,6,65,0,0,0,65
09/30/2022,BRO,TX,ASW,CE,Federal Contract Tower,12,7,18,4,41,0,1,10,2,13,12,8,28,6,54,2,0,2,56
10/01/2022,BRO,TX,ASW,CE,Federal Contract Tower,9,3,8,8,28,0,0,5,4,9,9,3,13,12,37,0,0,0,37
10/02/2022,BRO,TX,ASW,CE,Federal Contract Tower,8,14,25,0,47,0,0,20,0,20,8,14,45,0,67,0,0,0,67
10/03/2022,BRO,TX,ASW,CE,Federal Contract Tower,8,16,14,12,50,0,0,14,0,14,8,16,28,12,64,0,0,0,64
10/04/2022,BRO,TX,ASW,CE,Federal Contract Tower,6,8,9,18,41,0,1,9,0,10,6,9,18,18,51,15,10,25,76
10/05/2022,BRO,TX,ASW,CE,Federal Contract Tower,6,8,11,9,34,0,0,19,0,19,6,8,30,9,53,6,0,6,59
10/06/2022,BRO,TX,ASW,CE,Federal Contract Tower,8,16,20,13,57,0,0,19,2,21,8,16,39,15,78,0,0,0,78
10/07/2022,BRO,TX,ASW,CE,Federal Contract Tower,9,15,20,0,44,0,0,6,0,6,9,15,26,0,50,0,0,0,50
10/08/2022,BRO,TX,ASW,CE,Federal Contract Tower,9,7,8,2,26,0,1,8,2,11,9,8,16,4,37,4,0,4,41
10/09/2022,BRO,TX,ASW,CE,Federal Contract Tower,10,11,18,0,39,0,0,4,0,4,10,11,22,0,43,0,0,0,43
10/10/2022,BRO,TX,ASW,CE,Federal Contract Tower,6,17,17,0,40,0,0,9,0,9,6,17,26,0,49,0,0,0,49
10/11/2022,BRO,TX,ASW,CE,Federal Contract Tower,6,9,18,28,61,0,0,6,0,6,6,9,24,28,67,6,0,6,73
10/12/2022,BRO,TX,ASW,CE,Federal Contract Tower,8,8,10,10,36,0,0,3,4,7,8,8,13,14,43,10,0,10,53
10/13/2022,BRO,TX,ASW,CE,Federal Contract Tower,9,11,18,11,49,0,1,15,3,19,9,12,33,14,68,20,26,46,114
10/14/2022,BRO,TX,ASW,CE,Federal Contract Tower,10,10,16,4,40,0,2,16,0,18,10,12,32,4,58,0,0,0,58
10/15/2022,BRO,TX,ASW,CE,Federal Contract Tower,8,7,2,0,17,0,0,19,0,19,8,7,21,0,36,6,0,6,42
10/16/2022,BRO,TX,ASW,CE,Federal Contract Tower,8,12,19,6,45,0,0,16,0,16,8,12,35,6,61,0,0,0,61
10/17/2022,BRO,TX,ASW,CE,Federal Contract Tower,8,13,12,14,47,0,0,8,0,8,8,13,20,14,55,0,0,0,55
10/18/2022,BRO,TX,ASW,CE,Federal Contract Tower,7,9,11,4,31,0,0,4,0,4,7,9,15,4,35,12,0,12,47
10/19/2022,BRO,TX,ASW,CE,Federal Contract Tower,7,13,18,2,40,0,0,19,2,21,7,13,37,4,61,0,0,0,61
10/20/2022,BRO,TX,ASW,CE,Federal Contract Tower,9,8,31,6,54,0,3,27,0,30,9,11,58,6,84,0,0,0,84
10/21/2022,BRO,TX,ASW,CE,Federal Contract Tower,10,14,26,2,52,0,6,20,0,26,10,20,46,2,78,5,0,5,83
10/22/2022,BRO,TX,ASW,CE,Federal Contract Tower,8,7,5,8,28,0,0,19,4,23,8,7,24,12,51,6,0,6,57
10/23/2022,BRO,TX,ASW,CE,Federal Contract Tower,8,9,12,2,31,0,0,14,0,14,8,9,26,2,45,0,0,0,45
10/24/2022,BRO,TX,ASW,CE,Federal Contract Tower,5,14,15,4,38,0,0,5,0,5,5,14,20,4,43,0,0,0,43
10/25/2022,BRO,TX,ASW,CE,Federal Contract Tower,6,9,18,16,49,0,0,13,0,13,6,9,31,16,62,24,0,24,86
10/26/2022,BRO,TX,ASW,CE,Federal Contract Tower,10,7,8,12,37,0,0,14,2,16,10,7,22,14,53,24,0,24,77
10/27/2022,BRO,TX,ASW,CE,Federal Contract Tower,9,11,28,10,58,0,1,17,3,21,9,12,45,13,79,22,0,22,101
10/28/2022,BRO,TX,ASW,CE,Federal Contract Tower,10,13,18,15,56,0,1,11,8,20,10,14,29,23,76,10,0,10,86
10/29/2022,BRO,TX,ASW,CE,Federal Contract Tower,7,5,8,4,24,0,2,14,0,16,7,7,22,4,40,0,0,0,40
10/30/2022,BRO,TX,ASW,CE,Federal Contract Tower,12,5,13,0,30,0,0,10,0,10,12,5,23,0,40,0,0,0,40
10/31/2022,BRO,TX,ASW,CE,Federal Contract Tower,4,10,14,0,28,0,0,12,0,12,4,10,26,0,40,12,0,12,52
11/02/2022,BRO,TX,ASW,CE,Federal Contract Tower,7,9,16,7,39,0,0,2,28,30,7,9,18,35,69,0,0,0,69
11/03/2022,BRO,TX,ASW,CE,Federal Contract Tower,8,10,25,6,49,0,2,9,2,13,8,12,34,8,62,24,0,24,86
11/04/2022,BRO,TX,ASW,CE,Federal Contract Tower,6,10,13,5,34,0,0,19,0,19,6,10,32,5,53,22,0,22,75
11/05/2022,BRO,TX,ASW,CE,Federal Contract Tower,7,8,7,6,28,0,0,4,6,10,7,8,11,12,38,0,0,0,38
11/06/2022,BRO,TX,ASW,CE,Federal Contract Tower,9,12,22,0,43,0,0,9,0,9,9,12,31,0,52,0,0,0,52
11/07/2022,BRO,TX,ASW,CE,Federal Contract Tower,6,10,20,0,36,0,0,18,0,18,6,10,38,0,54,0,0,0,54
11/08/2022,BRO,TX,ASW,CE,Federal Contract Tower,5,9,19,0,33,0,0,11,0,11,5,9,30,0,44,18,0,18,62
11/10/2022,BRO,TX,ASW,CE,Federal Contract Tower,7,11,17,10,45,0,3,11,1,15,7,14,28,11,60,38,0,38,98
11/11/2022,BRO,TX,ASW,CE,Federal Contract Tower,8,7,13,0,28,0,0,19,0,19,8,7,32,0,47,14,0,14,61
11/12/2022,BRO,TX,ASW,CE,Federal Contract Tower,10,8,10,12,40,0,0,6,6,12,10,8,16,18,52,10,0,10,62
11/13/2022,BRO,TX,ASW,CE,Federal Contract Tower,9,10,20,0,39,0,0,12,0,12,9,10,32,0,51,0,0,0,51
11/14/2022,BRO,TX,ASW,CE,Federal Contract Tower,6,16,18,20,60,0,0,4,0,4,6,16,22,20,64,12,0,12,76
11/15/2022,BRO,TX,ASW,CE,Federal Contract Tower,6,8,23,13,50,0,0,13,0,13,6,8,36,13,63,0,0,0,63
11/16/2022,BRO,TX,ASW,CE,Federal Contract Tower,8,6,15,8,37,0,0,8,0,8,8,6,23,8,45,14,0,14,59
11/17/2022,BRO,TX,ASW,CE,Federal Contract Tower,6,10,27,6,49,0,0,0,0,0,6,10,27,6,49,0,0,0,49
11/18/2022,BRO,TX,ASW,CE,Federal Contract Tower,9,22,28,0,59,0,0,0,0,0,9,22,28,0,59,0,0,0,59
11/19/2022,BRO,TX,ASW,CE,Federal Contract Tower,12,14,7,0,33,0,0,0,0,0,12,14,7,0,33,0,0,0,33
11/20/2022,BRO,TX,ASW,CE,Federal Contract Tower,8,15,19,0,42,0,0,1,0,1,8,15,20,0,43,0,0,0,43
11/21/2022,BRO,TX,ASW,CE,Federal Contract Tower,6,23,20,18,67,0,0,0,0,0,6,23,20,18,67,0,0,0,67
11/22/2022,BRO,TX,ASW,CE,Federal Contract Tower,8,12,17,0,37,0,0,0,0,0,8,12,17,0,37,0,0,0,37
11/23/2022,BRO,TX,ASW,CE,Federal Contract Tower,11,18,25,0,54,0,0,0,0,0,11,18,25,0,54,0,0,0,54
11/24/2022,BRO,TX,ASW,CE,Federal Contract Tower,7,11,5,0,23,0,0,0,0,0,7,11,5,0,23,0,0,0,23
11/25/2022,BRO,TX,ASW,CE,Federal Contract Tower,6,13,20,0,39,0,0,0,0,0,6,13,20,0,39,0,0,0,39
11/26/2022,BRO,TX,ASW,CE,Federal Contract Tower,8,8,12,0,28,0,3,13,1,17,8,11,25,1,45,0,0,0,45
11/27/2022,BRO,TX,ASW,CE,Federal Contract Tower,8,20,22,0,50,0,0,24,0,24,8,20,46,0,74,0,0,0,74
11/28/2022,BRO,TX,ASW,CE,Federal Contract Tower,7,22,31,0,60,0,0,12,0,12,7,22,43,0,72,0,8,8,80
11/29/2022,BRO,TX,ASW,CE,Federal Contract Tower,9,12,14,12,47,0,0,19,0,19,9,12,33,12,66,26,0,26,92
11/30/2022,BRO,TX,ASW,CE,Federal Contract Tower,7,13,17,1,38,0,0,2,0,2,7,13,19,1,40,0,0,0,40
12/01/2022,BRO,TX,ASW,CE,Federal Contract Tower,7,11,16,8,42,0,0,0,0,0,7,11,16,8,42,0,0,0,42
12/02/2022,BRO,TX,ASW,CE,Federal Contract Tower,8,16,23,4,51,0,0,4,4,8,8,16,27,8,59,0,0,0,59
12/03/2022,BRO,TX,ASW,CE,Federal Contract Tower,9,5,5,0,19,0,0,0,0,0,9,5,5,0,19,0,0,0,19
12/04/2022,BRO,TX,ASW,CE,Federal Contract Tower,13,6,25,0,44,0,0,3,0,3,13,6,28,0,47,0,0,0,47
12/05/2022,BRO,TX,ASW,CE,Federal Contract Tower,7,15,23,6,51,0,0,15,0,15,7,15,38,6,66,0,20,20,86
12/06/2022,BRO,TX,ASW,CE,Federal Contract Tower,23,10,16,23,72,0,0,11,0,11,23,10,27,23,83,6,14,20,103
12/07/2022,BRO,TX,ASW,CE,Federal Contract Tower,9,15,24,20,68,0,0,7,4,11,9,15,31,24,79,18,16,34,113
12/08/2022,BRO,TX,ASW,CE,Federal Contract Tower,8,13,13,0,34,0,1,24,2,27,8,14,37,2,61,0,0,0,61
12/09/2022,BRO,TX,ASW,CE,Federal Contract Tower,10,15,19,6,50,0,0,14,0,14,10,15,33,6,64,6,0,6,70
12/10/2022,BRO,TX,ASW,CE,Federal Contract Tower,7,8,7,0,22,0,0,9,0,9,7,8,16,0,31,0,0,0,31
12/11/2022,BRO,TX,ASW,CE,Federal Contract Tower,6,18,22,2,48,0,0,9,0,9,6,18,31,2,57,0,0,0,57
12/12/2022,BRO,TX,ASW,CE,Federal Contract Tower,5,10,20,18,53,0,0,13,0,13,5,10,33,18,66,0,10,10,76
12/13/2022,BRO,TX,ASW,CE,Federal Contract Tower,6,14,19,16,55,0,0,13,0,13,6,14,32,16,68,14,0,14,82
12/14/2022,BRO,TX,ASW,CE,Federal Contract Tower,7,9,13,18,47,0,1,13,0,14,7,10,26,18,61,28,0,28,89
12/15/2022,BRO,TX,ASW,CE,Federal Contract Tower,9,17,28,14,68,0,0,26,0,26,9,17,54,14,94,4,0,4,98
12/16/2022,BRO,TX,ASW,CE,Federal Contract Tower,6,15,21,10,52,0,0,13,0,13,6,15,34,10,65,8,2,10,75
12/17/2022,BRO,TX,ASW,CE,Federal Contract Tower,6,9,18,0,33,0,0,7,0,7,6,9,25,0,40,0,0,0,40
12/18/2022,BRO,TX,ASW,CE,Federal Contract Tower,9,6,9,0,24,0,0,5,0,5,9,6,14,0,29,0,0,0,29
12/19/2022,BRO,TX,ASW,CE,Federal Contract Tower,4,13,20,14,51,0,0,3,0,3,4,13,23,14,54,0,0,0,54
12/20/2022,BRO,TX,ASW,CE,Federal Contract Tower,4,7,11,0,22,0,0,4,0,4,4,7,15,0,26,0,0,0,26
12/21/2022,BRO,TX,ASW,CE,Federal Contract Tower,7,15,15,14,51,0,0,7,2,9,7,15,22,16,60,40,0,40,100
12/22/2022,BRO,TX,ASW,CE,Federal Contract Tower,8,11,21,10,50,0,4,10,0,14,8,15,31,10,64,12,0,12,76
12/23/2022,BRO,TX,ASW,CE,Federal Contract Tower,7,8,11,0,26,0,2,9,0,11,7,10,20,0,37,0,0,0,37
12/24/2022,BRO,TX,ASW,CE,Federal Contract Tower,6,5,10,0,21,0,2,7,0,9,6,7,17,0,30,0,0,0,30
12/25/2022,BRO,TX,ASW,CE,Federal Contract Tower,4,11,8,0,23,0,0,2,0,2,4,11,10,0,25,0,0,0,25
12/26/2022,BRO,TX,ASW,CE,Federal Contract Tower,5,16,44,0,65,0,0,6,0,6,5,16,50,0,71,0,0,0,71
12/27/2022,BRO,TX,ASW,CE,Federal Contract Tower,6,19,21,2,48,0,0,13,0,13,6,19,34,2,61,4,0,4,65
12/28/2022,BRO,TX,ASW,CE,Federal Contract Tower,9,5,28,0,42,0,0,18,0,18,9,5,46,0,60,0,0,0,60
12/29/2022,BRO,TX,ASW,CE,Federal Contract Tower,7,15,21,0,43,0,0,12,2,14,7,15,33,2,57,0,0,0,57
12/30/2022,BRO,TX,ASW,CE,Federal Contract Tower,10,12,17,0,39,0,0,17,0,17,10,12,34,0,56,40,0,40,96
12/31/2022,BRO,TX,ASW,CE,Federal Contract Tower,6,6,8,0,20,0,0,9,0,9,6,6,17,0,29,8,0,8,37
01/01/2023,BRO,TX,ASW,CE,Federal Contract Tower,5,9,15,0,29,0,0,5,0,5,5,9,20,0,34,6,0,6,40
01/02/2023,BRO,TX,ASW,CE,Federal Contract Tower,5,15,32,0,52,0,0,3,0,3,5,15,35,0,55,0,0,0,55
01/03/2023,BRO,TX,ASW,CE,Federal Contract Tower,5,16,22,2,45,0,0,12,0,12,5,16,34,2,57,16,0,16,73
01/04/2023,BRO,TX,ASW,CE,Federal Contract Tower,8,10,17,4,39,0,1,23,0,24,8,11,40,4,63,0,0,0,63
01/05/2023,BRO,TX,ASW,CE,Federal Contract Tower,5,9,21,6,41,0,6,14,0,20,5,15,35,6,61,0,1,1,62
01/06/2023,BRO,TX,ASW,CE,Federal Contract Tower,7,6,15,8,36,0,2,12,8,22,7,8,27,16,58,0,0,0,58
01/07/2023,BRO,TX,ASW,CE,Federal Contract Tower,9,11,13,4,37,0,0,9,4,13,9,11,22,8,50,0,0,0,50
01/08/2023,BRO,TX,ASW,CE,Federal Contract Tower,7,7,20,0,34,0,0,7,0,7,7,7,27,0,41,10,0,10,51
01/09/2023,BRO,TX,ASW,CE,Federal Contract Tower,6,20,13,10,49,0,0,10,0,10,6,20,23,10,59,16,0,16,75
01/10/2023,BRO,TX,ASW,CE,Federal Contract Tower,3,12,12,20,47,0,0,11,0,11,3,12,23,20,58,0,0,0,58
01/11/2023,BRO,TX,ASW,CE,Federal Contract Tower,5,10,10,2,27,0,1,3,0,4,5,11,13,2,31,0,0,0,31
01/12/2023,BRO,TX,ASW,CE,Federal Contract Tower,7,10,9,8,34,0,0,7,2,9,7,10,16,10,43,0,12,12,55
01/13/2023,BRO,TX,ASW,CE,Federal Contract Tower,10,12,16,8,46,0,1,17,8,26,10,13,33,16,72,20,12,32,104
01/14/2023,BRO,TX,ASW,CE,Federal Contract Tower,6,9,6,0,21,0,1,11,0,12,6,10,17,0,33,0,0,0,33
01/15/2023,BRO,TX,ASW,CE,Federal Contract Tower,6,3,8,1,18,0,0,6,2,8,6,3,14,3,26,0,0,0,26
01/16/2023,BRO,TX,ASW,CE,Federal Contract Tower,3,10,18,10,41,0,2,6,0,8,3,12,24,10,49,2,0,2,51
01/17/2023,BRO,TX,ASW,CE,Federal Contract Tower,5,12,17,12,46,0,0,10,0,10,5,12,27,12,56,20,0,20,76
01/18/2023,BRO,TX,ASW,CE,Federal Contract Tower,3,10,10,6,29,0,0,10,0,10,3,10,20,6,39,0,0,0,39
01/19/2023,BRO,TX,ASW,CE,Federal Contract Tower,8,12,23,6,49,0,1,10,0,11,8,13,33,6,60,10,0,10,70
01/20/2023,BRO,TX,ASW,CE,Federal Contract Tower,10,8,14,6,38,0,0,2,0,2,10,8,16,6,40,0,0,0,40
01/21/2023,BRO,TX,ASW,CE,Federal Contract Tower,6,11,11,10,38,0,0,2,0,2,6,11,13,10,40,0,0,0,40
01/22/2023,BRO,TX,ASW,CE,Federal Contract Tower,8,11,18,2,39,0,0,9,2,11,8,11,27,4,50,0,0,0,50
01/23/2023,BRO,TX,ASW,CE,Federal Contract Tower,3,12,11,26,52,0,0,15,0,15,3,12,26,26,67,6,8,14,81
01/24/2023,BRO,TX,ASW,CE,Federal Contract Tower,5,7,10,12,34,0,0,1,0,1,5,7,11,12,35,0,0,0,35
01/25/2023,BRO,TX,ASW,CE,Federal Contract Tower,7,6,19,7,39,0,0,19,4,23,7,6,38,11,62,4,0,4,66
01/26/2023,BRO,TX,ASW,CE,Federal Contract Tower,6,7,24,11,48,0,2,13,1,16,6,9,37,12,64,22,0,22,86
01/27/2023,BRO,TX,ASW,CE,Federal Contract Tower,11,6,22,0,39,0,0,5,0,5,11,6,27,0,44,0,0,0,44
01/28/2023,BRO,TX,ASW,CE,Federal Contract Tower,7,9,15,0,31,0,0,2,0,2,7,9,17,0,33,0,0,0,33
01/29/2023,BRO,TX,ASW,CE,Federal Contract Tower,9,6,22,10,47,0,0,6,2,8,9,6,28,12,55,0,0,0,55
01/30/2023,BRO,TX,ASW,CE,Federal Contract Tower,9,13,20,0,42,0,0,4,0,4,9,13,24,0,46,0,0,0,46
01/31/2023,BRO,TX,ASW,CE,Federal Contract Tower,2,10,12,4,28,0,0,0,0,0,2,10,12,4,28,0,0,0,28
02/01/2023,BRO,TX,ASW,CE,Federal Contract Tower,9,17,5,0,31,0,0,0,0,0,9,17,5,0,31,0,0,0,31
02/02/2023,BRO,TX,ASW,CE,Federal Contract Tower,7,23,21,8,59,0,0,3,4,7,7,23,24,12,66,0,0,0,66
02/03/2023,BRO,TX,ASW,CE,Federal Contract Tower,9,19,25,8,61,0,0,15,8,23,9,19,40,16,84,0,0,0,84
02/04/2023,BRO,TX,ASW,CE,Federal Contract Tower,7,13,8,0,28,0,1,25,0,26,7,14,33,0,54,0,0,0,54
02/05/2023,BRO,TX,ASW,CE,Federal Contract Tower,10,10,16,0,36,0,0,17,0,17,10,10,33,0,53,0,0,0,53
02/06/2023,BRO,TX,ASW,CE,Federal Contract Tower,5,16,31,0,52,0,0,10,0,10,5,16,41,0,62,0,0,0,62
02/07/2023,BRO,TX,ASW,CE,Federal Contract Tower,10,7,15,2,34,0,0,5,0,5,10,7,20,2,39,0,0,0,39
02/08/2023,BRO,TX,ASW,CE,Federal Contract Tower,6,12,12,2,32,0,0,1,0,1,6,12,13,2,33,0,0,0,33
02/09/2023,BRO,TX,ASW,CE,Federal Contract Tower,6,12,17,1,36,0,0,20,0,20,6,12,37,1,56,14,0,14,70
02/10/2023,BRO,TX,ASW,CE,Federal Contract Tower,9,11,18,8,46,0,0,8,8,16,9,11,26,16,62,0,0,0,62
02/11/2023,BRO,TX,ASW,CE,Federal Contract Tower,9,5,11,0,25,0,0,14,0,14,9,5,25,0,39,0,0,0,39
02/12/2023,BRO,TX,ASW,CE,Federal Contract Tower,7,6,9,0,22,0,0,11,0,11,7,6,20,0,33,0,0,0,33
02/13/2023,BRO,TX,ASW,CE,Federal Contract Tower,7,14,20,14,55,0,0,7,0,7,7,14,27,14,62,0,0,0,62
02/14/2023,BRO,TX,ASW,CE,Federal Contract Tower,6,9,5,8,28,0,0,4,0,4,6,9,9,8,32,0,0,0,32
02/15/2023,BRO,TX,ASW,CE,Federal Contract Tower,8,11,13,4,36,0,0,0,0,0,8,11,13,4,36,0,0,0,36
02/16/2023,BRO,TX,ASW,CE,Federal Contract Tower,7,11,14,0,32,0,0,2,0,2,7,11,16,0,34,0,0,0,34
02/17/2023,BRO,TX,ASW,CE,Federal Contract Tower,11,10,18,0,39,0,0,7,0,7,11,10,25,0,46,0,0,0,46
02/18/2023,BRO,TX,ASW,CE,Federal Contract Tower,7,9,8,0,24,0,0,18,0,18,7,9,26,0,42,0,0,0,42
02/19/2023,BRO,TX,ASW,CE,Federal Contract Tower,7,4,19,0,30,0,0,7,0,7,7,4,26,0,37,0,0,0,37
02/20/2023,BRO,TX,ASW,CE,Federal Contract Tower,5,12,13,4,34,0,0,6,0,6,5,12,19,4,40,0,0,0,40
02/21/2023,BRO,TX,ASW,CE,Federal Contract Tower,5,17,18,4,44,0,0,5,0,5,5,17,23,4,49,0,0,0,49
02/22/2023,BRO,TX,ASW,CE,Federal Contract Tower,6,10,14,6,36,0,0,9,0,9,6,10,23,6,45,12,0,12,57
02/23/2023,BRO,TX,ASW,CE,Federal Contract Tower,6,15,22,12,55,0,0,24,4,28,6,15,46,16,83,6,0,6,89
02/24/2023,BRO,TX,ASW,CE,Federal Contract Tower,8,12,22,38,80,0,0,8,8,16,8,12,30,46,96,0,10,10,106
02/25/2023,BRO,TX,ASW,CE,Federal Contract Tower,12,6,20,8,46,0,0,9,8,17,12,6,29,16,63,4,0,4,67
02/26/2023,BRO,TX,ASW,CE,Federal Contract Tower,11,7,29,0,47,0,0,9,0,9,11,7,38,0,56,0,0,0,56
02/27/2023,BRO,TX,ASW,CE,Federal Contract Tower,8,15,24,20,67,0,0,14,0,14,8,15,38,20,81,0,0,0,81
02/28/2023,BRO,TX,ASW,CE,Federal Contract Tower,7,22,8,6,43,0,0,11,0,11,7,22,19,6,54,12,0,12,66
03/01/2023,BRO,TX,ASW,CE,Federal Contract Tower,9,5,13,6,33,0,0,7,6,13,9,5,20,12,46,0,0,0,46
03/02/2023,BRO,TX,ASW,CE,Federal Contract Tower,4,8,14,16,42,0,0,3,4,7,4,8,17,20,49,0,0,0,49
03/03/2023,BRO,TX,ASW,CE,Federal Contract Tower,9,12,23,8,52,0,0,15,4,19,9,12,38,12,71,0,0,0,71
03/04/2023,BRO,TX,ASW,CE,Federal Contract Tower,8,14,9,4,35,0,0,20,2,22,8,14,29,6,57,0,0,0,57
03/05/2023,BRO,TX,ASW,CE,Federal Contract Tower,9,6,28,0,43,0,0,8,0,8,9,6,36,0,51,0,0,0,51
03/06/2023,BRO,TX,ASW,CE,Federal Contract Tower,7,12,13,10,42,0,0,5,0,5,7,12,18,10,47,0,0,0,47
03/07/2023,BRO,TX,ASW,CE,Federal Contract Tower,6,13,17,20,56,0,0,7,0,7,6,13,24,20,63,6,0,6,69
03/08/2023,BRO,TX,ASW,CE,Federal Contract Tower,8,10,12,3,33,0,0,7,0,7,8,10,19,3,40,8,0,8,48
03/09/2023,BRO,TX,ASW,CE,Federal Contract Tower,6,5,19,15,45,0,0,7,2,9,6,5,26,17,54,0,0,0,54
03/10/2023,BRO,TX,ASW,CE,Federal Contract Tower,10,14,16,4,44,0,0,2,2,4,10,14,18,6,48,0,0,0,48
03/11/2023,BRO,TX,ASW,CE,Federal Contract Tower,13,6,23,0,42,0,0,2,0,2,13,6,25,0,44,0,0,0,44
03/12/2023,BRO,TX,ASW,CE,Federal Contract Tower,12,6,14,0,32,0,0,5,0,5,12,6,19,0,37,0,0,0,37
03/13/2023,BRO,TX,ASW,CE,Federal Contract Tower,7,13,12,8,40,0,0,3,0,3,7,13,15,8,43,0,0,0,43
03/14/2023,BRO,TX,ASW,CE,Federal Contract Tower,9,9,21,8,47,0,0,5,0,5,9,9,26,8,52,0,0,0,52
03/15/2023,BRO,TX,ASW,CE,Federal Contract Tower,10,9,13,18,50,0,0,8,2,10,10,9,21,20,60,0,0,0,60
03/16/2023,BRO,TX,ASW,CE,Federal Contract Tower,9,14,21,14,58,0,2,11,2,15,9,16,32,16,73,0,2,2,75
03/17/2023,BRO,TX,ASW,CE,Federal Contract Tower,10,13,42,0,65,0,0,2,0,2,10,13,44,0,67,0,0,0,67
03/18/2023,BRO,TX,ASW,CE,Federal Contract Tower,9,6,22,0,37,0,0,10,0,10,9,6,32,0,47,10,0,10,57
03/19/2023,BRO,TX,ASW,CE,Federal Contract Tower,11,5,15,0,31,0,0,5,0,5,11,5,20,0,36,0,0,0,36
03/20/2023,BRO,TX,ASW,CE,Federal Contract Tower,6,21,44,10,81,0,1,17,0,18,6,22,61,10,99,8,0,8,107
03/21/2023,BRO,TX,ASW,CE,Federal Contract Tower,8,10,22,8,48,0,0,3,0,3,8,10,25,8,51,0,0,0,51
03/22/2023,BRO,TX,ASW,CE,Federal Contract Tower,9,6,8,8,31,0,0,4,0,4,9,6,12,8,35,0,0,0,35
03/23/2023,BRO,TX,ASW,CE,Federal Contract Tower,8,12,16,14,50,0,0,3,5,8,8,12,19,19,58,0,6,6,64
03/24/2023,BRO,TX,ASW,CE,Federal Contract Tower,8,9,14,10,41,0,0,9,10,19,8,9,23,20,60,0,0,0,60
03/25/2023,BRO,TX,ASW,CE,Federal Contract Tower,11,6,11,4,32,0,0,15,4,19,11,6,26,8,51,0,0,0,51
03/26/2023,BRO,TX,ASW,CE,Federal Contract Tower,8,9,13,0,30,0,0,8,0,8,8,9,21,0,38,2,0,2,40
03/27/2023,BRO,TX,ASW,CE,Federal Contract Tower,6,16,21,12,55,0,0,4,0,4,6,16,25,12,59,0,0,0,59
03/28/2023,BRO,TX,ASW,CE,Federal Contract Tower,5,9,14,0,28,0,0,0,0,0,5,9,14,0,28,0,0,0,28
03/29/2023,BRO,TX,ASW,CE,Federal Contract Tower,9,9,21,0,39,0,0,2,0,2,9,9,23,0,41,0,0,0,41
03/30/2023,BRO,TX,ASW,CE,Federal Contract Tower,9,9,37,2,57,0,0,6,2,8,9,9,43,4,65,0,0,0,65
03/31/2023,BRO,TX,ASW,CE,Federal Contract Tower,8,14,38,27,87,0,1,16,22,39,8,15,54,49,126,4,0,4,130
04/01/2023,BRO,TX,ASW,CE,Federal Contract Tower,9,16,31,0,56,0,0,15,1,16,9,16,46,1,72,26,0,26,98
04/02/2023,BRO,TX,ASW,CE,Federal Contract Tower,9,19,21,14,63,0,0,5,2,7,9,19,26,16,70,0,0,0,70
04/03/2023,BRO,TX,ASW,CE,Federal Contract Tower,10,14,21,0,45,0,0,17,0,17,10,14,38,0,62,0,0,0,62
04/04/2023,BRO,TX,ASW,CE,Federal Contract Tower,6,18,17,6,47,0,17,0,0,17,6,35,17,6,64,0,0,0,64
04/05/2023,BRO,TX,ASW,CE,Federal Contract Tower,11,15,32,16,74,0,0,8,1,9,11,15,40,17,83,6,36,42,125
04/06/2023,BRO,TX,ASW,CE,Federal Contract Tower,10,12,41,0,63,0,0,4,0,4,10,12,45,0,67,0,0,0,67
04/07/2023,BRO,TX,ASW,CE,Federal Contract Tower,13,10,16,0,39,0,0,0,0,0,13,10,16,0,39,0,0,0,39
04/08/2023,BRO,TX,ASW,CE,Federal Contract Tower,7,19,22,0,48,0,0,1,0,1,7,19,23,0,49,0,0,0,49
04/09/2023,BRO,TX,ASW,CE,Federal Contract Tower,8,20,43,0,71,0,0,3,0,3,8,20,46,0,74,0,0,0,74
04/10/2023,BRO,TX,ASW,CE,Federal Contract Tower,9,14,43,4,70,0,0,7,0,7,9,14,50,4,77,0,0,0,77
04/11/2023,BRO,TX,ASW,CE,Federal Contract Tower,6,9,22,20,57,0,0,17,0,17,6,9,39,20,74,66,0,66,140
04/12/2023,BRO,TX,ASW,CE,Federal Contract Tower,6,19,12,4,41,0,2,31,4,37,6,21,43,8,78,0,0,0,78
04/13/2023,BRO,TX,ASW,CE,Federal Contract Tower,9,14,33,8,64,0,0,25,8,33,9,14,58,16,97,16,2,18,115
04/14/2023,BRO,TX,ASW,CE,Federal Contract Tower,15,11,34,6,66,0,0,10,5,15,15,11,44,11,81,0,5,5,86
04/15/2023,BRO,TX,ASW,CE,Federal Contract Tower,13,8,42,0,63,4,2,18,0,24,17,10,60,0,87,0,0,0,87
04/16/2023,BRO,TX,ASW,CE,Federal Contract Tower,13,32,45,5,95,0,1,33,0,34,13,33,78,5,129,0,0,0,129
04/17/2023,BRO,TX,ASW,CE,Federal Contract Tower,11,24,29,20,84,0,0,32,0,32,11,24,61,20,116,10,4,14,130
04/18/2023,BRO,TX,ASW,CE,Federal Contract Tower,6,11,20,2,39,0,0,12,0,12,6,11,32,2,51,16,0,16,67
04/19/2023,BRO,TX,ASW,CE,Federal Contract Tower,9,12,44,8,73,0,0,19,4,23,9,12,63,12,96,22,0,22,118
04/20/2023,BRO,TX,ASW,CE,Federal Contract Tower,7,19,34,4,64,0,0,23,2,25,7,19,57,6,89,14,14,28,117
04/21/2023,BRO,TX,ASW,CE,Federal Contract Tower,13,8,15,5,41,0,0,6,2,8,13,8,21,7,49,0,0,0,49
04/22/2023,BRO,TX,ASW,CE,Federal Contract Tower,14,5,11,0,30,0,2,10,0,12,14,7,21,0,42,0,0,0,42
04/23/2023,BRO,TX,ASW,CE,Federal Contract Tower,8,9,11,0,28,0,0,0,0,0,8,9,11,0,28,0,0,0,28
04/24/2023,BRO,TX,ASW,CE,Federal Contract Tower,10,13,13,2,38,0,0,2,4,6,10,13,15,6,44,0,0,0,44
04/25/2023,BRO,TX,ASW,CE,Federal Contract Tower,8,15,13,6,42,0,2,5,2,9,8,17,18,8,51,0,0,0,51
04/26/2023,BRO,TX,ASW,CE,Federal Contract Tower,5,11,19,12,47,0,0,20,6,26,5,11,39,18,73,8,0,8,81
04/27/2023,BRO,TX,ASW,CE,Federal Contract Tower,11,17,27,6,61,0,0,1,0,1,11,17,28,6,62,0,6,6,68
04/28/2023,BRO,TX,ASW,CE,Federal Contract Tower,9,10,17,0,36,0,0,19,0,19,9,10,36,0,55,8,0,8,63
04/29/2023,BRO,TX,ASW,CE,Federal Contract Tower,13,7,8,0,28,0,2,7,0,9,13,9,15,0,37,0,0,0,37
04/30/2023,BRO,TX,ASW,CE,Federal Contract Tower,9,10,17,4,40,0,0,19,5,24,9,10,36,9,64,0,0,0,64
05/01/2023,BRO,TX,ASW,CE,Federal Contract Tower,10,15,31,4,60,0,0,24,0,24,10,15,55,4,84,0,0,0,84
05/02/2023,BRO,TX,ASW,CE,Federal Contract Tower,6,12,15,4,37,0,2,10,1,13,6,14,25,5,50,0,0,0,50
05/03/2023,BRO,TX,ASW,CE,Federal Contract Tower,12,13,12,8,45,0,0,10,0,10,12,13,22,8,55,0,0,0,55
05/04/2023,BRO,TX,ASW,CE,Federal Contract Tower,12,19,13,1,45,0,1,7,0,8,12,20,20,1,53,0,0,0,53
05/05/2023,BRO,TX,ASW,CE,Federal Contract Tower,20,8,24,2,54,0,0,3,0,3,20,8,27,2,57,0,0,0,57
05/06/2023,BRO,TX,ASW,CE,Federal Contract Tower,17,1,9,0,27,0,0,7,0,7,17,1,16,0,34,0,0,0,34
05/07/2023,BRO,TX,ASW,CE,Federal Contract Tower,11,9,21,0,41,0,0,7,0,7,11,9,28,0,48,0,0,0,48
05/08/2023,BRO,TX,ASW,CE,Federal Contract Tower,13,12,11,14,50,0,0,4,0,4,13,12,15,14,54,0,0,0,54
05/09/2023,BRO,TX,ASW,CE,Federal Contract Tower,11,7,13,46,77,0,2,10,0,12,11,9,23,46,89,0,0,0,89
05/10/2023,BRO,TX,ASW,CE,Federal Contract Tower,10,9,3,14,36,0,4,13,10,27,10,13,16,24,63,18,0,18,81
05/11/2023,BRO,TX,ASW,CE,Federal Contract Tower,15,7,18,18,58,0,5,14,12,31,15,12,32,30,89,4,0,4,93
05/12/2023,BRO,TX,ASW,CE,Federal Contract Tower,15,6,14,0,35,0,5,23,0,28,15,11,37,0,63,0,0,0,63
05/13/2023,BRO,TX,ASW,CE,Federal Contract Tower,10,10,7,0,27,0,0,5,0,5,10,10,12,0,32,0,0,0,32
05/14/2023,BRO,TX,ASW,CE,Federal Contract Tower,12,8,8,0,28,0,0,2,0,2,12,8,10,0,30,0,0,0,30
05/15/2023,BRO,TX,ASW,CE,Federal Contract Tower,14,11,7,8,40,0,0,4,0,4,14,11,11,8,44,0,0,0,44
05/16/2023,BRO,TX,ASW,CE,Federal Contract Tower,11,11,22,17,61,0,0,7,0,7,11,11,29,17,68,0,6,6,74
05/17/2023,BRO,TX,ASW,CE,Federal Contract Tower,18,13,13,12,56,0,0,11,0,11,18,13,24,12,67,0,0,0,67
05/18/2023,BRO,TX,ASW,CE,Federal Contract Tower,12,10,16,12,50,0,2,18,4,24,12,12,34,16,74,14,0,14,88
05/19/2023,BRO,TX,ASW,CE,Federal Contract Tower,19,8,24,8,59,0,4,27,6,37,19,12,51,14,96,0,0,0,96
05/20/2023,BRO,TX,ASW,CE,Federal Contract Tower,14,3,8,14,39,0,0,2,2,4,14,3,10,16,43,0,0,0,43
05/21/2023,BRO,TX,ASW,CE,Federal Contract Tower,11,12,29,4,56,0,0,14,0,14,11,12,43,4,70,0,0,0,70
05/22/2023,BRO,TX,ASW,CE,Federal Contract Tower,13,9,15,10,47,0,0,15,0,15,13,9,30,10,62,2,0,2,64
05/23/2023,BRO,TX,ASW,CE,Federal Contract Tower,15,5,16,25,61,0,0,15,9,24,15,5,31,34,85,4,0,4,89
05/24/2023,BRO,TX,ASW,CE,Federal Contract Tower,16,4,22,32,74,0,0,14,12,26,16,4,36,44,100,4,0,4,104
05/25/2023,BRO,TX,ASW,CE,Federal Contract Tower,11,12,33,21,77,0,0,19,2,21,11,12,52,23,98,12,0,12,110
05/26/2023,BRO,TX,ASW,CE,Federal Contract Tower,14,11,17,0,42,0,0,6,0,6,14,11,23,0,48,0,0,0,48
05/27/2023,BRO,TX,ASW,CE,Federal Contract Tower,12,5,12,0,29,0,0,7,0,7,12,5,19,0,36,0,0,0,36
05/28/2023,BRO,TX,ASW,CE,Federal Contract Tower,9,11,10,0,30,0,0,6,0,6,9,11,16,0,36,0,0,0,36
05/29/2023,BRO,TX,ASW,CE,Federal Contract Tower,10,8,18,0,36,0,0,10,0,10,10,8,28,0,46,0,0,0,46
05/30/2023,BRO,TX,ASW,CE,Federal Contract Tower,14,4,9,6,33,0,0,14,2,16,14,4,23,8,49,2,0,2,51
05/31/2023,BRO,TX,ASW,CE,Federal Contract Tower,16,5,18,15,54,0,0,20,8,28,16,5,38,23,82,0,36,36,118
06/02/2023,BRO,TX,ASW,CE,Federal Contract Tower,19,4,12,3,38,0,1,9,0,10,19,5,21,3,48,0,22,22,70
06/03/2023,BRO,TX,ASW,CE,Federal Contract Tower,16,5,12,0,33,0,3,17,0,20,16,8,29,0,53,2,0,2,55
06/04/2023,BRO,TX,ASW,CE,Federal Contract Tower,8,13,25,0,46,0,0,6,0,6,8,13,31,0,52,0,0,0,52
06/05/2023,BRO,TX,ASW,CE,Federal Contract Tower,11,15,10,0,36,0,0,5,0,5,11,15,15,0,41,0,0,0,41
06/06/2023,BRO,TX,ASW,CE,Federal Contract Tower,4,22,17,8,51,0,1,18,1,20,4,23,35,9,71,26,0,26,97
06/07/2023,BRO,TX,ASW,CE,Federal Contract Tower,12,12,25,8,57,0,0,16,8,24,12,12,41,16,81,20,0,20,101
06/08/2023,BRO,TX,ASW,CE,Federal Contract Tower,11,9,18,15,53,0,1,10,6,17,11,10,28,21,70,0,0,0,70
06/09/2023,BRO,TX,ASW,CE,Federal Contract Tower,10,17,8,6,41,0,0,11,0,11,10,17,19,6,52,0,0,0,52
06/11/2023,BRO,TX,ASW,CE,Federal Contract Tower,10,12,27,0,49,0,0,13,0,13,10,12,40,0,62,0,0,0,62
06/12/2023,BRO,TX,ASW,CE,Federal Contract Tower,9,13,17,0,39,0,0,3,0,3,9,13,20,0,42,0,0,0,42
06/13/2023,BRO,TX,ASW,CE,Federal Contract Tower,6,14,12,8,40,0,2,5,0,7,6,16,17,8,47,0,0,0,47
06/14/2023,BRO,TX,ASW,CE,Federal Contract Tower,15,8,32,6,61,0,0,9,6,15,15,8,41,12,76,0,0,0,76
06/15/2023,BRO,TX,ASW,CE,Federal Contract Tower,8,11,14,6,39,0,4,7,0,11,8,15,21,6,50,14,0,14,64
06/16/2023,BRO,TX,ASW,CE,Federal Contract Tower,12,11,14,14,51,0,2,6,18,26,12,13,20,32,77,0,0,0,77
06/17/2023,BRO,TX,ASW,CE,Federal Contract Tower,12,15,17,0,44,0,0,4,0,4,12,15,21,0,48,0,0,0,48
06/18/2023,BRO,TX,ASW,CE,Federal Contract Tower,9,9,18,3,39,0,0,10,0,10,9,9,28,3,49,0,0,0,49
06/19/2023,BRO,TX,ASW,CE,Federal Contract Tower,9,13,23,0,45,0,0,15,0,15,9,13,38,0,60,18,0,18,78
06/20/2023,BRO,TX,ASW,CE,Federal Contract Tower,5,15,11,40,71,0,0,9,1,10,5,15,20,41,81,0,4,4,85
06/21/2023,BRO,TX,ASW,CE,Federal Contract Tower,13,13,14,4,44,0,0,7,4,11,13,13,21,8,55,0,0,0,55
06/22/2023,BRO,TX,ASW,CE,Federal Contract Tower,9,16,19,21,65,0,0,19,10,29,9,16,38,31,94,12,0,12,106
06/23/2023,BRO,TX,ASW,CE,Federal Contract Tower,13,14,22,5,54,0,0,5,3,8,13,14,27,8,62,0,0,0,62
06/24/2023,BRO,TX,ASW,CE,Federal Contract Tower,8,15,11,0,34,0,0,14,0,14,8,15,25,0,48,0,0,0,48
06/25/2023,BRO,TX,ASW,CE,Federal Contract Tower,10,15,20,2,47,0,0,10,0,10,10,15,30,2,57,18,0,18,75
06/26/2023,BRO,TX,ASW,CE,Federal Contract Tower,10,17,19,0,46,0,0,9,0,9,10,17,28,0,55,0,0,0,55
06/27/2023,BRO,TX,ASW,CE,Federal Contract Tower,6,11,14,6,37,0,0,6,0,6,6,11,20,6,43,0,0,0,43
06/28/2023,BRO,TX,ASW,CE,Federal Contract Tower,13,19,16,0,48,0,0,14,0,14,13,19,30,0,62,0,0,0,62
06/29/2023,BRO,TX,ASW,CE,Federal Contract Tower,11,12,17,6,46,0,0,19,6,25,11,12,36,12,71,0,0,0,71
06/30/2023,BRO,TX,ASW,CE,Federal Contract Tower,16,13,24,8,61,0,2,28,9,39,16,15,52,17,100,4,0,4,104
07/01/2023,BRO,TX,ASW,CE,Federal Contract Tower,11,21,20,0,52,0,0,13,0,13,11,21,33,0,65,4,0,4,69
07/02/2023,BRO,TX,ASW,CE,Federal Contract Tower,9,20,14,0,43,0,0,8,0,8,9,20,22,0,51,0,0,0,51
07/03/2023,BRO,TX,ASW,CE,Federal Contract Tower,6,14,20,0,40,0,0,28,0,28,6,14,48,0,68,12,0,12,80
07/04/2023,BRO,TX,ASW,CE,Federal Contract Tower,6,17,11,0,34,0,0,13,0,13,6,17,24,0,47,4,0,4,51
07/05/2023,BRO,TX,ASW,CE,Federal Contract Tower,12,18,13,8,51,0,0,16,0,16,12,18,29,8,67,0,0,0,67
07/06/2023,BRO,TX,ASW,CE,Federal Contract Tower,9,16,17,4,46,0,0,3,0,3,9,16,20,4,49,0,0,0,49
07/07/2023,BRO,TX,ASW,CE,Federal Contract Tower,14,9,35,2,60,0,0,21,2,23,14,9,56,4,83,12,10,22,105
07/08/2023,BRO,TX,ASW,CE,Federal Contract Tower,19,7,24,16,66,0,0,13,12,25,19,7,37,28,91,0,16,16,107
07/09/2023,BRO,TX,ASW,CE,Federal Contract Tower,12,16,19,0,47,0,0,6,0,6,12,16,25,0,53,0,0,0,53
07/10/2023,BRO,TX,ASW,CE,Federal Contract Tower,13,21,17,22,73,0,0,31,0,31,13,21,48,22,104,0,4,4,108
07/11/2023,BRO,TX,ASW,CE,Federal Contract Tower,12,12,16,8,48,0,2,20,0,22,12,14,36,8,70,0,0,0,70
07/12/2023,BRO,TX,ASW,CE,Federal Contract Tower,16,12,19,24,71,0,0,17,12,29,16,12,36,36,100,9,4,13,113
07/13/2023,BRO,TX,ASW,CE,Federal Contract Tower,13,17,28,14,72,0,1,19,0,20,13,18,47,14,92,0,0,0,92
07/14/2023,BRO,TX,ASW,CE,Federal Contract Tower,22,9,34,10,75,0,0,19,4,23,22,9,53,14,98,10,0,10,108
07/15/2023,BRO,TX,ASW,CE,Federal Contract Tower,18,8,24,0,50,0,11,6,0,17,18,19,30,0,67,2,0,2,69
07/16/2023,BRO,TX,ASW,CE,Federal Contract Tower,12,13,36,1,62,0,0,35,0,35,12,13,71,1,97,18,0,18,115
07/17/2023,BRO,TX,ASW,CE,Federal Contract Tower,13,17,23,13,66,0,0,12,0,12,13,17,35,13,78,0,0,0,78
07/18/2023,BRO,TX,ASW,CE,Federal Contract Tower,9,15,24,11,59,0,0,13,3,16,9,15,37,14,75,0,0,0,75
07/19/2023,BRO,TX,ASW,CE,Federal Contract Tower,14,21,32,7,74,0,0,6,6,12,14,21,38,13,86,0,0,0,86
07/20/2023,BRO,TX,ASW,CE,Federal Contract Tower,11,8,44,4,67,0,2,26,0,28,11,10,70,4,95,0,0,0,95
07/21/2023,BRO,TX,ASW,CE,Federal Contract Tower,12,19,25,12,68,0,2,26,0,28,12,21,51,12,96,14,0,14,110
07/22/2023,BRO,TX,ASW,CE,Federal Contract Tower,14,19,24,2,59,0,0,13,0,13,14,19,37,2,72,2,0,2,74
07/23/2023,BRO,TX,ASW,CE,Federal Contract Tower,10,23,38,4,75,0,0,19,0,19,10,23,57,4,94,0,0,0,94
07/24/2023,BRO,TX,ASW,CE,Federal Contract Tower,9,21,16,0,46,0,0,15,0,15,9,21,31,0,61,0,0,0,61
07/25/2023,BRO,TX,ASW,CE,Federal Contract Tower,7,17,21,12,57,0,2,5,0,7,7,19,26,12,64,0,0,0,64
07/26/2023,BRO,TX,ASW,CE,Federal Contract Tower,13,17,27,7,64,0,0,16,4,20,13,17,43,11,84,8,0,8,92
07/27/2023,BRO,TX,ASW,CE,Federal Contract Tower,15,12,20,4,51,0,0,11,4,15,15,12,31,8,66,0,0,0,66
07/28/2023,BRO,TX,ASW,CE,Federal Contract Tower,15,4,38,1,58,0,0,10,0,10,15,4,48,1,68,0,0,0,68
07/29/2023,BRO,TX,ASW,CE,Federal Contract Tower,12,20,11,2,45,0,0,20,0,20,12,20,31,2,65,22,0,22,87
07/30/2023,BRO,TX,ASW,CE,Federal Contract Tower,15,20,47,0,82,0,0,20,0,20,15,20,67,0,102,0,0,0,102
07/31/2023,BRO,TX,ASW,CE,Federal Contract Tower,11,23,26,2,62,0,0,29,0,29,11,23,55,2,91,12,0,12,103
08/01/2023,BRO,TX,ASW,CE,Federal Contract Tower,7,24,27,14,72,0,0,22,0,22,7,24,49,14,94,10,0,10,104
08/02/2023,BRO,TX,ASW,CE,Federal Contract Tower,14,13,16,6,49,0,0,21,4,25,14,13,37,10,74,0,0,0,74
08/03/2023,BRO,TX,ASW,CE,Federal Contract Tower,11,15,23,4,53,0,0,20,4,24,11,15,43,8,77,20,0,20,97
08/04/2023,BRO,TX,ASW,CE,Federal Contract Tower,14,18,42,0,74,0,0,8,0,8,14,18,50,0,82,6,0,6,88
08/05/2023,BRO,TX,ASW,CE,Federal Contract Tower,18,9,28,2,57,0,0,12,0,12,18,9,40,2,69,0,0,0,69
08/06/2023,BRO,TX,ASW,CE,Federal Contract Tower,12,21,37,0,70,0,0,14,0,14,12,21,51,0,84,0,0,0,84
08/07/2023,BRO,TX,ASW,CE,Federal Contract Tower,10,23,17,8,58,0,0,14,0,14,10,23,31,8,72,12,0,12,84
08/08/2023,BRO,TX,ASW,CE,Federal Contract Tower,10,14,16,22,62,0,0,11,0,11,10,14,27,22,73,0,0,0,73
08/09/2023,BRO,TX,ASW,CE,Federal Contract Tower,14,17,18,0,49,0,0,13,4,17,14,17,31,4,66,28,0,28,94
08/10/2023,BRO,TX,ASW,CE,Federal Contract Tower,9,10,18,6,43,0,0,14,4,18,9,10,32,10,61,18,0,18,79
08/11/2023,BRO,TX,ASW,CE,Federal Contract Tower,13,12,16,2,43,0,0,16,2,18,13,12,32,4,61,30,0,30,91
08/12/2023,BRO,TX,ASW,CE,Federal Contract Tower,19,8,12,8,47,0,0,14,6,20,19,8,26,14,67,6,0,6,73
08/13/2023,BRO,TX,ASW,CE,Federal Contract Tower,10,15,47,6,78,0,0,15,0,15,10,15,62,6,93,7,0,7,100
08/14/2023,BRO,TX,ASW,CE,Federal Contract Tower,10,17,7,4,38,0,0,11,0,11,10,17,18,4,49,0,0,0,49
08/15/2023,BRO,TX,ASW,CE,Federal Contract Tower,7,15,22,0,44,0,0,6,0,6,7,15,28,0,50,4,0,4,54
08/16/2023,BRO,TX,ASW,CE,Federal Contract Tower,14,12,17,0,43,0,0,14,0,14,14,12,31,0,57,0,0,0,57
08/17/2023,BRO,TX,ASW,CE,Federal Contract Tower,10,13,19,2,44,0,1,13,0,14,10,14,32,2,58,0,0,0,58
08/18/2023,BRO,TX,ASW,CE,Federal Contract Tower,10,18,21,8,57,0,0,17,0,17,10,18,38,8,74,0,0,0,74
08/19/2023,BRO,TX,ASW,CE,Federal Contract Tower,9,23,18,0,50,0,1,21,0,22,9,24,39,0,72,0,0,0,72
08/20/2023,BRO,TX,ASW,CE,Federal Contract Tower,7,20,23,2,52,0,0,10,1,11,7,20,33,3,63,0,0,0,63
08/21/2023,BRO,TX,ASW,CE,Federal Contract Tower,9,13,14,0,36,0,0,5,0,5,9,13,19,0,41,0,0,0,41
08/22/2023,BRO,TX,ASW,CE,Federal Contract Tower,10,13,11,0,34,0,0,4,0,4,10,13,15,0,38,0,0,0,38
08/23/2023,BRO,TX,ASW,CE,Federal Contract Tower,11,10,15,0,36,0,0,4,0,4,11,10,19,0,40,0,0,0,40
08/24/2023,BRO,TX,ASW,CE,Federal Contract Tower,10,12,15,0,37,0,4,17,0,21,10,16,32,0,58,22,0,22,80
08/25/2023,BRO,TX,ASW,CE,Federal Contract Tower,13,8,15,0,36,0,0,20,0,20,13,8,35,0,56,6,0,6,62
08/26/2023,BRO,TX,ASW,CE,Federal Contract Tower,9,18,1,0,28,0,0,10,2,12,9,18,11,2,40,12,0,12,52
08/27/2023,BRO,TX,ASW,CE,Federal Contract Tower,7,12,26,6,51,0,0,21,0,21,7,12,47,6,72,8,0,8,80
08/28/2023,BRO,TX,ASW,CE,Federal Contract Tower,10,15,18,8,51,0,0,12,0,12,10,15,30,8,63,6,0,6,69
08/29/2023,BRO,TX,ASW,CE,Federal Contract Tower,8,13,17,0,38,0,1,19,0,20,8,14,36,0,58,28,0,28,86
08/30/2023,BRO,TX,ASW,CE,Federal Contract Tower,14,12,15,0,41,0,1,29,0,30,14,13,44,0,71,28,0,28,99
08/31/2023,BRO,TX,ASW,CE,Federal Contract Tower,8,18,15,3,44,0,1,34,0,35,8,19,49,3,79,20,0,20,99
