01/01/2000,BTL,MI,AGL,CE,Federal Contract Tower,0,0,6,0,6,0,0,18,0,18,0,0,24,0,24,36,0,36,60
01/02/2000,BTL,MI,AGL,CE,Federal Contract Tower,0,0,6,0,6,0,0,9,0,9,0,0,15,0,15,20,0,20,35
01/03/2000,BTL,MI,AGL,CE,Federal Contract Tower,0,0,4,0,4,0,0,1,0,1,0,0,5,0,5,0,0,0,5
01/04/2000,BTL,MI,AGL,CE,Federal Contract Tower,0,0,12,0,12,0,0,11,0,11,0,0,23,0,23,0,0,0,23
01/05/2000,BTL,MI,AGL,CE,Federal Contract Tower,0,0,28,0,28,0,0,61,0,61,0,0,89,0,89,110,0,110,199
01/06/2000,BTL,MI,AGL,CE,Federal Contract Tower,0,0,52,8,60,0,0,153,25,178,0,0,205,33,238,314,10,324,562
01/07/2000,BTL,MI,AGL,CE,Federal Contract Tower,0,2,40,6,48,0,0,35,3,38,0,2,75,9,86,90,0,90,176
01/08/2000,BTL,MI,AGL,CE,Federal Contract Tower,0,0,25,4,29,0,0,43,28,71,0,0,68,32,100,81,4,85,185
01/09/2000,BTL,MI,AGL,CE,Federal Contract Tower,0,0,7,0,7,0,0,4,0,4,0,0,11,0,11,0,0,0,11
01/10/2000,BTL,MI,AGL,CE,Federal Contract Tower,0,2,55,7,64,0,0,31,0,31,0,2,86,7,95,30,20,50,145
01/11/2000,BTL,MI,AGL,CE,Federal Contract Tower,0,0,30,5,35,0,0,5,15,20,0,0,35,20,55,42,0,42,97
01/12/2000,BTL,MI,AGL,CE,Federal Contract Tower,0,0,75,12,87,0,0,183,6,189,0,0,258,18,276,254,0,254,530
01/13/2000,BTL,MI,AGL,CE,Federal Contract Tower,0,2,49,5,56,0,0,44,0,44,0,2,93,5,100,112,16,128,228
01/14/2000,BTL,MI,AGL,CE,Federal Contract Tower,0,0,77,0,77,0,0,143,0,143,0,0,220,0,220,238,0,238,458
01/15/2000,BTL,MI,AGL,CE,Federal Contract Tower,0,0,29,0,29,0,2,107,0,109,0,2,136,0,138,223,0,223,361
01/16/2000,BTL,MI,AGL,CE,Federal Contract Tower,0,0,8,0,8,0,1,14,0,15,0,1,22,0,23,34,0,34,57
01/17/2000,BTL,MI,AGL,CE,Federal Contract Tower,0,0,12,0,12,0,0,27,0,27,0,0,39,0,39,4,0,4,43
01/18/2000,BTL,MI,AGL,CE,Federal Contract Tower,0,0,41,7,48,0,0,0,12,12,0,0,41,19,60,6,0,6,66
01/19/2000,BTL,MI,AGL,CE,Federal Contract Tower,0,1,66,10,77,0,4,164,2,170,0,5,230,12,247,168,4,172,419
01/20/2000,BTL,MI,AGL,CE,Federal Contract Tower,0,0,49,7,56,0,0,92,10,102,0,0,141,17,158,96,0,96,254
01/21/2000,BTL,MI,AGL,CE,Federal Contract Tower,0,0,36,3,39,0,8,79,0,87,0,8,115,3,126,66,0,66,192
01/22/2000,BTL,MI,AGL,CE,Federal Contract Tower,0,0,17,2,19,0,0,5,5,10,0,0,22,7,29,2,0,2,31
01/23/2000,BTL,MI,AGL,CE,Federal Contract Tower,0,0,7,2,9,0,1,0,7,8,0,1,7,9,17,0,2,2,19
01/24/2000,BTL,MI,AGL,CE,Federal Contract Tower,0,0,85,12,97,0,0,147,0,147,0,0,232,12,244,194,0,194,438
01/25/2000,BTL,MI,AGL,CE,Federal Contract Tower,0,1,78,12,91,0,0,66,1,67,0,1,144,13,158,182,0,182,340
01/26/2000,BTL,MI,AGL,CE,Federal Contract Tower,0,1,60,9,70,0,3,232,5,240,0,4,292,14,310,206,0,206,516
01/27/2000,BTL,MI,AGL,CE,Federal Contract Tower,0,1,41,6,48,0,1,135,9,145,0,2,176,15,193,68,2,70,263
01/28/2000,BTL,MI,AGL,CE,Federal Contract Tower,0,1,42,6,49,0,2,161,15,178,0,3,203,21,227,115,6,121,348
01/29/2000,BTL,MI,AGL,CE,Federal Contract Tower,0,0,12,0,12,0,1,119,0,120,0,1,131,0,132,186,0,186,318
01/30/2000,BTL,MI,AGL,CE,Federal Contract Tower,0,0,5,1,6,0,0,0,0,0,0,0,5,1,6,8,0,8,14
01/31/2000,BTL,MI,AGL,CE,Federal Contract Tower,0,1,58,0,59,0,1,88,0,89,0,2,146,0,148,94,0,94,242
02/01/2000,BTL,MI,AGL,CE,Federal Contract Tower,0,2,58,5,65,0,2,81,7,90,0,4,139,12,155,213,8,221,376
02/02/2000,BTL,MI,AGL,CE,Federal Contract Tower,0,3,62,5,70,0,0,140,11,151,0,3,202,16,221,193,6,199,420
02/03/2000,BTL,MI,AGL,CE,Federal Contract Tower,0,2,29,3,34,0,1,0,8,9,0,3,29,11,43,6,0,6,49
02/04/2000,BTL,MI,AGL,CE,Federal Contract Tower,0,2,32,2,36,1,4,8,0,13,1,6,40,2,49,0,0,0,49
02/05/2000,BTL,MI,AGL,CE,Federal Contract Tower,0,0,19,1,20,0,0,72,0,72,0,0,91,1,92,52,0,52,144
02/06/2000,BTL,MI,AGL,CE,Federal Contract Tower,0,0,14,1,15,0,0,36,3,39,0,0,50,4,54,28,2,30,84
02/07/2000,BTL,MI,AGL,CE,Federal Contract Tower,0,2,58,5,65,0,0,135,4,139,0,2,193,9,204,172,6,178,382
02/08/2000,BTL,MI,AGL,CE,Federal Contract Tower,0,3,67,6,76,0,2,193,19,214,0,5,260,25,290,166,0,166,456
02/09/2000,BTL,MI,AGL,CE,Federal Contract Tower,0,4,81,6,91,0,3,188,16,207,0,7,269,22,298,362,0,362,660
02/10/2000,BTL,MI,AGL,CE,Federal Contract Tower,0,3,68,0,71,0,1,19,0,20,0,4,87,0,91,60,0,60,151
02/11/2000,BTL,MI,AGL,CE,Federal Contract Tower,0,2,50,4,56,0,0,126,7,133,0,2,176,11,189,190,8,198,387
02/12/2000,BTL,MI,AGL,CE,Federal Contract Tower,0,0,16,0,16,0,0,153,0,153,0,0,169,0,169,150,0,150,319
02/13/2000,BTL,MI,AGL,CE,Federal Contract Tower,0,1,9,0,10,0,1,1,0,2,0,2,10,0,12,18,0,18,30
02/14/2000,BTL,MI,AGL,CE,Federal Contract Tower,0,2,42,4,48,0,2,53,2,57,0,4,95,6,105,162,0,162,267
02/15/2000,BTL,MI,AGL,CE,Federal Contract Tower,0,5,105,6,116,0,2,82,0,84,0,7,187,6,200,151,0,151,351
02/16/2000,BTL,MI,AGL,CE,Federal Contract Tower,0,1,64,6,71,0,0,88,10,98,0,1,152,16,169,176,0,176,345
02/17/2000,BTL,MI,AGL,CE,Federal Contract Tower,0,3,81,7,91,0,0,195,7,202,0,3,276,14,293,198,0,198,491
02/18/2000,BTL,MI,AGL,CE,Federal Contract Tower,0,0,14,2,16,0,3,1,1,5,0,3,15,3,21,0,0,0,21
02/19/2000,BTL,MI,AGL,CE,Federal Contract Tower,0,0,21,1,22,0,0,31,0,31,0,0,52,1,53,89,0,89,142
02/20/2000,BTL,MI,AGL,CE,Federal Contract Tower,0,0,7,0,7,0,0,11,0,11,0,0,18,0,18,74,0,74,92
02/21/2000,BTL,MI,AGL,CE,Federal Contract Tower,0,0,77,0,77,0,0,182,0,182,0,0,259,0,259,206,0,206,465
02/22/2000,BTL,MI,AGL,CE,Federal Contract Tower,0,0,71,6,77,0,0,154,7,161,0,0,225,13,238,274,2,276,514
02/23/2000,BTL,MI,AGL,CE,Federal Contract Tower,0,0,86,7,93,0,0,185,15,200,0,0,271,22,293,228,2,230,523
02/24/2000,BTL,MI,AGL,CE,Federal Contract Tower,0,0,62,0,62,0,0,17,0,17,0,0,79,0,79,36,0,36,115
02/25/2000,BTL,MI,AGL,CE,Federal Contract Tower,0,0,36,0,36,0,0,30,0,30,0,0,66,0,66,72,0,72,138
02/26/2000,BTL,MI,AGL,CE,Federal Contract Tower,0,0,10,0,10,0,0,18,0,18,0,0,28,0,28,34,0,34,62
02/27/2000,BTL,MI,AGL,CE,Federal Contract Tower,0,0,13,0,13,0,1,4,0,5,0,1,17,0,18,4,0,4,22
02/28/2000,BTL,MI,AGL,CE,Federal Contract Tower,0,0,52,0,52,0,0,262,0,262,0,0,314,0,314,241,0,241,555
02/29/2000,BTL,MI,AGL,CE,Federal Contract Tower,0,0,64,5,69,0,0,137,12,149,0,0,201,17,218,174,8,182,400
03/01/2000,BTL,MI,AGL,CE,Federal Contract Tower,0,1,38,2,41,0,0,9,14,23,0,1,47,16,64,26,4,30,94
03/02/2000,BTL,MI,AGL,CE,Federal Contract Tower,0,2,52,0,54,0,2,170,0,172,0,4,222,0,226,232,0,232,458
03/03/2000,BTL,MI,AGL,CE,Federal Contract Tower,0,1,45,2,48,0,0,188,0,188,0,1,233,2,236,268,0,268,504
03/04/2000,BTL,MI,AGL,CE,Federal Contract Tower,0,0,19,1,20,0,0,122,2,124,0,0,141,3,144,168,0,168,312
03/05/2000,BTL,MI,AGL,CE,Federal Contract Tower,0,0,9,0,9,0,0,68,4,72,0,0,77,4,81,40,0,40,121
03/06/2000,BTL,MI,AGL,CE,Federal Contract Tower,0,2,72,0,74,0,0,231,0,231,0,2,303,0,305,242,0,242,547
03/07/2000,BTL,MI,AGL,CE,Federal Contract Tower,0,1,68,0,69,0,0,213,0,213,0,1,281,0,282,204,0,204,486
03/08/2000,BTL,MI,AGL,CE,Federal Contract Tower,0,0,64,0,64,0,0,208,0,208,0,0,272,0,272,208,0,208,480
03/09/2000,BTL,MI,AGL,CE,Federal Contract Tower,0,1,25,0,26,0,0,21,0,21,0,1,46,0,47,28,0,28,75
03/10/2000,BTL,MI,AGL,CE,Federal Contract Tower,0,0,23,0,23,0,0,15,0,15,0,0,38,0,38,116,0,116,154
03/11/2000,BTL,MI,AGL,CE,Federal Contract Tower,0,1,14,0,15,0,0,94,102,196,0,1,108,102,211,0,0,0,211
03/12/2000,BTL,MI,AGL,CE,Federal Contract Tower,0,0,11,0,11,0,0,74,3,77,0,0,85,3,88,76,0,76,164
03/13/2000,BTL,MI,AGL,CE,Federal Contract Tower,0,0,30,0,30,0,0,31,0,31,0,0,61,0,61,66,0,66,127
03/14/2000,BTL,MI,AGL,CE,Federal Contract Tower,0,2,67,5,74,0,0,154,211,365,0,2,221,216,439,0,0,0,439
03/15/2000,BTL,MI,AGL,CE,Federal Contract Tower,0,0,61,0,61,0,0,114,0,114,0,0,175,0,175,179,0,179,354
03/16/2000,BTL,MI,AGL,CE,Federal Contract Tower,0,1,36,0,37,0,3,183,0,186,0,4,219,0,223,357,0,357,580
03/17/2000,BTL,MI,AGL,CE,Federal Contract Tower,0,0,16,2,18,0,0,234,0,234,0,0,250,2,252,232,4,236,488
03/18/2000,BTL,MI,AGL,CE,Federal Contract Tower,0,0,17,2,19,0,0,170,13,183,0,0,187,15,202,170,0,170,372
03/19/2000,BTL,MI,AGL,CE,Federal Contract Tower,0,0,7,0,7,0,2,10,2,14,0,2,17,2,21,40,0,40,61
03/20/2000,BTL,MI,AGL,CE,Federal Contract Tower,0,0,84,0,84,0,0,7,0,7,0,0,91,0,91,4,0,4,95
03/21/2000,BTL,MI,AGL,CE,Federal Contract Tower,0,1,105,2,108,0,0,54,0,54,0,1,159,2,162,122,0,122,284
03/22/2000,BTL,MI,AGL,CE,Federal Contract Tower,0,2,84,5,91,0,1,34,10,45,0,3,118,15,136,82,0,82,218
03/23/2000,BTL,MI,AGL,CE,Federal Contract Tower,0,1,55,3,59,0,5,174,14,193,0,6,229,17,252,212,4,216,468
03/24/2000,BTL,MI,AGL,CE,Federal Contract Tower,0,1,42,2,45,0,1,165,10,176,0,2,207,12,221,142,0,142,363
03/25/2000,BTL,MI,AGL,CE,Federal Contract Tower,0,0,7,0,7,0,2,46,0,48,0,2,53,0,55,74,0,74,129
03/26/2000,BTL,MI,AGL,CE,Federal Contract Tower,0,0,5,0,5,0,0,72,0,72,0,0,77,0,77,20,0,20,97
03/27/2000,BTL,MI,AGL,CE,Federal Contract Tower,0,0,17,0,17,0,3,139,0,142,0,3,156,0,159,109,0,109,268
03/28/2000,BTL,MI,AGL,CE,Federal Contract Tower,0,1,35,2,38,0,0,16,4,20,0,1,51,6,58,30,0,30,88
03/29/2000,BTL,MI,AGL,CE,Federal Contract Tower,0,1,49,3,53,0,0,109,1,110,0,1,158,4,163,270,0,270,433
03/30/2000,BTL,MI,AGL,CE,Federal Contract Tower,0,1,36,2,39,0,1,253,16,270,0,2,289,18,309,226,0,226,535
03/31/2000,BTL,MI,AGL,CE,Federal Contract Tower,0,1,34,2,37,0,1,295,10,306,0,2,329,12,343,217,10,227,570
04/01/2000,BTL,MI,AGL,CE,Federal Contract Tower,0,0,11,3,14,0,0,98,12,110,0,0,109,15,124,168,8,176,300
04/02/2000,BTL,MI,AGL,CE,Federal Contract Tower,0,0,7,1,8,0,1,14,0,15,0,1,21,1,23,12,0,12,35
04/03/2000,BTL,MI,AGL,CE,Federal Contract Tower,0,1,32,0,33,0,0,80,0,80,0,1,112,0,113,146,0,146,259
04/04/2000,BTL,MI,AGL,CE,Federal Contract Tower,0,2,41,8,51,0,1,52,23,76,0,3,93,31,127,64,18,82,209
04/05/2000,BTL,MI,AGL,CE,Federal Contract Tower,0,1,23,5,29,0,0,274,12,286,0,1,297,17,315,219,0,219,534
04/06/2000,BTL,MI,AGL,CE,Federal Contract Tower,0,2,34,7,43,0,3,3,20,26,0,5,37,27,69,12,18,30,99
04/07/2000,BTL,MI,AGL,CE,Federal Contract Tower,0,1,23,4,28,0,0,98,12,110,0,1,121,16,138,134,8,142,280
04/08/2000,BTL,MI,AGL,CE,Federal Contract Tower,0,1,0,0,1,0,0,29,0,29,0,1,29,0,30,12,0,12,42
04/09/2000,BTL,MI,AGL,CE,Federal Contract Tower,0,1,3,0,4,0,2,10,1,13,0,3,13,1,17,12,0,12,29
04/10/2000,BTL,MI,AGL,CE,Federal Contract Tower,0,0,29,0,29,0,0,244,0,244,0,0,273,0,273,276,0,276,549
04/11/2000,BTL,MI,AGL,CE,Federal Contract Tower,0,0,14,4,18,0,0,0,13,13,0,0,14,17,31,0,0,0,31
04/12/2000,BTL,MI,AGL,CE,Federal Contract Tower,0,0,47,10,57,0,0,189,11,200,0,0,236,21,257,201,4,205,462
04/13/2000,BTL,MI,AGL,CE,Federal Contract Tower,0,2,33,6,41,0,2,233,8,243,0,4,266,14,284,206,0,206,490
04/14/2000,BTL,MI,AGL,CE,Federal Contract Tower,0,0,13,2,15,0,0,263,9,272,0,0,276,11,287,186,6,192,479
04/15/2000,BTL,MI,AGL,CE,Federal Contract Tower,0,0,6,0,6,0,0,65,0,65,0,0,71,0,71,147,0,147,218
04/16/2000,BTL,MI,AGL,CE,Federal Contract Tower,0,0,8,1,9,0,0,48,1,49,0,0,56,2,58,68,0,68,126
04/17/2000,BTL,MI,AGL,CE,Federal Contract Tower,0,1,40,0,41,1,2,64,0,67,1,3,104,0,108,156,0,156,264
04/18/2000,BTL,MI,AGL,CE,Federal Contract Tower,0,3,82,17,102,3,0,158,0,161,3,3,240,17,263,198,10,208,471
04/19/2000,BTL,MI,AGL,CE,Federal Contract Tower,0,0,61,12,73,0,0,42,10,52,0,0,103,22,125,104,6,110,235
04/20/2000,BTL,MI,AGL,CE,Federal Contract Tower,0,0,13,0,13,0,0,4,0,4,0,0,17,0,17,0,0,0,17
04/21/2000,BTL,MI,AGL,CE,Federal Contract Tower,0,0,34,7,41,0,0,0,2,2,0,0,34,9,43,0,0,0,43
04/22/2000,BTL,MI,AGL,CE,Federal Contract Tower,0,0,8,2,10,0,0,138,0,138,0,0,146,2,148,96,0,96,244
04/23/2000,BTL,MI,AGL,CE,Federal Contract Tower,0,0,5,0,5,0,0,41,0,41,0,0,46,0,46,10,0,10,56
04/24/2000,BTL,MI,AGL,CE,Federal Contract Tower,0,0,19,0,19,0,1,184,0,185,0,1,203,0,204,194,0,194,398
04/25/2000,BTL,MI,AGL,CE,Federal Contract Tower,0,0,32,7,39,0,0,242,14,256,0,0,274,21,295,236,2,238,533
04/26/2000,BTL,MI,AGL,CE,Federal Contract Tower,0,0,23,4,27,0,0,257,16,273,0,0,280,20,300,240,6,246,546
04/27/2000,BTL,MI,AGL,CE,Federal Contract Tower,0,1,33,7,41,0,3,221,11,235,0,4,254,18,276,332,0,332,608
04/28/2000,BTL,MI,AGL,CE,Federal Contract Tower,0,2,42,8,52,0,5,194,6,205,0,7,236,14,257,224,6,230,487
04/29/2000,BTL,MI,AGL,CE,Federal Contract Tower,0,0,9,0,9,0,2,155,0,157,0,2,164,0,166,174,0,174,340
04/30/2000,BTL,MI,AGL,CE,Federal Contract Tower,0,0,8,0,8,0,1,98,0,99,0,1,106,0,107,24,0,24,131
05/01/2000,BTL,MI,AGL,CE,Federal Contract Tower,0,0,39,0,39,0,0,27,0,27,0,0,66,0,66,36,0,36,102
05/02/2000,BTL,MI,AGL,CE,Federal Contract Tower,0,2,28,4,34,0,3,228,18,249,0,5,256,22,283,197,6,203,486
05/03/2000,BTL,MI,AGL,CE,Federal Contract Tower,0,0,44,6,50,0,0,249,21,270,0,0,293,27,320,232,6,238,558
05/04/2000,BTL,MI,AGL,CE,Federal Contract Tower,0,3,43,6,52,0,1,198,30,229,0,4,241,36,281,160,4,164,445
05/05/2000,BTL,MI,AGL,CE,Federal Contract Tower,0,2,26,4,32,0,3,194,10,207,0,5,220,14,239,268,0,268,507
05/06/2000,BTL,MI,AGL,CE,Federal Contract Tower,0,0,10,1,11,0,0,127,27,154,0,0,137,28,165,110,26,136,301
05/07/2000,BTL,MI,AGL,CE,Federal Contract Tower,0,0,15,2,17,0,0,39,14,53,0,0,54,16,70,28,6,34,104
05/08/2000,BTL,MI,AGL,CE,Federal Contract Tower,0,0,55,1,56,0,0,100,0,100,0,0,155,1,156,126,2,128,284
05/09/2000,BTL,MI,AGL,CE,Federal Contract Tower,0,0,46,7,53,0,0,16,1,17,0,0,62,8,70,68,2,70,140
05/10/2000,BTL,MI,AGL,CE,Federal Contract Tower,0,1,54,7,62,0,0,201,8,209,0,1,255,15,271,130,0,130,401
05/11/2000,BTL,MI,AGL,CE,Federal Contract Tower,0,2,30,4,36,0,0,157,0,157,0,2,187,4,193,126,6,132,325
05/12/2000,BTL,MI,AGL,CE,Federal Contract Tower,0,1,66,8,75,0,0,19,0,19,0,1,85,8,94,10,0,10,104
05/13/2000,BTL,MI,AGL,CE,Federal Contract Tower,0,0,2,0,2,0,0,55,0,55,0,0,57,0,57,20,4,24,81
05/14/2000,BTL,MI,AGL,CE,Federal Contract Tower,0,1,1,0,2,0,2,15,0,17,0,3,16,0,19,0,0,0,19
05/15/2000,BTL,MI,AGL,CE,Federal Contract Tower,0,1,28,0,29,0,4,275,0,279,0,5,303,0,308,230,0,230,538
05/16/2000,BTL,MI,AGL,CE,Federal Contract Tower,0,2,88,12,102,0,0,62,17,79,0,2,150,29,181,100,3,103,284
05/17/2000,BTL,MI,AGL,CE,Federal Contract Tower,0,2,37,5,44,0,0,200,12,212,0,2,237,17,256,244,2,246,502
05/18/2000,BTL,MI,AGL,CE,Federal Contract Tower,0,2,33,5,40,0,4,0,9,13,0,6,33,14,53,6,0,6,59
05/19/2000,BTL,MI,AGL,CE,Federal Contract Tower,0,1,41,6,48,0,0,21,2,23,0,1,62,8,71,0,0,0,71
05/20/2000,BTL,MI,AGL,CE,Federal Contract Tower,0,0,14,2,16,0,1,272,1,274,0,1,286,3,290,120,0,120,410
05/21/2000,BTL,MI,AGL,CE,Federal Contract Tower,0,0,12,0,12,0,2,85,0,87,0,2,97,0,99,67,0,67,166
05/22/2000,BTL,MI,AGL,CE,Federal Contract Tower,0,0,41,0,41,0,0,173,0,173,0,0,214,0,214,160,0,160,374
05/23/2000,BTL,MI,AGL,CE,Federal Contract Tower,0,3,56,8,67,0,0,229,13,242,0,3,285,21,309,190,0,190,499
05/24/2000,BTL,MI,AGL,CE,Federal Contract Tower,0,2,36,5,43,0,3,231,12,246,0,5,267,17,289,82,4,86,375
05/25/2000,BTL,MI,AGL,CE,Federal Contract Tower,0,1,30,4,35,0,2,131,12,145,0,3,161,16,180,50,14,64,244
05/26/2000,BTL,MI,AGL,CE,Federal Contract Tower,0,1,19,2,22,0,0,227,2,229,0,1,246,4,251,170,8,178,429
05/27/2000,BTL,MI,AGL,CE,Federal Contract Tower,0,0,9,1,10,0,1,6,0,7,0,1,15,1,17,28,0,28,45
05/28/2000,BTL,MI,AGL,CE,Federal Contract Tower,0,0,9,1,10,0,1,2,4,7,0,1,11,5,17,0,4,4,21
05/29/2000,BTL,MI,AGL,CE,Federal Contract Tower,0,0,4,0,4,0,0,79,5,84,0,0,83,5,88,49,0,49,137
05/30/2000,BTL,MI,AGL,CE,Federal Contract Tower,0,3,53,7,63,1,4,160,1,166,1,7,213,8,229,200,4,204,433
05/31/2000,BTL,MI,AGL,CE,Federal Contract Tower,0,2,60,5,67,0,0,94,0,94,0,2,154,5,161,203,0,203,364
06/01/2000,BTL,MI,AGL,CE,Federal Contract Tower,0,1,22,4,27,0,1,224,6,231,0,2,246,10,258,185,0,185,443
06/02/2000,BTL,MI,AGL,CE,Federal Contract Tower,0,2,47,8,57,0,0,101,1,102,0,2,148,9,159,103,2,105,264
06/03/2000,BTL,MI,AGL,CE,Federal Contract Tower,0,0,21,3,24,0,0,154,7,161,0,0,175,10,185,157,13,170,355
06/04/2000,BTL,MI,AGL,CE,Federal Contract Tower,0,1,7,1,9,0,0,51,5,56,0,1,58,6,65,60,0,60,125
06/05/2000,BTL,MI,AGL,CE,Federal Contract Tower,0,2,54,0,56,0,0,96,0,96,0,2,150,0,152,116,0,116,268
06/06/2000,BTL,MI,AGL,CE,Federal Contract Tower,0,1,29,5,35,0,0,269,14,283,0,1,298,19,318,190,18,208,526
06/07/2000,BTL,MI,AGL,CE,Federal Contract Tower,0,2,16,2,20,2,2,260,6,270,2,4,276,8,290,191,2,193,483
06/08/2000,BTL,MI,AGL,CE,Federal Contract Tower,0,0,25,3,28,0,0,311,3,314,0,0,336,6,342,228,0,228,570
06/09/2000,BTL,MI,AGL,CE,Federal Contract Tower,0,0,30,5,35,0,0,248,4,252,0,0,278,9,287,182,3,185,472
06/10/2000,BTL,MI,AGL,CE,Federal Contract Tower,0,0,8,0,8,1,0,140,0,141,1,0,148,0,149,76,0,76,225
06/11/2000,BTL,MI,AGL,CE,Federal Contract Tower,0,0,3,0,3,0,0,9,0,9,0,0,12,0,12,6,0,6,18
06/12/2000,BTL,MI,AGL,CE,Federal Contract Tower,0,2,18,0,20,0,0,3,0,3,0,2,21,0,23,0,0,0,23
06/13/2000,BTL,MI,AGL,CE,Federal Contract Tower,0,4,76,8,88,0,0,67,0,67,0,4,143,8,155,335,0,335,490
06/14/2000,BTL,MI,AGL,CE,Federal Contract Tower,0,3,29,0,32,0,1,158,0,159,0,4,187,0,191,78,0,78,269
06/15/2000,BTL,MI,AGL,CE,Federal Contract Tower,0,5,58,9,72,0,3,213,8,224,0,8,271,17,296,254,0,254,550
06/16/2000,BTL,MI,AGL,CE,Federal Contract Tower,0,2,34,7,43,0,5,83,5,93,0,7,117,12,136,86,64,150,286
06/17/2000,BTL,MI,AGL,CE,Federal Contract Tower,0,0,6,1,7,0,0,202,1,203,0,0,208,2,210,180,0,180,390
06/18/2000,BTL,MI,AGL,CE,Federal Contract Tower,0,0,4,0,4,0,1,67,0,68,0,1,71,0,72,28,0,28,100
06/19/2000,BTL,MI,AGL,CE,Federal Contract Tower,0,1,16,2,19,0,1,193,0,194,0,2,209,2,213,262,4,266,479
06/20/2000,BTL,MI,AGL,CE,Federal Contract Tower,0,3,42,6,51,0,0,71,14,85,0,3,113,20,136,56,0,56,192
06/21/2000,BTL,MI,AGL,CE,Federal Contract Tower,0,2,37,6,45,0,2,146,21,169,0,4,183,27,214,45,2,47,261
06/22/2000,BTL,MI,AGL,CE,Federal Contract Tower,0,3,39,6,48,0,2,225,12,239,0,5,264,18,287,182,1,183,470
06/23/2000,BTL,MI,AGL,CE,Federal Contract Tower,0,1,22,3,26,0,9,255,12,276,0,10,277,15,302,304,0,304,606
06/24/2000,BTL,MI,AGL,CE,Federal Contract Tower,0,1,16,0,17,0,2,100,0,102,0,3,116,0,119,98,0,98,217
06/25/2000,BTL,MI,AGL,CE,Federal Contract Tower,0,0,4,0,4,0,0,23,0,23,0,0,27,0,27,12,0,12,39
06/26/2000,BTL,MI,AGL,CE,Federal Contract Tower,0,2,32,2,36,0,4,133,0,137,0,6,165,2,173,123,4,127,300
06/27/2000,BTL,MI,AGL,CE,Federal Contract Tower,0,1,24,4,29,0,2,235,14,251,0,3,259,18,280,136,0,136,416
06/28/2000,BTL,MI,AGL,CE,Federal Contract Tower,0,0,39,5,44,0,0,296,21,317,0,0,335,26,361,180,2,182,543
06/29/2000,BTL,MI,AGL,CE,Federal Contract Tower,0,2,30,4,36,0,2,206,13,221,0,4,236,17,257,132,4,136,393
06/30/2000,BTL,MI,AGL,CE,Federal Contract Tower,0,0,12,2,14,0,0,233,3,236,0,0,245,5,250,121,0,121,371
07/01/2000,BTL,MI,AGL,CE,Federal Contract Tower,0,0,5,1,6,0,0,294,7,301,0,0,299,8,307,90,4,94,401
07/02/2000,BTL,MI,AGL,CE,Federal Contract Tower,0,0,4,0,4,0,2,73,8,83,0,2,77,8,87,42,0,42,129
07/03/2000,BTL,MI,AGL,CE,Federal Contract Tower,0,0,15,5,20,0,0,77,11,88,0,0,92,16,108,22,4,26,134
07/04/2000,BTL,MI,AGL,CE,Federal Contract Tower,0,0,6,2,8,0,0,236,8,244,0,0,242,10,252,28,22,50,302
07/05/2000,BTL,MI,AGL,CE,Federal Contract Tower,0,0,21,5,26,0,0,141,28,169,0,0,162,33,195,106,0,106,301
07/06/2000,BTL,MI,AGL,CE,Federal Contract Tower,0,0,24,5,29,0,0,142,38,180,0,0,166,43,209,96,8,104,313
07/07/2000,BTL,MI,AGL,CE,Federal Contract Tower,0,1,15,2,18,0,1,348,20,369,0,2,363,22,387,217,4,221,608
07/08/2000,BTL,MI,AGL,CE,Federal Contract Tower,0,0,12,2,14,0,2,63,2,67,0,2,75,4,81,0,0,0,81
07/09/2000,BTL,MI,AGL,CE,Federal Contract Tower,0,2,18,0,20,0,3,36,0,39,0,5,54,0,59,26,0,26,85
07/10/2000,BTL,MI,AGL,CE,Federal Contract Tower,0,2,32,1,35,0,4,57,0,61,0,6,89,1,96,102,0,102,198
07/11/2000,BTL,MI,AGL,CE,Federal Contract Tower,0,0,29,7,36,0,0,247,10,257,0,0,276,17,293,105,6,111,404
07/12/2000,BTL,MI,AGL,CE,Federal Contract Tower,0,2,22,5,29,0,0,284,16,300,0,2,306,21,329,162,6,168,497
07/13/2000,BTL,MI,AGL,CE,Federal Contract Tower,0,0,15,4,19,0,0,229,6,235,0,0,244,10,254,136,2,138,392
07/14/2000,BTL,MI,AGL,CE,Federal Contract Tower,0,2,26,6,34,0,0,178,10,188,0,2,204,16,222,79,4,83,305
07/15/2000,BTL,MI,AGL,CE,Federal Contract Tower,0,0,19,0,19,0,0,73,0,73,0,0,92,0,92,88,0,88,180
07/16/2000,BTL,MI,AGL,CE,Federal Contract Tower,0,0,3,0,3,0,0,66,0,66,0,0,69,0,69,52,0,52,121
07/17/2000,BTL,MI,AGL,CE,Federal Contract Tower,0,2,44,9,55,0,0,139,138,277,0,2,183,147,332,2,0,2,334
07/18/2000,BTL,MI,AGL,CE,Federal Contract Tower,0,2,38,8,48,0,0,264,20,284,0,2,302,28,332,211,10,221,553
07/19/2000,BTL,MI,AGL,CE,Federal Contract Tower,0,2,36,7,45,0,3,310,16,329,0,5,346,23,374,270,2,272,646
07/20/2000,BTL,MI,AGL,CE,Federal Contract Tower,0,1,26,6,33,0,2,269,3,274,0,3,295,9,307,238,2,240,547
07/21/2000,BTL,MI,AGL,CE,Federal Contract Tower,0,1,47,10,58,0,0,229,15,244,0,1,276,25,302,152,8,160,462
07/22/2000,BTL,MI,AGL,CE,Federal Contract Tower,0,0,8,0,8,0,2,143,0,145,0,2,151,0,153,102,0,102,255
07/23/2000,BTL,MI,AGL,CE,Federal Contract Tower,0,0,5,0,5,0,1,74,0,75,0,1,79,0,80,86,0,86,166
07/24/2000,BTL,MI,AGL,CE,Federal Contract Tower,0,1,29,1,31,2,1,247,0,250,2,2,276,1,281,221,2,223,504
07/25/2000,BTL,MI,AGL,CE,Federal Contract Tower,0,1,34,8,43,0,1,222,10,233,0,2,256,18,276,169,6,175,451
07/26/2000,BTL,MI,AGL,CE,Federal Contract Tower,0,0,47,10,57,0,0,170,11,181,0,0,217,21,238,150,0,150,388
07/27/2000,BTL,MI,AGL,CE,Federal Contract Tower,0,3,53,11,67,0,4,148,7,159,0,7,201,18,226,125,0,125,351
07/28/2000,BTL,MI,AGL,CE,Federal Contract Tower,0,1,41,6,48,0,0,128,0,128,0,1,169,6,176,76,0,76,252
07/29/2000,BTL,MI,AGL,CE,Federal Contract Tower,0,0,8,0,8,0,1,21,0,22,0,1,29,0,30,2,0,2,32
07/30/2000,BTL,MI,AGL,CE,Federal Contract Tower,0,0,11,0,11,0,1,4,0,5,0,1,15,0,16,6,0,6,22
07/31/2000,BTL,MI,AGL,CE,Federal Contract Tower,0,1,60,2,63,0,0,90,0,90,0,1,150,2,153,158,0,158,311
08/01/2000,BTL,MI,AGL,CE,Federal Contract Tower,0,2,56,4,62,0,4,74,8,86,0,6,130,12,148,127,2,129,277
08/02/2000,BTL,MI,AGL,CE,Federal Contract Tower,0,1,45,4,50,0,0,56,21,77,0,1,101,25,127,88,0,88,215
08/03/2000,BTL,MI,AGL,CE,Federal Contract Tower,0,1,39,3,43,0,3,221,27,251,0,4,260,30,294,212,2,214,508
08/04/2000,BTL,MI,AGL,CE,Federal Contract Tower,0,0,37,3,40,0,0,312,0,312,0,0,349,3,352,176,0,176,528
08/05/2000,BTL,MI,AGL,CE,Federal Contract Tower,0,0,16,1,17,0,0,84,9,93,0,0,100,10,110,60,20,80,190
08/06/2000,BTL,MI,AGL,CE,Federal Contract Tower,0,0,9,0,9,0,0,10,2,12,0,0,19,2,21,0,0,0,21
08/07/2000,BTL,MI,AGL,CE,Federal Contract Tower,0,3,58,4,65,0,0,135,2,137,0,3,193,6,202,158,12,170,372
08/08/2000,BTL,MI,AGL,CE,Federal Contract Tower,0,3,47,0,50,0,2,118,0,120,0,5,165,0,170,147,0,147,317
08/09/2000,BTL,MI,AGL,CE,Federal Contract Tower,0,2,57,2,61,0,0,93,0,93,0,2,150,2,154,98,0,98,252
08/10/2000,BTL,MI,AGL,CE,Federal Contract Tower,0,1,4,0,5,0,2,307,30,339,0,3,311,30,344,172,4,176,520
08/11/2000,BTL,MI,AGL,CE,Federal Contract Tower,0,1,3,0,4,0,3,225,2,230,0,4,228,2,234,154,11,165,399
08/12/2000,BTL,MI,AGL,CE,Federal Contract Tower,0,0,40,3,43,0,0,105,0,105,0,0,145,3,148,104,6,110,258
08/13/2000,BTL,MI,AGL,CE,Federal Contract Tower,0,2,30,0,32,0,1,43,0,44,0,3,73,0,76,88,0,88,164
08/14/2000,BTL,MI,AGL,CE,Federal Contract Tower,0,2,2,2,6,0,199,0,204,403,0,201,2,206,409,8,15,23,432
08/15/2000,BTL,MI,AGL,CE,Federal Contract Tower,0,2,43,3,48,0,5,70,1,76,0,7,113,4,124,82,4,86,210
08/16/2000,BTL,MI,AGL,CE,Federal Contract Tower,0,2,25,1,28,0,0,224,8,232,0,2,249,9,260,168,0,168,428
08/17/2000,BTL,MI,AGL,CE,Federal Contract Tower,0,1,31,3,35,0,1,26,1,28,0,2,57,4,63,46,0,46,109
08/18/2000,BTL,MI,AGL,CE,Federal Contract Tower,0,1,35,0,36,1,0,87,0,88,1,1,122,0,124,90,4,94,218
08/19/2000,BTL,MI,AGL,CE,Federal Contract Tower,0,0,4,0,4,0,0,173,0,173,0,0,177,0,177,94,0,94,271
08/20/2000,BTL,MI,AGL,CE,Federal Contract Tower,0,0,8,0,8,1,4,56,0,61,1,4,64,0,69,38,0,38,107
08/21/2000,BTL,MI,AGL,CE,Federal Contract Tower,0,0,25,0,25,0,0,238,0,238,0,0,263,0,263,100,0,100,363
08/22/2000,BTL,MI,AGL,CE,Federal Contract Tower,0,1,30,0,31,1,1,69,0,71,1,2,99,0,102,88,0,88,190
08/23/2000,BTL,MI,AGL,CE,Federal Contract Tower,0,2,44,0,46,0,0,75,0,75,0,2,119,0,121,50,18,68,189
08/24/2000,BTL,MI,AGL,CE,Federal Contract Tower,0,1,36,0,37,0,9,101,0,110,0,10,137,0,147,72,0,72,219
08/25/2000,BTL,MI,AGL,CE,Federal Contract Tower,0,1,36,2,39,0,2,213,0,215,0,3,249,2,254,110,0,110,364
08/26/2000,BTL,MI,AGL,CE,Federal Contract Tower,0,0,15,0,15,0,2,65,6,73,0,2,80,6,88,48,0,48,136
08/27/2000,BTL,MI,AGL,CE,Federal Contract Tower,0,0,11,0,11,0,0,41,2,43,0,0,52,2,54,48,0,48,102
08/28/2000,BTL,MI,AGL,CE,Federal Contract Tower,0,2,53,2,57,0,0,23,0,23,0,2,76,2,80,68,0,68,148
08/29/2000,BTL,MI,AGL,CE,Federal Contract Tower,0,1,83,6,90,0,0,120,4,124,0,1,203,10,214,172,6,178,392
08/30/2000,BTL,MI,AGL,CE,Federal Contract Tower,0,2,63,5,70,2,1,107,1,111,2,3,170,6,181,148,0,148,329
08/31/2000,BTL,MI,AGL,CE,Federal Contract Tower,0,2,54,4,60,0,0,195,0,195,0,2,249,4,255,166,0,166,421
09/01/2000,BTL,MI,AGL,CE,Federal Contract Tower,0,2,30,1,33,0,3,274,0,277,0,5,304,1,310,234,0,234,544
09/02/2000,BTL,MI,AGL,CE,Federal Contract Tower,0,0,8,0,8,0,1,64,1,66,0,1,72,1,74,74,0,74,148
09/03/2000,BTL,MI,AGL,CE,Federal Contract Tower,0,0,2,0,2,0,0,63,0,63,0,0,65,0,65,38,0,38,103
09/04/2000,BTL,MI,AGL,CE,Federal Contract Tower,0,0,1,0,1,0,0,15,0,15,0,0,16,0,16,4,0,4,20
09/05/2000,BTL,MI,AGL,CE,Federal Contract Tower,1,1,32,3,37,1,0,242,4,247,2,1,274,7,284,140,0,140,424
09/06/2000,BTL,MI,AGL,CE,Federal Contract Tower,1,2,26,2,31,7,2,262,7,278,8,4,288,9,309,169,0,169,478
09/07/2000,BTL,MI,AGL,CE,Federal Contract Tower,0,2,27,3,32,0,2,313,2,317,0,4,340,5,349,182,0,182,531
09/08/2000,BTL,MI,AGL,CE,Federal Contract Tower,0,4,56,6,66,0,6,146,15,167,0,10,202,21,233,184,38,222,455
09/09/2000,BTL,MI,AGL,CE,Federal Contract Tower,0,1,14,1,16,0,4,49,4,57,0,5,63,5,73,34,0,34,107
09/10/2000,BTL,MI,AGL,CE,Federal Contract Tower,0,1,16,1,18,0,4,26,0,30,0,5,42,1,48,14,0,14,62
09/11/2000,BTL,MI,AGL,CE,Federal Contract Tower,0,0,13,0,13,0,0,9,0,9,0,0,22,0,22,32,0,32,54
09/12/2000,BTL,MI,AGL,CE,Federal Contract Tower,0,5,64,2,71,2,0,124,0,126,2,5,188,2,197,214,0,214,411
09/13/2000,BTL,MI,AGL,CE,Federal Contract Tower,0,1,28,3,32,0,0,395,15,410,0,1,423,18,442,214,6,220,662
09/14/2000,BTL,MI,AGL,CE,Federal Contract Tower,0,2,69,7,78,0,0,99,7,106,0,2,168,14,184,78,0,78,262
09/15/2000,BTL,MI,AGL,CE,Federal Contract Tower,0,3,34,4,41,0,3,286,8,297,0,6,320,12,338,106,0,106,444
09/16/2000,BTL,MI,AGL,CE,Federal Contract Tower,0,1,10,0,11,0,3,306,10,319,0,4,316,10,330,128,0,128,458
09/17/2000,BTL,MI,AGL,CE,Federal Contract Tower,0,1,7,0,8,0,1,52,5,58,0,2,59,5,66,68,0,68,134
09/18/2000,BTL,MI,AGL,CE,Federal Contract Tower,0,3,34,0,37,0,0,240,0,240,0,3,274,0,277,204,0,204,481
09/19/2000,BTL,MI,AGL,CE,Federal Contract Tower,0,4,51,4,59,0,0,197,12,209,0,4,248,16,268,152,4,156,424
09/20/2000,BTL,MI,AGL,CE,Federal Contract Tower,0,2,85,7,94,0,0,100,13,113,0,2,185,20,207,144,0,144,351
09/21/2000,BTL,MI,AGL,CE,Federal Contract Tower,0,5,58,5,68,0,1,252,1,254,0,6,310,6,322,288,0,288,610
09/22/2000,BTL,MI,AGL,CE,Federal Contract Tower,0,2,35,4,41,0,4,221,10,235,0,6,256,14,276,142,6,148,424
09/23/2000,BTL,MI,AGL,CE,Federal Contract Tower,0,0,25,0,25,0,0,35,0,35,0,0,60,0,60,18,0,18,78
09/24/2000,BTL,MI,AGL,CE,Federal Contract Tower,0,0,7,0,7,0,0,101,0,101,0,0,108,0,108,96,0,96,204
09/25/2000,BTL,MI,AGL,CE,Federal Contract Tower,0,0,24,0,24,0,0,203,0,203,0,0,227,0,227,188,0,188,415
09/26/2000,BTL,MI,AGL,CE,Federal Contract Tower,0,3,40,4,47,0,0,261,17,278,0,3,301,21,325,166,0,166,491
09/27/2000,BTL,MI,AGL,CE,Federal Contract Tower,0,1,38,4,43,0,0,342,15,357,0,1,380,19,400,204,0,204,604
09/28/2000,BTL,MI,AGL,CE,Federal Contract Tower,0,3,43,4,50,0,1,315,6,322,0,4,358,10,372,170,0,170,542
09/29/2000,BTL,MI,AGL,CE,Federal Contract Tower,0,2,34,4,40,0,3,265,0,268,0,5,299,4,308,198,0,198,506
09/30/2000,BTL,MI,AGL,CE,Federal Contract Tower,0,0,5,0,5,0,0,135,8,143,0,0,140,8,148,106,2,108,256
10/01/2000,BTL,MI,AGL,CE,Federal Contract Tower,0,1,15,0,16,0,2,103,0,105,0,3,118,0,121,24,0,24,145
10/02/2000,BTL,MI,AGL,CE,Federal Contract Tower,0,3,24,1,28,0,3,220,0,223,0,6,244,1,251,194,0,194,445
10/03/2000,BTL,MI,AGL,CE,Federal Contract Tower,0,2,39,4,45,0,0,235,4,239,0,2,274,8,284,168,4,172,456
10/04/2000,BTL,MI,AGL,CE,Federal Contract Tower,1,3,58,6,68,1,0,160,23,184,2,3,218,29,252,188,0,188,440
10/05/2000,BTL,MI,AGL,CE,Federal Contract Tower,0,0,95,11,106,0,0,95,21,116,0,0,190,32,222,96,0,96,318
10/06/2000,BTL,MI,AGL,CE,Federal Contract Tower,0,4,50,0,54,0,0,46,0,46,0,4,96,0,100,6,0,6,106
10/07/2000,BTL,MI,AGL,CE,Federal Contract Tower,0,0,6,0,6,0,0,20,20,40,0,0,26,20,46,10,2,12,58
10/08/2000,BTL,MI,AGL,CE,Federal Contract Tower,0,1,12,2,15,0,0,56,0,56,0,1,68,2,71,82,2,84,155
10/09/2000,BTL,MI,AGL,CE,Federal Contract Tower,0,2,27,0,29,0,0,200,0,200,0,2,227,0,229,192,0,192,421
10/10/2000,BTL,MI,AGL,CE,Federal Contract Tower,0,3,27,3,33,0,1,317,10,328,0,4,344,13,361,202,0,202,563
10/11/2000,BTL,MI,AGL,CE,Federal Contract Tower,0,4,41,5,50,0,1,410,10,421,0,5,451,15,471,240,8,248,719
10/12/2000,BTL,MI,AGL,CE,Federal Contract Tower,0,0,30,4,34,0,0,355,18,373,0,0,385,22,407,224,2,226,633
10/13/2000,BTL,MI,AGL,CE,Federal Contract Tower,0,3,26,3,32,2,1,263,21,287,2,4,289,24,319,228,2,230,549
10/14/2000,BTL,MI,AGL,CE,Federal Contract Tower,0,1,12,2,15,0,1,87,26,114,0,2,99,28,129,50,4,54,183
10/15/2000,BTL,MI,AGL,CE,Federal Contract Tower,0,1,12,2,15,0,1,29,16,46,0,2,41,18,61,24,18,42,103
10/16/2000,BTL,MI,AGL,CE,Federal Contract Tower,0,2,25,3,30,0,0,15,11,26,0,2,40,14,56,38,0,38,94
10/17/2000,BTL,MI,AGL,CE,Federal Contract Tower,0,0,42,4,46,0,0,49,11,60,0,0,91,15,106,134,0,134,240
10/18/2000,BTL,MI,AGL,CE,Federal Contract Tower,0,1,24,3,28,0,4,289,7,300,0,5,313,10,328,258,2,260,588
10/19/2000,BTL,MI,AGL,CE,Federal Contract Tower,0,4,63,7,74,0,2,248,0,250,0,6,311,7,324,232,0,232,556
10/20/2000,BTL,MI,AGL,CE,Federal Contract Tower,0,1,17,2,20,0,2,298,6,306,0,3,315,8,326,132,4,136,462
10/21/2000,BTL,MI,AGL,CE,Federal Contract Tower,0,0,7,0,7,0,2,104,4,110,0,2,111,4,117,88,2,90,207
10/22/2000,BTL,MI,AGL,CE,Federal Contract Tower,0,0,8,0,8,0,5,82,10,97,0,5,90,10,105,68,10,78,183
10/23/2000,BTL,MI,AGL,CE,Federal Contract Tower,0,2,43,1,46,0,0,98,0,98,0,2,141,1,144,178,0,178,322
10/24/2000,BTL,MI,AGL,CE,Federal Contract Tower,0,3,50,6,59,0,10,8,4,22,0,13,58,10,81,24,0,24,105
10/25/2000,BTL,MI,AGL,CE,Federal Contract Tower,0,5,68,8,81,0,1,60,2,63,0,6,128,10,144,166,7,173,317
10/26/2000,BTL,MI,AGL,CE,Federal Contract Tower,0,2,36,4,42,0,0,73,11,84,0,2,109,15,126,94,0,94,220
10/27/2000,BTL,MI,AGL,CE,Federal Contract Tower,0,2,81,10,93,2,0,137,4,143,2,2,218,14,236,112,2,114,350
10/28/2000,BTL,MI,AGL,CE,Federal Contract Tower,0,0,6,0,6,0,0,139,0,139,0,0,145,0,145,126,0,126,271
10/29/2000,BTL,MI,AGL,CE,Federal Contract Tower,0,0,9,0,9,0,2,70,1,73,0,2,79,1,82,42,0,42,124
10/30/2000,BTL,MI,AGL,CE,Federal Contract Tower,0,0,18,0,18,0,0,266,0,266,0,0,284,0,284,158,0,158,442
10/31/2000,BTL,MI,AGL,CE,Federal Contract Tower,0,2,36,5,43,0,2,285,8,295,0,4,321,13,338,262,4,266,604
11/01/2000,BTL,MI,AGL,CE,Federal Contract Tower,0,2,19,2,23,0,0,233,7,240,0,2,252,9,263,176,2,178,441
11/02/2000,BTL,MI,AGL,CE,Federal Contract Tower,0,3,45,5,53,0,0,207,6,213,0,3,252,11,266,266,2,268,534
11/03/2000,BTL,MI,AGL,CE,Federal Contract Tower,0,0,21,3,24,0,0,235,27,262,0,0,256,30,286,156,6,162,448
11/04/2000,BTL,MI,AGL,CE,Federal Contract Tower,0,2,20,3,25,0,2,183,11,196,0,4,203,14,221,98,8,106,327
11/05/2000,BTL,MI,AGL,CE,Federal Contract Tower,0,1,10,2,13,0,0,50,24,74,0,1,60,26,87,46,4,50,137
11/06/2000,BTL,MI,AGL,CE,Federal Contract Tower,0,3,30,1,34,0,5,52,0,57,0,8,82,1,91,34,0,34,125
11/07/2000,BTL,MI,AGL,CE,Federal Contract Tower,0,1,35,4,40,0,0,3,5,8,0,1,38,9,48,18,2,20,68
11/08/2000,BTL,MI,AGL,CE,Federal Contract Tower,0,4,35,4,43,0,0,238,8,246,0,4,273,12,289,198,2,200,489
11/09/2000,BTL,MI,AGL,CE,Federal Contract Tower,0,1,19,0,20,0,0,6,0,6,0,1,25,0,26,0,0,0,26
11/10/2000,BTL,MI,AGL,CE,Federal Contract Tower,0,3,25,0,28,0,1,39,0,40,0,4,64,0,68,20,0,20,88
11/11/2000,BTL,MI,AGL,CE,Federal Contract Tower,0,0,13,1,14,0,0,172,15,187,0,0,185,16,201,98,4,102,303
11/12/2000,BTL,MI,AGL,CE,Federal Contract Tower,0,1,4,0,5,0,0,25,0,25,0,1,29,0,30,20,0,20,50
11/13/2000,BTL,MI,AGL,CE,Federal Contract Tower,0,3,24,0,27,0,4,6,0,10,0,7,30,0,37,2,0,2,39
11/14/2000,BTL,MI,AGL,CE,Federal Contract Tower,0,1,16,0,17,0,0,9,0,9,0,1,25,0,26,0,0,0,26
11/15/2000,BTL,MI,AGL,CE,Federal Contract Tower,0,6,74,8,88,0,0,111,11,122,0,6,185,19,210,224,2,226,436
11/16/2000,BTL,MI,AGL,CE,Federal Contract Tower,0,1,35,1,37,0,0,64,0,64,0,1,99,1,101,0,0,0,101
11/17/2000,BTL,MI,AGL,CE,Federal Contract Tower,0,2,33,4,39,0,0,60,2,62,0,2,93,6,101,26,0,26,127
11/18/2000,BTL,MI,AGL,CE,Federal Contract Tower,0,0,10,1,11,0,2,23,11,36,0,2,33,12,47,6,4,10,57
11/19/2000,BTL,MI,AGL,CE,Federal Contract Tower,0,0,1,0,1,0,0,21,0,21,0,0,22,0,22,18,0,18,40
11/20/2000,BTL,MI,AGL,CE,Federal Contract Tower,0,0,12,0,12,0,3,8,0,11,0,3,20,0,23,0,0,0,23
11/21/2000,BTL,MI,AGL,CE,Federal Contract Tower,0,0,18,0,18,0,0,6,0,6,0,0,24,0,24,0,0,0,24
11/22/2000,BTL,MI,AGL,CE,Federal Contract Tower,0,0,10,0,10,0,0,16,0,16,0,0,26,0,26,0,0,0,26
11/23/2000,BTL,MI,AGL,CE,Federal Contract Tower,0,0,0,0,0,0,0,11,0,11,0,0,11,0,11,0,0,0,11
11/24/2000,BTL,MI,AGL,CE,Federal Contract Tower,0,0,4,0,4,0,3,82,0,85,0,3,86,0,89,38,0,38,127
11/25/2000,BTL,MI,AGL,CE,Federal Contract Tower,0,0,10,0,10,0,3,53,0,56,0,3,63,0,66,32,0,32,98
11/26/2000,BTL,MI,AGL,CE,Federal Contract Tower,0,0,4,0,4,0,1,0,0,1,0,1,4,0,5,0,0,0,5
11/27/2000,BTL,MI,AGL,CE,Federal Contract Tower,0,4,85,0,89,0,0,43,0,43,0,4,128,0,132,114,0,114,246
11/28/2000,BTL,MI,AGL,CE,Federal Contract Tower,0,1,22,0,23,0,1,17,0,18,0,2,39,0,41,16,0,16,57
11/29/2000,BTL,MI,AGL,CE,Federal Contract Tower,0,0,16,0,16,0,0,2,0,2,0,0,18,0,18,0,0,0,18
11/30/2000,BTL,MI,AGL,CE,Federal Contract Tower,0,5,74,8,87,0,0,53,12,65,0,5,127,20,152,54,0,54,206
12/01/2000,BTL,MI,AGL,CE,Federal Contract Tower,0,0,25,2,27,0,0,207,18,225,0,0,232,20,252,250,0,250,502
12/02/2000,BTL,MI,AGL,CE,Federal Contract Tower,0,1,7,0,8,0,1,256,8,265,0,2,263,8,273,228,0,228,501
12/03/2000,BTL,MI,AGL,CE,Federal Contract Tower,0,1,7,0,8,0,2,75,1,78,0,3,82,1,86,76,0,76,162
12/04/2000,BTL,MI,AGL,CE,Federal Contract Tower,0,3,28,0,31,0,0,96,0,96,0,3,124,0,127,112,0,112,239
12/05/2000,BTL,MI,AGL,CE,Federal Contract Tower,0,1,33,3,37,0,0,0,17,17,0,1,33,20,54,0,0,0,54
12/06/2000,BTL,MI,AGL,CE,Federal Contract Tower,0,1,38,4,43,0,0,50,12,62,0,1,88,16,105,48,6,54,159
12/07/2000,BTL,MI,AGL,CE,Federal Contract Tower,0,0,24,0,24,0,0,6,0,6,0,0,30,0,30,0,0,0,30
12/08/2000,BTL,MI,AGL,CE,Federal Contract Tower,0,2,35,3,40,0,0,26,5,31,0,2,61,8,71,6,0,6,77
12/09/2000,BTL,MI,AGL,CE,Federal Contract Tower,0,3,23,2,28,0,0,144,5,149,0,3,167,7,177,186,0,186,363
12/10/2000,BTL,MI,AGL,CE,Federal Contract Tower,0,1,10,0,11,0,2,23,0,25,0,3,33,0,36,26,0,26,62
12/11/2000,BTL,MI,AGL,CE,Federal Contract Tower,0,0,3,0,3,0,0,1,0,1,0,0,4,0,4,0,0,0,4
12/12/2000,BTL,MI,AGL,CE,Federal Contract Tower,0,0,9,0,9,0,5,0,0,5,0,5,9,0,14,0,0,0,14
12/13/2000,BTL,MI,AGL,CE,Federal Contract Tower,0,3,27,0,30,0,0,79,0,79,0,3,106,0,109,26,0,26,135
12/14/2000,BTL,MI,AGL,CE,Federal Contract Tower,0,2,26,0,28,0,2,93,0,95,0,4,119,0,123,38,2,40,163
12/15/2000,BTL,MI,AGL,CE,Federal Contract Tower,0,4,32,1,37,0,0,19,0,19,0,4,51,1,56,18,0,18,74
12/16/2000,BTL,MI,AGL,CE,Federal Contract Tower,0,0,5,0,5,0,3,0,0,3,0,3,5,0,8,0,0,0,8
12/17/2000,BTL,MI,AGL,CE,Federal Contract Tower,0,0,4,0,4,0,1,0,0,1,0,1,4,0,5,0,0,0,5
12/18/2000,BTL,MI,AGL,CE,Federal Contract Tower,0,3,30,2,35,0,8,34,0,42,0,11,64,2,77,40,0,40,117
12/19/2000,BTL,MI,AGL,CE,Federal Contract Tower,0,3,62,0,65,0,0,45,0,45,0,3,107,0,110,64,0,64,174
12/20/2000,BTL,MI,AGL,CE,Federal Contract Tower,0,5,44,0,49,0,1,85,0,86,0,6,129,0,135,136,0,136,271
12/21/2000,BTL,MI,AGL,CE,Federal Contract Tower,0,0,31,0,31,0,0,0,0,0,0,0,31,0,31,4,0,4,35
12/22/2000,BTL,MI,AGL,CE,Federal Contract Tower,0,2,20,0,22,0,2,9,0,11,0,4,29,0,33,0,0,0,33
12/23/2000,BTL,MI,AGL,CE,Federal Contract Tower,0,0,1,0,1,0,0,4,0,4,0,0,5,0,5,2,0,2,7
12/24/2000,BTL,MI,AGL,CE,Federal Contract Tower,0,0,3,0,3,0,0,2,0,2,0,0,5,0,5,0,0,0,5
12/25/2000,BTL,MI,AGL,CE,Federal Contract Tower,0,0,0,0,0,0,0,2,0,2,0,0,2,0,2,0,0,0,2
12/26/2000,BTL,MI,AGL,CE,Federal Contract Tower,0,0,20,0,20,0,0,14,0,14,0,0,34,0,34,16,0,16,50
12/27/2000,BTL,MI,AGL,CE,Federal Contract Tower,0,0,7,0,7,0,3,0,0,3,0,3,7,0,10,0,0,0,10
12/28/2000,BTL,MI,AGL,CE,Federal Contract Tower,0,0,15,1,16,0,0,84,15,99,0,0,99,16,115,52,40,92,207
12/29/2000,BTL,MI,AGL,CE,Federal Contract Tower,0,0,1,0,1,0,1,0,0,1,0,1,1,0,2,0,0,0,2
12/30/2000,BTL,MI,AGL,CE,Federal Contract Tower,0,0,0,0,0,0,0,0,0,0,0,0,0,0,0,0,0,0,0
12/31/2000,BTL,MI,AGL,CE,Federal Contract Tower,0,0,1,0,1,0,1,13,4,18,0,1,14,4,19,20,0,20,39
01/01/2001,BTL,MI,AGL,CE,Federal Contract Tower,0,0,6,0,6,0,4,4,0,8,0,4,10,0,14,8,0,8,22
01/02/2001,BTL,MI,AGL,CE,Federal Contract Tower,0,2,26,0,28,0,3,46,0,49,0,5,72,0,77,46,0,46,123
01/03/2001,BTL,MI,AGL,CE,Federal Contract Tower,0,0,9,0,9,0,1,3,1,5,0,1,12,1,14,0,0,0,14
01/04/2001,BTL,MI,AGL,CE,Federal Contract Tower,0,1,72,7,80,0,0,74,23,97,0,1,146,30,177,178,0,178,355
01/05/2001,BTL,MI,AGL,CE,Federal Contract Tower,0,0,27,3,30,0,0,56,3,59,0,0,83,6,89,54,0,54,143
01/06/2001,BTL,MI,AGL,CE,Federal Contract Tower,0,0,6,0,6,0,0,154,10,164,0,0,160,10,170,144,0,144,314
01/07/2001,BTL,MI,AGL,CE,Federal Contract Tower,0,1,13,0,14,0,3,2,0,5,0,4,15,0,19,20,0,20,39
01/08/2001,BTL,MI,AGL,CE,Federal Contract Tower,0,2,20,0,22,0,4,208,0,212,0,6,228,0,234,196,0,196,430
01/09/2001,BTL,MI,AGL,CE,Federal Contract Tower,0,1,25,0,26,2,0,168,0,170,2,1,193,0,196,242,0,242,438
01/10/2001,BTL,MI,AGL,CE,Federal Contract Tower,0,2,23,2,27,0,0,300,6,306,0,2,323,8,333,228,6,234,567
01/11/2001,BTL,MI,AGL,CE,Federal Contract Tower,0,2,25,3,30,0,4,278,1,283,0,6,303,4,313,304,0,304,617
01/12/2001,BTL,MI,AGL,CE,Federal Contract Tower,0,2,66,2,70,0,0,13,0,13,0,2,79,2,83,10,0,10,93
01/13/2001,BTL,MI,AGL,CE,Federal Contract Tower,0,0,11,0,11,0,3,0,0,3,0,3,11,0,14,2,0,2,16
01/14/2001,BTL,MI,AGL,CE,Federal Contract Tower,0,0,3,0,3,0,1,0,0,1,0,1,3,0,4,0,0,0,4
01/15/2001,BTL,MI,AGL,CE,Federal Contract Tower,0,1,31,0,32,0,0,6,0,6,0,1,37,0,38,2,0,2,40
01/16/2001,BTL,MI,AGL,CE,Federal Contract Tower,0,2,31,0,33,0,0,21,0,21,0,2,52,0,54,118,0,118,172
01/17/2001,BTL,MI,AGL,CE,Federal Contract Tower,0,3,33,2,38,0,1,11,0,12,0,4,44,2,50,22,0,22,72
01/18/2001,BTL,MI,AGL,CE,Federal Contract Tower,0,2,28,0,30,0,1,7,0,8,0,3,35,0,38,4,0,4,42
01/19/2001,BTL,MI,AGL,CE,Federal Contract Tower,0,3,55,0,58,0,0,135,0,135,0,3,190,0,193,222,0,222,415
01/20/2001,BTL,MI,AGL,CE,Federal Contract Tower,0,0,11,0,11,0,3,135,15,153,0,3,146,15,164,238,10,248,412
01/21/2001,BTL,MI,AGL,CE,Federal Contract Tower,0,0,14,2,16,0,2,16,0,18,0,2,30,2,34,38,0,38,72
01/22/2001,BTL,MI,AGL,CE,Federal Contract Tower,0,1,65,4,70,0,0,172,0,172,0,1,237,4,242,326,0,326,568
01/23/2001,BTL,MI,AGL,CE,Federal Contract Tower,0,0,73,6,79,0,0,59,17,76,0,0,132,23,155,184,2,186,341
01/24/2001,BTL,MI,AGL,CE,Federal Contract Tower,0,3,52,5,60,0,0,39,8,47,0,3,91,13,107,38,2,40,147
01/25/2001,BTL,MI,AGL,CE,Federal Contract Tower,0,3,44,4,51,0,0,284,8,292,0,3,328,12,343,346,2,348,691
01/26/2001,BTL,MI,AGL,CE,Federal Contract Tower,0,2,31,2,35,0,1,102,2,105,0,3,133,4,140,70,2,72,212
01/27/2001,BTL,MI,AGL,CE,Federal Contract Tower,0,0,5,0,5,0,1,24,0,25,0,1,29,0,30,36,0,36,66
01/28/2001,BTL,MI,AGL,CE,Federal Contract Tower,0,1,17,0,18,0,8,9,0,17,0,9,26,0,35,22,0,22,57
01/29/2001,BTL,MI,AGL,CE,Federal Contract Tower,0,1,27,0,28,0,0,11,0,11,0,1,38,0,39,54,0,54,93
01/30/2001,BTL,MI,AGL,CE,Federal Contract Tower,0,0,57,7,64,2,0,0,10,12,2,0,57,17,76,26,4,30,106
01/31/2001,BTL,MI,AGL,CE,Federal Contract Tower,0,3,68,6,77,0,0,123,4,127,0,3,191,10,204,210,8,218,422
02/01/2001,BTL,MI,AGL,CE,Federal Contract Tower,0,0,55,11,66,0,0,182,15,197,0,0,237,26,263,260,0,260,523
02/02/2001,BTL,MI,AGL,CE,Federal Contract Tower,0,0,11,5,16,0,0,0,12,12,0,0,11,17,28,0,0,0,28
02/03/2001,BTL,MI,AGL,CE,Federal Contract Tower,0,1,6,0,7,0,1,70,0,71,0,2,76,0,78,150,0,150,228
02/04/2001,BTL,MI,AGL,CE,Federal Contract Tower,0,1,8,0,9,0,0,2,0,2,0,1,10,0,11,6,0,6,17
02/05/2001,BTL,MI,AGL,CE,Federal Contract Tower,0,0,10,0,10,0,0,5,0,5,0,0,15,0,15,20,0,20,35
02/06/2001,BTL,MI,AGL,CE,Federal Contract Tower,0,0,48,11,59,0,0,10,17,27,0,0,58,28,86,22,2,24,110
02/07/2001,BTL,MI,AGL,CE,Federal Contract Tower,0,3,45,10,58,0,0,176,9,185,0,3,221,19,243,118,12,130,373
02/08/2001,BTL,MI,AGL,CE,Federal Contract Tower,0,2,54,12,68,0,0,49,4,53,0,2,103,16,121,46,0,46,167
02/09/2001,BTL,MI,AGL,CE,Federal Contract Tower,0,2,14,0,16,0,0,3,0,3,0,2,17,0,19,0,0,0,19
02/10/2001,BTL,MI,AGL,CE,Federal Contract Tower,0,1,4,1,6,0,0,11,3,14,0,1,15,4,20,4,0,4,24
02/11/2001,BTL,MI,AGL,CE,Federal Contract Tower,0,1,6,2,9,0,2,66,10,78,0,3,72,12,87,74,2,76,163
02/12/2001,BTL,MI,AGL,CE,Federal Contract Tower,0,0,17,0,17,0,0,331,0,331,0,0,348,0,348,238,0,238,586
02/13/2001,BTL,MI,AGL,CE,Federal Contract Tower,0,1,51,9,61,0,0,58,0,58,0,1,109,9,119,156,0,156,275
02/14/2001,BTL,MI,AGL,CE,Federal Contract Tower,0,0,7,0,7,0,1,0,0,1,0,1,7,0,8,0,0,0,8
02/15/2001,BTL,MI,AGL,CE,Federal Contract Tower,0,3,52,12,67,0,1,126,2,129,0,4,178,14,196,90,0,90,286
02/16/2001,BTL,MI,AGL,CE,Federal Contract Tower,0,1,25,2,28,0,1,55,0,56,0,2,80,2,84,68,2,70,154
02/17/2001,BTL,MI,AGL,CE,Federal Contract Tower,0,0,6,0,6,0,2,52,0,54,0,2,58,0,60,144,0,144,204
02/18/2001,BTL,MI,AGL,CE,Federal Contract Tower,0,0,4,0,4,0,6,46,0,52,0,6,50,0,56,70,0,70,126
02/19/2001,BTL,MI,AGL,CE,Federal Contract Tower,0,0,34,0,34,0,0,250,0,250,0,0,284,0,284,178,0,178,462
02/20/2001,BTL,MI,AGL,CE,Federal Contract Tower,0,2,49,11,62,0,0,184,18,202,0,2,233,29,264,158,0,158,422
02/21/2001,BTL,MI,AGL,CE,Federal Contract Tower,0,2,37,8,47,0,1,326,17,344,0,3,363,25,391,216,0,216,607
02/22/2001,BTL,MI,AGL,CE,Federal Contract Tower,0,4,64,14,82,0,8,49,4,61,0,12,113,18,143,50,0,50,193
02/23/2001,BTL,MI,AGL,CE,Federal Contract Tower,0,3,42,9,54,0,3,166,9,178,0,6,208,18,232,212,2,214,446
02/24/2001,BTL,MI,AGL,CE,Federal Contract Tower,0,0,3,0,3,0,0,0,0,0,0,0,3,0,3,0,0,0,3
02/25/2001,BTL,MI,AGL,CE,Federal Contract Tower,0,0,5,0,5,0,3,0,0,3,0,3,5,0,8,0,0,0,8
02/26/2001,BTL,MI,AGL,CE,Federal Contract Tower,0,3,44,4,51,0,1,220,0,221,0,4,264,4,272,260,4,264,536
02/27/2001,BTL,MI,AGL,CE,Federal Contract Tower,0,3,42,9,54,0,3,181,8,192,0,6,223,17,246,281,2,283,529
02/28/2001,BTL,MI,AGL,CE,Federal Contract Tower,0,0,35,8,43,0,0,230,14,244,0,0,265,22,287,142,2,144,431
03/01/2001,BTL,MI,AGL,CE,Federal Contract Tower,0,1,42,8,51,0,0,109,4,113,0,1,151,12,164,186,0,186,350
03/02/2001,BTL,MI,AGL,CE,Federal Contract Tower,0,2,43,8,53,0,0,9,6,15,0,2,52,14,68,6,0,6,74
03/03/2001,BTL,MI,AGL,CE,Federal Contract Tower,0,1,10,2,13,0,3,117,11,131,0,4,127,13,144,100,4,104,248
03/04/2001,BTL,MI,AGL,CE,Federal Contract Tower,0,1,11,2,14,0,1,9,14,24,0,2,20,16,38,0,0,0,38
03/05/2001,BTL,MI,AGL,CE,Federal Contract Tower,0,2,14,0,16,0,2,4,0,6,0,4,18,0,22,2,0,2,24
03/06/2001,BTL,MI,AGL,CE,Federal Contract Tower,0,2,36,7,45,0,0,91,12,103,0,2,127,19,148,68,0,68,216
03/07/2001,BTL,MI,AGL,CE,Federal Contract Tower,0,2,30,5,37,0,0,227,19,246,0,2,257,24,283,372,0,372,655
03/08/2001,BTL,MI,AGL,CE,Federal Contract Tower,0,3,36,7,46,0,2,7,3,12,0,5,43,10,58,0,0,0,58
03/09/2001,BTL,MI,AGL,CE,Federal Contract Tower,0,5,50,9,64,0,2,162,1,165,0,7,212,10,229,234,2,236,465
03/10/2001,BTL,MI,AGL,CE,Federal Contract Tower,0,1,7,1,9,0,2,202,9,213,0,3,209,10,222,118,4,122,344
03/11/2001,BTL,MI,AGL,CE,Federal Contract Tower,0,1,7,0,8,0,2,16,0,18,0,3,23,0,26,16,0,16,42
03/12/2001,BTL,MI,AGL,CE,Federal Contract Tower,0,3,25,0,28,0,0,91,0,91,0,3,116,0,119,164,0,164,283
03/13/2001,BTL,MI,AGL,CE,Federal Contract Tower,0,1,43,8,52,0,0,6,8,14,0,1,49,16,66,6,0,6,72
03/14/2001,BTL,MI,AGL,CE,Federal Contract Tower,0,2,29,4,35,0,0,358,0,358,0,2,387,4,393,234,0,234,627
03/15/2001,BTL,MI,AGL,CE,Federal Contract Tower,0,2,44,8,54,0,0,81,0,81,0,2,125,8,135,66,2,68,203
03/16/2001,BTL,MI,AGL,CE,Federal Contract Tower,0,0,18,1,19,0,0,4,0,4,0,0,22,1,23,0,0,0,23
03/17/2001,BTL,MI,AGL,CE,Federal Contract Tower,0,0,6,2,8,0,0,44,2,46,0,0,50,4,54,70,16,86,140
03/18/2001,BTL,MI,AGL,CE,Federal Contract Tower,0,0,8,2,10,0,2,90,0,92,0,2,98,2,102,104,2,106,208
03/19/2001,BTL,MI,AGL,CE,Federal Contract Tower,0,1,26,2,29,0,0,312,0,312,0,1,338,2,341,202,0,202,543
03/20/2001,BTL,MI,AGL,CE,Federal Contract Tower,0,2,33,2,37,0,2,301,0,303,0,4,334,2,340,234,0,234,574
03/21/2001,BTL,MI,AGL,CE,Federal Contract Tower,0,1,18,3,22,0,1,279,0,280,0,2,297,3,302,354,0,354,656
03/22/2001,BTL,MI,AGL,CE,Federal Contract Tower,0,2,27,2,31,0,0,273,0,273,0,2,300,2,304,244,0,244,548
03/23/2001,BTL,MI,AGL,CE,Federal Contract Tower,0,0,41,7,48,0,0,119,5,124,0,0,160,12,172,156,4,160,332
03/24/2001,BTL,MI,AGL,CE,Federal Contract Tower,0,0,10,2,12,0,1,28,0,29,0,1,38,2,41,66,0,66,107
03/25/2001,BTL,MI,AGL,CE,Federal Contract Tower,0,0,8,0,8,0,1,4,0,5,0,1,12,0,13,0,0,0,13
03/26/2001,BTL,MI,AGL,CE,Federal Contract Tower,0,1,15,1,17,0,7,2,0,9,0,8,17,1,26,8,0,8,34
03/27/2001,BTL,MI,AGL,CE,Federal Contract Tower,0,3,41,7,51,0,2,155,7,164,0,5,196,14,215,202,2,204,419
03/28/2001,BTL,MI,AGL,CE,Federal Contract Tower,0,2,36,7,45,0,2,316,8,326,0,4,352,15,371,322,0,322,693
03/29/2001,BTL,MI,AGL,CE,Federal Contract Tower,0,0,35,7,42,0,0,161,3,164,0,0,196,10,206,350,0,350,556
03/30/2001,BTL,MI,AGL,CE,Federal Contract Tower,0,1,31,5,37,0,0,194,6,200,0,1,225,11,237,154,0,154,391
03/31/2001,BTL,MI,AGL,CE,Federal Contract Tower,0,0,10,0,10,0,3,76,0,79,0,3,86,0,89,82,0,82,171
04/01/2001,BTL,MI,AGL,CE,Federal Contract Tower,0,0,1,0,1,0,2,48,0,50,0,2,49,0,51,106,0,106,157
04/02/2001,BTL,MI,AGL,CE,Federal Contract Tower,0,3,11,2,16,0,0,270,0,270,0,3,281,2,286,292,0,292,578
04/03/2001,BTL,MI,AGL,CE,Federal Contract Tower,0,7,44,10,61,0,1,147,0,148,0,8,191,10,209,242,2,244,453
04/04/2001,BTL,MI,AGL,CE,Federal Contract Tower,0,1,31,10,42,0,1,277,10,288,0,2,308,20,330,244,0,244,574
04/05/2001,BTL,MI,AGL,CE,Federal Contract Tower,0,2,22,11,35,0,2,214,9,225,0,4,236,20,260,160,4,164,424
04/06/2001,BTL,MI,AGL,CE,Federal Contract Tower,0,0,34,14,48,0,0,9,12,21,0,0,43,26,69,10,0,10,79
04/07/2001,BTL,MI,AGL,CE,Federal Contract Tower,0,1,9,4,14,0,0,19,6,25,0,1,28,10,39,4,2,6,45
04/08/2001,BTL,MI,AGL,CE,Federal Contract Tower,0,1,11,5,17,0,1,42,14,57,0,2,53,19,74,26,4,30,104
04/09/2001,BTL,MI,AGL,CE,Federal Contract Tower,0,0,55,0,55,0,0,126,0,126,0,0,181,0,181,204,0,204,385
04/10/2001,BTL,MI,AGL,CE,Federal Contract Tower,0,1,28,15,44,0,0,2,0,2,0,1,30,15,46,2,0,2,48
04/11/2001,BTL,MI,AGL,CE,Federal Contract Tower,0,0,24,10,34,0,0,18,2,20,0,0,42,12,54,50,12,62,116
04/12/2001,BTL,MI,AGL,CE,Federal Contract Tower,0,3,18,11,32,0,0,0,9,9,0,3,18,20,41,0,2,2,43
04/13/2001,BTL,MI,AGL,CE,Federal Contract Tower,0,1,17,17,35,0,0,351,6,357,0,1,368,23,392,218,8,226,618
04/14/2001,BTL,MI,AGL,CE,Federal Contract Tower,0,2,5,0,7,0,2,144,0,146,0,4,149,0,153,136,0,136,289
04/15/2001,BTL,MI,AGL,CE,Federal Contract Tower,0,3,3,0,6,0,2,10,0,12,0,5,13,0,18,4,0,4,22
04/16/2001,BTL,MI,AGL,CE,Federal Contract Tower,0,3,27,0,30,0,0,49,0,49,0,3,76,0,79,52,0,52,131
04/17/2001,BTL,MI,AGL,CE,Federal Contract Tower,0,4,33,8,45,0,0,51,9,60,0,4,84,17,105,66,18,84,189
04/18/2001,BTL,MI,AGL,CE,Federal Contract Tower,0,0,23,9,32,0,0,274,18,292,0,0,297,27,324,318,4,322,646
04/19/2001,BTL,MI,AGL,CE,Federal Contract Tower,0,8,27,7,42,0,0,244,9,253,0,8,271,16,295,194,0,194,489
04/20/2001,BTL,MI,AGL,CE,Federal Contract Tower,0,4,18,11,33,0,0,21,7,28,0,4,39,18,61,40,0,40,101
04/21/2001,BTL,MI,AGL,CE,Federal Contract Tower,0,3,8,0,11,0,2,8,8,18,0,5,16,8,29,4,0,4,33
04/22/2001,BTL,MI,AGL,CE,Federal Contract Tower,0,0,16,0,16,0,0,39,0,39,0,0,55,0,55,56,0,56,111
04/23/2001,BTL,MI,AGL,CE,Federal Contract Tower,0,2,13,0,15,0,0,37,0,37,0,2,50,0,52,26,0,26,78
04/24/2001,BTL,MI,AGL,CE,Federal Contract Tower,0,1,24,9,34,0,0,251,3,254,0,1,275,12,288,206,0,206,494
04/25/2001,BTL,MI,AGL,CE,Federal Contract Tower,0,0,28,7,35,0,0,374,17,391,0,0,402,24,426,230,6,236,662
04/26/2001,BTL,MI,AGL,CE,Federal Contract Tower,0,5,40,9,54,0,0,154,15,169,0,5,194,24,223,122,2,124,347
04/27/2001,BTL,MI,AGL,CE,Federal Contract Tower,0,6,40,3,49,0,2,217,5,224,0,8,257,8,273,180,0,180,453
04/28/2001,BTL,MI,AGL,CE,Federal Contract Tower,0,6,2,0,8,0,3,153,8,164,0,9,155,8,172,165,0,165,337
04/29/2001,BTL,MI,AGL,CE,Federal Contract Tower,0,8,2,0,10,0,7,81,0,88,0,15,83,0,98,78,4,82,180
04/30/2001,BTL,MI,AGL,CE,Federal Contract Tower,0,0,16,0,16,0,0,308,0,308,0,0,324,0,324,236,0,236,560
05/01/2001,BTL,MI,AGL,CE,Federal Contract Tower,0,1,21,8,30,0,0,197,9,206,0,1,218,17,236,228,2,230,466
05/02/2001,BTL,MI,AGL,CE,Federal Contract Tower,0,2,30,10,42,0,0,270,10,280,0,2,300,20,322,254,0,254,576
05/03/2001,BTL,MI,AGL,CE,Federal Contract Tower,0,3,32,5,40,0,0,275,17,292,0,3,307,22,332,220,2,222,554
05/04/2001,BTL,MI,AGL,CE,Federal Contract Tower,0,3,33,9,45,0,0,190,10,200,0,3,223,19,245,194,4,198,443
05/05/2001,BTL,MI,AGL,CE,Federal Contract Tower,0,1,1,11,13,0,0,209,29,238,0,1,210,40,251,58,2,60,311
05/06/2001,BTL,MI,AGL,CE,Federal Contract Tower,0,1,7,3,11,0,3,124,15,142,0,4,131,18,153,118,2,120,273
05/07/2001,BTL,MI,AGL,CE,Federal Contract Tower,0,7,26,0,33,0,0,134,0,134,0,7,160,0,167,64,0,64,231
05/08/2001,BTL,MI,AGL,CE,Federal Contract Tower,0,4,15,7,26,0,0,264,6,270,0,4,279,13,296,248,2,250,546
05/09/2001,BTL,MI,AGL,CE,Federal Contract Tower,0,2,25,7,34,0,2,386,15,403,0,4,411,22,437,186,2,188,625
05/10/2001,BTL,MI,AGL,CE,Federal Contract Tower,0,1,19,8,28,0,0,147,11,158,0,1,166,19,186,226,18,244,430
05/11/2001,BTL,MI,AGL,CE,Federal Contract Tower,0,2,55,10,67,0,0,26,8,34,0,2,81,18,101,14,2,16,117
05/12/2001,BTL,MI,AGL,CE,Federal Contract Tower,0,0,15,0,15,0,0,131,0,131,0,0,146,0,146,148,0,148,294
05/13/2001,BTL,MI,AGL,CE,Federal Contract Tower,0,0,3,0,3,0,2,112,0,114,0,2,115,0,117,76,0,76,193
05/14/2001,BTL,MI,AGL,CE,Federal Contract Tower,0,2,25,0,27,0,0,239,4,243,0,2,264,4,270,366,2,368,638
05/15/2001,BTL,MI,AGL,CE,Federal Contract Tower,0,4,23,4,31,0,0,127,4,131,0,4,150,8,162,0,154,154,316
05/16/2001,BTL,MI,AGL,CE,Federal Contract Tower,0,4,37,10,51,0,0,55,2,57,0,4,92,12,108,120,2,122,230
05/17/2001,BTL,MI,AGL,CE,Federal Contract Tower,0,3,54,8,65,0,0,207,4,211,0,3,261,12,276,158,4,162,438
05/18/2001,BTL,MI,AGL,CE,Federal Contract Tower,0,1,17,7,25,0,0,360,15,375,0,1,377,22,400,280,8,288,688
05/19/2001,BTL,MI,AGL,CE,Federal Contract Tower,0,0,6,1,7,0,4,205,6,215,0,4,211,7,222,62,6,68,290
05/20/2001,BTL,MI,AGL,CE,Federal Contract Tower,0,2,6,2,10,0,4,143,1,148,0,6,149,3,158,90,2,92,250
05/21/2001,BTL,MI,AGL,CE,Federal Contract Tower,0,1,50,2,53,0,0,18,0,18,0,1,68,2,71,56,0,56,127
05/22/2001,BTL,MI,AGL,CE,Federal Contract Tower,0,0,38,6,44,0,0,200,8,208,0,0,238,14,252,242,4,246,498
05/23/2001,BTL,MI,AGL,CE,Federal Contract Tower,0,1,28,12,41,0,0,303,25,328,0,1,331,37,369,180,6,186,555
05/24/2001,BTL,MI,AGL,CE,Federal Contract Tower,0,1,58,7,66,0,0,13,4,17,0,1,71,11,83,8,0,8,91
05/25/2001,BTL,MI,AGL,CE,Federal Contract Tower,0,4,48,3,55,0,0,47,0,47,0,4,95,3,102,66,4,70,172
05/26/2001,BTL,MI,AGL,CE,Federal Contract Tower,0,4,19,1,24,0,0,11,0,11,0,4,30,1,35,26,0,26,61
05/27/2001,BTL,MI,AGL,CE,Federal Contract Tower,0,2,12,8,22,0,0,0,0,0,0,2,12,8,22,0,0,0,22
05/28/2001,BTL,MI,AGL,CE,Federal Contract Tower,0,1,16,0,17,0,0,22,4,26,0,1,38,4,43,10,0,10,53
05/29/2001,BTL,MI,AGL,CE,Federal Contract Tower,0,1,79,6,86,0,0,258,12,270,0,1,337,18,356,180,6,186,542
05/30/2001,BTL,MI,AGL,CE,Federal Contract Tower,0,4,26,8,38,0,0,400,16,416,0,4,426,24,454,228,6,234,688
05/31/2001,BTL,MI,AGL,CE,Federal Contract Tower,0,0,30,4,34,0,1,261,9,271,0,1,291,13,305,172,6,178,483
06/01/2001,BTL,MI,AGL,CE,Federal Contract Tower,0,1,50,5,56,0,0,6,3,9,0,1,56,8,65,2,0,2,67
06/02/2001,BTL,MI,AGL,CE,Federal Contract Tower,0,4,8,0,12,0,0,14,0,14,0,4,22,0,26,18,0,18,44
06/03/2001,BTL,MI,AGL,CE,Federal Contract Tower,0,4,12,0,16,0,0,36,0,36,0,4,48,0,52,78,0,78,130
06/04/2001,BTL,MI,AGL,CE,Federal Contract Tower,0,3,91,0,94,0,0,174,0,174,0,3,265,0,268,160,0,160,428
06/05/2001,BTL,MI,AGL,CE,Federal Contract Tower,0,3,61,1,65,0,0,82,11,93,0,3,143,12,158,156,2,158,316
06/06/2001,BTL,MI,AGL,CE,Federal Contract Tower,0,13,74,13,100,0,0,18,9,27,0,13,92,22,127,38,4,42,169
06/07/2001,BTL,MI,AGL,CE,Federal Contract Tower,0,1,43,6,50,0,1,270,16,287,0,2,313,22,337,248,0,248,585
06/08/2001,BTL,MI,AGL,CE,Federal Contract Tower,0,2,24,7,33,0,1,319,17,337,0,3,343,24,370,214,0,214,584
06/09/2001,BTL,MI,AGL,CE,Federal Contract Tower,0,5,5,0,10,0,0,163,0,163,0,5,168,0,173,98,0,98,271
06/10/2001,BTL,MI,AGL,CE,Federal Contract Tower,0,3,6,1,10,0,3,78,1,82,0,6,84,2,92,82,0,82,174
06/11/2001,BTL,MI,AGL,CE,Federal Contract Tower,0,7,25,1,33,0,0,323,3,326,0,7,348,4,359,184,0,184,543
06/12/2001,BTL,MI,AGL,CE,Federal Contract Tower,0,3,45,5,53,0,0,235,8,243,0,3,280,13,296,204,0,204,500
06/13/2001,BTL,MI,AGL,CE,Federal Contract Tower,0,2,37,6,45,0,2,257,13,272,0,4,294,19,317,264,0,264,581
06/14/2001,BTL,MI,AGL,CE,Federal Contract Tower,0,1,83,15,99,0,0,87,9,96,0,1,170,24,195,114,0,114,309
06/15/2001,BTL,MI,AGL,CE,Federal Contract Tower,0,3,45,10,58,0,0,45,2,47,0,3,90,12,105,36,0,36,141
06/16/2001,BTL,MI,AGL,CE,Federal Contract Tower,0,0,1,0,1,0,0,193,0,193,0,0,194,0,194,98,0,98,292
06/17/2001,BTL,MI,AGL,CE,Federal Contract Tower,0,2,2,0,4,0,5,96,0,101,0,7,98,0,105,66,0,66,171
06/18/2001,BTL,MI,AGL,CE,Federal Contract Tower,0,1,28,3,32,0,0,118,2,120,0,1,146,5,152,136,0,136,288
06/19/2001,BTL,MI,AGL,CE,Federal Contract Tower,0,2,24,10,36,0,0,192,4,196,0,2,216,14,232,168,2,170,402
06/20/2001,BTL,MI,AGL,CE,Federal Contract Tower,0,5,32,11,48,0,5,370,18,393,0,10,402,29,441,239,5,244,685
06/21/2001,BTL,MI,AGL,CE,Federal Contract Tower,0,6,62,8,76,0,0,50,0,50,0,6,112,8,126,74,6,80,206
06/22/2001,BTL,MI,AGL,CE,Federal Contract Tower,0,9,49,7,65,0,2,171,7,180,0,11,220,14,245,218,5,223,468
06/23/2001,BTL,MI,AGL,CE,Federal Contract Tower,0,2,5,6,13,0,1,167,16,184,0,3,172,22,197,158,6,164,361
06/24/2001,BTL,MI,AGL,CE,Federal Contract Tower,0,1,2,9,12,0,0,99,14,113,0,1,101,23,125,114,6,120,245
06/25/2001,BTL,MI,AGL,CE,Federal Contract Tower,0,2,37,1,40,0,0,317,1,318,0,2,354,2,358,246,0,246,604
06/26/2001,BTL,MI,AGL,CE,Federal Contract Tower,0,2,19,6,27,0,0,375,5,380,0,2,394,11,407,210,4,214,621
06/27/2001,BTL,MI,AGL,CE,Federal Contract Tower,0,2,17,4,23,0,4,389,18,411,0,6,406,22,434,218,6,224,658
06/28/2001,BTL,MI,AGL,CE,Federal Contract Tower,0,5,38,5,48,0,3,293,12,308,0,8,331,17,356,319,2,321,677
06/29/2001,BTL,MI,AGL,CE,Federal Contract Tower,0,8,40,4,52,0,0,193,1,194,0,8,233,5,246,188,0,188,434
06/30/2001,BTL,MI,AGL,CE,Federal Contract Tower,0,2,8,0,10,0,0,69,0,69,0,2,77,0,79,58,0,58,137
07/01/2001,BTL,MI,AGL,CE,Federal Contract Tower,0,0,2,3,5,0,1,48,0,49,0,1,50,3,54,36,22,58,112
07/02/2001,BTL,MI,AGL,CE,Federal Contract Tower,0,0,19,1,20,0,0,256,9,265,0,0,275,10,285,194,0,194,479
07/03/2001,BTL,MI,AGL,CE,Federal Contract Tower,0,3,18,5,26,0,1,136,8,145,0,4,154,13,171,88,4,92,263
07/04/2001,BTL,MI,AGL,CE,Federal Contract Tower,0,0,12,2,14,0,1,51,8,60,0,1,63,10,74,34,24,58,132
07/05/2001,BTL,MI,AGL,CE,Federal Contract Tower,0,2,23,11,36,0,1,199,11,211,0,3,222,22,247,22,2,24,271
07/06/2001,BTL,MI,AGL,CE,Federal Contract Tower,0,1,11,17,29,0,1,146,15,162,0,2,157,32,191,59,36,95,286
07/07/2001,BTL,MI,AGL,CE,Federal Contract Tower,0,4,12,0,16,0,0,66,10,76,0,4,78,10,92,32,6,38,130
07/08/2001,BTL,MI,AGL,CE,Federal Contract Tower,0,2,16,7,25,0,0,108,32,140,0,2,124,39,165,138,22,160,325
07/09/2001,BTL,MI,AGL,CE,Federal Contract Tower,0,2,29,9,40,0,0,311,10,321,0,2,340,19,361,238,0,238,599
07/10/2001,BTL,MI,AGL,CE,Federal Contract Tower,0,3,37,7,47,0,3,258,3,264,0,6,295,10,311,170,0,170,481
07/11/2001,BTL,MI,AGL,CE,Federal Contract Tower,0,8,32,0,40,0,2,334,3,339,0,10,366,3,379,254,0,254,633
07/12/2001,BTL,MI,AGL,CE,Federal Contract Tower,0,4,34,0,38,0,0,338,0,338,0,4,372,0,376,294,0,294,670
07/13/2001,BTL,MI,AGL,CE,Federal Contract Tower,0,5,27,0,32,0,0,248,0,248,0,5,275,0,280,122,0,122,402
07/14/2001,BTL,MI,AGL,CE,Federal Contract Tower,0,2,7,1,10,0,0,132,7,139,0,2,139,8,149,96,2,98,247
07/15/2001,BTL,MI,AGL,CE,Federal Contract Tower,0,1,2,0,3,0,3,144,1,148,0,4,146,1,151,98,0,98,249
07/16/2001,BTL,MI,AGL,CE,Federal Contract Tower,0,6,32,0,38,0,0,306,0,306,0,6,338,0,344,224,0,224,568
07/17/2001,BTL,MI,AGL,CE,Federal Contract Tower,0,5,27,0,32,0,0,158,0,158,0,5,185,0,190,194,0,194,384
07/18/2001,BTL,MI,AGL,CE,Federal Contract Tower,0,5,80,2,87,0,0,120,0,120,0,5,200,2,207,124,0,124,331
07/19/2001,BTL,MI,AGL,CE,Federal Contract Tower,0,3,58,2,63,0,3,121,0,124,0,6,179,2,187,148,0,148,335
07/20/2001,BTL,MI,AGL,CE,Federal Contract Tower,0,4,66,0,70,0,6,77,2,85,0,10,143,2,155,96,0,96,251
07/21/2001,BTL,MI,AGL,CE,Federal Contract Tower,0,0,13,0,13,0,0,36,0,36,0,0,49,0,49,22,2,24,73
07/22/2001,BTL,MI,AGL,CE,Federal Contract Tower,0,0,7,0,7,0,1,41,0,42,0,1,48,0,49,48,12,60,109
07/23/2001,BTL,MI,AGL,CE,Federal Contract Tower,0,1,27,0,28,0,0,12,0,12,0,1,39,0,40,4,0,4,44
07/24/2001,BTL,MI,AGL,CE,Federal Contract Tower,0,1,49,2,52,0,2,152,0,154,0,3,201,2,206,194,0,194,400
07/25/2001,BTL,MI,AGL,CE,Federal Contract Tower,0,2,41,0,43,0,0,47,0,47,0,2,88,0,90,130,0,130,220
07/26/2001,BTL,MI,AGL,CE,Federal Contract Tower,0,5,26,2,33,0,5,320,2,327,0,10,346,4,360,198,0,198,558
07/27/2001,BTL,MI,AGL,CE,Federal Contract Tower,0,3,23,0,26,0,1,265,0,266,0,4,288,0,292,98,0,98,390
07/28/2001,BTL,MI,AGL,CE,Federal Contract Tower,0,3,7,0,10,0,3,179,12,194,0,6,186,12,204,76,0,76,280
07/29/2001,BTL,MI,AGL,CE,Federal Contract Tower,0,2,12,6,20,0,1,24,0,25,0,3,36,6,45,22,0,22,67
07/30/2001,BTL,MI,AGL,CE,Federal Contract Tower,0,3,45,2,50,0,2,140,0,142,0,5,185,2,192,196,0,196,388
07/31/2001,BTL,MI,AGL,CE,Federal Contract Tower,0,3,66,2,71,0,0,167,6,173,0,3,233,8,244,230,2,232,476
08/01/2001,BTL,MI,AGL,CE,Federal Contract Tower,0,3,33,3,39,0,0,141,5,146,0,3,174,8,185,168,2,170,355
08/02/2001,BTL,MI,AGL,CE,Federal Contract Tower,0,2,65,1,68,0,2,55,7,64,0,4,120,8,132,102,4,106,238
08/03/2001,BTL,MI,AGL,CE,Federal Contract Tower,0,3,42,6,51,0,1,249,19,269,0,4,291,25,320,94,4,98,418
08/04/2001,BTL,MI,AGL,CE,Federal Contract Tower,0,2,8,6,16,0,4,155,15,174,0,6,163,21,190,90,10,100,290
08/05/2001,BTL,MI,AGL,CE,Federal Contract Tower,0,0,5,2,7,0,1,90,16,107,0,1,95,18,114,66,4,70,184
08/06/2001,BTL,MI,AGL,CE,Federal Contract Tower,0,1,26,0,27,0,0,266,0,266,0,1,292,0,293,210,0,210,503
08/07/2001,BTL,MI,AGL,CE,Federal Contract Tower,0,9,62,15,86,0,0,165,11,176,0,9,227,26,262,154,2,156,418
08/08/2001,BTL,MI,AGL,CE,Federal Contract Tower,0,3,62,8,73,0,0,134,8,142,0,3,196,16,215,216,8,224,439
08/09/2001,BTL,MI,AGL,CE,Federal Contract Tower,0,12,52,4,68,0,0,97,6,103,0,12,149,10,171,108,4,112,283
08/10/2001,BTL,MI,AGL,CE,Federal Contract Tower,0,2,28,8,38,0,0,242,4,246,0,2,270,12,284,220,10,230,514
08/11/2001,BTL,MI,AGL,CE,Federal Contract Tower,0,3,8,0,11,0,1,111,0,112,0,4,119,0,123,84,0,84,207
08/12/2001,BTL,MI,AGL,CE,Federal Contract Tower,0,0,2,0,2,0,0,131,0,131,0,0,133,0,133,148,0,148,281
08/13/2001,BTL,MI,AGL,CE,Federal Contract Tower,0,0,30,2,32,0,0,217,0,217,0,0,247,2,249,222,0,222,471
08/14/2001,BTL,MI,AGL,CE,Federal Contract Tower,0,2,23,15,40,0,0,285,7,292,0,2,308,22,332,282,36,318,650
08/15/2001,BTL,MI,AGL,CE,Federal Contract Tower,0,2,18,8,28,0,0,224,12,236,0,2,242,20,264,210,16,226,490
08/16/2001,BTL,MI,AGL,CE,Federal Contract Tower,0,1,17,3,21,0,1,0,5,6,0,2,17,8,27,4,0,4,31
08/17/2001,BTL,MI,AGL,CE,Federal Contract Tower,0,1,49,7,57,0,0,81,5,86,0,1,130,12,143,164,0,164,307
08/18/2001,BTL,MI,AGL,CE,Federal Contract Tower,0,0,9,2,11,0,0,103,14,117,0,0,112,16,128,160,0,160,288
08/19/2001,BTL,MI,AGL,CE,Federal Contract Tower,0,4,12,1,17,0,2,18,0,20,0,6,30,1,37,68,0,68,105
08/20/2001,BTL,MI,AGL,CE,Federal Contract Tower,0,5,27,1,33,0,0,233,2,235,0,5,260,3,268,230,0,230,498
08/21/2001,BTL,MI,AGL,CE,Federal Contract Tower,0,4,36,7,47,0,0,255,8,263,0,4,291,15,310,202,0,202,512
08/22/2001,BTL,MI,AGL,CE,Federal Contract Tower,0,0,16,2,18,0,0,0,0,0,0,0,16,2,18,6,0,6,24
08/23/2001,BTL,MI,AGL,CE,Federal Contract Tower,0,2,49,13,64,0,0,63,11,74,0,2,112,24,138,140,0,140,278
08/24/2001,BTL,MI,AGL,CE,Federal Contract Tower,0,6,50,8,64,0,0,49,11,60,0,6,99,19,124,68,0,68,192
08/25/2001,BTL,MI,AGL,CE,Federal Contract Tower,0,0,9,0,9,0,0,5,0,5,0,0,14,0,14,8,0,8,22
08/26/2001,BTL,MI,AGL,CE,Federal Contract Tower,0,1,15,0,16,0,0,44,0,44,0,1,59,0,60,68,0,68,128
08/27/2001,BTL,MI,AGL,CE,Federal Contract Tower,0,0,38,1,39,0,0,139,0,139,0,0,177,1,178,244,0,244,422
08/28/2001,BTL,MI,AGL,CE,Federal Contract Tower,0,2,43,1,46,0,0,267,9,276,0,2,310,10,322,204,2,206,528
08/29/2001,BTL,MI,AGL,CE,Federal Contract Tower,0,0,38,6,44,0,0,385,7,392,0,0,423,13,436,254,2,256,692
08/30/2001,BTL,MI,AGL,CE,Federal Contract Tower,0,0,27,4,31,0,1,237,3,241,0,1,264,7,272,232,4,236,508
08/31/2001,BTL,MI,AGL,CE,Federal Contract Tower,0,2,33,2,37,0,0,259,0,259,0,2,292,2,296,228,2,230,526
09/01/2001,BTL,MI,AGL,CE,Federal Contract Tower,0,1,3,0,4,0,0,119,0,119,0,1,122,0,123,122,0,122,245
09/02/2001,BTL,MI,AGL,CE,Federal Contract Tower,0,9,1,1,11,0,0,87,1,88,0,9,88,2,99,72,2,74,173
09/03/2001,BTL,MI,AGL,CE,Federal Contract Tower,0,0,2,3,5,0,0,46,0,46,0,0,48,3,51,38,0,38,89
09/04/2001,BTL,MI,AGL,CE,Federal Contract Tower,0,0,32,7,39,0,0,268,7,275,0,0,300,14,314,226,2,228,542
09/05/2001,BTL,MI,AGL,CE,Federal Contract Tower,0,4,32,6,42,0,0,361,9,370,0,4,393,15,412,252,6,258,670
09/06/2001,BTL,MI,AGL,CE,Federal Contract Tower,0,8,26,6,40,0,0,391,10,401,0,8,417,16,441,246,0,246,687
09/07/2001,BTL,MI,AGL,CE,Federal Contract Tower,0,7,25,8,40,0,0,39,10,49,0,7,64,18,89,68,0,68,157
09/08/2001,BTL,MI,AGL,CE,Federal Contract Tower,0,2,14,2,18,0,0,24,4,28,0,2,38,6,46,72,0,72,118
09/09/2001,BTL,MI,AGL,CE,Federal Contract Tower,0,5,4,1,10,0,0,7,0,7,0,5,11,1,17,26,0,26,43
09/10/2001,BTL,MI,AGL,CE,Federal Contract Tower,0,0,61,0,61,0,0,227,0,227,0,0,288,0,288,180,0,180,468
09/11/2001,BTL,MI,AGL,CE,Federal Contract Tower,0,0,7,1,8,0,0,69,3,72,0,0,76,4,80,2,0,2,82
09/12/2001,BTL,MI,AGL,CE,Federal Contract Tower,0,0,0,0,0,0,0,0,0,0,0,0,0,0,0,0,0,0,0
09/13/2001,BTL,MI,AGL,CE,Federal Contract Tower,0,0,2,0,2,0,0,1,0,1,0,0,3,0,3,0,0,0,3
09/14/2001,BTL,MI,AGL,CE,Federal Contract Tower,0,4,6,4,14,0,0,2,4,6,0,4,8,8,20,0,6,6,26
09/15/2001,BTL,MI,AGL,CE,Federal Contract Tower,0,2,14,0,16,0,0,15,0,15,0,2,29,0,31,0,0,0,31
09/16/2001,BTL,MI,AGL,CE,Federal Contract Tower,0,0,24,0,24,0,0,0,0,0,0,0,24,0,24,0,0,0,24
09/17/2001,BTL,MI,AGL,CE,Federal Contract Tower,0,2,64,0,66,0,0,0,0,0,0,2,64,0,66,26,0,26,92
09/18/2001,BTL,MI,AGL,CE,Federal Contract Tower,0,0,53,13,66,0,0,0,8,8,0,0,53,21,74,20,6,26,100
09/19/2001,BTL,MI,AGL,CE,Federal Contract Tower,0,5,46,15,66,0,0,0,0,0,0,5,46,15,66,10,0,10,76
09/20/2001,BTL,MI,AGL,CE,Federal Contract Tower,0,11,61,18,90,0,0,22,6,28,0,11,83,24,118,0,0,0,118
09/21/2001,BTL,MI,AGL,CE,Federal Contract Tower,0,2,24,4,30,0,6,0,6,12,0,8,24,10,42,4,0,4,46
09/22/2001,BTL,MI,AGL,CE,Federal Contract Tower,0,0,15,8,23,0,0,49,12,61,0,0,64,20,84,18,0,18,102
09/23/2001,BTL,MI,AGL,CE,Federal Contract Tower,0,0,8,10,18,0,0,27,10,37,0,0,35,20,55,38,0,38,93
09/24/2001,BTL,MI,AGL,CE,Federal Contract Tower,0,2,44,0,46,0,0,21,0,21,0,2,65,0,67,48,0,48,115
09/25/2001,BTL,MI,AGL,CE,Federal Contract Tower,0,8,56,12,76,0,0,13,6,19,0,8,69,18,95,40,0,40,135
09/26/2001,BTL,MI,AGL,CE,Federal Contract Tower,0,1,80,14,95,0,0,80,6,86,0,1,160,20,181,140,0,140,321
09/27/2001,BTL,MI,AGL,CE,Federal Contract Tower,0,2,83,6,91,0,0,210,2,212,0,2,293,8,303,316,0,316,619
09/28/2001,BTL,MI,AGL,CE,Federal Contract Tower,0,5,68,0,73,0,0,132,2,134,0,5,200,2,207,220,0,220,427
09/29/2001,BTL,MI,AGL,CE,Federal Contract Tower,0,0,7,0,7,0,0,134,0,134,0,0,141,0,141,202,0,202,343
09/30/2001,BTL,MI,AGL,CE,Federal Contract Tower,0,0,7,0,7,0,0,146,0,146,0,0,153,0,153,146,0,146,299
10/01/2001,BTL,MI,AGL,CE,Federal Contract Tower,0,8,31,0,39,0,1,356,0,357,0,9,387,0,396,266,0,266,662
10/02/2001,BTL,MI,AGL,CE,Federal Contract Tower,0,0,31,9,40,0,0,281,11,292,0,0,312,20,332,238,2,240,572
10/03/2001,BTL,MI,AGL,CE,Federal Contract Tower,0,1,30,2,33,0,0,215,13,228,0,1,245,15,261,126,2,128,389
10/04/2001,BTL,MI,AGL,CE,Federal Contract Tower,0,1,44,7,52,0,0,167,12,179,0,1,211,19,231,246,4,250,481
10/05/2001,BTL,MI,AGL,CE,Federal Contract Tower,0,5,67,0,72,0,2,21,0,23,0,7,88,0,95,0,0,0,95
10/06/2001,BTL,MI,AGL,CE,Federal Contract Tower,0,2,4,0,6,0,0,29,0,29,0,2,33,0,35,10,0,10,45
10/07/2001,BTL,MI,AGL,CE,Federal Contract Tower,0,1,7,0,8,0,0,78,0,78,0,1,85,0,86,102,0,102,188
10/08/2001,BTL,MI,AGL,CE,Federal Contract Tower,0,4,20,0,24,0,4,273,0,277,0,8,293,0,301,164,2,166,467
10/09/2001,BTL,MI,AGL,CE,Federal Contract Tower,0,1,39,12,52,0,0,255,5,260,0,1,294,17,312,174,0,174,486
10/10/2001,BTL,MI,AGL,CE,Federal Contract Tower,0,3,29,19,51,0,0,101,1,102,0,3,130,20,153,132,2,134,287
10/11/2001,BTL,MI,AGL,CE,Federal Contract Tower,0,6,47,14,67,0,2,151,9,162,0,8,198,23,229,268,2,270,499
10/12/2001,BTL,MI,AGL,CE,Federal Contract Tower,0,5,39,6,50,0,0,0,2,2,0,5,39,8,52,12,0,12,64
10/13/2001,BTL,MI,AGL,CE,Federal Contract Tower,0,0,10,0,10,0,20,0,0,20,0,20,10,0,30,10,0,10,40
10/14/2001,BTL,MI,AGL,CE,Federal Contract Tower,0,4,15,3,22,0,2,25,14,41,0,6,40,17,63,62,0,62,125
10/15/2001,BTL,MI,AGL,CE,Federal Contract Tower,0,7,47,0,54,0,0,289,0,289,0,7,336,0,343,280,0,280,623
10/16/2001,BTL,MI,AGL,CE,Federal Contract Tower,0,4,31,9,44,0,0,15,2,17,0,4,46,11,61,18,2,20,81
10/17/2001,BTL,MI,AGL,CE,Federal Contract Tower,0,4,23,11,38,0,0,290,13,303,0,4,313,24,341,402,10,412,753
10/18/2001,BTL,MI,AGL,CE,Federal Contract Tower,0,4,50,6,60,0,5,220,9,234,0,9,270,15,294,269,6,275,569
10/19/2001,BTL,MI,AGL,CE,Federal Contract Tower,0,4,50,6,60,0,0,216,14,230,0,4,266,20,290,240,10,250,540
10/20/2001,BTL,MI,AGL,CE,Federal Contract Tower,0,4,2,0,6,0,0,137,2,139,0,4,139,2,145,129,0,129,274
10/21/2001,BTL,MI,AGL,CE,Federal Contract Tower,0,4,18,0,22,0,0,80,4,84,0,4,98,4,106,104,0,104,210
10/22/2001,BTL,MI,AGL,CE,Federal Contract Tower,0,5,39,0,44,0,4,206,0,210,0,9,245,0,254,366,0,366,620
10/23/2001,BTL,MI,AGL,CE,Federal Contract Tower,0,2,60,11,73,0,0,42,3,45,0,2,102,14,118,118,0,118,236
10/24/2001,BTL,MI,AGL,CE,Federal Contract Tower,0,2,24,11,37,0,0,85,5,90,0,2,109,16,127,96,4,100,227
10/25/2001,BTL,MI,AGL,CE,Federal Contract Tower,0,12,26,8,46,0,0,0,0,0,0,12,26,8,46,0,0,0,46
10/26/2001,BTL,MI,AGL,CE,Federal Contract Tower,0,10,19,19,48,0,0,0,0,0,0,10,19,19,48,0,0,0,48
10/27/2001,BTL,MI,AGL,CE,Federal Contract Tower,0,3,6,0,9,0,0,54,0,54,0,3,60,0,63,136,0,136,199
10/28/2001,BTL,MI,AGL,CE,Federal Contract Tower,0,2,6,0,8,0,2,103,0,105,0,4,109,0,113,144,0,144,257
10/29/2001,BTL,MI,AGL,CE,Federal Contract Tower,0,7,41,0,48,0,0,339,0,339,0,7,380,0,387,244,0,244,631
10/30/2001,BTL,MI,AGL,CE,Federal Contract Tower,0,7,24,10,41,0,0,291,7,298,0,7,315,17,339,324,0,324,663
10/31/2001,BTL,MI,AGL,CE,Federal Contract Tower,0,5,42,9,56,0,1,255,10,266,0,6,297,19,322,224,2,226,548
11/01/2001,BTL,MI,AGL,CE,Federal Contract Tower,0,2,22,20,44,0,1,33,8,42,0,3,55,28,86,22,4,26,112
11/02/2001,BTL,MI,AGL,CE,Federal Contract Tower,0,1,48,10,59,0,1,207,28,236,0,2,255,38,295,202,0,202,497
11/03/2001,BTL,MI,AGL,CE,Federal Contract Tower,0,0,5,0,5,0,0,171,0,171,0,0,176,0,176,120,0,120,296
11/04/2001,BTL,MI,AGL,CE,Federal Contract Tower,0,1,5,8,14,0,0,126,26,152,0,1,131,34,166,68,6,74,240
11/05/2001,BTL,MI,AGL,CE,Federal Contract Tower,0,5,29,0,34,0,1,405,6,412,0,6,434,6,446,272,0,272,718
11/06/2001,BTL,MI,AGL,CE,Federal Contract Tower,0,1,40,2,43,0,0,411,8,419,0,1,451,10,462,378,0,378,840
11/07/2001,BTL,MI,AGL,CE,Federal Contract Tower,0,6,18,11,35,0,0,391,11,402,0,6,409,22,437,408,0,408,845
11/08/2001,BTL,MI,AGL,CE,Federal Contract Tower,0,7,51,15,73,0,0,55,8,63,0,7,106,23,136,48,0,48,184
11/09/2001,BTL,MI,AGL,CE,Federal Contract Tower,0,0,27,0,27,0,0,277,5,282,0,0,304,5,309,184,0,184,493
11/10/2001,BTL,MI,AGL,CE,Federal Contract Tower,0,1,8,0,9,0,0,127,6,133,0,1,135,6,142,96,0,96,238
11/11/2001,BTL,MI,AGL,CE,Federal Contract Tower,0,1,4,0,5,0,2,126,2,130,0,3,130,2,135,78,0,78,213
11/12/2001,BTL,MI,AGL,CE,Federal Contract Tower,0,6,41,0,47,0,1,350,0,351,0,7,391,0,398,266,0,266,664
11/13/2001,BTL,MI,AGL,CE,Federal Contract Tower,0,1,25,8,34,0,0,312,10,322,0,1,337,18,356,180,6,186,542
11/14/2001,BTL,MI,AGL,CE,Federal Contract Tower,0,1,25,8,34,0,6,73,16,95,0,7,98,24,129,22,8,30,159
11/15/2001,BTL,MI,AGL,CE,Federal Contract Tower,0,4,65,13,82,0,0,71,11,82,0,4,136,24,164,148,0,148,312
11/16/2001,BTL,MI,AGL,CE,Federal Contract Tower,0,3,47,4,54,0,0,150,7,157,0,3,197,11,211,188,0,188,399
11/17/2001,BTL,MI,AGL,CE,Federal Contract Tower,0,0,20,0,20,0,0,92,0,92,0,0,112,0,112,146,0,146,258
11/18/2001,BTL,MI,AGL,CE,Federal Contract Tower,0,1,14,0,15,0,0,2,0,2,0,1,16,0,17,26,0,26,43
11/19/2001,BTL,MI,AGL,CE,Federal Contract Tower,0,4,53,0,57,0,0,14,0,14,0,4,67,0,71,12,0,12,83
11/20/2001,BTL,MI,AGL,CE,Federal Contract Tower,0,0,33,7,40,0,0,395,14,409,0,0,428,21,449,286,2,288,737
11/21/2001,BTL,MI,AGL,CE,Federal Contract Tower,0,3,25,5,33,0,1,178,9,188,0,4,203,14,221,130,4,134,355
11/22/2001,BTL,MI,AGL,CE,Federal Contract Tower,0,2,2,0,4,0,0,30,0,30,0,2,32,0,34,20,0,20,54
11/23/2001,BTL,MI,AGL,CE,Federal Contract Tower,0,1,4,0,5,0,0,22,0,22,0,1,26,0,27,8,0,8,35
11/24/2001,BTL,MI,AGL,CE,Federal Contract Tower,0,1,5,0,6,0,0,1,0,1,0,1,6,0,7,0,0,0,7
11/25/2001,BTL,MI,AGL,CE,Federal Contract Tower,0,2,10,0,12,0,0,2,0,2,0,2,12,0,14,0,4,4,18
11/26/2001,BTL,MI,AGL,CE,Federal Contract Tower,0,1,66,1,68,0,1,269,0,270,0,2,335,1,338,252,0,252,590
11/27/2001,BTL,MI,AGL,CE,Federal Contract Tower,0,1,30,18,49,0,2,27,0,29,0,3,57,18,78,39,22,61,139
11/28/2001,BTL,MI,AGL,CE,Federal Contract Tower,0,4,68,18,90,0,0,28,6,34,0,4,96,24,124,160,4,164,288
11/29/2001,BTL,MI,AGL,CE,Federal Contract Tower,0,3,34,10,47,0,0,4,0,4,0,3,38,10,51,0,0,0,51
11/30/2001,BTL,MI,AGL,CE,Federal Contract Tower,0,4,42,19,65,0,0,3,5,8,0,4,45,24,73,0,0,0,73
12/01/2001,BTL,MI,AGL,CE,Federal Contract Tower,0,4,28,4,36,0,1,37,3,41,0,5,65,7,77,44,0,44,121
12/02/2001,BTL,MI,AGL,CE,Federal Contract Tower,0,4,11,0,15,0,0,66,1,67,0,4,77,1,82,86,0,86,168
12/03/2001,BTL,MI,AGL,CE,Federal Contract Tower,0,5,39,1,45,0,0,373,0,373,0,5,412,1,418,232,0,232,650
12/04/2001,BTL,MI,AGL,CE,Federal Contract Tower,0,6,60,14,80,0,3,160,6,169,0,9,220,20,249,158,0,158,407
12/05/2001,BTL,MI,AGL,CE,Federal Contract Tower,0,3,31,9,43,0,0,181,18,199,0,3,212,27,242,120,10,130,372
12/06/2001,BTL,MI,AGL,CE,Federal Contract Tower,0,3,30,10,43,0,0,319,21,340,0,3,349,31,383,372,0,372,755
12/07/2001,BTL,MI,AGL,CE,Federal Contract Tower,2,7,38,14,61,0,0,32,1,33,2,7,70,15,94,108,0,108,202
12/08/2001,BTL,MI,AGL,CE,Federal Contract Tower,0,4,12,11,27,0,0,14,11,25,0,4,26,22,52,74,0,74,126
12/09/2001,BTL,MI,AGL,CE,Federal Contract Tower,0,4,7,4,15,0,2,91,16,109,0,6,98,20,124,92,12,104,228
12/10/2001,BTL,MI,AGL,CE,Federal Contract Tower,0,7,40,0,47,0,3,220,0,223,0,10,260,0,270,152,0,152,422
12/11/2001,BTL,MI,AGL,CE,Federal Contract Tower,0,2,42,13,57,0,1,242,11,254,0,3,284,24,311,200,10,210,521
12/12/2001,BTL,MI,AGL,CE,Federal Contract Tower,0,2,53,13,68,0,0,11,11,22,0,2,64,24,90,6,0,6,96
12/13/2001,BTL,MI,AGL,CE,Federal Contract Tower,0,2,47,13,62,0,0,10,1,11,0,2,57,14,73,6,0,6,79
12/14/2001,BTL,MI,AGL,CE,Federal Contract Tower,0,5,19,7,31,0,0,0,0,0,0,5,19,7,31,0,0,0,31
12/15/2001,BTL,MI,AGL,CE,Federal Contract Tower,0,1,3,0,4,0,0,0,0,0,0,1,3,0,4,0,0,0,4
12/16/2001,BTL,MI,AGL,CE,Federal Contract Tower,0,0,5,0,5,0,0,40,0,40,0,0,45,0,45,34,0,34,79
12/17/2001,BTL,MI,AGL,CE,Federal Contract Tower,0,7,16,1,24,0,0,0,0,0,0,7,16,1,24,0,0,0,24
12/18/2001,BTL,MI,AGL,CE,Federal Contract Tower,0,6,67,20,93,0,3,197,10,210,0,9,264,30,303,200,6,206,509
12/19/2001,BTL,MI,AGL,CE,Federal Contract Tower,0,2,26,10,38,0,0,0,3,3,0,2,26,13,41,10,0,10,51
12/20/2001,BTL,MI,AGL,CE,Federal Contract Tower,0,2,40,15,57,0,2,142,35,179,0,4,182,50,236,158,0,158,394
12/21/2001,BTL,MI,AGL,CE,Federal Contract Tower,0,4,18,0,22,0,3,204,0,207,0,7,222,0,229,100,0,100,329
12/22/2001,BTL,MI,AGL,CE,Federal Contract Tower,0,0,1,0,1,0,0,25,0,25,0,0,26,0,26,8,0,8,34
12/23/2001,BTL,MI,AGL,CE,Federal Contract Tower,0,9,5,0,14,0,0,5,0,5,0,9,10,0,19,4,0,4,23
12/24/2001,BTL,MI,AGL,CE,Federal Contract Tower,0,2,0,0,2,0,0,0,0,0,0,2,0,0,2,0,0,0,2
12/25/2001,BTL,MI,AGL,CE,Federal Contract Tower,0,1,1,0,2,0,0,0,0,0,0,1,1,0,2,0,0,0,2
12/26/2001,BTL,MI,AGL,CE,Federal Contract Tower,0,0,6,0,6,0,0,1,0,1,0,0,7,0,7,0,0,0,7
12/27/2001,BTL,MI,AGL,CE,Federal Contract Tower,0,1,7,0,8,0,0,0,0,0,0,1,7,0,8,0,0,0,8
12/28/2001,BTL,MI,AGL,CE,Federal Contract Tower,0,0,1,0,1,0,0,0,0,0,0,0,1,0,1,0,0,0,1
12/29/2001,BTL,MI,AGL,CE,Federal Contract Tower,0,0,5,0,5,0,0,0,0,0,0,0,5,0,5,0,0,0,5
12/30/2001,BTL,MI,AGL,CE,Federal Contract Tower,0,0,4,0,4,0,0,0,0,0,0,0,4,0,4,4,0,4,8
12/31/2001,BTL,MI,AGL,CE,Federal Contract Tower,0,0,2,0,2,0,0,2,0,2,0,0,4,0,4,0,0,0,4
01/01/2002,BTL,MI,AGL,CE,Federal Contract Tower,0,0,6,0,6,0,0,10,0,10,0,0,16,0,16,4,0,4,20
01/02/2002,BTL,MI,AGL,CE,Federal Contract Tower,0,0,21,17,38,0,2,97,2,101,0,2,118,19,139,136,20,156,295
01/03/2002,BTL,MI,AGL,CE,Federal Contract Tower,0,0,14,14,28,0,3,132,6,141,0,3,146,20,169,112,2,114,283
01/04/2002,BTL,MI,AGL,CE,Federal Contract Tower,0,1,35,9,45,0,3,99,21,123,0,4,134,30,168,100,0,100,268
01/05/2002,BTL,MI,AGL,CE,Federal Contract Tower,0,0,10,10,20,0,0,55,10,65,0,0,65,20,85,66,6,72,157
01/06/2002,BTL,MI,AGL,CE,Federal Contract Tower,0,0,3,1,4,0,2,7,0,9,0,2,10,1,13,6,0,6,19
01/07/2002,BTL,MI,AGL,CE,Federal Contract Tower,0,2,31,2,35,0,5,59,0,64,0,7,90,2,99,122,0,122,221
01/08/2002,BTL,MI,AGL,CE,Federal Contract Tower,0,0,24,10,34,0,3,248,10,261,0,3,272,20,295,214,2,216,511
01/09/2002,BTL,MI,AGL,CE,Federal Contract Tower,0,0,23,9,32,0,0,237,17,254,0,0,260,26,286,132,4,136,422
01/10/2002,BTL,MI,AGL,CE,Federal Contract Tower,0,0,39,10,49,0,5,208,13,226,0,5,247,23,275,190,6,196,471
01/11/2002,BTL,MI,AGL,CE,Federal Contract Tower,0,1,42,13,56,0,3,169,13,185,0,4,211,26,241,214,2,216,457
01/12/2002,BTL,MI,AGL,CE,Federal Contract Tower,0,0,9,0,9,0,0,69,0,69,0,0,78,0,78,84,0,84,162
01/13/2002,BTL,MI,AGL,CE,Federal Contract Tower,0,0,19,0,19,0,2,158,0,160,0,2,177,0,179,216,0,216,395
01/14/2002,BTL,MI,AGL,CE,Federal Contract Tower,0,3,37,2,42,0,2,75,0,77,0,5,112,2,119,120,0,120,239
01/15/2002,BTL,MI,AGL,CE,Federal Contract Tower,0,0,26,10,36,0,0,5,4,9,0,0,31,14,45,0,0,0,45
01/16/2002,BTL,MI,AGL,CE,Federal Contract Tower,0,3,5,0,8,0,0,114,0,114,0,3,119,0,122,120,0,120,242
01/17/2002,BTL,MI,AGL,CE,Federal Contract Tower,0,3,29,2,34,0,2,13,1,16,0,5,42,3,50,2,0,2,52
01/18/2002,BTL,MI,AGL,CE,Federal Contract Tower,0,0,57,0,57,0,0,19,0,19,0,0,76,0,76,14,0,14,90
01/19/2002,BTL,MI,AGL,CE,Federal Contract Tower,0,0,17,0,17,0,2,127,0,129,0,2,144,0,146,236,0,236,382
01/20/2002,BTL,MI,AGL,CE,Federal Contract Tower,0,0,20,0,20,0,0,46,0,46,0,0,66,0,66,104,0,104,170
01/21/2002,BTL,MI,AGL,CE,Federal Contract Tower,0,0,11,0,11,0,1,2,0,3,0,1,13,0,14,0,0,0,14
01/22/2002,BTL,MI,AGL,CE,Federal Contract Tower,0,0,43,12,55,0,2,255,10,267,0,2,298,22,322,184,2,186,508
01/23/2002,BTL,MI,AGL,CE,Federal Contract Tower,0,1,29,4,34,0,2,0,6,8,0,3,29,10,42,0,0,0,42
01/24/2002,BTL,MI,AGL,CE,Federal Contract Tower,0,0,33,19,52,0,0,74,2,76,0,0,107,21,128,82,0,82,210
01/25/2002,BTL,MI,AGL,CE,Federal Contract Tower,0,0,45,3,48,0,0,231,9,240,0,0,276,12,288,136,2,138,426
01/26/2002,BTL,MI,AGL,CE,Federal Contract Tower,0,0,11,0,11,0,0,293,0,293,0,0,304,0,304,252,0,252,556
01/27/2002,BTL,MI,AGL,CE,Federal Contract Tower,0,0,4,0,4,0,2,144,0,146,0,2,148,0,150,144,0,144,294
01/28/2002,BTL,MI,AGL,CE,Federal Contract Tower,0,0,38,0,38,0,2,316,0,318,0,2,354,0,356,234,0,234,590
01/29/2002,BTL,MI,AGL,CE,Federal Contract Tower,0,0,11,11,22,0,0,0,2,2,0,0,11,13,24,0,2,2,26
01/30/2002,BTL,MI,AGL,CE,Federal Contract Tower,0,1,22,1,24,0,2,0,0,2,0,3,22,1,26,0,0,0,26
01/31/2002,BTL,MI,AGL,CE,Federal Contract Tower,0,0,4,0,4,0,0,0,0,0,0,0,4,0,4,0,0,0,4
02/01/2002,BTL,MI,AGL,CE,Federal Contract Tower,0,3,21,5,29,0,0,9,0,9,0,3,30,5,38,2,0,2,40
02/02/2002,BTL,MI,AGL,CE,Federal Contract Tower,0,5,9,4,18,0,0,240,6,246,0,5,249,10,264,218,0,218,482
02/03/2002,BTL,MI,AGL,CE,Federal Contract Tower,0,6,9,1,16,0,2,90,0,92,0,8,99,1,108,266,0,266,374
02/04/2002,BTL,MI,AGL,CE,Federal Contract Tower,0,2,38,0,40,0,0,190,0,190,0,2,228,0,230,190,0,190,420
02/05/2002,BTL,MI,AGL,CE,Federal Contract Tower,0,6,42,1,49,0,0,254,0,254,0,6,296,1,303,196,0,196,499
02/06/2002,BTL,MI,AGL,CE,Federal Contract Tower,0,7,24,0,31,0,1,355,6,362,0,8,379,6,393,290,0,290,683
02/07/2002,BTL,MI,AGL,CE,Federal Contract Tower,0,5,49,0,54,0,1,104,0,105,0,6,153,0,159,100,0,100,259
02/08/2002,BTL,MI,AGL,CE,Federal Contract Tower,0,6,46,2,54,0,0,262,1,263,0,6,308,3,317,196,0,196,513
02/09/2002,BTL,MI,AGL,CE,Federal Contract Tower,0,3,13,0,16,0,7,187,4,198,0,10,200,4,214,196,0,196,410
02/10/2002,BTL,MI,AGL,CE,Federal Contract Tower,0,1,17,0,18,0,2,26,0,28,0,3,43,0,46,88,0,88,134
02/11/2002,BTL,MI,AGL,CE,Federal Contract Tower,0,3,22,2,27,0,0,258,0,258,0,3,280,2,285,170,0,170,455
02/12/2002,BTL,MI,AGL,CE,Federal Contract Tower,0,2,29,0,31,0,0,11,0,11,0,2,40,0,42,0,0,0,42
02/13/2002,BTL,MI,AGL,CE,Federal Contract Tower,0,10,25,4,39,0,0,404,1,405,0,10,429,5,444,314,0,314,758
02/14/2002,BTL,MI,AGL,CE,Federal Contract Tower,0,5,17,0,22,0,0,189,2,191,0,5,206,2,213,206,0,206,419
02/15/2002,BTL,MI,AGL,CE,Federal Contract Tower,2,1,34,4,41,0,0,80,2,82,2,1,114,6,123,60,0,60,183
02/16/2002,BTL,MI,AGL,CE,Federal Contract Tower,0,4,6,11,21,0,0,11,0,11,0,4,17,11,32,2,0,2,34
02/17/2002,BTL,MI,AGL,CE,Federal Contract Tower,0,2,15,0,17,0,0,183,1,184,0,2,198,1,201,222,0,222,423
02/18/2002,BTL,MI,AGL,CE,Federal Contract Tower,0,1,28,0,29,0,0,256,0,256,0,1,284,0,285,146,0,146,431
02/19/2002,BTL,MI,AGL,CE,Federal Contract Tower,0,2,71,3,76,0,0,2,0,2,0,2,73,3,78,38,2,40,118
02/20/2002,BTL,MI,AGL,CE,Federal Contract Tower,0,6,28,11,45,0,0,0,0,0,0,6,28,11,45,4,0,4,49
02/21/2002,BTL,MI,AGL,CE,Federal Contract Tower,0,5,26,10,41,0,0,3,0,3,0,5,29,10,44,0,0,0,44
02/22/2002,BTL,MI,AGL,CE,Federal Contract Tower,0,4,33,9,46,0,0,365,11,376,0,4,398,20,422,356,4,360,782
02/23/2002,BTL,MI,AGL,CE,Federal Contract Tower,0,1,9,0,10,0,1,297,2,300,0,2,306,2,310,310,0,310,620
02/24/2002,BTL,MI,AGL,CE,Federal Contract Tower,0,0,7,0,7,0,0,190,0,190,0,0,197,0,197,148,0,148,345
02/25/2002,BTL,MI,AGL,CE,Federal Contract Tower,0,3,60,2,65,0,0,117,1,118,0,3,177,3,183,152,0,152,335
02/26/2002,BTL,MI,AGL,CE,Federal Contract Tower,0,1,8,2,11,0,0,0,0,0,0,1,8,2,11,0,0,0,11
02/27/2002,BTL,MI,AGL,CE,Federal Contract Tower,0,3,28,14,45,0,0,12,4,16,0,3,40,18,61,50,0,50,111
02/28/2002,BTL,MI,AGL,CE,Federal Contract Tower,0,4,34,0,38,0,1,187,0,188,0,5,221,0,226,214,0,214,440
03/01/2002,BTL,MI,AGL,CE,Federal Contract Tower,0,5,27,5,37,0,1,175,11,187,0,6,202,16,224,266,0,266,490
03/02/2002,BTL,MI,AGL,CE,Federal Contract Tower,0,0,0,0,0,0,0,1,0,1,0,0,1,0,1,0,0,0,1
03/03/2002,BTL,MI,AGL,CE,Federal Contract Tower,0,1,7,0,8,0,0,1,0,1,0,1,8,0,9,2,0,2,11
03/04/2002,BTL,MI,AGL,CE,Federal Contract Tower,0,4,36,0,40,0,0,28,0,28,0,4,64,0,68,40,0,40,108
03/05/2002,BTL,MI,AGL,CE,Federal Contract Tower,0,1,28,0,29,0,1,0,6,7,0,2,28,6,36,68,0,68,104
03/06/2002,BTL,MI,AGL,CE,Federal Contract Tower,0,2,37,8,47,0,0,217,23,240,0,2,254,31,287,162,6,168,455
03/07/2002,BTL,MI,AGL,CE,Federal Contract Tower,0,1,7,23,31,0,0,5,15,20,0,1,12,38,51,0,2,2,53
03/08/2002,BTL,MI,AGL,CE,Federal Contract Tower,0,7,12,8,27,0,0,43,10,53,0,7,55,18,80,36,2,38,118
03/09/2002,BTL,MI,AGL,CE,Federal Contract Tower,0,4,3,11,18,0,0,0,0,0,0,4,3,11,18,0,4,4,22
03/10/2002,BTL,MI,AGL,CE,Federal Contract Tower,0,2,3,0,5,0,0,1,0,1,0,2,4,0,6,0,0,0,6
03/11/2002,BTL,MI,AGL,CE,Federal Contract Tower,0,3,29,1,33,0,1,228,1,230,0,4,257,2,263,160,6,166,429
03/12/2002,BTL,MI,AGL,CE,Federal Contract Tower,0,2,28,10,40,0,0,343,9,352,0,2,371,19,392,314,0,314,706
03/13/2002,BTL,MI,AGL,CE,Federal Contract Tower,0,3,41,12,56,0,0,343,17,360,0,3,384,29,416,356,2,358,774
03/14/2002,BTL,MI,AGL,CE,Federal Contract Tower,0,2,31,9,42,0,5,249,13,267,0,7,280,22,309,174,0,174,483
03/15/2002,BTL,MI,AGL,CE,Federal Contract Tower,0,6,40,8,54,0,0,78,6,84,0,6,118,14,138,92,0,92,230
03/16/2002,BTL,MI,AGL,CE,Federal Contract Tower,0,0,11,0,11,0,0,266,2,268,0,0,277,2,279,266,0,266,545
03/17/2002,BTL,MI,AGL,CE,Federal Contract Tower,0,0,5,0,5,0,0,161,0,161,0,0,166,0,166,242,0,242,408
03/18/2002,BTL,MI,AGL,CE,Federal Contract Tower,0,9,47,2,58,0,0,50,0,50,0,9,97,2,108,172,0,172,280
03/19/2002,BTL,MI,AGL,CE,Federal Contract Tower,0,1,26,17,44,0,0,388,16,404,0,1,414,33,448,268,4,272,720
03/20/2002,BTL,MI,AGL,CE,Federal Contract Tower,0,1,40,17,58,0,0,32,10,42,0,1,72,27,100,180,0,180,280
03/21/2002,BTL,MI,AGL,CE,Federal Contract Tower,0,7,20,10,37,0,0,0,0,0,0,7,20,10,37,0,0,0,37
03/22/2002,BTL,MI,AGL,CE,Federal Contract Tower,0,5,30,14,49,0,0,6,0,6,0,5,36,14,55,4,0,4,59
03/23/2002,BTL,MI,AGL,CE,Federal Contract Tower,0,1,10,1,12,0,0,34,0,34,0,1,44,1,46,12,0,12,58
03/24/2002,BTL,MI,AGL,CE,Federal Contract Tower,0,0,19,1,20,0,0,106,8,114,0,0,125,9,134,230,0,230,364
03/25/2002,BTL,MI,AGL,CE,Federal Contract Tower,0,9,31,6,46,0,0,133,3,136,0,9,164,9,182,82,4,86,268
03/26/2002,BTL,MI,AGL,CE,Federal Contract Tower,0,1,28,16,45,0,0,48,6,54,0,1,76,22,99,192,2,194,293
03/27/2002,BTL,MI,AGL,CE,Federal Contract Tower,0,0,27,10,37,0,0,451,7,458,0,0,478,17,495,332,4,336,831
03/28/2002,BTL,MI,AGL,CE,Federal Contract Tower,0,4,35,6,45,0,2,254,8,264,0,6,289,14,309,236,0,236,545
03/29/2002,BTL,MI,AGL,CE,Federal Contract Tower,0,2,26,3,31,0,0,36,13,49,0,2,62,16,80,136,2,138,218
03/30/2002,BTL,MI,AGL,CE,Federal Contract Tower,0,0,8,3,11,0,4,109,1,114,0,4,117,4,125,102,0,102,227
03/31/2002,BTL,MI,AGL,CE,Federal Contract Tower,0,0,3,0,3,0,0,20,1,21,0,0,23,1,24,10,0,10,34
04/01/2002,BTL,MI,AGL,CE,Federal Contract Tower,0,2,22,2,26,0,1,169,2,172,0,3,191,4,198,224,6,230,428
04/02/2002,BTL,MI,AGL,CE,Federal Contract Tower,0,1,17,0,18,0,0,0,0,0,0,1,17,0,18,0,0,0,18
04/03/2002,BTL,MI,AGL,CE,Federal Contract Tower,0,2,23,10,35,0,0,274,18,292,0,2,297,28,327,324,4,328,655
04/04/2002,BTL,MI,AGL,CE,Federal Contract Tower,0,6,52,17,75,0,0,37,15,52,0,6,89,32,127,62,2,64,191
04/05/2002,BTL,MI,AGL,CE,Federal Contract Tower,0,4,37,10,51,0,1,168,2,171,0,5,205,12,222,146,0,146,368
04/06/2002,BTL,MI,AGL,CE,Federal Contract Tower,0,1,19,1,21,0,0,259,1,260,0,1,278,2,281,338,0,338,619
04/07/2002,BTL,MI,AGL,CE,Federal Contract Tower,0,0,12,3,15,0,0,123,0,123,0,0,135,3,138,318,8,326,464
04/08/2002,BTL,MI,AGL,CE,Federal Contract Tower,0,2,42,3,47,0,0,4,1,5,0,2,46,4,52,18,0,18,70
04/09/2002,BTL,MI,AGL,CE,Federal Contract Tower,0,4,37,8,49,0,0,158,6,164,0,4,195,14,213,146,2,148,361
04/10/2002,BTL,MI,AGL,CE,Federal Contract Tower,0,3,30,4,37,0,0,215,4,219,0,3,245,8,256,336,2,338,594
04/11/2002,BTL,MI,AGL,CE,Federal Contract Tower,0,2,20,3,25,0,1,178,5,184,0,3,198,8,209,454,0,454,663
04/12/2002,BTL,MI,AGL,CE,Federal Contract Tower,0,4,24,6,34,0,0,14,1,15,0,4,38,7,49,26,0,26,75
04/13/2002,BTL,MI,AGL,CE,Federal Contract Tower,0,2,24,0,26,0,0,82,2,84,0,2,106,2,110,316,0,316,426
04/14/2002,BTL,MI,AGL,CE,Federal Contract Tower,0,2,21,4,27,0,0,185,4,189,0,2,206,8,216,212,0,212,428
04/15/2002,BTL,MI,AGL,CE,Federal Contract Tower,0,3,36,1,40,0,0,301,0,301,0,3,337,1,341,168,0,168,509
04/16/2002,BTL,MI,AGL,CE,Federal Contract Tower,0,1,27,4,32,0,2,296,5,303,0,3,323,9,335,108,4,112,447
04/17/2002,BTL,MI,AGL,CE,Federal Contract Tower,2,4,72,7,85,0,2,228,5,235,2,6,300,12,320,306,2,308,628
04/18/2002,BTL,MI,AGL,CE,Federal Contract Tower,0,7,22,4,33,0,0,243,16,259,0,7,265,20,292,188,8,196,488
04/19/2002,BTL,MI,AGL,CE,Federal Contract Tower,0,3,34,8,45,0,2,284,20,306,0,5,318,28,351,326,0,326,677
04/20/2002,BTL,MI,AGL,CE,Federal Contract Tower,0,2,24,7,33,0,0,97,5,102,0,2,121,12,135,204,0,204,339
04/21/2002,BTL,MI,AGL,CE,Federal Contract Tower,0,2,3,6,11,0,1,7,1,9,0,3,10,7,20,28,0,28,48
04/22/2002,BTL,MI,AGL,CE,Federal Contract Tower,0,2,28,2,32,0,0,12,0,12,0,2,40,2,44,20,0,20,64
04/23/2002,BTL,MI,AGL,CE,Federal Contract Tower,0,0,28,5,33,0,0,425,7,432,0,0,453,12,465,362,4,366,831
04/24/2002,BTL,MI,AGL,CE,Federal Contract Tower,0,1,17,9,27,0,1,231,15,247,0,2,248,24,274,158,10,168,442
04/25/2002,BTL,MI,AGL,CE,Federal Contract Tower,0,3,19,7,29,0,0,130,19,149,0,3,149,26,178,108,4,112,290
04/26/2002,BTL,MI,AGL,CE,Federal Contract Tower,0,4,36,7,47,0,0,285,11,296,0,4,321,18,343,150,4,154,497
04/27/2002,BTL,MI,AGL,CE,Federal Contract Tower,0,0,7,2,9,0,0,67,2,69,0,0,74,4,78,46,0,46,124
04/28/2002,BTL,MI,AGL,CE,Federal Contract Tower,0,0,11,0,11,0,0,0,0,0,0,0,11,0,11,0,0,0,11
04/29/2002,BTL,MI,AGL,CE,Federal Contract Tower,0,2,44,5,51,0,0,104,2,106,0,2,148,7,157,222,0,222,379
04/30/2002,BTL,MI,AGL,CE,Federal Contract Tower,0,3,30,10,43,0,2,292,4,298,0,5,322,14,341,262,32,294,635
05/01/2002,BTL,MI,AGL,CE,Federal Contract Tower,0,3,23,10,36,0,1,387,13,401,0,4,410,23,437,216,4,220,657
05/02/2002,BTL,MI,AGL,CE,Federal Contract Tower,0,6,69,17,92,0,2,26,12,40,0,8,95,29,132,138,0,138,270
05/03/2002,BTL,MI,AGL,CE,Federal Contract Tower,0,14,30,8,52,0,0,368,16,384,0,14,398,24,436,268,6,274,710
05/04/2002,BTL,MI,AGL,CE,Federal Contract Tower,0,4,8,5,17,0,0,172,18,190,0,4,180,23,207,158,2,160,367
05/05/2002,BTL,MI,AGL,CE,Federal Contract Tower,0,0,12,0,12,0,0,105,1,106,0,0,117,1,118,80,0,80,198
05/06/2002,BTL,MI,AGL,CE,Federal Contract Tower,0,6,51,4,61,0,0,0,3,3,0,6,51,7,64,18,0,18,82
05/07/2002,BTL,MI,AGL,CE,Federal Contract Tower,0,4,69,13,86,0,0,133,6,139,0,4,202,19,225,222,8,230,455
05/08/2002,BTL,MI,AGL,CE,Federal Contract Tower,0,0,45,20,65,0,0,80,9,89,0,0,125,29,154,114,0,114,268
05/09/2002,BTL,MI,AGL,CE,Federal Contract Tower,0,4,34,8,46,0,0,18,1,19,0,4,52,9,65,21,12,33,98
05/10/2002,BTL,MI,AGL,CE,Federal Contract Tower,0,4,39,10,53,0,0,145,26,171,0,4,184,36,224,54,16,70,294
05/11/2002,BTL,MI,AGL,CE,Federal Contract Tower,0,3,10,0,13,0,0,114,0,114,0,3,124,0,127,76,0,76,203
05/12/2002,BTL,MI,AGL,CE,Federal Contract Tower,0,3,9,1,13,0,0,0,1,1,0,3,9,2,14,0,0,0,14
05/13/2002,BTL,MI,AGL,CE,Federal Contract Tower,0,3,52,0,55,0,0,98,4,102,0,3,150,4,157,180,0,180,337
05/14/2002,BTL,MI,AGL,CE,Federal Contract Tower,0,1,32,5,38,0,1,295,14,310,0,2,327,19,348,164,0,164,512
05/15/2002,BTL,MI,AGL,CE,Federal Contract Tower,0,2,36,5,43,0,0,398,14,412,0,2,434,19,455,234,0,234,689
05/16/2002,BTL,MI,AGL,CE,Federal Contract Tower,0,4,49,4,57,0,0,117,6,123,0,4,166,10,180,104,0,104,284
05/17/2002,BTL,MI,AGL,CE,Federal Contract Tower,0,2,29,6,37,0,1,289,3,293,0,3,318,9,330,260,0,260,590
05/18/2002,BTL,MI,AGL,CE,Federal Contract Tower,0,0,11,2,13,0,0,68,7,75,0,0,79,9,88,90,0,90,178
05/19/2002,BTL,MI,AGL,CE,Federal Contract Tower,0,0,14,3,17,0,0,108,5,113,0,0,122,8,130,120,6,126,256
05/20/2002,BTL,MI,AGL,CE,Federal Contract Tower,0,5,45,1,51,0,0,221,0,221,0,5,266,1,272,188,0,188,460
05/21/2002,BTL,MI,AGL,CE,Federal Contract Tower,0,1,28,11,40,0,0,418,5,423,0,1,446,16,463,404,22,426,889
05/22/2002,BTL,MI,AGL,CE,Federal Contract Tower,0,4,29,6,39,0,0,365,18,383,0,4,394,24,422,358,6,364,786
05/23/2002,BTL,MI,AGL,CE,Federal Contract Tower,0,1,33,10,44,0,0,204,23,227,0,1,237,33,271,214,2,216,487
05/24/2002,BTL,MI,AGL,CE,Federal Contract Tower,0,3,56,5,64,0,0,147,0,147,0,3,203,5,211,134,0,134,345
05/25/2002,BTL,MI,AGL,CE,Federal Contract Tower,0,0,8,2,10,0,0,15,0,15,0,0,23,2,25,24,0,24,49
05/26/2002,BTL,MI,AGL,CE,Federal Contract Tower,0,1,12,2,15,0,0,84,6,90,0,1,96,8,105,82,0,82,187
05/27/2002,BTL,MI,AGL,CE,Federal Contract Tower,0,2,7,3,12,0,0,65,8,73,0,2,72,11,85,14,4,18,103
05/28/2002,BTL,MI,AGL,CE,Federal Contract Tower,0,7,18,11,36,0,1,308,7,316,0,8,326,18,352,386,4,390,742
05/29/2002,BTL,MI,AGL,CE,Federal Contract Tower,0,4,44,5,53,0,0,107,3,110,0,4,151,8,163,222,0,222,385
05/30/2002,BTL,MI,AGL,CE,Federal Contract Tower,0,2,33,5,40,0,0,72,5,77,0,2,105,10,117,304,4,308,425
05/31/2002,BTL,MI,AGL,CE,Federal Contract Tower,0,2,23,5,30,0,8,382,4,394,0,10,405,9,424,252,4,256,680
06/01/2002,BTL,MI,AGL,CE,Federal Contract Tower,0,0,11,2,13,0,0,220,12,232,0,0,231,14,245,184,2,186,431
06/02/2002,BTL,MI,AGL,CE,Federal Contract Tower,0,1,11,3,15,0,0,82,17,99,0,1,93,20,114,148,0,148,262
06/03/2002,BTL,MI,AGL,CE,Federal Contract Tower,0,4,21,0,25,0,0,35,0,35,0,4,56,0,60,88,0,88,148
06/04/2002,BTL,MI,AGL,CE,Federal Contract Tower,0,4,36,17,57,0,0,38,1,39,0,4,74,18,96,70,8,78,174
06/05/2002,BTL,MI,AGL,CE,Federal Contract Tower,0,4,81,3,88,0,0,17,0,17,0,4,98,3,105,28,0,28,133
06/06/2002,BTL,MI,AGL,CE,Federal Contract Tower,2,9,34,13,58,0,0,319,9,328,2,9,353,22,386,340,4,344,730
06/07/2002,BTL,MI,AGL,CE,Federal Contract Tower,0,3,24,6,33,0,5,435,16,456,0,8,459,22,489,198,2,200,689
06/08/2002,BTL,MI,AGL,CE,Federal Contract Tower,0,0,7,3,10,2,1,150,5,158,2,1,157,8,168,209,0,209,377
06/09/2002,BTL,MI,AGL,CE,Federal Contract Tower,0,1,16,5,22,0,0,77,1,78,0,1,93,6,100,112,0,112,212
06/10/2002,BTL,MI,AGL,CE,Federal Contract Tower,0,5,46,0,51,0,0,209,0,209,0,5,255,0,260,256,0,256,516
06/11/2002,BTL,MI,AGL,CE,Federal Contract Tower,2,2,38,7,49,0,0,54,15,69,2,2,92,22,118,184,8,192,310
06/12/2002,BTL,MI,AGL,CE,Federal Contract Tower,0,3,53,11,67,0,0,151,8,159,0,3,204,19,226,240,0,240,466
06/13/2002,BTL,MI,AGL,CE,Federal Contract Tower,0,8,63,8,79,0,2,92,10,104,0,10,155,18,183,138,0,138,321
06/14/2002,BTL,MI,AGL,CE,Federal Contract Tower,0,4,63,11,78,0,0,57,3,60,0,4,120,14,138,134,4,138,276
06/15/2002,BTL,MI,AGL,CE,Federal Contract Tower,0,0,13,2,15,0,0,19,0,19,0,0,32,2,34,36,0,36,70
06/16/2002,BTL,MI,AGL,CE,Federal Contract Tower,0,2,14,0,16,0,0,55,0,55,0,2,69,0,71,38,0,38,109
06/17/2002,BTL,MI,AGL,CE,Federal Contract Tower,0,9,34,2,45,0,0,505,1,506,0,9,539,3,551,232,0,232,783
06/18/2002,BTL,MI,AGL,CE,Federal Contract Tower,0,3,43,10,56,0,0,570,17,587,0,3,613,27,643,320,4,324,967
06/19/2002,BTL,MI,AGL,CE,Federal Contract Tower,0,4,23,7,34,0,3,545,17,565,0,7,568,24,599,258,6,264,863
06/20/2002,BTL,MI,AGL,CE,Federal Contract Tower,0,5,32,12,49,0,0,375,14,389,0,5,407,26,438,442,4,446,884
06/21/2002,BTL,MI,AGL,CE,Federal Contract Tower,0,6,55,10,71,0,5,189,10,204,0,11,244,20,275,272,34,306,581
06/22/2002,BTL,MI,AGL,CE,Federal Contract Tower,0,2,14,5,21,0,0,89,0,89,0,2,103,5,110,106,12,118,228
06/23/2002,BTL,MI,AGL,CE,Federal Contract Tower,0,2,16,0,18,0,0,86,0,86,0,2,102,0,104,134,0,134,238
06/24/2002,BTL,MI,AGL,CE,Federal Contract Tower,0,6,66,3,75,0,0,311,1,312,0,6,377,4,387,220,2,222,609
06/25/2002,BTL,MI,AGL,CE,Federal Contract Tower,0,10,31,7,48,0,0,248,11,259,0,10,279,18,307,188,2,190,497
06/26/2002,BTL,MI,AGL,CE,Federal Contract Tower,0,4,56,17,77,0,0,161,10,171,0,4,217,27,248,184,2,186,434
06/27/2002,BTL,MI,AGL,CE,Federal Contract Tower,0,13,87,10,110,0,0,210,10,220,0,13,297,20,330,134,2,136,466
06/28/2002,BTL,MI,AGL,CE,Federal Contract Tower,0,5,33,5,43,0,4,436,1,441,0,9,469,6,484,228,4,232,716
06/29/2002,BTL,MI,AGL,CE,Federal Contract Tower,0,1,10,0,11,0,0,215,4,219,0,1,225,4,230,134,0,134,364
06/30/2002,BTL,MI,AGL,CE,Federal Contract Tower,0,3,16,3,22,0,0,97,6,103,0,3,113,9,125,94,8,102,227
07/01/2002,BTL,MI,AGL,CE,Federal Contract Tower,0,1,26,11,38,0,1,60,9,70,0,2,86,20,108,44,4,48,156
07/02/2002,BTL,MI,AGL,CE,Federal Contract Tower,0,1,29,6,36,0,2,117,9,128,0,3,146,15,164,36,0,36,200
07/03/2002,BTL,MI,AGL,CE,Federal Contract Tower,0,0,17,13,30,0,1,74,20,95,0,1,91,33,125,24,18,42,167
07/04/2002,BTL,MI,AGL,CE,Federal Contract Tower,0,0,11,8,19,0,0,66,3,69,0,0,77,11,88,28,14,42,130
07/05/2002,BTL,MI,AGL,CE,Federal Contract Tower,0,2,10,12,24,0,2,110,17,129,0,4,120,29,153,28,8,36,189
07/06/2002,BTL,MI,AGL,CE,Federal Contract Tower,0,3,3,2,8,0,1,136,14,151,0,4,139,16,159,122,30,152,311
07/07/2002,BTL,MI,AGL,CE,Federal Contract Tower,0,1,4,3,8,0,0,144,7,151,0,1,148,10,159,124,0,124,283
07/08/2002,BTL,MI,AGL,CE,Federal Contract Tower,0,2,83,10,95,0,0,196,0,196,0,2,279,10,291,238,0,238,529
07/09/2002,BTL,MI,AGL,CE,Federal Contract Tower,0,3,31,6,40,0,1,139,9,149,0,4,170,15,189,208,6,214,403
07/10/2002,BTL,MI,AGL,CE,Federal Contract Tower,0,2,30,6,38,0,0,387,25,412,0,2,417,31,450,214,6,220,670
07/11/2002,BTL,MI,AGL,CE,Federal Contract Tower,0,6,34,8,48,0,0,351,8,359,0,6,385,16,407,236,6,242,649
07/12/2002,BTL,MI,AGL,CE,Federal Contract Tower,0,5,19,6,30,0,0,382,12,394,0,5,401,18,424,258,12,270,694
07/13/2002,BTL,MI,AGL,CE,Federal Contract Tower,0,1,13,0,14,0,0,219,9,228,0,1,232,9,242,154,0,154,396
07/14/2002,BTL,MI,AGL,CE,Federal Contract Tower,0,5,7,2,14,0,1,121,6,128,0,6,128,8,142,112,0,112,254
07/15/2002,BTL,MI,AGL,CE,Federal Contract Tower,0,7,48,0,55,0,0,401,1,402,0,7,449,1,457,206,2,208,665
07/16/2002,BTL,MI,AGL,CE,Federal Contract Tower,0,1,28,7,36,0,0,430,14,444,0,1,458,21,480,252,8,260,740
07/17/2002,BTL,MI,AGL,CE,Federal Contract Tower,0,4,40,12,56,0,1,242,10,253,0,5,282,22,309,306,2,308,617
07/18/2002,BTL,MI,AGL,CE,Federal Contract Tower,0,0,44,11,55,0,0,98,5,103,0,0,142,16,158,112,14,126,284
07/19/2002,BTL,MI,AGL,CE,Federal Contract Tower,0,5,53,16,74,0,0,53,6,59,0,5,106,22,133,60,2,62,195
07/20/2002,BTL,MI,AGL,CE,Federal Contract Tower,0,7,9,0,16,0,0,217,6,223,0,7,226,6,239,150,0,150,389
07/21/2002,BTL,MI,AGL,CE,Federal Contract Tower,0,2,11,1,14,0,0,46,0,46,0,2,57,1,60,56,0,56,116
07/22/2002,BTL,MI,AGL,CE,Federal Contract Tower,0,5,38,0,43,0,0,156,2,158,0,5,194,2,201,155,0,155,356
07/23/2002,BTL,MI,AGL,CE,Federal Contract Tower,0,7,39,8,54,0,0,379,7,386,0,7,418,15,440,224,4,228,668
07/24/2002,BTL,MI,AGL,CE,Federal Contract Tower,0,1,46,11,58,0,1,397,12,410,0,2,443,23,468,235,10,245,713
07/25/2002,BTL,MI,AGL,CE,Federal Contract Tower,0,7,51,5,63,0,0,309,15,324,0,7,360,20,387,126,2,128,515
07/26/2002,BTL,MI,AGL,CE,Federal Contract Tower,0,4,86,5,95,0,0,136,10,146,0,4,222,15,241,192,0,192,433
07/27/2002,BTL,MI,AGL,CE,Federal Contract Tower,0,0,23,5,28,0,0,16,2,18,0,0,39,7,46,8,0,8,54
07/28/2002,BTL,MI,AGL,CE,Federal Contract Tower,0,0,3,12,15,0,0,24,4,28,0,0,27,16,43,14,0,14,57
07/29/2002,BTL,MI,AGL,CE,Federal Contract Tower,0,3,38,0,41,0,0,50,0,50,0,3,88,0,91,144,0,144,235
07/30/2002,BTL,MI,AGL,CE,Federal Contract Tower,0,0,41,8,49,0,0,296,14,310,0,0,337,22,359,186,10,196,555
07/31/2002,BTL,MI,AGL,CE,Federal Contract Tower,0,2,30,0,32,0,0,393,0,393,0,2,423,0,425,226,0,226,651
08/01/2002,BTL,MI,AGL,CE,Federal Contract Tower,0,3,43,9,55,0,1,258,15,274,0,4,301,24,329,146,10,156,485
08/02/2002,BTL,MI,AGL,CE,Federal Contract Tower,0,8,44,18,70,2,0,226,0,228,2,8,270,18,298,154,0,154,452
08/03/2002,BTL,MI,AGL,CE,Federal Contract Tower,0,1,10,4,15,0,2,108,6,116,0,3,118,10,131,104,18,122,253
08/04/2002,BTL,MI,AGL,CE,Federal Contract Tower,0,5,8,2,15,0,0,21,0,21,0,5,29,2,36,12,0,12,48
08/05/2002,BTL,MI,AGL,CE,Federal Contract Tower,2,4,66,3,75,0,0,113,1,114,2,4,179,4,189,130,4,134,323
08/06/2002,BTL,MI,AGL,CE,Federal Contract Tower,0,0,18,0,18,0,396,0,0,396,0,396,18,0,414,256,10,266,680
08/07/2002,BTL,MI,AGL,CE,Federal Contract Tower,0,1,33,9,43,0,5,327,13,345,0,6,360,22,388,276,2,278,666
08/08/2002,BTL,MI,AGL,CE,Federal Contract Tower,0,2,33,6,41,0,0,316,8,324,0,2,349,14,365,168,0,168,533
08/09/2002,BTL,MI,AGL,CE,Federal Contract Tower,0,5,42,15,62,0,2,325,7,334,0,7,367,22,396,138,2,140,536
08/10/2002,BTL,MI,AGL,CE,Federal Contract Tower,0,0,8,7,15,0,2,144,17,163,0,2,152,24,178,147,10,157,335
08/11/2002,BTL,MI,AGL,CE,Federal Contract Tower,0,1,12,9,22,0,0,72,1,73,0,1,84,10,95,62,10,72,167
08/12/2002,BTL,MI,AGL,CE,Federal Contract Tower,0,8,63,1,72,0,2,157,2,161,0,10,220,3,233,76,0,76,309
08/13/2002,BTL,MI,AGL,CE,Federal Contract Tower,0,1,46,9,56,0,0,125,9,134,0,1,171,18,190,84,4,88,278
08/14/2002,BTL,MI,AGL,CE,Federal Contract Tower,2,3,145,14,164,0,1,7,0,8,2,4,152,14,172,34,0,34,206
08/15/2002,BTL,MI,AGL,CE,Federal Contract Tower,0,8,74,7,89,0,0,130,5,135,0,8,204,12,224,110,6,116,340
08/16/2002,BTL,MI,AGL,CE,Federal Contract Tower,0,5,53,17,75,0,1,46,1,48,0,6,99,18,123,78,12,90,213
08/17/2002,BTL,MI,AGL,CE,Federal Contract Tower,0,1,8,4,13,0,0,11,2,13,0,1,19,6,26,0,0,0,26
08/18/2002,BTL,MI,AGL,CE,Federal Contract Tower,0,0,9,0,9,0,0,100,0,100,0,0,109,0,109,112,0,112,221
08/19/2002,BTL,MI,AGL,CE,Federal Contract Tower,0,2,50,3,55,0,0,24,0,24,0,2,74,3,79,74,0,74,153
08/20/2002,BTL,MI,AGL,CE,Federal Contract Tower,0,2,47,2,51,0,0,402,8,410,0,2,449,10,461,146,0,146,607
08/21/2002,BTL,MI,AGL,CE,Federal Contract Tower,0,5,37,5,47,0,2,340,9,351,0,7,377,14,398,232,4,236,634
08/22/2002,BTL,MI,AGL,CE,Federal Contract Tower,0,5,36,7,48,0,0,10,5,15,0,5,46,12,63,24,0,24,87
08/23/2002,BTL,MI,AGL,CE,Federal Contract Tower,0,3,40,2,45,0,0,4,0,4,0,3,44,2,49,4,0,4,53
08/24/2002,BTL,MI,AGL,CE,Federal Contract Tower,0,1,18,6,25,0,0,45,2,47,0,1,63,8,72,64,0,64,136
08/25/2002,BTL,MI,AGL,CE,Federal Contract Tower,0,2,23,0,25,2,4,129,0,135,2,6,152,0,160,147,0,147,307
08/26/2002,BTL,MI,AGL,CE,Federal Contract Tower,0,3,33,0,36,0,2,237,0,239,0,5,270,0,275,208,2,210,485
08/27/2002,BTL,MI,AGL,CE,Federal Contract Tower,0,0,40,2,42,0,0,266,7,273,0,0,306,9,315,194,0,194,509
08/28/2002,BTL,MI,AGL,CE,Federal Contract Tower,0,0,46,4,50,0,0,265,10,275,0,0,311,14,325,149,0,149,474
08/29/2002,BTL,MI,AGL,CE,Federal Contract Tower,0,0,47,7,54,0,0,243,8,251,0,0,290,15,305,174,6,180,485
08/30/2002,BTL,MI,AGL,CE,Federal Contract Tower,0,6,50,0,56,0,1,182,0,183,0,7,232,0,239,112,0,112,351
08/31/2002,BTL,MI,AGL,CE,Federal Contract Tower,0,1,0,2,3,0,0,40,0,40,0,1,40,2,43,36,0,36,79
09/01/2002,BTL,MI,AGL,CE,Federal Contract Tower,0,0,2,2,4,0,0,53,0,53,0,0,55,2,57,34,6,40,97
09/02/2002,BTL,MI,AGL,CE,Federal Contract Tower,0,3,9,2,14,0,0,15,1,16,0,3,24,3,30,18,0,18,48
09/03/2002,BTL,MI,AGL,CE,Federal Contract Tower,0,5,45,7,57,0,0,145,7,152,0,5,190,14,209,122,2,124,333
09/04/2002,BTL,MI,AGL,CE,Federal Contract Tower,0,5,28,3,36,0,0,254,13,267,0,5,282,16,303,170,2,172,475
09/05/2002,BTL,MI,AGL,CE,Federal Contract Tower,0,7,23,5,35,0,1,328,10,339,0,8,351,15,374,214,2,216,590
09/06/2002,BTL,MI,AGL,CE,Federal Contract Tower,0,4,47,8,59,0,0,279,9,288,0,4,326,17,347,106,2,108,455
09/07/2002,BTL,MI,AGL,CE,Federal Contract Tower,0,1,13,3,17,0,1,209,9,219,0,2,222,12,236,162,8,170,406
09/08/2002,BTL,MI,AGL,CE,Federal Contract Tower,0,3,14,4,21,0,0,173,14,187,0,3,187,18,208,166,10,176,384
09/09/2002,BTL,MI,AGL,CE,Federal Contract Tower,0,5,50,1,56,0,3,224,3,230,0,8,274,4,286,130,2,132,418
09/10/2002,BTL,MI,AGL,CE,Federal Contract Tower,0,3,56,8,67,0,1,112,1,114,0,4,168,9,181,96,6,102,283
09/11/2002,BTL,MI,AGL,CE,Federal Contract Tower,0,6,38,8,52,0,2,449,13,464,0,8,487,21,516,210,0,210,726
09/12/2002,BTL,MI,AGL,CE,Federal Contract Tower,0,7,23,7,37,0,0,414,16,430,0,7,437,23,467,301,16,317,784
09/13/2002,BTL,MI,AGL,CE,Federal Contract Tower,0,5,29,7,41,0,0,280,25,305,0,5,309,32,346,164,2,166,512
09/14/2002,BTL,MI,AGL,CE,Federal Contract Tower,0,2,10,4,16,0,0,255,2,257,0,2,265,6,273,172,2,174,447
09/15/2002,BTL,MI,AGL,CE,Federal Contract Tower,0,0,30,0,30,0,0,38,0,38,0,0,68,0,68,108,6,114,182
09/16/2002,BTL,MI,AGL,CE,Federal Contract Tower,0,6,19,3,28,0,1,265,4,270,0,7,284,7,298,138,4,142,440
09/17/2002,BTL,MI,AGL,CE,Federal Contract Tower,0,5,28,10,43,0,0,336,8,344,0,5,364,18,387,230,0,230,617
09/18/2002,BTL,MI,AGL,CE,Federal Contract Tower,0,6,74,11,91,0,2,74,3,79,0,8,148,14,170,206,0,206,376
09/19/2002,BTL,MI,AGL,CE,Federal Contract Tower,0,12,89,11,112,0,1,96,17,114,0,13,185,28,226,60,0,60,286
09/20/2002,BTL,MI,AGL,CE,Federal Contract Tower,0,2,59,8,69,0,0,28,3,31,0,2,87,11,100,46,0,46,146
09/21/2002,BTL,MI,AGL,CE,Federal Contract Tower,0,3,8,0,11,0,0,233,0,233,0,3,241,0,244,138,0,138,382
09/22/2002,BTL,MI,AGL,CE,Federal Contract Tower,0,0,24,2,26,0,0,95,0,95,0,0,119,2,121,138,2,140,261
09/23/2002,BTL,MI,AGL,CE,Federal Contract Tower,0,4,41,0,45,0,0,339,0,339,0,4,380,0,384,278,0,278,662
09/24/2002,BTL,MI,AGL,CE,Federal Contract Tower,0,4,25,5,34,0,2,433,18,453,0,6,458,23,487,198,32,230,717
09/25/2002,BTL,MI,AGL,CE,Federal Contract Tower,0,2,37,0,39,0,1,419,0,420,0,3,456,0,459,362,0,362,821
09/26/2002,BTL,MI,AGL,CE,Federal Contract Tower,2,6,37,1,46,0,2,243,0,245,2,8,280,1,291,228,0,228,519
09/27/2002,BTL,MI,AGL,CE,Federal Contract Tower,3,4,48,4,59,0,0,96,1,97,3,4,144,5,156,74,0,74,230
09/28/2002,BTL,MI,AGL,CE,Federal Contract Tower,2,2,8,0,12,0,0,201,0,201,2,2,209,0,213,196,0,196,409
09/29/2002,BTL,MI,AGL,CE,Federal Contract Tower,0,0,10,5,15,0,0,33,3,36,0,0,43,8,51,42,0,42,93
09/30/2002,BTL,MI,AGL,CE,Federal Contract Tower,0,6,26,0,32,0,1,275,0,276,0,7,301,0,308,190,0,190,498
10/01/2002,BTL,MI,AGL,CE,Federal Contract Tower,0,1,69,14,84,0,1,160,10,171,0,2,229,24,255,272,6,278,533
10/02/2002,BTL,MI,AGL,CE,Federal Contract Tower,0,6,68,19,93,0,2,34,7,43,0,8,102,26,136,68,16,84,220
10/03/2002,BTL,MI,AGL,CE,Federal Contract Tower,2,7,66,16,91,0,0,1,7,8,2,7,67,23,99,8,0,8,107
10/04/2002,BTL,MI,AGL,CE,Federal Contract Tower,2,11,42,6,61,0,3,9,2,14,2,14,51,8,75,16,2,18,93
10/05/2002,BTL,MI,AGL,CE,Federal Contract Tower,2,4,10,0,16,0,1,240,0,241,2,5,250,0,257,326,0,326,583
10/06/2002,BTL,MI,AGL,CE,Federal Contract Tower,0,2,0,0,2,0,0,116,0,116,0,2,116,0,118,145,0,145,263
10/07/2002,BTL,MI,AGL,CE,Federal Contract Tower,0,5,49,7,61,0,0,250,0,250,0,5,299,7,311,194,0,194,505
10/08/2002,BTL,MI,AGL,CE,Federal Contract Tower,0,7,41,4,52,0,3,391,10,404,0,10,432,14,456,316,4,320,776
10/09/2002,BTL,MI,AGL,CE,Federal Contract Tower,0,7,34,12,53,0,0,446,8,454,0,7,480,20,507,328,8,336,843
10/10/2002,BTL,MI,AGL,CE,Federal Contract Tower,0,14,37,8,59,0,3,373,16,392,0,17,410,24,451,254,2,256,707
10/11/2002,BTL,MI,AGL,CE,Federal Contract Tower,0,4,32,1,37,0,1,274,1,276,0,5,306,2,313,310,0,310,623
10/12/2002,BTL,MI,AGL,CE,Federal Contract Tower,0,0,13,4,17,0,0,18,0,18,0,0,31,4,35,10,0,10,45
10/13/2002,BTL,MI,AGL,CE,Federal Contract Tower,0,5,7,0,12,0,0,83,13,96,0,5,90,13,108,148,0,148,256
10/14/2002,BTL,MI,AGL,CE,Federal Contract Tower,0,1,25,0,26,0,0,305,0,305,0,1,330,0,331,228,0,228,559
10/15/2002,BTL,MI,AGL,CE,Federal Contract Tower,0,5,38,8,51,0,4,354,0,358,0,9,392,8,409,270,2,272,681
10/16/2002,BTL,MI,AGL,CE,Federal Contract Tower,0,5,21,16,42,0,9,309,8,326,0,14,330,24,368,328,8,336,704
10/17/2002,BTL,MI,AGL,CE,Federal Contract Tower,0,2,60,9,71,0,1,108,6,115,0,3,168,15,186,154,0,154,340
10/18/2002,BTL,MI,AGL,CE,Federal Contract Tower,0,2,36,12,50,0,0,6,2,8,0,2,42,14,58,40,6,46,104
10/19/2002,BTL,MI,AGL,CE,Federal Contract Tower,0,2,6,0,8,0,0,99,0,99,0,2,105,0,107,96,0,96,203
10/20/2002,BTL,MI,AGL,CE,Federal Contract Tower,0,3,10,0,13,0,5,272,2,279,0,8,282,2,292,434,6,440,732
10/21/2002,BTL,MI,AGL,CE,Federal Contract Tower,0,6,28,2,36,0,0,233,4,237,0,6,261,6,273,158,6,164,437
10/22/2002,BTL,MI,AGL,CE,Federal Contract Tower,0,10,72,6,88,0,0,80,14,94,0,10,152,20,182,188,4,192,374
10/23/2002,BTL,MI,AGL,CE,Federal Contract Tower,0,6,53,11,70,0,6,139,13,158,0,12,192,24,228,222,12,234,462
10/24/2002,BTL,MI,AGL,CE,Federal Contract Tower,0,1,27,9,37,0,2,260,3,265,0,3,287,12,302,324,0,324,626
10/25/2002,BTL,MI,AGL,CE,Federal Contract Tower,0,11,42,0,53,0,0,0,0,0,0,11,42,0,53,12,0,12,65
10/26/2002,BTL,MI,AGL,CE,Federal Contract Tower,0,2,13,0,15,0,0,5,0,5,0,2,18,0,20,0,0,0,20
10/27/2002,BTL,MI,AGL,CE,Federal Contract Tower,0,3,12,2,17,0,0,131,1,132,0,3,143,3,149,248,2,250,399
10/28/2002,BTL,MI,AGL,CE,Federal Contract Tower,0,3,28,1,32,0,0,313,1,314,0,3,341,2,346,202,2,204,550
10/29/2002,BTL,MI,AGL,CE,Federal Contract Tower,0,2,45,13,60,0,0,175,5,180,0,2,220,18,240,174,6,180,420
10/30/2002,BTL,MI,AGL,CE,Federal Contract Tower,0,2,30,10,42,0,0,308,6,314,0,2,338,16,356,302,4,306,662
10/31/2002,BTL,MI,AGL,CE,Federal Contract Tower,0,4,53,3,60,0,0,148,5,153,0,4,201,8,213,226,0,226,439
11/01/2002,BTL,MI,AGL,CE,Federal Contract Tower,0,5,49,11,65,0,0,39,5,44,0,5,88,16,109,112,0,112,221
11/02/2002,BTL,MI,AGL,CE,Federal Contract Tower,0,0,19,4,23,0,0,96,16,112,0,0,115,20,135,122,0,122,257
11/03/2002,BTL,MI,AGL,CE,Federal Contract Tower,0,0,11,6,17,0,0,197,10,207,0,0,208,16,224,322,30,352,576
11/04/2002,BTL,MI,AGL,CE,Federal Contract Tower,0,6,44,0,50,0,1,169,0,170,0,7,213,0,220,222,0,222,442
11/05/2002,BTL,MI,AGL,CE,Federal Contract Tower,0,7,44,14,65,0,0,25,11,36,0,7,69,25,101,54,0,54,155
11/06/2002,BTL,MI,AGL,CE,Federal Contract Tower,0,7,65,14,86,0,0,11,0,11,0,7,76,14,97,86,0,86,183
11/07/2002,BTL,MI,AGL,CE,Federal Contract Tower,0,2,52,10,64,0,0,197,11,208,0,2,249,21,272,215,2,217,489
11/08/2002,BTL,MI,AGL,CE,Federal Contract Tower,0,5,41,6,52,0,2,98,8,108,0,7,139,14,160,42,0,42,202
11/09/2002,BTL,MI,AGL,CE,Federal Contract Tower,0,0,28,2,30,0,0,42,6,48,0,0,70,8,78,50,0,50,128
11/10/2002,BTL,MI,AGL,CE,Federal Contract Tower,0,0,11,0,11,0,0,7,0,7,0,0,18,0,18,20,0,20,38
11/11/2002,BTL,MI,AGL,CE,Federal Contract Tower,0,1,90,2,93,0,0,0,6,6,0,1,90,8,99,32,4,36,135
11/12/2002,BTL,MI,AGL,CE,Federal Contract Tower,0,3,72,8,83,0,0,178,0,178,0,3,250,8,261,220,0,220,481
11/13/2002,BTL,MI,AGL,CE,Federal Contract Tower,0,6,67,14,87,0,0,237,4,241,0,6,304,18,328,282,8,290,618
11/14/2002,BTL,MI,AGL,CE,Federal Contract Tower,0,4,35,10,49,0,0,229,4,233,0,4,264,14,282,154,0,154,436
11/15/2002,BTL,MI,AGL,CE,Federal Contract Tower,0,2,38,5,45,0,0,259,8,267,0,2,297,13,312,204,2,206,518
11/16/2002,BTL,MI,AGL,CE,Federal Contract Tower,0,0,18,0,18,0,0,94,2,96,0,0,112,2,114,106,0,106,220
11/17/2002,BTL,MI,AGL,CE,Federal Contract Tower,0,0,10,0,10,0,0,185,0,185,0,0,195,0,195,286,0,286,481
11/18/2002,BTL,MI,AGL,CE,Federal Contract Tower,0,4,52,0,56,0,1,200,0,201,0,5,252,0,257,180,0,180,437
11/19/2002,BTL,MI,AGL,CE,Federal Contract Tower,0,6,53,11,70,0,0,201,3,204,0,6,254,14,274,202,2,204,478
11/20/2002,BTL,MI,AGL,CE,Federal Contract Tower,0,12,55,10,77,0,0,282,7,289,0,12,337,17,366,234,2,236,602
11/21/2002,BTL,MI,AGL,CE,Federal Contract Tower,4,2,44,10,60,0,0,14,2,16,4,2,58,12,76,104,0,104,180
11/22/2002,BTL,MI,AGL,CE,Federal Contract Tower,2,5,31,8,46,0,2,81,4,87,2,7,112,12,133,94,0,94,227
11/23/2002,BTL,MI,AGL,CE,Federal Contract Tower,0,3,9,0,12,0,0,81,0,81,0,3,90,0,93,98,0,98,191
11/24/2002,BTL,MI,AGL,CE,Federal Contract Tower,0,1,7,0,8,0,0,87,0,87,0,1,94,0,95,158,0,158,253
11/25/2002,BTL,MI,AGL,CE,Federal Contract Tower,0,3,47,2,52,0,0,64,4,68,0,3,111,6,120,208,0,208,328
11/26/2002,BTL,MI,AGL,CE,Federal Contract Tower,0,3,49,3,55,0,2,136,7,145,0,5,185,10,200,138,0,138,338
11/27/2002,BTL,MI,AGL,CE,Federal Contract Tower,0,3,22,0,25,0,0,114,0,114,0,3,136,0,139,150,0,150,289
11/28/2002,BTL,MI,AGL,CE,Federal Contract Tower,0,0,1,0,1,0,2,19,0,21,0,2,20,0,22,10,0,10,32
11/29/2002,BTL,MI,AGL,CE,Federal Contract Tower,0,0,4,5,9,0,0,18,13,31,0,0,22,18,40,0,0,0,40
11/30/2002,BTL,MI,AGL,CE,Federal Contract Tower,0,0,1,0,1,0,0,0,0,0,0,0,1,0,1,0,0,0,1
12/01/2002,BTL,MI,AGL,CE,Federal Contract Tower,1,5,11,1,18,0,0,19,0,19,1,5,30,1,37,36,0,36,73
12/02/2002,BTL,MI,AGL,CE,Federal Contract Tower,0,8,30,0,38,0,0,7,0,7,0,8,37,0,45,0,0,0,45
12/03/2002,BTL,MI,AGL,CE,Federal Contract Tower,1,3,23,1,28,0,0,341,3,344,1,3,364,4,372,224,0,224,596
12/04/2002,BTL,MI,AGL,CE,Federal Contract Tower,0,0,85,1,86,0,0,221,3,224,0,0,306,4,310,230,0,230,540
12/05/2002,BTL,MI,AGL,CE,Federal Contract Tower,0,5,80,0,85,0,0,101,2,103,0,5,181,2,188,140,0,140,328
12/06/2002,BTL,MI,AGL,CE,Federal Contract Tower,0,5,74,0,79,0,1,134,1,136,0,6,208,1,215,148,0,148,363
12/07/2002,BTL,MI,AGL,CE,Federal Contract Tower,0,0,13,0,13,0,0,62,0,62,0,0,75,0,75,78,0,78,153
12/08/2002,BTL,MI,AGL,CE,Federal Contract Tower,0,2,12,0,14,0,0,106,0,106,0,2,118,0,120,146,0,146,266
12/09/2002,BTL,MI,AGL,CE,Federal Contract Tower,0,3,78,0,81,0,2,218,0,220,0,5,296,0,301,196,0,196,497
12/10/2002,BTL,MI,AGL,CE,Federal Contract Tower,0,1,76,0,77,0,1,302,0,303,0,2,378,0,380,140,2,142,522
12/11/2002,BTL,MI,AGL,CE,Federal Contract Tower,0,0,75,4,79,0,1,236,0,237,0,1,311,4,316,266,6,272,588
12/12/2002,BTL,MI,AGL,CE,Federal Contract Tower,0,7,96,0,103,0,0,109,0,109,0,7,205,0,212,150,0,150,362
12/13/2002,BTL,MI,AGL,CE,Federal Contract Tower,0,17,76,0,93,0,2,14,0,16,0,19,90,0,109,0,0,0,109
12/14/2002,BTL,MI,AGL,CE,Federal Contract Tower,0,0,8,0,8,0,0,25,4,29,0,0,33,4,37,26,0,26,63
12/15/2002,BTL,MI,AGL,CE,Federal Contract Tower,0,2,20,0,22,0,0,26,0,26,0,2,46,0,48,92,0,92,140
12/16/2002,BTL,MI,AGL,CE,Federal Contract Tower,0,10,61,0,71,0,0,308,0,308,0,10,369,0,379,224,0,224,603
12/17/2002,BTL,MI,AGL,CE,Federal Contract Tower,0,1,62,1,64,0,2,90,0,92,0,3,152,1,156,108,0,108,264
12/18/2002,BTL,MI,AGL,CE,Federal Contract Tower,0,0,22,0,22,0,0,4,0,4,0,0,26,0,26,14,0,14,40
12/19/2002,BTL,MI,AGL,CE,Federal Contract Tower,0,5,34,6,45,0,0,28,2,30,0,5,62,8,75,4,0,4,79
12/20/2002,BTL,MI,AGL,CE,Federal Contract Tower,0,5,23,6,34,0,0,19,2,21,0,5,42,8,55,6,0,6,61
12/21/2002,BTL,MI,AGL,CE,Federal Contract Tower,0,4,6,0,10,0,0,4,0,4,0,4,10,0,14,4,0,4,18
12/22/2002,BTL,MI,AGL,CE,Federal Contract Tower,0,7,3,0,10,0,0,0,0,0,0,7,3,0,10,0,0,0,10
12/23/2002,BTL,MI,AGL,CE,Federal Contract Tower,0,2,18,0,20,0,0,13,0,13,0,2,31,0,33,6,0,6,39
12/24/2002,BTL,MI,AGL,CE,Federal Contract Tower,0,0,4,0,4,0,0,20,0,20,0,0,24,0,24,26,0,26,50
12/25/2002,BTL,MI,AGL,CE,Federal Contract Tower,0,0,0,0,0,0,0,0,0,0,0,0,0,0,0,0,0,0,0
12/26/2002,BTL,MI,AGL,CE,Federal Contract Tower,0,0,5,1,6,0,0,6,0,6,0,0,11,1,12,0,0,0,12
12/27/2002,BTL,MI,AGL,CE,Federal Contract Tower,0,2,15,2,19,0,0,2,0,2,0,2,17,2,21,0,0,0,21
12/28/2002,BTL,MI,AGL,CE,Federal Contract Tower,0,0,1,0,1,0,0,4,0,4,0,0,5,0,5,6,0,6,11
12/29/2002,BTL,MI,AGL,CE,Federal Contract Tower,0,2,9,0,11,0,2,27,0,29,0,4,36,0,40,52,0,52,92
12/30/2002,BTL,MI,AGL,CE,Federal Contract Tower,0,1,4,0,5,0,0,0,0,0,0,1,4,0,5,0,0,0,5
12/31/2002,BTL,MI,AGL,CE,Federal Contract Tower,0,2,6,0,8,0,0,28,0,28,0,2,34,0,36,38,0,38,74
01/01/2003,BTL,MI,AGL,CE,Federal Contract Tower,0,0,7,0,7,0,0,13,0,13,0,0,20,0,20,0,0,0,20
01/02/2003,BTL,MI,AGL,CE,Federal Contract Tower,0,3,7,0,10,0,0,36,0,36,0,3,43,0,46,78,0,78,124
01/03/2003,BTL,MI,AGL,CE,Federal Contract Tower,0,3,13,0,16,0,0,74,0,74,0,3,87,0,90,70,0,70,160
01/04/2003,BTL,MI,AGL,CE,Federal Contract Tower,2,2,24,0,28,0,0,89,0,89,2,2,113,0,117,100,0,100,217
01/05/2003,BTL,MI,AGL,CE,Federal Contract Tower,0,0,3,2,5,0,1,0,0,1,0,1,3,2,6,0,0,0,6
01/06/2003,BTL,MI,AGL,CE,Federal Contract Tower,0,2,44,1,47,0,0,59,0,59,0,2,103,1,106,42,0,42,148
01/07/2003,BTL,MI,AGL,CE,Federal Contract Tower,0,0,51,0,51,0,0,52,0,52,0,0,103,0,103,84,0,84,187
01/08/2003,BTL,MI,AGL,CE,Federal Contract Tower,0,5,74,1,80,0,3,248,0,251,0,8,322,1,331,240,0,240,571
01/09/2003,BTL,MI,AGL,CE,Federal Contract Tower,0,4,74,2,80,0,0,100,0,100,0,4,174,2,180,84,0,84,264
01/10/2003,BTL,MI,AGL,CE,Federal Contract Tower,0,4,27,2,33,0,0,0,0,0,0,4,27,2,33,4,0,4,37
01/11/2003,BTL,MI,AGL,CE,Federal Contract Tower,0,1,10,3,14,0,0,4,1,5,0,1,14,4,19,2,0,2,21
01/12/2003,BTL,MI,AGL,CE,Federal Contract Tower,0,2,23,0,25,0,0,95,0,95,0,2,118,0,120,222,0,222,342
01/13/2003,BTL,MI,AGL,CE,Federal Contract Tower,0,2,88,0,90,0,0,104,0,104,0,2,192,0,194,268,0,268,462
01/14/2003,BTL,MI,AGL,CE,Federal Contract Tower,0,0,100,10,110,0,0,202,2,204,0,0,302,12,314,166,10,176,490
01/15/2003,BTL,MI,AGL,CE,Federal Contract Tower,0,2,139,9,150,0,0,51,3,54,0,2,190,12,204,144,6,150,354
01/16/2003,BTL,MI,AGL,CE,Federal Contract Tower,0,2,97,6,105,0,0,303,5,308,0,2,400,11,413,200,8,208,621
01/17/2003,BTL,MI,AGL,CE,Federal Contract Tower,1,3,51,0,55,0,0,279,1,280,1,3,330,1,335,144,0,144,479
01/18/2003,BTL,MI,AGL,CE,Federal Contract Tower,0,1,24,0,25,0,0,34,0,34,0,1,58,0,59,92,0,92,151
01/19/2003,BTL,MI,AGL,CE,Federal Contract Tower,0,2,13,0,15,0,0,8,0,8,0,2,21,0,23,26,0,26,49
01/20/2003,BTL,MI,AGL,CE,Federal Contract Tower,0,4,14,0,18,0,0,16,0,16,0,4,30,0,34,24,0,24,58
01/21/2003,BTL,MI,AGL,CE,Federal Contract Tower,0,1,75,4,80,0,1,274,3,278,0,2,349,7,358,402,4,406,764
01/22/2003,BTL,MI,AGL,CE,Federal Contract Tower,0,0,60,15,75,0,0,185,1,186,0,0,245,16,261,164,6,170,431
01/23/2003,BTL,MI,AGL,CE,Federal Contract Tower,0,4,52,9,65,0,1,113,11,125,0,5,165,20,190,140,4,144,334
01/24/2003,BTL,MI,AGL,CE,Federal Contract Tower,0,4,73,10,87,0,0,218,6,224,0,4,291,16,311,206,0,206,517
01/25/2003,BTL,MI,AGL,CE,Federal Contract Tower,0,1,24,0,25,0,0,75,0,75,0,1,99,0,100,178,2,180,280
01/26/2003,BTL,MI,AGL,CE,Federal Contract Tower,0,1,14,0,15,0,0,89,0,89,0,1,103,0,104,170,0,170,274
01/27/2003,BTL,MI,AGL,CE,Federal Contract Tower,0,3,80,0,83,0,0,184,0,184,0,3,264,0,267,208,0,208,475
01/28/2003,BTL,MI,AGL,CE,Federal Contract Tower,2,4,70,6,82,0,1,116,4,121,2,5,186,10,203,166,2,168,371
01/29/2003,BTL,MI,AGL,CE,Federal Contract Tower,0,0,78,8,86,0,0,316,6,322,0,0,394,14,408,280,0,280,688
01/30/2003,BTL,MI,AGL,CE,Federal Contract Tower,0,0,96,13,109,0,0,304,27,331,0,0,400,40,440,340,12,352,792
01/31/2003,BTL,MI,AGL,CE,Federal Contract Tower,0,2,30,5,37,0,0,19,3,22,0,2,49,8,59,30,0,30,89
02/01/2003,BTL,MI,AGL,CE,Federal Contract Tower,0,3,24,5,32,0,0,9,5,14,0,3,33,10,46,36,2,38,84
02/02/2003,BTL,MI,AGL,CE,Federal Contract Tower,0,1,6,0,7,0,0,0,0,0,0,1,6,0,7,0,0,0,7
02/03/2003,BTL,MI,AGL,CE,Federal Contract Tower,0,6,24,0,30,0,0,0,0,0,0,6,24,0,30,6,0,6,36
02/04/2003,BTL,MI,AGL,CE,Federal Contract Tower,0,3,16,0,19,0,0,4,0,4,0,3,20,0,23,0,0,0,23
02/05/2003,BTL,MI,AGL,CE,Federal Contract Tower,0,1,78,14,93,0,0,52,8,60,0,1,130,22,153,150,2,152,305
02/06/2003,BTL,MI,AGL,CE,Federal Contract Tower,0,2,98,13,113,0,0,88,2,90,0,2,186,15,203,144,2,146,349
02/07/2003,BTL,MI,AGL,CE,Federal Contract Tower,0,8,112,8,128,0,0,105,4,109,0,8,217,12,237,152,0,152,389
02/08/2003,BTL,MI,AGL,CE,Federal Contract Tower,0,2,8,0,10,0,0,98,0,98,0,2,106,0,108,120,0,120,228
02/09/2003,BTL,MI,AGL,CE,Federal Contract Tower,0,1,31,0,32,0,0,242,1,243,0,1,273,1,275,320,4,324,599
02/10/2003,BTL,MI,AGL,CE,Federal Contract Tower,0,3,10,0,13,0,0,7,0,7,0,3,17,0,20,16,0,16,36
02/11/2003,BTL,MI,AGL,CE,Federal Contract Tower,0,4,74,8,86,0,0,158,1,159,0,4,232,9,245,166,4,170,415
02/12/2003,BTL,MI,AGL,CE,Federal Contract Tower,0,4,43,21,68,0,0,12,3,15,0,4,55,24,83,16,8,24,107
02/13/2003,BTL,MI,AGL,CE,Federal Contract Tower,0,0,78,13,91,0,0,205,4,209,0,0,283,17,300,300,6,306,606
02/14/2003,BTL,MI,AGL,CE,Federal Contract Tower,0,5,70,4,79,0,1,247,2,250,0,6,317,6,329,222,6,228,557
02/15/2003,BTL,MI,AGL,CE,Federal Contract Tower,0,2,8,3,13,0,0,100,2,102,0,2,108,5,115,178,6,184,299
02/16/2003,BTL,MI,AGL,CE,Federal Contract Tower,0,2,9,5,16,0,1,123,5,129,0,3,132,10,145,202,0,202,347
02/17/2003,BTL,MI,AGL,CE,Federal Contract Tower,0,2,56,1,59,0,0,124,0,124,0,2,180,1,183,200,0,200,383
02/18/2003,BTL,MI,AGL,CE,Federal Contract Tower,0,1,25,0,26,0,0,9,0,9,0,1,34,0,35,30,0,30,65
02/19/2003,BTL,MI,AGL,CE,Federal Contract Tower,0,1,74,3,78,0,0,257,3,260,0,1,331,6,338,296,4,300,638
02/20/2003,BTL,MI,AGL,CE,Federal Contract Tower,0,3,68,6,77,0,6,367,11,384,0,9,435,17,461,308,0,308,769
02/21/2003,BTL,MI,AGL,CE,Federal Contract Tower,0,3,72,0,75,0,1,274,8,283,0,4,346,8,358,246,0,246,604
02/22/2003,BTL,MI,AGL,CE,Federal Contract Tower,0,0,2,0,2,0,0,12,0,12,0,0,14,0,14,24,0,24,38
02/23/2003,BTL,MI,AGL,CE,Federal Contract Tower,0,1,18,0,19,0,0,141,0,141,0,1,159,0,160,216,0,216,376
02/24/2003,BTL,MI,AGL,CE,Federal Contract Tower,0,0,31,2,33,0,0,37,0,37,0,0,68,2,70,34,0,34,104
02/25/2003,BTL,MI,AGL,CE,Federal Contract Tower,0,4,83,1,88,0,0,242,0,242,0,4,325,1,330,328,12,340,670
02/26/2003,BTL,MI,AGL,CE,Federal Contract Tower,0,3,81,1,85,0,0,236,0,236,0,3,317,1,321,398,2,400,721
02/27/2003,BTL,MI,AGL,CE,Federal Contract Tower,0,2,48,7,57,0,3,247,13,263,0,5,295,20,320,360,0,360,680
02/28/2003,BTL,MI,AGL,CE,Federal Contract Tower,0,3,57,1,61,0,0,201,0,201,0,3,258,1,262,285,6,291,553
03/01/2003,BTL,MI,AGL,CE,Federal Contract Tower,0,0,21,6,27,0,0,37,0,37,0,0,58,6,64,60,0,60,124
03/02/2003,BTL,MI,AGL,CE,Federal Contract Tower,0,0,13,0,13,0,0,12,0,12,0,0,25,0,25,82,0,82,107
03/03/2003,BTL,MI,AGL,CE,Federal Contract Tower,0,5,54,6,65,0,35,106,0,141,0,40,160,6,206,134,0,134,340
03/04/2003,BTL,MI,AGL,CE,Federal Contract Tower,0,0,59,0,59,0,0,41,0,41,0,0,100,0,100,164,0,164,264
03/05/2003,BTL,MI,AGL,CE,Federal Contract Tower,0,1,21,3,25,0,0,119,1,120,0,1,140,4,145,80,0,80,225
03/06/2003,BTL,MI,AGL,CE,Federal Contract Tower,0,5,52,4,61,0,1,143,1,145,0,6,195,5,206,168,0,168,374
03/07/2003,BTL,MI,AGL,CE,Federal Contract Tower,0,6,41,0,47,0,0,76,0,76,0,6,117,0,123,156,0,156,279
03/08/2003,BTL,MI,AGL,CE,Federal Contract Tower,0,0,15,2,17,0,0,12,2,14,0,0,27,4,31,28,2,30,61
03/09/2003,BTL,MI,AGL,CE,Federal Contract Tower,0,1,3,0,4,0,0,3,0,3,0,1,6,0,7,0,0,0,7
03/10/2003,BTL,MI,AGL,CE,Federal Contract Tower,0,2,23,0,25,0,0,161,0,161,0,2,184,0,186,164,0,164,350
03/11/2003,BTL,MI,AGL,CE,Federal Contract Tower,0,1,63,0,64,0,0,212,0,212,0,1,275,0,276,220,0,220,496
03/12/2003,BTL,MI,AGL,CE,Federal Contract Tower,0,4,50,4,58,0,0,250,3,253,0,4,300,7,311,268,0,268,579
03/13/2003,BTL,MI,AGL,CE,Federal Contract Tower,0,5,52,0,57,0,1,162,0,163,0,6,214,0,220,130,0,130,350
03/14/2003,BTL,MI,AGL,CE,Federal Contract Tower,0,5,58,2,65,0,0,297,0,297,0,5,355,2,362,202,2,204,566
03/15/2003,BTL,MI,AGL,CE,Federal Contract Tower,0,2,19,0,21,0,0,326,2,328,0,2,345,2,349,232,0,232,581
03/16/2003,BTL,MI,AGL,CE,Federal Contract Tower,0,4,22,0,26,0,0,64,0,64,0,4,86,0,90,180,0,180,270
03/17/2003,BTL,MI,AGL,CE,Federal Contract Tower,0,5,66,0,71,0,0,177,0,177,0,5,243,0,248,226,0,226,474
03/18/2003,BTL,MI,AGL,CE,Federal Contract Tower,0,1,58,0,59,0,0,8,0,8,0,1,66,0,67,36,0,36,103
03/19/2003,BTL,MI,AGL,CE,Federal Contract Tower,0,4,58,1,63,0,4,82,3,89,0,8,140,4,152,86,0,86,238
03/20/2003,BTL,MI,AGL,CE,Federal Contract Tower,2,1,21,0,24,0,0,62,0,62,2,1,83,0,86,118,0,118,204
03/21/2003,BTL,MI,AGL,CE,Federal Contract Tower,0,6,43,2,51,0,0,17,0,17,0,6,60,2,68,6,0,6,74
03/22/2003,BTL,MI,AGL,CE,Federal Contract Tower,0,1,3,0,4,0,0,3,0,3,0,1,6,0,7,12,0,12,19
03/23/2003,BTL,MI,AGL,CE,Federal Contract Tower,0,1,28,0,29,0,0,191,0,191,0,1,219,0,220,350,0,350,570
03/24/2003,BTL,MI,AGL,CE,Federal Contract Tower,2,4,49,0,55,0,0,202,0,202,2,4,251,0,257,190,0,190,447
03/25/2003,BTL,MI,AGL,CE,Federal Contract Tower,0,0,70,0,70,0,2,294,0,296,0,2,364,0,366,272,0,272,638
03/26/2003,BTL,MI,AGL,CE,Federal Contract Tower,0,0,85,2,87,0,2,339,2,343,0,2,424,4,430,336,0,336,766
03/27/2003,BTL,MI,AGL,CE,Federal Contract Tower,0,0,58,0,58,0,1,237,0,238,0,1,295,0,296,190,0,190,486
03/28/2003,BTL,MI,AGL,CE,Federal Contract Tower,0,7,13,2,22,0,0,8,0,8,0,7,21,2,30,6,0,6,36
03/29/2003,BTL,MI,AGL,CE,Federal Contract Tower,0,3,11,0,14,0,1,52,2,55,0,4,63,2,69,100,0,100,169
03/30/2003,BTL,MI,AGL,CE,Federal Contract Tower,0,4,12,0,16,0,0,190,0,190,0,4,202,0,206,240,0,240,446
03/31/2003,BTL,MI,AGL,CE,Federal Contract Tower,0,3,66,0,69,0,0,281,0,281,0,3,347,0,350,166,0,166,516
04/01/2003,BTL,MI,AGL,CE,Federal Contract Tower,0,3,80,0,83,0,0,207,0,207,0,3,287,0,290,274,0,274,564
04/02/2003,BTL,MI,AGL,CE,Federal Contract Tower,0,1,61,2,64,0,0,211,0,211,0,1,272,2,275,116,0,116,391
04/03/2003,BTL,MI,AGL,CE,Federal Contract Tower,0,2,28,0,30,0,0,8,0,8,0,2,36,0,38,10,0,10,48
04/04/2003,BTL,MI,AGL,CE,Federal Contract Tower,0,1,0,0,1,0,6,0,0,6,0,7,0,0,7,0,0,0,7
04/05/2003,BTL,MI,AGL,CE,Federal Contract Tower,0,1,8,0,9,0,0,14,0,14,0,1,22,0,23,30,0,30,53
04/06/2003,BTL,MI,AGL,CE,Federal Contract Tower,0,6,22,0,28,0,1,140,12,153,0,7,162,12,181,110,0,110,291
04/07/2003,BTL,MI,AGL,CE,Federal Contract Tower,0,0,20,0,20,0,0,1,0,1,0,0,21,0,21,0,0,0,21
04/08/2003,BTL,MI,AGL,CE,Federal Contract Tower,0,0,33,0,33,0,0,17,0,17,0,0,50,0,50,54,0,54,104
04/09/2003,BTL,MI,AGL,CE,Federal Contract Tower,0,2,67,1,70,0,0,296,5,301,0,2,363,6,371,250,0,250,621
04/10/2003,BTL,MI,AGL,CE,Federal Contract Tower,0,1,60,1,62,0,0,320,3,323,0,1,380,4,385,250,0,250,635
04/11/2003,BTL,MI,AGL,CE,Federal Contract Tower,0,5,72,0,77,0,0,240,12,252,0,5,312,12,329,268,0,268,597
04/12/2003,BTL,MI,AGL,CE,Federal Contract Tower,0,0,19,0,19,0,0,154,0,154,0,0,173,0,173,156,0,156,329
04/13/2003,BTL,MI,AGL,CE,Federal Contract Tower,0,3,27,0,30,0,2,218,0,220,0,5,245,0,250,320,0,320,570
04/14/2003,BTL,MI,AGL,CE,Federal Contract Tower,0,4,66,1,71,0,0,157,1,158,0,4,223,2,229,162,0,162,391
04/15/2003,BTL,MI,AGL,CE,Federal Contract Tower,0,2,56,0,58,0,0,150,0,150,0,2,206,0,208,164,0,164,372
04/16/2003,BTL,MI,AGL,CE,Federal Contract Tower,0,8,56,2,66,0,0,184,6,190,0,8,240,8,256,198,2,200,456
04/17/2003,BTL,MI,AGL,CE,Federal Contract Tower,0,4,33,0,37,0,0,58,0,58,0,4,91,0,95,206,2,208,303
04/18/2003,BTL,MI,AGL,CE,Federal Contract Tower,0,3,37,0,40,0,0,33,2,35,0,3,70,2,75,62,0,62,137
04/19/2003,BTL,MI,AGL,CE,Federal Contract Tower,0,0,21,1,22,0,0,78,0,78,0,0,99,1,100,120,0,120,220
04/20/2003,BTL,MI,AGL,CE,Federal Contract Tower,0,0,4,0,4,0,1,4,0,5,0,1,8,0,9,0,0,0,9
04/21/2003,BTL,MI,AGL,CE,Federal Contract Tower,0,0,40,0,40,0,0,26,0,26,0,0,66,0,66,84,0,84,150
04/22/2003,BTL,MI,AGL,CE,Federal Contract Tower,0,0,50,1,51,0,0,119,1,120,0,0,169,2,171,190,6,196,367
04/23/2003,BTL,MI,AGL,CE,Federal Contract Tower,0,2,60,1,63,0,0,200,4,204,0,2,260,5,267,172,8,180,447
04/24/2003,BTL,MI,AGL,CE,Federal Contract Tower,0,7,94,3,104,0,2,201,5,208,0,9,295,8,312,220,0,220,532
04/25/2003,BTL,MI,AGL,CE,Federal Contract Tower,0,2,56,0,58,0,0,178,0,178,0,2,234,0,236,150,0,150,386
04/26/2003,BTL,MI,AGL,CE,Federal Contract Tower,0,3,22,0,25,0,0,116,4,120,0,3,138,4,145,178,0,178,323
04/27/2003,BTL,MI,AGL,CE,Federal Contract Tower,0,2,9,0,11,0,0,133,2,135,0,2,142,2,146,184,0,184,330
04/28/2003,BTL,MI,AGL,CE,Federal Contract Tower,0,2,52,0,54,0,0,146,0,146,0,2,198,0,200,152,0,152,352
04/29/2003,BTL,MI,AGL,CE,Federal Contract Tower,0,3,66,1,70,0,1,223,0,224,0,4,289,1,294,200,0,200,494
04/30/2003,BTL,MI,AGL,CE,Federal Contract Tower,0,3,26,0,29,0,0,16,0,16,0,3,42,0,45,40,0,40,85
05/01/2003,BTL,MI,AGL,CE,Federal Contract Tower,0,3,41,1,45,0,5,250,8,263,0,8,291,9,308,210,0,210,518
05/02/2003,BTL,MI,AGL,CE,Federal Contract Tower,0,5,45,4,54,0,2,235,1,238,0,7,280,5,292,178,0,178,470
05/03/2003,BTL,MI,AGL,CE,Federal Contract Tower,0,1,7,7,15,0,0,191,3,194,0,1,198,10,209,202,0,202,411
05/04/2003,BTL,MI,AGL,CE,Federal Contract Tower,0,0,27,0,27,0,0,75,0,75,0,0,102,0,102,168,0,168,270
05/05/2003,BTL,MI,AGL,CE,Federal Contract Tower,0,2,34,2,38,0,0,25,3,28,0,2,59,5,66,38,2,40,106
05/06/2003,BTL,MI,AGL,CE,Federal Contract Tower,0,1,62,0,63,0,0,162,0,162,0,1,224,0,225,180,0,180,405
05/07/2003,BTL,MI,AGL,CE,Federal Contract Tower,0,1,57,3,61,0,0,25,1,26,0,1,82,4,87,62,0,62,149
05/08/2003,BTL,MI,AGL,CE,Federal Contract Tower,0,0,38,3,41,0,0,17,3,20,0,0,55,6,61,36,0,36,97
05/09/2003,BTL,MI,AGL,CE,Federal Contract Tower,0,6,39,0,45,0,0,65,0,65,0,6,104,0,110,90,0,90,200
05/10/2003,BTL,MI,AGL,CE,Federal Contract Tower,0,1,16,2,19,0,0,57,0,57,0,1,73,2,76,104,0,104,180
05/11/2003,BTL,MI,AGL,CE,Federal Contract Tower,0,2,3,0,5,0,0,0,0,0,0,2,3,0,5,0,0,0,5
05/12/2003,BTL,MI,AGL,CE,Federal Contract Tower,0,6,32,1,39,0,0,19,0,19,0,6,51,1,58,2,0,2,60
05/13/2003,BTL,MI,AGL,CE,Federal Contract Tower,0,2,78,1,81,0,2,380,0,382,0,4,458,1,463,202,0,202,665
05/14/2003,BTL,MI,AGL,CE,Federal Contract Tower,0,3,72,1,76,0,1,270,7,278,0,4,342,8,354,192,0,192,546
05/15/2003,BTL,MI,AGL,CE,Federal Contract Tower,0,4,61,4,69,0,0,48,0,48,0,4,109,4,117,46,0,46,163
05/16/2003,BTL,MI,AGL,CE,Federal Contract Tower,0,1,72,2,75,0,1,110,6,117,0,2,182,8,192,238,0,238,430
05/17/2003,BTL,MI,AGL,CE,Federal Contract Tower,2,1,13,7,23,0,0,83,3,86,2,1,96,10,109,130,0,130,239
05/18/2003,BTL,MI,AGL,CE,Federal Contract Tower,0,2,23,0,25,0,0,143,13,156,0,2,166,13,181,240,0,240,421
05/19/2003,BTL,MI,AGL,CE,Federal Contract Tower,0,1,75,4,80,0,0,85,6,91,0,1,160,10,171,180,0,180,351
05/20/2003,BTL,MI,AGL,CE,Federal Contract Tower,0,5,45,6,56,0,1,29,1,31,0,6,74,7,87,44,0,44,131
05/21/2003,BTL,MI,AGL,CE,Federal Contract Tower,0,3,56,1,60,0,0,317,10,327,0,3,373,11,387,232,12,244,631
05/22/2003,BTL,MI,AGL,CE,Federal Contract Tower,0,4,71,0,75,0,0,388,3,391,0,4,459,3,466,354,0,354,820
05/23/2003,BTL,MI,AGL,CE,Federal Contract Tower,5,7,49,0,61,0,0,247,0,247,5,7,296,0,308,284,0,284,592
05/24/2003,BTL,MI,AGL,CE,Federal Contract Tower,0,4,6,0,10,0,0,5,0,5,0,4,11,0,15,0,0,0,15
05/25/2003,BTL,MI,AGL,CE,Federal Contract Tower,0,2,12,0,14,0,0,36,6,42,0,2,48,6,56,42,0,42,98
05/26/2003,BTL,MI,AGL,CE,Federal Contract Tower,0,2,16,0,18,0,0,24,0,24,0,2,40,0,42,18,0,18,60
05/27/2003,BTL,MI,AGL,CE,Federal Contract Tower,0,3,56,2,61,0,0,274,0,274,0,3,330,2,335,248,0,248,583
05/28/2003,BTL,MI,AGL,CE,Federal Contract Tower,0,3,64,3,70,0,0,258,0,258,0,3,322,3,328,312,0,312,640
05/29/2003,BTL,MI,AGL,CE,Federal Contract Tower,0,8,65,2,75,0,0,226,7,233,0,8,291,9,308,210,0,210,518
05/30/2003,BTL,MI,AGL,CE,Federal Contract Tower,0,4,57,0,61,0,0,256,7,263,0,4,313,7,324,312,0,312,636
05/31/2003,BTL,MI,AGL,CE,Federal Contract Tower,0,3,16,0,19,0,0,31,8,39,0,3,47,8,58,12,0,12,70
06/01/2003,BTL,MI,AGL,CE,Federal Contract Tower,0,2,24,1,27,0,0,160,1,161,0,2,184,2,188,222,2,224,412
06/02/2003,BTL,MI,AGL,CE,Federal Contract Tower,0,1,37,2,40,0,2,278,0,280,0,3,315,2,320,276,0,276,596
06/03/2003,BTL,MI,AGL,CE,Federal Contract Tower,0,3,49,4,56,0,0,268,3,271,0,3,317,7,327,250,4,254,581
06/04/2003,BTL,MI,AGL,CE,Federal Contract Tower,0,0,54,12,66,0,0,32,4,36,0,0,86,16,102,34,0,34,136
06/05/2003,BTL,MI,AGL,CE,Federal Contract Tower,0,2,61,10,73,0,0,161,1,162,0,2,222,11,235,234,6,240,475
06/06/2003,BTL,MI,AGL,CE,Federal Contract Tower,0,1,47,10,58,0,0,235,2,237,0,1,282,12,295,306,0,306,601
06/07/2003,BTL,MI,AGL,CE,Federal Contract Tower,0,3,48,4,55,0,0,39,0,39,0,3,87,4,94,146,0,146,240
06/08/2003,BTL,MI,AGL,CE,Federal Contract Tower,0,1,25,0,26,0,0,44,0,44,0,1,69,0,70,80,0,80,150
06/09/2003,BTL,MI,AGL,CE,Federal Contract Tower,0,4,48,8,60,0,1,117,2,120,0,5,165,10,180,112,0,112,292
06/10/2003,BTL,MI,AGL,CE,Federal Contract Tower,0,4,41,6,51,0,0,149,2,151,0,4,190,8,202,128,0,128,330
06/11/2003,BTL,MI,AGL,CE,Federal Contract Tower,0,4,58,4,66,0,6,150,9,165,0,10,208,13,231,144,0,144,375
06/12/2003,BTL,MI,AGL,CE,Federal Contract Tower,0,3,39,10,52,0,0,0,0,0,0,3,39,10,52,0,0,0,52
06/13/2003,BTL,MI,AGL,CE,Federal Contract Tower,4,0,40,11,55,0,3,36,3,42,4,3,76,14,97,116,6,122,219
06/14/2003,BTL,MI,AGL,CE,Federal Contract Tower,0,2,7,1,10,0,0,172,0,172,0,2,179,1,182,188,0,188,370
06/15/2003,BTL,MI,AGL,CE,Federal Contract Tower,0,1,6,0,7,0,0,144,0,144,0,1,150,0,151,202,0,202,353
06/16/2003,BTL,MI,AGL,CE,Federal Contract Tower,0,2,44,4,50,0,0,300,0,300,0,2,344,4,350,186,0,186,536
06/17/2003,BTL,MI,AGL,CE,Federal Contract Tower,0,1,54,5,60,0,0,266,5,271,0,1,320,10,331,252,4,256,587
06/18/2003,BTL,MI,AGL,CE,Federal Contract Tower,0,3,57,5,65,0,0,262,11,273,0,3,319,16,338,240,0,240,578
06/19/2003,BTL,MI,AGL,CE,Federal Contract Tower,0,1,62,14,77,0,1,306,6,313,0,2,368,20,390,342,8,350,740
06/20/2003,BTL,MI,AGL,CE,Federal Contract Tower,0,0,38,7,45,0,1,233,4,238,0,1,271,11,283,152,8,160,443
06/21/2003,BTL,MI,AGL,CE,Federal Contract Tower,0,0,11,1,12,0,0,89,7,96,0,0,100,8,108,196,10,206,314
06/22/2003,BTL,MI,AGL,CE,Federal Contract Tower,0,0,8,0,8,0,0,92,0,92,0,0,100,0,100,82,0,82,182
06/23/2003,BTL,MI,AGL,CE,Federal Contract Tower,0,2,51,0,53,0,0,244,0,244,0,2,295,0,297,310,0,310,607
06/24/2003,BTL,MI,AGL,CE,Federal Contract Tower,0,7,73,8,88,0,1,245,18,264,0,8,318,26,352,256,8,264,616
06/25/2003,BTL,MI,AGL,CE,Federal Contract Tower,0,9,79,4,92,0,0,192,11,203,0,9,271,15,295,320,6,326,621
06/26/2003,BTL,MI,AGL,CE,Federal Contract Tower,0,8,52,8,68,0,0,70,3,73,0,8,122,11,141,122,16,138,279
06/27/2003,BTL,MI,AGL,CE,Federal Contract Tower,0,2,76,8,86,0,2,222,7,231,0,4,298,15,317,128,10,138,455
06/28/2003,BTL,MI,AGL,CE,Federal Contract Tower,0,7,8,2,17,0,0,69,0,69,0,7,77,2,86,80,2,82,168
06/29/2003,BTL,MI,AGL,CE,Federal Contract Tower,0,0,8,1,9,0,0,62,0,62,0,0,70,1,71,40,0,40,111
06/30/2003,BTL,MI,AGL,CE,Federal Contract Tower,0,4,16,2,22,0,0,72,12,84,0,4,88,14,106,102,20,122,228
07/01/2003,BTL,MI,AGL,CE,Federal Contract Tower,0,3,33,10,46,0,0,157,20,177,0,3,190,30,223,148,2,150,373
07/02/2003,BTL,MI,AGL,CE,Federal Contract Tower,0,1,36,18,55,0,0,149,8,157,0,1,185,26,212,78,12,90,302
07/03/2003,BTL,MI,AGL,CE,Federal Contract Tower,0,4,18,7,29,0,0,87,10,97,0,4,105,17,126,42,18,60,186
07/04/2003,BTL,MI,AGL,CE,Federal Contract Tower,0,0,3,3,6,0,0,60,2,62,0,0,63,5,68,26,0,26,94
07/05/2003,BTL,MI,AGL,CE,Federal Contract Tower,0,0,7,3,10,0,0,51,1,52,0,0,58,4,62,55,0,55,117
07/06/2003,BTL,MI,AGL,CE,Federal Contract Tower,0,0,9,3,12,0,0,52,4,56,0,0,61,7,68,24,0,24,92
07/07/2003,BTL,MI,AGL,CE,Federal Contract Tower,0,1,57,10,68,0,0,98,5,103,0,1,155,15,171,178,0,178,349
07/08/2003,BTL,MI,AGL,CE,Federal Contract Tower,0,1,38,5,44,0,0,103,9,112,0,1,141,14,156,146,0,146,302
07/09/2003,BTL,MI,AGL,CE,Federal Contract Tower,0,2,69,7,78,0,0,111,14,125,0,2,180,21,203,182,0,182,385
07/10/2003,BTL,MI,AGL,CE,Federal Contract Tower,0,0,48,5,53,0,0,27,0,27,0,0,75,5,80,98,6,104,184
07/11/2003,BTL,MI,AGL,CE,Federal Contract Tower,0,2,44,6,52,0,0,0,17,17,0,2,44,23,69,46,0,46,115
07/12/2003,BTL,MI,AGL,CE,Federal Contract Tower,0,0,12,9,21,0,0,88,17,105,0,0,100,26,126,142,2,144,270
07/13/2003,BTL,MI,AGL,CE,Federal Contract Tower,0,0,15,4,19,0,0,118,10,128,0,0,133,14,147,218,0,218,365
07/14/2003,BTL,MI,AGL,CE,Federal Contract Tower,0,0,44,2,46,0,0,290,7,297,0,0,334,9,343,260,0,260,603
07/15/2003,BTL,MI,AGL,CE,Federal Contract Tower,0,1,64,8,73,0,0,104,16,120,0,1,168,24,193,96,0,96,289
07/16/2003,BTL,MI,AGL,CE,Federal Contract Tower,0,1,63,8,72,0,0,332,17,349,0,1,395,25,421,220,0,220,641
07/17/2003,BTL,MI,AGL,CE,Federal Contract Tower,0,10,54,6,70,0,0,322,8,330,0,10,376,14,400,256,12,268,668
07/18/2003,BTL,MI,AGL,CE,Federal Contract Tower,0,4,51,1,56,0,0,276,12,288,0,4,327,13,344,132,0,132,476
07/19/2003,BTL,MI,AGL,CE,Federal Contract Tower,0,0,14,4,18,0,0,144,2,146,0,0,158,6,164,120,0,120,284
07/20/2003,BTL,MI,AGL,CE,Federal Contract Tower,0,2,8,0,10,0,0,30,0,30,0,2,38,0,40,18,0,18,58
07/21/2003,BTL,MI,AGL,CE,Federal Contract Tower,0,1,50,2,53,0,0,30,1,31,0,1,80,3,84,90,0,90,174
07/22/2003,BTL,MI,AGL,CE,Federal Contract Tower,0,2,62,12,76,0,0,38,9,47,0,2,100,21,123,86,0,86,209
07/23/2003,BTL,MI,AGL,CE,Federal Contract Tower,0,2,61,9,72,0,0,513,11,524,0,2,574,20,596,238,6,244,840
07/24/2003,BTL,MI,AGL,CE,Federal Contract Tower,0,4,77,6,87,0,0,421,6,427,0,4,498,12,514,210,20,230,744
07/25/2003,BTL,MI,AGL,CE,Federal Contract Tower,0,4,73,4,81,0,0,221,8,229,0,4,294,12,310,218,0,218,528
07/26/2003,BTL,MI,AGL,CE,Federal Contract Tower,0,3,9,0,12,0,0,44,0,44,0,3,53,0,56,68,0,68,124
07/27/2003,BTL,MI,AGL,CE,Federal Contract Tower,0,1,1,0,2,0,0,27,0,27,0,1,28,0,29,14,0,14,43
07/28/2003,BTL,MI,AGL,CE,Federal Contract Tower,0,0,57,1,58,0,0,213,0,213,0,0,270,1,271,290,0,290,561
07/29/2003,BTL,MI,AGL,CE,Federal Contract Tower,0,1,73,4,78,0,0,237,8,245,0,1,310,12,323,286,2,288,611
07/30/2003,BTL,MI,AGL,CE,Federal Contract Tower,0,3,61,11,75,0,0,243,4,247,0,3,304,15,322,250,6,256,578
07/31/2003,BTL,MI,AGL,CE,Federal Contract Tower,0,1,63,1,65,0,0,191,3,194,0,1,254,4,259,146,4,150,409
08/01/2003,BTL,MI,AGL,CE,Federal Contract Tower,0,2,31,5,38,0,0,39,2,41,0,2,70,7,79,48,4,52,131
08/02/2003,BTL,MI,AGL,CE,Federal Contract Tower,0,7,10,0,17,0,2,5,0,7,0,9,15,0,24,4,0,4,28
08/03/2003,BTL,MI,AGL,CE,Federal Contract Tower,0,4,7,0,11,0,0,49,2,51,0,4,56,2,62,76,0,76,138
08/04/2003,BTL,MI,AGL,CE,Federal Contract Tower,0,0,46,2,48,0,0,69,2,71,0,0,115,4,119,76,0,76,195
08/05/2003,BTL,MI,AGL,CE,Federal Contract Tower,0,5,48,4,57,0,5,112,7,124,0,10,160,11,181,184,2,186,367
08/06/2003,BTL,MI,AGL,CE,Federal Contract Tower,0,0,54,17,71,0,0,163,5,168,0,0,217,22,239,146,0,146,385
08/07/2003,BTL,MI,AGL,CE,Federal Contract Tower,0,2,48,6,56,0,1,114,14,129,0,3,162,20,185,192,8,200,385
08/08/2003,BTL,MI,AGL,CE,Federal Contract Tower,0,1,54,17,72,0,0,45,5,50,0,1,99,22,122,73,0,73,195
08/09/2003,BTL,MI,AGL,CE,Federal Contract Tower,0,0,15,11,26,0,0,75,19,94,0,0,90,30,120,76,4,80,200
08/10/2003,BTL,MI,AGL,CE,Federal Contract Tower,0,0,13,8,21,0,0,60,6,66,0,0,73,14,87,90,4,94,181
08/11/2003,BTL,MI,AGL,CE,Federal Contract Tower,0,2,28,3,33,0,0,143,7,150,0,2,171,10,183,106,0,106,289
08/12/2003,BTL,MI,AGL,CE,Federal Contract Tower,0,5,47,5,57,0,0,78,3,81,0,5,125,8,138,168,6,174,312
08/13/2003,BTL,MI,AGL,CE,Federal Contract Tower,0,4,59,11,74,0,0,179,6,185,0,4,238,17,259,232,8,240,499
08/14/2003,BTL,MI,AGL,CE,Federal Contract Tower,0,3,52,7,62,0,0,138,3,141,0,3,190,10,203,182,0,182,385
08/15/2003,BTL,MI,AGL,CE,Federal Contract Tower,0,5,55,9,69,0,0,15,0,15,0,5,70,9,84,20,2,22,106
08/16/2003,BTL,MI,AGL,CE,Federal Contract Tower,0,1,11,1,13,0,0,46,1,47,0,1,57,2,60,58,2,60,120
08/17/2003,BTL,MI,AGL,CE,Federal Contract Tower,0,4,14,2,20,0,0,100,0,100,0,4,114,2,120,130,0,130,250
08/18/2003,BTL,MI,AGL,CE,Federal Contract Tower,2,2,50,1,55,0,3,212,3,218,2,5,262,4,273,164,2,166,439
08/19/2003,BTL,MI,AGL,CE,Federal Contract Tower,0,4,55,3,62,0,0,191,12,203,0,4,246,15,265,254,2,256,521
08/20/2003,BTL,MI,AGL,CE,Federal Contract Tower,0,16,66,14,96,0,2,108,3,113,0,18,174,17,209,272,4,276,485
08/21/2003,BTL,MI,AGL,CE,Federal Contract Tower,0,14,36,7,57,0,3,67,5,75,0,17,103,12,132,114,0,114,246
08/22/2003,BTL,MI,AGL,CE,Federal Contract Tower,0,12,47,3,62,0,0,151,13,164,0,12,198,16,226,170,14,184,410
08/23/2003,BTL,MI,AGL,CE,Federal Contract Tower,0,3,7,0,10,0,0,89,0,89,0,3,96,0,99,98,2,100,199
08/24/2003,BTL,MI,AGL,CE,Federal Contract Tower,0,5,28,1,34,0,0,101,0,101,0,5,129,1,135,202,0,202,337
08/25/2003,BTL,MI,AGL,CE,Federal Contract Tower,0,10,53,2,65,0,3,131,2,136,0,13,184,4,201,234,0,234,435
08/26/2003,BTL,MI,AGL,CE,Federal Contract Tower,0,7,42,5,54,0,0,95,4,99,0,7,137,9,153,208,0,208,361
08/27/2003,BTL,MI,AGL,CE,Federal Contract Tower,0,12,51,5,68,0,0,175,10,185,0,12,226,15,253,202,4,206,459
08/28/2003,BTL,MI,AGL,CE,Federal Contract Tower,0,7,56,0,63,0,1,208,4,213,0,8,264,4,276,218,0,218,494
08/29/2003,BTL,MI,AGL,CE,Federal Contract Tower,0,8,48,0,56,0,0,20,1,21,0,8,68,1,77,50,0,50,127
08/30/2003,BTL,MI,AGL,CE,Federal Contract Tower,0,3,3,0,6,0,0,67,2,69,0,3,70,2,75,56,0,56,131
08/31/2003,BTL,MI,AGL,CE,Federal Contract Tower,0,1,6,2,9,0,1,33,0,34,0,2,39,2,43,8,0,8,51
09/01/2003,BTL,MI,AGL,CE,Federal Contract Tower,0,3,21,0,24,0,0,0,0,0,0,3,21,0,24,4,0,4,28
09/02/2003,BTL,MI,AGL,CE,Federal Contract Tower,0,7,41,11,59,0,0,200,14,214,0,7,241,25,273,170,2,172,445
09/03/2003,BTL,MI,AGL,CE,Federal Contract Tower,0,8,60,10,78,0,0,184,2,186,0,8,244,12,264,296,0,296,560
09/04/2003,BTL,MI,AGL,CE,Federal Contract Tower,0,7,49,7,63,0,2,200,10,212,0,9,249,17,275,254,6,260,535
09/05/2003,BTL,MI,AGL,CE,Federal Contract Tower,0,9,70,10,89,0,0,230,2,232,0,9,300,12,321,200,0,200,521
09/06/2003,BTL,MI,AGL,CE,Federal Contract Tower,0,4,19,3,26,0,0,119,7,126,0,4,138,10,152,118,2,120,272
09/07/2003,BTL,MI,AGL,CE,Federal Contract Tower,0,2,17,8,27,0,0,125,4,129,0,2,142,12,156,172,6,178,334
09/08/2003,BTL,MI,AGL,CE,Federal Contract Tower,0,0,56,0,56,0,0,165,0,165,0,0,221,0,221,224,0,224,445
09/09/2003,BTL,MI,AGL,CE,Federal Contract Tower,0,1,51,5,57,0,0,242,15,257,0,1,293,20,314,246,0,246,560
09/10/2003,BTL,MI,AGL,CE,Federal Contract Tower,0,3,46,16,65,0,2,80,9,91,0,5,126,25,156,140,4,144,300
09/11/2003,BTL,MI,AGL,CE,Federal Contract Tower,0,4,47,9,60,0,1,217,8,226,0,5,264,17,286,208,4,212,498
09/12/2003,BTL,MI,AGL,CE,Federal Contract Tower,0,4,73,6,83,0,3,140,6,149,0,7,213,12,232,136,4,140,372
09/13/2003,BTL,MI,AGL,CE,Federal Contract Tower,0,0,15,0,15,0,0,73,2,75,0,0,88,2,90,110,0,110,200
09/14/2003,BTL,MI,AGL,CE,Federal Contract Tower,0,0,12,0,12,0,0,13,0,13,0,0,25,0,25,22,0,22,47
09/15/2003,BTL,MI,AGL,CE,Federal Contract Tower,0,0,79,0,79,0,0,193,2,195,0,0,272,2,274,230,0,230,504
09/16/2003,BTL,MI,AGL,CE,Federal Contract Tower,0,5,71,8,84,0,0,306,15,321,0,5,377,23,405,268,2,270,675
09/17/2003,BTL,MI,AGL,CE,Federal Contract Tower,0,7,61,19,87,0,0,284,1,285,0,7,345,20,372,306,0,306,678
09/18/2003,BTL,MI,AGL,CE,Federal Contract Tower,0,7,58,7,72,0,0,235,17,252,0,7,293,24,324,160,0,160,484
09/19/2003,BTL,MI,AGL,CE,Federal Contract Tower,0,2,40,14,56,0,0,24,12,36,0,2,64,26,92,24,2,26,118
09/20/2003,BTL,MI,AGL,CE,Federal Contract Tower,0,4,11,0,15,0,0,165,0,165,0,4,176,0,180,170,0,170,350
09/21/2003,BTL,MI,AGL,CE,Federal Contract Tower,0,1,30,0,31,0,1,180,0,181,0,2,210,0,212,280,0,280,492
09/22/2003,BTL,MI,AGL,CE,Federal Contract Tower,0,3,35,6,44,0,0,7,0,7,0,3,42,6,51,10,2,12,63
09/23/2003,BTL,MI,AGL,CE,Federal Contract Tower,0,2,74,8,84,0,0,166,14,180,0,2,240,22,264,244,6,250,514
09/24/2003,BTL,MI,AGL,CE,Federal Contract Tower,0,1,44,16,61,0,0,61,2,63,0,1,105,18,124,88,2,90,214
09/25/2003,BTL,MI,AGL,CE,Federal Contract Tower,0,0,75,9,84,0,1,301,11,313,0,1,376,20,397,288,6,294,691
09/26/2003,BTL,MI,AGL,CE,Federal Contract Tower,0,2,48,0,50,0,0,196,24,220,0,2,244,24,270,146,0,146,416
09/27/2003,BTL,MI,AGL,CE,Federal Contract Tower,0,0,12,0,12,0,0,56,0,56,0,0,68,0,68,142,0,142,210
09/28/2003,BTL,MI,AGL,CE,Federal Contract Tower,0,2,17,2,21,0,0,33,8,41,0,2,50,10,62,88,4,92,154
09/29/2003,BTL,MI,AGL,CE,Federal Contract Tower,0,3,72,0,75,0,1,178,0,179,0,4,250,0,254,268,0,268,522
09/30/2003,BTL,MI,AGL,CE,Federal Contract Tower,0,7,54,0,61,0,0,150,6,156,0,7,204,6,217,282,2,284,501
10/01/2003,BTL,MI,AGL,CE,Federal Contract Tower,0,3,58,7,68,0,6,104,18,128,0,9,162,25,196,176,2,178,374
10/02/2003,BTL,MI,AGL,CE,Federal Contract Tower,0,3,68,8,79,0,0,309,4,313,0,3,377,12,392,240,0,240,632
10/03/2003,BTL,MI,AGL,CE,Federal Contract Tower,0,2,35,4,41,0,1,77,15,93,0,3,112,19,134,106,4,110,244
10/04/2003,BTL,MI,AGL,CE,Federal Contract Tower,0,1,23,3,27,0,1,89,10,100,0,2,112,13,127,168,12,180,307
10/05/2003,BTL,MI,AGL,CE,Federal Contract Tower,0,1,20,2,23,0,0,152,12,164,0,1,172,14,187,200,0,200,387
10/06/2003,BTL,MI,AGL,CE,Federal Contract Tower,0,3,79,0,82,0,0,259,0,259,0,3,338,0,341,210,0,210,551
10/07/2003,BTL,MI,AGL,CE,Federal Contract Tower,0,1,39,2,42,0,0,261,0,261,0,1,300,2,303,162,0,162,465
10/08/2003,BTL,MI,AGL,CE,Federal Contract Tower,0,3,54,6,63,0,0,294,3,297,0,3,348,9,360,236,4,240,600
10/09/2003,BTL,MI,AGL,CE,Federal Contract Tower,0,2,85,11,98,0,0,300,4,304,0,2,385,15,402,228,0,228,630
10/10/2003,BTL,MI,AGL,CE,Federal Contract Tower,0,3,64,0,67,0,0,180,0,180,0,3,244,0,247,130,0,130,377
10/11/2003,BTL,MI,AGL,CE,Federal Contract Tower,0,0,21,0,21,0,0,104,0,104,0,0,125,0,125,94,0,94,219
10/12/2003,BTL,MI,AGL,CE,Federal Contract Tower,0,0,18,1,19,0,0,102,0,102,0,0,120,1,121,120,2,122,243
10/13/2003,BTL,MI,AGL,CE,Federal Contract Tower,0,0,60,2,62,0,0,255,0,255,0,0,315,2,317,190,0,190,507
10/14/2003,BTL,MI,AGL,CE,Federal Contract Tower,0,3,40,0,43,0,0,32,0,32,0,3,72,0,75,34,0,34,109
10/15/2003,BTL,MI,AGL,CE,Federal Contract Tower,0,5,72,9,86,0,4,204,8,216,0,9,276,17,302,186,0,186,488
10/16/2003,BTL,MI,AGL,CE,Federal Contract Tower,0,5,93,12,110,0,0,297,20,317,0,5,390,32,427,160,4,164,591
10/17/2003,BTL,MI,AGL,CE,Federal Contract Tower,0,3,62,7,72,0,0,196,20,216,0,3,258,27,288,208,4,212,500
10/18/2003,BTL,MI,AGL,CE,Federal Contract Tower,0,1,22,1,24,0,0,75,1,76,0,1,97,2,100,120,4,124,224
10/19/2003,BTL,MI,AGL,CE,Federal Contract Tower,0,0,12,2,14,0,4,158,2,164,0,4,170,4,178,230,0,230,408
10/20/2003,BTL,MI,AGL,CE,Federal Contract Tower,0,3,54,0,57,0,1,157,0,158,0,4,211,0,215,156,0,156,371
10/21/2003,BTL,MI,AGL,CE,Federal Contract Tower,0,0,59,7,66,0,0,102,10,112,0,0,161,17,178,268,0,268,446
10/22/2003,BTL,MI,AGL,CE,Federal Contract Tower,0,2,67,9,78,0,0,198,13,211,0,2,265,22,289,293,0,293,582
10/23/2003,BTL,MI,AGL,CE,Federal Contract Tower,0,3,65,9,77,0,2,245,18,265,0,5,310,27,342,284,6,290,632
10/24/2003,BTL,MI,AGL,CE,Federal Contract Tower,0,2,49,6,57,0,3,185,9,197,0,5,234,15,254,180,8,188,442
10/25/2003,BTL,MI,AGL,CE,Federal Contract Tower,0,0,10,1,11,0,0,4,0,4,0,0,14,1,15,0,0,0,15
10/26/2003,BTL,MI,AGL,CE,Federal Contract Tower,0,0,13,0,13,0,1,92,0,93,0,1,105,0,106,140,0,140,246
10/27/2003,BTL,MI,AGL,CE,Federal Contract Tower,0,2,42,5,49,0,1,16,3,20,0,3,58,8,69,74,0,74,143
10/28/2003,BTL,MI,AGL,CE,Federal Contract Tower,0,2,38,0,40,0,3,2,0,5,0,5,40,0,45,4,0,4,49
10/29/2003,BTL,MI,AGL,CE,Federal Contract Tower,0,3,60,5,68,0,2,91,0,93,0,5,151,5,161,202,0,202,363
10/30/2003,BTL,MI,AGL,CE,Federal Contract Tower,0,4,77,8,89,0,0,257,0,257,0,4,334,8,346,140,0,140,486
10/31/2003,BTL,MI,AGL,CE,Federal Contract Tower,0,3,61,8,72,4,7,67,0,78,4,10,128,8,150,94,0,94,244
11/01/2003,BTL,MI,AGL,CE,Federal Contract Tower,1,2,22,2,27,1,1,0,2,4,2,3,22,4,31,24,0,24,55
11/02/2003,BTL,MI,AGL,CE,Federal Contract Tower,0,1,11,1,13,0,2,0,0,2,0,3,11,1,15,2,0,2,17
11/03/2003,BTL,MI,AGL,CE,Federal Contract Tower,0,4,39,4,47,0,4,0,0,4,0,8,39,4,51,4,0,4,55
11/04/2003,BTL,MI,AGL,CE,Federal Contract Tower,0,5,63,5,73,0,0,76,0,76,0,5,139,5,149,118,0,118,267
11/05/2003,BTL,MI,AGL,CE,Federal Contract Tower,0,3,54,4,61,0,0,40,1,41,0,3,94,5,102,78,0,78,180
11/06/2003,BTL,MI,AGL,CE,Federal Contract Tower,0,1,68,5,74,0,0,264,0,264,0,1,332,5,338,198,2,200,538
11/07/2003,BTL,MI,AGL,CE,Federal Contract Tower,0,3,39,3,45,0,0,137,2,139,0,3,176,5,184,114,12,126,310
11/08/2003,BTL,MI,AGL,CE,Federal Contract Tower,0,0,17,1,18,0,0,247,19,266,0,0,264,20,284,226,0,226,510
11/09/2003,BTL,MI,AGL,CE,Federal Contract Tower,0,0,23,2,25,0,0,201,1,202,0,0,224,3,227,230,0,230,457
11/10/2003,BTL,MI,AGL,CE,Federal Contract Tower,0,6,67,1,74,0,0,190,0,190,0,6,257,1,264,238,0,238,502
11/11/2003,BTL,MI,AGL,CE,Federal Contract Tower,0,2,57,0,59,0,0,8,0,8,0,2,65,0,67,20,0,20,87
11/12/2003,BTL,MI,AGL,CE,Federal Contract Tower,0,3,30,2,35,0,2,6,1,9,0,5,36,3,44,8,2,10,54
11/13/2003,BTL,MI,AGL,CE,Federal Contract Tower,0,2,23,0,25,0,4,1,0,5,0,6,24,0,30,0,0,0,30
11/14/2003,BTL,MI,AGL,CE,Federal Contract Tower,0,2,53,3,58,0,0,162,0,162,0,2,215,3,220,96,0,96,316
11/15/2003,BTL,MI,AGL,CE,Federal Contract Tower,0,0,5,0,5,0,0,1,0,1,0,0,6,0,6,6,0,6,12
11/16/2003,BTL,MI,AGL,CE,Federal Contract Tower,0,0,4,0,4,0,0,1,0,1,0,0,5,0,5,2,0,2,7
11/17/2003,BTL,MI,AGL,CE,Federal Contract Tower,0,5,91,0,96,0,0,42,0,42,0,5,133,0,138,140,0,140,278
11/18/2003,BTL,MI,AGL,CE,Federal Contract Tower,0,2,36,0,38,0,3,0,0,3,0,5,36,0,41,2,0,2,43
11/19/2003,BTL,MI,AGL,CE,Federal Contract Tower,0,9,119,10,138,0,0,148,18,166,0,9,267,28,304,139,6,145,449
11/20/2003,BTL,MI,AGL,CE,Federal Contract Tower,0,3,93,8,104,0,0,265,23,288,0,3,358,31,392,120,16,136,528
11/21/2003,BTL,MI,AGL,CE,Federal Contract Tower,0,2,52,4,58,0,0,320,22,342,0,2,372,26,400,242,2,244,644
11/22/2003,BTL,MI,AGL,CE,Federal Contract Tower,0,0,5,0,5,0,2,0,0,2,0,2,5,0,7,6,0,6,13
11/23/2003,BTL,MI,AGL,CE,Federal Contract Tower,0,1,13,0,14,0,2,14,0,16,0,3,27,0,30,12,0,12,42
11/24/2003,BTL,MI,AGL,CE,Federal Contract Tower,0,3,35,0,38,0,0,0,0,0,0,3,35,0,38,0,0,0,38
11/25/2003,BTL,MI,AGL,CE,Federal Contract Tower,0,4,60,5,69,0,4,173,7,184,0,8,233,12,253,110,2,112,365
11/26/2003,BTL,MI,AGL,CE,Federal Contract Tower,0,1,50,5,56,0,0,143,15,158,0,1,193,20,214,226,8,234,448
11/27/2003,BTL,MI,AGL,CE,Federal Contract Tower,0,0,0,0,0,0,0,0,0,0,0,0,0,0,0,0,0,0,0
11/28/2003,BTL,MI,AGL,CE,Federal Contract Tower,0,0,4,0,4,0,1,0,0,1,0,1,4,0,5,0,0,0,5
11/29/2003,BTL,MI,AGL,CE,Federal Contract Tower,0,0,3,0,3,0,2,7,0,9,0,2,10,0,12,4,0,4,16
11/30/2003,BTL,MI,AGL,CE,Federal Contract Tower,0,0,12,0,12,0,1,52,0,53,0,1,64,0,65,70,0,70,135
12/01/2003,BTL,MI,AGL,CE,Federal Contract Tower,0,3,22,0,25,0,1,30,0,31,0,4,52,0,56,6,0,6,62
12/02/2003,BTL,MI,AGL,CE,Federal Contract Tower,0,7,66,16,89,0,1,299,10,310,0,8,365,26,399,206,0,206,605
12/03/2003,BTL,MI,AGL,CE,Federal Contract Tower,0,5,79,20,104,0,0,270,6,276,0,5,349,26,380,166,0,166,546
12/04/2003,BTL,MI,AGL,CE,Federal Contract Tower,0,1,54,13,68,0,0,234,19,253,0,1,288,32,321,102,6,108,429
12/05/2003,BTL,MI,AGL,CE,Federal Contract Tower,0,2,38,9,49,0,0,44,24,68,0,2,82,33,117,90,14,104,221
12/06/2003,BTL,MI,AGL,CE,Federal Contract Tower,0,0,23,5,28,0,0,77,21,98,0,0,100,26,126,144,6,150,276
12/07/2003,BTL,MI,AGL,CE,Federal Contract Tower,0,1,30,8,39,0,0,174,8,182,0,1,204,16,221,304,0,304,525
12/08/2003,BTL,MI,AGL,CE,Federal Contract Tower,0,2,45,0,47,0,0,167,0,167,0,2,212,0,214,178,0,178,392
12/09/2003,BTL,MI,AGL,CE,Federal Contract Tower,0,2,26,8,36,0,0,0,12,12,0,2,26,20,48,0,2,2,50
12/10/2003,BTL,MI,AGL,CE,Federal Contract Tower,0,5,46,6,57,0,0,15,0,15,0,5,61,6,72,20,0,20,92
12/11/2003,BTL,MI,AGL,CE,Federal Contract Tower,0,5,34,13,52,0,5,0,33,38,0,10,34,46,90,0,20,20,110
12/12/2003,BTL,MI,AGL,CE,Federal Contract Tower,0,6,58,15,79,0,3,70,2,75,0,9,128,17,154,90,4,94,248
12/13/2003,BTL,MI,AGL,CE,Federal Contract Tower,0,1,24,0,25,0,0,148,0,148,0,1,172,0,173,152,0,152,325
12/14/2003,BTL,MI,AGL,CE,Federal Contract Tower,0,1,5,0,6,0,0,14,0,14,0,1,19,0,20,10,0,10,30
12/15/2003,BTL,MI,AGL,CE,Federal Contract Tower,0,3,28,0,31,0,3,8,0,11,0,6,36,0,42,6,0,6,48
12/16/2003,BTL,MI,AGL,CE,Federal Contract Tower,0,3,46,4,53,0,0,12,0,12,0,3,58,4,65,22,0,22,87
12/17/2003,BTL,MI,AGL,CE,Federal Contract Tower,0,1,0,0,1,8,19,0,0,27,8,20,0,0,28,0,0,0,28
12/18/2003,BTL,MI,AGL,CE,Federal Contract Tower,0,0,54,13,67,0,0,47,8,55,0,0,101,21,122,88,2,90,212
12/19/2003,BTL,MI,AGL,CE,Federal Contract Tower,0,1,27,6,34,0,0,7,10,17,0,1,34,16,51,0,0,0,51
12/20/2003,BTL,MI,AGL,CE,Federal Contract Tower,0,0,11,0,11,0,1,58,0,59,0,1,69,0,70,96,0,96,166
12/21/2003,BTL,MI,AGL,CE,Federal Contract Tower,0,0,13,0,13,0,0,34,0,34,0,0,47,0,47,82,0,82,129
12/22/2003,BTL,MI,AGL,CE,Federal Contract Tower,0,3,33,8,44,0,2,84,20,106,0,5,117,28,150,168,10,178,328
12/23/2003,BTL,MI,AGL,CE,Federal Contract Tower,0,1,9,4,14,0,1,0,10,11,0,2,9,14,25,0,0,0,25
12/24/2003,BTL,MI,AGL,CE,Federal Contract Tower,0,0,3,0,3,0,4,0,0,4,0,4,3,0,7,6,0,6,13
12/25/2003,BTL,MI,AGL,CE,Federal Contract Tower,0,0,0,0,0,0,1,0,0,1,0,1,0,0,1,0,0,0,1
12/26/2003,BTL,MI,AGL,CE,Federal Contract Tower,0,0,7,0,7,0,0,33,0,33,0,0,40,0,40,34,0,34,74
12/27/2003,BTL,MI,AGL,CE,Federal Contract Tower,0,0,7,0,7,0,1,37,0,38,0,1,44,0,45,10,0,10,55
12/28/2003,BTL,MI,AGL,CE,Federal Contract Tower,0,0,6,0,6,0,1,7,0,8,0,1,13,0,14,4,0,4,18
12/29/2003,BTL,MI,AGL,CE,Federal Contract Tower,0,1,8,4,13,0,0,0,15,15,0,1,8,19,28,0,0,0,28
12/30/2003,BTL,MI,AGL,CE,Federal Contract Tower,0,0,21,5,26,0,0,6,18,24,0,0,27,23,50,32,4,36,86
12/31/2003,BTL,MI,AGL,CE,Federal Contract Tower,0,0,10,3,13,0,3,6,7,16,0,3,16,10,29,0,8,8,37
01/01/2004,BTL,MI,AGL,CE,Federal Contract Tower,0,1,3,0,4,0,0,24,0,24,0,1,27,0,28,34,0,34,62
01/02/2004,BTL,MI,AGL,CE,Federal Contract Tower,0,1,8,0,9,0,2,5,0,7,0,3,13,0,16,2,0,2,18
01/03/2004,BTL,MI,AGL,CE,Federal Contract Tower,0,3,14,3,20,0,1,31,2,34,0,4,45,5,54,48,2,50,104
01/04/2004,BTL,MI,AGL,CE,Federal Contract Tower,0,0,1,0,1,0,0,4,0,4,0,0,5,0,5,4,0,4,9
01/05/2004,BTL,MI,AGL,CE,Federal Contract Tower,0,2,21,2,25,0,2,29,0,31,0,4,50,2,56,20,0,20,76
01/06/2004,BTL,MI,AGL,CE,Federal Contract Tower,0,0,11,0,11,0,6,6,0,12,0,6,17,0,23,2,0,2,25
01/07/2004,BTL,MI,AGL,CE,Federal Contract Tower,0,2,18,0,20,0,1,5,0,6,0,3,23,0,26,2,0,2,28
01/08/2004,BTL,MI,AGL,CE,Federal Contract Tower,0,5,55,12,72,0,0,125,23,148,0,5,180,35,220,120,14,134,354
01/09/2004,BTL,MI,AGL,CE,Federal Contract Tower,0,1,42,10,53,0,0,143,15,158,0,1,185,25,211,140,20,160,371
01/10/2004,BTL,MI,AGL,CE,Federal Contract Tower,0,3,32,7,42,0,3,82,43,128,0,6,114,50,170,150,4,154,324
01/11/2004,BTL,MI,AGL,CE,Federal Contract Tower,0,2,42,9,53,0,0,64,7,71,0,2,106,16,124,124,24,148,272
01/12/2004,BTL,MI,AGL,CE,Federal Contract Tower,0,0,25,1,26,0,0,29,0,29,0,0,54,1,55,32,0,32,87
01/13/2004,BTL,MI,AGL,CE,Federal Contract Tower,0,6,66,15,87,0,1,57,17,75,0,7,123,32,162,140,2,142,304
01/14/2004,BTL,MI,AGL,CE,Federal Contract Tower,0,3,33,8,44,0,1,24,2,27,0,4,57,10,71,24,0,24,95
01/15/2004,BTL,MI,AGL,CE,Federal Contract Tower,0,6,69,16,91,0,0,105,14,119,0,6,174,30,210,110,10,120,330
01/16/2004,BTL,MI,AGL,CE,Federal Contract Tower,0,1,28,0,29,0,0,42,0,42,0,1,70,0,71,6,0,6,77
01/17/2004,BTL,MI,AGL,CE,Federal Contract Tower,0,0,5,0,5,0,0,1,0,1,0,0,6,0,6,0,0,0,6
01/18/2004,BTL,MI,AGL,CE,Federal Contract Tower,0,2,30,0,32,0,2,89,0,91,0,4,119,0,123,108,0,108,231
01/19/2004,BTL,MI,AGL,CE,Federal Contract Tower,0,1,14,0,15,0,3,16,0,19,0,4,30,0,34,18,0,18,52
01/20/2004,BTL,MI,AGL,CE,Federal Contract Tower,0,4,59,13,76,0,1,182,10,193,0,5,241,23,269,216,4,220,489
01/21/2004,BTL,MI,AGL,CE,Federal Contract Tower,0,2,49,11,62,0,0,54,16,70,0,2,103,27,132,66,0,66,198
01/22/2004,BTL,MI,AGL,CE,Federal Contract Tower,0,1,18,5,24,0,2,0,9,11,0,3,18,14,35,10,4,14,49
01/23/2004,BTL,MI,AGL,CE,Federal Contract Tower,0,0,23,3,26,0,0,12,0,12,0,0,35,3,38,2,0,2,40
01/24/2004,BTL,MI,AGL,CE,Federal Contract Tower,0,0,15,3,18,0,0,143,1,144,0,0,158,4,162,210,0,210,372
01/25/2004,BTL,MI,AGL,CE,Federal Contract Tower,0,1,22,2,25,0,1,164,0,165,0,2,186,2,190,160,0,160,350
01/26/2004,BTL,MI,AGL,CE,Federal Contract Tower,0,1,15,0,16,0,1,5,0,6,0,2,20,0,22,0,0,0,22
01/27/2004,BTL,MI,AGL,CE,Federal Contract Tower,0,0,1,0,1,0,2,0,0,2,0,2,1,0,3,0,0,0,3
01/28/2004,BTL,MI,AGL,CE,Federal Contract Tower,0,1,16,0,17,0,3,0,0,3,0,4,16,0,20,0,0,0,20
01/29/2004,BTL,MI,AGL,CE,Federal Contract Tower,0,1,73,16,90,0,0,10,10,20,0,1,83,26,110,64,12,76,186
01/30/2004,BTL,MI,AGL,CE,Federal Contract Tower,0,0,56,12,68,0,0,2,10,12,0,0,58,22,80,36,6,42,122
01/31/2004,BTL,MI,AGL,CE,Federal Contract Tower,0,0,46,0,46,0,0,34,0,34,0,0,80,0,80,180,0,180,260
02/01/2004,BTL,MI,AGL,CE,Federal Contract Tower,0,0,21,0,21,0,2,119,0,121,0,2,140,0,142,186,0,186,328
02/02/2004,BTL,MI,AGL,CE,Federal Contract Tower,0,1,36,4,41,0,2,149,0,151,0,3,185,4,192,228,0,228,420
02/03/2004,BTL,MI,AGL,CE,Federal Contract Tower,0,1,30,5,36,0,0,0,3,3,0,1,30,8,39,0,0,0,39
02/04/2004,BTL,MI,AGL,CE,Federal Contract Tower,0,1,73,13,87,0,0,271,17,288,0,1,344,30,375,198,10,208,583
02/05/2004,BTL,MI,AGL,CE,Federal Contract Tower,0,3,58,10,71,0,3,149,8,160,0,6,207,18,231,122,8,130,361
02/06/2004,BTL,MI,AGL,CE,Federal Contract Tower,0,1,20,0,21,4,1,4,0,9,4,2,24,0,30,0,0,0,30
02/07/2004,BTL,MI,AGL,CE,Federal Contract Tower,0,0,57,10,67,0,0,63,22,85,0,0,120,32,152,288,0,288,440
02/08/2004,BTL,MI,AGL,CE,Federal Contract Tower,0,1,50,9,60,0,0,93,9,102,0,1,143,18,162,282,14,296,458
02/09/2004,BTL,MI,AGL,CE,Federal Contract Tower,0,1,21,0,22,0,2,20,0,22,0,3,41,0,44,14,0,14,58
02/10/2004,BTL,MI,AGL,CE,Federal Contract Tower,0,2,28,0,30,0,5,15,0,20,0,7,43,0,50,10,0,10,60
02/11/2004,BTL,MI,AGL,CE,Federal Contract Tower,0,4,73,13,90,0,13,125,21,159,0,17,198,34,249,210,4,214,463
02/12/2004,BTL,MI,AGL,CE,Federal Contract Tower,0,1,26,6,33,0,0,0,18,18,0,1,26,24,51,22,4,26,77
02/13/2004,BTL,MI,AGL,CE,Federal Contract Tower,0,0,37,7,44,0,0,53,3,56,0,0,90,10,100,104,0,104,204
02/14/2004,BTL,MI,AGL,CE,Federal Contract Tower,0,0,18,0,18,0,0,122,0,122,0,0,140,0,140,288,0,288,428
02/15/2004,BTL,MI,AGL,CE,Federal Contract Tower,0,1,20,2,23,0,1,220,0,221,0,2,240,2,244,270,0,270,514
02/16/2004,BTL,MI,AGL,CE,Federal Contract Tower,0,2,67,2,71,0,0,193,0,193,0,2,260,2,264,260,0,260,524
02/17/2004,BTL,MI,AGL,CE,Federal Contract Tower,0,1,87,14,102,0,0,200,12,212,0,1,287,26,314,282,6,288,602
02/18/2004,BTL,MI,AGL,CE,Federal Contract Tower,0,0,63,10,73,0,0,79,14,93,0,0,142,24,166,106,6,112,278
02/19/2004,BTL,MI,AGL,CE,Federal Contract Tower,0,3,85,14,102,0,0,85,23,108,0,3,170,37,210,138,30,168,378
02/20/2004,BTL,MI,AGL,CE,Federal Contract Tower,0,1,34,0,35,0,1,19,0,20,0,2,53,0,55,16,0,16,71
02/21/2004,BTL,MI,AGL,CE,Federal Contract Tower,0,0,5,0,5,0,0,10,0,10,0,0,15,0,15,6,0,6,21
02/22/2004,BTL,MI,AGL,CE,Federal Contract Tower,0,0,37,0,37,0,0,160,0,160,0,0,197,0,197,214,0,214,411
02/23/2004,BTL,MI,AGL,CE,Federal Contract Tower,0,0,19,0,19,0,1,3,0,4,0,1,22,0,23,0,0,0,23
02/24/2004,BTL,MI,AGL,CE,Federal Contract Tower,0,2,56,9,67,0,1,24,14,39,0,3,80,23,106,44,0,44,150
02/25/2004,BTL,MI,AGL,CE,Federal Contract Tower,0,2,73,13,88,0,0,187,10,197,0,2,260,23,285,168,4,172,457
02/26/2004,BTL,MI,AGL,CE,Federal Contract Tower,0,0,42,7,49,0,0,71,17,88,0,0,113,24,137,80,0,80,217
02/27/2004,BTL,MI,AGL,CE,Federal Contract Tower,0,1,55,9,65,0,0,137,1,138,0,1,192,10,203,100,12,112,315
02/28/2004,BTL,MI,AGL,CE,Federal Contract Tower,0,0,12,0,12,0,1,122,0,123,0,1,134,0,135,160,0,160,295
02/29/2004,BTL,MI,AGL,CE,Federal Contract Tower,0,0,21,2,23,0,0,66,0,66,0,0,87,2,89,100,0,100,189
03/01/2004,BTL,MI,AGL,CE,Federal Contract Tower,0,0,37,2,39,0,0,18,0,18,0,0,55,2,57,42,2,44,101
03/02/2004,BTL,MI,AGL,CE,Federal Contract Tower,0,0,24,5,29,0,1,0,14,15,0,1,24,19,44,0,0,0,44
03/03/2004,BTL,MI,AGL,CE,Federal Contract Tower,1,0,62,10,73,1,0,3,8,12,2,0,65,18,85,80,0,80,165
03/04/2004,BTL,MI,AGL,CE,Federal Contract Tower,0,1,42,5,48,0,4,8,0,12,0,5,50,5,60,30,0,30,90
03/05/2004,BTL,MI,AGL,CE,Federal Contract Tower,0,1,15,0,16,0,1,1,0,2,0,2,16,0,18,0,0,0,18
03/06/2004,BTL,MI,AGL,CE,Federal Contract Tower,0,1,12,2,15,0,0,11,15,26,0,1,23,17,41,20,2,22,63
03/07/2004,BTL,MI,AGL,CE,Federal Contract Tower,0,0,6,1,7,0,0,0,3,3,0,0,6,4,10,0,2,2,12
03/08/2004,BTL,MI,AGL,CE,Federal Contract Tower,0,0,27,3,30,0,0,20,0,20,0,0,47,3,50,34,0,34,84
03/09/2004,BTL,MI,AGL,CE,Federal Contract Tower,0,2,49,8,59,0,0,136,2,138,0,2,185,10,197,124,2,126,323
03/10/2004,BTL,MI,AGL,CE,Federal Contract Tower,0,2,65,11,78,0,2,195,2,199,0,4,260,13,277,196,2,198,475
03/11/2004,BTL,MI,AGL,CE,Federal Contract Tower,0,0,35,3,38,0,0,29,0,29,0,0,64,3,67,26,0,26,93
03/12/2004,BTL,MI,AGL,CE,Federal Contract Tower,0,1,38,6,45,0,0,7,8,15,0,1,45,14,60,0,10,10,70
03/13/2004,BTL,MI,AGL,CE,Federal Contract Tower,0,0,31,5,36,0,0,69,7,76,0,0,100,12,112,330,0,330,442
03/14/2004,BTL,MI,AGL,CE,Federal Contract Tower,0,0,6,1,7,0,0,6,0,6,0,0,12,1,13,4,0,4,17
03/15/2004,BTL,MI,AGL,CE,Federal Contract Tower,0,1,52,3,56,0,0,228,0,228,0,1,280,3,284,216,0,216,500
03/16/2004,BTL,MI,AGL,CE,Federal Contract Tower,0,1,17,0,18,0,1,1,0,2,0,2,18,0,20,0,0,0,20
03/17/2004,BTL,MI,AGL,CE,Federal Contract Tower,0,0,30,1,31,0,0,27,0,27,0,0,57,1,58,60,0,60,118
03/18/2004,BTL,MI,AGL,CE,Federal Contract Tower,0,1,21,2,24,0,1,13,8,22,0,2,34,10,46,34,0,34,80
03/19/2004,BTL,MI,AGL,CE,Federal Contract Tower,0,1,89,14,104,0,0,52,12,64,0,1,141,26,168,78,0,78,246
03/20/2004,BTL,MI,AGL,CE,Federal Contract Tower,0,1,16,2,19,0,0,34,7,41,0,1,50,9,60,66,0,66,126
03/21/2004,BTL,MI,AGL,CE,Federal Contract Tower,0,0,23,0,23,0,1,72,0,73,0,1,95,0,96,44,0,44,140
03/22/2004,BTL,MI,AGL,CE,Federal Contract Tower,0,1,65,1,67,0,4,169,0,173,0,5,234,1,240,212,4,216,456
03/23/2004,BTL,MI,AGL,CE,Federal Contract Tower,0,2,84,14,100,0,1,214,6,221,0,3,298,20,321,248,4,252,573
03/24/2004,BTL,MI,AGL,CE,Federal Contract Tower,0,1,54,9,64,0,2,6,7,15,0,3,60,16,79,82,0,82,161
03/25/2004,BTL,MI,AGL,CE,Federal Contract Tower,0,3,101,16,120,0,1,59,14,74,0,4,160,30,194,210,4,214,408
03/26/2004,BTL,MI,AGL,CE,Federal Contract Tower,0,1,45,2,48,0,0,5,0,5,0,1,50,2,53,18,0,18,71
03/27/2004,BTL,MI,AGL,CE,Federal Contract Tower,0,0,27,3,30,0,0,65,0,65,0,0,92,3,95,186,0,186,281
03/28/2004,BTL,MI,AGL,CE,Federal Contract Tower,0,0,26,4,30,0,0,86,0,86,0,0,112,4,116,126,0,126,242
03/29/2004,BTL,MI,AGL,CE,Federal Contract Tower,0,0,77,4,81,0,0,161,0,161,0,0,238,4,242,254,0,254,496
03/30/2004,BTL,MI,AGL,CE,Federal Contract Tower,0,1,62,10,73,0,0,85,17,102,0,1,147,27,175,84,0,84,259
03/31/2004,BTL,MI,AGL,CE,Federal Contract Tower,0,1,85,14,100,2,0,124,10,136,2,1,209,24,236,146,8,154,390
04/01/2004,BTL,MI,AGL,CE,Federal Contract Tower,0,2,70,9,81,0,0,205,21,226,0,2,275,30,307,248,2,250,557
04/02/2004,BTL,MI,AGL,CE,Federal Contract Tower,1,1,59,8,69,0,1,136,10,147,1,2,195,18,216,132,6,138,354
04/03/2004,BTL,MI,AGL,CE,Federal Contract Tower,0,0,25,4,29,0,0,131,30,161,0,0,156,34,190,192,12,204,394
04/04/2004,BTL,MI,AGL,CE,Federal Contract Tower,0,0,10,1,11,0,0,32,26,58,0,0,42,27,69,34,2,36,105
04/05/2004,BTL,MI,AGL,CE,Federal Contract Tower,1,1,53,2,57,1,0,196,0,197,2,1,249,2,254,248,0,248,502
04/06/2004,BTL,MI,AGL,CE,Federal Contract Tower,0,3,61,8,72,0,0,99,23,122,0,3,160,31,194,150,6,156,350
04/07/2004,BTL,MI,AGL,CE,Federal Contract Tower,0,2,84,11,97,0,0,177,17,194,0,2,261,28,291,152,0,152,443
04/08/2004,BTL,MI,AGL,CE,Federal Contract Tower,0,1,66,8,75,0,0,69,22,91,0,1,135,30,166,140,10,150,316
04/09/2004,BTL,MI,AGL,CE,Federal Contract Tower,0,0,55,8,63,0,0,142,22,164,0,0,197,30,227,194,0,194,421
04/10/2004,BTL,MI,AGL,CE,Federal Contract Tower,0,0,8,0,8,2,0,30,0,32,2,0,38,0,40,12,0,12,52
04/11/2004,BTL,MI,AGL,CE,Federal Contract Tower,0,0,4,0,4,0,0,19,0,19,0,0,23,0,23,20,0,20,43
04/12/2004,BTL,MI,AGL,CE,Federal Contract Tower,0,1,43,4,48,0,0,97,0,97,0,1,140,4,145,98,0,98,243
04/13/2004,BTL,MI,AGL,CE,Federal Contract Tower,0,3,62,8,73,0,5,67,19,91,0,8,129,27,164,74,4,78,242
04/14/2004,BTL,MI,AGL,CE,Federal Contract Tower,0,4,97,13,114,0,1,164,15,180,0,5,261,28,294,218,2,220,514
04/15/2004,BTL,MI,AGL,CE,Federal Contract Tower,0,3,89,12,104,0,1,168,13,182,0,4,257,25,286,192,10,202,488
04/16/2004,BTL,MI,AGL,CE,Federal Contract Tower,0,0,67,9,76,0,0,84,3,87,0,0,151,12,163,146,6,152,315
04/17/2004,BTL,MI,AGL,CE,Federal Contract Tower,0,1,15,2,18,0,0,65,6,71,0,1,80,8,89,174,0,174,263
04/18/2004,BTL,MI,AGL,CE,Federal Contract Tower,0,1,17,1,19,0,2,51,0,53,0,3,68,1,72,84,0,84,156
04/19/2004,BTL,MI,AGL,CE,Federal Contract Tower,0,1,21,2,24,0,1,0,9,10,0,2,21,11,34,2,0,2,36
04/20/2004,BTL,MI,AGL,CE,Federal Contract Tower,0,0,69,9,78,0,0,82,2,84,0,0,151,11,162,80,2,82,244
04/21/2004,BTL,MI,AGL,CE,Federal Contract Tower,0,0,27,4,31,0,0,30,4,34,0,0,57,8,65,18,0,18,83
04/22/2004,BTL,MI,AGL,CE,Federal Contract Tower,0,0,51,7,58,0,0,159,9,168,0,0,210,16,226,120,0,120,346
04/23/2004,BTL,MI,AGL,CE,Federal Contract Tower,0,0,71,9,80,0,0,96,6,102,0,0,167,15,182,108,16,124,306
04/24/2004,BTL,MI,AGL,CE,Federal Contract Tower,0,0,13,0,13,0,0,67,0,67,0,0,80,0,80,60,0,60,140
04/25/2004,BTL,MI,AGL,CE,Federal Contract Tower,0,0,7,0,7,0,2,0,0,2,0,2,7,0,9,12,0,12,21
04/26/2004,BTL,MI,AGL,CE,Federal Contract Tower,0,0,37,3,40,0,0,71,0,71,0,0,108,3,111,118,0,118,229
04/27/2004,BTL,MI,AGL,CE,Federal Contract Tower,0,1,53,7,61,0,3,91,10,104,0,4,144,17,165,154,6,160,325
04/28/2004,BTL,MI,AGL,CE,Federal Contract Tower,0,0,18,0,18,0,2,38,0,40,0,2,56,0,58,56,0,56,114
04/29/2004,BTL,MI,AGL,CE,Federal Contract Tower,0,1,41,5,47,0,9,54,0,63,0,10,95,5,110,68,0,68,178
04/30/2004,BTL,MI,AGL,CE,Federal Contract Tower,0,1,66,3,70,0,0,77,0,77,0,1,143,3,147,160,4,164,311
05/01/2004,BTL,MI,AGL,CE,Federal Contract Tower,0,0,16,1,17,0,0,20,0,20,0,0,36,1,37,10,0,10,47
05/02/2004,BTL,MI,AGL,CE,Federal Contract Tower,0,0,20,3,23,0,0,71,6,77,0,0,91,9,100,98,6,104,204
05/03/2004,BTL,MI,AGL,CE,Federal Contract Tower,0,1,33,1,35,0,1,62,0,63,0,2,95,1,98,104,0,104,202
05/04/2004,BTL,MI,AGL,CE,Federal Contract Tower,0,2,67,10,79,0,0,125,3,128,0,2,192,13,207,174,2,176,383
05/05/2004,BTL,MI,AGL,CE,Federal Contract Tower,0,1,66,10,77,0,0,235,22,257,0,1,301,32,334,214,2,216,550
05/06/2004,BTL,MI,AGL,CE,Federal Contract Tower,0,3,80,12,95,0,1,160,18,179,0,4,240,30,274,166,4,170,444
05/07/2004,BTL,MI,AGL,CE,Federal Contract Tower,0,2,50,8,60,0,1,97,4,102,0,3,147,12,162,102,2,104,266
05/08/2004,BTL,MI,AGL,CE,Federal Contract Tower,0,0,9,0,9,0,0,51,0,51,0,0,60,0,60,114,0,114,174
05/09/2004,BTL,MI,AGL,CE,Federal Contract Tower,0,0,16,0,16,0,0,25,0,25,0,0,41,0,41,76,0,76,117
05/10/2004,BTL,MI,AGL,CE,Federal Contract Tower,0,0,50,0,50,0,0,106,0,106,0,0,156,0,156,104,0,104,260
05/11/2004,BTL,MI,AGL,CE,Federal Contract Tower,0,0,45,9,54,0,0,0,14,14,0,0,45,23,68,8,0,8,76
05/12/2004,BTL,MI,AGL,CE,Federal Contract Tower,0,0,82,12,94,0,0,184,12,196,0,0,266,24,290,228,8,236,526
05/13/2004,BTL,MI,AGL,CE,Federal Contract Tower,0,2,41,0,43,0,2,19,0,21,0,4,60,0,64,50,0,50,114
05/14/2004,BTL,MI,AGL,CE,Federal Contract Tower,0,1,31,7,39,0,0,0,13,13,0,1,31,20,52,20,0,20,72
05/15/2004,BTL,MI,AGL,CE,Federal Contract Tower,0,1,34,0,35,0,0,65,0,65,0,1,99,0,100,70,0,70,170
05/16/2004,BTL,MI,AGL,CE,Federal Contract Tower,0,0,28,0,28,0,0,177,0,177,0,0,205,0,205,220,0,220,425
05/17/2004,BTL,MI,AGL,CE,Federal Contract Tower,0,0,37,1,38,0,0,51,0,51,0,0,88,1,89,93,0,93,182
05/18/2004,BTL,MI,AGL,CE,Federal Contract Tower,0,0,97,15,112,0,0,31,13,44,0,0,128,28,156,128,0,128,284
05/19/2004,BTL,MI,AGL,CE,Federal Contract Tower,0,2,91,14,107,0,6,217,6,229,0,8,308,20,336,258,4,262,598
05/20/2004,BTL,MI,AGL,CE,Federal Contract Tower,0,1,67,11,79,0,1,1,21,23,0,2,68,32,102,62,0,62,164
05/21/2004,BTL,MI,AGL,CE,Federal Contract Tower,0,0,47,7,54,0,0,11,5,16,0,0,58,12,70,36,2,38,108
05/22/2004,BTL,MI,AGL,CE,Federal Contract Tower,0,0,19,0,19,0,2,29,0,31,0,2,48,0,50,34,0,34,84
05/23/2004,BTL,MI,AGL,CE,Federal Contract Tower,0,0,15,1,16,0,2,32,0,34,0,2,47,1,50,40,0,40,90
05/24/2004,BTL,MI,AGL,CE,Federal Contract Tower,0,2,95,1,98,0,1,45,0,46,0,3,140,1,144,94,0,94,238
05/25/2004,BTL,MI,AGL,CE,Federal Contract Tower,0,2,74,12,88,0,1,0,21,22,0,3,74,33,110,70,0,70,180
05/26/2004,BTL,MI,AGL,CE,Federal Contract Tower,0,1,118,17,136,0,0,153,1,154,0,1,271,18,290,246,0,246,536
05/27/2004,BTL,MI,AGL,CE,Federal Contract Tower,0,3,113,17,133,0,5,47,5,57,0,8,160,22,190,106,0,106,296
05/28/2004,BTL,MI,AGL,CE,Federal Contract Tower,0,1,58,1,60,0,2,138,0,140,0,3,196,1,200,168,2,170,370
05/29/2004,BTL,MI,AGL,CE,Federal Contract Tower,0,1,36,1,38,0,0,92,0,92,0,1,128,1,130,188,0,188,318
05/30/2004,BTL,MI,AGL,CE,Federal Contract Tower,0,0,9,1,10,0,2,23,3,28,0,2,32,4,38,30,10,40,78
05/31/2004,BTL,MI,AGL,CE,Federal Contract Tower,0,0,6,1,7,0,0,0,10,10,0,0,6,11,17,4,4,8,25
06/01/2004,BTL,MI,AGL,CE,Federal Contract Tower,0,4,67,8,79,0,2,213,24,239,0,6,280,32,318,206,4,210,528
06/02/2004,BTL,MI,AGL,CE,Federal Contract Tower,0,5,97,12,114,0,0,101,12,113,0,5,198,24,227,214,2,216,443
06/03/2004,BTL,MI,AGL,CE,Federal Contract Tower,0,4,100,12,116,0,0,180,14,194,0,4,280,26,310,304,36,340,650
06/04/2004,BTL,MI,AGL,CE,Federal Contract Tower,0,3,57,7,67,0,2,168,16,186,0,5,225,23,253,170,18,188,441
06/05/2004,BTL,MI,AGL,CE,Federal Contract Tower,0,0,29,3,32,0,0,120,19,139,0,0,149,22,171,146,8,154,325
06/06/2004,BTL,MI,AGL,CE,Federal Contract Tower,0,1,42,6,49,0,0,129,19,148,0,1,171,25,197,130,10,140,337
06/07/2004,BTL,MI,AGL,CE,Federal Contract Tower,0,3,46,5,54,0,0,155,1,156,0,3,201,6,210,200,0,200,410
06/08/2004,BTL,MI,AGL,CE,Federal Contract Tower,0,4,79,10,93,0,2,125,19,146,0,6,204,29,239,216,0,216,455
06/09/2004,BTL,MI,AGL,CE,Federal Contract Tower,0,1,60,8,69,0,0,43,10,53,0,1,103,18,122,140,2,142,264
06/10/2004,BTL,MI,AGL,CE,Federal Contract Tower,0,0,18,4,22,0,0,0,16,16,0,0,18,20,38,0,0,0,38
06/11/2004,BTL,MI,AGL,CE,Federal Contract Tower,0,1,18,0,19,0,1,5,0,6,0,2,23,0,25,6,0,6,31
06/12/2004,BTL,MI,AGL,CE,Federal Contract Tower,0,0,45,5,50,0,0,28,2,30,0,0,73,7,80,94,0,94,174
06/13/2004,BTL,MI,AGL,CE,Federal Contract Tower,0,1,28,0,29,0,0,44,0,44,0,1,72,0,73,50,0,50,123
06/14/2004,BTL,MI,AGL,CE,Federal Contract Tower,0,3,53,2,58,0,5,105,0,110,0,8,158,2,168,168,0,168,336
06/15/2004,BTL,MI,AGL,CE,Federal Contract Tower,0,2,78,9,89,0,0,186,8,194,0,2,264,17,283,112,0,112,395
06/16/2004,BTL,MI,AGL,CE,Federal Contract Tower,0,2,88,10,100,0,0,50,9,59,0,2,138,19,159,112,0,112,271
06/17/2004,BTL,MI,AGL,CE,Federal Contract Tower,0,1,38,5,44,0,3,58,7,68,0,4,96,12,112,136,0,136,248
06/18/2004,BTL,MI,AGL,CE,Federal Contract Tower,0,2,89,8,99,0,0,104,0,104,0,2,193,8,203,210,4,214,417
06/19/2004,BTL,MI,AGL,CE,Federal Contract Tower,0,0,40,0,40,0,0,118,0,118,0,0,158,0,158,152,0,152,310
06/20/2004,BTL,MI,AGL,CE,Federal Contract Tower,0,0,22,0,22,0,1,158,0,159,0,1,180,0,181,182,0,182,363
06/21/2004,BTL,MI,AGL,CE,Federal Contract Tower,0,3,67,4,74,0,0,75,0,75,0,3,142,4,149,198,0,198,347
06/22/2004,BTL,MI,AGL,CE,Federal Contract Tower,0,4,92,11,107,0,7,41,10,58,0,11,133,21,165,70,4,74,239
06/23/2004,BTL,MI,AGL,CE,Federal Contract Tower,0,3,86,11,100,0,0,123,14,137,0,3,209,25,237,138,2,140,377
06/24/2004,BTL,MI,AGL,CE,Federal Contract Tower,0,4,96,11,111,0,8,54,11,73,0,12,150,22,184,40,4,44,228
06/25/2004,BTL,MI,AGL,CE,Federal Contract Tower,0,3,82,10,95,0,2,123,16,141,0,5,205,26,236,198,2,200,436
06/26/2004,BTL,MI,AGL,CE,Federal Contract Tower,0,1,38,0,39,0,1,110,0,111,0,2,148,0,150,80,0,80,230
06/27/2004,BTL,MI,AGL,CE,Federal Contract Tower,0,1,35,1,37,0,0,120,0,120,0,1,155,1,157,132,2,134,291
06/28/2004,BTL,MI,AGL,CE,Federal Contract Tower,0,1,87,4,92,0,0,71,0,71,0,1,158,4,163,88,0,88,251
06/29/2004,BTL,MI,AGL,CE,Federal Contract Tower,0,2,79,9,90,0,0,128,11,139,0,2,207,20,229,172,2,174,403
06/30/2004,BTL,MI,AGL,CE,Federal Contract Tower,0,3,85,10,98,0,1,176,22,199,0,4,261,32,297,168,6,174,471
07/01/2004,BTL,MI,AGL,CE,Federal Contract Tower,0,2,60,8,70,0,0,187,10,197,0,2,247,18,267,228,20,248,515
07/02/2004,BTL,MI,AGL,CE,Federal Contract Tower,0,0,22,0,22,0,3,80,0,83,0,3,102,0,105,24,0,24,129
07/03/2004,BTL,MI,AGL,CE,Federal Contract Tower,0,0,9,1,10,0,0,65,3,68,0,0,74,4,78,44,6,50,128
07/04/2004,BTL,MI,AGL,CE,Federal Contract Tower,0,0,4,0,4,0,1,3,4,8,0,1,7,4,12,4,8,12,24
07/05/2004,BTL,MI,AGL,CE,Federal Contract Tower,0,0,20,3,23,0,4,41,5,50,0,4,61,8,73,32,4,36,109
07/06/2004,BTL,MI,AGL,CE,Federal Contract Tower,0,1,74,10,85,0,0,66,11,77,0,1,140,21,162,128,4,132,294
07/07/2004,BTL,MI,AGL,CE,Federal Contract Tower,0,3,89,12,104,0,1,22,17,40,0,4,111,29,144,102,4,106,250
07/08/2004,BTL,MI,AGL,CE,Federal Contract Tower,0,4,94,12,110,0,2,140,14,156,0,6,234,26,266,148,22,170,436
07/09/2004,BTL,MI,AGL,CE,Federal Contract Tower,0,3,79,10,92,0,0,147,19,166,0,3,226,29,258,130,34,164,422
07/10/2004,BTL,MI,AGL,CE,Federal Contract Tower,0,0,20,3,23,0,0,85,13,98,0,0,105,16,121,114,4,118,239
07/11/2004,BTL,MI,AGL,CE,Federal Contract Tower,0,1,25,3,29,0,1,68,13,82,0,2,93,16,111,46,8,54,165
07/12/2004,BTL,MI,AGL,CE,Federal Contract Tower,0,2,66,0,68,0,4,99,0,103,0,6,165,0,171,130,0,130,301
07/13/2004,BTL,MI,AGL,CE,Federal Contract Tower,0,3,74,10,87,0,0,103,15,118,0,3,177,25,205,180,0,180,385
07/14/2004,BTL,MI,AGL,CE,Federal Contract Tower,0,4,110,14,128,0,0,89,2,91,0,4,199,16,219,176,10,186,405
07/15/2004,BTL,MI,AGL,CE,Federal Contract Tower,0,0,67,9,76,0,0,211,10,221,0,0,278,19,297,202,2,204,501
07/16/2004,BTL,MI,AGL,CE,Federal Contract Tower,0,3,50,6,59,0,3,68,7,78,0,6,118,13,137,138,4,142,279
07/17/2004,BTL,MI,AGL,CE,Federal Contract Tower,0,2,28,4,34,0,0,61,2,63,0,2,89,6,97,96,4,100,197
07/18/2004,BTL,MI,AGL,CE,Federal Contract Tower,0,1,21,2,24,0,1,107,2,110,0,2,128,4,134,216,2,218,352
07/19/2004,BTL,MI,AGL,CE,Federal Contract Tower,0,0,46,0,46,0,0,169,0,169,0,0,215,0,215,194,0,194,409
07/20/2004,BTL,MI,AGL,CE,Federal Contract Tower,0,1,87,10,98,2,0,129,17,148,2,1,216,27,246,238,14,252,498
07/21/2004,BTL,MI,AGL,CE,Federal Contract Tower,0,3,96,11,110,0,0,67,6,73,0,3,163,17,183,132,0,132,315
07/22/2004,BTL,MI,AGL,CE,Federal Contract Tower,0,3,90,11,104,4,0,19,4,27,4,3,109,15,131,66,0,66,197
07/23/2004,BTL,MI,AGL,CE,Federal Contract Tower,0,0,55,6,61,2,0,115,0,117,2,0,170,6,178,152,2,154,332
07/24/2004,BTL,MI,AGL,CE,Federal Contract Tower,0,1,16,0,17,0,1,82,0,83,0,2,98,0,100,94,0,94,194
07/25/2004,BTL,MI,AGL,CE,Federal Contract Tower,0,0,23,0,23,0,0,88,0,88,0,0,111,0,111,158,0,158,269
07/26/2004,BTL,MI,AGL,CE,Federal Contract Tower,0,2,52,0,54,4,3,162,0,169,4,5,214,0,223,138,0,138,361
07/27/2004,BTL,MI,AGL,CE,Federal Contract Tower,0,2,52,7,61,0,0,144,9,153,0,2,196,16,214,152,4,156,370
07/28/2004,BTL,MI,AGL,CE,Federal Contract Tower,0,1,86,11,98,0,0,156,3,159,0,1,242,14,257,128,0,128,385
07/29/2004,BTL,MI,AGL,CE,Federal Contract Tower,0,3,70,9,82,0,5,129,2,136,0,8,199,11,218,186,0,186,404
07/30/2004,BTL,MI,AGL,CE,Federal Contract Tower,0,2,63,8,73,0,1,8,6,15,0,3,71,14,88,88,4,92,180
07/31/2004,BTL,MI,AGL,CE,Federal Contract Tower,0,0,19,0,19,0,2,11,0,13,0,2,30,0,32,24,0,24,56
08/01/2004,BTL,MI,AGL,CE,Federal Contract Tower,0,0,22,2,24,0,0,101,2,103,0,0,123,4,127,92,10,102,229
08/02/2004,BTL,MI,AGL,CE,Federal Contract Tower,1,0,36,2,39,1,0,112,0,113,2,0,148,2,152,126,0,126,278
08/03/2004,BTL,MI,AGL,CE,Federal Contract Tower,1,0,73,8,82,1,0,141,18,160,2,0,214,26,242,192,0,192,434
08/04/2004,BTL,MI,AGL,CE,Federal Contract Tower,0,4,71,8,83,0,1,60,4,65,0,5,131,12,148,82,0,82,230
08/05/2004,BTL,MI,AGL,CE,Federal Contract Tower,0,6,81,8,95,0,5,179,14,198,0,11,260,22,293,150,0,150,443
08/06/2004,BTL,MI,AGL,CE,Federal Contract Tower,0,4,54,5,63,0,0,155,0,155,0,4,209,5,218,96,0,96,314
08/07/2004,BTL,MI,AGL,CE,Federal Contract Tower,0,0,13,1,14,0,0,63,10,73,0,0,76,11,87,70,2,72,159
08/08/2004,BTL,MI,AGL,CE,Federal Contract Tower,0,2,32,4,38,0,0,66,12,78,0,2,98,16,116,100,2,102,218
08/09/2004,BTL,MI,AGL,CE,Federal Contract Tower,0,2,49,0,51,0,0,147,0,147,0,2,196,0,198,232,0,232,430
08/10/2004,BTL,MI,AGL,CE,Federal Contract Tower,0,1,96,11,108,0,0,68,12,80,0,1,164,23,188,110,0,110,298
08/11/2004,BTL,MI,AGL,CE,Federal Contract Tower,0,2,72,9,83,0,0,20,12,32,0,2,92,21,115,64,0,64,179
08/12/2004,BTL,MI,AGL,CE,Federal Contract Tower,0,5,74,8,87,0,10,11,8,29,0,15,85,16,116,164,0,164,280
08/13/2004,BTL,MI,AGL,CE,Federal Contract Tower,0,1,50,6,57,0,0,40,6,46,0,1,90,12,103,100,0,100,203
08/14/2004,BTL,MI,AGL,CE,Federal Contract Tower,0,0,16,0,16,0,0,49,0,49,0,0,65,0,65,58,0,58,123
08/15/2004,BTL,MI,AGL,CE,Federal Contract Tower,0,0,28,1,29,0,0,100,0,100,0,0,128,1,129,188,0,188,317
08/16/2004,BTL,MI,AGL,CE,Federal Contract Tower,0,3,54,3,60,0,3,112,0,115,0,6,166,3,175,158,2,160,335
08/17/2004,BTL,MI,AGL,CE,Federal Contract Tower,0,2,48,6,56,0,0,99,6,105,0,2,147,12,161,150,2,152,313
08/18/2004,BTL,MI,AGL,CE,Federal Contract Tower,0,2,45,5,52,0,3,5,0,8,0,5,50,5,60,104,0,104,164
08/19/2004,BTL,MI,AGL,CE,Federal Contract Tower,0,3,68,8,79,0,3,137,9,149,0,6,205,17,228,162,2,164,392
08/20/2004,BTL,MI,AGL,CE,Federal Contract Tower,0,3,68,8,79,0,4,38,2,44,0,7,106,10,123,148,2,150,273
08/21/2004,BTL,MI,AGL,CE,Federal Contract Tower,0,1,20,0,21,0,0,113,0,113,0,1,133,0,134,150,0,150,284
08/22/2004,BTL,MI,AGL,CE,Federal Contract Tower,0,0,25,0,25,0,0,48,0,48,0,0,73,0,73,132,0,132,205
08/23/2004,BTL,MI,AGL,CE,Federal Contract Tower,0,2,45,3,50,0,0,91,0,91,0,2,136,3,141,138,0,138,279
08/24/2004,BTL,MI,AGL,CE,Federal Contract Tower,0,1,60,6,67,0,0,45,14,59,0,1,105,20,126,172,4,176,302
08/25/2004,BTL,MI,AGL,CE,Federal Contract Tower,0,2,85,10,97,0,0,38,10,48,0,2,123,20,145,108,6,114,259
08/26/2004,BTL,MI,AGL,CE,Federal Contract Tower,0,3,104,12,119,0,0,49,9,58,0,3,153,21,177,158,2,160,337
08/27/2004,BTL,MI,AGL,CE,Federal Contract Tower,0,0,73,9,82,0,0,21,15,36,0,0,94,24,118,76,4,80,198
08/28/2004,BTL,MI,AGL,CE,Federal Contract Tower,0,1,15,0,16,0,2,0,0,2,0,3,15,0,18,14,0,14,32
08/29/2004,BTL,MI,AGL,CE,Federal Contract Tower,0,1,23,0,24,0,1,15,0,16,0,2,38,0,40,22,0,22,62
08/30/2004,BTL,MI,AGL,CE,Federal Contract Tower,0,2,44,3,49,0,2,75,0,77,0,4,119,3,126,96,0,96,222
08/31/2004,BTL,MI,AGL,CE,Federal Contract Tower,0,2,69,8,79,0,0,160,16,176,0,2,229,24,255,202,4,206,461
09/01/2004,BTL,MI,AGL,CE,Federal Contract Tower,0,4,84,9,97,0,0,146,13,159,0,4,230,22,256,184,8,192,448
09/02/2004,BTL,MI,AGL,CE,Federal Contract Tower,0,4,69,8,81,0,1,146,12,159,0,5,215,20,240,162,0,162,402
09/03/2004,BTL,MI,AGL,CE,Federal Contract Tower,0,1,52,2,55,0,0,37,0,37,0,1,89,2,92,72,0,72,164
09/04/2004,BTL,MI,AGL,CE,Federal Contract Tower,0,1,29,0,30,0,4,55,0,59,0,5,84,0,89,98,0,98,187
09/05/2004,BTL,MI,AGL,CE,Federal Contract Tower,0,0,10,0,10,0,2,31,0,33,0,2,41,0,43,28,0,28,71
09/06/2004,BTL,MI,AGL,CE,Federal Contract Tower,0,0,3,0,3,0,1,10,0,11,0,1,13,0,14,10,0,10,24
09/07/2004,BTL,MI,AGL,CE,Federal Contract Tower,0,4,72,8,84,0,0,174,8,182,0,4,246,16,266,178,4,182,448
09/08/2004,BTL,MI,AGL,CE,Federal Contract Tower,0,1,80,8,89,0,0,147,6,153,0,1,227,14,242,128,0,128,370
09/09/2004,BTL,MI,AGL,CE,Federal Contract Tower,0,6,75,8,89,1,5,200,7,213,1,11,275,15,302,170,4,174,476
09/10/2004,BTL,MI,AGL,CE,Federal Contract Tower,0,6,78,8,92,1,0,178,8,187,1,6,256,16,279,174,14,188,467
09/11/2004,BTL,MI,AGL,CE,Federal Contract Tower,0,2,29,3,34,2,0,132,19,153,2,2,161,22,187,126,18,144,331
09/12/2004,BTL,MI,AGL,CE,Federal Contract Tower,0,0,25,3,28,0,0,131,15,146,0,0,156,18,174,108,4,112,286
09/13/2004,BTL,MI,AGL,CE,Federal Contract Tower,0,0,40,4,44,2,0,55,12,69,2,0,95,16,113,104,0,104,217
09/14/2004,BTL,MI,AGL,CE,Federal Contract Tower,0,6,80,6,92,0,3,172,0,175,0,9,252,6,267,128,0,128,395
09/15/2004,BTL,MI,AGL,CE,Federal Contract Tower,0,5,69,7,81,0,7,169,5,181,0,12,238,12,262,128,0,128,390
09/16/2004,BTL,MI,AGL,CE,Federal Contract Tower,0,5,86,9,100,0,0,112,3,115,0,5,198,12,215,84,2,86,301
09/17/2004,BTL,MI,AGL,CE,Federal Contract Tower,0,1,39,4,44,0,0,161,2,163,0,1,200,6,207,104,2,106,313
09/18/2004,BTL,MI,AGL,CE,Federal Contract Tower,0,1,15,0,16,0,1,173,0,174,0,2,188,0,190,174,2,176,366
09/19/2004,BTL,MI,AGL,CE,Federal Contract Tower,0,2,17,0,19,0,2,108,0,110,0,4,125,0,129,156,0,156,285
09/20/2004,BTL,MI,AGL,CE,Federal Contract Tower,0,4,50,2,56,0,1,183,0,184,0,5,233,2,240,238,0,238,478
09/21/2004,BTL,MI,AGL,CE,Federal Contract Tower,0,0,58,6,64,0,0,209,11,220,0,0,267,17,284,184,0,184,468
09/22/2004,BTL,MI,AGL,CE,Federal Contract Tower,0,0,68,7,75,0,0,198,9,207,0,0,266,16,282,212,0,212,494
09/23/2004,BTL,MI,AGL,CE,Federal Contract Tower,0,4,68,7,79,0,4,215,2,221,0,8,283,9,300,108,2,110,410
09/24/2004,BTL,MI,AGL,CE,Federal Contract Tower,0,3,53,5,61,0,1,152,7,160,0,4,205,12,221,108,2,110,331
09/25/2004,BTL,MI,AGL,CE,Federal Contract Tower,0,1,35,2,38,0,0,64,0,64,0,1,99,2,102,134,0,134,236
09/26/2004,BTL,MI,AGL,CE,Federal Contract Tower,0,1,22,2,25,0,1,152,17,170,0,2,174,19,195,134,0,134,329
09/27/2004,BTL,MI,AGL,CE,Federal Contract Tower,0,3,59,1,63,0,0,205,0,205,0,3,264,1,268,163,0,163,431
09/28/2004,BTL,MI,AGL,CE,Federal Contract Tower,0,2,71,0,73,0,0,49,0,49,0,2,120,0,122,36,0,36,158
09/29/2004,BTL,MI,AGL,CE,Federal Contract Tower,0,2,69,1,72,0,0,230,0,230,0,2,299,1,302,184,0,184,486
09/30/2004,BTL,MI,AGL,CE,Federal Contract Tower,0,4,65,2,71,0,1,191,0,192,0,5,256,2,263,133,0,133,396
10/01/2004,BTL,MI,AGL,CE,Federal Contract Tower,0,3,66,0,69,0,0,150,3,153,0,3,216,3,222,228,0,228,450
10/02/2004,BTL,MI,AGL,CE,Federal Contract Tower,0,1,19,0,20,0,1,82,8,91,0,2,101,8,111,68,8,76,187
10/03/2004,BTL,MI,AGL,CE,Federal Contract Tower,0,2,25,0,27,0,4,109,10,123,0,6,134,10,150,128,0,128,278
10/04/2004,BTL,MI,AGL,CE,Federal Contract Tower,0,0,45,0,45,0,0,99,0,99,0,0,144,0,144,58,0,58,202
10/05/2004,BTL,MI,AGL,CE,Federal Contract Tower,0,5,32,4,41,0,0,216,5,221,0,5,248,9,262,188,0,188,450
10/06/2004,BTL,MI,AGL,CE,Federal Contract Tower,0,2,82,15,99,0,0,180,5,185,0,2,262,20,284,234,6,240,524
10/07/2004,BTL,MI,AGL,CE,Federal Contract Tower,0,3,94,8,105,0,0,225,18,243,0,3,319,26,348,168,2,170,518
10/08/2004,BTL,MI,AGL,CE,Federal Contract Tower,0,1,73,1,75,0,0,26,0,26,0,1,99,1,101,38,0,38,139
10/09/2004,BTL,MI,AGL,CE,Federal Contract Tower,0,0,43,0,43,0,0,89,1,90,0,0,132,1,133,140,0,140,273
10/10/2004,BTL,MI,AGL,CE,Federal Contract Tower,0,1,39,0,40,0,0,149,0,149,0,1,188,0,189,128,0,128,317
10/11/2004,BTL,MI,AGL,CE,Federal Contract Tower,0,1,54,0,55,0,0,143,1,144,0,1,197,1,199,156,0,156,355
10/12/2004,BTL,MI,AGL,CE,Federal Contract Tower,0,1,74,10,85,0,0,127,10,137,0,1,201,20,222,104,8,112,334
10/13/2004,BTL,MI,AGL,CE,Federal Contract Tower,2,3,68,18,91,0,0,51,0,51,2,3,119,18,142,110,12,122,264
10/14/2004,BTL,MI,AGL,CE,Federal Contract Tower,0,6,106,9,121,0,0,121,10,131,0,6,227,19,252,188,0,188,440
10/15/2004,BTL,MI,AGL,CE,Federal Contract Tower,0,6,47,0,53,0,0,1,0,1,0,6,48,0,54,12,0,12,66
10/16/2004,BTL,MI,AGL,CE,Federal Contract Tower,0,2,15,0,17,0,0,1,3,4,0,2,16,3,21,2,0,2,23
10/17/2004,BTL,MI,AGL,CE,Federal Contract Tower,0,1,20,0,21,0,0,18,3,21,0,1,38,3,42,14,0,14,56
10/18/2004,BTL,MI,AGL,CE,Federal Contract Tower,0,0,70,0,70,0,0,136,0,136,0,0,206,0,206,138,18,156,362
10/19/2004,BTL,MI,AGL,CE,Federal Contract Tower,0,2,115,22,139,0,0,20,16,36,0,2,135,38,175,12,0,12,187
10/20/2004,BTL,MI,AGL,CE,Federal Contract Tower,0,4,77,24,105,0,0,5,0,5,0,4,82,24,110,20,0,20,130
10/21/2004,BTL,MI,AGL,CE,Federal Contract Tower,0,7,95,18,120,0,0,18,1,19,0,7,113,19,139,30,0,30,169
10/22/2004,BTL,MI,AGL,CE,Federal Contract Tower,0,2,96,5,103,0,4,66,8,78,0,6,162,13,181,158,0,158,339
10/23/2004,BTL,MI,AGL,CE,Federal Contract Tower,0,0,5,0,5,0,0,0,0,0,0,0,5,0,5,0,0,0,5
10/24/2004,BTL,MI,AGL,CE,Federal Contract Tower,0,1,54,2,57,0,0,31,12,43,0,1,85,14,100,82,0,82,182
10/25/2004,BTL,MI,AGL,CE,Federal Contract Tower,0,1,87,1,89,0,1,131,0,132,0,2,218,1,221,178,0,178,399
10/26/2004,BTL,MI,AGL,CE,Federal Contract Tower,0,2,62,8,72,0,0,153,9,162,0,2,215,17,234,192,4,196,430
10/27/2004,BTL,MI,AGL,CE,Federal Contract Tower,0,1,119,20,140,0,0,69,1,70,0,1,188,21,210,148,2,150,360
10/28/2004,BTL,MI,AGL,CE,Federal Contract Tower,0,6,67,15,88,0,0,38,11,49,0,6,105,26,137,86,0,86,223
10/29/2004,BTL,MI,AGL,CE,Federal Contract Tower,0,2,25,2,29,0,0,4,2,6,0,2,29,4,35,10,0,10,45
10/30/2004,BTL,MI,AGL,CE,Federal Contract Tower,0,0,4,0,4,0,0,9,0,9,0,0,13,0,13,2,0,2,15
10/31/2004,BTL,MI,AGL,CE,Federal Contract Tower,0,1,44,0,45,0,0,34,0,34,0,1,78,0,79,40,0,40,119
11/01/2004,BTL,MI,AGL,CE,Federal Contract Tower,0,2,53,0,55,0,1,96,0,97,0,3,149,0,152,122,2,124,276
11/02/2004,BTL,MI,AGL,CE,Federal Contract Tower,0,0,13,2,15,0,0,0,0,0,0,0,13,2,15,0,0,0,15
11/03/2004,BTL,MI,AGL,CE,Federal Contract Tower,0,4,99,19,122,0,0,245,0,245,0,4,344,19,367,200,2,202,569
11/04/2004,BTL,MI,AGL,CE,Federal Contract Tower,0,1,20,6,27,0,0,0,0,0,0,1,20,6,27,6,0,6,33
11/05/2004,BTL,MI,AGL,CE,Federal Contract Tower,0,2,50,6,58,0,0,140,2,142,0,2,190,8,200,90,2,92,292
11/06/2004,BTL,MI,AGL,CE,Federal Contract Tower,0,1,40,19,60,0,0,137,39,176,0,1,177,58,236,170,0,170,406
11/07/2004,BTL,MI,AGL,CE,Federal Contract Tower,0,3,31,14,48,0,0,71,35,106,0,3,102,49,154,42,0,42,196
11/08/2004,BTL,MI,AGL,CE,Federal Contract Tower,0,1,52,6,59,0,0,189,16,205,0,1,241,22,264,88,4,92,356
11/09/2004,BTL,MI,AGL,CE,Federal Contract Tower,0,2,77,12,91,0,0,150,14,164,0,2,227,26,255,206,0,206,461
11/10/2004,BTL,MI,AGL,CE,Federal Contract Tower,0,2,83,15,100,0,0,141,13,154,0,2,224,28,254,226,0,226,480
11/11/2004,BTL,MI,AGL,CE,Federal Contract Tower,0,1,88,0,89,0,0,156,0,156,0,1,244,0,245,155,0,155,400
11/12/2004,BTL,MI,AGL,CE,Federal Contract Tower,0,5,52,0,57,0,0,143,0,143,0,5,195,0,200,80,0,80,280
11/13/2004,BTL,MI,AGL,CE,Federal Contract Tower,0,6,38,0,44,0,0,137,16,153,0,6,175,16,197,138,0,138,335
11/14/2004,BTL,MI,AGL,CE,Federal Contract Tower,0,6,38,0,44,0,0,101,0,101,0,6,139,0,145,154,0,154,299
11/15/2004,BTL,MI,AGL,CE,Federal Contract Tower,0,6,70,2,78,0,0,107,1,108,0,6,177,3,186,128,0,128,314
11/16/2004,BTL,MI,AGL,CE,Federal Contract Tower,0,3,51,8,62,0,0,0,1,1,0,3,51,9,63,22,0,22,85
11/17/2004,BTL,MI,AGL,CE,Federal Contract Tower,0,7,28,0,35,0,0,1,0,1,0,7,29,0,36,2,0,2,38
11/18/2004,BTL,MI,AGL,CE,Federal Contract Tower,0,4,133,22,159,0,0,0,5,5,0,4,133,27,164,54,2,56,220
11/19/2004,BTL,MI,AGL,CE,Federal Contract Tower,1,4,17,7,29,0,0,0,0,0,1,4,17,7,29,0,0,0,29
11/20/2004,BTL,MI,AGL,CE,Federal Contract Tower,0,3,30,0,33,0,0,9,0,9,0,3,39,0,42,10,0,10,52
11/21/2004,BTL,MI,AGL,CE,Federal Contract Tower,0,6,52,2,60,0,0,139,0,139,0,6,191,2,199,210,0,210,409
11/22/2004,BTL,MI,AGL,CE,Federal Contract Tower,4,11,87,10,112,0,6,140,16,162,4,17,227,26,274,160,2,162,436
11/23/2004,BTL,MI,AGL,CE,Federal Contract Tower,1,4,95,19,119,0,0,32,5,37,1,4,127,24,156,50,0,50,206
11/24/2004,BTL,MI,AGL,CE,Federal Contract Tower,0,0,15,0,15,0,0,7,0,7,0,0,22,0,22,10,0,10,32
11/25/2004,BTL,MI,AGL,CE,Federal Contract Tower,0,2,0,0,2,0,0,7,0,7,0,2,7,0,9,4,0,4,13
11/26/2004,BTL,MI,AGL,CE,Federal Contract Tower,0,1,0,0,1,0,0,5,0,5,0,1,5,0,6,10,0,10,16
11/27/2004,BTL,MI,AGL,CE,Federal Contract Tower,0,1,4,0,5,0,2,3,0,5,0,3,7,0,10,0,0,0,10
11/28/2004,BTL,MI,AGL,CE,Federal Contract Tower,0,0,10,0,10,0,0,6,0,6,0,0,16,0,16,6,0,6,22
11/29/2004,BTL,MI,AGL,CE,Federal Contract Tower,0,1,43,0,44,0,0,35,0,35,0,1,78,0,79,64,0,64,143
11/30/2004,BTL,MI,AGL,CE,Federal Contract Tower,0,3,31,4,38,0,0,0,0,0,0,3,31,4,38,0,0,0,38
12/01/2004,BTL,MI,AGL,CE,Federal Contract Tower,0,0,102,12,114,0,0,107,2,109,0,0,209,14,223,119,2,121,344
12/02/2004,BTL,MI,AGL,CE,Federal Contract Tower,0,0,131,17,148,0,0,53,5,58,0,0,184,22,206,154,8,162,368
12/03/2004,BTL,MI,AGL,CE,Federal Contract Tower,0,3,74,4,81,0,2,98,11,111,0,5,172,15,192,202,12,214,406
12/04/2004,BTL,MI,AGL,CE,Federal Contract Tower,0,2,25,12,39,0,0,55,22,77,0,2,80,34,116,80,0,80,196
12/05/2004,BTL,MI,AGL,CE,Federal Contract Tower,0,2,42,5,49,0,0,179,11,190,0,2,221,16,239,116,6,122,361
12/06/2004,BTL,MI,AGL,CE,Federal Contract Tower,0,4,36,2,42,0,0,0,0,0,0,4,36,2,42,0,0,0,42
12/07/2004,BTL,MI,AGL,CE,Federal Contract Tower,0,0,25,8,33,0,0,0,0,0,0,0,25,8,33,0,2,2,35
12/08/2004,BTL,MI,AGL,CE,Federal Contract Tower,0,1,100,9,110,0,0,122,3,125,0,1,222,12,235,134,2,136,371
12/09/2004,BTL,MI,AGL,CE,Federal Contract Tower,0,2,128,12,142,0,0,77,9,86,0,2,205,21,228,166,2,168,396
12/10/2004,BTL,MI,AGL,CE,Federal Contract Tower,0,3,29,0,32,0,0,0,0,0,0,3,29,0,32,2,0,2,34
12/11/2004,BTL,MI,AGL,CE,Federal Contract Tower,0,0,25,0,25,0,0,17,0,17,0,0,42,0,42,62,0,62,104
12/12/2004,BTL,MI,AGL,CE,Federal Contract Tower,0,1,8,0,9,0,0,1,0,1,0,1,9,0,10,6,0,6,16
12/13/2004,BTL,MI,AGL,CE,Federal Contract Tower,0,0,19,0,19,0,0,0,0,0,0,0,19,0,19,0,0,0,19
12/14/2004,BTL,MI,AGL,CE,Federal Contract Tower,0,0,48,13,61,0,0,81,4,85,0,0,129,17,146,102,0,102,248
12/15/2004,BTL,MI,AGL,CE,Federal Contract Tower,0,6,103,14,123,0,0,111,10,121,0,6,214,24,244,156,4,160,404
12/16/2004,BTL,MI,AGL,CE,Federal Contract Tower,0,3,65,13,81,0,0,88,11,99,0,3,153,24,180,137,0,137,317
12/17/2004,BTL,MI,AGL,CE,Federal Contract Tower,0,2,43,0,45,0,0,72,0,72,0,2,115,0,117,90,0,90,207
12/18/2004,BTL,MI,AGL,CE,Federal Contract Tower,0,0,25,0,25,0,0,0,0,0,0,0,25,0,25,24,0,24,49
12/19/2004,BTL,MI,AGL,CE,Federal Contract Tower,0,1,7,0,8,0,8,0,0,8,0,9,7,0,16,28,0,28,44
12/20/2004,BTL,MI,AGL,CE,Federal Contract Tower,0,0,34,10,44,0,0,35,16,51,0,0,69,26,95,50,4,54,149
12/21/2004,BTL,MI,AGL,CE,Federal Contract Tower,0,1,42,17,60,0,0,67,10,77,0,1,109,27,137,88,2,90,227
12/22/2004,BTL,MI,AGL,CE,Federal Contract Tower,0,4,27,13,44,0,0,8,8,16,0,4,35,21,60,18,0,18,78
12/23/2004,BTL,MI,AGL,CE,Federal Contract Tower,0,0,18,0,18,0,0,0,0,0,0,0,18,0,18,0,0,0,18
12/24/2004,BTL,MI,AGL,CE,Federal Contract Tower,0,1,5,0,6,0,0,0,0,0,0,1,5,0,6,0,0,0,6
12/25/2004,BTL,MI,AGL,CE,Federal Contract Tower,0,5,1,0,6,0,0,0,0,0,0,5,1,0,6,2,0,2,8
12/26/2004,BTL,MI,AGL,CE,Federal Contract Tower,0,2,3,0,5,0,2,8,0,10,0,4,11,0,15,8,0,8,23
12/27/2004,BTL,MI,AGL,CE,Federal Contract Tower,0,0,14,0,14,0,0,25,0,25,0,0,39,0,39,22,0,22,61
12/28/2004,BTL,MI,AGL,CE,Federal Contract Tower,0,0,11,6,17,0,0,5,11,16,0,0,16,17,33,8,12,20,53
12/29/2004,BTL,MI,AGL,CE,Federal Contract Tower,0,0,13,14,27,0,0,4,4,8,0,0,17,18,35,4,0,4,39
12/30/2004,BTL,MI,AGL,CE,Federal Contract Tower,0,0,18,7,25,0,0,0,0,0,0,0,18,7,25,0,2,2,27
12/31/2004,BTL,MI,AGL,CE,Federal Contract Tower,0,2,10,0,12,0,0,7,0,7,0,2,17,0,19,8,0,8,27
01/01/2005,BTL,MI,AGL,CE,Federal Contract Tower,0,0,5,0,5,0,0,27,0,27,0,0,32,0,32,22,0,22,54
01/02/2005,BTL,MI,AGL,CE,Federal Contract Tower,0,0,8,0,8,0,0,0,0,0,0,0,8,0,8,0,0,0,8
01/03/2005,BTL,MI,AGL,CE,Federal Contract Tower,0,3,21,0,24,0,0,3,0,3,0,3,24,0,27,0,0,0,27
01/04/2005,BTL,MI,AGL,CE,Federal Contract Tower,0,1,27,0,28,0,0,0,0,0,0,1,27,0,28,0,0,0,28
01/05/2005,BTL,MI,AGL,CE,Federal Contract Tower,0,0,10,0,10,0,0,1,0,1,0,0,11,0,11,0,0,0,11
01/06/2005,BTL,MI,AGL,CE,Federal Contract Tower,0,3,14,0,17,0,0,0,4,4,0,3,14,4,21,0,0,0,21
01/07/2005,BTL,MI,AGL,CE,Federal Contract Tower,0,2,32,0,34,0,0,26,4,30,0,2,58,4,64,72,0,72,136
01/08/2005,BTL,MI,AGL,CE,Federal Contract Tower,0,1,13,0,14,0,0,0,0,0,0,1,13,0,14,10,0,10,24
01/09/2005,BTL,MI,AGL,CE,Federal Contract Tower,0,0,11,14,25,0,0,15,8,23,0,0,26,22,48,30,2,32,80
01/10/2005,BTL,MI,AGL,CE,Federal Contract Tower,0,1,59,1,61,0,1,124,5,130,0,2,183,6,191,232,0,232,423
01/11/2005,BTL,MI,AGL,CE,Federal Contract Tower,0,2,20,3,25,0,0,1,1,2,0,2,21,4,27,0,0,0,27
01/12/2005,BTL,MI,AGL,CE,Federal Contract Tower,0,2,18,0,20,0,0,0,0,0,0,2,18,0,20,0,0,0,20
01/13/2005,BTL,MI,AGL,CE,Federal Contract Tower,0,2,35,3,40,0,0,0,0,0,0,2,35,3,40,0,0,0,40
01/14/2005,BTL,MI,AGL,CE,Federal Contract Tower,0,3,33,0,36,0,0,5,6,11,0,3,38,6,47,14,0,14,61
01/15/2005,BTL,MI,AGL,CE,Federal Contract Tower,0,1,14,0,15,0,0,122,0,122,0,1,136,0,137,90,0,90,227
01/16/2005,BTL,MI,AGL,CE,Federal Contract Tower,0,1,38,0,39,0,0,98,3,101,0,1,136,3,140,160,0,160,300
01/17/2005,BTL,MI,AGL,CE,Federal Contract Tower,0,3,24,0,27,0,0,0,0,0,0,3,24,0,27,0,0,0,27
01/18/2005,BTL,MI,AGL,CE,Federal Contract Tower,0,2,76,18,96,0,0,146,1,147,0,2,222,19,243,172,4,176,419
01/19/2005,BTL,MI,AGL,CE,Federal Contract Tower,0,0,19,9,28,0,0,0,2,2,0,0,19,11,30,0,8,8,38
01/20/2005,BTL,MI,AGL,CE,Federal Contract Tower,0,2,35,2,39,0,0,139,34,173,0,2,174,36,212,156,4,160,372
01/21/2005,BTL,MI,AGL,CE,Federal Contract Tower,0,1,63,8,72,0,0,167,9,176,0,1,230,17,248,140,6,146,394
01/22/2005,BTL,MI,AGL,CE,Federal Contract Tower,0,0,1,0,1,0,0,0,0,0,0,0,1,0,1,0,0,0,1
01/23/2005,BTL,MI,AGL,CE,Federal Contract Tower,0,0,30,0,30,0,0,119,0,119,0,0,149,0,149,138,0,138,287
01/24/2005,BTL,MI,AGL,CE,Federal Contract Tower,0,2,69,1,72,0,1,110,0,111,0,3,179,1,183,114,0,114,297
01/25/2005,BTL,MI,AGL,CE,Federal Contract Tower,0,7,64,21,92,0,3,114,6,123,0,10,178,27,215,114,2,116,331
01/26/2005,BTL,MI,AGL,CE,Federal Contract Tower,0,3,45,3,51,0,0,91,3,94,0,3,136,6,145,98,0,98,243
01/27/2005,BTL,MI,AGL,CE,Federal Contract Tower,0,0,70,11,81,0,0,140,21,161,0,0,210,32,242,132,6,138,380
01/28/2005,BTL,MI,AGL,CE,Federal Contract Tower,0,0,50,7,57,0,0,150,10,160,0,0,200,17,217,162,8,170,387
01/29/2005,BTL,MI,AGL,CE,Federal Contract Tower,0,1,63,0,64,0,0,197,0,197,0,1,260,0,261,288,0,288,549
01/30/2005,BTL,MI,AGL,CE,Federal Contract Tower,0,0,43,0,43,0,0,150,0,150,0,0,193,0,193,174,0,174,367
01/31/2005,BTL,MI,AGL,CE,Federal Contract Tower,0,5,62,0,67,0,2,68,0,70,0,7,130,0,137,144,0,144,281
02/01/2005,BTL,MI,AGL,CE,Federal Contract Tower,0,3,77,15,95,0,0,119,7,126,0,3,196,22,221,100,6,106,327
02/02/2005,BTL,MI,AGL,CE,Federal Contract Tower,0,0,89,11,100,0,0,173,11,184,0,0,262,22,284,236,0,236,520
02/03/2005,BTL,MI,AGL,CE,Federal Contract Tower,0,6,86,9,101,0,0,144,9,153,0,6,230,18,254,164,4,168,422
02/04/2005,BTL,MI,AGL,CE,Federal Contract Tower,0,4,75,6,85,0,0,84,5,89,0,4,159,11,174,153,8,161,335
02/05/2005,BTL,MI,AGL,CE,Federal Contract Tower,0,0,25,3,28,0,0,85,12,97,0,0,110,15,125,122,0,122,247
02/06/2005,BTL,MI,AGL,CE,Federal Contract Tower,0,3,38,0,41,0,0,117,0,117,0,3,155,0,158,140,0,140,298
02/07/2005,BTL,MI,AGL,CE,Federal Contract Tower,0,0,14,0,14,0,0,0,0,0,0,0,14,0,14,0,0,0,14
02/08/2005,BTL,MI,AGL,CE,Federal Contract Tower,0,0,22,0,22,0,0,0,0,0,0,0,22,0,22,0,0,0,22
02/09/2005,BTL,MI,AGL,CE,Federal Contract Tower,0,1,14,8,23,0,0,1,0,1,0,1,15,8,24,14,0,14,38
02/10/2005,BTL,MI,AGL,CE,Federal Contract Tower,0,6,70,7,83,0,0,190,12,202,0,6,260,19,285,156,0,156,441
02/11/2005,BTL,MI,AGL,CE,Federal Contract Tower,0,4,42,15,61,0,1,18,3,22,0,5,60,18,83,12,0,12,95
02/12/2005,BTL,MI,AGL,CE,Federal Contract Tower,0,1,51,1,53,0,0,183,2,185,0,1,234,3,238,210,0,210,448
02/13/2005,BTL,MI,AGL,CE,Federal Contract Tower,0,0,19,0,19,0,0,60,4,64,0,0,79,4,83,90,0,90,173
02/14/2005,BTL,MI,AGL,CE,Federal Contract Tower,0,6,33,0,39,0,0,0,0,0,0,6,33,0,39,0,0,0,39
02/15/2005,BTL,MI,AGL,CE,Federal Contract Tower,0,4,41,4,49,0,0,0,0,0,0,4,41,4,49,4,0,4,53
02/16/2005,BTL,MI,AGL,CE,Federal Contract Tower,0,7,62,14,83,0,0,122,2,124,0,7,184,16,207,114,2,116,323
02/17/2005,BTL,MI,AGL,CE,Federal Contract Tower,0,7,34,15,56,0,0,0,0,0,0,7,34,15,56,2,0,2,58
02/18/2005,BTL,MI,AGL,CE,Federal Contract Tower,0,4,67,1,72,0,0,133,0,133,0,4,200,1,205,164,0,164,369
02/19/2005,BTL,MI,AGL,CE,Federal Contract Tower,0,1,39,0,40,0,0,53,0,53,0,1,92,0,93,160,0,160,253
02/20/2005,BTL,MI,AGL,CE,Federal Contract Tower,0,1,9,0,10,0,0,0,0,0,0,1,9,0,10,0,0,0,10
02/21/2005,BTL,MI,AGL,CE,Federal Contract Tower,0,8,35,1,44,0,0,2,0,2,0,8,37,1,46,20,0,20,66
02/22/2005,BTL,MI,AGL,CE,Federal Contract Tower,0,1,20,5,26,0,0,4,2,6,0,1,24,7,32,14,0,14,46
02/23/2005,BTL,MI,AGL,CE,Federal Contract Tower,0,5,109,17,131,0,1,156,4,161,0,6,265,21,292,178,8,186,478
02/24/2005,BTL,MI,AGL,CE,Federal Contract Tower,2,2,76,12,92,0,0,142,4,146,2,2,218,16,238,202,4,206,444
02/25/2005,BTL,MI,AGL,CE,Federal Contract Tower,0,3,29,19,51,0,0,1,0,1,0,3,30,19,52,2,0,2,54
02/26/2005,BTL,MI,AGL,CE,Federal Contract Tower,0,0,29,0,29,0,0,125,0,125,0,0,154,0,154,178,0,178,332
02/27/2005,BTL,MI,AGL,CE,Federal Contract Tower,0,0,19,0,19,0,0,123,0,123,0,0,142,0,142,210,0,210,352
02/28/2005,BTL,MI,AGL,CE,Federal Contract Tower,0,2,12,2,16,0,0,0,0,0,0,2,12,2,16,0,0,0,16
03/01/2005,BTL,MI,AGL,CE,Federal Contract Tower,0,0,11,0,11,0,0,0,0,0,0,0,11,0,11,0,0,0,11
03/02/2005,BTL,MI,AGL,CE,Federal Contract Tower,0,0,42,13,55,0,0,42,0,42,0,0,84,13,97,82,0,82,179
03/03/2005,BTL,MI,AGL,CE,Federal Contract Tower,0,6,68,6,80,0,0,192,9,201,0,6,260,15,281,184,2,186,467
03/04/2005,BTL,MI,AGL,CE,Federal Contract Tower,0,3,52,5,60,0,0,90,13,103,0,3,142,18,163,128,8,136,299
03/05/2005,BTL,MI,AGL,CE,Federal Contract Tower,0,0,30,6,36,0,0,65,22,87,0,0,95,28,123,82,58,140,263
03/06/2005,BTL,MI,AGL,CE,Federal Contract Tower,0,0,23,7,30,0,0,89,12,101,0,0,112,19,131,116,6,122,253
03/07/2005,BTL,MI,AGL,CE,Federal Contract Tower,0,5,35,0,40,0,0,7,0,7,0,5,42,0,47,24,0,24,71
03/08/2005,BTL,MI,AGL,CE,Federal Contract Tower,0,4,62,13,79,0,0,88,6,94,0,4,150,19,173,160,2,162,335
03/09/2005,BTL,MI,AGL,CE,Federal Contract Tower,0,3,87,12,102,0,0,105,5,110,0,3,192,17,212,220,2,222,434
03/10/2005,BTL,MI,AGL,CE,Federal Contract Tower,0,4,44,3,51,0,0,53,3,56,0,4,97,6,107,54,2,56,163
03/11/2005,BTL,MI,AGL,CE,Federal Contract Tower,0,1,50,8,59,0,0,42,3,45,0,1,92,11,104,130,22,152,256
03/12/2005,BTL,MI,AGL,CE,Federal Contract Tower,0,4,36,0,40,0,0,32,4,36,0,4,68,4,76,82,0,82,158
03/13/2005,BTL,MI,AGL,CE,Federal Contract Tower,0,3,34,0,37,0,0,162,0,162,0,3,196,0,199,206,0,206,405
03/14/2005,BTL,MI,AGL,CE,Federal Contract Tower,0,4,61,0,65,0,1,155,0,156,0,5,216,0,221,138,0,138,359
03/15/2005,BTL,MI,AGL,CE,Federal Contract Tower,0,3,81,22,106,0,0,118,9,127,0,3,199,31,233,138,6,144,377
03/16/2005,BTL,MI,AGL,CE,Federal Contract Tower,0,2,89,15,106,0,0,171,2,173,0,2,260,17,279,172,2,174,453
03/17/2005,BTL,MI,AGL,CE,Federal Contract Tower,0,0,76,18,94,0,0,74,5,79,0,0,150,23,173,212,12,224,397
03/18/2005,BTL,MI,AGL,CE,Federal Contract Tower,0,0,61,6,67,0,0,73,12,85,0,0,134,18,152,126,6,132,284
03/19/2005,BTL,MI,AGL,CE,Federal Contract Tower,0,0,5,0,5,0,0,0,0,0,0,0,5,0,5,0,0,0,5
03/20/2005,BTL,MI,AGL,CE,Federal Contract Tower,0,0,12,0,12,0,0,2,0,2,0,0,14,0,14,0,0,0,14
03/21/2005,BTL,MI,AGL,CE,Federal Contract Tower,2,4,50,0,56,0,0,141,0,141,2,4,191,0,197,188,0,188,385
03/22/2005,BTL,MI,AGL,CE,Federal Contract Tower,0,2,66,11,79,0,0,226,8,234,0,2,292,19,313,200,20,220,533
03/23/2005,BTL,MI,AGL,CE,Federal Contract Tower,0,1,49,1,51,0,0,111,0,111,0,1,160,1,162,152,0,152,314
03/24/2005,BTL,MI,AGL,CE,Federal Contract Tower,0,4,70,17,91,0,0,194,6,200,0,4,264,23,291,218,2,220,511
03/25/2005,BTL,MI,AGL,CE,Federal Contract Tower,0,2,40,9,51,0,0,136,10,146,0,2,176,19,197,134,6,140,337
03/26/2005,BTL,MI,AGL,CE,Federal Contract Tower,0,1,32,0,33,0,0,139,0,139,0,1,171,0,172,180,0,180,352
03/27/2005,BTL,MI,AGL,CE,Federal Contract Tower,0,4,7,0,11,0,0,33,0,33,0,4,40,0,44,30,0,30,74
03/28/2005,BTL,MI,AGL,CE,Federal Contract Tower,0,9,56,0,65,0,0,196,0,196,0,9,252,0,261,176,2,178,439
03/29/2005,BTL,MI,AGL,CE,Federal Contract Tower,0,3,75,11,89,0,0,185,12,197,0,3,260,23,286,230,2,232,518
03/30/2005,BTL,MI,AGL,CE,Federal Contract Tower,0,3,41,13,57,0,2,108,10,120,0,5,149,23,177,94,2,96,273
03/31/2005,BTL,MI,AGL,CE,Federal Contract Tower,0,2,35,16,53,0,0,13,1,14,0,2,48,17,67,94,2,96,163
04/01/2005,BTL,MI,AGL,CE,Federal Contract Tower,0,2,85,7,94,0,0,158,11,169,0,2,243,18,263,180,16,196,459
04/02/2005,BTL,MI,AGL,CE,Federal Contract Tower,0,1,12,26,39,0,0,35,47,82,0,1,47,73,121,24,6,30,151
04/03/2005,BTL,MI,AGL,CE,Federal Contract Tower,0,0,22,1,23,0,0,98,11,109,0,0,120,12,132,102,0,102,234
04/04/2005,BTL,MI,AGL,CE,Federal Contract Tower,0,3,58,0,61,0,1,161,0,162,0,4,219,0,223,214,0,214,437
04/05/2005,BTL,MI,AGL,CE,Federal Contract Tower,0,0,50,6,56,0,0,119,10,129,0,0,169,16,185,142,4,146,331
04/06/2005,BTL,MI,AGL,CE,Federal Contract Tower,0,0,73,12,85,0,0,125,7,132,0,0,198,19,217,218,10,228,445
04/07/2005,BTL,MI,AGL,CE,Federal Contract Tower,0,5,97,7,109,0,0,62,6,68,0,5,159,13,177,156,0,156,333
04/08/2005,BTL,MI,AGL,CE,Federal Contract Tower,0,1,47,5,53,0,0,147,14,161,0,1,194,19,214,192,8,200,414
04/09/2005,BTL,MI,AGL,CE,Federal Contract Tower,0,1,35,0,36,0,0,140,0,140,0,1,175,0,176,156,0,156,332
04/10/2005,BTL,MI,AGL,CE,Federal Contract Tower,0,3,38,0,41,0,0,180,2,182,0,3,218,2,223,218,0,218,441
04/11/2005,BTL,MI,AGL,CE,Federal Contract Tower,0,4,39,0,43,0,1,159,0,160,0,5,198,0,203,146,0,146,349
04/12/2005,BTL,MI,AGL,CE,Federal Contract Tower,0,0,52,7,59,0,0,122,14,136,0,0,174,21,195,110,4,114,309
04/13/2005,BTL,MI,AGL,CE,Federal Contract Tower,0,2,59,7,68,0,0,118,13,131,0,2,177,20,199,99,4,103,302
04/14/2005,BTL,MI,AGL,CE,Federal Contract Tower,0,5,63,8,76,0,0,133,9,142,0,5,196,17,218,140,8,148,366
04/15/2005,BTL,MI,AGL,CE,Federal Contract Tower,0,1,36,2,39,0,0,160,10,170,0,1,196,12,209,160,14,174,383
04/16/2005,BTL,MI,AGL,CE,Federal Contract Tower,0,0,32,0,32,0,0,129,0,129,0,0,161,0,161,191,0,191,352
04/17/2005,BTL,MI,AGL,CE,Federal Contract Tower,0,0,16,0,16,0,2,107,0,109,0,2,123,0,125,146,0,146,271
04/18/2005,BTL,MI,AGL,CE,Federal Contract Tower,0,4,60,0,64,0,0,129,0,129,0,4,189,0,193,172,0,172,365
04/19/2005,BTL,MI,AGL,CE,Federal Contract Tower,0,2,54,7,63,0,1,133,9,143,0,3,187,16,206,240,0,240,446
04/20/2005,BTL,MI,AGL,CE,Federal Contract Tower,0,2,30,17,49,0,0,39,5,44,0,2,69,22,93,86,4,90,183
04/21/2005,BTL,MI,AGL,CE,Federal Contract Tower,0,2,53,9,64,0,0,139,18,157,0,2,192,27,221,170,8,178,399
04/22/2005,BTL,MI,AGL,CE,Federal Contract Tower,0,3,30,6,39,0,0,30,11,41,0,3,60,17,80,46,2,48,128
04/23/2005,BTL,MI,AGL,CE,Federal Contract Tower,0,0,5,0,5,0,0,0,0,0,0,0,5,0,5,0,0,0,5
04/24/2005,BTL,MI,AGL,CE,Federal Contract Tower,0,1,7,0,8,0,0,1,0,1,0,1,8,0,9,2,0,2,11
04/25/2005,BTL,MI,AGL,CE,Federal Contract Tower,2,4,46,0,52,0,0,98,0,98,2,4,144,0,150,144,0,144,294
04/26/2005,BTL,MI,AGL,CE,Federal Contract Tower,0,4,56,1,61,0,3,86,1,90,0,7,142,2,151,222,6,228,379
04/27/2005,BTL,MI,AGL,CE,Federal Contract Tower,0,3,41,0,44,0,0,49,0,49,0,3,90,0,93,80,0,80,173
04/28/2005,BTL,MI,AGL,CE,Federal Contract Tower,0,2,89,2,93,0,0,73,0,73,0,2,162,2,166,140,0,140,306
04/29/2005,BTL,MI,AGL,CE,Federal Contract Tower,0,0,47,0,47,0,0,111,1,112,0,0,158,1,159,160,2,162,321
04/30/2005,BTL,MI,AGL,CE,Federal Contract Tower,0,0,21,1,22,0,0,76,0,76,0,0,97,1,98,44,0,44,142
05/01/2005,BTL,MI,AGL,CE,Federal Contract Tower,0,0,29,4,33,0,0,48,0,48,0,0,77,4,81,68,0,68,149
05/02/2005,BTL,MI,AGL,CE,Federal Contract Tower,0,3,42,0,45,0,0,69,0,69,0,3,111,0,114,122,0,122,236
05/03/2005,BTL,MI,AGL,CE,Federal Contract Tower,0,5,52,0,57,0,0,135,0,135,0,5,187,0,192,282,0,282,474
05/04/2005,BTL,MI,AGL,CE,Federal Contract Tower,0,6,60,0,66,0,0,200,0,200,0,6,260,0,266,206,0,206,472
05/05/2005,BTL,MI,AGL,CE,Federal Contract Tower,0,4,73,0,77,0,0,162,0,162,0,4,235,0,239,296,0,296,535
05/06/2005,BTL,MI,AGL,CE,Federal Contract Tower,0,8,73,0,81,0,0,151,0,151,0,8,224,0,232,210,0,210,442
05/07/2005,BTL,MI,AGL,CE,Federal Contract Tower,0,3,31,7,41,0,0,103,7,110,0,3,134,14,151,196,0,196,347
05/08/2005,BTL,MI,AGL,CE,Federal Contract Tower,0,0,27,0,27,0,0,107,1,108,0,0,134,1,135,120,0,120,255
05/09/2005,BTL,MI,AGL,CE,Federal Contract Tower,0,3,54,1,58,0,6,115,0,121,0,9,169,1,179,196,0,196,375
05/10/2005,BTL,MI,AGL,CE,Federal Contract Tower,0,2,49,3,54,0,0,131,0,131,0,2,180,3,185,140,0,140,325
05/11/2005,BTL,MI,AGL,CE,Federal Contract Tower,0,4,45,7,56,0,0,30,2,32,0,4,75,9,88,66,0,66,154
05/12/2005,BTL,MI,AGL,CE,Federal Contract Tower,0,2,59,3,64,0,0,138,5,143,0,2,197,8,207,160,0,160,367
05/13/2005,BTL,MI,AGL,CE,Federal Contract Tower,0,1,31,4,36,0,0,22,7,29,0,1,53,11,65,38,2,40,105
05/14/2005,BTL,MI,AGL,CE,Federal Contract Tower,0,0,24,0,24,0,0,14,0,14,0,0,38,0,38,42,2,44,82
05/15/2005,BTL,MI,AGL,CE,Federal Contract Tower,0,0,49,2,51,0,0,58,0,58,0,0,107,2,109,114,0,114,223
05/16/2005,BTL,MI,AGL,CE,Federal Contract Tower,0,7,60,1,68,0,0,161,2,163,0,7,221,3,231,192,0,192,423
05/17/2005,BTL,MI,AGL,CE,Federal Contract Tower,0,4,70,4,78,0,0,179,11,190,0,4,249,15,268,316,12,328,596
05/18/2005,BTL,MI,AGL,CE,Federal Contract Tower,0,2,55,11,68,0,0,174,11,185,0,2,229,22,253,192,0,192,445
05/19/2005,BTL,MI,AGL,CE,Federal Contract Tower,0,1,43,11,55,0,0,11,4,15,0,1,54,15,70,18,2,20,90
05/20/2005,BTL,MI,AGL,CE,Federal Contract Tower,0,0,43,4,47,0,0,161,7,168,0,0,204,11,215,128,12,140,355
05/21/2005,BTL,MI,AGL,CE,Federal Contract Tower,0,5,31,0,36,0,0,161,0,161,0,5,192,0,197,124,0,124,321
05/22/2005,BTL,MI,AGL,CE,Federal Contract Tower,0,0,22,0,22,0,0,32,0,32,0,0,54,0,54,72,0,72,126
05/23/2005,BTL,MI,AGL,CE,Federal Contract Tower,0,7,39,1,47,0,0,72,2,74,0,7,111,3,121,98,4,102,223
05/24/2005,BTL,MI,AGL,CE,Federal Contract Tower,0,7,77,4,88,0,0,149,6,155,0,7,226,10,243,176,2,178,421
05/25/2005,BTL,MI,AGL,CE,Federal Contract Tower,0,1,79,8,88,0,2,182,12,196,0,3,261,20,284,174,2,176,460
05/26/2005,BTL,MI,AGL,CE,Federal Contract Tower,0,6,93,3,102,0,0,99,0,99,0,6,192,3,201,152,0,152,353
05/27/2005,BTL,MI,AGL,CE,Federal Contract Tower,0,3,41,0,44,0,0,89,2,91,0,3,130,2,135,62,0,62,197
05/28/2005,BTL,MI,AGL,CE,Federal Contract Tower,0,0,19,0,19,0,0,43,0,43,0,0,62,0,62,72,0,72,134
05/29/2005,BTL,MI,AGL,CE,Federal Contract Tower,0,0,4,1,5,0,0,38,4,42,0,0,42,5,47,20,0,20,67
05/30/2005,BTL,MI,AGL,CE,Federal Contract Tower,0,1,7,0,8,0,0,26,8,34,0,1,33,8,42,18,0,18,60
05/31/2005,BTL,MI,AGL,CE,Federal Contract Tower,0,10,71,8,89,0,0,192,12,204,0,10,263,20,293,236,2,238,531
06/01/2005,BTL,MI,AGL,CE,Federal Contract Tower,0,6,56,7,69,0,0,199,17,216,0,6,255,24,285,192,4,196,481
06/02/2005,BTL,MI,AGL,CE,Federal Contract Tower,0,4,73,8,85,0,0,146,13,159,0,4,219,21,244,192,2,194,438
06/03/2005,BTL,MI,AGL,CE,Federal Contract Tower,0,4,50,10,64,0,0,14,7,21,0,4,64,17,85,56,4,60,145
06/04/2005,BTL,MI,AGL,CE,Federal Contract Tower,0,0,21,16,37,0,0,49,19,68,0,0,70,35,105,88,0,88,193
06/05/2005,BTL,MI,AGL,CE,Federal Contract Tower,0,0,23,2,25,0,0,44,4,48,0,0,67,6,73,76,2,78,151
06/06/2005,BTL,MI,AGL,CE,Federal Contract Tower,0,4,37,0,41,0,3,102,0,105,0,7,139,0,146,134,0,134,280
06/07/2005,BTL,MI,AGL,CE,Federal Contract Tower,0,3,61,11,75,0,0,194,10,204,0,3,255,21,279,226,2,228,507
06/08/2005,BTL,MI,AGL,CE,Federal Contract Tower,0,4,55,6,65,0,0,109,9,118,0,4,164,15,183,102,4,106,289
06/09/2005,BTL,MI,AGL,CE,Federal Contract Tower,0,3,68,10,81,0,1,112,11,124,0,4,180,21,205,140,8,148,353
06/10/2005,BTL,MI,AGL,CE,Federal Contract Tower,1,2,47,5,55,0,1,93,10,104,1,3,140,15,159,98,2,100,259
06/11/2005,BTL,MI,AGL,CE,Federal Contract Tower,1,2,20,0,23,0,0,36,0,36,1,2,56,0,59,28,0,28,87
06/12/2005,BTL,MI,AGL,CE,Federal Contract Tower,0,1,38,0,39,0,0,51,0,51,0,1,89,0,90,44,0,44,134
06/13/2005,BTL,MI,AGL,CE,Federal Contract Tower,0,7,40,1,48,0,2,48,0,50,0,9,88,1,98,94,0,94,192
06/14/2005,BTL,MI,AGL,CE,Federal Contract Tower,0,4,43,4,51,0,0,93,8,101,0,4,136,12,152,106,6,112,264
06/15/2005,BTL,MI,AGL,CE,Federal Contract Tower,0,2,91,8,101,0,0,14,4,18,0,2,105,12,119,54,0,54,173
06/16/2005,BTL,MI,AGL,CE,Federal Contract Tower,2,2,65,5,74,0,0,167,7,174,2,2,232,12,248,186,6,192,440
06/17/2005,BTL,MI,AGL,CE,Federal Contract Tower,0,2,45,3,50,0,0,98,14,112,0,2,143,17,162,92,2,94,256
06/18/2005,BTL,MI,AGL,CE,Federal Contract Tower,0,2,27,0,29,0,0,85,1,86,0,2,112,1,115,98,0,98,213
06/19/2005,BTL,MI,AGL,CE,Federal Contract Tower,0,1,30,0,31,0,0,96,0,96,0,1,126,0,127,132,0,132,259
06/20/2005,BTL,MI,AGL,CE,Federal Contract Tower,1,5,55,1,62,0,0,164,1,165,1,5,219,2,227,170,2,172,399
06/21/2005,BTL,MI,AGL,CE,Federal Contract Tower,0,0,34,3,37,0,0,161,17,178,0,0,195,20,215,188,2,190,405
06/22/2005,BTL,MI,AGL,CE,Federal Contract Tower,0,6,65,6,77,0,0,188,10,198,0,6,253,16,275,114,0,114,389
06/23/2005,BTL,MI,AGL,CE,Federal Contract Tower,0,8,69,4,81,0,2,130,16,148,0,10,199,20,229,170,0,170,399
06/24/2005,BTL,MI,AGL,CE,Federal Contract Tower,0,8,36,3,47,0,8,67,2,77,0,16,103,5,124,82,0,82,206
06/25/2005,BTL,MI,AGL,CE,Federal Contract Tower,0,1,24,2,27,0,0,40,0,40,0,1,64,2,67,52,0,52,119
06/26/2005,BTL,MI,AGL,CE,Federal Contract Tower,0,5,37,1,43,0,0,40,1,41,0,5,77,2,84,88,20,108,192
06/27/2005,BTL,MI,AGL,CE,Federal Contract Tower,0,2,60,1,63,0,0,66,0,66,0,2,126,1,129,94,0,94,223
06/28/2005,BTL,MI,AGL,CE,Federal Contract Tower,0,2,47,4,53,0,0,51,4,55,0,2,98,8,108,82,4,86,194
06/29/2005,BTL,MI,AGL,CE,Federal Contract Tower,0,5,71,11,87,0,1,130,2,133,0,6,201,13,220,188,10,198,418
06/30/2005,BTL,MI,AGL,CE,Federal Contract Tower,0,3,45,3,51,0,0,27,9,36,0,3,72,12,87,86,0,86,173
07/01/2005,BTL,MI,AGL,CE,Federal Contract Tower,0,0,28,1,29,0,0,60,1,61,0,0,88,2,90,42,14,56,146
07/02/2005,BTL,MI,AGL,CE,Federal Contract Tower,0,1,5,2,8,0,0,64,6,70,0,1,69,8,78,24,2,26,104
07/03/2005,BTL,MI,AGL,CE,Federal Contract Tower,0,0,6,4,10,0,0,80,7,87,0,0,86,11,97,28,26,54,151
07/04/2005,BTL,MI,AGL,CE,Federal Contract Tower,0,0,3,0,3,0,0,9,0,9,0,0,12,0,12,8,0,8,20
07/05/2005,BTL,MI,AGL,CE,Federal Contract Tower,0,4,48,6,58,0,0,139,8,147,0,4,187,14,205,138,2,140,345
07/06/2005,BTL,MI,AGL,CE,Federal Contract Tower,0,6,92,9,107,0,0,133,14,147,0,6,225,23,254,136,2,138,392
07/07/2005,BTL,MI,AGL,CE,Federal Contract Tower,0,9,74,12,95,0,0,170,16,186,0,9,244,28,281,178,4,182,463
07/08/2005,BTL,MI,AGL,CE,Federal Contract Tower,0,2,36,7,45,0,0,99,12,111,0,2,135,19,156,144,10,154,310
07/09/2005,BTL,MI,AGL,CE,Federal Contract Tower,0,2,39,0,41,0,0,80,1,81,0,2,119,1,122,124,0,124,246
07/10/2005,BTL,MI,AGL,CE,Federal Contract Tower,0,3,45,2,50,0,0,123,0,123,0,3,168,2,173,114,4,118,291
07/11/2005,BTL,MI,AGL,CE,Federal Contract Tower,2,6,47,2,57,0,0,129,0,129,2,6,176,2,186,138,0,138,324
07/12/2005,BTL,MI,AGL,CE,Federal Contract Tower,0,3,47,4,54,0,0,88,0,88,0,3,135,4,142,94,0,94,236
07/13/2005,BTL,MI,AGL,CE,Federal Contract Tower,0,0,47,0,47,0,0,33,0,33,0,0,80,0,80,16,0,16,96
07/14/2005,BTL,MI,AGL,CE,Federal Contract Tower,0,1,61,0,62,0,0,31,0,31,0,1,92,0,93,62,0,62,155
07/15/2005,BTL,MI,AGL,CE,Federal Contract Tower,0,3,45,0,48,0,0,75,0,75,0,3,120,0,123,110,0,110,233
07/16/2005,BTL,MI,AGL,CE,Federal Contract Tower,2,2,20,0,24,0,0,2,2,4,2,2,22,2,28,20,0,20,48
07/17/2005,BTL,MI,AGL,CE,Federal Contract Tower,0,0,34,0,34,0,0,77,0,77,0,0,111,0,111,90,0,90,201
07/18/2005,BTL,MI,AGL,CE,Federal Contract Tower,2,6,45,0,53,0,0,60,0,60,2,6,105,0,113,86,0,86,199
07/19/2005,BTL,MI,AGL,CE,Federal Contract Tower,0,4,82,5,91,0,1,222,11,234,0,5,304,16,325,268,0,268,593
07/20/2005,BTL,MI,AGL,CE,Federal Contract Tower,0,0,86,0,86,0,0,112,0,112,0,0,198,0,198,196,0,196,394
07/21/2005,BTL,MI,AGL,CE,Federal Contract Tower,0,2,45,0,47,0,0,33,0,33,0,2,78,0,80,92,0,92,172
07/22/2005,BTL,MI,AGL,CE,Federal Contract Tower,0,3,68,3,74,0,0,116,1,117,0,3,184,4,191,204,0,204,395
07/23/2005,BTL,MI,AGL,CE,Federal Contract Tower,0,3,24,0,27,0,0,90,0,90,0,3,114,0,117,122,0,122,239
07/24/2005,BTL,MI,AGL,CE,Federal Contract Tower,0,2,20,0,22,0,0,45,0,45,0,2,65,0,67,78,0,78,145
07/25/2005,BTL,MI,AGL,CE,Federal Contract Tower,0,6,79,2,87,0,0,114,13,127,0,6,193,15,214,192,2,194,408
07/26/2005,BTL,MI,AGL,CE,Federal Contract Tower,0,6,53,2,61,0,0,55,0,55,0,6,108,2,116,70,0,70,186
07/27/2005,BTL,MI,AGL,CE,Federal Contract Tower,0,1,72,2,75,0,0,103,7,110,0,1,175,9,185,191,2,193,378
07/28/2005,BTL,MI,AGL,CE,Federal Contract Tower,0,0,64,3,67,0,0,109,6,115,0,0,173,9,182,206,0,206,388
07/29/2005,BTL,MI,AGL,CE,Federal Contract Tower,0,7,62,7,76,0,0,97,12,109,0,7,159,19,185,124,18,142,327
07/30/2005,BTL,MI,AGL,CE,Federal Contract Tower,0,0,17,0,17,0,0,75,0,75,0,0,92,0,92,86,0,86,178
07/31/2005,BTL,MI,AGL,CE,Federal Contract Tower,0,0,22,0,22,0,6,68,0,74,0,6,90,0,96,76,0,76,172
08/01/2005,BTL,MI,AGL,CE,Federal Contract Tower,0,5,38,2,45,0,0,144,1,145,0,5,182,3,190,220,8,228,418
08/02/2005,BTL,MI,AGL,CE,Federal Contract Tower,0,6,53,6,65,0,1,144,15,160,0,7,197,21,225,170,6,176,401
08/03/2005,BTL,MI,AGL,CE,Federal Contract Tower,0,0,80,7,87,0,0,77,9,86,0,0,157,16,173,156,6,162,335
08/04/2005,BTL,MI,AGL,CE,Federal Contract Tower,0,0,39,6,45,0,0,35,14,49,0,0,74,20,94,64,2,66,160
08/05/2005,BTL,MI,AGL,CE,Federal Contract Tower,0,4,47,6,57,0,0,101,11,112,0,4,148,17,169,174,12,186,355
08/06/2005,BTL,MI,AGL,CE,Federal Contract Tower,0,2,21,0,23,0,0,90,0,90,0,2,111,0,113,108,0,108,221
08/07/2005,BTL,MI,AGL,CE,Federal Contract Tower,0,2,24,0,26,0,0,70,0,70,0,2,94,0,96,110,0,110,206
08/08/2005,BTL,MI,AGL,CE,Federal Contract Tower,0,6,39,0,45,0,0,70,3,73,0,6,109,3,118,114,4,118,236
08/09/2005,BTL,MI,AGL,CE,Federal Contract Tower,0,0,88,6,94,0,0,107,10,117,0,0,195,16,211,140,0,140,351
08/10/2005,BTL,MI,AGL,CE,Federal Contract Tower,0,2,69,8,79,0,0,64,12,76,0,2,133,20,155,104,8,112,267
08/11/2005,BTL,MI,AGL,CE,Federal Contract Tower,0,5,73,9,87,0,0,38,6,44,0,5,111,15,131,106,6,112,243
08/12/2005,BTL,MI,AGL,CE,Federal Contract Tower,0,2,49,9,60,0,0,18,6,24,0,2,67,15,84,56,0,56,140
08/13/2005,BTL,MI,AGL,CE,Federal Contract Tower,0,2,16,0,18,0,0,35,0,35,0,2,51,0,53,44,0,44,97
08/14/2005,BTL,MI,AGL,CE,Federal Contract Tower,0,0,14,0,14,0,0,16,0,16,0,0,30,0,30,52,0,52,82
08/15/2005,BTL,MI,AGL,CE,Federal Contract Tower,0,7,56,0,63,0,1,126,0,127,0,8,182,0,190,194,0,194,384
08/16/2005,BTL,MI,AGL,CE,Federal Contract Tower,0,4,76,5,85,0,0,129,9,138,0,4,205,14,223,126,2,128,351
08/17/2005,BTL,MI,AGL,CE,Federal Contract Tower,0,7,81,7,95,0,0,121,15,136,0,7,202,22,231,170,4,174,405
08/18/2005,BTL,MI,AGL,CE,Federal Contract Tower,0,6,60,8,74,0,0,56,6,62,0,6,116,14,136,76,0,76,212
08/19/2005,BTL,MI,AGL,CE,Federal Contract Tower,0,2,33,11,46,0,0,27,6,33,0,2,60,17,79,82,2,84,163
08/20/2005,BTL,MI,AGL,CE,Federal Contract Tower,0,0,22,0,22,0,0,7,0,7,0,0,29,0,29,22,0,22,51
08/21/2005,BTL,MI,AGL,CE,Federal Contract Tower,0,0,28,0,28,0,0,79,0,79,0,0,107,0,107,102,0,102,209
08/22/2005,BTL,MI,AGL,CE,Federal Contract Tower,0,0,48,0,48,0,0,107,2,109,0,0,155,2,157,166,0,166,323
08/23/2005,BTL,MI,AGL,CE,Federal Contract Tower,0,0,48,8,56,0,0,160,14,174,0,0,208,22,230,185,2,187,417
08/24/2005,BTL,MI,AGL,CE,Federal Contract Tower,0,4,60,14,78,0,1,119,12,132,0,5,179,26,210,148,10,158,368
08/25/2005,BTL,MI,AGL,CE,Federal Contract Tower,0,2,63,9,74,0,0,119,16,135,0,2,182,25,209,162,8,170,379
08/26/2005,BTL,MI,AGL,CE,Federal Contract Tower,0,1,36,3,40,0,0,75,3,78,0,1,111,6,118,112,2,114,232
08/27/2005,BTL,MI,AGL,CE,Federal Contract Tower,0,0,34,1,35,0,0,19,4,23,0,0,53,5,58,70,0,70,128
08/28/2005,BTL,MI,AGL,CE,Federal Contract Tower,0,0,24,0,24,0,0,107,0,107,0,0,131,0,131,78,0,78,209
08/29/2005,BTL,MI,AGL,CE,Federal Contract Tower,0,8,43,1,52,0,0,118,0,118,0,8,161,1,170,126,0,126,296
08/30/2005,BTL,MI,AGL,CE,Federal Contract Tower,0,2,33,6,41,0,0,111,19,130,0,2,144,25,171,120,8,128,299
08/31/2005,BTL,MI,AGL,CE,Federal Contract Tower,0,6,64,10,80,0,0,112,17,129,0,6,176,27,209,156,8,164,373
09/01/2005,BTL,MI,AGL,CE,Federal Contract Tower,0,5,61,9,75,0,1,122,18,141,0,6,183,27,216,176,8,184,400
09/02/2005,BTL,MI,AGL,CE,Federal Contract Tower,2,0,49,0,51,0,0,59,2,61,2,0,108,2,112,78,0,78,190
09/03/2005,BTL,MI,AGL,CE,Federal Contract Tower,0,0,18,0,18,0,0,23,2,25,0,0,41,2,43,24,0,24,67
09/04/2005,BTL,MI,AGL,CE,Federal Contract Tower,0,0,5,6,11,0,0,27,0,27,0,0,32,6,38,0,0,0,38
09/05/2005,BTL,MI,AGL,CE,Federal Contract Tower,4,1,7,0,12,0,0,23,1,24,4,1,30,1,36,10,0,10,46
09/06/2005,BTL,MI,AGL,CE,Federal Contract Tower,0,9,58,13,80,0,1,124,13,138,0,10,182,26,218,160,4,164,382
09/07/2005,BTL,MI,AGL,CE,Federal Contract Tower,0,2,79,13,94,0,0,95,13,108,0,2,174,26,202,146,0,146,348
09/08/2005,BTL,MI,AGL,CE,Federal Contract Tower,0,4,45,15,64,0,0,79,13,92,0,4,124,28,156,98,0,98,254
09/09/2005,BTL,MI,AGL,CE,Federal Contract Tower,1,0,58,9,68,0,0,112,13,125,1,0,170,22,193,76,16,92,285
09/10/2005,BTL,MI,AGL,CE,Federal Contract Tower,0,0,31,0,31,0,0,93,5,98,0,0,124,5,129,112,0,112,241
09/11/2005,BTL,MI,AGL,CE,Federal Contract Tower,0,0,18,0,18,0,0,116,0,116,0,0,134,0,134,152,0,152,286
09/12/2005,BTL,MI,AGL,CE,Federal Contract Tower,0,5,57,1,63,0,1,98,1,100,0,6,155,2,163,158,0,158,321
09/13/2005,BTL,MI,AGL,CE,Federal Contract Tower,0,1,72,13,86,0,0,107,10,117,0,1,179,23,203,210,4,214,417
09/14/2005,BTL,MI,AGL,CE,Federal Contract Tower,0,4,80,12,96,0,0,49,11,60,0,4,129,23,156,130,4,134,290
09/15/2005,BTL,MI,AGL,CE,Federal Contract Tower,0,4,62,8,74,0,0,157,14,171,0,4,219,22,245,182,2,184,429
09/16/2005,BTL,MI,AGL,CE,Federal Contract Tower,0,1,37,9,47,0,0,18,8,26,0,1,55,17,73,54,0,54,127
09/17/2005,BTL,MI,AGL,CE,Federal Contract Tower,0,0,27,0,27,0,0,100,0,100,0,0,127,0,127,140,0,140,267
09/18/2005,BTL,MI,AGL,CE,Federal Contract Tower,0,2,50,0,52,0,0,110,0,110,0,2,160,0,162,180,0,180,342
09/19/2005,BTL,MI,AGL,CE,Federal Contract Tower,0,2,59,0,61,0,0,37,0,37,0,2,96,0,98,54,0,54,152
09/20/2005,BTL,MI,AGL,CE,Federal Contract Tower,0,2,61,8,71,0,0,167,9,176,0,2,228,17,247,176,4,180,427
09/21/2005,BTL,MI,AGL,CE,Federal Contract Tower,0,5,65,10,80,0,0,159,11,170,0,5,224,21,250,118,10,128,378
09/22/2005,BTL,MI,AGL,CE,Federal Contract Tower,0,4,33,7,44,0,0,13,6,19,0,4,46,13,63,36,2,38,101
09/23/2005,BTL,MI,AGL,CE,Federal Contract Tower,2,4,60,5,71,0,0,126,16,142,2,4,186,21,213,138,0,138,351
09/24/2005,BTL,MI,AGL,CE,Federal Contract Tower,2,3,38,0,43,0,0,48,0,48,2,3,86,0,91,196,0,196,287
09/25/2005,BTL,MI,AGL,CE,Federal Contract Tower,1,0,48,0,49,0,0,0,0,0,1,0,48,0,49,14,0,14,63
09/26/2005,BTL,MI,AGL,CE,Federal Contract Tower,0,4,43,1,48,0,1,60,0,61,0,5,103,1,109,134,0,134,243
09/27/2005,BTL,MI,AGL,CE,Federal Contract Tower,0,2,77,5,84,0,2,163,18,183,0,4,240,23,267,192,8,200,467
09/28/2005,BTL,MI,AGL,CE,Federal Contract Tower,0,2,62,7,71,0,0,119,9,128,0,2,181,16,199,104,0,104,303
09/29/2005,BTL,MI,AGL,CE,Federal Contract Tower,0,2,79,1,82,0,0,109,0,109,0,2,188,1,191,150,0,150,341
09/30/2005,BTL,MI,AGL,CE,Federal Contract Tower,2,2,63,0,67,0,0,114,0,114,2,2,177,0,181,152,0,152,333
10/01/2005,BTL,MI,AGL,CE,Federal Contract Tower,3,0,33,12,48,0,0,75,25,100,3,0,108,37,148,136,24,160,308
10/02/2005,BTL,MI,AGL,CE,Federal Contract Tower,0,0,30,5,35,0,0,98,17,115,0,0,128,22,150,128,14,142,292
10/03/2005,BTL,MI,AGL,CE,Federal Contract Tower,0,0,57,1,58,0,0,101,1,102,0,0,158,2,160,174,0,174,334
10/04/2005,BTL,MI,AGL,CE,Federal Contract Tower,0,0,94,10,104,0,0,110,9,119,0,0,204,19,223,146,0,146,369
10/05/2005,BTL,MI,AGL,CE,Federal Contract Tower,0,3,107,7,117,0,0,116,16,132,0,3,223,23,249,174,6,180,429
10/06/2005,BTL,MI,AGL,CE,Federal Contract Tower,0,4,79,12,95,0,0,36,9,45,0,4,115,21,140,80,4,84,224
10/07/2005,BTL,MI,AGL,CE,Federal Contract Tower,0,1,42,0,43,0,0,105,0,105,0,1,147,0,148,98,0,98,246
10/08/2005,BTL,MI,AGL,CE,Federal Contract Tower,0,0,22,0,22,0,0,70,0,70,0,0,92,0,92,118,0,118,210
10/09/2005,BTL,MI,AGL,CE,Federal Contract Tower,0,2,35,0,37,0,0,138,0,138,0,2,173,0,175,150,0,150,325
10/10/2005,BTL,MI,AGL,CE,Federal Contract Tower,0,2,60,5,67,0,0,136,1,137,0,2,196,6,204,496,0,496,700
10/11/2005,BTL,MI,AGL,CE,Federal Contract Tower,0,6,84,2,92,0,0,0,4,4,0,6,84,6,96,4,0,4,100
10/12/2005,BTL,MI,AGL,CE,Federal Contract Tower,0,3,78,0,81,0,0,75,0,75,0,3,153,0,156,150,0,150,306
10/13/2005,BTL,MI,AGL,CE,Federal Contract Tower,0,6,92,7,105,0,8,129,7,144,0,14,221,14,249,50,4,54,303
10/14/2005,BTL,MI,AGL,CE,Federal Contract Tower,0,2,41,13,56,0,0,135,0,135,0,2,176,13,191,244,8,252,443
10/15/2005,BTL,MI,AGL,CE,Federal Contract Tower,0,2,26,0,28,0,0,127,0,127,0,2,153,0,155,110,0,110,265
10/16/2005,BTL,MI,AGL,CE,Federal Contract Tower,0,0,38,2,40,0,0,131,0,131,0,0,169,2,171,146,0,146,317
10/17/2005,BTL,MI,AGL,CE,Federal Contract Tower,0,2,48,0,50,0,1,104,0,105,0,3,152,0,155,82,4,86,241
10/18/2005,BTL,MI,AGL,CE,Federal Contract Tower,0,2,72,1,75,0,2,189,7,198,0,4,261,8,273,142,4,146,419
10/19/2005,BTL,MI,AGL,CE,Federal Contract Tower,2,2,63,11,78,0,0,107,19,126,2,2,170,30,204,176,0,176,380
10/20/2005,BTL,MI,AGL,CE,Federal Contract Tower,0,6,85,5,96,0,0,142,10,152,0,6,227,15,248,186,2,188,436
10/21/2005,BTL,MI,AGL,CE,Federal Contract Tower,2,5,37,6,50,0,4,108,7,119,2,9,145,13,169,124,0,124,293
10/22/2005,BTL,MI,AGL,CE,Federal Contract Tower,0,2,29,0,31,0,0,99,1,100,0,2,128,1,131,116,0,116,247
10/23/2005,BTL,MI,AGL,CE,Federal Contract Tower,0,3,38,2,43,0,0,60,0,60,0,3,98,2,103,76,0,76,179
10/24/2005,BTL,MI,AGL,CE,Federal Contract Tower,0,4,40,5,49,0,0,75,0,75,0,4,115,5,124,72,0,72,196
10/25/2005,BTL,MI,AGL,CE,Federal Contract Tower,0,0,75,3,78,0,0,91,6,97,0,0,166,9,175,138,2,140,315
10/26/2005,BTL,MI,AGL,CE,Federal Contract Tower,0,1,92,4,97,0,0,115,12,127,0,1,207,16,224,146,2,148,372
10/27/2005,BTL,MI,AGL,CE,Federal Contract Tower,0,4,70,5,79,0,0,121,16,137,0,4,191,21,216,180,6,186,402
10/28/2005,BTL,MI,AGL,CE,Federal Contract Tower,0,3,62,6,71,0,0,125,13,138,0,3,187,19,209,116,2,118,327
10/29/2005,BTL,MI,AGL,CE,Federal Contract Tower,0,0,32,0,32,0,3,115,0,118,0,3,147,0,150,150,0,150,300
10/30/2005,BTL,MI,AGL,CE,Federal Contract Tower,0,4,32,0,36,0,0,99,0,99,0,4,131,0,135,106,0,106,241
10/31/2005,BTL,MI,AGL,CE,Federal Contract Tower,0,2,86,0,88,0,0,23,0,23,0,2,109,0,111,62,0,62,173
11/01/2005,BTL,MI,AGL,CE,Federal Contract Tower,0,4,62,3,69,0,0,119,8,127,0,4,181,11,196,202,0,202,398
11/02/2005,BTL,MI,AGL,CE,Federal Contract Tower,0,1,88,10,99,0,0,127,13,140,0,1,215,23,239,182,0,182,421
11/03/2005,BTL,MI,AGL,CE,Federal Contract Tower,0,5,85,6,96,0,0,174,20,194,0,5,259,26,290,132,8,140,430
11/04/2005,BTL,MI,AGL,CE,Federal Contract Tower,0,1,51,8,60,0,0,96,14,110,0,1,147,22,170,96,8,104,274
11/05/2005,BTL,MI,AGL,CE,Federal Contract Tower,0,0,47,6,53,0,0,20,30,50,0,0,67,36,103,44,4,48,151
11/06/2005,BTL,MI,AGL,CE,Federal Contract Tower,0,1,11,0,12,0,0,2,0,2,0,1,13,0,14,0,0,0,14
11/07/2005,BTL,MI,AGL,CE,Federal Contract Tower,0,2,51,0,53,0,0,83,0,83,0,2,134,0,136,132,0,132,268
11/08/2005,BTL,MI,AGL,CE,Federal Contract Tower,0,8,81,6,95,0,0,110,16,126,0,8,191,22,221,186,0,186,407
11/09/2005,BTL,MI,AGL,CE,Federal Contract Tower,0,1,44,8,53,0,0,6,8,14,0,1,50,16,67,10,0,10,77
11/10/2005,BTL,MI,AGL,CE,Federal Contract Tower,0,6,89,10,105,0,0,174,10,184,0,6,263,20,289,174,6,180,469
11/11/2005,BTL,MI,AGL,CE,Federal Contract Tower,0,2,84,0,86,0,0,138,0,138,0,2,222,0,224,186,0,186,410
11/12/2005,BTL,MI,AGL,CE,Federal Contract Tower,0,0,33,0,33,0,0,68,0,68,0,0,101,0,101,88,0,88,189
11/13/2005,BTL,MI,AGL,CE,Federal Contract Tower,0,5,2,0,7,0,0,2,0,2,0,5,4,0,9,0,0,0,9
11/14/2005,BTL,MI,AGL,CE,Federal Contract Tower,0,1,59,2,62,0,0,121,9,130,0,1,180,11,192,142,4,146,338
11/15/2005,BTL,MI,AGL,CE,Federal Contract Tower,0,2,30,0,32,0,0,0,0,0,0,2,30,0,32,0,0,0,32
11/16/2005,BTL,MI,AGL,CE,Federal Contract Tower,0,3,30,19,52,0,0,5,3,8,0,3,35,22,60,0,0,0,60
11/17/2005,BTL,MI,AGL,CE,Federal Contract Tower,0,0,46,10,56,0,0,24,12,36,0,0,70,22,92,60,0,60,152
11/18/2005,BTL,MI,AGL,CE,Federal Contract Tower,0,0,76,3,79,0,0,71,11,82,0,0,147,14,161,130,2,132,293
11/19/2005,BTL,MI,AGL,CE,Federal Contract Tower,0,0,39,0,39,0,0,103,0,103,0,0,142,0,142,146,0,146,288
11/20/2005,BTL,MI,AGL,CE,Federal Contract Tower,0,2,43,0,45,0,0,117,0,117,0,2,160,0,162,174,0,174,336
11/21/2005,BTL,MI,AGL,CE,Federal Contract Tower,0,4,50,0,54,0,0,8,0,8,0,4,58,0,62,44,0,44,106
11/22/2005,BTL,MI,AGL,CE,Federal Contract Tower,0,0,67,8,75,0,0,122,11,133,0,0,189,19,208,188,4,192,400
11/23/2005,BTL,MI,AGL,CE,Federal Contract Tower,0,4,17,0,21,0,0,0,0,0,0,4,17,0,21,0,0,0,21
11/24/2005,BTL,MI,AGL,CE,Federal Contract Tower,0,0,0,0,0,0,0,0,0,0,0,0,0,0,0,0,0,0,0
11/25/2005,BTL,MI,AGL,CE,Federal Contract Tower,0,2,9,0,11,0,0,0,0,0,0,2,9,0,11,4,0,4,15
11/26/2005,BTL,MI,AGL,CE,Federal Contract Tower,0,0,13,0,13,0,0,14,0,14,0,0,27,0,27,32,0,32,59
11/27/2005,BTL,MI,AGL,CE,Federal Contract Tower,0,0,8,0,8,0,0,6,0,6,0,0,14,0,14,0,0,0,14
11/28/2005,BTL,MI,AGL,CE,Federal Contract Tower,0,6,30,1,37,0,2,24,1,27,0,8,54,2,64,6,0,6,70
11/29/2005,BTL,MI,AGL,CE,Federal Contract Tower,0,8,43,0,51,0,0,51,0,51,0,8,94,0,102,82,0,82,184
11/30/2005,BTL,MI,AGL,CE,Federal Contract Tower,0,4,20,10,34,0,0,2,5,7,0,4,22,15,41,6,0,6,47
12/01/2005,BTL,MI,AGL,CE,Federal Contract Tower,0,2,34,0,36,0,0,8,0,8,0,2,42,0,44,16,0,16,60
12/02/2005,BTL,MI,AGL,CE,Federal Contract Tower,0,11,24,7,42,0,0,0,5,5,0,11,24,12,47,4,0,4,51
12/03/2005,BTL,MI,AGL,CE,Federal Contract Tower,0,0,45,10,55,0,0,87,22,109,0,0,132,32,164,132,22,154,318
12/04/2005,BTL,MI,AGL,CE,Federal Contract Tower,0,1,49,0,50,0,0,46,0,46,0,1,95,0,96,26,0,26,122
12/05/2005,BTL,MI,AGL,CE,Federal Contract Tower,0,7,86,0,93,0,0,29,0,29,0,7,115,0,122,64,0,64,186
12/06/2005,BTL,MI,AGL,CE,Federal Contract Tower,0,0,57,12,69,0,0,43,3,46,0,0,100,15,115,38,2,40,155
12/07/2005,BTL,MI,AGL,CE,Federal Contract Tower,0,3,104,14,121,0,0,70,9,79,0,3,174,23,200,108,0,108,308
12/08/2005,BTL,MI,AGL,CE,Federal Contract Tower,0,0,74,12,86,0,0,97,8,105,0,0,171,20,191,102,6,108,299
12/09/2005,BTL,MI,AGL,CE,Federal Contract Tower,0,0,36,0,36,0,0,0,0,0,0,0,36,0,36,16,0,16,52
12/10/2005,BTL,MI,AGL,CE,Federal Contract Tower,0,1,29,0,30,0,0,69,0,69,0,1,98,0,99,100,0,100,199
12/11/2005,BTL,MI,AGL,CE,Federal Contract Tower,0,0,6,0,6,0,0,0,0,0,0,0,6,0,6,0,0,0,6
12/12/2005,BTL,MI,AGL,CE,Federal Contract Tower,0,4,72,2,78,0,0,141,0,141,0,4,213,2,219,196,4,200,419
12/13/2005,BTL,MI,AGL,CE,Federal Contract Tower,0,2,80,17,99,0,0,46,6,52,0,2,126,23,151,86,0,86,237
12/14/2005,BTL,MI,AGL,CE,Federal Contract Tower,0,3,54,10,67,0,2,34,4,40,0,5,88,14,107,82,6,88,195
12/15/2005,BTL,MI,AGL,CE,Federal Contract Tower,0,0,23,0,23,0,0,1,0,1,0,0,24,0,24,2,0,2,26
12/16/2005,BTL,MI,AGL,CE,Federal Contract Tower,0,4,19,15,38,0,0,5,0,5,0,4,24,15,43,0,4,4,47
12/17/2005,BTL,MI,AGL,CE,Federal Contract Tower,0,0,12,0,12,0,0,30,0,30,0,0,42,0,42,42,0,42,84
12/18/2005,BTL,MI,AGL,CE,Federal Contract Tower,0,0,12,0,12,0,0,2,0,2,0,0,14,0,14,6,0,6,20
12/19/2005,BTL,MI,AGL,CE,Federal Contract Tower,0,0,16,0,16,0,0,15,0,15,0,0,31,0,31,30,0,30,61
12/20/2005,BTL,MI,AGL,CE,Federal Contract Tower,0,6,25,13,44,0,0,0,11,11,0,6,25,24,55,16,0,16,71
12/21/2005,BTL,MI,AGL,CE,Federal Contract Tower,0,2,14,17,33,0,0,0,2,2,0,2,14,19,35,0,4,4,39
12/22/2005,BTL,MI,AGL,CE,Federal Contract Tower,0,0,18,5,23,0,0,8,9,17,0,0,26,14,40,6,0,6,46
12/23/2005,BTL,MI,AGL,CE,Federal Contract Tower,0,0,10,0,10,0,0,13,0,13,0,0,23,0,23,32,0,32,55
12/24/2005,BTL,MI,AGL,CE,Federal Contract Tower,0,0,0,0,0,0,0,4,0,4,0,0,4,0,4,0,0,0,4
12/25/2005,BTL,MI,AGL,CE,Federal Contract Tower,0,0,0,0,0,0,0,0,0,0,0,0,0,0,0,0,0,0,0
12/26/2005,BTL,MI,AGL,CE,Federal Contract Tower,0,0,7,0,7,0,0,10,0,10,0,0,17,0,17,6,0,6,23
12/27/2005,BTL,MI,AGL,CE,Federal Contract Tower,0,0,5,0,5,0,0,0,0,0,0,0,5,0,5,0,0,0,5
12/28/2005,BTL,MI,AGL,CE,Federal Contract Tower,0,0,10,0,10,0,0,0,0,0,0,0,10,0,10,0,0,0,10
12/29/2005,BTL,MI,AGL,CE,Federal Contract Tower,0,0,12,18,30,0,0,0,6,6,0,0,12,24,36,0,2,2,38
12/30/2005,BTL,MI,AGL,CE,Federal Contract Tower,0,0,17,6,23,0,0,5,1,6,0,0,22,7,29,6,0,6,35
12/31/2005,BTL,MI,AGL,CE,Federal Contract Tower,0,0,6,0,6,0,0,0,0,0,0,0,6,0,6,2,0,2,8
01/01/2006,BTL,MI,AGL,CE,Federal Contract Tower,0,0,3,0,3,0,0,46,0,46,0,0,49,0,49,38,0,38,87
01/02/2006,BTL,MI,AGL,CE,Federal Contract Tower,0,0,3,0,3,0,0,0,0,0,0,0,3,0,3,0,0,0,3
01/03/2006,BTL,MI,AGL,CE,Federal Contract Tower,0,0,8,0,8,0,0,0,0,0,0,0,8,0,8,0,0,0,8
01/04/2006,BTL,MI,AGL,CE,Federal Contract Tower,0,2,26,7,35,0,0,1,0,1,0,2,27,7,36,2,6,8,44
01/05/2006,BTL,MI,AGL,CE,Federal Contract Tower,0,4,21,7,32,0,0,3,3,6,0,4,24,10,38,18,8,26,64
01/06/2006,BTL,MI,AGL,CE,Federal Contract Tower,0,5,35,8,48,0,0,32,11,43,0,5,67,19,91,20,6,26,117
01/07/2006,BTL,MI,AGL,CE,Federal Contract Tower,0,0,2,0,2,0,0,0,0,0,0,0,2,0,2,0,0,0,2
01/08/2006,BTL,MI,AGL,CE,Federal Contract Tower,0,1,9,5,15,0,0,34,23,57,0,1,43,28,72,24,0,24,96
01/09/2006,BTL,MI,AGL,CE,Federal Contract Tower,0,12,32,0,44,0,0,21,0,21,0,12,53,0,65,16,0,16,81
01/10/2006,BTL,MI,AGL,CE,Federal Contract Tower,0,4,67,12,83,0,1,118,21,140,0,5,185,33,223,134,0,134,357
01/11/2006,BTL,MI,AGL,CE,Federal Contract Tower,0,8,33,12,53,0,0,0,0,0,0,8,33,12,53,4,2,6,59
01/12/2006,BTL,MI,AGL,CE,Federal Contract Tower,0,1,81,6,88,0,0,133,22,155,0,1,214,28,243,182,8,190,433
01/13/2006,BTL,MI,AGL,CE,Federal Contract Tower,0,5,12,0,17,0,0,2,0,2,0,5,14,0,19,0,0,0,19
01/14/2006,BTL,MI,AGL,CE,Federal Contract Tower,0,1,21,0,22,0,0,72,1,73,0,1,93,1,95,94,0,94,189
01/15/2006,BTL,MI,AGL,CE,Federal Contract Tower,0,0,42,2,44,0,0,129,0,129,0,0,171,2,173,142,0,142,315
01/16/2006,BTL,MI,AGL,CE,Federal Contract Tower,0,6,18,0,24,0,4,32,0,36,0,10,50,0,60,38,0,38,98
01/17/2006,BTL,MI,AGL,CE,Federal Contract Tower,0,2,18,4,24,0,0,1,0,1,0,2,19,4,25,0,0,0,25
01/18/2006,BTL,MI,AGL,CE,Federal Contract Tower,0,2,30,0,32,0,0,0,0,0,0,2,30,0,32,0,0,0,32
01/19/2006,BTL,MI,AGL,CE,Federal Contract Tower,0,2,124,10,136,0,0,103,8,111,0,2,227,18,247,124,2,126,373
01/20/2006,BTL,MI,AGL,CE,Federal Contract Tower,0,1,41,13,55,0,0,0,3,3,0,1,41,16,58,42,0,42,100
01/21/2006,BTL,MI,AGL,CE,Federal Contract Tower,0,0,39,0,39,0,0,46,0,46,0,0,85,0,85,102,0,102,187
01/22/2006,BTL,MI,AGL,CE,Federal Contract Tower,0,0,55,0,55,0,0,63,2,65,0,0,118,2,120,158,0,158,278
01/23/2006,BTL,MI,AGL,CE,Federal Contract Tower,0,7,86,0,93,0,0,89,2,91,0,7,175,2,184,132,0,132,316
01/24/2006,BTL,MI,AGL,CE,Federal Contract Tower,0,2,18,8,28,0,0,0,4,4,0,2,18,12,32,0,0,0,32
01/25/2006,BTL,MI,AGL,CE,Federal Contract Tower,0,0,72,0,72,0,0,106,0,106,0,0,178,0,178,168,0,168,346
01/26/2006,BTL,MI,AGL,CE,Federal Contract Tower,0,1,97,11,109,0,1,167,13,181,0,2,264,24,290,160,6,166,456
01/27/2006,BTL,MI,AGL,CE,Federal Contract Tower,0,2,96,5,103,0,0,106,2,108,0,2,202,7,211,188,0,188,399
01/28/2006,BTL,MI,AGL,CE,Federal Contract Tower,0,4,46,4,54,0,1,93,3,97,0,5,139,7,151,130,2,132,283
01/29/2006,BTL,MI,AGL,CE,Federal Contract Tower,0,0,8,0,8,0,0,4,0,4,0,0,12,0,12,0,0,0,12
01/30/2006,BTL,MI,AGL,CE,Federal Contract Tower,0,8,17,2,27,0,0,14,1,15,0,8,31,3,42,4,0,4,46
01/31/2006,BTL,MI,AGL,CE,Federal Contract Tower,0,0,50,8,58,0,0,47,4,51,0,0,97,12,109,116,2,118,227
02/01/2006,BTL,MI,AGL,CE,Federal Contract Tower,0,3,98,4,105,0,0,95,7,102,0,3,193,11,207,112,2,114,321
02/02/2006,BTL,MI,AGL,CE,Federal Contract Tower,0,2,96,3,101,0,0,80,9,89,0,2,176,12,190,132,0,132,322
02/03/2006,BTL,MI,AGL,CE,Federal Contract Tower,0,0,31,1,32,0,0,0,0,0,0,0,31,1,32,14,0,14,46
02/04/2006,BTL,MI,AGL,CE,Federal Contract Tower,0,0,4,1,5,0,0,0,0,0,0,0,4,1,5,0,0,0,5
02/05/2006,BTL,MI,AGL,CE,Federal Contract Tower,0,0,1,3,4,0,0,7,5,12,0,0,8,8,16,0,0,0,16
02/06/2006,BTL,MI,AGL,CE,Federal Contract Tower,0,2,72,0,74,0,0,88,0,88,0,2,160,0,162,122,0,122,284
02/07/2006,BTL,MI,AGL,CE,Federal Contract Tower,0,12,77,1,90,0,0,124,1,125,0,12,201,2,215,186,0,186,401
02/08/2006,BTL,MI,AGL,CE,Federal Contract Tower,0,0,104,0,104,0,0,82,0,82,0,0,186,0,186,156,0,156,342
02/09/2006,BTL,MI,AGL,CE,Federal Contract Tower,0,7,95,0,102,0,0,171,0,171,0,7,266,0,273,156,0,156,429
02/10/2006,BTL,MI,AGL,CE,Federal Contract Tower,0,0,78,0,78,0,0,49,0,49,0,0,127,0,127,148,0,148,275
02/11/2006,BTL,MI,AGL,CE,Federal Contract Tower,0,2,23,0,25,0,0,13,0,13,0,2,36,0,38,28,0,28,66
02/12/2006,BTL,MI,AGL,CE,Federal Contract Tower,0,0,57,2,59,0,0,43,0,43,0,0,100,2,102,112,0,112,214
02/13/2006,BTL,MI,AGL,CE,Federal Contract Tower,0,7,49,0,56,0,7,73,0,80,0,14,122,0,136,148,0,148,284
02/14/2006,BTL,MI,AGL,CE,Federal Contract Tower,0,2,75,3,80,0,0,142,1,143,0,2,217,4,223,150,0,150,373
02/15/2006,BTL,MI,AGL,CE,Federal Contract Tower,0,4,88,0,92,0,0,98,2,100,0,4,186,2,192,144,0,144,336
02/16/2006,BTL,MI,AGL,CE,Federal Contract Tower,0,3,27,0,30,0,0,0,0,0,0,3,27,0,30,0,0,0,30
02/17/2006,BTL,MI,AGL,CE,Federal Contract Tower,0,1,50,0,51,0,0,41,2,43,0,1,91,2,94,44,0,44,138
02/18/2006,BTL,MI,AGL,CE,Federal Contract Tower,0,0,32,6,38,0,0,60,11,71,0,0,92,17,109,90,16,106,215
02/19/2006,BTL,MI,AGL,CE,Federal Contract Tower,0,1,63,2,66,0,0,41,0,41,0,1,104,2,107,92,0,92,199
02/20/2006,BTL,MI,AGL,CE,Federal Contract Tower,0,6,77,0,83,0,1,90,0,91,0,7,167,0,174,138,0,138,312
02/21/2006,BTL,MI,AGL,CE,Federal Contract Tower,0,2,58,4,64,0,0,157,8,165,0,2,215,12,229,144,2,146,375
02/22/2006,BTL,MI,AGL,CE,Federal Contract Tower,0,6,93,7,106,0,0,122,2,124,0,6,215,9,230,172,2,174,404
02/23/2006,BTL,MI,AGL,CE,Federal Contract Tower,0,1,75,6,82,0,1,64,1,66,0,2,139,7,148,108,0,108,256
02/24/2006,BTL,MI,AGL,CE,Federal Contract Tower,0,0,61,3,64,0,0,94,0,94,0,0,155,3,158,124,2,126,284
02/25/2006,BTL,MI,AGL,CE,Federal Contract Tower,0,0,4,0,4,0,0,6,0,6,0,0,10,0,10,12,0,12,22
02/26/2006,BTL,MI,AGL,CE,Federal Contract Tower,0,0,24,0,24,0,0,76,0,76,0,0,100,0,100,110,0,110,210
02/27/2006,BTL,MI,AGL,CE,Federal Contract Tower,0,6,29,0,35,0,0,0,0,0,0,6,29,0,35,12,0,12,47
02/28/2006,BTL,MI,AGL,CE,Federal Contract Tower,0,3,84,3,90,0,0,105,9,114,0,3,189,12,204,184,4,188,392
03/01/2006,BTL,MI,AGL,CE,Federal Contract Tower,0,0,47,6,53,0,0,92,15,107,0,0,139,21,160,138,0,138,298
03/02/2006,BTL,MI,AGL,CE,Federal Contract Tower,0,8,18,11,37,0,0,2,3,5,0,8,20,14,42,6,0,6,48
03/03/2006,BTL,MI,AGL,CE,Federal Contract Tower,0,3,65,7,75,0,0,72,7,79,0,3,137,14,154,158,0,158,312
03/04/2006,BTL,MI,AGL,CE,Federal Contract Tower,0,1,33,6,40,0,0,104,6,110,0,1,137,12,150,104,2,106,256
03/05/2006,BTL,MI,AGL,CE,Federal Contract Tower,0,2,39,5,46,0,0,40,16,56,0,2,79,21,102,108,0,108,210
03/06/2006,BTL,MI,AGL,CE,Federal Contract Tower,0,10,18,0,28,0,0,15,0,15,0,10,33,0,43,22,0,22,65
03/07/2006,BTL,MI,AGL,CE,Federal Contract Tower,0,8,77,6,91,0,0,148,14,162,0,8,225,20,253,216,0,216,469
03/08/2006,BTL,MI,AGL,CE,Federal Contract Tower,0,1,97,4,102,0,0,81,9,90,0,1,178,13,192,160,0,160,352
03/09/2006,BTL,MI,AGL,CE,Federal Contract Tower,0,6,48,9,63,0,0,0,3,3,0,6,48,12,66,44,0,44,110
03/10/2006,BTL,MI,AGL,CE,Federal Contract Tower,0,2,94,3,99,0,0,16,0,16,0,2,110,3,115,96,0,96,211
03/11/2006,BTL,MI,AGL,CE,Federal Contract Tower,0,0,52,1,53,0,0,76,0,76,0,0,128,1,129,104,0,104,233
03/12/2006,BTL,MI,AGL,CE,Federal Contract Tower,0,0,61,0,61,0,0,27,0,27,0,0,88,0,88,100,0,100,188
03/13/2006,BTL,MI,AGL,CE,Federal Contract Tower,0,7,11,1,19,0,1,2,0,3,0,8,13,1,22,0,0,0,22
03/14/2006,BTL,MI,AGL,CE,Federal Contract Tower,0,6,16,4,26,0,0,1,4,5,0,6,17,8,31,12,2,14,45
03/15/2006,BTL,MI,AGL,CE,Federal Contract Tower,2,5,81,7,95,0,0,146,9,155,2,5,227,16,250,148,2,150,400
03/16/2006,BTL,MI,AGL,CE,Federal Contract Tower,0,7,52,8,67,0,0,50,7,57,0,7,102,15,124,72,0,72,196
03/17/2006,BTL,MI,AGL,CE,Federal Contract Tower,0,0,82,3,85,0,0,159,14,173,0,0,241,17,258,102,0,102,360
03/18/2006,BTL,MI,AGL,CE,Federal Contract Tower,0,2,31,2,35,0,0,114,0,114,0,2,145,2,149,142,0,142,291
03/19/2006,BTL,MI,AGL,CE,Federal Contract Tower,0,1,49,1,51,0,0,90,2,92,0,1,139,3,143,134,0,134,277
03/20/2006,BTL,MI,AGL,CE,Federal Contract Tower,0,4,74,1,79,0,1,136,1,138,0,5,210,2,217,164,0,164,381
03/21/2006,BTL,MI,AGL,CE,Federal Contract Tower,0,3,77,8,88,0,0,102,8,110,0,3,179,16,198,138,0,138,336
03/22/2006,BTL,MI,AGL,CE,Federal Contract Tower,0,3,44,5,52,0,0,78,8,86,0,3,122,13,138,126,0,126,264
03/23/2006,BTL,MI,AGL,CE,Federal Contract Tower,0,2,89,3,94,0,0,138,6,144,0,2,227,9,238,190,0,190,428
03/24/2006,BTL,MI,AGL,CE,Federal Contract Tower,0,1,81,5,87,0,0,57,2,59,0,1,138,7,146,92,2,94,240
03/25/2006,BTL,MI,AGL,CE,Federal Contract Tower,0,0,12,1,13,0,0,22,0,22,0,0,34,1,35,68,0,68,103
03/26/2006,BTL,MI,AGL,CE,Federal Contract Tower,0,1,51,1,53,0,0,97,0,97,0,1,148,1,150,146,0,146,296
03/27/2006,BTL,MI,AGL,CE,Federal Contract Tower,0,0,72,2,74,0,3,134,2,139,0,3,206,4,213,162,0,162,375
03/28/2006,BTL,MI,AGL,CE,Federal Contract Tower,0,0,76,7,83,0,0,0,1,1,0,0,76,8,84,34,2,36,120
03/29/2006,BTL,MI,AGL,CE,Federal Contract Tower,0,6,131,1,138,0,0,72,11,83,0,6,203,12,221,172,4,176,397
03/30/2006,BTL,MI,AGL,CE,Federal Contract Tower,0,2,85,4,91,0,0,98,7,105,0,2,183,11,196,106,12,118,314
03/31/2006,BTL,MI,AGL,CE,Federal Contract Tower,0,3,15,5,23,0,0,0,0,0,0,3,15,5,23,0,8,8,31
04/01/2006,BTL,MI,AGL,CE,Federal Contract Tower,0,1,54,11,66,0,0,40,5,45,0,1,94,16,111,100,0,100,211
04/02/2006,BTL,MI,AGL,CE,Federal Contract Tower,0,0,8,5,13,0,0,19,5,24,0,0,27,10,37,68,0,68,105
04/03/2006,BTL,MI,AGL,CE,Federal Contract Tower,0,4,26,3,33,0,0,29,0,29,0,4,55,3,62,14,0,14,76
04/04/2006,BTL,MI,AGL,CE,Federal Contract Tower,0,2,40,4,46,0,0,91,11,102,0,2,131,15,148,78,0,78,226
04/05/2006,BTL,MI,AGL,CE,Federal Contract Tower,0,1,80,6,87,0,0,161,12,173,0,1,241,18,260,140,0,140,400
04/06/2006,BTL,MI,AGL,CE,Federal Contract Tower,0,1,63,6,70,0,0,141,14,155,0,1,204,20,225,160,0,160,385
04/07/2006,BTL,MI,AGL,CE,Federal Contract Tower,0,0,17,8,25,0,0,0,0,0,0,0,17,8,25,4,0,4,29
04/08/2006,BTL,MI,AGL,CE,Federal Contract Tower,0,0,52,0,52,0,0,108,0,108,0,0,160,0,160,90,0,90,250
04/09/2006,BTL,MI,AGL,CE,Federal Contract Tower,0,2,63,1,66,0,0,126,5,131,0,2,189,6,197,142,0,142,339
04/10/2006,BTL,MI,AGL,CE,Federal Contract Tower,0,6,56,0,62,0,2,106,0,108,0,8,162,0,170,156,0,156,326
04/11/2006,BTL,MI,AGL,CE,Federal Contract Tower,0,3,49,4,56,0,1,95,7,103,0,4,144,11,159,138,0,138,297
04/12/2006,BTL,MI,AGL,CE,Federal Contract Tower,0,3,56,18,77,0,0,21,6,27,0,3,77,24,104,52,0,52,156
04/13/2006,BTL,MI,AGL,CE,Federal Contract Tower,0,2,103,7,112,0,0,122,14,136,0,2,225,21,248,206,0,206,454
04/14/2006,BTL,MI,AGL,CE,Federal Contract Tower,0,0,55,8,63,0,0,106,15,121,0,0,161,23,184,132,6,138,322
04/15/2006,BTL,MI,AGL,CE,Federal Contract Tower,0,3,36,0,39,0,0,134,0,134,0,3,170,0,173,70,0,70,243
04/16/2006,BTL,MI,AGL,CE,Federal Contract Tower,0,1,7,0,8,0,0,5,0,5,0,1,12,0,13,8,0,8,21
04/17/2006,BTL,MI,AGL,CE,Federal Contract Tower,0,1,66,2,69,0,0,105,0,105,0,1,171,2,174,200,0,200,374
04/18/2006,BTL,MI,AGL,CE,Federal Contract Tower,0,4,67,4,75,0,0,147,7,154,0,4,214,11,229,184,0,184,413
04/19/2006,BTL,MI,AGL,CE,Federal Contract Tower,0,2,65,9,76,0,0,124,11,135,0,2,189,20,211,122,2,124,335
04/20/2006,BTL,MI,AGL,CE,Federal Contract Tower,0,1,91,9,101,0,0,87,4,91,0,1,178,13,192,174,16,190,382
04/21/2006,BTL,MI,AGL,CE,Federal Contract Tower,0,1,97,4,102,0,0,91,7,98,0,1,188,11,200,116,2,118,318
04/22/2006,BTL,MI,AGL,CE,Federal Contract Tower,0,0,50,0,50,0,0,68,0,68,0,0,118,0,118,98,0,98,216
04/23/2006,BTL,MI,AGL,CE,Federal Contract Tower,0,2,56,0,58,0,0,56,0,56,0,2,112,0,114,174,0,174,288
04/24/2006,BTL,MI,AGL,CE,Federal Contract Tower,0,9,52,2,63,0,0,86,0,86,0,9,138,2,149,122,0,122,271
04/25/2006,BTL,MI,AGL,CE,Federal Contract Tower,0,5,52,9,66,0,0,91,7,98,0,5,143,16,164,106,2,108,272
04/26/2006,BTL,MI,AGL,CE,Federal Contract Tower,0,2,71,4,77,0,0,114,10,124,0,2,185,14,201,216,2,218,419
04/27/2006,BTL,MI,AGL,CE,Federal Contract Tower,0,2,78,0,80,0,0,113,4,117,0,2,191,4,197,140,0,140,337
04/28/2006,BTL,MI,AGL,CE,Federal Contract Tower,0,5,68,6,79,0,2,89,0,91,0,7,157,6,170,132,0,132,302
04/29/2006,BTL,MI,AGL,CE,Federal Contract Tower,0,2,32,2,36,0,0,78,1,79,0,2,110,3,115,104,2,106,221
04/30/2006,BTL,MI,AGL,CE,Federal Contract Tower,0,0,30,1,31,0,0,33,0,33,0,0,63,1,64,162,0,162,226
05/01/2006,BTL,MI,AGL,CE,Federal Contract Tower,0,1,80,1,82,0,1,61,0,62,0,2,141,1,144,90,0,90,234
05/02/2006,BTL,MI,AGL,CE,Federal Contract Tower,0,1,33,1,35,0,0,0,0,0,0,1,33,1,35,2,0,2,37
05/03/2006,BTL,MI,AGL,CE,Federal Contract Tower,0,1,84,2,87,0,1,103,3,107,0,2,187,5,194,136,0,136,330
05/04/2006,BTL,MI,AGL,CE,Federal Contract Tower,0,3,83,2,88,0,0,116,7,123,0,3,199,9,211,156,0,156,367
05/05/2006,BTL,MI,AGL,CE,Federal Contract Tower,0,3,64,4,71,0,0,60,6,66,0,3,124,10,137,80,4,84,221
05/06/2006,BTL,MI,AGL,CE,Federal Contract Tower,0,0,8,3,11,0,0,39,10,49,0,0,47,13,60,8,2,10,70
05/07/2006,BTL,MI,AGL,CE,Federal Contract Tower,0,0,7,6,13,0,0,26,1,27,0,0,33,7,40,16,16,32,72
05/08/2006,BTL,MI,AGL,CE,Federal Contract Tower,0,5,52,4,61,0,0,109,4,113,0,5,161,8,174,144,0,144,318
05/09/2006,BTL,MI,AGL,CE,Federal Contract Tower,0,9,70,7,86,0,0,149,6,155,0,9,219,13,241,146,2,148,389
05/10/2006,BTL,MI,AGL,CE,Federal Contract Tower,0,5,34,12,51,0,1,27,11,39,0,6,61,23,90,46,6,52,142
05/11/2006,BTL,MI,AGL,CE,Federal Contract Tower,0,4,12,10,26,0,0,0,0,0,0,4,12,10,26,0,8,8,34
05/12/2006,BTL,MI,AGL,CE,Federal Contract Tower,0,0,41,8,49,0,0,0,0,0,0,0,41,8,49,10,14,24,73
05/13/2006,BTL,MI,AGL,CE,Federal Contract Tower,0,2,23,0,25,0,0,0,0,0,0,2,23,0,25,10,0,10,35
05/14/2006,BTL,MI,AGL,CE,Federal Contract Tower,0,1,25,0,26,0,0,12,0,12,0,1,37,0,38,18,0,18,56
05/15/2006,BTL,MI,AGL,CE,Federal Contract Tower,0,4,44,0,48,0,0,0,0,0,0,4,44,0,48,6,0,6,54
05/16/2006,BTL,MI,AGL,CE,Federal Contract Tower,0,4,86,14,104,0,0,63,5,68,0,4,149,19,172,126,2,128,300
05/17/2006,BTL,MI,AGL,CE,Federal Contract Tower,0,4,68,4,76,0,0,73,7,80,0,4,141,11,156,122,0,122,278
05/18/2006,BTL,MI,AGL,CE,Federal Contract Tower,0,2,63,8,73,0,0,106,15,121,0,2,169,23,194,114,2,116,310
05/19/2006,BTL,MI,AGL,CE,Federal Contract Tower,0,5,114,10,129,0,0,103,10,113,0,5,217,20,242,122,4,126,368
05/20/2006,BTL,MI,AGL,CE,Federal Contract Tower,0,0,44,2,46,0,0,114,3,117,0,0,158,5,163,116,0,116,279
05/21/2006,BTL,MI,AGL,CE,Federal Contract Tower,0,0,25,0,25,0,0,129,0,129,0,0,154,0,154,134,0,134,288
05/22/2006,BTL,MI,AGL,CE,Federal Contract Tower,0,2,43,1,46,0,1,148,0,149,0,3,191,1,195,130,0,130,325
05/23/2006,BTL,MI,AGL,CE,Federal Contract Tower,0,8,77,5,90,0,0,215,11,226,0,8,292,16,316,156,8,164,480
05/24/2006,BTL,MI,AGL,CE,Federal Contract Tower,0,4,73,8,85,0,0,159,12,171,0,4,232,20,256,166,6,172,428
05/25/2006,BTL,MI,AGL,CE,Federal Contract Tower,0,7,57,6,70,0,0,21,3,24,0,7,78,9,94,78,2,80,174
05/26/2006,BTL,MI,AGL,CE,Federal Contract Tower,0,4,88,1,93,0,0,5,0,5,0,4,93,1,98,42,0,42,140
05/27/2006,BTL,MI,AGL,CE,Federal Contract Tower,0,0,45,0,45,0,0,112,0,112,0,0,157,0,157,130,0,130,287
05/28/2006,BTL,MI,AGL,CE,Federal Contract Tower,0,0,13,0,13,0,0,81,8,89,0,0,94,8,102,74,0,74,176
05/29/2006,BTL,MI,AGL,CE,Federal Contract Tower,0,0,6,1,7,0,0,22,8,30,0,0,28,9,37,14,0,14,51
05/30/2006,BTL,MI,AGL,CE,Federal Contract Tower,0,8,44,8,60,0,0,68,17,85,0,8,112,25,145,96,2,98,243
05/31/2006,BTL,MI,AGL,CE,Federal Contract Tower,0,2,113,12,127,0,0,52,7,59,0,2,165,19,186,82,4,86,272
06/01/2006,BTL,MI,AGL,CE,Federal Contract Tower,0,4,80,4,88,0,0,171,10,181,0,4,251,14,269,124,0,124,393
06/02/2006,BTL,MI,AGL,CE,Federal Contract Tower,0,0,70,6,76,0,0,106,13,119,0,0,176,19,195,124,2,126,321
06/03/2006,BTL,MI,AGL,CE,Federal Contract Tower,0,0,54,3,57,0,0,40,17,57,0,0,94,20,114,98,0,98,212
06/04/2006,BTL,MI,AGL,CE,Federal Contract Tower,0,5,38,2,45,0,0,147,0,147,0,5,185,2,192,140,0,140,332
06/05/2006,BTL,MI,AGL,CE,Federal Contract Tower,2,4,66,3,75,0,2,157,3,162,2,6,223,6,237,186,0,186,423
06/06/2006,BTL,MI,AGL,CE,Federal Contract Tower,0,5,73,1,79,0,0,165,3,168,0,5,238,4,247,162,2,164,411
06/07/2006,BTL,MI,AGL,CE,Federal Contract Tower,0,3,79,0,82,0,0,28,0,28,0,3,107,0,110,126,0,126,236
06/08/2006,BTL,MI,AGL,CE,Federal Contract Tower,0,3,75,3,81,0,0,169,5,174,0,3,244,8,255,132,36,168,423
06/09/2006,BTL,MI,AGL,CE,Federal Contract Tower,0,3,83,1,87,0,0,107,4,111,0,3,190,5,198,126,0,126,324
06/10/2006,BTL,MI,AGL,CE,Federal Contract Tower,0,1,26,0,27,0,0,100,0,100,0,1,126,0,127,112,0,112,239
06/11/2006,BTL,MI,AGL,CE,Federal Contract Tower,0,1,26,1,28,0,0,97,0,97,0,1,123,1,125,102,0,102,227
06/12/2006,BTL,MI,AGL,CE,Federal Contract Tower,0,7,47,0,54,0,2,138,0,140,0,9,185,0,194,166,0,166,360
06/13/2006,BTL,MI,AGL,CE,Federal Contract Tower,2,0,73,0,75,0,0,170,10,180,2,0,243,10,255,234,4,238,493
06/14/2006,BTL,MI,AGL,CE,Federal Contract Tower,0,2,54,0,56,0,1,129,7,137,0,3,183,7,193,168,6,174,367
06/15/2006,BTL,MI,AGL,CE,Federal Contract Tower,0,2,79,6,87,0,0,179,2,181,0,2,258,8,268,202,2,204,472
06/16/2006,BTL,MI,AGL,CE,Federal Contract Tower,0,0,44,2,46,0,0,124,5,129,0,0,168,7,175,168,0,168,343
06/17/2006,BTL,MI,AGL,CE,Federal Contract Tower,0,0,25,3,28,0,0,75,3,78,0,0,100,6,106,94,10,104,210
06/18/2006,BTL,MI,AGL,CE,Federal Contract Tower,0,0,13,0,13,0,0,12,0,12,0,0,25,0,25,6,0,6,31
06/19/2006,BTL,MI,AGL,CE,Federal Contract Tower,0,1,75,1,77,0,0,91,0,91,0,1,166,1,168,88,0,88,256
06/20/2006,BTL,MI,AGL,CE,Federal Contract Tower,0,1,50,7,58,0,1,197,7,205,0,2,247,14,263,204,2,206,469
06/21/2006,BTL,MI,AGL,CE,Federal Contract Tower,0,1,31,2,34,0,0,73,14,87,0,1,104,16,121,148,8,156,277
06/22/2006,BTL,MI,AGL,CE,Federal Contract Tower,0,3,83,4,90,0,1,146,4,151,0,4,229,8,241,214,0,214,455
06/23/2006,BTL,MI,AGL,CE,Federal Contract Tower,0,2,88,5,95,0,0,62,10,72,0,2,150,15,167,58,0,58,225
06/24/2006,BTL,MI,AGL,CE,Federal Contract Tower,0,0,28,0,28,0,0,84,0,84,0,0,112,0,112,94,0,94,206
06/25/2006,BTL,MI,AGL,CE,Federal Contract Tower,0,0,26,0,26,0,0,72,0,72,0,0,98,0,98,130,0,130,228
06/26/2006,BTL,MI,AGL,CE,Federal Contract Tower,0,5,43,0,48,0,1,137,0,138,0,6,180,0,186,255,0,255,441
06/27/2006,BTL,MI,AGL,CE,Federal Contract Tower,0,0,80,3,83,0,0,149,8,157,0,0,229,11,240,254,2,256,496
06/28/2006,BTL,MI,AGL,CE,Federal Contract Tower,0,3,66,4,73,0,0,96,7,103,0,3,162,11,176,230,6,236,412
06/29/2006,BTL,MI,AGL,CE,Federal Contract Tower,0,1,77,4,82,0,1,90,25,116,0,2,167,29,198,144,4,148,346
06/30/2006,BTL,MI,AGL,CE,Federal Contract Tower,0,2,77,5,84,0,0,196,13,209,0,2,273,18,293,153,0,153,446
07/01/2006,BTL,MI,AGL,CE,Federal Contract Tower,0,0,24,2,26,0,0,96,7,103,0,0,120,9,129,162,12,174,303
07/02/2006,BTL,MI,AGL,CE,Federal Contract Tower,0,0,10,0,10,0,0,69,0,69,0,0,79,0,79,20,6,26,105
07/03/2006,BTL,MI,AGL,CE,Federal Contract Tower,0,0,5,4,9,0,0,61,7,68,0,0,66,11,77,56,4,60,137
07/04/2006,BTL,MI,AGL,CE,Federal Contract Tower,0,0,5,2,7,0,0,43,0,43,0,0,48,2,50,50,0,50,100
07/05/2006,BTL,MI,AGL,CE,Federal Contract Tower,0,1,56,8,65,0,0,102,21,123,0,1,158,29,188,168,0,168,356
07/06/2006,BTL,MI,AGL,CE,Federal Contract Tower,2,6,73,9,90,0,0,147,13,160,2,6,220,22,250,178,4,182,432
07/07/2006,BTL,MI,AGL,CE,Federal Contract Tower,0,2,73,4,79,0,0,107,15,122,0,2,180,19,201,162,0,162,363
07/08/2006,BTL,MI,AGL,CE,Federal Contract Tower,0,0,25,0,25,0,0,90,0,90,0,0,115,0,115,124,18,142,257
07/09/2006,BTL,MI,AGL,CE,Federal Contract Tower,0,0,33,0,33,0,0,81,0,81,0,0,114,0,114,144,0,144,258
07/10/2006,BTL,MI,AGL,CE,Federal Contract Tower,0,5,53,0,58,0,1,112,0,113,0,6,165,0,171,128,0,128,299
07/11/2006,BTL,MI,AGL,CE,Federal Contract Tower,0,2,81,4,87,0,1,32,6,39,0,3,113,10,126,102,4,106,232
07/12/2006,BTL,MI,AGL,CE,Federal Contract Tower,0,4,102,6,112,0,0,44,9,53,0,4,146,15,165,92,0,92,257
07/13/2006,BTL,MI,AGL,CE,Federal Contract Tower,0,2,63,2,67,0,0,141,6,147,0,2,204,8,214,294,0,294,508
07/14/2006,BTL,MI,AGL,CE,Federal Contract Tower,0,3,44,7,54,0,1,43,3,47,0,4,87,10,101,60,2,62,163
07/15/2006,BTL,MI,AGL,CE,Federal Contract Tower,0,0,33,8,41,0,0,103,8,111,0,0,136,16,152,112,10,122,274
07/16/2006,BTL,MI,AGL,CE,Federal Contract Tower,0,0,31,4,35,0,0,84,14,98,0,0,115,18,133,104,0,104,237
07/17/2006,BTL,MI,AGL,CE,Federal Contract Tower,0,4,52,0,56,0,1,94,0,95,0,5,146,0,151,154,0,154,305
07/18/2006,BTL,MI,AGL,CE,Federal Contract Tower,0,3,59,6,68,0,2,99,6,107,0,5,158,12,175,148,2,150,325
07/19/2006,BTL,MI,AGL,CE,Federal Contract Tower,2,0,66,3,71,0,0,185,10,195,2,0,251,13,266,210,0,210,476
07/20/2006,BTL,MI,AGL,CE,Federal Contract Tower,0,7,69,4,80,0,0,73,5,78,0,7,142,9,158,172,0,172,330
07/21/2006,BTL,MI,AGL,CE,Federal Contract Tower,0,3,65,4,72,0,0,129,16,145,0,3,194,20,217,186,8,194,411
07/22/2006,BTL,MI,AGL,CE,Federal Contract Tower,0,2,43,0,45,0,0,36,0,36,0,2,79,0,81,78,0,78,159
07/23/2006,BTL,MI,AGL,CE,Federal Contract Tower,0,3,35,1,39,0,0,123,0,123,0,3,158,1,162,215,0,215,377
07/24/2006,BTL,MI,AGL,CE,Federal Contract Tower,0,6,53,2,61,0,2,84,1,87,0,8,137,3,148,172,0,172,320
07/25/2006,BTL,MI,AGL,CE,Federal Contract Tower,0,7,60,2,69,0,1,111,5,117,0,8,171,7,186,168,0,168,354
07/26/2006,BTL,MI,AGL,CE,Federal Contract Tower,0,3,59,6,68,0,0,77,4,81,0,3,136,10,149,170,4,174,323
07/27/2006,BTL,MI,AGL,CE,Federal Contract Tower,0,1,78,12,91,0,1,25,13,39,0,2,103,25,130,126,12,138,268
07/28/2006,BTL,MI,AGL,CE,Federal Contract Tower,0,2,61,7,70,0,0,52,6,58,0,2,113,13,128,130,4,134,262
07/29/2006,BTL,MI,AGL,CE,Federal Contract Tower,0,3,46,0,49,0,0,63,0,63,0,3,109,0,112,130,0,130,242
07/30/2006,BTL,MI,AGL,CE,Federal Contract Tower,0,1,19,2,22,0,0,56,5,61,0,1,75,7,83,66,0,66,149
07/31/2006,BTL,MI,AGL,CE,Federal Contract Tower,0,2,67,8,77,0,0,162,6,168,0,2,229,14,245,192,0,192,437
08/01/2006,BTL,MI,AGL,CE,Federal Contract Tower,0,2,69,2,73,0,2,165,7,174,0,4,234,9,247,242,4,246,493
08/02/2006,BTL,MI,AGL,CE,Federal Contract Tower,0,3,81,4,88,0,0,137,9,146,0,3,218,13,234,152,14,166,400
08/03/2006,BTL,MI,AGL,CE,Federal Contract Tower,0,4,69,9,82,0,0,11,2,13,0,4,80,11,95,54,0,54,149
08/04/2006,BTL,MI,AGL,CE,Federal Contract Tower,0,0,58,6,64,0,0,129,7,136,0,0,187,13,200,146,2,148,348
08/05/2006,BTL,MI,AGL,CE,Federal Contract Tower,0,0,37,5,42,0,1,77,15,93,0,1,114,20,135,118,2,120,255
08/06/2006,BTL,MI,AGL,CE,Federal Contract Tower,0,0,35,2,37,0,0,101,8,109,0,0,136,10,146,136,0,136,282
08/07/2006,BTL,MI,AGL,CE,Federal Contract Tower,0,3,61,2,66,0,0,138,0,138,0,3,199,2,204,276,0,276,480
08/08/2006,BTL,MI,AGL,CE,Federal Contract Tower,0,7,52,3,62,0,0,168,5,173,0,7,220,8,235,146,0,146,381
08/09/2006,BTL,MI,AGL,CE,Federal Contract Tower,0,1,58,3,62,0,0,160,10,170,0,1,218,13,232,208,4,212,444
08/10/2006,BTL,MI,AGL,CE,Federal Contract Tower,0,3,60,3,66,0,0,138,13,151,0,3,198,16,217,192,2,194,411
08/11/2006,BTL,MI,AGL,CE,Federal Contract Tower,0,2,37,0,39,0,0,136,7,143,0,2,173,7,182,92,2,94,276
08/12/2006,BTL,MI,AGL,CE,Federal Contract Tower,0,0,27,0,27,0,0,130,0,130,0,0,157,0,157,102,0,102,259
08/13/2006,BTL,MI,AGL,CE,Federal Contract Tower,0,0,28,0,28,0,0,116,0,116,0,0,144,0,144,146,0,146,290
08/14/2006,BTL,MI,AGL,CE,Federal Contract Tower,0,10,101,2,113,0,1,75,1,77,0,11,176,3,190,120,2,122,312
08/15/2006,BTL,MI,AGL,CE,Federal Contract Tower,0,1,57,2,60,0,0,175,3,178,0,1,232,5,238,174,2,176,414
08/16/2006,BTL,MI,AGL,CE,Federal Contract Tower,0,6,70,3,79,0,2,182,9,193,0,8,252,12,272,222,4,226,498
08/17/2006,BTL,MI,AGL,CE,Federal Contract Tower,0,2,82,4,88,0,0,150,4,154,0,2,232,8,242,208,2,210,452
08/18/2006,BTL,MI,AGL,CE,Federal Contract Tower,0,1,52,4,57,0,0,123,4,127,0,1,175,8,184,128,0,128,312
08/19/2006,BTL,MI,AGL,CE,Federal Contract Tower,0,2,20,0,22,0,0,18,0,18,0,2,38,0,40,40,0,40,80
08/20/2006,BTL,MI,AGL,CE,Federal Contract Tower,0,0,25,1,26,0,0,76,1,77,0,0,101,2,103,170,0,170,273
08/21/2006,BTL,MI,AGL,CE,Federal Contract Tower,0,0,67,0,67,0,0,154,2,156,0,0,221,2,223,216,2,218,441
08/22/2006,BTL,MI,AGL,CE,Federal Contract Tower,0,1,59,2,62,0,1,141,7,149,0,2,200,9,211,176,2,178,389
08/23/2006,BTL,MI,AGL,CE,Federal Contract Tower,0,3,82,1,86,0,0,162,3,165,0,3,244,4,251,192,8,200,451
08/24/2006,BTL,MI,AGL,CE,Federal Contract Tower,0,4,50,5,59,0,0,84,3,87,0,4,134,8,146,124,0,124,270
08/25/2006,BTL,MI,AGL,CE,Federal Contract Tower,0,4,67,5,76,0,0,93,5,98,0,4,160,10,174,134,0,134,308
08/26/2006,BTL,MI,AGL,CE,Federal Contract Tower,0,0,25,0,25,0,0,24,0,24,0,0,49,0,49,116,0,116,165
08/27/2006,BTL,MI,AGL,CE,Federal Contract Tower,0,0,24,2,26,0,0,17,0,17,0,0,41,2,43,30,0,30,73
08/28/2006,BTL,MI,AGL,CE,Federal Contract Tower,0,1,40,1,42,0,0,38,1,39,0,1,78,2,81,88,2,90,171
08/29/2006,BTL,MI,AGL,CE,Federal Contract Tower,0,8,71,0,79,0,0,79,3,82,0,8,150,3,161,136,0,136,297
08/30/2006,BTL,MI,AGL,CE,Federal Contract Tower,0,6,93,3,102,0,0,96,1,97,0,6,189,4,199,124,0,124,323
08/31/2006,BTL,MI,AGL,CE,Federal Contract Tower,0,4,65,3,72,0,0,188,6,194,0,4,253,9,266,226,2,228,494
09/01/2006,BTL,MI,AGL,CE,Federal Contract Tower,0,4,38,1,43,0,0,94,0,94,0,4,132,1,137,88,6,94,231
09/02/2006,BTL,MI,AGL,CE,Federal Contract Tower,0,0,7,0,7,0,0,35,0,35,0,0,42,0,42,34,0,34,76
09/03/2006,BTL,MI,AGL,CE,Federal Contract Tower,0,0,7,1,8,0,0,26,0,26,0,0,33,1,34,22,0,22,56
09/04/2006,BTL,MI,AGL,CE,Federal Contract Tower,0,0,12,0,12,0,0,25,0,25,0,0,37,0,37,8,0,8,45
09/05/2006,BTL,MI,AGL,CE,Federal Contract Tower,0,6,35,5,46,0,0,39,11,50,0,6,74,16,96,69,0,69,165
09/06/2006,BTL,MI,AGL,CE,Federal Contract Tower,0,4,60,6,70,0,0,106,11,117,0,4,166,17,187,140,6,146,333
09/07/2006,BTL,MI,AGL,CE,Federal Contract Tower,0,3,59,7,69,0,0,205,8,213,0,3,264,15,282,216,0,216,498
09/08/2006,BTL,MI,AGL,CE,Federal Contract Tower,0,0,65,0,65,0,0,144,8,152,0,0,209,8,217,122,0,122,339
09/09/2006,BTL,MI,AGL,CE,Federal Contract Tower,0,0,39,25,64,0,0,37,26,63,0,0,76,51,127,46,4,50,177
09/10/2006,BTL,MI,AGL,CE,Federal Contract Tower,0,0,41,10,51,0,0,85,24,109,0,0,126,34,160,150,0,150,310
09/11/2006,BTL,MI,AGL,CE,Federal Contract Tower,0,9,61,1,71,0,0,68,0,68,0,9,129,1,139,74,0,74,213
09/12/2006,BTL,MI,AGL,CE,Federal Contract Tower,0,0,16,0,16,0,0,3,0,3,0,0,19,0,19,0,0,0,19
09/13/2006,BTL,MI,AGL,CE,Federal Contract Tower,0,2,60,6,68,0,0,1,0,1,0,2,61,6,69,24,0,24,93
09/14/2006,BTL,MI,AGL,CE,Federal Contract Tower,1,5,100,10,116,0,0,125,10,135,1,5,225,20,251,140,0,140,391
09/15/2006,BTL,MI,AGL,CE,Federal Contract Tower,1,2,80,5,88,0,0,180,7,187,1,2,260,12,275,212,0,212,487
09/16/2006,BTL,MI,AGL,CE,Federal Contract Tower,1,2,40,0,43,0,0,72,0,72,1,2,112,0,115,142,0,142,257
09/17/2006,BTL,MI,AGL,CE,Federal Contract Tower,0,0,44,0,44,0,0,146,0,146,0,0,190,0,190,216,0,216,406
09/18/2006,BTL,MI,AGL,CE,Federal Contract Tower,0,2,80,0,82,0,2,104,7,113,0,4,184,7,195,126,0,126,321
09/19/2006,BTL,MI,AGL,CE,Federal Contract Tower,0,2,75,6,83,0,0,78,8,86,0,2,153,14,169,164,0,164,333
09/20/2006,BTL,MI,AGL,CE,Federal Contract Tower,0,7,79,7,93,0,0,198,13,211,0,7,277,20,304,198,2,200,504
09/21/2006,BTL,MI,AGL,CE,Federal Contract Tower,0,10,66,5,81,0,2,249,27,278,0,12,315,32,359,244,16,260,619
09/22/2006,BTL,MI,AGL,CE,Federal Contract Tower,2,0,66,14,82,0,0,33,2,35,2,0,99,16,117,56,4,60,177
09/23/2006,BTL,MI,AGL,CE,Federal Contract Tower,0,1,16,0,17,0,0,0,0,0,0,1,16,0,17,2,0,2,19
09/24/2006,BTL,MI,AGL,CE,Federal Contract Tower,0,2,43,1,46,0,1,62,0,63,0,3,105,1,109,78,0,78,187
09/25/2006,BTL,MI,AGL,CE,Federal Contract Tower,0,8,29,5,42,0,2,136,1,139,0,10,165,6,181,192,2,194,375
09/26/2006,BTL,MI,AGL,CE,Federal Contract Tower,0,2,72,0,74,0,0,269,0,269,0,2,341,0,343,338,0,338,681
09/27/2006,BTL,MI,AGL,CE,Federal Contract Tower,0,6,58,1,65,0,0,147,0,147,0,6,205,1,212,192,0,192,404
09/28/2006,BTL,MI,AGL,CE,Federal Contract Tower,0,0,70,2,72,0,0,205,0,205,0,0,275,2,277,186,0,186,463
09/29/2006,BTL,MI,AGL,CE,Federal Contract Tower,0,2,64,0,66,0,0,184,0,184,0,2,248,0,250,168,0,168,418
09/30/2006,BTL,MI,AGL,CE,Federal Contract Tower,0,0,28,0,28,0,0,17,0,17,0,0,45,0,45,56,0,56,101
10/01/2006,BTL,MI,AGL,CE,Federal Contract Tower,0,0,33,0,33,0,0,177,0,177,0,0,210,0,210,230,0,230,440
10/02/2006,BTL,MI,AGL,CE,Federal Contract Tower,0,3,15,2,20,0,0,65,0,65,0,3,80,2,85,74,0,74,159
10/03/2006,BTL,MI,AGL,CE,Federal Contract Tower,0,9,60,6,75,0,0,204,0,204,0,9,264,6,279,256,0,256,535
10/04/2006,BTL,MI,AGL,CE,Federal Contract Tower,0,4,49,14,67,0,0,6,1,7,0,4,55,15,74,4,12,16,90
10/05/2006,BTL,MI,AGL,CE,Federal Contract Tower,0,6,52,10,68,0,2,235,8,245,0,8,287,18,313,308,4,312,625
10/06/2006,BTL,MI,AGL,CE,Federal Contract Tower,2,2,42,1,47,0,0,193,0,193,2,2,235,1,240,148,0,148,388
10/07/2006,BTL,MI,AGL,CE,Federal Contract Tower,2,2,37,0,41,0,1,128,0,129,2,3,165,0,170,206,0,206,376
10/08/2006,BTL,MI,AGL,CE,Federal Contract Tower,0,2,30,0,32,0,0,143,0,143,0,2,173,0,175,282,0,282,457
10/09/2006,BTL,MI,AGL,CE,Federal Contract Tower,0,3,46,1,50,0,1,224,0,225,0,4,270,1,275,262,0,262,537
10/10/2006,BTL,MI,AGL,CE,Federal Contract Tower,0,1,59,4,64,0,0,197,12,209,0,1,256,16,273,306,4,310,583
10/11/2006,BTL,MI,AGL,CE,Federal Contract Tower,0,5,52,13,70,0,0,3,1,4,0,5,55,14,74,36,2,38,112
10/12/2006,BTL,MI,AGL,CE,Federal Contract Tower,0,2,23,6,31,0,0,0,0,0,0,2,23,6,31,2,0,2,33
10/13/2006,BTL,MI,AGL,CE,Federal Contract Tower,0,0,29,3,32,0,0,25,9,34,0,0,54,12,66,16,0,16,82
10/14/2006,BTL,MI,AGL,CE,Federal Contract Tower,0,0,28,12,40,0,0,114,13,127,0,0,142,25,167,190,0,190,357
10/15/2006,BTL,MI,AGL,CE,Federal Contract Tower,0,0,32,4,36,0,0,178,15,193,0,0,210,19,229,332,0,332,561
10/16/2006,BTL,MI,AGL,CE,Federal Contract Tower,0,2,48,2,52,0,0,184,0,184,0,2,232,2,236,292,0,292,528
10/17/2006,BTL,MI,AGL,CE,Federal Contract Tower,0,4,14,0,18,0,0,1,0,1,0,4,15,0,19,4,0,4,23
10/18/2006,BTL,MI,AGL,CE,Federal Contract Tower,0,6,80,11,97,0,0,120,3,123,0,6,200,14,220,214,4,218,438
10/19/2006,BTL,MI,AGL,CE,Federal Contract Tower,0,6,70,11,87,0,0,28,5,33,0,6,98,16,120,86,0,86,206
10/20/2006,BTL,MI,AGL,CE,Federal Contract Tower,0,7,82,7,96,0,0,190,8,198,0,7,272,15,294,311,4,315,609
10/21/2006,BTL,MI,AGL,CE,Federal Contract Tower,0,1,43,0,44,0,0,131,0,131,0,1,174,0,175,242,0,242,417
10/22/2006,BTL,MI,AGL,CE,Federal Contract Tower,0,1,8,0,9,0,0,1,0,1,0,1,9,0,10,4,0,4,14
10/23/2006,BTL,MI,AGL,CE,Federal Contract Tower,0,1,46,0,47,0,0,81,0,81,0,1,127,0,128,252,0,252,380
10/24/2006,BTL,MI,AGL,CE,Federal Contract Tower,0,4,55,6,65,0,0,166,7,173,0,4,221,13,238,296,0,296,534
10/25/2006,BTL,MI,AGL,CE,Federal Contract Tower,0,4,67,8,79,0,0,246,8,254,0,4,313,16,333,366,4,370,703
10/26/2006,BTL,MI,AGL,CE,Federal Contract Tower,0,2,58,4,64,0,0,195,15,210,0,2,253,19,274,268,0,268,542
10/27/2006,BTL,MI,AGL,CE,Federal Contract Tower,0,2,18,6,26,0,0,0,2,2,0,2,18,8,28,0,0,0,28
10/28/2006,BTL,MI,AGL,CE,Federal Contract Tower,0,2,15,2,19,0,0,1,0,1,0,2,16,2,20,2,0,2,22
10/29/2006,BTL,MI,AGL,CE,Federal Contract Tower,0,0,14,0,14,0,0,59,0,59,0,0,73,0,73,98,0,98,171
10/30/2006,BTL,MI,AGL,CE,Federal Contract Tower,0,4,48,2,54,0,0,202,6,208,0,4,250,8,262,340,0,340,602
10/31/2006,BTL,MI,AGL,CE,Federal Contract Tower,0,5,69,6,80,0,0,161,8,169,0,5,230,14,249,280,0,280,529
11/01/2006,BTL,MI,AGL,CE,Federal Contract Tower,0,2,61,4,67,0,3,166,10,179,0,5,227,14,246,344,0,344,590
11/02/2006,BTL,MI,AGL,CE,Federal Contract Tower,2,4,47,10,63,0,0,17,0,17,2,4,64,10,80,20,0,20,100
11/03/2006,BTL,MI,AGL,CE,Federal Contract Tower,0,0,70,5,75,0,0,165,4,169,0,0,235,9,244,286,0,286,530
11/04/2006,BTL,MI,AGL,CE,Federal Contract Tower,0,0,37,3,40,0,0,147,15,162,0,0,184,18,202,298,0,298,500
11/05/2006,BTL,MI,AGL,CE,Federal Contract Tower,0,1,40,5,46,0,0,188,8,196,0,1,228,13,242,362,0,362,604
11/06/2006,BTL,MI,AGL,CE,Federal Contract Tower,0,6,43,0,49,0,1,177,0,178,0,7,220,0,227,286,0,286,513
11/07/2006,BTL,MI,AGL,CE,Federal Contract Tower,0,4,24,12,40,0,0,0,1,1,0,4,24,13,41,2,0,2,43
11/08/2006,BTL,MI,AGL,CE,Federal Contract Tower,0,3,64,13,80,0,0,36,8,44,0,3,100,21,124,102,0,102,226
11/09/2006,BTL,MI,AGL,CE,Federal Contract Tower,0,2,70,6,78,0,0,224,8,232,0,2,294,14,310,290,0,290,600
11/10/2006,BTL,MI,AGL,CE,Federal Contract Tower,0,1,52,0,53,0,0,198,0,198,0,1,250,0,251,270,0,270,521
11/11/2006,BTL,MI,AGL,CE,Federal Contract Tower,0,0,4,2,6,0,0,7,0,7,0,0,11,2,13,16,0,16,29
11/12/2006,BTL,MI,AGL,CE,Federal Contract Tower,0,0,67,0,67,0,0,84,0,84,0,0,151,0,151,278,0,278,429
11/13/2006,BTL,MI,AGL,CE,Federal Contract Tower,0,8,59,3,70,0,0,20,0,20,0,8,79,3,90,30,0,30,120
11/14/2006,BTL,MI,AGL,CE,Federal Contract Tower,0,4,34,14,52,0,0,8,0,8,0,4,42,14,60,52,0,52,112
11/15/2006,BTL,MI,AGL,CE,Federal Contract Tower,0,1,106,7,114,0,0,105,9,114,0,1,211,16,228,148,0,148,376
11/16/2006,BTL,MI,AGL,CE,Federal Contract Tower,1,3,23,2,29,0,0,0,0,0,1,3,23,2,29,4,0,4,33
11/17/2006,BTL,MI,AGL,CE,Federal Contract Tower,3,2,72,3,80,0,0,131,2,133,3,2,203,5,213,316,0,316,529
11/18/2006,BTL,MI,AGL,CE,Federal Contract Tower,1,0,20,0,21,0,0,77,0,77,1,0,97,0,98,236,0,236,334
11/19/2006,BTL,MI,AGL,CE,Federal Contract Tower,0,0,23,0,23,0,0,120,0,120,0,0,143,0,143,198,0,198,341
11/20/2006,BTL,MI,AGL,CE,Federal Contract Tower,2,6,56,1,65,0,1,181,1,183,2,7,237,2,248,268,0,268,516
11/21/2006,BTL,MI,AGL,CE,Federal Contract Tower,0,6,58,7,71,0,2,227,13,242,0,8,285,20,313,266,2,268,581
11/22/2006,BTL,MI,AGL,CE,Federal Contract Tower,0,9,46,3,58,0,0,134,7,141,0,9,180,10,199,170,0,170,369
11/23/2006,BTL,MI,AGL,CE,Federal Contract Tower,0,0,0,0,0,0,0,8,0,8,0,0,8,0,8,4,0,4,12
11/24/2006,BTL,MI,AGL,CE,Federal Contract Tower,0,0,14,0,14,0,0,23,0,23,0,0,37,0,37,38,0,38,75
11/25/2006,BTL,MI,AGL,CE,Federal Contract Tower,0,0,12,0,12,0,0,31,0,31,0,0,43,0,43,24,0,24,67
11/26/2006,BTL,MI,AGL,CE,Federal Contract Tower,0,3,18,0,21,0,0,46,0,46,0,3,64,0,67,18,0,18,85
11/27/2006,BTL,MI,AGL,CE,Federal Contract Tower,0,8,42,0,50,0,0,107,2,109,0,8,149,2,159,166,0,166,325
11/28/2006,BTL,MI,AGL,CE,Federal Contract Tower,0,6,52,6,64,0,2,159,11,172,0,8,211,17,236,180,0,180,416
11/29/2006,BTL,MI,AGL,CE,Federal Contract Tower,0,0,54,18,72,0,0,1,0,1,0,0,55,18,73,8,4,12,85
11/30/2006,BTL,MI,AGL,CE,Federal Contract Tower,0,5,35,0,40,0,0,0,0,0,0,5,35,0,40,4,0,4,44
12/01/2006,BTL,MI,AGL,CE,Federal Contract Tower,0,5,10,0,15,0,0,0,0,0,0,5,10,0,15,0,0,0,15
12/02/2006,BTL,MI,AGL,CE,Federal Contract Tower,0,3,46,6,55,0,0,120,7,127,0,3,166,13,182,236,0,236,418
12/03/2006,BTL,MI,AGL,CE,Federal Contract Tower,0,0,24,10,34,0,1,3,2,6,0,1,27,12,40,14,0,14,54
12/04/2006,BTL,MI,AGL,CE,Federal Contract Tower,0,9,40,2,51,0,0,24,2,26,0,9,64,4,77,28,0,28,105
12/05/2006,BTL,MI,AGL,CE,Federal Contract Tower,0,9,59,6,74,0,1,83,4,88,0,10,142,10,162,160,0,160,322
12/06/2006,BTL,MI,AGL,CE,Federal Contract Tower,0,3,64,13,80,0,0,67,6,73,0,3,131,19,153,163,0,163,316
12/07/2006,BTL,MI,AGL,CE,Federal Contract Tower,0,7,43,11,61,0,0,63,0,63,0,7,106,11,124,74,2,76,200
12/08/2006,BTL,MI,AGL,CE,Federal Contract Tower,2,13,61,4,80,0,0,187,10,197,2,13,248,14,277,190,0,190,467
12/09/2006,BTL,MI,AGL,CE,Federal Contract Tower,0,1,43,0,44,0,0,155,0,155,0,1,198,0,199,292,0,292,491
12/10/2006,BTL,MI,AGL,CE,Federal Contract Tower,0,0,23,0,23,0,0,142,0,142,0,0,165,0,165,166,0,166,331
12/11/2006,BTL,MI,AGL,CE,Federal Contract Tower,2,12,50,2,66,0,1,117,4,122,2,13,167,6,188,194,0,194,382
12/12/2006,BTL,MI,AGL,CE,Federal Contract Tower,0,10,18,1,29,0,0,0,0,0,0,10,18,1,29,0,0,0,29
12/13/2006,BTL,MI,AGL,CE,Federal Contract Tower,0,2,52,15,69,0,0,89,8,97,0,2,141,23,166,86,2,88,254
12/14/2006,BTL,MI,AGL,CE,Federal Contract Tower,0,2,70,8,80,0,0,150,12,162,0,2,220,20,242,148,0,148,390
12/15/2006,BTL,MI,AGL,CE,Federal Contract Tower,0,9,48,7,64,0,0,73,5,78,0,9,121,12,142,106,4,110,252
12/16/2006,BTL,MI,AGL,CE,Federal Contract Tower,0,7,20,0,27,0,1,121,0,122,0,8,141,0,149,136,0,136,285
12/17/2006,BTL,MI,AGL,CE,Federal Contract Tower,0,1,28,0,29,0,0,87,0,87,0,1,115,0,116,98,0,98,214
12/18/2006,BTL,MI,AGL,CE,Federal Contract Tower,2,5,25,3,35,0,2,120,7,129,2,7,145,10,164,144,0,144,308
12/19/2006,BTL,MI,AGL,CE,Federal Contract Tower,0,3,50,6,59,0,0,171,5,176,0,3,221,11,235,182,2,184,419
12/20/2006,BTL,MI,AGL,CE,Federal Contract Tower,0,5,57,6,68,0,0,155,16,171,0,5,212,22,239,210,6,216,455
12/21/2006,BTL,MI,AGL,CE,Federal Contract Tower,0,3,26,0,29,0,0,0,0,0,0,3,26,0,29,12,0,12,41
12/22/2006,BTL,MI,AGL,CE,Federal Contract Tower,0,2,20,0,22,0,0,1,0,1,0,2,21,0,23,6,0,6,29
12/23/2006,BTL,MI,AGL,CE,Federal Contract Tower,0,2,2,0,4,0,0,4,0,4,0,2,6,0,8,8,0,8,16
12/24/2006,BTL,MI,AGL,CE,Federal Contract Tower,0,0,8,0,8,0,0,14,0,14,0,0,22,0,22,18,0,18,40
12/25/2006,BTL,MI,AGL,CE,Federal Contract Tower,0,2,1,0,3,0,0,2,0,2,0,2,3,0,5,10,0,10,15
12/26/2006,BTL,MI,AGL,CE,Federal Contract Tower,0,0,5,1,6,0,0,1,0,1,0,0,6,1,7,0,0,0,7
12/27/2006,BTL,MI,AGL,CE,Federal Contract Tower,0,1,13,8,22,0,0,17,9,26,0,1,30,17,48,0,2,2,50
12/28/2006,BTL,MI,AGL,CE,Federal Contract Tower,0,2,22,7,31,0,0,11,12,23,0,2,33,19,54,22,4,26,80
12/29/2006,BTL,MI,AGL,CE,Federal Contract Tower,0,2,11,0,13,0,0,14,2,16,0,2,25,2,29,14,0,14,43
12/30/2006,BTL,MI,AGL,CE,Federal Contract Tower,0,0,5,0,5,0,0,25,0,25,0,0,30,0,30,20,0,20,50
12/31/2006,BTL,MI,AGL,CE,Federal Contract Tower,0,0,5,0,5,0,0,4,0,4,0,0,9,0,9,0,0,0,9
01/01/2007,BTL,MI,AGL,CE,Federal Contract Tower,0,0,2,0,2,0,0,2,0,2,0,0,4,0,4,0,0,0,4
01/02/2007,BTL,MI,AGL,CE,Federal Contract Tower,0,3,11,0,14,0,0,11,0,11,0,3,22,0,25,22,0,22,47
01/03/2007,BTL,MI,AGL,CE,Federal Contract Tower,0,1,20,6,27,0,0,12,11,23,0,1,32,17,50,2,4,6,56
01/04/2007,BTL,MI,AGL,CE,Federal Contract Tower,0,5,37,9,51,0,0,26,0,26,0,5,63,9,77,48,10,58,135
01/05/2007,BTL,MI,AGL,CE,Federal Contract Tower,0,0,50,10,60,0,0,4,0,4,0,0,54,10,64,18,0,18,82
01/06/2007,BTL,MI,AGL,CE,Federal Contract Tower,0,7,10,8,25,0,0,16,4,20,0,7,26,12,45,14,0,14,59
01/07/2007,BTL,MI,AGL,CE,Federal Contract Tower,0,0,20,6,26,0,0,18,2,20,0,0,38,8,46,12,0,12,58
01/08/2007,BTL,MI,AGL,CE,Federal Contract Tower,0,7,33,1,41,0,0,41,1,42,0,7,74,2,83,58,0,58,141
01/09/2007,BTL,MI,AGL,CE,Federal Contract Tower,0,0,72,7,79,0,0,32,4,36,0,0,104,11,115,112,4,116,231
01/10/2007,BTL,MI,AGL,CE,Federal Contract Tower,0,5,83,5,93,0,1,138,8,147,0,6,221,13,240,220,4,224,464
01/11/2007,BTL,MI,AGL,CE,Federal Contract Tower,0,2,37,6,45,0,0,108,10,118,0,2,145,16,163,140,2,142,305
01/12/2007,BTL,MI,AGL,CE,Federal Contract Tower,0,0,32,0,32,0,0,0,0,0,0,0,32,0,32,8,0,8,40
01/13/2007,BTL,MI,AGL,CE,Federal Contract Tower,0,0,9,0,9,0,0,7,0,7,0,0,16,0,16,8,0,8,24
01/14/2007,BTL,MI,AGL,CE,Federal Contract Tower,0,0,6,0,6,0,0,0,0,0,0,0,6,0,6,0,0,0,6
01/15/2007,BTL,MI,AGL,CE,Federal Contract Tower,0,1,11,0,12,0,0,0,0,0,0,1,11,0,12,0,0,0,12
01/16/2007,BTL,MI,AGL,CE,Federal Contract Tower,0,6,81,2,89,0,0,138,6,144,0,6,219,8,233,186,2,188,421
01/17/2007,BTL,MI,AGL,CE,Federal Contract Tower,0,1,133,9,143,0,0,95,8,103,0,1,228,17,246,260,2,262,508
01/18/2007,BTL,MI,AGL,CE,Federal Contract Tower,0,3,40,12,55,0,0,60,8,68,0,3,100,20,123,124,4,128,251
01/19/2007,BTL,MI,AGL,CE,Federal Contract Tower,0,3,33,5,41,0,0,1,1,2,0,3,34,6,43,8,0,8,51
01/20/2007,BTL,MI,AGL,CE,Federal Contract Tower,0,2,45,0,47,0,0,220,2,222,0,2,265,2,269,202,2,204,473
01/21/2007,BTL,MI,AGL,CE,Federal Contract Tower,0,0,17,0,17,0,0,8,0,8,0,0,25,0,25,14,0,14,39
01/22/2007,BTL,MI,AGL,CE,Federal Contract Tower,0,3,33,0,36,0,0,38,0,38,0,3,71,0,74,100,0,100,174
01/23/2007,BTL,MI,AGL,CE,Federal Contract Tower,0,7,36,10,53,0,0,17,5,22,0,7,53,15,75,62,0,62,137
01/24/2007,BTL,MI,AGL,CE,Federal Contract Tower,0,3,43,1,47,0,0,5,0,5,0,3,48,1,52,58,0,58,110
01/25/2007,BTL,MI,AGL,CE,Federal Contract Tower,0,0,68,6,74,0,0,169,2,171,0,0,237,8,245,276,0,276,521
01/26/2007,BTL,MI,AGL,CE,Federal Contract Tower,2,6,38,0,46,0,0,102,0,102,2,6,140,0,148,130,8,138,286
01/27/2007,BTL,MI,AGL,CE,Federal Contract Tower,0,0,16,0,16,0,0,24,0,24,0,0,40,0,40,74,0,74,114
01/28/2007,BTL,MI,AGL,CE,Federal Contract Tower,0,0,5,0,5,0,0,5,0,5,0,0,10,0,10,0,0,0,10
01/29/2007,BTL,MI,AGL,CE,Federal Contract Tower,0,8,48,0,56,0,0,71,0,71,0,8,119,0,127,86,0,86,213
01/30/2007,BTL,MI,AGL,CE,Federal Contract Tower,0,2,44,0,46,0,0,0,0,0,0,2,44,0,46,14,0,14,60
01/31/2007,BTL,MI,AGL,CE,Federal Contract Tower,0,0,82,5,87,0,0,164,2,166,0,0,246,7,253,214,0,214,467
02/01/2007,BTL,MI,AGL,CE,Federal Contract Tower,0,4,73,6,83,0,0,20,1,21,0,4,93,7,104,94,0,94,198
02/02/2007,BTL,MI,AGL,CE,Federal Contract Tower,0,2,31,1,34,0,0,28,2,30,0,2,59,3,64,46,0,46,110
02/03/2007,BTL,MI,AGL,CE,Federal Contract Tower,0,0,11,2,13,0,0,0,0,0,0,0,11,2,13,4,0,4,17
02/04/2007,BTL,MI,AGL,CE,Federal Contract Tower,0,0,8,0,8,0,0,3,0,3,0,0,11,0,11,0,0,0,11
02/05/2007,BTL,MI,AGL,CE,Federal Contract Tower,0,8,33,0,41,0,0,2,0,2,0,8,35,0,43,7,0,7,50
02/06/2007,BTL,MI,AGL,CE,Federal Contract Tower,0,0,46,5,51,0,0,27,4,31,0,0,73,9,82,36,4,40,122
02/07/2007,BTL,MI,AGL,CE,Federal Contract Tower,0,3,67,4,74,0,0,143,5,148,0,3,210,9,222,114,0,114,336
02/08/2007,BTL,MI,AGL,CE,Federal Contract Tower,0,3,90,2,95,0,0,79,2,81,0,3,169,4,176,180,2,182,358
02/09/2007,BTL,MI,AGL,CE,Federal Contract Tower,0,0,67,2,69,0,0,174,4,178,0,0,241,6,247,204,2,206,453
02/10/2007,BTL,MI,AGL,CE,Federal Contract Tower,0,0,47,0,47,0,0,78,0,78,0,0,125,0,125,146,0,146,271
02/11/2007,BTL,MI,AGL,CE,Federal Contract Tower,0,1,26,0,27,0,0,106,0,106,0,1,132,0,133,161,0,161,294
02/12/2007,BTL,MI,AGL,CE,Federal Contract Tower,0,7,18,0,25,0,0,1,0,1,0,7,19,0,26,0,0,0,26
02/13/2007,BTL,MI,AGL,CE,Federal Contract Tower,0,3,5,4,12,0,0,24,0,24,0,3,29,4,36,46,0,46,82
02/14/2007,BTL,MI,AGL,CE,Federal Contract Tower,1,5,47,3,56,0,0,125,8,133,1,5,172,11,189,140,0,140,329
02/15/2007,BTL,MI,AGL,CE,Federal Contract Tower,0,4,89,6,99,0,0,67,2,69,0,4,156,8,168,132,0,132,300
02/16/2007,BTL,MI,AGL,CE,Federal Contract Tower,0,0,51,0,51,0,0,152,0,152,0,0,203,0,203,172,0,172,375
02/17/2007,BTL,MI,AGL,CE,Federal Contract Tower,0,2,6,0,8,0,0,4,0,4,0,2,10,0,12,8,0,8,20
02/18/2007,BTL,MI,AGL,CE,Federal Contract Tower,0,4,41,0,45,0,0,64,0,64,0,4,105,0,109,70,0,70,179
02/19/2007,BTL,MI,AGL,CE,Federal Contract Tower,0,4,51,0,55,0,0,114,0,114,0,4,165,0,169,136,0,136,305
02/20/2007,BTL,MI,AGL,CE,Federal Contract Tower,0,0,64,2,66,0,0,189,4,193,0,0,253,6,259,302,0,302,561
02/21/2007,BTL,MI,AGL,CE,Federal Contract Tower,0,0,71,4,75,0,0,91,1,92,0,0,162,5,167,176,6,182,349
02/22/2007,BTL,MI,AGL,CE,Federal Contract Tower,0,0,33,5,38,0,0,16,3,19,0,0,49,8,57,38,2,40,97
02/23/2007,BTL,MI,AGL,CE,Federal Contract Tower,0,1,42,4,47,0,0,262,5,267,0,1,304,9,314,212,2,214,528
02/24/2007,BTL,MI,AGL,CE,Federal Contract Tower,0,0,27,1,28,0,0,80,0,80,0,0,107,1,108,204,0,204,312
02/25/2007,BTL,MI,AGL,CE,Federal Contract Tower,0,0,8,1,9,0,0,2,0,2,0,0,10,1,11,0,0,0,11
02/26/2007,BTL,MI,AGL,CE,Federal Contract Tower,0,9,15,0,24,0,0,0,0,0,0,9,15,0,24,0,0,0,24
02/27/2007,BTL,MI,AGL,CE,Federal Contract Tower,0,3,15,0,18,0,0,5,0,5,0,3,20,0,23,14,0,14,37
02/28/2007,BTL,MI,AGL,CE,Federal Contract Tower,0,1,58,3,62,0,0,113,8,121,0,1,171,11,183,154,0,154,337
03/01/2007,BTL,MI,AGL,CE,Federal Contract Tower,0,4,14,1,19,0,5,0,1,6,0,9,14,2,25,0,0,0,25
03/02/2007,BTL,MI,AGL,CE,Federal Contract Tower,0,2,21,2,25,0,0,1,0,1,0,2,22,2,26,0,0,0,26
03/03/2007,BTL,MI,AGL,CE,Federal Contract Tower,0,0,5,7,12,0,0,1,3,4,0,0,6,10,16,0,0,0,16
03/04/2007,BTL,MI,AGL,CE,Federal Contract Tower,0,0,18,3,21,0,0,59,0,59,0,0,77,3,80,58,4,62,142
03/05/2007,BTL,MI,AGL,CE,Federal Contract Tower,0,4,43,0,47,0,0,81,0,81,0,4,124,0,128,188,0,188,316
03/06/2007,BTL,MI,AGL,CE,Federal Contract Tower,0,2,53,6,61,0,0,118,0,118,0,2,171,6,179,186,2,188,367
03/07/2007,BTL,MI,AGL,CE,Federal Contract Tower,0,1,52,0,53,0,0,104,0,104,0,1,156,0,157,174,4,178,335
03/08/2007,BTL,MI,AGL,CE,Federal Contract Tower,0,2,63,0,65,0,0,154,0,154,0,2,217,0,219,252,0,252,471
03/09/2007,BTL,MI,AGL,CE,Federal Contract Tower,0,8,47,0,55,0,0,144,0,144,0,8,191,0,199,294,0,294,493
03/10/2007,BTL,MI,AGL,CE,Federal Contract Tower,0,0,13,1,14,0,0,89,0,89,0,0,102,1,103,134,0,134,237
03/11/2007,BTL,MI,AGL,CE,Federal Contract Tower,0,0,28,0,28,0,0,103,0,103,0,0,131,0,131,196,0,196,327
03/12/2007,BTL,MI,AGL,CE,Federal Contract Tower,0,3,43,2,48,0,2,139,0,141,0,5,182,2,189,278,0,278,467
03/13/2007,BTL,MI,AGL,CE,Federal Contract Tower,0,0,55,0,55,0,0,163,0,163,0,0,218,0,218,278,0,278,496
03/14/2007,BTL,MI,AGL,CE,Federal Contract Tower,0,4,82,0,86,0,0,19,0,19,0,4,101,0,105,134,0,134,239
03/15/2007,BTL,MI,AGL,CE,Federal Contract Tower,0,5,60,0,65,0,0,131,4,135,0,5,191,4,200,200,0,200,400
03/16/2007,BTL,MI,AGL,CE,Federal Contract Tower,0,0,55,8,63,0,0,184,10,194,0,0,239,18,257,250,0,250,507
03/17/2007,BTL,MI,AGL,CE,Federal Contract Tower,0,0,20,1,21,0,0,171,0,171,0,0,191,1,192,252,0,252,444
03/18/2007,BTL,MI,AGL,CE,Federal Contract Tower,0,0,11,1,12,0,0,103,0,103,0,0,114,1,115,154,0,154,269
03/19/2007,BTL,MI,AGL,CE,Federal Contract Tower,0,4,60,0,64,0,0,79,1,80,0,4,139,1,144,125,0,125,269
03/20/2007,BTL,MI,AGL,CE,Federal Contract Tower,0,5,55,0,60,0,0,232,0,232,0,5,287,0,292,284,4,288,580
03/21/2007,BTL,MI,AGL,CE,Federal Contract Tower,0,0,49,1,50,0,0,17,2,19,0,0,66,3,69,52,0,52,121
03/22/2007,BTL,MI,AGL,CE,Federal Contract Tower,0,2,51,4,57,0,0,87,1,88,0,2,138,5,145,212,0,212,357
03/23/2007,BTL,MI,AGL,CE,Federal Contract Tower,0,3,64,4,71,0,0,176,7,183,0,3,240,11,254,292,4,296,550
03/24/2007,BTL,MI,AGL,CE,Federal Contract Tower,0,0,44,0,44,0,0,27,0,27,0,0,71,0,71,84,0,84,155
03/25/2007,BTL,MI,AGL,CE,Federal Contract Tower,0,0,30,1,31,0,0,148,0,148,0,0,178,1,179,246,0,246,425
03/26/2007,BTL,MI,AGL,CE,Federal Contract Tower,0,5,52,0,57,0,0,99,0,99,0,5,151,0,156,146,0,146,302
03/27/2007,BTL,MI,AGL,CE,Federal Contract Tower,0,0,47,5,52,0,0,149,7,156,0,0,196,12,208,294,2,296,504
03/28/2007,BTL,MI,AGL,CE,Federal Contract Tower,0,3,72,8,83,0,0,68,4,72,0,3,140,12,155,200,0,200,355
03/29/2007,BTL,MI,AGL,CE,Federal Contract Tower,0,2,71,4,77,0,0,151,10,161,0,2,222,14,238,230,0,230,468
03/30/2007,BTL,MI,AGL,CE,Federal Contract Tower,0,1,47,2,50,0,0,157,15,172,0,1,204,17,222,246,6,252,474
03/31/2007,BTL,MI,AGL,CE,Federal Contract Tower,0,0,39,0,39,0,0,77,0,77,0,0,116,0,116,228,0,228,344
04/01/2007,BTL,MI,AGL,CE,Federal Contract Tower,0,1,13,0,14,0,0,59,10,69,0,1,72,10,83,114,0,114,197
04/02/2007,BTL,MI,AGL,CE,Federal Contract Tower,0,3,50,0,53,0,0,94,0,94,0,3,144,0,147,202,0,202,349
04/03/2007,BTL,MI,AGL,CE,Federal Contract Tower,0,4,47,5,56,0,0,104,4,108,0,4,151,9,164,218,4,222,386
04/04/2007,BTL,MI,AGL,CE,Federal Contract Tower,0,1,26,0,27,0,0,0,0,0,0,1,26,0,27,0,0,0,27
04/05/2007,BTL,MI,AGL,CE,Federal Contract Tower,0,0,11,3,14,0,0,4,0,4,0,0,15,3,18,6,0,6,24
04/06/2007,BTL,MI,AGL,CE,Federal Contract Tower,0,1,41,5,47,0,0,61,1,62,0,1,102,6,109,204,0,204,313
04/07/2007,BTL,MI,AGL,CE,Federal Contract Tower,0,0,7,0,7,0,0,0,0,0,0,0,7,0,7,0,0,0,7
04/08/2007,BTL,MI,AGL,CE,Federal Contract Tower,0,2,11,0,13,0,0,0,0,0,0,2,11,0,13,0,0,0,13
04/09/2007,BTL,MI,AGL,CE,Federal Contract Tower,0,4,52,0,56,0,1,112,0,113,0,5,164,0,169,220,0,220,389
04/10/2007,BTL,MI,AGL,CE,Federal Contract Tower,0,2,58,3,63,0,0,223,4,227,0,2,281,7,290,294,0,294,584
04/11/2007,BTL,MI,AGL,CE,Federal Contract Tower,0,0,15,0,15,0,0,1,0,1,0,0,16,0,16,6,0,6,22
04/12/2007,BTL,MI,AGL,CE,Federal Contract Tower,0,7,17,0,24,0,0,4,0,4,0,7,21,0,28,2,0,2,30
04/13/2007,BTL,MI,AGL,CE,Federal Contract Tower,0,6,70,4,80,0,0,206,5,211,0,6,276,9,291,238,2,240,531
04/14/2007,BTL,MI,AGL,CE,Federal Contract Tower,0,0,36,4,40,0,0,200,4,204,0,0,236,8,244,296,2,298,542
04/15/2007,BTL,MI,AGL,CE,Federal Contract Tower,0,0,21,2,23,0,0,149,6,155,0,0,170,8,178,190,0,190,368
04/16/2007,BTL,MI,AGL,CE,Federal Contract Tower,0,5,42,0,47,0,2,113,0,115,0,7,155,0,162,178,0,178,340
04/17/2007,BTL,MI,AGL,CE,Federal Contract Tower,0,1,72,6,79,0,1,197,4,202,0,2,269,10,281,284,0,284,565
04/18/2007,BTL,MI,AGL,CE,Federal Contract Tower,0,0,69,8,77,0,0,72,7,79,0,0,141,15,156,186,2,188,344
04/19/2007,BTL,MI,AGL,CE,Federal Contract Tower,0,2,53,2,57,0,0,191,13,204,0,2,244,15,261,232,4,236,497
04/20/2007,BTL,MI,AGL,CE,Federal Contract Tower,0,2,69,3,74,0,0,205,9,214,0,2,274,12,288,244,2,246,534
04/21/2007,BTL,MI,AGL,CE,Federal Contract Tower,0,2,17,0,19,0,0,155,0,155,0,2,172,0,174,214,0,214,388
04/22/2007,BTL,MI,AGL,CE,Federal Contract Tower,0,0,20,0,20,0,0,114,0,114,0,0,134,0,134,166,0,166,300
04/23/2007,BTL,MI,AGL,CE,Federal Contract Tower,0,0,23,0,23,0,0,29,4,33,0,0,52,4,56,54,0,54,110
04/24/2007,BTL,MI,AGL,CE,Federal Contract Tower,0,2,45,4,51,0,0,188,4,192,0,2,233,8,243,224,0,224,467
04/25/2007,BTL,MI,AGL,CE,Federal Contract Tower,0,0,41,7,48,0,0,9,4,13,0,0,50,11,61,46,2,48,109
04/26/2007,BTL,MI,AGL,CE,Federal Contract Tower,0,4,15,5,24,0,0,0,0,0,0,4,15,5,24,2,0,2,26
04/27/2007,BTL,MI,AGL,CE,Federal Contract Tower,0,4,40,1,45,0,0,1,0,1,0,4,41,1,46,8,0,8,54
04/28/2007,BTL,MI,AGL,CE,Federal Contract Tower,0,0,31,1,32,0,0,98,0,98,0,0,129,1,130,180,0,180,310
04/29/2007,BTL,MI,AGL,CE,Federal Contract Tower,0,0,28,2,30,0,0,108,1,109,0,0,136,3,139,176,0,176,315
04/30/2007,BTL,MI,AGL,CE,Federal Contract Tower,0,5,44,0,49,0,0,109,0,109,0,5,153,0,158,172,0,172,330
05/01/2007,BTL,MI,AGL,CE,Federal Contract Tower,0,7,66,9,82,0,0,146,12,158,0,7,212,21,240,218,2,220,460
05/02/2007,BTL,MI,AGL,CE,Federal Contract Tower,0,3,73,11,87,0,0,140,7,147,0,3,213,18,234,178,8,186,420
05/03/2007,BTL,MI,AGL,CE,Federal Contract Tower,0,2,66,8,76,0,0,153,16,169,0,2,219,24,245,172,8,180,425
05/04/2007,BTL,MI,AGL,CE,Federal Contract Tower,0,0,52,9,61,0,0,154,11,165,0,0,206,20,226,208,2,210,436
05/05/2007,BTL,MI,AGL,CE,Federal Contract Tower,0,0,24,3,27,0,0,84,10,94,0,0,108,13,121,108,2,110,231
05/06/2007,BTL,MI,AGL,CE,Federal Contract Tower,0,0,19,5,24,0,0,86,16,102,0,0,105,21,126,116,0,116,242
05/07/2007,BTL,MI,AGL,CE,Federal Contract Tower,0,4,53,0,57,0,0,114,0,114,0,4,167,0,171,174,0,174,345
05/08/2007,BTL,MI,AGL,CE,Federal Contract Tower,0,1,53,7,61,0,0,165,16,181,0,1,218,23,242,231,0,231,473
05/09/2007,BTL,MI,AGL,CE,Federal Contract Tower,0,2,47,17,66,0,0,43,7,50,0,2,90,24,116,142,4,146,262
05/10/2007,BTL,MI,AGL,CE,Federal Contract Tower,0,0,63,4,67,0,0,136,10,146,0,0,199,14,213,272,0,272,485
05/11/2007,BTL,MI,AGL,CE,Federal Contract Tower,0,6,50,6,62,0,0,108,9,117,0,6,158,15,179,212,4,216,395
05/12/2007,BTL,MI,AGL,CE,Federal Contract Tower,0,1,13,0,14,0,0,99,0,99,0,1,112,0,113,76,0,76,189
05/13/2007,BTL,MI,AGL,CE,Federal Contract Tower,0,1,18,1,20,0,0,81,0,81,0,1,99,1,101,72,0,72,173
05/14/2007,BTL,MI,AGL,CE,Federal Contract Tower,0,4,57,1,62,0,2,147,0,149,0,6,204,1,211,238,0,238,449
05/15/2007,BTL,MI,AGL,CE,Federal Contract Tower,0,4,65,11,80,0,0,98,16,114,0,4,163,27,194,182,4,186,380
05/16/2007,BTL,MI,AGL,CE,Federal Contract Tower,0,3,46,10,59,0,0,44,4,48,0,3,90,14,107,78,0,78,185
05/17/2007,BTL,MI,AGL,CE,Federal Contract Tower,0,1,70,5,76,0,0,90,8,98,0,1,160,13,174,250,12,262,436
05/18/2007,BTL,MI,AGL,CE,Federal Contract Tower,0,2,39,0,41,0,0,154,0,154,0,2,193,0,195,248,0,248,443
05/19/2007,BTL,MI,AGL,CE,Federal Contract Tower,0,0,31,0,31,0,0,82,0,82,0,0,113,0,113,142,0,142,255
05/20/2007,BTL,MI,AGL,CE,Federal Contract Tower,0,4,40,0,44,0,0,49,0,49,0,4,89,0,93,102,0,102,195
05/21/2007,BTL,MI,AGL,CE,Federal Contract Tower,0,2,68,1,71,0,0,82,1,83,0,2,150,2,154,214,0,214,368
05/22/2007,BTL,MI,AGL,CE,Federal Contract Tower,0,1,75,2,78,0,1,160,1,162,0,2,235,3,240,248,2,250,490
05/23/2007,BTL,MI,AGL,CE,Federal Contract Tower,0,1,49,0,50,0,0,183,0,183,0,1,232,0,233,304,0,304,537
05/24/2007,BTL,MI,AGL,CE,Federal Contract Tower,0,4,52,8,64,0,0,106,5,111,0,4,158,13,175,194,8,202,377
05/25/2007,BTL,MI,AGL,CE,Federal Contract Tower,0,0,55,0,55,0,0,82,0,82,0,0,137,0,137,168,0,168,305
05/26/2007,BTL,MI,AGL,CE,Federal Contract Tower,0,0,21,0,21,0,0,0,0,0,0,0,21,0,21,6,0,6,27
05/27/2007,BTL,MI,AGL,CE,Federal Contract Tower,0,0,5,1,6,0,0,4,6,10,0,0,9,7,16,2,0,2,18
05/28/2007,BTL,MI,AGL,CE,Federal Contract Tower,0,0,6,0,6,0,0,52,8,60,0,0,58,8,66,20,2,22,88
05/29/2007,BTL,MI,AGL,CE,Federal Contract Tower,0,0,70,2,72,0,0,140,16,156,0,0,210,18,228,224,4,228,456
05/30/2007,BTL,MI,AGL,CE,Federal Contract Tower,0,0,52,8,60,0,0,130,10,140,0,0,182,18,200,178,4,182,382
05/31/2007,BTL,MI,AGL,CE,Federal Contract Tower,0,0,77,1,78,0,0,90,5,95,0,0,167,6,173,206,6,212,385
06/01/2007,BTL,MI,AGL,CE,Federal Contract Tower,0,2,45,6,53,0,0,96,20,116,0,2,141,26,169,224,8,232,401
06/02/2007,BTL,MI,AGL,CE,Federal Contract Tower,0,1,25,3,29,0,0,80,22,102,0,1,105,25,131,128,16,144,275
06/03/2007,BTL,MI,AGL,CE,Federal Contract Tower,0,0,11,0,11,0,0,18,1,19,0,0,29,1,30,6,0,6,36
06/04/2007,BTL,MI,AGL,CE,Federal Contract Tower,0,4,56,1,61,0,1,59,0,60,0,5,115,1,121,148,0,148,269
06/06/2007,BTL,MI,AGL,CE,Federal Contract Tower,0,0,66,6,72,0,0,148,15,163,0,0,214,21,235,237,2,239,474
06/07/2007,BTL,MI,AGL,CE,Federal Contract Tower,0,10,36,5,51,0,0,54,15,69,0,10,90,20,120,52,0,52,172
06/08/2007,BTL,MI,AGL,CE,Federal Contract Tower,2,1,37,2,42,0,0,50,9,59,2,1,87,11,101,52,6,58,159
06/09/2007,BTL,MI,AGL,CE,Federal Contract Tower,0,1,16,0,17,0,0,114,0,114,0,1,130,0,131,204,0,204,335
06/10/2007,BTL,MI,AGL,CE,Federal Contract Tower,0,5,26,0,31,0,0,152,0,152,0,5,178,0,183,206,0,206,389
06/11/2007,BTL,MI,AGL,CE,Federal Contract Tower,0,2,38,0,40,0,0,151,0,151,0,2,189,0,191,238,0,238,429
06/12/2007,BTL,MI,AGL,CE,Federal Contract Tower,0,3,60,5,68,0,1,180,18,199,0,4,240,23,267,236,2,238,505
06/13/2007,BTL,MI,AGL,CE,Federal Contract Tower,0,2,50,9,61,0,0,151,16,167,0,2,201,25,228,251,2,253,481
06/14/2007,BTL,MI,AGL,CE,Federal Contract Tower,0,2,56,4,62,0,0,133,20,153,0,2,189,24,215,254,2,256,471
06/15/2007,BTL,MI,AGL,CE,Federal Contract Tower,0,0,55,0,55,0,0,97,10,107,0,0,152,10,162,190,0,190,352
06/16/2007,BTL,MI,AGL,CE,Federal Contract Tower,0,0,12,0,12,0,0,110,0,110,0,0,122,0,122,192,0,192,314
06/17/2007,BTL,MI,AGL,CE,Federal Contract Tower,0,0,21,0,21,0,0,126,0,126,0,0,147,0,147,164,0,164,311
06/18/2007,BTL,MI,AGL,CE,Federal Contract Tower,0,6,54,1,61,0,0,129,0,129,0,6,183,1,190,210,0,210,400
06/19/2007,BTL,MI,AGL,CE,Federal Contract Tower,0,2,76,9,87,0,0,100,9,109,0,2,176,18,196,140,0,140,336
06/20/2007,BTL,MI,AGL,CE,Federal Contract Tower,0,3,54,3,60,0,2,164,11,177,0,5,218,14,237,204,6,210,447
06/21/2007,BTL,MI,AGL,CE,Federal Contract Tower,0,0,74,5,79,0,0,155,15,170,0,0,229,20,249,238,2,240,489
06/22/2007,BTL,MI,AGL,CE,Federal Contract Tower,0,0,52,2,54,0,0,141,16,157,0,0,193,18,211,198,2,200,411
06/23/2007,BTL,MI,AGL,CE,Federal Contract Tower,0,1,25,0,26,0,0,89,0,89,0,1,114,0,115,144,0,144,259
06/24/2007,BTL,MI,AGL,CE,Federal Contract Tower,0,0,21,2,23,0,0,99,0,99,0,0,120,2,122,216,0,216,338
06/25/2007,BTL,MI,AGL,CE,Federal Contract Tower,0,5,51,0,56,0,0,117,0,117,0,5,168,0,173,224,0,224,397
06/26/2007,BTL,MI,AGL,CE,Federal Contract Tower,0,4,62,7,73,0,0,112,11,123,0,4,174,18,196,208,4,212,408
06/27/2007,BTL,MI,AGL,CE,Federal Contract Tower,0,5,32,9,46,0,0,64,15,79,0,5,96,24,125,160,0,160,285
06/28/2007,BTL,MI,AGL,CE,Federal Contract Tower,0,5,38,7,50,0,0,98,20,118,0,5,136,27,168,156,34,190,358
06/29/2007,BTL,MI,AGL,CE,Federal Contract Tower,0,1,30,1,32,0,0,152,13,165,0,1,182,14,197,92,6,98,295
06/30/2007,BTL,MI,AGL,CE,Federal Contract Tower,0,1,7,2,10,0,0,90,2,92,0,1,97,4,102,26,0,26,128
07/01/2007,BTL,MI,AGL,CE,Federal Contract Tower,0,0,6,4,10,0,0,71,8,79,0,0,77,12,89,14,0,14,103
07/02/2007,BTL,MI,AGL,CE,Federal Contract Tower,0,5,29,2,36,0,0,232,0,232,0,5,261,2,268,232,4,236,504
07/03/2007,BTL,MI,AGL,CE,Federal Contract Tower,0,2,37,7,46,0,0,178,14,192,0,2,215,21,238,162,0,162,400
07/04/2007,BTL,MI,AGL,CE,Federal Contract Tower,0,0,0,0,0,0,0,37,8,45,0,0,37,8,45,4,0,4,49
07/05/2007,BTL,MI,AGL,CE,Federal Contract Tower,0,3,39,9,51,0,0,99,13,112,0,3,138,22,163,212,4,216,379
07/06/2007,BTL,MI,AGL,CE,Federal Contract Tower,0,0,28,9,37,0,0,160,20,180,0,0,188,29,217,186,2,188,405
07/07/2007,BTL,MI,AGL,CE,Federal Contract Tower,0,0,22,1,23,0,0,87,0,87,0,0,109,1,110,112,0,112,222
07/08/2007,BTL,MI,AGL,CE,Federal Contract Tower,0,0,17,0,17,0,0,69,5,74,0,0,86,5,91,92,0,92,183
07/09/2007,BTL,MI,AGL,CE,Federal Contract Tower,0,3,45,0,48,0,1,142,0,143,0,4,187,0,191,208,0,208,399
07/10/2007,BTL,MI,AGL,CE,Federal Contract Tower,0,2,51,12,65,0,0,129,8,137,0,2,180,20,202,184,4,188,390
07/11/2007,BTL,MI,AGL,CE,Federal Contract Tower,0,1,61,12,74,0,0,129,19,148,0,1,190,31,222,204,4,208,430
07/12/2007,BTL,MI,AGL,CE,Federal Contract Tower,0,1,42,9,52,0,1,143,12,156,0,2,185,21,208,170,4,174,382
07/13/2007,BTL,MI,AGL,CE,Federal Contract Tower,0,1,22,3,26,0,0,134,13,147,0,1,156,16,173,155,0,155,328
07/14/2007,BTL,MI,AGL,CE,Federal Contract Tower,0,0,21,0,21,0,0,54,0,54,0,0,75,0,75,96,0,96,171
07/15/2007,BTL,MI,AGL,CE,Federal Contract Tower,0,1,22,2,25,0,0,101,0,101,0,1,123,2,126,190,0,190,316
07/16/2007,BTL,MI,AGL,CE,Federal Contract Tower,0,2,47,0,49,0,0,136,1,137,0,2,183,1,186,234,0,234,420
07/17/2007,BTL,MI,AGL,CE,Federal Contract Tower,0,2,55,7,64,0,0,83,3,86,0,2,138,10,150,174,6,180,330
07/18/2007,BTL,MI,AGL,CE,Federal Contract Tower,0,3,53,6,62,0,0,114,19,133,0,3,167,25,195,216,2,218,413
07/19/2007,BTL,MI,AGL,CE,Federal Contract Tower,0,4,62,3,69,0,0,47,5,52,0,4,109,8,121,150,10,160,281
07/20/2007,BTL,MI,AGL,CE,Federal Contract Tower,0,0,61,4,65,0,0,124,8,132,0,0,185,12,197,240,0,240,437
07/21/2007,BTL,MI,AGL,CE,Federal Contract Tower,0,0,16,6,22,0,0,84,2,86,0,0,100,8,108,94,0,94,202
07/22/2007,BTL,MI,AGL,CE,Federal Contract Tower,0,1,18,1,20,0,0,94,0,94,0,1,112,1,114,176,0,176,290
07/23/2007,BTL,MI,AGL,CE,Federal Contract Tower,0,4,40,4,48,0,1,138,4,143,0,5,178,8,191,290,2,292,483
07/24/2007,BTL,MI,AGL,CE,Federal Contract Tower,0,2,56,6,64,0,0,146,10,156,0,2,202,16,220,266,0,266,486
07/25/2007,BTL,MI,AGL,CE,Federal Contract Tower,0,2,47,4,53,0,0,106,6,112,0,2,153,10,165,194,2,196,361
07/26/2007,BTL,MI,AGL,CE,Federal Contract Tower,0,1,67,11,79,0,0,9,5,14,0,1,76,16,93,102,0,102,195
07/27/2007,BTL,MI,AGL,CE,Federal Contract Tower,0,0,41,9,50,0,0,53,13,66,0,0,94,22,116,116,0,116,232
07/28/2007,BTL,MI,AGL,CE,Federal Contract Tower,0,3,19,1,23,0,0,71,0,71,0,3,90,1,94,90,0,90,184
07/29/2007,BTL,MI,AGL,CE,Federal Contract Tower,0,0,20,1,21,0,0,100,0,100,0,0,120,1,121,144,0,144,265
07/30/2007,BTL,MI,AGL,CE,Federal Contract Tower,0,2,58,0,60,0,1,124,0,125,0,3,182,0,185,222,0,222,407
07/31/2007,BTL,MI,AGL,CE,Federal Contract Tower,0,3,60,1,64,0,0,129,7,136,0,3,189,8,200,358,0,358,558
08/01/2007,BTL,MI,AGL,CE,Federal Contract Tower,0,1,59,7,67,0,0,106,3,109,0,1,165,10,176,234,4,238,414
08/02/2007,BTL,MI,AGL,CE,Federal Contract Tower,0,3,44,2,49,0,0,108,10,118,0,3,152,12,167,226,0,226,393
08/03/2007,BTL,MI,AGL,CE,Federal Contract Tower,0,2,41,5,48,0,0,111,10,121,0,2,152,15,169,140,0,140,309
08/04/2007,BTL,MI,AGL,CE,Federal Contract Tower,0,2,17,4,23,0,0,74,13,87,0,2,91,17,110,100,4,104,214
08/05/2007,BTL,MI,AGL,CE,Federal Contract Tower,0,2,12,7,21,0,0,5,0,5,0,2,17,7,26,4,0,4,30
08/06/2007,BTL,MI,AGL,CE,Federal Contract Tower,0,0,71,0,71,0,0,60,0,60,0,0,131,0,131,164,2,166,297
08/07/2007,BTL,MI,AGL,CE,Federal Contract Tower,0,0,85,6,91,0,0,86,8,94,0,0,171,14,185,162,0,162,347
08/08/2007,BTL,MI,AGL,CE,Federal Contract Tower,0,7,72,7,86,0,0,90,9,99,0,7,162,16,185,234,0,234,419
08/09/2007,BTL,MI,AGL,CE,Federal Contract Tower,0,3,65,8,76,0,0,16,10,26,0,3,81,18,102,148,0,148,250
08/10/2007,BTL,MI,AGL,CE,Federal Contract Tower,0,1,42,2,45,0,0,87,13,100,0,1,129,15,145,218,0,218,363
08/11/2007,BTL,MI,AGL,CE,Federal Contract Tower,0,0,27,0,27,0,0,54,0,54,0,0,81,0,81,124,0,124,205
08/12/2007,BTL,MI,AGL,CE,Federal Contract Tower,0,3,18,1,22,0,1,86,4,91,0,4,104,5,113,78,0,78,191
08/13/2007,BTL,MI,AGL,CE,Federal Contract Tower,0,2,49,1,52,0,0,137,1,138,0,2,186,2,190,270,0,270,460
08/14/2007,BTL,MI,AGL,CE,Federal Contract Tower,0,0,68,2,70,0,0,94,2,96,0,0,162,4,166,276,4,280,446
08/15/2007,BTL,MI,AGL,CE,Federal Contract Tower,0,2,65,2,69,0,0,29,1,30,0,2,94,3,99,118,0,118,217
08/16/2007,BTL,MI,AGL,CE,Federal Contract Tower,0,1,76,0,77,0,0,105,1,106,0,1,181,1,183,218,0,218,401
08/17/2007,BTL,MI,AGL,CE,Federal Contract Tower,0,4,38,2,44,0,0,75,0,75,0,4,113,2,119,92,0,92,211
08/18/2007,BTL,MI,AGL,CE,Federal Contract Tower,0,0,18,2,20,0,0,54,2,56,0,0,72,4,76,60,2,62,138
08/19/2007,BTL,MI,AGL,CE,Federal Contract Tower,0,1,19,1,21,0,0,6,0,6,0,1,25,1,27,0,0,0,27
08/20/2007,BTL,MI,AGL,CE,Federal Contract Tower,0,12,31,4,47,0,0,1,1,2,0,12,32,5,49,2,0,2,51
08/21/2007,BTL,MI,AGL,CE,Federal Contract Tower,0,5,60,16,81,0,0,7,2,9,0,5,67,18,90,16,0,16,106
08/22/2007,BTL,MI,AGL,CE,Federal Contract Tower,0,2,70,7,79,0,0,106,5,111,0,2,176,12,190,172,2,174,364
08/23/2007,BTL,MI,AGL,CE,Federal Contract Tower,0,5,68,3,76,0,0,96,12,108,0,5,164,15,184,144,0,144,328
08/24/2007,BTL,MI,AGL,CE,Federal Contract Tower,1,4,31,5,41,0,0,47,11,58,1,4,78,16,99,112,0,112,211
08/25/2007,BTL,MI,AGL,CE,Federal Contract Tower,0,0,21,0,21,0,0,11,0,11,0,0,32,0,32,14,0,14,46
08/26/2007,BTL,MI,AGL,CE,Federal Contract Tower,0,1,23,0,24,0,0,109,0,109,0,1,132,0,133,140,0,140,273
08/27/2007,BTL,MI,AGL,CE,Federal Contract Tower,0,3,43,0,46,0,0,179,0,179,0,3,222,0,225,216,0,216,441
08/28/2007,BTL,MI,AGL,CE,Federal Contract Tower,0,3,60,3,66,0,0,150,2,152,0,3,210,5,218,174,0,174,392
08/29/2007,BTL,MI,AGL,CE,Federal Contract Tower,0,6,51,0,57,0,0,93,3,96,0,6,144,3,153,154,2,156,309
08/30/2007,BTL,MI,AGL,CE,Federal Contract Tower,0,3,63,2,68,0,0,77,4,81,0,3,140,6,149,156,0,156,305
08/31/2007,BTL,MI,AGL,CE,Federal Contract Tower,2,2,26,0,30,0,0,92,0,92,2,2,118,0,122,154,0,154,276
09/01/2007,BTL,MI,AGL,CE,Federal Contract Tower,0,0,7,0,7,0,0,32,0,32,0,0,39,0,39,28,0,28,67
09/02/2007,BTL,MI,AGL,CE,Federal Contract Tower,0,0,2,0,2,0,0,33,1,34,0,0,35,1,36,22,0,22,58
09/03/2007,BTL,MI,AGL,CE,Federal Contract Tower,0,1,3,1,5,0,1,25,0,26,0,2,28,1,31,12,0,12,43
09/04/2007,BTL,MI,AGL,CE,Federal Contract Tower,0,4,43,6,53,0,0,116,12,128,0,4,159,18,181,180,0,180,361
09/05/2007,BTL,MI,AGL,CE,Federal Contract Tower,1,3,48,7,59,0,0,101,21,122,1,3,149,28,181,206,0,206,387
09/06/2007,BTL,MI,AGL,CE,Federal Contract Tower,1,0,54,4,59,0,0,105,8,113,1,0,159,12,172,154,0,154,326
09/07/2007,BTL,MI,AGL,CE,Federal Contract Tower,1,3,28,11,43,0,0,12,5,17,1,3,40,16,60,8,2,10,70
09/08/2007,BTL,MI,AGL,CE,Federal Contract Tower,0,2,19,6,27,0,0,139,12,151,0,2,158,18,178,138,6,144,322
09/09/2007,BTL,MI,AGL,CE,Federal Contract Tower,0,1,23,4,28,0,0,95,14,109,0,1,118,18,137,142,4,146,283
09/10/2007,BTL,MI,AGL,CE,Federal Contract Tower,0,0,29,1,30,0,0,0,0,0,0,0,29,1,30,12,0,12,42
09/11/2007,BTL,MI,AGL,CE,Federal Contract Tower,0,4,63,4,71,0,0,97,2,99,0,4,160,6,170,178,0,178,348
09/12/2007,BTL,MI,AGL,CE,Federal Contract Tower,0,0,77,1,78,0,0,129,2,131,0,0,206,3,209,302,0,302,511
09/13/2007,BTL,MI,AGL,CE,Federal Contract Tower,0,0,56,1,57,0,0,148,1,149,0,0,204,2,206,242,0,242,448
09/14/2007,BTL,MI,AGL,CE,Federal Contract Tower,2,0,52,3,57,0,0,96,8,104,2,0,148,11,161,120,0,120,281
09/15/2007,BTL,MI,AGL,CE,Federal Contract Tower,2,0,12,0,14,0,0,167,2,169,2,0,179,2,183,178,0,178,361
09/16/2007,BTL,MI,AGL,CE,Federal Contract Tower,0,4,39,1,44,0,0,124,0,124,0,4,163,1,168,182,0,182,350
09/17/2007,BTL,MI,AGL,CE,Federal Contract Tower,0,2,52,9,63,0,1,133,13,147,0,3,185,22,210,204,2,206,416
09/18/2007,BTL,MI,AGL,CE,Federal Contract Tower,0,6,62,7,75,0,0,167,14,181,0,6,229,21,256,284,2,286,542
09/19/2007,BTL,MI,AGL,CE,Federal Contract Tower,0,3,51,8,62,0,0,140,14,154,0,3,191,22,216,268,2,270,486
09/20/2007,BTL,MI,AGL,CE,Federal Contract Tower,0,3,65,10,78,0,0,106,20,126,0,3,171,30,204,204,4,208,412
09/21/2007,BTL,MI,AGL,CE,Federal Contract Tower,2,6,50,0,58,0,0,124,11,135,2,6,174,11,193,202,0,202,395
09/22/2007,BTL,MI,AGL,CE,Federal Contract Tower,0,1,18,0,19,0,0,162,0,162,0,1,180,0,181,234,0,234,415
09/23/2007,BTL,MI,AGL,CE,Federal Contract Tower,0,1,23,0,24,0,0,107,10,117,0,1,130,10,141,166,0,166,307
09/24/2007,BTL,MI,AGL,CE,Federal Contract Tower,0,3,56,8,67,0,1,120,16,137,0,4,176,24,204,232,2,234,438
09/25/2007,BTL,MI,AGL,CE,Federal Contract Tower,0,3,47,9,59,0,0,86,4,90,0,3,133,13,149,208,2,210,359
09/26/2007,BTL,MI,AGL,CE,Federal Contract Tower,0,10,92,11,113,0,0,84,12,96,0,10,176,23,209,238,10,248,457
09/27/2007,BTL,MI,AGL,CE,Federal Contract Tower,0,2,65,5,72,0,0,155,19,174,0,2,220,24,246,320,10,330,576
09/28/2007,BTL,MI,AGL,CE,Federal Contract Tower,0,2,33,0,35,0,0,167,14,181,0,2,200,14,216,294,0,294,510
09/29/2007,BTL,MI,AGL,CE,Federal Contract Tower,2,0,25,0,27,0,0,144,0,144,2,0,169,0,171,330,0,330,501
09/30/2007,BTL,MI,AGL,CE,Federal Contract Tower,0,0,28,0,28,0,0,116,7,123,0,0,144,7,151,220,0,220,371
10/01/2007,BTL,MI,AGL,CE,Federal Contract Tower,2,0,39,8,49,0,2,30,9,41,2,2,69,17,90,84,0,84,174
10/02/2007,BTL,MI,AGL,CE,Federal Contract Tower,0,0,70,21,91,0,0,71,13,84,0,0,141,34,175,196,2,198,373
10/03/2007,BTL,MI,AGL,CE,Federal Contract Tower,0,0,71,9,80,0,0,147,29,176,0,0,218,38,256,374,10,384,640
10/04/2007,BTL,MI,AGL,CE,Federal Contract Tower,0,0,54,13,67,0,0,176,23,199,0,0,230,36,266,358,10,368,634
10/05/2007,BTL,MI,AGL,CE,Federal Contract Tower,2,3,64,0,69,0,0,128,4,132,2,3,192,4,201,340,8,348,549
10/06/2007,BTL,MI,AGL,CE,Federal Contract Tower,0,0,23,0,23,0,0,162,0,162,0,0,185,0,185,344,0,344,529
10/07/2007,BTL,MI,AGL,CE,Federal Contract Tower,0,0,19,0,19,0,4,121,0,125,0,4,140,0,144,196,0,196,340
10/08/2007,BTL,MI,AGL,CE,Federal Contract Tower,2,2,46,0,50,0,8,111,0,119,2,10,157,0,169,228,0,228,397
10/09/2007,BTL,MI,AGL,CE,Federal Contract Tower,0,1,39,9,49,0,2,136,17,155,0,3,175,26,204,308,4,312,516
10/10/2007,BTL,MI,AGL,CE,Federal Contract Tower,0,2,39,20,61,0,0,11,12,23,0,2,50,32,84,8,0,8,92
10/11/2007,BTL,MI,AGL,CE,Federal Contract Tower,0,2,67,14,83,0,0,38,23,61,0,2,105,37,144,172,6,178,322
10/12/2007,BTL,MI,AGL,CE,Federal Contract Tower,2,7,54,2,65,0,1,183,0,184,2,8,237,2,249,452,0,452,701
10/13/2007,BTL,MI,AGL,CE,Federal Contract Tower,0,0,27,7,34,0,0,160,20,180,0,0,187,27,214,314,4,318,532
10/14/2007,BTL,MI,AGL,CE,Federal Contract Tower,2,2,42,0,46,0,4,74,0,78,2,6,116,0,124,204,0,204,328
10/15/2007,BTL,MI,AGL,CE,Federal Contract Tower,0,1,60,11,72,0,1,183,12,196,0,2,243,23,268,348,0,348,616
10/16/2007,BTL,MI,AGL,CE,Federal Contract Tower,0,0,47,2,49,0,0,3,0,3,0,0,50,2,52,34,0,34,86
10/17/2007,BTL,MI,AGL,CE,Federal Contract Tower,0,2,48,9,59,0,5,211,21,237,0,7,259,30,296,456,8,464,760
10/18/2007,BTL,MI,AGL,CE,Federal Contract Tower,0,3,30,8,41,0,0,38,12,50,0,3,68,20,91,112,0,112,203
10/19/2007,BTL,MI,AGL,CE,Federal Contract Tower,0,2,73,1,76,0,0,24,0,24,0,2,97,1,100,129,6,135,235
10/20/2007,BTL,MI,AGL,CE,Federal Contract Tower,0,0,25,0,25,0,0,150,0,150,0,0,175,0,175,346,0,346,521
10/21/2007,BTL,MI,AGL,CE,Federal Contract Tower,0,0,15,1,16,0,0,46,0,46,0,0,61,1,62,52,0,52,114
10/22/2007,BTL,MI,AGL,CE,Federal Contract Tower,0,0,60,6,66,0,3,136,14,153,0,3,196,20,219,340,0,340,559
10/23/2007,BTL,MI,AGL,CE,Federal Contract Tower,0,2,50,7,59,0,0,130,20,150,0,2,180,27,209,290,6,296,505
10/24/2007,BTL,MI,AGL,CE,Federal Contract Tower,0,0,55,6,61,0,0,193,22,215,0,0,248,28,276,330,0,330,606
10/25/2007,BTL,MI,AGL,CE,Federal Contract Tower,0,5,56,7,68,0,0,163,13,176,0,5,219,20,244,348,8,356,600
10/26/2007,BTL,MI,AGL,CE,Federal Contract Tower,0,0,59,0,59,0,0,145,4,149,0,0,204,4,208,363,0,363,571
10/27/2007,BTL,MI,AGL,CE,Federal Contract Tower,0,0,15,0,15,0,0,7,2,9,0,0,22,2,24,6,0,6,30
10/28/2007,BTL,MI,AGL,CE,Federal Contract Tower,0,0,25,0,25,0,0,97,10,107,0,0,122,10,132,238,2,240,372
10/29/2007,BTL,MI,AGL,CE,Federal Contract Tower,0,3,35,0,38,2,4,134,0,140,2,7,169,0,178,318,0,318,496
10/30/2007,BTL,MI,AGL,CE,Federal Contract Tower,0,1,53,2,56,0,0,178,10,188,0,1,231,12,244,340,2,342,586
10/31/2007,BTL,MI,AGL,CE,Federal Contract Tower,0,2,57,4,63,0,0,92,3,95,0,2,149,7,158,210,0,210,368
11/01/2007,BTL,MI,AGL,CE,Federal Contract Tower,0,0,52,3,55,0,0,148,9,157,0,0,200,12,212,318,2,320,532
11/02/2007,BTL,MI,AGL,CE,Federal Contract Tower,0,3,61,2,66,0,2,160,0,162,0,5,221,2,228,272,0,272,500
11/03/2007,BTL,MI,AGL,CE,Federal Contract Tower,0,0,36,0,36,0,0,128,19,147,0,0,164,19,183,258,0,258,441
11/04/2007,BTL,MI,AGL,CE,Federal Contract Tower,0,0,25,1,26,0,2,92,0,94,0,2,117,1,120,216,0,216,336
11/05/2007,BTL,MI,AGL,CE,Federal Contract Tower,0,1,33,0,34,0,0,52,0,52,0,1,85,0,86,96,0,96,182
11/06/2007,BTL,MI,AGL,CE,Federal Contract Tower,2,0,22,0,24,0,0,0,0,0,2,0,22,0,24,0,0,0,24
11/07/2007,BTL,MI,AGL,CE,Federal Contract Tower,0,3,59,0,62,0,0,117,2,119,0,3,176,2,181,284,0,284,465
11/08/2007,BTL,MI,AGL,CE,Federal Contract Tower,0,1,57,1,59,0,0,116,6,122,0,1,173,7,181,258,12,270,451
11/09/2007,BTL,MI,AGL,CE,Federal Contract Tower,0,3,44,0,47,0,0,142,0,142,0,3,186,0,189,262,0,262,451
11/10/2007,BTL,MI,AGL,CE,Federal Contract Tower,0,0,22,0,22,0,0,68,0,68,0,0,90,0,90,172,0,172,262
11/11/2007,BTL,MI,AGL,CE,Federal Contract Tower,0,0,26,1,27,0,0,18,5,23,0,0,44,6,50,12,0,12,62
11/12/2007,BTL,MI,AGL,CE,Federal Contract Tower,0,4,37,0,41,0,0,5,0,5,0,4,42,0,46,2,0,2,48
11/13/2007,BTL,MI,AGL,CE,Federal Contract Tower,0,3,66,0,69,0,0,229,0,229,0,3,295,0,298,348,0,348,646
11/14/2007,BTL,MI,AGL,CE,Federal Contract Tower,0,5,51,5,61,0,0,129,7,136,0,5,180,12,197,184,12,196,393
11/15/2007,BTL,MI,AGL,CE,Federal Contract Tower,0,4,31,4,39,0,0,20,4,24,0,4,51,8,63,26,0,26,89
11/16/2007,BTL,MI,AGL,CE,Federal Contract Tower,0,1,42,0,43,0,0,154,1,155,0,1,196,1,198,222,4,226,424
11/17/2007,BTL,MI,AGL,CE,Federal Contract Tower,0,2,22,0,24,0,0,32,0,32,0,2,54,0,56,30,0,30,86
11/18/2007,BTL,MI,AGL,CE,Federal Contract Tower,0,0,22,1,23,0,2,121,0,123,0,2,143,1,146,148,0,148,294
11/19/2007,BTL,MI,AGL,CE,Federal Contract Tower,0,8,47,0,55,0,0,81,0,81,0,8,128,0,136,110,0,110,246
11/20/2007,BTL,MI,AGL,CE,Federal Contract Tower,0,3,28,2,33,0,0,3,0,3,0,3,31,2,36,6,0,6,42
11/21/2007,BTL,MI,AGL,CE,Federal Contract Tower,0,2,29,0,31,0,0,0,0,0,0,2,29,0,31,2,0,2,33
11/22/2007,BTL,MI,AGL,CE,Federal Contract Tower,0,0,3,0,3,0,0,0,0,0,0,0,3,0,3,0,0,0,3
11/23/2007,BTL,MI,AGL,CE,Federal Contract Tower,1,0,4,0,5,0,0,14,0,14,1,0,18,0,19,18,0,18,37
11/24/2007,BTL,MI,AGL,CE,Federal Contract Tower,1,0,10,0,11,0,0,20,0,20,1,0,30,0,31,14,0,14,45
11/25/2007,BTL,MI,AGL,CE,Federal Contract Tower,0,0,12,0,12,0,0,20,0,20,0,0,32,0,32,44,0,44,76
11/26/2007,BTL,MI,AGL,CE,Federal Contract Tower,0,3,29,0,32,0,0,3,0,3,0,3,32,0,35,0,0,0,35
11/27/2007,BTL,MI,AGL,CE,Federal Contract Tower,0,6,25,1,32,0,0,105,0,105,0,6,130,1,137,124,0,124,261
11/28/2007,BTL,MI,AGL,CE,Federal Contract Tower,0,0,34,4,38,0,0,143,0,143,0,0,177,4,181,268,0,268,449
11/29/2007,BTL,MI,AGL,CE,Federal Contract Tower,0,0,47,4,51,0,0,52,4,56,0,0,99,8,107,64,2,66,173
11/30/2007,BTL,MI,AGL,CE,Federal Contract Tower,0,0,51,1,52,0,0,103,3,106,0,0,154,4,158,182,0,182,340
12/01/2007,BTL,MI,AGL,CE,Federal Contract Tower,0,0,28,0,28,0,0,103,0,103,0,0,131,0,131,204,0,204,335
12/02/2007,BTL,MI,AGL,CE,Federal Contract Tower,0,0,5,0,5,0,0,0,0,0,0,0,5,0,5,0,0,0,5
12/03/2007,BTL,MI,AGL,CE,Federal Contract Tower,0,5,27,0,32,0,0,0,0,0,0,5,27,0,32,12,0,12,44
12/04/2007,BTL,MI,AGL,CE,Federal Contract Tower,0,3,66,1,70,0,0,136,1,137,0,3,202,2,207,216,2,218,425
12/05/2007,BTL,MI,AGL,CE,Federal Contract Tower,0,0,42,1,43,0,4,109,0,113,0,4,151,1,156,228,0,228,384
12/06/2007,BTL,MI,AGL,CE,Federal Contract Tower,0,0,68,0,68,0,0,140,4,144,0,0,208,4,212,196,0,196,408
12/07/2007,BTL,MI,AGL,CE,Federal Contract Tower,0,2,20,0,22,0,0,4,0,4,0,2,24,0,26,0,0,0,26
12/08/2007,BTL,MI,AGL,CE,Federal Contract Tower,0,0,40,0,40,0,0,119,0,119,0,0,159,0,159,170,0,170,329
12/09/2007,BTL,MI,AGL,CE,Federal Contract Tower,0,1,7,0,8,0,0,0,0,0,0,1,7,0,8,0,0,0,8
12/10/2007,BTL,MI,AGL,CE,Federal Contract Tower,0,11,48,0,59,0,0,83,0,83,0,11,131,0,142,222,0,222,364
12/11/2007,BTL,MI,AGL,CE,Federal Contract Tower,0,3,8,0,11,0,0,0,0,0,0,3,8,0,11,0,0,0,11
12/12/2007,BTL,MI,AGL,CE,Federal Contract Tower,0,6,65,3,74,0,0,125,11,136,0,6,190,14,210,182,0,182,392
12/13/2007,BTL,MI,AGL,CE,Federal Contract Tower,0,2,21,2,25,0,0,2,1,3,0,2,23,3,28,8,0,8,36
12/14/2007,BTL,MI,AGL,CE,Federal Contract Tower,0,0,42,2,44,0,0,52,5,57,0,0,94,7,101,134,4,138,239
12/15/2007,BTL,MI,AGL,CE,Federal Contract Tower,0,0,10,0,10,0,0,3,0,3,0,0,13,0,13,6,0,6,19
12/16/2007,BTL,MI,AGL,CE,Federal Contract Tower,0,0,2,0,2,0,0,0,0,0,0,0,2,0,2,0,0,0,2
12/17/2007,BTL,MI,AGL,CE,Federal Contract Tower,0,8,51,0,59,0,0,46,0,46,0,8,97,0,105,158,0,158,263
12/18/2007,BTL,MI,AGL,CE,Federal Contract Tower,0,2,54,1,57,0,0,106,0,106,0,2,160,1,163,170,0,170,333
12/19/2007,BTL,MI,AGL,CE,Federal Contract Tower,0,3,51,4,58,0,0,30,0,30,0,3,81,4,88,142,0,142,230
12/20/2007,BTL,MI,AGL,CE,Federal Contract Tower,0,2,42,2,46,0,0,82,0,82,0,2,124,2,128,140,0,140,268
12/21/2007,BTL,MI,AGL,CE,Federal Contract Tower,0,2,15,0,17,0,0,31,0,31,0,2,46,0,48,36,0,36,84
12/22/2007,BTL,MI,AGL,CE,Federal Contract Tower,0,0,11,0,11,0,0,0,0,0,0,0,11,0,11,2,0,2,13
12/23/2007,BTL,MI,AGL,CE,Federal Contract Tower,0,1,3,0,4,0,0,0,0,0,0,1,3,0,4,0,0,0,4
12/24/2007,BTL,MI,AGL,CE,Federal Contract Tower,0,2,3,0,5,0,1,2,0,3,0,3,5,0,8,12,0,12,20
12/25/2007,BTL,MI,AGL,CE,Federal Contract Tower,0,1,2,0,3,0,0,7,0,7,0,1,9,0,10,14,0,14,24
12/26/2007,BTL,MI,AGL,CE,Federal Contract Tower,0,0,11,0,11,0,0,40,0,40,0,0,51,0,51,66,0,66,117
12/27/2007,BTL,MI,AGL,CE,Federal Contract Tower,0,0,15,0,15,0,0,4,0,4,0,0,19,0,19,4,0,4,23
12/28/2007,BTL,MI,AGL,CE,Federal Contract Tower,0,0,3,0,3,0,0,0,0,0,0,0,3,0,3,0,0,0,3
12/29/2007,BTL,MI,AGL,CE,Federal Contract Tower,0,1,15,0,16,0,0,2,0,2,0,1,17,0,18,0,0,0,18
12/30/2007,BTL,MI,AGL,CE,Federal Contract Tower,0,0,6,0,6,0,2,29,0,31,0,2,35,0,37,8,0,8,45
12/31/2007,BTL,MI,AGL,CE,Federal Contract Tower,0,0,1,0,1,0,0,11,0,11,0,0,12,0,12,40,0,40,52
01/01/2008,BTL,MI,AGL,CE,Federal Contract Tower,0,1,1,0,2,0,0,0,0,0,0,1,1,0,2,0,0,0,2
01/02/2008,BTL,MI,AGL,CE,Federal Contract Tower,0,4,16,0,20,0,0,1,0,1,0,4,17,0,21,2,0,2,23
01/03/2008,BTL,MI,AGL,CE,Federal Contract Tower,0,2,27,3,32,0,0,39,1,40,0,2,66,4,72,106,0,106,178
01/04/2008,BTL,MI,AGL,CE,Federal Contract Tower,0,2,21,3,26,0,0,60,1,61,0,2,81,4,87,58,0,58,145
01/05/2008,BTL,MI,AGL,CE,Federal Contract Tower,0,0,10,0,10,0,0,0,0,0,0,0,10,0,10,2,0,2,12
01/06/2008,BTL,MI,AGL,CE,Federal Contract Tower,0,0,5,0,5,0,0,1,0,1,0,0,6,0,6,0,0,0,6
01/07/2008,BTL,MI,AGL,CE,Federal Contract Tower,0,1,35,0,36,0,0,6,0,6,0,1,41,0,42,22,0,22,64
01/08/2008,BTL,MI,AGL,CE,Federal Contract Tower,0,4,30,0,34,0,0,8,0,8,0,4,38,0,42,30,0,30,72
01/09/2008,BTL,MI,AGL,CE,Federal Contract Tower,0,2,64,2,68,0,0,114,4,118,0,2,178,6,186,222,12,234,420
01/10/2008,BTL,MI,AGL,CE,Federal Contract Tower,0,3,27,1,31,0,0,104,3,107,0,3,131,4,138,130,0,130,268
01/11/2008,BTL,MI,AGL,CE,Federal Contract Tower,0,0,13,3,16,0,0,4,0,4,0,0,17,3,20,4,0,4,24
01/12/2008,BTL,MI,AGL,CE,Federal Contract Tower,0,2,28,0,30,0,1,125,0,126,0,3,153,0,156,190,0,190,346
01/13/2008,BTL,MI,AGL,CE,Federal Contract Tower,0,2,8,0,10,0,0,2,0,2,0,2,10,0,12,0,0,0,12
01/14/2008,BTL,MI,AGL,CE,Federal Contract Tower,0,2,17,0,19,0,0,4,0,4,0,2,21,0,23,26,0,26,49
01/15/2008,BTL,MI,AGL,CE,Federal Contract Tower,0,2,50,0,52,0,0,25,0,25,0,2,75,0,77,72,0,72,149
01/16/2008,BTL,MI,AGL,CE,Federal Contract Tower,0,2,78,1,81,0,0,200,2,202,0,2,278,3,283,268,2,270,553
01/17/2008,BTL,MI,AGL,CE,Federal Contract Tower,0,5,27,12,44,0,0,20,0,20,0,5,47,12,64,10,0,10,74
01/18/2008,BTL,MI,AGL,CE,Federal Contract Tower,0,4,55,0,59,0,0,113,0,113,0,4,168,0,172,212,0,212,384
01/19/2008,BTL,MI,AGL,CE,Federal Contract Tower,0,2,9,0,11,0,0,0,0,0,0,2,9,0,11,4,0,4,15
01/20/2008,BTL,MI,AGL,CE,Federal Contract Tower,0,0,31,5,36,0,0,11,0,11,0,0,42,5,47,20,0,20,67
01/21/2008,BTL,MI,AGL,CE,Federal Contract Tower,0,4,8,0,12,0,0,11,0,11,0,4,19,0,23,24,0,24,47
01/22/2008,BTL,MI,AGL,CE,Federal Contract Tower,0,7,22,0,29,0,0,3,0,3,0,7,25,0,32,10,0,10,42
01/23/2008,BTL,MI,AGL,CE,Federal Contract Tower,0,0,37,2,39,0,0,11,0,11,0,0,48,2,50,4,0,4,54
01/24/2008,BTL,MI,AGL,CE,Federal Contract Tower,0,2,67,1,70,0,0,124,2,126,0,2,191,3,196,234,2,236,432
01/25/2008,BTL,MI,AGL,CE,Federal Contract Tower,0,0,53,2,55,0,0,139,3,142,0,0,192,5,197,254,2,256,453
01/26/2008,BTL,MI,AGL,CE,Federal Contract Tower,0,1,15,4,20,0,0,20,1,21,0,1,35,5,41,14,0,14,55
01/27/2008,BTL,MI,AGL,CE,Federal Contract Tower,0,0,38,0,38,0,0,60,0,60,0,0,98,0,98,130,0,130,228
01/28/2008,BTL,MI,AGL,CE,Federal Contract Tower,0,3,43,0,46,0,0,102,0,102,0,3,145,0,148,156,0,156,304
01/29/2008,BTL,MI,AGL,CE,Federal Contract Tower,0,7,20,1,28,0,0,24,1,25,0,7,44,2,53,50,0,50,103
01/30/2008,BTL,MI,AGL,CE,Federal Contract Tower,0,2,21,0,23,0,0,0,0,0,0,2,21,0,23,0,0,0,23
01/31/2008,BTL,MI,AGL,CE,Federal Contract Tower,0,4,63,6,73,0,0,38,0,38,0,4,101,6,111,98,0,98,209
02/01/2008,BTL,MI,AGL,CE,Federal Contract Tower,0,2,9,0,11,0,0,0,0,0,0,2,9,0,11,0,0,0,11
02/02/2008,BTL,MI,AGL,CE,Federal Contract Tower,0,2,9,0,11,0,0,3,0,3,0,2,12,0,14,10,0,10,24
02/03/2008,BTL,MI,AGL,CE,Federal Contract Tower,0,0,26,0,26,0,0,10,0,10,0,0,36,0,36,10,0,10,46
02/04/2008,BTL,MI,AGL,CE,Federal Contract Tower,0,4,8,0,12,0,0,1,0,1,0,4,9,0,13,0,0,0,13
02/05/2008,BTL,MI,AGL,CE,Federal Contract Tower,0,3,18,0,21,0,0,0,0,0,0,3,18,0,21,0,0,0,21
02/06/2008,BTL,MI,AGL,CE,Federal Contract Tower,0,0,5,0,5,0,0,0,0,0,0,0,5,0,5,0,0,0,5
02/07/2008,BTL,MI,AGL,CE,Federal Contract Tower,0,0,30,1,31,0,0,14,1,15,0,0,44,2,46,42,0,42,88
02/08/2008,BTL,MI,AGL,CE,Federal Contract Tower,0,2,19,0,21,0,2,2,0,4,0,4,21,0,25,2,0,2,27
02/09/2008,BTL,MI,AGL,CE,Federal Contract Tower,0,0,24,0,24,0,0,0,0,0,0,0,24,0,24,6,0,6,30
02/10/2008,BTL,MI,AGL,CE,Federal Contract Tower,0,0,8,0,8,0,0,0,0,0,0,0,8,0,8,0,0,0,8
02/11/2008,BTL,MI,AGL,CE,Federal Contract Tower,0,3,78,0,81,0,0,88,0,88,0,3,166,0,169,250,0,250,419
02/12/2008,BTL,MI,AGL,CE,Federal Contract Tower,0,6,12,0,18,0,0,0,0,0,0,6,12,0,18,2,0,2,20
02/13/2008,BTL,MI,AGL,CE,Federal Contract Tower,0,5,69,1,75,0,0,117,13,130,0,5,186,14,205,346,4,350,555
02/14/2008,BTL,MI,AGL,CE,Federal Contract Tower,0,2,51,2,55,0,0,150,12,162,0,2,201,14,217,314,4,318,535
02/15/2008,BTL,MI,AGL,CE,Federal Contract Tower,0,0,46,0,46,0,0,97,0,97,0,0,143,0,143,266,0,266,409
02/16/2008,BTL,MI,AGL,CE,Federal Contract Tower,0,1,36,0,37,0,9,183,0,192,0,10,219,0,229,314,0,314,543
02/17/2008,BTL,MI,AGL,CE,Federal Contract Tower,0,0,5,0,5,0,0,5,0,5,0,0,10,0,10,6,0,6,16
02/18/2008,BTL,MI,AGL,CE,Federal Contract Tower,0,1,13,0,14,0,0,15,0,15,0,1,28,0,29,36,0,36,65
02/19/2008,BTL,MI,AGL,CE,Federal Contract Tower,0,12,43,0,55,0,0,70,0,70,0,12,113,0,125,102,0,102,227
02/20/2008,BTL,MI,AGL,CE,Federal Contract Tower,0,1,65,6,72,0,0,168,6,174,0,1,233,12,246,276,12,288,534
02/21/2008,BTL,MI,AGL,CE,Federal Contract Tower,0,2,80,7,89,0,0,156,11,167,0,2,236,18,256,338,2,340,596
02/22/2008,BTL,MI,AGL,CE,Federal Contract Tower,0,0,67,6,73,0,0,163,14,177,0,0,230,20,250,262,6,268,518
02/23/2008,BTL,MI,AGL,CE,Federal Contract Tower,0,1,34,0,35,0,0,155,0,155,0,1,189,0,190,240,0,240,430
02/24/2008,BTL,MI,AGL,CE,Federal Contract Tower,0,2,42,0,44,0,0,114,0,114,0,2,156,0,158,207,0,207,365
02/25/2008,BTL,MI,AGL,CE,Federal Contract Tower,0,2,13,0,15,0,2,6,0,8,0,4,19,0,23,2,0,2,25
02/26/2008,BTL,MI,AGL,CE,Federal Contract Tower,0,3,13,0,16,0,0,0,0,0,0,3,13,0,16,0,0,0,16
02/27/2008,BTL,MI,AGL,CE,Federal Contract Tower,0,4,53,0,57,0,0,75,0,75,0,4,128,0,132,298,2,300,432
02/28/2008,BTL,MI,AGL,CE,Federal Contract Tower,0,3,81,5,89,0,0,116,7,123,0,3,197,12,212,338,8,346,558
02/29/2008,BTL,MI,AGL,CE,Federal Contract Tower,0,0,10,0,10,0,0,0,0,0,0,0,10,0,10,2,0,2,12
03/01/2008,BTL,MI,AGL,CE,Federal Contract Tower,0,0,20,6,26,0,0,122,12,134,0,0,142,18,160,186,6,192,352
03/02/2008,BTL,MI,AGL,CE,Federal Contract Tower,0,0,20,5,25,0,0,36,7,43,0,0,56,12,68,72,4,76,144
03/03/2008,BTL,MI,AGL,CE,Federal Contract Tower,0,1,16,2,19,0,0,1,0,1,0,1,17,2,20,0,0,0,20
03/04/2008,BTL,MI,AGL,CE,Federal Contract Tower,0,3,49,3,55,0,0,113,9,122,0,3,162,12,177,184,0,184,361
03/05/2008,BTL,MI,AGL,CE,Federal Contract Tower,0,1,50,4,55,0,0,111,18,129,0,1,161,22,184,246,8,254,438
03/06/2008,BTL,MI,AGL,CE,Federal Contract Tower,0,0,32,4,36,0,0,35,5,40,0,0,67,9,76,88,2,90,166
03/07/2008,BTL,MI,AGL,CE,Federal Contract Tower,2,2,30,6,40,0,0,72,13,85,2,2,102,19,125,176,14,190,315
03/08/2008,BTL,MI,AGL,CE,Federal Contract Tower,2,1,20,3,26,0,0,55,2,57,2,1,75,5,83,198,0,198,281
03/09/2008,BTL,MI,AGL,CE,Federal Contract Tower,0,1,25,0,26,0,0,91,0,91,0,1,116,0,117,244,0,244,361
03/10/2008,BTL,MI,AGL,CE,Federal Contract Tower,0,6,48,1,55,0,0,102,1,103,0,6,150,2,158,198,0,198,356
03/11/2008,BTL,MI,AGL,CE,Federal Contract Tower,0,2,48,5,55,0,0,123,10,133,0,2,171,15,188,252,0,252,440
03/12/2008,BTL,MI,AGL,CE,Federal Contract Tower,0,5,65,3,73,0,0,159,11,170,0,5,224,14,243,320,8,328,571
03/13/2008,BTL,MI,AGL,CE,Federal Contract Tower,0,4,40,11,55,0,0,45,9,54,0,4,85,20,109,112,8,120,229
03/14/2008,BTL,MI,AGL,CE,Federal Contract Tower,0,0,42,5,47,0,0,188,7,195,0,0,230,12,242,360,4,364,606
03/15/2008,BTL,MI,AGL,CE,Federal Contract Tower,0,0,21,0,21,0,0,154,0,154,0,0,175,0,175,286,0,286,461
03/16/2008,BTL,MI,AGL,CE,Federal Contract Tower,0,1,27,0,28,0,0,114,0,114,0,1,141,0,142,212,0,212,354
03/17/2008,BTL,MI,AGL,CE,Federal Contract Tower,0,4,32,0,36,0,0,94,2,96,0,4,126,2,132,182,0,182,314
03/18/2008,BTL,MI,AGL,CE,Federal Contract Tower,0,1,10,0,11,0,0,0,0,0,0,1,10,0,11,0,0,0,11
03/19/2008,BTL,MI,AGL,CE,Federal Contract Tower,0,2,39,0,41,0,0,50,10,60,0,2,89,10,101,122,2,124,225
03/20/2008,BTL,MI,AGL,CE,Federal Contract Tower,0,0,52,5,57,0,0,195,10,205,0,0,247,15,262,386,4,390,652
03/21/2008,BTL,MI,AGL,CE,Federal Contract Tower,0,0,16,5,21,0,0,18,1,19,0,0,34,6,40,56,0,56,96
03/22/2008,BTL,MI,AGL,CE,Federal Contract Tower,0,1,23,1,25,0,0,63,0,63,0,1,86,1,88,74,0,74,162
03/23/2008,BTL,MI,AGL,CE,Federal Contract Tower,0,1,10,0,11,0,0,14,0,14,0,1,24,0,25,34,0,34,59
03/24/2008,BTL,MI,AGL,CE,Federal Contract Tower,0,5,63,0,68,0,0,163,0,163,0,5,226,0,231,260,0,260,491
03/25/2008,BTL,MI,AGL,CE,Federal Contract Tower,0,1,17,1,19,0,0,30,16,46,0,1,47,17,65,46,4,50,115
03/26/2008,BTL,MI,AGL,CE,Federal Contract Tower,0,2,62,4,68,0,0,189,8,197,0,2,251,12,265,330,6,336,601
03/27/2008,BTL,MI,AGL,CE,Federal Contract Tower,0,1,12,0,13,0,0,0,0,0,0,1,12,0,13,12,0,12,25
03/28/2008,BTL,MI,AGL,CE,Federal Contract Tower,0,2,50,5,57,0,0,170,9,179,0,2,220,14,236,334,8,342,578
03/29/2008,BTL,MI,AGL,CE,Federal Contract Tower,0,2,28,0,30,0,0,189,0,189,0,2,217,0,219,274,0,274,493
03/30/2008,BTL,MI,AGL,CE,Federal Contract Tower,0,2,25,0,27,0,0,41,5,46,0,2,66,5,73,124,0,124,197
03/31/2008,BTL,MI,AGL,CE,Federal Contract Tower,0,2,14,0,16,0,0,0,0,0,0,2,14,0,16,0,0,0,16
04/01/2008,BTL,MI,AGL,CE,Federal Contract Tower,0,5,28,9,42,0,0,0,5,5,0,5,28,14,47,4,2,6,53
04/02/2008,BTL,MI,AGL,CE,Federal Contract Tower,0,2,55,6,63,0,0,216,20,236,0,2,271,26,299,380,0,380,679
04/03/2008,BTL,MI,AGL,CE,Federal Contract Tower,0,0,55,13,68,0,0,142,12,154,0,0,197,25,222,318,16,334,556
04/04/2008,BTL,MI,AGL,CE,Federal Contract Tower,0,3,23,6,32,0,0,15,4,19,0,3,38,10,51,52,0,52,103
04/05/2008,BTL,MI,AGL,CE,Federal Contract Tower,0,1,20,1,22,0,1,212,1,214,0,2,232,2,236,276,6,282,518
04/06/2008,BTL,MI,AGL,CE,Federal Contract Tower,0,0,28,1,29,0,0,193,0,193,0,0,221,1,222,274,0,274,496
04/07/2008,BTL,MI,AGL,CE,Federal Contract Tower,0,1,41,1,43,0,0,100,0,100,0,1,141,1,143,112,0,112,255
04/08/2008,BTL,MI,AGL,CE,Federal Contract Tower,0,4,53,5,62,0,0,144,11,155,0,4,197,16,217,382,2,384,601
04/09/2008,BTL,MI,AGL,CE,Federal Contract Tower,0,3,63,10,76,0,0,34,6,40,0,3,97,16,116,152,2,154,270
04/10/2008,BTL,MI,AGL,CE,Federal Contract Tower,0,1,47,4,52,0,0,29,12,41,0,1,76,16,93,104,0,104,197
04/11/2008,BTL,MI,AGL,CE,Federal Contract Tower,0,1,21,6,28,0,0,38,6,44,0,1,59,12,72,104,2,106,178
04/12/2008,BTL,MI,AGL,CE,Federal Contract Tower,0,0,1,0,1,0,0,0,0,0,0,0,1,0,1,0,0,0,1
04/13/2008,BTL,MI,AGL,CE,Federal Contract Tower,0,0,29,0,29,0,0,82,2,84,0,0,111,2,113,126,0,126,239
04/14/2008,BTL,MI,AGL,CE,Federal Contract Tower,0,1,55,0,56,0,0,208,3,211,0,1,263,3,267,286,0,286,553
04/15/2008,BTL,MI,AGL,CE,Federal Contract Tower,0,4,48,10,62,0,0,170,18,188,0,4,218,28,250,346,10,356,606
04/16/2008,BTL,MI,AGL,CE,Federal Contract Tower,0,1,39,2,42,0,0,83,8,91,0,1,122,10,133,130,0,130,263
04/17/2008,BTL,MI,AGL,CE,Federal Contract Tower,0,1,37,8,46,0,0,141,22,163,0,1,178,30,209,324,30,354,563
04/18/2008,BTL,MI,AGL,CE,Federal Contract Tower,0,1,56,5,62,0,0,132,18,150,0,1,188,23,212,232,52,284,496
04/19/2008,BTL,MI,AGL,CE,Federal Contract Tower,0,1,22,6,29,0,0,105,18,123,0,1,127,24,152,180,6,186,338
04/20/2008,BTL,MI,AGL,CE,Federal Contract Tower,0,3,24,2,29,0,0,105,23,128,0,3,129,25,157,242,4,246,403
04/21/2008,BTL,MI,AGL,CE,Federal Contract Tower,0,0,56,0,56,0,0,89,2,91,0,0,145,2,147,232,0,232,379
04/22/2008,BTL,MI,AGL,CE,Federal Contract Tower,0,0,36,5,41,0,0,115,22,137,0,0,151,27,178,244,24,268,446
04/23/2008,BTL,MI,AGL,CE,Federal Contract Tower,0,2,48,8,58,0,0,126,18,144,0,2,174,26,202,208,8,216,418
04/24/2008,BTL,MI,AGL,CE,Federal Contract Tower,0,5,45,7,57,0,0,128,22,150,0,5,173,29,207,214,2,216,423
04/25/2008,BTL,MI,AGL,CE,Federal Contract Tower,0,3,33,0,36,0,0,58,8,66,0,3,91,8,102,122,0,122,224
04/26/2008,BTL,MI,AGL,CE,Federal Contract Tower,0,2,6,0,8,0,0,19,0,19,0,2,25,0,27,12,0,12,39
04/27/2008,BTL,MI,AGL,CE,Federal Contract Tower,0,1,32,0,33,0,0,89,0,89,0,1,121,0,122,150,0,150,272
04/28/2008,BTL,MI,AGL,CE,Federal Contract Tower,0,0,31,1,32,0,0,92,2,94,0,0,123,3,126,166,2,168,294
04/29/2008,BTL,MI,AGL,CE,Federal Contract Tower,0,2,58,5,65,0,0,142,15,157,0,2,200,20,222,232,2,234,456
04/30/2008,BTL,MI,AGL,CE,Federal Contract Tower,0,3,67,7,77,0,0,154,11,165,0,3,221,18,242,234,18,252,494
05/01/2008,BTL,MI,AGL,CE,Federal Contract Tower,0,5,53,3,61,0,0,90,19,109,0,5,143,22,170,234,4,238,408
05/02/2008,BTL,MI,AGL,CE,Federal Contract Tower,0,4,19,3,26,0,0,18,3,21,0,4,37,6,47,54,6,60,107
05/03/2008,BTL,MI,AGL,CE,Federal Contract Tower,0,0,13,7,20,0,0,79,23,102,0,0,92,30,122,98,8,106,228
05/04/2008,BTL,MI,AGL,CE,Federal Contract Tower,0,0,17,2,19,0,0,143,10,153,0,0,160,12,172,198,0,198,370
05/05/2008,BTL,MI,AGL,CE,Federal Contract Tower,0,0,50,2,52,0,0,106,1,107,0,0,156,3,159,176,0,176,335
05/06/2008,BTL,MI,AGL,CE,Federal Contract Tower,0,0,60,0,60,0,0,141,2,143,0,0,201,2,203,252,0,252,455
05/07/2008,BTL,MI,AGL,CE,Federal Contract Tower,0,1,29,7,37,0,0,30,8,38,0,1,59,15,75,48,2,50,125
05/08/2008,BTL,MI,AGL,CE,Federal Contract Tower,0,1,18,2,21,0,0,65,2,67,0,1,83,4,88,212,6,218,306
05/09/2008,BTL,MI,AGL,CE,Federal Contract Tower,0,4,38,7,49,0,0,121,8,129,0,4,159,15,178,222,8,230,408
05/10/2008,BTL,MI,AGL,CE,Federal Contract Tower,0,1,17,0,18,0,0,132,0,132,0,1,149,0,150,166,0,166,316
05/11/2008,BTL,MI,AGL,CE,Federal Contract Tower,0,1,10,0,11,0,0,7,0,7,0,1,17,0,18,20,0,20,38
05/12/2008,BTL,MI,AGL,CE,Federal Contract Tower,0,0,68,0,68,0,0,107,0,107,0,0,175,0,175,184,0,184,359
05/13/2008,BTL,MI,AGL,CE,Federal Contract Tower,0,2,36,16,54,0,0,178,28,206,0,2,214,44,260,234,0,234,494
05/14/2008,BTL,MI,AGL,CE,Federal Contract Tower,0,0,39,3,42,0,0,0,0,0,0,0,39,3,42,14,0,14,56
05/15/2008,BTL,MI,AGL,CE,Federal Contract Tower,0,4,48,4,56,0,0,219,10,229,0,4,267,14,285,326,4,330,615
05/16/2008,BTL,MI,AGL,CE,Federal Contract Tower,0,4,37,3,44,0,0,150,0,150,0,4,187,3,194,180,12,192,386
05/17/2008,BTL,MI,AGL,CE,Federal Contract Tower,0,3,12,3,18,0,0,54,0,54,0,3,66,3,72,62,0,62,134
05/18/2008,BTL,MI,AGL,CE,Federal Contract Tower,0,2,14,3,19,0,0,79,0,79,0,2,93,3,98,142,4,146,244
05/19/2008,BTL,MI,AGL,CE,Federal Contract Tower,0,0,39,2,41,0,0,171,2,173,0,0,210,4,214,306,2,308,522
05/20/2008,BTL,MI,AGL,CE,Federal Contract Tower,0,2,38,1,41,0,0,171,9,180,0,2,209,10,221,316,4,320,541
05/21/2008,BTL,MI,AGL,CE,Federal Contract Tower,0,1,53,11,65,0,1,130,15,146,0,2,183,26,211,192,10,202,413
05/22/2008,BTL,MI,AGL,CE,Federal Contract Tower,0,2,63,6,71,0,0,160,7,167,0,2,223,13,238,356,0,356,594
05/23/2008,BTL,MI,AGL,CE,Federal Contract Tower,0,5,36,1,42,0,1,167,0,168,0,6,203,1,210,224,0,224,434
05/24/2008,BTL,MI,AGL,CE,Federal Contract Tower,0,0,16,0,16,0,0,127,0,127,0,0,143,0,143,178,0,178,321
05/25/2008,BTL,MI,AGL,CE,Federal Contract Tower,0,0,18,0,18,0,0,98,8,106,0,0,116,8,124,182,4,186,310
05/26/2008,BTL,MI,AGL,CE,Federal Contract Tower,0,0,4,0,4,0,0,5,8,13,0,0,9,8,17,4,0,4,21
05/27/2008,BTL,MI,AGL,CE,Federal Contract Tower,0,1,40,1,42,0,4,106,3,113,0,5,146,4,155,190,0,190,345
05/28/2008,BTL,MI,AGL,CE,Federal Contract Tower,0,0,30,3,33,0,0,200,5,205,0,0,230,8,238,276,4,280,518
05/29/2008,BTL,MI,AGL,CE,Federal Contract Tower,0,1,57,4,62,0,0,152,6,158,0,1,209,10,220,224,4,228,448
05/30/2008,BTL,MI,AGL,CE,Federal Contract Tower,0,0,15,1,16,0,0,80,6,86,0,0,95,7,102,184,2,186,288
05/31/2008,BTL,MI,AGL,CE,Federal Contract Tower,0,0,22,0,22,0,0,32,0,32,0,0,54,0,54,100,0,100,154
06/01/2008,BTL,MI,AGL,CE,Federal Contract Tower,0,0,6,2,8,0,0,111,0,111,0,0,117,2,119,224,0,224,343
06/02/2008,BTL,MI,AGL,CE,Federal Contract Tower,0,3,45,1,49,0,0,165,0,165,0,3,210,1,214,304,0,304,518
06/03/2008,BTL,MI,AGL,CE,Federal Contract Tower,0,1,42,9,52,0,0,22,3,25,0,1,64,12,77,2,0,2,79
06/04/2008,BTL,MI,AGL,CE,Federal Contract Tower,0,2,2,0,4,0,0,26,0,26,0,2,28,0,30,22,0,22,52
06/05/2008,BTL,MI,AGL,CE,Federal Contract Tower,0,1,76,6,83,0,0,102,21,123,0,1,178,27,206,272,10,282,488
06/06/2008,BTL,MI,AGL,CE,Federal Contract Tower,0,2,17,2,21,0,0,63,8,71,0,2,80,10,92,144,2,146,238
06/07/2008,BTL,MI,AGL,CE,Federal Contract Tower,0,0,38,0,38,0,0,62,6,68,0,0,100,6,106,248,12,260,366
06/08/2008,BTL,MI,AGL,CE,Federal Contract Tower,0,1,18,2,21,0,0,65,2,67,0,1,83,4,88,212,6,218,306
06/09/2008,BTL,MI,AGL,CE,Federal Contract Tower,0,0,50,0,50,0,0,120,0,120,0,0,170,0,170,268,0,268,438
06/10/2008,BTL,MI,AGL,CE,Federal Contract Tower,0,4,46,6,56,0,1,168,19,188,0,5,214,25,244,282,40,322,566
06/11/2008,BTL,MI,AGL,CE,Federal Contract Tower,0,1,55,2,58,0,0,176,2,178,0,1,231,4,236,428,2,430,666
06/12/2008,BTL,MI,AGL,CE,Federal Contract Tower,0,1,63,11,75,0,0,127,11,138,0,1,190,22,213,296,22,318,531
06/13/2008,BTL,MI,AGL,CE,Federal Contract Tower,0,0,32,5,37,0,0,61,7,68,0,0,93,12,105,196,0,196,301
06/14/2008,BTL,MI,AGL,CE,Federal Contract Tower,0,0,24,1,25,0,0,103,0,103,0,0,127,1,128,200,0,200,328
06/15/2008,BTL,MI,AGL,CE,Federal Contract Tower,0,1,20,0,21,0,0,70,0,70,0,1,90,0,91,114,0,114,205
06/16/2008,BTL,MI,AGL,CE,Federal Contract Tower,0,0,38,0,38,0,0,126,4,130,0,0,164,4,168,301,0,301,469
06/17/2008,BTL,MI,AGL,CE,Federal Contract Tower,0,0,51,3,54,0,0,132,16,148,0,0,183,19,202,350,16,366,568
06/18/2008,BTL,MI,AGL,CE,Federal Contract Tower,0,0,50,8,58,0,0,134,15,149,0,0,184,23,207,322,10,332,539
06/19/2008,BTL,MI,AGL,CE,Federal Contract Tower,0,0,36,7,43,0,0,164,19,183,0,0,200,26,226,322,2,324,550
06/20/2008,BTL,MI,AGL,CE,Federal Contract Tower,0,1,36,5,42,0,0,150,11,161,0,1,186,16,203,270,10,280,483
06/21/2008,BTL,MI,AGL,CE,Federal Contract Tower,0,0,22,0,22,0,0,85,0,85,0,0,107,0,107,152,0,152,259
06/22/2008,BTL,MI,AGL,CE,Federal Contract Tower,0,0,29,0,29,0,0,95,0,95,0,0,124,0,124,202,0,202,326
06/23/2008,BTL,MI,AGL,CE,Federal Contract Tower,0,1,49,1,51,0,0,114,1,115,0,1,163,2,166,272,0,272,438
06/24/2008,BTL,MI,AGL,CE,Federal Contract Tower,0,1,49,4,54,0,0,145,11,156,0,1,194,15,210,238,0,238,448
06/25/2008,BTL,MI,AGL,CE,Federal Contract Tower,0,2,44,3,49,0,0,73,12,85,0,2,117,15,134,214,4,218,352
06/26/2008,BTL,MI,AGL,CE,Federal Contract Tower,0,0,49,6,55,0,0,108,8,116,0,0,157,14,171,270,2,272,443
06/27/2008,BTL,MI,AGL,CE,Federal Contract Tower,0,3,41,4,48,0,0,84,12,96,0,3,125,16,144,176,8,184,328
06/28/2008,BTL,MI,AGL,CE,Federal Contract Tower,0,1,25,0,26,0,0,37,0,37,0,1,62,0,63,96,0,96,159
06/29/2008,BTL,MI,AGL,CE,Federal Contract Tower,0,3,24,0,27,0,0,48,0,48,0,3,72,0,75,88,0,88,163
06/30/2008,BTL,MI,AGL,CE,Federal Contract Tower,0,0,38,1,39,0,0,103,0,103,0,0,141,1,142,146,0,146,288
07/01/2008,BTL,MI,AGL,CE,Federal Contract Tower,0,0,48,4,52,0,0,187,9,196,0,0,235,13,248,326,10,336,584
07/02/2008,BTL,MI,AGL,CE,Federal Contract Tower,0,2,48,9,59,0,0,92,13,105,0,2,140,22,164,183,46,229,393
07/03/2008,BTL,MI,AGL,CE,Federal Contract Tower,0,3,27,6,36,0,0,48,9,57,0,3,75,15,93,206,10,216,309
07/04/2008,BTL,MI,AGL,CE,Federal Contract Tower,0,0,7,2,9,0,0,114,2,116,0,0,121,4,125,142,12,154,279
07/05/2008,BTL,MI,AGL,CE,Federal Contract Tower,0,1,3,0,4,0,2,101,4,107,0,3,104,4,111,170,2,172,283
07/06/2008,BTL,MI,AGL,CE,Federal Contract Tower,0,0,5,1,6,0,0,83,4,87,0,0,88,5,93,103,0,103,196
07/07/2008,BTL,MI,AGL,CE,Federal Contract Tower,0,3,38,0,41,0,0,65,4,69,0,3,103,4,110,198,0,198,308
07/08/2008,BTL,MI,AGL,CE,Federal Contract Tower,0,1,52,4,57,0,1,90,11,102,0,2,142,15,159,279,0,279,438
07/09/2008,BTL,MI,AGL,CE,Federal Contract Tower,0,2,56,8,66,0,0,187,16,203,0,2,243,24,269,286,12,298,567
07/10/2008,BTL,MI,AGL,CE,Federal Contract Tower,0,0,49,5,54,0,1,116,14,131,0,1,165,19,185,328,10,338,523
07/11/2008,BTL,MI,AGL,CE,Federal Contract Tower,0,3,46,3,52,0,0,128,5,133,0,3,174,8,185,200,8,208,393
07/12/2008,BTL,MI,AGL,CE,Federal Contract Tower,0,0,19,0,19,0,0,28,0,28,0,0,47,0,47,58,0,58,105
07/13/2008,BTL,MI,AGL,CE,Federal Contract Tower,0,3,32,0,35,0,0,59,0,59,0,3,91,0,94,118,0,118,212
07/14/2008,BTL,MI,AGL,CE,Federal Contract Tower,0,3,63,1,67,0,1,139,0,140,0,4,202,1,207,228,0,228,435
07/15/2008,BTL,MI,AGL,CE,Federal Contract Tower,0,4,48,2,54,0,7,141,8,156,0,11,189,10,210,265,8,273,483
07/16/2008,BTL,MI,AGL,CE,Federal Contract Tower,0,0,59,4,63,0,0,135,7,142,0,0,194,11,205,243,8,251,456
07/17/2008,BTL,MI,AGL,CE,Federal Contract Tower,0,4,47,1,52,0,1,128,9,138,0,5,175,10,190,304,16,320,510
07/18/2008,BTL,MI,AGL,CE,Federal Contract Tower,0,1,43,5,49,0,0,76,5,81,0,1,119,10,130,215,0,215,345
07/19/2008,BTL,MI,AGL,CE,Federal Contract Tower,0,3,24,2,29,0,0,3,0,3,0,3,27,2,32,2,0,2,34
07/20/2008,BTL,MI,AGL,CE,Federal Contract Tower,0,0,11,0,11,0,0,40,0,40,0,0,51,0,51,60,0,60,111
07/21/2008,BTL,MI,AGL,CE,Federal Contract Tower,0,4,36,0,40,0,0,88,0,88,0,4,124,0,128,132,0,132,260
07/22/2008,BTL,MI,AGL,CE,Federal Contract Tower,0,1,56,3,60,0,0,131,13,144,0,1,187,16,204,282,0,282,486
07/23/2008,BTL,MI,AGL,CE,Federal Contract Tower,0,2,35,2,39,0,0,168,14,182,0,2,203,16,221,280,0,280,501
07/24/2008,BTL,MI,AGL,CE,Federal Contract Tower,0,0,41,3,44,0,0,157,10,167,0,0,198,13,211,238,4,242,453
07/25/2008,BTL,MI,AGL,CE,Federal Contract Tower,0,7,41,6,54,0,0,129,3,132,0,7,170,9,186,235,3,238,424
07/26/2008,BTL,MI,AGL,CE,Federal Contract Tower,0,2,21,0,23,0,0,48,0,48,0,2,69,0,71,107,0,107,178
07/27/2008,BTL,MI,AGL,CE,Federal Contract Tower,0,3,24,0,27,0,0,90,0,90,0,3,114,0,117,128,0,128,245
07/28/2008,BTL,MI,AGL,CE,Federal Contract Tower,0,3,40,0,43,0,0,108,0,108,0,3,148,0,151,165,0,165,316
07/29/2008,BTL,MI,AGL,CE,Federal Contract Tower,0,3,43,4,50,0,0,134,14,148,0,3,177,18,198,201,6,207,405
07/30/2008,BTL,MI,AGL,CE,Federal Contract Tower,0,4,54,3,61,0,0,153,5,158,0,4,207,8,219,244,6,250,469
07/31/2008,BTL,MI,AGL,CE,Federal Contract Tower,0,0,52,5,57,0,0,108,12,120,0,0,160,17,177,195,8,203,380
08/01/2008,BTL,MI,AGL,CE,Federal Contract Tower,0,1,22,4,27,0,0,78,12,90,0,1,100,16,117,155,4,159,276
08/02/2008,BTL,MI,AGL,CE,Federal Contract Tower,0,1,21,2,24,0,0,60,14,74,0,1,81,16,98,93,6,99,197
08/03/2008,BTL,MI,AGL,CE,Federal Contract Tower,0,8,17,2,27,0,0,77,6,83,0,8,94,8,110,78,0,78,188
08/04/2008,BTL,MI,AGL,CE,Federal Contract Tower,0,5,15,0,20,0,0,55,0,55,0,5,70,0,75,97,0,97,172
08/05/2008,BTL,MI,AGL,CE,Federal Contract Tower,0,6,69,14,89,0,0,60,7,67,0,6,129,21,156,172,0,172,328
08/06/2008,BTL,MI,AGL,CE,Federal Contract Tower,0,2,47,4,53,0,0,138,10,148,0,2,185,14,201,173,4,177,378
08/07/2008,BTL,MI,AGL,CE,Federal Contract Tower,0,5,37,10,52,0,1,119,11,131,0,6,156,21,183,173,2,175,358
08/08/2008,BTL,MI,AGL,CE,Federal Contract Tower,0,0,32,4,36,0,0,97,7,104,0,0,129,11,140,196,16,212,352
08/09/2008,BTL,MI,AGL,CE,Federal Contract Tower,0,1,9,1,11,0,0,85,0,85,0,1,94,1,96,143,0,143,239
08/10/2008,BTL,MI,AGL,CE,Federal Contract Tower,0,1,26,0,27,0,0,63,0,63,0,1,89,0,90,98,0,98,188
08/11/2008,BTL,MI,AGL,CE,Federal Contract Tower,0,3,46,2,51,0,0,114,3,117,0,3,160,5,168,137,8,145,313
08/12/2008,BTL,MI,AGL,CE,Federal Contract Tower,2,6,39,2,49,0,0,122,14,136,2,6,161,16,185,252,4,256,441
08/13/2008,BTL,MI,AGL,CE,Federal Contract Tower,0,7,36,5,48,0,0,99,10,109,0,7,135,15,157,224,4,228,385
08/14/2008,BTL,MI,AGL,CE,Federal Contract Tower,0,0,43,5,48,0,0,118,4,122,0,0,161,9,170,204,0,204,374
08/15/2008,BTL,MI,AGL,CE,Federal Contract Tower,0,1,23,1,25,0,0,74,7,81,0,1,97,8,106,98,0,98,204
08/16/2008,BTL,MI,AGL,CE,Federal Contract Tower,0,0,16,0,16,0,0,70,0,70,0,0,86,0,86,84,0,84,170
08/17/2008,BTL,MI,AGL,CE,Federal Contract Tower,0,6,22,1,29,0,1,62,0,63,0,7,84,1,92,116,0,116,208
08/18/2008,BTL,MI,AGL,CE,Federal Contract Tower,0,1,41,1,43,0,0,89,3,92,0,1,130,4,135,171,0,171,306
08/19/2008,BTL,MI,AGL,CE,Federal Contract Tower,0,11,51,9,71,0,0,67,7,74,0,11,118,16,145,185,0,185,330
08/20/2008,BTL,MI,AGL,CE,Federal Contract Tower,0,3,34,4,41,0,0,131,6,137,0,3,165,10,178,242,0,242,420
08/21/2008,BTL,MI,AGL,CE,Federal Contract Tower,0,5,36,5,46,0,0,153,10,163,0,5,189,15,209,246,2,248,457
08/22/2008,BTL,MI,AGL,CE,Federal Contract Tower,0,4,27,14,45,0,0,20,5,25,0,4,47,19,70,55,6,61,131
08/23/2008,BTL,MI,AGL,CE,Federal Contract Tower,0,3,16,1,20,0,0,23,0,23,0,3,39,1,43,50,0,50,93
08/24/2008,BTL,MI,AGL,CE,Federal Contract Tower,0,1,15,1,17,0,0,94,0,94,0,1,109,1,111,163,0,163,274
08/25/2008,BTL,MI,AGL,CE,Federal Contract Tower,0,0,46,0,46,0,0,127,1,128,0,0,173,1,174,228,0,228,402
08/26/2008,BTL,MI,AGL,CE,Federal Contract Tower,0,1,44,3,48,0,0,122,10,132,0,1,166,13,180,235,4,239,419
08/27/2008,BTL,MI,AGL,CE,Federal Contract Tower,0,1,39,4,44,0,0,115,13,128,0,1,154,17,172,213,0,213,385
08/28/2008,BTL,MI,AGL,CE,Federal Contract Tower,0,2,38,0,40,0,0,91,0,91,0,2,129,0,131,184,0,184,315
08/29/2008,BTL,MI,AGL,CE,Federal Contract Tower,2,4,36,0,42,0,0,72,0,72,2,4,108,0,114,160,0,160,274
08/30/2008,BTL,MI,AGL,CE,Federal Contract Tower,0,1,13,0,14,0,0,83,0,83,0,1,96,0,97,42,0,42,139
08/31/2008,BTL,MI,AGL,CE,Federal Contract Tower,0,1,14,0,15,0,0,62,0,62,0,1,76,0,77,112,0,112,189
09/01/2008,BTL,MI,AGL,CE,Federal Contract Tower,0,0,9,0,9,0,0,28,0,28,0,0,37,0,37,20,0,20,57
09/02/2008,BTL,MI,AGL,CE,Federal Contract Tower,0,0,26,2,28,0,0,60,6,66,0,0,86,8,94,82,0,82,176
09/03/2008,BTL,MI,AGL,CE,Federal Contract Tower,0,3,40,3,46,0,0,67,1,68,0,3,107,4,114,103,5,108,222
09/04/2008,BTL,MI,AGL,CE,Federal Contract Tower,0,0,37,9,46,0,0,16,3,19,0,0,53,12,65,54,0,54,119
09/05/2008,BTL,MI,AGL,CE,Federal Contract Tower,0,0,73,10,83,0,0,55,5,60,0,0,128,15,143,142,0,142,285
09/06/2008,BTL,MI,AGL,CE,Federal Contract Tower,0,0,28,4,32,0,0,120,13,133,0,0,148,17,165,180,4,184,349
09/07/2008,BTL,MI,AGL,CE,Federal Contract Tower,0,2,21,2,25,0,0,74,6,80,0,2,95,8,105,84,0,84,189
09/08/2008,BTL,MI,AGL,CE,Federal Contract Tower,0,2,32,1,35,0,0,60,0,60,0,2,92,1,95,84,0,84,179
09/09/2008,BTL,MI,AGL,CE,Federal Contract Tower,0,2,38,7,47,0,0,125,14,139,0,2,163,21,186,188,3,191,377
09/10/2008,BTL,MI,AGL,CE,Federal Contract Tower,0,1,43,2,46,0,0,134,2,136,0,1,177,4,182,172,2,174,356
09/11/2008,BTL,MI,AGL,CE,Federal Contract Tower,0,1,41,0,42,0,0,107,0,107,0,1,148,0,149,194,1,195,344
09/12/2008,BTL,MI,AGL,CE,Federal Contract Tower,2,4,23,7,36,0,0,7,0,7,2,4,30,7,43,0,0,0,43
09/13/2008,BTL,MI,AGL,CE,Federal Contract Tower,0,0,3,0,3,0,0,0,0,0,0,0,3,0,3,0,0,0,3
09/14/2008,BTL,MI,AGL,CE,Federal Contract Tower,0,0,3,0,3,0,0,0,0,0,0,0,3,0,3,1,0,1,4
09/15/2008,BTL,MI,AGL,CE,Federal Contract Tower,0,3,56,0,59,0,0,126,0,126,0,3,182,0,185,234,0,234,419
09/16/2008,BTL,MI,AGL,CE,Federal Contract Tower,0,0,55,0,55,0,0,160,0,160,0,0,215,0,215,314,0,314,529
09/17/2008,BTL,MI,AGL,CE,Federal Contract Tower,0,5,42,0,47,0,0,147,0,147,0,5,189,0,194,238,0,238,432
09/18/2008,BTL,MI,AGL,CE,Federal Contract Tower,0,1,41,3,45,0,0,175,1,176,0,1,216,4,221,236,0,236,457
09/19/2008,BTL,MI,AGL,CE,Federal Contract Tower,1,3,39,2,45,0,0,181,0,181,1,3,220,2,226,179,4,183,409
09/20/2008,BTL,MI,AGL,CE,Federal Contract Tower,0,1,22,0,23,0,0,167,2,169,0,1,189,2,192,264,0,264,456
09/21/2008,BTL,MI,AGL,CE,Federal Contract Tower,0,0,24,1,25,0,0,55,0,55,0,0,79,1,80,136,0,136,216
09/22/2008,BTL,MI,AGL,CE,Federal Contract Tower,0,0,50,0,50,0,0,106,0,106,0,0,156,0,156,177,0,177,333
09/23/2008,BTL,MI,AGL,CE,Federal Contract Tower,0,2,59,5,66,0,0,150,6,156,0,2,209,11,222,278,2,280,502
09/24/2008,BTL,MI,AGL,CE,Federal Contract Tower,0,3,45,4,52,0,0,118,2,120,0,3,163,6,172,214,2,216,388
09/25/2008,BTL,MI,AGL,CE,Federal Contract Tower,0,2,49,5,56,0,0,135,8,143,0,2,184,13,199,342,2,344,543
09/26/2008,BTL,MI,AGL,CE,Federal Contract Tower,2,0,31,6,39,0,0,145,7,152,2,0,176,13,191,174,18,192,383
09/27/2008,BTL,MI,AGL,CE,Federal Contract Tower,0,0,22,0,22,0,0,108,0,108,0,0,130,0,130,166,0,166,296
09/28/2008,BTL,MI,AGL,CE,Federal Contract Tower,0,0,24,1,25,0,0,112,0,112,0,0,136,1,137,198,0,198,335
09/29/2008,BTL,MI,AGL,CE,Federal Contract Tower,0,4,49,0,53,0,0,13,0,13,0,4,62,0,66,92,0,92,158
09/30/2008,BTL,MI,AGL,CE,Federal Contract Tower,0,3,41,6,50,0,0,24,1,25,0,3,65,7,75,106,2,108,183
10/01/2008,BTL,MI,AGL,CE,Federal Contract Tower,0,2,71,5,78,0,7,67,4,78,0,9,138,9,156,189,0,189,345
10/02/2008,BTL,MI,AGL,CE,Federal Contract Tower,0,2,42,3,47,0,0,94,10,104,0,2,136,13,151,226,6,232,383
10/03/2008,BTL,MI,AGL,CE,Federal Contract Tower,1,2,44,6,53,0,0,181,2,183,1,2,225,8,236,330,8,338,574
10/04/2008,BTL,MI,AGL,CE,Federal Contract Tower,1,0,14,4,19,0,0,139,0,139,1,0,153,4,158,351,0,351,509
10/05/2008,BTL,MI,AGL,CE,Federal Contract Tower,0,1,24,5,30,0,0,97,6,103,0,1,121,11,133,250,2,252,385
10/06/2008,BTL,MI,AGL,CE,Federal Contract Tower,0,5,38,1,44,0,1,136,3,140,0,6,174,4,184,266,2,268,452
10/07/2008,BTL,MI,AGL,CE,Federal Contract Tower,0,0,37,0,37,0,1,170,9,180,0,1,207,9,217,382,0,382,599
10/08/2008,BTL,MI,AGL,CE,Federal Contract Tower,0,1,29,4,34,0,0,0,0,0,0,1,29,4,34,15,0,15,49
10/09/2008,BTL,MI,AGL,CE,Federal Contract Tower,0,0,40,4,44,0,0,136,8,144,0,0,176,12,188,388,2,390,578
10/10/2008,BTL,MI,AGL,CE,Federal Contract Tower,4,1,36,1,42,0,0,163,0,163,4,1,199,1,205,384,0,384,589
10/11/2008,BTL,MI,AGL,CE,Federal Contract Tower,1,1,19,0,21,0,0,145,0,145,1,1,164,0,166,287,0,287,453
10/12/2008,BTL,MI,AGL,CE,Federal Contract Tower,0,1,16,0,17,0,0,104,0,104,0,1,120,0,121,232,0,232,353
10/13/2008,BTL,MI,AGL,CE,Federal Contract Tower,0,3,46,1,50,0,0,161,0,161,0,3,207,1,211,321,0,321,532
10/14/2008,BTL,MI,AGL,CE,Federal Contract Tower,0,5,35,0,40,0,0,135,0,135,0,5,170,0,175,304,0,304,479
10/15/2008,BTL,MI,AGL,CE,Federal Contract Tower,0,2,36,0,38,0,0,67,0,67,0,2,103,0,105,182,3,185,290
10/16/2008,BTL,MI,AGL,CE,Federal Contract Tower,0,2,43,6,51,0,0,173,2,175,0,2,216,8,226,350,0,350,576
10/17/2008,BTL,MI,AGL,CE,Federal Contract Tower,0,3,34,5,42,0,0,160,0,160,0,3,194,5,202,312,0,312,514
10/18/2008,BTL,MI,AGL,CE,Federal Contract Tower,0,1,37,1,39,0,0,115,0,115,0,1,152,1,154,221,0,221,375
10/19/2008,BTL,MI,AGL,CE,Federal Contract Tower,0,0,18,0,18,0,0,99,0,99,0,0,117,0,117,257,0,257,374
10/20/2008,BTL,MI,AGL,CE,Federal Contract Tower,0,0,57,1,58,0,0,102,6,108,0,0,159,7,166,213,4,217,383
10/21/2008,BTL,MI,AGL,CE,Federal Contract Tower,0,0,44,0,44,0,1,140,0,141,0,1,184,0,185,307,0,307,492
10/22/2008,BTL,MI,AGL,CE,Federal Contract Tower,0,4,38,2,44,0,0,134,5,139,0,4,172,7,183,348,2,350,533
10/23/2008,BTL,MI,AGL,CE,Federal Contract Tower,0,1,47,0,48,0,0,129,0,129,0,1,176,0,177,296,0,296,473
10/24/2008,BTL,MI,AGL,CE,Federal Contract Tower,0,1,23,1,25,0,0,10,0,10,0,1,33,1,35,35,0,35,70
10/25/2008,BTL,MI,AGL,CE,Federal Contract Tower,0,0,23,0,23,0,0,26,0,26,0,0,49,0,49,85,0,85,134
10/26/2008,BTL,MI,AGL,CE,Federal Contract Tower,0,0,5,1,6,0,0,26,0,26,0,0,31,1,32,62,0,62,94
10/27/2008,BTL,MI,AGL,CE,Federal Contract Tower,0,3,27,0,30,0,0,38,0,38,0,3,65,0,68,111,0,111,179
10/28/2008,BTL,MI,AGL,CE,Federal Contract Tower,0,9,45,0,54,0,0,64,0,64,0,9,109,0,118,205,0,205,323
10/29/2008,BTL,MI,AGL,CE,Federal Contract Tower,0,3,70,1,74,0,0,130,6,136,0,3,200,7,210,329,0,329,539
10/30/2008,BTL,MI,AGL,CE,Federal Contract Tower,0,1,48,0,49,0,0,155,2,157,0,1,203,2,206,292,4,296,502
10/31/2008,BTL,MI,AGL,CE,Federal Contract Tower,0,1,48,2,51,0,4,150,4,158,0,5,198,6,209,448,4,452,661
11/01/2008,BTL,MI,AGL,CE,Federal Contract Tower,0,1,18,2,21,0,0,99,14,113,0,1,117,16,134,149,27,176,310
11/02/2008,BTL,MI,AGL,CE,Federal Contract Tower,0,0,22,2,24,0,0,103,3,106,0,0,125,5,130,307,16,323,453
11/03/2008,BTL,MI,AGL,CE,Federal Contract Tower,0,0,43,0,43,0,0,135,0,135,0,0,178,0,178,286,0,286,464
11/04/2008,BTL,MI,AGL,CE,Federal Contract Tower,0,0,39,2,41,0,0,139,2,141,0,0,178,4,182,249,0,249,431
11/05/2008,BTL,MI,AGL,CE,Federal Contract Tower,0,0,39,0,39,0,0,131,0,131,0,0,170,0,170,272,0,272,442
11/06/2008,BTL,MI,AGL,CE,Federal Contract Tower,0,0,41,3,44,0,0,138,0,138,0,0,179,3,182,226,0,226,408
11/07/2008,BTL,MI,AGL,CE,Federal Contract Tower,0,0,34,2,36,0,0,118,0,118,0,0,152,2,154,298,0,298,452
11/08/2008,BTL,MI,AGL,CE,Federal Contract Tower,0,0,7,0,7,0,0,7,0,7,0,0,14,0,14,39,0,39,53
11/09/2008,BTL,MI,AGL,CE,Federal Contract Tower,0,1,6,0,7,0,0,0,0,0,0,1,6,0,7,0,0,0,7
11/10/2008,BTL,MI,AGL,CE,Federal Contract Tower,0,3,31,0,34,0,0,96,0,96,0,3,127,0,130,231,0,231,361
11/11/2008,BTL,MI,AGL,CE,Federal Contract Tower,0,1,42,0,43,0,0,123,13,136,0,1,165,13,179,201,18,219,398
11/12/2008,BTL,MI,AGL,CE,Federal Contract Tower,0,1,49,0,50,0,0,58,0,58,0,1,107,0,108,128,2,130,238
11/13/2008,BTL,MI,AGL,CE,Federal Contract Tower,0,2,60,0,62,0,0,27,0,27,0,2,87,0,89,136,0,136,225
11/14/2008,BTL,MI,AGL,CE,Federal Contract Tower,0,3,30,2,35,0,0,3,0,3,0,3,33,2,38,14,2,16,54
11/15/2008,BTL,MI,AGL,CE,Federal Contract Tower,0,0,13,0,13,0,0,12,8,20,0,0,25,8,33,32,16,48,81
11/16/2008,BTL,MI,AGL,CE,Federal Contract Tower,0,1,7,0,8,0,0,3,0,3,0,1,10,0,11,0,0,0,11
11/17/2008,BTL,MI,AGL,CE,Federal Contract Tower,0,2,38,0,40,0,0,65,0,65,0,2,103,0,105,133,0,133,238
11/18/2008,BTL,MI,AGL,CE,Federal Contract Tower,0,0,49,0,49,0,151,0,0,151,0,151,49,0,200,259,0,259,459
11/19/2008,BTL,MI,AGL,CE,Federal Contract Tower,0,0,48,2,50,0,0,127,0,127,0,0,175,2,177,234,0,234,411
11/20/2008,BTL,MI,AGL,CE,Federal Contract Tower,0,2,31,0,33,0,0,46,0,46,0,2,77,0,79,77,0,77,156
11/21/2008,BTL,MI,AGL,CE,Federal Contract Tower,0,3,44,0,47,0,0,80,0,80,0,3,124,0,127,162,0,162,289
11/22/2008,BTL,MI,AGL,CE,Federal Contract Tower,0,1,49,0,50,0,0,187,0,187,0,1,236,0,237,218,0,218,455
11/23/2008,BTL,MI,AGL,CE,Federal Contract Tower,0,0,20,0,20,0,0,151,0,151,0,0,171,0,171,262,0,262,433
11/24/2008,BTL,MI,AGL,CE,Federal Contract Tower,0,0,11,0,11,0,0,0,0,0,0,0,11,0,11,2,0,2,13
11/25/2008,BTL,MI,AGL,CE,Federal Contract Tower,0,2,24,2,28,0,0,37,0,37,0,2,61,2,65,92,0,92,157
11/26/2008,BTL,MI,AGL,CE,Federal Contract Tower,0,2,43,0,45,0,0,78,0,78,0,2,121,0,123,146,0,146,269
11/27/2008,BTL,MI,AGL,CE,Federal Contract Tower,0,1,3,0,4,0,0,3,0,3,0,1,6,0,7,2,0,2,9
11/28/2008,BTL,MI,AGL,CE,Federal Contract Tower,0,1,3,0,4,0,0,17,0,17,0,1,20,0,21,23,0,23,44
11/29/2008,BTL,MI,AGL,CE,Federal Contract Tower,0,0,14,0,14,0,0,52,0,52,0,0,66,0,66,55,0,55,121
11/30/2008,BTL,MI,AGL,CE,Federal Contract Tower,0,0,4,0,4,0,0,2,0,2,0,0,6,0,6,4,0,4,10
12/01/2008,BTL,MI,AGL,CE,Federal Contract Tower,0,2,21,0,23,0,0,0,0,0,0,2,21,0,23,0,0,0,23
12/02/2008,BTL,MI,AGL,CE,Federal Contract Tower,2,2,46,0,50,0,0,43,0,43,2,2,89,0,93,104,0,104,197
12/03/2008,BTL,MI,AGL,CE,Federal Contract Tower,0,4,43,0,47,0,0,94,0,94,0,4,137,0,141,190,0,190,331
12/04/2008,BTL,MI,AGL,CE,Federal Contract Tower,0,3,29,0,32,0,0,12,0,12,0,3,41,0,44,42,0,42,86
12/05/2008,BTL,MI,AGL,CE,Federal Contract Tower,0,2,41,0,43,0,0,45,0,45,0,2,86,0,88,161,0,161,249
12/06/2008,BTL,MI,AGL,CE,Federal Contract Tower,0,0,18,0,18,0,0,0,0,0,0,0,18,0,18,12,0,12,30
12/07/2008,BTL,MI,AGL,CE,Federal Contract Tower,0,2,22,1,25,0,0,102,1,103,0,2,124,2,128,188,4,192,320
12/08/2008,BTL,MI,AGL,CE,Federal Contract Tower,0,0,27,0,27,0,0,60,0,60,0,0,87,0,87,183,0,183,270
12/09/2008,BTL,MI,AGL,CE,Federal Contract Tower,0,2,13,2,17,0,0,1,0,1,0,2,14,2,18,0,0,0,18
12/10/2008,BTL,MI,AGL,CE,Federal Contract Tower,0,1,51,0,52,0,0,80,0,80,0,1,131,0,132,150,0,150,282
12/11/2008,BTL,MI,AGL,CE,Federal Contract Tower,0,2,58,0,60,0,0,137,0,137,0,2,195,0,197,221,0,221,418
12/12/2008,BTL,MI,AGL,CE,Federal Contract Tower,0,1,26,0,27,0,0,53,0,53,0,1,79,0,80,149,0,149,229
12/13/2008,BTL,MI,AGL,CE,Federal Contract Tower,0,0,12,0,12,0,0,28,0,28,0,0,40,0,40,43,4,47,87
12/14/2008,BTL,MI,AGL,CE,Federal Contract Tower,0,0,8,0,8,0,0,1,0,1,0,0,9,0,9,0,0,0,9
12/15/2008,BTL,MI,AGL,CE,Federal Contract Tower,0,2,24,0,26,0,0,0,0,0,0,2,24,0,26,0,0,0,26
12/16/2008,BTL,MI,AGL,CE,Federal Contract Tower,0,1,57,2,60,0,0,32,0,32,0,1,89,2,92,86,0,86,178
12/17/2008,BTL,MI,AGL,CE,Federal Contract Tower,0,4,20,1,25,0,0,0,0,0,0,4,20,1,25,9,0,9,34
12/18/2008,BTL,MI,AGL,CE,Federal Contract Tower,0,1,50,2,53,0,0,33,1,34,0,1,83,3,87,96,0,96,183
12/19/2008,BTL,MI,AGL,CE,Federal Contract Tower,0,0,1,0,1,0,0,0,0,0,0,0,1,0,1,2,0,2,3
12/20/2008,BTL,MI,AGL,CE,Federal Contract Tower,0,0,19,0,19,0,0,10,0,10,0,0,29,0,29,17,0,17,46
12/21/2008,BTL,MI,AGL,CE,Federal Contract Tower,0,2,4,0,6,0,0,0,0,0,0,2,4,0,6,0,0,0,6
12/22/2008,BTL,MI,AGL,CE,Federal Contract Tower,0,0,18,0,18,0,0,4,0,4,0,0,22,0,22,15,0,15,37
12/23/2008,BTL,MI,AGL,CE,Federal Contract Tower,0,0,9,0,9,0,0,0,0,0,0,0,9,0,9,0,0,0,9
12/24/2008,BTL,MI,AGL,CE,Federal Contract Tower,0,0,0,0,0,0,0,0,0,0,0,0,0,0,0,0,0,0,0
12/25/2008,BTL,MI,AGL,CE,Federal Contract Tower,0,3,1,0,4,0,0,2,0,2,0,3,3,0,6,4,0,4,10
12/26/2008,BTL,MI,AGL,CE,Federal Contract Tower,0,0,3,0,3,0,0,0,0,0,0,0,3,0,3,0,0,0,3
12/27/2008,BTL,MI,AGL,CE,Federal Contract Tower,0,1,2,0,3,0,0,0,0,0,0,1,2,0,3,0,0,0,3
12/28/2008,BTL,MI,AGL,CE,Federal Contract Tower,0,0,1,0,1,0,0,1,0,1,0,0,2,0,2,1,0,1,3
12/29/2008,BTL,MI,AGL,CE,Federal Contract Tower,0,2,14,5,21,0,0,23,4,27,0,2,37,9,48,39,6,45,93
12/30/2008,BTL,MI,AGL,CE,Federal Contract Tower,0,2,11,0,13,0,0,34,6,40,0,2,45,6,53,32,16,48,101
12/31/2008,BTL,MI,AGL,CE,Federal Contract Tower,0,0,4,0,4,0,0,3,0,3,0,0,7,0,7,9,0,9,16
01/01/2009,BTL,MI,AGL,CE,Federal Contract Tower,0,0,4,0,4,0,0,11,0,11,0,0,15,0,15,12,0,12,27
01/02/2009,BTL,MI,AGL,CE,Federal Contract Tower,0,0,3,0,3,0,0,3,0,3,0,0,6,0,6,3,1,4,10
01/03/2009,BTL,MI,AGL,CE,Federal Contract Tower,0,0,5,0,5,0,0,37,0,37,0,0,42,0,42,39,0,39,81
01/04/2009,BTL,MI,AGL,CE,Federal Contract Tower,0,0,4,0,4,0,0,0,0,0,0,0,4,0,4,0,0,0,4
01/05/2009,BTL,MI,AGL,CE,Federal Contract Tower,0,1,49,0,50,0,0,76,0,76,0,1,125,0,126,124,0,124,250
01/06/2009,BTL,MI,AGL,CE,Federal Contract Tower,0,2,28,0,30,0,1,89,0,90,0,3,117,0,120,219,0,219,339
01/07/2009,BTL,MI,AGL,CE,Federal Contract Tower,0,1,1,0,2,0,0,0,0,0,0,1,1,0,2,0,0,0,2
01/08/2009,BTL,MI,AGL,CE,Federal Contract Tower,0,1,22,0,23,0,0,7,0,7,0,1,29,0,30,4,0,4,34
01/09/2009,BTL,MI,AGL,CE,Federal Contract Tower,0,2,11,0,13,0,0,4,0,4,0,2,15,0,17,2,0,2,19
01/10/2009,BTL,MI,AGL,CE,Federal Contract Tower,0,0,1,0,1,0,0,0,0,0,0,0,1,0,1,0,0,0,1
01/11/2009,BTL,MI,AGL,CE,Federal Contract Tower,0,0,10,0,10,0,0,0,0,0,0,0,10,0,10,3,0,3,13
01/12/2009,BTL,MI,AGL,CE,Federal Contract Tower,0,0,40,0,40,0,0,20,0,20,0,0,60,0,60,61,0,61,121
01/13/2009,BTL,MI,AGL,CE,Federal Contract Tower,0,2,27,0,29,0,0,42,0,42,0,2,69,0,71,61,0,61,132
01/14/2009,BTL,MI,AGL,CE,Federal Contract Tower,0,1,9,0,10,0,0,5,0,5,0,1,14,0,15,18,0,18,33
01/15/2009,BTL,MI,AGL,CE,Federal Contract Tower,0,2,28,0,30,0,0,23,0,23,0,2,51,0,53,32,1,33,86
01/16/2009,BTL,MI,AGL,CE,Federal Contract Tower,0,2,66,0,68,0,0,63,0,63,0,2,129,0,131,118,0,118,249
01/17/2009,BTL,MI,AGL,CE,Federal Contract Tower,0,0,9,0,9,0,0,0,0,0,0,0,9,0,9,0,0,0,9
01/18/2009,BTL,MI,AGL,CE,Federal Contract Tower,0,2,11,0,13,0,0,2,0,2,0,2,13,0,15,10,0,10,25
01/19/2009,BTL,MI,AGL,CE,Federal Contract Tower,0,2,8,0,10,0,1,11,0,12,0,3,19,0,22,2,0,2,24
01/20/2009,BTL,MI,AGL,CE,Federal Contract Tower,0,0,63,2,65,0,0,173,1,174,0,0,236,3,239,298,2,300,539
01/21/2009,BTL,MI,AGL,CE,Federal Contract Tower,0,1,60,0,61,0,0,137,0,137,0,1,197,0,198,260,8,268,466
01/22/2009,BTL,MI,AGL,CE,Federal Contract Tower,0,0,20,0,20,0,0,23,0,23,0,0,43,0,43,74,0,74,117
01/23/2009,BTL,MI,AGL,CE,Federal Contract Tower,0,0,25,5,30,0,0,20,2,22,0,0,45,7,52,6,8,14,66
01/24/2009,BTL,MI,AGL,CE,Federal Contract Tower,0,1,23,0,24,0,0,142,4,146,0,1,165,4,170,184,4,188,358
01/25/2009,BTL,MI,AGL,CE,Federal Contract Tower,0,0,27,0,27,0,0,85,6,91,0,0,112,6,118,164,26,190,308
01/26/2009,BTL,MI,AGL,CE,Federal Contract Tower,0,1,38,0,39,0,0,109,7,116,0,1,147,7,155,192,14,206,361
01/27/2009,BTL,MI,AGL,CE,Federal Contract Tower,0,1,61,1,63,0,0,145,0,145,0,1,206,1,208,248,0,248,456
01/28/2009,BTL,MI,AGL,CE,Federal Contract Tower,0,0,27,1,28,0,0,46,3,49,0,0,73,4,77,43,0,43,120
01/29/2009,BTL,MI,AGL,CE,Federal Contract Tower,0,0,17,0,17,0,0,0,0,0,0,0,17,0,17,0,0,0,17
01/30/2009,BTL,MI,AGL,CE,Federal Contract Tower,0,0,32,2,34,0,0,1,0,1,0,0,33,2,35,8,0,8,43
01/31/2009,BTL,MI,AGL,CE,Federal Contract Tower,0,3,25,0,28,0,0,70,0,70,0,3,95,0,98,139,0,139,237
02/01/2009,BTL,MI,AGL,CE,Federal Contract Tower,0,0,23,0,23,0,0,122,0,122,0,0,145,0,145,148,0,148,293
02/02/2009,BTL,MI,AGL,CE,Federal Contract Tower,0,0,49,2,51,0,0,55,0,55,0,0,104,2,106,154,0,154,260
02/03/2009,BTL,MI,AGL,CE,Federal Contract Tower,0,2,51,0,53,0,0,63,2,65,0,2,114,2,118,116,6,122,240
02/04/2009,BTL,MI,AGL,CE,Federal Contract Tower,0,1,47,0,48,0,0,157,1,158,0,1,204,1,206,186,0,186,392
02/05/2009,BTL,MI,AGL,CE,Federal Contract Tower,0,2,48,2,52,0,0,109,0,109,0,2,157,2,161,252,0,252,413
02/06/2009,BTL,MI,AGL,CE,Federal Contract Tower,0,0,56,1,57,0,0,104,3,107,0,0,160,4,164,219,2,221,385
02/07/2009,BTL,MI,AGL,CE,Federal Contract Tower,0,1,24,2,27,0,0,38,1,39,0,1,62,3,66,134,4,138,204
02/08/2009,BTL,MI,AGL,CE,Federal Contract Tower,0,2,41,1,44,0,0,131,0,131,0,2,172,1,175,232,0,232,407
02/09/2009,BTL,MI,AGL,CE,Federal Contract Tower,0,2,46,2,50,0,0,98,0,98,0,2,144,2,148,162,4,166,314
02/10/2009,BTL,MI,AGL,CE,Federal Contract Tower,0,4,35,0,39,0,0,80,6,86,0,4,115,6,125,118,0,118,243
02/11/2009,BTL,MI,AGL,CE,Federal Contract Tower,0,3,11,3,17,0,0,3,1,4,0,3,14,4,21,0,18,18,39
02/12/2009,BTL,MI,AGL,CE,Federal Contract Tower,0,3,20,1,24,0,0,18,0,18,0,3,38,1,42,6,2,8,50
02/13/2009,BTL,MI,AGL,CE,Federal Contract Tower,0,2,51,0,53,0,0,111,0,111,0,2,162,0,164,272,2,274,438
02/14/2009,BTL,MI,AGL,CE,Federal Contract Tower,0,0,4,0,4,0,0,10,0,10,0,0,14,0,14,44,0,44,58
02/15/2009,BTL,MI,AGL,CE,Federal Contract Tower,0,0,11,0,11,0,0,87,0,87,0,0,98,0,98,162,0,162,260
02/16/2009,BTL,MI,AGL,CE,Federal Contract Tower,0,0,42,0,42,0,0,153,0,153,0,0,195,0,195,236,0,236,431
02/17/2009,BTL,MI,AGL,CE,Federal Contract Tower,0,4,46,0,50,0,0,99,6,105,0,4,145,6,155,215,12,227,382
02/18/2009,BTL,MI,AGL,CE,Federal Contract Tower,0,2,12,0,14,0,0,0,0,0,0,2,12,0,14,0,0,0,14
02/19/2009,BTL,MI,AGL,CE,Federal Contract Tower,0,0,15,1,16,0,0,0,0,0,0,0,15,1,16,0,0,0,16
02/20/2009,BTL,MI,AGL,CE,Federal Contract Tower,0,2,38,0,40,0,0,93,0,93,0,2,131,0,133,130,0,130,263
02/21/2009,BTL,MI,AGL,CE,Federal Contract Tower,0,2,3,0,5,0,0,0,0,0,0,2,3,0,5,1,0,1,6
02/22/2009,BTL,MI,AGL,CE,Federal Contract Tower,0,0,11,0,11,0,0,13,0,13,0,0,24,0,24,28,0,28,52
02/23/2009,BTL,MI,AGL,CE,Federal Contract Tower,0,2,50,0,52,0,0,114,0,114,0,2,164,0,166,244,0,244,410
02/24/2009,BTL,MI,AGL,CE,Federal Contract Tower,0,5,45,0,50,0,0,132,0,132,0,5,177,0,182,232,0,232,414
02/25/2009,BTL,MI,AGL,CE,Federal Contract Tower,0,3,43,0,46,0,0,108,0,108,0,3,151,0,154,237,0,237,391
02/26/2009,BTL,MI,AGL,CE,Federal Contract Tower,0,3,27,0,30,0,0,16,0,16,0,3,43,0,46,44,0,44,90
02/27/2009,BTL,MI,AGL,CE,Federal Contract Tower,0,2,15,0,17,0,0,13,0,13,0,2,28,0,30,40,2,42,72
02/28/2009,BTL,MI,AGL,CE,Federal Contract Tower,0,0,14,0,14,0,0,68,0,68,0,0,82,0,82,122,0,122,204
03/01/2009,BTL,MI,AGL,CE,Federal Contract Tower,0,1,17,0,18,0,0,35,0,35,0,1,52,0,53,52,0,52,105
03/02/2009,BTL,MI,AGL,CE,Federal Contract Tower,0,2,36,0,38,0,0,84,0,84,0,2,120,0,122,133,0,133,255
03/03/2009,BTL,MI,AGL,CE,Federal Contract Tower,0,4,27,0,31,0,0,102,0,102,0,4,129,0,133,109,0,109,242
03/04/2009,BTL,MI,AGL,CE,Federal Contract Tower,0,2,43,2,47,0,0,68,0,68,0,2,111,2,115,144,0,144,259
03/05/2009,BTL,MI,AGL,CE,Federal Contract Tower,0,5,20,0,25,0,0,18,0,18,0,5,38,0,43,28,0,28,71
03/06/2009,BTL,MI,AGL,CE,Federal Contract Tower,0,2,47,1,50,0,0,28,2,30,0,2,75,3,80,112,2,114,194
03/07/2009,BTL,MI,AGL,CE,Federal Contract Tower,0,0,3,2,5,0,0,0,0,0,0,0,3,2,5,0,0,0,5
03/08/2009,BTL,MI,AGL,CE,Federal Contract Tower,0,0,0,0,0,0,0,0,0,0,0,0,0,0,0,0,0,0,0
03/09/2009,BTL,MI,AGL,CE,Federal Contract Tower,0,1,28,1,30,0,0,42,0,42,0,1,70,1,72,102,0,102,174
03/10/2009,BTL,MI,AGL,CE,Federal Contract Tower,0,0,18,0,18,0,0,1,0,1,0,0,19,0,19,2,0,2,21
03/11/2009,BTL,MI,AGL,CE,Federal Contract Tower,0,1,27,0,28,0,0,8,0,8,0,1,35,0,36,5,0,5,41
03/12/2009,BTL,MI,AGL,CE,Federal Contract Tower,0,6,56,0,62,0,0,173,0,173,0,6,229,0,235,334,0,334,569
03/13/2009,BTL,MI,AGL,CE,Federal Contract Tower,0,2,36,1,39,0,0,190,0,190,0,2,226,1,229,340,0,340,569
03/14/2009,BTL,MI,AGL,CE,Federal Contract Tower,0,1,35,0,36,0,0,165,3,168,0,1,200,3,204,272,4,276,480
03/15/2009,BTL,MI,AGL,CE,Federal Contract Tower,0,0,26,2,28,0,0,120,0,120,0,0,146,2,148,260,0,260,408
03/16/2009,BTL,MI,AGL,CE,Federal Contract Tower,0,1,32,0,33,0,0,130,0,130,0,1,162,0,163,214,0,214,377
03/17/2009,BTL,MI,AGL,CE,Federal Contract Tower,0,0,53,0,53,0,0,133,0,133,0,0,186,0,186,236,0,236,422
03/18/2009,BTL,MI,AGL,CE,Federal Contract Tower,0,0,35,0,35,0,0,97,4,101,0,0,132,4,136,226,9,235,371
03/19/2009,BTL,MI,AGL,CE,Federal Contract Tower,0,0,42,0,42,0,0,98,0,98,0,0,140,0,140,194,0,194,334
03/20/2009,BTL,MI,AGL,CE,Federal Contract Tower,0,0,42,1,43,0,0,129,0,129,0,0,171,1,172,259,0,259,431
03/21/2009,BTL,MI,AGL,CE,Federal Contract Tower,0,0,25,0,25,0,0,125,0,125,0,0,150,0,150,270,0,270,420
03/22/2009,BTL,MI,AGL,CE,Federal Contract Tower,0,0,13,1,14,0,0,117,0,117,0,0,130,1,131,226,0,226,357
03/23/2009,BTL,MI,AGL,CE,Federal Contract Tower,0,2,22,0,24,0,0,124,0,124,0,2,146,0,148,238,0,238,386
03/24/2009,BTL,MI,AGL,CE,Federal Contract Tower,0,0,36,1,37,0,0,71,3,74,0,0,107,4,111,120,0,120,231
03/25/2009,BTL,MI,AGL,CE,Federal Contract Tower,0,1,37,5,43,0,0,61,4,65,0,1,98,9,108,111,4,115,223
03/26/2009,BTL,MI,AGL,CE,Federal Contract Tower,0,2,38,1,41,0,0,150,4,154,0,2,188,5,195,312,0,312,507
03/27/2009,BTL,MI,AGL,CE,Federal Contract Tower,0,0,44,0,44,0,1,153,15,169,0,1,197,15,213,276,0,276,489
03/28/2009,BTL,MI,AGL,CE,Federal Contract Tower,0,1,21,0,22,0,0,61,0,61,0,1,82,0,83,82,0,82,165
03/29/2009,BTL,MI,AGL,CE,Federal Contract Tower,0,0,0,0,0,0,0,0,0,0,0,0,0,0,0,0,0,0,0
03/30/2009,BTL,MI,AGL,CE,Federal Contract Tower,0,0,58,0,58,0,0,166,0,166,0,0,224,0,224,352,0,352,576
03/31/2009,BTL,MI,AGL,CE,Federal Contract Tower,0,0,38,0,38,0,0,74,0,74,0,0,112,0,112,118,0,118,230
04/01/2009,BTL,MI,AGL,CE,Federal Contract Tower,2,0,36,0,38,0,0,44,2,46,2,0,80,2,84,140,0,140,224
04/02/2009,BTL,MI,AGL,CE,Federal Contract Tower,0,0,39,0,39,0,0,116,0,116,0,0,155,0,155,202,0,202,357
04/03/2009,BTL,MI,AGL,CE,Federal Contract Tower,0,0,33,1,34,0,0,24,0,24,0,0,57,1,58,48,0,48,106
04/04/2009,BTL,MI,AGL,CE,Federal Contract Tower,0,0,37,0,37,0,0,103,8,111,0,0,140,8,148,211,0,211,359
04/05/2009,BTL,MI,AGL,CE,Federal Contract Tower,0,0,20,1,21,0,0,94,0,94,0,0,114,1,115,246,0,246,361
04/06/2009,BTL,MI,AGL,CE,Federal Contract Tower,2,0,17,2,21,0,0,28,0,28,2,0,45,2,49,66,0,66,115
04/07/2009,BTL,MI,AGL,CE,Federal Contract Tower,0,0,33,0,33,0,0,65,0,65,0,0,98,0,98,106,0,106,204
04/08/2009,BTL,MI,AGL,CE,Federal Contract Tower,0,2,52,0,54,0,0,118,0,118,0,2,170,0,172,304,0,304,476
04/09/2009,BTL,MI,AGL,CE,Federal Contract Tower,0,0,46,0,46,0,0,161,0,161,0,0,207,0,207,294,0,294,501
04/10/2009,BTL,MI,AGL,CE,Federal Contract Tower,0,0,35,1,36,0,0,84,0,84,0,0,119,1,120,160,0,160,280
04/11/2009,BTL,MI,AGL,CE,Federal Contract Tower,0,0,11,0,11,0,0,85,0,85,0,0,96,0,96,194,0,194,290
04/12/2009,BTL,MI,AGL,CE,Federal Contract Tower,0,0,9,0,9,0,0,12,0,12,0,0,21,0,21,14,0,14,35
04/13/2009,BTL,MI,AGL,CE,Federal Contract Tower,0,2,18,3,23,0,0,46,5,51,0,2,64,8,74,46,6,52,126
04/14/2009,BTL,MI,AGL,CE,Federal Contract Tower,0,2,11,0,13,0,0,0,0,0,0,2,11,0,13,0,0,0,13
04/15/2009,BTL,MI,AGL,CE,Federal Contract Tower,0,0,43,0,43,0,0,150,0,150,0,0,193,0,193,285,0,285,478
04/16/2009,BTL,MI,AGL,CE,Federal Contract Tower,0,1,32,0,33,0,0,154,7,161,0,1,186,7,194,246,2,248,442
04/17/2009,BTL,MI,AGL,CE,Federal Contract Tower,0,0,33,1,34,0,0,174,0,174,0,0,207,1,208,292,0,292,500
04/18/2009,BTL,MI,AGL,CE,Federal Contract Tower,0,0,22,0,22,0,0,107,0,107,0,0,129,0,129,190,0,190,319
04/19/2009,BTL,MI,AGL,CE,Federal Contract Tower,0,0,23,1,24,0,0,20,0,20,0,0,43,1,44,36,0,36,80
04/20/2009,BTL,MI,AGL,CE,Federal Contract Tower,0,1,11,0,12,0,0,0,0,0,0,1,11,0,12,0,0,0,12
04/21/2009,BTL,MI,AGL,CE,Federal Contract Tower,0,0,26,0,26,0,0,3,0,3,0,0,29,0,29,16,0,16,45
04/22/2009,BTL,MI,AGL,CE,Federal Contract Tower,0,2,44,0,46,0,0,71,0,71,0,2,115,0,117,148,0,148,265
04/23/2009,BTL,MI,AGL,CE,Federal Contract Tower,0,13,58,1,72,0,0,134,0,134,0,13,192,1,206,252,0,252,458
04/24/2009,BTL,MI,AGL,CE,Federal Contract Tower,0,3,34,6,43,0,2,87,2,91,0,5,121,8,134,134,8,142,276
04/25/2009,BTL,MI,AGL,CE,Federal Contract Tower,0,1,7,0,8,0,0,17,0,17,0,1,24,0,25,16,0,16,41
04/26/2009,BTL,MI,AGL,CE,Federal Contract Tower,0,0,17,1,18,0,0,42,0,42,0,0,59,1,60,115,0,115,175
04/27/2009,BTL,MI,AGL,CE,Federal Contract Tower,0,0,7,0,7,0,0,14,0,14,0,0,21,0,21,24,0,24,45
04/28/2009,BTL,MI,AGL,CE,Federal Contract Tower,0,0,32,0,32,0,0,59,0,59,0,0,91,0,91,142,0,142,233
04/29/2009,BTL,MI,AGL,CE,Federal Contract Tower,0,0,59,4,63,0,0,106,0,106,0,0,165,4,169,222,0,222,391
04/30/2009,BTL,MI,AGL,CE,Federal Contract Tower,0,2,15,0,17,0,0,3,0,3,0,2,18,0,20,12,0,12,32
05/01/2009,BTL,MI,AGL,CE,Federal Contract Tower,0,0,40,1,41,0,0,90,0,90,0,0,130,1,131,148,0,148,279
05/02/2009,BTL,MI,AGL,CE,Federal Contract Tower,0,1,24,0,25,0,0,107,0,107,0,1,131,0,132,123,0,123,255
05/03/2009,BTL,MI,AGL,CE,Federal Contract Tower,1,1,19,1,22,0,0,100,0,100,1,1,119,1,122,114,0,114,236
05/04/2009,BTL,MI,AGL,CE,Federal Contract Tower,1,2,26,2,31,0,0,142,0,142,1,2,168,2,173,222,0,222,395
05/05/2009,BTL,MI,AGL,CE,Federal Contract Tower,0,0,38,0,38,0,0,162,0,162,0,0,200,0,200,294,0,294,494
05/06/2009,BTL,MI,AGL,CE,Federal Contract Tower,0,4,42,0,46,0,1,121,0,122,0,5,163,0,168,194,1,195,363
05/07/2009,BTL,MI,AGL,CE,Federal Contract Tower,0,0,55,0,55,0,0,39,0,39,0,0,94,0,94,160,0,160,254
05/08/2009,BTL,MI,AGL,CE,Federal Contract Tower,0,1,31,1,33,0,0,131,0,131,0,1,162,1,164,206,0,206,370
05/09/2009,BTL,MI,AGL,CE,Federal Contract Tower,0,0,9,1,10,0,0,4,0,4,0,0,13,1,14,16,0,16,30
05/10/2009,BTL,MI,AGL,CE,Federal Contract Tower,0,0,27,2,29,0,0,85,0,85,0,0,112,2,114,148,0,148,262
05/11/2009,BTL,MI,AGL,CE,Federal Contract Tower,0,0,36,0,36,0,0,103,0,103,0,0,139,0,139,160,0,160,299
05/12/2009,BTL,MI,AGL,CE,Federal Contract Tower,0,0,41,0,41,0,0,145,2,147,0,0,186,2,188,242,0,242,430
05/13/2009,BTL,MI,AGL,CE,Federal Contract Tower,0,0,18,0,18,0,0,33,0,33,0,0,51,0,51,70,0,70,121
05/14/2009,BTL,MI,AGL,CE,Federal Contract Tower,0,2,27,0,29,0,0,36,0,36,0,2,63,0,65,82,4,86,151
05/15/2009,BTL,MI,AGL,CE,Federal Contract Tower,0,33,1,1,35,0,0,80,20,100,0,33,81,21,135,210,20,230,365
05/16/2009,BTL,MI,AGL,CE,Federal Contract Tower,0,0,10,0,10,0,0,11,0,11,0,0,21,0,21,6,0,6,27
05/17/2009,BTL,MI,AGL,CE,Federal Contract Tower,0,0,23,1,24,0,0,77,0,77,0,0,100,1,101,58,0,58,159
05/18/2009,BTL,MI,AGL,CE,Federal Contract Tower,0,0,26,2,28,0,0,130,4,134,0,0,156,6,162,210,2,212,374
05/19/2009,BTL,MI,AGL,CE,Federal Contract Tower,0,1,31,4,36,0,0,127,1,128,0,1,158,5,164,231,6,237,401
05/20/2009,BTL,MI,AGL,CE,Federal Contract Tower,0,2,49,1,52,0,0,132,1,133,0,2,181,2,185,214,10,224,409
05/21/2009,BTL,MI,AGL,CE,Federal Contract Tower,0,0,35,1,36,0,0,97,0,97,0,0,132,1,133,120,2,122,255
05/22/2009,BTL,MI,AGL,CE,Federal Contract Tower,0,0,39,1,40,0,0,98,0,98,0,0,137,1,138,152,8,160,298
05/23/2009,BTL,MI,AGL,CE,Federal Contract Tower,0,0,9,0,9,0,0,56,0,56,0,0,65,0,65,114,0,114,179
05/24/2009,BTL,MI,AGL,CE,Federal Contract Tower,2,0,14,0,16,0,0,79,0,79,2,0,93,0,95,128,0,128,223
05/25/2009,BTL,MI,AGL,CE,Federal Contract Tower,0,0,4,1,5,0,0,24,0,24,0,0,28,1,29,3,0,3,32
05/26/2009,BTL,MI,AGL,CE,Federal Contract Tower,0,0,31,0,31,0,0,90,0,90,0,0,121,0,121,200,0,200,321
05/27/2009,BTL,MI,AGL,CE,Federal Contract Tower,0,1,37,0,38,0,0,7,0,7,0,1,44,0,45,20,0,20,65
05/28/2009,BTL,MI,AGL,CE,Federal Contract Tower,0,0,47,0,47,0,0,5,0,5,0,0,52,0,52,20,0,20,72
05/29/2009,BTL,MI,AGL,CE,Federal Contract Tower,0,0,59,1,60,0,0,127,4,131,0,0,186,5,191,228,28,256,447
05/30/2009,BTL,MI,AGL,CE,Federal Contract Tower,0,0,22,13,35,0,0,68,0,68,0,0,90,13,103,134,14,148,251
05/31/2009,BTL,MI,AGL,CE,Federal Contract Tower,0,1,28,1,30,0,0,108,0,108,0,1,136,1,138,136,0,136,274
06/01/2009,BTL,MI,AGL,CE,Federal Contract Tower,0,0,18,0,18,0,0,73,0,73,0,0,91,0,91,169,1,170,261
06/02/2009,BTL,MI,AGL,CE,Federal Contract Tower,0,1,52,0,53,0,0,103,2,105,0,1,155,2,158,232,4,236,394
06/03/2009,BTL,MI,AGL,CE,Federal Contract Tower,2,0,35,0,37,0,0,159,0,159,2,0,194,0,196,278,0,278,474
06/04/2009,BTL,MI,AGL,CE,Federal Contract Tower,0,0,41,2,43,0,0,109,0,109,0,0,150,2,152,240,1,241,393
06/05/2009,BTL,MI,AGL,CE,Federal Contract Tower,0,2,33,0,35,0,1,107,0,108,0,3,140,0,143,193,0,193,336
06/06/2009,BTL,MI,AGL,CE,Federal Contract Tower,0,0,7,0,7,0,0,55,2,57,0,0,62,2,64,77,0,77,141
06/07/2009,BTL,MI,AGL,CE,Federal Contract Tower,0,0,16,0,16,0,0,56,1,57,0,0,72,1,73,140,4,144,217
06/08/2009,BTL,MI,AGL,CE,Federal Contract Tower,0,0,26,0,26,0,0,21,0,21,0,0,47,0,47,54,0,54,101
06/09/2009,BTL,MI,AGL,CE,Federal Contract Tower,0,0,46,6,52,0,0,39,0,39,0,0,85,6,91,61,0,61,152
06/10/2009,BTL,MI,AGL,CE,Federal Contract Tower,0,0,0,0,0,0,0,97,0,97,0,0,97,0,97,321,0,321,418
06/11/2009,BTL,MI,AGL,CE,Federal Contract Tower,0,0,53,0,53,0,0,7,0,7,0,0,60,0,60,44,0,44,104
06/12/2009,BTL,MI,AGL,CE,Federal Contract Tower,0,0,31,0,31,0,0,126,0,126,0,0,157,0,157,232,0,232,389
06/13/2009,BTL,MI,AGL,CE,Federal Contract Tower,0,0,16,0,16,0,0,67,0,67,0,0,83,0,83,104,0,104,187
06/14/2009,BTL,MI,AGL,CE,Federal Contract Tower,0,0,21,0,21,0,0,79,0,79,0,0,100,0,100,152,0,152,252
06/15/2009,BTL,MI,AGL,CE,Federal Contract Tower,0,0,30,0,30,0,0,121,0,121,0,0,151,0,151,210,0,210,361
06/16/2009,BTL,MI,AGL,CE,Federal Contract Tower,0,0,40,0,40,0,0,141,0,141,0,0,181,0,181,228,0,228,409
06/17/2009,BTL,MI,AGL,CE,Federal Contract Tower,0,2,19,0,21,0,0,0,0,0,0,2,19,0,21,0,0,0,21
06/18/2009,BTL,MI,AGL,CE,Federal Contract Tower,0,0,52,0,52,0,0,92,0,92,0,0,144,0,144,188,0,188,332
06/19/2009,BTL,MI,AGL,CE,Federal Contract Tower,0,0,16,0,16,0,0,38,0,38,0,0,54,0,54,81,0,81,135
06/20/2009,BTL,MI,AGL,CE,Federal Contract Tower,0,0,26,0,26,0,0,36,0,36,0,0,62,0,62,60,0,60,122
06/21/2009,BTL,MI,AGL,CE,Federal Contract Tower,0,0,20,0,20,0,0,98,0,98,0,0,118,0,118,168,0,168,286
06/22/2009,BTL,MI,AGL,CE,Federal Contract Tower,0,3,30,2,35,0,0,98,0,98,0,3,128,2,133,257,0,257,390
06/23/2009,BTL,MI,AGL,CE,Federal Contract Tower,0,3,43,0,46,0,0,135,3,138,0,3,178,3,184,241,0,241,425
06/24/2009,BTL,MI,AGL,CE,Federal Contract Tower,0,0,36,0,36,0,0,115,0,115,0,0,151,0,151,183,0,183,334
06/25/2009,BTL,MI,AGL,CE,Federal Contract Tower,0,0,40,0,40,0,0,129,5,134,0,0,169,5,174,281,2,283,457
06/26/2009,BTL,MI,AGL,CE,Federal Contract Tower,0,0,37,0,37,0,0,102,3,105,0,0,139,3,142,136,4,140,282
06/27/2009,BTL,MI,AGL,CE,Federal Contract Tower,0,2,14,0,16,0,0,76,0,76,0,2,90,0,92,88,1,89,181
06/28/2009,BTL,MI,AGL,CE,Federal Contract Tower,0,0,18,0,18,0,0,24,0,24,0,0,42,0,42,23,4,27,69
06/29/2009,BTL,MI,AGL,CE,Federal Contract Tower,0,0,43,0,43,0,0,62,0,62,0,0,105,0,105,87,5,92,197
06/30/2009,BTL,MI,AGL,CE,Federal Contract Tower,0,0,68,0,68,0,0,28,0,28,0,0,96,0,96,94,0,94,190
07/01/2009,BTL,MI,AGL,CE,Federal Contract Tower,0,3,47,3,53,0,1,21,3,25,0,4,68,6,78,72,0,72,150
07/02/2009,BTL,MI,AGL,CE,Federal Contract Tower,0,1,25,9,35,0,0,19,6,25,0,1,44,15,60,24,6,30,90
07/03/2009,BTL,MI,AGL,CE,Federal Contract Tower,0,0,4,3,7,0,0,39,0,39,0,0,43,3,46,104,4,108,154
07/04/2009,BTL,MI,AGL,CE,Federal Contract Tower,0,0,5,0,5,0,0,83,0,83,0,0,88,0,88,90,0,90,178
07/05/2009,BTL,MI,AGL,CE,Federal Contract Tower,0,0,0,0,0,0,0,46,0,46,0,0,46,0,46,84,0,84,130
07/06/2009,BTL,MI,AGL,CE,Federal Contract Tower,0,0,29,2,31,0,0,105,0,105,0,0,134,2,136,213,0,213,349
07/07/2009,BTL,MI,AGL,CE,Federal Contract Tower,0,0,46,3,49,0,0,146,3,149,0,0,192,6,198,172,0,172,370
07/08/2009,BTL,MI,AGL,CE,Federal Contract Tower,0,1,31,9,41,0,0,162,7,169,0,1,193,16,210,282,4,286,496
07/09/2009,BTL,MI,AGL,CE,Federal Contract Tower,0,2,33,0,35,0,0,126,1,127,0,2,159,1,162,285,4,289,451
07/10/2009,BTL,MI,AGL,CE,Federal Contract Tower,0,0,32,0,32,0,0,89,0,89,0,0,121,0,121,154,0,154,275
07/11/2009,BTL,MI,AGL,CE,Federal Contract Tower,0,0,20,0,20,0,0,67,0,67,0,0,87,0,87,122,4,126,213
07/12/2009,BTL,MI,AGL,CE,Federal Contract Tower,0,4,17,0,21,0,1,87,0,88,0,5,104,0,109,96,0,96,205
07/13/2009,BTL,MI,AGL,CE,Federal Contract Tower,0,1,40,0,41,0,1,100,1,102,0,2,140,1,143,202,0,202,345
07/14/2009,BTL,MI,AGL,CE,Federal Contract Tower,0,0,45,0,45,0,0,136,0,136,0,0,181,0,181,262,0,262,443
07/15/2009,BTL,MI,AGL,CE,Federal Contract Tower,0,0,31,0,31,0,0,74,0,74,0,0,105,0,105,167,0,167,272
07/16/2009,BTL,MI,AGL,CE,Federal Contract Tower,0,0,42,0,42,0,0,144,0,144,0,0,186,0,186,226,0,226,412
07/17/2009,BTL,MI,AGL,CE,Federal Contract Tower,0,2,44,7,53,0,0,96,0,96,0,2,140,7,149,186,18,204,353
07/18/2009,BTL,MI,AGL,CE,Federal Contract Tower,0,0,18,1,19,0,0,61,1,62,0,0,79,2,81,58,0,58,139
07/19/2009,BTL,MI,AGL,CE,Federal Contract Tower,0,4,16,1,21,0,0,67,0,67,0,4,83,1,88,130,0,130,218
07/20/2009,BTL,MI,AGL,CE,Federal Contract Tower,0,4,42,5,51,0,0,124,0,124,0,4,166,5,175,192,0,192,367
07/21/2009,BTL,MI,AGL,CE,Federal Contract Tower,0,0,38,1,39,0,0,96,0,96,0,0,134,1,135,225,1,226,361
07/22/2009,BTL,MI,AGL,CE,Federal Contract Tower,0,2,35,0,37,0,0,87,5,92,0,2,122,5,129,202,35,237,366
07/23/2009,BTL,MI,AGL,CE,Federal Contract Tower,0,1,36,0,37,0,0,46,0,46,0,1,82,0,83,94,0,94,177
07/24/2009,BTL,MI,AGL,CE,Federal Contract Tower,0,0,50,9,59,0,0,89,0,89,0,0,139,9,148,172,4,176,324
07/25/2009,BTL,MI,AGL,CE,Federal Contract Tower,0,2,17,2,21,0,0,22,0,22,0,2,39,2,43,82,0,82,125
07/26/2009,BTL,MI,AGL,CE,Federal Contract Tower,0,1,16,0,17,0,0,53,0,53,0,1,69,0,70,102,0,102,172
07/27/2009,BTL,MI,AGL,CE,Federal Contract Tower,0,1,45,0,46,0,0,122,0,122,0,1,167,0,168,206,0,206,374
07/28/2009,BTL,MI,AGL,CE,Federal Contract Tower,0,0,34,4,38,0,0,64,14,78,0,0,98,18,116,120,2,122,238
07/29/2009,BTL,MI,AGL,CE,Federal Contract Tower,0,1,47,0,48,0,0,129,0,129,0,1,176,0,177,258,0,258,435
07/30/2009,BTL,MI,AGL,CE,Federal Contract Tower,0,2,51,2,55,0,0,108,3,111,0,2,159,5,166,132,10,142,308
07/31/2009,BTL,MI,AGL,CE,Federal Contract Tower,0,1,27,0,28,0,0,69,0,69,0,1,96,0,97,94,2,96,193
08/01/2009,BTL,MI,AGL,CE,Federal Contract Tower,0,1,14,0,15,0,0,39,0,39,0,1,53,0,54,24,0,24,78
08/02/2009,BTL,MI,AGL,CE,Federal Contract Tower,0,0,14,4,18,0,0,35,0,35,0,0,49,4,53,15,8,23,76
08/03/2009,BTL,MI,AGL,CE,Federal Contract Tower,0,3,27,0,30,0,0,66,0,66,0,3,93,0,96,97,6,103,199
08/04/2009,BTL,MI,AGL,CE,Federal Contract Tower,0,1,55,2,58,0,0,102,4,106,0,1,157,6,164,214,34,248,412
08/05/2009,BTL,MI,AGL,CE,Federal Contract Tower,0,0,41,0,41,0,0,142,0,142,0,0,183,0,183,235,0,235,418
08/06/2009,BTL,MI,AGL,CE,Federal Contract Tower,0,0,33,0,33,0,0,115,0,115,0,0,148,0,148,233,0,233,381
08/07/2009,BTL,MI,AGL,CE,Federal Contract Tower,0,1,35,2,38,0,0,102,0,102,0,1,137,2,140,235,0,235,375
08/08/2009,BTL,MI,AGL,CE,Federal Contract Tower,0,0,2,0,2,0,0,0,0,0,0,0,2,0,2,0,0,0,2
08/09/2009,BTL,MI,AGL,CE,Federal Contract Tower,0,0,13,0,13,0,0,11,0,11,0,0,24,0,24,16,0,16,40
08/10/2009,BTL,MI,AGL,CE,Federal Contract Tower,0,1,31,2,34,0,2,59,0,61,0,3,90,2,95,104,0,104,199
08/11/2009,BTL,MI,AGL,CE,Federal Contract Tower,0,0,45,2,47,0,0,108,0,108,0,0,153,2,155,234,1,235,390
08/12/2009,BTL,MI,AGL,CE,Federal Contract Tower,0,4,33,2,39,0,1,63,2,66,0,5,96,4,105,81,20,101,206
08/13/2009,BTL,MI,AGL,CE,Federal Contract Tower,0,3,31,2,36,0,0,140,0,140,0,3,171,2,176,198,10,208,384
08/14/2009,BTL,MI,AGL,CE,Federal Contract Tower,0,1,25,4,30,0,0,89,2,91,0,1,114,6,121,137,2,139,260
08/15/2009,BTL,MI,AGL,CE,Federal Contract Tower,0,0,10,2,12,0,0,52,0,52,0,0,62,2,64,38,4,42,106
08/16/2009,BTL,MI,AGL,CE,Federal Contract Tower,0,0,14,1,15,0,0,17,0,17,0,0,31,1,32,21,16,37,69
08/17/2009,BTL,MI,AGL,CE,Federal Contract Tower,0,2,27,0,29,0,0,15,0,15,0,2,42,0,44,9,0,9,53
08/18/2009,BTL,MI,AGL,CE,Federal Contract Tower,0,1,54,2,57,0,0,70,0,70,0,1,124,2,127,184,2,186,313
08/19/2009,BTL,MI,AGL,CE,Federal Contract Tower,0,1,28,2,31,0,0,120,0,120,0,1,148,2,151,180,0,180,331
08/20/2009,BTL,MI,AGL,CE,Federal Contract Tower,0,4,31,2,37,0,0,22,0,22,0,4,53,2,59,46,0,46,105
08/21/2009,BTL,MI,AGL,CE,Federal Contract Tower,0,1,34,2,37,0,0,45,0,45,0,1,79,2,82,112,0,112,194
08/22/2009,BTL,MI,AGL,CE,Federal Contract Tower,0,0,33,0,33,0,0,49,0,49,0,0,82,0,82,70,0,70,152
08/23/2009,BTL,MI,AGL,CE,Federal Contract Tower,0,1,14,0,15,0,0,22,0,22,0,1,36,0,37,14,4,18,55
08/24/2009,BTL,MI,AGL,CE,Federal Contract Tower,0,0,45,5,50,0,0,109,2,111,0,0,154,7,161,215,12,227,388
08/25/2009,BTL,MI,AGL,CE,Federal Contract Tower,0,1,52,4,57,0,0,110,0,110,0,1,162,4,167,273,0,273,440
08/26/2009,BTL,MI,AGL,CE,Federal Contract Tower,0,1,31,4,36,0,0,44,0,44,0,1,75,4,80,114,0,114,194
08/27/2009,BTL,MI,AGL,CE,Federal Contract Tower,0,2,55,2,59,0,1,59,0,60,0,3,114,2,119,104,0,104,223
08/28/2009,BTL,MI,AGL,CE,Federal Contract Tower,0,3,31,4,38,0,0,1,0,1,0,3,32,4,39,6,0,6,45
08/29/2009,BTL,MI,AGL,CE,Federal Contract Tower,0,3,27,0,30,0,0,8,0,8,0,3,35,0,38,94,0,94,132
08/30/2009,BTL,MI,AGL,CE,Federal Contract Tower,0,0,7,0,7,0,0,36,0,36,0,0,43,0,43,132,2,134,177
08/31/2009,BTL,MI,AGL,CE,Federal Contract Tower,0,2,40,0,42,0,0,113,0,113,0,2,153,0,155,135,0,135,290
09/01/2009,BTL,MI,AGL,CE,Federal Contract Tower,0,3,49,11,63,0,0,117,0,117,0,3,166,11,180,192,18,210,390
09/02/2009,BTL,MI,AGL,CE,Federal Contract Tower,0,0,37,2,39,0,0,116,0,116,0,0,153,2,155,171,2,173,328
09/03/2009,BTL,MI,AGL,CE,Federal Contract Tower,0,0,42,2,44,0,0,101,0,101,0,0,143,2,145,186,0,186,331
09/04/2009,BTL,MI,AGL,CE,Federal Contract Tower,0,0,37,0,37,0,0,80,0,80,0,0,117,0,117,104,0,104,221
09/05/2009,BTL,MI,AGL,CE,Federal Contract Tower,0,0,12,0,12,0,0,50,0,50,0,0,62,0,62,24,0,24,86
09/06/2009,BTL,MI,AGL,CE,Federal Contract Tower,0,0,9,0,9,0,0,25,0,25,0,0,34,0,34,19,0,19,53
09/07/2009,BTL,MI,AGL,CE,Federal Contract Tower,0,1,6,0,7,0,0,27,0,27,0,1,33,0,34,17,0,17,51
09/08/2009,BTL,MI,AGL,CE,Federal Contract Tower,0,1,22,3,26,0,0,5,0,5,0,1,27,3,31,5,0,5,36
09/09/2009,BTL,MI,AGL,CE,Federal Contract Tower,0,0,38,4,42,0,0,53,1,54,0,0,91,5,96,136,0,136,232
09/10/2009,BTL,MI,AGL,CE,Federal Contract Tower,0,0,31,4,35,0,0,78,2,80,0,0,109,6,115,134,4,138,253
09/11/2009,BTL,MI,AGL,CE,Federal Contract Tower,0,1,44,4,49,0,0,77,0,77,0,1,121,4,126,150,4,154,280
09/12/2009,BTL,MI,AGL,CE,Federal Contract Tower,0,0,26,1,27,0,0,98,1,99,0,0,124,2,126,192,6,198,324
09/13/2009,BTL,MI,AGL,CE,Federal Contract Tower,0,0,23,2,25,0,0,106,0,106,0,0,129,2,131,116,2,118,249
09/14/2009,BTL,MI,AGL,CE,Federal Contract Tower,0,0,38,2,40,0,0,187,0,187,0,0,225,2,227,190,0,190,417
09/15/2009,BTL,MI,AGL,CE,Federal Contract Tower,0,1,41,4,46,0,0,104,0,104,0,1,145,4,150,218,0,218,368
09/16/2009,BTL,MI,AGL,CE,Federal Contract Tower,0,0,35,1,36,0,0,147,0,147,0,0,182,1,183,228,0,228,411
09/17/2009,BTL,MI,AGL,CE,Federal Contract Tower,0,1,50,2,53,0,0,149,2,151,0,1,199,4,204,226,10,236,440
09/18/2009,BTL,MI,AGL,CE,Federal Contract Tower,0,0,50,2,52,0,0,123,0,123,0,0,173,2,175,224,2,226,401
09/19/2009,BTL,MI,AGL,CE,Federal Contract Tower,0,1,22,2,25,0,0,140,0,140,0,1,162,2,165,166,2,168,333
09/20/2009,BTL,MI,AGL,CE,Federal Contract Tower,0,1,14,2,17,0,0,0,0,0,0,1,14,2,17,180,2,182,199
09/21/2009,BTL,MI,AGL,CE,Federal Contract Tower,0,1,29,0,30,0,0,20,0,20,0,1,49,0,50,35,0,35,85
09/22/2009,BTL,MI,AGL,CE,Federal Contract Tower,0,0,39,9,48,0,0,58,0,58,0,0,97,9,106,99,14,113,219
09/23/2009,BTL,MI,AGL,CE,Federal Contract Tower,0,1,42,5,48,0,0,28,8,36,0,1,70,13,84,58,0,58,142
09/24/2009,BTL,MI,AGL,CE,Federal Contract Tower,0,2,30,2,34,0,0,184,3,187,0,2,214,5,221,294,6,300,521
09/25/2009,BTL,MI,AGL,CE,Federal Contract Tower,0,1,43,2,46,0,0,152,24,176,0,1,195,26,222,206,16,222,444
09/26/2009,BTL,MI,AGL,CE,Federal Contract Tower,0,3,18,0,21,0,0,9,0,9,0,3,27,0,30,38,0,38,68
09/27/2009,BTL,MI,AGL,CE,Federal Contract Tower,0,0,19,0,19,0,0,62,12,74,0,0,81,12,93,130,12,142,235
09/28/2009,BTL,MI,AGL,CE,Federal Contract Tower,0,1,21,0,22,0,0,0,0,0,0,1,21,0,22,0,0,0,22
09/29/2009,BTL,MI,AGL,CE,Federal Contract Tower,0,2,42,2,46,0,4,11,0,15,0,6,53,2,61,59,0,59,120
09/30/2009,BTL,MI,AGL,CE,Federal Contract Tower,0,2,80,4,86,0,0,168,0,168,0,2,248,4,254,316,2,318,572
10/01/2009,BTL,MI,AGL,CE,Federal Contract Tower,0,0,49,2,51,0,0,191,0,191,0,0,240,2,242,298,4,302,544
10/02/2009,BTL,MI,AGL,CE,Federal Contract Tower,0,1,32,4,37,0,0,29,0,29,0,1,61,4,66,90,0,90,156
10/03/2009,BTL,MI,AGL,CE,Federal Contract Tower,0,0,12,2,14,0,0,22,0,22,0,0,34,2,36,82,0,82,118
10/04/2009,BTL,MI,AGL,CE,Federal Contract Tower,0,0,25,3,28,0,0,48,0,48,0,0,73,3,76,139,0,139,215
10/05/2009,BTL,MI,AGL,CE,Federal Contract Tower,0,1,42,2,45,0,1,167,0,168,0,2,209,2,213,286,0,286,499
10/06/2009,BTL,MI,AGL,CE,Federal Contract Tower,0,0,30,5,35,0,0,95,0,95,0,0,125,5,130,182,0,182,312
10/07/2009,BTL,MI,AGL,CE,Federal Contract Tower,0,0,0,0,0,0,0,99,0,99,0,0,99,0,99,186,0,186,285
10/08/2009,BTL,MI,AGL,CE,Federal Contract Tower,0,1,26,5,32,0,0,109,0,109,0,1,135,5,141,265,0,265,406
10/09/2009,BTL,MI,AGL,CE,Federal Contract Tower,0,1,25,2,28,0,0,0,0,0,0,1,25,2,28,0,0,0,28
10/10/2009,BTL,MI,AGL,CE,Federal Contract Tower,0,0,19,0,19,0,0,120,0,120,0,0,139,0,139,428,0,428,567
10/11/2009,BTL,MI,AGL,CE,Federal Contract Tower,0,0,19,0,19,0,0,177,0,177,0,0,196,0,196,652,0,652,848
10/12/2009,BTL,MI,AGL,CE,Federal Contract Tower,0,0,29,2,31,0,0,209,0,209,0,0,238,2,240,676,0,676,916
10/13/2009,BTL,MI,AGL,CE,Federal Contract Tower,0,3,30,2,35,0,0,222,0,222,0,3,252,2,257,678,0,678,935
10/14/2009,BTL,MI,AGL,CE,Federal Contract Tower,0,1,36,2,39,0,0,140,0,140,0,1,176,2,179,145,0,145,324
10/15/2009,BTL,MI,AGL,CE,Federal Contract Tower,0,0,37,2,39,0,0,50,0,50,0,0,87,2,89,102,0,102,191
10/16/2009,BTL,MI,AGL,CE,Federal Contract Tower,0,2,38,2,42,0,0,315,0,315,0,2,353,2,357,390,0,390,747
10/17/2009,BTL,MI,AGL,CE,Federal Contract Tower,0,0,17,0,17,0,0,67,0,67,0,0,84,0,84,70,0,70,154
10/18/2009,BTL,MI,AGL,CE,Federal Contract Tower,0,3,16,0,19,0,0,98,0,98,0,3,114,0,117,234,0,234,351
10/19/2009,BTL,MI,AGL,CE,Federal Contract Tower,0,2,31,1,34,0,0,120,1,121,0,2,151,2,155,264,0,264,419
10/20/2009,BTL,MI,AGL,CE,Federal Contract Tower,0,0,45,2,47,0,0,148,0,148,0,0,193,2,195,276,0,276,471
10/21/2009,BTL,MI,AGL,CE,Federal Contract Tower,0,0,41,3,44,0,0,155,0,155,0,0,196,3,199,275,0,275,474
10/22/2009,BTL,MI,AGL,CE,Federal Contract Tower,0,2,35,4,41,0,0,41,0,41,0,2,76,4,82,84,0,84,166
10/23/2009,BTL,MI,AGL,CE,Federal Contract Tower,1,0,14,1,16,0,0,0,0,0,1,0,14,1,16,0,0,0,16
10/24/2009,BTL,MI,AGL,CE,Federal Contract Tower,1,0,11,0,12,0,0,2,4,6,1,0,13,4,18,12,4,16,34
10/25/2009,BTL,MI,AGL,CE,Federal Contract Tower,0,2,20,1,23,0,0,118,0,118,0,2,138,1,141,268,0,268,409
10/26/2009,BTL,MI,AGL,CE,Federal Contract Tower,0,1,61,0,62,0,0,119,2,121,0,1,180,2,183,294,4,298,481
10/27/2009,BTL,MI,AGL,CE,Federal Contract Tower,0,1,49,2,52,0,0,88,0,88,0,1,137,2,140,294,0,294,434
10/28/2009,BTL,MI,AGL,CE,Federal Contract Tower,0,1,35,2,38,0,0,69,10,79,0,1,104,12,117,202,6,208,325
10/29/2009,BTL,MI,AGL,CE,Federal Contract Tower,0,0,51,3,54,0,0,130,0,130,0,0,181,3,184,376,2,378,562
10/30/2009,BTL,MI,AGL,CE,Federal Contract Tower,0,0,14,5,19,0,0,1,0,1,0,0,15,5,20,6,0,6,26
10/31/2009,BTL,MI,AGL,CE,Federal Contract Tower,0,0,12,0,12,0,0,15,0,15,0,0,27,0,27,12,0,12,39
11/01/2009,BTL,MI,AGL,CE,Federal Contract Tower,0,0,32,0,32,0,0,97,0,97,0,0,129,0,129,234,0,234,363
11/02/2009,BTL,MI,AGL,CE,Federal Contract Tower,0,2,40,0,42,0,0,94,0,94,0,2,134,0,136,221,0,221,357
11/03/2009,BTL,MI,AGL,CE,Federal Contract Tower,0,0,50,3,53,0,0,128,0,128,0,0,178,3,181,341,2,343,524
11/04/2009,BTL,MI,AGL,CE,Federal Contract Tower,0,2,38,2,42,0,0,140,0,140,0,2,178,2,182,309,0,309,491
11/05/2009,BTL,MI,AGL,CE,Federal Contract Tower,0,5,36,2,43,0,0,128,0,128,0,5,164,2,171,240,0,240,411
11/06/2009,BTL,MI,AGL,CE,Federal Contract Tower,0,2,36,3,41,0,0,157,2,159,0,2,193,5,200,304,0,304,504
11/07/2009,BTL,MI,AGL,CE,Federal Contract Tower,0,0,15,3,18,0,0,101,12,113,0,0,116,15,131,152,2,154,285
11/08/2009,BTL,MI,AGL,CE,Federal Contract Tower,0,1,23,2,26,0,0,127,6,133,0,1,150,8,159,218,8,226,385
11/09/2009,BTL,MI,AGL,CE,Federal Contract Tower,0,1,36,2,39,0,0,128,0,128,0,1,164,2,167,250,0,250,417
11/10/2009,BTL,MI,AGL,CE,Federal Contract Tower,0,1,51,2,54,0,0,144,2,146,0,1,195,4,200,313,0,313,513
11/11/2009,BTL,MI,AGL,CE,Federal Contract Tower,0,3,44,0,47,0,0,153,4,157,0,3,197,4,204,366,2,368,572
11/12/2009,BTL,MI,AGL,CE,Federal Contract Tower,0,1,35,2,38,0,0,156,0,156,0,1,191,2,194,372,2,374,568
11/13/2009,BTL,MI,AGL,CE,Federal Contract Tower,0,4,42,4,50,0,0,127,4,131,0,4,169,8,181,302,0,302,483
11/14/2009,BTL,MI,AGL,CE,Federal Contract Tower,0,0,37,0,37,0,0,180,0,180,0,0,217,0,217,246,0,246,463
11/15/2009,BTL,MI,AGL,CE,Federal Contract Tower,0,0,23,0,23,0,0,116,0,116,0,0,139,0,139,228,0,228,367
11/16/2009,BTL,MI,AGL,CE,Federal Contract Tower,2,0,26,2,30,0,0,125,0,125,2,0,151,2,155,271,0,271,426
11/17/2009,BTL,MI,AGL,CE,Federal Contract Tower,0,4,33,2,39,0,0,100,0,100,0,4,133,2,139,176,32,208,347
11/18/2009,BTL,MI,AGL,CE,Federal Contract Tower,0,1,57,4,62,0,0,82,6,88,0,1,139,10,150,248,6,254,404
11/19/2009,BTL,MI,AGL,CE,Federal Contract Tower,0,1,50,7,58,0,0,28,0,28,0,1,78,7,86,46,0,46,132
11/20/2009,BTL,MI,AGL,CE,Federal Contract Tower,0,2,35,5,42,0,0,9,1,10,0,2,44,6,52,44,0,44,96
11/21/2009,BTL,MI,AGL,CE,Federal Contract Tower,0,2,40,2,44,0,0,127,0,127,0,2,167,2,171,218,0,218,389
11/22/2009,BTL,MI,AGL,CE,Federal Contract Tower,2,1,32,0,35,0,0,103,0,103,2,1,135,0,138,236,0,236,374
11/23/2009,BTL,MI,AGL,CE,Federal Contract Tower,0,1,47,1,49,0,0,82,0,82,0,1,129,1,131,189,0,189,320
11/24/2009,BTL,MI,AGL,CE,Federal Contract Tower,0,0,38,2,40,0,0,22,4,26,0,0,60,6,66,68,22,90,156
11/25/2009,BTL,MI,AGL,CE,Federal Contract Tower,0,0,9,0,9,0,0,3,3,6,0,0,12,3,15,13,8,21,36
11/26/2009,BTL,MI,AGL,CE,Federal Contract Tower,0,0,0,0,0,0,0,0,0,0,0,0,0,0,0,2,0,2,2
11/27/2009,BTL,MI,AGL,CE,Federal Contract Tower,0,0,0,0,0,0,0,0,0,0,0,0,0,0,0,0,0,0,0
11/28/2009,BTL,MI,AGL,CE,Federal Contract Tower,0,0,7,0,7,0,0,46,0,46,0,0,53,0,53,32,0,32,85
11/29/2009,BTL,MI,AGL,CE,Federal Contract Tower,0,1,10,0,11,0,0,6,0,6,0,1,16,0,17,6,0,6,23
11/30/2009,BTL,MI,AGL,CE,Federal Contract Tower,0,3,45,0,48,0,0,92,0,92,0,3,137,0,140,209,0,209,349
12/01/2009,BTL,MI,AGL,CE,Federal Contract Tower,0,1,46,2,49,0,0,185,0,185,0,1,231,2,234,372,0,372,606
12/02/2009,BTL,MI,AGL,CE,Federal Contract Tower,0,1,57,2,60,0,0,124,2,126,0,1,181,4,186,282,4,286,472
12/03/2009,BTL,MI,AGL,CE,Federal Contract Tower,0,3,14,4,21,0,0,9,2,11,0,3,23,6,32,26,2,28,60
12/04/2009,BTL,MI,AGL,CE,Federal Contract Tower,0,1,31,4,36,0,0,23,0,23,0,1,54,4,59,80,0,80,139
12/05/2009,BTL,MI,AGL,CE,Federal Contract Tower,0,2,30,3,35,0,0,119,0,119,0,2,149,3,154,212,0,212,366
12/06/2009,BTL,MI,AGL,CE,Federal Contract Tower,0,1,34,2,37,0,0,125,4,129,0,1,159,6,166,230,6,236,402
12/07/2009,BTL,MI,AGL,CE,Federal Contract Tower,0,2,35,1,38,0,0,39,0,39,0,2,74,1,77,118,0,118,195
12/08/2009,BTL,MI,AGL,CE,Federal Contract Tower,0,8,24,2,34,0,0,18,0,18,0,8,42,2,52,70,0,70,122
12/09/2009,BTL,MI,AGL,CE,Federal Contract Tower,0,1,8,0,9,0,0,1,0,1,0,1,9,0,10,6,0,6,16
12/10/2009,BTL,MI,AGL,CE,Federal Contract Tower,0,3,10,0,13,0,0,0,0,0,0,3,10,0,13,0,0,0,13
12/11/2009,BTL,MI,AGL,CE,Federal Contract Tower,0,2,48,0,50,0,0,19,0,19,0,2,67,0,69,34,0,34,103
12/12/2009,BTL,MI,AGL,CE,Federal Contract Tower,0,1,45,0,46,0,0,145,0,145,0,1,190,0,191,206,0,206,397
12/13/2009,BTL,MI,AGL,CE,Federal Contract Tower,0,2,4,0,6,0,0,0,0,0,0,2,4,0,6,0,0,0,6
12/14/2009,BTL,MI,AGL,CE,Federal Contract Tower,0,2,12,0,14,0,0,0,0,0,0,2,12,0,14,0,0,0,14
12/15/2009,BTL,MI,AGL,CE,Federal Contract Tower,0,4,25,2,31,0,0,7,0,7,0,4,32,2,38,2,0,2,40
12/16/2009,BTL,MI,AGL,CE,Federal Contract Tower,0,6,74,4,84,0,0,120,3,123,0,6,194,7,207,258,6,264,471
12/17/2009,BTL,MI,AGL,CE,Federal Contract Tower,0,4,40,5,49,0,0,138,3,141,0,4,178,8,190,214,0,214,404
12/18/2009,BTL,MI,AGL,CE,Federal Contract Tower,0,2,35,2,39,0,0,95,1,96,0,2,130,3,135,142,0,142,277
12/19/2009,BTL,MI,AGL,CE,Federal Contract Tower,0,0,2,0,2,0,0,0,0,0,0,0,2,0,2,0,0,0,2
12/20/2009,BTL,MI,AGL,CE,Federal Contract Tower,0,2,15,0,17,0,0,24,0,24,0,2,39,0,41,58,0,58,99
12/21/2009,BTL,MI,AGL,CE,Federal Contract Tower,0,2,7,0,9,0,0,0,0,0,0,2,7,0,9,2,0,2,11
12/22/2009,BTL,MI,AGL,CE,Federal Contract Tower,0,1,19,0,20,0,0,30,0,30,0,1,49,0,50,42,0,42,92
12/23/2009,BTL,MI,AGL,CE,Federal Contract Tower,0,0,13,2,15,0,0,46,4,50,0,0,59,6,65,55,8,63,128
12/24/2009,BTL,MI,AGL,CE,Federal Contract Tower,0,1,2,0,3,0,0,0,0,0,0,1,2,0,3,0,0,0,3
12/25/2009,BTL,MI,AGL,CE,Federal Contract Tower,0,2,0,0,2,0,0,0,0,0,0,2,0,0,2,0,0,0,2
12/26/2009,BTL,MI,AGL,CE,Federal Contract Tower,0,3,2,0,5,0,0,1,0,1,0,3,3,0,6,0,0,0,6
12/27/2009,BTL,MI,AGL,CE,Federal Contract Tower,0,2,4,0,6,0,0,1,0,1,0,2,5,0,7,0,0,0,7
12/28/2009,BTL,MI,AGL,CE,Federal Contract Tower,0,1,1,0,2,0,0,0,0,0,0,1,1,0,2,0,0,0,2
12/29/2009,BTL,MI,AGL,CE,Federal Contract Tower,0,0,12,2,14,0,0,2,1,3,0,0,14,3,17,15,1,16,33
12/30/2009,BTL,MI,AGL,CE,Federal Contract Tower,0,0,4,2,6,0,0,8,2,10,0,0,12,4,16,6,3,9,25
12/31/2009,BTL,MI,AGL,CE,Federal Contract Tower,0,0,1,0,1,0,0,0,0,0,0,0,1,0,1,0,0,0,1
01/01/2010,BTL,MI,AGL,CE,Federal Contract Tower,0,0,0,0,0,0,0,2,0,2,0,0,2,0,2,0,0,0,2
01/02/2010,BTL,MI,AGL,CE,Federal Contract Tower,0,1,5,0,6,0,0,7,0,7,0,1,12,0,13,22,0,22,35
01/03/2010,BTL,MI,AGL,CE,Federal Contract Tower,0,1,7,0,8,0,0,4,0,4,0,1,11,0,12,16,0,16,28
01/04/2010,BTL,MI,AGL,CE,Federal Contract Tower,0,2,9,0,11,0,0,5,0,5,0,2,14,0,16,31,0,31,47
01/05/2010,BTL,MI,AGL,CE,Federal Contract Tower,0,6,31,2,39,0,0,16,1,17,0,6,47,3,56,43,3,46,102
01/06/2010,BTL,MI,AGL,CE,Federal Contract Tower,0,1,29,2,32,0,0,22,4,26,0,1,51,6,58,70,16,86,144
01/07/2010,BTL,MI,AGL,CE,Federal Contract Tower,0,1,5,0,6,0,0,0,0,0,0,1,5,0,6,0,0,0,6
01/08/2010,BTL,MI,AGL,CE,Federal Contract Tower,0,0,21,2,23,0,0,17,5,22,0,0,38,7,45,14,12,26,71
01/09/2010,BTL,MI,AGL,CE,Federal Contract Tower,0,0,11,4,15,0,0,59,12,71,0,0,70,16,86,90,28,118,204
01/10/2010,BTL,MI,AGL,CE,Federal Contract Tower,0,0,17,2,19,0,0,62,10,72,0,0,79,12,91,160,20,180,271
01/11/2010,BTL,MI,AGL,CE,Federal Contract Tower,0,1,23,0,24,0,0,21,0,21,0,1,44,0,45,56,0,56,101
01/12/2010,BTL,MI,AGL,CE,Federal Contract Tower,0,3,36,2,41,0,0,65,2,67,0,3,101,4,108,2,2,4,112
01/13/2010,BTL,MI,AGL,CE,Federal Contract Tower,0,3,64,5,72,0,0,112,0,112,0,3,176,5,184,224,12,236,420
01/14/2010,BTL,MI,AGL,CE,Federal Contract Tower,0,1,36,2,39,0,0,88,2,90,0,1,124,4,129,288,16,304,433
01/15/2010,BTL,MI,AGL,CE,Federal Contract Tower,0,0,35,9,44,0,0,61,0,61,0,0,96,9,105,176,0,176,281
01/16/2010,BTL,MI,AGL,CE,Federal Contract Tower,0,0,10,0,10,0,0,5,0,5,0,0,15,0,15,2,0,2,17
01/17/2010,BTL,MI,AGL,CE,Federal Contract Tower,0,4,5,0,9,0,0,4,0,4,0,4,9,0,13,0,0,0,13
01/18/2010,BTL,MI,AGL,CE,Federal Contract Tower,0,1,6,1,8,0,0,0,0,0,0,1,6,1,8,1,0,1,9
01/19/2010,BTL,MI,AGL,CE,Federal Contract Tower,0,1,38,3,42,0,0,98,2,100,0,1,136,5,142,266,8,274,416
01/20/2010,BTL,MI,AGL,CE,Federal Contract Tower,0,2,48,2,52,0,0,158,11,169,0,2,206,13,221,250,6,256,477
01/21/2010,BTL,MI,AGL,CE,Federal Contract Tower,0,2,43,3,48,0,0,104,3,107,0,2,147,6,155,160,16,176,331
01/22/2010,BTL,MI,AGL,CE,Federal Contract Tower,0,2,12,0,14,0,0,2,0,2,0,2,14,0,16,0,0,0,16
01/23/2010,BTL,MI,AGL,CE,Federal Contract Tower,0,1,3,0,4,0,0,0,0,0,0,1,3,0,4,0,0,0,4
01/24/2010,BTL,MI,AGL,CE,Federal Contract Tower,0,5,7,1,13,0,0,0,0,0,0,5,7,1,13,2,0,2,15
01/25/2010,BTL,MI,AGL,CE,Federal Contract Tower,0,1,21,0,22,0,0,28,0,28,0,1,49,0,50,37,0,37,87
01/26/2010,BTL,MI,AGL,CE,Federal Contract Tower,0,3,18,0,21,0,0,0,0,0,0,3,18,0,21,2,0,2,23
01/27/2010,BTL,MI,AGL,CE,Federal Contract Tower,0,1,42,6,49,0,0,58,0,58,0,1,100,6,107,82,0,82,189
01/28/2010,BTL,MI,AGL,CE,Federal Contract Tower,0,2,31,0,33,0,2,38,6,46,0,4,69,6,79,70,18,88,167
01/29/2010,BTL,MI,AGL,CE,Federal Contract Tower,0,1,60,3,64,0,0,172,0,172,0,1,232,3,236,262,0,262,498
01/30/2010,BTL,MI,AGL,CE,Federal Contract Tower,0,1,31,0,32,0,0,140,0,140,0,1,171,0,172,208,0,208,380
01/31/2010,BTL,MI,AGL,CE,Federal Contract Tower,0,4,23,0,27,0,0,95,0,95,0,4,118,0,122,138,0,138,260
02/01/2010,BTL,MI,AGL,CE,Federal Contract Tower,0,0,38,0,38,0,0,68,0,68,0,0,106,0,106,116,0,116,222
02/02/2010,BTL,MI,AGL,CE,Federal Contract Tower,0,1,14,2,17,0,0,0,0,0,0,1,14,2,17,0,0,0,17
02/03/2010,BTL,MI,AGL,CE,Federal Contract Tower,0,1,19,4,24,0,0,18,4,22,0,1,37,8,46,77,4,81,127
02/04/2010,BTL,MI,AGL,CE,Federal Contract Tower,0,3,51,2,56,0,0,190,0,190,0,3,241,2,246,322,2,324,570
02/05/2010,BTL,MI,AGL,CE,Federal Contract Tower,0,2,30,0,32,0,0,106,0,106,0,2,136,0,138,226,0,226,364
02/06/2010,BTL,MI,AGL,CE,Federal Contract Tower,0,0,21,0,21,0,0,58,0,58,0,0,79,0,79,68,0,68,147
02/07/2010,BTL,MI,AGL,CE,Federal Contract Tower,0,1,39,2,42,0,0,98,0,98,0,1,137,2,140,208,0,208,348
02/08/2010,BTL,MI,AGL,CE,Federal Contract Tower,0,4,37,2,43,0,0,169,0,169,0,4,206,2,212,254,0,254,466
02/09/2010,BTL,MI,AGL,CE,Federal Contract Tower,0,1,8,0,9,0,0,0,0,0,0,1,8,0,9,0,0,0,9
02/10/2010,BTL,MI,AGL,CE,Federal Contract Tower,0,1,21,0,22,0,0,43,0,43,0,1,64,0,65,142,0,142,207
02/11/2010,BTL,MI,AGL,CE,Federal Contract Tower,0,2,31,2,35,0,0,45,6,51,0,2,76,8,86,136,12,148,234
02/12/2010,BTL,MI,AGL,CE,Federal Contract Tower,0,0,42,0,42,0,0,61,0,61,0,0,103,0,103,124,0,124,227
02/13/2010,BTL,MI,AGL,CE,Federal Contract Tower,0,0,25,0,25,0,0,40,0,40,0,0,65,0,65,118,0,118,183
02/14/2010,BTL,MI,AGL,CE,Federal Contract Tower,0,0,17,0,17,0,0,112,0,112,0,0,129,0,129,258,0,258,387
02/15/2010,BTL,MI,AGL,CE,Federal Contract Tower,0,2,37,0,39,0,0,69,0,69,0,2,106,0,108,216,0,216,324
02/16/2010,BTL,MI,AGL,CE,Federal Contract Tower,12,1,14,0,27,0,0,4,0,4,12,1,18,0,31,16,0,16,47
02/17/2010,BTL,MI,AGL,CE,Federal Contract Tower,0,3,16,2,21,0,0,2,0,2,0,3,18,2,23,6,0,6,29
02/18/2010,BTL,MI,AGL,CE,Federal Contract Tower,0,0,61,4,65,0,0,167,0,167,0,0,228,4,232,314,0,314,546
02/19/2010,BTL,MI,AGL,CE,Federal Contract Tower,0,1,36,2,39,0,0,154,0,154,0,1,190,2,193,212,0,212,405
02/20/2010,BTL,MI,AGL,CE,Federal Contract Tower,0,2,31,0,33,0,0,115,0,115,0,2,146,0,148,272,0,272,420
02/21/2010,BTL,MI,AGL,CE,Federal Contract Tower,0,1,26,0,27,0,0,48,0,48,0,1,74,0,75,196,0,196,271
02/22/2010,BTL,MI,AGL,CE,Federal Contract Tower,0,3,11,0,14,0,0,0,0,0,0,3,11,0,14,0,0,0,14
02/23/2010,BTL,MI,AGL,CE,Federal Contract Tower,0,1,35,2,38,0,0,92,0,92,0,1,127,2,130,184,0,184,314
02/24/2010,BTL,MI,AGL,CE,Federal Contract Tower,0,2,11,2,15,0,0,2,0,2,0,2,13,2,17,0,0,0,17
02/25/2010,BTL,MI,AGL,CE,Federal Contract Tower,0,2,25,2,29,0,0,33,4,37,0,2,58,6,66,90,12,102,168
02/26/2010,BTL,MI,AGL,CE,Federal Contract Tower,0,1,15,5,21,0,0,0,0,0,0,1,15,5,21,0,2,2,23
02/27/2010,BTL,MI,AGL,CE,Federal Contract Tower,0,2,9,2,13,0,0,6,0,6,0,2,15,2,19,5,0,5,24
02/28/2010,BTL,MI,AGL,CE,Federal Contract Tower,0,1,15,0,16,0,0,33,0,33,0,1,48,0,49,68,0,68,117
03/01/2010,BTL,MI,AGL,CE,Federal Contract Tower,0,0,33,0,33,0,0,96,0,96,0,0,129,0,129,194,0,194,323
03/02/2010,BTL,MI,AGL,CE,Federal Contract Tower,0,0,33,3,36,0,0,102,0,102,0,0,135,3,138,292,0,292,430
03/03/2010,BTL,MI,AGL,CE,Federal Contract Tower,0,4,39,8,51,0,0,119,0,119,0,4,158,8,170,254,16,270,440
03/04/2010,BTL,MI,AGL,CE,Federal Contract Tower,0,6,37,5,48,0,0,116,2,118,0,6,153,7,166,286,0,286,452
03/05/2010,BTL,MI,AGL,CE,Federal Contract Tower,0,2,43,2,47,0,0,98,0,98,0,2,141,2,145,148,0,148,293
03/06/2010,BTL,MI,AGL,CE,Federal Contract Tower,0,3,25,7,35,0,0,71,0,71,0,3,96,7,106,160,2,162,268
03/07/2010,BTL,MI,AGL,CE,Federal Contract Tower,0,2,24,6,32,0,0,68,2,70,0,2,92,8,102,130,12,142,244
03/08/2010,BTL,MI,AGL,CE,Federal Contract Tower,0,1,49,0,50,0,0,106,0,106,0,1,155,0,156,264,0,264,420
03/09/2010,BTL,MI,AGL,CE,Federal Contract Tower,0,2,38,2,42,0,0,166,0,166,0,2,204,2,208,244,0,244,452
03/10/2010,BTL,MI,AGL,CE,Federal Contract Tower,0,0,19,2,21,0,0,64,3,67,0,0,83,5,88,164,0,164,252
03/11/2010,BTL,MI,AGL,CE,Federal Contract Tower,0,4,31,2,37,0,0,96,0,96,0,4,127,2,133,222,0,222,355
03/12/2010,BTL,MI,AGL,CE,Federal Contract Tower,0,1,16,2,19,0,0,0,0,0,0,1,16,2,19,0,0,0,19
03/13/2010,BTL,MI,AGL,CE,Federal Contract Tower,0,2,7,0,9,0,0,0,0,0,0,2,7,0,9,4,0,4,13
03/14/2010,BTL,MI,AGL,CE,Federal Contract Tower,0,0,8,0,8,0,0,0,0,0,0,0,8,0,8,2,0,2,10
03/15/2010,BTL,MI,AGL,CE,Federal Contract Tower,0,3,56,0,59,0,0,26,0,26,0,3,82,0,85,188,0,188,273
03/16/2010,BTL,MI,AGL,CE,Federal Contract Tower,0,1,59,1,61,0,0,168,8,176,0,1,227,9,237,316,50,366,603
03/17/2010,BTL,MI,AGL,CE,Federal Contract Tower,0,1,52,2,55,0,0,177,0,177,0,1,229,2,232,364,2,366,598
03/18/2010,BTL,MI,AGL,CE,Federal Contract Tower,0,2,39,3,44,0,0,136,0,136,0,2,175,3,180,284,2,286,466
03/19/2010,BTL,MI,AGL,CE,Federal Contract Tower,0,1,43,4,48,0,0,165,12,177,0,1,208,16,225,210,0,210,435
03/20/2010,BTL,MI,AGL,CE,Federal Contract Tower,0,2,1,0,3,0,0,0,0,0,0,2,1,0,3,2,0,2,5
03/21/2010,BTL,MI,AGL,CE,Federal Contract Tower,0,2,11,2,15,0,0,76,0,76,0,2,87,2,91,161,36,197,288
03/22/2010,BTL,MI,AGL,CE,Federal Contract Tower,0,0,33,0,33,0,0,73,0,73,0,0,106,0,106,191,0,191,297
03/23/2010,BTL,MI,AGL,CE,Federal Contract Tower,0,2,32,0,34,0,0,137,2,139,0,2,169,2,173,278,2,280,453
03/24/2010,BTL,MI,AGL,CE,Federal Contract Tower,0,0,49,3,52,0,0,178,9,187,0,0,227,12,239,347,4,351,590
03/25/2010,BTL,MI,AGL,CE,Federal Contract Tower,0,1,45,3,49,0,0,108,12,120,0,1,153,15,169,210,28,238,407
03/26/2010,BTL,MI,AGL,CE,Federal Contract Tower,0,5,36,2,43,0,0,216,0,216,0,5,252,2,259,356,0,356,615
03/27/2010,BTL,MI,AGL,CE,Federal Contract Tower,0,2,14,0,16,0,0,162,0,162,0,2,176,0,178,350,0,350,528
03/28/2010,BTL,MI,AGL,CE,Federal Contract Tower,0,0,26,0,26,0,0,24,0,24,0,0,50,0,50,34,0,34,84
03/29/2010,BTL,MI,AGL,CE,Federal Contract Tower,0,2,50,0,52,0,0,84,0,84,0,2,134,0,136,127,0,127,263
03/30/2010,BTL,MI,AGL,CE,Federal Contract Tower,0,0,48,5,53,0,0,159,3,162,0,0,207,8,215,315,10,325,540
03/31/2010,BTL,MI,AGL,CE,Federal Contract Tower,0,0,40,2,42,0,0,107,5,112,0,0,147,7,154,136,0,136,290
04/01/2010,BTL,MI,AGL,CE,Federal Contract Tower,0,0,34,5,39,0,0,118,0,118,0,0,152,5,157,243,2,245,402
04/02/2010,BTL,MI,AGL,CE,Federal Contract Tower,0,0,26,4,30,0,0,90,0,90,0,0,116,4,120,154,0,154,274
04/03/2010,BTL,MI,AGL,CE,Federal Contract Tower,0,0,6,0,6,0,0,36,0,36,0,0,42,0,42,82,0,82,124
04/04/2010,BTL,MI,AGL,CE,Federal Contract Tower,0,0,8,0,8,0,0,8,0,8,0,0,16,0,16,11,0,11,27
04/05/2010,BTL,MI,AGL,CE,Federal Contract Tower,0,0,34,0,34,0,1,110,0,111,0,1,144,0,145,188,0,188,333
04/06/2010,BTL,MI,AGL,CE,Federal Contract Tower,0,1,26,6,33,0,0,61,0,61,0,1,87,6,94,114,0,114,208
04/07/2010,BTL,MI,AGL,CE,Federal Contract Tower,0,1,20,2,23,0,0,16,0,16,0,1,36,2,39,36,0,36,75
04/08/2010,BTL,MI,AGL,CE,Federal Contract Tower,0,0,17,4,21,0,0,0,0,0,0,0,17,4,21,0,2,2,23
04/09/2010,BTL,MI,AGL,CE,Federal Contract Tower,0,4,34,4,42,0,0,122,2,124,0,4,156,6,166,166,8,174,340
04/10/2010,BTL,MI,AGL,CE,Federal Contract Tower,0,0,16,0,16,0,0,79,0,79,0,0,95,0,95,102,0,102,197
04/11/2010,BTL,MI,AGL,CE,Federal Contract Tower,0,1,17,3,21,0,0,117,5,122,0,1,134,8,143,210,8,218,361
04/12/2010,BTL,MI,AGL,CE,Federal Contract Tower,0,0,29,2,31,0,0,132,0,132,0,0,161,2,163,266,0,266,429
04/13/2010,BTL,MI,AGL,CE,Federal Contract Tower,0,3,25,4,32,0,0,150,18,168,0,3,175,22,200,256,48,304,504
04/14/2010,BTL,MI,AGL,CE,Federal Contract Tower,0,1,24,4,29,0,0,184,4,188,0,1,208,8,217,263,2,265,482
04/15/2010,BTL,MI,AGL,CE,Federal Contract Tower,0,2,31,4,37,0,0,96,0,96,0,2,127,4,133,174,0,174,307
04/16/2010,BTL,MI,AGL,CE,Federal Contract Tower,0,0,29,4,33,0,0,89,0,89,0,0,118,4,122,212,0,212,334
04/17/2010,BTL,MI,AGL,CE,Federal Contract Tower,0,0,12,0,12,0,0,53,0,53,0,0,65,0,65,104,0,104,169
04/18/2010,BTL,MI,AGL,CE,Federal Contract Tower,0,1,30,0,31,0,0,141,0,141,0,1,171,0,172,210,0,210,382
04/19/2010,BTL,MI,AGL,CE,Federal Contract Tower,0,0,35,0,35,0,0,138,0,138,0,0,173,0,173,268,0,268,441
04/20/2010,BTL,MI,AGL,CE,Federal Contract Tower,0,1,46,5,52,0,0,147,0,147,0,1,193,5,199,291,2,293,492
04/21/2010,BTL,MI,AGL,CE,Federal Contract Tower,0,1,44,6,51,0,0,154,0,154,0,1,198,6,205,291,0,291,496
04/22/2010,BTL,MI,AGL,CE,Federal Contract Tower,0,2,52,3,57,0,0,147,0,147,0,2,199,3,204,226,0,226,430
04/23/2010,BTL,MI,AGL,CE,Federal Contract Tower,0,0,39,4,43,0,0,110,0,110,0,0,149,4,153,212,0,212,365
04/24/2010,BTL,MI,AGL,CE,Federal Contract Tower,0,1,25,2,28,0,0,21,0,21,0,1,46,2,49,8,0,8,57
04/25/2010,BTL,MI,AGL,CE,Federal Contract Tower,0,1,4,0,5,0,0,0,0,0,0,1,4,0,5,0,0,0,5
04/26/2010,BTL,MI,AGL,CE,Federal Contract Tower,0,1,40,1,42,0,0,67,0,67,0,1,107,1,109,85,0,85,194
04/27/2010,BTL,MI,AGL,CE,Federal Contract Tower,0,1,40,4,45,0,0,155,0,155,0,1,195,4,200,256,0,256,456
04/28/2010,BTL,MI,AGL,CE,Federal Contract Tower,0,3,39,2,44,0,0,136,0,136,0,3,175,2,180,238,0,238,418
04/29/2010,BTL,MI,AGL,CE,Federal Contract Tower,0,6,20,2,28,0,0,122,0,122,0,6,142,2,150,208,0,208,358
04/30/2010,BTL,MI,AGL,CE,Federal Contract Tower,0,0,24,4,28,0,0,41,0,41,0,0,65,4,69,54,0,54,123
05/01/2010,BTL,MI,AGL,CE,Federal Contract Tower,0,0,17,3,20,0,0,13,0,13,0,0,30,3,33,44,2,46,79
05/02/2010,BTL,MI,AGL,CE,Federal Contract Tower,0,1,24,2,27,0,0,30,0,30,0,1,54,2,57,106,0,106,163
05/03/2010,BTL,MI,AGL,CE,Federal Contract Tower,0,2,22,1,25,0,0,105,2,107,0,2,127,3,132,195,2,197,329
05/04/2010,BTL,MI,AGL,CE,Federal Contract Tower,0,0,35,4,39,0,0,117,2,119,0,0,152,6,158,234,8,242,400
05/05/2010,BTL,MI,AGL,CE,Federal Contract Tower,0,0,36,2,38,0,0,101,0,101,0,0,137,2,139,252,0,252,391
05/06/2010,BTL,MI,AGL,CE,Federal Contract Tower,0,2,38,3,43,0,0,151,3,154,0,2,189,6,197,212,14,226,423
05/07/2010,BTL,MI,AGL,CE,Federal Contract Tower,0,3,16,0,19,0,0,1,0,1,0,3,17,0,20,4,0,4,24
05/08/2010,BTL,MI,AGL,CE,Federal Contract Tower,0,0,2,0,2,0,0,0,0,0,0,0,2,0,2,0,0,0,2
05/09/2010,BTL,MI,AGL,CE,Federal Contract Tower,0,2,12,0,14,0,0,67,0,67,0,2,79,0,81,100,0,100,181
05/10/2010,BTL,MI,AGL,CE,Federal Contract Tower,0,1,31,0,32,0,0,139,0,139,0,1,170,0,171,253,0,253,424
05/11/2010,BTL,MI,AGL,CE,Federal Contract Tower,0,2,23,0,25,0,0,0,0,0,0,2,23,0,25,2,0,2,27
05/12/2010,BTL,MI,AGL,CE,Federal Contract Tower,0,4,32,4,40,0,0,12,0,12,0,4,44,4,52,52,0,52,104
05/13/2010,BTL,MI,AGL,CE,Federal Contract Tower,0,1,11,0,12,0,0,4,0,4,0,1,15,0,16,22,0,22,38
05/14/2010,BTL,MI,AGL,CE,Federal Contract Tower,0,3,30,2,35,0,0,104,0,104,0,3,134,2,139,188,0,188,327
05/15/2010,BTL,MI,AGL,CE,Federal Contract Tower,0,0,12,0,12,0,0,117,0,117,0,0,129,0,129,164,0,164,293
05/16/2010,BTL,MI,AGL,CE,Federal Contract Tower,0,1,20,0,21,0,0,106,0,106,0,1,126,0,127,156,0,156,283
05/17/2010,BTL,MI,AGL,CE,Federal Contract Tower,0,3,28,0,31,0,0,104,0,104,0,3,132,0,135,171,0,171,306
05/18/2010,BTL,MI,AGL,CE,Federal Contract Tower,0,2,34,4,40,0,0,25,0,25,0,2,59,4,65,72,0,72,137
05/19/2010,BTL,MI,AGL,CE,Federal Contract Tower,0,3,26,3,32,0,0,186,0,186,0,3,212,3,218,330,10,340,558
05/20/2010,BTL,MI,AGL,CE,Federal Contract Tower,0,0,27,3,30,0,0,161,0,161,0,0,188,3,191,275,0,275,466
05/21/2010,BTL,MI,AGL,CE,Federal Contract Tower,0,0,35,1,36,0,0,1,0,1,0,0,36,1,37,4,0,4,41
05/22/2010,BTL,MI,AGL,CE,Federal Contract Tower,0,0,18,0,18,0,0,42,1,43,0,0,60,1,61,80,4,84,145
05/23/2010,BTL,MI,AGL,CE,Federal Contract Tower,0,0,16,1,17,0,0,121,0,121,0,0,137,1,138,148,0,148,286
05/24/2010,BTL,MI,AGL,CE,Federal Contract Tower,0,1,34,0,35,0,0,128,0,128,0,1,162,0,163,211,0,211,374
05/25/2010,BTL,MI,AGL,CE,Federal Contract Tower,0,1,27,6,34,0,0,160,0,160,0,1,187,6,194,300,0,300,494
05/26/2010,BTL,MI,AGL,CE,Federal Contract Tower,0,3,38,4,45,0,0,121,0,121,0,3,159,4,166,234,0,234,400
05/27/2010,BTL,MI,AGL,CE,Federal Contract Tower,0,4,35,0,39,0,0,120,2,122,0,4,155,2,161,178,4,182,343
05/28/2010,BTL,MI,AGL,CE,Federal Contract Tower,0,3,36,0,39,0,0,114,0,114,0,3,150,0,153,140,0,140,293
05/29/2010,BTL,MI,AGL,CE,Federal Contract Tower,0,0,11,0,11,0,0,52,0,52,0,0,63,0,63,46,0,46,109
05/30/2010,BTL,MI,AGL,CE,Federal Contract Tower,0,2,4,0,6,0,0,46,2,48,0,2,50,2,54,40,2,42,96
05/31/2010,BTL,MI,AGL,CE,Federal Contract Tower,0,0,4,0,4,0,0,5,0,5,0,0,9,0,9,0,0,0,9
06/01/2010,BTL,MI,AGL,CE,Federal Contract Tower,0,0,27,4,31,0,0,96,0,96,0,0,123,4,127,186,0,186,313
06/02/2010,BTL,MI,AGL,CE,Federal Contract Tower,0,6,28,4,38,0,0,29,0,29,0,6,57,4,67,56,0,56,123
06/03/2010,BTL,MI,AGL,CE,Federal Contract Tower,0,1,35,4,40,0,4,47,0,51,0,5,82,4,91,122,0,122,213
06/04/2010,BTL,MI,AGL,CE,Federal Contract Tower,0,1,47,9,57,0,0,116,5,121,0,1,163,14,178,160,14,174,352
06/05/2010,BTL,MI,AGL,CE,Federal Contract Tower,0,2,12,4,18,0,0,57,1,58,0,2,69,5,76,84,2,86,162
06/06/2010,BTL,MI,AGL,CE,Federal Contract Tower,0,0,22,1,23,0,0,37,0,37,0,0,59,1,60,84,0,84,144
06/07/2010,BTL,MI,AGL,CE,Federal Contract Tower,0,6,32,0,38,0,0,81,0,81,0,6,113,0,119,132,0,132,251
06/08/2010,BTL,MI,AGL,CE,Federal Contract Tower,0,0,42,5,47,0,0,67,5,72,0,0,109,10,119,154,2,156,275
06/09/2010,BTL,MI,AGL,CE,Federal Contract Tower,0,2,28,2,32,0,0,87,1,88,0,2,115,3,120,122,0,122,242
06/10/2010,BTL,MI,AGL,CE,Federal Contract Tower,0,1,50,4,55,0,0,157,0,157,0,1,207,4,212,246,0,246,458
06/11/2010,BTL,MI,AGL,CE,Federal Contract Tower,0,2,23,2,27,0,0,26,0,26,0,2,49,2,53,46,0,46,99
06/12/2010,BTL,MI,AGL,CE,Federal Contract Tower,0,0,20,0,20,0,0,7,0,7,0,0,27,0,27,12,0,12,39
06/13/2010,BTL,MI,AGL,CE,Federal Contract Tower,0,1,23,0,24,0,0,32,0,32,0,1,55,0,56,122,0,122,178
06/14/2010,BTL,MI,AGL,CE,Federal Contract Tower,0,0,54,0,54,0,0,62,0,62,0,0,116,0,116,180,0,180,296
06/15/2010,BTL,MI,AGL,CE,Federal Contract Tower,0,0,36,0,36,0,0,65,0,65,0,0,101,0,101,120,0,120,221
06/16/2010,BTL,MI,AGL,CE,Federal Contract Tower,0,1,34,2,37,0,0,70,2,72,0,1,104,4,109,126,0,126,235
06/17/2010,BTL,MI,AGL,CE,Federal Contract Tower,0,3,45,3,51,0,0,216,0,216,0,3,261,3,267,356,0,356,623
06/18/2010,BTL,MI,AGL,CE,Federal Contract Tower,0,2,31,0,33,0,0,92,0,92,0,2,123,0,125,187,0,187,312
06/19/2010,BTL,MI,AGL,CE,Federal Contract Tower,0,1,13,0,14,0,0,36,0,36,0,1,49,0,50,38,0,38,88
06/20/2010,BTL,MI,AGL,CE,Federal Contract Tower,0,1,10,1,12,0,0,115,0,115,0,1,125,1,127,100,14,114,241
06/21/2010,BTL,MI,AGL,CE,Federal Contract Tower,0,1,40,3,44,0,0,126,2,128,0,1,166,5,172,258,0,258,430
06/22/2010,BTL,MI,AGL,CE,Federal Contract Tower,0,2,40,2,44,0,0,113,0,113,0,2,153,2,157,178,0,178,335
06/23/2010,BTL,MI,AGL,CE,Federal Contract Tower,0,0,20,2,22,0,0,16,0,16,0,0,36,2,38,42,0,42,80
06/24/2010,BTL,MI,AGL,CE,Federal Contract Tower,0,0,43,3,46,0,0,167,0,167,0,0,210,3,213,224,0,224,437
06/25/2010,BTL,MI,AGL,CE,Federal Contract Tower,0,1,40,6,47,0,0,159,4,163,0,1,199,10,210,168,8,176,386
06/26/2010,BTL,MI,AGL,CE,Federal Contract Tower,0,1,9,0,10,0,0,45,0,45,0,1,54,0,55,68,0,68,123
06/27/2010,BTL,MI,AGL,CE,Federal Contract Tower,0,0,11,0,11,0,0,6,0,6,0,0,17,0,17,16,0,16,33
06/28/2010,BTL,MI,AGL,CE,Federal Contract Tower,0,2,35,0,37,0,0,93,0,93,0,2,128,0,130,77,0,77,207
06/29/2010,BTL,MI,AGL,CE,Federal Contract Tower,0,1,30,3,34,0,0,112,0,112,0,1,142,3,146,134,0,134,280
06/30/2010,BTL,MI,AGL,CE,Federal Contract Tower,0,2,33,2,37,0,0,113,0,113,0,2,146,2,150,160,0,160,310
07/01/2010,BTL,MI,AGL,CE,Federal Contract Tower,0,3,34,8,45,0,0,232,4,236,0,3,266,12,281,166,2,168,449
07/02/2010,BTL,MI,AGL,CE,Federal Contract Tower,0,0,15,0,15,0,0,67,0,67,0,0,82,0,82,96,0,96,178
07/03/2010,BTL,MI,AGL,CE,Federal Contract Tower,0,0,2,0,2,0,0,39,0,39,0,0,41,0,41,125,0,125,166
07/04/2010,BTL,MI,AGL,CE,Federal Contract Tower,0,1,1,0,2,0,0,33,0,33,0,1,34,0,35,22,0,22,57
07/05/2010,BTL,MI,AGL,CE,Federal Contract Tower,0,0,2,2,4,0,0,22,4,26,0,0,24,6,30,16,0,16,46
07/06/2010,BTL,MI,AGL,CE,Federal Contract Tower,0,0,31,7,38,0,0,102,0,102,0,0,133,7,140,216,0,216,356
07/07/2010,BTL,MI,AGL,CE,Federal Contract Tower,0,1,30,5,36,0,0,87,4,91,0,1,117,9,127,148,20,168,295
07/08/2010,BTL,MI,AGL,CE,Federal Contract Tower,0,1,15,4,20,0,0,48,0,48,0,1,63,4,68,92,0,92,160
07/09/2010,BTL,MI,AGL,CE,Federal Contract Tower,0,1,25,5,31,0,0,60,2,62,0,1,85,7,93,104,6,110,203
07/10/2010,BTL,MI,AGL,CE,Federal Contract Tower,0,0,16,10,26,0,0,106,0,106,0,0,122,10,132,188,0,188,320
07/11/2010,BTL,MI,AGL,CE,Federal Contract Tower,0,1,12,2,15,0,0,48,0,48,0,1,60,2,63,56,0,56,119
07/12/2010,BTL,MI,AGL,CE,Federal Contract Tower,0,2,39,1,42,0,0,82,10,92,0,2,121,11,134,158,0,158,292
07/13/2010,BTL,MI,AGL,CE,Federal Contract Tower,0,7,34,3,44,0,0,87,2,89,0,7,121,5,133,196,0,196,329
07/14/2010,BTL,MI,AGL,CE,Federal Contract Tower,0,3,37,6,46,0,0,141,12,153,0,3,178,18,199,234,0,234,433
07/15/2010,BTL,MI,AGL,CE,Federal Contract Tower,0,3,27,5,35,0,0,48,0,48,0,3,75,5,83,92,0,92,175
07/16/2010,BTL,MI,AGL,CE,Federal Contract Tower,0,2,26,7,35,0,0,145,0,145,0,2,171,7,180,230,22,252,432
07/17/2010,BTL,MI,AGL,CE,Federal Contract Tower,0,0,2,18,20,0,0,86,0,86,0,0,88,18,106,112,0,112,218
07/18/2010,BTL,MI,AGL,CE,Federal Contract Tower,0,0,6,1,7,0,0,7,0,7,0,0,13,1,14,14,0,14,28
07/19/2010,BTL,MI,AGL,CE,Federal Contract Tower,0,2,48,0,50,0,0,68,7,75,0,2,116,7,125,142,0,142,267
07/20/2010,BTL,MI,AGL,CE,Federal Contract Tower,0,0,43,2,45,0,0,58,2,60,0,0,101,4,105,127,2,129,234
07/21/2010,BTL,MI,AGL,CE,Federal Contract Tower,0,2,36,4,42,0,0,105,0,105,0,2,141,4,147,94,0,94,241
07/22/2010,BTL,MI,AGL,CE,Federal Contract Tower,0,1,24,3,28,0,0,69,0,69,0,1,93,3,97,118,0,118,215
07/23/2010,BTL,MI,AGL,CE,Federal Contract Tower,0,3,48,1,52,0,0,41,0,41,0,3,89,1,93,62,0,62,155
07/24/2010,BTL,MI,AGL,CE,Federal Contract Tower,0,0,1,0,1,0,0,5,0,5,0,0,6,0,6,0,0,0,6
07/25/2010,BTL,MI,AGL,CE,Federal Contract Tower,0,0,7,0,7,0,0,30,0,30,0,0,37,0,37,26,0,26,63
07/26/2010,BTL,MI,AGL,CE,Federal Contract Tower,0,3,27,0,30,0,0,102,0,102,0,3,129,0,132,194,0,194,326
07/27/2010,BTL,MI,AGL,CE,Federal Contract Tower,0,0,39,6,45,0,0,152,0,152,0,0,191,6,197,230,0,230,427
07/28/2010,BTL,MI,AGL,CE,Federal Contract Tower,0,0,23,2,25,0,0,56,0,56,0,0,79,2,81,96,0,96,177
07/29/2010,BTL,MI,AGL,CE,Federal Contract Tower,0,4,31,5,40,0,0,148,4,152,0,4,179,9,192,228,10,238,430
07/30/2010,BTL,MI,AGL,CE,Federal Contract Tower,0,6,24,1,31,0,0,110,1,111,0,6,134,2,142,157,0,157,299
07/31/2010,BTL,MI,AGL,CE,Federal Contract Tower,0,0,18,0,18,0,0,74,0,74,0,0,92,0,92,132,0,132,224
08/01/2010,BTL,MI,AGL,CE,Federal Contract Tower,0,5,18,2,25,0,0,56,0,56,0,5,74,2,81,87,0,87,168
08/02/2010,BTL,MI,AGL,CE,Federal Contract Tower,0,4,40,0,44,0,0,102,0,102,0,4,142,0,146,177,2,179,325
08/03/2010,BTL,MI,AGL,CE,Federal Contract Tower,0,0,32,0,32,0,0,122,0,122,0,0,154,0,154,208,0,208,362
08/04/2010,BTL,MI,AGL,CE,Federal Contract Tower,0,5,41,2,48,0,0,47,1,48,0,5,88,3,96,82,0,82,178
08/05/2010,BTL,MI,AGL,CE,Federal Contract Tower,0,2,36,5,43,0,0,103,0,103,0,2,139,5,146,133,6,139,285
08/06/2010,BTL,MI,AGL,CE,Federal Contract Tower,0,3,42,4,49,0,0,128,1,129,0,3,170,5,178,136,4,140,318
08/07/2010,BTL,MI,AGL,CE,Federal Contract Tower,0,2,20,2,24,0,0,74,0,74,0,2,94,2,98,110,3,113,211
08/08/2010,BTL,MI,AGL,CE,Federal Contract Tower,0,5,10,2,17,0,1,49,0,50,0,6,59,2,67,90,0,90,157
08/09/2010,BTL,MI,AGL,CE,Federal Contract Tower,0,3,50,0,53,0,0,50,0,50,0,3,100,0,103,113,0,113,216
08/10/2010,BTL,MI,AGL,CE,Federal Contract Tower,0,3,42,4,49,0,0,94,0,94,0,3,136,4,143,144,0,144,287
08/11/2010,BTL,MI,AGL,CE,Federal Contract Tower,0,4,22,2,28,0,0,35,6,41,0,4,57,8,69,58,4,62,131
08/12/2010,BTL,MI,AGL,CE,Federal Contract Tower,0,4,40,1,45,0,0,76,1,77,0,4,116,2,122,104,0,104,226
08/13/2010,BTL,MI,AGL,CE,Federal Contract Tower,0,2,32,4,38,0,0,94,0,94,0,2,126,4,132,130,0,130,262
08/14/2010,BTL,MI,AGL,CE,Federal Contract Tower,0,3,14,0,17,0,0,33,2,35,0,3,47,2,52,26,0,26,78
08/15/2010,BTL,MI,AGL,CE,Federal Contract Tower,0,5,6,0,11,0,0,39,3,42,0,5,45,3,53,47,12,59,112
08/16/2010,BTL,MI,AGL,CE,Federal Contract Tower,0,0,23,0,23,0,0,103,0,103,0,0,126,0,126,156,0,156,282
08/17/2010,BTL,MI,AGL,CE,Federal Contract Tower,0,1,37,1,39,0,0,115,1,116,0,1,152,2,155,158,0,158,313
08/18/2010,BTL,MI,AGL,CE,Federal Contract Tower,0,0,32,4,36,0,0,87,0,87,0,0,119,4,123,133,0,133,256
08/19/2010,BTL,MI,AGL,CE,Federal Contract Tower,0,5,22,4,31,0,0,106,0,106,0,5,128,4,137,144,0,144,281
08/20/2010,BTL,MI,AGL,CE,Federal Contract Tower,0,2,34,4,40,0,0,106,0,106,0,2,140,4,146,184,0,184,330
08/21/2010,BTL,MI,AGL,CE,Federal Contract Tower,0,1,11,2,14,0,0,31,0,31,0,1,42,2,45,33,0,33,78
08/22/2010,BTL,MI,AGL,CE,Federal Contract Tower,0,3,10,0,13,0,0,65,1,66,0,3,75,1,79,46,0,46,125
08/23/2010,BTL,MI,AGL,CE,Federal Contract Tower,0,1,47,2,50,0,0,39,0,39,0,1,86,2,89,255,0,255,344
08/24/2010,BTL,MI,AGL,CE,Federal Contract Tower,0,0,41,2,43,0,0,87,0,87,0,0,128,2,130,250,0,250,380
08/25/2010,BTL,MI,AGL,CE,Federal Contract Tower,0,2,38,2,42,0,0,121,0,121,0,2,159,2,163,185,0,185,348
08/26/2010,BTL,MI,AGL,CE,Federal Contract Tower,0,0,41,1,42,0,0,245,1,246,0,0,286,2,288,153,0,153,441
08/27/2010,BTL,MI,AGL,CE,Federal Contract Tower,0,4,26,5,35,0,0,81,2,83,0,4,107,7,118,229,4,233,351
08/28/2010,BTL,MI,AGL,CE,Federal Contract Tower,0,0,11,0,11,0,0,73,0,73,0,0,84,0,84,147,0,147,231
08/29/2010,BTL,MI,AGL,CE,Federal Contract Tower,0,1,6,0,7,0,0,32,0,32,0,1,38,0,39,37,0,37,76
08/30/2010,BTL,MI,AGL,CE,Federal Contract Tower,0,1,37,13,51,0,0,83,0,83,0,1,120,13,134,136,34,170,304
08/31/2010,BTL,MI,AGL,CE,Federal Contract Tower,0,2,48,2,52,0,0,102,2,104,0,2,150,4,156,164,4,168,324
09/01/2010,BTL,MI,AGL,CE,Federal Contract Tower,0,1,38,2,41,0,0,48,0,48,0,1,86,2,89,126,0,126,215
09/02/2010,BTL,MI,AGL,CE,Federal Contract Tower,0,0,35,4,39,0,0,10,0,10,0,0,45,4,49,31,0,31,80
09/03/2010,BTL,MI,AGL,CE,Federal Contract Tower,0,0,43,0,43,0,0,47,0,47,0,0,90,0,90,109,0,109,199
09/04/2010,BTL,MI,AGL,CE,Federal Contract Tower,0,0,7,0,7,0,0,25,0,25,0,0,32,0,32,43,0,43,75
09/05/2010,BTL,MI,AGL,CE,Federal Contract Tower,0,1,2,0,3,0,2,30,0,32,0,3,32,0,35,23,0,23,58
09/06/2010,BTL,MI,AGL,CE,Federal Contract Tower,0,3,4,0,7,0,0,11,0,11,0,3,15,0,18,10,0,10,28
09/07/2010,BTL,MI,AGL,CE,Federal Contract Tower,0,1,15,4,20,0,0,44,0,44,0,1,59,4,64,59,0,59,123
09/08/2010,BTL,MI,AGL,CE,Federal Contract Tower,0,0,44,4,48,0,0,87,0,87,0,0,131,4,135,104,0,104,239
09/09/2010,BTL,MI,AGL,CE,Federal Contract Tower,0,6,25,2,33,0,0,110,0,110,0,6,135,2,143,135,0,135,278
09/10/2010,BTL,MI,AGL,CE,Federal Contract Tower,0,6,37,4,47,0,0,103,0,103,0,6,140,4,150,166,0,166,316
09/11/2010,BTL,MI,AGL,CE,Federal Contract Tower,0,1,15,0,16,0,0,19,0,19,0,1,34,0,35,23,0,23,58
09/12/2010,BTL,MI,AGL,CE,Federal Contract Tower,0,1,16,4,21,0,0,83,0,83,0,1,99,4,104,133,0,133,237
09/13/2010,BTL,MI,AGL,CE,Federal Contract Tower,0,1,30,0,31,0,0,104,0,104,0,1,134,0,135,100,0,100,235
09/14/2010,BTL,MI,AGL,CE,Federal Contract Tower,0,0,24,4,28,0,0,127,0,127,0,0,151,4,155,154,0,154,309
09/15/2010,BTL,MI,AGL,CE,Federal Contract Tower,0,1,34,6,41,0,0,135,0,135,0,1,169,6,176,181,4,185,361
09/16/2010,BTL,MI,AGL,CE,Federal Contract Tower,0,1,13,10,24,0,0,5,0,5,0,1,18,10,29,4,3,7,36
09/17/2010,BTL,MI,AGL,CE,Federal Contract Tower,0,4,34,4,42,0,0,134,0,134,0,4,168,4,176,196,4,200,376
09/18/2010,BTL,MI,AGL,CE,Federal Contract Tower,0,1,9,0,10,0,0,12,0,12,0,1,21,0,22,15,0,15,37
09/19/2010,BTL,MI,AGL,CE,Federal Contract Tower,0,3,29,0,32,0,0,64,0,64,0,3,93,0,96,108,0,108,204
09/20/2010,BTL,MI,AGL,CE,Federal Contract Tower,0,0,32,0,32,0,0,116,0,116,0,0,148,0,148,137,0,137,285
09/21/2010,BTL,MI,AGL,CE,Federal Contract Tower,0,0,27,2,29,0,0,82,0,82,0,0,109,2,111,128,0,128,239
09/22/2010,BTL,MI,AGL,CE,Federal Contract Tower,0,3,42,4,49,0,0,53,0,53,0,3,95,4,102,89,0,89,191
09/23/2010,BTL,MI,AGL,CE,Federal Contract Tower,0,10,28,4,42,0,0,87,0,87,0,10,115,4,129,113,0,113,242
09/24/2010,BTL,MI,AGL,CE,Federal Contract Tower,0,3,20,2,25,0,0,7,1,8,0,3,27,3,33,6,2,8,41
09/25/2010,BTL,MI,AGL,CE,Federal Contract Tower,0,3,27,0,30,0,0,78,0,78,0,3,105,0,108,116,0,116,224
09/26/2010,BTL,MI,AGL,CE,Federal Contract Tower,0,0,12,1,13,0,0,101,0,101,0,0,113,1,114,144,0,144,258
09/27/2010,BTL,MI,AGL,CE,Federal Contract Tower,0,1,23,0,24,0,0,133,0,133,0,1,156,0,157,187,0,187,344
09/28/2010,BTL,MI,AGL,CE,Federal Contract Tower,0,3,48,5,56,0,0,64,2,66,0,3,112,7,122,100,0,100,222
09/29/2010,BTL,MI,AGL,CE,Federal Contract Tower,0,6,44,4,54,0,0,128,0,128,0,6,172,4,182,200,0,200,382
09/30/2010,BTL,MI,AGL,CE,Federal Contract Tower,0,7,28,1,36,0,0,131,1,132,0,7,159,2,168,141,2,143,311
10/01/2010,BTL,MI,AGL,CE,Federal Contract Tower,2,2,41,5,50,0,0,144,0,144,2,2,185,5,194,174,0,174,368
10/02/2010,BTL,MI,AGL,CE,Federal Contract Tower,2,0,12,0,14,0,0,22,0,22,2,0,34,0,36,8,0,8,44
10/03/2010,BTL,MI,AGL,CE,Federal Contract Tower,0,4,10,0,14,0,0,99,0,99,0,4,109,0,113,158,0,158,271
10/04/2010,BTL,MI,AGL,CE,Federal Contract Tower,0,1,29,2,32,0,2,125,0,127,0,3,154,2,159,198,0,198,357
10/05/2010,BTL,MI,AGL,CE,Federal Contract Tower,0,1,42,4,47,0,0,153,4,157,0,1,195,8,204,164,2,166,370
10/06/2010,BTL,MI,AGL,CE,Federal Contract Tower,2,0,30,4,36,0,0,137,0,137,2,0,167,4,173,190,2,192,365
10/07/2010,BTL,MI,AGL,CE,Federal Contract Tower,2,0,29,4,35,0,0,129,0,129,2,0,158,4,164,144,0,144,308
10/08/2010,BTL,MI,AGL,CE,Federal Contract Tower,0,2,26,0,28,0,0,124,2,126,0,2,150,2,154,263,0,263,417
10/09/2010,BTL,MI,AGL,CE,Federal Contract Tower,0,5,10,0,15,0,0,97,0,97,0,5,107,0,112,147,0,147,259
10/10/2010,BTL,MI,AGL,CE,Federal Contract Tower,0,4,31,0,35,0,0,88,0,88,0,4,119,0,123,162,0,162,285
10/11/2010,BTL,MI,AGL,CE,Federal Contract Tower,0,1,39,0,40,0,0,125,0,125,0,1,164,0,165,252,0,252,417
10/12/2010,BTL,MI,AGL,CE,Federal Contract Tower,2,0,32,6,40,0,0,70,0,70,2,0,102,6,110,160,0,160,270
10/13/2010,BTL,MI,AGL,CE,Federal Contract Tower,0,4,25,3,32,0,0,46,2,48,0,4,71,5,80,124,6,130,210
10/14/2010,BTL,MI,AGL,CE,Federal Contract Tower,0,0,25,3,28,0,0,114,0,114,0,0,139,3,142,214,0,214,356
10/15/2010,BTL,MI,AGL,CE,Federal Contract Tower,0,2,29,4,35,0,0,108,0,108,0,2,137,4,143,211,0,211,354
10/16/2010,BTL,MI,AGL,CE,Federal Contract Tower,1,0,13,7,21,0,0,78,3,81,1,0,91,10,102,94,12,106,208
10/17/2010,BTL,MI,AGL,CE,Federal Contract Tower,0,3,22,2,27,0,0,102,4,106,0,3,124,6,133,146,10,156,289
10/18/2010,BTL,MI,AGL,CE,Federal Contract Tower,0,1,32,2,35,0,0,107,2,109,0,1,139,4,144,254,0,254,398
10/19/2010,BTL,MI,AGL,CE,Federal Contract Tower,1,1,19,6,27,0,0,92,8,100,1,1,111,14,127,170,6,176,303
10/20/2010,BTL,MI,AGL,CE,Federal Contract Tower,0,3,27,4,34,0,0,79,8,87,0,3,106,12,121,132,0,132,253
10/21/2010,BTL,MI,AGL,CE,Federal Contract Tower,0,2,25,7,34,0,1,74,0,75,0,3,99,7,109,88,0,88,197
10/22/2010,BTL,MI,AGL,CE,Federal Contract Tower,0,1,49,7,57,0,0,127,0,127,0,1,176,7,184,261,10,271,455
10/23/2010,BTL,MI,AGL,CE,Federal Contract Tower,0,0,20,0,20,0,0,33,0,33,0,0,53,0,53,85,0,85,138
10/24/2010,BTL,MI,AGL,CE,Federal Contract Tower,0,0,26,0,26,0,0,44,0,44,0,0,70,0,70,91,0,91,161
10/25/2010,BTL,MI,AGL,CE,Federal Contract Tower,0,5,24,4,33,0,0,42,0,42,0,5,66,4,75,123,0,123,198
10/26/2010,BTL,MI,AGL,CE,Federal Contract Tower,0,2,11,0,13,0,0,0,0,0,0,2,11,0,13,0,0,0,13
10/27/2010,BTL,MI,AGL,CE,Federal Contract Tower,0,1,24,6,31,0,0,15,3,18,0,1,39,9,49,16,2,18,67
10/28/2010,BTL,MI,AGL,CE,Federal Contract Tower,0,0,31,4,35,0,0,13,4,17,0,0,44,8,52,11,0,11,63
10/29/2010,BTL,MI,AGL,CE,Federal Contract Tower,0,7,45,9,61,0,1,174,2,177,0,8,219,11,238,326,0,326,564
10/30/2010,BTL,MI,AGL,CE,Federal Contract Tower,0,0,17,1,18,0,0,41,0,41,0,0,58,1,59,47,0,47,106
10/31/2010,BTL,MI,AGL,CE,Federal Contract Tower,0,0,18,2,20,0,0,129,0,129,0,0,147,2,149,220,0,220,369
11/01/2010,BTL,MI,AGL,CE,Federal Contract Tower,1,0,27,4,32,0,0,116,0,116,1,0,143,4,148,265,0,265,413
11/02/2010,BTL,MI,AGL,CE,Federal Contract Tower,0,3,58,6,67,0,0,125,2,127,0,3,183,8,194,254,4,258,452
11/03/2010,BTL,MI,AGL,CE,Federal Contract Tower,0,1,28,5,34,0,0,128,0,128,0,1,156,5,162,290,4,294,456
11/04/2010,BTL,MI,AGL,CE,Federal Contract Tower,0,4,37,4,45,0,0,85,0,85,0,4,122,4,130,195,0,195,325
11/05/2010,BTL,MI,AGL,CE,Federal Contract Tower,0,0,29,5,34,0,0,62,0,62,0,0,91,5,96,96,2,98,194
11/06/2010,BTL,MI,AGL,CE,Federal Contract Tower,0,0,15,3,18,0,0,68,1,69,0,0,83,4,87,122,0,122,209
11/07/2010,BTL,MI,AGL,CE,Federal Contract Tower,0,0,27,4,31,0,0,58,0,58,0,0,85,4,89,128,0,128,217
11/08/2010,BTL,MI,AGL,CE,Federal Contract Tower,0,3,33,4,40,0,0,123,2,125,0,3,156,6,165,239,0,239,404
11/09/2010,BTL,MI,AGL,CE,Federal Contract Tower,0,2,35,4,41,0,0,109,0,109,0,2,144,4,150,166,0,166,316
11/10/2010,BTL,MI,AGL,CE,Federal Contract Tower,0,4,42,3,49,0,0,129,0,129,0,4,171,3,178,272,0,272,450
11/11/2010,BTL,MI,AGL,CE,Federal Contract Tower,0,0,34,0,34,0,0,106,0,106,0,0,140,0,140,200,0,200,340
11/12/2010,BTL,MI,AGL,CE,Federal Contract Tower,0,3,33,0,36,0,0,126,0,126,0,3,159,0,162,182,0,182,344
11/13/2010,BTL,MI,AGL,CE,Federal Contract Tower,0,0,11,2,13,0,0,39,0,39,0,0,50,2,52,70,10,80,132
11/14/2010,BTL,MI,AGL,CE,Federal Contract Tower,0,3,5,0,8,0,0,27,0,27,0,3,32,0,35,36,0,36,71
11/15/2010,BTL,MI,AGL,CE,Federal Contract Tower,1,0,43,3,47,0,0,124,0,124,1,0,167,3,171,288,0,288,459
11/16/2010,BTL,MI,AGL,CE,Federal Contract Tower,0,2,42,8,52,0,0,73,2,75,0,2,115,10,127,183,6,189,316
11/17/2010,BTL,MI,AGL,CE,Federal Contract Tower,0,1,16,6,23,0,0,69,0,69,0,1,85,6,92,175,0,175,267
11/18/2010,BTL,MI,AGL,CE,Federal Contract Tower,1,1,34,7,43,0,0,102,0,102,1,1,136,7,145,184,0,184,329
11/19/2010,BTL,MI,AGL,CE,Federal Contract Tower,0,3,37,8,48,0,0,75,0,75,0,3,112,8,123,143,2,145,268
11/20/2010,BTL,MI,AGL,CE,Federal Contract Tower,0,0,20,0,20,0,0,133,0,133,0,0,153,0,153,178,0,178,331
11/21/2010,BTL,MI,AGL,CE,Federal Contract Tower,0,1,10,3,14,0,0,2,0,2,0,1,12,3,16,0,0,0,16
11/22/2010,BTL,MI,AGL,CE,Federal Contract Tower,0,2,13,0,15,0,0,1,0,1,0,2,14,0,16,4,0,4,20
11/23/2010,BTL,MI,AGL,CE,Federal Contract Tower,0,5,22,10,37,0,0,33,0,33,0,5,55,10,70,62,8,70,140
11/24/2010,BTL,MI,AGL,CE,Federal Contract Tower,0,4,28,0,32,0,0,70,0,70,0,4,98,0,102,73,0,73,175
11/25/2010,BTL,MI,AGL,CE,Federal Contract Tower,0,0,0,0,0,0,0,0,0,0,0,0,0,0,0,0,0,0,0
11/26/2010,BTL,MI,AGL,CE,Federal Contract Tower,0,1,1,0,2,0,0,0,0,0,0,1,1,0,2,0,0,0,2
11/27/2010,BTL,MI,AGL,CE,Federal Contract Tower,0,2,4,0,6,0,0,9,0,9,0,2,13,0,15,4,0,4,19
11/28/2010,BTL,MI,AGL,CE,Federal Contract Tower,0,0,14,0,14,0,0,0,0,0,0,0,14,0,14,90,0,90,104
11/29/2010,BTL,MI,AGL,CE,Federal Contract Tower,0,2,31,2,35,0,0,109,0,109,0,2,140,2,144,222,0,222,366
11/30/2010,BTL,MI,AGL,CE,Federal Contract Tower,0,3,26,4,33,0,0,1,0,1,0,3,27,4,34,2,0,2,36
12/01/2010,BTL,MI,AGL,CE,Federal Contract Tower,0,2,12,4,18,0,0,0,0,0,0,2,12,4,18,2,0,2,20
12/02/2010,BTL,MI,AGL,CE,Federal Contract Tower,0,4,23,4,31,0,0,3,0,3,0,4,26,4,34,17,0,17,51
12/03/2010,BTL,MI,AGL,CE,Federal Contract Tower,0,2,48,3,53,0,0,122,0,122,0,2,170,3,175,209,0,209,384
12/04/2010,BTL,MI,AGL,CE,Federal Contract Tower,0,0,29,3,32,0,0,78,0,78,0,0,107,3,110,169,0,169,279
12/05/2010,BTL,MI,AGL,CE,Federal Contract Tower,0,0,21,1,22,0,0,24,0,24,0,0,45,1,46,90,0,90,136
12/06/2010,BTL,MI,AGL,CE,Federal Contract Tower,0,2,21,3,26,0,0,60,0,60,0,2,81,3,86,128,0,128,214
12/07/2010,BTL,MI,AGL,CE,Federal Contract Tower,0,0,30,2,32,0,0,46,0,46,0,0,76,2,78,132,6,138,216
12/08/2010,BTL,MI,AGL,CE,Federal Contract Tower,0,0,25,2,27,0,0,10,0,10,0,0,35,2,37,32,0,32,69
12/09/2010,BTL,MI,AGL,CE,Federal Contract Tower,0,1,43,2,46,0,0,102,1,103,0,1,145,3,149,160,0,160,309
12/10/2010,BTL,MI,AGL,CE,Federal Contract Tower,0,1,33,3,37,0,0,74,0,74,0,1,107,3,111,152,0,152,263
12/11/2010,BTL,MI,AGL,CE,Federal Contract Tower,0,0,13,0,13,0,0,20,0,20,0,0,33,0,33,80,0,80,113
12/12/2010,BTL,MI,AGL,CE,Federal Contract Tower,0,1,0,0,1,0,0,0,0,0,0,1,0,0,1,0,0,0,1
12/13/2010,BTL,MI,AGL,CE,Federal Contract Tower,0,0,20,0,20,0,0,32,0,32,0,0,52,0,52,36,0,36,88
12/14/2010,BTL,MI,AGL,CE,Federal Contract Tower,0,0,28,6,34,0,0,80,0,80,0,0,108,6,114,88,0,88,202
12/15/2010,BTL,MI,AGL,CE,Federal Contract Tower,0,2,34,6,42,0,0,62,0,62,0,2,96,6,104,159,0,159,263
12/16/2010,BTL,MI,AGL,CE,Federal Contract Tower,0,0,32,3,35,0,0,77,0,77,0,0,109,3,112,130,0,130,242
12/17/2010,BTL,MI,AGL,CE,Federal Contract Tower,0,3,22,3,28,0,0,33,0,33,0,3,55,3,61,59,0,59,120
12/18/2010,BTL,MI,AGL,CE,Federal Contract Tower,0,1,7,0,8,0,0,3,0,3,0,1,10,0,11,4,0,4,15
12/19/2010,BTL,MI,AGL,CE,Federal Contract Tower,0,1,6,0,7,0,0,0,0,0,0,1,6,0,7,5,0,5,12
12/20/2010,BTL,MI,AGL,CE,Federal Contract Tower,0,1,31,0,32,0,0,25,0,25,0,1,56,0,57,53,0,53,110
12/21/2010,BTL,MI,AGL,CE,Federal Contract Tower,0,1,12,4,17,0,0,18,0,18,0,1,30,4,35,52,0,52,87
12/22/2010,BTL,MI,AGL,CE,Federal Contract Tower,0,0,14,0,14,0,0,18,0,18,0,0,32,0,32,6,0,6,38
12/23/2010,BTL,MI,AGL,CE,Federal Contract Tower,0,0,18,2,20,0,0,17,0,17,0,0,35,2,37,11,4,15,52
12/24/2010,BTL,MI,AGL,CE,Federal Contract Tower,0,0,6,0,6,0,0,12,0,12,0,0,18,0,18,27,0,27,45
12/25/2010,BTL,MI,AGL,CE,Federal Contract Tower,0,2,0,0,2,0,0,0,0,0,0,2,0,0,2,2,0,2,4
12/26/2010,BTL,MI,AGL,CE,Federal Contract Tower,0,2,0,0,2,0,0,11,0,11,0,2,11,0,13,20,0,20,33
12/27/2010,BTL,MI,AGL,CE,Federal Contract Tower,0,1,10,0,11,0,0,18,0,18,0,1,28,0,29,10,0,10,39
12/28/2010,BTL,MI,AGL,CE,Federal Contract Tower,0,0,8,2,10,0,0,6,0,6,0,0,14,2,16,4,0,4,20
12/29/2010,BTL,MI,AGL,CE,Federal Contract Tower,0,0,6,2,8,0,0,3,0,3,0,0,9,2,11,12,0,12,23
12/30/2010,BTL,MI,AGL,CE,Federal Contract Tower,0,1,1,0,2,0,0,0,0,0,0,1,1,0,2,0,0,0,2
12/31/2010,BTL,MI,AGL,CE,Federal Contract Tower,0,0,3,0,3,0,0,0,0,0,0,0,3,0,3,2,0,2,5
01/01/2011,BTL,MI,AGL,CE,Federal Contract Tower,0,0,3,0,3,0,0,2,0,2,0,0,5,0,5,2,0,2,7
01/02/2011,BTL,MI,AGL,CE,Federal Contract Tower,0,0,7,0,7,0,0,2,0,2,0,0,9,0,9,1,0,1,10
01/03/2011,BTL,MI,AGL,CE,Federal Contract Tower,0,1,11,0,12,0,0,33,0,33,0,1,44,0,45,33,0,33,78
01/04/2011,BTL,MI,AGL,CE,Federal Contract Tower,0,3,22,2,27,0,0,0,0,0,0,3,22,2,27,13,6,19,46
01/05/2011,BTL,MI,AGL,CE,Federal Contract Tower,0,3,27,5,35,0,0,36,0,36,0,3,63,5,71,49,10,59,130
01/06/2011,BTL,MI,AGL,CE,Federal Contract Tower,0,0,6,4,10,0,0,1,0,1,0,0,7,4,11,0,0,0,11
01/07/2011,BTL,MI,AGL,CE,Federal Contract Tower,0,1,13,2,16,0,0,0,0,0,0,1,13,2,16,1,0,1,17
01/08/2011,BTL,MI,AGL,CE,Federal Contract Tower,0,0,15,0,15,0,0,28,0,28,0,0,43,0,43,32,0,32,75
01/09/2011,BTL,MI,AGL,CE,Federal Contract Tower,0,3,18,0,21,0,0,50,0,50,0,3,68,0,71,118,0,118,189
01/10/2011,BTL,MI,AGL,CE,Federal Contract Tower,0,0,30,0,30,0,0,69,0,69,0,0,99,0,99,182,0,182,281
01/11/2011,BTL,MI,AGL,CE,Federal Contract Tower,0,3,14,0,17,0,0,6,0,6,0,3,20,0,23,0,0,0,23
01/12/2011,BTL,MI,AGL,CE,Federal Contract Tower,0,6,27,0,33,0,0,77,0,77,0,6,104,0,110,46,0,46,156
01/13/2011,BTL,MI,AGL,CE,Federal Contract Tower,0,1,29,1,31,0,0,16,0,16,0,1,45,1,47,22,0,22,69
01/14/2011,BTL,MI,AGL,CE,Federal Contract Tower,0,1,30,0,31,0,0,32,0,32,0,1,62,0,63,72,0,72,135
01/15/2011,BTL,MI,AGL,CE,Federal Contract Tower,0,1,1,0,2,0,0,0,0,0,0,1,1,0,2,0,0,0,2
01/16/2011,BTL,MI,AGL,CE,Federal Contract Tower,0,0,7,0,7,0,0,62,0,62,0,0,69,0,69,137,0,137,206
01/17/2011,BTL,MI,AGL,CE,Federal Contract Tower,0,1,9,0,10,0,0,2,0,2,0,1,11,0,12,12,0,12,24
01/18/2011,BTL,MI,AGL,CE,Federal Contract Tower,0,1,5,1,7,0,0,0,0,0,0,1,5,1,7,12,0,12,19
01/19/2011,BTL,MI,AGL,CE,Federal Contract Tower,0,0,19,2,21,0,0,13,2,15,0,0,32,4,36,30,0,30,66
01/20/2011,BTL,MI,AGL,CE,Federal Contract Tower,0,0,21,3,24,0,0,21,0,21,0,0,42,3,45,60,0,60,105
01/21/2011,BTL,MI,AGL,CE,Federal Contract Tower,0,1,24,3,28,0,0,62,0,62,0,1,86,3,90,101,0,101,191
01/22/2011,BTL,MI,AGL,CE,Federal Contract Tower,0,0,2,0,2,0,0,0,0,0,0,0,2,0,2,3,0,3,5
01/23/2011,BTL,MI,AGL,CE,Federal Contract Tower,0,3,26,0,29,0,0,94,0,94,0,3,120,0,123,207,0,207,330
01/24/2011,BTL,MI,AGL,CE,Federal Contract Tower,0,0,19,0,19,0,0,6,0,6,0,0,25,0,25,11,0,11,36
01/25/2011,BTL,MI,AGL,CE,Federal Contract Tower,0,1,10,2,13,0,0,0,0,0,0,1,10,2,13,0,0,0,13
01/26/2011,BTL,MI,AGL,CE,Federal Contract Tower,0,0,12,2,14,0,0,10,0,10,0,0,22,2,24,18,0,18,42
01/27/2011,BTL,MI,AGL,CE,Federal Contract Tower,0,0,9,2,11,0,0,0,0,0,0,0,9,2,11,0,0,0,11
01/28/2011,BTL,MI,AGL,CE,Federal Contract Tower,0,0,32,1,33,0,0,28,0,28,0,0,60,1,61,62,0,62,123
01/29/2011,BTL,MI,AGL,CE,Federal Contract Tower,0,1,5,0,6,0,0,0,0,0,0,1,5,0,6,0,0,0,6
01/30/2011,BTL,MI,AGL,CE,Federal Contract Tower,0,1,19,0,20,0,0,92,0,92,0,1,111,0,112,214,0,214,326
01/31/2011,BTL,MI,AGL,CE,Federal Contract Tower,0,0,38,1,39,0,0,114,0,114,0,0,152,1,153,248,0,248,401
02/01/2011,BTL,MI,AGL,CE,Federal Contract Tower,0,0,5,6,11,0,0,30,0,30,0,0,35,6,41,70,0,70,111
02/02/2011,BTL,MI,AGL,CE,Federal Contract Tower,0,9,0,0,9,0,1,0,0,1,0,10,0,0,10,1,0,1,11
02/03/2011,BTL,MI,AGL,CE,Federal Contract Tower,0,1,29,4,34,0,0,114,0,114,0,1,143,4,148,163,0,163,311
02/04/2011,BTL,MI,AGL,CE,Federal Contract Tower,0,1,36,4,41,0,0,127,0,127,0,1,163,4,168,170,0,170,338
02/05/2011,BTL,MI,AGL,CE,Federal Contract Tower,0,0,12,2,14,0,0,52,0,52,0,0,64,2,66,118,0,118,184
02/06/2011,BTL,MI,AGL,CE,Federal Contract Tower,0,0,3,2,5,0,0,0,0,0,0,0,3,2,5,0,0,0,5
02/07/2011,BTL,MI,AGL,CE,Federal Contract Tower,0,0,21,2,23,0,0,32,0,32,0,0,53,2,55,64,0,64,119
02/08/2011,BTL,MI,AGL,CE,Federal Contract Tower,0,2,28,5,35,0,0,63,2,65,0,2,91,7,100,80,12,92,192
02/09/2011,BTL,MI,AGL,CE,Federal Contract Tower,0,1,52,6,59,0,0,33,1,34,0,1,85,7,93,56,0,56,149
02/10/2011,BTL,MI,AGL,CE,Federal Contract Tower,0,0,25,4,29,0,0,117,1,118,0,0,142,5,147,190,0,190,337
02/11/2011,BTL,MI,AGL,CE,Federal Contract Tower,0,0,25,10,35,0,0,56,0,56,0,0,81,10,91,148,6,154,245
02/12/2011,BTL,MI,AGL,CE,Federal Contract Tower,0,0,14,0,14,0,0,60,0,60,0,0,74,0,74,50,0,50,124
02/13/2011,BTL,MI,AGL,CE,Federal Contract Tower,0,1,10,0,11,0,0,55,0,55,0,1,65,0,66,104,0,104,170
02/14/2011,BTL,MI,AGL,CE,Federal Contract Tower,0,1,15,4,20,0,0,29,0,29,0,1,44,4,49,36,0,36,85
02/15/2011,BTL,MI,AGL,CE,Federal Contract Tower,0,0,36,4,40,0,0,78,2,80,0,0,114,6,120,152,2,154,274
02/16/2011,BTL,MI,AGL,CE,Federal Contract Tower,0,0,37,2,39,0,0,111,0,111,0,0,148,2,150,194,0,194,344
02/17/2011,BTL,MI,AGL,CE,Federal Contract Tower,0,4,27,3,34,0,0,29,0,29,0,4,56,3,63,68,0,68,131
02/18/2011,BTL,MI,AGL,CE,Federal Contract Tower,0,1,18,7,26,0,0,36,1,37,0,1,54,8,63,52,8,60,123
02/19/2011,BTL,MI,AGL,CE,Federal Contract Tower,0,0,14,0,14,0,0,126,0,126,0,0,140,0,140,155,0,155,295
02/20/2011,BTL,MI,AGL,CE,Federal Contract Tower,0,2,0,0,2,0,0,9,0,9,0,2,9,0,11,26,0,26,37
02/21/2011,BTL,MI,AGL,CE,Federal Contract Tower,0,0,11,0,11,0,0,0,0,0,0,0,11,0,11,1,0,1,12
02/22/2011,BTL,MI,AGL,CE,Federal Contract Tower,0,0,38,0,38,0,0,73,0,73,0,0,111,0,111,104,0,104,215
02/23/2011,BTL,MI,AGL,CE,Federal Contract Tower,0,0,19,0,19,0,0,0,0,0,0,0,19,0,19,3,0,3,22
02/24/2011,BTL,MI,AGL,CE,Federal Contract Tower,0,3,17,3,23,0,0,16,0,16,0,3,33,3,39,40,0,40,79
02/25/2011,BTL,MI,AGL,CE,Federal Contract Tower,0,0,26,0,26,0,0,77,0,77,0,0,103,0,103,124,0,124,227
02/26/2011,BTL,MI,AGL,CE,Federal Contract Tower,0,2,3,0,5,0,0,0,0,0,0,2,3,0,5,0,0,0,5
02/27/2011,BTL,MI,AGL,CE,Federal Contract Tower,0,2,4,0,6,0,0,7,0,7,0,2,11,0,13,12,0,12,25
02/28/2011,BTL,MI,AGL,CE,Federal Contract Tower,0,0,15,0,15,0,0,28,0,28,0,0,43,0,43,58,0,58,101
03/01/2011,BTL,MI,AGL,CE,Federal Contract Tower,0,2,29,6,37,0,0,79,1,80,0,2,108,7,117,120,10,130,247
03/02/2011,BTL,MI,AGL,CE,Federal Contract Tower,0,0,21,6,27,0,0,89,0,89,0,0,110,6,116,128,0,128,244
03/03/2011,BTL,MI,AGL,CE,Federal Contract Tower,0,1,21,2,24,0,0,73,2,75,0,1,94,4,99,124,0,124,223
03/04/2011,BTL,MI,AGL,CE,Federal Contract Tower,0,1,14,2,17,0,0,3,0,3,0,1,17,2,20,3,0,3,23
03/05/2011,BTL,MI,AGL,CE,Federal Contract Tower,0,2,5,2,9,0,0,0,0,0,0,2,5,2,9,2,2,4,13
03/06/2011,BTL,MI,AGL,CE,Federal Contract Tower,0,0,6,2,8,0,0,35,0,35,0,0,41,2,43,8,0,8,51
03/07/2011,BTL,MI,AGL,CE,Federal Contract Tower,0,3,32,2,37,0,2,81,0,83,0,5,113,2,120,196,0,196,316
03/08/2011,BTL,MI,AGL,CE,Federal Contract Tower,0,1,28,2,31,0,0,91,0,91,0,1,119,2,122,144,2,146,268
03/09/2011,BTL,MI,AGL,CE,Federal Contract Tower,0,1,15,4,20,0,0,0,0,0,0,1,15,4,20,1,0,1,21
03/10/2011,BTL,MI,AGL,CE,Federal Contract Tower,0,0,4,0,4,0,0,0,0,0,0,0,4,0,4,0,0,0,4
03/11/2011,BTL,MI,AGL,CE,Federal Contract Tower,0,0,36,5,41,0,0,122,0,122,0,0,158,5,163,204,0,204,367
03/12/2011,BTL,MI,AGL,CE,Federal Contract Tower,0,0,9,0,9,0,0,13,0,13,0,0,22,0,22,24,0,24,46
03/13/2011,BTL,MI,AGL,CE,Federal Contract Tower,0,3,11,0,14,0,0,42,0,42,0,3,53,0,56,101,0,101,157
03/14/2011,BTL,MI,AGL,CE,Federal Contract Tower,0,1,35,0,36,0,1,123,0,124,0,2,158,0,160,244,0,244,404
03/15/2011,BTL,MI,AGL,CE,Federal Contract Tower,0,1,22,5,28,0,0,50,0,50,0,1,72,5,78,138,0,138,216
03/16/2011,BTL,MI,AGL,CE,Federal Contract Tower,0,1,36,7,44,0,0,115,4,119,0,1,151,11,163,196,0,196,359
03/17/2011,BTL,MI,AGL,CE,Federal Contract Tower,0,0,35,8,43,0,0,70,1,71,0,0,105,9,114,100,0,100,214
03/18/2011,BTL,MI,AGL,CE,Federal Contract Tower,0,2,22,5,29,0,0,128,3,131,0,2,150,8,160,160,6,166,326
03/19/2011,BTL,MI,AGL,CE,Federal Contract Tower,0,0,19,0,19,0,0,100,0,100,0,0,119,0,119,154,0,154,273
03/20/2011,BTL,MI,AGL,CE,Federal Contract Tower,0,1,5,0,6,0,0,32,0,32,0,1,37,0,38,42,0,42,80
03/21/2011,BTL,MI,AGL,CE,Federal Contract Tower,0,2,26,0,28,0,0,17,0,17,0,2,43,0,45,24,0,24,69
03/22/2011,BTL,MI,AGL,CE,Federal Contract Tower,0,0,12,6,18,0,0,6,0,6,0,0,18,6,24,2,0,2,26
03/23/2011,BTL,MI,AGL,CE,Federal Contract Tower,0,0,14,2,16,0,0,0,0,0,0,0,14,2,16,0,0,0,16
03/24/2011,BTL,MI,AGL,CE,Federal Contract Tower,0,0,34,4,38,0,0,152,0,152,0,0,186,4,190,255,0,255,445
03/25/2011,BTL,MI,AGL,CE,Federal Contract Tower,0,1,44,4,49,0,0,146,5,151,0,1,190,9,200,224,0,224,424
03/26/2011,BTL,MI,AGL,CE,Federal Contract Tower,0,4,10,0,14,0,0,117,0,117,0,4,127,0,131,214,0,214,345
03/27/2011,BTL,MI,AGL,CE,Federal Contract Tower,0,1,18,0,19,0,0,79,0,79,0,1,97,0,98,100,0,100,198
03/28/2011,BTL,MI,AGL,CE,Federal Contract Tower,0,1,19,2,22,0,0,104,0,104,0,1,123,2,126,176,0,176,302
03/29/2011,BTL,MI,AGL,CE,Federal Contract Tower,0,1,35,3,39,0,0,74,1,75,0,1,109,4,114,2,0,2,116
03/30/2011,BTL,MI,AGL,CE,Federal Contract Tower,0,3,31,4,38,0,0,103,0,103,0,3,134,4,141,168,0,168,309
03/31/2011,BTL,MI,AGL,CE,Federal Contract Tower,0,3,27,5,35,0,0,101,1,102,0,3,128,6,137,208,0,208,345
04/01/2011,BTL,MI,AGL,CE,Federal Contract Tower,0,3,22,8,33,0,0,116,0,116,0,3,138,8,149,115,0,115,264
04/02/2011,BTL,MI,AGL,CE,Federal Contract Tower,0,1,9,2,12,0,0,11,0,11,0,1,20,2,23,14,0,14,37
04/03/2011,BTL,MI,AGL,CE,Federal Contract Tower,0,1,4,0,5,0,0,8,0,8,0,1,12,0,13,20,0,20,33
04/04/2011,BTL,MI,AGL,CE,Federal Contract Tower,0,2,15,4,21,0,0,0,0,0,0,2,15,4,21,3,0,3,24
04/05/2011,BTL,MI,AGL,CE,Federal Contract Tower,0,0,36,13,49,0,0,56,1,57,0,0,92,14,106,108,4,112,218
04/06/2011,BTL,MI,AGL,CE,Federal Contract Tower,0,0,25,6,31,0,0,42,0,42,0,0,67,6,73,84,0,84,157
04/07/2011,BTL,MI,AGL,CE,Federal Contract Tower,0,3,23,4,30,0,0,29,0,29,0,3,52,4,59,130,0,130,189
04/08/2011,BTL,MI,AGL,CE,Federal Contract Tower,0,2,39,4,45,0,0,12,0,12,0,2,51,4,57,14,0,14,71
04/09/2011,BTL,MI,AGL,CE,Federal Contract Tower,0,0,27,0,27,0,0,44,0,44,0,0,71,0,71,129,0,129,200
04/10/2011,BTL,MI,AGL,CE,Federal Contract Tower,0,3,21,0,24,0,0,60,0,60,0,3,81,0,84,92,0,92,176
04/11/2011,BTL,MI,AGL,CE,Federal Contract Tower,0,0,29,2,31,0,0,44,0,44,0,0,73,2,75,49,0,49,124
04/12/2011,BTL,MI,AGL,CE,Federal Contract Tower,0,5,34,2,41,0,0,145,0,145,0,5,179,2,186,286,0,286,472
04/13/2011,BTL,MI,AGL,CE,Federal Contract Tower,0,4,45,4,53,0,0,141,3,144,0,4,186,7,197,273,6,279,476
04/14/2011,BTL,MI,AGL,CE,Federal Contract Tower,0,2,26,0,28,0,0,103,0,103,0,2,129,0,131,172,0,172,303
04/15/2011,BTL,MI,AGL,CE,Federal Contract Tower,0,1,25,3,29,0,0,22,0,22,0,1,47,3,51,44,0,44,95
04/16/2011,BTL,MI,AGL,CE,Federal Contract Tower,0,0,5,0,5,0,0,8,0,8,0,0,13,0,13,38,0,38,51
04/17/2011,BTL,MI,AGL,CE,Federal Contract Tower,0,1,4,1,6,0,0,4,0,4,0,1,8,1,10,42,0,42,52
04/18/2011,BTL,MI,AGL,CE,Federal Contract Tower,0,2,16,0,18,0,0,22,0,22,0,2,38,0,40,64,0,64,104
04/19/2011,BTL,MI,AGL,CE,Federal Contract Tower,0,1,9,6,16,0,0,29,0,29,0,1,38,6,45,42,0,42,87
04/20/2011,BTL,MI,AGL,CE,Federal Contract Tower,0,0,17,4,21,0,18,0,0,18,0,18,17,4,39,32,2,34,73
04/21/2011,BTL,MI,AGL,CE,Federal Contract Tower,0,3,54,8,65,0,0,142,0,142,0,3,196,8,207,292,0,292,499
04/22/2011,BTL,MI,AGL,CE,Federal Contract Tower,0,0,19,4,23,0,0,0,0,0,0,0,19,4,23,7,0,7,30
04/23/2011,BTL,MI,AGL,CE,Federal Contract Tower,0,1,11,0,12,0,0,24,0,24,0,1,35,0,36,34,0,34,70
04/24/2011,BTL,MI,AGL,CE,Federal Contract Tower,0,0,3,0,3,0,0,37,0,37,0,0,40,0,40,42,0,42,82
04/25/2011,BTL,MI,AGL,CE,Federal Contract Tower,0,1,30,0,31,0,0,4,0,4,0,1,34,0,35,23,0,23,58
04/26/2011,BTL,MI,AGL,CE,Federal Contract Tower,0,0,9,4,13,0,0,0,0,0,0,0,9,4,13,8,0,8,21
04/27/2011,BTL,MI,AGL,CE,Federal Contract Tower,0,0,36,2,38,0,0,16,0,16,0,0,52,2,54,38,0,38,92
04/28/2011,BTL,MI,AGL,CE,Federal Contract Tower,0,1,33,3,37,0,0,29,0,29,0,1,62,3,66,84,0,84,150
04/29/2011,BTL,MI,AGL,CE,Federal Contract Tower,0,3,41,5,49,0,0,142,0,142,0,3,183,5,191,308,0,308,499
04/30/2011,BTL,MI,AGL,CE,Federal Contract Tower,0,0,10,0,10,0,0,51,0,51,0,0,61,0,61,110,0,110,171
05/01/2011,BTL,MI,AGL,CE,Federal Contract Tower,0,1,3,0,4,0,0,34,0,34,0,1,37,0,38,72,0,72,110
05/02/2011,BTL,MI,AGL,CE,Federal Contract Tower,0,2,31,2,35,0,0,95,0,95,0,2,126,2,130,247,0,247,377
05/03/2011,BTL,MI,AGL,CE,Federal Contract Tower,0,5,26,3,34,0,0,105,7,112,0,5,131,10,146,152,18,170,316
05/04/2011,BTL,MI,AGL,CE,Federal Contract Tower,0,0,31,4,35,0,0,137,1,138,0,0,168,5,173,204,0,204,377
05/05/2011,BTL,MI,AGL,CE,Federal Contract Tower,0,1,25,4,30,0,0,98,2,100,0,1,123,6,130,144,2,146,276
05/06/2011,BTL,MI,AGL,CE,Federal Contract Tower,0,3,34,2,39,0,0,63,0,63,0,3,97,2,102,100,0,100,202
05/07/2011,BTL,MI,AGL,CE,Federal Contract Tower,0,0,17,0,17,0,0,72,0,72,0,0,89,0,89,140,0,140,229
05/08/2011,BTL,MI,AGL,CE,Federal Contract Tower,0,0,8,2,10,0,0,51,0,51,0,0,59,2,61,12,0,12,73
05/09/2011,BTL,MI,AGL,CE,Federal Contract Tower,0,3,10,0,13,0,0,81,1,82,0,3,91,1,95,154,2,156,251
05/10/2011,BTL,MI,AGL,CE,Federal Contract Tower,0,2,18,6,26,0,0,82,3,85,0,2,100,9,111,192,0,192,303
05/11/2011,BTL,MI,AGL,CE,Federal Contract Tower,0,0,22,4,26,0,0,77,4,81,0,0,99,8,107,162,2,164,271
05/12/2011,BTL,MI,AGL,CE,Federal Contract Tower,0,0,28,3,31,0,0,108,0,108,0,0,136,3,139,260,0,260,399
05/13/2011,BTL,MI,AGL,CE,Federal Contract Tower,0,0,25,7,32,0,0,96,5,101,0,0,121,12,133,172,0,172,305
05/14/2011,BTL,MI,AGL,CE,Federal Contract Tower,0,0,3,0,3,0,0,0,0,0,0,0,3,0,3,0,0,0,3
05/15/2011,BTL,MI,AGL,CE,Federal Contract Tower,0,0,4,1,5,0,0,0,0,0,0,0,4,1,5,0,0,0,5
05/16/2011,BTL,MI,AGL,CE,Federal Contract Tower,0,0,35,4,39,0,0,99,0,99,0,0,134,4,138,147,8,155,293
05/17/2011,BTL,MI,AGL,CE,Federal Contract Tower,0,0,33,5,38,0,0,75,0,75,0,0,108,5,113,114,0,114,227
05/18/2011,BTL,MI,AGL,CE,Federal Contract Tower,0,0,13,3,16,0,0,2,0,2,0,0,15,3,18,0,0,0,18
05/19/2011,BTL,MI,AGL,CE,Federal Contract Tower,0,1,21,3,25,0,0,16,0,16,0,1,37,3,41,4,0,4,45
05/20/2011,BTL,MI,AGL,CE,Federal Contract Tower,0,0,25,5,30,0,0,56,1,57,0,0,81,6,87,96,6,102,189
05/21/2011,BTL,MI,AGL,CE,Federal Contract Tower,0,0,9,3,12,0,0,125,0,125,0,0,134,3,137,126,0,126,263
05/22/2011,BTL,MI,AGL,CE,Federal Contract Tower,0,0,6,1,7,0,0,30,0,30,0,0,36,1,37,3,0,3,40
05/23/2011,BTL,MI,AGL,CE,Federal Contract Tower,0,2,15,1,18,0,0,35,1,36,0,2,50,2,54,28,0,28,82
05/24/2011,BTL,MI,AGL,CE,Federal Contract Tower,0,0,35,1,36,0,0,117,15,132,0,0,152,16,168,244,26,270,438
05/25/2011,BTL,MI,AGL,CE,Federal Contract Tower,0,1,10,2,13,0,0,2,1,3,0,1,12,3,16,6,0,6,22
05/26/2011,BTL,MI,AGL,CE,Federal Contract Tower,0,1,19,6,26,0,0,0,0,0,0,1,19,6,26,4,0,4,30
05/27/2011,BTL,MI,AGL,CE,Federal Contract Tower,0,0,38,0,38,0,0,40,0,40,0,0,78,0,78,48,0,48,126
05/28/2011,BTL,MI,AGL,CE,Federal Contract Tower,0,0,6,0,6,0,0,4,0,4,0,0,10,0,10,8,0,8,18
05/29/2011,BTL,MI,AGL,CE,Federal Contract Tower,0,0,4,0,4,0,0,1,0,1,0,0,5,0,5,1,0,1,6
05/30/2011,BTL,MI,AGL,CE,Federal Contract Tower,0,1,9,0,10,0,0,31,0,31,0,1,40,0,41,15,0,15,56
05/31/2011,BTL,MI,AGL,CE,Federal Contract Tower,0,2,31,6,39,0,0,56,0,56,0,2,87,6,95,110,0,110,205
06/01/2011,BTL,MI,AGL,CE,Federal Contract Tower,0,4,35,4,43,0,0,76,0,76,0,4,111,4,119,99,0,99,218
06/02/2011,BTL,MI,AGL,CE,Federal Contract Tower,0,0,37,6,43,0,0,134,0,134,0,0,171,6,177,246,2,248,425
06/03/2011,BTL,MI,AGL,CE,Federal Contract Tower,0,5,35,5,45,0,0,106,1,107,0,5,141,6,152,196,2,198,350
06/04/2011,BTL,MI,AGL,CE,Federal Contract Tower,0,0,9,2,11,0,0,63,9,72,0,0,72,11,83,154,0,154,237
06/05/2011,BTL,MI,AGL,CE,Federal Contract Tower,0,2,10,7,19,0,0,53,0,53,0,2,63,7,72,22,4,26,98
06/06/2011,BTL,MI,AGL,CE,Federal Contract Tower,0,0,23,2,25,0,0,133,0,133,0,0,156,2,158,180,0,180,338
06/07/2011,BTL,MI,AGL,CE,Federal Contract Tower,0,5,26,2,33,0,0,105,0,105,0,5,131,2,138,192,0,192,330
06/08/2011,BTL,MI,AGL,CE,Federal Contract Tower,0,1,29,5,35,0,0,83,0,83,0,1,112,5,118,185,0,185,303
06/09/2011,BTL,MI,AGL,CE,Federal Contract Tower,0,3,22,3,28,0,0,75,0,75,0,3,97,3,103,170,0,170,273
06/10/2011,BTL,MI,AGL,CE,Federal Contract Tower,0,1,9,8,18,0,0,0,0,0,0,1,9,8,18,2,0,2,20
06/11/2011,BTL,MI,AGL,CE,Federal Contract Tower,0,0,4,0,4,0,0,8,0,8,0,0,12,0,12,37,0,37,49
06/12/2011,BTL,MI,AGL,CE,Federal Contract Tower,0,1,9,1,11,0,0,46,0,46,0,1,55,1,57,13,0,13,70
06/13/2011,BTL,MI,AGL,CE,Federal Contract Tower,0,0,24,0,24,0,0,91,0,91,0,0,115,0,115,172,0,172,287
06/14/2011,BTL,MI,AGL,CE,Federal Contract Tower,0,1,35,4,40,0,0,102,0,102,0,1,137,4,142,222,0,222,364
06/15/2011,BTL,MI,AGL,CE,Federal Contract Tower,0,0,16,6,22,0,0,41,0,41,0,0,57,6,63,98,8,106,169
06/16/2011,BTL,MI,AGL,CE,Federal Contract Tower,0,1,38,8,47,0,0,71,0,71,0,1,109,8,118,110,4,114,232
06/17/2011,BTL,MI,AGL,CE,Federal Contract Tower,0,0,38,5,43,0,0,107,0,107,0,0,145,5,150,162,0,162,312
06/18/2011,BTL,MI,AGL,CE,Federal Contract Tower,0,2,18,1,21,0,0,72,0,72,0,2,90,1,93,140,2,142,235
06/19/2011,BTL,MI,AGL,CE,Federal Contract Tower,0,2,5,1,8,0,0,26,0,26,0,2,31,1,34,4,0,4,38
06/20/2011,BTL,MI,AGL,CE,Federal Contract Tower,0,0,10,1,11,0,0,18,0,18,0,0,28,1,29,9,0,9,38
06/21/2011,BTL,MI,AGL,CE,Federal Contract Tower,0,0,21,4,25,0,0,55,0,55,0,0,76,4,80,80,0,80,160
06/22/2011,BTL,MI,AGL,CE,Federal Contract Tower,0,2,29,0,31,0,0,21,0,21,0,2,50,0,52,50,0,50,102
06/23/2011,BTL,MI,AGL,CE,Federal Contract Tower,0,1,32,4,37,0,0,8,0,8,0,1,40,4,45,8,0,8,53
06/24/2011,BTL,MI,AGL,CE,Federal Contract Tower,0,1,42,3,46,0,0,5,0,5,0,1,47,3,51,6,0,6,57
06/25/2011,BTL,MI,AGL,CE,Federal Contract Tower,0,3,12,0,15,0,0,88,0,88,0,3,100,0,103,193,0,193,296
06/26/2011,BTL,MI,AGL,CE,Federal Contract Tower,0,0,11,0,11,0,0,33,0,33,0,0,44,0,44,24,0,24,68
06/27/2011,BTL,MI,AGL,CE,Federal Contract Tower,0,0,43,1,44,0,0,65,0,65,0,0,108,1,109,146,0,146,255
06/28/2011,BTL,MI,AGL,CE,Federal Contract Tower,0,0,29,3,32,0,0,79,5,84,0,0,108,8,116,94,2,96,212
06/29/2011,BTL,MI,AGL,CE,Federal Contract Tower,0,0,29,7,36,0,0,132,5,137,0,0,161,12,173,125,24,149,322
06/30/2011,BTL,MI,AGL,CE,Federal Contract Tower,0,0,13,1,14,0,0,75,2,77,0,0,88,3,91,72,32,104,195
07/01/2011,BTL,MI,AGL,CE,Federal Contract Tower,0,0,19,0,19,0,0,42,0,42,0,0,61,0,61,62,0,62,123
07/02/2011,BTL,MI,AGL,CE,Federal Contract Tower,0,0,5,0,5,0,0,35,0,35,0,0,40,0,40,32,0,32,72
07/03/2011,BTL,MI,AGL,CE,Federal Contract Tower,0,0,0,4,4,0,0,39,6,45,0,0,39,10,49,26,0,26,75
07/04/2011,BTL,MI,AGL,CE,Federal Contract Tower,0,1,4,0,5,0,0,35,0,35,0,1,39,0,40,152,0,152,192
07/05/2011,BTL,MI,AGL,CE,Federal Contract Tower,0,1,20,4,25,0,0,99,1,100,0,1,119,5,125,222,4,226,351
07/06/2011,BTL,MI,AGL,CE,Federal Contract Tower,0,0,28,0,28,0,0,86,2,88,0,0,114,2,116,132,0,132,248
07/07/2011,BTL,MI,AGL,CE,Federal Contract Tower,0,2,30,6,38,0,0,128,1,129,0,2,158,7,167,150,0,150,317
07/08/2011,BTL,MI,AGL,CE,Federal Contract Tower,0,2,23,7,32,0,0,120,0,120,0,2,143,7,152,174,0,174,326
07/09/2011,BTL,MI,AGL,CE,Federal Contract Tower,0,1,12,4,17,0,0,81,1,82,0,1,93,5,99,120,6,126,225
07/10/2011,BTL,MI,AGL,CE,Federal Contract Tower,0,1,5,7,13,0,0,44,12,56,0,1,49,19,69,20,39,59,128
07/11/2011,BTL,MI,AGL,CE,Federal Contract Tower,0,2,20,2,24,0,0,25,0,25,0,2,45,2,49,62,0,62,111
07/12/2011,BTL,MI,AGL,CE,Federal Contract Tower,0,0,30,11,41,0,0,121,22,143,0,0,151,33,184,208,22,230,414
07/13/2011,BTL,MI,AGL,CE,Federal Contract Tower,0,4,31,4,39,0,0,92,4,96,0,4,123,8,135,152,2,154,289
07/14/2011,BTL,MI,AGL,CE,Federal Contract Tower,0,6,37,4,47,0,0,79,2,81,0,6,116,6,128,164,8,172,300
07/15/2011,BTL,MI,AGL,CE,Federal Contract Tower,0,1,15,7,23,0,0,77,0,77,0,1,92,7,100,162,0,162,262
07/16/2011,BTL,MI,AGL,CE,Federal Contract Tower,0,0,12,0,12,0,0,56,0,56,0,0,68,0,68,60,0,60,128
07/17/2011,BTL,MI,AGL,CE,Federal Contract Tower,0,2,10,4,16,0,0,19,0,19,0,2,29,4,35,5,0,5,40
07/18/2011,BTL,MI,AGL,CE,Federal Contract Tower,0,1,29,2,32,0,1,53,1,55,0,2,82,3,87,156,0,156,243
07/19/2011,BTL,MI,AGL,CE,Federal Contract Tower,0,0,35,6,41,0,0,61,2,63,0,0,96,8,104,98,24,122,226
07/20/2011,BTL,MI,AGL,CE,Federal Contract Tower,0,0,41,4,45,0,0,69,0,69,0,0,110,4,114,110,4,114,228
07/21/2011,BTL,MI,AGL,CE,Federal Contract Tower,0,3,31,6,40,0,0,88,2,90,0,3,119,8,130,92,2,94,224
07/22/2011,BTL,MI,AGL,CE,Federal Contract Tower,0,0,17,5,22,0,0,47,0,47,0,0,64,5,69,76,0,76,145
07/23/2011,BTL,MI,AGL,CE,Federal Contract Tower,0,0,14,0,14,0,0,53,0,53,0,0,67,0,67,108,0,108,175
07/24/2011,BTL,MI,AGL,CE,Federal Contract Tower,0,0,8,0,8,0,0,25,0,25,0,0,33,0,33,5,0,5,38
07/25/2011,BTL,MI,AGL,CE,Federal Contract Tower,0,2,19,3,24,0,0,82,0,82,0,2,101,3,106,187,0,187,293
07/26/2011,BTL,MI,AGL,CE,Federal Contract Tower,0,1,41,2,44,0,0,107,0,107,0,1,148,2,151,172,0,172,323
07/27/2011,BTL,MI,AGL,CE,Federal Contract Tower,0,1,31,10,42,0,0,38,4,42,0,1,69,14,84,72,2,74,158
07/28/2011,BTL,MI,AGL,CE,Federal Contract Tower,0,0,26,2,28,0,0,72,1,73,0,0,98,3,101,164,2,166,267
07/29/2011,BTL,MI,AGL,CE,Federal Contract Tower,0,0,45,5,50,0,0,52,0,52,0,0,97,5,102,90,0,90,192
07/30/2011,BTL,MI,AGL,CE,Federal Contract Tower,0,0,13,0,13,0,0,68,0,68,0,0,81,0,81,94,0,94,175
07/31/2011,BTL,MI,AGL,CE,Federal Contract Tower,0,2,12,0,14,0,0,53,0,53,0,2,65,0,67,26,0,26,93
08/01/2011,BTL,MI,AGL,CE,Federal Contract Tower,0,2,16,3,21,0,0,50,2,52,0,2,66,5,73,95,7,102,175
08/02/2011,BTL,MI,AGL,CE,Federal Contract Tower,0,0,30,4,34,0,0,55,0,55,0,0,85,4,89,111,0,111,200
08/03/2011,BTL,MI,AGL,CE,Federal Contract Tower,0,1,21,10,32,0,0,20,8,28,0,1,41,18,60,53,28,81,141
08/04/2011,BTL,MI,AGL,CE,Federal Contract Tower,0,2,45,3,50,0,0,44,0,44,0,2,89,3,94,94,0,94,188
08/05/2011,BTL,MI,AGL,CE,Federal Contract Tower,0,3,26,8,37,0,0,110,4,114,0,3,136,12,151,185,7,192,343
08/06/2011,BTL,MI,AGL,CE,Federal Contract Tower,0,1,17,9,27,0,0,23,4,27,0,1,40,13,54,35,16,51,105
08/07/2011,BTL,MI,AGL,CE,Federal Contract Tower,0,4,4,2,10,0,0,21,0,21,0,4,25,2,31,20,0,20,51
08/08/2011,BTL,MI,AGL,CE,Federal Contract Tower,0,0,37,2,39,0,0,36,0,36,0,0,73,2,75,62,0,62,137
08/09/2011,BTL,MI,AGL,CE,Federal Contract Tower,0,3,31,7,41,0,0,58,3,61,0,3,89,10,102,120,4,124,226
08/10/2011,BTL,MI,AGL,CE,Federal Contract Tower,0,1,20,4,25,0,0,100,0,100,0,1,120,4,125,184,0,184,309
08/11/2011,BTL,MI,AGL,CE,Federal Contract Tower,0,0,36,6,42,0,0,119,7,126,0,0,155,13,168,190,0,190,358
08/12/2011,BTL,MI,AGL,CE,Federal Contract Tower,0,0,44,3,47,0,0,88,0,88,0,0,132,3,135,146,0,146,281
08/13/2011,BTL,MI,AGL,CE,Federal Contract Tower,0,0,8,2,10,0,0,11,1,12,0,0,19,3,22,20,0,20,42
08/14/2011,BTL,MI,AGL,CE,Federal Contract Tower,0,3,7,0,10,0,0,1,0,1,0,3,8,0,11,0,0,0,11
08/15/2011,BTL,MI,AGL,CE,Federal Contract Tower,0,2,21,4,27,0,0,78,1,79,0,2,99,5,106,113,0,113,219
08/16/2011,BTL,MI,AGL,CE,Federal Contract Tower,0,0,24,6,30,0,0,90,5,95,0,0,114,11,125,144,6,150,275
08/17/2011,BTL,MI,AGL,CE,Federal Contract Tower,0,3,24,4,31,0,0,90,3,93,0,3,114,7,124,116,2,118,242
08/18/2011,BTL,MI,AGL,CE,Federal Contract Tower,0,2,25,8,35,0,0,70,0,70,0,2,95,8,105,110,4,114,219
08/19/2011,BTL,MI,AGL,CE,Federal Contract Tower,0,0,29,2,31,0,0,112,7,119,0,0,141,9,150,206,4,210,360
08/20/2011,BTL,MI,AGL,CE,Federal Contract Tower,0,1,10,0,11,0,0,36,0,36,0,1,46,0,47,50,0,50,97
08/21/2011,BTL,MI,AGL,CE,Federal Contract Tower,0,1,9,0,10,0,0,26,0,26,0,1,35,0,36,33,0,33,69
08/22/2011,BTL,MI,AGL,CE,Federal Contract Tower,0,0,15,0,15,0,0,53,0,53,0,0,68,0,68,191,0,191,259
08/23/2011,BTL,MI,AGL,CE,Federal Contract Tower,0,1,28,2,31,0,0,67,0,67,0,1,95,2,98,196,0,196,294
08/24/2011,BTL,MI,AGL,CE,Federal Contract Tower,0,1,27,5,33,0,0,22,3,25,0,1,49,8,58,60,4,64,122
08/25/2011,BTL,MI,AGL,CE,Federal Contract Tower,0,1,30,5,36,0,0,95,0,95,0,1,125,5,131,262,0,262,393
08/26/2011,BTL,MI,AGL,CE,Federal Contract Tower,0,0,33,12,45,0,0,104,1,105,0,0,137,13,150,290,4,294,444
08/27/2011,BTL,MI,AGL,CE,Federal Contract Tower,0,2,7,1,10,0,0,39,0,39,0,2,46,1,49,110,0,110,159
08/28/2011,BTL,MI,AGL,CE,Federal Contract Tower,0,1,11,0,12,0,0,45,0,45,0,1,56,0,57,4,0,4,61
08/29/2011,BTL,MI,AGL,CE,Federal Contract Tower,0,3,31,9,43,0,0,80,1,81,0,3,111,10,124,140,0,140,264
08/30/2011,BTL,MI,AGL,CE,Federal Contract Tower,0,6,36,7,49,0,0,88,1,89,0,6,124,8,138,186,2,188,326
08/31/2011,BTL,MI,AGL,CE,Federal Contract Tower,0,1,41,4,46,0,0,84,0,84,0,1,125,4,130,162,0,162,292
09/01/2011,BTL,MI,AGL,CE,Federal Contract Tower,0,2,20,6,28,0,0,79,5,84,0,2,99,11,112,136,20,156,268
09/02/2011,BTL,MI,AGL,CE,Federal Contract Tower,0,4,29,0,33,0,0,57,0,57,0,4,86,0,90,86,0,86,176
09/03/2011,BTL,MI,AGL,CE,Federal Contract Tower,0,0,4,0,4,0,0,17,0,17,0,0,21,0,21,4,0,4,25
09/04/2011,BTL,MI,AGL,CE,Federal Contract Tower,0,0,4,0,4,0,0,0,0,0,0,0,4,0,4,6,0,6,10
09/05/2011,BTL,MI,AGL,CE,Federal Contract Tower,0,2,5,2,9,0,0,22,0,22,0,2,27,2,31,3,0,3,34
09/06/2011,BTL,MI,AGL,CE,Federal Contract Tower,0,2,25,2,29,0,0,70,1,71,0,2,95,3,100,132,2,134,234
09/07/2011,BTL,MI,AGL,CE,Federal Contract Tower,1,1,22,4,28,0,0,64,6,70,1,1,86,10,98,77,45,122,220
09/08/2011,BTL,MI,AGL,CE,Federal Contract Tower,0,3,25,2,30,0,0,4,0,4,0,3,29,2,34,18,0,18,52
09/09/2011,BTL,MI,AGL,CE,Federal Contract Tower,2,1,25,3,31,0,0,9,0,9,2,1,34,3,40,12,0,12,52
09/10/2011,BTL,MI,AGL,CE,Federal Contract Tower,1,2,17,9,29,0,0,30,0,30,1,2,47,9,59,53,0,53,112
09/11/2011,BTL,MI,AGL,CE,Federal Contract Tower,0,1,10,2,13,0,0,69,0,69,0,1,79,2,82,112,0,112,194
09/12/2011,BTL,MI,AGL,CE,Federal Contract Tower,0,3,20,1,24,0,0,91,0,91,0,3,111,1,115,150,0,150,265
09/13/2011,BTL,MI,AGL,CE,Federal Contract Tower,0,0,20,2,22,0,0,96,0,96,0,0,116,2,118,168,0,168,286
09/14/2011,BTL,MI,AGL,CE,Federal Contract Tower,0,0,25,7,32,0,0,78,0,78,0,0,103,7,110,90,10,100,210
09/15/2011,BTL,MI,AGL,CE,Federal Contract Tower,0,0,36,7,43,0,0,120,0,120,0,0,156,7,163,144,0,144,307
09/16/2011,BTL,MI,AGL,CE,Federal Contract Tower,0,3,40,4,47,0,0,114,0,114,0,3,154,4,161,182,0,182,343
09/17/2011,BTL,MI,AGL,CE,Federal Contract Tower,0,2,9,2,13,0,0,78,0,78,0,2,87,2,91,112,0,112,203
09/18/2011,BTL,MI,AGL,CE,Federal Contract Tower,0,0,17,1,18,0,0,98,0,98,0,0,115,1,116,108,0,108,224
09/19/2011,BTL,MI,AGL,CE,Federal Contract Tower,0,0,13,1,14,0,0,1,0,1,0,0,14,1,15,0,0,0,15
09/20/2011,BTL,MI,AGL,CE,Federal Contract Tower,0,2,21,4,27,0,0,73,0,73,0,2,94,4,100,82,0,82,182
09/21/2011,BTL,MI,AGL,CE,Federal Contract Tower,0,1,21,5,27,0,0,91,3,94,0,1,112,8,121,118,14,132,253
09/22/2011,BTL,MI,AGL,CE,Federal Contract Tower,0,4,30,8,42,0,0,115,0,115,0,4,145,8,157,164,0,164,321
09/23/2011,BTL,MI,AGL,CE,Federal Contract Tower,0,3,37,2,42,0,0,119,0,119,0,3,156,2,161,134,0,134,295
09/24/2011,BTL,MI,AGL,CE,Federal Contract Tower,0,0,10,0,10,0,0,80,0,80,0,0,90,0,90,96,0,96,186
09/25/2011,BTL,MI,AGL,CE,Federal Contract Tower,0,0,8,0,8,0,0,32,0,32,0,0,40,0,40,36,0,36,76
09/26/2011,BTL,MI,AGL,CE,Federal Contract Tower,0,2,22,0,24,0,0,45,0,45,0,2,67,0,69,112,0,112,181
09/27/2011,BTL,MI,AGL,CE,Federal Contract Tower,0,2,19,2,23,0,0,57,0,57,0,2,76,2,80,98,0,98,178
09/28/2011,BTL,MI,AGL,CE,Federal Contract Tower,0,3,25,6,34,0,0,14,0,14,0,3,39,6,48,54,0,54,102
09/29/2011,BTL,MI,AGL,CE,Federal Contract Tower,0,2,21,4,27,0,0,8,0,8,0,2,29,4,35,56,0,56,91
09/30/2011,BTL,MI,AGL,CE,Federal Contract Tower,2,0,16,0,18,0,0,2,0,2,2,0,18,0,20,10,1,11,31
10/01/2011,BTL,MI,AGL,CE,Federal Contract Tower,0,0,16,0,16,0,0,123,0,123,0,0,139,0,139,194,0,194,333
10/02/2011,BTL,MI,AGL,CE,Federal Contract Tower,0,0,12,0,12,0,0,121,0,121,0,0,133,0,133,166,0,166,299
10/03/2011,BTL,MI,AGL,CE,Federal Contract Tower,0,0,27,0,27,0,0,118,0,118,0,0,145,0,145,237,0,237,382
10/04/2011,BTL,MI,AGL,CE,Federal Contract Tower,0,0,26,5,31,0,0,124,0,124,0,0,150,5,155,252,4,256,411
10/05/2011,BTL,MI,AGL,CE,Federal Contract Tower,0,1,23,2,26,0,0,146,6,152,0,1,169,8,178,216,28,244,422
10/06/2011,BTL,MI,AGL,CE,Federal Contract Tower,0,0,33,4,37,0,0,135,1,136,0,0,168,5,173,350,1,351,524
10/07/2011,BTL,MI,AGL,CE,Federal Contract Tower,0,1,20,0,21,0,0,141,0,141,0,1,161,0,162,282,0,282,444
10/08/2011,BTL,MI,AGL,CE,Federal Contract Tower,0,0,7,0,7,0,0,113,0,113,0,0,120,0,120,201,0,201,321
10/09/2011,BTL,MI,AGL,CE,Federal Contract Tower,0,0,15,0,15,0,0,79,0,79,0,0,94,0,94,152,0,152,246
10/10/2011,BTL,MI,AGL,CE,Federal Contract Tower,0,1,13,5,19,0,0,108,1,109,0,1,121,6,128,246,0,246,374
10/11/2011,BTL,MI,AGL,CE,Federal Contract Tower,0,2,13,4,19,0,0,122,0,122,0,2,135,4,141,290,0,290,431
10/12/2011,BTL,MI,AGL,CE,Federal Contract Tower,0,1,17,2,20,0,0,119,3,122,0,1,136,5,142,232,11,243,385
10/13/2011,BTL,MI,AGL,CE,Federal Contract Tower,0,2,7,8,17,0,0,6,0,6,0,2,13,8,23,12,2,14,37
10/14/2011,BTL,MI,AGL,CE,Federal Contract Tower,0,1,19,2,22,0,0,7,1,8,0,1,26,3,30,12,0,12,42
10/15/2011,BTL,MI,AGL,CE,Federal Contract Tower,0,4,3,0,7,0,0,2,0,2,0,4,5,0,9,2,0,2,11
10/16/2011,BTL,MI,AGL,CE,Federal Contract Tower,0,1,15,4,20,0,0,79,0,79,0,1,94,4,99,189,6,195,294
10/17/2011,BTL,MI,AGL,CE,Federal Contract Tower,0,1,18,5,24,0,0,71,0,71,0,1,89,5,95,118,0,118,213
10/18/2011,BTL,MI,AGL,CE,Federal Contract Tower,0,0,33,6,39,0,0,91,0,91,0,0,124,6,130,168,0,168,298
10/19/2011,BTL,MI,AGL,CE,Federal Contract Tower,0,2,16,4,22,0,0,0,0,0,0,2,16,4,22,4,0,4,26
10/20/2011,BTL,MI,AGL,CE,Federal Contract Tower,0,2,16,3,21,0,0,1,0,1,0,2,17,3,22,0,0,0,22
10/21/2011,BTL,MI,AGL,CE,Federal Contract Tower,0,3,38,4,45,0,0,52,0,52,0,3,90,4,97,152,0,152,249
10/22/2011,BTL,MI,AGL,CE,Federal Contract Tower,0,7,16,0,23,0,0,140,0,140,0,7,156,0,163,402,0,402,565
10/23/2011,BTL,MI,AGL,CE,Federal Contract Tower,0,3,18,2,23,0,0,104,0,104,0,3,122,2,127,232,0,232,359
10/24/2011,BTL,MI,AGL,CE,Federal Contract Tower,0,0,24,1,25,0,0,86,0,86,0,0,110,1,111,183,0,183,294
10/25/2011,BTL,MI,AGL,CE,Federal Contract Tower,0,2,12,8,22,0,0,71,0,71,0,2,83,8,93,192,0,192,285
10/26/2011,BTL,MI,AGL,CE,Federal Contract Tower,0,1,13,8,22,0,0,0,0,0,0,1,13,8,22,6,6,12,34
10/27/2011,BTL,MI,AGL,CE,Federal Contract Tower,0,2,33,5,40,0,0,89,0,89,0,2,122,5,129,278,0,278,407
10/28/2011,BTL,MI,AGL,CE,Federal Contract Tower,0,4,30,4,38,0,0,119,0,119,0,4,149,4,157,262,0,262,419
10/29/2011,BTL,MI,AGL,CE,Federal Contract Tower,0,2,13,0,15,0,0,80,0,80,0,2,93,0,95,126,0,126,221
10/30/2011,BTL,MI,AGL,CE,Federal Contract Tower,0,2,7,0,9,0,0,59,0,59,0,2,66,0,68,142,0,142,210
10/31/2011,BTL,MI,AGL,CE,Federal Contract Tower,0,4,16,0,20,0,0,95,0,95,0,4,111,0,115,232,0,232,347
11/01/2011,BTL,MI,AGL,CE,Federal Contract Tower,0,0,29,6,35,0,0,137,0,137,0,0,166,6,172,332,4,336,508
11/02/2011,BTL,MI,AGL,CE,Federal Contract Tower,0,1,27,6,34,0,2,100,0,102,0,3,127,6,136,268,3,271,407
11/03/2011,BTL,MI,AGL,CE,Federal Contract Tower,0,1,15,4,20,0,0,17,0,17,0,1,32,4,37,66,0,66,103
11/04/2011,BTL,MI,AGL,CE,Federal Contract Tower,0,5,25,3,33,0,0,160,0,160,0,5,185,3,193,264,0,264,457
11/05/2011,BTL,MI,AGL,CE,Federal Contract Tower,0,1,13,2,16,0,0,108,1,109,0,1,121,3,125,200,0,200,325
11/06/2011,BTL,MI,AGL,CE,Federal Contract Tower,0,2,6,2,10,0,0,43,5,48,0,2,49,7,58,68,14,82,140
11/07/2011,BTL,MI,AGL,CE,Federal Contract Tower,0,8,32,0,40,0,0,108,0,108,0,8,140,0,148,305,0,305,453
11/08/2011,BTL,MI,AGL,CE,Federal Contract Tower,0,1,13,7,21,0,0,18,6,24,0,1,31,13,45,50,4,54,99
11/09/2011,BTL,MI,AGL,CE,Federal Contract Tower,0,0,5,3,8,0,0,0,0,0,0,0,5,3,8,2,0,2,10
11/10/2011,BTL,MI,AGL,CE,Federal Contract Tower,0,1,21,2,24,0,0,38,0,38,0,1,59,2,62,63,0,63,125
11/11/2011,BTL,MI,AGL,CE,Federal Contract Tower,0,1,29,0,30,0,0,123,0,123,0,1,152,0,153,287,0,287,440
11/12/2011,BTL,MI,AGL,CE,Federal Contract Tower,0,3,29,0,32,0,0,111,0,111,0,3,140,0,143,336,0,336,479
11/13/2011,BTL,MI,AGL,CE,Federal Contract Tower,0,1,3,0,4,0,0,17,0,17,0,1,20,0,21,26,0,26,47
11/14/2011,BTL,MI,AGL,CE,Federal Contract Tower,0,0,28,3,31,0,0,108,1,109,0,0,136,4,140,319,4,323,463
11/15/2011,BTL,MI,AGL,CE,Federal Contract Tower,0,0,23,3,26,0,0,121,0,121,0,0,144,3,147,251,0,251,398
11/16/2011,BTL,MI,AGL,CE,Federal Contract Tower,0,4,34,1,39,0,0,115,8,123,0,4,149,9,162,217,0,217,379
11/17/2011,BTL,MI,AGL,CE,Federal Contract Tower,0,0,28,3,31,0,0,37,0,37,0,0,65,3,68,66,0,66,134
11/18/2011,BTL,MI,AGL,CE,Federal Contract Tower,0,2,19,3,24,0,0,46,0,46,0,2,65,3,70,74,2,76,146
11/19/2011,BTL,MI,AGL,CE,Federal Contract Tower,0,2,8,0,10,0,0,57,0,57,0,2,65,0,67,160,0,160,227
11/20/2011,BTL,MI,AGL,CE,Federal Contract Tower,0,1,17,1,19,0,0,95,0,95,0,1,112,1,114,238,0,238,352
11/21/2011,BTL,MI,AGL,CE,Federal Contract Tower,0,2,23,0,25,0,0,109,0,109,0,2,132,0,134,221,0,221,355
11/22/2011,BTL,MI,AGL,CE,Federal Contract Tower,0,0,20,4,24,0,0,6,0,6,0,0,26,4,30,10,0,10,40
11/23/2011,BTL,MI,AGL,CE,Federal Contract Tower,0,0,18,2,20,0,0,103,1,104,0,0,121,3,124,146,10,156,280
11/24/2011,BTL,MI,AGL,CE,Federal Contract Tower,0,0,2,0,2,0,0,0,0,0,0,0,2,0,2,2,0,2,4
11/25/2011,BTL,MI,AGL,CE,Federal Contract Tower,0,0,2,0,2,0,0,10,0,10,0,0,12,0,12,6,0,6,18
11/26/2011,BTL,MI,AGL,CE,Federal Contract Tower,0,1,4,0,5,0,0,15,0,15,0,1,19,0,20,18,0,18,38
11/27/2011,BTL,MI,AGL,CE,Federal Contract Tower,0,1,0,0,1,0,0,0,0,0,0,1,0,0,1,0,0,0,1
11/28/2011,BTL,MI,AGL,CE,Federal Contract Tower,0,1,30,1,32,0,0,29,2,31,0,1,59,3,63,95,4,99,162
11/29/2011,BTL,MI,AGL,CE,Federal Contract Tower,0,2,4,0,6,0,0,0,0,0,0,2,4,0,6,0,0,0,6
11/30/2011,BTL,MI,AGL,CE,Federal Contract Tower,0,2,42,5,49,0,0,139,5,144,0,2,181,10,193,149,0,149,342
12/01/2011,BTL,MI,AGL,CE,Federal Contract Tower,0,1,28,6,35,0,0,141,2,143,0,1,169,8,178,278,0,278,456
12/02/2011,BTL,MI,AGL,CE,Federal Contract Tower,0,5,24,4,33,0,0,136,0,136,0,5,160,4,169,246,2,248,417
12/03/2011,BTL,MI,AGL,CE,Federal Contract Tower,0,3,12,4,19,0,0,80,2,82,0,3,92,6,101,120,2,122,223
12/04/2011,BTL,MI,AGL,CE,Federal Contract Tower,0,0,3,6,9,0,0,0,0,0,0,0,3,6,9,0,0,0,9
12/05/2011,BTL,MI,AGL,CE,Federal Contract Tower,0,0,25,4,29,0,0,51,0,51,0,0,76,4,80,140,0,140,220
12/06/2011,BTL,MI,AGL,CE,Federal Contract Tower,0,2,18,6,26,0,0,71,3,74,0,2,89,9,100,218,14,232,332
12/07/2011,BTL,MI,AGL,CE,Federal Contract Tower,0,2,28,9,39,0,0,129,7,136,0,2,157,16,175,322,6,328,503
12/08/2011,BTL,MI,AGL,CE,Federal Contract Tower,0,4,28,4,36,0,0,94,0,94,0,4,122,4,130,288,6,294,424
12/09/2011,BTL,MI,AGL,CE,Federal Contract Tower,0,0,18,5,23,0,0,30,0,30,0,0,48,5,53,86,2,88,141
12/10/2011,BTL,MI,AGL,CE,Federal Contract Tower,0,0,24,0,24,0,0,136,0,136,0,0,160,0,160,182,12,194,354
12/11/2011,BTL,MI,AGL,CE,Federal Contract Tower,0,2,23,0,25,0,0,99,0,99,0,2,122,0,124,219,0,219,343
12/12/2011,BTL,MI,AGL,CE,Federal Contract Tower,0,2,31,2,35,0,0,73,1,74,0,2,104,3,109,207,0,207,316
12/13/2011,BTL,MI,AGL,CE,Federal Contract Tower,0,2,21,5,28,0,0,82,5,87,0,2,103,10,115,230,6,236,351
12/14/2011,BTL,MI,AGL,CE,Federal Contract Tower,0,2,14,0,16,0,0,0,0,0,0,2,14,0,16,0,0,0,16
12/15/2011,BTL,MI,AGL,CE,Federal Contract Tower,0,2,27,6,35,0,0,5,2,7,0,2,32,8,42,20,2,22,64
12/16/2011,BTL,MI,AGL,CE,Federal Contract Tower,0,0,28,3,31,0,0,67,0,67,0,0,95,3,98,140,0,140,238
12/17/2011,BTL,MI,AGL,CE,Federal Contract Tower,0,0,2,0,2,0,0,0,0,0,0,0,2,0,2,0,0,0,2
12/18/2011,BTL,MI,AGL,CE,Federal Contract Tower,0,0,13,0,13,0,0,47,0,47,0,0,60,0,60,74,0,74,134
12/19/2011,BTL,MI,AGL,CE,Federal Contract Tower,0,4,31,1,36,0,0,53,0,53,0,4,84,1,89,111,0,111,200
12/20/2011,BTL,MI,AGL,CE,Federal Contract Tower,0,5,20,4,29,0,1,25,0,26,0,6,45,4,55,78,0,78,133
12/21/2011,BTL,MI,AGL,CE,Federal Contract Tower,0,2,10,0,12,0,0,0,0,0,0,2,10,0,12,0,0,0,12
12/22/2011,BTL,MI,AGL,CE,Federal Contract Tower,0,1,29,5,35,0,0,15,0,15,0,1,44,5,50,33,8,41,91
12/23/2011,BTL,MI,AGL,CE,Federal Contract Tower,0,0,4,0,4,0,0,28,2,30,0,0,32,2,34,16,16,32,66
12/24/2011,BTL,MI,AGL,CE,Federal Contract Tower,0,0,6,4,10,0,0,22,4,26,0,0,28,8,36,20,0,20,56
12/25/2011,BTL,MI,AGL,CE,Federal Contract Tower,0,2,0,0,2,0,0,2,0,2,0,2,2,0,4,3,0,3,7
12/26/2011,BTL,MI,AGL,CE,Federal Contract Tower,0,0,4,2,6,0,0,33,2,35,0,0,37,4,41,3,4,7,48
12/27/2011,BTL,MI,AGL,CE,Federal Contract Tower,0,0,2,1,3,0,0,0,0,0,0,0,2,1,3,0,0,0,3
12/28/2011,BTL,MI,AGL,CE,Federal Contract Tower,0,3,11,9,23,0,0,18,0,18,0,3,29,9,41,18,6,24,65
12/29/2011,BTL,MI,AGL,CE,Federal Contract Tower,0,3,6,6,15,0,0,3,2,5,0,3,9,8,20,0,6,6,26
12/30/2011,BTL,MI,AGL,CE,Federal Contract Tower,0,0,3,0,3,0,0,0,0,0,0,0,3,0,3,0,0,0,3
12/31/2011,BTL,MI,AGL,CE,Federal Contract Tower,0,0,3,0,3,0,0,0,0,0,0,0,3,0,3,0,0,0,3
01/01/2012,BTL,MI,AGL,CE,Federal Contract Tower,0,0,3,0,3,0,0,1,0,1,0,0,4,0,4,2,0,2,6
01/02/2012,BTL,MI,AGL,CE,Federal Contract Tower,0,0,1,0,1,0,0,0,0,0,0,0,1,0,1,0,0,0,1
01/03/2012,BTL,MI,AGL,CE,Federal Contract Tower,0,4,9,5,18,0,0,15,1,16,0,4,24,6,34,14,0,14,48
01/04/2012,BTL,MI,AGL,CE,Federal Contract Tower,0,1,19,6,26,0,0,37,2,39,0,1,56,8,65,66,8,74,139
01/05/2012,BTL,MI,AGL,CE,Federal Contract Tower,0,0,22,4,26,0,0,72,5,77,0,0,94,9,103,128,26,154,257
01/06/2012,BTL,MI,AGL,CE,Federal Contract Tower,0,3,25,1,29,0,0,76,1,77,0,3,101,2,106,110,0,110,216
01/07/2012,BTL,MI,AGL,CE,Federal Contract Tower,0,0,11,0,11,0,0,38,4,42,0,0,49,4,53,68,0,68,121
01/08/2012,BTL,MI,AGL,CE,Federal Contract Tower,0,1,15,0,16,0,0,50,12,62,0,1,65,12,78,98,44,142,220
01/09/2012,BTL,MI,AGL,CE,Federal Contract Tower,0,0,26,2,28,0,0,77,1,78,0,0,103,3,106,127,0,127,233
01/10/2012,BTL,MI,AGL,CE,Federal Contract Tower,0,0,26,4,30,0,0,94,1,95,0,0,120,5,125,208,6,214,339
01/11/2012,BTL,MI,AGL,CE,Federal Contract Tower,0,0,25,7,32,0,0,129,1,130,0,0,154,8,162,249,4,253,415
01/12/2012,BTL,MI,AGL,CE,Federal Contract Tower,0,0,7,5,12,0,0,0,0,0,0,0,7,5,12,0,0,0,12
01/13/2012,BTL,MI,AGL,CE,Federal Contract Tower,0,1,10,2,13,0,0,0,0,0,0,1,10,2,13,0,4,4,17
01/14/2012,BTL,MI,AGL,CE,Federal Contract Tower,0,1,5,0,6,0,0,27,0,27,0,1,32,0,33,54,0,54,87
01/15/2012,BTL,MI,AGL,CE,Federal Contract Tower,0,2,17,2,21,0,0,54,0,54,0,2,71,2,75,140,0,140,215
01/16/2012,BTL,MI,AGL,CE,Federal Contract Tower,0,1,7,0,8,0,0,4,0,4,0,1,11,0,12,7,0,7,19
01/17/2012,BTL,MI,AGL,CE,Federal Contract Tower,0,5,6,2,13,0,0,0,0,0,0,5,6,2,13,1,0,1,14
01/18/2012,BTL,MI,AGL,CE,Federal Contract Tower,0,1,36,5,42,0,0,118,0,118,0,1,154,5,160,258,12,270,430
01/19/2012,BTL,MI,AGL,CE,Federal Contract Tower,0,0,5,2,7,0,0,11,0,11,0,0,16,2,18,40,0,40,58
01/20/2012,BTL,MI,AGL,CE,Federal Contract Tower,0,2,23,6,31,0,0,78,0,78,0,2,101,6,109,102,6,108,217
01/21/2012,BTL,MI,AGL,CE,Federal Contract Tower,0,0,8,0,8,0,0,121,0,121,0,0,129,0,129,141,0,141,270
01/22/2012,BTL,MI,AGL,CE,Federal Contract Tower,0,1,7,0,8,0,0,0,0,0,0,1,7,0,8,0,0,0,8
01/23/2012,BTL,MI,AGL,CE,Federal Contract Tower,0,0,6,1,7,0,0,0,0,0,0,0,6,1,7,0,0,0,7
01/24/2012,BTL,MI,AGL,CE,Federal Contract Tower,0,4,18,12,34,0,0,17,4,21,0,4,35,16,55,56,22,78,133
01/25/2012,BTL,MI,AGL,CE,Federal Contract Tower,0,0,44,4,48,0,0,103,6,109,0,0,147,10,157,218,20,238,395
01/26/2012,BTL,MI,AGL,CE,Federal Contract Tower,0,1,11,3,15,0,0,0,0,0,0,1,11,3,15,0,0,0,15
01/27/2012,BTL,MI,AGL,CE,Federal Contract Tower,0,0,24,2,26,0,0,142,0,142,0,0,166,2,168,226,0,226,394
01/28/2012,BTL,MI,AGL,CE,Federal Contract Tower,0,0,0,0,0,0,0,4,0,4,0,0,4,0,4,16,0,16,20
01/29/2012,BTL,MI,AGL,CE,Federal Contract Tower,0,2,4,0,6,0,0,0,0,0,0,2,4,0,6,0,0,0,6
01/30/2012,BTL,MI,AGL,CE,Federal Contract Tower,0,3,29,1,33,0,0,95,0,95,0,3,124,1,128,149,0,149,277
01/31/2012,BTL,MI,AGL,CE,Federal Contract Tower,0,2,34,7,43,0,0,90,0,90,0,2,124,7,133,156,0,156,289
02/01/2012,BTL,MI,AGL,CE,Federal Contract Tower,0,0,29,7,36,0,0,27,4,31,0,0,56,11,67,100,6,106,173
02/02/2012,BTL,MI,AGL,CE,Federal Contract Tower,0,0,51,5,56,0,0,118,6,124,0,0,169,11,180,280,2,282,462
02/03/2012,BTL,MI,AGL,CE,Federal Contract Tower,0,5,25,3,33,0,0,13,0,13,0,5,38,3,46,86,0,86,132
02/04/2012,BTL,MI,AGL,CE,Federal Contract Tower,0,2,16,2,20,0,0,161,0,161,0,2,177,2,181,200,0,200,381
02/05/2012,BTL,MI,AGL,CE,Federal Contract Tower,0,0,5,4,9,0,0,69,1,70,0,0,74,5,79,78,4,82,161
02/06/2012,BTL,MI,AGL,CE,Federal Contract Tower,0,1,32,1,34,0,0,35,0,35,0,1,67,1,69,68,0,68,137
02/07/2012,BTL,MI,AGL,CE,Federal Contract Tower,0,2,6,4,12,0,0,18,0,18,0,2,24,4,30,70,0,70,100
02/08/2012,BTL,MI,AGL,CE,Federal Contract Tower,0,4,15,4,23,0,0,176,2,178,0,4,191,6,201,200,4,204,405
02/09/2012,BTL,MI,AGL,CE,Federal Contract Tower,0,2,27,4,33,0,0,156,0,156,0,2,183,4,189,296,2,298,487
02/10/2012,BTL,MI,AGL,CE,Federal Contract Tower,0,3,9,4,16,0,0,7,0,7,0,3,16,4,23,26,0,26,49
02/11/2012,BTL,MI,AGL,CE,Federal Contract Tower,0,0,10,1,11,0,0,28,8,36,0,0,38,9,47,14,4,18,65
02/12/2012,BTL,MI,AGL,CE,Federal Contract Tower,0,0,13,1,14,0,0,36,0,36,0,0,49,1,50,72,0,72,122
02/13/2012,BTL,MI,AGL,CE,Federal Contract Tower,0,3,25,1,29,0,0,103,0,103,0,3,128,1,132,198,0,198,330
02/14/2012,BTL,MI,AGL,CE,Federal Contract Tower,0,4,9,5,18,0,0,0,0,0,0,4,9,5,18,2,0,2,20
02/15/2012,BTL,MI,AGL,CE,Federal Contract Tower,0,10,31,4,45,0,0,47,2,49,0,10,78,6,94,158,2,160,254
02/16/2012,BTL,MI,AGL,CE,Federal Contract Tower,0,3,17,3,23,0,0,19,0,19,0,3,36,3,42,52,0,52,94
02/17/2012,BTL,MI,AGL,CE,Federal Contract Tower,0,1,38,4,43,0,0,181,0,181,0,1,219,4,224,356,0,356,580
02/18/2012,BTL,MI,AGL,CE,Federal Contract Tower,0,0,12,0,12,0,0,72,0,72,0,0,84,0,84,140,0,140,224
02/19/2012,BTL,MI,AGL,CE,Federal Contract Tower,0,1,13,0,14,0,0,67,0,67,0,1,80,0,81,119,0,119,200
02/20/2012,BTL,MI,AGL,CE,Federal Contract Tower,0,2,36,0,38,0,0,130,0,130,0,2,166,0,168,304,2,306,474
02/21/2012,BTL,MI,AGL,CE,Federal Contract Tower,0,1,13,3,17,0,0,4,0,4,0,1,17,3,21,8,0,8,29
02/22/2012,BTL,MI,AGL,CE,Federal Contract Tower,0,1,24,1,26,0,0,80,8,88,0,1,104,9,114,240,2,242,356
02/23/2012,BTL,MI,AGL,CE,Federal Contract Tower,0,0,11,5,16,0,0,0,0,0,0,0,11,5,16,4,0,4,20
02/24/2012,BTL,MI,AGL,CE,Federal Contract Tower,0,2,9,1,12,0,0,0,0,0,0,2,9,1,12,0,0,0,12
02/25/2012,BTL,MI,AGL,CE,Federal Contract Tower,0,0,8,5,13,0,0,7,0,7,0,0,15,5,20,10,0,10,30
02/26/2012,BTL,MI,AGL,CE,Federal Contract Tower,0,2,14,1,17,0,0,74,0,74,0,2,88,1,91,194,0,194,285
02/27/2012,BTL,MI,AGL,CE,Federal Contract Tower,0,0,19,1,20,0,0,56,0,56,0,0,75,1,76,65,0,65,141
02/28/2012,BTL,MI,AGL,CE,Federal Contract Tower,0,2,24,4,30,0,0,127,2,129,0,2,151,6,159,284,4,288,447
02/29/2012,BTL,MI,AGL,CE,Federal Contract Tower,0,2,13,7,22,0,0,10,0,10,0,2,23,7,32,24,0,24,56
03/01/2012,BTL,MI,AGL,CE,Federal Contract Tower,0,2,9,4,15,0,0,21,0,21,0,2,30,4,36,80,0,80,116
03/02/2012,BTL,MI,AGL,CE,Federal Contract Tower,0,1,20,6,27,0,0,35,0,35,0,1,55,6,62,84,4,88,150
03/03/2012,BTL,MI,AGL,CE,Federal Contract Tower,0,0,1,4,5,0,0,0,0,0,0,0,1,4,5,0,0,0,5
03/04/2012,BTL,MI,AGL,CE,Federal Contract Tower,0,0,9,4,13,0,0,3,0,3,0,0,12,4,16,8,6,14,30
03/05/2012,BTL,MI,AGL,CE,Federal Contract Tower,0,1,32,0,33,0,0,66,0,66,0,1,98,0,99,188,0,188,287
03/06/2012,BTL,MI,AGL,CE,Federal Contract Tower,0,0,8,5,13,0,0,29,2,31,0,0,37,7,44,88,2,90,134
03/07/2012,BTL,MI,AGL,CE,Federal Contract Tower,0,2,18,2,22,0,0,7,0,7,0,2,25,2,29,0,0,0,29
03/08/2012,BTL,MI,AGL,CE,Federal Contract Tower,0,3,15,3,21,0,0,3,0,3,0,3,18,3,24,8,12,20,44
03/09/2012,BTL,MI,AGL,CE,Federal Contract Tower,0,1,18,4,23,0,0,39,2,41,0,1,57,6,64,46,4,50,114
03/10/2012,BTL,MI,AGL,CE,Federal Contract Tower,0,3,10,5,18,0,0,41,2,43,0,3,51,7,61,46,0,46,107
03/11/2012,BTL,MI,AGL,CE,Federal Contract Tower,0,2,15,4,21,0,0,92,0,92,0,2,107,4,113,155,0,155,268
03/12/2012,BTL,MI,AGL,CE,Federal Contract Tower,0,3,33,4,40,0,0,13,0,13,0,3,46,4,53,25,0,25,78
03/13/2012,BTL,MI,AGL,CE,Federal Contract Tower,0,1,47,7,55,0,0,114,6,120,0,1,161,13,175,188,8,196,371
03/14/2012,BTL,MI,AGL,CE,Federal Contract Tower,0,4,52,3,59,0,0,148,1,149,0,4,200,4,208,304,0,304,512
03/15/2012,BTL,MI,AGL,CE,Federal Contract Tower,0,4,38,5,47,0,0,95,0,95,0,4,133,5,142,216,0,216,358
03/16/2012,BTL,MI,AGL,CE,Federal Contract Tower,0,1,33,2,36,0,0,147,4,151,0,1,180,6,187,408,0,408,595
03/17/2012,BTL,MI,AGL,CE,Federal Contract Tower,0,2,12,2,16,0,0,94,0,94,0,2,106,2,110,260,0,260,370
03/18/2012,BTL,MI,AGL,CE,Federal Contract Tower,0,1,16,3,20,0,0,70,0,70,0,1,86,3,90,224,0,224,314
03/19/2012,BTL,MI,AGL,CE,Federal Contract Tower,0,0,31,3,34,0,0,77,0,77,0,0,108,3,111,222,0,222,333
03/20/2012,BTL,MI,AGL,CE,Federal Contract Tower,0,0,21,1,22,0,0,119,0,119,0,0,140,1,141,242,0,242,383
03/21/2012,BTL,MI,AGL,CE,Federal Contract Tower,0,2,27,2,31,0,0,116,0,116,0,2,143,2,147,228,2,230,377
03/22/2012,BTL,MI,AGL,CE,Federal Contract Tower,0,3,32,9,44,0,0,143,6,149,0,3,175,15,193,350,6,356,549
03/23/2012,BTL,MI,AGL,CE,Federal Contract Tower,0,31,3,0,34,0,0,38,0,38,0,31,41,0,72,96,0,96,168
03/24/2012,BTL,MI,AGL,CE,Federal Contract Tower,0,1,13,0,14,0,0,0,0,0,0,1,13,0,14,0,0,0,14
03/25/2012,BTL,MI,AGL,CE,Federal Contract Tower,0,0,12,1,13,0,0,60,0,60,0,0,72,1,73,158,0,158,231
03/26/2012,BTL,MI,AGL,CE,Federal Contract Tower,0,0,28,0,28,0,0,94,0,94,0,0,122,0,122,251,0,251,373
03/27/2012,BTL,MI,AGL,CE,Federal Contract Tower,0,1,28,4,33,0,0,67,0,67,0,1,95,4,100,82,0,82,182
03/28/2012,BTL,MI,AGL,CE,Federal Contract Tower,0,0,21,4,25,0,0,61,1,62,0,0,82,5,87,96,0,96,183
03/29/2012,BTL,MI,AGL,CE,Federal Contract Tower,0,6,30,4,40,0,0,152,8,160,0,6,182,12,200,310,30,340,540
03/30/2012,BTL,MI,AGL,CE,Federal Contract Tower,0,1,10,5,16,0,0,2,0,2,0,1,12,5,18,6,0,6,24
03/31/2012,BTL,MI,AGL,CE,Federal Contract Tower,0,1,17,4,22,0,0,47,0,47,0,1,64,4,69,190,0,190,259
04/01/2012,BTL,MI,AGL,CE,Federal Contract Tower,0,0,16,1,17,0,0,22,0,22,0,0,38,1,39,70,0,70,109
04/02/2012,BTL,MI,AGL,CE,Federal Contract Tower,0,3,32,2,37,0,0,116,1,117,0,3,148,3,154,278,10,288,442
04/03/2012,BTL,MI,AGL,CE,Federal Contract Tower,0,1,28,2,31,0,0,61,0,61,0,1,89,2,92,142,0,142,234
04/04/2012,BTL,MI,AGL,CE,Federal Contract Tower,0,1,31,1,33,0,0,135,0,135,0,1,166,1,168,278,1,279,447
04/05/2012,BTL,MI,AGL,CE,Federal Contract Tower,0,1,22,3,26,0,0,132,0,132,0,1,154,3,158,268,0,268,426
04/06/2012,BTL,MI,AGL,CE,Federal Contract Tower,0,3,29,3,35,0,0,197,1,198,0,3,226,4,233,327,0,327,560
04/07/2012,BTL,MI,AGL,CE,Federal Contract Tower,0,0,15,0,15,0,0,83,0,83,0,0,98,0,98,244,0,244,342
04/08/2012,BTL,MI,AGL,CE,Federal Contract Tower,0,1,0,0,1,0,0,6,0,6,0,1,6,0,7,0,0,0,7
04/09/2012,BTL,MI,AGL,CE,Federal Contract Tower,0,1,21,0,22,0,0,47,1,48,0,1,68,1,70,39,0,39,109
04/10/2012,BTL,MI,AGL,CE,Federal Contract Tower,0,2,22,2,26,0,0,53,0,53,0,2,75,2,79,116,0,116,195
04/11/2012,BTL,MI,AGL,CE,Federal Contract Tower,0,2,19,4,25,0,0,129,0,129,0,2,148,4,154,284,0,284,438
04/12/2012,BTL,MI,AGL,CE,Federal Contract Tower,0,0,35,3,38,0,0,160,0,160,0,0,195,3,198,318,0,318,516
04/13/2012,BTL,MI,AGL,CE,Federal Contract Tower,0,2,27,5,34,0,0,125,0,125,0,2,152,5,159,262,0,262,421
04/14/2012,BTL,MI,AGL,CE,Federal Contract Tower,0,0,14,6,20,0,0,31,5,36,0,0,45,11,56,140,0,140,196
04/15/2012,BTL,MI,AGL,CE,Federal Contract Tower,0,2,11,2,15,0,0,15,2,17,0,2,26,4,32,12,0,12,44
04/16/2012,BTL,MI,AGL,CE,Federal Contract Tower,0,0,8,3,11,0,0,0,0,0,0,0,8,3,11,0,0,0,11
04/17/2012,BTL,MI,AGL,CE,Federal Contract Tower,0,2,36,4,42,0,0,164,0,164,0,2,200,4,206,238,0,238,444
04/18/2012,BTL,MI,AGL,CE,Federal Contract Tower,0,2,26,4,32,0,0,122,1,123,0,2,148,5,155,246,2,248,403
04/19/2012,BTL,MI,AGL,CE,Federal Contract Tower,0,1,30,6,37,0,0,89,0,89,0,1,119,6,126,216,0,216,342
04/20/2012,BTL,MI,AGL,CE,Federal Contract Tower,0,3,22,9,34,0,1,12,0,13,0,4,34,9,47,26,0,26,73
04/21/2012,BTL,MI,AGL,CE,Federal Contract Tower,0,0,11,0,11,0,0,108,0,108,0,0,119,0,119,218,0,218,337
04/22/2012,BTL,MI,AGL,CE,Federal Contract Tower,0,1,16,2,19,0,0,26,0,26,0,1,42,2,45,16,8,24,69
04/23/2012,BTL,MI,AGL,CE,Federal Contract Tower,0,1,21,3,25,0,0,26,0,26,0,1,47,3,51,26,0,26,77
04/24/2012,BTL,MI,AGL,CE,Federal Contract Tower,0,0,19,4,23,0,0,36,0,36,0,0,55,4,59,90,0,90,149
04/25/2012,BTL,MI,AGL,CE,Federal Contract Tower,0,4,45,3,52,0,0,125,9,134,0,4,170,12,186,302,0,302,488
04/26/2012,BTL,MI,AGL,CE,Federal Contract Tower,0,0,38,6,44,0,0,42,1,43,0,0,80,7,87,124,0,124,211
04/27/2012,BTL,MI,AGL,CE,Federal Contract Tower,0,2,39,5,46,0,0,106,0,106,0,2,145,5,152,278,0,278,430
04/28/2012,BTL,MI,AGL,CE,Federal Contract Tower,0,0,4,2,6,0,0,2,0,2,0,0,6,2,8,0,0,0,8
04/29/2012,BTL,MI,AGL,CE,Federal Contract Tower,0,7,11,0,18,0,0,81,0,81,0,7,92,0,99,124,0,124,223
04/30/2012,BTL,MI,AGL,CE,Federal Contract Tower,0,1,25,1,27,0,0,8,0,8,0,1,33,1,35,12,0,12,47
05/01/2012,BTL,MI,AGL,CE,Federal Contract Tower,0,0,21,6,27,0,0,79,5,84,0,0,100,11,111,204,10,214,325
05/02/2012,BTL,MI,AGL,CE,Federal Contract Tower,0,1,15,2,18,0,1,48,1,50,0,2,63,3,68,97,2,99,167
05/03/2012,BTL,MI,AGL,CE,Federal Contract Tower,0,4,40,5,49,0,0,74,3,77,0,4,114,8,126,250,0,250,376
05/04/2012,BTL,MI,AGL,CE,Federal Contract Tower,0,1,24,6,31,0,0,116,5,121,0,1,140,11,152,252,2,254,406
05/05/2012,BTL,MI,AGL,CE,Federal Contract Tower,0,0,26,2,28,0,0,24,5,29,0,0,50,7,57,8,4,12,69
05/06/2012,BTL,MI,AGL,CE,Federal Contract Tower,0,2,5,3,10,0,0,31,0,31,0,2,36,3,41,16,4,20,61
05/07/2012,BTL,MI,AGL,CE,Federal Contract Tower,0,2,18,1,21,0,0,8,2,10,0,2,26,3,31,0,0,0,31
05/08/2012,BTL,MI,AGL,CE,Federal Contract Tower,0,5,34,1,40,0,0,96,2,98,0,5,130,3,138,150,6,156,294
05/09/2012,BTL,MI,AGL,CE,Federal Contract Tower,0,1,20,5,26,0,0,80,0,80,0,1,100,5,106,184,0,184,290
05/10/2012,BTL,MI,AGL,CE,Federal Contract Tower,0,2,18,5,25,0,0,141,3,144,0,2,159,8,169,286,30,316,485
05/11/2012,BTL,MI,AGL,CE,Federal Contract Tower,0,2,34,2,38,0,0,121,3,124,0,2,155,5,162,332,0,332,494
05/12/2012,BTL,MI,AGL,CE,Federal Contract Tower,0,0,6,0,6,0,0,27,0,27,0,0,33,0,33,44,0,44,77
05/13/2012,BTL,MI,AGL,CE,Federal Contract Tower,0,2,9,0,11,0,0,6,0,6,0,2,15,0,17,7,0,7,24
05/14/2012,BTL,MI,AGL,CE,Federal Contract Tower,0,2,17,0,19,0,0,93,4,97,0,2,110,4,116,156,1,157,273
05/15/2012,BTL,MI,AGL,CE,Federal Contract Tower,0,2,24,6,32,0,0,83,4,87,0,2,107,10,119,128,18,146,265
05/16/2012,BTL,MI,AGL,CE,Federal Contract Tower,0,2,31,4,37,0,0,90,6,96,0,2,121,10,133,184,12,196,329
05/17/2012,BTL,MI,AGL,CE,Federal Contract Tower,0,3,32,1,36,0,0,110,0,110,0,3,142,1,146,212,0,212,358
05/18/2012,BTL,MI,AGL,CE,Federal Contract Tower,0,2,14,2,18,0,1,124,1,126,0,3,138,3,144,172,0,172,316
05/19/2012,BTL,MI,AGL,CE,Federal Contract Tower,0,1,9,3,13,0,0,77,1,78,0,1,86,4,91,56,8,64,155
05/20/2012,BTL,MI,AGL,CE,Federal Contract Tower,0,1,3,1,5,0,0,28,0,28,0,1,31,1,33,22,0,22,55
05/21/2012,BTL,MI,AGL,CE,Federal Contract Tower,0,2,21,3,26,0,0,8,0,8,0,2,29,3,34,6,0,6,40
05/22/2012,BTL,MI,AGL,CE,Federal Contract Tower,0,3,33,5,41,0,0,115,0,115,0,3,148,5,156,158,6,164,320
05/23/2012,BTL,MI,AGL,CE,Federal Contract Tower,0,1,28,4,33,0,0,120,4,124,0,1,148,8,157,190,6,196,353
05/24/2012,BTL,MI,AGL,CE,Federal Contract Tower,0,0,7,3,10,0,0,59,0,59,0,0,66,3,69,74,0,74,143
05/25/2012,BTL,MI,AGL,CE,Federal Contract Tower,0,0,23,0,23,0,0,79,0,79,0,0,102,0,102,162,0,162,264
05/26/2012,BTL,MI,AGL,CE,Federal Contract Tower,0,0,4,0,4,0,0,38,0,38,0,0,42,0,42,44,0,44,86
05/27/2012,BTL,MI,AGL,CE,Federal Contract Tower,0,0,1,0,1,0,0,23,0,23,0,0,24,0,24,16,0,16,40
05/28/2012,BTL,MI,AGL,CE,Federal Contract Tower,0,3,5,0,8,0,0,21,0,21,0,3,26,0,29,18,0,18,47
05/29/2012,BTL,MI,AGL,CE,Federal Contract Tower,0,0,16,7,23,0,0,56,0,56,0,0,72,7,79,88,0,88,167
05/30/2012,BTL,MI,AGL,CE,Federal Contract Tower,0,1,28,3,32,0,0,89,3,92,0,1,117,6,124,158,0,158,282
05/31/2012,BTL,MI,AGL,CE,Federal Contract Tower,0,3,27,3,33,0,1,29,0,30,0,4,56,3,63,62,0,62,125
06/01/2012,BTL,MI,AGL,CE,Federal Contract Tower,0,6,18,9,33,0,0,0,0,0,0,6,18,9,33,0,0,0,33
06/02/2012,BTL,MI,AGL,CE,Federal Contract Tower,0,2,7,3,12,0,0,52,4,56,0,2,59,7,68,27,8,35,103
06/03/2012,BTL,MI,AGL,CE,Federal Contract Tower,0,2,9,3,14,0,0,28,4,32,0,2,37,7,46,24,2,26,72
06/04/2012,BTL,MI,AGL,CE,Federal Contract Tower,0,3,25,5,33,0,0,98,1,99,0,3,123,6,132,222,12,234,366
06/05/2012,BTL,MI,AGL,CE,Federal Contract Tower,0,4,31,3,38,0,1,84,0,85,0,5,115,3,123,204,2,206,329
06/06/2012,BTL,MI,AGL,CE,Federal Contract Tower,0,0,32,2,34,0,0,109,1,110,0,0,141,3,144,204,0,204,348
06/07/2012,BTL,MI,AGL,CE,Federal Contract Tower,0,2,29,3,34,0,0,86,2,88,0,2,115,5,122,148,10,158,280
06/08/2012,BTL,MI,AGL,CE,Federal Contract Tower,0,6,31,3,40,0,2,111,4,117,0,8,142,7,157,196,0,196,353
06/09/2012,BTL,MI,AGL,CE,Federal Contract Tower,0,2,13,0,15,0,0,52,0,52,0,2,65,0,67,41,0,41,108
06/10/2012,BTL,MI,AGL,CE,Federal Contract Tower,0,1,4,0,5,0,0,36,0,36,0,1,40,0,41,6,0,6,47
06/11/2012,BTL,MI,AGL,CE,Federal Contract Tower,0,5,20,2,27,0,0,78,3,81,0,5,98,5,108,150,3,153,261
06/12/2012,BTL,MI,AGL,CE,Federal Contract Tower,0,7,26,2,35,0,1,81,1,83,0,8,107,3,118,152,2,154,272
06/13/2012,BTL,MI,AGL,CE,Federal Contract Tower,0,10,25,1,36,0,0,117,2,119,0,10,142,3,155,218,0,218,373
06/14/2012,BTL,MI,AGL,CE,Federal Contract Tower,0,24,29,3,56,0,2,85,0,87,0,26,114,3,143,174,0,174,317
06/15/2012,BTL,MI,AGL,CE,Federal Contract Tower,0,4,27,1,32,0,0,93,0,93,0,4,120,1,125,174,0,174,299
06/16/2012,BTL,MI,AGL,CE,Federal Contract Tower,0,0,10,0,10,0,0,49,2,51,0,0,59,2,61,100,0,100,161
06/17/2012,BTL,MI,AGL,CE,Federal Contract Tower,0,0,3,0,3,0,0,9,0,9,0,0,12,0,12,2,0,2,14
06/18/2012,BTL,MI,AGL,CE,Federal Contract Tower,0,0,21,0,21,0,0,69,2,71,0,0,90,2,92,56,0,56,148
06/19/2012,BTL,MI,AGL,CE,Federal Contract Tower,0,3,25,2,30,0,0,0,0,0,0,3,25,2,30,224,0,224,254
06/20/2012,BTL,MI,AGL,CE,Federal Contract Tower,0,5,15,3,23,0,0,63,1,64,0,5,78,4,87,114,0,114,201
06/21/2012,BTL,MI,AGL,CE,Federal Contract Tower,0,2,22,1,25,0,0,53,0,53,0,2,75,1,78,104,0,104,182
06/22/2012,BTL,MI,AGL,CE,Federal Contract Tower,0,1,26,1,28,0,0,90,1,91,0,1,116,2,119,164,0,164,283
06/23/2012,BTL,MI,AGL,CE,Federal Contract Tower,0,0,12,0,12,0,0,85,0,85,0,0,97,0,97,166,0,166,263
06/24/2012,BTL,MI,AGL,CE,Federal Contract Tower,0,0,3,0,3,0,0,33,0,33,0,0,36,0,36,38,0,38,74
06/25/2012,BTL,MI,AGL,CE,Federal Contract Tower,0,2,21,2,25,0,0,74,1,75,0,2,95,3,100,158,0,158,258
06/26/2012,BTL,MI,AGL,CE,Federal Contract Tower,0,0,17,2,19,0,0,89,0,89,0,0,106,2,108,190,0,190,298
06/27/2012,BTL,MI,AGL,CE,Federal Contract Tower,0,3,30,3,36,0,0,77,0,77,0,3,107,3,113,158,12,170,283
06/28/2012,BTL,MI,AGL,CE,Federal Contract Tower,0,6,23,5,34,0,0,87,4,91,0,6,110,9,125,128,20,148,273
06/29/2012,BTL,MI,AGL,CE,Federal Contract Tower,0,2,8,1,11,0,3,73,3,79,0,5,81,4,90,120,0,120,210
06/30/2012,BTL,MI,AGL,CE,Federal Contract Tower,0,1,0,0,1,0,0,54,0,54,0,1,54,0,55,200,0,200,255
07/01/2012,BTL,MI,AGL,CE,Federal Contract Tower,0,0,3,2,5,0,0,22,0,22,0,0,25,2,27,52,0,52,79
07/02/2012,BTL,MI,AGL,CE,Federal Contract Tower,0,1,24,4,29,0,0,95,3,98,0,1,119,7,127,198,10,208,335
07/03/2012,BTL,MI,AGL,CE,Federal Contract Tower,0,0,22,9,31,0,0,61,7,68,0,0,83,16,99,94,0,94,193
07/04/2012,BTL,MI,AGL,CE,Federal Contract Tower,0,1,0,0,1,0,0,7,0,7,0,1,7,0,8,1,0,1,9
07/05/2012,BTL,MI,AGL,CE,Federal Contract Tower,0,1,20,5,26,0,0,77,0,77,0,1,97,5,103,138,6,144,247
07/06/2012,BTL,MI,AGL,CE,Federal Contract Tower,0,0,20,8,28,0,0,78,4,82,0,0,98,12,110,118,40,158,268
07/07/2012,BTL,MI,AGL,CE,Federal Contract Tower,0,3,8,0,11,0,0,48,0,48,0,3,56,0,59,48,0,48,107
07/08/2012,BTL,MI,AGL,CE,Federal Contract Tower,0,0,9,0,9,0,0,27,0,27,0,0,36,0,36,9,0,9,45
07/09/2012,BTL,MI,AGL,CE,Federal Contract Tower,2,4,26,0,32,0,0,82,1,83,2,4,108,1,115,196,0,196,311
07/10/2012,BTL,MI,AGL,CE,Federal Contract Tower,0,1,21,2,24,0,0,97,6,103,0,1,118,8,127,199,3,202,329
07/11/2012,BTL,MI,AGL,CE,Federal Contract Tower,0,0,21,3,24,0,0,118,3,121,0,0,139,6,145,199,14,213,358
07/12/2012,BTL,MI,AGL,CE,Federal Contract Tower,0,2,19,6,27,0,0,105,0,105,0,2,124,6,132,250,2,252,384
07/13/2012,BTL,MI,AGL,CE,Federal Contract Tower,0,0,20,4,24,0,0,114,0,114,0,0,134,4,138,184,4,188,326
07/14/2012,BTL,MI,AGL,CE,Federal Contract Tower,0,1,12,2,15,0,0,43,0,43,0,1,55,2,58,56,0,56,114
07/15/2012,BTL,MI,AGL,CE,Federal Contract Tower,0,1,14,3,18,0,0,23,0,23,0,1,37,3,41,6,2,8,49
07/16/2012,BTL,MI,AGL,CE,Federal Contract Tower,0,5,29,3,37,0,0,72,0,72,0,5,101,3,109,156,0,156,265
07/17/2012,BTL,MI,AGL,CE,Federal Contract Tower,0,1,21,3,25,0,0,63,0,63,0,1,84,3,88,150,0,150,238
07/18/2012,BTL,MI,AGL,CE,Federal Contract Tower,0,2,24,3,29,0,0,82,0,82,0,2,106,3,111,192,0,192,303
07/19/2012,BTL,MI,AGL,CE,Federal Contract Tower,0,1,27,4,32,0,0,19,0,19,0,1,46,4,51,36,0,36,87
07/20/2012,BTL,MI,AGL,CE,Federal Contract Tower,0,5,25,4,34,0,0,97,2,99,0,5,122,6,133,230,20,250,383
07/21/2012,BTL,MI,AGL,CE,Federal Contract Tower,0,0,6,0,6,0,0,61,0,61,0,0,67,0,67,72,0,72,139
07/22/2012,BTL,MI,AGL,CE,Federal Contract Tower,0,0,8,0,8,0,0,17,2,19,0,0,25,2,27,6,2,8,35
07/23/2012,BTL,MI,AGL,CE,Federal Contract Tower,0,3,20,0,23,0,0,59,1,60,0,3,79,1,83,110,0,110,193
07/24/2012,BTL,MI,AGL,CE,Federal Contract Tower,0,1,18,5,24,0,0,88,2,90,0,1,106,7,114,152,4,156,270
07/25/2012,BTL,MI,AGL,CE,Federal Contract Tower,0,0,17,4,21,0,0,63,4,67,0,0,80,8,88,108,4,112,200
07/26/2012,BTL,MI,AGL,CE,Federal Contract Tower,0,4,27,6,37,0,0,51,3,54,0,4,78,9,91,134,28,162,253
07/27/2012,BTL,MI,AGL,CE,Federal Contract Tower,0,1,26,2,29,0,0,22,0,22,0,1,48,2,51,42,0,42,93
07/28/2012,BTL,MI,AGL,CE,Federal Contract Tower,2,1,11,1,15,0,0,47,0,47,2,1,58,1,62,68,0,68,130
07/29/2012,BTL,MI,AGL,CE,Federal Contract Tower,0,4,7,2,13,0,0,33,0,33,0,4,40,2,46,4,0,4,50
07/30/2012,BTL,MI,AGL,CE,Federal Contract Tower,2,1,25,1,29,0,0,77,0,77,2,1,102,1,106,190,0,190,296
07/31/2012,BTL,MI,AGL,CE,Federal Contract Tower,2,2,25,3,32,0,0,90,1,91,2,2,115,4,123,221,0,221,344
08/01/2012,BTL,MI,AGL,CE,Federal Contract Tower,0,2,27,4,33,0,0,86,3,89,0,2,113,7,122,124,6,130,252
08/02/2012,BTL,MI,AGL,CE,Federal Contract Tower,0,0,23,4,27,0,0,74,1,75,0,0,97,5,102,196,2,198,300
08/03/2012,BTL,MI,AGL,CE,Federal Contract Tower,0,2,18,4,24,0,0,62,0,62,0,2,80,4,86,118,2,120,206
08/04/2012,BTL,MI,AGL,CE,Federal Contract Tower,0,0,10,5,15,0,0,22,0,22,0,0,32,5,37,36,0,36,73
08/05/2012,BTL,MI,AGL,CE,Federal Contract Tower,0,0,5,3,8,0,0,12,1,13,0,0,17,4,21,1,2,3,24
08/06/2012,BTL,MI,AGL,CE,Federal Contract Tower,0,0,27,2,29,0,0,109,2,111,0,0,136,4,140,208,0,208,348
08/07/2012,BTL,MI,AGL,CE,Federal Contract Tower,0,0,20,5,25,0,0,73,3,76,0,0,93,8,101,174,0,174,275
08/08/2012,BTL,MI,AGL,CE,Federal Contract Tower,0,0,30,2,32,0,0,88,4,92,0,0,118,6,124,222,2,224,348
08/09/2012,BTL,MI,AGL,CE,Federal Contract Tower,0,0,14,5,19,0,0,18,4,22,0,0,32,9,41,2,0,2,43
08/10/2012,BTL,MI,AGL,CE,Federal Contract Tower,0,1,10,3,14,0,0,0,0,0,0,1,10,3,14,0,0,0,14
08/11/2012,BTL,MI,AGL,CE,Federal Contract Tower,0,0,14,0,14,0,0,23,0,23,0,0,37,0,37,2,0,2,39
08/12/2012,BTL,MI,AGL,CE,Federal Contract Tower,0,1,7,0,8,0,0,49,4,53,0,1,56,4,61,13,2,15,76
08/13/2012,BTL,MI,AGL,CE,Federal Contract Tower,0,1,23,2,26,0,0,59,0,59,0,1,82,2,85,151,0,151,236
08/14/2012,BTL,MI,AGL,CE,Federal Contract Tower,0,2,27,3,32,0,0,59,0,59,0,2,86,3,91,132,0,132,223
08/15/2012,BTL,MI,AGL,CE,Federal Contract Tower,0,2,26,3,31,0,0,88,5,93,0,2,114,8,124,175,10,185,309
08/16/2012,BTL,MI,AGL,CE,Federal Contract Tower,0,4,12,3,19,0,0,6,0,6,0,4,18,3,25,12,0,12,37
08/17/2012,BTL,MI,AGL,CE,Federal Contract Tower,0,2,26,6,34,0,0,83,1,84,0,2,109,7,118,264,0,264,382
08/18/2012,BTL,MI,AGL,CE,Federal Contract Tower,0,0,6,0,6,0,0,52,0,52,0,0,58,0,58,200,0,200,258
08/19/2012,BTL,MI,AGL,CE,Federal Contract Tower,0,2,7,2,11,0,0,225,0,225,0,2,232,2,236,28,0,28,264
08/20/2012,BTL,MI,AGL,CE,Federal Contract Tower,0,1,14,1,16,0,0,239,0,239,0,1,253,1,255,317,0,317,572
08/21/2012,BTL,MI,AGL,CE,Federal Contract Tower,0,0,14,2,16,0,0,202,4,206,0,0,216,6,222,254,0,254,476
08/22/2012,BTL,MI,AGL,CE,Federal Contract Tower,0,1,38,2,41,0,0,76,0,76,0,1,114,2,117,296,2,298,415
08/23/2012,BTL,MI,AGL,CE,Federal Contract Tower,0,5,32,6,43,0,0,308,2,310,0,5,340,8,353,176,12,188,541
08/24/2012,BTL,MI,AGL,CE,Federal Contract Tower,0,1,32,2,35,0,0,68,0,68,0,1,100,2,103,126,0,126,229
08/25/2012,BTL,MI,AGL,CE,Federal Contract Tower,0,2,14,0,16,0,0,61,0,61,0,2,75,0,77,28,0,28,105
08/26/2012,BTL,MI,AGL,CE,Federal Contract Tower,0,2,9,1,12,0,0,23,1,24,0,2,32,2,36,24,18,42,78
08/27/2012,BTL,MI,AGL,CE,Federal Contract Tower,0,5,32,3,40,0,0,31,0,31,0,5,63,3,71,66,0,66,137
08/28/2012,BTL,MI,AGL,CE,Federal Contract Tower,0,8,32,2,42,0,0,102,4,106,0,8,134,6,148,196,12,208,356
08/29/2012,BTL,MI,AGL,CE,Federal Contract Tower,0,5,24,3,32,0,1,81,1,83,0,6,105,4,115,174,4,178,293
08/30/2012,BTL,MI,AGL,CE,Federal Contract Tower,0,8,36,3,47,0,2,105,0,107,0,10,141,3,154,204,0,204,358
08/31/2012,BTL,MI,AGL,CE,Federal Contract Tower,0,7,16,1,24,0,0,43,1,44,0,7,59,2,68,62,0,62,130
09/01/2012,BTL,MI,AGL,CE,Federal Contract Tower,0,0,10,0,10,0,0,22,0,22,0,0,32,0,32,28,0,28,60
09/02/2012,BTL,MI,AGL,CE,Federal Contract Tower,0,2,6,0,8,0,0,6,0,6,0,2,12,0,14,2,0,2,16
09/03/2012,BTL,MI,AGL,CE,Federal Contract Tower,0,3,9,0,12,0,0,35,0,35,0,3,44,0,47,19,0,19,66
09/04/2012,BTL,MI,AGL,CE,Federal Contract Tower,0,0,18,1,19,0,0,31,0,31,0,0,49,1,50,42,0,42,92
09/05/2012,BTL,MI,AGL,CE,Federal Contract Tower,0,0,29,2,31,0,0,65,0,65,0,0,94,2,96,150,2,152,248
09/06/2012,BTL,MI,AGL,CE,Federal Contract Tower,0,0,28,3,31,0,0,84,0,84,0,0,112,3,115,196,0,196,311
09/07/2012,BTL,MI,AGL,CE,Federal Contract Tower,0,5,30,0,35,0,0,60,0,60,0,5,90,0,95,114,0,114,209
09/08/2012,BTL,MI,AGL,CE,Federal Contract Tower,0,0,6,0,6,0,0,67,0,67,0,0,73,0,73,110,0,110,183
09/09/2012,BTL,MI,AGL,CE,Federal Contract Tower,0,3,5,4,12,0,0,41,0,41,0,3,46,4,53,44,0,44,97
09/10/2012,BTL,MI,AGL,CE,Federal Contract Tower,0,0,19,1,20,0,1,108,0,109,0,1,127,1,129,216,0,216,345
09/11/2012,BTL,MI,AGL,CE,Federal Contract Tower,0,5,34,4,43,0,0,92,1,93,0,5,126,5,136,166,4,170,306
09/12/2012,BTL,MI,AGL,CE,Federal Contract Tower,0,0,32,2,34,0,0,128,1,129,0,0,160,3,163,178,0,178,341
09/13/2012,BTL,MI,AGL,CE,Federal Contract Tower,0,2,28,3,33,0,0,98,0,98,0,2,126,3,131,190,2,192,323
09/14/2012,BTL,MI,AGL,CE,Federal Contract Tower,0,1,40,3,44,0,0,123,0,123,0,1,163,3,167,182,0,182,349
09/15/2012,BTL,MI,AGL,CE,Federal Contract Tower,0,0,15,0,15,0,0,131,0,131,0,0,146,0,146,218,0,218,364
09/16/2012,BTL,MI,AGL,CE,Federal Contract Tower,0,2,7,0,9,0,0,51,0,51,0,2,58,0,60,108,0,108,168
09/17/2012,BTL,MI,AGL,CE,Federal Contract Tower,0,2,20,2,24,0,0,103,0,103,0,2,123,2,127,247,0,247,374
09/18/2012,BTL,MI,AGL,CE,Federal Contract Tower,0,0,20,3,23,0,0,33,0,33,0,0,53,3,56,12,0,12,68
09/19/2012,BTL,MI,AGL,CE,Federal Contract Tower,0,2,19,4,25,0,0,139,0,139,0,2,158,4,164,210,2,212,376
09/20/2012,BTL,MI,AGL,CE,Federal Contract Tower,0,1,22,3,26,0,2,144,0,146,0,3,166,3,172,256,0,256,428
09/21/2012,BTL,MI,AGL,CE,Federal Contract Tower,0,2,26,5,33,0,0,87,13,100,0,2,113,18,133,126,14,140,273
09/22/2012,BTL,MI,AGL,CE,Federal Contract Tower,0,5,4,0,9,0,0,12,0,12,0,5,16,0,21,14,0,14,35
09/23/2012,BTL,MI,AGL,CE,Federal Contract Tower,0,2,8,0,10,0,0,37,0,37,0,2,45,0,47,110,0,110,157
09/24/2012,BTL,MI,AGL,CE,Federal Contract Tower,0,0,16,0,16,0,0,118,0,118,0,0,134,0,134,212,0,212,346
09/25/2012,BTL,MI,AGL,CE,Federal Contract Tower,0,4,30,3,37,0,0,127,0,127,0,4,157,3,164,258,2,260,424
09/26/2012,BTL,MI,AGL,CE,Federal Contract Tower,0,2,32,0,34,0,0,87,0,87,0,2,119,0,121,176,0,176,297
09/27/2012,BTL,MI,AGL,CE,Federal Contract Tower,0,1,22,1,24,0,0,103,0,103,0,1,125,1,127,208,2,210,337
09/28/2012,BTL,MI,AGL,CE,Federal Contract Tower,0,3,24,0,27,0,0,164,0,164,0,3,188,0,191,324,0,324,515
09/29/2012,BTL,MI,AGL,CE,Federal Contract Tower,0,0,6,0,6,0,0,105,0,105,0,0,111,0,111,308,0,308,419
09/30/2012,BTL,MI,AGL,CE,Federal Contract Tower,0,0,5,0,5,0,0,43,0,43,0,0,48,0,48,58,0,58,106
10/01/2012,BTL,MI,AGL,CE,Federal Contract Tower,0,6,17,0,23,0,0,110,0,110,0,6,127,0,133,260,0,260,393
10/02/2012,BTL,MI,AGL,CE,Federal Contract Tower,0,0,16,3,19,0,0,90,1,91,0,0,106,4,110,242,2,244,354
10/03/2012,BTL,MI,AGL,CE,Federal Contract Tower,0,2,31,4,37,0,0,11,0,11,0,2,42,4,48,69,2,71,119
10/04/2012,BTL,MI,AGL,CE,Federal Contract Tower,0,0,26,2,28,0,0,90,1,91,0,0,116,3,119,160,0,160,279
10/05/2012,BTL,MI,AGL,CE,Federal Contract Tower,0,0,32,2,34,0,0,128,0,128,0,0,160,2,162,352,0,352,514
10/06/2012,BTL,MI,AGL,CE,Federal Contract Tower,0,0,7,0,7,0,0,41,0,41,0,0,48,0,48,56,0,56,104
10/07/2012,BTL,MI,AGL,CE,Federal Contract Tower,0,2,10,0,12,0,0,9,0,9,0,2,19,0,21,2,0,2,23
10/08/2012,BTL,MI,AGL,CE,Federal Contract Tower,0,2,13,0,15,0,0,134,0,134,0,2,147,0,149,237,0,237,386
10/09/2012,BTL,MI,AGL,CE,Federal Contract Tower,0,0,19,2,21,0,0,59,1,60,0,0,78,3,81,124,0,124,205
10/10/2012,BTL,MI,AGL,CE,Federal Contract Tower,0,0,11,3,14,0,0,78,1,79,0,0,89,4,93,137,0,137,230
10/11/2012,BTL,MI,AGL,CE,Federal Contract Tower,0,0,13,6,19,0,0,47,6,53,0,0,60,12,72,88,2,90,162
10/12/2012,BTL,MI,AGL,CE,Federal Contract Tower,0,4,26,4,34,0,0,191,0,191,0,4,217,4,225,460,0,460,685
10/13/2012,BTL,MI,AGL,CE,Federal Contract Tower,0,0,8,0,8,0,0,11,0,11,0,0,19,0,19,38,0,38,57
10/14/2012,BTL,MI,AGL,CE,Federal Contract Tower,0,1,3,6,10,0,0,0,0,0,0,1,3,6,10,0,0,0,10
10/15/2012,BTL,MI,AGL,CE,Federal Contract Tower,0,5,33,0,38,0,0,49,0,49,0,5,82,0,87,190,0,190,277
10/16/2012,BTL,MI,AGL,CE,Federal Contract Tower,0,2,23,7,32,0,0,121,1,122,0,2,144,8,154,298,2,300,454
10/17/2012,BTL,MI,AGL,CE,Federal Contract Tower,0,1,29,4,34,0,6,83,18,107,0,7,112,22,141,188,2,190,331
10/18/2012,BTL,MI,AGL,CE,Federal Contract Tower,0,0,12,5,17,0,0,26,0,26,0,0,38,5,43,48,2,50,93
10/19/2012,BTL,MI,AGL,CE,Federal Contract Tower,0,1,35,0,36,0,0,13,0,13,0,1,48,0,49,36,0,36,85
10/20/2012,BTL,MI,AGL,CE,Federal Contract Tower,0,0,22,0,22,0,0,31,0,31,0,0,53,0,53,72,0,72,125
10/21/2012,BTL,MI,AGL,CE,Federal Contract Tower,0,0,9,0,9,0,0,49,20,69,0,0,58,20,78,37,0,37,115
10/22/2012,BTL,MI,AGL,CE,Federal Contract Tower,0,0,32,5,37,0,0,99,0,99,0,0,131,5,136,314,0,314,450
10/23/2012,BTL,MI,AGL,CE,Federal Contract Tower,0,6,30,4,40,0,0,12,0,12,0,6,42,4,52,32,0,32,84
10/24/2012,BTL,MI,AGL,CE,Federal Contract Tower,0,2,22,3,27,0,0,244,3,247,0,2,266,6,274,462,8,470,744
10/25/2012,BTL,MI,AGL,CE,Federal Contract Tower,2,0,18,4,24,0,0,64,1,65,2,0,82,5,89,98,0,98,187
10/26/2012,BTL,MI,AGL,CE,Federal Contract Tower,0,6,30,3,39,0,0,98,1,99,0,6,128,4,138,302,0,302,440
10/27/2012,BTL,MI,AGL,CE,Federal Contract Tower,0,4,20,0,24,0,0,104,0,104,0,4,124,0,128,254,0,254,382
10/28/2012,BTL,MI,AGL,CE,Federal Contract Tower,0,1,6,0,7,0,0,15,0,15,0,1,21,0,22,12,0,12,34
10/29/2012,BTL,MI,AGL,CE,Federal Contract Tower,0,0,17,2,19,0,0,43,0,43,0,0,60,2,62,98,0,98,160
10/30/2012,BTL,MI,AGL,CE,Federal Contract Tower,2,0,2,0,4,0,0,0,0,0,2,0,2,0,4,0,0,0,4
10/31/2012,BTL,MI,AGL,CE,Federal Contract Tower,0,0,6,3,9,0,0,2,0,2,0,0,8,3,11,4,0,4,15
11/01/2012,BTL,MI,AGL,CE,Federal Contract Tower,0,2,26,2,30,0,0,101,4,105,0,2,127,6,135,302,66,368,503
11/02/2012,BTL,MI,AGL,CE,Federal Contract Tower,0,0,28,2,30,0,0,167,0,167,0,0,195,2,197,410,0,410,607
11/03/2012,BTL,MI,AGL,CE,Federal Contract Tower,0,0,10,2,12,0,0,81,2,83,0,0,91,4,95,226,0,226,321
11/04/2012,BTL,MI,AGL,CE,Federal Contract Tower,0,0,12,2,14,0,0,14,4,18,0,0,26,6,32,8,0,8,40
11/05/2012,BTL,MI,AGL,CE,Federal Contract Tower,0,3,27,2,32,0,0,166,0,166,0,3,193,2,198,382,0,382,580
11/06/2012,BTL,MI,AGL,CE,Federal Contract Tower,0,5,28,0,33,0,0,106,7,113,0,5,134,7,146,212,10,222,368
11/07/2012,BTL,MI,AGL,CE,Federal Contract Tower,0,4,21,2,27,0,0,162,3,165,0,4,183,5,192,398,6,404,596
11/08/2012,BTL,MI,AGL,CE,Federal Contract Tower,0,3,32,1,36,0,0,100,9,109,0,3,132,10,145,236,8,244,389
11/09/2012,BTL,MI,AGL,CE,Federal Contract Tower,0,2,32,1,35,0,0,110,1,111,0,2,142,2,146,308,0,308,454
11/10/2012,BTL,MI,AGL,CE,Federal Contract Tower,0,1,16,0,17,0,0,62,0,62,0,1,78,0,79,166,0,166,245
11/11/2012,BTL,MI,AGL,CE,Federal Contract Tower,0,3,6,0,9,0,4,9,0,13,0,7,15,0,22,8,0,8,30
11/12/2012,BTL,MI,AGL,CE,Federal Contract Tower,0,3,15,0,18,0,0,14,0,14,0,3,29,0,32,57,0,57,89
11/13/2012,BTL,MI,AGL,CE,Federal Contract Tower,0,2,28,1,31,0,0,107,2,109,0,2,135,3,140,224,4,228,368
11/14/2012,BTL,MI,AGL,CE,Federal Contract Tower,0,2,43,3,48,0,0,183,0,183,0,2,226,3,231,412,0,412,643
11/15/2012,BTL,MI,AGL,CE,Federal Contract Tower,0,3,39,3,45,0,0,121,1,122,0,3,160,4,167,254,0,254,421
11/16/2012,BTL,MI,AGL,CE,Federal Contract Tower,0,2,37,1,40,0,0,138,0,138,0,2,175,1,178,398,0,398,576
11/17/2012,BTL,MI,AGL,CE,Federal Contract Tower,0,3,25,0,28,0,0,74,0,74,0,3,99,0,102,188,0,188,290
11/18/2012,BTL,MI,AGL,CE,Federal Contract Tower,0,0,7,0,7,0,0,36,0,36,0,0,43,0,43,36,0,36,79
11/19/2012,BTL,MI,AGL,CE,Federal Contract Tower,0,1,30,1,32,0,0,102,0,102,0,1,132,1,134,284,0,284,418
11/20/2012,BTL,MI,AGL,CE,Federal Contract Tower,0,0,32,2,34,0,0,73,0,73,0,0,105,2,107,174,2,176,283
11/21/2012,BTL,MI,AGL,CE,Federal Contract Tower,0,0,11,0,11,0,0,22,0,22,0,0,33,0,33,30,0,30,63
11/22/2012,BTL,MI,AGL,CE,Federal Contract Tower,0,0,1,0,1,0,0,2,0,2,0,0,3,0,3,0,0,0,3
11/23/2012,BTL,MI,AGL,CE,Federal Contract Tower,0,0,3,0,3,0,0,1,0,1,0,0,4,0,4,0,0,0,4
11/24/2012,BTL,MI,AGL,CE,Federal Contract Tower,0,0,3,0,3,0,0,9,0,9,0,0,12,0,12,10,0,10,22
11/25/2012,BTL,MI,AGL,CE,Federal Contract Tower,0,2,4,0,6,0,0,14,0,14,0,2,18,0,20,7,0,7,27
11/26/2012,BTL,MI,AGL,CE,Federal Contract Tower,0,5,33,0,38,0,0,102,0,102,0,5,135,0,140,230,0,230,370
11/27/2012,BTL,MI,AGL,CE,Federal Contract Tower,0,4,39,2,45,0,0,0,0,0,0,4,39,2,45,216,8,224,269
11/28/2012,BTL,MI,AGL,CE,Federal Contract Tower,0,4,52,3,59,0,0,116,5,121,0,4,168,8,180,286,12,298,478
11/29/2012,BTL,MI,AGL,CE,Federal Contract Tower,0,1,33,5,39,0,0,128,4,132,0,1,161,9,171,238,16,254,425
11/30/2012,BTL,MI,AGL,CE,Federal Contract Tower,0,2,31,3,36,0,0,148,0,148,0,2,179,3,184,244,0,244,428
12/01/2012,BTL,MI,AGL,CE,Federal Contract Tower,0,0,5,0,5,0,0,8,0,8,0,0,13,0,13,14,0,14,27
12/02/2012,BTL,MI,AGL,CE,Federal Contract Tower,0,1,9,2,12,0,0,0,0,0,0,1,9,2,12,0,0,0,12
12/03/2012,BTL,MI,AGL,CE,Federal Contract Tower,0,2,16,1,19,0,0,0,0,0,0,2,16,1,19,2,0,2,21
12/04/2012,BTL,MI,AGL,CE,Federal Contract Tower,0,0,42,5,47,0,0,0,0,0,0,0,42,5,47,244,0,244,291
12/05/2012,BTL,MI,AGL,CE,Federal Contract Tower,0,0,48,8,56,0,0,172,0,172,0,0,220,8,228,228,8,236,464
12/06/2012,BTL,MI,AGL,CE,Federal Contract Tower,0,0,30,5,35,0,0,69,5,74,0,0,99,10,109,98,6,104,213
12/07/2012,BTL,MI,AGL,CE,Federal Contract Tower,0,1,17,2,20,0,0,0,0,0,0,1,17,2,20,0,0,0,20
12/08/2012,BTL,MI,AGL,CE,Federal Contract Tower,0,0,8,0,8,0,0,0,0,0,0,0,8,0,8,6,0,6,14
12/09/2012,BTL,MI,AGL,CE,Federal Contract Tower,0,0,7,2,9,0,0,0,0,0,0,0,7,2,9,0,0,0,9
12/10/2012,BTL,MI,AGL,CE,Federal Contract Tower,0,3,8,0,11,0,0,35,0,35,0,3,43,0,46,70,0,70,116
12/11/2012,BTL,MI,AGL,CE,Federal Contract Tower,0,6,40,3,49,0,0,107,0,107,0,6,147,3,156,286,6,292,448
12/12/2012,BTL,MI,AGL,CE,Federal Contract Tower,0,4,39,4,47,0,0,118,0,118,0,4,157,4,165,141,0,141,306
12/13/2012,BTL,MI,AGL,CE,Federal Contract Tower,0,7,36,5,48,0,0,76,1,77,0,7,112,6,125,192,2,194,319
12/14/2012,BTL,MI,AGL,CE,Federal Contract Tower,0,0,37,3,40,0,0,113,0,113,0,0,150,3,153,149,0,149,302
12/15/2012,BTL,MI,AGL,CE,Federal Contract Tower,0,1,13,0,14,0,0,20,0,20,0,1,33,0,34,38,0,38,72
12/16/2012,BTL,MI,AGL,CE,Federal Contract Tower,0,0,0,0,0,0,0,0,0,0,0,0,0,0,0,0,0,0,0
12/17/2012,BTL,MI,AGL,CE,Federal Contract Tower,0,0,16,1,17,0,0,6,0,6,0,0,22,1,23,17,0,17,40
12/18/2012,BTL,MI,AGL,CE,Federal Contract Tower,0,2,36,4,42,0,0,0,0,0,0,2,36,4,42,50,2,52,94
12/19/2012,BTL,MI,AGL,CE,Federal Contract Tower,0,0,18,3,21,0,0,21,0,21,0,0,39,3,42,102,15,117,159
12/20/2012,BTL,MI,AGL,CE,Federal Contract Tower,0,1,10,1,12,0,0,0,0,0,0,1,10,1,12,0,0,0,12
12/21/2012,BTL,MI,AGL,CE,Federal Contract Tower,0,0,9,0,9,0,0,0,0,0,0,0,9,0,9,0,0,0,9
12/22/2012,BTL,MI,AGL,CE,Federal Contract Tower,0,0,5,0,5,0,0,20,0,20,0,0,25,0,25,26,0,26,51
12/23/2012,BTL,MI,AGL,CE,Federal Contract Tower,0,0,6,0,6,0,0,28,0,28,0,0,34,0,34,24,0,24,58
12/24/2012,BTL,MI,AGL,CE,Federal Contract Tower,0,0,3,0,3,0,0,1,0,1,0,0,4,0,4,0,0,0,4
12/25/2012,BTL,MI,AGL,CE,Federal Contract Tower,0,0,1,0,1,0,0,7,0,7,0,0,8,0,8,4,0,4,12
12/26/2012,BTL,MI,AGL,CE,Federal Contract Tower,0,0,2,0,2,0,0,0,0,0,0,0,2,0,2,0,0,0,2
12/27/2012,BTL,MI,AGL,CE,Federal Contract Tower,0,1,8,2,11,0,0,13,0,13,0,1,21,2,24,2,0,2,26
12/28/2012,BTL,MI,AGL,CE,Federal Contract Tower,0,0,4,2,6,0,0,4,0,4,0,0,8,2,10,0,0,0,10
12/29/2012,BTL,MI,AGL,CE,Federal Contract Tower,0,0,2,0,2,0,0,0,0,0,0,0,2,0,2,0,0,0,2
12/30/2012,BTL,MI,AGL,CE,Federal Contract Tower,0,0,7,0,7,0,0,7,0,7,0,0,14,0,14,16,0,16,30
12/31/2012,BTL,MI,AGL,CE,Federal Contract Tower,0,3,1,0,4,0,0,2,0,2,0,3,3,0,6,0,0,0,6
01/01/2013,BTL,MI,AGL,CE,Federal Contract Tower,0,0,1,0,1,0,0,20,0,20,0,0,21,0,21,12,0,12,33
01/02/2013,BTL,MI,AGL,CE,Federal Contract Tower,0,0,10,0,10,0,0,12,0,12,0,0,22,0,22,2,0,2,24
01/03/2013,BTL,MI,AGL,CE,Federal Contract Tower,0,1,5,4,10,0,0,1,0,1,0,1,6,4,11,1,1,2,13
01/04/2013,BTL,MI,AGL,CE,Federal Contract Tower,0,0,16,3,19,0,0,22,0,22,0,0,38,3,41,66,0,66,107
01/05/2013,BTL,MI,AGL,CE,Federal Contract Tower,0,0,15,0,15,0,0,50,0,50,0,0,65,0,65,100,0,100,165
01/06/2013,BTL,MI,AGL,CE,Federal Contract Tower,0,1,1,2,4,0,0,1,0,1,0,1,2,2,5,0,0,0,5
01/07/2013,BTL,MI,AGL,CE,Federal Contract Tower,0,0,27,1,28,0,0,96,0,96,0,0,123,1,124,211,0,211,335
01/08/2013,BTL,MI,AGL,CE,Federal Contract Tower,0,0,38,5,43,0,0,71,1,72,0,0,109,6,115,207,8,215,330
01/09/2013,BTL,MI,AGL,CE,Federal Contract Tower,0,0,22,4,26,0,0,81,4,85,0,0,103,8,111,141,0,141,252
01/10/2013,BTL,MI,AGL,CE,Federal Contract Tower,0,0,27,4,31,0,0,94,2,96,0,0,121,6,127,182,4,186,313
01/11/2013,BTL,MI,AGL,CE,Federal Contract Tower,0,1,33,4,38,0,0,9,0,9,0,1,42,4,47,16,0,16,63
01/12/2013,BTL,MI,AGL,CE,Federal Contract Tower,0,0,24,9,33,0,0,89,0,89,0,0,113,9,122,164,0,164,286
01/13/2013,BTL,MI,AGL,CE,Federal Contract Tower,0,0,5,0,5,0,0,0,0,0,0,0,5,0,5,0,0,0,5
01/14/2013,BTL,MI,AGL,CE,Federal Contract Tower,0,0,25,1,26,0,0,46,0,46,0,0,71,1,72,104,0,104,176
01/15/2013,BTL,MI,AGL,CE,Federal Contract Tower,0,2,46,1,49,0,0,131,2,133,0,2,177,3,182,152,12,164,346
01/16/2013,BTL,MI,AGL,CE,Federal Contract Tower,0,1,26,5,32,0,0,105,5,110,0,1,131,10,142,116,0,116,258
01/17/2013,BTL,MI,AGL,CE,Federal Contract Tower,0,5,29,4,38,0,0,77,4,81,0,5,106,8,119,98,2,100,219
01/18/2013,BTL,MI,AGL,CE,Federal Contract Tower,0,2,36,1,39,0,0,105,0,105,0,2,141,1,144,132,2,134,278
01/19/2013,BTL,MI,AGL,CE,Federal Contract Tower,0,0,11,0,11,0,0,52,0,52,0,0,63,0,63,52,0,52,115
01/20/2013,BTL,MI,AGL,CE,Federal Contract Tower,0,1,3,1,5,0,0,0,0,0,0,1,3,1,5,0,0,0,5
01/21/2013,BTL,MI,AGL,CE,Federal Contract Tower,0,0,4,0,4,0,0,0,0,0,0,0,4,0,4,0,0,0,4
01/22/2013,BTL,MI,AGL,CE,Federal Contract Tower,0,2,20,6,28,0,0,9,0,9,0,2,29,6,37,12,0,12,49
01/23/2013,BTL,MI,AGL,CE,Federal Contract Tower,0,0,17,5,22,0,0,4,0,4,0,0,21,5,26,2,0,2,28
01/24/2013,BTL,MI,AGL,CE,Federal Contract Tower,0,0,42,3,45,0,0,122,4,126,0,0,164,7,171,216,6,222,393
01/25/2013,BTL,MI,AGL,CE,Federal Contract Tower,0,0,20,1,21,0,0,4,0,4,0,0,24,1,25,14,0,14,39
01/26/2013,BTL,MI,AGL,CE,Federal Contract Tower,0,0,18,6,24,0,0,89,0,89,0,0,107,6,113,128,0,128,241
01/27/2013,BTL,MI,AGL,CE,Federal Contract Tower,0,1,6,0,7,0,0,9,0,9,0,1,15,0,16,2,0,2,18
01/28/2013,BTL,MI,AGL,CE,Federal Contract Tower,0,2,7,1,10,0,0,0,0,0,0,2,7,1,10,0,0,0,10
01/29/2013,BTL,MI,AGL,CE,Federal Contract Tower,0,2,15,2,19,0,0,0,0,0,0,2,15,2,19,0,0,0,19
01/30/2013,BTL,MI,AGL,CE,Federal Contract Tower,0,1,13,0,14,0,0,0,0,0,0,1,13,0,14,0,0,0,14
01/31/2013,BTL,MI,AGL,CE,Federal Contract Tower,0,1,16,0,17,0,0,1,0,1,0,1,17,0,18,2,0,2,20
02/01/2013,BTL,MI,AGL,CE,Federal Contract Tower,0,4,26,0,30,0,0,3,0,3,0,4,29,0,33,6,0,6,39
02/02/2013,BTL,MI,AGL,CE,Federal Contract Tower,0,3,6,0,9,0,0,7,0,7,0,3,13,0,16,26,0,26,42
02/03/2013,BTL,MI,AGL,CE,Federal Contract Tower,0,5,4,0,9,0,0,0,0,0,0,5,4,0,9,2,0,2,11
02/04/2013,BTL,MI,AGL,CE,Federal Contract Tower,0,2,13,0,15,0,0,0,0,0,0,2,13,0,15,0,0,0,15
02/05/2013,BTL,MI,AGL,CE,Federal Contract Tower,0,2,46,10,58,0,1,26,1,28,0,3,72,11,86,90,4,94,180
02/06/2013,BTL,MI,AGL,CE,Federal Contract Tower,0,1,56,5,62,0,0,187,5,192,0,1,243,10,254,253,0,253,507
02/07/2013,BTL,MI,AGL,CE,Federal Contract Tower,0,2,20,4,26,0,0,44,0,44,0,2,64,4,70,178,0,178,248
02/08/2013,BTL,MI,AGL,CE,Federal Contract Tower,0,3,32,0,35,0,0,102,4,106,0,3,134,4,141,108,4,112,253
02/09/2013,BTL,MI,AGL,CE,Federal Contract Tower,0,1,46,6,53,0,0,117,0,117,0,1,163,6,170,292,4,296,466
02/10/2013,BTL,MI,AGL,CE,Federal Contract Tower,0,2,2,2,6,0,0,8,2,10,0,2,10,4,16,10,4,14,30
02/11/2013,BTL,MI,AGL,CE,Federal Contract Tower,0,0,11,0,11,0,0,4,0,4,0,0,15,0,15,1,0,1,16
02/12/2013,BTL,MI,AGL,CE,Federal Contract Tower,0,5,17,4,26,0,0,15,0,15,0,5,32,4,41,62,0,62,103
02/13/2013,BTL,MI,AGL,CE,Federal Contract Tower,0,10,26,6,42,0,0,184,3,187,0,10,210,9,229,275,6,281,510
02/14/2013,BTL,MI,AGL,CE,Federal Contract Tower,0,3,19,5,27,0,0,21,2,23,0,3,40,7,50,64,4,68,118
02/15/2013,BTL,MI,AGL,CE,Federal Contract Tower,0,2,29,0,31,0,0,55,0,55,0,2,84,0,86,156,0,156,242
02/16/2013,BTL,MI,AGL,CE,Federal Contract Tower,0,0,8,0,8,0,0,0,0,0,0,0,8,0,8,0,0,0,8
02/17/2013,BTL,MI,AGL,CE,Federal Contract Tower,0,0,5,0,5,0,0,21,0,21,0,0,26,0,26,10,0,10,36
02/18/2013,BTL,MI,AGL,CE,Federal Contract Tower,0,3,27,0,30,0,0,79,0,79,0,3,106,0,109,151,0,151,260
02/19/2013,BTL,MI,AGL,CE,Federal Contract Tower,0,0,3,0,3,0,0,0,0,0,0,0,3,0,3,0,0,0,3
02/20/2013,BTL,MI,AGL,CE,Federal Contract Tower,0,0,21,3,24,0,0,4,4,8,0,0,25,7,32,14,0,14,46
02/21/2013,BTL,MI,AGL,CE,Federal Contract Tower,0,7,19,3,29,0,0,25,0,25,0,7,44,3,54,94,0,94,148
02/22/2013,BTL,MI,AGL,CE,Federal Contract Tower,0,3,7,1,11,0,0,0,0,0,0,3,7,1,11,0,0,0,11
02/23/2013,BTL,MI,AGL,CE,Federal Contract Tower,0,0,10,1,11,0,0,10,0,10,0,0,20,1,21,26,2,28,49
02/24/2013,BTL,MI,AGL,CE,Federal Contract Tower,0,2,10,1,13,0,0,20,0,20,0,2,30,1,33,46,0,46,79
02/25/2013,BTL,MI,AGL,CE,Federal Contract Tower,0,0,54,1,55,0,0,180,0,180,0,0,234,1,235,254,0,254,489
02/26/2013,BTL,MI,AGL,CE,Federal Contract Tower,0,0,7,8,15,0,0,30,0,30,0,0,37,8,45,28,0,28,73
02/27/2013,BTL,MI,AGL,CE,Federal Contract Tower,0,1,4,0,5,0,0,0,0,0,0,1,4,0,5,0,0,0,5
02/28/2013,BTL,MI,AGL,CE,Federal Contract Tower,0,3,7,0,10,0,0,18,0,18,0,3,25,0,28,94,0,94,122
03/01/2013,BTL,MI,AGL,CE,Federal Contract Tower,0,0,13,2,15,0,0,41,0,41,0,0,54,2,56,154,4,158,214
03/02/2013,BTL,MI,AGL,CE,Federal Contract Tower,0,0,14,0,14,0,0,77,8,85,0,0,91,8,99,144,0,144,243
03/03/2013,BTL,MI,AGL,CE,Federal Contract Tower,0,1,6,0,7,0,0,43,3,46,0,1,49,3,53,16,12,28,81
03/04/2013,BTL,MI,AGL,CE,Federal Contract Tower,0,0,25,0,25,0,0,106,0,106,0,0,131,0,131,240,0,240,371
03/05/2013,BTL,MI,AGL,CE,Federal Contract Tower,0,0,16,2,18,0,0,37,3,40,0,0,53,5,58,90,6,96,154
03/06/2013,BTL,MI,AGL,CE,Federal Contract Tower,0,1,13,0,14,0,0,3,0,3,0,1,16,0,17,7,2,9,26
03/07/2013,BTL,MI,AGL,CE,Federal Contract Tower,0,1,21,2,24,0,0,66,2,68,0,1,87,4,92,124,0,124,216
03/08/2013,BTL,MI,AGL,CE,Federal Contract Tower,0,11,24,0,35,0,0,94,0,94,0,11,118,0,129,142,0,142,271
03/09/2013,BTL,MI,AGL,CE,Federal Contract Tower,0,0,19,0,19,0,0,57,1,58,0,0,76,1,77,95,20,115,192
03/10/2013,BTL,MI,AGL,CE,Federal Contract Tower,0,0,2,0,2,0,0,6,0,6,0,0,8,0,8,24,0,24,32
03/11/2013,BTL,MI,AGL,CE,Federal Contract Tower,0,3,22,0,25,0,0,0,0,0,0,3,22,0,25,0,0,0,25
03/12/2013,BTL,MI,AGL,CE,Federal Contract Tower,0,1,11,0,12,0,0,10,0,10,0,1,21,0,22,18,0,18,40
03/13/2013,BTL,MI,AGL,CE,Federal Contract Tower,0,0,14,0,14,0,0,22,0,22,0,0,36,0,36,38,0,38,74
03/14/2013,BTL,MI,AGL,CE,Federal Contract Tower,0,1,67,0,68,0,0,159,4,163,0,1,226,4,231,294,0,294,525
03/15/2013,BTL,MI,AGL,CE,Federal Contract Tower,0,0,11,0,11,0,0,2,0,2,0,0,13,0,13,0,0,0,13
03/16/2013,BTL,MI,AGL,CE,Federal Contract Tower,0,2,1,0,3,0,0,0,0,0,0,2,1,0,3,0,0,0,3
03/17/2013,BTL,MI,AGL,CE,Federal Contract Tower,0,1,9,0,10,0,0,50,0,50,0,1,59,0,60,46,0,46,106
03/18/2013,BTL,MI,AGL,CE,Federal Contract Tower,0,3,5,0,8,0,0,0,0,0,0,3,5,0,8,0,0,0,8
03/19/2013,BTL,MI,AGL,CE,Federal Contract Tower,0,0,4,0,4,0,0,0,0,0,0,0,4,0,4,0,0,0,4
03/20/2013,BTL,MI,AGL,CE,Federal Contract Tower,0,0,37,0,37,0,0,18,0,18,0,0,55,0,55,60,0,60,115
03/21/2013,BTL,MI,AGL,CE,Federal Contract Tower,0,1,14,0,15,0,0,6,6,12,0,1,20,6,27,6,38,44,71
03/22/2013,BTL,MI,AGL,CE,Federal Contract Tower,0,3,42,2,47,0,0,210,5,215,0,3,252,7,262,378,6,384,646
03/23/2013,BTL,MI,AGL,CE,Federal Contract Tower,0,0,29,0,29,0,0,123,0,123,0,0,152,0,152,314,0,314,466
03/24/2013,BTL,MI,AGL,CE,Federal Contract Tower,0,1,6,4,11,0,0,37,0,37,0,1,43,4,48,232,0,232,280
03/25/2013,BTL,MI,AGL,CE,Federal Contract Tower,0,0,23,0,23,0,0,43,0,43,0,0,66,0,66,124,0,124,190
03/26/2013,BTL,MI,AGL,CE,Federal Contract Tower,0,0,33,2,35,0,0,45,0,45,0,0,78,2,80,144,10,154,234
03/27/2013,BTL,MI,AGL,CE,Federal Contract Tower,0,3,42,1,46,0,0,148,0,148,0,3,190,1,194,262,0,262,456
03/28/2013,BTL,MI,AGL,CE,Federal Contract Tower,0,3,37,3,43,0,0,171,0,171,0,3,208,3,214,292,0,292,506
03/29/2013,BTL,MI,AGL,CE,Federal Contract Tower,0,9,26,2,37,0,0,214,0,214,0,9,240,2,251,250,0,250,501
03/30/2013,BTL,MI,AGL,CE,Federal Contract Tower,0,2,9,0,11,0,0,124,0,124,0,2,133,0,135,330,0,330,465
03/31/2013,BTL,MI,AGL,CE,Federal Contract Tower,0,2,3,0,5,0,0,5,0,5,0,2,8,0,10,5,0,5,15
04/01/2013,BTL,MI,AGL,CE,Federal Contract Tower,0,0,14,1,15,0,0,62,0,62,0,0,76,1,77,150,0,150,227
04/02/2013,BTL,MI,AGL,CE,Federal Contract Tower,0,2,24,2,28,0,0,99,0,99,0,2,123,2,127,202,0,202,329
04/03/2013,BTL,MI,AGL,CE,Federal Contract Tower,0,1,30,4,35,0,0,123,0,123,0,1,153,4,158,280,0,280,438
04/04/2013,BTL,MI,AGL,CE,Federal Contract Tower,0,2,22,5,29,0,0,121,4,125,0,2,143,9,154,330,14,344,498
04/05/2013,BTL,MI,AGL,CE,Federal Contract Tower,0,3,31,0,34,0,0,194,0,194,0,3,225,0,228,422,0,422,650
04/06/2013,BTL,MI,AGL,CE,Federal Contract Tower,0,2,8,0,10,0,0,65,0,65,0,2,73,0,75,242,0,242,317
04/07/2013,BTL,MI,AGL,CE,Federal Contract Tower,0,0,5,0,5,0,0,17,4,21,0,0,22,4,26,96,10,106,132
04/08/2013,BTL,MI,AGL,CE,Federal Contract Tower,0,1,9,1,11,0,0,19,0,19,0,1,28,1,30,88,0,88,118
04/09/2013,BTL,MI,AGL,CE,Federal Contract Tower,0,2,22,5,29,0,0,21,1,22,0,2,43,6,51,60,0,60,111
04/10/2013,BTL,MI,AGL,CE,Federal Contract Tower,0,3,10,4,17,0,0,0,0,0,0,3,10,4,17,0,2,2,19
04/11/2013,BTL,MI,AGL,CE,Federal Contract Tower,0,0,9,1,10,0,0,0,0,0,0,0,9,1,10,0,0,0,10
04/12/2013,BTL,MI,AGL,CE,Federal Contract Tower,0,1,9,2,12,0,0,19,0,19,0,1,28,2,31,76,0,76,107
04/13/2013,BTL,MI,AGL,CE,Federal Contract Tower,0,0,2,0,2,0,0,32,0,32,0,0,34,0,34,118,0,118,152
04/14/2013,BTL,MI,AGL,CE,Federal Contract Tower,0,1,4,0,5,0,0,34,0,34,0,1,38,0,39,26,0,26,65
04/15/2013,BTL,MI,AGL,CE,Federal Contract Tower,0,2,37,4,43,0,0,92,0,92,0,2,129,4,135,287,0,287,422
04/16/2013,BTL,MI,AGL,CE,Federal Contract Tower,0,4,28,3,35,0,0,138,3,141,0,4,166,6,176,300,12,312,488
04/17/2013,BTL,MI,AGL,CE,Federal Contract Tower,0,2,11,3,16,0,0,61,0,61,0,2,72,3,77,160,0,160,237
04/18/2013,BTL,MI,AGL,CE,Federal Contract Tower,0,2,9,0,11,0,0,0,0,0,0,2,9,0,11,4,0,4,15
04/19/2013,BTL,MI,AGL,CE,Federal Contract Tower,0,4,10,2,16,0,0,6,0,6,0,4,16,2,22,6,0,6,28
04/20/2013,BTL,MI,AGL,CE,Federal Contract Tower,0,2,11,0,13,0,0,110,0,110,0,2,121,0,123,332,0,332,455
04/21/2013,BTL,MI,AGL,CE,Federal Contract Tower,0,2,10,0,12,0,0,55,0,55,0,2,65,0,67,17,0,17,84
04/22/2013,BTL,MI,AGL,CE,Federal Contract Tower,0,3,35,0,38,0,0,177,0,177,0,3,212,0,215,492,0,492,707
04/23/2013,BTL,MI,AGL,CE,Federal Contract Tower,0,1,27,1,29,0,0,62,0,62,0,1,89,1,91,148,0,148,239
04/24/2013,BTL,MI,AGL,CE,Federal Contract Tower,0,0,12,2,14,0,0,34,0,34,0,0,46,2,48,136,0,136,184
04/25/2013,BTL,MI,AGL,CE,Federal Contract Tower,0,7,24,0,31,0,0,42,0,42,0,7,66,0,73,74,0,74,147
04/26/2013,BTL,MI,AGL,CE,Federal Contract Tower,0,2,35,4,41,0,0,124,2,126,0,2,159,6,167,244,12,256,423
04/27/2013,BTL,MI,AGL,CE,Federal Contract Tower,0,1,19,1,21,0,0,120,0,120,0,1,139,1,141,438,0,438,579
04/28/2013,BTL,MI,AGL,CE,Federal Contract Tower,0,2,6,2,10,0,0,2,6,8,0,2,8,8,18,16,0,16,34
04/29/2013,BTL,MI,AGL,CE,Federal Contract Tower,0,1,33,1,35,0,0,121,0,121,0,1,154,1,156,377,0,377,533
04/30/2013,BTL,MI,AGL,CE,Federal Contract Tower,0,1,17,4,22,0,0,69,0,69,0,1,86,4,91,146,0,146,237
05/01/2013,BTL,MI,AGL,CE,Federal Contract Tower,0,2,27,2,31,0,0,131,0,131,0,2,158,2,162,347,0,347,509
05/02/2013,BTL,MI,AGL,CE,Federal Contract Tower,0,1,35,1,37,0,0,113,3,116,0,1,148,4,153,230,0,230,383
05/03/2013,BTL,MI,AGL,CE,Federal Contract Tower,0,0,22,4,26,0,0,67,12,79,0,0,89,16,105,160,12,172,277
05/04/2013,BTL,MI,AGL,CE,Federal Contract Tower,0,3,10,0,13,0,0,56,1,57,0,3,66,1,70,92,0,92,162
05/05/2013,BTL,MI,AGL,CE,Federal Contract Tower,0,3,12,0,15,0,0,18,6,24,0,3,30,6,39,2,50,52,91
05/06/2013,BTL,MI,AGL,CE,Federal Contract Tower,0,5,31,1,37,0,0,118,0,118,0,5,149,1,155,214,0,214,369
05/07/2013,BTL,MI,AGL,CE,Federal Contract Tower,0,2,34,3,39,0,0,156,0,156,0,2,190,3,195,308,2,310,505
05/08/2013,BTL,MI,AGL,CE,Federal Contract Tower,0,1,22,2,25,0,0,148,2,150,0,1,170,4,175,280,0,280,455
05/09/2013,BTL,MI,AGL,CE,Federal Contract Tower,0,0,30,2,32,0,0,104,2,106,0,0,134,4,138,200,0,200,338
05/10/2013,BTL,MI,AGL,CE,Federal Contract Tower,0,1,11,0,12,0,0,0,0,0,0,1,11,0,12,0,0,0,12
05/11/2013,BTL,MI,AGL,CE,Federal Contract Tower,0,1,3,0,4,0,0,4,0,4,0,1,7,0,8,2,0,2,10
05/12/2013,BTL,MI,AGL,CE,Federal Contract Tower,0,4,6,0,10,0,0,10,0,10,0,4,16,0,20,0,0,0,20
05/13/2013,BTL,MI,AGL,CE,Federal Contract Tower,0,1,25,0,26,0,0,129,0,129,0,1,154,0,155,336,0,336,491
05/14/2013,BTL,MI,AGL,CE,Federal Contract Tower,0,1,31,3,35,0,0,83,4,87,0,1,114,7,122,188,8,196,318
05/15/2013,BTL,MI,AGL,CE,Federal Contract Tower,0,2,20,3,25,0,0,124,0,124,0,2,144,3,149,216,0,216,365
05/16/2013,BTL,MI,AGL,CE,Federal Contract Tower,0,3,37,2,42,0,0,142,0,142,0,3,179,2,184,262,0,262,446
05/17/2013,BTL,MI,AGL,CE,Federal Contract Tower,0,2,29,2,33,0,0,150,2,152,0,2,179,4,185,310,12,322,507
05/18/2013,BTL,MI,AGL,CE,Federal Contract Tower,0,3,12,1,16,0,0,96,1,97,0,3,108,2,113,192,2,194,307
05/19/2013,BTL,MI,AGL,CE,Federal Contract Tower,0,4,7,0,11,0,0,29,2,31,0,4,36,2,42,6,2,8,50
05/20/2013,BTL,MI,AGL,CE,Federal Contract Tower,0,0,19,3,22,0,0,70,3,73,0,0,89,6,95,192,0,192,287
05/21/2013,BTL,MI,AGL,CE,Federal Contract Tower,0,0,23,2,25,0,0,0,0,0,0,0,23,2,25,124,20,144,169
05/22/2013,BTL,MI,AGL,CE,Federal Contract Tower,0,3,34,3,40,0,0,14,1,15,0,3,48,4,55,26,0,26,81
05/23/2013,BTL,MI,AGL,CE,Federal Contract Tower,0,3,16,1,20,0,0,8,0,8,0,3,24,1,28,46,0,46,74
05/24/2013,BTL,MI,AGL,CE,Federal Contract Tower,0,7,38,0,45,0,0,160,0,160,0,7,198,0,205,340,0,340,545
05/25/2013,BTL,MI,AGL,CE,Federal Contract Tower,0,2,12,0,14,0,0,76,0,76,0,2,88,0,90,156,0,156,246
05/26/2013,BTL,MI,AGL,CE,Federal Contract Tower,0,3,1,0,4,0,0,23,0,23,0,3,24,0,27,12,0,12,39
05/27/2013,BTL,MI,AGL,CE,Federal Contract Tower,0,4,5,0,9,0,0,8,0,8,0,4,13,0,17,2,0,2,19
05/28/2013,BTL,MI,AGL,CE,Federal Contract Tower,0,3,18,0,21,0,0,15,0,15,0,3,33,0,36,24,0,24,60
05/29/2013,BTL,MI,AGL,CE,Federal Contract Tower,0,0,38,1,39,0,0,114,0,114,0,0,152,1,153,262,0,262,415
05/30/2013,BTL,MI,AGL,CE,Federal Contract Tower,0,5,31,1,37,0,0,66,0,66,0,5,97,1,103,82,0,82,185
05/31/2013,BTL,MI,AGL,CE,Federal Contract Tower,0,1,26,4,31,0,0,68,0,68,0,1,94,4,99,186,0,186,285
06/01/2013,BTL,MI,AGL,CE,Federal Contract Tower,0,1,15,0,16,0,0,24,0,24,0,1,39,0,40,58,0,58,98
06/02/2013,BTL,MI,AGL,CE,Federal Contract Tower,0,2,9,0,11,0,0,17,0,17,0,2,26,0,28,10,0,10,38
06/03/2013,BTL,MI,AGL,CE,Federal Contract Tower,0,5,31,6,42,0,0,185,7,192,0,5,216,13,234,410,8,418,652
06/04/2013,BTL,MI,AGL,CE,Federal Contract Tower,0,3,42,1,46,0,0,152,2,154,0,3,194,3,200,274,2,276,476
06/05/2013,BTL,MI,AGL,CE,Federal Contract Tower,0,1,33,2,36,0,0,159,0,159,0,1,192,2,195,284,4,288,483
06/06/2013,BTL,MI,AGL,CE,Federal Contract Tower,0,6,25,1,32,0,0,108,4,112,0,6,133,5,144,326,34,360,504
06/07/2013,BTL,MI,AGL,CE,Federal Contract Tower,0,1,38,3,42,0,0,57,0,57,0,1,95,3,99,156,0,156,255
06/08/2013,BTL,MI,AGL,CE,Federal Contract Tower,0,0,9,2,11,0,0,64,0,64,0,0,73,2,75,96,0,96,171
06/09/2013,BTL,MI,AGL,CE,Federal Contract Tower,0,0,7,0,7,0,0,25,0,25,0,0,32,0,32,19,0,19,51
06/10/2013,BTL,MI,AGL,CE,Federal Contract Tower,0,0,15,2,17,0,0,3,2,5,0,0,18,4,22,6,0,6,28
06/11/2013,BTL,MI,AGL,CE,Federal Contract Tower,0,1,33,2,36,0,0,112,4,116,0,1,145,6,152,286,16,302,454
06/12/2013,BTL,MI,AGL,CE,Federal Contract Tower,0,2,25,1,28,0,0,99,1,100,0,2,124,2,128,266,0,266,394
06/13/2013,BTL,MI,AGL,CE,Federal Contract Tower,0,2,21,3,26,0,0,133,0,133,0,2,154,3,159,280,0,280,439
06/14/2013,BTL,MI,AGL,CE,Federal Contract Tower,0,0,30,3,33,0,0,147,0,147,0,0,177,3,180,228,0,228,408
06/15/2013,BTL,MI,AGL,CE,Federal Contract Tower,0,1,15,0,16,0,0,5,52,57,0,1,20,52,73,60,52,112,185
06/16/2013,BTL,MI,AGL,CE,Federal Contract Tower,0,0,2,0,2,0,0,17,0,17,0,0,19,0,19,0,0,0,19
06/17/2013,BTL,MI,AGL,CE,Federal Contract Tower,0,4,30,0,34,0,1,97,0,98,0,5,127,0,132,175,0,175,307
06/18/2013,BTL,MI,AGL,CE,Federal Contract Tower,0,5,26,3,34,0,1,143,7,151,0,6,169,10,185,250,16,266,451
06/19/2013,BTL,MI,AGL,CE,Federal Contract Tower,0,0,40,2,42,0,0,152,2,154,0,0,192,4,196,252,8,260,456
06/20/2013,BTL,MI,AGL,CE,Federal Contract Tower,0,2,21,1,24,0,0,128,0,128,0,2,149,1,152,336,0,336,488
06/21/2013,BTL,MI,AGL,CE,Federal Contract Tower,0,0,20,3,23,0,0,78,0,78,0,0,98,3,101,128,4,132,233
06/22/2013,BTL,MI,AGL,CE,Federal Contract Tower,0,0,6,3,9,0,0,64,0,64,0,0,70,3,73,34,0,34,107
06/23/2013,BTL,MI,AGL,CE,Federal Contract Tower,0,4,6,2,12,0,0,28,0,28,0,4,34,2,40,16,0,16,56
06/24/2013,BTL,MI,AGL,CE,Federal Contract Tower,0,2,26,0,28,0,0,63,0,63,0,2,89,0,91,146,0,146,237
06/25/2013,BTL,MI,AGL,CE,Federal Contract Tower,0,4,7,2,13,0,37,0,0,37,0,41,7,2,50,62,0,62,112
06/26/2013,BTL,MI,AGL,CE,Federal Contract Tower,0,0,28,2,30,0,0,66,0,66,0,0,94,2,96,126,0,126,222
06/27/2013,BTL,MI,AGL,CE,Federal Contract Tower,0,3,36,2,41,0,0,62,4,66,0,3,98,6,107,98,32,130,237
06/28/2013,BTL,MI,AGL,CE,Federal Contract Tower,0,1,30,1,32,0,0,106,1,107,0,1,136,2,139,202,4,206,345
06/29/2013,BTL,MI,AGL,CE,Federal Contract Tower,0,1,14,0,15,0,0,29,0,29,0,1,43,0,44,30,0,30,74
06/30/2013,BTL,MI,AGL,CE,Federal Contract Tower,0,0,8,0,8,0,0,27,0,27,0,0,35,0,35,1,0,1,36
07/01/2013,BTL,MI,AGL,CE,Federal Contract Tower,0,5,26,2,33,0,0,93,1,94,0,5,119,3,127,182,0,182,309
07/02/2013,BTL,MI,AGL,CE,Federal Contract Tower,0,2,15,2,19,0,0,15,4,19,0,2,30,6,38,40,16,56,94
07/03/2013,BTL,MI,AGL,CE,Federal Contract Tower,0,0,27,1,28,0,0,31,0,31,0,0,58,1,59,62,2,64,123
07/04/2013,BTL,MI,AGL,CE,Federal Contract Tower,0,4,2,0,6,0,0,41,0,41,0,4,43,0,47,131,0,131,178
07/05/2013,BTL,MI,AGL,CE,Federal Contract Tower,0,6,9,0,15,0,0,37,0,37,0,6,46,0,52,149,0,149,201
07/06/2013,BTL,MI,AGL,CE,Federal Contract Tower,0,3,3,0,6,0,0,28,0,28,0,3,31,0,34,70,0,70,104
07/07/2013,BTL,MI,AGL,CE,Federal Contract Tower,0,3,4,0,7,0,0,46,0,46,0,3,50,0,53,26,0,26,79
07/08/2013,BTL,MI,AGL,CE,Federal Contract Tower,0,2,23,0,25,0,0,81,10,91,0,2,104,10,116,206,5,211,327
07/09/2013,BTL,MI,AGL,CE,Federal Contract Tower,0,0,11,3,14,0,0,3,7,10,0,0,14,10,24,2,14,16,40
07/10/2013,BTL,MI,AGL,CE,Federal Contract Tower,0,0,39,3,42,0,0,84,1,85,0,0,123,4,127,160,2,162,289
07/11/2013,BTL,MI,AGL,CE,Federal Contract Tower,0,3,23,4,30,0,0,178,0,178,0,3,201,4,208,290,2,292,500
07/12/2013,BTL,MI,AGL,CE,Federal Contract Tower,0,2,19,2,23,0,1,132,1,134,0,3,151,3,157,326,4,330,487
07/13/2013,BTL,MI,AGL,CE,Federal Contract Tower,0,0,4,0,4,0,0,72,6,78,0,0,76,6,82,116,8,124,206
07/14/2013,BTL,MI,AGL,CE,Federal Contract Tower,0,2,4,0,6,0,0,25,0,25,0,2,29,0,31,20,0,20,51
07/15/2013,BTL,MI,AGL,CE,Federal Contract Tower,0,3,43,0,46,0,0,144,0,144,0,3,187,0,190,281,0,281,471
07/16/2013,BTL,MI,AGL,CE,Federal Contract Tower,0,1,39,0,40,0,0,121,0,121,0,1,160,0,161,206,0,206,367
07/17/2013,BTL,MI,AGL,CE,Federal Contract Tower,0,4,20,0,24,0,0,63,0,63,0,4,83,0,87,100,1,101,188
07/18/2013,BTL,MI,AGL,CE,Federal Contract Tower,1,2,27,3,33,0,0,83,4,87,1,2,110,7,120,174,2,176,296
07/19/2013,BTL,MI,AGL,CE,Federal Contract Tower,0,2,16,0,18,0,0,59,0,59,0,2,75,0,77,94,0,94,171
07/20/2013,BTL,MI,AGL,CE,Federal Contract Tower,0,0,8,0,8,0,0,40,0,40,0,0,48,0,48,64,0,64,112
07/21/2013,BTL,MI,AGL,CE,Federal Contract Tower,0,3,4,0,7,0,0,33,0,33,0,3,37,0,40,0,0,0,40
07/22/2013,BTL,MI,AGL,CE,Federal Contract Tower,0,1,25,0,26,0,0,91,2,93,0,1,116,2,119,168,0,168,287
07/23/2013,BTL,MI,AGL,CE,Federal Contract Tower,0,2,29,2,33,0,0,76,0,76,0,2,105,2,109,156,2,158,267
07/24/2013,BTL,MI,AGL,CE,Federal Contract Tower,0,0,28,0,28,0,0,126,0,126,0,0,154,0,154,172,0,172,326
07/25/2013,BTL,MI,AGL,CE,Federal Contract Tower,0,2,37,0,39,0,0,110,0,110,0,2,147,0,149,182,0,182,331
07/26/2013,BTL,MI,AGL,CE,Federal Contract Tower,0,7,28,1,36,0,0,80,0,80,0,7,108,1,116,220,0,220,336
07/27/2013,BTL,MI,AGL,CE,Federal Contract Tower,0,4,8,0,12,0,0,10,0,10,0,4,18,0,22,28,0,28,50
07/28/2013,BTL,MI,AGL,CE,Federal Contract Tower,0,1,8,1,10,0,0,16,0,16,0,1,24,1,26,3,0,3,29
07/29/2013,BTL,MI,AGL,CE,Federal Contract Tower,0,2,23,0,25,0,0,46,0,46,0,2,69,0,71,117,0,117,188
07/30/2013,BTL,MI,AGL,CE,Federal Contract Tower,0,0,24,0,24,0,0,108,4,112,0,0,132,4,136,202,4,206,342
07/31/2013,BTL,MI,AGL,CE,Federal Contract Tower,0,2,19,0,21,0,0,2,0,2,0,2,21,0,23,2,0,2,25
08/01/2013,BTL,MI,AGL,CE,Federal Contract Tower,0,7,33,0,40,0,0,59,0,59,0,7,92,0,99,126,0,126,225
08/02/2013,BTL,MI,AGL,CE,Federal Contract Tower,0,5,30,0,35,0,0,15,0,15,0,5,45,0,50,4,0,4,54
08/03/2013,BTL,MI,AGL,CE,Federal Contract Tower,0,0,18,0,18,0,0,66,0,66,0,0,84,0,84,112,0,112,196
08/04/2013,BTL,MI,AGL,CE,Federal Contract Tower,0,0,4,0,4,0,0,43,0,43,0,0,47,0,47,18,0,18,65
08/05/2013,BTL,MI,AGL,CE,Federal Contract Tower,0,3,25,0,28,0,0,79,0,79,0,3,104,0,107,153,0,153,260
08/06/2013,BTL,MI,AGL,CE,Federal Contract Tower,0,1,33,0,34,0,0,21,0,21,0,1,54,0,55,62,0,62,117
08/07/2013,BTL,MI,AGL,CE,Federal Contract Tower,0,2,18,0,20,0,0,24,0,24,0,2,42,0,44,19,0,19,63
08/08/2013,BTL,MI,AGL,CE,Federal Contract Tower,0,7,25,0,32,0,0,127,0,127,0,7,152,0,159,250,0,250,409
08/09/2013,BTL,MI,AGL,CE,Federal Contract Tower,0,6,25,2,33,0,0,84,0,84,0,6,109,2,117,132,2,134,251
08/10/2013,BTL,MI,AGL,CE,Federal Contract Tower,0,1,16,0,17,0,0,54,0,54,0,1,70,0,71,132,0,132,203
08/11/2013,BTL,MI,AGL,CE,Federal Contract Tower,0,1,7,0,8,0,0,32,0,32,0,1,39,0,40,9,0,9,49
08/12/2013,BTL,MI,AGL,CE,Federal Contract Tower,0,3,12,0,15,0,0,34,0,34,0,3,46,0,49,152,0,152,201
08/13/2013,BTL,MI,AGL,CE,Federal Contract Tower,0,2,27,0,29,0,0,98,0,98,0,2,125,0,127,196,0,196,323
08/14/2013,BTL,MI,AGL,CE,Federal Contract Tower,0,2,23,0,25,0,0,106,0,106,0,2,129,0,131,184,0,184,315
08/15/2013,BTL,MI,AGL,CE,Federal Contract Tower,0,12,32,0,44,0,0,96,0,96,0,12,128,0,140,190,0,190,330
08/16/2013,BTL,MI,AGL,CE,Federal Contract Tower,2,4,26,2,34,0,0,95,0,95,2,4,121,2,129,248,2,250,379
08/17/2013,BTL,MI,AGL,CE,Federal Contract Tower,0,0,5,0,5,0,0,55,0,55,0,0,60,0,60,100,0,100,160
08/18/2013,BTL,MI,AGL,CE,Federal Contract Tower,0,6,10,0,16,0,0,30,0,30,0,6,40,0,46,12,0,12,58
08/19/2013,BTL,MI,AGL,CE,Federal Contract Tower,2,0,12,0,14,0,0,84,0,84,2,0,96,0,98,196,0,196,294
08/20/2013,BTL,MI,AGL,CE,Federal Contract Tower,0,2,31,0,33,0,0,84,0,84,0,2,115,0,117,212,0,212,329
08/21/2013,BTL,MI,AGL,CE,Federal Contract Tower,0,0,22,2,24,0,0,70,0,70,0,0,92,2,94,227,0,227,321
08/22/2013,BTL,MI,AGL,CE,Federal Contract Tower,0,3,13,4,20,0,0,19,0,19,0,3,32,4,39,6,0,6,45
08/23/2013,BTL,MI,AGL,CE,Federal Contract Tower,0,1,27,0,28,0,3,92,0,95,0,4,119,0,123,168,0,168,291
08/24/2013,BTL,MI,AGL,CE,Federal Contract Tower,0,1,5,0,6,0,0,47,0,47,0,1,52,0,53,73,0,73,126
08/25/2013,BTL,MI,AGL,CE,Federal Contract Tower,0,4,10,0,14,0,0,28,0,28,0,4,38,0,42,108,0,108,150
08/26/2013,BTL,MI,AGL,CE,Federal Contract Tower,0,0,22,0,22,0,0,86,0,86,0,0,108,0,108,280,0,280,388
08/27/2013,BTL,MI,AGL,CE,Federal Contract Tower,0,3,17,0,20,0,0,45,0,45,0,3,62,0,65,108,0,108,173
08/28/2013,BTL,MI,AGL,CE,Federal Contract Tower,0,5,25,0,30,0,0,18,0,18,0,5,43,0,48,54,0,54,102
08/29/2013,BTL,MI,AGL,CE,Federal Contract Tower,0,1,35,0,36,0,0,97,0,97,0,1,132,0,133,230,0,230,363
08/30/2013,BTL,MI,AGL,CE,Federal Contract Tower,0,2,19,0,21,0,2,65,0,67,0,4,84,0,88,144,0,144,232
08/31/2013,BTL,MI,AGL,CE,Federal Contract Tower,0,0,11,0,11,0,0,38,0,38,0,0,49,0,49,54,0,54,103
09/01/2013,BTL,MI,AGL,CE,Federal Contract Tower,0,0,7,0,7,0,0,6,0,6,0,0,13,0,13,6,0,6,19
09/02/2013,BTL,MI,AGL,CE,Federal Contract Tower,0,1,2,0,3,0,0,12,0,12,0,1,14,0,15,5,0,5,20
09/03/2013,BTL,MI,AGL,CE,Federal Contract Tower,0,1,11,0,12,0,0,78,0,78,0,1,89,0,90,152,0,152,242
09/04/2013,BTL,MI,AGL,CE,Federal Contract Tower,0,1,18,0,19,0,0,95,0,95,0,1,113,0,114,212,0,212,326
09/05/2013,BTL,MI,AGL,CE,Federal Contract Tower,0,3,18,0,21,0,0,107,4,111,0,3,125,4,132,206,39,245,377
09/06/2013,BTL,MI,AGL,CE,Federal Contract Tower,0,4,30,0,34,0,0,103,0,103,0,4,133,0,137,196,0,196,333
09/07/2013,BTL,MI,AGL,CE,Federal Contract Tower,0,7,6,0,13,0,0,86,6,92,0,7,92,6,105,104,2,106,211
09/08/2013,BTL,MI,AGL,CE,Federal Contract Tower,0,3,10,0,13,0,0,23,0,23,0,3,33,0,36,60,0,60,96
09/09/2013,BTL,MI,AGL,CE,Federal Contract Tower,0,1,20,0,21,0,0,63,0,63,0,1,83,0,84,192,0,192,276
09/10/2013,BTL,MI,AGL,CE,Federal Contract Tower,0,5,28,0,33,0,0,118,2,120,0,5,146,2,153,196,6,202,355
09/11/2013,BTL,MI,AGL,CE,Federal Contract Tower,0,2,21,0,23,0,0,81,0,81,0,2,102,0,104,190,0,190,294
09/12/2013,BTL,MI,AGL,CE,Federal Contract Tower,0,2,28,0,30,0,0,109,0,109,0,2,137,0,139,316,0,316,455
09/13/2013,BTL,MI,AGL,CE,Federal Contract Tower,0,1,37,0,38,0,0,101,2,103,0,1,138,2,141,210,8,218,359
09/14/2013,BTL,MI,AGL,CE,Federal Contract Tower,0,1,13,0,14,0,0,137,0,137,0,1,150,0,151,232,0,232,383
09/15/2013,BTL,MI,AGL,CE,Federal Contract Tower,0,0,8,0,8,0,0,31,0,31,0,0,39,0,39,126,0,126,165
09/16/2013,BTL,MI,AGL,CE,Federal Contract Tower,0,2,35,0,37,0,0,59,0,59,0,2,94,0,96,163,0,163,259
09/17/2013,BTL,MI,AGL,CE,Federal Contract Tower,0,3,17,0,20,0,0,126,6,132,0,3,143,6,152,272,16,288,440
09/18/2013,BTL,MI,AGL,CE,Federal Contract Tower,0,3,33,1,37,0,0,146,1,147,0,3,179,2,184,299,0,299,483
09/19/2013,BTL,MI,AGL,CE,Federal Contract Tower,0,3,13,0,16,0,0,25,6,31,0,3,38,6,47,50,12,62,109
09/20/2013,BTL,MI,AGL,CE,Federal Contract Tower,0,1,35,0,36,0,0,30,0,30,0,1,65,0,66,178,0,178,244
09/21/2013,BTL,MI,AGL,CE,Federal Contract Tower,0,1,10,0,11,0,0,117,0,117,0,1,127,0,128,288,0,288,416
09/22/2013,BTL,MI,AGL,CE,Federal Contract Tower,0,5,4,0,9,0,0,52,0,52,0,5,56,0,61,149,0,149,210
09/23/2013,BTL,MI,AGL,CE,Federal Contract Tower,0,1,26,0,27,0,0,143,0,143,0,1,169,0,170,264,0,264,434
09/24/2013,BTL,MI,AGL,CE,Federal Contract Tower,0,5,27,1,33,0,0,109,1,110,0,5,136,2,143,234,0,234,377
09/25/2013,BTL,MI,AGL,CE,Federal Contract Tower,0,4,24,0,28,0,0,144,0,144,0,4,168,0,172,234,0,234,406
09/26/2013,BTL,MI,AGL,CE,Federal Contract Tower,0,6,25,0,31,0,0,114,0,114,0,6,139,0,145,320,0,320,465
09/27/2013,BTL,MI,AGL,CE,Federal Contract Tower,0,5,29,0,34,0,0,156,0,156,0,5,185,0,190,310,0,310,500
09/28/2013,BTL,MI,AGL,CE,Federal Contract Tower,0,0,8,0,8,0,0,97,0,97,0,0,105,0,105,288,0,288,393
09/29/2013,BTL,MI,AGL,CE,Federal Contract Tower,0,1,10,0,11,0,0,16,0,16,0,1,26,0,27,52,0,52,79
09/30/2013,BTL,MI,AGL,CE,Federal Contract Tower,0,2,32,0,34,0,0,140,1,141,0,2,172,1,175,352,1,353,528
10/01/2013,BTL,MI,AGL,CE,Federal Contract Tower,0,2,22,0,24,0,0,18,0,18,0,2,40,0,42,77,0,77,119
10/02/2013,BTL,MI,AGL,CE,Federal Contract Tower,0,2,27,0,29,0,0,179,0,179,0,2,206,0,208,407,0,407,615
10/03/2013,BTL,MI,AGL,CE,Federal Contract Tower,0,3,7,0,10,0,0,7,0,7,0,3,14,0,17,12,0,12,29
10/04/2013,BTL,MI,AGL,CE,Federal Contract Tower,0,0,36,0,36,0,0,55,0,55,0,0,91,0,91,210,0,210,301
10/05/2013,BTL,MI,AGL,CE,Federal Contract Tower,0,0,3,1,4,0,0,0,0,0,0,0,3,1,4,0,0,0,4
10/06/2013,BTL,MI,AGL,CE,Federal Contract Tower,0,2,3,0,5,0,0,2,0,2,0,2,5,0,7,4,0,4,11
10/07/2013,BTL,MI,AGL,CE,Federal Contract Tower,0,3,26,0,29,0,1,58,0,59,0,4,84,0,88,189,0,189,277
10/08/2013,BTL,MI,AGL,CE,Federal Contract Tower,0,6,30,0,36,0,0,172,0,172,0,6,202,0,208,386,0,386,594
10/09/2013,BTL,MI,AGL,CE,Federal Contract Tower,0,5,29,0,34,0,0,218,0,218,0,5,247,0,252,415,0,415,667
10/10/2013,BTL,MI,AGL,CE,Federal Contract Tower,0,2,33,0,35,0,0,161,0,161,0,2,194,0,196,414,0,414,610
10/11/2013,BTL,MI,AGL,CE,Federal Contract Tower,0,0,34,0,34,0,0,169,0,169,0,0,203,0,203,558,0,558,761
10/12/2013,BTL,MI,AGL,CE,Federal Contract Tower,0,5,13,0,18,0,0,141,0,141,0,5,154,0,159,470,0,470,629
10/13/2013,BTL,MI,AGL,CE,Federal Contract Tower,0,3,6,0,9,0,0,113,0,113,0,3,119,0,122,610,0,610,732
10/14/2013,BTL,MI,AGL,CE,Federal Contract Tower,0,1,20,0,21,0,0,276,0,276,0,1,296,0,297,922,0,922,1219
10/15/2013,BTL,MI,AGL,CE,Federal Contract Tower,0,2,15,0,17,0,0,62,0,62,0,2,77,0,79,286,0,286,365
10/16/2013,BTL,MI,AGL,CE,Federal Contract Tower,0,4,33,0,37,0,0,55,0,55,0,4,88,0,92,198,0,198,290
10/17/2013,BTL,MI,AGL,CE,Federal Contract Tower,0,2,22,0,24,0,0,3,0,3,0,2,25,0,27,0,0,0,27
10/18/2013,BTL,MI,AGL,CE,Federal Contract Tower,0,6,36,0,42,0,0,248,0,248,0,6,284,0,290,476,0,476,766
10/19/2013,BTL,MI,AGL,CE,Federal Contract Tower,0,0,17,0,17,0,0,19,0,19,0,0,36,0,36,30,0,30,66
10/20/2013,BTL,MI,AGL,CE,Federal Contract Tower,0,1,6,0,7,0,0,18,0,18,0,1,24,0,25,0,0,0,25
10/21/2013,BTL,MI,AGL,CE,Federal Contract Tower,0,4,17,0,21,0,0,12,0,12,0,4,29,0,33,44,0,44,77
10/22/2013,BTL,MI,AGL,CE,Federal Contract Tower,0,7,28,0,35,0,0,124,0,124,0,7,152,0,159,390,0,390,549
10/23/2013,BTL,MI,AGL,CE,Federal Contract Tower,0,0,22,0,22,0,0,34,0,34,0,0,56,0,56,107,0,107,163
10/24/2013,BTL,MI,AGL,CE,Federal Contract Tower,0,3,21,0,24,0,0,18,4,22,0,3,39,4,46,60,0,60,106
10/25/2013,BTL,MI,AGL,CE,Federal Contract Tower,0,4,52,0,56,0,0,143,0,143,0,4,195,0,199,326,0,326,525
10/26/2013,BTL,MI,AGL,CE,Federal Contract Tower,0,5,8,0,13,0,0,36,0,36,0,5,44,0,49,74,0,74,123
10/27/2013,BTL,MI,AGL,CE,Federal Contract Tower,0,3,11,0,14,0,0,41,0,41,0,3,52,0,55,9,0,9,64
10/28/2013,BTL,MI,AGL,CE,Federal Contract Tower,0,2,29,0,31,0,0,176,0,176,0,2,205,0,207,464,0,464,671
10/29/2013,BTL,MI,AGL,CE,Federal Contract Tower,0,3,26,0,29,0,0,124,4,128,0,3,150,4,157,298,14,312,469
10/30/2013,BTL,MI,AGL,CE,Federal Contract Tower,0,4,27,0,31,0,0,118,0,118,0,4,145,0,149,273,0,273,422
10/31/2013,BTL,MI,AGL,CE,Federal Contract Tower,0,5,11,0,16,0,0,0,0,0,0,5,11,0,16,0,0,0,16
11/01/2013,BTL,MI,AGL,CE,Federal Contract Tower,0,3,38,0,41,0,0,19,12,31,0,3,57,12,72,126,4,130,202
11/02/2013,BTL,MI,AGL,CE,Federal Contract Tower,0,0,14,2,16,0,0,45,4,49,0,0,59,6,65,180,6,186,251
11/03/2013,BTL,MI,AGL,CE,Federal Contract Tower,0,2,11,0,13,0,0,36,0,36,0,2,47,0,49,34,0,34,83
11/04/2013,BTL,MI,AGL,CE,Federal Contract Tower,0,0,38,0,38,0,0,135,0,135,0,0,173,0,173,345,0,345,518
11/05/2013,BTL,MI,AGL,CE,Federal Contract Tower,0,0,29,0,29,0,0,103,2,105,0,0,132,2,134,258,6,264,398
11/06/2013,BTL,MI,AGL,CE,Federal Contract Tower,0,0,23,0,23,0,0,0,0,0,0,0,23,0,23,2,0,2,25
11/07/2013,BTL,MI,AGL,CE,Federal Contract Tower,0,0,35,0,35,0,0,84,0,84,0,0,119,0,119,174,0,174,293
11/08/2013,BTL,MI,AGL,CE,Federal Contract Tower,0,4,40,0,44,0,0,176,4,180,0,4,216,4,224,468,0,468,692
11/09/2013,BTL,MI,AGL,CE,Federal Contract Tower,0,5,14,0,19,0,0,41,0,41,0,5,55,0,60,30,0,30,90
11/10/2013,BTL,MI,AGL,CE,Federal Contract Tower,0,8,2,0,10,0,0,6,0,6,0,8,8,0,16,2,0,2,18
11/11/2013,BTL,MI,AGL,CE,Federal Contract Tower,0,2,9,0,11,0,0,35,0,35,0,2,44,0,46,136,0,136,182
11/12/2013,BTL,MI,AGL,CE,Federal Contract Tower,0,4,28,0,32,0,0,101,0,101,0,4,129,0,133,186,0,186,319
11/13/2013,BTL,MI,AGL,CE,Federal Contract Tower,0,2,24,4,30,0,1,108,0,109,0,3,132,4,139,198,6,204,343
11/14/2013,BTL,MI,AGL,CE,Federal Contract Tower,0,1,27,0,28,0,0,82,0,82,0,1,109,0,110,138,0,138,248
11/15/2013,BTL,MI,AGL,CE,Federal Contract Tower,0,4,49,3,56,0,0,162,2,164,0,4,211,5,220,391,2,393,613
11/16/2013,BTL,MI,AGL,CE,Federal Contract Tower,0,0,9,0,9,0,0,9,0,9,0,0,18,0,18,14,0,14,32
11/17/2013,BTL,MI,AGL,CE,Federal Contract Tower,0,4,4,0,8,0,0,0,0,0,0,4,4,0,8,0,0,0,8
11/18/2013,BTL,MI,AGL,CE,Federal Contract Tower,0,3,12,0,15,0,0,12,0,12,0,3,24,0,27,28,0,28,55
11/19/2013,BTL,MI,AGL,CE,Federal Contract Tower,0,2,24,1,27,0,0,132,1,133,0,2,156,2,160,314,0,314,474
11/20/2013,BTL,MI,AGL,CE,Federal Contract Tower,0,5,32,0,37,0,0,179,0,179,0,5,211,0,216,342,0,342,558
11/21/2013,BTL,MI,AGL,CE,Federal Contract Tower,0,2,31,0,33,0,0,49,0,49,0,2,80,0,82,88,0,88,170
11/22/2013,BTL,MI,AGL,CE,Federal Contract Tower,0,0,12,0,12,0,0,20,0,20,0,0,32,0,32,100,0,100,132
11/23/2013,BTL,MI,AGL,CE,Federal Contract Tower,0,1,8,0,9,0,0,18,0,18,0,1,26,0,27,42,0,42,69
11/24/2013,BTL,MI,AGL,CE,Federal Contract Tower,0,1,1,0,2,0,0,20,0,20,0,1,21,0,22,0,0,0,22
11/25/2013,BTL,MI,AGL,CE,Federal Contract Tower,0,4,18,0,22,0,0,58,1,59,0,4,76,1,81,98,0,98,179
11/26/2013,BTL,MI,AGL,CE,Federal Contract Tower,0,2,12,0,14,0,0,78,0,78,0,2,90,0,92,186,2,188,280
11/27/2013,BTL,MI,AGL,CE,Federal Contract Tower,0,3,29,0,32,0,0,36,0,36,0,3,65,0,68,96,0,96,164
11/28/2013,BTL,MI,AGL,CE,Federal Contract Tower,0,0,1,0,1,0,0,0,0,0,0,0,1,0,1,2,0,2,3
11/29/2013,BTL,MI,AGL,CE,Federal Contract Tower,0,0,5,0,5,0,4,19,0,23,0,4,24,0,28,32,0,32,60
11/30/2013,BTL,MI,AGL,CE,Federal Contract Tower,0,0,5,0,5,0,0,19,0,19,0,0,24,0,24,4,0,4,28
12/01/2013,BTL,MI,AGL,CE,Federal Contract Tower,0,1,7,0,8,0,0,22,0,22,0,1,29,0,30,22,0,22,52
12/02/2013,BTL,MI,AGL,CE,Federal Contract Tower,0,1,25,0,26,0,0,88,0,88,0,1,113,0,114,252,0,252,366
12/03/2013,BTL,MI,AGL,CE,Federal Contract Tower,0,0,12,0,12,0,0,0,0,0,0,0,12,0,12,0,0,0,12
12/04/2013,BTL,MI,AGL,CE,Federal Contract Tower,0,3,11,0,14,0,0,0,0,0,0,3,11,0,14,0,0,0,14
12/05/2013,BTL,MI,AGL,CE,Federal Contract Tower,0,3,25,0,28,0,0,37,2,39,0,3,62,2,67,100,20,120,187
12/06/2013,BTL,MI,AGL,CE,Federal Contract Tower,0,0,33,0,33,0,0,101,0,101,0,0,134,0,134,378,0,378,512
12/07/2013,BTL,MI,AGL,CE,Federal Contract Tower,0,0,24,0,24,0,0,56,0,56,0,0,80,0,80,124,0,124,204
12/08/2013,BTL,MI,AGL,CE,Federal Contract Tower,0,4,4,0,8,0,0,12,0,12,0,4,16,0,20,10,0,10,30
12/09/2013,BTL,MI,AGL,CE,Federal Contract Tower,0,6,9,0,15,0,0,0,0,0,0,6,9,0,15,0,0,0,15
12/10/2013,BTL,MI,AGL,CE,Federal Contract Tower,0,2,22,0,24,0,0,29,0,29,0,2,51,0,53,52,0,52,105
12/11/2013,BTL,MI,AGL,CE,Federal Contract Tower,0,3,14,0,17,0,0,0,0,0,0,3,14,0,17,0,0,0,17
12/12/2013,BTL,MI,AGL,CE,Federal Contract Tower,0,4,51,0,55,0,0,95,0,95,0,4,146,0,150,216,0,216,366
12/13/2013,BTL,MI,AGL,CE,Federal Contract Tower,0,1,5,0,6,0,0,33,0,33,0,1,38,0,39,90,0,90,129
12/14/2013,BTL,MI,AGL,CE,Federal Contract Tower,0,0,2,0,2,0,0,0,0,0,0,0,2,0,2,0,0,0,2
12/15/2013,BTL,MI,AGL,CE,Federal Contract Tower,0,4,10,0,14,0,0,0,0,0,0,4,10,0,14,0,0,0,14
12/16/2013,BTL,MI,AGL,CE,Federal Contract Tower,0,1,28,2,31,0,0,67,0,67,0,1,95,2,98,218,0,218,316
12/17/2013,BTL,MI,AGL,CE,Federal Contract Tower,0,1,12,0,13,0,0,0,0,0,0,1,12,0,13,0,0,0,13
12/18/2013,BTL,MI,AGL,CE,Federal Contract Tower,0,1,30,0,31,0,0,76,0,76,0,1,106,0,107,139,0,139,246
12/19/2013,BTL,MI,AGL,CE,Federal Contract Tower,2,6,18,0,26,0,0,41,0,41,2,6,59,0,67,126,0,126,193
12/20/2013,BTL,MI,AGL,CE,Federal Contract Tower,0,1,7,0,8,0,0,0,0,0,0,1,7,0,8,0,0,0,8
12/21/2013,BTL,MI,AGL,CE,Federal Contract Tower,0,0,2,0,2,0,0,0,0,0,0,0,2,0,2,0,0,0,2
12/22/2013,BTL,MI,AGL,CE,Federal Contract Tower,0,0,1,0,1,0,0,0,0,0,0,0,1,0,1,0,0,0,1
12/23/2013,BTL,MI,AGL,CE,Federal Contract Tower,0,0,17,0,17,0,0,0,0,0,0,0,17,0,17,0,0,0,17
12/24/2013,BTL,MI,AGL,CE,Federal Contract Tower,0,0,4,0,4,0,0,5,0,5,0,0,9,0,9,20,0,20,29
12/25/2013,BTL,MI,AGL,CE,Federal Contract Tower,0,0,0,0,0,0,0,0,0,0,0,0,0,0,0,0,0,0,0
12/26/2013,BTL,MI,AGL,CE,Federal Contract Tower,0,1,10,0,11,0,0,1,0,1,0,1,11,0,12,2,0,2,14
12/27/2013,BTL,MI,AGL,CE,Federal Contract Tower,0,5,8,0,13,0,0,13,4,17,0,5,21,4,30,12,0,12,42
12/28/2013,BTL,MI,AGL,CE,Federal Contract Tower,0,3,1,0,4,0,0,42,0,42,0,3,43,0,46,22,0,22,68
12/29/2013,BTL,MI,AGL,CE,Federal Contract Tower,0,4,8,0,12,0,0,13,0,13,0,4,21,0,25,8,0,8,33
12/30/2013,BTL,MI,AGL,CE,Federal Contract Tower,0,1,6,0,7,0,0,13,0,13,0,1,19,0,20,5,0,5,25
12/31/2013,BTL,MI,AGL,CE,Federal Contract Tower,0,1,2,0,3,0,0,0,0,0,0,1,2,0,3,0,0,0,3
01/01/2014,BTL,MI,AGL,CE,Federal Contract Tower,0,1,1,0,2,0,0,0,0,0,0,1,1,0,2,0,0,0,2
01/02/2014,BTL,MI,AGL,CE,Federal Contract Tower,2,5,6,0,13,0,0,0,0,0,2,5,6,0,13,0,0,0,13
01/03/2014,BTL,MI,AGL,CE,Federal Contract Tower,2,2,12,0,16,0,0,38,0,38,2,2,50,0,54,76,0,76,130
01/04/2014,BTL,MI,AGL,CE,Federal Contract Tower,0,0,6,0,6,0,0,3,0,3,0,0,9,0,9,1,0,1,10
01/05/2014,BTL,MI,AGL,CE,Federal Contract Tower,0,1,5,0,6,0,0,0,0,0,0,1,5,0,6,0,0,0,6
01/06/2014,BTL,MI,AGL,CE,Federal Contract Tower,0,3,3,0,6,0,0,0,0,0,0,3,3,0,6,0,0,0,6
01/07/2014,BTL,MI,AGL,CE,Federal Contract Tower,2,0,7,0,9,0,0,0,0,0,2,0,7,0,9,1,0,1,10
01/08/2014,BTL,MI,AGL,CE,Federal Contract Tower,4,2,18,0,24,0,0,48,0,48,4,2,66,0,72,150,0,150,222
01/09/2014,BTL,MI,AGL,CE,Federal Contract Tower,1,8,18,2,29,0,0,39,0,39,1,8,57,2,68,0,0,0,68
01/10/2014,BTL,MI,AGL,CE,Federal Contract Tower,0,4,8,0,12,0,0,0,0,0,0,4,8,0,12,0,0,0,12
01/11/2014,BTL,MI,AGL,CE,Federal Contract Tower,0,1,5,0,6,0,0,0,0,0,0,1,5,0,6,0,0,0,6
01/12/2014,BTL,MI,AGL,CE,Federal Contract Tower,0,1,7,0,8,0,0,19,0,19,0,1,26,0,27,9,0,9,36
01/13/2014,BTL,MI,AGL,CE,Federal Contract Tower,0,5,26,0,31,0,0,148,2,150,0,5,174,2,181,389,0,389,570
01/14/2014,BTL,MI,AGL,CE,Federal Contract Tower,0,2,20,0,22,0,0,64,0,64,0,2,84,0,86,138,0,138,224
01/15/2014,BTL,MI,AGL,CE,Federal Contract Tower,0,1,16,0,17,0,0,2,0,2,0,1,18,0,19,6,0,6,25
01/16/2014,BTL,MI,AGL,CE,Federal Contract Tower,0,2,16,0,18,0,0,0,0,0,0,2,16,0,18,0,0,0,18
01/17/2014,BTL,MI,AGL,CE,Federal Contract Tower,0,1,4,0,5,0,0,16,0,16,0,1,20,0,21,94,0,94,115
01/18/2014,BTL,MI,AGL,CE,Federal Contract Tower,0,0,5,0,5,0,0,91,0,91,0,0,96,0,96,256,0,256,352
01/19/2014,BTL,MI,AGL,CE,Federal Contract Tower,0,1,4,0,5,0,0,0,0,0,0,1,4,0,5,0,0,0,5
01/20/2014,BTL,MI,AGL,CE,Federal Contract Tower,0,1,12,1,14,0,0,10,1,11,0,1,22,2,25,20,6,26,51
01/21/2014,BTL,MI,AGL,CE,Federal Contract Tower,0,1,50,1,52,0,0,135,0,135,0,1,185,1,187,240,2,242,429
01/22/2014,BTL,MI,AGL,CE,Federal Contract Tower,0,2,29,2,33,0,0,9,0,9,0,2,38,2,42,32,0,32,74
01/23/2014,BTL,MI,AGL,CE,Federal Contract Tower,2,5,45,1,53,0,0,166,6,172,2,5,211,7,225,214,18,232,457
01/24/2014,BTL,MI,AGL,CE,Federal Contract Tower,0,3,6,0,9,0,0,0,0,0,0,3,6,0,9,0,0,0,9
01/25/2014,BTL,MI,AGL,CE,Federal Contract Tower,0,1,3,0,4,0,0,0,0,0,0,1,3,0,4,0,0,0,4
01/26/2014,BTL,MI,AGL,CE,Federal Contract Tower,0,4,9,0,13,0,0,0,0,0,0,4,9,0,13,2,0,2,15
01/27/2014,BTL,MI,AGL,CE,Federal Contract Tower,0,0,6,0,6,0,0,0,0,0,0,0,6,0,6,0,0,0,6
01/28/2014,BTL,MI,AGL,CE,Federal Contract Tower,0,4,22,0,26,0,0,25,12,37,0,4,47,12,63,8,24,32,95
01/29/2014,BTL,MI,AGL,CE,Federal Contract Tower,0,2,32,0,34,0,0,135,4,139,0,2,167,4,173,230,20,250,423
01/30/2014,BTL,MI,AGL,CE,Federal Contract Tower,0,0,18,0,18,0,0,39,0,39,0,0,57,0,57,8,0,8,65
01/31/2014,BTL,MI,AGL,CE,Federal Contract Tower,0,2,23,0,25,0,0,63,0,63,0,2,86,0,88,148,0,148,236
02/01/2014,BTL,MI,AGL,CE,Federal Contract Tower,0,0,0,0,0,0,0,0,0,0,0,0,0,0,0,2,0,2,2
02/02/2014,BTL,MI,AGL,CE,Federal Contract Tower,0,0,8,0,8,0,0,3,0,3,0,0,11,0,11,0,0,0,11
02/03/2014,BTL,MI,AGL,CE,Federal Contract Tower,0,0,48,0,48,0,0,120,0,120,0,0,168,0,168,345,0,345,513
02/04/2014,BTL,MI,AGL,CE,Federal Contract Tower,0,2,28,0,30,0,0,120,0,120,0,2,148,0,150,240,0,240,390
02/05/2014,BTL,MI,AGL,CE,Federal Contract Tower,0,2,5,0,7,0,0,9,0,9,0,2,14,0,16,32,0,32,48
02/06/2014,BTL,MI,AGL,CE,Federal Contract Tower,0,1,18,0,19,0,0,8,0,8,0,1,26,0,27,30,0,30,57
02/07/2014,BTL,MI,AGL,CE,Federal Contract Tower,0,4,29,0,33,0,0,72,0,72,0,4,101,0,105,166,0,166,271
02/08/2014,BTL,MI,AGL,CE,Federal Contract Tower,0,3,9,0,12,0,0,23,0,23,0,3,32,0,35,98,0,98,133
02/09/2014,BTL,MI,AGL,CE,Federal Contract Tower,0,0,7,2,9,0,0,0,4,4,0,0,7,6,13,12,0,12,25
02/10/2014,BTL,MI,AGL,CE,Federal Contract Tower,0,1,37,0,38,0,0,29,0,29,0,1,66,0,67,78,0,78,145
02/11/2014,BTL,MI,AGL,CE,Federal Contract Tower,0,1,47,0,48,0,0,129,0,129,0,1,176,0,177,264,0,264,441
02/12/2014,BTL,MI,AGL,CE,Federal Contract Tower,0,2,34,0,36,0,1,134,0,135,0,3,168,0,171,238,0,238,409
02/13/2014,BTL,MI,AGL,CE,Federal Contract Tower,0,1,18,0,19,0,0,91,0,91,0,1,109,0,110,170,4,174,284
02/14/2014,BTL,MI,AGL,CE,Federal Contract Tower,0,1,10,0,11,0,0,10,0,10,0,1,20,0,21,48,0,48,69
02/15/2014,BTL,MI,AGL,CE,Federal Contract Tower,0,6,19,2,27,0,0,138,0,138,0,6,157,2,165,330,0,330,495
02/16/2014,BTL,MI,AGL,CE,Federal Contract Tower,0,3,6,0,9,0,0,10,0,10,0,3,16,0,19,10,0,10,29
02/17/2014,BTL,MI,AGL,CE,Federal Contract Tower,0,4,17,0,21,0,0,41,0,41,0,4,58,0,62,83,0,83,145
02/18/2014,BTL,MI,AGL,CE,Federal Contract Tower,0,5,29,0,34,0,0,77,2,79,0,5,106,2,113,106,8,114,227
02/19/2014,BTL,MI,AGL,CE,Federal Contract Tower,0,4,43,0,47,0,0,107,0,107,0,4,150,0,154,248,0,248,402
02/20/2014,BTL,MI,AGL,CE,Federal Contract Tower,0,2,6,0,8,0,0,2,0,2,0,2,8,0,10,22,0,22,32
02/21/2014,BTL,MI,AGL,CE,Federal Contract Tower,0,6,15,0,21,0,0,2,0,2,0,6,17,0,23,2,0,2,25
02/22/2014,BTL,MI,AGL,CE,Federal Contract Tower,0,2,17,0,19,0,0,102,0,102,0,2,119,0,121,162,0,162,283
02/23/2014,BTL,MI,AGL,CE,Federal Contract Tower,0,5,9,0,14,0,0,17,0,17,0,5,26,0,31,3,0,3,34
02/24/2014,BTL,MI,AGL,CE,Federal Contract Tower,0,3,32,0,35,0,0,35,0,35,0,3,67,0,70,86,0,86,156
02/25/2014,BTL,MI,AGL,CE,Federal Contract Tower,0,4,23,0,27,0,0,13,0,13,0,4,36,0,40,38,0,38,78
02/26/2014,BTL,MI,AGL,CE,Federal Contract Tower,0,2,31,0,33,0,0,58,0,58,0,2,89,0,91,150,0,150,241
02/27/2014,BTL,MI,AGL,CE,Federal Contract Tower,0,2,19,0,21,0,0,37,0,37,0,2,56,0,58,40,0,40,98
02/28/2014,BTL,MI,AGL,CE,Federal Contract Tower,0,1,33,0,34,0,0,88,0,88,0,1,121,0,122,146,0,146,268
03/01/2014,BTL,MI,AGL,CE,Federal Contract Tower,0,4,4,0,8,0,0,0,1,1,0,4,4,1,9,0,0,0,9
03/02/2014,BTL,MI,AGL,CE,Federal Contract Tower,0,4,3,0,7,0,0,14,6,20,0,4,17,6,27,0,12,12,39
03/03/2014,BTL,MI,AGL,CE,Federal Contract Tower,0,6,28,0,34,0,0,66,0,66,0,6,94,0,100,150,0,150,250
03/04/2014,BTL,MI,AGL,CE,Federal Contract Tower,0,0,19,0,19,0,0,44,4,48,0,0,63,4,67,114,0,114,181
03/05/2014,BTL,MI,AGL,CE,Federal Contract Tower,0,3,8,0,11,0,0,34,0,34,0,3,42,0,45,73,1,74,119
03/06/2014,BTL,MI,AGL,CE,Federal Contract Tower,0,5,22,0,27,0,0,71,8,79,0,5,93,8,106,86,12,98,204
03/07/2014,BTL,MI,AGL,CE,Federal Contract Tower,0,0,18,6,24,0,0,63,1,64,0,0,81,7,88,88,12,100,188
03/08/2014,BTL,MI,AGL,CE,Federal Contract Tower,0,3,2,0,5,0,0,0,0,0,0,3,2,0,5,0,0,0,5
03/09/2014,BTL,MI,AGL,CE,Federal Contract Tower,0,5,13,0,18,0,0,31,0,31,0,5,44,0,49,30,0,30,79
03/10/2014,BTL,MI,AGL,CE,Federal Contract Tower,0,2,23,2,27,0,0,126,0,126,0,2,149,2,153,274,0,274,427
03/11/2014,BTL,MI,AGL,CE,Federal Contract Tower,0,0,35,0,35,0,0,86,14,100,0,0,121,14,135,144,18,162,297
03/12/2014,BTL,MI,AGL,CE,Federal Contract Tower,0,4,2,0,6,0,0,12,0,12,0,4,14,0,18,22,0,22,40
03/13/2014,BTL,MI,AGL,CE,Federal Contract Tower,0,3,32,0,35,0,0,137,0,137,0,3,169,0,172,256,0,256,428
03/14/2014,BTL,MI,AGL,CE,Federal Contract Tower,0,2,25,0,27,0,0,93,0,93,0,2,118,0,120,146,0,146,266
03/15/2014,BTL,MI,AGL,CE,Federal Contract Tower,0,1,20,0,21,0,0,124,0,124,0,1,144,0,145,228,0,228,373
03/16/2014,BTL,MI,AGL,CE,Federal Contract Tower,0,5,6,0,11,0,0,15,0,15,0,5,21,0,26,30,0,30,56
03/17/2014,BTL,MI,AGL,CE,Federal Contract Tower,2,1,23,0,26,0,0,138,0,138,2,1,161,0,164,239,0,239,403
03/18/2014,BTL,MI,AGL,CE,Federal Contract Tower,0,9,30,0,39,0,0,113,0,113,0,9,143,0,152,236,0,236,388
03/19/2014,BTL,MI,AGL,CE,Federal Contract Tower,0,4,9,0,13,0,0,1,0,1,0,4,10,0,14,0,0,0,14
03/20/2014,BTL,MI,AGL,CE,Federal Contract Tower,0,4,34,0,38,0,0,100,0,100,0,4,134,0,138,244,0,244,382
03/21/2014,BTL,MI,AGL,CE,Federal Contract Tower,0,1,32,0,33,0,0,156,0,156,0,1,188,0,189,306,0,306,495
03/22/2014,BTL,MI,AGL,CE,Federal Contract Tower,0,2,9,0,11,0,0,47,0,47,0,2,56,0,58,322,0,322,380
03/23/2014,BTL,MI,AGL,CE,Federal Contract Tower,0,2,3,0,5,0,0,55,0,55,0,2,58,0,60,204,0,204,264
03/24/2014,BTL,MI,AGL,CE,Federal Contract Tower,0,0,35,0,35,0,0,118,0,118,0,0,153,0,153,312,0,312,465
03/25/2014,BTL,MI,AGL,CE,Federal Contract Tower,0,0,18,0,18,0,0,21,10,31,0,0,39,10,49,64,14,78,127
03/26/2014,BTL,MI,AGL,CE,Federal Contract Tower,0,5,40,0,45,0,0,158,1,159,0,5,198,1,204,327,0,327,531
03/27/2014,BTL,MI,AGL,CE,Federal Contract Tower,0,1,7,0,8,0,0,0,0,0,0,1,7,0,8,0,0,0,8
03/28/2014,BTL,MI,AGL,CE,Federal Contract Tower,0,2,25,0,27,0,0,8,0,8,0,2,33,0,35,38,0,38,73
03/29/2014,BTL,MI,AGL,CE,Federal Contract Tower,0,0,11,0,11,0,0,46,0,46,0,0,57,0,57,244,0,244,301
03/30/2014,BTL,MI,AGL,CE,Federal Contract Tower,0,1,2,0,3,0,0,61,0,61,0,1,63,0,64,204,0,204,268
03/31/2014,BTL,MI,AGL,CE,Federal Contract Tower,0,2,42,0,44,0,0,156,0,156,0,2,198,0,200,343,0,343,543
04/01/2014,BTL,MI,AGL,CE,Federal Contract Tower,0,6,14,0,20,0,0,41,4,45,0,6,55,4,65,72,4,76,141
04/02/2014,BTL,MI,AGL,CE,Federal Contract Tower,0,0,36,0,36,0,0,162,2,164,0,0,198,2,200,411,0,411,611
04/03/2014,BTL,MI,AGL,CE,Federal Contract Tower,0,3,9,0,12,0,0,0,0,0,0,3,9,0,12,0,0,0,12
04/04/2014,BTL,MI,AGL,CE,Federal Contract Tower,2,2,14,0,18,0,0,0,0,0,2,2,14,0,18,0,0,0,18
04/05/2014,BTL,MI,AGL,CE,Federal Contract Tower,0,2,28,0,30,0,0,108,10,118,0,2,136,10,148,270,32,302,450
04/06/2014,BTL,MI,AGL,CE,Federal Contract Tower,0,3,14,0,17,0,0,38,8,46,0,3,52,8,63,72,16,88,151
04/07/2014,BTL,MI,AGL,CE,Federal Contract Tower,0,0,24,0,24,0,0,97,0,97,0,0,121,0,121,376,20,396,517
04/08/2014,BTL,MI,AGL,CE,Federal Contract Tower,0,3,43,0,46,0,0,113,0,113,0,3,156,0,159,176,0,176,335
04/09/2014,BTL,MI,AGL,CE,Federal Contract Tower,0,1,35,1,37,0,0,155,0,155,0,1,190,1,192,292,2,294,486
04/10/2014,BTL,MI,AGL,CE,Federal Contract Tower,0,0,26,0,26,0,0,56,1,57,0,0,82,1,83,82,2,84,167
04/11/2014,BTL,MI,AGL,CE,Federal Contract Tower,0,5,44,0,49,0,0,189,6,195,0,5,233,6,244,366,0,366,610
04/12/2014,BTL,MI,AGL,CE,Federal Contract Tower,0,0,15,0,15,0,0,86,0,86,0,0,101,0,101,146,0,146,247
04/13/2014,BTL,MI,AGL,CE,Federal Contract Tower,0,0,5,0,5,0,0,2,0,2,0,0,7,0,7,0,0,0,7
04/14/2014,BTL,MI,AGL,CE,Federal Contract Tower,0,2,6,0,8,0,0,0,0,0,0,2,6,0,8,0,0,0,8
04/15/2014,BTL,MI,AGL,CE,Federal Contract Tower,0,1,37,0,38,0,0,76,4,80,0,1,113,4,118,158,12,170,288
04/16/2014,BTL,MI,AGL,CE,Federal Contract Tower,0,6,37,0,43,0,0,131,4,135,0,6,168,4,178,289,4,293,471
04/17/2014,BTL,MI,AGL,CE,Federal Contract Tower,0,0,37,0,37,0,0,97,0,97,0,0,134,0,134,222,0,222,356
04/18/2014,BTL,MI,AGL,CE,Federal Contract Tower,0,1,37,0,38,0,0,156,0,156,0,1,193,0,194,328,0,328,522
04/19/2014,BTL,MI,AGL,CE,Federal Contract Tower,0,3,5,0,8,0,0,90,0,90,0,3,95,0,98,184,0,184,282
04/20/2014,BTL,MI,AGL,CE,Federal Contract Tower,0,0,5,0,5,0,0,23,0,23,0,0,28,0,28,20,0,20,48
04/21/2014,BTL,MI,AGL,CE,Federal Contract Tower,0,6,26,0,32,0,0,86,0,86,0,6,112,0,118,206,0,206,324
04/22/2014,BTL,MI,AGL,CE,Federal Contract Tower,0,3,23,3,29,0,0,50,1,51,0,3,73,4,80,126,0,126,206
04/23/2014,BTL,MI,AGL,CE,Federal Contract Tower,0,6,24,0,30,0,0,135,0,135,0,6,159,0,165,211,0,211,376
04/24/2014,BTL,MI,AGL,CE,Federal Contract Tower,0,10,32,0,42,0,0,119,0,119,0,10,151,0,161,206,0,206,367
04/25/2014,BTL,MI,AGL,CE,Federal Contract Tower,0,6,20,0,26,0,0,35,0,35,0,6,55,0,61,66,0,66,127
04/26/2014,BTL,MI,AGL,CE,Federal Contract Tower,0,0,12,0,12,0,0,104,0,104,0,0,116,0,116,244,0,244,360
04/27/2014,BTL,MI,AGL,CE,Federal Contract Tower,0,5,5,0,10,0,6,48,0,54,0,11,53,0,64,170,0,170,234
04/28/2014,BTL,MI,AGL,CE,Federal Contract Tower,0,5,10,0,15,0,0,3,0,3,0,5,13,0,18,3,0,3,21
04/29/2014,BTL,MI,AGL,CE,Federal Contract Tower,0,5,17,0,22,0,0,25,4,29,0,5,42,4,51,46,8,54,105
04/30/2014,BTL,MI,AGL,CE,Federal Contract Tower,0,2,47,0,49,0,0,35,0,35,0,2,82,0,84,90,0,90,174
05/01/2014,BTL,MI,AGL,CE,Federal Contract Tower,0,2,24,0,26,0,0,8,2,10,0,2,32,2,36,24,0,24,60
05/02/2014,BTL,MI,AGL,CE,Federal Contract Tower,0,1,22,0,23,0,0,5,0,5,0,1,27,0,28,14,0,14,42
05/03/2014,BTL,MI,AGL,CE,Federal Contract Tower,0,0,5,1,6,0,0,32,28,60,0,0,37,29,66,68,74,142,208
05/04/2014,BTL,MI,AGL,CE,Federal Contract Tower,0,1,8,1,10,0,0,59,0,59,0,1,67,1,69,102,0,102,171
05/05/2014,BTL,MI,AGL,CE,Federal Contract Tower,0,1,32,0,33,0,0,159,0,159,0,1,191,0,192,363,0,363,555
05/06/2014,BTL,MI,AGL,CE,Federal Contract Tower,0,5,31,0,36,0,0,150,8,158,0,5,181,8,194,304,14,318,512
05/07/2014,BTL,MI,AGL,CE,Federal Contract Tower,0,0,24,0,24,0,0,87,0,87,0,0,111,0,111,188,0,188,299
05/08/2014,BTL,MI,AGL,CE,Federal Contract Tower,0,4,27,1,32,0,0,135,1,136,0,4,162,2,168,264,2,266,434
05/09/2014,BTL,MI,AGL,CE,Federal Contract Tower,0,8,21,0,29,0,0,22,3,25,0,8,43,3,54,62,4,66,120
05/10/2014,BTL,MI,AGL,CE,Federal Contract Tower,0,3,15,0,18,0,1,73,0,74,0,4,88,0,92,106,0,106,198
05/11/2014,BTL,MI,AGL,CE,Federal Contract Tower,0,1,9,0,10,0,0,10,0,10,0,1,19,0,20,12,0,12,32
05/12/2014,BTL,MI,AGL,CE,Federal Contract Tower,0,5,21,0,26,0,0,29,0,29,0,5,50,0,55,61,0,61,116
05/13/2014,BTL,MI,AGL,CE,Federal Contract Tower,0,4,19,0,23,0,0,25,0,25,0,4,44,0,48,58,4,62,110
05/14/2014,BTL,MI,AGL,CE,Federal Contract Tower,0,3,21,1,25,0,0,81,5,86,0,3,102,6,111,180,9,189,300
05/15/2014,BTL,MI,AGL,CE,Federal Contract Tower,0,4,13,0,17,0,0,3,0,3,0,4,16,0,20,0,0,0,20
05/16/2014,BTL,MI,AGL,CE,Federal Contract Tower,0,0,42,0,42,0,0,135,2,137,0,0,177,2,179,264,2,266,445
05/17/2014,BTL,MI,AGL,CE,Federal Contract Tower,0,4,14,0,18,0,2,101,0,103,0,6,115,0,121,166,0,166,287
05/18/2014,BTL,MI,AGL,CE,Federal Contract Tower,0,2,9,0,11,0,0,63,0,63,0,2,72,0,74,53,0,53,127
05/19/2014,BTL,MI,AGL,CE,Federal Contract Tower,0,4,27,0,31,0,0,124,0,124,0,4,151,0,155,356,3,359,514
05/20/2014,BTL,MI,AGL,CE,Federal Contract Tower,0,3,28,0,31,0,0,120,0,120,0,3,148,0,151,252,0,252,403
05/21/2014,BTL,MI,AGL,CE,Federal Contract Tower,0,1,42,6,49,0,0,111,0,111,0,1,153,6,160,214,12,226,386
05/22/2014,BTL,MI,AGL,CE,Federal Contract Tower,0,0,19,0,19,0,2,117,0,119,0,2,136,0,138,192,0,192,330
05/23/2014,BTL,MI,AGL,CE,Federal Contract Tower,2,0,23,0,25,0,0,130,0,130,2,0,153,0,155,188,0,188,343
05/24/2014,BTL,MI,AGL,CE,Federal Contract Tower,0,0,9,0,9,0,0,39,0,39,0,0,48,0,48,50,0,50,98
05/25/2014,BTL,MI,AGL,CE,Federal Contract Tower,0,0,3,0,3,0,0,35,0,35,0,0,38,0,38,16,0,16,54
05/26/2014,BTL,MI,AGL,CE,Federal Contract Tower,0,2,3,0,5,0,0,22,0,22,0,2,25,0,27,2,0,2,29
05/27/2014,BTL,MI,AGL,CE,Federal Contract Tower,0,3,22,0,25,0,0,23,0,23,0,3,45,0,48,86,0,86,134
05/28/2014,BTL,MI,AGL,CE,Federal Contract Tower,0,4,46,0,50,0,0,12,2,14,0,4,58,2,64,60,0,60,124
05/29/2014,BTL,MI,AGL,CE,Federal Contract Tower,0,4,26,0,30,0,0,175,4,179,0,4,201,4,209,280,38,318,527
05/30/2014,BTL,MI,AGL,CE,Federal Contract Tower,0,1,27,1,29,0,0,137,1,138,0,1,164,2,167,258,4,262,429
05/31/2014,BTL,MI,AGL,CE,Federal Contract Tower,0,0,23,6,29,0,0,60,2,62,0,0,83,8,91,118,10,128,219
06/01/2014,BTL,MI,AGL,CE,Federal Contract Tower,0,2,2,0,4,0,0,26,0,26,0,2,28,0,30,4,0,4,34
06/02/2014,BTL,MI,AGL,CE,Federal Contract Tower,0,0,13,0,13,0,0,10,0,10,0,0,23,0,23,8,0,8,31
06/03/2014,BTL,MI,AGL,CE,Federal Contract Tower,0,1,23,1,25,0,0,101,7,108,0,1,124,8,133,172,16,188,321
06/04/2014,BTL,MI,AGL,CE,Federal Contract Tower,0,6,33,0,39,0,0,35,2,37,0,6,68,2,76,88,0,88,164
06/05/2014,BTL,MI,AGL,CE,Federal Contract Tower,0,2,34,0,36,0,0,165,0,165,0,2,199,0,201,344,0,344,545
06/06/2014,BTL,MI,AGL,CE,Federal Contract Tower,0,3,24,0,27,0,0,148,1,149,0,3,172,1,176,312,0,312,488
06/07/2014,BTL,MI,AGL,CE,Federal Contract Tower,0,1,11,0,12,0,0,54,0,54,0,1,65,0,66,74,0,74,140
06/08/2014,BTL,MI,AGL,CE,Federal Contract Tower,0,2,6,0,8,0,0,22,0,22,0,2,28,0,30,4,0,4,34
06/09/2014,BTL,MI,AGL,CE,Federal Contract Tower,0,4,25,0,29,0,1,130,0,131,0,5,155,0,160,318,0,318,478
06/10/2014,BTL,MI,AGL,CE,Federal Contract Tower,0,0,23,1,24,0,0,105,0,105,0,0,128,1,129,226,2,228,357
06/11/2014,BTL,MI,AGL,CE,Federal Contract Tower,4,2,17,0,23,0,0,7,0,7,4,2,24,0,30,14,0,14,44
06/12/2014,BTL,MI,AGL,CE,Federal Contract Tower,4,2,19,0,25,0,1,45,9,55,4,3,64,9,80,98,70,168,248
06/13/2014,BTL,MI,AGL,CE,Federal Contract Tower,2,5,36,2,45,0,0,100,1,101,2,5,136,3,146,190,2,192,338
06/14/2014,BTL,MI,AGL,CE,Federal Contract Tower,0,0,12,0,12,0,0,84,2,86,0,0,96,2,98,186,20,206,304
06/15/2014,BTL,MI,AGL,CE,Federal Contract Tower,0,1,0,0,1,0,0,19,0,19,0,1,19,0,20,18,0,18,38
06/16/2014,BTL,MI,AGL,CE,Federal Contract Tower,0,5,26,0,31,0,0,137,0,137,0,5,163,0,168,317,0,317,485
06/17/2014,BTL,MI,AGL,CE,Federal Contract Tower,0,3,22,0,25,0,0,43,3,46,0,3,65,3,71,92,4,96,167
06/18/2014,BTL,MI,AGL,CE,Federal Contract Tower,0,3,7,0,10,0,0,17,2,19,0,3,24,2,29,78,0,78,107
06/19/2014,BTL,MI,AGL,CE,Federal Contract Tower,0,8,37,0,45,0,0,28,0,28,0,8,65,0,73,74,0,74,147
06/20/2014,BTL,MI,AGL,CE,Federal Contract Tower,4,3,24,2,33,0,0,42,0,42,4,3,66,2,75,86,0,86,161
06/21/2014,BTL,MI,AGL,CE,Federal Contract Tower,6,5,8,0,19,0,0,53,0,53,6,5,61,0,72,86,0,86,158
06/22/2014,BTL,MI,AGL,CE,Federal Contract Tower,0,0,8,0,8,0,0,40,0,40,0,0,48,0,48,19,0,19,67
06/23/2014,BTL,MI,AGL,CE,Federal Contract Tower,1,6,13,0,20,0,2,10,0,12,1,8,23,0,32,15,0,15,47
06/24/2014,BTL,MI,AGL,CE,Federal Contract Tower,4,1,38,0,43,0,0,26,6,32,4,1,64,6,75,72,18,90,165
06/25/2014,BTL,MI,AGL,CE,Federal Contract Tower,5,6,18,0,29,0,0,30,4,34,5,6,48,4,63,78,36,114,177
06/26/2014,BTL,MI,AGL,CE,Federal Contract Tower,6,5,51,0,62,0,0,97,0,97,6,5,148,0,159,230,0,230,389
06/27/2014,BTL,MI,AGL,CE,Federal Contract Tower,3,4,31,0,38,0,0,152,0,152,3,4,183,0,190,222,0,222,412
06/28/2014,BTL,MI,AGL,CE,Federal Contract Tower,0,1,3,0,4,0,0,42,0,42,0,1,45,0,46,72,0,72,118
06/29/2014,BTL,MI,AGL,CE,Federal Contract Tower,0,1,7,0,8,0,0,18,0,18,0,1,25,0,26,14,0,14,40
06/30/2014,BTL,MI,AGL,CE,Federal Contract Tower,0,4,35,0,39,0,0,52,0,52,0,4,87,0,91,162,0,162,253
07/01/2014,BTL,MI,AGL,CE,Federal Contract Tower,0,3,41,0,44,0,0,74,6,80,0,3,115,6,124,176,8,184,308
07/02/2014,BTL,MI,AGL,CE,Federal Contract Tower,0,6,23,1,30,0,0,101,0,101,0,6,124,1,131,198,16,214,345
07/03/2014,BTL,MI,AGL,CE,Federal Contract Tower,0,2,14,3,19,0,1,47,1,49,0,3,61,4,68,52,0,52,120
07/04/2014,BTL,MI,AGL,CE,Federal Contract Tower,0,3,1,1,5,0,0,54,0,54,0,3,55,1,59,115,0,115,174
07/05/2014,BTL,MI,AGL,CE,Federal Contract Tower,0,1,3,0,4,0,0,23,0,23,0,1,26,0,27,178,0,178,205
07/06/2014,BTL,MI,AGL,CE,Federal Contract Tower,0,2,3,0,5,0,0,14,0,14,0,2,17,0,19,5,24,29,48
07/07/2014,BTL,MI,AGL,CE,Federal Contract Tower,0,2,29,5,36,0,0,51,2,53,0,2,80,7,89,135,3,138,227
07/08/2014,BTL,MI,AGL,CE,Federal Contract Tower,0,3,22,0,25,0,0,33,9,42,0,3,55,9,67,28,6,34,101
07/09/2014,BTL,MI,AGL,CE,Federal Contract Tower,0,2,61,0,63,0,0,122,6,128,0,2,183,6,191,229,16,245,436
07/10/2014,BTL,MI,AGL,CE,Federal Contract Tower,0,3,30,0,33,0,0,169,0,169,0,3,199,0,202,310,0,310,512
07/11/2014,BTL,MI,AGL,CE,Federal Contract Tower,0,3,21,0,24,0,0,145,0,145,0,3,166,0,169,224,0,224,393
07/12/2014,BTL,MI,AGL,CE,Federal Contract Tower,0,0,12,2,14,0,0,51,0,51,0,0,63,2,65,94,0,94,159
07/13/2014,BTL,MI,AGL,CE,Federal Contract Tower,0,3,4,0,7,0,0,22,0,22,0,3,26,0,29,1,0,1,30
07/14/2014,BTL,MI,AGL,CE,Federal Contract Tower,0,6,38,0,44,0,0,87,0,87,0,6,125,0,131,207,0,207,338
07/15/2014,BTL,MI,AGL,CE,Federal Contract Tower,0,2,21,0,23,0,0,49,0,49,0,2,70,0,72,128,0,128,200
07/16/2014,BTL,MI,AGL,CE,Federal Contract Tower,0,6,30,2,38,0,0,133,0,133,0,6,163,2,171,236,0,236,407
07/17/2014,BTL,MI,AGL,CE,Federal Contract Tower,0,3,29,0,32,0,0,162,0,162,0,3,191,0,194,302,0,302,496
07/18/2014,BTL,MI,AGL,CE,Federal Contract Tower,0,9,22,0,31,0,0,167,0,167,0,9,189,0,198,246,0,246,444
07/19/2014,BTL,MI,AGL,CE,Federal Contract Tower,0,0,4,0,4,0,0,59,16,75,0,0,63,16,79,100,70,170,249
07/20/2014,BTL,MI,AGL,CE,Federal Contract Tower,0,1,9,0,10,0,0,38,0,38,0,1,47,0,48,0,0,0,48
07/21/2014,BTL,MI,AGL,CE,Federal Contract Tower,0,3,19,0,22,0,0,122,0,122,0,3,141,0,144,215,0,215,359
07/22/2014,BTL,MI,AGL,CE,Federal Contract Tower,0,0,24,2,26,0,0,90,0,90,0,0,114,2,116,152,0,152,268
07/23/2014,BTL,MI,AGL,CE,Federal Contract Tower,0,0,25,0,25,0,0,58,4,62,0,0,83,4,87,156,12,168,255
07/24/2014,BTL,MI,AGL,CE,Federal Contract Tower,0,6,16,0,22,0,0,124,0,124,0,6,140,0,146,306,0,306,452
07/25/2014,BTL,MI,AGL,CE,Federal Contract Tower,0,6,33,0,39,0,0,100,0,100,0,6,133,0,139,268,0,268,407
07/26/2014,BTL,MI,AGL,CE,Federal Contract Tower,0,1,7,10,18,0,0,40,0,40,0,1,47,10,58,42,8,50,108
07/27/2014,BTL,MI,AGL,CE,Federal Contract Tower,0,1,6,0,7,0,0,7,0,7,0,1,13,0,14,7,0,7,21
07/28/2014,BTL,MI,AGL,CE,Federal Contract Tower,0,0,26,0,26,0,0,42,0,42,0,0,68,0,68,94,0,94,162
07/29/2014,BTL,MI,AGL,CE,Federal Contract Tower,0,5,18,0,23,0,1,69,0,70,0,6,87,0,93,192,0,192,285
07/30/2014,BTL,MI,AGL,CE,Federal Contract Tower,0,1,23,0,24,0,0,81,2,83,0,1,104,2,107,162,1,163,270
07/31/2014,BTL,MI,AGL,CE,Federal Contract Tower,0,5,14,0,19,0,0,104,2,106,0,5,118,2,125,140,8,148,273
08/01/2014,BTL,MI,AGL,CE,Federal Contract Tower,0,1,16,3,20,0,0,63,0,63,0,1,79,3,83,138,2,140,223
08/02/2014,BTL,MI,AGL,CE,Federal Contract Tower,0,3,7,1,11,0,0,56,0,56,0,3,63,1,67,106,0,106,173
08/03/2014,BTL,MI,AGL,CE,Federal Contract Tower,0,0,6,0,6,0,0,47,0,47,0,0,53,0,53,3,0,3,56
08/04/2014,BTL,MI,AGL,CE,Federal Contract Tower,0,3,12,2,17,0,0,70,1,71,0,3,82,3,88,159,2,161,249
08/05/2014,BTL,MI,AGL,CE,Federal Contract Tower,0,1,21,0,22,0,0,35,0,35,0,1,56,0,57,74,0,74,131
08/06/2014,BTL,MI,AGL,CE,Federal Contract Tower,0,7,19,0,26,0,0,84,2,86,0,7,103,2,112,144,20,164,276
08/07/2014,BTL,MI,AGL,CE,Federal Contract Tower,0,5,23,0,28,0,0,139,0,139,0,5,162,0,167,310,0,310,477
08/08/2014,BTL,MI,AGL,CE,Federal Contract Tower,0,4,26,0,30,0,0,126,0,126,0,4,152,0,156,278,0,278,434
08/09/2014,BTL,MI,AGL,CE,Federal Contract Tower,0,3,10,2,15,0,0,70,0,70,0,3,80,2,85,108,4,112,197
08/10/2014,BTL,MI,AGL,CE,Federal Contract Tower,0,2,9,2,13,0,0,30,0,30,0,2,39,2,43,22,0,22,65
08/11/2014,BTL,MI,AGL,CE,Federal Contract Tower,0,1,33,0,34,0,0,13,0,13,0,1,46,0,47,46,0,46,93
08/12/2014,BTL,MI,AGL,CE,Federal Contract Tower,0,0,21,2,23,0,0,0,0,0,0,0,21,2,23,0,0,0,23
08/13/2014,BTL,MI,AGL,CE,Federal Contract Tower,0,2,31,0,33,0,0,148,0,148,0,2,179,0,181,272,0,272,453
08/14/2014,BTL,MI,AGL,CE,Federal Contract Tower,0,0,32,0,32,0,0,124,0,124,0,0,156,0,156,232,0,232,388
08/15/2014,BTL,MI,AGL,CE,Federal Contract Tower,0,2,24,2,28,0,0,120,0,120,0,2,144,2,148,258,0,258,406
08/16/2014,BTL,MI,AGL,CE,Federal Contract Tower,0,2,11,0,13,0,0,57,0,57,0,2,68,0,70,76,0,76,146
08/17/2014,BTL,MI,AGL,CE,Federal Contract Tower,0,2,4,0,6,0,0,3,0,3,0,2,7,0,9,0,0,0,9
08/18/2014,BTL,MI,AGL,CE,Federal Contract Tower,0,0,33,0,33,0,0,79,0,79,0,0,112,0,112,172,0,172,284
08/19/2014,BTL,MI,AGL,CE,Federal Contract Tower,2,0,12,0,14,0,0,13,0,13,2,0,25,0,27,32,0,32,59
08/20/2014,BTL,MI,AGL,CE,Federal Contract Tower,0,7,28,1,36,0,0,101,0,101,0,7,129,1,137,199,2,201,338
08/21/2014,BTL,MI,AGL,CE,Federal Contract Tower,0,5,20,3,28,0,0,28,0,28,0,5,48,3,56,26,0,26,82
08/22/2014,BTL,MI,AGL,CE,Federal Contract Tower,0,1,20,0,21,0,0,15,0,15,0,1,35,0,36,8,0,8,44
08/23/2014,BTL,MI,AGL,CE,Federal Contract Tower,0,1,11,2,14,0,0,30,0,30,0,1,41,2,44,42,8,50,94
08/24/2014,BTL,MI,AGL,CE,Federal Contract Tower,0,0,9,0,9,0,0,13,0,13,0,0,22,0,22,18,0,18,40
08/25/2014,BTL,MI,AGL,CE,Federal Contract Tower,2,4,29,0,35,0,0,47,0,47,2,4,76,0,82,142,0,142,224
08/26/2014,BTL,MI,AGL,CE,Federal Contract Tower,2,1,21,0,24,0,0,42,0,42,2,1,63,0,66,80,0,80,146
08/27/2014,BTL,MI,AGL,CE,Federal Contract Tower,2,6,36,0,44,0,0,126,0,126,2,6,162,0,170,269,0,269,439
08/28/2014,BTL,MI,AGL,CE,Federal Contract Tower,1,9,30,0,40,0,0,92,0,92,1,9,122,0,132,198,0,198,330
08/29/2014,BTL,MI,AGL,CE,Federal Contract Tower,0,1,21,0,22,0,0,51,0,51,0,1,72,0,73,162,0,162,235
08/30/2014,BTL,MI,AGL,CE,Federal Contract Tower,0,1,3,0,4,0,0,6,0,6,0,1,9,0,10,0,0,0,10
08/31/2014,BTL,MI,AGL,CE,Federal Contract Tower,0,3,8,0,11,0,0,22,0,22,0,3,30,0,33,10,0,10,43
09/01/2014,BTL,MI,AGL,CE,Federal Contract Tower,0,2,12,0,14,0,0,0,0,0,0,2,12,0,14,1,0,1,15
09/02/2014,BTL,MI,AGL,CE,Federal Contract Tower,0,3,16,0,19,0,0,59,4,63,0,3,75,4,82,156,0,156,238
09/03/2014,BTL,MI,AGL,CE,Federal Contract Tower,0,5,31,0,36,0,0,112,0,112,0,5,143,0,148,252,0,252,400
09/04/2014,BTL,MI,AGL,CE,Federal Contract Tower,0,1,15,0,16,0,0,49,0,49,0,1,64,0,65,90,0,90,155
09/05/2014,BTL,MI,AGL,CE,Federal Contract Tower,0,1,22,0,23,0,0,85,0,85,0,1,107,0,108,110,0,110,218
09/06/2014,BTL,MI,AGL,CE,Federal Contract Tower,0,0,14,0,14,0,0,64,0,64,0,0,78,0,78,118,0,118,196
09/07/2014,BTL,MI,AGL,CE,Federal Contract Tower,0,0,2,0,2,0,0,51,0,51,0,0,53,0,53,86,0,86,139
09/08/2014,BTL,MI,AGL,CE,Federal Contract Tower,0,1,19,0,20,0,0,149,0,149,0,1,168,0,169,297,2,299,468
09/09/2014,BTL,MI,AGL,CE,Federal Contract Tower,0,2,19,0,21,0,0,123,2,125,0,2,142,2,146,266,4,270,416
09/10/2014,BTL,MI,AGL,CE,Federal Contract Tower,0,0,9,0,9,0,0,0,0,0,0,0,9,0,9,1,0,1,10
09/11/2014,BTL,MI,AGL,CE,Federal Contract Tower,0,0,38,0,38,0,0,36,0,36,0,0,74,0,74,126,0,126,200
09/12/2014,BTL,MI,AGL,CE,Federal Contract Tower,0,0,35,3,38,0,0,51,0,51,0,0,86,3,89,174,10,184,273
09/13/2014,BTL,MI,AGL,CE,Federal Contract Tower,0,0,11,3,14,0,0,81,2,83,0,0,92,5,97,266,2,268,365
09/14/2014,BTL,MI,AGL,CE,Federal Contract Tower,0,2,5,0,7,0,0,58,0,58,0,2,63,0,65,172,0,172,237
09/15/2014,BTL,MI,AGL,CE,Federal Contract Tower,0,1,16,0,17,0,0,140,0,140,0,1,156,0,157,268,0,268,425
09/16/2014,BTL,MI,AGL,CE,Federal Contract Tower,0,4,20,15,39,0,2,95,6,103,0,6,115,21,142,140,14,154,296
09/17/2014,BTL,MI,AGL,CE,Federal Contract Tower,0,1,22,0,23,0,0,192,3,195,0,1,214,3,218,298,0,298,516
09/18/2014,BTL,MI,AGL,CE,Federal Contract Tower,0,4,22,0,26,0,0,127,0,127,0,4,149,0,153,394,0,394,547
09/19/2014,BTL,MI,AGL,CE,Federal Contract Tower,0,4,17,2,23,0,0,170,4,174,0,4,187,6,197,340,4,344,541
09/20/2014,BTL,MI,AGL,CE,Federal Contract Tower,0,4,4,0,8,0,0,44,0,44,0,4,48,0,52,76,0,76,128
09/21/2014,BTL,MI,AGL,CE,Federal Contract Tower,0,3,2,3,8,0,0,0,2,2,0,3,2,5,10,14,0,14,24
09/22/2014,BTL,MI,AGL,CE,Federal Contract Tower,0,7,24,0,31,0,0,159,0,159,0,7,183,0,190,291,0,291,481
09/23/2014,BTL,MI,AGL,CE,Federal Contract Tower,0,1,37,0,38,0,0,105,0,105,0,1,142,0,143,228,0,228,371
09/24/2014,BTL,MI,AGL,CE,Federal Contract Tower,0,2,27,0,29,0,0,170,0,170,0,2,197,0,199,376,0,376,575
09/25/2014,BTL,MI,AGL,CE,Federal Contract Tower,0,6,17,0,23,0,0,121,2,123,0,6,138,2,146,270,26,296,442
09/26/2014,BTL,MI,AGL,CE,Federal Contract Tower,0,5,17,0,22,0,0,163,0,163,0,5,180,0,185,376,0,376,561
09/27/2014,BTL,MI,AGL,CE,Federal Contract Tower,0,4,5,0,9,0,0,135,0,135,0,4,140,0,144,254,0,254,398
09/28/2014,BTL,MI,AGL,CE,Federal Contract Tower,0,3,3,0,6,0,0,31,0,31,0,3,34,0,37,2,0,2,39
09/29/2014,BTL,MI,AGL,CE,Federal Contract Tower,0,2,18,0,20,0,0,125,0,125,0,2,143,0,145,316,0,316,461
09/30/2014,BTL,MI,AGL,CE,Federal Contract Tower,0,4,16,1,21,0,0,8,0,8,0,4,24,1,29,38,6,44,73
10/01/2014,BTL,MI,AGL,CE,Federal Contract Tower,0,3,22,0,25,0,0,104,0,104,0,3,126,0,129,304,0,304,433
10/02/2014,BTL,MI,AGL,CE,Federal Contract Tower,0,6,16,0,22,0,0,67,0,67,0,6,83,0,89,148,0,148,237
10/03/2014,BTL,MI,AGL,CE,Federal Contract Tower,0,4,16,0,20,0,0,0,0,0,0,4,16,0,20,0,0,0,20
10/04/2014,BTL,MI,AGL,CE,Federal Contract Tower,0,0,10,0,10,0,0,12,4,16,0,0,22,4,26,6,8,14,40
10/05/2014,BTL,MI,AGL,CE,Federal Contract Tower,0,2,2,0,4,0,0,15,4,19,0,2,17,4,23,3,44,47,70
10/06/2014,BTL,MI,AGL,CE,Federal Contract Tower,0,0,15,0,15,0,0,112,0,112,0,0,127,0,127,313,0,313,440
10/07/2014,BTL,MI,AGL,CE,Federal Contract Tower,0,1,27,0,28,0,0,70,1,71,0,1,97,1,99,242,0,242,341
10/08/2014,BTL,MI,AGL,CE,Federal Contract Tower,0,2,22,0,24,0,0,92,0,92,0,2,114,0,116,122,0,122,238
10/09/2014,BTL,MI,AGL,CE,Federal Contract Tower,0,2,22,0,24,0,0,142,0,142,0,2,164,0,166,232,0,232,398
10/10/2014,BTL,MI,AGL,CE,Federal Contract Tower,0,6,21,0,27,0,0,166,0,166,0,6,187,0,193,296,0,296,489
10/11/2014,BTL,MI,AGL,CE,Federal Contract Tower,0,1,2,0,3,0,0,101,0,101,0,1,103,0,104,206,0,206,310
10/12/2014,BTL,MI,AGL,CE,Federal Contract Tower,0,1,4,0,5,0,0,23,0,23,0,1,27,0,28,5,0,5,33
10/13/2014,BTL,MI,AGL,CE,Federal Contract Tower,0,5,8,0,13,0,0,1,0,1,0,5,9,0,14,0,0,0,14
10/14/2014,BTL,MI,AGL,CE,Federal Contract Tower,0,1,18,0,19,0,0,7,0,7,0,1,25,0,26,4,0,4,30
10/15/2014,BTL,MI,AGL,CE,Federal Contract Tower,0,2,52,0,54,0,0,44,0,44,0,2,96,0,98,102,0,102,200
10/16/2014,BTL,MI,AGL,CE,Federal Contract Tower,0,4,19,0,23,0,0,11,0,11,0,4,30,0,34,57,0,57,91
10/17/2014,BTL,MI,AGL,CE,Federal Contract Tower,0,4,30,0,34,0,0,47,0,47,0,4,77,0,81,100,0,100,181
10/18/2014,BTL,MI,AGL,CE,Federal Contract Tower,0,1,5,1,7,0,0,21,0,21,0,1,26,1,28,32,0,32,60
10/19/2014,BTL,MI,AGL,CE,Federal Contract Tower,0,7,8,0,15,0,0,51,0,51,0,7,59,0,66,44,0,44,110
10/20/2014,BTL,MI,AGL,CE,Federal Contract Tower,0,3,23,0,26,0,0,95,0,95,0,3,118,0,121,264,0,264,385
10/21/2014,BTL,MI,AGL,CE,Federal Contract Tower,0,4,24,0,28,0,2,57,12,71,0,6,81,12,99,168,16,184,283
10/22/2014,BTL,MI,AGL,CE,Federal Contract Tower,0,3,59,6,68,0,0,47,2,49,0,3,106,8,117,168,8,176,293
10/23/2014,BTL,MI,AGL,CE,Federal Contract Tower,0,7,23,0,30,0,0,151,0,151,0,7,174,0,181,302,0,302,483
10/24/2014,BTL,MI,AGL,CE,Federal Contract Tower,0,8,40,5,53,0,0,130,3,133,0,8,170,8,186,364,0,364,550
10/25/2014,BTL,MI,AGL,CE,Federal Contract Tower,0,2,9,0,11,0,0,26,0,26,0,2,35,0,37,42,0,42,79
10/26/2014,BTL,MI,AGL,CE,Federal Contract Tower,0,3,5,0,8,0,0,31,0,31,0,3,36,0,39,22,0,22,61
10/27/2014,BTL,MI,AGL,CE,Federal Contract Tower,0,5,15,0,20,0,16,144,0,160,0,21,159,0,180,345,0,345,525
10/28/2014,BTL,MI,AGL,CE,Federal Contract Tower,0,3,14,0,17,0,0,19,0,19,0,3,33,0,36,26,0,26,62
10/29/2014,BTL,MI,AGL,CE,Federal Contract Tower,0,2,20,0,22,0,0,71,2,73,0,2,91,2,95,296,6,302,397
10/30/2014,BTL,MI,AGL,CE,Federal Contract Tower,0,3,16,0,19,0,0,114,2,116,0,3,130,2,135,262,30,292,427
10/31/2014,BTL,MI,AGL,CE,Federal Contract Tower,0,0,4,0,4,0,0,0,0,0,0,0,4,0,4,0,0,0,4
11/01/2014,BTL,MI,AGL,CE,Federal Contract Tower,0,3,14,0,17,0,0,71,0,71,0,3,85,0,88,142,0,142,230
11/02/2014,BTL,MI,AGL,CE,Federal Contract Tower,0,1,2,0,3,0,0,22,0,22,0,1,24,0,25,23,0,23,48
11/03/2014,BTL,MI,AGL,CE,Federal Contract Tower,0,6,44,0,50,0,0,131,0,131,0,6,175,0,181,403,0,403,584
11/04/2014,BTL,MI,AGL,CE,Federal Contract Tower,0,4,14,0,18,0,0,3,0,3,0,4,17,0,21,2,0,2,23
11/05/2014,BTL,MI,AGL,CE,Federal Contract Tower,0,3,33,0,36,0,0,178,0,178,0,3,211,0,214,432,0,432,646
11/06/2014,BTL,MI,AGL,CE,Federal Contract Tower,0,1,8,0,9,0,0,1,0,1,0,1,9,0,10,2,0,2,12
11/07/2014,BTL,MI,AGL,CE,Federal Contract Tower,0,0,17,0,17,0,0,177,8,185,0,0,194,8,202,488,10,498,700
11/08/2014,BTL,MI,AGL,CE,Federal Contract Tower,0,0,5,1,6,0,0,0,1,1,0,0,5,2,7,0,20,20,27
11/09/2014,BTL,MI,AGL,CE,Federal Contract Tower,0,2,1,0,3,0,0,11,4,15,0,2,12,4,18,2,42,44,62
11/10/2014,BTL,MI,AGL,CE,Federal Contract Tower,0,3,21,0,24,0,0,132,0,132,0,3,153,0,156,230,0,230,386
11/11/2014,BTL,MI,AGL,CE,Federal Contract Tower,0,4,12,0,16,0,0,37,0,37,0,4,49,0,53,102,0,102,155
11/12/2014,BTL,MI,AGL,CE,Federal Contract Tower,0,3,20,0,23,0,0,69,0,69,0,3,89,0,92,217,0,217,309
11/13/2014,BTL,MI,AGL,CE,Federal Contract Tower,0,2,2,1,5,0,0,3,2,5,0,2,5,3,10,0,10,10,20
11/14/2014,BTL,MI,AGL,CE,Federal Contract Tower,0,6,9,0,15,0,0,0,0,0,0,6,9,0,15,1,0,1,16
11/15/2014,BTL,MI,AGL,CE,Federal Contract Tower,0,7,11,0,18,0,0,107,0,107,0,7,118,0,125,169,0,169,294
11/16/2014,BTL,MI,AGL,CE,Federal Contract Tower,0,4,4,0,8,0,0,0,0,0,0,4,4,0,8,0,0,0,8
11/17/2014,BTL,MI,AGL,CE,Federal Contract Tower,0,1,14,0,15,0,0,3,0,3,0,1,17,0,18,0,0,0,18
11/18/2014,BTL,MI,AGL,CE,Federal Contract Tower,0,1,1,0,2,0,0,0,4,4,0,1,1,4,6,0,0,0,6
11/19/2014,BTL,MI,AGL,CE,Federal Contract Tower,0,2,9,0,11,0,0,1,0,1,0,2,10,0,12,1,0,1,13
11/20/2014,BTL,MI,AGL,CE,Federal Contract Tower,0,3,10,0,13,0,0,0,0,0,0,3,10,0,13,0,0,0,13
11/21/2014,BTL,MI,AGL,CE,Federal Contract Tower,0,9,62,0,71,0,0,195,0,195,0,9,257,0,266,336,0,336,602
11/22/2014,BTL,MI,AGL,CE,Federal Contract Tower,0,2,0,0,2,0,0,0,0,0,0,2,0,0,2,0,0,0,2
11/23/2014,BTL,MI,AGL,CE,Federal Contract Tower,0,0,3,0,3,0,0,8,0,8,0,0,11,0,11,6,0,6,17
11/24/2014,BTL,MI,AGL,CE,Federal Contract Tower,0,0,7,0,7,0,0,0,0,0,0,0,7,0,7,0,0,0,7
11/25/2014,BTL,MI,AGL,CE,Federal Contract Tower,0,4,2,0,6,0,0,0,0,0,0,4,2,0,6,2,0,2,8
11/26/2014,BTL,MI,AGL,CE,Federal Contract Tower,0,2,15,0,17,0,0,53,0,53,0,2,68,0,70,136,0,136,206
11/27/2014,BTL,MI,AGL,CE,Federal Contract Tower,0,0,1,0,1,0,0,0,0,0,0,0,1,0,1,0,0,0,1
11/28/2014,BTL,MI,AGL,CE,Federal Contract Tower,0,1,5,0,6,0,0,4,0,4,0,1,9,0,10,4,0,4,14
11/29/2014,BTL,MI,AGL,CE,Federal Contract Tower,0,2,3,0,5,0,0,13,0,13,0,2,16,0,18,26,0,26,44
11/30/2014,BTL,MI,AGL,CE,Federal Contract Tower,0,6,8,0,14,0,0,3,0,3,0,6,11,0,17,4,0,4,21
12/01/2014,BTL,MI,AGL,CE,Federal Contract Tower,0,2,37,0,39,0,0,143,0,143,0,2,180,0,182,344,0,344,526
12/02/2014,BTL,MI,AGL,CE,Federal Contract Tower,0,4,37,0,41,0,0,94,0,94,0,4,131,0,135,272,0,272,407
12/03/2014,BTL,MI,AGL,CE,Federal Contract Tower,0,2,38,2,42,0,0,64,1,65,0,2,102,3,107,154,2,156,263
12/04/2014,BTL,MI,AGL,CE,Federal Contract Tower,2,6,34,3,45,0,2,146,7,155,2,8,180,10,200,271,16,287,487
12/05/2014,BTL,MI,AGL,CE,Federal Contract Tower,0,5,7,0,12,0,0,28,0,28,0,5,35,0,40,92,0,92,132
12/06/2014,BTL,MI,AGL,CE,Federal Contract Tower,0,0,16,0,16,0,0,38,0,38,0,0,54,0,54,84,0,84,138
12/07/2014,BTL,MI,AGL,CE,Federal Contract Tower,0,1,6,0,7,0,0,22,0,22,0,1,28,0,29,16,0,16,45
12/08/2014,BTL,MI,AGL,CE,Federal Contract Tower,0,1,12,0,13,0,0,61,0,61,0,1,73,0,74,158,0,158,232
12/09/2014,BTL,MI,AGL,CE,Federal Contract Tower,0,0,14,0,14,0,0,0,0,0,0,0,14,0,14,2,0,2,16
12/10/2014,BTL,MI,AGL,CE,Federal Contract Tower,0,0,40,0,40,0,0,110,4,114,0,0,150,4,154,256,0,256,410
12/11/2014,BTL,MI,AGL,CE,Federal Contract Tower,0,3,43,0,46,0,0,92,2,94,0,3,135,2,140,196,24,220,360
12/12/2014,BTL,MI,AGL,CE,Federal Contract Tower,0,1,12,0,13,0,0,0,0,0,0,1,12,0,13,0,0,0,13
12/13/2014,BTL,MI,AGL,CE,Federal Contract Tower,0,1,6,0,7,0,0,0,0,0,0,1,6,0,7,0,0,0,7
12/14/2014,BTL,MI,AGL,CE,Federal Contract Tower,0,2,4,0,6,0,0,10,0,10,0,2,14,0,16,13,0,13,29
12/15/2014,BTL,MI,AGL,CE,Federal Contract Tower,0,3,27,0,30,0,0,30,0,30,0,3,57,0,60,71,0,71,131
12/16/2014,BTL,MI,AGL,CE,Federal Contract Tower,0,5,15,0,20,0,0,0,0,0,0,5,15,0,20,0,0,0,20
12/17/2014,BTL,MI,AGL,CE,Federal Contract Tower,0,4,16,0,20,0,0,5,0,5,0,4,21,0,25,2,0,2,27
12/18/2014,BTL,MI,AGL,CE,Federal Contract Tower,0,2,22,0,24,0,0,23,0,23,0,2,45,0,47,50,0,50,97
12/19/2014,BTL,MI,AGL,CE,Federal Contract Tower,0,4,33,1,38,0,0,40,0,40,0,4,73,1,78,74,0,74,152
12/20/2014,BTL,MI,AGL,CE,Federal Contract Tower,0,5,12,0,17,0,0,25,0,25,0,5,37,0,42,38,0,38,80
12/21/2014,BTL,MI,AGL,CE,Federal Contract Tower,0,3,2,0,5,0,0,6,0,6,0,3,8,0,11,12,0,12,23
12/22/2014,BTL,MI,AGL,CE,Federal Contract Tower,0,0,15,0,15,0,0,63,0,63,0,0,78,0,78,128,0,128,206
12/23/2014,BTL,MI,AGL,CE,Federal Contract Tower,0,2,0,0,2,0,0,4,0,4,0,2,4,0,6,20,0,20,26
12/24/2014,BTL,MI,AGL,CE,Federal Contract Tower,0,0,1,0,1,0,0,0,0,0,0,0,1,0,1,0,0,0,1
12/25/2014,BTL,MI,AGL,CE,Federal Contract Tower,0,1,0,0,1,0,0,0,0,0,0,1,0,0,1,0,0,0,1
12/26/2014,BTL,MI,AGL,CE,Federal Contract Tower,0,1,1,0,2,0,0,15,0,15,0,1,16,0,17,12,0,12,29
12/27/2014,BTL,MI,AGL,CE,Federal Contract Tower,0,0,0,1,1,0,0,0,0,0,0,0,0,1,1,0,2,2,3
12/28/2014,BTL,MI,AGL,CE,Federal Contract Tower,0,0,2,0,2,0,0,20,0,20,0,0,22,0,22,6,0,6,28
12/29/2014,BTL,MI,AGL,CE,Federal Contract Tower,0,0,4,0,4,0,0,18,0,18,0,0,22,0,22,3,0,3,25
12/30/2014,BTL,MI,AGL,CE,Federal Contract Tower,0,5,6,0,11,0,0,6,8,14,0,5,12,8,25,4,10,14,39
12/31/2014,BTL,MI,AGL,CE,Federal Contract Tower,0,0,2,0,2,0,0,4,2,6,0,0,6,2,8,3,0,3,11
01/01/2015,BTL,MI,AGL,CE,Federal Contract Tower,0,0,1,0,1,0,0,0,0,0,0,0,1,0,1,2,0,2,3
01/02/2015,BTL,MI,AGL,CE,Federal Contract Tower,0,0,11,0,11,0,0,15,0,15,0,0,26,0,26,6,0,6,32
01/03/2015,BTL,MI,AGL,CE,Federal Contract Tower,0,0,0,0,0,0,0,0,0,0,0,0,0,0,0,0,0,0,0
01/04/2015,BTL,MI,AGL,CE,Federal Contract Tower,0,0,2,0,2,0,0,0,0,0,0,0,2,0,2,0,0,0,2
01/05/2015,BTL,MI,AGL,CE,Federal Contract Tower,0,2,8,0,10,0,0,1,0,1,0,2,9,0,11,0,0,0,11
01/06/2015,BTL,MI,AGL,CE,Federal Contract Tower,0,0,14,0,14,0,0,2,0,2,0,0,16,0,16,4,0,4,20
01/07/2015,BTL,MI,AGL,CE,Federal Contract Tower,0,0,21,0,21,0,0,19,2,21,0,0,40,2,42,16,1,17,59
01/08/2015,BTL,MI,AGL,CE,Federal Contract Tower,0,0,13,1,14,0,0,3,0,3,0,0,16,1,17,4,0,4,21
01/09/2015,BTL,MI,AGL,CE,Federal Contract Tower,0,1,4,1,6,0,0,0,0,0,0,1,4,1,6,0,0,0,6
01/10/2015,BTL,MI,AGL,CE,Federal Contract Tower,0,1,8,0,9,0,0,7,0,7,0,1,15,0,16,0,0,0,16
01/11/2015,BTL,MI,AGL,CE,Federal Contract Tower,0,1,14,0,15,0,0,24,0,24,0,1,38,0,39,32,0,32,71
01/12/2015,BTL,MI,AGL,CE,Federal Contract Tower,0,5,23,0,28,0,0,39,0,39,0,5,62,0,67,84,0,84,151
01/13/2015,BTL,MI,AGL,CE,Federal Contract Tower,0,9,30,0,39,0,0,99,6,105,0,9,129,6,144,178,16,194,338
01/14/2015,BTL,MI,AGL,CE,Federal Contract Tower,0,3,25,0,28,0,0,75,0,75,0,3,100,0,103,214,0,214,317
01/15/2015,BTL,MI,AGL,CE,Federal Contract Tower,0,4,41,0,45,0,0,127,6,133,0,4,168,6,178,238,54,292,470
01/16/2015,BTL,MI,AGL,CE,Federal Contract Tower,0,2,34,0,36,0,0,152,0,152,0,2,186,0,188,274,0,274,462
01/17/2015,BTL,MI,AGL,CE,Federal Contract Tower,0,2,10,1,13,0,0,45,0,45,0,2,55,1,58,34,0,34,92
01/18/2015,BTL,MI,AGL,CE,Federal Contract Tower,0,3,2,1,6,0,0,0,0,0,0,3,2,1,6,0,0,0,6
01/19/2015,BTL,MI,AGL,CE,Federal Contract Tower,0,2,5,0,7,0,0,7,0,7,0,2,12,0,14,5,0,5,19
01/20/2015,BTL,MI,AGL,CE,Federal Contract Tower,0,1,3,0,4,0,0,0,0,0,0,1,3,0,4,0,0,0,4
01/21/2015,BTL,MI,AGL,CE,Federal Contract Tower,0,0,8,0,8,0,0,0,0,0,0,0,8,0,8,0,0,0,8
01/22/2015,BTL,MI,AGL,CE,Federal Contract Tower,0,4,29,0,33,0,0,75,2,77,0,4,104,2,110,184,2,186,296
01/23/2015,BTL,MI,AGL,CE,Federal Contract Tower,0,6,6,0,12,0,0,16,0,16,0,6,22,0,28,80,0,80,108
01/24/2015,BTL,MI,AGL,CE,Federal Contract Tower,0,1,5,0,6,0,0,1,0,1,0,1,6,0,7,0,0,0,7
01/25/2015,BTL,MI,AGL,CE,Federal Contract Tower,0,6,3,0,9,0,0,0,0,0,0,6,3,0,9,0,0,0,9
01/26/2015,BTL,MI,AGL,CE,Federal Contract Tower,0,5,49,0,54,0,1,183,0,184,0,6,232,0,238,362,0,362,600
01/27/2015,BTL,MI,AGL,CE,Federal Contract Tower,0,5,53,0,58,0,0,158,0,158,0,5,211,0,216,245,0,245,461
01/28/2015,BTL,MI,AGL,CE,Federal Contract Tower,0,6,36,0,42,0,0,136,4,140,0,6,172,4,182,218,12,230,412
01/29/2015,BTL,MI,AGL,CE,Federal Contract Tower,0,3,6,0,9,0,0,0,0,0,0,3,6,0,9,0,0,0,9
01/30/2015,BTL,MI,AGL,CE,Federal Contract Tower,0,3,27,0,30,0,0,124,0,124,0,3,151,0,154,242,0,242,396
01/31/2015,BTL,MI,AGL,CE,Federal Contract Tower,0,2,36,0,38,0,0,130,0,130,0,2,166,0,168,232,0,232,400
02/01/2015,BTL,MI,AGL,CE,Federal Contract Tower,0,0,1,0,1,0,0,0,0,0,0,0,1,0,1,0,0,0,1
02/02/2015,BTL,MI,AGL,CE,Federal Contract Tower,0,0,9,0,9,0,0,0,0,0,0,0,9,0,9,2,0,2,11
02/03/2015,BTL,MI,AGL,CE,Federal Contract Tower,0,2,6,0,8,0,0,45,0,45,0,2,51,0,53,130,0,130,183
02/04/2015,BTL,MI,AGL,CE,Federal Contract Tower,0,6,3,0,9,0,0,0,0,0,0,6,3,0,9,0,0,0,9
02/05/2015,BTL,MI,AGL,CE,Federal Contract Tower,0,1,36,0,37,0,0,2,0,2,0,1,38,0,39,216,30,246,285
02/06/2015,BTL,MI,AGL,CE,Federal Contract Tower,0,0,46,0,46,0,0,120,0,120,0,0,166,0,166,232,0,232,398
02/07/2015,BTL,MI,AGL,CE,Federal Contract Tower,0,2,11,0,13,0,0,82,12,94,0,2,93,12,107,114,34,148,255
02/08/2015,BTL,MI,AGL,CE,Federal Contract Tower,0,4,3,0,7,0,0,0,0,0,0,4,3,0,7,0,0,0,7
02/09/2015,BTL,MI,AGL,CE,Federal Contract Tower,0,4,11,4,19,0,0,25,0,25,0,4,36,4,44,26,1,27,71
02/10/2015,BTL,MI,AGL,CE,Federal Contract Tower,0,5,56,0,61,0,0,133,1,134,0,5,189,1,195,280,6,286,481
02/11/2015,BTL,MI,AGL,CE,Federal Contract Tower,0,2,10,0,12,0,0,0,0,0,0,2,10,0,12,0,0,0,12
02/12/2015,BTL,MI,AGL,CE,Federal Contract Tower,0,1,21,0,22,0,0,77,3,80,0,1,98,3,102,112,26,138,240
02/13/2015,BTL,MI,AGL,CE,Federal Contract Tower,0,1,32,0,33,0,0,97,3,100,0,1,129,3,133,153,5,158,291
02/14/2015,BTL,MI,AGL,CE,Federal Contract Tower,0,0,0,0,0,0,0,0,0,0,0,0,0,0,0,0,0,0,0
02/15/2015,BTL,MI,AGL,CE,Federal Contract Tower,0,0,2,0,2,0,0,7,0,7,0,0,9,0,9,0,0,0,9
02/16/2015,BTL,MI,AGL,CE,Federal Contract Tower,0,4,35,0,39,0,0,149,0,149,0,4,184,0,188,374,0,374,562
02/17/2015,BTL,MI,AGL,CE,Federal Contract Tower,0,6,6,0,12,0,0,0,2,2,0,6,6,2,14,2,0,2,16
02/18/2015,BTL,MI,AGL,CE,Federal Contract Tower,0,7,12,0,19,0,0,0,0,0,0,7,12,0,19,0,0,0,19
02/19/2015,BTL,MI,AGL,CE,Federal Contract Tower,0,8,29,0,37,0,0,17,8,25,0,8,46,8,62,20,66,86,148
02/20/2015,BTL,MI,AGL,CE,Federal Contract Tower,0,7,28,0,35,0,0,130,0,130,0,7,158,0,165,284,0,284,449
02/21/2015,BTL,MI,AGL,CE,Federal Contract Tower,0,1,2,0,3,0,0,6,0,6,0,1,8,0,9,2,0,2,11
02/22/2015,BTL,MI,AGL,CE,Federal Contract Tower,0,1,6,0,7,0,0,1,0,1,0,1,7,0,8,0,0,0,8
02/23/2015,BTL,MI,AGL,CE,Federal Contract Tower,0,1,44,0,45,0,0,149,0,149,0,1,193,0,194,310,0,310,504
02/24/2015,BTL,MI,AGL,CE,Federal Contract Tower,0,1,4,0,5,0,0,6,0,6,0,1,10,0,11,2,0,2,13
02/25/2015,BTL,MI,AGL,CE,Federal Contract Tower,0,3,36,0,39,0,0,160,4,164,0,3,196,4,203,354,16,370,573
02/26/2015,BTL,MI,AGL,CE,Federal Contract Tower,0,3,23,0,26,0,0,112,6,118,0,3,135,6,144,194,52,246,390
02/27/2015,BTL,MI,AGL,CE,Federal Contract Tower,0,2,40,0,42,0,0,140,4,144,0,2,180,4,186,290,8,298,484
02/28/2015,BTL,MI,AGL,CE,Federal Contract Tower,0,1,28,0,29,0,0,126,0,126,0,1,154,0,155,240,0,240,395
03/01/2015,BTL,MI,AGL,CE,Federal Contract Tower,0,1,2,0,3,0,0,0,0,0,0,1,2,0,3,0,0,0,3
03/02/2015,BTL,MI,AGL,CE,Federal Contract Tower,0,4,28,0,32,0,0,140,0,140,0,4,168,0,172,369,0,369,541
03/03/2015,BTL,MI,AGL,CE,Federal Contract Tower,0,2,2,0,4,0,0,0,0,0,0,2,2,0,4,0,0,0,4
03/04/2015,BTL,MI,AGL,CE,Federal Contract Tower,0,3,21,0,24,0,0,43,4,47,0,3,64,4,71,64,18,82,153
03/05/2015,BTL,MI,AGL,CE,Federal Contract Tower,0,16,22,0,38,0,0,113,4,117,0,16,135,4,155,256,12,268,423
03/06/2015,BTL,MI,AGL,CE,Federal Contract Tower,1,1,23,0,25,0,0,66,0,66,1,1,89,0,91,118,0,118,209
03/07/2015,BTL,MI,AGL,CE,Federal Contract Tower,0,0,7,0,7,0,0,34,23,57,0,0,41,23,64,68,76,144,208
03/08/2015,BTL,MI,AGL,CE,Federal Contract Tower,0,2,6,0,8,0,0,36,10,46,0,2,42,10,54,2,70,72,126
03/09/2015,BTL,MI,AGL,CE,Federal Contract Tower,0,3,23,0,26,0,0,68,0,68,0,3,91,0,94,192,0,192,286
03/10/2015,BTL,MI,AGL,CE,Federal Contract Tower,2,1,18,0,21,0,0,3,0,3,2,1,21,0,24,8,0,8,32
03/11/2015,BTL,MI,AGL,CE,Federal Contract Tower,0,0,21,2,23,0,0,61,0,61,0,0,82,2,84,104,0,104,188
03/12/2015,BTL,MI,AGL,CE,Federal Contract Tower,0,3,21,0,24,0,0,75,0,75,0,3,96,0,99,102,0,102,201
03/13/2015,BTL,MI,AGL,CE,Federal Contract Tower,0,2,26,0,28,0,0,88,0,88,0,2,114,0,116,134,0,134,250
03/14/2015,BTL,MI,AGL,CE,Federal Contract Tower,0,3,10,1,14,0,0,24,1,25,0,3,34,2,39,12,0,12,51
03/15/2015,BTL,MI,AGL,CE,Federal Contract Tower,0,1,6,0,7,0,0,28,0,28,0,1,34,0,35,24,0,24,59
03/16/2015,BTL,MI,AGL,CE,Federal Contract Tower,0,1,46,0,47,0,0,131,0,131,0,1,177,0,178,280,0,280,458
03/17/2015,BTL,MI,AGL,CE,Federal Contract Tower,0,1,21,0,22,0,0,33,0,33,0,1,54,0,55,56,0,56,111
03/18/2015,BTL,MI,AGL,CE,Federal Contract Tower,0,1,43,4,48,0,0,145,1,146,0,1,188,5,194,264,16,280,474
03/19/2015,BTL,MI,AGL,CE,Federal Contract Tower,0,3,32,0,35,0,0,149,0,149,0,3,181,0,184,296,0,296,480
03/20/2015,BTL,MI,AGL,CE,Federal Contract Tower,0,5,37,0,42,0,0,147,4,151,0,5,184,4,193,330,18,348,541
03/21/2015,BTL,MI,AGL,CE,Federal Contract Tower,0,1,8,0,9,0,0,47,2,49,0,1,55,2,58,136,6,142,200
03/22/2015,BTL,MI,AGL,CE,Federal Contract Tower,0,1,3,0,4,0,0,46,0,46,0,1,49,0,50,140,0,140,190
03/23/2015,BTL,MI,AGL,CE,Federal Contract Tower,0,0,14,0,14,0,0,89,0,89,0,0,103,0,103,206,0,206,309
03/24/2015,BTL,MI,AGL,CE,Federal Contract Tower,1,2,31,0,34,0,0,119,4,123,1,2,150,4,157,195,6,201,358
03/25/2015,BTL,MI,AGL,CE,Federal Contract Tower,0,0,23,0,23,0,0,1,0,1,0,0,24,0,24,6,0,6,30
03/26/2015,BTL,MI,AGL,CE,Federal Contract Tower,0,1,29,0,30,0,0,81,0,81,0,1,110,0,111,140,0,140,251
03/27/2015,BTL,MI,AGL,CE,Federal Contract Tower,0,1,35,0,36,0,0,107,2,109,0,1,142,2,145,175,1,176,321
03/28/2015,BTL,MI,AGL,CE,Federal Contract Tower,0,0,20,0,20,0,0,127,18,145,0,0,147,18,165,318,46,364,529
03/29/2015,BTL,MI,AGL,CE,Federal Contract Tower,0,2,8,0,10,0,0,15,0,15,0,2,23,0,25,64,0,64,89
03/30/2015,BTL,MI,AGL,CE,Federal Contract Tower,0,1,19,0,20,0,0,61,0,61,0,1,80,0,81,114,0,114,195
03/31/2015,BTL,MI,AGL,CE,Federal Contract Tower,0,6,18,0,24,0,0,43,1,44,0,6,61,1,68,76,0,76,144
04/01/2015,BTL,MI,AGL,CE,Federal Contract Tower,0,5,44,0,49,0,0,179,0,179,0,5,223,0,228,358,0,358,586
04/02/2015,BTL,MI,AGL,CE,Federal Contract Tower,0,4,11,1,16,0,0,14,5,19,0,4,25,6,35,34,26,60,95
04/03/2015,BTL,MI,AGL,CE,Federal Contract Tower,2,4,38,0,44,0,0,118,2,120,2,4,156,2,164,344,0,344,508
04/04/2015,BTL,MI,AGL,CE,Federal Contract Tower,0,3,7,0,10,0,0,57,0,57,0,3,64,0,67,128,0,128,195
04/05/2015,BTL,MI,AGL,CE,Federal Contract Tower,0,3,3,0,6,0,0,23,0,23,0,3,26,0,29,122,0,122,151
04/06/2015,BTL,MI,AGL,CE,Federal Contract Tower,0,6,46,1,53,0,0,158,2,160,0,6,204,3,213,364,8,372,585
04/07/2015,BTL,MI,AGL,CE,Federal Contract Tower,0,2,29,0,31,0,0,13,2,15,0,2,42,2,46,32,10,42,88
04/08/2015,BTL,MI,AGL,CE,Federal Contract Tower,0,1,4,0,5,0,0,0,0,0,0,1,4,0,5,0,0,0,5
04/09/2015,BTL,MI,AGL,CE,Federal Contract Tower,0,1,10,1,12,0,0,0,0,0,0,1,10,1,12,0,0,0,12
04/10/2015,BTL,MI,AGL,CE,Federal Contract Tower,0,6,15,0,21,0,0,16,0,16,0,6,31,0,37,44,0,44,81
04/11/2015,BTL,MI,AGL,CE,Federal Contract Tower,0,0,34,4,38,0,0,144,12,156,0,0,178,16,194,462,8,470,664
04/12/2015,BTL,MI,AGL,CE,Federal Contract Tower,0,0,13,0,13,0,0,55,12,67,0,0,68,12,80,20,24,44,124
04/13/2015,BTL,MI,AGL,CE,Federal Contract Tower,0,3,14,2,19,0,0,24,0,24,0,3,38,2,43,24,0,24,67
04/14/2015,BTL,MI,AGL,CE,Federal Contract Tower,0,4,29,0,33,0,0,179,6,185,0,4,208,6,218,330,12,342,560
04/15/2015,BTL,MI,AGL,CE,Federal Contract Tower,0,5,33,1,39,0,0,173,6,179,0,5,206,7,218,393,22,415,633
04/16/2015,BTL,MI,AGL,CE,Federal Contract Tower,0,1,24,0,25,0,0,43,0,43,0,1,67,0,68,246,0,246,314
04/17/2015,BTL,MI,AGL,CE,Federal Contract Tower,0,5,39,0,44,0,0,202,0,202,0,5,241,0,246,370,0,370,616
04/18/2015,BTL,MI,AGL,CE,Federal Contract Tower,0,3,14,0,17,0,0,136,0,136,0,3,150,0,153,423,0,423,576
04/19/2015,BTL,MI,AGL,CE,Federal Contract Tower,0,2,4,2,8,0,0,42,0,42,0,2,46,2,50,160,0,160,210
04/20/2015,BTL,MI,AGL,CE,Federal Contract Tower,0,4,18,0,22,0,0,1,0,1,0,4,19,0,23,0,0,0,23
04/21/2015,BTL,MI,AGL,CE,Federal Contract Tower,0,5,14,4,23,0,0,13,5,18,0,5,27,9,41,36,2,38,79
04/22/2015,BTL,MI,AGL,CE,Federal Contract Tower,0,4,7,0,11,0,0,8,4,12,0,4,15,4,23,10,8,18,41
04/23/2015,BTL,MI,AGL,CE,Federal Contract Tower,0,11,37,0,48,0,0,136,4,140,0,11,173,4,188,288,6,294,482
04/24/2015,BTL,MI,AGL,CE,Federal Contract Tower,0,5,40,3,48,0,0,171,0,171,0,5,211,3,219,322,0,322,541
04/25/2015,BTL,MI,AGL,CE,Federal Contract Tower,0,0,13,0,13,0,0,70,0,70,0,0,83,0,83,230,0,230,313
04/26/2015,BTL,MI,AGL,CE,Federal Contract Tower,0,2,4,0,6,0,0,51,0,51,0,2,55,0,57,60,0,60,117
04/27/2015,BTL,MI,AGL,CE,Federal Contract Tower,0,1,30,0,31,0,0,104,0,104,0,1,134,0,135,269,0,269,404
04/28/2015,BTL,MI,AGL,CE,Federal Contract Tower,0,5,35,1,41,0,0,140,2,142,0,5,175,3,183,338,10,348,531
04/29/2015,BTL,MI,AGL,CE,Federal Contract Tower,0,2,47,0,49,0,0,140,0,140,0,2,187,0,189,297,0,297,486
04/30/2015,BTL,MI,AGL,CE,Federal Contract Tower,0,5,22,0,27,0,0,115,2,117,0,5,137,2,144,294,12,306,450
05/01/2015,BTL,MI,AGL,CE,Federal Contract Tower,0,2,41,0,43,0,0,125,0,125,0,2,166,0,168,214,0,214,382
05/02/2015,BTL,MI,AGL,CE,Federal Contract Tower,0,0,9,0,9,0,0,56,8,64,0,0,65,8,73,118,14,132,205
05/03/2015,BTL,MI,AGL,CE,Federal Contract Tower,0,2,7,0,9,0,0,43,8,51,0,2,50,8,60,102,44,146,206
05/04/2015,BTL,MI,AGL,CE,Federal Contract Tower,0,3,19,0,22,0,0,66,0,66,0,3,85,0,88,106,0,106,194
05/05/2015,BTL,MI,AGL,CE,Federal Contract Tower,0,1,12,0,13,0,0,0,0,0,0,1,12,0,13,0,0,0,13
05/06/2015,BTL,MI,AGL,CE,Federal Contract Tower,0,11,21,0,32,0,0,55,3,58,0,11,76,3,90,124,8,132,222
05/07/2015,BTL,MI,AGL,CE,Federal Contract Tower,0,9,26,0,35,0,0,114,3,117,0,9,140,3,152,242,32,274,426
05/08/2015,BTL,MI,AGL,CE,Federal Contract Tower,0,3,24,0,27,0,0,56,0,56,0,3,80,0,83,166,0,166,249
05/09/2015,BTL,MI,AGL,CE,Federal Contract Tower,0,1,4,0,5,0,0,5,0,5,0,1,9,0,10,4,0,4,14
05/10/2015,BTL,MI,AGL,CE,Federal Contract Tower,0,2,2,0,4,0,0,0,0,0,0,2,2,0,4,0,0,0,4
05/11/2015,BTL,MI,AGL,CE,Federal Contract Tower,0,4,6,0,10,0,0,7,0,7,0,4,13,0,17,11,0,11,28
05/12/2015,BTL,MI,AGL,CE,Federal Contract Tower,0,2,10,0,12,0,0,16,2,18,0,2,26,2,30,38,6,44,74
05/13/2015,BTL,MI,AGL,CE,Federal Contract Tower,0,6,36,0,42,0,0,204,8,212,0,6,240,8,254,333,52,385,639
05/14/2015,BTL,MI,AGL,CE,Federal Contract Tower,2,12,17,4,35,0,0,203,0,203,2,12,220,4,238,328,4,332,570
05/15/2015,BTL,MI,AGL,CE,Federal Contract Tower,0,5,29,0,34,0,0,45,2,47,0,5,74,2,81,92,8,100,181
05/16/2015,BTL,MI,AGL,CE,Federal Contract Tower,0,1,13,0,14,0,0,19,0,19,0,1,32,0,33,44,0,44,77
05/17/2015,BTL,MI,AGL,CE,Federal Contract Tower,0,0,13,0,13,0,0,10,0,10,0,0,23,0,23,26,0,26,49
05/18/2015,BTL,MI,AGL,CE,Federal Contract Tower,0,3,34,0,37,0,0,105,0,105,0,3,139,0,142,208,0,208,350
05/19/2015,BTL,MI,AGL,CE,Federal Contract Tower,0,4,24,0,28,0,0,42,6,48,0,4,66,6,76,84,10,94,170
05/20/2015,BTL,MI,AGL,CE,Federal Contract Tower,0,4,45,0,49,0,0,167,0,167,0,4,212,0,216,320,0,320,536
05/21/2015,BTL,MI,AGL,CE,Federal Contract Tower,0,3,18,0,21,0,0,155,2,157,0,3,173,2,178,290,30,320,498
05/22/2015,BTL,MI,AGL,CE,Federal Contract Tower,0,3,25,0,28,0,0,146,0,146,0,3,171,0,174,218,0,218,392
05/23/2015,BTL,MI,AGL,CE,Federal Contract Tower,0,0,0,0,0,0,0,86,0,86,0,0,86,0,86,128,0,128,214
05/24/2015,BTL,MI,AGL,CE,Federal Contract Tower,0,1,1,0,2,0,0,17,0,17,0,1,18,0,19,10,0,10,29
05/25/2015,BTL,MI,AGL,CE,Federal Contract Tower,0,4,1,0,5,0,0,18,0,18,0,4,19,0,23,24,0,24,47
05/26/2015,BTL,MI,AGL,CE,Federal Contract Tower,0,1,15,1,17,0,0,17,2,19,0,1,32,3,36,60,0,60,96
05/27/2015,BTL,MI,AGL,CE,Federal Contract Tower,0,8,21,2,31,0,0,66,0,66,0,8,87,2,97,148,2,150,247
05/28/2015,BTL,MI,AGL,CE,Federal Contract Tower,0,3,44,0,47,0,0,194,2,196,0,3,238,2,243,360,26,386,629
05/29/2015,BTL,MI,AGL,CE,Federal Contract Tower,0,4,19,0,23,0,0,79,8,87,0,4,98,8,110,148,16,164,274
05/30/2015,BTL,MI,AGL,CE,Federal Contract Tower,0,2,1,0,3,0,0,0,0,0,0,2,1,0,3,0,0,0,3
05/31/2015,BTL,MI,AGL,CE,Federal Contract Tower,0,3,6,0,9,0,0,0,0,0,0,3,6,0,9,0,0,0,9
06/01/2015,BTL,MI,AGL,CE,Federal Contract Tower,0,4,25,0,29,0,0,136,0,136,0,4,161,0,165,304,0,304,469
06/02/2015,BTL,MI,AGL,CE,Federal Contract Tower,0,8,22,1,31,0,0,147,5,152,0,8,169,6,183,260,8,268,451
06/03/2015,BTL,MI,AGL,CE,Federal Contract Tower,0,2,31,0,33,0,0,148,0,148,0,2,179,0,181,296,0,296,477
06/04/2015,BTL,MI,AGL,CE,Federal Contract Tower,0,2,31,0,33,0,0,145,2,147,0,2,176,2,180,272,22,294,474
06/05/2015,BTL,MI,AGL,CE,Federal Contract Tower,0,5,17,0,22,0,0,51,2,53,0,5,68,2,75,120,10,130,205
06/06/2015,BTL,MI,AGL,CE,Federal Contract Tower,0,1,7,0,8,0,0,81,0,81,0,1,88,0,89,78,0,78,167
06/07/2015,BTL,MI,AGL,CE,Federal Contract Tower,0,2,10,0,12,0,0,16,0,16,0,2,26,0,28,6,0,6,34
06/08/2015,BTL,MI,AGL,CE,Federal Contract Tower,0,7,19,0,26,0,0,32,0,32,0,7,51,0,58,86,0,86,144
06/09/2015,BTL,MI,AGL,CE,Federal Contract Tower,0,6,40,4,50,0,0,123,0,123,0,6,163,4,173,240,0,240,413
06/10/2015,BTL,MI,AGL,CE,Federal Contract Tower,0,3,26,3,32,0,0,78,3,81,0,3,104,6,113,150,20,170,283
06/11/2015,BTL,MI,AGL,CE,Federal Contract Tower,0,4,31,0,35,0,0,94,2,96,0,4,125,2,131,214,0,214,345
06/12/2015,BTL,MI,AGL,CE,Federal Contract Tower,0,1,23,2,26,0,0,5,2,7,0,1,28,4,33,16,8,24,57
06/13/2015,BTL,MI,AGL,CE,Federal Contract Tower,0,2,9,0,11,0,0,0,0,0,0,2,9,0,11,0,0,0,11
06/14/2015,BTL,MI,AGL,CE,Federal Contract Tower,0,0,1,1,2,0,0,7,0,7,0,0,8,1,9,0,0,0,9
06/15/2015,BTL,MI,AGL,CE,Federal Contract Tower,0,5,3,2,10,0,0,5,0,5,0,5,8,2,15,0,0,0,15
06/16/2015,BTL,MI,AGL,CE,Federal Contract Tower,0,6,35,0,41,0,0,169,0,169,0,6,204,0,210,272,0,272,482
06/17/2015,BTL,MI,AGL,CE,Federal Contract Tower,0,7,29,0,36,0,0,67,0,67,0,7,96,0,103,135,1,136,239
06/18/2015,BTL,MI,AGL,CE,Federal Contract Tower,0,8,5,0,13,0,3,11,12,26,0,11,16,12,39,0,70,70,109
06/19/2015,BTL,MI,AGL,CE,Federal Contract Tower,0,4,51,0,55,0,0,72,2,74,0,4,123,2,129,168,0,168,297
06/20/2015,BTL,MI,AGL,CE,Federal Contract Tower,0,3,14,0,17,0,0,27,0,27,0,3,41,0,44,46,0,46,90
06/21/2015,BTL,MI,AGL,CE,Federal Contract Tower,0,1,2,0,3,0,0,16,0,16,0,1,18,0,19,7,0,7,26
06/22/2015,BTL,MI,AGL,CE,Federal Contract Tower,0,10,11,0,21,0,0,13,0,13,0,10,24,0,34,9,0,9,43
06/23/2015,BTL,MI,AGL,CE,Federal Contract Tower,2,8,32,1,43,0,0,121,4,125,2,8,153,5,168,128,2,130,298
06/24/2015,BTL,MI,AGL,CE,Federal Contract Tower,0,1,34,1,36,0,0,164,13,177,0,1,198,14,213,286,39,325,538
06/25/2015,BTL,MI,AGL,CE,Federal Contract Tower,0,6,13,0,19,0,0,10,4,14,0,6,23,4,33,14,2,16,49
06/26/2015,BTL,MI,AGL,CE,Federal Contract Tower,2,1,34,0,37,0,0,124,2,126,2,1,158,2,163,164,0,164,327
06/27/2015,BTL,MI,AGL,CE,Federal Contract Tower,0,4,12,0,16,0,0,20,0,20,0,4,32,0,36,10,0,10,46
06/28/2015,BTL,MI,AGL,CE,Federal Contract Tower,0,3,10,0,13,0,0,45,0,45,0,3,55,0,58,46,0,46,104
06/29/2015,BTL,MI,AGL,CE,Federal Contract Tower,0,1,22,0,23,0,0,60,0,60,0,1,82,0,83,108,0,108,191
06/30/2015,BTL,MI,AGL,CE,Federal Contract Tower,0,2,10,0,12,0,0,14,0,14,0,2,24,0,26,22,0,22,48
07/01/2015,BTL,MI,AGL,CE,Federal Contract Tower,0,4,18,0,22,0,0,87,0,87,0,4,105,0,109,120,0,120,229
07/02/2015,BTL,MI,AGL,CE,Federal Contract Tower,0,2,11,1,14,0,0,72,9,81,0,2,83,10,95,150,68,218,313
07/03/2015,BTL,MI,AGL,CE,Federal Contract Tower,0,0,2,1,3,0,0,56,1,57,0,0,58,2,60,78,0,78,138
07/04/2015,BTL,MI,AGL,CE,Federal Contract Tower,0,2,0,0,2,0,0,158,0,158,0,2,158,0,160,28,0,28,188
07/05/2015,BTL,MI,AGL,CE,Federal Contract Tower,0,5,5,0,10,0,0,35,0,35,0,5,40,0,45,42,0,42,87
07/06/2015,BTL,MI,AGL,CE,Federal Contract Tower,0,3,22,0,25,0,0,95,2,97,0,3,117,2,122,202,10,212,334
07/07/2015,BTL,MI,AGL,CE,Federal Contract Tower,0,2,22,1,25,0,0,37,2,39,0,2,59,3,64,44,10,54,118
07/08/2015,BTL,MI,AGL,CE,Federal Contract Tower,0,9,26,0,35,0,0,100,4,104,0,9,126,4,139,192,6,198,337
07/09/2015,BTL,MI,AGL,CE,Federal Contract Tower,0,1,24,0,25,0,0,22,0,22,0,1,46,0,47,34,0,34,81
07/10/2015,BTL,MI,AGL,CE,Federal Contract Tower,0,2,29,3,34,0,0,148,2,150,0,2,177,5,184,260,18,278,462
07/11/2015,BTL,MI,AGL,CE,Federal Contract Tower,0,0,11,0,11,0,0,70,6,76,0,0,81,6,87,144,36,180,267
07/12/2015,BTL,MI,AGL,CE,Federal Contract Tower,0,3,4,1,8,0,0,15,0,15,0,3,19,1,23,25,2,27,50
07/13/2015,BTL,MI,AGL,CE,Federal Contract Tower,0,3,24,0,27,0,0,60,0,60,0,3,84,0,87,105,4,109,196
07/14/2015,BTL,MI,AGL,CE,Federal Contract Tower,0,1,28,0,29,0,0,21,0,21,0,1,49,0,50,43,0,43,93
07/15/2015,BTL,MI,AGL,CE,Federal Contract Tower,0,5,31,0,36,0,0,155,0,155,0,5,186,0,191,245,0,245,436
07/16/2015,BTL,MI,AGL,CE,Federal Contract Tower,0,2,20,0,22,0,0,126,0,126,0,2,146,0,148,246,0,246,394
07/17/2015,BTL,MI,AGL,CE,Federal Contract Tower,0,8,26,0,34,0,0,34,2,36,0,8,60,2,70,54,16,70,140
07/18/2015,BTL,MI,AGL,CE,Federal Contract Tower,0,3,1,0,4,0,0,37,0,37,0,3,38,0,41,66,0,66,107
07/19/2015,BTL,MI,AGL,CE,Federal Contract Tower,0,1,6,0,7,0,0,16,3,19,0,1,22,3,26,0,4,4,30
07/20/2015,BTL,MI,AGL,CE,Federal Contract Tower,0,4,23,0,27,0,0,90,0,90,0,4,113,0,117,217,0,217,334
07/21/2015,BTL,MI,AGL,CE,Federal Contract Tower,0,2,24,1,27,0,0,107,1,108,0,2,131,2,135,134,0,134,269
07/22/2015,BTL,MI,AGL,CE,Federal Contract Tower,0,10,32,0,42,0,0,130,1,131,0,10,162,1,173,184,0,184,357
07/23/2015,BTL,MI,AGL,CE,Federal Contract Tower,0,13,20,0,33,0,0,111,0,111,0,13,131,0,144,180,0,180,324
07/24/2015,BTL,MI,AGL,CE,Federal Contract Tower,0,7,20,0,27,0,0,98,0,98,0,7,118,0,125,168,0,168,293
07/25/2015,BTL,MI,AGL,CE,Federal Contract Tower,0,2,12,0,14,0,0,31,0,31,0,2,43,0,45,38,0,38,83
07/26/2015,BTL,MI,AGL,CE,Federal Contract Tower,0,6,5,0,11,0,0,10,0,10,0,6,15,0,21,10,0,10,31
07/27/2015,BTL,MI,AGL,CE,Federal Contract Tower,0,1,22,0,23,0,0,107,0,107,0,1,129,0,130,170,0,170,300
07/28/2015,BTL,MI,AGL,CE,Federal Contract Tower,0,3,31,0,34,0,0,83,0,83,0,3,114,0,117,152,0,152,269
07/29/2015,BTL,MI,AGL,CE,Federal Contract Tower,0,7,25,0,32,0,0,58,4,62,0,7,83,4,94,142,25,167,261
07/30/2015,BTL,MI,AGL,CE,Federal Contract Tower,0,7,20,0,27,0,0,86,0,86,0,7,106,0,113,168,0,168,281
07/31/2015,BTL,MI,AGL,CE,Federal Contract Tower,0,9,21,2,32,0,0,90,0,90,0,9,111,2,122,134,0,134,256
08/01/2015,BTL,MI,AGL,CE,Federal Contract Tower,0,2,13,0,15,0,0,60,0,60,0,2,73,0,75,68,0,68,143
08/02/2015,BTL,MI,AGL,CE,Federal Contract Tower,0,0,3,0,3,0,0,15,0,15,0,0,18,0,18,0,0,0,18
08/03/2015,BTL,MI,AGL,CE,Federal Contract Tower,0,3,34,0,37,0,0,47,0,47,0,3,81,0,84,114,0,114,198
08/04/2015,BTL,MI,AGL,CE,Federal Contract Tower,0,5,35,0,40,0,0,92,0,92,0,5,127,0,132,133,0,133,265
08/05/2015,BTL,MI,AGL,CE,Federal Contract Tower,0,4,35,0,39,0,0,126,0,126,0,4,161,0,165,238,0,238,403
08/06/2015,BTL,MI,AGL,CE,Federal Contract Tower,0,4,26,0,30,0,0,104,4,108,0,4,130,4,138,206,22,228,366
08/07/2015,BTL,MI,AGL,CE,Federal Contract Tower,0,6,22,1,29,0,0,101,0,101,0,6,123,1,130,230,0,230,360
08/08/2015,BTL,MI,AGL,CE,Federal Contract Tower,0,0,4,2,6,0,0,16,1,17,0,0,20,3,23,36,0,36,59
08/09/2015,BTL,MI,AGL,CE,Federal Contract Tower,0,1,6,0,7,0,0,6,0,6,0,1,12,0,13,4,0,4,17
08/10/2015,BTL,MI,AGL,CE,Federal Contract Tower,0,4,22,0,26,0,0,11,0,11,0,4,33,0,37,14,0,14,51
08/11/2015,BTL,MI,AGL,CE,Federal Contract Tower,0,1,22,0,23,0,0,92,0,92,0,1,114,0,115,172,2,174,289
08/12/2015,BTL,MI,AGL,CE,Federal Contract Tower,0,0,44,0,44,0,0,118,5,123,0,0,162,5,167,137,6,143,310
08/13/2015,BTL,MI,AGL,CE,Federal Contract Tower,0,4,29,0,33,0,0,85,0,85,0,4,114,0,118,142,0,142,260
08/14/2015,BTL,MI,AGL,CE,Federal Contract Tower,0,0,29,1,30,0,0,71,0,71,0,0,100,1,101,186,2,188,289
08/15/2015,BTL,MI,AGL,CE,Federal Contract Tower,0,1,9,6,16,0,0,69,0,69,0,1,78,6,85,186,8,194,279
08/16/2015,BTL,MI,AGL,CE,Federal Contract Tower,0,3,3,1,7,0,0,19,0,19,0,3,22,1,26,8,0,8,34
08/17/2015,BTL,MI,AGL,CE,Federal Contract Tower,0,5,22,0,27,0,0,51,0,51,0,5,73,0,78,134,0,134,212
08/18/2015,BTL,MI,AGL,CE,Federal Contract Tower,0,0,26,0,26,0,0,37,4,41,0,0,63,4,67,93,22,115,182
08/19/2015,BTL,MI,AGL,CE,Federal Contract Tower,0,6,20,0,26,0,0,55,0,55,0,6,75,0,81,170,0,170,251
08/20/2015,BTL,MI,AGL,CE,Federal Contract Tower,0,2,27,0,29,0,0,29,4,33,0,2,56,4,62,102,42,144,206
08/21/2015,BTL,MI,AGL,CE,Federal Contract Tower,0,0,38,0,38,0,0,141,0,141,0,0,179,0,179,294,0,294,473
08/22/2015,BTL,MI,AGL,CE,Federal Contract Tower,0,0,11,0,11,0,0,83,0,83,0,0,94,0,94,227,0,227,321
08/23/2015,BTL,MI,AGL,CE,Federal Contract Tower,0,1,10,2,13,0,0,31,0,31,0,1,41,2,44,114,4,118,162
08/24/2015,BTL,MI,AGL,CE,Federal Contract Tower,0,6,22,0,28,0,0,46,4,50,0,6,68,4,78,72,0,72,150
08/25/2015,BTL,MI,AGL,CE,Federal Contract Tower,0,3,38,0,41,0,0,33,0,33,0,3,71,0,74,132,0,132,206
08/26/2015,BTL,MI,AGL,CE,Federal Contract Tower,0,4,21,0,25,0,1,30,8,39,0,5,51,8,64,94,22,116,180
08/27/2015,BTL,MI,AGL,CE,Federal Contract Tower,0,3,29,0,32,0,0,94,2,96,0,3,123,2,128,242,10,252,380
08/28/2015,BTL,MI,AGL,CE,Federal Contract Tower,0,3,15,5,23,0,0,107,5,112,0,3,122,10,135,248,4,252,387
08/29/2015,BTL,MI,AGL,CE,Federal Contract Tower,0,1,5,0,6,0,0,5,0,5,0,1,10,0,11,14,0,14,25
08/30/2015,BTL,MI,AGL,CE,Federal Contract Tower,0,3,4,1,8,0,0,4,0,4,0,3,8,1,12,2,0,2,14
08/31/2015,BTL,MI,AGL,CE,Federal Contract Tower,0,0,32,0,32,0,0,67,0,67,0,0,99,0,99,202,0,202,301
09/01/2015,BTL,MI,AGL,CE,Federal Contract Tower,0,4,28,3,35,0,0,115,0,115,0,4,143,3,150,236,0,236,386
09/02/2015,BTL,MI,AGL,CE,Federal Contract Tower,0,1,32,0,33,0,0,119,1,120,0,1,151,1,153,226,4,230,383
09/03/2015,BTL,MI,AGL,CE,Federal Contract Tower,0,3,36,1,40,0,0,101,1,102,0,3,137,2,142,216,0,216,358
09/04/2015,BTL,MI,AGL,CE,Federal Contract Tower,0,5,18,1,24,0,0,24,0,24,0,5,42,1,48,18,0,18,66
09/05/2015,BTL,MI,AGL,CE,Federal Contract Tower,0,2,6,1,9,0,0,8,0,8,0,2,14,1,17,30,0,30,47
09/06/2015,BTL,MI,AGL,CE,Federal Contract Tower,0,2,1,0,3,0,0,42,0,42,0,2,43,0,45,164,0,164,209
09/07/2015,BTL,MI,AGL,CE,Federal Contract Tower,0,4,2,0,6,0,0,22,0,22,0,4,24,0,28,28,0,28,56
09/08/2015,BTL,MI,AGL,CE,Federal Contract Tower,0,4,22,0,26,0,0,27,0,27,0,4,49,0,53,70,0,70,123
09/09/2015,BTL,MI,AGL,CE,Federal Contract Tower,0,3,23,0,26,0,0,48,0,48,0,3,71,0,74,101,0,101,175
09/10/2015,BTL,MI,AGL,CE,Federal Contract Tower,0,3,23,0,26,0,0,161,4,165,0,3,184,4,191,288,40,328,519
09/11/2015,BTL,MI,AGL,CE,Federal Contract Tower,0,4,28,1,33,0,0,43,1,44,0,4,71,2,77,92,0,92,169
09/12/2015,BTL,MI,AGL,CE,Federal Contract Tower,0,3,14,0,17,0,0,93,0,93,0,3,107,0,110,198,0,198,308
09/13/2015,BTL,MI,AGL,CE,Federal Contract Tower,0,4,8,1,13,0,0,28,4,32,0,4,36,5,45,30,2,32,77
09/14/2015,BTL,MI,AGL,CE,Federal Contract Tower,0,8,25,0,33,0,0,150,0,150,0,8,175,0,183,295,0,295,478
09/15/2015,BTL,MI,AGL,CE,Federal Contract Tower,0,1,19,0,20,0,0,106,3,109,0,1,125,3,129,168,4,172,301
09/16/2015,BTL,MI,AGL,CE,Federal Contract Tower,0,4,26,0,30,0,0,144,12,156,0,4,170,12,186,162,40,202,388
09/17/2015,BTL,MI,AGL,CE,Federal Contract Tower,0,4,21,0,25,0,0,109,0,109,0,4,130,0,134,232,0,232,366
09/18/2015,BTL,MI,AGL,CE,Federal Contract Tower,0,5,19,2,26,0,0,25,8,33,0,5,44,10,59,36,0,36,95
09/19/2015,BTL,MI,AGL,CE,Federal Contract Tower,0,4,4,0,8,0,0,43,0,43,0,4,47,0,51,134,0,134,185
09/20/2015,BTL,MI,AGL,CE,Federal Contract Tower,0,3,4,0,7,0,0,56,0,56,0,3,60,0,63,180,0,180,243
09/21/2015,BTL,MI,AGL,CE,Federal Contract Tower,0,4,22,0,26,0,0,164,2,166,0,4,186,2,192,320,0,320,512
09/22/2015,BTL,MI,AGL,CE,Federal Contract Tower,0,3,24,0,27,0,0,96,0,96,0,3,120,0,123,238,0,238,361
09/23/2015,BTL,MI,AGL,CE,Federal Contract Tower,0,2,27,0,29,0,0,160,0,160,0,2,187,0,189,326,0,326,515
09/24/2015,BTL,MI,AGL,CE,Federal Contract Tower,0,3,22,0,25,0,0,111,2,113,0,3,133,2,138,226,0,226,364
09/25/2015,BTL,MI,AGL,CE,Federal Contract Tower,0,4,27,0,31,0,0,109,0,109,0,4,136,0,140,246,0,246,386
09/26/2015,BTL,MI,AGL,CE,Federal Contract Tower,0,1,15,0,16,0,0,70,0,70,0,1,85,0,86,110,0,110,196
09/27/2015,BTL,MI,AGL,CE,Federal Contract Tower,0,2,6,0,8,0,0,13,0,13,0,2,19,0,21,14,0,14,35
09/28/2015,BTL,MI,AGL,CE,Federal Contract Tower,0,2,33,0,35,0,0,68,0,68,0,2,101,0,103,170,0,170,273
09/29/2015,BTL,MI,AGL,CE,Federal Contract Tower,0,2,15,0,17,0,0,16,0,16,0,2,31,0,33,26,0,26,59
09/30/2015,BTL,MI,AGL,CE,Federal Contract Tower,0,2,29,0,31,0,0,108,0,108,0,2,137,0,139,190,0,190,329
10/01/2015,BTL,MI,AGL,CE,Federal Contract Tower,0,3,28,0,31,0,0,80,9,89,0,3,108,9,120,156,30,186,306
10/02/2015,BTL,MI,AGL,CE,Federal Contract Tower,0,2,18,0,20,0,0,91,0,91,0,2,109,0,111,92,0,92,203
10/03/2015,BTL,MI,AGL,CE,Federal Contract Tower,0,2,12,0,14,0,0,26,2,28,0,2,38,2,42,38,10,48,90
10/04/2015,BTL,MI,AGL,CE,Federal Contract Tower,0,1,5,0,6,0,0,0,0,0,0,1,5,0,6,0,0,0,6
10/05/2015,BTL,MI,AGL,CE,Federal Contract Tower,0,2,18,0,20,0,0,0,0,0,0,2,18,0,20,0,0,0,20
10/06/2015,BTL,MI,AGL,CE,Federal Contract Tower,0,3,14,0,17,0,0,4,0,4,0,3,18,0,21,6,0,6,27
10/07/2015,BTL,MI,AGL,CE,Federal Contract Tower,0,1,30,0,31,0,0,213,4,217,0,1,243,4,248,326,12,338,586
10/08/2015,BTL,MI,AGL,CE,Federal Contract Tower,0,3,21,0,24,0,0,84,8,92,0,3,105,8,116,102,56,158,274
10/09/2015,BTL,MI,AGL,CE,Federal Contract Tower,0,2,16,0,18,0,0,52,0,52,0,2,68,0,70,166,0,166,236
10/10/2015,BTL,MI,AGL,CE,Federal Contract Tower,0,1,8,0,9,0,0,79,0,79,0,1,87,0,88,102,0,102,190
10/11/2015,BTL,MI,AGL,CE,Federal Contract Tower,0,2,5,0,7,0,0,13,0,13,0,2,18,0,20,4,0,4,24
10/12/2015,BTL,MI,AGL,CE,Federal Contract Tower,0,8,20,0,28,0,0,114,0,114,0,8,134,0,142,168,0,168,310
10/13/2015,BTL,MI,AGL,CE,Federal Contract Tower,0,11,18,0,29,0,0,7,0,7,0,11,25,0,36,10,0,10,46
10/14/2015,BTL,MI,AGL,CE,Federal Contract Tower,0,6,30,0,36,0,0,148,0,148,0,6,178,0,184,353,3,356,540
10/15/2015,BTL,MI,AGL,CE,Federal Contract Tower,0,2,11,0,13,0,0,43,4,47,0,2,54,4,60,98,16,114,174
10/16/2015,BTL,MI,AGL,CE,Federal Contract Tower,0,2,20,0,22,0,0,63,0,63,0,2,83,0,85,176,0,176,261
10/17/2015,BTL,MI,AGL,CE,Federal Contract Tower,0,2,7,0,9,0,0,69,0,69,0,2,76,0,78,150,0,150,228
10/18/2015,BTL,MI,AGL,CE,Federal Contract Tower,0,3,8,0,11,0,0,31,0,31,0,3,39,0,42,2,0,2,44
10/19/2015,BTL,MI,AGL,CE,Federal Contract Tower,0,2,22,0,24,0,0,66,0,66,0,2,88,0,90,122,0,122,212
10/20/2015,BTL,MI,AGL,CE,Federal Contract Tower,0,1,9,0,10,0,0,95,0,95,0,1,104,0,105,194,0,194,299
10/21/2015,BTL,MI,AGL,CE,Federal Contract Tower,0,4,18,0,22,0,0,148,0,148,0,4,166,0,170,245,0,245,415
10/22/2015,BTL,MI,AGL,CE,Federal Contract Tower,0,2,28,0,30,0,0,147,0,147,0,2,175,0,177,212,0,212,389
10/23/2015,BTL,MI,AGL,CE,Federal Contract Tower,0,0,21,0,21,0,0,86,0,86,0,0,107,0,107,306,0,306,413
10/24/2015,BTL,MI,AGL,CE,Federal Contract Tower,0,1,3,0,4,0,0,11,0,11,0,1,14,0,15,10,0,10,25
10/25/2015,BTL,MI,AGL,CE,Federal Contract Tower,0,3,10,0,13,0,0,36,0,36,0,3,46,0,49,8,0,8,57
10/26/2015,BTL,MI,AGL,CE,Federal Contract Tower,0,6,24,0,30,0,0,149,0,149,0,6,173,0,179,296,0,296,475
10/27/2015,BTL,MI,AGL,CE,Federal Contract Tower,0,2,20,0,22,0,0,73,2,75,0,2,93,2,97,174,2,176,273
10/28/2015,BTL,MI,AGL,CE,Federal Contract Tower,0,7,9,0,16,0,0,2,0,2,0,7,11,0,18,0,0,0,18
10/29/2015,BTL,MI,AGL,CE,Federal Contract Tower,0,8,12,0,20,0,0,2,0,2,0,8,14,0,22,0,0,0,22
10/30/2015,BTL,MI,AGL,CE,Federal Contract Tower,0,11,27,0,38,0,0,142,0,142,0,11,169,0,180,282,0,282,462
10/31/2015,BTL,MI,AGL,CE,Federal Contract Tower,0,0,13,0,13,0,0,34,0,34,0,0,47,0,47,84,0,84,131
11/01/2015,BTL,MI,AGL,CE,Federal Contract Tower,0,4,4,0,8,0,0,2,0,2,0,4,6,0,10,2,0,2,12
11/02/2015,BTL,MI,AGL,CE,Federal Contract Tower,0,4,24,0,28,0,0,142,0,142,0,4,166,0,170,240,0,240,410
11/03/2015,BTL,MI,AGL,CE,Federal Contract Tower,0,3,26,0,29,0,0,141,0,141,0,3,167,0,170,274,0,274,444
11/04/2015,BTL,MI,AGL,CE,Federal Contract Tower,0,1,49,0,50,0,0,169,0,169,0,1,218,0,219,299,6,305,524
11/05/2015,BTL,MI,AGL,CE,Federal Contract Tower,0,3,28,0,31,0,0,75,0,75,0,3,103,0,106,158,0,158,264
11/06/2015,BTL,MI,AGL,CE,Federal Contract Tower,1,3,23,0,27,0,0,20,0,20,1,3,43,0,47,78,0,78,125
11/07/2015,BTL,MI,AGL,CE,Federal Contract Tower,0,1,7,0,8,0,0,81,0,81,0,1,88,0,89,202,0,202,291
11/08/2015,BTL,MI,AGL,CE,Federal Contract Tower,0,5,8,0,13,0,0,36,0,36,0,5,44,0,49,28,0,28,77
11/09/2015,BTL,MI,AGL,CE,Federal Contract Tower,0,0,32,0,32,0,0,160,0,160,0,0,192,0,192,352,0,352,544
11/10/2015,BTL,MI,AGL,CE,Federal Contract Tower,0,0,26,0,26,0,0,140,0,140,0,0,166,0,166,208,0,208,374
11/11/2015,BTL,MI,AGL,CE,Federal Contract Tower,0,3,27,0,30,0,0,118,0,118,0,3,145,0,148,234,0,234,382
11/12/2015,BTL,MI,AGL,CE,Federal Contract Tower,0,1,5,1,7,0,0,0,0,0,0,1,5,1,7,0,0,0,7
11/13/2015,BTL,MI,AGL,CE,Federal Contract Tower,0,2,13,1,16,0,0,6,0,6,0,2,19,1,22,4,0,4,26
11/14/2015,BTL,MI,AGL,CE,Federal Contract Tower,0,3,23,0,26,0,0,112,0,112,0,3,135,0,138,242,0,242,380
11/15/2015,BTL,MI,AGL,CE,Federal Contract Tower,0,1,2,0,3,0,0,39,0,39,0,1,41,0,42,20,0,20,62
11/16/2015,BTL,MI,AGL,CE,Federal Contract Tower,0,1,34,0,35,0,0,132,0,132,0,1,166,0,167,266,0,266,433
11/17/2015,BTL,MI,AGL,CE,Federal Contract Tower,0,6,19,0,25,0,0,56,4,60,0,6,75,4,85,81,4,85,170
11/18/2015,BTL,MI,AGL,CE,Federal Contract Tower,0,3,5,1,9,0,0,0,1,1,0,3,5,2,10,2,0,2,12
11/19/2015,BTL,MI,AGL,CE,Federal Contract Tower,0,6,13,0,19,0,0,20,0,20,0,6,33,0,39,6,0,6,45
11/20/2015,BTL,MI,AGL,CE,Federal Contract Tower,0,9,32,1,42,0,0,151,1,152,0,9,183,2,194,224,0,224,418
11/21/2015,BTL,MI,AGL,CE,Federal Contract Tower,0,1,1,0,2,0,0,0,0,0,0,1,1,0,2,0,0,0,2
11/22/2015,BTL,MI,AGL,CE,Federal Contract Tower,0,3,4,0,7,0,0,17,0,17,0,3,21,0,24,16,0,16,40
11/23/2015,BTL,MI,AGL,CE,Federal Contract Tower,0,4,24,0,28,0,0,98,0,98,0,4,122,0,126,254,0,254,380
11/24/2015,BTL,MI,AGL,CE,Federal Contract Tower,0,3,22,1,26,0,0,88,11,99,0,3,110,12,125,94,18,112,237
11/25/2015,BTL,MI,AGL,CE,Federal Contract Tower,0,3,21,0,24,0,1,75,0,76,0,4,96,0,100,138,0,138,238
11/26/2015,BTL,MI,AGL,CE,Federal Contract Tower,0,0,0,0,0,0,0,0,0,0,0,0,0,0,0,4,0,4,4
11/27/2015,BTL,MI,AGL,CE,Federal Contract Tower,0,1,0,0,1,0,0,0,0,0,0,1,0,0,1,0,0,0,1
11/28/2015,BTL,MI,AGL,CE,Federal Contract Tower,0,0,5,0,5,0,0,6,0,6,0,0,11,0,11,14,0,14,25
11/29/2015,BTL,MI,AGL,CE,Federal Contract Tower,0,0,3,0,3,0,0,55,0,55,0,0,58,0,58,58,0,58,116
11/30/2015,BTL,MI,AGL,CE,Federal Contract Tower,0,4,40,0,44,0,0,132,0,132,0,4,172,0,176,302,0,302,478
12/01/2015,BTL,MI,AGL,CE,Federal Contract Tower,0,8,8,0,16,0,0,7,8,15,0,8,15,8,31,17,40,57,88
12/02/2015,BTL,MI,AGL,CE,Federal Contract Tower,1,2,18,0,21,0,0,21,0,21,1,2,39,0,42,55,0,55,97
12/03/2015,BTL,MI,AGL,CE,Federal Contract Tower,0,1,38,0,39,0,0,40,6,46,0,1,78,6,85,122,40,162,247
12/04/2015,BTL,MI,AGL,CE,Federal Contract Tower,0,3,37,0,40,0,0,135,2,137,0,3,172,2,177,258,0,258,435
12/05/2015,BTL,MI,AGL,CE,Federal Contract Tower,0,4,5,0,9,0,0,48,0,48,0,4,53,0,57,98,0,98,155
12/06/2015,BTL,MI,AGL,CE,Federal Contract Tower,0,3,13,0,16,0,0,31,0,31,0,3,44,0,47,42,0,42,89
12/07/2015,BTL,MI,AGL,CE,Federal Contract Tower,0,3,13,0,16,0,0,0,0,0,0,3,13,0,16,0,0,0,16
12/08/2015,BTL,MI,AGL,CE,Federal Contract Tower,0,6,50,0,56,0,0,4,8,12,0,6,54,8,68,13,48,61,129
12/09/2015,BTL,MI,AGL,CE,Federal Contract Tower,0,5,44,0,49,0,0,71,3,74,0,5,115,3,123,156,20,176,299
12/10/2015,BTL,MI,AGL,CE,Federal Contract Tower,0,2,38,0,40,0,1,69,8,78,0,3,107,8,118,102,50,152,270
12/11/2015,BTL,MI,AGL,CE,Federal Contract Tower,0,5,49,1,55,0,0,150,1,151,0,5,199,2,206,262,4,266,472
12/12/2015,BTL,MI,AGL,CE,Federal Contract Tower,0,0,5,1,6,0,0,5,0,5,0,0,10,1,11,26,0,26,37
12/13/2015,BTL,MI,AGL,CE,Federal Contract Tower,0,3,4,0,7,0,0,0,0,0,0,3,4,0,7,0,0,0,7
12/14/2015,BTL,MI,AGL,CE,Federal Contract Tower,0,3,17,0,20,0,0,5,0,5,0,3,22,0,25,4,0,4,29
12/15/2015,BTL,MI,AGL,CE,Federal Contract Tower,0,4,35,0,39,0,0,38,0,38,0,4,73,0,77,116,0,116,193
12/16/2015,BTL,MI,AGL,CE,Federal Contract Tower,0,2,28,0,30,0,0,13,2,15,0,2,41,2,45,17,12,29,74
12/17/2015,BTL,MI,AGL,CE,Federal Contract Tower,0,6,13,1,20,0,0,24,5,29,0,6,37,6,49,58,26,84,133
12/18/2015,BTL,MI,AGL,CE,Federal Contract Tower,0,6,19,0,25,0,0,11,4,15,0,6,30,4,40,18,16,34,74
12/19/2015,BTL,MI,AGL,CE,Federal Contract Tower,0,3,4,0,7,0,0,7,0,7,0,3,11,0,14,0,0,0,14
12/20/2015,BTL,MI,AGL,CE,Federal Contract Tower,0,0,4,0,4,0,0,23,0,23,0,0,27,0,27,4,0,4,31
12/21/2015,BTL,MI,AGL,CE,Federal Contract Tower,0,3,6,0,9,0,0,0,0,0,0,3,6,0,9,2,0,2,11
12/22/2015,BTL,MI,AGL,CE,Federal Contract Tower,0,2,27,0,29,0,0,9,0,9,0,2,36,0,38,24,0,24,62
12/23/2015,BTL,MI,AGL,CE,Federal Contract Tower,0,2,6,0,8,0,0,0,0,0,0,2,6,0,8,0,0,0,8
12/24/2015,BTL,MI,AGL,CE,Federal Contract Tower,0,2,7,0,9,0,0,28,0,28,0,2,35,0,37,24,0,24,61
12/26/2015,BTL,MI,AGL,CE,Federal Contract Tower,0,2,2,0,4,0,0,0,0,0,0,2,2,0,4,0,0,0,4
12/27/2015,BTL,MI,AGL,CE,Federal Contract Tower,0,0,2,0,2,0,0,0,0,0,0,0,2,0,2,0,0,0,2
12/28/2015,BTL,MI,AGL,CE,Federal Contract Tower,0,0,2,0,2,0,0,0,0,0,0,0,2,0,2,0,0,0,2
12/29/2015,BTL,MI,AGL,CE,Federal Contract Tower,0,7,6,0,13,0,0,2,0,2,0,7,8,0,15,2,0,2,17
12/30/2015,BTL,MI,AGL,CE,Federal Contract Tower,0,1,4,0,5,0,0,2,6,8,0,1,6,6,13,1,30,31,44
12/31/2015,BTL,MI,AGL,CE,Federal Contract Tower,0,2,7,0,9,0,0,0,0,0,0,2,7,0,9,2,0,2,11
01/01/2016,BTL,MI,AGL,CE,Federal Contract Tower,0,1,0,0,1,0,0,0,0,0,0,1,0,0,1,0,0,0,1
01/02/2016,BTL,MI,AGL,CE,Federal Contract Tower,0,1,0,0,1,0,0,9,0,9,0,1,9,0,10,8,0,8,18
01/03/2016,BTL,MI,AGL,CE,Federal Contract Tower,0,1,3,0,4,0,0,0,0,0,0,1,3,0,4,0,0,0,4
01/04/2016,BTL,MI,AGL,CE,Federal Contract Tower,0,0,21,0,21,0,0,23,0,23,0,0,44,0,44,56,0,56,100
01/05/2016,BTL,MI,AGL,CE,Federal Contract Tower,0,0,26,0,26,0,0,109,0,109,0,0,135,0,135,181,0,181,316
01/06/2016,BTL,MI,AGL,CE,Federal Contract Tower,0,3,20,0,23,0,0,74,8,82,0,3,94,8,105,112,42,154,259
01/07/2016,BTL,MI,AGL,CE,Federal Contract Tower,0,2,23,6,31,0,0,61,1,62,0,2,84,7,93,88,14,102,195
01/08/2016,BTL,MI,AGL,CE,Federal Contract Tower,0,0,5,0,5,0,0,0,0,0,0,0,5,0,5,0,0,0,5
01/09/2016,BTL,MI,AGL,CE,Federal Contract Tower,0,2,2,0,4,0,0,0,0,0,0,2,2,0,4,0,0,0,4
01/10/2016,BTL,MI,AGL,CE,Federal Contract Tower,0,0,0,0,0,0,0,0,0,0,0,0,0,0,0,0,0,0,0
01/11/2016,BTL,MI,AGL,CE,Federal Contract Tower,0,0,28,0,28,0,0,52,0,52,0,0,80,0,80,124,0,124,204
01/12/2016,BTL,MI,AGL,CE,Federal Contract Tower,0,1,9,0,10,0,0,0,0,0,0,1,9,0,10,0,0,0,10
01/13/2016,BTL,MI,AGL,CE,Federal Contract Tower,0,1,19,0,20,0,0,13,0,13,0,1,32,0,33,42,0,42,75
01/14/2016,BTL,MI,AGL,CE,Federal Contract Tower,0,5,23,0,28,0,0,111,11,122,0,5,134,11,150,154,88,242,392
01/15/2016,BTL,MI,AGL,CE,Federal Contract Tower,0,0,20,0,20,0,0,29,0,29,0,0,49,0,49,56,0,56,105
01/16/2016,BTL,MI,AGL,CE,Federal Contract Tower,0,1,9,0,10,0,0,37,0,37,0,1,46,0,47,78,0,78,125
01/17/2016,BTL,MI,AGL,CE,Federal Contract Tower,0,0,3,0,3,0,0,0,0,0,0,0,3,0,3,4,0,4,7
01/18/2016,BTL,MI,AGL,CE,Federal Contract Tower,0,1,10,0,11,0,0,0,0,0,0,1,10,0,11,4,0,4,15
01/19/2016,BTL,MI,AGL,CE,Federal Contract Tower,0,6,28,0,34,0,1,115,7,123,0,7,143,7,157,193,50,243,400
01/20/2016,BTL,MI,AGL,CE,Federal Contract Tower,0,3,18,0,21,0,0,67,8,75,0,3,85,8,96,100,24,124,220
01/21/2016,BTL,MI,AGL,CE,Federal Contract Tower,0,10,15,0,25,0,0,80,2,82,0,10,95,2,107,116,28,144,251
01/22/2016,BTL,MI,AGL,CE,Federal Contract Tower,0,4,27,0,31,0,0,108,0,108,0,4,135,0,139,192,0,192,331
01/23/2016,BTL,MI,AGL,CE,Federal Contract Tower,0,2,25,0,27,0,0,121,0,121,0,2,146,0,148,268,0,268,416
01/24/2016,BTL,MI,AGL,CE,Federal Contract Tower,0,3,2,0,5,0,0,16,0,16,0,3,18,0,21,10,2,12,33
01/25/2016,BTL,MI,AGL,CE,Federal Contract Tower,0,3,36,0,39,0,0,122,0,122,0,3,158,0,161,252,0,252,413
01/26/2016,BTL,MI,AGL,CE,Federal Contract Tower,0,0,9,0,9,0,0,0,0,0,0,0,9,0,9,1,0,1,10
01/27/2016,BTL,MI,AGL,CE,Federal Contract Tower,0,2,13,0,15,0,0,56,8,64,0,2,69,8,79,134,14,148,227
01/28/2016,BTL,MI,AGL,CE,Federal Contract Tower,0,1,13,0,14,0,0,9,3,12,0,1,22,3,26,18,56,74,100
01/29/2016,BTL,MI,AGL,CE,Federal Contract Tower,0,4,33,1,38,0,0,174,5,179,0,4,207,6,217,214,14,228,445
01/30/2016,BTL,MI,AGL,CE,Federal Contract Tower,0,1,18,0,19,0,0,118,0,118,0,1,136,0,137,226,0,226,363
01/31/2016,BTL,MI,AGL,CE,Federal Contract Tower,0,4,3,0,7,0,0,0,0,0,0,4,3,0,7,0,0,0,7
02/01/2016,BTL,MI,AGL,CE,Federal Contract Tower,0,7,22,0,29,0,0,64,0,64,0,7,86,0,93,78,0,78,171
02/02/2016,BTL,MI,AGL,CE,Federal Contract Tower,0,3,18,0,21,0,0,26,0,26,0,3,44,0,47,58,0,58,105
02/03/2016,BTL,MI,AGL,CE,Federal Contract Tower,0,4,6,0,10,0,0,3,0,3,0,4,9,0,13,6,0,6,19
02/04/2016,BTL,MI,AGL,CE,Federal Contract Tower,0,4,20,0,24,0,0,28,2,30,0,4,48,2,54,36,10,46,100
02/05/2016,BTL,MI,AGL,CE,Federal Contract Tower,0,3,31,0,34,0,0,153,0,153,0,3,184,0,187,230,0,230,417
02/06/2016,BTL,MI,AGL,CE,Federal Contract Tower,0,4,20,0,24,0,0,114,18,132,0,4,134,18,156,224,26,250,406
02/07/2016,BTL,MI,AGL,CE,Federal Contract Tower,0,1,5,0,6,0,0,6,0,6,0,1,11,0,12,2,0,2,14
02/08/2016,BTL,MI,AGL,CE,Federal Contract Tower,0,1,10,1,12,0,0,29,1,30,0,1,39,2,42,84,10,94,136
02/09/2016,BTL,MI,AGL,CE,Federal Contract Tower,0,0,11,0,11,0,0,2,6,8,0,0,13,6,19,10,22,32,51
02/10/2016,BTL,MI,AGL,CE,Federal Contract Tower,0,2,18,0,20,0,0,30,2,32,0,2,48,2,52,62,8,70,122
02/11/2016,BTL,MI,AGL,CE,Federal Contract Tower,0,2,30,0,32,0,0,126,0,126,0,2,156,0,158,184,0,184,342
02/12/2016,BTL,MI,AGL,CE,Federal Contract Tower,0,4,6,0,10,0,0,9,0,9,0,4,15,0,19,16,0,16,35
02/13/2016,BTL,MI,AGL,CE,Federal Contract Tower,0,3,11,0,14,0,0,46,0,46,0,3,57,0,60,112,0,112,172
02/14/2016,BTL,MI,AGL,CE,Federal Contract Tower,0,2,6,0,8,0,0,2,0,2,0,2,8,0,10,4,0,4,14
02/15/2016,BTL,MI,AGL,CE,Federal Contract Tower,0,1,6,0,7,0,0,0,0,0,0,1,6,0,7,0,0,0,7
02/16/2016,BTL,MI,AGL,CE,Federal Contract Tower,0,3,6,0,9,0,0,11,0,11,0,3,17,0,20,37,0,37,57
02/17/2016,BTL,MI,AGL,CE,Federal Contract Tower,0,8,35,1,44,0,0,185,3,188,0,8,220,4,232,161,18,179,411
02/18/2016,BTL,MI,AGL,CE,Federal Contract Tower,0,7,40,0,47,0,0,169,10,179,0,7,209,10,226,200,68,268,494
02/19/2016,BTL,MI,AGL,CE,Federal Contract Tower,0,10,10,0,20,0,0,9,0,9,0,10,19,0,29,2,0,2,31
02/20/2016,BTL,MI,AGL,CE,Federal Contract Tower,0,6,23,0,29,0,0,84,0,84,0,6,107,0,113,100,0,100,213
02/21/2016,BTL,MI,AGL,CE,Federal Contract Tower,0,2,9,0,11,0,0,24,0,24,0,2,33,0,35,42,0,42,77
02/22/2016,BTL,MI,AGL,CE,Federal Contract Tower,0,5,29,0,34,0,0,114,0,114,0,5,143,0,148,230,0,230,378
02/23/2016,BTL,MI,AGL,CE,Federal Contract Tower,0,5,43,0,48,0,1,171,9,181,0,6,214,9,229,170,21,191,420
02/24/2016,BTL,MI,AGL,CE,Federal Contract Tower,0,1,1,0,2,0,0,0,0,0,0,1,1,0,2,0,0,0,2
02/25/2016,BTL,MI,AGL,CE,Federal Contract Tower,0,4,1,0,5,0,0,1,0,1,0,4,2,0,6,0,0,0,6
02/26/2016,BTL,MI,AGL,CE,Federal Contract Tower,0,5,38,1,44,0,0,146,4,150,0,5,184,5,194,328,17,345,539
02/27/2016,BTL,MI,AGL,CE,Federal Contract Tower,0,5,23,0,28,0,0,110,0,110,0,5,133,0,138,185,0,185,323
02/28/2016,BTL,MI,AGL,CE,Federal Contract Tower,0,5,6,1,12,0,0,4,0,4,0,5,10,1,16,8,0,8,24
02/29/2016,BTL,MI,AGL,CE,Federal Contract Tower,0,3,33,0,36,0,0,95,4,99,0,3,128,4,135,152,0,152,287
03/01/2016,BTL,MI,AGL,CE,Federal Contract Tower,0,0,8,0,8,0,0,0,0,0,0,0,8,0,8,0,0,0,8
03/02/2016,BTL,MI,AGL,CE,Federal Contract Tower,0,2,23,0,25,0,0,28,3,31,0,2,51,3,56,8,6,14,70
03/03/2016,BTL,MI,AGL,CE,Federal Contract Tower,0,0,6,0,6,0,0,0,0,0,0,0,6,0,6,0,0,0,6
03/04/2016,BTL,MI,AGL,CE,Federal Contract Tower,0,1,25,0,26,0,0,105,4,109,0,1,130,4,135,178,20,198,333
03/05/2016,BTL,MI,AGL,CE,Federal Contract Tower,0,2,1,0,3,0,0,0,0,0,0,2,1,0,3,0,0,0,3
03/06/2016,BTL,MI,AGL,CE,Federal Contract Tower,0,2,7,0,9,0,0,6,0,6,0,2,13,0,15,10,0,10,25
03/07/2016,BTL,MI,AGL,CE,Federal Contract Tower,0,2,25,0,27,0,0,80,0,80,0,2,105,0,107,192,0,192,299
03/08/2016,BTL,MI,AGL,CE,Federal Contract Tower,0,6,18,0,24,0,0,68,6,74,0,6,86,6,98,157,22,179,277
03/09/2016,BTL,MI,AGL,CE,Federal Contract Tower,0,6,12,0,18,0,0,18,10,28,0,6,30,10,46,30,34,64,110
03/10/2016,BTL,MI,AGL,CE,Federal Contract Tower,0,3,15,0,18,0,0,19,8,27,0,3,34,8,45,47,56,103,148
03/11/2016,BTL,MI,AGL,CE,Federal Contract Tower,0,3,23,0,26,0,0,104,0,104,0,3,127,0,130,190,0,190,320
03/12/2016,BTL,MI,AGL,CE,Federal Contract Tower,0,1,8,0,9,0,0,42,0,42,0,1,50,0,51,118,0,118,169
03/13/2016,BTL,MI,AGL,CE,Federal Contract Tower,0,1,6,0,7,0,0,0,0,0,0,1,6,0,7,0,0,0,7
03/14/2016,BTL,MI,AGL,CE,Federal Contract Tower,0,5,13,0,18,0,0,0,0,0,0,5,13,0,18,0,0,0,18
03/15/2016,BTL,MI,AGL,CE,Federal Contract Tower,0,4,27,0,31,0,0,76,2,78,0,4,103,2,109,178,4,182,291
03/16/2016,BTL,MI,AGL,CE,Federal Contract Tower,0,1,8,0,9,0,0,0,2,2,0,1,8,2,11,5,16,21,32
03/17/2016,BTL,MI,AGL,CE,Federal Contract Tower,0,4,18,0,22,0,0,58,4,62,0,4,76,4,84,45,8,53,137
03/18/2016,BTL,MI,AGL,CE,Federal Contract Tower,0,1,50,0,51,0,0,196,22,218,0,1,246,22,269,332,0,332,601
03/19/2016,BTL,MI,AGL,CE,Federal Contract Tower,0,5,24,0,29,0,0,126,0,126,0,5,150,0,155,258,0,258,413
03/20/2016,BTL,MI,AGL,CE,Federal Contract Tower,0,2,8,0,10,0,0,29,0,29,0,2,37,0,39,24,0,24,63
03/21/2016,BTL,MI,AGL,CE,Federal Contract Tower,0,4,50,0,54,0,0,186,4,190,0,4,236,4,244,283,2,285,529
03/22/2016,BTL,MI,AGL,CE,Federal Contract Tower,0,3,36,1,40,0,0,134,0,134,0,3,170,1,174,244,2,246,420
03/23/2016,BTL,MI,AGL,CE,Federal Contract Tower,0,2,13,0,15,0,2,15,0,17,0,4,28,0,32,48,0,48,80
03/24/2016,BTL,MI,AGL,CE,Federal Contract Tower,0,3,3,0,6,0,0,0,0,0,0,3,3,0,6,0,0,0,6
03/25/2016,BTL,MI,AGL,CE,Federal Contract Tower,0,4,41,0,45,0,0,99,0,99,0,4,140,0,144,310,0,310,454
03/26/2016,BTL,MI,AGL,CE,Federal Contract Tower,0,4,20,0,24,0,0,127,0,127,0,4,147,0,151,223,0,223,374
03/27/2016,BTL,MI,AGL,CE,Federal Contract Tower,0,3,3,0,6,0,0,3,0,3,0,3,6,0,9,2,0,2,11
03/28/2016,BTL,MI,AGL,CE,Federal Contract Tower,0,2,12,0,14,0,0,9,1,10,0,2,21,1,24,4,2,6,30
03/29/2016,BTL,MI,AGL,CE,Federal Contract Tower,0,4,37,0,41,0,0,221,4,225,0,4,258,4,266,395,28,423,689
03/30/2016,BTL,MI,AGL,CE,Federal Contract Tower,0,2,26,0,28,0,0,76,6,82,0,2,102,6,110,118,40,158,268
03/31/2016,BTL,MI,AGL,CE,Federal Contract Tower,0,4,4,0,8,0,0,0,0,0,0,4,4,0,8,0,0,0,8
04/01/2016,BTL,MI,AGL,CE,Federal Contract Tower,0,3,31,0,34,0,0,133,0,133,0,3,164,0,167,367,0,367,534
04/02/2016,BTL,MI,AGL,CE,Federal Contract Tower,0,3,3,0,6,0,0,17,0,17,0,3,20,0,23,36,0,36,59
04/03/2016,BTL,MI,AGL,CE,Federal Contract Tower,0,7,8,0,15,0,6,21,0,27,0,13,29,0,42,24,0,24,66
04/04/2016,BTL,MI,AGL,CE,Federal Contract Tower,0,7,15,0,22,0,0,29,0,29,0,7,44,0,51,66,0,66,117
04/05/2016,BTL,MI,AGL,CE,Federal Contract Tower,0,3,54,0,57,0,0,158,12,170,0,3,212,12,227,374,12,386,613
04/06/2016,BTL,MI,AGL,CE,Federal Contract Tower,0,1,6,0,7,0,0,3,0,3,0,1,9,0,10,0,0,0,10
04/07/2016,BTL,MI,AGL,CE,Federal Contract Tower,0,4,2,0,6,0,0,0,0,0,0,4,2,0,6,0,0,0,6
04/08/2016,BTL,MI,AGL,CE,Federal Contract Tower,0,2,15,0,17,0,0,56,0,56,0,2,71,0,73,128,0,128,201
04/09/2016,BTL,MI,AGL,CE,Federal Contract Tower,0,3,6,0,9,0,0,63,0,63,0,3,69,0,72,102,0,102,174
04/10/2016,BTL,MI,AGL,CE,Federal Contract Tower,0,3,2,0,5,0,0,0,0,0,0,3,2,0,5,0,0,0,5
04/11/2016,BTL,MI,AGL,CE,Federal Contract Tower,0,6,57,0,63,0,0,124,0,124,0,6,181,0,187,188,0,188,375
04/12/2016,BTL,MI,AGL,CE,Federal Contract Tower,0,6,43,0,49,0,0,163,0,163,0,6,206,0,212,346,2,348,560
04/13/2016,BTL,MI,AGL,CE,Federal Contract Tower,0,2,37,0,39,0,1,189,6,196,0,3,226,6,235,293,26,319,554
04/14/2016,BTL,MI,AGL,CE,Federal Contract Tower,0,1,35,0,36,0,0,160,2,162,0,1,195,2,198,255,18,273,471
04/15/2016,BTL,MI,AGL,CE,Federal Contract Tower,0,3,47,0,50,0,0,175,0,175,0,3,222,0,225,290,0,290,515
04/16/2016,BTL,MI,AGL,CE,Federal Contract Tower,0,6,32,0,38,0,0,233,0,233,0,6,265,0,271,312,0,312,583
04/17/2016,BTL,MI,AGL,CE,Federal Contract Tower,0,1,14,0,15,0,0,55,0,55,0,1,69,0,70,152,0,152,222
04/18/2016,BTL,MI,AGL,CE,Federal Contract Tower,0,2,35,0,37,0,0,141,0,141,0,2,176,0,178,224,0,224,402
04/19/2016,BTL,MI,AGL,CE,Federal Contract Tower,0,4,25,0,29,0,2,127,4,133,0,6,152,4,162,249,6,255,417
04/20/2016,BTL,MI,AGL,CE,Federal Contract Tower,0,4,27,0,31,0,0,121,12,133,0,4,148,12,164,239,21,260,424
04/21/2016,BTL,MI,AGL,CE,Federal Contract Tower,0,8,16,0,24,0,0,2,0,2,0,8,18,0,26,2,0,2,28
04/22/2016,BTL,MI,AGL,CE,Federal Contract Tower,0,4,32,0,36,0,0,14,0,14,0,4,46,0,50,40,0,40,90
04/23/2016,BTL,MI,AGL,CE,Federal Contract Tower,0,4,19,1,24,0,0,167,0,167,0,4,186,1,191,446,0,446,637
04/24/2016,BTL,MI,AGL,CE,Federal Contract Tower,0,7,6,1,14,0,0,60,8,68,0,7,66,9,82,148,16,164,246
04/25/2016,BTL,MI,AGL,CE,Federal Contract Tower,0,1,27,0,28,0,0,78,4,82,0,1,105,4,110,252,0,252,362
04/26/2016,BTL,MI,AGL,CE,Federal Contract Tower,0,7,19,0,26,0,0,2,8,10,0,7,21,8,36,15,56,71,107
04/27/2016,BTL,MI,AGL,CE,Federal Contract Tower,0,3,42,0,45,0,0,124,2,126,0,3,166,2,171,228,10,238,409
04/28/2016,BTL,MI,AGL,CE,Federal Contract Tower,0,8,29,0,37,0,0,9,0,9,0,8,38,0,46,56,0,56,102
04/29/2016,BTL,MI,AGL,CE,Federal Contract Tower,0,14,31,0,45,0,0,71,22,93,0,14,102,22,138,210,0,210,348
04/30/2016,BTL,MI,AGL,CE,Federal Contract Tower,0,1,17,0,18,0,0,79,8,87,0,1,96,8,105,226,0,226,331
05/01/2016,BTL,MI,AGL,CE,Federal Contract Tower,0,2,3,0,5,0,0,0,0,0,0,2,3,0,5,0,0,0,5
05/02/2016,BTL,MI,AGL,CE,Federal Contract Tower,0,3,40,0,43,0,0,50,0,50,0,3,90,0,93,160,0,160,253
05/03/2016,BTL,MI,AGL,CE,Federal Contract Tower,0,0,32,0,32,0,0,208,0,208,0,0,240,0,240,230,0,230,470
05/04/2016,BTL,MI,AGL,CE,Federal Contract Tower,0,2,6,0,8,0,0,2,0,2,0,2,8,0,10,2,0,2,12
05/05/2016,BTL,MI,AGL,CE,Federal Contract Tower,0,2,23,0,25,0,0,96,0,96,0,2,119,0,121,150,0,150,271
05/06/2016,BTL,MI,AGL,CE,Federal Contract Tower,0,5,24,2,31,0,0,114,0,114,0,5,138,2,145,192,0,192,337
05/07/2016,BTL,MI,AGL,CE,Federal Contract Tower,0,2,10,0,12,0,0,35,0,35,0,2,45,0,47,44,0,44,91
05/08/2016,BTL,MI,AGL,CE,Federal Contract Tower,0,10,3,2,15,0,0,24,0,24,0,10,27,2,39,20,0,20,59
05/09/2016,BTL,MI,AGL,CE,Federal Contract Tower,0,8,21,0,29,0,0,109,0,109,0,8,130,0,138,230,0,230,368
05/10/2016,BTL,MI,AGL,CE,Federal Contract Tower,0,2,23,0,25,0,0,2,0,2,0,2,25,0,27,4,0,4,31
05/11/2016,BTL,MI,AGL,CE,Federal Contract Tower,0,2,43,0,45,0,1,38,6,45,0,3,81,6,90,146,24,170,260
05/12/2016,BTL,MI,AGL,CE,Federal Contract Tower,0,3,18,5,26,0,0,50,3,53,0,3,68,8,79,96,4,100,179
05/13/2016,BTL,MI,AGL,CE,Federal Contract Tower,0,5,29,8,42,0,0,102,4,106,0,5,131,12,148,166,4,170,318
05/14/2016,BTL,MI,AGL,CE,Federal Contract Tower,0,2,12,1,15,0,0,7,0,7,0,2,19,1,22,24,0,24,46
05/15/2016,BTL,MI,AGL,CE,Federal Contract Tower,0,1,4,6,11,0,0,31,3,34,0,1,35,9,45,18,0,18,63
05/16/2016,BTL,MI,AGL,CE,Federal Contract Tower,0,1,39,0,40,0,0,104,0,104,0,1,143,0,144,192,0,192,336
05/17/2016,BTL,MI,AGL,CE,Federal Contract Tower,0,1,34,0,35,0,0,108,4,112,0,1,142,4,147,185,34,219,366
05/18/2016,BTL,MI,AGL,CE,Federal Contract Tower,0,4,36,0,40,0,0,176,4,180,0,4,212,4,220,293,6,299,519
05/19/2016,BTL,MI,AGL,CE,Federal Contract Tower,0,7,32,0,39,0,0,153,3,156,0,7,185,3,195,300,0,300,495
05/20/2016,BTL,MI,AGL,CE,Federal Contract Tower,0,7,30,0,37,0,0,135,0,135,0,7,165,0,172,192,0,192,364
05/21/2016,BTL,MI,AGL,CE,Federal Contract Tower,0,6,8,0,14,0,0,79,0,79,0,6,87,0,93,96,0,96,189
05/22/2016,BTL,MI,AGL,CE,Federal Contract Tower,0,9,5,0,14,0,0,24,0,24,0,9,29,0,38,26,0,26,64
05/23/2016,BTL,MI,AGL,CE,Federal Contract Tower,0,2,31,0,33,0,0,181,0,181,0,2,212,0,214,300,0,300,514
05/24/2016,BTL,MI,AGL,CE,Federal Contract Tower,0,1,42,2,45,0,0,148,8,156,0,1,190,10,201,258,42,300,501
05/25/2016,BTL,MI,AGL,CE,Federal Contract Tower,0,4,27,5,36,0,0,117,0,117,0,4,144,5,153,300,2,302,455
05/26/2016,BTL,MI,AGL,CE,Federal Contract Tower,0,6,32,2,40,0,0,47,0,47,0,6,79,2,87,74,0,74,161
05/27/2016,BTL,MI,AGL,CE,Federal Contract Tower,0,5,17,2,24,0,0,73,2,75,0,5,90,4,99,149,0,149,248
05/28/2016,BTL,MI,AGL,CE,Federal Contract Tower,0,2,3,1,6,0,0,18,1,19,0,2,21,2,25,12,2,14,39
05/29/2016,BTL,MI,AGL,CE,Federal Contract Tower,0,3,0,0,3,0,0,17,0,17,0,3,17,0,20,6,0,6,26
05/30/2016,BTL,MI,AGL,CE,Federal Contract Tower,0,4,4,0,8,0,0,16,0,16,0,4,20,0,24,20,0,20,44
05/31/2016,BTL,MI,AGL,CE,Federal Contract Tower,0,8,22,0,30,0,0,141,0,141,0,8,163,0,171,194,0,194,365
06/01/2016,BTL,MI,AGL,CE,Federal Contract Tower,0,6,32,0,38,0,0,112,2,114,0,6,144,2,152,218,0,218,370
06/02/2016,BTL,MI,AGL,CE,Federal Contract Tower,0,1,39,0,40,0,0,128,2,130,0,1,167,2,170,196,0,196,366
06/03/2016,BTL,MI,AGL,CE,Federal Contract Tower,0,1,30,0,31,0,0,122,0,122,0,1,152,0,153,196,6,202,355
06/04/2016,BTL,MI,AGL,CE,Federal Contract Tower,0,0,8,0,8,0,0,43,0,43,0,0,51,0,51,57,0,57,108
06/05/2016,BTL,MI,AGL,CE,Federal Contract Tower,0,1,9,0,10,0,0,2,0,2,0,1,11,0,12,0,0,0,12
06/06/2016,BTL,MI,AGL,CE,Federal Contract Tower,0,1,20,1,22,0,0,98,0,98,0,1,118,1,120,130,2,132,252
06/07/2016,BTL,MI,AGL,CE,Federal Contract Tower,0,2,40,0,42,0,0,33,2,35,0,2,73,2,77,117,12,129,206
06/08/2016,BTL,MI,AGL,CE,Federal Contract Tower,0,1,35,0,36,0,0,146,2,148,0,1,181,2,184,286,16,302,486
06/09/2016,BTL,MI,AGL,CE,Federal Contract Tower,0,0,39,0,39,0,0,132,4,136,0,0,171,4,175,229,0,229,404
06/10/2016,BTL,MI,AGL,CE,Federal Contract Tower,0,1,19,0,20,0,1,95,0,96,0,2,114,0,116,144,0,144,260
06/11/2016,BTL,MI,AGL,CE,Federal Contract Tower,0,3,9,0,12,0,0,58,0,58,0,3,67,0,70,88,0,88,158
06/12/2016,BTL,MI,AGL,CE,Federal Contract Tower,0,4,3,0,7,0,0,44,0,44,0,4,47,0,51,34,0,34,85
06/13/2016,BTL,MI,AGL,CE,Federal Contract Tower,0,1,25,0,26,0,0,124,0,124,0,1,149,0,150,239,0,239,389
06/14/2016,BTL,MI,AGL,CE,Federal Contract Tower,0,2,19,3,24,0,0,105,5,110,0,2,124,8,134,165,14,179,313
06/15/2016,BTL,MI,AGL,CE,Federal Contract Tower,0,0,29,0,29,0,0,88,12,100,0,0,117,12,129,195,36,231,360
06/16/2016,BTL,MI,AGL,CE,Federal Contract Tower,0,4,34,0,38,0,0,0,2,2,0,4,34,2,40,1,0,1,41
06/17/2016,BTL,MI,AGL,CE,Federal Contract Tower,0,4,30,7,41,0,0,131,4,135,0,4,161,11,176,172,2,174,350
06/18/2016,BTL,MI,AGL,CE,Federal Contract Tower,0,2,12,0,14,0,0,74,1,75,0,2,86,1,89,153,0,153,242
06/19/2016,BTL,MI,AGL,CE,Federal Contract Tower,0,0,0,0,0,0,0,28,0,28,0,0,28,0,28,10,0,10,38
06/20/2016,BTL,MI,AGL,CE,Federal Contract Tower,0,1,18,0,19,0,0,55,0,55,0,1,73,0,74,142,0,142,216
06/21/2016,BTL,MI,AGL,CE,Federal Contract Tower,0,3,31,4,38,0,0,110,10,120,0,3,141,14,158,146,52,198,356
06/22/2016,BTL,MI,AGL,CE,Federal Contract Tower,0,1,32,0,33,0,0,130,0,130,0,1,162,0,163,214,0,214,377
06/23/2016,BTL,MI,AGL,CE,Federal Contract Tower,0,1,29,10,40,0,0,58,6,64,0,1,87,16,104,126,36,162,266
06/24/2016,BTL,MI,AGL,CE,Federal Contract Tower,0,2,23,0,25,0,0,124,0,124,0,2,147,0,149,195,4,199,348
06/25/2016,BTL,MI,AGL,CE,Federal Contract Tower,0,1,10,0,11,0,0,64,1,65,0,1,74,1,76,130,2,132,208
06/26/2016,BTL,MI,AGL,CE,Federal Contract Tower,0,1,2,0,3,0,0,2,0,2,0,1,4,0,5,0,0,0,5
06/27/2016,BTL,MI,AGL,CE,Federal Contract Tower,0,0,36,0,36,0,0,65,0,65,0,0,101,0,101,112,0,112,213
06/28/2016,BTL,MI,AGL,CE,Federal Contract Tower,0,2,46,5,53,0,0,65,3,68,0,2,111,8,121,140,0,140,261
06/29/2016,BTL,MI,AGL,CE,Federal Contract Tower,0,5,27,7,39,0,1,116,4,121,0,6,143,11,160,213,22,235,395
06/30/2016,BTL,MI,AGL,CE,Federal Contract Tower,0,2,25,0,27,0,0,85,1,86,0,2,110,1,113,131,0,131,244
07/01/2016,BTL,MI,AGL,CE,Federal Contract Tower,0,4,12,3,19,0,0,21,2,23,0,4,33,5,42,26,0,26,68
07/02/2016,BTL,MI,AGL,CE,Federal Contract Tower,0,0,2,1,3,0,0,64,1,65,0,0,66,2,68,57,0,57,125
07/03/2016,BTL,MI,AGL,CE,Federal Contract Tower,0,1,1,0,2,0,0,88,0,88,0,1,89,0,90,6,0,6,96
07/04/2016,BTL,MI,AGL,CE,Federal Contract Tower,0,0,1,2,3,0,0,53,0,53,0,0,54,2,56,26,0,26,82
07/05/2016,BTL,MI,AGL,CE,Federal Contract Tower,0,3,17,8,28,0,0,73,3,76,0,3,90,11,104,167,1,168,272
07/06/2016,BTL,MI,AGL,CE,Federal Contract Tower,0,2,35,0,37,0,0,90,6,96,0,2,125,6,133,109,22,131,264
07/07/2016,BTL,MI,AGL,CE,Federal Contract Tower,0,3,35,0,38,0,0,104,0,104,0,3,139,0,142,221,0,221,363
07/08/2016,BTL,MI,AGL,CE,Federal Contract Tower,0,4,22,0,26,0,0,49,4,53,0,4,71,4,79,122,30,152,231
07/09/2016,BTL,MI,AGL,CE,Federal Contract Tower,0,1,15,0,16,0,0,41,0,41,0,1,56,0,57,92,0,92,149
07/10/2016,BTL,MI,AGL,CE,Federal Contract Tower,0,0,3,0,3,0,0,39,3,42,0,0,42,3,45,22,8,30,75
07/11/2016,BTL,MI,AGL,CE,Federal Contract Tower,0,11,32,0,43,0,0,101,0,101,0,11,133,0,144,196,0,196,340
07/12/2016,BTL,MI,AGL,CE,Federal Contract Tower,0,3,12,0,15,0,0,91,0,91,0,3,103,0,106,202,0,202,308
07/13/2016,BTL,MI,AGL,CE,Federal Contract Tower,0,2,29,0,31,0,0,23,0,23,0,2,52,0,54,10,0,10,64
07/14/2016,BTL,MI,AGL,CE,Federal Contract Tower,0,4,30,0,34,0,0,129,0,129,0,4,159,0,163,177,0,177,340
07/15/2016,BTL,MI,AGL,CE,Federal Contract Tower,0,4,41,6,51,0,0,109,2,111,0,4,150,8,162,131,0,131,293
07/16/2016,BTL,MI,AGL,CE,Federal Contract Tower,0,6,14,0,20,0,0,65,0,65,0,6,79,0,85,43,0,43,128
07/17/2016,BTL,MI,AGL,CE,Federal Contract Tower,0,0,6,0,6,0,0,9,0,9,0,0,15,0,15,0,0,0,15
07/18/2016,BTL,MI,AGL,CE,Federal Contract Tower,0,0,33,0,33,0,0,101,0,101,0,0,134,0,134,239,0,239,373
07/19/2016,BTL,MI,AGL,CE,Federal Contract Tower,0,3,21,0,24,0,0,153,0,153,0,3,174,0,177,244,0,244,421
07/20/2016,BTL,MI,AGL,CE,Federal Contract Tower,0,1,28,0,29,0,0,114,2,116,0,1,142,2,145,176,18,194,339
07/21/2016,BTL,MI,AGL,CE,Federal Contract Tower,0,10,16,0,26,0,0,63,4,67,0,10,79,4,93,112,0,112,205
07/22/2016,BTL,MI,AGL,CE,Federal Contract Tower,0,4,25,0,29,0,0,126,3,129,0,4,151,3,158,196,0,196,354
07/23/2016,BTL,MI,AGL,CE,Federal Contract Tower,0,1,21,0,22,0,0,52,0,52,0,1,73,0,74,117,0,117,191
07/24/2016,BTL,MI,AGL,CE,Federal Contract Tower,0,4,9,0,13,0,0,9,0,9,0,4,18,0,22,0,0,0,22
07/25/2016,BTL,MI,AGL,CE,Federal Contract Tower,0,6,25,0,31,0,0,101,0,101,0,6,126,0,132,152,0,152,284
07/26/2016,BTL,MI,AGL,CE,Federal Contract Tower,0,1,38,0,39,0,2,115,8,125,0,3,153,8,164,212,0,212,376
07/27/2016,BTL,MI,AGL,CE,Federal Contract Tower,0,2,33,0,35,0,0,133,2,135,0,2,166,2,170,178,18,196,366
07/28/2016,BTL,MI,AGL,CE,Federal Contract Tower,0,1,17,0,18,0,0,62,3,65,0,1,79,3,83,84,0,84,167
07/29/2016,BTL,MI,AGL,CE,Federal Contract Tower,0,6,16,0,22,0,0,34,0,34,0,6,50,0,56,56,0,56,112
07/30/2016,BTL,MI,AGL,CE,Federal Contract Tower,0,3,6,0,9,0,0,8,0,8,0,3,14,0,17,3,0,3,20
07/31/2016,BTL,MI,AGL,CE,Federal Contract Tower,0,4,8,0,12,0,0,14,0,14,0,4,22,0,26,18,0,18,44
08/01/2016,BTL,MI,AGL,CE,Federal Contract Tower,0,3,26,0,29,0,0,138,0,138,0,3,164,0,167,214,0,214,381
08/02/2016,BTL,MI,AGL,CE,Federal Contract Tower,0,2,34,0,36,0,0,132,2,134,0,2,166,2,170,262,8,270,440
08/03/2016,BTL,MI,AGL,CE,Federal Contract Tower,0,7,39,0,46,0,0,140,0,140,0,7,179,0,186,287,0,287,473
08/04/2016,BTL,MI,AGL,CE,Federal Contract Tower,0,2,12,0,14,0,0,127,0,127,0,2,139,0,141,186,0,186,327
08/05/2016,BTL,MI,AGL,CE,Federal Contract Tower,0,2,24,0,26,0,0,65,0,65,0,2,89,0,91,120,0,120,211
08/06/2016,BTL,MI,AGL,CE,Federal Contract Tower,0,2,4,0,6,0,0,52,0,52,0,2,56,0,58,84,0,84,142
08/07/2016,BTL,MI,AGL,CE,Federal Contract Tower,0,0,3,0,3,0,0,22,0,22,0,0,25,0,25,20,0,20,45
08/08/2016,BTL,MI,AGL,CE,Federal Contract Tower,0,6,20,0,26,0,0,134,3,137,0,6,154,3,163,230,12,242,405
08/09/2016,BTL,MI,AGL,CE,Federal Contract Tower,0,3,16,0,19,0,0,135,0,135,0,3,151,0,154,241,0,241,395
08/10/2016,BTL,MI,AGL,CE,Federal Contract Tower,0,3,29,0,32,0,0,126,2,128,0,3,155,2,160,231,18,249,409
08/11/2016,BTL,MI,AGL,CE,Federal Contract Tower,0,7,25,0,32,0,0,54,0,54,0,7,79,0,86,144,0,144,230
08/12/2016,BTL,MI,AGL,CE,Federal Contract Tower,0,1,23,0,24,0,0,31,0,31,0,1,54,0,55,81,0,81,136
08/13/2016,BTL,MI,AGL,CE,Federal Contract Tower,0,0,3,0,3,0,0,7,0,7,0,0,10,0,10,6,0,6,16
08/14/2016,BTL,MI,AGL,CE,Federal Contract Tower,0,1,4,0,5,0,0,18,4,22,0,1,22,4,27,4,4,8,35
08/15/2016,BTL,MI,AGL,CE,Federal Contract Tower,0,3,33,1,37,0,0,74,7,81,0,3,107,8,118,166,0,166,284
08/16/2016,BTL,MI,AGL,CE,Federal Contract Tower,0,2,33,0,35,0,0,65,0,65,0,2,98,0,100,154,0,154,254
08/17/2016,BTL,MI,AGL,CE,Federal Contract Tower,0,4,25,2,31,0,0,73,0,73,0,4,98,2,104,198,0,198,302
08/18/2016,BTL,MI,AGL,CE,Federal Contract Tower,0,2,31,0,33,0,0,112,0,112,0,2,143,0,145,198,0,198,343
08/19/2016,BTL,MI,AGL,CE,Federal Contract Tower,0,4,24,4,32,0,0,73,8,81,0,4,97,12,113,124,8,132,245
08/20/2016,BTL,MI,AGL,CE,Federal Contract Tower,0,0,9,0,9,0,0,25,2,27,0,0,34,2,36,42,0,42,78
08/21/2016,BTL,MI,AGL,CE,Federal Contract Tower,0,9,9,0,18,0,0,30,2,32,0,9,39,2,50,22,0,22,72
08/22/2016,BTL,MI,AGL,CE,Federal Contract Tower,0,4,28,0,32,0,0,102,0,102,0,4,130,0,134,220,0,220,354
08/23/2016,BTL,MI,AGL,CE,Federal Contract Tower,2,1,28,0,31,0,0,142,0,142,2,1,170,0,173,296,0,296,469
08/24/2016,BTL,MI,AGL,CE,Federal Contract Tower,0,1,21,1,23,0,0,14,1,15,0,1,35,2,38,53,0,53,91
08/25/2016,BTL,MI,AGL,CE,Federal Contract Tower,0,2,32,0,34,0,0,0,0,0,0,2,32,0,34,58,10,68,102
08/26/2016,BTL,MI,AGL,CE,Federal Contract Tower,0,4,26,9,39,0,0,118,6,124,0,4,144,15,163,220,42,262,425
08/27/2016,BTL,MI,AGL,CE,Federal Contract Tower,0,2,4,0,6,0,0,23,0,23,0,2,27,0,29,34,0,34,63
08/28/2016,BTL,MI,AGL,CE,Federal Contract Tower,0,1,6,10,17,0,0,20,0,20,0,1,26,10,37,28,0,28,65
08/29/2016,BTL,MI,AGL,CE,Federal Contract Tower,0,0,26,0,26,0,0,115,9,124,0,0,141,9,150,260,20,280,430
08/30/2016,BTL,MI,AGL,CE,Federal Contract Tower,0,2,17,0,19,0,0,66,13,79,0,2,83,13,98,130,18,148,246
08/31/2016,BTL,MI,AGL,CE,Federal Contract Tower,0,1,43,1,45,0,0,53,3,56,0,1,96,4,101,88,0,88,189
09/01/2016,BTL,MI,AGL,CE,Federal Contract Tower,2,2,22,0,26,2,0,98,6,106,4,2,120,6,132,192,36,228,360
09/02/2016,BTL,MI,AGL,CE,Federal Contract Tower,0,6,31,0,37,0,0,115,0,115,0,6,146,0,152,181,0,181,333
09/03/2016,BTL,MI,AGL,CE,Federal Contract Tower,0,1,5,0,6,0,0,51,0,51,0,1,56,0,57,96,0,96,153
09/04/2016,BTL,MI,AGL,CE,Federal Contract Tower,0,0,0,0,0,0,0,40,0,40,0,0,40,0,40,96,0,96,136
09/05/2016,BTL,MI,AGL,CE,Federal Contract Tower,0,0,5,0,5,0,0,29,0,29,0,0,34,0,34,38,0,38,72
09/06/2016,BTL,MI,AGL,CE,Federal Contract Tower,0,2,27,4,33,0,0,97,0,97,0,2,124,4,130,202,8,210,340
09/07/2016,BTL,MI,AGL,CE,Federal Contract Tower,0,4,20,1,25,0,0,68,0,68,0,4,88,1,93,118,4,122,215
09/08/2016,BTL,MI,AGL,CE,Federal Contract Tower,0,3,12,0,15,0,0,11,18,29,0,3,23,18,44,42,40,82,126
09/09/2016,BTL,MI,AGL,CE,Federal Contract Tower,0,3,18,0,21,0,0,36,0,36,0,3,54,0,57,62,0,62,119
09/10/2016,BTL,MI,AGL,CE,Federal Contract Tower,0,2,6,2,10,0,0,4,2,6,0,2,10,4,16,0,0,0,16
09/11/2016,BTL,MI,AGL,CE,Federal Contract Tower,0,2,4,0,6,0,0,68,5,73,0,2,72,5,79,144,42,186,265
09/12/2016,BTL,MI,AGL,CE,Federal Contract Tower,0,5,28,1,34,0,0,147,0,147,0,5,175,1,181,332,0,332,513
09/13/2016,BTL,MI,AGL,CE,Federal Contract Tower,0,2,29,1,32,0,0,142,6,148,0,2,171,7,180,218,20,238,418
09/14/2016,BTL,MI,AGL,CE,Federal Contract Tower,0,1,39,0,40,0,0,133,9,142,0,1,172,9,182,256,4,260,442
09/15/2016,BTL,MI,AGL,CE,Federal Contract Tower,0,4,38,0,42,0,0,192,8,200,0,4,230,8,242,328,40,368,610
09/16/2016,BTL,MI,AGL,CE,Federal Contract Tower,0,3,54,0,57,0,0,191,0,191,0,3,245,0,248,40,0,40,288
09/17/2016,BTL,MI,AGL,CE,Federal Contract Tower,0,0,94,2,96,0,0,92,0,92,0,0,186,2,188,6,0,6,194
09/18/2016,BTL,MI,AGL,CE,Federal Contract Tower,0,2,24,0,26,0,0,81,0,81,0,2,105,0,107,202,0,202,309
09/19/2016,BTL,MI,AGL,CE,Federal Contract Tower,0,4,16,1,21,0,0,157,0,157,0,4,173,1,178,356,0,356,534
09/20/2016,BTL,MI,AGL,CE,Federal Contract Tower,0,8,16,2,26,0,1,176,3,180,0,9,192,5,206,348,0,348,554
09/21/2016,BTL,MI,AGL,CE,Federal Contract Tower,0,3,19,0,22,0,0,100,6,106,0,3,119,6,128,224,36,260,388
09/22/2016,BTL,MI,AGL,CE,Federal Contract Tower,0,10,34,0,44,0,0,200,0,200,0,10,234,0,244,312,0,312,556
09/23/2016,BTL,MI,AGL,CE,Federal Contract Tower,0,0,53,4,57,0,0,21,0,21,0,0,74,4,78,40,0,40,118
09/24/2016,BTL,MI,AGL,CE,Federal Contract Tower,0,6,8,0,14,0,0,94,0,94,0,6,102,0,108,300,0,300,408
09/25/2016,BTL,MI,AGL,CE,Federal Contract Tower,0,3,10,0,13,0,1,49,0,50,0,4,59,0,63,194,0,194,257
09/26/2016,BTL,MI,AGL,CE,Federal Contract Tower,0,9,10,0,19,0,0,63,0,63,0,9,73,0,82,120,0,120,202
09/27/2016,BTL,MI,AGL,CE,Federal Contract Tower,0,2,27,0,29,0,0,69,4,73,0,2,96,4,102,112,0,112,214
09/28/2016,BTL,MI,AGL,CE,Federal Contract Tower,0,5,20,0,25,0,0,110,4,114,0,5,130,4,139,222,0,222,361
09/29/2016,BTL,MI,AGL,CE,Federal Contract Tower,0,7,19,0,26,0,0,0,0,0,0,7,19,0,26,1,0,1,27
09/30/2016,BTL,MI,AGL,CE,Federal Contract Tower,0,2,16,0,18,0,0,0,0,0,0,2,16,0,18,0,0,0,18
10/01/2016,BTL,MI,AGL,CE,Federal Contract Tower,0,17,0,0,17,0,23,0,0,23,0,40,0,0,40,101,0,101,141
10/02/2016,BTL,MI,AGL,CE,Federal Contract Tower,0,4,7,0,11,0,0,18,0,18,0,4,25,0,29,88,0,88,117
10/03/2016,BTL,MI,AGL,CE,Federal Contract Tower,0,3,42,1,46,0,0,39,0,39,0,3,81,1,85,72,0,72,157
10/04/2016,BTL,MI,AGL,CE,Federal Contract Tower,1,3,40,0,44,0,0,183,2,185,1,3,223,2,229,198,0,198,427
10/05/2016,BTL,MI,AGL,CE,Federal Contract Tower,1,3,27,0,31,0,0,115,2,117,1,3,142,2,148,160,20,180,328
10/06/2016,BTL,MI,AGL,CE,Federal Contract Tower,0,1,25,0,26,0,0,134,4,138,0,1,159,4,164,240,34,274,438
10/07/2016,BTL,MI,AGL,CE,Federal Contract Tower,0,5,41,0,46,0,0,148,0,148,0,5,189,0,194,210,0,210,404
10/08/2016,BTL,MI,AGL,CE,Federal Contract Tower,0,3,12,0,15,0,0,96,0,96,0,3,108,0,111,138,0,138,249
10/09/2016,BTL,MI,AGL,CE,Federal Contract Tower,0,1,5,0,6,0,0,29,0,29,0,1,34,0,35,26,0,26,61
10/10/2016,BTL,MI,AGL,CE,Federal Contract Tower,0,6,18,0,24,0,0,163,0,163,0,6,181,0,187,296,0,296,483
10/11/2016,BTL,MI,AGL,CE,Federal Contract Tower,0,3,31,4,38,0,0,136,0,136,0,3,167,4,174,288,2,290,464
10/12/2016,BTL,MI,AGL,CE,Federal Contract Tower,0,5,21,0,26,0,0,62,0,62,0,5,83,0,88,100,0,100,188
10/13/2016,BTL,MI,AGL,CE,Federal Contract Tower,2,6,41,0,49,0,0,134,0,134,2,6,175,0,183,296,0,296,479
10/14/2016,BTL,MI,AGL,CE,Federal Contract Tower,3,3,43,1,50,0,0,143,0,143,3,3,186,1,193,216,2,218,411
10/15/2016,BTL,MI,AGL,CE,Federal Contract Tower,0,2,16,0,18,0,0,9,0,9,0,2,25,0,27,12,0,12,39
10/16/2016,BTL,MI,AGL,CE,Federal Contract Tower,1,2,4,1,8,0,0,0,0,0,1,2,4,1,8,2,0,2,10
10/17/2016,BTL,MI,AGL,CE,Federal Contract Tower,3,5,34,0,42,0,0,71,0,71,3,5,105,0,113,118,0,118,231
10/18/2016,BTL,MI,AGL,CE,Federal Contract Tower,0,2,3,32,37,0,0,59,4,63,0,2,62,36,100,140,22,162,262
10/19/2016,BTL,MI,AGL,CE,Federal Contract Tower,0,10,40,0,50,0,0,155,8,163,0,10,195,8,213,324,0,324,537
10/20/2016,BTL,MI,AGL,CE,Federal Contract Tower,0,11,28,0,39,0,0,31,2,33,0,11,59,2,72,56,10,66,138
10/21/2016,BTL,MI,AGL,CE,Federal Contract Tower,0,6,37,0,43,0,0,175,0,175,0,6,212,0,218,343,0,343,561
10/22/2016,BTL,MI,AGL,CE,Federal Contract Tower,0,2,9,0,11,0,0,103,0,103,0,2,112,0,114,212,0,212,326
10/23/2016,BTL,MI,AGL,CE,Federal Contract Tower,0,1,0,0,1,0,0,28,0,28,0,1,28,0,29,32,0,32,61
10/24/2016,BTL,MI,AGL,CE,Federal Contract Tower,2,2,29,0,33,0,0,123,0,123,2,2,152,0,156,278,0,278,434
10/25/2016,BTL,MI,AGL,CE,Federal Contract Tower,2,0,24,0,26,0,0,138,2,140,2,0,162,2,166,272,4,276,442
10/26/2016,BTL,MI,AGL,CE,Federal Contract Tower,2,1,4,0,7,0,0,4,0,4,2,1,8,0,11,6,0,6,17
10/27/2016,BTL,MI,AGL,CE,Federal Contract Tower,0,1,16,0,17,0,0,0,2,2,0,1,16,2,19,0,12,12,31
10/28/2016,BTL,MI,AGL,CE,Federal Contract Tower,0,3,30,0,33,0,0,156,0,156,0,3,186,0,189,230,0,230,419
10/29/2016,BTL,MI,AGL,CE,Federal Contract Tower,0,1,4,0,5,0,0,20,0,20,0,1,24,0,25,88,0,88,113
10/30/2016,BTL,MI,AGL,CE,Federal Contract Tower,0,2,11,0,13,0,0,11,0,11,0,2,22,0,24,4,0,4,28
10/31/2016,BTL,MI,AGL,CE,Federal Contract Tower,0,1,42,0,43,0,0,119,0,119,0,1,161,0,162,326,0,326,488
11/01/2016,BTL,MI,AGL,CE,Federal Contract Tower,0,4,42,0,46,0,0,136,0,136,0,4,178,0,182,274,0,274,456
11/02/2016,BTL,MI,AGL,CE,Federal Contract Tower,0,4,9,3,16,0,0,39,0,39,0,4,48,3,55,42,0,42,97
11/03/2016,BTL,MI,AGL,CE,Federal Contract Tower,0,3,39,3,45,0,0,32,0,32,0,3,71,3,77,62,4,66,143
11/04/2016,BTL,MI,AGL,CE,Federal Contract Tower,0,6,38,0,44,0,0,206,0,206,0,6,244,0,250,360,0,360,610
11/05/2016,BTL,MI,AGL,CE,Federal Contract Tower,0,1,17,0,18,0,0,112,10,122,0,1,129,10,140,192,46,238,378
11/06/2016,BTL,MI,AGL,CE,Federal Contract Tower,0,1,5,0,6,0,0,32,2,34,0,1,37,2,40,30,4,34,74
11/07/2016,BTL,MI,AGL,CE,Federal Contract Tower,0,2,37,0,39,0,0,101,0,101,0,2,138,0,140,244,0,244,384
11/08/2016,BTL,MI,AGL,CE,Federal Contract Tower,0,1,16,0,17,0,0,31,0,31,0,1,47,0,48,58,0,58,106
11/09/2016,BTL,MI,AGL,CE,Federal Contract Tower,2,3,24,0,29,0,0,104,4,108,2,3,128,4,137,180,22,202,339
11/10/2016,BTL,MI,AGL,CE,Federal Contract Tower,0,3,24,1,28,0,0,87,2,89,0,3,111,3,117,122,20,142,259
11/11/2016,BTL,MI,AGL,CE,Federal Contract Tower,0,5,26,0,31,0,0,108,0,108,0,5,134,0,139,184,0,184,323
11/12/2016,BTL,MI,AGL,CE,Federal Contract Tower,0,7,26,0,33,0,0,119,0,119,0,7,145,0,152,220,0,220,372
11/13/2016,BTL,MI,AGL,CE,Federal Contract Tower,0,3,6,0,9,0,0,21,0,21,0,3,27,0,30,2,0,2,32
11/14/2016,BTL,MI,AGL,CE,Federal Contract Tower,0,4,25,0,29,0,0,103,0,103,0,4,128,0,132,228,0,228,360
11/15/2016,BTL,MI,AGL,CE,Federal Contract Tower,0,8,33,0,41,0,0,100,0,100,0,8,133,0,141,226,0,226,367
11/16/2016,BTL,MI,AGL,CE,Federal Contract Tower,0,7,27,1,35,0,0,24,1,25,0,7,51,2,60,80,10,90,150
11/17/2016,BTL,MI,AGL,CE,Federal Contract Tower,0,8,31,0,39,0,0,108,0,108,0,8,139,0,147,168,0,168,315
11/18/2016,BTL,MI,AGL,CE,Federal Contract Tower,0,7,35,0,42,0,0,0,0,0,0,7,35,0,42,219,0,219,261
11/19/2016,BTL,MI,AGL,CE,Federal Contract Tower,0,2,0,0,2,0,0,0,0,0,0,2,0,0,2,0,0,0,2
11/20/2016,BTL,MI,AGL,CE,Federal Contract Tower,0,4,4,0,8,0,0,4,0,4,0,4,8,0,12,4,0,4,16
11/21/2016,BTL,MI,AGL,CE,Federal Contract Tower,0,1,35,0,36,0,0,96,0,96,0,1,131,0,132,242,0,242,374
11/22/2016,BTL,MI,AGL,CE,Federal Contract Tower,0,1,25,2,28,0,0,127,6,133,0,1,152,8,161,291,32,323,484
11/23/2016,BTL,MI,AGL,CE,Federal Contract Tower,0,0,2,0,2,0,0,0,0,0,0,0,2,0,2,0,0,0,2
11/24/2016,BTL,MI,AGL,CE,Federal Contract Tower,0,0,2,0,2,0,0,2,0,2,0,0,4,0,4,0,0,0,4
11/25/2016,BTL,MI,AGL,CE,Federal Contract Tower,0,0,1,0,1,0,0,0,0,0,0,0,1,0,1,0,0,0,1
11/26/2016,BTL,MI,AGL,CE,Federal Contract Tower,0,0,7,0,7,0,0,12,0,12,0,0,19,0,19,18,0,18,37
11/27/2016,BTL,MI,AGL,CE,Federal Contract Tower,0,2,3,0,5,0,0,0,0,0,0,2,3,0,5,0,0,0,5
11/28/2016,BTL,MI,AGL,CE,Federal Contract Tower,0,8,20,0,28,0,0,13,0,13,0,8,33,0,41,28,0,28,69
11/29/2016,BTL,MI,AGL,CE,Federal Contract Tower,0,10,44,0,54,0,0,94,4,98,0,10,138,4,152,184,30,214,366
11/30/2016,BTL,MI,AGL,CE,Federal Contract Tower,0,2,28,0,30,0,0,63,4,67,0,2,91,4,97,164,24,188,285
12/01/2016,BTL,MI,AGL,CE,Federal Contract Tower,0,3,10,0,13,0,0,0,0,0,0,3,10,0,13,0,8,8,21
12/02/2016,BTL,MI,AGL,CE,Federal Contract Tower,0,3,14,0,17,0,0,29,0,29,0,3,43,0,46,98,0,98,144
12/03/2016,BTL,MI,AGL,CE,Federal Contract Tower,0,2,11,0,13,0,0,52,0,52,0,2,63,0,65,120,0,120,185
12/04/2016,BTL,MI,AGL,CE,Federal Contract Tower,0,4,4,0,8,0,0,1,0,1,0,4,5,0,9,0,0,0,9
12/05/2016,BTL,MI,AGL,CE,Federal Contract Tower,0,2,22,0,24,0,0,20,0,20,0,2,42,0,44,60,0,60,104
12/06/2016,BTL,MI,AGL,CE,Federal Contract Tower,0,4,64,0,68,0,0,83,0,83,0,4,147,0,151,182,0,182,333
12/07/2016,BTL,MI,AGL,CE,Federal Contract Tower,0,5,40,0,45,0,0,142,6,148,0,5,182,6,193,208,42,250,443
12/08/2016,BTL,MI,AGL,CE,Federal Contract Tower,0,6,16,0,22,0,0,0,0,0,0,6,16,0,22,2,0,2,24
12/09/2016,BTL,MI,AGL,CE,Federal Contract Tower,0,4,11,0,15,0,0,1,0,1,0,4,12,0,16,0,0,0,16
12/10/2016,BTL,MI,AGL,CE,Federal Contract Tower,0,4,1,0,5,0,0,0,0,0,0,4,1,0,5,0,0,0,5
12/11/2016,BTL,MI,AGL,CE,Federal Contract Tower,0,0,0,0,0,0,0,0,0,0,0,0,0,0,0,0,0,0,0
12/12/2016,BTL,MI,AGL,CE,Federal Contract Tower,0,3,1,0,4,0,0,1,0,1,0,3,2,0,5,2,0,2,7
12/13/2016,BTL,MI,AGL,CE,Federal Contract Tower,0,10,9,0,19,0,0,15,0,15,0,10,24,0,34,24,0,24,58
12/14/2016,BTL,MI,AGL,CE,Federal Contract Tower,0,10,15,0,25,0,0,8,0,8,0,10,23,0,33,24,0,24,57
12/15/2016,BTL,MI,AGL,CE,Federal Contract Tower,0,3,25,0,28,0,0,4,0,4,0,3,29,0,32,2,0,2,34
12/16/2016,BTL,MI,AGL,CE,Federal Contract Tower,0,2,25,1,28,0,0,57,1,58,0,2,82,2,86,114,0,114,200
12/17/2016,BTL,MI,AGL,CE,Federal Contract Tower,0,5,0,0,5,0,0,4,0,4,0,5,4,0,9,20,0,20,29
12/18/2016,BTL,MI,AGL,CE,Federal Contract Tower,0,2,5,0,7,0,0,0,0,0,0,2,5,0,7,0,0,0,7
12/19/2016,BTL,MI,AGL,CE,Federal Contract Tower,0,1,42,0,43,0,0,72,0,72,0,1,114,0,115,150,0,150,265
12/20/2016,BTL,MI,AGL,CE,Federal Contract Tower,0,4,15,0,19,0,0,57,8,65,0,4,72,8,84,59,34,93,177
12/21/2016,BTL,MI,AGL,CE,Federal Contract Tower,0,2,26,2,30,0,0,78,2,80,0,2,104,4,110,112,0,112,222
12/22/2016,BTL,MI,AGL,CE,Federal Contract Tower,0,8,11,0,19,0,0,37,2,39,0,8,48,2,58,66,2,68,126
12/23/2016,BTL,MI,AGL,CE,Federal Contract Tower,0,2,10,0,12,0,0,3,0,3,0,2,13,0,15,0,0,0,15
12/24/2016,BTL,MI,AGL,CE,Federal Contract Tower,0,1,0,0,1,0,0,0,0,0,0,1,0,0,1,0,0,0,1
12/25/2016,BTL,MI,AGL,CE,Federal Contract Tower,0,3,0,0,3,0,0,0,0,0,0,3,0,0,3,0,0,0,3
12/26/2016,BTL,MI,AGL,CE,Federal Contract Tower,0,0,0,0,0,0,0,0,0,0,0,0,0,0,0,0,0,0,0
12/27/2016,BTL,MI,AGL,CE,Federal Contract Tower,0,0,7,0,7,0,0,0,0,0,0,0,7,0,7,4,0,4,11
12/28/2016,BTL,MI,AGL,CE,Federal Contract Tower,0,0,4,2,6,0,0,18,6,24,0,0,22,8,30,14,10,24,54
12/29/2016,BTL,MI,AGL,CE,Federal Contract Tower,0,0,3,0,3,0,0,0,0,0,0,0,3,0,3,0,0,0,3
12/30/2016,BTL,MI,AGL,CE,Federal Contract Tower,0,0,6,0,6,0,0,0,0,0,0,0,6,0,6,0,0,0,6
12/31/2016,BTL,MI,AGL,CE,Federal Contract Tower,0,0,2,0,2,0,0,1,0,1,0,0,3,0,3,2,0,2,5
01/01/2017,BTL,MI,AGL,CE,Federal Contract Tower,0,0,1,0,1,0,0,18,0,18,0,0,19,0,19,9,0,9,28
01/02/2017,BTL,MI,AGL,CE,Federal Contract Tower,0,0,1,0,1,0,0,0,0,0,0,0,1,0,1,0,0,0,1
01/03/2017,BTL,MI,AGL,CE,Federal Contract Tower,0,2,5,0,7,0,0,0,0,0,0,2,5,0,7,0,0,0,7
01/04/2017,BTL,MI,AGL,CE,Federal Contract Tower,0,1,5,0,6,0,0,0,0,0,0,1,5,0,6,0,0,0,6
01/05/2017,BTL,MI,AGL,CE,Federal Contract Tower,0,1,5,0,6,0,0,0,0,0,0,1,5,0,6,0,0,0,6
01/06/2017,BTL,MI,AGL,CE,Federal Contract Tower,0,0,27,0,27,0,0,12,0,12,0,0,39,0,39,18,0,18,57
01/07/2017,BTL,MI,AGL,CE,Federal Contract Tower,0,0,5,0,5,0,0,0,0,0,0,0,5,0,5,0,0,0,5
01/08/2017,BTL,MI,AGL,CE,Federal Contract Tower,0,4,1,0,5,0,0,14,0,14,0,4,15,0,19,18,0,18,37
01/09/2017,BTL,MI,AGL,CE,Federal Contract Tower,0,4,32,0,36,0,0,111,0,111,0,4,143,0,147,284,0,284,431
01/10/2017,BTL,MI,AGL,CE,Federal Contract Tower,0,6,11,0,17,0,0,0,0,0,0,6,11,0,17,0,0,0,17
01/11/2017,BTL,MI,AGL,CE,Federal Contract Tower,0,2,23,0,25,0,0,52,0,52,0,2,75,0,77,124,0,124,201
01/12/2017,BTL,MI,AGL,CE,Federal Contract Tower,0,2,15,0,17,0,0,2,0,2,0,2,17,0,19,22,0,22,41
01/13/2017,BTL,MI,AGL,CE,Federal Contract Tower,0,1,56,0,57,0,0,198,0,198,0,1,254,0,255,354,0,354,609
01/14/2017,BTL,MI,AGL,CE,Federal Contract Tower,0,1,14,0,15,0,0,135,0,135,0,1,149,0,150,256,0,256,406
01/15/2017,BTL,MI,AGL,CE,Federal Contract Tower,0,3,6,0,9,0,0,28,0,28,0,3,34,0,37,40,0,40,77
01/16/2017,BTL,MI,AGL,CE,Federal Contract Tower,0,4,1,0,5,0,0,0,0,0,0,4,1,0,5,0,0,0,5
01/17/2017,BTL,MI,AGL,CE,Federal Contract Tower,0,9,5,0,14,0,0,0,0,0,0,9,5,0,14,0,0,0,14
01/18/2017,BTL,MI,AGL,CE,Federal Contract Tower,0,8,11,0,19,0,0,0,0,0,0,8,11,0,19,6,0,6,25
01/19/2017,BTL,MI,AGL,CE,Federal Contract Tower,0,12,30,0,42,0,0,79,0,79,0,12,109,0,121,152,0,152,273
01/20/2017,BTL,MI,AGL,CE,Federal Contract Tower,0,2,5,0,7,0,0,0,0,0,0,2,5,0,7,0,0,0,7
01/21/2017,BTL,MI,AGL,CE,Federal Contract Tower,0,2,18,0,20,0,0,69,0,69,0,2,87,0,89,210,0,210,299
01/22/2017,BTL,MI,AGL,CE,Federal Contract Tower,0,3,2,0,5,0,0,0,0,0,0,3,2,0,5,0,0,0,5
01/23/2017,BTL,MI,AGL,CE,Federal Contract Tower,1,1,6,0,8,0,0,0,0,0,1,1,6,0,8,0,0,0,8
01/24/2017,BTL,MI,AGL,CE,Federal Contract Tower,0,5,11,0,16,0,0,3,0,3,0,5,14,0,19,8,0,8,27
01/25/2017,BTL,MI,AGL,CE,Federal Contract Tower,0,1,22,0,23,0,0,8,0,8,0,1,30,0,31,27,0,27,58
01/26/2017,BTL,MI,AGL,CE,Federal Contract Tower,0,2,6,0,8,0,0,0,2,2,0,2,6,2,10,0,16,16,26
01/27/2017,BTL,MI,AGL,CE,Federal Contract Tower,0,0,10,0,10,0,0,6,0,6,0,0,16,0,16,0,0,0,16
01/28/2017,BTL,MI,AGL,CE,Federal Contract Tower,0,1,2,0,3,0,0,1,0,1,0,1,3,0,4,0,0,0,4
01/29/2017,BTL,MI,AGL,CE,Federal Contract Tower,0,2,1,0,3,0,0,0,0,0,0,2,1,0,3,4,0,4,7
01/30/2017,BTL,MI,AGL,CE,Federal Contract Tower,0,1,46,0,47,0,0,157,1,158,0,1,203,1,205,354,3,357,562
01/31/2017,BTL,MI,AGL,CE,Federal Contract Tower,0,4,11,0,15,0,0,0,0,0,0,4,11,0,15,0,0,0,15
02/01/2017,BTL,MI,AGL,CE,Federal Contract Tower,0,1,27,0,28,0,0,149,4,153,0,1,176,4,181,218,16,234,415
02/02/2017,BTL,MI,AGL,CE,Federal Contract Tower,0,2,39,0,41,0,0,81,4,85,0,2,120,4,126,92,18,110,236
02/03/2017,BTL,MI,AGL,CE,Federal Contract Tower,0,6,37,0,43,0,0,194,0,194,0,6,231,0,237,244,0,244,481
02/04/2017,BTL,MI,AGL,CE,Federal Contract Tower,0,3,30,0,33,0,0,170,0,170,0,3,200,0,203,258,0,258,461
02/05/2017,BTL,MI,AGL,CE,Federal Contract Tower,0,5,1,0,6,0,0,13,0,13,0,5,14,0,19,4,0,4,23
02/06/2017,BTL,MI,AGL,CE,Federal Contract Tower,0,10,30,0,40,0,0,167,3,170,0,10,197,3,210,272,7,279,489
02/07/2017,BTL,MI,AGL,CE,Federal Contract Tower,0,1,7,0,8,0,0,0,0,0,0,1,7,0,8,0,0,0,8
02/08/2017,BTL,MI,AGL,CE,Federal Contract Tower,0,6,21,0,27,0,0,89,0,89,0,6,110,0,116,165,0,165,281
02/09/2017,BTL,MI,AGL,CE,Federal Contract Tower,0,2,20,0,22,0,0,46,6,52,0,2,66,6,74,72,72,144,218
02/10/2017,BTL,MI,AGL,CE,Federal Contract Tower,0,0,30,0,30,0,0,137,0,137,0,0,167,0,167,208,0,208,375
02/11/2017,BTL,MI,AGL,CE,Federal Contract Tower,0,5,18,0,23,0,0,125,12,137,0,5,143,12,160,224,44,268,428
02/12/2017,BTL,MI,AGL,CE,Federal Contract Tower,0,1,3,0,4,0,0,0,0,0,0,1,3,0,4,0,0,0,4
02/13/2017,BTL,MI,AGL,CE,Federal Contract Tower,0,3,31,0,34,0,0,202,0,202,0,3,233,0,236,254,0,254,490
02/14/2017,BTL,MI,AGL,CE,Federal Contract Tower,0,9,32,0,41,0,0,131,0,131,0,9,163,0,172,151,1,152,324
02/15/2017,BTL,MI,AGL,CE,Federal Contract Tower,0,10,13,0,23,0,0,34,4,38,0,10,47,4,61,118,0,118,179
02/16/2017,BTL,MI,AGL,CE,Federal Contract Tower,0,12,35,0,47,0,0,199,6,205,0,12,234,6,252,356,34,390,642
02/17/2017,BTL,MI,AGL,CE,Federal Contract Tower,0,7,31,0,38,0,0,173,4,177,0,7,204,4,215,337,12,349,564
02/18/2017,BTL,MI,AGL,CE,Federal Contract Tower,0,6,17,0,23,0,0,163,0,163,0,6,180,0,186,298,0,298,484
02/19/2017,BTL,MI,AGL,CE,Federal Contract Tower,0,2,3,6,11,0,0,47,0,47,0,2,50,6,58,110,0,110,168
02/20/2017,BTL,MI,AGL,CE,Federal Contract Tower,0,2,25,0,27,0,0,156,0,156,0,2,181,0,183,266,0,266,449
02/21/2017,BTL,MI,AGL,CE,Federal Contract Tower,0,5,22,0,27,0,0,60,8,68,0,5,82,8,95,174,34,208,303
02/22/2017,BTL,MI,AGL,CE,Federal Contract Tower,0,4,67,0,71,0,0,11,4,15,0,4,78,4,86,68,26,94,180
02/23/2017,BTL,MI,AGL,CE,Federal Contract Tower,0,2,38,0,40,0,0,143,7,150,0,2,181,7,190,245,48,293,483
02/24/2017,BTL,MI,AGL,CE,Federal Contract Tower,0,0,4,0,4,0,0,0,0,0,0,0,4,0,4,2,0,2,6
02/25/2017,BTL,MI,AGL,CE,Federal Contract Tower,0,1,3,0,4,0,0,1,0,1,0,1,4,0,5,0,0,0,5
02/26/2017,BTL,MI,AGL,CE,Federal Contract Tower,0,7,8,0,15,0,0,9,0,9,0,7,17,0,24,4,0,4,28
02/27/2017,BTL,MI,AGL,CE,Federal Contract Tower,0,5,43,0,48,0,0,176,6,182,0,5,219,6,230,320,10,330,560
02/28/2017,BTL,MI,AGL,CE,Federal Contract Tower,0,7,9,0,16,0,0,0,0,0,0,7,9,0,16,0,0,0,16
03/01/2017,BTL,MI,AGL,CE,Federal Contract Tower,0,4,7,0,11,0,0,0,0,0,0,4,7,0,11,0,0,0,11
03/02/2017,BTL,MI,AGL,CE,Federal Contract Tower,0,4,20,0,24,0,0,87,4,91,0,4,107,4,115,208,18,226,341
03/03/2017,BTL,MI,AGL,CE,Federal Contract Tower,0,1,25,0,26,0,0,149,0,149,0,1,174,0,175,172,0,172,347
03/04/2017,BTL,MI,AGL,CE,Federal Contract Tower,0,1,15,0,16,0,0,73,0,73,0,1,88,0,89,134,0,134,223
03/05/2017,BTL,MI,AGL,CE,Federal Contract Tower,0,2,3,0,5,0,0,6,6,12,0,2,9,6,17,0,6,6,23
03/06/2017,BTL,MI,AGL,CE,Federal Contract Tower,0,6,18,0,24,0,0,13,0,13,0,6,31,0,37,14,0,14,51
03/07/2017,BTL,MI,AGL,CE,Federal Contract Tower,0,5,12,0,17,0,0,17,4,21,0,5,29,4,38,0,28,28,66
03/08/2017,BTL,MI,AGL,CE,Federal Contract Tower,0,0,5,0,5,0,0,0,0,0,0,0,5,0,5,0,0,0,5
03/09/2017,BTL,MI,AGL,CE,Federal Contract Tower,0,0,20,2,22,0,0,59,6,65,0,0,79,8,87,114,16,130,217
03/10/2017,BTL,MI,AGL,CE,Federal Contract Tower,0,1,16,0,17,0,0,53,2,55,0,1,69,2,72,46,2,48,120
03/11/2017,BTL,MI,AGL,CE,Federal Contract Tower,0,0,13,0,13,0,0,63,0,63,0,0,76,0,76,122,0,122,198
03/12/2017,BTL,MI,AGL,CE,Federal Contract Tower,0,2,8,2,12,0,0,16,0,16,0,2,24,2,28,6,0,6,34
03/13/2017,BTL,MI,AGL,CE,Federal Contract Tower,0,4,0,0,4,0,0,0,0,0,0,4,0,0,4,0,0,0,4
03/14/2017,BTL,MI,AGL,CE,Federal Contract Tower,0,3,26,0,29,0,0,61,6,67,0,3,87,6,96,72,20,92,188
03/15/2017,BTL,MI,AGL,CE,Federal Contract Tower,0,7,39,1,47,0,0,154,20,174,0,7,193,21,221,240,32,272,493
03/16/2017,BTL,MI,AGL,CE,Federal Contract Tower,0,5,38,0,43,0,0,202,0,202,0,5,240,0,245,296,0,296,541
03/17/2017,BTL,MI,AGL,CE,Federal Contract Tower,0,4,5,0,9,0,0,3,0,3,0,4,8,0,12,22,0,22,34
03/18/2017,BTL,MI,AGL,CE,Federal Contract Tower,0,0,1,0,1,0,0,0,0,0,0,0,1,0,1,0,0,0,1
03/19/2017,BTL,MI,AGL,CE,Federal Contract Tower,0,1,9,0,10,0,0,33,0,33,0,1,42,0,43,70,0,70,113
03/20/2017,BTL,MI,AGL,CE,Federal Contract Tower,0,0,42,0,42,0,0,83,0,83,0,0,125,0,125,296,0,296,421
03/21/2017,BTL,MI,AGL,CE,Federal Contract Tower,0,9,32,2,43,0,0,155,10,165,0,9,187,12,208,212,32,244,452
03/22/2017,BTL,MI,AGL,CE,Federal Contract Tower,0,2,33,0,35,0,0,207,2,209,0,2,240,2,244,396,12,408,652
03/23/2017,BTL,MI,AGL,CE,Federal Contract Tower,0,6,29,0,35,0,0,204,16,220,0,6,233,16,255,190,36,226,481
03/24/2017,BTL,MI,AGL,CE,Federal Contract Tower,0,1,12,0,13,0,0,55,2,57,0,1,67,2,70,70,0,70,140
03/25/2017,BTL,MI,AGL,CE,Federal Contract Tower,0,1,0,0,1,0,0,2,0,2,0,1,2,0,3,10,0,10,13
03/26/2017,BTL,MI,AGL,CE,Federal Contract Tower,0,4,4,0,8,0,0,2,0,2,0,4,6,0,10,4,0,4,14
03/27/2017,BTL,MI,AGL,CE,Federal Contract Tower,0,2,28,0,30,0,0,4,0,4,0,2,32,0,34,22,0,22,56
03/28/2017,BTL,MI,AGL,CE,Federal Contract Tower,0,1,23,2,26,0,0,25,0,25,0,1,48,2,51,80,0,80,131
03/29/2017,BTL,MI,AGL,CE,Federal Contract Tower,0,9,35,1,45,0,0,208,0,208,0,9,243,1,253,464,0,464,717
03/30/2017,BTL,MI,AGL,CE,Federal Contract Tower,0,6,6,0,12,0,0,0,0,0,0,6,6,0,12,0,0,0,12
03/31/2017,BTL,MI,AGL,CE,Federal Contract Tower,0,3,7,3,13,0,0,0,0,0,0,3,7,3,13,0,0,0,13
04/01/2017,BTL,MI,AGL,CE,Federal Contract Tower,2,3,32,8,45,0,0,211,6,217,2,3,243,14,262,486,31,517,779
04/02/2017,BTL,MI,AGL,CE,Federal Contract Tower,0,4,4,1,9,0,0,54,6,60,0,4,58,7,69,272,0,272,341
04/03/2017,BTL,MI,AGL,CE,Federal Contract Tower,0,7,20,0,27,0,0,90,0,90,0,7,110,0,117,240,0,240,357
04/04/2017,BTL,MI,AGL,CE,Federal Contract Tower,0,3,13,0,16,0,0,4,13,17,0,3,17,13,33,1,30,31,64
04/05/2017,BTL,MI,AGL,CE,Federal Contract Tower,0,3,24,0,27,0,0,51,0,51,0,3,75,0,78,108,0,108,186
04/06/2017,BTL,MI,AGL,CE,Federal Contract Tower,0,1,3,0,4,0,0,1,0,1,0,1,4,0,5,0,0,0,5
04/07/2017,BTL,MI,AGL,CE,Federal Contract Tower,0,36,2,0,38,0,214,4,0,218,0,250,6,0,256,287,0,287,543
04/08/2017,BTL,MI,AGL,CE,Federal Contract Tower,0,2,33,0,35,0,0,210,0,210,0,2,243,0,245,544,0,544,789
04/09/2017,BTL,MI,AGL,CE,Federal Contract Tower,0,5,3,0,8,0,0,37,0,37,0,5,40,0,45,142,0,142,187
04/10/2017,BTL,MI,AGL,CE,Federal Contract Tower,0,1,14,2,17,0,0,82,0,82,0,1,96,2,99,152,2,154,253
04/11/2017,BTL,MI,AGL,CE,Federal Contract Tower,0,4,27,1,32,0,0,11,0,11,0,4,38,1,43,22,0,22,65
04/12/2017,BTL,MI,AGL,CE,Federal Contract Tower,0,6,62,2,70,0,0,214,2,216,0,6,276,4,286,326,0,326,612
04/13/2017,BTL,MI,AGL,CE,Federal Contract Tower,0,2,33,0,35,0,0,189,0,189,0,2,222,0,224,314,0,314,538
04/14/2017,BTL,MI,AGL,CE,Federal Contract Tower,0,3,26,0,29,0,0,175,0,175,0,3,201,0,204,330,0,330,534
04/15/2017,BTL,MI,AGL,CE,Federal Contract Tower,0,0,8,1,9,0,0,36,0,36,0,0,44,1,45,128,0,128,173
04/16/2017,BTL,MI,AGL,CE,Federal Contract Tower,0,2,2,2,6,0,0,0,0,0,0,2,2,2,6,0,0,0,6
04/17/2017,BTL,MI,AGL,CE,Federal Contract Tower,0,4,35,0,39,0,0,165,0,165,0,4,200,0,204,310,0,310,514
04/18/2017,BTL,MI,AGL,CE,Federal Contract Tower,0,9,43,0,52,0,0,161,8,169,0,9,204,8,221,306,32,338,559
04/19/2017,BTL,MI,AGL,CE,Federal Contract Tower,0,6,18,0,24,0,0,50,0,50,0,6,68,0,74,108,0,108,182
04/20/2017,BTL,MI,AGL,CE,Federal Contract Tower,0,3,9,0,12,0,0,17,0,17,0,3,26,0,29,20,0,20,49
04/21/2017,BTL,MI,AGL,CE,Federal Contract Tower,0,4,47,0,51,0,0,79,6,85,0,4,126,6,136,178,0,178,314
04/22/2017,BTL,MI,AGL,CE,Federal Contract Tower,0,0,18,0,18,0,0,150,0,150,0,0,168,0,168,406,0,406,574
04/23/2017,BTL,MI,AGL,CE,Federal Contract Tower,0,7,4,0,11,0,0,39,0,39,0,7,43,0,50,92,0,92,142
04/24/2017,BTL,MI,AGL,CE,Federal Contract Tower,0,1,28,0,29,0,2,147,0,149,0,3,175,0,178,270,0,270,448
04/25/2017,BTL,MI,AGL,CE,Federal Contract Tower,0,7,26,0,33,0,0,161,4,165,0,7,187,4,198,297,0,297,495
04/26/2017,BTL,MI,AGL,CE,Federal Contract Tower,0,3,18,0,21,0,0,78,2,80,0,3,96,2,101,108,0,108,209
04/27/2017,BTL,MI,AGL,CE,Federal Contract Tower,0,10,16,0,26,0,0,9,5,14,0,10,25,5,40,16,6,22,62
04/28/2017,BTL,MI,AGL,CE,Federal Contract Tower,0,6,33,0,39,0,0,125,0,125,0,6,158,0,164,198,0,198,362
04/29/2017,BTL,MI,AGL,CE,Federal Contract Tower,0,1,16,0,17,0,0,29,0,29,0,1,45,0,46,64,0,64,110
04/30/2017,BTL,MI,AGL,CE,Federal Contract Tower,0,1,2,0,3,0,0,0,0,0,0,1,2,0,3,0,0,0,3
05/01/2017,BTL,MI,AGL,CE,Federal Contract Tower,0,6,24,0,30,0,0,49,0,49,0,6,73,0,79,116,0,116,195
05/02/2017,BTL,MI,AGL,CE,Federal Contract Tower,0,1,9,0,10,0,0,1,2,3,0,1,10,2,13,3,22,25,38
05/03/2017,BTL,MI,AGL,CE,Federal Contract Tower,0,2,46,0,48,0,0,196,2,198,0,2,242,2,246,292,26,318,564
05/04/2017,BTL,MI,AGL,CE,Federal Contract Tower,0,4,8,0,12,0,0,0,0,0,0,4,8,0,12,0,0,0,12
05/05/2017,BTL,MI,AGL,CE,Federal Contract Tower,0,1,18,0,19,0,0,42,11,53,0,1,60,11,72,30,12,42,114
05/06/2017,BTL,MI,AGL,CE,Federal Contract Tower,0,1,13,0,14,0,0,58,4,62,0,1,71,4,76,66,2,68,144
05/07/2017,BTL,MI,AGL,CE,Federal Contract Tower,0,6,4,0,10,0,0,17,3,20,0,6,21,3,30,2,0,2,32
05/08/2017,BTL,MI,AGL,CE,Federal Contract Tower,0,2,47,0,49,0,0,148,0,148,0,2,195,0,197,330,0,330,527
05/09/2017,BTL,MI,AGL,CE,Federal Contract Tower,2,2,40,3,47,0,0,164,9,173,2,2,204,12,220,288,42,330,550
05/10/2017,BTL,MI,AGL,CE,Federal Contract Tower,0,4,20,0,24,0,0,128,4,132,0,4,148,4,156,184,0,184,340
05/11/2017,BTL,MI,AGL,CE,Federal Contract Tower,0,2,28,0,30,0,0,108,2,110,0,2,136,2,140,141,24,165,305
05/12/2017,BTL,MI,AGL,CE,Federal Contract Tower,0,2,31,0,33,0,0,140,4,144,0,2,171,4,177,172,14,186,363
05/13/2017,BTL,MI,AGL,CE,Federal Contract Tower,0,1,14,0,15,0,0,74,0,74,0,1,88,0,89,108,0,108,197
05/14/2017,BTL,MI,AGL,CE,Federal Contract Tower,0,4,3,0,7,0,0,28,0,28,0,4,31,0,35,4,0,4,39
05/15/2017,BTL,MI,AGL,CE,Federal Contract Tower,1,1,25,0,27,0,0,123,0,123,1,1,148,0,150,236,2,238,388
05/16/2017,BTL,MI,AGL,CE,Federal Contract Tower,2,5,30,1,38,0,0,89,6,95,2,5,119,7,133,162,22,184,317
05/17/2017,BTL,MI,AGL,CE,Federal Contract Tower,1,6,12,0,19,0,0,41,1,42,1,6,53,1,61,54,0,54,115
05/18/2017,BTL,MI,AGL,CE,Federal Contract Tower,0,6,4,0,10,0,0,6,6,12,0,6,10,6,22,16,20,36,58
05/19/2017,BTL,MI,AGL,CE,Federal Contract Tower,0,4,55,1,60,0,1,46,0,47,0,5,101,1,107,100,0,100,207
05/20/2017,BTL,MI,AGL,CE,Federal Contract Tower,0,2,4,0,6,0,0,29,0,29,0,2,33,0,35,44,0,44,79
05/21/2017,BTL,MI,AGL,CE,Federal Contract Tower,0,4,3,1,8,0,0,13,0,13,0,4,16,1,21,8,0,8,29
05/22/2017,BTL,MI,AGL,CE,Federal Contract Tower,2,7,32,0,41,0,0,145,0,145,2,7,177,0,186,204,0,204,390
05/23/2017,BTL,MI,AGL,CE,Federal Contract Tower,0,5,44,0,49,0,0,149,6,155,0,5,193,6,204,248,28,276,480
05/24/2017,BTL,MI,AGL,CE,Federal Contract Tower,0,7,11,0,18,0,0,60,2,62,0,7,71,2,80,156,10,166,246
05/25/2017,BTL,MI,AGL,CE,Federal Contract Tower,0,3,23,0,26,0,0,9,0,9,0,3,32,0,35,12,0,12,47
05/26/2017,BTL,MI,AGL,CE,Federal Contract Tower,0,3,38,0,41,0,0,65,0,65,0,3,103,0,106,158,0,158,264
05/27/2017,BTL,MI,AGL,CE,Federal Contract Tower,0,5,24,0,29,0,0,57,0,57,0,5,81,0,86,114,0,114,200
05/28/2017,BTL,MI,AGL,CE,Federal Contract Tower,0,3,0,0,3,0,0,11,0,11,0,3,11,0,14,12,0,12,26
05/29/2017,BTL,MI,AGL,CE,Federal Contract Tower,0,2,3,0,5,0,0,14,0,14,0,2,17,0,19,8,0,8,27
05/30/2017,BTL,MI,AGL,CE,Federal Contract Tower,0,6,32,1,39,0,0,117,2,119,0,6,149,3,158,178,16,194,352
05/31/2017,BTL,MI,AGL,CE,Federal Contract Tower,0,4,32,0,36,0,0,118,0,118,0,4,150,0,154,174,0,174,328
06/01/2017,BTL,MI,AGL,CE,Federal Contract Tower,0,1,43,0,44,0,0,197,0,197,0,1,240,0,241,216,0,216,457
06/02/2017,BTL,MI,AGL,CE,Federal Contract Tower,0,8,39,0,47,0,0,177,0,177,0,8,216,0,224,140,0,140,364
06/03/2017,BTL,MI,AGL,CE,Federal Contract Tower,0,0,17,0,17,0,0,83,0,83,0,0,100,0,100,154,0,154,254
06/04/2017,BTL,MI,AGL,CE,Federal Contract Tower,0,0,3,0,3,0,0,21,0,21,0,0,24,0,24,16,0,16,40
06/05/2017,BTL,MI,AGL,CE,Federal Contract Tower,0,3,55,0,58,0,0,61,0,61,0,3,116,0,119,94,0,94,213
06/06/2017,BTL,MI,AGL,CE,Federal Contract Tower,0,2,41,0,43,0,0,150,0,150,0,2,191,0,193,226,0,226,419
06/07/2017,BTL,MI,AGL,CE,Federal Contract Tower,0,7,35,0,42,0,0,166,1,167,0,7,201,1,209,318,0,318,527
06/08/2017,BTL,MI,AGL,CE,Federal Contract Tower,0,1,40,0,41,0,1,153,4,158,0,2,193,4,199,314,26,340,539
06/09/2017,BTL,MI,AGL,CE,Federal Contract Tower,0,6,24,2,32,0,0,83,6,89,0,6,107,8,121,115,22,137,258
06/10/2017,BTL,MI,AGL,CE,Federal Contract Tower,0,3,11,0,14,0,0,52,0,52,0,3,63,0,66,64,0,64,130
06/11/2017,BTL,MI,AGL,CE,Federal Contract Tower,0,2,2,0,4,0,0,19,0,19,0,2,21,0,23,10,0,10,33
06/12/2017,BTL,MI,AGL,CE,Federal Contract Tower,0,8,25,0,33,0,0,91,1,92,0,8,116,1,125,198,0,198,323
06/13/2017,BTL,MI,AGL,CE,Federal Contract Tower,0,1,25,0,26,0,0,116,0,116,0,1,141,0,142,292,0,292,434
06/14/2017,BTL,MI,AGL,CE,Federal Contract Tower,0,2,24,0,26,0,0,84,2,86,0,2,108,2,112,224,10,234,346
06/15/2017,BTL,MI,AGL,CE,Federal Contract Tower,0,4,40,0,44,0,0,128,9,137,0,4,168,9,181,272,12,284,465
06/16/2017,BTL,MI,AGL,CE,Federal Contract Tower,0,1,21,0,22,0,0,159,0,159,0,1,180,0,181,261,0,261,442
06/17/2017,BTL,MI,AGL,CE,Federal Contract Tower,0,3,11,0,14,0,0,52,0,52,0,3,63,0,66,48,0,48,114
06/18/2017,BTL,MI,AGL,CE,Federal Contract Tower,0,3,3,0,6,0,0,11,0,11,0,3,14,0,17,4,0,4,21
06/19/2017,BTL,MI,AGL,CE,Federal Contract Tower,0,4,40,0,44,0,0,74,0,74,0,4,114,0,118,200,0,200,318
06/20/2017,BTL,MI,AGL,CE,Federal Contract Tower,0,3,30,2,35,0,0,101,3,104,0,3,131,5,139,79,2,81,220
06/21/2017,BTL,MI,AGL,CE,Federal Contract Tower,0,7,45,0,52,0,0,152,10,162,0,7,197,10,214,184,72,256,470
06/22/2017,BTL,MI,AGL,CE,Federal Contract Tower,0,1,30,0,31,0,0,64,0,64,0,1,94,0,95,92,0,92,187
06/23/2017,BTL,MI,AGL,CE,Federal Contract Tower,0,4,44,0,48,0,0,27,0,27,0,4,71,0,75,25,0,25,100
06/24/2017,BTL,MI,AGL,CE,Federal Contract Tower,0,2,23,2,27,0,0,57,0,57,0,2,80,2,84,69,0,69,153
06/25/2017,BTL,MI,AGL,CE,Federal Contract Tower,0,4,6,1,11,0,0,12,1,13,0,4,18,2,24,6,2,8,32
06/26/2017,BTL,MI,AGL,CE,Federal Contract Tower,0,7,40,0,47,0,0,80,1,81,0,7,120,1,128,52,0,52,180
06/27/2017,BTL,MI,AGL,CE,Federal Contract Tower,0,3,27,0,30,0,0,163,0,163,0,3,190,0,193,217,0,217,410
06/28/2017,BTL,MI,AGL,CE,Federal Contract Tower,0,1,25,0,26,0,0,75,6,81,0,1,100,6,107,72,14,86,193
06/29/2017,BTL,MI,AGL,CE,Federal Contract Tower,0,9,31,0,40,0,0,51,5,56,0,9,82,5,96,60,0,60,156
06/30/2017,BTL,MI,AGL,CE,Federal Contract Tower,0,4,14,2,20,0,0,55,1,56,0,4,69,3,76,93,16,109,185
07/01/2017,BTL,MI,AGL,CE,Federal Contract Tower,0,1,3,0,4,0,0,70,3,73,0,1,73,3,77,20,8,28,105
07/02/2017,BTL,MI,AGL,CE,Federal Contract Tower,0,1,0,0,1,0,0,18,0,18,0,1,18,0,19,44,0,44,63
07/03/2017,BTL,MI,AGL,CE,Federal Contract Tower,0,2,7,0,9,0,0,68,0,68,0,2,75,0,77,50,0,50,127
07/04/2017,BTL,MI,AGL,CE,Federal Contract Tower,0,2,2,0,4,0,0,78,0,78,0,2,80,0,82,44,0,44,126
07/05/2017,BTL,MI,AGL,CE,Federal Contract Tower,0,8,34,2,44,0,0,145,4,149,0,8,179,6,193,242,0,242,435
07/06/2017,BTL,MI,AGL,CE,Federal Contract Tower,0,2,40,0,42,0,0,133,0,133,0,2,173,0,175,242,0,242,417
07/07/2017,BTL,MI,AGL,CE,Federal Contract Tower,0,2,40,0,42,0,0,108,0,108,0,2,148,0,150,192,0,192,342
07/08/2017,BTL,MI,AGL,CE,Federal Contract Tower,0,5,12,6,23,0,0,119,10,129,0,5,131,16,152,172,18,190,342
07/09/2017,BTL,MI,AGL,CE,Federal Contract Tower,0,2,0,2,4,0,0,23,2,25,0,2,23,4,29,7,16,23,52
07/10/2017,BTL,MI,AGL,CE,Federal Contract Tower,0,2,22,0,24,0,0,22,0,22,0,2,44,0,46,62,0,62,108
07/11/2017,BTL,MI,AGL,CE,Federal Contract Tower,0,13,50,0,63,0,0,70,0,70,0,13,120,0,133,148,0,148,281
07/12/2017,BTL,MI,AGL,CE,Federal Contract Tower,0,2,26,0,28,0,0,50,2,52,0,2,76,2,80,82,12,94,174
07/13/2017,BTL,MI,AGL,CE,Federal Contract Tower,2,6,64,0,72,0,0,48,3,51,2,6,112,3,123,107,12,119,242
07/14/2017,BTL,MI,AGL,CE,Federal Contract Tower,0,3,44,14,61,0,0,80,7,87,0,3,124,21,148,174,28,202,350
07/15/2017,BTL,MI,AGL,CE,Federal Contract Tower,0,4,18,1,23,0,0,90,0,90,0,4,108,1,113,123,0,123,236
07/16/2017,BTL,MI,AGL,CE,Federal Contract Tower,0,1,0,9,10,0,0,15,0,15,0,1,15,9,25,2,0,2,27
07/17/2017,BTL,MI,AGL,CE,Federal Contract Tower,0,4,45,1,50,0,0,169,0,169,0,4,214,1,219,260,0,260,479
07/18/2017,BTL,MI,AGL,CE,Federal Contract Tower,0,7,33,0,40,0,2,152,0,154,0,9,185,0,194,315,0,315,509
07/19/2017,BTL,MI,AGL,CE,Federal Contract Tower,0,6,35,0,41,0,0,127,0,127,0,6,162,0,168,202,0,202,370
07/20/2017,BTL,MI,AGL,CE,Federal Contract Tower,0,0,28,0,28,0,2,97,0,99,0,2,125,0,127,154,0,154,281
07/21/2017,BTL,MI,AGL,CE,Federal Contract Tower,0,8,26,0,34,0,0,146,0,146,0,8,172,0,180,208,0,208,388
07/22/2017,BTL,MI,AGL,CE,Federal Contract Tower,0,10,10,0,20,0,0,20,0,20,0,10,30,0,40,37,0,37,77
07/23/2017,BTL,MI,AGL,CE,Federal Contract Tower,0,3,3,0,6,0,0,16,0,16,0,3,19,0,22,14,0,14,36
07/24/2017,BTL,MI,AGL,CE,Federal Contract Tower,0,2,37,0,39,0,0,81,1,82,0,2,118,1,121,206,0,206,327
07/25/2017,BTL,MI,AGL,CE,Federal Contract Tower,0,2,26,0,28,0,0,153,0,153,0,2,179,0,181,236,0,236,417
07/26/2017,BTL,MI,AGL,CE,Federal Contract Tower,0,5,31,0,36,0,0,146,0,146,0,5,177,0,182,258,0,258,440
07/27/2017,BTL,MI,AGL,CE,Federal Contract Tower,0,4,21,0,25,0,0,100,0,100,0,4,121,0,125,178,0,178,303
07/28/2017,BTL,MI,AGL,CE,Federal Contract Tower,0,3,22,0,25,0,1,118,6,125,0,4,140,6,150,214,0,214,364
07/29/2017,BTL,MI,AGL,CE,Federal Contract Tower,0,6,14,0,20,0,0,77,0,77,0,6,91,0,97,120,0,120,217
07/30/2017,BTL,MI,AGL,CE,Federal Contract Tower,0,3,5,2,10,0,0,26,4,30,0,3,31,6,40,22,0,22,62
07/31/2017,BTL,MI,AGL,CE,Federal Contract Tower,0,4,21,0,25,0,0,124,0,124,0,4,145,0,149,340,0,340,489
08/01/2017,BTL,MI,AGL,CE,Federal Contract Tower,0,6,24,0,30,0,0,149,0,149,0,6,173,0,179,304,0,304,483
08/02/2017,BTL,MI,AGL,CE,Federal Contract Tower,0,6,16,0,22,0,0,85,0,85,0,6,101,0,107,184,0,184,291
08/03/2017,BTL,MI,AGL,CE,Federal Contract Tower,0,5,21,0,26,0,0,60,0,60,0,5,81,0,86,142,0,142,228
08/04/2017,BTL,MI,AGL,CE,Federal Contract Tower,0,6,25,0,31,0,0,7,0,7,0,6,32,0,38,8,0,8,46
08/05/2017,BTL,MI,AGL,CE,Federal Contract Tower,0,7,16,0,23,0,0,67,5,72,0,7,83,5,95,87,24,111,206
08/06/2017,BTL,MI,AGL,CE,Federal Contract Tower,0,0,5,0,5,0,0,27,0,27,0,0,32,0,32,10,0,10,42
08/07/2017,BTL,MI,AGL,CE,Federal Contract Tower,0,0,38,0,38,0,0,116,0,116,0,0,154,0,154,242,0,242,396
08/08/2017,BTL,MI,AGL,CE,Federal Contract Tower,0,4,44,0,48,0,0,168,0,168,0,4,212,0,216,254,0,254,470
08/09/2017,BTL,MI,AGL,CE,Federal Contract Tower,0,3,36,1,40,0,0,162,3,165,0,3,198,4,205,301,0,301,506
08/10/2017,BTL,MI,AGL,CE,Federal Contract Tower,0,4,26,6,36,0,0,149,0,149,0,4,175,6,185,252,4,256,441
08/11/2017,BTL,MI,AGL,CE,Federal Contract Tower,0,2,36,0,38,0,0,45,0,45,0,2,81,0,83,78,0,78,161
08/12/2017,BTL,MI,AGL,CE,Federal Contract Tower,0,1,19,0,20,0,0,51,0,51,0,1,70,0,71,78,0,78,149
08/13/2017,BTL,MI,AGL,CE,Federal Contract Tower,0,4,7,0,11,0,0,30,0,30,0,4,37,0,41,40,0,40,81
08/14/2017,BTL,MI,AGL,CE,Federal Contract Tower,1,2,23,0,26,0,0,148,0,148,1,2,171,0,174,310,0,310,484
08/15/2017,BTL,MI,AGL,CE,Federal Contract Tower,1,0,32,0,33,0,0,89,0,89,1,0,121,0,122,164,0,164,286
08/16/2017,BTL,MI,AGL,CE,Federal Contract Tower,0,2,26,0,28,0,0,93,2,95,0,2,119,2,123,280,16,296,419
08/17/2017,BTL,MI,AGL,CE,Federal Contract Tower,0,4,24,0,28,0,0,32,6,38,0,4,56,6,66,89,0,89,155
08/18/2017,BTL,MI,AGL,CE,Federal Contract Tower,0,7,37,4,48,0,0,47,2,49,0,7,84,6,97,103,0,103,200
08/19/2017,BTL,MI,AGL,CE,Federal Contract Tower,0,2,11,0,13,0,0,75,0,75,0,2,86,0,88,136,0,136,224
08/20/2017,BTL,MI,AGL,CE,Federal Contract Tower,0,6,4,0,10,0,0,26,6,32,0,6,30,6,42,14,0,14,56
08/21/2017,BTL,MI,AGL,CE,Federal Contract Tower,0,1,22,0,23,0,0,74,0,74,0,1,96,0,97,172,0,172,269
08/22/2017,BTL,MI,AGL,CE,Federal Contract Tower,0,1,25,0,26,0,0,22,0,22,0,1,47,0,48,22,0,22,70
08/23/2017,BTL,MI,AGL,CE,Federal Contract Tower,0,10,38,0,48,0,0,135,2,137,0,10,173,2,185,249,10,259,444
08/24/2017,BTL,MI,AGL,CE,Federal Contract Tower,3,4,29,0,36,0,0,100,10,110,3,4,129,10,146,134,28,162,308
08/25/2017,BTL,MI,AGL,CE,Federal Contract Tower,0,4,22,6,32,0,0,85,3,88,0,4,107,9,120,172,6,178,298
08/26/2017,BTL,MI,AGL,CE,Federal Contract Tower,0,15,7,0,22,0,0,77,0,77,0,15,84,0,99,74,0,74,173
08/27/2017,BTL,MI,AGL,CE,Federal Contract Tower,0,0,8,1,9,0,0,31,0,31,0,0,39,1,40,44,0,44,84
08/28/2017,BTL,MI,AGL,CE,Federal Contract Tower,0,6,28,0,34,0,3,62,0,65,0,9,90,0,99,180,0,180,279
08/29/2017,BTL,MI,AGL,CE,Federal Contract Tower,0,2,29,0,31,0,0,30,0,30,0,2,59,0,61,74,0,74,135
08/30/2017,BTL,MI,AGL,CE,Federal Contract Tower,0,2,36,0,38,0,0,127,4,131,0,2,163,4,169,291,20,311,480
08/31/2017,BTL,MI,AGL,CE,Federal Contract Tower,6,9,28,0,43,0,0,48,1,49,6,9,76,1,92,106,2,108,200
09/01/2017,BTL,MI,AGL,CE,Federal Contract Tower,0,1,22,0,23,0,0,117,0,117,0,1,139,0,140,189,0,189,329
09/02/2017,BTL,MI,AGL,CE,Federal Contract Tower,0,3,5,0,8,0,0,58,0,58,0,3,63,0,66,68,0,68,134
09/03/2017,BTL,MI,AGL,CE,Federal Contract Tower,0,3,0,0,3,0,0,14,0,14,0,3,14,0,17,0,0,0,17
09/04/2017,BTL,MI,AGL,CE,Federal Contract Tower,0,2,3,0,5,0,0,2,0,2,0,2,5,0,7,2,0,2,9
09/05/2017,BTL,MI,AGL,CE,Federal Contract Tower,0,4,37,0,41,0,0,76,0,76,0,4,113,0,117,186,0,186,303
09/06/2017,BTL,MI,AGL,CE,Federal Contract Tower,0,4,40,0,44,0,0,115,0,115,0,4,155,0,159,230,0,230,389
09/07/2017,BTL,MI,AGL,CE,Federal Contract Tower,0,5,20,0,25,0,0,28,0,28,0,5,48,0,53,48,0,48,101
09/08/2017,BTL,MI,AGL,CE,Federal Contract Tower,0,3,28,0,31,0,0,122,0,122,0,3,150,0,153,200,0,200,353
09/09/2017,BTL,MI,AGL,CE,Federal Contract Tower,0,3,16,1,20,0,0,122,2,124,0,3,138,3,144,219,0,219,363
09/10/2017,BTL,MI,AGL,CE,Federal Contract Tower,0,6,6,3,15,0,0,31,0,31,0,6,37,3,46,76,0,76,122
09/11/2017,BTL,MI,AGL,CE,Federal Contract Tower,0,4,24,4,32,0,0,152,2,154,0,4,176,6,186,212,0,212,398
09/12/2017,BTL,MI,AGL,CE,Federal Contract Tower,0,4,32,0,36,0,0,158,0,158,0,4,190,0,194,268,0,268,462
09/13/2017,BTL,MI,AGL,CE,Federal Contract Tower,1,5,41,0,47,0,0,43,0,43,1,5,84,0,90,84,0,84,174
09/14/2017,BTL,MI,AGL,CE,Federal Contract Tower,0,1,4,27,32,0,0,0,83,83,0,1,4,110,115,121,0,121,236
09/15/2017,BTL,MI,AGL,CE,Federal Contract Tower,2,2,44,0,48,0,0,164,2,166,2,2,208,2,214,302,0,302,516
09/16/2017,BTL,MI,AGL,CE,Federal Contract Tower,0,5,10,0,15,0,0,108,4,112,0,5,118,4,127,286,6,292,419
09/17/2017,BTL,MI,AGL,CE,Federal Contract Tower,0,10,4,2,16,0,0,20,0,20,0,10,24,2,36,4,0,4,40
09/18/2017,BTL,MI,AGL,CE,Federal Contract Tower,0,2,36,0,38,0,0,81,2,83,0,2,117,2,121,136,0,136,257
09/19/2017,BTL,MI,AGL,CE,Federal Contract Tower,0,3,21,0,24,0,0,9,0,9,0,3,30,0,33,14,0,14,47
09/20/2017,BTL,MI,AGL,CE,Federal Contract Tower,1,2,34,1,38,0,0,119,1,120,1,2,153,2,158,228,0,228,386
09/21/2017,BTL,MI,AGL,CE,Federal Contract Tower,0,0,16,0,16,0,0,131,0,131,0,0,147,0,147,236,0,236,383
09/22/2017,BTL,MI,AGL,CE,Federal Contract Tower,1,6,30,2,39,0,2,147,0,149,1,8,177,2,188,330,2,332,520
09/23/2017,BTL,MI,AGL,CE,Federal Contract Tower,0,2,14,0,16,0,0,106,0,106,0,2,120,0,122,180,0,180,302
09/24/2017,BTL,MI,AGL,CE,Federal Contract Tower,0,4,2,1,7,0,0,35,0,35,0,4,37,1,42,120,0,120,162
09/25/2017,BTL,MI,AGL,CE,Federal Contract Tower,5,2,36,0,43,0,0,136,0,136,5,2,172,0,179,290,0,290,469
09/26/2017,BTL,MI,AGL,CE,Federal Contract Tower,0,1,34,0,35,0,0,119,0,119,0,1,153,0,154,218,0,218,372
09/27/2017,BTL,MI,AGL,CE,Federal Contract Tower,0,7,44,0,51,0,0,114,0,114,0,7,158,0,165,227,0,227,392
09/28/2017,BTL,MI,AGL,CE,Federal Contract Tower,0,4,26,6,36,0,3,163,2,168,0,7,189,8,204,244,24,268,472
09/29/2017,BTL,MI,AGL,CE,Federal Contract Tower,0,7,47,0,54,0,0,93,0,93,0,7,140,0,147,166,0,166,313
09/30/2017,BTL,MI,AGL,CE,Federal Contract Tower,0,6,11,0,17,0,0,118,0,118,0,6,129,0,135,144,0,144,279
10/01/2017,BTL,MI,AGL,CE,Federal Contract Tower,0,1,5,0,6,0,0,35,0,35,0,1,40,0,41,58,0,58,99
10/02/2017,BTL,MI,AGL,CE,Federal Contract Tower,0,0,29,0,29,0,0,138,0,138,0,0,167,0,167,256,0,256,423
10/03/2017,BTL,MI,AGL,CE,Federal Contract Tower,0,3,24,0,27,0,0,117,0,117,0,3,141,0,144,204,0,204,348
10/04/2017,BTL,MI,AGL,CE,Federal Contract Tower,0,5,18,0,23,0,0,22,0,22,0,5,40,0,45,42,0,42,87
10/05/2017,BTL,MI,AGL,CE,Federal Contract Tower,1,0,34,0,35,0,0,167,0,167,1,0,201,0,202,306,0,306,508
10/06/2017,BTL,MI,AGL,CE,Federal Contract Tower,0,0,14,0,14,0,0,1,0,1,0,0,15,0,15,0,0,0,15
10/07/2017,BTL,MI,AGL,CE,Federal Contract Tower,1,2,8,0,11,0,0,31,4,35,1,2,39,4,46,22,14,36,82
10/08/2017,BTL,MI,AGL,CE,Federal Contract Tower,0,5,7,0,12,0,0,45,0,45,0,5,52,0,57,114,0,114,171
10/09/2017,BTL,MI,AGL,CE,Federal Contract Tower,0,2,32,0,34,0,0,162,0,162,0,2,194,0,196,334,0,334,530
10/10/2017,BTL,MI,AGL,CE,Federal Contract Tower,0,5,24,0,29,0,0,77,0,77,0,5,101,0,106,196,0,196,302
10/11/2017,BTL,MI,AGL,CE,Federal Contract Tower,0,1,6,0,7,0,0,0,0,0,0,1,6,0,7,0,0,0,7
10/12/2017,BTL,MI,AGL,CE,Federal Contract Tower,0,4,23,0,27,0,0,47,0,47,0,4,70,0,74,0,0,0,74
10/13/2017,BTL,MI,AGL,CE,Federal Contract Tower,0,1,58,0,59,0,0,132,4,136,0,1,190,4,195,406,2,408,603
10/14/2017,BTL,MI,AGL,CE,Federal Contract Tower,0,1,1,0,2,0,0,0,0,0,0,1,1,0,2,0,0,0,2
10/15/2017,BTL,MI,AGL,CE,Federal Contract Tower,0,5,1,0,6,0,0,0,0,0,0,5,1,0,6,2,0,2,8
10/16/2017,BTL,MI,AGL,CE,Federal Contract Tower,0,2,19,0,21,0,0,40,0,40,0,2,59,0,61,110,0,110,171
10/17/2017,BTL,MI,AGL,CE,Federal Contract Tower,0,11,26,0,37,0,0,141,0,141,0,11,167,0,178,140,0,140,318
10/18/2017,BTL,MI,AGL,CE,Federal Contract Tower,0,4,26,0,30,0,0,252,0,252,0,4,278,0,282,378,0,378,660
10/19/2017,BTL,MI,AGL,CE,Federal Contract Tower,0,1,41,0,42,0,0,221,2,223,0,1,262,2,265,264,12,276,541
10/20/2017,BTL,MI,AGL,CE,Federal Contract Tower,1,3,21,0,25,0,0,205,0,205,1,3,226,0,230,314,0,314,544
10/21/2017,BTL,MI,AGL,CE,Federal Contract Tower,1,2,15,0,18,0,0,93,0,93,1,2,108,0,111,150,0,150,261
10/22/2017,BTL,MI,AGL,CE,Federal Contract Tower,0,4,5,0,9,0,0,17,0,17,0,4,22,0,26,4,0,4,30
10/23/2017,BTL,MI,AGL,CE,Federal Contract Tower,0,6,10,0,16,0,0,3,0,3,0,6,13,0,19,4,0,4,23
10/24/2017,BTL,MI,AGL,CE,Federal Contract Tower,0,5,5,0,10,0,0,0,0,0,0,5,5,0,10,0,0,0,10
10/25/2017,BTL,MI,AGL,CE,Federal Contract Tower,0,2,28,4,34,0,0,116,1,117,0,2,144,5,151,302,0,302,453
10/26/2017,BTL,MI,AGL,CE,Federal Contract Tower,0,7,40,0,47,0,0,184,0,184,0,7,224,0,231,246,0,246,477
10/27/2017,BTL,MI,AGL,CE,Federal Contract Tower,0,1,19,0,20,0,0,21,0,21,0,1,40,0,41,26,0,26,67
10/28/2017,BTL,MI,AGL,CE,Federal Contract Tower,0,1,3,0,4,0,0,26,0,26,0,1,29,0,30,75,0,75,105
10/29/2017,BTL,MI,AGL,CE,Federal Contract Tower,0,0,3,0,3,0,0,5,0,5,0,0,8,0,8,0,0,0,8
10/30/2017,BTL,MI,AGL,CE,Federal Contract Tower,0,1,20,0,21,0,0,33,0,33,0,1,53,0,54,114,0,114,168
10/31/2017,BTL,MI,AGL,CE,Federal Contract Tower,0,1,24,0,25,0,0,64,0,64,0,1,88,0,89,102,0,102,191
11/01/2017,BTL,MI,AGL,CE,Federal Contract Tower,0,0,8,0,8,0,0,134,0,134,0,0,142,0,142,226,0,226,368
11/02/2017,BTL,MI,AGL,CE,Federal Contract Tower,0,2,5,0,7,0,0,0,0,0,0,2,5,0,7,0,0,0,7
11/03/2017,BTL,MI,AGL,CE,Federal Contract Tower,2,7,21,0,30,0,1,225,10,236,2,8,246,10,266,292,34,326,592
11/04/2017,BTL,MI,AGL,CE,Federal Contract Tower,0,1,4,0,5,0,1,22,0,23,0,2,26,0,28,32,0,32,60
11/05/2017,BTL,MI,AGL,CE,Federal Contract Tower,0,4,4,0,8,0,0,1,0,1,0,4,5,0,9,0,0,0,9
11/06/2017,BTL,MI,AGL,CE,Federal Contract Tower,0,6,16,0,22,0,0,171,0,171,0,6,187,0,193,258,0,258,451
11/07/2017,BTL,MI,AGL,CE,Federal Contract Tower,0,8,11,0,19,0,2,219,0,221,0,10,230,0,240,310,0,310,550
11/08/2017,BTL,MI,AGL,CE,Federal Contract Tower,0,5,17,0,22,0,0,196,0,196,0,5,213,0,218,304,0,304,522
11/09/2017,BTL,MI,AGL,CE,Federal Contract Tower,0,4,6,0,10,0,0,35,0,35,0,4,41,0,45,44,0,44,89
11/10/2017,BTL,MI,AGL,CE,Federal Contract Tower,1,0,8,0,9,0,0,207,0,207,1,0,215,0,216,356,0,356,572
11/11/2017,BTL,MI,AGL,CE,Federal Contract Tower,0,0,1,0,1,0,0,131,0,131,0,0,132,0,132,192,0,192,324
11/12/2017,BTL,MI,AGL,CE,Federal Contract Tower,0,1,3,0,4,0,0,0,0,0,0,1,3,0,4,0,0,0,4
11/13/2017,BTL,MI,AGL,CE,Federal Contract Tower,0,5,15,0,20,0,0,32,0,32,0,5,47,0,52,40,0,40,92
11/15/2017,BTL,MI,AGL,CE,Federal Contract Tower,0,8,9,0,17,0,0,10,0,10,0,8,19,0,27,14,0,14,41
11/16/2017,BTL,MI,AGL,CE,Federal Contract Tower,0,14,12,0,26,0,0,66,0,66,0,14,78,0,92,62,0,62,154
11/17/2017,BTL,MI,AGL,CE,Federal Contract Tower,0,2,15,0,17,0,0,137,0,137,0,2,152,0,154,84,0,84,238
11/18/2017,BTL,MI,AGL,CE,Federal Contract Tower,0,1,3,0,4,0,0,0,0,0,0,1,3,0,4,0,0,0,4
11/19/2017,BTL,MI,AGL,CE,Federal Contract Tower,0,0,0,0,0,0,0,0,0,0,0,0,0,0,0,0,0,0,0
11/20/2017,BTL,MI,AGL,CE,Federal Contract Tower,0,4,16,0,20,0,0,158,0,158,0,4,174,0,178,194,0,194,372
11/21/2017,BTL,MI,AGL,CE,Federal Contract Tower,0,4,10,0,14,0,0,11,6,17,0,4,21,6,31,20,0,20,51
11/22/2017,BTL,MI,AGL,CE,Federal Contract Tower,0,7,3,0,10,0,0,49,0,49,0,7,52,0,59,88,0,88,147
11/23/2017,BTL,MI,AGL,CE,Federal Contract Tower,0,5,1,0,6,0,0,6,0,6,0,5,7,0,12,0,0,0,12
11/24/2017,BTL,MI,AGL,CE,Federal Contract Tower,0,1,1,0,2,0,0,7,0,7,0,1,8,0,9,2,0,2,11
11/25/2017,BTL,MI,AGL,CE,Federal Contract Tower,0,5,1,0,6,0,4,0,0,4,0,9,1,0,10,0,0,0,10
11/26/2017,BTL,MI,AGL,CE,Federal Contract Tower,0,2,7,0,9,0,0,35,0,35,0,2,42,0,44,24,0,24,68
11/27/2017,BTL,MI,AGL,CE,Federal Contract Tower,0,3,15,0,18,0,0,214,0,214,0,3,229,0,232,322,0,322,554
11/28/2017,BTL,MI,AGL,CE,Federal Contract Tower,0,2,15,0,17,0,0,81,0,81,0,2,96,0,98,70,0,70,168
11/29/2017,BTL,MI,AGL,CE,Federal Contract Tower,0,10,18,0,28,0,0,206,0,206,0,10,224,0,234,340,0,340,574
11/30/2017,BTL,MI,AGL,CE,Federal Contract Tower,0,1,18,0,19,0,0,130,2,132,0,1,148,2,151,164,0,164,315
12/01/2017,BTL,MI,AGL,CE,Federal Contract Tower,0,0,17,0,17,0,0,203,0,203,0,0,220,0,220,304,0,304,524
12/02/2017,BTL,MI,AGL,CE,Federal Contract Tower,0,1,2,0,3,0,0,180,0,180,0,1,182,0,183,232,0,232,415
12/03/2017,BTL,MI,AGL,CE,Federal Contract Tower,0,0,2,0,2,0,0,44,0,44,0,0,46,0,46,92,0,92,138
12/04/2017,BTL,MI,AGL,CE,Federal Contract Tower,0,5,9,0,14,0,2,33,0,35,0,7,42,0,49,38,0,38,87
12/05/2017,BTL,MI,AGL,CE,Federal Contract Tower,0,1,3,0,4,0,0,6,0,6,0,1,9,0,10,8,0,8,18
12/06/2017,BTL,MI,AGL,CE,Federal Contract Tower,0,3,15,0,18,0,0,53,0,53,0,3,68,0,71,60,0,60,131
12/07/2017,BTL,MI,AGL,CE,Federal Contract Tower,0,8,17,0,25,0,0,5,0,5,0,8,22,0,30,26,0,26,56
12/08/2017,BTL,MI,AGL,CE,Federal Contract Tower,0,5,10,0,15,0,0,197,0,197,0,5,207,0,212,310,0,310,522
12/09/2017,BTL,MI,AGL,CE,Federal Contract Tower,0,2,3,0,5,0,0,0,0,0,0,2,3,0,5,0,0,0,5
12/10/2017,BTL,MI,AGL,CE,Federal Contract Tower,1,2,5,0,8,0,0,12,0,12,1,2,17,0,20,4,0,4,24
12/11/2017,BTL,MI,AGL,CE,Federal Contract Tower,2,2,15,0,19,0,0,12,0,12,2,2,27,0,31,20,0,20,51
12/12/2017,BTL,MI,AGL,CE,Federal Contract Tower,0,2,10,0,12,0,0,49,0,49,0,2,59,0,61,62,0,62,123
12/13/2017,BTL,MI,AGL,CE,Federal Contract Tower,0,6,6,0,12,0,0,3,0,3,0,6,9,0,15,4,0,4,19
12/14/2017,BTL,MI,AGL,CE,Federal Contract Tower,0,12,9,0,21,0,0,136,0,136,0,12,145,0,157,182,0,182,339
12/15/2017,BTL,MI,AGL,CE,Federal Contract Tower,0,7,13,0,20,0,0,4,0,4,0,7,17,0,24,0,0,0,24
12/16/2017,BTL,MI,AGL,CE,Federal Contract Tower,0,1,4,0,5,0,0,31,0,31,0,1,35,0,36,40,0,40,76
12/17/2017,BTL,MI,AGL,CE,Federal Contract Tower,0,2,0,0,2,0,0,0,0,0,0,2,0,0,2,0,0,0,2
12/18/2017,BTL,MI,AGL,CE,Federal Contract Tower,0,6,7,0,13,0,0,0,0,0,0,6,7,0,13,0,0,0,13
12/19/2017,BTL,MI,AGL,CE,Federal Contract Tower,0,4,23,2,29,0,1,128,7,136,0,5,151,9,165,188,6,194,359
12/20/2017,BTL,MI,AGL,CE,Federal Contract Tower,0,3,21,1,25,0,0,84,0,84,0,3,105,1,109,104,0,104,213
12/21/2017,BTL,MI,AGL,CE,Federal Contract Tower,0,5,10,2,17,0,0,71,2,73,0,5,81,4,90,44,0,44,134
12/22/2017,BTL,MI,AGL,CE,Federal Contract Tower,0,3,10,0,13,0,0,0,0,0,0,3,10,0,13,0,0,0,13
12/23/2017,BTL,MI,AGL,CE,Federal Contract Tower,0,1,2,0,3,0,0,0,0,0,0,1,2,0,3,0,0,0,3
12/24/2017,BTL,MI,AGL,CE,Federal Contract Tower,0,2,0,0,2,0,0,0,0,0,0,2,0,0,2,0,0,0,2
12/25/2017,BTL,MI,AGL,CE,Federal Contract Tower,0,0,0,0,0,0,0,0,0,0,0,0,0,0,0,0,0,0,0
12/26/2017,BTL,MI,AGL,CE,Federal Contract Tower,0,2,2,0,4,0,0,0,0,0,0,2,2,0,4,0,0,0,4
12/27/2017,BTL,MI,AGL,CE,Federal Contract Tower,0,2,8,0,10,0,0,7,1,8,0,2,15,1,18,10,0,10,28
12/28/2017,BTL,MI,AGL,CE,Federal Contract Tower,0,0,2,0,2,0,0,0,0,0,0,0,2,0,2,0,0,0,2
12/29/2017,BTL,MI,AGL,CE,Federal Contract Tower,0,0,0,0,0,0,0,0,0,0,0,0,0,0,0,0,0,0,0
12/30/2017,BTL,MI,AGL,CE,Federal Contract Tower,0,3,1,0,4,0,0,0,0,0,0,3,1,0,4,0,0,0,4
12/31/2017,BTL,MI,AGL,CE,Federal Contract Tower,0,1,1,0,2,0,0,0,0,0,0,1,1,0,2,0,0,0,2
01/01/2018,BTL,MI,AGL,CE,Federal Contract Tower,0,1,1,0,2,0,0,0,0,0,0,1,1,0,2,0,0,0,2
01/02/2018,BTL,MI,AGL,CE,Federal Contract Tower,0,2,10,0,12,0,0,13,0,13,0,2,23,0,25,16,0,16,41
01/03/2018,BTL,MI,AGL,CE,Federal Contract Tower,0,4,3,0,7,0,0,0,0,0,0,4,3,0,7,0,0,0,7
01/04/2018,BTL,MI,AGL,CE,Federal Contract Tower,0,2,9,0,11,0,0,72,0,72,0,2,81,0,83,98,0,98,181
01/05/2018,BTL,MI,AGL,CE,Federal Contract Tower,0,3,10,0,13,0,0,49,0,49,0,3,59,0,62,92,0,92,154
01/06/2018,BTL,MI,AGL,CE,Federal Contract Tower,0,1,7,1,9,0,0,18,0,18,0,1,25,1,27,12,0,12,39
01/07/2018,BTL,MI,AGL,CE,Federal Contract Tower,0,3,0,0,3,0,0,2,0,2,0,3,2,0,5,0,0,0,5
01/08/2018,BTL,MI,AGL,CE,Federal Contract Tower,0,6,13,0,19,0,0,44,0,44,0,6,57,0,63,54,0,54,117
01/09/2018,BTL,MI,AGL,CE,Federal Contract Tower,0,1,5,0,6,0,0,4,0,4,0,1,9,0,10,20,0,20,30
01/10/2018,BTL,MI,AGL,CE,Federal Contract Tower,0,4,7,0,11,0,0,0,0,0,0,4,7,0,11,0,0,0,11
01/11/2018,BTL,MI,AGL,CE,Federal Contract Tower,0,1,15,0,16,0,0,0,0,0,0,1,15,0,16,0,0,0,16
01/12/2018,BTL,MI,AGL,CE,Federal Contract Tower,0,5,2,0,7,0,0,2,0,2,0,5,4,0,9,0,0,0,9
01/13/2018,BTL,MI,AGL,CE,Federal Contract Tower,0,4,16,0,20,0,0,92,0,92,0,4,108,0,112,262,0,262,374
01/14/2018,BTL,MI,AGL,CE,Federal Contract Tower,0,1,4,2,7,0,0,19,0,19,0,1,23,2,26,22,0,22,48
01/15/2018,BTL,MI,AGL,CE,Federal Contract Tower,0,3,2,0,5,0,0,0,0,0,0,3,2,0,5,0,0,0,5
01/16/2018,BTL,MI,AGL,CE,Federal Contract Tower,0,1,4,0,5,0,0,5,0,5,0,1,9,0,10,12,0,12,22
01/17/2018,BTL,MI,AGL,CE,Federal Contract Tower,0,6,7,0,13,0,0,183,8,191,0,6,190,8,204,334,40,374,578
01/18/2018,BTL,MI,AGL,CE,Federal Contract Tower,0,1,6,0,7,0,0,183,0,183,0,1,189,0,190,316,0,316,506
01/19/2018,BTL,MI,AGL,CE,Federal Contract Tower,0,7,16,0,23,0,12,202,0,214,0,19,218,0,237,296,0,296,533
01/20/2018,BTL,MI,AGL,CE,Federal Contract Tower,0,6,3,0,9,0,0,144,0,144,0,6,147,0,153,272,0,272,425
01/21/2018,BTL,MI,AGL,CE,Federal Contract Tower,0,2,2,0,4,0,0,0,0,0,0,2,2,0,4,0,0,0,4
01/22/2018,BTL,MI,AGL,CE,Federal Contract Tower,0,2,8,0,10,0,0,0,0,0,0,2,8,0,10,0,0,0,10
01/23/2018,BTL,MI,AGL,CE,Federal Contract Tower,0,6,7,0,13,0,0,0,0,0,0,6,7,0,13,0,0,0,13
01/24/2018,BTL,MI,AGL,CE,Federal Contract Tower,0,3,12,0,15,0,0,116,2,118,0,3,128,2,133,174,0,174,307
01/25/2018,BTL,MI,AGL,CE,Federal Contract Tower,0,8,4,0,12,0,0,160,2,162,0,8,164,2,174,296,18,314,488
01/26/2018,BTL,MI,AGL,CE,Federal Contract Tower,0,2,2,3,7,0,0,161,0,161,0,2,163,3,168,166,4,170,338
01/27/2018,BTL,MI,AGL,CE,Federal Contract Tower,0,4,13,0,17,0,0,132,0,132,0,4,145,0,149,242,0,242,391
01/28/2018,BTL,MI,AGL,CE,Federal Contract Tower,0,4,6,1,11,0,0,88,0,88,0,4,94,1,99,192,0,192,291
01/29/2018,BTL,MI,AGL,CE,Federal Contract Tower,0,5,6,0,11,0,0,4,0,4,0,5,10,0,15,14,0,14,29
01/30/2018,BTL,MI,AGL,CE,Federal Contract Tower,0,6,16,0,22,0,0,165,0,165,0,6,181,0,187,240,0,240,427
01/31/2018,BTL,MI,AGL,CE,Federal Contract Tower,0,10,11,0,21,0,0,73,0,73,0,10,84,0,94,74,0,74,168
02/03/2018,BTL,MI,AGL,CE,Federal Contract Tower,0,5,15,0,20,0,0,34,2,36,0,5,49,2,56,78,0,78,134
02/04/2018,BTL,MI,AGL,CE,Federal Contract Tower,0,7,0,0,7,0,0,0,0,0,0,7,0,0,7,0,0,0,7
02/06/2018,BTL,MI,AGL,CE,Federal Contract Tower,0,8,9,0,17,0,0,78,0,78,0,8,87,0,95,104,0,104,199
02/07/2018,BTL,MI,AGL,CE,Federal Contract Tower,0,4,9,0,13,0,0,35,4,39,0,4,44,4,52,66,4,70,122
02/08/2018,BTL,MI,AGL,CE,Federal Contract Tower,0,6,31,0,37,0,0,28,0,28,0,6,59,0,65,104,0,104,169
02/09/2018,BTL,MI,AGL,CE,Federal Contract Tower,0,0,2,0,2,0,0,0,0,0,0,0,2,0,2,0,0,0,2
02/10/2018,BTL,MI,AGL,CE,Federal Contract Tower,0,1,0,0,1,0,0,0,0,0,0,1,0,0,1,0,0,0,1
02/11/2018,BTL,MI,AGL,CE,Federal Contract Tower,0,1,0,0,1,0,0,0,0,0,0,1,0,0,1,0,0,0,1
02/12/2018,BTL,MI,AGL,CE,Federal Contract Tower,0,9,9,0,18,0,0,191,0,191,0,9,200,0,209,268,0,268,477
02/13/2018,BTL,MI,AGL,CE,Federal Contract Tower,0,13,14,0,27,0,0,203,2,205,0,13,217,2,232,326,0,326,558
02/14/2018,BTL,MI,AGL,CE,Federal Contract Tower,0,17,6,0,23,0,0,71,0,71,0,17,77,0,94,140,0,140,234
02/15/2018,BTL,MI,AGL,CE,Federal Contract Tower,0,3,4,0,7,0,0,0,0,0,0,3,4,0,7,0,0,0,7
02/16/2018,BTL,MI,AGL,CE,Federal Contract Tower,0,12,10,0,22,0,0,120,0,120,0,12,130,0,142,246,0,246,388
02/17/2018,BTL,MI,AGL,CE,Federal Contract Tower,0,0,3,0,3,0,0,137,0,137,0,0,140,0,140,282,0,282,422
02/18/2018,BTL,MI,AGL,CE,Federal Contract Tower,0,3,12,0,15,0,0,69,0,69,0,3,81,0,84,88,0,88,172
02/19/2018,BTL,MI,AGL,CE,Federal Contract Tower,0,1,6,0,7,0,0,0,0,0,0,1,6,0,7,0,0,0,7
02/20/2018,BTL,MI,AGL,CE,Federal Contract Tower,0,2,2,0,4,0,0,0,0,0,0,2,2,0,4,0,0,0,4
02/21/2018,BTL,MI,AGL,CE,Federal Contract Tower,0,1,12,0,13,0,0,15,0,15,0,1,27,0,28,16,0,16,44
02/22/2018,BTL,MI,AGL,CE,Federal Contract Tower,0,5,18,0,23,0,0,220,0,220,0,5,238,0,243,302,0,302,545
02/23/2018,BTL,MI,AGL,CE,Federal Contract Tower,0,6,12,0,18,0,0,0,0,0,0,6,12,0,18,0,0,0,18
02/24/2018,BTL,MI,AGL,CE,Federal Contract Tower,0,1,14,0,15,0,0,35,0,35,0,1,49,0,50,146,0,146,196
02/25/2018,BTL,MI,AGL,CE,Federal Contract Tower,0,9,4,0,13,0,0,6,0,6,0,9,10,0,19,0,0,0,19
02/26/2018,BTL,MI,AGL,CE,Federal Contract Tower,0,10,22,0,32,0,0,246,0,246,0,10,268,0,278,346,0,346,624
02/27/2018,BTL,MI,AGL,CE,Federal Contract Tower,0,6,23,0,29,0,0,160,1,161,0,6,183,1,190,234,2,236,426
02/28/2018,BTL,MI,AGL,CE,Federal Contract Tower,0,1,23,0,24,0,0,101,2,103,0,1,124,2,127,260,12,272,399
03/01/2018,BTL,MI,AGL,CE,Federal Contract Tower,0,6,7,0,13,0,0,0,0,0,0,6,7,0,13,0,0,0,13
03/02/2018,BTL,MI,AGL,CE,Federal Contract Tower,1,6,10,0,17,0,0,145,2,147,1,6,155,2,164,184,10,194,358
03/03/2018,BTL,MI,AGL,CE,Federal Contract Tower,0,4,3,4,11,0,0,123,6,129,0,4,126,10,140,132,14,146,286
03/04/2018,BTL,MI,AGL,CE,Federal Contract Tower,0,2,4,0,6,0,0,27,0,27,0,2,31,0,33,0,0,0,33
03/05/2018,BTL,MI,AGL,CE,Federal Contract Tower,0,3,6,0,9,0,0,98,0,98,0,3,104,0,107,162,0,162,269
03/06/2018,BTL,MI,AGL,CE,Federal Contract Tower,0,3,4,0,7,0,0,4,0,4,0,3,8,0,11,4,0,4,15
03/07/2018,BTL,MI,AGL,CE,Federal Contract Tower,0,2,5,0,7,0,0,0,0,0,0,2,5,0,7,0,0,0,7
03/08/2018,BTL,MI,AGL,CE,Federal Contract Tower,0,2,10,0,12,0,0,8,2,10,0,2,18,2,22,6,0,6,28
03/09/2018,BTL,MI,AGL,CE,Federal Contract Tower,0,2,8,0,10,0,0,32,0,32,0,2,40,0,42,92,0,92,134
03/10/2018,BTL,MI,AGL,CE,Federal Contract Tower,0,2,2,0,4,0,0,81,0,81,0,2,83,0,85,122,0,122,207
03/11/2018,BTL,MI,AGL,CE,Federal Contract Tower,0,1,11,0,12,0,0,35,0,35,0,1,46,0,47,74,0,74,121
03/12/2018,BTL,MI,AGL,CE,Federal Contract Tower,0,0,13,0,13,0,0,22,0,22,0,0,35,0,35,52,0,52,87
03/13/2018,BTL,MI,AGL,CE,Federal Contract Tower,0,0,11,0,11,0,0,20,0,20,0,0,31,0,31,28,0,28,59
03/14/2018,BTL,MI,AGL,CE,Federal Contract Tower,0,3,13,0,16,0,2,191,0,193,0,5,204,0,209,312,0,312,521
03/15/2018,BTL,MI,AGL,CE,Federal Contract Tower,0,4,7,0,11,0,0,110,0,110,0,4,117,0,121,146,0,146,267
03/16/2018,BTL,MI,AGL,CE,Federal Contract Tower,0,4,14,0,18,0,0,256,6,262,0,4,270,6,280,448,0,448,728
03/17/2018,BTL,MI,AGL,CE,Federal Contract Tower,0,1,7,0,8,0,0,179,0,179,0,1,186,0,187,324,0,324,511
03/18/2018,BTL,MI,AGL,CE,Federal Contract Tower,0,1,6,0,7,0,0,139,0,139,0,1,145,0,146,178,0,178,324
03/19/2018,BTL,MI,AGL,CE,Federal Contract Tower,0,4,13,0,17,0,0,217,6,223,0,4,230,6,240,266,8,274,514
03/20/2018,BTL,MI,AGL,CE,Federal Contract Tower,0,1,8,0,9,0,0,105,0,105,0,1,113,0,114,196,2,198,312
03/21/2018,BTL,MI,AGL,CE,Federal Contract Tower,0,4,17,0,21,0,0,128,6,134,0,4,145,6,155,342,16,358,513
03/22/2018,BTL,MI,AGL,CE,Federal Contract Tower,0,3,21,0,24,0,0,222,0,222,0,3,243,0,246,299,0,299,545
03/23/2018,BTL,MI,AGL,CE,Federal Contract Tower,0,3,4,0,7,0,0,192,0,192,0,3,196,0,199,258,0,258,457
03/24/2018,BTL,MI,AGL,CE,Federal Contract Tower,0,5,5,0,10,0,0,132,0,132,0,5,137,0,142,260,0,260,402
03/25/2018,BTL,MI,AGL,CE,Federal Contract Tower,0,1,4,0,5,0,0,64,0,64,0,1,68,0,69,114,0,114,183
03/26/2018,BTL,MI,AGL,CE,Federal Contract Tower,0,2,14,0,16,0,0,158,0,158,0,2,172,0,174,268,0,268,442
03/27/2018,BTL,MI,AGL,CE,Federal Contract Tower,0,2,9,0,11,0,0,0,0,0,0,2,9,0,11,0,0,0,11
03/28/2018,BTL,MI,AGL,CE,Federal Contract Tower,0,3,48,0,51,0,0,50,0,50,0,3,98,0,101,252,2,254,355
03/29/2018,BTL,MI,AGL,CE,Federal Contract Tower,0,6,15,0,21,0,0,30,0,30,0,6,45,0,51,120,0,120,171
03/30/2018,BTL,MI,AGL,CE,Federal Contract Tower,0,3,12,0,15,0,0,211,0,211,0,3,223,0,226,336,0,336,562
03/31/2018,BTL,MI,AGL,CE,Federal Contract Tower,2,2,1,0,5,0,0,19,0,19,2,2,20,0,24,50,0,50,74
04/01/2018,BTL,MI,AGL,CE,Federal Contract Tower,0,5,6,0,11,0,0,19,0,19,0,5,25,0,30,74,0,74,104
04/02/2018,BTL,MI,AGL,CE,Federal Contract Tower,0,4,7,0,11,0,0,220,0,220,0,4,227,0,231,448,0,448,679
04/03/2018,BTL,MI,AGL,CE,Federal Contract Tower,0,5,2,1,8,0,0,0,0,0,0,5,2,1,8,0,0,0,8
04/04/2018,BTL,MI,AGL,CE,Federal Contract Tower,0,0,6,1,7,0,0,12,10,22,0,0,18,11,29,6,40,46,75
04/05/2018,BTL,MI,AGL,CE,Federal Contract Tower,0,5,12,1,18,0,0,191,2,193,0,5,203,3,211,332,10,342,553
04/06/2018,BTL,MI,AGL,CE,Federal Contract Tower,2,3,10,0,15,0,0,23,0,23,2,3,33,0,38,18,2,20,58
04/07/2018,BTL,MI,AGL,CE,Federal Contract Tower,0,5,4,0,9,0,0,124,6,130,0,5,128,6,139,182,32,214,353
04/08/2018,BTL,MI,AGL,CE,Federal Contract Tower,0,1,4,0,5,0,0,89,4,93,0,1,93,4,98,116,0,116,214
04/09/2018,BTL,MI,AGL,CE,Federal Contract Tower,0,5,5,0,10,0,0,0,0,0,0,5,5,0,10,0,0,0,10
04/10/2018,BTL,MI,AGL,CE,Federal Contract Tower,0,4,13,2,19,0,0,172,5,177,0,4,185,7,196,350,2,352,548
04/11/2018,BTL,MI,AGL,CE,Federal Contract Tower,0,3,9,0,12,0,0,145,0,145,0,3,154,0,157,298,0,298,455
04/12/2018,BTL,MI,AGL,CE,Federal Contract Tower,0,2,21,0,23,0,0,98,3,101,0,2,119,3,124,44,2,46,170
04/13/2018,BTL,MI,AGL,CE,Federal Contract Tower,0,0,17,0,17,0,0,119,3,122,0,0,136,3,139,236,0,236,375
04/14/2018,BTL,MI,AGL,CE,Federal Contract Tower,0,1,4,0,5,0,0,0,0,0,0,1,4,0,5,0,0,0,5
04/15/2018,BTL,MI,AGL,CE,Federal Contract Tower,0,1,5,0,6,0,0,0,0,0,0,1,5,0,6,0,0,0,6
04/16/2018,BTL,MI,AGL,CE,Federal Contract Tower,0,4,4,0,8,0,0,0,0,0,0,4,4,0,8,0,0,0,8
04/17/2018,BTL,MI,AGL,CE,Federal Contract Tower,0,2,7,0,9,0,0,29,0,29,0,2,36,0,38,106,0,106,144
04/18/2018,BTL,MI,AGL,CE,Federal Contract Tower,0,7,6,0,13,0,0,0,0,0,0,7,6,0,13,70,228,298,311
04/19/2018,BTL,MI,AGL,CE,Federal Contract Tower,0,8,17,0,25,0,0,185,6,191,0,8,202,6,216,238,0,238,454
04/20/2018,BTL,MI,AGL,CE,Federal Contract Tower,0,0,10,4,14,0,0,232,0,232,0,0,242,4,246,466,0,466,712
04/21/2018,BTL,MI,AGL,CE,Federal Contract Tower,0,2,6,0,8,0,0,183,0,183,0,2,189,0,191,304,0,304,495
04/22/2018,BTL,MI,AGL,CE,Federal Contract Tower,0,8,3,0,11,0,0,72,0,72,0,8,75,0,83,90,0,90,173
04/23/2018,BTL,MI,AGL,CE,Federal Contract Tower,0,2,10,0,12,0,0,223,0,223,0,2,233,0,235,340,0,340,575
04/24/2018,BTL,MI,AGL,CE,Federal Contract Tower,0,2,16,0,18,0,0,0,0,0,0,2,16,0,18,0,0,0,18
04/25/2018,BTL,MI,AGL,CE,Federal Contract Tower,0,5,14,0,19,0,0,148,0,148,0,5,162,0,167,296,0,296,463
04/26/2018,BTL,MI,AGL,CE,Federal Contract Tower,0,7,16,0,23,0,0,165,8,173,0,7,181,8,196,302,30,332,528
04/27/2018,BTL,MI,AGL,CE,Federal Contract Tower,0,7,9,0,16,0,0,98,4,102,0,7,107,4,118,188,0,188,306
04/28/2018,BTL,MI,AGL,CE,Federal Contract Tower,0,0,3,0,3,0,0,39,0,39,0,0,42,0,42,78,0,78,120
04/29/2018,BTL,MI,AGL,CE,Federal Contract Tower,0,3,9,0,12,0,0,44,0,44,0,3,53,0,56,18,0,18,74
04/30/2018,BTL,MI,AGL,CE,Federal Contract Tower,0,2,18,0,20,0,0,155,0,155,0,2,173,0,175,274,0,274,449
05/01/2018,BTL,MI,AGL,CE,Federal Contract Tower,0,5,11,0,16,0,0,115,2,117,0,5,126,2,133,172,0,172,305
05/02/2018,BTL,MI,AGL,CE,Federal Contract Tower,0,6,9,0,15,0,0,84,2,86,0,6,93,2,101,96,12,108,209
05/03/2018,BTL,MI,AGL,CE,Federal Contract Tower,0,4,15,0,19,0,0,5,0,5,0,4,20,0,24,26,0,26,50
05/04/2018,BTL,MI,AGL,CE,Federal Contract Tower,0,1,14,0,15,0,0,44,14,58,0,1,58,14,73,14,0,14,87
05/05/2018,BTL,MI,AGL,CE,Federal Contract Tower,0,0,6,0,6,0,0,104,2,106,0,0,110,2,112,180,0,180,292
05/06/2018,BTL,MI,AGL,CE,Federal Contract Tower,0,4,5,0,9,0,0,25,0,25,0,4,30,0,34,12,2,14,48
05/07/2018,BTL,MI,AGL,CE,Federal Contract Tower,0,2,10,1,13,0,1,228,0,229,0,3,238,1,242,368,2,370,612
05/08/2018,BTL,MI,AGL,CE,Federal Contract Tower,0,3,6,0,9,0,0,220,0,220,0,3,226,0,229,380,0,380,609
05/09/2018,BTL,MI,AGL,CE,Federal Contract Tower,0,5,11,0,16,0,0,50,5,55,0,5,61,5,71,98,20,118,189
05/10/2018,BTL,MI,AGL,CE,Federal Contract Tower,0,3,40,0,43,0,0,75,4,79,0,3,115,4,122,144,22,166,288
05/11/2018,BTL,MI,AGL,CE,Federal Contract Tower,0,1,11,1,13,0,0,51,0,51,0,1,62,1,64,66,0,66,130
05/12/2018,BTL,MI,AGL,CE,Federal Contract Tower,0,2,9,2,13,0,0,0,0,0,0,2,9,2,13,0,0,0,13
05/13/2018,BTL,MI,AGL,CE,Federal Contract Tower,0,1,8,0,9,0,0,1,0,1,0,1,9,0,10,0,0,0,10
05/14/2018,BTL,MI,AGL,CE,Federal Contract Tower,0,2,30,0,32,0,0,38,0,38,0,2,68,0,70,72,0,72,142
05/15/2018,BTL,MI,AGL,CE,Federal Contract Tower,2,2,26,0,30,0,0,102,2,104,2,2,128,2,134,200,0,200,334
05/16/2018,BTL,MI,AGL,CE,Federal Contract Tower,0,1,24,0,25,0,0,221,2,223,0,1,245,2,248,382,0,382,630
05/17/2018,BTL,MI,AGL,CE,Federal Contract Tower,0,8,16,0,24,0,0,226,2,228,0,8,242,2,252,243,18,261,513
05/18/2018,BTL,MI,AGL,CE,Federal Contract Tower,0,7,9,0,16,0,0,109,0,109,0,7,118,0,125,204,0,204,329
05/19/2018,BTL,MI,AGL,CE,Federal Contract Tower,0,2,1,0,3,0,0,0,0,0,0,2,1,0,3,0,0,0,3
05/20/2018,BTL,MI,AGL,CE,Federal Contract Tower,0,3,3,0,6,0,0,0,0,0,0,3,3,0,6,0,0,0,6
05/21/2018,BTL,MI,AGL,CE,Federal Contract Tower,0,1,12,0,13,0,0,2,0,2,0,1,14,0,15,8,0,8,23
05/22/2018,BTL,MI,AGL,CE,Federal Contract Tower,1,2,38,0,41,0,0,13,0,13,1,2,51,0,54,24,0,24,78
05/23/2018,BTL,MI,AGL,CE,Federal Contract Tower,0,11,9,0,20,0,0,237,0,237,0,11,246,0,257,477,0,477,734
05/24/2018,BTL,MI,AGL,CE,Federal Contract Tower,0,3,11,0,14,0,0,199,2,201,0,3,210,2,215,400,0,400,615
05/25/2018,BTL,MI,AGL,CE,Federal Contract Tower,0,1,14,0,15,0,0,183,0,183,0,1,197,0,198,290,0,290,488
05/26/2018,BTL,MI,AGL,CE,Federal Contract Tower,0,1,4,0,5,0,0,42,0,42,0,1,46,0,47,60,0,60,107
05/27/2018,BTL,MI,AGL,CE,Federal Contract Tower,0,2,4,0,6,0,0,35,0,35,0,2,39,0,41,12,0,12,53
05/28/2018,BTL,MI,AGL,CE,Federal Contract Tower,0,0,2,0,2,0,0,16,0,16,0,0,18,0,18,2,0,2,20
05/29/2018,BTL,MI,AGL,CE,Federal Contract Tower,0,7,18,0,25,0,0,120,8,128,0,7,138,8,153,192,0,192,345
05/30/2018,BTL,MI,AGL,CE,Federal Contract Tower,0,3,15,0,18,0,0,78,0,78,0,3,93,0,96,148,0,148,244
05/31/2018,BTL,MI,AGL,CE,Federal Contract Tower,2,8,6,0,16,0,0,133,6,139,2,8,139,6,155,226,20,246,401
06/01/2018,BTL,MI,AGL,CE,Federal Contract Tower,0,3,11,0,14,0,0,164,0,164,0,3,175,0,178,216,0,216,394
06/02/2018,BTL,MI,AGL,CE,Federal Contract Tower,0,0,41,0,41,0,0,33,0,33,0,0,74,0,74,104,0,104,178
06/03/2018,BTL,MI,AGL,CE,Federal Contract Tower,0,0,3,0,3,0,0,0,0,0,0,0,3,0,3,0,0,0,3
06/04/2018,BTL,MI,AGL,CE,Federal Contract Tower,0,5,4,0,9,0,0,128,0,128,0,5,132,0,137,166,0,166,303
06/05/2018,BTL,MI,AGL,CE,Federal Contract Tower,0,2,20,0,22,0,0,138,0,138,0,2,158,0,160,264,0,264,424
06/06/2018,BTL,MI,AGL,CE,Federal Contract Tower,0,5,10,0,15,0,0,260,6,266,0,5,270,6,281,548,12,560,841
06/07/2018,BTL,MI,AGL,CE,Federal Contract Tower,0,4,19,0,23,0,0,177,2,179,0,4,196,2,202,340,34,374,576
06/08/2018,BTL,MI,AGL,CE,Federal Contract Tower,0,3,6,0,9,0,0,103,0,103,0,3,109,0,112,174,0,174,286
06/09/2018,BTL,MI,AGL,CE,Federal Contract Tower,0,4,4,0,8,0,0,4,0,4,0,4,8,0,12,2,0,2,14
06/10/2018,BTL,MI,AGL,CE,Federal Contract Tower,0,3,4,0,7,0,0,1,0,1,0,3,5,0,8,0,0,0,8
06/11/2018,BTL,MI,AGL,CE,Federal Contract Tower,0,2,28,0,30,0,0,116,0,116,0,2,144,0,146,226,0,226,372
06/12/2018,BTL,MI,AGL,CE,Federal Contract Tower,0,4,46,0,50,0,0,7,0,7,0,4,53,0,57,20,0,20,77
06/13/2018,BTL,MI,AGL,CE,Federal Contract Tower,0,3,13,0,16,0,0,39,2,41,0,3,52,2,57,24,4,28,85
06/14/2018,BTL,MI,AGL,CE,Federal Contract Tower,0,6,11,0,17,0,0,211,0,211,0,6,222,0,228,281,0,281,509
06/15/2018,BTL,MI,AGL,CE,Federal Contract Tower,0,4,15,0,19,0,0,193,4,197,0,4,208,4,216,228,0,228,444
06/16/2018,BTL,MI,AGL,CE,Federal Contract Tower,0,1,4,0,5,0,0,45,0,45,0,1,49,0,50,122,0,122,172
06/17/2018,BTL,MI,AGL,CE,Federal Contract Tower,0,1,6,1,8,0,0,27,12,39,0,1,33,13,47,2,0,2,49
06/18/2018,BTL,MI,AGL,CE,Federal Contract Tower,0,6,11,0,17,0,0,148,0,148,0,6,159,0,165,218,14,232,397
06/19/2018,BTL,MI,AGL,CE,Federal Contract Tower,0,2,16,0,18,0,0,47,0,47,0,2,63,0,65,192,0,192,257
06/20/2018,BTL,MI,AGL,CE,Federal Contract Tower,0,0,13,0,13,0,0,2,0,2,0,0,15,0,15,2,0,2,17
06/21/2018,BTL,MI,AGL,CE,Federal Contract Tower,0,2,13,0,15,0,0,222,2,224,0,2,235,2,239,306,0,306,545
06/22/2018,BTL,MI,AGL,CE,Federal Contract Tower,0,1,25,0,26,0,0,36,0,36,0,1,61,0,62,32,0,32,94
06/23/2018,BTL,MI,AGL,CE,Federal Contract Tower,0,1,12,0,13,0,0,4,0,4,0,1,16,0,17,0,0,0,17
06/24/2018,BTL,MI,AGL,CE,Federal Contract Tower,0,2,10,2,14,0,0,3,3,6,0,2,13,5,20,4,10,14,34
06/25/2018,BTL,MI,AGL,CE,Federal Contract Tower,0,4,12,2,18,0,0,259,0,259,0,4,271,2,277,332,0,332,609
06/26/2018,BTL,MI,AGL,CE,Federal Contract Tower,0,6,14,0,20,0,0,141,0,141,0,6,155,0,161,184,0,184,345
06/27/2018,BTL,MI,AGL,CE,Federal Contract Tower,2,8,16,1,27,0,0,2,2,4,2,8,18,3,31,0,0,0,31
06/28/2018,BTL,MI,AGL,CE,Federal Contract Tower,0,8,13,6,27,0,0,238,6,244,0,8,251,12,271,176,10,186,457
06/29/2018,BTL,MI,AGL,CE,Federal Contract Tower,0,0,9,0,9,0,0,87,0,87,0,0,96,0,96,90,0,90,186
06/30/2018,BTL,MI,AGL,CE,Federal Contract Tower,0,0,2,0,2,0,0,42,0,42,0,0,44,0,44,0,0,0,44
07/02/2018,BTL,MI,AGL,CE,Federal Contract Tower,0,0,5,0,5,0,0,152,0,152,0,0,157,0,157,136,0,136,293
07/03/2018,BTL,MI,AGL,CE,Federal Contract Tower,0,1,3,2,6,0,0,71,2,73,0,1,74,4,79,78,12,90,169
07/04/2018,BTL,MI,AGL,CE,Federal Contract Tower,0,5,1,0,6,0,0,28,0,28,0,5,29,0,34,6,0,6,40
07/05/2018,BTL,MI,AGL,CE,Federal Contract Tower,0,1,9,2,12,0,0,140,8,148,0,1,149,10,160,170,0,170,330
07/06/2018,BTL,MI,AGL,CE,Federal Contract Tower,0,2,15,0,17,0,0,134,0,134,0,2,149,0,151,256,0,256,407
07/07/2018,BTL,MI,AGL,CE,Federal Contract Tower,0,3,13,0,16,0,0,84,0,84,0,3,97,0,100,122,0,122,222
07/08/2018,BTL,MI,AGL,CE,Federal Contract Tower,0,6,5,0,11,0,0,25,0,25,0,6,30,0,36,6,0,6,42
07/09/2018,BTL,MI,AGL,CE,Federal Contract Tower,0,1,10,0,11,0,0,212,0,212,0,1,222,0,223,268,0,268,491
07/10/2018,BTL,MI,AGL,CE,Federal Contract Tower,0,2,4,0,6,0,0,198,2,200,0,2,202,2,206,396,8,404,610
07/11/2018,BTL,MI,AGL,CE,Federal Contract Tower,0,3,12,0,15,0,0,171,2,173,0,3,183,2,188,256,20,276,464
07/12/2018,BTL,MI,AGL,CE,Federal Contract Tower,0,4,10,0,14,0,0,204,7,211,0,4,214,7,225,260,2,262,487
07/13/2018,BTL,MI,AGL,CE,Federal Contract Tower,0,4,19,0,23,0,0,153,0,153,0,4,172,0,176,188,0,188,364
07/14/2018,BTL,MI,AGL,CE,Federal Contract Tower,0,0,9,0,9,0,0,44,0,44,0,0,53,0,53,36,0,36,89
07/15/2018,BTL,MI,AGL,CE,Federal Contract Tower,0,1,7,0,8,0,0,18,0,18,0,1,25,0,26,37,0,37,63
07/16/2018,BTL,MI,AGL,CE,Federal Contract Tower,0,4,19,0,23,0,3,101,0,104,0,7,120,0,127,192,6,198,325
07/17/2018,BTL,MI,AGL,CE,Federal Contract Tower,1,4,13,0,18,0,0,199,4,203,1,4,212,4,221,224,14,238,459
07/18/2018,BTL,MI,AGL,CE,Federal Contract Tower,0,5,9,0,14,0,0,205,0,205,0,5,214,0,219,242,0,242,461
07/19/2018,BTL,MI,AGL,CE,Federal Contract Tower,0,3,7,0,10,0,0,169,17,186,0,3,176,17,196,228,0,228,424
07/20/2018,BTL,MI,AGL,CE,Federal Contract Tower,0,7,8,0,15,0,0,25,0,25,0,7,33,0,40,28,0,28,68
07/21/2018,BTL,MI,AGL,CE,Federal Contract Tower,0,1,3,0,4,0,0,1,0,1,0,1,4,0,5,0,0,0,5
07/22/2018,BTL,MI,AGL,CE,Federal Contract Tower,0,0,3,0,3,0,0,6,0,6,0,0,9,0,9,8,0,8,17
07/23/2018,BTL,MI,AGL,CE,Federal Contract Tower,0,4,40,0,44,0,0,50,0,50,0,4,90,0,94,100,0,100,194
07/24/2018,BTL,MI,AGL,CE,Federal Contract Tower,0,11,14,0,25,0,0,104,0,104,0,11,118,0,129,162,0,162,291
07/25/2018,BTL,MI,AGL,CE,Federal Contract Tower,0,4,6,0,10,0,0,171,3,174,0,4,177,3,184,198,14,212,396
07/26/2018,BTL,MI,AGL,CE,Federal Contract Tower,0,10,27,2,39,0,0,141,6,147,0,10,168,8,186,194,0,194,380
07/27/2018,BTL,MI,AGL,CE,Federal Contract Tower,0,5,23,0,28,0,0,107,0,107,0,5,130,0,135,228,0,228,363
07/28/2018,BTL,MI,AGL,CE,Federal Contract Tower,0,2,8,0,10,0,0,76,0,76,0,2,84,0,86,126,0,126,212
07/29/2018,BTL,MI,AGL,CE,Federal Contract Tower,0,2,7,0,9,0,0,9,0,9,0,2,16,0,18,0,0,0,18
07/30/2018,BTL,MI,AGL,CE,Federal Contract Tower,0,3,10,0,13,0,0,150,2,152,0,3,160,2,165,272,4,276,441
07/31/2018,BTL,MI,AGL,CE,Federal Contract Tower,0,1,4,0,5,0,0,154,0,154,0,1,158,0,159,298,0,298,457
08/01/2018,BTL,MI,AGL,CE,Federal Contract Tower,0,4,17,0,21,0,0,152,8,160,0,4,169,8,181,246,14,260,441
08/02/2018,BTL,MI,AGL,CE,Federal Contract Tower,0,4,12,0,16,0,0,98,7,105,0,4,110,7,121,134,8,142,263
08/03/2018,BTL,MI,AGL,CE,Federal Contract Tower,0,2,25,0,27,0,0,0,0,0,0,2,25,0,27,184,16,200,227
08/04/2018,BTL,MI,AGL,CE,Federal Contract Tower,0,1,7,0,8,0,0,62,14,76,0,1,69,14,84,82,4,86,170
08/05/2018,BTL,MI,AGL,CE,Federal Contract Tower,0,3,11,2,16,0,0,12,0,12,0,3,23,2,28,10,10,20,48
08/06/2018,BTL,MI,AGL,CE,Federal Contract Tower,0,1,11,0,12,0,0,4,0,4,0,1,15,0,16,14,0,14,30
08/07/2018,BTL,MI,AGL,CE,Federal Contract Tower,0,5,21,0,26,0,0,55,2,57,0,5,76,2,83,96,0,96,179
08/08/2018,BTL,MI,AGL,CE,Federal Contract Tower,0,2,29,0,31,0,0,154,5,159,0,2,183,5,190,293,10,303,493
08/09/2018,BTL,MI,AGL,CE,Federal Contract Tower,0,1,15,0,16,0,0,138,4,142,0,1,153,4,158,262,0,262,420
08/10/2018,BTL,MI,AGL,CE,Federal Contract Tower,0,2,50,0,52,0,0,84,0,84,0,2,134,0,136,178,0,178,314
08/11/2018,BTL,MI,AGL,CE,Federal Contract Tower,0,0,3,4,7,0,0,68,0,68,0,0,71,4,75,138,0,138,213
08/12/2018,BTL,MI,AGL,CE,Federal Contract Tower,0,2,6,8,16,0,0,18,0,18,0,2,24,8,34,4,0,4,38
08/13/2018,BTL,MI,AGL,CE,Federal Contract Tower,0,7,11,3,21,0,0,172,5,177,0,7,183,8,198,254,24,278,476
08/14/2018,BTL,MI,AGL,CE,Federal Contract Tower,0,5,17,0,22,0,0,168,10,178,0,5,185,10,200,240,22,262,462
08/15/2018,BTL,MI,AGL,CE,Federal Contract Tower,0,2,8,0,10,0,0,83,6,89,0,2,91,6,99,86,12,98,197
08/16/2018,BTL,MI,AGL,CE,Federal Contract Tower,0,7,48,0,55,0,0,26,3,29,0,7,74,3,84,34,0,34,118
08/17/2018,BTL,MI,AGL,CE,Federal Contract Tower,0,1,12,0,13,0,0,9,0,9,0,1,21,0,22,16,0,16,38
08/18/2018,BTL,MI,AGL,CE,Federal Contract Tower,0,8,17,0,25,0,0,54,0,54,0,8,71,0,79,82,0,82,161
08/19/2018,BTL,MI,AGL,CE,Federal Contract Tower,0,2,9,0,11,0,0,20,14,34,0,2,29,14,45,8,0,8,53
08/20/2018,BTL,MI,AGL,CE,Federal Contract Tower,0,0,12,0,12,0,0,117,0,117,0,0,129,0,129,144,0,144,273
08/21/2018,BTL,MI,AGL,CE,Federal Contract Tower,0,5,23,0,28,0,0,44,0,44,0,5,67,0,72,46,0,46,118
08/22/2018,BTL,MI,AGL,CE,Federal Contract Tower,0,2,15,0,17,0,0,160,0,160,0,2,175,0,177,154,0,154,331
08/23/2018,BTL,MI,AGL,CE,Federal Contract Tower,0,4,10,0,14,0,0,200,5,205,0,4,210,5,219,118,10,128,347
08/24/2018,BTL,MI,AGL,CE,Federal Contract Tower,0,5,17,0,22,0,0,0,0,0,0,5,17,0,22,94,0,94,116
08/25/2018,BTL,MI,AGL,CE,Federal Contract Tower,0,1,2,0,3,0,0,4,0,4,0,1,6,0,7,0,0,0,7
08/26/2018,BTL,MI,AGL,CE,Federal Contract Tower,0,4,6,0,10,0,0,1,0,1,0,4,7,0,11,0,0,0,11
08/27/2018,BTL,MI,AGL,CE,Federal Contract Tower,2,2,17,0,21,0,0,115,0,115,2,2,132,0,136,80,0,80,216
08/28/2018,BTL,MI,AGL,CE,Federal Contract Tower,0,1,17,0,18,0,0,74,0,74,0,1,91,0,92,118,0,118,210
08/30/2018,BTL,MI,AGL,CE,Federal Contract Tower,0,6,26,0,32,0,0,172,0,172,0,6,198,0,204,204,4,208,412
08/31/2018,BTL,MI,AGL,CE,Federal Contract Tower,0,4,7,0,11,0,0,0,0,0,0,4,7,0,11,154,0,154,165
09/01/2018,BTL,MI,AGL,CE,Federal Contract Tower,0,2,3,0,5,0,0,14,0,14,0,2,17,0,19,26,0,26,45
09/02/2018,BTL,MI,AGL,CE,Federal Contract Tower,0,1,1,0,2,0,0,5,0,5,0,1,6,0,7,2,0,2,9
09/03/2018,BTL,MI,AGL,CE,Federal Contract Tower,0,1,2,0,3,0,0,4,0,4,0,1,6,0,7,12,0,12,19
09/04/2018,BTL,MI,AGL,CE,Federal Contract Tower,0,3,18,0,21,0,0,172,0,172,0,3,190,0,193,222,0,222,415
09/05/2018,BTL,MI,AGL,CE,Federal Contract Tower,0,4,4,0,8,0,2,144,4,150,0,6,148,4,158,192,12,204,362
09/06/2018,BTL,MI,AGL,CE,Federal Contract Tower,0,6,28,0,34,0,0,15,0,15,0,6,43,0,49,20,0,20,69
09/07/2018,BTL,MI,AGL,CE,Federal Contract Tower,0,4,11,0,15,0,1,232,0,233,0,5,243,0,248,396,0,396,644
09/08/2018,BTL,MI,AGL,CE,Federal Contract Tower,0,2,11,0,13,0,0,73,0,73,0,2,84,0,86,150,0,150,236
09/09/2018,BTL,MI,AGL,CE,Federal Contract Tower,0,3,7,0,10,0,0,22,0,22,0,3,29,0,32,66,0,66,98
09/10/2018,BTL,MI,AGL,CE,Federal Contract Tower,0,4,29,0,33,0,0,41,0,41,0,4,70,0,74,50,0,50,124
09/11/2018,BTL,MI,AGL,CE,Federal Contract Tower,0,4,12,0,16,0,0,196,0,196,0,4,208,0,212,256,0,256,468
09/12/2018,BTL,MI,AGL,CE,Federal Contract Tower,0,3,12,0,15,0,0,214,2,216,0,3,226,2,231,310,0,310,541
09/13/2018,BTL,MI,AGL,CE,Federal Contract Tower,0,7,10,2,19,0,0,149,1,150,0,7,159,3,169,250,0,250,419
09/14/2018,BTL,MI,AGL,CE,Federal Contract Tower,0,0,25,0,25,0,0,135,0,135,0,0,160,0,160,170,0,170,330
09/15/2018,BTL,MI,AGL,CE,Federal Contract Tower,0,2,18,0,20,0,0,49,0,49,0,2,67,0,69,130,0,130,199
09/16/2018,BTL,MI,AGL,CE,Federal Contract Tower,0,3,8,0,11,0,0,30,0,30,0,3,38,0,41,88,0,88,129
09/17/2018,BTL,MI,AGL,CE,Federal Contract Tower,0,3,12,0,15,0,0,217,0,217,0,3,229,0,232,268,0,268,500
09/18/2018,BTL,MI,AGL,CE,Federal Contract Tower,0,8,9,0,17,0,0,149,2,151,0,8,158,2,168,298,4,302,470
09/19/2018,BTL,MI,AGL,CE,Federal Contract Tower,0,7,34,0,41,0,0,72,0,72,0,7,106,0,113,152,0,152,265
09/20/2018,BTL,MI,AGL,CE,Federal Contract Tower,0,2,3,0,5,0,0,0,0,0,0,2,3,0,5,218,0,218,223
09/21/2018,BTL,MI,AGL,CE,Federal Contract Tower,0,4,13,0,17,0,0,16,0,16,0,4,29,0,33,0,0,0,33
09/22/2018,BTL,MI,AGL,CE,Federal Contract Tower,0,0,19,0,19,0,0,222,0,222,0,0,241,0,241,196,0,196,437
09/23/2018,BTL,MI,AGL,CE,Federal Contract Tower,0,3,10,2,15,0,0,59,1,60,0,3,69,3,75,120,0,120,195
09/24/2018,BTL,MI,AGL,CE,Federal Contract Tower,0,1,29,0,30,0,0,29,0,29,0,1,58,0,59,40,0,40,99
09/25/2018,BTL,MI,AGL,CE,Federal Contract Tower,0,3,5,0,8,0,0,8,0,8,0,3,13,0,16,16,0,16,32
09/26/2018,BTL,MI,AGL,CE,Federal Contract Tower,0,8,21,0,29,0,0,168,6,174,0,8,189,6,203,326,18,344,547
09/27/2018,BTL,MI,AGL,CE,Federal Contract Tower,0,10,19,0,29,0,1,242,4,247,0,11,261,4,276,390,20,410,686
09/28/2018,BTL,MI,AGL,CE,Federal Contract Tower,0,7,13,0,20,0,0,0,0,0,0,7,13,0,20,230,0,230,250
09/29/2018,BTL,MI,AGL,CE,Federal Contract Tower,0,3,6,0,9,0,0,168,0,168,0,3,174,0,177,234,0,234,411
09/30/2018,BTL,MI,AGL,CE,Federal Contract Tower,0,4,1,0,5,0,0,15,0,15,0,4,16,0,20,72,0,72,92
10/01/2018,BTL,MI,AGL,CE,Federal Contract Tower,0,5,11,0,16,0,0,4,0,4,0,5,15,0,20,24,0,24,44
10/02/2018,BTL,MI,AGL,CE,Federal Contract Tower,0,0,18,2,20,0,0,6,0,6,0,0,24,2,26,40,0,40,66
10/03/2018,BTL,MI,AGL,CE,Federal Contract Tower,0,6,14,0,20,0,0,146,11,157,0,6,160,11,177,286,26,312,489
10/04/2018,BTL,MI,AGL,CE,Federal Contract Tower,0,4,17,0,21,0,0,158,2,160,0,4,175,2,181,290,0,290,471
10/05/2018,BTL,MI,AGL,CE,Federal Contract Tower,0,1,11,0,12,0,0,20,0,20,0,1,31,0,32,50,0,50,82
10/06/2018,BTL,MI,AGL,CE,Federal Contract Tower,0,2,6,0,8,0,0,0,2,2,0,2,6,2,10,0,0,0,10
10/07/2018,BTL,MI,AGL,CE,Federal Contract Tower,0,4,2,0,6,0,0,0,0,0,0,4,2,0,6,0,0,0,6
10/08/2018,BTL,MI,AGL,CE,Federal Contract Tower,0,1,11,0,12,0,0,135,0,135,0,1,146,0,147,250,0,250,397
10/09/2018,BTL,MI,AGL,CE,Federal Contract Tower,0,2,9,0,11,0,0,222,0,222,0,2,231,0,233,424,0,424,657
10/10/2018,BTL,MI,AGL,CE,Federal Contract Tower,0,7,7,0,14,0,0,50,0,50,0,7,57,0,64,140,0,140,204
10/11/2018,BTL,MI,AGL,CE,Federal Contract Tower,0,2,18,1,21,1,0,4,0,5,1,2,22,1,26,4,0,4,30
10/12/2018,BTL,MI,AGL,CE,Federal Contract Tower,0,1,22,0,23,0,0,56,0,56,0,1,78,0,79,188,0,188,267
10/13/2018,BTL,MI,AGL,CE,Federal Contract Tower,0,4,6,0,10,0,0,119,0,119,0,4,125,0,129,114,0,114,243
10/14/2018,BTL,MI,AGL,CE,Federal Contract Tower,0,3,8,0,11,0,0,15,0,15,0,3,23,0,26,2,0,2,28
10/15/2018,BTL,MI,AGL,CE,Federal Contract Tower,0,4,12,0,16,0,0,15,0,15,0,4,27,0,31,24,0,24,55
10/16/2018,BTL,MI,AGL,CE,Federal Contract Tower,0,10,7,0,17,0,0,117,0,117,0,10,124,0,134,220,0,220,354
10/17/2018,BTL,MI,AGL,CE,Federal Contract Tower,2,3,4,0,9,0,0,84,8,92,2,3,88,8,101,144,42,186,287
10/18/2018,BTL,MI,AGL,CE,Federal Contract Tower,0,10,8,0,18,0,0,159,0,159,0,10,167,0,177,296,0,296,473
10/19/2018,BTL,MI,AGL,CE,Federal Contract Tower,0,6,7,0,13,0,0,45,2,47,0,6,52,2,60,76,16,92,152
10/20/2018,BTL,MI,AGL,CE,Federal Contract Tower,0,1,1,0,2,0,0,15,0,15,0,1,16,0,17,18,0,18,35
10/21/2018,BTL,MI,AGL,CE,Federal Contract Tower,0,2,2,0,4,0,0,9,0,9,0,2,11,0,13,0,4,4,17
10/22/2018,BTL,MI,AGL,CE,Federal Contract Tower,0,5,8,0,13,0,0,223,0,223,0,5,231,0,236,298,0,298,534
10/23/2018,BTL,MI,AGL,CE,Federal Contract Tower,0,3,11,0,14,0,0,143,2,145,0,3,154,2,159,288,8,296,455
10/24/2018,BTL,MI,AGL,CE,Federal Contract Tower,0,1,1,0,2,0,0,186,0,186,0,1,187,0,188,334,0,334,522
10/25/2018,BTL,MI,AGL,CE,Federal Contract Tower,0,3,8,0,11,0,0,153,0,153,0,3,161,0,164,340,0,340,504
10/26/2018,BTL,MI,AGL,CE,Federal Contract Tower,0,2,13,0,15,0,0,144,0,144,0,2,157,0,159,194,0,194,353
10/27/2018,BTL,MI,AGL,CE,Federal Contract Tower,0,1,1,0,2,0,0,0,0,0,0,1,1,0,2,0,0,0,2
10/28/2018,BTL,MI,AGL,CE,Federal Contract Tower,0,4,6,0,10,0,0,0,0,0,0,4,6,0,10,0,0,0,10
10/29/2018,BTL,MI,AGL,CE,Federal Contract Tower,0,6,15,0,21,0,0,37,0,37,0,6,52,0,58,36,0,36,94
10/30/2018,BTL,MI,AGL,CE,Federal Contract Tower,0,3,14,0,17,0,0,147,4,151,0,3,161,4,168,224,0,224,392
10/31/2018,BTL,MI,AGL,CE,Federal Contract Tower,0,4,11,0,15,0,0,69,1,70,0,4,80,1,85,140,0,140,225
11/01/2018,BTL,MI,AGL,CE,Federal Contract Tower,0,2,23,0,25,0,0,28,0,28,0,2,51,0,53,26,0,26,79
11/02/2018,BTL,MI,AGL,CE,Federal Contract Tower,1,7,18,0,26,0,0,170,2,172,1,7,188,2,198,290,12,302,500
11/03/2018,BTL,MI,AGL,CE,Federal Contract Tower,0,3,7,0,10,0,0,83,1,84,0,3,90,1,94,148,10,158,252
11/04/2018,BTL,MI,AGL,CE,Federal Contract Tower,0,3,1,0,4,0,0,2,3,5,0,3,3,3,9,0,0,0,9
11/05/2018,BTL,MI,AGL,CE,Federal Contract Tower,0,5,12,0,17,0,0,123,1,124,0,5,135,1,141,266,0,266,407
11/06/2018,BTL,MI,AGL,CE,Federal Contract Tower,0,3,9,0,12,0,0,0,0,0,0,3,9,0,12,0,0,0,12
11/07/2018,BTL,MI,AGL,CE,Federal Contract Tower,0,3,10,0,13,0,0,17,4,21,0,3,27,4,34,26,12,38,72
11/08/2018,BTL,MI,AGL,CE,Federal Contract Tower,0,1,6,0,7,0,0,165,0,165,0,1,171,0,172,334,0,334,506
11/09/2018,BTL,MI,AGL,CE,Federal Contract Tower,0,2,6,0,8,0,0,0,0,0,0,2,6,0,8,0,0,0,8
11/10/2018,BTL,MI,AGL,CE,Federal Contract Tower,0,2,4,1,7,0,0,4,0,4,0,2,8,1,11,10,0,10,21
11/11/2018,BTL,MI,AGL,CE,Federal Contract Tower,0,3,4,0,7,0,0,16,10,26,0,3,20,10,33,2,0,2,35
11/12/2018,BTL,MI,AGL,CE,Federal Contract Tower,1,4,6,1,12,0,0,121,0,121,1,4,127,1,133,282,0,282,415
11/13/2018,BTL,MI,AGL,CE,Federal Contract Tower,4,6,7,0,17,0,0,3,0,3,4,6,10,0,20,0,0,0,20
11/14/2018,BTL,MI,AGL,CE,Federal Contract Tower,1,8,17,0,26,0,2,261,4,267,1,10,278,4,293,378,24,402,695
11/15/2018,BTL,MI,AGL,CE,Federal Contract Tower,0,3,9,0,12,0,0,1,0,1,0,3,10,0,13,0,0,0,13
11/16/2018,BTL,MI,AGL,CE,Federal Contract Tower,0,5,10,0,15,0,0,3,0,3,0,5,13,0,18,10,0,10,28
11/17/2018,BTL,MI,AGL,CE,Federal Contract Tower,0,0,0,0,0,0,0,2,0,2,0,0,2,0,2,6,0,6,8
11/18/2018,BTL,MI,AGL,CE,Federal Contract Tower,0,1,0,0,1,0,0,4,0,4,0,1,4,0,5,12,0,12,17
11/19/2018,BTL,MI,AGL,CE,Federal Contract Tower,0,5,15,0,20,0,0,105,0,105,0,5,120,0,125,298,0,298,423
11/20/2018,BTL,MI,AGL,CE,Federal Contract Tower,0,5,0,0,5,0,0,188,0,188,0,5,188,0,193,280,0,280,473
11/21/2018,BTL,MI,AGL,CE,Federal Contract Tower,0,3,4,0,7,0,1,47,0,48,0,4,51,0,55,98,0,98,153
11/22/2018,BTL,MI,AGL,CE,Federal Contract Tower,0,1,2,0,3,0,0,2,0,2,0,1,4,0,5,0,0,0,5
11/23/2018,BTL,MI,AGL,CE,Federal Contract Tower,0,1,2,0,3,0,0,22,0,22,0,1,24,0,25,8,0,8,33
11/24/2018,BTL,MI,AGL,CE,Federal Contract Tower,0,0,0,0,0,0,0,0,0,0,0,0,0,0,0,0,0,0,0
11/25/2018,BTL,MI,AGL,CE,Federal Contract Tower,0,2,2,0,4,0,0,6,0,6,0,2,8,0,10,0,0,0,10
11/26/2018,BTL,MI,AGL,CE,Federal Contract Tower,0,2,2,0,4,0,0,0,0,0,0,2,2,0,4,0,0,0,4
11/27/2018,BTL,MI,AGL,CE,Federal Contract Tower,0,2,4,0,6,0,0,4,0,4,0,2,8,0,10,24,0,24,34
11/28/2018,BTL,MI,AGL,CE,Federal Contract Tower,0,2,7,0,9,0,0,28,2,30,0,2,35,2,39,118,12,130,169
11/29/2018,BTL,MI,AGL,CE,Federal Contract Tower,0,4,12,0,16,0,0,24,0,24,0,4,36,0,40,40,0,40,80
11/30/2018,BTL,MI,AGL,CE,Federal Contract Tower,0,4,20,0,24,0,0,140,0,140,0,4,160,0,164,248,0,248,412
12/01/2018,BTL,MI,AGL,CE,Federal Contract Tower,0,2,0,0,2,0,0,0,0,0,0,2,0,0,2,0,0,0,2
12/02/2018,BTL,MI,AGL,CE,Federal Contract Tower,0,4,3,0,7,0,0,4,0,4,0,4,7,0,11,12,0,12,23
12/03/2018,BTL,MI,AGL,CE,Federal Contract Tower,0,2,7,0,9,0,0,1,0,1,0,2,8,0,10,0,0,0,10
12/04/2018,BTL,MI,AGL,CE,Federal Contract Tower,0,1,9,0,10,0,0,219,12,231,0,1,228,12,241,444,22,466,707
12/05/2018,BTL,MI,AGL,CE,Federal Contract Tower,0,3,9,0,12,0,0,2,6,8,0,3,11,6,20,0,0,0,20
12/06/2018,BTL,MI,AGL,CE,Federal Contract Tower,0,0,7,0,7,0,0,40,5,45,0,0,47,5,52,80,0,80,132
12/07/2018,BTL,MI,AGL,CE,Federal Contract Tower,0,6,8,0,14,0,0,135,0,135,0,6,143,0,149,233,0,233,382
12/08/2018,BTL,MI,AGL,CE,Federal Contract Tower,0,5,12,0,17,0,0,143,0,143,0,5,155,0,160,194,0,194,354
12/09/2018,BTL,MI,AGL,CE,Federal Contract Tower,0,3,18,0,21,0,0,56,0,56,0,3,74,0,77,146,0,146,223
12/10/2018,BTL,MI,AGL,CE,Federal Contract Tower,0,8,25,0,33,0,0,62,0,62,0,8,87,0,95,192,0,192,287
12/11/2018,BTL,MI,AGL,CE,Federal Contract Tower,0,1,8,0,9,0,0,1,0,1,0,1,9,0,10,0,0,0,10
12/12/2018,BTL,MI,AGL,CE,Federal Contract Tower,0,8,5,0,13,0,0,91,8,99,0,8,96,8,112,104,22,126,238
12/13/2018,BTL,MI,AGL,CE,Federal Contract Tower,0,8,10,0,18,0,0,114,0,114,0,8,124,0,132,156,0,156,288
12/14/2018,BTL,MI,AGL,CE,Federal Contract Tower,0,1,9,0,10,0,0,0,0,0,0,1,9,0,10,0,0,0,10
12/15/2018,BTL,MI,AGL,CE,Federal Contract Tower,0,7,8,0,15,0,0,83,0,83,0,7,91,0,98,72,0,72,170
12/16/2018,BTL,MI,AGL,CE,Federal Contract Tower,0,0,3,0,3,0,0,7,0,7,0,0,10,0,10,0,0,0,10
12/17/2018,BTL,MI,AGL,CE,Federal Contract Tower,0,7,11,0,18,0,0,115,0,115,0,7,126,0,133,142,0,142,275
12/18/2018,BTL,MI,AGL,CE,Federal Contract Tower,0,3,13,0,16,0,0,113,0,113,0,3,126,0,129,156,0,156,285
12/19/2018,BTL,MI,AGL,CE,Federal Contract Tower,0,0,9,2,11,0,0,80,0,80,0,0,89,2,91,124,0,124,215
12/20/2018,BTL,MI,AGL,CE,Federal Contract Tower,0,3,8,0,11,0,0,17,0,17,0,3,25,0,28,36,0,36,64
12/21/2018,BTL,MI,AGL,CE,Federal Contract Tower,0,0,7,0,7,0,0,1,0,1,0,0,8,0,8,4,0,4,12
12/23/2018,BTL,MI,AGL,CE,Federal Contract Tower,0,3,1,0,4,0,0,0,0,0,0,3,1,0,4,0,0,0,4
12/24/2018,BTL,MI,AGL,CE,Federal Contract Tower,0,0,0,0,0,0,0,2,0,2,0,0,2,0,2,0,0,0,2
12/25/2018,BTL,MI,AGL,CE,Federal Contract Tower,0,1,1,0,2,0,0,0,0,0,0,1,1,0,2,0,0,0,2
12/26/2018,BTL,MI,AGL,CE,Federal Contract Tower,0,0,3,0,3,0,0,24,0,24,0,0,27,0,27,22,0,22,49
12/27/2018,BTL,MI,AGL,CE,Federal Contract Tower,0,4,6,0,10,0,0,0,0,0,0,4,6,0,10,0,0,0,10
12/28/2018,BTL,MI,AGL,CE,Federal Contract Tower,0,2,9,0,11,0,0,17,0,17,0,2,26,0,28,0,0,0,28
12/29/2018,BTL,MI,AGL,CE,Federal Contract Tower,0,2,2,0,4,0,0,9,0,9,0,2,11,0,13,8,0,8,21
12/30/2018,BTL,MI,AGL,CE,Federal Contract Tower,0,0,5,0,5,0,5,6,0,11,0,5,11,0,16,0,0,0,16
12/31/2018,BTL,MI,AGL,CE,Federal Contract Tower,0,1,0,0,1,0,0,0,0,0,0,1,0,0,1,0,0,0,1
01/01/2019,BTL,MI,AGL,CE,Federal Contract Tower,0,0,3,0,3,0,0,1,0,1,0,0,4,0,4,0,0,0,4
01/02/2019,BTL,MI,AGL,CE,Federal Contract Tower,0,4,9,0,13,0,0,0,0,0,0,4,9,0,13,0,0,0,13
01/03/2019,BTL,MI,AGL,CE,Federal Contract Tower,0,2,7,0,9,0,0,45,0,45,0,2,52,0,54,88,0,88,142
01/04/2019,BTL,MI,AGL,CE,Federal Contract Tower,0,1,17,1,19,0,0,80,0,80,0,1,97,1,99,132,0,132,231
01/05/2019,BTL,MI,AGL,CE,Federal Contract Tower,0,0,2,0,2,0,0,30,0,30,0,0,32,0,32,10,0,10,42
01/06/2019,BTL,MI,AGL,CE,Federal Contract Tower,0,1,2,0,3,0,0,13,0,13,0,1,15,0,16,0,0,0,16
01/07/2019,BTL,MI,AGL,CE,Federal Contract Tower,0,2,2,0,4,0,0,2,0,2,0,2,4,0,6,0,0,0,6
01/08/2019,BTL,MI,AGL,CE,Federal Contract Tower,0,0,7,0,7,0,0,10,4,14,0,0,17,4,21,4,28,32,53
01/09/2019,BTL,MI,AGL,CE,Federal Contract Tower,0,2,8,0,10,0,0,0,0,0,0,2,8,0,10,0,0,0,10
01/10/2019,BTL,MI,AGL,CE,Federal Contract Tower,0,2,15,0,17,0,0,67,2,69,0,2,82,2,86,192,8,200,286
01/11/2019,BTL,MI,AGL,CE,Federal Contract Tower,0,1,12,6,19,0,0,189,0,189,0,1,201,6,208,346,0,346,554
01/12/2019,BTL,MI,AGL,CE,Federal Contract Tower,0,1,2,2,5,0,0,62,0,62,0,1,64,2,67,100,0,100,167
01/13/2019,BTL,MI,AGL,CE,Federal Contract Tower,0,5,2,0,7,0,0,141,0,141,0,5,143,0,148,184,0,184,332
01/14/2019,BTL,MI,AGL,CE,Federal Contract Tower,0,1,15,0,16,0,0,108,0,108,0,1,123,0,124,344,0,344,468
01/15/2019,BTL,MI,AGL,CE,Federal Contract Tower,0,2,3,0,5,0,0,0,0,0,0,2,3,0,5,0,0,0,5
01/16/2019,BTL,MI,AGL,CE,Federal Contract Tower,0,4,4,0,8,0,0,146,4,150,0,4,150,4,158,204,26,230,388
01/17/2019,BTL,MI,AGL,CE,Federal Contract Tower,0,3,3,0,6,0,0,10,0,10,0,3,13,0,16,62,0,62,78
01/18/2019,BTL,MI,AGL,CE,Federal Contract Tower,0,1,5,0,6,0,0,60,0,60,0,1,65,0,66,114,0,114,180
01/19/2019,BTL,MI,AGL,CE,Federal Contract Tower,0,0,0,0,0,0,0,0,0,0,0,0,0,0,0,0,0,0,0
01/20/2019,BTL,MI,AGL,CE,Federal Contract Tower,0,1,4,0,5,0,0,110,0,110,0,1,114,0,115,192,0,192,307
01/21/2019,BTL,MI,AGL,CE,Federal Contract Tower,0,10,6,0,16,0,0,2,0,2,0,10,8,0,18,0,0,0,18
01/22/2019,BTL,MI,AGL,CE,Federal Contract Tower,0,2,3,0,5,0,0,53,0,53,0,2,56,0,58,28,0,28,86
01/23/2019,BTL,MI,AGL,CE,Federal Contract Tower,0,1,2,0,3,0,0,0,0,0,0,1,2,0,3,0,0,0,3
01/24/2019,BTL,MI,AGL,CE,Federal Contract Tower,0,3,9,0,12,0,0,5,0,5,0,3,14,0,17,18,0,18,35
01/25/2019,BTL,MI,AGL,CE,Federal Contract Tower,0,2,4,0,6,0,0,1,0,1,0,2,5,0,7,0,0,0,7
01/26/2019,BTL,MI,AGL,CE,Federal Contract Tower,0,3,5,0,8,0,0,123,0,123,0,3,128,0,131,252,0,252,383
01/27/2019,BTL,MI,AGL,CE,Federal Contract Tower,0,2,3,0,5,0,0,2,0,2,0,2,5,0,7,4,0,4,11
01/28/2019,BTL,MI,AGL,CE,Federal Contract Tower,0,1,2,0,3,0,0,0,0,0,0,1,2,0,3,0,0,0,3
01/29/2019,BTL,MI,AGL,CE,Federal Contract Tower,0,1,3,0,4,0,0,0,0,0,0,1,3,0,4,0,0,0,4
01/30/2019,BTL,MI,AGL,CE,Federal Contract Tower,0,3,2,0,5,0,0,0,0,0,0,3,2,0,5,0,0,0,5
01/31/2019,BTL,MI,AGL,CE,Federal Contract Tower,0,1,2,0,3,0,0,0,0,0,0,1,2,0,3,0,0,0,3
02/01/2019,BTL,MI,AGL,CE,Federal Contract Tower,0,4,11,0,15,0,0,176,0,176,0,4,187,0,191,266,0,266,457
02/02/2019,BTL,MI,AGL,CE,Federal Contract Tower,0,0,2,0,2,0,0,7,0,7,0,0,9,0,9,32,0,32,41
02/03/2019,BTL,MI,AGL,CE,Federal Contract Tower,0,5,5,0,10,0,0,0,0,0,0,5,5,0,10,0,0,0,10
02/04/2019,BTL,MI,AGL,CE,Federal Contract Tower,0,2,15,0,17,0,0,15,0,15,0,2,30,0,32,8,0,8,40
02/05/2019,BTL,MI,AGL,CE,Federal Contract Tower,0,7,9,0,16,0,0,11,0,11,0,7,20,0,27,44,0,44,71
02/06/2019,BTL,MI,AGL,CE,Federal Contract Tower,0,1,2,0,3,0,0,0,0,0,0,1,2,0,3,0,0,0,3
02/07/2019,BTL,MI,AGL,CE,Federal Contract Tower,0,1,5,0,6,0,0,0,0,0,0,1,5,0,6,0,0,0,6
02/08/2019,BTL,MI,AGL,CE,Federal Contract Tower,0,1,5,0,6,0,0,0,0,0,0,1,5,0,6,0,0,0,6
02/09/2019,BTL,MI,AGL,CE,Federal Contract Tower,0,5,7,0,12,0,0,191,14,205,0,5,198,14,217,330,55,385,602
02/10/2019,BTL,MI,AGL,CE,Federal Contract Tower,0,7,0,0,7,0,0,79,0,79,0,7,79,0,86,112,0,112,198
02/11/2019,BTL,MI,AGL,CE,Federal Contract Tower,0,3,6,0,9,0,0,4,0,4,0,3,10,0,13,0,0,0,13
02/12/2019,BTL,MI,AGL,CE,Federal Contract Tower,0,5,1,0,6,0,0,0,0,0,0,5,1,0,6,0,0,0,6
02/13/2019,BTL,MI,AGL,CE,Federal Contract Tower,0,0,8,0,8,0,0,0,2,2,0,0,8,2,10,0,14,14,24
02/14/2019,BTL,MI,AGL,CE,Federal Contract Tower,0,5,10,0,15,0,0,168,2,170,0,5,178,2,185,274,0,274,459
02/15/2019,BTL,MI,AGL,CE,Federal Contract Tower,0,3,8,0,11,0,0,4,0,4,0,3,12,0,15,16,0,16,31
02/16/2019,BTL,MI,AGL,CE,Federal Contract Tower,0,1,7,0,8,0,0,62,0,62,0,1,69,0,70,194,0,194,264
02/17/2019,BTL,MI,AGL,CE,Federal Contract Tower,0,1,0,0,1,0,0,0,0,0,0,1,0,0,1,0,0,0,1
02/18/2019,BTL,MI,AGL,CE,Federal Contract Tower,0,2,22,0,24,0,0,72,0,72,0,2,94,0,96,100,0,100,196
02/19/2019,BTL,MI,AGL,CE,Federal Contract Tower,0,3,10,0,13,0,0,249,4,253,0,3,259,4,266,386,0,386,652
02/20/2019,BTL,MI,AGL,CE,Federal Contract Tower,0,7,2,0,9,0,0,0,0,0,0,7,2,0,9,0,0,0,9
02/21/2019,BTL,MI,AGL,CE,Federal Contract Tower,0,5,7,0,12,0,0,147,4,151,0,5,154,4,163,214,0,214,377
02/22/2019,BTL,MI,AGL,CE,Federal Contract Tower,0,5,18,0,23,0,0,258,0,258,0,5,276,0,281,348,0,348,629
02/23/2019,BTL,MI,AGL,CE,Federal Contract Tower,0,1,4,0,5,0,0,47,0,47,0,1,51,0,52,116,0,116,168
02/24/2019,BTL,MI,AGL,CE,Federal Contract Tower,0,1,0,0,1,0,0,0,0,0,0,1,0,0,1,0,0,0,1
02/25/2019,BTL,MI,AGL,CE,Federal Contract Tower,0,4,5,0,9,0,0,54,0,54,0,4,59,0,63,82,0,82,145
02/26/2019,BTL,MI,AGL,CE,Federal Contract Tower,0,2,5,0,7,0,0,167,2,169,0,2,172,2,176,210,10,220,396
02/27/2019,BTL,MI,AGL,CE,Federal Contract Tower,0,4,1,0,5,0,0,8,4,12,0,4,9,4,17,18,4,22,39
02/28/2019,BTL,MI,AGL,CE,Federal Contract Tower,0,3,10,0,13,0,0,0,0,0,0,3,10,0,13,202,0,202,215
03/01/2019,BTL,MI,AGL,CE,Federal Contract Tower,0,0,9,0,9,0,0,0,0,0,0,0,9,0,9,268,0,268,277
03/02/2019,BTL,MI,AGL,CE,Federal Contract Tower,0,0,3,0,3,0,0,30,1,31,0,0,33,1,34,30,6,36,70
03/03/2019,BTL,MI,AGL,CE,Federal Contract Tower,0,2,4,0,6,0,0,4,0,4,0,2,8,0,10,14,0,14,24
03/04/2019,BTL,MI,AGL,CE,Federal Contract Tower,0,2,5,0,7,0,0,3,0,3,0,2,8,0,10,0,0,0,10
03/05/2019,BTL,MI,AGL,CE,Federal Contract Tower,0,2,6,0,8,0,0,0,0,0,0,2,6,0,8,0,0,0,8
03/06/2019,BTL,MI,AGL,CE,Federal Contract Tower,0,4,4,0,8,0,0,4,0,4,0,4,8,0,12,30,0,30,42
03/07/2019,BTL,MI,AGL,CE,Federal Contract Tower,0,5,4,0,9,0,0,103,0,103,0,5,107,0,112,94,0,94,206
03/08/2019,BTL,MI,AGL,CE,Federal Contract Tower,0,3,4,0,7,0,0,124,0,124,0,3,128,0,131,120,0,120,251
03/09/2019,BTL,MI,AGL,CE,Federal Contract Tower,0,1,3,0,4,0,0,22,0,22,0,1,25,0,26,44,0,44,70
03/10/2019,BTL,MI,AGL,CE,Federal Contract Tower,0,3,2,0,5,0,0,0,0,0,0,3,2,0,5,0,0,0,5
03/11/2019,BTL,MI,AGL,CE,Federal Contract Tower,0,3,13,0,16,0,0,176,0,176,0,3,189,0,192,220,0,220,412
03/12/2019,BTL,MI,AGL,CE,Federal Contract Tower,0,7,9,0,16,0,0,260,8,268,0,7,269,8,284,478,32,510,794
03/13/2019,BTL,MI,AGL,CE,Federal Contract Tower,0,6,21,0,27,0,0,38,3,41,0,6,59,3,68,54,20,74,142
03/14/2019,BTL,MI,AGL,CE,Federal Contract Tower,0,2,5,2,9,0,0,10,2,12,0,2,15,4,21,18,8,26,47
03/15/2019,BTL,MI,AGL,CE,Federal Contract Tower,0,0,7,0,7,0,0,0,0,0,0,0,7,0,7,0,0,0,7
03/16/2019,BTL,MI,AGL,CE,Federal Contract Tower,0,4,5,0,9,0,0,79,0,79,0,4,84,0,88,116,0,116,204
03/17/2019,BTL,MI,AGL,CE,Federal Contract Tower,0,2,4,0,6,0,0,40,0,40,0,2,44,0,46,104,0,104,150
03/18/2019,BTL,MI,AGL,CE,Federal Contract Tower,0,1,9,2,12,0,0,233,0,233,0,1,242,2,245,396,0,396,641
03/19/2019,BTL,MI,AGL,CE,Federal Contract Tower,0,0,15,0,15,0,0,226,4,230,0,0,241,4,245,437,0,437,682
03/20/2019,BTL,MI,AGL,CE,Federal Contract Tower,0,0,7,0,7,0,0,14,0,14,0,0,21,0,21,52,0,52,73
03/21/2019,BTL,MI,AGL,CE,Federal Contract Tower,0,0,7,0,7,0,0,6,10,16,0,0,13,10,23,26,0,26,49
03/22/2019,BTL,MI,AGL,CE,Federal Contract Tower,0,3,14,0,17,0,0,109,8,117,0,3,123,8,134,110,0,110,244
03/23/2019,BTL,MI,AGL,CE,Federal Contract Tower,0,4,16,0,20,0,0,274,0,274,0,4,290,0,294,382,0,382,676
03/24/2019,BTL,MI,AGL,CE,Federal Contract Tower,0,3,2,2,7,0,0,43,0,43,0,3,45,2,50,120,0,120,170
03/25/2019,BTL,MI,AGL,CE,Federal Contract Tower,0,5,6,0,11,0,0,217,0,217,0,5,223,0,228,298,0,298,526
03/26/2019,BTL,MI,AGL,CE,Federal Contract Tower,0,1,6,0,7,0,0,258,2,260,0,1,264,2,267,428,14,442,709
03/27/2019,BTL,MI,AGL,CE,Federal Contract Tower,0,2,7,0,9,0,0,203,0,203,0,2,210,0,212,318,0,318,530
03/28/2019,BTL,MI,AGL,CE,Federal Contract Tower,0,0,6,0,6,0,0,115,0,115,0,0,121,0,121,232,0,232,353
03/29/2019,BTL,MI,AGL,CE,Federal Contract Tower,0,2,27,0,29,0,0,126,0,126,0,2,153,0,155,140,0,140,295
03/30/2019,BTL,MI,AGL,CE,Federal Contract Tower,0,3,0,0,3,0,0,0,0,0,0,3,0,0,3,0,0,0,3
03/31/2019,BTL,MI,AGL,CE,Federal Contract Tower,0,6,1,0,7,0,0,35,0,35,0,6,36,0,42,68,0,68,110
04/01/2019,BTL,MI,AGL,CE,Federal Contract Tower,0,5,10,0,15,0,0,188,0,188,0,5,198,0,203,324,0,324,527
04/02/2019,BTL,MI,AGL,CE,Federal Contract Tower,0,3,9,0,12,0,0,116,4,120,0,3,125,4,132,256,2,258,390
04/03/2019,BTL,MI,AGL,CE,Federal Contract Tower,0,3,6,0,9,0,0,89,3,92,0,3,95,3,101,84,16,100,201
04/04/2019,BTL,MI,AGL,CE,Federal Contract Tower,0,2,3,0,5,0,0,82,4,86,0,2,85,4,91,126,0,126,217
04/05/2019,BTL,MI,AGL,CE,Federal Contract Tower,0,4,32,0,36,0,0,80,0,80,0,4,112,0,116,92,0,92,208
04/06/2019,BTL,MI,AGL,CE,Federal Contract Tower,0,4,17,0,21,0,0,92,0,92,0,4,109,0,113,184,0,184,297
04/07/2019,BTL,MI,AGL,CE,Federal Contract Tower,0,0,3,0,3,0,0,14,0,14,0,0,17,0,17,6,0,6,23
04/08/2019,BTL,MI,AGL,CE,Federal Contract Tower,0,4,37,0,41,0,0,122,0,122,0,4,159,0,163,212,0,212,375
04/09/2019,BTL,MI,AGL,CE,Federal Contract Tower,0,4,14,0,18,0,0,88,0,88,0,4,102,0,106,126,0,126,232
04/10/2019,BTL,MI,AGL,CE,Federal Contract Tower,0,0,10,0,10,0,0,36,6,42,0,0,46,6,52,114,32,146,198
04/11/2019,BTL,MI,AGL,CE,Federal Contract Tower,0,5,7,0,12,0,0,9,6,15,0,5,16,6,27,0,0,0,27
04/12/2019,BTL,MI,AGL,CE,Federal Contract Tower,0,7,7,0,14,0,0,19,0,19,0,7,26,0,33,10,0,10,43
04/13/2019,BTL,MI,AGL,CE,Federal Contract Tower,0,2,7,0,9,0,0,102,0,102,0,2,109,0,111,160,0,160,271
04/14/2019,BTL,MI,AGL,CE,Federal Contract Tower,0,4,4,0,8,0,0,0,0,0,0,4,4,0,8,0,0,0,8
04/15/2019,BTL,MI,AGL,CE,Federal Contract Tower,0,1,8,0,9,0,0,203,0,203,0,1,211,0,212,274,0,274,486
04/16/2019,BTL,MI,AGL,CE,Federal Contract Tower,0,1,20,0,21,0,0,107,2,109,0,1,127,2,130,190,22,212,342
04/17/2019,BTL,MI,AGL,CE,Federal Contract Tower,0,3,22,0,25,0,0,98,0,98,0,3,120,0,123,138,0,138,261
04/18/2019,BTL,MI,AGL,CE,Federal Contract Tower,0,3,18,0,21,0,0,0,0,0,0,3,18,0,21,0,0,0,21
04/19/2019,BTL,MI,AGL,CE,Federal Contract Tower,0,2,17,0,19,0,0,3,0,3,0,2,20,0,22,16,0,16,38
04/20/2019,BTL,MI,AGL,CE,Federal Contract Tower,0,6,9,0,15,0,0,10,0,10,0,6,19,0,25,20,0,20,45
04/21/2019,BTL,MI,AGL,CE,Federal Contract Tower,0,2,3,0,5,0,0,54,0,54,0,2,57,0,59,80,0,80,139
04/22/2019,BTL,MI,AGL,CE,Federal Contract Tower,0,3,17,0,20,0,0,182,0,182,0,3,199,0,202,284,0,284,486
04/23/2019,BTL,MI,AGL,CE,Federal Contract Tower,0,1,22,0,23,0,0,24,0,24,0,1,46,0,47,30,0,30,77
04/24/2019,BTL,MI,AGL,CE,Federal Contract Tower,0,2,13,0,15,0,0,237,10,247,0,2,250,10,262,402,36,438,700
04/25/2019,BTL,MI,AGL,CE,Federal Contract Tower,0,10,14,0,24,0,0,101,3,104,0,10,115,3,128,267,0,267,395
04/26/2019,BTL,MI,AGL,CE,Federal Contract Tower,0,10,7,0,17,0,0,27,0,27,0,10,34,0,44,92,0,92,136
04/27/2019,BTL,MI,AGL,CE,Federal Contract Tower,0,2,4,0,6,0,0,90,0,90,0,2,94,0,96,212,0,212,308
04/28/2019,BTL,MI,AGL,CE,Federal Contract Tower,0,0,6,0,6,0,0,26,2,28,0,0,32,2,34,16,0,16,50
04/29/2019,BTL,MI,AGL,CE,Federal Contract Tower,0,0,17,5,22,0,0,3,0,3,0,0,20,5,25,0,0,0,25
04/30/2019,BTL,MI,AGL,CE,Federal Contract Tower,0,2,21,1,24,0,0,0,0,0,0,2,21,1,24,0,0,0,24
05/01/2019,BTL,MI,AGL,CE,Federal Contract Tower,0,1,13,5,19,0,0,0,0,0,0,1,13,5,19,0,0,0,19
05/02/2019,BTL,MI,AGL,CE,Federal Contract Tower,0,2,22,2,26,0,0,10,0,10,0,2,32,2,36,22,0,22,58
05/03/2019,BTL,MI,AGL,CE,Federal Contract Tower,0,2,42,7,51,0,0,28,0,28,0,2,70,7,79,138,0,138,217
05/04/2019,BTL,MI,AGL,CE,Federal Contract Tower,0,1,3,0,4,0,0,178,6,184,0,1,181,6,188,318,0,318,506
05/05/2019,BTL,MI,AGL,CE,Federal Contract Tower,0,3,2,0,5,0,0,53,2,55,0,3,55,2,60,100,0,100,160
05/06/2019,BTL,MI,AGL,CE,Federal Contract Tower,0,6,6,0,12,0,0,198,2,200,0,6,204,2,212,258,0,258,470
05/07/2019,BTL,MI,AGL,CE,Federal Contract Tower,0,0,35,0,35,0,0,58,0,58,0,0,93,0,93,62,0,62,155
05/08/2019,BTL,MI,AGL,CE,Federal Contract Tower,0,1,11,0,12,0,0,151,0,151,0,1,162,0,163,208,0,208,371
05/09/2019,BTL,MI,AGL,CE,Federal Contract Tower,0,3,11,0,14,0,0,12,0,12,0,3,23,0,26,6,0,6,32
05/10/2019,BTL,MI,AGL,CE,Federal Contract Tower,3,1,28,0,32,0,0,120,0,120,3,1,148,0,152,182,0,182,334
05/11/2019,BTL,MI,AGL,CE,Federal Contract Tower,0,0,9,0,9,0,0,100,0,100,0,0,109,0,109,166,0,166,275
05/12/2019,BTL,MI,AGL,CE,Federal Contract Tower,0,2,5,0,7,0,0,0,0,0,0,2,5,0,7,0,0,0,7
05/13/2019,BTL,MI,AGL,CE,Federal Contract Tower,0,3,32,0,35,0,0,48,0,48,0,3,80,0,83,102,0,102,185
05/14/2019,BTL,MI,AGL,CE,Federal Contract Tower,0,1,7,0,8,0,0,274,0,274,0,1,281,0,282,322,0,322,604
05/15/2019,BTL,MI,AGL,CE,Federal Contract Tower,0,0,8,0,8,0,0,188,2,190,0,0,196,2,198,248,0,248,446
05/16/2019,BTL,MI,AGL,CE,Federal Contract Tower,0,3,9,0,12,0,0,150,0,150,0,3,159,0,162,250,0,250,412
05/17/2019,BTL,MI,AGL,CE,Federal Contract Tower,0,8,28,0,36,0,0,54,0,54,0,8,82,0,90,130,0,130,220
05/18/2019,BTL,MI,AGL,CE,Federal Contract Tower,0,0,4,0,4,0,0,78,0,78,0,0,82,0,82,140,0,140,222
05/19/2019,BTL,MI,AGL,CE,Federal Contract Tower,0,0,5,0,5,0,0,6,0,6,0,0,11,0,11,0,0,0,11
05/20/2019,BTL,MI,AGL,CE,Federal Contract Tower,0,1,31,0,32,0,0,27,0,27,0,1,58,0,59,54,0,54,113
05/21/2019,BTL,MI,AGL,CE,Federal Contract Tower,0,2,8,0,10,0,0,227,2,229,0,2,235,2,239,276,12,288,527
05/22/2019,BTL,MI,AGL,CE,Federal Contract Tower,0,4,50,0,54,0,0,77,6,83,0,4,127,6,137,112,36,148,285
05/23/2019,BTL,MI,AGL,CE,Federal Contract Tower,0,5,19,0,24,0,0,74,0,74,0,5,93,0,98,26,0,26,124
05/24/2019,BTL,MI,AGL,CE,Federal Contract Tower,0,3,23,0,26,0,0,120,0,120,0,3,143,0,146,184,0,184,330
05/25/2019,BTL,MI,AGL,CE,Federal Contract Tower,0,4,2,0,6,0,0,39,0,39,0,4,41,0,45,36,0,36,81
05/26/2019,BTL,MI,AGL,CE,Federal Contract Tower,0,4,1,0,5,0,0,13,0,13,0,4,14,0,18,2,0,2,20
05/27/2019,BTL,MI,AGL,CE,Federal Contract Tower,0,3,1,0,4,0,0,20,0,20,0,3,21,0,24,2,0,2,26
05/28/2019,BTL,MI,AGL,CE,Federal Contract Tower,0,4,48,0,52,0,0,40,0,40,0,4,88,0,92,72,0,72,164
05/29/2019,BTL,MI,AGL,CE,Federal Contract Tower,0,2,26,0,28,0,0,78,0,78,0,2,104,0,106,118,0,118,224
05/30/2019,BTL,MI,AGL,CE,Federal Contract Tower,1,3,14,0,18,16,0,95,0,111,17,3,109,0,129,154,0,154,283
05/31/2019,BTL,MI,AGL,CE,Federal Contract Tower,0,2,14,0,16,0,0,258,0,258,0,2,272,0,274,296,0,296,570
06/01/2019,BTL,MI,AGL,CE,Federal Contract Tower,0,3,2,0,5,0,0,39,0,39,0,3,41,0,44,44,0,44,88
06/02/2019,BTL,MI,AGL,CE,Federal Contract Tower,0,2,6,0,8,0,0,8,6,14,0,2,14,6,22,6,0,6,28
06/03/2019,BTL,MI,AGL,CE,Federal Contract Tower,0,3,6,0,9,0,0,225,0,225,0,3,231,0,234,386,0,386,620
06/04/2019,BTL,MI,AGL,CE,Federal Contract Tower,0,1,6,0,7,0,0,127,0,127,0,1,133,0,134,166,0,166,300
06/05/2019,BTL,MI,AGL,CE,Federal Contract Tower,0,4,39,0,43,0,0,101,3,104,0,4,140,3,147,200,18,218,365
06/06/2019,BTL,MI,AGL,CE,Federal Contract Tower,0,4,33,0,37,0,0,104,0,104,0,4,137,0,141,156,0,156,297
06/07/2019,BTL,MI,AGL,CE,Federal Contract Tower,0,9,12,0,21,0,0,208,0,208,0,9,220,0,229,272,0,272,501
06/08/2019,BTL,MI,AGL,CE,Federal Contract Tower,0,3,1,0,4,0,0,87,0,87,0,3,88,0,91,76,0,76,167
06/09/2019,BTL,MI,AGL,CE,Federal Contract Tower,0,1,6,0,7,0,0,2,0,2,0,1,8,0,9,0,0,0,9
06/10/2019,BTL,MI,AGL,CE,Federal Contract Tower,0,4,32,0,36,0,0,26,0,26,0,4,58,0,62,24,0,24,86
06/11/2019,BTL,MI,AGL,CE,Federal Contract Tower,0,3,13,0,16,0,0,227,0,227,0,3,240,0,243,374,0,374,617
06/12/2019,BTL,MI,AGL,CE,Federal Contract Tower,0,2,16,0,18,0,0,182,0,182,0,2,198,0,200,260,0,260,460
06/13/2019,BTL,MI,AGL,CE,Federal Contract Tower,0,3,26,0,29,0,0,15,0,15,0,3,41,0,44,26,0,26,70
06/14/2019,BTL,MI,AGL,CE,Federal Contract Tower,0,10,15,0,25,0,0,202,0,202,0,10,217,0,227,378,0,378,605
06/15/2019,BTL,MI,AGL,CE,Federal Contract Tower,0,0,14,0,14,0,0,19,0,19,0,0,33,0,33,32,0,32,65
06/16/2019,BTL,MI,AGL,CE,Federal Contract Tower,0,4,9,0,13,0,0,0,0,0,0,4,9,0,13,0,0,0,13
06/17/2019,BTL,MI,AGL,CE,Federal Contract Tower,0,12,54,2,68,0,0,6,1,7,0,12,60,3,75,8,0,8,83
06/18/2019,BTL,MI,AGL,CE,Federal Contract Tower,0,2,60,0,62,0,0,171,0,171,0,2,231,0,233,408,0,408,641
06/19/2019,BTL,MI,AGL,CE,Federal Contract Tower,0,8,17,0,25,0,0,81,0,81,0,8,98,0,106,170,0,170,276
06/20/2019,BTL,MI,AGL,CE,Federal Contract Tower,0,4,40,0,44,0,0,1,0,1,0,4,41,0,45,8,2,10,55
06/21/2019,BTL,MI,AGL,CE,Federal Contract Tower,0,8,12,0,20,0,0,242,2,244,0,8,254,2,264,372,0,372,636
06/22/2019,BTL,MI,AGL,CE,Federal Contract Tower,0,2,3,0,5,0,0,115,0,115,0,2,118,0,120,134,0,134,254
06/23/2019,BTL,MI,AGL,CE,Federal Contract Tower,0,4,7,0,11,0,0,4,0,4,0,4,11,0,15,0,0,0,15
06/24/2019,BTL,MI,AGL,CE,Federal Contract Tower,0,3,23,0,26,0,0,24,0,24,0,3,47,0,50,78,0,78,128
06/25/2019,BTL,MI,AGL,CE,Federal Contract Tower,0,1,21,0,22,0,0,166,6,172,0,1,187,6,194,200,10,210,404
06/26/2019,BTL,MI,AGL,CE,Federal Contract Tower,0,7,9,0,16,0,0,260,0,260,0,7,269,0,276,276,0,276,552
06/27/2019,BTL,MI,AGL,CE,Federal Contract Tower,0,11,22,0,33,0,0,205,0,205,0,11,227,0,238,260,0,260,498
06/28/2019,BTL,MI,AGL,CE,Federal Contract Tower,0,5,10,0,15,0,0,161,0,161,0,5,171,0,176,252,0,252,428
06/29/2019,BTL,MI,AGL,CE,Federal Contract Tower,0,4,6,0,10,0,0,70,0,70,0,4,76,0,80,90,0,90,170
06/30/2019,BTL,MI,AGL,CE,Federal Contract Tower,0,3,8,4,15,0,0,15,0,15,0,3,23,4,30,6,0,6,36
07/01/2019,BTL,MI,AGL,CE,Federal Contract Tower,0,0,12,3,15,0,0,170,0,170,0,0,182,3,185,254,0,254,439
07/02/2019,BTL,MI,AGL,CE,Federal Contract Tower,0,3,7,0,10,0,0,99,0,99,0,3,106,0,109,164,0,164,273
07/03/2019,BTL,MI,AGL,CE,Federal Contract Tower,0,3,26,3,32,0,0,101,0,101,0,3,127,3,133,126,16,142,275
07/04/2019,BTL,MI,AGL,CE,Federal Contract Tower,0,4,2,2,8,0,0,41,0,41,0,4,43,2,49,8,0,8,57
07/06/2019,BTL,MI,AGL,CE,Federal Contract Tower,0,1,6,2,9,0,0,17,0,17,0,1,23,2,26,32,0,32,58
07/07/2019,BTL,MI,AGL,CE,Federal Contract Tower,0,2,4,0,6,0,0,31,0,31,0,2,35,0,37,0,0,0,37
07/08/2019,BTL,MI,AGL,CE,Federal Contract Tower,0,0,10,1,11,0,0,215,0,215,0,0,225,1,226,268,0,268,494
07/09/2019,BTL,MI,AGL,CE,Federal Contract Tower,0,3,16,1,20,0,0,204,7,211,0,3,220,8,231,304,16,320,551
07/10/2019,BTL,MI,AGL,CE,Federal Contract Tower,0,2,11,0,13,0,0,179,0,179,0,2,190,0,192,346,0,346,538
07/11/2019,BTL,MI,AGL,CE,Federal Contract Tower,0,0,17,0,17,0,0,188,0,188,0,0,205,0,205,250,0,250,455
07/12/2019,BTL,MI,AGL,CE,Federal Contract Tower,0,5,24,0,29,0,0,165,0,165,0,5,189,0,194,218,0,218,412
07/13/2019,BTL,MI,AGL,CE,Federal Contract Tower,0,0,1,0,1,0,0,60,5,65,0,0,61,5,66,78,0,78,144
07/14/2019,BTL,MI,AGL,CE,Federal Contract Tower,0,5,5,0,10,0,0,25,0,25,0,5,30,0,35,18,0,18,53
07/15/2019,BTL,MI,AGL,CE,Federal Contract Tower,0,5,18,0,23,0,0,184,0,184,0,5,202,0,207,256,0,256,463
07/16/2019,BTL,MI,AGL,CE,Federal Contract Tower,0,1,19,0,20,0,0,20,2,22,0,1,39,2,42,32,12,44,86
07/17/2019,BTL,MI,AGL,CE,Federal Contract Tower,0,3,23,0,26,0,0,111,2,113,0,3,134,2,139,338,8,346,485
07/18/2019,BTL,MI,AGL,CE,Federal Contract Tower,0,5,6,0,11,0,0,109,0,109,0,5,115,0,120,300,6,306,426
07/19/2019,BTL,MI,AGL,CE,Federal Contract Tower,0,3,31,0,34,0,0,101,0,101,0,3,132,0,135,124,0,124,259
07/20/2019,BTL,MI,AGL,CE,Federal Contract Tower,0,1,4,0,5,0,0,82,0,82,0,1,86,0,87,60,2,62,149
07/21/2019,BTL,MI,AGL,CE,Federal Contract Tower,0,3,9,0,12,0,0,5,3,8,0,3,14,3,20,4,0,4,24
07/22/2019,BTL,MI,AGL,CE,Federal Contract Tower,0,4,14,1,19,0,0,217,1,218,0,4,231,2,237,390,0,390,627
07/23/2019,BTL,MI,AGL,CE,Federal Contract Tower,0,4,12,0,16,0,0,217,2,219,0,4,229,2,235,310,28,338,573
07/24/2019,BTL,MI,AGL,CE,Federal Contract Tower,0,9,9,0,18,0,0,239,0,239,0,9,248,0,257,387,2,389,646
07/25/2019,BTL,MI,AGL,CE,Federal Contract Tower,0,12,10,1,23,0,0,179,2,181,0,12,189,3,204,309,10,319,523
07/26/2019,BTL,MI,AGL,CE,Federal Contract Tower,0,6,6,0,12,0,0,162,0,162,0,6,168,0,174,314,0,314,488
07/27/2019,BTL,MI,AGL,CE,Federal Contract Tower,0,4,6,0,10,0,0,77,1,78,0,4,83,1,88,118,0,118,206
07/28/2019,BTL,MI,AGL,CE,Federal Contract Tower,0,2,6,0,8,0,0,20,0,20,0,2,26,0,28,0,0,0,28
07/29/2019,BTL,MI,AGL,CE,Federal Contract Tower,0,2,16,0,18,0,0,58,0,58,0,2,74,0,76,76,0,76,152
07/30/2019,BTL,MI,AGL,CE,Federal Contract Tower,0,3,18,2,23,0,0,189,7,196,0,3,207,9,219,328,18,346,565
07/31/2019,BTL,MI,AGL,CE,Federal Contract Tower,0,2,31,0,33,0,0,181,6,187,0,2,212,6,220,312,20,332,552
08/01/2019,BTL,MI,AGL,CE,Federal Contract Tower,0,3,10,0,13,0,0,250,10,260,0,3,260,10,273,386,4,390,663
08/02/2019,BTL,MI,AGL,CE,Federal Contract Tower,0,3,3,0,6,0,0,182,22,204,0,3,185,22,210,384,0,384,594
08/03/2019,BTL,MI,AGL,CE,Federal Contract Tower,0,3,0,0,3,0,0,69,0,69,0,3,69,0,72,50,0,50,122
08/04/2019,BTL,MI,AGL,CE,Federal Contract Tower,0,7,8,0,15,0,0,20,0,20,0,7,28,0,35,2,0,2,37
08/05/2019,BTL,MI,AGL,CE,Federal Contract Tower,0,0,10,0,10,0,0,178,0,178,0,0,188,0,188,277,0,277,465
08/06/2019,BTL,MI,AGL,CE,Federal Contract Tower,0,1,33,0,34,0,0,49,0,49,0,1,82,0,83,98,0,98,181
08/07/2019,BTL,MI,AGL,CE,Federal Contract Tower,0,3,9,0,12,0,0,203,0,203,0,3,212,0,215,420,0,420,635
08/08/2019,BTL,MI,AGL,CE,Federal Contract Tower,0,2,27,0,29,0,0,96,0,96,0,2,123,0,125,152,0,152,277
08/09/2019,BTL,MI,AGL,CE,Federal Contract Tower,0,4,9,0,13,0,0,212,0,212,0,4,221,0,225,270,0,270,495
08/10/2019,BTL,MI,AGL,CE,Federal Contract Tower,0,3,8,0,11,0,0,88,0,88,0,3,96,0,99,86,0,86,185
08/11/2019,BTL,MI,AGL,CE,Federal Contract Tower,0,6,6,0,12,0,0,9,0,9,0,6,15,0,21,2,0,2,23
08/12/2019,BTL,MI,AGL,CE,Federal Contract Tower,0,3,22,0,25,0,0,69,0,69,0,3,91,0,94,96,0,96,190
08/13/2019,BTL,MI,AGL,CE,Federal Contract Tower,0,2,23,0,25,0,0,126,0,126,0,2,149,0,151,296,0,296,447
08/14/2019,BTL,MI,AGL,CE,Federal Contract Tower,0,4,3,0,7,0,0,138,0,138,0,4,141,0,145,280,0,280,425
08/15/2019,BTL,MI,AGL,CE,Federal Contract Tower,0,2,26,0,28,0,0,125,0,125,0,2,151,0,153,210,0,210,363
08/16/2019,BTL,MI,AGL,CE,Federal Contract Tower,0,1,12,0,13,0,0,101,0,101,0,1,113,0,114,250,0,250,364
08/17/2019,BTL,MI,AGL,CE,Federal Contract Tower,0,2,7,0,9,0,2,58,0,60,0,4,65,0,69,62,0,62,131
08/18/2019,BTL,MI,AGL,CE,Federal Contract Tower,0,2,5,0,7,0,0,2,0,2,0,2,7,0,9,0,0,0,9
08/19/2019,BTL,MI,AGL,CE,Federal Contract Tower,0,0,22,0,22,0,0,101,0,101,0,0,123,0,123,220,0,220,343
08/20/2019,BTL,MI,AGL,CE,Federal Contract Tower,0,6,16,0,22,0,0,54,0,54,0,6,70,0,76,104,0,104,180
08/21/2019,BTL,MI,AGL,CE,Federal Contract Tower,0,2,23,0,25,0,0,115,4,119,0,2,138,4,144,218,2,220,364
08/22/2019,BTL,MI,AGL,CE,Federal Contract Tower,0,3,7,0,10,0,0,217,2,219,0,3,224,2,229,284,0,284,513
08/23/2019,BTL,MI,AGL,CE,Federal Contract Tower,0,4,6,0,10,0,0,145,0,145,0,4,151,0,155,216,0,216,371
08/24/2019,BTL,MI,AGL,CE,Federal Contract Tower,0,0,2,0,2,0,0,82,0,82,0,0,84,0,84,62,0,62,146
08/25/2019,BTL,MI,AGL,CE,Federal Contract Tower,0,2,3,0,5,0,0,14,0,14,0,2,17,0,19,0,0,0,19
08/26/2019,BTL,MI,AGL,CE,Federal Contract Tower,2,5,17,0,24,0,0,30,0,30,2,5,47,0,54,62,0,62,116
08/27/2019,BTL,MI,AGL,CE,Federal Contract Tower,0,2,34,0,36,0,0,89,2,91,0,2,123,2,127,188,8,196,323
08/28/2019,BTL,MI,AGL,CE,Federal Contract Tower,0,3,9,0,12,0,0,80,0,80,0,3,89,0,92,110,0,110,202
08/29/2019,BTL,MI,AGL,CE,Federal Contract Tower,0,4,7,0,11,0,0,162,0,162,0,4,169,0,173,284,0,284,457
08/30/2019,BTL,MI,AGL,CE,Federal Contract Tower,2,7,7,2,18,0,0,251,0,251,2,7,258,2,269,264,0,264,533
08/31/2019,BTL,MI,AGL,CE,Federal Contract Tower,0,3,2,0,5,2,0,48,0,50,2,3,50,0,55,32,0,32,87
09/01/2019,BTL,MI,AGL,CE,Federal Contract Tower,0,0,2,0,2,0,0,6,2,8,0,0,8,2,10,0,0,0,10
09/02/2019,BTL,MI,AGL,CE,Federal Contract Tower,0,3,2,0,5,0,0,5,0,5,0,3,7,0,10,22,0,22,32
09/03/2019,BTL,MI,AGL,CE,Federal Contract Tower,0,7,8,0,15,0,0,30,2,32,0,7,38,2,47,64,8,72,119
09/04/2019,BTL,MI,AGL,CE,Federal Contract Tower,0,8,40,0,48,0,0,149,0,149,0,8,189,0,197,224,0,224,421
09/05/2019,BTL,MI,AGL,CE,Federal Contract Tower,0,3,10,1,14,0,0,229,0,229,0,3,239,1,243,372,0,372,615
09/06/2019,BTL,MI,AGL,CE,Federal Contract Tower,0,0,39,31,70,0,0,37,0,37,0,0,76,31,107,74,0,74,181
09/07/2019,BTL,MI,AGL,CE,Federal Contract Tower,0,0,23,0,23,0,0,122,0,122,0,0,145,0,145,236,0,236,381
09/08/2019,BTL,MI,AGL,CE,Federal Contract Tower,0,3,10,3,16,0,0,65,0,65,0,3,75,3,81,106,0,106,187
09/09/2019,BTL,MI,AGL,CE,Federal Contract Tower,2,3,14,0,19,0,0,225,0,225,2,3,239,0,244,362,0,362,606
09/10/2019,BTL,MI,AGL,CE,Federal Contract Tower,2,3,15,0,20,0,0,167,6,173,2,3,182,6,193,312,12,324,517
09/11/2019,BTL,MI,AGL,CE,Federal Contract Tower,0,2,10,0,12,0,0,146,0,146,0,2,156,0,158,332,0,332,490
09/12/2019,BTL,MI,AGL,CE,Federal Contract Tower,0,0,22,0,22,0,0,5,0,5,0,0,27,0,27,2,0,2,29
09/13/2019,BTL,MI,AGL,CE,Federal Contract Tower,0,1,28,0,29,0,0,70,0,70,0,1,98,0,99,74,0,74,173
09/14/2019,BTL,MI,AGL,CE,Federal Contract Tower,0,1,5,0,6,0,0,103,0,103,0,1,108,0,109,112,0,112,221
09/15/2019,BTL,MI,AGL,CE,Federal Contract Tower,0,4,9,0,13,0,2,25,0,27,0,6,34,0,40,52,0,52,92
09/16/2019,BTL,MI,AGL,CE,Federal Contract Tower,0,12,31,0,43,0,0,96,0,96,0,12,127,0,139,248,0,248,387
09/17/2019,BTL,MI,AGL,CE,Federal Contract Tower,0,4,19,0,23,0,0,106,0,106,0,4,125,0,129,158,6,164,293
09/18/2019,BTL,MI,AGL,CE,Federal Contract Tower,0,1,10,0,11,0,0,216,4,220,0,1,226,4,231,264,0,264,495
09/19/2019,BTL,MI,AGL,CE,Federal Contract Tower,0,2,19,1,22,0,0,251,0,251,0,2,270,1,273,318,0,318,591
09/20/2019,BTL,MI,AGL,CE,Federal Contract Tower,0,6,6,0,12,0,0,187,0,187,0,6,193,0,199,295,0,295,494
09/21/2019,BTL,MI,AGL,CE,Federal Contract Tower,0,3,7,0,10,0,0,90,0,90,0,3,97,0,100,106,0,106,206
09/22/2019,BTL,MI,AGL,CE,Federal Contract Tower,0,3,4,0,7,0,0,17,0,17,0,3,21,0,24,84,0,84,108
09/23/2019,BTL,MI,AGL,CE,Federal Contract Tower,0,5,30,0,35,0,0,91,0,91,0,5,121,0,126,110,0,110,236
09/24/2019,BTL,MI,AGL,CE,Federal Contract Tower,0,2,16,0,18,0,0,216,0,216,0,2,232,0,234,368,0,368,602
09/26/2019,BTL,MI,AGL,CE,Federal Contract Tower,0,2,20,0,22,0,0,188,0,188,0,2,208,0,210,195,0,195,405
09/27/2019,BTL,MI,AGL,CE,Federal Contract Tower,0,10,7,0,17,0,0,65,0,65,0,10,72,0,82,88,0,88,170
09/28/2019,BTL,MI,AGL,CE,Federal Contract Tower,0,3,7,0,10,0,0,5,0,5,0,3,12,0,15,14,0,14,29
09/29/2019,BTL,MI,AGL,CE,Federal Contract Tower,0,0,9,0,9,0,0,0,0,0,0,0,9,0,9,0,0,0,9
09/30/2019,BTL,MI,AGL,CE,Federal Contract Tower,0,3,7,0,10,0,0,111,0,111,0,3,118,0,121,296,0,296,417
10/01/2019,BTL,MI,AGL,CE,Federal Contract Tower,0,8,18,0,26,0,0,197,0,197,0,8,215,0,223,400,0,400,623
10/02/2019,BTL,MI,AGL,CE,Federal Contract Tower,0,5,10,0,15,0,0,0,0,0,0,5,10,0,15,0,0,0,15
10/03/2019,BTL,MI,AGL,CE,Federal Contract Tower,0,2,11,0,13,0,0,8,0,8,0,2,19,0,21,6,0,6,27
10/04/2019,BTL,MI,AGL,CE,Federal Contract Tower,0,1,32,0,33,0,0,154,0,154,0,1,186,0,187,346,0,346,533
10/05/2019,BTL,MI,AGL,CE,Federal Contract Tower,0,1,17,0,18,0,0,95,0,95,0,1,112,0,113,136,0,136,249
10/06/2019,BTL,MI,AGL,CE,Federal Contract Tower,0,0,8,0,8,0,0,8,0,8,0,0,16,0,16,2,0,2,18
10/07/2019,BTL,MI,AGL,CE,Federal Contract Tower,0,2,9,0,11,0,0,246,4,250,0,2,255,4,261,328,0,328,589
10/08/2019,BTL,MI,AGL,CE,Federal Contract Tower,0,2,13,0,15,0,0,221,4,225,0,2,234,4,240,436,0,436,676
10/09/2019,BTL,MI,AGL,CE,Federal Contract Tower,0,2,7,0,9,0,0,186,0,186,0,2,193,0,195,366,0,366,561
10/10/2019,BTL,MI,AGL,CE,Federal Contract Tower,0,5,8,0,13,0,0,207,0,207,0,5,215,0,220,320,0,320,540
10/11/2019,BTL,MI,AGL,CE,Federal Contract Tower,0,3,23,0,26,0,0,7,0,7,0,3,30,0,33,12,0,12,45
10/12/2019,BTL,MI,AGL,CE,Federal Contract Tower,0,1,4,0,5,0,0,49,6,55,0,1,53,6,60,64,0,64,124
10/13/2019,BTL,MI,AGL,CE,Federal Contract Tower,0,1,2,0,3,0,0,2,0,2,0,1,4,0,5,0,0,0,5
10/14/2019,BTL,MI,AGL,CE,Federal Contract Tower,0,6,8,0,14,0,0,174,0,174,0,6,182,0,188,420,0,420,608
10/15/2019,BTL,MI,AGL,CE,Federal Contract Tower,0,5,16,0,21,0,0,115,0,115,0,5,131,0,136,136,0,136,272
10/16/2019,BTL,MI,AGL,CE,Federal Contract Tower,0,1,13,0,14,0,0,0,0,0,0,1,13,0,14,0,0,0,14
10/17/2019,BTL,MI,AGL,CE,Federal Contract Tower,0,14,22,0,36,0,4,65,0,69,0,18,87,0,105,166,0,166,271
10/18/2019,BTL,MI,AGL,CE,Federal Contract Tower,0,2,10,0,12,0,0,98,0,98,0,2,108,0,110,178,0,178,288
10/19/2019,BTL,MI,AGL,CE,Federal Contract Tower,0,0,7,0,7,0,0,64,0,64,0,0,71,0,71,98,0,98,169
10/21/2019,BTL,MI,AGL,CE,Federal Contract Tower,0,0,6,0,6,0,0,38,0,38,0,0,44,0,44,66,0,66,110
10/22/2019,BTL,MI,AGL,CE,Federal Contract Tower,0,0,5,0,5,0,0,12,0,12,0,0,17,0,17,18,0,18,35
10/23/2019,BTL,MI,AGL,CE,Federal Contract Tower,0,6,8,0,14,0,0,141,0,141,0,6,149,0,155,226,0,226,381
10/24/2019,BTL,MI,AGL,CE,Federal Contract Tower,0,3,36,0,39,0,0,138,3,141,0,3,174,3,180,292,10,302,482
10/25/2019,BTL,MI,AGL,CE,Federal Contract Tower,0,3,11,2,16,0,0,213,0,213,0,3,224,2,229,301,8,309,538
10/26/2019,BTL,MI,AGL,CE,Federal Contract Tower,0,3,8,0,11,0,0,59,4,63,0,3,67,4,74,104,2,106,180
10/27/2019,BTL,MI,AGL,CE,Federal Contract Tower,0,5,6,0,11,0,0,17,0,17,0,5,23,0,28,4,0,4,32
10/28/2019,BTL,MI,AGL,CE,Federal Contract Tower,0,3,15,0,18,0,0,0,0,0,0,3,15,0,18,352,0,352,370
10/29/2019,BTL,MI,AGL,CE,Federal Contract Tower,0,1,22,2,25,0,0,1,0,1,0,1,23,2,26,2,2,4,30
10/30/2019,BTL,MI,AGL,CE,Federal Contract Tower,0,4,3,0,7,0,0,0,0,0,0,4,3,0,7,0,0,0,7
10/31/2019,BTL,MI,AGL,CE,Federal Contract Tower,0,4,2,0,6,0,0,0,0,0,0,4,2,0,6,0,0,0,6
11/01/2019,BTL,MI,AGL,CE,Federal Contract Tower,0,5,30,0,35,0,0,208,0,208,0,5,238,0,243,400,0,400,643
11/02/2019,BTL,MI,AGL,CE,Federal Contract Tower,0,2,4,0,6,0,0,2,0,2,0,2,6,0,8,0,0,0,8
11/03/2019,BTL,MI,AGL,CE,Federal Contract Tower,0,2,6,0,8,0,0,5,0,5,0,2,11,0,13,2,0,2,15
11/04/2019,BTL,MI,AGL,CE,Federal Contract Tower,0,0,6,2,8,0,0,159,0,159,0,0,165,2,167,348,0,348,515
11/05/2019,BTL,MI,AGL,CE,Federal Contract Tower,0,3,15,0,18,0,0,181,2,183,0,3,196,2,201,192,10,202,403
11/06/2019,BTL,MI,AGL,CE,Federal Contract Tower,0,3,10,0,13,0,0,101,0,101,0,3,111,0,114,220,0,220,334
11/07/2019,BTL,MI,AGL,CE,Federal Contract Tower,4,9,0,0,13,0,0,158,1,159,4,9,158,1,172,289,2,291,463
11/08/2019,BTL,MI,AGL,CE,Federal Contract Tower,0,2,12,0,14,0,0,201,0,201,0,2,213,0,215,292,0,292,507
11/09/2019,BTL,MI,AGL,CE,Federal Contract Tower,0,1,4,0,5,0,0,144,0,144,0,1,148,0,149,224,0,224,373
11/10/2019,BTL,MI,AGL,CE,Federal Contract Tower,0,1,3,0,4,0,0,0,0,0,0,1,3,0,4,0,0,0,4
11/11/2019,BTL,MI,AGL,CE,Federal Contract Tower,0,0,5,0,5,0,0,0,0,0,0,0,5,0,5,0,0,0,5
11/12/2019,BTL,MI,AGL,CE,Federal Contract Tower,0,4,14,0,18,0,0,64,6,70,0,4,78,6,88,76,30,106,194
11/13/2019,BTL,MI,AGL,CE,Federal Contract Tower,0,2,11,0,13,0,0,173,0,173,0,2,184,0,186,346,0,346,532
11/14/2019,BTL,MI,AGL,CE,Federal Contract Tower,0,5,1,0,6,0,0,0,0,0,0,5,1,0,6,0,0,0,6
11/15/2019,BTL,MI,AGL,CE,Federal Contract Tower,0,5,12,0,17,0,0,24,0,24,0,5,36,0,41,58,0,58,99
11/16/2019,BTL,MI,AGL,CE,Federal Contract Tower,0,5,16,0,21,0,0,134,0,134,0,5,150,0,155,172,0,172,327
11/17/2019,BTL,MI,AGL,CE,Federal Contract Tower,0,5,3,0,8,0,0,15,0,15,0,5,18,0,23,4,0,4,27
11/18/2019,BTL,MI,AGL,CE,Federal Contract Tower,0,8,10,0,18,0,0,126,0,126,0,8,136,0,144,244,0,244,388
11/19/2019,BTL,MI,AGL,CE,Federal Contract Tower,0,7,8,0,15,0,0,39,0,39,0,7,47,0,54,72,0,72,126
11/20/2019,BTL,MI,AGL,CE,Federal Contract Tower,0,2,24,0,26,0,0,24,0,24,0,2,48,0,50,60,0,60,110
11/21/2019,BTL,MI,AGL,CE,Federal Contract Tower,0,5,7,0,12,0,0,1,0,1,0,5,8,0,13,8,0,8,21
11/22/2019,BTL,MI,AGL,CE,Federal Contract Tower,0,6,16,0,22,0,0,197,0,197,0,6,213,0,219,228,0,228,447
11/23/2019,BTL,MI,AGL,CE,Federal Contract Tower,0,3,9,0,12,0,0,198,0,198,0,3,207,0,210,270,0,270,480
11/24/2019,BTL,MI,AGL,CE,Federal Contract Tower,0,2,6,0,8,0,0,5,0,5,0,2,11,0,13,6,0,6,19
11/25/2019,BTL,MI,AGL,CE,Federal Contract Tower,0,5,11,0,16,0,0,0,0,0,0,5,11,0,16,430,0,430,446
11/26/2019,BTL,MI,AGL,CE,Federal Contract Tower,0,4,15,0,19,0,0,104,0,104,0,4,119,0,123,152,0,152,275
11/27/2019,BTL,MI,AGL,CE,Federal Contract Tower,0,5,4,0,9,0,0,0,0,0,0,5,4,0,9,0,0,0,9
11/28/2019,BTL,MI,AGL,CE,Federal Contract Tower,0,1,1,0,2,0,0,0,0,0,0,1,1,0,2,0,0,0,2
11/29/2019,BTL,MI,AGL,CE,Federal Contract Tower,0,1,7,0,8,0,0,2,0,2,0,1,9,0,10,2,0,2,12
11/30/2019,BTL,MI,AGL,CE,Federal Contract Tower,0,1,2,0,3,0,0,4,0,4,0,1,6,0,7,34,0,34,41
12/01/2019,BTL,MI,AGL,CE,Federal Contract Tower,0,2,3,0,5,0,0,0,0,0,0,2,3,0,5,0,0,0,5
12/02/2019,BTL,MI,AGL,CE,Federal Contract Tower,0,2,4,0,6,0,0,3,0,3,0,2,7,0,9,0,0,0,9
12/03/2019,BTL,MI,AGL,CE,Federal Contract Tower,0,7,10,6,23,0,0,20,6,26,0,7,30,12,49,60,42,102,151
12/04/2019,BTL,MI,AGL,CE,Federal Contract Tower,0,2,9,0,11,0,0,5,0,5,0,2,14,0,16,28,0,28,44
12/05/2019,BTL,MI,AGL,CE,Federal Contract Tower,0,8,16,0,24,0,0,243,2,245,0,8,259,2,269,342,8,350,619
12/06/2019,BTL,MI,AGL,CE,Federal Contract Tower,0,2,13,0,15,0,0,109,0,109,0,2,122,0,124,158,0,158,282
12/07/2019,BTL,MI,AGL,CE,Federal Contract Tower,0,0,13,0,13,0,0,225,0,225,0,0,238,0,238,298,0,298,536
12/08/2019,BTL,MI,AGL,CE,Federal Contract Tower,0,2,2,0,4,0,0,2,0,2,0,2,4,0,6,6,0,6,12
12/09/2019,BTL,MI,AGL,CE,Federal Contract Tower,0,0,9,0,9,0,0,0,0,0,0,0,9,0,9,0,0,0,9
12/10/2019,BTL,MI,AGL,CE,Federal Contract Tower,0,2,1,0,3,0,0,0,2,2,0,2,1,2,5,0,8,8,13
12/11/2019,BTL,MI,AGL,CE,Federal Contract Tower,0,4,12,0,16,0,0,59,0,59,0,4,71,0,75,74,0,74,149
12/12/2019,BTL,MI,AGL,CE,Federal Contract Tower,0,6,10,0,16,0,0,110,0,110,0,6,120,0,126,170,0,170,296
12/13/2019,BTL,MI,AGL,CE,Federal Contract Tower,0,5,9,0,14,0,0,166,0,166,0,5,175,0,180,232,0,232,412
12/14/2019,BTL,MI,AGL,CE,Federal Contract Tower,0,1,8,0,9,0,0,0,0,0,0,1,8,0,9,0,0,0,9
12/15/2019,BTL,MI,AGL,CE,Federal Contract Tower,0,2,2,2,6,0,0,3,2,5,0,2,5,4,11,4,0,4,15
12/16/2019,BTL,MI,AGL,CE,Federal Contract Tower,0,3,5,0,8,0,0,106,0,106,0,3,111,0,114,120,0,120,234
12/17/2019,BTL,MI,AGL,CE,Federal Contract Tower,0,10,4,1,15,0,0,132,4,136,0,10,136,5,151,198,20,218,369
12/18/2019,BTL,MI,AGL,CE,Federal Contract Tower,0,4,7,5,16,0,0,9,0,9,0,4,16,5,25,2,0,2,27
12/19/2019,BTL,MI,AGL,CE,Federal Contract Tower,0,4,12,2,18,0,0,105,1,106,0,4,117,3,124,100,0,100,224
12/20/2019,BTL,MI,AGL,CE,Federal Contract Tower,0,1,18,0,19,0,0,56,0,56,0,1,74,0,75,36,0,36,111
12/21/2019,BTL,MI,AGL,CE,Federal Contract Tower,0,1,2,0,3,0,0,26,0,26,0,1,28,0,29,22,0,22,51
12/22/2019,BTL,MI,AGL,CE,Federal Contract Tower,0,1,4,0,5,0,0,15,0,15,0,1,19,0,20,18,0,18,38
12/23/2019,BTL,MI,AGL,CE,Federal Contract Tower,0,2,6,0,8,0,0,26,4,30,0,2,32,4,38,24,2,26,64
12/24/2019,BTL,MI,AGL,CE,Federal Contract Tower,0,1,2,0,3,0,0,0,0,0,0,1,2,0,3,0,0,0,3
12/25/2019,BTL,MI,AGL,CE,Federal Contract Tower,0,1,0,0,1,0,0,2,0,2,0,1,2,0,3,0,0,0,3
12/26/2019,BTL,MI,AGL,CE,Federal Contract Tower,0,1,5,0,6,0,0,4,0,4,0,1,9,0,10,0,0,0,10
12/27/2019,BTL,MI,AGL,CE,Federal Contract Tower,0,4,3,0,7,0,0,0,0,0,0,4,3,0,7,0,0,0,7
12/28/2019,BTL,MI,AGL,CE,Federal Contract Tower,0,0,1,0,1,0,0,12,0,12,0,0,13,0,13,6,0,6,19
12/29/2019,BTL,MI,AGL,CE,Federal Contract Tower,0,2,1,0,3,0,0,0,0,0,0,2,1,0,3,0,0,0,3
12/30/2019,BTL,MI,AGL,CE,Federal Contract Tower,0,1,1,0,2,0,0,0,0,0,0,1,1,0,2,0,0,0,2
12/31/2019,BTL,MI,AGL,CE,Federal Contract Tower,0,1,0,0,1,0,0,0,0,0,0,1,0,0,1,0,0,0,1
01/01/2020,BTL,MI,AGL,CE,Federal Contract Tower,0,0,1,0,1,0,0,12,0,12,0,0,13,0,13,8,0,8,21
01/02/2020,BTL,MI,AGL,CE,Federal Contract Tower,0,6,10,0,16,0,0,34,0,34,0,6,44,0,50,48,0,48,98
01/03/2020,BTL,MI,AGL,CE,Federal Contract Tower,0,2,7,0,9,0,0,1,0,1,0,2,8,0,10,0,0,0,10
01/04/2020,BTL,MI,AGL,CE,Federal Contract Tower,0,3,7,0,10,0,0,2,0,2,0,3,9,0,12,18,0,18,30
01/05/2020,BTL,MI,AGL,CE,Federal Contract Tower,0,3,2,0,5,0,0,0,0,0,0,3,2,0,5,0,0,0,5
01/06/2020,BTL,MI,AGL,CE,Federal Contract Tower,0,4,9,0,13,0,0,0,0,0,0,4,9,0,13,234,0,234,247
01/07/2020,BTL,MI,AGL,CE,Federal Contract Tower,0,1,10,0,11,0,0,113,0,113,0,1,123,0,124,232,0,232,356
01/08/2020,BTL,MI,AGL,CE,Federal Contract Tower,0,1,11,0,12,0,0,63,0,63,0,1,74,0,75,188,0,188,263
01/09/2020,BTL,MI,AGL,CE,Federal Contract Tower,0,4,8,0,12,0,0,51,0,51,0,4,59,0,63,61,0,61,124
01/10/2020,BTL,MI,AGL,CE,Federal Contract Tower,0,4,5,0,9,0,0,0,0,0,0,4,5,0,9,0,0,0,9
01/11/2020,BTL,MI,AGL,CE,Federal Contract Tower,0,3,1,0,4,0,0,0,0,0,0,3,1,0,4,0,0,0,4
01/12/2020,BTL,MI,AGL,CE,Federal Contract Tower,0,0,0,0,0,0,0,0,0,0,0,0,0,0,0,0,0,0,0
01/13/2020,BTL,MI,AGL,CE,Federal Contract Tower,0,5,12,0,17,0,0,13,0,13,0,5,25,0,30,62,0,62,92
01/14/2020,BTL,MI,AGL,CE,Federal Contract Tower,0,2,2,0,4,0,0,8,0,8,0,2,10,0,12,30,0,30,42
01/15/2020,BTL,MI,AGL,CE,Federal Contract Tower,0,1,7,0,8,0,0,0,0,0,0,1,7,0,8,0,0,0,8
01/16/2020,BTL,MI,AGL,CE,Federal Contract Tower,0,5,29,0,34,0,0,25,0,25,0,5,54,0,59,58,0,58,117
01/17/2020,BTL,MI,AGL,CE,Federal Contract Tower,0,3,14,0,17,0,0,340,0,340,0,3,354,0,357,282,0,282,639
01/18/2020,BTL,MI,AGL,CE,Federal Contract Tower,0,1,0,0,1,0,0,0,0,0,0,1,0,0,1,0,0,0,1
01/19/2020,BTL,MI,AGL,CE,Federal Contract Tower,0,2,0,0,2,0,0,0,0,0,0,2,0,0,2,0,0,0,2
01/20/2020,BTL,MI,AGL,CE,Federal Contract Tower,0,2,5,0,7,0,4,5,0,9,0,6,10,0,16,24,0,24,40
01/21/2020,BTL,MI,AGL,CE,Federal Contract Tower,0,4,31,0,35,0,0,188,0,188,0,4,219,0,223,292,0,292,515
01/22/2020,BTL,MI,AGL,CE,Federal Contract Tower,0,6,14,0,20,0,0,291,0,291,0,6,305,0,311,267,0,267,578
01/23/2020,BTL,MI,AGL,CE,Federal Contract Tower,0,0,10,0,10,0,0,118,0,118,0,0,128,0,128,170,0,170,298
01/24/2020,BTL,MI,AGL,CE,Federal Contract Tower,0,1,2,0,3,0,0,2,0,2,0,1,4,0,5,6,0,6,11
01/25/2020,BTL,MI,AGL,CE,Federal Contract Tower,0,1,0,0,1,0,0,0,0,0,0,1,0,0,1,0,0,0,1
01/26/2020,BTL,MI,AGL,CE,Federal Contract Tower,0,5,0,0,5,0,0,0,0,0,0,5,0,0,5,0,0,0,5
01/27/2020,BTL,MI,AGL,CE,Federal Contract Tower,0,1,4,0,5,0,0,0,0,0,0,1,4,0,5,0,0,0,5
01/28/2020,BTL,MI,AGL,CE,Federal Contract Tower,0,4,2,0,6,0,0,2,0,2,0,4,4,0,8,0,0,0,8
01/29/2020,BTL,MI,AGL,CE,Federal Contract Tower,0,4,10,0,14,0,0,197,0,197,0,4,207,0,211,428,0,428,639
01/30/2020,BTL,MI,AGL,CE,Federal Contract Tower,0,0,7,0,7,0,0,245,0,245,0,0,252,0,252,332,0,332,584
01/31/2020,BTL,MI,AGL,CE,Federal Contract Tower,0,0,13,0,13,0,0,117,0,117,0,0,130,0,130,326,0,326,456
02/01/2020,BTL,MI,AGL,CE,Federal Contract Tower,0,0,2,0,2,0,0,0,0,0,0,0,2,0,2,0,0,0,2
02/02/2020,BTL,MI,AGL,CE,Federal Contract Tower,0,11,12,0,23,0,0,90,0,90,0,11,102,0,113,86,0,86,199
02/03/2020,BTL,MI,AGL,CE,Federal Contract Tower,0,0,15,0,15,0,0,274,0,274,0,0,289,0,289,382,0,382,671
02/04/2020,BTL,MI,AGL,CE,Federal Contract Tower,0,3,6,0,9,0,0,138,8,146,0,3,144,8,155,218,30,248,403
02/05/2020,BTL,MI,AGL,CE,Federal Contract Tower,0,1,7,0,8,0,0,200,0,200,0,1,207,0,208,318,0,318,526
02/06/2020,BTL,MI,AGL,CE,Federal Contract Tower,0,1,4,0,5,0,0,1,0,1,0,1,5,0,6,0,0,0,6
02/07/2020,BTL,MI,AGL,CE,Federal Contract Tower,0,4,17,0,21,0,0,126,0,126,0,4,143,0,147,106,0,106,253
02/08/2020,BTL,MI,AGL,CE,Federal Contract Tower,0,2,3,0,5,0,0,8,0,8,0,2,11,0,13,6,0,6,19
02/09/2020,BTL,MI,AGL,CE,Federal Contract Tower,0,5,4,0,9,0,0,6,0,6,0,5,10,0,15,14,0,14,29
02/10/2020,BTL,MI,AGL,CE,Federal Contract Tower,0,0,1,0,1,0,0,0,0,0,0,0,1,0,1,0,0,0,1
02/11/2020,BTL,MI,AGL,CE,Federal Contract Tower,0,4,25,0,29,0,0,117,2,119,0,4,142,2,148,174,12,186,334
02/12/2020,BTL,MI,AGL,CE,Federal Contract Tower,0,2,11,0,13,0,0,198,0,198,0,2,209,0,211,376,0,376,587
02/13/2020,BTL,MI,AGL,CE,Federal Contract Tower,0,2,1,0,3,0,0,0,0,0,0,2,1,0,3,0,0,0,3
02/14/2020,BTL,MI,AGL,CE,Federal Contract Tower,0,7,29,0,36,0,0,167,0,167,0,7,196,0,203,324,0,324,527
02/15/2020,BTL,MI,AGL,CE,Federal Contract Tower,0,2,0,0,2,0,0,66,0,66,0,2,66,0,68,42,0,42,110
02/16/2020,BTL,MI,AGL,CE,Federal Contract Tower,0,7,3,0,10,0,0,35,0,35,0,7,38,0,45,92,0,92,137
02/17/2020,BTL,MI,AGL,CE,Federal Contract Tower,0,1,9,0,10,0,0,219,0,219,0,1,228,0,229,232,0,232,461
02/18/2020,BTL,MI,AGL,CE,Federal Contract Tower,0,2,6,0,8,0,0,21,7,28,0,2,27,7,36,60,32,92,128
02/19/2020,BTL,MI,AGL,CE,Federal Contract Tower,0,6,14,0,20,0,0,254,0,254,0,6,268,0,274,310,0,310,584
02/20/2020,BTL,MI,AGL,CE,Federal Contract Tower,0,5,6,2,13,0,0,221,0,221,0,5,227,2,234,316,0,316,550
02/21/2020,BTL,MI,AGL,CE,Federal Contract Tower,0,4,13,0,17,0,0,241,0,241,0,4,254,0,258,326,0,326,584
02/22/2020,BTL,MI,AGL,CE,Federal Contract Tower,0,1,7,0,8,0,0,161,0,161,0,1,168,0,169,282,0,282,451
02/23/2020,BTL,MI,AGL,CE,Federal Contract Tower,0,0,2,0,2,0,0,100,0,100,0,0,102,0,102,154,0,154,256
02/24/2020,BTL,MI,AGL,CE,Federal Contract Tower,3,6,0,0,9,0,0,141,0,141,3,6,141,0,150,260,0,260,410
02/25/2020,BTL,MI,AGL,CE,Federal Contract Tower,0,1,11,0,12,0,0,0,0,0,0,1,11,0,12,0,0,0,12
02/26/2020,BTL,MI,AGL,CE,Federal Contract Tower,0,1,3,0,4,0,0,0,0,0,0,1,3,0,4,0,0,0,4
02/27/2020,BTL,MI,AGL,CE,Federal Contract Tower,0,2,8,0,10,0,0,8,0,8,0,2,16,0,18,10,0,10,28
02/28/2020,BTL,MI,AGL,CE,Federal Contract Tower,0,3,24,0,27,0,0,51,0,51,0,3,75,0,78,34,0,34,112
02/29/2020,BTL,MI,AGL,CE,Federal Contract Tower,0,2,0,1,3,0,0,95,0,95,0,2,95,1,98,110,0,110,208
03/01/2020,BTL,MI,AGL,CE,Federal Contract Tower,0,4,3,0,7,0,0,12,0,12,0,4,15,0,19,0,0,0,19
03/02/2020,BTL,MI,AGL,CE,Federal Contract Tower,0,5,11,0,16,0,0,80,0,80,0,5,91,0,96,102,0,102,198
03/03/2020,BTL,MI,AGL,CE,Federal Contract Tower,0,0,14,0,14,0,0,73,6,79,0,0,87,6,93,148,0,148,241
03/04/2020,BTL,MI,AGL,CE,Federal Contract Tower,0,2,15,0,17,0,0,54,0,54,0,2,69,0,71,46,0,46,117
03/05/2020,BTL,MI,AGL,CE,Federal Contract Tower,0,1,3,0,4,0,0,57,0,57,0,1,60,0,61,88,0,88,149
03/06/2020,BTL,MI,AGL,CE,Federal Contract Tower,0,2,4,0,6,0,0,0,0,0,0,2,4,0,6,0,0,0,6
03/07/2020,BTL,MI,AGL,CE,Federal Contract Tower,0,0,6,0,6,0,0,82,2,84,0,0,88,2,90,50,0,50,140
03/08/2020,BTL,MI,AGL,CE,Federal Contract Tower,0,2,0,0,2,0,0,16,0,16,0,2,16,0,18,2,0,2,20
03/09/2020,BTL,MI,AGL,CE,Federal Contract Tower,0,1,11,0,12,0,0,115,0,115,0,1,126,0,127,166,0,166,293
03/10/2020,BTL,MI,AGL,CE,Federal Contract Tower,0,6,12,0,18,0,0,128,2,130,0,6,140,2,148,224,8,232,380
03/11/2020,BTL,MI,AGL,CE,Federal Contract Tower,0,0,11,0,11,0,0,1,0,1,0,0,12,0,12,0,0,0,12
03/12/2020,BTL,MI,AGL,CE,Federal Contract Tower,0,0,37,0,37,0,0,100,0,100,0,0,137,0,137,244,0,244,381
03/13/2020,BTL,MI,AGL,CE,Federal Contract Tower,0,1,12,0,13,0,0,71,0,71,0,1,83,0,84,86,0,86,170
03/14/2020,BTL,MI,AGL,CE,Federal Contract Tower,0,0,5,0,5,0,0,172,0,172,0,0,177,0,177,154,0,154,331
03/15/2020,BTL,MI,AGL,CE,Federal Contract Tower,0,1,7,0,8,0,0,110,0,110,0,1,117,0,118,46,0,46,164
03/16/2020,BTL,MI,AGL,CE,Federal Contract Tower,0,1,10,0,11,0,0,107,0,107,0,1,117,0,118,168,0,168,286
03/17/2020,BTL,MI,AGL,CE,Federal Contract Tower,0,2,11,0,13,0,0,136,6,142,0,2,147,6,155,240,22,262,417
03/18/2020,BTL,MI,AGL,CE,Federal Contract Tower,0,3,1,0,4,0,0,79,0,79,0,3,80,0,83,202,0,202,285
03/19/2020,BTL,MI,AGL,CE,Federal Contract Tower,0,2,5,0,7,0,0,0,0,0,0,2,5,0,7,0,0,0,7
03/20/2020,BTL,MI,AGL,CE,Federal Contract Tower,0,1,9,0,10,0,0,5,0,5,0,1,14,0,15,18,0,18,33
03/21/2020,BTL,MI,AGL,CE,Federal Contract Tower,0,1,8,0,9,0,0,85,0,85,0,1,93,0,94,132,0,132,226
03/22/2020,BTL,MI,AGL,CE,Federal Contract Tower,0,1,2,0,3,0,0,10,0,10,0,1,12,0,13,16,0,16,29
03/23/2020,BTL,MI,AGL,CE,Federal Contract Tower,0,0,6,0,6,0,0,2,0,2,0,0,8,0,8,2,0,2,10
03/24/2020,BTL,MI,AGL,CE,Federal Contract Tower,0,2,2,0,4,0,0,3,14,17,0,2,5,14,21,0,0,0,21
03/25/2020,BTL,MI,AGL,CE,Federal Contract Tower,0,1,13,0,14,0,0,17,0,17,0,1,30,0,31,4,0,4,35
03/26/2020,BTL,MI,AGL,CE,Federal Contract Tower,0,0,8,0,8,0,0,0,0,0,0,0,8,0,8,0,0,0,8
03/27/2020,BTL,MI,AGL,CE,Federal Contract Tower,0,7,8,0,15,0,0,0,0,0,0,7,8,0,15,0,0,0,15
03/28/2020,BTL,MI,AGL,CE,Federal Contract Tower,0,0,0,0,0,0,0,0,0,0,0,0,0,0,0,0,0,0,0
03/30/2020,BTL,MI,AGL,CE,Federal Contract Tower,0,2,7,0,9,0,0,2,0,2,0,2,9,0,11,0,0,0,11
03/31/2020,BTL,MI,AGL,CE,Federal Contract Tower,0,2,11,2,15,0,0,0,0,0,0,2,11,2,15,0,0,0,15
04/01/2020,BTL,MI,AGL,CE,Federal Contract Tower,0,1,5,0,6,0,1,14,0,15,0,2,19,0,21,22,0,22,43
04/02/2020,BTL,MI,AGL,CE,Federal Contract Tower,0,1,7,0,8,0,1,18,2,21,0,2,25,2,29,12,2,14,43
04/03/2020,BTL,MI,AGL,CE,Federal Contract Tower,0,1,3,0,4,0,0,28,0,28,0,1,31,0,32,22,0,22,54
04/04/2020,BTL,MI,AGL,CE,Federal Contract Tower,0,4,4,0,8,0,0,0,0,0,0,4,4,0,8,0,0,0,8
04/05/2020,BTL,MI,AGL,CE,Federal Contract Tower,0,4,3,2,9,0,0,8,0,8,0,4,11,2,17,0,0,0,17
04/06/2020,BTL,MI,AGL,CE,Federal Contract Tower,0,4,5,0,9,0,0,6,0,6,0,4,11,0,15,0,0,0,15
04/07/2020,BTL,MI,AGL,CE,Federal Contract Tower,0,0,5,0,5,0,2,0,0,2,0,2,5,0,7,0,0,0,7
04/08/2020,BTL,MI,AGL,CE,Federal Contract Tower,0,3,7,0,10,0,0,0,0,0,0,3,7,0,10,14,0,14,24
04/09/2020,BTL,MI,AGL,CE,Federal Contract Tower,0,2,6,0,8,0,0,0,0,0,0,2,6,0,8,0,0,0,8
04/10/2020,BTL,MI,AGL,CE,Federal Contract Tower,0,2,3,0,5,0,0,4,0,4,0,2,7,0,9,0,0,0,9
04/11/2020,BTL,MI,AGL,CE,Federal Contract Tower,0,5,9,0,14,0,0,11,0,11,0,5,20,0,25,4,0,4,29
04/12/2020,BTL,MI,AGL,CE,Federal Contract Tower,0,1,1,0,2,0,0,3,0,3,0,1,4,0,5,14,0,14,19
04/13/2020,BTL,MI,AGL,CE,Federal Contract Tower,0,3,0,0,3,0,0,0,0,0,0,3,0,0,3,0,0,0,3
04/14/2020,BTL,MI,AGL,CE,Federal Contract Tower,0,0,11,0,11,0,0,2,0,2,0,0,13,0,13,0,6,6,19
04/15/2020,BTL,MI,AGL,CE,Federal Contract Tower,0,2,6,0,8,0,0,0,0,0,0,2,6,0,8,2,0,2,10
04/16/2020,BTL,MI,AGL,CE,Federal Contract Tower,0,1,3,0,4,0,2,5,0,7,0,3,8,0,11,0,0,0,11
04/17/2020,BTL,MI,AGL,CE,Federal Contract Tower,0,1,3,0,4,0,0,0,0,0,0,1,3,0,4,0,0,0,4
04/18/2020,BTL,MI,AGL,CE,Federal Contract Tower,0,2,0,0,2,0,0,21,0,21,0,2,21,0,23,28,0,28,51
04/19/2020,BTL,MI,AGL,CE,Federal Contract Tower,0,0,1,0,1,0,2,7,0,9,0,2,8,0,10,6,0,6,16
04/20/2020,BTL,MI,AGL,CE,Federal Contract Tower,0,1,7,0,8,0,0,13,0,13,0,1,20,0,21,18,0,18,39
04/21/2020,BTL,MI,AGL,CE,Federal Contract Tower,0,6,3,0,9,0,0,0,4,4,0,6,3,4,13,0,18,18,31
04/22/2020,BTL,MI,AGL,CE,Federal Contract Tower,0,1,3,0,4,0,0,39,0,39,0,1,42,0,43,42,0,42,85
04/23/2020,BTL,MI,AGL,CE,Federal Contract Tower,0,1,5,0,6,0,0,0,0,0,0,1,5,0,6,0,0,0,6
04/24/2020,BTL,MI,AGL,CE,Federal Contract Tower,0,0,8,0,8,0,0,6,0,6,0,0,14,0,14,0,0,0,14
04/25/2020,BTL,MI,AGL,CE,Federal Contract Tower,0,0,5,2,7,0,0,3,0,3,0,0,8,2,10,2,20,22,32
04/26/2020,BTL,MI,AGL,CE,Federal Contract Tower,0,4,7,0,11,0,0,21,0,21,0,4,28,0,32,2,0,2,34
04/27/2020,BTL,MI,AGL,CE,Federal Contract Tower,0,0,8,0,8,0,0,21,0,21,0,0,29,0,29,14,0,14,43
04/28/2020,BTL,MI,AGL,CE,Federal Contract Tower,0,0,7,1,8,0,0,10,1,11,0,0,17,2,19,2,0,2,21
04/29/2020,BTL,MI,AGL,CE,Federal Contract Tower,0,2,1,0,3,0,0,0,0,0,0,2,1,0,3,0,0,0,3
04/30/2020,BTL,MI,AGL,CE,Federal Contract Tower,0,2,6,0,8,0,0,0,0,0,0,2,6,0,8,0,0,0,8
05/01/2020,BTL,MI,AGL,CE,Federal Contract Tower,0,1,17,0,18,0,0,37,0,37,0,1,54,0,55,24,0,24,79
05/02/2020,BTL,MI,AGL,CE,Federal Contract Tower,0,1,4,0,5,0,0,24,0,24,0,1,28,0,29,20,0,20,49
05/03/2020,BTL,MI,AGL,CE,Federal Contract Tower,0,0,3,0,3,0,0,9,0,9,0,0,12,0,12,0,0,0,12
05/04/2020,BTL,MI,AGL,CE,Federal Contract Tower,0,0,16,0,16,0,0,45,0,45,0,0,61,0,61,20,0,20,81
05/05/2020,BTL,MI,AGL,CE,Federal Contract Tower,0,0,0,0,0,0,0,2,0,2,0,0,2,0,2,0,4,4,6
05/06/2020,BTL,MI,AGL,CE,Federal Contract Tower,0,0,6,0,6,0,0,15,0,15,0,0,21,0,21,12,0,12,33
05/07/2020,BTL,MI,AGL,CE,Federal Contract Tower,0,1,10,0,11,0,0,8,0,8,0,1,18,0,19,2,0,2,21
05/08/2020,BTL,MI,AGL,CE,Federal Contract Tower,0,1,10,0,11,0,0,2,0,2,0,1,12,0,13,6,0,6,19
05/09/2020,BTL,MI,AGL,CE,Federal Contract Tower,0,1,5,0,6,0,0,9,0,9,0,1,14,0,15,0,0,0,15
05/10/2020,BTL,MI,AGL,CE,Federal Contract Tower,0,0,2,0,2,0,0,0,0,0,0,0,2,0,2,0,0,0,2
05/11/2020,BTL,MI,AGL,CE,Federal Contract Tower,0,0,5,0,5,0,0,6,0,6,0,0,11,0,11,4,0,4,15
05/12/2020,BTL,MI,AGL,CE,Federal Contract Tower,0,2,3,0,5,0,0,18,0,18,0,2,21,0,23,32,0,32,55
05/13/2020,BTL,MI,AGL,CE,Federal Contract Tower,0,0,10,0,10,0,0,38,0,38,0,0,48,0,48,12,0,12,60
05/14/2020,BTL,MI,AGL,CE,Federal Contract Tower,0,0,1,0,1,0,0,0,0,0,0,0,1,0,1,0,0,0,1
05/15/2020,BTL,MI,AGL,CE,Federal Contract Tower,0,2,7,0,9,0,0,2,0,2,0,2,9,0,11,0,0,0,11
05/16/2020,BTL,MI,AGL,CE,Federal Contract Tower,0,0,9,0,9,0,0,11,0,11,0,0,20,0,20,0,0,0,20
05/18/2020,BTL,MI,AGL,CE,Federal Contract Tower,0,0,2,0,2,0,0,0,0,0,0,0,2,0,2,0,0,0,2
05/19/2020,BTL,MI,AGL,CE,Federal Contract Tower,0,0,9,0,9,0,0,8,0,8,0,0,17,0,17,0,0,0,17
05/20/2020,BTL,MI,AGL,CE,Federal Contract Tower,0,2,10,0,12,0,0,19,0,19,0,2,29,0,31,10,0,10,41
05/21/2020,BTL,MI,AGL,CE,Federal Contract Tower,0,3,11,0,14,0,0,35,0,35,0,3,46,0,49,20,0,20,69
05/22/2020,BTL,MI,AGL,CE,Federal Contract Tower,0,2,8,0,10,0,0,6,0,6,0,2,14,0,16,12,0,12,28
05/23/2020,BTL,MI,AGL,CE,Federal Contract Tower,0,1,8,0,9,0,0,16,0,16,0,1,24,0,25,8,0,8,33
05/24/2020,BTL,MI,AGL,CE,Federal Contract Tower,0,0,2,0,2,0,0,17,0,17,0,0,19,0,19,4,0,4,23
05/25/2020,BTL,MI,AGL,CE,Federal Contract Tower,0,1,3,0,4,0,0,20,0,20,0,1,23,0,24,16,0,16,40
05/26/2020,BTL,MI,AGL,CE,Federal Contract Tower,0,2,11,0,13,0,0,46,2,48,0,2,57,2,61,0,6,6,67
05/27/2020,BTL,MI,AGL,CE,Federal Contract Tower,0,3,12,0,15,0,0,6,0,6,0,3,18,0,21,12,0,12,33
05/28/2020,BTL,MI,AGL,CE,Federal Contract Tower,0,1,6,0,7,0,0,5,0,5,0,1,11,0,12,8,0,8,20
05/29/2020,BTL,MI,AGL,CE,Federal Contract Tower,0,0,18,0,18,0,0,16,0,16,0,0,34,0,34,10,0,10,44
05/30/2020,BTL,MI,AGL,CE,Federal Contract Tower,0,0,3,0,3,0,0,22,0,22,0,0,25,0,25,16,0,16,41
05/31/2020,BTL,MI,AGL,CE,Federal Contract Tower,0,0,8,0,8,0,0,21,0,21,0,0,29,0,29,2,0,2,31
06/01/2020,BTL,MI,AGL,CE,Federal Contract Tower,0,4,8,0,12,0,0,13,0,13,0,4,21,0,25,2,0,2,27
06/02/2020,BTL,MI,AGL,CE,Federal Contract Tower,0,2,10,0,12,0,0,5,2,7,0,2,15,2,19,4,10,14,33
06/03/2020,BTL,MI,AGL,CE,Federal Contract Tower,0,0,13,0,13,0,0,12,0,12,0,0,25,0,25,2,0,2,27
06/04/2020,BTL,MI,AGL,CE,Federal Contract Tower,0,8,3,0,11,0,0,15,0,15,0,8,18,0,26,22,0,22,48
06/05/2020,BTL,MI,AGL,CE,Federal Contract Tower,0,5,4,0,9,0,0,9,0,9,0,5,13,0,18,14,0,14,32
06/06/2020,BTL,MI,AGL,CE,Federal Contract Tower,0,1,0,0,1,0,0,15,0,15,0,1,15,0,16,2,0,2,18
06/07/2020,BTL,MI,AGL,CE,Federal Contract Tower,0,0,4,0,4,0,0,19,0,19,0,0,23,0,23,0,0,0,23
06/08/2020,BTL,MI,AGL,CE,Federal Contract Tower,0,0,9,0,9,0,0,32,0,32,0,0,41,0,41,26,0,26,67
06/09/2020,BTL,MI,AGL,CE,Federal Contract Tower,0,1,5,0,6,0,0,22,6,28,0,1,27,6,34,18,18,36,70
06/10/2020,BTL,MI,AGL,CE,Federal Contract Tower,0,1,5,0,6,0,0,0,0,0,0,1,5,0,6,0,0,0,6
06/11/2020,BTL,MI,AGL,CE,Federal Contract Tower,0,1,5,0,6,0,0,6,0,6,0,1,11,0,12,20,0,20,32
06/12/2020,BTL,MI,AGL,CE,Federal Contract Tower,0,1,3,0,4,0,0,33,0,33,0,1,36,0,37,52,0,52,89
06/13/2020,BTL,MI,AGL,CE,Federal Contract Tower,0,2,7,0,9,0,0,14,0,14,0,2,21,0,23,6,0,6,29
06/14/2020,BTL,MI,AGL,CE,Federal Contract Tower,0,1,1,0,2,0,0,12,0,12,0,1,13,0,14,14,0,14,28
06/15/2020,BTL,MI,AGL,CE,Federal Contract Tower,1,6,0,2,9,0,0,59,1,60,1,6,59,3,69,122,10,132,201
06/16/2020,BTL,MI,AGL,CE,Federal Contract Tower,0,0,2,0,2,0,0,63,6,69,0,0,65,6,71,150,18,168,239
06/17/2020,BTL,MI,AGL,CE,Federal Contract Tower,0,0,4,0,4,0,0,54,2,56,0,0,58,2,60,78,0,78,138
06/18/2020,BTL,MI,AGL,CE,Federal Contract Tower,0,2,8,0,10,0,0,77,0,77,0,2,85,0,87,90,0,90,177
06/19/2020,BTL,MI,AGL,CE,Federal Contract Tower,0,0,12,0,12,0,0,80,0,80,0,0,92,0,92,126,0,126,218
06/20/2020,BTL,MI,AGL,CE,Federal Contract Tower,0,0,2,0,2,0,0,15,0,15,0,0,17,0,17,4,0,4,21
06/21/2020,BTL,MI,AGL,CE,Federal Contract Tower,0,2,3,0,5,0,0,7,0,7,0,2,10,0,12,2,0,2,14
06/22/2020,BTL,MI,AGL,CE,Federal Contract Tower,0,3,17,0,20,0,0,64,0,64,0,3,81,0,84,122,0,122,206
06/23/2020,BTL,MI,AGL,CE,Federal Contract Tower,0,2,14,0,16,0,0,1,8,9,0,2,15,8,25,0,38,38,63
06/24/2020,BTL,MI,AGL,CE,Federal Contract Tower,0,3,18,0,21,0,0,108,0,108,0,3,126,0,129,192,0,192,321
06/25/2020,BTL,MI,AGL,CE,Federal Contract Tower,0,7,13,0,20,0,0,131,0,131,0,7,144,0,151,222,0,222,373
06/26/2020,BTL,MI,AGL,CE,Federal Contract Tower,0,3,17,0,20,0,0,58,0,58,0,3,75,0,78,104,0,104,182
06/27/2020,BTL,MI,AGL,CE,Federal Contract Tower,0,1,9,0,10,0,0,6,0,6,0,1,15,0,16,0,0,0,16
06/28/2020,BTL,MI,AGL,CE,Federal Contract Tower,0,0,4,0,4,0,0,24,0,24,0,0,28,0,28,2,0,2,30
06/29/2020,BTL,MI,AGL,CE,Federal Contract Tower,0,2,7,0,9,0,0,130,0,130,0,2,137,0,139,224,0,224,363
06/30/2020,BTL,MI,AGL,CE,Federal Contract Tower,0,1,5,0,6,0,0,197,0,197,0,1,202,0,203,372,0,372,575
07/01/2020,BTL,MI,AGL,CE,Federal Contract Tower,0,4,5,0,9,0,0,178,2,180,0,4,183,2,189,312,8,320,509
07/02/2020,BTL,MI,AGL,CE,Federal Contract Tower,0,6,4,2,12,0,0,158,0,158,0,6,162,2,170,220,0,220,390
07/03/2020,BTL,MI,AGL,CE,Federal Contract Tower,0,4,4,0,8,0,0,21,0,21,0,4,25,0,29,2,0,2,31
07/04/2020,BTL,MI,AGL,CE,Federal Contract Tower,0,0,1,0,1,0,0,22,0,22,0,0,23,0,23,22,0,22,45
07/05/2020,BTL,MI,AGL,CE,Federal Contract Tower,0,6,1,0,7,7,0,10,0,17,7,6,11,0,24,0,0,0,24
07/06/2020,BTL,MI,AGL,CE,Federal Contract Tower,0,4,9,0,13,0,0,131,0,131,0,4,140,0,144,236,0,236,380
07/07/2020,BTL,MI,AGL,CE,Federal Contract Tower,0,2,4,0,6,0,0,212,2,214,0,2,216,2,220,396,8,404,624
07/08/2020,BTL,MI,AGL,CE,Federal Contract Tower,0,5,9,0,14,0,0,176,0,176,0,5,185,0,190,320,0,320,510
07/09/2020,BTL,MI,AGL,CE,Federal Contract Tower,0,3,6,0,9,0,0,159,0,159,0,3,165,0,168,220,0,220,388
07/10/2020,BTL,MI,AGL,CE,Federal Contract Tower,0,2,7,0,9,0,0,1,0,1,0,2,8,0,10,0,0,0,10
07/11/2020,BTL,MI,AGL,CE,Federal Contract Tower,0,2,6,0,8,0,0,101,0,101,0,2,107,0,109,86,0,86,195
07/12/2020,BTL,MI,AGL,CE,Federal Contract Tower,0,1,6,0,7,0,0,13,0,13,0,1,19,0,20,2,0,2,22
07/13/2020,BTL,MI,AGL,CE,Federal Contract Tower,0,2,9,0,11,0,0,176,0,176,0,2,185,0,187,220,0,220,407
07/14/2020,BTL,MI,AGL,CE,Federal Contract Tower,0,5,16,0,21,0,0,224,6,230,0,5,240,6,251,357,36,393,644
07/15/2020,BTL,MI,AGL,CE,Federal Contract Tower,0,1,9,0,10,0,0,194,0,194,0,1,203,0,204,306,0,306,510
07/16/2020,BTL,MI,AGL,CE,Federal Contract Tower,0,2,16,0,18,0,0,37,0,37,0,2,53,0,55,40,0,40,95
07/17/2020,BTL,MI,AGL,CE,Federal Contract Tower,0,1,21,0,22,0,0,191,1,192,0,1,212,1,214,204,0,204,418
07/18/2020,BTL,MI,AGL,CE,Federal Contract Tower,0,1,3,0,4,0,0,97,0,97,0,1,100,0,101,108,0,108,209
07/19/2020,BTL,MI,AGL,CE,Federal Contract Tower,0,1,1,0,2,0,0,0,0,0,0,1,1,0,2,0,0,0,2
07/20/2020,BTL,MI,AGL,CE,Federal Contract Tower,0,0,9,0,9,0,0,174,0,174,0,0,183,0,183,244,0,244,427
07/21/2020,BTL,MI,AGL,CE,Federal Contract Tower,0,1,20,0,21,0,0,219,4,223,0,1,239,4,244,410,10,420,664
07/22/2020,BTL,MI,AGL,CE,Federal Contract Tower,0,4,37,0,41,0,0,82,0,82,0,4,119,0,123,130,0,130,253
07/23/2020,BTL,MI,AGL,CE,Federal Contract Tower,0,2,26,0,28,0,0,218,0,218,0,2,244,0,246,298,0,298,544
07/24/2020,BTL,MI,AGL,CE,Federal Contract Tower,0,1,11,0,12,0,0,207,0,207,0,1,218,0,219,234,0,234,453
07/25/2020,BTL,MI,AGL,CE,Federal Contract Tower,0,1,4,0,5,0,0,104,0,104,0,1,108,0,109,154,0,154,263
07/26/2020,BTL,MI,AGL,CE,Federal Contract Tower,0,7,1,0,8,0,0,7,0,7,0,7,8,0,15,8,0,8,23
07/27/2020,BTL,MI,AGL,CE,Federal Contract Tower,0,7,37,0,44,0,0,19,0,19,0,7,56,0,63,68,0,68,131
07/28/2020,BTL,MI,AGL,CE,Federal Contract Tower,0,13,13,0,26,0,0,227,0,227,0,13,240,0,253,333,0,333,586
07/29/2020,BTL,MI,AGL,CE,Federal Contract Tower,0,7,10,0,17,0,0,179,0,179,0,7,189,0,196,276,0,276,472
07/30/2020,BTL,MI,AGL,CE,Federal Contract Tower,0,4,9,0,13,0,0,221,0,221,0,4,230,0,234,288,0,288,522
07/31/2020,BTL,MI,AGL,CE,Federal Contract Tower,0,6,17,0,23,0,0,171,0,171,0,6,188,0,194,260,0,260,454
08/01/2020,BTL,MI,AGL,CE,Federal Contract Tower,0,4,9,0,13,0,0,57,0,57,0,4,66,0,70,110,0,110,180
08/02/2020,BTL,MI,AGL,CE,Federal Contract Tower,0,2,4,0,6,0,0,3,0,3,0,2,7,0,9,0,0,0,9
08/03/2020,BTL,MI,AGL,CE,Federal Contract Tower,0,1,44,0,45,0,0,62,0,62,0,1,106,0,107,114,0,114,221
08/04/2020,BTL,MI,AGL,CE,Federal Contract Tower,0,1,20,0,21,0,0,135,0,135,0,1,155,0,156,122,0,122,278
08/05/2020,BTL,MI,AGL,CE,Federal Contract Tower,0,2,11,0,13,0,0,282,0,282,0,2,293,0,295,514,0,514,809
08/06/2020,BTL,MI,AGL,CE,Federal Contract Tower,0,3,11,0,14,0,0,254,0,254,0,3,265,0,268,402,0,402,670
08/07/2020,BTL,MI,AGL,CE,Federal Contract Tower,0,4,10,0,14,0,0,158,0,158,0,4,168,0,172,264,0,264,436
08/08/2020,BTL,MI,AGL,CE,Federal Contract Tower,0,3,4,0,7,0,0,16,0,16,0,3,20,0,23,8,0,8,31
08/09/2020,BTL,MI,AGL,CE,Federal Contract Tower,0,1,4,0,5,0,0,6,0,6,0,1,10,0,11,0,0,0,11
08/10/2020,BTL,MI,AGL,CE,Federal Contract Tower,0,4,11,0,15,0,0,54,0,54,0,4,65,0,69,104,0,104,173
08/11/2020,BTL,MI,AGL,CE,Federal Contract Tower,0,3,13,0,16,0,0,126,0,126,0,3,139,0,142,152,0,152,294
08/12/2020,BTL,MI,AGL,CE,Federal Contract Tower,0,1,10,0,11,0,0,237,1,238,0,1,247,1,249,366,0,366,615
08/13/2020,BTL,MI,AGL,CE,Federal Contract Tower,0,1,11,0,12,0,0,175,0,175,0,1,186,0,187,280,0,280,467
08/14/2020,BTL,MI,AGL,CE,Federal Contract Tower,0,4,14,0,18,0,0,120,0,120,0,4,134,0,138,172,0,172,310
08/15/2020,BTL,MI,AGL,CE,Federal Contract Tower,0,1,4,0,5,0,0,85,0,85,0,1,89,0,90,104,0,104,194
08/16/2020,BTL,MI,AGL,CE,Federal Contract Tower,0,5,10,0,15,0,0,15,0,15,0,5,25,0,30,0,0,0,30
08/17/2020,BTL,MI,AGL,CE,Federal Contract Tower,0,2,16,0,18,0,0,123,0,123,0,2,139,0,141,192,0,192,333
08/18/2020,BTL,MI,AGL,CE,Federal Contract Tower,0,6,6,0,12,0,0,211,0,211,0,6,217,0,223,301,0,301,524
08/19/2020,BTL,MI,AGL,CE,Federal Contract Tower,0,2,16,0,18,0,0,165,0,165,0,2,181,0,183,228,0,228,411
08/20/2020,BTL,MI,AGL,CE,Federal Contract Tower,0,2,7,0,9,0,0,214,0,214,0,2,221,0,223,364,0,364,587
08/21/2020,BTL,MI,AGL,CE,Federal Contract Tower,0,3,6,2,11,0,0,197,2,199,0,3,203,4,210,240,6,246,456
08/22/2020,BTL,MI,AGL,CE,Federal Contract Tower,0,2,10,0,12,0,0,60,0,60,0,2,70,0,72,50,0,50,122
08/23/2020,BTL,MI,AGL,CE,Federal Contract Tower,0,3,10,0,13,0,0,16,0,16,0,3,26,0,29,4,0,4,33
08/24/2020,BTL,MI,AGL,CE,Federal Contract Tower,0,7,6,0,13,0,0,141,0,141,0,7,147,0,154,274,0,274,428
08/25/2020,BTL,MI,AGL,CE,Federal Contract Tower,0,6,6,0,12,0,0,65,0,65,0,6,71,0,77,120,0,120,197
08/26/2020,BTL,MI,AGL,CE,Federal Contract Tower,0,0,21,0,21,0,0,215,0,215,0,0,236,0,236,324,0,324,560
08/27/2020,BTL,MI,AGL,CE,Federal Contract Tower,0,2,9,0,11,0,0,109,2,111,0,2,118,2,122,138,0,138,260
08/28/2020,BTL,MI,AGL,CE,Federal Contract Tower,0,3,9,0,12,0,0,16,0,16,0,3,25,0,28,44,0,44,72
08/29/2020,BTL,MI,AGL,CE,Federal Contract Tower,0,4,14,0,18,0,0,10,0,10,0,4,24,0,28,18,0,18,46
08/30/2020,BTL,MI,AGL,CE,Federal Contract Tower,0,3,13,0,16,0,0,27,0,27,0,3,40,0,43,6,0,6,49
08/31/2020,BTL,MI,AGL,CE,Federal Contract Tower,0,0,12,0,12,0,0,236,0,236,0,0,248,0,248,382,0,382,630
09/01/2020,BTL,MI,AGL,CE,Federal Contract Tower,0,1,31,0,32,0,0,83,0,83,0,1,114,0,115,230,0,230,345
09/02/2020,BTL,MI,AGL,CE,Federal Contract Tower,0,5,26,0,31,0,0,188,0,188,0,5,214,0,219,242,0,242,461
09/03/2020,BTL,MI,AGL,CE,Federal Contract Tower,0,1,3,0,4,0,0,104,2,106,0,1,107,2,110,222,0,222,332
09/04/2020,BTL,MI,AGL,CE,Federal Contract Tower,0,5,13,0,18,0,0,197,0,197,0,5,210,0,215,294,0,294,509
09/05/2020,BTL,MI,AGL,CE,Federal Contract Tower,0,2,2,0,4,0,0,90,0,90,0,2,92,0,94,106,0,106,200
09/06/2020,BTL,MI,AGL,CE,Federal Contract Tower,0,0,1,0,1,0,0,7,0,7,0,0,8,0,8,0,0,0,8
09/07/2020,BTL,MI,AGL,CE,Federal Contract Tower,0,1,4,0,5,0,0,6,0,6,0,1,10,0,11,2,0,2,13
09/08/2020,BTL,MI,AGL,CE,Federal Contract Tower,0,4,9,0,13,0,0,0,0,0,0,4,9,0,13,0,0,0,13
09/09/2020,BTL,MI,AGL,CE,Federal Contract Tower,0,2,15,2,19,0,0,0,0,0,0,2,15,2,19,0,0,0,19
09/10/2020,BTL,MI,AGL,CE,Federal Contract Tower,0,6,40,0,46,0,0,1,0,1,0,6,41,0,47,0,0,0,47
09/11/2020,BTL,MI,AGL,CE,Federal Contract Tower,0,4,19,0,23,0,0,289,0,289,0,4,308,0,312,456,0,456,768
09/12/2020,BTL,MI,AGL,CE,Federal Contract Tower,0,2,29,0,31,0,0,36,0,36,0,2,65,0,67,102,0,102,169
09/13/2020,BTL,MI,AGL,CE,Federal Contract Tower,0,2,5,0,7,0,0,14,0,14,0,2,19,0,21,12,0,12,33
09/14/2020,BTL,MI,AGL,CE,Federal Contract Tower,0,3,20,0,23,0,0,267,0,267,0,3,287,0,290,452,0,452,742
09/15/2020,BTL,MI,AGL,CE,Federal Contract Tower,0,1,26,0,27,0,0,295,0,295,0,1,321,0,322,460,0,460,782
09/16/2020,BTL,MI,AGL,CE,Federal Contract Tower,0,3,27,0,30,0,0,217,0,217,0,3,244,0,247,272,0,272,519
09/17/2020,BTL,MI,AGL,CE,Federal Contract Tower,0,2,13,0,15,0,0,200,0,200,0,2,213,0,215,335,0,335,550
09/18/2020,BTL,MI,AGL,CE,Federal Contract Tower,0,3,12,0,15,0,0,201,0,201,0,3,213,0,216,232,0,232,448
09/19/2020,BTL,MI,AGL,CE,Federal Contract Tower,0,0,6,0,6,0,0,148,0,148,0,0,154,0,154,196,0,196,350
09/20/2020,BTL,MI,AGL,CE,Federal Contract Tower,0,5,11,0,16,0,0,14,0,14,0,5,25,0,30,0,0,0,30
09/21/2020,BTL,MI,AGL,CE,Federal Contract Tower,0,7,7,0,14,0,0,221,0,221,0,7,228,0,235,406,0,406,641
09/22/2020,BTL,MI,AGL,CE,Federal Contract Tower,0,14,13,0,27,0,0,242,2,244,0,14,255,2,271,328,0,328,599
09/23/2020,BTL,MI,AGL,CE,Federal Contract Tower,0,10,12,0,22,0,0,260,3,263,0,10,272,3,285,400,8,408,693
09/24/2020,BTL,MI,AGL,CE,Federal Contract Tower,0,6,8,0,14,0,0,241,7,248,0,6,249,7,262,512,4,516,778
09/25/2020,BTL,MI,AGL,CE,Federal Contract Tower,0,7,8,1,16,0,0,211,0,211,0,7,219,1,227,352,0,352,579
09/26/2020,BTL,MI,AGL,CE,Federal Contract Tower,0,1,13,0,14,0,0,57,0,57,0,1,70,0,71,44,0,44,115
09/27/2020,BTL,MI,AGL,CE,Federal Contract Tower,0,1,8,0,9,0,0,9,0,9,0,1,17,0,18,8,0,8,26
09/28/2020,BTL,MI,AGL,CE,Federal Contract Tower,0,3,25,0,28,0,0,0,0,0,0,3,25,0,28,0,0,0,28
09/29/2020,BTL,MI,AGL,CE,Federal Contract Tower,0,2,39,0,41,0,0,213,8,221,0,2,252,8,262,360,20,380,642
09/30/2020,BTL,MI,AGL,CE,Federal Contract Tower,0,6,21,0,27,0,0,55,0,55,0,6,76,0,82,38,0,38,120
10/01/2020,BTL,MI,AGL,CE,Federal Contract Tower,0,1,16,0,17,0,0,34,0,34,0,1,50,0,51,108,0,108,159
10/02/2020,BTL,MI,AGL,CE,Federal Contract Tower,0,2,16,0,18,0,0,229,0,229,0,2,245,0,247,356,0,356,603
10/03/2020,BTL,MI,AGL,CE,Federal Contract Tower,0,1,3,0,4,0,0,197,0,197,0,1,200,0,201,228,0,228,429
10/04/2020,BTL,MI,AGL,CE,Federal Contract Tower,0,4,2,0,6,0,0,0,0,0,0,4,2,0,6,0,0,0,6
10/05/2020,BTL,MI,AGL,CE,Federal Contract Tower,0,6,26,0,32,0,0,225,0,225,0,6,251,0,257,406,0,406,663
10/06/2020,BTL,MI,AGL,CE,Federal Contract Tower,0,7,7,0,14,0,0,253,0,253,0,7,260,0,267,378,0,378,645
10/07/2020,BTL,MI,AGL,CE,Federal Contract Tower,0,5,7,0,12,0,0,101,5,106,0,5,108,5,118,107,0,107,225
10/08/2020,BTL,MI,AGL,CE,Federal Contract Tower,0,1,15,0,16,0,0,230,0,230,0,1,245,0,246,292,0,292,538
10/09/2020,BTL,MI,AGL,CE,Federal Contract Tower,0,0,6,3,9,0,0,170,0,170,0,0,176,3,179,194,0,194,373
10/10/2020,BTL,MI,AGL,CE,Federal Contract Tower,0,0,19,0,19,0,0,51,0,51,0,0,70,0,70,112,0,112,182
10/11/2020,BTL,MI,AGL,CE,Federal Contract Tower,0,0,3,1,4,0,0,10,0,10,0,0,13,1,14,16,0,16,30
10/12/2020,BTL,MI,AGL,CE,Federal Contract Tower,0,1,6,0,7,0,0,0,0,0,0,1,6,0,7,0,0,0,7
10/13/2020,BTL,MI,AGL,CE,Federal Contract Tower,0,3,16,0,19,0,0,215,8,223,0,3,231,8,242,306,30,336,578
10/14/2020,BTL,MI,AGL,CE,Federal Contract Tower,0,6,15,0,21,0,4,148,0,152,0,10,163,0,173,230,0,230,403
10/15/2020,BTL,MI,AGL,CE,Federal Contract Tower,0,5,14,0,19,0,0,73,0,73,0,5,87,0,92,86,0,86,178
10/16/2020,BTL,MI,AGL,CE,Federal Contract Tower,0,4,12,0,16,0,0,156,0,156,0,4,168,0,172,86,0,86,258
10/17/2020,BTL,MI,AGL,CE,Federal Contract Tower,0,3,7,0,10,0,0,118,0,118,0,3,125,0,128,32,0,32,160
10/18/2020,BTL,MI,AGL,CE,Federal Contract Tower,0,1,5,0,6,0,0,4,0,4,0,1,9,0,10,12,4,16,26
10/19/2020,BTL,MI,AGL,CE,Federal Contract Tower,0,3,22,0,25,0,0,130,0,130,0,3,152,0,155,26,0,26,181
10/20/2020,BTL,MI,AGL,CE,Federal Contract Tower,0,8,15,0,23,0,0,186,0,186,0,8,201,0,209,18,0,18,227
10/21/2020,BTL,MI,AGL,CE,Federal Contract Tower,0,3,34,0,37,0,0,98,0,98,0,3,132,0,135,2,0,2,137
10/22/2020,BTL,MI,AGL,CE,Federal Contract Tower,0,2,12,0,14,0,0,26,0,26,0,2,38,0,40,10,0,10,50
10/23/2020,BTL,MI,AGL,CE,Federal Contract Tower,0,2,3,0,5,0,0,14,0,14,0,2,17,0,19,12,0,12,31
10/24/2020,BTL,MI,AGL,CE,Federal Contract Tower,0,0,5,0,5,0,0,212,0,212,0,0,217,0,217,12,0,12,229
10/25/2020,BTL,MI,AGL,CE,Federal Contract Tower,0,4,4,0,8,0,0,13,0,13,0,4,17,0,21,10,0,10,31
10/26/2020,BTL,MI,AGL,CE,Federal Contract Tower,0,3,27,0,30,0,0,29,0,29,0,3,56,0,59,54,0,54,113
10/27/2020,BTL,MI,AGL,CE,Federal Contract Tower,0,4,12,0,16,0,0,31,0,31,0,4,43,0,47,38,0,38,85
10/28/2020,BTL,MI,AGL,CE,Federal Contract Tower,0,6,23,0,29,0,0,325,0,325,0,6,348,0,354,468,0,468,822
10/29/2020,BTL,MI,AGL,CE,Federal Contract Tower,0,2,23,0,25,0,0,88,0,88,0,2,111,0,113,178,0,178,291
10/30/2020,BTL,MI,AGL,CE,Federal Contract Tower,0,11,9,0,20,0,0,241,0,241,0,11,250,0,261,438,0,438,699
10/31/2020,BTL,MI,AGL,CE,Federal Contract Tower,0,4,11,0,15,0,0,83,0,83,0,4,94,0,98,48,0,48,146
11/01/2020,BTL,MI,AGL,CE,Federal Contract Tower,0,2,2,0,4,0,0,0,0,0,0,2,2,0,4,0,0,0,4
11/02/2020,BTL,MI,AGL,CE,Federal Contract Tower,0,5,13,0,18,0,0,140,0,140,0,5,153,0,158,310,0,310,468
11/03/2020,BTL,MI,AGL,CE,Federal Contract Tower,0,2,12,0,14,0,0,250,0,250,0,2,262,0,264,418,0,418,682
11/04/2020,BTL,MI,AGL,CE,Federal Contract Tower,0,2,15,0,17,0,0,191,0,191,0,2,206,0,208,204,0,204,412
11/05/2020,BTL,MI,AGL,CE,Federal Contract Tower,0,4,15,0,19,0,0,237,5,242,0,4,252,5,261,236,22,258,519
11/06/2020,BTL,MI,AGL,CE,Federal Contract Tower,0,1,4,0,5,0,0,245,0,245,0,1,249,0,250,298,0,298,548
11/07/2020,BTL,MI,AGL,CE,Federal Contract Tower,0,8,4,0,12,0,0,162,8,170,0,8,166,8,182,68,40,108,290
11/08/2020,BTL,MI,AGL,CE,Federal Contract Tower,0,3,3,0,6,0,0,26,0,26,0,3,29,0,32,22,0,22,54
11/09/2020,BTL,MI,AGL,CE,Federal Contract Tower,0,0,12,0,12,0,0,200,0,200,0,0,212,0,212,324,12,336,548
11/10/2020,BTL,MI,AGL,CE,Federal Contract Tower,0,2,7,0,9,0,0,39,0,39,0,2,46,0,48,72,0,72,120
11/11/2020,BTL,MI,AGL,CE,Federal Contract Tower,0,1,43,0,44,0,0,61,0,61,0,1,104,0,105,264,0,264,369
11/12/2020,BTL,MI,AGL,CE,Federal Contract Tower,0,7,17,0,24,0,0,236,0,236,0,7,253,0,260,396,0,396,656
11/13/2020,BTL,MI,AGL,CE,Federal Contract Tower,0,2,19,2,23,0,0,18,0,18,0,2,37,2,41,72,2,74,115
11/14/2020,BTL,MI,AGL,CE,Federal Contract Tower,0,2,4,0,6,0,0,184,0,184,0,2,188,0,190,188,0,188,378
11/15/2020,BTL,MI,AGL,CE,Federal Contract Tower,0,1,1,0,2,0,0,0,0,0,0,1,1,0,2,0,0,0,2
11/16/2020,BTL,MI,AGL,CE,Federal Contract Tower,0,1,3,1,5,0,0,84,0,84,0,1,87,1,89,140,0,140,229
11/17/2020,BTL,MI,AGL,CE,Federal Contract Tower,0,0,7,0,7,0,0,110,0,110,0,0,117,0,117,152,0,152,269
11/18/2020,BTL,MI,AGL,CE,Federal Contract Tower,0,4,11,0,15,0,3,59,2,64,0,7,70,2,79,88,0,88,167
11/19/2020,BTL,MI,AGL,CE,Federal Contract Tower,0,3,2,0,5,0,0,28,4,32,0,3,30,4,37,24,14,38,75
11/20/2020,BTL,MI,AGL,CE,Federal Contract Tower,0,5,4,0,9,0,0,172,0,172,0,5,176,0,181,154,0,154,335
11/21/2020,BTL,MI,AGL,CE,Federal Contract Tower,0,8,4,0,12,0,0,172,0,172,0,8,176,0,184,156,0,156,340
11/22/2020,BTL,MI,AGL,CE,Federal Contract Tower,0,2,0,0,2,0,0,0,0,0,0,2,0,0,2,0,0,0,2
11/23/2020,BTL,MI,AGL,CE,Federal Contract Tower,0,5,2,0,7,0,0,27,0,27,0,5,29,0,34,0,0,0,34
11/24/2020,BTL,MI,AGL,CE,Federal Contract Tower,0,0,1,0,1,0,0,8,0,8,0,0,9,0,9,0,0,0,9
11/25/2020,BTL,MI,AGL,CE,Federal Contract Tower,0,2,4,0,6,0,0,0,0,0,0,2,4,0,6,0,0,0,6
11/26/2020,BTL,MI,AGL,CE,Federal Contract Tower,0,2,4,0,6,0,0,0,0,0,0,2,4,0,6,0,0,0,6
11/27/2020,BTL,MI,AGL,CE,Federal Contract Tower,0,2,0,0,2,0,0,2,0,2,0,2,2,0,4,0,0,0,4
11/28/2020,BTL,MI,AGL,CE,Federal Contract Tower,0,2,2,0,4,0,0,22,0,22,0,2,24,0,26,10,0,10,36
11/29/2020,BTL,MI,AGL,CE,Federal Contract Tower,0,5,8,0,13,0,0,26,0,26,0,5,34,0,39,28,0,28,67
11/30/2020,BTL,MI,AGL,CE,Federal Contract Tower,0,4,13,0,17,0,0,0,0,0,0,4,13,0,17,0,0,0,17
12/01/2020,BTL,MI,AGL,CE,Federal Contract Tower,0,1,8,0,9,0,0,84,2,86,0,1,92,2,95,146,8,154,249
12/02/2020,BTL,MI,AGL,CE,Federal Contract Tower,0,3,8,0,11,0,0,201,0,201,0,3,209,0,212,328,0,328,540
12/03/2020,BTL,MI,AGL,CE,Federal Contract Tower,0,1,12,0,13,0,0,164,0,164,0,1,176,0,177,260,0,260,437
12/04/2020,BTL,MI,AGL,CE,Federal Contract Tower,0,6,8,0,14,0,0,175,0,175,0,6,183,0,189,312,0,312,501
12/05/2020,BTL,MI,AGL,CE,Federal Contract Tower,0,0,6,0,6,0,0,82,0,82,0,0,88,0,88,216,0,216,304
12/06/2020,BTL,MI,AGL,CE,Federal Contract Tower,0,3,8,0,11,0,0,61,0,61,0,3,69,0,72,20,0,20,92
12/07/2020,BTL,MI,AGL,CE,Federal Contract Tower,0,3,9,0,12,0,0,191,0,191,0,3,200,0,203,386,0,386,589
12/08/2020,BTL,MI,AGL,CE,Federal Contract Tower,0,4,10,0,14,0,0,11,4,15,0,4,21,4,29,14,16,30,59
12/09/2020,BTL,MI,AGL,CE,Federal Contract Tower,0,1,16,0,17,0,0,138,0,138,0,1,154,0,155,176,0,176,331
12/10/2020,BTL,MI,AGL,CE,Federal Contract Tower,0,1,9,0,10,0,0,239,0,239,0,1,248,0,249,384,0,384,633
12/11/2020,BTL,MI,AGL,CE,Federal Contract Tower,0,7,21,0,28,0,0,143,0,143,0,7,164,0,171,282,0,282,453
12/12/2020,BTL,MI,AGL,CE,Federal Contract Tower,0,1,5,0,6,0,0,0,0,0,0,1,5,0,6,0,0,0,6
12/13/2020,BTL,MI,AGL,CE,Federal Contract Tower,0,0,4,0,4,0,0,2,0,2,0,0,6,0,6,4,0,4,10
12/14/2020,BTL,MI,AGL,CE,Federal Contract Tower,0,1,11,0,12,0,0,39,0,39,0,1,50,0,51,130,0,130,181
12/15/2020,BTL,MI,AGL,CE,Federal Contract Tower,0,1,17,0,18,0,0,263,0,263,0,1,280,0,281,586,0,586,867
12/16/2020,BTL,MI,AGL,CE,Federal Contract Tower,0,3,8,0,11,0,0,16,0,16,0,3,24,0,27,90,0,90,117
12/17/2020,BTL,MI,AGL,CE,Federal Contract Tower,0,5,8,0,13,0,0,4,0,4,0,5,12,0,17,16,0,16,33
12/18/2020,BTL,MI,AGL,CE,Federal Contract Tower,0,6,27,0,33,0,0,199,0,199,0,6,226,0,232,280,0,280,512
12/19/2020,BTL,MI,AGL,CE,Federal Contract Tower,0,3,6,0,9,0,0,7,0,7,0,3,13,0,16,16,0,16,32
12/20/2020,BTL,MI,AGL,CE,Federal Contract Tower,0,4,4,0,8,0,0,2,0,2,0,4,6,0,10,0,0,0,10
12/21/2020,BTL,MI,AGL,CE,Federal Contract Tower,0,3,12,0,15,0,0,0,0,0,0,3,12,0,15,0,0,0,15
12/22/2020,BTL,MI,AGL,CE,Federal Contract Tower,0,2,18,0,20,0,0,13,0,13,0,2,31,0,33,44,0,44,77
12/23/2020,BTL,MI,AGL,CE,Federal Contract Tower,0,1,6,0,7,0,0,7,0,7,0,1,13,0,14,0,0,0,14
12/24/2020,BTL,MI,AGL,CE,Federal Contract Tower,0,6,0,0,6,0,0,0,0,0,0,6,0,0,6,0,0,0,6
12/25/2020,BTL,MI,AGL,CE,Federal Contract Tower,0,1,0,0,1,0,0,0,0,0,0,1,0,0,1,0,0,0,1
12/26/2020,BTL,MI,AGL,CE,Federal Contract Tower,0,2,2,0,4,0,0,0,0,0,0,2,2,0,4,0,0,0,4
12/27/2020,BTL,MI,AGL,CE,Federal Contract Tower,0,4,2,0,6,0,0,10,0,10,0,4,12,0,16,8,0,8,24
12/28/2020,BTL,MI,AGL,CE,Federal Contract Tower,0,0,6,2,8,0,0,1,0,1,0,0,7,2,9,0,0,0,9
12/29/2020,BTL,MI,AGL,CE,Federal Contract Tower,0,1,3,2,6,0,0,27,6,33,0,1,30,8,39,18,26,44,83
12/30/2020,BTL,MI,AGL,CE,Federal Contract Tower,0,2,3,0,5,0,0,0,0,0,0,2,3,0,5,0,0,0,5
12/31/2020,BTL,MI,AGL,CE,Federal Contract Tower,0,1,7,0,8,0,0,0,0,0,0,1,7,0,8,0,0,0,8
01/01/2021,BTL,MI,AGL,CE,Federal Contract Tower,0,0,1,0,1,0,0,0,0,0,0,0,1,0,1,0,0,0,1
01/02/2021,BTL,MI,AGL,CE,Federal Contract Tower,0,2,2,0,4,0,0,0,0,0,0,2,2,0,4,0,0,0,4
01/03/2021,BTL,MI,AGL,CE,Federal Contract Tower,0,1,1,0,2,0,0,0,0,0,0,1,1,0,2,0,0,0,2
01/04/2021,BTL,MI,AGL,CE,Federal Contract Tower,0,2,8,0,10,0,0,0,0,0,0,2,8,0,10,0,0,0,10
01/05/2021,BTL,MI,AGL,CE,Federal Contract Tower,0,3,4,0,7,0,0,0,0,0,0,3,4,0,7,0,0,0,7
01/06/2021,BTL,MI,AGL,CE,Federal Contract Tower,0,1,13,0,14,0,0,20,0,20,0,1,33,0,34,46,0,46,80
01/07/2021,BTL,MI,AGL,CE,Federal Contract Tower,0,1,2,2,5,0,0,12,0,12,0,1,14,2,17,46,0,46,63
01/08/2021,BTL,MI,AGL,CE,Federal Contract Tower,0,0,4,0,4,0,0,2,0,2,0,0,6,0,6,0,0,0,6
01/09/2021,BTL,MI,AGL,CE,Federal Contract Tower,1,0,4,0,5,0,0,40,0,40,1,0,44,0,45,42,0,42,87
01/10/2021,BTL,MI,AGL,CE,Federal Contract Tower,0,2,4,0,6,0,0,0,0,0,0,2,4,0,6,0,0,0,6
01/11/2021,BTL,MI,AGL,CE,Federal Contract Tower,0,1,3,0,4,0,0,0,0,0,0,1,3,0,4,0,0,0,4
01/12/2021,BTL,MI,AGL,CE,Federal Contract Tower,0,0,5,0,5,0,0,0,0,0,0,0,5,0,5,0,0,0,5
01/13/2021,BTL,MI,AGL,CE,Federal Contract Tower,0,4,11,0,15,0,0,251,0,251,0,4,262,0,266,453,0,453,719
01/14/2021,BTL,MI,AGL,CE,Federal Contract Tower,0,4,2,0,6,0,0,218,0,218,0,4,220,0,224,444,0,444,668
01/15/2021,BTL,MI,AGL,CE,Federal Contract Tower,0,3,3,0,6,0,0,4,0,4,0,3,7,0,10,12,0,12,22
01/16/2021,BTL,MI,AGL,CE,Federal Contract Tower,0,3,1,0,4,0,0,0,0,0,0,3,1,0,4,0,0,0,4
01/17/2021,BTL,MI,AGL,CE,Federal Contract Tower,0,3,5,0,8,0,0,0,0,0,0,3,5,0,8,0,0,0,8
01/18/2021,BTL,MI,AGL,CE,Federal Contract Tower,0,1,7,0,8,0,0,0,0,0,0,1,7,0,8,0,0,0,8
01/19/2021,BTL,MI,AGL,CE,Federal Contract Tower,0,1,12,0,13,0,0,65,0,65,0,1,77,0,78,184,0,184,262
01/20/2021,BTL,MI,AGL,CE,Federal Contract Tower,0,2,20,0,22,0,0,131,0,131,0,2,151,0,153,378,0,378,531
01/21/2021,BTL,MI,AGL,CE,Federal Contract Tower,0,2,6,0,8,0,134,97,2,233,0,136,103,2,241,170,20,190,431
01/22/2021,BTL,MI,AGL,CE,Federal Contract Tower,0,6,12,0,18,0,37,2,0,39,0,43,14,0,57,104,0,104,161
01/23/2021,BTL,MI,AGL,CE,Federal Contract Tower,0,1,3,0,4,0,187,39,0,226,0,188,42,0,230,357,0,357,587
01/24/2021,BTL,MI,AGL,CE,Federal Contract Tower,0,6,4,0,10,0,0,6,0,6,0,6,10,0,16,20,0,20,36
01/25/2021,BTL,MI,AGL,CE,Federal Contract Tower,0,9,5,0,14,0,106,9,0,115,0,115,14,0,129,306,0,306,435
01/26/2021,BTL,MI,AGL,CE,Federal Contract Tower,0,4,1,0,5,0,0,0,0,0,0,4,1,0,5,0,0,0,5
01/27/2021,BTL,MI,AGL,CE,Federal Contract Tower,0,10,9,0,19,0,252,5,6,263,0,262,14,6,282,400,0,400,682
01/28/2021,BTL,MI,AGL,CE,Federal Contract Tower,0,2,5,0,7,0,191,8,0,199,0,193,13,0,206,262,0,262,468
01/29/2021,BTL,MI,AGL,CE,Federal Contract Tower,0,6,11,0,17,0,268,18,0,286,0,274,29,0,303,384,0,384,687
01/30/2021,BTL,MI,AGL,CE,Federal Contract Tower,0,9,3,0,12,0,170,11,6,187,0,179,14,6,199,178,0,178,377
01/31/2021,BTL,MI,AGL,CE,Federal Contract Tower,0,1,3,0,4,0,0,0,0,0,0,1,3,0,4,0,0,0,4
02/01/2021,BTL,MI,AGL,CE,Federal Contract Tower,0,5,5,0,10,0,135,20,0,155,0,140,25,0,165,246,0,246,411
02/03/2021,BTL,MI,AGL,CE,Federal Contract Tower,0,5,13,0,18,0,325,27,0,352,0,330,40,0,370,400,0,400,770
02/04/2021,BTL,MI,AGL,CE,Federal Contract Tower,0,5,6,0,11,0,90,5,0,95,0,95,11,0,106,172,0,172,278
02/05/2021,BTL,MI,AGL,CE,Federal Contract Tower,0,3,5,0,8,0,0,0,0,0,0,3,5,0,8,0,0,0,8
02/06/2021,BTL,MI,AGL,CE,Federal Contract Tower,0,0,3,0,3,0,0,0,0,0,0,0,3,0,3,0,0,0,3
02/07/2021,BTL,MI,AGL,CE,Federal Contract Tower,0,4,2,0,6,0,0,2,0,2,0,4,4,0,8,0,0,0,8
02/08/2021,BTL,MI,AGL,CE,Federal Contract Tower,2,3,2,0,7,0,66,2,0,68,2,69,4,0,75,242,0,242,317
02/09/2021,BTL,MI,AGL,CE,Federal Contract Tower,0,11,4,0,15,0,41,9,4,54,0,52,13,4,69,114,18,132,201
02/10/2021,BTL,MI,AGL,CE,Federal Contract Tower,0,6,4,0,10,0,100,4,0,104,0,106,8,0,114,262,0,262,376
02/11/2021,BTL,MI,AGL,CE,Federal Contract Tower,0,9,5,0,14,0,287,20,0,307,0,296,25,0,321,432,0,432,753
02/12/2021,BTL,MI,AGL,CE,Federal Contract Tower,0,14,7,0,21,0,64,7,0,71,0,78,14,0,92,140,0,140,232
02/13/2021,BTL,MI,AGL,CE,Federal Contract Tower,0,1,6,0,7,0,0,0,0,0,0,1,6,0,7,0,0,0,7
02/14/2021,BTL,MI,AGL,CE,Federal Contract Tower,1,1,1,0,3,0,0,0,0,0,1,1,1,0,3,0,0,0,3
02/15/2021,BTL,MI,AGL,CE,Federal Contract Tower,2,3,6,0,11,0,10,0,0,10,2,13,6,0,21,0,0,0,21
02/16/2021,BTL,MI,AGL,CE,Federal Contract Tower,1,3,3,0,7,0,0,3,0,3,1,3,6,0,10,0,0,0,10
02/17/2021,BTL,MI,AGL,CE,Federal Contract Tower,0,7,0,0,7,0,259,10,0,269,0,266,10,0,276,272,0,272,548
02/18/2021,BTL,MI,AGL,CE,Federal Contract Tower,0,0,2,0,2,0,0,0,0,0,0,0,2,0,2,0,0,0,2
02/19/2021,BTL,MI,AGL,CE,Federal Contract Tower,0,5,5,0,10,0,4,5,0,9,0,9,10,0,19,10,0,10,29
02/20/2021,BTL,MI,AGL,CE,Federal Contract Tower,0,14,4,0,18,0,73,1,1,75,0,87,5,1,93,124,0,124,217
02/21/2021,BTL,MI,AGL,CE,Federal Contract Tower,0,1,2,0,3,0,81,6,0,87,0,82,8,0,90,70,0,70,160
02/22/2021,BTL,MI,AGL,CE,Federal Contract Tower,0,3,4,0,7,0,0,0,0,0,0,3,4,0,7,0,0,0,7
02/23/2021,BTL,MI,AGL,CE,Federal Contract Tower,0,14,8,0,22,0,195,9,5,209,0,209,17,5,231,182,50,232,463
02/24/2021,BTL,MI,AGL,CE,Federal Contract Tower,0,4,7,0,11,0,116,3,0,119,0,120,10,0,130,180,0,180,310
02/25/2021,BTL,MI,AGL,CE,Federal Contract Tower,0,12,14,0,26,0,272,22,0,294,0,284,36,0,320,396,8,404,724
02/26/2021,BTL,MI,AGL,CE,Federal Contract Tower,0,8,2,0,10,0,256,28,0,284,0,264,30,0,294,276,0,276,570
02/27/2021,BTL,MI,AGL,CE,Federal Contract Tower,0,5,4,0,9,0,55,17,0,72,0,60,21,0,81,88,0,88,169
02/28/2021,BTL,MI,AGL,CE,Federal Contract Tower,0,3,1,0,4,0,0,1,0,1,0,3,2,0,5,0,0,0,5
03/01/2021,BTL,MI,AGL,CE,Federal Contract Tower,0,20,6,0,26,0,73,3,0,76,0,93,9,0,102,76,0,76,178
03/02/2021,BTL,MI,AGL,CE,Federal Contract Tower,0,6,0,0,6,0,242,19,4,265,0,248,19,4,271,374,14,388,659
03/03/2021,BTL,MI,AGL,CE,Federal Contract Tower,0,19,2,0,21,0,259,26,0,285,0,278,28,0,306,388,0,388,694
03/04/2021,BTL,MI,AGL,CE,Federal Contract Tower,0,7,3,0,10,0,138,7,0,145,0,145,10,0,155,306,0,306,461
03/05/2021,BTL,MI,AGL,CE,Federal Contract Tower,0,10,2,0,12,0,202,24,0,226,0,212,26,0,238,324,0,324,562
03/06/2021,BTL,MI,AGL,CE,Federal Contract Tower,0,2,4,0,6,0,122,7,0,129,0,124,11,0,135,188,0,188,323
03/07/2021,BTL,MI,AGL,CE,Federal Contract Tower,0,10,7,0,17,0,80,25,0,105,0,90,32,0,122,164,0,164,286
03/08/2021,BTL,MI,AGL,CE,Federal Contract Tower,0,10,3,0,13,0,203,13,0,216,0,213,16,0,229,397,0,397,626
03/09/2021,BTL,MI,AGL,CE,Federal Contract Tower,0,14,2,0,16,0,260,12,0,272,0,274,14,0,288,358,0,358,646
03/10/2021,BTL,MI,AGL,CE,Federal Contract Tower,0,5,3,0,8,0,15,4,0,19,0,20,7,0,27,24,0,24,51
03/11/2021,BTL,MI,AGL,CE,Federal Contract Tower,0,5,9,0,14,0,17,1,0,18,0,22,10,0,32,12,0,12,44
03/12/2021,BTL,MI,AGL,CE,Federal Contract Tower,0,16,6,0,22,0,143,22,0,165,0,159,28,0,187,178,0,178,365
03/13/2021,BTL,MI,AGL,CE,Federal Contract Tower,0,1,1,0,2,0,186,35,0,221,0,187,36,0,223,322,0,322,545
03/14/2021,BTL,MI,AGL,CE,Federal Contract Tower,0,3,5,0,8,0,0,14,0,14,0,3,19,0,22,6,0,6,28
03/15/2021,BTL,MI,AGL,CE,Federal Contract Tower,0,2,10,0,12,0,32,4,0,36,0,34,14,0,48,56,0,56,104
03/16/2021,BTL,MI,AGL,CE,Federal Contract Tower,0,7,7,0,14,0,0,0,2,2,0,7,7,2,16,0,16,16,32
03/17/2021,BTL,MI,AGL,CE,Federal Contract Tower,0,8,10,0,18,0,193,25,0,218,0,201,35,0,236,348,0,348,584
03/18/2021,BTL,MI,AGL,CE,Federal Contract Tower,0,3,4,0,7,0,0,0,0,0,0,3,4,0,7,0,0,0,7
03/19/2021,BTL,MI,AGL,CE,Federal Contract Tower,0,10,1,0,11,0,270,32,10,312,0,280,33,10,323,410,0,410,733
03/20/2021,BTL,MI,AGL,CE,Federal Contract Tower,0,6,1,0,7,0,163,32,7,202,0,169,33,7,209,272,4,276,485
03/21/2021,BTL,MI,AGL,CE,Federal Contract Tower,0,5,3,0,8,0,42,21,0,63,0,47,24,0,71,92,0,92,163
03/22/2021,BTL,MI,AGL,CE,Federal Contract Tower,0,7,4,0,11,0,185,11,1,197,0,192,15,1,208,186,0,186,394
03/23/2021,BTL,MI,AGL,CE,Federal Contract Tower,0,8,8,0,16,0,229,9,0,238,0,237,17,0,254,332,0,332,586
03/24/2021,BTL,MI,AGL,CE,Federal Contract Tower,0,14,2,0,16,0,15,0,2,17,0,29,2,2,33,54,4,58,91
03/25/2021,BTL,MI,AGL,CE,Federal Contract Tower,0,13,3,0,16,0,174,10,17,201,0,187,13,17,217,380,14,394,611
03/26/2021,BTL,MI,AGL,CE,Federal Contract Tower,0,17,10,0,27,0,2,5,0,7,0,19,15,0,34,34,0,34,68
03/27/2021,BTL,MI,AGL,CE,Federal Contract Tower,0,14,0,0,14,0,9,9,0,18,0,23,9,0,32,36,0,36,68
03/28/2021,BTL,MI,AGL,CE,Federal Contract Tower,0,6,0,0,6,0,0,0,0,0,0,6,0,0,6,0,0,0,6
03/29/2021,BTL,MI,AGL,CE,Federal Contract Tower,0,5,11,0,16,0,140,17,0,157,0,145,28,0,173,268,0,268,441
03/30/2021,BTL,MI,AGL,CE,Federal Contract Tower,0,6,7,0,13,0,1,0,0,1,0,7,7,0,14,0,0,0,14
03/31/2021,BTL,MI,AGL,CE,Federal Contract Tower,0,12,6,0,18,0,131,11,0,142,0,143,17,0,160,188,0,188,348
04/01/2021,BTL,MI,AGL,CE,Federal Contract Tower,0,4,7,0,11,0,30,4,0,34,0,34,11,0,45,44,0,44,89
04/02/2021,BTL,MI,AGL,CE,Federal Contract Tower,0,3,6,0,9,0,131,27,0,158,0,134,33,0,167,278,0,278,445
04/03/2021,BTL,MI,AGL,CE,Federal Contract Tower,0,2,5,0,7,0,1,11,0,12,0,3,16,0,19,6,0,6,25
04/05/2021,BTL,MI,AGL,CE,Federal Contract Tower,0,5,8,0,13,0,58,10,0,68,0,63,18,0,81,164,0,164,245
04/06/2021,BTL,MI,AGL,CE,Federal Contract Tower,0,5,2,0,7,0,274,20,0,294,0,279,22,0,301,632,0,632,933
04/07/2021,BTL,MI,AGL,CE,Federal Contract Tower,0,5,4,0,9,0,172,19,0,191,0,177,23,0,200,250,0,250,450
04/08/2021,BTL,MI,AGL,CE,Federal Contract Tower,0,2,6,0,8,0,50,1,0,51,0,52,7,0,59,114,0,114,173
04/09/2021,BTL,MI,AGL,CE,Federal Contract Tower,0,3,3,0,6,0,67,10,9,86,0,70,13,9,92,86,0,86,178
04/10/2021,BTL,MI,AGL,CE,Federal Contract Tower,0,0,4,0,4,0,96,7,0,103,0,96,11,0,107,200,0,200,307
04/11/2021,BTL,MI,AGL,CE,Federal Contract Tower,0,3,8,0,11,0,0,0,0,0,0,3,8,0,11,0,0,0,11
04/12/2021,BTL,MI,AGL,CE,Federal Contract Tower,0,14,4,0,18,0,194,13,0,207,0,208,17,0,225,316,0,316,541
04/13/2021,BTL,MI,AGL,CE,Federal Contract Tower,0,6,6,0,12,0,185,15,0,200,0,191,21,0,212,268,0,268,480
04/14/2021,BTL,MI,AGL,CE,Federal Contract Tower,0,6,3,4,13,0,144,22,0,166,0,150,25,4,179,196,0,196,375
04/15/2021,BTL,MI,AGL,CE,Federal Contract Tower,0,3,7,0,10,0,0,0,2,2,0,3,7,2,12,0,2,2,14
04/16/2021,BTL,MI,AGL,CE,Federal Contract Tower,0,12,10,0,22,0,150,14,0,164,0,162,24,0,186,324,0,324,510
04/17/2021,BTL,MI,AGL,CE,Federal Contract Tower,0,3,2,0,5,0,133,20,0,153,0,136,22,0,158,178,0,178,336
04/19/2021,BTL,MI,AGL,CE,Federal Contract Tower,0,5,6,0,11,0,65,2,0,67,0,70,8,0,78,110,0,110,188
04/20/2021,BTL,MI,AGL,CE,Federal Contract Tower,0,6,0,0,6,0,72,3,0,75,0,78,3,0,81,198,0,198,279
04/21/2021,BTL,MI,AGL,CE,Federal Contract Tower,0,15,7,0,22,0,108,13,0,121,0,123,20,0,143,156,0,156,299
04/22/2021,BTL,MI,AGL,CE,Federal Contract Tower,0,18,14,0,32,0,214,12,0,226,0,232,26,0,258,314,0,314,572
04/23/2021,BTL,MI,AGL,CE,Federal Contract Tower,0,8,6,0,14,0,237,26,0,263,0,245,32,0,277,252,0,252,529
04/24/2021,BTL,MI,AGL,CE,Federal Contract Tower,0,5,7,0,12,0,28,4,0,32,0,33,11,0,44,36,16,52,96
04/25/2021,BTL,MI,AGL,CE,Federal Contract Tower,0,3,3,0,6,0,0,10,0,10,0,3,13,0,16,6,0,6,22
04/26/2021,BTL,MI,AGL,CE,Federal Contract Tower,0,12,6,0,18,0,169,12,0,181,0,181,18,0,199,176,0,176,375
04/27/2021,BTL,MI,AGL,CE,Federal Contract Tower,0,10,3,0,13,0,237,10,8,255,0,247,13,8,268,516,46,562,830
04/28/2021,BTL,MI,AGL,CE,Federal Contract Tower,0,30,10,0,40,0,7,1,0,8,0,37,11,0,48,10,6,16,64
04/29/2021,BTL,MI,AGL,CE,Federal Contract Tower,0,11,12,0,23,0,24,4,0,28,0,35,16,0,51,72,0,72,123
04/30/2021,BTL,MI,AGL,CE,Federal Contract Tower,0,31,11,0,42,0,81,17,0,98,0,112,28,0,140,98,0,98,238
05/01/2021,BTL,MI,AGL,CE,Federal Contract Tower,0,3,0,0,3,0,66,6,0,72,0,69,6,0,75,56,0,56,131
05/02/2021,BTL,MI,AGL,CE,Federal Contract Tower,0,2,2,0,4,0,0,14,0,14,0,2,16,0,18,12,0,12,30
05/03/2021,BTL,MI,AGL,CE,Federal Contract Tower,0,13,14,0,27,0,0,2,0,2,0,13,16,0,29,0,0,0,29
05/04/2021,BTL,MI,AGL,CE,Federal Contract Tower,0,53,6,0,59,0,33,0,0,33,0,86,6,0,92,154,0,154,246
05/05/2021,BTL,MI,AGL,CE,Federal Contract Tower,0,20,5,0,25,0,153,16,0,169,0,173,21,0,194,338,0,338,532
05/06/2021,BTL,MI,AGL,CE,Federal Contract Tower,0,4,5,4,13,0,89,17,0,106,0,93,22,4,119,224,0,224,343
05/07/2021,BTL,MI,AGL,CE,Federal Contract Tower,0,8,12,0,20,0,98,12,0,110,0,106,24,0,130,140,4,144,274
05/08/2021,BTL,MI,AGL,CE,Federal Contract Tower,0,6,4,0,10,0,148,54,0,202,0,154,58,0,212,150,0,150,362
05/09/2021,BTL,MI,AGL,CE,Federal Contract Tower,0,5,0,0,5,0,0,3,0,3,0,5,3,0,8,2,0,2,10
05/10/2021,BTL,MI,AGL,CE,Federal Contract Tower,0,7,19,0,26,0,230,14,0,244,0,237,33,0,270,418,0,418,688
05/11/2021,BTL,MI,AGL,CE,Federal Contract Tower,0,10,10,0,20,0,168,12,6,186,0,178,22,6,206,258,30,288,494
05/12/2021,BTL,MI,AGL,CE,Federal Contract Tower,0,7,4,0,11,0,281,32,4,317,0,288,36,4,328,420,22,442,770
05/13/2021,BTL,MI,AGL,CE,Federal Contract Tower,0,6,4,0,10,0,250,33,0,283,0,256,37,0,293,480,0,480,773
05/14/2021,BTL,MI,AGL,CE,Federal Contract Tower,0,8,9,0,17,0,175,29,23,227,0,183,38,23,244,338,0,338,582
05/15/2021,BTL,MI,AGL,CE,Federal Contract Tower,0,1,9,0,10,0,68,36,4,108,0,69,45,4,118,128,0,128,246
05/16/2021,BTL,MI,AGL,CE,Federal Contract Tower,0,5,6,0,11,0,3,39,0,42,0,8,45,0,53,20,0,20,73
05/17/2021,BTL,MI,AGL,CE,Federal Contract Tower,0,10,8,0,18,0,204,23,8,235,0,214,31,8,253,438,0,438,691
05/18/2021,BTL,MI,AGL,CE,Federal Contract Tower,0,13,6,0,19,0,198,13,2,213,0,211,19,2,232,242,0,242,474
05/19/2021,BTL,MI,AGL,CE,Federal Contract Tower,0,13,7,0,20,0,132,20,0,152,0,145,27,0,172,180,0,180,352
05/20/2021,BTL,MI,AGL,CE,Federal Contract Tower,0,10,8,0,18,0,195,21,0,216,0,205,29,0,234,380,0,380,614
05/21/2021,BTL,MI,AGL,CE,Federal Contract Tower,0,11,7,0,18,0,103,21,0,124,0,114,28,0,142,104,0,104,246
05/22/2021,BTL,MI,AGL,CE,Federal Contract Tower,0,4,0,0,4,0,82,38,0,120,0,86,38,0,124,70,0,70,194
05/23/2021,BTL,MI,AGL,CE,Federal Contract Tower,0,2,8,0,10,0,0,17,0,17,0,2,25,0,27,0,0,0,27
05/24/2021,BTL,MI,AGL,CE,Federal Contract Tower,0,19,7,0,26,0,97,16,1,114,0,116,23,1,140,156,0,156,296
05/25/2021,BTL,MI,AGL,CE,Federal Contract Tower,0,5,0,0,5,0,124,9,12,145,0,129,9,12,150,208,50,258,408
05/26/2021,BTL,MI,AGL,CE,Federal Contract Tower,0,14,7,0,21,0,96,21,0,117,0,110,28,0,138,154,0,154,292
05/27/2021,BTL,MI,AGL,CE,Federal Contract Tower,0,6,5,0,11,0,202,26,0,228,0,208,31,0,239,242,0,242,481
05/28/2021,BTL,MI,AGL,CE,Federal Contract Tower,0,8,8,0,16,0,0,1,0,1,0,8,9,0,17,0,0,0,17
05/29/2021,BTL,MI,AGL,CE,Federal Contract Tower,0,3,3,0,6,0,0,23,0,23,0,3,26,0,29,20,0,20,49
05/30/2021,BTL,MI,AGL,CE,Federal Contract Tower,0,6,3,0,9,0,0,58,0,58,0,6,61,0,67,24,0,24,91
05/31/2021,BTL,MI,AGL,CE,Federal Contract Tower,0,2,3,0,5,0,0,0,0,0,0,2,3,0,5,2,0,2,7
06/01/2021,BTL,MI,AGL,CE,Federal Contract Tower,0,7,4,0,11,0,283,31,8,322,0,290,35,8,333,448,46,494,827
06/02/2021,BTL,MI,AGL,CE,Federal Contract Tower,0,13,11,0,24,0,183,35,0,218,0,196,46,0,242,304,0,304,546
06/03/2021,BTL,MI,AGL,CE,Federal Contract Tower,0,16,2,0,18,0,210,14,0,224,0,226,16,0,242,392,0,392,634
06/04/2021,BTL,MI,AGL,CE,Federal Contract Tower,0,7,6,0,13,0,126,24,0,150,0,133,30,0,163,160,0,160,323
06/05/2021,BTL,MI,AGL,CE,Federal Contract Tower,0,6,2,0,8,0,62,19,0,81,0,68,21,0,89,64,0,64,153
06/06/2021,BTL,MI,AGL,CE,Federal Contract Tower,0,4,4,0,8,0,0,32,0,32,0,4,36,0,40,0,0,0,40
06/07/2021,BTL,MI,AGL,CE,Federal Contract Tower,0,20,16,0,36,0,2,0,8,10,0,22,16,8,46,12,0,12,58
06/08/2021,BTL,MI,AGL,CE,Federal Contract Tower,0,20,16,0,36,0,33,9,0,42,0,53,25,0,78,76,0,76,154
06/09/2021,BTL,MI,AGL,CE,Federal Contract Tower,0,18,7,0,25,0,119,9,0,128,0,137,16,0,153,284,0,284,437
06/10/2021,BTL,MI,AGL,CE,Federal Contract Tower,0,21,9,0,30,0,101,13,0,114,0,122,22,0,144,258,0,258,402
06/11/2021,BTL,MI,AGL,CE,Federal Contract Tower,0,13,11,0,24,0,229,21,0,250,0,242,32,0,274,362,0,362,636
06/12/2021,BTL,MI,AGL,CE,Federal Contract Tower,0,4,0,0,4,0,43,8,0,51,0,47,8,0,55,34,0,34,89
06/13/2021,BTL,MI,AGL,CE,Federal Contract Tower,0,7,2,0,9,0,0,46,0,46,0,7,48,0,55,0,0,0,55
06/14/2021,BTL,MI,AGL,CE,Federal Contract Tower,0,6,10,0,16,0,101,18,0,119,0,107,28,0,135,70,0,70,205
06/15/2021,BTL,MI,AGL,CE,Federal Contract Tower,0,7,11,0,18,0,218,37,0,255,0,225,48,0,273,328,0,328,601
06/16/2021,BTL,MI,AGL,CE,Federal Contract Tower,0,8,1,0,9,0,257,31,0,288,0,265,32,0,297,360,0,360,657
06/17/2021,BTL,MI,AGL,CE,Federal Contract Tower,0,7,4,0,11,0,219,16,0,235,0,226,20,0,246,356,0,356,602
06/18/2021,BTL,MI,AGL,CE,Federal Contract Tower,0,22,4,0,26,0,56,14,0,70,0,78,18,0,96,134,0,134,230
06/19/2021,BTL,MI,AGL,CE,Federal Contract Tower,0,1,5,0,6,0,0,12,0,12,0,1,17,0,18,12,0,12,30
06/20/2021,BTL,MI,AGL,CE,Federal Contract Tower,0,1,5,0,6,0,0,4,0,4,0,1,9,0,10,0,0,0,10
06/21/2021,BTL,MI,AGL,CE,Federal Contract Tower,0,3,9,0,12,0,18,0,0,18,0,21,9,0,30,14,0,14,44
06/22/2021,BTL,MI,AGL,CE,Federal Contract Tower,0,14,16,0,30,0,246,19,0,265,0,260,35,0,295,200,0,200,495
06/23/2021,BTL,MI,AGL,CE,Federal Contract Tower,0,7,5,0,12,0,144,11,0,155,0,151,16,0,167,152,0,152,319
06/24/2021,BTL,MI,AGL,CE,Federal Contract Tower,0,4,3,0,7,0,81,9,0,90,0,85,12,0,97,54,0,54,151
06/25/2021,BTL,MI,AGL,CE,Federal Contract Tower,0,2,4,0,6,0,0,0,0,0,0,2,4,0,6,0,0,0,6
06/26/2021,BTL,MI,AGL,CE,Federal Contract Tower,0,1,4,0,5,0,0,2,0,2,0,1,6,0,7,2,0,2,9
06/27/2021,BTL,MI,AGL,CE,Federal Contract Tower,0,1,8,3,12,0,0,4,0,4,0,1,12,3,16,0,8,8,24
06/28/2021,BTL,MI,AGL,CE,Federal Contract Tower,18,0,9,0,27,0,28,3,0,31,18,28,12,0,58,76,0,76,134
06/29/2021,BTL,MI,AGL,CE,Federal Contract Tower,0,4,10,0,14,0,55,15,0,70,0,59,25,0,84,84,0,84,168
06/30/2021,BTL,MI,AGL,CE,Federal Contract Tower,0,44,8,0,52,0,132,28,0,160,0,176,36,0,212,124,0,124,336
07/01/2021,BTL,MI,AGL,CE,Federal Contract Tower,0,18,3,1,22,0,96,24,2,122,0,114,27,3,144,14,4,18,162
07/02/2021,BTL,MI,AGL,CE,Federal Contract Tower,0,2,5,0,7,0,61,19,0,80,0,63,24,0,87,30,4,34,121
07/03/2021,BTL,MI,AGL,CE,Federal Contract Tower,0,1,4,0,5,0,0,17,0,17,0,1,21,0,22,60,0,60,82
07/04/2021,BTL,MI,AGL,CE,Federal Contract Tower,0,0,1,0,1,0,0,15,0,15,0,0,16,0,16,0,0,0,16
07/05/2021,BTL,MI,AGL,CE,Federal Contract Tower,0,5,6,1,12,0,0,37,4,41,0,5,43,5,53,16,4,20,73
07/06/2021,BTL,MI,AGL,CE,Federal Contract Tower,0,6,16,1,23,0,223,24,0,247,0,229,40,1,270,252,0,252,522
07/07/2021,BTL,MI,AGL,CE,Federal Contract Tower,0,6,4,0,10,0,86,16,0,102,0,92,20,0,112,140,0,140,252
07/08/2021,BTL,MI,AGL,CE,Federal Contract Tower,0,18,18,0,36,0,2,0,6,8,0,20,18,6,44,4,34,38,82
07/09/2021,BTL,MI,AGL,CE,Federal Contract Tower,0,26,7,0,33,0,127,24,0,151,0,153,31,0,184,267,0,267,451
07/10/2021,BTL,MI,AGL,CE,Federal Contract Tower,0,2,6,0,8,0,114,43,0,157,0,116,49,0,165,126,0,126,291
07/11/2021,BTL,MI,AGL,CE,Federal Contract Tower,0,3,3,0,6,0,0,3,0,3,0,3,6,0,9,12,0,12,21
07/12/2021,BTL,MI,AGL,CE,Federal Contract Tower,0,10,19,0,29,0,0,0,0,0,0,10,19,0,29,0,0,0,29
07/13/2021,BTL,MI,AGL,CE,Federal Contract Tower,0,4,8,0,12,0,0,0,3,3,0,4,8,3,15,2,12,14,29
07/14/2021,BTL,MI,AGL,CE,Federal Contract Tower,0,26,11,3,40,0,296,39,14,349,0,322,50,17,389,434,0,434,823
07/15/2021,BTL,MI,AGL,CE,Federal Contract Tower,0,6,9,0,15,0,70,7,0,77,0,76,16,0,92,100,0,100,192
07/16/2021,BTL,MI,AGL,CE,Federal Contract Tower,0,14,4,0,18,0,0,0,0,0,0,14,4,0,18,0,0,0,18
07/17/2021,BTL,MI,AGL,CE,Federal Contract Tower,0,4,2,0,6,0,16,22,0,38,0,20,24,0,44,52,0,52,96
07/19/2021,BTL,MI,AGL,CE,Federal Contract Tower,0,13,9,0,22,0,245,31,0,276,0,258,40,0,298,342,0,342,640
07/20/2021,BTL,MI,AGL,CE,Federal Contract Tower,0,11,13,0,24,0,269,13,2,284,0,280,26,2,308,332,0,332,640
07/21/2021,BTL,MI,AGL,CE,Federal Contract Tower,0,22,13,0,35,0,206,24,0,230,0,228,37,0,265,380,6,386,651
07/22/2021,BTL,MI,AGL,CE,Federal Contract Tower,0,12,11,0,23,0,276,33,0,309,0,288,44,0,332,370,0,370,702
07/23/2021,BTL,MI,AGL,CE,Federal Contract Tower,0,35,11,0,46,0,18,10,0,28,0,53,21,0,74,30,0,30,104
07/24/2021,BTL,MI,AGL,CE,Federal Contract Tower,0,17,23,0,40,0,17,14,0,31,0,34,37,0,71,74,0,74,145
07/25/2021,BTL,MI,AGL,CE,Federal Contract Tower,0,6,24,0,30,0,0,52,0,52,0,6,76,0,82,2,0,2,84
07/26/2021,BTL,MI,AGL,CE,Federal Contract Tower,0,11,12,0,23,0,294,31,0,325,0,305,43,0,348,38,0,38,386
07/27/2021,BTL,MI,AGL,CE,Federal Contract Tower,0,6,15,0,21,0,238,22,3,263,0,244,37,3,284,334,10,344,628
07/28/2021,BTL,MI,AGL,CE,Federal Contract Tower,0,13,17,0,30,0,235,46,0,281,0,248,63,0,311,316,0,316,627
07/29/2021,BTL,MI,AGL,CE,Federal Contract Tower,0,19,18,0,37,0,64,27,4,95,0,83,45,4,132,122,0,122,254
07/30/2021,BTL,MI,AGL,CE,Federal Contract Tower,0,16,16,0,32,0,86,40,0,126,0,102,56,0,158,166,0,166,324
07/31/2021,BTL,MI,AGL,CE,Federal Contract Tower,0,4,11,0,15,0,42,29,0,71,0,46,40,0,86,70,0,70,156
08/01/2021,BTL,MI,AGL,CE,Federal Contract Tower,0,3,13,0,16,0,0,31,0,31,0,3,44,0,47,24,0,24,71
08/02/2021,BTL,MI,AGL,CE,Federal Contract Tower,0,15,5,0,20,0,198,36,0,234,0,213,41,0,254,322,0,322,576
08/03/2021,BTL,MI,AGL,CE,Federal Contract Tower,0,5,4,0,9,0,240,45,0,285,0,245,49,0,294,342,0,342,636
08/04/2021,BTL,MI,AGL,CE,Federal Contract Tower,0,8,5,2,15,0,213,36,0,249,0,221,41,2,264,352,0,352,616
08/05/2021,BTL,MI,AGL,CE,Federal Contract Tower,0,3,14,0,17,0,184,32,3,219,0,187,46,3,236,270,0,270,506
08/06/2021,BTL,MI,AGL,CE,Federal Contract Tower,0,5,10,0,15,0,57,19,0,76,0,62,29,0,91,62,0,62,153
08/07/2021,BTL,MI,AGL,CE,Federal Contract Tower,0,4,8,0,12,0,28,27,8,63,0,32,35,8,75,42,0,42,117
08/08/2021,BTL,MI,AGL,CE,Federal Contract Tower,0,4,3,0,7,0,0,25,0,25,0,4,28,0,32,26,0,26,58
08/09/2021,BTL,MI,AGL,CE,Federal Contract Tower,0,7,11,0,18,0,64,22,4,90,0,71,33,4,108,54,0,54,162
08/10/2021,BTL,MI,AGL,CE,Federal Contract Tower,0,18,6,0,24,0,106,4,10,120,0,124,10,10,144,164,58,222,366
08/11/2021,BTL,MI,AGL,CE,Federal Contract Tower,0,6,10,0,16,0,60,10,0,70,0,66,20,0,86,124,0,124,210
08/12/2021,BTL,MI,AGL,CE,Federal Contract Tower,0,3,7,0,10,0,166,39,1,206,0,169,46,1,216,312,0,312,528
08/13/2021,BTL,MI,AGL,CE,Federal Contract Tower,0,16,10,0,26,0,139,25,0,164,0,155,35,0,190,154,0,154,344
08/14/2021,BTL,MI,AGL,CE,Federal Contract Tower,0,4,11,0,15,0,41,61,0,102,0,45,72,0,117,62,0,62,179
08/15/2021,BTL,MI,AGL,CE,Federal Contract Tower,0,3,9,0,12,0,8,35,0,43,0,11,44,0,55,4,0,4,59
08/16/2021,BTL,MI,AGL,CE,Federal Contract Tower,0,10,12,0,22,0,252,32,0,284,0,262,44,0,306,116,0,116,422
08/17/2021,BTL,MI,AGL,CE,Federal Contract Tower,0,19,12,0,31,0,110,10,0,120,0,129,22,0,151,232,6,238,389
08/18/2021,BTL,MI,AGL,CE,Federal Contract Tower,0,7,3,0,10,0,177,18,4,199,0,184,21,4,209,202,0,202,411
08/19/2021,BTL,MI,AGL,CE,Federal Contract Tower,0,5,13,0,18,0,177,28,0,205,0,182,41,0,223,342,0,342,565
08/20/2021,BTL,MI,AGL,CE,Federal Contract Tower,0,7,4,0,11,0,136,35,0,171,0,143,39,0,182,264,0,264,446
08/21/2021,BTL,MI,AGL,CE,Federal Contract Tower,0,4,9,0,13,0,25,53,0,78,0,29,62,0,91,52,0,52,143
08/22/2021,BTL,MI,AGL,CE,Federal Contract Tower,0,4,2,0,6,0,0,15,0,15,0,4,17,0,21,32,0,32,53
08/23/2021,BTL,MI,AGL,CE,Federal Contract Tower,0,7,17,0,24,0,0,0,0,0,0,7,17,0,24,298,0,298,322
08/24/2021,BTL,MI,AGL,CE,Federal Contract Tower,0,8,9,0,17,0,56,22,0,78,0,64,31,0,95,87,0,87,182
08/25/2021,BTL,MI,AGL,CE,Federal Contract Tower,0,3,2,0,5,0,38,3,0,41,0,41,5,0,46,56,0,56,102
08/26/2021,BTL,MI,AGL,CE,Federal Contract Tower,0,9,10,0,19,0,162,38,0,200,0,171,48,0,219,318,0,318,537
08/27/2021,BTL,MI,AGL,CE,Federal Contract Tower,0,7,8,1,16,0,93,19,1,113,0,100,27,2,129,170,0,170,299
08/28/2021,BTL,MI,AGL,CE,Federal Contract Tower,0,2,9,0,11,0,0,53,0,53,0,2,62,0,64,8,0,8,72
08/29/2021,BTL,MI,AGL,CE,Federal Contract Tower,0,3,5,0,8,0,9,24,0,33,0,12,29,0,41,50,0,50,91
08/30/2021,BTL,MI,AGL,CE,Federal Contract Tower,0,7,11,0,18,0,197,21,0,218,0,204,32,0,236,272,0,272,508
08/31/2021,BTL,MI,AGL,CE,Federal Contract Tower,0,7,10,0,17,0,221,10,8,239,0,228,20,8,256,398,0,398,654
09/01/2021,BTL,MI,AGL,CE,Federal Contract Tower,0,6,6,0,12,0,199,28,0,227,0,205,34,0,239,266,0,266,505
09/02/2021,BTL,MI,AGL,CE,Federal Contract Tower,0,7,8,0,15,0,161,27,3,191,0,168,35,3,206,304,8,312,518
09/03/2021,BTL,MI,AGL,CE,Federal Contract Tower,0,1,7,0,8,0,126,19,0,145,0,127,26,0,153,212,0,212,365
09/04/2021,BTL,MI,AGL,CE,Federal Contract Tower,0,2,7,0,9,0,2,12,0,14,0,4,19,0,23,28,0,28,51
09/05/2021,BTL,MI,AGL,CE,Federal Contract Tower,0,2,3,0,5,0,0,29,0,29,0,2,32,0,34,18,0,18,52
09/06/2021,BTL,MI,AGL,CE,Federal Contract Tower,0,0,5,0,5,0,0,16,0,16,0,0,21,0,21,22,0,22,43
09/07/2021,BTL,MI,AGL,CE,Federal Contract Tower,0,4,18,0,22,0,38,9,0,47,0,42,27,0,69,50,0,50,119
09/08/2021,BTL,MI,AGL,CE,Federal Contract Tower,0,3,7,0,10,0,137,23,0,160,0,140,30,0,170,209,0,209,379
09/09/2021,BTL,MI,AGL,CE,Federal Contract Tower,0,6,10,0,16,0,192,22,0,214,0,198,32,0,230,272,0,272,502
09/10/2021,BTL,MI,AGL,CE,Federal Contract Tower,0,15,8,0,23,0,207,29,0,236,0,222,37,0,259,318,0,318,577
09/11/2021,BTL,MI,AGL,CE,Federal Contract Tower,0,2,4,0,6,0,27,23,0,50,0,29,27,0,56,56,6,62,118
09/12/2021,BTL,MI,AGL,CE,Federal Contract Tower,0,5,3,0,8,0,13,26,0,39,0,18,29,0,47,94,0,94,141
09/13/2021,BTL,MI,AGL,CE,Federal Contract Tower,0,17,7,0,24,0,49,3,0,52,0,66,10,0,76,102,0,102,178
09/14/2021,BTL,MI,AGL,CE,Federal Contract Tower,0,9,3,0,12,0,45,2,2,49,0,54,5,2,61,70,2,72,133
09/15/2021,BTL,MI,AGL,CE,Federal Contract Tower,0,17,7,0,24,0,234,49,2,285,0,251,56,2,309,420,0,420,729
09/16/2021,BTL,MI,AGL,CE,Federal Contract Tower,0,7,8,0,15,0,210,39,0,249,0,217,47,0,264,338,2,340,604
09/17/2021,BTL,MI,AGL,CE,Federal Contract Tower,0,6,12,0,18,0,159,46,6,211,0,165,58,6,229,278,12,290,519
09/18/2021,BTL,MI,AGL,CE,Federal Contract Tower,0,2,7,0,9,0,50,44,0,94,0,52,51,0,103,142,0,142,245
09/19/2021,BTL,MI,AGL,CE,Federal Contract Tower,0,3,1,0,4,0,12,27,0,39,0,15,28,0,43,62,0,62,105
09/20/2021,BTL,MI,AGL,CE,Federal Contract Tower,0,1,12,2,15,0,13,6,0,19,0,14,18,2,34,34,0,34,68
09/21/2021,BTL,MI,AGL,CE,Federal Contract Tower,0,5,4,0,9,0,0,0,0,0,0,5,4,0,9,0,0,0,9
09/22/2021,BTL,MI,AGL,CE,Federal Contract Tower,0,10,12,0,22,0,6,1,0,7,0,16,13,0,29,0,0,0,29
09/23/2021,BTL,MI,AGL,CE,Federal Contract Tower,0,7,2,0,9,0,0,0,0,0,0,7,2,0,9,0,0,0,9
09/24/2021,BTL,MI,AGL,CE,Federal Contract Tower,0,4,11,0,15,0,235,32,0,267,0,239,43,0,282,352,0,352,634
09/25/2021,BTL,MI,AGL,CE,Federal Contract Tower,0,11,6,2,19,0,29,13,0,42,0,40,19,2,61,100,0,100,161
09/26/2021,BTL,MI,AGL,CE,Federal Contract Tower,0,5,5,0,10,0,22,23,0,45,0,27,28,0,55,86,0,86,141
09/27/2021,BTL,MI,AGL,CE,Federal Contract Tower,0,14,14,0,28,0,0,0,0,0,0,14,14,0,28,446,0,446,474
09/28/2021,BTL,MI,AGL,CE,Federal Contract Tower,0,11,11,0,22,0,224,31,0,255,0,235,42,0,277,310,0,310,587
09/29/2021,BTL,MI,AGL,CE,Federal Contract Tower,0,8,12,0,20,0,254,38,0,292,0,262,50,0,312,396,0,396,708
09/30/2021,BTL,MI,AGL,CE,Federal Contract Tower,0,5,7,0,12,0,203,27,16,246,0,208,34,16,258,342,0,342,600
10/01/2021,BTL,MI,AGL,CE,Federal Contract Tower,0,4,5,0,9,0,175,26,0,201,0,179,31,0,210,222,0,222,432
10/02/2021,BTL,MI,AGL,CE,Federal Contract Tower,0,1,3,0,4,0,56,24,0,80,0,57,27,0,84,124,0,124,208
10/03/2021,BTL,MI,AGL,CE,Federal Contract Tower,0,3,3,0,6,0,0,0,0,0,0,3,3,0,6,0,0,0,6
10/04/2021,BTL,MI,AGL,CE,Federal Contract Tower,0,5,5,0,10,0,0,0,0,0,0,5,5,0,10,0,0,0,10
10/05/2021,BTL,MI,AGL,CE,Federal Contract Tower,0,18,14,0,32,0,1,2,0,3,0,19,16,0,35,0,0,0,35
10/06/2021,BTL,MI,AGL,CE,Federal Contract Tower,0,33,10,0,43,0,0,0,0,0,0,33,10,0,43,0,0,0,43
10/07/2021,BTL,MI,AGL,CE,Federal Contract Tower,0,9,5,0,14,0,0,0,0,0,0,9,5,0,14,0,0,0,14
10/08/2021,BTL,MI,AGL,CE,Federal Contract Tower,0,11,5,0,16,0,6,0,0,6,0,17,5,0,22,18,0,18,40
10/09/2021,BTL,MI,AGL,CE,Federal Contract Tower,0,15,22,0,37,0,23,19,0,42,0,38,41,0,79,74,0,74,153
10/10/2021,BTL,MI,AGL,CE,Federal Contract Tower,0,5,7,1,13,0,2,5,0,7,0,7,12,1,20,0,0,0,20
10/11/2021,BTL,MI,AGL,CE,Federal Contract Tower,0,6,9,0,15,0,209,2,0,211,0,215,11,0,226,218,0,218,444
10/12/2021,BTL,MI,AGL,CE,Federal Contract Tower,0,17,7,0,24,0,0,0,0,0,0,17,7,0,24,0,0,0,24
10/13/2021,BTL,MI,AGL,CE,Federal Contract Tower,0,6,6,0,12,0,147,17,0,164,0,153,23,0,176,252,0,252,428
10/14/2021,BTL,MI,AGL,CE,Federal Contract Tower,0,14,6,0,20,0,32,3,0,35,0,46,9,0,55,92,2,94,149
10/15/2021,BTL,MI,AGL,CE,Federal Contract Tower,0,21,4,0,25,0,37,3,0,40,0,58,7,0,65,64,0,64,129
10/16/2021,BTL,MI,AGL,CE,Federal Contract Tower,0,0,8,0,8,0,20,24,0,44,0,20,32,0,52,80,0,80,132
10/17/2021,BTL,MI,AGL,CE,Federal Contract Tower,0,5,9,0,14,0,0,19,0,19,0,5,28,0,33,8,0,8,41
10/18/2021,BTL,MI,AGL,CE,Federal Contract Tower,0,16,6,0,22,0,257,41,0,298,0,273,47,0,320,362,0,362,682
10/19/2021,BTL,MI,AGL,CE,Federal Contract Tower,0,9,15,0,24,0,244,16,1,261,0,253,31,1,285,250,2,252,537
10/20/2021,BTL,MI,AGL,CE,Federal Contract Tower,0,4,10,0,14,0,159,20,4,183,0,163,30,4,197,244,14,258,455
10/21/2021,BTL,MI,AGL,CE,Federal Contract Tower,0,6,10,0,16,0,10,5,0,15,0,16,15,0,31,8,8,16,47
10/22/2021,BTL,MI,AGL,CE,Federal Contract Tower,0,8,7,0,15,0,81,20,0,101,0,89,27,0,116,156,0,156,272
10/23/2021,BTL,MI,AGL,CE,Federal Contract Tower,0,8,14,0,22,0,7,56,0,63,0,15,70,0,85,16,0,16,101
10/24/2021,BTL,MI,AGL,CE,Federal Contract Tower,0,5,11,0,16,0,0,1,0,1,0,5,12,0,17,0,0,0,17
10/25/2021,BTL,MI,AGL,CE,Federal Contract Tower,0,3,5,0,8,0,0,0,0,0,0,3,5,0,8,0,0,0,8
10/26/2021,BTL,MI,AGL,CE,Federal Contract Tower,0,11,10,0,21,0,244,17,0,261,0,255,27,0,282,240,0,240,522
10/27/2021,BTL,MI,AGL,CE,Federal Contract Tower,0,46,17,0,63,0,53,16,0,69,0,99,33,0,132,168,0,168,300
10/28/2021,BTL,MI,AGL,CE,Federal Contract Tower,0,27,7,0,34,0,26,3,0,29,0,53,10,0,63,36,0,36,99
10/29/2021,BTL,MI,AGL,CE,Federal Contract Tower,0,4,4,0,8,0,0,0,0,0,0,4,4,0,8,0,0,0,8
10/30/2021,BTL,MI,AGL,CE,Federal Contract Tower,0,6,9,0,15,0,0,0,0,0,0,6,9,0,15,0,0,0,15
10/31/2021,BTL,MI,AGL,CE,Federal Contract Tower,0,0,6,0,6,0,0,4,0,4,0,0,10,0,10,2,0,2,12
11/01/2021,BTL,MI,AGL,CE,Federal Contract Tower,1,15,7,0,23,0,167,18,3,188,1,182,25,3,211,242,0,242,453
11/02/2021,BTL,MI,AGL,CE,Federal Contract Tower,0,2,6,0,8,0,68,9,1,78,0,70,15,1,86,108,2,110,196
11/03/2021,BTL,MI,AGL,CE,Federal Contract Tower,0,7,12,0,19,0,253,18,0,271,0,260,30,0,290,392,0,392,682
11/04/2021,BTL,MI,AGL,CE,Federal Contract Tower,0,15,7,0,22,0,223,12,2,237,0,238,19,2,259,402,0,402,661
11/05/2021,BTL,MI,AGL,CE,Federal Contract Tower,0,8,6,0,14,0,225,19,0,244,0,233,25,0,258,308,0,308,566
11/06/2021,BTL,MI,AGL,CE,Federal Contract Tower,0,3,12,0,15,0,91,42,0,133,0,94,54,0,148,242,0,242,390
11/07/2021,BTL,MI,AGL,CE,Federal Contract Tower,0,4,8,0,12,0,0,47,0,47,0,4,55,0,59,32,0,32,91
11/08/2021,BTL,MI,AGL,CE,Federal Contract Tower,0,8,14,0,22,0,187,21,0,208,0,195,35,0,230,118,0,118,348
11/09/2021,BTL,MI,AGL,CE,Federal Contract Tower,0,24,10,0,34,0,142,7,0,149,0,166,17,0,183,266,0,266,449
11/10/2021,BTL,MI,AGL,CE,Federal Contract Tower,0,9,3,0,12,0,191,22,0,213,0,200,25,0,225,226,0,226,451
11/11/2021,BTL,MI,AGL,CE,Federal Contract Tower,0,4,7,0,11,0,14,7,0,21,0,18,14,0,32,38,0,38,70
11/12/2021,BTL,MI,AGL,CE,Federal Contract Tower,0,12,6,0,18,0,9,3,0,12,0,21,9,0,30,4,0,4,34
11/13/2021,BTL,MI,AGL,CE,Federal Contract Tower,0,0,0,0,0,0,0,2,0,2,0,0,2,0,2,0,0,0,2
11/14/2021,BTL,MI,AGL,CE,Federal Contract Tower,0,3,1,0,4,0,0,0,0,0,0,3,1,0,4,0,0,0,4
11/15/2021,BTL,MI,AGL,CE,Federal Contract Tower,0,5,8,0,13,0,169,4,0,173,0,174,12,0,186,164,0,164,350
11/16/2021,BTL,MI,AGL,CE,Federal Contract Tower,0,8,8,0,16,0,208,16,0,224,0,216,24,0,240,196,0,196,436
11/17/2021,BTL,MI,AGL,CE,Federal Contract Tower,2,6,5,0,13,0,0,0,0,0,2,6,5,0,13,0,0,0,13
11/18/2021,BTL,MI,AGL,CE,Federal Contract Tower,0,1,4,0,5,0,0,11,2,13,0,1,15,2,18,10,0,10,28
11/19/2021,BTL,MI,AGL,CE,Federal Contract Tower,0,15,13,0,28,0,245,21,0,266,0,260,34,0,294,342,0,342,636
11/20/2021,BTL,MI,AGL,CE,Federal Contract Tower,0,8,8,0,16,0,70,35,0,105,0,78,43,0,121,80,0,80,201
11/21/2021,BTL,MI,AGL,CE,Federal Contract Tower,0,2,2,0,4,0,0,6,0,6,0,2,8,0,10,2,0,2,12
11/22/2021,BTL,MI,AGL,CE,Federal Contract Tower,0,4,8,0,12,0,70,12,0,82,0,74,20,0,94,98,0,98,192
11/23/2021,BTL,MI,AGL,CE,Federal Contract Tower,0,7,13,0,20,0,216,39,0,255,0,223,52,0,275,292,0,292,567
11/24/2021,BTL,MI,AGL,CE,Federal Contract Tower,0,2,3,0,5,0,7,2,0,9,0,9,5,0,14,12,0,12,26
11/25/2021,BTL,MI,AGL,CE,Federal Contract Tower,0,0,0,0,0,0,0,0,0,0,0,0,0,0,0,0,0,0,0
11/26/2021,BTL,MI,AGL,CE,Federal Contract Tower,0,3,3,0,6,0,0,4,0,4,0,3,7,0,10,2,0,2,12
11/27/2021,BTL,MI,AGL,CE,Federal Contract Tower,0,1,0,0,1,0,0,0,0,0,0,1,0,0,1,0,0,0,1
11/28/2021,BTL,MI,AGL,CE,Federal Contract Tower,0,2,5,0,7,0,0,0,0,0,0,2,5,0,7,10,0,10,17
11/29/2021,BTL,MI,AGL,CE,Federal Contract Tower,0,5,9,0,14,0,0,0,0,0,0,5,9,0,14,258,0,258,272
11/30/2021,BTL,MI,AGL,CE,Federal Contract Tower,0,13,9,0,22,0,28,7,0,35,0,41,16,0,57,52,0,52,109
12/01/2021,BTL,MI,AGL,CE,Federal Contract Tower,0,4,6,0,10,0,142,2,0,144,0,146,8,0,154,218,0,218,372
12/02/2021,BTL,MI,AGL,CE,Federal Contract Tower,0,4,5,0,9,0,62,6,1,69,0,66,11,1,78,72,0,72,150
12/03/2021,BTL,MI,AGL,CE,Federal Contract Tower,0,4,1,0,5,0,0,0,0,0,0,4,1,0,5,0,0,0,5
12/04/2021,BTL,MI,AGL,CE,Federal Contract Tower,0,7,3,0,10,0,92,34,0,126,0,99,37,0,136,130,0,130,266
12/05/2021,BTL,MI,AGL,CE,Federal Contract Tower,0,1,1,0,2,0,0,3,0,3,0,1,4,0,5,0,0,0,5
12/06/2021,BTL,MI,AGL,CE,Federal Contract Tower,0,7,4,0,11,0,0,0,0,0,0,7,4,0,11,0,0,0,11
12/07/2021,BTL,MI,AGL,CE,Federal Contract Tower,0,10,6,0,16,0,116,8,0,124,0,126,14,0,140,160,2,162,302
12/08/2021,BTL,MI,AGL,CE,Federal Contract Tower,0,3,4,1,8,0,68,0,0,68,0,71,4,1,76,186,2,188,264
12/09/2021,BTL,MI,AGL,CE,Federal Contract Tower,0,9,8,0,17,0,101,4,0,105,0,110,12,0,122,176,0,176,298
12/10/2021,BTL,MI,AGL,CE,Federal Contract Tower,0,7,6,0,13,0,74,4,0,78,0,81,10,0,91,170,0,170,261
12/11/2021,BTL,MI,AGL,CE,Federal Contract Tower,0,2,5,0,7,0,0,0,0,0,0,2,5,0,7,0,0,0,7
12/12/2021,BTL,MI,AGL,CE,Federal Contract Tower,0,2,3,0,5,0,0,27,0,27,0,2,30,0,32,32,0,32,64
12/13/2021,BTL,MI,AGL,CE,Federal Contract Tower,0,14,5,0,19,0,252,30,2,284,0,266,35,2,303,404,0,404,707
12/14/2021,BTL,MI,AGL,CE,Federal Contract Tower,0,10,7,0,17,0,203,20,10,233,0,213,27,10,250,248,14,262,512
12/15/2021,BTL,MI,AGL,CE,Federal Contract Tower,0,5,7,0,12,0,0,0,2,2,0,5,7,2,14,0,30,30,44
12/16/2021,BTL,MI,AGL,CE,Federal Contract Tower,0,8,3,0,11,0,0,1,2,3,0,8,4,2,14,0,8,8,22
12/17/2021,BTL,MI,AGL,CE,Federal Contract Tower,0,3,20,0,23,0,184,23,0,207,0,187,43,0,230,230,0,230,460
12/18/2021,BTL,MI,AGL,CE,Federal Contract Tower,0,7,0,0,7,0,0,0,0,0,0,7,0,0,7,0,0,0,7
12/19/2021,BTL,MI,AGL,CE,Federal Contract Tower,0,3,4,0,7,0,0,0,0,0,0,3,4,0,7,2,0,2,9
12/20/2021,BTL,MI,AGL,CE,Federal Contract Tower,0,1,5,0,6,0,0,0,0,0,0,1,5,0,6,72,0,72,78
12/21/2021,BTL,MI,AGL,CE,Federal Contract Tower,0,6,5,0,11,0,51,7,8,66,0,57,12,8,77,88,0,88,165
12/22/2021,BTL,MI,AGL,CE,Federal Contract Tower,0,2,5,0,7,0,27,3,0,30,0,29,8,0,37,22,0,22,59
12/23/2021,BTL,MI,AGL,CE,Federal Contract Tower,0,1,7,0,8,0,18,15,0,33,0,19,22,0,41,6,0,6,47
12/24/2021,BTL,MI,AGL,CE,Federal Contract Tower,0,0,6,0,6,0,0,0,0,0,0,0,6,0,6,0,0,0,6
12/25/2021,BTL,MI,AGL,CE,Federal Contract Tower,0,1,0,0,1,0,0,2,0,2,0,1,2,0,3,2,0,2,5
12/26/2021,BTL,MI,AGL,CE,Federal Contract Tower,0,2,1,0,3,0,0,22,0,22,0,2,23,0,25,38,0,38,63
12/27/2021,BTL,MI,AGL,CE,Federal Contract Tower,0,0,1,0,1,0,0,0,0,0,0,0,1,0,1,0,0,0,1
12/28/2021,BTL,MI,AGL,CE,Federal Contract Tower,0,2,5,0,7,0,1,0,0,1,0,3,5,0,8,4,0,4,12
12/29/2021,BTL,MI,AGL,CE,Federal Contract Tower,0,2,1,0,3,0,0,4,0,4,0,2,5,0,7,4,0,4,11
12/30/2021,BTL,MI,AGL,CE,Federal Contract Tower,0,4,3,0,7,0,0,0,0,0,0,4,3,0,7,0,0,0,7
12/31/2021,BTL,MI,AGL,CE,Federal Contract Tower,0,0,1,0,1,0,0,0,0,0,0,0,1,0,1,6,0,6,7
01/01/2022,BTL,MI,AGL,CE,Federal Contract Tower,0,0,2,0,2,0,0,0,0,0,0,0,2,0,2,0,0,0,2
01/02/2022,BTL,MI,AGL,CE,Federal Contract Tower,0,2,1,0,3,0,0,1,0,1,0,2,2,0,4,4,0,4,8
01/03/2022,BTL,MI,AGL,CE,Federal Contract Tower,0,5,12,0,17,0,1,23,0,24,0,6,35,0,41,10,0,10,51
01/04/2022,BTL,MI,AGL,CE,Federal Contract Tower,0,9,7,0,16,0,56,9,0,65,0,65,16,0,81,114,2,116,197
01/05/2022,BTL,MI,AGL,CE,Federal Contract Tower,0,2,1,0,3,0,0,0,0,0,0,2,1,0,3,0,0,0,3
01/06/2022,BTL,MI,AGL,CE,Federal Contract Tower,0,6,2,0,8,0,3,0,4,7,0,9,2,4,15,0,0,0,15
01/07/2022,BTL,MI,AGL,CE,Federal Contract Tower,0,4,4,0,8,0,0,4,0,4,0,4,8,0,12,2,0,2,14
01/08/2022,BTL,MI,AGL,CE,Federal Contract Tower,0,1,3,0,4,0,0,20,0,20,0,1,23,0,24,0,0,0,24
01/09/2022,BTL,MI,AGL,CE,Federal Contract Tower,0,2,0,0,2,0,0,0,0,0,0,2,0,0,2,0,0,0,2
01/10/2022,BTL,MI,AGL,CE,Federal Contract Tower,0,1,13,0,14,0,4,5,0,9,0,5,18,0,23,16,0,16,39
01/11/2022,BTL,MI,AGL,CE,Federal Contract Tower,0,9,3,0,12,0,119,11,0,130,0,128,14,0,142,226,0,226,368
01/12/2022,BTL,MI,AGL,CE,Federal Contract Tower,0,5,6,0,11,0,194,6,0,200,0,199,12,0,211,292,0,292,503
01/13/2022,BTL,MI,AGL,CE,Federal Contract Tower,1,7,3,0,11,0,0,0,0,0,1,7,3,0,11,0,0,0,11
01/14/2022,BTL,MI,AGL,CE,Federal Contract Tower,0,3,3,0,6,0,0,3,0,3,0,3,6,0,9,2,0,2,11
01/15/2022,BTL,MI,AGL,CE,Federal Contract Tower,0,17,2,0,19,0,162,32,0,194,0,179,34,0,213,230,0,230,443
01/16/2022,BTL,MI,AGL,CE,Federal Contract Tower,0,1,6,0,7,0,0,32,0,32,0,1,38,0,39,36,0,36,75
01/17/2022,BTL,MI,AGL,CE,Federal Contract Tower,0,2,1,0,3,0,0,0,0,0,0,2,1,0,3,0,0,0,3
01/18/2022,BTL,MI,AGL,CE,Federal Contract Tower,0,4,3,0,7,0,167,8,0,175,0,171,11,0,182,284,6,290,472
01/19/2022,BTL,MI,AGL,CE,Federal Contract Tower,0,8,7,0,15,0,0,0,4,4,0,8,7,4,19,0,20,20,39
01/20/2022,BTL,MI,AGL,CE,Federal Contract Tower,0,13,5,0,18,0,275,4,2,281,0,288,9,2,299,380,12,392,691
01/21/2022,BTL,MI,AGL,CE,Federal Contract Tower,0,8,3,0,11,0,305,23,2,330,0,313,26,2,341,430,0,430,771
01/22/2022,BTL,MI,AGL,CE,Federal Contract Tower,0,1,1,0,2,0,4,0,0,4,0,5,1,0,6,10,0,10,16
01/23/2022,BTL,MI,AGL,CE,Federal Contract Tower,0,2,1,0,3,0,1,2,0,3,0,3,3,0,6,0,0,0,6
01/24/2022,BTL,MI,AGL,CE,Federal Contract Tower,0,7,5,0,12,0,0,0,0,0,0,7,5,0,12,0,0,0,12
01/25/2022,BTL,MI,AGL,CE,Federal Contract Tower,0,7,5,0,12,0,0,2,2,4,0,7,7,2,16,0,0,0,16
01/26/2022,BTL,MI,AGL,CE,Federal Contract Tower,0,13,11,0,24,0,226,10,0,236,0,239,21,0,260,190,0,190,450
01/27/2022,BTL,MI,AGL,CE,Federal Contract Tower,0,6,2,0,8,0,77,6,0,83,0,83,8,0,91,152,10,162,253
01/28/2022,BTL,MI,AGL,CE,Federal Contract Tower,0,15,8,0,23,0,258,22,0,280,0,273,30,0,303,292,0,292,595
01/29/2022,BTL,MI,AGL,CE,Federal Contract Tower,0,6,3,0,9,0,181,33,0,214,0,187,36,0,223,266,0,266,489
01/30/2022,BTL,MI,AGL,CE,Federal Contract Tower,0,0,3,0,3,0,0,6,0,6,0,0,9,0,9,8,0,8,17
01/31/2022,BTL,MI,AGL,CE,Federal Contract Tower,0,13,9,0,22,0,167,18,0,185,0,180,27,0,207,264,0,264,471
02/01/2022,BTL,MI,AGL,CE,Federal Contract Tower,0,3,9,0,12,0,0,2,4,6,0,3,11,4,18,16,0,16,34
02/02/2022,BTL,MI,AGL,CE,Federal Contract Tower,0,0,0,0,0,0,0,0,0,0,0,0,0,0,0,0,0,0,0
02/03/2022,BTL,MI,AGL,CE,Federal Contract Tower,0,0,1,0,1,0,0,2,0,2,0,0,3,0,3,0,0,0,3
02/04/2022,BTL,MI,AGL,CE,Federal Contract Tower,0,0,7,0,7,0,0,0,2,2,0,0,7,2,9,0,14,14,23
02/05/2022,BTL,MI,AGL,CE,Federal Contract Tower,0,1,2,0,3,0,2,15,0,17,0,3,17,0,20,2,0,2,22
02/06/2022,BTL,MI,AGL,CE,Federal Contract Tower,0,6,3,0,9,0,0,2,0,2,0,6,5,0,11,2,0,2,13
02/07/2022,BTL,MI,AGL,CE,Federal Contract Tower,0,2,0,0,2,0,0,0,0,0,0,2,0,0,2,0,0,0,2
02/08/2022,BTL,MI,AGL,CE,Federal Contract Tower,0,12,7,0,19,0,147,12,2,161,0,159,19,2,180,136,10,146,326
02/09/2022,BTL,MI,AGL,CE,Federal Contract Tower,0,4,3,0,7,0,100,8,0,108,0,104,11,0,115,196,0,196,311
02/10/2022,BTL,MI,AGL,CE,Federal Contract Tower,0,2,7,0,9,0,0,3,7,10,0,2,10,7,19,0,24,24,43
02/11/2022,BTL,MI,AGL,CE,Federal Contract Tower,0,3,4,0,7,0,0,0,0,0,0,3,4,0,7,0,0,0,7
02/12/2022,BTL,MI,AGL,CE,Federal Contract Tower,0,7,5,0,12,0,65,19,0,84,0,72,24,0,96,92,0,92,188
02/13/2022,BTL,MI,AGL,CE,Federal Contract Tower,0,1,3,0,4,0,0,1,0,1,0,1,4,0,5,0,0,0,5
02/14/2022,BTL,MI,AGL,CE,Federal Contract Tower,0,7,7,0,14,0,175,10,0,185,0,182,17,0,199,224,0,224,423
02/15/2022,BTL,MI,AGL,CE,Federal Contract Tower,0,15,7,2,24,0,259,27,0,286,0,274,34,2,310,278,0,278,588
02/16/2022,BTL,MI,AGL,CE,Federal Contract Tower,0,2,2,0,4,0,0,0,0,0,0,2,2,0,4,0,0,0,4
02/17/2022,BTL,MI,AGL,CE,Federal Contract Tower,0,2,1,0,3,0,0,0,0,0,0,2,1,0,3,0,0,0,3
02/18/2022,BTL,MI,AGL,CE,Federal Contract Tower,0,1,8,0,9,0,47,4,0,51,0,48,12,0,60,52,0,52,112
02/19/2022,BTL,MI,AGL,CE,Federal Contract Tower,0,0,5,0,5,0,0,5,0,5,0,0,10,0,10,0,0,0,10
02/20/2022,BTL,MI,AGL,CE,Federal Contract Tower,0,0,5,0,5,0,0,3,0,3,0,0,8,0,8,0,0,0,8
02/21/2022,BTL,MI,AGL,CE,Federal Contract Tower,0,8,2,0,10,0,287,28,0,315,0,295,30,0,325,470,0,470,795
02/22/2022,BTL,MI,AGL,CE,Federal Contract Tower,0,2,4,0,6,0,0,0,0,0,0,2,4,0,6,0,0,0,6
02/23/2022,BTL,MI,AGL,CE,Federal Contract Tower,0,5,1,0,6,0,70,11,0,81,0,75,12,0,87,126,0,126,213
02/24/2022,BTL,MI,AGL,CE,Federal Contract Tower,0,7,4,0,11,0,148,15,0,163,0,155,19,0,174,318,0,318,492
02/25/2022,BTL,MI,AGL,CE,Federal Contract Tower,0,5,6,0,11,0,35,6,0,41,0,40,12,0,52,114,0,114,166
02/26/2022,BTL,MI,AGL,CE,Federal Contract Tower,0,6,1,0,7,0,105,17,0,122,0,111,18,0,129,164,0,164,293
02/27/2022,BTL,MI,AGL,CE,Federal Contract Tower,0,5,6,0,11,0,40,13,0,53,0,45,19,0,64,26,0,26,90
02/28/2022,BTL,MI,AGL,CE,Federal Contract Tower,0,6,7,0,13,0,242,22,0,264,0,248,29,0,277,202,0,202,479
03/01/2022,BTL,MI,AGL,CE,Federal Contract Tower,0,10,2,0,12,0,281,30,0,311,0,291,32,0,323,278,0,278,601
03/02/2022,BTL,MI,AGL,CE,Federal Contract Tower,0,10,3,0,13,0,197,10,0,207,0,207,13,0,220,380,0,380,600
03/03/2022,BTL,MI,AGL,CE,Federal Contract Tower,0,18,4,0,22,0,231,24,0,255,0,249,28,0,277,244,0,244,521
03/04/2022,BTL,MI,AGL,CE,Federal Contract Tower,0,10,4,0,14,0,177,30,0,207,0,187,34,0,221,266,0,266,487
03/05/2022,BTL,MI,AGL,CE,Federal Contract Tower,0,4,4,0,8,0,75,25,2,102,0,79,29,2,110,122,0,122,232
03/06/2022,BTL,MI,AGL,CE,Federal Contract Tower,0,5,0,0,5,0,0,0,0,0,0,5,0,0,5,0,0,0,5
03/07/2022,BTL,MI,AGL,CE,Federal Contract Tower,0,7,4,0,11,0,0,0,0,0,0,7,4,0,11,0,0,0,11
03/08/2022,BTL,MI,AGL,CE,Federal Contract Tower,0,19,4,0,23,0,156,17,2,175,0,175,21,2,198,320,0,320,518
03/09/2022,BTL,MI,AGL,CE,Federal Contract Tower,0,12,11,0,23,0,125,18,0,143,0,137,29,0,166,208,0,208,374
03/10/2022,BTL,MI,AGL,CE,Federal Contract Tower,0,6,6,0,12,0,95,13,4,112,0,101,19,4,124,182,12,194,318
03/11/2022,BTL,MI,AGL,CE,Federal Contract Tower,0,5,5,0,10,0,15,7,0,22,0,20,12,0,32,58,0,58,90
03/12/2022,BTL,MI,AGL,CE,Federal Contract Tower,0,2,6,0,8,0,0,16,0,16,0,2,22,0,24,2,0,2,26
03/13/2022,BTL,MI,AGL,CE,Federal Contract Tower,0,3,4,0,7,0,0,5,0,5,0,3,9,0,12,2,0,2,14
03/14/2022,BTL,MI,AGL,CE,Federal Contract Tower,0,14,7,0,21,0,260,23,0,283,0,274,30,0,304,380,0,380,684
03/15/2022,BTL,MI,AGL,CE,Federal Contract Tower,0,14,6,0,20,0,236,22,0,258,0,250,28,0,278,536,0,536,814
03/16/2022,BTL,MI,AGL,CE,Federal Contract Tower,0,17,4,0,21,0,181,33,2,216,0,198,37,2,237,316,0,316,553
03/17/2022,BTL,MI,AGL,CE,Federal Contract Tower,0,10,5,0,15,0,220,12,2,234,0,230,17,2,249,350,0,350,599
03/18/2022,BTL,MI,AGL,CE,Federal Contract Tower,0,1,4,0,5,0,101,3,0,104,0,102,7,0,109,202,0,202,311
03/19/2022,BTL,MI,AGL,CE,Federal Contract Tower,0,3,2,0,5,0,0,0,0,0,0,3,2,0,5,0,0,0,5
03/20/2022,BTL,MI,AGL,CE,Federal Contract Tower,0,6,3,0,9,0,0,0,0,0,0,6,3,0,9,150,0,150,159
03/21/2022,BTL,MI,AGL,CE,Federal Contract Tower,0,8,3,0,11,0,268,45,0,313,0,276,48,0,324,484,0,484,808
03/22/2022,BTL,MI,AGL,CE,Federal Contract Tower,0,13,4,0,17,0,48,7,1,56,0,61,11,1,73,80,0,80,153
03/23/2022,BTL,MI,AGL,CE,Federal Contract Tower,0,2,5,0,7,0,0,0,0,0,0,2,5,0,7,0,0,0,7
03/24/2022,BTL,MI,AGL,CE,Federal Contract Tower,0,1,3,0,4,0,0,0,0,0,0,1,3,0,4,0,0,0,4
03/25/2022,BTL,MI,AGL,CE,Federal Contract Tower,0,11,4,0,15,0,0,0,4,4,0,11,4,4,19,2,0,2,21
03/26/2022,BTL,MI,AGL,CE,Federal Contract Tower,0,6,0,0,6,0,0,2,0,2,0,6,2,0,8,0,0,0,8
03/27/2022,BTL,MI,AGL,CE,Federal Contract Tower,0,16,3,0,19,0,0,20,0,20,0,16,23,0,39,10,0,10,49
03/28/2022,BTL,MI,AGL,CE,Federal Contract Tower,0,8,5,0,13,0,284,18,0,302,0,292,23,0,315,330,0,330,645
03/29/2022,BTL,MI,AGL,CE,Federal Contract Tower,0,4,1,0,5,0,239,18,0,257,0,243,19,0,262,295,0,295,557
03/30/2022,BTL,MI,AGL,CE,Federal Contract Tower,0,7,3,0,10,0,0,0,2,2,0,7,3,2,12,0,0,0,12
03/31/2022,BTL,MI,AGL,CE,Federal Contract Tower,0,3,4,0,7,0,0,0,0,0,0,3,4,0,7,0,0,0,7
04/01/2022,BTL,MI,AGL,CE,Federal Contract Tower,0,12,10,2,24,0,83,14,7,104,0,95,24,9,128,218,12,230,358
04/02/2022,BTL,MI,AGL,CE,Federal Contract Tower,0,3,9,0,12,0,168,60,2,230,0,171,69,2,242,196,0,196,438
04/03/2022,BTL,MI,AGL,CE,Federal Contract Tower,0,4,1,0,5,0,4,9,0,13,0,8,10,0,18,50,0,50,68
04/04/2022,BTL,MI,AGL,CE,Federal Contract Tower,0,10,3,0,13,0,7,2,0,9,0,17,5,0,22,12,0,12,34
04/05/2022,BTL,MI,AGL,CE,Federal Contract Tower,0,15,6,0,21,0,191,14,2,207,0,206,20,2,228,170,2,172,400
04/06/2022,BTL,MI,AGL,CE,Federal Contract Tower,0,15,1,0,16,0,39,10,0,49,0,54,11,0,65,144,0,144,209
04/07/2022,BTL,MI,AGL,CE,Federal Contract Tower,0,7,0,0,7,0,79,0,1,80,0,86,0,1,87,314,20,334,421
04/08/2022,BTL,MI,AGL,CE,Federal Contract Tower,0,3,3,0,6,0,2,2,0,4,0,5,5,0,10,0,0,0,10
04/09/2022,BTL,MI,AGL,CE,Federal Contract Tower,0,5,0,0,5,0,41,2,0,43,0,46,2,0,48,200,0,200,248
04/10/2022,BTL,MI,AGL,CE,Federal Contract Tower,0,21,6,0,27,0,145,51,0,196,0,166,57,0,223,120,0,120,343
04/11/2022,BTL,MI,AGL,CE,Federal Contract Tower,0,5,10,0,15,0,262,18,0,280,0,267,28,0,295,480,0,480,775
04/12/2022,BTL,MI,AGL,CE,Federal Contract Tower,0,7,7,0,14,0,285,29,0,314,0,292,36,0,328,354,0,354,682
04/13/2022,BTL,MI,AGL,CE,Federal Contract Tower,0,1,1,0,2,0,9,2,0,11,0,10,3,0,13,38,0,38,51
04/14/2022,BTL,MI,AGL,CE,Federal Contract Tower,0,9,3,0,12,0,7,6,0,13,0,16,9,0,25,14,0,14,39
04/15/2022,BTL,MI,AGL,CE,Federal Contract Tower,0,12,3,0,15,0,36,11,0,47,0,48,14,0,62,90,0,90,152
04/16/2022,BTL,MI,AGL,CE,Federal Contract Tower,0,7,5,0,12,0,156,24,0,180,0,163,29,0,192,204,0,204,396
04/17/2022,BTL,MI,AGL,CE,Federal Contract Tower,0,6,2,0,8,0,27,10,0,37,0,33,12,0,45,130,0,130,175
04/18/2022,BTL,MI,AGL,CE,Federal Contract Tower,0,2,11,0,13,0,0,0,0,0,0,2,11,0,13,0,0,0,13
04/19/2022,BTL,MI,AGL,CE,Federal Contract Tower,0,6,14,2,22,0,113,6,0,119,0,119,20,2,141,132,0,132,273
04/20/2022,BTL,MI,AGL,CE,Federal Contract Tower,0,11,5,2,18,0,266,11,2,279,0,277,16,4,297,276,6,282,579
04/21/2022,BTL,MI,AGL,CE,Federal Contract Tower,2,17,5,0,24,0,128,8,0,136,2,145,13,0,160,204,0,204,364
04/22/2022,BTL,MI,AGL,CE,Federal Contract Tower,0,0,8,0,8,0,142,0,0,142,0,142,8,0,150,164,0,164,314
04/23/2022,BTL,MI,AGL,CE,Federal Contract Tower,0,10,5,0,15,0,137,44,0,181,0,147,49,0,196,254,0,254,450
04/24/2022,BTL,MI,AGL,CE,Federal Contract Tower,0,6,0,0,6,0,0,1,0,1,0,6,1,0,7,2,0,2,9
04/25/2022,BTL,MI,AGL,CE,Federal Contract Tower,0,1,5,0,6,0,215,20,0,235,0,216,25,0,241,292,0,292,533
04/26/2022,BTL,MI,AGL,CE,Federal Contract Tower,0,6,7,0,13,0,44,1,0,45,0,50,8,0,58,64,0,64,122
04/27/2022,BTL,MI,AGL,CE,Federal Contract Tower,0,17,7,0,24,0,260,16,0,276,0,277,23,0,300,346,0,346,646
04/28/2022,BTL,MI,AGL,CE,Federal Contract Tower,0,15,7,0,22,0,286,28,0,314,0,301,35,0,336,324,0,324,660
04/29/2022,BTL,MI,AGL,CE,Federal Contract Tower,0,12,13,0,25,0,211,25,0,236,0,223,38,0,261,216,0,216,477
04/30/2022,BTL,MI,AGL,CE,Federal Contract Tower,0,3,0,0,3,0,25,8,0,33,0,28,8,0,36,38,0,38,74
05/01/2022,BTL,MI,AGL,CE,Federal Contract Tower,0,3,8,0,11,0,12,7,0,19,0,15,15,0,30,74,0,74,104
05/02/2022,BTL,MI,AGL,CE,Federal Contract Tower,0,41,10,0,51,0,54,17,0,71,0,95,27,0,122,138,0,138,260
05/03/2022,BTL,MI,AGL,CE,Federal Contract Tower,0,3,3,0,6,0,0,0,0,0,0,3,3,0,6,0,0,0,6
05/04/2022,BTL,MI,AGL,CE,Federal Contract Tower,0,48,7,0,55,0,147,21,0,168,0,195,28,0,223,278,0,278,501
05/05/2022,BTL,MI,AGL,CE,Federal Contract Tower,0,10,9,0,19,0,176,16,0,192,0,186,25,0,211,268,0,268,479
05/06/2022,BTL,MI,AGL,CE,Federal Contract Tower,0,5,7,0,12,0,0,2,0,2,0,5,9,0,14,0,0,0,14
05/07/2022,BTL,MI,AGL,CE,Federal Contract Tower,0,3,4,0,7,0,104,42,0,146,0,107,46,0,153,132,0,132,285
05/08/2022,BTL,MI,AGL,CE,Federal Contract Tower,0,7,3,0,10,0,1,8,0,9,0,8,11,0,19,12,0,12,31
05/09/2022,BTL,MI,AGL,CE,Federal Contract Tower,0,6,8,0,14,0,85,9,0,94,0,91,17,0,108,80,0,80,188
05/10/2022,BTL,MI,AGL,CE,Federal Contract Tower,0,11,12,0,23,0,0,0,0,0,0,11,12,0,23,261,2,263,286
05/11/2022,BTL,MI,AGL,CE,Federal Contract Tower,0,14,4,0,18,0,285,24,14,323,0,299,28,14,341,444,14,458,799
05/12/2022,BTL,MI,AGL,CE,Federal Contract Tower,0,5,5,4,14,0,216,29,4,249,0,221,34,8,263,176,16,192,455
05/13/2022,BTL,MI,AGL,CE,Federal Contract Tower,0,13,9,4,26,0,222,55,18,295,0,235,64,22,321,262,22,284,605
05/14/2022,BTL,MI,AGL,CE,Federal Contract Tower,0,5,9,0,14,0,68,28,2,98,0,73,37,2,112,142,0,142,254
05/15/2022,BTL,MI,AGL,CE,Federal Contract Tower,0,3,3,0,6,0,6,13,0,19,0,9,16,0,25,2,0,2,27
05/16/2022,BTL,MI,AGL,CE,Federal Contract Tower,0,9,8,0,17,0,0,0,0,0,0,9,8,0,17,98,0,98,115
05/17/2022,BTL,MI,AGL,CE,Federal Contract Tower,0,16,5,0,21,0,240,30,0,270,0,256,35,0,291,359,0,359,650
05/18/2022,BTL,MI,AGL,CE,Federal Contract Tower,0,4,9,0,13,0,66,2,0,68,0,70,11,0,81,106,0,106,187
05/19/2022,BTL,MI,AGL,CE,Federal Contract Tower,0,29,15,0,44,0,131,21,0,152,0,160,36,0,196,220,0,220,416
05/20/2022,BTL,MI,AGL,CE,Federal Contract Tower,0,20,3,0,23,0,13,5,0,18,0,33,8,0,41,28,0,28,69
05/21/2022,BTL,MI,AGL,CE,Federal Contract Tower,0,7,2,0,9,0,24,4,0,28,0,31,6,0,37,58,0,58,95
05/22/2022,BTL,MI,AGL,CE,Federal Contract Tower,0,2,10,0,12,0,0,6,0,6,0,2,16,0,18,8,0,8,26
05/23/2022,BTL,MI,AGL,CE,Federal Contract Tower,0,12,4,0,16,0,343,26,0,369,0,355,30,0,385,402,0,402,787
05/24/2022,BTL,MI,AGL,CE,Federal Contract Tower,0,13,6,0,19,0,292,43,4,339,0,305,49,4,358,444,0,444,802
05/25/2022,BTL,MI,AGL,CE,Federal Contract Tower,0,7,5,0,12,0,20,0,0,20,0,27,5,0,32,42,0,42,74
05/26/2022,BTL,MI,AGL,CE,Federal Contract Tower,0,17,14,0,31,0,21,2,0,23,0,38,16,0,54,22,0,22,76
05/27/2022,BTL,MI,AGL,CE,Federal Contract Tower,0,2,4,0,6,0,0,2,0,2,0,2,6,0,8,0,0,0,8
05/28/2022,BTL,MI,AGL,CE,Federal Contract Tower,0,2,13,0,15,0,123,53,0,176,0,125,66,0,191,144,0,144,335
05/29/2022,BTL,MI,AGL,CE,Federal Contract Tower,0,0,3,0,3,0,0,33,0,33,0,0,36,0,36,8,0,8,44
05/30/2022,BTL,MI,AGL,CE,Federal Contract Tower,0,1,3,0,4,0,0,26,0,26,0,1,29,0,30,12,0,12,42
05/31/2022,BTL,MI,AGL,CE,Federal Contract Tower,0,17,13,0,30,0,194,9,2,205,0,211,22,2,235,218,0,218,453
06/01/2022,BTL,MI,AGL,CE,Federal Contract Tower,0,17,10,0,27,0,196,28,4,228,0,213,38,4,255,406,0,406,661
06/02/2022,BTL,MI,AGL,CE,Federal Contract Tower,0,42,6,0,48,0,211,45,7,263,0,253,51,7,311,240,4,244,555
06/03/2022,BTL,MI,AGL,CE,Federal Contract Tower,0,14,4,0,18,0,121,22,1,144,0,135,26,1,162,206,0,206,368
06/04/2022,BTL,MI,AGL,CE,Federal Contract Tower,0,6,6,0,12,0,166,57,2,225,0,172,63,2,237,268,0,268,505
06/05/2022,BTL,MI,AGL,CE,Federal Contract Tower,1,3,7,0,11,0,0,37,0,37,1,3,44,0,48,4,0,4,52
06/06/2022,BTL,MI,AGL,CE,Federal Contract Tower,0,2,11,0,13,0,76,11,0,87,0,78,22,0,100,112,0,112,212
06/07/2022,BTL,MI,AGL,CE,Federal Contract Tower,1,18,6,0,25,0,166,14,0,180,1,184,20,0,205,154,0,154,359
06/08/2022,BTL,MI,AGL,CE,Federal Contract Tower,0,14,8,0,22,0,186,9,0,195,0,200,17,0,217,242,0,242,459
06/09/2022,BTL,MI,AGL,CE,Federal Contract Tower,0,26,18,0,44,0,158,24,0,182,0,184,42,0,226,190,0,190,416
06/10/2022,BTL,MI,AGL,CE,Federal Contract Tower,0,3,0,0,3,0,192,21,0,213,0,195,21,0,216,322,0,322,538
06/11/2022,BTL,MI,AGL,CE,Federal Contract Tower,0,7,7,0,14,0,86,44,0,130,0,93,51,0,144,142,0,142,286
06/12/2022,BTL,MI,AGL,CE,Federal Contract Tower,0,2,4,0,6,0,0,25,0,25,0,2,29,0,31,2,0,2,33
06/13/2022,BTL,MI,AGL,CE,Federal Contract Tower,0,6,3,0,9,0,182,19,0,201,0,188,22,0,210,118,0,118,328
06/14/2022,BTL,MI,AGL,CE,Federal Contract Tower,0,35,10,0,45,0,159,20,0,179,0,194,30,0,224,242,0,242,466
06/15/2022,BTL,MI,AGL,CE,Federal Contract Tower,0,10,7,0,17,0,201,12,0,213,0,211,19,0,230,224,0,224,454
06/16/2022,BTL,MI,AGL,CE,Federal Contract Tower,0,18,6,0,24,0,121,21,0,142,0,139,27,0,166,118,0,118,284
06/17/2022,BTL,MI,AGL,CE,Federal Contract Tower,0,0,5,0,5,0,55,30,0,85,0,55,35,0,90,42,0,42,132
06/18/2022,BTL,MI,AGL,CE,Federal Contract Tower,0,6,4,0,10,0,107,29,0,136,0,113,33,0,146,122,0,122,268
06/19/2022,BTL,MI,AGL,CE,Federal Contract Tower,0,8,11,0,19,0,0,35,0,35,0,8,46,0,54,2,0,2,56
06/20/2022,BTL,MI,AGL,CE,Federal Contract Tower,0,11,7,0,18,0,291,34,0,325,0,302,41,0,343,206,0,206,549
06/21/2022,BTL,MI,AGL,CE,Federal Contract Tower,0,11,6,0,17,0,216,14,0,230,0,227,20,0,247,202,0,202,449
06/22/2022,BTL,MI,AGL,CE,Federal Contract Tower,0,10,6,0,16,0,94,8,0,102,0,104,14,0,118,72,0,72,190
06/23/2022,BTL,MI,AGL,CE,Federal Contract Tower,0,7,5,0,12,0,251,41,5,297,0,258,46,5,309,220,0,220,529
06/24/2022,BTL,MI,AGL,CE,Federal Contract Tower,0,3,8,0,11,0,200,51,0,251,0,203,59,0,262,230,0,230,492
06/25/2022,BTL,MI,AGL,CE,Federal Contract Tower,0,3,9,0,12,0,68,29,0,97,0,71,38,0,109,40,0,40,149
06/26/2022,BTL,MI,AGL,CE,Federal Contract Tower,0,0,10,0,10,0,2,6,0,8,0,2,16,0,18,0,0,0,18
06/27/2022,BTL,MI,AGL,CE,Federal Contract Tower,0,7,6,0,13,0,67,13,0,80,0,74,19,0,93,60,0,60,153
06/28/2022,BTL,MI,AGL,CE,Federal Contract Tower,0,12,5,0,17,0,231,18,0,249,0,243,23,0,266,194,0,194,460
06/29/2022,BTL,MI,AGL,CE,Federal Contract Tower,0,11,5,0,16,0,226,31,0,257,0,237,36,0,273,170,2,172,445
06/30/2022,BTL,MI,AGL,CE,Federal Contract Tower,0,5,6,2,13,0,83,29,6,118,0,88,35,8,131,108,6,114,245
07/01/2022,BTL,MI,AGL,CE,Federal Contract Tower,0,2,2,2,6,0,1,2,9,12,0,3,4,11,18,0,0,0,18
07/02/2022,BTL,MI,AGL,CE,Federal Contract Tower,0,0,4,0,4,0,1,13,0,14,0,1,17,0,18,70,0,70,88
07/03/2022,BTL,MI,AGL,CE,Federal Contract Tower,0,0,1,2,3,0,0,13,0,13,0,0,14,2,16,0,0,0,16
07/04/2022,BTL,MI,AGL,CE,Federal Contract Tower,0,5,1,1,7,0,0,9,0,9,0,5,10,1,16,0,0,0,16
07/05/2022,BTL,MI,AGL,CE,Federal Contract Tower,0,13,8,16,37,0,56,5,0,61,0,69,13,16,98,104,0,104,202
07/06/2022,BTL,MI,AGL,CE,Federal Contract Tower,2,24,14,0,40,0,35,2,0,37,2,59,16,0,77,46,0,46,123
07/07/2022,BTL,MI,AGL,CE,Federal Contract Tower,0,19,13,0,32,0,267,35,3,305,0,286,48,3,337,298,6,304,641
07/08/2022,BTL,MI,AGL,CE,Federal Contract Tower,0,12,3,0,15,0,102,22,2,126,0,114,25,2,141,118,6,124,265
07/09/2022,BTL,MI,AGL,CE,Federal Contract Tower,0,1,7,0,8,0,124,38,0,162,0,125,45,0,170,238,0,238,408
07/10/2022,BTL,MI,AGL,CE,Federal Contract Tower,0,7,7,1,15,0,0,21,6,27,0,7,28,7,42,16,0,16,58
07/11/2022,BTL,MI,AGL,CE,Federal Contract Tower,0,15,15,0,30,0,156,13,0,169,0,171,28,0,199,282,0,282,481
07/12/2022,BTL,MI,AGL,CE,Federal Contract Tower,0,30,15,0,45,0,129,25,0,154,0,159,40,0,199,192,0,192,391
07/13/2022,BTL,MI,AGL,CE,Federal Contract Tower,0,8,8,1,17,0,137,18,1,156,0,145,26,2,173,176,2,178,351
07/14/2022,BTL,MI,AGL,CE,Federal Contract Tower,0,12,11,0,23,0,269,51,6,326,0,281,62,6,349,430,12,442,791
07/15/2022,BTL,MI,AGL,CE,Federal Contract Tower,0,10,19,0,29,0,144,17,0,161,0,154,36,0,190,174,0,174,364
07/16/2022,BTL,MI,AGL,CE,Federal Contract Tower,0,26,10,0,36,0,29,25,0,54,0,55,35,0,90,74,0,74,164
07/17/2022,BTL,MI,AGL,CE,Federal Contract Tower,0,0,6,0,6,0,0,13,0,13,0,0,19,0,19,0,0,0,19
07/18/2022,BTL,MI,AGL,CE,Federal Contract Tower,0,24,10,0,34,0,233,24,0,257,0,257,34,0,291,94,0,94,385
07/19/2022,BTL,MI,AGL,CE,Federal Contract Tower,0,12,8,0,20,0,224,14,0,238,0,236,22,0,258,226,6,232,490
07/20/2022,BTL,MI,AGL,CE,Federal Contract Tower,0,26,2,0,28,0,69,9,0,78,0,95,11,0,106,158,0,158,264
07/21/2022,BTL,MI,AGL,CE,Federal Contract Tower,0,9,9,0,18,0,188,20,0,208,0,197,29,0,226,276,0,276,502
07/22/2022,BTL,MI,AGL,CE,Federal Contract Tower,0,2,15,0,17,0,214,37,0,251,0,216,52,0,268,258,0,258,526
07/23/2022,BTL,MI,AGL,CE,Federal Contract Tower,0,2,4,0,6,0,58,15,0,73,0,60,19,0,79,40,0,40,119
07/24/2022,BTL,MI,AGL,CE,Federal Contract Tower,0,4,9,0,13,0,0,1,0,1,0,4,10,0,14,0,0,0,14
07/25/2022,BTL,MI,AGL,CE,Federal Contract Tower,0,4,12,0,16,0,193,39,0,232,0,197,51,0,248,282,0,282,530
07/26/2022,BTL,MI,AGL,CE,Federal Contract Tower,0,8,10,0,18,0,222,27,0,249,0,230,37,0,267,376,0,376,643
07/27/2022,BTL,MI,AGL,CE,Federal Contract Tower,0,18,11,0,29,0,68,9,0,77,0,86,20,0,106,110,0,110,216
07/28/2022,BTL,MI,AGL,CE,Federal Contract Tower,0,1,9,0,10,0,162,22,0,184,0,163,31,0,194,196,0,196,390
07/29/2022,BTL,MI,AGL,CE,Federal Contract Tower,0,14,15,1,30,0,161,24,0,185,0,175,39,1,215,324,20,344,559
07/30/2022,BTL,MI,AGL,CE,Federal Contract Tower,0,5,1,0,6,0,123,40,0,163,0,128,41,0,169,244,0,244,413
07/31/2022,BTL,MI,AGL,CE,Federal Contract Tower,0,2,5,0,7,0,2,33,0,35,0,4,38,0,42,10,0,10,52
08/01/2022,BTL,MI,AGL,CE,Federal Contract Tower,0,4,15,1,20,0,36,4,0,40,0,40,19,1,60,42,0,42,102
08/02/2022,BTL,MI,AGL,CE,Federal Contract Tower,0,12,3,0,15,0,292,33,0,325,0,304,36,0,340,348,0,348,688
08/03/2022,BTL,MI,AGL,CE,Federal Contract Tower,0,1,10,0,11,0,66,6,3,75,0,67,16,3,86,114,0,114,200
08/04/2022,BTL,MI,AGL,CE,Federal Contract Tower,0,17,4,0,21,0,14,4,0,18,0,31,8,0,39,38,0,38,77
08/05/2022,BTL,MI,AGL,CE,Federal Contract Tower,0,11,6,0,17,0,32,15,0,47,0,43,21,0,64,138,0,138,202
08/06/2022,BTL,MI,AGL,CE,Federal Contract Tower,0,13,5,0,18,0,118,55,0,173,0,131,60,0,191,198,0,198,389
08/07/2022,BTL,MI,AGL,CE,Federal Contract Tower,0,5,8,0,13,0,0,12,0,12,0,5,20,0,25,0,0,0,25
08/08/2022,BTL,MI,AGL,CE,Federal Contract Tower,0,13,9,0,22,0,1,2,0,3,0,14,11,0,25,4,0,4,29
08/09/2022,BTL,MI,AGL,CE,Federal Contract Tower,0,27,3,0,30,0,264,37,0,301,0,291,40,0,331,392,0,392,723
08/10/2022,BTL,MI,AGL,CE,Federal Contract Tower,0,7,10,0,17,0,278,41,10,329,0,285,51,10,346,410,0,410,756
08/11/2022,BTL,MI,AGL,CE,Federal Contract Tower,2,10,10,0,22,0,253,22,5,280,2,263,32,5,302,436,0,436,738
08/12/2022,BTL,MI,AGL,CE,Federal Contract Tower,0,4,13,0,17,0,228,46,10,284,0,232,59,10,301,334,0,334,635
08/13/2022,BTL,MI,AGL,CE,Federal Contract Tower,0,2,1,0,3,0,9,10,24,43,0,11,11,24,46,62,0,62,108
08/14/2022,BTL,MI,AGL,CE,Federal Contract Tower,0,1,16,0,17,0,0,0,0,0,0,1,16,0,17,0,0,0,17
08/15/2022,BTL,MI,AGL,CE,Federal Contract Tower,0,7,9,0,16,0,277,28,0,305,0,284,37,0,321,66,0,66,387
08/16/2022,BTL,MI,AGL,CE,Federal Contract Tower,0,15,4,0,19,0,230,25,0,255,0,245,29,0,274,362,2,364,638
08/17/2022,BTL,MI,AGL,CE,Federal Contract Tower,0,15,11,0,26,0,194,17,0,211,0,209,28,0,237,332,0,332,569
08/18/2022,BTL,MI,AGL,CE,Federal Contract Tower,0,5,7,0,12,0,219,33,8,260,0,224,40,8,272,236,0,236,508
08/19/2022,BTL,MI,AGL,CE,Federal Contract Tower,0,8,5,0,13,0,193,40,0,233,0,201,45,0,246,276,0,276,522
08/20/2022,BTL,MI,AGL,CE,Federal Contract Tower,0,0,3,0,3,0,38,18,0,56,0,38,21,0,59,198,0,198,257
08/21/2022,BTL,MI,AGL,CE,Federal Contract Tower,0,5,10,0,15,0,0,4,0,4,0,5,14,0,19,10,0,10,29
08/22/2022,BTL,MI,AGL,CE,Federal Contract Tower,0,14,9,0,23,0,142,12,0,154,0,156,21,0,177,140,0,140,317
08/23/2022,BTL,MI,AGL,CE,Federal Contract Tower,0,7,5,0,12,0,241,22,0,263,0,248,27,0,275,332,0,332,607
08/24/2022,BTL,MI,AGL,CE,Federal Contract Tower,0,8,6,0,14,0,232,22,2,256,0,240,28,2,270,428,0,428,698
08/25/2022,BTL,MI,AGL,CE,Federal Contract Tower,0,7,7,0,14,0,157,11,0,168,0,164,18,0,182,320,0,320,502
08/26/2022,BTL,MI,AGL,CE,Federal Contract Tower,5,28,23,0,56,0,66,13,0,79,5,94,36,0,135,92,0,92,227
08/27/2022,BTL,MI,AGL,CE,Federal Contract Tower,0,11,6,0,17,0,80,37,0,117,0,91,43,0,134,118,0,118,252
08/28/2022,BTL,MI,AGL,CE,Federal Contract Tower,0,1,7,0,8,0,0,19,0,19,0,1,26,0,27,0,0,0,27
08/29/2022,BTL,MI,AGL,CE,Federal Contract Tower,0,9,9,0,18,0,0,3,0,3,0,9,12,0,21,8,0,8,29
08/30/2022,BTL,MI,AGL,CE,Federal Contract Tower,0,21,4,0,25,0,164,14,1,179,0,185,18,1,204,258,0,258,462
08/31/2022,BTL,MI,AGL,CE,Federal Contract Tower,0,8,9,0,17,0,188,10,0,198,0,196,19,0,215,276,0,276,491
09/01/2022,BTL,MI,AGL,CE,Federal Contract Tower,0,2,12,0,14,0,172,19,3,194,0,174,31,3,208,292,2,294,502
09/02/2022,BTL,MI,AGL,CE,Federal Contract Tower,0,11,5,0,16,0,136,35,0,171,0,147,40,0,187,254,0,254,441
09/03/2022,BTL,MI,AGL,CE,Federal Contract Tower,0,3,3,0,6,0,6,27,0,33,0,9,30,0,39,48,0,48,87
09/04/2022,BTL,MI,AGL,CE,Federal Contract Tower,0,0,1,0,1,0,0,1,0,1,0,0,2,0,2,0,0,0,2
09/05/2022,BTL,MI,AGL,CE,Federal Contract Tower,0,3,4,0,7,0,7,4,0,11,0,10,8,0,18,58,0,58,76
09/06/2022,BTL,MI,AGL,CE,Federal Contract Tower,0,32,12,0,44,0,80,16,0,96,0,112,28,0,140,192,0,192,332
09/07/2022,BTL,MI,AGL,CE,Federal Contract Tower,0,15,7,1,23,0,185,21,0,206,0,200,28,1,229,190,0,190,419
09/08/2022,BTL,MI,AGL,CE,Federal Contract Tower,0,10,10,0,20,0,282,28,0,310,0,292,38,0,330,402,0,402,732
09/09/2022,BTL,MI,AGL,CE,Federal Contract Tower,0,6,14,0,20,0,250,39,0,289,0,256,53,0,309,382,0,382,691
09/10/2022,BTL,MI,AGL,CE,Federal Contract Tower,0,14,9,0,23,0,138,17,0,155,0,152,26,0,178,196,0,196,374
09/11/2022,BTL,MI,AGL,CE,Federal Contract Tower,0,2,5,0,7,0,0,0,0,0,0,2,5,0,7,0,0,0,7
09/12/2022,BTL,MI,AGL,CE,Federal Contract Tower,0,27,3,0,30,0,39,3,0,42,0,66,6,0,72,88,0,88,160
09/13/2022,BTL,MI,AGL,CE,Federal Contract Tower,0,32,3,0,35,0,169,14,0,183,0,201,17,0,218,288,0,288,506
09/14/2022,BTL,MI,AGL,CE,Federal Contract Tower,0,14,2,0,16,0,156,12,1,169,0,170,14,1,185,272,2,274,459
09/15/2022,BTL,MI,AGL,CE,Federal Contract Tower,0,13,14,1,28,0,232,21,5,258,0,245,35,6,286,266,6,272,558
09/17/2022,BTL,MI,AGL,CE,Federal Contract Tower,0,7,11,0,18,0,93,43,0,136,0,100,54,0,154,84,0,84,238
09/18/2022,BTL,MI,AGL,CE,Federal Contract Tower,0,2,7,0,9,0,27,13,0,40,0,29,20,0,49,122,0,122,171
09/19/2022,BTL,MI,AGL,CE,Federal Contract Tower,0,19,7,0,26,0,124,22,0,146,0,143,29,0,172,150,0,150,322
09/20/2022,BTL,MI,AGL,CE,Federal Contract Tower,0,4,9,0,13,0,97,9,0,106,0,101,18,0,119,178,0,178,297
09/21/2022,BTL,MI,AGL,CE,Federal Contract Tower,0,14,16,0,30,0,104,11,0,115,0,118,27,0,145,104,4,108,253
09/22/2022,BTL,MI,AGL,CE,Federal Contract Tower,0,19,7,0,26,0,96,11,0,107,0,115,18,0,133,64,0,64,197
09/23/2022,BTL,MI,AGL,CE,Federal Contract Tower,0,7,8,0,15,0,227,41,4,272,0,234,49,4,287,244,0,244,531
09/24/2022,BTL,MI,AGL,CE,Federal Contract Tower,0,14,9,0,23,0,98,17,0,115,0,112,26,0,138,208,0,208,346
09/25/2022,BTL,MI,AGL,CE,Federal Contract Tower,0,1,5,0,6,0,0,3,0,3,0,1,8,0,9,0,0,0,9
09/26/2022,BTL,MI,AGL,CE,Federal Contract Tower,0,6,3,0,9,0,0,0,0,0,0,6,3,0,9,0,0,0,9
09/27/2022,BTL,MI,AGL,CE,Federal Contract Tower,0,24,5,2,31,0,41,16,0,57,0,65,21,2,88,56,0,56,144
09/28/2022,BTL,MI,AGL,CE,Federal Contract Tower,0,28,7,0,35,0,81,10,0,91,0,109,17,0,126,132,0,132,258
09/29/2022,BTL,MI,AGL,CE,Federal Contract Tower,0,17,5,0,22,0,282,29,0,311,0,299,34,0,333,528,0,528,861
09/30/2022,BTL,MI,AGL,CE,Federal Contract Tower,0,4,5,0,9,0,266,19,0,285,0,270,24,0,294,348,0,348,642
10/01/2022,BTL,MI,AGL,CE,Federal Contract Tower,0,5,3,0,8,0,152,33,0,185,0,157,36,0,193,318,0,318,511
10/02/2022,BTL,MI,AGL,CE,Federal Contract Tower,0,4,5,0,9,0,26,7,0,33,0,30,12,0,42,142,0,142,184
10/03/2022,BTL,MI,AGL,CE,Federal Contract Tower,0,8,8,0,16,0,237,35,0,272,0,245,43,0,288,368,0,368,656
10/04/2022,BTL,MI,AGL,CE,Federal Contract Tower,0,7,2,0,9,0,252,29,0,281,0,259,31,0,290,463,0,463,753
10/05/2022,BTL,MI,AGL,CE,Federal Contract Tower,0,9,4,0,13,0,285,24,0,309,0,294,28,0,322,454,0,454,776
10/06/2022,BTL,MI,AGL,CE,Federal Contract Tower,0,13,4,0,17,0,187,16,0,203,0,200,20,0,220,200,0,200,420
10/07/2022,BTL,MI,AGL,CE,Federal Contract Tower,0,20,5,0,25,0,112,11,0,123,0,132,16,0,148,170,0,170,318
10/08/2022,BTL,MI,AGL,CE,Federal Contract Tower,0,3,5,0,8,0,61,13,0,74,0,64,18,0,82,98,0,98,180
10/09/2022,BTL,MI,AGL,CE,Federal Contract Tower,0,3,4,0,7,0,0,19,0,19,0,3,23,0,26,16,0,16,42
10/10/2022,BTL,MI,AGL,CE,Federal Contract Tower,0,5,8,0,13,0,257,31,0,288,0,262,39,0,301,276,0,276,577
10/11/2022,BTL,MI,AGL,CE,Federal Contract Tower,0,8,6,2,16,0,75,9,3,87,0,83,15,5,103,158,0,158,261
10/12/2022,BTL,MI,AGL,CE,Federal Contract Tower,0,5,1,0,6,0,2,0,0,2,0,7,1,0,8,0,0,0,8
10/13/2022,BTL,MI,AGL,CE,Federal Contract Tower,0,6,15,0,21,0,60,8,4,72,0,66,23,4,93,52,0,52,145
10/14/2022,BTL,MI,AGL,CE,Federal Contract Tower,0,5,9,0,14,0,217,19,0,236,0,222,28,0,250,308,0,308,558
10/15/2022,BTL,MI,AGL,CE,Federal Contract Tower,0,5,8,0,13,0,61,31,0,92,0,66,39,0,105,60,0,60,165
10/16/2022,BTL,MI,AGL,CE,Federal Contract Tower,0,5,4,0,9,0,0,25,0,25,0,5,29,0,34,20,0,20,54
10/17/2022,BTL,MI,AGL,CE,Federal Contract Tower,0,2,1,0,3,0,0,0,0,0,0,2,1,0,3,0,0,0,3
10/18/2022,BTL,MI,AGL,CE,Federal Contract Tower,0,2,7,0,9,0,0,0,0,0,0,2,7,0,9,0,0,0,9
10/19/2022,BTL,MI,AGL,CE,Federal Contract Tower,0,10,1,0,11,0,13,3,0,16,0,23,4,0,27,44,0,44,71
10/20/2022,BTL,MI,AGL,CE,Federal Contract Tower,0,14,8,0,22,0,239,17,0,256,0,253,25,0,278,320,0,320,598
10/21/2022,BTL,MI,AGL,CE,Federal Contract Tower,0,6,10,0,16,0,123,19,0,142,0,129,29,0,158,136,0,136,294
10/22/2022,BTL,MI,AGL,CE,Federal Contract Tower,0,3,5,0,8,0,28,29,4,61,0,31,34,4,69,36,0,36,105
10/23/2022,BTL,MI,AGL,CE,Federal Contract Tower,0,2,3,0,5,0,0,7,0,7,0,2,10,0,12,0,0,0,12
10/24/2022,BTL,MI,AGL,CE,Federal Contract Tower,0,6,2,0,8,0,174,16,0,190,0,180,18,0,198,192,0,192,390
10/25/2022,BTL,MI,AGL,CE,Federal Contract Tower,0,12,4,0,16,0,178,13,0,191,0,190,17,0,207,172,0,172,379
10/26/2022,BTL,MI,AGL,CE,Federal Contract Tower,0,14,9,0,23,0,27,0,2,29,0,41,9,2,52,18,0,18,70
10/27/2022,BTL,MI,AGL,CE,Federal Contract Tower,0,15,6,0,21,0,296,29,0,325,0,311,35,0,346,464,0,464,810
10/28/2022,BTL,MI,AGL,CE,Federal Contract Tower,0,15,15,0,30,0,216,32,0,248,0,231,47,0,278,326,0,326,604
10/29/2022,BTL,MI,AGL,CE,Federal Contract Tower,0,4,6,0,10,0,112,37,0,149,0,116,43,0,159,176,0,176,335
10/30/2022,BTL,MI,AGL,CE,Federal Contract Tower,0,7,4,0,11,0,0,18,0,18,0,7,22,0,29,56,0,56,85
10/31/2022,BTL,MI,AGL,CE,Federal Contract Tower,0,4,3,0,7,0,0,0,0,0,0,4,3,0,7,0,0,0,7
11/01/2022,BTL,MI,AGL,CE,Federal Contract Tower,0,9,5,0,14,0,203,9,0,212,0,212,14,0,226,212,0,212,438
11/02/2022,BTL,MI,AGL,CE,Federal Contract Tower,0,17,5,0,22,0,225,53,0,278,0,242,58,0,300,362,0,362,662
11/03/2022,BTL,MI,AGL,CE,Federal Contract Tower,0,10,5,0,15,0,220,10,0,230,0,230,15,0,245,322,0,322,567
11/04/2022,BTL,MI,AGL,CE,Federal Contract Tower,0,8,4,7,19,0,20,3,1,24,0,28,7,8,43,12,0,12,55
11/05/2022,BTL,MI,AGL,CE,Federal Contract Tower,0,1,1,0,2,0,0,0,0,0,0,1,1,0,2,0,0,0,2
11/06/2022,BTL,MI,AGL,CE,Federal Contract Tower,0,4,7,0,11,0,0,2,0,2,0,4,9,0,13,4,0,4,17
11/08/2022,BTL,MI,AGL,CE,Federal Contract Tower,0,3,7,0,10,0,235,15,0,250,0,238,22,0,260,170,0,170,430
11/09/2022,BTL,MI,AGL,CE,Federal Contract Tower,0,16,5,0,21,0,254,20,0,274,0,270,25,0,295,328,0,328,623
11/10/2022,BTL,MI,AGL,CE,Federal Contract Tower,0,10,3,0,13,0,183,12,2,197,0,193,15,2,210,264,0,264,474
11/11/2022,BTL,MI,AGL,CE,Federal Contract Tower,0,7,7,0,14,0,111,17,0,128,0,118,24,0,142,160,0,160,302
11/12/2022,BTL,MI,AGL,CE,Federal Contract Tower,0,2,0,0,2,0,4,0,0,4,0,6,0,0,6,30,0,30,36
11/13/2022,BTL,MI,AGL,CE,Federal Contract Tower,0,0,0,0,0,0,0,6,0,6,0,0,6,0,6,0,0,0,6
11/14/2022,BTL,MI,AGL,CE,Federal Contract Tower,0,7,12,0,19,0,195,31,0,226,0,202,43,0,245,232,0,232,477
11/15/2022,BTL,MI,AGL,CE,Federal Contract Tower,0,3,1,0,4,0,0,0,0,0,0,3,1,0,4,0,0,0,4
11/16/2022,BTL,MI,AGL,CE,Federal Contract Tower,0,14,3,0,17,0,1,1,0,2,0,15,4,0,19,0,0,0,19
11/17/2022,BTL,MI,AGL,CE,Federal Contract Tower,0,5,3,0,8,0,0,0,0,0,0,5,3,0,8,0,0,0,8
11/18/2022,BTL,MI,AGL,CE,Federal Contract Tower,0,0,0,0,0,0,0,0,0,0,0,0,0,0,0,0,0,0,0
11/19/2022,BTL,MI,AGL,CE,Federal Contract Tower,0,0,3,0,3,0,0,0,0,0,0,0,3,0,3,0,0,0,3
11/20/2022,BTL,MI,AGL,CE,Federal Contract Tower,0,3,2,0,5,0,0,4,0,4,0,3,6,0,9,14,0,14,23
11/21/2022,BTL,MI,AGL,CE,Federal Contract Tower,0,6,5,0,11,0,141,25,0,166,0,147,30,0,177,110,0,110,287
11/22/2022,BTL,MI,AGL,CE,Federal Contract Tower,0,10,5,0,15,0,230,25,4,259,0,240,30,4,274,298,0,298,572
11/23/2022,BTL,MI,AGL,CE,Federal Contract Tower,0,21,7,0,28,0,165,28,0,193,0,186,35,0,221,218,0,218,439
11/24/2022,BTL,MI,AGL,CE,Federal Contract Tower,0,3,1,0,4,0,1,18,0,19,0,4,19,0,23,26,0,26,49
11/25/2022,BTL,MI,AGL,CE,Federal Contract Tower,0,1,0,0,1,0,0,12,0,12,0,1,12,0,13,10,0,10,23
11/26/2022,BTL,MI,AGL,CE,Federal Contract Tower,0,3,1,0,4,0,0,29,0,29,0,3,30,0,33,8,0,8,41
11/27/2022,BTL,MI,AGL,CE,Federal Contract Tower,0,1,3,0,4,0,0,0,0,0,0,1,3,0,4,0,0,0,4
11/28/2022,BTL,MI,AGL,CE,Federal Contract Tower,0,5,3,0,8,0,177,15,0,192,0,182,18,0,200,344,0,344,544
11/29/2022,BTL,MI,AGL,CE,Federal Contract Tower,0,8,4,0,12,0,6,5,0,11,0,14,9,0,23,10,0,10,33
11/30/2022,BTL,MI,AGL,CE,Federal Contract Tower,0,5,5,0,10,0,0,0,0,0,0,5,5,0,10,0,0,0,10
12/01/2022,BTL,MI,AGL,CE,Federal Contract Tower,0,20,6,0,26,0,223,16,2,241,0,243,22,2,267,390,0,390,657
12/02/2022,BTL,MI,AGL,CE,Federal Contract Tower,0,7,5,0,12,0,83,7,0,90,0,90,12,0,102,92,0,92,194
12/03/2022,BTL,MI,AGL,CE,Federal Contract Tower,0,0,1,0,1,0,0,0,0,0,0,0,1,0,1,0,0,0,1
12/04/2022,BTL,MI,AGL,CE,Federal Contract Tower,0,4,4,0,8,0,1,14,0,15,0,5,18,0,23,12,0,12,35
12/05/2022,BTL,MI,AGL,CE,Federal Contract Tower,0,3,5,1,9,0,199,6,0,205,0,202,11,1,214,258,0,258,472
12/06/2022,BTL,MI,AGL,CE,Federal Contract Tower,0,18,11,0,29,0,43,4,2,49,0,61,15,2,78,198,0,198,276
12/07/2022,BTL,MI,AGL,CE,Federal Contract Tower,0,26,9,4,39,0,28,6,0,34,0,54,15,4,73,82,0,82,155
12/08/2022,BTL,MI,AGL,CE,Federal Contract Tower,0,13,5,0,18,0,53,2,0,55,0,66,7,0,73,126,0,126,199
12/09/2022,BTL,MI,AGL,CE,Federal Contract Tower,0,4,3,0,7,0,20,0,0,20,0,24,3,0,27,48,0,48,75
12/10/2022,BTL,MI,AGL,CE,Federal Contract Tower,0,2,0,0,2,0,0,0,0,0,0,2,0,0,2,0,0,0,2
12/11/2022,BTL,MI,AGL,CE,Federal Contract Tower,0,1,1,0,2,0,0,0,0,0,0,1,1,0,2,0,0,0,2
12/12/2022,BTL,MI,AGL,CE,Federal Contract Tower,0,5,6,0,11,0,48,14,0,62,0,53,20,0,73,100,0,100,173
12/13/2022,BTL,MI,AGL,CE,Federal Contract Tower,0,6,9,0,15,0,32,13,0,45,0,38,22,0,60,102,0,102,162
12/14/2022,BTL,MI,AGL,CE,Federal Contract Tower,0,6,2,0,8,0,55,2,0,57,0,61,4,0,65,56,0,56,121
12/15/2022,BTL,MI,AGL,CE,Federal Contract Tower,0,4,5,0,9,0,1,0,0,1,0,5,5,0,10,0,0,0,10
12/16/2022,BTL,MI,AGL,CE,Federal Contract Tower,0,2,5,0,7,0,4,0,0,4,0,6,5,0,11,10,0,10,21
12/17/2022,BTL,MI,AGL,CE,Federal Contract Tower,0,6,3,0,9,0,0,0,0,0,0,6,3,0,9,0,0,0,9
12/18/2022,BTL,MI,AGL,CE,Federal Contract Tower,0,0,0,0,0,0,0,0,0,0,0,0,0,0,0,0,0,0,0
12/19/2022,BTL,MI,AGL,CE,Federal Contract Tower,0,0,9,0,9,0,0,0,0,0,0,0,9,0,9,0,0,0,9
12/20/2022,BTL,MI,AGL,CE,Federal Contract Tower,0,9,4,0,13,0,169,21,2,192,0,178,25,2,205,226,8,234,439
12/21/2022,BTL,MI,AGL,CE,Federal Contract Tower,0,13,5,0,18,0,94,14,0,108,0,107,19,0,126,202,0,202,328
12/22/2022,BTL,MI,AGL,CE,Federal Contract Tower,0,1,4,0,5,0,14,3,0,17,0,15,7,0,22,24,0,24,46
12/23/2022,BTL,MI,AGL,CE,Federal Contract Tower,0,0,0,0,0,0,0,0,0,0,0,0,0,0,0,0,0,0,0
12/24/2022,BTL,MI,AGL,CE,Federal Contract Tower,0,1,1,0,2,0,0,0,0,0,0,1,1,0,2,0,0,0,2
12/25/2022,BTL,MI,AGL,CE,Federal Contract Tower,0,3,0,0,3,0,0,0,0,0,0,3,0,0,3,0,0,0,3
12/26/2022,BTL,MI,AGL,CE,Federal Contract Tower,0,3,7,0,10,0,0,2,0,2,0,3,9,0,12,0,0,0,12
12/27/2022,BTL,MI,AGL,CE,Federal Contract Tower,0,4,5,0,9,0,2,11,2,15,0,6,16,2,24,32,0,32,56
12/28/2022,BTL,MI,AGL,CE,Federal Contract Tower,0,3,6,0,9,0,1,10,0,11,0,4,16,0,20,2,0,2,22
12/29/2022,BTL,MI,AGL,CE,Federal Contract Tower,0,4,5,0,9,0,0,0,0,0,0,4,5,0,9,0,0,0,9
12/30/2022,BTL,MI,AGL,CE,Federal Contract Tower,0,1,12,0,13,0,0,0,0,0,0,1,12,0,13,0,0,0,13
12/31/2022,BTL,MI,AGL,CE,Federal Contract Tower,0,1,0,0,1,0,0,4,0,4,0,1,4,0,5,20,0,20,25
01/01/2023,BTL,MI,AGL,CE,Federal Contract Tower,0,1,0,0,1,0,0,0,0,0,0,1,0,0,1,0,0,0,1
01/02/2023,BTL,MI,AGL,CE,Federal Contract Tower,0,4,4,0,8,0,0,0,0,0,0,4,4,0,8,0,0,0,8
01/03/2023,BTL,MI,AGL,CE,Federal Contract Tower,0,2,3,0,5,0,0,0,0,0,0,2,3,0,5,0,0,0,5
01/04/2023,BTL,MI,AGL,CE,Federal Contract Tower,0,14,8,0,22,0,19,8,0,27,0,33,16,0,49,62,0,62,111
01/05/2023,BTL,MI,AGL,CE,Federal Contract Tower,0,5,2,0,7,0,0,0,0,0,0,5,2,0,7,0,0,0,7
01/06/2023,BTL,MI,AGL,CE,Federal Contract Tower,0,2,6,0,8,0,0,0,0,0,0,2,6,0,8,0,0,0,8
01/07/2023,BTL,MI,AGL,CE,Federal Contract Tower,0,2,3,0,5,0,0,28,0,28,0,2,31,0,33,10,0,10,43
01/08/2023,BTL,MI,AGL,CE,Federal Contract Tower,0,2,0,0,2,1,0,4,0,5,1,2,4,0,7,14,0,14,21
01/09/2023,BTL,MI,AGL,CE,Federal Contract Tower,0,11,13,0,24,0,163,14,0,177,0,174,27,0,201,242,0,242,443
01/10/2023,BTL,MI,AGL,CE,Federal Contract Tower,0,5,2,0,7,0,15,0,0,15,0,20,2,0,22,18,0,18,40
01/11/2023,BTL,MI,AGL,CE,Federal Contract Tower,0,15,4,0,19,0,146,13,0,159,0,161,17,0,178,208,0,208,386
01/12/2023,BTL,MI,AGL,CE,Federal Contract Tower,0,6,4,0,10,0,0,0,0,0,0,6,4,0,10,0,0,0,10
01/13/2023,BTL,MI,AGL,CE,Federal Contract Tower,0,5,1,0,6,0,101,7,0,108,0,106,8,0,114,222,0,222,336
01/14/2023,BTL,MI,AGL,CE,Federal Contract Tower,0,6,14,0,20,0,212,46,0,258,0,218,60,0,278,276,0,276,554
01/15/2023,BTL,MI,AGL,CE,Federal Contract Tower,0,8,3,0,11,0,0,21,0,21,0,8,24,0,32,42,0,42,74
01/16/2023,BTL,MI,AGL,CE,Federal Contract Tower,0,3,3,0,6,0,0,5,0,5,0,3,8,0,11,24,0,24,35
01/17/2023,BTL,MI,AGL,CE,Federal Contract Tower,0,1,6,0,7,0,0,0,0,0,0,1,6,0,7,0,0,0,7
01/18/2023,BTL,MI,AGL,CE,Federal Contract Tower,0,5,3,0,8,0,2,4,0,6,0,7,7,0,14,44,0,44,58
01/19/2023,BTL,MI,AGL,CE,Federal Contract Tower,0,1,3,0,4,0,0,0,0,0,0,1,3,0,4,0,0,0,4
01/20/2023,BTL,MI,AGL,CE,Federal Contract Tower,0,1,3,0,4,0,0,0,0,0,0,1,3,0,4,0,0,0,4
01/21/2023,BTL,MI,AGL,CE,Federal Contract Tower,0,1,5,0,6,0,22,4,0,26,0,23,9,0,32,98,0,98,130
01/22/2023,BTL,MI,AGL,CE,Federal Contract Tower,0,3,0,0,3,0,0,0,0,0,0,3,0,0,3,0,0,0,3
01/23/2023,BTL,MI,AGL,CE,Federal Contract Tower,0,1,13,0,14,0,0,0,0,0,0,1,13,0,14,0,0,0,14
01/24/2023,BTL,MI,AGL,CE,Federal Contract Tower,0,5,5,0,10,0,40,7,0,47,0,45,12,0,57,98,0,98,155
01/25/2023,BTL,MI,AGL,CE,Federal Contract Tower,0,3,2,0,5,0,0,0,0,0,0,3,2,0,5,0,0,0,5
01/26/2023,BTL,MI,AGL,CE,Federal Contract Tower,0,3,7,0,10,0,0,0,0,0,0,3,7,0,10,0,0,0,10
01/27/2023,BTL,MI,AGL,CE,Federal Contract Tower,0,11,3,0,14,0,27,0,0,27,0,38,3,0,41,10,0,10,51
01/28/2023,BTL,MI,AGL,CE,Federal Contract Tower,0,4,4,0,8,0,9,2,0,11,0,13,6,0,19,22,0,22,41
01/29/2023,BTL,MI,AGL,CE,Federal Contract Tower,0,3,2,0,5,0,0,0,0,0,0,3,2,0,5,0,0,0,5
01/30/2023,BTL,MI,AGL,CE,Federal Contract Tower,0,16,5,0,21,0,20,6,0,26,0,36,11,0,47,14,0,14,61
01/31/2023,BTL,MI,AGL,CE,Federal Contract Tower,0,21,0,0,21,0,223,8,0,231,0,244,8,0,252,256,2,258,510
02/01/2023,BTL,MI,AGL,CE,Federal Contract Tower,0,11,5,0,16,0,303,17,0,320,0,314,22,0,336,404,0,404,740
02/02/2023,BTL,MI,AGL,CE,Federal Contract Tower,0,13,6,0,19,0,171,12,8,191,0,184,18,8,210,202,0,202,412
02/03/2023,BTL,MI,AGL,CE,Federal Contract Tower,0,12,2,0,14,0,240,4,0,244,0,252,6,0,258,216,0,216,474
02/04/2023,BTL,MI,AGL,CE,Federal Contract Tower,0,9,2,0,11,0,70,14,0,84,0,79,16,0,95,88,0,88,183
02/05/2023,BTL,MI,AGL,CE,Federal Contract Tower,0,11,1,0,12,0,17,5,0,22,0,28,6,0,34,44,0,44,78
02/06/2023,BTL,MI,AGL,CE,Federal Contract Tower,0,18,3,0,21,0,235,19,0,254,0,253,22,0,275,162,0,162,437
02/07/2023,BTL,MI,AGL,CE,Federal Contract Tower,0,4,3,0,7,0,9,1,4,14,0,13,4,4,21,28,0,28,49
02/08/2023,BTL,MI,AGL,CE,Federal Contract Tower,0,21,3,0,24,0,172,14,4,190,0,193,17,4,214,288,16,304,518
02/09/2023,BTL,MI,AGL,CE,Federal Contract Tower,0,8,3,0,11,0,0,0,0,0,0,8,3,0,11,0,0,0,11
02/11/2023,BTL,MI,AGL,CE,Federal Contract Tower,0,5,6,0,11,0,180,48,0,228,0,185,54,0,239,196,0,196,435
02/12/2023,BTL,MI,AGL,CE,Federal Contract Tower,0,8,1,0,9,0,90,18,0,108,0,98,19,0,117,110,0,110,227
02/13/2023,BTL,MI,AGL,CE,Federal Contract Tower,0,7,10,0,17,0,205,9,0,214,0,212,19,0,231,190,0,190,421
02/14/2023,BTL,MI,AGL,CE,Federal Contract Tower,0,8,2,0,10,0,166,8,0,174,0,174,10,0,184,184,2,186,370
02/15/2023,BTL,MI,AGL,CE,Federal Contract Tower,0,6,2,0,8,0,0,0,0,0,0,6,2,0,8,0,0,0,8
02/16/2023,BTL,MI,AGL,CE,Federal Contract Tower,0,4,0,0,4,0,0,0,0,0,0,4,0,0,4,0,0,0,4
02/17/2023,BTL,MI,AGL,CE,Federal Contract Tower,0,9,3,0,12,0,49,0,0,49,0,58,3,0,61,94,0,94,155
02/18/2023,BTL,MI,AGL,CE,Federal Contract Tower,0,6,5,0,11,0,154,19,0,173,0,160,24,0,184,212,4,216,400
02/19/2023,BTL,MI,AGL,CE,Federal Contract Tower,0,2,2,0,4,0,48,2,0,50,0,50,4,0,54,58,0,58,112
02/20/2023,BTL,MI,AGL,CE,Federal Contract Tower,0,5,6,0,11,0,311,25,0,336,0,316,31,0,347,292,0,292,639
02/21/2023,BTL,MI,AGL,CE,Federal Contract Tower,0,8,9,0,17,0,80,3,2,85,0,88,12,2,102,68,22,90,192
02/22/2023,BTL,MI,AGL,CE,Federal Contract Tower,0,0,0,0,0,0,0,0,0,0,0,0,0,0,0,0,0,0,0
02/23/2023,BTL,MI,AGL,CE,Federal Contract Tower,0,3,3,0,6,0,0,0,0,0,0,3,3,0,6,0,0,0,6
02/24/2023,BTL,MI,AGL,CE,Federal Contract Tower,0,5,3,0,8,0,161,9,0,170,0,166,12,0,178,272,0,272,450
02/25/2023,BTL,MI,AGL,CE,Federal Contract Tower,0,4,8,0,12,0,14,5,0,19,0,18,13,0,31,122,0,122,153
02/26/2023,BTL,MI,AGL,CE,Federal Contract Tower,0,7,3,0,10,0,61,18,0,79,0,68,21,0,89,98,0,98,187
02/27/2023,BTL,MI,AGL,CE,Federal Contract Tower,0,0,2,0,2,0,0,0,0,0,0,0,2,0,2,0,0,0,2
02/28/2023,BTL,MI,AGL,CE,Federal Contract Tower,0,19,5,0,24,0,134,11,0,145,0,153,16,0,169,148,0,148,317
03/01/2023,BTL,MI,AGL,CE,Federal Contract Tower,0,44,10,0,54,0,141,8,0,149,0,185,18,0,203,170,0,170,373
03/02/2023,BTL,MI,AGL,CE,Federal Contract Tower,0,3,5,0,8,0,46,4,0,50,0,49,9,0,58,90,0,90,148
03/03/2023,BTL,MI,AGL,CE,Federal Contract Tower,0,4,0,0,4,0,16,0,0,16,0,20,0,0,20,34,0,34,54
03/04/2023,BTL,MI,AGL,CE,Federal Contract Tower,0,4,4,0,8,0,24,3,0,27,0,28,7,0,35,40,0,40,75
03/05/2023,BTL,MI,AGL,CE,Federal Contract Tower,0,2,4,0,6,0,3,19,0,22,0,5,23,0,28,28,0,28,56
03/06/2023,BTL,MI,AGL,CE,Federal Contract Tower,0,4,4,0,8,0,21,0,0,21,0,25,4,0,29,22,0,22,51
03/07/2023,BTL,MI,AGL,CE,Federal Contract Tower,0,12,11,0,23,0,275,23,0,298,0,287,34,0,321,428,0,428,749
03/08/2023,BTL,MI,AGL,CE,Federal Contract Tower,0,16,3,0,19,0,233,37,0,270,0,249,40,0,289,390,0,390,679
03/09/2023,BTL,MI,AGL,CE,Federal Contract Tower,0,9,9,0,18,0,133,16,4,153,0,142,25,4,171,184,0,184,355
03/10/2023,BTL,MI,AGL,CE,Federal Contract Tower,0,3,3,0,6,0,0,1,0,1,0,3,4,0,7,2,0,2,9
03/11/2023,BTL,MI,AGL,CE,Federal Contract Tower,0,5,3,0,8,0,0,30,0,30,0,5,33,0,38,4,0,4,42
03/12/2023,BTL,MI,AGL,CE,Federal Contract Tower,0,2,3,0,5,0,0,0,0,0,0,2,3,0,5,0,0,0,5
03/13/2023,BTL,MI,AGL,CE,Federal Contract Tower,0,4,2,0,6,0,0,0,0,0,0,4,2,0,6,0,0,0,6
03/14/2023,BTL,MI,AGL,CE,Federal Contract Tower,0,11,9,0,20,0,221,17,0,238,0,232,26,0,258,280,0,280,538
03/15/2023,BTL,MI,AGL,CE,Federal Contract Tower,0,9,9,0,18,0,247,26,4,277,0,256,35,4,295,438,0,438,733
03/16/2023,BTL,MI,AGL,CE,Federal Contract Tower,0,8,10,0,18,0,127,9,2,138,0,135,19,2,156,184,0,184,340
03/17/2023,BTL,MI,AGL,CE,Federal Contract Tower,0,5,3,0,8,0,0,1,0,1,0,5,4,0,9,0,0,0,9
03/18/2023,BTL,MI,AGL,CE,Federal Contract Tower,0,0,6,0,6,0,0,0,0,0,0,0,6,0,6,0,0,0,6
03/19/2023,BTL,MI,AGL,CE,Federal Contract Tower,0,5,3,0,8,0,17,5,0,22,0,22,8,0,30,28,0,28,58
03/20/2023,BTL,MI,AGL,CE,Federal Contract Tower,0,5,2,0,7,0,122,10,0,132,0,127,12,0,139,170,0,170,309
03/21/2023,BTL,MI,AGL,CE,Federal Contract Tower,0,9,4,0,13,0,319,37,1,357,0,328,41,1,370,474,0,474,844
03/22/2023,BTL,MI,AGL,CE,Federal Contract Tower,0,3,7,0,10,0,0,0,0,0,0,3,7,0,10,0,0,0,10
03/23/2023,BTL,MI,AGL,CE,Federal Contract Tower,0,13,7,0,20,0,53,6,10,69,0,66,13,10,89,98,0,98,187
03/24/2023,BTL,MI,AGL,CE,Federal Contract Tower,3,11,3,0,17,0,194,13,0,207,3,205,16,0,224,276,0,276,500
03/25/2023,BTL,MI,AGL,CE,Federal Contract Tower,0,1,1,0,2,0,0,0,0,0,0,1,1,0,2,0,0,0,2
03/26/2023,BTL,MI,AGL,CE,Federal Contract Tower,0,5,4,0,9,0,101,16,0,117,0,106,20,0,126,212,0,212,338
03/27/2023,BTL,MI,AGL,CE,Federal Contract Tower,0,8,4,0,12,0,133,6,0,139,0,141,10,0,151,218,0,218,369
03/28/2023,BTL,MI,AGL,CE,Federal Contract Tower,0,20,8,0,28,0,190,31,0,221,0,210,39,0,249,252,0,252,501
03/29/2023,BTL,MI,AGL,CE,Federal Contract Tower,1,11,6,0,18,0,83,2,0,85,1,94,8,0,103,90,0,90,193
03/30/2023,BTL,MI,AGL,CE,Federal Contract Tower,0,7,11,0,18,0,257,23,5,285,0,264,34,5,303,424,0,424,727
03/31/2023,BTL,MI,AGL,CE,Federal Contract Tower,0,2,2,0,4,0,0,0,0,0,0,2,2,0,4,0,0,0,4
04/01/2023,BTL,MI,AGL,CE,Federal Contract Tower,0,0,1,0,1,0,0,0,0,0,0,0,1,0,1,0,0,0,1
04/02/2023,BTL,MI,AGL,CE,Federal Contract Tower,0,7,2,0,9,0,89,21,0,110,0,96,23,0,119,218,0,218,337
04/03/2023,BTL,MI,AGL,CE,Federal Contract Tower,0,14,8,0,22,0,195,16,0,211,0,209,24,0,233,336,0,336,569
04/04/2023,BTL,MI,AGL,CE,Federal Contract Tower,1,7,5,0,13,0,0,0,0,0,1,7,5,0,13,4,0,4,17
04/05/2023,BTL,MI,AGL,CE,Federal Contract Tower,0,4,2,0,6,0,1,0,0,1,0,5,2,0,7,0,0,0,7
04/06/2023,BTL,MI,AGL,CE,Federal Contract Tower,1,15,4,1,21,0,247,8,4,259,1,262,12,5,280,284,0,284,564
04/07/2023,BTL,MI,AGL,CE,Federal Contract Tower,1,8,12,1,22,0,140,26,7,173,1,148,38,8,195,156,32,188,383
04/08/2023,BTL,MI,AGL,CE,Federal Contract Tower,0,1,15,1,17,0,21,139,0,160,0,22,154,1,177,18,0,18,195
04/09/2023,BTL,MI,AGL,CE,Federal Contract Tower,0,1,3,0,4,0,7,20,0,27,0,8,23,0,31,70,0,70,101
04/10/2023,BTL,MI,AGL,CE,Federal Contract Tower,0,10,9,0,19,0,294,35,0,329,0,304,44,0,348,444,0,444,792
04/11/2023,BTL,MI,AGL,CE,Federal Contract Tower,0,10,8,0,18,0,190,9,0,199,0,200,17,0,217,252,2,254,471
04/12/2023,BTL,MI,AGL,CE,Federal Contract Tower,1,5,5,0,11,0,60,16,0,76,1,65,21,0,87,116,0,116,203
04/13/2023,BTL,MI,AGL,CE,Federal Contract Tower,0,10,4,0,14,0,277,17,0,294,0,287,21,0,308,384,2,386,694
04/14/2023,BTL,MI,AGL,CE,Federal Contract Tower,0,7,6,0,13,0,227,36,6,269,0,234,42,6,282,330,4,334,616
04/15/2023,BTL,MI,AGL,CE,Federal Contract Tower,3,6,13,0,22,0,109,28,0,137,3,115,41,0,159,248,0,248,407
04/16/2023,BTL,MI,AGL,CE,Federal Contract Tower,0,3,3,0,6,0,20,0,0,20,0,23,3,0,26,92,0,92,118
04/17/2023,BTL,MI,AGL,CE,Federal Contract Tower,0,2,9,0,11,0,0,0,0,0,0,2,9,0,11,0,0,0,11
04/18/2023,BTL,MI,AGL,CE,Federal Contract Tower,0,8,5,0,13,0,112,5,2,119,0,120,10,2,132,88,0,88,220
04/19/2023,BTL,MI,AGL,CE,Federal Contract Tower,0,10,5,0,15,0,282,28,0,310,0,292,33,0,325,276,0,276,601
04/20/2023,BTL,MI,AGL,CE,Federal Contract Tower,0,1,6,0,7,0,84,3,2,89,0,85,9,2,96,86,8,94,190
04/21/2023,BTL,MI,AGL,CE,Federal Contract Tower,1,26,15,0,42,0,206,13,2,221,1,232,28,2,263,448,0,448,711
04/22/2023,BTL,MI,AGL,CE,Federal Contract Tower,0,1,9,0,10,0,44,13,0,57,0,45,22,0,67,90,0,90,157
04/23/2023,BTL,MI,AGL,CE,Federal Contract Tower,1,2,2,0,5,0,7,1,0,8,1,9,3,0,13,0,0,0,13
04/24/2023,BTL,MI,AGL,CE,Federal Contract Tower,0,8,7,0,15,0,213,13,0,226,0,221,20,0,241,272,0,272,513
04/25/2023,BTL,MI,AGL,CE,Federal Contract Tower,0,6,4,0,10,0,0,1,0,1,0,6,5,0,11,2,0,2,13
04/26/2023,BTL,MI,AGL,CE,Federal Contract Tower,0,16,8,0,24,0,326,18,0,344,0,342,26,0,368,306,0,306,674
04/27/2023,BTL,MI,AGL,CE,Federal Contract Tower,0,7,4,0,11,0,185,27,8,220,0,192,31,8,231,246,0,246,477
04/28/2023,BTL,MI,AGL,CE,Federal Contract Tower,0,13,6,0,19,0,50,0,0,50,0,63,6,0,69,100,0,100,169
04/29/2023,BTL,MI,AGL,CE,Federal Contract Tower,0,8,9,0,17,0,30,10,0,40,0,38,19,0,57,12,0,12,69
04/30/2023,BTL,MI,AGL,CE,Federal Contract Tower,0,2,0,0,2,0,23,7,0,30,0,25,7,0,32,138,0,138,170
05/01/2023,BTL,MI,AGL,CE,Federal Contract Tower,0,0,5,0,5,0,0,0,0,0,0,0,5,0,5,0,0,0,5
05/02/2023,BTL,MI,AGL,CE,Federal Contract Tower,0,4,8,0,12,0,0,0,0,0,0,4,8,0,12,0,0,0,12
05/03/2023,BTL,MI,AGL,CE,Federal Contract Tower,0,20,4,0,24,0,109,5,0,114,0,129,9,0,138,193,0,193,331
05/04/2023,BTL,MI,AGL,CE,Federal Contract Tower,0,7,8,0,15,0,193,23,0,216,0,200,31,0,231,254,0,254,485
05/05/2023,BTL,MI,AGL,CE,Federal Contract Tower,0,9,6,0,15,0,159,29,7,195,0,168,35,7,210,152,0,152,362
05/06/2023,BTL,MI,AGL,CE,Federal Contract Tower,0,8,10,0,18,0,59,22,19,100,0,67,32,19,118,84,6,90,208
05/07/2023,BTL,MI,AGL,CE,Federal Contract Tower,0,1,2,0,3,0,0,3,0,3,0,1,5,0,6,4,0,4,10
05/09/2023,BTL,MI,AGL,CE,Federal Contract Tower,0,4,8,0,12,0,258,20,0,278,0,262,28,0,290,312,0,312,602
05/10/2023,BTL,MI,AGL,CE,Federal Contract Tower,0,6,5,0,11,0,212,30,0,242,0,218,35,0,253,312,4,316,569
05/11/2023,BTL,MI,AGL,CE,Federal Contract Tower,0,6,6,0,12,0,188,30,0,218,0,194,36,0,230,262,0,262,492
05/12/2023,BTL,MI,AGL,CE,Federal Contract Tower,0,1,6,0,7,0,87,19,0,106,0,88,25,0,113,230,0,230,343
05/13/2023,BTL,MI,AGL,CE,Federal Contract Tower,0,0,7,0,7,0,40,11,0,51,0,40,18,0,58,102,0,102,160
05/14/2023,BTL,MI,AGL,CE,Federal Contract Tower,0,2,2,0,4,0,4,9,0,13,0,6,11,0,17,4,0,4,21
05/15/2023,BTL,MI,AGL,CE,Federal Contract Tower,0,11,10,0,21,0,161,29,0,190,0,172,39,0,211,270,0,270,481
05/16/2023,BTL,MI,AGL,CE,Federal Contract Tower,1,5,5,0,11,0,194,12,0,206,1,199,17,0,217,262,0,262,479
05/17/2023,BTL,MI,AGL,CE,Federal Contract Tower,0,3,5,0,8,0,186,23,0,209,0,189,28,0,217,328,0,328,545
05/18/2023,BTL,MI,AGL,CE,Federal Contract Tower,0,9,13,0,22,0,181,20,0,201,0,190,33,0,223,202,0,202,425
05/19/2023,BTL,MI,AGL,CE,Federal Contract Tower,0,27,9,0,36,0,57,2,0,59,0,84,11,0,95,80,0,80,175
05/20/2023,BTL,MI,AGL,CE,Federal Contract Tower,0,12,6,0,18,0,19,11,0,30,0,31,17,0,48,32,0,32,80
05/21/2023,BTL,MI,AGL,CE,Federal Contract Tower,0,2,0,0,2,0,5,40,0,45,0,7,40,0,47,12,0,12,59
05/22/2023,BTL,MI,AGL,CE,Federal Contract Tower,1,3,8,0,12,0,261,17,0,278,1,264,25,0,290,418,0,418,708
05/23/2023,BTL,MI,AGL,CE,Federal Contract Tower,0,9,1,0,10,0,210,15,0,225,0,219,16,0,235,312,0,312,547
05/24/2023,BTL,MI,AGL,CE,Federal Contract Tower,0,8,7,0,15,0,207,15,6,228,0,215,22,6,243,308,0,308,551
05/25/2023,BTL,MI,AGL,CE,Federal Contract Tower,0,14,4,0,18,0,190,25,0,215,0,204,29,0,233,242,0,242,475
05/26/2023,BTL,MI,AGL,CE,Federal Contract Tower,0,8,5,0,13,0,200,38,0,238,0,208,43,0,251,232,0,232,483
05/27/2023,BTL,MI,AGL,CE,Federal Contract Tower,0,1,3,0,4,0,53,38,0,91,0,54,41,0,95,98,0,98,193
05/28/2023,BTL,MI,AGL,CE,Federal Contract Tower,0,6,5,0,11,0,0,35,0,35,0,6,40,0,46,14,0,14,60
05/29/2023,BTL,MI,AGL,CE,Federal Contract Tower,0,4,3,0,7,0,0,16,0,16,0,4,19,0,23,16,0,16,39
05/30/2023,BTL,MI,AGL,CE,Federal Contract Tower,0,4,6,0,10,0,191,33,1,225,0,195,39,1,235,324,0,324,559
05/31/2023,BTL,MI,AGL,CE,Federal Contract Tower,0,5,6,1,12,0,201,22,0,223,0,206,28,1,235,300,0,300,535
06/01/2023,BTL,MI,AGL,CE,Federal Contract Tower,0,3,9,0,12,0,210,25,0,235,0,213,34,0,247,316,0,316,563
06/02/2023,BTL,MI,AGL,CE,Federal Contract Tower,0,8,6,0,14,0,179,28,0,207,0,187,34,0,221,234,0,234,455
06/03/2023,BTL,MI,AGL,CE,Federal Contract Tower,0,1,0,0,1,0,45,24,0,69,0,46,24,0,70,52,0,52,122
06/04/2023,BTL,MI,AGL,CE,Federal Contract Tower,0,2,4,0,6,0,0,24,0,24,0,2,28,0,30,24,0,24,54
06/05/2023,BTL,MI,AGL,CE,Federal Contract Tower,0,4,5,0,9,0,159,23,0,182,0,163,28,0,191,262,0,262,453
06/06/2023,BTL,MI,AGL,CE,Federal Contract Tower,1,9,7,0,17,0,190,23,0,213,1,199,30,0,230,288,0,288,518
06/07/2023,BTL,MI,AGL,CE,Federal Contract Tower,0,6,9,0,15,0,143,11,0,154,0,149,20,0,169,242,0,242,411
06/08/2023,BTL,MI,AGL,CE,Federal Contract Tower,0,5,3,0,8,0,198,26,0,224,0,203,29,0,232,146,0,146,378
06/09/2023,BTL,MI,AGL,CE,Federal Contract Tower,0,9,3,0,12,0,169,20,4,193,0,178,23,4,205,236,0,236,441
06/10/2023,BTL,MI,AGL,CE,Federal Contract Tower,0,9,1,0,10,0,91,27,0,118,0,100,28,0,128,154,0,154,282
06/11/2023,BTL,MI,AGL,CE,Federal Contract Tower,0,3,3,0,6,0,0,4,0,4,0,3,7,0,10,4,0,4,14
06/12/2023,BTL,MI,AGL,CE,Federal Contract Tower,0,14,9,0,23,0,60,2,0,62,0,74,11,0,85,74,0,74,159
06/13/2023,BTL,MI,AGL,CE,Federal Contract Tower,0,12,15,0,27,0,65,9,0,74,0,77,24,0,101,126,0,126,227
06/14/2023,BTL,MI,AGL,CE,Federal Contract Tower,0,18,11,0,29,0,135,10,0,145,0,153,21,0,174,130,0,130,304
06/15/2023,BTL,MI,AGL,CE,Federal Contract Tower,0,7,6,0,13,0,109,9,0,118,0,116,15,0,131,154,0,154,285
06/16/2023,BTL,MI,AGL,CE,Federal Contract Tower,0,23,13,0,36,0,91,14,0,105,0,114,27,0,141,132,0,132,273
06/17/2023,BTL,MI,AGL,CE,Federal Contract Tower,0,7,1,0,8,0,80,36,0,116,0,87,37,0,124,72,0,72,196
06/18/2023,BTL,MI,AGL,CE,Federal Contract Tower,0,7,5,0,12,0,0,11,0,11,0,7,16,0,23,0,0,0,23
06/19/2023,BTL,MI,AGL,CE,Federal Contract Tower,0,3,8,0,11,0,194,26,0,220,0,197,34,0,231,254,0,254,485
06/20/2023,BTL,MI,AGL,CE,Federal Contract Tower,0,9,0,0,9,0,159,8,0,167,0,168,8,0,176,192,0,192,368
06/21/2023,BTL,MI,AGL,CE,Federal Contract Tower,0,8,6,0,14,0,186,17,3,206,0,194,23,3,220,176,0,176,396
06/22/2023,BTL,MI,AGL,CE,Federal Contract Tower,0,12,4,0,16,0,173,29,6,208,0,185,33,6,224,176,0,176,400
06/23/2023,BTL,MI,AGL,CE,Federal Contract Tower,0,12,5,2,19,0,118,7,0,125,0,130,12,2,144,154,0,154,298
06/24/2023,BTL,MI,AGL,CE,Federal Contract Tower,0,7,5,0,12,0,95,26,0,121,0,102,31,0,133,102,0,102,235
06/25/2023,BTL,MI,AGL,CE,Federal Contract Tower,0,3,4,0,7,0,0,0,0,0,0,3,4,0,7,0,0,0,7
06/26/2023,BTL,MI,AGL,CE,Federal Contract Tower,0,1,3,0,4,0,0,0,0,0,0,1,3,0,4,0,0,0,4
06/27/2023,BTL,MI,AGL,CE,Federal Contract Tower,0,16,8,0,24,0,0,0,0,0,0,16,8,0,24,0,0,0,24
06/28/2023,BTL,MI,AGL,CE,Federal Contract Tower,0,34,8,3,45,0,24,0,0,24,0,58,8,3,69,48,2,50,119
06/29/2023,BTL,MI,AGL,CE,Federal Contract Tower,0,8,12,1,21,0,0,3,0,3,0,8,15,1,24,0,0,0,24
06/30/2023,BTL,MI,AGL,CE,Federal Contract Tower,0,2,10,1,13,0,0,3,0,3,0,2,13,1,16,0,0,0,16
07/01/2023,BTL,MI,AGL,CE,Federal Contract Tower,0,2,1,0,3,0,0,40,0,40,0,2,41,0,43,26,0,26,69
07/02/2023,BTL,MI,AGL,CE,Federal Contract Tower,0,4,2,2,8,0,0,0,0,0,0,4,2,2,8,0,0,0,8
07/03/2023,BTL,MI,AGL,CE,Federal Contract Tower,0,2,1,2,5,0,0,5,0,5,0,2,6,2,10,0,0,0,10
07/04/2023,BTL,MI,AGL,CE,Federal Contract Tower,0,1,0,0,1,0,2,17,0,19,0,3,17,0,20,2,0,2,22
07/05/2023,BTL,MI,AGL,CE,Federal Contract Tower,0,9,10,2,21,0,162,23,0,185,0,171,33,2,206,268,0,268,474
07/06/2023,BTL,MI,AGL,CE,Federal Contract Tower,0,15,5,2,22,0,83,5,0,88,0,98,10,2,110,178,0,178,288
07/07/2023,BTL,MI,AGL,CE,Federal Contract Tower,0,17,10,0,27,0,229,40,0,269,0,246,50,0,296,256,0,256,552
07/08/2023,BTL,MI,AGL,CE,Federal Contract Tower,0,17,4,0,21,0,33,10,0,43,0,50,14,0,64,84,0,84,148
07/09/2023,BTL,MI,AGL,CE,Federal Contract Tower,0,2,7,0,9,0,0,23,0,23,0,2,30,0,32,26,0,26,58
07/10/2023,BTL,MI,AGL,CE,Federal Contract Tower,0,3,3,0,6,0,245,29,0,274,0,248,32,0,280,302,0,302,582
07/11/2023,BTL,MI,AGL,CE,Federal Contract Tower,0,8,2,0,10,0,165,17,0,182,0,173,19,0,192,202,0,202,394
07/12/2023,BTL,MI,AGL,CE,Federal Contract Tower,0,7,4,0,11,0,42,2,2,46,0,49,6,2,57,96,10,106,163
07/13/2023,BTL,MI,AGL,CE,Federal Contract Tower,0,25,8,2,35,0,73,8,2,83,0,98,16,4,118,168,2,170,288
07/14/2023,BTL,MI,AGL,CE,Federal Contract Tower,0,4,5,0,9,0,134,12,0,146,0,138,17,0,155,190,0,190,345
07/15/2023,BTL,MI,AGL,CE,Federal Contract Tower,0,8,1,0,9,0,24,8,0,32,0,32,9,0,41,60,0,60,101
07/16/2023,BTL,MI,AGL,CE,Federal Contract Tower,0,3,6,0,9,0,0,15,0,15,0,3,21,0,24,14,0,14,38
07/17/2023,BTL,MI,AGL,CE,Federal Contract Tower,0,11,13,0,24,0,163,25,0,188,0,174,38,0,212,166,0,166,378
07/18/2023,BTL,MI,AGL,CE,Federal Contract Tower,0,4,2,0,6,0,206,26,3,235,0,210,28,3,241,260,0,260,501
07/19/2023,BTL,MI,AGL,CE,Federal Contract Tower,0,4,5,0,9,0,195,34,5,234,0,199,39,5,243,290,0,290,533
07/20/2023,BTL,MI,AGL,CE,Federal Contract Tower,0,4,7,2,13,0,44,7,0,51,0,48,14,2,64,88,2,90,154
07/21/2023,BTL,MI,AGL,CE,Federal Contract Tower,0,28,18,0,46,0,104,11,9,124,0,132,29,9,170,214,36,250,420
07/22/2023,BTL,MI,AGL,CE,Federal Contract Tower,0,4,10,0,14,0,62,23,0,85,0,66,33,0,99,78,0,78,177
07/23/2023,BTL,MI,AGL,CE,Federal Contract Tower,0,5,7,0,12,0,0,4,0,4,0,5,11,0,16,0,0,0,16
07/24/2023,BTL,MI,AGL,CE,Federal Contract Tower,0,14,5,0,19,0,121,28,0,149,0,135,33,0,168,202,0,202,370
07/25/2023,BTL,MI,AGL,CE,Federal Contract Tower,0,9,13,0,22,0,91,15,1,107,0,100,28,1,129,152,4,156,285
07/26/2023,BTL,MI,AGL,CE,Federal Contract Tower,0,6,13,4,23,0,20,10,0,30,0,26,23,4,53,24,0,24,77
07/27/2023,BTL,MI,AGL,CE,Federal Contract Tower,0,15,10,0,25,0,128,31,2,161,0,143,41,2,186,202,0,202,388
07/28/2023,BTL,MI,AGL,CE,Federal Contract Tower,0,5,5,0,10,0,100,18,0,118,0,105,23,0,128,148,0,148,276
07/29/2023,BTL,MI,AGL,CE,Federal Contract Tower,0,7,11,0,18,0,30,21,0,51,0,37,32,0,69,44,0,44,113
07/30/2023,BTL,MI,AGL,CE,Federal Contract Tower,0,7,8,0,15,0,1,19,0,20,0,8,27,0,35,20,0,20,55
07/31/2023,BTL,MI,AGL,CE,Federal Contract Tower,0,2,7,0,9,0,203,37,0,240,0,205,44,0,249,274,0,274,523
08/01/2023,BTL,MI,AGL,CE,Federal Contract Tower,0,5,15,0,20,0,193,24,0,217,0,198,39,0,237,286,0,286,523
08/02/2023,BTL,MI,AGL,CE,Federal Contract Tower,0,4,10,0,14,0,156,24,4,184,0,160,34,4,198,234,44,278,476
08/03/2023,BTL,MI,AGL,CE,Federal Contract Tower,0,5,1,0,6,0,136,21,2,159,0,141,22,2,165,288,0,288,453
08/04/2023,BTL,MI,AGL,CE,Federal Contract Tower,0,5,11,4,20,0,92,36,9,137,0,97,47,13,157,180,2,182,339
08/05/2023,BTL,MI,AGL,CE,Federal Contract Tower,0,6,2,0,8,0,44,48,4,96,0,50,50,4,104,104,0,104,208
08/06/2023,BTL,MI,AGL,CE,Federal Contract Tower,0,6,3,0,9,0,0,0,0,0,0,6,3,0,9,0,0,0,9
08/07/2023,BTL,MI,AGL,CE,Federal Contract Tower,0,8,12,0,20,0,29,4,0,33,0,37,16,0,53,16,0,16,69
08/08/2023,BTL,MI,AGL,CE,Federal Contract Tower,0,7,10,2,19,0,210,29,0,239,0,217,39,2,258,358,0,358,616
08/09/2023,BTL,MI,AGL,CE,Federal Contract Tower,0,12,3,0,15,0,143,23,0,166,0,155,26,0,181,230,0,230,411
08/10/2023,BTL,MI,AGL,CE,Federal Contract Tower,0,23,12,4,39,0,84,6,0,90,0,107,18,4,129,92,0,92,221
08/11/2023,BTL,MI,AGL,CE,Federal Contract Tower,0,16,14,0,30,0,76,8,0,84,0,92,22,0,114,186,0,186,300
08/12/2023,BTL,MI,AGL,CE,Federal Contract Tower,0,2,3,0,5,0,36,16,0,52,0,38,19,0,57,46,0,46,103
08/13/2023,BTL,MI,AGL,CE,Federal Contract Tower,0,6,0,0,6,0,0,13,0,13,0,6,13,0,19,12,0,12,31
08/14/2023,BTL,MI,AGL,CE,Federal Contract Tower,0,9,6,0,15,0,86,10,0,96,0,95,16,0,111,88,0,88,199
08/15/2023,BTL,MI,AGL,CE,Federal Contract Tower,0,14,14,0,28,0,26,9,0,35,0,40,23,0,63,53,0,53,116
08/16/2023,BTL,MI,AGL,CE,Federal Contract Tower,0,8,12,0,20,0,248,21,6,275,0,256,33,6,295,338,0,338,633
08/17/2023,BTL,MI,AGL,CE,Federal Contract Tower,0,9,4,0,13,0,14,4,2,20,0,23,8,2,33,26,0,26,59
08/18/2023,BTL,MI,AGL,CE,Federal Contract Tower,0,5,6,0,11,0,151,38,4,193,0,156,44,4,204,172,12,184,388
08/19/2023,BTL,MI,AGL,CE,Federal Contract Tower,0,2,9,0,11,0,84,53,0,137,0,86,62,0,148,208,0,208,356
08/20/2023,BTL,MI,AGL,CE,Federal Contract Tower,0,4,4,0,8,0,0,37,0,37,0,4,41,0,45,30,0,30,75
08/21/2023,BTL,MI,AGL,CE,Federal Contract Tower,0,13,14,0,27,0,116,17,0,133,0,129,31,0,160,178,0,178,338
08/22/2023,BTL,MI,AGL,CE,Federal Contract Tower,0,8,6,0,14,0,171,16,2,189,0,179,22,2,203,204,0,204,407
08/23/2023,BTL,MI,AGL,CE,Federal Contract Tower,0,17,2,0,19,0,77,8,4,89,0,94,10,4,108,106,0,106,214
08/24/2023,BTL,MI,AGL,CE,Federal Contract Tower,0,15,9,2,26,0,12,3,2,17,0,27,12,4,43,52,0,52,95
08/25/2023,BTL,MI,AGL,CE,Federal Contract Tower,0,18,16,0,34,0,27,12,0,39,0,45,28,0,73,80,0,80,153
08/26/2023,BTL,MI,AGL,CE,Federal Contract Tower,0,15,14,0,29,0,27,19,0,46,0,42,33,0,75,92,0,92,167
08/27/2023,BTL,MI,AGL,CE,Federal Contract Tower,0,2,3,0,5,0,18,20,0,38,0,20,23,0,43,100,0,100,143
08/28/2023,BTL,MI,AGL,CE,Federal Contract Tower,0,9,15,0,24,0,171,29,0,200,0,180,44,0,224,274,0,274,498
08/29/2023,BTL,MI,AGL,CE,Federal Contract Tower,0,11,2,0,13,0,77,3,4,84,0,88,5,4,97,104,0,104,201
08/30/2023,BTL,MI,AGL,CE,Federal Contract Tower,0,6,8,0,14,0,122,23,0,145,0,128,31,0,159,194,0,194,353
08/31/2023,BTL,MI,AGL,CE,Federal Contract Tower,0,6,5,0,11,0,138,36,0,174,0,144,41,0,185,210,0,210,395
