01/01/2000,BTR,LA,ASW,CE,Towers with Radar,9,21,30,0,60,9,1,44,0,54,18,22,74,0,114,70,0,70,184
01/02/2000,BTR,LA,ASW,CE,Towers with Radar,23,33,65,0,121,5,0,48,0,53,28,33,113,0,174,202,0,202,376
01/03/2000,BTR,LA,ASW,CE,Towers with Radar,29,55,80,0,164,0,0,37,0,37,29,55,117,0,201,40,0,40,241
01/04/2000,BTR,LA,ASW,CE,Towers with Radar,27,52,73,7,159,0,7,37,4,48,27,59,110,11,207,160,32,192,399
01/05/2000,BTR,LA,ASW,CE,Towers with Radar,28,51,79,8,166,0,0,112,8,120,28,51,191,16,286,164,24,188,474
01/06/2000,BTR,LA,ASW,CE,Towers with Radar,26,54,76,7,163,0,2,80,10,92,26,56,156,17,255,112,0,112,367
01/07/2000,BTR,LA,ASW,CE,Towers with Radar,26,47,72,1,146,2,0,70,0,72,28,47,142,1,218,60,0,60,278
01/08/2000,BTR,LA,ASW,CE,Towers with Radar,16,30,49,5,100,8,0,59,3,70,24,30,108,8,170,176,0,176,346
01/09/2000,BTR,LA,ASW,CE,Towers with Radar,23,33,60,6,122,4,0,20,0,24,27,33,80,6,146,126,10,136,282
01/10/2000,BTR,LA,ASW,CE,Towers with Radar,27,49,70,7,153,1,3,105,1,110,28,52,175,8,263,92,14,106,369
01/11/2000,BTR,LA,ASW,CE,Towers with Radar,28,52,80,8,168,0,0,95,0,95,28,52,175,8,263,92,14,106,369
01/12/2000,BTR,LA,ASW,CE,Towers with Radar,30,42,93,9,174,0,0,102,12,114,30,42,195,21,288,128,34,162,450
01/13/2000,BTR,LA,ASW,CE,Towers with Radar,32,64,97,0,193,0,0,66,0,66,32,64,163,0,259,60,0,60,319
01/14/2000,BTR,LA,ASW,CE,Towers with Radar,26,46,71,0,143,0,0,96,0,96,26,46,167,0,239,66,22,88,327
01/15/2000,BTR,LA,ASW,CE,Towers with Radar,16,24,41,4,85,8,0,96,1,105,24,24,137,5,190,92,4,96,286
01/16/2000,BTR,LA,ASW,CE,Towers with Radar,17,30,43,0,90,9,0,75,0,84,26,30,118,0,174,162,0,162,336
01/17/2000,BTR,LA,ASW,CE,Towers with Radar,21,37,53,4,115,5,6,62,0,73,26,43,115,4,188,128,2,130,318
01/18/2000,BTR,LA,ASW,CE,Towers with Radar,24,57,100,10,191,0,0,91,6,97,24,57,191,16,288,106,10,116,404
01/19/2000,BTR,LA,ASW,CE,Towers with Radar,30,54,89,9,182,0,0,98,1,99,30,54,187,10,281,38,16,54,335
01/20/2000,BTR,LA,ASW,CE,Towers with Radar,26,47,68,7,148,1,2,85,5,93,27,49,153,12,241,120,8,128,369
01/21/2000,BTR,LA,ASW,CE,Towers with Radar,25,45,65,3,138,1,2,98,0,101,26,47,163,3,239,56,2,58,297
01/22/2000,BTR,LA,ASW,CE,Towers with Radar,20,30,50,1,101,6,0,49,0,55,26,30,99,1,156,54,0,54,210
01/23/2000,BTR,LA,ASW,CE,Towers with Radar,25,29,79,0,133,0,0,0,0,0,25,29,79,0,133,108,0,108,241
01/24/2000,BTR,LA,ASW,CE,Towers with Radar,27,44,73,6,150,0,0,38,15,53,27,44,111,21,203,100,14,114,317
01/25/2000,BTR,LA,ASW,CE,Towers with Radar,27,48,74,6,155,0,0,112,1,113,27,48,186,7,268,132,0,132,400
01/26/2000,BTR,LA,ASW,CE,Towers with Radar,24,48,78,6,156,0,0,111,8,119,24,48,189,14,275,80,4,84,359
01/27/2000,BTR,LA,ASW,CE,Towers with Radar,21,33,59,0,113,1,9,38,1,49,22,42,97,1,162,72,0,72,234
01/28/2000,BTR,LA,ASW,CE,Towers with Radar,20,36,53,2,111,7,0,4,0,11,27,36,57,2,122,0,0,0,122
01/29/2000,BTR,LA,ASW,CE,Towers with Radar,18,31,51,4,104,0,0,32,0,32,18,31,83,4,136,36,0,36,172
01/30/2000,BTR,LA,ASW,CE,Towers with Radar,14,25,35,3,77,10,1,71,2,84,24,26,106,5,161,120,0,120,281
01/31/2000,BTR,LA,ASW,CE,Towers with Radar,25,45,63,5,138,0,10,67,11,88,25,55,130,16,226,86,2,88,314
02/01/2000,BTR,LA,ASW,CE,Towers with Radar,26,38,77,2,143,4,24,54,0,82,30,62,131,2,225,66,0,66,291
02/02/2000,BTR,LA,ASW,CE,Towers with Radar,21,32,64,4,121,3,22,101,0,126,24,54,165,4,247,50,2,52,299
02/03/2000,BTR,LA,ASW,CE,Towers with Radar,25,43,87,7,162,0,7,134,2,143,25,50,221,9,305,77,2,79,384
02/04/2000,BTR,LA,ASW,CE,Towers with Radar,25,37,75,6,143,1,17,116,9,143,26,54,191,15,286,158,0,158,444
02/05/2000,BTR,LA,ASW,CE,Towers with Radar,14,22,42,2,80,9,6,95,0,110,23,28,137,2,190,156,0,156,346
02/06/2000,BTR,LA,ASW,CE,Towers with Radar,19,29,56,2,106,8,1,96,0,105,27,30,152,2,211,80,0,80,291
02/07/2000,BTR,LA,ASW,CE,Towers with Radar,25,38,74,6,143,1,12,70,4,87,26,50,144,10,230,58,10,68,298
02/08/2000,BTR,LA,ASW,CE,Towers with Radar,25,46,89,7,167,0,4,36,9,49,25,50,125,16,216,86,2,88,304
02/09/2000,BTR,LA,ASW,CE,Towers with Radar,25,38,74,6,143,0,6,119,2,127,25,44,193,8,270,80,2,82,352
02/10/2000,BTR,LA,ASW,CE,Towers with Radar,29,44,86,0,159,0,2,110,0,112,29,46,196,0,271,110,0,110,381
02/11/2000,BTR,LA,ASW,CE,Towers with Radar,26,43,91,7,167,0,0,54,16,70,26,43,145,23,237,76,2,78,315
02/12/2000,BTR,LA,ASW,CE,Towers with Radar,17,26,50,0,93,8,1,74,0,83,25,27,124,0,176,176,0,176,352
02/13/2000,BTR,LA,ASW,CE,Towers with Radar,21,33,64,0,118,10,2,45,0,57,31,35,109,0,175,182,0,182,357
02/14/2000,BTR,LA,ASW,CE,Towers with Radar,25,40,77,2,144,0,7,70,0,77,25,47,147,2,221,86,0,86,307
02/15/2000,BTR,LA,ASW,CE,Towers with Radar,26,47,91,7,171,0,2,80,11,93,26,49,171,18,264,42,10,52,316
02/16/2000,BTR,LA,ASW,CE,Towers with Radar,27,46,89,7,169,0,7,82,4,93,27,53,171,11,262,150,0,150,412
02/17/2000,BTR,LA,ASW,CE,Towers with Radar,26,41,80,5,152,0,3,44,10,57,26,44,124,15,209,86,6,92,301
02/18/2000,BTR,LA,ASW,CE,Towers with Radar,26,40,78,5,149,1,2,27,8,38,27,42,105,13,187,138,0,138,325
02/19/2000,BTR,LA,ASW,CE,Towers with Radar,18,25,52,0,95,5,3,61,0,69,23,28,113,0,164,82,0,82,246
02/20/2000,BTR,LA,ASW,CE,Towers with Radar,21,29,60,4,114,7,4,84,2,97,28,33,144,6,211,106,0,106,317
02/21/2000,BTR,LA,ASW,CE,Towers with Radar,28,39,74,1,142,0,0,88,0,88,28,39,162,1,230,68,0,68,298
02/22/2000,BTR,LA,ASW,CE,Towers with Radar,24,34,69,5,132,1,9,90,0,100,25,43,159,5,232,134,2,136,368
02/23/2000,BTR,LA,ASW,CE,Towers with Radar,26,38,82,5,151,0,0,95,0,95,26,38,177,5,246,84,0,84,330
02/24/2000,BTR,LA,ASW,CE,Towers with Radar,25,42,95,3,165,0,0,66,0,66,25,42,161,3,231,88,0,88,319
02/25/2000,BTR,LA,ASW,CE,Towers with Radar,27,38,91,1,157,0,0,98,0,98,27,38,189,1,255,50,0,50,305
02/26/2000,BTR,LA,ASW,CE,Towers with Radar,16,22,46,1,85,7,7,8,0,22,23,29,54,1,107,72,0,72,179
02/27/2000,BTR,LA,ASW,CE,Towers with Radar,21,30,60,4,115,4,6,109,2,121,25,36,169,6,236,140,0,140,376
02/28/2000,BTR,LA,ASW,CE,Towers with Radar,26,39,79,5,149,0,9,130,3,142,26,48,209,8,291,130,6,136,427
02/29/2000,BTR,LA,ASW,CE,Towers with Radar,26,38,76,4,144,0,8,82,0,90,26,46,158,4,234,116,0,116,350
03/01/2000,BTR,LA,ASW,CE,Towers with Radar,25,41,81,7,154,0,5,45,1,51,25,46,126,8,205,18,0,18,223
03/02/2000,BTR,LA,ASW,CE,Towers with Radar,23,44,86,8,161,0,3,38,4,45,23,47,124,12,206,63,0,63,269
03/03/2000,BTR,LA,ASW,CE,Towers with Radar,23,36,71,1,131,3,1,46,0,50,26,37,117,1,181,6,0,6,187
03/04/2000,BTR,LA,ASW,CE,Towers with Radar,17,25,50,0,92,9,2,74,0,85,26,27,124,0,177,54,0,54,231
03/05/2000,BTR,LA,ASW,CE,Towers with Radar,16,24,48,1,89,11,11,93,0,115,27,35,141,1,204,120,0,120,324
03/06/2000,BTR,LA,ASW,CE,Towers with Radar,23,35,68,1,127,3,10,90,0,103,26,45,158,1,230,122,0,122,352
03/07/2000,BTR,LA,ASW,CE,Towers with Radar,24,35,46,10,115,1,6,17,1,25,25,41,63,11,140,88,0,88,228
03/08/2000,BTR,LA,ASW,CE,Towers with Radar,26,43,83,8,160,0,18,33,3,54,26,61,116,11,214,208,0,208,422
03/09/2000,BTR,LA,ASW,CE,Towers with Radar,26,39,88,9,162,0,0,61,8,69,26,39,149,17,231,166,4,170,401
03/10/2000,BTR,LA,ASW,CE,Towers with Radar,26,39,75,8,148,1,9,47,3,60,27,48,122,11,208,66,0,66,274
03/11/2000,BTR,LA,ASW,CE,Towers with Radar,17,27,51,0,95,9,8,28,0,45,26,35,79,0,140,108,0,108,248
03/12/2000,BTR,LA,ASW,CE,Towers with Radar,22,33,64,0,119,5,4,142,0,151,27,37,206,0,270,174,0,174,444
03/13/2000,BTR,LA,ASW,CE,Towers with Radar,22,33,64,6,125,5,13,81,1,100,27,46,145,7,225,74,2,76,301
03/14/2000,BTR,LA,ASW,CE,Towers with Radar,26,46,87,1,160,0,6,76,0,82,26,52,163,1,242,62,0,62,304
03/15/2000,BTR,LA,ASW,CE,Towers with Radar,27,42,79,4,152,0,3,24,0,27,27,45,103,4,179,30,0,30,209
03/16/2000,BTR,LA,ASW,CE,Towers with Radar,26,40,77,7,150,0,0,27,6,33,26,40,104,13,183,98,10,108,291
03/17/2000,BTR,LA,ASW,CE,Towers with Radar,27,43,82,5,157,0,5,97,0,102,27,48,179,5,259,130,0,130,389
03/18/2000,BTR,LA,ASW,CE,Towers with Radar,24,23,70,0,117,1,0,11,0,12,25,23,81,0,129,74,2,76,205
03/19/2000,BTR,LA,ASW,CE,Towers with Radar,22,31,61,0,114,6,0,33,0,39,28,31,94,0,153,76,0,76,229
03/20/2000,BTR,LA,ASW,CE,Towers with Radar,24,38,74,5,141,0,3,115,0,118,24,41,189,5,259,106,2,108,367
03/21/2000,BTR,LA,ASW,CE,Towers with Radar,28,42,82,7,159,0,1,98,4,103,28,43,180,11,262,92,0,92,354
03/22/2000,BTR,LA,ASW,CE,Towers with Radar,27,39,76,0,142,0,11,89,0,100,27,50,165,0,242,240,0,240,482
03/23/2000,BTR,LA,ASW,CE,Towers with Radar,31,45,88,8,172,0,0,98,4,102,31,45,186,12,274,116,0,116,390
03/24/2000,BTR,LA,ASW,CE,Towers with Radar,26,53,111,10,200,0,0,92,11,103,26,53,203,21,303,70,2,72,375
03/25/2000,BTR,LA,ASW,CE,Towers with Radar,26,35,78,7,146,0,0,109,8,117,26,35,187,15,263,148,10,158,421
03/26/2000,BTR,LA,ASW,CE,Towers with Radar,24,35,68,6,133,2,2,72,1,77,26,37,140,7,210,74,8,82,292
03/27/2000,BTR,LA,ASW,CE,Towers with Radar,22,32,62,5,121,3,438,68,2,511,25,470,130,7,632,34,0,34,666
03/28/2000,BTR,LA,ASW,CE,Towers with Radar,26,43,84,7,160,0,5,97,0,102,26,48,181,7,262,38,0,38,300
03/29/2000,BTR,LA,ASW,CE,Towers with Radar,26,38,75,1,140,0,5,53,0,58,26,43,128,1,198,112,0,112,310
03/30/2000,BTR,LA,ASW,CE,Towers with Radar,26,51,104,9,190,0,0,79,11,90,26,51,183,20,280,106,0,106,386
03/31/2000,BTR,LA,ASW,CE,Towers with Radar,26,46,98,9,179,0,0,98,23,121,26,46,196,32,300,170,10,180,480
04/01/2000,BTR,LA,ASW,CE,Towers with Radar,22,25,62,0,109,3,0,68,0,71,25,25,130,0,180,198,0,198,378
04/02/2000,BTR,LA,ASW,CE,Towers with Radar,20,31,57,0,108,5,5,29,0,39,25,36,86,0,147,60,0,60,207
04/03/2000,BTR,LA,ASW,CE,Towers with Radar,19,28,48,0,95,8,10,0,0,18,27,38,48,0,113,16,0,16,129
04/04/2000,BTR,LA,ASW,CE,Towers with Radar,23,35,65,6,129,4,16,101,3,124,27,51,166,9,253,46,0,46,299
04/05/2000,BTR,LA,ASW,CE,Towers with Radar,22,32,60,1,115,4,12,147,0,163,26,44,207,1,278,128,0,128,406
04/06/2000,BTR,LA,ASW,CE,Towers with Radar,25,42,77,7,151,0,9,113,2,124,25,51,190,9,275,80,0,80,355
04/07/2000,BTR,LA,ASW,CE,Towers with Radar,25,41,75,2,143,1,3,84,0,88,26,44,159,2,231,104,0,104,335
04/08/2000,BTR,LA,ASW,CE,Towers with Radar,17,23,45,4,89,13,3,18,1,35,30,26,63,5,124,28,0,28,152
04/09/2000,BTR,LA,ASW,CE,Towers with Radar,18,24,48,2,92,8,11,111,0,130,26,35,159,2,222,80,0,80,302
04/10/2000,BTR,LA,ASW,CE,Towers with Radar,25,34,66,6,131,1,5,58,3,67,26,39,124,9,198,62,6,68,266
04/11/2000,BTR,LA,ASW,CE,Towers with Radar,26,39,77,4,146,0,0,64,0,64,26,39,141,4,210,134,12,146,356
04/12/2000,BTR,LA,ASW,CE,Towers with Radar,23,32,63,0,118,6,9,1,0,16,29,41,64,0,134,12,0,12,146
04/13/2000,BTR,LA,ASW,CE,Towers with Radar,25,35,76,5,141,0,0,7,0,7,25,35,83,5,148,38,2,40,188
04/14/2000,BTR,LA,ASW,CE,Towers with Radar,26,40,87,8,161,0,0,54,0,54,26,40,141,8,215,160,0,160,375
04/15/2000,BTR,LA,ASW,CE,Towers with Radar,24,26,73,7,130,0,0,78,0,78,24,26,151,7,208,90,0,90,298
04/16/2000,BTR,LA,ASW,CE,Towers with Radar,26,32,73,7,138,0,0,76,15,91,26,32,149,22,229,76,0,76,305
04/17/2000,BTR,LA,ASW,CE,Towers with Radar,26,44,85,7,162,0,7,70,0,77,26,51,155,7,239,172,0,172,411
04/18/2000,BTR,LA,ASW,CE,Towers with Radar,25,36,69,7,137,1,7,111,12,131,26,43,180,19,268,216,0,216,484
04/19/2000,BTR,LA,ASW,CE,Towers with Radar,29,48,96,1,174,0,0,36,0,36,29,48,132,1,210,108,0,108,318
04/20/2000,BTR,LA,ASW,CE,Towers with Radar,25,44,84,7,160,0,1,48,9,58,25,45,132,16,218,56,0,56,274
04/21/2000,BTR,LA,ASW,CE,Towers with Radar,23,31,61,3,118,4,13,86,0,103,27,44,147,3,221,96,0,96,317
04/22/2000,BTR,LA,ASW,CE,Towers with Radar,17,24,46,4,91,10,6,95,0,111,27,30,141,4,202,162,0,162,364
04/23/2000,BTR,LA,ASW,CE,Towers with Radar,19,28,54,1,102,6,5,14,0,25,25,33,68,1,127,22,0,22,149
04/24/2000,BTR,LA,ASW,CE,Towers with Radar,26,43,83,7,159,0,18,55,8,81,26,61,138,15,240,80,4,84,324
04/25/2000,BTR,LA,ASW,CE,Towers with Radar,34,54,103,9,200,0,9,99,20,128,34,63,202,29,328,46,6,52,380
04/26/2000,BTR,LA,ASW,CE,Towers with Radar,27,40,74,0,141,0,9,123,0,132,27,49,197,0,273,140,4,144,417
04/27/2000,BTR,LA,ASW,CE,Towers with Radar,25,51,95,8,179,0,2,184,3,189,25,53,279,11,368,220,0,220,588
04/28/2000,BTR,LA,ASW,CE,Towers with Radar,26,40,74,6,146,0,3,77,9,89,26,43,151,15,235,106,4,110,345
04/29/2000,BTR,LA,ASW,CE,Towers with Radar,22,32,59,2,115,3,3,83,0,89,25,35,142,2,204,86,0,86,290
04/30/2000,BTR,LA,ASW,CE,Towers with Radar,22,31,58,0,111,4,11,91,0,106,26,42,149,0,217,154,0,154,371
05/01/2000,BTR,LA,ASW,CE,Towers with Radar,23,35,75,7,140,3,16,66,0,85,26,51,141,7,225,102,0,102,327
05/02/2000,BTR,LA,ASW,CE,Towers with Radar,22,34,74,5,135,4,8,68,0,80,26,42,142,5,215,250,0,250,465
05/03/2000,BTR,LA,ASW,CE,Towers with Radar,24,38,81,0,143,4,11,17,0,32,28,49,98,0,175,128,0,128,303
05/04/2000,BTR,LA,ASW,CE,Towers with Radar,25,39,83,0,147,2,5,65,0,72,27,44,148,0,219,70,0,70,289
05/05/2000,BTR,LA,ASW,CE,Towers with Radar,21,33,70,0,124,6,10,58,0,74,27,43,128,0,198,74,0,74,272
05/06/2000,BTR,LA,ASW,CE,Towers with Radar,16,25,53,0,94,10,0,44,0,54,26,25,97,0,148,70,0,70,218
05/07/2000,BTR,LA,ASW,CE,Towers with Radar,21,30,66,5,122,5,8,54,0,67,26,38,120,5,189,116,0,116,305
05/08/2000,BTR,LA,ASW,CE,Towers with Radar,28,41,91,9,169,0,3,64,7,74,28,44,155,16,243,124,6,130,373
05/09/2000,BTR,LA,ASW,CE,Towers with Radar,26,36,92,0,154,0,0,95,0,95,26,36,187,0,249,102,0,102,351
05/10/2000,BTR,LA,ASW,CE,Towers with Radar,25,39,102,11,177,0,0,96,0,96,25,39,198,11,273,148,0,148,421
05/11/2000,BTR,LA,ASW,CE,Towers with Radar,25,47,102,11,185,0,6,82,5,93,25,53,184,16,278,198,0,198,476
05/12/2000,BTR,LA,ASW,CE,Towers with Radar,25,47,108,11,191,0,0,58,11,69,25,47,166,22,260,100,8,108,368
05/13/2000,BTR,LA,ASW,CE,Towers with Radar,13,18,40,0,71,13,12,36,0,61,26,30,76,0,132,106,0,106,238
05/14/2000,BTR,LA,ASW,CE,Towers with Radar,22,31,67,0,120,5,18,70,0,93,27,49,137,0,213,90,0,90,303
05/15/2000,BTR,LA,ASW,CE,Towers with Radar,26,36,78,8,148,0,11,99,1,111,26,47,177,9,259,146,0,146,405
05/16/2000,BTR,LA,ASW,CE,Towers with Radar,28,39,86,4,157,0,4,90,0,94,28,43,176,4,251,198,0,198,449
05/17/2000,BTR,LA,ASW,CE,Towers with Radar,28,40,88,9,165,0,8,84,11,103,28,48,172,20,268,220,0,220,488
05/18/2000,BTR,LA,ASW,CE,Towers with Radar,24,38,83,2,147,0,12,61,0,73,24,50,144,2,220,122,0,122,342
05/19/2000,BTR,LA,ASW,CE,Towers with Radar,25,35,76,8,144,0,0,69,0,69,25,35,145,8,213,46,0,46,259
05/20/2000,BTR,LA,ASW,CE,Towers with Radar,17,23,51,2,93,10,1,41,0,52,27,24,92,2,145,188,0,188,333
05/21/2000,BTR,LA,ASW,CE,Towers with Radar,20,28,62,2,112,6,13,66,0,85,26,41,128,2,197,110,0,110,307
05/22/2000,BTR,LA,ASW,CE,Towers with Radar,28,40,65,25,158,1,6,45,0,52,29,46,110,25,210,120,0,120,330
05/23/2000,BTR,LA,ASW,CE,Towers with Radar,26,37,81,8,152,0,10,61,11,82,26,47,142,19,234,132,2,134,368
05/24/2000,BTR,LA,ASW,CE,Towers with Radar,27,50,117,12,206,0,0,99,12,111,27,50,216,24,317,170,0,170,487
05/25/2000,BTR,LA,ASW,CE,Towers with Radar,25,51,110,12,198,0,1,61,21,83,25,52,171,33,281,164,0,164,445
05/26/2000,BTR,LA,ASW,CE,Towers with Radar,26,39,83,1,149,0,0,74,0,74,26,39,157,1,223,128,0,128,351
05/27/2000,BTR,LA,ASW,CE,Towers with Radar,21,32,69,1,123,0,5,67,0,72,21,37,136,1,195,136,0,136,331
05/28/2000,BTR,LA,ASW,CE,Towers with Radar,25,36,77,0,138,1,2,60,0,63,26,38,137,0,201,216,0,216,417
05/29/2000,BTR,LA,ASW,CE,Towers with Radar,24,32,78,0,134,0,6,113,0,119,24,38,191,0,253,166,0,166,419
05/30/2000,BTR,LA,ASW,CE,Towers with Radar,24,43,93,10,170,0,2,89,8,99,24,45,182,18,269,178,4,182,451
05/31/2000,BTR,LA,ASW,CE,Towers with Radar,26,42,94,10,172,0,0,100,31,131,26,42,194,41,303,150,0,150,453
06/01/2000,BTR,LA,ASW,CE,Towers with Radar,28,44,81,9,162,0,7,110,0,117,28,51,191,9,279,122,8,130,409
06/02/2000,BTR,LA,ASW,CE,Towers with Radar,24,36,67,1,128,2,14,98,0,114,26,50,165,1,242,138,0,138,380
06/03/2000,BTR,LA,ASW,CE,Towers with Radar,17,26,48,0,91,9,4,83,0,96,26,30,131,0,187,84,0,84,271
06/04/2000,BTR,LA,ASW,CE,Towers with Radar,21,31,57,0,109,5,3,42,0,50,26,34,99,0,159,104,0,104,263
06/05/2000,BTR,LA,ASW,CE,Towers with Radar,23,36,66,0,125,3,15,21,0,39,26,51,87,0,164,70,0,70,234
06/06/2000,BTR,LA,ASW,CE,Towers with Radar,27,47,87,13,174,0,2,87,5,94,27,49,174,18,268,146,0,146,414
06/07/2000,BTR,LA,ASW,CE,Towers with Radar,28,46,86,6,166,0,0,123,0,123,28,46,209,6,289,148,0,148,437
06/08/2000,BTR,LA,ASW,CE,Towers with Radar,28,48,89,13,178,0,0,122,26,148,28,48,211,39,326,144,16,160,486
06/09/2000,BTR,LA,ASW,CE,Towers with Radar,30,45,83,11,169,4,9,75,0,88,34,54,158,11,257,124,0,124,381
06/10/2000,BTR,LA,ASW,CE,Towers with Radar,18,28,51,2,99,8,2,67,0,77,26,30,118,2,176,92,2,94,270
06/11/2000,BTR,LA,ASW,CE,Towers with Radar,20,31,57,0,108,8,6,52,0,66,28,37,109,0,174,96,0,96,270
06/12/2000,BTR,LA,ASW,CE,Towers with Radar,29,42,79,11,161,1,7,52,3,63,30,49,131,14,224,74,4,78,302
06/13/2000,BTR,LA,ASW,CE,Towers with Radar,27,46,86,12,171,0,6,73,2,81,27,52,159,14,252,128,8,136,388
06/14/2000,BTR,LA,ASW,CE,Towers with Radar,27,37,72,10,146,0,8,121,6,135,27,45,193,16,281,192,0,192,473
06/15/2000,BTR,LA,ASW,CE,Towers with Radar,25,37,71,2,135,0,8,63,0,71,25,45,134,2,206,52,0,52,258
06/16/2000,BTR,LA,ASW,CE,Towers with Radar,17,30,58,2,107,0,4,26,0,30,17,34,84,2,137,18,0,18,155
06/17/2000,BTR,LA,ASW,CE,Towers with Radar,19,26,50,1,96,6,4,34,0,44,25,30,84,1,140,112,0,112,252
06/18/2000,BTR,LA,ASW,CE,Towers with Radar,21,30,58,0,109,12,4,2,0,18,33,34,60,0,127,136,0,136,263
06/19/2000,BTR,LA,ASW,CE,Towers with Radar,28,39,75,10,152,0,10,60,4,74,28,49,135,14,226,154,2,156,382
06/20/2000,BTR,LA,ASW,CE,Towers with Radar,24,49,96,13,182,0,0,61,17,78,24,49,157,30,260,126,16,142,402
06/21/2000,BTR,LA,ASW,CE,Towers with Radar,28,47,90,12,177,0,5,50,12,67,28,52,140,24,244,126,2,128,372
06/22/2000,BTR,LA,ASW,CE,Towers with Radar,30,44,99,12,185,0,0,101,0,101,30,44,200,12,286,164,2,166,452
06/23/2000,BTR,LA,ASW,CE,Towers with Radar,28,39,88,12,167,0,0,100,18,118,28,39,188,30,285,140,0,140,425
06/24/2000,BTR,LA,ASW,CE,Towers with Radar,25,30,67,9,131,3,0,110,3,116,28,30,177,12,247,180,0,180,427
06/25/2000,BTR,LA,ASW,CE,Towers with Radar,22,30,58,0,110,7,11,88,0,106,29,41,146,0,216,130,0,130,346
06/26/2000,BTR,LA,ASW,CE,Towers with Radar,29,45,84,12,170,0,4,63,8,75,29,49,147,20,245,122,0,122,367
06/27/2000,BTR,LA,ASW,CE,Towers with Radar,30,43,80,11,164,0,13,39,6,58,30,56,119,17,222,110,0,110,332
06/28/2000,BTR,LA,ASW,CE,Towers with Radar,28,52,98,13,191,0,0,74,3,77,28,52,172,16,268,202,0,202,470
06/29/2000,BTR,LA,ASW,CE,Towers with Radar,29,46,85,11,171,0,2,54,0,56,29,48,139,11,227,64,20,84,311
06/30/2000,BTR,LA,ASW,CE,Towers with Radar,29,41,76,11,157,1,7,59,4,71,30,48,135,15,228,38,0,38,266
07/01/2000,BTR,LA,ASW,CE,Towers with Radar,22,32,53,0,107,4,1,29,0,34,26,33,82,0,141,88,0,88,229
07/02/2000,BTR,LA,ASW,CE,Towers with Radar,20,30,49,0,99,2,7,43,0,52,22,37,92,0,151,108,0,108,259
07/03/2000,BTR,LA,ASW,CE,Towers with Radar,24,33,55,0,112,0,10,45,0,55,24,43,100,0,167,124,0,124,291
07/04/2000,BTR,LA,ASW,CE,Towers with Radar,20,28,49,0,97,0,0,51,0,51,20,28,100,0,148,140,0,140,288
07/05/2000,BTR,LA,ASW,CE,Towers with Radar,30,40,82,12,164,0,5,83,0,88,30,45,165,12,252,152,0,152,404
07/06/2000,BTR,LA,ASW,CE,Towers with Radar,27,35,60,7,129,3,11,60,7,81,30,46,120,14,210,108,0,108,318
07/07/2000,BTR,LA,ASW,CE,Towers with Radar,26,41,71,8,146,0,0,97,10,107,26,41,168,18,253,112,0,112,365
07/08/2000,BTR,LA,ASW,CE,Towers with Radar,26,31,58,5,120,1,0,76,0,77,27,31,134,5,197,126,8,134,331
07/09/2000,BTR,LA,ASW,CE,Towers with Radar,27,35,60,7,129,2,3,50,3,58,29,38,110,10,187,46,4,50,237
07/10/2000,BTR,LA,ASW,CE,Towers with Radar,30,45,77,8,160,0,3,59,0,62,30,48,136,8,222,28,4,32,254
07/11/2000,BTR,LA,ASW,CE,Towers with Radar,28,38,66,0,132,0,4,91,0,95,28,42,157,0,227,180,0,180,407
07/12/2000,BTR,LA,ASW,CE,Towers with Radar,28,45,85,10,168,0,0,84,16,100,28,45,169,26,268,204,20,224,492
07/13/2000,BTR,LA,ASW,CE,Towers with Radar,25,43,74,8,150,0,8,90,32,130,25,51,164,40,280,70,10,80,360
07/14/2000,BTR,LA,ASW,CE,Towers with Radar,26,35,61,2,124,0,8,70,0,78,26,43,131,2,202,50,2,52,254
07/15/2000,BTR,LA,ASW,CE,Towers with Radar,27,30,62,4,123,3,0,122,0,125,30,30,184,4,248,120,0,120,368
07/16/2000,BTR,LA,ASW,CE,Towers with Radar,25,33,58,6,122,1,10,97,0,108,26,43,155,6,230,140,0,140,370
07/17/2000,BTR,LA,ASW,CE,Towers with Radar,24,34,60,2,120,0,13,72,0,85,24,47,132,2,205,120,0,120,325
07/18/2000,BTR,LA,ASW,CE,Towers with Radar,30,43,75,4,152,0,12,124,0,136,30,55,199,4,288,148,0,148,436
07/19/2000,BTR,LA,ASW,CE,Towers with Radar,25,39,65,7,136,0,15,101,8,124,25,54,166,15,260,176,0,176,436
07/20/2000,BTR,LA,ASW,CE,Towers with Radar,27,41,68,7,143,0,4,98,5,107,27,45,166,12,250,124,0,124,374
07/21/2000,BTR,LA,ASW,CE,Towers with Radar,30,43,78,8,159,0,0,72,10,82,30,43,150,18,241,120,10,130,371
07/22/2000,BTR,LA,ASW,CE,Towers with Radar,19,26,45,1,91,9,0,74,0,83,28,26,119,1,174,98,0,98,272
07/23/2000,BTR,LA,ASW,CE,Towers with Radar,22,30,50,0,102,5,5,29,0,39,27,35,79,0,141,136,0,136,277
07/24/2000,BTR,LA,ASW,CE,Towers with Radar,28,45,75,8,156,0,7,97,5,109,28,52,172,13,265,190,0,190,455
07/25/2000,BTR,LA,ASW,CE,Towers with Radar,31,42,70,0,143,0,2,78,0,80,31,44,148,0,223,138,0,138,361
07/26/2000,BTR,LA,ASW,CE,Towers with Radar,28,43,72,7,150,0,5,97,14,116,28,48,169,21,266,86,6,92,358
07/27/2000,BTR,LA,ASW,CE,Towers with Radar,27,39,65,1,132,0,3,103,0,106,27,42,168,1,238,130,0,130,368
07/28/2000,BTR,LA,ASW,CE,Towers with Radar,28,36,63,7,134,18,0,69,0,87,46,36,132,7,221,60,0,60,281
07/29/2000,BTR,LA,ASW,CE,Towers with Radar,24,32,54,2,112,4,7,61,0,72,28,39,115,2,184,106,0,106,290
07/30/2000,BTR,LA,ASW,CE,Towers with Radar,25,34,57,0,116,4,5,59,0,68,29,39,116,0,184,66,0,66,250
07/31/2000,BTR,LA,ASW,CE,Towers with Radar,28,37,62,2,129,0,6,56,0,62,28,43,118,2,191,74,0,74,265
08/01/2000,BTR,LA,ASW,CE,Towers with Radar,28,41,78,7,154,0,4,74,3,81,28,45,152,10,235,112,0,112,347
08/02/2000,BTR,LA,ASW,CE,Towers with Radar,27,38,77,8,150,0,0,69,9,78,27,38,146,17,228,114,0,114,342
08/03/2000,BTR,LA,ASW,CE,Towers with Radar,27,41,90,7,165,0,0,55,0,55,27,41,145,7,220,106,4,110,330
08/04/2000,BTR,LA,ASW,CE,Towers with Radar,26,37,72,1,136,4,12,83,0,99,30,49,155,1,235,62,0,62,297
08/05/2000,BTR,LA,ASW,CE,Towers with Radar,23,32,63,0,118,0,3,76,0,79,23,35,139,0,197,60,0,60,257
08/06/2000,BTR,LA,ASW,CE,Towers with Radar,27,33,80,0,140,1,5,98,0,104,28,38,178,0,244,148,0,148,392
08/07/2000,BTR,LA,ASW,CE,Towers with Radar,27,42,85,8,162,0,0,51,7,58,27,42,136,15,220,74,6,80,300
08/08/2000,BTR,LA,ASW,CE,Towers with Radar,25,40,78,0,143,0,5,90,0,95,25,45,168,0,238,312,0,312,550
08/09/2000,BTR,LA,ASW,CE,Towers with Radar,28,39,77,4,148,2,13,104,0,119,30,52,181,4,267,130,0,130,397
08/10/2000,BTR,LA,ASW,CE,Towers with Radar,29,42,83,8,162,0,13,82,8,103,29,55,165,16,265,58,2,60,325
08/11/2000,BTR,LA,ASW,CE,Towers with Radar,35,49,96,0,180,5,12,82,0,99,40,61,178,0,279,16,0,16,295
08/12/2000,BTR,LA,ASW,CE,Towers with Radar,23,23,69,0,115,1,4,79,0,84,24,27,148,0,199,110,0,110,309
08/13/2000,BTR,LA,ASW,CE,Towers with Radar,24,34,66,7,131,3,3,88,4,98,27,37,154,11,229,216,0,216,445
08/14/2000,BTR,LA,ASW,CE,Towers with Radar,28,40,77,8,153,0,16,68,4,88,28,56,145,12,241,204,0,204,445
08/15/2000,BTR,LA,ASW,CE,Towers with Radar,28,38,74,8,148,1,9,72,2,84,29,47,146,10,232,150,2,152,384
08/16/2000,BTR,LA,ASW,CE,Towers with Radar,26,41,80,8,155,0,16,46,9,71,26,57,126,17,226,62,4,66,292
08/17/2000,BTR,LA,ASW,CE,Towers with Radar,28,40,78,5,151,0,7,110,0,117,28,47,188,5,268,146,0,146,414
08/18/2000,BTR,LA,ASW,CE,Towers with Radar,26,41,81,8,156,0,6,79,1,86,26,47,160,9,242,28,8,36,278
08/19/2000,BTR,LA,ASW,CE,Towers with Radar,20,28,54,1,103,6,3,83,0,92,26,31,137,1,195,98,0,98,293
08/20/2000,BTR,LA,ASW,CE,Towers with Radar,25,33,65,1,124,3,4,69,0,76,28,37,134,1,200,118,0,118,318
08/21/2000,BTR,LA,ASW,CE,Towers with Radar,28,40,77,8,153,0,5,65,3,73,28,45,142,11,226,112,0,112,338
08/22/2000,BTR,LA,ASW,CE,Towers with Radar,30,41,81,0,152,0,18,70,0,88,30,59,151,0,240,34,0,34,274
08/23/2000,BTR,LA,ASW,CE,Towers with Radar,33,30,88,3,154,10,0,83,0,93,43,30,171,3,247,124,6,130,377
08/24/2000,BTR,LA,ASW,CE,Towers with Radar,28,43,84,7,162,0,9,83,0,92,28,52,167,7,254,62,4,66,320
08/25/2000,BTR,LA,ASW,CE,Towers with Radar,25,36,69,7,137,1,4,81,6,92,26,40,150,13,229,64,16,80,309
08/26/2000,BTR,LA,ASW,CE,Towers with Radar,21,26,55,1,103,5,0,99,0,104,26,26,154,1,207,116,0,116,323
08/27/2000,BTR,LA,ASW,CE,Towers with Radar,23,31,61,6,121,6,11,98,8,123,29,42,159,14,244,162,8,170,414
08/28/2000,BTR,LA,ASW,CE,Towers with Radar,28,42,82,7,159,0,4,105,10,119,28,46,187,17,278,144,0,144,422
08/29/2000,BTR,LA,ASW,CE,Towers with Radar,28,42,90,8,168,0,0,126,5,131,28,42,216,13,299,114,10,124,423
08/30/2000,BTR,LA,ASW,CE,Towers with Radar,28,43,91,8,170,0,0,74,28,102,28,43,165,36,272,32,2,34,306
08/31/2000,BTR,LA,ASW,CE,Towers with Radar,28,43,85,7,163,0,1,56,4,61,28,44,141,11,224,76,6,82,306
09/01/2000,BTR,LA,ASW,CE,Towers with Radar,27,38,83,6,154,7,7,89,0,103,34,45,172,6,257,97,0,97,354
09/02/2000,BTR,LA,ASW,CE,Towers with Radar,21,26,71,0,118,0,0,105,0,105,21,26,176,0,223,32,0,32,255
09/03/2000,BTR,LA,ASW,CE,Towers with Radar,18,25,55,0,98,8,8,22,0,38,26,33,77,0,136,122,0,122,258
09/04/2000,BTR,LA,ASW,CE,Towers with Radar,24,33,73,0,130,0,0,55,0,55,24,33,128,0,185,78,0,78,263
09/05/2000,BTR,LA,ASW,CE,Towers with Radar,29,40,88,6,163,1,4,58,14,77,30,44,146,20,240,96,10,106,346
09/06/2000,BTR,LA,ASW,CE,Towers with Radar,31,44,96,7,178,0,15,72,10,97,31,59,168,17,275,130,8,138,413
09/07/2000,BTR,LA,ASW,CE,Towers with Radar,27,40,88,0,155,0,4,18,0,22,27,44,106,0,177,0,0,0,177
09/08/2000,BTR,LA,ASW,CE,Towers with Radar,30,40,88,0,158,1,1,17,0,19,31,41,105,0,177,0,0,0,177
09/09/2000,BTR,LA,ASW,CE,Towers with Radar,24,32,70,2,128,3,2,36,0,41,27,34,106,2,169,84,0,84,253
09/10/2000,BTR,LA,ASW,CE,Towers with Radar,25,36,38,0,99,1,1,44,0,46,26,37,82,0,145,134,0,134,279
09/11/2000,BTR,LA,ASW,CE,Towers with Radar,28,38,82,4,152,2,1,81,0,84,30,39,163,4,236,204,0,204,440
09/12/2000,BTR,LA,ASW,CE,Towers with Radar,27,41,89,0,157,0,3,61,0,64,27,44,150,0,221,116,0,116,337
09/13/2000,BTR,LA,ASW,CE,Towers with Radar,29,38,88,1,156,0,0,60,0,60,29,38,148,1,216,136,0,136,352
09/14/2000,BTR,LA,ASW,CE,Towers with Radar,29,37,94,5,165,0,0,80,13,93,29,37,174,18,258,94,2,96,354
09/15/2000,BTR,LA,ASW,CE,Towers with Radar,26,33,74,4,137,3,6,101,0,110,29,39,175,4,247,94,0,94,341
09/16/2000,BTR,LA,ASW,CE,Towers with Radar,22,27,61,0,110,4,1,109,0,114,26,28,170,0,224,146,0,146,370
09/17/2000,BTR,LA,ASW,CE,Towers with Radar,22,28,63,0,113,5,12,95,0,112,27,40,158,0,225,148,0,148,373
09/18/2000,BTR,LA,ASW,CE,Towers with Radar,30,48,105,7,190,0,2,92,14,108,30,50,197,21,298,192,0,192,490
09/19/2000,BTR,LA,ASW,CE,Towers with Radar,30,41,89,1,161,0,9,101,0,110,30,50,190,1,271,110,0,110,381
09/20/2000,BTR,LA,ASW,CE,Towers with Radar,27,39,85,6,157,0,8,49,13,70,27,47,134,19,227,100,2,102,329
09/21/2000,BTR,LA,ASW,CE,Towers with Radar,7,38,83,6,134,0,11,58,0,69,7,49,141,6,203,0,0,0,203
09/22/2000,BTR,LA,ASW,CE,Towers with Radar,24,30,67,5,126,4,16,21,0,41,28,46,88,5,167,80,4,84,251
09/23/2000,BTR,LA,ASW,CE,Towers with Radar,22,28,62,2,114,4,1,49,0,54,26,29,111,2,168,200,0,200,368
09/24/2000,BTR,LA,ASW,CE,Towers with Radar,25,35,80,1,141,0,0,51,0,51,25,35,131,1,192,206,0,206,398
09/25/2000,BTR,LA,ASW,CE,Towers with Radar,28,41,89,6,164,0,6,66,0,72,28,47,155,6,236,80,4,84,320
09/26/2000,BTR,LA,ASW,CE,Towers with Radar,28,40,89,6,163,0,0,46,12,58,28,40,135,18,221,120,2,122,343
09/27/2000,BTR,LA,ASW,CE,Towers with Radar,31,46,102,7,186,0,4,128,6,138,31,50,230,13,324,118,0,118,442
09/28/2000,BTR,LA,ASW,CE,Towers with Radar,26,38,84,6,154,0,9,107,1,117,26,47,191,7,271,62,2,64,335
09/29/2000,BTR,LA,ASW,CE,Towers with Radar,32,41,90,0,163,0,7,150,0,157,32,48,240,0,320,124,0,124,444
09/30/2000,BTR,LA,ASW,CE,Towers with Radar,24,26,67,0,117,3,0,131,0,134,27,26,198,0,251,114,0,114,365
10/01/2000,BTR,LA,ASW,CE,Towers with Radar,24,35,69,0,128,8,7,114,0,129,32,42,183,0,257,222,0,222,479
10/02/2000,BTR,LA,ASW,CE,Towers with Radar,29,42,82,11,164,1,2,59,6,68,30,44,141,17,232,174,0,174,406
10/03/2000,BTR,LA,ASW,CE,Towers with Radar,29,48,94,13,184,0,2,82,27,111,29,50,176,40,295,82,0,82,377
10/04/2000,BTR,LA,ASW,CE,Towers with Radar,29,47,105,14,195,0,0,94,25,119,29,47,199,39,314,148,0,148,462
10/05/2000,BTR,LA,ASW,CE,Towers with Radar,25,43,92,9,169,0,0,63,0,63,25,43,155,9,232,108,0,108,340
10/06/2000,BTR,LA,ASW,CE,Towers with Radar,23,34,64,6,127,4,18,8,0,30,27,52,72,6,157,26,0,26,183
10/07/2000,BTR,LA,ASW,CE,Towers with Radar,25,29,72,0,126,3,0,76,0,79,28,29,148,0,205,126,0,126,331
10/08/2000,BTR,LA,ASW,CE,Towers with Radar,25,38,73,0,136,8,0,37,0,45,33,38,110,0,181,106,0,106,287
10/09/2000,BTR,LA,ASW,CE,Towers with Radar,32,44,95,9,180,0,0,176,0,176,32,44,271,9,356,106,2,108,464
10/10/2000,BTR,LA,ASW,CE,Towers with Radar,29,52,149,20,250,0,0,91,11,102,29,52,240,31,352,174,0,174,526
10/11/2000,BTR,LA,ASW,CE,Towers with Radar,29,52,99,14,194,0,4,114,12,130,29,56,213,26,324,120,10,130,454
10/12/2000,BTR,LA,ASW,CE,Towers with Radar,27,53,100,14,194,0,4,115,3,122,27,57,215,17,316,94,0,94,410
10/13/2000,BTR,LA,ASW,CE,Towers with Radar,28,43,81,3,155,1,15,103,0,119,29,58,184,3,274,134,0,134,408
10/14/2000,BTR,LA,ASW,CE,Towers with Radar,17,27,50,0,94,11,4,111,0,126,28,31,161,0,220,134,0,134,354
10/15/2000,BTR,LA,ASW,CE,Towers with Radar,22,35,66,8,131,0,11,73,15,99,22,46,139,23,230,142,4,146,376
10/16/2000,BTR,LA,ASW,CE,Towers with Radar,24,42,84,11,161,0,0,65,17,82,24,42,149,28,243,90,0,90,333
10/17/2000,BTR,LA,ASW,CE,Towers with Radar,28,39,71,27,165,2,5,69,2,78,30,44,140,29,243,102,0,102,345
10/18/2000,BTR,LA,ASW,CE,Towers with Radar,29,45,85,2,161,0,18,112,0,130,29,63,197,2,291,150,0,150,441
10/19/2000,BTR,LA,ASW,CE,Towers with Radar,28,43,81,10,162,0,16,81,2,99,28,59,162,12,261,62,10,72,333
10/20/2000,BTR,LA,ASW,CE,Towers with Radar,28,41,81,10,160,5,0,84,3,92,33,41,165,13,252,34,0,34,286
10/21/2000,BTR,LA,ASW,CE,Towers with Radar,26,29,81,1,137,1,3,83,0,87,27,32,164,1,224,184,2,186,410
10/22/2000,BTR,LA,ASW,CE,Towers with Radar,23,35,66,0,124,6,23,35,0,64,29,58,101,0,188,96,0,96,284
10/23/2000,BTR,LA,ASW,CE,Towers with Radar,29,45,84,11,169,1,3,52,24,80,30,48,136,35,249,118,0,118,367
10/24/2000,BTR,LA,ASW,CE,Towers with Radar,27,45,85,1,158,0,28,102,0,130,27,73,187,1,288,186,0,186,474
10/25/2000,BTR,LA,ASW,CE,Towers with Radar,32,47,91,12,182,1,4,93,7,105,33,51,184,19,287,92,0,92,379
10/26/2000,BTR,LA,ASW,CE,Towers with Radar,29,47,90,5,171,0,1,76,0,77,29,48,166,5,248,84,2,86,334
10/27/2000,BTR,LA,ASW,CE,Towers with Radar,28,43,76,2,149,0,1,91,0,92,28,44,167,2,241,108,0,108,349
10/28/2000,BTR,LA,ASW,CE,Towers with Radar,21,30,57,0,108,7,2,78,0,87,28,32,135,0,195,80,0,80,275
10/29/2000,BTR,LA,ASW,CE,Towers with Radar,25,37,71,1,134,3,6,78,0,87,28,43,149,1,221,98,0,98,319
10/30/2000,BTR,LA,ASW,CE,Towers with Radar,31,47,90,0,168,0,3,52,0,55,31,50,142,0,223,124,0,124,347
10/31/2000,BTR,LA,ASW,CE,Towers with Radar,25,37,72,3,137,5,15,44,0,64,30,52,116,3,201,76,0,76,277
11/01/2000,BTR,LA,ASW,CE,Towers with Radar,30,46,91,2,169,0,0,74,0,74,30,46,165,2,243,146,0,146,389
11/02/2000,BTR,LA,ASW,CE,Towers with Radar,26,43,85,6,160,0,3,53,1,57,26,46,138,7,217,118,4,122,339
11/03/2000,BTR,LA,ASW,CE,Towers with Radar,32,37,89,4,162,3,0,78,0,81,35,37,167,4,243,90,0,90,333
11/04/2000,BTR,LA,ASW,CE,Towers with Radar,25,30,69,5,129,2,0,79,2,83,27,30,148,7,212,144,0,144,356
11/05/2000,BTR,LA,ASW,CE,Towers with Radar,24,34,69,3,130,0,0,36,0,36,24,34,105,3,166,104,0,104,270
11/06/2000,BTR,LA,ASW,CE,Towers with Radar,6,10,19,2,37,25,39,75,3,142,31,49,94,5,179,64,0,64,243
11/07/2000,BTR,LA,ASW,CE,Towers with Radar,26,40,90,4,160,0,0,95,0,95,26,40,185,4,255,150,8,158,413
11/08/2000,BTR,LA,ASW,CE,Towers with Radar,20,28,53,4,105,5,9,0,3,17,25,37,53,7,122,0,0,0,122
11/09/2000,BTR,LA,ASW,CE,Towers with Radar,27,42,82,2,153,0,14,59,0,73,27,56,141,2,226,96,0,96,322
11/10/2000,BTR,LA,ASW,CE,Towers with Radar,27,39,76,0,142,5,11,90,0,106,32,50,166,0,248,96,0,96,344
11/11/2000,BTR,LA,ASW,CE,Towers with Radar,24,24,66,0,114,2,0,20,0,22,26,24,86,0,136,36,0,36,172
11/12/2000,BTR,LA,ASW,CE,Towers with Radar,28,37,85,0,150,0,0,75,0,75,28,37,160,0,225,146,0,146,371
11/13/2000,BTR,LA,ASW,CE,Towers with Radar,25,45,87,6,163,0,0,26,1,27,25,45,113,7,190,94,6,100,290
11/14/2000,BTR,LA,ASW,CE,Towers with Radar,30,42,85,6,163,0,15,83,16,114,30,57,168,22,277,70,0,70,347
11/15/2000,BTR,LA,ASW,CE,Towers with Radar,26,47,94,7,174,0,6,110,0,116,26,53,204,7,290,116,4,120,410
11/16/2000,BTR,LA,ASW,CE,Towers with Radar,33,47,69,4,153,0,22,0,0,22,33,69,69,4,175,0,0,0,175
11/17/2000,BTR,LA,ASW,CE,Towers with Radar,27,41,86,0,154,0,0,22,0,22,27,41,108,0,176,4,0,4,180
11/18/2000,BTR,LA,ASW,CE,Towers with Radar,20,24,50,2,96,6,0,0,0,6,26,24,50,2,102,0,0,0,102
11/19/2000,BTR,LA,ASW,CE,Towers with Radar,25,33,68,4,130,6,2,1,4,13,31,35,69,8,143,70,4,74,217
11/20/2000,BTR,LA,ASW,CE,Towers with Radar,28,43,88,5,164,0,2,103,11,116,28,45,191,16,280,130,6,136,416
11/21/2000,BTR,LA,ASW,CE,Towers with Radar,28,40,82,5,155,0,6,129,5,140,28,46,211,10,295,156,0,156,451
11/22/2000,BTR,LA,ASW,CE,Towers with Radar,29,45,91,6,171,0,6,104,14,124,29,51,195,20,295,198,0,198,493
11/23/2000,BTR,LA,ASW,CE,Towers with Radar,11,14,27,0,52,13,12,0,0,25,24,26,27,0,77,4,0,4,81
11/24/2000,BTR,LA,ASW,CE,Towers with Radar,19,25,51,0,95,9,9,0,0,18,28,34,51,0,113,0,0,0,113
11/25/2000,BTR,LA,ASW,CE,Towers with Radar,17,23,46,0,86,5,7,31,0,43,22,30,77,0,129,108,0,108,237
11/26/2000,BTR,LA,ASW,CE,Towers with Radar,27,36,73,0,136,1,9,99,0,109,28,45,172,0,245,130,0,130,375
11/27/2000,BTR,LA,ASW,CE,Towers with Radar,34,42,92,6,174,6,0,87,24,117,40,42,179,30,291,160,2,162,453
11/28/2000,BTR,LA,ASW,CE,Towers with Radar,25,37,75,5,142,0,12,67,2,81,25,49,142,7,223,82,0,82,305
11/29/2000,BTR,LA,ASW,CE,Towers with Radar,30,46,93,2,171,0,2,31,0,33,30,48,124,2,204,64,0,64,268
11/30/2000,BTR,LA,ASW,CE,Towers with Radar,26,40,79,3,148,0,4,121,0,125,26,44,200,3,273,50,4,54,327
12/01/2000,BTR,LA,ASW,CE,Towers with Radar,27,43,76,1,147,1,0,30,0,31,28,43,106,1,178,68,0,68,246
12/02/2000,BTR,LA,ASW,CE,Towers with Radar,21,25,56,0,102,1,0,69,0,70,22,25,125,0,172,128,0,128,300
12/03/2000,BTR,LA,ASW,CE,Towers with Radar,21,34,58,0,113,4,0,49,0,53,25,34,107,0,166,70,0,70,236
12/04/2000,BTR,LA,ASW,CE,Towers with Radar,31,40,84,9,164,6,0,45,15,66,37,40,129,24,230,88,2,90,320
12/05/2000,BTR,LA,ASW,CE,Towers with Radar,27,51,86,9,173,0,7,100,2,109,27,58,186,11,282,214,2,216,498
12/06/2000,BTR,LA,ASW,CE,Towers with Radar,24,55,93,10,182,0,5,37,5,47,24,60,130,15,229,74,2,76,305
12/07/2000,BTR,LA,ASW,CE,Towers with Radar,25,38,66,7,136,3,31,122,12,168,28,69,188,19,304,70,0,70,374
12/08/2000,BTR,LA,ASW,CE,Towers with Radar,28,52,90,9,179,0,4,78,12,94,28,56,168,21,273,92,0,92,365
12/09/2000,BTR,LA,ASW,CE,Towers with Radar,24,29,37,2,92,0,9,89,0,98,24,38,126,2,190,70,0,70,260
12/10/2000,BTR,LA,ASW,CE,Towers with Radar,24,37,65,0,126,2,9,49,0,60,26,46,114,0,186,168,0,168,354
12/11/2000,BTR,LA,ASW,CE,Towers with Radar,25,46,80,8,159,0,3,37,4,44,25,49,117,12,203,112,0,112,315
12/12/2000,BTR,LA,ASW,CE,Towers with Radar,27,50,85,8,170,0,27,53,0,80,27,77,138,8,250,78,0,78,328
12/13/2000,BTR,LA,ASW,CE,Towers with Radar,25,30,99,3,157,1,4,12,0,17,26,34,111,3,174,78,0,78,252
12/14/2000,BTR,LA,ASW,CE,Towers with Radar,35,45,109,11,200,0,0,4,24,28,35,45,113,35,228,0,0,0,228
12/15/2000,BTR,LA,ASW,CE,Towers with Radar,30,40,80,0,150,0,0,34,0,34,30,40,114,0,184,0,0,0,184
12/16/2000,BTR,LA,ASW,CE,Towers with Radar,24,30,47,1,102,1,2,19,0,22,25,32,66,1,124,68,0,68,192
12/17/2000,BTR,LA,ASW,CE,Towers with Radar,28,37,81,0,146,0,0,116,0,116,28,37,197,0,262,108,6,114,376
12/18/2000,BTR,LA,ASW,CE,Towers with Radar,27,45,88,9,169,0,0,69,12,81,27,45,157,21,250,98,2,100,350
12/19/2000,BTR,LA,ASW,CE,Towers with Radar,31,50,85,9,175,0,4,77,1,82,31,54,162,10,257,188,0,188,445
12/20/2000,BTR,LA,ASW,CE,Towers with Radar,25,54,92,10,181,0,0,88,25,113,25,54,180,35,294,102,10,112,406
12/21/2000,BTR,LA,ASW,CE,Towers with Radar,25,52,88,2,167,0,32,40,0,72,25,84,128,2,239,26,0,26,265
12/22/2000,BTR,LA,ASW,CE,Towers with Radar,22,34,58,4,118,6,10,47,0,63,28,44,105,4,181,52,0,52,233
12/23/2000,BTR,LA,ASW,CE,Towers with Radar,19,30,50,0,99,7,9,41,0,57,26,39,91,0,156,56,0,56,212
12/24/2000,BTR,LA,ASW,CE,Towers with Radar,2,3,5,0,10,1,0,20,0,21,3,3,25,0,31,116,0,116,147
12/25/2000,BTR,LA,ASW,CE,Towers with Radar,11,17,28,0,56,7,8,2,0,17,18,25,30,0,73,0,0,0,73
12/26/2000,BTR,LA,ASW,CE,Towers with Radar,26,38,69,0,133,0,0,26,0,26,26,38,95,0,159,0,0,0,159
12/27/2000,BTR,LA,ASW,CE,Towers with Radar,25,38,50,0,113,3,18,0,0,21,28,56,50,0,134,0,0,0,134
12/28/2000,BTR,LA,ASW,CE,Towers with Radar,28,43,72,0,143,6,5,5,0,16,34,48,77,0,159,10,0,10,169
12/29/2000,BTR,LA,ASW,CE,Towers with Radar,22,34,56,0,112,5,11,60,0,76,27,45,116,0,188,68,0,68,256
12/30/2000,BTR,LA,ASW,CE,Towers with Radar,24,33,63,0,120,3,0,110,0,113,27,33,173,0,233,154,0,154,387
12/31/2000,BTR,LA,ASW,CE,Towers with Radar,13,19,32,0,64,5,9,30,0,44,18,28,62,0,108,118,0,118,226
01/01/2001,BTR,LA,ASW,CE,Towers with Radar,14,25,40,0,79,13,3,21,0,37,27,28,61,0,116,132,0,132,248
01/02/2001,BTR,LA,ASW,CE,Towers with Radar,24,39,64,0,127,4,11,66,0,81,28,50,130,0,208,84,0,84,292
01/03/2001,BTR,LA,ASW,CE,Towers with Radar,26,43,71,10,150,1,9,75,27,112,27,52,146,37,262,26,16,42,304
01/04/2001,BTR,LA,ASW,CE,Towers with Radar,28,44,74,10,156,0,10,99,10,119,28,54,173,20,275,74,0,74,349
01/05/2001,BTR,LA,ASW,CE,Towers with Radar,28,52,90,12,182,0,0,102,6,108,28,52,192,18,290,52,10,62,352
01/06/2001,BTR,LA,ASW,CE,Towers with Radar,21,31,56,0,108,6,0,90,0,96,27,31,146,0,204,154,0,154,358
01/07/2001,BTR,LA,ASW,CE,Towers with Radar,22,35,59,0,116,4,0,11,0,15,26,35,70,0,131,90,0,90,221
01/08/2001,BTR,LA,ASW,CE,Towers with Radar,28,44,75,10,157,0,6,53,21,80,28,50,128,31,237,118,0,118,355
01/09/2001,BTR,LA,ASW,CE,Towers with Radar,28,45,77,10,160,1,1,104,13,119,29,46,181,23,279,188,0,188,467
01/10/2001,BTR,LA,ASW,CE,Towers with Radar,25,47,80,9,161,0,4,47,0,51,25,51,127,9,212,182,0,182,394
01/11/2001,BTR,LA,ASW,CE,Towers with Radar,22,49,84,11,166,0,5,16,3,24,22,54,100,14,190,38,0,38,228
01/12/2001,BTR,LA,ASW,CE,Towers with Radar,24,46,103,7,180,0,3,19,0,22,24,49,122,7,202,92,0,92,294
01/13/2001,BTR,LA,ASW,CE,Towers with Radar,25,39,67,0,131,0,9,29,0,38,25,48,96,0,169,102,0,102,271
01/14/2001,BTR,LA,ASW,CE,Towers with Radar,27,43,72,0,142,1,0,46,0,47,28,43,118,0,189,120,0,120,309
01/15/2001,BTR,LA,ASW,CE,Towers with Radar,24,49,81,8,162,0,7,35,0,42,24,56,116,8,204,88,0,88,292
01/16/2001,BTR,LA,ASW,CE,Towers with Radar,26,44,74,2,146,0,0,10,0,10,26,44,84,2,156,0,0,0,156
01/17/2001,BTR,LA,ASW,CE,Towers with Radar,25,41,58,0,124,2,9,0,0,11,27,50,58,0,135,0,0,0,135
01/18/2001,BTR,LA,ASW,CE,Towers with Radar,25,42,70,2,139,0,0,17,0,17,25,42,87,2,156,0,0,0,156
01/19/2001,BTR,LA,ASW,CE,Towers with Radar,22,40,65,8,135,0,7,19,3,29,22,47,84,11,164,6,0,6,170
01/20/2001,BTR,LA,ASW,CE,Towers with Radar,20,27,52,6,105,5,0,109,1,115,25,27,161,7,220,68,0,68,288
01/21/2001,BTR,LA,ASW,CE,Towers with Radar,20,33,54,0,107,7,6,92,0,105,27,39,146,0,212,198,0,198,410
01/22/2001,BTR,LA,ASW,CE,Towers with Radar,23,49,81,10,163,0,5,163,10,178,23,54,244,20,341,90,6,96,437
01/23/2001,BTR,LA,ASW,CE,Towers with Radar,31,45,83,8,167,1,0,75,0,76,32,45,158,8,243,122,8,130,373
01/24/2001,BTR,LA,ASW,CE,Towers with Radar,29,54,89,11,183,0,4,95,2,101,29,58,184,13,284,160,0,160,444
01/25/2001,BTR,LA,ASW,CE,Towers with Radar,29,48,80,10,167,1,6,120,7,134,30,54,200,17,301,80,0,80,381
01/26/2001,BTR,LA,ASW,CE,Towers with Radar,26,49,83,0,158,0,0,76,0,76,26,49,159,0,234,102,0,102,336
01/27/2001,BTR,LA,ASW,CE,Towers with Radar,20,26,54,1,101,4,0,34,0,38,24,26,88,1,139,148,0,148,287
01/28/2001,BTR,LA,ASW,CE,Towers with Radar,19,30,50,0,99,8,6,30,0,44,27,36,80,0,143,108,0,108,251
01/29/2001,BTR,LA,ASW,CE,Towers with Radar,23,37,50,0,110,5,15,0,0,20,28,52,50,0,130,2,0,2,132
01/30/2001,BTR,LA,ASW,CE,Towers with Radar,20,50,97,12,179,0,0,112,16,128,20,50,209,28,307,162,0,162,469
01/31/2001,BTR,LA,ASW,CE,Towers with Radar,31,52,88,11,182,0,0,80,17,97,31,52,168,28,279,102,0,102,381
02/01/2001,BTR,LA,ASW,CE,Towers with Radar,25,47,89,7,168,0,10,76,3,89,25,57,165,10,257,48,0,48,305
02/02/2001,BTR,LA,ASW,CE,Towers with Radar,24,50,105,8,187,0,0,49,24,73,24,50,154,32,260,24,0,24,284
02/03/2001,BTR,LA,ASW,CE,Towers with Radar,17,31,58,0,106,9,3,102,0,114,26,34,160,0,220,76,0,76,296
02/04/2001,BTR,LA,ASW,CE,Towers with Radar,24,35,76,2,137,8,0,105,0,113,32,35,181,2,250,176,0,176,426
02/05/2001,BTR,LA,ASW,CE,Towers with Radar,27,46,87,7,167,2,17,43,4,66,29,63,130,11,233,154,0,154,387
02/06/2001,BTR,LA,ASW,CE,Towers with Radar,24,50,94,7,175,0,0,91,30,121,24,50,185,37,296,132,16,148,444
02/07/2001,BTR,LA,ASW,CE,Towers with Radar,28,42,94,7,171,0,0,71,7,78,28,42,165,14,249,0,0,0,249
02/08/2001,BTR,LA,ASW,CE,Towers with Radar,28,52,98,6,184,0,3,96,0,99,28,55,194,6,283,132,4,136,419
02/09/2001,BTR,LA,ASW,CE,Towers with Radar,22,38,70,0,130,3,10,0,0,13,25,48,70,0,143,26,0,26,169
02/10/2001,BTR,LA,ASW,CE,Towers with Radar,19,33,62,5,119,3,19,123,3,148,22,52,185,8,267,158,0,158,425
02/11/2001,BTR,LA,ASW,CE,Towers with Radar,24,40,77,0,141,6,0,99,0,105,30,40,176,0,246,114,0,114,360
02/12/2001,BTR,LA,ASW,CE,Towers with Radar,25,45,87,6,163,0,5,40,2,47,25,50,127,8,210,146,0,146,356
02/13/2001,BTR,LA,ASW,CE,Towers with Radar,26,39,88,3,156,0,0,37,0,37,26,39,125,3,193,74,0,74,267
02/14/2001,BTR,LA,ASW,CE,Towers with Radar,30,48,94,0,172,0,15,18,0,33,30,63,112,0,205,38,2,40,245
02/15/2001,BTR,LA,ASW,CE,Towers with Radar,31,47,102,7,187,0,0,30,11,41,31,47,132,18,228,62,0,62,290
02/16/2001,BTR,LA,ASW,CE,Towers with Radar,23,37,72,1,133,1,14,7,0,22,24,51,79,1,155,16,0,16,171
02/17/2001,BTR,LA,ASW,CE,Towers with Radar,23,37,72,2,134,2,15,91,0,108,25,52,163,2,242,226,0,226,468
02/18/2001,BTR,LA,ASW,CE,Towers with Radar,20,32,62,0,114,8,10,95,0,113,28,42,157,0,227,186,0,186,413
02/19/2001,BTR,LA,ASW,CE,Towers with Radar,24,43,84,1,152,0,4,104,0,108,24,47,188,1,260,146,0,146,406
02/20/2001,BTR,LA,ASW,CE,Towers with Radar,26,46,98,3,173,0,0,60,0,60,26,46,158,3,233,116,0,116,349
02/21/2001,BTR,LA,ASW,CE,Towers with Radar,29,43,112,6,190,0,0,115,0,115,29,43,227,6,305,120,0,120,425
02/22/2001,BTR,LA,ASW,CE,Towers with Radar,26,51,99,7,183,0,0,44,5,49,26,51,143,12,232,74,4,78,310
02/23/2001,BTR,LA,ASW,CE,Towers with Radar,24,44,113,6,187,0,0,59,0,59,24,44,172,6,246,62,8,70,316
02/24/2001,BTR,LA,ASW,CE,Towers with Radar,20,31,52,2,105,16,3,0,0,19,36,34,52,2,124,44,0,44,168
02/25/2001,BTR,LA,ASW,CE,Towers with Radar,28,44,86,4,162,1,0,30,0,31,29,44,116,4,193,80,0,80,273
02/26/2001,BTR,LA,ASW,CE,Towers with Radar,26,49,92,3,170,0,1,56,0,57,26,50,148,3,227,98,0,98,325
02/27/2001,BTR,LA,ASW,CE,Towers with Radar,28,45,85,6,164,4,7,9,0,20,32,52,94,6,184,68,0,68,252
02/28/2001,BTR,LA,ASW,CE,Towers with Radar,26,50,94,0,170,0,7,10,0,17,26,57,104,0,187,44,0,44,231
03/01/2001,BTR,LA,ASW,CE,Towers with Radar,19,34,57,3,113,9,18,37,0,64,28,52,94,3,177,0,0,0,177
03/02/2001,BTR,LA,ASW,CE,Towers with Radar,20,35,57,0,112,5,28,0,0,33,25,63,57,0,145,2,0,2,147
03/03/2001,BTR,LA,ASW,CE,Towers with Radar,14,25,40,0,79,16,8,0,0,24,30,33,40,0,103,26,0,26,129
03/04/2001,BTR,LA,ASW,CE,Towers with Radar,22,37,63,0,122,4,6,100,0,110,26,43,163,0,232,216,0,216,448
03/05/2001,BTR,LA,ASW,CE,Towers with Radar,30,48,87,15,180,3,0,94,9,106,33,48,181,24,286,112,0,112,398
03/06/2001,BTR,LA,ASW,CE,Towers with Radar,26,49,83,11,169,0,0,127,0,127,26,49,210,11,296,122,0,122,418
03/07/2001,BTR,LA,ASW,CE,Towers with Radar,29,52,101,13,195,0,0,38,0,38,29,52,139,13,233,106,0,106,339
03/08/2001,BTR,LA,ASW,CE,Towers with Radar,24,42,72,12,150,0,4,62,18,84,24,46,134,30,234,180,0,180,414
03/09/2001,BTR,LA,ASW,CE,Towers with Radar,28,48,81,11,168,1,4,10,0,15,29,52,91,11,183,32,0,32,215
03/10/2001,BTR,LA,ASW,CE,Towers with Radar,20,31,60,0,111,4,0,149,0,153,24,31,209,0,264,152,0,152,416
03/11/2001,BTR,LA,ASW,CE,Towers with Radar,21,37,62,0,120,7,3,31,0,41,28,40,93,0,161,172,0,172,333
03/12/2001,BTR,LA,ASW,CE,Towers with Radar,22,37,63,0,122,4,11,23,0,38,26,48,86,0,160,108,0,108,268
03/13/2001,BTR,LA,ASW,CE,Towers with Radar,24,53,90,15,182,0,4,94,4,102,24,57,184,19,284,70,0,70,354
03/14/2001,BTR,LA,ASW,CE,Towers with Radar,28,36,81,1,146,9,0,41,0,50,37,36,122,1,196,88,0,88,284
03/15/2001,BTR,LA,ASW,CE,Towers with Radar,22,41,79,13,155,0,0,93,15,108,22,41,172,28,263,78,18,96,359
03/16/2001,BTR,LA,ASW,CE,Towers with Radar,26,46,99,16,187,0,0,97,61,158,26,46,196,77,345,104,36,140,485
03/17/2001,BTR,LA,ASW,CE,Towers with Radar,22,37,64,11,134,5,0,32,11,48,27,37,96,22,182,144,0,144,326
03/18/2001,BTR,LA,ASW,CE,Towers with Radar,27,47,81,8,163,0,15,106,0,121,27,62,187,8,284,204,4,208,492
03/19/2001,BTR,LA,ASW,CE,Towers with Radar,26,51,89,12,178,0,14,67,0,81,26,65,156,12,259,378,36,414,673
03/20/2001,BTR,LA,ASW,CE,Towers with Radar,24,49,90,15,178,0,0,62,19,81,24,49,152,34,259,170,6,176,435
03/21/2001,BTR,LA,ASW,CE,Towers with Radar,31,61,107,4,203,0,19,122,0,141,31,80,229,4,344,124,0,124,468
03/22/2001,BTR,LA,ASW,CE,Towers with Radar,35,54,102,17,208,0,0,48,36,84,35,54,150,53,292,148,0,148,440
03/23/2001,BTR,LA,ASW,CE,Towers with Radar,24,47,88,0,159,0,0,127,0,127,24,47,215,0,286,90,2,92,378
03/24/2001,BTR,LA,ASW,CE,Towers with Radar,19,30,53,5,107,6,1,61,0,68,25,31,114,5,175,130,0,130,305
03/25/2001,BTR,LA,ASW,CE,Towers with Radar,26,34,72,0,132,0,5,67,0,72,26,39,139,0,204,172,0,172,376
03/26/2001,BTR,LA,ASW,CE,Towers with Radar,26,44,88,14,172,0,0,88,10,98,26,44,176,24,270,140,0,140,410
03/27/2001,BTR,LA,ASW,CE,Towers with Radar,26,56,103,16,201,0,0,61,8,69,26,56,164,24,270,98,4,102,372
03/28/2001,BTR,LA,ASW,CE,Towers with Radar,29,39,81,0,149,0,0,25,0,25,29,39,106,0,174,16,0,16,190
03/29/2001,BTR,LA,ASW,CE,Towers with Radar,26,44,74,1,145,0,20,18,0,38,26,64,92,1,183,62,0,62,245
03/30/2001,BTR,LA,ASW,CE,Towers with Radar,26,48,81,1,156,0,4,64,0,68,26,52,145,1,224,94,0,94,318
03/31/2001,BTR,LA,ASW,CE,Towers with Radar,20,32,54,0,106,4,2,68,0,74,24,34,122,0,180,110,0,110,290
04/01/2001,BTR,LA,ASW,CE,Towers with Radar,18,31,61,0,110,14,0,99,0,113,32,31,160,0,223,128,0,128,351
04/02/2001,BTR,LA,ASW,CE,Towers with Radar,20,50,96,16,182,0,3,112,0,115,20,53,208,16,297,206,0,206,503
04/03/2001,BTR,LA,ASW,CE,Towers with Radar,22,49,99,18,188,0,0,29,24,53,22,49,128,42,241,0,0,0,241
04/04/2001,BTR,LA,ASW,CE,Towers with Radar,29,45,99,19,192,4,0,64,14,82,33,45,163,33,274,138,4,142,416
04/05/2001,BTR,LA,ASW,CE,Towers with Radar,25,51,98,2,176,0,17,100,0,117,25,68,198,2,293,58,4,62,355
04/06/2001,BTR,LA,ASW,CE,Towers with Radar,23,50,96,3,172,0,1,51,0,52,23,51,147,3,224,76,0,76,300
04/07/2001,BTR,LA,ASW,CE,Towers with Radar,20,33,68,9,130,3,0,60,0,63,23,33,128,9,193,138,0,138,331
04/08/2001,BTR,LA,ASW,CE,Towers with Radar,23,41,82,1,147,3,0,65,0,68,26,41,147,1,215,144,0,144,359
04/09/2001,BTR,LA,ASW,CE,Towers with Radar,22,44,85,5,156,0,5,65,0,70,22,49,150,5,226,114,42,156,382
04/10/2001,BTR,LA,ASW,CE,Towers with Radar,22,46,89,16,173,0,6,60,6,72,22,52,149,22,245,124,0,124,369
04/11/2001,BTR,LA,ASW,CE,Towers with Radar,21,53,121,23,218,0,0,69,14,83,21,53,190,37,301,100,14,114,415
04/12/2001,BTR,LA,ASW,CE,Towers with Radar,34,44,123,23,224,0,0,95,0,95,34,44,218,23,319,110,8,118,437
04/13/2001,BTR,LA,ASW,CE,Towers with Radar,22,40,77,1,140,3,21,24,0,48,25,61,101,1,188,50,0,50,238
04/14/2001,BTR,LA,ASW,CE,Towers with Radar,18,30,60,0,108,4,11,88,0,103,22,41,148,0,211,142,0,142,353
04/15/2001,BTR,LA,ASW,CE,Towers with Radar,17,28,57,4,106,14,6,17,0,37,31,34,74,4,143,4,0,4,147
04/16/2001,BTR,LA,ASW,CE,Towers with Radar,26,46,98,11,181,0,0,103,0,103,26,46,201,11,284,188,0,188,472
04/17/2001,BTR,LA,ASW,CE,Towers with Radar,24,44,87,17,172,0,14,29,27,70,24,58,116,44,242,54,0,54,296
04/18/2001,BTR,LA,ASW,CE,Towers with Radar,28,55,108,20,211,0,5,128,25,158,28,60,236,45,369,136,14,150,519
04/19/2001,BTR,LA,ASW,CE,Towers with Radar,22,44,112,22,200,0,0,93,33,126,22,44,205,55,326,0,0,0,326
04/20/2001,BTR,LA,ASW,CE,Towers with Radar,24,42,83,3,152,0,19,82,0,101,24,61,165,3,253,148,0,148,401
04/21/2001,BTR,LA,ASW,CE,Towers with Radar,23,38,76,6,143,1,18,40,0,59,24,56,116,6,202,176,2,178,380
04/22/2001,BTR,LA,ASW,CE,Towers with Radar,21,34,70,11,136,8,0,27,0,35,29,34,97,11,171,106,4,110,281
04/23/2001,BTR,LA,ASW,CE,Towers with Radar,26,45,89,16,176,0,5,36,4,45,26,50,125,20,221,100,0,100,321
04/24/2001,BTR,LA,ASW,CE,Towers with Radar,24,47,93,10,174,0,1,39,0,40,24,48,132,10,214,76,0,76,290
04/25/2001,BTR,LA,ASW,CE,Towers with Radar,31,52,103,19,205,3,2,113,16,134,34,54,216,35,339,108,0,108,447
04/26/2001,BTR,LA,ASW,CE,Towers with Radar,24,41,81,16,162,2,20,229,20,271,26,61,310,36,433,154,16,170,603
04/27/2001,BTR,LA,ASW,CE,Towers with Radar,23,41,80,12,156,2,20,106,0,128,25,61,186,12,284,106,54,160,444
04/28/2001,BTR,LA,ASW,CE,Towers with Radar,17,31,59,6,113,8,5,82,0,95,25,36,141,6,208,144,0,144,352
04/29/2001,BTR,LA,ASW,CE,Towers with Radar,20,35,66,9,130,5,12,93,0,110,25,47,159,9,240,180,0,180,420
04/30/2001,BTR,LA,ASW,CE,Towers with Radar,22,47,90,18,177,0,5,101,5,111,22,52,191,23,288,128,6,134,422
05/01/2001,BTR,LA,ASW,CE,Towers with Radar,23,51,100,12,186,0,0,135,11,146,23,51,235,23,332,114,8,122,454
05/02/2001,BTR,LA,ASW,CE,Towers with Radar,24,51,90,11,176,0,11,66,1,78,24,62,156,12,254,140,0,140,394
05/03/2001,BTR,LA,ASW,CE,Towers with Radar,25,51,90,3,169,1,7,77,0,85,26,58,167,3,254,144,0,144,398
05/04/2001,BTR,LA,ASW,CE,Towers with Radar,24,48,84,6,162,0,12,53,0,65,24,60,137,6,227,98,0,98,325
05/05/2001,BTR,LA,ASW,CE,Towers with Radar,17,34,59,7,117,5,5,97,7,114,22,39,156,14,231,128,4,132,363
05/06/2001,BTR,LA,ASW,CE,Towers with Radar,24,34,84,10,152,1,0,72,4,77,25,34,156,14,229,126,0,126,355
05/07/2001,BTR,LA,ASW,CE,Towers with Radar,24,47,83,0,154,4,7,50,0,61,28,54,133,0,215,130,0,130,345
05/08/2001,BTR,LA,ASW,CE,Towers with Radar,24,48,84,5,161,0,7,48,0,55,24,55,132,5,216,164,0,164,380
05/09/2001,BTR,LA,ASW,CE,Towers with Radar,24,51,101,12,188,0,0,46,13,59,24,51,147,25,247,128,0,128,375
05/10/2001,BTR,LA,ASW,CE,Towers with Radar,20,52,95,2,169,0,29,81,0,110,20,81,176,2,279,60,0,60,339
05/11/2001,BTR,LA,ASW,CE,Towers with Radar,20,37,66,8,131,4,14,64,2,84,24,51,130,10,215,124,0,124,339
05/12/2001,BTR,LA,ASW,CE,Towers with Radar,16,29,54,0,99,8,5,74,0,87,24,34,128,0,186,92,0,92,278
05/13/2001,BTR,LA,ASW,CE,Towers with Radar,19,34,63,7,123,13,11,68,8,100,32,45,131,15,223,194,0,194,417
05/14/2001,BTR,LA,ASW,CE,Towers with Radar,22,53,96,11,182,0,10,98,9,117,22,63,194,20,299,114,0,114,413
05/15/2001,BTR,LA,ASW,CE,Towers with Radar,24,47,85,10,166,0,1,109,0,110,24,48,194,10,276,124,0,124,400
05/16/2001,BTR,LA,ASW,CE,Towers with Radar,24,44,80,8,156,0,12,99,7,118,24,56,179,15,274,138,0,138,412
05/17/2001,BTR,LA,ASW,CE,Towers with Radar,26,48,93,7,174,0,0,105,0,105,26,48,198,7,279,96,0,96,375
05/18/2001,BTR,LA,ASW,CE,Towers with Radar,24,48,91,10,173,0,0,70,4,74,24,48,161,14,247,56,0,56,303
05/19/2001,BTR,LA,ASW,CE,Towers with Radar,18,33,61,0,112,4,3,49,0,56,22,36,110,0,168,130,0,130,298
05/20/2001,BTR,LA,ASW,CE,Towers with Radar,22,41,75,6,144,2,1,31,0,34,24,42,106,6,178,138,0,138,316
05/21/2001,BTR,LA,ASW,CE,Towers with Radar,24,48,88,9,169,0,1,101,2,104,24,49,189,11,273,100,0,100,373
05/22/2001,BTR,LA,ASW,CE,Towers with Radar,20,51,96,10,177,0,0,98,12,110,20,51,194,22,287,100,0,100,387
05/23/2001,BTR,LA,ASW,CE,Towers with Radar,25,53,106,11,195,0,0,164,3,167,25,53,270,14,362,108,0,108,470
05/24/2001,BTR,LA,ASW,CE,Towers with Radar,23,43,78,5,149,2,8,96,0,106,25,51,174,5,255,96,4,100,355
05/25/2001,BTR,LA,ASW,CE,Towers with Radar,23,43,78,3,147,1,10,66,0,77,24,53,144,3,224,36,0,36,260
05/26/2001,BTR,LA,ASW,CE,Towers with Radar,16,28,53,5,102,1,0,75,1,77,17,28,128,6,179,70,0,70,249
05/27/2001,BTR,LA,ASW,CE,Towers with Radar,16,24,52,2,94,6,0,52,0,58,22,24,104,2,152,74,0,74,226
05/28/2001,BTR,LA,ASW,CE,Towers with Radar,21,40,71,0,132,1,0,62,0,63,22,40,133,0,195,0,0,0,195
05/29/2001,BTR,LA,ASW,CE,Towers with Radar,22,50,89,9,170,0,5,86,11,102,22,55,175,20,272,130,21,151,423
05/30/2001,BTR,LA,ASW,CE,Towers with Radar,26,42,93,10,171,0,0,50,2,52,26,42,143,12,223,146,0,146,369
05/31/2001,BTR,LA,ASW,CE,Towers with Radar,22,41,74,6,143,3,0,29,0,32,25,41,103,6,175,18,0,18,193
06/01/2001,BTR,LA,ASW,CE,Towers with Radar,14,55,102,16,187,0,0,92,12,104,14,55,194,28,291,16,0,16,307
06/02/2001,BTR,LA,ASW,CE,Towers with Radar,12,38,52,0,102,6,9,74,0,89,18,47,126,0,191,96,0,96,287
06/03/2001,BTR,LA,ASW,CE,Towers with Radar,15,39,62,1,117,0,0,43,0,43,15,39,105,1,160,120,0,120,280
06/04/2001,BTR,LA,ASW,CE,Towers with Radar,18,52,73,12,155,0,3,33,14,50,18,55,106,26,205,6,0,6,211
06/05/2001,BTR,LA,ASW,CE,Towers with Radar,14,42,61,1,118,0,5,31,0,36,14,47,92,1,154,2,0,2,156
06/06/2001,BTR,LA,ASW,CE,Towers with Radar,12,27,40,0,79,15,0,0,0,15,27,27,40,0,94,0,0,0,94
06/07/2001,BTR,LA,ASW,CE,Towers with Radar,11,31,43,0,85,3,25,0,0,28,14,56,43,0,113,0,0,0,113
06/08/2001,BTR,LA,ASW,CE,Towers with Radar,13,36,52,0,101,3,7,13,0,23,16,43,65,0,124,36,0,36,160
06/09/2001,BTR,LA,ASW,CE,Towers with Radar,9,26,38,4,77,4,1,12,0,17,13,27,50,4,94,12,0,12,106
06/10/2001,BTR,LA,ASW,CE,Towers with Radar,12,35,50,1,98,2,5,13,0,20,14,40,63,1,118,0,0,0,118
06/11/2001,BTR,LA,ASW,CE,Towers with Radar,18,53,75,1,147,1,1,86,0,88,19,54,161,1,235,80,10,90,325
06/12/2001,BTR,LA,ASW,CE,Towers with Radar,17,51,79,9,156,0,0,116,0,116,17,51,195,9,272,100,0,100,372
06/13/2001,BTR,LA,ASW,CE,Towers with Radar,14,49,70,11,144,0,4,62,3,69,14,53,132,14,213,142,2,144,357
06/14/2001,BTR,LA,ASW,CE,Towers with Radar,13,49,80,12,154,0,0,57,2,59,13,49,137,14,213,112,0,112,325
06/15/2001,BTR,LA,ASW,CE,Towers with Radar,13,47,68,10,138,0,3,73,5,81,13,50,141,15,219,114,4,118,337
06/16/2001,BTR,LA,ASW,CE,Towers with Radar,13,37,53,7,110,2,5,61,1,69,15,42,114,8,179,116,0,116,295
06/17/2001,BTR,LA,ASW,CE,Towers with Radar,10,31,43,0,84,8,4,79,0,91,18,35,122,0,175,78,0,78,253
06/18/2001,BTR,LA,ASW,CE,Towers with Radar,16,51,76,11,154,0,0,82,30,112,16,51,158,41,266,68,16,84,350
06/19/2001,BTR,LA,ASW,CE,Towers with Radar,16,50,69,10,145,0,14,39,6,59,16,64,108,16,204,30,0,30,234
06/20/2001,BTR,LA,ASW,CE,Towers with Radar,15,52,72,5,144,0,18,47,0,65,15,70,119,5,209,46,0,46,255
06/21/2001,BTR,LA,ASW,CE,Towers with Radar,16,52,84,12,164,0,0,70,15,85,16,52,154,27,249,40,0,40,289
06/22/2001,BTR,LA,ASW,CE,Towers with Radar,13,43,59,8,123,0,11,62,1,74,13,54,121,9,197,82,0,82,279
06/23/2001,BTR,LA,ASW,CE,Towers with Radar,13,37,51,7,108,0,3,75,6,84,13,40,126,13,192,132,0,132,324
06/24/2001,BTR,LA,ASW,CE,Towers with Radar,14,52,75,11,152,0,0,92,15,107,14,52,167,26,259,138,0,138,397
06/25/2001,BTR,LA,ASW,CE,Towers with Radar,15,46,63,9,133,0,13,76,1,90,15,59,139,10,223,60,0,60,283
06/26/2001,BTR,LA,ASW,CE,Towers with Radar,0,0,0,0,0,0,0,0,0,0,0,0,0,0,0,0,0,0,0
06/27/2001,BTR,LA,ASW,CE,Towers with Radar,0,0,0,0,0,0,0,0,0,0,0,0,0,0,0,0,0,0,0
06/28/2001,BTR,LA,ASW,CE,Towers with Radar,0,0,0,0,0,0,0,0,0,0,0,0,0,0,0,0,0,0,0
06/29/2001,BTR,LA,ASW,CE,Towers with Radar,0,0,0,0,0,0,0,0,0,0,0,0,0,0,0,0,0,0,0
06/30/2001,BTR,LA,ASW,CE,Towers with Radar,0,0,0,0,0,0,0,0,0,0,0,0,0,0,0,0,0,0,0
07/01/2001,BTR,LA,ASW,CE,Towers with Radar,10,33,43,7,93,4,12,63,0,79,14,45,106,7,172,116,0,116,288
07/02/2001,BTR,LA,ASW,CE,Towers with Radar,15,44,58,1,118,1,10,73,0,84,16,54,131,1,202,124,0,124,326
07/03/2001,BTR,LA,ASW,CE,Towers with Radar,14,44,58,10,126,1,9,73,121,204,15,53,131,131,330,120,0,120,450
07/04/2001,BTR,LA,ASW,CE,Towers with Radar,7,22,29,0,58,11,5,60,0,76,18,27,89,0,134,92,0,92,226
07/05/2001,BTR,LA,ASW,CE,Towers with Radar,16,50,66,0,132,0,2,71,0,73,16,52,137,0,205,40,2,42,247
07/06/2001,BTR,LA,ASW,CE,Towers with Radar,12,47,65,8,132,0,0,100,0,100,12,47,165,8,232,58,6,64,296
07/07/2001,BTR,LA,ASW,CE,Towers with Radar,10,37,48,0,95,5,7,51,0,63,15,44,99,0,158,68,0,68,226
07/08/2001,BTR,LA,ASW,CE,Towers with Radar,10,36,48,0,94,6,13,85,0,104,16,49,133,0,198,102,0,102,300
07/09/2001,BTR,LA,ASW,CE,Towers with Radar,12,41,54,8,115,4,20,46,0,70,16,61,100,8,185,58,0,58,243
07/10/2001,BTR,LA,ASW,CE,Towers with Radar,19,62,85,9,175,4,0,103,0,107,23,62,188,9,282,144,0,144,426
07/11/2001,BTR,LA,ASW,CE,Towers with Radar,14,50,66,11,141,0,8,79,4,91,14,58,145,15,232,118,6,124,356
07/12/2001,BTR,LA,ASW,CE,Towers with Radar,15,54,76,1,146,0,0,72,0,72,15,54,148,1,218,64,0,64,282
07/13/2001,BTR,LA,ASW,CE,Towers with Radar,13,48,64,6,131,0,5,74,0,79,13,53,138,6,210,136,0,136,346
07/14/2001,BTR,LA,ASW,CE,Towers with Radar,9,30,40,0,79,4,7,79,0,90,13,37,119,0,169,64,0,64,233
07/15/2001,BTR,LA,ASW,CE,Towers with Radar,13,40,53,0,106,1,12,82,0,95,14,52,135,0,201,110,0,110,311
07/16/2001,BTR,LA,ASW,CE,Towers with Radar,14,48,60,2,124,0,11,75,0,86,14,59,135,2,210,90,0,90,300
07/17/2001,BTR,LA,ASW,CE,Towers with Radar,12,55,73,12,152,0,6,89,26,121,12,61,162,38,273,128,18,146,419
07/18/2001,BTR,LA,ASW,CE,Towers with Radar,1,52,79,13,145,0,0,62,24,86,1,52,141,37,231,106,32,138,369
07/19/2001,BTR,LA,ASW,CE,Towers with Radar,14,60,79,9,162,0,3,77,0,80,14,63,156,9,242,108,0,108,350
07/20/2001,BTR,LA,ASW,CE,Towers with Radar,14,49,65,11,139,0,3,75,1,79,14,52,140,12,218,156,4,160,378
07/21/2001,BTR,LA,ASW,CE,Towers with Radar,10,41,55,9,115,0,1,40,311,352,10,42,95,320,467,112,12,124,591
07/22/2001,BTR,LA,ASW,CE,Towers with Radar,13,42,57,5,117,1,2,51,0,54,14,44,108,5,171,134,0,134,305
07/23/2001,BTR,LA,ASW,CE,Towers with Radar,15,59,76,13,163,0,4,58,11,73,15,63,134,24,236,110,20,130,366
07/24/2001,BTR,LA,ASW,CE,Towers with Radar,14,60,87,15,176,0,0,89,32,121,14,60,176,47,297,118,42,160,457
07/25/2001,BTR,LA,ASW,CE,Towers with Radar,13,54,84,14,165,0,0,46,35,81,13,54,130,49,246,170,6,176,422
07/26/2001,BTR,LA,ASW,CE,Towers with Radar,13,52,67,2,134,0,1,57,0,58,13,53,124,2,192,108,0,108,300
07/27/2001,BTR,LA,ASW,CE,Towers with Radar,14,47,61,1,123,0,11,29,0,40,14,58,90,1,163,28,0,28,191
07/28/2001,BTR,LA,ASW,CE,Towers with Radar,10,31,39,1,81,2,7,56,0,65,12,38,95,1,146,96,0,96,242
07/29/2001,BTR,LA,ASW,CE,Towers with Radar,13,40,51,0,104,2,2,71,0,75,15,42,122,0,179,96,0,96,275
07/30/2001,BTR,LA,ASW,CE,Towers with Radar,14,57,73,12,156,0,1,63,2,66,14,58,136,14,222,134,0,134,356
07/31/2001,BTR,LA,ASW,CE,Towers with Radar,14,45,57,4,120,4,7,88,0,99,18,52,145,4,219,128,0,128,347
08/01/2001,BTR,LA,ASW,CE,Towers with Radar,0,0,0,0,0,0,0,0,0,0,0,0,0,0,0,0,0,0,0
08/02/2001,BTR,LA,ASW,CE,Towers with Radar,0,0,0,0,0,0,0,0,0,0,0,0,0,0,0,0,0,0,0
08/03/2001,BTR,LA,ASW,CE,Towers with Radar,17,45,49,11,122,2,18,72,3,95,19,63,121,14,217,160,0,160,377
08/04/2001,BTR,LA,ASW,CE,Towers with Radar,10,26,39,2,77,7,6,52,0,65,17,32,91,2,142,110,0,110,252
08/05/2001,BTR,LA,ASW,CE,Towers with Radar,13,35,52,3,103,2,20,33,0,55,15,55,85,3,158,94,0,94,252
08/06/2001,BTR,LA,ASW,CE,Towers with Radar,16,42,62,1,121,1,19,37,0,57,17,61,99,1,178,140,0,140,318
08/07/2001,BTR,LA,ASW,CE,Towers with Radar,18,55,88,15,176,0,0,64,0,64,18,55,152,15,240,104,4,108,348
08/08/2001,BTR,LA,ASW,CE,Towers with Radar,19,50,73,4,146,4,7,39,0,50,23,57,112,4,196,142,0,142,338
08/09/2001,BTR,LA,ASW,CE,Towers with Radar,16,44,65,16,141,2,3,57,0,62,18,47,122,16,203,132,10,142,345
08/10/2001,BTR,LA,ASW,CE,Towers with Radar,16,45,70,20,151,0,0,59,26,85,16,45,129,46,236,72,10,82,318
08/11/2001,BTR,LA,ASW,CE,Towers with Radar,12,34,50,15,111,2,0,29,14,45,14,34,79,29,156,100,0,100,256
08/12/2001,BTR,LA,ASW,CE,Towers with Radar,15,44,46,0,105,1,13,7,0,21,16,57,53,0,126,128,0,128,254
08/13/2001,BTR,LA,ASW,CE,Towers with Radar,16,44,65,1,126,0,12,15,0,27,16,56,80,1,153,222,0,222,375
08/14/2001,BTR,LA,ASW,CE,Towers with Radar,16,53,81,10,160,0,0,51,0,51,16,53,132,10,211,146,0,146,357
08/15/2001,BTR,LA,ASW,CE,Towers with Radar,23,38,89,25,175,1,0,71,32,104,24,38,160,57,279,136,6,142,421
08/16/2001,BTR,LA,ASW,CE,Towers with Radar,16,49,72,16,153,0,14,64,0,78,16,63,136,16,231,72,6,78,309
08/17/2001,BTR,LA,ASW,CE,Towers with Radar,16,49,72,21,158,0,3,41,23,67,16,52,113,44,225,80,18,98,323
08/18/2001,BTR,LA,ASW,CE,Towers with Radar,13,39,60,13,125,0,0,72,0,72,13,39,132,13,197,70,0,70,267
08/19/2001,BTR,LA,ASW,CE,Towers with Radar,15,41,60,9,125,3,4,29,0,36,18,45,89,9,161,102,0,102,263
08/20/2001,BTR,LA,ASW,CE,Towers with Radar,15,48,71,21,155,0,26,81,15,122,15,74,152,36,277,152,8,160,437
08/21/2001,BTR,LA,ASW,CE,Towers with Radar,24,57,94,26,201,2,0,54,80,136,26,57,148,106,337,182,24,206,543
08/22/2001,BTR,LA,ASW,CE,Towers with Radar,16,50,96,26,188,0,0,90,10,100,16,50,186,36,288,190,16,206,494
08/23/2001,BTR,LA,ASW,CE,Towers with Radar,16,53,77,21,167,0,7,94,7,108,16,60,171,28,275,108,0,108,383
08/24/2001,BTR,LA,ASW,CE,Towers with Radar,16,55,81,22,174,0,1,85,3,89,16,56,166,25,263,160,0,160,423
08/25/2001,BTR,LA,ASW,CE,Towers with Radar,13,41,60,16,130,0,1,94,6,101,13,42,154,22,231,140,10,150,381
08/26/2001,BTR,LA,ASW,CE,Towers with Radar,15,39,57,1,112,0,7,53,0,60,15,46,110,1,172,108,0,108,280
08/27/2001,BTR,LA,ASW,CE,Towers with Radar,0,0,0,0,0,0,0,0,0,0,0,0,0,0,0,0,0,0,0
08/28/2001,BTR,LA,ASW,CE,Towers with Radar,18,49,71,13,151,1,5,50,0,56,19,54,121,13,207,108,6,114,321
08/29/2001,BTR,LA,ASW,CE,Towers with Radar,17,41,66,1,125,13,0,25,0,38,30,41,91,1,163,68,0,68,231
08/30/2001,BTR,LA,ASW,CE,Towers with Radar,16,43,50,4,113,0,10,0,0,10,16,53,50,4,123,12,0,12,135
08/31/2001,BTR,LA,ASW,CE,Towers with Radar,14,38,55,0,107,2,14,5,0,21,16,52,60,0,128,76,0,76,204
09/01/2001,BTR,LA,ASW,CE,Towers with Radar,8,27,36,0,71,4,10,16,0,30,12,37,52,0,101,76,0,76,177
09/02/2001,BTR,LA,ASW,CE,Towers with Radar,8,25,37,0,70,4,12,6,0,22,12,37,43,0,92,36,0,36,128
09/03/2001,BTR,LA,ASW,CE,Towers with Radar,9,32,45,0,86,5,8,6,0,19,14,40,51,0,105,132,0,132,237
09/04/2001,BTR,LA,ASW,CE,Towers with Radar,14,46,64,7,131,10,15,40,0,65,24,61,104,7,196,102,0,102,298
09/05/2001,BTR,LA,ASW,CE,Towers with Radar,18,66,89,1,174,0,19,63,0,82,18,85,152,1,256,92,0,92,348
09/06/2001,BTR,LA,ASW,CE,Towers with Radar,14,43,60,2,119,3,12,61,0,76,17,55,121,2,195,50,0,50,245
09/07/2001,BTR,LA,ASW,CE,Towers with Radar,15,16,67,17,115,3,0,43,28,74,18,16,110,45,189,90,22,112,301
09/08/2001,BTR,LA,ASW,CE,Towers with Radar,9,33,44,1,87,7,14,25,0,46,16,47,69,1,133,24,0,24,157
09/09/2001,BTR,LA,ASW,CE,Towers with Radar,10,35,47,12,104,5,4,12,9,30,15,39,59,21,134,94,0,94,228
09/10/2001,BTR,LA,ASW,CE,Towers with Radar,16,53,72,18,159,0,3,58,31,92,16,56,130,49,251,170,0,170,421
09/11/2001,BTR,LA,ASW,CE,Towers with Radar,4,10,17,0,31,1,3,26,0,30,5,13,43,0,61,0,0,0,61
09/12/2001,BTR,LA,ASW,CE,Towers with Radar,0,0,2,0,2,0,0,0,0,0,0,0,2,0,2,0,0,0,2
09/13/2001,BTR,LA,ASW,CE,Towers with Radar,1,16,4,5,26,0,18,0,20,38,1,34,4,25,64,0,0,0,64
09/14/2001,BTR,LA,ASW,CE,Towers with Radar,9,63,12,35,119,0,10,3,1,14,9,73,15,36,133,0,0,0,133
09/15/2001,BTR,LA,ASW,CE,Towers with Radar,10,37,50,10,107,0,1,0,2,3,10,38,50,12,110,0,0,0,110
09/16/2001,BTR,LA,ASW,CE,Towers with Radar,14,45,60,13,132,0,4,0,15,19,14,49,60,28,151,0,0,0,151
09/17/2001,BTR,LA,ASW,CE,Towers with Radar,17,61,82,17,177,0,5,0,6,11,17,66,82,23,188,0,0,0,188
09/18/2001,BTR,LA,ASW,CE,Towers with Radar,15,63,93,20,191,0,0,16,0,16,15,63,109,20,207,0,0,0,207
09/19/2001,BTR,LA,ASW,CE,Towers with Radar,13,66,89,13,181,0,11,14,0,25,13,77,103,13,206,0,0,0,206
09/20/2001,BTR,LA,ASW,CE,Towers with Radar,14,52,71,16,153,0,19,79,1,99,14,71,150,17,252,0,4,4,256
09/21/2001,BTR,LA,ASW,CE,Towers with Radar,14,51,69,15,149,0,5,37,15,57,14,56,106,30,206,14,12,26,232
09/22/2001,BTR,LA,ASW,CE,Towers with Radar,10,32,47,3,92,3,0,35,0,38,13,32,82,3,130,156,22,178,308
09/23/2001,BTR,LA,ASW,CE,Towers with Radar,13,46,63,1,123,0,5,63,0,68,13,51,126,1,191,98,0,98,289
09/24/2001,BTR,LA,ASW,CE,Towers with Radar,14,53,71,13,151,0,3,22,0,25,14,56,93,13,176,144,24,168,344
09/25/2001,BTR,LA,ASW,CE,Towers with Radar,14,55,95,22,186,0,0,79,21,100,14,55,174,43,286,172,40,212,498
09/26/2001,BTR,LA,ASW,CE,Towers with Radar,13,58,94,22,187,0,0,71,49,120,13,58,165,71,307,146,22,168,475
09/27/2001,BTR,LA,ASW,CE,Towers with Radar,15,58,88,2,163,0,0,129,0,129,15,58,217,2,292,74,0,74,366
09/28/2001,BTR,LA,ASW,CE,Towers with Radar,15,51,69,6,141,1,25,93,0,119,16,76,162,6,260,66,4,70,330
09/29/2001,BTR,LA,ASW,CE,Towers with Radar,10,35,47,3,95,2,2,69,0,73,12,37,116,3,168,34,0,34,202
09/30/2001,BTR,LA,ASW,CE,Towers with Radar,12,41,56,0,109,3,11,92,0,106,15,52,148,0,215,100,0,100,315
10/01/2001,BTR,LA,ASW,CE,Towers with Radar,12,50,68,15,145,2,12,69,1,84,14,62,137,16,229,94,18,112,341
10/02/2001,BTR,LA,ASW,CE,Towers with Radar,14,62,83,20,179,2,0,71,35,108,16,62,154,55,287,152,26,178,465
10/03/2001,BTR,LA,ASW,CE,Towers with Radar,12,63,89,20,184,0,0,72,21,93,12,63,161,41,277,100,12,112,389
10/04/2001,BTR,LA,ASW,CE,Towers with Radar,10,59,79,18,166,0,13,70,10,93,10,72,149,28,259,108,4,112,371
10/05/2001,BTR,LA,ASW,CE,Towers with Radar,16,68,92,21,197,1,4,75,12,92,17,72,167,33,289,146,14,160,449
10/06/2001,BTR,LA,ASW,CE,Towers with Radar,10,41,56,0,107,3,0,34,0,37,13,41,90,0,144,36,0,36,180
10/07/2001,BTR,LA,ASW,CE,Towers with Radar,12,49,66,0,127,1,5,104,0,110,13,54,170,0,237,158,0,158,395
10/08/2001,BTR,LA,ASW,CE,Towers with Radar,12,54,72,7,145,0,0,88,0,88,12,54,160,7,233,124,0,124,357
10/09/2001,BTR,LA,ASW,CE,Towers with Radar,12,58,79,18,167,0,2,68,16,86,12,60,147,34,253,122,6,128,381
10/10/2001,BTR,LA,ASW,CE,Towers with Radar,12,62,84,3,161,0,11,20,0,31,12,73,104,3,192,42,0,42,234
10/11/2001,BTR,LA,ASW,CE,Towers with Radar,10,41,56,0,107,2,24,1,0,27,12,65,57,0,134,26,0,26,160
10/12/2001,BTR,LA,ASW,CE,Towers with Radar,12,49,67,4,132,3,4,5,0,12,15,53,72,4,144,38,0,38,182
10/13/2001,BTR,LA,ASW,CE,Towers with Radar,6,21,12,0,39,11,9,0,0,20,17,30,12,0,59,34,0,34,93
10/14/2001,BTR,LA,ASW,CE,Towers with Radar,11,46,62,0,119,0,5,62,0,67,11,51,124,0,186,122,0,122,308
10/15/2001,BTR,LA,ASW,CE,Towers with Radar,14,64,85,30,193,0,3,68,2,73,14,67,153,32,266,162,28,190,456
10/16/2001,BTR,LA,ASW,CE,Towers with Radar,10,57,87,21,175,0,0,65,51,116,10,57,152,72,291,40,4,44,335
10/17/2001,BTR,LA,ASW,CE,Towers with Radar,12,59,80,18,169,0,10,88,18,116,12,69,168,36,285,120,4,124,409
10/18/2001,BTR,LA,ASW,CE,Towers with Radar,12,59,83,18,172,0,0,124,0,124,12,59,207,18,296,84,0,84,380
10/19/2001,BTR,LA,ASW,CE,Towers with Radar,15,58,79,4,156,3,4,74,0,81,18,62,153,4,237,74,0,74,311
10/20/2001,BTR,LA,ASW,CE,Towers with Radar,8,35,48,6,97,3,6,67,0,76,11,41,115,6,173,68,0,68,241
10/21/2001,BTR,LA,ASW,CE,Towers with Radar,9,46,63,1,119,0,8,78,0,86,9,54,141,1,205,130,0,130,335
10/22/2001,BTR,LA,ASW,CE,Towers with Radar,15,63,86,19,183,4,0,4,24,32,19,63,90,43,215,102,0,102,317
10/23/2001,BTR,LA,ASW,CE,Towers with Radar,12,59,78,18,167,0,3,61,3,67,12,62,139,21,234,90,0,90,324
10/24/2001,BTR,LA,ASW,CE,Towers with Radar,15,64,93,22,194,0,0,58,11,69,15,64,151,33,263,128,6,134,397
10/25/2001,BTR,LA,ASW,CE,Towers with Radar,12,59,78,18,167,0,6,82,14,102,12,65,160,32,269,102,2,104,373
10/26/2001,BTR,LA,ASW,CE,Towers with Radar,11,55,76,15,157,0,0,113,0,113,11,55,189,15,270,144,8,152,422
10/27/2001,BTR,LA,ASW,CE,Towers with Radar,9,35,53,0,97,4,0,95,0,99,13,35,148,0,196,106,0,106,302
10/28/2001,BTR,LA,ASW,CE,Towers with Radar,10,43,57,0,110,0,6,90,0,96,10,49,147,0,206,114,0,114,320
10/29/2001,BTR,LA,ASW,CE,Towers with Radar,12,53,70,16,151,2,14,84,3,103,14,67,154,19,254,76,8,84,338
10/30/2001,BTR,LA,ASW,CE,Towers with Radar,11,48,63,12,134,1,10,75,0,86,12,58,138,12,220,104,14,118,338
10/31/2001,BTR,LA,ASW,CE,Towers with Radar,0,0,0,0,0,0,0,0,0,0,0,0,0,0,0,0,0,0,0
11/01/2001,BTR,LA,ASW,CE,Towers with Radar,12,62,84,21,179,0,2,71,22,95,12,64,155,43,274,60,16,76,350
11/02/2001,BTR,LA,ASW,CE,Towers with Radar,15,57,76,18,166,1,2,39,27,69,16,59,115,45,235,66,4,70,305
11/03/2001,BTR,LA,ASW,CE,Towers with Radar,10,39,51,1,101,5,5,67,0,77,15,44,118,1,178,46,0,46,224
11/04/2001,BTR,LA,ASW,CE,Towers with Radar,9,35,46,8,98,5,11,67,0,83,14,46,113,8,181,114,0,114,295
11/05/2001,BTR,LA,ASW,CE,Towers with Radar,14,53,71,8,146,0,8,69,0,77,14,61,140,8,223,90,0,90,313
11/06/2001,BTR,LA,ASW,CE,Towers with Radar,14,51,68,17,150,0,12,62,16,90,14,63,130,33,240,62,10,72,312
11/07/2001,BTR,LA,ASW,CE,Towers with Radar,18,62,83,20,183,1,1,90,14,106,19,63,173,34,289,38,0,38,327
11/08/2001,BTR,LA,ASW,CE,Towers with Radar,14,58,110,27,209,0,0,66,55,121,14,58,176,82,330,42,16,58,388
11/09/2001,BTR,LA,ASW,CE,Towers with Radar,16,64,88,22,190,0,0,109,28,137,16,64,197,50,327,76,18,94,421
11/10/2001,BTR,LA,ASW,CE,Towers with Radar,11,38,51,0,100,1,5,102,0,108,12,43,153,0,208,110,0,110,318
11/11/2001,BTR,LA,ASW,CE,Towers with Radar,13,47,67,0,127,0,0,80,0,80,13,47,147,0,207,124,0,124,331
11/12/2001,BTR,LA,ASW,CE,Towers with Radar,12,46,62,0,120,0,2,71,0,73,12,48,133,0,193,122,0,122,315
11/13/2001,BTR,LA,ASW,CE,Towers with Radar,12,52,71,16,151,0,12,75,0,87,12,64,146,16,238,52,16,68,306
11/14/2001,BTR,LA,ASW,CE,Towers with Radar,14,56,77,12,159,0,13,87,0,100,14,69,164,12,259,118,0,118,377
11/15/2001,BTR,LA,ASW,CE,Towers with Radar,16,57,78,18,169,0,17,67,12,96,16,74,145,30,265,98,30,128,393
11/16/2001,BTR,LA,ASW,CE,Towers with Radar,12,55,75,10,152,0,9,102,0,111,12,64,177,10,263,136,0,136,399
11/17/2001,BTR,LA,ASW,CE,Towers with Radar,10,34,49,3,96,3,0,73,0,76,13,34,122,3,172,64,2,66,238
11/18/2001,BTR,LA,ASW,CE,Towers with Radar,13,48,66,1,128,2,10,83,0,95,15,58,149,1,223,106,0,106,329
11/19/2001,BTR,LA,ASW,CE,Towers with Radar,10,48,80,18,156,0,0,52,33,85,10,48,132,51,241,86,26,112,353
11/20/2001,BTR,LA,ASW,CE,Towers with Radar,14,62,85,19,180,0,10,58,8,76,14,72,143,27,256,148,26,174,430
11/21/2001,BTR,LA,ASW,CE,Towers with Radar,14,59,83,13,169,0,0,86,0,86,14,59,169,13,255,84,10,94,349
11/22/2001,BTR,LA,ASW,CE,Towers with Radar,6,23,30,0,59,6,12,9,0,27,12,35,39,0,86,0,0,0,86
11/23/2001,BTR,LA,ASW,CE,Towers with Radar,11,40,63,12,126,0,0,63,0,63,11,40,126,12,189,28,0,28,217
11/24/2001,BTR,LA,ASW,CE,Towers with Radar,10,37,50,0,97,4,8,25,0,37,14,45,75,0,134,64,0,64,198
11/25/2001,BTR,LA,ASW,CE,Towers with Radar,14,54,75,1,144,0,0,105,0,105,14,54,180,1,249,136,0,136,385
11/26/2001,BTR,LA,ASW,CE,Towers with Radar,12,52,66,17,147,0,0,17,1,18,12,52,83,18,165,78,14,92,257
11/27/2001,BTR,LA,ASW,CE,Towers with Radar,10,39,52,0,101,2,11,29,0,42,12,50,81,0,143,46,0,46,189
11/28/2001,BTR,LA,ASW,CE,Towers with Radar,12,45,55,6,118,6,24,0,0,30,18,69,55,6,148,44,6,50,198
11/29/2001,BTR,LA,ASW,CE,Towers with Radar,13,50,68,0,131,2,12,12,0,26,15,62,80,0,157,0,0,0,157
11/30/2001,BTR,LA,ASW,CE,Towers with Radar,16,55,121,27,219,0,4,119,3,126,16,59,240,30,345,118,6,124,469
12/01/2001,BTR,LA,ASW,CE,Towers with Radar,10,26,61,1,98,5,0,124,0,129,15,26,185,1,227,98,0,98,325
12/02/2001,BTR,LA,ASW,CE,Towers with Radar,12,43,63,1,119,1,10,78,0,89,13,53,141,1,208,112,0,112,320
12/03/2001,BTR,LA,ASW,CE,Towers with Radar,14,47,70,9,140,0,10,57,7,74,14,57,127,16,214,120,24,144,358
12/04/2001,BTR,LA,ASW,CE,Towers with Radar,14,58,99,13,184,0,0,97,6,103,14,58,196,19,287,108,0,108,395
12/05/2001,BTR,LA,ASW,CE,Towers with Radar,14,35,90,12,151,0,0,58,3,61,14,35,148,15,212,92,18,110,322
12/06/2001,BTR,LA,ASW,CE,Towers with Radar,14,58,86,11,169,0,5,39,20,64,14,63,125,31,233,78,6,84,317
12/07/2001,BTR,LA,ASW,CE,Towers with Radar,15,49,84,5,153,1,0,26,0,27,16,49,110,5,180,22,0,22,202
12/08/2001,BTR,LA,ASW,CE,Towers with Radar,11,34,58,2,105,2,0,26,0,28,13,34,84,2,133,50,10,60,193
12/09/2001,BTR,LA,ASW,CE,Towers with Radar,13,50,90,0,153,0,5,46,0,51,13,55,136,0,204,94,0,94,298
12/10/2001,BTR,LA,ASW,CE,Towers with Radar,12,58,87,11,168,0,1,51,23,75,12,59,138,34,243,66,0,66,309
12/11/2001,BTR,LA,ASW,CE,Towers with Radar,17,61,104,14,196,0,0,5,16,21,17,61,109,30,217,96,36,132,349
12/12/2001,BTR,LA,ASW,CE,Towers with Radar,14,57,85,0,156,0,4,9,0,13,14,61,94,0,169,50,0,50,219
12/13/2001,BTR,LA,ASW,CE,Towers with Radar,12,42,63,0,117,0,13,1,0,14,12,55,64,0,131,16,0,16,147
12/14/2001,BTR,LA,ASW,CE,Towers with Radar,12,58,90,12,172,0,0,66,2,68,12,58,156,14,240,66,20,86,326
12/15/2001,BTR,LA,ASW,CE,Towers with Radar,12,39,66,9,126,0,0,106,10,116,12,39,172,19,242,140,32,172,414
12/16/2001,BTR,LA,ASW,CE,Towers with Radar,11,41,61,0,113,3,9,9,0,21,14,50,70,0,134,80,0,80,214
12/17/2001,BTR,LA,ASW,CE,Towers with Radar,14,50,75,10,149,0,8,35,8,51,14,58,110,18,200,108,0,108,308
12/18/2001,BTR,LA,ASW,CE,Towers with Radar,13,55,98,9,175,0,0,112,0,112,13,55,210,9,287,112,2,114,401
12/19/2001,BTR,LA,ASW,CE,Towers with Radar,14,61,93,12,180,0,0,84,20,104,14,61,177,32,284,108,0,108,392
12/20/2001,BTR,LA,ASW,CE,Towers with Radar,14,54,80,11,159,0,7,97,10,114,14,61,177,21,273,88,10,98,371
12/21/2001,BTR,LA,ASW,CE,Towers with Radar,15,44,76,10,145,6,0,88,14,108,21,44,164,24,253,56,0,56,309
12/22/2001,BTR,LA,ASW,CE,Towers with Radar,9,34,49,0,92,4,4,21,0,29,13,38,70,0,121,172,0,172,293
12/23/2001,BTR,LA,ASW,CE,Towers with Radar,9,33,47,0,89,1,13,68,0,82,10,46,115,0,171,88,0,88,259
12/24/2001,BTR,LA,ASW,CE,Towers with Radar,7,27,38,0,72,0,18,54,0,72,7,45,92,0,144,90,0,90,234
12/25/2001,BTR,LA,ASW,CE,Towers with Radar,7,29,11,0,47,0,5,38,0,43,7,34,49,0,90,0,0,0,90
12/26/2001,BTR,LA,ASW,CE,Towers with Radar,11,39,58,4,112,2,23,47,0,72,13,62,105,4,184,38,0,38,222
12/27/2001,BTR,LA,ASW,CE,Towers with Radar,12,43,63,1,119,0,26,55,0,81,12,69,118,1,200,38,0,38,238
12/28/2001,BTR,LA,ASW,CE,Towers with Radar,12,42,62,3,119,0,14,49,0,63,12,56,111,3,182,76,0,76,258
12/29/2001,BTR,LA,ASW,CE,Towers with Radar,9,30,44,2,85,4,4,54,0,62,13,34,98,2,147,116,0,116,263
12/30/2001,BTR,LA,ASW,CE,Towers with Radar,9,32,47,0,88,4,19,68,0,91,13,51,115,0,179,80,0,80,259
12/31/2001,BTR,LA,ASW,CE,Towers with Radar,8,33,48,0,89,4,16,24,0,44,12,49,72,0,133,0,0,0,133
01/01/2002,BTR,LA,ASW,CE,Towers with Radar,7,27,36,0,70,4,19,3,0,26,11,46,39,0,96,112,0,112,208
01/02/2002,BTR,LA,ASW,CE,Towers with Radar,10,44,59,7,120,0,15,41,0,56,10,59,100,7,176,100,0,100,276
01/03/2002,BTR,LA,ASW,CE,Towers with Radar,9,39,52,10,110,0,20,49,0,69,9,59,101,10,179,64,14,78,257
01/04/2002,BTR,LA,ASW,CE,Towers with Radar,11,56,88,26,181,0,0,90,25,115,11,56,178,51,296,130,48,178,474
01/05/2002,BTR,LA,ASW,CE,Towers with Radar,9,32,43,0,84,3,6,34,0,43,12,38,77,0,127,60,0,60,187
01/06/2002,BTR,LA,ASW,CE,Towers with Radar,11,45,61,6,123,0,2,39,0,41,11,47,100,6,164,126,0,126,290
01/07/2002,BTR,LA,ASW,CE,Towers with Radar,12,51,68,20,151,0,10,36,28,74,12,61,104,48,225,116,16,132,357
01/08/2002,BTR,LA,ASW,CE,Towers with Radar,12,58,88,26,184,0,0,97,43,140,12,58,185,69,324,136,34,170,494
01/09/2002,BTR,LA,ASW,CE,Towers with Radar,15,70,94,27,206,0,2,94,13,109,15,72,188,40,315,102,0,102,417
01/10/2002,BTR,LA,ASW,CE,Towers with Radar,12,62,83,21,178,0,5,68,0,73,12,67,151,21,251,50,4,54,305
01/11/2002,BTR,LA,ASW,CE,Towers with Radar,12,55,82,9,158,0,0,12,0,12,12,55,94,9,170,0,0,0,170
01/12/2002,BTR,LA,ASW,CE,Towers with Radar,8,41,56,9,114,3,9,66,0,78,11,50,122,9,192,54,0,54,246
01/13/2002,BTR,LA,ASW,CE,Towers with Radar,10,47,64,19,140,1,3,73,1,78,11,50,137,20,218,50,4,54,272
01/14/2002,BTR,LA,ASW,CE,Towers with Radar,12,64,87,26,189,0,3,36,14,53,12,67,123,40,242,120,24,144,386
01/15/2002,BTR,LA,ASW,CE,Towers with Radar,11,55,75,16,157,1,11,83,0,95,12,66,158,16,252,106,10,116,368
01/16/2002,BTR,LA,ASW,CE,Towers with Radar,12,62,101,30,205,0,0,87,61,148,12,62,188,91,353,46,38,84,437
01/17/2002,BTR,LA,ASW,CE,Towers with Radar,12,67,88,27,194,0,0,50,13,63,12,67,138,40,257,110,32,142,399
01/18/2002,BTR,LA,ASW,CE,Towers with Radar,12,71,98,29,210,0,0,26,3,29,12,71,124,32,239,56,34,90,329
01/19/2002,BTR,LA,ASW,CE,Towers with Radar,7,37,49,0,93,4,7,22,0,33,11,44,71,0,126,48,0,48,174
01/20/2002,BTR,LA,ASW,CE,Towers with Radar,9,45,63,0,117,0,0,44,0,44,9,45,107,0,161,114,0,114,275
01/21/2002,BTR,LA,ASW,CE,Towers with Radar,8,40,52,2,102,11,6,34,0,51,19,46,86,2,153,68,0,68,221
01/22/2002,BTR,LA,ASW,CE,Towers with Radar,12,74,97,29,212,0,0,7,10,17,12,74,104,39,229,2,8,10,239
01/23/2002,BTR,LA,ASW,CE,Towers with Radar,10,61,80,18,169,0,11,35,0,46,10,72,115,18,215,32,16,48,263
01/24/2002,BTR,LA,ASW,CE,Towers with Radar,11,53,70,7,141,1,6,30,0,37,12,59,100,7,178,12,0,12,190
01/25/2002,BTR,LA,ASW,CE,Towers with Radar,12,60,78,23,173,0,7,64,4,75,12,67,142,27,248,50,8,58,306
01/26/2002,BTR,LA,ASW,CE,Towers with Radar,8,40,52,0,100,3,4,111,0,118,11,44,163,0,218,176,0,176,394
01/27/2002,BTR,LA,ASW,CE,Towers with Radar,9,44,58,2,113,2,10,81,0,93,11,54,139,2,206,116,0,116,322
01/28/2002,BTR,LA,ASW,CE,Towers with Radar,12,61,80,11,164,1,6,18,0,25,13,67,98,11,189,98,4,102,291
01/29/2002,BTR,LA,ASW,CE,Towers with Radar,11,58,97,29,195,0,0,29,14,43,11,58,126,43,238,118,0,118,356
01/30/2002,BTR,LA,ASW,CE,Towers with Radar,14,61,87,14,176,0,3,29,3,35,14,64,116,17,211,60,24,84,295
01/31/2002,BTR,LA,ASW,CE,Towers with Radar,11,56,73,11,151,0,6,28,0,34,11,62,101,11,185,36,14,50,235
02/01/2002,BTR,LA,ASW,CE,Towers with Radar,15,66,94,9,184,0,4,41,0,45,15,70,135,9,229,80,6,86,315
02/02/2002,BTR,LA,ASW,CE,Towers with Radar,12,48,69,4,133,2,4,110,0,116,14,52,179,4,249,106,0,106,355
02/03/2002,BTR,LA,ASW,CE,Towers with Radar,13,65,92,1,171,0,2,48,0,50,13,67,140,1,221,60,0,60,281
02/04/2002,BTR,LA,ASW,CE,Towers with Radar,15,80,113,10,218,0,0,54,0,54,15,80,167,10,272,62,16,78,350
02/05/2002,BTR,LA,ASW,CE,Towers with Radar,13,48,76,0,137,1,0,45,0,46,14,48,121,0,183,38,0,38,221
02/06/2002,BTR,LA,ASW,CE,Towers with Radar,10,58,85,0,153,0,0,8,0,8,10,58,93,0,161,8,0,8,169
02/07/2002,BTR,LA,ASW,CE,Towers with Radar,13,64,108,19,204,0,0,53,53,106,13,64,161,72,310,78,10,88,398
02/08/2002,BTR,LA,ASW,CE,Towers with Radar,13,53,75,14,155,0,10,81,18,109,13,63,156,32,264,112,8,120,384
02/09/2002,BTR,LA,ASW,CE,Towers with Radar,9,36,52,4,101,4,9,59,0,72,13,45,111,4,173,118,0,118,291
02/10/2002,BTR,LA,ASW,CE,Towers with Radar,11,49,71,0,131,1,7,51,0,59,12,56,122,0,190,90,0,90,280
02/11/2002,BTR,LA,ASW,CE,Towers with Radar,12,61,87,16,176,0,7,104,9,120,12,68,191,25,296,86,18,104,400
02/12/2002,BTR,LA,ASW,CE,Towers with Radar,10,42,60,4,116,4,22,56,0,82,14,64,116,4,198,138,0,138,336
02/13/2002,BTR,LA,ASW,CE,Towers with Radar,13,58,82,14,167,1,12,105,4,122,14,70,187,18,289,92,16,108,397
02/14/2002,BTR,LA,ASW,CE,Towers with Radar,10,47,65,10,132,0,15,84,0,99,10,62,149,10,231,48,0,48,279
02/15/2002,BTR,LA,ASW,CE,Towers with Radar,14,64,91,16,185,0,0,59,24,83,14,64,150,40,268,58,22,80,348
02/16/2002,BTR,LA,ASW,CE,Towers with Radar,12,52,78,13,155,3,0,33,0,36,15,52,111,13,191,160,10,170,361
02/17/2002,BTR,LA,ASW,CE,Towers with Radar,11,49,68,13,141,0,9,88,2,99,11,58,156,15,240,120,12,132,372
02/18/2002,BTR,LA,ASW,CE,Towers with Radar,12,53,74,0,139,2,7,100,0,109,14,60,174,0,248,74,0,74,322
02/19/2002,BTR,LA,ASW,CE,Towers with Radar,10,48,66,1,125,4,18,23,0,45,14,66,89,1,170,118,0,118,288
02/20/2002,BTR,LA,ASW,CE,Towers with Radar,9,71,100,18,198,0,0,69,11,80,9,71,169,29,278,66,18,84,362
02/21/2002,BTR,LA,ASW,CE,Towers with Radar,12,65,90,16,183,0,2,114,5,121,12,67,204,21,304,50,6,56,360
02/22/2002,BTR,LA,ASW,CE,Towers with Radar,12,60,87,16,175,0,0,83,1,84,12,60,170,17,259,80,24,104,363
02/23/2002,BTR,LA,ASW,CE,Towers with Radar,7,34,46,1,88,4,7,120,0,131,11,41,166,1,219,108,0,108,327
02/24/2002,BTR,LA,ASW,CE,Towers with Radar,10,44,61,10,125,0,8,111,0,119,10,52,172,10,244,154,8,162,406
02/25/2002,BTR,LA,ASW,CE,Towers with Radar,11,52,71,12,146,8,3,34,18,63,19,55,105,30,209,0,0,0,209
02/26/2002,BTR,LA,ASW,CE,Towers with Radar,12,56,87,16,171,0,0,23,21,44,12,56,110,37,215,94,14,108,323
02/27/2002,BTR,LA,ASW,CE,Towers with Radar,13,60,84,6,163,2,0,111,0,113,15,60,195,6,276,126,6,132,408
02/28/2002,BTR,LA,ASW,CE,Towers with Radar,13,57,80,15,165,0,1,94,5,100,13,58,174,20,265,62,4,66,331
03/01/2002,BTR,LA,ASW,CE,Towers with Radar,10,39,50,1,100,3,12,0,0,15,13,51,50,1,115,0,0,0,115
03/02/2002,BTR,LA,ASW,CE,Towers with Radar,7,25,35,0,67,4,10,4,0,18,11,35,39,0,85,28,0,28,113
03/03/2002,BTR,LA,ASW,CE,Towers with Radar,11,46,64,12,133,0,0,18,29,47,11,46,82,41,180,44,10,54,234
03/04/2002,BTR,LA,ASW,CE,Towers with Radar,10,48,68,13,139,0,8,61,6,75,10,56,129,19,214,90,12,102,316
03/05/2002,BTR,LA,ASW,CE,Towers with Radar,11,49,69,13,142,0,15,101,4,120,11,64,170,17,262,166,12,178,440
03/06/2002,BTR,LA,ASW,CE,Towers with Radar,12,53,74,12,151,0,9,92,0,101,12,62,166,12,252,98,0,98,350
03/07/2002,BTR,LA,ASW,CE,Towers with Radar,14,53,80,11,158,7,0,112,0,119,21,53,192,11,277,62,14,76,353
03/08/2002,BTR,LA,ASW,CE,Towers with Radar,12,63,87,17,179,0,5,26,12,43,12,68,113,29,222,70,6,76,298
03/09/2002,BTR,LA,ASW,CE,Towers with Radar,10,39,55,0,104,1,2,23,0,26,11,41,78,0,130,22,0,22,152
03/10/2002,BTR,LA,ASW,CE,Towers with Radar,10,40,56,11,117,1,5,90,4,100,11,45,146,15,217,80,12,92,309
03/11/2002,BTR,LA,ASW,CE,Towers with Radar,13,57,79,16,165,0,5,60,9,74,13,62,139,25,239,130,22,152,391
03/12/2002,BTR,LA,ASW,CE,Towers with Radar,11,48,67,11,137,2,15,14,0,31,13,63,81,11,168,122,6,128,296
03/13/2002,BTR,LA,ASW,CE,Towers with Radar,14,61,85,15,175,0,9,85,0,94,14,70,170,15,269,94,2,96,365
03/14/2002,BTR,LA,ASW,CE,Towers with Radar,12,61,91,18,182,0,0,71,0,71,12,61,162,18,253,54,24,78,331
03/15/2002,BTR,LA,ASW,CE,Towers with Radar,10,51,76,8,145,0,0,52,0,52,10,51,128,8,197,98,0,98,295
03/16/2002,BTR,LA,ASW,CE,Towers with Radar,11,48,65,0,124,5,3,54,0,62,16,51,119,0,186,152,0,152,338
03/17/2002,BTR,LA,ASW,CE,Towers with Radar,11,53,71,2,137,0,7,34,0,41,11,60,105,2,178,88,0,88,266
03/18/2002,BTR,LA,ASW,CE,Towers with Radar,12,54,73,15,154,0,5,38,14,57,12,59,111,29,211,88,14,102,313
03/19/2002,BTR,LA,ASW,CE,Towers with Radar,12,59,81,17,169,0,0,46,20,66,12,59,127,37,235,110,22,132,367
03/20/2002,BTR,LA,ASW,CE,Towers with Radar,10,54,72,5,141,0,5,51,0,56,10,59,123,5,197,26,0,26,223
03/21/2002,BTR,LA,ASW,CE,Towers with Radar,14,55,100,21,190,0,0,73,1,74,14,55,173,22,264,63,0,63,327
03/22/2002,BTR,LA,ASW,CE,Towers with Radar,14,58,81,17,170,0,0,107,13,120,14,58,188,30,290,130,28,158,448
03/23/2002,BTR,LA,ASW,CE,Towers with Radar,9,36,49,9,103,2,1,114,0,117,11,37,163,9,220,170,0,170,390
03/24/2002,BTR,LA,ASW,CE,Towers with Radar,8,38,51,0,97,3,11,66,0,80,11,49,117,0,177,60,0,60,237
03/25/2002,BTR,LA,ASW,CE,Towers with Radar,12,53,71,8,144,1,7,45,0,53,13,60,116,8,197,118,0,118,315
03/26/2002,BTR,LA,ASW,CE,Towers with Radar,12,56,75,16,159,0,6,19,8,33,12,62,94,24,192,26,30,56,248
03/27/2002,BTR,LA,ASW,CE,Towers with Radar,12,69,98,20,199,0,0,101,6,107,12,69,199,26,306,138,42,180,486
03/28/2002,BTR,LA,ASW,CE,Towers with Radar,12,61,107,22,202,0,0,109,29,138,12,61,216,51,340,112,64,176,516
03/29/2002,BTR,LA,ASW,CE,Towers with Radar,12,53,71,0,136,0,10,18,0,28,12,63,89,0,164,27,0,27,191
03/30/2002,BTR,LA,ASW,CE,Towers with Radar,8,36,47,0,91,4,1,45,0,50,12,37,92,0,141,84,14,98,239
03/31/2002,BTR,LA,ASW,CE,Towers with Radar,7,31,36,0,74,5,10,0,0,15,12,41,36,0,89,38,0,38,127
04/01/2002,BTR,LA,ASW,CE,Towers with Radar,12,70,103,13,198,0,0,79,29,108,12,70,182,42,306,90,0,90,396
04/02/2002,BTR,LA,ASW,CE,Towers with Radar,13,63,90,11,177,0,0,67,22,89,13,63,157,33,266,64,14,78,344
04/03/2002,BTR,LA,ASW,CE,Towers with Radar,14,63,89,11,177,1,2,31,19,53,15,65,120,30,230,96,0,96,326
04/04/2002,BTR,LA,ASW,CE,Towers with Radar,13,60,85,11,169,2,0,55,10,67,15,60,140,21,236,66,14,80,316
04/05/2002,BTR,LA,ASW,CE,Towers with Radar,18,50,69,27,164,0,7,91,0,98,18,57,160,27,262,98,6,104,366
04/06/2002,BTR,LA,ASW,CE,Towers with Radar,9,39,61,2,111,2,0,89,0,91,11,39,150,2,202,54,0,54,256
04/07/2002,BTR,LA,ASW,CE,Towers with Radar,10,47,67,0,124,1,0,45,0,46,11,47,112,0,170,96,0,96,266
04/08/2002,BTR,LA,ASW,CE,Towers with Radar,8,37,31,0,76,5,16,0,0,21,13,53,31,0,97,0,0,0,97
04/09/2002,BTR,LA,ASW,CE,Towers with Radar,11,52,74,10,147,0,18,42,15,75,11,70,116,25,222,136,10,146,368
04/10/2002,BTR,LA,ASW,CE,Towers with Radar,12,65,96,13,186,0,0,76,7,83,12,65,172,20,269,102,12,114,383
04/11/2002,BTR,LA,ASW,CE,Towers with Radar,15,66,102,6,189,1,0,61,0,62,16,66,163,6,251,134,0,134,385
04/12/2002,BTR,LA,ASW,CE,Towers with Radar,10,61,86,11,168,0,4,38,0,42,10,65,124,11,210,88,2,90,300
04/13/2002,BTR,LA,ASW,CE,Towers with Radar,8,39,57,0,104,3,0,65,0,68,11,39,122,0,172,82,0,82,254
04/14/2002,BTR,LA,ASW,CE,Towers with Radar,9,45,64,6,124,2,4,54,0,60,11,49,118,6,184,68,16,84,268
04/15/2002,BTR,LA,ASW,CE,Towers with Radar,13,60,85,4,162,0,8,58,0,66,13,68,143,4,228,102,0,102,330
04/16/2002,BTR,LA,ASW,CE,Towers with Radar,12,59,81,8,160,0,7,79,0,86,12,66,160,8,246,50,16,66,312
04/17/2002,BTR,LA,ASW,CE,Towers with Radar,10,61,84,10,165,0,5,68,8,81,10,66,152,18,246,30,0,30,276
04/18/2002,BTR,LA,ASW,CE,Towers with Radar,13,57,79,0,149,2,7,64,0,73,15,64,143,0,222,32,4,36,258
04/19/2002,BTR,LA,ASW,CE,Towers with Radar,12,59,82,10,163,0,0,56,17,73,12,59,138,27,236,98,14,112,348
04/20/2002,BTR,LA,ASW,CE,Towers with Radar,8,40,54,0,102,4,7,87,0,98,12,47,141,0,200,0,0,0,200
04/21/2002,BTR,LA,ASW,CE,Towers with Radar,8,41,57,0,106,3,9,41,0,53,11,50,98,0,159,56,0,56,215
04/22/2002,BTR,LA,ASW,CE,Towers with Radar,11,61,85,8,165,0,12,45,0,57,11,73,130,8,222,46,0,46,268
04/23/2002,BTR,LA,ASW,CE,Towers with Radar,8,50,70,8,136,0,7,52,3,62,8,57,122,11,198,88,6,94,292
04/24/2002,BTR,LA,ASW,CE,Towers with Radar,12,58,82,3,155,0,8,61,0,69,12,66,143,3,224,80,0,80,304
04/25/2002,BTR,LA,ASW,CE,Towers with Radar,12,71,99,3,185,0,4,79,0,83,12,75,178,3,268,74,0,74,342
04/26/2002,BTR,LA,ASW,CE,Towers with Radar,12,57,90,0,159,0,4,74,0,78,12,61,164,0,237,58,0,58,295
04/27/2002,BTR,LA,ASW,CE,Towers with Radar,11,39,40,1,91,0,3,49,3,55,11,42,89,4,146,44,2,46,192
04/28/2002,BTR,LA,ASW,CE,Towers with Radar,10,48,68,8,134,1,3,66,4,74,11,51,134,12,208,88,0,88,296
04/29/2002,BTR,LA,ASW,CE,Towers with Radar,11,59,84,3,157,0,0,60,0,60,11,59,144,3,217,50,6,56,273
04/30/2002,BTR,LA,ASW,CE,Towers with Radar,12,61,85,8,166,0,1,60,0,61,12,62,145,8,227,44,16,60,287
05/01/2002,BTR,LA,ASW,CE,Towers with Radar,10,55,80,0,145,1,8,62,0,71,11,63,142,0,216,64,0,64,280
05/02/2002,BTR,LA,ASW,CE,Towers with Radar,11,61,80,0,152,0,10,78,0,88,11,71,158,0,240,38,0,38,278
05/03/2002,BTR,LA,ASW,CE,Towers with Radar,10,55,72,1,138,0,1,57,0,58,10,56,129,1,196,102,0,102,298
05/04/2002,BTR,LA,ASW,CE,Towers with Radar,11,36,48,1,96,1,2,55,0,58,12,38,103,1,154,52,0,52,206
05/05/2002,BTR,LA,ASW,CE,Towers with Radar,11,52,69,3,135,0,0,29,2,31,11,52,98,5,166,184,0,184,350
05/06/2002,BTR,LA,ASW,CE,Towers with Radar,11,55,72,0,138,0,8,53,0,61,11,63,125,0,199,116,0,116,315
05/07/2002,BTR,LA,ASW,CE,Towers with Radar,12,53,70,3,138,4,2,49,8,63,16,55,119,11,201,130,26,156,357
05/08/2002,BTR,LA,ASW,CE,Towers with Radar,9,61,82,4,156,0,0,44,7,51,9,61,126,11,207,114,0,114,321
05/09/2002,BTR,LA,ASW,CE,Towers with Radar,13,62,83,4,162,0,2,90,1,93,13,64,173,5,255,46,0,46,301
05/10/2002,BTR,LA,ASW,CE,Towers with Radar,12,49,79,1,141,0,0,58,0,58,12,49,137,1,199,68,0,68,267
05/11/2002,BTR,LA,ASW,CE,Towers with Radar,10,31,42,14,97,1,7,51,2,61,11,38,93,16,158,106,0,106,264
05/12/2002,BTR,LA,ASW,CE,Towers with Radar,11,43,34,0,88,0,3,55,0,58,11,46,89,0,146,42,0,42,188
05/13/2002,BTR,LA,ASW,CE,Towers with Radar,10,49,67,1,127,0,3,45,0,48,10,52,112,1,175,38,6,44,219
05/14/2002,BTR,LA,ASW,CE,Towers with Radar,13,52,71,2,138,0,15,111,0,126,13,67,182,2,264,60,0,60,324
05/15/2002,BTR,LA,ASW,CE,Towers with Radar,11,58,79,3,151,0,8,88,0,96,11,66,167,3,247,82,0,82,329
05/16/2002,BTR,LA,ASW,CE,Towers with Radar,12,55,75,3,145,0,7,73,0,80,12,62,148,3,225,76,0,76,301
05/17/2002,BTR,LA,ASW,CE,Towers with Radar,11,51,73,4,139,0,0,37,1,38,11,51,110,5,177,16,0,16,193
05/18/2002,BTR,LA,ASW,CE,Towers with Radar,5,24,33,1,63,7,14,34,11,66,12,38,67,12,129,22,0,22,151
05/19/2002,BTR,LA,ASW,CE,Towers with Radar,9,38,51,2,100,4,6,74,0,84,13,44,125,2,184,86,0,86,270
05/20/2002,BTR,LA,ASW,CE,Towers with Radar,9,51,69,0,129,0,2,86,0,88,9,53,155,0,217,122,0,122,339
05/21/2002,BTR,LA,ASW,CE,Towers with Radar,13,55,73,5,146,6,1,68,2,77,19,56,141,7,223,128,0,128,351
05/22/2002,BTR,LA,ASW,CE,Towers with Radar,13,55,73,5,146,1,3,76,0,80,14,58,149,5,226,86,0,86,312
05/23/2002,BTR,LA,ASW,CE,Towers with Radar,12,52,69,4,137,0,17,91,12,120,12,69,160,16,257,116,8,124,381
05/24/2002,BTR,LA,ASW,CE,Towers with Radar,12,61,81,2,156,0,7,55,0,62,12,68,136,2,218,44,0,44,262
05/25/2002,BTR,LA,ASW,CE,Towers with Radar,9,33,50,1,93,5,0,32,0,37,14,33,82,1,130,82,0,82,212
05/26/2002,BTR,LA,ASW,CE,Towers with Radar,7,29,38,0,74,3,20,33,0,56,10,49,71,0,130,90,0,90,220
05/27/2002,BTR,LA,ASW,CE,Towers with Radar,8,41,54,0,103,0,7,33,0,40,8,48,87,0,143,74,0,74,217
05/28/2002,BTR,LA,ASW,CE,Towers with Radar,12,59,78,1,150,0,14,55,0,69,12,73,133,1,219,60,0,60,279
05/29/2002,BTR,LA,ASW,CE,Towers with Radar,14,59,84,5,162,0,0,22,20,42,14,59,106,25,204,52,2,54,258
05/30/2002,BTR,LA,ASW,CE,Towers with Radar,12,55,73,2,142,0,5,27,0,32,12,60,100,2,174,10,0,10,184
05/31/2002,BTR,LA,ASW,CE,Towers with Radar,12,50,79,5,146,0,0,107,2,109,12,50,186,7,255,94,0,94,349
06/01/2002,BTR,LA,ASW,CE,Towers with Radar,8,31,42,1,82,4,9,54,0,67,12,40,96,1,149,52,0,52,201
06/02/2002,BTR,LA,ASW,CE,Towers with Radar,9,44,43,9,105,2,2,55,1,60,11,46,98,10,165,98,0,98,263
06/03/2002,BTR,LA,ASW,CE,Towers with Radar,12,54,69,11,146,0,3,50,24,77,12,57,119,35,223,158,30,188,411
06/04/2002,BTR,LA,ASW,CE,Towers with Radar,9,58,75,12,154,0,3,41,26,70,9,61,116,38,224,56,18,74,298
06/05/2002,BTR,LA,ASW,CE,Towers with Radar,10,62,89,14,175,0,0,45,23,68,10,62,134,37,243,26,14,40,283
06/06/2002,BTR,LA,ASW,CE,Towers with Radar,11,58,81,13,163,0,0,37,1,38,11,58,118,14,201,86,0,86,287
06/07/2002,BTR,LA,ASW,CE,Towers with Radar,14,57,76,12,159,1,0,64,3,68,15,57,140,15,227,60,4,64,291
06/08/2002,BTR,LA,ASW,CE,Towers with Radar,8,36,48,0,92,2,0,70,0,72,10,36,118,0,164,58,0,58,222
06/09/2002,BTR,LA,ASW,CE,Towers with Radar,11,46,69,0,126,1,5,46,0,52,12,51,115,0,178,94,0,94,272
06/10/2002,BTR,LA,ASW,CE,Towers with Radar,11,45,59,0,115,0,7,33,0,40,11,52,92,0,155,74,0,74,229
06/11/2002,BTR,LA,ASW,CE,Towers with Radar,12,50,66,10,138,0,11,44,1,56,12,61,110,11,194,106,14,120,314
06/12/2002,BTR,LA,ASW,CE,Towers with Radar,16,58,73,11,158,1,0,74,9,84,17,58,147,20,242,8,0,8,250
06/13/2002,BTR,LA,ASW,CE,Towers with Radar,16,69,88,13,186,0,8,81,18,107,16,77,169,31,293,44,24,68,361
06/14/2002,BTR,LA,ASW,CE,Towers with Radar,15,54,68,10,147,2,0,35,14,51,17,54,103,24,198,180,0,180,378
06/15/2002,BTR,LA,ASW,CE,Towers with Radar,14,40,37,0,91,0,8,75,0,83,14,48,112,0,174,128,0,128,302
06/16/2002,BTR,LA,ASW,CE,Towers with Radar,13,48,63,0,124,1,0,28,0,29,14,48,91,0,153,80,0,80,233
06/17/2002,BTR,LA,ASW,CE,Towers with Radar,12,49,61,8,130,0,5,46,0,51,12,54,107,8,181,0,0,0,181
06/18/2002,BTR,LA,ASW,CE,Towers with Radar,14,52,66,10,142,1,7,61,0,69,15,59,127,10,211,0,0,0,211
06/19/2002,BTR,LA,ASW,CE,Towers with Radar,12,48,61,0,121,0,14,59,0,73,12,62,120,0,194,36,0,36,230
06/20/2002,BTR,LA,ASW,CE,Towers with Radar,14,52,68,10,144,0,6,65,4,75,14,58,133,14,219,72,12,84,303
06/21/2002,BTR,LA,ASW,CE,Towers with Radar,13,52,68,10,143,0,1,57,17,75,13,53,125,27,218,102,18,120,338
06/22/2002,BTR,LA,ASW,CE,Towers with Radar,12,30,63,9,114,0,8,63,0,71,12,38,126,9,185,80,0,80,265
06/23/2002,BTR,LA,ASW,CE,Towers with Radar,14,42,40,0,96,0,10,25,0,35,14,52,65,0,131,46,0,46,177
06/24/2002,BTR,LA,ASW,CE,Towers with Radar,11,47,62,7,127,0,3,40,0,43,11,50,102,7,170,54,0,54,224
06/25/2002,BTR,LA,ASW,CE,Towers with Radar,10,40,52,0,102,4,7,49,0,60,14,47,101,0,162,14,0,14,176
06/26/2002,BTR,LA,ASW,CE,Towers with Radar,13,48,63,0,124,2,10,11,0,23,15,58,74,0,147,6,0,6,153
06/27/2002,BTR,LA,ASW,CE,Towers with Radar,15,58,77,2,152,0,1,37,0,38,15,59,114,2,190,20,0,20,210
06/28/2002,BTR,LA,ASW,CE,Towers with Radar,14,49,65,3,131,0,7,51,0,58,14,56,116,3,189,58,0,58,247
06/29/2002,BTR,LA,ASW,CE,Towers with Radar,10,35,49,5,99,5,0,50,0,55,15,35,99,5,154,30,6,36,190
06/30/2002,BTR,LA,ASW,CE,Towers with Radar,10,36,48,0,94,2,9,50,0,61,12,45,98,0,155,118,0,118,273
07/01/2002,BTR,LA,ASW,CE,Towers with Radar,14,54,77,12,157,0,0,16,29,45,14,54,93,41,202,46,0,46,248
07/02/2002,BTR,LA,ASW,CE,Towers with Radar,13,51,54,9,127,1,4,0,0,5,14,55,54,9,132,0,0,0,132
07/03/2002,BTR,LA,ASW,CE,Towers with Radar,13,53,77,11,154,0,0,65,0,65,13,53,142,11,219,90,0,90,309
07/04/2002,BTR,LA,ASW,CE,Towers with Radar,6,25,34,1,66,3,10,42,0,55,9,35,76,1,121,68,0,68,189
07/05/2002,BTR,LA,ASW,CE,Towers with Radar,11,43,42,0,96,0,5,50,0,55,11,48,92,0,151,18,0,18,169
07/06/2002,BTR,LA,ASW,CE,Towers with Radar,8,27,36,0,71,5,7,35,0,47,13,34,71,0,118,36,0,36,154
07/07/2002,BTR,LA,ASW,CE,Towers with Radar,11,47,62,0,120,2,0,64,0,66,13,47,126,0,186,40,0,40,226
07/08/2002,BTR,LA,ASW,CE,Towers with Radar,12,47,61,10,130,2,8,30,0,40,14,55,91,10,170,70,6,76,246
07/09/2002,BTR,LA,ASW,CE,Towers with Radar,13,53,68,6,140,1,8,57,0,66,14,61,125,6,206,62,6,68,274
07/10/2002,BTR,LA,ASW,CE,Towers with Radar,12,57,82,14,165,0,0,80,2,82,12,57,162,16,247,100,8,108,355
07/11/2002,BTR,LA,ASW,CE,Towers with Radar,13,54,70,6,143,1,0,67,0,68,14,54,137,6,211,54,18,72,283
07/12/2002,BTR,LA,ASW,CE,Towers with Radar,13,53,68,12,146,1,6,46,5,58,14,59,114,17,204,36,0,36,240
07/13/2002,BTR,LA,ASW,CE,Towers with Radar,8,32,41,3,84,4,8,26,0,38,12,40,67,3,122,58,0,58,180
07/14/2002,BTR,LA,ASW,CE,Towers with Radar,10,35,52,0,97,2,0,35,0,37,12,35,87,0,134,66,0,66,200
07/15/2002,BTR,LA,ASW,CE,Towers with Radar,10,43,57,0,110,4,14,44,0,62,14,57,101,0,172,70,0,70,242
07/16/2002,BTR,LA,ASW,CE,Towers with Radar,14,55,74,10,153,0,0,60,0,60,14,55,134,10,213,48,8,56,269
07/17/2002,BTR,LA,ASW,CE,Towers with Radar,14,62,87,16,179,0,0,96,25,121,14,62,183,41,300,110,26,136,436
07/18/2002,BTR,LA,ASW,CE,Towers with Radar,13,63,86,14,176,0,0,89,12,101,13,63,175,26,277,58,22,80,357
07/19/2002,BTR,LA,ASW,CE,Towers with Radar,11,56,74,13,154,0,7,72,27,106,11,63,146,40,260,52,0,52,312
07/20/2002,BTR,LA,ASW,CE,Towers with Radar,12,33,36,0,81,0,6,63,0,69,12,39,99,0,150,84,0,84,234
07/21/2002,BTR,LA,ASW,CE,Towers with Radar,14,43,50,3,110,0,5,71,0,76,14,48,121,3,186,74,0,74,260
07/22/2002,BTR,LA,ASW,CE,Towers with Radar,12,54,71,12,149,0,3,40,7,50,12,57,111,19,199,52,6,58,257
07/23/2002,BTR,LA,ASW,CE,Towers with Radar,12,52,69,9,142,0,4,74,0,78,12,56,143,9,220,50,12,62,282
07/24/2002,BTR,LA,ASW,CE,Towers with Radar,14,57,75,0,146,0,4,75,0,79,14,61,150,0,225,64,0,64,289
07/25/2002,BTR,LA,ASW,CE,Towers with Radar,13,53,69,3,138,0,2,53,0,55,13,55,122,3,193,52,6,58,251
07/26/2002,BTR,LA,ASW,CE,Towers with Radar,10,43,57,0,110,0,6,42,0,48,10,49,99,0,158,52,0,52,210
07/27/2002,BTR,LA,ASW,CE,Towers with Radar,11,38,57,10,116,0,0,35,14,49,11,38,92,24,165,118,26,144,309
07/28/2002,BTR,LA,ASW,CE,Towers with Radar,10,39,52,9,110,0,16,63,15,94,10,55,115,24,204,140,0,140,344
07/29/2002,BTR,LA,ASW,CE,Towers with Radar,14,52,68,0,134,2,11,61,0,74,16,63,129,0,208,154,0,154,362
07/30/2002,BTR,LA,ASW,CE,Towers with Radar,15,54,76,13,158,0,0,49,5,54,15,54,125,18,212,112,0,112,324
07/31/2002,BTR,LA,ASW,CE,Towers with Radar,14,53,69,11,147,0,3,32,1,36,14,56,101,12,183,48,2,50,233
08/01/2002,BTR,LA,ASW,CE,Towers with Radar,13,52,82,6,153,1,0,62,10,73,14,52,144,16,226,80,0,80,306
08/02/2002,BTR,LA,ASW,CE,Towers with Radar,11,54,83,6,154,0,4,61,17,82,11,58,144,23,236,90,6,96,332
08/03/2002,BTR,LA,ASW,CE,Towers with Radar,8,31,48,4,91,3,5,80,0,88,11,36,128,4,179,70,0,70,249
08/04/2002,BTR,LA,ASW,CE,Towers with Radar,11,43,64,0,118,5,7,49,0,61,16,50,113,0,179,84,0,84,263
08/05/2002,BTR,LA,ASW,CE,Towers with Radar,13,53,80,6,152,0,5,30,8,43,13,58,110,14,195,90,0,90,285
08/06/2002,BTR,LA,ASW,CE,Towers with Radar,12,44,63,0,119,2,6,0,0,8,14,50,63,0,127,62,0,62,189
08/07/2002,BTR,LA,ASW,CE,Towers with Radar,14,60,90,7,171,0,1,97,3,101,14,61,187,10,272,130,0,130,402
08/08/2002,BTR,LA,ASW,CE,Towers with Radar,15,54,83,6,158,0,4,53,15,72,15,58,136,21,230,66,16,82,312
08/09/2002,BTR,LA,ASW,CE,Towers with Radar,12,48,73,6,139,4,15,79,9,107,16,63,152,15,246,152,0,152,398
08/10/2002,BTR,LA,ASW,CE,Towers with Radar,13,30,39,0,82,1,5,73,0,79,14,35,112,0,161,106,0,106,267
08/11/2002,BTR,LA,ASW,CE,Towers with Radar,12,46,71,0,129,1,5,65,0,71,13,51,136,0,200,166,0,166,366
08/12/2002,BTR,LA,ASW,CE,Towers with Radar,13,49,73,0,135,2,4,61,0,67,15,53,134,0,202,198,0,198,400
08/13/2002,BTR,LA,ASW,CE,Towers with Radar,15,58,89,6,168,1,0,44,0,45,16,58,133,6,213,98,8,106,319
08/14/2002,BTR,LA,ASW,CE,Towers with Radar,17,59,96,1,173,0,0,78,0,78,17,59,174,1,251,114,0,114,365
08/15/2002,BTR,LA,ASW,CE,Towers with Radar,14,53,82,4,153,0,0,40,0,40,14,53,122,4,193,42,0,42,235
08/16/2002,BTR,LA,ASW,CE,Towers with Radar,14,48,78,0,140,1,0,72,0,73,15,48,150,0,213,95,0,95,308
08/17/2002,BTR,LA,ASW,CE,Towers with Radar,14,37,54,0,105,0,5,62,0,67,14,42,116,0,172,116,0,116,288
08/18/2002,BTR,LA,ASW,CE,Towers with Radar,12,45,62,0,119,0,7,75,0,82,12,52,137,0,201,180,0,180,381
08/19/2002,BTR,LA,ASW,CE,Towers with Radar,15,63,95,7,180,0,7,69,23,99,15,70,164,30,279,190,24,214,493
08/20/2002,BTR,LA,ASW,CE,Towers with Radar,14,57,64,3,138,0,6,57,3,66,14,63,121,6,204,110,0,110,314
08/21/2002,BTR,LA,ASW,CE,Towers with Radar,14,56,86,5,161,0,0,52,0,52,14,56,138,5,213,60,3,63,276
08/22/2002,BTR,LA,ASW,CE,Towers with Radar,16,57,86,5,164,0,2,29,0,31,16,59,115,5,195,60,0,60,255
08/23/2002,BTR,LA,ASW,CE,Towers with Radar,14,48,73,6,141,0,12,27,6,45,14,60,100,12,186,54,5,59,245
08/24/2002,BTR,LA,ASW,CE,Towers with Radar,10,32,51,0,93,3,0,39,0,42,13,32,90,0,135,192,0,192,327
08/25/2002,BTR,LA,ASW,CE,Towers with Radar,13,45,68,0,126,0,4,81,0,85,13,49,149,0,211,122,10,132,343
08/26/2002,BTR,LA,ASW,CE,Towers with Radar,16,55,83,5,159,0,5,64,0,69,16,60,147,5,228,138,8,146,374
08/27/2002,BTR,LA,ASW,CE,Towers with Radar,16,54,82,4,156,0,0,75,0,75,16,54,157,4,231,156,6,162,393
08/28/2002,BTR,LA,ASW,CE,Towers with Radar,14,57,103,8,182,0,0,91,22,113,14,57,194,30,295,114,14,128,423
08/29/2002,BTR,LA,ASW,CE,Towers with Radar,16,65,101,4,186,0,0,86,0,86,16,65,187,4,272,34,0,34,306
08/30/2002,BTR,LA,ASW,CE,Towers with Radar,15,51,77,1,144,0,2,77,0,79,15,53,154,1,223,78,0,78,301
08/31/2002,BTR,LA,ASW,CE,Towers with Radar,13,28,36,0,77,0,11,102,0,113,13,39,138,0,190,80,0,80,270
09/01/2002,BTR,LA,ASW,CE,Towers with Radar,14,34,67,0,115,0,5,73,0,78,14,39,140,0,193,136,0,136,329
09/02/2002,BTR,LA,ASW,CE,Towers with Radar,15,53,74,2,144,1,0,61,0,62,16,53,135,2,206,110,0,110,316
09/03/2002,BTR,LA,ASW,CE,Towers with Radar,16,63,79,0,158,0,4,50,16,70,16,67,129,16,228,80,6,86,314
09/04/2002,BTR,LA,ASW,CE,Towers with Radar,14,59,76,5,154,0,0,46,4,50,14,59,122,9,204,170,0,170,374
09/05/2002,BTR,LA,ASW,CE,Towers with Radar,14,57,75,3,149,0,0,97,0,97,14,57,172,3,246,118,2,120,366
09/06/2002,BTR,LA,ASW,CE,Towers with Radar,13,51,66,2,132,2,4,28,0,34,15,55,94,2,166,62,0,62,228
09/07/2002,BTR,LA,ASW,CE,Towers with Radar,10,43,54,0,107,7,3,12,0,22,17,46,66,0,129,14,0,14,143
09/08/2002,BTR,LA,ASW,CE,Towers with Radar,9,39,49,1,98,4,13,20,0,37,13,52,69,1,135,86,0,86,221
09/09/2002,BTR,LA,ASW,CE,Towers with Radar,13,54,70,5,142,1,5,61,2,69,14,59,131,7,211,156,6,162,373
09/10/2002,BTR,LA,ASW,CE,Towers with Radar,11,51,65,2,129,0,10,74,0,84,11,61,139,2,213,92,0,92,305
09/11/2002,BTR,LA,ASW,CE,Towers with Radar,11,47,60,3,121,0,13,62,0,75,11,60,122,3,196,116,0,116,312
09/12/2002,BTR,LA,ASW,CE,Towers with Radar,12,58,86,6,162,0,0,80,17,97,12,58,166,23,259,80,0,80,339
09/13/2002,BTR,LA,ASW,CE,Towers with Radar,13,55,71,5,144,0,2,47,4,53,13,57,118,9,197,37,0,37,234
09/14/2002,BTR,LA,ASW,CE,Towers with Radar,11,33,67,3,114,1,5,80,2,88,12,38,147,5,202,104,0,104,306
09/15/2002,BTR,LA,ASW,CE,Towers with Radar,11,51,116,2,180,1,4,54,0,59,12,55,170,2,239,172,12,184,423
09/16/2002,BTR,LA,ASW,CE,Towers with Radar,14,58,81,5,158,0,0,25,12,37,14,58,106,17,195,76,4,80,275
09/17/2002,BTR,LA,ASW,CE,Towers with Radar,14,62,85,0,161,0,0,31,0,31,14,62,116,0,192,48,10,58,250
09/18/2002,BTR,LA,ASW,CE,Towers with Radar,14,67,87,6,174,0,2,72,6,80,14,69,159,12,254,74,2,76,330
09/19/2002,BTR,LA,ASW,CE,Towers with Radar,18,59,63,24,164,0,3,56,0,59,18,62,119,24,223,16,82,98,321
09/20/2002,BTR,LA,ASW,CE,Towers with Radar,16,60,77,3,156,5,6,49,0,60,21,66,126,3,216,4,144,148,364
09/21/2002,BTR,LA,ASW,CE,Towers with Radar,8,34,43,0,85,4,6,22,0,32,12,40,65,0,117,0,74,74,191
09/22/2002,BTR,LA,ASW,CE,Towers with Radar,11,44,58,1,114,4,11,20,0,35,15,55,78,1,149,0,116,116,265
09/23/2002,BTR,LA,ASW,CE,Towers with Radar,13,56,74,6,149,0,4,62,2,68,13,60,136,8,217,0,82,82,299
09/24/2002,BTR,LA,ASW,CE,Towers with Radar,16,60,86,6,168,0,0,65,0,65,16,60,151,6,233,0,104,104,337
09/25/2002,BTR,LA,ASW,CE,Towers with Radar,8,31,31,1,71,0,32,0,0,32,8,63,31,1,103,0,0,0,103
09/26/2002,BTR,LA,ASW,CE,Towers with Radar,10,37,47,4,98,3,24,4,5,36,13,61,51,9,134,0,64,64,198
09/27/2002,BTR,LA,ASW,CE,Towers with Radar,15,58,76,6,155,0,0,84,12,96,15,58,160,18,251,2,134,136,387
09/28/2002,BTR,LA,ASW,CE,Towers with Radar,15,36,68,9,128,0,5,109,0,114,15,41,177,9,242,0,78,78,320
09/29/2002,BTR,LA,ASW,CE,Towers with Radar,16,55,56,0,127,0,3,114,0,117,16,58,170,0,244,0,114,114,358
09/30/2002,BTR,LA,ASW,CE,Towers with Radar,11,53,80,5,149,0,0,62,3,65,11,53,142,8,214,0,134,134,348
10/01/2002,BTR,LA,ASW,CE,Towers with Radar,14,55,89,8,166,0,8,30,8,46,14,63,119,16,212,98,8,106,318
10/02/2002,BTR,LA,ASW,CE,Towers with Radar,17,64,103,6,190,1,15,16,0,32,18,79,119,6,222,52,0,52,274
10/03/2002,BTR,LA,ASW,CE,Towers with Radar,1,3,1,3,8,1,0,0,0,1,2,3,1,3,9,0,0,0,9
10/04/2002,BTR,LA,ASW,CE,Towers with Radar,21,40,43,7,111,1,3,62,21,87,22,43,105,28,198,6,0,6,204
10/05/2002,BTR,LA,ASW,CE,Towers with Radar,15,37,66,5,123,1,1,0,7,9,16,38,66,12,132,110,0,110,242
10/06/2002,BTR,LA,ASW,CE,Towers with Radar,14,52,82,0,148,4,2,67,0,73,18,54,149,0,221,108,0,108,329
10/07/2002,BTR,LA,ASW,CE,Towers with Radar,14,55,88,4,161,1,4,33,0,38,15,59,121,4,199,46,0,46,245
10/08/2002,BTR,LA,ASW,CE,Towers with Radar,16,64,115,10,205,0,0,29,10,39,16,64,144,20,244,64,0,64,308
10/09/2002,BTR,LA,ASW,CE,Towers with Radar,14,56,89,0,159,0,4,8,0,12,14,60,97,0,171,0,0,0,171
10/10/2002,BTR,LA,ASW,CE,Towers with Radar,17,61,83,3,164,1,0,19,0,20,18,61,102,3,184,30,0,30,214
10/11/2002,BTR,LA,ASW,CE,Towers with Radar,14,60,102,8,184,1,0,19,0,20,15,60,121,8,204,18,0,18,222
10/12/2002,BTR,LA,ASW,CE,Towers with Radar,11,47,74,3,135,3,2,54,0,59,14,49,128,3,194,64,0,64,258
10/13/2002,BTR,LA,ASW,CE,Towers with Radar,12,47,75,0,134,0,10,53,0,63,12,57,128,0,197,132,0,132,329
10/14/2002,BTR,LA,ASW,CE,Towers with Radar,14,55,89,0,158,0,3,65,0,68,14,58,154,0,226,82,0,82,308
10/15/2002,BTR,LA,ASW,CE,Towers with Radar,14,60,104,8,186,0,0,84,19,103,14,60,188,27,289,144,62,206,495
10/16/2002,BTR,LA,ASW,CE,Towers with Radar,15,64,112,9,200,0,0,11,25,36,15,64,123,34,236,110,26,136,372
10/17/2002,BTR,LA,ASW,CE,Towers with Radar,14,58,93,2,167,0,6,99,0,105,14,64,192,2,272,60,0,60,332
10/18/2002,BTR,LA,ASW,CE,Towers with Radar,15,52,85,2,154,0,7,108,0,115,15,59,193,2,269,58,0,58,327
10/19/2002,BTR,LA,ASW,CE,Towers with Radar,11,40,65,1,117,5,3,82,0,90,16,43,147,1,207,0,12,12,219
10/20/2002,BTR,LA,ASW,CE,Towers with Radar,15,56,96,2,169,0,0,35,0,35,15,56,131,2,204,168,0,168,372
10/21/2002,BTR,LA,ASW,CE,Towers with Radar,14,59,95,8,176,0,5,16,0,21,14,64,111,8,197,38,10,48,245
10/22/2002,BTR,LA,ASW,CE,Towers with Radar,15,54,89,1,159,1,0,44,0,45,16,54,133,1,204,112,0,112,316
10/23/2002,BTR,LA,ASW,CE,Towers with Radar,16,60,114,1,191,0,0,51,0,51,16,60,165,1,242,76,0,76,318
10/24/2002,BTR,LA,ASW,CE,Towers with Radar,0,0,0,0,0,0,0,0,0,0,0,0,0,0,0,0,0,0,0
10/25/2002,BTR,LA,ASW,CE,Towers with Radar,15,52,84,2,153,0,6,5,0,11,15,58,89,2,164,0,0,0,164
10/26/2002,BTR,LA,ASW,CE,Towers with Radar,9,35,56,0,100,6,6,9,0,21,15,41,65,0,121,34,0,34,155
10/27/2002,BTR,LA,ASW,CE,Towers with Radar,8,32,51,0,91,6,17,1,0,24,14,49,52,0,115,0,0,0,115
10/28/2002,BTR,LA,ASW,CE,Towers with Radar,13,49,79,0,141,1,10,22,0,33,14,59,101,0,174,20,0,20,194
10/29/2002,BTR,LA,ASW,CE,Towers with Radar,15,60,70,0,145,0,1,19,0,20,15,61,89,0,165,0,0,0,165
10/30/2002,BTR,LA,ASW,CE,Towers with Radar,12,71,113,10,206,0,2,80,38,120,12,73,193,48,326,172,34,206,532
10/31/2002,BTR,LA,ASW,CE,Towers with Radar,14,56,90,8,168,0,8,69,26,103,14,64,159,34,271,120,34,154,425
11/01/2002,BTR,LA,ASW,CE,Towers with Radar,15,61,85,10,171,1,7,55,4,67,16,68,140,14,238,66,12,78,316
11/02/2002,BTR,LA,ASW,CE,Towers with Radar,12,43,62,0,117,2,0,106,0,108,14,43,168,0,225,62,0,62,287
11/03/2002,BTR,LA,ASW,CE,Towers with Radar,12,45,65,1,123,4,8,23,0,35,16,53,88,1,158,30,0,30,188
11/04/2002,BTR,LA,ASW,CE,Towers with Radar,12,28,56,1,97,6,0,0,0,6,18,28,56,1,103,0,0,0,103
11/05/2002,BTR,LA,ASW,CE,Towers with Radar,11,42,61,3,117,5,20,144,0,169,16,62,205,3,286,170,10,180,466
11/06/2002,BTR,LA,ASW,CE,Towers with Radar,15,56,81,3,155,1,6,124,0,131,16,62,205,3,286,170,10,180,466
11/07/2002,BTR,LA,ASW,CE,Towers with Radar,14,52,75,9,150,0,3,99,3,105,14,55,174,12,255,84,0,84,339
11/08/2002,BTR,LA,ASW,CE,Towers with Radar,14,51,73,3,141,1,18,69,0,88,15,69,142,3,229,44,0,44,273
11/09/2002,BTR,LA,ASW,CE,Towers with Radar,13,37,68,8,126,1,0,44,3,48,14,37,112,11,174,86,0,86,260
11/10/2002,BTR,LA,ASW,CE,Towers with Radar,10,56,80,0,146,0,0,50,0,50,10,56,130,0,196,76,0,76,272
11/11/2002,BTR,LA,ASW,CE,Towers with Radar,14,49,71,1,135,0,6,27,0,33,14,55,98,1,168,74,0,74,242
11/12/2002,BTR,LA,ASW,CE,Towers with Radar,12,54,78,9,153,0,7,52,7,66,12,61,130,16,219,62,12,74,293
11/13/2002,BTR,LA,ASW,CE,Towers with Radar,14,59,90,10,173,0,0,99,30,129,14,59,189,40,302,106,28,134,436
11/14/2002,BTR,LA,ASW,CE,Towers with Radar,14,58,83,9,164,0,6,51,3,60,14,64,134,12,224,62,0,62,286
11/15/2002,BTR,LA,ASW,CE,Towers with Radar,15,57,81,1,154,4,6,24,0,34,19,63,105,1,188,36,0,36,224
11/16/2002,BTR,LA,ASW,CE,Towers with Radar,13,39,66,8,126,1,0,70,2,73,14,39,136,10,199,64,18,82,281
11/17/2002,BTR,LA,ASW,CE,Towers with Radar,13,49,70,4,136,1,13,107,0,121,14,62,177,4,257,164,6,170,427
11/18/2002,BTR,LA,ASW,CE,Towers with Radar,13,63,90,9,175,0,0,63,1,64,13,63,153,10,239,78,8,86,325
11/19/2002,BTR,LA,ASW,CE,Towers with Radar,14,65,90,6,175,0,8,46,0,54,14,73,136,6,229,96,12,108,337
11/20/2002,BTR,LA,ASW,CE,Towers with Radar,12,59,92,9,172,0,0,16,21,37,12,59,108,30,209,26,8,34,243
11/21/2002,BTR,LA,ASW,CE,Towers with Radar,13,65,90,9,177,0,10,110,18,138,13,75,200,27,315,60,6,66,381
11/22/2002,BTR,LA,ASW,CE,Towers with Radar,14,55,76,8,153,0,6,97,6,109,14,61,173,14,262,88,0,88,350
11/23/2002,BTR,LA,ASW,CE,Towers with Radar,12,40,71,7,130,0,0,127,12,139,12,40,198,19,269,56,0,56,325
11/24/2002,BTR,LA,ASW,CE,Towers with Radar,11,45,63,6,125,0,3,74,8,85,11,48,137,14,210,96,0,96,306
11/25/2002,BTR,LA,ASW,CE,Towers with Radar,13,50,69,0,132,2,9,59,0,70,15,59,128,0,202,64,0,64,266
11/26/2002,BTR,LA,ASW,CE,Towers with Radar,14,54,85,7,160,0,0,39,0,39,14,54,124,7,199,76,24,100,299
11/27/2002,BTR,LA,ASW,CE,Towers with Radar,16,69,97,0,182,0,4,53,0,57,16,73,150,0,239,42,0,42,281
11/28/2002,BTR,LA,ASW,CE,Towers with Radar,7,25,35,0,67,7,11,23,0,41,14,36,58,0,108,6,0,6,114
11/29/2002,BTR,LA,ASW,CE,Towers with Radar,8,35,48,3,94,0,11,57,0,68,8,46,105,3,162,56,0,56,218
11/30/2002,BTR,LA,ASW,CE,Towers with Radar,11,43,59,6,119,3,0,54,3,60,14,43,113,9,179,66,8,74,253
12/01/2002,BTR,LA,ASW,CE,Towers with Radar,12,52,66,2,132,0,0,106,0,106,12,52,172,2,238,120,0,120,358
12/02/2002,BTR,LA,ASW,CE,Towers with Radar,13,62,81,6,162,0,0,76,28,104,13,62,157,34,266,72,10,82,348
12/03/2002,BTR,LA,ASW,CE,Towers with Radar,14,58,84,6,162,0,0,39,0,39,14,58,123,6,201,48,0,48,249
12/04/2002,BTR,LA,ASW,CE,Towers with Radar,12,48,59,1,120,0,7,8,0,15,12,55,67,1,135,32,0,32,167
12/05/2002,BTR,LA,ASW,CE,Towers with Radar,14,70,84,2,170,0,6,25,0,31,14,76,109,2,201,46,0,46,247
12/06/2002,BTR,LA,ASW,CE,Towers with Radar,11,63,75,7,156,0,1,98,8,107,11,64,173,15,263,188,0,188,451
12/07/2002,BTR,LA,ASW,CE,Towers with Radar,7,36,42,0,85,0,8,92,0,100,7,44,134,0,185,100,0,100,285
12/08/2002,BTR,LA,ASW,CE,Towers with Radar,12,48,58,4,122,0,6,42,0,48,12,54,100,4,170,94,0,94,264
12/09/2002,BTR,LA,ASW,CE,Towers with Radar,12,65,77,7,161,0,2,43,15,60,12,67,120,22,221,104,0,104,325
12/10/2002,BTR,LA,ASW,CE,Towers with Radar,12,58,87,8,165,0,0,30,7,37,12,58,117,15,202,26,0,26,228
12/11/2002,BTR,LA,ASW,CE,Towers with Radar,14,62,94,9,179,0,0,110,0,110,14,62,204,9,289,58,20,78,367
12/12/2002,BTR,LA,ASW,CE,Towers with Radar,11,63,79,6,159,0,0,35,0,35,11,63,114,6,194,70,0,70,264
12/13/2002,BTR,LA,ASW,CE,Towers with Radar,12,53,63,5,133,0,9,43,9,61,12,62,106,14,194,96,16,112,306
12/14/2002,BTR,LA,ASW,CE,Towers with Radar,8,34,40,3,85,4,3,54,4,65,12,37,94,7,150,86,10,96,246
12/15/2002,BTR,LA,ASW,CE,Towers with Radar,9,41,49,0,99,3,9,136,0,148,12,50,185,0,247,104,0,104,351
12/16/2002,BTR,LA,ASW,CE,Towers with Radar,14,56,95,16,181,0,2,60,0,62,14,58,155,16,243,96,0,96,339
12/17/2002,BTR,LA,ASW,CE,Towers with Radar,15,65,78,6,164,0,5,86,1,92,15,70,164,7,256,126,0,126,382
12/18/2002,BTR,LA,ASW,CE,Towers with Radar,13,63,79,4,159,0,0,48,0,48,13,63,127,4,207,48,12,60,267
12/19/2002,BTR,LA,ASW,CE,Towers with Radar,10,42,50,0,102,5,19,9,0,33,15,61,59,0,135,4,0,4,139
12/20/2002,BTR,LA,ASW,CE,Towers with Radar,12,58,69,5,144,0,3,105,3,111,12,61,174,8,255,78,0,78,333
12/21/2002,BTR,LA,ASW,CE,Towers with Radar,8,38,45,0,91,0,13,45,0,58,8,51,90,0,149,34,0,34,183
12/22/2002,BTR,LA,ASW,CE,Towers with Radar,10,39,50,0,99,19,0,51,0,70,29,39,101,0,169,126,0,126,295
12/23/2002,BTR,LA,ASW,CE,Towers with Radar,12,46,43,0,101,6,14,0,0,20,18,60,43,0,121,14,0,14,135
12/24/2002,BTR,LA,ASW,CE,Towers with Radar,10,38,45,0,93,2,10,5,0,17,12,48,50,0,110,0,0,0,110
12/25/2002,BTR,LA,ASW,CE,Towers with Radar,5,22,26,2,55,2,18,14,0,34,7,40,40,2,89,22,0,22,111
12/26/2002,BTR,LA,ASW,CE,Towers with Radar,14,61,73,0,148,2,9,71,0,82,16,70,144,0,230,44,0,44,274
12/27/2002,BTR,LA,ASW,CE,Towers with Radar,13,54,64,0,131,3,13,82,0,98,16,67,146,0,229,79,0,79,308
12/28/2002,BTR,LA,ASW,CE,Towers with Radar,10,43,51,0,104,0,19,98,0,117,10,62,149,0,221,110,0,110,331
12/29/2002,BTR,LA,ASW,CE,Towers with Radar,10,52,62,0,124,0,2,69,0,71,10,54,131,0,195,86,0,86,281
12/30/2002,BTR,LA,ASW,CE,Towers with Radar,12,48,58,4,122,4,13,39,6,62,16,61,97,10,184,64,0,64,248
12/31/2002,BTR,LA,ASW,CE,Towers with Radar,10,45,53,4,112,0,4,5,1,10,10,49,58,5,122,32,2,34,156
01/01/2003,BTR,LA,ASW,CE,Towers with Radar,9,40,50,0,99,0,3,33,0,36,9,43,83,0,135,42,0,42,177
01/02/2003,BTR,LA,ASW,CE,Towers with Radar,12,52,65,4,133,2,5,71,6,84,14,57,136,10,217,58,0,58,275
01/03/2003,BTR,LA,ASW,CE,Towers with Radar,9,41,52,2,104,3,8,72,0,83,12,49,124,2,187,66,0,66,253
01/04/2003,BTR,LA,ASW,CE,Towers with Radar,7,32,40,0,79,1,15,56,0,72,8,47,96,0,151,114,0,114,265
01/05/2003,BTR,LA,ASW,CE,Towers with Radar,11,53,66,0,130,0,1,93,0,94,11,54,159,0,224,156,0,156,380
01/06/2003,BTR,LA,ASW,CE,Towers with Radar,10,43,55,3,111,1,18,36,2,57,11,61,91,5,168,64,11,75,243
01/07/2003,BTR,LA,ASW,CE,Towers with Radar,14,58,74,4,150,0,8,87,0,95,14,66,161,4,245,96,4,100,345
01/08/2003,BTR,LA,ASW,CE,Towers with Radar,12,55,70,3,140,0,15,65,0,80,12,70,135,3,220,76,0,76,296
01/09/2003,BTR,LA,ASW,CE,Towers with Radar,16,72,93,5,186,0,0,41,1,42,16,72,134,6,228,88,6,94,322
01/10/2003,BTR,LA,ASW,CE,Towers with Radar,12,46,69,4,131,3,0,78,7,88,15,46,147,11,219,86,6,92,311
01/11/2003,BTR,LA,ASW,CE,Towers with Radar,8,38,49,3,98,0,4,46,3,53,8,42,95,6,151,68,0,68,219
01/12/2003,BTR,LA,ASW,CE,Towers with Radar,10,51,65,1,127,0,12,54,0,66,10,63,119,1,193,92,0,92,285
01/13/2003,BTR,LA,ASW,CE,Towers with Radar,14,62,80,5,161,1,0,73,2,76,15,62,153,7,237,82,8,90,327
01/14/2003,BTR,LA,ASW,CE,Towers with Radar,12,64,81,0,157,0,4,98,0,102,12,68,179,0,259,164,0,164,423
01/15/2003,BTR,LA,ASW,CE,Towers with Radar,15,61,87,5,168,0,0,63,5,68,15,61,150,10,236,68,0,68,304
01/16/2003,BTR,LA,ASW,CE,Towers with Radar,12,69,88,5,174,0,0,45,14,59,12,69,133,19,233,94,6,100,333
01/17/2003,BTR,LA,ASW,CE,Towers with Radar,14,63,80,3,160,0,19,79,0,98,14,82,159,3,258,32,0,32,290
01/18/2003,BTR,LA,ASW,CE,Towers with Radar,8,35,45,1,89,1,6,86,0,93,9,41,131,1,182,96,0,96,278
01/19/2003,BTR,LA,ASW,CE,Towers with Radar,10,44,56,0,110,2,15,89,0,106,12,59,145,0,216,136,0,136,352
01/20/2003,BTR,LA,ASW,CE,Towers with Radar,12,56,72,0,140,1,14,46,0,61,13,70,118,0,201,146,0,146,347
01/21/2003,BTR,LA,ASW,CE,Towers with Radar,15,67,77,13,172,0,0,43,0,43,15,67,120,13,215,46,10,56,271
01/22/2003,BTR,LA,ASW,CE,Towers with Radar,13,73,91,2,179,0,7,30,0,37,13,80,121,2,216,30,0,30,246
01/23/2003,BTR,LA,ASW,CE,Towers with Radar,13,62,77,3,155,1,12,66,0,79,14,74,143,3,234,26,4,30,264
01/24/2003,BTR,LA,ASW,CE,Towers with Radar,13,60,74,5,152,0,2,67,7,76,13,62,141,12,228,50,2,52,280
01/25/2003,BTR,LA,ASW,CE,Towers with Radar,9,43,53,4,109,0,0,60,6,66,9,43,113,10,175,116,0,116,291
01/26/2003,BTR,LA,ASW,CE,Towers with Radar,11,47,58,4,120,1,2,29,1,33,12,49,87,5,153,0,0,0,153
01/27/2003,BTR,LA,ASW,CE,Towers with Radar,11,53,65,2,131,3,8,76,0,87,14,61,141,2,218,88,0,88,306
01/28/2003,BTR,LA,ASW,CE,Towers with Radar,13,62,77,4,156,0,5,37,2,44,13,67,114,6,200,54,4,58,258
01/29/2003,BTR,LA,ASW,CE,Towers with Radar,14,63,86,5,168,0,0,61,5,66,14,63,147,10,234,104,0,104,338
01/30/2003,BTR,LA,ASW,CE,Towers with Radar,12,62,81,1,156,0,0,7,0,7,12,62,88,1,163,28,0,28,191
01/31/2003,BTR,LA,ASW,CE,Towers with Radar,14,63,84,5,166,0,0,63,5,68,14,63,147,10,234,104,0,104,338
02/01/2003,BTR,LA,ASW,CE,Towers with Radar,1,42,52,0,95,0,3,84,0,87,1,45,136,0,182,120,0,120,302
02/02/2003,BTR,LA,ASW,CE,Towers with Radar,9,54,68,0,131,3,3,81,0,87,12,57,149,0,218,126,0,126,344
02/03/2003,BTR,LA,ASW,CE,Towers with Radar,11,62,79,2,154,3,8,14,0,25,14,70,93,2,179,44,0,44,223
02/04/2003,BTR,LA,ASW,CE,Towers with Radar,10,56,71,5,142,6,11,68,13,98,16,67,139,18,240,142,8,150,390
02/05/2003,BTR,LA,ASW,CE,Towers with Radar,11,62,78,0,151,3,6,61,0,70,14,68,139,0,221,72,0,72,293
02/06/2003,BTR,LA,ASW,CE,Towers with Radar,9,49,56,3,117,9,8,0,0,17,18,57,56,3,134,0,0,0,134
02/07/2003,BTR,LA,ASW,CE,Towers with Radar,10,56,74,4,144,0,5,7,0,12,10,61,81,4,156,8,0,8,164
02/08/2003,BTR,LA,ASW,CE,Towers with Radar,6,34,44,3,87,0,11,47,5,63,6,45,91,8,150,123,4,127,277
02/09/2003,BTR,LA,ASW,CE,Towers with Radar,8,49,75,5,137,0,0,56,0,56,8,49,131,5,193,128,2,130,323
02/10/2003,BTR,LA,ASW,CE,Towers with Radar,12,65,85,6,168,0,3,23,17,43,12,68,108,23,211,80,8,88,299
02/11/2003,BTR,LA,ASW,CE,Towers with Radar,11,63,82,1,157,0,2,114,0,116,11,65,196,1,273,100,2,102,375
02/12/2003,BTR,LA,ASW,CE,Towers with Radar,13,65,85,5,168,0,6,78,0,84,13,71,163,5,252,56,0,56,308
02/13/2003,BTR,LA,ASW,CE,Towers with Radar,12,66,86,6,170,0,0,65,17,82,12,66,151,23,252,42,6,48,300
02/14/2003,BTR,LA,ASW,CE,Towers with Radar,9,45,59,4,117,2,30,4,6,42,11,75,63,10,159,4,0,4,163
02/15/2003,BTR,LA,ASW,CE,Towers with Radar,4,32,42,0,78,0,16,6,0,22,4,48,48,0,100,16,0,16,116
02/16/2003,BTR,LA,ASW,CE,Towers with Radar,11,50,79,0,140,0,0,28,0,28,11,50,107,0,168,82,0,82,250
02/17/2003,BTR,LA,ASW,CE,Towers with Radar,9,50,65,3,127,1,2,32,0,35,10,52,97,3,162,74,6,80,242
02/18/2003,BTR,LA,ASW,CE,Towers with Radar,12,56,78,4,150,0,0,106,0,106,12,56,184,4,256,164,0,164,420
02/19/2003,BTR,LA,ASW,CE,Towers with Radar,10,71,96,5,182,0,0,60,11,71,10,71,156,16,253,110,2,112,365
02/20/2003,BTR,LA,ASW,CE,Towers with Radar,11,60,81,0,152,0,0,20,0,20,11,60,101,0,172,14,0,14,186
02/21/2003,BTR,LA,ASW,CE,Towers with Radar,7,33,27,0,67,1,22,0,0,23,8,55,27,0,90,0,0,0,90
02/22/2003,BTR,LA,ASW,CE,Towers with Radar,3,42,53,3,101,0,9,0,3,12,3,51,53,6,113,0,0,0,113
02/23/2003,BTR,LA,ASW,CE,Towers with Radar,10,50,66,0,126,1,6,101,0,108,11,56,167,0,234,156,0,156,390
02/24/2003,BTR,LA,ASW,CE,Towers with Radar,12,61,77,4,154,0,1,39,0,40,12,62,116,4,194,66,0,66,260
02/25/2003,BTR,LA,ASW,CE,Towers with Radar,10,52,68,0,130,4,0,48,0,52,14,52,116,0,182,92,0,92,274
02/26/2003,BTR,LA,ASW,CE,Towers with Radar,12,55,86,0,153,2,0,20,0,22,14,55,106,0,175,0,0,0,175
02/27/2003,BTR,LA,ASW,CE,Towers with Radar,8,64,82,3,157,0,9,32,0,41,8,73,114,3,198,10,0,10,208
02/28/2003,BTR,LA,ASW,CE,Towers with Radar,9,71,95,6,181,0,0,0,2,2,9,71,95,8,183,42,0,42,225
03/01/2003,BTR,LA,ASW,CE,Towers with Radar,10,46,79,3,138,0,0,44,0,44,10,46,123,3,182,52,0,52,234
03/02/2003,BTR,LA,ASW,CE,Towers with Radar,8,47,62,4,121,3,10,69,0,82,11,57,131,4,203,96,0,96,299
03/03/2003,BTR,LA,ASW,CE,Towers with Radar,9,52,69,2,132,3,15,13,0,31,12,67,82,2,163,12,0,12,175
03/04/2003,BTR,LA,ASW,CE,Towers with Radar,10,64,85,4,163,0,2,11,1,14,10,66,96,5,177,10,0,10,187
03/05/2003,BTR,LA,ASW,CE,Towers with Radar,11,61,78,0,150,1,11,0,0,12,12,72,78,0,162,8,0,8,170
03/06/2003,BTR,LA,ASW,CE,Towers with Radar,12,67,89,4,172,0,16,18,4,38,12,83,107,8,210,0,4,4,214
03/07/2003,BTR,LA,ASW,CE,Towers with Radar,8,58,78,4,148,0,2,87,3,92,8,60,165,7,240,0,0,0,240
03/08/2003,BTR,LA,ASW,CE,Towers with Radar,9,39,71,3,122,0,0,12,1,13,9,39,83,4,135,18,4,22,157
03/09/2003,BTR,LA,ASW,CE,Towers with Radar,11,55,82,0,148,0,12,67,1,80,11,67,149,1,228,140,0,140,368
03/10/2003,BTR,LA,ASW,CE,Towers with Radar,10,55,73,4,142,1,21,94,13,129,11,76,167,17,271,78,0,78,349
03/11/2003,BTR,LA,ASW,CE,Towers with Radar,10,66,88,4,168,0,2,78,23,103,10,68,166,27,271,52,16,68,339
03/12/2003,BTR,LA,ASW,CE,Towers with Radar,9,70,94,1,174,0,0,50,0,50,9,70,144,1,224,8,0,8,232
03/13/2003,BTR,LA,ASW,CE,Towers with Radar,7,47,63,3,120,2,16,7,0,25,9,63,70,3,145,8,0,8,153
03/14/2003,BTR,LA,ASW,CE,Towers with Radar,8,62,83,0,153,0,4,41,0,45,8,66,124,0,198,40,0,40,238
03/15/2003,BTR,LA,ASW,CE,Towers with Radar,4,40,54,0,98,0,13,57,0,70,4,53,111,0,168,138,0,138,306
03/16/2003,BTR,LA,ASW,CE,Towers with Radar,8,54,70,1,133,1,5,0,0,6,9,59,70,1,139,20,0,20,159
03/17/2003,BTR,LA,ASW,CE,Towers with Radar,9,61,79,5,154,3,5,17,1,26,12,66,96,6,180,76,10,86,266
03/18/2003,BTR,LA,ASW,CE,Towers with Radar,10,60,79,5,154,1,1,102,1,105,11,61,181,6,259,144,20,164,423
03/19/2003,BTR,LA,ASW,CE,Towers with Radar,9,72,93,6,180,0,3,103,2,108,9,75,196,8,288,132,0,132,420
03/20/2003,BTR,LA,ASW,CE,Towers with Radar,11,66,86,5,168,1,7,66,3,77,12,73,152,8,245,66,18,84,329
03/21/2003,BTR,LA,ASW,CE,Towers with Radar,11,60,92,6,169,0,0,92,4,96,11,60,184,10,265,28,0,28,293
03/22/2003,BTR,LA,ASW,CE,Towers with Radar,4,39,50,3,96,0,5,67,0,72,4,44,117,3,168,54,0,54,222
03/23/2003,BTR,LA,ASW,CE,Towers with Radar,10,63,83,0,156,1,0,104,0,105,11,63,187,0,261,208,0,208,469
03/24/2003,BTR,LA,ASW,CE,Towers with Radar,9,57,74,4,144,1,12,80,0,93,10,69,154,4,237,70,0,70,307
03/25/2003,BTR,LA,ASW,CE,Towers with Radar,10,66,86,5,167,0,9,62,2,73,10,75,148,7,240,50,0,50,290
03/26/2003,BTR,LA,ASW,CE,Towers with Radar,9,61,79,2,151,2,13,29,0,44,11,74,108,2,195,88,0,88,283
03/27/2003,BTR,LA,ASW,CE,Towers with Radar,9,61,79,2,151,0,10,87,0,97,9,71,166,2,248,112,0,112,360
03/28/2003,BTR,LA,ASW,CE,Towers with Radar,11,64,84,5,164,2,11,72,8,93,13,75,156,13,257,82,2,84,341
03/29/2003,BTR,LA,ASW,CE,Towers with Radar,3,39,51,0,93,0,7,9,0,16,3,46,60,0,109,0,0,0,109
03/30/2003,BTR,LA,ASW,CE,Towers with Radar,8,49,64,4,125,2,11,73,2,88,10,60,137,6,213,84,32,116,329
03/31/2003,BTR,LA,ASW,CE,Towers with Radar,11,73,101,6,191,0,0,106,13,119,11,73,207,19,310,140,6,146,456
04/01/2003,BTR,LA,ASW,CE,Towers with Radar,10,57,83,8,158,0,6,86,1,93,10,63,169,9,251,148,2,150,401
04/02/2003,BTR,LA,ASW,CE,Towers with Radar,10,63,92,17,182,0,7,72,0,79,10,70,164,17,261,96,0,96,357
04/03/2003,BTR,LA,ASW,CE,Towers with Radar,11,59,81,1,152,0,7,72,3,82,11,66,153,4,234,132,0,132,366
04/04/2003,BTR,LA,ASW,CE,Towers with Radar,10,63,67,10,150,0,3,38,0,41,10,66,105,10,191,114,12,126,317
04/05/2003,BTR,LA,ASW,CE,Towers with Radar,6,41,35,1,83,0,4,13,0,17,6,45,48,1,100,48,0,48,148
04/06/2003,BTR,LA,ASW,CE,Towers with Radar,7,56,59,11,133,0,6,15,0,21,7,62,74,11,154,108,0,108,262
04/07/2003,BTR,LA,ASW,CE,Towers with Radar,8,61,38,0,107,0,0,2,0,2,8,61,40,0,109,0,0,0,109
04/08/2003,BTR,LA,ASW,CE,Towers with Radar,9,58,80,0,147,0,4,10,0,14,9,62,90,0,161,10,0,10,171
04/09/2003,BTR,LA,ASW,CE,Towers with Radar,0,0,0,0,0,8,58,119,3,188,8,58,119,3,188,26,2,28,216
04/10/2003,BTR,LA,ASW,CE,Towers with Radar,9,60,70,12,151,0,8,64,0,72,9,68,134,12,223,110,0,110,333
04/11/2003,BTR,LA,ASW,CE,Towers with Radar,11,48,69,9,137,0,2,97,3,102,11,50,166,12,239,84,0,84,323
04/12/2003,BTR,LA,ASW,CE,Towers with Radar,5,39,42,14,100,0,4,94,0,98,5,43,136,14,198,194,0,194,392
04/13/2003,BTR,LA,ASW,CE,Towers with Radar,8,47,53,12,120,0,8,88,2,98,8,55,141,14,218,90,0,90,308
04/14/2003,BTR,LA,ASW,CE,Towers with Radar,13,60,83,2,158,0,6,73,0,79,13,66,156,2,237,64,0,64,301
04/15/2003,BTR,LA,ASW,CE,Towers with Radar,8,54,86,12,160,0,5,88,2,95,8,59,174,14,255,138,0,138,393
04/16/2003,BTR,LA,ASW,CE,Towers with Radar,5,66,70,7,148,0,16,37,3,56,5,82,107,10,204,0,0,0,204
04/17/2003,BTR,LA,ASW,CE,Towers with Radar,7,71,92,4,174,0,12,90,0,102,7,83,182,4,276,0,0,0,276
04/18/2003,BTR,LA,ASW,CE,Towers with Radar,11,64,48,2,125,0,9,62,2,73,11,73,110,4,198,62,0,62,260
04/19/2003,BTR,LA,ASW,CE,Towers with Radar,7,44,31,0,82,0,11,23,0,34,7,55,54,0,116,110,0,110,226
04/20/2003,BTR,LA,ASW,CE,Towers with Radar,10,53,54,0,117,0,9,33,0,42,10,62,87,0,159,102,0,102,261
04/21/2003,BTR,LA,ASW,CE,Towers with Radar,10,66,76,0,152,0,7,0,0,7,10,73,76,0,159,50,0,50,209
04/22/2003,BTR,LA,ASW,CE,Towers with Radar,9,58,84,0,151,0,12,90,2,104,9,70,174,2,255,26,0,26,281
04/23/2003,BTR,LA,ASW,CE,Towers with Radar,11,55,95,4,165,0,4,78,1,83,11,59,173,5,248,90,4,94,342
04/24/2003,BTR,LA,ASW,CE,Towers with Radar,10,72,57,0,139,0,5,16,0,21,10,77,73,0,160,6,0,6,166
04/25/2003,BTR,LA,ASW,CE,Towers with Radar,8,63,79,19,169,0,6,36,8,50,8,69,115,27,219,32,14,46,265
04/26/2003,BTR,LA,ASW,CE,Towers with Radar,7,44,41,19,111,0,8,108,1,117,7,52,149,20,228,164,0,164,392
04/27/2003,BTR,LA,ASW,CE,Towers with Radar,11,54,60,8,133,0,9,98,0,107,11,63,158,8,240,148,0,148,388
04/28/2003,BTR,LA,ASW,CE,Towers with Radar,10,80,77,2,169,0,5,70,1,76,10,85,147,3,245,96,18,114,359
04/29/2003,BTR,LA,ASW,CE,Towers with Radar,10,57,92,5,164,0,7,83,2,92,10,64,175,7,256,114,2,116,372
04/30/2003,BTR,LA,ASW,CE,Towers with Radar,10,62,74,4,150,0,4,77,0,81,10,66,151,4,231,182,4,186,417
05/01/2003,BTR,LA,ASW,CE,Towers with Radar,8,68,89,7,172,0,5,48,0,53,8,73,137,7,225,20,0,20,245
05/02/2003,BTR,LA,ASW,CE,Towers with Radar,8,59,77,0,144,0,3,104,3,110,8,62,181,3,254,48,8,56,310
05/03/2003,BTR,LA,ASW,CE,Towers with Radar,5,43,39,0,87,0,17,54,0,71,5,60,93,0,158,18,0,18,176
05/04/2003,BTR,LA,ASW,CE,Towers with Radar,8,55,52,0,115,0,4,41,0,45,8,59,93,0,160,138,0,138,298
05/05/2003,BTR,LA,ASW,CE,Towers with Radar,7,60,57,2,126,0,5,45,1,51,7,65,102,3,177,110,6,116,293
05/06/2003,BTR,LA,ASW,CE,Towers with Radar,6,56,101,8,171,0,5,32,2,39,6,61,133,10,210,28,4,32,242
05/07/2003,BTR,LA,ASW,CE,Towers with Radar,8,61,96,6,171,0,7,34,4,45,8,68,130,10,216,92,0,92,308
05/08/2003,BTR,LA,ASW,CE,Towers with Radar,10,63,64,4,141,0,1,62,4,67,10,64,126,8,208,66,6,72,280
05/09/2003,BTR,LA,ASW,CE,Towers with Radar,9,60,71,22,162,0,11,59,3,73,9,71,130,25,235,6,4,10,245
05/10/2003,BTR,LA,ASW,CE,Towers with Radar,6,46,44,18,114,0,2,29,2,33,6,48,73,20,147,76,4,80,227
05/11/2003,BTR,LA,ASW,CE,Towers with Radar,5,42,56,0,103,0,5,39,0,44,5,47,95,0,147,78,0,78,225
05/12/2003,BTR,LA,ASW,CE,Towers with Radar,8,60,69,0,137,0,3,62,1,66,8,63,131,1,203,86,0,86,289
05/13/2003,BTR,LA,ASW,CE,Towers with Radar,8,60,85,3,156,0,0,59,0,59,8,60,144,3,215,112,4,116,331
05/14/2003,BTR,LA,ASW,CE,Towers with Radar,8,56,106,0,170,0,1,41,0,42,8,57,147,0,212,90,0,90,302
05/15/2003,BTR,LA,ASW,CE,Towers with Radar,7,57,88,9,161,0,0,46,0,46,7,57,134,9,207,68,0,68,275
05/16/2003,BTR,LA,ASW,CE,Towers with Radar,9,56,78,0,143,0,0,69,1,70,9,56,147,1,213,42,2,44,257
05/17/2003,BTR,LA,ASW,CE,Towers with Radar,7,56,31,2,96,0,0,19,0,19,7,56,50,2,115,40,4,44,159
05/18/2003,BTR,LA,ASW,CE,Towers with Radar,8,51,50,12,121,0,0,50,0,50,8,51,100,12,171,114,2,116,287
05/19/2003,BTR,LA,ASW,CE,Towers with Radar,9,62,73,25,169,0,1,56,0,57,9,63,129,25,226,148,8,156,382
05/20/2003,BTR,LA,ASW,CE,Towers with Radar,8,63,102,7,180,0,7,52,0,59,8,70,154,7,239,60,0,60,299
05/21/2003,BTR,LA,ASW,CE,Towers with Radar,7,60,91,0,158,0,2,31,0,33,7,62,122,0,191,46,2,48,239
05/22/2003,BTR,LA,ASW,CE,Towers with Radar,10,64,90,6,170,0,3,58,6,67,10,67,148,12,237,70,0,70,307
05/23/2003,BTR,LA,ASW,CE,Towers with Radar,6,59,65,6,136,0,0,65,7,72,6,59,130,13,208,64,0,64,272
05/24/2003,BTR,LA,ASW,CE,Towers with Radar,3,42,50,0,95,0,4,82,0,86,3,46,132,0,181,94,0,94,275
05/25/2003,BTR,LA,ASW,CE,Towers with Radar,9,43,45,0,97,0,3,47,1,51,9,46,92,1,148,70,0,70,218
05/26/2003,BTR,LA,ASW,CE,Towers with Radar,6,43,60,0,109,0,0,10,0,10,6,43,70,0,119,54,0,54,173
05/27/2003,BTR,LA,ASW,CE,Towers with Radar,12,54,90,0,156,0,6,68,0,74,12,60,158,0,230,118,0,118,348
05/28/2003,BTR,LA,ASW,CE,Towers with Radar,8,64,100,3,175,0,3,109,4,116,8,67,209,7,291,56,22,78,369
05/29/2003,BTR,LA,ASW,CE,Towers with Radar,7,62,95,4,168,0,0,88,4,92,7,62,183,8,260,70,0,70,330
05/30/2003,BTR,LA,ASW,CE,Towers with Radar,9,53,70,3,135,0,0,76,0,76,9,53,146,3,211,84,0,84,295
05/31/2003,BTR,LA,ASW,CE,Towers with Radar,6,40,53,5,104,0,2,63,0,65,6,42,116,5,169,92,16,108,277
06/01/2003,BTR,LA,ASW,CE,Towers with Radar,10,51,67,0,128,0,14,66,0,80,10,65,133,0,208,208,0,208,416
06/02/2003,BTR,LA,ASW,CE,Towers with Radar,13,69,83,0,165,0,0,45,1,46,13,69,128,1,211,28,0,28,239
06/03/2003,BTR,LA,ASW,CE,Towers with Radar,8,64,50,0,122,0,2,30,4,36,8,66,80,4,158,28,0,28,186
06/04/2003,BTR,LA,ASW,CE,Towers with Radar,9,56,64,10,139,0,0,59,5,64,9,56,123,15,203,98,4,102,305
06/05/2003,BTR,LA,ASW,CE,Towers with Radar,7,56,68,1,132,0,1,22,89,112,7,57,90,90,244,42,0,42,286
06/06/2003,BTR,LA,ASW,CE,Towers with Radar,8,59,61,2,130,0,1,36,0,37,8,60,97,2,167,54,0,54,221
06/07/2003,BTR,LA,ASW,CE,Towers with Radar,5,37,70,1,113,0,0,70,0,70,5,37,140,1,183,68,0,68,251
06/08/2003,BTR,LA,ASW,CE,Towers with Radar,8,55,48,11,122,0,0,57,0,57,8,55,105,11,179,152,0,152,331
06/09/2003,BTR,LA,ASW,CE,Towers with Radar,7,67,81,9,164,0,0,90,0,90,7,67,171,9,254,56,0,56,310
06/10/2003,BTR,LA,ASW,CE,Towers with Radar,6,52,122,13,193,0,0,63,2,65,6,52,185,15,258,36,0,36,294
06/11/2003,BTR,LA,ASW,CE,Towers with Radar,8,55,80,0,143,0,0,29,2,31,8,55,109,2,174,52,0,52,226
06/12/2003,BTR,LA,ASW,CE,Towers with Radar,9,52,73,0,134,0,0,22,0,22,9,52,95,0,156,72,0,72,228
06/13/2003,BTR,LA,ASW,CE,Towers with Radar,11,59,80,2,152,0,1,50,4,55,11,60,130,6,207,56,0,56,263
06/14/2003,BTR,LA,ASW,CE,Towers with Radar,8,41,25,0,74,0,0,0,2,2,8,41,25,2,76,126,2,128,204
06/15/2003,BTR,LA,ASW,CE,Towers with Radar,8,53,51,2,114,0,0,38,0,38,8,53,89,2,152,134,0,134,286
06/16/2003,BTR,LA,ASW,CE,Towers with Radar,7,54,68,15,144,0,0,27,2,29,7,54,95,17,173,60,12,72,245
06/17/2003,BTR,LA,ASW,CE,Towers with Radar,7,63,60,0,130,0,3,21,0,24,7,66,81,0,154,80,0,80,234
06/18/2003,BTR,LA,ASW,CE,Towers with Radar,12,50,50,2,114,0,2,37,6,45,12,52,87,8,159,74,0,74,233
06/19/2003,BTR,LA,ASW,CE,Towers with Radar,12,66,72,2,152,0,4,39,6,49,12,70,111,8,201,176,0,176,377
06/20/2003,BTR,LA,ASW,CE,Towers with Radar,8,54,68,1,131,0,0,35,0,35,8,54,103,1,166,72,0,72,238
06/21/2003,BTR,LA,ASW,CE,Towers with Radar,6,37,59,1,103,0,0,39,9,48,6,37,98,10,151,78,0,78,229
06/22/2003,BTR,LA,ASW,CE,Towers with Radar,8,46,55,3,112,0,0,65,0,65,8,46,120,3,177,128,0,128,305
06/23/2003,BTR,LA,ASW,CE,Towers with Radar,10,55,68,0,133,0,0,72,0,72,10,55,140,0,205,136,0,136,341
06/24/2003,BTR,LA,ASW,CE,Towers with Radar,9,56,88,4,157,0,3,52,3,58,9,59,140,7,215,60,4,64,279
06/25/2003,BTR,LA,ASW,CE,Towers with Radar,12,60,101,9,182,0,0,72,6,78,12,60,173,15,260,88,0,88,348
06/26/2003,BTR,LA,ASW,CE,Towers with Radar,8,61,82,1,152,0,3,49,4,56,8,64,131,5,208,100,0,100,308
06/27/2003,BTR,LA,ASW,CE,Towers with Radar,7,57,80,5,149,0,2,24,6,32,7,59,104,11,181,42,0,42,223
06/28/2003,BTR,LA,ASW,CE,Towers with Radar,5,50,67,15,137,0,0,50,1,51,5,50,117,16,188,84,0,84,272
06/29/2003,BTR,LA,ASW,CE,Towers with Radar,9,48,49,2,108,0,3,53,1,57,9,51,102,3,165,124,0,124,289
06/30/2003,BTR,LA,ASW,CE,Towers with Radar,4,53,36,0,93,0,0,2,0,2,4,53,38,0,95,0,0,0,95
07/01/2003,BTR,LA,ASW,CE,Towers with Radar,8,59,108,6,181,0,0,70,8,78,8,59,178,14,259,48,0,48,307
07/02/2003,BTR,LA,ASW,CE,Towers with Radar,7,63,73,10,153,0,1,48,0,49,7,64,121,10,202,68,8,76,278
07/03/2003,BTR,LA,ASW,CE,Towers with Radar,9,56,78,7,150,0,0,48,2,50,9,56,126,9,200,76,0,76,276
07/04/2003,BTR,LA,ASW,CE,Towers with Radar,8,32,33,1,74,0,0,25,2,27,8,32,58,3,101,70,0,70,171
07/05/2003,BTR,LA,ASW,CE,Towers with Radar,5,38,33,0,76,0,0,22,0,22,5,38,55,0,98,68,0,68,166
07/06/2003,BTR,LA,ASW,CE,Towers with Radar,8,44,84,1,137,0,0,45,0,45,8,44,129,1,182,122,0,122,304
07/07/2003,BTR,LA,ASW,CE,Towers with Radar,11,66,79,0,156,0,0,70,0,70,11,66,149,0,226,50,0,50,276
07/08/2003,BTR,LA,ASW,CE,Towers with Radar,8,59,95,10,172,0,0,61,0,61,8,59,156,10,233,106,0,106,339
07/09/2003,BTR,LA,ASW,CE,Towers with Radar,7,54,80,0,141,0,2,59,0,61,7,56,139,0,202,92,0,92,294
07/10/2003,BTR,LA,ASW,CE,Towers with Radar,7,57,75,0,139,0,0,45,2,47,7,57,120,2,186,88,0,88,274
07/11/2003,BTR,LA,ASW,CE,Towers with Radar,8,58,62,12,140,0,50,1,0,51,8,108,63,12,191,104,0,104,295
07/12/2003,BTR,LA,ASW,CE,Towers with Radar,7,41,30,0,78,0,0,58,0,58,7,41,88,0,136,110,0,110,246
07/13/2003,BTR,LA,ASW,CE,Towers with Radar,10,51,62,0,123,0,0,42,3,45,10,51,104,3,168,82,0,82,250
07/14/2003,BTR,LA,ASW,CE,Towers with Radar,10,59,66,4,139,0,0,64,9,73,10,59,130,13,212,88,0,88,300
07/15/2003,BTR,LA,ASW,CE,Towers with Radar,8,60,100,4,172,0,3,46,3,52,8,63,146,7,224,118,0,118,342
07/16/2003,BTR,LA,ASW,CE,Towers with Radar,13,65,64,4,146,0,3,61,10,74,13,68,125,14,220,124,0,124,344
07/17/2003,BTR,LA,ASW,CE,Towers with Radar,9,60,91,0,160,0,0,26,0,26,9,60,117,0,186,28,0,28,214
07/18/2003,BTR,LA,ASW,CE,Towers with Radar,7,62,43,0,112,0,1,79,1,81,7,63,122,1,193,106,0,106,299
07/19/2003,BTR,LA,ASW,CE,Towers with Radar,8,39,35,0,82,0,3,74,0,77,8,42,109,0,159,110,0,110,269
07/20/2003,BTR,LA,ASW,CE,Towers with Radar,8,51,57,10,126,0,2,57,1,60,8,53,114,11,186,128,18,146,332
07/21/2003,BTR,LA,ASW,CE,Towers with Radar,8,61,60,0,129,0,2,48,2,52,8,63,108,2,181,156,0,156,337
07/22/2003,BTR,LA,ASW,CE,Towers with Radar,12,46,64,11,133,0,0,49,4,53,12,46,113,15,186,140,0,140,326
07/23/2003,BTR,LA,ASW,CE,Towers with Radar,9,66,66,2,143,0,0,16,1,17,9,66,82,3,160,48,0,48,208
07/24/2003,BTR,LA,ASW,CE,Towers with Radar,10,72,58,2,142,0,0,77,2,79,10,72,135,4,221,96,0,96,317
07/25/2003,BTR,LA,ASW,CE,Towers with Radar,8,52,68,0,128,0,0,43,3,46,8,52,111,3,174,56,0,56,230
07/26/2003,BTR,LA,ASW,CE,Towers with Radar,8,38,50,0,96,0,0,53,2,55,8,38,103,2,151,136,0,136,287
07/27/2003,BTR,LA,ASW,CE,Towers with Radar,7,50,40,2,99,0,0,62,0,62,7,50,102,2,161,152,0,152,313
07/28/2003,BTR,LA,ASW,CE,Towers with Radar,0,60,65,8,133,0,0,59,0,59,0,60,124,8,192,58,6,64,256
07/29/2003,BTR,LA,ASW,CE,Towers with Radar,7,64,75,4,150,0,2,51,0,53,7,66,126,4,203,194,4,198,401
07/30/2003,BTR,LA,ASW,CE,Towers with Radar,8,62,64,0,134,0,0,76,2,78,8,62,140,2,212,66,0,66,278
07/31/2003,BTR,LA,ASW,CE,Towers with Radar,10,66,72,0,148,0,3,74,6,83,10,69,146,6,231,70,0,70,301
08/01/2003,BTR,LA,ASW,CE,Towers with Radar,9,55,69,0,133,0,0,59,1,60,9,55,128,1,193,50,0,50,243
08/02/2003,BTR,LA,ASW,CE,Towers with Radar,7,40,30,3,80,0,0,72,0,72,7,40,102,3,152,166,0,166,318
08/03/2003,BTR,LA,ASW,CE,Towers with Radar,10,57,76,0,143,0,0,67,210,277,10,57,143,210,420,38,0,38,458
08/04/2003,BTR,LA,ASW,CE,Towers with Radar,6,64,74,0,144,0,0,78,0,78,6,64,152,0,222,42,0,42,264
08/05/2003,BTR,LA,ASW,CE,Towers with Radar,8,68,67,0,143,0,0,61,0,61,8,68,128,0,204,90,0,90,294
08/06/2003,BTR,LA,ASW,CE,Towers with Radar,9,58,70,1,138,0,0,62,1,63,9,58,132,2,201,102,0,102,303
08/07/2003,BTR,LA,ASW,CE,Towers with Radar,9,58,102,2,171,0,0,67,2,69,9,58,169,4,240,60,2,62,302
08/08/2003,BTR,LA,ASW,CE,Towers with Radar,9,51,70,0,130,0,2,68,1,71,9,53,138,1,201,108,2,110,311
08/09/2003,BTR,LA,ASW,CE,Towers with Radar,8,40,36,12,96,0,0,66,2,68,8,40,102,14,164,86,8,94,258
08/10/2003,BTR,LA,ASW,CE,Towers with Radar,7,42,66,1,116,0,0,84,0,84,7,42,150,1,200,140,12,152,352
08/11/2003,BTR,LA,ASW,CE,Towers with Radar,8,59,81,0,148,0,0,70,0,70,8,59,151,0,218,102,0,102,320
08/12/2003,BTR,LA,ASW,CE,Towers with Radar,7,64,102,0,173,0,0,22,1,23,7,64,124,1,196,82,0,82,278
08/13/2003,BTR,LA,ASW,CE,Towers with Radar,9,60,105,0,174,0,0,49,0,49,9,60,154,0,223,30,0,30,253
08/14/2003,BTR,LA,ASW,CE,Towers with Radar,7,59,94,10,170,0,0,69,1,70,7,59,163,11,240,154,2,156,396
08/15/2003,BTR,LA,ASW,CE,Towers with Radar,10,56,52,3,121,0,1,54,1,56,10,57,106,4,177,32,0,32,209
08/16/2003,BTR,LA,ASW,CE,Towers with Radar,8,44,38,4,94,0,1,87,4,92,8,45,125,8,186,130,6,136,322
08/17/2003,BTR,LA,ASW,CE,Towers with Radar,7,42,82,0,131,0,0,52,0,52,7,42,134,0,183,126,0,126,309
08/18/2003,BTR,LA,ASW,CE,Towers with Radar,9,58,73,7,147,0,0,77,0,77,9,58,150,7,224,52,0,52,276
08/19/2003,BTR,LA,ASW,CE,Towers with Radar,7,61,81,1,150,0,0,81,0,81,7,61,162,1,231,46,0,46,277
08/20/2003,BTR,LA,ASW,CE,Towers with Radar,8,66,80,0,154,0,0,66,6,72,8,66,146,6,226,124,0,124,350
08/21/2003,BTR,LA,ASW,CE,Towers with Radar,10,61,71,0,142,0,0,47,0,47,10,61,118,0,189,54,2,56,245
08/22/2003,BTR,LA,ASW,CE,Towers with Radar,9,56,61,6,132,0,3,63,1,67,9,59,124,7,199,142,12,154,353
08/23/2003,BTR,LA,ASW,CE,Towers with Radar,6,38,19,4,67,0,2,74,0,76,6,40,93,4,143,120,0,120,263
08/24/2003,BTR,LA,ASW,CE,Towers with Radar,8,49,66,0,123,0,0,82,4,86,8,49,148,4,209,162,0,162,371
08/25/2003,BTR,LA,ASW,CE,Towers with Radar,9,66,76,1,152,0,0,72,2,74,9,66,148,3,226,150,0,150,376
08/26/2003,BTR,LA,ASW,CE,Towers with Radar,8,53,93,0,154,0,0,56,3,59,8,53,149,3,213,62,0,62,275
08/27/2003,BTR,LA,ASW,CE,Towers with Radar,8,66,92,2,168,0,1,66,1,68,8,67,158,3,236,124,10,134,370
08/28/2003,BTR,LA,ASW,CE,Towers with Radar,10,60,55,3,128,0,0,68,0,68,10,60,123,3,196,132,12,144,340
08/29/2003,BTR,LA,ASW,CE,Towers with Radar,7,55,71,7,140,0,0,75,2,77,7,55,146,9,217,92,0,92,309
08/30/2003,BTR,LA,ASW,CE,Towers with Radar,7,37,46,2,92,0,0,0,0,0,7,37,46,2,92,42,0,42,134
08/31/2003,BTR,LA,ASW,CE,Towers with Radar,7,34,50,0,91,0,2,34,0,36,7,36,84,0,127,54,0,54,181
09/01/2003,BTR,LA,ASW,CE,Towers with Radar,6,54,34,0,94,0,0,43,0,43,6,54,77,0,137,126,0,126,263
09/02/2003,BTR,LA,ASW,CE,Towers with Radar,9,64,80,4,157,0,0,57,1,58,9,64,137,5,215,74,4,78,293
09/03/2003,BTR,LA,ASW,CE,Towers with Radar,7,60,86,8,161,0,0,92,0,92,7,60,178,8,253,36,6,42,295
09/04/2003,BTR,LA,ASW,CE,Towers with Radar,10,63,91,4,168,0,0,56,2,58,10,63,147,6,226,80,0,80,306
09/05/2003,BTR,LA,ASW,CE,Towers with Radar,11,53,74,3,141,0,0,109,0,109,11,53,183,3,250,50,0,50,300
09/06/2003,BTR,LA,ASW,CE,Towers with Radar,7,37,73,0,117,0,0,135,1,136,7,37,208,1,253,186,0,186,439
09/07/2003,BTR,LA,ASW,CE,Towers with Radar,12,51,108,2,173,0,0,56,0,56,12,51,164,2,229,70,0,70,299
09/08/2003,BTR,LA,ASW,CE,Towers with Radar,7,56,59,30,152,0,0,72,2,74,7,56,131,32,226,84,6,90,316
09/09/2003,BTR,LA,ASW,CE,Towers with Radar,10,63,100,0,173,0,3,64,2,69,10,66,164,2,242,112,0,112,354
09/10/2003,BTR,LA,ASW,CE,Towers with Radar,10,64,100,3,177,0,1,74,0,75,10,65,174,3,252,132,0,132,384
09/11/2003,BTR,LA,ASW,CE,Towers with Radar,12,58,75,4,149,0,0,37,2,39,12,58,112,6,188,32,8,40,228
09/12/2003,BTR,LA,ASW,CE,Towers with Radar,8,61,55,1,125,0,1,25,0,26,8,62,80,1,151,54,0,54,205
09/13/2003,BTR,LA,ASW,CE,Towers with Radar,7,36,58,7,108,0,1,37,0,38,7,37,95,7,146,54,0,54,200
09/14/2003,BTR,LA,ASW,CE,Towers with Radar,14,44,86,11,155,0,0,69,0,69,14,44,155,11,224,88,0,88,312
09/15/2003,BTR,LA,ASW,CE,Towers with Radar,8,66,73,11,158,0,0,99,0,99,8,66,172,11,257,58,0,58,315
09/16/2003,BTR,LA,ASW,CE,Towers with Radar,7,60,93,3,163,0,0,96,3,99,7,60,189,6,262,70,10,80,342
09/17/2003,BTR,LA,ASW,CE,Towers with Radar,10,51,108,2,171,0,0,118,3,121,10,51,226,5,292,156,0,156,448
09/18/2003,BTR,LA,ASW,CE,Towers with Radar,7,69,102,1,179,0,0,129,2,131,7,69,231,3,310,146,0,146,456
09/19/2003,BTR,LA,ASW,CE,Towers with Radar,8,57,73,3,141,0,3,80,2,85,8,60,153,5,226,78,0,78,304
09/20/2003,BTR,LA,ASW,CE,Towers with Radar,8,50,118,1,177,0,0,96,1,97,8,50,214,2,274,84,4,88,362
09/21/2003,BTR,LA,ASW,CE,Towers with Radar,8,48,91,0,147,0,0,39,0,39,8,48,130,0,186,14,0,14,200
09/22/2003,BTR,LA,ASW,CE,Towers with Radar,8,61,98,11,178,0,0,43,0,43,8,61,141,11,221,120,2,122,343
09/23/2003,BTR,LA,ASW,CE,Towers with Radar,10,38,90,12,150,0,2,108,1,111,10,40,198,13,261,138,0,138,399
09/24/2003,BTR,LA,ASW,CE,Towers with Radar,10,61,65,6,142,0,0,87,2,89,10,61,152,8,231,94,10,104,335
09/25/2003,BTR,LA,ASW,CE,Towers with Radar,9,61,77,0,147,0,0,103,10,113,9,61,180,10,260,90,0,90,350
09/26/2003,BTR,LA,ASW,CE,Towers with Radar,7,63,69,5,144,0,0,71,0,71,7,63,140,5,215,90,4,94,309
09/27/2003,BTR,LA,ASW,CE,Towers with Radar,9,39,71,4,123,0,0,42,0,42,9,39,113,4,165,112,0,112,277
09/28/2003,BTR,LA,ASW,CE,Towers with Radar,6,55,47,5,113,0,0,94,0,94,6,55,141,5,207,82,4,86,293
09/29/2003,BTR,LA,ASW,CE,Towers with Radar,10,50,75,1,136,0,0,91,0,91,10,50,166,1,227,138,0,138,365
09/30/2003,BTR,LA,ASW,CE,Towers with Radar,14,57,92,7,170,0,0,101,0,101,14,57,193,7,271,138,0,138,409
10/01/2003,BTR,LA,ASW,CE,Towers with Radar,8,64,86,19,177,0,0,65,2,67,8,64,151,21,244,110,2,112,356
10/02/2003,BTR,LA,ASW,CE,Towers with Radar,8,63,93,2,166,0,0,87,2,89,8,63,180,4,255,106,0,106,361
10/03/2003,BTR,LA,ASW,CE,Towers with Radar,7,60,64,11,142,0,0,63,2,65,7,60,127,13,207,74,0,74,281
10/04/2003,BTR,LA,ASW,CE,Towers with Radar,10,37,45,4,96,0,0,71,0,71,10,37,116,4,167,62,0,62,229
10/05/2003,BTR,LA,ASW,CE,Towers with Radar,7,48,58,0,113,0,0,70,0,70,7,48,128,0,183,58,0,58,241
10/06/2003,BTR,LA,ASW,CE,Towers with Radar,7,56,62,0,125,0,0,36,0,36,7,56,98,0,161,62,0,62,223
10/07/2003,BTR,LA,ASW,CE,Towers with Radar,10,69,75,2,156,0,8,38,3,49,10,77,113,5,205,106,0,106,311
10/08/2003,BTR,LA,ASW,CE,Towers with Radar,10,61,76,3,150,0,0,23,0,23,10,61,99,3,173,84,3,87,260
10/09/2003,BTR,LA,ASW,CE,Towers with Radar,8,58,95,1,162,0,0,11,1,12,8,58,106,2,174,60,0,60,234
10/10/2003,BTR,LA,ASW,CE,Towers with Radar,9,58,83,0,150,0,0,0,0,0,9,58,83,0,150,22,0,22,172
10/11/2003,BTR,LA,ASW,CE,Towers with Radar,9,40,92,0,141,0,4,17,0,21,9,44,109,0,162,76,0,76,238
10/12/2003,BTR,LA,ASW,CE,Towers with Radar,9,46,73,2,130,0,0,103,0,103,9,46,176,2,233,128,0,128,361
10/13/2003,BTR,LA,ASW,CE,Towers with Radar,9,61,70,4,144,0,0,69,0,69,9,61,139,4,213,54,0,54,267
10/14/2003,BTR,LA,ASW,CE,Towers with Radar,8,60,76,0,144,0,0,55,1,56,8,60,131,1,200,60,0,60,260
10/15/2003,BTR,LA,ASW,CE,Towers with Radar,8,59,95,10,172,0,0,98,0,98,8,59,193,10,270,64,2,66,336
10/16/2003,BTR,LA,ASW,CE,Towers with Radar,17,61,66,5,149,0,2,116,1,119,17,63,182,6,268,78,0,78,346
10/17/2003,BTR,LA,ASW,CE,Towers with Radar,9,62,69,5,145,0,3,62,0,65,9,65,131,5,210,50,8,58,268
10/18/2003,BTR,LA,ASW,CE,Towers with Radar,9,37,69,3,118,3,0,49,0,52,12,37,118,3,170,90,0,90,260
10/19/2003,BTR,LA,ASW,CE,Towers with Radar,9,52,89,1,151,0,0,111,2,113,9,52,200,3,264,162,0,162,426
10/20/2003,BTR,LA,ASW,CE,Towers with Radar,8,70,98,8,184,0,1,83,0,84,8,71,181,8,268,98,6,104,372
10/21/2003,BTR,LA,ASW,CE,Towers with Radar,8,64,91,3,166,0,0,114,0,114,8,64,205,3,280,104,0,104,384
10/22/2003,BTR,LA,ASW,CE,Towers with Radar,7,63,83,6,159,0,0,79,2,81,7,63,162,8,240,128,4,132,372
10/23/2003,BTR,LA,ASW,CE,Towers with Radar,9,65,80,8,162,0,0,72,2,74,9,65,152,10,236,50,0,50,286
10/24/2003,BTR,LA,ASW,CE,Towers with Radar,16,51,113,2,182,0,4,78,2,84,16,55,191,4,266,54,14,68,334
10/25/2003,BTR,LA,ASW,CE,Towers with Radar,8,43,82,0,133,0,0,47,0,47,8,43,129,0,180,92,0,92,272
10/26/2003,BTR,LA,ASW,CE,Towers with Radar,11,56,116,1,184,0,0,22,0,22,11,56,138,1,206,36,0,36,242
10/27/2003,BTR,LA,ASW,CE,Towers with Radar,11,63,110,2,186,0,0,57,0,57,11,63,167,2,243,74,0,74,317
10/28/2003,BTR,LA,ASW,CE,Towers with Radar,10,52,58,19,139,0,5,56,4,65,10,57,114,23,204,52,0,52,256
10/29/2003,BTR,LA,ASW,CE,Towers with Radar,9,62,95,7,173,0,0,103,0,103,9,62,198,7,276,88,8,96,372
10/30/2003,BTR,LA,ASW,CE,Towers with Radar,8,62,99,0,169,0,0,58,0,58,8,62,157,0,227,48,0,48,275
10/31/2003,BTR,LA,ASW,CE,Towers with Radar,9,62,82,2,155,0,2,47,1,50,9,64,129,3,205,32,0,32,237
11/01/2003,BTR,LA,ASW,CE,Towers with Radar,9,44,108,4,165,0,0,104,0,104,9,44,212,4,269,70,12,82,351
11/02/2003,BTR,LA,ASW,CE,Towers with Radar,7,49,74,0,130,0,0,90,0,90,7,49,164,0,220,96,0,96,316
11/03/2003,BTR,LA,ASW,CE,Towers with Radar,8,69,94,4,175,0,1,82,0,83,8,70,176,4,258,118,6,124,382
11/04/2003,BTR,LA,ASW,CE,Towers with Radar,9,59,75,1,144,0,1,41,1,43,9,60,116,2,187,58,6,64,251
11/05/2003,BTR,LA,ASW,CE,Towers with Radar,8,59,59,0,126,0,0,62,1,63,8,59,121,1,189,58,0,58,247
11/06/2003,BTR,LA,ASW,CE,Towers with Radar,7,57,89,1,154,0,6,31,8,45,7,63,120,9,199,42,2,44,243
11/07/2003,BTR,LA,ASW,CE,Towers with Radar,8,63,83,2,156,0,0,20,0,20,8,63,103,2,176,40,6,46,222
11/08/2003,BTR,LA,ASW,CE,Towers with Radar,7,41,90,12,150,0,1,57,2,60,7,42,147,14,210,126,0,126,336
11/09/2003,BTR,LA,ASW,CE,Towers with Radar,12,49,66,12,139,0,0,94,0,94,12,49,160,12,233,126,0,126,359
11/10/2003,BTR,LA,ASW,CE,Towers with Radar,9,62,100,5,176,0,0,23,1,24,9,62,123,6,200,102,0,102,302
11/11/2003,BTR,LA,ASW,CE,Towers with Radar,8,52,76,0,136,0,7,50,8,65,8,59,126,8,201,84,0,84,285
11/12/2003,BTR,LA,ASW,CE,Towers with Radar,8,60,81,3,152,0,0,41,3,44,8,60,122,6,196,42,22,64,260
11/13/2003,BTR,LA,ASW,CE,Towers with Radar,7,59,50,0,116,0,0,46,1,47,7,59,96,1,163,48,0,48,211
11/14/2003,BTR,LA,ASW,CE,Towers with Radar,10,64,75,1,150,0,0,103,0,103,10,64,178,1,253,40,0,40,293
11/15/2003,BTR,LA,ASW,CE,Towers with Radar,7,43,45,0,95,0,0,66,1,67,7,43,111,1,162,58,0,58,220
11/16/2003,BTR,LA,ASW,CE,Towers with Radar,8,51,80,0,139,0,0,34,0,34,8,51,114,0,173,88,0,88,261
11/17/2003,BTR,LA,ASW,CE,Towers with Radar,13,67,62,6,148,0,0,8,0,8,13,67,70,6,156,64,4,68,224
11/18/2003,BTR,LA,ASW,CE,Towers with Radar,9,67,65,9,150,0,0,14,0,14,9,67,79,9,164,32,0,32,196
11/19/2003,BTR,LA,ASW,CE,Towers with Radar,6,65,76,0,147,0,0,58,1,59,6,65,134,1,206,52,0,52,258
11/20/2003,BTR,LA,ASW,CE,Towers with Radar,7,61,81,1,150,0,0,111,3,114,7,61,192,4,264,80,0,80,344
11/21/2003,BTR,LA,ASW,CE,Towers with Radar,9,59,89,0,157,0,2,81,3,86,9,61,170,3,243,48,0,48,291
11/22/2003,BTR,LA,ASW,CE,Towers with Radar,9,57,91,4,161,0,0,90,0,90,9,57,181,4,251,28,0,28,279
11/23/2003,BTR,LA,ASW,CE,Towers with Radar,9,50,66,0,125,0,0,46,0,46,9,50,112,0,171,70,0,70,241
11/24/2003,BTR,LA,ASW,CE,Towers with Radar,9,53,67,2,131,0,0,60,0,60,9,53,127,2,191,54,10,64,255
11/25/2003,BTR,LA,ASW,CE,Towers with Radar,8,59,75,19,161,0,0,49,2,51,8,59,124,21,212,54,18,72,284
11/26/2003,BTR,LA,ASW,CE,Towers with Radar,8,63,81,0,152,0,1,56,0,57,8,64,137,0,209,122,0,122,331
11/27/2003,BTR,LA,ASW,CE,Towers with Radar,6,45,8,0,59,0,0,2,0,2,6,45,10,0,61,4,0,4,65
11/28/2003,BTR,LA,ASW,CE,Towers with Radar,17,44,112,0,173,0,0,62,0,62,17,44,174,0,235,28,0,28,263
11/29/2003,BTR,LA,ASW,CE,Towers with Radar,7,44,29,0,80,0,0,102,0,102,7,44,131,0,182,56,0,56,238
11/30/2003,BTR,LA,ASW,CE,Towers with Radar,9,51,113,0,173,0,0,112,3,115,9,51,225,3,288,126,0,126,414
12/01/2003,BTR,LA,ASW,CE,Towers with Radar,9,66,74,12,161,0,0,79,3,82,9,66,153,15,243,86,26,112,355
12/02/2003,BTR,LA,ASW,CE,Towers with Radar,8,71,72,0,151,0,0,78,0,78,8,71,150,0,229,90,0,90,319
12/03/2003,BTR,LA,ASW,CE,Towers with Radar,7,70,90,0,167,0,0,48,0,48,7,70,138,0,215,136,0,136,351
12/04/2003,BTR,LA,ASW,CE,Towers with Radar,5,71,98,2,176,0,2,12,3,17,5,73,110,5,193,38,0,38,231
12/05/2003,BTR,LA,ASW,CE,Towers with Radar,9,56,100,2,167,0,0,68,1,69,9,56,168,3,236,70,0,70,306
12/06/2003,BTR,LA,ASW,CE,Towers with Radar,7,49,97,6,159,0,0,64,2,66,7,49,161,8,225,160,0,160,385
12/07/2003,BTR,LA,ASW,CE,Towers with Radar,18,45,73,5,141,0,1,94,1,96,18,46,167,6,237,88,0,88,325
12/08/2003,BTR,LA,ASW,CE,Towers with Radar,10,69,101,13,193,0,0,55,1,56,10,69,156,14,249,68,12,80,329
12/09/2003,BTR,LA,ASW,CE,Towers with Radar,7,59,67,1,134,0,0,24,0,24,7,59,91,1,158,56,0,56,214
12/10/2003,BTR,LA,ASW,CE,Towers with Radar,9,58,75,1,143,0,0,39,1,40,9,58,114,2,183,74,28,102,285
12/11/2003,BTR,LA,ASW,CE,Towers with Radar,18,58,73,3,152,0,0,91,1,92,18,58,164,4,244,56,6,62,306
12/12/2003,BTR,LA,ASW,CE,Towers with Radar,12,65,58,0,135,0,0,54,0,54,12,65,112,0,189,82,0,82,271
12/13/2003,BTR,LA,ASW,CE,Towers with Radar,8,42,34,0,84,0,0,0,0,0,8,42,34,0,84,0,0,0,84
12/14/2003,BTR,LA,ASW,CE,Towers with Radar,7,53,60,1,121,0,0,53,0,53,7,53,113,1,174,74,0,74,248
12/15/2003,BTR,LA,ASW,CE,Towers with Radar,9,61,86,0,156,0,0,69,0,69,9,61,155,0,225,116,2,118,343
12/16/2003,BTR,LA,ASW,CE,Towers with Radar,8,56,64,0,128,0,0,37,0,37,8,56,101,0,165,88,0,88,253
12/17/2003,BTR,LA,ASW,CE,Towers with Radar,6,64,82,4,156,0,0,91,0,91,6,64,173,4,247,110,0,110,357
12/18/2003,BTR,LA,ASW,CE,Towers with Radar,7,56,58,7,128,0,6,82,0,88,7,62,140,7,216,118,0,118,334
12/19/2003,BTR,LA,ASW,CE,Towers with Radar,20,45,55,3,123,0,0,73,2,75,20,45,128,5,198,32,2,34,232
12/20/2003,BTR,LA,ASW,CE,Towers with Radar,7,42,39,0,88,0,0,99,0,99,7,42,138,0,187,108,0,108,295
12/21/2003,BTR,LA,ASW,CE,Towers with Radar,7,51,65,0,123,0,0,67,0,67,7,51,132,0,190,116,0,116,306
12/22/2003,BTR,LA,ASW,CE,Towers with Radar,8,57,68,16,149,0,0,75,0,75,8,57,143,16,224,96,14,110,334
12/23/2003,BTR,LA,ASW,CE,Towers with Radar,8,61,86,0,155,0,0,14,0,14,8,61,100,0,169,10,0,10,179
12/24/2003,BTR,LA,ASW,CE,Towers with Radar,0,0,0,0,0,0,0,0,0,0,0,0,0,0,0,0,0,0,0
12/25/2003,BTR,LA,ASW,CE,Towers with Radar,3,43,12,0,58,0,6,18,0,24,3,49,30,0,82,0,0,0,82
12/26/2003,BTR,LA,ASW,CE,Towers with Radar,2,62,53,1,118,0,0,76,0,76,2,62,129,1,194,84,0,84,278
12/27/2003,BTR,LA,ASW,CE,Towers with Radar,3,37,57,1,98,0,0,60,1,61,3,37,117,2,159,96,0,96,255
12/28/2003,BTR,LA,ASW,CE,Towers with Radar,7,48,90,0,145,0,0,46,0,46,7,48,136,0,191,80,0,80,271
12/29/2003,BTR,LA,ASW,CE,Towers with Radar,9,66,87,0,162,0,0,9,0,9,9,66,96,0,171,22,0,22,193
12/30/2003,BTR,LA,ASW,CE,Towers with Radar,7,62,44,0,113,0,0,102,0,102,7,62,146,0,215,90,0,90,305
12/31/2003,BTR,LA,ASW,CE,Towers with Radar,3,56,41,2,102,0,0,70,0,70,3,56,111,2,172,52,4,56,228
01/01/2004,BTR,LA,ASW,CE,Towers with Radar,2,44,16,0,62,0,0,22,1,23,2,44,38,1,85,34,0,34,119
01/02/2004,BTR,LA,ASW,CE,Towers with Radar,6,51,52,0,109,0,0,14,0,14,6,51,66,0,123,26,0,26,149
01/03/2004,BTR,LA,ASW,CE,Towers with Radar,2,43,78,2,125,0,0,50,0,50,2,43,128,2,175,62,0,62,237
01/04/2004,BTR,LA,ASW,CE,Towers with Radar,5,45,57,0,107,0,0,29,0,29,5,45,86,0,136,106,0,106,242
01/05/2004,BTR,LA,ASW,CE,Towers with Radar,12,69,70,0,151,0,0,6,0,6,12,69,76,0,157,0,0,0,157
01/06/2004,BTR,LA,ASW,CE,Towers with Radar,8,64,88,10,170,0,0,73,0,73,8,64,161,10,243,64,8,72,315
01/07/2004,BTR,LA,ASW,CE,Towers with Radar,9,55,55,0,119,0,0,69,1,70,9,55,124,1,189,46,0,46,235
01/08/2004,BTR,LA,ASW,CE,Towers with Radar,10,54,69,6,139,0,0,9,0,9,10,54,78,6,148,0,0,0,148
01/09/2004,BTR,LA,ASW,CE,Towers with Radar,11,58,63,3,135,0,0,19,2,21,11,58,82,5,156,64,4,68,224
01/10/2004,BTR,LA,ASW,CE,Towers with Radar,9,35,29,18,91,0,0,77,4,81,9,35,106,22,172,102,10,112,284
01/11/2004,BTR,LA,ASW,CE,Towers with Radar,8,47,90,10,155,0,0,97,2,99,8,47,187,12,254,180,12,192,446
01/12/2004,BTR,LA,ASW,CE,Towers with Radar,11,55,52,2,120,0,0,67,0,67,11,55,119,2,187,58,0,58,245
01/13/2004,BTR,LA,ASW,CE,Towers with Radar,11,58,80,8,157,0,0,72,0,72,11,58,152,8,229,48,24,72,301
01/14/2004,BTR,LA,ASW,CE,Towers with Radar,10,56,74,8,148,0,0,62,0,62,10,56,136,8,210,86,0,86,296
01/15/2004,BTR,LA,ASW,CE,Towers with Radar,11,61,77,6,155,0,0,39,0,39,11,61,116,6,194,38,16,54,248
01/16/2004,BTR,LA,ASW,CE,Towers with Radar,0,0,0,0,0,0,0,0,0,0,0,0,0,0,0,0,0,0,0
01/17/2004,BTR,LA,ASW,CE,Towers with Radar,0,0,0,0,0,0,0,0,0,0,0,0,0,0,0,0,0,0,0
01/18/2004,BTR,LA,ASW,CE,Towers with Radar,0,0,0,0,0,0,0,0,0,0,0,0,0,0,0,0,0,0,0
01/19/2004,BTR,LA,ASW,CE,Towers with Radar,0,0,0,0,0,0,0,0,0,0,0,0,0,0,0,0,0,0,0
01/20/2004,BTR,LA,ASW,CE,Towers with Radar,0,0,0,0,0,0,0,0,0,0,0,0,0,0,0,0,0,0,0
01/21/2004,BTR,LA,ASW,CE,Towers with Radar,0,0,0,0,0,0,0,0,0,0,0,0,0,0,0,0,0,0,0
01/22/2004,BTR,LA,ASW,CE,Towers with Radar,0,0,0,0,0,0,0,0,0,0,0,0,0,0,0,0,0,0,0
01/23/2004,BTR,LA,ASW,CE,Towers with Radar,0,0,0,0,0,0,0,0,0,0,0,0,0,0,0,0,0,0,0
01/24/2004,BTR,LA,ASW,CE,Towers with Radar,0,0,0,0,0,0,0,0,0,0,0,0,0,0,0,0,0,0,0
01/25/2004,BTR,LA,ASW,CE,Towers with Radar,0,0,0,0,0,0,0,0,0,0,0,0,0,0,0,0,0,0,0
01/26/2004,BTR,LA,ASW,CE,Towers with Radar,0,0,0,0,0,0,0,0,0,0,0,0,0,0,0,0,0,0,0
01/27/2004,BTR,LA,ASW,CE,Towers with Radar,0,0,0,0,0,0,0,0,0,0,0,0,0,0,0,0,0,0,0
01/28/2004,BTR,LA,ASW,CE,Towers with Radar,0,0,0,0,0,0,0,0,0,0,0,0,0,0,0,0,0,0,0
01/29/2004,BTR,LA,ASW,CE,Towers with Radar,0,0,0,0,0,0,0,0,0,0,0,0,0,0,0,0,0,0,0
01/30/2004,BTR,LA,ASW,CE,Towers with Radar,0,0,0,0,0,0,0,0,0,0,0,0,0,0,0,0,0,0,0
01/31/2004,BTR,LA,ASW,CE,Towers with Radar,0,0,0,0,0,0,0,0,0,0,0,0,0,0,0,0,0,0,0
02/01/2004,BTR,LA,ASW,CE,Towers with Radar,0,0,38,0,38,8,43,65,2,118,8,43,103,2,156,118,0,118,274
02/02/2004,BTR,LA,ASW,CE,Towers with Radar,0,1,47,2,50,10,59,71,6,146,10,60,118,8,196,18,0,18,214
02/03/2004,BTR,LA,ASW,CE,Towers with Radar,0,2,95,1,98,10,57,71,2,140,10,59,166,3,238,48,0,48,286
02/04/2004,BTR,LA,ASW,CE,Towers with Radar,0,0,20,0,20,10,56,81,8,155,10,56,101,8,175,66,8,74,249
02/05/2004,BTR,LA,ASW,CE,Towers with Radar,0,0,0,0,0,8,68,37,0,113,8,68,37,0,113,0,0,0,113
02/06/2004,BTR,LA,ASW,CE,Towers with Radar,0,0,27,1,28,11,54,68,4,137,11,54,95,5,165,32,0,32,197
02/07/2004,BTR,LA,ASW,CE,Towers with Radar,0,0,88,1,89,10,40,25,5,80,10,40,113,6,169,128,0,128,297
02/08/2004,BTR,LA,ASW,CE,Towers with Radar,0,1,92,2,95,9,48,84,10,151,9,49,176,12,246,144,0,144,390
02/09/2004,BTR,LA,ASW,CE,Towers with Radar,0,6,74,2,82,11,61,74,5,151,11,67,148,7,233,120,0,120,353
02/10/2004,BTR,LA,ASW,CE,Towers with Radar,0,0,0,0,0,9,48,71,0,128,9,48,71,0,128,0,0,0,128
02/11/2004,BTR,LA,ASW,CE,Towers with Radar,0,0,0,0,0,15,59,70,0,144,15,59,70,0,144,0,0,0,144
02/12/2004,BTR,LA,ASW,CE,Towers with Radar,0,2,3,0,5,7,83,63,8,161,7,85,66,8,166,0,0,0,166
02/13/2004,BTR,LA,ASW,CE,Towers with Radar,0,1,19,2,22,8,60,71,0,139,8,61,90,2,161,68,0,68,229
02/14/2004,BTR,LA,ASW,CE,Towers with Radar,0,0,0,0,0,11,42,33,10,96,11,42,33,10,96,0,0,0,96
02/15/2004,BTR,LA,ASW,CE,Towers with Radar,0,1,55,0,56,10,48,76,2,136,10,49,131,2,192,82,0,82,274
02/16/2004,BTR,LA,ASW,CE,Towers with Radar,0,0,57,0,57,10,53,91,0,154,10,53,148,0,211,172,0,172,383
02/17/2004,BTR,LA,ASW,CE,Towers with Radar,0,0,42,0,42,8,60,70,7,145,8,60,112,7,187,82,0,82,269
02/18/2004,BTR,LA,ASW,CE,Towers with Radar,0,0,91,0,91,12,59,115,2,188,12,59,206,2,279,134,2,136,415
02/19/2004,BTR,LA,ASW,CE,Towers with Radar,0,0,103,3,106,10,56,60,7,133,10,56,163,10,239,94,0,94,333
02/20/2004,BTR,LA,ASW,CE,Towers with Radar,0,0,61,4,65,12,62,97,8,179,12,62,158,12,244,112,10,122,366
02/21/2004,BTR,LA,ASW,CE,Towers with Radar,0,0,85,1,86,13,42,64,11,130,13,42,149,12,216,106,8,114,330
02/22/2004,BTR,LA,ASW,CE,Towers with Radar,0,0,39,1,40,10,60,0,1,71,10,60,39,2,111,0,0,0,111
02/23/2004,BTR,LA,ASW,CE,Towers with Radar,0,0,2,0,2,10,60,37,2,109,10,60,39,2,111,0,0,0,111
02/24/2004,BTR,LA,ASW,CE,Towers with Radar,0,0,0,0,0,8,72,54,0,134,8,72,54,0,134,0,0,0,134
02/25/2004,BTR,LA,ASW,CE,Towers with Radar,0,0,5,0,5,10,58,71,7,146,10,58,76,7,151,52,0,52,203
02/26/2004,BTR,LA,ASW,CE,Towers with Radar,0,0,12,1,13,5,64,120,1,190,5,64,132,2,203,14,0,14,217
02/27/2004,BTR,LA,ASW,CE,Towers with Radar,0,0,89,1,90,10,51,79,8,148,10,51,168,9,238,14,0,14,252
02/28/2004,BTR,LA,ASW,CE,Towers with Radar,0,0,70,1,71,11,42,83,1,137,11,42,153,2,208,78,0,78,286
02/29/2004,BTR,LA,ASW,CE,Towers with Radar,0,0,36,0,36,10,52,51,0,113,10,52,87,0,149,62,0,62,211
03/01/2004,BTR,LA,ASW,CE,Towers with Radar,10,55,84,3,152,0,0,36,0,36,10,55,120,3,188,68,0,68,256
03/02/2004,BTR,LA,ASW,CE,Towers with Radar,10,57,107,4,178,0,0,66,0,66,10,57,173,4,244,76,0,76,320
03/03/2004,BTR,LA,ASW,CE,Towers with Radar,11,69,76,6,162,0,0,31,0,31,11,69,107,6,193,48,0,48,241
03/04/2004,BTR,LA,ASW,CE,Towers with Radar,13,46,63,3,125,0,0,13,1,14,13,46,76,4,139,36,6,42,181
03/05/2004,BTR,LA,ASW,CE,Towers with Radar,11,60,99,5,175,0,0,5,1,6,11,60,104,6,181,6,0,6,187
03/06/2004,BTR,LA,ASW,CE,Towers with Radar,9,36,60,1,106,0,0,86,0,86,9,36,146,1,192,78,0,78,270
03/07/2004,BTR,LA,ASW,CE,Towers with Radar,13,42,70,5,130,0,0,103,0,103,13,42,173,5,233,110,2,112,345
03/08/2004,BTR,LA,ASW,CE,Towers with Radar,10,54,122,0,186,0,2,102,2,106,10,56,224,2,292,96,0,96,388
03/09/2004,BTR,LA,ASW,CE,Towers with Radar,10,52,77,6,145,0,1,90,3,94,10,53,167,9,239,100,18,118,357
03/10/2004,BTR,LA,ASW,CE,Towers with Radar,10,58,70,7,145,0,0,78,6,84,10,58,148,13,229,32,0,32,261
03/11/2004,BTR,LA,ASW,CE,Towers with Radar,12,57,70,5,144,0,0,77,5,82,12,57,147,10,226,34,6,40,266
03/12/2004,BTR,LA,ASW,CE,Towers with Radar,6,54,62,16,138,0,0,95,6,101,6,54,157,22,239,62,10,72,311
03/13/2004,BTR,LA,ASW,CE,Towers with Radar,9,34,71,2,116,0,0,79,0,79,9,34,150,2,195,102,0,102,297
03/14/2004,BTR,LA,ASW,CE,Towers with Radar,9,46,48,0,103,0,0,20,0,20,9,46,68,0,123,40,0,40,163
03/15/2004,BTR,LA,ASW,CE,Towers with Radar,10,56,111,12,189,0,1,5,0,6,10,57,116,12,195,8,0,8,203
03/16/2004,BTR,LA,ASW,CE,Towers with Radar,10,51,73,3,137,0,0,60,2,62,10,51,133,5,199,107,4,111,310
03/17/2004,BTR,LA,ASW,CE,Towers with Radar,10,57,87,10,164,0,0,99,1,100,10,57,186,11,264,66,0,66,330
03/18/2004,BTR,LA,ASW,CE,Towers with Radar,12,55,69,4,140,0,2,58,3,63,12,57,127,7,203,16,0,16,219
03/19/2004,BTR,LA,ASW,CE,Towers with Radar,12,76,89,7,184,0,0,66,1,67,12,76,155,8,251,80,8,88,339
03/20/2004,BTR,LA,ASW,CE,Towers with Radar,11,37,55,1,104,0,1,85,0,86,11,38,140,1,190,68,0,68,258
03/21/2004,BTR,LA,ASW,CE,Towers with Radar,10,44,85,11,150,0,0,78,1,79,10,44,163,12,229,98,0,98,327
03/22/2004,BTR,LA,ASW,CE,Towers with Radar,10,61,90,0,161,0,0,63,0,63,10,61,153,0,224,60,6,66,290
03/23/2004,BTR,LA,ASW,CE,Towers with Radar,14,51,71,1,137,0,1,78,1,80,14,52,149,2,217,98,0,98,315
03/24/2004,BTR,LA,ASW,CE,Towers with Radar,13,58,98,0,169,0,0,52,0,52,13,58,150,0,221,74,0,74,295
03/25/2004,BTR,LA,ASW,CE,Towers with Radar,11,57,76,1,145,0,0,36,1,37,11,57,112,2,182,24,0,24,206
03/26/2004,BTR,LA,ASW,CE,Towers with Radar,10,53,79,3,145,0,0,55,2,57,10,53,134,5,202,50,4,54,256
03/27/2004,BTR,LA,ASW,CE,Towers with Radar,9,37,75,9,130,0,2,63,1,66,9,39,138,10,196,74,0,74,270
03/28/2004,BTR,LA,ASW,CE,Towers with Radar,11,32,64,9,116,0,0,49,0,49,11,32,113,9,165,92,0,92,257
03/29/2004,BTR,LA,ASW,CE,Towers with Radar,10,61,70,2,143,0,0,23,0,23,10,61,93,2,166,6,0,6,172
03/30/2004,BTR,LA,ASW,CE,Towers with Radar,13,54,85,1,153,0,0,83,4,87,13,54,168,5,240,102,0,102,342
03/31/2004,BTR,LA,ASW,CE,Towers with Radar,11,60,76,0,147,0,0,67,0,67,11,60,143,0,214,80,0,80,294
04/01/2004,BTR,LA,ASW,CE,Towers with Radar,12,54,71,13,150,0,0,107,1,108,12,54,178,14,258,86,6,92,350
04/02/2004,BTR,LA,ASW,CE,Towers with Radar,10,58,57,9,134,0,5,69,0,74,10,63,126,9,208,54,0,54,262
04/03/2004,BTR,LA,ASW,CE,Towers with Radar,11,36,78,0,125,0,0,105,2,107,11,36,183,2,232,86,0,86,318
04/04/2004,BTR,LA,ASW,CE,Towers with Radar,11,42,68,1,122,0,0,90,2,92,11,42,158,3,214,112,0,112,326
04/05/2004,BTR,LA,ASW,CE,Towers with Radar,15,69,70,8,162,0,0,71,2,73,15,69,141,10,235,142,4,146,381
04/06/2004,BTR,LA,ASW,CE,Towers with Radar,10,55,88,7,160,0,3,84,0,87,10,58,172,7,247,118,6,124,371
04/07/2004,BTR,LA,ASW,CE,Towers with Radar,12,52,81,6,151,0,0,25,0,25,12,52,106,6,176,44,0,44,220
04/08/2004,BTR,LA,ASW,CE,Towers with Radar,16,55,77,4,152,0,0,44,0,44,16,55,121,4,196,26,0,26,222
04/09/2004,BTR,LA,ASW,CE,Towers with Radar,13,59,32,6,110,0,0,78,5,83,13,59,110,11,193,96,2,98,291
04/10/2004,BTR,LA,ASW,CE,Towers with Radar,11,41,32,2,86,0,0,57,0,57,11,41,89,2,143,102,0,102,245
04/11/2004,BTR,LA,ASW,CE,Towers with Radar,12,38,31,0,81,0,0,11,0,11,12,38,42,0,92,20,0,20,112
04/12/2004,BTR,LA,ASW,CE,Towers with Radar,20,55,87,2,164,0,0,14,0,14,20,55,101,2,178,50,0,50,228
04/13/2004,BTR,LA,ASW,CE,Towers with Radar,14,60,91,3,168,0,0,64,0,64,14,60,155,3,232,114,4,118,350
04/14/2004,BTR,LA,ASW,CE,Towers with Radar,15,52,90,16,173,0,0,93,4,97,15,52,183,20,270,186,2,188,458
04/15/2004,BTR,LA,ASW,CE,Towers with Radar,12,60,78,5,155,0,0,84,3,87,12,60,162,8,242,54,14,68,310
04/16/2004,BTR,LA,ASW,CE,Towers with Radar,10,60,107,1,178,0,0,92,1,93,10,60,199,2,271,142,0,142,413
04/17/2004,BTR,LA,ASW,CE,Towers with Radar,11,33,47,2,93,0,0,58,4,62,11,33,105,6,155,96,6,102,257
04/18/2004,BTR,LA,ASW,CE,Towers with Radar,11,45,71,0,127,0,0,116,0,116,11,45,187,0,243,166,2,168,411
04/19/2004,BTR,LA,ASW,CE,Towers with Radar,13,60,100,8,181,0,21,38,2,61,13,81,138,10,242,92,0,92,334
04/20/2004,BTR,LA,ASW,CE,Towers with Radar,11,63,100,8,182,0,0,63,2,65,11,63,163,10,247,76,6,82,329
04/21/2004,BTR,LA,ASW,CE,Towers with Radar,12,65,104,6,187,0,0,78,2,80,12,65,182,8,267,116,8,124,391
04/22/2004,BTR,LA,ASW,CE,Towers with Radar,12,58,101,6,177,0,0,65,0,65,12,58,166,6,242,54,2,56,298
04/23/2004,BTR,LA,ASW,CE,Towers with Radar,13,58,85,3,159,0,0,31,0,31,13,58,116,3,190,58,2,60,250
04/24/2004,BTR,LA,ASW,CE,Towers with Radar,12,29,64,16,121,0,0,23,0,23,12,29,87,16,144,38,0,38,182
04/25/2004,BTR,LA,ASW,CE,Towers with Radar,15,43,40,2,100,0,0,4,0,4,15,43,44,2,104,32,0,32,136
04/26/2004,BTR,LA,ASW,CE,Towers with Radar,17,58,68,27,170,0,0,48,0,48,17,58,116,27,218,66,6,72,290
04/27/2004,BTR,LA,ASW,CE,Towers with Radar,13,54,43,0,110,0,0,68,0,68,13,54,111,0,178,98,0,98,276
04/28/2004,BTR,LA,ASW,CE,Towers with Radar,11,53,83,3,150,0,0,98,2,100,11,53,181,5,250,96,0,96,346
04/29/2004,BTR,LA,ASW,CE,Towers with Radar,11,52,82,0,145,0,0,35,0,35,11,52,117,0,180,38,6,44,224
04/30/2004,BTR,LA,ASW,CE,Towers with Radar,11,63,48,0,122,0,3,1,0,4,11,66,49,0,126,0,0,0,126
05/01/2004,BTR,LA,ASW,CE,Towers with Radar,14,40,37,0,91,0,0,10,0,10,14,40,47,0,101,56,0,56,157
05/02/2004,BTR,LA,ASW,CE,Towers with Radar,14,44,62,0,120,0,0,28,0,28,14,44,90,0,148,42,0,42,190
05/03/2004,BTR,LA,ASW,CE,Towers with Radar,8,43,100,0,151,0,0,98,2,100,8,43,198,2,251,84,8,92,343
05/04/2004,BTR,LA,ASW,CE,Towers with Radar,13,49,74,0,136,0,0,97,3,100,13,49,171,3,236,98,0,98,334
05/05/2004,BTR,LA,ASW,CE,Towers with Radar,12,58,92,0,162,0,0,100,0,100,12,58,192,0,262,124,0,124,386
05/06/2004,BTR,LA,ASW,CE,Towers with Radar,11,59,79,4,153,0,0,75,0,75,11,59,154,4,228,88,10,98,326
05/07/2004,BTR,LA,ASW,CE,Towers with Radar,14,52,67,14,147,0,0,63,3,66,14,52,130,17,213,112,2,114,327
05/08/2004,BTR,LA,ASW,CE,Towers with Radar,9,33,62,1,105,0,0,111,1,112,9,33,173,2,217,94,0,94,311
05/09/2004,BTR,LA,ASW,CE,Towers with Radar,10,46,55,8,119,0,0,86,0,86,10,46,141,8,205,150,0,150,355
05/10/2004,BTR,LA,ASW,CE,Towers with Radar,12,55,102,1,170,0,0,44,2,46,12,55,146,3,216,114,0,114,330
05/11/2004,BTR,LA,ASW,CE,Towers with Radar,20,53,91,9,173,0,0,19,1,20,20,53,110,10,193,66,4,70,263
05/12/2004,BTR,LA,ASW,CE,Towers with Radar,14,63,52,0,129,0,0,4,0,4,14,63,56,0,133,12,0,12,145
05/13/2004,BTR,LA,ASW,CE,Towers with Radar,13,57,61,0,131,0,0,20,1,21,13,57,81,1,152,34,6,40,192
05/14/2004,BTR,LA,ASW,CE,Towers with Radar,14,58,50,0,122,0,0,15,0,15,14,58,65,0,137,22,0,22,159
05/15/2004,BTR,LA,ASW,CE,Towers with Radar,11,41,33,14,99,0,0,13,0,13,11,41,46,14,112,60,8,68,180
05/16/2004,BTR,LA,ASW,CE,Towers with Radar,12,49,92,2,155,0,0,29,0,29,12,49,121,2,184,82,0,82,266
05/17/2004,BTR,LA,ASW,CE,Towers with Radar,11,60,71,4,146,0,0,34,0,34,11,60,105,4,180,36,0,36,216
05/18/2004,BTR,LA,ASW,CE,Towers with Radar,16,60,103,5,184,0,0,46,0,46,16,60,149,5,230,76,0,76,306
05/19/2004,BTR,LA,ASW,CE,Towers with Radar,11,60,87,6,164,0,0,62,0,62,11,60,149,6,226,150,6,156,382
05/20/2004,BTR,LA,ASW,CE,Towers with Radar,12,58,94,2,166,0,0,67,1,68,12,58,161,3,234,44,0,44,278
05/21/2004,BTR,LA,ASW,CE,Towers with Radar,14,53,68,6,141,0,0,52,12,64,14,53,120,18,205,50,4,54,259
05/22/2004,BTR,LA,ASW,CE,Towers with Radar,11,33,58,3,105,0,0,84,2,86,11,33,142,5,191,80,8,88,279
05/23/2004,BTR,LA,ASW,CE,Towers with Radar,11,42,68,6,127,0,0,87,0,87,11,42,155,6,214,86,0,86,300
05/24/2004,BTR,LA,ASW,CE,Towers with Radar,11,54,94,8,167,0,2,73,0,75,11,56,167,8,242,58,8,66,308
05/25/2004,BTR,LA,ASW,CE,Towers with Radar,9,38,110,3,160,0,0,60,2,62,9,38,170,5,222,122,0,122,344
05/26/2004,BTR,LA,ASW,CE,Towers with Radar,12,55,140,0,207,0,0,75,0,75,12,55,215,0,282,88,0,88,370
05/27/2004,BTR,LA,ASW,CE,Towers with Radar,12,56,89,6,163,0,0,75,1,76,12,56,164,7,239,112,6,118,357
05/28/2004,BTR,LA,ASW,CE,Towers with Radar,12,50,114,1,177,0,0,73,4,77,12,50,187,5,254,132,0,132,386
05/29/2004,BTR,LA,ASW,CE,Towers with Radar,13,35,41,5,94,0,0,48,8,56,13,35,89,13,150,84,0,84,234
05/30/2004,BTR,LA,ASW,CE,Towers with Radar,12,42,31,0,85,0,0,36,0,36,12,42,67,0,121,102,0,102,223
05/31/2004,BTR,LA,ASW,CE,Towers with Radar,15,54,43,0,112,0,1,23,0,24,15,55,66,0,136,126,0,126,262
06/01/2004,BTR,LA,ASW,CE,Towers with Radar,3,52,88,0,143,7,8,20,5,40,10,60,108,5,183,62,8,70,253
06/02/2004,BTR,LA,ASW,CE,Towers with Radar,12,45,80,0,137,0,13,93,0,106,12,58,173,0,243,96,0,96,339
06/03/2004,BTR,LA,ASW,CE,Towers with Radar,10,35,64,0,109,0,21,36,11,68,10,56,100,11,177,70,8,78,255
06/04/2004,BTR,LA,ASW,CE,Towers with Radar,12,44,78,0,134,0,27,27,16,70,12,71,105,16,204,80,0,80,284
06/05/2004,BTR,LA,ASW,CE,Towers with Radar,0,19,39,0,58,7,22,51,0,80,7,41,90,0,138,36,0,36,174
06/06/2004,BTR,LA,ASW,CE,Towers with Radar,0,28,54,0,82,10,28,50,0,88,10,56,104,0,170,82,0,82,252
06/07/2004,BTR,LA,ASW,CE,Towers with Radar,11,42,77,0,130,0,17,76,6,99,11,59,153,6,229,98,0,98,327
06/08/2004,BTR,LA,ASW,CE,Towers with Radar,12,39,75,0,126,0,15,95,7,117,12,54,170,7,243,92,8,100,343
06/09/2004,BTR,LA,ASW,CE,Towers with Radar,12,46,84,0,142,0,19,97,1,117,12,65,181,1,259,36,0,36,295
06/10/2004,BTR,LA,ASW,CE,Towers with Radar,10,36,69,0,115,0,19,78,2,99,10,55,147,2,214,132,0,132,346
06/11/2004,BTR,LA,ASW,CE,Towers with Radar,14,50,89,0,153,0,0,85,5,90,14,50,174,5,243,208,0,208,451
06/12/2004,BTR,LA,ASW,CE,Towers with Radar,0,30,58,0,88,10,12,89,7,118,10,42,147,7,206,112,14,126,332
06/13/2004,BTR,LA,ASW,CE,Towers with Radar,13,43,84,0,140,0,0,89,0,89,13,43,173,0,229,104,0,104,333
06/14/2004,BTR,LA,ASW,CE,Towers with Radar,11,48,88,0,147,0,12,49,0,61,11,60,137,0,208,132,0,132,340
06/15/2004,BTR,LA,ASW,CE,Towers with Radar,10,37,73,0,120,0,24,47,5,76,10,61,120,5,196,102,2,104,300
06/16/2004,BTR,LA,ASW,CE,Towers with Radar,0,30,59,0,89,10,22,39,2,73,10,52,98,2,162,120,4,124,286
06/17/2004,BTR,LA,ASW,CE,Towers with Radar,10,37,72,0,119,0,12,72,5,89,10,49,144,5,208,74,2,76,284
06/18/2004,BTR,LA,ASW,CE,Towers with Radar,11,35,68,0,114,3,18,69,0,90,14,53,137,0,204,108,0,108,312
06/19/2004,BTR,LA,ASW,CE,Towers with Radar,0,20,44,0,64,9,14,71,2,96,9,34,115,2,160,66,0,66,226
06/20/2004,BTR,LA,ASW,CE,Towers with Radar,0,0,0,0,0,10,44,81,0,135,10,44,81,0,135,94,0,94,229
06/21/2004,BTR,LA,ASW,CE,Towers with Radar,9,34,65,0,108,0,27,50,6,83,9,61,115,6,191,200,4,204,395
06/22/2004,BTR,LA,ASW,CE,Towers with Radar,0,31,59,0,90,11,19,57,4,91,11,50,116,4,181,176,6,182,363
06/23/2004,BTR,LA,ASW,CE,Towers with Radar,0,34,46,0,80,9,18,59,0,86,9,52,105,0,166,122,0,122,288
06/24/2004,BTR,LA,ASW,CE,Towers with Radar,0,42,40,0,82,10,18,38,0,66,10,60,78,0,148,38,0,38,186
06/25/2004,BTR,LA,ASW,CE,Towers with Radar,0,37,15,0,52,9,19,24,0,52,9,56,39,0,104,0,0,0,104
06/26/2004,BTR,LA,ASW,CE,Towers with Radar,0,21,0,0,21,10,18,55,0,83,10,39,55,0,104,78,0,78,182
06/27/2004,BTR,LA,ASW,CE,Towers with Radar,11,35,66,0,112,0,16,88,2,106,11,51,154,2,218,94,0,94,312
06/28/2004,BTR,LA,ASW,CE,Towers with Radar,0,30,52,17,99,8,15,79,0,102,8,45,131,17,201,126,8,134,335
06/29/2004,BTR,LA,ASW,CE,Towers with Radar,10,37,40,10,97,0,16,71,0,87,10,53,111,10,184,60,0,60,244
06/30/2004,BTR,LA,ASW,CE,Towers with Radar,10,44,49,0,103,0,16,85,3,104,10,60,134,3,207,121,0,121,328
07/01/2004,BTR,LA,ASW,CE,Towers with Radar,8,47,64,3,122,1,10,28,0,39,9,57,92,3,161,88,2,90,251
07/02/2004,BTR,LA,ASW,CE,Towers with Radar,10,57,79,1,147,0,0,53,0,53,10,57,132,1,200,118,0,118,318
07/03/2004,BTR,LA,ASW,CE,Towers with Radar,7,34,53,0,94,0,0,112,0,112,7,34,165,0,206,128,0,128,334
07/04/2004,BTR,LA,ASW,CE,Towers with Radar,4,25,34,0,63,4,10,41,0,55,8,35,75,0,118,92,0,92,210
07/05/2004,BTR,LA,ASW,CE,Towers with Radar,10,51,77,0,138,3,0,95,0,98,13,51,172,0,236,94,0,94,330
07/06/2004,BTR,LA,ASW,CE,Towers with Radar,9,50,70,4,133,0,0,41,7,48,9,50,111,11,181,40,0,40,221
07/07/2004,BTR,LA,ASW,CE,Towers with Radar,12,56,92,4,164,1,0,94,0,95,13,56,186,4,259,84,0,84,343
07/08/2004,BTR,LA,ASW,CE,Towers with Radar,11,56,81,3,151,0,3,64,0,67,11,59,145,3,218,84,0,84,302
07/09/2004,BTR,LA,ASW,CE,Towers with Radar,10,55,86,0,151,0,0,63,0,63,10,55,149,0,214,132,0,132,346
07/10/2004,BTR,LA,ASW,CE,Towers with Radar,7,32,47,3,89,3,7,44,3,57,10,39,91,6,146,92,0,92,238
07/11/2004,BTR,LA,ASW,CE,Towers with Radar,9,48,75,4,136,0,0,86,1,87,9,48,161,5,223,80,0,80,303
07/12/2004,BTR,LA,ASW,CE,Towers with Radar,9,50,71,4,134,0,6,85,3,94,9,56,156,7,228,118,0,118,346
07/13/2004,BTR,LA,ASW,CE,Towers with Radar,11,56,80,4,151,0,4,69,6,79,11,60,149,10,230,92,0,92,322
07/14/2004,BTR,LA,ASW,CE,Towers with Radar,10,51,78,4,143,0,0,105,1,106,10,51,183,5,249,142,0,142,391
07/15/2004,BTR,LA,ASW,CE,Towers with Radar,10,60,93,4,167,0,0,50,9,59,10,60,143,13,226,94,12,106,332
07/16/2004,BTR,LA,ASW,CE,Towers with Radar,8,55,79,0,142,0,0,62,0,62,8,55,141,0,204,144,0,144,348
07/17/2004,BTR,LA,ASW,CE,Towers with Radar,7,36,54,2,99,0,0,38,11,49,7,36,92,13,148,158,0,158,306
07/18/2004,BTR,LA,ASW,CE,Towers with Radar,9,44,66,0,119,0,0,64,0,64,9,44,130,0,183,110,0,110,293
07/19/2004,BTR,LA,ASW,CE,Towers with Radar,11,49,87,4,151,0,0,85,9,94,11,49,172,13,245,64,0,64,309
07/20/2004,BTR,LA,ASW,CE,Towers with Radar,11,53,75,2,141,0,3,109,0,112,11,56,184,2,253,148,14,162,415
07/21/2004,BTR,LA,ASW,CE,Towers with Radar,10,56,80,0,146,0,2,33,0,35,10,58,113,0,181,134,0,134,315
07/22/2004,BTR,LA,ASW,CE,Towers with Radar,11,54,80,4,149,2,0,57,8,67,13,54,137,12,216,156,14,170,386
07/23/2004,BTR,LA,ASW,CE,Towers with Radar,9,47,64,3,123,2,2,63,2,69,11,49,127,5,192,156,0,156,348
07/24/2004,BTR,LA,ASW,CE,Towers with Radar,7,35,64,3,109,0,0,66,1,67,7,35,130,4,176,64,0,64,240
07/25/2004,BTR,LA,ASW,CE,Towers with Radar,9,41,62,0,112,4,0,65,0,69,13,41,127,0,181,104,0,104,285
07/26/2004,BTR,LA,ASW,CE,Towers with Radar,11,58,91,4,164,0,0,64,2,66,11,58,155,6,230,120,0,120,350
07/27/2004,BTR,LA,ASW,CE,Towers with Radar,10,53,81,1,145,0,0,52,0,52,10,53,133,1,197,64,0,64,261
07/28/2004,BTR,LA,ASW,CE,Towers with Radar,11,57,79,0,147,2,0,73,0,75,13,57,152,0,222,112,0,112,334
07/29/2004,BTR,LA,ASW,CE,Towers with Radar,11,57,79,4,151,2,10,48,1,61,13,67,127,5,212,128,0,128,340
07/30/2004,BTR,LA,ASW,CE,Towers with Radar,8,44,61,3,116,0,12,49,2,63,8,56,110,5,179,74,0,74,253
07/31/2004,BTR,LA,ASW,CE,Towers with Radar,7,31,43,1,82,0,5,127,0,132,7,36,170,1,214,154,0,154,368
08/01/2004,BTR,LA,ASW,CE,Towers with Radar,9,34,55,0,98,1,9,41,0,51,10,43,96,0,149,128,0,128,277
08/02/2004,BTR,LA,ASW,CE,Towers with Radar,15,54,95,7,171,0,0,70,10,80,15,54,165,17,251,116,4,120,371
08/03/2004,BTR,LA,ASW,CE,Towers with Radar,13,53,89,2,157,0,0,71,0,71,13,53,160,2,228,138,0,138,366
08/04/2004,BTR,LA,ASW,CE,Towers with Radar,11,49,81,7,148,2,6,72,2,82,13,55,153,9,230,68,6,74,304
08/05/2004,BTR,LA,ASW,CE,Towers with Radar,12,53,87,0,152,0,3,61,0,64,12,56,148,0,216,72,0,72,288
08/06/2004,BTR,LA,ASW,CE,Towers with Radar,11,45,74,6,136,1,4,55,3,63,12,49,129,9,199,100,8,108,307
08/07/2004,BTR,LA,ASW,CE,Towers with Radar,7,33,54,4,98,3,2,59,0,64,10,35,113,4,162,146,0,146,308
08/08/2004,BTR,LA,ASW,CE,Towers with Radar,12,38,94,8,152,0,0,95,4,99,12,38,189,12,251,154,0,154,405
08/09/2004,BTR,LA,ASW,CE,Towers with Radar,12,50,82,2,146,0,4,52,0,56,12,54,134,2,202,106,0,106,308
08/10/2004,BTR,LA,ASW,CE,Towers with Radar,12,56,92,6,166,0,5,83,0,88,12,61,175,6,254,146,12,158,412
08/11/2004,BTR,LA,ASW,CE,Towers with Radar,11,57,105,5,178,0,0,50,0,50,11,57,155,5,228,72,0,72,300
08/12/2004,BTR,LA,ASW,CE,Towers with Radar,12,56,92,4,164,0,4,32,0,36,12,60,124,4,200,26,0,26,226
08/13/2004,BTR,LA,ASW,CE,Towers with Radar,11,46,76,6,139,1,9,85,4,99,12,55,161,10,238,100,0,100,338
08/14/2004,BTR,LA,ASW,CE,Towers with Radar,9,37,62,0,108,0,1,63,0,64,9,38,125,0,172,176,0,176,348
08/15/2004,BTR,LA,ASW,CE,Towers with Radar,11,40,80,0,131,0,0,119,0,119,11,40,199,0,250,126,0,126,376
08/16/2004,BTR,LA,ASW,CE,Towers with Radar,9,50,82,0,141,0,6,93,0,99,9,56,175,0,240,100,4,104,344
08/17/2004,BTR,LA,ASW,CE,Towers with Radar,13,56,98,7,174,1,0,82,8,91,14,56,180,15,265,110,6,116,381
08/18/2004,BTR,LA,ASW,CE,Towers with Radar,12,53,84,1,150,0,2,109,0,111,12,55,193,1,261,92,4,96,357
08/19/2004,BTR,LA,ASW,CE,Towers with Radar,12,51,84,0,147,0,0,59,0,59,12,51,143,0,206,54,0,54,260
08/20/2004,BTR,LA,ASW,CE,Towers with Radar,11,53,84,6,154,2,11,7,22,42,13,64,91,28,196,28,0,28,224
08/21/2004,BTR,LA,ASW,CE,Towers with Radar,9,35,81,6,131,0,0,83,9,92,9,35,164,15,223,124,0,124,347
08/22/2004,BTR,LA,ASW,CE,Towers with Radar,10,46,77,2,135,1,0,64,0,65,11,46,141,2,200,94,0,94,294
08/23/2004,BTR,LA,ASW,CE,Towers with Radar,14,56,110,8,188,0,0,25,12,37,14,56,135,20,225,58,6,64,289
08/24/2004,BTR,LA,ASW,CE,Towers with Radar,12,55,94,7,168,0,0,91,1,92,12,55,185,8,260,140,0,140,400
08/25/2004,BTR,LA,ASW,CE,Towers with Radar,12,61,97,0,170,0,2,63,0,65,12,63,160,0,235,128,0,128,363
08/26/2004,BTR,LA,ASW,CE,Towers with Radar,14,56,98,7,175,0,0,83,13,96,14,56,181,20,271,100,2,102,373
08/27/2004,BTR,LA,ASW,CE,Towers with Radar,11,56,89,6,162,0,2,80,5,87,11,58,169,11,249,84,2,86,335
08/28/2004,BTR,LA,ASW,CE,Towers with Radar,9,38,63,4,114,0,0,35,6,41,9,38,98,10,155,86,18,104,259
08/29/2004,BTR,LA,ASW,CE,Towers with Radar,9,43,69,1,122,2,8,74,0,84,11,51,143,1,206,128,0,128,334
08/30/2004,BTR,LA,ASW,CE,Towers with Radar,14,61,98,0,173,0,4,53,0,57,14,65,151,0,230,92,0,92,322
08/31/2004,BTR,LA,ASW,CE,Towers with Radar,8,38,60,4,110,4,21,96,8,129,12,59,156,12,239,86,0,86,325
09/01/2004,BTR,LA,ASW,CE,Towers with Radar,14,56,86,5,161,0,0,70,3,73,14,56,156,8,234,76,0,76,310
09/02/2004,BTR,LA,ASW,CE,Towers with Radar,12,50,75,5,142,3,5,58,13,79,15,55,133,18,221,98,16,114,335
09/03/2004,BTR,LA,ASW,CE,Towers with Radar,12,50,75,2,139,1,2,44,0,47,13,52,119,2,186,54,0,54,240
09/04/2004,BTR,LA,ASW,CE,Towers with Radar,8,37,55,0,100,4,0,28,0,32,12,37,83,0,132,58,0,58,190
09/05/2004,BTR,LA,ASW,CE,Towers with Radar,7,38,66,2,113,0,0,61,0,61,7,38,127,2,174,94,0,94,268
09/06/2004,BTR,LA,ASW,CE,Towers with Radar,9,37,57,4,107,2,13,58,0,73,11,50,115,4,180,62,2,64,244
09/07/2004,BTR,LA,ASW,CE,Towers with Radar,11,50,76,5,142,0,6,74,1,81,11,56,150,6,223,98,0,98,321
09/08/2004,BTR,LA,ASW,CE,Towers with Radar,10,53,100,7,170,0,0,76,3,79,10,53,176,10,249,120,0,120,369
09/09/2004,BTR,LA,ASW,CE,Towers with Radar,11,4,73,5,93,2,0,65,2,69,13,4,138,7,162,78,8,86,248
09/10/2004,BTR,LA,ASW,CE,Towers with Radar,14,57,85,6,162,3,1,105,5,114,17,58,190,11,276,78,2,80,356
09/11/2004,BTR,LA,ASW,CE,Towers with Radar,10,34,73,5,122,0,0,104,9,113,10,34,177,14,235,86,10,96,331
09/12/2004,BTR,LA,ASW,CE,Towers with Radar,11,43,68,0,122,0,0,65,0,65,11,43,133,0,187,38,0,38,225
09/13/2004,BTR,LA,ASW,CE,Towers with Radar,12,54,98,1,165,0,0,81,0,81,12,54,179,1,246,108,0,108,354
09/14/2004,BTR,LA,ASW,CE,Towers with Radar,11,61,106,3,181,0,0,37,0,37,11,61,143,3,218,8,0,8,226
09/15/2004,BTR,LA,ASW,CE,Towers with Radar,7,31,45,2,85,1,19,22,0,42,8,50,67,2,127,18,0,18,145
09/16/2004,BTR,LA,ASW,CE,Towers with Radar,6,26,38,3,73,2,11,56,6,75,8,37,94,9,148,80,2,82,230
09/17/2004,BTR,LA,ASW,CE,Towers with Radar,11,48,70,5,134,0,10,68,10,88,11,58,138,15,222,58,4,62,284
09/18/2004,BTR,LA,ASW,CE,Towers with Radar,9,32,62,3,106,2,0,69,0,71,11,32,131,3,177,30,0,30,207
09/19/2004,BTR,LA,ASW,CE,Towers with Radar,8,38,55,3,104,3,0,77,0,80,11,38,132,3,184,90,0,90,274
09/20/2004,BTR,LA,ASW,CE,Towers with Radar,10,53,78,5,146,0,4,61,1,66,10,57,139,6,212,42,4,46,258
09/21/2004,BTR,LA,ASW,CE,Towers with Radar,11,54,79,5,149,0,0,48,11,59,11,54,127,16,208,40,12,52,260
09/22/2004,BTR,LA,ASW,CE,Towers with Radar,13,61,91,5,170,0,0,100,8,108,13,61,191,13,278,62,0,62,340
09/23/2004,BTR,LA,ASW,CE,Towers with Radar,11,49,71,4,135,1,3,6,1,11,12,52,77,5,146,34,2,36,182
09/24/2004,BTR,LA,ASW,CE,Towers with Radar,11,49,71,3,134,3,7,40,0,50,14,56,111,3,184,6,0,6,190
09/25/2004,BTR,LA,ASW,CE,Towers with Radar,11,37,66,4,118,1,0,77,9,87,12,37,143,13,205,36,0,36,241
09/26/2004,BTR,LA,ASW,CE,Towers with Radar,11,39,65,1,116,1,0,66,0,67,12,39,131,1,183,112,0,112,295
09/27/2004,BTR,LA,ASW,CE,Towers with Radar,11,54,85,3,153,0,0,113,0,113,11,54,198,3,266,124,0,124,390
09/28/2004,BTR,LA,ASW,CE,Towers with Radar,14,58,88,5,165,0,0,50,11,61,14,58,138,16,226,46,4,50,276
09/29/2004,BTR,LA,ASW,CE,Towers with Radar,12,51,74,2,139,1,7,75,0,83,13,58,149,2,222,32,10,42,264
09/30/2004,BTR,LA,ASW,CE,Towers with Radar,13,58,86,3,160,0,3,70,0,73,13,61,156,3,233,74,4,78,311
10/01/2004,BTR,LA,ASW,CE,Combined TRACON& Tower with Radar,15,56,95,8,174,0,0,54,0,54,15,56,149,8,228,30,0,30,258
10/02/2004,BTR,LA,ASW,CE,Combined TRACON& Tower with Radar,8,39,66,0,113,0,0,32,0,32,8,39,98,0,145,8,0,8,153
10/03/2004,BTR,LA,ASW,CE,Combined TRACON& Tower with Radar,13,45,78,0,136,0,0,53,0,53,13,45,131,0,189,82,0,82,271
10/04/2004,BTR,LA,ASW,CE,Combined TRACON& Tower with Radar,14,53,81,1,149,0,0,37,0,37,14,53,118,1,186,88,0,88,274
10/05/2004,BTR,LA,ASW,CE,Combined TRACON& Tower with Radar,12,52,95,14,173,0,0,39,1,40,12,52,134,15,213,28,6,34,247
10/06/2004,BTR,LA,ASW,CE,Combined TRACON& Tower with Radar,12,66,87,4,169,0,1,55,0,56,12,67,142,4,225,104,0,104,329
10/07/2004,BTR,LA,ASW,CE,Combined TRACON& Tower with Radar,12,54,85,1,152,0,0,18,0,18,12,54,103,1,170,18,0,18,188
10/08/2004,BTR,LA,ASW,CE,Combined TRACON& Tower with Radar,13,65,70,0,148,0,0,0,0,0,13,65,70,0,148,14,0,14,162
10/09/2004,BTR,LA,ASW,CE,Combined TRACON& Tower with Radar,7,32,60,0,99,0,0,0,0,0,7,32,60,0,99,0,0,0,99
10/10/2004,BTR,LA,ASW,CE,Combined TRACON& Tower with Radar,14,44,84,0,142,0,0,2,0,2,14,44,86,0,144,8,0,8,152
10/11/2004,BTR,LA,ASW,CE,Combined TRACON& Tower with Radar,13,51,78,0,142,0,0,37,2,39,13,51,115,2,181,108,0,108,289
10/12/2004,BTR,LA,ASW,CE,Combined TRACON& Tower with Radar,12,53,95,1,161,0,1,44,0,45,12,54,139,1,206,86,0,86,292
10/13/2004,BTR,LA,ASW,CE,Combined TRACON& Tower with Radar,11,59,90,1,161,0,0,98,0,98,11,59,188,1,259,108,0,108,367
10/14/2004,BTR,LA,ASW,CE,Combined TRACON& Tower with Radar,13,64,107,15,199,0,0,25,0,25,13,64,132,15,224,36,4,40,264
10/15/2004,BTR,LA,ASW,CE,Combined TRACON& Tower with Radar,12,67,63,0,142,0,0,70,2,72,12,67,133,2,214,46,0,46,260
10/16/2004,BTR,LA,ASW,CE,Combined TRACON& Tower with Radar,9,39,68,0,116,0,1,68,0,69,9,40,136,0,185,20,0,20,205
10/17/2004,BTR,LA,ASW,CE,Combined TRACON& Tower with Radar,11,50,80,0,141,0,0,71,1,72,11,50,151,1,213,88,0,88,301
10/18/2004,BTR,LA,ASW,CE,Combined TRACON& Tower with Radar,15,58,71,0,144,0,0,35,0,35,15,58,106,0,179,16,0,16,195
10/19/2004,BTR,LA,ASW,CE,Combined TRACON& Tower with Radar,13,57,96,4,170,0,0,37,0,37,13,57,133,4,207,74,0,74,281
10/20/2004,BTR,LA,ASW,CE,Combined TRACON& Tower with Radar,13,55,96,0,164,0,0,67,1,68,13,55,163,1,232,96,0,96,328
10/21/2004,BTR,LA,ASW,CE,Combined TRACON& Tower with Radar,11,53,100,2,166,0,0,36,2,38,11,53,136,4,204,54,0,54,258
10/22/2004,BTR,LA,ASW,CE,Combined TRACON& Tower with Radar,13,53,113,20,199,0,0,56,4,60,13,53,169,24,259,40,10,50,309
10/23/2004,BTR,LA,ASW,CE,Combined TRACON& Tower with Radar,8,38,123,2,171,0,0,34,0,34,8,38,157,2,205,118,0,118,323
10/24/2004,BTR,LA,ASW,CE,Combined TRACON& Tower with Radar,13,51,75,0,139,0,0,0,0,0,13,51,75,0,139,76,0,76,215
10/25/2004,BTR,LA,ASW,CE,Combined TRACON& Tower with Radar,12,48,93,6,159,0,0,59,0,59,12,48,152,6,218,16,8,24,242
10/26/2004,BTR,LA,ASW,CE,Combined TRACON& Tower with Radar,13,57,101,0,171,0,0,47,0,47,13,57,148,0,218,76,4,80,298
10/27/2004,BTR,LA,ASW,CE,Combined TRACON& Tower with Radar,12,64,113,1,190,0,0,64,0,64,12,64,177,1,254,38,4,42,296
10/28/2004,BTR,LA,ASW,CE,Combined TRACON& Tower with Radar,12,62,84,2,160,0,6,51,2,59,12,68,135,4,219,54,2,56,275
10/29/2004,BTR,LA,ASW,CE,Combined TRACON& Tower with Radar,16,54,99,0,169,0,0,49,0,49,16,54,148,0,218,56,0,56,274
10/30/2004,BTR,LA,ASW,CE,Combined TRACON& Tower with Radar,11,38,61,0,110,0,1,52,0,53,11,39,113,0,163,46,0,46,209
10/31/2004,BTR,LA,ASW,CE,Combined TRACON& Tower with Radar,16,46,84,0,146,0,0,35,0,35,16,46,119,0,181,104,0,104,285
11/01/2004,BTR,LA,ASW,CE,Combined TRACON& Tower with Radar,21,42,76,0,139,0,0,23,0,23,21,42,99,0,162,28,0,28,190
11/02/2004,BTR,LA,ASW,CE,Combined TRACON& Tower with Radar,19,51,62,0,132,0,0,6,0,6,19,51,68,0,138,38,0,38,176
11/03/2004,BTR,LA,ASW,CE,Combined TRACON& Tower with Radar,18,55,69,0,142,0,1,9,0,10,18,56,78,0,152,30,0,30,182
11/04/2004,BTR,LA,ASW,CE,Combined TRACON& Tower with Radar,14,56,73,25,168,0,0,97,0,97,14,56,170,25,265,76,32,108,373
11/05/2004,BTR,LA,ASW,CE,Combined TRACON& Tower with Radar,17,51,66,7,141,0,0,69,1,70,17,51,135,8,211,70,2,72,283
11/06/2004,BTR,LA,ASW,CE,Combined TRACON& Tower with Radar,14,29,78,1,122,0,1,86,0,87,14,30,164,1,209,118,0,118,327
11/07/2004,BTR,LA,ASW,CE,Combined TRACON& Tower with Radar,17,35,71,0,123,0,0,72,0,72,17,35,143,0,195,124,0,124,319
11/08/2004,BTR,LA,ASW,CE,Combined TRACON& Tower with Radar,19,53,70,0,142,0,0,87,0,87,19,53,157,0,229,92,0,92,321
11/09/2004,BTR,LA,ASW,CE,Combined TRACON& Tower with Radar,16,53,99,7,175,0,1,97,2,100,16,54,196,9,275,118,0,118,393
11/10/2004,BTR,LA,ASW,CE,Combined TRACON& Tower with Radar,16,59,111,16,202,0,0,50,0,50,16,59,161,16,252,64,16,80,332
11/11/2004,BTR,LA,ASW,CE,Combined TRACON& Tower with Radar,15,43,73,2,133,0,0,20,1,21,15,43,93,3,154,46,0,46,200
11/12/2004,BTR,LA,ASW,CE,Combined TRACON& Tower with Radar,18,56,119,3,196,0,0,22,2,24,18,56,141,5,220,8,0,8,228
11/13/2004,BTR,LA,ASW,CE,Combined TRACON& Tower with Radar,15,34,110,7,166,0,0,19,2,21,15,34,129,9,187,22,8,30,217
11/14/2004,BTR,LA,ASW,CE,Combined TRACON& Tower with Radar,19,45,91,1,156,0,0,18,2,20,19,45,109,3,176,56,0,56,232
11/15/2004,BTR,LA,ASW,CE,Combined TRACON& Tower with Radar,15,49,93,0,157,0,0,28,0,28,15,49,121,0,185,74,0,74,259
11/16/2004,BTR,LA,ASW,CE,Combined TRACON& Tower with Radar,17,52,83,8,160,153,0,80,1,234,170,52,163,9,394,106,0,106,500
11/17/2004,BTR,LA,ASW,CE,Combined TRACON& Tower with Radar,18,54,83,2,157,0,0,60,0,60,18,54,143,2,217,14,0,14,231
11/18/2004,BTR,LA,ASW,CE,Combined TRACON& Tower with Radar,18,62,74,0,154,0,0,2,0,2,18,62,76,0,156,8,0,8,164
11/19/2004,BTR,LA,ASW,CE,Combined TRACON& Tower with Radar,16,53,108,7,184,0,0,48,3,51,16,53,156,10,235,40,0,40,275
11/20/2004,BTR,LA,ASW,CE,Combined TRACON& Tower with Radar,14,29,69,15,127,0,0,0,0,0,14,29,69,15,127,4,6,10,137
11/21/2004,BTR,LA,ASW,CE,Combined TRACON& Tower with Radar,18,41,95,0,154,0,0,20,0,20,18,41,115,0,174,34,0,34,208
11/22/2004,BTR,LA,ASW,CE,Combined TRACON& Tower with Radar,24,39,56,0,119,0,0,11,0,11,24,39,67,0,130,62,0,62,192
11/23/2004,BTR,LA,ASW,CE,Combined TRACON& Tower with Radar,18,57,88,11,174,0,0,14,0,14,18,57,102,11,188,70,14,84,272
11/24/2004,BTR,LA,ASW,CE,Combined TRACON& Tower with Radar,22,57,78,0,157,0,3,47,0,50,22,60,125,0,207,102,0,102,309
11/25/2004,BTR,LA,ASW,CE,Combined TRACON& Tower with Radar,8,14,19,0,41,0,0,0,0,0,8,14,19,0,41,10,0,10,51
11/26/2004,BTR,LA,ASW,CE,Combined TRACON& Tower with Radar,16,42,71,2,131,0,0,66,1,67,16,42,137,3,198,106,0,106,304
11/27/2004,BTR,LA,ASW,CE,Combined TRACON& Tower with Radar,13,23,30,0,66,2,6,34,0,42,15,29,64,0,108,38,0,38,146
11/28/2004,BTR,LA,ASW,CE,Combined TRACON& Tower with Radar,17,39,65,0,121,0,0,69,0,69,17,39,134,0,190,58,0,58,248
11/29/2004,BTR,LA,ASW,CE,Combined TRACON& Tower with Radar,18,52,98,6,174,0,0,68,2,70,18,52,166,8,244,90,0,90,334
11/30/2004,BTR,LA,ASW,CE,Combined TRACON& Tower with Radar,15,50,50,0,115,0,0,0,0,0,15,50,50,0,115,0,0,0,115
12/01/2004,BTR,LA,ASW,CE,Combined TRACON& Tower with Radar,16,50,81,4,151,0,0,71,1,72,16,50,152,5,223,50,6,56,279
12/02/2004,BTR,LA,ASW,CE,Combined TRACON& Tower with Radar,14,62,77,16,169,0,0,61,0,61,14,62,138,16,230,82,16,98,328
12/03/2004,BTR,LA,ASW,CE,Combined TRACON& Tower with Radar,14,53,75,3,145,0,0,60,1,61,14,53,135,4,206,46,0,46,252
12/04/2004,BTR,LA,ASW,CE,Combined TRACON& Tower with Radar,14,33,53,0,100,0,0,73,0,73,14,33,126,0,173,66,0,66,239
12/05/2004,BTR,LA,ASW,CE,Combined TRACON& Tower with Radar,17,44,66,1,128,0,0,5,0,5,17,44,71,1,133,0,0,0,133
12/06/2004,BTR,LA,ASW,CE,Combined TRACON& Tower with Radar,13,53,101,33,200,0,0,25,0,25,13,53,126,33,225,40,28,68,293
12/07/2004,BTR,LA,ASW,CE,Combined TRACON& Tower with Radar,15,55,64,17,151,0,0,69,0,69,15,55,133,17,220,90,2,92,312
12/08/2004,BTR,LA,ASW,CE,Combined TRACON& Tower with Radar,12,56,110,0,178,0,0,48,0,48,12,56,158,0,226,82,0,82,308
12/09/2004,BTR,LA,ASW,CE,Combined TRACON& Tower with Radar,12,53,92,2,159,0,6,34,1,41,12,59,126,3,200,50,2,52,252
12/10/2004,BTR,LA,ASW,CE,Combined TRACON& Tower with Radar,12,48,52,7,119,0,0,69,3,72,12,48,121,10,191,72,14,86,277
12/11/2004,BTR,LA,ASW,CE,Combined TRACON& Tower with Radar,14,33,34,0,81,0,1,47,1,49,14,34,81,1,130,16,0,16,146
12/12/2004,BTR,LA,ASW,CE,Combined TRACON& Tower with Radar,16,39,73,2,130,0,0,91,0,91,16,39,164,2,221,130,0,130,351
12/13/2004,BTR,LA,ASW,CE,Combined TRACON& Tower with Radar,12,55,92,0,159,0,0,69,0,69,12,55,161,0,228,102,0,102,330
12/14/2004,BTR,LA,ASW,CE,Combined TRACON& Tower with Radar,16,55,97,6,174,0,0,72,0,72,16,55,169,6,246,86,12,98,344
12/15/2004,BTR,LA,ASW,CE,Combined TRACON& Tower with Radar,15,57,93,6,171,0,0,95,3,98,15,57,188,9,269,92,8,100,369
12/16/2004,BTR,LA,ASW,CE,Combined TRACON& Tower with Radar,15,50,95,8,168,0,0,62,4,66,15,50,157,12,234,108,4,112,346
12/17/2004,BTR,LA,ASW,CE,Combined TRACON& Tower with Radar,16,57,84,0,157,0,0,64,1,65,16,57,148,1,222,48,0,48,270
12/18/2004,BTR,LA,ASW,CE,Combined TRACON& Tower with Radar,12,28,42,0,82,0,0,60,0,60,12,28,102,0,142,64,0,64,206
12/19/2004,BTR,LA,ASW,CE,Combined TRACON& Tower with Radar,14,37,52,0,103,0,0,66,2,68,14,37,118,2,171,74,0,74,245
12/20/2004,BTR,LA,ASW,CE,Combined TRACON& Tower with Radar,16,51,46,28,141,0,0,65,0,65,16,51,111,28,206,62,24,86,292
12/21/2004,BTR,LA,ASW,CE,Combined TRACON& Tower with Radar,15,57,90,13,175,0,0,42,0,42,15,57,132,13,217,52,6,58,275
12/22/2004,BTR,LA,ASW,CE,Combined TRACON& Tower with Radar,0,0,0,0,0,0,0,0,0,0,0,0,0,0,0,62,20,82,82
12/23/2004,BTR,LA,ASW,CE,Combined TRACON& Tower with Radar,15,49,37,1,102,0,0,23,0,23,15,49,60,1,125,50,8,58,183
12/24/2004,BTR,LA,ASW,CE,Combined TRACON& Tower with Radar,14,44,23,0,81,0,0,18,0,18,14,44,41,0,99,32,0,32,131
12/25/2004,BTR,LA,ASW,CE,Combined TRACON& Tower with Radar,10,27,15,0,52,0,0,0,0,0,10,27,15,0,52,0,0,0,52
12/26/2004,BTR,LA,ASW,CE,Combined TRACON& Tower with Radar,12,42,48,0,102,0,0,63,0,63,12,42,111,0,165,52,0,52,217
12/27/2004,BTR,LA,ASW,CE,Combined TRACON& Tower with Radar,15,55,65,0,135,0,0,75,0,75,15,55,140,0,210,76,0,76,286
12/28/2004,BTR,LA,ASW,CE,Combined TRACON& Tower with Radar,22,52,47,0,121,0,0,91,0,91,22,52,138,0,212,72,0,72,284
12/29/2004,BTR,LA,ASW,CE,Combined TRACON& Tower with Radar,17,53,60,0,130,0,0,72,0,72,17,53,132,0,202,78,0,78,280
12/30/2004,BTR,LA,ASW,CE,Combined TRACON& Tower with Radar,16,49,57,2,124,0,0,65,1,66,16,49,122,3,190,28,0,28,218
12/31/2004,BTR,LA,ASW,CE,Combined TRACON& Tower with Radar,13,34,47,0,94,0,0,22,0,22,13,34,69,0,116,16,0,16,132
01/01/2005,BTR,LA,ASW,CE,Combined TRACON& Tower with Radar,14,24,34,0,72,0,0,3,0,3,14,24,37,0,75,6,0,6,81
01/02/2005,BTR,LA,ASW,CE,Combined TRACON& Tower with Radar,17,34,103,0,154,0,0,36,0,36,17,34,139,0,190,58,0,58,248
01/03/2005,BTR,LA,ASW,CE,Combined TRACON& Tower with Radar,14,50,65,0,129,0,0,27,0,27,14,50,92,0,156,60,0,60,216
01/04/2005,BTR,LA,ASW,CE,Combined TRACON& Tower with Radar,19,77,19,9,124,0,0,0,0,0,19,77,19,9,124,68,28,96,220
01/05/2005,BTR,LA,ASW,CE,Combined TRACON& Tower with Radar,17,79,90,7,193,0,0,26,0,26,17,79,116,7,219,60,2,62,281
01/06/2005,BTR,LA,ASW,CE,Combined TRACON& Tower with Radar,19,49,111,2,181,0,0,19,1,20,19,49,130,3,201,12,0,12,213
01/07/2005,BTR,LA,ASW,CE,Combined TRACON& Tower with Radar,16,51,57,31,155,0,0,4,0,4,16,51,61,31,159,12,0,12,171
01/08/2005,BTR,LA,ASW,CE,Combined TRACON& Tower with Radar,11,33,59,11,114,0,0,52,0,52,11,33,111,11,166,64,0,64,230
01/09/2005,BTR,LA,ASW,CE,Combined TRACON& Tower with Radar,13,51,97,0,161,0,0,19,0,19,13,51,116,0,180,76,0,76,256
01/10/2005,BTR,LA,ASW,CE,Combined TRACON& Tower with Radar,14,49,86,0,149,0,0,33,0,33,14,49,119,0,182,48,0,48,230
01/11/2005,BTR,LA,ASW,CE,Combined TRACON& Tower with Radar,17,52,66,6,141,0,0,29,0,29,17,52,95,6,170,68,0,68,238
01/12/2005,BTR,LA,ASW,CE,Combined TRACON& Tower with Radar,15,63,102,6,186,0,0,33,0,33,15,63,135,6,219,52,6,58,277
01/13/2005,BTR,LA,ASW,CE,Combined TRACON& Tower with Radar,11,54,58,1,124,0,0,4,0,4,11,54,62,1,128,6,0,6,134
01/14/2005,BTR,LA,ASW,CE,Combined TRACON& Tower with Radar,16,54,73,20,163,0,0,75,3,78,16,54,148,23,241,24,10,34,275
01/15/2005,BTR,LA,ASW,CE,Combined TRACON& Tower with Radar,11,29,68,11,119,0,0,85,0,85,11,29,153,11,204,120,6,126,330
01/16/2005,BTR,LA,ASW,CE,Combined TRACON& Tower with Radar,13,43,65,3,124,0,0,56,0,56,13,43,121,3,180,100,0,100,280
01/17/2005,BTR,LA,ASW,CE,Combined TRACON& Tower with Radar,16,48,70,4,138,0,0,67,0,67,16,48,137,4,205,72,8,80,285
01/18/2005,BTR,LA,ASW,CE,Combined TRACON& Tower with Radar,16,59,84,3,162,0,0,59,1,60,16,59,143,4,222,78,0,78,300
01/19/2005,BTR,LA,ASW,CE,Combined TRACON& Tower with Radar,17,58,92,6,173,0,1,68,1,70,17,59,160,7,243,26,0,26,269
01/20/2005,BTR,LA,ASW,CE,Combined TRACON& Tower with Radar,14,61,105,15,195,0,0,56,0,56,14,61,161,15,251,64,0,64,315
01/21/2005,BTR,LA,ASW,CE,Combined TRACON& Tower with Radar,15,59,78,9,161,0,0,55,1,56,15,59,133,10,217,34,12,46,263
01/22/2005,BTR,LA,ASW,CE,Combined TRACON& Tower with Radar,11,39,26,1,77,0,0,14,0,14,11,39,40,1,91,22,4,26,117
01/23/2005,BTR,LA,ASW,CE,Combined TRACON& Tower with Radar,12,48,59,5,124,0,0,42,0,42,12,48,101,5,166,68,0,68,234
01/24/2005,BTR,LA,ASW,CE,Combined TRACON& Tower with Radar,18,57,75,2,152,0,0,0,0,0,18,57,75,2,152,96,0,96,248
01/25/2005,BTR,LA,ASW,CE,Combined TRACON& Tower with Radar,16,52,80,14,162,0,0,53,4,57,16,52,133,18,219,70,14,84,303
01/26/2005,BTR,LA,ASW,CE,Combined TRACON& Tower with Radar,17,50,107,14,188,0,0,62,0,62,17,50,169,14,250,44,6,50,300
01/27/2005,BTR,LA,ASW,CE,Combined TRACON& Tower with Radar,16,57,107,0,180,0,0,53,0,53,16,57,160,0,233,20,0,20,253
01/28/2005,BTR,LA,ASW,CE,Combined TRACON& Tower with Radar,16,55,75,4,150,0,0,5,0,5,16,55,80,4,155,0,0,0,155
01/29/2005,BTR,LA,ASW,CE,Combined TRACON& Tower with Radar,5,27,50,0,82,0,0,0,0,0,5,27,50,0,82,0,0,0,82
01/30/2005,BTR,LA,ASW,CE,Combined TRACON& Tower with Radar,17,38,126,5,186,0,0,49,0,49,17,38,175,5,235,48,0,48,283
01/31/2005,BTR,LA,ASW,CE,Combined TRACON& Tower with Radar,14,59,57,0,130,0,0,4,0,4,14,59,61,0,134,0,0,0,134
02/01/2005,BTR,LA,ASW,CE,Combined TRACON& Tower with Radar,8,59,56,0,123,0,0,0,0,0,8,59,56,0,123,0,0,0,123
02/02/2005,BTR,LA,ASW,CE,Combined TRACON& Tower with Radar,15,51,99,12,177,0,0,0,0,0,15,51,99,12,177,0,0,0,177
02/03/2005,BTR,LA,ASW,CE,Combined TRACON& Tower with Radar,0,0,0,0,0,0,0,0,0,0,0,0,0,0,0,58,0,58,58
02/04/2005,BTR,LA,ASW,CE,Combined TRACON& Tower with Radar,14,54,102,0,170,0,2,84,3,89,14,56,186,3,259,76,0,76,335
02/05/2005,BTR,LA,ASW,CE,Combined TRACON& Tower with Radar,14,41,41,2,98,0,0,89,2,91,14,41,130,4,189,84,0,84,273
02/06/2005,BTR,LA,ASW,CE,Combined TRACON& Tower with Radar,11,44,33,7,95,0,0,30,0,30,11,44,63,7,125,106,2,108,233
02/07/2005,BTR,LA,ASW,CE,Combined TRACON& Tower with Radar,12,59,67,9,147,0,0,6,0,6,12,59,73,9,153,28,0,28,181
02/08/2005,BTR,LA,ASW,CE,Combined TRACON& Tower with Radar,13,63,37,2,115,0,0,10,0,10,13,63,47,2,125,24,0,24,149
02/09/2005,BTR,LA,ASW,CE,Combined TRACON& Tower with Radar,15,64,56,0,135,0,0,10,0,10,15,64,66,0,145,0,0,0,145
02/10/2005,BTR,LA,ASW,CE,Combined TRACON& Tower with Radar,14,57,92,0,163,0,0,72,1,73,14,57,164,1,236,24,0,24,260
02/11/2005,BTR,LA,ASW,CE,Combined TRACON& Tower with Radar,14,55,67,10,146,0,1,88,0,89,14,56,155,10,235,50,6,56,291
02/12/2005,BTR,LA,ASW,CE,Combined TRACON& Tower with Radar,15,41,85,9,150,0,0,93,0,93,15,41,178,9,243,164,0,164,407
02/13/2005,BTR,LA,ASW,CE,Combined TRACON& Tower with Radar,9,51,30,0,90,0,0,11,0,11,9,51,41,0,101,0,0,0,101
02/14/2005,BTR,LA,ASW,CE,Combined TRACON& Tower with Radar,15,54,86,0,155,0,0,63,0,63,15,54,149,0,218,74,0,74,292
02/15/2005,BTR,LA,ASW,CE,Combined TRACON& Tower with Radar,15,68,81,7,171,0,0,32,0,32,15,68,113,7,203,116,0,116,319
02/16/2005,BTR,LA,ASW,CE,Combined TRACON& Tower with Radar,12,60,104,0,176,0,0,26,2,28,12,60,130,2,204,112,0,112,316
02/17/2005,BTR,LA,ASW,CE,Combined TRACON& Tower with Radar,0,0,0,0,0,0,0,0,0,0,0,0,0,0,0,32,0,32,32
02/18/2005,BTR,LA,ASW,CE,Combined TRACON& Tower with Radar,11,59,64,11,145,0,0,83,1,84,11,59,147,12,229,94,0,94,323
02/19/2005,BTR,LA,ASW,CE,Combined TRACON& Tower with Radar,12,38,42,0,92,0,0,70,1,71,12,38,112,1,163,48,0,48,211
02/20/2005,BTR,LA,ASW,CE,Combined TRACON& Tower with Radar,11,43,105,0,159,0,0,31,1,32,11,43,136,1,191,80,0,80,271
02/21/2005,BTR,LA,ASW,CE,Combined TRACON& Tower with Radar,20,50,80,0,150,0,0,37,0,37,20,50,117,0,187,42,0,42,229
02/22/2005,BTR,LA,ASW,CE,Combined TRACON& Tower with Radar,14,56,100,6,176,0,0,47,0,47,14,56,147,6,223,80,0,80,303
02/23/2005,BTR,LA,ASW,CE,Combined TRACON& Tower with Radar,16,72,64,13,165,0,0,10,1,11,16,72,74,14,176,24,12,36,212
02/24/2005,BTR,LA,ASW,CE,Combined TRACON& Tower with Radar,14,52,55,0,121,0,0,1,0,1,14,52,56,0,122,0,0,0,122
02/25/2005,BTR,LA,ASW,CE,Combined TRACON& Tower with Radar,13,66,71,0,150,0,0,79,3,82,13,66,150,3,232,74,0,74,306
02/26/2005,BTR,LA,ASW,CE,Combined TRACON& Tower with Radar,15,33,99,0,147,0,0,79,0,79,15,33,178,0,226,104,0,104,330
02/27/2005,BTR,LA,ASW,CE,Combined TRACON& Tower with Radar,12,45,68,0,125,0,0,22,0,22,12,45,90,0,147,66,0,66,213
02/28/2005,BTR,LA,ASW,CE,Combined TRACON& Tower with Radar,21,56,73,0,150,0,0,80,0,80,21,56,153,0,230,116,0,116,346
03/01/2005,BTR,LA,ASW,CE,Combined TRACON& Tower with Radar,14,60,98,1,173,0,0,108,0,108,14,60,206,1,281,86,0,86,367
03/02/2005,BTR,LA,ASW,CE,Combined TRACON& Tower with Radar,11,67,100,0,178,0,0,54,0,54,11,67,154,0,232,46,0,46,278
03/03/2005,BTR,LA,ASW,CE,Combined TRACON& Tower with Radar,13,61,102,12,188,0,0,16,3,19,13,61,118,15,207,40,0,40,247
03/04/2005,BTR,LA,ASW,CE,Combined TRACON& Tower with Radar,14,51,86,3,154,0,0,60,0,60,14,51,146,3,214,44,0,44,258
03/05/2005,BTR,LA,ASW,CE,Combined TRACON& Tower with Radar,11,30,52,0,93,0,0,60,3,63,11,30,112,3,156,84,0,84,240
03/06/2005,BTR,LA,ASW,CE,Combined TRACON& Tower with Radar,12,45,62,0,119,0,0,63,0,63,12,45,125,0,182,106,0,106,288
03/07/2005,BTR,LA,ASW,CE,Combined TRACON& Tower with Radar,12,59,72,2,145,0,0,24,0,24,12,59,96,2,169,34,0,34,203
03/08/2005,BTR,LA,ASW,CE,Combined TRACON& Tower with Radar,14,63,81,0,158,0,1,98,0,99,14,64,179,0,257,126,0,126,383
03/09/2005,BTR,LA,ASW,CE,Combined TRACON& Tower with Radar,14,67,81,1,163,0,0,52,0,52,14,67,133,1,215,78,0,78,293
03/10/2005,BTR,LA,ASW,CE,Combined TRACON& Tower with Radar,12,59,105,1,177,0,0,89,0,89,12,59,194,1,266,68,6,74,340
03/11/2005,BTR,LA,ASW,CE,Combined TRACON& Tower with Radar,13,48,60,2,123,0,1,64,0,65,13,49,124,2,188,62,0,62,250
03/12/2005,BTR,LA,ASW,CE,Combined TRACON& Tower with Radar,12,35,44,8,99,0,0,62,1,63,12,35,106,9,162,58,0,58,220
03/13/2005,BTR,LA,ASW,CE,Combined TRACON& Tower with Radar,12,40,73,6,131,0,0,41,0,41,12,40,114,6,172,24,12,36,208
03/14/2005,BTR,LA,ASW,CE,Combined TRACON& Tower with Radar,15,59,89,2,165,0,0,45,0,45,15,59,134,2,210,102,0,102,312
03/15/2005,BTR,LA,ASW,CE,Combined TRACON& Tower with Radar,20,59,92,3,174,0,0,18,2,20,20,59,110,5,194,36,0,36,230
03/16/2005,BTR,LA,ASW,CE,Combined TRACON& Tower with Radar,14,57,94,0,165,0,0,3,0,3,14,57,97,0,168,0,0,0,168
03/17/2005,BTR,LA,ASW,CE,Combined TRACON& Tower with Radar,15,56,85,19,175,0,0,65,0,65,15,56,150,19,240,56,52,108,348
03/18/2005,BTR,LA,ASW,CE,Combined TRACON& Tower with Radar,21,54,53,2,130,0,0,85,4,89,21,54,138,6,219,60,0,60,279
03/19/2005,BTR,LA,ASW,CE,Combined TRACON& Tower with Radar,15,29,47,2,93,0,2,60,9,71,15,31,107,11,164,44,0,44,208
03/20/2005,BTR,LA,ASW,CE,Combined TRACON& Tower with Radar,10,44,88,0,142,0,0,35,0,35,10,44,123,0,177,66,0,66,243
03/21/2005,BTR,LA,ASW,CE,Combined TRACON& Tower with Radar,10,58,84,1,153,0,0,46,0,46,10,58,130,1,199,30,0,30,229
03/22/2005,BTR,LA,ASW,CE,Combined TRACON& Tower with Radar,10,57,77,6,150,0,0,27,0,27,10,57,104,6,177,36,8,44,221
03/23/2005,BTR,LA,ASW,CE,Combined TRACON& Tower with Radar,12,63,89,11,175,0,0,130,2,132,12,63,219,13,307,124,0,124,431
03/24/2005,BTR,LA,ASW,CE,Combined TRACON& Tower with Radar,11,65,122,0,198,0,1,88,2,91,11,66,210,2,289,30,0,30,319
03/25/2005,BTR,LA,ASW,CE,Combined TRACON& Tower with Radar,11,58,83,3,155,0,0,67,2,69,11,58,150,5,224,72,0,72,296
03/26/2005,BTR,LA,ASW,CE,Combined TRACON& Tower with Radar,9,37,64,2,112,0,0,10,0,10,9,37,74,2,122,44,0,44,166
03/27/2005,BTR,LA,ASW,CE,Combined TRACON& Tower with Radar,12,41,56,0,109,0,0,17,1,18,12,41,73,1,127,42,0,42,169
03/28/2005,BTR,LA,ASW,CE,Combined TRACON& Tower with Radar,14,63,78,7,162,0,0,55,0,55,14,63,133,7,217,116,4,120,337
03/29/2005,BTR,LA,ASW,CE,Combined TRACON& Tower with Radar,11,61,69,11,152,0,0,64,4,68,11,61,133,15,220,90,6,96,316
03/30/2005,BTR,LA,ASW,CE,Combined TRACON& Tower with Radar,10,64,113,9,196,0,0,8,1,9,10,64,121,10,205,26,0,26,231
03/31/2005,BTR,LA,ASW,CE,Combined TRACON& Tower with Radar,11,69,81,15,176,0,0,10,0,10,11,69,91,15,186,24,0,24,210
04/01/2005,BTR,LA,ASW,CE,Combined TRACON& Tower with Radar,10,56,88,28,182,0,0,42,0,42,10,56,130,28,224,38,10,48,272
04/02/2005,BTR,LA,ASW,CE,Combined TRACON& Tower with Radar,14,37,40,0,91,0,0,63,0,63,14,37,103,0,154,44,0,44,198
04/03/2005,BTR,LA,ASW,CE,Combined TRACON& Tower with Radar,10,49,55,0,114,0,0,72,0,72,10,49,127,0,186,74,18,92,278
04/04/2005,BTR,LA,ASW,CE,Combined TRACON& Tower with Radar,14,62,121,17,214,0,0,65,2,67,14,62,186,19,281,124,14,138,419
04/05/2005,BTR,LA,ASW,CE,Combined TRACON& Tower with Radar,12,58,110,15,195,0,0,44,2,46,12,58,154,17,241,66,4,70,311
04/06/2005,BTR,LA,ASW,CE,Combined TRACON& Tower with Radar,14,58,59,1,132,0,0,13,0,13,14,58,72,1,145,60,0,60,205
04/07/2005,BTR,LA,ASW,CE,Combined TRACON& Tower with Radar,13,72,78,9,172,0,0,58,0,58,13,72,136,9,230,92,0,92,322
04/08/2005,BTR,LA,ASW,CE,Combined TRACON& Tower with Radar,0,0,0,0,0,0,0,0,0,0,0,0,0,0,0,134,0,134,134
04/09/2005,BTR,LA,ASW,CE,Combined TRACON& Tower with Radar,13,36,36,6,91,0,0,93,0,93,13,36,129,6,184,76,12,88,272
04/10/2005,BTR,LA,ASW,CE,Combined TRACON& Tower with Radar,11,51,90,4,156,0,0,51,0,51,11,51,141,4,207,112,0,112,319
04/11/2005,BTR,LA,ASW,CE,Combined TRACON& Tower with Radar,10,56,50,0,116,0,0,9,0,9,10,56,59,0,125,22,0,22,147
04/12/2005,BTR,LA,ASW,CE,Combined TRACON& Tower with Radar,14,53,97,12,176,0,0,79,2,81,14,53,176,14,257,78,10,88,345
04/13/2005,BTR,LA,ASW,CE,Combined TRACON& Tower with Radar,12,69,101,9,191,0,0,86,0,86,12,69,187,9,277,98,6,104,381
04/14/2005,BTR,LA,ASW,CE,Combined TRACON& Tower with Radar,12,62,79,24,177,0,0,81,0,81,12,62,160,24,258,118,0,118,376
04/15/2005,BTR,LA,ASW,CE,Combined TRACON& Tower with Radar,16,51,56,23,146,0,0,73,0,73,16,51,129,23,219,60,2,62,281
04/16/2005,BTR,LA,ASW,CE,Combined TRACON& Tower with Radar,11,42,45,7,105,0,1,74,0,75,11,43,119,7,180,120,0,120,300
04/17/2005,BTR,LA,ASW,CE,Combined TRACON& Tower with Radar,12,42,64,9,127,0,0,91,0,91,12,42,155,9,218,90,0,90,308
04/18/2005,BTR,LA,ASW,CE,Combined TRACON& Tower with Radar,13,53,94,17,177,0,0,64,0,64,13,53,158,17,241,72,10,82,323
04/19/2005,BTR,LA,ASW,CE,Combined TRACON& Tower with Radar,13,63,85,11,172,0,1,56,2,59,13,64,141,13,231,72,8,80,311
04/20/2005,BTR,LA,ASW,CE,Combined TRACON& Tower with Radar,14,59,94,4,171,0,0,81,0,81,14,59,175,4,252,112,4,116,368
04/21/2005,BTR,LA,ASW,CE,Combined TRACON& Tower with Radar,11,62,99,18,190,0,0,29,1,30,11,62,128,19,220,88,8,96,316
04/22/2005,BTR,LA,ASW,CE,Combined TRACON& Tower with Radar,9,59,90,33,191,0,0,43,0,43,9,59,133,33,234,84,36,120,354
04/23/2005,BTR,LA,ASW,CE,Combined TRACON& Tower with Radar,12,38,46,6,102,0,0,62,0,62,12,38,108,6,164,78,0,78,242
04/24/2005,BTR,LA,ASW,CE,Combined TRACON& Tower with Radar,9,45,92,2,148,0,0,119,1,120,9,45,211,3,268,86,0,86,354
04/25/2005,BTR,LA,ASW,CE,Combined TRACON& Tower with Radar,12,65,114,0,191,0,0,29,0,29,12,65,143,0,220,64,0,64,284
04/26/2005,BTR,LA,ASW,CE,Combined TRACON& Tower with Radar,14,66,94,7,181,0,0,32,0,32,14,66,126,7,213,70,0,70,283
04/27/2005,BTR,LA,ASW,CE,Combined TRACON& Tower with Radar,13,62,107,15,197,0,2,106,2,110,13,64,213,17,307,102,14,116,423
04/28/2005,BTR,LA,ASW,CE,Combined TRACON& Tower with Radar,11,64,85,9,169,0,0,76,0,76,11,64,161,9,245,0,0,0,245
04/29/2005,BTR,LA,ASW,CE,Combined TRACON& Tower with Radar,12,58,83,8,161,0,0,40,0,40,12,58,123,8,201,42,4,46,247
04/30/2005,BTR,LA,ASW,CE,Combined TRACON& Tower with Radar,14,45,22,0,81,0,0,7,3,10,14,45,29,3,91,14,0,14,105
05/01/2005,BTR,LA,ASW,CE,Combined TRACON& Tower with Radar,13,55,85,23,176,0,0,81,0,81,13,55,166,23,257,62,20,82,339
05/02/2005,BTR,LA,ASW,CE,Combined TRACON& Tower with Radar,13,70,105,4,192,0,0,90,0,90,13,70,195,4,282,116,0,116,398
05/03/2005,BTR,LA,ASW,CE,Combined TRACON& Tower with Radar,14,63,68,12,157,0,0,79,2,81,14,63,147,14,238,96,2,98,336
05/04/2005,BTR,LA,ASW,CE,Combined TRACON& Tower with Radar,13,60,70,3,146,0,0,47,0,47,13,60,117,3,193,110,0,110,303
05/05/2005,BTR,LA,ASW,CE,Combined TRACON& Tower with Radar,10,58,93,4,165,0,0,83,0,83,10,58,176,4,248,150,0,150,398
05/06/2005,BTR,LA,ASW,CE,Combined TRACON& Tower with Radar,12,59,64,21,156,0,1,104,2,107,12,60,168,23,263,84,10,94,357
05/07/2005,BTR,LA,ASW,CE,Combined TRACON& Tower with Radar,12,36,49,0,97,0,0,77,0,77,12,36,126,0,174,88,0,88,262
05/08/2005,BTR,LA,ASW,CE,Combined TRACON& Tower with Radar,19,50,83,0,152,0,0,61,0,61,19,50,144,0,213,168,0,168,381
05/09/2005,BTR,LA,ASW,CE,Combined TRACON& Tower with Radar,14,59,90,6,169,0,0,29,0,29,14,59,119,6,198,30,0,30,228
05/10/2005,BTR,LA,ASW,CE,Combined TRACON& Tower with Radar,14,55,100,4,173,0,0,70,1,71,14,55,170,5,244,78,0,78,322
05/11/2005,BTR,LA,ASW,CE,Combined TRACON& Tower with Radar,12,57,104,9,182,0,0,59,0,59,12,57,163,9,241,142,4,146,387
05/12/2005,BTR,LA,ASW,CE,Combined TRACON& Tower with Radar,12,60,75,32,179,0,0,65,0,65,12,60,140,32,244,74,0,74,318
05/13/2005,BTR,LA,ASW,CE,Combined TRACON& Tower with Radar,13,64,73,6,156,0,0,49,6,55,13,64,122,12,211,64,2,66,277
05/14/2005,BTR,LA,ASW,CE,Combined TRACON& Tower with Radar,13,38,41,0,92,0,0,23,1,24,13,38,64,1,116,16,0,16,132
05/15/2005,BTR,LA,ASW,CE,Combined TRACON& Tower with Radar,12,46,94,0,152,0,0,87,0,87,12,46,181,0,239,178,0,178,417
05/16/2005,BTR,LA,ASW,CE,Combined TRACON& Tower with Radar,12,60,68,12,152,0,0,91,0,91,12,60,159,12,243,100,8,108,351
05/17/2005,BTR,LA,ASW,CE,Combined TRACON& Tower with Radar,21,60,93,10,184,0,0,81,2,83,21,60,174,12,267,90,40,130,397
05/18/2005,BTR,LA,ASW,CE,Combined TRACON& Tower with Radar,13,59,98,0,170,0,0,71,0,71,13,59,169,0,241,40,0,40,281
05/19/2005,BTR,LA,ASW,CE,Combined TRACON& Tower with Radar,12,59,81,7,159,0,0,70,0,70,12,59,151,7,229,116,2,118,347
05/20/2005,BTR,LA,ASW,CE,Combined TRACON& Tower with Radar,15,64,66,1,146,0,0,60,0,60,15,64,126,1,206,70,0,70,276
05/21/2005,BTR,LA,ASW,CE,Combined TRACON& Tower with Radar,12,42,56,0,110,0,0,80,0,80,12,42,136,0,190,48,0,48,238
05/22/2005,BTR,LA,ASW,CE,Combined TRACON& Tower with Radar,13,43,83,0,139,0,0,66,0,66,13,43,149,0,205,52,0,52,257
05/23/2005,BTR,LA,ASW,CE,Combined TRACON& Tower with Radar,13,64,80,8,165,0,0,75,0,75,13,64,155,8,240,64,2,66,306
05/24/2005,BTR,LA,ASW,CE,Combined TRACON& Tower with Radar,13,67,83,6,169,0,0,83,1,84,13,67,166,7,253,138,2,140,393
05/25/2005,BTR,LA,ASW,CE,Combined TRACON& Tower with Radar,14,63,79,0,156,0,1,76,1,78,14,64,155,1,234,90,0,90,324
05/26/2005,BTR,LA,ASW,CE,Combined TRACON& Tower with Radar,13,70,74,4,161,0,0,83,0,83,13,70,157,4,244,62,0,62,306
05/27/2005,BTR,LA,ASW,CE,Combined TRACON& Tower with Radar,13,66,68,0,147,0,0,49,0,49,13,66,117,0,196,78,30,108,304
05/28/2005,BTR,LA,ASW,CE,Combined TRACON& Tower with Radar,11,37,32,0,80,0,0,39,0,39,11,37,71,0,119,24,0,24,143
05/29/2005,BTR,LA,ASW,CE,Combined TRACON& Tower with Radar,11,42,39,0,92,0,0,52,0,52,11,42,91,0,144,52,0,52,196
05/30/2005,BTR,LA,ASW,CE,Combined TRACON& Tower with Radar,9,52,56,2,119,0,0,11,0,11,9,52,67,2,130,58,0,58,188
05/31/2005,BTR,LA,ASW,CE,Combined TRACON& Tower with Radar,12,68,94,3,177,0,1,36,0,37,12,69,130,3,214,30,0,30,244
06/01/2005,BTR,LA,ASW,CE,Combined TRACON& Tower with Radar,10,62,104,27,203,0,0,40,0,40,10,62,144,27,243,76,24,100,343
06/02/2005,BTR,LA,ASW,CE,Combined TRACON& Tower with Radar,13,62,83,9,167,0,1,91,0,92,13,63,174,9,259,74,18,92,351
06/03/2005,BTR,LA,ASW,CE,Combined TRACON& Tower with Radar,11,57,79,9,156,0,0,87,0,87,11,57,166,9,243,60,4,64,307
06/04/2005,BTR,LA,ASW,CE,Combined TRACON& Tower with Radar,12,39,41,16,108,0,0,67,3,70,12,39,108,19,178,104,14,118,296
06/05/2005,BTR,LA,ASW,CE,Combined TRACON& Tower with Radar,14,43,67,9,133,0,0,43,0,43,14,43,110,9,176,22,0,22,198
06/06/2005,BTR,LA,ASW,CE,Combined TRACON& Tower with Radar,12,65,106,5,188,0,0,51,2,53,12,65,157,7,241,72,2,74,315
06/07/2005,BTR,LA,ASW,CE,Combined TRACON& Tower with Radar,13,54,77,5,149,0,0,68,0,68,13,54,145,5,217,100,8,108,325
06/08/2005,BTR,LA,ASW,CE,Combined TRACON& Tower with Radar,12,60,141,0,213,0,0,54,0,54,12,60,195,0,267,76,0,76,343
06/09/2005,BTR,LA,ASW,CE,Combined TRACON& Tower with Radar,15,59,70,1,145,0,0,44,0,44,15,59,114,1,189,54,0,54,243
06/10/2005,BTR,LA,ASW,CE,Combined TRACON& Tower with Radar,0,0,0,0,0,0,0,0,0,0,0,0,0,0,0,44,0,44,44
06/11/2005,BTR,LA,ASW,CE,Combined TRACON& Tower with Radar,10,37,24,2,73,0,0,31,1,32,10,37,55,3,105,28,0,28,133
06/12/2005,BTR,LA,ASW,CE,Combined TRACON& Tower with Radar,12,59,67,0,138,0,0,71,0,71,12,59,138,0,209,126,0,126,335
06/13/2005,BTR,LA,ASW,CE,Combined TRACON& Tower with Radar,12,61,75,17,165,0,0,75,2,77,12,61,150,19,242,118,20,138,380
06/14/2005,BTR,LA,ASW,CE,Combined TRACON& Tower with Radar,17,61,89,10,177,0,0,76,1,77,17,61,165,11,254,176,60,236,490
06/15/2005,BTR,LA,ASW,CE,Combined TRACON& Tower with Radar,14,68,91,5,178,0,0,83,0,83,14,68,174,5,261,64,8,72,333
06/16/2005,BTR,LA,ASW,CE,Combined TRACON& Tower with Radar,14,61,85,3,163,0,0,56,3,59,14,61,141,6,222,56,0,56,278
06/17/2005,BTR,LA,ASW,CE,Combined TRACON& Tower with Radar,14,61,85,1,161,0,0,37,0,37,14,61,122,1,198,44,0,44,242
06/18/2005,BTR,LA,ASW,CE,Combined TRACON& Tower with Radar,12,40,38,14,104,0,0,39,0,39,12,40,77,14,143,76,10,86,229
06/19/2005,BTR,LA,ASW,CE,Combined TRACON& Tower with Radar,11,54,72,7,144,0,0,91,0,91,11,54,163,7,235,60,0,60,295
06/20/2005,BTR,LA,ASW,CE,Combined TRACON& Tower with Radar,15,63,74,9,161,0,0,80,0,80,15,63,154,9,241,106,10,116,357
06/21/2005,BTR,LA,ASW,CE,Combined TRACON& Tower with Radar,16,78,98,4,196,0,1,75,0,76,16,79,173,4,272,100,18,118,390
06/22/2005,BTR,LA,ASW,CE,Combined TRACON& Tower with Radar,16,66,86,4,172,0,0,63,0,63,16,66,149,4,235,132,0,132,367
06/23/2005,BTR,LA,ASW,CE,Combined TRACON& Tower with Radar,13,58,71,0,142,0,0,48,0,48,13,58,119,0,190,26,0,26,216
06/24/2005,BTR,LA,ASW,CE,Combined TRACON& Tower with Radar,16,57,59,3,135,0,2,81,0,83,16,59,140,3,218,46,0,46,264
06/25/2005,BTR,LA,ASW,CE,Combined TRACON& Tower with Radar,14,40,49,1,104,0,0,54,3,57,14,40,103,4,161,88,0,88,249
06/26/2005,BTR,LA,ASW,CE,Combined TRACON& Tower with Radar,11,50,62,0,123,0,0,61,2,63,11,50,123,2,186,100,0,100,286
06/27/2005,BTR,LA,ASW,CE,Combined TRACON& Tower with Radar,14,61,72,2,149,0,0,41,0,41,14,61,113,2,190,50,0,50,240
06/28/2005,BTR,LA,ASW,CE,Combined TRACON& Tower with Radar,14,71,79,0,164,0,0,54,0,54,14,71,133,0,218,52,0,52,270
06/29/2005,BTR,LA,ASW,CE,Combined TRACON& Tower with Radar,15,65,68,6,154,0,0,49,0,49,15,65,117,6,203,74,8,82,285
06/30/2005,BTR,LA,ASW,CE,Combined TRACON& Tower with Radar,15,64,74,5,158,0,0,59,0,59,15,64,133,5,217,34,6,40,257
07/01/2005,BTR,LA,ASW,CE,Combined TRACON& Tower with Radar,14,54,71,2,141,0,0,38,0,38,14,54,109,2,179,50,4,54,233
07/02/2005,BTR,LA,ASW,CE,Combined TRACON& Tower with Radar,8,43,30,0,81,0,0,45,0,45,8,43,75,0,126,56,0,56,182
07/03/2005,BTR,LA,ASW,CE,Combined TRACON& Tower with Radar,6,47,60,0,113,0,0,30,0,30,6,47,90,0,143,28,0,28,171
07/04/2005,BTR,LA,ASW,CE,Combined TRACON& Tower with Radar,9,50,39,2,100,0,0,37,0,37,9,50,76,2,137,74,8,82,219
07/05/2005,BTR,LA,ASW,CE,Combined TRACON& Tower with Radar,13,58,74,0,145,0,0,28,0,28,13,58,102,0,173,12,0,12,185
07/06/2005,BTR,LA,ASW,CE,Combined TRACON& Tower with Radar,12,57,46,0,115,0,0,37,0,37,12,57,83,0,152,78,0,78,230
07/07/2005,BTR,LA,ASW,CE,Combined TRACON& Tower with Radar,15,64,107,0,186,0,0,41,0,41,15,64,148,0,227,0,0,0,227
07/08/2005,BTR,LA,ASW,CE,Combined TRACON& Tower with Radar,9,62,72,1,144,0,0,39,19,58,9,62,111,20,202,52,0,52,254
07/09/2005,BTR,LA,ASW,CE,Combined TRACON& Tower with Radar,10,47,52,0,109,0,0,68,2,70,10,47,120,2,179,22,0,22,201
07/10/2005,BTR,LA,ASW,CE,Combined TRACON& Tower with Radar,9,57,26,0,92,0,0,16,0,16,9,57,42,0,108,44,0,44,152
07/11/2005,BTR,LA,ASW,CE,Combined TRACON& Tower with Radar,14,66,42,2,124,0,0,47,0,47,14,66,89,2,171,88,0,88,259
07/12/2005,BTR,LA,ASW,CE,Combined TRACON& Tower with Radar,13,67,66,0,146,0,3,56,0,59,13,70,122,0,205,82,0,82,287
07/13/2005,BTR,LA,ASW,CE,Combined TRACON& Tower with Radar,10,63,96,6,175,0,0,79,14,93,10,63,175,20,268,52,10,62,330
07/14/2005,BTR,LA,ASW,CE,Combined TRACON& Tower with Radar,11,58,62,0,131,0,0,22,2,24,11,58,84,2,155,24,0,24,179
07/15/2005,BTR,LA,ASW,CE,Combined TRACON& Tower with Radar,11,58,55,1,125,0,0,15,4,19,11,58,70,5,144,42,0,42,186
07/16/2005,BTR,LA,ASW,CE,Combined TRACON& Tower with Radar,10,38,44,0,92,0,0,37,0,37,10,38,81,0,129,18,0,18,147
07/17/2005,BTR,LA,ASW,CE,Combined TRACON& Tower with Radar,6,47,68,0,121,0,0,43,0,43,6,47,111,0,164,38,0,38,202
07/18/2005,BTR,LA,ASW,CE,Combined TRACON& Tower with Radar,13,70,102,1,186,0,0,61,1,62,13,70,163,2,248,74,0,74,322
07/19/2005,BTR,LA,ASW,CE,Combined TRACON& Tower with Radar,12,66,100,7,185,0,1,65,4,70,12,67,165,11,255,46,2,48,303
07/20/2005,BTR,LA,ASW,CE,Combined TRACON& Tower with Radar,14,58,79,0,151,0,0,60,0,60,14,58,139,0,211,72,0,72,283
07/21/2005,BTR,LA,ASW,CE,Combined TRACON& Tower with Radar,10,64,86,5,165,0,0,73,0,73,10,64,159,5,238,32,2,34,272
07/22/2005,BTR,LA,ASW,CE,Combined TRACON& Tower with Radar,11,58,64,0,133,0,0,54,0,54,11,58,118,0,187,26,0,26,213
07/23/2005,BTR,LA,ASW,CE,Combined TRACON& Tower with Radar,10,44,50,0,104,0,0,59,1,60,10,44,109,1,164,108,0,108,272
07/24/2005,BTR,LA,ASW,CE,Combined TRACON& Tower with Radar,11,61,60,0,132,0,0,63,0,63,11,61,123,0,195,54,0,54,249
07/25/2005,BTR,LA,ASW,CE,Combined TRACON& Tower with Radar,12,69,101,3,185,0,0,61,0,61,12,69,162,3,246,80,0,80,326
07/26/2005,BTR,LA,ASW,CE,Combined TRACON& Tower with Radar,12,70,72,11,165,0,0,47,0,47,12,70,119,11,212,18,0,18,230
07/27/2005,BTR,LA,ASW,CE,Combined TRACON& Tower with Radar,14,63,104,0,181,0,0,71,0,71,14,63,175,0,252,96,0,96,348
07/28/2005,BTR,LA,ASW,CE,Combined TRACON& Tower with Radar,12,66,62,0,140,0,0,39,0,39,12,66,101,0,179,82,0,82,261
07/29/2005,BTR,LA,ASW,CE,Combined TRACON& Tower with Radar,13,60,68,2,143,0,2,66,0,68,13,62,134,2,211,52,0,52,263
07/30/2005,BTR,LA,ASW,CE,Combined TRACON& Tower with Radar,13,43,31,0,87,0,0,16,0,16,13,43,47,0,103,28,0,28,131
07/31/2005,BTR,LA,ASW,CE,Combined TRACON& Tower with Radar,12,52,71,0,135,0,0,65,0,65,12,52,136,0,200,48,0,48,248
08/01/2005,BTR,LA,ASW,CE,Combined TRACON& Tower with Radar,13,73,83,4,173,0,0,62,0,62,13,73,145,4,235,40,6,46,281
08/02/2005,BTR,LA,ASW,CE,Combined TRACON& Tower with Radar,14,64,93,0,171,0,0,63,0,63,14,64,156,0,234,54,0,54,288
08/03/2005,BTR,LA,ASW,CE,Combined TRACON& Tower with Radar,12,67,94,0,173,0,0,59,1,60,12,67,153,1,233,44,0,44,277
08/04/2005,BTR,LA,ASW,CE,Combined TRACON& Tower with Radar,13,67,74,0,154,0,0,27,0,27,13,67,101,0,181,2,0,2,183
08/05/2005,BTR,LA,ASW,CE,Combined TRACON& Tower with Radar,10,61,64,1,136,0,0,45,4,49,10,61,109,5,185,24,0,24,209
08/06/2005,BTR,LA,ASW,CE,Combined TRACON& Tower with Radar,14,40,17,0,71,0,0,43,2,45,14,40,60,2,116,82,0,82,198
08/07/2005,BTR,LA,ASW,CE,Combined TRACON& Tower with Radar,12,58,67,8,145,0,0,62,4,66,12,58,129,12,211,42,0,42,253
08/08/2005,BTR,LA,ASW,CE,Combined TRACON& Tower with Radar,14,62,91,8,175,0,0,56,0,56,14,62,147,8,231,38,6,44,275
08/09/2005,BTR,LA,ASW,CE,Combined TRACON& Tower with Radar,12,50,52,0,114,0,0,31,0,31,12,50,83,0,145,68,0,68,213
08/10/2005,BTR,LA,ASW,CE,Combined TRACON& Tower with Radar,14,68,75,27,184,0,7,61,0,68,14,75,136,27,252,78,0,78,330
08/11/2005,BTR,LA,ASW,CE,Combined TRACON& Tower with Radar,12,64,88,0,164,0,0,60,0,60,12,64,148,0,224,44,0,44,268
08/12/2005,BTR,LA,ASW,CE,Combined TRACON& Tower with Radar,14,71,98,2,185,0,0,58,5,63,14,71,156,7,248,68,0,68,316
08/13/2005,BTR,LA,ASW,CE,Combined TRACON& Tower with Radar,12,42,49,0,103,0,0,53,2,55,12,42,102,2,158,60,0,60,218
08/14/2005,BTR,LA,ASW,CE,Combined TRACON& Tower with Radar,11,51,65,0,127,0,0,60,1,61,11,51,125,1,188,82,0,82,270
08/15/2005,BTR,LA,ASW,CE,Combined TRACON& Tower with Radar,12,64,66,0,142,0,0,46,0,46,12,64,112,0,188,74,0,74,262
08/16/2005,BTR,LA,ASW,CE,Combined TRACON& Tower with Radar,12,62,75,12,161,0,0,74,2,76,12,62,149,14,237,82,10,92,329
08/17/2005,BTR,LA,ASW,CE,Combined TRACON& Tower with Radar,12,71,125,8,216,0,0,64,3,67,12,71,189,11,283,46,2,48,331
08/18/2005,BTR,LA,ASW,CE,Combined TRACON& Tower with Radar,11,70,89,0,170,0,0,44,4,48,11,70,133,4,218,66,0,66,284
08/19/2005,BTR,LA,ASW,CE,Combined TRACON& Tower with Radar,12,52,51,2,117,0,1,37,2,40,12,53,88,4,157,12,0,12,169
08/20/2005,BTR,LA,ASW,CE,Combined TRACON& Tower with Radar,13,41,41,9,104,0,0,71,3,74,13,41,112,12,178,6,4,10,188
08/21/2005,BTR,LA,ASW,CE,Combined TRACON& Tower with Radar,17,54,44,0,115,0,0,18,0,18,17,54,62,0,133,44,0,44,177
08/22/2005,BTR,LA,ASW,CE,Combined TRACON& Tower with Radar,15,62,83,0,160,0,0,45,0,45,15,62,128,0,205,56,0,56,261
08/23/2005,BTR,LA,ASW,CE,Combined TRACON& Tower with Radar,18,52,71,2,143,0,0,52,1,53,18,52,123,3,196,62,0,62,258
08/24/2005,BTR,LA,ASW,CE,Combined TRACON& Tower with Radar,14,67,97,0,178,0,1,58,1,60,14,68,155,1,238,68,0,68,306
08/25/2005,BTR,LA,ASW,CE,Combined TRACON& Tower with Radar,14,68,104,8,194,0,0,74,0,74,14,68,178,8,268,104,2,106,374
08/26/2005,BTR,LA,ASW,CE,Combined TRACON& Tower with Radar,13,59,74,15,161,0,0,55,0,55,13,59,129,15,216,36,48,84,300
08/27/2005,BTR,LA,ASW,CE,Combined TRACON& Tower with Radar,13,46,38,0,97,0,2,71,1,74,13,48,109,1,171,56,0,56,227
08/28/2005,BTR,LA,ASW,CE,Combined TRACON& Tower with Radar,14,60,89,3,166,0,4,87,0,91,14,64,176,3,257,0,0,0,257
08/29/2005,BTR,LA,ASW,CE,Combined TRACON& Tower with Radar,0,0,0,0,0,0,0,0,0,0,0,0,0,0,0,0,0,0,0
08/30/2005,BTR,LA,ASW,CE,Combined TRACON& Tower with Radar,8,68,99,12,187,0,168,297,54,519,8,236,396,66,706,112,0,112,818
08/31/2005,BTR,LA,ASW,CE,Combined TRACON& Tower with Radar,24,185,223,15,447,0,50,443,114,607,24,235,666,129,1054,0,0,0,1054
09/01/2005,BTR,LA,ASW,CE,Combined TRACON& Tower with Radar,28,118,220,26,392,0,3,433,146,582,28,121,653,172,974,0,0,0,974
09/02/2005,BTR,LA,ASW,CE,Combined TRACON& Tower with Radar,27,160,277,43,507,0,39,413,196,648,27,199,690,239,1155,0,0,0,1155
09/03/2005,BTR,LA,ASW,CE,Combined TRACON& Tower with Radar,77,124,266,15,482,0,17,220,133,370,77,141,486,148,852,6,0,6,858
09/04/2005,BTR,LA,ASW,CE,Combined TRACON& Tower with Radar,41,108,233,40,422,0,15,225,338,578,41,123,458,378,1000,2,0,2,1002
09/05/2005,BTR,LA,ASW,CE,Combined TRACON& Tower with Radar,38,89,256,42,425,0,38,215,385,638,38,127,471,427,1063,2,0,2,1065
09/06/2005,BTR,LA,ASW,CE,Combined TRACON& Tower with Radar,43,167,261,30,501,0,27,263,208,498,43,194,524,238,999,0,0,0,999
09/07/2005,BTR,LA,ASW,CE,Combined TRACON& Tower with Radar,34,147,279,37,497,0,25,270,153,448,34,172,549,190,945,0,0,0,945
09/08/2005,BTR,LA,ASW,CE,Combined TRACON& Tower with Radar,42,170,240,46,498,0,13,272,174,459,42,183,512,220,957,0,6,6,963
09/09/2005,BTR,LA,ASW,CE,Combined TRACON& Tower with Radar,58,215,177,134,584,0,21,240,108,369,58,236,417,242,953,0,0,0,953
09/10/2005,BTR,LA,ASW,CE,Combined TRACON& Tower with Radar,50,97,148,15,310,0,10,194,129,333,50,107,342,144,643,0,0,0,643
09/11/2005,BTR,LA,ASW,CE,Combined TRACON& Tower with Radar,53,74,128,21,276,0,12,148,116,276,53,86,276,137,552,4,0,4,556
09/12/2005,BTR,LA,ASW,CE,Combined TRACON& Tower with Radar,44,73,204,27,348,0,12,146,158,316,44,85,350,185,664,4,0,4,668
09/13/2005,BTR,LA,ASW,CE,Combined TRACON& Tower with Radar,49,112,180,19,360,0,10,238,69,317,49,122,418,88,677,4,10,14,691
09/14/2005,BTR,LA,ASW,CE,Combined TRACON& Tower with Radar,50,90,167,24,331,0,8,207,99,314,50,98,374,123,645,30,0,30,675
09/15/2005,BTR,LA,ASW,CE,Combined TRACON& Tower with Radar,50,86,156,22,314,0,16,187,56,259,50,102,343,78,573,0,0,0,573
09/16/2005,BTR,LA,ASW,CE,Combined TRACON& Tower with Radar,49,85,190,45,369,0,6,178,62,246,49,91,368,107,615,0,0,0,615
09/17/2005,BTR,LA,ASW,CE,Combined TRACON& Tower with Radar,39,35,105,18,197,0,14,132,39,185,39,49,237,57,382,16,0,16,398
09/18/2005,BTR,LA,ASW,CE,Combined TRACON& Tower with Radar,40,42,117,15,214,0,12,115,78,205,40,54,232,93,419,30,0,30,449
09/19/2005,BTR,LA,ASW,CE,Combined TRACON& Tower with Radar,43,75,138,18,274,0,8,155,41,204,43,83,293,59,478,0,0,0,478
09/20/2005,BTR,LA,ASW,CE,Combined TRACON& Tower with Radar,42,67,130,16,255,0,10,182,41,233,42,77,312,57,488,24,18,42,530
09/21/2005,BTR,LA,ASW,CE,Combined TRACON& Tower with Radar,46,73,155,21,295,0,4,157,35,196,46,77,312,56,491,10,4,14,505
09/22/2005,BTR,LA,ASW,CE,Combined TRACON& Tower with Radar,42,73,187,15,317,0,9,182,36,227,42,82,369,51,544,16,0,16,560
09/23/2005,BTR,LA,ASW,CE,Combined TRACON& Tower with Radar,25,26,31,2,84,0,0,9,2,11,25,26,40,4,95,0,0,0,95
09/24/2005,BTR,LA,ASW,CE,Combined TRACON& Tower with Radar,9,4,3,13,29,0,2,2,9,13,9,6,5,22,42,0,0,0,42
09/25/2005,BTR,LA,ASW,CE,Combined TRACON& Tower with Radar,49,33,63,21,166,0,14,105,31,150,49,47,168,52,316,0,0,0,316
09/26/2005,BTR,LA,ASW,CE,Combined TRACON& Tower with Radar,44,83,151,18,296,0,12,134,46,192,44,95,285,64,488,28,6,34,522
09/27/2005,BTR,LA,ASW,CE,Combined TRACON& Tower with Radar,50,89,140,11,290,0,1,162,33,196,50,90,302,44,486,22,0,22,508
09/28/2005,BTR,LA,ASW,CE,Combined TRACON& Tower with Radar,41,69,132,11,253,0,0,157,34,191,41,69,289,45,444,22,2,24,468
09/29/2005,BTR,LA,ASW,CE,Combined TRACON& Tower with Radar,38,48,166,19,271,0,0,137,47,184,38,48,303,66,455,14,0,14,469
09/30/2005,BTR,LA,ASW,CE,Combined TRACON& Tower with Radar,45,66,113,17,241,0,4,138,36,178,45,70,251,53,419,4,0,4,423
10/01/2005,BTR,LA,ASW,CE,Combined TRACON& Tower with Radar,24,51,80,11,166,0,0,103,15,118,24,51,183,26,284,52,0,52,336
10/02/2005,BTR,LA,ASW,CE,Combined TRACON& Tower with Radar,28,57,100,5,190,0,3,78,10,91,28,60,178,15,281,108,0,108,389
10/03/2005,BTR,LA,ASW,CE,Combined TRACON& Tower with Radar,21,84,103,20,228,0,0,100,31,131,21,84,203,51,359,24,0,24,383
10/04/2005,BTR,LA,ASW,CE,Combined TRACON& Tower with Radar,26,70,161,6,263,0,1,122,31,154,26,71,283,37,417,26,0,26,443
10/05/2005,BTR,LA,ASW,CE,Combined TRACON& Tower with Radar,34,97,133,14,278,0,0,123,28,151,34,97,256,42,429,10,4,14,443
10/06/2005,BTR,LA,ASW,CE,Combined TRACON& Tower with Radar,24,84,107,8,223,0,0,117,21,138,24,84,224,29,361,62,0,62,423
10/07/2005,BTR,LA,ASW,CE,Combined TRACON& Tower with Radar,30,79,90,16,215,0,2,56,26,84,30,81,146,42,299,0,0,0,299
10/08/2005,BTR,LA,ASW,CE,Combined TRACON& Tower with Radar,21,49,37,2,109,0,5,82,22,109,21,54,119,24,218,14,0,14,232
10/09/2005,BTR,LA,ASW,CE,Combined TRACON& Tower with Radar,29,57,55,1,142,0,4,120,15,139,29,61,175,16,281,30,0,30,311
10/10/2005,BTR,LA,ASW,CE,Combined TRACON& Tower with Radar,28,76,91,2,197,0,4,80,20,104,28,80,171,22,301,14,0,14,315
10/11/2005,BTR,LA,ASW,CE,Combined TRACON& Tower with Radar,33,79,97,12,221,0,2,89,18,109,33,81,186,30,330,34,10,44,374
10/12/2005,BTR,LA,ASW,CE,Combined TRACON& Tower with Radar,27,79,89,7,202,0,0,100,12,112,27,79,189,19,314,42,0,42,356
10/13/2005,BTR,LA,ASW,CE,Combined TRACON& Tower with Radar,30,75,125,2,232,0,13,106,5,124,30,88,231,7,356,0,0,0,356
10/14/2005,BTR,LA,ASW,CE,Combined TRACON& Tower with Radar,33,78,108,5,224,0,1,86,4,91,33,79,194,9,315,28,0,28,343
10/15/2005,BTR,LA,ASW,CE,Combined TRACON& Tower with Radar,33,37,96,4,170,0,0,103,2,105,33,37,199,6,275,38,0,38,313
10/16/2005,BTR,LA,ASW,CE,Combined TRACON& Tower with Radar,31,57,61,2,151,0,1,74,1,76,31,58,135,3,227,22,0,22,249
10/17/2005,BTR,LA,ASW,CE,Combined TRACON& Tower with Radar,25,74,97,6,202,0,0,105,5,110,25,74,202,11,312,10,8,18,330
10/18/2005,BTR,LA,ASW,CE,Combined TRACON& Tower with Radar,32,67,98,14,211,0,0,95,3,98,32,67,193,17,309,37,0,37,346
10/19/2005,BTR,LA,ASW,CE,Combined TRACON& Tower with Radar,33,82,88,7,210,0,0,136,7,143,33,82,224,14,353,40,0,40,393
10/20/2005,BTR,LA,ASW,CE,Combined TRACON& Tower with Radar,32,85,133,5,255,0,0,70,7,77,32,85,203,12,332,38,0,38,370
10/21/2005,BTR,LA,ASW,CE,Combined TRACON& Tower with Radar,28,89,124,5,246,0,2,57,1,60,28,91,181,6,306,10,0,10,316
10/22/2005,BTR,LA,ASW,CE,Combined TRACON& Tower with Radar,27,54,138,1,220,0,1,92,5,98,27,55,230,6,318,4,0,4,322
10/23/2005,BTR,LA,ASW,CE,Combined TRACON& Tower with Radar,30,58,72,0,160,0,2,81,0,83,30,60,153,0,243,2,0,2,245
10/24/2005,BTR,LA,ASW,CE,Combined TRACON& Tower with Radar,26,79,80,5,190,0,3,73,3,79,26,82,153,8,269,38,0,38,307
10/25/2005,BTR,LA,ASW,CE,Combined TRACON& Tower with Radar,31,66,108,4,209,0,0,117,5,122,31,66,225,9,331,58,0,58,389
10/26/2005,BTR,LA,ASW,CE,Combined TRACON& Tower with Radar,29,76,101,6,212,0,1,104,7,112,29,77,205,13,324,28,0,28,352
10/27/2005,BTR,LA,ASW,CE,Combined TRACON& Tower with Radar,29,87,115,6,237,0,6,93,11,110,29,93,208,17,347,18,0,18,365
10/28/2005,BTR,LA,ASW,CE,Combined TRACON& Tower with Radar,28,79,89,7,203,0,6,98,1,105,28,85,187,8,308,48,0,48,356
10/29/2005,BTR,LA,ASW,CE,Combined TRACON& Tower with Radar,33,48,63,2,146,0,4,92,6,102,33,52,155,8,248,42,0,42,290
10/30/2005,BTR,LA,ASW,CE,Combined TRACON& Tower with Radar,38,48,82,2,170,0,1,97,2,100,38,49,179,4,270,22,0,22,292
10/31/2005,BTR,LA,ASW,CE,Combined TRACON& Tower with Radar,27,54,90,0,171,0,5,70,6,81,27,59,160,6,252,38,0,38,290
11/01/2005,BTR,LA,ASW,CE,Combined TRACON& Tower with Radar,34,59,100,5,198,0,0,48,0,48,34,59,148,5,246,14,0,14,260
11/02/2005,BTR,LA,ASW,CE,Combined TRACON& Tower with Radar,31,67,97,0,195,0,4,79,5,88,31,71,176,5,283,94,0,94,377
11/03/2005,BTR,LA,ASW,CE,Combined TRACON& Tower with Radar,33,67,102,9,211,0,4,103,8,115,33,71,205,17,326,54,0,54,380
11/04/2005,BTR,LA,ASW,CE,Combined TRACON& Tower with Radar,37,68,107,9,221,0,0,76,4,80,37,68,183,13,301,10,0,10,311
11/05/2005,BTR,LA,ASW,CE,Combined TRACON& Tower with Radar,37,40,68,5,150,0,0,52,1,53,37,40,120,6,203,36,0,36,239
11/06/2005,BTR,LA,ASW,CE,Combined TRACON& Tower with Radar,37,56,85,0,178,0,0,87,2,89,37,56,172,2,267,42,0,42,309
11/07/2005,BTR,LA,ASW,CE,Combined TRACON& Tower with Radar,29,72,93,4,198,0,0,65,4,69,29,72,158,8,267,50,0,50,317
11/08/2005,BTR,LA,ASW,CE,Combined TRACON& Tower with Radar,32,67,95,5,199,0,4,61,1,66,32,71,156,6,265,10,0,10,275
11/09/2005,BTR,LA,ASW,CE,Combined TRACON& Tower with Radar,40,59,107,4,210,0,1,54,1,56,40,60,161,5,266,26,0,26,292
11/10/2005,BTR,LA,ASW,CE,Combined TRACON& Tower with Radar,36,60,118,3,217,0,1,43,1,45,36,61,161,4,262,44,0,44,306
11/11/2005,BTR,LA,ASW,CE,Combined TRACON& Tower with Radar,37,55,93,2,187,0,1,98,3,102,37,56,191,5,289,50,0,50,339
11/12/2005,BTR,LA,ASW,CE,Combined TRACON& Tower with Radar,35,37,65,0,137,0,1,66,0,67,35,38,131,0,204,28,0,28,232
11/13/2005,BTR,LA,ASW,CE,Combined TRACON& Tower with Radar,29,59,67,0,155,0,0,38,0,38,29,59,105,0,193,34,0,34,227
11/14/2005,BTR,LA,ASW,CE,Combined TRACON& Tower with Radar,27,64,79,1,171,0,1,22,0,23,27,65,101,1,194,38,0,38,232
11/15/2005,BTR,LA,ASW,CE,Combined TRACON& Tower with Radar,30,63,60,8,161,0,0,32,0,32,30,63,92,8,193,0,0,0,193
11/16/2005,BTR,LA,ASW,CE,Combined TRACON& Tower with Radar,32,75,96,16,219,0,2,89,5,96,32,77,185,21,315,8,0,8,323
11/17/2005,BTR,LA,ASW,CE,Combined TRACON& Tower with Radar,30,64,94,1,189,0,5,107,0,112,30,69,201,1,301,62,0,62,363
11/18/2005,BTR,LA,ASW,CE,Combined TRACON& Tower with Radar,38,66,82,2,188,0,6,74,1,81,38,72,156,3,269,34,0,34,303
11/19/2005,BTR,LA,ASW,CE,Combined TRACON& Tower with Radar,31,34,58,2,125,0,0,47,2,49,31,34,105,4,174,10,0,10,184
11/20/2005,BTR,LA,ASW,CE,Combined TRACON& Tower with Radar,27,43,75,0,145,0,0,47,3,50,27,43,122,3,195,44,0,44,239
11/21/2005,BTR,LA,ASW,CE,Combined TRACON& Tower with Radar,28,62,72,8,170,0,0,56,5,61,28,62,128,13,231,42,8,50,281
11/22/2005,BTR,LA,ASW,CE,Combined TRACON& Tower with Radar,32,61,71,12,176,0,0,95,0,95,32,61,166,12,271,44,0,44,315
11/23/2005,BTR,LA,ASW,CE,Combined TRACON& Tower with Radar,35,64,79,0,178,0,1,95,1,97,35,65,174,1,275,76,0,76,351
11/24/2005,BTR,LA,ASW,CE,Combined TRACON& Tower with Radar,24,34,24,0,82,0,0,46,0,46,24,34,70,0,128,0,0,0,128
11/25/2005,BTR,LA,ASW,CE,Combined TRACON& Tower with Radar,32,47,102,0,181,0,0,61,0,61,32,47,163,0,242,32,0,32,274
11/26/2005,BTR,LA,ASW,CE,Combined TRACON& Tower with Radar,26,45,40,0,111,0,0,30,0,30,26,45,70,0,141,78,0,78,219
11/27/2005,BTR,LA,ASW,CE,Combined TRACON& Tower with Radar,24,51,66,0,141,0,0,30,0,30,24,51,96,0,171,12,0,12,183
11/28/2005,BTR,LA,ASW,CE,Combined TRACON& Tower with Radar,25,65,97,1,188,0,0,64,6,70,25,65,161,7,258,44,0,44,302
11/29/2005,BTR,LA,ASW,CE,Combined TRACON& Tower with Radar,33,58,80,0,171,0,1,79,10,90,33,59,159,10,261,30,0,30,291
11/30/2005,BTR,LA,ASW,CE,Combined TRACON& Tower with Radar,33,62,89,0,184,0,2,87,18,107,33,64,176,18,291,74,0,74,365
12/01/2005,BTR,LA,ASW,CE,Combined TRACON& Tower with Radar,33,74,92,0,199,0,2,61,6,69,33,76,153,6,268,76,0,76,344
12/02/2005,BTR,LA,ASW,CE,Combined TRACON& Tower with Radar,33,68,104,8,213,0,1,53,3,57,33,69,157,11,270,46,0,46,316
12/03/2005,BTR,LA,ASW,CE,Combined TRACON& Tower with Radar,33,44,60,2,139,0,0,37,2,39,33,44,97,4,178,0,0,0,178
12/04/2005,BTR,LA,ASW,CE,Combined TRACON& Tower with Radar,32,61,80,2,175,0,0,23,0,23,32,61,103,2,198,36,0,36,234
12/05/2005,BTR,LA,ASW,CE,Combined TRACON& Tower with Radar,32,70,90,6,198,0,0,18,0,18,32,70,108,6,216,4,0,4,220
12/06/2005,BTR,LA,ASW,CE,Combined TRACON& Tower with Radar,28,62,89,3,182,0,0,86,2,88,28,62,175,5,270,54,2,56,326
12/07/2005,BTR,LA,ASW,CE,Combined TRACON& Tower with Radar,34,71,121,2,228,0,0,46,4,50,34,71,167,6,278,62,0,62,340
12/08/2005,BTR,LA,ASW,CE,Combined TRACON& Tower with Radar,35,60,79,5,179,0,0,6,0,6,35,60,85,5,185,0,0,0,185
12/09/2005,BTR,LA,ASW,CE,Combined TRACON& Tower with Radar,29,69,101,2,201,0,1,70,1,72,29,70,171,3,273,44,0,44,317
12/10/2005,BTR,LA,ASW,CE,Combined TRACON& Tower with Radar,26,47,41,3,117,0,0,46,0,46,26,47,87,3,163,38,0,38,201
12/11/2005,BTR,LA,ASW,CE,Combined TRACON& Tower with Radar,29,53,44,2,128,0,0,71,0,71,29,53,115,2,199,64,0,64,263
12/12/2005,BTR,LA,ASW,CE,Combined TRACON& Tower with Radar,28,61,70,0,159,0,0,87,3,90,28,61,157,3,249,22,0,22,271
12/13/2005,BTR,LA,ASW,CE,Combined TRACON& Tower with Radar,32,67,77,16,192,0,0,78,5,83,32,67,155,21,275,8,26,34,309
12/14/2005,BTR,LA,ASW,CE,Combined TRACON& Tower with Radar,36,62,86,2,186,0,0,26,0,26,36,62,112,2,212,32,0,32,244
12/15/2005,BTR,LA,ASW,CE,Combined TRACON& Tower with Radar,32,73,111,2,218,0,0,68,3,71,32,73,179,5,289,32,0,32,321
12/16/2005,BTR,LA,ASW,CE,Combined TRACON& Tower with Radar,33,70,83,10,196,0,0,70,3,73,33,70,153,13,269,32,6,38,307
12/17/2005,BTR,LA,ASW,CE,Combined TRACON& Tower with Radar,26,49,55,0,130,0,0,14,0,14,26,49,69,0,144,24,0,24,168
12/18/2005,BTR,LA,ASW,CE,Combined TRACON& Tower with Radar,32,55,59,0,146,0,0,81,0,81,32,55,140,0,227,34,0,34,261
12/19/2005,BTR,LA,ASW,CE,Combined TRACON& Tower with Radar,27,63,71,0,161,0,3,66,9,78,27,66,137,9,239,46,2,48,287
12/20/2005,BTR,LA,ASW,CE,Combined TRACON& Tower with Radar,31,69,76,0,176,0,0,65,2,67,31,69,141,2,243,62,0,62,305
12/21/2005,BTR,LA,ASW,CE,Combined TRACON& Tower with Radar,30,80,110,5,225,0,0,71,6,77,30,80,181,11,302,42,0,42,344
12/22/2005,BTR,LA,ASW,CE,Combined TRACON& Tower with Radar,37,76,72,2,187,0,1,63,8,72,37,77,135,10,259,8,0,8,267
12/23/2005,BTR,LA,ASW,CE,Combined TRACON& Tower with Radar,0,0,0,0,0,0,0,0,0,0,0,0,0,0,0,52,0,52,52
12/24/2005,BTR,LA,ASW,CE,Combined TRACON& Tower with Radar,25,39,13,0,77,0,0,10,0,10,25,39,23,0,87,12,0,12,99
12/25/2005,BTR,LA,ASW,CE,Combined TRACON& Tower with Radar,25,47,14,0,86,0,0,20,0,20,25,47,34,0,106,0,0,0,106
12/26/2005,BTR,LA,ASW,CE,Combined TRACON& Tower with Radar,27,60,56,0,143,0,0,86,0,86,27,60,142,0,229,14,0,14,243
12/27/2005,BTR,LA,ASW,CE,Combined TRACON& Tower with Radar,34,75,57,0,166,0,0,59,0,59,34,75,116,0,225,36,0,36,261
12/28/2005,BTR,LA,ASW,CE,Combined TRACON& Tower with Radar,33,74,65,4,176,0,0,55,0,55,33,74,120,4,231,56,12,68,299
12/29/2005,BTR,LA,ASW,CE,Combined TRACON& Tower with Radar,33,71,79,2,185,0,0,84,3,87,33,71,163,5,272,54,4,58,330
12/30/2005,BTR,LA,ASW,CE,Combined TRACON& Tower with Radar,37,65,65,0,167,0,0,58,1,59,37,65,123,1,226,39,0,39,265
12/31/2005,BTR,LA,ASW,CE,Combined TRACON& Tower with Radar,27,41,58,0,126,0,0,12,0,12,27,41,70,0,138,34,0,34,172
01/01/2006,BTR,LA,ASW,CE,Combined TRACON& Tower with Radar,23,55,42,0,120,0,0,6,0,6,23,55,48,0,126,10,0,10,136
01/02/2006,BTR,LA,ASW,CE,Combined TRACON& Tower with Radar,22,64,54,0,140,0,0,33,0,33,22,64,87,0,173,70,0,70,243
01/03/2006,BTR,LA,ASW,CE,Combined TRACON& Tower with Radar,32,68,53,0,153,0,1,64,0,65,32,69,117,0,218,32,0,32,250
01/04/2006,BTR,LA,ASW,CE,Combined TRACON& Tower with Radar,39,61,80,10,190,0,0,59,2,61,39,61,139,12,251,28,0,28,279
01/05/2006,BTR,LA,ASW,CE,Combined TRACON& Tower with Radar,43,66,107,1,217,0,1,74,2,77,43,67,181,3,294,48,10,58,352
01/06/2006,BTR,LA,ASW,CE,Combined TRACON& Tower with Radar,41,60,62,0,163,0,0,73,6,79,41,60,135,6,242,14,0,14,256
01/07/2006,BTR,LA,ASW,CE,Combined TRACON& Tower with Radar,36,45,23,3,107,0,0,73,1,74,36,45,96,4,181,62,0,62,243
01/08/2006,BTR,LA,ASW,CE,Combined TRACON& Tower with Radar,28,56,47,3,134,0,0,50,1,51,28,56,97,4,185,50,2,52,237
01/09/2006,BTR,LA,ASW,CE,Combined TRACON& Tower with Radar,38,66,90,0,194,0,1,78,0,79,38,67,168,0,273,36,0,36,309
01/10/2006,BTR,LA,ASW,CE,Combined TRACON& Tower with Radar,36,69,105,10,220,0,0,23,3,26,36,69,128,13,246,46,8,54,300
01/11/2006,BTR,LA,ASW,CE,Combined TRACON& Tower with Radar,37,66,107,7,217,0,0,82,3,85,37,66,189,10,302,120,8,128,430
01/12/2006,BTR,LA,ASW,CE,Combined TRACON& Tower with Radar,38,76,89,5,208,0,0,22,0,22,38,76,111,5,230,0,0,0,230
01/13/2006,BTR,LA,ASW,CE,Combined TRACON& Tower with Radar,44,73,70,5,192,0,0,33,3,36,44,73,103,8,228,0,0,0,228
01/14/2006,BTR,LA,ASW,CE,Combined TRACON& Tower with Radar,24,53,38,0,115,0,0,82,6,88,24,53,120,6,203,28,0,28,231
01/15/2006,BTR,LA,ASW,CE,Combined TRACON& Tower with Radar,24,63,61,1,149,0,0,68,0,68,24,63,129,1,217,40,0,40,257
01/16/2006,BTR,LA,ASW,CE,Combined TRACON& Tower with Radar,36,75,81,0,192,0,1,38,1,40,36,76,119,1,232,56,0,56,288
01/17/2006,BTR,LA,ASW,CE,Combined TRACON& Tower with Radar,36,70,62,0,168,0,0,16,0,16,36,70,78,0,184,4,0,4,188
01/18/2006,BTR,LA,ASW,CE,Combined TRACON& Tower with Radar,36,61,57,6,160,0,0,101,0,101,36,61,158,6,261,118,0,118,379
01/19/2006,BTR,LA,ASW,CE,Combined TRACON& Tower with Radar,41,80,91,2,214,0,0,57,0,57,41,80,148,2,271,16,0,16,287
01/20/2006,BTR,LA,ASW,CE,Combined TRACON& Tower with Radar,0,0,2,0,2,0,0,0,0,0,0,0,2,0,2,32,6,38,40
01/21/2006,BTR,LA,ASW,CE,Combined TRACON& Tower with Radar,29,46,61,4,140,0,0,5,1,6,29,46,66,5,146,0,0,0,146
01/22/2006,BTR,LA,ASW,CE,Combined TRACON& Tower with Radar,22,56,72,0,150,0,0,3,0,3,22,56,75,0,153,0,0,0,153
01/23/2006,BTR,LA,ASW,CE,Combined TRACON& Tower with Radar,28,64,79,0,171,0,0,14,0,14,28,64,93,0,185,8,0,8,193
01/24/2006,BTR,LA,ASW,CE,Combined TRACON& Tower with Radar,42,68,81,6,197,0,1,61,5,67,42,69,142,11,264,64,2,66,330
01/25/2006,BTR,LA,ASW,CE,Combined TRACON& Tower with Radar,37,62,93,12,204,0,0,91,4,95,37,62,184,16,299,38,24,62,361
01/26/2006,BTR,LA,ASW,CE,Combined TRACON& Tower with Radar,34,67,94,11,206,0,0,63,2,65,34,67,157,13,271,36,4,40,311
01/27/2006,BTR,LA,ASW,CE,Combined TRACON& Tower with Radar,33,73,80,0,186,0,1,48,1,50,33,74,128,1,236,38,2,40,276
01/28/2006,BTR,LA,ASW,CE,Combined TRACON& Tower with Radar,24,44,26,0,94,0,0,13,2,15,24,44,39,2,109,6,0,6,115
01/29/2006,BTR,LA,ASW,CE,Combined TRACON& Tower with Radar,21,59,67,4,151,0,0,74,7,81,21,59,141,11,232,100,0,100,332
01/30/2006,BTR,LA,ASW,CE,Combined TRACON& Tower with Radar,30,61,92,6,189,0,2,42,3,47,30,63,134,9,236,66,12,78,314
01/31/2006,BTR,LA,ASW,CE,Combined TRACON& Tower with Radar,31,60,86,9,186,0,2,78,0,80,31,62,164,9,266,110,2,112,378
02/01/2006,BTR,LA,ASW,CE,Combined TRACON& Tower with Radar,32,74,80,1,187,0,0,35,1,36,32,74,115,2,223,32,2,34,257
02/02/2006,BTR,LA,ASW,CE,Combined TRACON& Tower with Radar,36,86,99,5,226,0,0,47,0,47,36,86,146,5,273,28,0,28,301
02/03/2006,BTR,LA,ASW,CE,Combined TRACON& Tower with Radar,31,81,101,8,221,0,0,33,0,33,31,81,134,8,254,18,0,18,272
02/04/2006,BTR,LA,ASW,CE,Combined TRACON& Tower with Radar,28,45,35,2,110,0,6,59,4,69,28,51,94,6,179,38,0,38,217
02/05/2006,BTR,LA,ASW,CE,Combined TRACON& Tower with Radar,25,56,44,8,133,0,0,98,1,99,25,56,142,9,232,38,0,38,270
02/06/2006,BTR,LA,ASW,CE,Combined TRACON& Tower with Radar,27,73,77,10,187,0,0,41,0,41,27,73,118,10,228,10,0,10,238
02/07/2006,BTR,LA,ASW,CE,Combined TRACON& Tower with Radar,33,68,63,0,164,0,0,65,4,69,33,68,128,4,233,10,0,10,243
02/08/2006,BTR,LA,ASW,CE,Combined TRACON& Tower with Radar,28,75,73,2,178,0,0,77,1,78,28,75,150,3,256,44,0,44,300
02/09/2006,BTR,LA,ASW,CE,Combined TRACON& Tower with Radar,30,76,97,1,204,0,0,0,0,0,30,76,97,1,204,40,0,40,244
02/10/2006,BTR,LA,ASW,CE,Combined TRACON& Tower with Radar,28,68,65,4,165,100,0,19,2,121,128,68,84,6,286,16,0,16,302
02/11/2006,BTR,LA,ASW,CE,Combined TRACON& Tower with Radar,31,49,34,2,116,0,2,46,1,49,31,51,80,3,165,66,0,66,231
02/12/2006,BTR,LA,ASW,CE,Combined TRACON& Tower with Radar,23,58,41,17,139,0,0,66,4,70,23,58,107,21,209,54,6,60,269
02/13/2006,BTR,LA,ASW,CE,Combined TRACON& Tower with Radar,23,75,74,6,178,0,0,68,3,71,23,75,142,9,249,58,6,64,313
02/14/2006,BTR,LA,ASW,CE,Combined TRACON& Tower with Radar,32,67,81,3,183,0,1,56,2,59,32,68,137,5,242,28,0,28,270
02/15/2006,BTR,LA,ASW,CE,Combined TRACON& Tower with Radar,33,78,109,3,223,0,3,55,3,61,33,81,164,6,284,64,0,64,348
02/16/2006,BTR,LA,ASW,CE,Combined TRACON& Tower with Radar,27,81,76,12,196,0,2,52,0,54,27,83,128,12,250,68,0,68,318
02/17/2006,BTR,LA,ASW,CE,Combined TRACON& Tower with Radar,31,73,64,3,171,0,0,24,2,26,31,73,88,5,197,52,0,52,249
02/18/2006,BTR,LA,ASW,CE,Combined TRACON& Tower with Radar,15,48,51,1,115,0,0,0,0,0,15,48,51,1,115,0,0,0,115
02/19/2006,BTR,LA,ASW,CE,Combined TRACON& Tower with Radar,17,54,44,0,115,0,0,16,0,16,17,54,60,0,131,14,0,14,145
02/20/2006,BTR,LA,ASW,CE,Combined TRACON& Tower with Radar,27,70,48,0,145,0,0,2,0,2,27,70,50,0,147,12,0,12,159
02/21/2006,BTR,LA,ASW,CE,Combined TRACON& Tower with Radar,29,77,98,0,204,0,0,5,0,5,29,77,103,0,209,4,0,4,213
02/22/2006,BTR,LA,ASW,CE,Combined TRACON& Tower with Radar,32,60,82,5,179,0,0,21,0,21,32,60,103,5,200,12,0,12,212
02/23/2006,BTR,LA,ASW,CE,Combined TRACON& Tower with Radar,31,76,104,2,213,0,0,37,5,42,31,76,141,7,255,50,0,50,305
02/24/2006,BTR,LA,ASW,CE,Combined TRACON& Tower with Radar,32,77,87,7,203,0,2,41,5,48,32,79,128,12,251,4,0,4,255
02/25/2006,BTR,LA,ASW,CE,Combined TRACON& Tower with Radar,32,52,15,0,99,0,0,0,0,0,32,52,15,0,99,0,0,0,99
02/26/2006,BTR,LA,ASW,CE,Combined TRACON& Tower with Radar,25,58,55,0,138,0,0,81,2,83,25,58,136,2,221,40,0,40,261
02/27/2006,BTR,LA,ASW,CE,Combined TRACON& Tower with Radar,25,67,87,4,183,0,0,91,1,92,25,67,178,5,275,74,0,74,349
02/28/2006,BTR,LA,ASW,CE,Combined TRACON& Tower with Radar,28,71,84,2,185,0,2,70,5,77,28,73,154,7,262,42,0,42,304
03/01/2006,BTR,LA,ASW,CE,Combined TRACON& Tower with Radar,31,72,90,6,199,0,0,90,0,90,31,72,180,6,289,34,0,34,323
03/02/2006,BTR,LA,ASW,CE,Combined TRACON& Tower with Radar,24,82,90,3,199,0,0,81,3,84,24,82,171,6,283,38,2,40,323
03/03/2006,BTR,LA,ASW,CE,Combined TRACON& Tower with Radar,25,87,74,0,186,0,2,72,0,74,25,89,146,0,260,72,0,72,332
03/04/2006,BTR,LA,ASW,CE,Combined TRACON& Tower with Radar,23,51,44,0,118,0,0,68,0,68,23,51,112,0,186,50,0,50,236
03/05/2006,BTR,LA,ASW,CE,Combined TRACON& Tower with Radar,25,58,64,1,148,0,0,60,1,61,25,58,124,2,209,70,0,70,279
03/06/2006,BTR,LA,ASW,CE,Combined TRACON& Tower with Radar,19,76,83,6,184,0,0,59,0,59,19,76,142,6,243,38,0,38,281
03/07/2006,BTR,LA,ASW,CE,Combined TRACON& Tower with Radar,28,71,100,5,204,0,0,58,0,58,28,71,158,5,262,78,0,78,340
03/08/2006,BTR,LA,ASW,CE,Combined TRACON& Tower with Radar,27,77,95,5,204,0,0,66,1,67,27,77,161,6,271,32,2,34,305
03/09/2006,BTR,LA,ASW,CE,Combined TRACON& Tower with Radar,28,61,62,4,155,0,0,18,0,18,28,61,80,4,173,0,0,0,173
03/10/2006,BTR,LA,ASW,CE,Combined TRACON& Tower with Radar,23,82,108,1,214,0,0,34,0,34,23,82,142,1,248,18,0,18,266
03/11/2006,BTR,LA,ASW,CE,Combined TRACON& Tower with Radar,22,48,45,0,115,0,0,31,0,31,22,48,76,0,146,4,0,4,150
03/12/2006,BTR,LA,ASW,CE,Combined TRACON& Tower with Radar,22,60,66,0,148,0,0,41,2,43,22,60,107,2,191,48,0,48,239
03/13/2006,BTR,LA,ASW,CE,Combined TRACON& Tower with Radar,24,73,72,7,176,0,0,24,1,25,24,73,96,8,201,16,0,16,217
03/14/2006,BTR,LA,ASW,CE,Combined TRACON& Tower with Radar,29,84,67,4,184,0,1,95,1,97,29,85,162,5,281,116,0,116,397
03/15/2006,BTR,LA,ASW,CE,Combined TRACON& Tower with Radar,21,80,84,2,187,0,1,89,4,94,21,81,173,6,281,38,0,38,319
03/16/2006,BTR,LA,ASW,CE,Combined TRACON& Tower with Radar,26,92,108,2,228,0,0,36,3,39,26,92,144,5,267,28,4,32,299
03/17/2006,BTR,LA,ASW,CE,Combined TRACON& Tower with Radar,25,83,113,14,235,0,3,46,4,53,25,86,159,18,288,74,0,74,362
03/18/2006,BTR,LA,ASW,CE,Combined TRACON& Tower with Radar,21,50,63,0,134,0,0,19,0,19,21,50,82,0,153,32,0,32,185
03/19/2006,BTR,LA,ASW,CE,Combined TRACON& Tower with Radar,22,54,61,3,140,0,0,16,0,16,22,54,77,3,156,28,0,28,184
03/20/2006,BTR,LA,ASW,CE,Combined TRACON& Tower with Radar,22,76,53,0,151,0,0,2,0,2,22,76,55,0,153,0,0,0,153
03/21/2006,BTR,LA,ASW,CE,Combined TRACON& Tower with Radar,28,77,89,5,199,0,2,80,2,84,28,79,169,7,283,76,10,86,369
03/22/2006,BTR,LA,ASW,CE,Combined TRACON& Tower with Radar,25,77,99,9,210,0,0,77,2,79,25,77,176,11,289,44,0,44,333
03/23/2006,BTR,LA,ASW,CE,Combined TRACON& Tower with Radar,27,79,109,0,215,0,2,65,0,67,27,81,174,0,282,32,0,32,314
03/24/2006,BTR,LA,ASW,CE,Combined TRACON& Tower with Radar,22,75,82,21,200,0,2,77,5,84,22,77,159,26,284,36,8,44,328
03/25/2006,BTR,LA,ASW,CE,Combined TRACON& Tower with Radar,26,45,65,2,138,0,0,79,0,79,26,45,144,2,217,44,0,44,261
03/26/2006,BTR,LA,ASW,CE,Combined TRACON& Tower with Radar,22,49,74,14,159,0,0,86,0,86,22,49,160,14,245,96,0,96,341
03/27/2006,BTR,LA,ASW,CE,Combined TRACON& Tower with Radar,19,73,78,5,175,0,2,68,3,73,19,75,146,8,248,80,0,80,328
03/28/2006,BTR,LA,ASW,CE,Combined TRACON& Tower with Radar,25,78,108,0,211,0,1,23,0,24,25,79,131,0,235,52,0,52,287
03/29/2006,BTR,LA,ASW,CE,Combined TRACON& Tower with Radar,25,76,101,5,207,0,0,41,0,41,25,76,142,5,248,44,0,44,292
03/30/2006,BTR,LA,ASW,CE,Combined TRACON& Tower with Radar,27,76,117,4,224,0,0,47,2,49,27,76,164,6,273,42,2,44,317
03/31/2006,BTR,LA,ASW,CE,Combined TRACON& Tower with Radar,29,78,138,7,252,0,0,32,0,32,29,78,170,7,284,20,0,20,304
04/01/2006,BTR,LA,ASW,CE,Combined TRACON& Tower with Radar,18,49,70,2,139,0,0,49,0,49,18,49,119,2,188,46,0,46,234
04/02/2006,BTR,LA,ASW,CE,Combined TRACON& Tower with Radar,23,63,75,8,169,0,0,61,0,61,23,63,136,8,230,80,0,80,310
04/03/2006,BTR,LA,ASW,CE,Combined TRACON& Tower with Radar,20,73,98,0,191,0,1,41,4,46,20,74,139,4,237,70,0,70,307
04/04/2006,BTR,LA,ASW,CE,Combined TRACON& Tower with Radar,27,73,71,8,179,0,0,79,2,81,27,73,150,10,260,26,0,26,286
04/05/2006,BTR,LA,ASW,CE,Combined TRACON& Tower with Radar,28,81,121,11,241,0,2,55,4,61,28,83,176,15,302,98,36,134,436
04/06/2006,BTR,LA,ASW,CE,Combined TRACON& Tower with Radar,24,70,85,7,186,0,0,60,4,64,24,70,145,11,250,44,0,44,294
04/07/2006,BTR,LA,ASW,CE,Combined TRACON& Tower with Radar,26,69,81,2,178,0,0,36,1,37,26,69,117,3,215,14,0,14,229
04/08/2006,BTR,LA,ASW,CE,Combined TRACON& Tower with Radar,17,52,32,0,101,0,2,35,0,37,17,54,67,0,138,22,0,22,160
04/09/2006,BTR,LA,ASW,CE,Combined TRACON& Tower with Radar,19,65,70,1,155,0,0,58,0,58,19,65,128,1,213,82,0,82,295
04/10/2006,BTR,LA,ASW,CE,Combined TRACON& Tower with Radar,15,75,72,0,162,0,0,73,0,73,15,75,145,0,235,48,0,48,283
04/11/2006,BTR,LA,ASW,CE,Combined TRACON& Tower with Radar,25,66,80,0,171,0,0,55,3,58,25,66,135,3,229,26,0,26,255
04/12/2006,BTR,LA,ASW,CE,Combined TRACON& Tower with Radar,25,76,93,4,198,0,0,62,3,65,25,76,155,7,263,54,0,54,317
04/13/2006,BTR,LA,ASW,CE,Combined TRACON& Tower with Radar,20,85,92,0,197,0,0,82,0,82,20,85,174,0,279,56,0,56,335
04/14/2006,BTR,LA,ASW,CE,Combined TRACON& Tower with Radar,21,83,67,13,184,0,0,65,0,65,21,83,132,13,249,50,0,50,299
04/15/2006,BTR,LA,ASW,CE,Combined TRACON& Tower with Radar,13,53,48,0,114,0,0,54,1,55,13,53,102,1,169,34,0,34,203
04/16/2006,BTR,LA,ASW,CE,Combined TRACON& Tower with Radar,16,55,49,0,120,0,0,27,0,27,16,55,76,0,147,30,0,30,177
04/17/2006,BTR,LA,ASW,CE,Combined TRACON& Tower with Radar,18,83,87,3,191,0,1,61,1,63,18,84,148,4,254,82,0,82,336
04/18/2006,BTR,LA,ASW,CE,Combined TRACON& Tower with Radar,26,71,82,4,183,0,0,79,4,83,26,71,161,8,266,76,0,76,342
04/19/2006,BTR,LA,ASW,CE,Combined TRACON& Tower with Radar,26,71,96,17,210,0,0,44,2,46,26,71,140,19,256,0,18,18,274
04/20/2006,BTR,LA,ASW,CE,Combined TRACON& Tower with Radar,25,90,65,5,185,0,1,53,6,60,25,91,118,11,245,68,0,68,313
04/21/2006,BTR,LA,ASW,CE,Combined TRACON& Tower with Radar,21,76,65,5,167,0,0,34,0,34,21,76,99,5,201,64,12,76,277
04/22/2006,BTR,LA,ASW,CE,Combined TRACON& Tower with Radar,16,59,31,0,106,0,0,57,0,57,16,59,88,0,163,46,0,46,209
04/23/2006,BTR,LA,ASW,CE,Combined TRACON& Tower with Radar,16,71,73,0,160,0,0,68,0,68,16,71,141,0,228,36,0,36,264
04/24/2006,BTR,LA,ASW,CE,Combined TRACON& Tower with Radar,19,73,65,0,157,0,0,70,5,75,19,73,135,5,232,38,0,38,270
04/25/2006,BTR,LA,ASW,CE,Combined TRACON& Tower with Radar,26,72,89,4,191,0,0,12,1,13,26,72,101,5,204,14,0,14,218
04/26/2006,BTR,LA,ASW,CE,Combined TRACON& Tower with Radar,25,71,83,2,181,0,0,10,0,10,25,71,93,2,191,50,0,50,241
04/27/2006,BTR,LA,ASW,CE,Combined TRACON& Tower with Radar,25,80,78,0,183,0,0,81,3,84,25,80,159,3,267,58,0,58,325
04/28/2006,BTR,LA,ASW,CE,Combined TRACON& Tower with Radar,22,80,85,5,192,0,4,59,6,69,22,84,144,11,261,62,2,64,325
04/29/2006,BTR,LA,ASW,CE,Combined TRACON& Tower with Radar,15,50,32,0,97,0,0,11,0,11,15,50,43,0,108,32,0,32,140
04/30/2006,BTR,LA,ASW,CE,Combined TRACON& Tower with Radar,18,55,51,0,124,0,0,60,2,62,18,55,111,2,186,68,0,68,254
05/01/2006,BTR,LA,ASW,CE,Combined TRACON& Tower with Radar,16,72,57,3,148,0,0,58,2,60,16,72,115,5,208,90,4,94,302
05/02/2006,BTR,LA,ASW,CE,Combined TRACON& Tower with Radar,24,77,79,4,184,0,0,0,0,0,24,77,79,4,184,6,0,6,190
05/03/2006,BTR,LA,ASW,CE,Combined TRACON& Tower with Radar,23,80,98,5,206,0,0,44,4,48,23,80,142,9,254,110,0,110,364
05/04/2006,BTR,LA,ASW,CE,Combined TRACON& Tower with Radar,18,79,96,0,193,0,0,45,0,45,18,79,141,0,238,62,0,62,300
05/05/2006,BTR,LA,ASW,CE,Combined TRACON& Tower with Radar,13,83,75,6,177,0,1,35,3,39,13,84,110,9,216,44,0,44,260
05/06/2006,BTR,LA,ASW,CE,Combined TRACON& Tower with Radar,12,52,31,1,96,0,1,13,0,14,12,53,44,1,110,72,0,72,182
05/07/2006,BTR,LA,ASW,CE,Combined TRACON& Tower with Radar,13,65,74,2,154,0,0,14,0,14,13,65,88,2,168,30,0,30,198
05/08/2006,BTR,LA,ASW,CE,Combined TRACON& Tower with Radar,15,75,81,4,175,0,0,60,4,64,15,75,141,8,239,66,0,66,305
05/09/2006,BTR,LA,ASW,CE,Combined TRACON& Tower with Radar,21,71,81,5,178,0,1,33,0,34,21,72,114,5,212,86,2,88,300
05/10/2006,BTR,LA,ASW,CE,Combined TRACON& Tower with Radar,23,77,99,13,212,0,0,14,0,14,23,77,113,13,226,72,8,80,306
05/11/2006,BTR,LA,ASW,CE,Combined TRACON& Tower with Radar,21,73,83,1,178,0,1,83,4,88,21,74,166,5,266,72,0,72,338
05/12/2006,BTR,LA,ASW,CE,Combined TRACON& Tower with Radar,18,80,77,4,179,0,0,90,0,90,18,80,167,4,269,72,0,72,341
05/13/2006,BTR,LA,ASW,CE,Combined TRACON& Tower with Radar,11,48,37,2,98,0,0,74,3,77,11,48,111,5,175,22,0,22,197
05/14/2006,BTR,LA,ASW,CE,Combined TRACON& Tower with Radar,16,58,46,0,120,0,0,21,3,24,16,58,67,3,144,0,0,0,144
05/15/2006,BTR,LA,ASW,CE,Combined TRACON& Tower with Radar,14,79,63,11,167,0,3,78,5,86,14,82,141,16,253,48,6,54,307
05/16/2006,BTR,LA,ASW,CE,Combined TRACON& Tower with Radar,21,78,111,11,221,0,1,72,8,81,21,79,183,19,302,52,0,52,354
05/17/2006,BTR,LA,ASW,CE,Combined TRACON& Tower with Radar,21,70,96,14,201,0,1,92,7,100,21,71,188,21,301,74,0,74,375
05/18/2006,BTR,LA,ASW,CE,Combined TRACON& Tower with Radar,22,74,74,5,175,0,0,87,5,92,22,74,161,10,267,46,4,50,317
05/19/2006,BTR,LA,ASW,CE,Combined TRACON& Tower with Radar,23,73,74,5,175,0,3,43,3,49,23,76,117,8,224,6,0,6,230
05/20/2006,BTR,LA,ASW,CE,Combined TRACON& Tower with Radar,12,49,32,2,95,0,0,64,1,65,12,49,96,3,160,52,0,52,212
05/21/2006,BTR,LA,ASW,CE,Combined TRACON& Tower with Radar,14,67,51,0,132,0,0,61,1,62,14,67,112,1,194,34,0,34,228
05/22/2006,BTR,LA,ASW,CE,Combined TRACON& Tower with Radar,12,74,81,3,170,0,0,67,5,72,12,74,148,8,242,40,2,42,284
05/23/2006,BTR,LA,ASW,CE,Combined TRACON& Tower with Radar,21,74,80,16,191,0,0,71,3,74,21,74,151,19,265,74,4,78,343
05/24/2006,BTR,LA,ASW,CE,Combined TRACON& Tower with Radar,22,83,100,1,206,0,0,74,3,77,22,83,174,4,283,76,0,76,359
05/25/2006,BTR,LA,ASW,CE,Combined TRACON& Tower with Radar,17,90,88,6,201,0,2,51,3,56,17,92,139,9,257,48,0,48,305
05/26/2006,BTR,LA,ASW,CE,Combined TRACON& Tower with Radar,17,85,78,4,184,0,4,84,4,92,17,89,162,8,276,30,2,32,308
05/27/2006,BTR,LA,ASW,CE,Combined TRACON& Tower with Radar,13,45,38,0,96,0,0,33,0,33,13,45,71,0,129,34,0,34,163
05/28/2006,BTR,LA,ASW,CE,Combined TRACON& Tower with Radar,13,58,43,0,114,0,0,26,1,27,13,58,69,1,141,36,0,36,177
05/29/2006,BTR,LA,ASW,CE,Combined TRACON& Tower with Radar,11,63,34,0,108,0,2,38,0,40,11,65,72,0,148,44,0,44,192
05/30/2006,BTR,LA,ASW,CE,Combined TRACON& Tower with Radar,14,60,89,4,167,0,0,0,0,0,14,60,89,4,167,52,0,52,219
05/31/2006,BTR,LA,ASW,CE,Combined TRACON& Tower with Radar,18,75,72,2,167,0,0,65,6,71,18,75,137,8,238,10,0,10,248
06/01/2006,BTR,LA,ASW,CE,Combined TRACON& Tower with Radar,19,82,102,22,225,0,0,53,5,58,19,82,155,27,283,30,10,40,323
06/02/2006,BTR,LA,ASW,CE,Combined TRACON& Tower with Radar,13,80,79,5,177,0,0,42,0,42,13,80,121,5,219,60,10,70,289
06/03/2006,BTR,LA,ASW,CE,Combined TRACON& Tower with Radar,12,40,43,5,100,0,0,66,4,70,12,40,109,9,170,60,0,60,230
06/04/2006,BTR,LA,ASW,CE,Combined TRACON& Tower with Radar,15,61,71,0,147,0,0,73,0,73,15,61,144,0,220,52,0,52,272
06/05/2006,BTR,LA,ASW,CE,Combined TRACON& Tower with Radar,11,75,73,3,162,0,1,76,0,77,11,76,149,3,239,28,4,32,271
06/06/2006,BTR,LA,ASW,CE,Combined TRACON& Tower with Radar,19,74,80,0,173,0,3,73,4,80,19,77,153,4,253,36,0,36,289
06/07/2006,BTR,LA,ASW,CE,Combined TRACON& Tower with Radar,19,79,86,0,184,0,3,72,3,78,19,82,158,3,262,52,0,52,314
06/08/2006,BTR,LA,ASW,CE,Combined TRACON& Tower with Radar,14,80,86,12,192,0,2,75,7,84,14,82,161,19,276,106,4,110,386
06/09/2006,BTR,LA,ASW,CE,Combined TRACON& Tower with Radar,15,73,75,3,166,0,0,88,4,92,15,73,163,7,258,46,2,48,306
06/10/2006,BTR,LA,ASW,CE,Combined TRACON& Tower with Radar,11,57,29,0,97,0,0,55,0,55,11,57,84,0,152,80,0,80,232
06/11/2006,BTR,LA,ASW,CE,Combined TRACON& Tower with Radar,13,64,60,0,137,0,2,70,2,74,13,66,130,2,211,56,0,56,267
06/12/2006,BTR,LA,ASW,CE,Combined TRACON& Tower with Radar,14,68,72,7,161,0,2,53,2,57,14,70,125,9,218,20,2,22,240
06/13/2006,BTR,LA,ASW,CE,Combined TRACON& Tower with Radar,18,76,63,2,159,0,3,75,1,79,18,79,138,3,238,50,4,54,292
06/14/2006,BTR,LA,ASW,CE,Combined TRACON& Tower with Radar,16,76,118,0,210,0,4,56,2,62,16,80,174,2,272,84,0,84,356
06/15/2006,BTR,LA,ASW,CE,Combined TRACON& Tower with Radar,17,82,143,3,245,0,2,62,2,66,17,84,205,5,311,68,2,70,381
06/16/2006,BTR,LA,ASW,CE,Combined TRACON& Tower with Radar,14,70,70,0,154,0,2,26,0,28,14,72,96,0,182,64,0,64,246
06/17/2006,BTR,LA,ASW,CE,Combined TRACON& Tower with Radar,14,44,42,0,100,0,0,31,2,33,14,44,73,2,133,28,0,28,161
06/18/2006,BTR,LA,ASW,CE,Combined TRACON& Tower with Radar,10,60,32,0,102,0,0,36,0,36,10,60,68,0,138,12,0,12,150
06/19/2006,BTR,LA,ASW,CE,Combined TRACON& Tower with Radar,11,70,83,0,164,0,0,59,0,59,11,70,142,0,223,36,0,36,259
06/20/2006,BTR,LA,ASW,CE,Combined TRACON& Tower with Radar,19,69,75,5,168,0,0,79,3,82,19,69,154,8,250,18,0,18,268
06/21/2006,BTR,LA,ASW,CE,Combined TRACON& Tower with Radar,14,76,91,0,181,0,1,68,4,73,14,77,159,4,254,45,0,45,299
06/22/2006,BTR,LA,ASW,CE,Combined TRACON& Tower with Radar,17,68,104,6,195,0,3,57,2,62,17,71,161,8,257,20,0,20,277
06/23/2006,BTR,LA,ASW,CE,Combined TRACON& Tower with Radar,16,78,95,6,195,0,4,59,2,65,16,82,154,8,260,92,8,100,360
06/24/2006,BTR,LA,ASW,CE,Combined TRACON& Tower with Radar,13,58,33,0,104,0,0,44,3,47,13,58,77,3,151,40,0,40,191
06/25/2006,BTR,LA,ASW,CE,Combined TRACON& Tower with Radar,12,62,47,3,124,0,0,54,1,55,12,62,101,4,179,48,8,56,235
06/26/2006,BTR,LA,ASW,CE,Combined TRACON& Tower with Radar,12,72,89,6,179,0,4,67,0,71,12,76,156,6,250,86,2,88,338
06/27/2006,BTR,LA,ASW,CE,Combined TRACON& Tower with Radar,15,76,88,5,184,0,3,91,0,94,15,79,179,5,278,124,2,126,404
06/28/2006,BTR,LA,ASW,CE,Combined TRACON& Tower with Radar,18,75,88,11,192,0,0,88,0,88,18,75,176,11,280,54,36,90,370
06/29/2006,BTR,LA,ASW,CE,Combined TRACON& Tower with Radar,7,74,78,8,167,0,2,88,4,94,7,76,166,12,261,40,4,44,305
06/30/2006,BTR,LA,ASW,CE,Combined TRACON& Tower with Radar,14,78,58,5,155,0,2,78,7,87,14,80,136,12,242,32,0,32,274
07/01/2006,BTR,LA,ASW,CE,Combined TRACON& Tower with Radar,9,57,22,2,90,0,0,47,2,49,9,57,69,4,139,14,0,14,153
07/02/2006,BTR,LA,ASW,CE,Combined TRACON& Tower with Radar,7,64,31,0,102,0,1,16,0,17,7,65,47,0,119,16,0,16,135
07/03/2006,BTR,LA,ASW,CE,Combined TRACON& Tower with Radar,6,61,44,0,111,0,0,38,0,38,6,61,82,0,149,30,0,30,179
07/04/2006,BTR,LA,ASW,CE,Combined TRACON& Tower with Radar,6,52,18,2,78,0,0,26,0,26,6,52,44,2,104,4,0,4,108
07/05/2006,BTR,LA,ASW,CE,Combined TRACON& Tower with Radar,16,71,62,2,151,0,2,30,0,32,16,73,92,2,183,32,0,32,215
07/06/2006,BTR,LA,ASW,CE,Combined TRACON& Tower with Radar,10,76,91,0,177,0,1,26,0,27,10,77,117,0,204,26,0,26,230
07/07/2006,BTR,LA,ASW,CE,Combined TRACON& Tower with Radar,12,75,93,2,182,0,2,50,1,53,12,77,143,3,235,52,0,52,287
07/08/2006,BTR,LA,ASW,CE,Combined TRACON& Tower with Radar,10,50,46,4,110,0,0,76,1,77,10,50,122,5,187,58,0,58,245
07/09/2006,BTR,LA,ASW,CE,Combined TRACON& Tower with Radar,8,54,73,0,135,0,0,46,0,46,8,54,119,0,181,74,0,74,255
07/10/2006,BTR,LA,ASW,CE,Combined TRACON& Tower with Radar,8,74,94,0,176,0,0,36,2,38,8,74,130,2,214,20,0,20,234
07/11/2006,BTR,LA,ASW,CE,Combined TRACON& Tower with Radar,14,76,80,0,170,0,0,0,0,0,14,76,80,0,170,74,0,74,244
07/12/2006,BTR,LA,ASW,CE,Combined TRACON& Tower with Radar,14,75,109,8,206,0,0,0,0,0,14,75,109,8,206,66,6,72,278
07/13/2006,BTR,LA,ASW,CE,Combined TRACON& Tower with Radar,14,80,76,1,171,0,1,77,3,81,14,81,153,4,252,90,0,90,342
07/14/2006,BTR,LA,ASW,CE,Combined TRACON& Tower with Radar,12,83,76,1,172,0,0,54,1,55,12,83,130,2,227,14,0,14,241
07/15/2006,BTR,LA,ASW,CE,Combined TRACON& Tower with Radar,8,54,28,0,90,0,0,72,0,72,8,54,100,0,162,92,0,92,254
07/16/2006,BTR,LA,ASW,CE,Combined TRACON& Tower with Radar,10,69,64,0,143,0,2,40,0,42,10,71,104,0,185,30,0,30,215
07/17/2006,BTR,LA,ASW,CE,Combined TRACON& Tower with Radar,7,76,98,0,181,0,2,54,0,56,7,78,152,0,237,36,0,36,273
07/18/2006,BTR,LA,ASW,CE,Combined TRACON& Tower with Radar,15,73,71,1,160,0,3,42,1,46,15,76,113,2,206,96,0,96,302
07/19/2006,BTR,LA,ASW,CE,Combined TRACON& Tower with Radar,13,71,103,7,194,0,2,63,3,68,13,73,166,10,262,88,18,106,368
07/20/2006,BTR,LA,ASW,CE,Combined TRACON& Tower with Radar,11,71,79,0,161,0,2,58,0,60,11,73,137,0,221,106,0,106,327
07/21/2006,BTR,LA,ASW,CE,Combined TRACON& Tower with Radar,11,73,74,1,159,0,2,77,6,85,11,75,151,7,244,62,0,62,306
07/22/2006,BTR,LA,ASW,CE,Combined TRACON& Tower with Radar,10,54,29,3,96,0,0,38,4,42,10,54,67,7,138,30,0,30,168
07/23/2006,BTR,LA,ASW,CE,Combined TRACON& Tower with Radar,9,68,65,2,144,0,0,34,1,35,9,68,99,3,179,82,0,82,261
07/24/2006,BTR,LA,ASW,CE,Combined TRACON& Tower with Radar,11,71,84,0,166,0,6,30,3,39,11,77,114,3,205,2,0,2,207
07/25/2006,BTR,LA,ASW,CE,Combined TRACON& Tower with Radar,13,75,92,3,183,0,1,30,2,33,13,76,122,5,216,22,2,24,240
07/26/2006,BTR,LA,ASW,CE,Combined TRACON& Tower with Radar,15,65,96,1,177,0,0,36,3,39,15,65,132,4,216,86,0,86,302
07/27/2006,BTR,LA,ASW,CE,Combined TRACON& Tower with Radar,11,86,80,7,184,0,0,48,4,52,11,86,128,11,236,28,0,28,264
07/28/2006,BTR,LA,ASW,CE,Combined TRACON& Tower with Radar,10,71,66,4,151,0,1,57,1,59,10,72,123,5,210,56,4,60,270
07/29/2006,BTR,LA,ASW,CE,Combined TRACON& Tower with Radar,9,52,33,0,94,0,2,53,0,55,9,54,86,0,149,66,0,66,215
07/30/2006,BTR,LA,ASW,CE,Combined TRACON& Tower with Radar,8,67,37,0,112,0,0,59,0,59,8,67,96,0,171,42,0,42,213
07/31/2006,BTR,LA,ASW,CE,Combined TRACON& Tower with Radar,8,80,46,1,135,0,0,59,1,60,8,80,105,2,195,22,0,22,217
08/01/2006,BTR,LA,ASW,CE,Combined TRACON& Tower with Radar,12,79,61,1,153,0,0,37,0,37,12,79,98,1,190,24,0,24,214
08/02/2006,BTR,LA,ASW,CE,Combined TRACON& Tower with Radar,12,79,75,7,173,0,2,78,0,80,12,81,153,7,253,32,8,40,293
08/03/2006,BTR,LA,ASW,CE,Combined TRACON& Tower with Radar,15,78,75,1,169,0,0,52,0,52,15,78,127,1,221,56,0,56,277
08/04/2006,BTR,LA,ASW,CE,Combined TRACON& Tower with Radar,13,76,61,0,150,0,0,51,2,53,13,76,112,2,203,22,0,22,225
08/05/2006,BTR,LA,ASW,CE,Combined TRACON& Tower with Radar,7,58,46,10,121,0,0,40,3,43,7,58,86,13,164,20,0,20,184
08/06/2006,BTR,LA,ASW,CE,Combined TRACON& Tower with Radar,10,67,35,2,114,0,0,17,2,19,10,67,52,4,133,70,0,70,203
08/07/2006,BTR,LA,ASW,CE,Combined TRACON& Tower with Radar,12,76,75,0,163,0,0,58,0,58,12,76,133,0,221,30,0,30,251
08/08/2006,BTR,LA,ASW,CE,Combined TRACON& Tower with Radar,13,74,65,1,153,0,0,50,2,52,13,74,115,3,205,42,0,42,247
08/09/2006,BTR,LA,ASW,CE,Combined TRACON& Tower with Radar,12,83,89,13,197,0,0,57,3,60,12,83,146,16,257,44,12,56,313
08/10/2006,BTR,LA,ASW,CE,Combined TRACON& Tower with Radar,16,76,101,15,208,0,0,53,5,58,16,76,154,20,266,78,10,88,354
08/11/2006,BTR,LA,ASW,CE,Combined TRACON& Tower with Radar,12,82,78,0,172,0,0,65,1,66,12,82,143,1,238,38,0,38,276
08/12/2006,BTR,LA,ASW,CE,Combined TRACON& Tower with Radar,7,53,39,0,99,0,0,67,0,67,7,53,106,0,166,84,0,84,250
08/13/2006,BTR,LA,ASW,CE,Combined TRACON& Tower with Radar,8,66,52,1,127,0,0,46,5,51,8,66,98,6,178,48,0,48,226
08/14/2006,BTR,LA,ASW,CE,Combined TRACON& Tower with Radar,11,79,75,8,173,0,0,69,8,77,11,79,144,16,250,86,12,98,348
08/15/2006,BTR,LA,ASW,CE,Combined TRACON& Tower with Radar,14,74,89,4,181,0,0,51,2,53,14,74,140,6,234,44,6,50,284
08/16/2006,BTR,LA,ASW,CE,Combined TRACON& Tower with Radar,15,78,93,25,211,0,0,62,3,65,15,78,155,28,276,36,40,76,352
08/17/2006,BTR,LA,ASW,CE,Combined TRACON& Tower with Radar,9,87,101,0,197,0,0,54,1,55,9,87,155,1,252,50,0,50,302
08/18/2006,BTR,LA,ASW,CE,Combined TRACON& Tower with Radar,12,84,74,0,170,0,1,75,1,77,12,85,149,1,247,68,2,70,317
08/19/2006,BTR,LA,ASW,CE,Combined TRACON& Tower with Radar,5,55,36,4,100,0,1,56,3,60,5,56,92,7,160,32,0,32,192
08/20/2006,BTR,LA,ASW,CE,Combined TRACON& Tower with Radar,9,69,44,0,122,0,0,49,0,49,9,69,93,0,171,32,0,32,203
08/21/2006,BTR,LA,ASW,CE,Combined TRACON& Tower with Radar,8,77,74,9,168,0,0,44,3,47,8,77,118,12,215,26,0,26,241
08/22/2006,BTR,LA,ASW,CE,Combined TRACON& Tower with Radar,19,69,70,11,169,0,5,18,1,24,19,74,88,12,193,14,0,14,207
08/23/2006,BTR,LA,ASW,CE,Combined TRACON& Tower with Radar,20,72,86,1,179,0,0,38,1,39,20,72,124,2,218,10,0,10,228
08/24/2006,BTR,LA,ASW,CE,Combined TRACON& Tower with Radar,16,74,88,1,179,0,0,34,0,34,16,74,122,1,213,8,0,8,221
08/25/2006,BTR,LA,ASW,CE,Combined TRACON& Tower with Radar,15,68,81,0,164,0,0,34,2,36,15,68,115,2,200,0,0,0,200
08/26/2006,BTR,LA,ASW,CE,Combined TRACON& Tower with Radar,11,51,40,0,102,0,1,23,1,25,11,52,63,1,127,92,0,92,219
08/27/2006,BTR,LA,ASW,CE,Combined TRACON& Tower with Radar,13,63,60,0,136,0,1,31,0,32,13,64,91,0,168,18,0,18,186
08/28/2006,BTR,LA,ASW,CE,Combined TRACON& Tower with Radar,14,75,74,6,169,0,0,48,5,53,14,75,122,11,222,80,0,80,302
08/29/2006,BTR,LA,ASW,CE,Combined TRACON& Tower with Radar,21,73,91,2,187,0,0,54,6,60,21,73,145,8,247,46,0,46,293
08/30/2006,BTR,LA,ASW,CE,Combined TRACON& Tower with Radar,17,64,113,22,216,0,0,44,2,46,17,64,157,24,262,70,14,84,346
08/31/2006,BTR,LA,ASW,CE,Combined TRACON& Tower with Radar,24,70,80,1,175,0,3,64,6,73,24,73,144,7,248,28,0,28,276
09/01/2006,BTR,LA,ASW,CE,Combined TRACON& Tower with Radar,18,74,77,7,176,0,3,79,1,83,18,77,156,8,259,38,10,48,307
09/02/2006,BTR,LA,ASW,CE,Combined TRACON& Tower with Radar,14,40,52,5,111,0,0,73,5,78,14,40,125,10,189,78,0,78,267
09/03/2006,BTR,LA,ASW,CE,Combined TRACON& Tower with Radar,11,54,38,0,103,0,0,52,0,52,11,54,90,0,155,74,0,74,229
09/04/2006,BTR,LA,ASW,CE,Combined TRACON& Tower with Radar,11,57,51,2,121,0,0,59,1,60,11,57,110,3,181,42,0,42,223
09/05/2006,BTR,LA,ASW,CE,Combined TRACON& Tower with Radar,17,70,50,1,138,0,0,56,0,56,17,70,106,1,194,64,0,64,258
09/06/2006,BTR,LA,ASW,CE,Combined TRACON& Tower with Radar,16,74,69,9,168,0,0,67,0,67,16,74,136,9,235,48,2,50,285
09/07/2006,BTR,LA,ASW,CE,Combined TRACON& Tower with Radar,14,78,87,10,189,0,0,66,1,67,14,78,153,11,256,38,12,50,306
09/08/2006,BTR,LA,ASW,CE,Combined TRACON& Tower with Radar,15,84,83,0,182,0,0,78,11,89,15,84,161,11,271,44,0,44,315
09/09/2006,BTR,LA,ASW,CE,Combined TRACON& Tower with Radar,10,58,70,8,146,0,0,23,0,23,10,58,93,8,169,42,12,54,223
09/10/2006,BTR,LA,ASW,CE,Combined TRACON& Tower with Radar,11,69,86,2,168,0,0,22,0,22,11,69,108,2,190,86,0,86,276
09/11/2006,BTR,LA,ASW,CE,Combined TRACON& Tower with Radar,11,77,62,10,160,0,1,28,0,29,11,78,90,10,189,38,20,58,247
09/12/2006,BTR,LA,ASW,CE,Combined TRACON& Tower with Radar,15,68,76,1,160,0,0,23,0,23,15,68,99,1,183,68,0,68,251
09/13/2006,BTR,LA,ASW,CE,Combined TRACON& Tower with Radar,16,70,94,2,182,0,0,58,0,58,16,70,152,2,240,48,0,48,288
09/14/2006,BTR,LA,ASW,CE,Combined TRACON& Tower with Radar,16,85,89,10,200,0,0,88,0,88,16,85,177,10,288,44,0,44,332
09/15/2006,BTR,LA,ASW,CE,Combined TRACON& Tower with Radar,21,77,76,14,188,0,0,73,3,76,21,77,149,17,264,6,0,6,270
09/16/2006,BTR,LA,ASW,CE,Combined TRACON& Tower with Radar,13,47,71,0,131,0,0,58,1,59,13,47,129,1,190,8,0,8,198
09/17/2006,BTR,LA,ASW,CE,Combined TRACON& Tower with Radar,12,58,55,4,129,0,0,37,6,43,12,58,92,10,172,46,0,46,218
09/18/2006,BTR,LA,ASW,CE,Combined TRACON& Tower with Radar,9,71,77,1,158,0,0,23,2,25,9,71,100,3,183,6,0,6,189
09/19/2006,BTR,LA,ASW,CE,Combined TRACON& Tower with Radar,13,67,89,8,177,0,0,56,3,59,13,67,145,11,236,66,0,66,302
09/20/2006,BTR,LA,ASW,CE,Combined TRACON& Tower with Radar,17,67,79,1,164,0,0,120,1,121,17,67,199,2,285,66,0,66,351
09/21/2006,BTR,LA,ASW,CE,Combined TRACON& Tower with Radar,16,74,90,1,181,0,0,61,5,66,16,74,151,6,247,66,0,66,313
09/22/2006,BTR,LA,ASW,CE,Combined TRACON& Tower with Radar,14,77,68,0,159,0,1,35,0,36,14,78,103,0,195,22,0,22,217
09/23/2006,BTR,LA,ASW,CE,Combined TRACON& Tower with Radar,9,41,40,0,90,0,0,31,0,31,9,41,71,0,121,12,0,12,133
09/24/2006,BTR,LA,ASW,CE,Combined TRACON& Tower with Radar,14,60,79,2,155,0,0,35,2,37,14,60,114,4,192,34,0,34,226
09/25/2006,BTR,LA,ASW,CE,Combined TRACON& Tower with Radar,12,75,84,4,175,0,0,71,4,75,12,75,155,8,250,32,0,32,282
09/26/2006,BTR,LA,ASW,CE,Combined TRACON& Tower with Radar,21,69,68,3,161,0,0,68,3,71,21,69,136,6,232,52,0,52,284
09/27/2006,BTR,LA,ASW,CE,Combined TRACON& Tower with Radar,14,65,127,2,208,0,0,89,3,92,14,65,216,5,300,40,2,42,342
09/28/2006,BTR,LA,ASW,CE,Combined TRACON& Tower with Radar,12,74,87,2,175,0,1,70,3,74,12,75,157,5,249,30,0,30,279
09/29/2006,BTR,LA,ASW,CE,Combined TRACON& Tower with Radar,18,82,62,0,162,0,0,87,2,89,18,82,149,2,251,22,0,22,273
09/30/2006,BTR,LA,ASW,CE,Combined TRACON& Tower with Radar,9,56,44,3,112,0,0,58,1,59,9,56,102,4,171,50,0,50,221
10/01/2006,BTR,LA,ASW,CE,Combined TRACON& Tower with Radar,11,66,65,0,142,0,0,47,0,47,11,66,112,0,189,90,0,90,279
10/02/2006,BTR,LA,ASW,CE,Combined TRACON& Tower with Radar,14,71,68,0,153,0,0,58,2,60,14,71,126,2,213,36,0,36,249
10/03/2006,BTR,LA,ASW,CE,Combined TRACON& Tower with Radar,16,69,89,5,179,0,0,67,5,72,16,69,156,10,251,64,6,70,321
10/04/2006,BTR,LA,ASW,CE,Combined TRACON& Tower with Radar,14,76,98,3,191,0,0,59,0,59,14,76,157,3,250,52,0,52,302
10/05/2006,BTR,LA,ASW,CE,Combined TRACON& Tower with Radar,16,80,74,9,179,0,0,65,9,74,16,80,139,18,253,30,28,58,311
10/06/2006,BTR,LA,ASW,CE,Combined TRACON& Tower with Radar,15,77,78,1,171,0,1,53,2,56,15,78,131,3,227,38,0,38,265
10/07/2006,BTR,LA,ASW,CE,Combined TRACON& Tower with Radar,14,51,48,1,114,0,0,72,2,74,14,51,120,3,188,98,0,98,286
10/08/2006,BTR,LA,ASW,CE,Combined TRACON& Tower with Radar,8,67,46,8,129,0,0,59,1,60,8,67,105,9,189,24,0,24,213
10/09/2006,BTR,LA,ASW,CE,Combined TRACON& Tower with Radar,12,75,82,1,170,0,1,54,3,58,12,76,136,4,228,34,0,34,262
10/10/2006,BTR,LA,ASW,CE,Combined TRACON& Tower with Radar,18,69,72,0,159,0,0,53,0,53,18,69,125,0,212,92,0,92,304
10/11/2006,BTR,LA,ASW,CE,Combined TRACON& Tower with Radar,16,77,121,2,216,0,0,53,0,53,16,77,174,2,269,56,4,60,329
10/12/2006,BTR,LA,ASW,CE,Combined TRACON& Tower with Radar,16,73,78,1,168,0,2,52,0,54,16,75,130,1,222,14,0,14,236
10/13/2006,BTR,LA,ASW,CE,Combined TRACON& Tower with Radar,16,74,83,5,178,0,1,43,2,46,16,75,126,7,224,58,0,58,282
10/14/2006,BTR,LA,ASW,CE,Combined TRACON& Tower with Radar,15,56,60,0,131,0,1,74,2,77,15,57,134,2,208,46,0,46,254
10/15/2006,BTR,LA,ASW,CE,Combined TRACON& Tower with Radar,17,65,73,0,155,0,0,34,0,34,17,65,107,0,189,0,0,0,189
10/16/2006,BTR,LA,ASW,CE,Combined TRACON& Tower with Radar,12,63,39,0,114,0,0,1,0,1,12,63,40,0,115,0,0,0,115
10/17/2006,BTR,LA,ASW,CE,Combined TRACON& Tower with Radar,15,55,58,0,128,0,0,29,2,31,15,55,87,2,159,12,2,14,173
10/18/2006,BTR,LA,ASW,CE,Combined TRACON& Tower with Radar,15,68,100,0,183,0,0,18,0,18,15,68,118,0,201,50,0,50,251
10/19/2006,BTR,LA,ASW,CE,Combined TRACON& Tower with Radar,16,73,77,9,175,0,0,11,0,11,16,73,88,9,186,0,0,0,186
10/20/2006,BTR,LA,ASW,CE,Combined TRACON& Tower with Radar,15,80,79,3,177,0,0,65,6,71,15,80,144,9,248,38,0,38,286
10/21/2006,BTR,LA,ASW,CE,Combined TRACON& Tower with Radar,9,59,44,1,113,0,1,42,2,45,9,60,86,3,158,12,0,12,170
10/22/2006,BTR,LA,ASW,CE,Combined TRACON& Tower with Radar,10,66,59,3,138,0,0,30,1,31,10,66,89,4,169,20,0,20,189
10/23/2006,BTR,LA,ASW,CE,Combined TRACON& Tower with Radar,12,71,90,0,173,0,0,67,3,70,12,71,157,3,243,42,0,42,285
10/24/2006,BTR,LA,ASW,CE,Combined TRACON& Tower with Radar,16,69,87,0,172,0,0,72,2,74,16,69,159,2,246,50,0,50,296
10/25/2006,BTR,LA,ASW,CE,Combined TRACON& Tower with Radar,14,74,83,3,174,0,0,45,2,47,14,74,128,5,221,64,0,64,285
10/26/2006,BTR,LA,ASW,CE,Combined TRACON& Tower with Radar,16,69,76,0,161,0,0,9,0,9,16,69,85,0,170,0,0,0,170
10/27/2006,BTR,LA,ASW,CE,Combined TRACON& Tower with Radar,15,68,90,2,175,0,5,37,5,47,15,73,127,7,222,30,0,30,252
10/28/2006,BTR,LA,ASW,CE,Combined TRACON& Tower with Radar,9,62,52,0,123,0,0,78,8,86,9,62,130,8,209,18,0,18,227
10/29/2006,BTR,LA,ASW,CE,Combined TRACON& Tower with Radar,11,70,67,0,148,0,3,73,10,86,11,73,140,10,234,2,0,2,236
10/30/2006,BTR,LA,ASW,CE,Combined TRACON& Tower with Radar,12,66,82,2,162,0,0,75,4,79,12,66,157,6,241,62,6,68,309
10/31/2006,BTR,LA,ASW,CE,Combined TRACON& Tower with Radar,16,61,61,0,138,0,0,63,0,63,16,61,124,0,201,16,0,16,217
11/01/2006,BTR,LA,ASW,CE,Combined TRACON& Tower with Radar,18,71,102,7,198,0,0,34,0,34,18,71,136,7,232,34,24,58,290
11/02/2006,BTR,LA,ASW,CE,Combined TRACON& Tower with Radar,17,64,98,0,179,0,4,52,8,64,17,68,150,8,243,44,2,46,289
11/03/2006,BTR,LA,ASW,CE,Combined TRACON& Tower with Radar,16,85,95,4,200,0,1,73,0,74,16,86,168,4,274,22,0,22,296
11/04/2006,BTR,LA,ASW,CE,Combined TRACON& Tower with Radar,14,49,43,1,107,0,0,73,0,73,14,49,116,1,180,20,0,20,200
11/05/2006,BTR,LA,ASW,CE,Combined TRACON& Tower with Radar,14,68,80,4,166,0,2,53,4,59,14,70,133,8,225,18,0,18,243
11/06/2006,BTR,LA,ASW,CE,Combined TRACON& Tower with Radar,12,69,51,0,132,0,0,11,7,18,12,69,62,7,150,34,2,36,186
11/07/2006,BTR,LA,ASW,CE,Combined TRACON& Tower with Radar,17,55,66,8,146,0,2,34,2,38,17,57,100,10,184,80,10,90,274
11/08/2006,BTR,LA,ASW,CE,Combined TRACON& Tower with Radar,15,80,96,1,192,0,3,68,3,74,15,83,164,4,266,62,8,70,336
11/09/2006,BTR,LA,ASW,CE,Combined TRACON& Tower with Radar,16,73,92,1,182,0,0,85,0,85,16,73,177,1,267,18,0,18,285
11/10/2006,BTR,LA,ASW,CE,Combined TRACON& Tower with Radar,15,87,126,0,228,0,0,59,7,66,15,87,185,7,294,28,0,28,322
11/11/2006,BTR,LA,ASW,CE,Combined TRACON& Tower with Radar,13,67,128,3,211,0,1,41,3,45,13,68,169,6,256,10,0,10,266
11/12/2006,BTR,LA,ASW,CE,Combined TRACON& Tower with Radar,13,79,102,0,194,0,0,103,4,107,13,79,205,4,301,100,0,100,401
11/13/2006,BTR,LA,ASW,CE,Combined TRACON& Tower with Radar,10,78,69,0,157,0,3,65,0,68,10,81,134,0,225,46,0,46,271
11/14/2006,BTR,LA,ASW,CE,Combined TRACON& Tower with Radar,17,66,85,0,168,0,0,0,6,6,17,66,85,6,174,10,0,10,184
11/15/2006,BTR,LA,ASW,CE,Combined TRACON& Tower with Radar,20,60,53,2,135,0,1,21,3,25,20,61,74,5,160,0,0,0,160
11/16/2006,BTR,LA,ASW,CE,Combined TRACON& Tower with Radar,15,45,109,15,184,0,1,66,3,70,15,46,175,18,254,106,10,116,370
11/17/2006,BTR,LA,ASW,CE,Combined TRACON& Tower with Radar,15,75,98,3,191,0,0,101,3,104,15,75,199,6,295,60,6,66,361
11/18/2006,BTR,LA,ASW,CE,Combined TRACON& Tower with Radar,12,64,58,5,139,0,1,91,1,93,12,65,149,6,232,94,2,96,328
11/19/2006,BTR,LA,ASW,CE,Combined TRACON& Tower with Radar,13,65,65,1,144,0,0,96,5,101,13,65,161,6,245,58,0,58,303
11/20/2006,BTR,LA,ASW,CE,Combined TRACON& Tower with Radar,16,68,80,3,167,0,0,68,4,72,16,68,148,7,239,54,0,54,293
11/21/2006,BTR,LA,ASW,CE,Combined TRACON& Tower with Radar,17,70,89,5,181,0,1,72,3,76,17,71,161,8,257,38,0,38,295
11/22/2006,BTR,LA,ASW,CE,Combined TRACON& Tower with Radar,18,71,97,0,186,0,0,87,1,88,18,71,184,1,274,22,0,22,296
11/23/2006,BTR,LA,ASW,CE,Combined TRACON& Tower with Radar,6,48,20,0,74,0,0,29,0,29,6,48,49,0,103,20,0,20,123
11/24/2006,BTR,LA,ASW,CE,Combined TRACON& Tower with Radar,20,51,45,0,116,0,0,69,0,69,20,51,114,0,185,8,0,8,193
11/25/2006,BTR,LA,ASW,CE,Combined TRACON& Tower with Radar,11,56,45,0,112,0,0,52,2,54,11,56,97,2,166,66,0,66,232
11/26/2006,BTR,LA,ASW,CE,Combined TRACON& Tower with Radar,13,68,77,2,160,0,0,56,3,59,13,68,133,5,219,8,0,8,227
11/27/2006,BTR,LA,ASW,CE,Combined TRACON& Tower with Radar,13,73,61,3,150,0,0,61,4,65,13,73,122,7,215,28,6,34,249
11/28/2006,BTR,LA,ASW,CE,Combined TRACON& Tower with Radar,16,72,73,3,164,0,1,42,3,46,16,73,115,6,210,68,0,68,278
11/29/2006,BTR,LA,ASW,CE,Combined TRACON& Tower with Radar,16,74,114,2,206,0,0,32,0,32,16,74,146,2,238,48,4,52,290
11/30/2006,BTR,LA,ASW,CE,Combined TRACON& Tower with Radar,14,76,52,4,146,0,4,9,1,14,14,80,61,5,160,18,0,18,178
12/01/2006,BTR,LA,ASW,CE,Combined TRACON& Tower with Radar,15,79,58,12,164,0,0,56,3,59,15,79,114,15,223,48,0,48,271
12/02/2006,BTR,LA,ASW,CE,Combined TRACON& Tower with Radar,11,53,33,0,97,0,1,43,3,47,11,54,76,3,144,8,0,8,152
12/03/2006,BTR,LA,ASW,CE,Combined TRACON& Tower with Radar,10,65,43,0,118,0,0,43,2,45,10,65,86,2,163,20,0,20,183
12/04/2006,BTR,LA,ASW,CE,Combined TRACON& Tower with Radar,12,79,86,0,177,0,0,64,4,68,12,79,150,4,245,14,0,14,259
12/05/2006,BTR,LA,ASW,CE,Combined TRACON& Tower with Radar,18,61,66,1,146,0,2,76,2,80,18,63,142,3,226,18,0,18,244
12/06/2006,BTR,LA,ASW,CE,Combined TRACON& Tower with Radar,14,84,137,6,241,0,0,70,6,76,14,84,207,12,317,58,4,62,379
12/07/2006,BTR,LA,ASW,CE,Combined TRACON& Tower with Radar,17,78,84,3,182,0,4,55,3,62,17,82,139,6,244,16,0,16,260
12/08/2006,BTR,LA,ASW,CE,Combined TRACON& Tower with Radar,14,72,56,8,150,0,2,69,0,71,14,74,125,8,221,18,6,24,245
12/09/2006,BTR,LA,ASW,CE,Combined TRACON& Tower with Radar,11,60,30,0,101,0,0,60,3,63,11,60,90,3,164,74,0,74,238
12/10/2006,BTR,LA,ASW,CE,Combined TRACON& Tower with Radar,12,73,56,0,141,0,0,33,1,34,12,73,89,1,175,62,0,62,237
12/11/2006,BTR,LA,ASW,CE,Combined TRACON& Tower with Radar,11,67,65,1,144,0,0,44,0,44,11,67,109,1,188,34,0,34,222
12/12/2006,BTR,LA,ASW,CE,Combined TRACON& Tower with Radar,17,73,82,0,172,0,2,16,0,18,17,75,98,0,190,28,0,28,218
12/13/2006,BTR,LA,ASW,CE,Combined TRACON& Tower with Radar,16,71,113,7,207,0,2,50,2,54,16,73,163,9,261,36,16,52,313
12/14/2006,BTR,LA,ASW,CE,Combined TRACON& Tower with Radar,18,66,116,5,205,0,0,30,0,30,18,66,146,5,235,14,0,14,249
12/15/2006,BTR,LA,ASW,CE,Combined TRACON& Tower with Radar,13,59,78,15,165,0,0,50,8,58,13,59,128,23,223,10,12,22,245
12/16/2006,BTR,LA,ASW,CE,Combined TRACON& Tower with Radar,15,43,59,3,120,0,0,35,2,37,15,43,94,5,157,42,0,42,199
12/17/2006,BTR,LA,ASW,CE,Combined TRACON& Tower with Radar,11,68,55,1,135,0,0,30,2,32,11,68,85,3,167,18,0,18,185
12/18/2006,BTR,LA,ASW,CE,Combined TRACON& Tower with Radar,11,77,78,2,168,0,0,4,0,4,11,77,82,2,172,0,0,0,172
12/19/2006,BTR,LA,ASW,CE,Combined TRACON& Tower with Radar,20,56,67,4,147,0,0,32,2,34,20,56,99,6,181,28,0,28,209
12/20/2006,BTR,LA,ASW,CE,Combined TRACON& Tower with Radar,16,74,87,5,182,0,0,11,2,13,16,74,98,7,195,0,0,0,195
12/21/2006,BTR,LA,ASW,CE,Combined TRACON& Tower with Radar,16,75,82,0,173,0,0,7,1,8,16,75,89,1,181,14,0,14,195
12/22/2006,BTR,LA,ASW,CE,Combined TRACON& Tower with Radar,12,72,60,2,146,0,0,32,1,33,12,72,92,3,179,10,0,10,189
12/23/2006,BTR,LA,ASW,CE,Combined TRACON& Tower with Radar,10,52,55,0,117,0,0,76,0,76,10,52,131,0,193,0,0,0,193
12/24/2006,BTR,LA,ASW,CE,Combined TRACON& Tower with Radar,10,54,19,0,83,0,0,4,0,4,10,54,23,0,87,0,0,0,87
12/25/2006,BTR,LA,ASW,CE,Combined TRACON& Tower with Radar,6,49,6,0,61,0,0,1,0,1,6,49,7,0,62,0,0,0,62
12/26/2006,BTR,LA,ASW,CE,Combined TRACON& Tower with Radar,10,63,39,0,112,0,0,0,0,0,10,63,39,0,112,28,0,28,140
12/27/2006,BTR,LA,ASW,CE,Combined TRACON& Tower with Radar,18,71,72,3,164,0,2,104,0,106,18,73,176,3,270,32,2,34,304
12/28/2006,BTR,LA,ASW,CE,Combined TRACON& Tower with Radar,13,80,72,0,165,0,1,51,0,52,13,81,123,0,217,22,0,22,239
12/29/2006,BTR,LA,ASW,CE,Combined TRACON& Tower with Radar,14,75,56,0,145,0,0,13,0,13,14,75,69,0,158,26,0,26,184
12/30/2006,BTR,LA,ASW,CE,Combined TRACON& Tower with Radar,9,45,19,0,73,0,0,2,0,2,9,45,21,0,75,0,0,0,75
12/31/2006,BTR,LA,ASW,CE,Combined TRACON& Tower with Radar,10,52,38,0,100,0,0,45,0,45,10,52,83,0,145,24,0,24,169
01/01/2007,BTR,LA,ASW,CE,Combined TRACON& Tower with Radar,9,52,36,3,100,0,2,44,0,46,9,54,80,3,146,66,0,66,212
01/02/2007,BTR,LA,ASW,CE,Combined TRACON& Tower with Radar,12,68,62,0,142,0,0,59,1,60,12,68,121,1,202,60,0,60,262
01/03/2007,BTR,LA,ASW,CE,Combined TRACON& Tower with Radar,13,80,87,0,180,0,0,35,0,35,13,80,122,0,215,18,0,18,233
01/04/2007,BTR,LA,ASW,CE,Combined TRACON& Tower with Radar,13,70,52,0,135,0,0,0,0,0,13,70,52,0,135,0,0,0,135
01/05/2007,BTR,LA,ASW,CE,Combined TRACON& Tower with Radar,11,69,83,4,167,0,0,59,1,60,11,69,142,5,227,46,0,46,273
01/06/2007,BTR,LA,ASW,CE,Combined TRACON& Tower with Radar,16,49,37,5,107,0,0,24,2,26,16,49,61,7,133,42,0,42,175
01/07/2007,BTR,LA,ASW,CE,Combined TRACON& Tower with Radar,15,80,56,7,158,0,0,13,1,14,15,80,69,8,172,42,0,42,214
01/08/2007,BTR,LA,ASW,CE,Combined TRACON& Tower with Radar,14,71,67,24,176,0,0,35,2,37,14,71,102,26,213,32,34,66,279
01/09/2007,BTR,LA,ASW,CE,Combined TRACON& Tower with Radar,18,64,86,3,171,0,0,74,1,75,18,64,160,4,246,32,6,38,284
01/10/2007,BTR,LA,ASW,CE,Combined TRACON& Tower with Radar,14,76,114,2,206,0,1,83,2,86,14,77,197,4,292,60,0,60,352
01/11/2007,BTR,LA,ASW,CE,Combined TRACON& Tower with Radar,11,78,75,1,165,0,0,58,3,61,11,78,133,4,226,26,0,26,252
01/12/2007,BTR,LA,ASW,CE,Combined TRACON& Tower with Radar,17,78,83,1,179,0,1,19,0,20,17,79,102,1,199,36,0,36,235
01/13/2007,BTR,LA,ASW,CE,Combined TRACON& Tower with Radar,12,42,59,0,113,0,0,22,0,22,12,42,81,0,135,6,0,6,141
01/14/2007,BTR,LA,ASW,CE,Combined TRACON& Tower with Radar,13,56,45,1,115,0,0,10,0,10,13,56,55,1,125,50,2,52,177
01/15/2007,BTR,LA,ASW,CE,Combined TRACON& Tower with Radar,12,71,44,0,127,0,0,1,0,1,12,71,45,0,128,0,0,0,128
01/16/2007,BTR,LA,ASW,CE,Combined TRACON& Tower with Radar,18,52,71,0,141,0,0,2,1,3,18,52,73,1,144,0,0,0,144
01/17/2007,BTR,LA,ASW,CE,Combined TRACON& Tower with Radar,15,58,79,0,152,0,3,17,0,20,15,61,96,0,172,10,0,10,182
01/18/2007,BTR,LA,ASW,CE,Combined TRACON& Tower with Radar,15,70,94,1,180,0,0,0,0,0,15,70,94,1,180,0,0,0,180
01/19/2007,BTR,LA,ASW,CE,Combined TRACON& Tower with Radar,15,77,59,19,170,0,0,8,3,11,15,77,67,22,181,22,32,54,235
01/20/2007,BTR,LA,ASW,CE,Combined TRACON& Tower with Radar,11,47,67,0,125,0,0,22,1,23,11,47,89,1,148,46,0,46,194
01/21/2007,BTR,LA,ASW,CE,Combined TRACON& Tower with Radar,8,64,39,0,111,0,0,0,0,0,8,64,39,0,111,0,0,0,111
01/22/2007,BTR,LA,ASW,CE,Combined TRACON& Tower with Radar,11,72,91,2,176,0,0,23,0,23,11,72,114,2,199,29,0,29,228
01/23/2007,BTR,LA,ASW,CE,Combined TRACON& Tower with Radar,16,64,85,2,167,0,1,63,0,64,16,65,148,2,231,18,4,22,253
01/24/2007,BTR,LA,ASW,CE,Combined TRACON& Tower with Radar,17,71,111,2,201,0,0,23,0,23,17,71,134,2,224,0,0,0,224
01/25/2007,BTR,LA,ASW,CE,Combined TRACON& Tower with Radar,14,79,92,3,188,0,0,70,2,72,14,79,162,5,260,40,0,40,300
01/26/2007,BTR,LA,ASW,CE,Combined TRACON& Tower with Radar,14,70,95,1,180,0,0,105,0,105,14,70,200,1,285,36,6,42,327
01/27/2007,BTR,LA,ASW,CE,Combined TRACON& Tower with Radar,13,48,25,0,86,0,0,3,0,3,13,48,28,0,89,0,0,0,89
01/28/2007,BTR,LA,ASW,CE,Combined TRACON& Tower with Radar,8,71,61,0,140,0,0,70,4,74,8,71,131,4,214,54,0,54,268
01/29/2007,BTR,LA,ASW,CE,Combined TRACON& Tower with Radar,10,72,74,0,156,0,0,73,6,79,10,72,147,6,235,34,0,34,269
01/30/2007,BTR,LA,ASW,CE,Combined TRACON& Tower with Radar,18,66,99,2,185,0,0,14,0,14,18,66,113,2,199,26,0,26,225
01/31/2007,BTR,LA,ASW,CE,Combined TRACON& Tower with Radar,15,74,100,1,190,0,0,38,0,38,15,74,138,1,228,0,0,0,228
02/01/2007,BTR,LA,ASW,CE,Combined TRACON& Tower with Radar,12,65,74,0,151,0,0,2,0,2,12,65,76,0,153,0,0,0,153
02/02/2007,BTR,LA,ASW,CE,Combined TRACON& Tower with Radar,14,69,94,13,190,0,0,21,1,22,14,69,115,14,212,10,0,10,222
02/03/2007,BTR,LA,ASW,CE,Combined TRACON& Tower with Radar,15,47,51,3,116,0,0,54,2,56,15,47,105,5,172,56,0,56,228
02/04/2007,BTR,LA,ASW,CE,Combined TRACON& Tower with Radar,12,67,35,5,119,0,0,42,1,43,12,67,77,6,162,20,0,20,182
02/05/2007,BTR,LA,ASW,CE,Combined TRACON& Tower with Radar,10,77,93,9,189,0,0,73,3,76,10,77,166,12,265,39,0,39,304
02/06/2007,BTR,LA,ASW,CE,Combined TRACON& Tower with Radar,14,52,120,0,186,0,0,0,0,0,14,52,120,0,186,54,0,54,240
02/07/2007,BTR,LA,ASW,CE,Combined TRACON& Tower with Radar,30,67,77,0,174,0,0,88,2,90,30,67,165,2,264,12,0,12,276
02/08/2007,BTR,LA,ASW,CE,Combined TRACON& Tower with Radar,14,80,99,0,193,0,0,84,0,84,14,80,183,0,277,22,0,22,299
02/09/2007,BTR,LA,ASW,CE,Combined TRACON& Tower with Radar,16,69,70,2,157,0,0,19,2,21,16,69,89,4,178,26,0,26,204
02/10/2007,BTR,LA,ASW,CE,Combined TRACON& Tower with Radar,14,42,36,0,92,0,0,68,2,70,14,42,104,2,162,56,0,56,218
02/11/2007,BTR,LA,ASW,CE,Combined TRACON& Tower with Radar,13,70,66,3,152,0,0,47,2,49,13,70,113,5,201,28,0,28,229
02/12/2007,BTR,LA,ASW,CE,Combined TRACON& Tower with Radar,13,69,65,2,149,5,21,38,2,66,18,90,103,4,215,68,0,68,283
02/13/2007,BTR,LA,ASW,CE,Combined TRACON& Tower with Radar,17,60,58,8,143,0,0,34,2,36,17,60,92,10,179,28,8,36,215
02/14/2007,BTR,LA,ASW,CE,Combined TRACON& Tower with Radar,15,73,82,11,181,0,0,34,0,34,15,73,116,11,215,10,0,10,225
02/15/2007,BTR,LA,ASW,CE,Combined TRACON& Tower with Radar,12,89,111,2,214,0,0,69,1,70,12,89,180,3,284,50,0,50,334
02/16/2007,BTR,LA,ASW,CE,Combined TRACON& Tower with Radar,13,76,82,7,178,0,0,72,0,72,13,76,154,7,250,70,4,74,324
02/17/2007,BTR,LA,ASW,CE,Combined TRACON& Tower with Radar,12,48,38,2,100,0,1,29,1,31,12,49,67,3,131,24,0,24,155
02/18/2007,BTR,LA,ASW,CE,Combined TRACON& Tower with Radar,9,78,51,0,138,0,0,56,0,56,9,78,107,0,194,82,0,82,276
02/19/2007,BTR,LA,ASW,CE,Combined TRACON& Tower with Radar,7,83,68,4,162,0,0,59,2,61,7,83,127,6,223,6,0,6,229
02/20/2007,BTR,LA,ASW,CE,Combined TRACON& Tower with Radar,13,68,48,0,129,0,0,35,0,35,13,68,83,0,164,14,0,14,178
02/21/2007,BTR,LA,ASW,CE,Combined TRACON& Tower with Radar,17,81,89,0,187,0,0,36,0,36,17,81,125,0,223,12,0,12,235
02/22/2007,BTR,LA,ASW,CE,Combined TRACON& Tower with Radar,18,86,75,4,183,0,0,63,1,64,18,86,138,5,247,36,0,36,283
02/23/2007,BTR,LA,ASW,CE,Combined TRACON& Tower with Radar,16,90,108,30,244,0,0,80,0,80,16,90,188,30,324,50,2,52,376
02/24/2007,BTR,LA,ASW,CE,Combined TRACON& Tower with Radar,11,48,19,0,78,0,0,8,0,8,11,48,27,0,86,0,0,0,86
02/25/2007,BTR,LA,ASW,CE,Combined TRACON& Tower with Radar,10,70,43,0,123,0,0,63,0,63,10,70,106,0,186,70,0,70,256
02/26/2007,BTR,LA,ASW,CE,Combined TRACON& Tower with Radar,9,80,84,2,175,0,0,89,0,89,9,80,173,2,264,34,0,34,298
02/27/2007,BTR,LA,ASW,CE,Combined TRACON& Tower with Radar,20,83,91,0,194,0,0,72,0,72,20,83,163,0,266,40,0,40,306
02/28/2007,BTR,LA,ASW,CE,Combined TRACON& Tower with Radar,13,72,104,5,194,0,0,16,2,18,13,72,120,7,212,0,0,0,212
03/01/2007,BTR,LA,ASW,CE,Combined TRACON& Tower with Radar,11,79,78,0,168,0,0,13,0,13,11,79,91,0,181,10,0,10,191
03/02/2007,BTR,LA,ASW,CE,Combined TRACON& Tower with Radar,17,73,91,2,183,0,0,90,2,92,17,73,181,4,275,44,0,44,319
03/03/2007,BTR,LA,ASW,CE,Combined TRACON& Tower with Radar,9,49,32,2,92,0,0,77,5,82,9,49,109,7,174,18,0,18,192
03/04/2007,BTR,LA,ASW,CE,Combined TRACON& Tower with Radar,6,72,34,3,115,0,2,76,5,83,6,74,110,8,198,38,0,38,236
03/05/2007,BTR,LA,ASW,CE,Combined TRACON& Tower with Radar,9,74,66,0,149,0,0,91,1,92,9,74,157,1,241,58,0,58,299
03/06/2007,BTR,LA,ASW,CE,Combined TRACON& Tower with Radar,15,81,88,2,186,0,0,66,0,66,15,81,154,2,252,29,0,29,281
03/07/2007,BTR,LA,ASW,CE,Combined TRACON& Tower with Radar,12,85,81,2,180,0,0,84,3,87,12,85,165,5,267,40,0,40,307
03/08/2007,BTR,LA,ASW,CE,Combined TRACON& Tower with Radar,13,79,89,3,184,0,0,82,2,84,13,79,171,5,268,40,4,44,312
03/09/2007,BTR,LA,ASW,CE,Combined TRACON& Tower with Radar,17,77,95,8,197,0,0,106,4,110,17,77,201,12,307,44,0,44,351
03/10/2007,BTR,LA,ASW,CE,Combined TRACON& Tower with Radar,7,59,45,6,117,0,0,108,6,114,7,59,153,12,231,22,16,38,269
03/11/2007,BTR,LA,ASW,CE,Combined TRACON& Tower with Radar,11,70,56,3,140,0,0,60,4,64,11,70,116,7,204,54,0,54,258
03/12/2007,BTR,LA,ASW,CE,Combined TRACON& Tower with Radar,10,79,83,2,174,0,0,36,1,37,10,79,119,3,211,20,4,24,235
03/13/2007,BTR,LA,ASW,CE,Combined TRACON& Tower with Radar,15,74,107,3,199,0,0,12,0,12,15,74,119,3,211,0,0,0,211
03/14/2007,BTR,LA,ASW,CE,Combined TRACON& Tower with Radar,15,63,51,0,129,0,0,6,0,6,15,63,57,0,135,0,0,0,135
03/15/2007,BTR,LA,ASW,CE,Combined TRACON& Tower with Radar,15,89,77,6,187,0,0,36,5,41,15,89,113,11,228,38,6,44,272
03/16/2007,BTR,LA,ASW,CE,Combined TRACON& Tower with Radar,14,86,74,2,176,0,1,63,4,68,14,87,137,6,244,14,0,14,258
03/17/2007,BTR,LA,ASW,CE,Combined TRACON& Tower with Radar,7,44,32,0,83,0,1,63,1,65,7,45,95,1,148,16,0,16,164
03/18/2007,BTR,LA,ASW,CE,Combined TRACON& Tower with Radar,11,72,43,0,126,0,1,73,0,74,11,73,116,0,200,66,0,66,266
03/19/2007,BTR,LA,ASW,CE,Combined TRACON& Tower with Radar,9,73,92,2,176,0,0,67,1,68,9,73,159,3,244,50,4,54,298
03/20/2007,BTR,LA,ASW,CE,Combined TRACON& Tower with Radar,13,71,96,2,182,0,0,95,0,95,13,71,191,2,277,64,0,64,341
03/21/2007,BTR,LA,ASW,CE,Combined TRACON& Tower with Radar,13,85,93,8,199,0,0,52,5,57,13,85,145,13,256,34,6,40,296
03/22/2007,BTR,LA,ASW,CE,Combined TRACON& Tower with Radar,12,86,95,0,193,0,1,81,2,84,12,87,176,2,277,48,0,48,325
03/23/2007,BTR,LA,ASW,CE,Combined TRACON& Tower with Radar,15,72,99,3,189,0,0,62,3,65,15,72,161,6,254,8,6,14,268
03/24/2007,BTR,LA,ASW,CE,Combined TRACON& Tower with Radar,8,50,71,2,131,0,0,34,0,34,8,50,105,2,165,20,0,20,185
03/25/2007,BTR,LA,ASW,CE,Combined TRACON& Tower with Radar,7,75,60,0,142,0,0,47,0,47,7,75,107,0,189,32,0,32,221
03/26/2007,BTR,LA,ASW,CE,Combined TRACON& Tower with Radar,12,76,123,3,214,0,0,54,0,54,12,76,177,3,268,56,0,56,324
03/27/2007,BTR,LA,ASW,CE,Combined TRACON& Tower with Radar,14,77,100,1,192,0,0,44,3,47,14,77,144,4,239,36,0,36,275
03/28/2007,BTR,LA,ASW,CE,Combined TRACON& Tower with Radar,13,77,102,16,208,0,2,45,14,61,13,79,147,30,269,50,12,62,331
03/29/2007,BTR,LA,ASW,CE,Combined TRACON& Tower with Radar,13,79,109,1,202,0,1,76,1,78,13,80,185,2,280,36,0,36,316
03/30/2007,BTR,LA,ASW,CE,Combined TRACON& Tower with Radar,16,76,99,0,191,0,1,39,0,40,16,77,138,0,231,0,0,0,231
03/31/2007,BTR,LA,ASW,CE,Combined TRACON& Tower with Radar,7,51,33,3,94,0,2,16,6,24,7,53,49,9,118,10,0,10,128
04/01/2007,BTR,LA,ASW,CE,Combined TRACON& Tower with Radar,6,77,48,1,132,0,1,17,0,18,6,78,65,1,150,4,0,4,154
04/02/2007,BTR,LA,ASW,CE,Combined TRACON& Tower with Radar,10,83,66,3,162,0,1,35,0,36,10,84,101,3,198,30,0,30,228
04/03/2007,BTR,LA,ASW,CE,Combined TRACON& Tower with Radar,9,71,93,3,176,3,10,0,0,13,12,81,93,3,189,38,0,38,227
04/04/2007,BTR,LA,ASW,CE,Combined TRACON& Tower with Radar,11,85,109,0,205,0,5,29,0,34,11,90,138,0,239,46,0,46,285
04/05/2007,BTR,LA,ASW,CE,Combined TRACON& Tower with Radar,12,89,92,1,194,0,0,74,0,74,12,89,166,1,268,14,0,14,282
04/06/2007,BTR,LA,ASW,CE,Combined TRACON& Tower with Radar,8,78,62,13,161,0,0,62,6,68,8,78,124,19,229,14,6,20,249
04/07/2007,BTR,LA,ASW,CE,Combined TRACON& Tower with Radar,7,47,28,0,82,0,1,36,1,38,7,48,64,1,120,18,0,18,138
04/08/2007,BTR,LA,ASW,CE,Combined TRACON& Tower with Radar,9,63,31,2,105,0,9,15,0,24,9,72,46,2,129,14,0,14,143
04/09/2007,BTR,LA,ASW,CE,Combined TRACON& Tower with Radar,10,87,83,0,180,0,0,51,0,51,10,87,134,0,231,36,4,40,271
04/10/2007,BTR,LA,ASW,CE,Combined TRACON& Tower with Radar,15,70,60,3,148,0,0,5,0,5,15,70,65,3,153,34,2,36,189
04/11/2007,BTR,LA,ASW,CE,Combined TRACON& Tower with Radar,13,78,105,1,197,0,0,38,1,39,13,78,143,2,236,78,2,80,316
04/12/2007,BTR,LA,ASW,CE,Combined TRACON& Tower with Radar,13,93,100,11,217,0,0,93,3,96,13,93,193,14,313,34,0,34,347
04/13/2007,BTR,LA,ASW,CE,Combined TRACON& Tower with Radar,11,63,89,2,165,0,0,77,1,78,11,63,166,3,243,6,2,8,251
04/14/2007,BTR,LA,ASW,CE,Combined TRACON& Tower with Radar,10,54,36,1,101,0,0,18,4,22,10,54,54,5,123,2,0,2,125
04/15/2007,BTR,LA,ASW,CE,Combined TRACON& Tower with Radar,10,72,65,3,150,0,0,58,0,58,10,72,123,3,208,24,0,24,232
04/16/2007,BTR,LA,ASW,CE,Combined TRACON& Tower with Radar,11,68,89,4,172,0,0,101,0,101,11,68,190,4,273,92,6,98,371
04/17/2007,BTR,LA,ASW,CE,Combined TRACON& Tower with Radar,14,86,119,2,221,1,2,83,2,88,15,88,202,4,309,74,2,76,385
04/18/2007,BTR,LA,ASW,CE,Combined TRACON& Tower with Radar,9,95,124,2,230,0,0,80,0,80,9,95,204,2,310,56,0,56,366
04/19/2007,BTR,LA,ASW,CE,Combined TRACON& Tower with Radar,10,76,116,10,212,0,0,82,6,88,10,76,198,16,300,36,20,56,356
04/20/2007,BTR,LA,ASW,CE,Combined TRACON& Tower with Radar,11,69,104,11,195,0,0,86,9,95,11,69,190,20,290,44,6,50,340
04/21/2007,BTR,LA,ASW,CE,Combined TRACON& Tower with Radar,13,46,16,1,76,0,0,39,12,51,13,46,55,13,127,24,8,32,159
04/22/2007,BTR,LA,ASW,CE,Combined TRACON& Tower with Radar,17,70,56,0,143,0,0,67,3,70,17,70,123,3,213,66,0,66,279
04/23/2007,BTR,LA,ASW,CE,Combined TRACON& Tower with Radar,10,76,75,0,161,0,0,62,2,64,10,76,137,2,225,22,0,22,247
04/24/2007,BTR,LA,ASW,CE,Combined TRACON& Tower with Radar,13,70,74,4,161,0,0,53,0,53,13,70,127,4,214,48,0,48,262
04/25/2007,BTR,LA,ASW,CE,Combined TRACON& Tower with Radar,12,71,61,8,152,0,5,15,7,27,12,76,76,15,179,6,0,6,185
04/26/2007,BTR,LA,ASW,CE,Combined TRACON& Tower with Radar,11,95,105,0,211,0,0,71,1,72,11,95,176,1,283,16,0,16,299
04/27/2007,BTR,LA,ASW,CE,Combined TRACON& Tower with Radar,12,80,83,5,180,0,0,101,8,109,12,80,184,13,289,28,12,40,329
04/28/2007,BTR,LA,ASW,CE,Combined TRACON& Tower with Radar,9,49,31,2,91,0,0,59,0,59,9,49,90,2,150,0,0,0,150
04/29/2007,BTR,LA,ASW,CE,Combined TRACON& Tower with Radar,11,77,57,0,145,0,0,58,0,58,11,77,115,0,203,76,0,76,279
04/30/2007,BTR,LA,ASW,CE,Combined TRACON& Tower with Radar,9,81,71,3,164,0,0,57,1,58,9,81,128,4,222,84,8,92,314
05/01/2007,BTR,LA,ASW,CE,Combined TRACON& Tower with Radar,10,80,107,6,203,0,0,80,6,86,10,80,187,12,289,76,6,82,371
05/02/2007,BTR,LA,ASW,CE,Combined TRACON& Tower with Radar,15,78,106,2,201,0,0,72,6,78,15,78,178,8,279,52,0,52,331
05/03/2007,BTR,LA,ASW,CE,Combined TRACON& Tower with Radar,15,86,83,0,184,1,1,72,0,74,16,87,155,0,258,50,0,50,308
05/04/2007,BTR,LA,ASW,CE,Combined TRACON& Tower with Radar,14,80,81,0,175,0,0,20,0,20,14,80,101,0,195,12,0,12,207
05/05/2007,BTR,LA,ASW,CE,Combined TRACON& Tower with Radar,11,42,43,2,98,0,4,40,0,44,11,46,83,2,142,30,0,30,172
05/06/2007,BTR,LA,ASW,CE,Combined TRACON& Tower with Radar,13,65,51,0,129,0,1,38,0,39,13,66,89,0,168,80,0,80,248
05/07/2007,BTR,LA,ASW,CE,Combined TRACON& Tower with Radar,11,73,72,10,166,0,0,46,7,53,11,73,118,17,219,50,0,50,269
05/08/2007,BTR,LA,ASW,CE,Combined TRACON& Tower with Radar,14,80,76,3,173,0,0,68,3,71,14,80,144,6,244,68,0,68,312
05/09/2007,BTR,LA,ASW,CE,Combined TRACON& Tower with Radar,19,82,98,5,204,0,1,51,1,53,19,83,149,6,257,26,22,48,305
05/10/2007,BTR,LA,ASW,CE,Combined TRACON& Tower with Radar,26,84,84,0,194,0,0,85,3,88,26,84,169,3,282,48,0,48,330
05/11/2007,BTR,LA,ASW,CE,Combined TRACON& Tower with Radar,15,67,81,1,164,0,1,51,0,52,15,68,132,1,216,22,0,22,238
05/12/2007,BTR,LA,ASW,CE,Combined TRACON& Tower with Radar,10,43,25,0,78,0,0,61,1,62,10,43,86,1,140,22,0,22,162
05/13/2007,BTR,LA,ASW,CE,Combined TRACON& Tower with Radar,11,57,40,0,108,0,0,47,0,47,11,57,87,0,155,30,0,30,185
05/14/2007,BTR,LA,ASW,CE,Combined TRACON& Tower with Radar,11,75,73,6,165,0,1,54,7,62,11,76,127,13,227,28,6,34,261
05/15/2007,BTR,LA,ASW,CE,Combined TRACON& Tower with Radar,15,81,77,6,179,0,0,37,4,41,15,81,114,10,220,20,0,20,240
05/16/2007,BTR,LA,ASW,CE,Combined TRACON& Tower with Radar,16,84,99,6,205,0,2,46,2,50,16,86,145,8,255,44,4,48,303
05/17/2007,BTR,LA,ASW,CE,Combined TRACON& Tower with Radar,12,97,85,2,196,0,0,100,0,100,12,97,185,2,296,20,0,20,316
05/18/2007,BTR,LA,ASW,CE,Combined TRACON& Tower with Radar,14,74,57,7,152,0,0,81,3,84,14,74,138,10,236,22,2,24,260
05/19/2007,BTR,LA,ASW,CE,Combined TRACON& Tower with Radar,11,40,35,2,88,0,0,59,2,61,11,40,94,4,149,18,0,18,167
05/20/2007,BTR,LA,ASW,CE,Combined TRACON& Tower with Radar,12,63,55,1,131,0,0,65,0,65,12,63,120,1,196,28,0,28,224
05/21/2007,BTR,LA,ASW,CE,Combined TRACON& Tower with Radar,13,74,90,0,177,0,0,75,3,78,13,74,165,3,255,40,0,40,295
05/22/2007,BTR,LA,ASW,CE,Combined TRACON& Tower with Radar,15,64,62,2,143,0,0,47,0,47,15,64,109,2,190,28,0,28,218
05/23/2007,BTR,LA,ASW,CE,Combined TRACON& Tower with Radar,19,89,78,5,191,1,1,44,2,48,20,90,122,7,239,16,0,16,255
05/24/2007,BTR,LA,ASW,CE,Combined TRACON& Tower with Radar,19,73,84,5,181,0,2,51,2,55,19,75,135,7,236,38,4,42,278
05/25/2007,BTR,LA,ASW,CE,Combined TRACON& Tower with Radar,14,75,74,6,169,0,0,56,6,62,14,75,130,12,231,10,0,10,241
05/26/2007,BTR,LA,ASW,CE,Combined TRACON& Tower with Radar,7,45,60,0,112,0,0,37,1,38,7,45,97,1,150,46,0,46,196
05/27/2007,BTR,LA,ASW,CE,Combined TRACON& Tower with Radar,13,40,27,0,80,0,0,31,0,31,13,40,58,0,111,10,0,10,121
05/28/2007,BTR,LA,ASW,CE,Combined TRACON& Tower with Radar,9,63,52,0,124,0,0,37,0,37,9,63,89,0,161,30,8,38,199
05/29/2007,BTR,LA,ASW,CE,Combined TRACON& Tower with Radar,11,73,85,3,172,0,0,20,6,26,11,73,105,9,198,26,0,26,224
05/30/2007,BTR,LA,ASW,CE,Combined TRACON& Tower with Radar,17,76,94,0,187,0,0,23,1,24,17,76,117,1,211,26,0,26,237
05/31/2007,BTR,LA,ASW,CE,Combined TRACON& Tower with Radar,15,84,85,4,188,0,0,20,0,20,15,84,105,4,208,24,0,24,232
06/01/2007,BTR,LA,ASW,CE,Combined TRACON& Tower with Radar,12,68,73,6,159,0,0,53,0,53,12,68,126,6,212,23,0,23,235
06/02/2007,BTR,LA,ASW,CE,Combined TRACON& Tower with Radar,12,37,57,9,115,0,0,52,5,57,12,37,109,14,172,32,4,36,208
06/03/2007,BTR,LA,ASW,CE,Combined TRACON& Tower with Radar,12,65,77,3,157,0,0,45,0,45,12,65,122,3,202,30,0,30,232
06/04/2007,BTR,LA,ASW,CE,Combined TRACON& Tower with Radar,15,66,79,0,160,0,0,27,1,28,15,66,106,1,188,10,0,10,198
06/05/2007,BTR,LA,ASW,CE,Combined TRACON& Tower with Radar,16,87,89,5,197,0,0,63,5,68,16,87,152,10,265,42,0,42,307
06/06/2007,BTR,LA,ASW,CE,Combined TRACON& Tower with Radar,14,82,109,1,206,0,4,64,0,68,14,86,173,1,274,74,2,76,350
06/07/2007,BTR,LA,ASW,CE,Combined TRACON& Tower with Radar,10,85,117,4,216,0,0,42,1,43,10,85,159,5,259,8,0,8,267
06/08/2007,BTR,LA,ASW,CE,Combined TRACON& Tower with Radar,10,69,77,4,160,0,0,46,5,51,10,69,123,9,211,18,0,18,229
06/09/2007,BTR,LA,ASW,CE,Combined TRACON& Tower with Radar,7,58,51,0,116,0,0,25,0,25,7,58,76,0,141,16,0,16,157
06/10/2007,BTR,LA,ASW,CE,Combined TRACON& Tower with Radar,10,74,67,0,151,0,0,49,2,51,10,74,116,2,202,52,0,52,254
06/11/2007,BTR,LA,ASW,CE,Combined TRACON& Tower with Radar,6,92,67,0,165,0,0,33,0,33,6,92,100,0,198,26,0,26,224
06/12/2007,BTR,LA,ASW,CE,Combined TRACON& Tower with Radar,5,94,82,2,183,0,0,69,6,75,5,94,151,8,258,84,0,84,342
06/13/2007,BTR,LA,ASW,CE,Combined TRACON& Tower with Radar,9,88,95,0,192,0,0,68,1,69,9,88,163,1,261,28,2,30,291
06/14/2007,BTR,LA,ASW,CE,Combined TRACON& Tower with Radar,10,82,100,4,196,0,1,64,0,65,10,83,164,4,261,16,0,16,277
06/15/2007,BTR,LA,ASW,CE,Combined TRACON& Tower with Radar,7,73,84,9,173,0,2,50,4,56,7,75,134,13,229,22,0,22,251
06/16/2007,BTR,LA,ASW,CE,Combined TRACON& Tower with Radar,7,54,31,0,92,0,1,43,3,47,7,55,74,3,139,22,0,22,161
06/17/2007,BTR,LA,ASW,CE,Combined TRACON& Tower with Radar,6,64,44,4,118,0,0,44,4,48,6,64,88,8,166,28,0,28,194
06/18/2007,BTR,LA,ASW,CE,Combined TRACON& Tower with Radar,6,82,91,0,179,0,0,34,0,34,6,82,125,0,213,0,0,0,213
06/19/2007,BTR,LA,ASW,CE,Combined TRACON& Tower with Radar,9,83,97,5,194,0,0,47,3,50,9,83,144,8,244,18,4,22,266
06/20/2007,BTR,LA,ASW,CE,Combined TRACON& Tower with Radar,10,73,121,2,206,0,6,60,2,68,10,79,181,4,274,6,0,6,280
06/21/2007,BTR,LA,ASW,CE,Combined TRACON& Tower with Radar,14,81,97,2,194,0,1,65,2,68,14,82,162,4,262,2,0,2,264
06/22/2007,BTR,LA,ASW,CE,Combined TRACON& Tower with Radar,10,78,82,4,174,0,0,0,0,0,10,78,82,4,174,6,0,6,180
06/23/2007,BTR,LA,ASW,CE,Combined TRACON& Tower with Radar,9,66,36,2,113,0,4,63,0,67,9,70,99,2,180,42,0,42,222
06/24/2007,BTR,LA,ASW,CE,Combined TRACON& Tower with Radar,7,75,86,0,168,0,0,48,0,48,7,75,134,0,216,44,0,44,260
06/25/2007,BTR,LA,ASW,CE,Combined TRACON& Tower with Radar,5,73,90,0,168,0,0,45,0,45,5,73,135,0,213,22,0,22,235
06/26/2007,BTR,LA,ASW,CE,Combined TRACON& Tower with Radar,9,79,96,0,184,0,0,73,0,73,9,79,169,0,257,24,0,24,281
06/27/2007,BTR,LA,ASW,CE,Combined TRACON& Tower with Radar,9,77,140,9,235,0,0,90,7,97,9,77,230,16,332,68,4,72,404
06/28/2007,BTR,LA,ASW,CE,Combined TRACON& Tower with Radar,7,82,100,0,189,0,0,49,0,49,7,82,149,0,238,14,0,14,252
06/29/2007,BTR,LA,ASW,CE,Combined TRACON& Tower with Radar,13,81,118,0,212,0,0,65,1,66,13,81,183,1,278,34,0,34,312
06/30/2007,BTR,LA,ASW,CE,Combined TRACON& Tower with Radar,8,51,44,0,103,0,0,52,0,52,8,51,96,0,155,34,0,34,189
07/01/2007,BTR,LA,ASW,CE,Combined TRACON& Tower with Radar,3,64,55,2,124,0,0,49,1,50,3,64,104,3,174,38,0,38,212
07/02/2007,BTR,LA,ASW,CE,Combined TRACON& Tower with Radar,6,78,77,0,161,0,5,54,1,60,6,83,131,1,221,73,0,73,294
07/03/2007,BTR,LA,ASW,CE,Combined TRACON& Tower with Radar,10,65,68,0,143,1,0,36,0,37,11,65,104,0,180,34,0,34,214
07/04/2007,BTR,LA,ASW,CE,Combined TRACON& Tower with Radar,3,49,20,0,72,0,0,29,1,30,3,49,49,1,102,38,0,38,140
07/05/2007,BTR,LA,ASW,CE,Combined TRACON& Tower with Radar,6,76,62,0,144,0,0,39,0,39,6,76,101,0,183,33,0,33,216
07/06/2007,BTR,LA,ASW,CE,Combined TRACON& Tower with Radar,10,66,56,1,133,0,0,32,1,33,10,66,88,2,166,46,0,46,212
07/07/2007,BTR,LA,ASW,CE,Combined TRACON& Tower with Radar,7,57,34,2,100,2,0,40,2,44,9,57,74,4,144,34,2,36,180
07/08/2007,BTR,LA,ASW,CE,Combined TRACON& Tower with Radar,7,76,63,0,146,0,0,37,0,37,7,76,100,0,183,19,0,19,202
07/09/2007,BTR,LA,ASW,CE,Combined TRACON& Tower with Radar,7,94,71,0,172,0,0,35,0,35,7,94,106,0,207,80,0,80,287
07/10/2007,BTR,LA,ASW,CE,Combined TRACON& Tower with Radar,9,72,77,0,158,0,0,0,0,0,9,72,77,0,158,6,0,6,164
07/11/2007,BTR,LA,ASW,CE,Combined TRACON& Tower with Radar,9,78,87,1,175,0,0,46,12,58,9,78,133,13,233,56,0,56,289
07/12/2007,BTR,LA,ASW,CE,Combined TRACON& Tower with Radar,11,99,77,3,190,0,1,55,0,56,11,100,132,3,246,30,0,30,276
07/13/2007,BTR,LA,ASW,CE,Combined TRACON& Tower with Radar,8,86,71,4,169,0,1,34,2,37,8,87,105,6,206,58,0,58,264
07/14/2007,BTR,LA,ASW,CE,Combined TRACON& Tower with Radar,6,54,35,0,95,0,0,21,1,22,6,54,56,1,117,6,0,6,123
07/15/2007,BTR,LA,ASW,CE,Combined TRACON& Tower with Radar,4,67,28,0,99,0,0,9,0,9,4,67,37,0,108,26,0,26,134
07/16/2007,BTR,LA,ASW,CE,Combined TRACON& Tower with Radar,5,76,53,0,134,0,0,34,0,34,5,76,87,0,168,4,0,4,172
07/17/2007,BTR,LA,ASW,CE,Combined TRACON& Tower with Radar,11,82,83,0,176,0,0,31,0,31,11,82,114,0,207,140,0,140,347
07/18/2007,BTR,LA,ASW,CE,Combined TRACON& Tower with Radar,6,89,89,2,186,0,8,54,2,64,6,97,143,4,250,44,4,48,298
07/19/2007,BTR,LA,ASW,CE,Combined TRACON& Tower with Radar,5,82,99,0,186,0,0,52,1,53,5,82,151,1,239,4,0,4,243
07/20/2007,BTR,LA,ASW,CE,Combined TRACON& Tower with Radar,9,80,93,1,183,1,1,41,0,43,10,81,134,1,226,38,2,40,266
07/21/2007,BTR,LA,ASW,CE,Combined TRACON& Tower with Radar,11,53,31,8,103,0,0,46,3,49,11,53,77,11,152,66,0,66,218
07/22/2007,BTR,LA,ASW,CE,Combined TRACON& Tower with Radar,7,71,56,4,138,2,1,67,2,72,9,72,123,6,210,34,0,34,244
07/23/2007,BTR,LA,ASW,CE,Combined TRACON& Tower with Radar,3,85,85,0,173,0,0,73,0,73,3,85,158,0,246,40,0,40,286
07/24/2007,BTR,LA,ASW,CE,Combined TRACON& Tower with Radar,13,84,75,4,176,3,3,58,3,67,16,87,133,7,243,32,6,38,281
07/25/2007,BTR,LA,ASW,CE,Combined TRACON& Tower with Radar,12,72,95,5,184,2,0,92,4,98,14,72,187,9,282,38,6,44,326
07/26/2007,BTR,LA,ASW,CE,Combined TRACON& Tower with Radar,6,82,87,0,175,0,0,25,0,25,6,82,112,0,200,24,0,24,224
07/27/2007,BTR,LA,ASW,CE,Combined TRACON& Tower with Radar,9,72,67,2,150,0,0,47,0,47,9,72,114,2,197,98,0,98,295
07/28/2007,BTR,LA,ASW,CE,Combined TRACON& Tower with Radar,8,56,34,0,98,0,1,25,0,26,8,57,59,0,124,12,0,12,136
07/29/2007,BTR,LA,ASW,CE,Combined TRACON& Tower with Radar,4,63,57,0,124,0,0,31,0,31,4,63,88,0,155,60,0,60,215
07/30/2007,BTR,LA,ASW,CE,Combined TRACON& Tower with Radar,5,80,75,0,160,1,1,35,0,37,6,81,110,0,197,50,0,50,247
07/31/2007,BTR,LA,ASW,CE,Combined TRACON& Tower with Radar,7,87,90,0,184,0,0,31,0,31,7,87,121,0,215,44,0,44,259
08/01/2007,BTR,LA,ASW,CE,Combined TRACON& Tower with Radar,11,82,104,0,197,0,0,38,1,39,11,82,142,1,236,80,0,80,316
08/02/2007,BTR,LA,ASW,CE,Combined TRACON& Tower with Radar,9,77,109,5,200,0,0,62,9,71,9,77,171,14,271,24,6,30,301
08/03/2007,BTR,LA,ASW,CE,Combined TRACON& Tower with Radar,9,84,66,5,164,0,0,71,5,76,9,84,137,10,240,70,10,80,320
08/04/2007,BTR,LA,ASW,CE,Combined TRACON& Tower with Radar,10,58,37,24,129,0,0,59,19,78,10,58,96,43,207,24,26,50,257
08/05/2007,BTR,LA,ASW,CE,Combined TRACON& Tower with Radar,7,67,48,12,134,0,0,52,3,55,7,67,100,15,189,56,0,56,245
08/06/2007,BTR,LA,ASW,CE,Combined TRACON& Tower with Radar,7,75,78,1,161,0,1,68,0,69,7,76,146,1,230,37,4,41,271
08/07/2007,BTR,LA,ASW,CE,Combined TRACON& Tower with Radar,9,85,93,8,195,0,0,69,2,71,9,85,162,10,266,20,6,26,292
08/08/2007,BTR,LA,ASW,CE,Combined TRACON& Tower with Radar,9,86,103,9,207,0,0,57,4,61,9,86,160,13,268,38,8,46,314
08/09/2007,BTR,LA,ASW,CE,Combined TRACON& Tower with Radar,8,83,99,2,192,0,0,68,2,70,8,83,167,4,262,78,0,78,340
08/10/2007,BTR,LA,ASW,CE,Combined TRACON& Tower with Radar,11,79,99,0,189,0,0,70,1,71,11,79,169,1,260,56,0,56,316
08/11/2007,BTR,LA,ASW,CE,Combined TRACON& Tower with Radar,5,63,43,3,114,0,3,48,3,54,5,66,91,6,168,50,0,50,218
08/12/2007,BTR,LA,ASW,CE,Combined TRACON& Tower with Radar,7,73,67,0,147,0,0,56,5,61,7,73,123,5,208,66,0,66,274
08/13/2007,BTR,LA,ASW,CE,Combined TRACON& Tower with Radar,5,78,70,16,169,0,0,67,0,67,5,78,137,16,236,20,6,26,262
08/14/2007,BTR,LA,ASW,CE,Combined TRACON& Tower with Radar,10,83,71,10,174,0,0,58,2,60,10,83,129,12,234,42,4,46,280
08/15/2007,BTR,LA,ASW,CE,Combined TRACON& Tower with Radar,14,88,95,35,232,0,0,75,8,83,14,88,170,43,315,32,0,32,347
08/16/2007,BTR,LA,ASW,CE,Combined TRACON& Tower with Radar,12,74,105,0,191,0,0,57,2,59,12,74,162,2,250,56,0,56,306
08/17/2007,BTR,LA,ASW,CE,Combined TRACON& Tower with Radar,14,70,98,2,184,0,0,35,0,35,14,70,133,2,219,52,0,52,271
08/18/2007,BTR,LA,ASW,CE,Combined TRACON& Tower with Radar,23,50,27,0,100,0,0,48,0,48,23,50,75,0,148,50,0,50,198
08/19/2007,BTR,LA,ASW,CE,Combined TRACON& Tower with Radar,12,69,69,6,156,0,1,57,0,58,12,70,126,6,214,30,0,30,244
08/20/2007,BTR,LA,ASW,CE,Combined TRACON& Tower with Radar,8,73,82,11,174,0,1,41,2,44,8,74,123,13,218,38,8,46,264
08/21/2007,BTR,LA,ASW,CE,Combined TRACON& Tower with Radar,17,73,83,15,188,0,0,71,2,73,17,73,154,17,261,32,2,34,295
08/22/2007,BTR,LA,ASW,CE,Combined TRACON& Tower with Radar,20,80,119,0,219,0,0,69,0,69,20,80,188,0,288,72,0,72,360
08/23/2007,BTR,LA,ASW,CE,Combined TRACON& Tower with Radar,17,85,103,28,233,0,0,60,1,61,17,85,163,29,294,42,2,44,338
08/24/2007,BTR,LA,ASW,CE,Combined TRACON& Tower with Radar,11,78,79,1,169,0,0,45,3,48,11,78,124,4,217,44,0,44,261
08/25/2007,BTR,LA,ASW,CE,Combined TRACON& Tower with Radar,12,61,37,0,110,0,0,34,0,34,12,61,71,0,144,20,0,20,164
08/26/2007,BTR,LA,ASW,CE,Combined TRACON& Tower with Radar,13,69,64,2,148,0,0,37,0,37,13,69,101,2,185,26,0,26,211
08/27/2007,BTR,LA,ASW,CE,Combined TRACON& Tower with Radar,11,65,88,0,164,0,0,44,0,44,11,65,132,0,208,40,0,40,248
08/28/2007,BTR,LA,ASW,CE,Combined TRACON& Tower with Radar,22,82,86,2,192,0,1,44,0,45,22,83,130,2,237,18,0,18,255
08/29/2007,BTR,LA,ASW,CE,Combined TRACON& Tower with Radar,22,68,107,0,197,0,0,29,0,29,22,68,136,0,226,16,0,16,242
08/30/2007,BTR,LA,ASW,CE,Combined TRACON& Tower with Radar,19,80,125,2,226,0,0,57,0,57,19,80,182,2,283,4,0,4,287
08/31/2007,BTR,LA,ASW,CE,Combined TRACON& Tower with Radar,12,77,98,0,187,0,0,43,0,43,12,77,141,0,230,8,0,8,238
09/01/2007,BTR,LA,ASW,CE,Combined TRACON& Tower with Radar,7,47,44,0,98,0,0,28,0,28,7,47,72,0,126,0,0,0,126
09/02/2007,BTR,LA,ASW,CE,Combined TRACON& Tower with Radar,12,51,40,0,103,0,0,23,1,24,12,51,63,1,127,34,0,34,161
09/03/2007,BTR,LA,ASW,CE,Combined TRACON& Tower with Radar,11,65,62,0,138,0,0,24,0,24,11,65,86,0,162,8,0,8,170
09/04/2007,BTR,LA,ASW,CE,Combined TRACON& Tower with Radar,15,82,73,4,174,0,0,31,2,33,15,82,104,6,207,20,0,20,227
09/05/2007,BTR,LA,ASW,CE,Combined TRACON& Tower with Radar,18,81,75,4,178,0,0,36,2,38,18,81,111,6,216,0,0,0,216
09/06/2007,BTR,LA,ASW,CE,Combined TRACON& Tower with Radar,16,90,80,16,202,0,1,29,2,32,16,91,109,18,234,50,0,50,284
09/07/2007,BTR,LA,ASW,CE,Combined TRACON& Tower with Radar,15,88,101,7,211,0,0,31,1,32,15,88,132,8,243,36,4,40,283
09/08/2007,BTR,LA,ASW,CE,Combined TRACON& Tower with Radar,14,56,93,2,165,0,0,61,3,64,14,56,154,5,229,44,4,48,277
09/09/2007,BTR,LA,ASW,CE,Combined TRACON& Tower with Radar,18,66,68,4,156,0,0,49,2,51,18,66,117,6,207,32,0,32,239
09/10/2007,BTR,LA,ASW,CE,Combined TRACON& Tower with Radar,12,73,52,17,154,0,0,64,3,67,12,73,116,20,221,8,6,14,235
09/11/2007,BTR,LA,ASW,CE,Combined TRACON& Tower with Radar,12,72,89,0,173,0,0,37,0,37,12,72,126,0,210,28,0,28,238
09/12/2007,BTR,LA,ASW,CE,Combined TRACON& Tower with Radar,23,75,105,4,207,0,0,39,1,40,23,75,144,5,247,24,0,24,271
09/13/2007,BTR,LA,ASW,CE,Combined TRACON& Tower with Radar,19,69,46,0,134,0,0,3,0,3,19,69,49,0,137,0,0,0,137
09/14/2007,BTR,LA,ASW,CE,Combined TRACON& Tower with Radar,13,84,98,0,195,0,0,33,0,33,13,84,131,0,228,52,0,52,280
09/15/2007,BTR,LA,ASW,CE,Combined TRACON& Tower with Radar,12,58,47,0,117,0,0,76,0,76,12,58,123,0,193,52,0,52,245
09/16/2007,BTR,LA,ASW,CE,Combined TRACON& Tower with Radar,15,71,58,0,144,0,0,77,0,77,15,71,135,0,221,54,0,54,275
09/17/2007,BTR,LA,ASW,CE,Combined TRACON& Tower with Radar,14,75,91,0,180,0,0,75,1,76,14,75,166,1,256,52,0,52,308
09/18/2007,BTR,LA,ASW,CE,Combined TRACON& Tower with Radar,19,76,93,18,206,0,0,87,0,87,19,76,180,18,293,20,14,34,327
09/19/2007,BTR,LA,ASW,CE,Combined TRACON& Tower with Radar,17,72,77,19,185,0,0,80,3,83,17,72,157,22,268,28,4,32,300
09/20/2007,BTR,LA,ASW,CE,Combined TRACON& Tower with Radar,15,83,95,6,199,0,3,71,1,75,15,86,166,7,274,50,0,50,324
09/21/2007,BTR,LA,ASW,CE,Combined TRACON& Tower with Radar,17,84,98,0,199,0,0,73,1,74,17,84,171,1,273,20,0,20,293
09/22/2007,BTR,LA,ASW,CE,Combined TRACON& Tower with Radar,13,54,69,0,136,0,0,29,0,29,13,54,98,0,165,28,0,28,193
09/23/2007,BTR,LA,ASW,CE,Combined TRACON& Tower with Radar,11,75,86,0,172,0,0,21,0,21,11,75,107,0,193,32,0,32,225
09/24/2007,BTR,LA,ASW,CE,Combined TRACON& Tower with Radar,16,67,66,0,149,0,0,7,0,7,16,67,73,0,156,0,0,0,156
09/25/2007,BTR,LA,ASW,CE,Combined TRACON& Tower with Radar,17,73,88,7,185,0,0,11,1,12,17,73,99,8,197,4,0,4,201
09/26/2007,BTR,LA,ASW,CE,Combined TRACON& Tower with Radar,23,75,111,4,213,0,0,47,1,48,23,75,158,5,261,22,4,26,287
09/27/2007,BTR,LA,ASW,CE,Combined TRACON& Tower with Radar,18,94,100,0,212,0,0,43,0,43,18,94,143,0,255,56,0,56,311
09/28/2007,BTR,LA,ASW,CE,Combined TRACON& Tower with Radar,20,81,58,3,162,0,0,89,4,93,20,81,147,7,255,66,0,66,321
09/29/2007,BTR,LA,ASW,CE,Combined TRACON& Tower with Radar,11,49,49,0,109,0,1,49,1,51,11,50,98,1,160,14,0,14,174
09/30/2007,BTR,LA,ASW,CE,Combined TRACON& Tower with Radar,13,75,69,0,157,0,0,43,0,43,13,75,112,0,200,12,0,12,212
10/01/2007,BTR,LA,ASW,CE,Combined TRACON& Tower with Radar,13,76,45,1,135,0,0,53,2,55,13,76,98,3,190,38,0,38,228
10/02/2007,BTR,LA,ASW,CE,Combined TRACON& Tower with Radar,14,77,85,13,189,0,0,73,1,74,14,77,158,14,263,22,0,22,285
10/03/2007,BTR,LA,ASW,CE,Combined TRACON& Tower with Radar,16,81,98,0,195,0,0,47,2,49,16,81,145,2,244,66,0,66,310
10/04/2007,BTR,LA,ASW,CE,Combined TRACON& Tower with Radar,15,79,75,6,175,0,0,60,4,64,15,79,135,10,239,60,0,60,299
10/05/2007,BTR,LA,ASW,CE,Combined TRACON& Tower with Radar,17,85,104,7,213,0,0,46,2,48,17,85,150,9,261,14,0,14,275
10/06/2007,BTR,LA,ASW,CE,Combined TRACON& Tower with Radar,8,71,119,5,203,0,0,28,0,28,8,71,147,5,231,28,0,28,259
10/07/2007,BTR,LA,ASW,CE,Combined TRACON& Tower with Radar,16,84,140,0,240,0,0,42,0,42,16,84,182,0,282,22,0,22,304
10/08/2007,BTR,LA,ASW,CE,Combined TRACON& Tower with Radar,10,79,72,0,161,0,0,34,0,34,10,79,106,0,195,6,0,6,201
10/09/2007,BTR,LA,ASW,CE,Combined TRACON& Tower with Radar,16,69,70,7,162,0,0,37,0,37,16,69,107,7,199,22,3,25,224
10/10/2007,BTR,LA,ASW,CE,Combined TRACON& Tower with Radar,15,80,132,14,241,0,0,85,2,87,15,80,217,16,328,50,0,50,378
10/11/2007,BTR,LA,ASW,CE,Combined TRACON& Tower with Radar,18,83,94,0,195,0,0,65,0,65,18,83,159,0,260,44,0,44,304
10/12/2007,BTR,LA,ASW,CE,Combined TRACON& Tower with Radar,17,74,97,0,188,0,1,61,2,64,17,75,158,2,252,0,0,0,252
10/13/2007,BTR,LA,ASW,CE,Combined TRACON& Tower with Radar,15,53,24,0,92,0,0,60,1,61,15,53,84,1,153,50,0,50,203
10/14/2007,BTR,LA,ASW,CE,Combined TRACON& Tower with Radar,18,76,71,5,170,0,0,52,2,54,18,76,123,7,224,46,0,46,270
10/15/2007,BTR,LA,ASW,CE,Combined TRACON& Tower with Radar,17,65,78,1,161,0,0,32,0,32,17,65,110,1,193,22,0,22,215
10/16/2007,BTR,LA,ASW,CE,Combined TRACON& Tower with Radar,22,73,77,0,172,0,0,44,0,44,22,73,121,0,216,18,0,18,234
10/17/2007,BTR,LA,ASW,CE,Combined TRACON& Tower with Radar,19,93,94,0,206,0,0,9,0,9,19,93,103,0,215,10,0,10,225
10/18/2007,BTR,LA,ASW,CE,Combined TRACON& Tower with Radar,13,82,112,2,209,0,0,21,0,21,13,82,133,2,230,14,0,14,244
10/19/2007,BTR,LA,ASW,CE,Combined TRACON& Tower with Radar,17,75,80,12,184,0,1,75,3,79,17,76,155,15,263,62,8,70,333
10/20/2007,BTR,LA,ASW,CE,Combined TRACON& Tower with Radar,10,64,70,15,159,0,0,81,0,81,10,64,151,15,240,22,6,28,268
10/21/2007,BTR,LA,ASW,CE,Combined TRACON& Tower with Radar,14,0,74,13,101,0,0,0,146,146,14,0,74,159,247,72,2,74,321
10/22/2007,BTR,LA,ASW,CE,Combined TRACON& Tower with Radar,19,78,60,1,158,0,0,0,0,0,19,78,60,1,158,0,0,0,158
10/23/2007,BTR,LA,ASW,CE,Combined TRACON& Tower with Radar,17,73,103,10,203,0,0,12,0,12,17,73,115,10,215,14,0,14,229
10/24/2007,BTR,LA,ASW,CE,Combined TRACON& Tower with Radar,17,71,126,5,219,0,1,67,1,69,17,72,193,6,288,6,0,6,294
10/25/2007,BTR,LA,ASW,CE,Combined TRACON& Tower with Radar,15,79,103,0,197,0,0,77,4,81,15,79,180,4,278,38,0,38,316
10/26/2007,BTR,LA,ASW,CE,Combined TRACON& Tower with Radar,14,69,50,13,146,0,0,69,0,69,14,69,119,13,215,22,4,26,241
10/27/2007,BTR,LA,ASW,CE,Combined TRACON& Tower with Radar,9,52,27,10,98,0,0,54,1,55,9,52,81,11,153,10,10,20,173
10/28/2007,BTR,LA,ASW,CE,Combined TRACON& Tower with Radar,11,79,62,5,157,0,0,53,4,57,11,79,115,9,214,40,0,40,254
10/29/2007,BTR,LA,ASW,CE,Combined TRACON& Tower with Radar,13,79,81,3,176,0,0,52,1,53,13,79,133,4,229,54,0,54,283
10/30/2007,BTR,LA,ASW,CE,Combined TRACON& Tower with Radar,18,80,94,4,196,0,1,73,0,74,18,81,167,4,270,58,0,58,328
10/31/2007,BTR,LA,ASW,CE,Combined TRACON& Tower with Radar,15,81,63,0,159,0,2,72,0,74,15,83,135,0,233,50,0,50,283
11/01/2007,BTR,LA,ASW,CE,Combined TRACON& Tower with Radar,16,71,82,0,169,0,0,51,0,51,16,71,133,0,220,46,0,46,266
11/02/2007,BTR,LA,ASW,CE,Combined TRACON& Tower with Radar,23,77,80,4,184,0,0,60,5,65,23,77,140,9,249,48,0,48,297
11/03/2007,BTR,LA,ASW,CE,Combined TRACON& Tower with Radar,9,59,72,13,153,0,0,41,1,42,9,59,113,14,195,28,0,28,223
11/04/2007,BTR,LA,ASW,CE,Combined TRACON& Tower with Radar,18,69,48,2,137,0,0,65,3,68,18,69,113,5,205,22,0,22,227
11/05/2007,BTR,LA,ASW,CE,Combined TRACON& Tower with Radar,12,74,72,0,158,0,0,49,0,49,12,74,121,0,207,22,0,22,229
11/06/2007,BTR,LA,ASW,CE,Combined TRACON& Tower with Radar,16,75,89,22,202,0,0,27,0,27,16,75,116,22,229,30,0,30,259
11/07/2007,BTR,LA,ASW,CE,Combined TRACON& Tower with Radar,19,71,66,0,156,0,2,62,1,65,19,73,128,1,221,26,0,26,247
11/08/2007,BTR,LA,ASW,CE,Combined TRACON& Tower with Radar,18,77,85,4,184,0,1,77,0,78,18,78,162,4,262,16,0,16,278
11/09/2007,BTR,LA,ASW,CE,Combined TRACON& Tower with Radar,17,74,78,0,169,0,0,82,2,84,17,74,160,2,253,44,0,44,297
11/10/2007,BTR,LA,ASW,CE,Combined TRACON& Tower with Radar,14,55,75,2,146,0,1,45,2,48,14,56,120,4,194,44,0,44,238
11/11/2007,BTR,LA,ASW,CE,Combined TRACON& Tower with Radar,10,71,67,3,151,0,0,41,0,41,10,71,108,3,192,18,0,18,210
11/12/2007,BTR,LA,ASW,CE,Combined TRACON& Tower with Radar,12,86,96,0,194,0,0,23,0,23,12,86,119,0,217,36,0,36,253
11/13/2007,BTR,LA,ASW,CE,Combined TRACON& Tower with Radar,16,71,76,4,167,0,1,43,3,47,16,72,119,7,214,44,2,46,260
11/14/2007,BTR,LA,ASW,CE,Combined TRACON& Tower with Radar,20,82,84,11,197,0,1,54,2,57,20,83,138,13,254,14,2,16,270
11/15/2007,BTR,LA,ASW,CE,Combined TRACON& Tower with Radar,17,73,95,6,191,0,1,54,0,55,17,74,149,6,246,22,0,22,268
11/16/2007,BTR,LA,ASW,CE,Combined TRACON& Tower with Radar,21,75,53,13,162,0,0,74,4,78,21,75,127,17,240,16,8,24,264
11/17/2007,BTR,LA,ASW,CE,Combined TRACON& Tower with Radar,12,54,55,2,123,0,0,30,2,32,12,54,85,4,155,17,0,17,172
11/18/2007,BTR,LA,ASW,CE,Combined TRACON& Tower with Radar,9,74,41,0,124,0,0,4,1,5,9,74,45,1,129,10,0,10,139
11/19/2007,BTR,LA,ASW,CE,Combined TRACON& Tower with Radar,12,73,72,18,175,0,0,67,1,68,12,73,139,19,243,42,6,48,291
11/20/2007,BTR,LA,ASW,CE,Combined TRACON& Tower with Radar,18,78,101,0,197,0,0,56,0,56,18,78,157,0,253,50,0,50,303
11/21/2007,BTR,LA,ASW,CE,Combined TRACON& Tower with Radar,23,86,76,0,185,0,0,36,0,36,23,86,112,0,221,24,0,24,245
11/22/2007,BTR,LA,ASW,CE,Combined TRACON& Tower with Radar,10,42,29,0,81,0,0,5,0,5,10,42,34,0,86,0,0,0,86
11/23/2007,BTR,LA,ASW,CE,Combined TRACON& Tower with Radar,14,65,153,1,233,0,0,53,0,53,14,65,206,1,286,12,0,12,298
11/24/2007,BTR,LA,ASW,CE,Combined TRACON& Tower with Radar,11,66,51,0,128,0,0,10,0,10,11,66,61,0,138,20,0,20,158
11/25/2007,BTR,LA,ASW,CE,Combined TRACON& Tower with Radar,10,75,39,0,124,0,0,0,0,0,10,75,39,0,124,0,0,0,124
11/26/2007,BTR,LA,ASW,CE,Combined TRACON& Tower with Radar,10,70,73,35,188,0,0,28,0,28,10,70,101,35,216,16,16,32,248
11/27/2007,BTR,LA,ASW,CE,Combined TRACON& Tower with Radar,19,75,80,1,175,0,0,56,0,56,19,75,136,1,231,16,0,16,247
11/28/2007,BTR,LA,ASW,CE,Combined TRACON& Tower with Radar,18,72,78,8,176,0,0,53,0,53,18,72,131,8,229,56,4,60,289
11/29/2007,BTR,LA,ASW,CE,Combined TRACON& Tower with Radar,19,77,86,2,184,0,0,48,1,49,19,77,134,3,233,14,0,14,247
11/30/2007,BTR,LA,ASW,CE,Combined TRACON& Tower with Radar,31,70,110,19,230,0,0,67,2,69,31,70,177,21,299,36,0,36,335
12/01/2007,BTR,LA,ASW,CE,Combined TRACON& Tower with Radar,12,49,53,5,119,0,0,33,8,41,12,49,86,13,160,20,0,20,180
12/02/2007,BTR,LA,ASW,CE,Combined TRACON& Tower with Radar,17,68,83,0,168,0,0,13,0,13,17,68,96,0,181,54,0,54,235
12/03/2007,BTR,LA,ASW,CE,Combined TRACON& Tower with Radar,14,69,81,3,167,0,0,46,0,46,14,69,127,3,213,10,10,20,233
12/04/2007,BTR,LA,ASW,CE,Combined TRACON& Tower with Radar,17,70,78,17,182,0,0,77,1,78,17,70,155,18,260,36,0,36,296
12/05/2007,BTR,LA,ASW,CE,Combined TRACON& Tower with Radar,18,70,72,2,162,0,0,58,0,58,18,70,130,2,220,20,0,20,240
12/06/2007,BTR,LA,ASW,CE,Combined TRACON& Tower with Radar,19,67,67,8,161,0,0,72,2,74,19,67,139,10,235,42,4,46,281
12/07/2007,BTR,LA,ASW,CE,Combined TRACON& Tower with Radar,14,76,83,2,175,0,1,44,2,47,14,77,127,4,222,10,0,10,232
12/08/2007,BTR,LA,ASW,CE,Combined TRACON& Tower with Radar,15,55,34,0,104,0,0,22,0,22,15,55,56,0,126,44,0,44,170
12/09/2007,BTR,LA,ASW,CE,Combined TRACON& Tower with Radar,11,66,76,0,153,0,0,22,0,22,11,66,98,0,175,38,0,38,213
12/10/2007,BTR,LA,ASW,CE,Combined TRACON& Tower with Radar,13,69,77,15,174,0,0,26,0,26,13,69,103,15,200,8,8,16,216
12/11/2007,BTR,LA,ASW,CE,Combined TRACON& Tower with Radar,17,73,78,11,179,0,0,28,0,28,17,73,106,11,207,10,6,16,223
12/12/2007,BTR,LA,ASW,CE,Combined TRACON& Tower with Radar,21,70,110,6,207,0,0,26,0,26,21,70,136,6,233,0,4,4,237
12/13/2007,BTR,LA,ASW,CE,Combined TRACON& Tower with Radar,14,116,99,0,229,0,2,0,0,2,14,118,99,0,231,0,0,0,231
12/14/2007,BTR,LA,ASW,CE,Combined TRACON& Tower with Radar,9,74,75,5,163,0,0,0,0,0,9,74,75,5,163,0,0,0,163
12/15/2007,BTR,LA,ASW,CE,Combined TRACON& Tower with Radar,10,38,23,1,72,0,0,7,1,8,10,38,30,2,80,0,0,0,80
12/16/2007,BTR,LA,ASW,CE,Combined TRACON& Tower with Radar,9,70,56,6,141,0,0,36,0,36,9,70,92,6,177,34,4,38,215
12/17/2007,BTR,LA,ASW,CE,Combined TRACON& Tower with Radar,10,69,67,16,162,0,0,73,2,75,10,69,140,18,237,12,2,14,251
12/18/2007,BTR,LA,ASW,CE,Combined TRACON& Tower with Radar,21,69,71,5,166,0,1,42,0,43,21,70,113,5,209,76,4,80,289
12/19/2007,BTR,LA,ASW,CE,Combined TRACON& Tower with Radar,22,80,89,1,192,0,0,35,6,41,22,80,124,7,233,26,4,30,263
12/20/2007,BTR,LA,ASW,CE,Combined TRACON& Tower with Radar,16,57,62,2,137,0,0,7,0,7,16,57,69,2,144,0,0,0,144
12/21/2007,BTR,LA,ASW,CE,Combined TRACON& Tower with Radar,13,70,82,0,165,0,0,16,0,16,13,70,98,0,181,0,0,0,181
12/22/2007,BTR,LA,ASW,CE,Combined TRACON& Tower with Radar,6,60,38,0,104,0,0,15,0,15,6,60,53,0,119,10,0,10,129
12/23/2007,BTR,LA,ASW,CE,Combined TRACON& Tower with Radar,13,62,38,0,113,0,0,48,0,48,13,62,86,0,161,38,0,38,199
12/24/2007,BTR,LA,ASW,CE,Combined TRACON& Tower with Radar,7,59,22,0,88,0,0,20,0,20,7,59,42,0,108,0,0,0,108
12/25/2007,BTR,LA,ASW,CE,Combined TRACON& Tower with Radar,10,52,8,0,70,0,0,12,0,12,10,52,20,0,82,0,0,0,82
12/26/2007,BTR,LA,ASW,CE,Combined TRACON& Tower with Radar,13,79,50,0,142,0,0,11,0,11,13,79,61,0,153,14,0,14,167
12/27/2007,BTR,LA,ASW,CE,Combined TRACON& Tower with Radar,10,74,67,0,151,0,0,31,0,31,10,74,98,0,182,16,0,16,198
12/28/2007,BTR,LA,ASW,CE,Combined TRACON& Tower with Radar,11,67,42,0,120,0,0,11,0,11,11,67,53,0,131,14,0,14,145
12/29/2007,BTR,LA,ASW,CE,Combined TRACON& Tower with Radar,11,56,38,0,105,0,0,39,0,39,11,56,77,0,144,10,0,10,154
12/30/2007,BTR,LA,ASW,CE,Combined TRACON& Tower with Radar,10,62,47,0,119,0,0,30,0,30,10,62,77,0,149,36,0,36,185
12/31/2007,BTR,LA,ASW,CE,Combined TRACON& Tower with Radar,12,65,28,0,105,0,0,69,0,69,12,65,97,0,174,12,0,12,186
01/01/2008,BTR,LA,ASW,CE,Combined TRACON& Tower with Radar,10,52,20,0,82,0,0,26,2,28,10,52,46,2,110,0,0,0,110
01/02/2008,BTR,LA,ASW,CE,Combined TRACON& Tower with Radar,17,74,74,0,165,0,0,48,0,48,17,74,122,0,213,30,0,30,243
01/03/2008,BTR,LA,ASW,CE,Combined TRACON& Tower with Radar,15,69,88,2,174,0,0,57,1,58,15,69,145,3,232,20,8,28,260
01/04/2008,BTR,LA,ASW,CE,Combined TRACON& Tower with Radar,11,72,53,3,139,0,0,27,0,27,11,72,80,3,166,22,0,22,188
01/05/2008,BTR,LA,ASW,CE,Combined TRACON& Tower with Radar,11,42,42,12,107,0,0,36,6,42,11,42,78,18,149,34,2,36,185
01/06/2008,BTR,LA,ASW,CE,Combined TRACON& Tower with Radar,12,60,56,0,128,0,0,24,0,24,12,60,80,0,152,26,0,26,178
01/07/2008,BTR,LA,ASW,CE,Combined TRACON& Tower with Radar,16,65,42,0,123,0,0,44,0,44,16,65,86,0,167,24,0,24,191
01/08/2008,BTR,LA,ASW,CE,Combined TRACON& Tower with Radar,19,67,80,0,166,0,0,17,0,17,19,67,97,0,183,12,0,12,195
01/09/2008,BTR,LA,ASW,CE,Combined TRACON& Tower with Radar,17,72,89,11,189,0,0,16,3,19,17,72,105,14,208,14,0,14,222
01/10/2008,BTR,LA,ASW,CE,Combined TRACON& Tower with Radar,21,69,71,1,162,0,1,4,0,5,21,70,75,1,167,0,0,0,167
01/11/2008,BTR,LA,ASW,CE,Combined TRACON& Tower with Radar,13,67,81,19,180,0,0,53,7,60,13,67,134,26,240,38,2,40,280
01/12/2008,BTR,LA,ASW,CE,Combined TRACON& Tower with Radar,15,39,31,8,93,0,0,53,2,55,15,39,84,10,148,24,4,28,176
01/13/2008,BTR,LA,ASW,CE,Combined TRACON& Tower with Radar,14,70,94,5,183,0,0,51,1,52,14,70,145,6,235,44,0,44,279
01/14/2008,BTR,LA,ASW,CE,Combined TRACON& Tower with Radar,12,75,81,0,168,0,0,58,0,58,12,75,139,0,226,34,0,34,260
01/15/2008,BTR,LA,ASW,CE,Combined TRACON& Tower with Radar,18,66,119,13,216,0,0,52,0,52,18,66,171,13,268,52,6,58,326
01/16/2008,BTR,LA,ASW,CE,Combined TRACON& Tower with Radar,20,70,102,3,195,0,0,1,0,1,20,70,103,3,196,0,0,0,196
01/17/2008,BTR,LA,ASW,CE,Combined TRACON& Tower with Radar,17,64,98,3,182,0,1,15,2,18,17,65,113,5,200,0,0,0,200
01/18/2008,BTR,LA,ASW,CE,Combined TRACON& Tower with Radar,17,77,67,2,163,0,0,16,0,16,17,77,83,2,179,4,0,4,183
01/19/2008,BTR,LA,ASW,CE,Combined TRACON& Tower with Radar,15,33,25,0,73,0,0,10,0,10,15,33,35,0,83,20,0,20,103
01/20/2008,BTR,LA,ASW,CE,Combined TRACON& Tower with Radar,12,63,54,7,136,0,0,47,0,47,12,63,101,7,183,40,4,44,227
01/21/2008,BTR,LA,ASW,CE,Combined TRACON& Tower with Radar,12,65,66,2,145,0,0,40,0,40,12,65,106,2,185,28,2,30,215
01/22/2008,BTR,LA,ASW,CE,Combined TRACON& Tower with Radar,19,62,64,2,147,0,0,10,2,12,19,62,74,4,159,6,0,6,165
01/23/2008,BTR,LA,ASW,CE,Combined TRACON& Tower with Radar,22,68,92,0,182,0,0,0,0,0,22,68,92,0,182,10,0,10,192
01/24/2008,BTR,LA,ASW,CE,Combined TRACON& Tower with Radar,16,60,81,0,157,0,0,2,0,2,16,60,83,0,159,10,0,10,169
01/25/2008,BTR,LA,ASW,CE,Combined TRACON& Tower with Radar,17,64,51,0,132,0,0,25,10,35,17,64,76,10,167,2,0,2,169
01/26/2008,BTR,LA,ASW,CE,Combined TRACON& Tower with Radar,13,46,31,1,91,0,0,0,0,0,13,46,31,1,91,10,0,10,101
01/27/2008,BTR,LA,ASW,CE,Combined TRACON& Tower with Radar,17,57,85,0,159,0,0,55,0,55,17,57,140,0,214,60,0,60,274
01/28/2008,BTR,LA,ASW,CE,Combined TRACON& Tower with Radar,13,68,83,3,167,0,0,39,1,40,13,68,122,4,207,24,0,24,231
01/29/2008,BTR,LA,ASW,CE,Combined TRACON& Tower with Radar,17,61,82,11,171,0,0,17,0,17,17,61,99,11,188,0,0,0,188
01/30/2008,BTR,LA,ASW,CE,Combined TRACON& Tower with Radar,19,66,101,7,193,0,0,70,2,72,19,66,171,9,265,9,2,11,276
01/31/2008,BTR,LA,ASW,CE,Combined TRACON& Tower with Radar,16,64,71,3,154,0,0,5,0,5,16,64,76,3,159,8,0,8,167
02/01/2008,BTR,LA,ASW,CE,Combined TRACON& Tower with Radar,13,69,73,12,167,0,0,60,1,61,13,69,133,13,228,26,0,26,254
02/02/2008,BTR,LA,ASW,CE,Combined TRACON& Tower with Radar,21,43,58,2,124,0,0,54,0,54,21,43,112,2,178,8,1,9,187
02/03/2008,BTR,LA,ASW,CE,Combined TRACON& Tower with Radar,13,62,40,0,115,0,0,13,0,13,13,62,53,0,128,0,0,0,128
02/04/2008,BTR,LA,ASW,CE,Combined TRACON& Tower with Radar,16,70,72,27,185,0,0,13,5,18,16,70,85,32,203,30,22,52,255
02/05/2008,BTR,LA,ASW,CE,Combined TRACON& Tower with Radar,18,58,49,0,125,0,0,15,0,15,18,58,64,0,140,6,0,6,146
02/06/2008,BTR,LA,ASW,CE,Combined TRACON& Tower with Radar,20,59,58,38,175,0,0,47,0,47,20,59,105,38,222,36,24,60,282
02/07/2008,BTR,LA,ASW,CE,Combined TRACON& Tower with Radar,15,77,89,37,218,0,0,50,2,52,15,77,139,39,270,30,0,30,300
02/08/2008,BTR,LA,ASW,CE,Combined TRACON& Tower with Radar,13,77,75,18,183,0,0,58,2,60,13,77,133,20,243,10,0,10,253
02/09/2008,BTR,LA,ASW,CE,Combined TRACON& Tower with Radar,12,42,38,0,92,0,0,79,1,80,12,42,117,1,172,10,0,10,182
02/10/2008,BTR,LA,ASW,CE,Combined TRACON& Tower with Radar,11,59,41,0,111,0,0,38,0,38,11,59,79,0,149,44,0,44,193
02/11/2008,BTR,LA,ASW,CE,Combined TRACON& Tower with Radar,14,69,67,0,150,0,0,44,1,45,14,69,111,1,195,26,0,26,221
02/12/2008,BTR,LA,ASW,CE,Combined TRACON& Tower with Radar,18,51,59,2,130,0,0,9,2,11,18,51,68,4,141,2,0,2,143
02/13/2008,BTR,LA,ASW,CE,Combined TRACON& Tower with Radar,19,74,96,19,208,0,0,39,1,40,19,74,135,20,248,22,8,30,278
02/14/2008,BTR,LA,ASW,CE,Combined TRACON& Tower with Radar,15,92,77,2,186,0,1,67,0,68,15,93,144,2,254,20,0,20,274
02/15/2008,BTR,LA,ASW,CE,Combined TRACON& Tower with Radar,12,77,82,12,183,0,0,16,2,18,12,77,98,14,201,18,2,20,221
02/16/2008,BTR,LA,ASW,CE,Combined TRACON& Tower with Radar,7,39,32,4,82,0,0,19,6,25,7,39,51,10,107,32,0,32,139
02/17/2008,BTR,LA,ASW,CE,Combined TRACON& Tower with Radar,11,78,48,2,139,0,0,31,0,31,11,78,79,2,170,32,0,32,202
02/18/2008,BTR,LA,ASW,CE,Combined TRACON& Tower with Radar,8,74,71,5,158,0,0,49,2,51,8,74,120,7,209,14,0,14,223
02/19/2008,BTR,LA,ASW,CE,Combined TRACON& Tower with Radar,14,76,75,33,198,0,0,56,0,56,14,76,131,33,254,16,14,30,284
02/20/2008,BTR,LA,ASW,CE,Combined TRACON& Tower with Radar,16,82,93,8,199,0,2,44,0,46,16,84,137,8,245,46,0,46,291
02/21/2008,BTR,LA,ASW,CE,Combined TRACON& Tower with Radar,10,83,52,0,145,0,0,1,0,1,10,83,53,0,146,0,0,0,146
02/22/2008,BTR,LA,ASW,CE,Combined TRACON& Tower with Radar,8,78,71,6,163,0,0,7,0,7,8,78,78,6,170,44,0,44,214
02/23/2008,BTR,LA,ASW,CE,Combined TRACON& Tower with Radar,7,44,48,14,113,0,0,73,0,73,7,44,121,14,186,12,0,12,198
02/24/2008,BTR,LA,ASW,CE,Combined TRACON& Tower with Radar,7,70,82,1,160,0,0,37,0,37,7,70,119,1,197,28,4,32,229
02/25/2008,BTR,LA,ASW,CE,Combined TRACON& Tower with Radar,12,72,56,5,145,0,0,29,0,29,12,72,85,5,174,6,0,6,180
02/26/2008,BTR,LA,ASW,CE,Combined TRACON& Tower with Radar,14,77,67,11,169,0,0,26,1,27,14,77,93,12,196,4,0,4,200
02/27/2008,BTR,LA,ASW,CE,Combined TRACON& Tower with Radar,15,72,86,0,173,0,0,73,0,73,15,72,159,0,246,20,0,20,266
02/28/2008,BTR,LA,ASW,CE,Combined TRACON& Tower with Radar,12,77,77,13,179,0,0,56,1,57,12,77,133,14,236,4,0,4,240
02/29/2008,BTR,LA,ASW,CE,Combined TRACON& Tower with Radar,15,74,64,11,164,0,0,55,1,56,15,74,119,12,220,4,0,4,224
03/01/2008,BTR,LA,ASW,CE,Combined TRACON& Tower with Radar,10,42,27,1,80,0,0,55,3,58,10,42,82,4,138,34,0,34,172
03/02/2008,BTR,LA,ASW,CE,Combined TRACON& Tower with Radar,10,70,56,8,144,0,0,44,1,45,10,70,100,9,189,28,4,32,221
03/03/2008,BTR,LA,ASW,CE,Combined TRACON& Tower with Radar,7,75,41,0,123,0,0,3,2,5,7,75,44,2,128,24,0,24,152
03/04/2008,BTR,LA,ASW,CE,Combined TRACON& Tower with Radar,12,77,70,2,161,0,0,22,0,22,12,77,92,2,183,6,0,6,189
03/05/2008,BTR,LA,ASW,CE,Combined TRACON& Tower with Radar,19,76,73,0,168,0,1,54,5,60,19,77,127,5,228,18,0,18,246
03/06/2008,BTR,LA,ASW,CE,Combined TRACON& Tower with Radar,17,58,68,10,153,0,0,41,5,46,17,58,109,15,199,0,4,4,203
03/07/2008,BTR,LA,ASW,CE,Combined TRACON& Tower with Radar,13,52,63,7,135,0,0,1,0,1,13,52,64,7,136,0,0,0,136
03/08/2008,BTR,LA,ASW,CE,Combined TRACON& Tower with Radar,10,40,63,4,117,0,0,42,4,46,10,40,105,8,163,28,0,28,191
03/09/2008,BTR,LA,ASW,CE,Combined TRACON& Tower with Radar,10,64,59,0,133,0,0,53,1,54,10,64,112,1,187,22,0,22,209
03/10/2008,BTR,LA,ASW,CE,Combined TRACON& Tower with Radar,17,66,68,8,159,0,0,26,0,26,17,66,94,8,185,22,0,22,207
03/11/2008,BTR,LA,ASW,CE,Combined TRACON& Tower with Radar,16,62,87,3,168,0,0,15,0,15,16,62,102,3,183,4,2,6,189
03/12/2008,BTR,LA,ASW,CE,Combined TRACON& Tower with Radar,17,68,76,0,161,0,0,63,2,65,17,68,139,2,226,52,0,52,278
03/13/2008,BTR,LA,ASW,CE,Combined TRACON& Tower with Radar,14,71,78,1,164,0,0,59,1,60,14,71,137,2,224,20,0,20,244
03/14/2008,BTR,LA,ASW,CE,Combined TRACON& Tower with Radar,17,64,68,24,173,0,0,22,0,22,17,64,90,24,195,66,3,69,264
03/15/2008,BTR,LA,ASW,CE,Combined TRACON& Tower with Radar,11,48,33,2,94,0,0,51,2,53,11,48,84,4,147,32,0,32,179
03/16/2008,BTR,LA,ASW,CE,Combined TRACON& Tower with Radar,10,77,100,0,187,0,0,60,0,60,10,77,160,0,247,20,0,20,267
03/17/2008,BTR,LA,ASW,CE,Combined TRACON& Tower with Radar,11,84,67,2,164,0,0,20,0,20,11,84,87,2,184,2,0,2,186
03/18/2008,BTR,LA,ASW,CE,Combined TRACON& Tower with Radar,16,50,48,1,115,0,0,1,0,1,16,50,49,1,116,0,0,0,116
03/19/2008,BTR,LA,ASW,CE,Combined TRACON& Tower with Radar,16,64,87,11,178,0,0,29,2,31,16,64,116,13,209,8,0,8,217
03/20/2008,BTR,LA,ASW,CE,Combined TRACON& Tower with Radar,23,87,99,3,212,0,0,69,2,71,23,87,168,5,283,6,0,6,289
03/21/2008,BTR,LA,ASW,CE,Combined TRACON& Tower with Radar,11,70,66,2,149,0,1,44,0,45,11,71,110,2,194,12,0,12,206
03/22/2008,BTR,LA,ASW,CE,Combined TRACON& Tower with Radar,13,47,36,0,96,0,0,40,2,42,13,47,76,2,138,62,0,62,200
03/23/2008,BTR,LA,ASW,CE,Combined TRACON& Tower with Radar,14,68,42,0,124,0,0,30,0,30,14,68,72,0,154,0,0,0,154
03/24/2008,BTR,LA,ASW,CE,Combined TRACON& Tower with Radar,9,74,62,0,145,0,0,45,0,45,9,74,107,0,190,4,0,4,194
03/25/2008,BTR,LA,ASW,CE,Combined TRACON& Tower with Radar,20,70,64,1,155,0,0,49,2,51,20,70,113,3,206,20,0,20,226
03/26/2008,BTR,LA,ASW,CE,Combined TRACON& Tower with Radar,18,63,71,4,156,0,0,46,2,48,18,63,117,6,204,12,0,12,216
03/27/2008,BTR,LA,ASW,CE,Combined TRACON& Tower with Radar,13,83,138,9,243,0,0,43,1,44,13,83,181,10,287,10,2,12,299
03/28/2008,BTR,LA,ASW,CE,Combined TRACON& Tower with Radar,14,69,70,18,171,0,0,36,0,36,14,69,106,18,207,12,6,18,225
03/29/2008,BTR,LA,ASW,CE,Combined TRACON& Tower with Radar,8,47,40,4,99,0,0,4,1,5,8,47,44,5,104,0,0,0,104
03/30/2008,BTR,LA,ASW,CE,Combined TRACON& Tower with Radar,12,74,51,1,138,0,0,29,0,29,12,74,80,1,167,22,0,22,189
03/31/2008,BTR,LA,ASW,CE,Combined TRACON& Tower with Radar,6,71,52,17,146,0,0,26,1,27,6,71,78,18,173,0,0,0,173
04/01/2008,BTR,LA,ASW,CE,Combined TRACON& Tower with Radar,16,77,74,2,169,0,0,14,3,17,16,77,88,5,186,0,0,0,186
04/02/2008,BTR,LA,ASW,CE,Combined TRACON& Tower with Radar,13,96,90,4,203,0,0,11,0,11,13,96,101,4,214,18,0,18,232
04/03/2008,BTR,LA,ASW,CE,Combined TRACON& Tower with Radar,16,77,98,0,191,0,0,35,4,39,16,77,133,4,230,4,0,4,234
04/04/2008,BTR,LA,ASW,CE,Combined TRACON& Tower with Radar,16,64,0,19,99,0,0,0,4,4,16,64,0,23,103,6,0,6,109
04/05/2008,BTR,LA,ASW,CE,Combined TRACON& Tower with Radar,11,45,49,10,115,0,0,21,0,21,11,45,70,10,136,22,0,22,158
04/06/2008,BTR,LA,ASW,CE,Combined TRACON& Tower with Radar,11,77,67,5,160,0,1,37,0,38,11,78,104,5,198,12,0,12,210
04/07/2008,BTR,LA,ASW,CE,Combined TRACON& Tower with Radar,14,74,79,17,184,0,1,41,0,42,14,75,120,17,226,34,0,34,260
04/08/2008,BTR,LA,ASW,CE,Combined TRACON& Tower with Radar,18,67,101,14,200,0,0,43,0,43,18,67,144,14,243,22,10,32,275
04/09/2008,BTR,LA,ASW,CE,Combined TRACON& Tower with Radar,20,77,89,5,191,0,0,36,0,36,20,77,125,5,227,18,0,18,245
04/10/2008,BTR,LA,ASW,CE,Combined TRACON& Tower with Radar,17,67,83,4,171,0,0,38,0,38,17,67,121,4,209,6,0,6,215
04/11/2008,BTR,LA,ASW,CE,Combined TRACON& Tower with Radar,16,74,71,2,163,0,0,23,2,25,16,74,94,4,188,6,0,6,194
04/12/2008,BTR,LA,ASW,CE,Combined TRACON& Tower with Radar,14,35,34,5,88,0,0,38,0,38,14,35,72,5,126,68,0,68,194
04/13/2008,BTR,LA,ASW,CE,Combined TRACON& Tower with Radar,15,67,59,1,142,0,0,49,0,49,15,67,108,1,191,12,0,12,203
04/14/2008,BTR,LA,ASW,CE,Combined TRACON& Tower with Radar,14,72,69,0,155,0,1,55,0,56,14,73,124,0,211,10,0,10,221
04/15/2008,BTR,LA,ASW,CE,Combined TRACON& Tower with Radar,16,72,76,9,173,0,1,73,1,75,16,73,149,10,248,42,0,42,290
04/16/2008,BTR,LA,ASW,CE,Combined TRACON& Tower with Radar,13,75,164,0,252,0,0,68,0,68,13,75,232,0,320,34,0,34,354
04/17/2008,BTR,LA,ASW,CE,Combined TRACON& Tower with Radar,13,77,100,6,196,0,3,44,0,47,13,80,144,6,243,40,0,40,283
04/18/2008,BTR,LA,ASW,CE,Combined TRACON& Tower with Radar,17,74,48,1,140,0,0,4,0,4,17,74,52,1,144,0,0,0,144
04/19/2008,BTR,LA,ASW,CE,Combined TRACON& Tower with Radar,10,38,46,4,98,0,0,61,1,62,10,38,107,5,160,2,0,2,162
04/20/2008,BTR,LA,ASW,CE,Combined TRACON& Tower with Radar,10,68,62,0,140,0,0,44,1,45,10,68,106,1,185,18,0,18,203
04/21/2008,BTR,LA,ASW,CE,Combined TRACON& Tower with Radar,9,77,93,1,180,0,0,59,0,59,9,77,152,1,239,14,6,20,259
04/22/2008,BTR,LA,ASW,CE,Combined TRACON& Tower with Radar,16,75,90,2,183,0,0,13,0,13,16,75,103,2,196,0,0,0,196
04/23/2008,BTR,LA,ASW,CE,Combined TRACON& Tower with Radar,16,70,119,0,205,0,0,51,2,53,16,70,170,2,258,18,0,18,276
04/24/2008,BTR,LA,ASW,CE,Combined TRACON& Tower with Radar,15,76,115,1,207,0,1,40,2,43,15,77,155,3,250,0,0,0,250
04/25/2008,BTR,LA,ASW,CE,Combined TRACON& Tower with Radar,13,68,77,0,158,0,0,36,1,37,13,68,113,1,195,0,0,0,195
04/26/2008,BTR,LA,ASW,CE,Combined TRACON& Tower with Radar,9,36,20,2,67,0,0,13,0,13,9,36,33,2,80,6,0,6,86
04/27/2008,BTR,LA,ASW,CE,Combined TRACON& Tower with Radar,9,70,39,0,118,0,0,3,1,4,9,70,42,1,122,0,0,0,122
04/28/2008,BTR,LA,ASW,CE,Combined TRACON& Tower with Radar,10,66,58,4,138,0,0,53,2,55,10,66,111,6,193,38,4,42,235
04/29/2008,BTR,LA,ASW,CE,Combined TRACON& Tower with Radar,12,74,71,10,167,0,3,60,2,65,12,77,131,12,232,42,18,60,292
04/30/2008,BTR,LA,ASW,CE,Combined TRACON& Tower with Radar,15,79,97,0,191,0,1,70,1,72,15,80,167,1,263,26,0,26,289
05/01/2008,BTR,LA,ASW,CE,Combined TRACON& Tower with Radar,14,76,77,4,171,0,0,38,0,38,14,76,115,4,209,0,0,0,209
05/02/2008,BTR,LA,ASW,CE,Combined TRACON& Tower with Radar,13,73,53,1,140,0,0,21,0,21,13,73,74,1,161,0,0,0,161
05/03/2008,BTR,LA,ASW,CE,Combined TRACON& Tower with Radar,8,39,31,1,79,0,0,22,2,24,8,39,53,3,103,18,0,18,121
05/04/2008,BTR,LA,ASW,CE,Combined TRACON& Tower with Radar,11,72,55,0,138,0,0,52,0,52,11,72,107,0,190,12,0,12,202
05/05/2008,BTR,LA,ASW,CE,Combined TRACON& Tower with Radar,11,68,67,0,146,0,0,49,1,50,11,68,116,1,196,46,0,46,242
05/06/2008,BTR,LA,ASW,CE,Combined TRACON& Tower with Radar,16,72,86,0,174,0,0,45,0,45,16,72,131,0,219,12,0,12,231
05/07/2008,BTR,LA,ASW,CE,Combined TRACON& Tower with Radar,16,64,90,0,170,0,0,40,1,41,16,64,130,1,211,0,0,0,211
05/08/2008,BTR,LA,ASW,CE,Combined TRACON& Tower with Radar,17,73,88,3,181,0,0,46,0,46,17,73,134,3,227,40,0,40,267
05/09/2008,BTR,LA,ASW,CE,Combined TRACON& Tower with Radar,13,69,55,1,138,0,1,44,0,45,13,70,99,1,183,8,0,8,191
05/10/2008,BTR,LA,ASW,CE,Combined TRACON& Tower with Radar,9,35,43,0,87,0,0,22,0,22,9,35,65,0,109,10,0,10,119
05/11/2008,BTR,LA,ASW,CE,Combined TRACON& Tower with Radar,9,64,31,3,107,0,0,33,0,33,9,64,64,3,140,22,0,22,162
05/12/2008,BTR,LA,ASW,CE,Combined TRACON& Tower with Radar,9,81,84,7,181,0,0,73,0,73,9,81,157,7,254,44,0,44,298
05/13/2008,BTR,LA,ASW,CE,Combined TRACON& Tower with Radar,22,80,83,3,188,0,0,30,0,30,22,80,113,3,218,20,0,20,238
05/14/2008,BTR,LA,ASW,CE,Combined TRACON& Tower with Radar,20,65,62,0,147,0,0,27,0,27,20,65,89,0,174,2,0,2,176
05/15/2008,BTR,LA,ASW,CE,Combined TRACON& Tower with Radar,22,70,53,0,145,0,0,12,0,12,22,70,65,0,157,0,0,0,157
05/16/2008,BTR,LA,ASW,CE,Combined TRACON& Tower with Radar,14,63,73,8,158,0,1,14,0,15,14,64,87,8,173,0,0,0,173
05/17/2008,BTR,LA,ASW,CE,Combined TRACON& Tower with Radar,11,33,31,0,75,0,0,51,0,51,11,33,82,0,126,36,0,36,162
05/18/2008,BTR,LA,ASW,CE,Combined TRACON& Tower with Radar,11,69,44,0,124,0,0,57,0,57,11,69,101,0,181,20,0,20,201
05/19/2008,BTR,LA,ASW,CE,Combined TRACON& Tower with Radar,10,70,64,0,144,0,0,46,0,46,10,70,110,0,190,42,0,42,232
05/20/2008,BTR,LA,ASW,CE,Combined TRACON& Tower with Radar,16,61,90,3,170,0,0,59,2,61,16,61,149,5,231,16,4,20,251
05/21/2008,BTR,LA,ASW,CE,Combined TRACON& Tower with Radar,19,71,129,7,226,0,0,61,1,62,19,71,190,8,288,28,2,30,318
05/22/2008,BTR,LA,ASW,CE,Combined TRACON& Tower with Radar,15,72,91,3,181,0,0,15,0,15,15,72,106,3,196,6,0,6,202
05/23/2008,BTR,LA,ASW,CE,Combined TRACON& Tower with Radar,14,68,75,0,157,0,0,19,0,19,14,68,94,0,176,10,0,10,186
05/24/2008,BTR,LA,ASW,CE,Combined TRACON& Tower with Radar,9,50,21,0,80,0,0,12,0,12,9,50,33,0,92,0,0,0,92
05/25/2008,BTR,LA,ASW,CE,Combined TRACON& Tower with Radar,11,40,36,0,87,0,0,22,0,22,11,40,58,0,109,0,0,0,109
05/26/2008,BTR,LA,ASW,CE,Combined TRACON& Tower with Radar,8,54,59,0,121,0,0,31,0,31,8,54,90,0,152,18,0,18,170
05/27/2008,BTR,LA,ASW,CE,Combined TRACON& Tower with Radar,12,69,75,7,163,0,1,45,0,46,12,70,120,7,209,40,0,40,249
05/28/2008,BTR,LA,ASW,CE,Combined TRACON& Tower with Radar,15,78,94,1,188,0,0,45,2,47,15,78,139,3,235,60,0,60,295
05/29/2008,BTR,LA,ASW,CE,Combined TRACON& Tower with Radar,12,86,96,11,205,0,0,59,0,59,12,86,155,11,264,14,0,14,278
05/30/2008,BTR,LA,ASW,CE,Combined TRACON& Tower with Radar,16,72,70,5,163,0,0,59,1,60,16,72,129,6,223,14,0,14,237
05/31/2008,BTR,LA,ASW,CE,Combined TRACON& Tower with Radar,12,39,37,2,90,0,0,35,1,36,12,39,72,3,126,4,0,4,130
06/01/2008,BTR,LA,ASW,CE,Combined TRACON& Tower with Radar,10,63,40,2,115,0,0,29,0,29,10,63,69,2,144,52,0,52,196
06/02/2008,BTR,LA,ASW,CE,Combined TRACON& Tower with Radar,10,71,48,1,130,0,1,45,1,47,10,72,93,2,177,6,0,6,183
06/03/2008,BTR,LA,ASW,CE,Combined TRACON& Tower with Radar,14,66,107,28,215,0,0,33,0,33,14,66,140,28,248,38,4,42,290
06/04/2008,BTR,LA,ASW,CE,Combined TRACON& Tower with Radar,16,63,61,11,151,0,0,51,3,54,16,63,112,14,205,22,4,26,231
06/05/2008,BTR,LA,ASW,CE,Combined TRACON& Tower with Radar,12,66,83,1,162,0,0,23,0,23,12,66,106,1,185,10,0,10,195
06/06/2008,BTR,LA,ASW,CE,Combined TRACON& Tower with Radar,11,59,55,1,126,0,0,33,0,33,11,59,88,1,159,10,0,10,169
06/07/2008,BTR,LA,ASW,CE,Combined TRACON& Tower with Radar,8,41,40,3,92,0,0,30,0,30,8,41,70,3,122,12,0,12,134
06/08/2008,BTR,LA,ASW,CE,Combined TRACON& Tower with Radar,12,66,43,2,123,0,0,38,0,38,12,66,81,2,161,18,0,18,179
06/09/2008,BTR,LA,ASW,CE,Combined TRACON& Tower with Radar,7,59,73,2,141,0,2,33,5,40,7,61,106,7,181,18,0,18,199
06/10/2008,BTR,LA,ASW,CE,Combined TRACON& Tower with Radar,21,59,77,0,157,0,0,35,0,35,21,59,112,0,192,12,0,12,204
06/11/2008,BTR,LA,ASW,CE,Combined TRACON& Tower with Radar,12,76,88,7,183,0,0,52,2,54,12,76,140,9,237,14,0,14,251
06/12/2008,BTR,LA,ASW,CE,Combined TRACON& Tower with Radar,17,71,77,5,170,0,0,54,0,54,17,71,131,5,224,0,4,4,228
06/13/2008,BTR,LA,ASW,CE,Combined TRACON& Tower with Radar,13,64,59,5,141,0,0,38,3,41,13,64,97,8,182,26,0,26,208
06/14/2008,BTR,LA,ASW,CE,Combined TRACON& Tower with Radar,11,39,34,0,84,0,0,29,0,29,11,39,63,0,113,26,0,26,139
06/15/2008,BTR,LA,ASW,CE,Combined TRACON& Tower with Radar,11,65,60,3,139,0,0,32,0,32,11,65,92,3,171,22,0,22,193
06/16/2008,BTR,LA,ASW,CE,Combined TRACON& Tower with Radar,9,68,56,5,138,0,0,43,0,43,9,68,99,5,181,4,4,8,189
06/17/2008,BTR,LA,ASW,CE,Combined TRACON& Tower with Radar,12,75,76,0,163,0,0,51,0,51,12,75,127,0,214,10,0,10,224
06/18/2008,BTR,LA,ASW,CE,Combined TRACON& Tower with Radar,13,74,92,0,179,0,0,49,0,49,13,74,141,0,228,34,0,34,262
06/19/2008,BTR,LA,ASW,CE,Combined TRACON& Tower with Radar,8,70,118,0,196,0,0,55,1,56,8,70,173,1,252,0,0,0,252
06/20/2008,BTR,LA,ASW,CE,Combined TRACON& Tower with Radar,15,67,118,0,200,0,0,42,0,42,15,67,160,0,242,18,0,18,260
06/21/2008,BTR,LA,ASW,CE,Combined TRACON& Tower with Radar,11,56,45,1,113,0,0,19,0,19,11,56,64,1,132,26,0,26,158
06/22/2008,BTR,LA,ASW,CE,Combined TRACON& Tower with Radar,10,60,43,2,115,0,0,23,3,26,10,60,66,5,141,20,0,20,161
06/23/2008,BTR,LA,ASW,CE,Combined TRACON& Tower with Radar,6,68,90,0,164,0,0,54,0,54,6,68,144,0,218,2,0,2,220
06/24/2008,BTR,LA,ASW,CE,Combined TRACON& Tower with Radar,15,73,81,0,169,0,0,48,3,51,15,73,129,3,220,26,0,26,246
06/25/2008,BTR,LA,ASW,CE,Combined TRACON& Tower with Radar,9,78,102,15,204,0,0,21,0,21,9,78,123,15,225,6,12,18,243
06/26/2008,BTR,LA,ASW,CE,Combined TRACON& Tower with Radar,23,64,88,0,175,0,0,37,0,37,23,64,125,0,212,40,0,40,252
06/27/2008,BTR,LA,ASW,CE,Combined TRACON& Tower with Radar,10,67,56,1,134,0,0,28,0,28,10,67,84,1,162,32,0,32,194
06/28/2008,BTR,LA,ASW,CE,Combined TRACON& Tower with Radar,12,38,30,0,80,0,0,13,2,15,12,38,43,2,95,8,0,8,103
06/29/2008,BTR,LA,ASW,CE,Combined TRACON& Tower with Radar,10,68,34,0,112,0,0,21,0,21,10,68,55,0,133,10,0,10,143
06/30/2008,BTR,LA,ASW,CE,Combined TRACON& Tower with Radar,10,70,70,0,150,0,1,36,0,37,10,71,106,0,187,4,16,20,207
07/01/2008,BTR,LA,ASW,CE,Combined TRACON& Tower with Radar,11,73,78,33,195,0,0,61,1,62,11,73,139,34,257,12,28,40,297
07/02/2008,BTR,LA,ASW,CE,Combined TRACON& Tower with Radar,13,72,68,1,154,0,0,61,0,61,13,72,129,1,215,20,0,20,235
07/03/2008,BTR,LA,ASW,CE,Combined TRACON& Tower with Radar,8,66,60,0,134,0,0,43,0,43,8,66,103,0,177,0,0,0,177
07/04/2008,BTR,LA,ASW,CE,Combined TRACON& Tower with Radar,6,44,22,0,72,0,3,27,0,30,6,47,49,0,102,40,0,40,142
07/05/2008,BTR,LA,ASW,CE,Combined TRACON& Tower with Radar,7,37,29,0,73,0,0,26,0,26,7,37,55,0,99,0,0,0,99
07/06/2008,BTR,LA,ASW,CE,Combined TRACON& Tower with Radar,9,55,42,0,106,0,0,50,0,50,9,55,92,0,156,4,0,4,160
07/07/2008,BTR,LA,ASW,CE,Combined TRACON& Tower with Radar,9,66,84,0,159,0,1,51,2,54,9,67,135,2,213,0,12,12,225
07/08/2008,BTR,LA,ASW,CE,Combined TRACON& Tower with Radar,11,68,87,4,170,0,0,43,5,48,11,68,130,9,218,6,0,6,224
07/09/2008,BTR,LA,ASW,CE,Combined TRACON& Tower with Radar,11,77,74,5,167,0,0,49,0,49,11,77,123,5,216,2,0,2,218
07/10/2008,BTR,LA,ASW,CE,Combined TRACON& Tower with Radar,11,69,60,6,146,0,0,39,1,40,11,69,99,7,186,4,0,4,190
07/11/2008,BTR,LA,ASW,CE,Combined TRACON& Tower with Radar,7,68,61,0,136,0,0,37,0,37,7,68,98,0,173,3,0,3,176
07/12/2008,BTR,LA,ASW,CE,Combined TRACON& Tower with Radar,6,51,19,8,84,0,0,55,0,55,6,51,74,8,139,4,0,4,143
07/13/2008,BTR,LA,ASW,CE,Combined TRACON& Tower with Radar,10,52,43,4,109,0,0,40,0,40,10,52,83,4,149,12,0,12,161
07/14/2008,BTR,LA,ASW,CE,Combined TRACON& Tower with Radar,16,66,70,0,152,0,1,25,0,26,16,67,95,0,178,0,0,0,178
07/15/2008,BTR,LA,ASW,CE,Combined TRACON& Tower with Radar,10,77,59,1,147,0,0,50,0,50,10,77,109,1,197,34,0,34,231
07/16/2008,BTR,LA,ASW,CE,Combined TRACON& Tower with Radar,12,71,82,2,167,0,1,69,0,70,12,72,151,2,237,24,4,28,265
07/17/2008,BTR,LA,ASW,CE,Combined TRACON& Tower with Radar,8,74,76,4,162,0,0,52,2,54,8,74,128,6,216,56,0,56,272
07/18/2008,BTR,LA,ASW,CE,Combined TRACON& Tower with Radar,7,66,48,8,129,0,0,60,6,66,7,66,108,14,195,6,6,12,207
07/19/2008,BTR,LA,ASW,CE,Combined TRACON& Tower with Radar,7,43,36,0,86,0,0,25,0,25,7,43,61,0,111,30,0,30,141
07/20/2008,BTR,LA,ASW,CE,Combined TRACON& Tower with Radar,9,55,32,7,103,0,1,36,2,39,9,56,68,9,142,4,6,10,152
07/21/2008,BTR,LA,ASW,CE,Combined TRACON& Tower with Radar,9,63,73,0,145,0,5,40,3,48,9,68,113,3,193,6,0,6,199
07/22/2008,BTR,LA,ASW,CE,Combined TRACON& Tower with Radar,10,62,60,3,135,0,1,39,0,40,10,63,99,3,175,12,0,12,187
07/23/2008,BTR,LA,ASW,CE,Combined TRACON& Tower with Radar,11,72,72,0,155,0,0,38,0,38,11,72,110,0,193,12,0,12,205
07/24/2008,BTR,LA,ASW,CE,Combined TRACON& Tower with Radar,11,63,66,2,142,0,2,45,2,49,11,65,111,4,191,50,0,50,241
07/25/2008,BTR,LA,ASW,CE,Combined TRACON& Tower with Radar,6,60,48,2,116,0,0,45,0,45,6,60,93,2,161,4,0,4,165
07/26/2008,BTR,LA,ASW,CE,Combined TRACON& Tower with Radar,7,46,30,5,88,0,0,43,0,43,7,46,73,5,131,4,0,4,135
07/27/2008,BTR,LA,ASW,CE,Combined TRACON& Tower with Radar,7,58,33,0,98,0,0,30,7,37,7,58,63,7,135,26,0,26,161
07/28/2008,BTR,LA,ASW,CE,Combined TRACON& Tower with Radar,10,62,55,1,128,0,0,47,0,47,10,62,102,1,175,28,0,28,203
07/29/2008,BTR,LA,ASW,CE,Combined TRACON& Tower with Radar,13,65,95,2,175,0,0,29,0,29,13,65,124,2,204,10,0,10,214
07/30/2008,BTR,LA,ASW,CE,Combined TRACON& Tower with Radar,9,66,61,0,136,0,0,34,4,38,9,66,95,4,174,34,0,34,208
07/31/2008,BTR,LA,ASW,CE,Combined TRACON& Tower with Radar,8,72,60,0,140,0,0,28,0,28,8,72,88,0,168,0,0,0,168
08/01/2008,BTR,LA,ASW,CE,Combined TRACON& Tower with Radar,11,67,53,11,142,0,0,13,0,13,11,67,66,11,155,12,10,22,177
08/02/2008,BTR,LA,ASW,CE,Combined TRACON& Tower with Radar,6,41,37,0,84,0,1,26,0,27,6,42,63,0,111,22,0,22,133
08/03/2008,BTR,LA,ASW,CE,Combined TRACON& Tower with Radar,14,61,50,0,125,0,0,34,0,34,14,61,84,0,159,32,0,32,191
08/04/2008,BTR,LA,ASW,CE,Combined TRACON& Tower with Radar,9,64,71,0,144,0,0,41,0,41,9,64,112,0,185,6,0,6,191
08/05/2008,BTR,LA,ASW,CE,Combined TRACON& Tower with Radar,11,49,51,0,111,0,0,24,6,30,11,49,75,6,141,0,0,0,141
08/06/2008,BTR,LA,ASW,CE,Combined TRACON& Tower with Radar,10,67,62,0,139,0,0,57,0,57,10,67,119,0,196,26,0,26,222
08/07/2008,BTR,LA,ASW,CE,Combined TRACON& Tower with Radar,13,70,63,1,147,0,0,48,1,49,13,70,111,2,196,0,0,0,196
08/08/2008,BTR,LA,ASW,CE,Combined TRACON& Tower with Radar,7,71,50,1,129,0,0,26,1,27,7,71,76,2,156,32,0,32,188
08/09/2008,BTR,LA,ASW,CE,Combined TRACON& Tower with Radar,10,44,23,7,84,0,2,63,27,92,10,46,86,34,176,64,0,64,240
08/10/2008,BTR,LA,ASW,CE,Combined TRACON& Tower with Radar,8,64,49,3,124,0,0,50,6,56,8,64,99,9,180,12,0,12,192
08/11/2008,BTR,LA,ASW,CE,Combined TRACON& Tower with Radar,7,70,44,0,121,0,2,11,2,15,7,72,55,2,136,0,0,0,136
08/12/2008,BTR,LA,ASW,CE,Combined TRACON& Tower with Radar,11,74,57,0,142,0,0,4,1,5,11,74,61,1,147,0,0,0,147
08/13/2008,BTR,LA,ASW,CE,Combined TRACON& Tower with Radar,16,68,77,0,161,0,0,21,0,21,16,68,98,0,182,0,0,0,182
08/14/2008,BTR,LA,ASW,CE,Combined TRACON& Tower with Radar,12,75,65,0,152,0,0,62,0,62,12,75,127,0,214,12,0,12,226
08/15/2008,BTR,LA,ASW,CE,Combined TRACON& Tower with Radar,7,63,82,2,154,0,0,63,0,63,7,63,145,2,217,12,2,14,231
08/16/2008,BTR,LA,ASW,CE,Combined TRACON& Tower with Radar,7,47,22,0,76,0,0,244,0,244,7,47,266,0,320,69,0,69,389
08/17/2008,BTR,LA,ASW,CE,Combined TRACON& Tower with Radar,10,62,49,1,122,0,0,22,0,22,10,62,71,1,144,0,0,0,144
08/18/2008,BTR,LA,ASW,CE,Combined TRACON& Tower with Radar,5,73,59,2,139,0,1,26,0,27,5,74,85,2,166,12,0,12,178
08/19/2008,BTR,LA,ASW,CE,Combined TRACON& Tower with Radar,4,68,61,1,134,0,3,16,2,21,4,71,77,3,155,0,0,0,155
08/20/2008,BTR,LA,ASW,CE,Combined TRACON& Tower with Radar,8,70,58,0,136,0,0,14,0,14,8,70,72,0,150,0,0,0,150
08/21/2008,BTR,LA,ASW,CE,Combined TRACON& Tower with Radar,4,79,87,14,184,0,2,40,5,47,4,81,127,19,231,14,0,14,245
08/22/2008,BTR,LA,ASW,CE,Combined TRACON& Tower with Radar,5,73,55,1,134,0,2,49,0,51,5,75,104,1,185,54,0,54,239
08/23/2008,BTR,LA,ASW,CE,Combined TRACON& Tower with Radar,2,51,30,0,83,0,0,45,0,45,2,51,75,0,128,16,0,16,144
08/24/2008,BTR,LA,ASW,CE,Combined TRACON& Tower with Radar,8,62,23,0,93,0,0,1,0,1,8,62,24,0,94,0,0,0,94
08/25/2008,BTR,LA,ASW,CE,Combined TRACON& Tower with Radar,4,64,50,3,121,0,0,8,2,10,4,64,58,5,131,0,0,0,131
08/26/2008,BTR,LA,ASW,CE,Combined TRACON& Tower with Radar,6,75,49,0,130,0,0,54,0,54,6,75,103,0,184,34,0,34,218
08/27/2008,BTR,LA,ASW,CE,Combined TRACON& Tower with Radar,9,78,73,0,160,0,0,65,9,74,9,78,138,9,234,22,0,22,256
08/28/2008,BTR,LA,ASW,CE,Combined TRACON& Tower with Radar,6,75,77,4,162,0,4,47,4,55,6,79,124,8,217,42,0,42,259
08/29/2008,BTR,LA,ASW,CE,Combined TRACON& Tower with Radar,8,71,56,2,137,0,2,69,6,77,8,73,125,8,214,40,0,40,254
08/30/2008,BTR,LA,ASW,CE,Combined TRACON& Tower with Radar,5,58,63,4,130,0,3,62,15,80,5,61,125,19,210,0,0,0,210
08/31/2008,BTR,LA,ASW,CE,Combined TRACON& Tower with Radar,12,72,85,11,180,0,0,105,62,167,12,72,190,73,347,0,0,0,347
09/01/2008,BTR,LA,ASW,CE,Combined TRACON& Tower with Radar,0,0,0,0,0,0,0,0,0,0,0,0,0,0,0,0,0,0,0
09/02/2008,BTR,LA,ASW,CE,Combined TRACON& Tower with Radar,0,12,11,16,39,0,0,14,23,37,0,12,25,39,76,0,0,0,76
09/03/2008,BTR,LA,ASW,CE,Combined TRACON& Tower with Radar,7,60,66,24,157,0,6,66,105,177,7,66,132,129,334,0,0,0,334
09/04/2008,BTR,LA,ASW,CE,Combined TRACON& Tower with Radar,9,68,55,12,144,0,4,121,104,229,9,72,176,116,373,30,0,30,403
09/05/2008,BTR,LA,ASW,CE,Combined TRACON& Tower with Radar,4,72,65,10,151,0,6,140,73,219,4,78,205,83,370,6,0,6,376
09/06/2008,BTR,LA,ASW,CE,Combined TRACON& Tower with Radar,7,45,16,9,77,0,4,60,45,109,7,49,76,54,186,2,0,2,188
09/07/2008,BTR,LA,ASW,CE,Combined TRACON& Tower with Radar,8,60,52,4,124,0,0,62,50,112,8,60,114,54,236,0,0,0,236
09/08/2008,BTR,LA,ASW,CE,Combined TRACON& Tower with Radar,5,61,36,7,109,0,1,110,69,180,5,62,146,76,289,2,0,2,291
09/09/2008,BTR,LA,ASW,CE,Combined TRACON& Tower with Radar,10,68,48,9,135,0,1,109,40,150,10,69,157,49,285,0,8,8,293
09/10/2008,BTR,LA,ASW,CE,Combined TRACON& Tower with Radar,6,71,82,30,189,0,0,142,44,186,6,71,224,74,375,32,18,50,425
09/11/2008,BTR,LA,ASW,CE,Combined TRACON& Tower with Radar,9,74,56,6,145,0,0,40,23,63,9,74,96,29,208,4,0,4,212
09/12/2008,BTR,LA,ASW,CE,Combined TRACON& Tower with Radar,4,48,16,0,68,0,0,9,3,12,4,48,25,3,80,12,0,12,92
09/13/2008,BTR,LA,ASW,CE,Combined TRACON& Tower with Radar,6,30,5,2,43,0,0,7,6,13,6,30,12,8,56,0,0,0,56
09/14/2008,BTR,LA,ASW,CE,Combined TRACON& Tower with Radar,4,36,35,4,79,0,3,34,8,45,4,39,69,12,124,12,0,12,136
09/15/2008,BTR,LA,ASW,CE,Combined TRACON& Tower with Radar,8,71,75,0,154,0,1,75,30,106,8,72,150,30,260,32,0,32,292
09/16/2008,BTR,LA,ASW,CE,Combined TRACON& Tower with Radar,7,64,62,2,135,0,0,66,15,81,7,64,128,17,216,24,2,26,242
09/17/2008,BTR,LA,ASW,CE,Combined TRACON& Tower with Radar,6,70,70,3,149,0,1,96,11,108,6,71,166,14,257,14,0,14,271
09/18/2008,BTR,LA,ASW,CE,Combined TRACON& Tower with Radar,6,79,64,5,154,0,4,78,5,87,6,83,142,10,241,0,2,2,243
09/19/2008,BTR,LA,ASW,CE,Combined TRACON& Tower with Radar,10,64,52,5,131,0,1,54,2,57,10,65,106,7,188,14,0,14,202
09/20/2008,BTR,LA,ASW,CE,Combined TRACON& Tower with Radar,11,46,32,3,92,0,0,26,2,28,11,46,58,5,120,12,0,12,132
09/21/2008,BTR,LA,ASW,CE,Combined TRACON& Tower with Radar,7,59,33,3,102,0,1,37,1,39,7,60,70,4,141,0,0,0,141
09/22/2008,BTR,LA,ASW,CE,Combined TRACON& Tower with Radar,4,63,58,3,128,0,0,77,3,80,4,63,135,6,208,20,0,20,228
09/23/2008,BTR,LA,ASW,CE,Combined TRACON& Tower with Radar,7,65,71,0,143,0,0,55,0,55,7,65,126,0,198,18,0,18,216
09/24/2008,BTR,LA,ASW,CE,Combined TRACON& Tower with Radar,11,63,84,8,166,0,0,73,4,77,11,63,157,12,243,32,6,38,281
09/25/2008,BTR,LA,ASW,CE,Combined TRACON& Tower with Radar,6,73,86,1,166,0,0,67,3,70,6,73,153,4,236,16,0,16,252
09/26/2008,BTR,LA,ASW,CE,Combined TRACON& Tower with Radar,10,71,65,4,150,0,1,97,2,100,10,72,162,6,250,4,4,8,258
09/27/2008,BTR,LA,ASW,CE,Combined TRACON& Tower with Radar,10,45,40,1,96,0,0,69,3,72,10,45,109,4,168,0,2,2,170
09/28/2008,BTR,LA,ASW,CE,Combined TRACON& Tower with Radar,7,66,67,1,141,0,0,82,2,84,7,66,149,3,225,22,2,24,249
09/29/2008,BTR,LA,ASW,CE,Combined TRACON& Tower with Radar,2,63,55,1,121,0,0,69,0,69,2,63,124,1,190,34,0,34,224
09/30/2008,BTR,LA,ASW,CE,Combined TRACON& Tower with Radar,3,64,66,10,143,0,0,61,4,65,3,64,127,14,208,32,12,44,252
10/01/2008,BTR,LA,ASW,CE,Combined TRACON& Tower with Radar,6,62,59,5,132,0,2,73,4,79,6,64,132,9,211,8,2,10,221
10/02/2008,BTR,LA,ASW,CE,Combined TRACON& Tower with Radar,5,64,72,0,141,0,3,54,0,57,5,67,126,0,198,4,0,4,202
10/03/2008,BTR,LA,ASW,CE,Combined TRACON& Tower with Radar,6,60,67,10,143,0,2,53,3,58,6,62,120,13,201,16,0,16,217
10/04/2008,BTR,LA,ASW,CE,Combined TRACON& Tower with Radar,6,43,35,1,85,0,1,40,5,46,6,44,75,6,131,0,0,0,131
10/05/2008,BTR,LA,ASW,CE,Combined TRACON& Tower with Radar,4,62,44,1,111,0,0,36,0,36,4,62,80,1,147,4,0,4,151
10/06/2008,BTR,LA,ASW,CE,Combined TRACON& Tower with Radar,4,68,48,3,123,0,2,23,1,26,4,70,71,4,149,6,0,6,155
10/07/2008,BTR,LA,ASW,CE,Combined TRACON& Tower with Radar,2,62,61,0,125,0,1,23,3,27,2,63,84,3,152,28,0,28,180
10/08/2008,BTR,LA,ASW,CE,Combined TRACON& Tower with Radar,6,62,75,3,146,0,4,71,12,87,6,66,146,15,233,32,0,32,265
10/09/2008,BTR,LA,ASW,CE,Combined TRACON& Tower with Radar,5,70,97,2,174,0,1,66,3,70,5,71,163,5,244,8,0,8,252
10/10/2008,BTR,LA,ASW,CE,Combined TRACON& Tower with Radar,6,69,70,1,146,0,1,67,0,68,6,70,137,1,214,8,0,8,222
10/11/2008,BTR,LA,ASW,CE,Combined TRACON& Tower with Radar,4,45,34,0,83,0,0,22,1,23,4,45,56,1,106,4,0,4,110
10/12/2008,BTR,LA,ASW,CE,Combined TRACON& Tower with Radar,6,60,41,1,108,0,0,30,1,31,6,60,71,2,139,2,0,2,141
10/13/2008,BTR,LA,ASW,CE,Combined TRACON& Tower with Radar,8,67,63,0,138,0,1,16,3,20,8,68,79,3,158,30,0,30,188
10/14/2008,BTR,LA,ASW,CE,Combined TRACON& Tower with Radar,4,60,76,0,140,0,0,19,0,19,4,60,95,0,159,26,0,26,185
10/15/2008,BTR,LA,ASW,CE,Combined TRACON& Tower with Radar,9,63,82,8,162,0,0,33,2,35,9,63,115,10,197,34,10,44,241
10/16/2008,BTR,LA,ASW,CE,Combined TRACON& Tower with Radar,11,68,98,0,177,0,0,24,3,27,11,68,122,3,204,10,0,10,214
10/17/2008,BTR,LA,ASW,CE,Combined TRACON& Tower with Radar,8,79,95,3,185,0,0,4,1,5,8,79,99,4,190,4,0,4,194
10/18/2008,BTR,LA,ASW,CE,Combined TRACON& Tower with Radar,8,43,29,3,83,0,0,59,24,83,8,43,88,27,166,4,0,4,170
10/19/2008,BTR,LA,ASW,CE,Combined TRACON& Tower with Radar,9,65,48,0,122,0,2,52,0,54,9,67,100,0,176,4,0,4,180
10/20/2008,BTR,LA,ASW,CE,Combined TRACON& Tower with Radar,8,62,64,1,135,0,0,54,0,54,8,62,118,1,189,4,0,4,193
10/21/2008,BTR,LA,ASW,CE,Combined TRACON& Tower with Radar,4,62,66,11,143,0,1,57,1,59,4,63,123,12,202,48,4,52,254
10/22/2008,BTR,LA,ASW,CE,Combined TRACON& Tower with Radar,4,68,81,5,158,0,0,52,1,53,4,68,133,6,211,38,0,38,249
10/23/2008,BTR,LA,ASW,CE,Combined TRACON& Tower with Radar,6,67,94,0,167,0,0,2,1,3,6,67,96,1,170,0,0,0,170
10/24/2008,BTR,LA,ASW,CE,Combined TRACON& Tower with Radar,8,72,109,1,190,0,0,57,4,61,8,72,166,5,251,0,0,0,251
10/25/2008,BTR,LA,ASW,CE,Combined TRACON& Tower with Radar,10,92,160,0,262,0,0,82,0,82,10,92,242,0,344,10,0,10,354
10/26/2008,BTR,LA,ASW,CE,Combined TRACON& Tower with Radar,7,63,79,0,149,0,0,58,0,58,7,63,137,0,207,4,0,4,211
10/27/2008,BTR,LA,ASW,CE,Combined TRACON& Tower with Radar,9,63,60,3,135,0,1,61,0,62,9,64,121,3,197,44,4,48,245
10/28/2008,BTR,LA,ASW,CE,Combined TRACON& Tower with Radar,6,58,65,9,138,0,0,77,3,80,6,58,142,12,218,30,0,30,248
10/29/2008,BTR,LA,ASW,CE,Combined TRACON& Tower with Radar,3,62,55,0,120,0,0,60,5,65,3,62,115,5,185,22,0,22,207
10/30/2008,BTR,LA,ASW,CE,Combined TRACON& Tower with Radar,6,81,91,2,180,0,1,68,0,69,6,82,159,2,249,21,0,21,270
10/31/2008,BTR,LA,ASW,CE,Combined TRACON& Tower with Radar,5,61,50,0,116,0,1,59,0,60,5,62,109,0,176,0,0,0,176
11/01/2008,BTR,LA,ASW,CE,Combined TRACON& Tower with Radar,7,57,29,0,93,0,0,64,0,64,7,57,93,0,157,4,0,4,161
11/02/2008,BTR,LA,ASW,CE,Combined TRACON& Tower with Radar,6,67,39,3,115,0,1,58,1,60,6,68,97,4,175,10,0,10,185
11/03/2008,BTR,LA,ASW,CE,Combined TRACON& Tower with Radar,4,67,51,21,143,0,0,61,1,62,4,67,112,22,205,34,0,34,239
11/04/2008,BTR,LA,ASW,CE,Combined TRACON& Tower with Radar,5,62,61,0,128,0,0,64,0,64,5,62,125,0,192,46,0,46,238
11/05/2008,BTR,LA,ASW,CE,Combined TRACON& Tower with Radar,3,68,81,2,154,0,0,35,0,35,3,68,116,2,189,10,0,10,199
11/06/2008,BTR,LA,ASW,CE,Combined TRACON& Tower with Radar,4,64,115,7,190,0,0,24,0,24,4,64,139,7,214,0,0,0,214
11/07/2008,BTR,LA,ASW,CE,Combined TRACON& Tower with Radar,13,71,87,4,175,0,0,42,1,43,13,71,129,5,218,2,0,2,220
11/08/2008,BTR,LA,ASW,CE,Combined TRACON& Tower with Radar,13,72,144,2,231,0,1,103,1,105,13,73,247,3,336,8,0,8,344
11/09/2008,BTR,LA,ASW,CE,Combined TRACON& Tower with Radar,4,61,88,0,153,0,0,60,2,62,4,61,148,2,215,22,0,22,237
11/10/2008,BTR,LA,ASW,CE,Combined TRACON& Tower with Radar,5,64,50,15,134,0,0,41,0,41,5,64,91,15,175,36,0,36,211
11/11/2008,BTR,LA,ASW,CE,Combined TRACON& Tower with Radar,5,58,37,0,100,0,0,21,0,21,5,58,58,0,121,16,0,16,137
11/12/2008,BTR,LA,ASW,CE,Combined TRACON& Tower with Radar,5,69,64,0,138,0,0,2,0,2,5,69,66,0,140,0,0,0,140
11/13/2008,BTR,LA,ASW,CE,Combined TRACON& Tower with Radar,3,61,98,1,163,0,0,13,0,13,3,61,111,1,176,2,0,2,178
11/14/2008,BTR,LA,ASW,CE,Combined TRACON& Tower with Radar,3,67,54,5,129,0,0,19,0,19,3,67,73,5,148,0,0,0,148
11/15/2008,BTR,LA,ASW,CE,Combined TRACON& Tower with Radar,1,50,51,2,104,0,0,37,1,38,1,50,88,3,142,0,0,0,142
11/16/2008,BTR,LA,ASW,CE,Combined TRACON& Tower with Radar,4,64,37,4,109,0,0,43,5,48,4,64,80,9,157,12,0,12,169
11/17/2008,BTR,LA,ASW,CE,Combined TRACON& Tower with Radar,4,66,65,0,135,0,0,52,3,55,4,66,117,3,190,4,0,4,194
11/18/2008,BTR,LA,ASW,CE,Combined TRACON& Tower with Radar,6,57,96,0,159,0,0,71,0,71,6,57,167,0,230,34,0,34,264
11/19/2008,BTR,LA,ASW,CE,Combined TRACON& Tower with Radar,10,63,86,0,159,0,0,55,3,58,10,63,141,3,217,8,0,8,225
11/20/2008,BTR,LA,ASW,CE,Combined TRACON& Tower with Radar,5,69,84,0,158,0,0,50,2,52,5,69,134,2,210,8,0,8,218
11/21/2008,BTR,LA,ASW,CE,Combined TRACON& Tower with Radar,5,71,70,3,149,0,0,49,1,50,5,71,119,4,199,0,0,0,199
11/22/2008,BTR,LA,ASW,CE,Combined TRACON& Tower with Radar,6,54,54,0,114,0,0,42,0,42,6,54,96,0,156,14,0,14,170
11/23/2008,BTR,LA,ASW,CE,Combined TRACON& Tower with Radar,3,51,52,2,108,0,6,33,0,39,3,57,85,2,147,8,0,8,155
11/24/2008,BTR,LA,ASW,CE,Combined TRACON& Tower with Radar,5,60,40,1,106,0,0,14,1,15,5,60,54,2,121,28,0,28,149
11/25/2008,BTR,LA,ASW,CE,Combined TRACON& Tower with Radar,6,62,63,0,131,0,0,45,1,46,6,62,108,1,177,36,0,36,213
11/26/2008,BTR,LA,ASW,CE,Combined TRACON& Tower with Radar,6,64,52,1,123,0,0,56,1,57,6,64,108,2,180,12,0,12,192
11/27/2008,BTR,LA,ASW,CE,Combined TRACON& Tower with Radar,4,36,13,0,53,0,0,7,0,7,4,36,20,0,60,0,0,0,60
11/28/2008,BTR,LA,ASW,CE,Combined TRACON& Tower with Radar,3,46,18,0,67,0,0,6,0,6,3,46,24,0,73,0,0,0,73
11/29/2008,BTR,LA,ASW,CE,Combined TRACON& Tower with Radar,3,61,25,0,89,0,0,0,0,0,3,61,25,0,89,0,0,0,89
11/30/2008,BTR,LA,ASW,CE,Combined TRACON& Tower with Radar,8,60,44,2,114,0,0,22,0,22,8,60,66,2,136,10,0,10,146
12/01/2008,BTR,LA,ASW,CE,Combined TRACON& Tower with Radar,6,62,61,0,129,0,0,31,0,31,6,62,92,0,160,30,0,30,190
12/02/2008,BTR,LA,ASW,CE,Combined TRACON& Tower with Radar,6,61,68,0,135,0,0,49,0,49,6,61,117,0,184,36,0,36,220
12/03/2008,BTR,LA,ASW,CE,Combined TRACON& Tower with Radar,5,57,83,12,157,0,0,58,0,58,5,57,141,12,215,52,12,64,279
12/04/2008,BTR,LA,ASW,CE,Combined TRACON& Tower with Radar,3,61,72,3,139,0,0,2,1,3,3,61,74,4,142,0,0,0,142
12/05/2008,BTR,LA,ASW,CE,Combined TRACON& Tower with Radar,7,70,70,3,150,0,0,53,3,56,7,70,123,6,206,52,0,52,258
12/06/2008,BTR,LA,ASW,CE,Combined TRACON& Tower with Radar,6,45,49,5,105,0,0,39,22,61,6,45,88,27,166,20,0,20,186
12/07/2008,BTR,LA,ASW,CE,Combined TRACON& Tower with Radar,6,58,32,0,96,0,0,65,1,66,6,58,97,1,162,30,2,32,194
12/08/2008,BTR,LA,ASW,CE,Combined TRACON& Tower with Radar,6,62,65,5,138,0,0,67,2,69,6,62,132,7,207,32,0,32,239
12/09/2008,BTR,LA,ASW,CE,Combined TRACON& Tower with Radar,7,48,29,0,84,0,0,3,0,3,7,48,32,0,87,10,0,10,97
12/10/2008,BTR,LA,ASW,CE,Combined TRACON& Tower with Radar,6,63,57,0,126,0,0,0,0,0,6,63,57,0,126,0,0,0,126
12/11/2008,BTR,LA,ASW,CE,Combined TRACON& Tower with Radar,4,47,32,0,83,0,0,4,0,4,4,47,36,0,87,0,0,0,87
12/12/2008,BTR,LA,ASW,CE,Combined TRACON& Tower with Radar,4,57,88,3,152,0,0,54,3,57,4,57,142,6,209,84,0,84,293
12/13/2008,BTR,LA,ASW,CE,Combined TRACON& Tower with Radar,3,43,27,2,75,0,0,29,0,29,3,43,56,2,104,12,0,12,116
12/14/2008,BTR,LA,ASW,CE,Combined TRACON& Tower with Radar,5,57,46,4,112,0,4,15,1,20,5,61,61,5,132,36,0,36,168
12/15/2008,BTR,LA,ASW,CE,Combined TRACON& Tower with Radar,4,53,49,0,106,0,0,13,0,13,4,53,62,0,119,29,0,29,148
12/16/2008,BTR,LA,ASW,CE,Combined TRACON& Tower with Radar,2,47,28,2,79,0,0,0,0,0,2,47,28,2,79,0,0,0,79
12/17/2008,BTR,LA,ASW,CE,Combined TRACON& Tower with Radar,8,67,80,0,155,0,0,25,4,29,8,67,105,4,184,26,0,26,210
12/18/2008,BTR,LA,ASW,CE,Combined TRACON& Tower with Radar,6,50,92,0,148,0,0,15,1,16,6,50,107,1,164,0,0,0,164
12/19/2008,BTR,LA,ASW,CE,Combined TRACON& Tower with Radar,5,60,80,0,145,0,0,27,0,27,5,60,107,0,172,0,0,0,172
12/20/2008,BTR,LA,ASW,CE,Combined TRACON& Tower with Radar,5,44,49,0,98,0,0,7,0,7,5,44,56,0,105,50,0,50,155
12/21/2008,BTR,LA,ASW,CE,Combined TRACON& Tower with Radar,6,52,15,0,73,0,0,17,0,17,6,52,32,0,90,22,0,22,112
12/22/2008,BTR,LA,ASW,CE,Combined TRACON& Tower with Radar,3,58,51,11,123,0,0,38,0,38,3,58,89,11,161,4,0,4,165
12/23/2008,BTR,LA,ASW,CE,Combined TRACON& Tower with Radar,7,56,50,0,113,0,0,21,1,22,7,56,71,1,135,24,0,24,159
12/24/2008,BTR,LA,ASW,CE,Combined TRACON& Tower with Radar,5,41,13,0,59,0,1,8,1,10,5,42,21,1,69,0,0,0,69
12/25/2008,BTR,LA,ASW,CE,Combined TRACON& Tower with Radar,7,43,3,0,53,0,0,0,0,0,7,43,3,0,53,0,0,0,53
12/26/2008,BTR,LA,ASW,CE,Combined TRACON& Tower with Radar,4,54,31,0,89,0,0,24,1,25,4,54,55,1,114,36,0,36,150
12/27/2008,BTR,LA,ASW,CE,Combined TRACON& Tower with Radar,5,54,26,0,85,0,1,12,0,13,5,55,38,0,98,12,0,12,110
12/28/2008,BTR,LA,ASW,CE,Combined TRACON& Tower with Radar,4,59,22,0,85,0,0,3,0,3,4,59,25,0,88,0,0,0,88
12/29/2008,BTR,LA,ASW,CE,Combined TRACON& Tower with Radar,4,57,41,5,107,0,2,49,5,56,4,59,90,10,163,28,0,28,191
12/30/2008,BTR,LA,ASW,CE,Combined TRACON& Tower with Radar,6,55,52,6,119,0,0,48,8,56,6,55,100,14,175,32,0,32,207
12/31/2008,BTR,LA,ASW,CE,Combined TRACON& Tower with Radar,6,49,32,0,87,0,0,35,1,36,6,49,67,1,123,2,0,2,125
01/01/2009,BTR,LA,ASW,CE,Combined TRACON& Tower with Radar,7,44,18,0,69,0,0,27,0,27,7,44,45,0,96,10,8,18,114
01/02/2009,BTR,LA,ASW,CE,Combined TRACON& Tower with Radar,6,61,34,0,101,0,0,19,2,21,6,61,53,2,122,0,0,0,122
01/03/2009,BTR,LA,ASW,CE,Combined TRACON& Tower with Radar,9,44,25,0,78,0,0,0,0,0,9,44,25,0,78,0,0,0,78
01/04/2009,BTR,LA,ASW,CE,Combined TRACON& Tower with Radar,4,62,27,0,93,0,0,6,0,6,4,62,33,0,99,24,0,24,123
01/05/2009,BTR,LA,ASW,CE,Combined TRACON& Tower with Radar,2,57,32,0,91,0,0,7,0,7,2,57,39,0,98,10,0,10,108
01/06/2009,BTR,LA,ASW,CE,Combined TRACON& Tower with Radar,2,58,31,0,91,0,0,3,0,3,2,58,34,0,94,0,0,0,94
01/07/2009,BTR,LA,ASW,CE,Combined TRACON& Tower with Radar,3,55,53,1,112,0,2,46,1,49,3,57,99,2,161,2,0,2,163
01/08/2009,BTR,LA,ASW,CE,Combined TRACON& Tower with Radar,3,58,78,0,139,0,1,59,0,60,3,59,137,0,199,2,0,2,201
01/09/2009,BTR,LA,ASW,CE,Combined TRACON& Tower with Radar,1,66,42,0,109,0,2,45,2,49,1,68,87,2,158,32,0,32,190
01/10/2009,BTR,LA,ASW,CE,Combined TRACON& Tower with Radar,1,39,36,6,82,0,0,2,0,2,1,39,38,6,84,18,14,32,116
01/11/2009,BTR,LA,ASW,CE,Combined TRACON& Tower with Radar,1,56,44,2,103,0,0,45,2,47,1,56,89,4,150,48,2,50,200
01/12/2009,BTR,LA,ASW,CE,Combined TRACON& Tower with Radar,2,59,48,0,109,0,0,80,1,81,2,59,128,1,190,52,0,52,242
01/13/2009,BTR,LA,ASW,CE,Combined TRACON& Tower with Radar,3,60,57,3,123,0,0,38,0,38,3,60,95,3,161,6,0,6,167
01/14/2009,BTR,LA,ASW,CE,Combined TRACON& Tower with Radar,5,56,46,0,107,0,3,42,1,46,5,59,88,1,153,2,0,2,155
01/15/2009,BTR,LA,ASW,CE,Combined TRACON& Tower with Radar,4,52,59,2,117,0,0,29,0,29,4,52,88,2,146,6,0,6,152
01/16/2009,BTR,LA,ASW,CE,Combined TRACON& Tower with Radar,5,53,37,0,95,0,0,56,1,57,5,53,93,1,152,6,0,6,158
01/17/2009,BTR,LA,ASW,CE,Combined TRACON& Tower with Radar,2,51,15,1,69,0,0,31,3,34,2,51,46,4,103,8,10,18,121
01/18/2009,BTR,LA,ASW,CE,Combined TRACON& Tower with Radar,2,53,36,0,91,0,4,51,0,55,2,57,87,0,146,26,0,26,172
01/19/2009,BTR,LA,ASW,CE,Combined TRACON& Tower with Radar,1,55,51,0,107,0,1,32,0,33,1,56,83,0,140,28,0,28,168
01/20/2009,BTR,LA,ASW,CE,Combined TRACON& Tower with Radar,3,54,54,1,112,0,0,42,0,42,3,54,96,1,154,10,0,10,164
01/21/2009,BTR,LA,ASW,CE,Combined TRACON& Tower with Radar,2,63,65,3,133,0,2,56,0,58,2,65,121,3,191,10,0,10,201
01/22/2009,BTR,LA,ASW,CE,Combined TRACON& Tower with Radar,1,65,67,10,143,0,0,74,0,74,1,65,141,10,217,6,0,6,223
01/23/2009,BTR,LA,ASW,CE,Combined TRACON& Tower with Radar,5,52,65,6,128,0,0,51,2,53,5,52,116,8,181,0,0,0,181
01/24/2009,BTR,LA,ASW,CE,Combined TRACON& Tower with Radar,3,46,28,0,77,0,0,15,0,15,3,46,43,0,92,0,0,0,92
01/25/2009,BTR,LA,ASW,CE,Combined TRACON& Tower with Radar,2,66,56,2,126,0,0,2,0,2,2,66,58,2,128,20,0,20,148
01/26/2009,BTR,LA,ASW,CE,Combined TRACON& Tower with Radar,1,51,80,0,132,0,0,27,0,27,1,51,107,0,159,10,0,10,169
01/27/2009,BTR,LA,ASW,CE,Combined TRACON& Tower with Radar,2,50,69,1,122,0,0,21,0,21,2,50,90,1,143,12,0,12,155
01/28/2009,BTR,LA,ASW,CE,Combined TRACON& Tower with Radar,5,52,87,0,144,0,0,7,0,7,5,52,94,0,151,0,0,0,151
01/29/2009,BTR,LA,ASW,CE,Combined TRACON& Tower with Radar,1,64,123,3,191,0,0,88,4,92,1,64,211,7,283,26,0,26,309
01/30/2009,BTR,LA,ASW,CE,Combined TRACON& Tower with Radar,6,58,53,0,117,0,0,71,3,74,6,58,124,3,191,48,0,48,239
01/31/2009,BTR,LA,ASW,CE,Combined TRACON& Tower with Radar,2,42,35,3,82,0,0,105,1,106,2,42,140,4,188,32,0,32,220
02/01/2009,BTR,LA,ASW,CE,Combined TRACON& Tower with Radar,7,53,38,0,98,0,0,21,0,21,7,53,59,0,119,26,0,26,145
02/02/2009,BTR,LA,ASW,CE,Combined TRACON& Tower with Radar,0,60,36,0,96,0,0,13,0,13,0,60,49,0,109,4,0,4,113
02/03/2009,BTR,LA,ASW,CE,Combined TRACON& Tower with Radar,2,62,53,0,117,0,0,54,0,54,2,62,107,0,171,34,0,34,205
02/04/2009,BTR,LA,ASW,CE,Combined TRACON& Tower with Radar,12,65,51,2,130,0,0,76,1,77,12,65,127,3,207,20,0,20,227
02/05/2009,BTR,LA,ASW,CE,Combined TRACON& Tower with Radar,6,67,62,0,135,0,1,53,0,54,6,68,115,0,189,24,0,24,213
02/06/2009,BTR,LA,ASW,CE,Combined TRACON& Tower with Radar,4,67,82,0,153,0,1,89,2,92,4,68,171,2,245,20,12,32,277
02/07/2009,BTR,LA,ASW,CE,Combined TRACON& Tower with Radar,2,46,27,2,77,0,0,43,7,50,2,46,70,9,127,10,2,12,139
02/08/2009,BTR,LA,ASW,CE,Combined TRACON& Tower with Radar,7,54,54,4,119,0,0,59,7,66,7,54,113,11,185,32,0,32,217
02/09/2009,BTR,LA,ASW,CE,Combined TRACON& Tower with Radar,2,68,43,1,114,0,0,32,0,32,2,68,75,1,146,22,0,22,168
02/10/2009,BTR,LA,ASW,CE,Combined TRACON& Tower with Radar,3,55,57,2,117,0,0,25,1,26,3,55,82,3,143,22,0,22,165
02/11/2009,BTR,LA,ASW,CE,Combined TRACON& Tower with Radar,0,58,59,0,117,0,1,39,0,40,0,59,98,0,157,4,0,4,161
02/12/2009,BTR,LA,ASW,CE,Combined TRACON& Tower with Radar,2,65,60,0,127,0,1,56,7,64,2,66,116,7,191,18,0,18,209
02/13/2009,BTR,LA,ASW,CE,Combined TRACON& Tower with Radar,5,62,56,0,123,0,0,8,0,8,5,62,64,0,131,30,0,30,161
02/14/2009,BTR,LA,ASW,CE,Combined TRACON& Tower with Radar,2,49,16,0,67,0,0,6,0,6,2,49,22,0,73,2,0,2,75
02/15/2009,BTR,LA,ASW,CE,Combined TRACON& Tower with Radar,3,47,41,4,95,0,0,11,0,11,3,47,52,4,106,4,0,4,110
02/16/2009,BTR,LA,ASW,CE,Combined TRACON& Tower with Radar,3,59,56,6,124,0,0,56,1,57,3,59,112,7,181,28,8,36,217
02/17/2009,BTR,LA,ASW,CE,Combined TRACON& Tower with Radar,3,68,68,0,139,0,0,34,0,34,3,68,102,0,173,36,0,36,209
02/18/2009,BTR,LA,ASW,CE,Combined TRACON& Tower with Radar,1,71,64,7,143,0,1,5,0,6,1,72,69,7,149,12,0,12,161
02/19/2009,BTR,LA,ASW,CE,Combined TRACON& Tower with Radar,3,61,72,4,140,0,0,47,4,51,3,61,119,8,191,12,0,12,203
02/20/2009,BTR,LA,ASW,CE,Combined TRACON& Tower with Radar,5,66,62,2,135,0,1,71,0,72,5,67,133,2,207,34,0,34,241
02/21/2009,BTR,LA,ASW,CE,Combined TRACON& Tower with Radar,5,42,39,2,88,0,1,36,2,39,5,43,75,4,127,16,0,16,143
02/22/2009,BTR,LA,ASW,CE,Combined TRACON& Tower with Radar,6,52,40,2,100,0,0,31,2,33,6,52,71,4,133,16,0,16,149
02/23/2009,BTR,LA,ASW,CE,Combined TRACON& Tower with Radar,4,67,56,0,127,0,0,31,1,32,4,67,87,1,159,10,0,10,169
02/24/2009,BTR,LA,ASW,CE,Combined TRACON& Tower with Radar,2,64,56,0,122,0,0,37,2,39,2,64,93,2,161,14,0,14,175
02/25/2009,BTR,LA,ASW,CE,Combined TRACON& Tower with Radar,7,62,71,2,142,0,0,32,1,33,7,62,103,3,175,2,0,2,177
02/26/2009,BTR,LA,ASW,CE,Combined TRACON& Tower with Radar,5,68,81,0,154,0,0,31,0,31,5,68,112,0,185,4,0,4,189
02/27/2009,BTR,LA,ASW,CE,Combined TRACON& Tower with Radar,4,61,70,1,136,0,0,23,0,23,4,61,93,1,159,0,0,0,159
02/28/2009,BTR,LA,ASW,CE,Combined TRACON& Tower with Radar,6,46,57,1,110,0,0,6,0,6,6,46,63,1,116,2,0,2,118
03/01/2009,BTR,LA,ASW,CE,Combined TRACON& Tower with Radar,5,43,28,0,76,0,0,16,1,17,5,43,44,1,93,0,0,0,93
03/02/2009,BTR,LA,ASW,CE,Combined TRACON& Tower with Radar,0,62,37,2,101,0,0,39,1,40,0,62,76,3,141,22,0,22,163
03/03/2009,BTR,LA,ASW,CE,Combined TRACON& Tower with Radar,2,57,60,0,119,0,1,51,1,53,2,58,111,1,172,21,0,21,193
03/04/2009,BTR,LA,ASW,CE,Combined TRACON& Tower with Radar,3,65,66,1,135,0,0,35,0,35,3,65,101,1,170,0,0,0,170
03/05/2009,BTR,LA,ASW,CE,Combined TRACON& Tower with Radar,1,65,69,2,137,0,2,52,5,59,1,67,121,7,196,14,0,14,210
03/06/2009,BTR,LA,ASW,CE,Combined TRACON& Tower with Radar,2,72,63,2,139,0,2,59,2,63,2,74,122,4,202,24,4,28,230
03/07/2009,BTR,LA,ASW,CE,Combined TRACON& Tower with Radar,2,47,39,1,89,0,0,45,2,47,2,47,84,3,136,6,0,6,142
03/08/2009,BTR,LA,ASW,CE,Combined TRACON& Tower with Radar,3,58,43,8,112,0,0,31,2,33,3,58,74,10,145,24,6,30,175
03/09/2009,BTR,LA,ASW,CE,Combined TRACON& Tower with Radar,2,74,62,0,138,0,0,25,1,26,2,74,87,1,164,13,0,13,177
03/10/2009,BTR,LA,ASW,CE,Combined TRACON& Tower with Radar,2,66,86,15,169,0,1,45,1,47,2,67,131,16,216,34,2,36,252
03/11/2009,BTR,LA,ASW,CE,Combined TRACON& Tower with Radar,1,64,53,0,118,0,3,40,1,44,1,67,93,1,162,12,0,12,174
03/12/2009,BTR,LA,ASW,CE,Combined TRACON& Tower with Radar,6,67,71,0,144,0,1,22,2,25,6,68,93,2,169,38,0,38,207
03/13/2009,BTR,LA,ASW,CE,Combined TRACON& Tower with Radar,4,65,65,1,135,0,0,3,0,3,4,65,68,1,138,14,0,14,152
03/14/2009,BTR,LA,ASW,CE,Combined TRACON& Tower with Radar,2,46,14,0,62,0,0,0,0,0,2,46,14,0,62,0,0,0,62
03/15/2009,BTR,LA,ASW,CE,Combined TRACON& Tower with Radar,2,48,38,1,89,0,0,2,0,2,2,48,40,1,91,0,0,0,91
03/16/2009,BTR,LA,ASW,CE,Combined TRACON& Tower with Radar,3,64,38,0,105,0,2,3,0,5,3,66,41,0,110,14,0,14,124
03/17/2009,BTR,LA,ASW,CE,Combined TRACON& Tower with Radar,1,58,68,2,129,0,2,48,3,53,1,60,116,5,182,15,0,15,197
03/18/2009,BTR,LA,ASW,CE,Combined TRACON& Tower with Radar,2,88,58,0,148,0,3,48,3,54,2,91,106,3,202,4,0,4,206
03/19/2009,BTR,LA,ASW,CE,Combined TRACON& Tower with Radar,1,62,70,9,142,0,0,54,12,66,1,62,124,21,208,14,0,14,222
03/20/2009,BTR,LA,ASW,CE,Combined TRACON& Tower with Radar,4,69,50,3,126,0,1,77,1,79,4,70,127,4,205,34,0,34,239
03/21/2009,BTR,LA,ASW,CE,Combined TRACON& Tower with Radar,5,48,27,3,83,0,2,52,7,61,5,50,79,10,144,24,0,24,168
03/22/2009,BTR,LA,ASW,CE,Combined TRACON& Tower with Radar,2,67,28,3,100,0,0,50,0,50,2,67,78,3,150,4,0,4,154
03/23/2009,BTR,LA,ASW,CE,Combined TRACON& Tower with Radar,3,69,46,0,118,0,0,44,0,44,3,69,90,0,162,16,0,16,178
03/24/2009,BTR,LA,ASW,CE,Combined TRACON& Tower with Radar,1,63,64,0,128,0,0,15,0,15,1,63,79,0,143,4,0,4,147
03/25/2009,BTR,LA,ASW,CE,Combined TRACON& Tower with Radar,0,73,28,0,101,0,2,6,0,8,0,75,34,0,109,0,0,0,109
03/26/2009,BTR,LA,ASW,CE,Combined TRACON& Tower with Radar,3,69,54,1,127,0,0,2,0,2,3,69,56,1,129,0,0,0,129
03/27/2009,BTR,LA,ASW,CE,Combined TRACON& Tower with Radar,2,60,58,0,120,0,0,6,0,6,2,60,64,0,126,6,0,6,132
03/28/2009,BTR,LA,ASW,CE,Combined TRACON& Tower with Radar,1,45,21,3,70,0,0,28,2,30,1,45,49,5,100,10,0,10,110
03/29/2009,BTR,LA,ASW,CE,Combined TRACON& Tower with Radar,1,57,39,9,106,0,0,70,5,75,1,57,109,14,181,28,8,36,217
03/30/2009,BTR,LA,ASW,CE,Combined TRACON& Tower with Radar,2,62,44,5,113,0,0,56,1,57,2,62,100,6,170,28,0,28,198
03/31/2009,BTR,LA,ASW,CE,Combined TRACON& Tower with Radar,4,64,51,2,121,0,1,16,0,17,4,65,67,2,138,16,0,16,154
04/01/2009,BTR,LA,ASW,CE,Combined TRACON& Tower with Radar,2,59,58,15,134,0,0,64,1,65,2,59,122,16,199,30,12,42,241
04/02/2009,BTR,LA,ASW,CE,Combined TRACON& Tower with Radar,0,70,41,0,111,0,0,11,5,16,0,70,52,5,127,0,0,0,127
04/03/2009,BTR,LA,ASW,CE,Combined TRACON& Tower with Radar,3,59,60,18,140,0,0,89,3,92,3,59,149,21,232,52,0,52,284
04/04/2009,BTR,LA,ASW,CE,Combined TRACON& Tower with Radar,3,59,26,0,88,0,0,56,3,59,3,59,82,3,147,2,0,2,149
04/05/2009,BTR,LA,ASW,CE,Combined TRACON& Tower with Radar,4,51,48,21,124,0,0,11,0,11,4,51,59,21,135,0,0,0,135
04/06/2009,BTR,LA,ASW,CE,Combined TRACON& Tower with Radar,4,55,32,0,91,0,2,39,0,41,4,57,71,0,132,22,0,22,154
04/07/2009,BTR,LA,ASW,CE,Combined TRACON& Tower with Radar,1,57,57,9,124,0,1,56,3,60,1,58,113,12,184,0,4,4,188
04/08/2009,BTR,LA,ASW,CE,Combined TRACON& Tower with Radar,5,62,69,0,136,0,0,63,0,63,5,62,132,0,199,48,2,50,249
04/09/2009,BTR,LA,ASW,CE,Combined TRACON& Tower with Radar,0,68,74,0,142,0,0,28,6,34,0,68,102,6,176,2,0,2,178
04/10/2009,BTR,LA,ASW,CE,Combined TRACON& Tower with Radar,4,62,49,10,125,0,0,27,1,28,4,62,76,11,153,50,4,54,207
04/11/2009,BTR,LA,ASW,CE,Combined TRACON& Tower with Radar,2,45,13,0,60,0,0,28,0,28,2,45,41,0,88,0,0,0,88
04/12/2009,BTR,LA,ASW,CE,Combined TRACON& Tower with Radar,1,52,13,0,66,0,0,1,1,2,1,52,14,1,68,0,0,0,68
04/13/2009,BTR,LA,ASW,CE,Combined TRACON& Tower with Radar,1,57,57,2,117,0,0,14,0,14,1,57,71,2,131,38,0,38,169
04/14/2009,BTR,LA,ASW,CE,Combined TRACON& Tower with Radar,1,59,60,6,126,0,0,58,1,59,1,59,118,7,185,28,4,32,217
04/15/2009,BTR,LA,ASW,CE,Combined TRACON& Tower with Radar,2,55,52,0,109,0,0,60,1,61,2,55,112,1,170,12,6,18,188
04/16/2009,BTR,LA,ASW,CE,Combined TRACON& Tower with Radar,4,82,67,0,153,0,0,52,0,52,4,82,119,0,205,8,0,8,213
04/17/2009,BTR,LA,ASW,CE,Combined TRACON& Tower with Radar,3,50,62,2,117,0,0,21,0,21,3,50,83,2,138,0,0,0,138
04/18/2009,BTR,LA,ASW,CE,Combined TRACON& Tower with Radar,2,40,16,0,58,0,0,0,0,0,2,40,16,0,58,0,0,0,58
04/19/2009,BTR,LA,ASW,CE,Combined TRACON& Tower with Radar,1,58,60,1,120,0,0,34,0,34,1,58,94,1,154,16,0,16,170
04/20/2009,BTR,LA,ASW,CE,Combined TRACON& Tower with Radar,4,60,46,1,111,0,0,58,0,58,4,60,104,1,169,12,0,12,181
04/21/2009,BTR,LA,ASW,CE,Combined TRACON& Tower with Radar,2,59,61,0,122,0,0,58,0,58,2,59,119,0,180,34,0,34,214
04/22/2009,BTR,LA,ASW,CE,Combined TRACON& Tower with Radar,2,64,59,1,126,0,2,81,0,83,2,66,140,1,209,76,0,76,285
04/23/2009,BTR,LA,ASW,CE,Combined TRACON& Tower with Radar,2,63,82,1,148,0,2,41,1,44,2,65,123,2,192,74,0,74,266
04/24/2009,BTR,LA,ASW,CE,Combined TRACON& Tower with Radar,3,57,73,3,136,0,0,48,3,51,3,57,121,6,187,26,0,26,213
04/25/2009,BTR,LA,ASW,CE,Combined TRACON& Tower with Radar,0,50,41,0,91,0,0,57,1,58,0,50,98,1,149,12,0,12,161
04/26/2009,BTR,LA,ASW,CE,Combined TRACON& Tower with Radar,3,60,51,0,114,0,0,51,0,51,3,60,102,0,165,30,0,30,195
04/27/2009,BTR,LA,ASW,CE,Combined TRACON& Tower with Radar,3,58,57,0,118,0,0,26,7,33,3,58,83,7,151,12,0,12,163
04/28/2009,BTR,LA,ASW,CE,Combined TRACON& Tower with Radar,0,66,88,0,154,0,0,22,1,23,0,66,110,1,177,4,0,4,181
04/29/2009,BTR,LA,ASW,CE,Combined TRACON& Tower with Radar,5,59,86,1,151,0,0,33,0,33,5,59,119,1,184,28,0,28,212
04/30/2009,BTR,LA,ASW,CE,Combined TRACON& Tower with Radar,5,71,56,2,134,0,2,47,0,49,5,73,103,2,183,8,2,10,193
05/01/2009,BTR,LA,ASW,CE,Combined TRACON& Tower with Radar,2,60,43,4,109,0,0,50,5,55,2,60,93,9,164,28,0,28,192
05/02/2009,BTR,LA,ASW,CE,Combined TRACON& Tower with Radar,0,41,40,12,93,0,0,36,1,37,0,41,76,13,130,8,0,8,138
05/03/2009,BTR,LA,ASW,CE,Combined TRACON& Tower with Radar,2,52,43,0,97,0,0,5,0,5,2,52,48,0,102,0,0,0,102
05/04/2009,BTR,LA,ASW,CE,Combined TRACON& Tower with Radar,1,62,45,2,110,0,0,15,0,15,1,62,60,2,125,74,0,74,199
05/05/2009,BTR,LA,ASW,CE,Combined TRACON& Tower with Radar,2,54,51,4,111,0,0,32,2,34,2,54,83,6,145,74,0,74,219
05/06/2009,BTR,LA,ASW,CE,Combined TRACON& Tower with Radar,3,56,62,0,121,0,0,25,6,31,3,56,87,6,152,12,0,12,164
05/07/2009,BTR,LA,ASW,CE,Combined TRACON& Tower with Radar,0,66,75,1,142,0,2,25,3,30,0,68,100,4,172,2,0,2,174
05/08/2009,BTR,LA,ASW,CE,Combined TRACON& Tower with Radar,3,67,66,3,139,0,0,54,1,55,3,67,120,4,194,32,0,32,226
05/09/2009,BTR,LA,ASW,CE,Combined TRACON& Tower with Radar,1,45,49,0,95,0,1,52,5,58,1,46,101,5,153,22,0,22,175
05/10/2009,BTR,LA,ASW,CE,Combined TRACON& Tower with Radar,2,58,26,2,88,0,0,20,0,20,2,58,46,2,108,4,0,4,112
05/11/2009,BTR,LA,ASW,CE,Combined TRACON& Tower with Radar,2,58,47,12,119,0,0,38,0,38,2,58,85,12,157,18,0,18,175
05/12/2009,BTR,LA,ASW,CE,Combined TRACON& Tower with Radar,1,57,71,2,131,0,2,26,1,29,1,59,97,3,160,26,14,40,200
05/13/2009,BTR,LA,ASW,CE,Combined TRACON& Tower with Radar,2,60,63,0,125,0,2,63,0,65,2,62,126,0,190,20,0,20,210
05/14/2009,BTR,LA,ASW,CE,Combined TRACON& Tower with Radar,0,55,75,2,132,0,0,54,0,54,0,55,129,2,186,8,0,8,194
05/15/2009,BTR,LA,ASW,CE,Combined TRACON& Tower with Radar,1,64,54,7,126,0,4,39,0,43,1,68,93,7,169,10,10,20,189
05/16/2009,BTR,LA,ASW,CE,Combined TRACON& Tower with Radar,1,42,29,0,72,0,0,6,0,6,1,42,35,0,78,12,0,12,90
05/17/2009,BTR,LA,ASW,CE,Combined TRACON& Tower with Radar,3,53,33,0,89,0,0,4,0,4,3,53,37,0,93,0,0,0,93
05/18/2009,BTR,LA,ASW,CE,Combined TRACON& Tower with Radar,1,59,42,1,103,0,0,55,3,58,1,59,97,4,161,54,0,54,215
05/19/2009,BTR,LA,ASW,CE,Combined TRACON& Tower with Radar,1,61,71,2,135,0,0,41,0,41,1,61,112,2,176,18,0,18,194
05/20/2009,BTR,LA,ASW,CE,Combined TRACON& Tower with Radar,1,59,61,3,124,0,3,58,1,62,1,62,119,4,186,16,0,16,202
05/21/2009,BTR,LA,ASW,CE,Combined TRACON& Tower with Radar,2,59,78,7,146,0,1,49,2,52,2,60,127,9,198,2,4,6,204
05/22/2009,BTR,LA,ASW,CE,Combined TRACON& Tower with Radar,2,63,45,2,112,0,0,14,1,15,2,63,59,3,127,10,0,10,137
05/23/2009,BTR,LA,ASW,CE,Combined TRACON& Tower with Radar,1,40,34,0,75,0,0,8,0,8,1,40,42,0,83,20,0,20,103
05/24/2009,BTR,LA,ASW,CE,Combined TRACON& Tower with Radar,2,41,18,0,61,0,0,9,3,12,2,41,27,3,73,0,0,0,73
05/25/2009,BTR,LA,ASW,CE,Combined TRACON& Tower with Radar,4,51,25,2,82,0,0,9,0,9,4,51,34,2,91,16,4,20,111
05/26/2009,BTR,LA,ASW,CE,Combined TRACON& Tower with Radar,2,61,63,0,126,0,1,39,2,42,2,62,102,2,168,8,0,8,176
05/27/2009,BTR,LA,ASW,CE,Combined TRACON& Tower with Radar,2,59,71,0,132,0,1,29,2,32,2,60,100,2,164,22,0,22,186
05/28/2009,BTR,LA,ASW,CE,Combined TRACON& Tower with Radar,2,63,82,1,148,0,1,48,0,49,2,64,130,1,197,14,0,14,211
05/29/2009,BTR,LA,ASW,CE,Combined TRACON& Tower with Radar,3,60,47,1,111,0,3,54,0,57,3,63,101,1,168,40,0,40,208
05/30/2009,BTR,LA,ASW,CE,Combined TRACON& Tower with Radar,3,52,24,0,79,0,0,70,0,70,3,52,94,0,149,20,0,20,169
05/31/2009,BTR,LA,ASW,CE,Combined TRACON& Tower with Radar,2,65,55,3,125,0,6,73,4,83,2,71,128,7,208,16,0,16,224
06/01/2009,BTR,LA,ASW,CE,Combined TRACON& Tower with Radar,1,55,32,0,88,0,0,53,0,53,1,55,85,0,141,12,0,12,153
06/02/2009,BTR,LA,ASW,CE,Combined TRACON& Tower with Radar,0,62,61,3,126,0,6,28,2,36,0,68,89,5,162,2,0,2,164
06/03/2009,BTR,LA,ASW,CE,Combined TRACON& Tower with Radar,1,53,67,0,121,0,1,27,6,34,1,54,94,6,155,31,0,31,186
06/04/2009,BTR,LA,ASW,CE,Combined TRACON& Tower with Radar,2,59,62,1,124,0,0,17,1,18,2,59,79,2,142,30,0,30,172
06/05/2009,BTR,LA,ASW,CE,Combined TRACON& Tower with Radar,2,60,54,4,120,0,1,66,5,72,2,61,120,9,192,2,0,2,194
06/06/2009,BTR,LA,ASW,CE,Combined TRACON& Tower with Radar,5,45,28,1,79,0,0,67,1,68,5,45,95,2,147,14,4,18,165
06/07/2009,BTR,LA,ASW,CE,Combined TRACON& Tower with Radar,0,61,36,0,97,0,0,31,1,32,0,61,67,1,129,36,0,36,165
06/08/2009,BTR,LA,ASW,CE,Combined TRACON& Tower with Radar,1,56,47,14,118,0,2,28,1,31,1,58,75,15,149,0,10,10,159
06/09/2009,BTR,LA,ASW,CE,Combined TRACON& Tower with Radar,1,61,53,3,118,0,0,41,0,41,1,61,94,3,159,22,0,22,181
06/10/2009,BTR,LA,ASW,CE,Combined TRACON& Tower with Radar,1,54,62,4,121,0,0,52,0,52,1,54,114,4,173,16,0,16,189
06/11/2009,BTR,LA,ASW,CE,Combined TRACON& Tower with Radar,3,53,74,5,135,0,2,53,3,58,3,55,127,8,193,4,0,4,197
06/12/2009,BTR,LA,ASW,CE,Combined TRACON& Tower with Radar,2,58,46,4,110,0,0,47,4,51,2,58,93,8,161,28,6,34,195
06/13/2009,BTR,LA,ASW,CE,Combined TRACON& Tower with Radar,2,46,20,2,70,0,0,22,1,23,2,46,42,3,93,10,0,10,103
06/14/2009,BTR,LA,ASW,CE,Combined TRACON& Tower with Radar,1,61,47,0,109,0,0,20,0,20,1,61,67,0,129,12,0,12,141
06/15/2009,BTR,LA,ASW,CE,Combined TRACON& Tower with Radar,1,60,60,7,128,0,1,30,3,34,1,61,90,10,162,16,16,32,194
06/16/2009,BTR,LA,ASW,CE,Combined TRACON& Tower with Radar,1,63,70,4,138,0,1,38,0,39,1,64,108,4,177,26,0,26,203
06/17/2009,BTR,LA,ASW,CE,Combined TRACON& Tower with Radar,2,58,80,5,145,0,0,43,3,46,2,58,123,8,191,10,0,10,201
06/18/2009,BTR,LA,ASW,CE,Combined TRACON& Tower with Radar,1,56,78,2,137,0,0,48,1,49,1,56,126,3,186,12,2,14,200
06/19/2009,BTR,LA,ASW,CE,Combined TRACON& Tower with Radar,3,61,55,3,122,0,0,53,4,57,3,61,108,7,179,8,8,16,195
06/20/2009,BTR,LA,ASW,CE,Combined TRACON& Tower with Radar,2,48,30,1,81,0,0,41,0,41,2,48,71,1,122,8,0,8,130
06/21/2009,BTR,LA,ASW,CE,Combined TRACON& Tower with Radar,0,54,42,0,96,0,0,26,1,27,0,54,68,1,123,30,0,30,153
06/22/2009,BTR,LA,ASW,CE,Combined TRACON& Tower with Radar,1,65,71,0,137,0,0,55,0,55,1,65,126,0,192,26,0,26,218
06/23/2009,BTR,LA,ASW,CE,Combined TRACON& Tower with Radar,1,75,73,1,150,0,8,58,4,70,1,83,131,5,220,26,0,26,246
06/24/2009,BTR,LA,ASW,CE,Combined TRACON& Tower with Radar,9,64,69,2,144,0,0,40,0,40,9,64,109,2,184,10,0,10,194
06/25/2009,BTR,LA,ASW,CE,Combined TRACON& Tower with Radar,3,63,88,3,157,0,1,58,0,59,3,64,146,3,216,12,0,12,228
06/26/2009,BTR,LA,ASW,CE,Combined TRACON& Tower with Radar,1,67,50,6,124,0,0,49,3,52,1,67,99,9,176,8,0,8,184
06/27/2009,BTR,LA,ASW,CE,Combined TRACON& Tower with Radar,1,49,27,0,77,0,0,18,0,18,1,49,45,0,95,2,0,2,97
06/28/2009,BTR,LA,ASW,CE,Combined TRACON& Tower with Radar,6,67,59,4,136,0,0,55,3,58,6,67,114,7,194,40,0,40,234
06/29/2009,BTR,LA,ASW,CE,Combined TRACON& Tower with Radar,1,63,41,0,105,0,0,22,0,22,1,63,63,0,127,0,0,0,127
06/30/2009,BTR,LA,ASW,CE,Combined TRACON& Tower with Radar,2,62,52,3,119,0,0,44,2,46,2,62,96,5,165,6,0,6,171
07/01/2009,BTR,LA,ASW,CE,Combined TRACON& Tower with Radar,3,68,45,2,118,0,0,46,0,46,3,68,91,2,164,10,0,10,174
07/02/2009,BTR,LA,ASW,CE,Combined TRACON& Tower with Radar,5,70,60,8,143,0,0,55,9,64,5,70,115,17,207,12,0,12,219
07/03/2009,BTR,LA,ASW,CE,Combined TRACON& Tower with Radar,1,49,29,0,79,0,0,35,0,35,1,49,64,0,114,32,0,32,146
07/04/2009,BTR,LA,ASW,CE,Combined TRACON& Tower with Radar,2,37,22,0,61,0,0,21,0,21,2,37,43,0,82,6,0,6,88
07/05/2009,BTR,LA,ASW,CE,Combined TRACON& Tower with Radar,3,58,48,2,111,0,0,41,0,41,3,58,89,2,152,54,2,56,208
07/06/2009,BTR,LA,ASW,CE,Combined TRACON& Tower with Radar,1,66,38,0,105,0,0,21,0,21,1,66,59,0,126,36,0,36,162
07/07/2009,BTR,LA,ASW,CE,Combined TRACON& Tower with Radar,1,64,50,0,115,0,0,22,0,22,1,64,72,0,137,0,0,0,137
07/08/2009,BTR,LA,ASW,CE,Combined TRACON& Tower with Radar,6,66,49,0,121,0,2,49,0,51,6,68,98,0,172,0,0,0,172
07/09/2009,BTR,LA,ASW,CE,Combined TRACON& Tower with Radar,2,70,82,3,157,0,0,38,0,38,2,70,120,3,195,12,0,12,207
07/10/2009,BTR,LA,ASW,CE,Combined TRACON& Tower with Radar,1,62,44,0,107,0,0,40,1,41,1,62,84,1,148,2,0,2,150
07/11/2009,BTR,LA,ASW,CE,Combined TRACON& Tower with Radar,1,50,48,0,99,0,0,35,1,36,1,50,83,1,135,14,0,14,149
07/12/2009,BTR,LA,ASW,CE,Combined TRACON& Tower with Radar,2,55,53,1,111,0,0,31,0,31,2,55,84,1,142,2,0,2,144
07/13/2009,BTR,LA,ASW,CE,Combined TRACON& Tower with Radar,1,70,70,1,142,0,0,60,0,60,1,70,130,1,202,42,0,42,244
07/14/2009,BTR,LA,ASW,CE,Combined TRACON& Tower with Radar,2,60,56,1,119,0,0,49,5,54,2,60,105,6,173,12,0,12,185
07/15/2009,BTR,LA,ASW,CE,Combined TRACON& Tower with Radar,2,56,68,1,127,0,1,31,0,32,2,57,99,1,159,18,0,18,177
07/16/2009,BTR,LA,ASW,CE,Combined TRACON& Tower with Radar,6,53,57,0,116,0,2,25,0,27,6,55,82,0,143,0,0,0,143
07/17/2009,BTR,LA,ASW,CE,Combined TRACON& Tower with Radar,3,61,71,5,140,0,0,19,0,19,3,61,90,5,159,4,0,4,163
07/18/2009,BTR,LA,ASW,CE,Combined TRACON& Tower with Radar,1,52,42,0,95,0,0,27,0,27,1,52,69,0,122,0,0,0,122
07/19/2009,BTR,LA,ASW,CE,Combined TRACON& Tower with Radar,3,54,33,2,92,0,0,44,0,44,3,54,77,2,136,2,0,2,138
07/20/2009,BTR,LA,ASW,CE,Combined TRACON& Tower with Radar,1,69,63,0,133,0,0,51,0,51,1,69,114,0,184,28,0,28,212
07/21/2009,BTR,LA,ASW,CE,Combined TRACON& Tower with Radar,2,63,48,8,121,0,0,29,0,29,2,63,77,8,150,74,6,80,230
07/22/2009,BTR,LA,ASW,CE,Combined TRACON& Tower with Radar,3,68,47,1,119,0,0,16,0,16,3,68,63,1,135,0,0,0,135
07/23/2009,BTR,LA,ASW,CE,Combined TRACON& Tower with Radar,4,67,95,2,168,0,0,44,2,46,4,67,139,4,214,30,0,30,244
07/24/2009,BTR,LA,ASW,CE,Combined TRACON& Tower with Radar,3,64,48,4,119,0,0,49,0,49,3,64,97,4,168,26,0,26,194
07/25/2009,BTR,LA,ASW,CE,Combined TRACON& Tower with Radar,2,55,29,0,86,0,0,50,0,50,2,55,79,0,136,4,0,4,140
07/26/2009,BTR,LA,ASW,CE,Combined TRACON& Tower with Radar,2,59,31,1,93,0,0,29,9,38,2,59,60,10,131,0,0,0,131
07/27/2009,BTR,LA,ASW,CE,Combined TRACON& Tower with Radar,1,59,35,0,95,0,0,20,0,20,1,59,55,0,115,6,0,6,121
07/28/2009,BTR,LA,ASW,CE,Combined TRACON& Tower with Radar,2,57,38,0,97,0,0,24,3,27,2,57,62,3,124,0,0,0,124
07/29/2009,BTR,LA,ASW,CE,Combined TRACON& Tower with Radar,4,60,54,7,125,0,0,24,0,24,4,60,78,7,149,0,2,2,151
07/30/2009,BTR,LA,ASW,CE,Combined TRACON& Tower with Radar,2,58,64,3,127,0,1,33,1,35,2,59,97,4,162,16,0,16,178
07/31/2009,BTR,LA,ASW,CE,Combined TRACON& Tower with Radar,4,56,45,0,105,0,0,29,0,29,4,56,74,0,134,16,0,16,150
08/01/2009,BTR,LA,ASW,CE,Combined TRACON& Tower with Radar,4,42,26,2,74,0,4,32,3,39,4,46,58,5,113,10,2,12,125
08/02/2009,BTR,LA,ASW,CE,Combined TRACON& Tower with Radar,3,56,26,0,85,0,0,4,0,4,3,56,30,0,89,0,0,0,89
08/03/2009,BTR,LA,ASW,CE,Combined TRACON& Tower with Radar,1,58,41,0,100,0,0,72,0,72,1,58,113,0,172,28,0,28,200
08/04/2009,BTR,LA,ASW,CE,Combined TRACON& Tower with Radar,3,59,55,0,117,0,0,75,0,75,3,59,130,0,192,28,0,28,220
08/05/2009,BTR,LA,ASW,CE,Combined TRACON& Tower with Radar,2,61,56,0,119,0,3,49,0,52,2,64,105,0,171,0,0,0,171
08/06/2009,BTR,LA,ASW,CE,Combined TRACON& Tower with Radar,2,58,58,3,121,0,2,55,0,57,2,60,113,3,178,0,0,0,178
08/07/2009,BTR,LA,ASW,CE,Combined TRACON& Tower with Radar,3,62,39,1,105,0,2,89,3,94,3,64,128,4,199,10,0,10,209
08/08/2009,BTR,LA,ASW,CE,Combined TRACON& Tower with Radar,2,49,23,0,74,0,4,32,5,41,2,53,55,5,115,0,0,0,115
08/09/2009,BTR,LA,ASW,CE,Combined TRACON& Tower with Radar,3,53,29,1,86,0,0,28,1,29,3,53,57,2,115,6,0,6,121
08/10/2009,BTR,LA,ASW,CE,Combined TRACON& Tower with Radar,2,58,41,4,105,0,1,48,0,49,2,59,89,4,154,4,0,4,158
08/11/2009,BTR,LA,ASW,CE,Combined TRACON& Tower with Radar,2,57,45,0,104,0,2,40,0,42,2,59,85,0,146,34,0,34,180
08/12/2009,BTR,LA,ASW,CE,Combined TRACON& Tower with Radar,3,55,52,4,114,0,1,55,0,56,3,56,107,4,170,12,0,12,182
08/13/2009,BTR,LA,ASW,CE,Combined TRACON& Tower with Radar,1,63,51,3,118,0,4,52,4,60,1,67,103,7,178,0,0,0,178
08/14/2009,BTR,LA,ASW,CE,Combined TRACON& Tower with Radar,3,63,36,1,103,0,1,59,2,62,3,64,95,3,165,8,0,8,173
08/15/2009,BTR,LA,ASW,CE,Combined TRACON& Tower with Radar,2,54,25,0,81,0,0,53,3,56,2,54,78,3,137,16,0,16,153
08/16/2009,BTR,LA,ASW,CE,Combined TRACON& Tower with Radar,3,53,24,6,86,0,0,17,0,17,3,53,41,6,103,6,6,12,115
08/17/2009,BTR,LA,ASW,CE,Combined TRACON& Tower with Radar,2,60,52,0,114,0,0,27,0,27,2,60,79,0,141,34,0,34,175
08/18/2009,BTR,LA,ASW,CE,Combined TRACON& Tower with Radar,2,59,62,0,123,0,2,40,0,42,2,61,102,0,165,20,0,20,185
08/19/2009,BTR,LA,ASW,CE,Combined TRACON& Tower with Radar,2,60,70,0,132,0,0,33,0,33,2,60,103,0,165,12,0,12,177
08/20/2009,BTR,LA,ASW,CE,Combined TRACON& Tower with Radar,2,59,42,0,103,0,2,25,0,27,2,61,67,0,130,10,0,10,140
08/21/2009,BTR,LA,ASW,CE,Combined TRACON& Tower with Radar,4,58,44,3,109,0,0,24,2,26,4,58,68,5,135,28,0,28,163
08/22/2009,BTR,LA,ASW,CE,Combined TRACON& Tower with Radar,2,45,30,0,77,0,1,42,0,43,2,46,72,0,120,14,0,14,134
08/23/2009,BTR,LA,ASW,CE,Combined TRACON& Tower with Radar,3,53,29,1,86,0,2,44,1,47,3,55,73,2,133,30,0,30,163
08/24/2009,BTR,LA,ASW,CE,Combined TRACON& Tower with Radar,2,64,53,0,119,0,0,52,0,52,2,64,105,0,171,37,0,37,208
08/25/2009,BTR,LA,ASW,CE,Combined TRACON& Tower with Radar,2,63,63,8,136,0,5,76,4,85,2,68,139,12,221,10,0,10,231
08/26/2009,BTR,LA,ASW,CE,Combined TRACON& Tower with Radar,2,54,64,1,121,0,0,48,1,49,2,54,112,2,170,0,0,0,170
08/27/2009,BTR,LA,ASW,CE,Combined TRACON& Tower with Radar,2,61,59,5,127,0,0,60,3,63,2,61,119,8,190,18,0,18,208
08/28/2009,BTR,LA,ASW,CE,Combined TRACON& Tower with Radar,2,58,60,2,122,0,1,53,2,56,2,59,113,4,178,20,26,46,224
08/29/2009,BTR,LA,ASW,CE,Combined TRACON& Tower with Radar,2,47,14,4,67,0,4,31,0,35,2,51,45,4,102,8,0,8,110
08/30/2009,BTR,LA,ASW,CE,Combined TRACON& Tower with Radar,5,52,46,0,103,0,4,15,0,19,5,56,61,0,122,24,0,24,146
08/31/2009,BTR,LA,ASW,CE,Combined TRACON& Tower with Radar,2,63,42,0,107,0,0,39,0,39,2,63,81,0,146,18,0,18,164
09/01/2009,BTR,LA,ASW,CE,Combined TRACON& Tower with Radar,2,50,34,6,92,0,1,75,2,78,2,51,109,8,170,12,0,12,182
09/02/2009,BTR,LA,ASW,CE,Combined TRACON& Tower with Radar,2,57,53,1,113,0,0,78,1,79,2,57,131,2,192,14,0,14,206
09/03/2009,BTR,LA,ASW,CE,Combined TRACON& Tower with Radar,6,62,58,0,126,0,1,53,0,54,6,63,111,0,180,20,0,20,200
09/04/2009,BTR,LA,ASW,CE,Combined TRACON& Tower with Radar,3,60,41,0,104,0,4,56,2,62,3,64,97,2,166,2,0,2,168
09/05/2009,BTR,LA,ASW,CE,Combined TRACON& Tower with Radar,2,43,17,0,62,0,3,17,0,20,2,46,34,0,82,8,0,8,90
09/06/2009,BTR,LA,ASW,CE,Combined TRACON& Tower with Radar,9,35,24,0,68,0,0,14,0,14,9,35,38,0,82,10,0,10,92
09/07/2009,BTR,LA,ASW,CE,Combined TRACON& Tower with Radar,2,53,41,2,98,0,1,21,0,22,2,54,62,2,120,16,0,16,136
09/08/2009,BTR,LA,ASW,CE,Combined TRACON& Tower with Radar,2,58,57,0,117,0,0,33,0,33,2,58,90,0,150,4,0,4,154
09/09/2009,BTR,LA,ASW,CE,Combined TRACON& Tower with Radar,2,59,80,0,141,0,0,34,0,34,2,59,114,0,175,8,0,8,183
09/10/2009,BTR,LA,ASW,CE,Combined TRACON& Tower with Radar,4,58,64,4,130,0,1,38,0,39,4,59,102,4,169,2,32,34,203
09/11/2009,BTR,LA,ASW,CE,Combined TRACON& Tower with Radar,5,56,41,0,102,0,0,11,0,11,5,56,52,0,113,0,0,0,113
09/12/2009,BTR,LA,ASW,CE,Combined TRACON& Tower with Radar,4,50,29,2,85,0,0,8,0,8,4,50,37,2,93,0,0,0,93
09/13/2009,BTR,LA,ASW,CE,Combined TRACON& Tower with Radar,5,53,45,0,103,0,0,1,0,1,5,53,46,0,104,0,0,0,104
09/14/2009,BTR,LA,ASW,CE,Combined TRACON& Tower with Radar,2,56,47,0,105,0,0,23,0,23,2,56,70,0,128,46,0,46,174
09/15/2009,BTR,LA,ASW,CE,Combined TRACON& Tower with Radar,2,55,44,5,106,0,0,35,3,38,2,55,79,8,144,24,0,24,168
09/16/2009,BTR,LA,ASW,CE,Combined TRACON& Tower with Radar,2,60,67,0,129,0,1,41,5,47,2,61,108,5,176,24,0,24,200
09/17/2009,BTR,LA,ASW,CE,Combined TRACON& Tower with Radar,2,62,60,1,125,0,1,35,3,39,2,63,95,4,164,18,0,18,182
09/18/2009,BTR,LA,ASW,CE,Combined TRACON& Tower with Radar,3,58,61,0,122,0,0,34,2,36,3,58,95,2,158,10,0,10,168
09/19/2009,BTR,LA,ASW,CE,Combined TRACON& Tower with Radar,2,45,40,0,87,0,0,31,0,31,2,45,71,0,118,0,0,0,118
09/20/2009,BTR,LA,ASW,CE,Combined TRACON& Tower with Radar,3,56,38,0,97,0,4,26,0,30,3,60,64,0,127,6,0,6,133
09/21/2009,BTR,LA,ASW,CE,Combined TRACON& Tower with Radar,1,53,52,0,106,0,0,44,0,44,1,53,96,0,150,0,0,0,150
09/22/2009,BTR,LA,ASW,CE,Combined TRACON& Tower with Radar,1,58,45,1,105,0,2,22,3,27,1,60,67,4,132,38,0,38,170
09/23/2009,BTR,LA,ASW,CE,Combined TRACON& Tower with Radar,4,59,63,0,126,0,0,12,0,12,4,59,75,0,138,8,0,8,146
09/24/2009,BTR,LA,ASW,CE,Combined TRACON& Tower with Radar,4,61,86,0,151,0,0,22,0,22,4,61,108,0,173,2,0,2,175
09/25/2009,BTR,LA,ASW,CE,Combined TRACON& Tower with Radar,7,55,54,0,116,0,0,28,4,32,7,55,82,4,148,52,0,52,200
09/26/2009,BTR,LA,ASW,CE,Combined TRACON& Tower with Radar,4,42,33,4,83,0,0,12,0,12,4,42,45,4,95,15,0,15,110
09/27/2009,BTR,LA,ASW,CE,Combined TRACON& Tower with Radar,3,52,34,0,89,0,0,46,0,46,3,52,80,0,135,14,0,14,149
09/28/2009,BTR,LA,ASW,CE,Combined TRACON& Tower with Radar,2,60,54,2,118,0,2,55,4,61,2,62,109,6,179,0,0,0,179
09/29/2009,BTR,LA,ASW,CE,Combined TRACON& Tower with Radar,2,53,62,1,118,0,0,56,2,58,2,53,118,3,176,7,0,7,183
09/30/2009,BTR,LA,ASW,CE,Combined TRACON& Tower with Radar,2,68,82,0,152,0,2,83,7,92,2,70,165,7,244,28,0,28,272
10/01/2009,BTR,LA,ASW,CE,Combined TRACON& Tower with Radar,2,69,67,0,138,0,1,60,3,64,2,70,127,3,202,8,0,8,210
10/02/2009,BTR,LA,ASW,CE,Combined TRACON& Tower with Radar,7,66,40,0,113,0,0,31,0,31,7,66,71,0,144,2,0,2,146
10/03/2009,BTR,LA,ASW,CE,Combined TRACON& Tower with Radar,2,54,41,2,99,0,0,32,0,32,2,54,73,2,131,70,0,70,201
10/04/2009,BTR,LA,ASW,CE,Combined TRACON& Tower with Radar,5,60,53,0,118,0,0,2,0,2,5,60,55,0,120,132,4,136,256
10/05/2009,BTR,LA,ASW,CE,Combined TRACON& Tower with Radar,2,60,46,0,108,0,0,31,0,31,2,60,77,0,139,40,0,40,179
10/06/2009,BTR,LA,ASW,CE,Combined TRACON& Tower with Radar,2,50,49,9,110,0,0,34,1,35,2,50,83,10,145,12,4,16,161
10/07/2009,BTR,LA,ASW,CE,Combined TRACON& Tower with Radar,2,56,57,0,115,0,0,31,0,31,2,56,88,0,146,28,0,28,174
10/08/2009,BTR,LA,ASW,CE,Combined TRACON& Tower with Radar,2,61,48,4,115,0,2,25,2,29,2,63,73,6,144,12,0,12,156
10/09/2009,BTR,LA,ASW,CE,Combined TRACON& Tower with Radar,4,60,48,0,112,0,0,17,0,17,4,60,65,0,129,0,0,0,129
10/10/2009,BTR,LA,ASW,CE,Combined TRACON& Tower with Radar,4,56,116,0,176,0,2,14,0,16,4,58,130,0,192,6,0,6,198
10/11/2009,BTR,LA,ASW,CE,Combined TRACON& Tower with Radar,3,81,80,1,165,0,0,0,0,0,3,81,80,1,165,0,0,0,165
10/12/2009,BTR,LA,ASW,CE,Combined TRACON& Tower with Radar,2,57,49,2,110,0,0,2,0,2,2,57,51,2,112,4,0,4,116
10/13/2009,BTR,LA,ASW,CE,Combined TRACON& Tower with Radar,2,54,51,0,107,0,0,5,0,5,2,54,56,0,112,0,0,0,112
10/14/2009,BTR,LA,ASW,CE,Combined TRACON& Tower with Radar,2,54,66,0,122,0,0,19,0,19,2,54,85,0,141,14,0,14,155
10/15/2009,BTR,LA,ASW,CE,Combined TRACON& Tower with Radar,2,59,53,8,122,0,0,21,1,22,2,59,74,9,144,8,2,10,154
10/16/2009,BTR,LA,ASW,CE,Combined TRACON& Tower with Radar,3,59,55,4,121,0,2,32,2,36,3,61,87,6,157,0,0,0,157
10/17/2009,BTR,LA,ASW,CE,Combined TRACON& Tower with Radar,4,47,25,0,76,0,1,39,12,52,4,48,64,12,128,32,0,32,160
10/18/2009,BTR,LA,ASW,CE,Combined TRACON& Tower with Radar,4,56,30,1,91,0,2,45,4,51,4,58,75,5,142,20,16,36,178
10/19/2009,BTR,LA,ASW,CE,Combined TRACON& Tower with Radar,2,60,57,6,125,0,3,57,1,61,2,63,114,7,186,14,10,24,210
10/20/2009,BTR,LA,ASW,CE,Combined TRACON& Tower with Radar,3,62,50,0,115,0,3,66,4,73,3,65,116,4,188,14,2,16,204
10/21/2009,BTR,LA,ASW,CE,Combined TRACON& Tower with Radar,2,61,67,4,134,0,3,37,2,42,2,64,104,6,176,28,0,28,204
10/22/2009,BTR,LA,ASW,CE,Combined TRACON& Tower with Radar,2,58,47,0,107,0,6,2,2,10,2,64,49,2,117,12,0,12,129
10/23/2009,BTR,LA,ASW,CE,Combined TRACON& Tower with Radar,5,66,69,29,169,0,0,49,2,51,5,66,118,31,220,34,28,62,282
10/24/2009,BTR,LA,ASW,CE,Combined TRACON& Tower with Radar,3,55,61,1,120,0,0,70,2,72,3,55,131,3,192,36,0,36,228
10/25/2009,BTR,LA,ASW,CE,Combined TRACON& Tower with Radar,3,61,47,1,112,0,1,60,0,61,3,62,107,1,173,12,0,12,185
10/26/2009,BTR,LA,ASW,CE,Combined TRACON& Tower with Radar,2,59,42,8,111,0,0,26,0,26,2,59,68,8,137,0,0,0,137
10/27/2009,BTR,LA,ASW,CE,Combined TRACON& Tower with Radar,2,55,62,0,119,0,0,2,0,2,2,55,64,0,121,0,0,0,121
10/28/2009,BTR,LA,ASW,CE,Combined TRACON& Tower with Radar,2,69,82,0,153,0,0,24,0,24,2,69,106,0,177,0,0,0,177
10/29/2009,BTR,LA,ASW,CE,Combined TRACON& Tower with Radar,2,55,51,1,109,0,1,9,0,10,2,56,60,1,119,0,0,0,119
10/30/2009,BTR,LA,ASW,CE,Combined TRACON& Tower with Radar,2,56,39,3,100,0,0,4,0,4,2,56,43,3,104,18,6,24,128
10/31/2009,BTR,LA,ASW,CE,Combined TRACON& Tower with Radar,2,48,31,0,81,0,0,45,0,45,2,48,76,0,126,6,0,6,132
11/01/2009,BTR,LA,ASW,CE,Combined TRACON& Tower with Radar,3,51,44,0,98,0,2,57,0,59,3,53,101,0,157,66,0,66,223
11/02/2009,BTR,LA,ASW,CE,Combined TRACON& Tower with Radar,2,58,57,2,119,0,2,50,0,52,2,60,107,2,171,16,0,16,187
11/03/2009,BTR,LA,ASW,CE,Combined TRACON& Tower with Radar,2,56,70,0,128,0,1,76,0,77,2,57,146,0,205,35,0,35,240
11/04/2009,BTR,LA,ASW,CE,Combined TRACON& Tower with Radar,2,53,60,2,117,0,0,61,1,62,2,53,121,3,179,70,2,72,251
11/05/2009,BTR,LA,ASW,CE,Combined TRACON& Tower with Radar,2,60,66,1,129,0,2,57,4,63,2,62,123,5,192,24,0,24,216
11/06/2009,BTR,LA,ASW,CE,Combined TRACON& Tower with Radar,5,65,57,2,129,0,2,61,8,71,5,67,118,10,200,16,0,16,216
11/07/2009,BTR,LA,ASW,CE,Combined TRACON& Tower with Radar,6,50,39,0,95,0,1,37,2,40,6,51,76,2,135,0,0,0,135
11/08/2009,BTR,LA,ASW,CE,Combined TRACON& Tower with Radar,3,56,44,2,105,0,2,28,8,38,3,58,72,10,143,8,0,8,151
11/09/2009,BTR,LA,ASW,CE,Combined TRACON& Tower with Radar,2,62,37,0,101,0,0,5,4,9,2,62,42,4,110,0,0,0,110
11/10/2009,BTR,LA,ASW,CE,Combined TRACON& Tower with Radar,2,63,42,0,107,0,0,22,2,24,2,63,64,2,131,12,0,12,143
11/11/2009,BTR,LA,ASW,CE,Combined TRACON& Tower with Radar,4,61,58,0,123,0,0,31,0,31,4,61,89,0,154,20,0,20,174
11/12/2009,BTR,LA,ASW,CE,Combined TRACON& Tower with Radar,2,70,55,2,129,0,1,62,3,66,2,71,117,5,195,40,0,40,235
11/13/2009,BTR,LA,ASW,CE,Combined TRACON& Tower with Radar,3,61,56,2,122,0,2,65,0,67,3,63,121,2,189,40,0,40,229
11/14/2009,BTR,LA,ASW,CE,Combined TRACON& Tower with Radar,2,51,45,2,100,0,4,69,4,77,2,55,114,6,177,26,10,36,213
11/15/2009,BTR,LA,ASW,CE,Combined TRACON& Tower with Radar,3,55,41,2,101,0,2,42,4,48,3,57,83,6,149,0,0,0,149
11/16/2009,BTR,LA,ASW,CE,Combined TRACON& Tower with Radar,2,58,68,0,128,0,0,33,0,33,2,58,101,0,161,36,0,36,197
11/17/2009,BTR,LA,ASW,CE,Combined TRACON& Tower with Radar,2,56,67,0,125,0,0,55,0,55,2,56,122,0,180,36,0,36,216
11/18/2009,BTR,LA,ASW,CE,Combined TRACON& Tower with Radar,2,56,65,0,123,0,0,54,0,54,2,56,119,0,177,0,0,0,177
11/19/2009,BTR,LA,ASW,CE,Combined TRACON& Tower with Radar,1,59,81,4,145,0,0,70,0,70,1,59,151,4,215,26,0,26,241
11/20/2009,BTR,LA,ASW,CE,Combined TRACON& Tower with Radar,5,59,59,2,125,0,0,56,1,57,5,59,115,3,182,18,0,18,200
11/21/2009,BTR,LA,ASW,CE,Combined TRACON& Tower with Radar,4,40,46,0,90,0,0,2,0,2,4,40,48,0,92,0,0,0,92
11/22/2009,BTR,LA,ASW,CE,Combined TRACON& Tower with Radar,3,57,64,0,124,0,0,0,0,0,3,57,64,0,124,10,0,10,134
11/23/2009,BTR,LA,ASW,CE,Combined TRACON& Tower with Radar,2,48,40,0,90,0,0,35,0,35,2,48,75,0,125,22,0,22,147
11/24/2009,BTR,LA,ASW,CE,Combined TRACON& Tower with Radar,2,54,65,0,121,0,0,24,0,24,2,54,89,0,145,26,0,26,171
11/25/2009,BTR,LA,ASW,CE,Combined TRACON& Tower with Radar,3,61,37,0,101,0,1,36,2,39,3,62,73,2,140,22,0,22,162
11/26/2009,BTR,LA,ASW,CE,Combined TRACON& Tower with Radar,2,36,19,0,57,0,0,18,0,18,2,36,37,0,75,0,0,0,75
11/27/2009,BTR,LA,ASW,CE,Combined TRACON& Tower with Radar,4,41,35,0,80,0,0,61,0,61,4,41,96,0,141,20,0,20,161
11/28/2009,BTR,LA,ASW,CE,Combined TRACON& Tower with Radar,5,57,68,0,130,0,0,48,1,49,5,57,116,1,179,68,0,68,247
11/29/2009,BTR,LA,ASW,CE,Combined TRACON& Tower with Radar,4,61,75,0,140,0,2,46,0,48,4,63,121,0,188,54,0,54,242
11/30/2009,BTR,LA,ASW,CE,Combined TRACON& Tower with Radar,2,64,49,0,115,0,0,9,0,9,2,64,58,0,124,0,0,0,124
12/01/2009,BTR,LA,ASW,CE,Combined TRACON& Tower with Radar,4,54,60,0,118,0,0,4,0,4,4,54,64,0,122,0,0,0,122
12/02/2009,BTR,LA,ASW,CE,Combined TRACON& Tower with Radar,4,50,54,13,121,0,0,7,0,7,4,50,61,13,128,0,0,0,128
12/03/2009,BTR,LA,ASW,CE,Combined TRACON& Tower with Radar,2,62,62,0,126,0,5,28,0,33,2,67,90,0,159,47,0,47,206
12/04/2009,BTR,LA,ASW,CE,Combined TRACON& Tower with Radar,3,52,51,0,106,0,3,28,0,31,3,55,79,0,137,52,0,52,189
12/05/2009,BTR,LA,ASW,CE,Combined TRACON& Tower with Radar,2,40,21,0,63,0,0,26,1,27,2,40,47,1,90,16,0,16,106
12/06/2009,BTR,LA,ASW,CE,Combined TRACON& Tower with Radar,3,55,41,0,99,0,0,32,0,32,3,55,73,0,131,46,0,46,177
12/07/2009,BTR,LA,ASW,CE,Combined TRACON& Tower with Radar,2,65,38,0,105,0,0,0,0,0,2,65,38,0,105,0,0,0,105
12/08/2009,BTR,LA,ASW,CE,Combined TRACON& Tower with Radar,2,61,58,0,121,0,0,0,0,0,2,61,58,0,121,0,0,0,121
12/09/2009,BTR,LA,ASW,CE,Combined TRACON& Tower with Radar,2,60,84,3,149,0,3,51,1,55,2,63,135,4,204,4,0,4,208
12/10/2009,BTR,LA,ASW,CE,Combined TRACON& Tower with Radar,2,67,65,2,136,0,3,60,0,63,2,70,125,2,199,73,0,73,272
12/11/2009,BTR,LA,ASW,CE,Combined TRACON& Tower with Radar,3,57,53,9,122,0,3,18,2,23,3,60,71,11,145,26,0,26,171
12/12/2009,BTR,LA,ASW,CE,Combined TRACON& Tower with Radar,2,46,14,0,62,0,0,0,0,0,2,46,14,0,62,0,0,0,62
12/13/2009,BTR,LA,ASW,CE,Combined TRACON& Tower with Radar,3,58,47,2,110,0,0,3,0,3,3,58,50,2,113,0,0,0,113
12/14/2009,BTR,LA,ASW,CE,Combined TRACON& Tower with Radar,4,49,33,0,86,0,0,2,0,2,4,49,35,0,88,0,0,0,88
12/15/2009,BTR,LA,ASW,CE,Combined TRACON& Tower with Radar,2,58,52,0,112,0,0,0,0,0,2,58,52,0,112,0,0,0,112
12/16/2009,BTR,LA,ASW,CE,Combined TRACON& Tower with Radar,2,60,62,3,127,1,0,52,6,59,3,60,114,9,186,20,0,20,206
12/17/2009,BTR,LA,ASW,CE,Combined TRACON& Tower with Radar,2,54,80,2,138,0,0,14,0,14,2,54,94,2,152,0,0,0,152
12/18/2009,BTR,LA,ASW,CE,Combined TRACON& Tower with Radar,3,55,68,1,127,0,0,37,4,41,3,55,105,5,168,16,0,16,184
12/19/2009,BTR,LA,ASW,CE,Combined TRACON& Tower with Radar,2,42,27,0,71,0,0,46,2,48,2,42,73,2,119,6,0,6,125
12/20/2009,BTR,LA,ASW,CE,Combined TRACON& Tower with Radar,3,49,32,0,84,0,3,48,0,51,3,52,80,0,135,2,0,2,137
12/21/2009,BTR,LA,ASW,CE,Combined TRACON& Tower with Radar,2,60,70,0,132,0,1,42,0,43,2,61,112,0,175,90,0,90,265
12/22/2009,BTR,LA,ASW,CE,Combined TRACON& Tower with Radar,2,53,61,6,122,0,0,41,0,41,2,53,102,6,163,20,4,24,187
12/23/2009,BTR,LA,ASW,CE,Combined TRACON& Tower with Radar,2,56,38,0,96,0,0,11,0,11,2,56,49,0,107,31,0,31,138
12/24/2009,BTR,LA,ASW,CE,Combined TRACON& Tower with Radar,2,35,4,0,41,0,0,0,0,0,2,35,4,0,41,0,0,0,41
12/25/2009,BTR,LA,ASW,CE,Combined TRACON& Tower with Radar,3,37,8,0,48,0,0,14,0,14,3,37,22,0,62,20,0,20,82
12/26/2009,BTR,LA,ASW,CE,Combined TRACON& Tower with Radar,4,43,24,0,71,0,0,26,0,26,4,43,50,0,97,4,0,4,101
12/27/2009,BTR,LA,ASW,CE,Combined TRACON& Tower with Radar,3,55,20,0,78,0,0,36,1,37,3,55,56,1,115,22,0,22,137
12/28/2009,BTR,LA,ASW,CE,Combined TRACON& Tower with Radar,2,54,29,0,85,0,1,32,0,33,2,55,61,0,118,0,0,0,118
12/29/2009,BTR,LA,ASW,CE,Combined TRACON& Tower with Radar,4,48,36,0,88,0,1,56,0,57,4,49,92,0,145,45,0,45,190
12/30/2009,BTR,LA,ASW,CE,Combined TRACON& Tower with Radar,2,56,38,0,96,0,0,2,0,2,2,56,40,0,98,20,0,20,118
12/31/2009,BTR,LA,ASW,CE,Combined TRACON& Tower with Radar,2,49,37,0,88,0,0,28,0,28,2,49,65,0,116,0,0,0,116
01/01/2010,BTR,LA,ASW,CE,Combined TRACON& Tower with Radar,5,47,16,0,68,0,0,19,0,19,5,47,35,0,87,8,0,8,95
01/02/2010,BTR,LA,ASW,CE,Combined TRACON& Tower with Radar,4,48,41,0,93,0,1,51,0,52,4,49,92,0,145,74,0,74,219
01/03/2010,BTR,LA,ASW,CE,Combined TRACON& Tower with Radar,3,60,35,0,98,0,6,35,3,44,3,66,70,3,142,54,0,54,196
01/04/2010,BTR,LA,ASW,CE,Combined TRACON& Tower with Radar,2,55,60,0,117,0,0,30,0,30,2,55,90,0,147,50,0,50,197
01/05/2010,BTR,LA,ASW,CE,Combined TRACON& Tower with Radar,2,63,48,0,113,0,2,48,0,50,2,65,96,0,163,24,0,24,187
01/06/2010,BTR,LA,ASW,CE,Combined TRACON& Tower with Radar,2,61,57,0,120,0,0,72,1,73,2,61,129,1,193,18,0,18,211
01/07/2010,BTR,LA,ASW,CE,Combined TRACON& Tower with Radar,2,59,35,0,96,0,0,0,0,0,2,59,35,0,96,0,0,0,96
01/08/2010,BTR,LA,ASW,CE,Combined TRACON& Tower with Radar,4,58,36,0,98,0,2,29,0,31,4,60,65,0,129,0,0,0,129
01/09/2010,BTR,LA,ASW,CE,Combined TRACON& Tower with Radar,3,40,25,8,76,0,1,32,1,34,3,41,57,9,110,6,0,6,116
01/10/2010,BTR,LA,ASW,CE,Combined TRACON& Tower with Radar,3,56,23,4,86,0,7,33,0,40,3,63,56,4,126,46,0,46,172
01/11/2010,BTR,LA,ASW,CE,Combined TRACON& Tower with Radar,1,58,38,0,97,0,0,40,0,40,1,58,78,0,137,42,0,42,179
01/12/2010,BTR,LA,ASW,CE,Combined TRACON& Tower with Radar,3,58,80,4,145,0,5,51,0,56,3,63,131,4,201,2,0,2,203
01/13/2010,BTR,LA,ASW,CE,Combined TRACON& Tower with Radar,2,65,77,0,144,0,0,47,2,49,2,65,124,2,193,46,0,46,239
01/14/2010,BTR,LA,ASW,CE,Combined TRACON& Tower with Radar,2,59,46,0,107,0,0,45,2,47,2,59,91,2,154,16,0,16,170
01/15/2010,BTR,LA,ASW,CE,Combined TRACON& Tower with Radar,5,62,55,0,122,0,3,38,0,41,5,65,93,0,163,10,0,10,173
01/16/2010,BTR,LA,ASW,CE,Combined TRACON& Tower with Radar,2,39,15,0,56,0,0,0,0,0,2,39,15,0,56,0,0,0,56
01/17/2010,BTR,LA,ASW,CE,Combined TRACON& Tower with Radar,3,44,50,0,97,0,2,14,0,16,3,46,64,0,113,76,0,76,189
01/18/2010,BTR,LA,ASW,CE,Combined TRACON& Tower with Radar,2,75,58,2,137,0,0,49,0,49,2,75,107,2,186,64,0,64,250
01/19/2010,BTR,LA,ASW,CE,Combined TRACON& Tower with Radar,2,56,77,0,135,0,1,27,0,28,2,57,104,0,163,38,0,38,201
01/20/2010,BTR,LA,ASW,CE,Combined TRACON& Tower with Radar,5,56,47,0,108,0,0,0,0,0,5,56,47,0,108,0,0,0,108
01/21/2010,BTR,LA,ASW,CE,Combined TRACON& Tower with Radar,3,68,64,0,135,0,1,36,1,38,3,69,100,1,173,34,0,34,207
01/22/2010,BTR,LA,ASW,CE,Combined TRACON& Tower with Radar,3,73,44,4,124,0,1,69,1,71,3,74,113,5,195,18,0,18,213
01/23/2010,BTR,LA,ASW,CE,Combined TRACON& Tower with Radar,2,42,36,0,80,0,4,4,0,8,2,46,40,0,88,6,0,6,94
01/24/2010,BTR,LA,ASW,CE,Combined TRACON& Tower with Radar,5,48,32,4,89,0,3,31,0,34,5,51,63,4,123,20,0,20,143
01/25/2010,BTR,LA,ASW,CE,Combined TRACON& Tower with Radar,2,59,54,4,119,0,1,72,1,74,2,60,126,5,193,76,4,80,273
01/26/2010,BTR,LA,ASW,CE,Combined TRACON& Tower with Radar,2,72,61,0,135,0,1,58,2,61,2,73,119,2,196,54,0,54,250
01/27/2010,BTR,LA,ASW,CE,Combined TRACON& Tower with Radar,2,64,65,0,131,0,1,56,0,57,2,65,121,0,188,14,0,14,202
01/28/2010,BTR,LA,ASW,CE,Combined TRACON& Tower with Radar,2,69,77,0,148,0,0,33,0,33,2,69,110,0,181,28,0,28,209
01/29/2010,BTR,LA,ASW,CE,Combined TRACON& Tower with Radar,7,51,41,0,99,0,0,0,0,0,7,51,41,0,99,0,0,0,99
01/30/2010,BTR,LA,ASW,CE,Combined TRACON& Tower with Radar,2,43,39,0,84,0,0,4,0,4,2,43,43,0,88,0,0,0,88
01/31/2010,BTR,LA,ASW,CE,Combined TRACON& Tower with Radar,3,55,32,0,90,0,1,42,2,45,3,56,74,2,135,14,0,14,149
02/01/2010,BTR,LA,ASW,CE,Combined TRACON& Tower with Radar,2,58,44,0,104,0,0,24,0,24,2,58,68,0,128,24,2,26,154
02/02/2010,BTR,LA,ASW,CE,Combined TRACON& Tower with Radar,2,60,68,0,130,0,0,52,0,52,2,60,120,0,182,24,0,24,206
02/03/2010,BTR,LA,ASW,CE,Combined TRACON& Tower with Radar,2,56,55,0,113,0,3,34,0,37,2,59,89,0,150,12,0,12,162
02/04/2010,BTR,LA,ASW,CE,Combined TRACON& Tower with Radar,2,62,42,0,106,0,0,0,0,0,2,62,42,0,106,0,0,0,106
02/05/2010,BTR,LA,ASW,CE,Combined TRACON& Tower with Radar,4,57,61,6,128,0,0,3,0,3,4,57,64,6,131,0,0,0,131
02/06/2010,BTR,LA,ASW,CE,Combined TRACON& Tower with Radar,5,48,43,2,98,0,2,28,0,30,5,50,71,2,128,0,0,0,128
02/07/2010,BTR,LA,ASW,CE,Combined TRACON& Tower with Radar,3,46,17,0,66,0,2,29,0,31,3,48,46,0,97,12,0,12,109
02/08/2010,BTR,LA,ASW,CE,Combined TRACON& Tower with Radar,2,49,60,0,111,0,1,33,0,34,2,50,93,0,145,0,0,0,145
02/09/2010,BTR,LA,ASW,CE,Combined TRACON& Tower with Radar,4,55,41,2,102,0,1,16,1,18,4,56,57,3,120,0,0,0,120
02/10/2010,BTR,LA,ASW,CE,Combined TRACON& Tower with Radar,2,63,57,1,123,0,3,75,0,78,2,66,132,1,201,22,0,22,223
02/11/2010,BTR,LA,ASW,CE,Combined TRACON& Tower with Radar,2,36,35,0,73,0,0,10,0,10,2,36,45,0,83,0,0,0,83
02/12/2010,BTR,LA,ASW,CE,Combined TRACON& Tower with Radar,3,39,40,0,82,0,0,7,0,7,3,39,47,0,89,0,0,0,89
02/13/2010,BTR,LA,ASW,CE,Combined TRACON& Tower with Radar,4,49,46,0,99,0,2,46,0,48,4,51,92,0,147,72,0,72,219
02/14/2010,BTR,LA,ASW,CE,Combined TRACON& Tower with Radar,3,50,14,0,67,0,0,18,0,18,3,50,32,0,85,2,0,2,87
02/15/2010,BTR,LA,ASW,CE,Combined TRACON& Tower with Radar,4,53,33,4,94,0,2,40,0,42,4,55,73,4,136,56,0,56,192
02/16/2010,BTR,LA,ASW,CE,Combined TRACON& Tower with Radar,4,57,44,6,111,0,0,46,0,46,4,57,90,6,157,52,16,68,225
02/17/2010,BTR,LA,ASW,CE,Combined TRACON& Tower with Radar,2,62,55,1,120,0,0,67,1,68,2,62,122,2,188,10,0,10,198
02/18/2010,BTR,LA,ASW,CE,Combined TRACON& Tower with Radar,2,80,59,0,141,0,2,56,0,58,2,82,115,0,199,12,0,12,211
02/19/2010,BTR,LA,ASW,CE,Combined TRACON& Tower with Radar,3,67,62,4,136,0,3,63,0,66,3,70,125,4,202,0,0,0,202
02/20/2010,BTR,LA,ASW,CE,Combined TRACON& Tower with Radar,4,56,30,0,90,0,5,60,0,65,4,61,90,0,155,6,0,6,161
02/21/2010,BTR,LA,ASW,CE,Combined TRACON& Tower with Radar,3,51,41,1,96,0,0,2,0,2,3,51,43,1,98,30,0,30,128
02/22/2010,BTR,LA,ASW,CE,Combined TRACON& Tower with Radar,4,59,55,0,118,0,0,30,1,31,4,59,85,1,149,14,0,14,163
02/23/2010,BTR,LA,ASW,CE,Combined TRACON& Tower with Radar,2,50,77,0,129,0,1,27,0,28,2,51,104,0,157,0,0,0,157
02/24/2010,BTR,LA,ASW,CE,Combined TRACON& Tower with Radar,2,73,72,1,148,0,0,43,1,44,2,73,115,2,192,24,4,28,220
02/25/2010,BTR,LA,ASW,CE,Combined TRACON& Tower with Radar,2,61,60,3,126,0,0,49,4,53,2,61,109,7,179,24,0,24,203
02/26/2010,BTR,LA,ASW,CE,Combined TRACON& Tower with Radar,3,57,52,1,113,0,0,24,0,24,3,57,76,1,137,10,0,10,147
02/27/2010,BTR,LA,ASW,CE,Combined TRACON& Tower with Radar,2,53,32,0,87,0,0,27,2,29,2,53,59,2,116,22,0,22,138
02/28/2010,BTR,LA,ASW,CE,Combined TRACON& Tower with Radar,3,54,30,1,88,0,2,44,0,46,3,56,74,1,134,24,0,24,158
03/01/2010,BTR,LA,ASW,CE,Combined TRACON& Tower with Radar,2,62,37,0,101,0,0,5,0,5,2,62,42,0,106,14,0,14,120
03/02/2010,BTR,LA,ASW,CE,Combined TRACON& Tower with Radar,2,50,61,0,113,0,0,12,0,12,2,50,73,0,125,28,0,28,153
03/03/2010,BTR,LA,ASW,CE,Combined TRACON& Tower with Radar,2,66,70,6,144,0,1,90,2,93,2,67,160,8,237,70,0,70,307
03/04/2010,BTR,LA,ASW,CE,Combined TRACON& Tower with Radar,2,70,53,0,125,0,0,69,0,69,2,70,122,0,194,0,0,0,194
03/05/2010,BTR,LA,ASW,CE,Combined TRACON& Tower with Radar,3,65,48,8,124,0,0,72,2,74,3,65,120,10,198,20,6,26,224
03/06/2010,BTR,LA,ASW,CE,Combined TRACON& Tower with Radar,2,54,24,6,86,0,3,58,0,61,2,57,82,6,147,14,0,14,161
03/07/2010,BTR,LA,ASW,CE,Combined TRACON& Tower with Radar,3,49,40,0,92,0,4,51,0,55,3,53,91,0,147,20,0,20,167
03/08/2010,BTR,LA,ASW,CE,Combined TRACON& Tower with Radar,2,56,39,2,99,0,0,20,0,20,2,56,59,2,119,26,0,26,145
03/09/2010,BTR,LA,ASW,CE,Combined TRACON& Tower with Radar,2,59,66,0,127,0,0,8,0,8,2,59,74,0,135,0,0,0,135
03/10/2010,BTR,LA,ASW,CE,Combined TRACON& Tower with Radar,4,53,58,2,117,0,0,8,0,8,4,53,66,2,125,10,0,10,135
03/11/2010,BTR,LA,ASW,CE,Combined TRACON& Tower with Radar,4,65,55,4,128,0,3,50,0,53,4,68,105,4,181,48,0,48,229
03/12/2010,BTR,LA,ASW,CE,Combined TRACON& Tower with Radar,6,64,67,0,137,0,2,76,0,78,6,66,143,0,215,0,0,0,215
03/13/2010,BTR,LA,ASW,CE,Combined TRACON& Tower with Radar,3,57,20,1,81,0,2,33,0,35,3,59,53,1,116,14,0,14,130
03/14/2010,BTR,LA,ASW,CE,Combined TRACON& Tower with Radar,5,49,34,1,89,0,5,37,0,42,5,54,71,1,131,38,0,38,169
03/15/2010,BTR,LA,ASW,CE,Combined TRACON& Tower with Radar,2,65,35,0,102,0,3,55,0,58,2,68,90,0,160,26,0,26,186
03/16/2010,BTR,LA,ASW,CE,Combined TRACON& Tower with Radar,2,63,45,4,114,0,0,43,1,44,2,63,88,5,158,32,0,32,190
03/17/2010,BTR,LA,ASW,CE,Combined TRACON& Tower with Radar,2,66,67,0,135,0,0,39,0,39,2,66,106,0,174,76,0,76,250
03/18/2010,BTR,LA,ASW,CE,Combined TRACON& Tower with Radar,3,64,69,3,139,0,0,64,2,66,3,64,133,5,205,32,0,32,237
03/19/2010,BTR,LA,ASW,CE,Combined TRACON& Tower with Radar,4,61,49,2,116,0,3,66,2,71,4,64,115,4,187,44,0,44,231
03/20/2010,BTR,LA,ASW,CE,Combined TRACON& Tower with Radar,3,50,34,0,87,0,2,21,0,23,3,52,55,0,110,32,0,32,142
03/21/2010,BTR,LA,ASW,CE,Combined TRACON& Tower with Radar,5,42,30,0,77,0,0,8,0,8,5,42,38,0,85,8,0,8,93
03/22/2010,BTR,LA,ASW,CE,Combined TRACON& Tower with Radar,2,67,56,1,126,0,2,40,1,43,2,69,96,2,169,10,0,10,179
03/23/2010,BTR,LA,ASW,CE,Combined TRACON& Tower with Radar,1,66,53,0,120,0,2,67,0,69,1,68,120,0,189,36,0,36,225
03/24/2010,BTR,LA,ASW,CE,Combined TRACON& Tower with Radar,3,64,61,2,130,0,0,37,0,37,3,64,98,2,167,74,0,74,241
03/25/2010,BTR,LA,ASW,CE,Combined TRACON& Tower with Radar,2,60,46,2,110,0,0,28,2,30,2,60,74,4,140,30,0,30,170
03/26/2010,BTR,LA,ASW,CE,Combined TRACON& Tower with Radar,3,72,58,0,133,0,2,87,0,89,3,74,145,0,222,62,0,62,284
03/27/2010,BTR,LA,ASW,CE,Combined TRACON& Tower with Radar,2,46,34,0,82,0,0,41,2,43,2,46,75,2,125,30,0,30,155
03/28/2010,BTR,LA,ASW,CE,Combined TRACON& Tower with Radar,3,51,23,0,77,0,0,26,0,26,3,51,49,0,103,10,0,10,113
03/29/2010,BTR,LA,ASW,CE,Combined TRACON& Tower with Radar,2,60,54,7,123,0,0,49,0,49,2,60,103,7,172,60,0,60,232
03/30/2010,BTR,LA,ASW,CE,Combined TRACON& Tower with Radar,2,54,54,16,126,0,0,63,5,68,2,54,117,21,194,0,0,0,194
03/31/2010,BTR,LA,ASW,CE,Combined TRACON& Tower with Radar,2,76,60,2,140,0,0,52,0,52,2,76,112,2,192,26,0,26,218
04/01/2010,BTR,LA,ASW,CE,Combined TRACON& Tower with Radar,2,81,68,5,156,0,4,44,2,50,2,85,112,7,206,40,0,40,246
04/02/2010,BTR,LA,ASW,CE,Combined TRACON& Tower with Radar,3,66,24,0,93,0,0,22,0,22,3,66,46,0,115,8,0,8,123
04/03/2010,BTR,LA,ASW,CE,Combined TRACON& Tower with Radar,2,51,26,0,79,0,0,9,0,9,2,51,35,0,88,28,0,28,116
04/04/2010,BTR,LA,ASW,CE,Combined TRACON& Tower with Radar,3,51,48,0,102,0,0,18,0,18,3,51,66,0,120,2,0,2,122
04/05/2010,BTR,LA,ASW,CE,Combined TRACON& Tower with Radar,2,58,65,0,125,0,0,29,0,29,2,58,94,0,154,18,0,18,172
04/06/2010,BTR,LA,ASW,CE,Combined TRACON& Tower with Radar,2,66,66,4,138,0,0,46,0,46,2,66,112,4,184,4,0,4,188
04/07/2010,BTR,LA,ASW,CE,Combined TRACON& Tower with Radar,2,58,77,1,138,0,0,35,2,37,2,58,112,3,175,2,0,2,177
04/08/2010,BTR,LA,ASW,CE,Combined TRACON& Tower with Radar,2,60,60,2,124,0,1,54,0,55,2,61,114,2,179,34,0,34,213
04/09/2010,BTR,LA,ASW,CE,Combined TRACON& Tower with Radar,3,70,67,4,144,0,2,65,0,67,3,72,132,4,211,26,0,26,237
04/10/2010,BTR,LA,ASW,CE,Combined TRACON& Tower with Radar,2,47,33,0,82,0,0,50,2,52,2,47,83,2,134,23,0,23,157
04/11/2010,BTR,LA,ASW,CE,Combined TRACON& Tower with Radar,5,48,34,0,87,0,0,20,0,20,5,48,54,0,107,34,0,34,141
04/12/2010,BTR,LA,ASW,CE,Combined TRACON& Tower with Radar,2,72,32,2,108,0,2,63,0,65,2,74,95,2,173,20,0,20,193
04/13/2010,BTR,LA,ASW,CE,Combined TRACON& Tower with Radar,2,72,61,2,137,0,0,47,0,47,2,72,108,2,184,0,0,0,184
04/14/2010,BTR,LA,ASW,CE,Combined TRACON& Tower with Radar,2,57,80,0,139,0,0,48,0,48,2,57,128,0,187,6,0,6,193
04/15/2010,BTR,LA,ASW,CE,Combined TRACON& Tower with Radar,2,57,58,0,117,0,3,37,0,40,2,60,95,0,157,14,0,14,171
04/16/2010,BTR,LA,ASW,CE,Combined TRACON& Tower with Radar,3,80,43,2,128,0,2,33,2,37,3,82,76,4,165,18,0,18,183
04/17/2010,BTR,LA,ASW,CE,Combined TRACON& Tower with Radar,2,57,23,10,92,0,1,34,3,38,2,58,57,13,130,28,12,40,170
04/18/2010,BTR,LA,ASW,CE,Combined TRACON& Tower with Radar,4,60,33,0,97,0,6,29,2,37,4,66,62,2,134,12,0,12,146
04/19/2010,BTR,LA,ASW,CE,Combined TRACON& Tower with Radar,3,70,56,2,131,0,22,40,0,62,3,92,96,2,193,18,0,18,211
04/20/2010,BTR,LA,ASW,CE,Combined TRACON& Tower with Radar,4,58,54,0,116,0,0,43,0,43,4,58,97,0,159,24,0,24,183
04/21/2010,BTR,LA,ASW,CE,Combined TRACON& Tower with Radar,2,59,62,3,126,0,1,67,1,69,2,60,129,4,195,44,0,44,239
04/22/2010,BTR,LA,ASW,CE,Combined TRACON& Tower with Radar,2,73,86,0,161,0,1,52,3,56,2,74,138,3,217,74,0,74,291
04/23/2010,BTR,LA,ASW,CE,Combined TRACON& Tower with Radar,9,66,58,1,134,0,0,7,5,12,9,66,65,6,146,0,0,0,146
04/24/2010,BTR,LA,ASW,CE,Combined TRACON& Tower with Radar,2,43,20,0,65,0,0,7,0,7,2,43,27,0,72,0,0,0,72
04/25/2010,BTR,LA,ASW,CE,Combined TRACON& Tower with Radar,3,55,38,0,96,0,1,37,0,38,3,56,75,0,134,0,0,0,134
04/26/2010,BTR,LA,ASW,CE,Combined TRACON& Tower with Radar,2,62,58,2,124,0,2,71,0,73,2,64,129,2,197,12,0,12,209
04/27/2010,BTR,LA,ASW,CE,Combined TRACON& Tower with Radar,2,56,78,0,136,0,0,63,0,63,2,56,141,0,199,8,0,8,207
04/28/2010,BTR,LA,ASW,CE,Combined TRACON& Tower with Radar,4,52,69,7,132,0,3,64,4,71,4,55,133,11,203,24,0,24,227
04/29/2010,BTR,LA,ASW,CE,Combined TRACON& Tower with Radar,2,75,59,1,137,0,2,58,4,64,2,77,117,5,201,2,0,2,203
04/30/2010,BTR,LA,ASW,CE,Combined TRACON& Tower with Radar,3,62,51,4,120,0,1,5,1,7,3,63,56,5,127,6,0,6,133
05/01/2010,BTR,LA,ASW,CE,Combined TRACON& Tower with Radar,2,49,25,2,78,0,1,4,2,7,2,50,29,4,85,0,0,0,85
05/02/2010,BTR,LA,ASW,CE,Combined TRACON& Tower with Radar,5,59,35,2,101,0,0,5,1,6,5,59,40,3,107,0,0,0,107
05/03/2010,BTR,LA,ASW,CE,Combined TRACON& Tower with Radar,2,57,43,2,104,0,0,44,2,46,2,57,87,4,150,50,0,50,200
05/04/2010,BTR,LA,ASW,CE,Combined TRACON& Tower with Radar,2,61,77,2,142,0,4,82,6,92,2,65,159,8,234,6,0,6,240
05/05/2010,BTR,LA,ASW,CE,Combined TRACON& Tower with Radar,2,60,59,0,121,0,2,62,0,64,2,62,121,0,185,50,0,50,235
05/06/2010,BTR,LA,ASW,CE,Combined TRACON& Tower with Radar,2,62,56,4,124,0,1,47,8,56,2,63,103,12,180,8,0,8,188
05/07/2010,BTR,LA,ASW,CE,Combined TRACON& Tower with Radar,2,60,40,0,102,0,0,41,0,41,2,60,81,0,143,0,0,0,143
05/08/2010,BTR,LA,ASW,CE,Combined TRACON& Tower with Radar,5,48,32,2,87,0,0,35,2,37,5,48,67,4,124,18,0,18,142
05/09/2010,BTR,LA,ASW,CE,Combined TRACON& Tower with Radar,5,52,25,0,82,0,0,21,0,21,5,52,46,0,103,24,0,24,127
05/10/2010,BTR,LA,ASW,CE,Combined TRACON& Tower with Radar,2,68,45,0,115,0,3,46,3,52,2,71,91,3,167,74,0,74,241
05/11/2010,BTR,LA,ASW,CE,Combined TRACON& Tower with Radar,2,63,66,5,136,0,0,45,6,51,2,63,111,11,187,20,0,20,207
05/12/2010,BTR,LA,ASW,CE,Combined TRACON& Tower with Radar,2,62,72,0,136,2,6,34,10,52,4,68,106,10,188,18,6,24,212
05/13/2010,BTR,LA,ASW,CE,Combined TRACON& Tower with Radar,1,74,61,0,136,0,1,27,3,31,1,75,88,3,167,0,0,0,167
05/14/2010,BTR,LA,ASW,CE,Combined TRACON& Tower with Radar,8,64,53,1,126,0,1,46,2,49,8,65,99,3,175,14,0,14,189
05/15/2010,BTR,LA,ASW,CE,Combined TRACON& Tower with Radar,2,43,27,0,72,0,0,6,0,6,2,43,33,0,78,26,0,26,104
05/16/2010,BTR,LA,ASW,CE,Combined TRACON& Tower with Radar,3,52,30,0,85,0,2,12,0,14,3,54,42,0,99,16,0,16,115
05/17/2010,BTR,LA,ASW,CE,Combined TRACON& Tower with Radar,2,63,51,0,116,0,0,45,1,46,2,63,96,1,162,80,0,80,242
05/18/2010,BTR,LA,ASW,CE,Combined TRACON& Tower with Radar,2,54,52,0,108,0,2,41,3,46,2,56,93,3,154,24,0,24,178
05/19/2010,BTR,LA,ASW,CE,Combined TRACON& Tower with Radar,2,64,67,4,137,0,1,62,2,65,2,65,129,6,202,18,0,18,220
05/20/2010,BTR,LA,ASW,CE,Combined TRACON& Tower with Radar,2,70,90,0,162,0,5,66,4,75,2,75,156,4,237,4,0,4,241
05/21/2010,BTR,LA,ASW,CE,Combined TRACON& Tower with Radar,2,70,55,0,127,0,1,53,1,55,2,71,108,1,182,20,0,20,202
05/22/2010,BTR,LA,ASW,CE,Combined TRACON& Tower with Radar,3,43,35,0,81,0,2,32,1,35,3,45,67,1,116,12,0,12,128
05/23/2010,BTR,LA,ASW,CE,Combined TRACON& Tower with Radar,3,56,39,0,98,0,2,36,2,40,3,58,75,2,138,0,0,0,138
05/24/2010,BTR,LA,ASW,CE,Combined TRACON& Tower with Radar,2,61,52,0,115,0,0,56,2,58,2,61,108,2,173,24,0,24,197
05/25/2010,BTR,LA,ASW,CE,Combined TRACON& Tower with Radar,2,64,58,1,125,0,1,38,0,39,2,65,96,1,164,16,0,16,180
05/26/2010,BTR,LA,ASW,CE,Combined TRACON& Tower with Radar,2,63,81,2,148,0,1,72,3,76,2,64,153,5,224,32,0,32,256
05/27/2010,BTR,LA,ASW,CE,Combined TRACON& Tower with Radar,2,70,67,0,139,0,3,52,2,57,2,73,119,2,196,4,0,4,200
05/28/2010,BTR,LA,ASW,CE,Combined TRACON& Tower with Radar,6,59,59,0,124,0,0,55,4,59,6,59,114,4,183,4,0,4,187
05/29/2010,BTR,LA,ASW,CE,Combined TRACON& Tower with Radar,3,50,23,0,76,0,0,27,0,27,3,50,50,0,103,4,0,4,107
05/30/2010,BTR,LA,ASW,CE,Combined TRACON& Tower with Radar,5,41,33,0,79,0,0,23,0,23,5,41,56,0,102,4,0,4,106
05/31/2010,BTR,LA,ASW,CE,Combined TRACON& Tower with Radar,2,58,37,0,97,0,3,38,0,41,2,61,75,0,138,38,0,38,176
06/01/2010,BTR,LA,ASW,CE,Combined TRACON& Tower with Radar,3,62,61,0,126,0,2,43,3,48,3,64,104,3,174,12,0,12,186
06/02/2010,BTR,LA,ASW,CE,Combined TRACON& Tower with Radar,5,73,61,2,141,0,0,30,7,37,5,73,91,9,178,26,0,26,204
06/03/2010,BTR,LA,ASW,CE,Combined TRACON& Tower with Radar,2,66,65,1,134,0,0,22,3,25,2,66,87,4,159,18,0,18,177
06/04/2010,BTR,LA,ASW,CE,Combined TRACON& Tower with Radar,3,63,54,1,121,0,1,11,1,13,3,64,65,2,134,13,0,13,147
06/05/2010,BTR,LA,ASW,CE,Combined TRACON& Tower with Radar,2,51,43,0,96,0,0,27,2,29,2,51,70,2,125,2,0,2,127
06/06/2010,BTR,LA,ASW,CE,Combined TRACON& Tower with Radar,4,51,21,2,78,0,0,20,0,20,4,51,41,2,98,24,0,24,122
06/07/2010,BTR,LA,ASW,CE,Combined TRACON& Tower with Radar,4,61,32,0,97,0,1,43,1,45,4,62,75,1,142,30,0,30,172
06/08/2010,BTR,LA,ASW,CE,Combined TRACON& Tower with Radar,4,55,43,0,102,0,1,44,7,52,4,56,87,7,154,58,0,58,212
06/09/2010,BTR,LA,ASW,CE,Combined TRACON& Tower with Radar,2,58,84,0,144,0,0,38,4,42,2,58,122,4,186,36,0,36,222
06/10/2010,BTR,LA,ASW,CE,Combined TRACON& Tower with Radar,2,67,86,6,161,0,2,47,7,56,2,69,133,13,217,38,0,38,255
06/11/2010,BTR,LA,ASW,CE,Combined TRACON& Tower with Radar,3,57,54,2,116,0,0,43,2,45,3,57,97,4,161,24,0,24,185
06/12/2010,BTR,LA,ASW,CE,Combined TRACON& Tower with Radar,5,55,12,0,72,0,1,43,0,44,5,56,55,0,116,6,0,6,122
06/13/2010,BTR,LA,ASW,CE,Combined TRACON& Tower with Radar,4,54,50,0,108,0,0,31,0,31,4,54,81,0,139,0,0,0,139
06/14/2010,BTR,LA,ASW,CE,Combined TRACON& Tower with Radar,2,58,61,2,123,0,0,43,2,45,2,58,104,4,168,49,0,49,217
06/15/2010,BTR,LA,ASW,CE,Combined TRACON& Tower with Radar,1,62,49,4,116,0,1,52,2,55,1,63,101,6,171,12,0,12,183
06/16/2010,BTR,LA,ASW,CE,Combined TRACON& Tower with Radar,1,64,50,0,115,0,1,45,3,49,1,65,95,3,164,24,0,24,188
06/17/2010,BTR,LA,ASW,CE,Combined TRACON& Tower with Radar,2,64,48,0,114,0,2,43,2,47,2,66,91,2,161,34,0,34,195
06/18/2010,BTR,LA,ASW,CE,Combined TRACON& Tower with Radar,3,60,43,6,112,0,2,42,1,45,3,62,85,7,157,35,0,35,192
06/19/2010,BTR,LA,ASW,CE,Combined TRACON& Tower with Radar,2,47,28,0,77,0,0,58,2,60,2,47,86,2,137,0,0,0,137
06/20/2010,BTR,LA,ASW,CE,Combined TRACON& Tower with Radar,2,51,31,0,84,0,0,23,0,23,2,51,54,0,107,18,0,18,125
06/21/2010,BTR,LA,ASW,CE,Combined TRACON& Tower with Radar,2,56,41,0,99,0,0,30,0,30,2,56,71,0,129,8,0,8,137
06/22/2010,BTR,LA,ASW,CE,Combined TRACON& Tower with Radar,3,65,62,0,130,0,1,48,3,52,3,66,110,3,182,10,0,10,192
06/23/2010,BTR,LA,ASW,CE,Combined TRACON& Tower with Radar,2,68,82,1,153,0,1,40,4,45,2,69,122,5,198,46,0,46,244
06/24/2010,BTR,LA,ASW,CE,Combined TRACON& Tower with Radar,4,72,74,0,150,0,1,68,1,70,4,73,142,1,220,28,0,28,248
06/25/2010,BTR,LA,ASW,CE,Combined TRACON& Tower with Radar,3,77,51,1,132,0,1,35,0,36,3,78,86,1,168,18,0,18,186
06/26/2010,BTR,LA,ASW,CE,Combined TRACON& Tower with Radar,5,65,20,0,90,0,2,43,1,46,5,67,63,1,136,18,0,18,154
06/27/2010,BTR,LA,ASW,CE,Combined TRACON& Tower with Radar,4,66,41,2,113,0,0,26,0,26,4,66,67,2,139,6,0,6,145
06/28/2010,BTR,LA,ASW,CE,Combined TRACON& Tower with Radar,2,64,29,3,98,0,0,38,1,39,2,64,67,4,137,0,0,0,137
06/29/2010,BTR,LA,ASW,CE,Combined TRACON& Tower with Radar,4,98,45,2,149,0,2,27,0,29,4,100,72,2,178,2,0,2,180
06/30/2010,BTR,LA,ASW,CE,Combined TRACON& Tower with Radar,2,76,63,2,143,0,2,12,1,15,2,78,75,3,158,0,0,0,158
07/01/2010,BTR,LA,ASW,CE,Combined TRACON& Tower with Radar,2,68,51,0,121,0,0,3,2,5,2,68,54,2,126,0,0,0,126
07/02/2010,BTR,LA,ASW,CE,Combined TRACON& Tower with Radar,3,80,55,2,140,0,1,48,0,49,3,81,103,2,189,12,0,12,201
07/03/2010,BTR,LA,ASW,CE,Combined TRACON& Tower with Radar,2,58,24,0,84,0,0,28,0,28,2,58,52,0,112,4,0,4,116
07/04/2010,BTR,LA,ASW,CE,Combined TRACON& Tower with Radar,3,52,9,0,64,0,0,9,0,9,3,52,18,0,73,0,0,0,73
07/05/2010,BTR,LA,ASW,CE,Combined TRACON& Tower with Radar,2,63,50,0,115,0,0,22,0,22,2,63,72,0,137,24,0,24,161
07/06/2010,BTR,LA,ASW,CE,Combined TRACON& Tower with Radar,2,60,31,0,93,0,1,8,4,13,2,61,39,4,106,14,0,14,120
07/07/2010,BTR,LA,ASW,CE,Combined TRACON& Tower with Radar,2,73,48,0,123,0,0,16,4,20,2,73,64,4,143,4,0,4,147
07/08/2010,BTR,LA,ASW,CE,Combined TRACON& Tower with Radar,2,71,73,0,146,0,0,40,0,40,2,71,113,0,186,22,0,22,208
07/09/2010,BTR,LA,ASW,CE,Combined TRACON& Tower with Radar,4,82,38,1,125,0,1,79,3,83,4,83,117,4,208,34,0,34,242
07/10/2010,BTR,LA,ASW,CE,Combined TRACON& Tower with Radar,4,55,48,5,112,0,2,35,1,38,4,57,83,6,150,10,0,10,160
07/11/2010,BTR,LA,ASW,CE,Combined TRACON& Tower with Radar,4,58,24,2,88,0,0,37,1,38,4,58,61,3,126,22,0,22,148
07/12/2010,BTR,LA,ASW,CE,Combined TRACON& Tower with Radar,2,68,39,3,112,0,0,45,2,47,2,68,84,5,159,38,4,42,201
07/13/2010,BTR,LA,ASW,CE,Combined TRACON& Tower with Radar,2,66,51,3,122,0,0,54,4,58,2,66,105,7,180,46,0,46,226
07/14/2010,BTR,LA,ASW,CE,Combined TRACON& Tower with Radar,2,59,59,2,122,1,0,55,4,60,3,59,114,6,182,36,0,36,218
07/15/2010,BTR,LA,ASW,CE,Combined TRACON& Tower with Radar,2,69,62,0,133,0,3,66,1,70,2,72,128,1,203,22,0,22,225
07/16/2010,BTR,LA,ASW,CE,Combined TRACON& Tower with Radar,3,64,32,2,101,0,0,38,1,39,3,64,70,3,140,44,0,44,184
07/17/2010,BTR,LA,ASW,CE,Combined TRACON& Tower with Radar,3,60,19,0,82,0,0,26,0,26,3,60,45,0,108,0,0,0,108
07/18/2010,BTR,LA,ASW,CE,Combined TRACON& Tower with Radar,4,56,36,0,96,0,0,16,1,17,4,56,52,1,113,18,0,18,131
07/19/2010,BTR,LA,ASW,CE,Combined TRACON& Tower with Radar,2,59,26,2,89,0,0,25,2,27,2,59,51,4,116,80,0,80,196
07/20/2010,BTR,LA,ASW,CE,Combined TRACON& Tower with Radar,2,65,50,4,121,0,1,42,0,43,2,66,92,4,164,40,0,40,204
07/21/2010,BTR,LA,ASW,CE,Combined TRACON& Tower with Radar,4,79,66,5,154,0,3,50,3,56,4,82,116,8,210,20,0,20,230
07/22/2010,BTR,LA,ASW,CE,Combined TRACON& Tower with Radar,2,79,60,0,141,0,2,52,0,54,2,81,112,0,195,48,0,48,243
07/23/2010,BTR,LA,ASW,CE,Combined TRACON& Tower with Radar,3,75,60,0,138,0,1,45,1,47,3,76,105,1,185,0,0,0,185
07/24/2010,BTR,LA,ASW,CE,Combined TRACON& Tower with Radar,2,61,19,0,82,0,0,15,1,16,2,61,34,1,98,12,0,12,110
07/25/2010,BTR,LA,ASW,CE,Combined TRACON& Tower with Radar,3,60,24,2,89,0,0,9,0,9,3,60,33,2,98,20,0,20,118
07/26/2010,BTR,LA,ASW,CE,Combined TRACON& Tower with Radar,2,58,27,2,89,0,0,30,0,30,2,58,57,2,119,24,0,24,143
07/27/2010,BTR,LA,ASW,CE,Combined TRACON& Tower with Radar,2,69,51,1,123,0,4,38,6,48,2,73,89,7,171,26,0,26,197
07/28/2010,BTR,LA,ASW,CE,Combined TRACON& Tower with Radar,2,76,61,0,139,0,0,51,0,51,2,76,112,0,190,16,0,16,206
07/29/2010,BTR,LA,ASW,CE,Combined TRACON& Tower with Radar,1,70,64,0,135,0,2,47,0,49,1,72,111,0,184,6,0,6,190
07/30/2010,BTR,LA,ASW,CE,Combined TRACON& Tower with Radar,3,63,40,0,106,0,0,71,2,73,3,63,111,2,179,0,0,0,179
07/31/2010,BTR,LA,ASW,CE,Combined TRACON& Tower with Radar,4,53,29,0,86,0,2,41,2,45,4,55,70,2,131,20,0,20,151
08/01/2010,BTR,LA,ASW,CE,Combined TRACON& Tower with Radar,3,61,36,16,116,0,0,32,0,32,3,61,68,16,148,10,6,16,164
08/02/2010,BTR,LA,ASW,CE,Combined TRACON& Tower with Radar,2,62,40,0,104,0,0,46,5,51,2,62,86,5,155,0,0,0,155
08/03/2010,BTR,LA,ASW,CE,Combined TRACON& Tower with Radar,2,66,50,4,122,0,0,37,0,37,2,66,87,4,159,2,0,2,161
08/04/2010,BTR,LA,ASW,CE,Combined TRACON& Tower with Radar,2,71,60,2,135,0,0,61,0,61,2,71,121,2,196,56,0,56,252
08/05/2010,BTR,LA,ASW,CE,Combined TRACON& Tower with Radar,4,65,55,0,124,0,0,22,0,22,4,65,77,0,146,58,0,58,204
08/06/2010,BTR,LA,ASW,CE,Combined TRACON& Tower with Radar,2,66,43,2,113,0,0,44,0,44,2,66,87,2,157,46,0,46,203
08/07/2010,BTR,LA,ASW,CE,Combined TRACON& Tower with Radar,3,68,23,0,94,0,5,33,0,38,3,73,56,0,132,30,0,30,162
08/08/2010,BTR,LA,ASW,CE,Combined TRACON& Tower with Radar,2,56,36,6,100,0,0,25,0,25,2,56,61,6,125,0,0,0,125
08/09/2010,BTR,LA,ASW,CE,Combined TRACON& Tower with Radar,2,71,30,2,105,0,0,33,2,35,2,71,63,4,140,20,0,20,160
08/10/2010,BTR,LA,ASW,CE,Combined TRACON& Tower with Radar,2,68,59,0,129,0,2,31,0,33,2,70,90,0,162,22,0,22,184
08/11/2010,BTR,LA,ASW,CE,Combined TRACON& Tower with Radar,2,81,63,0,146,0,0,37,6,43,2,81,100,6,189,12,0,12,201
08/12/2010,BTR,LA,ASW,CE,Combined TRACON& Tower with Radar,2,70,36,0,108,0,0,18,6,24,2,70,54,6,132,52,0,52,184
08/13/2010,BTR,LA,ASW,CE,Combined TRACON& Tower with Radar,3,77,50,0,130,0,0,10,0,10,3,77,60,0,140,13,0,13,153
08/14/2010,BTR,LA,ASW,CE,Combined TRACON& Tower with Radar,3,58,23,0,84,0,0,27,0,27,3,58,50,0,111,34,0,34,145
08/15/2010,BTR,LA,ASW,CE,Combined TRACON& Tower with Radar,2,59,48,0,109,0,0,29,0,29,2,59,77,0,138,22,0,22,160
08/16/2010,BTR,LA,ASW,CE,Combined TRACON& Tower with Radar,2,64,40,0,106,0,1,29,1,31,2,65,69,1,137,24,0,24,161
08/17/2010,BTR,LA,ASW,CE,Combined TRACON& Tower with Radar,2,61,60,0,123,0,2,6,0,8,2,63,66,0,131,0,0,0,131
08/18/2010,BTR,LA,ASW,CE,Combined TRACON& Tower with Radar,2,80,72,0,154,0,0,7,0,7,2,80,79,0,161,22,0,22,183
08/19/2010,BTR,LA,ASW,CE,Combined TRACON& Tower with Radar,2,81,47,0,130,0,1,33,2,36,2,82,80,2,166,62,0,62,228
08/20/2010,BTR,LA,ASW,CE,Combined TRACON& Tower with Radar,1,71,53,0,125,0,3,31,0,34,1,74,84,0,159,20,0,20,179
08/21/2010,BTR,LA,ASW,CE,Combined TRACON& Tower with Radar,4,63,37,0,104,0,1,46,0,47,4,64,83,0,151,6,0,6,157
08/22/2010,BTR,LA,ASW,CE,Combined TRACON& Tower with Radar,3,59,32,0,94,2,0,29,0,31,5,59,61,0,125,8,0,8,133
08/23/2010,BTR,LA,ASW,CE,Combined TRACON& Tower with Radar,2,64,69,0,135,0,2,39,1,42,2,66,108,1,177,8,0,8,185
08/24/2010,BTR,LA,ASW,CE,Combined TRACON& Tower with Radar,2,72,66,0,140,0,2,58,3,63,2,74,124,3,203,0,0,0,203
08/25/2010,BTR,LA,ASW,CE,Combined TRACON& Tower with Radar,2,69,64,0,135,0,2,62,4,68,2,71,126,4,203,42,0,42,245
08/26/2010,BTR,LA,ASW,CE,Combined TRACON& Tower with Radar,2,66,62,4,134,0,0,38,0,38,2,66,100,4,172,0,0,0,172
08/27/2010,BTR,LA,ASW,CE,Combined TRACON& Tower with Radar,5,70,55,0,130,0,3,49,0,52,5,73,104,0,182,4,0,4,186
08/28/2010,BTR,LA,ASW,CE,Combined TRACON& Tower with Radar,3,63,28,0,94,0,2,8,0,10,3,65,36,0,104,22,0,22,126
08/29/2010,BTR,LA,ASW,CE,Combined TRACON& Tower with Radar,4,58,46,0,108,0,0,6,0,6,4,58,52,0,114,0,0,0,114
08/30/2010,BTR,LA,ASW,CE,Combined TRACON& Tower with Radar,2,64,61,0,127,0,0,30,0,30,2,64,91,0,157,32,0,32,189
08/31/2010,BTR,LA,ASW,CE,Combined TRACON& Tower with Radar,4,65,76,0,145,0,1,34,1,36,4,66,110,1,181,12,0,12,193
09/01/2010,BTR,LA,ASW,CE,Combined TRACON& Tower with Radar,2,67,64,0,133,0,0,57,2,59,2,67,121,2,192,32,0,32,224
09/02/2010,BTR,LA,ASW,CE,Combined TRACON& Tower with Radar,4,80,76,4,164,0,0,48,0,48,4,80,124,4,212,22,0,22,234
09/03/2010,BTR,LA,ASW,CE,Combined TRACON& Tower with Radar,8,80,62,0,150,0,2,42,0,44,8,82,104,0,194,18,0,18,212
09/04/2010,BTR,LA,ASW,CE,Combined TRACON& Tower with Radar,4,53,23,0,80,0,1,37,0,38,4,54,60,0,118,0,0,0,118
09/05/2010,BTR,LA,ASW,CE,Combined TRACON& Tower with Radar,7,48,28,0,83,0,1,39,0,40,7,49,67,0,123,2,0,2,125
09/06/2010,BTR,LA,ASW,CE,Combined TRACON& Tower with Radar,3,65,37,0,105,0,0,29,0,29,3,65,66,0,134,12,0,12,146
09/07/2010,BTR,LA,ASW,CE,Combined TRACON& Tower with Radar,6,61,57,0,124,0,0,26,0,26,6,61,83,0,150,6,0,6,156
09/08/2010,BTR,LA,ASW,CE,Combined TRACON& Tower with Radar,4,69,45,3,121,0,0,32,0,32,4,69,77,3,153,0,0,0,153
09/09/2010,BTR,LA,ASW,CE,Combined TRACON& Tower with Radar,4,77,55,0,136,0,0,79,0,79,4,77,134,0,215,12,0,12,227
09/10/2010,BTR,LA,ASW,CE,Combined TRACON& Tower with Radar,8,83,57,0,148,0,1,47,0,48,8,84,104,0,196,22,0,22,218
09/11/2010,BTR,LA,ASW,CE,Combined TRACON& Tower with Radar,2,50,34,0,86,0,0,34,0,34,2,50,68,0,120,0,0,0,120
09/12/2010,BTR,LA,ASW,CE,Combined TRACON& Tower with Radar,4,61,49,0,114,0,0,26,0,26,4,61,75,0,140,0,0,0,140
09/13/2010,BTR,LA,ASW,CE,Combined TRACON& Tower with Radar,2,65,63,0,130,0,4,49,1,54,2,69,112,1,184,66,0,66,250
09/14/2010,BTR,LA,ASW,CE,Combined TRACON& Tower with Radar,4,63,47,0,114,0,6,51,5,62,4,69,98,5,176,62,0,62,238
09/15/2010,BTR,LA,ASW,CE,Combined TRACON& Tower with Radar,2,79,54,6,141,0,2,70,4,76,2,81,124,10,217,20,0,20,237
09/16/2010,BTR,LA,ASW,CE,Combined TRACON& Tower with Radar,2,79,60,0,141,0,2,58,3,63,2,81,118,3,204,6,0,6,210
09/17/2010,BTR,LA,ASW,CE,Combined TRACON& Tower with Radar,6,71,44,0,121,0,1,55,3,59,6,72,99,3,180,0,0,0,180
09/18/2010,BTR,LA,ASW,CE,Combined TRACON& Tower with Radar,4,57,53,1,115,0,1,66,3,70,4,58,119,4,185,14,0,14,199
09/19/2010,BTR,LA,ASW,CE,Combined TRACON& Tower with Radar,4,64,38,1,107,0,0,56,0,56,4,64,94,1,163,18,0,18,181
09/20/2010,BTR,LA,ASW,CE,Combined TRACON& Tower with Radar,2,69,40,0,111,0,3,48,0,51,2,72,88,0,162,32,0,32,194
09/21/2010,BTR,LA,ASW,CE,Combined TRACON& Tower with Radar,4,72,58,2,136,0,1,33,0,34,4,73,91,2,170,44,0,44,214
09/22/2010,BTR,LA,ASW,CE,Combined TRACON& Tower with Radar,2,72,80,3,157,0,0,43,1,44,2,72,123,4,201,13,0,13,214
09/23/2010,BTR,LA,ASW,CE,Combined TRACON& Tower with Radar,2,75,66,0,143,0,0,52,0,52,2,75,118,0,195,0,0,0,195
09/24/2010,BTR,LA,ASW,CE,Combined TRACON& Tower with Radar,5,79,60,6,150,0,0,50,1,51,5,79,110,7,201,4,0,4,205
09/25/2010,BTR,LA,ASW,CE,Combined TRACON& Tower with Radar,2,58,40,0,100,4,0,35,0,39,6,58,75,0,139,18,0,18,157
09/26/2010,BTR,LA,ASW,CE,Combined TRACON& Tower with Radar,2,64,43,0,109,0,0,30,0,30,2,64,73,0,139,14,0,14,153
09/27/2010,BTR,LA,ASW,CE,Combined TRACON& Tower with Radar,2,64,47,3,116,0,2,41,0,43,2,66,88,3,159,0,0,0,159
09/28/2010,BTR,LA,ASW,CE,Combined TRACON& Tower with Radar,4,77,60,4,145,0,1,50,2,53,4,78,110,6,198,8,0,8,206
09/29/2010,BTR,LA,ASW,CE,Combined TRACON& Tower with Radar,2,74,69,2,147,0,4,66,2,72,2,78,135,4,219,36,0,36,255
09/30/2010,BTR,LA,ASW,CE,Combined TRACON& Tower with Radar,2,74,63,0,139,0,0,51,2,53,2,74,114,2,192,20,0,20,212
10/01/2010,BTR,LA,ASW,CE,Combined TRACON& Tower with Radar,4,82,76,0,162,0,1,49,3,53,4,83,125,3,215,2,0,2,217
10/02/2010,BTR,LA,ASW,CE,Combined TRACON& Tower with Radar,4,71,84,0,159,0,0,74,4,78,4,71,158,4,237,20,0,20,257
10/03/2010,BTR,LA,ASW,CE,Combined TRACON& Tower with Radar,2,67,58,0,127,0,2,73,0,75,2,69,131,0,202,10,0,10,212
10/04/2010,BTR,LA,ASW,CE,Combined TRACON& Tower with Radar,2,67,51,0,120,0,1,48,2,51,2,68,99,2,171,20,0,20,191
10/05/2010,BTR,LA,ASW,CE,Combined TRACON& Tower with Radar,2,67,55,5,129,0,0,43,1,44,2,67,98,6,173,16,0,16,189
10/06/2010,BTR,LA,ASW,CE,Combined TRACON& Tower with Radar,2,75,39,2,118,0,0,64,0,64,2,75,103,2,182,30,0,30,212
10/07/2010,BTR,LA,ASW,CE,Combined TRACON& Tower with Radar,2,83,49,0,134,0,3,50,1,54,2,86,99,1,188,0,0,0,188
10/08/2010,BTR,LA,ASW,CE,Combined TRACON& Tower with Radar,4,72,57,0,133,0,0,55,0,55,4,72,112,0,188,14,0,14,202
10/09/2010,BTR,LA,ASW,CE,Combined TRACON& Tower with Radar,2,53,24,0,79,0,0,43,0,43,2,53,67,0,122,0,0,0,122
10/10/2010,BTR,LA,ASW,CE,Combined TRACON& Tower with Radar,2,61,33,0,96,0,0,30,0,30,2,61,63,0,126,34,0,34,160
10/11/2010,BTR,LA,ASW,CE,Combined TRACON& Tower with Radar,2,67,54,1,124,0,0,26,1,27,2,67,80,2,151,50,0,50,201
10/12/2010,BTR,LA,ASW,CE,Combined TRACON& Tower with Radar,2,64,61,2,129,0,0,33,0,33,2,64,94,2,162,16,0,16,178
10/13/2010,BTR,LA,ASW,CE,Combined TRACON& Tower with Radar,2,80,76,2,160,0,0,54,0,54,2,80,130,2,214,6,0,6,220
10/14/2010,BTR,LA,ASW,CE,Combined TRACON& Tower with Radar,1,89,67,0,157,0,4,65,1,70,1,93,132,1,227,8,0,8,235
10/15/2010,BTR,LA,ASW,CE,Combined TRACON& Tower with Radar,4,77,52,4,137,0,1,62,0,63,4,78,114,4,200,56,2,58,258
10/16/2010,BTR,LA,ASW,CE,Combined TRACON& Tower with Radar,3,48,32,0,83,0,2,64,10,76,3,50,96,10,159,18,0,18,177
10/17/2010,BTR,LA,ASW,CE,Combined TRACON& Tower with Radar,2,63,52,0,117,0,4,57,0,61,2,67,109,0,178,8,0,8,186
10/18/2010,BTR,LA,ASW,CE,Combined TRACON& Tower with Radar,2,67,59,13,141,0,0,43,1,44,2,67,102,14,185,50,8,58,243
10/19/2010,BTR,LA,ASW,CE,Combined TRACON& Tower with Radar,2,72,46,0,120,0,4,42,0,46,2,76,88,0,166,32,0,32,198
10/20/2010,BTR,LA,ASW,CE,Combined TRACON& Tower with Radar,2,71,96,0,169,0,2,47,2,51,2,73,143,2,220,0,0,0,220
10/21/2010,BTR,LA,ASW,CE,Combined TRACON& Tower with Radar,2,85,72,0,159,0,1,64,4,69,2,86,136,4,228,14,0,14,242
10/22/2010,BTR,LA,ASW,CE,Combined TRACON& Tower with Radar,4,73,47,0,124,0,1,52,0,53,4,74,99,0,177,22,0,22,199
10/23/2010,BTR,LA,ASW,CE,Combined TRACON& Tower with Radar,4,48,38,0,90,0,0,35,0,35,4,48,73,0,125,0,0,0,125
10/24/2010,BTR,LA,ASW,CE,Combined TRACON& Tower with Radar,2,65,47,0,114,0,0,21,0,21,2,65,68,0,135,18,0,18,153
10/25/2010,BTR,LA,ASW,CE,Combined TRACON& Tower with Radar,2,65,58,0,125,0,0,28,0,28,2,65,86,0,153,8,0,8,161
10/26/2010,BTR,LA,ASW,CE,Combined TRACON& Tower with Radar,2,69,81,6,158,0,0,24,0,24,2,69,105,6,182,4,0,4,186
10/27/2010,BTR,LA,ASW,CE,Combined TRACON& Tower with Radar,1,64,89,8,162,0,0,17,0,17,1,64,106,8,179,12,0,12,191
10/28/2010,BTR,LA,ASW,CE,Combined TRACON& Tower with Radar,1,79,72,2,154,0,0,36,2,38,1,79,108,4,192,28,0,28,220
10/29/2010,BTR,LA,ASW,CE,Combined TRACON& Tower with Radar,2,71,56,0,129,0,3,61,0,64,2,74,117,0,193,20,0,20,213
10/30/2010,BTR,LA,ASW,CE,Combined TRACON& Tower with Radar,2,55,27,0,84,0,4,60,0,64,2,59,87,0,148,24,0,24,172
10/31/2010,BTR,LA,ASW,CE,Combined TRACON& Tower with Radar,2,57,36,0,95,0,0,32,0,32,2,57,68,0,127,16,0,16,143
11/01/2010,BTR,LA,ASW,CE,Combined TRACON& Tower with Radar,2,61,43,0,106,0,0,10,2,12,2,61,53,2,118,46,0,46,164
11/02/2010,BTR,LA,ASW,CE,Combined TRACON& Tower with Radar,2,57,52,0,111,0,0,3,0,3,2,57,55,0,114,0,0,0,114
11/03/2010,BTR,LA,ASW,CE,Combined TRACON& Tower with Radar,2,59,68,0,129,0,0,6,0,6,2,59,74,0,135,0,0,0,135
11/04/2010,BTR,LA,ASW,CE,Combined TRACON& Tower with Radar,2,82,68,0,152,0,3,44,2,49,2,85,112,2,201,8,0,8,209
11/05/2010,BTR,LA,ASW,CE,Combined TRACON& Tower with Radar,4,82,103,2,191,0,2,68,3,73,4,84,171,5,264,30,0,30,294
11/06/2010,BTR,LA,ASW,CE,Combined TRACON& Tower with Radar,6,67,137,0,210,0,2,76,0,78,6,69,213,0,288,0,0,0,288
11/07/2010,BTR,LA,ASW,CE,Combined TRACON& Tower with Radar,4,71,83,2,160,0,9,58,6,73,4,80,141,8,233,4,0,4,237
11/08/2010,BTR,LA,ASW,CE,Combined TRACON& Tower with Radar,2,64,46,2,114,0,0,53,0,53,2,64,99,2,167,80,0,80,247
11/09/2010,BTR,LA,ASW,CE,Combined TRACON& Tower with Radar,4,68,76,0,148,0,1,67,0,68,4,69,143,0,216,58,0,58,274
11/10/2010,BTR,LA,ASW,CE,Combined TRACON& Tower with Radar,2,70,86,0,158,0,0,52,0,52,2,70,138,0,210,12,0,12,222
11/11/2010,BTR,LA,ASW,CE,Combined TRACON& Tower with Radar,2,77,62,0,141,0,1,59,0,60,2,78,121,0,201,26,0,26,227
11/12/2010,BTR,LA,ASW,CE,Combined TRACON& Tower with Radar,4,73,48,0,125,0,0,60,2,62,4,73,108,2,187,0,0,0,187
11/13/2010,BTR,LA,ASW,CE,Combined TRACON& Tower with Radar,0,64,61,0,125,0,0,2,0,2,0,64,63,0,127,20,0,20,147
11/14/2010,BTR,LA,ASW,CE,Combined TRACON& Tower with Radar,2,60,58,0,120,0,0,5,0,5,2,60,63,0,125,12,0,12,137
11/15/2010,BTR,LA,ASW,CE,Combined TRACON& Tower with Radar,2,70,58,0,130,0,0,0,0,0,2,70,58,0,130,0,0,0,130
11/16/2010,BTR,LA,ASW,CE,Combined TRACON& Tower with Radar,3,59,53,2,117,0,0,33,0,33,3,59,86,2,150,16,0,16,166
11/17/2010,BTR,LA,ASW,CE,Combined TRACON& Tower with Radar,3,72,76,6,157,0,0,58,0,58,3,72,134,6,215,72,0,72,287
11/18/2010,BTR,LA,ASW,CE,Combined TRACON& Tower with Radar,2,75,55,4,136,0,0,33,0,33,2,75,88,4,169,24,0,24,193
11/19/2010,BTR,LA,ASW,CE,Combined TRACON& Tower with Radar,4,88,72,0,164,0,0,40,0,40,4,88,112,0,204,14,0,14,218
11/20/2010,BTR,LA,ASW,CE,Combined TRACON& Tower with Radar,4,61,82,0,147,0,1,45,0,46,4,62,127,0,193,4,0,4,197
11/21/2010,BTR,LA,ASW,CE,Combined TRACON& Tower with Radar,4,59,54,0,117,0,0,29,0,29,4,59,83,0,146,40,0,40,186
11/22/2010,BTR,LA,ASW,CE,Combined TRACON& Tower with Radar,2,58,51,0,111,0,0,35,2,37,2,58,86,2,148,42,0,42,190
11/23/2010,BTR,LA,ASW,CE,Combined TRACON& Tower with Radar,2,61,66,0,129,0,0,16,0,16,2,61,82,0,145,0,0,0,145
11/24/2010,BTR,LA,ASW,CE,Combined TRACON& Tower with Radar,2,86,50,4,142,0,1,30,0,31,2,87,80,4,173,16,0,16,189
11/25/2010,BTR,LA,ASW,CE,Combined TRACON& Tower with Radar,1,60,11,0,72,0,0,0,0,0,1,60,11,0,72,0,0,0,72
11/26/2010,BTR,LA,ASW,CE,Combined TRACON& Tower with Radar,3,60,28,1,92,0,0,1,0,1,3,60,29,1,93,0,0,0,93
11/27/2010,BTR,LA,ASW,CE,Combined TRACON& Tower with Radar,4,67,34,0,105,0,1,33,0,34,4,68,67,0,139,18,0,18,157
11/28/2010,BTR,LA,ASW,CE,Combined TRACON& Tower with Radar,2,67,35,0,104,0,0,29,0,29,2,67,64,0,133,22,0,22,155
11/29/2010,BTR,LA,ASW,CE,Combined TRACON& Tower with Radar,4,63,57,0,124,0,1,0,0,1,4,64,57,0,125,0,0,0,125
11/30/2010,BTR,LA,ASW,CE,Combined TRACON& Tower with Radar,2,68,65,0,135,0,1,23,0,24,2,69,88,0,159,0,0,0,159
12/01/2010,BTR,LA,ASW,CE,Combined TRACON& Tower with Radar,2,71,57,1,131,0,0,59,1,60,2,71,116,2,191,14,0,14,205
12/02/2010,BTR,LA,ASW,CE,Combined TRACON& Tower with Radar,4,77,49,2,132,0,0,41,0,41,4,77,90,2,173,10,0,10,183
12/03/2010,BTR,LA,ASW,CE,Combined TRACON& Tower with Radar,2,77,62,4,145,0,1,54,0,55,2,78,116,4,200,12,0,12,212
12/04/2010,BTR,LA,ASW,CE,Combined TRACON& Tower with Radar,2,52,27,0,81,0,0,46,0,46,2,52,73,0,127,56,0,56,183
12/05/2010,BTR,LA,ASW,CE,Combined TRACON& Tower with Radar,2,53,30,0,85,0,0,12,2,14,2,53,42,2,99,0,0,0,99
12/06/2010,BTR,LA,ASW,CE,Combined TRACON& Tower with Radar,2,61,43,2,108,0,0,45,0,45,2,61,88,2,153,46,0,46,199
12/07/2010,BTR,LA,ASW,CE,Combined TRACON& Tower with Radar,2,67,51,1,121,0,0,56,0,56,2,67,107,1,177,20,0,20,197
12/08/2010,BTR,LA,ASW,CE,Combined TRACON& Tower with Radar,2,75,67,0,144,0,0,40,0,40,2,75,107,0,184,40,0,40,224
12/09/2010,BTR,LA,ASW,CE,Combined TRACON& Tower with Radar,2,80,61,4,147,0,1,46,0,47,2,81,107,4,194,40,0,40,234
12/10/2010,BTR,LA,ASW,CE,Combined TRACON& Tower with Radar,2,78,48,0,128,0,1,60,6,67,2,79,108,6,195,46,0,46,241
12/11/2010,BTR,LA,ASW,CE,Combined TRACON& Tower with Radar,2,46,25,0,73,0,0,17,0,17,2,46,42,0,90,8,0,8,98
12/12/2010,BTR,LA,ASW,CE,Combined TRACON& Tower with Radar,2,49,36,0,87,0,2,16,0,18,2,51,52,0,105,0,0,0,105
12/13/2010,BTR,LA,ASW,CE,Combined TRACON& Tower with Radar,2,62,43,0,107,0,7,48,1,56,2,69,91,1,163,8,0,8,171
12/14/2010,BTR,LA,ASW,CE,Combined TRACON& Tower with Radar,2,62,77,6,147,0,4,58,2,64,2,66,135,8,211,56,0,56,267
12/15/2010,BTR,LA,ASW,CE,Combined TRACON& Tower with Radar,2,60,85,5,152,0,1,38,0,39,2,61,123,5,191,48,0,48,239
12/16/2010,BTR,LA,ASW,CE,Combined TRACON& Tower with Radar,1,68,81,6,156,0,0,37,0,37,1,68,118,6,193,12,0,12,205
12/17/2010,BTR,LA,ASW,CE,Combined TRACON& Tower with Radar,1,63,64,2,130,0,0,11,0,11,1,63,75,2,141,0,0,0,141
12/18/2010,BTR,LA,ASW,CE,Combined TRACON& Tower with Radar,2,48,40,0,90,0,2,27,0,29,2,50,67,0,119,78,0,78,197
12/19/2010,BTR,LA,ASW,CE,Combined TRACON& Tower with Radar,2,59,28,2,91,0,0,48,0,48,2,59,76,2,139,22,0,22,161
12/20/2010,BTR,LA,ASW,CE,Combined TRACON& Tower with Radar,1,58,52,2,113,0,0,33,0,33,1,58,85,2,146,10,0,10,156
12/21/2010,BTR,LA,ASW,CE,Combined TRACON& Tower with Radar,2,79,32,0,113,0,0,24,0,24,2,79,56,0,137,0,0,0,137
12/22/2010,BTR,LA,ASW,CE,Combined TRACON& Tower with Radar,2,67,56,2,127,0,0,20,0,20,2,67,76,2,147,48,0,48,195
12/23/2010,BTR,LA,ASW,CE,Combined TRACON& Tower with Radar,4,69,30,0,103,0,0,38,0,38,4,69,68,0,141,40,0,40,181
12/24/2010,BTR,LA,ASW,CE,Combined TRACON& Tower with Radar,2,51,12,0,65,0,2,22,0,24,2,53,34,0,89,0,0,0,89
12/25/2010,BTR,LA,ASW,CE,Combined TRACON& Tower with Radar,2,50,3,0,55,0,0,2,0,2,2,50,5,0,57,0,0,0,57
12/26/2010,BTR,LA,ASW,CE,Combined TRACON& Tower with Radar,1,52,38,0,91,0,0,10,0,10,1,52,48,0,101,0,0,0,101
12/27/2010,BTR,LA,ASW,CE,Combined TRACON& Tower with Radar,2,62,33,0,97,0,0,26,0,26,2,62,59,0,123,10,0,10,133
12/28/2010,BTR,LA,ASW,CE,Combined TRACON& Tower with Radar,2,61,39,0,102,0,0,36,0,36,2,61,75,0,138,38,0,38,176
12/29/2010,BTR,LA,ASW,CE,Combined TRACON& Tower with Radar,2,62,30,0,94,0,0,30,0,30,2,62,60,0,124,16,0,16,140
12/30/2010,BTR,LA,ASW,CE,Combined TRACON& Tower with Radar,2,66,31,0,99,0,2,15,1,18,2,68,46,1,117,80,0,80,197
12/31/2010,BTR,LA,ASW,CE,Combined TRACON& Tower with Radar,2,57,18,0,77,0,0,2,0,2,2,57,20,0,79,0,0,0,79
01/01/2011,BTR,LA,ASW,CE,Combined TRACON& Tower with Radar,4,50,8,0,62,0,0,8,0,8,4,50,16,0,70,0,0,0,70
01/02/2011,BTR,LA,ASW,CE,Combined TRACON& Tower with Radar,4,54,35,0,93,0,0,40,0,40,4,54,75,0,133,0,0,0,133
01/03/2011,BTR,LA,ASW,CE,Combined TRACON& Tower with Radar,4,58,28,0,90,0,0,41,2,43,4,58,69,2,133,38,0,38,171
01/04/2011,BTR,LA,ASW,CE,Combined TRACON& Tower with Radar,2,65,37,0,104,0,0,46,0,46,2,65,83,0,150,30,0,30,180
01/05/2011,BTR,LA,ASW,CE,Combined TRACON& Tower with Radar,2,60,48,1,111,0,0,9,1,10,2,60,57,2,121,0,0,0,121
01/06/2011,BTR,LA,ASW,CE,Combined TRACON& Tower with Radar,2,75,52,4,133,0,0,83,0,83,2,75,135,4,216,38,0,38,254
01/07/2011,BTR,LA,ASW,CE,Combined TRACON& Tower with Radar,1,76,55,0,132,0,0,43,0,43,1,76,98,0,175,32,0,32,207
01/08/2011,BTR,LA,ASW,CE,Combined TRACON& Tower with Radar,3,53,48,0,104,0,1,48,0,49,3,54,96,0,153,16,0,16,169
01/09/2011,BTR,LA,ASW,CE,Combined TRACON& Tower with Radar,6,52,22,0,80,0,0,4,0,4,6,52,26,0,84,0,0,0,84
01/10/2011,BTR,LA,ASW,CE,Combined TRACON& Tower with Radar,1,50,45,4,100,0,0,0,0,0,1,50,45,4,100,0,0,0,100
01/11/2011,BTR,LA,ASW,CE,Combined TRACON& Tower with Radar,1,43,55,2,101,0,0,28,0,28,1,43,83,2,129,20,0,20,149
01/12/2011,BTR,LA,ASW,CE,Combined TRACON& Tower with Radar,1,68,68,2,139,0,1,38,0,39,1,69,106,2,178,0,0,0,178
01/13/2011,BTR,LA,ASW,CE,Combined TRACON& Tower with Radar,1,61,52,4,118,0,0,48,2,50,1,61,100,6,168,44,0,44,212
01/14/2011,BTR,LA,ASW,CE,Combined TRACON& Tower with Radar,4,61,50,0,115,0,3,52,0,55,4,64,102,0,170,42,0,42,212
01/15/2011,BTR,LA,ASW,CE,Combined TRACON& Tower with Radar,3,50,29,0,82,0,1,37,2,40,3,51,66,2,122,24,0,24,146
01/16/2011,BTR,LA,ASW,CE,Combined TRACON& Tower with Radar,2,56,24,0,82,0,0,4,0,4,2,56,28,0,86,0,0,0,86
01/17/2011,BTR,LA,ASW,CE,Combined TRACON& Tower with Radar,2,69,46,0,117,0,0,28,0,28,2,69,74,0,145,66,0,66,211
01/18/2011,BTR,LA,ASW,CE,Combined TRACON& Tower with Radar,6,58,57,4,125,0,0,17,0,17,6,58,74,4,142,0,0,0,142
01/19/2011,BTR,LA,ASW,CE,Combined TRACON& Tower with Radar,2,61,52,1,116,0,0,45,3,48,2,61,97,4,164,28,0,28,192
01/20/2011,BTR,LA,ASW,CE,Combined TRACON& Tower with Radar,2,59,61,0,122,0,0,22,0,22,2,59,83,0,144,56,0,56,200
01/21/2011,BTR,LA,ASW,CE,Combined TRACON& Tower with Radar,2,61,55,4,122,0,3,49,2,54,2,64,104,6,176,26,0,26,202
01/22/2011,BTR,LA,ASW,CE,Combined TRACON& Tower with Radar,2,52,36,3,93,0,0,61,1,62,2,52,97,4,155,32,0,32,187
01/23/2011,BTR,LA,ASW,CE,Combined TRACON& Tower with Radar,2,59,37,0,98,0,4,56,0,60,2,63,93,0,158,50,0,50,208
01/24/2011,BTR,LA,ASW,CE,Combined TRACON& Tower with Radar,1,63,59,3,126,0,0,11,0,11,1,63,70,3,137,0,0,0,137
01/25/2011,BTR,LA,ASW,CE,Combined TRACON& Tower with Radar,3,65,43,0,111,0,5,2,0,7,3,70,45,0,118,40,0,40,158
01/26/2011,BTR,LA,ASW,CE,Combined TRACON& Tower with Radar,2,67,67,2,138,0,0,51,0,51,2,67,118,2,189,52,0,52,241
01/27/2011,BTR,LA,ASW,CE,Combined TRACON& Tower with Radar,2,72,61,0,135,0,3,54,4,61,2,75,115,4,196,32,0,32,228
01/28/2011,BTR,LA,ASW,CE,Combined TRACON& Tower with Radar,2,71,42,0,115,0,3,61,0,64,2,74,103,0,179,28,0,28,207
01/29/2011,BTR,LA,ASW,CE,Combined TRACON& Tower with Radar,2,56,27,2,87,0,2,48,0,50,2,58,75,2,137,42,0,42,179
01/30/2011,BTR,LA,ASW,CE,Combined TRACON& Tower with Radar,2,60,48,0,110,0,0,0,0,0,2,60,48,0,110,5,0,5,115
01/31/2011,BTR,LA,ASW,CE,Combined TRACON& Tower with Radar,4,63,57,4,128,0,0,23,0,23,4,63,80,4,151,12,0,12,163
02/01/2011,BTR,LA,ASW,CE,Combined TRACON& Tower with Radar,2,55,29,0,86,0,0,1,1,2,2,55,30,1,88,0,0,0,88
02/02/2011,BTR,LA,ASW,CE,Combined TRACON& Tower with Radar,2,61,46,13,122,0,0,39,0,39,2,61,85,13,161,16,2,18,179
02/03/2011,BTR,LA,ASW,CE,Combined TRACON& Tower with Radar,1,26,22,0,49,0,0,3,0,3,1,26,25,0,52,0,0,0,52
02/04/2011,BTR,LA,ASW,CE,Combined TRACON& Tower with Radar,1,20,20,0,41,0,0,0,0,0,1,20,20,0,41,0,0,0,41
02/05/2011,BTR,LA,ASW,CE,Combined TRACON& Tower with Radar,2,59,24,12,97,0,0,54,0,54,2,59,78,12,151,72,10,82,233
02/06/2011,BTR,LA,ASW,CE,Combined TRACON& Tower with Radar,2,52,22,0,76,0,0,37,0,37,2,52,59,0,113,46,0,46,159
02/07/2011,BTR,LA,ASW,CE,Combined TRACON& Tower with Radar,2,59,49,9,119,0,0,12,0,12,2,59,61,9,131,0,0,0,131
02/08/2011,BTR,LA,ASW,CE,Combined TRACON& Tower with Radar,2,62,60,2,126,0,2,46,4,52,2,64,106,6,178,75,0,75,253
02/09/2011,BTR,LA,ASW,CE,Combined TRACON& Tower with Radar,4,55,43,2,104,0,0,8,0,8,4,55,51,2,112,0,0,0,112
02/10/2011,BTR,LA,ASW,CE,Combined TRACON& Tower with Radar,2,66,59,4,131,0,0,31,0,31,2,66,90,4,162,24,0,24,186
02/11/2011,BTR,LA,ASW,CE,Combined TRACON& Tower with Radar,2,70,42,6,120,0,1,36,0,37,2,71,78,6,157,2,0,2,159
02/12/2011,BTR,LA,ASW,CE,Combined TRACON& Tower with Radar,2,46,32,0,80,0,1,96,2,99,2,47,128,2,179,16,0,16,195
02/13/2011,BTR,LA,ASW,CE,Combined TRACON& Tower with Radar,4,59,44,0,107,0,1,55,0,56,4,60,99,0,163,56,0,56,219
02/14/2011,BTR,LA,ASW,CE,Combined TRACON& Tower with Radar,2,69,38,0,109,0,0,54,0,54,2,69,92,0,163,26,0,26,189
02/15/2011,BTR,LA,ASW,CE,Combined TRACON& Tower with Radar,2,63,53,4,122,0,0,57,0,57,2,63,110,4,179,18,0,18,197
02/16/2011,BTR,LA,ASW,CE,Combined TRACON& Tower with Radar,2,70,75,0,147,0,4,51,0,55,2,74,126,0,202,8,0,8,210
02/17/2011,BTR,LA,ASW,CE,Combined TRACON& Tower with Radar,2,75,75,0,152,0,3,44,0,47,2,78,119,0,199,30,0,30,229
02/18/2011,BTR,LA,ASW,CE,Combined TRACON& Tower with Radar,2,75,72,0,149,0,2,28,0,30,2,77,100,0,179,14,0,14,193
02/19/2011,BTR,LA,ASW,CE,Combined TRACON& Tower with Radar,2,53,44,4,103,0,8,50,0,58,2,61,94,4,161,28,0,28,189
02/20/2011,BTR,LA,ASW,CE,Combined TRACON& Tower with Radar,2,54,73,0,129,0,0,43,0,43,2,54,116,0,172,0,0,0,172
02/21/2011,BTR,LA,ASW,CE,Combined TRACON& Tower with Radar,2,63,49,4,118,0,2,34,0,36,2,65,83,4,154,4,0,4,158
02/22/2011,BTR,LA,ASW,CE,Combined TRACON& Tower with Radar,2,70,85,0,157,0,2,24,0,26,2,72,109,0,183,14,0,14,197
02/23/2011,BTR,LA,ASW,CE,Combined TRACON& Tower with Radar,2,78,71,6,157,0,1,25,0,26,2,79,96,6,183,0,0,0,183
02/24/2011,BTR,LA,ASW,CE,Combined TRACON& Tower with Radar,1,64,51,0,116,0,0,21,1,22,1,64,72,1,138,4,0,4,142
02/25/2011,BTR,LA,ASW,CE,Combined TRACON& Tower with Radar,3,73,43,2,121,0,1,62,0,63,3,74,105,2,184,32,0,32,216
02/26/2011,BTR,LA,ASW,CE,Combined TRACON& Tower with Radar,2,57,28,0,87,0,0,46,0,46,2,57,74,0,133,46,0,46,179
02/27/2011,BTR,LA,ASW,CE,Combined TRACON& Tower with Radar,2,62,21,0,85,0,0,23,0,23,2,62,44,0,108,0,0,0,108
02/28/2011,BTR,LA,ASW,CE,Combined TRACON& Tower with Radar,2,66,55,0,123,0,0,41,2,43,2,66,96,2,166,4,0,4,170
03/01/2011,BTR,LA,ASW,CE,Combined TRACON& Tower with Radar,2,76,58,0,136,0,2,68,0,70,2,78,126,0,206,18,0,18,224
03/02/2011,BTR,LA,ASW,CE,Combined TRACON& Tower with Radar,2,67,64,6,139,0,0,70,0,70,2,67,134,6,209,46,4,50,259
03/03/2011,BTR,LA,ASW,CE,Combined TRACON& Tower with Radar,2,77,100,0,179,0,1,49,1,51,2,78,149,1,230,22,0,22,252
03/04/2011,BTR,LA,ASW,CE,Combined TRACON& Tower with Radar,2,73,66,0,141,0,0,7,2,9,2,73,73,2,150,0,0,0,150
03/05/2011,BTR,LA,ASW,CE,Combined TRACON& Tower with Radar,6,57,22,0,85,0,0,2,0,2,6,57,24,0,87,0,0,0,87
03/06/2011,BTR,LA,ASW,CE,Combined TRACON& Tower with Radar,2,63,41,0,106,0,5,61,2,68,2,68,102,2,174,0,0,0,174
03/07/2011,BTR,LA,ASW,CE,Combined TRACON& Tower with Radar,4,64,50,0,118,0,1,36,0,37,4,65,86,0,155,36,0,36,191
03/08/2011,BTR,LA,ASW,CE,Combined TRACON& Tower with Radar,2,61,38,0,101,0,0,3,0,3,2,61,41,0,104,0,0,0,104
03/09/2011,BTR,LA,ASW,CE,Combined TRACON& Tower with Radar,2,70,56,0,128,0,0,19,0,19,2,70,75,0,147,34,0,34,181
03/10/2011,BTR,LA,ASW,CE,Combined TRACON& Tower with Radar,3,82,44,3,132,0,2,62,1,65,3,84,106,4,197,52,0,52,249
03/11/2011,BTR,LA,ASW,CE,Combined TRACON& Tower with Radar,5,70,52,4,131,0,0,70,1,71,5,70,122,5,202,118,0,118,320
03/12/2011,BTR,LA,ASW,CE,Combined TRACON& Tower with Radar,4,58,44,1,107,0,0,70,2,72,4,58,114,3,179,24,0,24,203
03/13/2011,BTR,LA,ASW,CE,Combined TRACON& Tower with Radar,2,57,38,0,97,0,0,25,1,26,2,57,63,1,123,0,0,0,123
03/14/2011,BTR,LA,ASW,CE,Combined TRACON& Tower with Radar,2,64,50,0,116,0,0,13,0,13,2,64,63,0,129,0,0,0,129
03/15/2011,BTR,LA,ASW,CE,Combined TRACON& Tower with Radar,2,64,57,2,125,0,1,59,0,60,2,65,116,2,185,20,0,20,205
03/16/2011,BTR,LA,ASW,CE,Combined TRACON& Tower with Radar,2,66,68,1,137,0,0,65,3,68,2,66,133,4,205,68,0,68,273
03/17/2011,BTR,LA,ASW,CE,Combined TRACON& Tower with Radar,4,69,81,0,154,0,2,34,0,36,4,71,115,0,190,70,0,70,260
03/18/2011,BTR,LA,ASW,CE,Combined TRACON& Tower with Radar,2,75,65,6,148,0,0,46,0,46,2,75,111,6,194,66,0,66,260
03/19/2011,BTR,LA,ASW,CE,Combined TRACON& Tower with Radar,2,59,27,0,88,0,0,57,0,57,2,59,84,0,145,16,0,16,161
03/20/2011,BTR,LA,ASW,CE,Combined TRACON& Tower with Radar,2,60,48,0,110,0,2,54,1,57,2,62,102,1,167,26,0,26,193
03/21/2011,BTR,LA,ASW,CE,Combined TRACON& Tower with Radar,2,63,51,4,120,0,0,45,4,49,2,63,96,8,169,20,2,22,191
03/22/2011,BTR,LA,ASW,CE,Combined TRACON& Tower with Radar,2,63,62,0,127,0,0,53,1,54,2,63,115,1,181,18,0,18,199
03/23/2011,BTR,LA,ASW,CE,Combined TRACON& Tower with Radar,2,72,98,0,172,0,0,31,0,31,2,72,129,0,203,0,0,0,203
03/24/2011,BTR,LA,ASW,CE,Combined TRACON& Tower with Radar,4,77,54,4,139,0,1,67,4,72,4,78,121,8,211,20,0,20,231
03/25/2011,BTR,LA,ASW,CE,Combined TRACON& Tower with Radar,2,73,62,6,143,0,0,42,0,42,2,73,104,6,185,28,0,28,213
03/26/2011,BTR,LA,ASW,CE,Combined TRACON& Tower with Radar,2,57,40,0,99,0,1,21,0,22,2,58,61,0,121,30,0,30,151
03/27/2011,BTR,LA,ASW,CE,Combined TRACON& Tower with Radar,4,57,45,0,106,0,2,21,0,23,4,59,66,0,129,26,0,26,155
03/28/2011,BTR,LA,ASW,CE,Combined TRACON& Tower with Radar,2,65,46,0,113,0,0,33,0,33,2,65,79,0,146,66,0,66,212
03/29/2011,BTR,LA,ASW,CE,Combined TRACON& Tower with Radar,5,62,51,0,118,0,0,45,0,45,5,62,96,0,163,28,0,28,191
03/30/2011,BTR,LA,ASW,CE,Combined TRACON& Tower with Radar,2,65,59,2,128,0,0,4,0,4,2,65,63,2,132,0,0,0,132
03/31/2011,BTR,LA,ASW,CE,Combined TRACON& Tower with Radar,2,76,80,8,166,0,0,43,0,43,2,76,123,8,209,32,0,32,241
04/01/2011,BTR,LA,ASW,CE,Combined TRACON& Tower with Radar,4,77,47,2,130,0,1,53,0,54,4,78,100,2,184,6,0,6,190
04/02/2011,BTR,LA,ASW,CE,Combined TRACON& Tower with Radar,2,59,42,0,103,0,0,46,4,50,2,59,88,4,153,14,0,14,167
04/03/2011,BTR,LA,ASW,CE,Combined TRACON& Tower with Radar,3,59,65,1,128,0,0,27,1,28,3,59,92,2,156,17,2,19,175
04/04/2011,BTR,LA,ASW,CE,Combined TRACON& Tower with Radar,3,60,42,0,105,0,1,4,0,5,3,61,46,0,110,0,0,0,110
04/05/2011,BTR,LA,ASW,CE,Combined TRACON& Tower with Radar,3,73,56,0,132,0,6,56,0,62,3,79,112,0,194,6,0,6,200
04/06/2011,BTR,LA,ASW,CE,Combined TRACON& Tower with Radar,4,81,64,2,151,0,0,45,2,47,4,81,109,4,198,40,0,40,238
04/07/2011,BTR,LA,ASW,CE,Combined TRACON& Tower with Radar,6,79,78,0,163,0,2,50,0,52,6,81,128,0,215,60,0,60,275
04/08/2011,BTR,LA,ASW,CE,Combined TRACON& Tower with Radar,4,82,70,0,156,0,0,70,0,70,4,82,140,0,226,28,0,28,254
04/09/2011,BTR,LA,ASW,CE,Combined TRACON& Tower with Radar,5,48,46,1,100,0,0,43,1,44,5,48,89,2,144,10,0,10,154
04/10/2011,BTR,LA,ASW,CE,Combined TRACON& Tower with Radar,5,63,38,0,106,0,1,41,0,42,5,64,79,0,148,8,0,8,156
04/11/2011,BTR,LA,ASW,CE,Combined TRACON& Tower with Radar,6,75,44,4,129,0,0,12,0,12,6,75,56,4,141,0,0,0,141
04/12/2011,BTR,LA,ASW,CE,Combined TRACON& Tower with Radar,6,72,77,4,159,0,0,65,3,68,6,72,142,7,227,32,0,32,259
04/13/2011,BTR,LA,ASW,CE,Combined TRACON& Tower with Radar,6,69,61,1,137,0,0,83,0,83,6,69,144,1,220,42,0,42,262
04/14/2011,BTR,LA,ASW,CE,Combined TRACON& Tower with Radar,4,81,61,2,148,0,0,37,0,37,4,81,98,2,185,72,0,72,257
04/15/2011,BTR,LA,ASW,CE,Combined TRACON& Tower with Radar,6,64,63,0,133,0,0,9,0,9,6,64,72,0,142,12,0,12,154
04/16/2011,BTR,LA,ASW,CE,Combined TRACON& Tower with Radar,5,52,37,0,94,0,0,41,0,41,5,52,78,0,135,8,0,8,143
04/17/2011,BTR,LA,ASW,CE,Combined TRACON& Tower with Radar,5,53,51,0,109,0,1,38,2,41,5,54,89,2,150,10,0,10,160
04/18/2011,BTR,LA,ASW,CE,Combined TRACON& Tower with Radar,6,65,80,0,151,0,1,32,0,33,6,66,112,0,184,6,0,6,190
04/19/2011,BTR,LA,ASW,CE,Combined TRACON& Tower with Radar,4,65,69,4,142,0,0,41,0,41,4,65,110,4,183,20,0,20,203
04/20/2011,BTR,LA,ASW,CE,Combined TRACON& Tower with Radar,4,62,65,0,131,0,0,40,0,40,4,62,105,0,171,14,0,14,185
04/21/2011,BTR,LA,ASW,CE,Combined TRACON& Tower with Radar,6,78,72,2,158,0,1,36,0,37,6,79,108,2,195,20,0,20,215
04/22/2011,BTR,LA,ASW,CE,Combined TRACON& Tower with Radar,6,74,29,0,109,0,0,38,0,38,6,74,67,0,147,10,0,10,157
04/23/2011,BTR,LA,ASW,CE,Combined TRACON& Tower with Radar,5,48,26,0,79,0,1,22,0,23,5,49,48,0,102,0,0,0,102
04/24/2011,BTR,LA,ASW,CE,Combined TRACON& Tower with Radar,5,50,22,0,77,0,2,12,0,14,5,52,34,0,91,0,0,0,91
04/25/2011,BTR,LA,ASW,CE,Combined TRACON& Tower with Radar,7,58,66,0,131,0,0,29,0,29,7,58,95,0,160,0,0,0,160
04/26/2011,BTR,LA,ASW,CE,Combined TRACON& Tower with Radar,4,64,50,2,120,0,0,10,0,10,4,64,60,2,130,6,0,6,136
04/27/2011,BTR,LA,ASW,CE,Combined TRACON& Tower with Radar,4,64,55,0,123,0,2,9,2,13,4,66,64,2,136,0,0,0,136
04/28/2011,BTR,LA,ASW,CE,Combined TRACON& Tower with Radar,4,83,56,6,149,0,2,56,2,60,4,85,112,8,209,49,2,51,260
04/29/2011,BTR,LA,ASW,CE,Combined TRACON& Tower with Radar,6,83,38,2,129,0,10,63,0,73,6,93,101,2,202,36,0,36,238
04/30/2011,BTR,LA,ASW,CE,Combined TRACON& Tower with Radar,5,52,36,0,93,0,4,20,0,24,5,56,56,0,117,4,0,4,121
05/01/2011,BTR,LA,ASW,CE,Combined TRACON& Tower with Radar,5,54,41,0,100,0,2,17,0,19,5,56,58,0,119,12,0,12,131
05/02/2011,BTR,LA,ASW,CE,Combined TRACON& Tower with Radar,6,60,52,0,118,0,0,33,0,33,6,60,85,0,151,16,0,16,167
05/03/2011,BTR,LA,ASW,CE,Combined TRACON& Tower with Radar,6,62,56,2,126,0,2,13,0,15,6,64,69,2,141,12,0,12,153
05/04/2011,BTR,LA,ASW,CE,Combined TRACON& Tower with Radar,6,61,73,1,141,0,1,82,2,85,6,62,155,3,226,6,0,6,232
05/05/2011,BTR,LA,ASW,CE,Combined TRACON& Tower with Radar,6,72,67,0,145,0,1,59,8,68,6,73,126,8,213,0,0,0,213
05/06/2011,BTR,LA,ASW,CE,Combined TRACON& Tower with Radar,6,68,56,1,131,0,2,70,1,73,6,70,126,2,204,2,0,2,206
05/07/2011,BTR,LA,ASW,CE,Combined TRACON& Tower with Radar,5,44,25,0,74,0,1,41,0,42,5,45,66,0,116,0,0,0,116
05/08/2011,BTR,LA,ASW,CE,Combined TRACON& Tower with Radar,5,60,49,0,114,0,6,30,0,36,5,66,79,0,150,4,0,4,154
05/09/2011,BTR,LA,ASW,CE,Combined TRACON& Tower with Radar,6,64,49,3,122,0,0,25,6,31,6,64,74,9,153,6,0,6,159
05/10/2011,BTR,LA,ASW,CE,Combined TRACON& Tower with Radar,6,60,76,0,142,0,0,40,3,43,6,60,116,3,185,4,0,4,189
05/11/2011,BTR,LA,ASW,CE,Combined TRACON& Tower with Radar,6,60,97,2,165,0,0,67,7,74,6,60,164,9,239,17,0,17,256
05/12/2011,BTR,LA,ASW,CE,Combined TRACON& Tower with Radar,6,76,78,0,160,0,2,65,5,72,6,78,143,5,232,0,0,0,232
05/13/2011,BTR,LA,ASW,CE,Combined TRACON& Tower with Radar,6,75,56,0,137,0,1,39,4,44,6,76,95,4,181,0,0,0,181
05/14/2011,BTR,LA,ASW,CE,Combined TRACON& Tower with Radar,5,54,42,1,102,0,8,71,6,85,5,62,113,7,187,18,0,18,205
05/15/2011,BTR,LA,ASW,CE,Combined TRACON& Tower with Radar,5,54,34,0,93,0,11,75,9,95,5,65,109,9,188,0,0,0,188
05/16/2011,BTR,LA,ASW,CE,Combined TRACON& Tower with Radar,6,66,60,2,134,0,9,79,2,90,6,75,139,4,224,0,0,0,224
05/17/2011,BTR,LA,ASW,CE,Combined TRACON& Tower with Radar,6,59,48,5,118,0,8,68,5,81,6,67,116,10,199,44,0,44,243
05/18/2011,BTR,LA,ASW,CE,Combined TRACON& Tower with Radar,6,65,59,2,132,0,6,72,10,88,6,71,131,12,220,14,0,14,234
05/19/2011,BTR,LA,ASW,CE,Combined TRACON& Tower with Radar,4,68,71,3,146,0,15,42,8,65,4,83,113,11,211,12,0,12,223
05/20/2011,BTR,LA,ASW,CE,Combined TRACON& Tower with Radar,6,69,64,3,142,0,12,55,6,73,6,81,119,9,215,10,0,10,225
05/21/2011,BTR,LA,ASW,CE,Combined TRACON& Tower with Radar,5,47,53,3,108,0,14,48,5,67,5,61,101,8,175,0,0,0,175
05/22/2011,BTR,LA,ASW,CE,Combined TRACON& Tower with Radar,3,58,56,1,118,0,15,27,2,44,3,73,83,3,162,0,0,0,162
05/23/2011,BTR,LA,ASW,CE,Combined TRACON& Tower with Radar,6,59,41,2,108,0,15,37,6,58,6,74,78,8,166,0,0,0,166
05/24/2011,BTR,LA,ASW,CE,Combined TRACON& Tower with Radar,6,62,57,0,125,0,11,56,2,69,6,73,113,2,194,14,0,14,208
05/25/2011,BTR,LA,ASW,CE,Combined TRACON& Tower with Radar,6,66,67,2,141,0,8,36,2,46,6,74,103,4,187,0,0,0,187
05/26/2011,BTR,LA,ASW,CE,Combined TRACON& Tower with Radar,5,62,80,4,151,0,6,37,0,43,5,68,117,4,194,4,0,4,198
05/27/2011,BTR,LA,ASW,CE,Combined TRACON& Tower with Radar,6,84,58,1,149,0,9,69,4,82,6,93,127,5,231,60,0,60,291
05/28/2011,BTR,LA,ASW,CE,Combined TRACON& Tower with Radar,6,57,36,0,99,0,2,43,0,45,6,59,79,0,144,0,0,0,144
05/29/2011,BTR,LA,ASW,CE,Combined TRACON& Tower with Radar,5,56,36,0,97,0,7,39,3,49,5,63,75,3,146,0,0,0,146
05/30/2011,BTR,LA,ASW,CE,Combined TRACON& Tower with Radar,5,60,48,0,113,0,13,41,0,54,5,73,89,0,167,54,0,54,221
05/31/2011,BTR,LA,ASW,CE,Combined TRACON& Tower with Radar,6,62,44,5,117,0,8,48,7,63,6,70,92,12,180,39,0,39,219
06/01/2011,BTR,LA,ASW,CE,Combined TRACON& Tower with Radar,6,63,57,2,128,0,10,62,3,75,6,73,119,5,203,14,0,14,217
06/02/2011,BTR,LA,ASW,CE,Combined TRACON& Tower with Radar,4,73,54,2,133,0,4,59,9,72,4,77,113,11,205,0,0,0,205
06/03/2011,BTR,LA,ASW,CE,Combined TRACON& Tower with Radar,6,73,56,0,135,0,6,51,6,63,6,79,107,6,198,34,0,34,232
06/04/2011,BTR,LA,ASW,CE,Combined TRACON& Tower with Radar,7,42,28,0,77,0,2,68,0,70,7,44,96,0,147,10,2,12,159
06/05/2011,BTR,LA,ASW,CE,Combined TRACON& Tower with Radar,3,53,26,0,82,0,1,24,0,25,3,54,50,0,107,22,0,22,129
06/06/2011,BTR,LA,ASW,CE,Combined TRACON& Tower with Radar,6,73,34,0,113,0,2,21,0,23,6,75,55,0,136,0,0,0,136
06/07/2011,BTR,LA,ASW,CE,Combined TRACON& Tower with Radar,8,63,57,2,130,0,4,47,0,51,8,67,104,2,181,0,0,0,181
06/08/2011,BTR,LA,ASW,CE,Combined TRACON& Tower with Radar,6,55,74,0,135,0,2,32,2,36,6,57,106,2,171,12,0,12,183
06/09/2011,BTR,LA,ASW,CE,Combined TRACON& Tower with Radar,9,58,60,1,128,0,2,47,1,50,9,60,107,2,178,0,0,0,178
06/10/2011,BTR,LA,ASW,CE,Combined TRACON& Tower with Radar,10,67,65,0,142,0,2,52,0,54,10,69,117,0,196,36,0,36,232
06/11/2011,BTR,LA,ASW,CE,Combined TRACON& Tower with Radar,9,38,27,1,75,0,0,68,1,69,9,38,95,2,144,36,0,36,180
06/12/2011,BTR,LA,ASW,CE,Combined TRACON& Tower with Radar,10,44,46,0,100,0,0,25,0,25,10,44,71,0,125,18,0,18,143
06/13/2011,BTR,LA,ASW,CE,Combined TRACON& Tower with Radar,7,54,46,0,107,0,0,62,0,62,7,54,108,0,169,18,0,18,187
06/14/2011,BTR,LA,ASW,CE,Combined TRACON& Tower with Radar,9,69,49,0,127,0,4,49,2,55,9,73,98,2,182,22,0,22,204
06/15/2011,BTR,LA,ASW,CE,Combined TRACON& Tower with Radar,8,68,52,1,129,0,5,70,1,76,8,73,122,2,205,20,0,20,225
06/16/2011,BTR,LA,ASW,CE,Combined TRACON& Tower with Radar,8,60,57,0,125,0,1,61,0,62,8,61,118,0,187,10,0,10,197
06/17/2011,BTR,LA,ASW,CE,Combined TRACON& Tower with Radar,9,63,47,0,119,0,1,41,0,42,9,64,88,0,161,4,0,4,165
06/18/2011,BTR,LA,ASW,CE,Combined TRACON& Tower with Radar,9,42,37,0,88,0,0,27,0,27,9,42,64,0,115,28,0,28,143
06/19/2011,BTR,LA,ASW,CE,Combined TRACON& Tower with Radar,11,45,26,0,82,0,0,22,0,22,11,45,48,0,104,4,0,4,108
06/20/2011,BTR,LA,ASW,CE,Combined TRACON& Tower with Radar,10,55,51,6,122,0,0,37,0,37,10,55,88,6,159,0,0,0,159
06/21/2011,BTR,LA,ASW,CE,Combined TRACON& Tower with Radar,9,57,50,1,117,0,0,24,0,24,9,57,74,1,141,14,0,14,155
06/22/2011,BTR,LA,ASW,CE,Combined TRACON& Tower with Radar,6,47,45,0,98,0,0,14,0,14,6,47,59,0,112,8,0,8,120
06/23/2011,BTR,LA,ASW,CE,Combined TRACON& Tower with Radar,8,64,86,0,158,0,0,20,0,20,8,64,106,0,178,34,0,34,212
06/24/2011,BTR,LA,ASW,CE,Combined TRACON& Tower with Radar,10,63,40,0,113,0,0,56,0,56,10,63,96,0,169,22,0,22,191
06/25/2011,BTR,LA,ASW,CE,Combined TRACON& Tower with Radar,8,48,32,0,88,0,0,27,0,27,8,48,59,0,115,2,0,2,117
06/26/2011,BTR,LA,ASW,CE,Combined TRACON& Tower with Radar,12,45,43,0,100,0,2,45,0,47,12,47,88,0,147,46,0,46,193
06/27/2011,BTR,LA,ASW,CE,Combined TRACON& Tower with Radar,14,52,76,4,146,0,2,58,2,62,14,54,134,6,208,10,0,10,218
06/28/2011,BTR,LA,ASW,CE,Combined TRACON& Tower with Radar,9,62,70,7,148,0,0,58,6,64,9,62,128,13,212,16,4,20,232
06/29/2011,BTR,LA,ASW,CE,Combined TRACON& Tower with Radar,10,62,53,0,125,0,0,46,0,46,10,62,99,0,171,4,0,4,175
06/30/2011,BTR,LA,ASW,CE,Combined TRACON& Tower with Radar,7,57,51,1,116,0,0,36,1,37,7,57,87,2,153,34,0,34,187
07/01/2011,BTR,LA,ASW,CE,Combined TRACON& Tower with Radar,8,63,54,0,125,0,0,72,1,73,8,63,126,1,198,18,0,18,216
07/02/2011,BTR,LA,ASW,CE,Combined TRACON& Tower with Radar,6,38,36,0,80,0,0,38,0,38,6,38,74,0,118,8,0,8,126
07/03/2011,BTR,LA,ASW,CE,Combined TRACON& Tower with Radar,3,29,21,0,53,0,0,20,0,20,3,29,41,0,73,16,2,18,91
07/04/2011,BTR,LA,ASW,CE,Combined TRACON& Tower with Radar,7,49,23,2,81,0,0,49,0,49,7,49,72,2,130,22,0,22,152
07/05/2011,BTR,LA,ASW,CE,Combined TRACON& Tower with Radar,7,62,51,0,120,0,0,42,2,44,7,62,93,2,164,65,0,65,229
07/06/2011,BTR,LA,ASW,CE,Combined TRACON& Tower with Radar,6,62,56,4,128,0,1,46,0,47,6,63,102,4,175,16,0,16,191
07/07/2011,BTR,LA,ASW,CE,Combined TRACON& Tower with Radar,6,68,65,0,139,0,0,47,0,47,6,68,112,0,186,0,0,0,186
07/08/2011,BTR,LA,ASW,CE,Combined TRACON& Tower with Radar,8,61,56,0,125,0,0,67,0,67,8,61,123,0,192,22,0,22,214
07/09/2011,BTR,LA,ASW,CE,Combined TRACON& Tower with Radar,7,51,29,5,92,0,0,49,0,49,7,51,78,5,141,57,0,57,198
07/10/2011,BTR,LA,ASW,CE,Combined TRACON& Tower with Radar,3,60,37,3,103,0,1,30,2,33,3,61,67,5,136,9,0,9,145
07/11/2011,BTR,LA,ASW,CE,Combined TRACON& Tower with Radar,8,60,50,0,118,0,0,48,0,48,8,60,98,0,166,10,0,10,176
07/12/2011,BTR,LA,ASW,CE,Combined TRACON& Tower with Radar,7,55,61,0,123,0,0,34,0,34,7,55,95,0,157,14,0,14,171
07/13/2011,BTR,LA,ASW,CE,Combined TRACON& Tower with Radar,6,64,54,2,126,0,0,46,0,46,6,64,100,2,172,64,0,64,236
07/14/2011,BTR,LA,ASW,CE,Combined TRACON& Tower with Radar,6,61,62,0,129,0,1,36,2,39,6,62,98,2,168,2,0,2,170
07/15/2011,BTR,LA,ASW,CE,Combined TRACON& Tower with Radar,7,60,31,4,102,0,2,17,0,19,7,62,48,4,121,0,0,0,121
07/16/2011,BTR,LA,ASW,CE,Combined TRACON& Tower with Radar,9,45,24,0,78,0,0,43,1,44,9,45,67,1,122,18,0,18,140
07/17/2011,BTR,LA,ASW,CE,Combined TRACON& Tower with Radar,3,61,44,2,110,0,0,39,0,39,3,61,83,2,149,40,0,40,189
07/18/2011,BTR,LA,ASW,CE,Combined TRACON& Tower with Radar,7,61,44,0,112,0,0,7,0,7,7,61,51,0,119,0,0,0,119
07/19/2011,BTR,LA,ASW,CE,Combined TRACON& Tower with Radar,6,65,75,0,146,0,0,57,0,57,6,65,132,0,203,0,0,0,203
07/20/2011,BTR,LA,ASW,CE,Combined TRACON& Tower with Radar,6,66,69,4,145,0,0,32,0,32,6,66,101,4,177,66,0,66,243
07/21/2011,BTR,LA,ASW,CE,Combined TRACON& Tower with Radar,6,60,51,0,117,0,2,53,4,59,6,62,104,4,176,56,0,56,232
07/22/2011,BTR,LA,ASW,CE,Combined TRACON& Tower with Radar,8,60,79,0,147,0,0,57,2,59,8,60,136,2,206,2,0,2,208
07/23/2011,BTR,LA,ASW,CE,Combined TRACON& Tower with Radar,5,48,29,0,82,0,0,55,0,55,5,48,84,0,137,20,0,20,157
07/24/2011,BTR,LA,ASW,CE,Combined TRACON& Tower with Radar,3,48,32,0,83,0,0,14,1,15,3,48,46,1,98,20,0,20,118
07/25/2011,BTR,LA,ASW,CE,Combined TRACON& Tower with Radar,13,56,50,0,119,0,3,33,0,36,13,59,83,0,155,130,0,130,285
07/26/2011,BTR,LA,ASW,CE,Combined TRACON& Tower with Radar,5,61,54,0,120,0,1,28,0,29,5,62,82,0,149,18,0,18,167
07/27/2011,BTR,LA,ASW,CE,Combined TRACON& Tower with Radar,6,66,68,1,141,0,0,16,0,16,6,66,84,1,157,18,0,18,175
07/28/2011,BTR,LA,ASW,CE,Combined TRACON& Tower with Radar,6,57,65,0,128,0,3,31,0,34,6,60,96,0,162,22,0,22,184
07/29/2011,BTR,LA,ASW,CE,Combined TRACON& Tower with Radar,8,63,57,2,130,0,0,46,0,46,8,63,103,2,176,6,0,6,182
07/30/2011,BTR,LA,ASW,CE,Combined TRACON& Tower with Radar,7,43,30,0,80,0,0,37,0,37,7,43,67,0,117,19,0,19,136
07/31/2011,BTR,LA,ASW,CE,Combined TRACON& Tower with Radar,3,57,22,0,82,0,1,30,0,31,3,58,52,0,113,14,0,14,127
08/01/2011,BTR,LA,ASW,CE,Combined TRACON& Tower with Radar,6,60,42,1,109,0,1,26,0,27,6,61,68,1,136,0,0,0,136
08/02/2011,BTR,LA,ASW,CE,Combined TRACON& Tower with Radar,6,68,40,0,114,0,0,61,4,65,6,68,101,4,179,2,0,2,181
08/03/2011,BTR,LA,ASW,CE,Combined TRACON& Tower with Radar,6,68,58,1,133,0,0,45,0,45,6,68,103,1,178,19,0,19,197
08/04/2011,BTR,LA,ASW,CE,Combined TRACON& Tower with Radar,6,71,60,16,153,0,0,70,3,73,6,71,130,19,226,2,0,2,228
08/05/2011,BTR,LA,ASW,CE,Combined TRACON& Tower with Radar,6,63,46,1,116,0,0,48,1,49,6,63,94,2,165,22,0,22,187
08/06/2011,BTR,LA,ASW,CE,Combined TRACON& Tower with Radar,5,43,25,0,73,0,0,54,2,56,5,43,79,2,129,34,0,34,163
08/07/2011,BTR,LA,ASW,CE,Combined TRACON& Tower with Radar,4,52,28,0,84,0,0,29,0,29,4,52,57,0,113,18,0,18,131
08/08/2011,BTR,LA,ASW,CE,Combined TRACON& Tower with Radar,7,55,49,0,111,0,0,50,0,50,7,55,99,0,161,6,0,6,167
08/09/2011,BTR,LA,ASW,CE,Combined TRACON& Tower with Radar,6,65,65,2,138,0,0,78,1,79,6,65,143,3,217,28,0,28,245
08/10/2011,BTR,LA,ASW,CE,Combined TRACON& Tower with Radar,6,72,61,0,139,0,1,60,4,65,6,73,121,4,204,36,0,36,240
08/11/2011,BTR,LA,ASW,CE,Combined TRACON& Tower with Radar,6,73,64,0,143,0,10,50,0,60,6,83,114,0,203,12,0,12,215
08/12/2011,BTR,LA,ASW,CE,Combined TRACON& Tower with Radar,6,73,46,2,127,0,0,49,0,49,6,73,95,2,176,25,0,25,201
08/13/2011,BTR,LA,ASW,CE,Combined TRACON& Tower with Radar,5,44,24,0,73,0,0,38,0,38,5,44,62,0,111,52,0,52,163
08/14/2011,BTR,LA,ASW,CE,Combined TRACON& Tower with Radar,3,55,25,0,83,0,0,29,0,29,3,55,54,0,112,8,0,8,120
08/15/2011,BTR,LA,ASW,CE,Combined TRACON& Tower with Radar,6,64,53,0,123,0,0,73,0,73,6,64,126,0,196,62,0,62,258
08/16/2011,BTR,LA,ASW,CE,Combined TRACON& Tower with Radar,8,57,55,0,120,0,0,91,0,91,8,57,146,0,211,14,0,14,225
08/17/2011,BTR,LA,ASW,CE,Combined TRACON& Tower with Radar,9,59,56,2,126,0,0,57,0,57,9,59,113,2,183,20,0,20,203
08/18/2011,BTR,LA,ASW,CE,Combined TRACON& Tower with Radar,12,61,81,0,154,0,0,83,0,83,12,61,164,0,237,4,0,4,241
08/19/2011,BTR,LA,ASW,CE,Combined TRACON& Tower with Radar,12,55,71,0,138,0,1,49,0,50,12,56,120,0,188,0,0,0,188
08/20/2011,BTR,LA,ASW,CE,Combined TRACON& Tower with Radar,11,35,30,0,76,0,0,58,0,58,11,35,88,0,134,24,0,24,158
08/21/2011,BTR,LA,ASW,CE,Combined TRACON& Tower with Radar,7,40,24,0,71,0,0,26,0,26,7,40,50,0,97,14,0,14,111
08/22/2011,BTR,LA,ASW,CE,Combined TRACON& Tower with Radar,12,49,42,2,105,0,0,39,1,40,12,49,81,3,145,0,0,0,145
08/23/2011,BTR,LA,ASW,CE,Combined TRACON& Tower with Radar,9,53,50,1,113,0,2,42,0,44,9,55,92,1,157,50,0,50,207
08/24/2011,BTR,LA,ASW,CE,Combined TRACON& Tower with Radar,11,56,53,2,122,0,0,55,0,55,11,56,108,2,177,40,0,40,217
08/25/2011,BTR,LA,ASW,CE,Combined TRACON& Tower with Radar,12,66,75,0,153,0,0,69,0,69,12,66,144,0,222,32,0,32,254
08/26/2011,BTR,LA,ASW,CE,Combined TRACON& Tower with Radar,12,60,62,4,138,0,3,65,0,68,12,63,127,4,206,38,0,38,244
08/27/2011,BTR,LA,ASW,CE,Combined TRACON& Tower with Radar,11,34,20,0,65,0,0,52,2,54,11,34,72,2,119,36,0,36,155
08/28/2011,BTR,LA,ASW,CE,Combined TRACON& Tower with Radar,6,51,35,0,92,0,0,60,0,60,6,51,95,0,152,43,0,43,195
08/29/2011,BTR,LA,ASW,CE,Combined TRACON& Tower with Radar,8,52,42,4,106,0,1,63,0,64,8,53,105,4,170,12,0,12,182
08/30/2011,BTR,LA,ASW,CE,Combined TRACON& Tower with Radar,8,50,65,0,123,0,0,59,0,59,8,50,124,0,182,14,0,14,196
08/31/2011,BTR,LA,ASW,CE,Combined TRACON& Tower with Radar,8,54,68,0,130,0,1,40,2,43,8,55,108,2,173,4,0,4,177
09/01/2011,BTR,LA,ASW,CE,Combined TRACON& Tower with Radar,6,46,66,0,118,0,0,36,1,37,6,46,102,1,155,6,0,6,161
09/02/2011,BTR,LA,ASW,CE,Combined TRACON& Tower with Radar,16,66,68,2,152,0,0,8,1,9,16,66,76,3,161,0,0,0,161
09/03/2011,BTR,LA,ASW,CE,Combined TRACON& Tower with Radar,4,21,8,0,33,0,0,0,0,0,4,21,8,0,33,0,0,0,33
09/04/2011,BTR,LA,ASW,CE,Combined TRACON& Tower with Radar,5,33,36,0,74,0,0,0,0,0,5,33,36,0,74,0,0,0,74
09/05/2011,BTR,LA,ASW,CE,Combined TRACON& Tower with Radar,5,55,34,0,94,0,0,8,0,8,5,55,42,0,102,0,0,0,102
09/06/2011,BTR,LA,ASW,CE,Combined TRACON& Tower with Radar,8,57,57,0,122,0,6,55,0,61,8,63,112,0,183,30,0,30,213
09/07/2011,BTR,LA,ASW,CE,Combined TRACON& Tower with Radar,10,61,49,3,123,0,0,53,2,55,10,61,102,5,178,18,0,18,196
09/08/2011,BTR,LA,ASW,CE,Combined TRACON& Tower with Radar,10,59,70,0,139,0,2,61,0,63,10,61,131,0,202,12,0,12,214
09/09/2011,BTR,LA,ASW,CE,Combined TRACON& Tower with Radar,12,62,68,2,144,0,0,57,2,59,12,62,125,4,203,16,0,16,219
09/10/2011,BTR,LA,ASW,CE,Combined TRACON& Tower with Radar,9,43,46,0,98,0,1,70,0,71,9,44,116,0,169,20,0,20,189
09/11/2011,BTR,LA,ASW,CE,Combined TRACON& Tower with Radar,9,47,32,8,96,0,4,36,0,40,9,51,68,8,136,24,8,32,168
09/12/2011,BTR,LA,ASW,CE,Combined TRACON& Tower with Radar,11,49,50,0,110,22,0,54,0,76,33,49,104,0,186,8,0,8,194
09/13/2011,BTR,LA,ASW,CE,Combined TRACON& Tower with Radar,9,43,61,2,115,6,0,77,0,83,15,43,138,2,198,14,0,14,212
09/14/2011,BTR,LA,ASW,CE,Combined TRACON& Tower with Radar,12,62,63,2,139,0,0,45,0,45,12,62,108,2,184,98,0,98,282
09/15/2011,BTR,LA,ASW,CE,Combined TRACON& Tower with Radar,9,64,91,2,166,0,0,23,0,23,9,64,114,2,189,24,0,24,213
09/16/2011,BTR,LA,ASW,CE,Combined TRACON& Tower with Radar,11,65,74,1,151,0,4,60,0,64,11,69,134,1,215,80,0,80,295
09/17/2011,BTR,LA,ASW,CE,Combined TRACON& Tower with Radar,8,32,24,0,64,0,2,98,0,100,8,34,122,0,164,107,0,107,271
09/18/2011,BTR,LA,ASW,CE,Combined TRACON& Tower with Radar,8,50,36,0,94,0,0,20,0,20,8,50,56,0,114,56,0,56,170
09/19/2011,BTR,LA,ASW,CE,Combined TRACON& Tower with Radar,8,54,35,0,97,0,0,35,0,35,8,54,70,0,132,16,0,16,148
09/20/2011,BTR,LA,ASW,CE,Combined TRACON& Tower with Radar,10,50,60,3,123,0,0,76,1,77,10,50,136,4,200,96,0,96,296
09/21/2011,BTR,LA,ASW,CE,Combined TRACON& Tower with Radar,10,63,63,3,139,0,2,63,1,66,10,65,126,4,205,52,6,58,263
09/22/2011,BTR,LA,ASW,CE,Combined TRACON& Tower with Radar,9,64,70,1,144,0,0,75,1,76,9,64,145,2,220,20,4,24,244
09/23/2011,BTR,LA,ASW,CE,Combined TRACON& Tower with Radar,15,67,72,0,154,0,0,68,0,68,15,67,140,0,222,44,0,44,266
09/24/2011,BTR,LA,ASW,CE,Combined TRACON& Tower with Radar,8,37,33,0,78,0,0,44,0,44,8,37,77,0,122,62,0,62,184
09/25/2011,BTR,LA,ASW,CE,Combined TRACON& Tower with Radar,11,43,44,0,98,0,0,45,0,45,11,43,89,0,143,56,0,56,199
09/26/2011,BTR,LA,ASW,CE,Combined TRACON& Tower with Radar,10,58,37,4,109,0,1,70,3,74,10,59,107,7,183,24,0,24,207
09/27/2011,BTR,LA,ASW,CE,Combined TRACON& Tower with Radar,10,49,67,4,130,0,1,69,0,70,10,50,136,4,200,20,4,24,224
09/28/2011,BTR,LA,ASW,CE,Combined TRACON& Tower with Radar,9,55,64,0,128,0,0,18,0,18,9,55,82,0,146,4,0,4,150
09/29/2011,BTR,LA,ASW,CE,Combined TRACON& Tower with Radar,13,65,60,0,138,0,0,57,0,57,13,65,117,0,195,42,0,42,237
09/30/2011,BTR,LA,ASW,CE,Combined TRACON& Tower with Radar,12,61,53,2,128,0,2,62,2,66,12,63,115,4,194,2,2,4,198
10/01/2011,BTR,LA,ASW,CE,Combined TRACON& Tower with Radar,8,49,53,0,110,0,2,81,0,83,8,51,134,0,193,18,0,18,211
10/02/2011,BTR,LA,ASW,CE,Combined TRACON& Tower with Radar,6,52,29,0,87,0,0,66,0,66,6,52,95,0,153,70,0,70,223
10/03/2011,BTR,LA,ASW,CE,Combined TRACON& Tower with Radar,8,61,56,3,128,0,3,56,1,60,8,64,112,4,188,64,0,64,252
10/04/2011,BTR,LA,ASW,CE,Combined TRACON& Tower with Radar,8,48,42,4,102,0,0,74,0,74,8,48,116,4,176,44,4,48,224
10/05/2011,BTR,LA,ASW,CE,Combined TRACON& Tower with Radar,8,57,40,0,105,0,2,40,2,44,8,59,80,2,149,50,0,50,199
10/06/2011,BTR,LA,ASW,CE,Combined TRACON& Tower with Radar,8,61,54,2,125,0,0,79,2,81,8,61,133,4,206,40,2,42,248
10/07/2011,BTR,LA,ASW,CE,Combined TRACON& Tower with Radar,9,70,71,0,150,0,0,62,2,64,9,70,133,2,214,46,0,46,260
10/08/2011,BTR,LA,ASW,CE,Combined TRACON& Tower with Radar,5,54,92,0,151,0,14,66,0,80,5,68,158,0,231,18,0,18,249
10/09/2011,BTR,LA,ASW,CE,Combined TRACON& Tower with Radar,10,43,65,0,118,0,0,65,0,65,10,43,130,0,183,72,0,72,255
10/10/2011,BTR,LA,ASW,CE,Combined TRACON& Tower with Radar,8,58,63,0,129,0,0,57,0,57,8,58,120,0,186,32,0,32,218
10/11/2011,BTR,LA,ASW,CE,Combined TRACON& Tower with Radar,7,47,72,3,129,0,0,52,1,53,7,47,124,4,182,24,1,25,207
10/12/2011,BTR,LA,ASW,CE,Combined TRACON& Tower with Radar,9,64,78,2,153,0,0,42,2,44,9,64,120,4,197,80,4,84,281
10/13/2011,BTR,LA,ASW,CE,Combined TRACON& Tower with Radar,8,64,58,8,138,0,0,67,0,67,8,64,125,8,205,10,0,10,215
10/14/2011,BTR,LA,ASW,CE,Combined TRACON& Tower with Radar,14,59,63,0,136,0,0,59,2,61,14,59,122,2,197,142,0,142,339
10/15/2011,BTR,LA,ASW,CE,Combined TRACON& Tower with Radar,8,45,25,0,78,0,3,64,0,67,8,48,89,0,145,42,0,42,187
10/16/2011,BTR,LA,ASW,CE,Combined TRACON& Tower with Radar,8,51,46,0,105,0,2,61,0,63,8,53,107,0,168,31,0,31,199
10/17/2011,BTR,LA,ASW,CE,Combined TRACON& Tower with Radar,8,59,51,0,118,0,0,55,0,55,8,59,106,0,173,28,0,28,201
10/18/2011,BTR,LA,ASW,CE,Combined TRACON& Tower with Radar,8,45,64,0,117,0,0,14,0,14,8,45,78,0,131,0,0,0,131
10/19/2011,BTR,LA,ASW,CE,Combined TRACON& Tower with Radar,8,52,56,0,116,0,0,47,4,51,8,52,103,4,167,76,0,76,243
10/20/2011,BTR,LA,ASW,CE,Combined TRACON& Tower with Radar,7,66,76,7,156,3,2,57,0,62,10,68,133,7,218,36,4,40,258
10/21/2011,BTR,LA,ASW,CE,Combined TRACON& Tower with Radar,10,66,92,7,175,0,0,91,1,92,10,66,183,8,267,118,0,118,385
10/22/2011,BTR,LA,ASW,CE,Combined TRACON& Tower with Radar,5,50,102,0,157,0,0,74,0,74,5,50,176,0,231,6,0,6,237
10/23/2011,BTR,LA,ASW,CE,Combined TRACON& Tower with Radar,6,64,63,1,134,0,0,45,0,45,6,64,108,1,179,6,0,6,185
10/24/2011,BTR,LA,ASW,CE,Combined TRACON& Tower with Radar,10,59,58,2,129,0,0,46,0,46,10,59,104,2,175,90,0,90,265
10/25/2011,BTR,LA,ASW,CE,Combined TRACON& Tower with Radar,6,53,43,0,102,0,0,86,0,86,6,53,129,0,188,20,0,20,208
10/26/2011,BTR,LA,ASW,CE,Combined TRACON& Tower with Radar,8,60,53,0,121,0,2,46,0,48,8,62,99,0,169,87,0,87,256
10/27/2011,BTR,LA,ASW,CE,Combined TRACON& Tower with Radar,8,67,83,0,158,0,2,50,2,54,8,69,133,2,212,46,0,46,258
10/28/2011,BTR,LA,ASW,CE,Combined TRACON& Tower with Radar,8,59,72,0,139,0,0,15,0,15,8,59,87,0,154,86,0,86,240
10/29/2011,BTR,LA,ASW,CE,Combined TRACON& Tower with Radar,4,47,25,0,76,0,2,46,0,48,4,49,71,0,124,10,0,10,134
10/30/2011,BTR,LA,ASW,CE,Combined TRACON& Tower with Radar,6,54,24,1,85,0,0,51,0,51,6,54,75,1,136,75,0,75,211
10/31/2011,BTR,LA,ASW,CE,Combined TRACON& Tower with Radar,6,55,42,8,111,0,2,74,1,77,6,57,116,9,188,104,10,114,302
11/01/2011,BTR,LA,ASW,CE,Combined TRACON& Tower with Radar,8,55,54,2,119,0,1,71,0,72,8,56,125,2,191,94,0,94,285
11/02/2011,BTR,LA,ASW,CE,Combined TRACON& Tower with Radar,10,58,54,0,122,1,2,53,0,56,11,60,107,0,178,65,0,65,243
11/03/2011,BTR,LA,ASW,CE,Combined TRACON& Tower with Radar,8,65,82,1,156,0,1,29,0,30,8,66,111,1,186,72,0,72,258
11/04/2011,BTR,LA,ASW,CE,Combined TRACON& Tower with Radar,10,75,63,0,148,0,1,88,0,89,10,76,151,0,237,106,0,106,343
11/05/2011,BTR,LA,ASW,CE,Combined TRACON& Tower with Radar,4,40,37,6,87,0,1,51,0,52,4,41,88,6,139,50,0,50,189
11/06/2011,BTR,LA,ASW,CE,Combined TRACON& Tower with Radar,7,55,42,0,104,0,0,32,0,32,7,55,74,0,136,34,0,34,170
11/07/2011,BTR,LA,ASW,CE,Combined TRACON& Tower with Radar,13,62,45,0,120,0,0,32,0,32,13,62,77,0,152,74,0,74,226
11/08/2011,BTR,LA,ASW,CE,Combined TRACON& Tower with Radar,12,42,69,0,123,0,0,20,0,20,12,42,89,0,143,42,0,42,185
11/09/2011,BTR,LA,ASW,CE,Combined TRACON& Tower with Radar,10,64,68,1,143,0,0,40,0,40,10,64,108,1,183,34,0,34,217
11/10/2011,BTR,LA,ASW,CE,Combined TRACON& Tower with Radar,12,64,65,6,147,0,0,47,0,47,12,64,112,6,194,26,0,26,220
11/11/2011,BTR,LA,ASW,CE,Combined TRACON& Tower with Radar,14,63,69,2,148,0,0,62,0,62,14,63,131,2,210,18,0,18,228
11/12/2011,BTR,LA,ASW,CE,Combined TRACON& Tower with Radar,10,53,44,0,107,0,0,70,2,72,10,53,114,2,179,24,8,32,211
11/13/2011,BTR,LA,ASW,CE,Combined TRACON& Tower with Radar,8,54,27,0,89,0,0,42,0,42,8,54,69,0,131,0,0,0,131
11/14/2011,BTR,LA,ASW,CE,Combined TRACON& Tower with Radar,13,52,41,2,108,0,0,31,0,31,13,52,72,2,139,44,0,44,183
11/15/2011,BTR,LA,ASW,CE,Combined TRACON& Tower with Radar,12,45,38,4,99,0,1,20,0,21,12,46,58,4,120,10,0,10,130
11/16/2011,BTR,LA,ASW,CE,Combined TRACON& Tower with Radar,11,48,71,0,130,0,0,37,0,37,11,48,108,0,167,58,0,58,225
11/17/2011,BTR,LA,ASW,CE,Combined TRACON& Tower with Radar,12,58,58,1,129,0,4,80,4,88,12,62,138,5,217,60,0,60,277
11/18/2011,BTR,LA,ASW,CE,Combined TRACON& Tower with Radar,13,65,55,5,138,0,0,65,1,66,13,65,120,6,204,48,0,48,252
11/19/2011,BTR,LA,ASW,CE,Combined TRACON& Tower with Radar,8,35,37,0,80,0,0,43,0,43,8,35,80,0,123,28,0,28,151
11/20/2011,BTR,LA,ASW,CE,Combined TRACON& Tower with Radar,8,57,63,8,136,0,0,15,0,15,8,57,78,8,151,26,12,38,189
11/21/2011,BTR,LA,ASW,CE,Combined TRACON& Tower with Radar,11,46,56,1,114,0,0,26,0,26,11,46,82,1,140,28,0,28,168
11/22/2011,BTR,LA,ASW,CE,Combined TRACON& Tower with Radar,11,51,46,0,108,0,0,9,0,9,11,51,55,0,117,0,0,0,117
11/23/2011,BTR,LA,ASW,CE,Combined TRACON& Tower with Radar,14,61,47,2,124,0,3,48,0,51,14,64,95,2,175,18,0,18,193
11/24/2011,BTR,LA,ASW,CE,Combined TRACON& Tower with Radar,13,30,14,0,57,0,0,16,1,17,13,30,30,1,74,0,0,0,74
11/25/2011,BTR,LA,ASW,CE,Combined TRACON& Tower with Radar,13,44,197,0,254,0,1,59,0,60,13,45,256,0,314,0,0,0,314
11/26/2011,BTR,LA,ASW,CE,Combined TRACON& Tower with Radar,10,44,21,0,75,0,0,1,0,1,10,44,22,0,76,6,0,6,82
11/27/2011,BTR,LA,ASW,CE,Combined TRACON& Tower with Radar,16,46,59,0,121,0,0,1,0,1,16,46,60,0,122,0,0,0,122
11/28/2011,BTR,LA,ASW,CE,Combined TRACON& Tower with Radar,15,50,46,0,111,0,0,47,0,47,15,50,93,0,158,0,0,0,158
11/29/2011,BTR,LA,ASW,CE,Combined TRACON& Tower with Radar,12,45,60,0,117,0,2,66,0,68,12,47,126,0,185,42,0,42,227
11/30/2011,BTR,LA,ASW,CE,Combined TRACON& Tower with Radar,11,58,52,0,121,0,1,61,0,62,11,59,113,0,183,32,0,32,215
12/01/2011,BTR,LA,ASW,CE,Combined TRACON& Tower with Radar,14,60,61,2,137,0,0,50,0,50,14,60,111,2,187,4,0,4,191
12/02/2011,BTR,LA,ASW,CE,Combined TRACON& Tower with Radar,18,63,62,0,143,0,3,58,2,63,18,66,120,2,206,36,0,36,242
12/03/2011,BTR,LA,ASW,CE,Combined TRACON& Tower with Radar,9,38,60,0,107,0,0,33,0,33,9,38,93,0,140,58,0,58,198
12/04/2011,BTR,LA,ASW,CE,Combined TRACON& Tower with Radar,12,49,49,0,110,0,0,9,0,9,12,49,58,0,119,32,0,32,151
12/05/2011,BTR,LA,ASW,CE,Combined TRACON& Tower with Radar,12,47,35,0,94,0,0,4,0,4,12,47,39,0,98,0,0,0,98
12/06/2011,BTR,LA,ASW,CE,Combined TRACON& Tower with Radar,12,48,75,0,135,0,0,1,0,1,12,48,76,0,136,0,0,0,136
12/07/2011,BTR,LA,ASW,CE,Combined TRACON& Tower with Radar,11,57,68,10,146,0,0,36,2,38,11,57,104,12,184,0,0,0,184
12/08/2011,BTR,LA,ASW,CE,Combined TRACON& Tower with Radar,11,73,53,4,141,0,2,49,1,52,11,75,102,5,193,70,0,70,263
12/09/2011,BTR,LA,ASW,CE,Combined TRACON& Tower with Radar,12,60,47,0,119,0,0,46,1,47,12,60,93,1,166,16,0,16,182
12/10/2011,BTR,LA,ASW,CE,Combined TRACON& Tower with Radar,8,39,23,6,76,0,1,43,0,44,8,40,66,6,120,30,0,30,150
12/11/2011,BTR,LA,ASW,CE,Combined TRACON& Tower with Radar,8,46,35,0,89,0,4,36,0,40,8,50,71,0,129,16,0,16,145
12/12/2011,BTR,LA,ASW,CE,Combined TRACON& Tower with Radar,12,53,42,8,115,0,1,31,0,32,12,54,73,8,147,46,0,46,193
12/13/2011,BTR,LA,ASW,CE,Combined TRACON& Tower with Radar,12,54,80,0,146,0,3,36,6,45,12,57,116,6,191,32,0,32,223
12/14/2011,BTR,LA,ASW,CE,Combined TRACON& Tower with Radar,10,57,62,0,129,0,2,26,0,28,10,59,88,0,157,82,0,82,239
12/15/2011,BTR,LA,ASW,CE,Combined TRACON& Tower with Radar,8,65,64,7,144,0,4,8,3,15,8,69,72,10,159,0,0,0,159
12/16/2011,BTR,LA,ASW,CE,Combined TRACON& Tower with Radar,9,55,47,0,111,0,0,5,0,5,9,55,52,0,116,0,0,0,116
12/17/2011,BTR,LA,ASW,CE,Combined TRACON& Tower with Radar,9,40,26,6,81,0,4,57,0,61,9,44,83,6,142,16,0,16,158
12/18/2011,BTR,LA,ASW,CE,Combined TRACON& Tower with Radar,9,45,27,12,93,0,5,53,0,58,9,50,80,12,151,20,4,24,175
12/19/2011,BTR,LA,ASW,CE,Combined TRACON& Tower with Radar,8,55,51,0,114,0,2,48,0,50,8,57,99,0,164,32,0,32,196
12/20/2011,BTR,LA,ASW,CE,Combined TRACON& Tower with Radar,8,51,22,0,81,0,0,4,0,4,8,51,26,0,85,0,0,0,85
12/21/2011,BTR,LA,ASW,CE,Combined TRACON& Tower with Radar,8,54,56,0,118,0,0,40,0,40,8,54,96,0,158,0,0,0,158
12/22/2011,BTR,LA,ASW,CE,Combined TRACON& Tower with Radar,8,50,13,0,71,0,0,1,0,1,8,50,14,0,72,0,0,0,72
12/23/2011,BTR,LA,ASW,CE,Combined TRACON& Tower with Radar,8,60,48,2,118,0,0,16,0,16,8,60,64,2,134,16,0,16,150
12/24/2011,BTR,LA,ASW,CE,Combined TRACON& Tower with Radar,6,36,16,0,58,0,0,8,0,8,6,36,24,0,66,0,0,0,66
12/25/2011,BTR,LA,ASW,CE,Combined TRACON& Tower with Radar,6,43,7,0,56,0,0,0,0,0,6,43,7,0,56,0,0,0,56
12/26/2011,BTR,LA,ASW,CE,Combined TRACON& Tower with Radar,8,57,31,0,96,0,0,0,0,0,8,57,31,0,96,0,0,0,96
12/27/2011,BTR,LA,ASW,CE,Combined TRACON& Tower with Radar,8,52,29,0,89,0,0,35,0,35,8,52,64,0,124,0,0,0,124
12/28/2011,BTR,LA,ASW,CE,Combined TRACON& Tower with Radar,8,54,54,0,116,0,0,49,0,49,8,54,103,0,165,19,0,19,184
12/29/2011,BTR,LA,ASW,CE,Combined TRACON& Tower with Radar,6,59,36,0,101,0,0,42,0,42,6,59,78,0,143,28,0,28,171
12/30/2011,BTR,LA,ASW,CE,Combined TRACON& Tower with Radar,8,58,43,0,109,0,0,47,2,49,8,58,90,2,158,0,0,0,158
12/31/2011,BTR,LA,ASW,CE,Combined TRACON& Tower with Radar,4,37,27,0,68,0,0,13,0,13,4,37,40,0,81,28,0,28,109
01/01/2012,BTR,LA,ASW,CE,Combined TRACON& Tower with Radar,6,36,22,0,64,0,0,24,0,24,6,36,46,0,88,0,0,0,88
01/02/2012,BTR,LA,ASW,CE,Combined TRACON& Tower with Radar,8,59,38,0,105,0,0,61,0,61,8,59,99,0,166,30,0,30,196
01/03/2012,BTR,LA,ASW,CE,Combined TRACON& Tower with Radar,6,50,23,0,79,0,0,33,0,33,6,50,56,0,112,10,0,10,122
01/04/2012,BTR,LA,ASW,CE,Combined TRACON& Tower with Radar,6,59,54,4,123,0,0,58,0,58,6,59,112,4,181,6,0,6,187
01/05/2012,BTR,LA,ASW,CE,Combined TRACON& Tower with Radar,8,66,69,2,145,0,1,42,2,45,8,67,111,4,190,40,0,40,230
01/06/2012,BTR,LA,ASW,CE,Combined TRACON& Tower with Radar,8,58,29,0,95,0,2,40,0,42,8,60,69,0,137,30,0,30,167
01/07/2012,BTR,LA,ASW,CE,Combined TRACON& Tower with Radar,3,39,17,2,61,0,0,38,0,38,3,39,55,2,99,50,0,50,149
01/08/2012,BTR,LA,ASW,CE,Combined TRACON& Tower with Radar,7,44,37,0,88,0,0,22,0,22,7,44,59,0,110,24,0,24,134
01/09/2012,BTR,LA,ASW,CE,Combined TRACON& Tower with Radar,8,45,31,0,84,0,0,40,0,40,8,45,71,0,124,46,0,46,170
01/10/2012,BTR,LA,ASW,CE,Combined TRACON& Tower with Radar,6,50,56,0,112,0,0,13,0,13,6,50,69,0,125,4,0,4,129
01/11/2012,BTR,LA,ASW,CE,Combined TRACON& Tower with Radar,6,54,82,2,144,0,0,75,2,77,6,54,157,4,221,58,0,58,279
01/12/2012,BTR,LA,ASW,CE,Combined TRACON& Tower with Radar,8,62,63,2,135,0,2,38,4,44,8,64,101,6,179,0,0,0,179
01/13/2012,BTR,LA,ASW,CE,Combined TRACON& Tower with Radar,8,55,50,0,113,0,2,53,0,55,8,57,103,0,168,12,0,12,180
01/14/2012,BTR,LA,ASW,CE,Combined TRACON& Tower with Radar,3,39,19,1,62,0,0,65,1,66,3,39,84,2,128,26,0,26,154
01/15/2012,BTR,LA,ASW,CE,Combined TRACON& Tower with Radar,7,50,27,0,84,0,0,55,0,55,7,50,82,0,139,46,0,46,185
01/16/2012,BTR,LA,ASW,CE,Combined TRACON& Tower with Radar,8,55,49,0,112,0,2,42,0,44,8,57,91,0,156,54,0,54,210
01/17/2012,BTR,LA,ASW,CE,Combined TRACON& Tower with Radar,6,59,53,2,120,0,0,3,0,3,6,59,56,2,123,0,0,0,123
01/18/2012,BTR,LA,ASW,CE,Combined TRACON& Tower with Radar,6,53,65,0,124,0,2,55,0,57,6,55,120,0,181,58,0,58,239
01/19/2012,BTR,LA,ASW,CE,Combined TRACON& Tower with Radar,8,57,68,4,137,0,0,44,0,44,8,57,112,4,181,20,0,20,201
01/20/2012,BTR,LA,ASW,CE,Combined TRACON& Tower with Radar,8,55,57,4,124,0,0,10,0,10,8,55,67,4,134,0,0,0,134
01/21/2012,BTR,LA,ASW,CE,Combined TRACON& Tower with Radar,5,43,51,0,99,0,0,16,2,18,5,43,67,2,117,22,0,22,139
01/22/2012,BTR,LA,ASW,CE,Combined TRACON& Tower with Radar,7,46,29,0,82,0,0,15,0,15,7,46,44,0,97,12,0,12,109
01/23/2012,BTR,LA,ASW,CE,Combined TRACON& Tower with Radar,8,56,60,14,138,0,2,40,2,44,8,58,100,16,182,80,0,80,262
01/24/2012,BTR,LA,ASW,CE,Combined TRACON& Tower with Radar,8,51,54,0,113,0,0,21,0,21,8,51,75,0,134,20,0,20,154
01/25/2012,BTR,LA,ASW,CE,Combined TRACON& Tower with Radar,2,43,44,0,89,0,0,8,0,8,2,43,52,0,97,0,0,0,97
01/26/2012,BTR,LA,ASW,CE,Combined TRACON& Tower with Radar,8,54,78,4,144,0,0,19,2,21,8,54,97,6,165,8,0,8,173
01/27/2012,BTR,LA,ASW,CE,Combined TRACON& Tower with Radar,9,64,71,3,147,0,0,66,7,73,9,64,137,10,220,42,0,42,262
01/28/2012,BTR,LA,ASW,CE,Combined TRACON& Tower with Radar,4,38,26,0,68,0,0,69,0,69,4,38,95,0,137,32,0,32,169
01/29/2012,BTR,LA,ASW,CE,Combined TRACON& Tower with Radar,8,57,36,0,101,0,2,60,0,62,8,59,96,0,163,86,0,86,249
01/30/2012,BTR,LA,ASW,CE,Combined TRACON& Tower with Radar,8,53,55,1,117,0,2,64,1,67,8,55,119,2,184,4,0,4,188
01/31/2012,BTR,LA,ASW,CE,Combined TRACON& Tower with Radar,6,51,76,7,140,0,2,50,0,52,6,53,126,7,192,38,0,38,230
02/01/2012,BTR,LA,ASW,CE,Combined TRACON& Tower with Radar,6,54,48,0,108,0,0,5,0,5,6,54,53,0,113,32,0,32,145
02/02/2012,BTR,LA,ASW,CE,Combined TRACON& Tower with Radar,8,54,58,4,124,0,0,15,2,17,8,54,73,6,141,14,0,14,155
02/03/2012,BTR,LA,ASW,CE,Combined TRACON& Tower with Radar,8,55,71,0,134,0,0,13,2,15,8,55,84,2,149,25,0,25,174
02/04/2012,BTR,LA,ASW,CE,Combined TRACON& Tower with Radar,3,36,34,0,73,0,1,4,0,5,3,37,38,0,78,14,0,14,92
02/05/2012,BTR,LA,ASW,CE,Combined TRACON& Tower with Radar,7,46,33,0,86,0,0,7,0,7,7,46,40,0,93,6,0,6,99
02/06/2012,BTR,LA,ASW,CE,Combined TRACON& Tower with Radar,8,54,62,7,131,0,2,65,2,69,8,56,127,9,200,44,4,48,248
02/07/2012,BTR,LA,ASW,CE,Combined TRACON& Tower with Radar,6,56,71,0,133,0,3,52,3,58,6,59,123,3,191,59,0,59,250
02/08/2012,BTR,LA,ASW,CE,Combined TRACON& Tower with Radar,8,54,61,5,128,0,3,53,1,57,8,57,114,6,185,10,0,10,195
02/09/2012,BTR,LA,ASW,CE,Combined TRACON& Tower with Radar,8,63,59,3,133,0,1,60,1,62,8,64,119,4,195,14,0,14,209
02/10/2012,BTR,LA,ASW,CE,Combined TRACON& Tower with Radar,9,57,53,1,120,0,0,2,1,3,9,57,55,2,123,0,0,0,123
02/11/2012,BTR,LA,ASW,CE,Combined TRACON& Tower with Radar,4,41,22,0,67,0,2,38,2,42,4,43,60,2,109,10,0,10,119
02/12/2012,BTR,LA,ASW,CE,Combined TRACON& Tower with Radar,9,45,36,0,90,0,6,35,5,46,9,51,71,5,136,26,0,26,162
02/13/2012,BTR,LA,ASW,CE,Combined TRACON& Tower with Radar,8,54,45,0,107,0,3,22,2,27,8,57,67,2,134,6,0,6,140
02/14/2012,BTR,LA,ASW,CE,Combined TRACON& Tower with Radar,6,52,77,0,135,0,2,59,0,61,6,54,136,0,196,38,0,38,234
02/15/2012,BTR,LA,ASW,CE,Combined TRACON& Tower with Radar,8,53,67,4,132,0,0,24,1,25,8,53,91,5,157,10,0,10,167
02/16/2012,BTR,LA,ASW,CE,Combined TRACON& Tower with Radar,14,51,98,2,165,0,0,23,1,24,14,51,121,3,189,8,0,8,197
02/17/2012,BTR,LA,ASW,CE,Combined TRACON& Tower with Radar,14,51,67,3,135,0,0,48,1,49,14,51,115,4,184,0,0,0,184
02/18/2012,BTR,LA,ASW,CE,Combined TRACON& Tower with Radar,12,33,21,1,67,0,0,1,0,1,12,33,22,1,68,0,0,0,68
02/19/2012,BTR,LA,ASW,CE,Combined TRACON& Tower with Radar,16,34,33,1,84,0,3,33,0,36,16,37,66,1,120,32,0,32,152
02/20/2012,BTR,LA,ASW,CE,Combined TRACON& Tower with Radar,14,43,45,0,102,0,0,48,0,48,14,43,93,0,150,10,0,10,160
02/21/2012,BTR,LA,ASW,CE,Combined TRACON& Tower with Radar,14,50,46,0,110,0,3,56,0,59,14,53,102,0,169,30,0,30,199
02/22/2012,BTR,LA,ASW,CE,Combined TRACON& Tower with Radar,12,55,70,4,141,0,0,19,0,19,12,55,89,4,160,2,0,2,162
02/23/2012,BTR,LA,ASW,CE,Combined TRACON& Tower with Radar,14,51,57,0,122,0,0,16,2,18,14,51,73,2,140,30,0,30,170
02/24/2012,BTR,LA,ASW,CE,Combined TRACON& Tower with Radar,13,46,67,0,126,0,1,27,5,33,13,47,94,5,159,16,0,16,175
02/25/2012,BTR,LA,ASW,CE,Combined TRACON& Tower with Radar,10,35,24,0,69,0,4,44,0,48,10,39,68,0,117,54,2,56,173
02/26/2012,BTR,LA,ASW,CE,Combined TRACON& Tower with Radar,18,42,43,6,109,0,5,27,1,33,18,47,70,7,142,46,8,54,196
02/27/2012,BTR,LA,ASW,CE,Combined TRACON& Tower with Radar,14,42,61,9,126,0,1,10,0,11,14,43,71,9,137,12,0,12,149
02/28/2012,BTR,LA,ASW,CE,Combined TRACON& Tower with Radar,14,51,68,1,134,0,0,16,0,16,14,51,84,1,150,0,0,0,150
02/29/2012,BTR,LA,ASW,CE,Combined TRACON& Tower with Radar,12,52,86,2,152,0,0,23,0,23,12,52,109,2,175,10,0,10,185
03/01/2012,BTR,LA,ASW,CE,Combined TRACON& Tower with Radar,14,50,72,2,138,0,2,23,2,27,14,52,95,4,165,14,0,14,179
03/02/2012,BTR,LA,ASW,CE,Combined TRACON& Tower with Radar,12,59,60,0,131,0,3,26,2,31,12,62,86,2,162,7,0,7,169
03/03/2012,BTR,LA,ASW,CE,Combined TRACON& Tower with Radar,7,41,33,0,81,0,5,16,1,22,7,46,49,1,103,62,0,62,165
03/04/2012,BTR,LA,ASW,CE,Combined TRACON& Tower with Radar,12,49,31,17,109,0,2,60,2,64,12,51,91,19,173,52,14,66,239
03/05/2012,BTR,LA,ASW,CE,Combined TRACON& Tower with Radar,14,49,44,0,107,0,4,81,3,88,14,53,125,3,195,56,0,56,251
03/06/2012,BTR,LA,ASW,CE,Combined TRACON& Tower with Radar,10,50,47,10,117,0,2,72,0,74,10,52,119,10,191,57,8,65,256
03/07/2012,BTR,LA,ASW,CE,Combined TRACON& Tower with Radar,10,56,88,0,154,0,3,34,0,37,10,59,122,0,191,40,0,40,231
03/08/2012,BTR,LA,ASW,CE,Combined TRACON& Tower with Radar,14,62,59,6,141,0,1,12,2,15,14,63,71,8,156,27,0,27,183
03/09/2012,BTR,LA,ASW,CE,Combined TRACON& Tower with Radar,14,59,45,0,118,0,0,1,0,1,14,59,46,0,119,14,0,14,133
03/10/2012,BTR,LA,ASW,CE,Combined TRACON& Tower with Radar,10,45,28,1,84,0,5,71,4,80,10,50,99,5,164,52,0,52,216
03/11/2012,BTR,LA,ASW,CE,Combined TRACON& Tower with Radar,10,51,44,0,105,0,2,10,1,13,10,53,54,1,118,10,0,10,128
03/12/2012,BTR,LA,ASW,CE,Combined TRACON& Tower with Radar,15,49,38,0,102,0,0,6,0,6,15,49,44,0,108,0,0,0,108
03/13/2012,BTR,LA,ASW,CE,Combined TRACON& Tower with Radar,10,49,79,8,146,0,2,37,0,39,10,51,116,8,185,12,0,12,197
03/14/2012,BTR,LA,ASW,CE,Combined TRACON& Tower with Radar,10,57,79,14,160,0,1,64,3,68,10,58,143,17,228,24,12,36,264
03/15/2012,BTR,LA,ASW,CE,Combined TRACON& Tower with Radar,16,52,71,16,155,0,2,60,0,62,16,54,131,16,217,34,28,62,279
03/16/2012,BTR,LA,ASW,CE,Combined TRACON& Tower with Radar,17,51,64,4,136,0,0,59,0,59,17,51,123,4,195,44,0,44,239
03/17/2012,BTR,LA,ASW,CE,Combined TRACON& Tower with Radar,13,36,47,0,96,0,0,20,0,20,13,36,67,0,116,40,0,40,156
03/18/2012,BTR,LA,ASW,CE,Combined TRACON& Tower with Radar,15,47,65,0,127,0,0,36,0,36,15,47,101,0,163,28,0,28,191
03/19/2012,BTR,LA,ASW,CE,Combined TRACON& Tower with Radar,14,44,50,10,118,0,0,16,0,16,14,44,66,10,134,6,0,6,140
03/20/2012,BTR,LA,ASW,CE,Combined TRACON& Tower with Radar,9,46,42,6,103,0,0,10,0,10,9,46,52,6,113,0,0,0,113
03/21/2012,BTR,LA,ASW,CE,Combined TRACON& Tower with Radar,10,51,31,0,92,0,0,0,0,0,10,51,31,0,92,0,0,0,92
03/22/2012,BTR,LA,ASW,CE,Combined TRACON& Tower with Radar,14,56,77,15,162,0,1,43,1,45,14,57,120,16,207,8,12,20,227
03/23/2012,BTR,LA,ASW,CE,Combined TRACON& Tower with Radar,15,58,75,0,148,0,0,69,0,69,15,58,144,0,217,64,0,64,281
03/24/2012,BTR,LA,ASW,CE,Combined TRACON& Tower with Radar,9,42,36,0,87,0,0,75,0,75,9,42,111,0,162,36,0,36,198
03/25/2012,BTR,LA,ASW,CE,Combined TRACON& Tower with Radar,13,49,51,0,113,0,0,73,0,73,13,49,124,0,186,96,0,96,282
03/26/2012,BTR,LA,ASW,CE,Combined TRACON& Tower with Radar,15,53,76,4,148,0,8,73,0,81,15,61,149,4,229,26,0,26,255
03/27/2012,BTR,LA,ASW,CE,Combined TRACON& Tower with Radar,15,50,70,2,137,0,2,57,0,59,15,52,127,2,196,54,0,54,250
03/28/2012,BTR,LA,ASW,CE,Combined TRACON& Tower with Radar,18,51,68,0,137,0,0,59,0,59,18,51,127,0,196,94,0,94,290
03/29/2012,BTR,LA,ASW,CE,Combined TRACON& Tower with Radar,14,66,69,8,157,0,0,34,2,36,14,66,103,10,193,74,8,82,275
03/30/2012,BTR,LA,ASW,CE,Combined TRACON& Tower with Radar,16,71,63,0,150,0,0,30,3,33,16,71,93,3,183,44,0,44,227
03/31/2012,BTR,LA,ASW,CE,Combined TRACON& Tower with Radar,8,55,35,3,101,0,4,37,6,47,8,59,72,9,148,22,0,22,170
04/01/2012,BTR,LA,ASW,CE,Combined TRACON& Tower with Radar,3,51,31,0,85,0,0,37,0,37,3,51,68,0,122,0,0,0,122
04/02/2012,BTR,LA,ASW,CE,Combined TRACON& Tower with Radar,4,51,34,0,89,0,2,24,0,26,4,53,58,0,115,10,0,10,125
04/03/2012,BTR,LA,ASW,CE,Combined TRACON& Tower with Radar,4,53,57,8,122,0,2,37,0,39,4,55,94,8,161,42,0,42,203
04/04/2012,BTR,LA,ASW,CE,Combined TRACON& Tower with Radar,4,58,52,0,114,0,2,17,0,19,4,60,69,0,133,6,0,6,139
04/05/2012,BTR,LA,ASW,CE,Combined TRACON& Tower with Radar,4,64,53,3,124,0,1,29,3,33,4,65,82,6,157,62,0,62,219
04/06/2012,BTR,LA,ASW,CE,Combined TRACON& Tower with Radar,4,63,35,0,102,0,2,43,2,47,4,65,78,2,149,21,0,21,170
04/07/2012,BTR,LA,ASW,CE,Combined TRACON& Tower with Radar,3,52,24,0,79,0,3,67,0,70,3,55,91,0,149,32,10,42,191
04/08/2012,BTR,LA,ASW,CE,Combined TRACON& Tower with Radar,3,50,28,0,81,0,1,21,0,22,3,51,49,0,103,18,0,18,121
04/09/2012,BTR,LA,ASW,CE,Combined TRACON& Tower with Radar,8,62,49,8,127,0,4,37,0,41,8,66,86,8,168,32,12,44,212
04/10/2012,BTR,LA,ASW,CE,Combined TRACON& Tower with Radar,8,60,48,0,116,0,3,44,0,47,8,63,92,0,163,0,0,0,163
04/11/2012,BTR,LA,ASW,CE,Combined TRACON& Tower with Radar,7,59,63,0,129,0,5,29,2,36,7,64,92,2,165,48,0,48,213
04/12/2012,BTR,LA,ASW,CE,Combined TRACON& Tower with Radar,8,70,85,6,169,0,3,62,0,65,8,73,147,6,234,52,22,74,308
04/13/2012,BTR,LA,ASW,CE,Combined TRACON& Tower with Radar,8,71,60,0,139,0,0,44,2,46,8,71,104,2,185,24,0,24,209
04/14/2012,BTR,LA,ASW,CE,Combined TRACON& Tower with Radar,7,50,32,0,89,0,2,43,4,49,7,52,75,4,138,41,0,41,179
04/15/2012,BTR,LA,ASW,CE,Combined TRACON& Tower with Radar,7,53,44,0,104,0,0,14,0,14,7,53,58,0,118,0,0,0,118
04/16/2012,BTR,LA,ASW,CE,Combined TRACON& Tower with Radar,6,55,27,0,88,0,0,4,0,4,6,55,31,0,92,0,0,0,92
04/17/2012,BTR,LA,ASW,CE,Combined TRACON& Tower with Radar,7,55,54,1,117,0,0,12,1,13,7,55,66,2,130,28,0,28,158
04/18/2012,BTR,LA,ASW,CE,Combined TRACON& Tower with Radar,8,72,64,0,144,0,4,50,0,54,8,76,114,0,198,26,0,26,224
04/19/2012,BTR,LA,ASW,CE,Combined TRACON& Tower with Radar,8,67,99,2,176,0,1,71,0,72,8,68,170,2,248,12,0,12,260
04/20/2012,BTR,LA,ASW,CE,Combined TRACON& Tower with Radar,8,71,60,2,141,0,1,57,8,66,8,72,117,10,207,26,0,26,233
04/21/2012,BTR,LA,ASW,CE,Combined TRACON& Tower with Radar,5,44,35,0,84,0,0,7,0,7,5,44,42,0,91,50,0,50,141
04/22/2012,BTR,LA,ASW,CE,Combined TRACON& Tower with Radar,5,51,55,6,117,0,2,64,4,70,5,53,119,10,187,26,0,26,213
04/23/2012,BTR,LA,ASW,CE,Combined TRACON& Tower with Radar,8,68,52,1,129,0,6,48,0,54,8,74,100,1,183,10,0,10,193
04/24/2012,BTR,LA,ASW,CE,Combined TRACON& Tower with Radar,8,58,63,4,133,0,3,72,0,75,8,61,135,4,208,65,14,79,287
04/25/2012,BTR,LA,ASW,CE,Combined TRACON& Tower with Radar,8,63,62,0,133,0,0,66,0,66,8,63,128,0,199,32,0,32,231
04/26/2012,BTR,LA,ASW,CE,Combined TRACON& Tower with Radar,10,62,84,4,160,0,6,68,3,77,10,68,152,7,237,24,0,24,261
04/27/2012,BTR,LA,ASW,CE,Combined TRACON& Tower with Radar,8,64,56,13,141,0,2,47,2,51,8,66,103,15,192,14,0,14,206
04/28/2012,BTR,LA,ASW,CE,Combined TRACON& Tower with Radar,5,44,21,1,71,0,1,36,0,37,5,45,57,1,108,0,0,0,108
04/29/2012,BTR,LA,ASW,CE,Combined TRACON& Tower with Radar,9,52,45,0,106,0,5,25,0,30,9,57,70,0,136,10,0,10,146
04/30/2012,BTR,LA,ASW,CE,Combined TRACON& Tower with Radar,7,59,52,22,140,0,1,44,1,46,7,60,96,23,186,10,0,10,196
05/01/2012,BTR,LA,ASW,CE,Combined TRACON& Tower with Radar,12,55,63,4,134,0,1,37,1,39,12,56,100,5,173,20,10,30,203
05/02/2012,BTR,LA,ASW,CE,Combined TRACON& Tower with Radar,12,52,82,2,148,0,1,30,0,31,12,53,112,2,179,8,0,8,187
05/03/2012,BTR,LA,ASW,CE,Combined TRACON& Tower with Radar,12,63,74,7,156,0,6,30,0,36,12,69,104,7,192,16,0,16,208
05/04/2012,BTR,LA,ASW,CE,Combined TRACON& Tower with Radar,8,71,50,3,132,0,14,52,0,66,8,85,102,3,198,4,0,4,202
05/05/2012,BTR,LA,ASW,CE,Combined TRACON& Tower with Radar,5,51,44,0,100,0,16,29,0,45,5,67,73,0,145,49,0,49,194
05/06/2012,BTR,LA,ASW,CE,Combined TRACON& Tower with Radar,11,54,40,0,105,0,4,45,0,49,11,58,85,0,154,30,10,40,194
05/07/2012,BTR,LA,ASW,CE,Combined TRACON& Tower with Radar,12,58,64,3,137,0,3,49,4,56,12,61,113,7,193,22,0,22,215
05/08/2012,BTR,LA,ASW,CE,Combined TRACON& Tower with Radar,14,61,61,1,137,0,4,46,0,50,14,65,107,1,187,22,0,22,209
05/09/2012,BTR,LA,ASW,CE,Combined TRACON& Tower with Radar,12,60,63,6,141,0,2,41,1,44,12,62,104,7,185,10,0,10,195
05/10/2012,BTR,LA,ASW,CE,Combined TRACON& Tower with Radar,11,73,59,4,147,0,8,67,1,76,11,81,126,5,223,18,0,18,241
05/11/2012,BTR,LA,ASW,CE,Combined TRACON& Tower with Radar,10,61,44,0,115,0,2,11,0,13,10,63,55,0,128,0,0,0,128
05/12/2012,BTR,LA,ASW,CE,Combined TRACON& Tower with Radar,7,51,26,0,84,0,2,4,0,6,7,53,30,0,90,0,0,0,90
05/13/2012,BTR,LA,ASW,CE,Combined TRACON& Tower with Radar,11,53,27,0,91,0,4,19,0,23,11,57,46,0,114,46,0,46,160
05/14/2012,BTR,LA,ASW,CE,Combined TRACON& Tower with Radar,12,59,76,8,155,0,3,81,0,84,12,62,157,8,239,106,0,106,345
05/15/2012,BTR,LA,ASW,CE,Combined TRACON& Tower with Radar,13,57,56,20,146,0,4,44,0,48,13,61,100,20,194,56,34,90,284
05/16/2012,BTR,LA,ASW,CE,Combined TRACON& Tower with Radar,13,71,55,0,139,0,0,44,0,44,13,71,99,0,183,28,0,28,211
05/17/2012,BTR,LA,ASW,CE,Combined TRACON& Tower with Radar,10,64,48,4,126,0,2,68,0,70,10,66,116,4,196,0,0,0,196
05/18/2012,BTR,LA,ASW,CE,Combined TRACON& Tower with Radar,10,75,66,4,155,0,5,56,2,63,10,80,122,6,218,18,0,18,236
05/19/2012,BTR,LA,ASW,CE,Combined TRACON& Tower with Radar,5,53,30,0,88,0,3,39,0,42,5,56,69,0,130,0,0,0,130
05/20/2012,BTR,LA,ASW,CE,Combined TRACON& Tower with Radar,9,47,41,0,97,0,5,33,0,38,9,52,74,0,135,38,0,38,173
05/21/2012,BTR,LA,ASW,CE,Combined TRACON& Tower with Radar,12,62,48,1,123,0,4,41,1,46,12,66,89,2,169,0,0,0,169
05/22/2012,BTR,LA,ASW,CE,Combined TRACON& Tower with Radar,12,54,42,16,124,0,3,41,0,44,12,57,83,16,168,10,44,54,222
05/23/2012,BTR,LA,ASW,CE,Combined TRACON& Tower with Radar,12,56,61,5,134,0,5,54,2,61,12,61,115,7,195,7,0,7,202
05/24/2012,BTR,LA,ASW,CE,Combined TRACON& Tower with Radar,10,61,73,0,144,0,2,54,0,56,10,63,127,0,200,16,0,16,216
05/25/2012,BTR,LA,ASW,CE,Combined TRACON& Tower with Radar,10,70,50,0,130,0,7,80,1,88,10,77,130,1,218,12,0,12,230
05/26/2012,BTR,LA,ASW,CE,Combined TRACON& Tower with Radar,7,51,39,0,97,0,8,40,0,48,7,59,79,0,145,12,0,12,157
05/27/2012,BTR,LA,ASW,CE,Combined TRACON& Tower with Radar,7,49,26,0,82,0,3,27,0,30,7,52,53,0,112,26,0,26,138
05/28/2012,BTR,LA,ASW,CE,Combined TRACON& Tower with Radar,8,59,38,0,105,0,0,40,0,40,8,59,78,0,145,58,0,58,203
05/29/2012,BTR,LA,ASW,CE,Combined TRACON& Tower with Radar,11,59,42,16,128,0,1,45,2,48,11,60,87,18,176,41,0,41,217
05/30/2012,BTR,LA,ASW,CE,Combined TRACON& Tower with Radar,13,53,56,4,126,0,0,30,0,30,13,53,86,4,156,24,10,34,190
05/31/2012,BTR,LA,ASW,CE,Combined TRACON& Tower with Radar,8,60,58,0,126,0,0,24,0,24,8,60,82,0,150,0,0,0,150
06/01/2012,BTR,LA,ASW,CE,Combined TRACON& Tower with Radar,9,67,57,0,133,0,0,39,0,39,9,67,96,0,172,42,0,42,214
06/02/2012,BTR,LA,ASW,CE,Combined TRACON& Tower with Radar,5,44,31,0,80,0,1,46,0,47,5,45,77,0,127,0,0,0,127
06/03/2012,BTR,LA,ASW,CE,Combined TRACON& Tower with Radar,15,45,34,10,104,0,0,33,0,33,15,45,67,10,137,0,4,4,141
06/04/2012,BTR,LA,ASW,CE,Combined TRACON& Tower with Radar,12,58,58,2,130,0,0,37,0,37,12,58,95,2,167,12,6,18,185
06/05/2012,BTR,LA,ASW,CE,Combined TRACON& Tower with Radar,12,54,72,12,150,0,1,31,2,34,12,55,103,14,184,48,4,52,236
06/06/2012,BTR,LA,ASW,CE,Combined TRACON& Tower with Radar,9,49,49,0,107,0,2,55,2,59,9,51,104,2,166,30,0,30,196
06/07/2012,BTR,LA,ASW,CE,Combined TRACON& Tower with Radar,11,55,72,2,140,0,0,28,0,28,11,55,100,2,168,21,0,21,189
06/08/2012,BTR,LA,ASW,CE,Combined TRACON& Tower with Radar,14,48,48,1,111,0,0,26,1,27,14,48,74,2,138,42,0,42,180
06/09/2012,BTR,LA,ASW,CE,Combined TRACON& Tower with Radar,5,46,13,0,64,0,0,5,0,5,5,46,18,0,69,0,0,0,69
06/10/2012,BTR,LA,ASW,CE,Combined TRACON& Tower with Radar,10,35,33,0,78,0,0,12,0,12,10,35,45,0,90,30,0,30,120
06/11/2012,BTR,LA,ASW,CE,Combined TRACON& Tower with Radar,15,55,28,0,98,0,4,31,0,35,15,59,59,0,133,28,0,28,161
06/12/2012,BTR,LA,ASW,CE,Combined TRACON& Tower with Radar,13,57,33,2,105,0,0,24,0,24,13,57,57,2,129,34,0,34,163
06/13/2012,BTR,LA,ASW,CE,Combined TRACON& Tower with Radar,12,52,35,5,104,0,0,46,7,53,12,52,81,12,157,30,0,30,187
06/14/2012,BTR,LA,ASW,CE,Combined TRACON& Tower with Radar,15,61,57,4,137,0,0,29,6,35,15,61,86,10,172,16,0,16,188
06/15/2012,BTR,LA,ASW,CE,Combined TRACON& Tower with Radar,14,53,49,4,120,0,0,37,4,41,14,53,86,8,161,0,0,0,161
06/16/2012,BTR,LA,ASW,CE,Combined TRACON& Tower with Radar,5,43,30,0,78,0,2,41,0,43,5,45,71,0,121,10,0,10,131
06/17/2012,BTR,LA,ASW,CE,Combined TRACON& Tower with Radar,11,49,29,0,89,0,0,18,0,18,11,49,47,0,107,0,0,0,107
06/18/2012,BTR,LA,ASW,CE,Combined TRACON& Tower with Radar,14,55,51,0,120,0,0,29,0,29,14,55,80,0,149,22,0,22,171
06/19/2012,BTR,LA,ASW,CE,Combined TRACON& Tower with Radar,16,60,56,3,135,0,0,49,1,50,16,60,105,4,185,32,0,32,217
06/20/2012,BTR,LA,ASW,CE,Combined TRACON& Tower with Radar,14,60,50,4,128,0,1,46,1,48,14,61,96,5,176,26,0,26,202
06/21/2012,BTR,LA,ASW,CE,Combined TRACON& Tower with Radar,14,59,65,10,148,0,0,35,2,37,14,59,100,12,185,22,15,37,222
06/22/2012,BTR,LA,ASW,CE,Combined TRACON& Tower with Radar,16,52,48,2,118,0,0,62,0,62,16,52,110,2,180,0,0,0,180
06/23/2012,BTR,LA,ASW,CE,Combined TRACON& Tower with Radar,7,50,30,4,91,0,1,40,0,41,7,51,70,4,132,0,4,4,136
06/24/2012,BTR,LA,ASW,CE,Combined TRACON& Tower with Radar,13,53,26,0,92,0,1,21,0,22,13,54,47,0,114,12,0,12,126
06/25/2012,BTR,LA,ASW,CE,Combined TRACON& Tower with Radar,13,53,38,0,104,0,2,49,4,55,13,55,87,4,159,44,0,44,203
06/26/2012,BTR,LA,ASW,CE,Combined TRACON& Tower with Radar,14,55,42,4,115,0,4,40,2,46,14,59,82,6,161,28,0,28,189
06/27/2012,BTR,LA,ASW,CE,Combined TRACON& Tower with Radar,14,62,38,6,120,0,4,41,2,47,14,66,79,8,167,6,0,6,173
06/28/2012,BTR,LA,ASW,CE,Combined TRACON& Tower with Radar,14,61,56,0,131,0,4,43,5,52,14,65,99,5,183,22,0,22,205
06/29/2012,BTR,LA,ASW,CE,Combined TRACON& Tower with Radar,12,59,60,7,138,0,3,56,0,59,12,62,116,7,197,38,0,38,235
06/30/2012,BTR,LA,ASW,CE,Combined TRACON& Tower with Radar,5,52,22,0,79,0,2,46,0,48,5,54,68,0,127,0,0,0,127
07/01/2012,BTR,LA,ASW,CE,Combined TRACON& Tower with Radar,5,52,36,0,93,0,4,26,0,30,5,56,62,0,123,32,0,32,155
07/02/2012,BTR,LA,ASW,CE,Combined TRACON& Tower with Radar,10,51,44,0,105,0,5,42,0,47,10,56,86,0,152,14,0,14,166
07/03/2012,BTR,LA,ASW,CE,Combined TRACON& Tower with Radar,2,56,44,0,102,0,1,38,1,40,2,57,82,1,142,6,0,6,148
07/04/2012,BTR,LA,ASW,CE,Combined TRACON& Tower with Radar,4,40,19,0,63,0,0,31,1,32,4,40,50,1,95,0,0,0,95
07/05/2012,BTR,LA,ASW,CE,Combined TRACON& Tower with Radar,4,55,27,27,113,0,2,35,1,38,4,57,62,28,151,12,18,30,181
07/06/2012,BTR,LA,ASW,CE,Combined TRACON& Tower with Radar,2,60,29,2,93,0,0,37,0,37,2,60,66,2,130,34,0,34,164
07/07/2012,BTR,LA,ASW,CE,Combined TRACON& Tower with Radar,2,43,29,0,74,0,0,39,0,39,2,43,68,0,113,32,0,32,145
07/08/2012,BTR,LA,ASW,CE,Combined TRACON& Tower with Radar,2,53,49,0,104,0,0,27,3,30,2,53,76,3,134,35,0,35,169
07/09/2012,BTR,LA,ASW,CE,Combined TRACON& Tower with Radar,2,59,36,0,97,0,2,25,0,27,2,61,61,0,124,20,0,20,144
07/10/2012,BTR,LA,ASW,CE,Combined TRACON& Tower with Radar,1,55,47,0,103,0,0,12,0,12,1,55,59,0,115,4,0,4,119
07/11/2012,BTR,LA,ASW,CE,Combined TRACON& Tower with Radar,1,51,53,2,107,0,1,16,0,17,1,52,69,2,124,24,0,24,148
07/12/2012,BTR,LA,ASW,CE,Combined TRACON& Tower with Radar,2,51,54,3,110,0,0,25,1,26,2,51,79,4,136,2,0,2,138
07/13/2012,BTR,LA,ASW,CE,Combined TRACON& Tower with Radar,4,62,72,6,144,0,0,5,0,5,4,62,77,6,149,20,0,20,169
07/14/2012,BTR,LA,ASW,CE,Combined TRACON& Tower with Radar,2,49,27,2,80,0,1,31,0,32,2,50,58,2,112,0,0,0,112
07/15/2012,BTR,LA,ASW,CE,Combined TRACON& Tower with Radar,2,53,56,0,111,0,1,21,1,23,2,54,77,1,134,36,0,36,170
07/16/2012,BTR,LA,ASW,CE,Combined TRACON& Tower with Radar,2,64,47,2,115,0,1,38,7,46,2,65,85,9,161,12,0,12,173
07/17/2012,BTR,LA,ASW,CE,Combined TRACON& Tower with Radar,2,67,67,22,158,0,4,90,0,94,2,71,157,22,252,30,4,34,286
07/18/2012,BTR,LA,ASW,CE,Combined TRACON& Tower with Radar,2,70,83,0,155,0,4,61,0,65,2,74,144,0,220,28,0,28,248
07/19/2012,BTR,LA,ASW,CE,Combined TRACON& Tower with Radar,2,60,62,4,128,0,1,35,2,38,2,61,97,6,166,22,0,22,188
07/20/2012,BTR,LA,ASW,CE,Combined TRACON& Tower with Radar,3,56,53,5,117,0,0,36,3,39,3,56,89,8,156,12,0,12,168
07/21/2012,BTR,LA,ASW,CE,Combined TRACON& Tower with Radar,2,46,26,0,74,0,0,3,1,4,2,46,29,1,78,0,0,0,78
07/22/2012,BTR,LA,ASW,CE,Combined TRACON& Tower with Radar,3,54,29,0,86,0,1,5,0,6,3,55,34,0,92,0,0,0,92
07/23/2012,BTR,LA,ASW,CE,Combined TRACON& Tower with Radar,2,63,42,0,107,0,0,54,0,54,2,63,96,0,161,70,0,70,231
07/24/2012,BTR,LA,ASW,CE,Combined TRACON& Tower with Radar,2,57,54,1,114,0,5,41,3,49,2,62,95,4,163,36,0,36,199
07/25/2012,BTR,LA,ASW,CE,Combined TRACON& Tower with Radar,2,63,39,0,104,0,0,39,5,44,2,63,78,5,148,18,0,18,166
07/26/2012,BTR,LA,ASW,CE,Combined TRACON& Tower with Radar,2,72,52,14,140,0,3,39,0,42,2,75,91,14,182,20,10,30,212
07/27/2012,BTR,LA,ASW,CE,Combined TRACON& Tower with Radar,2,69,62,0,133,0,0,58,0,58,2,69,120,0,191,50,0,50,241
07/28/2012,BTR,LA,ASW,CE,Combined TRACON& Tower with Radar,2,45,35,0,82,0,1,17,0,18,2,46,52,0,100,8,0,8,108
07/29/2012,BTR,LA,ASW,CE,Combined TRACON& Tower with Radar,2,54,47,0,103,0,2,45,0,47,2,56,92,0,150,20,0,20,170
07/30/2012,BTR,LA,ASW,CE,Combined TRACON& Tower with Radar,2,68,44,6,120,0,2,46,0,48,2,70,90,6,168,28,6,34,202
07/31/2012,BTR,LA,ASW,CE,Combined TRACON& Tower with Radar,2,65,50,10,127,0,2,63,0,65,2,67,113,10,192,54,4,58,250
08/01/2012,BTR,LA,ASW,CE,Combined TRACON& Tower with Radar,4,67,42,5,118,0,3,42,1,46,4,70,84,6,164,19,4,23,187
08/02/2012,BTR,LA,ASW,CE,Combined TRACON& Tower with Radar,1,64,65,0,130,0,2,39,1,42,1,66,104,1,172,0,0,0,172
08/03/2012,BTR,LA,ASW,CE,Combined TRACON& Tower with Radar,1,66,45,11,123,0,6,42,2,50,1,72,87,13,173,8,0,8,181
08/04/2012,BTR,LA,ASW,CE,Combined TRACON& Tower with Radar,2,53,23,0,78,0,4,28,1,33,2,57,51,1,111,16,0,16,127
08/05/2012,BTR,LA,ASW,CE,Combined TRACON& Tower with Radar,2,55,31,0,88,0,2,38,0,40,2,57,69,0,128,6,0,6,134
08/06/2012,BTR,LA,ASW,CE,Combined TRACON& Tower with Radar,2,63,45,3,113,0,2,29,0,31,2,65,74,3,144,68,0,68,212
08/07/2012,BTR,LA,ASW,CE,Combined TRACON& Tower with Radar,2,59,49,0,110,0,3,37,0,40,2,62,86,0,150,40,0,40,190
08/08/2012,BTR,LA,ASW,CE,Combined TRACON& Tower with Radar,2,62,63,0,127,0,0,42,0,42,2,62,105,0,169,30,0,30,199
08/09/2012,BTR,LA,ASW,CE,Combined TRACON& Tower with Radar,1,64,53,0,118,0,0,48,0,48,1,64,101,0,166,4,0,4,170
08/10/2012,BTR,LA,ASW,CE,Combined TRACON& Tower with Radar,2,55,46,2,105,0,1,37,4,42,2,56,83,6,147,24,8,32,179
08/11/2012,BTR,LA,ASW,CE,Combined TRACON& Tower with Radar,2,50,37,0,89,0,0,36,0,36,2,50,73,0,125,0,0,0,125
08/12/2012,BTR,LA,ASW,CE,Combined TRACON& Tower with Radar,2,53,31,2,88,0,0,24,0,24,2,53,55,2,112,16,0,16,128
08/13/2012,BTR,LA,ASW,CE,Combined TRACON& Tower with Radar,2,63,41,1,107,0,2,45,1,48,2,65,86,2,155,56,0,56,211
08/14/2012,BTR,LA,ASW,CE,Combined TRACON& Tower with Radar,3,61,62,0,126,0,0,55,0,55,3,61,117,0,181,28,0,28,209
08/15/2012,BTR,LA,ASW,CE,Combined TRACON& Tower with Radar,7,67,59,2,135,0,1,47,4,52,7,68,106,6,187,30,8,38,225
08/16/2012,BTR,LA,ASW,CE,Combined TRACON& Tower with Radar,2,69,63,1,135,0,0,58,1,59,2,69,121,2,194,42,0,42,236
08/17/2012,BTR,LA,ASW,CE,Combined TRACON& Tower with Radar,2,68,65,0,135,0,4,32,0,36,2,72,97,0,171,51,0,51,222
08/18/2012,BTR,LA,ASW,CE,Combined TRACON& Tower with Radar,2,42,24,0,68,0,0,18,3,21,2,42,42,3,89,38,0,38,127
08/19/2012,BTR,LA,ASW,CE,Combined TRACON& Tower with Radar,2,52,29,2,85,0,0,7,0,7,2,52,36,2,92,0,0,0,92
08/20/2012,BTR,LA,ASW,CE,Combined TRACON& Tower with Radar,2,59,46,14,121,0,2,38,2,42,2,61,84,16,163,50,6,56,219
08/21/2012,BTR,LA,ASW,CE,Combined TRACON& Tower with Radar,2,68,54,2,126,0,0,47,0,47,2,68,101,2,173,4,0,4,177
08/22/2012,BTR,LA,ASW,CE,Combined TRACON& Tower with Radar,2,67,66,0,135,0,3,76,4,83,2,70,142,4,218,63,0,63,281
08/23/2012,BTR,LA,ASW,CE,Combined TRACON& Tower with Radar,2,77,57,1,137,0,5,43,3,51,2,82,100,4,188,14,0,14,202
08/24/2012,BTR,LA,ASW,CE,Combined TRACON& Tower with Radar,2,68,50,0,120,0,1,26,0,27,2,69,76,0,147,30,0,30,177
08/25/2012,BTR,LA,ASW,CE,Combined TRACON& Tower with Radar,2,40,28,0,70,0,0,32,0,32,2,40,60,0,102,38,0,38,140
08/26/2012,BTR,LA,ASW,CE,Combined TRACON& Tower with Radar,2,52,34,0,88,0,0,38,2,40,2,52,72,2,128,2,0,2,130
08/27/2012,BTR,LA,ASW,CE,Combined TRACON& Tower with Radar,2,60,40,0,102,0,0,65,10,75,2,60,105,10,177,0,0,0,177
08/28/2012,BTR,LA,ASW,CE,Combined TRACON& Tower with Radar,1,44,21,0,66,0,3,3,4,10,1,47,24,4,76,16,0,16,92
08/29/2012,BTR,LA,ASW,CE,Combined TRACON& Tower with Radar,0,0,0,0,0,0,0,0,0,0,0,0,0,0,0,0,0,0,0
08/30/2012,BTR,LA,ASW,CE,Combined TRACON& Tower with Radar,0,0,0,0,0,0,0,15,10,25,0,0,15,10,25,0,0,0,25
08/31/2012,BTR,LA,ASW,CE,Combined TRACON& Tower with Radar,5,69,47,1,122,0,19,56,38,113,5,88,103,39,235,16,0,16,251
09/01/2012,BTR,LA,ASW,CE,Combined TRACON& Tower with Radar,5,44,50,1,100,0,6,78,9,93,5,50,128,10,193,8,0,8,201
09/02/2012,BTR,LA,ASW,CE,Combined TRACON& Tower with Radar,3,37,22,4,66,0,8,43,5,56,3,45,65,9,122,28,0,28,150
09/03/2012,BTR,LA,ASW,CE,Combined TRACON& Tower with Radar,2,58,39,0,99,0,7,55,32,94,2,65,94,32,193,22,0,22,215
09/04/2012,BTR,LA,ASW,CE,Combined TRACON& Tower with Radar,2,59,46,2,109,0,3,53,6,62,2,62,99,8,171,6,0,6,177
09/05/2012,BTR,LA,ASW,CE,Combined TRACON& Tower with Radar,2,62,53,8,125,0,9,35,1,45,2,71,88,9,170,46,0,46,216
09/06/2012,BTR,LA,ASW,CE,Combined TRACON& Tower with Radar,4,74,70,6,154,0,9,69,0,78,4,83,139,6,232,18,0,18,250
09/07/2012,BTR,LA,ASW,CE,Combined TRACON& Tower with Radar,3,71,42,2,118,0,4,50,0,54,3,75,92,2,172,6,0,6,178
09/08/2012,BTR,LA,ASW,CE,Combined TRACON& Tower with Radar,3,43,47,1,94,0,0,42,6,48,3,43,89,7,142,14,0,14,156
09/09/2012,BTR,LA,ASW,CE,Combined TRACON& Tower with Radar,2,61,58,0,121,0,5,58,5,68,2,66,116,5,189,16,0,16,205
09/10/2012,BTR,LA,ASW,CE,Combined TRACON& Tower with Radar,2,66,52,0,120,0,2,42,0,44,2,68,94,0,164,17,0,17,181
09/11/2012,BTR,LA,ASW,CE,Combined TRACON& Tower with Radar,2,70,58,14,144,0,1,82,2,85,2,71,140,16,229,28,2,30,259
09/12/2012,BTR,LA,ASW,CE,Combined TRACON& Tower with Radar,2,61,54,2,119,0,2,35,2,39,2,63,89,4,158,0,0,0,158
09/13/2012,BTR,LA,ASW,CE,Combined TRACON& Tower with Radar,2,76,43,2,123,0,0,39,1,40,2,76,82,3,163,8,0,8,171
09/14/2012,BTR,LA,ASW,CE,Combined TRACON& Tower with Radar,3,71,51,0,125,0,2,76,1,79,3,73,127,1,204,56,0,56,260
09/15/2012,BTR,LA,ASW,CE,Combined TRACON& Tower with Radar,2,47,43,4,96,0,0,69,1,70,2,47,112,5,166,86,4,90,256
09/16/2012,BTR,LA,ASW,CE,Combined TRACON& Tower with Radar,2,55,46,0,103,0,2,33,0,35,2,57,79,0,138,22,0,22,160
09/17/2012,BTR,LA,ASW,CE,Combined TRACON& Tower with Radar,2,61,33,0,96,0,1,3,0,4,2,62,36,0,100,0,0,0,100
09/18/2012,BTR,LA,ASW,CE,Combined TRACON& Tower with Radar,2,60,58,3,123,0,0,35,1,36,2,60,93,4,159,143,0,143,302
09/19/2012,BTR,LA,ASW,CE,Combined TRACON& Tower with Radar,2,71,50,5,128,0,1,67,2,70,2,72,117,7,198,44,2,46,244
09/20/2012,BTR,LA,ASW,CE,Combined TRACON& Tower with Radar,2,61,49,6,118,0,2,61,0,63,2,63,110,6,181,8,4,12,193
09/21/2012,BTR,LA,ASW,CE,Combined TRACON& Tower with Radar,4,79,65,10,158,0,0,62,0,62,4,79,127,10,220,14,0,14,234
09/22/2012,BTR,LA,ASW,CE,Combined TRACON& Tower with Radar,2,49,38,0,89,0,0,71,0,71,2,49,109,0,160,48,0,48,208
09/23/2012,BTR,LA,ASW,CE,Combined TRACON& Tower with Radar,2,70,41,0,113,0,0,43,0,43,2,70,84,0,156,20,0,20,176
09/24/2012,BTR,LA,ASW,CE,Combined TRACON& Tower with Radar,4,64,51,0,119,0,0,72,0,72,4,64,123,0,191,50,0,50,241
09/25/2012,BTR,LA,ASW,CE,Combined TRACON& Tower with Radar,2,68,60,7,137,0,3,39,0,42,2,71,99,7,179,44,0,44,223
09/26/2012,BTR,LA,ASW,CE,Combined TRACON& Tower with Radar,2,66,59,0,127,0,0,52,0,52,2,66,111,0,179,102,0,102,281
09/27/2012,BTR,LA,ASW,CE,Combined TRACON& Tower with Radar,2,68,72,16,158,0,0,51,3,54,2,68,123,19,212,20,16,36,248
09/28/2012,BTR,LA,ASW,CE,Combined TRACON& Tower with Radar,4,61,57,1,123,0,2,30,0,32,4,63,87,1,155,12,0,12,167
09/29/2012,BTR,LA,ASW,CE,Combined TRACON& Tower with Radar,3,37,14,0,54,0,1,1,0,2,3,38,15,0,56,0,0,0,56
09/30/2012,BTR,LA,ASW,CE,Combined TRACON& Tower with Radar,2,51,20,0,73,0,0,2,0,2,2,51,22,0,75,0,0,0,75
10/01/2012,BTR,LA,ASW,CE,Combined TRACON& Tower with Radar,2,58,60,0,120,0,0,13,0,13,2,58,73,0,133,60,0,60,193
10/02/2012,BTR,LA,ASW,CE,Combined TRACON& Tower with Radar,2,67,57,5,131,0,0,94,1,95,2,67,151,6,226,34,0,34,260
10/03/2012,BTR,LA,ASW,CE,Combined TRACON& Tower with Radar,2,57,70,6,135,0,6,60,3,69,2,63,130,9,204,80,0,80,284
10/04/2012,BTR,LA,ASW,CE,Combined TRACON& Tower with Radar,6,79,67,8,160,0,1,47,0,48,6,80,114,8,208,8,0,8,216
10/05/2012,BTR,LA,ASW,CE,Combined TRACON& Tower with Radar,4,68,63,0,135,0,0,59,0,59,4,68,122,0,194,2,0,2,196
10/06/2012,BTR,LA,ASW,CE,Combined TRACON& Tower with Radar,6,36,47,0,89,0,2,24,0,26,6,38,71,0,115,28,0,28,143
10/07/2012,BTR,LA,ASW,CE,Combined TRACON& Tower with Radar,2,55,48,0,105,0,0,17,0,17,2,55,65,0,122,8,0,8,130
10/08/2012,BTR,LA,ASW,CE,Combined TRACON& Tower with Radar,2,69,44,0,115,0,0,41,0,41,2,69,85,0,156,46,2,48,204
10/09/2012,BTR,LA,ASW,CE,Combined TRACON& Tower with Radar,2,60,65,24,151,0,0,63,2,65,2,60,128,26,216,20,8,28,244
10/10/2012,BTR,LA,ASW,CE,Combined TRACON& Tower with Radar,2,60,47,5,114,0,0,47,0,47,2,60,94,5,161,60,0,60,221
10/11/2012,BTR,LA,ASW,CE,Combined TRACON& Tower with Radar,4,70,71,0,145,0,8,48,0,56,4,78,119,0,201,34,0,34,235
10/12/2012,BTR,LA,ASW,CE,Combined TRACON& Tower with Radar,4,72,61,1,138,0,0,52,3,55,4,72,113,4,193,24,0,24,217
10/13/2012,BTR,LA,ASW,CE,Combined TRACON& Tower with Radar,3,47,71,2,123,0,0,60,4,64,3,47,131,6,187,14,0,14,201
10/14/2012,BTR,LA,ASW,CE,Combined TRACON& Tower with Radar,2,62,62,0,126,0,0,20,0,20,2,62,82,0,146,0,0,0,146
10/15/2012,BTR,LA,ASW,CE,Combined TRACON& Tower with Radar,2,72,58,4,136,0,1,53,0,54,2,73,111,4,190,28,20,48,238
10/16/2012,BTR,LA,ASW,CE,Combined TRACON& Tower with Radar,2,56,60,11,129,0,2,49,0,51,2,58,109,11,180,58,8,66,246
10/17/2012,BTR,LA,ASW,CE,Combined TRACON& Tower with Radar,2,59,63,0,124,0,0,29,0,29,2,59,92,0,153,0,0,0,153
10/18/2012,BTR,LA,ASW,CE,Combined TRACON& Tower with Radar,2,61,71,0,134,0,0,28,5,33,2,61,99,5,167,18,0,18,185
10/19/2012,BTR,LA,ASW,CE,Combined TRACON& Tower with Radar,4,64,55,0,123,0,0,51,9,60,4,64,106,9,183,70,0,70,253
10/20/2012,BTR,LA,ASW,CE,Combined TRACON& Tower with Radar,4,39,35,0,78,0,0,38,0,38,4,39,73,0,116,4,0,4,120
10/21/2012,BTR,LA,ASW,CE,Combined TRACON& Tower with Radar,2,64,51,2,119,0,0,43,2,45,2,64,94,4,164,0,0,0,164
10/22/2012,BTR,LA,ASW,CE,Combined TRACON& Tower with Radar,2,60,54,0,116,0,6,52,0,58,2,66,106,0,174,12,0,12,186
10/23/2012,BTR,LA,ASW,CE,Combined TRACON& Tower with Radar,2,60,50,2,114,0,0,53,0,53,2,60,103,2,167,6,2,8,175
10/24/2012,BTR,LA,ASW,CE,Combined TRACON& Tower with Radar,2,66,63,1,132,0,0,38,1,39,2,66,101,2,171,26,10,36,207
10/25/2012,BTR,LA,ASW,CE,Combined TRACON& Tower with Radar,2,64,72,4,142,0,2,46,1,49,2,66,118,5,191,44,0,44,235
10/26/2012,BTR,LA,ASW,CE,Combined TRACON& Tower with Radar,2,56,56,5,119,0,0,40,1,41,2,56,96,6,160,28,0,28,188
10/27/2012,BTR,LA,ASW,CE,Combined TRACON& Tower with Radar,4,38,24,0,66,0,2,19,0,21,4,40,43,0,87,0,0,0,87
10/28/2012,BTR,LA,ASW,CE,Combined TRACON& Tower with Radar,2,56,38,0,96,0,0,27,4,31,2,56,65,4,127,32,0,32,159
10/29/2012,BTR,LA,ASW,CE,Combined TRACON& Tower with Radar,2,65,34,10,111,0,0,42,4,46,2,65,76,14,157,0,10,10,167
10/30/2012,BTR,LA,ASW,CE,Combined TRACON& Tower with Radar,2,61,47,0,110,0,0,44,0,44,2,61,91,0,154,0,0,0,154
10/31/2012,BTR,LA,ASW,CE,Combined TRACON& Tower with Radar,2,57,57,3,119,0,0,60,0,60,2,57,117,3,179,22,0,22,201
11/01/2012,BTR,LA,ASW,CE,Combined TRACON& Tower with Radar,2,70,79,2,153,0,0,65,0,65,2,70,144,2,218,18,0,18,236
11/02/2012,BTR,LA,ASW,CE,Combined TRACON& Tower with Radar,5,73,103,0,181,0,0,61,0,61,5,73,164,0,242,14,0,14,256
11/03/2012,BTR,LA,ASW,CE,Combined TRACON& Tower with Radar,3,74,154,0,231,0,7,60,2,69,3,81,214,2,300,18,0,18,318
11/04/2012,BTR,LA,ASW,CE,Combined TRACON& Tower with Radar,4,78,89,0,171,0,0,33,3,36,4,78,122,3,207,0,0,0,207
11/05/2012,BTR,LA,ASW,CE,Combined TRACON& Tower with Radar,4,68,47,0,119,0,0,32,0,32,4,68,79,0,151,2,0,2,153
11/06/2012,BTR,LA,ASW,CE,Combined TRACON& Tower with Radar,4,48,52,0,104,0,1,42,0,43,4,49,94,0,147,6,0,6,153
11/07/2012,BTR,LA,ASW,CE,Combined TRACON& Tower with Radar,4,58,67,1,130,0,0,48,0,48,4,58,115,1,178,14,0,14,192
11/08/2012,BTR,LA,ASW,CE,Combined TRACON& Tower with Radar,4,63,79,0,146,0,1,40,0,41,4,64,119,0,187,0,0,0,187
11/09/2012,BTR,LA,ASW,CE,Combined TRACON& Tower with Radar,4,66,57,1,128,0,0,56,1,57,4,66,113,2,185,4,0,4,189
11/10/2012,BTR,LA,ASW,CE,Combined TRACON& Tower with Radar,7,38,50,0,95,0,1,53,4,58,7,39,103,4,153,0,0,0,153
11/11/2012,BTR,LA,ASW,CE,Combined TRACON& Tower with Radar,3,55,43,0,101,0,0,14,0,14,3,55,57,0,115,0,0,0,115
11/12/2012,BTR,LA,ASW,CE,Combined TRACON& Tower with Radar,4,60,47,1,112,0,0,24,0,24,4,60,71,1,136,34,0,34,170
11/13/2012,BTR,LA,ASW,CE,Combined TRACON& Tower with Radar,4,60,49,12,125,0,2,45,2,49,4,62,94,14,174,16,0,16,190
11/14/2012,BTR,LA,ASW,CE,Combined TRACON& Tower with Radar,4,69,71,0,144,0,0,47,0,47,4,69,118,0,191,58,0,58,249
11/15/2012,BTR,LA,ASW,CE,Combined TRACON& Tower with Radar,6,60,77,13,156,0,0,34,2,36,6,60,111,15,192,20,20,40,232
11/16/2012,BTR,LA,ASW,CE,Combined TRACON& Tower with Radar,6,61,62,1,130,0,1,61,3,65,6,62,123,4,195,4,0,4,199
11/17/2012,BTR,LA,ASW,CE,Combined TRACON& Tower with Radar,5,41,55,0,101,0,9,65,0,74,5,50,120,0,175,8,0,8,183
11/18/2012,BTR,LA,ASW,CE,Combined TRACON& Tower with Radar,3,62,57,1,123,0,0,43,0,43,3,62,100,1,166,6,0,6,172
11/19/2012,BTR,LA,ASW,CE,Combined TRACON& Tower with Radar,4,56,44,15,119,0,0,49,0,49,4,56,93,15,168,30,0,30,198
11/20/2012,BTR,LA,ASW,CE,Combined TRACON& Tower with Radar,4,57,50,0,111,0,0,37,0,37,4,57,87,0,148,12,0,12,160
11/21/2012,BTR,LA,ASW,CE,Combined TRACON& Tower with Radar,2,76,38,2,118,0,2,60,0,62,2,78,98,2,180,12,0,12,192
11/22/2012,BTR,LA,ASW,CE,Combined TRACON& Tower with Radar,4,36,7,0,47,0,0,37,0,37,4,36,44,0,84,12,0,12,96
11/23/2012,BTR,LA,ASW,CE,Combined TRACON& Tower with Radar,4,51,48,0,103,0,0,26,0,26,4,51,74,0,129,10,0,10,139
11/24/2012,BTR,LA,ASW,CE,Combined TRACON& Tower with Radar,2,59,26,0,87,0,0,44,0,44,2,59,70,0,131,18,0,18,149
11/25/2012,BTR,LA,ASW,CE,Combined TRACON& Tower with Radar,4,56,31,0,91,0,0,50,0,50,4,56,81,0,141,14,0,14,155
11/26/2012,BTR,LA,ASW,CE,Combined TRACON& Tower with Radar,4,68,37,0,109,0,0,10,0,10,4,68,47,0,119,0,0,0,119
11/27/2012,BTR,LA,ASW,CE,Combined TRACON& Tower with Radar,4,55,42,2,103,0,0,1,0,1,4,55,43,2,104,0,0,0,104
11/28/2012,BTR,LA,ASW,CE,Combined TRACON& Tower with Radar,6,61,69,1,137,0,0,32,1,33,6,61,101,2,170,4,0,4,174
11/29/2012,BTR,LA,ASW,CE,Combined TRACON& Tower with Radar,4,65,62,6,137,0,4,41,0,45,4,69,103,6,182,6,20,26,208
11/30/2012,BTR,LA,ASW,CE,Combined TRACON& Tower with Radar,4,73,51,2,130,0,0,61,0,61,4,73,112,2,191,9,0,9,200
12/01/2012,BTR,LA,ASW,CE,Combined TRACON& Tower with Radar,4,43,27,0,74,0,1,38,2,41,4,44,65,2,115,20,8,28,143
12/02/2012,BTR,LA,ASW,CE,Combined TRACON& Tower with Radar,4,48,35,0,87,0,2,42,0,44,4,50,77,0,131,62,0,62,193
12/03/2012,BTR,LA,ASW,CE,Combined TRACON& Tower with Radar,6,55,65,0,126,0,0,50,2,52,6,55,115,2,178,36,0,36,214
12/04/2012,BTR,LA,ASW,CE,Combined TRACON& Tower with Radar,4,53,52,5,114,0,0,1,1,2,4,53,53,6,116,22,0,22,138
12/05/2012,BTR,LA,ASW,CE,Combined TRACON& Tower with Radar,4,57,86,4,151,0,1,3,2,6,4,58,89,6,157,0,0,0,157
12/06/2012,BTR,LA,ASW,CE,Combined TRACON& Tower with Radar,4,67,55,4,130,0,0,15,2,17,4,67,70,6,147,18,0,18,165
12/07/2012,BTR,LA,ASW,CE,Combined TRACON& Tower with Radar,6,66,46,2,120,0,1,43,0,44,6,67,89,2,164,12,0,12,176
12/08/2012,BTR,LA,ASW,CE,Combined TRACON& Tower with Radar,4,40,25,2,71,0,5,28,0,33,4,45,53,2,104,44,0,44,148
12/09/2012,BTR,LA,ASW,CE,Combined TRACON& Tower with Radar,4,45,42,0,91,0,0,4,0,4,4,45,46,0,95,0,0,0,95
12/10/2012,BTR,LA,ASW,CE,Combined TRACON& Tower with Radar,4,55,43,6,108,0,1,9,0,10,4,56,52,6,118,0,0,0,118
12/11/2012,BTR,LA,ASW,CE,Combined TRACON& Tower with Radar,4,57,50,1,112,0,0,49,1,50,4,57,99,2,162,0,0,0,162
12/12/2012,BTR,LA,ASW,CE,Combined TRACON& Tower with Radar,4,62,50,13,129,0,0,40,2,42,4,62,90,15,171,16,0,16,187
12/13/2012,BTR,LA,ASW,CE,Combined TRACON& Tower with Radar,4,65,58,2,129,0,4,66,0,70,4,69,124,2,199,66,6,72,271
12/14/2012,BTR,LA,ASW,CE,Combined TRACON& Tower with Radar,4,68,57,5,134,0,0,42,7,49,4,68,99,12,183,18,0,18,201
12/15/2012,BTR,LA,ASW,CE,Combined TRACON& Tower with Radar,2,41,22,1,66,0,0,24,2,26,2,41,46,3,92,14,0,14,106
12/16/2012,BTR,LA,ASW,CE,Combined TRACON& Tower with Radar,2,47,11,2,62,0,0,4,0,4,2,47,15,2,66,0,0,0,66
12/17/2012,BTR,LA,ASW,CE,Combined TRACON& Tower with Radar,2,62,52,0,116,0,10,39,0,49,2,72,91,0,165,48,0,48,213
12/18/2012,BTR,LA,ASW,CE,Combined TRACON& Tower with Radar,2,51,40,4,97,0,4,55,0,59,2,55,95,4,156,52,0,52,208
12/19/2012,BTR,LA,ASW,CE,Combined TRACON& Tower with Radar,2,59,50,2,113,0,0,44,1,45,2,59,94,3,158,8,0,8,166
12/20/2012,BTR,LA,ASW,CE,Combined TRACON& Tower with Radar,2,62,26,0,90,0,1,18,0,19,2,63,44,0,109,14,0,14,123
12/21/2012,BTR,LA,ASW,CE,Combined TRACON& Tower with Radar,2,60,42,0,104,0,0,44,0,44,2,60,86,0,148,40,0,40,188
12/22/2012,BTR,LA,ASW,CE,Combined TRACON& Tower with Radar,2,44,22,0,68,0,5,51,0,56,2,49,73,0,124,12,0,12,136
12/23/2012,BTR,LA,ASW,CE,Combined TRACON& Tower with Radar,2,50,26,1,79,0,0,21,1,22,2,50,47,2,101,18,0,18,119
12/24/2012,BTR,LA,ASW,CE,Combined TRACON& Tower with Radar,4,42,6,0,52,0,0,18,0,18,4,42,24,0,70,16,0,16,86
12/25/2012,BTR,LA,ASW,CE,Combined TRACON& Tower with Radar,3,25,2,0,30,0,0,0,0,0,3,25,2,0,30,0,0,0,30
12/26/2012,BTR,LA,ASW,CE,Combined TRACON& Tower with Radar,4,46,44,0,94,0,0,26,0,26,4,46,70,0,120,26,0,26,146
12/27/2012,BTR,LA,ASW,CE,Combined TRACON& Tower with Radar,2,62,46,0,110,0,1,36,0,37,2,63,82,0,147,0,0,0,147
12/28/2012,BTR,LA,ASW,CE,Combined TRACON& Tower with Radar,2,55,15,0,72,0,0,0,0,0,2,55,15,0,72,0,0,0,72
12/29/2012,BTR,LA,ASW,CE,Combined TRACON& Tower with Radar,2,38,27,0,67,0,0,21,0,21,2,38,48,0,88,42,0,42,130
12/30/2012,BTR,LA,ASW,CE,Combined TRACON& Tower with Radar,2,47,21,0,70,0,1,20,0,21,2,48,41,0,91,22,0,22,113
12/31/2012,BTR,LA,ASW,CE,Combined TRACON& Tower with Radar,2,44,18,0,64,0,0,15,0,15,2,44,33,0,79,26,0,26,105
01/01/2013,BTR,LA,ASW,CE,Combined TRACON& Tower with Radar,6,38,18,0,62,0,0,0,0,0,6,38,18,0,62,0,0,0,62
01/02/2013,BTR,LA,ASW,CE,Combined TRACON& Tower with Radar,2,58,43,0,103,0,0,8,0,8,2,58,51,0,111,0,0,0,111
01/03/2013,BTR,LA,ASW,CE,Combined TRACON& Tower with Radar,3,51,30,2,86,0,0,37,0,37,3,51,67,2,123,14,0,14,137
01/04/2013,BTR,LA,ASW,CE,Combined TRACON& Tower with Radar,3,47,27,1,78,0,1,40,0,41,3,48,67,1,119,48,0,48,167
01/05/2013,BTR,LA,ASW,CE,Combined TRACON& Tower with Radar,2,47,30,1,80,0,0,16,1,17,2,47,46,2,97,20,0,20,117
01/06/2013,BTR,LA,ASW,CE,Combined TRACON& Tower with Radar,4,44,34,6,88,0,0,11,0,11,4,44,45,6,99,6,6,12,111
01/07/2013,BTR,LA,ASW,CE,Combined TRACON& Tower with Radar,4,49,32,2,87,0,0,52,0,52,4,49,84,2,139,30,0,30,169
01/08/2013,BTR,LA,ASW,CE,Combined TRACON& Tower with Radar,4,55,38,3,100,0,0,6,0,6,4,55,44,3,106,0,0,0,106
01/09/2013,BTR,LA,ASW,CE,Combined TRACON& Tower with Radar,4,51,34,0,89,0,0,0,0,0,4,51,34,0,89,0,0,0,89
01/10/2013,BTR,LA,ASW,CE,Combined TRACON& Tower with Radar,4,54,28,0,86,0,0,1,0,1,4,54,29,0,87,0,0,0,87
01/11/2013,BTR,LA,ASW,CE,Combined TRACON& Tower with Radar,4,60,61,0,125,0,1,10,0,11,4,61,71,0,136,0,0,0,136
01/12/2013,BTR,LA,ASW,CE,Combined TRACON& Tower with Radar,4,36,29,4,73,0,1,20,0,21,4,37,49,4,94,22,8,30,124
01/13/2013,BTR,LA,ASW,CE,Combined TRACON& Tower with Radar,6,42,17,0,65,0,0,3,0,3,6,42,20,0,68,0,0,0,68
01/14/2013,BTR,LA,ASW,CE,Combined TRACON& Tower with Radar,3,58,21,0,82,0,0,0,0,0,3,58,21,0,82,0,0,0,82
01/15/2013,BTR,LA,ASW,CE,Combined TRACON& Tower with Radar,4,49,37,2,92,0,0,0,0,0,4,49,37,2,92,0,0,0,92
01/16/2013,BTR,LA,ASW,CE,Combined TRACON& Tower with Radar,4,51,41,1,97,0,0,1,0,1,4,51,42,1,98,0,0,0,98
01/17/2013,BTR,LA,ASW,CE,Combined TRACON& Tower with Radar,4,50,55,0,109,0,0,56,0,56,4,50,111,0,165,53,0,53,218
01/18/2013,BTR,LA,ASW,CE,Combined TRACON& Tower with Radar,2,60,40,1,103,0,2,68,2,72,2,62,108,3,175,48,0,48,223
01/19/2013,BTR,LA,ASW,CE,Combined TRACON& Tower with Radar,2,43,11,1,57,0,3,71,0,74,2,46,82,1,131,55,0,55,186
01/20/2013,BTR,LA,ASW,CE,Combined TRACON& Tower with Radar,4,40,41,0,85,0,2,73,0,75,4,42,114,0,160,44,0,44,204
01/21/2013,BTR,LA,ASW,CE,Combined TRACON& Tower with Radar,2,45,41,0,88,0,1,52,0,53,2,46,93,0,141,30,0,30,171
01/22/2013,BTR,LA,ASW,CE,Combined TRACON& Tower with Radar,5,52,51,0,108,0,2,50,0,52,5,54,101,0,160,14,0,14,174
01/23/2013,BTR,LA,ASW,CE,Combined TRACON& Tower with Radar,5,49,69,2,125,0,5,65,0,70,5,54,134,2,195,46,0,46,241
01/24/2013,BTR,LA,ASW,CE,Combined TRACON& Tower with Radar,4,54,70,0,128,0,7,63,2,72,4,61,133,2,200,38,0,38,238
01/25/2013,BTR,LA,ASW,CE,Combined TRACON& Tower with Radar,3,55,49,0,107,0,2,55,0,57,3,57,104,0,164,23,0,23,187
01/26/2013,BTR,LA,ASW,CE,Combined TRACON& Tower with Radar,2,40,34,2,78,0,0,27,0,27,2,40,61,2,105,8,0,8,113
01/27/2013,BTR,LA,ASW,CE,Combined TRACON& Tower with Radar,4,52,31,0,87,0,0,33,0,33,4,52,64,0,120,0,0,0,120
01/28/2013,BTR,LA,ASW,CE,Combined TRACON& Tower with Radar,4,60,41,2,107,0,1,31,3,35,4,61,72,5,142,18,0,18,160
01/29/2013,BTR,LA,ASW,CE,Combined TRACON& Tower with Radar,6,49,61,0,116,0,0,21,0,21,6,49,82,0,137,48,0,48,185
01/30/2013,BTR,LA,ASW,CE,Combined TRACON& Tower with Radar,8,67,55,5,135,0,2,23,2,27,8,69,78,7,162,2,12,14,176
01/31/2013,BTR,LA,ASW,CE,Combined TRACON& Tower with Radar,4,67,55,8,134,0,4,60,2,66,4,71,115,10,200,8,0,8,208
02/01/2013,BTR,LA,ASW,CE,Combined TRACON& Tower with Radar,5,72,72,0,149,0,0,45,1,46,5,72,117,1,195,22,0,22,217
02/02/2013,BTR,LA,ASW,CE,Combined TRACON& Tower with Radar,5,52,38,0,95,0,1,46,0,47,5,53,84,0,142,0,0,0,142
02/03/2013,BTR,LA,ASW,CE,Combined TRACON& Tower with Radar,11,51,47,1,110,0,0,35,0,35,11,51,82,1,145,10,0,10,155
02/04/2013,BTR,LA,ASW,CE,Combined TRACON& Tower with Radar,12,59,78,2,151,0,0,26,0,26,12,59,104,2,177,0,0,0,177
02/05/2013,BTR,LA,ASW,CE,Combined TRACON& Tower with Radar,4,62,71,0,137,0,0,25,0,25,4,62,96,0,162,16,0,16,178
02/06/2013,BTR,LA,ASW,CE,Combined TRACON& Tower with Radar,4,56,80,2,142,0,0,3,0,3,4,56,83,2,145,0,0,0,145
02/07/2013,BTR,LA,ASW,CE,Combined TRACON& Tower with Radar,4,60,77,0,141,0,0,11,0,11,4,60,88,0,152,8,0,8,160
02/08/2013,BTR,LA,ASW,CE,Combined TRACON& Tower with Radar,4,69,60,2,135,0,3,25,0,28,4,72,85,2,163,16,0,16,179
02/09/2013,BTR,LA,ASW,CE,Combined TRACON& Tower with Radar,4,50,48,1,103,0,0,15,0,15,4,50,63,1,118,34,0,34,152
02/10/2013,BTR,LA,ASW,CE,Combined TRACON& Tower with Radar,4,48,25,1,78,0,0,0,0,0,4,48,25,1,78,0,0,0,78
02/11/2013,BTR,LA,ASW,CE,Combined TRACON& Tower with Radar,4,52,30,0,86,0,1,2,0,3,4,53,32,0,89,0,0,0,89
02/12/2013,BTR,LA,ASW,CE,Combined TRACON& Tower with Radar,6,51,28,0,85,0,0,0,0,0,6,51,28,0,85,0,0,0,85
02/13/2013,BTR,LA,ASW,CE,Combined TRACON& Tower with Radar,6,64,53,0,123,0,0,32,0,32,6,64,85,0,155,66,0,66,221
02/14/2013,BTR,LA,ASW,CE,Combined TRACON& Tower with Radar,4,75,44,8,131,0,3,69,0,72,4,78,113,8,203,42,8,50,253
02/15/2013,BTR,LA,ASW,CE,Combined TRACON& Tower with Radar,4,69,47,6,126,0,0,85,14,99,4,69,132,20,225,40,4,44,269
02/16/2013,BTR,LA,ASW,CE,Combined TRACON& Tower with Radar,3,39,33,0,75,0,0,42,0,42,3,39,75,0,117,16,0,16,133
02/17/2013,BTR,LA,ASW,CE,Combined TRACON& Tower with Radar,3,47,34,0,84,0,2,46,0,48,3,49,80,0,132,6,0,6,138
02/18/2013,BTR,LA,ASW,CE,Combined TRACON& Tower with Radar,4,59,33,0,96,0,0,22,0,22,4,59,55,0,118,0,0,0,118
02/19/2013,BTR,LA,ASW,CE,Combined TRACON& Tower with Radar,4,62,46,4,116,0,1,27,6,34,4,63,73,10,150,20,2,22,172
02/20/2013,BTR,LA,ASW,CE,Combined TRACON& Tower with Radar,4,65,65,1,135,0,0,39,1,40,4,65,104,2,175,10,0,10,185
02/21/2013,BTR,LA,ASW,CE,Combined TRACON& Tower with Radar,4,68,42,0,114,0,0,4,0,4,4,68,46,0,118,0,0,0,118
02/22/2013,BTR,LA,ASW,CE,Combined TRACON& Tower with Radar,4,63,47,2,116,0,0,12,0,12,4,63,59,2,128,16,0,16,144
02/23/2013,BTR,LA,ASW,CE,Combined TRACON& Tower with Radar,3,39,37,4,83,0,0,25,0,25,3,39,62,4,108,14,0,14,122
02/24/2013,BTR,LA,ASW,CE,Combined TRACON& Tower with Radar,5,47,29,0,81,0,2,34,0,36,5,49,63,0,117,36,0,36,153
02/25/2013,BTR,LA,ASW,CE,Combined TRACON& Tower with Radar,4,60,44,0,108,0,0,2,0,2,4,60,46,0,110,0,0,0,110
02/26/2013,BTR,LA,ASW,CE,Combined TRACON& Tower with Radar,4,62,39,0,105,0,1,27,0,28,4,63,66,0,133,16,0,16,149
02/27/2013,BTR,LA,ASW,CE,Combined TRACON& Tower with Radar,4,59,53,0,116,0,0,52,0,52,4,59,105,0,168,0,0,0,168
02/28/2013,BTR,LA,ASW,CE,Combined TRACON& Tower with Radar,4,64,57,2,127,0,0,50,0,50,4,64,107,2,177,26,0,26,203
03/01/2013,BTR,LA,ASW,CE,Combined TRACON& Tower with Radar,4,83,44,0,131,0,0,51,0,51,4,83,95,0,182,16,0,16,198
03/02/2013,BTR,LA,ASW,CE,Combined TRACON& Tower with Radar,2,51,36,0,89,0,0,35,0,35,2,51,71,0,124,21,0,21,145
03/03/2013,BTR,LA,ASW,CE,Combined TRACON& Tower with Radar,4,61,42,0,107,0,0,50,0,50,4,61,92,0,157,54,0,54,211
03/04/2013,BTR,LA,ASW,CE,Combined TRACON& Tower with Radar,4,63,36,4,107,0,0,25,0,25,4,63,61,4,132,0,0,0,132
03/05/2013,BTR,LA,ASW,CE,Combined TRACON& Tower with Radar,5,68,47,0,120,0,0,28,0,28,5,68,75,0,148,34,0,34,182
03/06/2013,BTR,LA,ASW,CE,Combined TRACON& Tower with Radar,5,70,70,0,145,0,1,51,0,52,5,71,121,0,197,56,0,56,253
03/07/2013,BTR,LA,ASW,CE,Combined TRACON& Tower with Radar,4,82,60,14,160,0,6,45,2,53,4,88,105,16,213,18,8,26,239
03/08/2013,BTR,LA,ASW,CE,Combined TRACON& Tower with Radar,4,75,49,0,128,0,0,52,0,52,4,75,101,0,180,8,0,8,188
03/09/2013,BTR,LA,ASW,CE,Combined TRACON& Tower with Radar,2,62,23,0,87,0,1,61,0,62,2,63,84,0,149,46,0,46,195
03/10/2013,BTR,LA,ASW,CE,Combined TRACON& Tower with Radar,4,62,37,0,103,0,1,10,0,11,4,63,47,0,114,2,0,2,116
03/11/2013,BTR,LA,ASW,CE,Combined TRACON& Tower with Radar,4,64,29,0,97,0,0,28,0,28,4,64,57,0,125,0,0,0,125
03/12/2013,BTR,LA,ASW,CE,Combined TRACON& Tower with Radar,4,64,65,2,135,0,3,73,0,76,4,67,138,2,211,14,0,14,225
03/13/2013,BTR,LA,ASW,CE,Combined TRACON& Tower with Radar,4,60,73,2,139,0,2,87,2,91,4,62,160,4,230,46,0,46,276
03/14/2013,BTR,LA,ASW,CE,Combined TRACON& Tower with Radar,4,83,45,6,138,0,3,74,0,77,4,86,119,6,215,10,0,10,225
03/15/2013,BTR,LA,ASW,CE,Combined TRACON& Tower with Radar,4,68,60,1,133,0,0,81,1,82,4,68,141,2,215,44,0,44,259
03/16/2013,BTR,LA,ASW,CE,Combined TRACON& Tower with Radar,2,52,14,0,68,0,4,30,0,34,2,56,44,0,102,12,1,13,115
03/17/2013,BTR,LA,ASW,CE,Combined TRACON& Tower with Radar,4,57,43,0,104,0,0,33,0,33,4,57,76,0,137,10,0,10,147
03/18/2013,BTR,LA,ASW,CE,Combined TRACON& Tower with Radar,3,63,36,10,112,0,4,24,0,28,3,67,60,10,140,24,0,24,164
03/19/2013,BTR,LA,ASW,CE,Combined TRACON& Tower with Radar,5,71,51,2,129,0,4,64,0,68,5,75,115,2,197,70,0,70,267
03/20/2013,BTR,LA,ASW,CE,Combined TRACON& Tower with Radar,4,71,61,2,138,0,0,34,4,38,4,71,95,6,176,63,0,63,239
03/21/2013,BTR,LA,ASW,CE,Combined TRACON& Tower with Radar,6,75,55,8,144,0,6,56,0,62,6,81,111,8,206,38,0,38,244
03/22/2013,BTR,LA,ASW,CE,Combined TRACON& Tower with Radar,10,71,67,0,148,0,0,11,0,11,10,71,78,0,159,16,0,16,175
03/23/2013,BTR,LA,ASW,CE,Combined TRACON& Tower with Radar,2,50,41,0,93,0,0,0,0,0,2,50,41,0,93,0,0,0,93
03/24/2013,BTR,LA,ASW,CE,Combined TRACON& Tower with Radar,6,66,42,0,114,0,0,15,0,15,6,66,57,0,129,0,0,0,129
03/25/2013,BTR,LA,ASW,CE,Combined TRACON& Tower with Radar,6,66,36,8,116,0,0,34,0,34,6,66,70,8,150,20,4,24,174
03/26/2013,BTR,LA,ASW,CE,Combined TRACON& Tower with Radar,4,61,38,4,107,0,2,61,0,63,4,63,99,4,170,26,0,26,196
03/27/2013,BTR,LA,ASW,CE,Combined TRACON& Tower with Radar,8,65,57,0,130,0,2,70,0,72,8,67,127,0,202,10,0,10,212
03/28/2013,BTR,LA,ASW,CE,Combined TRACON& Tower with Radar,5,73,59,0,137,0,4,59,0,63,5,77,118,0,200,28,0,28,228
03/29/2013,BTR,LA,ASW,CE,Combined TRACON& Tower with Radar,4,71,39,1,115,0,1,41,1,43,4,72,80,2,158,22,0,22,180
03/30/2013,BTR,LA,ASW,CE,Combined TRACON& Tower with Radar,2,52,28,0,82,0,0,17,0,17,2,52,45,0,99,0,0,0,99
03/31/2013,BTR,LA,ASW,CE,Combined TRACON& Tower with Radar,4,60,17,0,81,0,0,2,0,2,4,60,19,0,83,0,0,0,83
04/01/2013,BTR,LA,ASW,CE,Combined TRACON& Tower with Radar,4,61,58,0,123,0,0,53,0,53,4,61,111,0,176,20,0,20,196
04/02/2013,BTR,LA,ASW,CE,Combined TRACON& Tower with Radar,4,72,59,4,139,0,0,41,0,41,4,72,100,4,180,44,8,52,232
04/03/2013,BTR,LA,ASW,CE,Combined TRACON& Tower with Radar,4,64,59,0,127,0,0,0,0,0,4,64,59,0,127,0,0,0,127
04/04/2013,BTR,LA,ASW,CE,Combined TRACON& Tower with Radar,4,64,58,2,128,0,0,4,1,5,4,64,62,3,133,6,0,6,139
04/05/2013,BTR,LA,ASW,CE,Combined TRACON& Tower with Radar,4,73,57,13,147,0,2,47,0,49,4,75,104,13,196,10,6,16,212
04/06/2013,BTR,LA,ASW,CE,Combined TRACON& Tower with Radar,2,48,33,1,84,0,5,56,5,66,2,53,89,6,150,35,0,35,185
04/07/2013,BTR,LA,ASW,CE,Combined TRACON& Tower with Radar,4,61,38,0,103,0,2,35,2,39,4,63,73,2,142,12,0,12,154
04/08/2013,BTR,LA,ASW,CE,Combined TRACON& Tower with Radar,7,67,43,10,127,0,1,51,0,52,7,68,94,10,179,30,0,30,209
04/09/2013,BTR,LA,ASW,CE,Combined TRACON& Tower with Radar,6,61,60,5,132,0,1,12,5,18,6,62,72,10,150,8,0,8,158
04/10/2013,BTR,LA,ASW,CE,Combined TRACON& Tower with Radar,6,60,55,3,124,0,0,21,0,21,6,60,76,3,145,0,0,0,145
04/11/2013,BTR,LA,ASW,CE,Combined TRACON& Tower with Radar,5,55,45,6,111,0,0,5,0,5,5,55,50,6,116,0,0,0,116
04/12/2013,BTR,LA,ASW,CE,Combined TRACON& Tower with Radar,5,76,68,2,151,0,3,74,4,81,5,79,142,6,232,18,0,18,250
04/13/2013,BTR,LA,ASW,CE,Combined TRACON& Tower with Radar,6,46,26,1,79,0,4,57,1,62,6,50,83,2,141,42,2,44,185
04/14/2013,BTR,LA,ASW,CE,Combined TRACON& Tower with Radar,4,64,32,2,102,0,0,12,0,12,4,64,44,2,114,96,0,96,210
04/15/2013,BTR,LA,ASW,CE,Combined TRACON& Tower with Radar,5,68,58,0,131,0,0,23,0,23,5,68,81,0,154,40,0,40,194
04/16/2013,BTR,LA,ASW,CE,Combined TRACON& Tower with Radar,6,58,67,2,133,0,0,29,0,29,6,58,96,2,162,66,0,66,228
04/17/2013,BTR,LA,ASW,CE,Combined TRACON& Tower with Radar,8,60,77,0,145,0,0,35,0,35,8,60,112,0,180,58,0,58,238
04/18/2013,BTR,LA,ASW,CE,Combined TRACON& Tower with Radar,4,59,55,14,132,0,0,12,2,14,4,59,67,16,146,20,8,28,174
04/19/2013,BTR,LA,ASW,CE,Combined TRACON& Tower with Radar,5,74,54,2,135,0,1,42,1,44,5,75,96,3,179,26,0,26,205
04/20/2013,BTR,LA,ASW,CE,Combined TRACON& Tower with Radar,5,45,28,0,78,0,6,71,1,78,5,51,99,1,156,58,0,58,214
04/21/2013,BTR,LA,ASW,CE,Combined TRACON& Tower with Radar,5,62,38,2,107,0,5,60,0,65,5,67,98,2,172,32,0,32,204
04/22/2013,BTR,LA,ASW,CE,Combined TRACON& Tower with Radar,5,61,56,2,124,0,0,57,0,57,5,61,113,2,181,76,0,76,257
04/23/2013,BTR,LA,ASW,CE,Combined TRACON& Tower with Radar,8,60,51,0,119,0,0,36,1,37,8,60,87,1,156,16,0,16,172
04/24/2013,BTR,LA,ASW,CE,Combined TRACON& Tower with Radar,16,61,60,12,149,0,0,3,0,3,16,61,63,12,152,0,20,20,172
04/25/2013,BTR,LA,ASW,CE,Combined TRACON& Tower with Radar,8,67,67,0,142,0,0,42,0,42,8,67,109,0,184,0,0,0,184
04/26/2013,BTR,LA,ASW,CE,Combined TRACON& Tower with Radar,5,77,33,0,115,0,2,56,4,62,5,79,89,4,177,0,0,0,177
04/27/2013,BTR,LA,ASW,CE,Combined TRACON& Tower with Radar,5,37,40,0,82,0,1,23,1,25,5,38,63,1,107,18,0,18,125
04/28/2013,BTR,LA,ASW,CE,Combined TRACON& Tower with Radar,5,62,36,0,103,0,0,11,0,11,5,62,47,0,114,0,0,0,114
04/29/2013,BTR,LA,ASW,CE,Combined TRACON& Tower with Radar,5,66,40,8,119,0,1,50,1,52,5,67,90,9,171,0,8,8,179
04/30/2013,BTR,LA,ASW,CE,Combined TRACON& Tower with Radar,5,62,48,1,116,0,0,5,1,6,5,62,53,2,122,0,0,0,122
05/01/2013,BTR,LA,ASW,CE,Combined TRACON& Tower with Radar,4,67,48,2,121,0,0,10,0,10,4,67,58,2,131,0,0,0,131
05/02/2013,BTR,LA,ASW,CE,Combined TRACON& Tower with Radar,6,72,57,0,135,0,0,17,1,18,6,72,74,1,153,18,0,18,171
05/03/2013,BTR,LA,ASW,CE,Combined TRACON& Tower with Radar,6,72,41,4,123,0,1,5,4,10,6,73,46,8,133,0,0,0,133
05/04/2013,BTR,LA,ASW,CE,Combined TRACON& Tower with Radar,6,42,31,4,83,0,1,51,2,54,6,43,82,6,137,22,0,22,159
05/05/2013,BTR,LA,ASW,CE,Combined TRACON& Tower with Radar,4,70,35,0,109,0,0,29,0,29,4,70,64,0,138,26,0,26,164
05/06/2013,BTR,LA,ASW,CE,Combined TRACON& Tower with Radar,6,69,48,4,127,4,4,79,0,87,10,73,127,4,214,21,0,21,235
05/07/2013,BTR,LA,ASW,CE,Combined TRACON& Tower with Radar,6,71,68,8,153,0,1,68,5,74,6,72,136,13,227,48,0,48,275
05/08/2013,BTR,LA,ASW,CE,Combined TRACON& Tower with Radar,5,74,59,6,144,0,0,51,2,53,5,74,110,8,197,72,0,72,269
05/09/2013,BTR,LA,ASW,CE,Combined TRACON& Tower with Radar,6,73,62,14,155,0,4,37,1,42,6,77,99,15,197,14,0,14,211
05/10/2013,BTR,LA,ASW,CE,Combined TRACON& Tower with Radar,6,57,29,4,96,0,0,12,0,12,6,57,41,4,108,0,0,0,108
05/11/2013,BTR,LA,ASW,CE,Combined TRACON& Tower with Radar,6,46,26,0,78,0,0,11,0,11,6,46,37,0,89,24,0,24,113
05/12/2013,BTR,LA,ASW,CE,Combined TRACON& Tower with Radar,6,59,19,0,84,0,0,27,0,27,6,59,46,0,111,20,0,20,131
05/13/2013,BTR,LA,ASW,CE,Combined TRACON& Tower with Radar,6,68,49,0,123,0,6,67,0,73,6,74,116,0,196,60,0,60,256
05/14/2013,BTR,LA,ASW,CE,Combined TRACON& Tower with Radar,7,51,38,0,96,0,2,42,5,49,7,53,80,5,145,106,0,106,251
05/15/2013,BTR,LA,ASW,CE,Combined TRACON& Tower with Radar,6,66,73,4,149,0,0,47,0,47,6,66,120,4,196,64,0,64,260
05/16/2013,BTR,LA,ASW,CE,Combined TRACON& Tower with Radar,6,66,71,3,146,0,0,27,1,28,6,66,98,4,174,34,0,34,208
05/17/2013,BTR,LA,ASW,CE,Combined TRACON& Tower with Radar,6,72,66,3,147,0,0,33,3,36,6,72,99,6,183,10,0,10,193
05/18/2013,BTR,LA,ASW,CE,Combined TRACON& Tower with Radar,6,38,34,6,84,0,1,39,2,42,6,39,73,8,126,6,0,6,132
05/19/2013,BTR,LA,ASW,CE,Combined TRACON& Tower with Radar,8,53,29,6,96,0,0,21,2,23,8,53,50,8,119,10,0,10,129
05/20/2013,BTR,LA,ASW,CE,Combined TRACON& Tower with Radar,6,67,49,0,122,0,0,31,0,31,6,67,80,0,153,32,0,32,185
05/21/2013,BTR,LA,ASW,CE,Combined TRACON& Tower with Radar,6,64,70,6,146,0,0,28,0,28,6,64,98,6,174,21,0,21,195
05/22/2013,BTR,LA,ASW,CE,Combined TRACON& Tower with Radar,6,84,45,5,140,0,0,15,4,19,6,84,60,9,159,8,0,8,167
05/23/2013,BTR,LA,ASW,CE,Combined TRACON& Tower with Radar,6,68,45,3,122,0,0,31,0,31,6,68,76,3,153,42,2,44,197
05/24/2013,BTR,LA,ASW,CE,Combined TRACON& Tower with Radar,6,73,42,1,122,0,3,58,1,62,6,76,100,2,184,10,0,10,194
05/25/2013,BTR,LA,ASW,CE,Combined TRACON& Tower with Radar,4,42,30,0,76,0,0,27,0,27,4,42,57,0,103,0,0,0,103
05/26/2013,BTR,LA,ASW,CE,Combined TRACON& Tower with Radar,6,39,16,0,61,0,0,24,0,24,6,39,40,0,85,8,0,8,93
05/27/2013,BTR,LA,ASW,CE,Combined TRACON& Tower with Radar,7,66,34,0,107,0,2,42,0,44,7,68,76,0,151,30,0,30,181
05/28/2013,BTR,LA,ASW,CE,Combined TRACON& Tower with Radar,6,69,76,0,151,0,0,30,0,30,6,69,106,0,181,16,0,16,197
05/29/2013,BTR,LA,ASW,CE,Combined TRACON& Tower with Radar,6,64,60,8,138,0,0,22,0,22,6,64,82,8,160,22,0,22,182
05/30/2013,BTR,LA,ASW,CE,Combined TRACON& Tower with Radar,8,67,62,12,149,0,3,54,0,57,8,70,116,12,206,4,8,12,218
05/31/2013,BTR,LA,ASW,CE,Combined TRACON& Tower with Radar,6,71,63,2,142,0,0,47,0,47,6,71,110,2,189,27,0,27,216
06/01/2013,BTR,LA,ASW,CE,Combined TRACON& Tower with Radar,6,35,56,0,97,0,2,30,4,36,6,37,86,4,133,8,0,8,141
06/02/2013,BTR,LA,ASW,CE,Combined TRACON& Tower with Radar,8,55,26,0,89,0,0,22,0,22,8,55,48,0,111,10,0,10,121
06/03/2013,BTR,LA,ASW,CE,Combined TRACON& Tower with Radar,6,68,33,0,107,0,0,52,0,52,6,68,85,0,159,30,0,30,189
06/04/2013,BTR,LA,ASW,CE,Combined TRACON& Tower with Radar,6,61,50,4,121,0,1,72,3,76,6,62,122,7,197,42,0,42,239
06/05/2013,BTR,LA,ASW,CE,Combined TRACON& Tower with Radar,6,57,72,0,135,0,1,43,0,44,6,58,115,0,179,16,0,16,195
06/06/2013,BTR,LA,ASW,CE,Combined TRACON& Tower with Radar,5,64,46,0,115,0,0,43,0,43,5,64,89,0,158,32,0,32,190
06/07/2013,BTR,LA,ASW,CE,Combined TRACON& Tower with Radar,6,63,76,0,145,0,0,33,2,35,6,63,109,2,180,28,0,28,208
06/08/2013,BTR,LA,ASW,CE,Combined TRACON& Tower with Radar,6,40,23,1,70,0,0,30,5,35,6,40,53,6,105,14,0,14,119
06/09/2013,BTR,LA,ASW,CE,Combined TRACON& Tower with Radar,10,46,37,6,99,0,2,16,0,18,10,48,53,6,117,0,0,0,117
06/10/2013,BTR,LA,ASW,CE,Combined TRACON& Tower with Radar,6,62,58,0,126,0,0,46,0,46,6,62,104,0,172,60,0,60,232
06/11/2013,BTR,LA,ASW,CE,Combined TRACON& Tower with Radar,6,63,52,3,124,0,0,52,1,53,6,63,104,4,177,54,0,54,231
06/12/2013,BTR,LA,ASW,CE,Combined TRACON& Tower with Radar,6,69,63,6,144,0,0,60,0,60,6,69,123,6,204,20,0,20,224
06/13/2013,BTR,LA,ASW,CE,Combined TRACON& Tower with Radar,8,81,59,3,151,0,0,66,1,67,8,81,125,4,218,57,0,57,275
06/14/2013,BTR,LA,ASW,CE,Combined TRACON& Tower with Radar,6,69,47,0,122,0,3,35,0,38,6,72,82,0,160,20,0,20,180
06/15/2013,BTR,LA,ASW,CE,Combined TRACON& Tower with Radar,4,48,19,0,71,0,5,42,0,47,4,53,61,0,118,0,0,0,118
06/16/2013,BTR,LA,ASW,CE,Combined TRACON& Tower with Radar,6,59,43,0,108,0,2,24,4,30,6,61,67,4,138,32,0,32,170
06/17/2013,BTR,LA,ASW,CE,Combined TRACON& Tower with Radar,6,72,36,0,114,0,0,45,2,47,6,72,81,2,161,22,0,22,183
06/18/2013,BTR,LA,ASW,CE,Combined TRACON& Tower with Radar,6,68,73,7,154,0,0,38,1,39,6,68,111,8,193,68,8,76,269
06/19/2013,BTR,LA,ASW,CE,Combined TRACON& Tower with Radar,7,62,49,0,118,0,1,14,1,16,7,63,63,1,134,18,0,18,152
06/20/2013,BTR,LA,ASW,CE,Combined TRACON& Tower with Radar,7,69,73,0,149,0,0,26,4,30,7,69,99,4,179,20,0,20,199
06/21/2013,BTR,LA,ASW,CE,Combined TRACON& Tower with Radar,6,72,60,0,138,0,0,58,0,58,6,72,118,0,196,46,0,46,242
06/22/2013,BTR,LA,ASW,CE,Combined TRACON& Tower with Radar,4,48,19,0,71,0,3,29,0,32,4,51,48,0,103,46,0,46,149
06/23/2013,BTR,LA,ASW,CE,Combined TRACON& Tower with Radar,6,58,37,0,101,0,3,37,0,40,6,61,74,0,141,48,0,48,189
06/24/2013,BTR,LA,ASW,CE,Combined TRACON& Tower with Radar,5,68,41,3,117,0,5,48,0,53,5,73,89,3,170,49,3,52,222
06/25/2013,BTR,LA,ASW,CE,Combined TRACON& Tower with Radar,6,72,57,0,135,0,1,58,0,59,6,73,115,0,194,0,0,0,194
06/26/2013,BTR,LA,ASW,CE,Combined TRACON& Tower with Radar,8,63,46,14,131,0,1,57,2,60,8,64,103,16,191,48,10,58,249
06/27/2013,BTR,LA,ASW,CE,Combined TRACON& Tower with Radar,6,71,63,5,145,0,3,61,3,67,6,74,124,8,212,0,0,0,212
06/28/2013,BTR,LA,ASW,CE,Combined TRACON& Tower with Radar,6,66,59,1,132,0,8,56,1,65,6,74,115,2,197,34,1,35,232
06/29/2013,BTR,LA,ASW,CE,Combined TRACON& Tower with Radar,6,46,25,2,79,0,5,26,2,33,6,51,51,4,112,46,0,46,158
06/30/2013,BTR,LA,ASW,CE,Combined TRACON& Tower with Radar,6,59,35,4,104,0,3,38,0,41,6,62,73,4,145,30,0,30,175
07/01/2013,BTR,LA,ASW,CE,Combined TRACON& Tower with Radar,6,64,53,0,123,0,1,51,0,52,6,65,104,0,175,36,0,36,211
07/02/2013,BTR,LA,ASW,CE,Combined TRACON& Tower with Radar,6,51,44,0,101,0,4,65,0,69,6,55,109,0,170,26,0,26,196
07/03/2013,BTR,LA,ASW,CE,Combined TRACON& Tower with Radar,6,55,52,7,120,0,0,36,1,37,6,55,88,8,157,22,4,26,183
07/04/2013,BTR,LA,ASW,CE,Combined TRACON& Tower with Radar,4,42,9,0,55,0,1,22,1,24,4,43,31,1,79,18,0,18,97
07/05/2013,BTR,LA,ASW,CE,Combined TRACON& Tower with Radar,6,46,18,0,70,0,0,17,4,21,6,46,35,4,91,26,0,26,117
07/06/2013,BTR,LA,ASW,CE,Combined TRACON& Tower with Radar,4,38,25,0,67,0,0,16,0,16,4,38,41,0,83,12,0,12,95
07/07/2013,BTR,LA,ASW,CE,Combined TRACON& Tower with Radar,6,52,45,0,103,0,2,17,0,19,6,54,62,0,122,108,0,108,230
07/08/2013,BTR,LA,ASW,CE,Combined TRACON& Tower with Radar,6,70,53,0,129,0,0,46,0,46,6,70,99,0,175,36,0,36,211
07/09/2013,BTR,LA,ASW,CE,Combined TRACON& Tower with Radar,5,64,56,4,129,0,4,63,0,67,5,68,119,4,196,36,0,36,232
07/10/2013,BTR,LA,ASW,CE,Combined TRACON& Tower with Radar,4,63,62,14,143,0,0,43,0,43,4,63,105,14,186,28,4,32,218
07/11/2013,BTR,LA,ASW,CE,Combined TRACON& Tower with Radar,6,59,47,1,113,0,0,19,0,19,6,59,66,1,132,35,0,35,167
07/12/2013,BTR,LA,ASW,CE,Combined TRACON& Tower with Radar,6,61,44,0,111,1,1,31,1,34,7,62,75,1,145,0,1,1,146
07/13/2013,BTR,LA,ASW,CE,Combined TRACON& Tower with Radar,4,39,29,2,74,0,1,44,0,45,4,40,73,2,119,40,0,40,159
07/14/2013,BTR,LA,ASW,CE,Combined TRACON& Tower with Radar,3,56,40,0,99,0,10,21,0,31,3,66,61,0,130,8,0,8,138
07/15/2013,BTR,LA,ASW,CE,Combined TRACON& Tower with Radar,6,61,50,0,117,0,2,20,0,22,6,63,70,0,139,12,0,12,151
07/16/2013,BTR,LA,ASW,CE,Combined TRACON& Tower with Radar,8,62,63,4,137,0,2,22,0,24,8,64,85,4,161,62,0,62,223
07/17/2013,BTR,LA,ASW,CE,Combined TRACON& Tower with Radar,4,54,70,2,130,0,0,48,0,48,4,54,118,2,178,44,0,44,222
07/18/2013,BTR,LA,ASW,CE,Combined TRACON& Tower with Radar,4,58,50,0,112,0,2,33,0,35,4,60,83,0,147,56,0,56,203
07/19/2013,BTR,LA,ASW,CE,Combined TRACON& Tower with Radar,5,66,48,0,119,0,3,52,4,59,5,69,100,4,178,24,0,24,202
07/20/2013,BTR,LA,ASW,CE,Combined TRACON& Tower with Radar,5,43,29,1,78,0,1,43,1,45,5,44,72,2,123,20,2,22,145
07/21/2013,BTR,LA,ASW,CE,Combined TRACON& Tower with Radar,6,49,42,0,97,0,0,5,0,5,6,49,47,0,102,14,0,14,116
07/22/2013,BTR,LA,ASW,CE,Combined TRACON& Tower with Radar,5,58,45,0,108,0,1,48,0,49,5,59,93,0,157,12,0,12,169
07/23/2013,BTR,LA,ASW,CE,Combined TRACON& Tower with Radar,5,63,54,1,123,0,4,51,0,55,5,67,105,1,178,42,0,42,220
07/24/2013,BTR,LA,ASW,CE,Combined TRACON& Tower with Radar,8,63,51,0,122,0,0,56,0,56,8,63,107,0,178,8,0,8,186
07/25/2013,BTR,LA,ASW,CE,Combined TRACON& Tower with Radar,3,42,39,4,88,0,0,47,0,47,3,42,86,4,135,20,0,20,155
07/26/2013,BTR,LA,ASW,CE,Combined TRACON& Tower with Radar,5,61,58,4,128,0,1,28,2,31,5,62,86,6,159,24,0,24,183
07/27/2013,BTR,LA,ASW,CE,Combined TRACON& Tower with Radar,4,47,12,0,63,0,2,14,0,16,4,49,26,0,79,10,0,10,89
07/28/2013,BTR,LA,ASW,CE,Combined TRACON& Tower with Radar,6,54,38,1,99,0,4,23,0,27,6,58,61,1,126,32,0,32,158
07/29/2013,BTR,LA,ASW,CE,Combined TRACON& Tower with Radar,6,57,32,1,96,0,3,38,1,42,6,60,70,2,138,29,0,29,167
07/30/2013,BTR,LA,ASW,CE,Combined TRACON& Tower with Radar,6,61,40,11,118,0,2,46,4,52,6,63,86,15,170,16,10,26,196
07/31/2013,BTR,LA,ASW,CE,Combined TRACON& Tower with Radar,6,65,69,6,146,0,5,54,4,63,6,70,123,10,209,20,0,20,229
08/01/2013,BTR,LA,ASW,CE,Combined TRACON& Tower with Radar,6,70,73,0,149,0,2,46,4,52,6,72,119,4,201,62,0,62,263
08/02/2013,BTR,LA,ASW,CE,Combined TRACON& Tower with Radar,6,60,48,0,114,0,0,51,0,51,6,60,99,0,165,46,0,46,211
08/03/2013,BTR,LA,ASW,CE,Combined TRACON& Tower with Radar,4,40,32,0,76,0,10,49,0,59,4,50,81,0,135,24,0,24,159
08/04/2013,BTR,LA,ASW,CE,Combined TRACON& Tower with Radar,6,59,36,0,101,0,0,52,1,53,6,59,88,1,154,30,0,30,184
08/05/2013,BTR,LA,ASW,CE,Combined TRACON& Tower with Radar,6,58,25,5,94,2,0,39,0,41,8,58,64,5,135,50,2,52,187
08/06/2013,BTR,LA,ASW,CE,Combined TRACON& Tower with Radar,6,61,63,0,130,1,2,57,0,60,7,63,120,0,190,42,0,42,232
08/07/2013,BTR,LA,ASW,CE,Combined TRACON& Tower with Radar,5,63,43,14,125,0,0,67,1,68,5,63,110,15,193,82,18,100,293
08/08/2013,BTR,LA,ASW,CE,Combined TRACON& Tower with Radar,5,73,46,0,124,0,0,45,0,45,5,73,91,0,169,30,0,30,199
08/09/2013,BTR,LA,ASW,CE,Combined TRACON& Tower with Radar,6,68,36,1,111,0,0,16,0,16,6,68,52,1,127,20,0,20,147
08/10/2013,BTR,LA,ASW,CE,Combined TRACON& Tower with Radar,4,46,20,0,70,0,5,31,0,36,4,51,51,0,106,58,0,58,164
08/11/2013,BTR,LA,ASW,CE,Combined TRACON& Tower with Radar,6,50,26,0,82,0,0,31,0,31,6,50,57,0,113,38,0,38,151
08/12/2013,BTR,LA,ASW,CE,Combined TRACON& Tower with Radar,6,60,45,0,111,0,4,39,0,43,6,64,84,0,154,32,0,32,186
08/13/2013,BTR,LA,ASW,CE,Combined TRACON& Tower with Radar,6,62,75,1,144,0,1,39,2,42,6,63,114,3,186,12,0,12,198
08/14/2013,BTR,LA,ASW,CE,Combined TRACON& Tower with Radar,5,61,69,0,135,0,2,9,0,11,5,63,78,0,146,12,0,12,158
08/15/2013,BTR,LA,ASW,CE,Combined TRACON& Tower with Radar,5,68,61,2,136,0,0,37,2,39,5,68,98,4,175,28,0,28,203
08/16/2013,BTR,LA,ASW,CE,Combined TRACON& Tower with Radar,6,71,50,4,131,0,3,55,0,58,6,74,105,4,189,10,0,10,199
08/17/2013,BTR,LA,ASW,CE,Combined TRACON& Tower with Radar,4,46,23,0,73,0,2,28,0,30,4,48,51,0,103,16,0,16,119
08/18/2013,BTR,LA,ASW,CE,Combined TRACON& Tower with Radar,6,48,41,0,95,0,2,27,0,29,6,50,68,0,124,24,0,24,148
08/19/2013,BTR,LA,ASW,CE,Combined TRACON& Tower with Radar,6,54,34,6,100,0,0,31,1,32,6,54,65,7,132,18,14,32,164
08/20/2013,BTR,LA,ASW,CE,Combined TRACON& Tower with Radar,6,52,71,0,129,0,1,34,0,35,6,53,105,0,164,0,0,0,164
08/21/2013,BTR,LA,ASW,CE,Combined TRACON& Tower with Radar,6,58,58,5,127,0,2,33,5,40,6,60,91,10,167,24,10,34,201
08/22/2013,BTR,LA,ASW,CE,Combined TRACON& Tower with Radar,6,64,57,17,144,0,0,56,8,64,6,64,113,25,208,37,18,55,263
08/23/2013,BTR,LA,ASW,CE,Combined TRACON& Tower with Radar,5,61,63,0,129,0,0,39,4,43,5,61,102,4,172,20,0,20,192
08/24/2013,BTR,LA,ASW,CE,Combined TRACON& Tower with Radar,4,41,22,0,67,0,0,26,0,26,4,41,48,0,93,8,0,8,101
08/25/2013,BTR,LA,ASW,CE,Combined TRACON& Tower with Radar,6,49,22,0,77,0,4,22,0,26,6,53,44,0,103,36,0,36,139
08/26/2013,BTR,LA,ASW,CE,Combined TRACON& Tower with Radar,6,56,59,0,121,0,0,30,0,30,6,56,89,0,151,22,0,22,173
08/27/2013,BTR,LA,ASW,CE,Combined TRACON& Tower with Radar,6,58,72,23,159,0,3,58,2,63,6,61,130,25,222,42,46,88,310
08/28/2013,BTR,LA,ASW,CE,Combined TRACON& Tower with Radar,5,61,55,0,121,0,3,83,7,93,5,64,138,7,214,48,0,48,262
08/29/2013,BTR,LA,ASW,CE,Combined TRACON& Tower with Radar,7,76,68,4,155,0,4,69,2,75,7,80,137,6,230,36,0,36,266
08/30/2013,BTR,LA,ASW,CE,Combined TRACON& Tower with Radar,14,74,65,0,153,0,2,46,0,48,14,76,111,0,201,18,0,18,219
08/31/2013,BTR,LA,ASW,CE,Combined TRACON& Tower with Radar,4,35,23,0,62,0,0,58,0,58,4,35,81,0,120,22,0,22,142
09/01/2013,BTR,LA,ASW,CE,Combined TRACON& Tower with Radar,10,39,46,0,95,0,0,27,0,27,10,39,73,0,122,6,0,6,128
09/02/2013,BTR,LA,ASW,CE,Combined TRACON& Tower with Radar,6,54,48,0,108,0,0,44,0,44,6,54,92,0,152,0,0,0,152
09/03/2013,BTR,LA,ASW,CE,Combined TRACON& Tower with Radar,10,59,47,0,116,0,0,38,2,40,10,59,85,2,156,54,0,54,210
09/04/2013,BTR,LA,ASW,CE,Combined TRACON& Tower with Radar,4,62,54,0,120,0,2,57,0,59,4,64,111,0,179,0,0,0,179
09/05/2013,BTR,LA,ASW,CE,Combined TRACON& Tower with Radar,6,72,45,0,123,0,1,45,2,48,6,73,90,2,171,0,0,0,171
09/06/2013,BTR,LA,ASW,CE,Combined TRACON& Tower with Radar,6,74,51,2,133,0,2,43,0,45,6,76,94,2,178,20,0,20,198
09/07/2013,BTR,LA,ASW,CE,Combined TRACON& Tower with Radar,4,40,37,0,81,0,0,60,0,60,4,40,97,0,141,22,0,22,163
09/08/2013,BTR,LA,ASW,CE,Combined TRACON& Tower with Radar,5,53,32,4,94,0,0,51,0,51,5,53,83,4,145,16,0,16,161
09/09/2013,BTR,LA,ASW,CE,Combined TRACON& Tower with Radar,6,58,56,6,126,0,1,44,0,45,6,59,100,6,171,22,0,22,193
09/10/2013,BTR,LA,ASW,CE,Combined TRACON& Tower with Radar,6,52,48,2,108,0,2,53,0,55,6,54,101,2,163,66,0,66,229
09/11/2013,BTR,LA,ASW,CE,Combined TRACON& Tower with Radar,4,63,47,2,116,0,2,47,0,49,4,65,94,2,165,81,0,81,246
09/12/2013,BTR,LA,ASW,CE,Combined TRACON& Tower with Radar,6,68,34,0,108,0,0,65,0,65,6,68,99,0,173,36,0,36,209
09/13/2013,BTR,LA,ASW,CE,Combined TRACON& Tower with Radar,7,67,40,3,117,0,7,59,0,66,7,74,99,3,183,8,0,8,191
09/14/2013,BTR,LA,ASW,CE,Combined TRACON& Tower with Radar,5,42,29,5,81,0,2,62,0,64,5,44,91,5,145,11,0,11,156
09/15/2013,BTR,LA,ASW,CE,Combined TRACON& Tower with Radar,6,59,31,6,102,0,1,45,0,46,6,60,76,6,148,72,0,72,220
09/16/2013,BTR,LA,ASW,CE,Combined TRACON& Tower with Radar,6,55,40,2,103,0,0,63,2,65,6,55,103,4,168,52,0,52,220
09/17/2013,BTR,LA,ASW,CE,Combined TRACON& Tower with Radar,6,51,61,4,122,0,2,68,2,72,6,53,129,6,194,74,0,74,268
09/18/2013,BTR,LA,ASW,CE,Combined TRACON& Tower with Radar,4,60,49,7,120,0,0,52,3,55,4,60,101,10,175,156,6,162,337
09/19/2013,BTR,LA,ASW,CE,Combined TRACON& Tower with Radar,6,62,49,0,117,0,0,54,0,54,6,62,103,0,171,140,0,140,311
09/20/2013,BTR,LA,ASW,CE,Combined TRACON& Tower with Radar,6,66,45,2,119,0,0,25,2,27,6,66,70,4,146,90,0,90,236
09/21/2013,BTR,LA,ASW,CE,Combined TRACON& Tower with Radar,5,38,45,1,89,0,0,6,0,6,5,38,51,1,95,0,0,0,95
09/22/2013,BTR,LA,ASW,CE,Combined TRACON& Tower with Radar,6,51,35,1,93,0,2,15,0,17,6,53,50,1,110,6,0,6,116
09/23/2013,BTR,LA,ASW,CE,Combined TRACON& Tower with Radar,5,74,42,0,121,0,5,48,0,53,5,79,90,0,174,126,0,126,300
09/24/2013,BTR,LA,ASW,CE,Combined TRACON& Tower with Radar,5,49,63,4,121,0,0,36,0,36,5,49,99,4,157,176,10,186,343
09/25/2013,BTR,LA,ASW,CE,Combined TRACON& Tower with Radar,6,64,43,0,113,0,1,78,4,83,6,65,121,4,196,120,0,120,316
09/26/2013,BTR,LA,ASW,CE,Combined TRACON& Tower with Radar,7,67,81,8,163,0,2,67,3,72,7,69,148,11,235,234,0,234,469
09/27/2013,BTR,LA,ASW,CE,Combined TRACON& Tower with Radar,6,78,55,1,140,0,0,82,1,83,6,78,137,2,223,154,0,154,377
09/28/2013,BTR,LA,ASW,CE,Combined TRACON& Tower with Radar,5,49,44,0,98,1,0,59,0,60,6,49,103,0,158,42,0,42,200
09/29/2013,BTR,LA,ASW,CE,Combined TRACON& Tower with Radar,7,54,39,0,100,0,0,30,4,34,7,54,69,4,134,36,0,36,170
09/30/2013,BTR,LA,ASW,CE,Combined TRACON& Tower with Radar,6,63,50,0,119,0,0,34,2,36,6,63,84,2,155,146,0,146,301
10/01/2013,BTR,LA,ASW,CE,Combined TRACON& Tower with Radar,6,64,57,0,127,0,0,26,0,26,6,64,83,0,153,114,0,114,267
10/02/2013,BTR,LA,ASW,CE,Combined TRACON& Tower with Radar,6,61,56,1,124,0,0,53,1,54,6,61,109,2,178,90,0,90,268
10/03/2013,BTR,LA,ASW,CE,Combined TRACON& Tower with Radar,5,65,61,8,139,0,0,41,0,41,5,65,102,8,180,115,0,115,295
10/04/2013,BTR,LA,ASW,CE,Combined TRACON& Tower with Radar,5,68,58,0,131,2,2,40,3,47,7,70,98,3,178,138,0,138,316
10/05/2013,BTR,LA,ASW,CE,Combined TRACON& Tower with Radar,8,31,30,0,69,0,0,12,4,16,8,31,42,4,85,52,0,52,137
10/06/2013,BTR,LA,ASW,CE,Combined TRACON& Tower with Radar,4,58,31,1,94,0,0,9,0,9,4,58,40,1,103,20,0,20,123
10/07/2013,BTR,LA,ASW,CE,Combined TRACON& Tower with Radar,6,60,41,0,107,0,2,77,1,80,6,62,118,1,187,156,0,156,343
10/08/2013,BTR,LA,ASW,CE,Combined TRACON& Tower with Radar,6,51,47,0,104,0,0,84,0,84,6,51,131,0,188,158,0,158,346
10/09/2013,BTR,LA,ASW,CE,Combined TRACON& Tower with Radar,7,66,50,0,123,0,2,114,0,116,7,68,164,0,239,192,0,192,431
10/10/2013,BTR,LA,ASW,CE,Combined TRACON& Tower with Radar,6,58,50,1,115,0,0,35,0,35,6,58,85,1,150,54,0,54,204
10/11/2013,BTR,LA,ASW,CE,Combined TRACON& Tower with Radar,5,83,83,2,173,0,1,73,0,74,5,84,156,2,247,100,0,100,347
10/12/2013,BTR,LA,ASW,CE,Combined TRACON& Tower with Radar,7,54,83,0,144,1,0,56,0,57,8,54,139,0,201,52,0,52,253
10/13/2013,BTR,LA,ASW,CE,Combined TRACON& Tower with Radar,5,55,70,0,130,0,2,44,0,46,5,57,114,0,176,16,0,16,192
10/14/2013,BTR,LA,ASW,CE,Combined TRACON& Tower with Radar,7,64,33,0,104,0,0,65,0,65,7,64,98,0,169,88,0,88,257
10/15/2013,BTR,LA,ASW,CE,Combined TRACON& Tower with Radar,6,59,44,0,109,0,2,68,0,70,6,61,112,0,179,192,0,192,371
10/16/2013,BTR,LA,ASW,CE,Combined TRACON& Tower with Radar,6,59,58,0,123,0,1,54,0,55,6,60,112,0,178,120,0,120,298
10/17/2013,BTR,LA,ASW,CE,Combined TRACON& Tower with Radar,6,61,95,0,162,0,0,17,0,17,6,61,112,0,179,100,0,100,279
10/18/2013,BTR,LA,ASW,CE,Combined TRACON& Tower with Radar,8,64,53,0,125,3,0,84,0,87,11,64,137,0,212,142,0,142,354
10/19/2013,BTR,LA,ASW,CE,Combined TRACON& Tower with Radar,6,35,49,0,90,0,0,24,0,24,6,35,73,0,114,54,0,54,168
10/20/2013,BTR,LA,ASW,CE,Combined TRACON& Tower with Radar,6,52,44,0,102,0,0,47,0,47,6,52,91,0,149,34,0,34,183
10/21/2013,BTR,LA,ASW,CE,Combined TRACON& Tower with Radar,6,61,43,2,112,0,2,43,0,45,6,63,86,2,157,90,0,90,247
10/22/2013,BTR,LA,ASW,CE,Combined TRACON& Tower with Radar,6,69,48,4,127,0,2,56,2,60,6,71,104,6,187,104,0,104,291
10/23/2013,BTR,LA,ASW,CE,Combined TRACON& Tower with Radar,6,57,43,1,107,0,0,82,3,85,6,57,125,4,192,182,0,182,374
10/24/2013,BTR,LA,ASW,CE,Combined TRACON& Tower with Radar,6,70,61,1,138,0,0,84,1,85,6,70,145,2,223,134,0,134,357
10/25/2013,BTR,LA,ASW,CE,Combined TRACON& Tower with Radar,9,71,61,0,141,1,3,79,0,83,10,74,140,0,224,70,0,70,294
10/26/2013,BTR,LA,ASW,CE,Combined TRACON& Tower with Radar,9,53,38,0,100,0,4,71,0,75,9,57,109,0,175,52,0,52,227
10/27/2013,BTR,LA,ASW,CE,Combined TRACON& Tower with Radar,6,52,46,0,104,0,0,35,0,35,6,52,81,0,139,38,0,38,177
10/28/2013,BTR,LA,ASW,CE,Combined TRACON& Tower with Radar,8,66,55,0,129,0,0,68,0,68,8,66,123,0,197,96,0,96,293
10/29/2013,BTR,LA,ASW,CE,Combined TRACON& Tower with Radar,6,65,57,9,137,0,0,55,3,58,6,65,112,12,195,122,26,148,343
10/30/2013,BTR,LA,ASW,CE,Combined TRACON& Tower with Radar,6,68,62,6,142,2,0,50,0,52,8,68,112,6,194,100,0,100,294
10/31/2013,BTR,LA,ASW,CE,Combined TRACON& Tower with Radar,4,48,29,0,81,0,1,18,0,19,4,49,47,0,100,70,0,70,170
11/01/2013,BTR,LA,ASW,CE,Combined TRACON& Tower with Radar,4,66,70,3,143,0,0,66,1,67,4,66,136,4,210,142,0,142,352
11/02/2013,BTR,LA,ASW,CE,Combined TRACON& Tower with Radar,4,36,30,2,72,0,0,47,0,47,4,36,77,2,119,20,0,20,139
11/03/2013,BTR,LA,ASW,CE,Combined TRACON& Tower with Radar,5,33,23,0,61,0,0,42,6,48,5,33,65,6,109,52,0,52,161
11/04/2013,BTR,LA,ASW,CE,Combined TRACON& Tower with Radar,6,69,47,0,122,0,0,57,0,57,6,69,104,0,179,106,0,106,285
11/05/2013,BTR,LA,ASW,CE,Combined TRACON& Tower with Radar,8,59,45,8,120,0,1,46,0,47,8,60,91,8,167,100,0,100,267
11/06/2013,BTR,LA,ASW,CE,Combined TRACON& Tower with Radar,6,56,51,2,115,0,0,46,7,53,6,56,97,9,168,172,0,172,340
11/07/2013,BTR,LA,ASW,CE,Combined TRACON& Tower with Radar,6,72,64,1,143,0,1,46,2,49,6,73,110,3,192,106,0,106,298
11/08/2013,BTR,LA,ASW,CE,Combined TRACON& Tower with Radar,6,73,56,2,137,0,6,97,0,103,6,79,153,2,240,134,0,134,374
11/09/2013,BTR,LA,ASW,CE,Combined TRACON& Tower with Radar,6,37,23,0,66,0,1,64,0,65,6,38,87,0,131,28,0,28,159
11/10/2013,BTR,LA,ASW,CE,Combined TRACON& Tower with Radar,4,55,41,0,100,0,2,52,0,54,4,57,93,0,154,0,0,0,154
11/11/2013,BTR,LA,ASW,CE,Combined TRACON& Tower with Radar,6,60,61,0,127,0,0,58,0,58,6,60,119,0,185,176,0,176,361
11/12/2013,BTR,LA,ASW,CE,Combined TRACON& Tower with Radar,6,63,50,16,135,0,2,41,5,48,6,65,91,21,183,84,10,94,277
11/13/2013,BTR,LA,ASW,CE,Combined TRACON& Tower with Radar,6,67,69,2,144,0,1,57,0,58,6,68,126,2,202,85,14,99,301
11/14/2013,BTR,LA,ASW,CE,Combined TRACON& Tower with Radar,4,77,68,2,151,0,0,74,0,74,4,77,142,2,225,158,0,158,383
11/15/2013,BTR,LA,ASW,CE,Combined TRACON& Tower with Radar,4,73,59,1,137,0,1,50,1,52,4,74,109,2,189,134,0,134,323
11/16/2013,BTR,LA,ASW,CE,Combined TRACON& Tower with Radar,6,33,33,0,72,0,0,38,0,38,6,33,71,0,110,68,0,68,178
11/17/2013,BTR,LA,ASW,CE,Combined TRACON& Tower with Radar,6,54,54,1,115,0,0,10,1,11,6,54,64,2,126,2,0,2,128
11/18/2013,BTR,LA,ASW,CE,Combined TRACON& Tower with Radar,6,61,62,0,129,0,1,41,2,44,6,62,103,2,173,110,0,110,283
11/19/2013,BTR,LA,ASW,CE,Combined TRACON& Tower with Radar,6,58,60,14,138,0,0,54,2,56,6,58,114,16,194,122,12,134,328
11/20/2013,BTR,LA,ASW,CE,Combined TRACON& Tower with Radar,6,64,81,0,151,0,1,109,4,114,6,65,190,4,265,162,0,162,427
11/21/2013,BTR,LA,ASW,CE,Combined TRACON& Tower with Radar,6,59,75,0,140,0,0,1,0,1,6,59,76,0,141,0,0,0,141
11/22/2013,BTR,LA,ASW,CE,Combined TRACON& Tower with Radar,24,60,107,4,195,0,0,5,0,5,24,60,112,4,200,44,0,44,244
11/23/2013,BTR,LA,ASW,CE,Combined TRACON& Tower with Radar,8,85,144,0,237,0,0,0,0,0,8,85,144,0,237,0,0,0,237
11/24/2013,BTR,LA,ASW,CE,Combined TRACON& Tower with Radar,6,54,97,0,157,0,1,58,0,59,6,55,155,0,216,46,0,46,262
11/25/2013,BTR,LA,ASW,CE,Combined TRACON& Tower with Radar,6,49,18,0,73,0,0,4,0,4,6,49,22,0,77,28,0,28,105
11/26/2013,BTR,LA,ASW,CE,Combined TRACON& Tower with Radar,6,59,37,0,102,0,0,0,0,0,6,59,37,0,102,0,0,0,102
11/27/2013,BTR,LA,ASW,CE,Combined TRACON& Tower with Radar,6,62,64,0,132,0,2,57,0,59,6,64,121,0,191,34,0,34,225
11/28/2013,BTR,LA,ASW,CE,Combined TRACON& Tower with Radar,5,39,10,0,54,0,0,20,0,20,5,39,30,0,74,0,0,0,74
11/29/2013,BTR,LA,ASW,CE,Combined TRACON& Tower with Radar,5,56,69,0,130,0,2,70,0,72,5,58,139,0,202,8,0,8,210
11/30/2013,BTR,LA,ASW,CE,Combined TRACON& Tower with Radar,4,51,40,0,95,0,0,60,0,60,4,51,100,0,155,10,0,10,165
12/01/2013,BTR,LA,ASW,CE,Combined TRACON& Tower with Radar,6,56,63,0,125,0,0,43,0,43,6,56,106,0,168,24,0,24,192
12/02/2013,BTR,LA,ASW,CE,Combined TRACON& Tower with Radar,6,57,42,7,112,0,0,30,1,31,6,57,72,8,143,84,8,92,235
12/03/2013,BTR,LA,ASW,CE,Combined TRACON& Tower with Radar,6,49,72,11,138,0,4,30,0,34,6,53,102,11,172,46,6,52,224
12/04/2013,BTR,LA,ASW,CE,Combined TRACON& Tower with Radar,6,55,61,11,133,0,4,32,11,47,6,59,93,22,180,100,0,100,280
12/05/2013,BTR,LA,ASW,CE,Combined TRACON& Tower with Radar,6,51,55,0,112,0,4,23,2,29,6,55,78,2,141,96,0,96,237
12/06/2013,BTR,LA,ASW,CE,Combined TRACON& Tower with Radar,6,37,23,0,66,0,0,0,0,0,6,37,23,0,66,0,0,0,66
12/07/2013,BTR,LA,ASW,CE,Combined TRACON& Tower with Radar,4,24,11,0,39,0,0,0,0,0,4,24,11,0,39,8,0,8,47
12/08/2013,BTR,LA,ASW,CE,Combined TRACON& Tower with Radar,6,40,38,0,84,0,0,0,0,0,6,40,38,0,84,0,0,0,84
12/09/2013,BTR,LA,ASW,CE,Combined TRACON& Tower with Radar,6,38,50,0,94,0,0,1,0,1,6,38,51,0,95,0,0,0,95
12/10/2013,BTR,LA,ASW,CE,Combined TRACON& Tower with Radar,6,52,73,0,131,0,4,60,5,69,6,56,133,5,200,110,0,110,310
12/11/2013,BTR,LA,ASW,CE,Combined TRACON& Tower with Radar,6,63,108,5,182,0,8,92,4,104,6,71,200,9,286,120,0,120,406
12/12/2013,BTR,LA,ASW,CE,Combined TRACON& Tower with Radar,6,58,81,3,148,0,6,52,3,61,6,64,133,6,209,84,0,84,293
12/13/2013,BTR,LA,ASW,CE,Combined TRACON& Tower with Radar,6,59,59,5,129,0,2,42,0,44,6,61,101,5,173,28,2,30,203
12/14/2013,BTR,LA,ASW,CE,Combined TRACON& Tower with Radar,4,44,15,1,64,0,2,10,0,12,4,46,25,1,76,6,0,6,82
12/15/2013,BTR,LA,ASW,CE,Combined TRACON& Tower with Radar,6,44,39,0,89,1,0,42,0,43,7,44,81,0,132,40,0,40,172
12/16/2013,BTR,LA,ASW,CE,Combined TRACON& Tower with Radar,8,54,46,1,109,0,0,67,0,67,8,54,113,1,176,8,0,8,184
12/17/2013,BTR,LA,ASW,CE,Combined TRACON& Tower with Radar,8,57,40,11,116,0,5,62,2,69,8,62,102,13,185,24,0,24,209
12/18/2013,BTR,LA,ASW,CE,Combined TRACON& Tower with Radar,6,60,65,2,133,3,2,71,0,76,9,62,136,2,209,48,0,48,257
12/19/2013,BTR,LA,ASW,CE,Combined TRACON& Tower with Radar,6,54,64,2,126,0,0,32,3,35,6,54,96,5,161,68,0,68,229
12/20/2013,BTR,LA,ASW,CE,Combined TRACON& Tower with Radar,6,63,68,0,137,0,0,27,1,28,6,63,95,1,165,8,0,8,173
12/21/2013,BTR,LA,ASW,CE,Combined TRACON& Tower with Radar,5,47,20,0,72,0,0,1,0,1,5,47,21,0,73,0,0,0,73
12/22/2013,BTR,LA,ASW,CE,Combined TRACON& Tower with Radar,6,40,23,2,71,0,0,15,2,17,6,40,38,4,88,0,0,0,88
12/23/2013,BTR,LA,ASW,CE,Combined TRACON& Tower with Radar,6,50,39,0,95,0,0,35,0,35,6,50,74,0,130,116,0,116,246
12/24/2013,BTR,LA,ASW,CE,Combined TRACON& Tower with Radar,4,47,15,0,66,0,0,26,0,26,4,47,41,0,92,10,0,10,102
12/25/2013,BTR,LA,ASW,CE,Combined TRACON& Tower with Radar,2,35,5,0,42,0,1,4,0,5,2,36,9,0,47,0,0,0,47
12/26/2013,BTR,LA,ASW,CE,Combined TRACON& Tower with Radar,8,54,25,0,87,0,1,54,0,55,8,55,79,0,142,30,0,30,172
12/27/2013,BTR,LA,ASW,CE,Combined TRACON& Tower with Radar,5,61,43,0,109,0,0,52,0,52,5,61,95,0,161,10,0,10,171
12/28/2013,BTR,LA,ASW,CE,Combined TRACON& Tower with Radar,4,49,13,0,66,0,0,2,0,2,4,49,15,0,68,0,0,0,68
12/29/2013,BTR,LA,ASW,CE,Combined TRACON& Tower with Radar,6,45,40,0,91,0,1,36,0,37,6,46,76,0,128,40,0,40,168
12/30/2013,BTR,LA,ASW,CE,Combined TRACON& Tower with Radar,6,47,38,0,91,0,1,56,0,57,6,48,94,0,148,14,0,14,162
12/31/2013,BTR,LA,ASW,CE,Combined TRACON& Tower with Radar,3,53,32,0,88,0,0,41,0,41,3,53,73,0,129,50,0,50,179
01/01/2014,BTR,LA,ASW,CE,Combined TRACON& Tower with Radar,2,43,19,0,64,0,0,5,0,5,2,43,24,0,69,0,0,0,69
01/02/2014,BTR,LA,ASW,CE,Combined TRACON& Tower with Radar,7,50,26,0,83,0,1,27,0,28,7,51,53,0,111,36,0,36,147
01/03/2014,BTR,LA,ASW,CE,Combined TRACON& Tower with Radar,6,49,38,0,93,0,1,55,0,56,6,50,93,0,149,60,0,60,209
01/04/2014,BTR,LA,ASW,CE,Combined TRACON& Tower with Radar,4,51,32,0,87,0,0,36,0,36,4,51,68,0,123,44,0,44,167
01/05/2014,BTR,LA,ASW,CE,Combined TRACON& Tower with Radar,5,47,30,0,82,0,0,8,0,8,5,47,38,0,90,0,0,0,90
01/06/2014,BTR,LA,ASW,CE,Combined TRACON& Tower with Radar,3,46,15,0,64,0,2,27,0,29,3,48,42,0,93,0,0,0,93
01/07/2014,BTR,LA,ASW,CE,Combined TRACON& Tower with Radar,6,56,56,6,124,0,3,51,2,56,6,59,107,8,180,72,0,72,252
01/08/2014,BTR,LA,ASW,CE,Combined TRACON& Tower with Radar,6,57,47,10,120,0,4,47,0,51,6,61,94,10,171,28,10,38,209
01/09/2014,BTR,LA,ASW,CE,Combined TRACON& Tower with Radar,6,65,59,4,134,0,3,48,2,53,6,68,107,6,187,44,10,54,241
01/10/2014,BTR,LA,ASW,CE,Combined TRACON& Tower with Radar,6,53,41,0,100,0,0,3,0,3,6,53,44,0,103,0,0,0,103
01/11/2014,BTR,LA,ASW,CE,Combined TRACON& Tower with Radar,6,39,20,0,65,0,3,22,0,25,6,42,42,0,90,0,0,0,90
01/12/2014,BTR,LA,ASW,CE,Combined TRACON& Tower with Radar,6,56,21,0,83,0,8,45,0,53,6,64,66,0,136,6,0,6,142
01/13/2014,BTR,LA,ASW,CE,Combined TRACON& Tower with Radar,6,51,38,0,95,0,0,4,0,4,6,51,42,0,99,28,0,28,127
01/14/2014,BTR,LA,ASW,CE,Combined TRACON& Tower with Radar,6,57,42,0,105,0,4,58,1,63,6,61,100,1,168,33,0,33,201
01/15/2014,BTR,LA,ASW,CE,Combined TRACON& Tower with Radar,6,64,65,0,135,0,2,55,0,57,6,66,120,0,192,0,0,0,192
01/16/2014,BTR,LA,ASW,CE,Combined TRACON& Tower with Radar,6,63,48,2,119,0,3,52,0,55,6,66,100,2,174,54,0,54,228
01/17/2014,BTR,LA,ASW,CE,Combined TRACON& Tower with Radar,6,60,60,4,130,0,2,59,0,61,6,62,119,4,191,12,0,12,203
01/18/2014,BTR,LA,ASW,CE,Combined TRACON& Tower with Radar,6,40,22,0,68,0,2,49,0,51,6,42,71,0,119,24,0,24,143
01/19/2014,BTR,LA,ASW,CE,Combined TRACON& Tower with Radar,6,49,21,0,76,0,4,31,0,35,6,53,52,0,111,36,0,36,147
01/20/2014,BTR,LA,ASW,CE,Combined TRACON& Tower with Radar,6,58,47,0,111,0,3,45,0,48,6,61,92,0,159,65,0,65,224
01/21/2014,BTR,LA,ASW,CE,Combined TRACON& Tower with Radar,6,58,50,0,114,0,0,43,0,43,6,58,93,0,157,6,0,6,163
01/22/2014,BTR,LA,ASW,CE,Combined TRACON& Tower with Radar,6,57,60,1,124,0,6,66,0,72,6,63,126,1,196,26,0,26,222
01/23/2014,BTR,LA,ASW,CE,Combined TRACON& Tower with Radar,5,54,70,2,131,0,0,57,0,57,5,54,127,2,188,66,0,66,254
01/24/2014,BTR,LA,ASW,CE,Combined TRACON& Tower with Radar,4,27,17,0,48,0,0,6,3,9,4,27,23,3,57,0,0,0,57
01/25/2014,BTR,LA,ASW,CE,Combined TRACON& Tower with Radar,4,44,37,9,94,0,7,34,0,41,4,51,71,9,135,22,0,22,157
01/26/2014,BTR,LA,ASW,CE,Combined TRACON& Tower with Radar,5,54,37,2,98,0,4,35,0,39,5,58,72,2,137,70,2,72,209
01/27/2014,BTR,LA,ASW,CE,Combined TRACON& Tower with Radar,6,50,51,0,107,0,0,3,0,3,6,50,54,0,110,0,0,0,110
01/28/2014,BTR,LA,ASW,CE,Combined TRACON& Tower with Radar,0,1,2,0,3,0,0,0,0,0,0,1,2,0,3,0,0,0,3
01/29/2014,BTR,LA,ASW,CE,Combined TRACON& Tower with Radar,2,15,13,0,30,0,0,3,0,3,2,15,16,0,33,0,0,0,33
01/30/2014,BTR,LA,ASW,CE,Combined TRACON& Tower with Radar,4,52,78,0,134,0,2,48,0,50,4,54,126,0,184,16,0,16,200
01/31/2014,BTR,LA,ASW,CE,Combined TRACON& Tower with Radar,6,57,43,2,108,0,3,44,0,47,6,60,87,2,155,2,0,2,157
02/01/2014,BTR,LA,ASW,CE,Combined TRACON& Tower with Radar,6,41,43,0,90,0,4,36,0,40,6,45,79,0,130,32,0,32,162
02/02/2014,BTR,LA,ASW,CE,Combined TRACON& Tower with Radar,4,42,13,0,59,0,0,0,0,0,4,42,13,0,59,0,0,0,59
02/03/2014,BTR,LA,ASW,CE,Combined TRACON& Tower with Radar,6,61,53,0,120,0,5,6,0,11,6,66,59,0,131,0,0,0,131
02/04/2014,BTR,LA,ASW,CE,Combined TRACON& Tower with Radar,6,44,39,0,89,0,0,0,0,0,6,44,39,0,89,0,0,0,89
02/05/2014,BTR,LA,ASW,CE,Combined TRACON& Tower with Radar,6,58,66,2,132,0,11,46,3,60,6,69,112,5,192,154,0,154,346
02/06/2014,BTR,LA,ASW,CE,Combined TRACON& Tower with Radar,6,57,50,2,115,0,2,26,0,28,6,59,76,2,143,114,0,114,257
02/07/2014,BTR,LA,ASW,CE,Combined TRACON& Tower with Radar,6,63,74,2,145,0,2,67,2,71,6,65,141,4,216,130,0,130,346
02/08/2014,BTR,LA,ASW,CE,Combined TRACON& Tower with Radar,6,47,24,0,77,0,15,24,0,39,6,62,48,0,116,70,0,70,186
02/09/2014,BTR,LA,ASW,CE,Combined TRACON& Tower with Radar,6,49,42,1,98,0,8,39,0,47,6,57,81,1,145,62,0,62,207
02/10/2014,BTR,LA,ASW,CE,Combined TRACON& Tower with Radar,6,46,50,0,102,0,0,1,0,1,6,46,51,0,103,4,0,4,107
02/11/2014,BTR,LA,ASW,CE,Combined TRACON& Tower with Radar,8,41,32,2,83,0,2,0,0,2,8,43,32,2,85,0,0,0,85
02/12/2014,BTR,LA,ASW,CE,Combined TRACON& Tower with Radar,1,37,47,6,91,0,0,0,0,0,1,37,47,6,91,0,0,0,91
02/13/2014,BTR,LA,ASW,CE,Combined TRACON& Tower with Radar,4,41,86,0,131,0,15,74,1,90,4,56,160,1,221,36,0,36,257
02/14/2014,BTR,LA,ASW,CE,Combined TRACON& Tower with Radar,7,62,60,2,131,0,12,56,2,70,7,74,116,4,201,40,0,40,241
02/15/2014,BTR,LA,ASW,CE,Combined TRACON& Tower with Radar,6,45,32,0,83,0,9,81,0,90,6,54,113,0,173,108,0,108,281
02/16/2014,BTR,LA,ASW,CE,Combined TRACON& Tower with Radar,6,52,35,0,93,0,8,41,0,49,6,60,76,0,142,86,0,86,228
02/17/2014,BTR,LA,ASW,CE,Combined TRACON& Tower with Radar,6,61,52,6,125,0,12,44,0,56,6,73,96,6,181,102,0,102,283
02/18/2014,BTR,LA,ASW,CE,Combined TRACON& Tower with Radar,6,63,62,0,131,0,4,39,0,43,6,67,101,0,174,102,0,102,276
02/19/2014,BTR,LA,ASW,CE,Combined TRACON& Tower with Radar,8,57,71,10,146,0,2,55,4,61,8,59,126,14,207,182,2,184,391
02/20/2014,BTR,LA,ASW,CE,Combined TRACON& Tower with Radar,6,53,67,3,129,0,8,34,0,42,6,61,101,3,171,42,0,42,213
02/21/2014,BTR,LA,ASW,CE,Combined TRACON& Tower with Radar,7,61,51,0,119,0,13,85,2,100,7,74,136,2,219,174,0,174,393
02/22/2014,BTR,LA,ASW,CE,Combined TRACON& Tower with Radar,6,42,30,0,78,0,16,76,0,92,6,58,106,0,170,102,0,102,272
02/23/2014,BTR,LA,ASW,CE,Combined TRACON& Tower with Radar,8,49,36,0,93,0,0,0,0,0,8,49,36,0,93,10,0,10,103
02/24/2014,BTR,LA,ASW,CE,Combined TRACON& Tower with Radar,6,59,71,4,140,0,8,27,0,35,6,67,98,4,175,74,0,74,249
02/25/2014,BTR,LA,ASW,CE,Combined TRACON& Tower with Radar,8,54,57,0,119,0,0,18,0,18,8,54,75,0,137,152,0,152,289
02/26/2014,BTR,LA,ASW,CE,Combined TRACON& Tower with Radar,8,61,58,8,135,0,0,12,0,12,8,61,70,8,147,70,6,76,223
02/27/2014,BTR,LA,ASW,CE,Combined TRACON& Tower with Radar,6,72,58,14,150,0,0,98,2,100,6,72,156,16,250,130,0,130,380
02/28/2014,BTR,LA,ASW,CE,Combined TRACON& Tower with Radar,6,84,63,5,158,0,0,90,0,90,6,84,153,5,248,136,0,136,384
03/01/2014,BTR,LA,ASW,CE,Combined TRACON& Tower with Radar,8,57,29,0,94,0,0,55,0,55,8,57,84,0,149,212,0,212,361
03/02/2014,BTR,LA,ASW,CE,Combined TRACON& Tower with Radar,5,55,32,1,93,0,0,10,2,12,5,55,42,3,105,62,0,62,167
03/03/2014,BTR,LA,ASW,CE,Combined TRACON& Tower with Radar,7,61,47,0,115,0,0,15,0,15,7,61,62,0,130,58,0,58,188
03/04/2014,BTR,LA,ASW,CE,Combined TRACON& Tower with Radar,6,37,18,0,61,0,0,0,0,0,6,37,18,0,61,0,0,0,61
03/05/2014,BTR,LA,ASW,CE,Combined TRACON& Tower with Radar,4,72,65,0,141,0,0,16,2,18,4,72,81,2,159,202,0,202,361
03/06/2014,BTR,LA,ASW,CE,Combined TRACON& Tower with Radar,8,56,62,0,126,0,0,3,0,3,8,56,65,0,129,24,0,24,153
03/07/2014,BTR,LA,ASW,CE,Combined TRACON& Tower with Radar,8,82,82,2,174,0,1,67,0,68,8,83,149,2,242,78,0,78,320
03/08/2014,BTR,LA,ASW,CE,Combined TRACON& Tower with Radar,6,64,38,0,108,0,0,67,0,67,6,64,105,0,175,116,0,116,291
03/09/2014,BTR,LA,ASW,CE,Combined TRACON& Tower with Radar,6,58,46,0,110,0,0,42,0,42,6,58,88,0,152,128,0,128,280
03/10/2014,BTR,LA,ASW,CE,Combined TRACON& Tower with Radar,8,66,60,1,135,0,0,65,5,70,8,66,125,6,205,110,2,112,317
03/11/2014,BTR,LA,ASW,CE,Combined TRACON& Tower with Radar,8,58,60,0,126,0,0,7,0,7,8,58,67,0,133,118,2,120,253
03/12/2014,BTR,LA,ASW,CE,Combined TRACON& Tower with Radar,6,64,71,4,145,0,1,31,0,32,6,65,102,4,177,110,0,110,287
03/13/2014,BTR,LA,ASW,CE,Combined TRACON& Tower with Radar,8,67,67,12,154,0,1,94,1,96,8,68,161,13,250,140,18,158,408
03/14/2014,BTR,LA,ASW,CE,Combined TRACON& Tower with Radar,9,70,53,4,136,0,4,62,2,68,9,74,115,6,204,86,0,86,290
03/15/2014,BTR,LA,ASW,CE,Combined TRACON& Tower with Radar,7,51,30,5,93,0,0,48,2,50,7,51,78,7,143,188,0,188,331
03/16/2014,BTR,LA,ASW,CE,Combined TRACON& Tower with Radar,6,55,18,4,83,0,0,8,0,8,6,55,26,4,91,164,0,164,255
03/17/2014,BTR,LA,ASW,CE,Combined TRACON& Tower with Radar,9,61,55,8,133,0,0,24,0,24,9,61,79,8,157,204,0,204,361
03/18/2014,BTR,LA,ASW,CE,Combined TRACON& Tower with Radar,9,68,51,0,128,0,6,77,4,87,9,74,128,4,215,224,0,224,439
03/19/2014,BTR,LA,ASW,CE,Combined TRACON& Tower with Radar,6,69,105,5,185,0,8,93,1,102,6,77,198,6,287,170,0,170,457
03/20/2014,BTR,LA,ASW,CE,Combined TRACON& Tower with Radar,8,91,63,16,178,0,4,74,0,78,8,95,137,16,256,216,6,222,478
03/21/2014,BTR,LA,ASW,CE,Combined TRACON& Tower with Radar,15,73,58,1,147,0,1,66,0,67,15,74,124,1,214,195,0,195,409
03/22/2014,BTR,LA,ASW,CE,Combined TRACON& Tower with Radar,4,67,31,0,102,0,0,43,0,43,4,67,74,0,145,198,0,198,343
03/23/2014,BTR,LA,ASW,CE,Combined TRACON& Tower with Radar,11,54,38,0,103,0,1,13,0,14,11,55,51,0,117,114,0,114,231
03/24/2014,BTR,LA,ASW,CE,Combined TRACON& Tower with Radar,12,70,43,0,125,0,2,50,0,52,12,72,93,0,177,192,0,192,369
03/25/2014,BTR,LA,ASW,CE,Combined TRACON& Tower with Radar,8,67,50,1,126,0,2,57,1,60,8,69,107,2,186,100,0,100,286
03/26/2014,BTR,LA,ASW,CE,Combined TRACON& Tower with Radar,8,82,54,0,144,0,0,59,1,60,8,82,113,1,204,150,0,150,354
03/27/2014,BTR,LA,ASW,CE,Combined TRACON& Tower with Radar,8,84,42,6,140,0,1,28,1,30,8,85,70,7,170,102,0,102,272
03/28/2014,BTR,LA,ASW,CE,Combined TRACON& Tower with Radar,12,60,48,0,120,0,0,9,0,9,12,60,57,0,129,73,0,73,202
03/29/2014,BTR,LA,ASW,CE,Combined TRACON& Tower with Radar,4,60,31,0,95,0,2,31,0,33,4,62,62,0,128,30,0,30,158
03/30/2014,BTR,LA,ASW,CE,Combined TRACON& Tower with Radar,10,65,26,0,101,0,4,55,0,59,10,69,81,0,160,162,0,162,322
03/31/2014,BTR,LA,ASW,CE,Combined TRACON& Tower with Radar,8,64,58,0,130,0,1,47,0,48,8,65,105,0,178,212,0,212,390
04/01/2014,BTR,LA,ASW,CE,Combined TRACON& Tower with Radar,10,71,46,6,133,0,0,34,0,34,10,71,80,6,167,184,0,184,351
04/02/2014,BTR,LA,ASW,CE,Combined TRACON& Tower with Radar,10,62,80,6,158,0,3,29,4,36,10,65,109,10,194,113,0,113,307
04/03/2014,BTR,LA,ASW,CE,Combined TRACON& Tower with Radar,8,61,64,0,133,0,0,26,2,28,8,61,90,2,161,76,6,82,243
04/04/2014,BTR,LA,ASW,CE,Combined TRACON& Tower with Radar,10,69,45,0,124,0,2,13,0,15,10,71,58,0,139,72,0,72,211
04/05/2014,BTR,LA,ASW,CE,Combined TRACON& Tower with Radar,8,62,35,2,107,0,1,27,18,46,8,63,62,20,153,166,0,166,319
04/06/2014,BTR,LA,ASW,CE,Combined TRACON& Tower with Radar,10,38,33,0,81,0,0,0,0,0,10,38,33,0,81,10,0,10,91
04/07/2014,BTR,LA,ASW,CE,Combined TRACON& Tower with Radar,10,65,45,0,120,0,0,28,0,28,10,65,73,0,148,183,0,183,331
04/08/2014,BTR,LA,ASW,CE,Combined TRACON& Tower with Radar,10,69,51,4,134,0,0,24,0,24,10,69,75,4,158,73,0,73,231
04/09/2014,BTR,LA,ASW,CE,Combined TRACON& Tower with Radar,8,84,62,1,155,0,3,110,1,114,8,87,172,2,269,143,0,143,412
04/10/2014,BTR,LA,ASW,CE,Combined TRACON& Tower with Radar,10,76,57,2,145,5,1,91,4,101,15,77,148,6,246,226,0,226,472
04/11/2014,BTR,LA,ASW,CE,Combined TRACON& Tower with Radar,8,81,62,0,151,5,1,72,0,78,13,82,134,0,229,197,0,197,426
04/12/2014,BTR,LA,ASW,CE,Combined TRACON& Tower with Radar,6,50,33,0,89,0,1,21,0,22,6,51,54,0,111,87,0,87,198
04/13/2014,BTR,LA,ASW,CE,Combined TRACON& Tower with Radar,10,52,53,0,115,0,0,17,0,17,10,52,70,0,132,6,0,6,138
04/14/2014,BTR,LA,ASW,CE,Combined TRACON& Tower with Radar,10,69,38,3,120,0,0,18,0,18,10,69,56,3,138,128,0,128,266
04/15/2014,BTR,LA,ASW,CE,Combined TRACON& Tower with Radar,10,56,48,4,118,0,3,37,1,41,10,59,85,5,159,64,8,72,231
04/16/2014,BTR,LA,ASW,CE,Combined TRACON& Tower with Radar,10,91,78,4,183,0,0,86,1,87,10,91,164,5,270,176,6,182,452
04/17/2014,BTR,LA,ASW,CE,Combined TRACON& Tower with Radar,10,83,80,2,175,0,0,30,0,30,10,83,110,2,205,172,0,172,377
04/18/2014,BTR,LA,ASW,CE,Combined TRACON& Tower with Radar,10,75,40,0,125,0,0,31,0,31,10,75,71,0,156,94,0,94,250
04/19/2014,BTR,LA,ASW,CE,Combined TRACON& Tower with Radar,4,58,10,0,72,0,0,35,0,35,4,58,45,0,107,157,0,157,264
04/20/2014,BTR,LA,ASW,CE,Combined TRACON& Tower with Radar,7,57,30,0,94,0,0,24,0,24,7,57,54,0,118,108,0,108,226
04/21/2014,BTR,LA,ASW,CE,Combined TRACON& Tower with Radar,10,73,51,0,134,0,2,49,0,51,10,75,100,0,185,192,0,192,377
04/22/2014,BTR,LA,ASW,CE,Combined TRACON& Tower with Radar,12,57,69,3,141,0,1,52,3,56,12,58,121,6,197,76,0,76,273
04/23/2014,BTR,LA,ASW,CE,Combined TRACON& Tower with Radar,10,68,93,5,176,0,3,69,1,73,10,71,162,6,249,186,0,186,435
04/24/2014,BTR,LA,ASW,CE,Combined TRACON& Tower with Radar,10,59,75,6,150,0,0,32,6,38,10,59,107,12,188,121,0,121,309
04/25/2014,BTR,LA,ASW,CE,Combined TRACON& Tower with Radar,10,56,79,5,150,0,4,44,9,57,10,60,123,14,207,95,0,95,302
04/26/2014,BTR,LA,ASW,CE,Combined TRACON& Tower with Radar,6,54,27,0,87,0,0,52,0,52,6,54,79,0,139,148,0,148,287
04/27/2014,BTR,LA,ASW,CE,Combined TRACON& Tower with Radar,10,53,56,1,120,0,0,17,0,17,10,53,73,1,137,4,0,4,141
04/28/2014,BTR,LA,ASW,CE,Combined TRACON& Tower with Radar,10,62,46,0,118,0,1,10,3,14,10,63,56,3,132,28,0,28,160
04/29/2014,BTR,LA,ASW,CE,Combined TRACON& Tower with Radar,12,50,68,2,132,0,0,14,1,15,12,50,82,3,147,48,0,48,195
04/30/2014,BTR,LA,ASW,CE,Combined TRACON& Tower with Radar,10,78,73,2,163,0,1,80,0,81,10,79,153,2,244,166,0,166,410
05/01/2014,BTR,LA,ASW,CE,Combined TRACON& Tower with Radar,9,89,73,7,178,0,1,119,0,120,9,90,192,7,298,166,16,182,480
05/02/2014,BTR,LA,ASW,CE,Combined TRACON& Tower with Radar,11,67,55,6,139,0,1,94,6,101,11,68,149,12,240,204,0,204,444
05/03/2014,BTR,LA,ASW,CE,Combined TRACON& Tower with Radar,9,47,29,0,85,0,0,60,2,62,9,47,89,2,147,58,0,58,205
05/04/2014,BTR,LA,ASW,CE,Combined TRACON& Tower with Radar,9,50,29,0,88,0,0,49,0,49,9,50,78,0,137,42,0,42,179
05/05/2014,BTR,LA,ASW,CE,Combined TRACON& Tower with Radar,8,66,45,0,119,0,1,66,0,67,8,67,111,0,186,90,0,90,276
05/06/2014,BTR,LA,ASW,CE,Combined TRACON& Tower with Radar,6,27,26,0,59,5,0,85,2,92,11,27,111,2,151,115,2,117,268
05/07/2014,BTR,LA,ASW,CE,Combined TRACON& Tower with Radar,9,62,61,0,132,0,1,75,3,79,9,63,136,3,211,46,0,46,257
05/08/2014,BTR,LA,ASW,CE,Combined TRACON& Tower with Radar,10,45,84,0,139,0,0,42,0,42,10,45,126,0,181,32,0,32,213
05/09/2014,BTR,LA,ASW,CE,Combined TRACON& Tower with Radar,17,51,35,0,103,0,0,1,0,1,17,51,36,0,104,0,0,0,104
05/10/2014,BTR,LA,ASW,CE,Combined TRACON& Tower with Radar,8,45,38,0,91,0,0,80,0,80,8,45,118,0,171,63,0,63,234
05/11/2014,BTR,LA,ASW,CE,Combined TRACON& Tower with Radar,8,45,43,0,96,0,0,5,0,5,8,45,48,0,101,10,0,10,111
05/12/2014,BTR,LA,ASW,CE,Combined TRACON& Tower with Radar,9,53,56,6,124,2,0,49,0,51,11,53,105,6,175,96,0,96,271
05/13/2014,BTR,LA,ASW,CE,Combined TRACON& Tower with Radar,10,66,60,0,136,0,0,36,2,38,10,66,96,2,174,56,0,56,230
05/14/2014,BTR,LA,ASW,CE,Combined TRACON& Tower with Radar,10,53,65,0,128,0,2,12,0,14,10,55,77,0,142,46,0,46,188
05/15/2014,BTR,LA,ASW,CE,Combined TRACON& Tower with Radar,10,75,76,2,163,3,2,81,0,86,13,77,157,2,249,109,0,109,358
05/16/2014,BTR,LA,ASW,CE,Combined TRACON& Tower with Radar,10,71,74,2,157,0,0,67,2,69,10,71,141,4,226,80,0,80,306
05/17/2014,BTR,LA,ASW,CE,Combined TRACON& Tower with Radar,8,37,37,0,82,0,1,44,0,45,8,38,81,0,127,26,0,26,153
05/18/2014,BTR,LA,ASW,CE,Combined TRACON& Tower with Radar,10,58,38,2,108,0,2,38,0,40,10,60,76,2,148,35,0,35,183
05/19/2014,BTR,LA,ASW,CE,Combined TRACON& Tower with Radar,10,73,71,2,156,0,6,65,0,71,10,79,136,2,227,76,0,76,303
05/20/2014,BTR,LA,ASW,CE,Combined TRACON& Tower with Radar,10,59,67,0,136,0,1,64,0,65,10,60,131,0,201,55,0,55,256
05/21/2014,BTR,LA,ASW,CE,Combined TRACON& Tower with Radar,10,59,79,2,150,0,0,55,0,55,10,59,134,2,205,42,0,42,247
05/22/2014,BTR,LA,ASW,CE,Combined TRACON& Tower with Radar,10,55,67,10,142,0,0,72,0,72,10,55,139,10,214,16,0,16,230
05/23/2014,BTR,LA,ASW,CE,Combined TRACON& Tower with Radar,10,64,78,0,152,0,0,46,0,46,10,64,124,0,198,39,0,39,237
05/24/2014,BTR,LA,ASW,CE,Combined TRACON& Tower with Radar,6,49,51,0,106,0,4,32,1,37,6,53,83,1,143,28,0,28,171
05/25/2014,BTR,LA,ASW,CE,Combined TRACON& Tower with Radar,10,45,38,0,93,0,2,35,0,37,10,47,73,0,130,6,0,6,136
05/26/2014,BTR,LA,ASW,CE,Combined TRACON& Tower with Radar,7,58,39,0,104,0,0,47,0,47,7,58,86,0,151,16,0,16,167
05/27/2014,BTR,LA,ASW,CE,Combined TRACON& Tower with Radar,11,57,52,0,120,0,0,26,0,26,11,57,78,0,146,6,0,6,152
05/28/2014,BTR,LA,ASW,CE,Combined TRACON& Tower with Radar,12,58,32,0,102,0,0,6,0,6,12,58,38,0,108,0,0,0,108
05/29/2014,BTR,LA,ASW,CE,Combined TRACON& Tower with Radar,10,64,43,6,123,0,0,16,0,16,10,64,59,6,139,15,0,15,154
05/30/2014,BTR,LA,ASW,CE,Combined TRACON& Tower with Radar,10,56,37,0,103,0,0,32,0,32,10,56,69,0,135,25,0,25,160
05/31/2014,BTR,LA,ASW,CE,Combined TRACON& Tower with Radar,9,38,22,0,69,0,0,5,0,5,9,38,27,0,74,10,0,10,84
06/01/2014,BTR,LA,ASW,CE,Combined TRACON& Tower with Radar,9,55,30,0,94,0,0,1,0,1,9,55,31,0,95,23,0,23,118
06/02/2014,BTR,LA,ASW,CE,Combined TRACON& Tower with Radar,10,64,48,0,122,0,1,23,0,24,10,65,71,0,146,95,0,95,241
06/03/2014,BTR,LA,ASW,CE,Combined TRACON& Tower with Radar,10,61,39,0,110,0,0,42,1,43,10,61,81,1,153,58,0,58,211
06/04/2014,BTR,LA,ASW,CE,Combined TRACON& Tower with Radar,10,47,76,0,133,0,1,66,6,73,10,48,142,6,206,112,0,112,318
06/05/2014,BTR,LA,ASW,CE,Combined TRACON& Tower with Radar,8,57,64,6,135,0,3,94,0,97,8,60,158,6,232,44,0,44,276
06/06/2014,BTR,LA,ASW,CE,Combined TRACON& Tower with Radar,8,52,61,2,123,0,0,68,0,68,8,52,129,2,191,85,0,85,276
06/07/2014,BTR,LA,ASW,CE,Combined TRACON& Tower with Radar,8,34,47,3,92,0,2,68,0,70,8,36,115,3,162,20,0,20,182
06/08/2014,BTR,LA,ASW,CE,Combined TRACON& Tower with Radar,10,47,46,5,108,0,0,51,1,52,10,47,97,6,160,52,0,52,212
06/09/2014,BTR,LA,ASW,CE,Combined TRACON& Tower with Radar,10,40,42,0,92,0,1,35,1,37,10,41,77,1,129,51,0,51,180
06/10/2014,BTR,LA,ASW,CE,Combined TRACON& Tower with Radar,8,45,44,3,100,0,0,19,1,20,8,45,63,4,120,45,0,45,165
06/11/2014,BTR,LA,ASW,CE,Combined TRACON& Tower with Radar,8,55,77,6,146,0,0,99,2,101,8,55,176,8,247,66,0,66,313
06/12/2014,BTR,LA,ASW,CE,Combined TRACON& Tower with Radar,8,49,57,1,115,0,2,65,1,68,8,51,122,2,183,90,0,90,273
06/13/2014,BTR,LA,ASW,CE,Combined TRACON& Tower with Radar,8,54,64,0,126,0,1,31,3,35,8,55,95,3,161,28,0,28,189
06/14/2014,BTR,LA,ASW,CE,Combined TRACON& Tower with Radar,6,40,28,0,74,0,1,47,0,48,6,41,75,0,122,68,0,68,190
06/15/2014,BTR,LA,ASW,CE,Combined TRACON& Tower with Radar,8,48,24,0,80,0,2,29,0,31,8,50,53,0,111,62,0,62,173
06/16/2014,BTR,LA,ASW,CE,Combined TRACON& Tower with Radar,9,50,58,0,117,0,2,49,1,52,9,52,107,1,169,38,0,38,207
06/17/2014,BTR,LA,ASW,CE,Combined TRACON& Tower with Radar,9,50,47,8,114,0,0,54,0,54,9,50,101,8,168,92,0,92,260
06/18/2014,BTR,LA,ASW,CE,Combined TRACON& Tower with Radar,7,53,55,2,117,0,0,54,2,56,7,53,109,4,173,102,0,102,275
06/19/2014,BTR,LA,ASW,CE,Combined TRACON& Tower with Radar,8,59,63,6,136,0,1,76,0,77,8,60,139,6,213,59,10,69,282
06/20/2014,BTR,LA,ASW,CE,Combined TRACON& Tower with Radar,8,55,61,2,126,0,0,65,0,65,8,55,126,2,191,132,0,132,323
06/21/2014,BTR,LA,ASW,CE,Combined TRACON& Tower with Radar,6,45,19,0,70,0,2,36,0,38,6,47,55,0,108,53,0,53,161
06/22/2014,BTR,LA,ASW,CE,Combined TRACON& Tower with Radar,11,49,34,0,94,0,0,33,0,33,11,49,67,0,127,63,0,63,190
06/23/2014,BTR,LA,ASW,CE,Combined TRACON& Tower with Radar,22,49,47,2,120,0,2,46,0,48,22,51,93,2,168,119,6,125,293
06/24/2014,BTR,LA,ASW,CE,Combined TRACON& Tower with Radar,8,58,60,4,130,0,1,26,2,29,8,59,86,6,159,67,0,67,226
06/25/2014,BTR,LA,ASW,CE,Combined TRACON& Tower with Radar,5,54,57,0,116,0,2,47,0,49,5,56,104,0,165,48,0,48,213
06/26/2014,BTR,LA,ASW,CE,Combined TRACON& Tower with Radar,8,50,75,0,133,0,0,29,0,29,8,50,104,0,162,55,0,55,217
06/27/2014,BTR,LA,ASW,CE,Combined TRACON& Tower with Radar,10,55,42,2,109,0,0,47,0,47,10,55,89,2,156,45,0,45,201
06/28/2014,BTR,LA,ASW,CE,Combined TRACON& Tower with Radar,6,47,56,0,109,0,2,41,0,43,6,49,97,0,152,79,0,79,231
06/29/2014,BTR,LA,ASW,CE,Combined TRACON& Tower with Radar,8,55,36,0,99,0,3,50,0,53,8,58,86,0,152,62,0,62,214
06/30/2014,BTR,LA,ASW,CE,Combined TRACON& Tower with Radar,6,48,52,1,107,0,0,80,1,81,6,48,132,2,188,74,0,74,262
07/01/2014,BTR,LA,ASW,CE,Combined TRACON& Tower with Radar,6,54,49,2,111,0,0,91,0,91,6,54,140,2,202,113,0,113,315
07/02/2014,BTR,LA,ASW,CE,Combined TRACON& Tower with Radar,8,57,80,0,145,0,1,87,5,93,8,58,167,5,238,139,0,139,377
07/03/2014,BTR,LA,ASW,CE,Combined TRACON& Tower with Radar,12,46,42,0,100,0,0,57,0,57,12,46,99,0,157,184,0,184,341
07/04/2014,BTR,LA,ASW,CE,Combined TRACON& Tower with Radar,6,30,17,0,53,0,0,39,0,39,6,30,56,0,92,4,0,4,96
07/05/2014,BTR,LA,ASW,CE,Combined TRACON& Tower with Radar,2,37,20,0,59,0,2,49,0,51,2,39,69,0,110,108,0,108,218
07/06/2014,BTR,LA,ASW,CE,Combined TRACON& Tower with Radar,10,41,40,3,94,0,0,52,1,53,10,41,92,4,147,73,0,73,220
07/07/2014,BTR,LA,ASW,CE,Combined TRACON& Tower with Radar,8,65,62,0,135,0,2,82,0,84,8,67,144,0,219,115,0,115,334
07/08/2014,BTR,LA,ASW,CE,Combined TRACON& Tower with Radar,8,54,44,0,106,0,3,41,3,47,8,57,85,3,153,108,0,108,261
07/09/2014,BTR,LA,ASW,CE,Combined TRACON& Tower with Radar,8,57,75,4,144,0,2,60,0,62,8,59,135,4,206,113,0,113,319
07/10/2014,BTR,LA,ASW,CE,Combined TRACON& Tower with Radar,10,51,70,11,142,0,2,52,0,54,10,53,122,11,196,114,0,114,310
07/11/2014,BTR,LA,ASW,CE,Combined TRACON& Tower with Radar,8,50,49,0,107,0,0,59,0,59,8,50,108,0,166,42,0,42,208
07/12/2014,BTR,LA,ASW,CE,Combined TRACON& Tower with Radar,6,38,24,2,70,0,0,57,0,57,6,38,81,2,127,98,0,98,225
07/13/2014,BTR,LA,ASW,CE,Combined TRACON& Tower with Radar,8,51,44,0,103,0,0,38,0,38,8,51,82,0,141,75,0,75,216
07/14/2014,BTR,LA,ASW,CE,Combined TRACON& Tower with Radar,8,50,51,4,113,0,0,51,4,55,8,50,102,8,168,137,0,137,305
07/15/2014,BTR,LA,ASW,CE,Combined TRACON& Tower with Radar,8,50,58,0,116,0,0,45,0,45,8,50,103,0,161,87,0,87,248
07/16/2014,BTR,LA,ASW,CE,Combined TRACON& Tower with Radar,8,49,61,1,119,0,2,93,1,96,8,51,154,2,215,146,0,146,361
07/17/2014,BTR,LA,ASW,CE,Combined TRACON& Tower with Radar,8,48,44,0,100,0,2,69,0,71,8,50,113,0,171,90,0,90,261
07/18/2014,BTR,LA,ASW,CE,Combined TRACON& Tower with Radar,8,48,34,0,90,0,1,3,0,4,8,49,37,0,94,17,0,17,111
07/19/2014,BTR,LA,ASW,CE,Combined TRACON& Tower with Radar,6,38,19,0,63,0,0,5,0,5,6,38,24,0,68,20,0,20,88
07/20/2014,BTR,LA,ASW,CE,Combined TRACON& Tower with Radar,7,44,49,0,100,0,0,14,0,14,7,44,63,0,114,33,0,33,147
07/21/2014,BTR,LA,ASW,CE,Combined TRACON& Tower with Radar,8,56,44,2,110,0,0,51,0,51,8,56,95,2,161,135,0,135,296
07/22/2014,BTR,LA,ASW,CE,Combined TRACON& Tower with Radar,9,48,45,1,103,0,0,87,2,89,9,48,132,3,192,148,0,148,340
07/23/2014,BTR,LA,ASW,CE,Combined TRACON& Tower with Radar,10,48,80,2,140,0,1,68,0,69,10,49,148,2,209,92,0,92,301
07/24/2014,BTR,LA,ASW,CE,Combined TRACON& Tower with Radar,8,49,68,0,125,0,0,77,0,77,8,49,145,0,202,146,0,146,348
07/25/2014,BTR,LA,ASW,CE,Combined TRACON& Tower with Radar,8,54,57,10,129,0,0,86,0,86,8,54,143,10,215,125,0,125,340
07/26/2014,BTR,LA,ASW,CE,Combined TRACON& Tower with Radar,5,41,21,0,67,0,0,53,0,53,5,41,74,0,120,43,0,43,163
07/27/2014,BTR,LA,ASW,CE,Combined TRACON& Tower with Radar,7,43,36,0,86,0,0,29,0,29,7,43,65,0,115,82,0,82,197
07/28/2014,BTR,LA,ASW,CE,Combined TRACON& Tower with Radar,7,61,40,0,108,0,1,48,0,49,7,62,88,0,157,133,0,133,290
07/29/2014,BTR,LA,ASW,CE,Combined TRACON& Tower with Radar,9,51,45,2,107,0,0,74,0,74,9,51,119,2,181,129,0,129,310
07/30/2014,BTR,LA,ASW,CE,Combined TRACON& Tower with Radar,8,53,58,1,120,0,0,95,1,96,8,53,153,2,216,110,0,110,326
07/31/2014,BTR,LA,ASW,CE,Combined TRACON& Tower with Radar,8,55,65,0,128,0,0,80,0,80,8,55,145,0,208,116,0,116,324
08/01/2014,BTR,LA,ASW,CE,Combined TRACON& Tower with Radar,8,52,44,0,104,0,0,33,0,33,8,52,77,0,137,26,0,26,163
08/02/2014,BTR,LA,ASW,CE,Combined TRACON& Tower with Radar,6,41,31,2,80,0,0,39,0,39,6,41,70,2,119,78,0,78,197
08/03/2014,BTR,LA,ASW,CE,Combined TRACON& Tower with Radar,8,49,41,0,98,0,1,30,0,31,8,50,71,0,129,43,0,43,172
08/04/2014,BTR,LA,ASW,CE,Combined TRACON& Tower with Radar,8,52,63,0,123,0,0,54,0,54,8,52,117,0,177,76,0,76,253
08/05/2014,BTR,LA,ASW,CE,Combined TRACON& Tower with Radar,8,51,58,0,117,0,2,82,0,84,8,53,140,0,201,145,0,145,346
08/06/2014,BTR,LA,ASW,CE,Combined TRACON& Tower with Radar,6,61,46,2,115,0,1,84,0,85,6,62,130,2,200,140,0,140,340
08/07/2014,BTR,LA,ASW,CE,Combined TRACON& Tower with Radar,8,51,65,3,127,0,3,66,1,70,8,54,131,4,197,46,0,46,243
08/08/2014,BTR,LA,ASW,CE,Combined TRACON& Tower with Radar,4,58,55,4,121,0,5,58,2,65,4,63,113,6,186,89,0,89,275
08/09/2014,BTR,LA,ASW,CE,Combined TRACON& Tower with Radar,5,35,26,0,66,0,2,45,0,47,5,37,71,0,113,74,0,74,187
08/10/2014,BTR,LA,ASW,CE,Combined TRACON& Tower with Radar,8,46,27,0,81,0,0,16,0,16,8,46,43,0,97,66,0,66,163
08/11/2014,BTR,LA,ASW,CE,Combined TRACON& Tower with Radar,10,59,35,0,104,0,0,48,0,48,10,59,83,0,152,34,0,34,186
08/12/2014,BTR,LA,ASW,CE,Combined TRACON& Tower with Radar,7,47,59,0,113,0,0,81,0,81,7,47,140,0,194,83,0,83,277
08/13/2014,BTR,LA,ASW,CE,Combined TRACON& Tower with Radar,8,55,47,2,112,0,6,65,0,71,8,61,112,2,183,47,0,47,230
08/14/2014,BTR,LA,ASW,CE,Combined TRACON& Tower with Radar,8,63,55,13,139,0,1,87,0,88,8,64,142,13,227,53,0,53,280
08/15/2014,BTR,LA,ASW,CE,Combined TRACON& Tower with Radar,9,54,63,2,128,0,2,92,0,94,9,56,155,2,222,42,0,42,264
08/16/2014,BTR,LA,ASW,CE,Combined TRACON& Tower with Radar,6,33,24,0,63,0,0,63,4,67,6,33,87,4,130,109,0,109,239
08/17/2014,BTR,LA,ASW,CE,Combined TRACON& Tower with Radar,8,44,47,0,99,0,0,29,0,29,8,44,76,0,128,24,0,24,152
08/18/2014,BTR,LA,ASW,CE,Combined TRACON& Tower with Radar,8,58,52,0,118,0,0,50,0,50,8,58,102,0,168,20,0,20,188
08/19/2014,BTR,LA,ASW,CE,Combined TRACON& Tower with Radar,10,56,49,3,118,0,0,74,1,75,10,56,123,4,193,58,0,58,251
08/20/2014,BTR,LA,ASW,CE,Combined TRACON& Tower with Radar,8,52,62,8,130,0,1,43,0,44,8,53,105,8,174,39,0,39,213
08/21/2014,BTR,LA,ASW,CE,Combined TRACON& Tower with Radar,8,58,72,0,138,0,4,74,0,78,8,62,146,0,216,31,0,31,247
08/22/2014,BTR,LA,ASW,CE,Combined TRACON& Tower with Radar,8,54,33,3,98,0,0,54,1,55,8,54,87,4,153,21,0,21,174
08/23/2014,BTR,LA,ASW,CE,Combined TRACON& Tower with Radar,8,37,27,0,72,0,0,60,0,60,8,37,87,0,132,19,0,19,151
08/24/2014,BTR,LA,ASW,CE,Combined TRACON& Tower with Radar,7,45,35,0,87,0,0,37,0,37,7,45,72,0,124,0,0,0,124
08/25/2014,BTR,LA,ASW,CE,Combined TRACON& Tower with Radar,9,50,56,0,115,0,1,25,0,26,9,51,81,0,141,4,0,4,145
08/26/2014,BTR,LA,ASW,CE,Combined TRACON& Tower with Radar,8,55,42,4,109,0,2,71,4,77,8,57,113,8,186,44,0,44,230
08/27/2014,BTR,LA,ASW,CE,Combined TRACON& Tower with Radar,8,57,77,5,147,0,1,80,1,82,8,58,157,6,229,75,0,75,304
08/28/2014,BTR,LA,ASW,CE,Combined TRACON& Tower with Radar,8,57,97,1,163,0,2,101,0,103,8,59,198,1,266,62,0,62,328
08/29/2014,BTR,LA,ASW,CE,Combined TRACON& Tower with Radar,10,57,81,1,149,0,0,51,3,54,10,57,132,4,203,20,0,20,223
08/30/2014,BTR,LA,ASW,CE,Combined TRACON& Tower with Radar,6,32,20,0,58,0,0,4,0,4,6,32,24,0,62,14,0,14,76
08/31/2014,BTR,LA,ASW,CE,Combined TRACON& Tower with Radar,6,30,41,0,77,0,0,19,0,19,6,30,60,0,96,10,0,10,106
09/01/2014,BTR,LA,ASW,CE,Combined TRACON& Tower with Radar,6,53,50,0,109,0,0,33,0,33,6,53,83,0,142,4,0,4,146
09/02/2014,BTR,LA,ASW,CE,Combined TRACON& Tower with Radar,8,53,51,0,112,0,0,35,0,35,8,53,86,0,147,18,0,18,165
09/03/2014,BTR,LA,ASW,CE,Combined TRACON& Tower with Radar,6,55,63,0,124,0,1,46,0,47,6,56,109,0,171,77,0,77,248
09/04/2014,BTR,LA,ASW,CE,Combined TRACON& Tower with Radar,8,49,57,0,114,0,0,63,0,63,8,49,120,0,177,22,0,22,199
09/05/2014,BTR,LA,ASW,CE,Combined TRACON& Tower with Radar,8,50,62,3,123,0,0,73,4,77,8,50,135,7,200,44,0,44,244
09/06/2014,BTR,LA,ASW,CE,Combined TRACON& Tower with Radar,6,32,50,4,92,0,12,40,0,52,6,44,90,4,144,16,0,16,160
09/07/2014,BTR,LA,ASW,CE,Combined TRACON& Tower with Radar,8,42,52,0,102,0,0,36,0,36,8,42,88,0,138,74,0,74,212
09/08/2014,BTR,LA,ASW,CE,Combined TRACON& Tower with Radar,8,52,50,4,114,0,0,39,0,39,8,52,89,4,153,104,4,108,261
09/09/2014,BTR,LA,ASW,CE,Combined TRACON& Tower with Radar,8,49,57,1,115,0,3,66,3,72,8,52,123,4,187,89,0,89,276
09/10/2014,BTR,LA,ASW,CE,Combined TRACON& Tower with Radar,8,57,75,0,140,0,5,59,0,64,8,62,134,0,204,120,0,120,324
09/11/2014,BTR,LA,ASW,CE,Combined TRACON& Tower with Radar,6,63,64,0,133,0,0,64,0,64,6,63,128,0,197,44,0,44,241
09/12/2014,BTR,LA,ASW,CE,Combined TRACON& Tower with Radar,10,54,56,3,123,0,0,55,0,55,10,54,111,3,178,72,0,72,250
09/13/2014,BTR,LA,ASW,CE,Combined TRACON& Tower with Radar,6,34,62,0,102,0,0,12,0,12,6,34,74,0,114,56,0,56,170
09/14/2014,BTR,LA,ASW,CE,Combined TRACON& Tower with Radar,8,54,64,0,126,0,1,39,0,40,8,55,103,0,166,27,0,27,193
09/15/2014,BTR,LA,ASW,CE,Combined TRACON& Tower with Radar,10,63,42,0,115,0,1,70,0,71,10,64,112,0,186,17,0,17,203
09/16/2014,BTR,LA,ASW,CE,Combined TRACON& Tower with Radar,8,56,49,2,115,0,2,46,0,48,8,58,95,2,163,30,0,30,193
09/17/2014,BTR,LA,ASW,CE,Combined TRACON& Tower with Radar,8,47,56,2,113,0,3,61,0,64,8,50,117,2,177,129,0,129,306
09/18/2014,BTR,LA,ASW,CE,Combined TRACON& Tower with Radar,10,52,59,0,121,0,0,65,0,65,10,52,124,0,186,104,0,104,290
09/19/2014,BTR,LA,ASW,CE,Combined TRACON& Tower with Radar,10,71,67,6,154,0,0,70,2,72,10,71,137,8,226,123,0,123,349
09/20/2014,BTR,LA,ASW,CE,Combined TRACON& Tower with Radar,7,44,56,0,107,0,0,90,3,93,7,44,146,3,200,114,0,114,314
09/21/2014,BTR,LA,ASW,CE,Combined TRACON& Tower with Radar,4,52,56,0,112,0,3,63,0,66,4,55,119,0,178,36,0,36,214
09/22/2014,BTR,LA,ASW,CE,Combined TRACON& Tower with Radar,8,56,53,1,118,0,0,62,1,63,8,56,115,2,181,106,0,106,287
09/23/2014,BTR,LA,ASW,CE,Combined TRACON& Tower with Radar,8,54,61,0,123,0,0,83,0,83,8,54,144,0,206,117,0,117,323
09/24/2014,BTR,LA,ASW,CE,Combined TRACON& Tower with Radar,8,56,56,12,132,0,0,77,0,77,8,56,133,12,209,90,0,90,299
09/25/2014,BTR,LA,ASW,CE,Combined TRACON& Tower with Radar,8,57,64,0,129,0,5,73,0,78,8,62,137,0,207,160,0,160,367
09/26/2014,BTR,LA,ASW,CE,Combined TRACON& Tower with Radar,7,54,60,0,121,0,1,93,0,94,7,55,153,0,215,83,0,83,298
09/27/2014,BTR,LA,ASW,CE,Combined TRACON& Tower with Radar,6,40,36,2,84,0,0,68,2,70,6,40,104,4,154,153,0,153,307
09/28/2014,BTR,LA,ASW,CE,Combined TRACON& Tower with Radar,8,47,46,0,101,0,0,23,0,23,8,47,69,0,124,173,0,173,297
09/29/2014,BTR,LA,ASW,CE,Combined TRACON& Tower with Radar,8,58,60,0,126,0,5,40,0,45,8,63,100,0,171,130,0,130,301
09/30/2014,BTR,LA,ASW,CE,Combined TRACON& Tower with Radar,8,44,58,0,110,0,0,71,0,71,8,44,129,0,181,119,0,119,300
10/01/2014,BTR,LA,ASW,CE,Combined TRACON& Tower with Radar,10,59,67,0,136,0,1,23,2,26,10,60,90,2,162,98,0,98,260
10/02/2014,BTR,LA,ASW,CE,Combined TRACON& Tower with Radar,10,56,72,0,138,0,1,36,0,37,10,57,108,0,175,179,0,179,354
10/03/2014,BTR,LA,ASW,CE,Combined TRACON& Tower with Radar,8,53,49,1,111,0,0,53,1,54,8,53,102,2,165,100,0,100,265
10/04/2014,BTR,LA,ASW,CE,Combined TRACON& Tower with Radar,8,31,34,0,73,0,0,54,0,54,8,31,88,0,127,81,0,81,208
10/05/2014,BTR,LA,ASW,CE,Combined TRACON& Tower with Radar,12,46,39,3,100,0,0,56,1,57,12,46,95,4,157,83,0,83,240
10/06/2014,BTR,LA,ASW,CE,Combined TRACON& Tower with Radar,10,45,51,2,108,0,0,60,0,60,10,45,111,2,168,137,0,137,305
10/07/2014,BTR,LA,ASW,CE,Combined TRACON& Tower with Radar,10,49,54,28,141,0,0,85,2,87,10,49,139,30,228,159,0,159,387
10/08/2014,BTR,LA,ASW,CE,Combined TRACON& Tower with Radar,12,55,71,6,144,0,1,68,0,69,12,56,139,6,213,92,0,92,305
10/09/2014,BTR,LA,ASW,CE,Combined TRACON& Tower with Radar,10,51,69,0,130,0,3,72,0,75,10,54,141,0,205,130,0,130,335
10/10/2014,BTR,LA,ASW,CE,Combined TRACON& Tower with Radar,10,56,72,0,138,0,0,72,0,72,10,56,144,0,210,208,0,208,418
10/11/2014,BTR,LA,ASW,CE,Combined TRACON& Tower with Radar,8,30,20,0,58,0,7,36,0,43,8,37,56,0,101,172,0,172,273
10/12/2014,BTR,LA,ASW,CE,Combined TRACON& Tower with Radar,12,45,44,0,101,0,2,22,0,24,12,47,66,0,125,84,0,84,209
10/13/2014,BTR,LA,ASW,CE,Combined TRACON& Tower with Radar,11,29,22,0,62,0,0,22,0,22,11,29,44,0,84,12,0,12,96
10/14/2014,BTR,LA,ASW,CE,Combined TRACON& Tower with Radar,11,57,53,5,126,0,3,72,4,79,11,60,125,9,205,92,0,92,297
10/15/2014,BTR,LA,ASW,CE,Combined TRACON& Tower with Radar,10,53,68,1,132,0,2,107,0,109,10,55,175,1,241,228,0,228,469
10/16/2014,BTR,LA,ASW,CE,Combined TRACON& Tower with Radar,10,55,64,4,133,0,1,102,0,103,10,56,166,4,236,140,0,140,376
10/17/2014,BTR,LA,ASW,CE,Combined TRACON& Tower with Radar,9,50,57,14,130,0,1,69,4,74,9,51,126,18,204,142,0,142,346
10/18/2014,BTR,LA,ASW,CE,Combined TRACON& Tower with Radar,10,33,52,4,99,0,0,94,2,96,10,33,146,6,195,153,0,153,348
10/19/2014,BTR,LA,ASW,CE,Combined TRACON& Tower with Radar,12,50,45,0,107,0,0,57,0,57,12,50,102,0,164,105,0,105,269
10/20/2014,BTR,LA,ASW,CE,Combined TRACON& Tower with Radar,10,55,50,2,117,0,4,57,0,61,10,59,107,2,178,101,0,101,279
10/21/2014,BTR,LA,ASW,CE,Combined TRACON& Tower with Radar,10,48,54,0,112,0,2,109,0,111,10,50,163,0,223,116,0,116,339
10/22/2014,BTR,LA,ASW,CE,Combined TRACON& Tower with Radar,10,59,53,4,126,0,3,110,0,113,10,62,163,4,239,194,0,194,433
10/23/2014,BTR,LA,ASW,CE,Combined TRACON& Tower with Radar,10,57,76,3,146,0,1,123,0,124,10,58,199,3,270,143,0,143,413
10/24/2014,BTR,LA,ASW,CE,Combined TRACON& Tower with Radar,11,59,73,3,146,0,3,100,1,104,11,62,173,4,250,161,0,161,411
10/25/2014,BTR,LA,ASW,CE,Combined TRACON& Tower with Radar,8,60,107,0,175,0,12,112,0,124,8,72,219,0,299,79,0,79,378
10/26/2014,BTR,LA,ASW,CE,Combined TRACON& Tower with Radar,12,50,68,0,130,0,0,79,0,79,12,50,147,0,209,153,0,153,362
10/27/2014,BTR,LA,ASW,CE,Combined TRACON& Tower with Radar,10,59,55,0,124,0,0,74,0,74,10,59,129,0,198,144,0,144,342
10/28/2014,BTR,LA,ASW,CE,Combined TRACON& Tower with Radar,6,57,48,3,114,0,2,73,3,78,6,59,121,6,192,156,0,156,348
10/29/2014,BTR,LA,ASW,CE,Combined TRACON& Tower with Radar,6,55,87,2,150,0,0,37,0,37,6,55,124,2,187,127,0,127,314
10/30/2014,BTR,LA,ASW,CE,Combined TRACON& Tower with Radar,6,57,62,0,125,0,4,71,4,79,6,61,133,4,204,131,0,131,335
10/31/2014,BTR,LA,ASW,CE,Combined TRACON& Tower with Radar,6,52,56,1,115,0,0,56,1,57,6,52,112,2,172,62,0,62,234
11/01/2014,BTR,LA,ASW,CE,Combined TRACON& Tower with Radar,10,34,27,0,71,0,0,81,0,81,10,34,108,0,152,121,0,121,273
11/02/2014,BTR,LA,ASW,CE,Combined TRACON& Tower with Radar,10,53,53,0,116,0,0,64,2,66,10,53,117,2,182,61,0,61,243
11/03/2014,BTR,LA,ASW,CE,Combined TRACON& Tower with Radar,10,53,61,9,133,0,0,51,2,53,10,53,112,11,186,135,0,135,321
11/04/2014,BTR,LA,ASW,CE,Combined TRACON& Tower with Radar,8,55,62,0,125,0,3,43,0,46,8,58,105,0,171,124,0,124,295
11/05/2014,BTR,LA,ASW,CE,Combined TRACON& Tower with Radar,10,53,59,0,122,0,0,52,2,54,10,53,111,2,176,104,0,104,280
11/06/2014,BTR,LA,ASW,CE,Combined TRACON& Tower with Radar,12,58,89,0,159,0,1,69,1,71,12,59,158,1,230,95,0,95,325
11/07/2014,BTR,LA,ASW,CE,Combined TRACON& Tower with Radar,10,71,76,2,159,0,2,86,0,88,10,73,162,2,247,62,0,62,309
11/08/2014,BTR,LA,ASW,CE,Combined TRACON& Tower with Radar,9,60,117,0,186,0,0,95,0,95,9,60,212,0,281,43,0,43,324
11/09/2014,BTR,LA,ASW,CE,Combined TRACON& Tower with Radar,10,76,85,2,173,0,0,86,0,86,10,76,171,2,259,23,0,23,282
11/10/2014,BTR,LA,ASW,CE,Combined TRACON& Tower with Radar,10,56,53,0,119,0,1,64,0,65,10,57,117,0,184,174,0,174,358
11/11/2014,BTR,LA,ASW,CE,Combined TRACON& Tower with Radar,12,50,52,0,114,0,1,71,0,72,12,51,123,0,186,120,0,120,306
11/12/2014,BTR,LA,ASW,CE,Combined TRACON& Tower with Radar,9,58,95,3,165,0,3,6,0,9,9,61,101,3,174,41,0,41,215
11/13/2014,BTR,LA,ASW,CE,Combined TRACON& Tower with Radar,9,60,67,20,156,0,2,36,0,38,9,62,103,20,194,38,0,38,232
11/14/2014,BTR,LA,ASW,CE,Combined TRACON& Tower with Radar,10,60,55,2,127,0,0,86,0,86,10,60,141,2,213,129,0,129,342
11/15/2014,BTR,LA,ASW,CE,Combined TRACON& Tower with Radar,10,36,35,0,81,0,11,57,0,68,10,47,92,0,149,119,0,119,268
11/16/2014,BTR,LA,ASW,CE,Combined TRACON& Tower with Radar,8,51,31,1,91,0,0,10,0,10,8,51,41,1,101,12,0,12,113
11/17/2014,BTR,LA,ASW,CE,Combined TRACON& Tower with Radar,10,51,49,2,112,0,0,32,0,32,10,51,81,2,144,30,0,30,174
11/18/2014,BTR,LA,ASW,CE,Combined TRACON& Tower with Radar,10,56,58,1,125,0,2,73,1,76,10,58,131,2,201,128,0,128,329
11/19/2014,BTR,LA,ASW,CE,Combined TRACON& Tower with Radar,10,60,68,2,140,0,0,108,2,110,10,60,176,4,250,127,0,127,377
11/20/2014,BTR,LA,ASW,CE,Combined TRACON& Tower with Radar,10,55,77,5,147,0,1,84,6,91,10,56,161,11,238,168,0,168,406
11/21/2014,BTR,LA,ASW,CE,Combined TRACON& Tower with Radar,8,57,84,0,149,0,0,90,0,90,8,57,174,0,239,136,0,136,375
11/22/2014,BTR,LA,ASW,CE,Combined TRACON& Tower with Radar,6,40,24,0,70,0,0,38,1,39,6,40,62,1,109,52,2,54,163
11/23/2014,BTR,LA,ASW,CE,Combined TRACON& Tower with Radar,14,37,31,0,82,0,0,24,0,24,14,37,55,0,106,16,0,16,122
11/24/2014,BTR,LA,ASW,CE,Combined TRACON& Tower with Radar,11,46,48,4,109,0,2,89,0,91,11,48,137,4,200,130,0,130,330
11/25/2014,BTR,LA,ASW,CE,Combined TRACON& Tower with Radar,10,46,54,2,112,0,0,85,0,85,10,46,139,2,197,142,0,142,339
11/26/2014,BTR,LA,ASW,CE,Combined TRACON& Tower with Radar,12,50,58,0,120,0,0,59,0,59,12,50,117,0,179,54,0,54,233
11/27/2014,BTR,LA,ASW,CE,Combined TRACON& Tower with Radar,6,30,13,0,49,0,0,8,0,8,6,30,21,0,57,9,0,9,66
11/28/2014,BTR,LA,ASW,CE,Combined TRACON& Tower with Radar,8,33,38,0,79,0,0,58,0,58,8,33,96,0,137,30,0,30,167
11/29/2014,BTR,LA,ASW,CE,Combined TRACON& Tower with Radar,10,40,27,0,77,0,2,49,0,51,10,42,76,0,128,49,0,49,177
11/30/2014,BTR,LA,ASW,CE,Combined TRACON& Tower with Radar,11,50,51,0,112,0,2,39,0,41,11,52,90,0,153,45,0,45,198
12/01/2014,BTR,LA,ASW,CE,Combined TRACON& Tower with Radar,9,54,81,8,152,0,0,74,0,74,9,54,155,8,226,46,0,46,272
12/02/2014,BTR,LA,ASW,CE,Combined TRACON& Tower with Radar,11,50,79,0,140,0,0,42,0,42,11,50,121,0,182,80,0,80,262
12/03/2014,BTR,LA,ASW,CE,Combined TRACON& Tower with Radar,10,47,79,0,136,0,5,76,0,81,10,52,155,0,217,117,0,117,334
12/04/2014,BTR,LA,ASW,CE,Combined TRACON& Tower with Radar,10,52,78,0,140,0,0,15,0,15,10,52,93,0,155,57,0,57,212
12/05/2014,BTR,LA,ASW,CE,Combined TRACON& Tower with Radar,10,53,70,0,133,0,0,56,0,56,10,53,126,0,189,157,0,157,346
12/06/2014,BTR,LA,ASW,CE,Combined TRACON& Tower with Radar,6,35,30,0,71,0,0,12,0,12,6,35,42,0,83,87,0,87,170
12/07/2014,BTR,LA,ASW,CE,Combined TRACON& Tower with Radar,10,48,33,0,91,0,0,51,0,51,10,48,84,0,142,110,0,110,252
12/08/2014,BTR,LA,ASW,CE,Combined TRACON& Tower with Radar,10,48,80,0,138,0,1,114,2,117,10,49,194,2,255,126,0,126,381
12/09/2014,BTR,LA,ASW,CE,Combined TRACON& Tower with Radar,10,42,67,8,127,0,2,102,0,104,10,44,169,8,231,168,0,168,399
12/10/2014,BTR,LA,ASW,CE,Combined TRACON& Tower with Radar,10,57,63,0,130,0,1,96,0,97,10,58,159,0,227,106,0,106,333
12/11/2014,BTR,LA,ASW,CE,Combined TRACON& Tower with Radar,10,59,88,2,159,0,1,88,2,91,10,60,176,4,250,53,0,53,303
12/12/2014,BTR,LA,ASW,CE,Combined TRACON& Tower with Radar,9,54,44,1,108,0,0,83,0,83,9,54,127,1,191,131,0,131,322
12/13/2014,BTR,LA,ASW,CE,Combined TRACON& Tower with Radar,7,36,36,0,79,0,2,58,0,60,7,38,94,0,139,129,0,129,268
12/14/2014,BTR,LA,ASW,CE,Combined TRACON& Tower with Radar,10,45,30,0,85,0,0,35,0,35,10,45,65,0,120,33,0,33,153
12/15/2014,BTR,LA,ASW,CE,Combined TRACON& Tower with Radar,10,50,57,2,119,0,0,41,0,41,10,50,98,2,160,86,0,86,246
12/16/2014,BTR,LA,ASW,CE,Combined TRACON& Tower with Radar,10,47,78,1,136,0,0,90,1,91,10,47,168,2,227,68,0,68,295
12/17/2014,BTR,LA,ASW,CE,Combined TRACON& Tower with Radar,10,55,66,0,131,0,0,73,0,73,10,55,139,0,204,120,0,120,324
12/18/2014,BTR,LA,ASW,CE,Combined TRACON& Tower with Radar,10,59,75,3,147,0,0,47,2,49,10,59,122,5,196,160,0,160,356
12/19/2014,BTR,LA,ASW,CE,Combined TRACON& Tower with Radar,10,54,47,0,111,0,0,0,0,0,10,54,47,0,111,0,0,0,111
12/20/2014,BTR,LA,ASW,CE,Combined TRACON& Tower with Radar,4,55,39,2,100,0,2,6,0,8,4,57,45,2,108,0,0,0,108
12/21/2014,BTR,LA,ASW,CE,Combined TRACON& Tower with Radar,6,47,46,0,99,0,1,21,0,22,6,48,67,0,121,18,0,18,139
12/22/2014,BTR,LA,ASW,CE,Combined TRACON& Tower with Radar,6,41,35,0,82,0,0,24,0,24,6,41,59,0,106,4,0,4,110
12/23/2014,BTR,LA,ASW,CE,Combined TRACON& Tower with Radar,8,45,12,0,65,0,1,0,0,1,8,46,12,0,66,0,0,0,66
12/24/2014,BTR,LA,ASW,CE,Combined TRACON& Tower with Radar,4,42,20,0,66,0,0,29,0,29,4,42,49,0,95,14,0,14,109
12/25/2014,BTR,LA,ASW,CE,Combined TRACON& Tower with Radar,2,34,6,0,42,0,0,21,0,21,2,34,27,0,63,5,0,5,68
12/26/2014,BTR,LA,ASW,CE,Combined TRACON& Tower with Radar,6,44,35,0,85,0,0,22,0,22,6,44,57,0,107,37,0,37,144
12/27/2014,BTR,LA,ASW,CE,Combined TRACON& Tower with Radar,6,47,21,0,74,0,0,0,0,0,6,47,21,0,74,0,0,0,74
12/28/2014,BTR,LA,ASW,CE,Combined TRACON& Tower with Radar,6,42,32,0,80,0,0,1,0,1,6,42,33,0,81,56,0,56,137
12/29/2014,BTR,LA,ASW,CE,Combined TRACON& Tower with Radar,6,43,46,2,97,0,0,3,0,3,6,43,49,2,100,0,0,0,100
12/30/2014,BTR,LA,ASW,CE,Combined TRACON& Tower with Radar,5,45,49,0,99,0,0,10,0,10,5,45,59,0,109,34,0,34,143
12/31/2014,BTR,LA,ASW,CE,Combined TRACON& Tower with Radar,7,42,35,0,84,0,3,67,0,70,7,45,102,0,154,53,0,53,207
01/01/2015,BTR,LA,ASW,CE,Combined TRACON& Tower with Radar,2,34,19,0,55,0,0,16,0,16,2,34,35,0,71,58,0,58,129
01/02/2015,BTR,LA,ASW,CE,Combined TRACON& Tower with Radar,4,44,42,0,90,0,0,0,0,0,4,44,42,0,90,2,0,2,92
01/03/2015,BTR,LA,ASW,CE,Combined TRACON& Tower with Radar,4,41,11,0,56,0,0,0,0,0,4,41,11,0,56,0,0,0,56
01/04/2015,BTR,LA,ASW,CE,Combined TRACON& Tower with Radar,5,50,42,4,101,0,0,43,0,43,5,50,85,4,144,44,0,44,188
01/05/2015,BTR,LA,ASW,CE,Combined TRACON& Tower with Radar,7,44,34,0,85,0,0,85,0,85,7,44,119,0,170,132,0,132,302
01/06/2015,BTR,LA,ASW,CE,Combined TRACON& Tower with Radar,8,48,45,1,102,0,1,87,1,89,8,49,132,2,191,44,0,44,235
01/07/2015,BTR,LA,ASW,CE,Combined TRACON& Tower with Radar,8,54,65,4,131,0,0,59,0,59,8,54,124,4,190,38,0,38,228
01/08/2015,BTR,LA,ASW,CE,Combined TRACON& Tower with Radar,7,56,70,2,135,0,0,63,0,63,7,56,133,2,198,81,0,81,279
01/09/2015,BTR,LA,ASW,CE,Combined TRACON& Tower with Radar,8,60,38,0,106,0,1,25,0,26,8,61,63,0,132,58,0,58,190
01/10/2015,BTR,LA,ASW,CE,Combined TRACON& Tower with Radar,8,39,31,0,78,0,4,60,0,64,8,43,91,0,142,81,0,81,223
01/11/2015,BTR,LA,ASW,CE,Combined TRACON& Tower with Radar,5,47,34,0,86,0,0,18,0,18,5,47,52,0,104,22,0,22,126
01/12/2015,BTR,LA,ASW,CE,Combined TRACON& Tower with Radar,9,48,46,0,103,0,0,3,0,3,9,48,49,0,106,58,0,58,164
01/13/2015,BTR,LA,ASW,CE,Combined TRACON& Tower with Radar,8,51,68,1,128,0,1,13,3,17,8,52,81,4,145,156,0,156,301
01/14/2015,BTR,LA,ASW,CE,Combined TRACON& Tower with Radar,10,56,80,0,146,0,0,4,0,4,10,56,84,0,150,143,0,143,293
01/15/2015,BTR,LA,ASW,CE,Combined TRACON& Tower with Radar,8,59,77,0,144,0,0,13,0,13,8,59,90,0,157,18,0,18,175
01/16/2015,BTR,LA,ASW,CE,Combined TRACON& Tower with Radar,11,50,50,0,111,0,1,80,0,81,11,51,130,0,192,16,0,16,208
01/17/2015,BTR,LA,ASW,CE,Combined TRACON& Tower with Radar,7,31,29,0,67,0,2,72,0,74,7,33,101,0,141,56,0,56,197
01/18/2015,BTR,LA,ASW,CE,Combined TRACON& Tower with Radar,4,42,36,0,82,0,0,67,0,67,4,42,103,0,149,38,0,38,187
01/19/2015,BTR,LA,ASW,CE,Combined TRACON& Tower with Radar,8,52,47,0,107,0,4,84,0,88,8,56,131,0,195,102,0,102,297
01/20/2015,BTR,LA,ASW,CE,Combined TRACON& Tower with Radar,8,50,56,5,119,0,2,53,3,58,8,52,109,8,177,27,0,27,204
01/21/2015,BTR,LA,ASW,CE,Combined TRACON& Tower with Radar,10,56,66,4,136,0,2,57,2,61,10,58,123,6,197,21,0,21,218
01/22/2015,BTR,LA,ASW,CE,Combined TRACON& Tower with Radar,7,65,36,4,112,0,0,4,0,4,7,65,40,4,116,3,0,3,119
01/23/2015,BTR,LA,ASW,CE,Combined TRACON& Tower with Radar,8,49,49,0,106,0,0,0,0,0,8,49,49,0,106,27,0,27,133
01/24/2015,BTR,LA,ASW,CE,Combined TRACON& Tower with Radar,6,32,25,8,71,0,2,59,0,61,6,34,84,8,132,114,0,114,246
01/25/2015,BTR,LA,ASW,CE,Combined TRACON& Tower with Radar,5,53,12,2,72,0,1,61,0,62,5,54,73,2,134,64,0,64,198
01/26/2015,BTR,LA,ASW,CE,Combined TRACON& Tower with Radar,8,48,56,0,112,0,2,60,0,62,8,50,116,0,174,92,0,92,266
01/27/2015,BTR,LA,ASW,CE,Combined TRACON& Tower with Radar,8,45,72,8,133,0,0,85,0,85,8,45,157,8,218,44,6,50,268
01/28/2015,BTR,LA,ASW,CE,Combined TRACON& Tower with Radar,9,55,75,0,139,0,0,73,0,73,9,55,148,0,212,81,0,81,293
01/29/2015,BTR,LA,ASW,CE,Combined TRACON& Tower with Radar,8,49,43,4,104,0,0,63,3,66,8,49,106,7,170,103,0,103,273
01/30/2015,BTR,LA,ASW,CE,Combined TRACON& Tower with Radar,10,52,47,0,109,0,0,84,0,84,10,52,131,0,193,30,0,30,223
01/31/2015,BTR,LA,ASW,CE,Combined TRACON& Tower with Radar,6,30,31,0,67,0,1,69,0,70,6,31,100,0,137,87,0,87,224
02/01/2015,BTR,LA,ASW,CE,Combined TRACON& Tower with Radar,4,43,32,0,79,0,0,12,0,12,4,43,44,0,91,38,0,38,129
02/02/2015,BTR,LA,ASW,CE,Combined TRACON& Tower with Radar,10,45,34,0,89,0,3,58,0,61,10,48,92,0,150,116,0,116,266
02/03/2015,BTR,LA,ASW,CE,Combined TRACON& Tower with Radar,8,50,53,2,113,0,0,78,0,78,8,50,131,2,191,231,6,237,428
02/04/2015,BTR,LA,ASW,CE,Combined TRACON& Tower with Radar,10,55,63,2,130,0,0,1,0,1,10,55,64,2,131,19,0,19,150
02/05/2015,BTR,LA,ASW,CE,Combined TRACON& Tower with Radar,8,51,51,4,114,0,0,87,0,87,8,51,138,4,201,98,0,98,299
02/06/2015,BTR,LA,ASW,CE,Combined TRACON& Tower with Radar,8,58,60,0,126,0,6,87,1,94,8,64,147,1,220,78,0,78,298
02/07/2015,BTR,LA,ASW,CE,Combined TRACON& Tower with Radar,6,29,35,0,70,0,5,76,2,83,6,34,111,2,153,77,0,77,230
02/08/2015,BTR,LA,ASW,CE,Combined TRACON& Tower with Radar,3,38,51,0,92,0,1,53,2,56,3,39,104,2,148,34,0,34,182
02/09/2015,BTR,LA,ASW,CE,Combined TRACON& Tower with Radar,15,40,47,10,112,0,2,60,2,64,15,42,107,12,176,60,0,60,236
02/10/2015,BTR,LA,ASW,CE,Combined TRACON& Tower with Radar,10,44,67,0,121,0,0,110,0,110,10,44,177,0,231,134,0,134,365
02/11/2015,BTR,LA,ASW,CE,Combined TRACON& Tower with Radar,10,50,78,0,138,0,2,101,0,103,10,52,179,0,241,139,0,139,380
02/12/2015,BTR,LA,ASW,CE,Combined TRACON& Tower with Radar,8,52,60,6,126,0,0,104,2,106,8,52,164,8,232,78,8,86,318
02/13/2015,BTR,LA,ASW,CE,Combined TRACON& Tower with Radar,9,53,56,0,118,0,0,105,0,105,9,53,161,0,223,147,0,147,370
02/14/2015,BTR,LA,ASW,CE,Combined TRACON& Tower with Radar,8,43,23,0,74,0,1,87,0,88,8,44,110,0,162,55,0,55,217
02/15/2015,BTR,LA,ASW,CE,Combined TRACON& Tower with Radar,8,49,39,0,96,0,0,15,0,15,8,49,54,0,111,62,0,62,173
02/16/2015,BTR,LA,ASW,CE,Combined TRACON& Tower with Radar,8,50,17,0,75,0,0,13,0,13,8,50,30,0,88,22,0,22,110
02/17/2015,BTR,LA,ASW,CE,Combined TRACON& Tower with Radar,8,51,34,0,93,0,2,54,0,56,8,53,88,0,149,151,0,151,300
02/18/2015,BTR,LA,ASW,CE,Combined TRACON& Tower with Radar,8,52,44,0,104,0,6,70,0,76,8,58,114,0,180,120,0,120,300
02/19/2015,BTR,LA,ASW,CE,Combined TRACON& Tower with Radar,8,57,44,8,117,0,0,105,2,107,8,57,149,10,224,118,0,118,342
02/20/2015,BTR,LA,ASW,CE,Combined TRACON& Tower with Radar,9,53,47,2,111,0,2,29,0,31,9,55,76,2,142,133,0,133,275
02/21/2015,BTR,LA,ASW,CE,Combined TRACON& Tower with Radar,9,37,23,0,69,0,0,26,0,26,9,37,49,0,95,59,0,59,154
02/22/2015,BTR,LA,ASW,CE,Combined TRACON& Tower with Radar,10,44,38,0,92,0,0,26,0,26,10,44,64,0,118,101,0,101,219
02/23/2015,BTR,LA,ASW,CE,Combined TRACON& Tower with Radar,8,46,42,4,100,0,0,2,0,2,8,46,44,4,102,6,0,6,108
02/24/2015,BTR,LA,ASW,CE,Combined TRACON& Tower with Radar,10,53,54,4,121,0,0,27,0,27,10,53,81,4,148,132,0,132,280
02/25/2015,BTR,LA,ASW,CE,Combined TRACON& Tower with Radar,8,47,38,3,96,0,0,0,0,0,8,47,38,3,96,0,0,0,96
02/26/2015,BTR,LA,ASW,CE,Combined TRACON& Tower with Radar,8,53,57,6,124,0,0,54,0,54,8,53,111,6,178,148,0,148,326
02/27/2015,BTR,LA,ASW,CE,Combined TRACON& Tower with Radar,8,46,60,6,120,0,0,82,0,82,8,46,142,6,202,107,0,107,309
02/28/2015,BTR,LA,ASW,CE,Combined TRACON& Tower with Radar,6,29,32,2,69,0,2,86,4,92,6,31,118,6,161,132,0,132,293
03/01/2015,BTR,LA,ASW,CE,Combined TRACON& Tower with Radar,8,43,22,4,77,0,0,0,0,0,8,43,22,4,77,20,0,20,97
03/02/2015,BTR,LA,ASW,CE,Combined TRACON& Tower with Radar,8,43,27,0,78,0,0,0,0,0,8,43,27,0,78,0,0,0,78
03/03/2015,BTR,LA,ASW,CE,Combined TRACON& Tower with Radar,6,27,56,0,89,0,0,19,0,19,6,27,75,0,108,48,0,48,156
03/04/2015,BTR,LA,ASW,CE,Combined TRACON& Tower with Radar,8,54,66,0,128,0,0,20,0,20,8,54,86,0,148,34,0,34,182
03/05/2015,BTR,LA,ASW,CE,Combined TRACON& Tower with Radar,8,32,39,0,79,0,0,6,0,6,8,32,45,0,85,0,0,0,85
03/06/2015,BTR,LA,ASW,CE,Combined TRACON& Tower with Radar,8,54,44,14,120,0,2,93,0,95,8,56,137,14,215,122,0,122,337
03/07/2015,BTR,LA,ASW,CE,Combined TRACON& Tower with Radar,6,43,38,2,89,0,1,89,0,90,6,44,127,2,179,168,0,168,347
03/08/2015,BTR,LA,ASW,CE,Combined TRACON& Tower with Radar,10,45,36,0,91,0,0,39,0,39,10,45,75,0,130,76,0,76,206
03/09/2015,BTR,LA,ASW,CE,Combined TRACON& Tower with Radar,8,51,62,0,121,0,0,3,0,3,8,51,65,0,124,56,0,56,180
03/10/2015,BTR,LA,ASW,CE,Combined TRACON& Tower with Radar,10,47,30,0,87,0,0,9,0,9,10,47,39,0,96,121,0,121,217
03/11/2015,BTR,LA,ASW,CE,Combined TRACON& Tower with Radar,7,65,53,0,125,0,0,9,0,9,7,65,62,0,134,110,0,110,244
03/12/2015,BTR,LA,ASW,CE,Combined TRACON& Tower with Radar,9,53,37,0,99,0,0,1,0,1,9,53,38,0,100,64,0,64,164
03/13/2015,BTR,LA,ASW,CE,Combined TRACON& Tower with Radar,8,51,50,0,109,0,26,0,0,26,8,77,50,0,135,0,0,0,135
03/14/2015,BTR,LA,ASW,CE,Combined TRACON& Tower with Radar,6,36,36,0,78,0,0,58,0,58,6,36,94,0,136,158,0,158,294
03/15/2015,BTR,LA,ASW,CE,Combined TRACON& Tower with Radar,8,47,25,0,80,0,1,72,0,73,8,48,97,0,153,55,0,55,208
03/16/2015,BTR,LA,ASW,CE,Combined TRACON& Tower with Radar,8,51,52,4,115,0,3,94,0,97,8,54,146,4,212,100,0,100,312
03/17/2015,BTR,LA,ASW,CE,Combined TRACON& Tower with Radar,8,51,55,4,118,0,0,88,0,88,8,51,143,4,206,195,0,195,401
03/18/2015,BTR,LA,ASW,CE,Combined TRACON& Tower with Radar,10,51,60,2,123,0,0,68,0,68,10,51,128,2,191,182,0,182,373
03/19/2015,BTR,LA,ASW,CE,Combined TRACON& Tower with Radar,8,51,66,3,128,0,0,56,2,58,8,51,122,5,186,255,0,255,441
03/20/2015,BTR,LA,ASW,CE,Combined TRACON& Tower with Radar,10,51,62,1,124,0,0,62,0,62,10,51,124,1,186,190,0,190,376
03/21/2015,BTR,LA,ASW,CE,Combined TRACON& Tower with Radar,6,38,42,0,86,0,0,40,0,40,6,38,82,0,126,176,0,176,302
03/22/2015,BTR,LA,ASW,CE,Combined TRACON& Tower with Radar,9,43,22,0,74,0,0,22,0,22,9,43,44,0,96,158,0,158,254
03/23/2015,BTR,LA,ASW,CE,Combined TRACON& Tower with Radar,8,54,50,0,112,0,5,63,0,68,8,59,113,0,180,173,0,173,353
03/24/2015,BTR,LA,ASW,CE,Combined TRACON& Tower with Radar,8,55,55,1,119,0,0,80,0,80,8,55,135,1,199,174,0,174,373
03/25/2015,BTR,LA,ASW,CE,Combined TRACON& Tower with Radar,8,54,82,0,144,0,0,79,2,81,8,54,161,2,225,194,0,194,419
03/26/2015,BTR,LA,ASW,CE,Combined TRACON& Tower with Radar,8,55,48,0,111,0,0,35,0,35,8,55,83,0,146,200,0,200,346
03/27/2015,BTR,LA,ASW,CE,Combined TRACON& Tower with Radar,6,56,43,1,106,0,0,111,0,111,6,56,154,1,217,136,0,136,353
03/28/2015,BTR,LA,ASW,CE,Combined TRACON& Tower with Radar,6,37,34,4,81,0,5,87,0,92,6,42,121,4,173,136,0,136,309
03/29/2015,BTR,LA,ASW,CE,Combined TRACON& Tower with Radar,8,44,31,0,83,0,2,67,0,69,8,46,98,0,152,134,0,134,286
03/30/2015,BTR,LA,ASW,CE,Combined TRACON& Tower with Radar,8,51,49,0,108,0,2,86,0,88,8,53,135,0,196,174,0,174,370
03/31/2015,BTR,LA,ASW,CE,Combined TRACON& Tower with Radar,8,45,62,1,116,0,0,69,1,70,8,45,131,2,186,132,0,132,318
04/01/2015,BTR,LA,ASW,CE,Combined TRACON& Tower with Radar,8,48,56,0,112,0,0,94,0,94,8,48,150,0,206,166,0,166,372
04/02/2015,BTR,LA,ASW,CE,Combined TRACON& Tower with Radar,8,56,75,4,143,0,0,74,0,74,8,56,149,4,217,64,0,64,281
04/03/2015,BTR,LA,ASW,CE,Combined TRACON& Tower with Radar,8,50,40,0,98,0,0,89,0,89,8,50,129,0,187,190,0,190,377
04/04/2015,BTR,LA,ASW,CE,Combined TRACON& Tower with Radar,8,39,20,0,67,0,0,43,0,43,8,39,63,0,110,142,0,142,252
04/05/2015,BTR,LA,ASW,CE,Combined TRACON& Tower with Radar,8,41,29,0,78,0,1,15,0,16,8,42,44,0,94,14,0,14,108
04/06/2015,BTR,LA,ASW,CE,Combined TRACON& Tower with Radar,8,52,50,0,110,0,0,31,0,31,8,52,81,0,141,122,0,122,263
04/07/2015,BTR,LA,ASW,CE,Combined TRACON& Tower with Radar,6,52,65,8,131,0,0,46,0,46,6,52,111,8,177,42,0,42,219
04/08/2015,BTR,LA,ASW,CE,Combined TRACON& Tower with Radar,5,50,71,2,128,0,0,67,0,67,5,50,138,2,195,240,0,240,435
04/09/2015,BTR,LA,ASW,CE,Combined TRACON& Tower with Radar,5,58,45,0,108,0,1,57,0,58,5,59,102,0,166,139,0,139,305
04/10/2015,BTR,LA,ASW,CE,Combined TRACON& Tower with Radar,6,63,50,2,121,0,0,13,0,13,6,63,63,2,134,106,0,106,240
04/11/2015,BTR,LA,ASW,CE,Combined TRACON& Tower with Radar,4,37,37,0,78,0,0,44,0,44,4,37,81,0,122,176,0,176,298
04/12/2015,BTR,LA,ASW,CE,Combined TRACON& Tower with Radar,5,50,38,0,93,0,0,6,0,6,5,50,44,0,99,8,0,8,107
04/13/2015,BTR,LA,ASW,CE,Combined TRACON& Tower with Radar,5,52,45,0,102,0,0,24,0,24,5,52,69,0,126,96,0,96,222
04/14/2015,BTR,LA,ASW,CE,Combined TRACON& Tower with Radar,6,50,28,0,84,0,0,4,0,4,6,50,32,0,88,12,0,12,100
04/15/2015,BTR,LA,ASW,CE,Combined TRACON& Tower with Radar,6,51,45,1,103,0,0,40,0,40,6,51,85,1,143,160,0,160,303
04/16/2015,BTR,LA,ASW,CE,Combined TRACON& Tower with Radar,6,53,53,0,112,0,0,6,0,6,6,53,59,0,118,36,0,36,154
04/17/2015,BTR,LA,ASW,CE,Combined TRACON& Tower with Radar,6,52,72,2,132,0,0,71,0,71,6,52,143,2,203,161,0,161,364
04/18/2015,BTR,LA,ASW,CE,Combined TRACON& Tower with Radar,6,31,27,6,70,0,1,20,0,21,6,32,47,6,91,136,1,137,228
04/19/2015,BTR,LA,ASW,CE,Combined TRACON& Tower with Radar,6,47,46,0,99,0,1,62,0,63,6,48,108,0,162,95,0,95,257
04/20/2015,BTR,LA,ASW,CE,Combined TRACON& Tower with Radar,3,55,72,0,130,0,0,82,0,82,3,55,154,0,212,85,0,85,297
04/21/2015,BTR,LA,ASW,CE,Combined TRACON& Tower with Radar,7,46,59,0,112,0,0,93,0,93,7,46,152,0,205,203,0,203,408
04/22/2015,BTR,LA,ASW,CE,Combined TRACON& Tower with Radar,8,48,63,3,122,0,0,79,2,81,8,48,142,5,203,209,0,209,412
04/23/2015,BTR,LA,ASW,CE,Combined TRACON& Tower with Radar,6,56,60,1,123,0,0,60,4,64,6,56,120,5,187,59,0,59,246
04/24/2015,BTR,LA,ASW,CE,Combined TRACON& Tower with Radar,6,52,49,0,107,0,2,13,4,19,6,54,62,4,126,130,0,130,256
04/25/2015,BTR,LA,ASW,CE,Combined TRACON& Tower with Radar,6,41,28,0,75,0,0,25,0,25,6,41,53,0,100,93,0,93,193
04/26/2015,BTR,LA,ASW,CE,Combined TRACON& Tower with Radar,6,49,56,0,111,0,0,48,0,48,6,49,104,0,159,68,0,68,227
04/27/2015,BTR,LA,ASW,CE,Combined TRACON& Tower with Radar,10,53,17,0,80,0,0,15,0,15,10,53,32,0,95,10,0,10,105
04/28/2015,BTR,LA,ASW,CE,Combined TRACON& Tower with Radar,6,53,53,4,116,0,0,42,0,42,6,53,95,4,158,255,10,265,423
04/29/2015,BTR,LA,ASW,CE,Combined TRACON& Tower with Radar,6,61,52,0,119,0,0,110,0,110,6,61,162,0,229,94,0,94,323
04/30/2015,BTR,LA,ASW,CE,Combined TRACON& Tower with Radar,6,55,60,1,122,0,0,73,1,74,6,55,133,2,196,156,0,156,352
05/01/2015,BTR,LA,ASW,CE,Combined TRACON& Tower with Radar,8,54,51,0,113,0,0,127,1,128,8,54,178,1,241,114,0,114,355
05/02/2015,BTR,LA,ASW,CE,Combined TRACON& Tower with Radar,6,41,31,4,82,0,1,75,2,78,6,42,106,6,160,49,0,49,209
05/03/2015,BTR,LA,ASW,CE,Combined TRACON& Tower with Radar,8,45,42,0,95,0,0,49,0,49,8,45,91,0,144,40,0,40,184
05/04/2015,BTR,LA,ASW,CE,Combined TRACON& Tower with Radar,8,55,68,0,131,0,0,34,0,34,8,55,102,0,165,86,0,86,251
05/05/2015,BTR,LA,ASW,CE,Combined TRACON& Tower with Radar,7,62,57,1,127,0,0,85,1,86,7,62,142,2,213,91,0,91,304
05/06/2015,BTR,LA,ASW,CE,Combined TRACON& Tower with Radar,8,55,75,0,138,0,1,75,0,76,8,56,150,0,214,154,0,154,368
05/07/2015,BTR,LA,ASW,CE,Combined TRACON& Tower with Radar,8,61,65,4,138,0,0,47,0,47,8,61,112,4,185,49,0,49,234
05/08/2015,BTR,LA,ASW,CE,Combined TRACON& Tower with Radar,8,50,70,15,143,0,0,63,1,64,8,50,133,16,207,146,0,146,353
05/09/2015,BTR,LA,ASW,CE,Combined TRACON& Tower with Radar,6,31,56,0,93,0,0,45,0,45,6,31,101,0,138,120,0,120,258
05/10/2015,BTR,LA,ASW,CE,Combined TRACON& Tower with Radar,8,35,30,0,73,0,0,32,0,32,8,35,62,0,105,8,0,8,113
05/11/2015,BTR,LA,ASW,CE,Combined TRACON& Tower with Radar,8,41,38,0,87,0,0,23,0,23,8,41,61,0,110,90,0,90,200
05/12/2015,BTR,LA,ASW,CE,Combined TRACON& Tower with Radar,6,47,65,8,126,0,0,32,0,32,6,47,97,8,158,166,0,166,324
05/13/2015,BTR,LA,ASW,CE,Combined TRACON& Tower with Radar,8,53,90,4,155,0,1,86,0,87,8,54,176,4,242,140,0,140,382
05/14/2015,BTR,LA,ASW,CE,Combined TRACON& Tower with Radar,8,54,68,0,130,0,3,66,2,71,8,57,134,2,201,90,0,90,291
05/15/2015,BTR,LA,ASW,CE,Combined TRACON& Tower with Radar,8,53,67,0,128,0,0,40,1,41,8,53,107,1,169,70,0,70,239
05/16/2015,BTR,LA,ASW,CE,Combined TRACON& Tower with Radar,6,34,42,0,82,0,0,15,1,16,6,34,57,1,98,27,0,27,125
05/17/2015,BTR,LA,ASW,CE,Combined TRACON& Tower with Radar,12,44,51,1,108,0,2,32,3,37,12,46,83,4,145,119,0,119,264
05/18/2015,BTR,LA,ASW,CE,Combined TRACON& Tower with Radar,6,61,56,0,123,0,0,14,0,14,6,61,70,0,137,16,0,16,153
05/19/2015,BTR,LA,ASW,CE,Combined TRACON& Tower with Radar,8,53,65,0,126,0,0,53,0,53,8,53,118,0,179,164,0,164,343
05/20/2015,BTR,LA,ASW,CE,Combined TRACON& Tower with Radar,8,54,82,16,160,0,0,71,3,74,8,54,153,19,234,56,4,60,294
05/21/2015,BTR,LA,ASW,CE,Combined TRACON& Tower with Radar,18,55,62,0,135,0,2,39,0,41,18,57,101,0,176,38,0,38,214
05/22/2015,BTR,LA,ASW,CE,Combined TRACON& Tower with Radar,9,58,82,0,149,0,0,54,0,54,9,58,136,0,203,6,0,6,209
05/23/2015,BTR,LA,ASW,CE,Combined TRACON& Tower with Radar,6,31,35,0,72,0,0,52,0,52,6,31,87,0,124,92,0,92,216
05/24/2015,BTR,LA,ASW,CE,Combined TRACON& Tower with Radar,6,36,24,0,66,0,0,26,0,26,6,36,50,0,92,12,0,12,104
05/25/2015,BTR,LA,ASW,CE,Combined TRACON& Tower with Radar,11,40,44,0,95,0,0,30,0,30,11,40,74,0,125,20,0,20,145
05/26/2015,BTR,LA,ASW,CE,Combined TRACON& Tower with Radar,5,50,54,4,113,0,1,42,2,45,5,51,96,6,158,154,0,154,312
05/27/2015,BTR,LA,ASW,CE,Combined TRACON& Tower with Radar,8,42,57,2,109,0,0,28,0,28,8,42,85,2,137,93,0,93,230
05/28/2015,BTR,LA,ASW,CE,Combined TRACON& Tower with Radar,8,49,79,7,143,0,0,108,3,111,8,49,187,10,254,8,0,8,262
05/29/2015,BTR,LA,ASW,CE,Combined TRACON& Tower with Radar,8,53,59,2,122,0,4,41,0,45,8,57,100,2,167,80,0,80,247
05/30/2015,BTR,LA,ASW,CE,Combined TRACON& Tower with Radar,6,33,22,0,61,0,2,39,0,41,6,35,61,0,102,94,0,94,196
05/31/2015,BTR,LA,ASW,CE,Combined TRACON& Tower with Radar,8,44,42,0,94,0,2,22,1,25,8,46,64,1,119,58,0,58,177
06/01/2015,BTR,LA,ASW,CE,Combined TRACON& Tower with Radar,10,46,60,0,116,0,0,62,1,63,10,46,122,1,179,58,0,58,237
06/02/2015,BTR,LA,ASW,CE,Combined TRACON& Tower with Radar,8,49,52,7,116,0,1,86,1,88,8,50,138,8,204,120,4,124,328
06/03/2015,BTR,LA,ASW,CE,Combined TRACON& Tower with Radar,8,50,63,5,126,0,0,74,5,79,8,50,137,10,205,57,0,57,262
06/04/2015,BTR,LA,ASW,CE,Combined TRACON& Tower with Radar,8,56,80,0,144,0,0,73,4,77,8,56,153,4,221,82,0,82,303
06/05/2015,BTR,LA,ASW,CE,Combined TRACON& Tower with Radar,8,51,43,0,102,0,1,76,11,88,8,52,119,11,190,96,0,96,286
06/06/2015,BTR,LA,ASW,CE,Combined TRACON& Tower with Radar,6,36,35,0,77,0,1,81,0,82,6,37,116,0,159,40,0,40,199
06/07/2015,BTR,LA,ASW,CE,Combined TRACON& Tower with Radar,10,38,52,0,100,0,1,44,0,45,10,39,96,0,145,15,0,15,160
06/08/2015,BTR,LA,ASW,CE,Combined TRACON& Tower with Radar,10,51,66,2,129,0,0,66,4,70,10,51,132,6,199,28,0,28,227
06/09/2015,BTR,LA,ASW,CE,Combined TRACON& Tower with Radar,7,48,53,0,108,0,0,29,0,29,7,48,82,0,137,22,0,22,159
06/10/2015,BTR,LA,ASW,CE,Combined TRACON& Tower with Radar,8,47,69,4,128,0,0,55,1,56,8,47,124,5,184,70,6,76,260
06/11/2015,BTR,LA,ASW,CE,Combined TRACON& Tower with Radar,10,44,64,0,118,0,0,47,0,47,10,44,111,0,165,97,0,97,262
06/12/2015,BTR,LA,ASW,CE,Combined TRACON& Tower with Radar,7,55,53,0,115,0,0,41,2,43,7,55,94,2,158,34,0,34,192
06/13/2015,BTR,LA,ASW,CE,Combined TRACON& Tower with Radar,6,32,36,0,74,0,2,33,0,35,6,34,69,0,109,39,0,39,148
06/14/2015,BTR,LA,ASW,CE,Combined TRACON& Tower with Radar,9,48,42,0,99,0,0,23,0,23,9,48,65,0,122,22,0,22,144
06/15/2015,BTR,LA,ASW,CE,Combined TRACON& Tower with Radar,8,48,59,2,117,0,0,31,0,31,8,48,90,2,148,28,0,28,176
06/16/2015,BTR,LA,ASW,CE,Combined TRACON& Tower with Radar,8,41,52,10,111,0,0,54,2,56,8,41,106,12,167,92,0,92,259
06/17/2015,BTR,LA,ASW,CE,Combined TRACON& Tower with Radar,8,38,58,0,104,0,0,66,0,66,8,38,124,0,170,137,0,137,307
06/18/2015,BTR,LA,ASW,CE,Combined TRACON& Tower with Radar,8,56,73,2,139,0,0,71,2,73,8,56,144,4,212,54,0,54,266
06/19/2015,BTR,LA,ASW,CE,Combined TRACON& Tower with Radar,10,51,69,4,134,0,3,58,0,61,10,54,127,4,195,36,0,36,231
06/20/2015,BTR,LA,ASW,CE,Combined TRACON& Tower with Radar,6,46,33,0,85,0,2,66,0,68,6,48,99,0,153,20,0,20,173
06/21/2015,BTR,LA,ASW,CE,Combined TRACON& Tower with Radar,8,51,27,0,86,0,1,49,0,50,8,52,76,0,136,38,0,38,174
06/22/2015,BTR,LA,ASW,CE,Combined TRACON& Tower with Radar,10,53,44,4,111,0,0,71,2,73,10,53,115,6,184,59,0,59,243
06/23/2015,BTR,LA,ASW,CE,Combined TRACON& Tower with Radar,8,54,32,2,96,0,1,61,2,64,8,55,93,4,160,96,0,96,256
06/24/2015,BTR,LA,ASW,CE,Combined TRACON& Tower with Radar,8,53,68,8,137,0,4,80,2,86,8,57,148,10,223,96,0,96,319
06/25/2015,BTR,LA,ASW,CE,Combined TRACON& Tower with Radar,8,59,64,0,131,0,1,46,0,47,8,60,110,0,178,54,0,54,232
06/26/2015,BTR,LA,ASW,CE,Combined TRACON& Tower with Radar,8,47,52,0,107,0,2,81,1,84,8,49,133,1,191,60,0,60,251
06/27/2015,BTR,LA,ASW,CE,Combined TRACON& Tower with Radar,6,38,42,0,86,0,0,41,1,42,6,38,83,1,128,38,0,38,166
06/28/2015,BTR,LA,ASW,CE,Combined TRACON& Tower with Radar,8,44,38,0,90,0,0,41,0,41,8,44,79,0,131,59,0,59,190
06/29/2015,BTR,LA,ASW,CE,Combined TRACON& Tower with Radar,8,50,48,0,106,0,0,58,0,58,8,50,106,0,164,117,0,117,281
06/30/2015,BTR,LA,ASW,CE,Combined TRACON& Tower with Radar,10,47,58,2,117,0,3,42,2,47,10,50,100,4,164,57,0,57,221
07/01/2015,BTR,LA,ASW,CE,Combined TRACON& Tower with Radar,10,45,53,0,108,0,0,62,0,62,10,45,115,0,170,104,0,104,274
07/02/2015,BTR,LA,ASW,CE,Combined TRACON& Tower with Radar,8,59,71,4,142,0,1,60,0,61,8,60,131,4,203,70,0,70,273
07/03/2015,BTR,LA,ASW,CE,Combined TRACON& Tower with Radar,6,33,29,0,68,0,0,75,0,75,6,33,104,0,143,52,0,52,195
07/04/2015,BTR,LA,ASW,CE,Combined TRACON& Tower with Radar,6,23,11,0,40,0,0,26,0,26,6,23,37,0,66,6,0,6,72
07/05/2015,BTR,LA,ASW,CE,Combined TRACON& Tower with Radar,8,48,48,0,104,0,0,23,0,23,8,48,71,0,127,60,0,60,187
07/06/2015,BTR,LA,ASW,CE,Combined TRACON& Tower with Radar,8,49,56,0,113,0,0,69,0,69,8,49,125,0,182,63,0,63,245
07/07/2015,BTR,LA,ASW,CE,Combined TRACON& Tower with Radar,8,49,55,7,119,0,0,59,0,59,8,49,114,7,178,84,8,92,270
07/08/2015,BTR,LA,ASW,CE,Combined TRACON& Tower with Radar,10,52,73,4,139,0,0,88,0,88,10,52,161,4,227,112,0,112,339
07/09/2015,BTR,LA,ASW,CE,Combined TRACON& Tower with Radar,8,49,60,3,120,0,1,59,5,65,8,50,119,8,185,56,0,56,241
07/10/2015,BTR,LA,ASW,CE,Combined TRACON& Tower with Radar,8,48,50,2,108,0,0,81,2,83,8,48,131,4,191,114,0,114,305
07/11/2015,BTR,LA,ASW,CE,Combined TRACON& Tower with Radar,6,38,25,0,69,0,1,61,0,62,6,39,86,0,131,88,0,88,219
07/12/2015,BTR,LA,ASW,CE,Combined TRACON& Tower with Radar,8,47,33,0,88,0,1,86,0,87,8,48,119,0,175,46,0,46,221
07/13/2015,BTR,LA,ASW,CE,Combined TRACON& Tower with Radar,8,47,53,0,108,0,0,60,0,60,8,47,113,0,168,52,0,52,220
07/14/2015,BTR,LA,ASW,CE,Combined TRACON& Tower with Radar,8,47,44,0,99,0,0,94,0,94,8,47,138,0,193,82,0,82,275
07/15/2015,BTR,LA,ASW,CE,Combined TRACON& Tower with Radar,8,51,69,4,132,0,1,88,0,89,8,52,157,4,221,78,2,80,301
07/16/2015,BTR,LA,ASW,CE,Combined TRACON& Tower with Radar,8,48,71,0,127,0,6,93,0,99,8,54,164,0,226,68,0,68,294
07/17/2015,BTR,LA,ASW,CE,Combined TRACON& Tower with Radar,8,46,63,1,118,0,0,82,3,85,8,46,145,4,203,160,0,160,363
07/18/2015,BTR,LA,ASW,CE,Combined TRACON& Tower with Radar,6,35,35,0,76,0,2,61,0,63,6,37,96,0,139,68,0,68,207
07/19/2015,BTR,LA,ASW,CE,Combined TRACON& Tower with Radar,8,44,36,0,88,0,0,60,0,60,8,44,96,0,148,20,0,20,168
07/20/2015,BTR,LA,ASW,CE,Combined TRACON& Tower with Radar,8,53,53,2,116,0,0,54,2,56,8,53,107,4,172,30,0,30,202
07/21/2015,BTR,LA,ASW,CE,Combined TRACON& Tower with Radar,8,50,61,3,122,0,0,56,1,57,8,50,117,4,179,103,0,103,282
07/22/2015,BTR,LA,ASW,CE,Combined TRACON& Tower with Radar,8,55,68,12,143,0,3,76,0,79,8,58,144,12,222,92,0,92,314
07/23/2015,BTR,LA,ASW,CE,Combined TRACON& Tower with Radar,8,55,77,2,142,0,0,94,3,97,8,55,171,5,239,61,0,61,300
07/24/2015,BTR,LA,ASW,CE,Combined TRACON& Tower with Radar,8,48,51,10,117,0,0,88,2,90,8,48,139,12,207,182,0,182,389
07/25/2015,BTR,LA,ASW,CE,Combined TRACON& Tower with Radar,6,35,39,0,80,0,0,76,0,76,6,35,115,0,156,68,0,68,224
07/26/2015,BTR,LA,ASW,CE,Combined TRACON& Tower with Radar,10,46,38,2,96,0,1,57,0,58,10,47,95,2,154,110,0,110,264
07/27/2015,BTR,LA,ASW,CE,Combined TRACON& Tower with Radar,8,56,52,0,116,0,0,72,0,72,8,56,124,0,188,160,0,160,348
07/28/2015,BTR,LA,ASW,CE,Combined TRACON& Tower with Radar,8,53,42,0,103,0,0,75,4,79,8,53,117,4,182,114,0,114,296
07/29/2015,BTR,LA,ASW,CE,Combined TRACON& Tower with Radar,8,47,77,0,132,0,0,85,0,85,8,47,162,0,217,84,0,84,301
07/30/2015,BTR,LA,ASW,CE,Combined TRACON& Tower with Radar,8,53,55,0,116,0,0,40,0,40,8,53,95,0,156,126,0,126,282
07/31/2015,BTR,LA,ASW,CE,Combined TRACON& Tower with Radar,8,48,48,7,111,0,0,76,1,77,8,48,124,8,188,102,0,102,290
08/01/2015,BTR,LA,ASW,CE,Combined TRACON& Tower with Radar,6,32,36,0,74,0,0,68,0,68,6,32,104,0,142,84,0,84,226
08/02/2015,BTR,LA,ASW,CE,Combined TRACON& Tower with Radar,8,40,24,0,72,0,0,43,1,44,8,40,67,1,116,20,0,20,136
08/03/2015,BTR,LA,ASW,CE,Combined TRACON& Tower with Radar,8,53,39,3,103,0,0,54,4,58,8,53,93,7,161,109,0,109,270
08/04/2015,BTR,LA,ASW,CE,Combined TRACON& Tower with Radar,8,50,58,0,116,0,0,61,0,61,8,50,119,0,177,56,0,56,233
08/05/2015,BTR,LA,ASW,CE,Combined TRACON& Tower with Radar,8,50,42,4,104,0,2,66,0,68,8,52,108,4,172,54,0,54,226
08/06/2015,BTR,LA,ASW,CE,Combined TRACON& Tower with Radar,8,50,56,0,114,0,0,60,0,60,8,50,116,0,174,66,0,66,240
08/07/2015,BTR,LA,ASW,CE,Combined TRACON& Tower with Radar,8,50,42,4,104,0,1,50,0,51,8,51,92,4,155,92,0,92,247
08/08/2015,BTR,LA,ASW,CE,Combined TRACON& Tower with Radar,6,34,40,2,82,0,2,56,0,58,6,36,96,2,140,32,0,32,172
08/09/2015,BTR,LA,ASW,CE,Combined TRACON& Tower with Radar,8,42,31,0,81,0,1,40,0,41,8,43,71,0,122,6,0,6,128
08/10/2015,BTR,LA,ASW,CE,Combined TRACON& Tower with Radar,10,45,67,5,127,0,0,64,3,67,10,45,131,8,194,88,0,88,282
08/11/2015,BTR,LA,ASW,CE,Combined TRACON& Tower with Radar,8,48,54,20,130,0,0,39,2,41,8,48,93,22,171,104,0,104,275
08/12/2015,BTR,LA,ASW,CE,Combined TRACON& Tower with Radar,8,47,66,2,123,0,0,82,0,82,8,47,148,2,205,24,0,24,229
08/13/2015,BTR,LA,ASW,CE,Combined TRACON& Tower with Radar,8,53,66,7,134,0,0,81,0,81,8,53,147,7,215,80,0,80,295
08/14/2015,BTR,LA,ASW,CE,Combined TRACON& Tower with Radar,8,50,42,6,106,0,0,42,1,43,8,50,84,7,149,90,0,90,239
08/15/2015,BTR,LA,ASW,CE,Combined TRACON& Tower with Radar,6,36,41,1,84,0,5,36,0,41,6,41,77,1,125,56,0,56,181
08/16/2015,BTR,LA,ASW,CE,Combined TRACON& Tower with Radar,8,45,28,0,81,0,0,11,0,11,8,45,39,0,92,10,0,10,102
08/17/2015,BTR,LA,ASW,CE,Combined TRACON& Tower with Radar,8,50,52,0,110,0,0,45,0,45,8,50,97,0,155,74,0,74,229
08/18/2015,BTR,LA,ASW,CE,Combined TRACON& Tower with Radar,8,45,43,7,103,0,1,41,2,44,8,46,84,9,147,70,12,82,229
08/19/2015,BTR,LA,ASW,CE,Combined TRACON& Tower with Radar,8,45,51,1,105,0,1,29,0,30,8,46,80,1,135,78,0,78,213
08/20/2015,BTR,LA,ASW,CE,Combined TRACON& Tower with Radar,6,43,50,1,100,0,0,20,0,20,6,43,70,1,120,98,0,98,218
08/21/2015,BTR,LA,ASW,CE,Combined TRACON& Tower with Radar,8,51,44,7,110,0,0,37,1,38,8,51,81,8,148,18,0,18,166
08/22/2015,BTR,LA,ASW,CE,Combined TRACON& Tower with Radar,6,31,18,0,55,0,0,33,0,33,6,31,51,0,88,40,0,40,128
08/23/2015,BTR,LA,ASW,CE,Combined TRACON& Tower with Radar,6,48,28,0,82,0,0,40,0,40,6,48,68,0,122,40,0,40,162
08/24/2015,BTR,LA,ASW,CE,Combined TRACON& Tower with Radar,8,49,50,0,107,0,0,55,0,55,8,49,105,0,162,35,0,35,197
08/25/2015,BTR,LA,ASW,CE,Combined TRACON& Tower with Radar,10,47,36,0,93,0,0,54,1,55,10,47,90,1,148,44,0,44,192
08/26/2015,BTR,LA,ASW,CE,Combined TRACON& Tower with Radar,8,49,73,1,131,0,2,91,1,94,8,51,164,2,225,2,0,2,227
08/27/2015,BTR,LA,ASW,CE,Combined TRACON& Tower with Radar,8,50,45,0,103,0,2,46,2,50,8,52,91,2,153,128,0,128,281
08/28/2015,BTR,LA,ASW,CE,Combined TRACON& Tower with Radar,8,49,42,1,100,0,2,76,4,82,8,51,118,5,182,48,0,48,230
08/29/2015,BTR,LA,ASW,CE,Combined TRACON& Tower with Radar,8,29,15,0,52,0,4,59,0,63,8,33,74,0,115,6,0,6,121
08/30/2015,BTR,LA,ASW,CE,Combined TRACON& Tower with Radar,8,40,34,0,82,0,2,36,0,38,8,42,70,0,120,18,0,18,138
08/31/2015,BTR,LA,ASW,CE,Combined TRACON& Tower with Radar,8,56,43,0,107,0,0,48,1,49,8,56,91,1,156,60,0,60,216
09/01/2015,BTR,LA,ASW,CE,Combined TRACON& Tower with Radar,10,46,59,2,117,0,0,50,4,54,10,46,109,6,171,88,0,88,259
09/02/2015,BTR,LA,ASW,CE,Combined TRACON& Tower with Radar,8,41,35,0,84,0,0,46,0,46,8,41,81,0,130,38,0,38,168
09/03/2015,BTR,LA,ASW,CE,Combined TRACON& Tower with Radar,8,51,79,0,138,0,0,53,3,56,8,51,132,3,194,52,0,52,246
09/04/2015,BTR,LA,ASW,CE,Combined TRACON& Tower with Radar,8,49,62,0,119,0,0,62,0,62,8,49,124,0,181,56,0,56,237
09/05/2015,BTR,LA,ASW,CE,Combined TRACON& Tower with Radar,6,32,35,0,73,0,0,42,0,42,6,32,77,0,115,26,0,26,141
09/06/2015,BTR,LA,ASW,CE,Combined TRACON& Tower with Radar,6,27,16,0,49,0,0,29,0,29,6,27,45,0,78,6,0,6,84
09/07/2015,BTR,LA,ASW,CE,Combined TRACON& Tower with Radar,6,48,39,0,93,0,0,45,0,45,6,48,84,0,138,24,0,24,162
09/08/2015,BTR,LA,ASW,CE,Combined TRACON& Tower with Radar,8,49,65,0,122,0,0,63,0,63,8,49,128,0,185,25,0,25,210
09/09/2015,BTR,LA,ASW,CE,Combined TRACON& Tower with Radar,8,52,76,0,136,0,0,64,0,64,8,52,140,0,200,30,0,30,230
09/10/2015,BTR,LA,ASW,CE,Combined TRACON& Tower with Radar,8,47,54,0,109,0,0,36,0,36,8,47,90,0,145,66,0,66,211
09/11/2015,BTR,LA,ASW,CE,Combined TRACON& Tower with Radar,10,47,53,0,110,0,0,2,0,2,10,47,55,0,112,22,0,22,134
09/12/2015,BTR,LA,ASW,CE,Combined TRACON& Tower with Radar,6,23,20,6,55,0,1,67,0,68,6,24,87,6,123,40,0,40,163
09/13/2015,BTR,LA,ASW,CE,Combined TRACON& Tower with Radar,8,40,35,0,83,0,2,53,0,55,8,42,88,0,138,18,0,18,156
09/14/2015,BTR,LA,ASW,CE,Combined TRACON& Tower with Radar,8,48,52,2,110,0,0,88,0,88,8,48,140,2,198,54,0,54,252
09/15/2015,BTR,LA,ASW,CE,Combined TRACON& Tower with Radar,8,41,52,1,102,0,0,73,1,74,8,41,125,2,176,42,0,42,218
09/16/2015,BTR,LA,ASW,CE,Combined TRACON& Tower with Radar,8,48,59,0,115,0,0,84,2,86,8,48,143,2,201,142,0,142,343
09/17/2015,BTR,LA,ASW,CE,Combined TRACON& Tower with Radar,8,52,77,2,139,0,0,65,0,65,8,52,142,2,204,14,0,14,218
09/18/2015,BTR,LA,ASW,CE,Combined TRACON& Tower with Radar,9,56,61,0,126,0,0,87,1,88,9,56,148,1,214,74,0,74,288
09/19/2015,BTR,LA,ASW,CE,Combined TRACON& Tower with Radar,9,45,111,0,165,0,2,71,6,79,9,47,182,6,244,28,0,28,272
09/20/2015,BTR,LA,ASW,CE,Combined TRACON& Tower with Radar,8,54,47,0,109,0,0,57,0,57,8,54,104,0,166,64,0,64,230
09/21/2015,BTR,LA,ASW,CE,Combined TRACON& Tower with Radar,8,49,49,0,106,0,0,38,0,38,8,49,87,0,144,31,0,31,175
09/22/2015,BTR,LA,ASW,CE,Combined TRACON& Tower with Radar,8,46,54,0,108,0,0,60,0,60,8,46,114,0,168,106,0,106,274
09/23/2015,BTR,LA,ASW,CE,Combined TRACON& Tower with Radar,8,50,84,6,148,0,1,99,0,100,8,51,183,6,248,64,0,64,312
09/24/2015,BTR,LA,ASW,CE,Combined TRACON& Tower with Radar,9,59,45,0,113,0,0,78,2,80,9,59,123,2,193,50,0,50,243
09/25/2015,BTR,LA,ASW,CE,Combined TRACON& Tower with Radar,12,49,48,3,112,0,0,64,0,64,12,49,112,3,176,12,0,12,188
09/26/2015,BTR,LA,ASW,CE,Combined TRACON& Tower with Radar,11,30,19,0,60,0,1,41,0,42,11,31,60,0,102,32,0,32,134
09/27/2015,BTR,LA,ASW,CE,Combined TRACON& Tower with Radar,9,45,29,1,84,0,0,14,0,14,9,45,43,1,98,26,0,26,124
09/28/2015,BTR,LA,ASW,CE,Combined TRACON& Tower with Radar,8,54,50,12,124,0,0,52,1,53,8,54,102,13,177,104,0,104,281
09/29/2015,BTR,LA,ASW,CE,Combined TRACON& Tower with Radar,6,53,64,6,129,0,2,34,0,36,6,55,98,6,165,46,0,46,211
09/30/2015,BTR,LA,ASW,CE,Combined TRACON& Tower with Radar,8,49,64,0,121,0,0,85,0,85,8,49,149,0,206,78,0,78,284
10/01/2015,BTR,LA,ASW,CE,Combined TRACON& Tower with Radar,8,49,55,0,112,0,1,56,1,58,8,50,111,1,170,34,0,34,204
10/02/2015,BTR,LA,ASW,CE,Combined TRACON& Tower with Radar,9,46,61,3,119,0,0,64,0,64,9,46,125,3,183,4,0,4,187
10/03/2015,BTR,LA,ASW,CE,Combined TRACON& Tower with Radar,9,34,39,0,82,0,0,63,0,63,9,34,102,0,145,56,0,56,201
10/04/2015,BTR,LA,ASW,CE,Combined TRACON& Tower with Radar,8,44,75,2,129,0,0,32,0,32,8,44,107,2,161,4,0,4,165
10/05/2015,BTR,LA,ASW,CE,Combined TRACON& Tower with Radar,8,50,58,0,116,0,0,75,0,75,8,50,133,0,191,46,0,46,237
10/06/2015,BTR,LA,ASW,CE,Combined TRACON& Tower with Radar,8,48,51,4,111,0,0,83,0,83,8,48,134,4,194,28,0,28,222
10/07/2015,BTR,LA,ASW,CE,Combined TRACON& Tower with Radar,8,59,65,0,132,0,1,66,2,69,8,60,131,2,201,72,0,72,273
10/08/2015,BTR,LA,ASW,CE,Combined TRACON& Tower with Radar,8,61,55,1,125,0,0,82,1,83,8,61,137,2,208,62,0,62,270
10/09/2015,BTR,LA,ASW,CE,Combined TRACON& Tower with Radar,8,56,58,0,122,0,0,66,0,66,8,56,124,0,188,56,0,56,244
10/10/2015,BTR,LA,ASW,CE,Combined TRACON& Tower with Radar,8,43,56,0,107,0,2,53,0,55,8,45,109,0,162,36,0,36,198
10/11/2015,BTR,LA,ASW,CE,Combined TRACON& Tower with Radar,8,48,49,0,105,0,2,54,0,56,8,50,103,0,161,8,0,8,169
10/12/2015,BTR,LA,ASW,CE,Combined TRACON& Tower with Radar,8,48,44,0,100,0,0,63,0,63,8,48,107,0,163,82,0,82,245
10/13/2015,BTR,LA,ASW,CE,Combined TRACON& Tower with Radar,8,50,60,3,121,0,0,112,1,113,8,50,172,4,234,84,0,84,318
10/14/2015,BTR,LA,ASW,CE,Combined TRACON& Tower with Radar,8,62,59,0,129,0,0,91,2,93,8,62,150,2,222,68,0,68,290
10/15/2015,BTR,LA,ASW,CE,Combined TRACON& Tower with Radar,8,59,61,2,130,0,2,80,1,83,8,61,141,3,213,98,0,98,311
10/16/2015,BTR,LA,ASW,CE,Combined TRACON& Tower with Radar,12,59,68,8,147,0,1,66,2,69,12,60,134,10,216,86,0,86,302
10/17/2015,BTR,LA,ASW,CE,Combined TRACON& Tower with Radar,8,46,64,0,118,0,0,103,2,105,8,46,167,2,223,62,0,62,285
10/18/2015,BTR,LA,ASW,CE,Combined TRACON& Tower with Radar,8,68,64,0,140,0,0,41,2,43,8,68,105,2,183,2,0,2,185
10/19/2015,BTR,LA,ASW,CE,Combined TRACON& Tower with Radar,8,56,44,0,108,0,4,69,0,73,8,60,113,0,181,134,0,134,315
10/20/2015,BTR,LA,ASW,CE,Combined TRACON& Tower with Radar,8,49,77,0,134,0,0,85,2,87,8,49,162,2,221,141,0,141,362
10/21/2015,BTR,LA,ASW,CE,Combined TRACON& Tower with Radar,8,53,55,7,123,0,0,73,1,74,8,53,128,8,197,87,0,87,284
10/22/2015,BTR,LA,ASW,CE,Combined TRACON& Tower with Radar,8,48,63,2,121,0,2,62,0,64,8,50,125,2,185,50,0,50,235
10/23/2015,BTR,LA,ASW,CE,Combined TRACON& Tower with Radar,11,43,68,0,122,0,0,27,0,27,11,43,95,0,149,28,0,28,177
10/24/2015,BTR,LA,ASW,CE,Combined TRACON& Tower with Radar,9,33,33,0,75,0,1,4,0,5,9,34,37,0,80,18,0,18,98
10/25/2015,BTR,LA,ASW,CE,Combined TRACON& Tower with Radar,12,54,32,0,98,0,0,0,0,0,12,54,32,0,98,0,0,0,98
10/26/2015,BTR,LA,ASW,CE,Combined TRACON& Tower with Radar,6,54,35,2,97,0,0,7,0,7,6,54,42,2,104,3,0,3,107
10/27/2015,BTR,LA,ASW,CE,Combined TRACON& Tower with Radar,10,46,51,0,107,0,1,3,0,4,10,47,54,0,111,0,0,0,111
10/28/2015,BTR,LA,ASW,CE,Combined TRACON& Tower with Radar,8,52,73,0,133,0,0,77,0,77,8,52,150,0,210,148,0,148,358
10/29/2015,BTR,LA,ASW,CE,Combined TRACON& Tower with Radar,12,49,74,0,135,0,0,65,2,67,12,49,139,2,202,37,0,37,239
10/30/2015,BTR,LA,ASW,CE,Combined TRACON& Tower with Radar,7,48,72,4,131,0,0,59,2,61,7,48,131,6,192,28,0,28,220
10/31/2015,BTR,LA,ASW,CE,Combined TRACON& Tower with Radar,6,26,18,0,50,0,0,0,0,0,6,26,18,0,50,0,0,0,50
11/01/2015,BTR,LA,ASW,CE,Combined TRACON& Tower with Radar,8,45,37,0,90,0,0,0,0,0,8,45,37,0,90,0,0,0,90
11/02/2015,BTR,LA,ASW,CE,Combined TRACON& Tower with Radar,10,52,61,0,123,0,0,16,0,16,10,52,77,0,139,42,0,42,181
11/03/2015,BTR,LA,ASW,CE,Combined TRACON& Tower with Radar,10,53,52,4,119,0,0,31,1,32,10,53,83,5,151,30,0,30,181
11/04/2015,BTR,LA,ASW,CE,Combined TRACON& Tower with Radar,10,53,88,2,153,0,0,58,1,59,10,53,146,3,212,76,0,76,288
11/05/2015,BTR,LA,ASW,CE,Combined TRACON& Tower with Radar,10,54,89,4,157,0,0,36,0,36,10,54,125,4,193,94,0,94,287
11/06/2015,BTR,LA,ASW,CE,Combined TRACON& Tower with Radar,10,54,46,0,110,0,0,15,0,15,10,54,61,0,125,32,0,32,157
11/07/2015,BTR,LA,ASW,CE,Combined TRACON& Tower with Radar,6,41,38,0,85,0,0,2,0,2,6,41,40,0,87,0,0,0,87
11/08/2015,BTR,LA,ASW,CE,Combined TRACON& Tower with Radar,10,51,33,4,98,0,0,31,0,31,10,51,64,4,129,9,0,9,138
11/09/2015,BTR,LA,ASW,CE,Combined TRACON& Tower with Radar,10,51,53,0,114,0,0,29,0,29,10,51,82,0,143,62,0,62,205
11/10/2015,BTR,LA,ASW,CE,Combined TRACON& Tower with Radar,10,43,55,20,128,0,0,45,0,45,10,43,100,20,173,153,20,173,346
11/11/2015,BTR,LA,ASW,CE,Combined TRACON& Tower with Radar,10,49,69,0,128,0,0,42,0,42,10,49,111,0,170,91,0,91,261
11/12/2015,BTR,LA,ASW,CE,Combined TRACON& Tower with Radar,10,53,65,2,130,0,0,76,2,78,10,53,141,4,208,56,0,56,264
11/13/2015,BTR,LA,ASW,CE,Combined TRACON& Tower with Radar,10,60,72,0,142,0,0,81,0,81,10,60,153,0,223,150,0,150,373
11/14/2015,BTR,LA,ASW,CE,Combined TRACON& Tower with Radar,8,53,98,0,159,0,0,100,1,101,8,53,198,1,260,24,0,24,284
11/15/2015,BTR,LA,ASW,CE,Combined TRACON& Tower with Radar,10,48,62,1,121,0,0,51,1,52,10,48,113,2,173,6,0,6,179
11/16/2015,BTR,LA,ASW,CE,Combined TRACON& Tower with Radar,10,46,47,3,106,0,0,35,4,39,10,46,82,7,145,66,0,66,211
11/17/2015,BTR,LA,ASW,CE,Combined TRACON& Tower with Radar,11,41,30,2,84,0,0,0,0,0,11,41,30,2,84,0,0,0,84
11/18/2015,BTR,LA,ASW,CE,Combined TRACON& Tower with Radar,10,54,45,0,109,0,0,37,4,41,10,54,82,4,150,78,0,78,228
11/19/2015,BTR,LA,ASW,CE,Combined TRACON& Tower with Radar,11,54,73,0,138,0,2,77,0,79,11,56,150,0,217,36,0,36,253
11/20/2015,BTR,LA,ASW,CE,Combined TRACON& Tower with Radar,9,56,59,2,126,0,1,66,0,67,9,57,125,2,193,38,0,38,231
11/21/2015,BTR,LA,ASW,CE,Combined TRACON& Tower with Radar,10,31,40,0,81,0,0,18,0,18,10,31,58,0,99,54,0,54,153
11/22/2015,BTR,LA,ASW,CE,Combined TRACON& Tower with Radar,4,24,23,0,51,0,0,29,0,29,4,24,52,0,80,62,0,62,142
11/23/2015,BTR,LA,ASW,CE,Combined TRACON& Tower with Radar,5,43,45,0,93,0,0,53,0,53,5,43,98,0,146,52,0,52,198
11/24/2015,BTR,LA,ASW,CE,Combined TRACON& Tower with Radar,9,50,56,6,121,0,0,74,0,74,9,50,130,6,195,66,0,66,261
11/25/2015,BTR,LA,ASW,CE,Combined TRACON& Tower with Radar,10,51,45,3,109,0,2,48,0,50,10,53,93,3,159,24,0,24,183
11/26/2015,BTR,LA,ASW,CE,Combined TRACON& Tower with Radar,6,26,12,0,44,0,0,2,0,2,6,26,14,0,46,0,0,0,46
11/27/2015,BTR,LA,ASW,CE,Combined TRACON& Tower with Radar,10,38,45,0,93,0,0,19,0,19,10,38,64,0,112,8,0,8,120
11/28/2015,BTR,LA,ASW,CE,Combined TRACON& Tower with Radar,10,64,71,0,145,0,0,22,0,22,10,64,93,0,167,10,0,10,177
11/29/2015,BTR,LA,ASW,CE,Combined TRACON& Tower with Radar,10,54,81,0,145,0,0,19,0,19,10,54,100,0,164,28,0,28,192
11/30/2015,BTR,LA,ASW,CE,Combined TRACON& Tower with Radar,10,53,56,0,119,0,0,28,0,28,10,53,84,0,147,14,0,14,161
12/01/2015,BTR,LA,ASW,CE,Combined TRACON& Tower with Radar,10,43,74,0,127,0,0,0,0,0,10,43,74,0,127,0,0,0,127
12/02/2015,BTR,LA,ASW,CE,Combined TRACON& Tower with Radar,10,51,55,0,116,0,0,46,2,48,10,51,101,2,164,20,0,20,184
12/03/2015,BTR,LA,ASW,CE,Combined TRACON& Tower with Radar,10,46,58,12,126,0,0,72,1,73,10,46,130,13,199,32,0,32,231
12/04/2015,BTR,LA,ASW,CE,Combined TRACON& Tower with Radar,10,49,73,0,132,0,0,64,0,64,10,49,137,0,196,66,0,66,262
12/05/2015,BTR,LA,ASW,CE,Combined TRACON& Tower with Radar,8,30,20,0,58,0,3,44,1,48,8,33,64,1,106,0,0,0,106
12/06/2015,BTR,LA,ASW,CE,Combined TRACON& Tower with Radar,10,38,45,0,93,0,0,33,0,33,10,38,78,0,126,89,0,89,215
12/07/2015,BTR,LA,ASW,CE,Combined TRACON& Tower with Radar,11,42,71,4,128,0,0,64,0,64,11,42,135,4,192,64,0,64,256
12/08/2015,BTR,LA,ASW,CE,Combined TRACON& Tower with Radar,11,42,64,8,125,0,0,59,2,61,11,42,123,10,186,20,0,20,206
12/09/2015,BTR,LA,ASW,CE,Combined TRACON& Tower with Radar,10,49,75,1,135,0,0,66,1,67,10,49,141,2,202,34,0,34,236
12/10/2015,BTR,LA,ASW,CE,Combined TRACON& Tower with Radar,12,46,58,16,132,0,0,51,5,56,12,46,109,21,188,18,14,32,220
12/11/2015,BTR,LA,ASW,CE,Combined TRACON& Tower with Radar,12,49,63,2,126,0,2,51,1,54,12,51,114,3,180,38,0,38,218
12/12/2015,BTR,LA,ASW,CE,Combined TRACON& Tower with Radar,8,28,27,0,63,0,0,14,0,14,8,28,41,0,77,6,0,6,83
12/13/2015,BTR,LA,ASW,CE,Combined TRACON& Tower with Radar,10,35,28,0,73,0,0,0,0,0,10,35,28,0,73,0,0,0,73
12/14/2015,BTR,LA,ASW,CE,Combined TRACON& Tower with Radar,10,43,60,8,121,0,1,63,2,66,10,44,123,10,187,72,0,72,259
12/15/2015,BTR,LA,ASW,CE,Combined TRACON& Tower with Radar,10,44,60,7,121,0,0,60,0,60,10,44,120,7,181,76,0,76,257
12/16/2015,BTR,LA,ASW,CE,Combined TRACON& Tower with Radar,10,44,60,0,114,0,0,3,0,3,10,44,63,0,117,0,0,0,117
12/17/2015,BTR,LA,ASW,CE,Combined TRACON& Tower with Radar,12,37,51,8,108,0,0,70,2,72,12,37,121,10,180,102,0,102,282
12/18/2015,BTR,LA,ASW,CE,Combined TRACON& Tower with Radar,13,48,49,0,110,0,3,57,0,60,13,51,106,0,170,46,0,46,216
12/19/2015,BTR,LA,ASW,CE,Combined TRACON& Tower with Radar,6,37,20,0,63,0,0,48,0,48,6,37,68,0,111,0,0,0,111
12/20/2015,BTR,LA,ASW,CE,Combined TRACON& Tower with Radar,8,41,49,0,98,0,0,34,0,34,8,41,83,0,132,4,0,4,136
12/21/2015,BTR,LA,ASW,CE,Combined TRACON& Tower with Radar,8,37,32,0,77,0,0,6,0,6,8,37,38,0,83,26,0,26,109
12/22/2015,BTR,LA,ASW,CE,Combined TRACON& Tower with Radar,8,43,32,0,83,0,0,0,0,0,8,43,32,0,83,0,0,0,83
12/23/2015,BTR,LA,ASW,CE,Combined TRACON& Tower with Radar,7,43,34,0,84,0,0,0,0,0,7,43,34,0,84,0,0,0,84
12/24/2015,BTR,LA,ASW,CE,Combined TRACON& Tower with Radar,7,32,16,4,59,0,0,1,0,1,7,32,17,4,60,0,0,0,60
12/25/2015,BTR,LA,ASW,CE,Combined TRACON& Tower with Radar,6,33,8,0,47,0,0,2,0,2,6,33,10,0,49,0,0,0,49
12/26/2015,BTR,LA,ASW,CE,Combined TRACON& Tower with Radar,7,38,45,0,90,0,0,13,0,13,7,38,58,0,103,18,0,18,121
12/27/2015,BTR,LA,ASW,CE,Combined TRACON& Tower with Radar,10,46,21,0,77,0,0,5,0,5,10,46,26,0,82,0,0,0,82
12/28/2015,BTR,LA,ASW,CE,Combined TRACON& Tower with Radar,8,43,24,0,75,0,2,23,0,25,8,45,47,0,100,8,0,8,108
12/29/2015,BTR,LA,ASW,CE,Combined TRACON& Tower with Radar,11,46,36,0,93,0,0,59,0,59,11,46,95,0,152,29,0,29,181
12/30/2015,BTR,LA,ASW,CE,Combined TRACON& Tower with Radar,9,53,32,0,94,0,0,6,0,6,9,53,38,0,100,28,0,28,128
12/31/2015,BTR,LA,ASW,CE,Combined TRACON& Tower with Radar,7,36,30,0,73,0,0,25,0,25,7,36,55,0,98,0,0,0,98
01/01/2016,BTR,LA,ASW,CE,Combined TRACON& Tower with Radar,6,36,12,0,54,0,1,11,0,12,6,37,23,0,66,2,0,2,68
01/02/2016,BTR,LA,ASW,CE,Combined TRACON& Tower with Radar,5,42,33,0,80,0,2,21,0,23,5,44,54,0,103,6,0,6,109
01/03/2016,BTR,LA,ASW,CE,Combined TRACON& Tower with Radar,7,47,37,0,91,0,0,27,0,27,7,47,64,0,118,0,0,0,118
01/04/2016,BTR,LA,ASW,CE,Combined TRACON& Tower with Radar,9,46,37,0,92,0,3,61,0,64,9,49,98,0,156,20,0,20,176
01/05/2016,BTR,LA,ASW,CE,Combined TRACON& Tower with Radar,11,41,45,8,105,0,0,63,0,63,11,41,108,8,168,26,0,26,194
01/06/2016,BTR,LA,ASW,CE,Combined TRACON& Tower with Radar,8,47,44,2,101,0,3,56,0,59,8,50,100,2,160,12,0,12,172
01/07/2016,BTR,LA,ASW,CE,Combined TRACON& Tower with Radar,12,49,41,4,106,0,1,2,3,6,12,50,43,7,112,0,0,0,112
01/08/2016,BTR,LA,ASW,CE,Combined TRACON& Tower with Radar,11,47,40,3,101,0,0,14,1,15,11,47,54,4,116,0,0,0,116
01/09/2016,BTR,LA,ASW,CE,Combined TRACON& Tower with Radar,8,28,27,0,63,0,2,38,4,44,8,30,65,4,107,0,0,0,107
01/10/2016,BTR,LA,ASW,CE,Combined TRACON& Tower with Radar,11,40,33,2,86,0,3,44,2,49,11,43,77,4,135,0,0,0,135
01/11/2016,BTR,LA,ASW,CE,Combined TRACON& Tower with Radar,17,40,60,0,117,0,5,69,2,76,17,45,129,2,193,6,0,6,199
01/12/2016,BTR,LA,ASW,CE,Combined TRACON& Tower with Radar,14,37,52,2,105,0,2,53,0,55,14,39,105,2,160,70,0,70,230
01/13/2016,BTR,LA,ASW,CE,Combined TRACON& Tower with Radar,15,40,68,1,124,0,0,82,4,86,15,40,150,5,210,37,0,37,247
01/14/2016,BTR,LA,ASW,CE,Combined TRACON& Tower with Radar,15,48,31,4,98,0,2,11,0,13,15,50,42,4,111,0,0,0,111
01/15/2016,BTR,LA,ASW,CE,Combined TRACON& Tower with Radar,14,57,44,1,116,0,0,52,4,56,14,57,96,5,172,26,0,26,198
01/16/2016,BTR,LA,ASW,CE,Combined TRACON& Tower with Radar,8,26,27,0,61,0,0,61,0,61,8,26,88,0,122,30,0,30,152
01/17/2016,BTR,LA,ASW,CE,Combined TRACON& Tower with Radar,12,38,19,0,69,0,2,54,0,56,12,40,73,0,125,10,0,10,135
01/18/2016,BTR,LA,ASW,CE,Combined TRACON& Tower with Radar,14,48,64,0,126,0,2,73,0,75,14,50,137,0,201,30,0,30,231
01/19/2016,BTR,LA,ASW,CE,Combined TRACON& Tower with Radar,15,40,60,0,115,0,0,67,0,67,15,40,127,0,182,16,0,16,198
01/20/2016,BTR,LA,ASW,CE,Combined TRACON& Tower with Radar,17,46,68,8,139,0,0,44,0,44,17,46,112,8,183,16,0,16,199
01/21/2016,BTR,LA,ASW,CE,Combined TRACON& Tower with Radar,18,43,56,4,121,0,0,15,0,15,18,43,71,4,136,0,0,0,136
01/22/2016,BTR,LA,ASW,CE,Combined TRACON& Tower with Radar,14,47,36,3,100,0,1,13,0,14,14,48,49,3,114,0,0,0,114
01/23/2016,BTR,LA,ASW,CE,Combined TRACON& Tower with Radar,10,27,28,0,65,0,2,50,0,52,10,29,78,0,117,32,0,32,149
01/24/2016,BTR,LA,ASW,CE,Combined TRACON& Tower with Radar,14,35,36,0,85,0,4,42,0,46,14,39,78,0,131,12,0,12,143
01/25/2016,BTR,LA,ASW,CE,Combined TRACON& Tower with Radar,17,40,61,0,118,0,2,61,0,63,17,42,122,0,181,57,0,57,238
01/26/2016,BTR,LA,ASW,CE,Combined TRACON& Tower with Radar,17,53,39,0,109,0,0,0,0,0,17,53,39,0,109,0,0,0,109
01/27/2016,BTR,LA,ASW,CE,Combined TRACON& Tower with Radar,14,45,69,9,137,0,2,45,1,48,14,47,114,10,185,36,0,36,221
01/28/2016,BTR,LA,ASW,CE,Combined TRACON& Tower with Radar,14,51,63,12,140,0,3,61,0,64,14,54,124,12,204,2,0,2,206
01/29/2016,BTR,LA,ASW,CE,Combined TRACON& Tower with Radar,14,46,62,0,122,0,1,60,0,61,14,47,122,0,183,6,0,6,189
01/30/2016,BTR,LA,ASW,CE,Combined TRACON& Tower with Radar,10,42,23,0,75,0,2,69,0,71,10,44,92,0,146,34,0,34,180
01/31/2016,BTR,LA,ASW,CE,Combined TRACON& Tower with Radar,14,47,47,4,112,0,8,30,0,38,14,55,77,4,150,8,0,8,158
02/01/2016,BTR,LA,ASW,CE,Combined TRACON& Tower with Radar,16,44,58,0,118,0,0,47,0,47,16,44,105,0,165,3,0,3,168
02/02/2016,BTR,LA,ASW,CE,Combined TRACON& Tower with Radar,14,40,34,0,88,0,0,3,0,3,14,40,37,0,91,0,0,0,91
02/03/2016,BTR,LA,ASW,CE,Combined TRACON& Tower with Radar,14,46,56,4,120,0,0,53,0,53,14,46,109,4,173,23,0,23,196
02/04/2016,BTR,LA,ASW,CE,Combined TRACON& Tower with Radar,15,41,63,0,119,0,1,78,1,80,15,42,141,1,199,39,0,39,238
02/05/2016,BTR,LA,ASW,CE,Combined TRACON& Tower with Radar,14,48,50,0,112,0,0,74,0,74,14,48,124,0,186,56,0,56,242
02/06/2016,BTR,LA,ASW,CE,Combined TRACON& Tower with Radar,12,37,22,0,71,0,2,64,0,66,12,39,86,0,137,38,0,38,175
02/07/2016,BTR,LA,ASW,CE,Combined TRACON& Tower with Radar,10,31,21,0,62,0,3,29,1,33,10,34,50,1,95,2,0,2,97
02/08/2016,BTR,LA,ASW,CE,Combined TRACON& Tower with Radar,14,38,33,0,85,0,0,28,2,30,14,38,61,2,115,0,0,0,115
02/09/2016,BTR,LA,ASW,CE,Combined TRACON& Tower with Radar,6,28,25,0,59,0,0,43,0,43,6,28,68,0,102,30,0,30,132
02/10/2016,BTR,LA,ASW,CE,Combined TRACON& Tower with Radar,9,26,31,1,67,10,0,40,0,50,19,26,71,1,117,73,0,73,190
02/11/2016,BTR,LA,ASW,CE,Combined TRACON& Tower with Radar,8,38,28,0,74,0,0,37,1,38,8,38,65,1,112,12,0,12,124
02/12/2016,BTR,LA,ASW,CE,Combined TRACON& Tower with Radar,11,52,51,2,116,0,0,50,1,51,11,52,101,3,167,66,0,66,233
02/13/2016,BTR,LA,ASW,CE,Combined TRACON& Tower with Radar,9,39,25,1,74,0,2,89,0,91,9,41,114,1,165,38,0,38,203
02/14/2016,BTR,LA,ASW,CE,Combined TRACON& Tower with Radar,10,45,36,0,91,0,0,31,0,31,10,45,67,0,122,30,0,30,152
02/15/2016,BTR,LA,ASW,CE,Combined TRACON& Tower with Radar,11,47,28,0,86,0,1,0,0,1,11,48,28,0,87,0,0,0,87
02/16/2016,BTR,LA,ASW,CE,Combined TRACON& Tower with Radar,12,44,54,1,111,0,6,80,1,87,12,50,134,2,198,24,0,24,222
02/17/2016,BTR,LA,ASW,CE,Combined TRACON& Tower with Radar,11,50,57,0,118,0,0,98,0,98,11,50,155,0,216,120,0,120,336
02/18/2016,BTR,LA,ASW,CE,Combined TRACON& Tower with Radar,12,53,52,0,117,0,0,95,2,97,12,53,147,2,214,2,0,2,216
02/19/2016,BTR,LA,ASW,CE,Combined TRACON& Tower with Radar,11,50,43,4,108,0,2,91,1,94,11,52,134,5,202,78,0,78,280
02/20/2016,BTR,LA,ASW,CE,Combined TRACON& Tower with Radar,8,29,8,3,48,0,2,57,0,59,8,31,65,3,107,98,0,98,205
02/21/2016,BTR,LA,ASW,CE,Combined TRACON& Tower with Radar,10,37,27,0,74,0,2,33,1,36,10,39,60,1,110,8,0,8,118
02/22/2016,BTR,LA,ASW,CE,Combined TRACON& Tower with Radar,8,52,30,2,92,0,0,0,0,0,8,52,30,2,92,0,0,0,92
02/23/2016,BTR,LA,ASW,CE,Combined TRACON& Tower with Radar,15,38,20,0,73,0,0,2,0,2,15,38,22,0,75,0,0,0,75
02/24/2016,BTR,LA,ASW,CE,Combined TRACON& Tower with Radar,14,55,58,0,127,0,1,38,6,45,14,56,96,6,172,14,0,14,186
02/25/2016,BTR,LA,ASW,CE,Combined TRACON& Tower with Radar,11,54,58,2,125,0,7,38,0,45,11,61,96,2,170,76,0,76,246
02/26/2016,BTR,LA,ASW,CE,Combined TRACON& Tower with Radar,11,47,37,6,101,0,4,91,0,95,11,51,128,6,196,78,0,78,274
02/27/2016,BTR,LA,ASW,CE,Combined TRACON& Tower with Radar,8,29,24,0,61,0,4,76,0,80,8,33,100,0,141,54,0,54,195
02/28/2016,BTR,LA,ASW,CE,Combined TRACON& Tower with Radar,13,36,40,3,92,0,3,41,3,47,13,39,81,6,139,18,0,18,157
02/29/2016,BTR,LA,ASW,CE,Combined TRACON& Tower with Radar,10,48,48,0,106,0,2,62,4,68,10,50,110,4,174,114,0,114,288
03/01/2016,BTR,LA,ASW,CE,Combined TRACON& Tower with Radar,13,44,66,2,125,0,3,32,0,35,13,47,98,2,160,70,0,70,230
03/02/2016,BTR,LA,ASW,CE,Combined TRACON& Tower with Radar,8,50,68,2,128,0,5,117,0,122,8,55,185,2,250,102,0,102,352
03/03/2016,BTR,LA,ASW,CE,Combined TRACON& Tower with Radar,8,56,59,6,129,0,2,28,0,30,8,58,87,6,159,74,0,74,233
03/04/2016,BTR,LA,ASW,CE,Combined TRACON& Tower with Radar,8,47,69,7,131,0,6,87,0,93,8,53,156,7,224,196,0,196,420
03/05/2016,BTR,LA,ASW,CE,Combined TRACON& Tower with Radar,8,36,37,2,83,0,2,95,0,97,8,38,132,2,180,93,0,93,273
03/06/2016,BTR,LA,ASW,CE,Combined TRACON& Tower with Radar,8,51,52,0,111,0,4,49,0,53,8,55,101,0,164,56,0,56,220
03/07/2016,BTR,LA,ASW,CE,Combined TRACON& Tower with Radar,8,46,38,7,99,0,2,66,0,68,8,48,104,7,167,62,10,72,239
03/08/2016,BTR,LA,ASW,CE,Combined TRACON& Tower with Radar,10,38,33,0,81,0,0,15,0,15,10,38,48,0,96,56,0,56,152
03/09/2016,BTR,LA,ASW,CE,Combined TRACON& Tower with Radar,8,43,26,0,77,0,0,0,0,0,8,43,26,0,77,0,0,0,77
03/10/2016,BTR,LA,ASW,CE,Combined TRACON& Tower with Radar,8,47,15,0,70,0,0,0,0,0,8,47,15,0,70,0,0,0,70
03/11/2016,BTR,LA,ASW,CE,Combined TRACON& Tower with Radar,8,52,23,2,85,0,0,13,6,19,8,52,36,8,104,16,0,16,120
03/12/2016,BTR,LA,ASW,CE,Combined TRACON& Tower with Radar,8,27,40,0,75,0,2,13,2,17,8,29,53,2,92,36,0,36,128
03/13/2016,BTR,LA,ASW,CE,Combined TRACON& Tower with Radar,8,43,31,0,82,0,4,60,4,68,8,47,91,4,150,54,0,54,204
03/14/2016,BTR,LA,ASW,CE,Combined TRACON& Tower with Radar,10,49,38,11,108,0,6,50,1,57,10,55,88,12,165,118,0,118,283
03/15/2016,BTR,LA,ASW,CE,Combined TRACON& Tower with Radar,8,49,66,0,123,0,0,69,0,69,8,49,135,0,192,56,0,56,248
03/16/2016,BTR,LA,ASW,CE,Combined TRACON& Tower with Radar,8,43,67,0,118,0,4,42,0,46,8,47,109,0,164,118,0,118,282
03/17/2016,BTR,LA,ASW,CE,Combined TRACON& Tower with Radar,10,56,75,0,141,0,1,24,3,28,10,57,99,3,169,66,0,66,235
03/18/2016,BTR,LA,ASW,CE,Combined TRACON& Tower with Radar,12,48,52,0,112,0,0,4,0,4,12,48,56,0,116,18,0,18,134
03/19/2016,BTR,LA,ASW,CE,Combined TRACON& Tower with Radar,10,27,57,0,94,0,1,16,0,17,10,28,73,0,111,58,0,58,169
03/20/2016,BTR,LA,ASW,CE,Combined TRACON& Tower with Radar,8,44,41,0,93,0,0,52,0,52,8,44,93,0,145,26,0,26,171
03/21/2016,BTR,LA,ASW,CE,Combined TRACON& Tower with Radar,8,58,59,0,125,0,1,77,1,79,8,59,136,1,204,66,0,66,270
03/22/2016,BTR,LA,ASW,CE,Combined TRACON& Tower with Radar,8,44,72,6,130,0,0,72,0,72,8,44,144,6,202,94,0,94,296
03/23/2016,BTR,LA,ASW,CE,Combined TRACON& Tower with Radar,8,44,64,1,117,0,1,63,1,65,8,45,127,2,182,68,0,68,250
03/24/2016,BTR,LA,ASW,CE,Combined TRACON& Tower with Radar,7,54,34,0,95,0,0,22,2,24,7,54,56,2,119,134,0,134,253
03/25/2016,BTR,LA,ASW,CE,Combined TRACON& Tower with Radar,8,52,39,1,100,0,0,87,0,87,8,52,126,1,187,58,0,58,245
03/26/2016,BTR,LA,ASW,CE,Combined TRACON& Tower with Radar,12,27,15,0,54,0,0,55,0,55,12,27,70,0,109,84,0,84,193
03/27/2016,BTR,LA,ASW,CE,Combined TRACON& Tower with Radar,10,44,26,0,80,0,0,3,0,3,10,44,29,0,83,8,0,8,91
03/28/2016,BTR,LA,ASW,CE,Combined TRACON& Tower with Radar,8,56,54,0,118,0,0,66,1,67,8,56,120,1,185,50,0,50,235
03/29/2016,BTR,LA,ASW,CE,Combined TRACON& Tower with Radar,8,45,68,0,121,0,1,76,1,78,8,46,144,1,199,84,0,84,283
03/30/2016,BTR,LA,ASW,CE,Combined TRACON& Tower with Radar,8,42,32,0,82,0,0,11,0,11,8,42,43,0,93,76,0,76,169
03/31/2016,BTR,LA,ASW,CE,Combined TRACON& Tower with Radar,8,62,32,2,104,0,0,20,0,20,8,62,52,2,124,40,0,40,164
04/01/2016,BTR,LA,ASW,CE,Combined TRACON& Tower with Radar,11,52,40,2,105,0,0,28,0,28,11,52,68,2,133,47,0,47,180
04/02/2016,BTR,LA,ASW,CE,Combined TRACON& Tower with Radar,8,27,32,0,67,0,3,54,0,57,8,30,86,0,124,20,0,20,144
04/03/2016,BTR,LA,ASW,CE,Combined TRACON& Tower with Radar,10,45,30,10,95,0,2,54,0,56,10,47,84,10,151,78,0,78,229
04/04/2016,BTR,LA,ASW,CE,Combined TRACON& Tower with Radar,8,56,44,4,112,0,0,51,0,51,8,56,95,4,163,60,0,60,223
04/05/2016,BTR,LA,ASW,CE,Combined TRACON& Tower with Radar,6,48,58,3,115,0,0,76,0,76,6,48,134,3,191,14,0,14,205
04/06/2016,BTR,LA,ASW,CE,Combined TRACON& Tower with Radar,5,52,79,0,136,0,0,61,5,66,5,52,140,5,202,82,0,82,284
04/07/2016,BTR,LA,ASW,CE,Combined TRACON& Tower with Radar,6,59,54,0,119,0,2,71,0,73,6,61,125,0,192,100,0,100,292
04/08/2016,BTR,LA,ASW,CE,Combined TRACON& Tower with Radar,6,53,63,2,124,0,0,82,0,82,6,53,145,2,206,36,0,36,242
04/09/2016,BTR,LA,ASW,CE,Combined TRACON& Tower with Radar,9,33,50,0,92,0,0,50,0,50,9,33,100,0,142,72,0,72,214
04/10/2016,BTR,LA,ASW,CE,Combined TRACON& Tower with Radar,7,50,34,0,91,0,1,36,0,37,7,51,70,0,128,8,0,8,136
04/11/2016,BTR,LA,ASW,CE,Combined TRACON& Tower with Radar,6,55,41,0,102,0,0,20,2,22,6,55,61,2,124,56,0,56,180
04/12/2016,BTR,LA,ASW,CE,Combined TRACON& Tower with Radar,6,51,81,0,138,0,0,29,0,29,6,51,110,0,167,44,0,44,211
04/13/2016,BTR,LA,ASW,CE,Combined TRACON& Tower with Radar,6,58,28,0,92,0,2,22,0,24,6,60,50,0,116,52,0,52,168
04/14/2016,BTR,LA,ASW,CE,Combined TRACON& Tower with Radar,8,53,66,3,130,0,0,25,0,25,8,53,91,3,155,79,0,79,234
04/15/2016,BTR,LA,ASW,CE,Combined TRACON& Tower with Radar,6,54,61,3,124,0,0,30,2,32,6,54,91,5,156,20,0,20,176
04/16/2016,BTR,LA,ASW,CE,Combined TRACON& Tower with Radar,6,34,49,2,91,0,0,20,2,22,6,34,69,4,113,58,0,58,171
04/17/2016,BTR,LA,ASW,CE,Combined TRACON& Tower with Radar,8,34,46,2,90,0,0,8,4,12,8,34,54,6,102,26,0,26,128
04/18/2016,BTR,LA,ASW,CE,Combined TRACON& Tower with Radar,8,39,43,1,91,0,0,41,0,41,8,39,84,1,132,26,0,26,158
04/19/2016,BTR,LA,ASW,CE,Combined TRACON& Tower with Radar,6,50,45,6,107,0,0,36,0,36,6,50,81,6,143,48,0,48,191
04/20/2016,BTR,LA,ASW,CE,Combined TRACON& Tower with Radar,6,57,53,0,116,0,2,40,1,43,6,59,93,1,159,50,0,50,209
04/21/2016,BTR,LA,ASW,CE,Combined TRACON& Tower with Radar,6,56,68,0,130,0,1,22,1,24,6,57,90,1,154,72,0,72,226
04/22/2016,BTR,LA,ASW,CE,Combined TRACON& Tower with Radar,6,53,62,0,121,0,6,59,1,66,6,59,121,1,187,2,0,2,189
04/23/2016,BTR,LA,ASW,CE,Combined TRACON& Tower with Radar,6,36,32,0,74,0,8,83,0,91,6,44,115,0,165,28,0,28,193
04/24/2016,BTR,LA,ASW,CE,Combined TRACON& Tower with Radar,5,43,42,2,92,0,2,54,0,56,5,45,96,2,148,24,0,24,172
04/25/2016,BTR,LA,ASW,CE,Combined TRACON& Tower with Radar,6,55,58,0,119,0,0,70,0,70,6,55,128,0,189,32,0,32,221
04/26/2016,BTR,LA,ASW,CE,Combined TRACON& Tower with Radar,6,52,76,0,134,0,2,57,0,59,6,54,133,0,193,86,0,86,279
04/27/2016,BTR,LA,ASW,CE,Combined TRACON& Tower with Radar,6,45,55,2,108,0,0,31,0,31,6,45,86,2,139,54,0,54,193
04/28/2016,BTR,LA,ASW,CE,Combined TRACON& Tower with Radar,6,57,65,2,130,0,0,34,2,36,6,57,99,4,166,112,0,112,278
04/29/2016,BTR,LA,ASW,CE,Combined TRACON& Tower with Radar,6,47,56,0,109,0,2,39,1,42,6,49,95,1,151,42,0,42,193
04/30/2016,BTR,LA,ASW,CE,Combined TRACON& Tower with Radar,8,32,12,0,52,0,4,28,0,32,8,36,40,0,84,38,0,38,122
05/01/2016,BTR,LA,ASW,CE,Combined TRACON& Tower with Radar,8,42,20,0,70,0,0,3,1,4,8,42,23,1,74,0,0,0,74
05/02/2016,BTR,LA,ASW,CE,Combined TRACON& Tower with Radar,10,42,48,0,100,0,0,29,0,29,10,42,77,0,129,126,0,126,255
05/03/2016,BTR,LA,ASW,CE,Combined TRACON& Tower with Radar,10,42,56,0,108,0,1,48,0,49,10,43,104,0,157,82,0,82,239
05/04/2016,BTR,LA,ASW,CE,Combined TRACON& Tower with Radar,10,48,78,0,136,0,0,96,2,98,10,48,174,2,234,64,0,64,298
05/05/2016,BTR,LA,ASW,CE,Combined TRACON& Tower with Radar,11,52,68,0,131,0,1,91,6,98,11,53,159,6,229,119,0,119,348
05/06/2016,BTR,LA,ASW,CE,Combined TRACON& Tower with Radar,10,59,51,0,120,0,2,88,1,91,10,61,139,1,211,70,0,70,281
05/07/2016,BTR,LA,ASW,CE,Combined TRACON& Tower with Radar,8,29,32,0,69,0,3,62,0,65,8,32,94,0,134,32,0,32,166
05/08/2016,BTR,LA,ASW,CE,Combined TRACON& Tower with Radar,9,53,39,0,101,0,0,39,0,39,9,53,78,0,140,32,0,32,172
05/09/2016,BTR,LA,ASW,CE,Combined TRACON& Tower with Radar,12,53,47,4,116,0,0,42,0,42,12,53,89,4,158,48,0,48,206
05/10/2016,BTR,LA,ASW,CE,Combined TRACON& Tower with Radar,10,57,66,0,133,0,1,76,1,78,10,58,142,1,211,96,0,96,307
05/11/2016,BTR,LA,ASW,CE,Combined TRACON& Tower with Radar,10,51,82,5,148,0,0,50,0,50,10,51,132,5,198,160,0,160,358
05/12/2016,BTR,LA,ASW,CE,Combined TRACON& Tower with Radar,10,60,84,7,161,0,6,88,1,95,10,66,172,8,256,100,0,100,356
05/13/2016,BTR,LA,ASW,CE,Combined TRACON& Tower with Radar,10,57,61,0,128,0,5,83,0,88,10,62,144,0,216,114,0,114,330
05/14/2016,BTR,LA,ASW,CE,Combined TRACON& Tower with Radar,18,40,26,0,84,0,23,56,4,83,18,63,82,4,167,64,0,64,231
05/15/2016,BTR,LA,ASW,CE,Combined TRACON& Tower with Radar,10,48,46,0,104,0,0,53,0,53,10,48,99,0,157,81,0,81,238
05/16/2016,BTR,LA,ASW,CE,Combined TRACON& Tower with Radar,12,47,66,0,125,0,1,39,0,40,12,48,105,0,165,138,0,138,303
05/17/2016,BTR,LA,ASW,CE,Combined TRACON& Tower with Radar,11,37,85,0,133,0,1,37,2,40,11,38,122,2,173,84,0,84,257
05/18/2016,BTR,LA,ASW,CE,Combined TRACON& Tower with Radar,12,45,74,0,131,0,2,62,2,66,12,47,136,2,197,74,0,74,271
05/19/2016,BTR,LA,ASW,CE,Combined TRACON& Tower with Radar,10,46,46,0,102,0,2,36,0,38,10,48,82,0,140,121,0,121,261
05/20/2016,BTR,LA,ASW,CE,Combined TRACON& Tower with Radar,12,50,49,0,111,0,1,61,0,62,12,51,110,0,173,56,0,56,229
05/21/2016,BTR,LA,ASW,CE,Combined TRACON& Tower with Radar,8,30,25,0,63,0,0,60,2,62,8,30,85,2,125,42,0,42,167
05/22/2016,BTR,LA,ASW,CE,Combined TRACON& Tower with Radar,8,48,40,0,96,0,0,55,2,57,8,48,95,2,153,72,0,72,225
05/23/2016,BTR,LA,ASW,CE,Combined TRACON& Tower with Radar,10,53,48,8,119,0,0,82,0,82,10,53,130,8,201,34,0,34,235
05/24/2016,BTR,LA,ASW,CE,Combined TRACON& Tower with Radar,10,42,50,0,102,0,2,84,4,90,10,44,134,4,192,128,0,128,320
05/25/2016,BTR,LA,ASW,CE,Combined TRACON& Tower with Radar,12,46,60,0,118,0,0,66,0,66,12,46,126,0,184,72,0,72,256
05/26/2016,BTR,LA,ASW,CE,Combined TRACON& Tower with Radar,10,45,71,2,128,0,0,52,0,52,10,45,123,2,180,48,0,48,228
05/27/2016,BTR,LA,ASW,CE,Combined TRACON& Tower with Radar,13,46,52,0,111,0,0,49,2,51,13,46,101,2,162,16,0,16,178
05/28/2016,BTR,LA,ASW,CE,Combined TRACON& Tower with Radar,13,28,39,0,80,0,1,62,0,63,13,29,101,0,143,98,0,98,241
05/29/2016,BTR,LA,ASW,CE,Combined TRACON& Tower with Radar,6,33,35,0,74,0,0,45,0,45,6,33,80,0,119,44,0,44,163
05/30/2016,BTR,LA,ASW,CE,Combined TRACON& Tower with Radar,12,46,48,0,106,0,4,42,0,46,12,50,90,0,152,146,0,146,298
05/31/2016,BTR,LA,ASW,CE,Combined TRACON& Tower with Radar,10,45,54,4,113,0,2,71,0,73,10,47,125,4,186,32,12,44,230
06/01/2016,BTR,LA,ASW,CE,Combined TRACON& Tower with Radar,12,44,62,0,118,0,1,57,0,58,12,45,119,0,176,12,0,12,188
06/02/2016,BTR,LA,ASW,CE,Combined TRACON& Tower with Radar,10,28,46,20,104,0,0,31,0,31,10,28,77,20,135,22,0,22,157
06/03/2016,BTR,LA,ASW,CE,Combined TRACON& Tower with Radar,8,51,30,4,93,0,0,12,0,12,8,51,42,4,105,18,0,18,123
06/04/2016,BTR,LA,ASW,CE,Combined TRACON& Tower with Radar,9,22,14,0,45,0,0,14,0,14,9,22,28,0,59,20,0,20,79
06/05/2016,BTR,LA,ASW,CE,Combined TRACON& Tower with Radar,9,44,33,0,86,0,0,14,0,14,9,44,47,0,100,40,0,40,140
06/06/2016,BTR,LA,ASW,CE,Combined TRACON& Tower with Radar,14,43,41,0,98,0,0,28,0,28,14,43,69,0,126,68,0,68,194
06/07/2016,BTR,LA,ASW,CE,Combined TRACON& Tower with Radar,10,43,45,0,98,0,3,73,3,79,10,46,118,3,177,42,0,42,219
06/08/2016,BTR,LA,ASW,CE,Combined TRACON& Tower with Radar,10,47,50,16,123,0,3,75,0,78,10,50,125,16,201,46,0,46,247
06/09/2016,BTR,LA,ASW,CE,Combined TRACON& Tower with Radar,10,49,53,2,114,0,3,54,3,60,10,52,107,5,174,30,0,30,204
06/10/2016,BTR,LA,ASW,CE,Combined TRACON& Tower with Radar,8,50,42,0,100,0,2,49,0,51,8,52,91,0,151,42,0,42,193
06/11/2016,BTR,LA,ASW,CE,Combined TRACON& Tower with Radar,6,43,34,0,83,0,19,47,0,66,6,62,81,0,149,48,0,48,197
06/12/2016,BTR,LA,ASW,CE,Combined TRACON& Tower with Radar,10,41,43,0,94,0,0,20,4,24,10,41,63,4,118,8,0,8,126
06/13/2016,BTR,LA,ASW,CE,Combined TRACON& Tower with Radar,12,44,55,0,111,0,1,34,0,35,12,45,89,0,146,46,0,46,192
06/14/2016,BTR,LA,ASW,CE,Combined TRACON& Tower with Radar,8,46,59,0,113,0,1,39,0,40,8,47,98,0,153,12,0,12,165
06/15/2016,BTR,LA,ASW,CE,Combined TRACON& Tower with Radar,8,48,82,6,144,0,0,53,0,53,8,48,135,6,197,90,4,94,291
06/16/2016,BTR,LA,ASW,CE,Combined TRACON& Tower with Radar,8,46,71,0,125,0,2,49,1,52,8,48,120,1,177,20,0,20,197
06/17/2016,BTR,LA,ASW,CE,Combined TRACON& Tower with Radar,8,46,48,0,102,0,0,43,0,43,8,46,91,0,145,0,0,0,145
06/18/2016,BTR,LA,ASW,CE,Combined TRACON& Tower with Radar,6,37,23,0,66,0,0,20,0,20,6,37,43,0,86,14,0,14,100
06/19/2016,BTR,LA,ASW,CE,Combined TRACON& Tower with Radar,8,39,33,0,80,0,0,13,0,13,8,39,46,0,93,20,0,20,113
06/20/2016,BTR,LA,ASW,CE,Combined TRACON& Tower with Radar,8,56,39,0,103,0,1,50,0,51,8,57,89,0,154,16,0,16,170
06/21/2016,BTR,LA,ASW,CE,Combined TRACON& Tower with Radar,8,57,51,0,116,0,0,65,0,65,8,57,116,0,181,32,0,32,213
06/22/2016,BTR,LA,ASW,CE,Combined TRACON& Tower with Radar,8,53,70,0,131,0,0,76,0,76,8,53,146,0,207,25,0,25,232
06/23/2016,BTR,LA,ASW,CE,Combined TRACON& Tower with Radar,8,55,46,0,109,0,0,59,0,59,8,55,105,0,168,66,0,66,234
06/24/2016,BTR,LA,ASW,CE,Combined TRACON& Tower with Radar,9,51,46,0,106,0,2,43,1,46,9,53,89,1,152,14,0,14,166
06/25/2016,BTR,LA,ASW,CE,Combined TRACON& Tower with Radar,7,40,23,0,70,0,1,39,0,40,7,41,62,0,110,2,0,2,112
06/26/2016,BTR,LA,ASW,CE,Combined TRACON& Tower with Radar,8,42,42,0,92,0,0,30,0,30,8,42,72,0,122,32,0,32,154
06/27/2016,BTR,LA,ASW,CE,Combined TRACON& Tower with Radar,8,44,48,0,100,0,1,35,1,37,8,45,83,1,137,6,0,6,143
06/28/2016,BTR,LA,ASW,CE,Combined TRACON& Tower with Radar,8,41,40,0,89,0,0,33,0,33,8,41,73,0,122,71,0,71,193
06/29/2016,BTR,LA,ASW,CE,Combined TRACON& Tower with Radar,8,52,58,4,122,0,1,43,2,46,8,53,101,6,168,48,0,48,216
06/30/2016,BTR,LA,ASW,CE,Combined TRACON& Tower with Radar,8,52,74,4,138,0,4,91,2,97,8,56,165,6,235,18,0,18,253
07/01/2016,BTR,LA,ASW,CE,Combined TRACON& Tower with Radar,10,57,42,1,110,0,4,60,0,64,10,61,102,1,174,82,0,82,256
07/02/2016,BTR,LA,ASW,CE,Combined TRACON& Tower with Radar,6,26,16,0,48,0,2,53,0,55,6,28,69,0,103,97,0,97,200
07/03/2016,BTR,LA,ASW,CE,Combined TRACON& Tower with Radar,9,29,13,0,51,0,0,20,0,20,9,29,33,0,71,77,0,77,148
07/04/2016,BTR,LA,ASW,CE,Combined TRACON& Tower with Radar,9,31,31,0,71,0,0,29,0,29,9,31,60,0,100,0,0,0,100
07/05/2016,BTR,LA,ASW,CE,Combined TRACON& Tower with Radar,10,48,42,0,100,0,2,25,2,29,10,50,67,2,129,24,0,24,153
07/06/2016,BTR,LA,ASW,CE,Combined TRACON& Tower with Radar,8,47,42,0,97,0,0,31,4,35,8,47,73,4,132,46,0,46,178
07/07/2016,BTR,LA,ASW,CE,Combined TRACON& Tower with Radar,10,44,50,8,112,0,4,54,0,58,10,48,104,8,170,90,0,90,260
07/08/2016,BTR,LA,ASW,CE,Combined TRACON& Tower with Radar,12,47,58,2,119,0,4,43,2,49,12,51,101,4,168,62,0,62,230
07/09/2016,BTR,LA,ASW,CE,Combined TRACON& Tower with Radar,8,29,24,4,65,0,4,59,2,65,8,33,83,6,130,19,0,19,149
07/10/2016,BTR,LA,ASW,CE,Combined TRACON& Tower with Radar,9,40,21,1,71,0,7,33,3,43,9,47,54,4,114,48,0,48,162
07/11/2016,BTR,LA,ASW,CE,Combined TRACON& Tower with Radar,10,52,44,0,106,0,1,26,1,28,10,53,70,1,134,26,0,26,160
07/12/2016,BTR,LA,ASW,CE,Combined TRACON& Tower with Radar,10,41,60,0,111,0,0,52,2,54,10,41,112,2,165,42,0,42,207
07/13/2016,BTR,LA,ASW,CE,Combined TRACON& Tower with Radar,8,48,78,0,134,0,2,53,0,55,8,50,131,0,189,48,0,48,237
07/14/2016,BTR,LA,ASW,CE,Combined TRACON& Tower with Radar,10,43,57,0,110,0,0,27,3,30,10,43,84,3,140,50,0,50,190
07/15/2016,BTR,LA,ASW,CE,Combined TRACON& Tower with Radar,10,40,58,1,109,0,2,42,2,46,10,42,100,3,155,42,0,42,197
07/16/2016,BTR,LA,ASW,CE,Combined TRACON& Tower with Radar,6,33,39,0,78,0,2,43,4,49,6,35,82,4,127,65,0,65,192
07/17/2016,BTR,LA,ASW,CE,Combined TRACON& Tower with Radar,10,32,27,2,71,0,7,60,1,68,10,39,87,3,139,66,0,66,205
07/18/2016,BTR,LA,ASW,CE,Combined TRACON& Tower with Radar,10,45,57,1,113,0,0,35,1,36,10,45,92,2,149,74,0,74,223
07/19/2016,BTR,LA,ASW,CE,Combined TRACON& Tower with Radar,10,45,39,0,94,0,2,50,0,52,10,47,89,0,146,40,0,40,186
07/20/2016,BTR,LA,ASW,CE,Combined TRACON& Tower with Radar,8,47,59,0,114,0,2,67,0,69,8,49,126,0,183,56,0,56,239
07/21/2016,BTR,LA,ASW,CE,Combined TRACON& Tower with Radar,9,47,54,0,110,0,0,51,0,51,9,47,105,0,161,68,0,68,229
07/22/2016,BTR,LA,ASW,CE,Combined TRACON& Tower with Radar,10,47,47,0,104,0,2,77,2,81,10,49,124,2,185,92,0,92,277
07/23/2016,BTR,LA,ASW,CE,Combined TRACON& Tower with Radar,6,34,44,0,84,0,28,58,2,88,6,62,102,2,172,105,0,105,277
07/24/2016,BTR,LA,ASW,CE,Combined TRACON& Tower with Radar,8,40,23,0,71,0,3,32,1,36,8,43,55,1,107,125,0,125,232
07/25/2016,BTR,LA,ASW,CE,Combined TRACON& Tower with Radar,10,43,37,4,94,0,3,43,0,46,10,46,80,4,140,82,0,82,222
07/26/2016,BTR,LA,ASW,CE,Combined TRACON& Tower with Radar,10,47,56,0,113,0,0,19,0,19,10,47,75,0,132,22,0,22,154
07/27/2016,BTR,LA,ASW,CE,Combined TRACON& Tower with Radar,8,47,54,1,110,0,0,13,0,13,8,47,67,1,123,80,0,80,203
07/28/2016,BTR,LA,ASW,CE,Combined TRACON& Tower with Radar,10,46,64,4,124,0,0,26,4,30,10,46,90,8,154,64,0,64,218
07/29/2016,BTR,LA,ASW,CE,Combined TRACON& Tower with Radar,10,51,47,3,111,0,3,53,0,56,10,54,100,3,167,134,0,134,301
07/30/2016,BTR,LA,ASW,CE,Combined TRACON& Tower with Radar,6,32,17,0,55,0,0,39,0,39,6,32,56,0,94,52,0,52,146
07/31/2016,BTR,LA,ASW,CE,Combined TRACON& Tower with Radar,8,43,23,0,74,0,0,28,0,28,8,43,51,0,102,62,0,62,164
08/01/2016,BTR,LA,ASW,CE,Combined TRACON& Tower with Radar,10,53,41,0,104,0,0,41,0,41,10,53,82,0,145,96,0,96,241
08/02/2016,BTR,LA,ASW,CE,Combined TRACON& Tower with Radar,10,46,46,8,110,0,0,58,0,58,10,46,104,8,168,165,0,165,333
08/03/2016,BTR,LA,ASW,CE,Combined TRACON& Tower with Radar,8,43,64,8,123,0,1,37,0,38,8,44,101,8,161,132,0,132,293
08/04/2016,BTR,LA,ASW,CE,Combined TRACON& Tower with Radar,14,45,75,0,134,0,0,67,2,69,14,45,142,2,203,50,0,50,253
08/05/2016,BTR,LA,ASW,CE,Combined TRACON& Tower with Radar,10,47,45,0,102,0,0,45,0,45,10,47,90,0,147,32,0,32,179
08/06/2016,BTR,LA,ASW,CE,Combined TRACON& Tower with Radar,6,31,27,0,64,0,13,55,0,68,6,44,82,0,132,0,0,0,132
08/07/2016,BTR,LA,ASW,CE,Combined TRACON& Tower with Radar,8,39,20,1,68,0,0,34,1,35,8,39,54,2,103,8,0,8,111
08/08/2016,BTR,LA,ASW,CE,Combined TRACON& Tower with Radar,6,44,47,0,97,0,1,27,0,28,6,45,74,0,125,57,0,57,182
08/09/2016,BTR,LA,ASW,CE,Combined TRACON& Tower with Radar,9,42,56,0,107,0,2,48,0,50,9,44,104,0,157,39,0,39,196
08/10/2016,BTR,LA,ASW,CE,Combined TRACON& Tower with Radar,7,49,60,4,120,0,2,23,2,27,7,51,83,6,147,14,0,14,161
08/11/2016,BTR,LA,ASW,CE,Combined TRACON& Tower with Radar,10,43,54,0,107,0,0,14,2,16,10,43,68,2,123,2,0,2,125
08/12/2016,BTR,LA,ASW,CE,Combined TRACON& Tower with Radar,6,22,20,0,48,0,0,0,0,0,6,22,20,0,48,0,0,0,48
08/13/2016,BTR,LA,ASW,CE,Combined TRACON& Tower with Radar,3,8,19,1,31,0,7,16,83,106,3,15,35,84,137,0,0,0,137
08/14/2016,BTR,LA,ASW,CE,Combined TRACON& Tower with Radar,7,28,26,2,63,0,20,87,98,205,7,48,113,100,268,2,58,60,328
08/15/2016,BTR,LA,ASW,CE,Combined TRACON& Tower with Radar,8,39,29,0,76,0,23,111,49,183,8,62,140,49,259,2,0,2,261
08/16/2016,BTR,LA,ASW,CE,Combined TRACON& Tower with Radar,13,39,36,3,91,0,10,63,24,97,13,49,99,27,188,27,0,27,215
08/17/2016,BTR,LA,ASW,CE,Combined TRACON& Tower with Radar,12,50,52,4,118,0,12,56,14,82,12,62,108,18,200,0,0,0,200
08/18/2016,BTR,LA,ASW,CE,Combined TRACON& Tower with Radar,14,42,35,5,96,0,6,45,7,58,14,48,80,12,154,4,0,4,158
08/19/2016,BTR,LA,ASW,CE,Combined TRACON& Tower with Radar,13,43,60,1,117,0,5,50,1,56,13,48,110,2,173,30,0,30,203
08/20/2016,BTR,LA,ASW,CE,Combined TRACON& Tower with Radar,10,14,25,7,56,0,12,36,0,48,10,26,61,7,104,0,0,0,104
08/21/2016,BTR,LA,ASW,CE,Combined TRACON& Tower with Radar,8,38,28,0,74,0,0,33,1,34,8,38,61,1,108,44,0,44,152
08/22/2016,BTR,LA,ASW,CE,Combined TRACON& Tower with Radar,13,39,58,6,116,0,0,40,2,42,13,39,98,8,158,34,0,34,192
08/23/2016,BTR,LA,ASW,CE,Combined TRACON& Tower with Radar,14,39,27,4,84,0,1,34,0,35,14,40,61,4,119,8,0,8,127
08/24/2016,BTR,LA,ASW,CE,Combined TRACON& Tower with Radar,9,41,80,2,132,0,0,72,0,72,9,41,152,2,204,46,0,46,250
08/25/2016,BTR,LA,ASW,CE,Combined TRACON& Tower with Radar,13,44,44,0,101,0,1,33,0,34,13,45,77,0,135,20,0,20,155
08/26/2016,BTR,LA,ASW,CE,Combined TRACON& Tower with Radar,13,43,59,0,115,0,0,33,0,33,13,43,92,0,148,22,0,22,170
08/27/2016,BTR,LA,ASW,CE,Combined TRACON& Tower with Radar,8,23,20,3,54,0,0,23,0,23,8,23,43,3,77,28,0,28,105
08/28/2016,BTR,LA,ASW,CE,Combined TRACON& Tower with Radar,7,35,23,1,66,0,0,12,0,12,7,35,35,1,78,54,0,54,132
08/29/2016,BTR,LA,ASW,CE,Combined TRACON& Tower with Radar,9,48,43,0,100,0,0,41,0,41,9,48,84,0,141,0,0,0,141
08/30/2016,BTR,LA,ASW,CE,Combined TRACON& Tower with Radar,9,43,38,0,90,0,2,36,0,38,9,45,74,0,128,6,0,6,134
08/31/2016,BTR,LA,ASW,CE,Combined TRACON& Tower with Radar,13,50,53,4,120,0,2,51,0,53,13,52,104,4,173,8,0,8,181
09/01/2016,BTR,LA,ASW,CE,Combined TRACON& Tower with Radar,26,43,54,5,128,0,0,51,0,51,26,43,105,5,179,2,0,2,181
09/02/2016,BTR,LA,ASW,CE,Combined TRACON& Tower with Radar,21,61,64,2,148,0,0,46,4,50,21,61,110,6,198,14,0,14,212
09/03/2016,BTR,LA,ASW,CE,Combined TRACON& Tower with Radar,8,27,38,4,77,0,1,28,0,29,8,28,66,4,106,20,0,20,126
09/04/2016,BTR,LA,ASW,CE,Combined TRACON& Tower with Radar,30,27,29,0,86,0,0,31,0,31,30,27,60,0,117,22,0,22,139
09/05/2016,BTR,LA,ASW,CE,Combined TRACON& Tower with Radar,8,44,42,0,94,0,1,18,0,19,8,45,60,0,113,14,0,14,127
09/06/2016,BTR,LA,ASW,CE,Combined TRACON& Tower with Radar,8,58,52,2,120,0,0,22,0,22,8,58,74,2,142,14,0,14,156
09/07/2016,BTR,LA,ASW,CE,Combined TRACON& Tower with Radar,11,46,59,4,120,0,6,41,0,47,11,52,100,4,167,18,0,18,185
09/08/2016,BTR,LA,ASW,CE,Combined TRACON& Tower with Radar,14,39,61,2,116,0,2,48,0,50,14,41,109,2,166,20,0,20,186
09/09/2016,BTR,LA,ASW,CE,Combined TRACON& Tower with Radar,12,45,82,1,140,0,2,47,0,49,12,47,129,1,189,0,0,0,189
09/10/2016,BTR,LA,ASW,CE,Combined TRACON& Tower with Radar,7,21,50,1,79,0,0,55,0,55,7,21,105,1,134,0,0,0,134
09/11/2016,BTR,LA,ASW,CE,Combined TRACON& Tower with Radar,16,34,41,3,94,0,0,29,0,29,16,34,70,3,123,0,0,0,123
09/12/2016,BTR,LA,ASW,CE,Combined TRACON& Tower with Radar,10,39,52,0,101,0,0,37,0,37,10,39,89,0,138,4,0,4,142
09/13/2016,BTR,LA,ASW,CE,Combined TRACON& Tower with Radar,10,43,60,4,117,0,1,30,0,31,10,44,90,4,148,6,0,6,154
09/14/2016,BTR,LA,ASW,CE,Combined TRACON& Tower with Radar,13,37,57,2,109,0,4,47,0,51,13,41,104,2,160,10,0,10,170
09/15/2016,BTR,LA,ASW,CE,Combined TRACON& Tower with Radar,15,46,69,4,134,0,3,43,3,49,15,49,112,7,183,36,0,36,219
09/16/2016,BTR,LA,ASW,CE,Combined TRACON& Tower with Radar,12,52,53,0,117,0,0,19,0,19,12,52,72,0,136,0,0,0,136
09/17/2016,BTR,LA,ASW,CE,Combined TRACON& Tower with Radar,9,33,50,0,92,0,1,8,0,9,9,34,58,0,101,0,0,0,101
09/18/2016,BTR,LA,ASW,CE,Combined TRACON& Tower with Radar,15,39,51,0,105,0,0,22,0,22,15,39,73,0,127,50,0,50,177
09/19/2016,BTR,LA,ASW,CE,Combined TRACON& Tower with Radar,10,41,49,0,100,0,0,43,0,43,10,41,92,0,143,0,0,0,143
09/20/2016,BTR,LA,ASW,CE,Combined TRACON& Tower with Radar,8,45,58,3,114,0,4,60,0,64,8,49,118,3,178,14,0,14,192
09/21/2016,BTR,LA,ASW,CE,Combined TRACON& Tower with Radar,10,43,92,0,145,0,0,60,2,62,10,43,152,2,207,12,0,12,219
09/22/2016,BTR,LA,ASW,CE,Combined TRACON& Tower with Radar,12,49,86,0,147,0,0,43,6,49,12,49,129,6,196,10,0,10,206
09/23/2016,BTR,LA,ASW,CE,Combined TRACON& Tower with Radar,14,52,62,0,128,0,0,62,0,62,14,52,124,0,190,82,0,82,272
09/24/2016,BTR,LA,ASW,CE,Combined TRACON& Tower with Radar,9,26,40,0,75,0,0,35,0,35,9,26,75,0,110,30,0,30,140
09/25/2016,BTR,LA,ASW,CE,Combined TRACON& Tower with Radar,15,41,46,0,102,0,0,30,0,30,15,41,76,0,132,22,0,22,154
09/26/2016,BTR,LA,ASW,CE,Combined TRACON& Tower with Radar,10,42,33,2,87,0,0,16,0,16,10,42,49,2,103,60,0,60,163
09/27/2016,BTR,LA,ASW,CE,Combined TRACON& Tower with Radar,8,41,60,1,110,0,0,43,4,47,8,41,103,5,157,40,0,40,197
09/28/2016,BTR,LA,ASW,CE,Combined TRACON& Tower with Radar,13,40,63,8,124,0,2,53,0,55,13,42,116,8,179,45,0,45,224
09/29/2016,BTR,LA,ASW,CE,Combined TRACON& Tower with Radar,13,47,67,0,127,0,2,47,0,49,13,49,114,0,176,0,0,0,176
09/30/2016,BTR,LA,ASW,CE,Combined TRACON& Tower with Radar,12,54,75,2,143,0,0,68,0,68,12,54,143,2,211,8,0,8,219
10/01/2016,BTR,LA,ASW,CE,Combined TRACON& Tower with Radar,10,32,62,0,104,0,0,53,0,53,10,32,115,0,157,0,0,0,157
10/02/2016,BTR,LA,ASW,CE,Combined TRACON& Tower with Radar,17,43,62,2,124,0,0,38,0,38,17,43,100,2,162,5,0,5,167
10/03/2016,BTR,LA,ASW,CE,Combined TRACON& Tower with Radar,12,45,28,0,85,0,0,28,0,28,12,45,56,0,113,37,0,37,150
10/04/2016,BTR,LA,ASW,CE,Combined TRACON& Tower with Radar,10,42,50,0,102,0,0,50,0,50,10,42,100,0,152,107,0,107,259
10/05/2016,BTR,LA,ASW,CE,Combined TRACON& Tower with Radar,12,47,75,0,134,0,1,49,0,50,12,48,124,0,184,12,0,12,196
10/06/2016,BTR,LA,ASW,CE,Combined TRACON& Tower with Radar,14,45,74,0,133,0,6,55,0,61,14,51,129,0,194,34,0,34,228
10/07/2016,BTR,LA,ASW,CE,Combined TRACON& Tower with Radar,16,35,45,6,102,0,0,50,0,50,16,35,95,6,152,0,0,0,152
10/08/2016,BTR,LA,ASW,CE,Combined TRACON& Tower with Radar,13,23,16,0,52,0,5,50,3,58,13,28,66,3,110,0,4,4,114
10/09/2016,BTR,LA,ASW,CE,Combined TRACON& Tower with Radar,14,37,46,0,97,0,0,41,0,41,14,37,87,0,138,18,0,18,156
10/10/2016,BTR,LA,ASW,CE,Combined TRACON& Tower with Radar,14,38,51,0,103,0,1,36,0,37,14,39,87,0,140,4,0,4,144
10/11/2016,BTR,LA,ASW,CE,Combined TRACON& Tower with Radar,12,37,31,2,82,0,2,45,0,47,12,39,76,2,129,28,0,28,157
10/12/2016,BTR,LA,ASW,CE,Combined TRACON& Tower with Radar,12,45,76,2,135,0,0,67,0,67,12,45,143,2,202,0,0,0,202
10/13/2016,BTR,LA,ASW,CE,Combined TRACON& Tower with Radar,16,49,65,0,130,0,0,67,0,67,16,49,132,0,197,0,0,0,197
10/14/2016,BTR,LA,ASW,CE,Combined TRACON& Tower with Radar,15,44,45,14,118,0,0,41,0,41,15,44,86,14,159,20,0,20,179
10/15/2016,BTR,LA,ASW,CE,Combined TRACON& Tower with Radar,12,25,62,0,99,0,0,51,0,51,12,25,113,0,150,0,0,0,150
10/16/2016,BTR,LA,ASW,CE,Combined TRACON& Tower with Radar,17,37,42,2,98,0,0,24,0,24,17,37,66,2,122,0,0,0,122
10/17/2016,BTR,LA,ASW,CE,Combined TRACON& Tower with Radar,14,43,56,6,119,0,0,31,0,31,14,43,87,6,150,26,0,26,176
10/18/2016,BTR,LA,ASW,CE,Combined TRACON& Tower with Radar,12,37,65,2,116,0,1,28,0,29,12,38,93,2,145,62,0,62,207
10/19/2016,BTR,LA,ASW,CE,Combined TRACON& Tower with Radar,12,46,64,1,123,0,1,48,2,51,12,47,112,3,174,26,0,26,200
10/20/2016,BTR,LA,ASW,CE,Combined TRACON& Tower with Radar,14,44,99,4,161,0,2,51,0,53,14,46,150,4,214,32,0,32,246
10/21/2016,BTR,LA,ASW,CE,Combined TRACON& Tower with Radar,17,48,95,0,160,0,6,64,0,70,17,54,159,0,230,102,0,102,332
10/22/2016,BTR,LA,ASW,CE,Combined TRACON& Tower with Radar,12,30,58,6,106,0,2,63,0,65,12,32,121,6,171,6,0,6,177
10/23/2016,BTR,LA,ASW,CE,Combined TRACON& Tower with Radar,18,46,77,6,147,0,0,68,0,68,18,46,145,6,215,18,0,18,233
10/24/2016,BTR,LA,ASW,CE,Combined TRACON& Tower with Radar,13,44,42,2,101,0,0,48,1,49,13,44,90,3,150,32,8,40,190
10/25/2016,BTR,LA,ASW,CE,Combined TRACON& Tower with Radar,12,39,57,2,110,0,1,51,0,52,12,40,108,2,162,56,0,56,218
10/26/2016,BTR,LA,ASW,CE,Combined TRACON& Tower with Radar,12,42,70,0,124,0,1,69,0,70,12,43,139,0,194,38,0,38,232
10/27/2016,BTR,LA,ASW,CE,Combined TRACON& Tower with Radar,17,50,69,4,140,0,6,53,2,61,17,56,122,6,201,20,0,20,221
10/28/2016,BTR,LA,ASW,CE,Combined TRACON& Tower with Radar,13,41,59,1,114,0,2,49,1,52,13,43,108,2,166,56,0,56,222
10/29/2016,BTR,LA,ASW,CE,Combined TRACON& Tower with Radar,11,19,30,0,60,0,0,58,0,58,11,19,88,0,118,10,0,10,128
10/30/2016,BTR,LA,ASW,CE,Combined TRACON& Tower with Radar,9,37,30,0,76,0,2,50,0,52,9,39,80,0,128,6,0,6,134
10/31/2016,BTR,LA,ASW,CE,Combined TRACON& Tower with Radar,10,40,36,2,88,0,6,52,0,58,10,46,88,2,146,56,0,56,202
11/01/2016,BTR,LA,ASW,CE,Combined TRACON& Tower with Radar,12,40,66,0,118,0,6,41,0,47,12,46,107,0,165,100,0,100,265
11/02/2016,BTR,LA,ASW,CE,Combined TRACON& Tower with Radar,14,45,74,6,139,0,3,66,0,69,14,48,140,6,208,22,0,22,230
11/03/2016,BTR,LA,ASW,CE,Combined TRACON& Tower with Radar,12,54,63,0,129,0,9,53,2,64,12,63,116,2,193,70,0,70,263
11/04/2016,BTR,LA,ASW,CE,Combined TRACON& Tower with Radar,12,65,115,1,193,0,2,66,1,69,12,67,181,2,262,12,0,12,274
11/05/2016,BTR,LA,ASW,CE,Combined TRACON& Tower with Radar,14,70,89,0,173,0,1,76,0,77,14,71,165,0,250,14,0,14,264
11/06/2016,BTR,LA,ASW,CE,Combined TRACON& Tower with Radar,17,49,98,1,165,0,0,50,1,51,17,49,148,2,216,2,0,2,218
11/07/2016,BTR,LA,ASW,CE,Combined TRACON& Tower with Radar,12,40,41,4,97,0,0,20,0,20,12,40,61,4,117,0,0,0,117
11/08/2016,BTR,LA,ASW,CE,Combined TRACON& Tower with Radar,12,57,57,0,126,0,1,6,0,7,12,58,63,0,133,0,0,0,133
11/09/2016,BTR,LA,ASW,CE,Combined TRACON& Tower with Radar,16,43,67,3,129,0,2,59,1,62,16,45,126,4,191,30,12,42,233
11/10/2016,BTR,LA,ASW,CE,Combined TRACON& Tower with Radar,12,51,40,0,103,0,0,57,0,57,12,51,97,0,160,62,0,62,222
11/11/2016,BTR,LA,ASW,CE,Combined TRACON& Tower with Radar,15,50,65,0,130,0,0,55,2,57,15,50,120,2,187,30,0,30,217
11/12/2016,BTR,LA,ASW,CE,Combined TRACON& Tower with Radar,13,32,19,0,64,0,17,34,0,51,13,49,53,0,115,24,0,24,139
11/13/2016,BTR,LA,ASW,CE,Combined TRACON& Tower with Radar,14,39,33,1,87,0,0,42,0,42,14,39,75,1,129,36,0,36,165
11/14/2016,BTR,LA,ASW,CE,Combined TRACON& Tower with Radar,12,44,33,2,91,0,2,26,0,28,12,46,59,2,119,28,0,28,147
11/15/2016,BTR,LA,ASW,CE,Combined TRACON& Tower with Radar,12,44,65,6,127,0,4,63,4,71,12,48,128,10,198,100,0,100,298
11/16/2016,BTR,LA,ASW,CE,Combined TRACON& Tower with Radar,14,43,76,3,136,0,6,86,5,97,14,49,162,8,233,34,0,34,267
11/17/2016,BTR,LA,ASW,CE,Combined TRACON& Tower with Radar,12,46,73,1,132,0,4,66,1,71,12,50,139,2,203,26,0,26,229
11/18/2016,BTR,LA,ASW,CE,Combined TRACON& Tower with Radar,14,48,68,5,135,0,0,52,2,54,14,48,120,7,189,8,2,10,199
11/19/2016,BTR,LA,ASW,CE,Combined TRACON& Tower with Radar,14,40,86,6,146,0,0,53,3,56,14,40,139,9,202,2,4,6,208
11/20/2016,BTR,LA,ASW,CE,Combined TRACON& Tower with Radar,13,38,55,1,107,0,2,43,2,47,13,40,98,3,154,10,0,10,164
11/21/2016,BTR,LA,ASW,CE,Combined TRACON& Tower with Radar,13,42,53,2,110,0,0,41,2,43,13,42,94,4,153,4,0,4,157
11/22/2016,BTR,LA,ASW,CE,Combined TRACON& Tower with Radar,18,44,56,2,120,0,2,69,1,72,18,46,125,3,192,38,20,58,250
11/23/2016,BTR,LA,ASW,CE,Combined TRACON& Tower with Radar,17,44,51,1,113,0,0,27,0,27,17,44,78,1,140,30,0,30,170
11/24/2016,BTR,LA,ASW,CE,Combined TRACON& Tower with Radar,10,20,8,0,38,0,0,23,0,23,10,20,31,0,61,0,0,0,61
11/25/2016,BTR,LA,ASW,CE,Combined TRACON& Tower with Radar,9,31,25,0,65,0,4,43,2,49,9,35,68,2,114,32,0,32,146
11/26/2016,BTR,LA,ASW,CE,Combined TRACON& Tower with Radar,12,40,36,0,88,0,0,42,2,44,12,40,78,2,132,8,0,8,140
11/27/2016,BTR,LA,ASW,CE,Combined TRACON& Tower with Radar,14,48,56,0,118,0,0,34,0,34,14,48,90,0,152,14,0,14,166
11/28/2016,BTR,LA,ASW,CE,Combined TRACON& Tower with Radar,12,51,29,0,92,0,0,17,0,17,12,51,46,0,109,0,0,0,109
11/29/2016,BTR,LA,ASW,CE,Combined TRACON& Tower with Radar,14,34,55,0,103,0,0,6,2,8,14,34,61,2,111,6,0,6,117
11/30/2016,BTR,LA,ASW,CE,Combined TRACON& Tower with Radar,18,40,55,0,113,0,3,32,0,35,18,43,87,0,148,12,0,12,160
12/01/2016,BTR,LA,ASW,CE,Combined TRACON& Tower with Radar,16,41,67,4,128,0,2,62,0,64,16,43,129,4,192,0,0,0,192
12/02/2016,BTR,LA,ASW,CE,Combined TRACON& Tower with Radar,16,43,52,1,112,0,2,40,1,43,16,45,92,2,155,20,0,20,175
12/03/2016,BTR,LA,ASW,CE,Combined TRACON& Tower with Radar,11,25,14,0,50,0,0,6,0,6,11,25,20,0,56,0,0,0,56
12/04/2016,BTR,LA,ASW,CE,Combined TRACON& Tower with Radar,15,39,22,0,76,0,0,0,0,0,15,39,22,0,76,0,0,0,76
12/05/2016,BTR,LA,ASW,CE,Combined TRACON& Tower with Radar,15,44,22,0,81,0,0,0,0,0,15,44,22,0,81,0,0,0,81
12/06/2016,BTR,LA,ASW,CE,Combined TRACON& Tower with Radar,15,41,73,6,135,0,0,10,0,10,15,41,83,6,145,0,0,0,145
12/07/2016,BTR,LA,ASW,CE,Combined TRACON& Tower with Radar,11,47,60,0,118,0,4,18,0,22,11,51,78,0,140,12,0,12,152
12/08/2016,BTR,LA,ASW,CE,Combined TRACON& Tower with Radar,16,45,62,0,123,0,0,26,6,32,16,45,88,6,155,0,0,0,155
12/09/2016,BTR,LA,ASW,CE,Combined TRACON& Tower with Radar,16,50,59,2,127,0,0,53,0,53,16,50,112,2,180,28,0,28,208
12/10/2016,BTR,LA,ASW,CE,Combined TRACON& Tower with Radar,12,32,32,2,78,0,3,52,0,55,12,35,84,2,133,42,0,42,175
12/11/2016,BTR,LA,ASW,CE,Combined TRACON& Tower with Radar,16,41,35,0,92,0,0,31,2,33,16,41,66,2,125,0,0,0,125
12/12/2016,BTR,LA,ASW,CE,Combined TRACON& Tower with Radar,14,42,43,10,109,0,0,18,0,18,14,42,61,10,127,0,0,0,127
12/13/2016,BTR,LA,ASW,CE,Combined TRACON& Tower with Radar,16,37,63,0,116,0,0,2,0,2,16,37,65,0,118,16,0,16,134
12/14/2016,BTR,LA,ASW,CE,Combined TRACON& Tower with Radar,12,46,82,0,140,0,0,0,0,0,12,46,82,0,140,0,0,0,140
12/15/2016,BTR,LA,ASW,CE,Combined TRACON& Tower with Radar,14,35,70,6,125,0,2,48,1,51,14,37,118,7,176,4,0,4,180
12/16/2016,BTR,LA,ASW,CE,Combined TRACON& Tower with Radar,11,42,69,3,125,0,0,34,1,35,11,42,103,4,160,0,0,0,160
12/17/2016,BTR,LA,ASW,CE,Combined TRACON& Tower with Radar,8,39,22,0,69,0,1,2,2,5,8,40,24,2,74,64,0,64,138
12/18/2016,BTR,LA,ASW,CE,Combined TRACON& Tower with Radar,6,41,14,1,62,0,0,0,0,0,6,41,14,1,62,0,0,0,62
12/19/2016,BTR,LA,ASW,CE,Combined TRACON& Tower with Radar,4,44,20,1,69,0,3,31,2,36,4,47,51,3,105,4,0,4,109
12/20/2016,BTR,LA,ASW,CE,Combined TRACON& Tower with Radar,6,47,40,0,93,0,2,41,2,45,6,49,81,2,138,36,0,36,174
12/21/2016,BTR,LA,ASW,CE,Combined TRACON& Tower with Radar,6,52,34,1,93,0,2,53,3,58,6,54,87,4,151,56,0,56,207
12/22/2016,BTR,LA,ASW,CE,Combined TRACON& Tower with Radar,6,50,39,0,95,0,0,2,0,2,6,50,41,0,97,20,0,20,117
12/23/2016,BTR,LA,ASW,CE,Combined TRACON& Tower with Radar,6,43,37,0,86,0,0,17,0,17,6,43,54,0,103,52,0,52,155
12/24/2016,BTR,LA,ASW,CE,Combined TRACON& Tower with Radar,2,26,18,0,46,0,0,8,0,8,2,26,26,0,54,0,0,0,54
12/25/2016,BTR,LA,ASW,CE,Combined TRACON& Tower with Radar,4,30,5,0,39,0,0,4,0,4,4,30,9,0,43,0,0,0,43
12/26/2016,BTR,LA,ASW,CE,Combined TRACON& Tower with Radar,6,44,39,0,89,0,0,7,0,7,6,44,46,0,96,0,0,0,96
12/27/2016,BTR,LA,ASW,CE,Combined TRACON& Tower with Radar,10,47,24,0,81,0,4,15,0,19,10,51,39,0,100,28,0,28,128
12/28/2016,BTR,LA,ASW,CE,Combined TRACON& Tower with Radar,8,53,43,0,104,0,0,10,0,10,8,53,53,0,114,30,0,30,144
12/29/2016,BTR,LA,ASW,CE,Combined TRACON& Tower with Radar,10,45,28,2,85,0,2,25,4,31,10,47,53,6,116,20,2,22,138
12/30/2016,BTR,LA,ASW,CE,Combined TRACON& Tower with Radar,6,42,43,0,91,0,0,75,0,75,6,42,118,0,166,24,0,24,190
12/31/2016,BTR,LA,ASW,CE,Combined TRACON& Tower with Radar,6,33,11,0,50,0,0,4,0,4,6,33,15,0,54,0,0,0,54
01/01/2017,BTR,LA,ASW,CE,Combined TRACON& Tower with Radar,4,39,7,0,50,0,0,0,0,0,4,39,7,0,50,0,0,0,50
01/02/2017,BTR,LA,ASW,CE,Combined TRACON& Tower with Radar,8,45,15,0,68,0,0,0,0,0,8,45,15,0,68,0,0,0,68
01/03/2017,BTR,LA,ASW,CE,Combined TRACON& Tower with Radar,6,53,33,5,97,0,4,42,1,47,6,57,75,6,144,10,6,16,160
01/04/2017,BTR,LA,ASW,CE,Combined TRACON& Tower with Radar,8,47,37,12,104,0,2,34,0,36,8,49,71,12,140,10,0,10,150
01/05/2017,BTR,LA,ASW,CE,Combined TRACON& Tower with Radar,10,53,43,10,116,0,0,23,0,23,10,53,66,10,139,28,0,28,167
01/06/2017,BTR,LA,ASW,CE,Combined TRACON& Tower with Radar,5,34,19,0,58,0,0,0,0,0,5,34,19,0,58,0,0,0,58
01/07/2017,BTR,LA,ASW,CE,Combined TRACON& Tower with Radar,13,34,17,10,74,0,1,26,0,27,13,35,43,10,101,0,0,0,101
01/08/2017,BTR,LA,ASW,CE,Combined TRACON& Tower with Radar,14,35,20,2,71,0,0,37,1,38,14,35,57,3,109,2,0,2,111
01/09/2017,BTR,LA,ASW,CE,Combined TRACON& Tower with Radar,17,33,34,0,84,0,1,46,0,47,17,34,80,0,131,11,0,11,142
01/10/2017,BTR,LA,ASW,CE,Combined TRACON& Tower with Radar,14,34,53,0,101,0,0,29,0,29,14,34,82,0,130,4,0,4,134
01/11/2017,BTR,LA,ASW,CE,Combined TRACON& Tower with Radar,14,40,45,0,99,0,6,18,0,24,14,46,63,0,123,0,0,0,123
01/12/2017,BTR,LA,ASW,CE,Combined TRACON& Tower with Radar,14,42,62,16,134,0,4,56,0,60,14,46,118,16,194,18,0,18,212
01/13/2017,BTR,LA,ASW,CE,Combined TRACON& Tower with Radar,15,41,48,2,106,0,2,26,0,28,15,43,74,2,134,0,0,0,134
01/14/2017,BTR,LA,ASW,CE,Combined TRACON& Tower with Radar,11,26,25,0,62,0,0,22,1,23,11,26,47,1,85,30,0,30,115
01/15/2017,BTR,LA,ASW,CE,Combined TRACON& Tower with Radar,12,29,40,0,81,0,0,19,0,19,12,29,59,0,100,12,0,12,112
01/16/2017,BTR,LA,ASW,CE,Combined TRACON& Tower with Radar,14,38,35,4,91,0,0,24,0,24,14,38,59,4,115,10,0,10,125
01/17/2017,BTR,LA,ASW,CE,Combined TRACON& Tower with Radar,14,40,48,2,104,0,2,22,0,24,14,42,70,2,128,36,0,36,164
01/18/2017,BTR,LA,ASW,CE,Combined TRACON& Tower with Radar,16,37,44,4,101,0,0,14,0,14,16,37,58,4,115,14,0,14,129
01/19/2017,BTR,LA,ASW,CE,Combined TRACON& Tower with Radar,14,43,16,1,74,0,0,6,0,6,14,43,22,1,80,18,0,18,98
01/20/2017,BTR,LA,ASW,CE,Combined TRACON& Tower with Radar,18,35,83,1,137,0,2,37,0,39,18,37,120,1,176,30,0,30,206
01/21/2017,BTR,LA,ASW,CE,Combined TRACON& Tower with Radar,6,26,11,0,43,0,0,16,0,16,6,26,27,0,59,10,0,10,69
01/22/2017,BTR,LA,ASW,CE,Combined TRACON& Tower with Radar,13,32,42,6,93,0,2,15,1,18,13,34,57,7,111,10,0,10,121
01/23/2017,BTR,LA,ASW,CE,Combined TRACON& Tower with Radar,15,35,58,0,108,0,0,57,1,58,15,35,115,1,166,8,0,8,174
01/24/2017,BTR,LA,ASW,CE,Combined TRACON& Tower with Radar,15,36,52,0,103,0,2,58,2,62,15,38,110,2,165,71,0,71,236
01/25/2017,BTR,LA,ASW,CE,Combined TRACON& Tower with Radar,14,39,56,0,109,0,0,12,0,12,14,39,68,0,121,52,0,52,173
01/26/2017,BTR,LA,ASW,CE,Combined TRACON& Tower with Radar,17,45,57,0,119,0,5,49,0,54,17,50,106,0,173,34,0,34,207
01/27/2017,BTR,LA,ASW,CE,Combined TRACON& Tower with Radar,12,43,49,1,105,0,0,60,1,61,12,43,109,2,166,24,0,24,190
01/28/2017,BTR,LA,ASW,CE,Combined TRACON& Tower with Radar,12,34,37,0,83,0,11,52,0,63,12,45,89,0,146,28,0,28,174
01/29/2017,BTR,LA,ASW,CE,Combined TRACON& Tower with Radar,15,31,33,0,79,0,0,31,0,31,15,31,64,0,110,0,0,0,110
01/30/2017,BTR,LA,ASW,CE,Combined TRACON& Tower with Radar,17,39,55,4,115,0,2,57,0,59,17,41,112,4,174,50,0,50,224
01/31/2017,BTR,LA,ASW,CE,Combined TRACON& Tower with Radar,16,40,37,8,101,0,2,51,2,55,16,42,88,10,156,18,2,20,176
02/01/2017,BTR,LA,ASW,CE,Combined TRACON& Tower with Radar,15,42,74,3,134,0,0,47,1,48,15,42,121,4,182,38,0,38,220
02/02/2017,BTR,LA,ASW,CE,Combined TRACON& Tower with Radar,12,42,64,3,121,0,0,37,1,38,12,42,101,4,159,0,0,0,159
02/03/2017,BTR,LA,ASW,CE,Combined TRACON& Tower with Radar,14,38,42,4,98,0,0,17,1,18,14,38,59,5,116,12,0,12,128
02/04/2017,BTR,LA,ASW,CE,Combined TRACON& Tower with Radar,6,31,27,1,65,0,5,35,1,41,6,36,62,2,106,28,0,28,134
02/05/2017,BTR,LA,ASW,CE,Combined TRACON& Tower with Radar,4,33,21,0,58,0,0,20,0,20,4,33,41,0,78,6,0,6,84
02/06/2017,BTR,LA,ASW,CE,Combined TRACON& Tower with Radar,10,43,51,0,104,0,0,14,2,16,10,43,65,2,120,8,0,8,128
02/07/2017,BTR,LA,ASW,CE,Combined TRACON& Tower with Radar,12,44,43,0,99,0,2,3,2,7,12,46,46,2,106,4,0,4,110
02/08/2017,BTR,LA,ASW,CE,Combined TRACON& Tower with Radar,15,46,65,7,133,0,8,46,2,56,15,54,111,9,189,58,0,58,247
02/09/2017,BTR,LA,ASW,CE,Combined TRACON& Tower with Radar,11,47,67,0,125,0,0,50,8,58,11,47,117,8,183,30,0,30,213
02/10/2017,BTR,LA,ASW,CE,Combined TRACON& Tower with Radar,14,46,50,0,110,0,2,75,0,77,14,48,125,0,187,18,0,18,205
02/11/2017,BTR,LA,ASW,CE,Combined TRACON& Tower with Radar,9,27,25,0,61,0,0,27,0,27,9,27,52,0,88,0,0,0,88
02/12/2017,BTR,LA,ASW,CE,Combined TRACON& Tower with Radar,18,39,50,0,107,0,0,11,0,11,18,39,61,0,118,0,0,0,118
02/13/2017,BTR,LA,ASW,CE,Combined TRACON& Tower with Radar,15,41,55,0,111,0,5,39,1,45,15,46,94,1,156,70,0,70,226
02/14/2017,BTR,LA,ASW,CE,Combined TRACON& Tower with Radar,13,40,25,0,78,0,0,9,0,9,13,40,34,0,87,31,0,31,118
02/15/2017,BTR,LA,ASW,CE,Combined TRACON& Tower with Radar,13,45,48,1,107,0,0,29,1,30,13,45,77,2,137,0,0,0,137
02/16/2017,BTR,LA,ASW,CE,Combined TRACON& Tower with Radar,19,44,53,2,118,0,2,72,2,76,19,46,125,4,194,76,0,76,270
02/17/2017,BTR,LA,ASW,CE,Combined TRACON& Tower with Radar,18,38,52,5,113,0,0,58,4,62,18,38,110,9,175,46,0,46,221
02/18/2017,BTR,LA,ASW,CE,Combined TRACON& Tower with Radar,11,29,29,1,70,0,2,22,2,26,11,31,51,3,96,18,0,18,114
02/19/2017,BTR,LA,ASW,CE,Combined TRACON& Tower with Radar,16,24,33,1,74,0,1,31,3,35,16,25,64,4,109,66,0,66,175
02/20/2017,BTR,LA,ASW,CE,Combined TRACON& Tower with Radar,20,32,38,1,91,0,3,17,0,20,20,35,55,1,111,28,0,28,139
02/21/2017,BTR,LA,ASW,CE,Combined TRACON& Tower with Radar,18,44,49,2,113,0,0,14,0,14,18,44,63,2,127,63,0,63,190
02/22/2017,BTR,LA,ASW,CE,Combined TRACON& Tower with Radar,20,53,74,0,147,0,4,73,0,77,20,57,147,0,224,6,0,6,230
02/23/2017,BTR,LA,ASW,CE,Combined TRACON& Tower with Radar,18,50,57,0,125,0,3,57,2,62,18,53,114,2,187,10,0,10,197
02/24/2017,BTR,LA,ASW,CE,Combined TRACON& Tower with Radar,20,37,75,0,132,0,0,52,0,52,20,37,127,0,184,24,0,24,208
02/25/2017,BTR,LA,ASW,CE,Combined TRACON& Tower with Radar,16,26,18,0,60,0,0,43,0,43,16,26,61,0,103,0,0,0,103
02/26/2017,BTR,LA,ASW,CE,Combined TRACON& Tower with Radar,14,29,27,0,70,0,2,45,0,47,14,31,72,0,117,24,0,24,141
02/27/2017,BTR,LA,ASW,CE,Combined TRACON& Tower with Radar,19,36,19,0,74,0,2,1,0,3,19,38,20,0,77,0,0,0,77
02/28/2017,BTR,LA,ASW,CE,Combined TRACON& Tower with Radar,15,41,44,0,100,0,1,9,0,10,15,42,53,0,110,0,0,0,110
03/01/2017,BTR,LA,ASW,CE,Combined TRACON& Tower with Radar,20,44,52,0,116,0,0,19,0,19,20,44,71,0,135,20,0,20,155
03/02/2017,BTR,LA,ASW,CE,Combined TRACON& Tower with Radar,18,43,67,0,128,0,4,52,4,60,18,47,119,4,188,6,0,6,194
03/03/2017,BTR,LA,ASW,CE,Combined TRACON& Tower with Radar,18,36,49,6,109,0,0,47,0,47,18,36,96,6,156,0,0,0,156
03/04/2017,BTR,LA,ASW,CE,Combined TRACON& Tower with Radar,13,30,37,0,80,0,1,35,0,36,13,31,72,0,116,0,0,0,116
03/05/2017,BTR,LA,ASW,CE,Combined TRACON& Tower with Radar,15,29,35,0,79,0,0,18,0,18,15,29,53,0,97,0,0,0,97
03/06/2017,BTR,LA,ASW,CE,Combined TRACON& Tower with Radar,18,39,54,2,113,0,0,18,0,18,18,39,72,2,131,0,0,0,131
03/07/2017,BTR,LA,ASW,CE,Combined TRACON& Tower with Radar,22,43,32,2,99,0,0,2,0,2,22,43,34,2,101,23,0,23,124
03/08/2017,BTR,LA,ASW,CE,Combined TRACON& Tower with Radar,18,36,64,8,126,0,0,59,3,62,18,36,123,11,188,0,0,0,188
03/09/2017,BTR,LA,ASW,CE,Combined TRACON& Tower with Radar,18,46,54,9,127,0,0,35,0,35,18,46,89,9,162,2,0,2,164
03/10/2017,BTR,LA,ASW,CE,Combined TRACON& Tower with Radar,14,43,49,0,106,0,0,23,0,23,14,43,72,0,129,30,0,30,159
03/11/2017,BTR,LA,ASW,CE,Combined TRACON& Tower with Radar,15,21,20,0,56,0,0,17,0,17,15,21,37,0,73,0,0,0,73
03/12/2017,BTR,LA,ASW,CE,Combined TRACON& Tower with Radar,14,35,41,1,91,0,0,16,1,17,14,35,57,2,108,48,0,48,156
03/13/2017,BTR,LA,ASW,CE,Combined TRACON& Tower with Radar,15,38,42,0,95,0,0,9,2,11,15,38,51,2,106,0,0,0,106
03/14/2017,BTR,LA,ASW,CE,Combined TRACON& Tower with Radar,17,38,34,1,90,0,0,55,3,58,17,38,89,4,148,30,0,30,178
03/15/2017,BTR,LA,ASW,CE,Combined TRACON& Tower with Radar,17,42,53,2,114,0,2,54,0,56,17,44,107,2,170,0,0,0,170
03/16/2017,BTR,LA,ASW,CE,Combined TRACON& Tower with Radar,18,46,48,4,116,0,2,37,0,39,18,48,85,4,155,42,0,42,197
03/17/2017,BTR,LA,ASW,CE,Combined TRACON& Tower with Radar,17,39,67,2,125,0,3,33,0,36,17,42,100,2,161,44,0,44,205
03/18/2017,BTR,LA,ASW,CE,Combined TRACON& Tower with Radar,13,23,34,0,70,0,6,31,0,37,13,29,65,0,107,24,6,30,137
03/19/2017,BTR,LA,ASW,CE,Combined TRACON& Tower with Radar,15,33,57,0,105,0,0,31,0,31,15,33,88,0,136,0,0,0,136
03/20/2017,BTR,LA,ASW,CE,Combined TRACON& Tower with Radar,16,40,47,2,105,0,2,28,2,32,16,42,75,4,137,24,0,24,161
03/21/2017,BTR,LA,ASW,CE,Combined TRACON& Tower with Radar,15,41,58,2,116,0,1,48,0,49,15,42,106,2,165,10,0,10,175
03/22/2017,BTR,LA,ASW,CE,Combined TRACON& Tower with Radar,20,44,54,0,118,0,2,47,0,49,20,46,101,0,167,6,0,6,173
03/23/2017,BTR,LA,ASW,CE,Combined TRACON& Tower with Radar,22,43,71,8,144,0,7,58,0,65,22,50,129,8,209,10,18,28,237
03/24/2017,BTR,LA,ASW,CE,Combined TRACON& Tower with Radar,16,38,49,8,111,0,0,11,0,11,16,38,60,8,122,14,0,14,136
03/25/2017,BTR,LA,ASW,CE,Combined TRACON& Tower with Radar,14,24,15,0,53,0,0,10,0,10,14,24,25,0,63,0,0,0,63
03/26/2017,BTR,LA,ASW,CE,Combined TRACON& Tower with Radar,13,30,59,0,102,0,2,22,0,24,13,32,81,0,126,36,0,36,162
03/27/2017,BTR,LA,ASW,CE,Combined TRACON& Tower with Radar,17,37,27,2,83,0,4,29,0,33,17,41,56,2,116,31,0,31,147
03/28/2017,BTR,LA,ASW,CE,Combined TRACON& Tower with Radar,20,39,53,0,112,0,5,26,3,34,20,44,79,3,146,0,0,0,146
03/29/2017,BTR,LA,ASW,CE,Combined TRACON& Tower with Radar,19,39,53,0,111,0,4,24,2,30,19,43,77,2,141,14,0,14,155
03/30/2017,BTR,LA,ASW,CE,Combined TRACON& Tower with Radar,19,36,60,10,125,0,0,16,0,16,19,36,76,10,141,0,0,0,141
03/31/2017,BTR,LA,ASW,CE,Combined TRACON& Tower with Radar,18,44,74,0,136,0,1,71,0,72,18,45,145,0,208,28,0,28,236
04/01/2017,BTR,LA,ASW,CE,Combined TRACON& Tower with Radar,12,28,33,2,75,0,4,62,5,71,12,32,95,7,146,4,0,4,150
04/02/2017,BTR,LA,ASW,CE,Combined TRACON& Tower with Radar,14,27,41,0,82,0,0,2,0,2,14,27,43,0,84,0,0,0,84
04/03/2017,BTR,LA,ASW,CE,Combined TRACON& Tower with Radar,17,28,34,9,88,0,0,31,0,31,17,28,65,9,119,10,4,14,133
04/04/2017,BTR,LA,ASW,CE,Combined TRACON& Tower with Radar,22,35,93,14,164,0,1,60,3,64,22,36,153,17,228,16,2,18,246
04/05/2017,BTR,LA,ASW,CE,Combined TRACON& Tower with Radar,16,39,72,12,139,0,4,21,2,27,16,43,93,14,166,18,12,30,196
04/06/2017,BTR,LA,ASW,CE,Combined TRACON& Tower with Radar,24,27,69,2,122,0,3,43,0,46,24,30,112,2,168,0,0,0,168
04/07/2017,BTR,LA,ASW,CE,Combined TRACON& Tower with Radar,20,40,59,2,121,0,3,52,0,55,20,43,111,2,176,22,0,22,198
04/08/2017,BTR,LA,ASW,CE,Combined TRACON& Tower with Radar,17,29,28,0,74,0,7,42,0,49,17,36,70,0,123,10,0,10,133
04/09/2017,BTR,LA,ASW,CE,Combined TRACON& Tower with Radar,22,30,33,1,86,0,0,33,0,33,22,30,66,1,119,0,0,0,119
04/10/2017,BTR,LA,ASW,CE,Combined TRACON& Tower with Radar,18,25,38,2,83,0,0,22,2,24,18,25,60,4,107,26,0,26,133
04/11/2017,BTR,LA,ASW,CE,Combined TRACON& Tower with Radar,22,31,53,0,106,1,0,21,0,22,23,31,74,0,128,0,0,0,128
04/12/2017,BTR,LA,ASW,CE,Combined TRACON& Tower with Radar,22,41,72,4,139,0,3,27,2,32,22,44,99,6,171,22,0,22,193
04/13/2017,BTR,LA,ASW,CE,Combined TRACON& Tower with Radar,22,45,75,0,142,0,2,46,6,54,22,47,121,6,196,2,0,2,198
04/14/2017,BTR,LA,ASW,CE,Combined TRACON& Tower with Radar,24,41,49,0,114,0,0,32,0,32,24,41,81,0,146,0,0,0,146
04/15/2017,BTR,LA,ASW,CE,Combined TRACON& Tower with Radar,22,17,29,0,68,0,1,19,0,20,22,18,48,0,88,8,0,8,96
04/16/2017,BTR,LA,ASW,CE,Combined TRACON& Tower with Radar,18,33,25,0,76,0,0,8,0,8,18,33,33,0,84,0,0,0,84
04/17/2017,BTR,LA,ASW,CE,Combined TRACON& Tower with Radar,24,37,66,12,139,0,0,13,4,17,24,37,79,16,156,0,0,0,156
04/18/2017,BTR,LA,ASW,CE,Combined TRACON& Tower with Radar,22,32,49,0,103,0,0,15,0,15,22,32,64,0,118,0,0,0,118
04/19/2017,BTR,LA,ASW,CE,Combined TRACON& Tower with Radar,20,38,80,8,146,0,4,50,0,54,20,42,130,8,200,20,20,40,240
04/20/2017,BTR,LA,ASW,CE,Combined TRACON& Tower with Radar,23,38,69,0,130,0,0,11,0,11,23,38,80,0,141,0,0,0,141
04/21/2017,BTR,LA,ASW,CE,Combined TRACON& Tower with Radar,22,39,91,0,152,0,0,49,0,49,22,39,140,0,201,0,0,0,201
04/22/2017,BTR,LA,ASW,CE,Combined TRACON& Tower with Radar,17,23,34,1,75,0,0,23,0,23,17,23,57,1,98,0,0,0,98
04/23/2017,BTR,LA,ASW,CE,Combined TRACON& Tower with Radar,20,34,51,7,112,0,0,21,0,21,20,34,72,7,133,10,0,10,143
04/24/2017,BTR,LA,ASW,CE,Combined TRACON& Tower with Radar,24,29,51,5,109,0,2,49,4,55,24,31,100,9,164,0,6,6,170
04/25/2017,BTR,LA,ASW,CE,Combined TRACON& Tower with Radar,23,34,56,2,115,0,0,67,0,67,23,34,123,2,182,28,0,28,210
04/26/2017,BTR,LA,ASW,CE,Combined TRACON& Tower with Radar,18,42,56,0,116,0,2,30,1,33,18,44,86,1,149,0,0,0,149
04/27/2017,BTR,LA,ASW,CE,Combined TRACON& Tower with Radar,25,33,78,7,143,0,2,52,0,54,25,35,130,7,197,2,0,2,199
04/28/2017,BTR,LA,ASW,CE,Combined TRACON& Tower with Radar,21,31,54,4,110,0,0,22,0,22,21,31,76,4,132,0,0,0,132
04/29/2017,BTR,LA,ASW,CE,Combined TRACON& Tower with Radar,21,22,25,0,68,0,0,2,2,4,21,22,27,2,72,0,0,0,72
04/30/2017,BTR,LA,ASW,CE,Combined TRACON& Tower with Radar,20,20,31,0,71,0,0,7,0,7,20,20,38,0,78,6,0,6,84
05/01/2017,BTR,LA,ASW,CE,Combined TRACON& Tower with Radar,25,35,66,12,138,0,2,49,0,51,25,37,115,12,189,24,0,24,213
05/02/2017,BTR,LA,ASW,CE,Combined TRACON& Tower with Radar,24,28,62,10,124,0,8,80,2,90,24,36,142,12,214,26,14,40,254
05/03/2017,BTR,LA,ASW,CE,Combined TRACON& Tower with Radar,20,35,34,0,89,0,0,10,0,10,20,35,44,0,99,0,0,0,99
05/04/2017,BTR,LA,ASW,CE,Combined TRACON& Tower with Radar,25,53,79,0,157,0,2,26,2,30,25,55,105,2,187,0,0,0,187
05/05/2017,BTR,LA,ASW,CE,Combined TRACON& Tower with Radar,26,33,49,0,108,0,4,30,0,34,26,37,79,0,142,16,0,16,158
05/06/2017,BTR,LA,ASW,CE,Combined TRACON& Tower with Radar,25,21,34,0,80,0,12,54,0,66,25,33,88,0,146,36,0,36,182
05/07/2017,BTR,LA,ASW,CE,Combined TRACON& Tower with Radar,28,30,42,0,100,0,0,54,0,54,28,30,96,0,154,24,0,24,178
05/08/2017,BTR,LA,ASW,CE,Combined TRACON& Tower with Radar,28,29,57,0,114,0,4,56,0,60,28,33,113,0,174,50,0,50,224
05/09/2017,BTR,LA,ASW,CE,Combined TRACON& Tower with Radar,33,31,55,0,119,0,0,54,0,54,33,31,109,0,173,6,0,6,179
05/10/2017,BTR,LA,ASW,CE,Combined TRACON& Tower with Radar,28,29,44,2,103,0,0,35,0,35,28,29,79,2,138,4,0,4,142
05/11/2017,BTR,LA,ASW,CE,Combined TRACON& Tower with Radar,29,33,67,2,131,0,1,36,4,41,29,34,103,6,172,0,0,0,172
05/12/2017,BTR,LA,ASW,CE,Combined TRACON& Tower with Radar,32,31,64,0,127,0,0,14,0,14,32,31,78,0,141,4,0,4,145
05/13/2017,BTR,LA,ASW,CE,Combined TRACON& Tower with Radar,24,20,36,0,80,0,0,44,0,44,24,20,80,0,124,14,0,14,138
05/14/2017,BTR,LA,ASW,CE,Combined TRACON& Tower with Radar,27,22,21,0,70,0,0,34,0,34,27,22,55,0,104,6,0,6,110
05/15/2017,BTR,LA,ASW,CE,Combined TRACON& Tower with Radar,33,23,56,0,112,0,4,33,0,37,33,27,89,0,149,0,0,0,149
05/16/2017,BTR,LA,ASW,CE,Combined TRACON& Tower with Radar,29,27,73,0,129,0,1,30,1,32,29,28,103,1,161,8,0,8,169
05/17/2017,BTR,LA,ASW,CE,Combined TRACON& Tower with Radar,28,32,86,0,146,0,6,37,0,43,28,38,123,0,189,0,0,0,189
05/18/2017,BTR,LA,ASW,CE,Combined TRACON& Tower with Radar,27,36,69,1,133,0,2,32,0,34,27,38,101,1,167,0,0,0,167
05/19/2017,BTR,LA,ASW,CE,Combined TRACON& Tower with Radar,30,28,43,0,101,0,2,19,0,21,30,30,62,0,122,16,0,16,138
05/20/2017,BTR,LA,ASW,CE,Combined TRACON& Tower with Radar,26,20,25,0,71,0,1,21,0,22,26,21,46,0,93,14,0,14,107
05/21/2017,BTR,LA,ASW,CE,Combined TRACON& Tower with Radar,29,16,34,0,79,0,0,6,0,6,29,16,40,0,85,2,0,2,87
05/22/2017,BTR,LA,ASW,CE,Combined TRACON& Tower with Radar,29,24,35,0,88,0,0,7,0,7,29,24,42,0,95,0,0,0,95
05/23/2017,BTR,LA,ASW,CE,Combined TRACON& Tower with Radar,34,31,38,9,112,0,0,29,0,29,34,31,67,9,141,0,0,0,141
05/24/2017,BTR,LA,ASW,CE,Combined TRACON& Tower with Radar,29,38,65,4,136,0,0,52,0,52,29,38,117,4,188,0,0,0,188
05/25/2017,BTR,LA,ASW,CE,Combined TRACON& Tower with Radar,30,34,77,4,145,0,4,45,0,49,30,38,122,4,194,0,0,0,194
05/26/2017,BTR,LA,ASW,CE,Combined TRACON& Tower with Radar,28,33,57,0,118,0,1,63,1,65,28,34,120,1,183,0,0,0,183
05/27/2017,BTR,LA,ASW,CE,Combined TRACON& Tower with Radar,23,18,27,0,68,0,0,31,2,33,23,18,58,2,101,0,0,0,101
05/28/2017,BTR,LA,ASW,CE,Combined TRACON& Tower with Radar,30,20,22,7,79,0,0,18,0,18,30,20,40,7,97,0,0,0,97
05/29/2017,BTR,LA,ASW,CE,Combined TRACON& Tower with Radar,26,32,24,0,82,0,0,10,0,10,26,32,34,0,92,0,0,0,92
05/30/2017,BTR,LA,ASW,CE,Combined TRACON& Tower with Radar,32,34,41,2,109,0,0,4,0,4,32,34,45,2,113,0,0,0,113
05/31/2017,BTR,LA,ASW,CE,Combined TRACON& Tower with Radar,29,30,47,0,106,0,0,14,0,14,29,30,61,0,120,30,0,30,150
06/01/2017,BTR,LA,ASW,CE,Combined TRACON& Tower with Radar,27,30,62,1,120,0,0,11,1,12,27,30,73,2,132,0,0,0,132
06/02/2017,BTR,LA,ASW,CE,Combined TRACON& Tower with Radar,22,33,44,0,99,0,2,21,0,23,22,35,65,0,122,0,0,0,122
06/03/2017,BTR,LA,ASW,CE,Combined TRACON& Tower with Radar,20,23,28,0,71,0,0,16,1,17,20,23,44,1,88,0,0,0,88
06/04/2017,BTR,LA,ASW,CE,Combined TRACON& Tower with Radar,26,20,33,6,85,0,0,24,1,25,26,20,57,7,110,24,0,24,134
06/05/2017,BTR,LA,ASW,CE,Combined TRACON& Tower with Radar,23,31,27,0,81,0,0,9,2,11,23,31,36,2,92,0,0,0,92
06/06/2017,BTR,LA,ASW,CE,Combined TRACON& Tower with Radar,26,28,45,0,99,0,0,9,0,9,26,28,54,0,108,8,0,8,116
06/07/2017,BTR,LA,ASW,CE,Combined TRACON& Tower with Radar,23,28,65,5,121,0,1,16,0,17,23,29,81,5,138,0,0,0,138
06/08/2017,BTR,LA,ASW,CE,Combined TRACON& Tower with Radar,23,34,66,2,125,0,3,41,3,47,23,37,107,5,172,4,0,4,176
06/09/2017,BTR,LA,ASW,CE,Combined TRACON& Tower with Radar,23,32,46,0,101,0,2,44,0,46,23,34,90,0,147,0,0,0,147
06/10/2017,BTR,LA,ASW,CE,Combined TRACON& Tower with Radar,18,20,51,0,89,0,0,37,0,37,18,20,88,0,126,0,0,0,126
06/11/2017,BTR,LA,ASW,CE,Combined TRACON& Tower with Radar,26,25,25,0,76,0,0,6,0,6,26,25,31,0,82,0,0,0,82
06/12/2017,BTR,LA,ASW,CE,Combined TRACON& Tower with Radar,22,34,30,0,86,0,0,5,0,5,22,34,35,0,91,0,0,0,91
06/13/2017,BTR,LA,ASW,CE,Combined TRACON& Tower with Radar,22,40,44,4,110,0,2,6,0,8,22,42,50,4,118,0,0,0,118
06/14/2017,BTR,LA,ASW,CE,Combined TRACON& Tower with Radar,24,34,65,1,124,0,0,35,1,36,24,34,100,2,160,6,0,6,166
06/15/2017,BTR,LA,ASW,CE,Combined TRACON& Tower with Radar,24,37,51,7,119,0,0,23,2,25,24,37,74,9,144,34,0,34,178
06/16/2017,BTR,LA,ASW,CE,Combined TRACON& Tower with Radar,21,40,56,0,117,0,2,39,0,41,21,42,95,0,158,0,0,0,158
06/17/2017,BTR,LA,ASW,CE,Combined TRACON& Tower with Radar,17,19,50,0,86,0,2,17,0,19,17,21,67,0,105,0,0,0,105
06/18/2017,BTR,LA,ASW,CE,Combined TRACON& Tower with Radar,18,36,34,0,88,0,0,7,0,7,18,36,41,0,95,0,0,0,95
06/19/2017,BTR,LA,ASW,CE,Combined TRACON& Tower with Radar,21,35,39,2,97,0,0,23,0,23,21,35,62,2,120,14,0,14,134
06/20/2017,BTR,LA,ASW,CE,Combined TRACON& Tower with Radar,20,34,39,4,97,0,2,9,0,11,20,36,48,4,108,0,0,0,108
06/21/2017,BTR,LA,ASW,CE,Combined TRACON& Tower with Radar,22,39,26,0,87,0,0,6,0,6,22,39,32,0,93,0,0,0,93
06/22/2017,BTR,LA,ASW,CE,Combined TRACON& Tower with Radar,22,28,17,0,67,0,2,6,2,10,22,30,23,2,77,0,0,0,77
06/23/2017,BTR,LA,ASW,CE,Combined TRACON& Tower with Radar,23,30,46,0,99,0,0,3,0,3,23,30,49,0,102,0,0,0,102
06/24/2017,BTR,LA,ASW,CE,Combined TRACON& Tower with Radar,21,21,25,0,67,0,0,8,0,8,21,21,33,0,75,2,0,2,77
06/25/2017,BTR,LA,ASW,CE,Combined TRACON& Tower with Radar,28,28,26,0,82,0,5,10,0,15,28,33,36,0,97,8,0,8,105
06/26/2017,BTR,LA,ASW,CE,Combined TRACON& Tower with Radar,22,33,55,0,110,0,0,37,0,37,22,33,92,0,147,16,0,16,163
06/27/2017,BTR,LA,ASW,CE,Combined TRACON& Tower with Radar,22,31,58,0,111,0,2,28,1,31,22,33,86,1,142,0,0,0,142
06/28/2017,BTR,LA,ASW,CE,Combined TRACON& Tower with Radar,21,33,62,2,118,0,0,12,0,12,21,33,74,2,130,8,0,8,138
06/29/2017,BTR,LA,ASW,CE,Combined TRACON& Tower with Radar,25,38,55,0,118,0,0,1,0,1,25,38,56,0,119,0,0,0,119
06/30/2017,BTR,LA,ASW,CE,Combined TRACON& Tower with Radar,25,34,51,9,119,0,2,18,0,20,25,36,69,9,139,12,0,12,151
07/01/2017,BTR,LA,ASW,CE,Combined TRACON& Tower with Radar,17,21,29,0,67,0,0,21,0,21,17,21,50,0,88,6,0,6,94
07/02/2017,BTR,LA,ASW,CE,Combined TRACON& Tower with Radar,24,15,13,0,52,0,0,6,0,6,24,15,19,0,58,0,0,0,58
07/03/2017,BTR,LA,ASW,CE,Combined TRACON& Tower with Radar,22,18,17,0,57,0,0,19,0,19,22,18,36,0,76,6,0,6,82
07/04/2017,BTR,LA,ASW,CE,Combined TRACON& Tower with Radar,25,14,21,0,60,0,2,18,0,20,25,16,39,0,80,0,0,0,80
07/05/2017,BTR,LA,ASW,CE,Combined TRACON& Tower with Radar,26,24,42,5,97,0,3,34,1,38,26,27,76,6,135,8,0,8,143
07/06/2017,BTR,LA,ASW,CE,Combined TRACON& Tower with Radar,34,25,40,1,100,0,3,36,4,43,34,28,76,5,143,24,0,24,167
07/07/2017,BTR,LA,ASW,CE,Combined TRACON& Tower with Radar,31,15,48,0,94,0,2,31,0,33,31,17,79,0,127,0,0,0,127
07/08/2017,BTR,LA,ASW,CE,Combined TRACON& Tower with Radar,20,18,49,0,87,0,4,18,0,22,20,22,67,0,109,2,0,2,111
07/09/2017,BTR,LA,ASW,CE,Combined TRACON& Tower with Radar,29,23,37,0,89,0,0,24,0,24,29,23,61,0,113,0,0,0,113
07/10/2017,BTR,LA,ASW,CE,Combined TRACON& Tower with Radar,34,23,48,0,105,0,0,34,0,34,34,23,82,0,139,9,0,9,148
07/11/2017,BTR,LA,ASW,CE,Combined TRACON& Tower with Radar,34,22,34,0,90,0,0,23,0,23,34,22,57,0,113,0,0,0,113
07/12/2017,BTR,LA,ASW,CE,Combined TRACON& Tower with Radar,30,31,59,0,120,0,2,48,0,50,30,33,107,0,170,22,0,22,192
07/13/2017,BTR,LA,ASW,CE,Combined TRACON& Tower with Radar,34,24,42,0,100,0,4,31,0,35,34,28,73,0,135,0,0,0,135
07/14/2017,BTR,LA,ASW,CE,Combined TRACON& Tower with Radar,34,25,59,0,118,0,2,17,0,19,34,27,76,0,137,0,0,0,137
07/15/2017,BTR,LA,ASW,CE,Combined TRACON& Tower with Radar,24,18,23,0,65,0,3,30,0,33,24,21,53,0,98,20,0,20,118
07/16/2017,BTR,LA,ASW,CE,Combined TRACON& Tower with Radar,32,17,35,0,84,0,1,16,3,20,32,18,51,3,104,18,0,18,122
07/17/2017,BTR,LA,ASW,CE,Combined TRACON& Tower with Radar,30,23,49,1,103,0,0,22,1,23,30,23,71,2,126,33,0,33,159
07/18/2017,BTR,LA,ASW,CE,Combined TRACON& Tower with Radar,34,27,54,6,121,0,0,32,0,32,34,27,86,6,153,22,0,22,175
07/19/2017,BTR,LA,ASW,CE,Combined TRACON& Tower with Radar,29,32,75,2,138,0,2,36,4,42,29,34,111,6,180,4,0,4,184
07/20/2017,BTR,LA,ASW,CE,Combined TRACON& Tower with Radar,32,24,55,5,116,0,2,30,4,36,32,26,85,9,152,29,0,29,181
07/21/2017,BTR,LA,ASW,CE,Combined TRACON& Tower with Radar,31,25,46,0,102,0,4,29,0,33,31,29,75,0,135,10,0,10,145
07/22/2017,BTR,LA,ASW,CE,Combined TRACON& Tower with Radar,22,22,26,0,70,0,16,15,0,31,22,38,41,0,101,6,0,6,107
07/23/2017,BTR,LA,ASW,CE,Combined TRACON& Tower with Radar,30,21,31,0,82,0,0,15,0,15,30,21,46,0,97,0,0,0,97
07/24/2017,BTR,LA,ASW,CE,Combined TRACON& Tower with Radar,35,22,43,4,104,0,0,12,0,12,35,22,55,4,116,0,0,0,116
07/25/2017,BTR,LA,ASW,CE,Combined TRACON& Tower with Radar,33,26,40,2,101,0,0,17,0,17,33,26,57,2,118,2,0,2,120
07/26/2017,BTR,LA,ASW,CE,Combined TRACON& Tower with Radar,28,24,58,0,110,0,3,32,0,35,28,27,90,0,145,0,0,0,145
07/27/2017,BTR,LA,ASW,CE,Combined TRACON& Tower with Radar,32,21,61,10,124,0,2,38,0,40,32,23,99,10,164,4,0,4,168
07/28/2017,BTR,LA,ASW,CE,Combined TRACON& Tower with Radar,32,26,43,0,101,0,3,37,0,40,32,29,80,0,141,4,0,4,145
07/29/2017,BTR,LA,ASW,CE,Combined TRACON& Tower with Radar,24,15,12,0,51,0,0,5,0,5,24,15,17,0,56,3,0,3,59
07/30/2017,BTR,LA,ASW,CE,Combined TRACON& Tower with Radar,30,20,37,0,87,0,0,41,0,41,30,20,78,0,128,8,0,8,136
07/31/2017,BTR,LA,ASW,CE,Combined TRACON& Tower with Radar,31,29,43,6,109,0,2,33,0,35,31,31,76,6,144,18,0,18,162
08/01/2017,BTR,LA,ASW,CE,Combined TRACON& Tower with Radar,31,21,57,7,116,0,0,31,3,34,31,21,88,10,150,12,0,12,162
08/02/2017,BTR,LA,ASW,CE,Combined TRACON& Tower with Radar,28,23,64,0,115,0,1,25,0,26,28,24,89,0,141,0,0,0,141
08/03/2017,BTR,LA,ASW,CE,Combined TRACON& Tower with Radar,31,22,41,12,106,0,0,7,0,7,31,22,48,12,113,0,0,0,113
08/04/2017,BTR,LA,ASW,CE,Combined TRACON& Tower with Radar,30,23,59,0,112,0,2,21,0,23,30,25,80,0,135,2,0,2,137
08/05/2017,BTR,LA,ASW,CE,Combined TRACON& Tower with Radar,23,15,17,2,57,0,0,14,0,14,23,15,31,2,71,8,0,8,79
08/06/2017,BTR,LA,ASW,CE,Combined TRACON& Tower with Radar,32,19,33,0,84,0,0,8,0,8,32,19,41,0,92,0,0,0,92
08/07/2017,BTR,LA,ASW,CE,Combined TRACON& Tower with Radar,30,25,29,0,84,0,0,16,0,16,30,25,45,0,100,48,0,48,148
08/08/2017,BTR,LA,ASW,CE,Combined TRACON& Tower with Radar,30,23,66,0,119,0,0,16,0,16,30,23,82,0,135,23,0,23,158
08/09/2017,BTR,LA,ASW,CE,Combined TRACON& Tower with Radar,29,22,34,5,90,0,0,44,0,44,29,22,78,5,134,31,0,31,165
08/10/2017,BTR,LA,ASW,CE,Combined TRACON& Tower with Radar,32,29,36,0,97,0,0,38,8,46,32,29,74,8,143,50,0,50,193
08/11/2017,BTR,LA,ASW,CE,Combined TRACON& Tower with Radar,31,22,48,1,102,0,0,48,0,48,31,22,96,1,150,21,0,21,171
08/12/2017,BTR,LA,ASW,CE,Combined TRACON& Tower with Radar,26,12,28,2,68,0,0,37,0,37,26,12,65,2,105,8,0,8,113
08/13/2017,BTR,LA,ASW,CE,Combined TRACON& Tower with Radar,34,10,26,1,71,0,0,23,0,23,34,10,49,1,94,16,0,16,110
08/14/2017,BTR,LA,ASW,CE,Combined TRACON& Tower with Radar,32,21,55,0,108,0,0,30,0,30,32,21,85,0,138,2,0,2,140
08/15/2017,BTR,LA,ASW,CE,Combined TRACON& Tower with Radar,39,20,70,0,129,0,0,22,0,22,39,20,92,0,151,21,0,21,172
08/16/2017,BTR,LA,ASW,CE,Combined TRACON& Tower with Radar,40,14,69,1,124,0,0,35,1,36,40,14,104,2,160,18,0,18,178
08/17/2017,BTR,LA,ASW,CE,Combined TRACON& Tower with Radar,41,11,64,6,122,0,1,47,2,50,41,12,111,8,172,9,0,9,181
08/18/2017,BTR,LA,ASW,CE,Combined TRACON& Tower with Radar,39,16,65,0,120,0,0,50,4,54,39,16,115,4,174,12,0,12,186
08/19/2017,BTR,LA,ASW,CE,Combined TRACON& Tower with Radar,28,9,46,4,87,0,0,33,0,33,28,9,79,4,120,9,0,9,129
08/20/2017,BTR,LA,ASW,CE,Combined TRACON& Tower with Radar,35,17,55,0,107,0,1,27,1,29,35,18,82,1,136,30,6,36,172
08/21/2017,BTR,LA,ASW,CE,Combined TRACON& Tower with Radar,37,18,63,0,118,0,2,22,0,24,37,20,85,0,142,18,0,18,160
08/22/2017,BTR,LA,ASW,CE,Combined TRACON& Tower with Radar,35,23,49,2,109,0,0,28,2,30,35,23,77,4,139,24,0,24,163
08/23/2017,BTR,LA,ASW,CE,Combined TRACON& Tower with Radar,38,18,60,2,118,0,0,41,1,42,38,18,101,3,160,14,0,14,174
08/24/2017,BTR,LA,ASW,CE,Combined TRACON& Tower with Radar,36,17,55,0,108,0,0,27,3,30,36,17,82,3,138,49,0,49,187
08/25/2017,BTR,LA,ASW,CE,Combined TRACON& Tower with Radar,38,18,47,1,104,0,0,28,1,29,38,18,75,2,133,44,0,44,177
08/26/2017,BTR,LA,ASW,CE,Combined TRACON& Tower with Radar,24,11,10,0,45,0,0,21,0,21,24,11,31,0,66,10,0,10,76
08/27/2017,BTR,LA,ASW,CE,Combined TRACON& Tower with Radar,20,14,18,0,52,0,0,3,0,3,20,14,21,0,55,8,0,8,63
08/28/2017,BTR,LA,ASW,CE,Combined TRACON& Tower with Radar,27,15,16,2,60,0,0,1,0,1,27,15,17,2,61,0,0,0,61
08/29/2017,BTR,LA,ASW,CE,Combined TRACON& Tower with Radar,28,13,19,0,60,0,0,2,4,6,28,13,21,4,66,2,0,2,68
08/30/2017,BTR,LA,ASW,CE,Combined TRACON& Tower with Radar,25,17,27,1,70,0,0,3,6,9,25,17,30,7,79,0,0,0,79
08/31/2017,BTR,LA,ASW,CE,Combined TRACON& Tower with Radar,24,21,39,1,85,0,0,34,3,37,24,21,73,4,122,0,0,0,122
09/01/2017,BTR,LA,ASW,CE,Combined TRACON& Tower with Radar,33,20,96,0,149,0,0,57,1,58,33,20,153,1,207,32,0,32,239
09/02/2017,BTR,LA,ASW,CE,Combined TRACON& Tower with Radar,27,18,33,2,80,0,0,35,2,37,27,18,68,4,117,40,0,40,157
09/03/2017,BTR,LA,ASW,CE,Combined TRACON& Tower with Radar,18,8,20,0,46,0,0,27,0,27,18,8,47,0,73,0,0,0,73
09/04/2017,BTR,LA,ASW,CE,Combined TRACON& Tower with Radar,28,24,48,0,100,0,0,36,0,36,28,24,84,0,136,30,0,30,166
09/05/2017,BTR,LA,ASW,CE,Combined TRACON& Tower with Radar,30,20,55,0,105,0,0,33,0,33,30,20,88,0,138,12,0,12,150
09/06/2017,BTR,LA,ASW,CE,Combined TRACON& Tower with Radar,27,21,66,2,116,0,0,45,0,45,27,21,111,2,161,37,0,37,198
09/07/2017,BTR,LA,ASW,CE,Combined TRACON& Tower with Radar,31,18,61,0,110,0,0,69,1,70,31,18,130,1,180,46,0,46,226
09/08/2017,BTR,LA,ASW,CE,Combined TRACON& Tower with Radar,37,21,56,2,116,0,0,57,6,63,37,21,113,8,179,0,0,0,179
09/09/2017,BTR,LA,ASW,CE,Combined TRACON& Tower with Radar,29,16,33,0,78,0,0,52,0,52,29,16,85,0,130,6,0,6,136
09/10/2017,BTR,LA,ASW,CE,Combined TRACON& Tower with Radar,25,25,55,5,110,0,0,43,1,44,25,25,98,6,154,0,0,0,154
09/11/2017,BTR,LA,ASW,CE,Combined TRACON& Tower with Radar,20,14,48,0,82,0,3,34,11,48,20,17,82,11,130,0,0,0,130
09/12/2017,BTR,LA,ASW,CE,Combined TRACON& Tower with Radar,34,32,78,4,148,0,2,58,6,66,34,34,136,10,214,0,0,0,214
09/13/2017,BTR,LA,ASW,CE,Combined TRACON& Tower with Radar,32,28,106,15,181,0,0,63,1,64,32,28,169,16,245,64,0,64,309
09/14/2017,BTR,LA,ASW,CE,Combined TRACON& Tower with Radar,27,26,61,0,114,0,2,80,1,83,27,28,141,1,197,40,0,40,237
09/15/2017,BTR,LA,ASW,CE,Combined TRACON& Tower with Radar,32,30,64,4,130,0,0,46,0,46,32,30,110,4,176,7,0,7,183
09/16/2017,BTR,LA,ASW,CE,Combined TRACON& Tower with Radar,27,16,45,0,88,0,0,20,0,20,27,16,65,0,108,0,0,0,108
09/17/2017,BTR,LA,ASW,CE,Combined TRACON& Tower with Radar,27,30,34,0,91,0,0,19,0,19,27,30,53,0,110,0,0,0,110
09/18/2017,BTR,LA,ASW,CE,Combined TRACON& Tower with Radar,33,22,50,1,106,0,1,39,2,42,33,23,89,3,148,60,0,60,208
09/19/2017,BTR,LA,ASW,CE,Combined TRACON& Tower with Radar,32,20,56,7,115,0,0,48,2,50,32,20,104,9,165,30,0,30,195
09/20/2017,BTR,LA,ASW,CE,Combined TRACON& Tower with Radar,36,21,55,0,112,0,0,76,0,76,36,21,131,0,188,36,0,36,224
09/21/2017,BTR,LA,ASW,CE,Combined TRACON& Tower with Radar,33,19,73,4,129,0,0,57,4,61,33,19,130,8,190,4,0,4,194
09/22/2017,BTR,LA,ASW,CE,Combined TRACON& Tower with Radar,32,28,68,0,128,0,4,64,0,68,32,32,132,0,196,39,0,39,235
09/23/2017,BTR,LA,ASW,CE,Combined TRACON& Tower with Radar,28,20,56,0,104,0,0,45,0,45,28,20,101,0,149,14,0,14,163
09/24/2017,BTR,LA,ASW,CE,Combined TRACON& Tower with Radar,29,20,56,0,105,0,0,44,0,44,29,20,100,0,149,44,0,44,193
09/25/2017,BTR,LA,ASW,CE,Combined TRACON& Tower with Radar,30,21,28,0,79,0,2,50,2,54,30,23,78,2,133,1,0,1,134
09/26/2017,BTR,LA,ASW,CE,Combined TRACON& Tower with Radar,32,27,58,1,118,0,4,58,1,63,32,31,116,2,181,22,0,22,203
09/27/2017,BTR,LA,ASW,CE,Combined TRACON& Tower with Radar,32,24,60,0,116,0,0,50,0,50,32,24,110,0,166,11,0,11,177
09/28/2017,BTR,LA,ASW,CE,Combined TRACON& Tower with Radar,31,22,51,0,104,0,0,56,0,56,31,22,107,0,160,10,0,10,170
09/29/2017,BTR,LA,ASW,CE,Combined TRACON& Tower with Radar,31,25,79,0,135,0,2,53,0,55,31,27,132,0,190,12,0,12,202
09/30/2017,BTR,LA,ASW,CE,Combined TRACON& Tower with Radar,27,21,29,0,77,0,0,79,0,79,27,21,108,0,156,30,0,30,186
10/01/2017,BTR,LA,ASW,CE,Combined TRACON& Tower with Radar,28,24,47,6,105,0,0,25,0,25,28,24,72,6,130,17,0,17,147
10/02/2017,BTR,LA,ASW,CE,Combined TRACON& Tower with Radar,30,23,47,6,106,0,0,5,0,5,30,23,52,6,111,2,0,2,113
10/03/2017,BTR,LA,ASW,CE,Combined TRACON& Tower with Radar,27,28,49,0,104,0,0,30,0,30,27,28,79,0,134,26,0,26,160
10/04/2017,BTR,LA,ASW,CE,Combined TRACON& Tower with Radar,30,29,67,4,130,0,0,68,0,68,30,29,135,4,198,78,0,78,276
10/05/2017,BTR,LA,ASW,CE,Combined TRACON& Tower with Radar,30,27,45,0,102,0,0,64,2,66,30,27,109,2,168,20,0,20,188
10/06/2017,BTR,LA,ASW,CE,Combined TRACON& Tower with Radar,32,28,44,0,104,0,2,71,0,73,32,30,115,0,177,2,0,2,179
10/07/2017,BTR,LA,ASW,CE,Combined TRACON& Tower with Radar,26,16,21,0,63,0,0,2,1,3,26,16,23,1,66,22,0,22,88
10/08/2017,BTR,LA,ASW,CE,Combined TRACON& Tower with Radar,28,15,24,0,67,0,0,23,0,23,28,15,47,0,90,0,0,0,90
10/09/2017,BTR,LA,ASW,CE,Combined TRACON& Tower with Radar,29,29,41,0,99,0,0,25,0,25,29,29,66,0,124,0,0,0,124
10/10/2017,BTR,LA,ASW,CE,Combined TRACON& Tower with Radar,29,39,49,0,117,0,2,22,0,24,29,41,71,0,141,36,0,36,177
10/11/2017,BTR,LA,ASW,CE,Combined TRACON& Tower with Radar,30,28,55,0,113,0,3,65,0,68,30,31,120,0,181,58,0,58,239
10/12/2017,BTR,LA,ASW,CE,Combined TRACON& Tower with Radar,31,29,71,3,134,0,3,61,0,64,31,32,132,3,198,38,0,38,236
10/13/2017,BTR,LA,ASW,CE,Combined TRACON& Tower with Radar,34,29,68,0,131,0,0,79,0,79,34,29,147,0,210,12,0,12,222
10/14/2017,BTR,LA,ASW,CE,Combined TRACON& Tower with Radar,29,40,85,0,154,0,0,64,2,66,29,40,149,2,220,26,0,26,246
10/15/2017,BTR,LA,ASW,CE,Combined TRACON& Tower with Radar,32,33,69,0,134,0,0,35,0,35,32,33,104,0,169,18,0,18,187
10/16/2017,BTR,LA,ASW,CE,Combined TRACON& Tower with Radar,30,23,37,0,90,0,0,36,0,36,30,23,73,0,126,16,0,16,142
10/17/2017,BTR,LA,ASW,CE,Combined TRACON& Tower with Radar,29,26,73,0,128,0,0,38,4,42,29,26,111,4,170,0,0,0,170
10/18/2017,BTR,LA,ASW,CE,Combined TRACON& Tower with Radar,35,27,70,0,132,0,0,42,0,42,35,27,112,0,174,4,0,4,178
10/19/2017,BTR,LA,ASW,CE,Combined TRACON& Tower with Radar,31,23,74,4,132,0,1,60,2,63,31,24,134,6,195,33,0,33,228
10/20/2017,BTR,LA,ASW,CE,Combined TRACON& Tower with Radar,30,25,63,0,118,0,2,33,0,35,30,27,96,0,153,0,0,0,153
10/21/2017,BTR,LA,ASW,CE,Combined TRACON& Tower with Radar,30,11,31,0,72,0,0,24,0,24,30,11,55,0,96,0,0,0,96
10/22/2017,BTR,LA,ASW,CE,Combined TRACON& Tower with Radar,30,21,25,0,76,0,0,4,0,4,30,21,29,0,80,0,0,0,80
10/23/2017,BTR,LA,ASW,CE,Combined TRACON& Tower with Radar,33,21,44,2,100,0,0,41,0,41,33,21,85,2,141,0,0,0,141
10/24/2017,BTR,LA,ASW,CE,Combined TRACON& Tower with Radar,27,25,40,0,92,0,2,43,2,47,27,27,83,2,139,0,0,0,139
10/25/2017,BTR,LA,ASW,CE,Combined TRACON& Tower with Radar,31,33,64,2,130,0,2,43,5,50,31,35,107,7,180,2,2,4,184
10/26/2017,BTR,LA,ASW,CE,Combined TRACON& Tower with Radar,31,29,51,4,115,0,2,51,0,53,31,31,102,4,168,0,0,0,168
10/27/2017,BTR,LA,ASW,CE,Combined TRACON& Tower with Radar,31,24,55,0,110,0,2,32,0,34,31,26,87,0,144,14,0,14,158
10/28/2017,BTR,LA,ASW,CE,Combined TRACON& Tower with Radar,26,17,12,0,55,0,0,40,0,40,26,17,52,0,95,0,0,0,95
10/29/2017,BTR,LA,ASW,CE,Combined TRACON& Tower with Radar,30,12,55,2,99,0,0,24,2,26,30,12,79,4,125,6,0,6,131
10/30/2017,BTR,LA,ASW,CE,Combined TRACON& Tower with Radar,40,16,45,0,101,0,1,43,1,45,40,17,88,1,146,14,0,14,160
10/31/2017,BTR,LA,ASW,CE,Combined TRACON& Tower with Radar,35,20,35,6,96,0,2,48,3,53,35,22,83,9,149,2,0,2,151
11/01/2017,BTR,LA,ASW,CE,Combined TRACON& Tower with Radar,34,18,57,0,109,0,0,14,0,14,34,18,71,0,123,8,0,8,131
11/02/2017,BTR,LA,ASW,CE,Combined TRACON& Tower with Radar,36,21,70,13,140,0,0,27,4,31,36,21,97,17,171,9,0,9,180
11/03/2017,BTR,LA,ASW,CE,Combined TRACON& Tower with Radar,39,20,50,2,111,0,0,46,3,49,39,20,96,5,160,0,0,0,160
11/04/2017,BTR,LA,ASW,CE,Combined TRACON& Tower with Radar,32,11,36,0,79,0,0,36,0,36,32,11,72,0,115,40,0,40,155
11/05/2017,BTR,LA,ASW,CE,Combined TRACON& Tower with Radar,32,9,33,0,74,0,0,31,0,31,32,9,64,0,105,26,0,26,131
11/06/2017,BTR,LA,ASW,CE,Combined TRACON& Tower with Radar,36,11,40,2,89,0,0,27,1,28,36,11,67,3,117,23,0,23,140
11/07/2017,BTR,LA,ASW,CE,Combined TRACON& Tower with Radar,37,20,64,1,122,0,0,23,2,25,37,20,87,3,147,8,0,8,155
11/08/2017,BTR,LA,ASW,CE,Combined TRACON& Tower with Radar,34,14,44,0,92,0,0,8,0,8,34,14,52,0,100,0,0,0,100
11/09/2017,BTR,LA,ASW,CE,Combined TRACON& Tower with Radar,39,21,87,4,151,0,0,10,2,12,39,21,97,6,163,4,0,4,167
11/10/2017,BTR,LA,ASW,CE,Combined TRACON& Tower with Radar,35,28,86,0,149,0,0,85,0,85,35,28,171,0,234,53,0,53,287
11/11/2017,BTR,LA,ASW,CE,Combined TRACON& Tower with Radar,32,15,77,0,124,0,2,38,0,40,32,17,115,0,164,10,0,10,174
11/12/2017,BTR,LA,ASW,CE,Combined TRACON& Tower with Radar,36,21,60,0,117,0,1,42,1,44,36,22,102,1,161,36,0,36,197
11/13/2017,BTR,LA,ASW,CE,Combined TRACON& Tower with Radar,37,19,29,0,85,0,2,41,0,43,37,21,70,0,128,16,0,16,144
11/14/2017,BTR,LA,ASW,CE,Combined TRACON& Tower with Radar,35,20,56,2,113,0,0,40,0,40,35,20,96,2,153,8,0,8,161
11/15/2017,BTR,LA,ASW,CE,Combined TRACON& Tower with Radar,43,20,79,5,147,0,0,49,0,49,43,20,128,5,196,40,0,40,236
11/16/2017,BTR,LA,ASW,CE,Combined TRACON& Tower with Radar,38,44,71,2,155,0,0,35,0,35,38,44,106,2,190,42,0,42,232
11/17/2017,BTR,LA,ASW,CE,Combined TRACON& Tower with Radar,40,18,84,2,144,0,2,48,0,50,40,20,132,2,194,36,0,36,230
11/18/2017,BTR,LA,ASW,CE,Combined TRACON& Tower with Radar,31,9,18,0,58,0,0,17,0,17,31,9,35,0,75,10,0,10,85
11/19/2017,BTR,LA,ASW,CE,Combined TRACON& Tower with Radar,35,21,57,0,113,0,0,37,0,37,35,21,94,0,150,10,0,10,160
11/20/2017,BTR,LA,ASW,CE,Combined TRACON& Tower with Radar,34,20,49,0,103,0,0,51,0,51,34,20,100,0,154,21,0,21,175
11/21/2017,BTR,LA,ASW,CE,Combined TRACON& Tower with Radar,36,23,54,2,115,0,2,14,2,18,36,25,68,4,133,0,6,6,139
11/22/2017,BTR,LA,ASW,CE,Combined TRACON& Tower with Radar,33,23,49,0,105,0,0,46,2,48,33,23,95,2,153,8,0,8,161
11/23/2017,BTR,LA,ASW,CE,Combined TRACON& Tower with Radar,15,9,15,0,39,0,1,16,0,17,15,10,31,0,56,0,0,0,56
11/24/2017,BTR,LA,ASW,CE,Combined TRACON& Tower with Radar,28,12,46,0,86,0,0,59,0,59,28,12,105,0,145,42,0,42,187
11/25/2017,BTR,LA,ASW,CE,Combined TRACON& Tower with Radar,29,37,84,0,150,0,3,52,0,55,29,40,136,0,205,6,0,6,211
11/26/2017,BTR,LA,ASW,CE,Combined TRACON& Tower with Radar,31,25,74,0,130,0,0,42,0,42,31,25,116,0,172,2,0,2,174
11/27/2017,BTR,LA,ASW,CE,Combined TRACON& Tower with Radar,37,17,43,2,99,0,2,36,0,38,37,19,79,2,137,0,0,0,137
11/28/2017,BTR,LA,ASW,CE,Combined TRACON& Tower with Radar,32,16,71,7,126,0,1,29,0,30,32,17,100,7,156,0,0,0,156
11/29/2017,BTR,LA,ASW,CE,Combined TRACON& Tower with Radar,33,23,73,0,129,0,3,25,0,28,33,26,98,0,157,4,0,4,161
11/30/2017,BTR,LA,ASW,CE,Combined TRACON& Tower with Radar,36,19,54,0,109,0,4,28,2,34,36,23,82,2,143,20,0,20,163
12/01/2017,BTR,LA,ASW,CE,Combined TRACON& Tower with Radar,35,25,56,0,116,0,0,53,0,53,35,25,109,0,169,86,0,86,255
12/02/2017,BTR,LA,ASW,CE,Combined TRACON& Tower with Radar,32,12,40,4,88,0,1,12,0,13,32,13,52,4,101,18,0,18,119
12/03/2017,BTR,LA,ASW,CE,Combined TRACON& Tower with Radar,34,14,34,0,82,0,1,28,0,29,34,15,62,0,111,12,0,12,123
12/04/2017,BTR,LA,ASW,CE,Combined TRACON& Tower with Radar,40,13,57,6,116,0,0,13,0,13,40,13,70,6,129,0,0,0,129
12/05/2017,BTR,LA,ASW,CE,Combined TRACON& Tower with Radar,22,14,29,0,65,0,0,1,0,1,22,14,30,0,66,34,0,34,100
12/06/2017,BTR,LA,ASW,CE,Combined TRACON& Tower with Radar,33,29,43,2,107,0,0,3,0,3,33,29,46,2,110,2,0,2,112
12/07/2017,BTR,LA,ASW,CE,Combined TRACON& Tower with Radar,33,27,57,0,117,0,0,4,2,6,33,27,61,2,123,0,0,0,123
12/08/2017,BTR,LA,ASW,CE,Combined TRACON& Tower with Radar,28,10,32,0,70,0,0,5,0,5,28,10,37,0,75,0,0,0,75
12/09/2017,BTR,LA,ASW,CE,Combined TRACON& Tower with Radar,30,5,36,0,71,0,3,21,1,25,30,8,57,1,96,0,0,0,96
12/10/2017,BTR,LA,ASW,CE,Combined TRACON& Tower with Radar,34,11,41,0,86,0,0,33,0,33,34,11,74,0,119,0,0,0,119
12/11/2017,BTR,LA,ASW,CE,Combined TRACON& Tower with Radar,41,16,45,8,110,0,0,33,2,35,41,16,78,10,145,4,0,4,149
12/12/2017,BTR,LA,ASW,CE,Combined TRACON& Tower with Radar,33,12,72,10,127,0,0,37,2,39,33,12,109,12,166,0,0,0,166
12/13/2017,BTR,LA,ASW,CE,Combined TRACON& Tower with Radar,31,18,64,0,113,0,1,42,0,43,31,19,106,0,156,0,0,0,156
12/14/2017,BTR,LA,ASW,CE,Combined TRACON& Tower with Radar,35,22,85,0,142,0,2,67,0,69,35,24,152,0,211,0,0,0,211
12/15/2017,BTR,LA,ASW,CE,Combined TRACON& Tower with Radar,34,21,51,0,106,0,0,32,0,32,34,21,83,0,138,24,0,24,162
12/16/2017,BTR,LA,ASW,CE,Combined TRACON& Tower with Radar,31,11,24,0,66,0,0,31,0,31,31,11,55,0,97,7,0,7,104
12/17/2017,BTR,LA,ASW,CE,Combined TRACON& Tower with Radar,34,8,21,0,63,0,0,0,0,0,34,8,21,0,63,0,0,0,63
12/18/2017,BTR,LA,ASW,CE,Combined TRACON& Tower with Radar,33,18,49,0,100,0,0,0,0,0,33,18,49,0,100,0,0,0,100
12/19/2017,BTR,LA,ASW,CE,Combined TRACON& Tower with Radar,33,28,43,0,104,0,0,0,0,0,33,28,43,0,104,0,0,0,104
12/20/2017,BTR,LA,ASW,CE,Combined TRACON& Tower with Radar,34,20,57,0,111,0,3,53,0,56,34,23,110,0,167,45,0,45,212
12/21/2017,BTR,LA,ASW,CE,Combined TRACON& Tower with Radar,27,20,61,0,108,0,1,29,0,30,27,21,90,0,138,32,0,32,170
12/22/2017,BTR,LA,ASW,CE,Combined TRACON& Tower with Radar,30,21,32,0,83,0,0,19,0,19,30,21,51,0,102,10,0,10,112
12/23/2017,BTR,LA,ASW,CE,Combined TRACON& Tower with Radar,23,19,34,0,76,0,0,18,0,18,23,19,52,0,94,34,0,34,128
12/24/2017,BTR,LA,ASW,CE,Combined TRACON& Tower with Radar,21,14,12,0,47,0,0,5,0,5,21,14,17,0,52,0,0,0,52
12/25/2017,BTR,LA,ASW,CE,Combined TRACON& Tower with Radar,24,7,4,0,35,0,0,12,0,12,24,7,16,0,47,0,0,0,47
12/26/2017,BTR,LA,ASW,CE,Combined TRACON& Tower with Radar,28,22,33,0,83,0,0,6,0,6,28,22,39,0,89,0,0,0,89
12/27/2017,BTR,LA,ASW,CE,Combined TRACON& Tower with Radar,26,26,35,3,90,0,0,0,0,0,26,26,35,3,90,0,0,0,90
12/28/2017,BTR,LA,ASW,CE,Combined TRACON& Tower with Radar,31,27,41,0,99,0,0,16,0,16,31,27,57,0,115,6,0,6,121
12/29/2017,BTR,LA,ASW,CE,Combined TRACON& Tower with Radar,27,22,44,0,93,0,0,47,0,47,27,22,91,0,140,0,0,0,140
12/30/2017,BTR,LA,ASW,CE,Combined TRACON& Tower with Radar,25,18,44,0,87,0,0,30,0,30,25,18,74,0,117,0,0,0,117
12/31/2017,BTR,LA,ASW,CE,Combined TRACON& Tower with Radar,22,10,17,0,49,0,0,2,0,2,22,10,19,0,51,0,0,0,51
01/01/2018,BTR,LA,ASW,CE,Combined TRACON& Tower with Radar,24,13,21,0,58,0,0,9,0,9,24,13,30,0,67,24,0,24,91
01/02/2018,BTR,LA,ASW,CE,Combined TRACON& Tower with Radar,34,24,34,5,97,0,1,17,0,18,34,25,51,5,115,0,0,0,115
01/03/2018,BTR,LA,ASW,CE,Combined TRACON& Tower with Radar,32,18,42,2,94,0,0,23,0,23,32,18,65,2,117,42,0,42,159
01/04/2018,BTR,LA,ASW,CE,Combined TRACON& Tower with Radar,30,22,65,1,118,0,2,39,5,46,30,24,104,6,164,0,0,0,164
01/05/2018,BTR,LA,ASW,CE,Combined TRACON& Tower with Radar,30,14,45,1,90,0,0,39,5,44,30,14,84,6,134,8,0,8,142
01/06/2018,BTR,LA,ASW,CE,Combined TRACON& Tower with Radar,30,8,32,4,74,0,3,47,1,51,30,11,79,5,125,40,0,40,165
01/07/2018,BTR,LA,ASW,CE,Combined TRACON& Tower with Radar,34,14,37,0,85,0,0,13,0,13,34,14,50,0,98,0,0,0,98
01/08/2018,BTR,LA,ASW,CE,Combined TRACON& Tower with Radar,37,13,39,0,89,0,0,0,0,0,37,13,39,0,89,0,0,0,89
01/09/2018,BTR,LA,ASW,CE,Combined TRACON& Tower with Radar,32,17,43,0,92,0,0,0,0,0,32,17,43,0,92,0,0,0,92
01/10/2018,BTR,LA,ASW,CE,Combined TRACON& Tower with Radar,32,16,59,4,111,0,0,2,3,5,32,16,61,7,116,4,0,4,120
01/11/2018,BTR,LA,ASW,CE,Combined TRACON& Tower with Radar,34,21,62,3,120,0,0,4,1,5,34,21,66,4,125,0,0,0,125
01/12/2018,BTR,LA,ASW,CE,Combined TRACON& Tower with Radar,36,22,59,4,121,0,2,10,0,12,36,24,69,4,133,0,0,0,133
01/13/2018,BTR,LA,ASW,CE,Combined TRACON& Tower with Radar,30,16,46,0,92,0,0,56,0,56,30,16,102,0,148,44,0,44,192
01/14/2018,BTR,LA,ASW,CE,Combined TRACON& Tower with Radar,26,18,42,0,86,0,0,32,0,32,26,18,74,0,118,8,0,8,126
01/15/2018,BTR,LA,ASW,CE,Combined TRACON& Tower with Radar,28,28,42,0,98,0,1,43,0,44,28,29,85,0,142,20,0,20,162
01/16/2018,BTR,LA,ASW,CE,Combined TRACON& Tower with Radar,15,4,20,0,39,0,0,4,0,4,15,4,24,0,43,6,0,6,49
01/17/2018,BTR,LA,ASW,CE,Combined TRACON& Tower with Radar,6,15,22,0,43,0,2,34,3,39,6,17,56,3,82,16,0,16,98
01/18/2018,BTR,LA,ASW,CE,Combined TRACON& Tower with Radar,29,14,44,0,87,0,0,31,1,32,29,14,75,1,119,66,0,66,185
01/19/2018,BTR,LA,ASW,CE,Combined TRACON& Tower with Radar,33,15,54,0,102,0,3,55,1,59,33,18,109,1,161,12,0,12,173
01/20/2018,BTR,LA,ASW,CE,Combined TRACON& Tower with Radar,28,7,21,0,56,0,0,38,1,39,28,7,59,1,95,6,0,6,101
01/21/2018,BTR,LA,ASW,CE,Combined TRACON& Tower with Radar,31,7,37,0,75,0,0,13,0,13,31,7,50,0,88,67,0,67,155
01/22/2018,BTR,LA,ASW,CE,Combined TRACON& Tower with Radar,34,12,39,0,85,0,0,26,0,26,34,12,65,0,111,30,0,30,141
01/23/2018,BTR,LA,ASW,CE,Combined TRACON& Tower with Radar,34,15,77,3,129,0,0,56,0,56,34,15,133,3,185,6,0,6,191
01/24/2018,BTR,LA,ASW,CE,Combined TRACON& Tower with Radar,34,27,69,2,132,0,0,58,2,60,34,27,127,4,192,26,0,26,218
01/25/2018,BTR,LA,ASW,CE,Combined TRACON& Tower with Radar,35,24,55,5,119,0,0,33,0,33,35,24,88,5,152,10,0,10,162
01/26/2018,BTR,LA,ASW,CE,Combined TRACON& Tower with Radar,32,20,56,0,108,0,2,22,0,24,32,22,78,0,132,42,0,42,174
01/27/2018,BTR,LA,ASW,CE,Combined TRACON& Tower with Radar,29,10,7,0,46,0,0,0,0,0,29,10,7,0,46,0,0,0,46
01/28/2018,BTR,LA,ASW,CE,Combined TRACON& Tower with Radar,34,13,42,0,89,0,0,5,0,5,34,13,47,0,94,8,0,8,102
01/29/2018,BTR,LA,ASW,CE,Combined TRACON& Tower with Radar,34,16,51,0,101,0,0,43,0,43,34,16,94,0,144,0,0,0,144
01/30/2018,BTR,LA,ASW,CE,Combined TRACON& Tower with Radar,31,19,59,4,113,0,0,70,0,70,31,19,129,4,183,12,0,12,195
01/31/2018,BTR,LA,ASW,CE,Combined TRACON& Tower with Radar,33,24,61,7,125,0,2,68,5,75,33,26,129,12,200,7,20,27,227
02/01/2018,BTR,LA,ASW,CE,Combined TRACON& Tower with Radar,34,19,59,0,112,0,0,38,2,40,34,19,97,2,152,0,0,0,152
02/02/2018,BTR,LA,ASW,CE,Combined TRACON& Tower with Radar,33,17,45,4,99,0,1,42,0,43,33,18,87,4,142,16,0,16,158
02/03/2018,BTR,LA,ASW,CE,Combined TRACON& Tower with Radar,32,10,26,0,68,0,0,25,0,25,32,10,51,0,93,0,0,0,93
02/04/2018,BTR,LA,ASW,CE,Combined TRACON& Tower with Radar,28,14,21,0,63,0,0,3,0,3,28,14,24,0,66,0,0,0,66
02/05/2018,BTR,LA,ASW,CE,Combined TRACON& Tower with Radar,37,15,33,0,85,0,0,43,2,45,37,15,76,2,130,8,0,8,138
02/06/2018,BTR,LA,ASW,CE,Combined TRACON& Tower with Radar,34,19,39,0,92,0,0,0,0,0,34,19,39,0,92,0,0,0,92
02/07/2018,BTR,LA,ASW,CE,Combined TRACON& Tower with Radar,35,21,36,0,92,0,0,0,0,0,35,21,36,0,92,0,0,0,92
02/08/2018,BTR,LA,ASW,CE,Combined TRACON& Tower with Radar,36,21,71,0,128,0,0,52,1,53,36,21,123,1,181,4,0,4,185
02/09/2018,BTR,LA,ASW,CE,Combined TRACON& Tower with Radar,37,19,64,3,123,0,2,35,1,38,37,21,99,4,161,0,0,0,161
02/10/2018,BTR,LA,ASW,CE,Combined TRACON& Tower with Radar,29,18,10,0,57,0,0,0,0,0,29,18,10,0,57,0,0,0,57
02/11/2018,BTR,LA,ASW,CE,Combined TRACON& Tower with Radar,31,15,32,0,78,0,0,0,0,0,31,15,32,0,78,0,0,0,78
02/12/2018,BTR,LA,ASW,CE,Combined TRACON& Tower with Radar,36,17,57,2,112,0,0,11,0,11,36,17,68,2,123,0,0,0,123
02/13/2018,BTR,LA,ASW,CE,Combined TRACON& Tower with Radar,32,19,29,0,80,0,0,23,0,23,32,19,52,0,103,0,0,0,103
02/14/2018,BTR,LA,ASW,CE,Combined TRACON& Tower with Radar,33,20,46,0,99,0,2,18,0,20,33,22,64,0,119,4,0,4,123
02/15/2018,BTR,LA,ASW,CE,Combined TRACON& Tower with Radar,32,29,54,0,115,0,0,21,0,21,32,29,75,0,136,2,0,2,138
02/16/2018,BTR,LA,ASW,CE,Combined TRACON& Tower with Radar,36,27,47,0,110,0,3,21,0,24,36,30,68,0,134,24,0,24,158
02/17/2018,BTR,LA,ASW,CE,Combined TRACON& Tower with Radar,30,18,31,1,80,0,1,14,0,15,30,19,45,1,95,0,0,0,95
02/18/2018,BTR,LA,ASW,CE,Combined TRACON& Tower with Radar,29,24,37,1,91,0,0,16,0,16,29,24,53,1,107,18,0,18,125
02/19/2018,BTR,LA,ASW,CE,Combined TRACON& Tower with Radar,36,15,59,0,110,0,0,40,0,40,36,15,99,0,150,2,0,2,152
02/20/2018,BTR,LA,ASW,CE,Combined TRACON& Tower with Radar,27,25,62,1,115,0,0,23,1,24,27,25,85,2,139,26,0,26,165
02/21/2018,BTR,LA,ASW,CE,Combined TRACON& Tower with Radar,29,24,44,0,97,0,0,8,0,8,29,24,52,0,105,0,0,0,105
02/22/2018,BTR,LA,ASW,CE,Combined TRACON& Tower with Radar,33,23,58,0,114,0,2,17,1,20,33,25,75,1,134,0,0,0,134
02/23/2018,BTR,LA,ASW,CE,Combined TRACON& Tower with Radar,33,28,69,2,132,0,0,4,2,6,33,28,73,4,138,0,0,0,138
02/24/2018,BTR,LA,ASW,CE,Combined TRACON& Tower with Radar,23,17,26,0,66,0,0,7,2,9,23,17,33,2,75,6,0,6,81
02/25/2018,BTR,LA,ASW,CE,Combined TRACON& Tower with Radar,34,14,40,0,88,0,0,4,0,4,34,14,44,0,92,6,0,6,98
02/26/2018,BTR,LA,ASW,CE,Combined TRACON& Tower with Radar,33,20,75,13,141,0,0,32,0,32,33,20,107,13,173,30,0,30,203
02/27/2018,BTR,LA,ASW,CE,Combined TRACON& Tower with Radar,31,27,67,0,125,0,2,22,2,26,31,29,89,2,151,4,0,4,155
02/28/2018,BTR,LA,ASW,CE,Combined TRACON& Tower with Radar,31,20,74,1,126,0,3,48,3,54,31,23,122,4,180,46,0,46,226
03/01/2018,BTR,LA,ASW,CE,Combined TRACON& Tower with Radar,31,22,76,7,136,0,0,14,5,19,31,22,90,12,155,0,24,24,179
03/02/2018,BTR,LA,ASW,CE,Combined TRACON& Tower with Radar,31,23,70,0,124,0,2,64,0,66,31,25,134,0,190,6,0,6,196
03/03/2018,BTR,LA,ASW,CE,Combined TRACON& Tower with Radar,25,20,34,0,79,0,0,58,0,58,25,20,92,0,137,22,0,22,159
03/04/2018,BTR,LA,ASW,CE,Combined TRACON& Tower with Radar,31,17,70,0,118,0,0,31,0,31,31,17,101,0,149,4,0,4,153
03/05/2018,BTR,LA,ASW,CE,Combined TRACON& Tower with Radar,35,15,47,0,97,0,2,25,0,27,35,17,72,0,124,14,0,14,138
03/06/2018,BTR,LA,ASW,CE,Combined TRACON& Tower with Radar,31,19,43,2,95,0,2,40,0,42,31,21,83,2,137,24,0,24,161
03/07/2018,BTR,LA,ASW,CE,Combined TRACON& Tower with Radar,32,22,67,0,121,0,0,43,2,45,32,22,110,2,166,17,0,17,183
03/08/2018,BTR,LA,ASW,CE,Combined TRACON& Tower with Radar,32,29,83,2,146,0,2,47,4,53,32,31,130,6,199,4,0,4,203
03/09/2018,BTR,LA,ASW,CE,Combined TRACON& Tower with Radar,28,22,61,0,111,0,1,31,2,34,28,23,92,2,145,25,0,25,170
03/10/2018,BTR,LA,ASW,CE,Combined TRACON& Tower with Radar,24,19,15,0,58,0,0,8,0,8,24,19,23,0,66,10,0,10,76
03/11/2018,BTR,LA,ASW,CE,Combined TRACON& Tower with Radar,28,20,29,0,77,0,0,10,2,12,28,20,39,2,89,0,0,0,89
03/12/2018,BTR,LA,ASW,CE,Combined TRACON& Tower with Radar,28,27,42,0,97,0,0,25,0,25,28,27,67,0,122,0,0,0,122
03/13/2018,BTR,LA,ASW,CE,Combined TRACON& Tower with Radar,28,24,65,13,130,0,2,38,2,42,28,26,103,15,172,6,4,10,182
03/14/2018,BTR,LA,ASW,CE,Combined TRACON& Tower with Radar,29,31,72,0,132,0,4,56,0,60,29,35,128,0,192,0,0,0,192
03/15/2018,BTR,LA,ASW,CE,Combined TRACON& Tower with Radar,31,32,51,2,116,0,2,67,1,70,31,34,118,3,186,10,0,10,196
03/16/2018,BTR,LA,ASW,CE,Combined TRACON& Tower with Radar,28,21,49,4,102,0,0,6,0,6,28,21,55,4,108,0,0,0,108
03/17/2018,BTR,LA,ASW,CE,Combined TRACON& Tower with Radar,23,15,25,0,63,0,4,4,0,8,23,19,29,0,71,0,0,0,71
03/18/2018,BTR,LA,ASW,CE,Combined TRACON& Tower with Radar,28,25,22,0,75,0,0,2,0,2,28,25,24,0,77,0,0,0,77
03/19/2018,BTR,LA,ASW,CE,Combined TRACON& Tower with Radar,32,26,36,6,100,0,2,10,0,12,32,28,46,6,112,8,0,8,120
03/20/2018,BTR,LA,ASW,CE,Combined TRACON& Tower with Radar,27,26,67,7,127,0,0,25,1,26,27,26,92,8,153,26,8,34,187
03/21/2018,BTR,LA,ASW,CE,Combined TRACON& Tower with Radar,30,23,83,0,136,0,0,32,1,33,30,23,115,1,169,0,0,0,169
03/22/2018,BTR,LA,ASW,CE,Combined TRACON& Tower with Radar,30,22,61,6,119,0,0,72,0,72,30,22,133,6,191,19,0,19,210
03/23/2018,BTR,LA,ASW,CE,Combined TRACON& Tower with Radar,31,23,65,5,124,0,4,49,1,54,31,27,114,6,178,0,0,0,178
03/24/2018,BTR,LA,ASW,CE,Combined TRACON& Tower with Radar,22,20,33,0,75,0,0,30,0,30,22,20,63,0,105,18,0,18,123
03/25/2018,BTR,LA,ASW,CE,Combined TRACON& Tower with Radar,28,21,57,0,106,0,0,23,0,23,28,21,80,0,129,22,0,22,151
03/26/2018,BTR,LA,ASW,CE,Combined TRACON& Tower with Radar,28,20,34,12,94,0,0,15,0,15,28,20,49,12,109,25,0,25,134
03/27/2018,BTR,LA,ASW,CE,Combined TRACON& Tower with Radar,27,24,66,6,123,0,2,14,0,16,27,26,80,6,139,4,0,4,143
03/28/2018,BTR,LA,ASW,CE,Combined TRACON& Tower with Radar,28,31,63,0,122,0,0,11,0,11,28,31,74,0,133,4,0,4,137
03/29/2018,BTR,LA,ASW,CE,Combined TRACON& Tower with Radar,30,29,43,0,102,0,0,13,0,13,30,29,56,0,115,11,0,11,126
03/30/2018,BTR,LA,ASW,CE,Combined TRACON& Tower with Radar,26,26,44,6,102,0,0,64,0,64,26,26,108,6,166,12,0,12,178
03/31/2018,BTR,LA,ASW,CE,Combined TRACON& Tower with Radar,25,17,35,0,77,0,2,52,4,58,25,19,87,4,135,34,0,34,169
04/01/2018,BTR,LA,ASW,CE,Combined TRACON& Tower with Radar,28,15,43,0,86,0,0,29,2,31,28,15,72,2,117,0,0,0,117
04/02/2018,BTR,LA,ASW,CE,Combined TRACON& Tower with Radar,28,22,55,0,105,0,1,38,0,39,28,23,93,0,144,0,0,0,144
04/03/2018,BTR,LA,ASW,CE,Combined TRACON& Tower with Radar,31,22,72,6,131,0,1,35,0,36,31,23,107,6,167,4,0,4,171
04/04/2018,BTR,LA,ASW,CE,Combined TRACON& Tower with Radar,29,27,41,6,103,0,0,34,6,40,29,27,75,12,143,14,0,14,157
04/05/2018,BTR,LA,ASW,CE,Combined TRACON& Tower with Radar,33,18,68,3,122,0,1,59,2,62,33,19,127,5,184,28,0,28,212
04/06/2018,BTR,LA,ASW,CE,Combined TRACON& Tower with Radar,31,17,49,0,97,0,0,14,1,15,31,17,63,1,112,32,0,32,144
04/07/2018,BTR,LA,ASW,CE,Combined TRACON& Tower with Radar,31,17,25,0,73,0,0,0,0,0,31,17,25,0,73,0,0,0,73
04/08/2018,BTR,LA,ASW,CE,Combined TRACON& Tower with Radar,32,20,54,4,110,0,0,8,0,8,32,20,62,4,118,14,0,14,132
04/09/2018,BTR,LA,ASW,CE,Combined TRACON& Tower with Radar,36,13,66,4,119,0,0,31,0,31,36,13,97,4,150,16,0,16,166
04/10/2018,BTR,LA,ASW,CE,Combined TRACON& Tower with Radar,37,17,69,6,129,0,0,59,0,59,37,17,128,6,188,0,0,0,188
04/11/2018,BTR,LA,ASW,CE,Combined TRACON& Tower with Radar,37,19,54,2,112,0,0,56,3,59,37,19,110,5,171,24,0,24,195
04/12/2018,BTR,LA,ASW,CE,Combined TRACON& Tower with Radar,36,15,72,0,123,0,0,42,0,42,36,15,114,0,165,26,0,26,191
04/13/2018,BTR,LA,ASW,CE,Combined TRACON& Tower with Radar,34,16,39,0,89,0,0,13,0,13,34,16,52,0,102,0,0,0,102
04/14/2018,BTR,LA,ASW,CE,Combined TRACON& Tower with Radar,26,6,10,0,42,0,0,4,0,4,26,6,14,0,46,0,0,0,46
04/15/2018,BTR,LA,ASW,CE,Combined TRACON& Tower with Radar,39,11,45,5,100,0,2,25,3,30,39,13,70,8,130,18,0,18,148
04/16/2018,BTR,LA,ASW,CE,Combined TRACON& Tower with Radar,36,17,50,0,103,0,0,26,0,26,36,17,76,0,129,12,0,12,141
04/17/2018,BTR,LA,ASW,CE,Combined TRACON& Tower with Radar,36,20,62,4,122,0,0,43,2,45,36,20,105,6,167,0,0,0,167
04/18/2018,BTR,LA,ASW,CE,Combined TRACON& Tower with Radar,38,20,95,4,157,0,0,27,0,27,38,20,122,4,184,4,0,4,188
04/19/2018,BTR,LA,ASW,CE,Combined TRACON& Tower with Radar,39,25,77,0,141,0,0,32,4,36,39,25,109,4,177,18,0,18,195
04/20/2018,BTR,LA,ASW,CE,Combined TRACON& Tower with Radar,38,18,52,2,110,0,0,53,0,53,38,18,105,2,163,9,0,9,172
04/21/2018,BTR,LA,ASW,CE,Combined TRACON& Tower with Radar,30,14,37,0,81,0,0,25,0,25,30,14,62,0,106,34,0,34,140
04/22/2018,BTR,LA,ASW,CE,Combined TRACON& Tower with Radar,41,11,38,0,90,0,0,4,0,4,41,11,42,0,94,0,0,0,94
04/23/2018,BTR,LA,ASW,CE,Combined TRACON& Tower with Radar,36,16,76,0,128,0,0,35,1,36,36,16,111,1,164,16,0,16,180
04/24/2018,BTR,LA,ASW,CE,Combined TRACON& Tower with Radar,36,15,60,6,117,0,1,32,1,34,36,16,92,7,151,8,0,8,159
04/25/2018,BTR,LA,ASW,CE,Combined TRACON& Tower with Radar,35,18,75,0,128,0,1,46,0,47,35,19,121,0,175,24,0,24,199
04/26/2018,BTR,LA,ASW,CE,Combined TRACON& Tower with Radar,39,18,68,4,129,0,0,47,3,50,39,18,115,7,179,6,0,6,185
04/27/2018,BTR,LA,ASW,CE,Combined TRACON& Tower with Radar,37,16,55,9,117,0,0,45,0,45,37,16,100,9,162,6,0,6,168
04/28/2018,BTR,LA,ASW,CE,Combined TRACON& Tower with Radar,29,11,24,0,64,0,0,48,0,48,29,11,72,0,112,18,0,18,130
04/29/2018,BTR,LA,ASW,CE,Combined TRACON& Tower with Radar,38,18,37,0,93,0,0,30,0,30,38,18,67,0,123,0,0,0,123
04/30/2018,BTR,LA,ASW,CE,Combined TRACON& Tower with Radar,34,23,52,4,113,0,0,37,0,37,34,23,89,4,150,24,0,24,174
05/01/2018,BTR,LA,ASW,CE,Combined TRACON& Tower with Radar,34,16,71,0,121,0,2,23,0,25,34,18,94,0,146,0,0,0,146
05/02/2018,BTR,LA,ASW,CE,Combined TRACON& Tower with Radar,34,19,58,7,118,0,0,50,0,50,34,19,108,7,168,26,0,26,194
05/03/2018,BTR,LA,ASW,CE,Combined TRACON& Tower with Radar,32,43,61,0,136,0,4,35,1,40,32,47,96,1,176,2,0,2,178
05/04/2018,BTR,LA,ASW,CE,Combined TRACON& Tower with Radar,35,19,66,0,120,0,0,34,1,35,35,19,100,1,155,6,0,6,161
05/05/2018,BTR,LA,ASW,CE,Combined TRACON& Tower with Radar,27,12,19,0,58,0,0,9,0,9,27,12,28,0,67,0,0,0,67
05/06/2018,BTR,LA,ASW,CE,Combined TRACON& Tower with Radar,34,31,48,2,115,0,0,39,0,39,34,31,87,2,154,25,0,25,179
05/07/2018,BTR,LA,ASW,CE,Combined TRACON& Tower with Radar,33,25,53,0,111,0,6,51,0,57,33,31,104,0,168,20,0,20,188
05/08/2018,BTR,LA,ASW,CE,Combined TRACON& Tower with Radar,32,20,74,1,127,0,2,41,0,43,32,22,115,1,170,18,0,18,188
05/09/2018,BTR,LA,ASW,CE,Combined TRACON& Tower with Radar,32,21,75,1,129,0,2,72,0,74,32,23,147,1,203,14,0,14,217
05/10/2018,BTR,LA,ASW,CE,Combined TRACON& Tower with Radar,36,17,67,2,122,0,2,76,0,78,36,19,143,2,200,26,0,26,226
05/11/2018,BTR,LA,ASW,CE,Combined TRACON& Tower with Radar,35,19,60,6,120,4,0,56,2,62,39,19,116,8,182,35,0,35,217
05/12/2018,BTR,LA,ASW,CE,Combined TRACON& Tower with Radar,35,8,36,0,79,0,0,33,0,33,35,8,69,0,112,14,0,14,126
05/13/2018,BTR,LA,ASW,CE,Combined TRACON& Tower with Radar,37,14,29,0,80,0,0,20,0,20,37,14,49,0,100,14,0,14,114
05/14/2018,BTR,LA,ASW,CE,Combined TRACON& Tower with Radar,35,23,69,0,127,0,0,44,0,44,35,23,113,0,171,8,0,8,179
05/15/2018,BTR,LA,ASW,CE,Combined TRACON& Tower with Radar,34,16,57,2,109,0,1,31,2,34,34,17,88,4,143,34,0,34,177
05/16/2018,BTR,LA,ASW,CE,Combined TRACON& Tower with Radar,35,23,69,8,135,0,0,47,2,49,35,23,116,10,184,0,0,0,184
05/17/2018,BTR,LA,ASW,CE,Combined TRACON& Tower with Radar,34,17,65,6,122,0,3,64,0,67,34,20,129,6,189,40,0,40,229
05/18/2018,BTR,LA,ASW,CE,Combined TRACON& Tower with Radar,34,19,56,0,109,0,1,30,0,31,34,20,86,0,140,0,0,0,140
05/19/2018,BTR,LA,ASW,CE,Combined TRACON& Tower with Radar,31,20,37,0,88,0,0,36,0,36,31,20,73,0,124,6,0,6,130
05/20/2018,BTR,LA,ASW,CE,Combined TRACON& Tower with Radar,42,23,39,0,104,0,0,35,0,35,42,23,74,0,139,28,0,28,167
05/21/2018,BTR,LA,ASW,CE,Combined TRACON& Tower with Radar,33,14,34,2,83,0,1,37,0,38,33,15,71,2,121,0,0,0,121
05/22/2018,BTR,LA,ASW,CE,Combined TRACON& Tower with Radar,38,20,51,0,109,0,2,23,0,25,38,22,74,0,134,13,0,13,147
05/23/2018,BTR,LA,ASW,CE,Combined TRACON& Tower with Radar,33,28,49,4,114,0,2,43,0,45,33,30,92,4,159,28,0,28,187
05/24/2018,BTR,LA,ASW,CE,Combined TRACON& Tower with Radar,40,29,78,0,147,0,2,51,2,55,40,31,129,2,202,15,0,15,217
05/25/2018,BTR,LA,ASW,CE,Combined TRACON& Tower with Radar,35,19,55,0,109,0,0,34,0,34,35,19,89,0,143,0,0,0,143
05/26/2018,BTR,LA,ASW,CE,Combined TRACON& Tower with Radar,29,15,15,0,59,0,0,22,0,22,29,15,37,0,81,22,0,22,103
05/27/2018,BTR,LA,ASW,CE,Combined TRACON& Tower with Radar,30,13,6,5,54,0,2,23,0,25,30,15,29,5,79,0,0,0,79
05/28/2018,BTR,LA,ASW,CE,Combined TRACON& Tower with Radar,34,19,18,0,71,0,0,29,0,29,34,19,47,0,100,0,0,0,100
05/29/2018,BTR,LA,ASW,CE,Combined TRACON& Tower with Radar,34,18,40,2,94,0,0,32,2,34,34,18,72,4,128,0,6,6,134
05/30/2018,BTR,LA,ASW,CE,Combined TRACON& Tower with Radar,42,17,61,0,120,0,3,52,0,55,42,20,113,0,175,0,0,0,175
05/31/2018,BTR,LA,ASW,CE,Combined TRACON& Tower with Radar,34,15,48,7,104,0,0,47,1,48,34,15,95,8,152,0,12,12,164
06/01/2018,BTR,LA,ASW,CE,Combined TRACON& Tower with Radar,34,18,36,14,102,0,3,51,0,54,34,21,87,14,156,28,0,28,184
06/02/2018,BTR,LA,ASW,CE,Combined TRACON& Tower with Radar,28,12,32,1,73,0,0,38,0,38,28,12,70,1,111,16,0,16,127
06/03/2018,BTR,LA,ASW,CE,Combined TRACON& Tower with Radar,33,22,48,3,106,0,0,21,0,21,33,22,69,3,127,0,0,0,127
06/04/2018,BTR,LA,ASW,CE,Combined TRACON& Tower with Radar,36,16,41,0,93,0,0,44,2,46,36,16,85,2,139,3,0,3,142
06/05/2018,BTR,LA,ASW,CE,Combined TRACON& Tower with Radar,34,17,46,0,97,0,0,19,0,19,34,17,65,0,116,10,0,10,126
06/06/2018,BTR,LA,ASW,CE,Combined TRACON& Tower with Radar,32,17,65,2,116,0,2,37,2,41,32,19,102,4,157,0,0,0,157
06/07/2018,BTR,LA,ASW,CE,Combined TRACON& Tower with Radar,30,15,69,5,119,0,1,54,2,57,30,16,123,7,176,0,0,0,176
06/08/2018,BTR,LA,ASW,CE,Combined TRACON& Tower with Radar,36,21,51,0,108,0,2,41,0,43,36,23,92,0,151,4,0,4,155
06/09/2018,BTR,LA,ASW,CE,Combined TRACON& Tower with Radar,32,6,22,0,60,0,0,48,0,48,32,6,70,0,108,0,0,0,108
06/10/2018,BTR,LA,ASW,CE,Combined TRACON& Tower with Radar,36,21,25,0,82,0,0,20,0,20,36,21,45,0,102,6,0,6,108
06/11/2018,BTR,LA,ASW,CE,Combined TRACON& Tower with Radar,37,15,38,4,94,0,1,21,0,22,37,16,59,4,116,10,0,10,126
06/12/2018,BTR,LA,ASW,CE,Combined TRACON& Tower with Radar,34,20,55,6,115,0,2,32,0,34,34,22,87,6,149,0,0,0,149
06/13/2018,BTR,LA,ASW,CE,Combined TRACON& Tower with Radar,36,27,65,2,130,0,2,29,2,33,36,29,94,4,163,25,0,25,188
06/14/2018,BTR,LA,ASW,CE,Combined TRACON& Tower with Radar,38,18,60,5,121,0,2,31,4,37,38,20,91,9,158,24,0,24,182
06/15/2018,BTR,LA,ASW,CE,Combined TRACON& Tower with Radar,38,24,49,0,111,0,0,43,0,43,38,24,92,0,154,15,0,15,169
06/16/2018,BTR,LA,ASW,CE,Combined TRACON& Tower with Radar,30,13,44,0,87,0,0,45,0,45,30,13,89,0,132,20,0,20,152
06/17/2018,BTR,LA,ASW,CE,Combined TRACON& Tower with Radar,40,18,23,0,81,0,0,7,0,7,40,18,30,0,88,0,0,0,88
06/18/2018,BTR,LA,ASW,CE,Combined TRACON& Tower with Radar,39,19,39,0,97,0,0,7,0,7,39,19,46,0,104,6,0,6,110
06/19/2018,BTR,LA,ASW,CE,Combined TRACON& Tower with Radar,34,23,51,0,108,0,0,11,0,11,34,23,62,0,119,50,0,50,169
06/20/2018,BTR,LA,ASW,CE,Combined TRACON& Tower with Radar,38,24,52,0,114,0,2,26,0,28,38,26,78,0,142,8,0,8,150
06/21/2018,BTR,LA,ASW,CE,Combined TRACON& Tower with Radar,38,17,51,2,108,0,0,23,0,23,38,17,74,2,131,32,0,32,163
06/22/2018,BTR,LA,ASW,CE,Combined TRACON& Tower with Radar,39,14,54,0,107,0,2,67,2,71,39,16,121,2,178,6,0,6,184
06/23/2018,BTR,LA,ASW,CE,Combined TRACON& Tower with Radar,31,13,24,0,68,0,0,38,0,38,31,13,62,0,106,2,0,2,108
06/24/2018,BTR,LA,ASW,CE,Combined TRACON& Tower with Radar,35,19,33,4,91,0,0,39,0,39,35,19,72,4,130,36,0,36,166
06/25/2018,BTR,LA,ASW,CE,Combined TRACON& Tower with Radar,38,17,36,0,91,0,2,64,0,66,38,19,100,0,157,0,0,0,157
06/26/2018,BTR,LA,ASW,CE,Combined TRACON& Tower with Radar,34,21,50,7,112,0,2,34,0,36,34,23,84,7,148,0,0,0,148
06/27/2018,BTR,LA,ASW,CE,Combined TRACON& Tower with Radar,40,18,51,0,109,0,2,38,0,40,40,20,89,0,149,20,0,20,169
06/28/2018,BTR,LA,ASW,CE,Combined TRACON& Tower with Radar,37,23,45,14,119,0,0,57,0,57,37,23,102,14,176,12,8,20,196
06/29/2018,BTR,LA,ASW,CE,Combined TRACON& Tower with Radar,38,16,75,0,129,0,2,61,0,63,38,18,136,0,192,0,0,0,192
06/30/2018,BTR,LA,ASW,CE,Combined TRACON& Tower with Radar,32,8,37,0,77,0,0,44,0,44,32,8,81,0,121,4,0,4,125
07/01/2018,BTR,LA,ASW,CE,Combined TRACON& Tower with Radar,36,13,43,0,92,0,2,13,1,16,36,15,56,1,108,2,0,2,110
07/02/2018,BTR,LA,ASW,CE,Combined TRACON& Tower with Radar,35,12,41,0,88,0,0,20,2,22,35,12,61,2,110,26,0,26,136
07/03/2018,BTR,LA,ASW,CE,Combined TRACON& Tower with Radar,32,8,32,0,72,0,2,14,0,16,32,10,46,0,88,3,0,3,91
07/04/2018,BTR,LA,ASW,CE,Combined TRACON& Tower with Radar,29,6,12,0,47,0,0,19,0,19,29,6,31,0,66,0,0,0,66
07/05/2018,BTR,LA,ASW,CE,Combined TRACON& Tower with Radar,29,14,35,0,78,0,2,46,0,48,29,16,81,0,126,24,0,24,150
07/06/2018,BTR,LA,ASW,CE,Combined TRACON& Tower with Radar,32,15,50,2,99,0,3,42,0,45,32,18,92,2,144,24,0,24,168
07/07/2018,BTR,LA,ASW,CE,Combined TRACON& Tower with Radar,30,10,35,1,76,0,0,22,0,22,30,10,57,1,98,0,0,0,98
07/08/2018,BTR,LA,ASW,CE,Combined TRACON& Tower with Radar,35,21,41,1,98,0,0,6,0,6,35,21,47,1,104,0,0,0,104
07/09/2018,BTR,LA,ASW,CE,Combined TRACON& Tower with Radar,34,18,36,0,88,0,1,23,1,25,34,19,59,1,113,0,0,0,113
07/10/2018,BTR,LA,ASW,CE,Combined TRACON& Tower with Radar,40,19,42,9,110,0,0,29,0,29,40,19,71,9,139,46,0,46,185
07/11/2018,BTR,LA,ASW,CE,Combined TRACON& Tower with Radar,35,25,51,2,113,0,0,22,0,22,35,25,73,2,135,22,0,22,157
07/12/2018,BTR,LA,ASW,CE,Combined TRACON& Tower with Radar,41,19,42,1,103,0,0,36,0,36,41,19,78,1,139,92,0,92,231
07/13/2018,BTR,LA,ASW,CE,Combined TRACON& Tower with Radar,38,18,59,4,119,0,0,37,0,37,38,18,96,4,156,36,0,36,192
07/14/2018,BTR,LA,ASW,CE,Combined TRACON& Tower with Radar,32,15,30,0,77,0,0,59,3,62,32,15,89,3,139,0,0,0,139
07/15/2018,BTR,LA,ASW,CE,Combined TRACON& Tower with Radar,35,16,40,0,91,0,0,28,0,28,35,16,68,0,119,0,0,0,119
07/16/2018,BTR,LA,ASW,CE,Combined TRACON& Tower with Radar,41,14,46,0,101,0,0,55,0,55,41,14,101,0,156,77,0,77,233
07/17/2018,BTR,LA,ASW,CE,Combined TRACON& Tower with Radar,24,16,35,3,78,0,1,24,1,26,24,17,59,4,104,14,0,14,118
07/18/2018,BTR,LA,ASW,CE,Combined TRACON& Tower with Radar,35,25,54,0,114,0,2,30,2,34,35,27,84,2,148,10,0,10,158
07/19/2018,BTR,LA,ASW,CE,Combined TRACON& Tower with Radar,38,19,47,2,106,0,0,32,4,36,38,19,79,6,142,42,0,42,184
07/20/2018,BTR,LA,ASW,CE,Combined TRACON& Tower with Radar,41,14,51,0,106,0,0,56,0,56,41,14,107,0,162,25,0,25,187
07/21/2018,BTR,LA,ASW,CE,Combined TRACON& Tower with Radar,31,10,26,0,67,0,2,31,0,33,31,12,57,0,100,52,0,52,152
07/22/2018,BTR,LA,ASW,CE,Combined TRACON& Tower with Radar,34,18,28,0,80,0,0,29,0,29,34,18,57,0,109,22,0,22,131
07/23/2018,BTR,LA,ASW,CE,Combined TRACON& Tower with Radar,37,17,50,0,104,0,0,27,22,49,37,17,77,22,153,36,0,36,189
07/24/2018,BTR,LA,ASW,CE,Combined TRACON& Tower with Radar,41,18,52,2,113,0,1,46,2,49,41,19,98,4,162,30,0,30,192
07/25/2018,BTR,LA,ASW,CE,Combined TRACON& Tower with Radar,37,29,41,8,115,0,0,52,2,54,37,29,93,10,169,14,0,14,183
07/26/2018,BTR,LA,ASW,CE,Combined TRACON& Tower with Radar,41,28,48,10,127,0,1,39,0,40,41,29,87,10,167,0,8,8,175
07/27/2018,BTR,LA,ASW,CE,Combined TRACON& Tower with Radar,42,15,27,0,84,0,0,41,0,41,42,15,68,0,125,18,0,18,143
07/28/2018,BTR,LA,ASW,CE,Combined TRACON& Tower with Radar,31,12,24,0,67,0,0,26,1,27,31,12,50,1,94,10,0,10,104
07/29/2018,BTR,LA,ASW,CE,Combined TRACON& Tower with Radar,35,13,40,4,92,0,0,25,2,27,35,13,65,6,119,4,0,4,123
07/30/2018,BTR,LA,ASW,CE,Combined TRACON& Tower with Radar,41,15,39,1,96,0,0,22,1,23,41,15,61,2,119,42,0,42,161
07/31/2018,BTR,LA,ASW,CE,Combined TRACON& Tower with Radar,37,20,52,1,110,0,0,32,0,32,37,20,84,1,142,24,16,40,182
08/01/2018,BTR,LA,ASW,CE,Combined TRACON& Tower with Radar,36,25,73,7,141,0,1,46,0,47,36,26,119,7,188,22,0,22,210
08/02/2018,BTR,LA,ASW,CE,Combined TRACON& Tower with Radar,40,15,61,7,123,0,2,53,0,55,40,17,114,7,178,20,0,20,198
08/03/2018,BTR,LA,ASW,CE,Combined TRACON& Tower with Radar,44,18,40,0,102,0,3,30,0,33,44,21,70,0,135,11,0,11,146
08/04/2018,BTR,LA,ASW,CE,Combined TRACON& Tower with Radar,31,9,11,0,51,0,0,18,0,18,31,9,29,0,69,45,0,45,114
08/05/2018,BTR,LA,ASW,CE,Combined TRACON& Tower with Radar,35,13,41,2,91,0,6,17,0,23,35,19,58,2,114,0,0,0,114
08/06/2018,BTR,LA,ASW,CE,Combined TRACON& Tower with Radar,39,15,43,1,98,0,1,28,0,29,39,16,71,1,127,13,0,13,140
08/07/2018,BTR,LA,ASW,CE,Combined TRACON& Tower with Radar,37,18,51,0,106,0,2,17,0,19,37,20,68,0,125,0,0,0,125
08/08/2018,BTR,LA,ASW,CE,Combined TRACON& Tower with Radar,36,16,49,0,101,0,1,33,2,36,36,17,82,2,137,14,0,14,151
08/09/2018,BTR,LA,ASW,CE,Combined TRACON& Tower with Radar,31,20,62,0,113,0,2,35,0,37,31,22,97,0,150,16,0,16,166
08/10/2018,BTR,LA,ASW,CE,Combined TRACON& Tower with Radar,37,13,44,0,94,0,0,6,1,7,37,13,50,1,101,1,0,1,102
08/11/2018,BTR,LA,ASW,CE,Combined TRACON& Tower with Radar,34,8,33,0,75,0,0,41,0,41,34,8,74,0,116,30,0,30,146
08/12/2018,BTR,LA,ASW,CE,Combined TRACON& Tower with Radar,35,12,39,0,86,0,0,23,3,26,35,12,62,3,112,0,0,0,112
08/13/2018,BTR,LA,ASW,CE,Combined TRACON& Tower with Radar,36,19,45,7,107,0,0,39,2,41,36,19,84,9,148,22,0,22,170
08/14/2018,BTR,LA,ASW,CE,Combined TRACON& Tower with Radar,39,20,68,0,127,0,0,53,0,53,39,20,121,0,180,14,0,14,194
08/15/2018,BTR,LA,ASW,CE,Combined TRACON& Tower with Radar,36,30,60,13,139,0,2,62,0,64,36,32,122,13,203,68,4,72,275
08/16/2018,BTR,LA,ASW,CE,Combined TRACON& Tower with Radar,42,21,53,3,119,0,1,38,2,41,42,22,91,5,160,5,0,5,165
08/17/2018,BTR,LA,ASW,CE,Combined TRACON& Tower with Radar,41,27,32,0,100,0,1,39,0,40,41,28,71,0,140,4,0,4,144
08/18/2018,BTR,LA,ASW,CE,Combined TRACON& Tower with Radar,33,6,19,5,63,0,0,39,0,39,33,6,58,5,102,16,0,16,118
08/19/2018,BTR,LA,ASW,CE,Combined TRACON& Tower with Radar,29,19,37,6,91,0,2,9,0,11,29,21,46,6,102,6,0,6,108
08/20/2018,BTR,LA,ASW,CE,Combined TRACON& Tower with Radar,39,15,46,4,104,0,0,47,0,47,39,15,93,4,151,0,0,0,151
08/21/2018,BTR,LA,ASW,CE,Combined TRACON& Tower with Radar,41,19,38,0,98,0,1,44,0,45,41,20,82,0,143,8,0,8,151
08/22/2018,BTR,LA,ASW,CE,Combined TRACON& Tower with Radar,38,28,57,6,129,0,2,70,0,72,38,30,127,6,201,18,0,18,219
08/23/2018,BTR,LA,ASW,CE,Combined TRACON& Tower with Radar,38,21,63,0,122,0,1,47,2,50,38,22,110,2,172,10,0,10,182
08/24/2018,BTR,LA,ASW,CE,Combined TRACON& Tower with Radar,38,16,56,0,110,0,4,47,0,51,38,20,103,0,161,0,0,0,161
08/25/2018,BTR,LA,ASW,CE,Combined TRACON& Tower with Radar,35,5,20,0,60,0,0,37,0,37,35,5,57,0,97,8,0,8,105
08/26/2018,BTR,LA,ASW,CE,Combined TRACON& Tower with Radar,40,19,47,0,106,0,1,39,0,40,40,20,86,0,146,8,0,8,154
08/27/2018,BTR,LA,ASW,CE,Combined TRACON& Tower with Radar,43,17,52,0,112,0,0,36,4,40,43,17,88,4,152,14,0,14,166
08/28/2018,BTR,LA,ASW,CE,Combined TRACON& Tower with Radar,38,16,55,0,109,0,2,19,0,21,38,18,74,0,130,30,0,30,160
08/29/2018,BTR,LA,ASW,CE,Combined TRACON& Tower with Radar,35,23,64,5,127,0,0,27,0,27,35,23,91,5,154,26,0,26,180
08/30/2018,BTR,LA,ASW,CE,Combined TRACON& Tower with Radar,40,24,70,0,134,0,3,39,3,45,40,27,109,3,179,10,0,10,189
08/31/2018,BTR,LA,ASW,CE,Combined TRACON& Tower with Radar,39,19,61,3,122,0,0,34,0,34,39,19,95,3,156,20,0,20,176
09/01/2018,BTR,LA,ASW,CE,Combined TRACON& Tower with Radar,33,2,19,0,54,0,0,10,0,10,33,2,29,0,64,22,0,22,86
09/02/2018,BTR,LA,ASW,CE,Combined TRACON& Tower with Radar,27,8,25,0,60,0,1,2,0,3,27,9,27,0,63,18,0,18,81
09/03/2018,BTR,LA,ASW,CE,Combined TRACON& Tower with Radar,37,14,69,0,120,0,0,13,0,13,37,14,82,0,133,5,0,5,138
09/04/2018,BTR,LA,ASW,CE,Combined TRACON& Tower with Radar,37,12,32,0,81,0,2,6,0,8,37,14,38,0,89,18,0,18,107
09/05/2018,BTR,LA,ASW,CE,Combined TRACON& Tower with Radar,34,22,40,2,98,0,0,43,0,43,34,22,83,2,141,8,0,8,149
09/06/2018,BTR,LA,ASW,CE,Combined TRACON& Tower with Radar,41,20,55,8,124,0,3,11,0,14,41,23,66,8,138,0,0,0,138
09/07/2018,BTR,LA,ASW,CE,Combined TRACON& Tower with Radar,37,13,61,0,111,0,0,28,0,28,37,13,89,0,139,0,0,0,139
09/08/2018,BTR,LA,ASW,CE,Combined TRACON& Tower with Radar,28,5,40,0,73,0,0,49,0,49,28,5,89,0,122,35,0,35,157
09/09/2018,BTR,LA,ASW,CE,Combined TRACON& Tower with Radar,34,16,48,0,98,0,0,19,0,19,34,16,67,0,117,8,0,8,125
09/10/2018,BTR,LA,ASW,CE,Combined TRACON& Tower with Radar,35,16,43,4,98,0,0,27,0,27,35,16,70,4,125,4,0,4,129
09/11/2018,BTR,LA,ASW,CE,Combined TRACON& Tower with Radar,35,22,46,2,105,0,0,18,0,18,35,22,64,2,123,14,0,14,137
09/12/2018,BTR,LA,ASW,CE,Combined TRACON& Tower with Radar,35,20,64,0,119,0,0,73,0,73,35,20,137,0,192,12,0,12,204
09/13/2018,BTR,LA,ASW,CE,Combined TRACON& Tower with Radar,30,25,69,0,124,0,0,61,0,61,30,25,130,0,185,52,0,52,237
09/14/2018,BTR,LA,ASW,CE,Combined TRACON& Tower with Radar,32,24,59,2,117,0,0,47,0,47,32,24,106,2,164,32,0,32,196
09/15/2018,BTR,LA,ASW,CE,Combined TRACON& Tower with Radar,30,8,36,0,74,0,0,37,4,41,30,8,73,4,115,12,0,12,127
09/16/2018,BTR,LA,ASW,CE,Combined TRACON& Tower with Radar,31,19,48,0,98,0,0,48,0,48,31,19,96,0,146,14,0,14,160
09/17/2018,BTR,LA,ASW,CE,Combined TRACON& Tower with Radar,32,19,55,0,106,0,0,33,0,33,32,19,88,0,139,16,0,16,155
09/18/2018,BTR,LA,ASW,CE,Combined TRACON& Tower with Radar,33,20,56,1,110,0,1,51,1,53,33,21,107,2,163,29,0,29,192
09/19/2018,BTR,LA,ASW,CE,Combined TRACON& Tower with Radar,36,20,57,2,115,0,0,45,2,47,36,20,102,4,162,22,0,22,184
09/20/2018,BTR,LA,ASW,CE,Combined TRACON& Tower with Radar,33,20,91,0,144,0,1,57,4,62,33,21,148,4,206,14,0,14,220
09/21/2018,BTR,LA,ASW,CE,Combined TRACON& Tower with Radar,29,23,48,0,100,0,2,44,0,46,29,25,92,0,146,4,0,4,150
09/22/2018,BTR,LA,ASW,CE,Combined TRACON& Tower with Radar,31,13,42,0,86,0,6,33,2,41,31,19,75,2,127,51,0,51,178
09/23/2018,BTR,LA,ASW,CE,Combined TRACON& Tower with Radar,30,19,43,0,92,0,0,11,0,11,30,19,54,0,103,33,0,33,136
09/24/2018,BTR,LA,ASW,CE,Combined TRACON& Tower with Radar,30,24,43,0,97,0,0,25,0,25,30,24,68,0,122,40,0,40,162
09/25/2018,BTR,LA,ASW,CE,Combined TRACON& Tower with Radar,37,29,61,0,127,0,2,26,0,28,37,31,87,0,155,2,0,2,157
09/26/2018,BTR,LA,ASW,CE,Combined TRACON& Tower with Radar,33,24,41,0,98,0,0,13,0,13,33,24,54,0,111,26,0,26,137
09/27/2018,BTR,LA,ASW,CE,Combined TRACON& Tower with Radar,29,27,70,0,126,0,2,13,0,15,29,29,83,0,141,30,0,30,171
09/28/2018,BTR,LA,ASW,CE,Combined TRACON& Tower with Radar,31,30,78,3,142,0,0,33,0,33,31,30,111,3,175,17,0,17,192
09/29/2018,BTR,LA,ASW,CE,Combined TRACON& Tower with Radar,30,12,51,0,93,0,0,24,0,24,30,12,75,0,117,26,0,26,143
09/30/2018,BTR,LA,ASW,CE,Combined TRACON& Tower with Radar,32,24,60,0,116,0,0,22,0,22,32,24,82,0,138,22,0,22,160
10/01/2018,BTR,LA,ASW,CE,Combined TRACON& Tower with Radar,28,19,55,0,102,0,0,36,2,38,28,19,91,2,140,22,0,22,162
10/02/2018,BTR,LA,ASW,CE,Combined TRACON& Tower with Radar,28,11,42,1,82,0,2,3,0,5,28,13,45,1,87,65,6,71,158
10/03/2018,BTR,LA,ASW,CE,Combined TRACON& Tower with Radar,34,19,70,1,124,0,2,39,3,44,34,21,109,4,168,2,0,2,170
10/04/2018,BTR,LA,ASW,CE,Combined TRACON& Tower with Radar,35,22,73,0,130,0,0,48,0,48,35,22,121,0,178,24,0,24,202
10/05/2018,BTR,LA,ASW,CE,Combined TRACON& Tower with Radar,39,25,66,0,130,0,2,42,0,44,39,27,108,0,174,4,0,4,178
10/06/2018,BTR,LA,ASW,CE,Combined TRACON& Tower with Radar,28,15,50,0,93,0,0,23,0,23,28,15,73,0,116,14,0,14,130
10/07/2018,BTR,LA,ASW,CE,Combined TRACON& Tower with Radar,34,14,59,0,107,0,0,19,0,19,34,14,78,0,126,29,0,29,155
10/08/2018,BTR,LA,ASW,CE,Combined TRACON& Tower with Radar,39,20,59,0,118,0,0,32,0,32,39,20,91,0,150,29,0,29,179
10/09/2018,BTR,LA,ASW,CE,Combined TRACON& Tower with Radar,38,18,42,10,108,0,1,17,1,19,38,19,59,11,127,0,0,0,127
10/10/2018,BTR,LA,ASW,CE,Combined TRACON& Tower with Radar,35,17,53,0,105,0,0,29,12,41,35,17,82,12,146,16,0,16,162
10/11/2018,BTR,LA,ASW,CE,Combined TRACON& Tower with Radar,38,25,84,0,147,0,2,47,1,50,38,27,131,1,197,16,0,16,213
10/12/2018,BTR,LA,ASW,CE,Combined TRACON& Tower with Radar,41,29,118,6,194,0,1,81,3,85,41,30,199,9,279,12,0,12,291
10/13/2018,BTR,LA,ASW,CE,Combined TRACON& Tower with Radar,27,33,196,0,256,0,2,56,5,63,27,35,252,5,319,20,0,20,339
10/14/2018,BTR,LA,ASW,CE,Combined TRACON& Tower with Radar,38,26,115,5,184,0,1,51,1,53,38,27,166,6,237,71,0,71,308
10/15/2018,BTR,LA,ASW,CE,Combined TRACON& Tower with Radar,39,24,60,3,126,0,1,20,1,22,39,25,80,4,148,14,0,14,162
10/16/2018,BTR,LA,ASW,CE,Combined TRACON& Tower with Radar,40,22,48,0,110,0,0,1,0,1,40,22,49,0,111,0,0,0,111
10/17/2018,BTR,LA,ASW,CE,Combined TRACON& Tower with Radar,38,24,60,1,123,0,0,2,0,2,38,24,62,1,125,0,0,0,125
10/18/2018,BTR,LA,ASW,CE,Combined TRACON& Tower with Radar,36,25,64,0,125,0,2,56,1,59,36,27,120,1,184,3,0,3,187
10/19/2018,BTR,LA,ASW,CE,Combined TRACON& Tower with Radar,39,32,86,3,160,0,2,57,2,61,39,34,143,5,221,7,0,7,228
10/20/2018,BTR,LA,ASW,CE,Combined TRACON& Tower with Radar,27,18,58,1,104,0,1,11,1,13,27,19,69,2,117,12,0,12,129
10/21/2018,BTR,LA,ASW,CE,Combined TRACON& Tower with Radar,36,29,46,1,112,0,0,51,1,52,36,29,97,2,164,38,0,38,202
10/22/2018,BTR,LA,ASW,CE,Combined TRACON& Tower with Radar,38,20,52,4,114,0,0,44,0,44,38,20,96,4,158,12,0,12,170
10/23/2018,BTR,LA,ASW,CE,Combined TRACON& Tower with Radar,40,20,43,0,103,0,0,23,0,23,40,20,66,0,126,0,0,0,126
10/24/2018,BTR,LA,ASW,CE,Combined TRACON& Tower with Radar,36,19,67,2,124,0,0,54,0,54,36,19,121,2,178,24,0,24,202
10/25/2018,BTR,LA,ASW,CE,Combined TRACON& Tower with Radar,37,27,55,2,121,0,0,3,0,3,37,27,58,2,124,0,0,0,124
10/26/2018,BTR,LA,ASW,CE,Combined TRACON& Tower with Radar,38,11,85,1,135,0,0,43,3,46,38,11,128,4,181,0,0,0,181
10/27/2018,BTR,LA,ASW,CE,Combined TRACON& Tower with Radar,22,16,46,0,84,0,1,54,0,55,22,17,100,0,139,32,0,32,171
10/28/2018,BTR,LA,ASW,CE,Combined TRACON& Tower with Radar,30,19,34,0,83,0,0,36,0,36,30,19,70,0,119,8,0,8,127
10/29/2018,BTR,LA,ASW,CE,Combined TRACON& Tower with Radar,30,29,77,6,142,0,2,40,1,43,30,31,117,7,185,24,0,24,209
10/30/2018,BTR,LA,ASW,CE,Combined TRACON& Tower with Radar,29,20,73,1,123,0,1,36,0,37,29,21,109,1,160,0,0,0,160
10/31/2018,BTR,LA,ASW,CE,Combined TRACON& Tower with Radar,27,11,45,2,85,0,0,27,0,27,27,11,72,2,112,18,0,18,130
11/01/2018,BTR,LA,ASW,CE,Combined TRACON& Tower with Radar,32,26,62,9,129,0,1,11,0,12,32,27,73,9,141,0,0,0,141
11/02/2018,BTR,LA,ASW,CE,Combined TRACON& Tower with Radar,32,39,113,3,187,0,0,55,0,55,32,39,168,3,242,0,0,0,242
11/03/2018,BTR,LA,ASW,CE,Combined TRACON& Tower with Radar,23,61,150,3,237,0,2,52,0,54,23,63,202,3,291,0,0,0,291
11/04/2018,BTR,LA,ASW,CE,Combined TRACON& Tower with Radar,32,34,105,0,171,0,0,13,0,13,32,34,118,0,184,0,0,0,184
11/05/2018,BTR,LA,ASW,CE,Combined TRACON& Tower with Radar,34,22,64,4,124,0,1,14,1,16,34,23,78,5,140,0,0,0,140
11/06/2018,BTR,LA,ASW,CE,Combined TRACON& Tower with Radar,36,24,60,1,121,0,0,29,1,30,36,24,89,2,151,0,0,0,151
11/07/2018,BTR,LA,ASW,CE,Combined TRACON& Tower with Radar,32,23,51,2,108,0,0,2,0,2,32,23,53,2,110,0,0,0,110
11/08/2018,BTR,LA,ASW,CE,Combined TRACON& Tower with Radar,30,37,73,1,141,0,0,0,0,0,30,37,73,1,141,0,0,0,141
11/09/2018,BTR,LA,ASW,CE,Combined TRACON& Tower with Radar,32,23,34,0,89,0,0,2,0,2,32,23,36,0,91,0,0,0,91
11/10/2018,BTR,LA,ASW,CE,Combined TRACON& Tower with Radar,31,13,23,0,67,0,0,57,0,57,31,13,80,0,124,24,0,24,148
11/11/2018,BTR,LA,ASW,CE,Combined TRACON& Tower with Radar,31,15,32,1,79,0,0,21,0,21,31,15,53,1,100,26,0,26,126
11/12/2018,BTR,LA,ASW,CE,Combined TRACON& Tower with Radar,32,19,38,1,90,0,0,0,0,0,32,19,38,1,90,0,0,0,90
11/13/2018,BTR,LA,ASW,CE,Combined TRACON& Tower with Radar,35,20,51,3,109,0,0,7,0,7,35,20,58,3,116,0,10,10,126
11/14/2018,BTR,LA,ASW,CE,Combined TRACON& Tower with Radar,32,29,78,8,147,0,0,23,0,23,32,29,101,8,170,26,0,26,196
11/15/2018,BTR,LA,ASW,CE,Combined TRACON& Tower with Radar,29,32,66,6,133,0,3,64,1,68,29,35,130,7,201,108,0,108,309
11/16/2018,BTR,LA,ASW,CE,Combined TRACON& Tower with Radar,30,24,69,4,127,0,0,59,0,59,30,24,128,4,186,28,0,28,214
11/17/2018,BTR,LA,ASW,CE,Combined TRACON& Tower with Radar,28,22,62,2,114,0,0,63,0,63,28,22,125,2,177,18,0,18,195
11/18/2018,BTR,LA,ASW,CE,Combined TRACON& Tower with Radar,28,27,57,0,112,0,0,31,0,31,28,27,88,0,143,14,0,14,157
11/19/2018,BTR,LA,ASW,CE,Combined TRACON& Tower with Radar,28,21,60,0,109,0,0,33,0,33,28,21,93,0,142,20,0,20,162
11/20/2018,BTR,LA,ASW,CE,Combined TRACON& Tower with Radar,32,20,69,0,121,0,2,49,0,51,32,22,118,0,172,14,0,14,186
11/21/2018,BTR,LA,ASW,CE,Combined TRACON& Tower with Radar,35,22,62,9,128,0,1,55,0,56,35,23,117,9,184,0,0,0,184
11/22/2018,BTR,LA,ASW,CE,Combined TRACON& Tower with Radar,17,12,5,0,34,0,0,20,0,20,17,12,25,0,54,3,0,3,57
11/23/2018,BTR,LA,ASW,CE,Combined TRACON& Tower with Radar,28,24,27,0,79,0,0,22,0,22,28,24,49,0,101,0,0,0,101
11/24/2018,BTR,LA,ASW,CE,Combined TRACON& Tower with Radar,31,17,37,0,85,0,0,32,0,32,31,17,69,0,117,14,0,14,131
11/25/2018,BTR,LA,ASW,CE,Combined TRACON& Tower with Radar,37,27,73,0,137,0,1,5,0,6,37,28,78,0,143,0,0,0,143
11/26/2018,BTR,LA,ASW,CE,Combined TRACON& Tower with Radar,31,21,53,5,110,0,0,59,1,60,31,21,112,6,170,32,0,32,202
11/27/2018,BTR,LA,ASW,CE,Combined TRACON& Tower with Radar,33,22,53,14,122,0,2,63,0,65,33,24,116,14,187,4,0,4,191
11/28/2018,BTR,LA,ASW,CE,Combined TRACON& Tower with Radar,34,11,84,5,134,0,2,44,1,47,34,13,128,6,181,23,0,23,204
11/29/2018,BTR,LA,ASW,CE,Combined TRACON& Tower with Radar,30,35,71,2,138,0,0,25,0,25,30,35,96,2,163,6,0,6,169
11/30/2018,BTR,LA,ASW,CE,Combined TRACON& Tower with Radar,28,21,53,6,108,0,3,14,2,19,28,24,67,8,127,0,0,0,127
12/01/2018,BTR,LA,ASW,CE,Combined TRACON& Tower with Radar,25,15,23,0,63,0,0,18,0,18,25,15,41,0,81,2,0,2,83
12/02/2018,BTR,LA,ASW,CE,Combined TRACON& Tower with Radar,31,19,54,0,104,0,0,48,0,48,31,19,102,0,152,0,0,0,152
12/03/2018,BTR,LA,ASW,CE,Combined TRACON& Tower with Radar,26,17,49,2,94,0,0,53,0,53,26,17,102,2,147,26,0,26,173
12/04/2018,BTR,LA,ASW,CE,Combined TRACON& Tower with Radar,28,24,76,4,132,0,5,80,1,86,28,29,156,5,218,36,0,36,254
12/05/2018,BTR,LA,ASW,CE,Combined TRACON& Tower with Radar,31,23,66,0,120,0,0,55,1,56,31,23,121,1,176,51,0,51,227
12/06/2018,BTR,LA,ASW,CE,Combined TRACON& Tower with Radar,29,29,57,6,121,0,0,55,3,58,29,29,112,9,179,18,10,28,207
12/07/2018,BTR,LA,ASW,CE,Combined TRACON& Tower with Radar,30,21,56,7,114,0,0,41,5,46,30,21,97,12,160,18,0,18,178
12/08/2018,BTR,LA,ASW,CE,Combined TRACON& Tower with Radar,25,12,9,0,46,0,0,0,0,0,25,12,9,0,46,0,0,0,46
12/09/2018,BTR,LA,ASW,CE,Combined TRACON& Tower with Radar,29,22,41,0,92,0,0,3,0,3,29,22,44,0,95,0,0,0,95
12/10/2018,BTR,LA,ASW,CE,Combined TRACON& Tower with Radar,26,23,61,0,110,0,2,41,0,43,26,25,102,0,153,32,0,32,185
12/11/2018,BTR,LA,ASW,CE,Combined TRACON& Tower with Radar,30,24,71,4,129,0,1,64,0,65,30,25,135,4,194,10,6,16,210
12/12/2018,BTR,LA,ASW,CE,Combined TRACON& Tower with Radar,28,40,94,1,163,0,4,58,2,64,28,44,152,3,227,22,0,22,249
12/13/2018,BTR,LA,ASW,CE,Combined TRACON& Tower with Radar,27,37,49,0,113,0,0,0,0,0,27,37,49,0,113,0,0,0,113
12/14/2018,BTR,LA,ASW,CE,Combined TRACON& Tower with Radar,28,25,45,15,113,0,1,26,7,34,28,26,71,22,147,10,0,10,157
12/15/2018,BTR,LA,ASW,CE,Combined TRACON& Tower with Radar,23,16,55,1,95,0,0,3,0,3,23,16,58,1,98,0,0,0,98
12/16/2018,BTR,LA,ASW,CE,Combined TRACON& Tower with Radar,30,19,53,1,103,0,1,16,2,19,30,20,69,3,122,6,0,6,128
12/17/2018,BTR,LA,ASW,CE,Combined TRACON& Tower with Radar,26,20,72,0,118,0,0,39,0,39,26,20,111,0,157,60,0,60,217
12/18/2018,BTR,LA,ASW,CE,Combined TRACON& Tower with Radar,28,16,67,5,116,0,2,52,0,54,28,18,119,5,170,0,0,0,170
12/19/2018,BTR,LA,ASW,CE,Combined TRACON& Tower with Radar,28,27,51,8,114,0,0,5,1,6,28,27,56,9,120,0,0,0,120
12/20/2018,BTR,LA,ASW,CE,Combined TRACON& Tower with Radar,26,24,45,0,95,0,0,3,0,3,26,24,48,0,98,0,0,0,98
12/21/2018,BTR,LA,ASW,CE,Combined TRACON& Tower with Radar,22,25,54,8,109,0,3,44,0,47,22,28,98,8,156,28,26,54,210
12/22/2018,BTR,LA,ASW,CE,Combined TRACON& Tower with Radar,15,29,37,1,82,0,0,62,0,62,15,29,99,1,144,2,0,2,146
12/23/2018,BTR,LA,ASW,CE,Combined TRACON& Tower with Radar,19,32,32,0,83,0,0,22,0,22,19,32,54,0,105,0,0,0,105
12/24/2018,BTR,LA,ASW,CE,Combined TRACON& Tower with Radar,12,19,16,0,47,0,0,27,0,27,12,19,43,0,74,34,0,34,108
12/25/2018,BTR,LA,ASW,CE,Combined TRACON& Tower with Radar,15,21,3,0,39,0,0,10,0,10,15,21,13,0,49,0,0,0,49
12/26/2018,BTR,LA,ASW,CE,Combined TRACON& Tower with Radar,15,35,63,0,113,0,0,8,0,8,15,35,71,0,121,28,0,28,149
12/27/2018,BTR,LA,ASW,CE,Combined TRACON& Tower with Radar,14,36,23,0,73,0,0,0,0,0,14,36,23,0,73,0,0,0,73
12/28/2018,BTR,LA,ASW,CE,Combined TRACON& Tower with Radar,19,48,50,0,117,0,0,64,0,64,19,48,114,0,181,24,0,24,205
12/29/2018,BTR,LA,ASW,CE,Combined TRACON& Tower with Radar,16,28,23,4,71,0,0,0,0,0,16,28,23,4,71,0,0,0,71
12/30/2018,BTR,LA,ASW,CE,Combined TRACON& Tower with Radar,16,32,20,0,68,0,0,0,0,0,16,32,20,0,68,0,0,0,68
12/31/2018,BTR,LA,ASW,CE,Combined TRACON& Tower with Radar,16,16,7,2,41,0,0,7,0,7,16,16,14,2,48,28,0,28,76
01/01/2019,BTR,LA,ASW,CE,Combined TRACON& Tower with Radar,16,24,16,0,56,0,0,16,0,16,16,24,32,0,72,0,0,0,72
01/02/2019,BTR,LA,ASW,CE,Combined TRACON& Tower with Radar,22,50,33,0,105,0,0,0,0,0,22,50,33,0,105,0,0,0,105
01/03/2019,BTR,LA,ASW,CE,Combined TRACON& Tower with Radar,16,38,25,1,80,0,0,0,0,0,16,38,25,1,80,0,0,0,80
01/04/2019,BTR,LA,ASW,CE,Combined TRACON& Tower with Radar,17,34,59,12,122,0,0,46,0,46,17,34,105,12,168,30,6,36,204
01/05/2019,BTR,LA,ASW,CE,Combined TRACON& Tower with Radar,19,24,36,2,81,0,0,59,0,59,19,24,95,2,140,4,0,4,144
01/06/2019,BTR,LA,ASW,CE,Combined TRACON& Tower with Radar,26,22,41,0,89,0,0,36,1,37,26,22,77,1,126,42,0,42,168
01/07/2019,BTR,LA,ASW,CE,Combined TRACON& Tower with Radar,31,25,49,0,105,0,2,35,0,37,31,27,84,0,142,0,0,0,142
01/08/2019,BTR,LA,ASW,CE,Combined TRACON& Tower with Radar,34,23,55,7,119,0,2,44,0,46,34,25,99,7,165,4,0,4,169
01/09/2019,BTR,LA,ASW,CE,Combined TRACON& Tower with Radar,28,28,68,0,124,0,3,73,0,76,28,31,141,0,200,16,0,16,216
01/10/2019,BTR,LA,ASW,CE,Combined TRACON& Tower with Radar,28,27,61,2,118,0,3,71,2,76,28,30,132,4,194,20,0,20,214
01/11/2019,BTR,LA,ASW,CE,Combined TRACON& Tower with Radar,25,27,62,0,114,0,2,61,0,63,25,29,123,0,177,24,0,24,201
01/12/2019,BTR,LA,ASW,CE,Combined TRACON& Tower with Radar,22,14,22,0,58,0,0,6,1,7,22,14,28,1,65,24,0,24,89
01/13/2019,BTR,LA,ASW,CE,Combined TRACON& Tower with Radar,28,29,48,1,106,0,2,20,0,22,28,31,68,1,128,10,0,10,138
01/14/2019,BTR,LA,ASW,CE,Combined TRACON& Tower with Radar,30,18,61,1,110,0,2,18,1,21,30,20,79,2,131,6,0,6,137
01/15/2019,BTR,LA,ASW,CE,Combined TRACON& Tower with Radar,30,22,55,4,111,0,2,33,0,35,30,24,88,4,146,36,0,36,182
01/16/2019,BTR,LA,ASW,CE,Combined TRACON& Tower with Radar,30,24,69,17,140,0,1,50,2,53,30,25,119,19,193,42,0,42,235
01/17/2019,BTR,LA,ASW,CE,Combined TRACON& Tower with Radar,28,23,79,0,130,0,0,12,2,14,28,23,91,2,144,32,0,32,176
01/18/2019,BTR,LA,ASW,CE,Combined TRACON& Tower with Radar,29,22,51,2,104,0,0,13,0,13,29,22,64,2,117,0,0,0,117
01/19/2019,BTR,LA,ASW,CE,Combined TRACON& Tower with Radar,24,8,13,0,45,0,0,4,0,4,24,8,17,0,49,0,0,0,49
01/20/2019,BTR,LA,ASW,CE,Combined TRACON& Tower with Radar,24,19,37,0,80,0,0,27,0,27,24,19,64,0,107,0,0,0,107
01/21/2019,BTR,LA,ASW,CE,Combined TRACON& Tower with Radar,28,23,70,2,123,0,0,83,8,91,28,23,153,10,214,24,0,24,238
01/22/2019,BTR,LA,ASW,CE,Combined TRACON& Tower with Radar,28,33,54,3,118,0,2,24,1,27,28,35,78,4,145,0,0,0,145
01/23/2019,BTR,LA,ASW,CE,Combined TRACON& Tower with Radar,29,28,42,3,102,0,0,1,1,2,29,28,43,4,104,0,0,0,104
01/24/2019,BTR,LA,ASW,CE,Combined TRACON& Tower with Radar,32,25,75,3,135,0,1,68,10,79,32,26,143,13,214,2,0,2,216
01/25/2019,BTR,LA,ASW,CE,Combined TRACON& Tower with Radar,30,25,48,1,104,0,1,48,11,60,30,26,96,12,164,0,0,0,164
01/26/2019,BTR,LA,ASW,CE,Combined TRACON& Tower with Radar,27,12,28,1,68,0,0,34,5,39,27,12,62,6,107,10,0,10,117
01/27/2019,BTR,LA,ASW,CE,Combined TRACON& Tower with Radar,27,23,46,2,98,0,0,43,8,51,27,23,89,10,149,0,0,0,149
01/28/2019,BTR,LA,ASW,CE,Combined TRACON& Tower with Radar,31,22,53,4,110,0,0,48,0,48,31,22,101,4,158,14,0,14,172
01/29/2019,BTR,LA,ASW,CE,Combined TRACON& Tower with Radar,28,29,38,12,107,0,0,30,0,30,28,29,68,12,137,52,12,64,201
01/30/2019,BTR,LA,ASW,CE,Combined TRACON& Tower with Radar,29,29,58,0,116,0,0,32,0,32,29,29,90,0,148,4,0,4,152
01/31/2019,BTR,LA,ASW,CE,Combined TRACON& Tower with Radar,28,26,50,7,111,0,0,30,0,30,28,26,80,7,141,0,0,0,141
02/01/2019,BTR,LA,ASW,CE,Combined TRACON& Tower with Radar,30,20,50,4,104,0,2,19,3,24,30,22,69,7,128,0,0,0,128
02/02/2019,BTR,LA,ASW,CE,Combined TRACON& Tower with Radar,23,10,34,0,67,0,0,44,0,44,23,10,78,0,111,28,0,28,139
02/03/2019,BTR,LA,ASW,CE,Combined TRACON& Tower with Radar,25,21,43,0,89,0,0,4,0,4,25,21,47,0,93,84,0,84,177
02/04/2019,BTR,LA,ASW,CE,Combined TRACON& Tower with Radar,28,20,31,0,79,0,0,6,0,6,28,20,37,0,85,70,0,70,155
02/05/2019,BTR,LA,ASW,CE,Combined TRACON& Tower with Radar,30,15,57,0,102,0,0,7,0,7,30,15,64,0,109,6,0,6,115
02/06/2019,BTR,LA,ASW,CE,Combined TRACON& Tower with Radar,30,24,81,0,135,0,0,25,0,25,30,24,106,0,160,14,0,14,174
02/07/2019,BTR,LA,ASW,CE,Combined TRACON& Tower with Radar,31,22,53,0,106,0,0,13,0,13,31,22,66,0,119,18,0,18,137
02/08/2019,BTR,LA,ASW,CE,Combined TRACON& Tower with Radar,28,27,46,13,114,0,2,31,0,33,28,29,77,13,147,6,0,6,153
02/09/2019,BTR,LA,ASW,CE,Combined TRACON& Tower with Radar,25,7,31,0,63,0,3,54,0,57,25,10,85,0,120,26,0,26,146
02/10/2019,BTR,LA,ASW,CE,Combined TRACON& Tower with Radar,27,18,38,0,83,0,0,11,0,11,27,18,49,0,94,17,0,17,111
02/11/2019,BTR,LA,ASW,CE,Combined TRACON& Tower with Radar,32,24,57,0,113,0,0,11,0,11,32,24,68,0,124,18,0,18,142
02/12/2019,BTR,LA,ASW,CE,Combined TRACON& Tower with Radar,29,24,69,2,124,0,2,27,0,29,29,26,96,2,153,16,10,26,179
02/13/2019,BTR,LA,ASW,CE,Combined TRACON& Tower with Radar,33,17,62,0,112,0,4,96,1,101,33,21,158,1,213,78,0,78,291
02/14/2019,BTR,LA,ASW,CE,Combined TRACON& Tower with Radar,27,21,58,2,108,0,1,36,5,42,27,22,94,7,150,0,0,0,150
02/15/2019,BTR,LA,ASW,CE,Combined TRACON& Tower with Radar,30,19,53,1,103,0,0,10,0,10,30,19,63,1,113,14,0,14,127
02/16/2019,BTR,LA,ASW,CE,Combined TRACON& Tower with Radar,19,21,26,7,73,0,0,9,2,11,19,21,35,9,84,10,0,10,94
02/17/2019,BTR,LA,ASW,CE,Combined TRACON& Tower with Radar,19,25,49,5,98,0,0,12,2,14,19,25,61,7,112,20,0,20,132
02/18/2019,BTR,LA,ASW,CE,Combined TRACON& Tower with Radar,26,19,56,2,103,0,2,51,0,53,26,21,107,2,156,85,0,85,241
02/19/2019,BTR,LA,ASW,CE,Combined TRACON& Tower with Radar,26,27,55,3,111,0,0,2,0,2,26,27,57,3,113,0,0,0,113
02/20/2019,BTR,LA,ASW,CE,Combined TRACON& Tower with Radar,28,28,39,0,95,0,0,7,0,7,28,28,46,0,102,0,0,0,102
02/21/2019,BTR,LA,ASW,CE,Combined TRACON& Tower with Radar,30,38,63,0,131,0,0,4,0,4,30,38,67,0,135,10,0,10,145
02/22/2019,BTR,LA,ASW,CE,Combined TRACON& Tower with Radar,29,33,50,2,114,0,2,11,0,13,29,35,61,2,127,0,0,0,127
02/23/2019,BTR,LA,ASW,CE,Combined TRACON& Tower with Radar,25,19,10,0,54,0,0,3,0,3,25,19,13,0,57,0,0,0,57
02/24/2019,BTR,LA,ASW,CE,Combined TRACON& Tower with Radar,22,29,46,3,100,0,0,44,4,48,22,29,90,7,148,74,4,78,226
02/25/2019,BTR,LA,ASW,CE,Combined TRACON& Tower with Radar,28,27,55,0,110,0,0,39,0,39,28,27,94,0,149,58,0,58,207
02/26/2019,BTR,LA,ASW,CE,Combined TRACON& Tower with Radar,28,24,60,2,114,0,0,19,0,19,28,24,79,2,133,30,0,30,163
02/27/2019,BTR,LA,ASW,CE,Combined TRACON& Tower with Radar,26,32,40,0,98,0,2,15,0,17,26,34,55,0,115,4,0,4,119
02/28/2019,BTR,LA,ASW,CE,Combined TRACON& Tower with Radar,26,34,78,4,142,0,1,0,0,1,26,35,78,4,143,0,0,0,143
03/01/2019,BTR,LA,ASW,CE,Combined TRACON& Tower with Radar,28,32,40,3,103,0,0,24,0,24,28,32,64,3,127,52,0,52,179
03/02/2019,BTR,LA,ASW,CE,Combined TRACON& Tower with Radar,33,12,43,2,90,0,0,6,2,8,33,12,49,4,98,53,0,53,151
03/03/2019,BTR,LA,ASW,CE,Combined TRACON& Tower with Radar,29,19,22,0,70,0,0,0,0,0,29,19,22,0,70,0,0,0,70
03/04/2019,BTR,LA,ASW,CE,Combined TRACON& Tower with Radar,27,23,45,2,97,0,0,27,0,27,27,23,72,2,124,0,0,0,124
03/05/2019,BTR,LA,ASW,CE,Combined TRACON& Tower with Radar,27,30,43,0,100,0,0,65,0,65,27,30,108,0,165,29,0,29,194
03/06/2019,BTR,LA,ASW,CE,Combined TRACON& Tower with Radar,31,36,55,2,124,0,2,69,2,73,31,38,124,4,197,46,0,46,243
03/07/2019,BTR,LA,ASW,CE,Combined TRACON& Tower with Radar,30,32,75,0,137,0,0,53,0,53,30,32,128,0,190,4,0,4,194
03/08/2019,BTR,LA,ASW,CE,Combined TRACON& Tower with Radar,30,29,44,0,103,0,0,18,0,18,30,29,62,0,121,28,0,28,149
03/09/2019,BTR,LA,ASW,CE,Combined TRACON& Tower with Radar,30,19,31,0,80,0,0,17,0,17,30,19,48,0,97,4,0,4,101
03/10/2019,BTR,LA,ASW,CE,Combined TRACON& Tower with Radar,32,21,39,0,92,0,0,15,0,15,32,21,54,0,107,0,0,0,107
03/11/2019,BTR,LA,ASW,CE,Combined TRACON& Tower with Radar,32,16,59,3,110,0,0,41,0,41,32,16,100,3,151,52,0,52,203
03/12/2019,BTR,LA,ASW,CE,Combined TRACON& Tower with Radar,36,23,63,0,122,0,1,59,0,60,36,24,122,0,182,46,0,46,228
03/13/2019,BTR,LA,ASW,CE,Combined TRACON& Tower with Radar,29,23,71,0,123,0,0,6,0,6,29,23,77,0,129,0,0,0,129
03/14/2019,BTR,LA,ASW,CE,Combined TRACON& Tower with Radar,29,35,41,0,105,0,0,9,0,9,29,35,50,0,114,40,0,40,154
03/15/2019,BTR,LA,ASW,CE,Combined TRACON& Tower with Radar,29,28,54,1,112,0,2,53,2,57,29,30,107,3,169,42,0,42,211
03/16/2019,BTR,LA,ASW,CE,Combined TRACON& Tower with Radar,31,9,26,3,69,0,0,37,0,37,31,9,63,3,106,10,0,10,116
03/17/2019,BTR,LA,ASW,CE,Combined TRACON& Tower with Radar,33,11,44,1,89,0,0,53,2,55,33,11,97,3,144,26,0,26,170
03/18/2019,BTR,LA,ASW,CE,Combined TRACON& Tower with Radar,30,21,48,2,101,0,0,52,0,52,30,21,100,2,153,8,0,8,161
03/19/2019,BTR,LA,ASW,CE,Combined TRACON& Tower with Radar,32,22,57,1,112,0,4,54,0,58,32,26,111,1,170,28,0,28,198
03/20/2019,BTR,LA,ASW,CE,Combined TRACON& Tower with Radar,30,26,55,2,113,0,1,61,0,62,30,27,116,2,175,24,0,24,199
03/21/2019,BTR,LA,ASW,CE,Combined TRACON& Tower with Radar,36,28,45,0,109,0,2,49,2,53,36,30,94,2,162,30,0,30,192
03/22/2019,BTR,LA,ASW,CE,Combined TRACON& Tower with Radar,30,16,55,10,111,0,3,58,0,61,30,19,113,10,172,43,0,43,215
03/23/2019,BTR,LA,ASW,CE,Combined TRACON& Tower with Radar,25,13,35,0,73,0,0,38,0,38,25,13,73,0,111,10,0,10,121
03/24/2019,BTR,LA,ASW,CE,Combined TRACON& Tower with Radar,34,22,45,0,101,0,0,26,2,28,34,22,71,2,129,17,0,17,146
03/25/2019,BTR,LA,ASW,CE,Combined TRACON& Tower with Radar,29,30,37,0,96,0,1,18,0,19,29,31,55,0,115,24,0,24,139
03/26/2019,BTR,LA,ASW,CE,Combined TRACON& Tower with Radar,30,20,45,2,97,0,2,63,0,65,30,22,108,2,162,46,0,46,208
03/27/2019,BTR,LA,ASW,CE,Combined TRACON& Tower with Radar,31,28,71,0,130,0,3,69,2,74,31,31,140,2,204,36,0,36,240
03/28/2019,BTR,LA,ASW,CE,Combined TRACON& Tower with Radar,29,23,71,0,123,0,2,80,0,82,29,25,151,0,205,14,0,14,219
03/29/2019,BTR,LA,ASW,CE,Combined TRACON& Tower with Radar,32,22,46,0,100,0,0,59,0,59,32,22,105,0,159,8,0,8,167
03/30/2019,BTR,LA,ASW,CE,Combined TRACON& Tower with Radar,28,16,32,2,78,0,0,19,0,19,28,16,51,2,97,0,0,0,97
03/31/2019,BTR,LA,ASW,CE,Combined TRACON& Tower with Radar,28,16,24,0,68,0,0,7,0,7,28,16,31,0,75,0,0,0,75
04/01/2019,BTR,LA,ASW,CE,Combined TRACON& Tower with Radar,24,25,53,0,102,0,0,54,0,54,24,25,107,0,156,24,0,24,180
04/02/2019,BTR,LA,ASW,CE,Combined TRACON& Tower with Radar,28,30,44,2,104,0,2,72,0,74,28,32,116,2,178,38,0,38,216
04/03/2019,BTR,LA,ASW,CE,Combined TRACON& Tower with Radar,29,33,75,1,138,0,2,52,2,56,29,35,127,3,194,50,0,50,244
04/04/2019,BTR,LA,ASW,CE,Combined TRACON& Tower with Radar,29,22,33,0,84,0,0,0,0,0,29,22,33,0,84,0,0,0,84
04/05/2019,BTR,LA,ASW,CE,Combined TRACON& Tower with Radar,29,25,58,1,113,0,4,7,0,11,29,29,65,1,124,4,0,4,128
04/06/2019,BTR,LA,ASW,CE,Combined TRACON& Tower with Radar,31,16,38,1,86,0,0,11,0,11,31,16,49,1,97,0,0,0,97
04/07/2019,BTR,LA,ASW,CE,Combined TRACON& Tower with Radar,30,13,38,2,83,0,0,11,0,11,30,13,49,2,94,0,0,0,94
04/08/2019,BTR,LA,ASW,CE,Combined TRACON& Tower with Radar,32,20,58,0,110,0,1,15,0,16,32,21,73,0,126,20,0,20,146
04/09/2019,BTR,LA,ASW,CE,Combined TRACON& Tower with Radar,29,30,59,15,133,0,2,80,0,82,29,32,139,15,215,10,6,16,231
04/10/2019,BTR,LA,ASW,CE,Combined TRACON& Tower with Radar,34,28,67,2,131,0,1,87,0,88,34,29,154,2,219,80,0,80,299
04/11/2019,BTR,LA,ASW,CE,Combined TRACON& Tower with Radar,37,31,75,2,145,0,2,68,1,71,37,33,143,3,216,14,0,14,230
04/12/2019,BTR,LA,ASW,CE,Combined TRACON& Tower with Radar,34,26,65,2,127,0,0,16,0,16,34,26,81,2,143,43,0,43,186
04/13/2019,BTR,LA,ASW,CE,Combined TRACON& Tower with Radar,28,7,16,0,51,0,0,10,0,10,28,7,26,0,61,0,0,0,61
04/14/2019,BTR,LA,ASW,CE,Combined TRACON& Tower with Radar,34,15,32,1,82,0,0,26,0,26,34,15,58,1,108,0,0,0,108
04/15/2019,BTR,LA,ASW,CE,Combined TRACON& Tower with Radar,33,29,54,4,120,0,1,70,2,73,33,30,124,6,193,26,0,26,219
04/16/2019,BTR,LA,ASW,CE,Combined TRACON& Tower with Radar,35,21,69,0,125,0,4,87,0,91,35,25,156,0,216,60,0,60,276
04/17/2019,BTR,LA,ASW,CE,Combined TRACON& Tower with Radar,37,32,59,4,132,0,3,44,0,47,37,35,103,4,179,6,0,6,185
04/18/2019,BTR,LA,ASW,CE,Combined TRACON& Tower with Radar,32,11,21,0,64,0,0,2,0,2,32,11,23,0,66,0,0,0,66
04/19/2019,BTR,LA,ASW,CE,Combined TRACON& Tower with Radar,34,26,45,5,110,0,1,28,0,29,34,27,73,5,139,6,0,6,145
04/20/2019,BTR,LA,ASW,CE,Combined TRACON& Tower with Radar,33,13,39,0,85,0,0,60,0,60,33,13,99,0,145,24,0,24,169
04/21/2019,BTR,LA,ASW,CE,Combined TRACON& Tower with Radar,34,17,19,0,70,0,0,36,0,36,34,17,55,0,106,0,0,0,106
04/22/2019,BTR,LA,ASW,CE,Combined TRACON& Tower with Radar,34,28,68,6,136,0,0,56,0,56,34,28,124,6,192,18,0,18,210
04/23/2019,BTR,LA,ASW,CE,Combined TRACON& Tower with Radar,34,27,55,0,116,0,2,61,0,63,34,29,116,0,179,18,0,18,197
04/24/2019,BTR,LA,ASW,CE,Combined TRACON& Tower with Radar,34,26,77,2,139,0,2,60,2,64,34,28,137,4,203,22,0,22,225
04/25/2019,BTR,LA,ASW,CE,Combined TRACON& Tower with Radar,31,27,44,3,105,0,0,12,2,14,31,27,56,5,119,14,0,14,133
04/26/2019,BTR,LA,ASW,CE,Combined TRACON& Tower with Radar,35,22,80,2,139,0,2,60,4,66,35,24,140,6,205,15,10,25,230
04/27/2019,BTR,LA,ASW,CE,Combined TRACON& Tower with Radar,32,9,34,0,75,0,0,51,0,51,32,9,85,0,126,23,0,23,149
04/28/2019,BTR,LA,ASW,CE,Combined TRACON& Tower with Radar,36,15,41,4,96,0,0,35,0,35,36,15,76,4,131,2,0,2,133
04/29/2019,BTR,LA,ASW,CE,Combined TRACON& Tower with Radar,37,22,63,1,123,0,2,35,0,37,37,24,98,1,160,0,0,0,160
04/30/2019,BTR,LA,ASW,CE,Combined TRACON& Tower with Radar,34,28,57,4,123,0,6,48,1,55,34,34,105,5,178,10,0,10,188
05/01/2019,BTR,LA,ASW,CE,Combined TRACON& Tower with Radar,32,23,73,6,134,0,0,41,2,43,32,23,114,8,177,4,0,4,181
05/02/2019,BTR,LA,ASW,CE,Combined TRACON& Tower with Radar,29,19,62,0,110,0,1,28,0,29,29,20,90,0,139,10,0,10,149
05/03/2019,BTR,LA,ASW,CE,Combined TRACON& Tower with Radar,32,26,48,6,112,0,4,49,2,55,32,30,97,8,167,50,0,50,217
05/04/2019,BTR,LA,ASW,CE,Combined TRACON& Tower with Radar,19,21,18,0,58,0,0,13,0,13,19,21,31,0,71,8,0,8,79
05/05/2019,BTR,LA,ASW,CE,Combined TRACON& Tower with Radar,27,23,42,0,92,0,0,45,0,45,27,23,87,0,137,8,0,8,145
05/06/2019,BTR,LA,ASW,CE,Combined TRACON& Tower with Radar,28,23,55,3,109,0,0,65,0,65,28,23,120,3,174,6,0,6,180
05/07/2019,BTR,LA,ASW,CE,Combined TRACON& Tower with Radar,31,26,64,0,121,0,1,46,0,47,31,27,110,0,168,26,0,26,194
05/08/2019,BTR,LA,ASW,CE,Combined TRACON& Tower with Radar,32,29,40,0,101,0,1,5,0,6,32,30,45,0,107,18,0,18,125
05/09/2019,BTR,LA,ASW,CE,Combined TRACON& Tower with Radar,26,28,43,0,97,0,0,3,0,3,26,28,46,0,100,0,0,0,100
05/10/2019,BTR,LA,ASW,CE,Combined TRACON& Tower with Radar,29,23,30,0,82,0,0,12,0,12,29,23,42,0,94,6,0,6,100
05/11/2019,BTR,LA,ASW,CE,Combined TRACON& Tower with Radar,20,16,20,0,56,0,0,5,0,5,20,16,25,0,61,0,0,0,61
05/12/2019,BTR,LA,ASW,CE,Combined TRACON& Tower with Radar,27,23,25,0,75,0,0,11,0,11,27,23,36,0,86,0,0,0,86
05/13/2019,BTR,LA,ASW,CE,Combined TRACON& Tower with Radar,29,24,45,10,108,0,0,64,1,65,29,24,109,11,173,38,12,50,223
05/14/2019,BTR,LA,ASW,CE,Combined TRACON& Tower with Radar,26,34,75,3,138,0,1,55,0,56,26,35,130,3,194,8,0,8,202
05/15/2019,BTR,LA,ASW,CE,Combined TRACON& Tower with Radar,28,26,70,5,129,0,3,74,2,79,28,29,144,7,208,12,0,12,220
05/16/2019,BTR,LA,ASW,CE,Combined TRACON& Tower with Radar,30,27,68,2,127,0,0,61,0,61,30,27,129,2,188,34,0,34,222
05/17/2019,BTR,LA,ASW,CE,Combined TRACON& Tower with Radar,31,26,57,0,114,0,2,55,0,57,31,28,112,0,171,4,0,4,175
05/18/2019,BTR,LA,ASW,CE,Combined TRACON& Tower with Radar,21,12,20,2,55,0,0,12,1,13,21,12,32,3,68,0,0,0,68
05/19/2019,BTR,LA,ASW,CE,Combined TRACON& Tower with Radar,32,26,23,0,81,0,0,3,0,3,32,26,26,0,84,0,0,0,84
05/20/2019,BTR,LA,ASW,CE,Combined TRACON& Tower with Radar,27,28,49,1,105,0,2,33,2,37,27,30,82,3,142,0,0,0,142
05/21/2019,BTR,LA,ASW,CE,Combined TRACON& Tower with Radar,25,26,62,0,113,0,1,37,2,40,25,27,99,2,153,14,0,14,167
05/22/2019,BTR,LA,ASW,CE,Combined TRACON& Tower with Radar,32,25,59,0,116,0,0,41,2,43,32,25,100,2,159,18,0,18,177
05/23/2019,BTR,LA,ASW,CE,Combined TRACON& Tower with Radar,28,25,61,0,114,0,0,45,0,45,28,25,106,0,159,26,0,26,185
05/24/2019,BTR,LA,ASW,CE,Combined TRACON& Tower with Radar,27,26,64,0,117,0,0,52,0,52,27,26,116,0,169,4,0,4,173
05/25/2019,BTR,LA,ASW,CE,Combined TRACON& Tower with Radar,19,15,34,5,73,0,0,21,1,22,19,15,55,6,95,14,0,14,109
05/26/2019,BTR,LA,ASW,CE,Combined TRACON& Tower with Radar,22,18,34,0,74,0,0,33,0,33,22,18,67,0,107,0,0,0,107
05/27/2019,BTR,LA,ASW,CE,Combined TRACON& Tower with Radar,28,25,37,0,90,0,0,44,0,44,28,25,81,0,134,0,0,0,134
05/28/2019,BTR,LA,ASW,CE,Combined TRACON& Tower with Radar,29,22,50,0,101,0,0,27,4,31,29,22,77,4,132,0,0,0,132
05/29/2019,BTR,LA,ASW,CE,Combined TRACON& Tower with Radar,26,29,50,12,117,0,0,32,0,32,26,29,82,12,149,48,0,48,197
05/30/2019,BTR,LA,ASW,CE,Combined TRACON& Tower with Radar,26,32,57,0,115,0,0,44,2,46,26,32,101,2,161,53,0,53,214
05/31/2019,BTR,LA,ASW,CE,Combined TRACON& Tower with Radar,28,26,35,2,91,0,2,33,0,35,28,28,68,2,126,50,0,50,176
06/01/2019,BTR,LA,ASW,CE,Combined TRACON& Tower with Radar,24,16,20,0,60,0,0,33,0,33,24,16,53,0,93,16,0,16,109
06/02/2019,BTR,LA,ASW,CE,Combined TRACON& Tower with Radar,30,29,42,0,101,0,0,57,0,57,30,29,99,0,158,28,0,28,186
06/03/2019,BTR,LA,ASW,CE,Combined TRACON& Tower with Radar,32,21,36,2,91,0,2,29,0,31,32,23,65,2,122,32,0,32,154
06/04/2019,BTR,LA,ASW,CE,Combined TRACON& Tower with Radar,34,24,47,0,105,0,4,56,0,60,34,28,103,0,165,22,0,22,187
06/05/2019,BTR,LA,ASW,CE,Combined TRACON& Tower with Radar,31,27,56,0,114,0,0,2,0,2,31,27,58,0,116,0,0,0,116
06/06/2019,BTR,LA,ASW,CE,Combined TRACON& Tower with Radar,32,22,24,4,82,0,2,6,0,8,32,24,30,4,90,20,0,20,110
06/07/2019,BTR,LA,ASW,CE,Combined TRACON& Tower with Radar,28,18,37,11,94,0,0,21,7,28,28,18,58,18,122,0,0,0,122
06/08/2019,BTR,LA,ASW,CE,Combined TRACON& Tower with Radar,25,14,18,5,62,0,0,22,1,23,25,14,40,6,85,4,0,4,89
06/09/2019,BTR,LA,ASW,CE,Combined TRACON& Tower with Radar,21,16,52,0,89,0,1,28,1,30,21,17,80,1,119,6,0,6,125
06/10/2019,BTR,LA,ASW,CE,Combined TRACON& Tower with Radar,34,22,32,26,114,0,0,45,2,47,34,22,77,28,161,26,0,26,187
06/11/2019,BTR,LA,ASW,CE,Combined TRACON& Tower with Radar,31,26,57,0,114,0,4,52,2,58,31,30,109,2,172,68,0,68,240
06/12/2019,BTR,LA,ASW,CE,Combined TRACON& Tower with Radar,34,23,57,22,136,0,0,50,0,50,34,23,107,22,186,6,4,10,196
06/13/2019,BTR,LA,ASW,CE,Combined TRACON& Tower with Radar,34,20,68,5,127,0,0,59,0,59,34,20,127,5,186,32,0,32,218
06/14/2019,BTR,LA,ASW,CE,Combined TRACON& Tower with Radar,33,17,48,4,102,0,2,44,0,46,33,19,92,4,148,18,0,18,166
06/15/2019,BTR,LA,ASW,CE,Combined TRACON& Tower with Radar,32,18,23,0,73,0,0,20,0,20,32,18,43,0,93,52,0,52,145
06/16/2019,BTR,LA,ASW,CE,Combined TRACON& Tower with Radar,30,15,35,8,88,0,0,24,2,26,30,15,59,10,114,8,0,8,122
06/17/2019,BTR,LA,ASW,CE,Combined TRACON& Tower with Radar,34,28,31,0,93,0,0,18,0,18,34,28,49,0,111,20,0,20,131
06/18/2019,BTR,LA,ASW,CE,Combined TRACON& Tower with Radar,35,27,44,0,106,0,2,30,2,34,35,29,74,2,140,0,0,0,140
06/19/2019,BTR,LA,ASW,CE,Combined TRACON& Tower with Radar,30,25,66,10,131,0,0,54,0,54,30,25,120,10,185,28,4,32,217
06/20/2019,BTR,LA,ASW,CE,Combined TRACON& Tower with Radar,34,25,70,14,143,0,2,30,0,32,34,27,100,14,175,0,12,12,187
06/21/2019,BTR,LA,ASW,CE,Combined TRACON& Tower with Radar,36,19,47,4,106,0,0,26,0,26,36,19,73,4,132,12,0,12,144
06/22/2019,BTR,LA,ASW,CE,Combined TRACON& Tower with Radar,28,15,27,0,70,0,1,38,0,39,28,16,65,0,109,32,0,32,141
06/23/2019,BTR,LA,ASW,CE,Combined TRACON& Tower with Radar,28,15,36,0,79,0,0,28,0,28,28,15,64,0,107,20,0,20,127
06/24/2019,BTR,LA,ASW,CE,Combined TRACON& Tower with Radar,33,25,37,0,95,0,0,25,0,25,33,25,62,0,120,10,0,10,130
06/25/2019,BTR,LA,ASW,CE,Combined TRACON& Tower with Radar,34,23,57,0,114,0,2,38,0,40,34,25,95,0,154,0,0,0,154
06/26/2019,BTR,LA,ASW,CE,Combined TRACON& Tower with Radar,33,26,55,0,114,0,2,62,2,66,33,28,117,2,180,8,0,8,188
06/27/2019,BTR,LA,ASW,CE,Combined TRACON& Tower with Radar,33,22,59,6,120,0,3,52,0,55,33,25,111,6,175,54,0,54,229
06/28/2019,BTR,LA,ASW,CE,Combined TRACON& Tower with Radar,31,25,35,0,91,0,2,27,0,29,31,27,62,0,120,24,0,24,144
06/29/2019,BTR,LA,ASW,CE,Combined TRACON& Tower with Radar,29,21,25,0,75,0,0,32,0,32,29,21,57,0,107,10,0,10,117
06/30/2019,BTR,LA,ASW,CE,Combined TRACON& Tower with Radar,30,22,28,0,80,0,0,26,0,26,30,22,54,0,106,6,0,6,112
07/01/2019,BTR,LA,ASW,CE,Combined TRACON& Tower with Radar,28,26,35,2,91,0,1,39,0,40,28,27,74,2,131,24,0,24,155
07/02/2019,BTR,LA,ASW,CE,Combined TRACON& Tower with Radar,25,20,39,0,84,0,3,40,0,43,25,23,79,0,127,0,0,0,127
07/03/2019,BTR,LA,ASW,CE,Combined TRACON& Tower with Radar,23,20,49,0,92,0,2,29,0,31,23,22,78,0,123,0,0,0,123
07/04/2019,BTR,LA,ASW,CE,Combined TRACON& Tower with Radar,25,10,11,0,46,0,0,23,0,23,25,10,34,0,69,16,0,16,85
07/05/2019,BTR,LA,ASW,CE,Combined TRACON& Tower with Radar,26,8,14,1,49,0,0,26,0,26,26,8,40,1,75,28,0,28,103
07/06/2019,BTR,LA,ASW,CE,Combined TRACON& Tower with Radar,26,12,32,2,72,0,0,53,0,53,26,12,85,2,125,15,0,15,140
07/07/2019,BTR,LA,ASW,CE,Combined TRACON& Tower with Radar,32,23,36,0,91,0,0,25,0,25,32,23,61,0,116,0,0,0,116
07/08/2019,BTR,LA,ASW,CE,Combined TRACON& Tower with Radar,34,16,38,0,88,0,1,57,0,58,34,17,95,0,146,50,0,50,196
07/09/2019,BTR,LA,ASW,CE,Combined TRACON& Tower with Radar,34,22,47,8,111,0,0,49,0,49,34,22,96,8,160,10,0,10,170
07/10/2019,BTR,LA,ASW,CE,Combined TRACON& Tower with Radar,30,23,62,0,115,0,0,35,0,35,30,23,97,0,150,0,0,0,150
07/11/2019,BTR,LA,ASW,CE,Combined TRACON& Tower with Radar,33,13,30,2,78,0,2,18,0,20,33,15,48,2,98,10,0,10,108
07/12/2019,BTR,LA,ASW,CE,Combined TRACON& Tower with Radar,39,17,22,0,78,0,0,11,0,11,39,17,33,0,89,0,0,0,89
07/13/2019,BTR,LA,ASW,CE,Combined TRACON& Tower with Radar,2,0,0,0,2,0,0,2,0,2,2,0,2,0,4,0,0,0,4
07/14/2019,BTR,LA,ASW,CE,Combined TRACON& Tower with Radar,27,10,8,0,45,0,0,0,5,5,27,10,8,5,50,0,0,0,50
07/15/2019,BTR,LA,ASW,CE,Combined TRACON& Tower with Radar,30,18,24,0,72,0,0,2,0,2,30,18,26,0,74,0,0,0,74
07/16/2019,BTR,LA,ASW,CE,Combined TRACON& Tower with Radar,33,19,36,4,92,0,0,42,0,42,33,19,78,4,134,8,0,8,142
07/17/2019,BTR,LA,ASW,CE,Combined TRACON& Tower with Radar,32,20,55,4,111,0,0,55,1,56,32,20,110,5,167,24,0,24,191
07/18/2019,BTR,LA,ASW,CE,Combined TRACON& Tower with Radar,32,21,51,11,115,0,0,45,2,47,32,21,96,13,162,18,0,18,180
07/19/2019,BTR,LA,ASW,CE,Combined TRACON& Tower with Radar,31,19,60,0,110,0,0,34,2,36,31,19,94,2,146,46,0,46,192
07/20/2019,BTR,LA,ASW,CE,Combined TRACON& Tower with Radar,26,17,30,0,73,0,1,19,0,20,26,18,49,0,93,22,0,22,115
07/21/2019,BTR,LA,ASW,CE,Combined TRACON& Tower with Radar,32,19,34,0,85,0,2,15,0,17,32,21,49,0,102,5,0,5,107
07/22/2019,BTR,LA,ASW,CE,Combined TRACON& Tower with Radar,33,17,33,0,83,0,1,19,1,21,33,18,52,1,104,48,0,48,152
07/23/2019,BTR,LA,ASW,CE,Combined TRACON& Tower with Radar,33,20,37,0,90,0,0,11,0,11,33,20,48,0,101,0,0,0,101
07/24/2019,BTR,LA,ASW,CE,Combined TRACON& Tower with Radar,34,23,55,6,118,0,0,56,2,58,34,23,111,8,176,52,0,52,228
07/25/2019,BTR,LA,ASW,CE,Combined TRACON& Tower with Radar,32,18,41,10,101,0,0,55,1,56,32,18,96,11,157,24,5,29,186
07/26/2019,BTR,LA,ASW,CE,Combined TRACON& Tower with Radar,34,16,40,2,92,0,0,42,0,42,34,16,82,2,134,48,0,48,182
07/27/2019,BTR,LA,ASW,CE,Combined TRACON& Tower with Radar,23,19,21,0,63,0,0,24,0,24,23,19,45,0,87,6,0,6,93
07/28/2019,BTR,LA,ASW,CE,Combined TRACON& Tower with Radar,31,21,29,1,82,0,0,18,1,19,31,21,47,2,101,0,0,0,101
07/29/2019,BTR,LA,ASW,CE,Combined TRACON& Tower with Radar,33,18,52,6,109,0,0,20,0,20,33,18,72,6,129,0,0,0,129
07/30/2019,BTR,LA,ASW,CE,Combined TRACON& Tower with Radar,34,18,51,0,103,0,0,13,0,13,34,18,64,0,116,6,0,6,122
07/31/2019,BTR,LA,ASW,CE,Combined TRACON& Tower with Radar,34,18,41,0,93,0,0,30,1,31,34,18,71,1,124,63,0,63,187
08/01/2019,BTR,LA,ASW,CE,Combined TRACON& Tower with Radar,33,18,68,4,123,0,0,38,0,38,33,18,106,4,161,40,0,40,201
08/02/2019,BTR,LA,ASW,CE,Combined TRACON& Tower with Radar,35,22,56,1,114,0,0,32,0,32,35,22,88,1,146,0,0,0,146
08/03/2019,BTR,LA,ASW,CE,Combined TRACON& Tower with Radar,24,15,23,0,62,0,0,36,0,36,24,15,59,0,98,44,0,44,142
08/04/2019,BTR,LA,ASW,CE,Combined TRACON& Tower with Radar,32,25,36,0,93,0,0,25,0,25,32,25,61,0,118,14,0,14,132
08/05/2019,BTR,LA,ASW,CE,Combined TRACON& Tower with Radar,36,18,42,2,98,0,1,35,1,37,36,19,77,3,135,6,0,6,141
08/06/2019,BTR,LA,ASW,CE,Combined TRACON& Tower with Radar,34,19,43,6,102,0,2,42,0,44,34,21,85,6,146,36,0,36,182
08/07/2019,BTR,LA,ASW,CE,Combined TRACON& Tower with Radar,34,22,72,2,130,0,0,37,2,39,34,22,109,4,169,0,16,16,185
08/08/2019,BTR,LA,ASW,CE,Combined TRACON& Tower with Radar,35,21,55,4,115,0,2,31,4,37,35,23,86,8,152,0,0,0,152
08/09/2019,BTR,LA,ASW,CE,Combined TRACON& Tower with Radar,36,12,45,6,99,0,0,39,0,39,36,12,84,6,138,2,6,8,146
08/10/2019,BTR,LA,ASW,CE,Combined TRACON& Tower with Radar,27,13,28,0,68,0,0,48,2,50,27,13,76,2,118,10,0,10,128
08/11/2019,BTR,LA,ASW,CE,Combined TRACON& Tower with Radar,36,13,23,0,72,0,0,20,0,20,36,13,43,0,92,10,0,10,102
08/12/2019,BTR,LA,ASW,CE,Combined TRACON& Tower with Radar,35,12,39,13,99,0,0,30,5,35,35,12,69,18,134,30,0,30,164
08/13/2019,BTR,LA,ASW,CE,Combined TRACON& Tower with Radar,34,15,43,2,94,0,2,50,4,56,34,17,93,6,150,28,0,28,178
08/14/2019,BTR,LA,ASW,CE,Combined TRACON& Tower with Radar,34,18,45,8,105,0,0,26,0,26,34,18,71,8,131,42,12,54,185
08/15/2019,BTR,LA,ASW,CE,Combined TRACON& Tower with Radar,36,21,47,0,104,0,0,45,0,45,36,21,92,0,149,58,0,58,207
08/16/2019,BTR,LA,ASW,CE,Combined TRACON& Tower with Radar,34,16,35,0,85,0,0,34,4,38,34,16,69,4,123,12,0,12,135
08/17/2019,BTR,LA,ASW,CE,Combined TRACON& Tower with Radar,25,19,35,0,79,0,0,26,0,26,25,19,61,0,105,4,0,4,109
08/18/2019,BTR,LA,ASW,CE,Combined TRACON& Tower with Radar,31,21,16,0,68,0,0,16,0,16,31,21,32,0,84,12,0,12,96
08/19/2019,BTR,LA,ASW,CE,Combined TRACON& Tower with Radar,34,17,38,0,89,0,0,25,0,25,34,17,63,0,114,0,0,0,114
08/20/2019,BTR,LA,ASW,CE,Combined TRACON& Tower with Radar,33,20,30,8,91,0,0,21,0,21,33,20,51,8,112,0,0,0,112
08/21/2019,BTR,LA,ASW,CE,Combined TRACON& Tower with Radar,31,23,41,9,104,0,0,30,0,30,31,23,71,9,134,30,0,30,164
08/22/2019,BTR,LA,ASW,CE,Combined TRACON& Tower with Radar,36,25,58,2,121,0,0,44,0,44,36,25,102,2,165,0,0,0,165
08/23/2019,BTR,LA,ASW,CE,Combined TRACON& Tower with Radar,34,20,45,2,101,0,0,14,0,14,34,20,59,2,115,4,8,12,127
08/24/2019,BTR,LA,ASW,CE,Combined TRACON& Tower with Radar,24,8,13,0,45,0,0,10,0,10,24,8,23,0,55,0,0,0,55
08/25/2019,BTR,LA,ASW,CE,Combined TRACON& Tower with Radar,29,15,22,1,67,0,0,2,0,2,29,15,24,1,69,0,0,0,69
08/26/2019,BTR,LA,ASW,CE,Combined TRACON& Tower with Radar,35,16,30,0,81,0,0,24,0,24,35,16,54,0,105,16,0,16,121
08/27/2019,BTR,LA,ASW,CE,Combined TRACON& Tower with Radar,35,19,56,12,122,0,2,38,2,42,35,21,94,14,164,34,6,40,204
08/28/2019,BTR,LA,ASW,CE,Combined TRACON& Tower with Radar,36,20,41,0,97,0,0,34,0,34,36,20,75,0,131,18,0,18,149
08/29/2019,BTR,LA,ASW,CE,Combined TRACON& Tower with Radar,34,22,59,2,117,0,2,65,4,71,34,24,124,6,188,2,0,2,190
08/30/2019,BTR,LA,ASW,CE,Combined TRACON& Tower with Radar,30,23,72,2,127,0,0,67,2,69,30,23,139,4,196,0,0,0,196
08/31/2019,BTR,LA,ASW,CE,Combined TRACON& Tower with Radar,25,4,33,4,66,0,0,47,0,47,25,4,80,4,113,12,0,12,125
09/01/2019,BTR,LA,ASW,CE,Combined TRACON& Tower with Radar,26,7,31,0,64,0,0,34,0,34,26,7,65,0,98,0,0,0,98
09/02/2019,BTR,LA,ASW,CE,Combined TRACON& Tower with Radar,34,15,32,0,81,0,1,43,6,50,34,16,75,6,131,16,0,16,147
09/03/2019,BTR,LA,ASW,CE,Combined TRACON& Tower with Radar,30,25,46,2,103,0,0,43,5,48,30,25,89,7,151,65,0,65,216
09/04/2019,BTR,LA,ASW,CE,Combined TRACON& Tower with Radar,29,25,51,0,105,0,0,49,3,52,29,25,100,3,157,12,0,12,169
09/05/2019,BTR,LA,ASW,CE,Combined TRACON& Tower with Radar,33,26,44,2,105,0,0,49,0,49,33,26,93,2,154,20,0,20,174
09/06/2019,BTR,LA,ASW,CE,Combined TRACON& Tower with Radar,44,21,43,0,108,0,0,54,0,54,44,21,97,0,162,0,0,0,162
09/07/2019,BTR,LA,ASW,CE,Combined TRACON& Tower with Radar,25,12,28,1,66,0,0,26,0,26,25,12,54,1,92,0,0,0,92
09/08/2019,BTR,LA,ASW,CE,Combined TRACON& Tower with Radar,37,31,42,0,110,0,0,33,0,33,37,31,75,0,143,4,0,4,147
09/09/2019,BTR,LA,ASW,CE,Combined TRACON& Tower with Radar,31,31,47,1,110,0,0,35,0,35,31,31,82,1,145,28,0,28,173
09/10/2019,BTR,LA,ASW,CE,Combined TRACON& Tower with Radar,34,25,35,3,97,0,4,41,1,46,34,29,76,4,143,0,0,0,143
09/11/2019,BTR,LA,ASW,CE,Combined TRACON& Tower with Radar,32,20,54,3,109,0,2,68,6,76,32,22,122,9,185,48,0,48,233
09/12/2019,BTR,LA,ASW,CE,Combined TRACON& Tower with Radar,38,26,46,2,112,0,0,52,0,52,38,26,98,2,164,0,0,0,164
09/13/2019,BTR,LA,ASW,CE,Combined TRACON& Tower with Radar,31,28,68,7,134,0,0,34,2,36,31,28,102,9,170,0,0,0,170
09/14/2019,BTR,LA,ASW,CE,Combined TRACON& Tower with Radar,24,13,39,0,76,0,3,38,2,43,24,16,77,2,119,0,0,0,119
09/15/2019,BTR,LA,ASW,CE,Combined TRACON& Tower with Radar,32,18,25,0,75,0,0,24,4,28,32,18,49,4,103,0,0,0,103
09/16/2019,BTR,LA,ASW,CE,Combined TRACON& Tower with Radar,34,16,54,4,108,0,0,36,0,36,34,16,90,4,144,0,0,0,144
09/17/2019,BTR,LA,ASW,CE,Combined TRACON& Tower with Radar,34,19,57,0,110,0,0,40,0,40,34,19,97,0,150,0,0,0,150
09/18/2019,BTR,LA,ASW,CE,Combined TRACON& Tower with Radar,33,29,47,5,114,0,0,44,0,44,33,29,91,5,158,0,0,0,158
09/19/2019,BTR,LA,ASW,CE,Combined TRACON& Tower with Radar,28,25,62,0,115,0,0,58,2,60,28,25,120,2,175,18,0,18,193
09/20/2019,BTR,LA,ASW,CE,Combined TRACON& Tower with Radar,42,23,49,36,150,0,2,34,0,36,42,25,83,36,186,4,0,4,190
09/21/2019,BTR,LA,ASW,CE,Combined TRACON& Tower with Radar,28,14,31,0,73,0,0,27,1,28,28,14,58,1,101,0,0,0,101
09/22/2019,BTR,LA,ASW,CE,Combined TRACON& Tower with Radar,34,28,39,6,107,0,0,29,1,30,34,28,68,7,137,0,0,0,137
09/23/2019,BTR,LA,ASW,CE,Combined TRACON& Tower with Radar,33,29,40,3,105,0,0,28,0,28,33,29,68,3,133,20,0,20,153
09/24/2019,BTR,LA,ASW,CE,Combined TRACON& Tower with Radar,32,22,57,4,115,0,0,50,2,52,32,22,107,6,167,12,0,12,179
09/25/2019,BTR,LA,ASW,CE,Combined TRACON& Tower with Radar,32,21,48,2,103,0,2,50,0,52,32,23,98,2,155,6,0,6,161
09/26/2019,BTR,LA,ASW,CE,Combined TRACON& Tower with Radar,34,21,56,6,117,0,2,43,0,45,34,23,99,6,162,0,0,0,162
09/27/2019,BTR,LA,ASW,CE,Combined TRACON& Tower with Radar,33,19,50,0,102,0,1,42,4,47,33,20,92,4,149,4,0,4,153
09/28/2019,BTR,LA,ASW,CE,Combined TRACON& Tower with Radar,24,12,31,0,67,0,0,43,0,43,24,12,74,0,110,4,0,4,114
09/29/2019,BTR,LA,ASW,CE,Combined TRACON& Tower with Radar,29,28,34,2,93,0,0,30,0,30,29,28,64,2,123,5,0,5,128
09/30/2019,BTR,LA,ASW,CE,Combined TRACON& Tower with Radar,35,18,52,2,107,0,0,26,0,26,35,18,78,2,133,0,0,0,133
10/01/2019,BTR,LA,ASW,CE,Combined TRACON& Tower with Radar,38,14,37,2,91,0,5,36,0,41,38,19,73,2,132,14,10,24,156
10/02/2019,BTR,LA,ASW,CE,Combined TRACON& Tower with Radar,35,22,49,2,108,0,2,28,5,35,35,24,77,7,143,0,0,0,143
10/03/2019,BTR,LA,ASW,CE,Combined TRACON& Tower with Radar,38,16,62,4,120,0,0,20,4,24,38,16,82,8,144,3,0,3,147
10/04/2019,BTR,LA,ASW,CE,Combined TRACON& Tower with Radar,40,21,61,4,126,0,0,50,0,50,40,21,111,4,176,16,0,16,192
10/05/2019,BTR,LA,ASW,CE,Combined TRACON& Tower with Radar,27,13,54,0,94,0,0,41,0,41,27,13,95,0,135,0,16,16,151
10/06/2019,BTR,LA,ASW,CE,Combined TRACON& Tower with Radar,35,27,48,13,123,0,0,34,0,34,35,27,82,13,157,6,0,6,163
10/07/2019,BTR,LA,ASW,CE,Combined TRACON& Tower with Radar,38,15,37,6,96,0,0,18,0,18,38,15,55,6,114,6,0,6,120
10/08/2019,BTR,LA,ASW,CE,Combined TRACON& Tower with Radar,33,19,56,2,110,0,0,25,0,25,33,19,81,2,135,22,0,22,157
10/09/2019,BTR,LA,ASW,CE,Combined TRACON& Tower with Radar,37,27,105,2,171,0,2,50,0,52,37,29,155,2,223,22,0,22,245
10/10/2019,BTR,LA,ASW,CE,Combined TRACON& Tower with Radar,40,27,88,4,159,0,0,31,0,31,40,27,119,4,190,12,0,12,202
10/11/2019,BTR,LA,ASW,CE,Combined TRACON& Tower with Radar,42,26,72,0,140,0,0,21,2,23,42,26,93,2,163,0,0,0,163
10/12/2019,BTR,LA,ASW,CE,Combined TRACON& Tower with Radar,28,23,99,0,150,0,0,38,4,42,28,23,137,4,192,2,0,2,194
10/13/2019,BTR,LA,ASW,CE,Combined TRACON& Tower with Radar,43,28,84,0,155,0,0,30,2,32,43,28,114,2,187,12,0,12,199
10/14/2019,BTR,LA,ASW,CE,Combined TRACON& Tower with Radar,42,16,41,0,99,0,0,0,0,0,42,16,41,0,99,0,0,0,99
10/15/2019,BTR,LA,ASW,CE,Combined TRACON& Tower with Radar,35,22,41,0,98,0,0,6,0,6,35,22,47,0,104,0,0,0,104
10/16/2019,BTR,LA,ASW,CE,Combined TRACON& Tower with Radar,37,23,38,0,98,0,0,8,0,8,37,23,46,0,106,14,0,14,120
10/17/2019,BTR,LA,ASW,CE,Combined TRACON& Tower with Radar,40,22,48,0,110,0,0,63,0,63,40,22,111,0,173,0,0,0,173
10/18/2019,BTR,LA,ASW,CE,Combined TRACON& Tower with Radar,42,18,55,0,115,0,0,59,4,63,42,18,114,4,178,0,0,0,178
10/19/2019,BTR,LA,ASW,CE,Combined TRACON& Tower with Radar,31,11,20,0,62,0,0,42,2,44,31,11,62,2,106,11,0,11,117
10/20/2019,BTR,LA,ASW,CE,Combined TRACON& Tower with Radar,35,28,63,0,126,0,0,35,0,35,35,28,98,0,161,0,0,0,161
10/21/2019,BTR,LA,ASW,CE,Combined TRACON& Tower with Radar,38,11,40,0,89,0,0,1,0,1,38,11,41,0,90,0,0,0,90
10/22/2019,BTR,LA,ASW,CE,Combined TRACON& Tower with Radar,33,22,62,5,122,0,3,52,0,55,33,25,114,5,177,28,0,28,205
10/23/2019,BTR,LA,ASW,CE,Combined TRACON& Tower with Radar,37,23,51,0,111,0,0,44,0,44,37,23,95,0,155,0,0,0,155
10/24/2019,BTR,LA,ASW,CE,Combined TRACON& Tower with Radar,35,19,80,8,142,0,0,53,0,53,35,19,133,8,195,10,0,10,205
10/25/2019,BTR,LA,ASW,CE,Combined TRACON& Tower with Radar,45,16,48,0,109,0,0,0,0,0,45,16,48,0,109,0,0,0,109
10/26/2019,BTR,LA,ASW,CE,Combined TRACON& Tower with Radar,25,25,94,0,144,0,0,14,0,14,25,25,108,0,158,0,0,0,158
10/27/2019,BTR,LA,ASW,CE,Combined TRACON& Tower with Radar,39,26,73,1,139,0,0,26,1,27,39,26,99,2,166,0,0,0,166
10/28/2019,BTR,LA,ASW,CE,Combined TRACON& Tower with Radar,34,15,51,3,103,0,1,23,0,24,34,16,74,3,127,28,0,28,155
10/29/2019,BTR,LA,ASW,CE,Combined TRACON& Tower with Radar,35,25,45,0,105,0,1,11,0,12,35,26,56,0,117,0,0,0,117
10/30/2019,BTR,LA,ASW,CE,Combined TRACON& Tower with Radar,30,19,44,2,95,0,0,6,0,6,30,19,50,2,101,0,0,0,101
10/31/2019,BTR,LA,ASW,CE,Combined TRACON& Tower with Radar,29,22,52,0,103,0,2,19,0,21,29,24,71,0,124,7,0,7,131
11/01/2019,BTR,LA,ASW,CE,Combined TRACON& Tower with Radar,36,19,52,10,117,0,0,67,2,69,36,19,119,12,186,0,0,0,186
11/02/2019,BTR,LA,ASW,CE,Combined TRACON& Tower with Radar,24,13,47,0,84,0,0,53,0,53,24,13,100,0,137,6,0,6,143
11/03/2019,BTR,LA,ASW,CE,Combined TRACON& Tower with Radar,37,20,45,6,108,0,0,28,0,28,37,20,73,6,136,0,0,0,136
11/04/2019,BTR,LA,ASW,CE,Combined TRACON& Tower with Radar,40,18,48,4,110,0,0,28,0,28,40,18,76,4,138,34,0,34,172
11/05/2019,BTR,LA,ASW,CE,Combined TRACON& Tower with Radar,35,20,64,0,119,0,0,56,0,56,35,20,120,0,175,44,0,44,219
11/06/2019,BTR,LA,ASW,CE,Combined TRACON& Tower with Radar,35,27,77,0,139,0,0,81,0,81,35,27,158,0,220,8,0,8,228
11/07/2019,BTR,LA,ASW,CE,Combined TRACON& Tower with Radar,38,20,56,0,114,0,1,3,0,4,38,21,59,0,118,14,0,14,132
11/08/2019,BTR,LA,ASW,CE,Combined TRACON& Tower with Radar,37,30,76,0,143,0,2,17,1,20,37,32,93,1,163,0,0,0,163
11/09/2019,BTR,LA,ASW,CE,Combined TRACON& Tower with Radar,29,24,54,0,107,0,0,42,1,43,29,24,96,1,150,0,0,0,150
11/10/2019,BTR,LA,ASW,CE,Combined TRACON& Tower with Radar,37,31,37,1,106,0,0,44,11,55,37,31,81,12,161,22,0,22,183
11/11/2019,BTR,LA,ASW,CE,Combined TRACON& Tower with Radar,39,21,51,0,111,0,2,39,0,41,39,23,90,0,152,0,0,0,152
11/12/2019,BTR,LA,ASW,CE,Combined TRACON& Tower with Radar,37,19,45,2,103,0,0,10,0,10,37,19,55,2,113,0,0,0,113
11/13/2019,BTR,LA,ASW,CE,Combined TRACON& Tower with Radar,37,30,56,7,130,0,0,45,3,48,37,30,101,10,178,14,0,14,192
11/14/2019,BTR,LA,ASW,CE,Combined TRACON& Tower with Radar,38,24,58,0,120,0,0,20,0,20,38,24,78,0,140,0,0,0,140
11/15/2019,BTR,LA,ASW,CE,Combined TRACON& Tower with Radar,38,23,45,0,106,0,2,57,2,61,38,25,102,2,167,0,0,0,167
11/16/2019,BTR,LA,ASW,CE,Combined TRACON& Tower with Radar,27,12,42,2,83,0,0,46,0,46,27,12,88,2,129,10,0,10,139
11/17/2019,BTR,LA,ASW,CE,Combined TRACON& Tower with Radar,38,18,32,0,88,0,0,40,1,41,38,18,72,1,129,0,0,0,129
11/18/2019,BTR,LA,ASW,CE,Combined TRACON& Tower with Radar,40,25,47,0,112,0,0,46,0,46,40,25,93,0,158,6,0,6,164
11/19/2019,BTR,LA,ASW,CE,Combined TRACON& Tower with Radar,37,20,58,4,119,0,0,44,0,44,37,20,102,4,163,6,0,6,169
11/20/2019,BTR,LA,ASW,CE,Combined TRACON& Tower with Radar,39,25,68,0,132,0,1,55,0,56,39,26,123,0,188,0,0,0,188
11/21/2019,BTR,LA,ASW,CE,Combined TRACON& Tower with Radar,35,19,58,2,114,0,0,47,2,49,35,19,105,4,163,48,0,48,211
11/22/2019,BTR,LA,ASW,CE,Combined TRACON& Tower with Radar,45,13,72,0,130,0,3,25,1,29,45,16,97,1,159,12,0,12,171
11/23/2019,BTR,LA,ASW,CE,Combined TRACON& Tower with Radar,28,22,75,1,126,0,0,29,1,30,28,22,104,2,156,0,0,0,156
11/24/2019,BTR,LA,ASW,CE,Combined TRACON& Tower with Radar,43,14,50,0,107,0,0,49,0,49,43,14,99,0,156,0,0,0,156
11/25/2019,BTR,LA,ASW,CE,Combined TRACON& Tower with Radar,33,28,38,2,101,0,0,45,0,45,33,28,83,2,146,0,0,0,146
11/26/2019,BTR,LA,ASW,CE,Combined TRACON& Tower with Radar,31,27,66,6,130,0,0,3,0,3,31,27,69,6,133,50,0,50,183
11/27/2019,BTR,LA,ASW,CE,Combined TRACON& Tower with Radar,36,22,53,1,112,0,0,29,1,30,36,22,82,2,142,0,0,0,142
11/28/2019,BTR,LA,ASW,CE,Combined TRACON& Tower with Radar,17,14,18,0,49,0,0,11,0,11,17,14,29,0,60,0,0,0,60
11/29/2019,BTR,LA,ASW,CE,Combined TRACON& Tower with Radar,28,17,49,0,94,0,0,53,0,53,28,17,102,0,147,4,0,4,151
11/30/2019,BTR,LA,ASW,CE,Combined TRACON& Tower with Radar,36,33,64,0,133,0,0,16,0,16,36,33,80,0,149,16,0,16,165
12/01/2019,BTR,LA,ASW,CE,Combined TRACON& Tower with Radar,38,29,73,0,140,0,0,49,0,49,38,29,122,0,189,10,0,10,199
12/02/2019,BTR,LA,ASW,CE,Combined TRACON& Tower with Radar,35,24,33,0,92,0,0,25,2,27,35,24,58,2,119,16,0,16,135
12/03/2019,BTR,LA,ASW,CE,Combined TRACON& Tower with Radar,33,29,66,1,129,0,2,43,2,47,33,31,109,3,176,32,12,44,220
12/04/2019,BTR,LA,ASW,CE,Combined TRACON& Tower with Radar,34,34,63,3,134,0,2,52,0,54,34,36,115,3,188,0,0,0,188
12/05/2019,BTR,LA,ASW,CE,Combined TRACON& Tower with Radar,38,26,56,2,122,0,1,44,3,48,38,27,100,5,170,30,0,30,200
12/06/2019,BTR,LA,ASW,CE,Combined TRACON& Tower with Radar,38,27,59,4,128,0,0,27,0,27,38,27,86,4,155,18,0,18,173
12/07/2019,BTR,LA,ASW,CE,Combined TRACON& Tower with Radar,29,14,78,0,121,0,2,8,0,10,29,16,86,0,131,0,0,0,131
12/08/2019,BTR,LA,ASW,CE,Combined TRACON& Tower with Radar,37,22,49,0,108,0,0,34,0,34,37,22,83,0,142,0,0,0,142
12/09/2019,BTR,LA,ASW,CE,Combined TRACON& Tower with Radar,36,21,56,0,113,0,0,10,0,10,36,21,66,0,123,0,0,0,123
12/10/2019,BTR,LA,ASW,CE,Combined TRACON& Tower with Radar,28,23,58,0,109,1,0,0,0,1,29,23,58,0,110,0,0,0,110
12/11/2019,BTR,LA,ASW,CE,Combined TRACON& Tower with Radar,34,24,71,0,129,0,0,52,0,52,34,24,123,0,181,10,0,10,191
12/12/2019,BTR,LA,ASW,CE,Combined TRACON& Tower with Radar,36,22,63,2,123,0,0,40,0,40,36,22,103,2,163,14,0,14,177
12/13/2019,BTR,LA,ASW,CE,Combined TRACON& Tower with Radar,38,20,49,0,107,0,0,18,0,18,38,20,67,0,125,22,0,22,147
12/14/2019,BTR,LA,ASW,CE,Combined TRACON& Tower with Radar,24,11,20,0,55,0,0,24,0,24,24,11,44,0,79,30,0,30,109
12/15/2019,BTR,LA,ASW,CE,Combined TRACON& Tower with Radar,35,21,33,0,89,0,2,18,0,20,35,23,51,0,109,0,0,0,109
12/16/2019,BTR,LA,ASW,CE,Combined TRACON& Tower with Radar,33,15,37,0,85,0,1,3,0,4,33,16,40,0,89,0,0,0,89
12/17/2019,BTR,LA,ASW,CE,Combined TRACON& Tower with Radar,30,24,59,3,116,0,0,15,2,17,30,24,74,5,133,0,0,0,133
12/18/2019,BTR,LA,ASW,CE,Combined TRACON& Tower with Radar,29,23,77,0,129,0,0,57,0,57,29,23,134,0,186,8,0,8,194
12/19/2019,BTR,LA,ASW,CE,Combined TRACON& Tower with Radar,28,21,62,0,111,0,1,62,2,65,28,22,124,2,176,38,0,38,214
12/20/2019,BTR,LA,ASW,CE,Combined TRACON& Tower with Radar,31,21,59,0,111,0,0,44,0,44,31,21,103,0,155,6,0,6,161
12/21/2019,BTR,LA,ASW,CE,Combined TRACON& Tower with Radar,15,29,23,0,67,0,0,1,0,1,15,29,24,0,68,0,0,0,68
12/22/2019,BTR,LA,ASW,CE,Combined TRACON& Tower with Radar,22,31,29,0,82,0,0,2,0,2,22,31,31,0,84,0,0,0,84
12/23/2019,BTR,LA,ASW,CE,Combined TRACON& Tower with Radar,14,37,37,10,98,0,0,29,0,29,14,37,66,10,127,0,6,6,133
12/24/2019,BTR,LA,ASW,CE,Combined TRACON& Tower with Radar,12,19,10,0,41,0,0,26,0,26,12,19,36,0,67,0,0,0,67
12/25/2019,BTR,LA,ASW,CE,Combined TRACON& Tower with Radar,15,17,5,0,37,0,0,2,0,2,15,17,7,0,39,0,0,0,39
12/26/2019,BTR,LA,ASW,CE,Combined TRACON& Tower with Radar,20,34,38,0,92,0,0,8,0,8,20,34,46,0,100,18,0,18,118
12/27/2019,BTR,LA,ASW,CE,Combined TRACON& Tower with Radar,19,43,50,0,112,0,0,14,0,14,19,43,64,0,126,0,0,0,126
12/28/2019,BTR,LA,ASW,CE,Combined TRACON& Tower with Radar,15,31,68,0,114,0,0,4,0,4,15,31,72,0,118,0,0,0,118
12/29/2019,BTR,LA,ASW,CE,Combined TRACON& Tower with Radar,25,35,40,0,100,0,0,3,0,3,25,35,43,0,103,0,0,0,103
12/30/2019,BTR,LA,ASW,CE,Combined TRACON& Tower with Radar,18,34,30,0,82,0,1,59,0,60,18,35,89,0,142,2,0,2,144
12/31/2019,BTR,LA,ASW,CE,Combined TRACON& Tower with Radar,13,19,12,0,44,0,0,37,0,37,13,19,49,0,81,24,0,24,105
01/01/2020,BTR,LA,ASW,CE,Combined TRACON& Tower with Radar,13,21,10,0,44,0,0,11,0,11,13,21,21,0,55,0,0,0,55
01/02/2020,BTR,LA,ASW,CE,Combined TRACON& Tower with Radar,18,28,21,1,68,0,0,2,0,2,18,28,23,1,70,0,0,0,70
01/03/2020,BTR,LA,ASW,CE,Combined TRACON& Tower with Radar,21,26,25,3,75,0,0,5,0,5,21,26,30,3,80,0,0,0,80
01/04/2020,BTR,LA,ASW,CE,Combined TRACON& Tower with Radar,19,19,24,0,62,0,0,55,0,55,19,19,79,0,117,0,0,0,117
01/05/2020,BTR,LA,ASW,CE,Combined TRACON& Tower with Radar,20,26,35,0,81,0,0,37,0,37,20,26,72,0,118,2,0,2,120
01/06/2020,BTR,LA,ASW,CE,Combined TRACON& Tower with Radar,29,22,44,0,95,0,0,52,0,52,29,22,96,0,147,10,0,10,157
01/07/2020,BTR,LA,ASW,CE,Combined TRACON& Tower with Radar,29,24,42,0,95,0,2,53,0,55,29,26,95,0,150,8,0,8,158
01/08/2020,BTR,LA,ASW,CE,Combined TRACON& Tower with Radar,30,17,48,4,99,0,0,54,0,54,30,17,102,4,153,14,0,14,167
01/09/2020,BTR,LA,ASW,CE,Combined TRACON& Tower with Radar,30,26,45,2,103,0,0,30,2,32,30,26,75,4,135,32,0,32,167
01/10/2020,BTR,LA,ASW,CE,Combined TRACON& Tower with Radar,25,19,18,6,68,0,0,0,0,0,25,19,18,6,68,0,0,0,68
01/11/2020,BTR,LA,ASW,CE,Combined TRACON& Tower with Radar,20,7,17,0,44,0,0,9,4,13,20,7,26,4,57,0,0,0,57
01/12/2020,BTR,LA,ASW,CE,Combined TRACON& Tower with Radar,27,17,37,2,83,0,0,26,0,26,27,17,63,2,109,36,0,36,145
01/13/2020,BTR,LA,ASW,CE,Combined TRACON& Tower with Radar,25,23,28,0,76,0,0,0,0,0,25,23,28,0,76,0,0,0,76
01/14/2020,BTR,LA,ASW,CE,Combined TRACON& Tower with Radar,26,37,44,2,109,0,0,9,0,9,26,37,53,2,118,24,0,24,142
01/15/2020,BTR,LA,ASW,CE,Combined TRACON& Tower with Radar,27,37,48,4,116,0,0,20,0,20,27,37,68,4,136,22,0,22,158
01/16/2020,BTR,LA,ASW,CE,Combined TRACON& Tower with Radar,30,28,54,0,112,0,0,7,0,7,30,28,61,0,119,0,0,0,119
01/17/2020,BTR,LA,ASW,CE,Combined TRACON& Tower with Radar,32,33,66,5,136,0,0,28,4,32,32,33,94,9,168,4,0,4,172
01/18/2020,BTR,LA,ASW,CE,Combined TRACON& Tower with Radar,20,12,23,1,56,0,0,4,0,4,20,12,27,1,60,0,0,0,60
01/19/2020,BTR,LA,ASW,CE,Combined TRACON& Tower with Radar,22,13,34,0,69,0,0,39,0,39,22,13,73,0,108,14,0,14,122
01/20/2020,BTR,LA,ASW,CE,Combined TRACON& Tower with Radar,29,21,41,0,91,0,0,54,0,54,29,21,95,0,145,18,0,18,163
01/21/2020,BTR,LA,ASW,CE,Combined TRACON& Tower with Radar,27,26,33,0,86,0,0,70,0,70,27,26,103,0,156,12,0,12,168
01/22/2020,BTR,LA,ASW,CE,Combined TRACON& Tower with Radar,28,26,60,4,118,0,1,15,0,16,28,27,75,4,134,6,0,6,140
01/23/2020,BTR,LA,ASW,CE,Combined TRACON& Tower with Radar,31,29,34,2,96,0,0,10,0,10,31,29,44,2,106,0,0,0,106
01/24/2020,BTR,LA,ASW,CE,Combined TRACON& Tower with Radar,34,25,54,2,115,0,10,37,0,47,34,35,91,2,162,0,0,0,162
01/25/2020,BTR,LA,ASW,CE,Combined TRACON& Tower with Radar,22,14,14,0,50,0,0,38,2,40,22,14,52,2,90,6,0,6,96
01/26/2020,BTR,LA,ASW,CE,Combined TRACON& Tower with Radar,31,23,24,2,80,0,2,0,0,2,31,25,24,2,82,0,0,0,82
01/27/2020,BTR,LA,ASW,CE,Combined TRACON& Tower with Radar,30,19,45,2,96,0,0,18,0,18,30,19,63,2,114,0,0,0,114
01/28/2020,BTR,LA,ASW,CE,Combined TRACON& Tower with Radar,32,16,44,6,98,0,0,21,0,21,32,16,65,6,119,18,6,24,143
01/29/2020,BTR,LA,ASW,CE,Combined TRACON& Tower with Radar,32,26,63,2,123,0,0,3,0,3,32,26,66,2,126,0,0,0,126
01/30/2020,BTR,LA,ASW,CE,Combined TRACON& Tower with Radar,33,27,76,6,142,0,0,35,0,35,33,27,111,6,177,42,0,42,219
01/31/2020,BTR,LA,ASW,CE,Combined TRACON& Tower with Radar,30,23,58,6,117,7,0,12,0,19,37,23,70,6,136,9,0,9,145
02/01/2020,BTR,LA,ASW,CE,Combined TRACON& Tower with Radar,19,14,26,0,59,0,2,42,0,44,19,16,68,0,103,14,0,14,117
02/02/2020,BTR,LA,ASW,CE,Combined TRACON& Tower with Radar,23,22,21,0,66,0,0,25,0,25,23,22,46,0,91,10,0,10,101
02/03/2020,BTR,LA,ASW,CE,Combined TRACON& Tower with Radar,27,27,46,0,100,0,0,40,0,40,27,27,86,0,140,0,0,0,140
02/04/2020,BTR,LA,ASW,CE,Combined TRACON& Tower with Radar,28,25,51,2,106,0,0,9,0,9,28,25,60,2,115,18,0,18,133
02/05/2020,BTR,LA,ASW,CE,Combined TRACON& Tower with Radar,29,24,34,0,87,0,0,0,0,0,29,24,34,0,87,0,0,0,87
02/06/2020,BTR,LA,ASW,CE,Combined TRACON& Tower with Radar,30,23,34,0,87,0,0,2,0,2,30,23,36,0,89,0,0,0,89
02/07/2020,BTR,LA,ASW,CE,Combined TRACON& Tower with Radar,29,17,56,6,108,0,0,58,11,69,29,17,114,17,177,0,0,0,177
02/08/2020,BTR,LA,ASW,CE,Combined TRACON& Tower with Radar,19,9,31,0,59,0,0,48,0,48,19,9,79,0,107,42,0,42,149
02/09/2020,BTR,LA,ASW,CE,Combined TRACON& Tower with Radar,25,19,31,7,82,0,1,44,6,51,25,20,75,13,133,54,12,66,199
02/10/2020,BTR,LA,ASW,CE,Combined TRACON& Tower with Radar,29,25,36,4,94,0,0,1,0,1,29,25,37,4,95,0,0,0,95
02/11/2020,BTR,LA,ASW,CE,Combined TRACON& Tower with Radar,26,27,41,4,98,0,0,19,2,21,26,27,60,6,119,0,0,0,119
02/12/2020,BTR,LA,ASW,CE,Combined TRACON& Tower with Radar,33,26,48,0,107,0,0,0,0,0,33,26,48,0,107,0,0,0,107
02/13/2020,BTR,LA,ASW,CE,Combined TRACON& Tower with Radar,28,28,51,0,107,0,0,36,0,36,28,28,87,0,143,18,0,18,161
02/14/2020,BTR,LA,ASW,CE,Combined TRACON& Tower with Radar,27,30,44,1,102,0,0,66,2,68,27,30,110,3,170,24,0,24,194
02/15/2020,BTR,LA,ASW,CE,Combined TRACON& Tower with Radar,19,19,38,3,79,0,0,40,0,40,19,19,78,3,119,16,0,16,135
02/16/2020,BTR,LA,ASW,CE,Combined TRACON& Tower with Radar,25,18,34,4,81,0,0,0,0,0,25,18,34,4,81,0,0,0,81
02/17/2020,BTR,LA,ASW,CE,Combined TRACON& Tower with Radar,27,29,31,0,87,0,0,1,0,1,27,29,32,0,88,0,0,0,88
02/18/2020,BTR,LA,ASW,CE,Combined TRACON& Tower with Radar,25,31,36,0,92,0,0,3,0,3,25,31,39,0,95,6,0,6,101
02/19/2020,BTR,LA,ASW,CE,Combined TRACON& Tower with Radar,26,29,43,0,98,0,0,0,0,0,26,29,43,0,98,0,0,0,98
02/20/2020,BTR,LA,ASW,CE,Combined TRACON& Tower with Radar,26,28,35,0,89,0,0,1,0,1,26,28,36,0,90,0,0,0,90
02/21/2020,BTR,LA,ASW,CE,Combined TRACON& Tower with Radar,30,36,66,7,139,0,1,69,0,70,30,37,135,7,209,24,0,24,233
02/22/2020,BTR,LA,ASW,CE,Combined TRACON& Tower with Radar,24,29,27,9,89,0,0,42,2,44,24,29,69,11,133,12,0,12,145
02/23/2020,BTR,LA,ASW,CE,Combined TRACON& Tower with Radar,29,25,21,1,76,0,0,14,1,15,29,25,35,2,91,14,0,14,105
02/24/2020,BTR,LA,ASW,CE,Combined TRACON& Tower with Radar,27,34,38,0,99,0,0,1,0,1,27,34,39,0,100,0,0,0,100
02/25/2020,BTR,LA,ASW,CE,Combined TRACON& Tower with Radar,30,32,50,4,116,0,0,20,0,20,30,32,70,4,136,24,0,24,160
02/26/2020,BTR,LA,ASW,CE,Combined TRACON& Tower with Radar,27,41,45,8,121,0,0,36,2,38,27,41,81,10,159,16,0,16,175
02/27/2020,BTR,LA,ASW,CE,Combined TRACON& Tower with Radar,28,29,63,4,124,0,0,57,2,59,28,29,120,6,183,24,0,24,207
02/28/2020,BTR,LA,ASW,CE,Combined TRACON& Tower with Radar,28,32,51,1,112,0,1,48,0,49,28,33,99,1,161,38,0,38,199
02/29/2020,BTR,LA,ASW,CE,Combined TRACON& Tower with Radar,27,17,29,4,77,0,2,66,1,69,27,19,95,5,146,11,4,15,161
03/01/2020,BTR,LA,ASW,CE,Combined TRACON& Tower with Radar,28,20,28,0,76,0,2,19,1,22,28,22,47,1,98,27,0,27,125
03/02/2020,BTR,LA,ASW,CE,Combined TRACON& Tower with Radar,26,25,41,2,94,0,0,9,0,9,26,25,50,2,103,0,0,0,103
03/03/2020,BTR,LA,ASW,CE,Combined TRACON& Tower with Radar,26,24,27,5,82,0,0,19,0,19,26,24,46,5,101,24,0,24,125
03/04/2020,BTR,LA,ASW,CE,Combined TRACON& Tower with Radar,29,27,15,2,73,0,0,1,0,1,29,27,16,2,74,0,0,0,74
03/05/2020,BTR,LA,ASW,CE,Combined TRACON& Tower with Radar,26,28,44,3,101,0,0,35,5,40,26,28,79,8,141,0,0,0,141
03/06/2020,BTR,LA,ASW,CE,Combined TRACON& Tower with Radar,25,22,38,2,87,0,0,64,2,66,25,22,102,4,153,12,0,12,165
03/07/2020,BTR,LA,ASW,CE,Combined TRACON& Tower with Radar,19,17,39,0,75,0,0,35,2,37,19,17,74,2,112,6,0,6,118
03/08/2020,BTR,LA,ASW,CE,Combined TRACON& Tower with Radar,28,16,27,9,80,0,0,45,2,47,28,16,72,11,127,12,0,12,139
03/09/2020,BTR,LA,ASW,CE,Combined TRACON& Tower with Radar,27,31,42,0,100,0,0,13,0,13,27,31,55,0,113,10,0,10,123
03/10/2020,BTR,LA,ASW,CE,Combined TRACON& Tower with Radar,25,27,49,9,110,0,0,9,3,12,25,27,58,12,122,2,0,2,124
03/11/2020,BTR,LA,ASW,CE,Combined TRACON& Tower with Radar,27,32,58,2,119,0,0,22,4,26,27,32,80,6,145,2,0,2,147
03/12/2020,BTR,LA,ASW,CE,Combined TRACON& Tower with Radar,27,25,61,4,117,0,0,31,0,31,27,25,92,4,148,10,0,10,158
03/13/2020,BTR,LA,ASW,CE,Combined TRACON& Tower with Radar,29,23,46,4,102,0,0,18,0,18,29,23,64,4,120,30,0,30,150
03/14/2020,BTR,LA,ASW,CE,Combined TRACON& Tower with Radar,24,15,25,0,64,0,2,12,5,19,24,17,37,5,83,0,0,0,83
03/15/2020,BTR,LA,ASW,CE,Combined TRACON& Tower with Radar,35,17,30,0,82,0,0,37,0,37,35,17,67,0,119,16,0,16,135
03/16/2020,BTR,LA,ASW,CE,Combined TRACON& Tower with Radar,26,22,26,6,80,0,0,16,0,16,26,22,42,6,96,50,6,56,152
03/17/2020,BTR,LA,ASW,CE,Combined TRACON& Tower with Radar,25,19,27,0,71,0,0,8,0,8,25,19,35,0,79,10,0,10,89
03/18/2020,BTR,LA,ASW,CE,Combined TRACON& Tower with Radar,25,20,23,2,70,0,1,18,0,19,25,21,41,2,89,0,0,0,89
03/19/2020,BTR,LA,ASW,CE,Combined TRACON& Tower with Radar,23,18,22,0,63,0,2,17,0,19,23,20,39,0,82,0,0,0,82
03/20/2020,BTR,LA,ASW,CE,Combined TRACON& Tower with Radar,21,24,21,0,66,0,1,8,0,9,21,25,29,0,75,18,0,18,93
03/21/2020,BTR,LA,ASW,CE,Combined TRACON& Tower with Radar,17,9,7,2,35,0,0,0,0,0,17,9,7,2,35,0,0,0,35
03/22/2020,BTR,LA,ASW,CE,Combined TRACON& Tower with Radar,20,11,17,0,48,0,0,6,0,6,20,11,23,0,54,0,0,0,54
03/23/2020,BTR,LA,ASW,CE,Combined TRACON& Tower with Radar,24,19,15,0,58,0,0,21,0,21,24,19,36,0,79,34,0,34,113
03/24/2020,BTR,LA,ASW,CE,Combined TRACON& Tower with Radar,16,14,13,0,43,0,0,13,2,15,16,14,26,2,58,0,0,0,58
03/25/2020,BTR,LA,ASW,CE,Combined TRACON& Tower with Radar,14,16,16,6,52,0,0,20,0,20,14,16,36,6,72,0,0,0,72
03/26/2020,BTR,LA,ASW,CE,Combined TRACON& Tower with Radar,13,13,13,0,39,0,3,21,0,24,13,16,34,0,63,0,0,0,63
03/27/2020,BTR,LA,ASW,CE,Combined TRACON& Tower with Radar,9,13,12,0,34,0,2,23,0,25,9,15,35,0,59,0,0,0,59
03/28/2020,BTR,LA,ASW,CE,Combined TRACON& Tower with Radar,11,4,7,0,22,0,0,15,0,15,11,4,22,0,37,0,0,0,37
03/29/2020,BTR,LA,ASW,CE,Combined TRACON& Tower with Radar,16,12,7,3,38,0,1,23,0,24,16,13,30,3,62,16,0,16,78
03/30/2020,BTR,LA,ASW,CE,Combined TRACON& Tower with Radar,17,11,18,1,47,0,0,18,0,18,17,11,36,1,65,4,0,4,69
03/31/2020,BTR,LA,ASW,CE,Combined TRACON& Tower with Radar,15,5,1,3,24,0,2,8,0,10,15,7,9,3,34,0,0,0,34
04/01/2020,BTR,LA,ASW,CE,Combined TRACON& Tower with Radar,15,5,18,4,42,0,3,47,0,50,15,8,65,4,92,2,0,2,94
04/02/2020,BTR,LA,ASW,CE,Combined TRACON& Tower with Radar,19,4,9,0,32,0,1,26,0,27,19,5,35,0,59,0,0,0,59
04/03/2020,BTR,LA,ASW,CE,Combined TRACON& Tower with Radar,16,4,9,0,29,0,2,15,0,17,16,6,24,0,46,0,0,0,46
04/04/2020,BTR,LA,ASW,CE,Combined TRACON& Tower with Radar,10,2,5,0,17,0,2,6,2,10,10,4,11,2,27,4,0,4,31
04/05/2020,BTR,LA,ASW,CE,Combined TRACON& Tower with Radar,12,8,10,0,30,0,0,11,0,11,12,8,21,0,41,42,0,42,83
04/06/2020,BTR,LA,ASW,CE,Combined TRACON& Tower with Radar,7,6,11,0,24,0,2,21,0,23,7,8,32,0,47,0,0,0,47
04/07/2020,BTR,LA,ASW,CE,Combined TRACON& Tower with Radar,11,4,15,3,33,0,0,3,1,4,11,4,18,4,37,0,0,0,37
04/08/2020,BTR,LA,ASW,CE,Combined TRACON& Tower with Radar,12,3,9,0,24,0,0,13,0,13,12,3,22,0,37,4,0,4,41
04/09/2020,BTR,LA,ASW,CE,Combined TRACON& Tower with Radar,14,5,6,0,25,0,2,7,0,9,14,7,13,0,34,4,0,4,38
04/10/2020,BTR,LA,ASW,CE,Combined TRACON& Tower with Radar,15,2,14,10,41,0,3,22,0,25,15,5,36,10,66,0,30,30,96
04/11/2020,BTR,LA,ASW,CE,Combined TRACON& Tower with Radar,10,0,10,0,20,0,0,26,0,26,10,0,36,0,46,12,0,12,58
04/12/2020,BTR,LA,ASW,CE,Combined TRACON& Tower with Radar,13,0,1,0,14,0,0,0,0,0,13,0,1,0,14,0,0,0,14
04/13/2020,BTR,LA,ASW,CE,Combined TRACON& Tower with Radar,10,3,17,0,30,0,0,35,6,41,10,3,52,6,71,17,0,17,88
04/14/2020,BTR,LA,ASW,CE,Combined TRACON& Tower with Radar,13,6,10,0,29,0,0,22,0,22,13,6,32,0,51,0,0,0,51
04/15/2020,BTR,LA,ASW,CE,Combined TRACON& Tower with Radar,7,5,13,4,29,0,3,42,0,45,7,8,55,4,74,6,0,6,80
04/16/2020,BTR,LA,ASW,CE,Combined TRACON& Tower with Radar,12,3,22,2,39,0,0,34,0,34,12,3,56,2,73,4,0,4,77
04/17/2020,BTR,LA,ASW,CE,Combined TRACON& Tower with Radar,10,2,29,0,41,0,1,26,1,28,10,3,55,1,69,4,0,4,73
04/18/2020,BTR,LA,ASW,CE,Combined TRACON& Tower with Radar,10,2,12,0,24,0,0,3,0,3,10,2,15,0,27,0,0,0,27
04/19/2020,BTR,LA,ASW,CE,Combined TRACON& Tower with Radar,9,1,3,2,15,0,0,0,0,0,9,1,3,2,15,0,0,0,15
04/20/2020,BTR,LA,ASW,CE,Combined TRACON& Tower with Radar,8,3,32,0,43,0,0,28,0,28,8,3,60,0,71,18,0,18,89
04/21/2020,BTR,LA,ASW,CE,Combined TRACON& Tower with Radar,6,4,13,0,23,0,1,26,0,27,6,5,39,0,50,10,0,10,60
04/22/2020,BTR,LA,ASW,CE,Combined TRACON& Tower with Radar,6,4,15,2,27,0,2,12,0,14,6,6,27,2,41,0,0,0,41
04/23/2020,BTR,LA,ASW,CE,Combined TRACON& Tower with Radar,6,1,11,2,20,0,0,5,2,7,6,1,16,4,27,0,0,0,27
04/24/2020,BTR,LA,ASW,CE,Combined TRACON& Tower with Radar,6,8,26,0,40,0,5,57,0,62,6,13,83,0,102,16,0,16,118
04/25/2020,BTR,LA,ASW,CE,Combined TRACON& Tower with Radar,6,2,8,2,18,0,0,34,0,34,6,2,42,2,52,8,0,8,60
04/26/2020,BTR,LA,ASW,CE,Combined TRACON& Tower with Radar,8,5,16,0,29,0,0,17,0,17,8,5,33,0,46,14,4,18,64
04/27/2020,BTR,LA,ASW,CE,Combined TRACON& Tower with Radar,10,8,17,0,35,0,0,44,0,44,10,8,61,0,79,16,0,16,95
04/28/2020,BTR,LA,ASW,CE,Combined TRACON& Tower with Radar,6,6,13,2,27,0,0,29,0,29,6,6,42,2,56,20,0,20,76
04/29/2020,BTR,LA,ASW,CE,Combined TRACON& Tower with Radar,6,5,13,2,26,0,0,10,0,10,6,5,23,2,36,0,0,0,36
04/30/2020,BTR,LA,ASW,CE,Combined TRACON& Tower with Radar,8,7,40,2,57,0,2,64,0,66,8,9,104,2,123,6,0,6,129
05/01/2020,BTR,LA,ASW,CE,Combined TRACON& Tower with Radar,8,8,21,2,39,0,1,45,4,50,8,9,66,6,89,0,0,0,89
05/02/2020,BTR,LA,ASW,CE,Combined TRACON& Tower with Radar,7,0,20,0,27,0,0,31,0,31,7,0,51,0,58,0,0,0,58
05/03/2020,BTR,LA,ASW,CE,Combined TRACON& Tower with Radar,12,2,19,0,33,0,0,27,0,27,12,2,46,0,60,4,0,4,64
05/04/2020,BTR,LA,ASW,CE,Combined TRACON& Tower with Radar,12,4,23,0,39,0,0,25,1,26,12,4,48,1,65,0,0,0,65
05/05/2020,BTR,LA,ASW,CE,Combined TRACON& Tower with Radar,8,5,33,4,50,0,1,37,0,38,8,6,70,4,88,28,0,28,116
05/06/2020,BTR,LA,ASW,CE,Combined TRACON& Tower with Radar,11,4,17,0,32,0,2,33,0,35,11,6,50,0,67,24,0,24,91
05/07/2020,BTR,LA,ASW,CE,Combined TRACON& Tower with Radar,10,13,39,0,62,0,2,51,2,55,10,15,90,2,117,54,0,54,171
05/08/2020,BTR,LA,ASW,CE,Combined TRACON& Tower with Radar,12,11,14,0,37,0,0,9,0,9,12,11,23,0,46,0,0,0,46
05/09/2020,BTR,LA,ASW,CE,Combined TRACON& Tower with Radar,12,7,18,0,37,0,0,26,0,26,12,7,44,0,63,24,0,24,87
05/10/2020,BTR,LA,ASW,CE,Combined TRACON& Tower with Radar,12,8,16,0,36,0,0,17,0,17,12,8,33,0,53,6,0,6,59
05/11/2020,BTR,LA,ASW,CE,Combined TRACON& Tower with Radar,12,8,23,0,43,0,0,46,0,46,12,8,69,0,89,40,0,40,129
05/12/2020,BTR,LA,ASW,CE,Combined TRACON& Tower with Radar,10,5,24,2,41,0,2,53,0,55,10,7,77,2,96,30,0,30,126
05/13/2020,BTR,LA,ASW,CE,Combined TRACON& Tower with Radar,12,10,15,2,39,0,2,43,2,47,12,12,58,4,86,32,0,32,118
05/14/2020,BTR,LA,ASW,CE,Combined TRACON& Tower with Radar,12,10,12,0,34,0,2,5,0,7,12,12,17,0,41,16,0,16,57
05/15/2020,BTR,LA,ASW,CE,Combined TRACON& Tower with Radar,12,8,16,0,36,0,0,13,0,13,12,8,29,0,49,0,0,0,49
05/16/2020,BTR,LA,ASW,CE,Combined TRACON& Tower with Radar,12,6,21,0,39,0,1,4,0,5,12,7,25,0,44,16,0,16,60
05/17/2020,BTR,LA,ASW,CE,Combined TRACON& Tower with Radar,10,4,17,1,32,0,2,13,0,15,10,6,30,1,47,0,0,0,47
05/18/2020,BTR,LA,ASW,CE,Combined TRACON& Tower with Radar,12,7,32,0,51,0,0,44,0,44,12,7,76,0,95,10,0,10,105
05/19/2020,BTR,LA,ASW,CE,Combined TRACON& Tower with Radar,12,9,27,0,48,0,2,32,0,34,12,11,59,0,82,12,0,12,94
05/20/2020,BTR,LA,ASW,CE,Combined TRACON& Tower with Radar,12,7,41,0,60,0,0,10,0,10,12,7,51,0,70,18,0,18,88
05/21/2020,BTR,LA,ASW,CE,Combined TRACON& Tower with Radar,12,12,40,0,64,0,0,44,0,44,12,12,84,0,108,28,0,28,136
05/22/2020,BTR,LA,ASW,CE,Combined TRACON& Tower with Radar,12,7,46,5,70,0,1,29,2,32,12,8,75,7,102,0,28,28,130
05/23/2020,BTR,LA,ASW,CE,Combined TRACON& Tower with Radar,16,4,22,0,42,0,0,12,0,12,16,4,34,0,54,0,0,0,54
05/24/2020,BTR,LA,ASW,CE,Combined TRACON& Tower with Radar,12,2,10,0,24,0,0,11,0,11,12,2,21,0,35,4,0,4,39
05/25/2020,BTR,LA,ASW,CE,Combined TRACON& Tower with Radar,12,9,21,0,42,0,0,20,0,20,12,9,41,0,62,4,0,4,66
05/26/2020,BTR,LA,ASW,CE,Combined TRACON& Tower with Radar,12,12,26,0,50,0,0,11,0,11,12,12,37,0,61,0,0,0,61
05/27/2020,BTR,LA,ASW,CE,Combined TRACON& Tower with Radar,12,21,32,0,65,0,2,38,2,42,12,23,70,2,107,24,0,24,131
05/28/2020,BTR,LA,ASW,CE,Combined TRACON& Tower with Radar,12,9,26,0,47,0,0,42,0,42,12,9,68,0,89,24,0,24,113
05/29/2020,BTR,LA,ASW,CE,Combined TRACON& Tower with Radar,9,11,36,1,57,0,3,35,1,39,9,14,71,2,96,0,0,0,96
05/30/2020,BTR,LA,ASW,CE,Combined TRACON& Tower with Radar,12,6,20,4,42,0,0,39,0,39,12,6,59,4,81,2,0,2,83
05/31/2020,BTR,LA,ASW,CE,Combined TRACON& Tower with Radar,14,9,38,4,65,0,0,39,0,39,14,9,77,4,104,6,0,6,110
06/01/2020,BTR,LA,ASW,CE,Combined TRACON& Tower with Radar,12,9,13,0,34,0,4,28,2,34,12,13,41,2,68,0,0,0,68
06/02/2020,BTR,LA,ASW,CE,Combined TRACON& Tower with Radar,12,13,18,0,43,0,2,31,0,33,12,15,49,0,76,12,0,12,88
06/03/2020,BTR,LA,ASW,CE,Combined TRACON& Tower with Radar,11,6,29,3,49,0,1,22,2,25,11,7,51,5,74,0,0,0,74
06/04/2020,BTR,LA,ASW,CE,Combined TRACON& Tower with Radar,10,6,23,2,41,0,2,36,0,38,10,8,59,2,79,14,0,14,93
06/05/2020,BTR,LA,ASW,CE,Combined TRACON& Tower with Radar,10,12,25,0,47,0,1,29,0,30,10,13,54,0,77,53,0,53,130
06/06/2020,BTR,LA,ASW,CE,Combined TRACON& Tower with Radar,10,4,18,0,32,0,0,10,0,10,10,4,28,0,42,17,0,17,59
06/07/2020,BTR,LA,ASW,CE,Combined TRACON& Tower with Radar,10,2,7,0,19,0,0,0,0,0,10,2,7,0,19,0,0,0,19
06/08/2020,BTR,LA,ASW,CE,Combined TRACON& Tower with Radar,10,8,16,0,34,0,0,2,0,2,10,8,18,0,36,0,0,0,36
06/09/2020,BTR,LA,ASW,CE,Combined TRACON& Tower with Radar,12,6,23,4,45,0,5,19,2,26,12,11,42,6,71,24,22,46,117
06/10/2020,BTR,LA,ASW,CE,Combined TRACON& Tower with Radar,10,17,46,0,73,0,2,33,0,35,10,19,79,0,108,44,0,44,152
06/11/2020,BTR,LA,ASW,CE,Combined TRACON& Tower with Radar,10,11,33,0,54,0,0,71,6,77,10,11,104,6,131,55,0,55,186
06/12/2020,BTR,LA,ASW,CE,Combined TRACON& Tower with Radar,10,7,23,0,40,0,0,55,0,55,10,7,78,0,95,26,0,26,121
06/13/2020,BTR,LA,ASW,CE,Combined TRACON& Tower with Radar,12,8,20,2,42,0,2,50,1,53,12,10,70,3,95,50,0,50,145
06/14/2020,BTR,LA,ASW,CE,Combined TRACON& Tower with Radar,10,11,31,0,52,0,0,23,0,23,10,11,54,0,75,0,0,0,75
06/15/2020,BTR,LA,ASW,CE,Combined TRACON& Tower with Radar,10,11,41,0,62,0,0,34,0,34,10,11,75,0,96,0,0,0,96
06/16/2020,BTR,LA,ASW,CE,Combined TRACON& Tower with Radar,10,5,35,0,50,0,4,40,0,44,10,9,75,0,94,42,0,42,136
06/17/2020,BTR,LA,ASW,CE,Combined TRACON& Tower with Radar,10,18,31,0,59,0,2,40,0,42,10,20,71,0,101,0,0,0,101
06/18/2020,BTR,LA,ASW,CE,Combined TRACON& Tower with Radar,10,15,27,4,56,0,0,42,0,42,10,15,69,4,98,20,0,20,118
06/19/2020,BTR,LA,ASW,CE,Combined TRACON& Tower with Radar,10,17,42,11,80,0,2,44,3,49,10,19,86,14,129,20,48,68,197
06/20/2020,BTR,LA,ASW,CE,Combined TRACON& Tower with Radar,10,8,23,0,41,0,0,38,0,38,10,8,61,0,79,0,0,0,79
06/21/2020,BTR,LA,ASW,CE,Combined TRACON& Tower with Radar,12,10,14,0,36,0,0,19,0,19,12,10,33,0,55,4,0,4,59
06/22/2020,BTR,LA,ASW,CE,Combined TRACON& Tower with Radar,12,6,20,0,38,0,1,6,0,7,12,7,26,0,45,0,0,0,45
06/23/2020,BTR,LA,ASW,CE,Combined TRACON& Tower with Radar,10,9,27,0,46,0,0,26,0,26,10,9,53,0,72,14,0,14,86
06/24/2020,BTR,LA,ASW,CE,Combined TRACON& Tower with Radar,10,9,30,0,49,0,0,0,0,0,10,9,30,0,49,0,0,0,49
06/25/2020,BTR,LA,ASW,CE,Combined TRACON& Tower with Radar,10,16,31,0,57,0,0,6,0,6,10,16,37,0,63,28,0,28,91
06/26/2020,BTR,LA,ASW,CE,Combined TRACON& Tower with Radar,10,4,51,0,65,0,0,22,0,22,10,4,73,0,87,0,0,0,87
06/27/2020,BTR,LA,ASW,CE,Combined TRACON& Tower with Radar,9,7,15,0,31,0,0,14,0,14,9,7,29,0,45,0,0,0,45
06/28/2020,BTR,LA,ASW,CE,Combined TRACON& Tower with Radar,10,13,19,4,46,0,0,21,0,21,10,13,40,4,67,0,0,0,67
06/29/2020,BTR,LA,ASW,CE,Combined TRACON& Tower with Radar,14,9,25,0,48,0,0,21,0,21,14,9,46,0,69,4,0,4,73
06/30/2020,BTR,LA,ASW,CE,Combined TRACON& Tower with Radar,10,5,30,7,52,0,3,40,3,46,10,8,70,10,98,22,0,22,120
07/01/2020,BTR,LA,ASW,CE,Combined TRACON& Tower with Radar,12,9,35,0,56,0,1,31,1,33,12,10,66,1,89,0,0,0,89
07/02/2020,BTR,LA,ASW,CE,Combined TRACON& Tower with Radar,12,9,35,18,74,0,1,30,1,32,12,10,65,19,106,8,0,8,114
07/03/2020,BTR,LA,ASW,CE,Combined TRACON& Tower with Radar,13,9,26,0,48,0,0,12,0,12,13,9,38,0,60,0,0,0,60
07/04/2020,BTR,LA,ASW,CE,Combined TRACON& Tower with Radar,12,4,21,0,37,0,0,5,0,5,12,4,26,0,42,0,0,0,42
07/05/2020,BTR,LA,ASW,CE,Combined TRACON& Tower with Radar,12,3,20,0,35,0,0,5,2,7,12,3,25,2,42,0,0,0,42
07/06/2020,BTR,LA,ASW,CE,Combined TRACON& Tower with Radar,12,12,31,0,55,0,0,5,0,5,12,12,36,0,60,0,0,0,60
07/07/2020,BTR,LA,ASW,CE,Combined TRACON& Tower with Radar,13,10,24,0,47,0,0,6,0,6,13,10,30,0,53,36,0,36,89
07/08/2020,BTR,LA,ASW,CE,Combined TRACON& Tower with Radar,12,13,26,0,51,0,0,20,0,20,12,13,46,0,71,0,0,0,71
07/09/2020,BTR,LA,ASW,CE,Combined TRACON& Tower with Radar,16,12,37,16,81,0,0,21,0,21,16,12,58,16,102,24,12,36,138
07/10/2020,BTR,LA,ASW,CE,Combined TRACON& Tower with Radar,17,12,39,0,68,0,0,23,5,28,17,12,62,5,96,32,0,32,128
07/11/2020,BTR,LA,ASW,CE,Combined TRACON& Tower with Radar,16,8,26,2,52,0,0,20,0,20,16,8,46,2,72,0,0,0,72
07/12/2020,BTR,LA,ASW,CE,Combined TRACON& Tower with Radar,16,10,23,0,49,0,0,20,2,22,16,10,43,2,71,0,0,0,71
07/13/2020,BTR,LA,ASW,CE,Combined TRACON& Tower with Radar,16,8,31,4,59,0,0,29,0,29,16,8,60,4,88,0,0,0,88
07/14/2020,BTR,LA,ASW,CE,Combined TRACON& Tower with Radar,12,6,23,6,47,0,2,30,0,32,12,8,53,6,79,0,0,0,79
07/15/2020,BTR,LA,ASW,CE,Combined TRACON& Tower with Radar,12,11,27,2,52,0,4,46,0,50,12,15,73,2,102,16,0,16,118
07/16/2020,BTR,LA,ASW,CE,Combined TRACON& Tower with Radar,16,13,41,0,70,0,1,12,0,13,16,14,53,0,83,0,0,0,83
07/17/2020,BTR,LA,ASW,CE,Combined TRACON& Tower with Radar,16,7,30,2,55,0,0,46,0,46,16,7,76,2,101,64,0,64,165
07/18/2020,BTR,LA,ASW,CE,Combined TRACON& Tower with Radar,15,8,23,1,47,0,0,30,0,30,15,8,53,1,77,0,0,0,77
07/19/2020,BTR,LA,ASW,CE,Combined TRACON& Tower with Radar,15,9,30,2,56,0,0,22,0,22,15,9,52,2,78,0,0,0,78
07/20/2020,BTR,LA,ASW,CE,Combined TRACON& Tower with Radar,16,12,48,4,80,0,2,30,0,32,16,14,78,4,112,6,0,6,118
07/21/2020,BTR,LA,ASW,CE,Combined TRACON& Tower with Radar,12,10,31,0,53,0,2,25,2,29,12,12,56,2,82,0,0,0,82
07/22/2020,BTR,LA,ASW,CE,Combined TRACON& Tower with Radar,12,13,32,0,57,0,1,54,0,55,12,14,86,0,112,8,0,8,120
07/23/2020,BTR,LA,ASW,CE,Combined TRACON& Tower with Radar,15,11,20,0,46,0,2,18,0,20,15,13,38,0,66,0,0,0,66
07/24/2020,BTR,LA,ASW,CE,Combined TRACON& Tower with Radar,18,12,31,0,61,0,0,3,0,3,18,12,34,0,64,0,0,0,64
07/25/2020,BTR,LA,ASW,CE,Combined TRACON& Tower with Radar,16,10,41,0,67,0,0,10,0,10,16,10,51,0,77,6,0,6,83
07/26/2020,BTR,LA,ASW,CE,Combined TRACON& Tower with Radar,16,9,22,0,47,0,0,2,0,2,16,9,24,0,49,0,0,0,49
07/27/2020,BTR,LA,ASW,CE,Combined TRACON& Tower with Radar,15,9,33,0,57,0,0,5,0,5,15,9,38,0,62,0,0,0,62
07/28/2020,BTR,LA,ASW,CE,Combined TRACON& Tower with Radar,12,7,23,0,42,0,0,7,0,7,12,7,30,0,49,0,0,0,49
07/29/2020,BTR,LA,ASW,CE,Combined TRACON& Tower with Radar,12,8,51,0,71,0,0,19,0,19,12,8,70,0,90,3,0,3,93
07/30/2020,BTR,LA,ASW,CE,Combined TRACON& Tower with Radar,15,11,55,5,86,0,0,46,1,47,15,11,101,6,133,12,14,26,159
07/31/2020,BTR,LA,ASW,CE,Combined TRACON& Tower with Radar,16,7,30,4,57,0,0,35,0,35,16,7,65,4,92,20,6,26,118
08/01/2020,BTR,LA,ASW,CE,Combined TRACON& Tower with Radar,17,14,13,0,44,0,0,20,0,20,17,14,33,0,64,22,0,22,86
08/02/2020,BTR,LA,ASW,CE,Combined TRACON& Tower with Radar,17,11,38,0,66,0,1,26,0,27,17,12,64,0,93,0,0,0,93
08/03/2020,BTR,LA,ASW,CE,Combined TRACON& Tower with Radar,17,11,32,2,62,0,0,43,0,43,17,11,75,2,105,22,0,22,127
08/04/2020,BTR,LA,ASW,CE,Combined TRACON& Tower with Radar,13,14,31,0,58,0,0,34,0,34,13,14,65,0,92,16,0,16,108
08/05/2020,BTR,LA,ASW,CE,Combined TRACON& Tower with Radar,14,11,41,0,66,0,1,49,2,52,14,12,90,2,118,0,0,0,118
08/06/2020,BTR,LA,ASW,CE,Combined TRACON& Tower with Radar,17,9,33,6,65,0,1,44,2,47,17,10,77,8,112,0,4,4,116
08/07/2020,BTR,LA,ASW,CE,Combined TRACON& Tower with Radar,17,11,36,0,64,0,2,37,0,39,17,13,73,0,103,0,0,0,103
08/08/2020,BTR,LA,ASW,CE,Combined TRACON& Tower with Radar,18,8,12,0,38,0,0,17,0,17,18,8,29,0,55,0,0,0,55
08/09/2020,BTR,LA,ASW,CE,Combined TRACON& Tower with Radar,18,8,24,0,50,0,0,11,0,11,18,8,35,0,61,0,0,0,61
08/10/2020,BTR,LA,ASW,CE,Combined TRACON& Tower with Radar,18,13,22,2,55,0,0,30,0,30,18,13,52,2,85,26,0,26,111
08/11/2020,BTR,LA,ASW,CE,Combined TRACON& Tower with Radar,14,13,17,4,48,0,0,38,0,38,14,13,55,4,86,26,0,26,112
08/12/2020,BTR,LA,ASW,CE,Combined TRACON& Tower with Radar,14,15,30,2,61,0,2,28,0,30,14,17,58,2,91,32,0,32,123
08/13/2020,BTR,LA,ASW,CE,Combined TRACON& Tower with Radar,20,8,37,0,65,0,0,22,0,22,20,8,59,0,87,0,0,0,87
08/14/2020,BTR,LA,ASW,CE,Combined TRACON& Tower with Radar,17,10,31,2,60,0,0,26,0,26,17,10,57,2,86,0,0,0,86
08/15/2020,BTR,LA,ASW,CE,Combined TRACON& Tower with Radar,16,9,21,0,46,0,0,16,0,16,16,9,37,0,62,2,0,2,64
08/16/2020,BTR,LA,ASW,CE,Combined TRACON& Tower with Radar,17,9,33,0,59,0,0,25,0,25,17,9,58,0,84,0,0,0,84
08/17/2020,BTR,LA,ASW,CE,Combined TRACON& Tower with Radar,17,11,29,3,60,0,0,38,1,39,17,11,67,4,99,0,0,0,99
08/18/2020,BTR,LA,ASW,CE,Combined TRACON& Tower with Radar,14,7,24,0,45,0,0,57,4,61,14,7,81,4,106,0,0,0,106
08/19/2020,BTR,LA,ASW,CE,Combined TRACON& Tower with Radar,14,11,39,0,64,0,0,36,1,37,14,11,75,1,101,14,0,14,115
08/20/2020,BTR,LA,ASW,CE,Combined TRACON& Tower with Radar,18,14,24,10,66,0,0,34,1,35,18,14,58,11,101,10,8,18,119
08/21/2020,BTR,LA,ASW,CE,Combined TRACON& Tower with Radar,17,7,33,7,64,0,1,35,0,36,17,8,68,7,100,0,10,10,110
08/22/2020,BTR,LA,ASW,CE,Combined TRACON& Tower with Radar,18,10,17,4,49,0,0,29,2,31,18,10,46,6,80,0,0,0,80
08/23/2020,BTR,LA,ASW,CE,Combined TRACON& Tower with Radar,16,10,21,0,47,0,0,41,0,41,16,10,62,0,88,0,0,0,88
08/24/2020,BTR,LA,ASW,CE,Combined TRACON& Tower with Radar,17,8,15,0,40,0,1,14,2,17,17,9,29,2,57,0,0,0,57
08/25/2020,BTR,LA,ASW,CE,Combined TRACON& Tower with Radar,14,9,9,0,32,0,0,9,0,9,14,9,18,0,41,0,0,0,41
08/26/2020,BTR,LA,ASW,CE,Combined TRACON& Tower with Radar,12,4,9,2,27,0,0,2,0,2,12,4,11,2,29,0,0,0,29
08/27/2020,BTR,LA,ASW,CE,Combined TRACON& Tower with Radar,11,1,3,0,15,0,0,19,8,27,11,1,22,8,42,0,0,0,42
08/28/2020,BTR,LA,ASW,CE,Combined TRACON& Tower with Radar,17,7,24,0,48,0,0,25,5,30,17,7,49,5,78,8,0,8,86
08/29/2020,BTR,LA,ASW,CE,Combined TRACON& Tower with Radar,17,7,29,0,53,0,0,49,2,51,17,7,78,2,104,0,0,0,104
08/30/2020,BTR,LA,ASW,CE,Combined TRACON& Tower with Radar,13,13,34,0,60,0,0,33,0,33,13,13,67,0,93,14,0,14,107
08/31/2020,BTR,LA,ASW,CE,Combined TRACON& Tower with Radar,18,11,34,0,63,0,0,30,0,30,18,11,64,0,93,0,0,0,93
09/01/2020,BTR,LA,ASW,CE,Combined TRACON& Tower with Radar,14,17,38,0,69,0,0,59,0,59,14,17,97,0,128,0,0,0,128
09/02/2020,BTR,LA,ASW,CE,Combined TRACON& Tower with Radar,13,11,43,4,71,0,1,57,0,58,13,12,100,4,129,4,0,4,133
09/03/2020,BTR,LA,ASW,CE,Combined TRACON& Tower with Radar,17,12,47,5,81,0,0,53,3,56,17,12,100,8,137,14,14,28,165
09/04/2020,BTR,LA,ASW,CE,Combined TRACON& Tower with Radar,17,14,53,0,84,0,1,65,0,66,17,15,118,0,150,12,0,12,162
09/05/2020,BTR,LA,ASW,CE,Combined TRACON& Tower with Radar,16,10,21,0,47,0,0,38,0,38,16,10,59,0,85,4,0,4,89
09/06/2020,BTR,LA,ASW,CE,Combined TRACON& Tower with Radar,16,5,10,0,31,0,1,28,0,29,16,6,38,0,60,0,0,0,60
09/07/2020,BTR,LA,ASW,CE,Combined TRACON& Tower with Radar,14,10,56,2,82,0,0,56,2,58,14,10,112,4,140,0,0,0,140
09/08/2020,BTR,LA,ASW,CE,Combined TRACON& Tower with Radar,13,14,46,4,77,0,0,45,0,45,13,14,91,4,122,22,0,22,144
09/09/2020,BTR,LA,ASW,CE,Combined TRACON& Tower with Radar,16,9,55,0,80,0,1,40,2,43,16,10,95,2,123,20,0,20,143
09/10/2020,BTR,LA,ASW,CE,Combined TRACON& Tower with Radar,14,17,61,14,106,0,1,50,3,54,14,18,111,17,160,2,20,22,182
09/11/2020,BTR,LA,ASW,CE,Combined TRACON& Tower with Radar,14,15,44,2,75,0,0,41,0,41,14,15,85,2,116,0,0,0,116
09/12/2020,BTR,LA,ASW,CE,Combined TRACON& Tower with Radar,14,13,16,0,43,0,0,48,4,52,14,13,64,4,95,0,0,0,95
09/13/2020,BTR,LA,ASW,CE,Combined TRACON& Tower with Radar,14,19,38,0,71,0,1,51,0,52,14,20,89,0,123,2,0,2,125
09/14/2020,BTR,LA,ASW,CE,Combined TRACON& Tower with Radar,14,15,39,0,68,0,0,11,0,11,14,15,50,0,79,18,0,18,97
09/15/2020,BTR,LA,ASW,CE,Combined TRACON& Tower with Radar,13,10,9,1,33,0,0,11,1,12,13,10,20,2,45,0,0,0,45
09/16/2020,BTR,LA,ASW,CE,Combined TRACON& Tower with Radar,14,12,44,2,72,0,0,61,1,62,14,12,105,3,134,64,0,64,198
09/17/2020,BTR,LA,ASW,CE,Combined TRACON& Tower with Radar,14,27,63,0,104,0,0,51,0,51,14,27,114,0,155,88,0,88,243
09/18/2020,BTR,LA,ASW,CE,Combined TRACON& Tower with Radar,15,17,39,0,71,1,1,37,0,39,16,18,76,0,110,0,0,0,110
09/19/2020,BTR,LA,ASW,CE,Combined TRACON& Tower with Radar,16,13,22,0,51,0,0,15,0,15,16,13,37,0,66,0,0,0,66
09/20/2020,BTR,LA,ASW,CE,Combined TRACON& Tower with Radar,14,16,36,0,66,0,0,3,0,3,14,16,39,0,69,0,0,0,69
09/21/2020,BTR,LA,ASW,CE,Combined TRACON& Tower with Radar,14,19,35,0,68,0,1,0,0,1,14,20,35,0,69,0,0,0,69
09/22/2020,BTR,LA,ASW,CE,Combined TRACON& Tower with Radar,13,15,29,0,57,0,0,0,0,0,13,15,29,0,57,0,0,0,57
09/23/2020,BTR,LA,ASW,CE,Combined TRACON& Tower with Radar,15,20,35,0,70,0,0,0,0,0,15,20,35,0,70,0,0,0,70
09/24/2020,BTR,LA,ASW,CE,Combined TRACON& Tower with Radar,14,19,51,2,86,0,0,6,0,6,14,19,57,2,92,0,0,0,92
09/25/2020,BTR,LA,ASW,CE,Combined TRACON& Tower with Radar,16,17,63,8,104,0,0,27,6,33,16,17,90,14,137,0,0,0,137
09/26/2020,BTR,LA,ASW,CE,Combined TRACON& Tower with Radar,16,9,29,4,58,0,0,46,1,47,16,9,75,5,105,40,4,44,149
09/27/2020,BTR,LA,ASW,CE,Combined TRACON& Tower with Radar,14,21,49,0,84,0,0,45,0,45,14,21,94,0,129,14,0,14,143
09/28/2020,BTR,LA,ASW,CE,Combined TRACON& Tower with Radar,16,17,26,0,59,0,0,2,0,2,16,17,28,0,61,8,0,8,69
09/29/2020,BTR,LA,ASW,CE,Combined TRACON& Tower with Radar,13,17,37,15,82,0,3,67,0,70,13,20,104,15,152,24,18,42,194
09/30/2020,BTR,LA,ASW,CE,Combined TRACON& Tower with Radar,16,13,62,3,94,0,2,60,1,63,16,15,122,4,157,78,16,94,251
10/01/2020,BTR,LA,ASW,CE,Combined TRACON& Tower with Radar,17,17,53,4,91,0,0,45,0,45,17,17,98,4,136,24,0,24,160
10/02/2020,BTR,LA,ASW,CE,Combined TRACON& Tower with Radar,18,17,40,0,75,0,1,39,0,40,18,18,79,0,115,0,0,0,115
10/03/2020,BTR,LA,ASW,CE,Combined TRACON& Tower with Radar,16,16,17,0,49,0,0,36,0,36,16,16,53,0,85,0,0,0,85
10/04/2020,BTR,LA,ASW,CE,Combined TRACON& Tower with Radar,16,20,24,0,60,0,0,48,1,49,16,20,72,1,109,0,0,0,109
10/05/2020,BTR,LA,ASW,CE,Combined TRACON& Tower with Radar,16,10,25,1,52,0,0,46,0,46,16,10,71,1,98,68,0,68,166
10/06/2020,BTR,LA,ASW,CE,Combined TRACON& Tower with Radar,13,14,54,1,82,0,2,58,0,60,13,16,112,1,142,28,0,28,170
10/07/2020,BTR,LA,ASW,CE,Combined TRACON& Tower with Radar,15,20,50,2,87,0,1,56,0,57,15,21,106,2,144,26,22,48,192
10/08/2020,BTR,LA,ASW,CE,Combined TRACON& Tower with Radar,22,19,50,0,91,0,0,19,0,19,22,19,69,0,110,36,0,36,146
10/09/2020,BTR,LA,ASW,CE,Combined TRACON& Tower with Radar,8,4,3,0,15,0,0,0,1,1,8,4,3,1,16,0,0,0,16
10/10/2020,BTR,LA,ASW,CE,Combined TRACON& Tower with Radar,15,5,12,2,34,0,0,25,5,30,15,5,37,7,64,0,0,0,64
10/11/2020,BTR,LA,ASW,CE,Combined TRACON& Tower with Radar,21,17,21,1,60,0,0,51,1,52,21,17,72,2,112,8,0,8,120
10/12/2020,BTR,LA,ASW,CE,Combined TRACON& Tower with Radar,17,18,35,1,71,1,0,50,0,51,18,18,85,1,122,0,0,0,122
10/13/2020,BTR,LA,ASW,CE,Combined TRACON& Tower with Radar,16,13,36,2,67,0,2,54,0,56,16,15,90,2,123,40,0,40,163
10/14/2020,BTR,LA,ASW,CE,Combined TRACON& Tower with Radar,16,15,62,14,107,0,2,62,5,69,16,17,124,19,176,0,0,0,176
10/15/2020,BTR,LA,ASW,CE,Combined TRACON& Tower with Radar,18,9,44,0,71,0,0,57,0,57,18,9,101,0,128,4,0,4,132
10/16/2020,BTR,LA,ASW,CE,Combined TRACON& Tower with Radar,18,18,47,2,85,0,1,28,0,29,18,19,75,2,114,12,0,12,126
10/17/2020,BTR,LA,ASW,CE,Combined TRACON& Tower with Radar,18,9,22,4,53,0,0,37,0,37,18,9,59,4,90,12,6,18,108
10/18/2020,BTR,LA,ASW,CE,Combined TRACON& Tower with Radar,18,12,43,0,73,0,0,26,0,26,18,12,69,0,99,32,0,32,131
10/19/2020,BTR,LA,ASW,CE,Combined TRACON& Tower with Radar,17,11,44,0,72,0,0,32,0,32,17,11,76,0,104,22,0,22,126
10/20/2020,BTR,LA,ASW,CE,Combined TRACON& Tower with Radar,16,14,36,0,66,0,2,36,0,38,16,16,72,0,104,43,0,43,147
10/21/2020,BTR,LA,ASW,CE,Combined TRACON& Tower with Radar,16,11,63,3,93,0,0,46,1,47,16,11,109,4,140,12,0,12,152
10/22/2020,BTR,LA,ASW,CE,Combined TRACON& Tower with Radar,18,23,43,1,85,0,2,32,0,34,18,25,75,1,119,10,0,10,129
10/23/2020,BTR,LA,ASW,CE,Combined TRACON& Tower with Radar,21,15,46,10,92,0,0,7,1,8,21,15,53,11,100,16,0,16,116
10/24/2020,BTR,LA,ASW,CE,Combined TRACON& Tower with Radar,19,14,48,0,81,0,0,14,0,14,19,14,62,0,95,26,0,26,121
10/25/2020,BTR,LA,ASW,CE,Combined TRACON& Tower with Radar,18,16,48,0,82,0,2,25,1,28,18,18,73,1,110,0,0,0,110
10/26/2020,BTR,LA,ASW,CE,Combined TRACON& Tower with Radar,17,17,48,6,88,0,1,59,0,60,17,18,107,6,148,28,0,28,176
10/27/2020,BTR,LA,ASW,CE,Combined TRACON& Tower with Radar,18,20,31,4,73,0,0,30,0,30,18,20,61,4,103,86,0,86,189
10/28/2020,BTR,LA,ASW,CE,Combined TRACON& Tower with Radar,18,14,20,0,52,0,0,0,0,0,18,14,20,0,52,0,0,0,52
10/29/2020,BTR,LA,ASW,CE,Combined TRACON& Tower with Radar,18,20,30,6,74,0,1,41,7,49,18,21,71,13,123,32,0,32,155
10/30/2020,BTR,LA,ASW,CE,Combined TRACON& Tower with Radar,20,25,51,2,98,0,1,50,0,51,20,26,101,2,149,0,0,0,149
10/31/2020,BTR,LA,ASW,CE,Combined TRACON& Tower with Radar,14,10,23,0,47,0,2,32,0,34,14,12,55,0,81,42,0,42,123
11/01/2020,BTR,LA,ASW,CE,Combined TRACON& Tower with Radar,17,13,36,0,66,0,0,23,0,23,17,13,59,0,89,32,0,32,121
11/02/2020,BTR,LA,ASW,CE,Combined TRACON& Tower with Radar,19,13,37,0,69,0,0,36,0,36,19,13,73,0,105,36,0,36,141
11/03/2020,BTR,LA,ASW,CE,Combined TRACON& Tower with Radar,17,7,37,0,61,0,0,62,0,62,17,7,99,0,123,16,0,16,139
11/04/2020,BTR,LA,ASW,CE,Combined TRACON& Tower with Radar,18,12,56,3,89,0,1,42,3,46,18,13,98,6,135,34,0,34,169
11/05/2020,BTR,LA,ASW,CE,Combined TRACON& Tower with Radar,20,14,49,2,85,0,0,47,4,51,20,14,96,6,136,62,0,62,198
11/06/2020,BTR,LA,ASW,CE,Combined TRACON& Tower with Radar,21,17,44,0,82,0,2,43,0,45,21,19,87,0,127,166,0,166,293
11/07/2020,BTR,LA,ASW,CE,Combined TRACON& Tower with Radar,21,9,13,1,44,0,2,16,0,18,21,11,29,1,62,68,0,68,130
11/08/2020,BTR,LA,ASW,CE,Combined TRACON& Tower with Radar,20,18,56,0,94,0,0,5,0,5,20,18,61,0,99,80,0,80,179
11/09/2020,BTR,LA,ASW,CE,Combined TRACON& Tower with Radar,21,16,41,2,80,0,0,20,0,20,21,16,61,2,100,60,0,60,160
11/10/2020,BTR,LA,ASW,CE,Combined TRACON& Tower with Radar,19,14,40,6,79,0,0,8,0,8,19,14,48,6,87,38,0,38,125
11/11/2020,BTR,LA,ASW,CE,Combined TRACON& Tower with Radar,18,18,28,7,71,0,0,11,0,11,18,18,39,7,82,0,0,0,82
11/12/2020,BTR,LA,ASW,CE,Combined TRACON& Tower with Radar,21,16,49,0,86,0,3,58,0,61,21,19,107,0,147,50,0,50,197
11/13/2020,BTR,LA,ASW,CE,Combined TRACON& Tower with Radar,21,10,50,4,85,0,2,60,2,64,21,12,110,6,149,16,0,16,165
11/14/2020,BTR,LA,ASW,CE,Combined TRACON& Tower with Radar,20,10,26,0,56,0,0,45,0,45,20,10,71,0,101,82,0,82,183
11/15/2020,BTR,LA,ASW,CE,Combined TRACON& Tower with Radar,20,14,32,0,66,0,0,29,0,29,20,14,61,0,95,0,0,0,95
11/16/2020,BTR,LA,ASW,CE,Combined TRACON& Tower with Radar,20,14,33,5,72,0,0,59,1,60,20,14,92,6,132,18,0,18,150
11/17/2020,BTR,LA,ASW,CE,Combined TRACON& Tower with Radar,18,10,37,0,65,0,2,42,0,44,18,12,79,0,109,88,0,88,197
11/18/2020,BTR,LA,ASW,CE,Combined TRACON& Tower with Radar,18,18,44,0,80,0,2,44,2,48,18,20,88,2,128,130,0,130,258
11/19/2020,BTR,LA,ASW,CE,Combined TRACON& Tower with Radar,20,20,53,0,93,0,2,48,7,57,20,22,101,7,150,34,0,34,184
11/20/2020,BTR,LA,ASW,CE,Combined TRACON& Tower with Radar,24,11,52,0,87,0,2,47,1,50,24,13,99,1,137,18,0,18,155
11/21/2020,BTR,LA,ASW,CE,Combined TRACON& Tower with Radar,25,9,36,0,70,0,0,38,0,38,25,9,74,0,108,20,0,20,128
11/22/2020,BTR,LA,ASW,CE,Combined TRACON& Tower with Radar,24,16,26,2,68,0,0,33,0,33,24,16,59,2,101,34,0,34,135
11/23/2020,BTR,LA,ASW,CE,Combined TRACON& Tower with Radar,19,18,30,3,70,0,0,44,1,45,19,18,74,4,115,0,0,0,115
11/24/2020,BTR,LA,ASW,CE,Combined TRACON& Tower with Radar,23,15,39,3,80,0,0,41,1,42,23,15,80,4,122,0,0,0,122
11/25/2020,BTR,LA,ASW,CE,Combined TRACON& Tower with Radar,26,14,25,0,65,0,0,14,0,14,26,14,39,0,79,14,0,14,93
11/26/2020,BTR,LA,ASW,CE,Combined TRACON& Tower with Radar,15,3,3,0,21,0,2,9,0,11,15,5,12,0,32,8,0,8,40
11/27/2020,BTR,LA,ASW,CE,Combined TRACON& Tower with Radar,23,7,17,0,47,0,0,5,0,5,23,7,22,0,52,0,0,0,52
11/28/2020,BTR,LA,ASW,CE,Combined TRACON& Tower with Radar,25,12,25,0,62,0,0,0,0,0,25,12,25,0,62,0,0,0,62
11/29/2020,BTR,LA,ASW,CE,Combined TRACON& Tower with Radar,25,17,31,0,73,0,0,0,0,0,25,17,31,0,73,0,0,0,73
11/30/2020,BTR,LA,ASW,CE,Combined TRACON& Tower with Radar,22,21,32,14,89,0,2,32,0,34,22,23,64,14,123,0,0,0,123
12/01/2020,BTR,LA,ASW,CE,Combined TRACON& Tower with Radar,22,10,29,0,61,0,0,52,0,52,22,10,81,0,113,0,0,0,113
12/02/2020,BTR,LA,ASW,CE,Combined TRACON& Tower with Radar,16,7,21,6,50,0,1,27,0,28,16,8,48,6,78,20,0,20,98
12/03/2020,BTR,LA,ASW,CE,Combined TRACON& Tower with Radar,22,7,19,3,51,0,0,11,1,12,22,7,30,4,63,24,0,24,87
12/04/2020,BTR,LA,ASW,CE,Combined TRACON& Tower with Radar,23,16,42,2,83,0,2,46,0,48,23,18,88,2,131,36,0,36,167
12/05/2020,BTR,LA,ASW,CE,Combined TRACON& Tower with Radar,21,8,24,0,53,0,0,21,0,21,21,8,45,0,74,0,0,0,74
12/06/2020,BTR,LA,ASW,CE,Combined TRACON& Tower with Radar,26,11,26,0,63,0,0,15,0,15,26,11,41,0,78,22,0,22,100
12/07/2020,BTR,LA,ASW,CE,Combined TRACON& Tower with Radar,22,12,29,0,63,0,8,37,0,45,22,20,66,0,108,0,0,0,108
12/08/2020,BTR,LA,ASW,CE,Combined TRACON& Tower with Radar,16,14,36,2,68,0,4,41,0,45,16,18,77,2,113,8,0,8,121
12/09/2020,BTR,LA,ASW,CE,Combined TRACON& Tower with Radar,16,8,38,0,62,0,3,52,0,55,16,11,90,0,117,124,0,124,241
12/10/2020,BTR,LA,ASW,CE,Combined TRACON& Tower with Radar,22,10,33,4,69,0,5,43,0,48,22,15,76,4,117,34,0,34,151
12/11/2020,BTR,LA,ASW,CE,Combined TRACON& Tower with Radar,25,9,26,4,64,0,4,40,0,44,25,13,66,4,108,0,0,0,108
12/12/2020,BTR,LA,ASW,CE,Combined TRACON& Tower with Radar,21,8,41,0,70,0,0,9,0,9,21,8,50,0,79,58,0,58,137
12/13/2020,BTR,LA,ASW,CE,Combined TRACON& Tower with Radar,22,10,22,6,60,0,0,4,0,4,22,10,26,6,64,0,0,0,64
12/14/2020,BTR,LA,ASW,CE,Combined TRACON& Tower with Radar,22,12,43,6,83,0,0,27,2,29,22,12,70,8,112,10,0,10,122
12/15/2020,BTR,LA,ASW,CE,Combined TRACON& Tower with Radar,16,10,29,8,63,0,4,7,0,11,16,14,36,8,74,0,0,0,74
12/16/2020,BTR,LA,ASW,CE,Combined TRACON& Tower with Radar,15,10,45,2,72,0,0,6,0,6,15,10,51,2,78,48,8,56,134
12/17/2020,BTR,LA,ASW,CE,Combined TRACON& Tower with Radar,18,18,42,0,78,0,2,50,0,52,18,20,92,0,130,46,0,46,176
12/18/2020,BTR,LA,ASW,CE,Combined TRACON& Tower with Radar,18,14,60,0,92,0,0,41,0,41,18,14,101,0,133,98,0,98,231
12/19/2020,BTR,LA,ASW,CE,Combined TRACON& Tower with Radar,19,15,15,0,49,0,0,11,0,11,19,15,26,0,60,18,0,18,78
12/20/2020,BTR,LA,ASW,CE,Combined TRACON& Tower with Radar,18,18,28,0,64,0,1,14,2,17,18,19,42,2,81,6,0,6,87
12/21/2020,BTR,LA,ASW,CE,Combined TRACON& Tower with Radar,18,17,32,0,67,0,0,31,0,31,18,17,63,0,98,0,0,0,98
12/22/2020,BTR,LA,ASW,CE,Combined TRACON& Tower with Radar,18,18,29,2,67,0,0,50,0,50,18,18,79,2,117,0,0,0,117
12/23/2020,BTR,LA,ASW,CE,Combined TRACON& Tower with Radar,18,22,29,0,69,0,0,31,0,31,18,22,60,0,100,0,0,0,100
12/24/2020,BTR,LA,ASW,CE,Combined TRACON& Tower with Radar,15,12,9,10,46,0,0,13,0,13,15,12,22,10,59,0,0,0,59
12/25/2020,BTR,LA,ASW,CE,Combined TRACON& Tower with Radar,13,9,7,0,29,0,0,8,0,8,13,9,15,0,37,0,0,0,37
12/26/2020,BTR,LA,ASW,CE,Combined TRACON& Tower with Radar,18,12,23,0,53,0,1,27,1,29,18,13,50,1,82,0,0,0,82
12/27/2020,BTR,LA,ASW,CE,Combined TRACON& Tower with Radar,18,18,32,0,68,0,0,34,0,34,18,18,66,0,102,32,0,32,134
12/28/2020,BTR,LA,ASW,CE,Combined TRACON& Tower with Radar,18,19,34,0,71,0,0,40,0,40,18,19,74,0,111,0,0,0,111
12/29/2020,BTR,LA,ASW,CE,Combined TRACON& Tower with Radar,19,21,44,0,84,0,0,58,0,58,19,21,102,0,142,34,0,34,176
12/30/2020,BTR,LA,ASW,CE,Combined TRACON& Tower with Radar,26,22,18,0,66,0,0,20,0,20,26,22,38,0,86,8,0,8,94
12/31/2020,BTR,LA,ASW,CE,Combined TRACON& Tower with Radar,16,15,11,1,43,0,0,4,0,4,16,15,15,1,47,0,0,0,47
01/01/2021,BTR,LA,ASW,CE,Combined TRACON& Tower with Radar,13,10,12,4,39,0,0,16,0,16,13,10,28,4,55,20,0,20,75
01/02/2021,BTR,LA,ASW,CE,Combined TRACON& Tower with Radar,19,19,27,0,65,0,0,24,0,24,19,19,51,0,89,20,0,20,109
01/03/2021,BTR,LA,ASW,CE,Combined TRACON& Tower with Radar,18,13,29,0,60,0,0,33,0,33,18,13,62,0,93,8,0,8,101
01/04/2021,BTR,LA,ASW,CE,Combined TRACON& Tower with Radar,18,20,29,0,67,0,0,61,0,61,18,20,90,0,128,12,0,12,140
01/05/2021,BTR,LA,ASW,CE,Combined TRACON& Tower with Radar,17,11,22,0,50,0,2,50,0,52,17,13,72,0,102,0,0,0,102
01/06/2021,BTR,LA,ASW,CE,Combined TRACON& Tower with Radar,16,16,32,10,74,0,0,21,0,21,16,16,53,10,95,46,0,46,141
01/07/2021,BTR,LA,ASW,CE,Combined TRACON& Tower with Radar,18,15,24,15,72,0,0,6,2,8,18,15,30,17,80,52,0,52,132
01/08/2021,BTR,LA,ASW,CE,Combined TRACON& Tower with Radar,20,19,30,4,73,0,0,15,0,15,20,19,45,4,88,0,0,0,88
01/09/2021,BTR,LA,ASW,CE,Combined TRACON& Tower with Radar,18,11,23,3,55,0,0,32,4,36,18,11,55,7,91,8,0,8,99
01/10/2021,BTR,LA,ASW,CE,Combined TRACON& Tower with Radar,20,13,26,0,59,0,0,5,0,5,20,13,31,0,64,0,0,0,64
01/11/2021,BTR,LA,ASW,CE,Combined TRACON& Tower with Radar,19,14,22,2,57,0,0,0,0,0,19,14,22,2,57,6,0,6,63
01/12/2021,BTR,LA,ASW,CE,Combined TRACON& Tower with Radar,17,25,40,15,97,0,0,44,3,47,17,25,84,18,144,0,0,0,144
01/13/2021,BTR,LA,ASW,CE,Combined TRACON& Tower with Radar,17,11,34,4,66,0,0,42,0,42,17,11,76,4,108,0,0,0,108
01/14/2021,BTR,LA,ASW,CE,Combined TRACON& Tower with Radar,18,19,48,4,89,0,4,46,2,52,18,23,94,6,141,6,0,6,147
01/15/2021,BTR,LA,ASW,CE,Combined TRACON& Tower with Radar,18,18,43,0,79,0,0,33,0,33,18,18,76,0,112,32,0,32,144
01/16/2021,BTR,LA,ASW,CE,Combined TRACON& Tower with Radar,18,14,28,0,60,0,2,36,0,38,18,16,64,0,98,32,0,32,130
01/17/2021,BTR,LA,ASW,CE,Combined TRACON& Tower with Radar,19,15,26,0,60,0,0,26,0,26,19,15,52,0,86,30,0,30,116
01/18/2021,BTR,LA,ASW,CE,Combined TRACON& Tower with Radar,23,20,49,0,92,0,0,53,0,53,23,20,102,0,145,18,0,18,163
01/19/2021,BTR,LA,ASW,CE,Combined TRACON& Tower with Radar,19,14,26,8,67,0,0,39,0,39,19,14,65,8,106,0,0,0,106
01/20/2021,BTR,LA,ASW,CE,Combined TRACON& Tower with Radar,18,16,64,2,100,0,3,24,1,28,18,19,88,3,128,12,0,12,140
01/21/2021,BTR,LA,ASW,CE,Combined TRACON& Tower with Radar,22,20,39,4,85,0,2,6,0,8,22,22,45,4,93,12,0,12,105
01/22/2021,BTR,LA,ASW,CE,Combined TRACON& Tower with Radar,25,19,48,5,97,0,0,2,0,2,25,19,50,5,99,0,0,0,99
01/23/2021,BTR,LA,ASW,CE,Combined TRACON& Tower with Radar,20,7,24,0,51,0,0,0,0,0,20,7,24,0,51,0,0,0,51
01/24/2021,BTR,LA,ASW,CE,Combined TRACON& Tower with Radar,21,13,30,1,65,0,0,2,0,2,21,13,32,1,67,0,0,0,67
01/25/2021,BTR,LA,ASW,CE,Combined TRACON& Tower with Radar,21,13,40,0,74,0,0,9,0,9,21,13,49,0,83,0,0,0,83
01/26/2021,BTR,LA,ASW,CE,Combined TRACON& Tower with Radar,16,17,46,0,79,0,0,41,0,41,16,17,87,0,120,42,0,42,162
01/27/2021,BTR,LA,ASW,CE,Combined TRACON& Tower with Radar,17,14,54,7,92,0,0,31,1,32,17,14,85,8,124,10,0,10,134
01/28/2021,BTR,LA,ASW,CE,Combined TRACON& Tower with Radar,19,15,43,8,85,0,0,60,0,60,19,15,103,8,145,14,0,14,159
01/29/2021,BTR,LA,ASW,CE,Combined TRACON& Tower with Radar,22,19,33,2,76,0,5,52,4,61,22,24,85,6,137,14,0,14,151
01/30/2021,BTR,LA,ASW,CE,Combined TRACON& Tower with Radar,18,10,22,0,50,0,0,31,0,31,18,10,53,0,81,0,0,0,81
01/31/2021,BTR,LA,ASW,CE,Combined TRACON& Tower with Radar,19,15,37,6,77,0,1,16,2,19,19,16,53,8,96,0,0,0,96
02/01/2021,BTR,LA,ASW,CE,Combined TRACON& Tower with Radar,18,14,27,2,61,0,0,23,0,23,18,14,50,2,84,0,0,0,84
02/02/2021,BTR,LA,ASW,CE,Combined TRACON& Tower with Radar,18,15,24,0,57,0,4,42,5,51,18,19,66,5,108,14,0,14,122
02/03/2021,BTR,LA,ASW,CE,Combined TRACON& Tower with Radar,19,17,49,5,90,0,0,40,1,41,19,17,89,6,131,32,0,32,163
02/04/2021,BTR,LA,ASW,CE,Combined TRACON& Tower with Radar,19,20,36,0,75,0,3,32,8,43,19,23,68,8,118,4,0,4,122
02/05/2021,BTR,LA,ASW,CE,Combined TRACON& Tower with Radar,18,20,38,11,87,0,1,14,2,17,18,21,52,13,104,10,0,10,114
02/06/2021,BTR,LA,ASW,CE,Combined TRACON& Tower with Radar,16,10,19,0,45,0,0,0,0,0,16,10,19,0,45,0,0,0,45
02/07/2021,BTR,LA,ASW,CE,Combined TRACON& Tower with Radar,16,14,30,4,64,0,3,23,2,28,16,17,53,6,92,0,0,0,92
02/08/2021,BTR,LA,ASW,CE,Combined TRACON& Tower with Radar,18,17,34,0,69,0,0,26,0,26,18,17,60,0,95,0,0,0,95
02/09/2021,BTR,LA,ASW,CE,Combined TRACON& Tower with Radar,16,10,42,4,72,0,3,24,0,27,16,13,66,4,99,0,0,0,99
02/10/2021,BTR,LA,ASW,CE,Combined TRACON& Tower with Radar,17,18,40,5,80,0,0,5,0,5,17,18,45,5,85,0,0,0,85
02/11/2021,BTR,LA,ASW,CE,Combined TRACON& Tower with Radar,25,19,25,0,69,0,0,0,0,0,25,19,25,0,69,0,0,0,69
02/12/2021,BTR,LA,ASW,CE,Combined TRACON& Tower with Radar,24,27,23,4,78,0,0,0,0,0,24,27,23,4,78,0,0,0,78
02/13/2021,BTR,LA,ASW,CE,Combined TRACON& Tower with Radar,25,13,26,0,64,0,0,1,0,1,25,13,27,0,65,0,0,0,65
02/14/2021,BTR,LA,ASW,CE,Combined TRACON& Tower with Radar,11,16,15,0,42,0,0,0,0,0,11,16,15,0,42,0,0,0,42
02/15/2021,BTR,LA,ASW,CE,Combined TRACON& Tower with Radar,0,0,0,0,0,0,0,0,0,0,0,0,0,0,0,0,0,0,0
02/16/2021,BTR,LA,ASW,CE,Combined TRACON& Tower with Radar,7,8,12,5,32,0,2,5,0,7,7,10,17,5,39,0,0,0,39
02/17/2021,BTR,LA,ASW,CE,Combined TRACON& Tower with Radar,14,8,18,2,42,0,0,2,0,2,14,8,20,2,44,0,0,0,44
02/18/2021,BTR,LA,ASW,CE,Combined TRACON& Tower with Radar,18,10,16,6,50,0,0,4,0,4,18,10,20,6,54,0,0,0,54
02/19/2021,BTR,LA,ASW,CE,Combined TRACON& Tower with Radar,16,21,36,1,74,0,2,43,2,47,16,23,79,3,121,0,0,0,121
02/20/2021,BTR,LA,ASW,CE,Combined TRACON& Tower with Radar,18,25,38,0,81,0,1,44,1,46,18,26,82,1,127,0,0,0,127
02/21/2021,BTR,LA,ASW,CE,Combined TRACON& Tower with Radar,19,22,39,2,82,0,8,31,0,39,19,30,70,2,121,0,0,0,121
02/22/2021,BTR,LA,ASW,CE,Combined TRACON& Tower with Radar,20,20,49,6,95,0,2,36,2,40,20,22,85,8,135,0,0,0,135
02/23/2021,BTR,LA,ASW,CE,Combined TRACON& Tower with Radar,18,12,66,12,108,0,4,72,6,82,18,16,138,18,190,0,0,0,190
02/24/2021,BTR,LA,ASW,CE,Combined TRACON& Tower with Radar,19,26,52,4,101,0,4,53,1,58,19,30,105,5,159,0,0,0,159
02/25/2021,BTR,LA,ASW,CE,Combined TRACON& Tower with Radar,18,26,32,0,76,0,1,15,0,16,18,27,47,0,92,34,0,34,126
02/26/2021,BTR,LA,ASW,CE,Combined TRACON& Tower with Radar,23,23,53,1,100,0,0,30,1,31,23,23,83,2,131,6,0,6,137
02/27/2021,BTR,LA,ASW,CE,Combined TRACON& Tower with Radar,18,13,31,6,68,0,0,22,0,22,18,13,53,6,90,16,0,16,106
02/28/2021,BTR,LA,ASW,CE,Combined TRACON& Tower with Radar,19,23,33,0,75,0,0,11,0,11,19,23,44,0,86,0,0,0,86
03/01/2021,BTR,LA,ASW,CE,Combined TRACON& Tower with Radar,23,16,40,2,81,0,0,3,2,5,23,16,43,4,86,0,0,0,86
03/02/2021,BTR,LA,ASW,CE,Combined TRACON& Tower with Radar,20,20,25,0,65,0,0,0,0,0,20,20,25,0,65,0,0,0,65
03/03/2021,BTR,LA,ASW,CE,Combined TRACON& Tower with Radar,18,20,60,3,101,0,1,53,2,56,18,21,113,5,157,86,0,86,243
03/04/2021,BTR,LA,ASW,CE,Combined TRACON& Tower with Radar,24,25,44,2,95,0,2,65,4,71,24,27,109,6,166,40,0,40,206
03/05/2021,BTR,LA,ASW,CE,Combined TRACON& Tower with Radar,27,12,62,8,109,0,1,39,0,40,27,13,101,8,149,26,0,26,175
03/06/2021,BTR,LA,ASW,CE,Combined TRACON& Tower with Radar,21,8,18,2,49,0,1,58,0,59,21,9,76,2,108,6,0,6,114
03/07/2021,BTR,LA,ASW,CE,Combined TRACON& Tower with Radar,24,24,40,8,96,0,0,30,1,31,24,24,70,9,127,16,0,16,143
03/08/2021,BTR,LA,ASW,CE,Combined TRACON& Tower with Radar,24,18,49,6,97,0,9,68,0,77,24,27,117,6,174,0,0,0,174
03/09/2021,BTR,LA,ASW,CE,Combined TRACON& Tower with Radar,22,17,29,2,70,0,1,51,5,57,22,18,80,7,127,32,0,32,159
03/10/2021,BTR,LA,ASW,CE,Combined TRACON& Tower with Radar,26,17,44,0,87,0,2,54,0,56,26,19,98,0,143,26,0,26,169
03/11/2021,BTR,LA,ASW,CE,Combined TRACON& Tower with Radar,25,25,50,1,101,0,2,58,0,60,25,27,108,1,161,12,0,12,173
03/12/2021,BTR,LA,ASW,CE,Combined TRACON& Tower with Radar,24,19,53,2,98,0,4,36,0,40,24,23,89,2,138,0,0,0,138
03/13/2021,BTR,LA,ASW,CE,Combined TRACON& Tower with Radar,22,13,26,0,61,0,0,29,0,29,22,13,55,0,90,8,0,8,98
03/14/2021,BTR,LA,ASW,CE,Combined TRACON& Tower with Radar,30,19,38,0,87,0,0,16,0,16,30,19,54,0,103,0,0,0,103
03/15/2021,BTR,LA,ASW,CE,Combined TRACON& Tower with Radar,24,14,47,0,85,0,0,4,0,4,24,14,51,0,89,0,0,0,89
03/16/2021,BTR,LA,ASW,CE,Combined TRACON& Tower with Radar,22,11,36,0,69,0,0,12,1,13,22,11,48,1,82,62,0,62,144
03/17/2021,BTR,LA,ASW,CE,Combined TRACON& Tower with Radar,23,12,32,3,70,0,0,1,1,2,23,12,33,4,72,0,0,0,72
03/18/2021,BTR,LA,ASW,CE,Combined TRACON& Tower with Radar,27,19,49,9,104,0,4,66,0,70,27,23,115,9,174,14,26,40,214
03/19/2021,BTR,LA,ASW,CE,Combined TRACON& Tower with Radar,23,15,40,0,78,1,0,25,0,26,24,15,65,0,104,0,0,0,104
03/20/2021,BTR,LA,ASW,CE,Combined TRACON& Tower with Radar,19,17,29,4,69,0,1,49,0,50,19,18,78,4,119,34,0,34,153
03/21/2021,BTR,LA,ASW,CE,Combined TRACON& Tower with Radar,24,15,39,0,78,0,0,56,0,56,24,15,95,0,134,0,0,0,134
03/22/2021,BTR,LA,ASW,CE,Combined TRACON& Tower with Radar,24,16,60,2,102,0,0,44,2,46,24,16,104,4,148,10,0,10,158
03/23/2021,BTR,LA,ASW,CE,Combined TRACON& Tower with Radar,22,10,23,0,55,0,0,0,0,0,22,10,23,0,55,0,0,0,55
03/24/2021,BTR,LA,ASW,CE,Combined TRACON& Tower with Radar,22,17,19,0,58,0,2,2,6,10,22,19,21,6,68,32,0,32,100
03/25/2021,BTR,LA,ASW,CE,Combined TRACON& Tower with Radar,22,14,25,0,61,0,0,2,0,2,22,14,27,0,63,0,0,0,63
03/26/2021,BTR,LA,ASW,CE,Combined TRACON& Tower with Radar,24,19,74,0,117,0,2,88,0,90,24,21,162,0,207,10,0,10,217
03/27/2021,BTR,LA,ASW,CE,Combined TRACON& Tower with Radar,21,10,23,0,54,0,0,12,0,12,21,10,35,0,66,40,0,40,106
03/28/2021,BTR,LA,ASW,CE,Combined TRACON& Tower with Radar,25,17,27,2,71,0,0,7,2,9,25,17,34,4,80,0,0,0,80
03/29/2021,BTR,LA,ASW,CE,Combined TRACON& Tower with Radar,26,17,43,0,86,0,0,62,0,62,26,17,105,0,148,34,0,34,182
03/30/2021,BTR,LA,ASW,CE,Combined TRACON& Tower with Radar,22,12,40,2,76,0,0,29,1,30,22,12,69,3,106,44,0,44,150
03/31/2021,BTR,LA,ASW,CE,Combined TRACON& Tower with Radar,24,26,49,4,103,0,0,7,0,7,24,26,56,4,110,48,0,48,158
04/01/2021,BTR,LA,ASW,CE,Combined TRACON& Tower with Radar,24,23,61,3,111,0,2,74,6,82,24,25,135,9,193,29,0,29,222
04/02/2021,BTR,LA,ASW,CE,Combined TRACON& Tower with Radar,23,20,39,2,84,0,0,63,0,63,23,20,102,2,147,4,0,4,151
04/03/2021,BTR,LA,ASW,CE,Combined TRACON& Tower with Radar,23,10,21,0,54,0,0,43,0,43,23,10,64,0,97,18,0,18,115
04/04/2021,BTR,LA,ASW,CE,Combined TRACON& Tower with Radar,22,22,32,0,76,0,0,23,0,23,22,22,55,0,99,4,0,4,103
04/05/2021,BTR,LA,ASW,CE,Combined TRACON& Tower with Radar,24,23,59,4,110,0,0,48,0,48,24,23,107,4,158,0,0,0,158
04/06/2021,BTR,LA,ASW,CE,Combined TRACON& Tower with Radar,23,26,43,9,101,0,4,34,0,38,23,30,77,9,139,0,0,0,139
04/07/2021,BTR,LA,ASW,CE,Combined TRACON& Tower with Radar,23,24,67,14,128,0,5,41,1,47,23,29,108,15,175,40,0,40,215
04/08/2021,BTR,LA,ASW,CE,Combined TRACON& Tower with Radar,29,24,44,2,99,0,2,73,0,75,29,26,117,2,174,0,0,0,174
04/09/2021,BTR,LA,ASW,CE,Combined TRACON& Tower with Radar,26,23,60,18,127,0,3,36,0,39,26,26,96,18,166,12,0,12,178
04/10/2021,BTR,LA,ASW,CE,Combined TRACON& Tower with Radar,24,18,29,2,73,0,1,33,0,34,24,19,62,2,107,28,0,28,135
04/11/2021,BTR,LA,ASW,CE,Combined TRACON& Tower with Radar,30,29,38,0,97,0,4,54,0,58,30,33,92,0,155,0,0,0,155
04/12/2021,BTR,LA,ASW,CE,Combined TRACON& Tower with Radar,26,22,50,0,98,0,2,73,2,77,26,24,123,2,175,24,0,24,199
04/13/2021,BTR,LA,ASW,CE,Combined TRACON& Tower with Radar,24,17,22,0,63,0,0,9,1,10,24,17,31,1,73,0,0,0,73
04/14/2021,BTR,LA,ASW,CE,Combined TRACON& Tower with Radar,24,22,30,0,76,0,0,1,0,1,24,22,31,0,77,0,0,0,77
04/15/2021,BTR,LA,ASW,CE,Combined TRACON& Tower with Radar,26,17,51,2,96,0,1,26,0,27,26,18,77,2,123,28,0,28,151
04/16/2021,BTR,LA,ASW,CE,Combined TRACON& Tower with Radar,26,23,28,0,77,0,0,1,0,1,26,23,29,0,78,16,0,16,94
04/17/2021,BTR,LA,ASW,CE,Combined TRACON& Tower with Radar,24,18,20,0,62,0,0,1,0,1,24,18,21,0,63,0,0,0,63
04/18/2021,BTR,LA,ASW,CE,Combined TRACON& Tower with Radar,26,18,28,0,72,0,1,39,1,41,26,19,67,1,113,30,0,30,143
04/19/2021,BTR,LA,ASW,CE,Combined TRACON& Tower with Radar,26,23,32,0,81,0,0,60,0,60,26,23,92,0,141,0,0,0,141
04/20/2021,BTR,LA,ASW,CE,Combined TRACON& Tower with Radar,24,18,29,4,75,0,1,52,2,55,24,19,81,6,130,78,2,80,210
04/21/2021,BTR,LA,ASW,CE,Combined TRACON& Tower with Radar,25,24,54,0,103,0,1,54,2,57,25,25,108,2,160,14,0,14,174
04/22/2021,BTR,LA,ASW,CE,Combined TRACON& Tower with Radar,29,25,69,10,133,0,2,60,0,62,29,27,129,10,195,16,0,16,211
04/23/2021,BTR,LA,ASW,CE,Combined TRACON& Tower with Radar,25,17,40,8,90,0,0,18,0,18,25,17,58,8,108,0,0,0,108
04/24/2021,BTR,LA,ASW,CE,Combined TRACON& Tower with Radar,23,19,35,0,77,0,0,19,0,19,23,19,54,0,96,52,0,52,148
04/25/2021,BTR,LA,ASW,CE,Combined TRACON& Tower with Radar,28,22,30,1,81,0,1,43,0,44,28,23,73,1,125,18,10,28,153
04/26/2021,BTR,LA,ASW,CE,Combined TRACON& Tower with Radar,27,26,62,4,119,0,0,53,0,53,27,26,115,4,172,54,0,54,226
04/27/2021,BTR,LA,ASW,CE,Combined TRACON& Tower with Radar,24,18,46,4,92,0,0,43,2,45,24,18,89,6,137,24,0,24,161
04/28/2021,BTR,LA,ASW,CE,Combined TRACON& Tower with Radar,24,30,49,3,106,0,0,36,1,37,24,30,85,4,143,22,0,22,165
04/29/2021,BTR,LA,ASW,CE,Combined TRACON& Tower with Radar,28,24,52,10,114,0,0,41,0,41,28,24,93,10,155,0,0,0,155
04/30/2021,BTR,LA,ASW,CE,Combined TRACON& Tower with Radar,29,22,51,0,102,0,0,14,0,14,29,22,65,0,116,0,0,0,116
05/01/2021,BTR,LA,ASW,CE,Combined TRACON& Tower with Radar,28,14,29,0,71,0,0,22,0,22,28,14,51,0,93,42,0,42,135
05/02/2021,BTR,LA,ASW,CE,Combined TRACON& Tower with Radar,26,23,34,0,83,0,1,12,1,14,26,24,46,1,97,10,0,10,107
05/03/2021,BTR,LA,ASW,CE,Combined TRACON& Tower with Radar,28,20,45,0,93,0,5,31,0,36,28,25,76,0,129,36,0,36,165
05/04/2021,BTR,LA,ASW,CE,Combined TRACON& Tower with Radar,22,15,23,0,60,0,0,7,4,11,22,15,30,4,71,40,0,40,111
05/05/2021,BTR,LA,ASW,CE,Combined TRACON& Tower with Radar,24,31,68,1,124,0,1,17,6,24,24,32,85,7,148,8,0,8,156
05/06/2021,BTR,LA,ASW,CE,Combined TRACON& Tower with Radar,24,28,52,3,107,0,3,72,0,75,24,31,124,3,182,10,26,36,218
05/07/2021,BTR,LA,ASW,CE,Combined TRACON& Tower with Radar,23,25,52,1,101,0,0,58,0,58,23,25,110,1,159,60,0,60,219
05/08/2021,BTR,LA,ASW,CE,Combined TRACON& Tower with Radar,23,15,26,0,64,0,0,68,0,68,23,15,94,0,132,0,0,0,132
05/09/2021,BTR,LA,ASW,CE,Combined TRACON& Tower with Radar,24,20,24,0,68,0,0,13,0,13,24,20,37,0,81,0,0,0,81
05/10/2021,BTR,LA,ASW,CE,Combined TRACON& Tower with Radar,21,30,28,4,83,0,0,14,0,14,21,30,42,4,97,58,0,58,155
05/11/2021,BTR,LA,ASW,CE,Combined TRACON& Tower with Radar,20,16,34,0,70,0,0,4,0,4,20,16,38,0,74,0,0,0,74
05/12/2021,BTR,LA,ASW,CE,Combined TRACON& Tower with Radar,22,22,47,2,93,0,0,8,0,8,22,22,55,2,101,60,0,60,161
05/13/2021,BTR,LA,ASW,CE,Combined TRACON& Tower with Radar,24,21,61,0,106,0,1,48,0,49,24,22,109,0,155,0,0,0,155
05/14/2021,BTR,LA,ASW,CE,Combined TRACON& Tower with Radar,26,29,54,0,109,0,3,70,6,79,26,32,124,6,188,0,0,0,188
05/15/2021,BTR,LA,ASW,CE,Combined TRACON& Tower with Radar,23,19,30,0,72,0,2,67,0,69,23,21,97,0,141,0,0,0,141
05/16/2021,BTR,LA,ASW,CE,Combined TRACON& Tower with Radar,25,17,40,2,84,0,1,34,0,35,25,18,74,2,119,12,0,12,131
05/17/2021,BTR,LA,ASW,CE,Combined TRACON& Tower with Radar,23,26,23,2,74,0,0,6,0,6,23,26,29,2,80,0,0,0,80
05/18/2021,BTR,LA,ASW,CE,Combined TRACON& Tower with Radar,21,26,23,0,70,0,2,8,2,12,21,28,31,2,82,6,0,6,88
05/19/2021,BTR,LA,ASW,CE,Combined TRACON& Tower with Radar,23,23,35,0,81,0,0,4,0,4,23,23,39,0,85,0,0,0,85
05/20/2021,BTR,LA,ASW,CE,Combined TRACON& Tower with Radar,24,21,39,0,84,0,0,0,0,0,24,21,39,0,84,0,0,0,84
05/21/2021,BTR,LA,ASW,CE,Combined TRACON& Tower with Radar,24,21,42,0,87,0,1,9,1,11,24,22,51,1,98,0,0,0,98
05/22/2021,BTR,LA,ASW,CE,Combined TRACON& Tower with Radar,23,22,17,0,62,0,0,43,2,45,23,22,60,2,107,20,0,20,127
05/23/2021,BTR,LA,ASW,CE,Combined TRACON& Tower with Radar,24,17,34,0,75,0,0,38,2,40,24,17,72,2,115,4,0,4,119
05/24/2021,BTR,LA,ASW,CE,Combined TRACON& Tower with Radar,27,26,54,2,109,0,0,35,0,35,27,26,89,2,144,0,0,0,144
05/25/2021,BTR,LA,ASW,CE,Combined TRACON& Tower with Radar,21,35,53,5,114,0,4,44,3,51,21,39,97,8,165,30,0,30,195
05/26/2021,BTR,LA,ASW,CE,Combined TRACON& Tower with Radar,22,35,73,14,144,0,7,49,0,56,22,42,122,14,200,30,0,30,230
05/27/2021,BTR,LA,ASW,CE,Combined TRACON& Tower with Radar,24,30,46,2,102,0,6,40,3,49,24,36,86,5,151,0,0,0,151
05/28/2021,BTR,LA,ASW,CE,Combined TRACON& Tower with Radar,24,22,40,0,86,0,4,18,2,24,24,26,58,2,110,12,0,12,122
05/29/2021,BTR,LA,ASW,CE,Combined TRACON& Tower with Radar,24,14,17,0,55,0,1,11,0,12,24,15,28,0,67,0,0,0,67
05/30/2021,BTR,LA,ASW,CE,Combined TRACON& Tower with Radar,23,17,23,0,63,0,2,33,0,35,23,19,56,0,98,54,0,54,152
05/31/2021,BTR,LA,ASW,CE,Combined TRACON& Tower with Radar,22,23,37,0,82,0,4,38,0,42,22,27,75,0,124,0,0,0,124
06/01/2021,BTR,LA,ASW,CE,Combined TRACON& Tower with Radar,25,31,37,0,93,0,4,33,0,37,25,35,70,0,130,48,0,48,178
06/02/2021,BTR,LA,ASW,CE,Combined TRACON& Tower with Radar,22,24,44,5,95,0,1,27,3,31,22,25,71,8,126,30,0,30,156
06/03/2021,BTR,LA,ASW,CE,Combined TRACON& Tower with Radar,23,15,38,0,76,0,2,23,2,27,23,17,61,2,103,49,0,49,152
06/04/2021,BTR,LA,ASW,CE,Combined TRACON& Tower with Radar,26,34,45,0,105,0,0,15,0,15,26,34,60,0,120,0,0,0,120
06/05/2021,BTR,LA,ASW,CE,Combined TRACON& Tower with Radar,23,14,13,0,50,0,0,4,0,4,23,14,17,0,54,44,0,44,98
06/06/2021,BTR,LA,ASW,CE,Combined TRACON& Tower with Radar,28,12,19,0,59,0,0,4,0,4,28,12,23,0,63,0,0,0,63
06/07/2021,BTR,LA,ASW,CE,Combined TRACON& Tower with Radar,24,15,37,14,90,0,0,22,2,24,24,15,59,16,114,52,0,52,166
06/08/2021,BTR,LA,ASW,CE,Combined TRACON& Tower with Radar,25,18,49,0,92,0,5,44,5,54,25,23,93,5,146,78,0,78,224
06/09/2021,BTR,LA,ASW,CE,Combined TRACON& Tower with Radar,24,19,50,2,95,0,7,25,0,32,24,26,75,2,127,0,0,0,127
06/10/2021,BTR,LA,ASW,CE,Combined TRACON& Tower with Radar,27,23,57,0,107,0,1,41,0,42,27,24,98,0,149,28,0,28,177
06/11/2021,BTR,LA,ASW,CE,Combined TRACON& Tower with Radar,25,22,60,17,124,0,7,72,4,83,25,29,132,21,207,66,0,66,273
06/12/2021,BTR,LA,ASW,CE,Combined TRACON& Tower with Radar,23,10,29,0,62,0,0,34,0,34,23,10,63,0,96,48,0,48,144
06/13/2021,BTR,LA,ASW,CE,Combined TRACON& Tower with Radar,27,21,48,4,100,0,2,12,2,16,27,23,60,6,116,0,0,0,116
06/14/2021,BTR,LA,ASW,CE,Combined TRACON& Tower with Radar,27,26,48,10,111,0,0,34,0,34,27,26,82,10,145,44,0,44,189
06/15/2021,BTR,LA,ASW,CE,Combined TRACON& Tower with Radar,27,17,25,0,69,0,0,44,0,44,27,17,69,0,113,34,0,34,147
06/16/2021,BTR,LA,ASW,CE,Combined TRACON& Tower with Radar,24,22,55,12,113,0,1,55,0,56,24,23,110,12,169,34,0,34,203
06/17/2021,BTR,LA,ASW,CE,Combined TRACON& Tower with Radar,25,16,48,4,93,0,1,70,0,71,25,17,118,4,164,12,0,12,176
06/18/2021,BTR,LA,ASW,CE,Combined TRACON& Tower with Radar,25,27,36,0,88,0,0,16,0,16,25,27,52,0,104,4,0,4,108
06/19/2021,BTR,LA,ASW,CE,Combined TRACON& Tower with Radar,23,6,13,0,42,0,0,14,0,14,23,6,27,0,56,0,0,0,56
06/20/2021,BTR,LA,ASW,CE,Combined TRACON& Tower with Radar,25,14,17,3,59,0,0,14,1,15,25,14,31,4,74,0,0,0,74
06/21/2021,BTR,LA,ASW,CE,Combined TRACON& Tower with Radar,24,22,45,0,91,0,0,7,0,7,24,22,52,0,98,0,0,0,98
06/22/2021,BTR,LA,ASW,CE,Combined TRACON& Tower with Radar,22,20,23,0,65,0,0,11,0,11,22,20,34,0,76,50,0,50,126
06/23/2021,BTR,LA,ASW,CE,Combined TRACON& Tower with Radar,23,24,52,0,99,0,0,31,0,31,23,24,83,0,130,28,0,28,158
06/24/2021,BTR,LA,ASW,CE,Combined TRACON& Tower with Radar,27,22,54,0,103,0,0,24,0,24,27,22,78,0,127,0,0,0,127
06/25/2021,BTR,LA,ASW,CE,Combined TRACON& Tower with Radar,25,20,48,0,93,0,0,31,0,31,25,20,79,0,124,0,0,0,124
06/26/2021,BTR,LA,ASW,CE,Combined TRACON& Tower with Radar,24,11,28,4,67,0,0,13,0,13,24,11,41,4,80,0,0,0,80
06/27/2021,BTR,LA,ASW,CE,Combined TRACON& Tower with Radar,24,21,36,0,81,0,0,14,0,14,24,21,50,0,95,24,0,24,119
06/28/2021,BTR,LA,ASW,CE,Combined TRACON& Tower with Radar,26,21,56,0,103,0,1,12,0,13,26,22,68,0,116,26,0,26,142
06/29/2021,BTR,LA,ASW,CE,Combined TRACON& Tower with Radar,25,19,32,6,82,0,0,44,2,46,25,19,76,8,128,15,0,15,143
06/30/2021,BTR,LA,ASW,CE,Combined TRACON& Tower with Radar,23,24,59,2,108,0,2,56,1,59,23,26,115,3,167,4,0,4,171
07/01/2021,BTR,LA,ASW,CE,Combined TRACON& Tower with Radar,23,20,41,4,88,0,1,53,0,54,23,21,94,4,142,20,8,28,170
07/02/2021,BTR,LA,ASW,CE,Combined TRACON& Tower with Radar,20,16,47,0,83,0,1,24,0,25,20,17,71,0,108,28,0,28,136
07/03/2021,BTR,LA,ASW,CE,Combined TRACON& Tower with Radar,22,11,18,0,51,0,0,6,0,6,22,11,24,0,57,0,0,0,57
07/04/2021,BTR,LA,ASW,CE,Combined TRACON& Tower with Radar,18,9,10,0,37,0,0,16,0,16,18,9,26,0,53,0,0,0,53
07/05/2021,BTR,LA,ASW,CE,Combined TRACON& Tower with Radar,23,22,38,0,83,0,0,10,0,10,23,22,48,0,93,0,0,0,93
07/06/2021,BTR,LA,ASW,CE,Combined TRACON& Tower with Radar,23,16,34,0,73,0,1,15,0,16,23,17,49,0,89,8,0,8,97
07/07/2021,BTR,LA,ASW,CE,Combined TRACON& Tower with Radar,18,25,50,4,97,0,0,32,5,37,18,25,82,9,134,36,0,36,170
07/08/2021,BTR,LA,ASW,CE,Combined TRACON& Tower with Radar,23,19,42,1,85,0,1,43,1,45,23,20,85,2,130,10,0,10,140
07/09/2021,BTR,LA,ASW,CE,Combined TRACON& Tower with Radar,26,15,41,0,82,0,1,14,0,15,26,16,55,0,97,38,0,38,135
07/10/2021,BTR,LA,ASW,CE,Combined TRACON& Tower with Radar,22,12,26,0,60,0,0,18,0,18,22,12,44,0,78,46,0,46,124
07/11/2021,BTR,LA,ASW,CE,Combined TRACON& Tower with Radar,29,17,21,1,68,0,2,3,0,5,29,19,24,1,73,0,0,0,73
07/12/2021,BTR,LA,ASW,CE,Combined TRACON& Tower with Radar,24,19,36,1,80,0,0,13,0,13,24,19,49,1,93,12,0,12,105
07/13/2021,BTR,LA,ASW,CE,Combined TRACON& Tower with Radar,22,27,50,0,99,0,4,44,2,50,22,31,94,2,149,48,0,48,197
07/14/2021,BTR,LA,ASW,CE,Combined TRACON& Tower with Radar,24,18,40,8,90,0,0,41,0,41,24,18,81,8,131,22,0,22,153
07/15/2021,BTR,LA,ASW,CE,Combined TRACON& Tower with Radar,25,26,44,2,97,0,8,31,2,41,25,34,75,4,138,30,6,36,174
07/16/2021,BTR,LA,ASW,CE,Combined TRACON& Tower with Radar,25,27,63,2,117,0,2,21,0,23,25,29,84,2,140,0,0,0,140
07/17/2021,BTR,LA,ASW,CE,Combined TRACON& Tower with Radar,22,13,26,0,61,0,2,26,0,28,22,15,52,0,89,22,0,22,111
07/18/2021,BTR,LA,ASW,CE,Combined TRACON& Tower with Radar,24,22,49,0,95,0,0,23,0,23,24,22,72,0,118,40,0,40,158
07/19/2021,BTR,LA,ASW,CE,Combined TRACON& Tower with Radar,21,21,40,0,82,0,2,21,0,23,21,23,61,0,105,6,0,6,111
07/20/2021,BTR,LA,ASW,CE,Combined TRACON& Tower with Radar,23,18,36,2,79,0,0,11,0,11,23,18,47,2,90,6,0,6,96
07/21/2021,BTR,LA,ASW,CE,Combined TRACON& Tower with Radar,24,18,45,2,89,0,0,40,0,40,24,18,85,2,129,54,0,54,183
07/22/2021,BTR,LA,ASW,CE,Combined TRACON& Tower with Radar,25,24,62,1,112,0,0,51,1,52,25,24,113,2,164,0,0,0,164
07/23/2021,BTR,LA,ASW,CE,Combined TRACON& Tower with Radar,25,24,47,0,96,0,2,64,0,66,25,26,111,0,162,0,0,0,162
07/24/2021,BTR,LA,ASW,CE,Combined TRACON& Tower with Radar,21,11,47,0,79,0,0,63,0,63,21,11,110,0,142,12,0,12,154
07/25/2021,BTR,LA,ASW,CE,Combined TRACON& Tower with Radar,25,14,33,0,72,0,0,30,0,30,25,14,63,0,102,0,0,0,102
07/26/2021,BTR,LA,ASW,CE,Combined TRACON& Tower with Radar,23,19,47,0,89,0,1,17,0,18,23,20,64,0,107,0,0,0,107
07/27/2021,BTR,LA,ASW,CE,Combined TRACON& Tower with Radar,22,22,25,0,69,0,2,39,2,43,22,24,64,2,112,92,0,92,204
07/28/2021,BTR,LA,ASW,CE,Combined TRACON& Tower with Radar,22,20,40,0,82,0,0,44,0,44,22,20,84,0,126,44,0,44,170
07/29/2021,BTR,LA,ASW,CE,Combined TRACON& Tower with Radar,26,31,45,0,102,0,0,38,1,39,26,31,83,1,141,3,0,3,144
07/30/2021,BTR,LA,ASW,CE,Combined TRACON& Tower with Radar,25,21,47,4,97,0,0,45,5,50,25,21,92,9,147,0,0,0,147
07/31/2021,BTR,LA,ASW,CE,Combined TRACON& Tower with Radar,24,12,31,0,67,0,0,24,0,24,24,12,55,0,91,0,0,0,91
08/01/2021,BTR,LA,ASW,CE,Combined TRACON& Tower with Radar,19,15,35,0,69,0,0,20,0,20,19,15,55,0,89,0,0,0,89
08/02/2021,BTR,LA,ASW,CE,Combined TRACON& Tower with Radar,24,26,21,0,71,0,0,11,0,11,24,26,32,0,82,13,0,13,95
08/03/2021,BTR,LA,ASW,CE,Combined TRACON& Tower with Radar,21,21,30,0,72,0,0,11,0,11,21,21,41,0,83,28,0,28,111
08/04/2021,BTR,LA,ASW,CE,Combined TRACON& Tower with Radar,21,16,43,0,80,0,4,55,2,61,21,20,98,2,141,12,0,12,153
08/05/2021,BTR,LA,ASW,CE,Combined TRACON& Tower with Radar,21,27,53,2,103,0,0,45,2,47,21,27,98,4,150,18,0,18,168
08/06/2021,BTR,LA,ASW,CE,Combined TRACON& Tower with Radar,23,22,38,0,83,0,1,50,0,51,23,23,88,0,134,46,0,46,180
08/07/2021,BTR,LA,ASW,CE,Combined TRACON& Tower with Radar,20,10,16,6,52,0,0,46,0,46,20,10,62,6,98,0,0,0,98
08/08/2021,BTR,LA,ASW,CE,Combined TRACON& Tower with Radar,23,21,18,0,62,0,0,22,0,22,23,21,40,0,84,0,0,0,84
08/09/2021,BTR,LA,ASW,CE,Combined TRACON& Tower with Radar,23,18,52,0,93,0,0,34,0,34,23,18,86,0,127,0,0,0,127
08/10/2021,BTR,LA,ASW,CE,Combined TRACON& Tower with Radar,21,23,46,6,96,0,1,45,0,46,21,24,91,6,142,44,10,54,196
08/11/2021,BTR,LA,ASW,CE,Combined TRACON& Tower with Radar,23,20,38,0,81,0,5,47,0,52,23,25,85,0,133,44,0,44,177
08/12/2021,BTR,LA,ASW,CE,Combined TRACON& Tower with Radar,23,24,45,0,92,0,3,32,0,35,23,27,77,0,127,24,0,24,151
08/13/2021,BTR,LA,ASW,CE,Combined TRACON& Tower with Radar,22,19,32,0,73,0,1,50,0,51,22,20,82,0,124,18,0,18,142
08/14/2021,BTR,LA,ASW,CE,Combined TRACON& Tower with Radar,14,11,34,0,59,0,4,43,1,48,14,15,77,1,107,0,0,0,107
08/15/2021,BTR,LA,ASW,CE,Combined TRACON& Tower with Radar,21,14,18,0,53,0,0,22,1,23,21,14,40,1,76,8,0,8,84
08/16/2021,BTR,LA,ASW,CE,Combined TRACON& Tower with Radar,22,20,38,0,80,0,0,47,0,47,22,20,85,0,127,0,0,0,127
08/17/2021,BTR,LA,ASW,CE,Combined TRACON& Tower with Radar,18,17,37,0,72,0,0,42,4,46,18,17,79,4,118,48,0,48,166
08/18/2021,BTR,LA,ASW,CE,Combined TRACON& Tower with Radar,30,15,49,0,94,0,0,41,2,43,30,15,90,2,137,8,0,8,145
08/19/2021,BTR,LA,ASW,CE,Combined TRACON& Tower with Radar,25,20,24,4,73,0,0,28,0,28,25,20,52,4,101,15,0,15,116
08/20/2021,BTR,LA,ASW,CE,Combined TRACON& Tower with Radar,25,22,57,6,110,0,0,51,1,52,25,22,108,7,162,22,0,22,184
08/21/2021,BTR,LA,ASW,CE,Combined TRACON& Tower with Radar,20,12,32,0,64,0,2,41,2,45,20,14,73,2,109,24,0,24,133
08/22/2021,BTR,LA,ASW,CE,Combined TRACON& Tower with Radar,26,13,35,6,80,0,2,30,0,32,26,15,65,6,112,70,0,70,182
08/23/2021,BTR,LA,ASW,CE,Combined TRACON& Tower with Radar,26,17,51,4,98,0,0,42,0,42,26,17,93,4,140,12,0,12,152
08/24/2021,BTR,LA,ASW,CE,Combined TRACON& Tower with Radar,24,19,33,1,77,0,1,30,0,31,24,20,63,1,108,20,0,20,128
08/25/2021,BTR,LA,ASW,CE,Combined TRACON& Tower with Radar,29,17,37,0,83,0,2,38,0,40,29,19,75,0,123,0,0,0,123
08/26/2021,BTR,LA,ASW,CE,Combined TRACON& Tower with Radar,28,17,52,0,97,0,1,30,0,31,28,18,82,0,128,24,0,24,152
08/27/2021,BTR,LA,ASW,CE,Combined TRACON& Tower with Radar,28,16,62,0,106,0,0,30,0,30,28,16,92,0,136,0,0,0,136
08/28/2021,BTR,LA,ASW,CE,Combined TRACON& Tower with Radar,23,20,53,0,96,0,2,14,0,16,23,22,67,0,112,0,0,0,112
08/31/2021,BTR,LA,ASW,CE,Combined TRACON& Tower with Radar,21,25,45,2,93,0,13,102,5,120,21,38,147,7,213,0,0,0,213
09/01/2021,BTR,LA,ASW,CE,Combined TRACON& Tower with Radar,43,24,44,2,113,0,8,90,5,103,43,32,134,7,216,0,0,0,216
09/02/2021,BTR,LA,ASW,CE,Combined TRACON& Tower with Radar,37,26,72,2,137,0,8,94,3,105,37,34,166,5,242,0,0,0,242
09/03/2021,BTR,LA,ASW,CE,Combined TRACON& Tower with Radar,28,21,55,0,104,0,4,99,6,109,28,25,154,6,213,0,0,0,213
09/04/2021,BTR,LA,ASW,CE,Combined TRACON& Tower with Radar,24,17,14,2,57,0,10,92,9,111,24,27,106,11,168,22,0,22,190
09/05/2021,BTR,LA,ASW,CE,Combined TRACON& Tower with Radar,29,13,33,3,78,0,8,55,7,70,29,21,88,10,148,110,0,110,258
09/06/2021,BTR,LA,ASW,CE,Combined TRACON& Tower with Radar,23,20,66,0,109,0,2,30,5,37,23,22,96,5,146,48,0,48,194
09/07/2021,BTR,LA,ASW,CE,Combined TRACON& Tower with Radar,24,32,62,5,123,0,4,55,5,64,24,36,117,10,187,78,0,78,265
09/08/2021,BTR,LA,ASW,CE,Combined TRACON& Tower with Radar,24,37,57,4,122,0,4,84,0,88,24,41,141,4,210,40,0,40,250
09/09/2021,BTR,LA,ASW,CE,Combined TRACON& Tower with Radar,30,24,51,0,105,0,3,78,0,81,30,27,129,0,186,68,0,68,254
09/10/2021,BTR,LA,ASW,CE,Combined TRACON& Tower with Radar,28,31,57,0,116,0,2,72,0,74,28,33,129,0,190,66,0,66,256
09/11/2021,BTR,LA,ASW,CE,Combined TRACON& Tower with Radar,24,14,33,4,75,0,4,79,1,84,24,18,112,5,159,22,0,22,181
09/12/2021,BTR,LA,ASW,CE,Combined TRACON& Tower with Radar,28,21,39,0,88,0,3,16,0,19,28,24,55,0,107,22,0,22,129
09/13/2021,BTR,LA,ASW,CE,Combined TRACON& Tower with Radar,23,23,46,0,92,0,7,12,0,19,23,30,58,0,111,0,0,0,111
09/14/2021,BTR,LA,ASW,CE,Combined TRACON& Tower with Radar,21,19,25,0,65,0,0,0,0,0,21,19,25,0,65,0,0,0,65
09/15/2021,BTR,LA,ASW,CE,Combined TRACON& Tower with Radar,26,23,30,0,79,0,1,1,0,2,26,24,31,0,81,0,0,0,81
09/16/2021,BTR,LA,ASW,CE,Combined TRACON& Tower with Radar,32,19,52,2,105,0,6,17,0,23,32,25,69,2,128,66,0,66,194
09/17/2021,BTR,LA,ASW,CE,Combined TRACON& Tower with Radar,28,21,47,4,100,0,2,18,2,22,28,23,65,6,122,60,0,60,182
09/18/2021,BTR,LA,ASW,CE,Combined TRACON& Tower with Radar,27,14,31,0,72,0,3,23,0,26,27,17,54,0,98,8,0,8,106
09/19/2021,BTR,LA,ASW,CE,Combined TRACON& Tower with Radar,28,20,57,0,105,0,0,20,0,20,28,20,77,0,125,16,0,16,141
09/20/2021,BTR,LA,ASW,CE,Combined TRACON& Tower with Radar,24,17,59,4,104,0,1,50,3,54,24,18,109,7,158,6,0,6,164
09/21/2021,BTR,LA,ASW,CE,Combined TRACON& Tower with Radar,22,22,44,2,90,0,0,44,0,44,22,22,88,2,134,0,0,0,134
09/22/2021,BTR,LA,ASW,CE,Combined TRACON& Tower with Radar,24,24,50,0,98,0,0,43,0,43,24,24,93,0,141,0,0,0,141
09/23/2021,BTR,LA,ASW,CE,Combined TRACON& Tower with Radar,29,15,57,0,101,0,2,83,0,85,29,17,140,0,186,16,0,16,202
09/24/2021,BTR,LA,ASW,CE,Combined TRACON& Tower with Radar,32,23,56,6,117,0,0,93,3,96,32,23,149,9,213,103,0,103,316
09/25/2021,BTR,LA,ASW,CE,Combined TRACON& Tower with Radar,26,10,19,0,55,0,0,68,0,68,26,10,87,0,123,30,0,30,153
09/26/2021,BTR,LA,ASW,CE,Combined TRACON& Tower with Radar,28,14,62,2,106,0,0,52,0,52,28,14,114,2,158,74,0,74,232
09/27/2021,BTR,LA,ASW,CE,Combined TRACON& Tower with Radar,24,22,33,0,79,0,1,35,2,38,24,23,68,2,117,38,0,38,155
09/28/2021,BTR,LA,ASW,CE,Combined TRACON& Tower with Radar,22,22,36,2,82,0,0,0,0,0,22,22,36,2,82,0,0,0,82
09/29/2021,BTR,LA,ASW,CE,Combined TRACON& Tower with Radar,24,16,49,2,91,0,2,5,0,7,24,18,54,2,98,38,0,38,136
09/30/2021,BTR,LA,ASW,CE,Combined TRACON& Tower with Radar,27,16,48,0,91,0,0,8,0,8,27,16,56,0,99,0,0,0,99
10/01/2021,BTR,LA,ASW,CE,Combined TRACON& Tower with Radar,29,12,62,2,105,0,0,15,0,15,29,12,77,2,120,34,0,34,154
10/02/2021,BTR,LA,ASW,CE,Combined TRACON& Tower with Radar,24,28,42,0,94,0,0,12,6,18,24,28,54,6,112,0,0,0,112
10/03/2021,BTR,LA,ASW,CE,Combined TRACON& Tower with Radar,27,15,48,0,90,0,0,13,2,15,27,15,61,2,105,90,0,90,195
10/04/2021,BTR,LA,ASW,CE,Combined TRACON& Tower with Radar,24,26,54,2,106,0,0,75,0,75,24,26,129,2,181,6,0,6,187
10/05/2021,BTR,LA,ASW,CE,Combined TRACON& Tower with Radar,22,19,39,6,86,0,0,68,2,70,22,19,107,8,156,26,0,26,182
10/06/2021,BTR,LA,ASW,CE,Combined TRACON& Tower with Radar,23,16,59,3,101,0,1,45,0,46,23,17,104,3,147,50,0,50,197
10/07/2021,BTR,LA,ASW,CE,Combined TRACON& Tower with Radar,26,28,76,0,130,0,2,67,0,69,26,30,143,0,199,42,0,42,241
10/08/2021,BTR,LA,ASW,CE,Combined TRACON& Tower with Radar,30,26,45,6,107,0,0,50,0,50,30,26,95,6,157,68,0,68,225
10/09/2021,BTR,LA,ASW,CE,Combined TRACON& Tower with Radar,21,14,29,2,66,0,2,47,0,49,21,16,76,2,115,76,0,76,191
10/10/2021,BTR,LA,ASW,CE,Combined TRACON& Tower with Radar,19,16,50,0,85,0,0,22,0,22,19,16,72,0,107,16,0,16,123
10/11/2021,BTR,LA,ASW,CE,Combined TRACON& Tower with Radar,23,24,48,3,98,0,0,40,3,43,23,24,88,6,141,28,0,28,169
10/12/2021,BTR,LA,ASW,CE,Combined TRACON& Tower with Radar,22,17,51,0,90,0,2,44,4,50,22,19,95,4,140,38,0,38,178
10/13/2021,BTR,LA,ASW,CE,Combined TRACON& Tower with Radar,21,23,62,5,111,0,1,46,3,50,21,24,108,8,161,18,0,18,179
10/14/2021,BTR,LA,ASW,CE,Combined TRACON& Tower with Radar,26,37,53,0,116,0,1,39,0,40,26,38,92,0,156,24,0,24,180
10/15/2021,BTR,LA,ASW,CE,Combined TRACON& Tower with Radar,30,20,87,0,137,0,6,59,0,65,30,26,146,0,202,14,0,14,216
10/16/2021,BTR,LA,ASW,CE,Combined TRACON& Tower with Radar,24,19,62,2,107,0,2,28,0,30,24,21,90,2,137,0,0,0,137
10/17/2021,BTR,LA,ASW,CE,Combined TRACON& Tower with Radar,25,16,67,0,108,0,1,52,0,53,25,17,119,0,161,52,0,52,213
10/18/2021,BTR,LA,ASW,CE,Combined TRACON& Tower with Radar,23,28,38,0,89,0,0,50,0,50,23,28,88,0,139,70,0,70,209
10/19/2021,BTR,LA,ASW,CE,Combined TRACON& Tower with Radar,21,18,49,4,92,0,0,54,0,54,21,18,103,4,146,6,0,6,152
10/20/2021,BTR,LA,ASW,CE,Combined TRACON& Tower with Radar,25,20,65,0,110,0,0,23,0,23,25,20,88,0,133,50,0,50,183
10/21/2021,BTR,LA,ASW,CE,Combined TRACON& Tower with Radar,23,27,41,4,95,0,0,23,0,23,23,27,64,4,118,0,0,0,118
10/22/2021,BTR,LA,ASW,CE,Combined TRACON& Tower with Radar,27,32,61,2,122,0,2,71,2,75,27,34,132,4,197,88,0,88,285
10/23/2021,BTR,LA,ASW,CE,Combined TRACON& Tower with Radar,22,17,46,4,89,0,2,42,0,44,22,19,88,4,133,12,0,12,145
10/24/2021,BTR,LA,ASW,CE,Combined TRACON& Tower with Radar,22,21,63,4,110,0,0,27,0,27,22,21,90,4,137,0,0,0,137
10/25/2021,BTR,LA,ASW,CE,Combined TRACON& Tower with Radar,25,30,51,15,121,0,0,30,3,33,25,30,81,18,154,12,0,12,166
10/26/2021,BTR,LA,ASW,CE,Combined TRACON& Tower with Radar,21,20,64,4,109,0,4,89,4,97,21,24,153,8,206,60,0,60,266
10/27/2021,BTR,LA,ASW,CE,Combined TRACON& Tower with Radar,26,17,36,0,79,0,1,1,2,4,26,18,37,2,83,0,0,0,83
10/28/2021,BTR,LA,ASW,CE,Combined TRACON& Tower with Radar,20,30,59,22,131,0,0,34,0,34,20,30,93,22,165,0,0,0,165
10/29/2021,BTR,LA,ASW,CE,Combined TRACON& Tower with Radar,27,23,55,17,122,0,2,24,1,27,27,25,79,18,149,0,0,0,149
10/30/2021,BTR,LA,ASW,CE,Combined TRACON& Tower with Radar,20,22,46,0,88,0,0,58,0,58,20,22,104,0,146,48,0,48,194
10/31/2021,BTR,LA,ASW,CE,Combined TRACON& Tower with Radar,18,15,45,0,78,0,0,63,0,63,18,15,108,0,141,71,0,71,212
11/01/2021,BTR,LA,ASW,CE,Combined TRACON& Tower with Radar,22,33,62,4,121,0,1,59,0,60,22,34,121,4,181,66,0,66,247
11/02/2021,BTR,LA,ASW,CE,Combined TRACON& Tower with Radar,16,23,57,2,98,0,0,63,0,63,16,23,120,2,161,102,0,102,263
11/03/2021,BTR,LA,ASW,CE,Combined TRACON& Tower with Radar,18,25,57,4,104,0,2,49,0,51,18,27,106,4,155,38,0,38,193
11/04/2021,BTR,LA,ASW,CE,Combined TRACON& Tower with Radar,19,30,54,0,103,0,0,21,0,21,19,30,75,0,124,12,0,12,136
11/05/2021,BTR,LA,ASW,CE,Combined TRACON& Tower with Radar,24,33,56,11,124,0,0,11,1,12,24,33,67,12,136,2,0,2,138
11/06/2021,BTR,LA,ASW,CE,Combined TRACON& Tower with Radar,17,27,35,0,79,0,2,13,0,15,17,29,48,0,94,0,0,0,94
11/07/2021,BTR,LA,ASW,CE,Combined TRACON& Tower with Radar,20,23,53,1,97,0,0,36,1,37,20,23,89,2,134,15,0,15,149
11/08/2021,BTR,LA,ASW,CE,Combined TRACON& Tower with Radar,20,22,58,7,107,0,1,68,1,70,20,23,126,8,177,0,0,0,177
11/09/2021,BTR,LA,ASW,CE,Combined TRACON& Tower with Radar,18,29,43,2,92,0,0,64,7,71,18,29,107,9,163,38,0,38,201
11/10/2021,BTR,LA,ASW,CE,Combined TRACON& Tower with Radar,17,34,64,6,121,0,4,57,3,64,17,38,121,9,185,64,0,64,249
11/11/2021,BTR,LA,ASW,CE,Combined TRACON& Tower with Radar,20,32,56,0,108,0,0,19,1,20,20,32,75,1,128,40,0,40,168
11/12/2021,BTR,LA,ASW,CE,Combined TRACON& Tower with Radar,24,36,78,7,145,0,4,74,2,80,24,40,152,9,225,46,0,46,271
11/13/2021,BTR,LA,ASW,CE,Combined TRACON& Tower with Radar,15,16,66,0,97,0,0,54,0,54,15,16,120,0,151,78,0,78,229
11/14/2021,BTR,LA,ASW,CE,Combined TRACON& Tower with Radar,18,23,81,2,124,0,0,49,2,51,18,23,130,4,175,44,0,44,219
11/15/2021,BTR,LA,ASW,CE,Combined TRACON& Tower with Radar,20,25,47,0,92,0,0,47,0,47,20,25,94,0,139,46,0,46,185
11/16/2021,BTR,LA,ASW,CE,Combined TRACON& Tower with Radar,16,24,54,2,96,0,0,49,2,51,16,24,103,4,147,12,0,12,159
11/17/2021,BTR,LA,ASW,CE,Combined TRACON& Tower with Radar,18,24,70,0,112,0,1,33,0,34,18,25,103,0,146,0,0,0,146
11/18/2021,BTR,LA,ASW,CE,Combined TRACON& Tower with Radar,22,32,74,0,128,0,0,18,0,18,22,32,92,0,146,48,0,48,194
11/19/2021,BTR,LA,ASW,CE,Combined TRACON& Tower with Radar,20,30,76,9,135,0,2,79,0,81,20,32,155,9,216,6,0,6,222
11/20/2021,BTR,LA,ASW,CE,Combined TRACON& Tower with Radar,16,20,48,4,88,0,3,57,2,62,16,23,105,6,150,8,0,8,158
11/21/2021,BTR,LA,ASW,CE,Combined TRACON& Tower with Radar,18,17,67,0,102,0,2,32,1,35,18,19,99,1,137,40,0,40,177
11/22/2021,BTR,LA,ASW,CE,Combined TRACON& Tower with Radar,17,24,57,0,98,0,0,41,1,42,17,24,98,1,140,42,0,42,182
11/23/2021,BTR,LA,ASW,CE,Combined TRACON& Tower with Radar,19,27,62,2,110,0,0,68,0,68,19,27,130,2,178,4,0,4,182
11/24/2021,BTR,LA,ASW,CE,Combined TRACON& Tower with Radar,24,26,63,0,113,0,0,44,0,44,24,26,107,0,157,14,0,14,171
11/25/2021,BTR,LA,ASW,CE,Combined TRACON& Tower with Radar,14,16,8,0,38,0,0,3,0,3,14,16,11,0,41,0,0,0,41
11/26/2021,BTR,LA,ASW,CE,Combined TRACON& Tower with Radar,17,26,61,0,104,0,0,34,0,34,17,26,95,0,138,0,0,0,138
11/27/2021,BTR,LA,ASW,CE,Combined TRACON& Tower with Radar,26,41,67,0,134,0,0,29,0,29,26,41,96,0,163,10,0,10,173
11/28/2021,BTR,LA,ASW,CE,Combined TRACON& Tower with Radar,22,22,114,0,158,0,2,27,0,29,22,24,141,0,187,18,0,18,205
11/29/2021,BTR,LA,ASW,CE,Combined TRACON& Tower with Radar,20,28,42,2,92,0,0,72,0,72,20,28,114,2,164,76,0,76,240
11/30/2021,BTR,LA,ASW,CE,Combined TRACON& Tower with Radar,20,27,54,0,101,0,2,62,0,64,20,29,116,0,165,36,0,36,201
12/01/2021,BTR,LA,ASW,CE,Combined TRACON& Tower with Radar,20,34,64,2,120,0,5,52,0,57,20,39,116,2,177,12,0,12,189
12/02/2021,BTR,LA,ASW,CE,Combined TRACON& Tower with Radar,23,35,75,6,139,0,1,33,0,34,23,36,108,6,173,32,0,32,205
12/03/2021,BTR,LA,ASW,CE,Combined TRACON& Tower with Radar,21,30,60,0,111,0,1,51,0,52,21,31,111,0,163,50,0,50,213
12/04/2021,BTR,LA,ASW,CE,Combined TRACON& Tower with Radar,15,15,44,0,74,0,0,39,0,39,15,15,83,0,113,60,0,60,173
12/05/2021,BTR,LA,ASW,CE,Combined TRACON& Tower with Radar,18,23,48,0,89,0,0,8,0,8,18,23,56,0,97,0,0,0,97
12/06/2021,BTR,LA,ASW,CE,Combined TRACON& Tower with Radar,18,22,51,0,91,0,0,4,0,4,18,22,55,0,95,2,0,2,97
12/07/2021,BTR,LA,ASW,CE,Combined TRACON& Tower with Radar,18,21,55,0,94,0,0,0,0,0,18,21,55,0,94,0,0,0,94
12/08/2021,BTR,LA,ASW,CE,Combined TRACON& Tower with Radar,18,32,69,0,119,0,0,21,2,23,18,32,90,2,142,24,0,24,166
12/09/2021,BTR,LA,ASW,CE,Combined TRACON& Tower with Radar,23,28,79,0,130,0,0,9,0,9,23,28,88,0,139,0,0,0,139
12/10/2021,BTR,LA,ASW,CE,Combined TRACON& Tower with Radar,21,21,63,2,107,0,0,20,0,20,21,21,83,2,127,4,0,4,131
12/11/2021,BTR,LA,ASW,CE,Combined TRACON& Tower with Radar,15,12,35,0,62,0,0,11,0,11,15,12,46,0,73,14,0,14,87
12/12/2021,BTR,LA,ASW,CE,Combined TRACON& Tower with Radar,18,19,58,0,95,0,0,71,0,71,18,19,129,0,166,10,0,10,176
12/13/2021,BTR,LA,ASW,CE,Combined TRACON& Tower with Radar,23,27,67,0,117,0,0,39,0,39,23,27,106,0,156,0,0,0,156
12/14/2021,BTR,LA,ASW,CE,Combined TRACON& Tower with Radar,16,19,52,2,89,0,0,34,0,34,16,19,86,2,123,0,0,0,123
12/15/2021,BTR,LA,ASW,CE,Combined TRACON& Tower with Radar,18,26,57,6,107,0,4,51,4,59,18,30,108,10,166,0,0,0,166
12/16/2021,BTR,LA,ASW,CE,Combined TRACON& Tower with Radar,19,20,84,2,125,0,1,50,0,51,19,21,134,2,176,16,0,16,192
12/17/2021,BTR,LA,ASW,CE,Combined TRACON& Tower with Radar,17,22,60,0,99,0,0,16,0,16,17,22,76,0,115,52,0,52,167
12/18/2021,BTR,LA,ASW,CE,Combined TRACON& Tower with Radar,18,20,10,0,48,0,0,0,0,0,18,20,10,0,48,0,0,0,48
12/19/2021,BTR,LA,ASW,CE,Combined TRACON& Tower with Radar,17,14,53,2,86,0,0,2,0,2,17,14,55,2,88,88,0,88,176
12/20/2021,BTR,LA,ASW,CE,Combined TRACON& Tower with Radar,18,20,47,0,85,0,0,15,0,15,18,20,62,0,100,76,0,76,176
12/21/2021,BTR,LA,ASW,CE,Combined TRACON& Tower with Radar,20,19,53,1,93,0,1,27,0,28,20,20,80,1,121,0,0,0,121
12/22/2021,BTR,LA,ASW,CE,Combined TRACON& Tower with Radar,16,25,54,0,95,0,2,73,0,75,16,27,127,0,170,39,0,39,209
12/23/2021,BTR,LA,ASW,CE,Combined TRACON& Tower with Radar,18,20,43,0,81,0,1,48,0,49,18,21,91,0,130,40,0,40,170
12/24/2021,BTR,LA,ASW,CE,Combined TRACON& Tower with Radar,12,11,15,6,44,0,0,18,0,18,12,11,33,6,62,0,0,0,62
12/25/2021,BTR,LA,ASW,CE,Combined TRACON& Tower with Radar,13,13,6,0,32,0,0,8,0,8,13,13,14,0,40,0,0,0,40
12/26/2021,BTR,LA,ASW,CE,Combined TRACON& Tower with Radar,18,20,41,0,79,0,0,24,0,24,18,20,65,0,103,0,0,0,103
12/27/2021,BTR,LA,ASW,CE,Combined TRACON& Tower with Radar,17,21,47,11,96,0,0,31,4,35,17,21,78,15,131,0,12,12,143
12/28/2021,BTR,LA,ASW,CE,Combined TRACON& Tower with Radar,18,24,42,0,84,0,2,6,0,8,18,26,48,0,92,0,0,0,92
12/29/2021,BTR,LA,ASW,CE,Combined TRACON& Tower with Radar,20,22,56,0,98,0,0,3,4,7,20,22,59,4,105,0,0,0,105
12/30/2021,BTR,LA,ASW,CE,Combined TRACON& Tower with Radar,20,18,41,0,79,0,1,28,0,29,20,19,69,0,108,0,0,0,108
12/31/2021,BTR,LA,ASW,CE,Combined TRACON& Tower with Radar,15,13,26,0,54,0,1,10,0,11,15,14,36,0,65,0,0,0,65
01/01/2022,BTR,LA,ASW,CE,Combined TRACON& Tower with Radar,13,10,8,0,31,0,0,2,0,2,13,10,10,0,33,0,0,0,33
01/02/2022,BTR,LA,ASW,CE,Combined TRACON& Tower with Radar,16,10,27,0,53,0,0,1,0,1,16,10,28,0,54,0,0,0,54
01/03/2022,BTR,LA,ASW,CE,Combined TRACON& Tower with Radar,20,21,43,0,84,0,0,54,0,54,20,21,97,0,138,20,0,20,158
01/04/2022,BTR,LA,ASW,CE,Combined TRACON& Tower with Radar,20,16,35,0,71,0,3,65,0,68,20,19,100,0,139,12,0,12,151
01/05/2022,BTR,LA,ASW,CE,Combined TRACON& Tower with Radar,22,25,32,5,84,0,0,60,1,61,22,25,92,6,145,0,0,0,145
01/06/2022,BTR,LA,ASW,CE,Combined TRACON& Tower with Radar,20,24,54,4,102,0,0,26,0,26,20,24,80,4,128,0,0,0,128
01/07/2022,BTR,LA,ASW,CE,Combined TRACON& Tower with Radar,22,22,42,0,86,0,1,49,0,50,22,23,91,0,136,24,0,24,160
01/08/2022,BTR,LA,ASW,CE,Combined TRACON& Tower with Radar,20,18,23,0,61,0,2,21,0,23,20,20,44,0,84,16,0,16,100
01/09/2022,BTR,LA,ASW,CE,Combined TRACON& Tower with Radar,26,11,22,0,59,0,0,1,0,1,26,11,23,0,60,0,0,0,60
01/10/2022,BTR,LA,ASW,CE,Combined TRACON& Tower with Radar,18,19,32,1,70,0,0,46,0,46,18,19,78,1,116,14,0,14,130
01/11/2022,BTR,LA,ASW,CE,Combined TRACON& Tower with Radar,20,20,44,1,85,0,2,66,0,68,20,22,110,1,153,72,0,72,225
01/12/2022,BTR,LA,ASW,CE,Combined TRACON& Tower with Radar,21,26,59,0,106,0,0,60,6,66,21,26,119,6,172,0,0,0,172
01/13/2022,BTR,LA,ASW,CE,Combined TRACON& Tower with Radar,20,33,47,0,100,0,6,78,0,84,20,39,125,0,184,62,0,62,246
01/14/2022,BTR,LA,ASW,CE,Combined TRACON& Tower with Radar,21,23,55,4,103,0,0,66,4,70,21,23,121,8,173,28,0,28,201
01/15/2022,BTR,LA,ASW,CE,Combined TRACON& Tower with Radar,18,12,13,0,43,0,0,1,0,1,18,12,14,0,44,0,0,0,44
01/16/2022,BTR,LA,ASW,CE,Combined TRACON& Tower with Radar,11,16,27,0,54,0,0,6,0,6,11,16,33,0,60,18,0,18,78
01/17/2022,BTR,LA,ASW,CE,Combined TRACON& Tower with Radar,20,25,48,0,93,0,0,49,0,49,20,25,97,0,142,0,0,0,142
01/18/2022,BTR,LA,ASW,CE,Combined TRACON& Tower with Radar,19,28,58,2,107,0,0,55,7,62,19,28,113,9,169,18,0,18,187
01/19/2022,BTR,LA,ASW,CE,Combined TRACON& Tower with Radar,18,21,63,2,104,0,0,46,0,46,18,21,109,2,150,42,0,42,192
01/20/2022,BTR,LA,ASW,CE,Combined TRACON& Tower with Radar,19,23,38,2,82,0,0,3,0,3,19,23,41,2,85,0,0,0,85
01/21/2022,BTR,LA,ASW,CE,Combined TRACON& Tower with Radar,20,17,36,11,84,0,3,21,1,25,20,20,57,12,109,102,0,102,211
01/22/2022,BTR,LA,ASW,CE,Combined TRACON& Tower with Radar,16,12,22,2,52,0,0,62,2,64,16,12,84,4,116,48,0,48,164
01/23/2022,BTR,LA,ASW,CE,Combined TRACON& Tower with Radar,23,12,42,0,77,0,0,44,0,44,23,12,86,0,121,56,0,56,177
01/24/2022,BTR,LA,ASW,CE,Combined TRACON& Tower with Radar,18,21,47,2,88,0,1,26,0,27,18,22,73,2,115,16,0,16,131
01/25/2022,BTR,LA,ASW,CE,Combined TRACON& Tower with Radar,21,16,41,2,80,0,0,4,1,5,21,16,45,3,85,0,0,0,85
01/26/2022,BTR,LA,ASW,CE,Combined TRACON& Tower with Radar,24,24,69,2,119,0,0,78,0,78,24,24,147,2,197,16,0,16,213
01/27/2022,BTR,LA,ASW,CE,Combined TRACON& Tower with Radar,22,23,80,4,129,0,2,95,0,97,22,25,175,4,226,38,0,38,264
01/28/2022,BTR,LA,ASW,CE,Combined TRACON& Tower with Radar,20,22,58,4,104,0,0,54,0,54,20,22,112,4,158,8,0,8,166
01/29/2022,BTR,LA,ASW,CE,Combined TRACON& Tower with Radar,18,12,27,4,61,0,0,63,2,65,18,12,90,6,126,20,0,20,146
01/30/2022,BTR,LA,ASW,CE,Combined TRACON& Tower with Radar,21,13,51,0,85,0,0,52,1,53,21,13,103,1,138,46,0,46,184
01/31/2022,BTR,LA,ASW,CE,Combined TRACON& Tower with Radar,16,26,53,0,95,0,0,48,1,49,16,26,101,1,144,16,0,16,160
02/01/2022,BTR,LA,ASW,CE,Combined TRACON& Tower with Radar,14,19,44,1,78,0,0,6,4,10,14,19,50,5,88,2,0,2,90
02/02/2022,BTR,LA,ASW,CE,Combined TRACON& Tower with Radar,19,20,55,2,96,0,0,10,2,12,19,20,65,4,108,12,0,12,120
02/03/2022,BTR,LA,ASW,CE,Combined TRACON& Tower with Radar,14,12,42,0,68,0,0,0,0,0,14,12,42,0,68,0,0,0,68
02/04/2022,BTR,LA,ASW,CE,Combined TRACON& Tower with Radar,19,16,44,0,79,0,0,7,0,7,19,16,51,0,86,30,0,30,116
02/05/2022,BTR,LA,ASW,CE,Combined TRACON& Tower with Radar,17,11,26,4,58,0,0,62,1,63,17,11,88,5,121,46,0,46,167
02/06/2022,BTR,LA,ASW,CE,Combined TRACON& Tower with Radar,20,21,43,0,84,0,1,68,0,69,20,22,111,0,153,32,0,32,185
02/07/2022,BTR,LA,ASW,CE,Combined TRACON& Tower with Radar,21,18,45,0,84,0,0,47,0,47,21,18,92,0,131,30,0,30,161
02/08/2022,BTR,LA,ASW,CE,Combined TRACON& Tower with Radar,19,14,44,8,85,0,2,75,3,80,19,16,119,11,165,110,0,110,275
02/09/2022,BTR,LA,ASW,CE,Combined TRACON& Tower with Radar,20,25,57,7,109,0,0,66,1,67,20,25,123,8,176,146,0,146,322
02/10/2022,BTR,LA,ASW,CE,Combined TRACON& Tower with Radar,23,26,69,2,120,0,3,57,0,60,23,29,126,2,180,26,0,26,206
02/11/2022,BTR,LA,ASW,CE,Combined TRACON& Tower with Radar,21,28,66,0,115,0,2,78,0,80,21,30,144,0,195,50,0,50,245
02/12/2022,BTR,LA,ASW,CE,Combined TRACON& Tower with Radar,19,20,44,2,85,0,0,62,0,62,19,20,106,2,147,0,0,0,147
02/13/2022,BTR,LA,ASW,CE,Combined TRACON& Tower with Radar,20,18,40,4,82,0,1,35,0,36,20,19,75,4,118,44,0,44,162
02/14/2022,BTR,LA,ASW,CE,Combined TRACON& Tower with Radar,20,28,48,0,96,0,0,47,0,47,20,28,95,0,143,10,0,10,153
02/15/2022,BTR,LA,ASW,CE,Combined TRACON& Tower with Radar,16,23,64,0,103,0,2,78,6,86,16,25,142,6,189,106,0,106,295
02/16/2022,BTR,LA,ASW,CE,Combined TRACON& Tower with Radar,19,28,67,12,126,0,1,41,2,44,19,29,108,14,170,46,0,46,216
02/17/2022,BTR,LA,ASW,CE,Combined TRACON& Tower with Radar,21,23,39,0,83,0,0,1,0,1,21,23,40,0,84,0,0,0,84
02/18/2022,BTR,LA,ASW,CE,Combined TRACON& Tower with Radar,18,33,68,11,130,0,2,39,1,42,18,35,107,12,172,46,0,46,218
02/19/2022,BTR,LA,ASW,CE,Combined TRACON& Tower with Radar,14,19,21,2,56,0,4,71,0,75,14,23,92,2,131,46,0,46,177
02/20/2022,BTR,LA,ASW,CE,Combined TRACON& Tower with Radar,20,24,54,4,102,0,0,52,2,54,20,24,106,6,156,18,0,18,174
02/21/2022,BTR,LA,ASW,CE,Combined TRACON& Tower with Radar,21,29,46,0,96,0,0,2,0,2,21,29,48,0,98,22,0,22,120
02/22/2022,BTR,LA,ASW,CE,Combined TRACON& Tower with Radar,20,27,63,4,114,0,2,16,0,18,20,29,79,4,132,38,0,38,170
02/23/2022,BTR,LA,ASW,CE,Combined TRACON& Tower with Radar,15,24,56,10,105,0,0,23,0,23,15,24,79,10,128,36,0,36,164
02/24/2022,BTR,LA,ASW,CE,Combined TRACON& Tower with Radar,15,28,82,4,129,0,0,27,0,27,15,28,109,4,156,0,0,0,156
02/25/2022,BTR,LA,ASW,CE,Combined TRACON& Tower with Radar,22,29,62,19,132,0,1,8,2,11,22,30,70,21,143,18,6,24,167
02/26/2022,BTR,LA,ASW,CE,Combined TRACON& Tower with Radar,22,27,50,5,104,0,0,9,1,10,22,27,59,6,114,0,0,0,114
02/27/2022,BTR,LA,ASW,CE,Combined TRACON& Tower with Radar,23,18,35,4,80,0,0,17,0,17,23,18,52,4,97,20,0,20,117
02/28/2022,BTR,LA,ASW,CE,Combined TRACON& Tower with Radar,20,29,41,14,104,0,0,57,2,59,20,29,98,16,163,38,0,38,201
03/01/2022,BTR,LA,ASW,CE,Combined TRACON& Tower with Radar,19,28,42,1,90,0,0,59,3,62,19,28,101,4,152,22,2,24,176
03/02/2022,BTR,LA,ASW,CE,Combined TRACON& Tower with Radar,20,36,72,6,134,0,0,91,0,91,20,36,163,6,225,38,0,38,263
03/03/2022,BTR,LA,ASW,CE,Combined TRACON& Tower with Radar,19,38,66,12,135,0,2,59,0,61,19,40,125,12,196,28,0,28,224
03/04/2022,BTR,LA,ASW,CE,Combined TRACON& Tower with Radar,17,36,60,0,113,0,2,66,2,70,17,38,126,2,183,20,0,20,203
03/05/2022,BTR,LA,ASW,CE,Combined TRACON& Tower with Radar,20,24,41,0,85,0,0,20,0,20,20,24,61,0,105,14,0,14,119
03/06/2022,BTR,LA,ASW,CE,Combined TRACON& Tower with Radar,17,27,41,1,86,0,0,28,3,31,17,27,69,4,117,0,0,0,117
03/07/2022,BTR,LA,ASW,CE,Combined TRACON& Tower with Radar,18,26,38,4,86,0,0,20,2,22,18,26,58,6,108,36,0,36,144
03/08/2022,BTR,LA,ASW,CE,Combined TRACON& Tower with Radar,11,30,43,0,84,0,0,6,0,6,11,30,49,0,90,34,0,34,124
03/09/2022,BTR,LA,ASW,CE,Combined TRACON& Tower with Radar,12,40,69,2,123,0,2,22,0,24,12,42,91,2,147,66,0,66,213
03/10/2022,BTR,LA,ASW,CE,Combined TRACON& Tower with Radar,12,53,85,5,155,0,0,90,1,91,12,53,175,6,246,78,0,78,324
03/11/2022,BTR,LA,ASW,CE,Combined TRACON& Tower with Radar,13,30,51,0,94,0,0,9,0,9,13,30,60,0,103,12,0,12,115
03/12/2022,BTR,LA,ASW,CE,Combined TRACON& Tower with Radar,14,21,20,1,56,0,0,25,3,28,14,21,45,4,84,0,0,0,84
03/13/2022,BTR,LA,ASW,CE,Combined TRACON& Tower with Radar,14,31,60,8,113,0,0,73,0,73,14,31,133,8,186,64,0,64,250
03/14/2022,BTR,LA,ASW,CE,Combined TRACON& Tower with Radar,15,26,36,3,80,0,0,31,0,31,15,26,67,3,111,100,0,100,211
03/15/2022,BTR,LA,ASW,CE,Combined TRACON& Tower with Radar,13,27,22,11,73,0,0,30,0,30,13,27,52,11,103,100,0,100,203
03/16/2022,BTR,LA,ASW,CE,Combined TRACON& Tower with Radar,11,33,55,0,99,0,0,39,0,39,11,33,94,0,138,139,0,139,277
03/17/2022,BTR,LA,ASW,CE,Combined TRACON& Tower with Radar,18,23,70,3,114,0,6,67,1,74,18,29,137,4,188,0,0,0,188
03/18/2022,BTR,LA,ASW,CE,Combined TRACON& Tower with Radar,17,22,53,3,95,0,0,34,0,34,17,22,87,3,129,48,0,48,177
03/19/2022,BTR,LA,ASW,CE,Combined TRACON& Tower with Radar,12,37,22,0,71,0,0,44,0,44,12,37,66,0,115,16,0,16,131
03/20/2022,BTR,LA,ASW,CE,Combined TRACON& Tower with Radar,17,21,42,0,80,0,2,48,2,52,17,23,90,2,132,18,0,18,150
03/21/2022,BTR,LA,ASW,CE,Combined TRACON& Tower with Radar,16,31,51,0,98,0,2,37,1,40,16,33,88,1,138,0,0,0,138
03/22/2022,BTR,LA,ASW,CE,Combined TRACON& Tower with Radar,8,23,35,0,66,0,0,0,0,0,8,23,35,0,66,0,0,0,66
03/23/2022,BTR,LA,ASW,CE,Combined TRACON& Tower with Radar,12,31,72,9,124,0,7,54,5,66,12,38,126,14,190,84,0,84,274
03/24/2022,BTR,LA,ASW,CE,Combined TRACON& Tower with Radar,14,28,60,4,106,0,2,68,0,70,14,30,128,4,176,58,0,58,234
03/25/2022,BTR,LA,ASW,CE,Combined TRACON& Tower with Radar,17,28,64,2,111,0,2,57,1,60,17,30,121,3,171,91,0,91,262
03/26/2022,BTR,LA,ASW,CE,Combined TRACON& Tower with Radar,10,23,23,0,56,0,3,101,2,106,10,26,124,2,162,64,0,64,226
03/27/2022,BTR,LA,ASW,CE,Combined TRACON& Tower with Radar,17,22,52,5,96,0,1,65,1,67,17,23,117,6,163,28,30,58,221
03/28/2022,BTR,LA,ASW,CE,Combined TRACON& Tower with Radar,14,22,59,8,103,0,0,53,0,53,14,22,112,8,156,56,0,56,212
03/29/2022,BTR,LA,ASW,CE,Combined TRACON& Tower with Radar,11,25,52,2,90,0,2,38,5,45,11,27,90,7,135,12,0,12,147
03/30/2022,BTR,LA,ASW,CE,Combined TRACON& Tower with Radar,13,17,48,0,78,0,0,7,0,7,13,17,55,0,85,8,0,8,93
03/31/2022,BTR,LA,ASW,CE,Combined TRACON& Tower with Radar,14,26,74,5,119,0,4,66,0,70,14,30,140,5,189,16,0,16,205
04/01/2022,BTR,LA,ASW,CE,Combined TRACON& Tower with Radar,16,29,54,6,105,0,1,71,0,72,16,30,125,6,177,68,0,68,245
04/02/2022,BTR,LA,ASW,CE,Combined TRACON& Tower with Radar,13,20,38,0,71,0,0,41,0,41,13,20,79,0,112,0,0,0,112
04/03/2022,BTR,LA,ASW,CE,Combined TRACON& Tower with Radar,15,25,40,10,90,0,2,47,0,49,15,27,87,10,139,56,4,60,199
04/04/2022,BTR,LA,ASW,CE,Combined TRACON& Tower with Radar,16,26,77,0,119,0,2,68,0,70,16,28,145,0,189,40,0,40,229
04/05/2022,BTR,LA,ASW,CE,Combined TRACON& Tower with Radar,20,26,34,2,82,0,0,11,0,11,20,26,45,2,93,40,0,40,133
04/06/2022,BTR,LA,ASW,CE,Combined TRACON& Tower with Radar,20,20,79,10,129,0,0,29,0,29,20,20,108,10,158,72,12,84,242
04/07/2022,BTR,LA,ASW,CE,Combined TRACON& Tower with Radar,24,14,79,3,120,0,2,82,0,84,24,16,161,3,204,60,0,60,264
04/08/2022,BTR,LA,ASW,CE,Combined TRACON& Tower with Radar,22,19,62,4,107,0,5,35,2,42,22,24,97,6,149,24,0,24,173
04/09/2022,BTR,LA,ASW,CE,Combined TRACON& Tower with Radar,20,9,34,4,67,0,2,72,0,74,20,11,106,4,141,60,16,76,217
04/10/2022,BTR,LA,ASW,CE,Combined TRACON& Tower with Radar,22,16,57,8,103,0,0,47,0,47,22,16,104,8,150,22,0,22,172
04/11/2022,BTR,LA,ASW,CE,Combined TRACON& Tower with Radar,18,25,62,2,107,0,2,21,0,23,18,27,83,2,130,52,0,52,182
04/12/2022,BTR,LA,ASW,CE,Combined TRACON& Tower with Radar,17,17,55,0,89,0,0,12,6,18,17,17,67,6,107,0,0,0,107
04/13/2022,BTR,LA,ASW,CE,Combined TRACON& Tower with Radar,15,19,44,0,78,0,0,23,0,23,15,19,67,0,101,0,0,0,101
04/14/2022,BTR,LA,ASW,CE,Combined TRACON& Tower with Radar,22,23,80,0,125,0,6,77,1,84,22,29,157,1,209,114,0,114,323
04/15/2022,BTR,LA,ASW,CE,Combined TRACON& Tower with Radar,22,17,60,8,107,0,2,29,0,31,22,19,89,8,138,44,0,44,182
04/16/2022,BTR,LA,ASW,CE,Combined TRACON& Tower with Radar,21,13,19,8,61,0,2,23,0,25,21,15,42,8,86,18,0,18,104
04/17/2022,BTR,LA,ASW,CE,Combined TRACON& Tower with Radar,19,13,27,0,59,0,2,9,0,11,19,15,36,0,70,0,0,0,70
04/18/2022,BTR,LA,ASW,CE,Combined TRACON& Tower with Radar,19,26,73,8,126,0,2,38,0,40,19,28,111,8,166,72,12,84,250
04/19/2022,BTR,LA,ASW,CE,Combined TRACON& Tower with Radar,20,25,58,2,105,0,0,80,0,80,20,25,138,2,185,116,10,126,311
04/20/2022,BTR,LA,ASW,CE,Combined TRACON& Tower with Radar,20,29,64,0,113,0,1,56,4,61,20,30,120,4,174,48,0,48,222
04/21/2022,BTR,LA,ASW,CE,Combined TRACON& Tower with Radar,20,23,82,2,127,0,2,75,4,81,20,25,157,6,208,32,4,36,244
04/22/2022,BTR,LA,ASW,CE,Combined TRACON& Tower with Radar,20,20,70,0,110,0,2,53,2,57,20,22,123,2,167,58,0,58,225
04/23/2022,BTR,LA,ASW,CE,Combined TRACON& Tower with Radar,18,14,42,2,76,0,0,36,0,36,18,14,78,2,112,20,0,20,132
04/24/2022,BTR,LA,ASW,CE,Combined TRACON& Tower with Radar,21,22,49,0,92,0,0,23,0,23,21,22,72,0,115,14,0,14,129
04/25/2022,BTR,LA,ASW,CE,Combined TRACON& Tower with Radar,18,24,46,0,88,0,0,15,0,15,18,24,61,0,103,44,0,44,147
04/26/2022,BTR,LA,ASW,CE,Combined TRACON& Tower with Radar,18,19,51,7,95,0,3,59,4,66,18,22,110,11,161,62,0,62,223
04/27/2022,BTR,LA,ASW,CE,Combined TRACON& Tower with Radar,18,28,44,0,90,0,1,56,0,57,18,29,100,0,147,32,0,32,179
04/28/2022,BTR,LA,ASW,CE,Combined TRACON& Tower with Radar,20,21,97,4,142,0,0,67,0,67,20,21,164,4,209,28,0,28,237
04/29/2022,BTR,LA,ASW,CE,Combined TRACON& Tower with Radar,22,26,61,1,110,0,0,71,3,74,22,26,132,4,184,26,0,26,210
04/30/2022,BTR,LA,ASW,CE,Combined TRACON& Tower with Radar,25,22,60,0,107,0,0,75,2,77,25,22,135,2,184,30,0,30,214
05/01/2022,BTR,LA,ASW,CE,Combined TRACON& Tower with Radar,21,28,58,8,115,0,0,21,0,21,21,28,79,8,136,20,0,20,156
05/02/2022,BTR,LA,ASW,CE,Combined TRACON& Tower with Radar,19,23,77,6,125,0,2,40,0,42,19,25,117,6,167,22,0,22,189
05/03/2022,BTR,LA,ASW,CE,Combined TRACON& Tower with Radar,18,31,57,2,108,0,0,46,0,46,18,31,103,2,154,38,0,38,192
05/04/2022,BTR,LA,ASW,CE,Combined TRACON& Tower with Radar,16,32,71,1,120,0,1,44,1,46,16,33,115,2,166,14,0,14,180
05/05/2022,BTR,LA,ASW,CE,Combined TRACON& Tower with Radar,16,26,73,0,115,0,2,33,4,39,16,28,106,4,154,20,0,20,174
05/06/2022,BTR,LA,ASW,CE,Combined TRACON& Tower with Radar,19,25,53,4,101,0,0,40,0,40,19,25,93,4,141,54,0,54,195
05/07/2022,BTR,LA,ASW,CE,Combined TRACON& Tower with Radar,18,17,22,0,57,0,0,22,0,22,18,17,44,0,79,12,0,12,91
05/08/2022,BTR,LA,ASW,CE,Combined TRACON& Tower with Radar,20,20,37,0,77,0,0,23,0,23,20,20,60,0,100,32,0,32,132
05/09/2022,BTR,LA,ASW,CE,Combined TRACON& Tower with Radar,22,22,75,1,120,0,0,41,1,42,22,22,116,2,162,40,0,40,202
05/10/2022,BTR,LA,ASW,CE,Combined TRACON& Tower with Radar,22,25,48,2,97,0,8,42,1,51,22,33,90,3,148,39,0,39,187
05/11/2022,BTR,LA,ASW,CE,Combined TRACON& Tower with Radar,22,35,54,2,113,0,0,75,0,75,22,35,129,2,188,20,0,20,208
05/12/2022,BTR,LA,ASW,CE,Combined TRACON& Tower with Radar,22,28,82,1,133,0,0,57,1,58,22,28,139,2,191,30,0,30,221
05/13/2022,BTR,LA,ASW,CE,Combined TRACON& Tower with Radar,22,29,52,2,105,0,3,33,1,37,22,32,85,3,142,48,0,48,190
05/14/2022,BTR,LA,ASW,CE,Combined TRACON& Tower with Radar,20,24,20,0,64,0,1,44,5,50,20,25,64,5,114,30,0,30,144
05/15/2022,BTR,LA,ASW,CE,Combined TRACON& Tower with Radar,22,18,50,11,101,0,5,59,0,64,22,23,109,11,165,26,0,26,191
05/16/2022,BTR,LA,ASW,CE,Combined TRACON& Tower with Radar,22,29,62,0,113,0,3,39,0,42,22,32,101,0,155,20,0,20,175
05/17/2022,BTR,LA,ASW,CE,Combined TRACON& Tower with Radar,20,23,69,0,112,0,0,56,0,56,20,23,125,0,168,104,0,104,272
05/18/2022,BTR,LA,ASW,CE,Combined TRACON& Tower with Radar,24,21,66,0,111,0,2,49,0,51,24,23,115,0,162,20,0,20,182
05/19/2022,BTR,LA,ASW,CE,Combined TRACON& Tower with Radar,20,23,87,2,132,0,0,72,0,72,20,23,159,2,204,16,0,16,220
05/20/2022,BTR,LA,ASW,CE,Combined TRACON& Tower with Radar,20,23,59,10,112,0,0,51,0,51,20,23,110,10,163,26,0,26,189
05/21/2022,BTR,LA,ASW,CE,Combined TRACON& Tower with Radar,19,14,45,2,80,0,2,18,0,20,19,16,63,2,100,0,0,0,100
05/22/2022,BTR,LA,ASW,CE,Combined TRACON& Tower with Radar,22,15,37,0,74,0,2,9,0,11,22,17,46,0,85,44,0,44,129
05/23/2022,BTR,LA,ASW,CE,Combined TRACON& Tower with Radar,22,21,51,1,95,0,1,6,0,7,22,22,57,1,102,0,0,0,102
05/24/2022,BTR,LA,ASW,CE,Combined TRACON& Tower with Radar,20,25,35,2,82,0,1,18,0,19,20,26,53,2,101,0,0,0,101
05/25/2022,BTR,LA,ASW,CE,Combined TRACON& Tower with Radar,20,21,42,0,83,0,0,9,0,9,20,21,51,0,92,0,0,0,92
05/26/2022,BTR,LA,ASW,CE,Combined TRACON& Tower with Radar,20,25,60,5,110,0,2,66,2,70,20,27,126,7,180,20,0,20,200
05/27/2022,BTR,LA,ASW,CE,Combined TRACON& Tower with Radar,20,34,53,0,107,0,2,60,0,62,20,36,113,0,169,10,0,10,179
05/28/2022,BTR,LA,ASW,CE,Combined TRACON& Tower with Radar,22,18,33,2,75,0,0,45,1,46,22,18,78,3,121,36,0,36,157
05/29/2022,BTR,LA,ASW,CE,Combined TRACON& Tower with Radar,20,14,15,0,49,0,0,35,0,35,20,14,50,0,84,12,0,12,96
05/30/2022,BTR,LA,ASW,CE,Combined TRACON& Tower with Radar,20,17,47,0,84,0,0,37,0,37,20,17,84,0,121,40,0,40,161
05/31/2022,BTR,LA,ASW,CE,Combined TRACON& Tower with Radar,20,23,49,8,100,0,1,32,1,34,20,24,81,9,134,12,14,26,160
06/01/2022,BTR,LA,ASW,CE,Combined TRACON& Tower with Radar,18,19,58,0,95,0,0,35,0,35,18,19,93,0,130,16,0,16,146
06/02/2022,BTR,LA,ASW,CE,Combined TRACON& Tower with Radar,19,29,69,2,119,0,0,42,0,42,19,29,111,2,161,44,0,44,205
06/03/2022,BTR,LA,ASW,CE,Combined TRACON& Tower with Radar,13,26,43,0,82,0,1,36,2,39,13,27,79,2,121,92,0,92,213
06/04/2022,BTR,LA,ASW,CE,Combined TRACON& Tower with Radar,17,20,35,1,73,0,0,55,0,55,17,20,90,1,128,10,0,10,138
06/05/2022,BTR,LA,ASW,CE,Combined TRACON& Tower with Radar,19,19,35,7,80,0,1,26,1,28,19,20,61,8,108,40,0,40,148
06/06/2022,BTR,LA,ASW,CE,Combined TRACON& Tower with Radar,22,18,46,4,90,0,1,61,0,62,22,19,107,4,152,6,0,6,158
06/07/2022,BTR,LA,ASW,CE,Combined TRACON& Tower with Radar,19,21,66,6,112,0,4,66,0,70,19,25,132,6,182,64,0,64,246
06/08/2022,BTR,LA,ASW,CE,Combined TRACON& Tower with Radar,20,24,60,2,106,0,0,47,7,54,20,24,107,9,160,90,0,90,250
06/09/2022,BTR,LA,ASW,CE,Combined TRACON& Tower with Radar,22,27,67,2,118,0,3,50,1,54,22,30,117,3,172,98,4,102,274
06/10/2022,BTR,LA,ASW,CE,Combined TRACON& Tower with Radar,22,23,62,2,109,0,1,13,0,14,22,24,75,2,123,22,0,22,145
06/11/2022,BTR,LA,ASW,CE,Combined TRACON& Tower with Radar,18,15,27,11,71,0,0,18,1,19,18,15,45,12,90,0,0,0,90
06/12/2022,BTR,LA,ASW,CE,Combined TRACON& Tower with Radar,22,19,58,0,99,0,0,45,0,45,22,19,103,0,144,10,0,10,154
06/13/2022,BTR,LA,ASW,CE,Combined TRACON& Tower with Radar,20,22,50,5,97,0,1,37,1,39,20,23,87,6,136,42,0,42,178
06/14/2022,BTR,LA,ASW,CE,Combined TRACON& Tower with Radar,20,29,45,15,109,0,0,51,1,52,20,29,96,16,161,24,18,42,203
06/15/2022,BTR,LA,ASW,CE,Combined TRACON& Tower with Radar,19,24,62,2,107,0,3,53,3,59,19,27,115,5,166,8,4,12,178
06/16/2022,BTR,LA,ASW,CE,Combined TRACON& Tower with Radar,19,24,56,0,99,0,0,34,1,35,19,24,90,1,134,24,0,24,158
06/17/2022,BTR,LA,ASW,CE,Combined TRACON& Tower with Radar,20,22,54,0,96,0,5,46,0,51,20,27,100,0,147,52,0,52,199
06/18/2022,BTR,LA,ASW,CE,Combined TRACON& Tower with Radar,18,18,19,0,55,0,0,52,0,52,18,18,71,0,107,30,2,32,139
06/19/2022,BTR,LA,ASW,CE,Combined TRACON& Tower with Radar,21,17,36,0,74,0,0,26,0,26,21,17,62,0,100,14,0,14,114
06/20/2022,BTR,LA,ASW,CE,Combined TRACON& Tower with Radar,20,28,48,0,96,0,1,70,2,73,20,29,118,2,169,28,0,28,197
06/21/2022,BTR,LA,ASW,CE,Combined TRACON& Tower with Radar,20,22,50,10,102,0,1,72,4,77,20,23,122,14,179,28,0,28,207
06/22/2022,BTR,LA,ASW,CE,Combined TRACON& Tower with Radar,22,26,41,0,89,0,0,68,2,70,22,26,109,2,159,26,0,26,185
06/23/2022,BTR,LA,ASW,CE,Combined TRACON& Tower with Radar,20,22,41,6,89,0,2,74,0,76,20,24,115,6,165,64,0,64,229
06/24/2022,BTR,LA,ASW,CE,Combined TRACON& Tower with Radar,20,25,39,0,84,0,2,56,3,61,20,27,95,3,145,32,0,32,177
06/25/2022,BTR,LA,ASW,CE,Combined TRACON& Tower with Radar,18,12,24,0,54,0,0,32,3,35,18,12,56,3,89,38,0,38,127
06/26/2022,BTR,LA,ASW,CE,Combined TRACON& Tower with Radar,20,11,49,0,80,0,0,25,1,26,20,11,74,1,106,2,0,2,108
06/27/2022,BTR,LA,ASW,CE,Combined TRACON& Tower with Radar,19,19,42,0,80,0,0,26,0,26,19,19,68,0,106,20,0,20,126
06/28/2022,BTR,LA,ASW,CE,Combined TRACON& Tower with Radar,20,27,56,0,103,0,0,48,0,48,20,27,104,0,151,4,0,4,155
06/29/2022,BTR,LA,ASW,CE,Combined TRACON& Tower with Radar,24,22,52,0,98,0,0,41,0,41,24,22,93,0,139,22,0,22,161
06/30/2022,BTR,LA,ASW,CE,Combined TRACON& Tower with Radar,20,24,67,0,111,0,0,39,2,41,20,24,106,2,152,10,0,10,162
07/01/2022,BTR,LA,ASW,CE,Combined TRACON& Tower with Radar,22,18,60,0,100,0,1,10,0,11,22,19,70,0,111,10,0,10,121
07/02/2022,BTR,LA,ASW,CE,Combined TRACON& Tower with Radar,17,16,23,0,56,0,0,23,0,23,17,16,46,0,79,36,0,36,115
07/03/2022,BTR,LA,ASW,CE,Combined TRACON& Tower with Radar,14,22,23,0,59,0,0,21,0,21,14,22,44,0,80,16,0,16,96
07/04/2022,BTR,LA,ASW,CE,Combined TRACON& Tower with Radar,16,14,13,0,43,0,0,19,0,19,16,14,32,0,62,32,0,32,94
07/05/2022,BTR,LA,ASW,CE,Combined TRACON& Tower with Radar,18,21,46,0,85,0,0,30,0,30,18,21,76,0,115,16,0,16,131
07/06/2022,BTR,LA,ASW,CE,Combined TRACON& Tower with Radar,16,25,64,0,105,0,0,43,0,43,16,25,107,0,148,51,0,51,199
07/07/2022,BTR,LA,ASW,CE,Combined TRACON& Tower with Radar,16,24,52,18,110,0,0,78,0,78,16,24,130,18,188,36,14,50,238
07/08/2022,BTR,LA,ASW,CE,Combined TRACON& Tower with Radar,16,22,54,6,98,0,2,61,6,69,16,24,115,12,167,90,0,90,257
07/09/2022,BTR,LA,ASW,CE,Combined TRACON& Tower with Radar,16,25,28,5,74,0,0,43,1,44,16,25,71,6,118,34,0,34,152
07/10/2022,BTR,LA,ASW,CE,Combined TRACON& Tower with Radar,20,19,45,0,84,0,0,32,0,32,20,19,77,0,116,38,0,38,154
07/11/2022,BTR,LA,ASW,CE,Combined TRACON& Tower with Radar,18,21,45,8,92,0,0,39,0,39,18,21,84,8,131,58,0,58,189
07/12/2022,BTR,LA,ASW,CE,Combined TRACON& Tower with Radar,19,26,53,0,98,0,0,54,0,54,19,26,107,0,152,12,0,12,164
07/13/2022,BTR,LA,ASW,CE,Combined TRACON& Tower with Radar,18,19,61,4,102,0,0,44,0,44,18,19,105,4,146,58,0,58,204
07/14/2022,BTR,LA,ASW,CE,Combined TRACON& Tower with Radar,17,19,40,2,78,0,0,35,0,35,17,19,75,2,113,0,0,0,113
07/15/2022,BTR,LA,ASW,CE,Combined TRACON& Tower with Radar,19,25,26,2,72,0,2,39,0,41,19,27,65,2,113,62,0,62,175
07/16/2022,BTR,LA,ASW,CE,Combined TRACON& Tower with Radar,18,20,27,2,67,0,0,44,0,44,18,20,71,2,111,10,0,10,121
07/17/2022,BTR,LA,ASW,CE,Combined TRACON& Tower with Radar,18,17,43,10,88,0,0,34,1,35,18,17,77,11,123,16,0,16,139
07/18/2022,BTR,LA,ASW,CE,Combined TRACON& Tower with Radar,18,18,44,0,80,0,1,63,0,64,18,19,107,0,144,26,0,26,170
07/19/2022,BTR,LA,ASW,CE,Combined TRACON& Tower with Radar,18,24,58,16,116,0,0,55,0,55,18,24,113,16,171,94,0,94,265
07/20/2022,BTR,LA,ASW,CE,Combined TRACON& Tower with Radar,18,24,61,12,115,0,0,69,2,71,18,24,130,14,186,30,10,40,226
07/21/2022,BTR,LA,ASW,CE,Combined TRACON& Tower with Radar,21,16,57,2,96,0,0,48,0,48,21,16,105,2,144,4,0,4,148
07/22/2022,BTR,LA,ASW,CE,Combined TRACON& Tower with Radar,22,22,32,2,78,0,1,18,2,21,22,23,50,4,99,72,0,72,171
07/23/2022,BTR,LA,ASW,CE,Combined TRACON& Tower with Radar,15,17,37,0,69,0,0,24,0,24,15,17,61,0,93,32,0,32,125
07/24/2022,BTR,LA,ASW,CE,Combined TRACON& Tower with Radar,18,21,39,10,88,0,0,29,6,35,18,21,68,16,123,0,0,0,123
07/25/2022,BTR,LA,ASW,CE,Combined TRACON& Tower with Radar,20,21,43,0,84,0,0,32,0,32,20,21,75,0,116,56,0,56,172
07/26/2022,BTR,LA,ASW,CE,Combined TRACON& Tower with Radar,18,24,32,6,80,0,0,47,0,47,18,24,79,6,127,34,0,34,161
07/27/2022,BTR,LA,ASW,CE,Combined TRACON& Tower with Radar,18,24,52,0,94,0,0,53,0,53,18,24,105,0,147,16,0,16,163
07/28/2022,BTR,LA,ASW,CE,Combined TRACON& Tower with Radar,18,17,40,0,75,0,0,43,0,43,18,17,83,0,118,52,0,52,170
07/29/2022,BTR,LA,ASW,CE,Combined TRACON& Tower with Radar,18,22,45,0,85,0,1,36,4,41,18,23,81,4,126,48,0,48,174
07/30/2022,BTR,LA,ASW,CE,Combined TRACON& Tower with Radar,18,17,27,0,62,0,0,28,0,28,18,17,55,0,90,12,0,12,102
07/31/2022,BTR,LA,ASW,CE,Combined TRACON& Tower with Radar,22,17,46,0,85,0,0,41,0,41,22,17,87,0,126,0,0,0,126
08/01/2022,BTR,LA,ASW,CE,Combined TRACON& Tower with Radar,20,24,37,0,81,0,1,39,0,40,20,25,76,0,121,58,0,58,179
08/02/2022,BTR,LA,ASW,CE,Combined TRACON& Tower with Radar,22,20,44,0,86,0,0,27,0,27,22,20,71,0,113,162,0,162,275
08/03/2022,BTR,LA,ASW,CE,Combined TRACON& Tower with Radar,20,22,54,1,97,0,0,15,1,16,20,22,69,2,113,26,0,26,139
08/04/2022,BTR,LA,ASW,CE,Combined TRACON& Tower with Radar,23,24,35,1,83,0,0,37,1,38,23,24,72,2,121,42,0,42,163
08/05/2022,BTR,LA,ASW,CE,Combined TRACON& Tower with Radar,24,18,29,0,71,0,1,23,0,24,24,19,52,0,95,20,0,20,115
08/06/2022,BTR,LA,ASW,CE,Combined TRACON& Tower with Radar,21,11,21,0,53,0,0,40,0,40,21,11,61,0,93,0,0,0,93
08/07/2022,BTR,LA,ASW,CE,Combined TRACON& Tower with Radar,23,14,44,0,81,0,0,23,0,23,23,14,67,0,104,6,0,6,110
08/08/2022,BTR,LA,ASW,CE,Combined TRACON& Tower with Radar,25,15,58,0,98,0,1,44,0,45,25,16,102,0,143,2,0,2,145
08/09/2022,BTR,LA,ASW,CE,Combined TRACON& Tower with Radar,23,22,60,2,107,0,0,49,0,49,23,22,109,2,156,58,0,58,214
08/10/2022,BTR,LA,ASW,CE,Combined TRACON& Tower with Radar,20,19,56,0,95,0,0,37,0,37,20,19,93,0,132,64,0,64,196
08/11/2022,BTR,LA,ASW,CE,Combined TRACON& Tower with Radar,23,18,54,6,101,0,0,12,2,14,23,18,66,8,115,0,0,0,115
08/12/2022,BTR,LA,ASW,CE,Combined TRACON& Tower with Radar,24,21,46,0,91,0,2,26,0,28,24,23,72,0,119,48,0,48,167
08/13/2022,BTR,LA,ASW,CE,Combined TRACON& Tower with Radar,23,14,57,0,94,0,0,29,0,29,23,14,86,0,123,0,0,0,123
08/14/2022,BTR,LA,ASW,CE,Combined TRACON& Tower with Radar,24,16,28,0,68,0,0,42,0,42,24,16,70,0,110,64,0,64,174
08/15/2022,BTR,LA,ASW,CE,Combined TRACON& Tower with Radar,24,23,55,0,102,0,1,82,2,85,24,24,137,2,187,82,0,82,269
08/16/2022,BTR,LA,ASW,CE,Combined TRACON& Tower with Radar,24,19,61,4,108,0,0,72,0,72,24,19,133,4,180,58,0,58,238
08/17/2022,BTR,LA,ASW,CE,Combined TRACON& Tower with Radar,23,25,61,2,111,0,0,81,1,82,23,25,142,3,193,30,0,30,223
08/18/2022,BTR,LA,ASW,CE,Combined TRACON& Tower with Radar,24,21,47,0,92,0,0,15,0,15,24,21,62,0,107,20,0,20,127
08/19/2022,BTR,LA,ASW,CE,Combined TRACON& Tower with Radar,24,16,45,1,86,0,1,46,1,48,24,17,91,2,134,36,0,36,170
08/20/2022,BTR,LA,ASW,CE,Combined TRACON& Tower with Radar,22,8,22,3,55,0,0,15,1,16,22,8,37,4,71,14,0,14,85
08/21/2022,BTR,LA,ASW,CE,Combined TRACON& Tower with Radar,22,14,32,0,68,0,0,13,0,13,22,14,45,0,81,0,0,0,81
08/22/2022,BTR,LA,ASW,CE,Combined TRACON& Tower with Radar,19,20,42,0,81,0,1,41,0,42,19,21,83,0,123,26,0,26,149
08/23/2022,BTR,LA,ASW,CE,Combined TRACON& Tower with Radar,24,16,39,0,79,0,0,13,0,13,24,16,52,0,92,34,0,34,126
08/24/2022,BTR,LA,ASW,CE,Combined TRACON& Tower with Radar,24,19,57,0,100,0,1,41,0,42,24,20,98,0,142,42,0,42,184
08/25/2022,BTR,LA,ASW,CE,Combined TRACON& Tower with Radar,26,20,54,0,100,0,1,27,0,28,26,21,81,0,128,50,0,50,178
08/26/2022,BTR,LA,ASW,CE,Combined TRACON& Tower with Radar,24,23,33,4,84,0,1,13,0,14,24,24,46,4,98,16,0,16,114
08/27/2022,BTR,LA,ASW,CE,Combined TRACON& Tower with Radar,22,12,31,0,65,0,0,25,0,25,22,12,56,0,90,0,0,0,90
08/28/2022,BTR,LA,ASW,CE,Combined TRACON& Tower with Radar,24,14,28,0,66,0,0,16,2,18,24,14,44,2,84,20,0,20,104
08/29/2022,BTR,LA,ASW,CE,Combined TRACON& Tower with Radar,25,20,49,0,94,0,2,49,0,51,25,22,98,0,145,40,0,40,185
08/30/2022,BTR,LA,ASW,CE,Combined TRACON& Tower with Radar,25,17,47,0,89,0,3,52,2,57,25,20,99,2,146,38,0,38,184
08/31/2022,BTR,LA,ASW,CE,Combined TRACON& Tower with Radar,24,18,56,9,107,0,2,78,1,81,24,20,134,10,188,76,0,76,264
09/01/2022,BTR,LA,ASW,CE,Combined TRACON& Tower with Radar,23,23,68,5,119,0,1,53,2,56,23,24,121,7,175,42,0,42,217
09/02/2022,BTR,LA,ASW,CE,Combined TRACON& Tower with Radar,26,20,74,0,120,0,1,52,2,55,26,21,126,2,175,62,0,62,237
09/03/2022,BTR,LA,ASW,CE,Combined TRACON& Tower with Radar,20,8,22,0,50,0,0,10,0,10,20,8,32,0,60,0,0,0,60
09/04/2022,BTR,LA,ASW,CE,Combined TRACON& Tower with Radar,16,8,15,0,39,0,0,14,0,14,16,8,29,0,53,0,0,0,53
09/05/2022,BTR,LA,ASW,CE,Combined TRACON& Tower with Radar,24,13,54,0,91,0,0,43,0,43,24,13,97,0,134,52,0,52,186
09/06/2022,BTR,LA,ASW,CE,Combined TRACON& Tower with Radar,27,23,62,1,113,0,2,43,3,48,27,25,105,4,161,98,0,98,259
09/07/2022,BTR,LA,ASW,CE,Combined TRACON& Tower with Radar,28,13,64,2,107,0,1,67,0,68,28,14,131,2,175,60,0,60,235
09/08/2022,BTR,LA,ASW,CE,Combined TRACON& Tower with Radar,30,12,43,0,85,0,2,42,1,45,30,14,85,1,130,14,0,14,144
09/09/2022,BTR,LA,ASW,CE,Combined TRACON& Tower with Radar,26,13,52,6,97,0,2,56,0,58,26,15,108,6,155,70,0,70,225
09/10/2022,BTR,LA,ASW,CE,Combined TRACON& Tower with Radar,24,14,39,7,84,0,1,33,1,35,24,15,72,8,119,24,4,28,147
09/11/2022,BTR,LA,ASW,CE,Combined TRACON& Tower with Radar,31,12,48,4,95,0,0,25,0,25,31,12,73,4,120,42,0,42,162
09/12/2022,BTR,LA,ASW,CE,Combined TRACON& Tower with Radar,32,21,62,0,115,0,1,47,0,48,32,22,109,0,163,89,0,89,252
09/13/2022,BTR,LA,ASW,CE,Combined TRACON& Tower with Radar,28,13,66,4,111,0,0,69,4,73,28,13,135,8,184,35,0,35,219
09/14/2022,BTR,LA,ASW,CE,Combined TRACON& Tower with Radar,28,16,72,2,118,0,2,83,7,92,28,18,155,9,210,61,0,61,271
09/15/2022,BTR,LA,ASW,CE,Combined TRACON& Tower with Radar,32,20,73,4,129,0,8,68,0,76,32,28,141,4,205,9,0,9,214
09/16/2022,BTR,LA,ASW,CE,Combined TRACON& Tower with Radar,33,19,60,1,113,0,6,53,1,60,33,25,113,2,173,32,0,32,205
09/17/2022,BTR,LA,ASW,CE,Combined TRACON& Tower with Radar,28,12,64,1,105,0,3,59,2,64,28,15,123,3,169,14,0,14,183
09/18/2022,BTR,LA,ASW,CE,Combined TRACON& Tower with Radar,31,10,60,1,102,0,2,41,2,45,31,12,101,3,147,36,0,36,183
09/19/2022,BTR,LA,ASW,CE,Combined TRACON& Tower with Radar,32,20,40,2,94,0,0,40,0,40,32,20,80,2,134,78,0,78,212
09/20/2022,BTR,LA,ASW,CE,Combined TRACON& Tower with Radar,28,25,52,4,109,0,2,54,0,56,28,27,106,4,165,70,6,76,241
09/21/2022,BTR,LA,ASW,CE,Combined TRACON& Tower with Radar,30,19,49,2,100,0,2,51,3,56,30,21,100,5,156,41,0,41,197
09/22/2022,BTR,LA,ASW,CE,Combined TRACON& Tower with Radar,32,21,90,2,145,0,0,52,2,54,32,21,142,4,199,23,0,23,222
09/23/2022,BTR,LA,ASW,CE,Combined TRACON& Tower with Radar,34,21,62,6,123,0,3,56,1,60,34,24,118,7,183,21,0,21,204
09/24/2022,BTR,LA,ASW,CE,Combined TRACON& Tower with Radar,27,12,50,0,89,0,0,55,2,57,27,12,105,2,146,12,0,12,158
09/25/2022,BTR,LA,ASW,CE,Combined TRACON& Tower with Radar,33,17,58,0,108,0,1,32,4,37,33,18,90,4,145,0,0,0,145
09/26/2022,BTR,LA,ASW,CE,Combined TRACON& Tower with Radar,32,16,45,2,95,0,1,34,2,37,32,17,79,4,132,36,0,36,168
09/27/2022,BTR,LA,ASW,CE,Combined TRACON& Tower with Radar,27,15,50,0,92,0,0,51,3,54,27,15,101,3,146,42,0,42,188
09/28/2022,BTR,LA,ASW,CE,Combined TRACON& Tower with Radar,29,18,44,4,95,0,2,49,2,53,29,20,93,6,148,26,8,34,182
09/29/2022,BTR,LA,ASW,CE,Combined TRACON& Tower with Radar,32,11,47,0,90,0,6,70,0,76,32,17,117,0,166,60,0,60,226
09/30/2022,BTR,LA,ASW,CE,Combined TRACON& Tower with Radar,34,16,46,0,96,0,1,52,0,53,34,17,98,0,149,34,0,34,183
10/01/2022,BTR,LA,ASW,CE,Combined TRACON& Tower with Radar,20,13,31,0,64,0,0,47,0,47,20,13,78,0,111,12,0,12,123
10/02/2022,BTR,LA,ASW,CE,Combined TRACON& Tower with Radar,26,15,42,0,83,0,0,45,1,46,26,15,87,1,129,28,0,28,157
10/03/2022,BTR,LA,ASW,CE,Combined TRACON& Tower with Radar,25,21,35,0,81,0,0,57,0,57,25,21,92,0,138,74,0,74,212
10/04/2022,BTR,LA,ASW,CE,Combined TRACON& Tower with Radar,22,24,52,0,98,0,0,62,0,62,22,24,114,0,160,34,0,34,194
10/05/2022,BTR,LA,ASW,CE,Combined TRACON& Tower with Radar,22,24,57,6,109,0,6,59,0,65,22,30,116,6,174,45,0,45,219
10/06/2022,BTR,LA,ASW,CE,Combined TRACON& Tower with Radar,24,24,57,2,107,0,2,74,2,78,24,26,131,4,185,67,0,67,252
10/07/2022,BTR,LA,ASW,CE,Combined TRACON& Tower with Radar,32,23,93,9,157,0,1,77,3,81,32,24,170,12,238,38,0,38,276
10/08/2022,BTR,LA,ASW,CE,Combined TRACON& Tower with Radar,24,31,81,0,136,0,0,63,2,65,24,31,144,2,201,0,0,0,201
10/09/2022,BTR,LA,ASW,CE,Combined TRACON& Tower with Radar,28,24,91,2,145,0,1,54,0,55,28,25,145,2,200,12,0,12,212
10/10/2022,BTR,LA,ASW,CE,Combined TRACON& Tower with Radar,22,23,38,0,83,0,1,39,0,40,22,24,77,0,123,77,0,77,200
10/11/2022,BTR,LA,ASW,CE,Combined TRACON& Tower with Radar,22,21,56,0,99,0,0,58,1,59,22,21,114,1,158,48,0,48,206
10/12/2022,BTR,LA,ASW,CE,Combined TRACON& Tower with Radar,22,24,79,0,125,0,0,14,0,14,22,24,93,0,139,98,0,98,237
10/13/2022,BTR,LA,ASW,CE,Combined TRACON& Tower with Radar,24,26,55,12,117,0,6,61,1,68,24,32,116,13,185,88,7,95,280
10/14/2022,BTR,LA,ASW,CE,Combined TRACON& Tower with Radar,24,22,44,6,96,0,4,55,4,63,24,26,99,10,159,34,0,34,193
10/15/2022,BTR,LA,ASW,CE,Combined TRACON& Tower with Radar,20,16,20,0,56,0,0,42,0,42,20,16,62,0,98,32,0,32,130
10/16/2022,BTR,LA,ASW,CE,Combined TRACON& Tower with Radar,24,15,57,8,104,0,0,36,5,41,24,15,93,13,145,18,0,18,163
10/17/2022,BTR,LA,ASW,CE,Combined TRACON& Tower with Radar,22,29,57,0,108,0,1,38,0,39,22,30,95,0,147,6,0,6,153
10/18/2022,BTR,LA,ASW,CE,Combined TRACON& Tower with Radar,22,22,49,2,95,0,0,50,0,50,22,22,99,2,145,48,0,48,193
10/19/2022,BTR,LA,ASW,CE,Combined TRACON& Tower with Radar,22,25,51,0,98,0,0,70,0,70,22,25,121,0,168,12,0,12,180
10/20/2022,BTR,LA,ASW,CE,Combined TRACON& Tower with Radar,23,24,67,5,119,0,6,59,1,66,23,30,126,6,185,58,0,58,243
10/21/2022,BTR,LA,ASW,CE,Combined TRACON& Tower with Radar,31,30,87,4,152,0,3,66,3,72,31,33,153,7,224,58,10,68,292
10/22/2022,BTR,LA,ASW,CE,Combined TRACON& Tower with Radar,23,47,76,1,147,0,3,47,6,56,23,50,123,7,203,0,0,0,203
10/23/2022,BTR,LA,ASW,CE,Combined TRACON& Tower with Radar,30,27,77,6,140,0,0,51,3,54,30,27,128,9,194,0,0,0,194
10/24/2022,BTR,LA,ASW,CE,Combined TRACON& Tower with Radar,22,19,38,8,87,0,3,31,0,34,22,22,69,8,121,6,0,6,127
10/25/2022,BTR,LA,ASW,CE,Combined TRACON& Tower with Radar,22,22,49,4,97,0,1,30,0,31,22,23,79,4,128,24,0,24,152
10/26/2022,BTR,LA,ASW,CE,Combined TRACON& Tower with Radar,24,26,58,4,112,0,1,66,0,67,24,27,124,4,179,64,12,76,255
10/27/2022,BTR,LA,ASW,CE,Combined TRACON& Tower with Radar,24,25,72,0,121,0,2,51,3,56,24,27,123,3,177,48,0,48,225
10/28/2022,BTR,LA,ASW,CE,Combined TRACON& Tower with Radar,21,20,73,4,118,0,2,51,0,53,21,22,124,4,171,0,0,0,171
10/29/2022,BTR,LA,ASW,CE,Combined TRACON& Tower with Radar,19,13,21,0,53,0,0,14,0,14,19,13,35,0,67,20,0,20,87
10/30/2022,BTR,LA,ASW,CE,Combined TRACON& Tower with Radar,20,19,48,2,89,0,0,17,0,17,20,19,65,2,106,0,0,0,106
10/31/2022,BTR,LA,ASW,CE,Combined TRACON& Tower with Radar,16,19,31,3,69,0,1,44,2,47,16,20,75,5,116,78,0,78,194
11/01/2022,BTR,LA,ASW,CE,Combined TRACON& Tower with Radar,20,28,48,4,100,0,2,38,0,40,20,30,86,4,140,42,0,42,182
11/02/2022,BTR,LA,ASW,CE,Combined TRACON& Tower with Radar,22,20,65,0,107,0,2,64,1,67,22,22,129,1,174,60,0,60,234
11/03/2022,BTR,LA,ASW,CE,Combined TRACON& Tower with Radar,16,28,75,1,120,0,3,63,1,67,16,31,138,2,187,25,0,25,212
11/04/2022,BTR,LA,ASW,CE,Combined TRACON& Tower with Radar,25,34,75,2,136,0,1,16,2,19,25,35,91,4,155,0,0,0,155
11/05/2022,BTR,LA,ASW,CE,Combined TRACON& Tower with Radar,16,26,55,0,97,0,0,12,0,12,16,26,67,0,109,0,0,0,109
11/06/2022,BTR,LA,ASW,CE,Combined TRACON& Tower with Radar,27,35,84,0,146,0,0,22,0,22,27,35,106,0,168,14,0,14,182
11/07/2022,BTR,LA,ASW,CE,Combined TRACON& Tower with Radar,14,19,50,0,83,0,5,41,0,46,14,24,91,0,129,26,0,26,155
11/08/2022,BTR,LA,ASW,CE,Combined TRACON& Tower with Radar,14,29,46,2,91,0,4,50,0,54,14,33,96,2,145,20,0,20,165
11/09/2022,BTR,LA,ASW,CE,Combined TRACON& Tower with Radar,19,23,80,12,134,0,4,58,0,62,19,27,138,12,196,42,0,42,238
11/10/2022,BTR,LA,ASW,CE,Combined TRACON& Tower with Radar,18,37,68,2,125,0,0,55,0,55,18,37,123,2,180,16,0,16,196
11/11/2022,BTR,LA,ASW,CE,Combined TRACON& Tower with Radar,23,26,52,0,101,0,2,33,2,37,23,28,85,2,138,44,10,54,192
11/12/2022,BTR,LA,ASW,CE,Combined TRACON& Tower with Radar,17,15,32,6,70,0,1,12,0,13,17,16,44,6,83,0,0,0,83
11/13/2022,BTR,LA,ASW,CE,Combined TRACON& Tower with Radar,22,13,57,0,92,0,0,28,0,28,22,13,85,0,120,32,0,32,152
11/14/2022,BTR,LA,ASW,CE,Combined TRACON& Tower with Radar,18,17,56,0,91,0,0,37,0,37,18,17,93,0,128,50,0,50,178
11/15/2022,BTR,LA,ASW,CE,Combined TRACON& Tower with Radar,19,20,69,0,108,0,2,9,0,11,19,22,78,0,119,0,0,0,119
11/16/2022,BTR,LA,ASW,CE,Combined TRACON& Tower with Radar,18,22,60,0,100,0,2,56,0,58,18,24,116,0,158,82,0,82,240
11/17/2022,BTR,LA,ASW,CE,Combined TRACON& Tower with Radar,18,18,64,2,102,0,0,50,0,50,18,18,114,2,152,28,0,28,180
11/18/2022,BTR,LA,ASW,CE,Combined TRACON& Tower with Radar,19,17,73,19,128,0,1,74,3,78,19,18,147,22,206,54,0,54,260
11/19/2022,BTR,LA,ASW,CE,Combined TRACON& Tower with Radar,19,17,27,0,63,0,0,26,0,26,19,17,53,0,89,32,6,38,127
11/20/2022,BTR,LA,ASW,CE,Combined TRACON& Tower with Radar,22,21,57,20,120,0,0,47,2,49,22,21,104,22,169,6,0,6,175
11/21/2022,BTR,LA,ASW,CE,Combined TRACON& Tower with Radar,19,25,43,0,87,0,0,43,0,43,19,25,86,0,130,17,0,17,147
11/22/2022,BTR,LA,ASW,CE,Combined TRACON& Tower with Radar,18,27,60,8,113,0,0,37,0,37,18,27,97,8,150,82,8,90,240
11/23/2022,BTR,LA,ASW,CE,Combined TRACON& Tower with Radar,18,25,59,0,102,0,2,57,0,59,18,27,116,0,161,70,0,70,231
11/24/2022,BTR,LA,ASW,CE,Combined TRACON& Tower with Radar,15,10,4,0,29,0,1,1,0,2,15,11,5,0,31,0,0,0,31
11/25/2022,BTR,LA,ASW,CE,Combined TRACON& Tower with Radar,23,22,30,0,75,0,0,2,0,2,23,22,32,0,77,0,0,0,77
11/26/2022,BTR,LA,ASW,CE,Combined TRACON& Tower with Radar,22,21,26,0,69,0,0,1,0,1,22,21,27,0,70,0,0,0,70
11/27/2022,BTR,LA,ASW,CE,Combined TRACON& Tower with Radar,23,16,62,0,101,0,0,47,0,47,23,16,109,0,148,30,0,30,178
11/28/2022,BTR,LA,ASW,CE,Combined TRACON& Tower with Radar,21,30,36,2,89,0,0,62,0,62,21,30,98,2,151,14,0,14,165
11/29/2022,BTR,LA,ASW,CE,Combined TRACON& Tower with Radar,16,21,39,4,80,0,0,2,0,2,16,21,41,4,82,0,0,0,82
11/30/2022,BTR,LA,ASW,CE,Combined TRACON& Tower with Radar,21,21,57,5,104,0,0,39,2,41,21,21,96,7,145,134,0,134,279
12/01/2022,BTR,LA,ASW,CE,Combined TRACON& Tower with Radar,24,25,72,2,123,0,0,64,6,70,24,25,136,8,193,12,0,12,205
12/02/2022,BTR,LA,ASW,CE,Combined TRACON& Tower with Radar,26,21,68,0,115,0,0,57,0,57,26,21,125,0,172,76,0,76,248
12/03/2022,BTR,LA,ASW,CE,Combined TRACON& Tower with Radar,21,14,42,2,79,0,0,4,0,4,21,14,46,2,83,0,0,0,83
12/04/2022,BTR,LA,ASW,CE,Combined TRACON& Tower with Radar,28,14,51,6,99,0,1,19,5,25,28,15,70,11,124,0,0,0,124
12/05/2022,BTR,LA,ASW,CE,Combined TRACON& Tower with Radar,24,19,39,2,84,0,0,8,0,8,24,19,47,2,92,60,0,60,152
12/06/2022,BTR,LA,ASW,CE,Combined TRACON& Tower with Radar,20,27,93,2,142,0,0,46,0,46,20,27,139,2,188,56,0,56,244
12/07/2022,BTR,LA,ASW,CE,Combined TRACON& Tower with Radar,20,21,74,0,115,0,1,43,0,44,20,22,117,0,159,52,0,52,211
12/08/2022,BTR,LA,ASW,CE,Combined TRACON& Tower with Radar,22,22,70,4,118,0,2,33,1,36,22,24,103,5,154,50,0,50,204
12/09/2022,BTR,LA,ASW,CE,Combined TRACON& Tower with Radar,24,25,61,0,110,0,1,26,1,28,24,26,87,1,138,30,0,30,168
12/10/2022,BTR,LA,ASW,CE,Combined TRACON& Tower with Radar,22,12,38,0,72,0,0,32,0,32,22,12,70,0,104,104,0,104,208
12/11/2022,BTR,LA,ASW,CE,Combined TRACON& Tower with Radar,23,15,26,0,64,0,0,0,0,0,23,15,26,0,64,0,0,0,64
12/12/2022,BTR,LA,ASW,CE,Combined TRACON& Tower with Radar,22,33,76,0,131,0,0,17,0,17,22,33,93,0,148,54,0,54,202
12/13/2022,BTR,LA,ASW,CE,Combined TRACON& Tower with Radar,18,23,73,0,114,0,2,7,0,9,18,25,80,0,123,54,0,54,177
12/14/2022,BTR,LA,ASW,CE,Combined TRACON& Tower with Radar,21,14,41,0,76,0,0,1,0,1,21,14,42,0,77,0,0,0,77
12/15/2022,BTR,LA,ASW,CE,Combined TRACON& Tower with Radar,25,15,77,8,125,0,1,85,7,93,25,16,162,15,218,56,0,56,274
12/16/2022,BTR,LA,ASW,CE,Combined TRACON& Tower with Radar,22,28,61,15,126,0,2,74,1,77,22,30,135,16,203,10,20,30,233
12/17/2022,BTR,LA,ASW,CE,Combined TRACON& Tower with Radar,20,8,52,2,82,0,1,58,1,60,20,9,110,3,142,12,0,12,154
12/18/2022,BTR,LA,ASW,CE,Combined TRACON& Tower with Radar,22,19,51,0,92,0,0,71,0,71,22,19,122,0,163,0,0,0,163
12/19/2022,BTR,LA,ASW,CE,Combined TRACON& Tower with Radar,20,9,30,0,59,0,0,7,0,7,20,9,37,0,66,22,0,22,88
12/20/2022,BTR,LA,ASW,CE,Combined TRACON& Tower with Radar,20,15,29,0,64,0,0,1,2,3,20,15,30,2,67,0,0,0,67
12/21/2022,BTR,LA,ASW,CE,Combined TRACON& Tower with Radar,22,15,47,0,84,0,0,0,0,0,22,15,47,0,84,0,0,0,84
12/22/2022,BTR,LA,ASW,CE,Combined TRACON& Tower with Radar,19,14,34,4,71,0,0,3,0,3,19,14,37,4,74,0,0,0,74
12/23/2022,BTR,LA,ASW,CE,Combined TRACON& Tower with Radar,21,23,22,0,66,0,0,9,0,9,21,23,31,0,75,4,0,4,79
12/24/2022,BTR,LA,ASW,CE,Combined TRACON& Tower with Radar,22,6,9,0,37,0,2,3,0,5,22,8,12,0,42,0,0,0,42
12/25/2022,BTR,LA,ASW,CE,Combined TRACON& Tower with Radar,16,6,7,0,29,0,0,6,0,6,16,6,13,0,35,0,0,0,35
12/26/2022,BTR,LA,ASW,CE,Combined TRACON& Tower with Radar,21,11,31,0,63,0,0,22,0,22,21,11,53,0,85,0,0,0,85
12/27/2022,BTR,LA,ASW,CE,Combined TRACON& Tower with Radar,28,15,46,9,98,0,0,46,0,46,28,15,92,9,144,19,0,19,163
12/28/2022,BTR,LA,ASW,CE,Combined TRACON& Tower with Radar,24,16,31,0,71,0,0,29,0,29,24,16,60,0,100,0,0,0,100
12/29/2022,BTR,LA,ASW,CE,Combined TRACON& Tower with Radar,22,15,51,2,90,0,0,19,0,19,22,15,70,2,109,16,0,16,125
12/30/2022,BTR,LA,ASW,CE,Combined TRACON& Tower with Radar,22,16,26,0,64,0,0,0,0,0,22,16,26,0,64,0,0,0,64
12/31/2022,BTR,LA,ASW,CE,Combined TRACON& Tower with Radar,20,7,14,0,41,0,2,9,0,11,20,9,23,0,52,0,0,0,52
01/01/2023,BTR,LA,ASW,CE,Combined TRACON& Tower with Radar,21,6,15,0,42,0,0,0,0,0,21,6,15,0,42,0,0,0,42
01/02/2023,BTR,LA,ASW,CE,Combined TRACON& Tower with Radar,28,9,46,0,83,0,0,1,0,1,28,9,47,0,84,0,0,0,84
01/03/2023,BTR,LA,ASW,CE,Combined TRACON& Tower with Radar,25,13,28,1,67,0,0,3,0,3,25,13,31,1,70,18,0,18,88
01/04/2023,BTR,LA,ASW,CE,Combined TRACON& Tower with Radar,22,12,52,8,94,0,2,58,3,63,22,14,110,11,157,58,0,58,215
01/05/2023,BTR,LA,ASW,CE,Combined TRACON& Tower with Radar,19,23,48,2,92,0,2,70,3,75,19,25,118,5,167,42,0,42,209
01/06/2023,BTR,LA,ASW,CE,Combined TRACON& Tower with Radar,21,17,48,3,89,0,2,70,0,72,21,19,118,3,161,93,0,93,254
01/07/2023,BTR,LA,ASW,CE,Combined TRACON& Tower with Radar,20,10,44,0,74,0,0,65,0,65,20,10,109,0,139,60,0,60,199
01/08/2023,BTR,LA,ASW,CE,Combined TRACON& Tower with Radar,21,25,22,4,72,0,0,2,0,2,21,25,24,4,74,0,0,0,74
01/09/2023,BTR,LA,ASW,CE,Combined TRACON& Tower with Radar,23,18,29,2,72,0,1,38,0,39,23,19,67,2,111,70,0,70,181
01/10/2023,BTR,LA,ASW,CE,Combined TRACON& Tower with Radar,23,17,51,3,94,0,0,47,4,51,23,17,98,7,145,85,0,85,230
01/11/2023,BTR,LA,ASW,CE,Combined TRACON& Tower with Radar,19,21,56,10,106,0,0,24,1,25,19,21,80,11,131,38,0,38,169
01/12/2023,BTR,LA,ASW,CE,Combined TRACON& Tower with Radar,20,20,43,2,85,0,2,28,0,30,20,22,71,2,115,50,0,50,165
01/13/2023,BTR,LA,ASW,CE,Combined TRACON& Tower with Radar,23,19,35,8,85,0,1,76,0,77,23,20,111,8,162,84,0,84,246
01/14/2023,BTR,LA,ASW,CE,Combined TRACON& Tower with Radar,17,12,46,0,75,0,0,75,0,75,17,12,121,0,150,71,0,71,221
01/15/2023,BTR,LA,ASW,CE,Combined TRACON& Tower with Radar,17,15,44,0,76,0,1,48,2,51,17,16,92,2,127,55,0,55,182
01/16/2023,BTR,LA,ASW,CE,Combined TRACON& Tower with Radar,20,20,41,0,81,0,0,26,0,26,20,20,67,0,107,17,0,17,124
01/17/2023,BTR,LA,ASW,CE,Combined TRACON& Tower with Radar,20,20,66,2,108,0,0,16,0,16,20,20,82,2,124,57,0,57,181
01/18/2023,BTR,LA,ASW,CE,Combined TRACON& Tower with Radar,22,24,45,8,99,0,0,8,0,8,22,24,53,8,107,46,0,46,153
01/19/2023,BTR,LA,ASW,CE,Combined TRACON& Tower with Radar,22,19,59,0,100,0,2,73,3,78,22,21,132,3,178,48,0,48,226
01/20/2023,BTR,LA,ASW,CE,Combined TRACON& Tower with Radar,23,24,64,0,111,0,4,71,9,84,23,28,135,9,195,86,0,86,281
01/21/2023,BTR,LA,ASW,CE,Combined TRACON& Tower with Radar,19,9,14,0,42,0,0,0,0,0,19,9,14,0,42,0,0,0,42
01/22/2023,BTR,LA,ASW,CE,Combined TRACON& Tower with Radar,23,11,47,0,81,0,3,24,2,29,23,14,71,2,110,48,0,48,158
01/23/2023,BTR,LA,ASW,CE,Combined TRACON& Tower with Radar,22,22,38,0,82,0,5,90,0,95,22,27,128,0,177,74,0,74,251
01/24/2023,BTR,LA,ASW,CE,Combined TRACON& Tower with Radar,31,14,35,0,80,0,0,9,0,9,31,14,44,0,89,34,0,34,123
01/25/2023,BTR,LA,ASW,CE,Combined TRACON& Tower with Radar,22,18,59,8,107,0,0,27,4,31,22,18,86,12,138,190,8,198,336
01/26/2023,BTR,LA,ASW,CE,Combined TRACON& Tower with Radar,23,26,60,0,109,0,4,69,0,73,23,30,129,0,182,102,0,102,284
01/27/2023,BTR,LA,ASW,CE,Combined TRACON& Tower with Radar,21,15,52,0,88,0,0,72,0,72,21,15,124,0,160,162,0,162,322
01/28/2023,BTR,LA,ASW,CE,Combined TRACON& Tower with Radar,20,15,33,0,68,0,0,56,0,56,20,15,89,0,124,56,0,56,180
01/29/2023,BTR,LA,ASW,CE,Combined TRACON& Tower with Radar,24,18,29,0,71,0,0,0,0,0,24,18,29,0,71,0,0,0,71
01/30/2023,BTR,LA,ASW,CE,Combined TRACON& Tower with Radar,18,16,31,0,65,0,0,0,0,0,18,16,31,0,65,0,0,0,65
01/31/2023,BTR,LA,ASW,CE,Combined TRACON& Tower with Radar,14,13,18,0,45,0,0,0,0,0,14,13,18,0,45,0,0,0,45
02/01/2023,BTR,LA,ASW,CE,Combined TRACON& Tower with Radar,15,23,46,0,84,0,0,0,0,0,15,23,46,0,84,0,0,0,84
02/02/2023,BTR,LA,ASW,CE,Combined TRACON& Tower with Radar,26,18,24,0,68,0,0,0,0,0,26,18,24,0,68,0,0,0,68
02/03/2023,BTR,LA,ASW,CE,Combined TRACON& Tower with Radar,25,28,46,5,104,0,5,84,5,94,25,33,130,10,198,81,0,81,279
02/04/2023,BTR,LA,ASW,CE,Combined TRACON& Tower with Radar,25,13,39,4,81,0,0,82,1,83,25,13,121,5,164,52,0,52,216
02/05/2023,BTR,LA,ASW,CE,Combined TRACON& Tower with Radar,26,13,31,0,70,0,1,57,1,59,26,14,88,1,129,36,0,36,165
02/06/2023,BTR,LA,ASW,CE,Combined TRACON& Tower with Radar,26,15,52,2,95,0,1,80,0,81,26,16,132,2,176,206,0,206,382
02/07/2023,BTR,LA,ASW,CE,Combined TRACON& Tower with Radar,22,18,55,2,97,0,3,45,1,49,22,21,100,3,146,96,0,96,242
02/08/2023,BTR,LA,ASW,CE,Combined TRACON& Tower with Radar,22,19,42,0,83,0,0,10,3,13,22,19,52,3,96,12,0,12,108
02/09/2023,BTR,LA,ASW,CE,Combined TRACON& Tower with Radar,29,27,56,10,122,0,2,74,1,77,29,29,130,11,199,81,12,93,292
02/10/2023,BTR,LA,ASW,CE,Combined TRACON& Tower with Radar,29,22,64,13,128,0,2,58,3,63,29,24,122,16,191,106,0,106,297
02/11/2023,BTR,LA,ASW,CE,Combined TRACON& Tower with Radar,27,12,12,0,51,0,0,2,0,2,27,12,14,0,53,30,0,30,83
02/12/2023,BTR,LA,ASW,CE,Combined TRACON& Tower with Radar,25,14,45,1,85,0,0,75,3,78,25,14,120,4,163,64,0,64,227
02/13/2023,BTR,LA,ASW,CE,Combined TRACON& Tower with Radar,25,24,45,0,94,0,1,62,0,63,25,25,107,0,157,155,0,155,312
02/14/2023,BTR,LA,ASW,CE,Combined TRACON& Tower with Radar,24,17,49,0,90,0,0,17,0,17,24,17,66,0,107,48,0,48,155
02/15/2023,BTR,LA,ASW,CE,Combined TRACON& Tower with Radar,25,27,72,4,128,0,0,7,0,7,25,27,79,4,135,56,0,56,191
02/16/2023,BTR,LA,ASW,CE,Combined TRACON& Tower with Radar,26,15,27,0,68,0,0,0,0,0,26,15,27,0,68,0,0,0,68
02/17/2023,BTR,LA,ASW,CE,Combined TRACON& Tower with Radar,28,23,49,0,100,0,5,63,0,68,28,28,112,0,168,42,0,42,210
02/18/2023,BTR,LA,ASW,CE,Combined TRACON& Tower with Radar,26,14,37,0,77,0,4,54,0,58,26,18,91,0,135,42,0,42,177
02/19/2023,BTR,LA,ASW,CE,Combined TRACON& Tower with Radar,28,15,28,0,71,0,2,47,0,49,28,17,75,0,120,124,0,124,244
02/20/2023,BTR,LA,ASW,CE,Combined TRACON& Tower with Radar,26,20,60,0,106,0,0,17,0,17,26,20,77,0,123,52,0,52,175
02/21/2023,BTR,LA,ASW,CE,Combined TRACON& Tower with Radar,28,19,53,6,106,0,1,32,0,33,28,20,85,6,139,74,0,74,213
02/22/2023,BTR,LA,ASW,CE,Combined TRACON& Tower with Radar,33,19,48,2,102,0,0,10,1,11,33,19,58,3,113,18,0,18,131
02/23/2023,BTR,LA,ASW,CE,Combined TRACON& Tower with Radar,27,21,43,2,93,0,0,24,0,24,27,21,67,2,117,38,0,38,155
02/24/2023,BTR,LA,ASW,CE,Combined TRACON& Tower with Radar,27,18,46,25,116,0,3,35,4,42,27,21,81,29,158,123,0,123,281
02/25/2023,BTR,LA,ASW,CE,Combined TRACON& Tower with Radar,26,14,28,0,68,0,0,35,0,35,26,14,63,0,103,54,0,54,157
02/26/2023,BTR,LA,ASW,CE,Combined TRACON& Tower with Radar,29,17,47,6,99,0,3,24,0,27,29,20,71,6,126,56,0,56,182
02/27/2023,BTR,LA,ASW,CE,Combined TRACON& Tower with Radar,26,14,43,18,101,0,1,27,4,32,26,15,70,22,133,44,26,70,203
02/28/2023,BTR,LA,ASW,CE,Combined TRACON& Tower with Radar,26,27,67,1,121,0,2,68,2,72,26,29,135,3,193,129,0,129,322
03/01/2023,BTR,LA,ASW,CE,Combined TRACON& Tower with Radar,26,29,60,0,115,0,4,29,15,48,26,33,89,15,163,50,0,50,213
03/02/2023,BTR,LA,ASW,CE,Combined TRACON& Tower with Radar,20,18,74,0,112,0,0,39,0,39,20,18,113,0,151,100,0,100,251
03/03/2023,BTR,LA,ASW,CE,Combined TRACON& Tower with Radar,25,18,52,6,101,0,4,47,0,51,25,22,99,6,152,74,0,74,226
03/04/2023,BTR,LA,ASW,CE,Combined TRACON& Tower with Radar,23,18,21,0,62,0,14,59,1,74,23,32,80,1,136,72,0,72,208
03/05/2023,BTR,LA,ASW,CE,Combined TRACON& Tower with Radar,29,19,42,0,90,0,14,57,1,72,29,33,99,1,162,16,0,16,178
03/06/2023,BTR,LA,ASW,CE,Combined TRACON& Tower with Radar,27,20,43,2,92,0,4,16,0,20,27,24,59,2,112,76,0,76,188
03/07/2023,BTR,LA,ASW,CE,Combined TRACON& Tower with Radar,25,17,47,0,89,0,10,39,2,51,25,27,86,2,140,154,0,154,294
03/08/2023,BTR,LA,ASW,CE,Combined TRACON& Tower with Radar,22,21,43,6,92,0,10,39,8,57,22,31,82,14,149,40,4,44,193
03/09/2023,BTR,LA,ASW,CE,Combined TRACON& Tower with Radar,25,14,40,0,79,0,8,71,0,79,25,22,111,0,158,69,0,69,227
03/10/2023,BTR,LA,ASW,CE,Combined TRACON& Tower with Radar,29,24,52,7,112,0,4,13,1,18,29,28,65,8,130,58,0,58,188
03/11/2023,BTR,LA,ASW,CE,Combined TRACON& Tower with Radar,23,14,33,0,70,0,4,39,0,43,23,18,72,0,113,40,0,40,153
03/12/2023,BTR,LA,ASW,CE,Combined TRACON& Tower with Radar,25,13,43,2,83,0,0,3,0,3,25,13,46,2,86,20,0,20,106
03/13/2023,BTR,LA,ASW,CE,Combined TRACON& Tower with Radar,28,18,41,0,87,0,6,41,1,48,28,24,82,1,135,53,0,53,188
03/14/2023,BTR,LA,ASW,CE,Combined TRACON& Tower with Radar,26,19,40,0,85,0,4,47,0,51,26,23,87,0,136,116,0,116,252
03/15/2023,BTR,LA,ASW,CE,Combined TRACON& Tower with Radar,28,19,58,1,106,0,5,61,3,69,28,24,119,4,175,56,0,56,231
03/16/2023,BTR,LA,ASW,CE,Combined TRACON& Tower with Radar,28,29,50,16,123,0,10,51,0,61,28,39,101,16,184,94,0,94,278
03/17/2023,BTR,LA,ASW,CE,Combined TRACON& Tower with Radar,28,16,33,0,77,0,3,3,0,6,28,19,36,0,83,0,0,0,83
03/18/2023,BTR,LA,ASW,CE,Combined TRACON& Tower with Radar,24,19,19,0,62,0,3,32,0,35,24,22,51,0,97,10,0,10,107
03/19/2023,BTR,LA,ASW,CE,Combined TRACON& Tower with Radar,27,16,50,0,93,0,5,43,0,48,27,21,93,0,141,58,0,58,199
03/20/2023,BTR,LA,ASW,CE,Combined TRACON& Tower with Radar,26,16,49,10,101,0,10,51,0,61,26,26,100,10,162,56,0,56,218
03/21/2023,BTR,LA,ASW,CE,Combined TRACON& Tower with Radar,24,26,67,8,125,0,7,59,1,67,24,33,126,9,192,40,0,40,232
03/22/2023,BTR,LA,ASW,CE,Combined TRACON& Tower with Radar,26,24,65,0,115,0,7,55,6,68,26,31,120,6,183,52,0,52,235
03/23/2023,BTR,LA,ASW,CE,Combined TRACON& Tower with Radar,28,14,49,2,93,0,0,27,0,27,28,14,76,2,120,14,0,14,134
03/24/2023,BTR,LA,ASW,CE,Combined TRACON& Tower with Radar,25,21,47,2,95,0,2,13,0,15,25,23,60,2,110,0,0,0,110
03/25/2023,BTR,LA,ASW,CE,Combined TRACON& Tower with Radar,23,25,41,0,89,0,15,55,0,70,23,40,96,0,159,42,0,42,201
03/26/2023,BTR,LA,ASW,CE,Combined TRACON& Tower with Radar,26,20,34,0,80,0,4,2,0,6,26,24,36,0,86,0,0,0,86
03/27/2023,BTR,LA,ASW,CE,Combined TRACON& Tower with Radar,27,17,39,2,85,0,2,11,0,13,27,19,50,2,98,54,0,54,152
03/28/2023,BTR,LA,ASW,CE,Combined TRACON& Tower with Radar,28,19,34,2,83,0,2,22,0,24,28,21,56,2,107,80,0,80,187
03/29/2023,BTR,LA,ASW,CE,Combined TRACON& Tower with Radar,26,18,47,4,95,0,14,46,2,62,26,32,93,6,157,40,0,40,197
03/30/2023,BTR,LA,ASW,CE,Combined TRACON& Tower with Radar,26,24,64,0,114,0,14,69,0,83,26,38,133,0,197,41,0,41,238
03/31/2023,BTR,LA,ASW,CE,Combined TRACON& Tower with Radar,26,17,55,4,102,0,2,6,0,8,26,19,61,4,110,2,0,2,112
04/01/2023,BTR,LA,ASW,CE,Combined TRACON& Tower with Radar,25,14,36,0,75,0,3,23,0,26,25,17,59,0,101,58,0,58,159
04/02/2023,BTR,LA,ASW,CE,Combined TRACON& Tower with Radar,21,18,57,0,96,0,0,30,0,30,21,18,87,0,126,28,0,28,154
04/03/2023,BTR,LA,ASW,CE,Combined TRACON& Tower with Radar,28,17,45,2,92,0,8,22,0,30,28,25,67,2,122,100,0,100,222
04/04/2023,BTR,LA,ASW,CE,Combined TRACON& Tower with Radar,23,20,67,1,111,0,4,23,2,29,23,24,90,3,140,28,0,28,168
04/05/2023,BTR,LA,ASW,CE,Combined TRACON& Tower with Radar,24,27,59,2,112,0,5,28,0,33,24,32,87,2,145,54,0,54,199
04/06/2023,BTR,LA,ASW,CE,Combined TRACON& Tower with Radar,24,23,38,0,85,0,1,4,1,6,24,24,42,1,91,0,0,0,91
04/07/2023,BTR,LA,ASW,CE,Combined TRACON& Tower with Radar,33,10,30,0,73,0,0,0,0,0,33,10,30,0,73,0,0,0,73
04/08/2023,BTR,LA,ASW,CE,Combined TRACON& Tower with Radar,27,11,13,2,53,0,0,0,0,0,27,11,13,2,53,24,0,24,77
04/09/2023,BTR,LA,ASW,CE,Combined TRACON& Tower with Radar,28,12,24,0,64,0,0,4,0,4,28,12,28,0,68,6,0,6,74
04/10/2023,BTR,LA,ASW,CE,Combined TRACON& Tower with Radar,30,13,38,4,85,0,8,37,0,45,30,21,75,4,130,22,0,22,152
04/11/2023,BTR,LA,ASW,CE,Combined TRACON& Tower with Radar,31,22,45,1,99,0,11,54,3,68,31,33,99,4,167,105,0,105,272
04/12/2023,BTR,LA,ASW,CE,Combined TRACON& Tower with Radar,29,19,47,1,96,0,9,38,2,49,29,28,85,3,145,107,0,107,252
04/13/2023,BTR,LA,ASW,CE,Combined TRACON& Tower with Radar,32,24,46,10,112,0,7,57,5,69,32,31,103,15,181,86,20,106,287
04/14/2023,BTR,LA,ASW,CE,Combined TRACON& Tower with Radar,32,24,38,5,99,0,14,68,1,83,32,38,106,6,182,96,0,96,278
04/15/2023,BTR,LA,ASW,CE,Combined TRACON& Tower with Radar,32,17,22,0,71,0,0,4,0,4,32,17,26,0,75,0,0,0,75
04/16/2023,BTR,LA,ASW,CE,Combined TRACON& Tower with Radar,38,18,49,10,115,0,7,34,0,41,38,25,83,10,156,34,4,38,194
04/17/2023,BTR,LA,ASW,CE,Combined TRACON& Tower with Radar,32,22,49,3,106,0,12,89,1,102,32,34,138,4,208,28,0,28,236
04/18/2023,BTR,LA,ASW,CE,Combined TRACON& Tower with Radar,28,19,49,0,96,0,12,62,0,74,28,31,111,0,170,130,0,130,300
04/19/2023,BTR,LA,ASW,CE,Combined TRACON& Tower with Radar,28,26,74,0,128,0,14,68,2,84,28,40,142,2,212,62,0,62,274
04/20/2023,BTR,LA,ASW,CE,Combined TRACON& Tower with Radar,28,26,66,0,120,0,7,52,4,63,28,33,118,4,183,77,0,77,260
04/21/2023,BTR,LA,ASW,CE,Combined TRACON& Tower with Radar,32,21,35,2,90,0,5,14,0,19,32,26,49,2,109,0,0,0,109
04/22/2023,BTR,LA,ASW,CE,Combined TRACON& Tower with Radar,30,17,23,4,74,0,12,40,0,52,30,29,63,4,126,48,0,48,174
04/23/2023,BTR,LA,ASW,CE,Combined TRACON& Tower with Radar,32,19,61,0,112,0,13,33,0,46,32,32,94,0,158,49,0,49,207
04/24/2023,BTR,LA,ASW,CE,Combined TRACON& Tower with Radar,32,18,48,4,102,0,9,64,0,73,32,27,112,4,175,58,0,58,233
04/25/2023,BTR,LA,ASW,CE,Combined TRACON& Tower with Radar,30,21,39,5,95,0,7,36,2,45,30,28,75,7,140,38,0,38,178
04/26/2023,BTR,LA,ASW,CE,Combined TRACON& Tower with Radar,29,28,49,4,110,0,1,56,3,60,29,29,105,7,170,16,0,16,186
04/27/2023,BTR,LA,ASW,CE,Combined TRACON& Tower with Radar,34,18,35,10,97,0,1,7,0,8,34,19,42,10,105,70,0,70,175
04/28/2023,BTR,LA,ASW,CE,Combined TRACON& Tower with Radar,31,15,56,5,107,0,5,44,7,56,31,20,100,12,163,36,0,36,199
04/29/2023,BTR,LA,ASW,CE,Combined TRACON& Tower with Radar,32,19,12,0,63,0,0,10,0,10,32,19,22,0,73,10,0,10,83
04/30/2023,BTR,LA,ASW,CE,Combined TRACON& Tower with Radar,34,12,40,1,87,0,3,31,1,35,34,15,71,2,122,21,0,21,143
05/01/2023,BTR,LA,ASW,CE,Combined TRACON& Tower with Radar,32,21,53,0,106,0,6,78,0,84,32,27,131,0,190,48,0,48,238
05/02/2023,BTR,LA,ASW,CE,Combined TRACON& Tower with Radar,32,18,57,2,109,0,6,63,0,69,32,24,120,2,178,68,0,68,246
05/03/2023,BTR,LA,ASW,CE,Combined TRACON& Tower with Radar,31,27,48,3,109,0,11,53,0,64,31,38,101,3,173,60,0,60,233
05/04/2023,BTR,LA,ASW,CE,Combined TRACON& Tower with Radar,34,30,47,0,111,0,10,69,2,81,34,40,116,2,192,32,0,32,224
05/05/2023,BTR,LA,ASW,CE,Combined TRACON& Tower with Radar,29,29,49,7,114,0,0,7,1,8,29,29,56,8,122,47,0,47,169
05/06/2023,BTR,LA,ASW,CE,Combined TRACON& Tower with Radar,24,10,20,0,54,0,2,4,0,6,24,12,24,0,60,0,0,0,60
05/07/2023,BTR,LA,ASW,CE,Combined TRACON& Tower with Radar,23,27,49,0,99,0,7,29,0,36,23,34,78,0,135,14,0,14,149
05/08/2023,BTR,LA,ASW,CE,Combined TRACON& Tower with Radar,27,25,28,4,84,0,3,29,2,34,27,28,57,6,118,56,0,56,174
05/09/2023,BTR,LA,ASW,CE,Combined TRACON& Tower with Radar,35,20,60,2,117,0,2,17,3,22,35,22,77,5,139,12,0,12,151
05/10/2023,BTR,LA,ASW,CE,Combined TRACON& Tower with Radar,27,30,65,0,122,0,7,35,0,42,27,37,100,0,164,90,0,90,254
05/11/2023,BTR,LA,ASW,CE,Combined TRACON& Tower with Radar,26,29,46,0,101,0,8,22,0,30,26,37,68,0,131,82,0,82,213
05/12/2023,BTR,LA,ASW,CE,Combined TRACON& Tower with Radar,25,26,52,0,103,0,10,28,0,38,25,36,80,0,141,60,0,60,201
05/13/2023,BTR,LA,ASW,CE,Combined TRACON& Tower with Radar,29,23,23,0,75,0,5,32,0,37,29,28,55,0,112,34,0,34,146
05/14/2023,BTR,LA,ASW,CE,Combined TRACON& Tower with Radar,29,16,31,0,76,0,5,13,2,20,29,21,44,2,96,6,0,6,102
05/15/2023,BTR,LA,ASW,CE,Combined TRACON& Tower with Radar,22,23,58,0,103,0,5,30,0,35,22,28,88,0,138,29,0,29,167
05/16/2023,BTR,LA,ASW,CE,Combined TRACON& Tower with Radar,26,34,52,1,113,0,23,64,1,88,26,57,116,2,201,62,0,62,263
05/17/2023,BTR,LA,ASW,CE,Combined TRACON& Tower with Radar,28,25,54,2,109,0,9,41,0,50,28,34,95,2,159,62,0,62,221
05/18/2023,BTR,LA,ASW,CE,Combined TRACON& Tower with Radar,27,35,59,19,140,0,19,77,1,97,27,54,136,20,237,48,0,48,285
05/19/2023,BTR,LA,ASW,CE,Combined TRACON& Tower with Radar,23,31,53,2,109,0,17,69,0,86,23,48,122,2,195,28,0,28,223
05/20/2023,BTR,LA,ASW,CE,Combined TRACON& Tower with Radar,22,21,29,0,72,0,9,45,0,54,22,30,74,0,126,36,0,36,162
05/21/2023,BTR,LA,ASW,CE,Combined TRACON& Tower with Radar,24,21,37,0,82,0,8,38,0,46,24,29,75,0,128,44,6,50,178
05/22/2023,BTR,LA,ASW,CE,Combined TRACON& Tower with Radar,28,30,47,1,106,0,15,43,3,61,28,45,90,4,167,124,0,124,291
05/23/2023,BTR,LA,ASW,CE,Combined TRACON& Tower with Radar,28,21,41,8,98,0,13,61,4,78,28,34,102,12,176,54,8,62,238
05/24/2023,BTR,LA,ASW,CE,Combined TRACON& Tower with Radar,26,22,58,0,106,0,5,41,0,46,26,27,99,0,152,68,0,68,220
05/25/2023,BTR,LA,ASW,CE,Combined TRACON& Tower with Radar,28,29,43,0,100,0,8,43,1,52,28,37,86,1,152,56,0,56,208
05/26/2023,BTR,LA,ASW,CE,Combined TRACON& Tower with Radar,26,32,59,0,117,0,11,42,0,53,26,43,101,0,170,88,0,88,258
05/27/2023,BTR,LA,ASW,CE,Combined TRACON& Tower with Radar,20,16,27,0,63,0,28,45,0,73,20,44,72,0,136,4,0,4,140
05/28/2023,BTR,LA,ASW,CE,Combined TRACON& Tower with Radar,24,13,23,0,60,0,1,28,0,29,24,14,51,0,89,0,0,0,89
05/29/2023,BTR,LA,ASW,CE,Combined TRACON& Tower with Radar,27,16,36,0,79,0,6,33,0,39,27,22,69,0,118,24,0,24,142
05/30/2023,BTR,LA,ASW,CE,Combined TRACON& Tower with Radar,29,18,45,9,101,0,9,52,0,61,29,27,97,9,162,48,10,58,220
05/31/2023,BTR,LA,ASW,CE,Combined TRACON& Tower with Radar,32,22,53,4,111,0,13,84,0,97,32,35,137,4,208,54,0,54,262
06/01/2023,BTR,LA,ASW,CE,Combined TRACON& Tower with Radar,34,29,56,8,127,0,22,72,1,95,34,51,128,9,222,34,0,34,256
06/02/2023,BTR,LA,ASW,CE,Combined TRACON& Tower with Radar,31,18,47,0,96,0,15,63,1,79,31,33,110,1,175,26,0,26,201
06/03/2023,BTR,LA,ASW,CE,Combined TRACON& Tower with Radar,25,17,17,0,59,0,11,38,0,49,25,28,55,0,108,24,0,24,132
06/04/2023,BTR,LA,ASW,CE,Combined TRACON& Tower with Radar,28,19,27,19,93,0,5,19,5,29,28,24,46,24,122,10,0,10,132
06/05/2023,BTR,LA,ASW,CE,Combined TRACON& Tower with Radar,38,11,26,6,81,0,3,22,0,25,38,14,48,6,106,76,0,76,182
06/06/2023,BTR,LA,ASW,CE,Combined TRACON& Tower with Radar,30,23,36,0,89,0,6,47,3,56,30,29,83,3,145,138,0,138,283
06/07/2023,BTR,LA,ASW,CE,Combined TRACON& Tower with Radar,33,26,57,4,120,0,15,38,0,53,33,41,95,4,173,40,0,40,213
06/08/2023,BTR,LA,ASW,CE,Combined TRACON& Tower with Radar,35,17,48,1,101,0,7,43,1,51,35,24,91,2,152,64,0,64,216
06/09/2023,BTR,LA,ASW,CE,Combined TRACON& Tower with Radar,34,23,47,10,114,0,10,42,2,54,34,33,89,12,168,54,0,54,222
06/10/2023,BTR,LA,ASW,CE,Combined TRACON& Tower with Radar,26,7,23,0,56,0,3,64,0,67,26,10,87,0,123,20,0,20,143
06/11/2023,BTR,LA,ASW,CE,Combined TRACON& Tower with Radar,29,21,34,0,84,0,7,31,0,38,29,28,65,0,122,0,0,0,122
06/12/2023,BTR,LA,ASW,CE,Combined TRACON& Tower with Radar,33,16,36,4,89,0,7,30,0,37,33,23,66,4,126,158,0,158,284
06/13/2023,BTR,LA,ASW,CE,Combined TRACON& Tower with Radar,29,40,58,3,130,0,25,37,4,66,29,65,95,7,196,160,0,160,356
06/14/2023,BTR,LA,ASW,CE,Combined TRACON& Tower with Radar,32,17,68,4,121,0,5,44,1,50,32,22,112,5,171,38,0,38,209
06/15/2023,BTR,LA,ASW,CE,Combined TRACON& Tower with Radar,29,22,55,0,106,0,15,35,0,50,29,37,90,0,156,86,0,86,242
06/16/2023,BTR,LA,ASW,CE,Combined TRACON& Tower with Radar,30,22,44,0,96,0,15,55,0,70,30,37,99,0,166,38,0,38,204
06/17/2023,BTR,LA,ASW,CE,Combined TRACON& Tower with Radar,29,11,36,6,82,0,2,41,2,45,29,13,77,8,127,18,8,26,153
06/18/2023,BTR,LA,ASW,CE,Combined TRACON& Tower with Radar,31,12,21,0,64,0,2,12,0,14,31,14,33,0,78,8,0,8,86
06/19/2023,BTR,LA,ASW,CE,Combined TRACON& Tower with Radar,32,13,57,0,102,0,2,23,1,26,32,15,80,1,128,60,0,60,188
06/20/2023,BTR,LA,ASW,CE,Combined TRACON& Tower with Radar,31,23,40,0,94,0,4,27,0,31,31,27,67,0,125,30,0,30,155
06/21/2023,BTR,LA,ASW,CE,Combined TRACON& Tower with Radar,29,24,65,4,122,0,9,34,4,47,29,33,99,8,169,44,0,44,213
06/22/2023,BTR,LA,ASW,CE,Combined TRACON& Tower with Radar,28,23,61,2,114,0,6,50,0,56,28,29,111,2,170,46,0,46,216
06/23/2023,BTR,LA,ASW,CE,Combined TRACON& Tower with Radar,26,15,52,4,97,0,10,30,0,40,26,25,82,4,137,8,0,8,145
06/24/2023,BTR,LA,ASW,CE,Combined TRACON& Tower with Radar,24,28,44,0,96,0,14,32,0,46,24,42,76,0,142,8,0,8,150
06/25/2023,BTR,LA,ASW,CE,Combined TRACON& Tower with Radar,25,21,31,18,95,0,9,21,2,32,25,30,52,20,127,34,0,34,161
06/26/2023,BTR,LA,ASW,CE,Combined TRACON& Tower with Radar,29,16,44,4,93,0,0,26,0,26,29,16,70,4,119,30,0,30,149
06/27/2023,BTR,LA,ASW,CE,Combined TRACON& Tower with Radar,29,26,68,6,129,0,4,32,1,37,29,30,100,7,166,106,0,106,272
06/28/2023,BTR,LA,ASW,CE,Combined TRACON& Tower with Radar,26,22,58,2,108,0,12,70,3,85,26,34,128,5,193,92,0,92,285
06/29/2023,BTR,LA,ASW,CE,Combined TRACON& Tower with Radar,27,29,43,2,101,0,8,51,0,59,27,37,94,2,160,26,6,32,192
06/30/2023,BTR,LA,ASW,CE,Combined TRACON& Tower with Radar,26,20,56,6,108,0,10,55,0,65,26,30,111,6,173,49,0,49,222
07/01/2023,BTR,LA,ASW,CE,Combined TRACON& Tower with Radar,21,20,28,4,73,0,4,36,0,40,21,24,64,4,113,50,0,50,163
07/02/2023,BTR,LA,ASW,CE,Combined TRACON& Tower with Radar,21,13,13,0,47,0,5,20,0,25,21,18,33,0,72,114,0,114,186
07/03/2023,BTR,LA,ASW,CE,Combined TRACON& Tower with Radar,22,18,17,4,61,0,0,29,0,29,22,18,46,4,90,74,0,74,164
07/04/2023,BTR,LA,ASW,CE,Combined TRACON& Tower with Radar,24,11,14,0,49,0,0,13,0,13,24,11,27,0,62,0,0,0,62
07/05/2023,BTR,LA,ASW,CE,Combined TRACON& Tower with Radar,27,19,22,2,70,0,0,37,0,37,27,19,59,2,107,0,0,0,107
07/06/2023,BTR,LA,ASW,CE,Combined TRACON& Tower with Radar,25,18,38,2,83,0,6,41,0,47,25,24,79,2,130,34,0,34,164
07/07/2023,BTR,LA,ASW,CE,Combined TRACON& Tower with Radar,25,17,32,12,86,0,5,55,0,60,25,22,87,12,146,9,0,9,155
07/08/2023,BTR,LA,ASW,CE,Combined TRACON& Tower with Radar,26,12,28,0,66,0,5,42,0,47,26,17,70,0,113,32,0,32,145
07/09/2023,BTR,LA,ASW,CE,Combined TRACON& Tower with Radar,27,10,36,0,73,0,4,22,0,26,27,14,58,0,99,38,0,38,137
07/10/2023,BTR,LA,ASW,CE,Combined TRACON& Tower with Radar,31,21,35,0,87,0,1,30,0,31,31,22,65,0,118,8,0,8,126
07/11/2023,BTR,LA,ASW,CE,Combined TRACON& Tower with Radar,29,16,40,2,87,0,8,31,0,39,29,24,71,2,126,46,0,46,172
07/12/2023,BTR,LA,ASW,CE,Combined TRACON& Tower with Radar,29,21,54,2,106,0,13,64,0,77,29,34,118,2,183,58,0,58,241
07/13/2023,BTR,LA,ASW,CE,Combined TRACON& Tower with Radar,30,20,42,2,94,0,8,63,0,71,30,28,105,2,165,56,0,56,221
07/14/2023,BTR,LA,ASW,CE,Combined TRACON& Tower with Radar,29,20,41,8,98,0,3,38,0,41,29,23,79,8,139,28,0,28,167
07/15/2023,BTR,LA,ASW,CE,Combined TRACON& Tower with Radar,23,20,36,0,79,0,5,33,0,38,23,25,69,0,117,43,0,43,160
07/16/2023,BTR,LA,ASW,CE,Combined TRACON& Tower with Radar,27,15,53,3,98,0,7,8,1,16,27,22,61,4,114,12,0,12,126
07/17/2023,BTR,LA,ASW,CE,Combined TRACON& Tower with Radar,29,15,51,2,97,0,3,35,0,38,29,18,86,2,135,30,0,30,165
07/18/2023,BTR,LA,ASW,CE,Combined TRACON& Tower with Radar,28,20,39,0,87,0,4,51,4,59,28,24,90,4,146,44,0,44,190
07/19/2023,BTR,LA,ASW,CE,Combined TRACON& Tower with Radar,29,22,41,2,94,0,5,42,3,50,29,27,83,5,144,64,0,64,208
07/20/2023,BTR,LA,ASW,CE,Combined TRACON& Tower with Radar,30,16,57,0,103,0,2,59,0,61,30,18,116,0,164,62,0,62,226
07/21/2023,BTR,LA,ASW,CE,Combined TRACON& Tower with Radar,24,22,37,16,99,0,4,41,0,45,24,26,78,16,144,72,0,72,216
07/22/2023,BTR,LA,ASW,CE,Combined TRACON& Tower with Radar,27,17,36,0,80,0,2,23,0,25,27,19,59,0,105,92,0,92,197
07/23/2023,BTR,LA,ASW,CE,Combined TRACON& Tower with Radar,27,10,28,0,65,0,1,21,0,22,27,11,49,0,87,48,0,48,135
07/24/2023,BTR,LA,ASW,CE,Combined TRACON& Tower with Radar,35,19,41,7,102,0,13,46,1,60,35,32,87,8,162,50,0,50,212
07/25/2023,BTR,LA,ASW,CE,Combined TRACON& Tower with Radar,31,18,40,10,99,0,3,34,3,40,31,21,74,13,139,92,0,92,231
07/26/2023,BTR,LA,ASW,CE,Combined TRACON& Tower with Radar,29,18,44,2,93,0,11,59,0,70,29,29,103,2,163,96,0,96,259
07/27/2023,BTR,LA,ASW,CE,Combined TRACON& Tower with Radar,31,32,48,2,113,0,10,57,0,67,31,42,105,2,180,48,0,48,228
07/28/2023,BTR,LA,ASW,CE,Combined TRACON& Tower with Radar,28,22,48,4,102,0,13,45,0,58,28,35,93,4,160,52,0,52,212
07/29/2023,BTR,LA,ASW,CE,Combined TRACON& Tower with Radar,25,15,26,0,66,0,1,33,0,34,25,16,59,0,100,28,0,28,128
07/30/2023,BTR,LA,ASW,CE,Combined TRACON& Tower with Radar,31,14,33,2,80,0,3,19,0,22,31,17,52,2,102,52,0,52,154
07/31/2023,BTR,LA,ASW,CE,Combined TRACON& Tower with Radar,33,22,38,4,97,0,2,31,0,33,33,24,69,4,130,72,0,72,202
08/01/2023,BTR,LA,ASW,CE,Combined TRACON& Tower with Radar,31,22,50,2,105,0,11,51,6,68,31,33,101,8,173,122,4,126,299
08/02/2023,BTR,LA,ASW,CE,Combined TRACON& Tower with Radar,30,29,49,4,112,0,9,46,0,55,30,38,95,4,167,60,0,60,227
08/03/2023,BTR,LA,ASW,CE,Combined TRACON& Tower with Radar,29,28,39,0,96,0,15,44,0,59,29,43,83,0,155,46,0,46,201
08/04/2023,BTR,LA,ASW,CE,Combined TRACON& Tower with Radar,30,17,41,0,88,0,11,35,0,46,30,28,76,0,134,26,0,26,160
08/05/2023,BTR,LA,ASW,CE,Combined TRACON& Tower with Radar,25,17,21,6,69,0,7,33,5,45,25,24,54,11,114,10,5,15,129
08/06/2023,BTR,LA,ASW,CE,Combined TRACON& Tower with Radar,23,10,31,4,68,0,10,22,0,32,23,20,53,4,100,40,0,40,140
08/07/2023,BTR,LA,ASW,CE,Combined TRACON& Tower with Radar,25,20,41,0,86,0,8,40,0,48,25,28,81,0,134,38,0,38,172
08/08/2023,BTR,LA,ASW,CE,Combined TRACON& Tower with Radar,31,29,35,2,97,0,4,19,0,23,31,33,54,2,120,66,0,66,186
08/09/2023,BTR,LA,ASW,CE,Combined TRACON& Tower with Radar,30,25,45,0,100,0,8,51,0,59,30,33,96,0,159,142,0,142,301
08/10/2023,BTR,LA,ASW,CE,Combined TRACON& Tower with Radar,29,26,57,2,114,0,8,44,0,52,29,34,101,2,166,96,0,96,262
08/11/2023,BTR,LA,ASW,CE,Combined TRACON& Tower with Radar,29,23,48,0,100,0,13,52,0,65,29,36,100,0,165,130,0,130,295
08/12/2023,BTR,LA,ASW,CE,Combined TRACON& Tower with Radar,24,22,26,0,72,0,8,35,0,43,24,30,61,0,115,34,0,34,149
08/13/2023,BTR,LA,ASW,CE,Combined TRACON& Tower with Radar,28,26,27,0,81,0,9,30,0,39,28,35,57,0,120,34,0,34,154
08/14/2023,BTR,LA,ASW,CE,Combined TRACON& Tower with Radar,32,15,36,6,89,0,15,40,0,55,32,30,76,6,144,26,0,26,170
08/15/2023,BTR,LA,ASW,CE,Combined TRACON& Tower with Radar,35,20,35,2,92,0,13,27,0,40,35,33,62,2,132,78,0,78,210
08/16/2023,BTR,LA,ASW,CE,Combined TRACON& Tower with Radar,29,26,41,8,104,0,16,53,0,69,29,42,94,8,173,66,0,66,239
08/17/2023,BTR,LA,ASW,CE,Combined TRACON& Tower with Radar,30,22,52,0,104,0,5,62,2,69,30,27,114,2,173,26,0,26,199
08/18/2023,BTR,LA,ASW,CE,Combined TRACON& Tower with Radar,33,17,60,0,110,0,11,52,0,63,33,28,112,0,173,38,0,38,211
08/19/2023,BTR,LA,ASW,CE,Combined TRACON& Tower with Radar,25,14,32,0,71,0,8,35,0,43,25,22,67,0,114,60,0,60,174
08/20/2023,BTR,LA,ASW,CE,Combined TRACON& Tower with Radar,28,15,53,0,96,0,4,37,0,41,28,19,90,0,137,40,0,40,177
08/21/2023,BTR,LA,ASW,CE,Combined TRACON& Tower with Radar,31,15,54,8,108,0,4,37,0,41,31,19,91,8,149,62,2,64,213
08/22/2023,BTR,LA,ASW,CE,Combined TRACON& Tower with Radar,29,18,38,4,89,0,5,45,0,50,29,23,83,4,139,102,0,102,241
08/23/2023,BTR,LA,ASW,CE,Combined TRACON& Tower with Radar,29,23,58,0,110,0,2,47,1,50,29,25,105,1,160,64,0,64,224
08/24/2023,BTR,LA,ASW,CE,Combined TRACON& Tower with Radar,29,26,84,0,139,0,3,51,0,54,29,29,135,0,193,50,0,50,243
08/25/2023,BTR,LA,ASW,CE,Combined TRACON& Tower with Radar,28,14,47,0,89,0,5,53,4,62,28,19,100,4,151,84,0,84,235
08/26/2023,BTR,LA,ASW,CE,Combined TRACON& Tower with Radar,24,11,26,0,61,0,2,48,2,52,24,13,74,2,113,21,0,21,134
08/27/2023,BTR,LA,ASW,CE,Combined TRACON& Tower with Radar,25,11,42,0,78,0,4,28,2,34,25,15,70,2,112,52,0,52,164
08/28/2023,BTR,LA,ASW,CE,Combined TRACON& Tower with Radar,30,13,34,5,82,0,7,22,0,29,30,20,56,5,111,90,0,90,201
08/29/2023,BTR,LA,ASW,CE,Combined TRACON& Tower with Radar,29,16,44,4,93,0,5,15,4,24,29,21,59,8,117,54,0,54,171
08/30/2023,BTR,LA,ASW,CE,Combined TRACON& Tower with Radar,32,23,41,0,96,0,9,73,0,82,32,32,114,0,178,22,0,22,200
08/31/2023,BTR,LA,ASW,CE,Combined TRACON& Tower with Radar,32,24,65,8,129,0,5,58,2,65,32,29,123,10,194,32,0,32,226
