01/01/2000,BTV,VT,ANE,EN,Towers with Radar,9,44,11,0,64,10,0,39,0,49,19,44,50,0,113,12,0,12,125
01/02/2000,BTV,VT,ANE,EN,Towers with Radar,14,64,19,0,97,2,0,23,0,25,16,64,42,0,122,4,0,4,126
01/03/2000,BTV,VT,ANE,EN,Towers with Radar,15,82,20,0,117,0,16,20,0,36,15,98,40,0,153,66,0,66,219
01/04/2000,BTV,VT,ANE,EN,Towers with Radar,19,95,11,6,131,2,16,0,0,18,21,111,11,6,149,0,2,2,151
01/05/2000,BTV,VT,ANE,EN,Towers with Radar,18,104,24,10,156,0,6,50,21,77,18,110,74,31,233,62,52,114,347
01/06/2000,BTV,VT,ANE,EN,Towers with Radar,19,97,22,10,148,0,21,37,21,79,19,118,59,31,227,50,48,98,325
01/07/2000,BTV,VT,ANE,EN,Towers with Radar,20,107,26,11,164,0,0,12,8,20,20,107,38,19,184,142,12,154,338
01/08/2000,BTV,VT,ANE,EN,Towers with Radar,12,63,13,6,94,5,13,90,14,122,17,76,103,20,216,98,4,102,318
01/09/2000,BTV,VT,ANE,EN,Towers with Radar,14,73,15,8,110,3,0,38,8,49,17,73,53,16,159,74,14,88,247
01/10/2000,BTV,VT,ANE,EN,Towers with Radar,16,91,21,9,137,0,17,5,9,31,16,108,26,18,168,42,40,82,250
01/11/2000,BTV,VT,ANE,EN,Towers with Radar,18,105,25,11,159,0,6,38,3,47,18,111,63,14,206,76,26,102,308
01/12/2000,BTV,VT,ANE,EN,Towers with Radar,18,99,23,10,150,0,24,46,7,77,18,123,69,17,227,34,10,44,271
01/13/2000,BTV,VT,ANE,EN,Towers with Radar,17,89,23,10,139,0,0,4,15,19,17,89,27,25,158,18,32,50,208
01/14/2000,BTV,VT,ANE,EN,Towers with Radar,20,98,23,4,145,1,4,24,0,29,21,102,47,4,174,26,0,26,200
01/15/2000,BTV,VT,ANE,EN,Towers with Radar,15,72,17,0,104,2,12,62,0,76,17,84,79,0,180,53,6,59,239
01/16/2000,BTV,VT,ANE,EN,Towers with Radar,14,64,7,0,85,0,5,0,0,5,14,69,7,0,90,0,0,0,90
01/17/2000,BTV,VT,ANE,EN,Towers with Radar,15,79,18,0,112,0,4,27,0,31,15,83,45,0,143,2,0,2,145
01/18/2000,BTV,VT,ANE,EN,Towers with Radar,17,99,23,10,149,0,11,40,15,66,17,110,63,25,215,25,18,43,258
01/19/2000,BTV,VT,ANE,EN,Towers with Radar,21,108,26,11,166,0,14,36,21,71,21,122,62,32,237,18,32,50,287
01/20/2000,BTV,VT,ANE,EN,Towers with Radar,18,84,21,9,132,1,0,5,3,9,19,84,26,12,141,20,16,36,177
01/21/2000,BTV,VT,ANE,EN,Towers with Radar,21,98,24,4,147,1,0,9,0,10,22,98,33,4,157,12,0,12,169
01/22/2000,BTV,VT,ANE,EN,Towers with Radar,15,72,18,0,105,2,18,41,0,61,17,90,59,0,166,46,0,46,212
01/23/2000,BTV,VT,ANE,EN,Towers with Radar,14,60,16,2,92,4,0,5,0,9,18,60,21,2,101,40,0,40,141
01/24/2000,BTV,VT,ANE,EN,Towers with Radar,16,99,24,10,149,0,13,27,14,54,16,112,51,24,203,154,18,172,375
01/25/2000,BTV,VT,ANE,EN,Towers with Radar,8,37,13,6,64,0,0,21,3,24,8,37,34,9,88,78,4,82,170
01/26/2000,BTV,VT,ANE,EN,Towers with Radar,15,82,19,0,116,0,7,0,0,7,15,89,19,0,123,2,0,2,125
01/27/2000,BTV,VT,ANE,EN,Towers with Radar,19,102,25,10,156,0,0,1,6,7,19,102,26,16,163,0,8,8,171
01/28/2000,BTV,VT,ANE,EN,Towers with Radar,19,92,22,2,135,1,9,2,0,12,20,101,24,2,147,12,2,14,161
01/29/2000,BTV,VT,ANE,EN,Towers with Radar,14,65,16,3,98,2,18,99,0,119,16,83,115,3,217,70,2,72,289
01/30/2000,BTV,VT,ANE,EN,Towers with Radar,14,64,16,1,95,0,0,84,0,84,14,64,100,1,179,50,0,50,229
01/31/2000,BTV,VT,ANE,EN,Towers with Radar,16,81,20,1,118,0,13,1,0,14,16,94,21,1,132,0,0,0,132
02/01/2000,BTV,VT,ANE,EN,Towers with Radar,19,94,26,12,151,0,9,5,13,27,19,103,31,25,178,14,26,40,218
02/02/2000,BTV,VT,ANE,EN,Towers with Radar,18,110,31,13,172,0,2,24,12,38,18,112,55,25,210,86,42,128,338
02/03/2000,BTV,VT,ANE,EN,Towers with Radar,18,110,32,15,175,0,0,48,26,74,18,110,80,41,249,100,48,148,397
02/04/2000,BTV,VT,ANE,EN,Towers with Radar,21,108,30,14,173,0,10,72,7,89,21,118,102,21,262,43,22,65,327
02/05/2000,BTV,VT,ANE,EN,Towers with Radar,15,73,22,9,119,5,0,35,23,63,20,73,57,32,182,106,76,182,364
02/06/2000,BTV,VT,ANE,EN,Towers with Radar,12,63,18,8,101,4,3,24,9,40,16,66,42,17,141,96,8,104,245
02/07/2000,BTV,VT,ANE,EN,Towers with Radar,18,92,27,8,145,0,11,7,0,18,18,103,34,8,163,28,16,44,207
02/08/2000,BTV,VT,ANE,EN,Towers with Radar,18,92,27,11,148,2,30,68,14,114,20,122,95,25,262,32,54,86,348
02/09/2000,BTV,VT,ANE,EN,Towers with Radar,18,98,29,12,157,0,14,9,1,24,18,112,38,13,181,4,18,22,203
02/10/2000,BTV,VT,ANE,EN,Towers with Radar,18,110,32,7,167,0,6,14,0,20,18,116,46,7,187,48,2,50,237
02/11/2000,BTV,VT,ANE,EN,Towers with Radar,19,86,25,5,135,0,0,0,0,0,19,86,25,5,135,0,0,0,135
02/12/2000,BTV,VT,ANE,EN,Towers with Radar,13,67,20,1,101,3,10,85,0,98,16,77,105,1,199,66,0,66,265
02/13/2000,BTV,VT,ANE,EN,Towers with Radar,14,63,20,2,99,4,0,51,0,55,18,63,71,2,154,14,0,14,168
02/14/2000,BTV,VT,ANE,EN,Towers with Radar,7,63,3,0,73,0,1,0,0,1,7,64,3,0,74,0,0,0,74
02/15/2000,BTV,VT,ANE,EN,Towers with Radar,18,114,33,13,178,0,6,49,38,93,18,120,82,51,271,28,34,62,333
02/16/2000,BTV,VT,ANE,EN,Towers with Radar,19,95,21,4,139,5,4,0,0,9,24,99,21,4,148,6,0,6,154
02/17/2000,BTV,VT,ANE,EN,Towers with Radar,19,106,31,13,169,0,11,67,15,93,19,117,98,28,262,88,24,112,374
02/18/2000,BTV,VT,ANE,EN,Towers with Radar,13,88,38,9,148,0,0,2,0,2,13,88,40,9,150,2,8,10,160
02/19/2000,BTV,VT,ANE,EN,Towers with Radar,11,48,16,1,76,7,0,26,0,33,18,48,42,1,109,8,0,8,117
02/20/2000,BTV,VT,ANE,EN,Towers with Radar,13,61,18,1,93,2,3,37,0,42,15,64,55,1,135,160,0,160,295
02/21/2000,BTV,VT,ANE,EN,Towers with Radar,18,95,28,0,141,0,10,83,0,93,18,105,111,0,234,114,0,114,348
02/22/2000,BTV,VT,ANE,EN,Towers with Radar,19,104,30,13,166,0,9,67,6,82,19,113,97,19,248,68,28,96,344
02/23/2000,BTV,VT,ANE,EN,Towers with Radar,18,113,32,13,176,0,0,32,8,40,18,113,64,21,216,13,26,39,255
02/24/2000,BTV,VT,ANE,EN,Towers with Radar,23,103,34,14,174,0,0,31,8,39,23,103,65,22,213,114,20,134,347
02/25/2000,BTV,VT,ANE,EN,Towers with Radar,20,93,22,4,139,3,0,0,0,3,23,93,22,4,142,3,0,3,145
02/26/2000,BTV,VT,ANE,EN,Towers with Radar,15,82,23,4,124,0,9,47,0,56,15,91,70,4,180,123,6,129,309
02/27/2000,BTV,VT,ANE,EN,Towers with Radar,13,64,18,2,97,4,0,18,0,22,17,64,36,2,119,28,0,28,147
02/28/2000,BTV,VT,ANE,EN,Towers with Radar,15,84,23,7,129,0,21,10,0,31,15,105,33,7,160,48,22,70,230
02/29/2000,BTV,VT,ANE,EN,Towers with Radar,18,98,27,12,155,0,17,62,6,85,18,115,89,18,240,94,22,116,356
03/01/2000,BTV,VT,ANE,EN,Towers with Radar,19,99,28,10,156,3,11,78,6,98,22,110,106,16,254,136,38,174,428
03/02/2000,BTV,VT,ANE,EN,Towers with Radar,21,109,29,12,171,1,1,26,10,38,22,110,55,22,209,46,24,70,279
03/03/2000,BTV,VT,ANE,EN,Towers with Radar,18,98,26,2,144,1,1,17,0,19,19,99,43,2,163,0,0,0,163
03/04/2000,BTV,VT,ANE,EN,Towers with Radar,15,79,21,9,124,2,15,140,3,160,17,94,161,12,284,76,4,80,364
03/05/2000,BTV,VT,ANE,EN,Towers with Radar,15,76,22,6,119,0,0,8,0,8,15,76,30,6,127,0,4,4,131
03/06/2000,BTV,VT,ANE,EN,Towers with Radar,17,90,25,9,141,2,26,75,14,117,19,116,100,23,258,76,26,102,360
03/07/2000,BTV,VT,ANE,EN,Towers with Radar,22,106,31,11,170,0,0,73,37,110,22,106,104,48,280,64,16,80,360
03/08/2000,BTV,VT,ANE,EN,Towers with Radar,20,109,32,11,172,0,0,93,53,146,20,109,125,64,318,165,26,191,509
03/09/2000,BTV,VT,ANE,EN,Towers with Radar,21,104,31,11,167,1,0,36,9,46,22,104,67,20,213,92,16,108,321
03/10/2000,BTV,VT,ANE,EN,Towers with Radar,18,117,33,12,180,0,0,84,12,96,18,117,117,24,276,82,10,92,368
03/11/2000,BTV,VT,ANE,EN,Towers with Radar,16,84,9,14,123,1,0,0,1,2,17,84,9,15,125,0,0,0,125
03/12/2000,BTV,VT,ANE,EN,Towers with Radar,13,66,9,0,88,6,3,0,0,9,19,69,9,0,97,0,0,0,97
03/13/2000,BTV,VT,ANE,EN,Towers with Radar,17,100,28,10,155,0,24,99,7,130,17,124,127,17,285,90,20,110,395
03/14/2000,BTV,VT,ANE,EN,Towers with Radar,18,99,28,10,155,0,10,20,15,45,18,109,48,25,200,108,14,122,322
03/15/2000,BTV,VT,ANE,EN,Towers with Radar,20,112,31,12,175,0,10,19,17,46,20,122,50,29,221,48,18,66,287
03/16/2000,BTV,VT,ANE,EN,Towers with Radar,17,109,30,11,167,0,0,0,0,0,17,109,30,11,167,2,6,8,175
03/17/2000,BTV,VT,ANE,EN,Towers with Radar,18,90,25,2,135,0,5,21,0,26,18,95,46,2,161,6,0,6,167
03/18/2000,BTV,VT,ANE,EN,Towers with Radar,14,70,20,0,104,8,19,130,0,157,22,89,150,0,261,162,0,162,423
03/19/2000,BTV,VT,ANE,EN,Towers with Radar,14,66,20,2,102,2,0,120,0,122,16,66,140,2,224,226,0,226,450
03/20/2000,BTV,VT,ANE,EN,Towers with Radar,15,84,24,9,132,0,33,87,5,125,15,117,111,14,257,148,20,168,425
03/21/2000,BTV,VT,ANE,EN,Towers with Radar,19,103,29,12,163,0,16,61,14,91,19,119,90,26,254,222,65,287,541
03/22/2000,BTV,VT,ANE,EN,Towers with Radar,20,98,27,10,155,0,27,67,4,98,20,125,94,14,253,88,22,110,363
03/23/2000,BTV,VT,ANE,EN,Towers with Radar,17,94,26,11,148,0,24,87,12,123,17,118,113,23,271,122,20,142,413
03/24/2000,BTV,VT,ANE,EN,Towers with Radar,19,97,27,10,153,2,15,106,5,128,21,112,133,15,281,78,6,84,365
03/25/2000,BTV,VT,ANE,EN,Towers with Radar,17,80,23,8,128,4,3,42,0,49,21,83,65,8,177,34,0,34,211
03/26/2000,BTV,VT,ANE,EN,Towers with Radar,16,75,21,3,115,5,17,36,0,58,21,92,57,3,173,42,14,56,229
03/27/2000,BTV,VT,ANE,EN,Towers with Radar,15,86,24,8,133,0,28,61,0,89,15,114,85,8,222,54,26,80,302
03/28/2000,BTV,VT,ANE,EN,Towers with Radar,19,94,19,4,136,3,11,0,0,14,22,105,19,4,150,2,18,20,170
03/29/2000,BTV,VT,ANE,EN,Towers with Radar,21,111,34,14,180,0,0,29,0,29,21,111,63,14,209,80,20,100,309
03/30/2000,BTV,VT,ANE,EN,Towers with Radar,22,113,31,1,167,0,7,27,0,34,22,120,58,1,201,64,0,64,265
03/31/2000,BTV,VT,ANE,EN,Towers with Radar,17,111,31,5,164,0,4,79,0,83,17,115,110,5,247,134,0,134,381
04/01/2000,BTV,VT,ANE,EN,Towers with Radar,16,82,25,7,130,3,1,124,0,128,19,83,149,7,258,138,12,150,408
04/02/2000,BTV,VT,ANE,EN,Towers with Radar,2,15,4,2,23,12,58,39,0,109,14,73,43,2,132,70,8,78,210
04/03/2000,BTV,VT,ANE,EN,Towers with Radar,20,103,22,11,156,0,5,0,12,17,20,108,22,23,173,14,40,54,227
04/04/2000,BTV,VT,ANE,EN,Towers with Radar,18,115,34,12,179,0,10,0,13,23,18,125,34,25,202,26,56,82,284
04/05/2000,BTV,VT,ANE,EN,Towers with Radar,17,107,32,2,158,0,15,37,0,52,17,122,69,2,210,56,0,56,266
04/06/2000,BTV,VT,ANE,EN,Towers with Radar,19,100,30,6,155,4,20,4,0,28,23,120,34,6,183,84,2,86,269
04/07/2000,BTV,VT,ANE,EN,Towers with Radar,16,104,32,11,163,0,8,92,1,101,16,112,124,12,264,164,0,164,428
04/08/2000,BTV,VT,ANE,EN,Towers with Radar,14,64,22,4,104,8,0,42,0,50,22,64,64,4,154,104,0,104,258
04/09/2000,BTV,VT,ANE,EN,Towers with Radar,3,16,5,0,24,1,0,0,0,1,4,16,5,0,25,0,0,0,25
04/10/2000,BTV,VT,ANE,EN,Towers with Radar,17,93,28,3,141,0,16,40,0,56,17,109,68,3,197,18,0,18,215
04/11/2000,BTV,VT,ANE,EN,Towers with Radar,18,106,32,12,168,0,5,8,6,19,18,111,40,18,187,116,34,150,337
04/12/2000,BTV,VT,ANE,EN,Towers with Radar,18,105,32,11,166,0,9,29,0,38,18,114,61,11,204,34,22,56,260
04/13/2000,BTV,VT,ANE,EN,Towers with Radar,19,101,31,11,162,5,8,74,22,109,24,109,105,33,271,88,48,136,407
04/14/2000,BTV,VT,ANE,EN,Towers with Radar,18,102,31,11,162,0,17,49,11,77,18,119,80,22,239,80,18,98,337
04/15/2000,BTV,VT,ANE,EN,Towers with Radar,12,65,19,4,100,7,2,72,0,81,19,67,91,4,181,106,0,106,287
04/16/2000,BTV,VT,ANE,EN,Towers with Radar,13,72,23,7,115,0,1,10,3,14,13,73,33,10,129,52,4,56,185
04/17/2000,BTV,VT,ANE,EN,Towers with Radar,19,96,30,10,155,0,4,61,15,80,19,100,91,25,235,120,22,142,377
04/18/2000,BTV,VT,ANE,EN,Towers with Radar,20,108,34,11,173,0,13,27,16,56,20,121,61,27,229,94,38,132,361
04/19/2000,BTV,VT,ANE,EN,Towers with Radar,15,114,40,13,182,0,0,45,39,84,15,114,85,52,266,156,128,284,550
04/20/2000,BTV,VT,ANE,EN,Towers with Radar,21,113,39,13,186,0,0,64,2,66,21,113,103,15,252,138,4,142,394
04/21/2000,BTV,VT,ANE,EN,Towers with Radar,17,91,29,4,141,0,10,11,0,21,17,101,40,4,162,84,12,96,258
04/22/2000,BTV,VT,ANE,EN,Towers with Radar,15,69,24,0,108,0,0,12,0,12,15,69,36,0,120,28,0,28,148
04/23/2000,BTV,VT,ANE,EN,Towers with Radar,12,56,19,0,87,9,0,0,0,9,21,56,19,0,96,4,0,4,100
04/24/2000,BTV,VT,ANE,EN,Towers with Radar,15,83,26,9,133,0,15,3,0,18,15,98,29,9,151,6,2,8,159
04/25/2000,BTV,VT,ANE,EN,Towers with Radar,19,109,34,12,174,0,13,97,15,125,19,122,131,27,299,72,44,116,415
04/26/2000,BTV,VT,ANE,EN,Towers with Radar,18,109,34,12,173,0,3,67,40,110,18,112,101,52,283,120,96,216,499
04/27/2000,BTV,VT,ANE,EN,Towers with Radar,18,106,34,12,170,0,13,7,0,20,18,119,41,12,190,74,16,90,280
04/28/2000,BTV,VT,ANE,EN,Towers with Radar,18,100,32,2,152,0,48,78,0,126,18,148,110,2,278,86,0,86,364
04/29/2000,BTV,VT,ANE,EN,Towers with Radar,13,63,20,0,96,3,11,91,0,105,16,74,111,0,201,128,0,128,329
04/30/2000,BTV,VT,ANE,EN,Towers with Radar,13,65,21,1,100,4,22,61,0,87,17,87,82,1,187,84,0,84,271
05/01/2000,BTV,VT,ANE,EN,Towers with Radar,16,95,34,10,155,1,11,38,2,52,17,106,72,12,207,114,22,136,343
05/02/2000,BTV,VT,ANE,EN,Towers with Radar,19,109,39,12,179,2,26,47,2,77,21,135,86,14,256,104,26,130,386
05/03/2000,BTV,VT,ANE,EN,Towers with Radar,17,94,33,10,154,3,19,120,12,154,20,113,153,22,308,124,26,150,458
05/04/2000,BTV,VT,ANE,EN,Towers with Radar,18,99,35,11,163,5,24,84,13,126,23,123,119,24,289,48,34,82,371
05/05/2000,BTV,VT,ANE,EN,Towers with Radar,18,113,41,10,182,0,0,57,0,57,18,113,98,10,239,118,30,148,387
05/06/2000,BTV,VT,ANE,EN,Towers with Radar,14,73,31,9,127,0,0,63,25,88,14,73,94,34,215,254,32,286,501
05/07/2000,BTV,VT,ANE,EN,Towers with Radar,12,71,25,7,115,1,1,65,9,76,13,72,90,16,191,24,8,32,223
05/08/2000,BTV,VT,ANE,EN,Towers with Radar,13,90,30,10,143,0,19,0,1,20,13,109,30,11,163,90,2,92,255
05/09/2000,BTV,VT,ANE,EN,Towers with Radar,17,123,26,4,170,0,0,0,0,0,17,123,26,4,170,28,0,28,198
05/10/2000,BTV,VT,ANE,EN,Towers with Radar,12,69,25,8,114,2,0,0,4,6,14,69,25,12,120,14,16,30,150
05/11/2000,BTV,VT,ANE,EN,Towers with Radar,16,132,47,13,208,0,0,59,22,81,16,132,106,35,289,102,14,116,405
05/12/2000,BTV,VT,ANE,EN,Towers with Radar,19,115,41,12,187,0,11,106,10,127,19,126,147,22,314,150,24,174,488
05/13/2000,BTV,VT,ANE,EN,Towers with Radar,12,73,26,2,113,5,2,23,0,30,17,75,49,2,143,48,0,48,191
05/14/2000,BTV,VT,ANE,EN,Towers with Radar,13,75,27,1,116,4,0,75,0,79,17,75,102,1,195,80,0,80,275
05/15/2000,BTV,VT,ANE,EN,Towers with Radar,17,109,39,12,177,0,16,68,17,101,17,125,107,29,278,112,12,124,402
05/16/2000,BTV,VT,ANE,EN,Towers with Radar,16,97,35,10,158,2,21,66,6,95,18,118,101,16,253,48,24,72,325
05/17/2000,BTV,VT,ANE,EN,Towers with Radar,18,113,39,12,182,0,5,112,17,134,18,118,151,29,316,136,20,156,472
05/18/2000,BTV,VT,ANE,EN,Towers with Radar,17,106,38,11,172,0,0,0,1,1,17,106,38,12,173,8,0,8,181
05/19/2000,BTV,VT,ANE,EN,Towers with Radar,17,114,41,11,183,0,9,79,3,91,17,123,120,14,274,64,30,94,368
05/20/2000,BTV,VT,ANE,EN,Towers with Radar,14,77,28,4,123,4,7,61,0,72,18,84,89,4,195,70,4,74,269
05/21/2000,BTV,VT,ANE,EN,Towers with Radar,16,104,37,9,166,0,6,25,0,31,16,110,62,9,197,64,0,64,261
05/22/2000,BTV,VT,ANE,EN,Towers with Radar,15,80,33,0,128,0,0,67,0,67,15,80,100,0,195,88,0,88,283
05/23/2000,BTV,VT,ANE,EN,Towers with Radar,19,107,38,11,175,0,14,18,14,46,19,121,56,25,221,34,48,82,303
05/24/2000,BTV,VT,ANE,EN,Towers with Radar,18,118,42,13,191,0,11,4,8,23,18,129,46,21,214,80,20,100,314
05/25/2000,BTV,VT,ANE,EN,Towers with Radar,19,112,40,12,183,0,9,23,6,38,19,121,63,18,221,94,4,98,319
05/26/2000,BTV,VT,ANE,EN,Towers with Radar,20,112,40,11,183,0,15,73,0,88,20,127,113,11,271,108,14,122,393
05/27/2000,BTV,VT,ANE,EN,Towers with Radar,13,69,25,1,108,0,0,69,0,69,13,69,94,1,177,156,0,156,333
05/28/2000,BTV,VT,ANE,EN,Towers with Radar,11,63,23,0,97,3,7,57,0,67,14,70,80,0,164,110,0,110,274
05/29/2000,BTV,VT,ANE,EN,Towers with Radar,14,76,27,4,121,2,8,147,0,157,16,84,174,4,278,128,4,132,410
05/30/2000,BTV,VT,ANE,EN,Towers with Radar,18,101,36,11,166,5,8,98,21,132,23,109,134,32,298,118,36,154,452
05/31/2000,BTV,VT,ANE,EN,Towers with Radar,17,103,37,11,168,0,25,83,3,111,17,128,120,14,279,100,4,104,383
06/01/2000,BTV,VT,ANE,EN,Towers with Radar,18,103,35,10,166,1,23,105,13,142,19,126,140,23,308,154,36,190,498
06/02/2000,BTV,VT,ANE,EN,Towers with Radar,17,101,34,5,157,0,3,24,0,27,17,104,58,5,184,32,8,40,224
06/03/2000,BTV,VT,ANE,EN,Towers with Radar,14,79,27,8,128,1,7,115,5,128,15,86,142,13,256,54,0,54,310
06/04/2000,BTV,VT,ANE,EN,Towers with Radar,14,81,27,1,123,0,5,92,0,97,14,86,119,1,220,162,0,162,382
06/05/2000,BTV,VT,ANE,EN,Towers with Radar,17,105,36,10,168,0,0,49,7,56,17,105,85,17,224,78,12,90,314
06/06/2000,BTV,VT,ANE,EN,Towers with Radar,20,110,37,11,178,1,3,13,5,22,21,113,50,16,200,116,8,124,324
06/07/2000,BTV,VT,ANE,EN,Towers with Radar,22,117,42,11,192,1,0,70,11,82,23,117,112,22,274,50,28,78,352
06/08/2000,BTV,VT,ANE,EN,Towers with Radar,19,109,37,9,174,0,21,63,0,84,19,130,100,9,258,40,14,54,312
06/09/2000,BTV,VT,ANE,EN,Towers with Radar,18,110,41,11,180,0,0,50,6,56,18,110,91,17,236,82,4,86,322
06/10/2000,BTV,VT,ANE,EN,Towers with Radar,15,73,29,1,118,2,0,105,0,107,17,73,134,1,225,108,0,108,333
06/11/2000,BTV,VT,ANE,EN,Towers with Radar,12,75,27,0,114,0,0,8,0,8,12,75,35,0,122,0,0,0,122
06/12/2000,BTV,VT,ANE,EN,Towers with Radar,16,109,38,7,170,0,8,26,0,34,16,117,64,7,204,50,0,50,254
06/13/2000,BTV,VT,ANE,EN,Towers with Radar,21,122,43,11,197,0,5,41,0,46,21,127,84,11,243,146,2,148,391
06/14/2000,BTV,VT,ANE,EN,Towers with Radar,17,112,41,11,181,0,0,14,7,21,17,112,55,18,202,52,6,58,260
06/15/2000,BTV,VT,ANE,EN,Towers with Radar,17,105,37,10,169,0,16,4,22,42,17,121,41,32,211,48,12,60,271
06/16/2000,BTV,VT,ANE,EN,Towers with Radar,15,105,37,10,167,0,17,62,8,87,15,122,99,18,254,130,22,152,406
06/17/2000,BTV,VT,ANE,EN,Towers with Radar,13,68,24,0,105,4,1,46,0,51,17,69,70,0,156,72,0,72,228
06/18/2000,BTV,VT,ANE,EN,Towers with Radar,13,80,28,0,121,0,10,68,0,78,13,90,96,0,199,106,0,106,305
06/19/2000,BTV,VT,ANE,EN,Towers with Radar,17,101,36,9,163,0,16,84,1,101,17,117,120,10,264,104,8,112,376
06/20/2000,BTV,VT,ANE,EN,Towers with Radar,18,100,35,9,162,0,36,122,22,180,18,136,157,31,342,120,24,144,486
06/21/2000,BTV,VT,ANE,EN,Towers with Radar,19,108,38,10,175,0,4,32,7,43,19,112,70,17,218,34,16,50,268
06/22/2000,BTV,VT,ANE,EN,Towers with Radar,20,104,37,9,170,8,11,60,1,80,28,115,97,10,250,78,8,86,336
06/23/2000,BTV,VT,ANE,EN,Towers with Radar,18,95,34,9,156,2,14,132,2,150,20,109,166,11,306,168,22,190,496
06/24/2000,BTV,VT,ANE,EN,Towers with Radar,12,63,22,0,97,6,21,111,0,138,18,84,133,0,235,92,0,92,327
06/25/2000,BTV,VT,ANE,EN,Towers with Radar,13,71,25,4,113,4,8,22,0,34,17,79,47,4,147,0,0,0,147
06/26/2000,BTV,VT,ANE,EN,Towers with Radar,17,99,36,10,162,0,0,110,18,128,17,99,146,28,290,206,48,254,544
06/27/2000,BTV,VT,ANE,EN,Towers with Radar,20,105,37,10,172,7,4,55,6,72,27,109,92,16,244,102,18,120,364
06/28/2000,BTV,VT,ANE,EN,Towers with Radar,20,110,39,10,179,0,15,153,20,188,20,125,192,30,367,166,8,174,541
06/29/2000,BTV,VT,ANE,EN,Towers with Radar,22,117,40,10,189,1,3,81,6,91,23,120,121,16,280,66,28,94,374
06/30/2000,BTV,VT,ANE,EN,Towers with Radar,20,105,36,0,161,0,0,57,0,57,20,105,93,0,218,174,0,174,392
07/01/2000,BTV,VT,ANE,EN,Towers with Radar,13,67,25,0,105,9,5,109,0,123,22,72,134,0,228,100,0,100,328
07/02/2000,BTV,VT,ANE,EN,Towers with Radar,12,65,23,2,102,4,4,83,0,91,16,69,106,2,193,46,0,46,239
07/03/2000,BTV,VT,ANE,EN,Towers with Radar,15,69,30,0,114,7,0,40,0,47,22,69,70,0,161,98,0,98,259
07/04/2000,BTV,VT,ANE,EN,Towers with Radar,15,63,28,7,113,1,0,102,4,107,16,63,130,11,220,176,4,180,400
07/05/2000,BTV,VT,ANE,EN,Towers with Radar,16,99,37,9,161,0,10,96,7,113,16,109,133,16,274,140,28,168,442
07/06/2000,BTV,VT,ANE,EN,Towers with Radar,15,90,33,9,147,0,19,107,8,134,15,109,140,17,281,134,36,170,451
07/07/2000,BTV,VT,ANE,EN,Towers with Radar,20,113,42,11,186,0,9,84,6,99,20,122,126,17,285,104,28,132,417
07/08/2000,BTV,VT,ANE,EN,Towers with Radar,13,67,25,7,112,5,17,133,0,155,18,84,158,7,267,154,20,174,441
07/09/2000,BTV,VT,ANE,EN,Towers with Radar,17,82,31,0,130,1,0,21,0,22,18,82,52,0,152,38,0,38,190
07/10/2000,BTV,VT,ANE,EN,Towers with Radar,16,93,34,9,152,0,16,45,8,69,16,109,79,17,221,198,10,208,429
07/11/2000,BTV,VT,ANE,EN,Towers with Radar,20,99,37,9,165,1,21,65,16,103,21,120,102,25,268,144,24,168,436
07/12/2000,BTV,VT,ANE,EN,Towers with Radar,18,89,33,9,149,2,32,123,2,159,20,121,156,11,308,144,16,160,468
07/13/2000,BTV,VT,ANE,EN,Towers with Radar,19,95,35,9,158,3,28,121,5,157,22,123,156,14,315,142,18,160,475
07/14/2000,BTV,VT,ANE,EN,Towers with Radar,21,105,40,10,176,2,10,85,8,105,23,115,125,18,281,110,16,126,407
07/15/2000,BTV,VT,ANE,EN,Towers with Radar,16,75,29,7,127,2,5,29,1,37,18,80,58,8,164,118,6,124,288
07/16/2000,BTV,VT,ANE,EN,Towers with Radar,15,65,27,1,108,0,0,33,0,33,15,65,60,1,141,54,0,54,195
07/17/2000,BTV,VT,ANE,EN,Towers with Radar,21,98,38,4,161,3,13,18,0,34,24,111,56,4,195,104,0,104,299
07/18/2000,BTV,VT,ANE,EN,Towers with Radar,20,97,37,8,162,0,16,17,4,37,20,113,54,12,199,90,1,91,290
07/19/2000,BTV,VT,ANE,EN,Towers with Radar,22,118,45,11,196,0,9,108,33,150,22,127,153,44,346,178,24,202,548
07/20/2000,BTV,VT,ANE,EN,Towers with Radar,23,107,41,9,180,0,23,140,29,192,23,130,181,38,372,134,10,144,516
07/21/2000,BTV,VT,ANE,EN,Towers with Radar,19,109,42,10,180,0,2,80,2,84,19,111,122,12,264,98,4,102,366
07/22/2000,BTV,VT,ANE,EN,Towers with Radar,16,76,29,3,124,3,2,50,0,55,19,78,79,3,179,134,0,134,313
07/23/2000,BTV,VT,ANE,EN,Towers with Radar,16,75,29,1,121,3,10,94,0,107,19,85,123,1,228,116,0,116,344
07/24/2000,BTV,VT,ANE,EN,Towers with Radar,17,92,35,8,152,0,34,80,13,127,17,126,115,21,279,134,34,168,447
07/25/2000,BTV,VT,ANE,EN,Towers with Radar,20,106,41,9,176,0,21,103,29,153,20,127,144,38,329,92,8,100,429
07/26/2000,BTV,VT,ANE,EN,Towers with Radar,19,97,37,8,161,0,21,81,22,124,19,118,118,30,285,66,29,95,380
07/27/2000,BTV,VT,ANE,EN,Towers with Radar,21,114,44,10,189,0,12,44,15,71,21,126,88,25,260,98,22,120,380
07/28/2000,BTV,VT,ANE,EN,Towers with Radar,18,107,41,9,175,0,11,69,13,93,18,118,110,22,268,140,108,248,516
07/29/2000,BTV,VT,ANE,EN,Towers with Radar,17,81,31,0,129,1,2,47,0,50,18,83,78,0,179,188,0,188,367
07/30/2000,BTV,VT,ANE,EN,Towers with Radar,14,77,31,0,122,0,0,57,0,57,14,77,88,0,179,128,0,128,307
07/31/2000,BTV,VT,ANE,EN,Towers with Radar,15,96,37,5,153,0,11,77,0,88,15,107,114,5,241,186,0,186,427
08/01/2000,BTV,VT,ANE,EN,Towers with Radar,20,110,38,9,177,1,6,10,0,17,21,116,48,9,194,80,12,92,286
08/02/2000,BTV,VT,ANE,EN,Towers with Radar,20,110,38,10,178,2,20,33,17,72,22,130,71,27,250,94,36,130,380
08/03/2000,BTV,VT,ANE,EN,Towers with Radar,23,122,42,12,199,1,0,15,9,25,24,122,57,21,224,93,18,111,335
08/04/2000,BTV,VT,ANE,EN,Towers with Radar,20,111,38,11,180,0,4,124,15,143,20,115,162,26,323,150,22,172,495
08/05/2000,BTV,VT,ANE,EN,Towers with Radar,14,78,26,3,121,5,2,133,0,140,19,80,159,3,261,124,0,124,385
08/06/2000,BTV,VT,ANE,EN,Towers with Radar,14,84,29,8,135,0,10,90,1,101,14,94,119,9,236,52,2,54,290
08/07/2000,BTV,VT,ANE,EN,Towers with Radar,19,106,36,11,172,0,1,38,13,52,19,107,74,24,224,142,18,160,384
08/08/2000,BTV,VT,ANE,EN,Towers with Radar,20,123,42,12,197,0,15,115,25,155,20,138,157,37,352,130,50,180,532
08/09/2000,BTV,VT,ANE,EN,Towers with Radar,18,113,39,11,181,0,18,41,7,66,18,131,80,18,247,120,8,128,375
08/10/2000,BTV,VT,ANE,EN,Towers with Radar,21,111,38,11,181,1,21,72,15,109,22,132,110,26,290,194,12,206,496
08/11/2000,BTV,VT,ANE,EN,Towers with Radar,20,108,37,9,174,1,5,61,0,67,21,113,98,9,241,78,4,82,323
08/12/2000,BTV,VT,ANE,EN,Towers with Radar,14,74,26,7,121,3,0,36,4,43,17,74,62,11,164,182,0,182,346
08/13/2000,BTV,VT,ANE,EN,Towers with Radar,16,78,30,5,129,2,0,92,0,94,18,78,122,5,223,106,8,114,337
08/14/2000,BTV,VT,ANE,EN,Towers with Radar,17,101,34,8,160,0,19,62,0,81,17,120,96,8,241,160,24,184,425
08/15/2000,BTV,VT,ANE,EN,Towers with Radar,19,119,42,12,192,0,30,77,13,120,19,149,119,25,312,70,52,122,434
08/16/2000,BTV,VT,ANE,EN,Towers with Radar,22,110,39,11,182,5,9,32,10,56,27,119,71,21,238,147,4,151,389
08/17/2000,BTV,VT,ANE,EN,Towers with Radar,19,117,41,12,189,0,23,104,15,142,19,140,145,27,331,134,30,164,495
08/18/2000,BTV,VT,ANE,EN,Towers with Radar,23,118,42,12,195,1,13,108,15,137,24,131,150,27,332,134,16,150,482
08/19/2000,BTV,VT,ANE,EN,Towers with Radar,13,66,24,2,105,7,7,103,0,117,20,73,127,2,222,84,2,86,308
08/20/2000,BTV,VT,ANE,EN,Towers with Radar,15,67,27,6,115,3,0,107,0,110,18,67,134,6,225,74,4,78,303
08/21/2000,BTV,VT,ANE,EN,Towers with Radar,18,93,33,10,154,1,26,111,17,155,19,119,144,27,309,104,29,133,442
08/22/2000,BTV,VT,ANE,EN,Towers with Radar,19,95,34,9,157,4,31,83,16,134,23,126,117,25,291,108,26,134,425
08/23/2000,BTV,VT,ANE,EN,Towers with Radar,22,113,36,6,177,0,7,0,0,7,22,120,36,6,184,26,4,30,214
08/24/2000,BTV,VT,ANE,EN,Towers with Radar,18,121,43,12,194,0,13,52,8,73,18,134,95,20,267,80,10,90,357
08/25/2000,BTV,VT,ANE,EN,Towers with Radar,21,106,38,10,175,3,41,110,12,166,24,147,148,22,341,86,10,96,437
08/26/2000,BTV,VT,ANE,EN,Towers with Radar,14,70,25,4,113,6,5,139,0,150,20,75,164,4,263,138,2,140,403
08/27/2000,BTV,VT,ANE,EN,Towers with Radar,14,81,32,8,135,0,0,49,0,49,14,81,81,8,184,52,6,58,242
08/28/2000,BTV,VT,ANE,EN,Towers with Radar,17,103,37,9,166,0,17,83,0,100,17,120,120,9,266,96,1,97,363
08/29/2000,BTV,VT,ANE,EN,Towers with Radar,17,118,42,12,189,0,17,127,24,168,17,135,169,36,357,146,22,168,525
08/30/2000,BTV,VT,ANE,EN,Towers with Radar,20,113,39,11,183,0,25,73,23,121,20,138,112,34,304,94,50,144,448
08/31/2000,BTV,VT,ANE,EN,Towers with Radar,22,119,41,11,193,0,8,95,18,121,22,127,136,29,314,78,14,92,406
09/01/2000,BTV,VT,ANE,EN,Towers with Radar,20,121,43,11,195,0,0,62,6,68,20,121,105,17,263,80,2,82,345
09/02/2000,BTV,VT,ANE,EN,Towers with Radar,16,68,25,1,110,3,0,6,0,9,19,68,31,1,119,4,0,4,123
09/03/2000,BTV,VT,ANE,EN,Towers with Radar,14,63,22,1,100,2,0,32,0,34,16,63,54,1,134,22,0,22,156
09/04/2000,BTV,VT,ANE,EN,Towers with Radar,20,73,33,1,127,1,0,82,0,83,21,73,115,1,210,72,0,72,282
09/05/2000,BTV,VT,ANE,EN,Towers with Radar,19,99,34,9,161,0,34,93,15,142,19,133,127,24,303,84,24,108,411
09/06/2000,BTV,VT,ANE,EN,Towers with Radar,20,105,36,10,171,0,16,121,9,146,20,121,157,19,317,132,18,150,467
09/07/2000,BTV,VT,ANE,EN,Towers with Radar,20,102,35,9,166,0,40,93,5,138,20,142,128,14,304,86,16,102,406
09/08/2000,BTV,VT,ANE,EN,Towers with Radar,22,105,36,10,173,1,20,53,16,90,23,125,89,26,263,36,16,52,315
09/09/2000,BTV,VT,ANE,EN,Towers with Radar,17,72,27,6,122,7,0,78,3,88,24,72,105,9,210,54,0,54,264
09/10/2000,BTV,VT,ANE,EN,Towers with Radar,16,78,27,6,127,1,13,131,1,146,17,91,158,7,273,114,4,118,391
09/11/2000,BTV,VT,ANE,EN,Towers with Radar,23,109,38,1,171,1,17,49,0,67,24,126,87,1,238,102,2,104,342
09/12/2000,BTV,VT,ANE,EN,Towers with Radar,23,106,37,8,174,0,12,0,9,21,23,118,37,17,195,2,4,6,201
09/13/2000,BTV,VT,ANE,EN,Towers with Radar,22,104,36,8,170,3,13,97,8,121,25,117,133,16,291,136,12,148,439
09/14/2000,BTV,VT,ANE,EN,Towers with Radar,24,115,40,9,188,2,6,83,14,105,26,121,123,23,293,22,74,96,389
09/15/2000,BTV,VT,ANE,EN,Towers with Radar,23,117,41,9,190,0,7,24,0,31,23,124,65,9,221,86,14,100,321
09/16/2000,BTV,VT,ANE,EN,Towers with Radar,18,79,29,6,132,7,0,61,12,80,25,79,90,18,212,154,18,172,384
09/17/2000,BTV,VT,ANE,EN,Towers with Radar,19,90,33,7,149,0,0,84,4,88,19,90,117,11,237,36,2,38,275
09/18/2000,BTV,VT,ANE,EN,Towers with Radar,19,92,33,7,151,0,29,82,5,116,19,121,115,12,267,172,8,180,447
09/19/2000,BTV,VT,ANE,EN,Towers with Radar,23,120,43,10,196,0,3,115,25,143,23,123,158,35,339,144,40,184,523
09/20/2000,BTV,VT,ANE,EN,Towers with Radar,22,109,39,9,179,0,24,116,8,148,22,133,155,17,327,94,22,116,443
09/21/2000,BTV,VT,ANE,EN,Towers with Radar,23,104,37,9,173,2,23,29,4,58,25,127,66,13,231,18,32,50,281
09/22/2000,BTV,VT,ANE,EN,Towers with Radar,20,104,36,8,168,0,33,83,4,120,20,137,119,12,288,72,50,122,410
09/23/2000,BTV,VT,ANE,EN,Towers with Radar,17,73,26,6,122,2,7,28,1,38,19,80,54,7,160,194,82,276,436
09/24/2000,BTV,VT,ANE,EN,Towers with Radar,18,80,29,6,133,6,1,19,1,27,24,81,48,7,160,297,82,379,539
09/25/2000,BTV,VT,ANE,EN,Towers with Radar,20,107,38,9,174,0,40,107,10,157,20,147,145,19,331,114,14,128,459
09/26/2000,BTV,VT,ANE,EN,Towers with Radar,22,107,38,9,176,0,18,80,4,102,22,125,118,13,278,162,6,168,446
09/27/2000,BTV,VT,ANE,EN,Towers with Radar,24,115,41,9,189,0,12,63,20,95,24,127,104,29,284,74,22,96,380
09/28/2000,BTV,VT,ANE,EN,Towers with Radar,23,113,40,9,185,0,28,105,8,141,23,141,145,17,326,124,6,130,456
09/29/2000,BTV,VT,ANE,EN,Towers with Radar,23,112,40,9,184,0,18,147,8,173,23,130,187,17,357,210,2,212,569
09/30/2000,BTV,VT,ANE,EN,Towers with Radar,16,72,26,4,118,5,13,180,0,198,21,85,206,4,316,204,0,204,520
10/01/2000,BTV,VT,ANE,EN,Towers with Radar,19,89,27,4,139,1,8,124,0,133,20,97,151,4,272,62,4,66,338
10/02/2000,BTV,VT,ANE,EN,Towers with Radar,21,119,36,9,185,0,20,62,7,89,21,139,98,16,274,124,26,150,424
10/03/2000,BTV,VT,ANE,EN,Towers with Radar,26,121,36,10,193,9,10,38,4,61,35,131,74,14,254,78,10,88,342
10/04/2000,BTV,VT,ANE,EN,Towers with Radar,23,123,38,10,194,0,0,60,5,65,23,123,98,15,259,86,12,98,357
10/05/2000,BTV,VT,ANE,EN,Towers with Radar,23,133,40,10,206,0,8,8,0,16,23,141,48,10,222,14,12,26,248
10/06/2000,BTV,VT,ANE,EN,Towers with Radar,27,115,48,11,201,0,0,31,0,31,27,115,79,11,232,12,20,32,264
10/07/2000,BTV,VT,ANE,EN,Towers with Radar,19,77,27,0,123,10,0,65,0,75,29,77,92,0,198,220,2,222,420
10/08/2000,BTV,VT,ANE,EN,Towers with Radar,19,91,27,0,137,1,2,26,0,29,20,93,53,0,166,92,0,92,258
10/09/2000,BTV,VT,ANE,EN,Towers with Radar,23,109,33,0,165,1,8,18,0,27,24,117,51,0,192,34,0,34,226
10/10/2000,BTV,VT,ANE,EN,Towers with Radar,23,124,30,10,187,0,15,0,2,17,23,139,30,12,204,6,14,20,224
10/11/2000,BTV,VT,ANE,EN,Towers with Radar,26,123,37,8,194,3,27,59,0,89,29,150,96,8,283,80,0,80,363
10/12/2000,BTV,VT,ANE,EN,Towers with Radar,24,115,35,9,183,0,19,113,5,137,24,134,148,14,320,173,2,175,495
10/13/2000,BTV,VT,ANE,EN,Towers with Radar,25,116,35,9,185,2,21,88,19,130,27,137,123,28,315,110,28,138,453
10/14/2000,BTV,VT,ANE,EN,Towers with Radar,16,75,22,6,119,6,22,111,21,160,22,97,133,27,279,208,84,292,571
10/15/2000,BTV,VT,ANE,EN,Towers with Radar,16,87,26,5,134,0,0,92,0,92,16,87,118,5,226,38,0,38,264
10/16/2000,BTV,VT,ANE,EN,Towers with Radar,25,111,34,8,178,0,5,4,9,18,25,116,38,17,196,14,12,26,222
10/17/2000,BTV,VT,ANE,EN,Towers with Radar,23,122,37,10,192,0,17,30,10,57,23,139,67,20,249,26,18,44,293
10/18/2000,BTV,VT,ANE,EN,Towers with Radar,27,125,39,8,199,0,0,8,4,12,27,125,47,12,211,12,16,28,239
10/19/2000,BTV,VT,ANE,EN,Towers with Radar,24,128,40,9,201,0,7,33,18,58,24,135,73,27,259,26,26,52,311
10/20/2000,BTV,VT,ANE,EN,Towers with Radar,22,102,32,6,162,6,29,143,0,178,28,131,175,6,340,118,8,126,466
10/21/2000,BTV,VT,ANE,EN,Towers with Radar,16,70,22,2,110,3,14,61,0,78,19,84,83,2,188,158,0,158,346
10/22/2000,BTV,VT,ANE,EN,Towers with Radar,20,89,29,4,142,2,0,135,0,137,22,89,164,4,279,138,0,138,417
10/23/2000,BTV,VT,ANE,EN,Towers with Radar,23,104,33,8,168,2,29,69,11,111,25,133,102,19,279,154,26,180,459
10/24/2000,BTV,VT,ANE,EN,Towers with Radar,21,132,41,11,205,0,19,67,27,113,21,151,108,38,318,90,44,134,452
10/25/2000,BTV,VT,ANE,EN,Towers with Radar,20,116,36,10,182,0,27,64,4,95,20,143,100,14,277,110,10,120,397
10/26/2000,BTV,VT,ANE,EN,Towers with Radar,27,126,40,10,203,1,0,59,6,66,28,126,99,16,269,130,22,152,421
10/27/2000,BTV,VT,ANE,EN,Towers with Radar,25,112,35,9,181,0,6,58,13,77,25,118,93,22,258,140,12,152,410
10/28/2000,BTV,VT,ANE,EN,Towers with Radar,15,68,19,0,102,7,7,0,0,14,22,75,19,0,116,66,0,66,182
10/29/2000,BTV,VT,ANE,EN,Towers with Radar,15,77,13,1,106,0,7,0,0,7,15,84,13,1,113,0,0,0,113
10/30/2000,BTV,VT,ANE,EN,Towers with Radar,22,97,26,7,152,5,15,0,0,20,27,112,26,7,172,42,2,44,216
10/31/2000,BTV,VT,ANE,EN,Towers with Radar,23,124,39,9,195,0,4,3,10,17,23,128,42,19,212,34,4,38,250
11/01/2000,BTV,VT,ANE,EN,Towers with Radar,22,115,31,10,178,0,10,45,18,73,22,125,76,28,251,40,24,64,315
11/02/2000,BTV,VT,ANE,EN,Towers with Radar,24,106,28,11,169,4,12,86,36,138,28,118,114,47,307,72,37,109,416
11/03/2000,BTV,VT,ANE,EN,Towers with Radar,24,120,32,12,188,0,16,88,23,127,24,136,120,35,315,90,48,138,453
11/04/2000,BTV,VT,ANE,EN,Towers with Radar,22,88,26,9,145,2,0,99,40,141,24,88,125,49,286,98,42,140,426
11/05/2000,BTV,VT,ANE,EN,Towers with Radar,17,74,21,7,119,4,0,16,0,20,21,74,37,7,139,6,0,6,145
11/06/2000,BTV,VT,ANE,EN,Towers with Radar,23,103,28,10,164,0,9,7,5,21,23,112,35,15,185,4,0,4,189
11/07/2000,BTV,VT,ANE,EN,Towers with Radar,22,125,33,12,192,0,3,46,8,57,22,128,79,20,249,80,20,100,349
11/08/2000,BTV,VT,ANE,EN,Towers with Radar,28,113,33,12,186,7,0,13,8,28,35,113,46,20,214,90,4,94,308
11/09/2000,BTV,VT,ANE,EN,Towers with Radar,26,132,35,13,206,0,7,21,4,32,26,139,56,17,238,106,40,146,384
11/10/2000,BTV,VT,ANE,EN,Towers with Radar,22,109,26,2,159,0,0,0,0,0,22,109,26,2,159,2,0,2,161
11/11/2000,BTV,VT,ANE,EN,Towers with Radar,16,72,19,0,107,4,0,4,0,8,20,72,23,0,115,0,0,0,115
11/12/2000,BTV,VT,ANE,EN,Towers with Radar,18,73,21,0,112,2,0,35,0,37,20,73,56,0,149,70,0,70,219
11/13/2000,BTV,VT,ANE,EN,Towers with Radar,24,116,33,12,185,0,0,21,9,30,24,116,54,21,215,148,10,158,373
11/14/2000,BTV,VT,ANE,EN,Towers with Radar,27,117,27,11,182,0,7,0,8,15,27,124,27,19,197,14,12,26,223
11/15/2000,BTV,VT,ANE,EN,Towers with Radar,26,110,31,10,177,1,12,5,6,24,27,122,36,16,201,126,34,160,361
11/16/2000,BTV,VT,ANE,EN,Towers with Radar,28,121,34,10,193,1,1,59,17,78,29,122,93,27,271,86,126,212,483
11/17/2000,BTV,VT,ANE,EN,Towers with Radar,22,111,31,2,166,0,16,11,0,27,22,127,42,2,193,38,0,38,231
11/18/2000,BTV,VT,ANE,EN,Towers with Radar,17,69,20,0,106,6,2,62,0,70,23,71,82,0,176,122,0,122,298
11/19/2000,BTV,VT,ANE,EN,Towers with Radar,18,77,22,2,119,0,4,87,0,91,18,81,109,2,210,244,0,244,454
11/20/2000,BTV,VT,ANE,EN,Towers with Radar,20,94,26,6,146,0,32,48,0,80,20,126,74,6,226,138,0,138,364
11/21/2000,BTV,VT,ANE,EN,Towers with Radar,22,116,32,4,174,0,22,5,0,27,22,138,37,4,201,0,0,0,201
11/22/2000,BTV,VT,ANE,EN,Towers with Radar,23,112,31,0,166,0,2,22,0,24,23,114,53,0,190,10,0,10,200
11/23/2000,BTV,VT,ANE,EN,Towers with Radar,10,42,8,0,60,12,12,0,0,24,22,54,8,0,84,0,0,0,84
11/24/2000,BTV,VT,ANE,EN,Towers with Radar,12,52,15,0,79,8,11,45,0,64,20,63,60,0,143,140,0,140,283
11/25/2000,BTV,VT,ANE,EN,Towers with Radar,15,63,18,0,96,5,10,60,0,75,20,73,78,0,171,74,0,74,245
11/26/2000,BTV,VT,ANE,EN,Towers with Radar,18,71,21,0,110,0,0,6,0,6,18,71,27,0,116,0,0,0,116
11/27/2000,BTV,VT,ANE,EN,Towers with Radar,24,102,25,0,151,1,12,0,0,13,25,114,25,0,164,0,0,0,164
11/28/2000,BTV,VT,ANE,EN,Towers with Radar,24,118,33,12,187,0,15,16,17,48,24,133,49,29,235,86,28,114,349
11/29/2000,BTV,VT,ANE,EN,Towers with Radar,24,130,32,12,198,0,9,0,20,29,24,139,32,32,227,78,22,100,327
11/30/2000,BTV,VT,ANE,EN,Towers with Radar,22,126,29,5,182,0,0,0,0,0,22,126,29,5,182,8,2,10,192
12/01/2000,BTV,VT,ANE,EN,Towers with Radar,30,118,27,10,185,0,0,41,7,48,30,118,68,17,233,48,18,66,299
12/02/2000,BTV,VT,ANE,EN,Towers with Radar,16,70,16,6,108,4,0,55,9,68,20,70,71,15,176,60,18,78,254
12/03/2000,BTV,VT,ANE,EN,Towers with Radar,16,78,16,2,112,2,8,102,0,112,18,86,118,2,224,126,0,126,350
12/04/2000,BTV,VT,ANE,EN,Towers with Radar,21,116,24,8,169,0,19,84,3,106,21,135,108,11,275,82,0,82,357
12/05/2000,BTV,VT,ANE,EN,Towers with Radar,25,122,24,7,178,1,21,44,0,66,26,143,68,7,244,76,0,76,320
12/06/2000,BTV,VT,ANE,EN,Towers with Radar,26,125,25,10,186,0,21,49,26,96,26,146,74,36,282,86,24,110,392
12/07/2000,BTV,VT,ANE,EN,Towers with Radar,23,130,26,11,190,0,0,19,23,42,23,130,45,34,232,48,26,74,306
12/08/2000,BTV,VT,ANE,EN,Towers with Radar,24,124,24,0,172,0,9,27,0,36,24,133,51,0,208,36,8,44,252
12/09/2000,BTV,VT,ANE,EN,Towers with Radar,19,87,17,2,125,1,3,49,0,53,20,90,66,2,178,88,0,88,266
12/10/2000,BTV,VT,ANE,EN,Towers with Radar,18,85,17,2,122,2,4,65,0,71,20,89,82,2,193,66,3,69,262
12/11/2000,BTV,VT,ANE,EN,Towers with Radar,23,108,21,7,159,0,21,11,0,32,23,129,32,7,191,46,0,46,237
12/12/2000,BTV,VT,ANE,EN,Towers with Radar,25,119,23,9,176,0,7,2,2,11,25,126,25,11,187,0,0,0,187
12/13/2000,BTV,VT,ANE,EN,Towers with Radar,22,130,25,11,188,0,33,57,17,107,22,163,82,28,295,64,30,94,389
12/14/2000,BTV,VT,ANE,EN,Towers with Radar,25,106,3,1,135,1,1,0,0,2,26,107,3,1,137,0,0,0,137
12/15/2000,BTV,VT,ANE,EN,Towers with Radar,23,130,25,8,186,0,22,86,0,108,23,152,111,8,294,98,18,116,410
12/16/2000,BTV,VT,ANE,EN,Towers with Radar,16,74,15,0,105,6,9,21,0,36,22,83,36,0,141,90,0,90,231
12/17/2000,BTV,VT,ANE,EN,Towers with Radar,9,37,9,0,55,9,0,6,0,15,18,37,15,0,70,0,0,0,70
12/18/2000,BTV,VT,ANE,EN,Towers with Radar,20,120,24,9,173,0,16,27,0,43,20,136,51,9,216,40,14,54,270
12/19/2000,BTV,VT,ANE,EN,Towers with Radar,24,143,26,10,203,0,3,0,2,5,24,146,26,12,208,10,8,18,226
12/20/2000,BTV,VT,ANE,EN,Towers with Radar,23,112,21,8,164,0,13,5,8,26,23,125,26,16,190,20,18,38,228
12/21/2000,BTV,VT,ANE,EN,Towers with Radar,29,134,26,10,199,0,22,63,12,97,29,156,89,22,296,92,14,106,402
12/22/2000,BTV,VT,ANE,EN,Towers with Radar,21,123,24,0,168,0,1,23,0,24,21,124,47,0,192,42,0,42,234
12/23/2000,BTV,VT,ANE,EN,Towers with Radar,18,85,16,0,119,2,9,53,0,64,20,94,69,0,183,116,0,116,299
12/24/2000,BTV,VT,ANE,EN,Towers with Radar,16,56,17,0,89,3,1,3,0,7,19,57,20,0,96,0,0,0,96
12/25/2000,BTV,VT,ANE,EN,Towers with Radar,17,46,3,0,66,1,1,5,0,7,18,47,8,0,73,0,0,0,73
12/26/2000,BTV,VT,ANE,EN,Towers with Radar,20,93,18,7,138,4,12,32,1,49,24,105,50,8,187,34,14,48,235
12/27/2000,BTV,VT,ANE,EN,Towers with Radar,24,112,22,8,166,2,0,23,17,42,26,112,45,25,208,126,26,152,360
12/28/2000,BTV,VT,ANE,EN,Towers with Radar,25,118,23,8,174,1,3,6,4,14,26,121,29,12,188,0,6,6,194
12/29/2000,BTV,VT,ANE,EN,Towers with Radar,23,118,23,6,170,0,5,13,0,18,23,123,36,6,188,0,1,1,189
12/30/2000,BTV,VT,ANE,EN,Towers with Radar,9,37,9,0,55,6,0,2,0,8,15,37,11,0,63,84,0,84,147
12/31/2000,BTV,VT,ANE,EN,Towers with Radar,10,39,4,0,53,12,0,0,0,12,22,39,4,0,65,0,0,0,65
01/01/2001,BTV,VT,ANE,EN,Towers with Radar,10,50,9,0,69,10,8,5,0,23,20,58,14,0,92,24,0,24,116
01/02/2001,BTV,VT,ANE,EN,Towers with Radar,17,93,18,7,135,6,0,18,4,28,23,93,36,11,163,34,6,40,203
01/03/2001,BTV,VT,ANE,EN,Towers with Radar,23,131,25,11,190,0,5,51,16,72,23,136,76,27,262,48,26,74,336
01/04/2001,BTV,VT,ANE,EN,Towers with Radar,23,131,26,12,192,0,6,1,15,22,23,137,27,27,214,76,26,102,316
01/05/2001,BTV,VT,ANE,EN,Towers with Radar,18,125,24,11,178,0,2,9,9,20,18,127,33,20,198,100,49,149,347
01/06/2001,BTV,VT,ANE,EN,Towers with Radar,17,74,16,8,115,5,0,30,4,39,22,74,46,12,154,124,26,150,304
01/07/2001,BTV,VT,ANE,EN,Towers with Radar,15,74,14,2,105,9,0,8,0,17,24,74,22,2,122,12,0,12,134
01/08/2001,BTV,VT,ANE,EN,Towers with Radar,21,121,21,9,172,0,6,0,10,16,21,127,21,19,188,48,0,48,236
01/09/2001,BTV,VT,ANE,EN,Towers with Radar,26,133,27,11,197,0,2,2,13,17,26,135,29,24,214,12,22,34,248
01/10/2001,BTV,VT,ANE,EN,Towers with Radar,23,123,25,10,181,0,26,57,10,93,23,149,82,20,274,100,0,100,374
01/11/2001,BTV,VT,ANE,EN,Towers with Radar,22,126,25,11,184,0,11,11,23,45,22,137,36,34,229,6,38,44,273
01/12/2001,BTV,VT,ANE,EN,Towers with Radar,24,116,23,3,166,0,22,117,0,139,24,138,140,3,305,126,10,136,441
01/13/2001,BTV,VT,ANE,EN,Towers with Radar,14,67,14,1,96,6,10,79,0,95,20,77,93,1,191,110,0,110,301
01/14/2001,BTV,VT,ANE,EN,Towers with Radar,14,65,14,0,93,6,4,23,0,33,20,69,37,0,126,140,0,140,266
01/15/2001,BTV,VT,ANE,EN,Towers with Radar,21,105,22,0,148,0,0,12,0,12,21,105,34,0,160,6,0,6,166
01/16/2001,BTV,VT,ANE,EN,Towers with Radar,24,120,21,10,175,0,4,0,6,10,24,124,21,16,185,10,8,18,203
01/17/2001,BTV,VT,ANE,EN,Towers with Radar,25,119,19,10,173,3,8,0,16,27,28,127,19,26,200,12,0,12,212
01/18/2001,BTV,VT,ANE,EN,Towers with Radar,23,135,27,11,196,0,8,31,17,56,23,143,58,28,252,106,16,122,374
01/19/2001,BTV,VT,ANE,EN,Towers with Radar,22,117,22,8,169,0,0,0,0,0,22,117,22,8,169,0,0,0,169
01/20/2001,BTV,VT,ANE,EN,Towers with Radar,13,59,13,2,87,6,0,55,0,61,19,59,68,2,148,70,0,70,218
01/21/2001,BTV,VT,ANE,EN,Towers with Radar,17,75,17,7,116,0,0,42,0,42,17,75,59,7,158,44,16,60,218
01/22/2001,BTV,VT,ANE,EN,Towers with Radar,21,113,23,8,165,0,7,37,0,44,21,120,60,8,209,70,0,70,279
01/23/2001,BTV,VT,ANE,EN,Towers with Radar,22,117,24,9,172,0,8,51,34,93,22,125,75,43,265,142,40,182,447
01/24/2001,BTV,VT,ANE,EN,Towers with Radar,30,141,28,12,211,0,3,33,14,50,30,144,61,26,261,84,8,92,353
01/25/2001,BTV,VT,ANE,EN,Towers with Radar,19,122,25,10,176,0,2,35,13,50,19,124,60,23,226,20,28,48,274
01/26/2001,BTV,VT,ANE,EN,Towers with Radar,22,116,24,9,171,0,11,66,4,81,22,127,90,13,252,64,0,64,316
01/27/2001,BTV,VT,ANE,EN,Towers with Radar,18,73,18,8,117,1,0,42,4,47,19,73,60,12,164,54,0,54,218
01/28/2001,BTV,VT,ANE,EN,Towers with Radar,18,84,17,2,121,0,6,110,0,116,18,90,127,2,237,92,0,92,329
01/29/2001,BTV,VT,ANE,EN,Towers with Radar,25,121,24,9,179,0,11,38,0,49,25,132,62,9,228,104,30,134,362
01/30/2001,BTV,VT,ANE,EN,Towers with Radar,20,104,14,0,138,0,17,0,0,17,20,121,14,0,155,58,0,58,213
01/31/2001,BTV,VT,ANE,EN,Towers with Radar,25,120,15,2,162,0,5,0,0,5,25,125,15,2,167,0,0,0,167
02/01/2001,BTV,VT,ANE,EN,Towers with Radar,27,138,27,10,202,0,3,11,9,23,27,141,38,19,225,16,12,28,253
02/02/2001,BTV,VT,ANE,EN,Towers with Radar,22,140,28,9,199,0,3,13,3,19,22,143,41,12,218,32,4,36,254
02/03/2001,BTV,VT,ANE,EN,Towers with Radar,17,82,17,6,122,2,0,57,17,76,19,82,74,23,198,58,2,60,258
02/04/2001,BTV,VT,ANE,EN,Towers with Radar,16,81,17,6,120,9,0,28,11,48,25,81,45,17,168,18,2,20,188
02/05/2001,BTV,VT,ANE,EN,Towers with Radar,15,79,14,0,108,0,2,0,0,2,15,81,14,0,110,12,0,12,122
02/06/2001,BTV,VT,ANE,EN,Towers with Radar,21,120,21,9,171,0,7,0,6,13,21,127,21,15,184,32,0,32,216
02/07/2001,BTV,VT,ANE,EN,Towers with Radar,23,125,25,6,179,0,8,26,0,34,23,133,51,6,213,110,8,118,331
02/08/2001,BTV,VT,ANE,EN,Towers with Radar,23,121,24,7,175,0,14,47,0,61,23,135,71,7,236,108,24,132,368
02/09/2001,BTV,VT,ANE,EN,Towers with Radar,21,108,14,7,150,3,1,0,1,5,24,109,14,8,155,4,2,6,161
02/10/2001,BTV,VT,ANE,EN,Towers with Radar,11,52,10,4,77,8,0,0,3,11,19,52,10,7,88,0,0,0,88
02/11/2001,BTV,VT,ANE,EN,Towers with Radar,17,85,17,5,124,6,15,36,0,57,23,100,53,5,181,69,0,69,250
02/12/2001,BTV,VT,ANE,EN,Towers with Radar,24,121,24,5,174,1,19,57,0,77,25,140,81,5,251,70,4,74,325
02/13/2001,BTV,VT,ANE,EN,Towers with Radar,22,131,26,9,188,0,10,60,15,85,22,141,86,24,273,190,62,252,525
02/14/2001,BTV,VT,ANE,EN,Towers with Radar,23,134,14,0,171,0,1,2,5,8,23,135,16,5,179,78,6,84,263
02/15/2001,BTV,VT,ANE,EN,Towers with Radar,25,152,30,10,217,0,2,61,22,85,25,154,91,32,302,122,32,154,456
02/16/2001,BTV,VT,ANE,EN,Towers with Radar,25,138,27,9,199,0,1,30,5,36,25,139,57,14,235,132,20,152,387
02/17/2001,BTV,VT,ANE,EN,Towers with Radar,15,75,15,0,105,6,7,19,0,32,21,82,34,0,137,26,16,42,179
02/18/2001,BTV,VT,ANE,EN,Towers with Radar,16,80,16,0,112,7,11,68,0,86,23,91,84,0,198,126,0,126,324
02/19/2001,BTV,VT,ANE,EN,Towers with Radar,21,124,25,0,170,0,11,47,0,58,21,135,72,0,228,94,0,94,322
02/20/2001,BTV,VT,ANE,EN,Towers with Radar,22,125,25,8,180,0,27,45,1,73,22,152,70,9,253,92,10,102,355
02/21/2001,BTV,VT,ANE,EN,Towers with Radar,27,129,26,4,186,3,4,25,0,32,30,133,51,4,218,26,0,26,244
02/22/2001,BTV,VT,ANE,EN,Towers with Radar,23,136,27,9,195,0,10,53,20,83,23,146,80,29,278,54,24,78,356
02/23/2001,BTV,VT,ANE,EN,Towers with Radar,24,136,27,8,195,0,0,26,8,34,24,136,53,16,229,22,2,24,253
02/24/2001,BTV,VT,ANE,EN,Towers with Radar,17,84,17,5,123,8,4,86,0,98,25,88,103,5,221,65,0,65,286
02/25/2001,BTV,VT,ANE,EN,Towers with Radar,11,50,6,0,67,10,1,0,0,11,21,51,6,0,78,0,0,0,78
02/26/2001,BTV,VT,ANE,EN,Towers with Radar,19,125,25,4,173,0,12,14,0,26,19,137,39,4,199,10,0,10,209
02/27/2001,BTV,VT,ANE,EN,Towers with Radar,23,139,27,8,197,0,4,23,15,42,23,143,50,23,239,84,36,120,359
02/28/2001,BTV,VT,ANE,EN,Towers with Radar,28,137,27,8,200,0,0,29,23,52,28,137,56,31,252,62,36,98,350
03/01/2001,BTV,VT,ANE,EN,Towers with Radar,25,128,29,13,195,0,6,48,5,59,25,134,77,18,254,142,50,192,446
03/02/2001,BTV,VT,ANE,EN,Towers with Radar,28,113,29,13,183,1,0,29,17,47,29,113,58,30,230,113,42,155,385
03/03/2001,BTV,VT,ANE,EN,Towers with Radar,18,66,19,9,112,1,0,86,11,98,19,66,105,20,210,132,26,158,368
03/04/2001,BTV,VT,ANE,EN,Towers with Radar,20,100,23,10,153,0,0,56,0,56,20,100,79,10,209,136,6,142,351
03/05/2001,BTV,VT,ANE,EN,Towers with Radar,4,22,5,1,32,3,5,3,0,11,7,27,8,1,43,0,0,0,43
03/06/2001,BTV,VT,ANE,EN,Towers with Radar,2,9,2,0,13,0,0,7,0,7,2,9,9,0,20,0,0,0,20
03/07/2001,BTV,VT,ANE,EN,Towers with Radar,23,128,27,13,191,0,20,13,8,41,23,148,40,21,232,28,30,58,290
03/08/2001,BTV,VT,ANE,EN,Towers with Radar,26,138,29,14,207,0,22,54,10,86,26,160,83,24,293,46,20,66,359
03/09/2001,BTV,VT,ANE,EN,Towers with Radar,28,116,29,14,187,3,0,0,11,14,31,116,29,25,201,22,4,26,227
03/10/2001,BTV,VT,ANE,EN,Towers with Radar,18,82,19,9,128,7,0,35,5,47,25,82,54,14,175,88,4,92,267
03/11/2001,BTV,VT,ANE,EN,Towers with Radar,17,85,18,0,120,4,12,5,0,21,21,97,23,0,141,0,0,0,141
03/12/2001,BTV,VT,ANE,EN,Towers with Radar,21,115,25,12,173,0,24,64,3,91,21,139,89,15,264,168,4,172,436
03/13/2001,BTV,VT,ANE,EN,Towers with Radar,23,113,18,7,161,2,11,0,0,13,25,124,18,7,174,6,0,6,180
03/14/2001,BTV,VT,ANE,EN,Towers with Radar,24,119,25,12,180,0,19,1,0,20,24,138,26,12,200,56,2,58,258
03/15/2001,BTV,VT,ANE,EN,Towers with Radar,24,131,28,13,196,0,10,84,11,105,24,141,112,24,301,72,2,74,375
03/16/2001,BTV,VT,ANE,EN,Towers with Radar,28,136,29,14,207,0,7,95,1,103,28,143,124,15,310,140,8,148,458
03/17/2001,BTV,VT,ANE,EN,Towers with Radar,22,70,25,0,117,3,6,85,1,95,25,76,110,1,212,114,0,114,326
03/18/2001,BTV,VT,ANE,EN,Towers with Radar,18,88,19,0,125,4,3,53,0,60,22,91,72,0,185,22,0,22,207
03/19/2001,BTV,VT,ANE,EN,Towers with Radar,25,121,26,12,184,3,13,65,11,92,28,134,91,23,276,110,11,121,397
03/20/2001,BTV,VT,ANE,EN,Towers with Radar,21,120,26,11,178,0,19,81,29,129,21,139,107,40,307,88,22,110,417
03/21/2001,BTV,VT,ANE,EN,Towers with Radar,22,111,24,11,168,0,21,39,16,76,22,132,63,27,244,102,4,106,350
03/22/2001,BTV,VT,ANE,EN,Towers with Radar,21,120,26,11,178,0,19,81,29,129,21,139,107,40,307,88,22,110,417
03/23/2001,BTV,VT,ANE,EN,Towers with Radar,22,122,20,2,166,0,8,0,0,8,22,130,20,2,174,0,0,0,174
03/24/2001,BTV,VT,ANE,EN,Towers with Radar,15,73,15,2,105,4,7,50,0,61,19,80,65,2,166,118,0,118,284
03/25/2001,BTV,VT,ANE,EN,Towers with Radar,16,79,17,0,112,2,14,43,0,59,18,93,60,0,171,70,0,70,241
03/26/2001,BTV,VT,ANE,EN,Towers with Radar,20,104,22,1,147,0,23,37,0,60,20,127,59,1,207,76,0,76,283
03/27/2001,BTV,VT,ANE,EN,Towers with Radar,29,133,30,13,205,0,0,18,1,19,29,133,48,14,224,0,6,6,230
03/28/2001,BTV,VT,ANE,EN,Towers with Radar,24,134,30,15,203,0,0,48,8,56,24,134,78,23,259,112,36,148,407
03/29/2001,BTV,VT,ANE,EN,Towers with Radar,24,138,33,16,211,0,0,67,43,110,24,138,100,59,321,148,72,220,541
03/30/2001,BTV,VT,ANE,EN,Towers with Radar,23,107,11,0,141,1,10,0,0,11,24,117,11,0,152,2,0,2,154
03/31/2001,BTV,VT,ANE,EN,Towers with Radar,21,89,21,1,132,4,0,25,0,29,25,89,46,1,161,98,0,98,259
04/01/2001,BTV,VT,ANE,EN,Towers with Radar,21,94,16,1,132,3,6,23,0,32,24,100,39,1,164,56,0,56,220
04/02/2001,BTV,VT,ANE,EN,Towers with Radar,22,116,19,7,164,0,17,42,0,59,22,133,61,7,223,92,12,104,327
04/03/2001,BTV,VT,ANE,EN,Towers with Radar,26,125,20,13,184,0,16,24,12,52,26,141,44,25,236,70,28,98,334
04/04/2001,BTV,VT,ANE,EN,Towers with Radar,24,129,21,13,187,0,7,69,9,85,24,136,90,22,272,120,24,144,416
04/05/2001,BTV,VT,ANE,EN,Towers with Radar,26,125,20,13,184,1,5,99,18,123,27,130,119,31,307,138,42,180,487
04/06/2001,BTV,VT,ANE,EN,Towers with Radar,29,128,22,14,193,0,0,38,6,44,29,128,60,20,237,214,14,228,465
04/07/2001,BTV,VT,ANE,EN,Towers with Radar,19,83,14,9,125,2,0,73,13,88,21,83,87,22,213,78,58,136,349
04/08/2001,BTV,VT,ANE,EN,Towers with Radar,20,110,7,6,143,1,1,4,7,13,21,111,11,13,156,16,12,28,184
04/09/2001,BTV,VT,ANE,EN,Towers with Radar,23,116,17,6,162,0,23,24,0,47,23,139,41,6,209,62,14,76,285
04/10/2001,BTV,VT,ANE,EN,Towers with Radar,25,134,21,14,194,0,7,89,7,103,25,141,110,21,297,96,10,106,403
04/11/2001,BTV,VT,ANE,EN,Towers with Radar,25,125,19,12,181,0,18,51,13,82,25,143,70,25,263,186,12,198,461
04/12/2001,BTV,VT,ANE,EN,Towers with Radar,20,119,19,7,165,0,6,4,0,10,20,125,23,7,175,0,0,0,175
04/13/2001,BTV,VT,ANE,EN,Towers with Radar,25,128,21,12,186,0,10,17,0,27,25,138,38,12,213,114,0,114,327
04/14/2001,BTV,VT,ANE,EN,Towers with Radar,17,83,14,4,118,5,6,101,0,112,22,89,115,4,230,164,0,164,394
04/15/2001,BTV,VT,ANE,EN,Towers with Radar,18,87,14,1,120,1,42,54,0,97,19,129,68,1,217,106,0,106,323
04/16/2001,BTV,VT,ANE,EN,Towers with Radar,22,125,20,13,180,0,14,119,7,140,22,139,139,20,320,142,26,168,488
04/17/2001,BTV,VT,ANE,EN,Towers with Radar,28,136,22,13,199,4,1,74,19,98,32,137,96,32,297,110,46,156,453
04/18/2001,BTV,VT,ANE,EN,Towers with Radar,24,127,21,13,185,0,4,55,9,68,24,131,76,22,253,100,60,160,413
04/19/2001,BTV,VT,ANE,EN,Towers with Radar,25,119,19,12,175,0,18,75,11,104,25,137,94,23,279,98,28,126,405
04/20/2001,BTV,VT,ANE,EN,Towers with Radar,24,123,20,12,179,0,8,90,27,125,24,131,110,39,304,216,8,224,528
04/21/2001,BTV,VT,ANE,EN,Towers with Radar,18,88,14,9,129,8,1,75,8,92,26,89,89,17,221,132,2,134,355
04/22/2001,BTV,VT,ANE,EN,Towers with Radar,20,101,17,4,142,0,5,49,0,54,20,106,66,4,196,42,2,44,240
04/23/2001,BTV,VT,ANE,EN,Towers with Radar,23,117,19,10,169,0,9,85,0,94,23,126,104,10,263,142,2,144,407
04/24/2001,BTV,VT,ANE,EN,Towers with Radar,29,133,23,10,195,2,13,26,4,45,31,146,49,14,240,6,12,18,258
04/25/2001,BTV,VT,ANE,EN,Towers with Radar,26,118,19,12,175,1,22,52,17,92,27,140,71,29,267,186,46,232,499
04/26/2001,BTV,VT,ANE,EN,Towers with Radar,27,123,20,13,183,3,23,87,34,147,30,146,107,47,330,114,28,142,472
04/27/2001,BTV,VT,ANE,EN,Towers with Radar,25,138,24,15,202,0,0,75,18,93,25,138,99,33,295,113,12,125,420
04/28/2001,BTV,VT,ANE,EN,Towers with Radar,17,79,13,8,117,6,9,84,0,99,23,88,97,8,216,184,0,184,400
04/29/2001,BTV,VT,ANE,EN,Towers with Radar,19,87,14,4,124,0,26,87,0,113,19,113,101,4,237,92,0,92,329
04/30/2001,BTV,VT,ANE,EN,Towers with Radar,24,115,18,11,168,0,15,59,8,82,24,130,77,19,250,102,42,144,394
05/01/2001,BTV,VT,ANE,EN,Towers with Radar,26,123,26,14,189,1,19,71,19,110,27,142,97,33,299,168,60,228,527
05/02/2001,BTV,VT,ANE,EN,Towers with Radar,26,127,27,14,194,3,18,65,3,89,29,145,92,17,283,92,48,140,423
05/03/2001,BTV,VT,ANE,EN,Towers with Radar,24,137,28,15,204,0,6,70,19,95,24,143,98,34,299,86,52,138,437
05/04/2001,BTV,VT,ANE,EN,Towers with Radar,25,132,27,14,198,0,16,55,3,74,25,148,82,17,272,126,10,136,408
05/05/2001,BTV,VT,ANE,EN,Towers with Radar,21,99,21,11,152,3,0,65,14,82,24,99,86,25,234,102,24,126,360
05/06/2001,BTV,VT,ANE,EN,Towers with Radar,18,89,18,0,125,3,16,131,0,150,21,105,149,0,275,108,18,126,401
05/07/2001,BTV,VT,ANE,EN,Towers with Radar,21,104,21,2,148,2,43,93,0,138,23,147,114,2,286,144,2,146,432
05/08/2001,BTV,VT,ANE,EN,Towers with Radar,24,117,24,13,178,9,26,93,19,147,33,143,117,32,325,52,16,68,393
05/09/2001,BTV,VT,ANE,EN,Towers with Radar,28,137,28,14,207,2,8,52,16,78,30,145,80,30,285,160,40,200,485
05/10/2001,BTV,VT,ANE,EN,Towers with Radar,25,120,25,13,183,2,23,102,1,128,27,143,127,14,311,224,26,250,561
05/11/2001,BTV,VT,ANE,EN,Towers with Radar,27,130,27,14,198,2,11,104,9,126,29,141,131,23,324,106,22,128,452
05/12/2001,BTV,VT,ANE,EN,Towers with Radar,19,93,19,0,131,6,0,16,0,22,25,93,35,0,153,32,0,32,185
05/13/2001,BTV,VT,ANE,EN,Towers with Radar,16,83,16,0,115,4,15,50,0,69,20,98,66,0,184,56,0,56,240
05/14/2001,BTV,VT,ANE,EN,Towers with Radar,23,111,22,12,168,2,17,59,1,79,25,128,81,13,247,118,0,118,365
05/15/2001,BTV,VT,ANE,EN,Towers with Radar,27,127,26,14,194,0,14,52,9,75,27,141,78,23,269,104,0,104,373
05/16/2001,BTV,VT,ANE,EN,Towers with Radar,24,135,28,15,202,0,2,72,12,86,24,137,100,27,288,198,14,212,500
05/17/2001,BTV,VT,ANE,EN,Towers with Radar,26,131,27,15,199,0,18,76,2,96,26,149,103,17,295,80,18,98,393
05/18/2001,BTV,VT,ANE,EN,Towers with Radar,25,140,30,16,211,0,0,39,4,43,25,140,69,20,254,146,10,156,410
05/19/2001,BTV,VT,ANE,EN,Towers with Radar,21,97,21,9,148,0,2,32,0,34,21,99,53,9,182,110,98,208,390
05/20/2001,BTV,VT,ANE,EN,Towers with Radar,20,101,22,2,145,0,8,101,0,109,20,109,123,2,254,66,0,66,320
05/21/2001,BTV,VT,ANE,EN,Towers with Radar,23,127,27,13,190,0,6,80,12,98,23,133,107,25,288,154,22,176,464
05/22/2001,BTV,VT,ANE,EN,Towers with Radar,28,123,28,14,193,0,0,44,34,78,28,123,72,48,271,175,64,239,510
05/23/2001,BTV,VT,ANE,EN,Towers with Radar,27,137,29,13,206,0,0,31,30,61,27,137,60,43,267,120,24,144,411
05/24/2001,BTV,VT,ANE,EN,Towers with Radar,27,125,27,13,192,1,0,50,4,55,28,125,77,17,247,102,22,124,371
05/25/2001,BTV,VT,ANE,EN,Towers with Radar,26,119,25,12,182,1,14,93,1,109,27,133,118,13,291,202,4,206,497
05/26/2001,BTV,VT,ANE,EN,Towers with Radar,18,81,18,0,117,1,8,89,0,98,19,89,107,0,215,66,2,68,283
05/27/2001,BTV,VT,ANE,EN,Towers with Radar,18,73,17,0,108,1,0,24,0,25,19,73,41,0,133,2,0,2,135
05/28/2001,BTV,VT,ANE,EN,Towers with Radar,16,65,15,7,103,4,0,33,0,37,20,65,48,7,140,104,2,106,246
05/29/2001,BTV,VT,ANE,EN,Towers with Radar,23,125,27,14,189,0,4,39,15,58,23,129,66,29,247,160,8,168,415
05/30/2001,BTV,VT,ANE,EN,Towers with Radar,24,133,28,15,200,0,8,17,6,31,24,141,45,21,231,34,0,34,265
05/31/2001,BTV,VT,ANE,EN,Towers with Radar,22,135,29,15,201,0,13,63,12,88,22,148,92,27,289,120,24,144,433
06/01/2001,BTV,VT,ANE,EN,Towers with Radar,24,130,35,19,208,0,16,113,16,145,24,146,148,35,353,150,34,184,537
06/02/2001,BTV,VT,ANE,EN,Towers with Radar,19,89,24,3,135,4,8,37,0,49,23,97,61,3,184,190,13,203,387
06/03/2001,BTV,VT,ANE,EN,Towers with Radar,19,97,26,10,152,6,10,18,0,34,25,107,44,10,186,66,0,66,252
06/04/2001,BTV,VT,ANE,EN,Towers with Radar,23,113,30,18,184,1,15,12,1,29,24,128,42,19,213,84,14,98,311
06/05/2001,BTV,VT,ANE,EN,Towers with Radar,23,114,30,17,184,1,15,68,11,95,24,129,98,28,279,132,16,148,427
06/06/2001,BTV,VT,ANE,EN,Towers with Radar,27,130,35,19,211,0,9,102,8,119,27,139,137,27,330,172,22,194,524
06/07/2001,BTV,VT,ANE,EN,Towers with Radar,25,123,33,20,201,7,16,105,16,144,32,139,138,36,345,112,30,142,487
06/08/2001,BTV,VT,ANE,EN,Towers with Radar,25,131,35,21,212,0,22,119,23,164,25,153,154,44,376,110,26,136,512
06/09/2001,BTV,VT,ANE,EN,Towers with Radar,19,92,25,15,151,0,0,135,4,139,19,92,160,19,290,148,32,180,470
06/10/2001,BTV,VT,ANE,EN,Towers with Radar,19,114,30,18,181,0,4,141,5,150,19,118,171,23,331,128,28,156,487
06/11/2001,BTV,VT,ANE,EN,Towers with Radar,22,116,43,4,185,0,1,31,1,33,22,117,74,5,218,68,0,68,286
06/12/2001,BTV,VT,ANE,EN,Towers with Radar,25,129,35,19,208,0,14,58,15,87,25,143,93,34,295,208,46,254,549
06/13/2001,BTV,VT,ANE,EN,Towers with Radar,20,115,31,17,183,0,14,87,11,112,20,129,118,28,295,124,4,128,423
06/14/2001,BTV,VT,ANE,EN,Towers with Radar,24,124,33,20,201,0,10,68,13,91,24,134,101,33,292,90,39,129,421
06/15/2001,BTV,VT,ANE,EN,Towers with Radar,27,132,35,21,215,2,1,74,5,82,29,133,109,26,297,160,30,190,487
06/16/2001,BTV,VT,ANE,EN,Towers with Radar,19,92,25,0,136,1,10,86,0,97,20,102,111,0,233,106,0,106,339
06/17/2001,BTV,VT,ANE,EN,Towers with Radar,15,71,21,0,107,10,0,40,0,50,25,71,61,0,157,82,0,82,239
06/18/2001,BTV,VT,ANE,EN,Towers with Radar,20,104,27,9,160,0,28,108,0,136,20,132,135,9,296,106,0,106,402
06/19/2001,BTV,VT,ANE,EN,Towers with Radar,22,108,28,16,174,2,29,65,9,105,24,137,93,25,279,48,44,92,371
06/20/2001,BTV,VT,ANE,EN,Towers with Radar,22,115,30,16,183,0,20,75,6,101,22,135,105,22,284,186,32,218,502
06/21/2001,BTV,VT,ANE,EN,Towers with Radar,28,120,36,20,204,6,0,108,14,128,34,120,144,34,332,164,50,214,546
06/22/2001,BTV,VT,ANE,EN,Towers with Radar,24,86,29,17,156,1,0,31,10,42,25,86,60,27,198,137,14,151,349
06/23/2001,BTV,VT,ANE,EN,Towers with Radar,21,94,23,4,142,0,1,7,3,11,21,95,30,7,153,136,0,136,289
06/24/2001,BTV,VT,ANE,EN,Towers with Radar,20,101,30,9,160,0,0,56,0,56,20,101,86,9,216,80,2,82,298
06/25/2001,BTV,VT,ANE,EN,Towers with Radar,20,102,27,15,164,0,27,76,21,124,20,129,103,36,288,126,18,144,432
06/26/2001,BTV,VT,ANE,EN,Towers with Radar,22,130,35,19,206,0,33,86,20,139,22,163,121,39,345,136,30,166,511
06/27/2001,BTV,VT,ANE,EN,Towers with Radar,22,112,30,17,181,0,24,61,20,105,22,136,91,37,286,198,24,222,508
06/28/2001,BTV,VT,ANE,EN,Towers with Radar,24,117,31,17,189,0,19,87,19,125,24,136,118,36,314,109,24,133,447
06/29/2001,BTV,VT,ANE,EN,Towers with Radar,23,122,35,20,200,0,0,63,21,84,23,122,98,41,284,134,46,180,464
06/30/2001,BTV,VT,ANE,EN,Towers with Radar,18,88,23,2,131,0,4,41,0,45,18,92,64,2,176,108,0,108,284
07/01/2001,BTV,VT,ANE,EN,Towers with Radar,17,79,21,0,117,1,0,25,0,26,18,79,46,0,143,6,0,6,149
07/02/2001,BTV,VT,ANE,EN,Towers with Radar,17,84,22,4,127,3,11,73,0,87,20,95,95,4,214,92,4,96,310
07/03/2001,BTV,VT,ANE,EN,Towers with Radar,21,100,26,2,149,2,7,62,0,71,23,107,88,2,220,146,8,154,374
07/04/2001,BTV,VT,ANE,EN,Towers with Radar,14,66,17,4,101,4,0,60,0,64,18,66,77,4,165,48,16,64,229
07/05/2001,BTV,VT,ANE,EN,Towers with Radar,20,113,29,12,174,0,0,61,6,67,20,113,90,18,241,102,10,112,353
07/06/2001,BTV,VT,ANE,EN,Towers with Radar,23,118,32,14,187,0,0,101,4,105,23,118,133,18,292,72,10,82,374
07/07/2001,BTV,VT,ANE,EN,Towers with Radar,17,82,21,0,120,7,13,75,0,95,24,95,96,0,215,86,0,86,301
07/08/2001,BTV,VT,ANE,EN,Towers with Radar,20,87,27,1,135,0,0,63,0,63,20,87,90,1,198,120,0,120,318
07/09/2001,BTV,VT,ANE,EN,Towers with Radar,25,121,31,14,191,0,7,40,11,58,25,128,71,25,249,166,8,174,423
07/10/2001,BTV,VT,ANE,EN,Towers with Radar,21,115,30,12,178,0,7,32,9,48,21,122,62,21,226,126,28,154,380
07/11/2001,BTV,VT,ANE,EN,Towers with Radar,26,126,33,14,199,2,10,27,15,54,28,136,60,29,253,116,18,134,387
07/12/2001,BTV,VT,ANE,EN,Towers with Radar,26,124,32,14,196,1,6,62,19,88,27,130,94,33,284,116,28,144,428
07/13/2001,BTV,VT,ANE,EN,Towers with Radar,27,127,33,12,199,1,12,79,0,92,28,139,112,12,291,240,6,246,537
07/14/2001,BTV,VT,ANE,EN,Towers with Radar,20,93,25,11,149,3,0,63,3,69,23,93,88,14,218,138,4,142,360
07/15/2001,BTV,VT,ANE,EN,Towers with Radar,20,94,26,5,145,0,0,129,0,129,20,94,155,5,274,92,0,92,366
07/16/2001,BTV,VT,ANE,EN,Towers with Radar,20,99,27,4,150,0,24,69,0,93,20,123,96,4,243,94,0,94,337
07/17/2001,BTV,VT,ANE,EN,Towers with Radar,26,125,34,13,198,0,16,45,4,65,26,141,79,17,263,125,34,159,422
07/18/2001,BTV,VT,ANE,EN,Towers with Radar,22,121,33,13,189,0,19,61,25,105,22,140,94,38,294,130,30,160,454
07/19/2001,BTV,VT,ANE,EN,Towers with Radar,25,138,37,14,214,0,7,75,26,108,25,145,112,40,322,100,62,162,484
07/20/2001,BTV,VT,ANE,EN,Towers with Radar,25,119,32,13,189,0,8,113,18,139,25,127,145,31,328,92,48,140,468
07/21/2001,BTV,VT,ANE,EN,Towers with Radar,19,88,24,9,140,1,3,103,9,116,20,91,127,18,256,74,42,116,372
07/22/2001,BTV,VT,ANE,EN,Towers with Radar,13,80,22,8,123,0,12,95,2,109,13,92,117,10,232,60,4,64,296
07/23/2001,BTV,VT,ANE,EN,Towers with Radar,25,113,30,12,180,1,6,73,23,103,26,119,103,35,283,112,36,148,431
07/24/2001,BTV,VT,ANE,EN,Towers with Radar,28,125,35,15,203,2,0,40,22,64,30,125,75,37,267,140,20,160,427
07/25/2001,BTV,VT,ANE,EN,Towers with Radar,23,125,34,14,196,0,13,100,19,132,23,138,134,33,328,84,50,134,462
07/26/2001,BTV,VT,ANE,EN,Towers with Radar,27,122,33,14,196,2,0,93,1,96,29,122,126,15,292,196,28,224,516
07/27/2001,BTV,VT,ANE,EN,Towers with Radar,24,121,33,13,191,0,22,116,11,149,24,143,149,24,340,160,14,174,514
07/28/2001,BTV,VT,ANE,EN,Towers with Radar,18,81,21,0,120,4,17,169,0,190,22,98,190,0,310,128,0,128,438
07/29/2001,BTV,VT,ANE,EN,Towers with Radar,16,75,19,1,111,8,6,119,0,133,24,81,138,1,244,116,0,116,360
07/30/2001,BTV,VT,ANE,EN,Towers with Radar,23,113,29,12,177,0,9,66,6,81,23,122,95,18,258,32,44,76,334
07/31/2001,BTV,VT,ANE,EN,Towers with Radar,22,103,27,12,164,0,26,58,10,94,22,129,85,22,258,78,20,98,356
08/01/2001,BTV,VT,ANE,EN,Towers with Radar,24,127,39,16,206,0,13,105,19,137,24,140,144,35,343,138,38,176,519
08/02/2001,BTV,VT,ANE,EN,Towers with Radar,24,117,36,16,193,0,18,67,23,108,24,135,103,39,301,88,16,104,405
08/03/2001,BTV,VT,ANE,EN,Towers with Radar,28,115,37,17,197,2,0,50,22,74,30,115,87,39,271,64,0,64,335
08/04/2001,BTV,VT,ANE,EN,Towers with Radar,24,86,31,14,155,4,0,63,28,95,28,86,94,42,250,62,32,94,344
08/05/2001,BTV,VT,ANE,EN,Towers with Radar,18,79,23,3,123,1,5,83,0,89,19,84,106,3,212,40,0,40,252
08/06/2001,BTV,VT,ANE,EN,Towers with Radar,26,114,34,10,184,0,3,90,0,93,26,117,124,10,277,92,14,106,383
08/07/2001,BTV,VT,ANE,EN,Towers with Radar,25,110,32,15,182,2,18,40,6,66,27,128,72,21,248,122,34,156,404
08/08/2001,BTV,VT,ANE,EN,Towers with Radar,25,118,35,16,194,0,17,92,18,127,25,135,127,34,321,144,56,200,521
08/09/2001,BTV,VT,ANE,EN,Towers with Radar,27,116,34,16,193,0,4,80,6,90,27,120,114,22,283,54,12,66,349
08/10/2001,BTV,VT,ANE,EN,Towers with Radar,27,116,34,15,192,2,4,44,2,52,29,120,78,17,244,68,8,76,320
08/11/2001,BTV,VT,ANE,EN,Towers with Radar,20,86,26,3,135,5,0,119,0,124,25,86,145,3,259,170,0,170,429
08/12/2001,BTV,VT,ANE,EN,Towers with Radar,20,90,27,5,142,0,0,81,0,81,20,90,108,5,223,58,0,58,281
08/13/2001,BTV,VT,ANE,EN,Towers with Radar,20,86,25,7,138,3,23,81,0,107,23,109,106,7,245,126,0,126,371
08/14/2001,BTV,VT,ANE,EN,Towers with Radar,25,109,32,14,180,0,8,79,21,108,25,117,111,35,288,174,18,192,480
08/15/2001,BTV,VT,ANE,EN,Towers with Radar,24,106,31,14,175,1,20,116,13,150,25,126,147,27,325,82,12,94,419
08/16/2001,BTV,VT,ANE,EN,Towers with Radar,24,106,32,14,176,0,18,74,14,106,24,124,106,28,282,86,18,104,386
08/17/2001,BTV,VT,ANE,EN,Towers with Radar,24,106,32,14,176,0,2,7,5,14,24,108,39,19,190,90,8,98,288
08/18/2001,BTV,VT,ANE,EN,Towers with Radar,19,76,23,2,120,4,8,87,0,99,23,84,110,2,219,152,0,152,371
08/19/2001,BTV,VT,ANE,EN,Towers with Radar,18,82,25,3,128,0,3,84,0,87,18,85,109,3,215,106,2,108,323
08/20/2001,BTV,VT,ANE,EN,Towers with Radar,25,104,32,13,174,3,1,18,12,34,28,105,50,25,208,116,16,132,340
08/21/2001,BTV,VT,ANE,EN,Towers with Radar,26,105,32,13,176,1,4,29,38,72,27,109,61,51,248,78,12,90,338
08/22/2001,BTV,VT,ANE,EN,Towers with Radar,24,98,30,12,164,9,11,102,20,142,33,109,132,32,306,188,26,214,520
08/23/2001,BTV,VT,ANE,EN,Towers with Radar,21,113,35,14,183,0,1,73,17,91,21,114,108,31,274,118,36,154,428
08/24/2001,BTV,VT,ANE,EN,Towers with Radar,24,111,34,14,183,0,8,139,20,167,24,119,173,34,350,100,20,120,470
08/25/2001,BTV,VT,ANE,EN,Towers with Radar,16,67,21,4,108,6,19,127,0,152,22,86,148,4,260,0,3,3,263
08/26/2001,BTV,VT,ANE,EN,Towers with Radar,20,80,26,3,129,3,0,76,0,79,23,80,102,3,208,40,0,40,248
08/27/2001,BTV,VT,ANE,EN,Towers with Radar,17,86,26,11,140,0,15,32,1,48,17,101,58,12,188,92,0,92,280
08/28/2001,BTV,VT,ANE,EN,Towers with Radar,26,110,34,15,185,0,15,28,2,45,26,125,62,17,230,144,26,170,400
08/29/2001,BTV,VT,ANE,EN,Towers with Radar,26,117,36,16,195,0,0,102,10,112,26,117,138,26,307,140,8,148,455
08/30/2001,BTV,VT,ANE,EN,Towers with Radar,25,111,34,15,185,0,2,89,37,128,25,113,123,52,313,130,30,160,473
08/31/2001,BTV,VT,ANE,EN,Towers with Radar,17,92,28,5,142,0,4,39,0,43,17,96,67,5,185,8,0,8,193
09/01/2001,BTV,VT,ANE,EN,Towers with Radar,21,74,34,3,132,4,0,53,0,57,25,74,87,3,189,48,12,60,249
09/02/2001,BTV,VT,ANE,EN,Towers with Radar,12,50,21,3,86,6,13,131,0,150,18,63,152,3,236,78,0,78,314
09/03/2001,BTV,VT,ANE,EN,Towers with Radar,17,68,27,7,119,4,21,119,0,144,21,89,146,7,263,110,1,111,374
09/04/2001,BTV,VT,ANE,EN,Towers with Radar,20,89,34,16,159,0,16,8,27,51,20,105,42,43,210,22,14,36,246
09/05/2001,BTV,VT,ANE,EN,Towers with Radar,23,93,36,16,168,4,9,74,10,97,27,102,110,26,265,84,16,100,365
09/06/2001,BTV,VT,ANE,EN,Towers with Radar,24,97,38,16,175,4,12,84,35,135,28,109,122,51,310,76,59,135,445
09/07/2001,BTV,VT,ANE,EN,Towers with Radar,20,81,31,14,146,0,18,79,1,98,20,99,110,15,244,42,2,44,288
09/08/2001,BTV,VT,ANE,EN,Towers with Radar,15,60,23,10,108,14,17,102,0,133,29,77,125,10,241,92,10,102,343
09/09/2001,BTV,VT,ANE,EN,Towers with Radar,17,69,26,12,124,3,16,119,0,138,20,85,145,12,262,92,2,94,356
09/10/2001,BTV,VT,ANE,EN,Towers with Radar,18,75,29,7,129,0,19,26,0,45,18,94,55,7,174,102,16,118,292
09/11/2001,BTV,VT,ANE,EN,Towers with Radar,5,30,11,5,51,0,0,11,13,24,5,30,22,18,75,20,10,30,105
09/12/2001,BTV,VT,ANE,EN,Towers with Radar,0,0,0,2,2,0,0,0,31,31,0,0,0,33,33,0,0,0,33
09/13/2001,BTV,VT,ANE,EN,Towers with Radar,7,35,4,7,53,0,0,0,15,15,7,35,4,22,68,24,0,24,92
09/14/2001,BTV,VT,ANE,EN,Towers with Radar,13,64,11,10,98,0,19,0,6,25,13,83,11,16,123,44,0,44,167
09/15/2001,BTV,VT,ANE,EN,Towers with Radar,15,64,29,12,120,0,0,19,0,19,15,64,48,12,139,4,0,4,143
09/16/2001,BTV,VT,ANE,EN,Towers with Radar,19,65,30,9,123,1,0,27,0,28,20,65,57,9,151,4,0,4,155
09/17/2001,BTV,VT,ANE,EN,Towers with Radar,21,92,36,16,165,0,8,8,0,16,21,100,44,16,181,11,0,11,192
09/18/2001,BTV,VT,ANE,EN,Towers with Radar,24,89,40,14,167,0,0,4,0,4,24,89,44,14,171,0,0,0,171
09/19/2001,BTV,VT,ANE,EN,Towers with Radar,28,91,43,14,176,7,0,13,0,20,35,91,56,14,196,0,0,0,196
09/20/2001,BTV,VT,ANE,EN,Towers with Radar,23,94,38,15,170,0,13,6,2,21,23,107,44,17,191,0,1,1,192
09/21/2001,BTV,VT,ANE,EN,Towers with Radar,27,100,42,17,186,4,0,11,1,16,31,100,53,18,202,24,28,52,254
09/22/2001,BTV,VT,ANE,EN,Towers with Radar,17,69,29,11,126,0,0,37,1,38,17,69,66,12,164,134,32,166,330
09/23/2001,BTV,VT,ANE,EN,Towers with Radar,15,80,32,13,140,0,3,95,0,98,15,83,127,13,238,54,2,56,294
09/24/2001,BTV,VT,ANE,EN,Towers with Radar,22,86,35,14,157,0,10,36,9,55,22,96,71,23,212,138,22,160,372
09/25/2001,BTV,VT,ANE,EN,Towers with Radar,23,87,32,11,153,1,8,0,0,9,24,95,32,11,162,100,4,104,266
09/26/2001,BTV,VT,ANE,EN,Towers with Radar,22,104,42,14,182,0,1,71,0,72,22,105,113,14,254,102,4,106,360
09/27/2001,BTV,VT,ANE,EN,Towers with Radar,26,108,43,19,196,0,3,39,6,48,26,111,82,25,244,156,18,174,418
09/28/2001,BTV,VT,ANE,EN,Towers with Radar,22,98,44,15,179,0,0,6,0,6,22,98,50,15,185,98,26,124,309
09/29/2001,BTV,VT,ANE,EN,Towers with Radar,21,83,34,15,153,0,0,81,3,84,21,83,115,18,237,76,8,84,321
09/30/2001,BTV,VT,ANE,EN,Towers with Radar,15,73,31,14,133,0,0,129,1,130,15,73,160,15,263,82,4,86,349
10/01/2001,BTV,VT,ANE,EN,Towers with Radar,18,80,28,13,139,0,24,71,2,97,18,104,99,15,236,140,24,164,400
10/02/2001,BTV,VT,ANE,EN,Towers with Radar,21,89,31,12,153,1,14,73,0,88,22,103,104,12,241,106,2,108,349
10/03/2001,BTV,VT,ANE,EN,Towers with Radar,21,87,31,16,155,10,0,63,5,78,31,87,94,21,233,144,16,160,393
10/04/2001,BTV,VT,ANE,EN,Towers with Radar,22,100,33,11,166,0,7,87,0,94,22,107,120,11,260,142,10,152,412
10/05/2001,BTV,VT,ANE,EN,Towers with Radar,20,112,37,11,180,0,5,40,0,45,20,117,77,11,225,68,4,72,297
10/06/2001,BTV,VT,ANE,EN,Towers with Radar,15,67,22,9,113,6,3,18,0,27,21,70,40,9,140,100,0,100,240
10/07/2001,BTV,VT,ANE,EN,Towers with Radar,15,64,21,6,106,2,10,28,0,40,17,74,49,6,146,54,4,58,204
10/08/2001,BTV,VT,ANE,EN,Towers with Radar,18,91,30,11,150,0,5,50,0,55,18,96,80,11,205,86,0,86,291
10/09/2001,BTV,VT,ANE,EN,Towers with Radar,23,99,33,17,172,1,20,68,8,97,24,119,101,25,269,162,38,200,469
10/10/2001,BTV,VT,ANE,EN,Towers with Radar,23,99,33,18,173,0,0,82,5,87,23,99,115,23,260,100,14,114,374
10/11/2001,BTV,VT,ANE,EN,Towers with Radar,21,93,30,16,160,0,14,47,18,79,21,107,77,34,239,118,16,134,373
10/12/2001,BTV,VT,ANE,EN,Towers with Radar,22,102,38,20,182,0,0,60,2,62,22,102,98,22,244,140,14,154,398
10/13/2001,BTV,VT,ANE,EN,Towers with Radar,14,73,27,14,128,0,0,100,7,107,14,73,127,21,235,230,2,232,467
10/14/2001,BTV,VT,ANE,EN,Towers with Radar,17,81,27,14,139,0,17,62,7,86,17,98,89,21,225,120,26,146,371
10/15/2001,BTV,VT,ANE,EN,Towers with Radar,18,80,28,14,140,0,0,53,2,55,18,80,81,16,195,148,24,172,367
10/16/2001,BTV,VT,ANE,EN,Towers with Radar,21,92,31,16,160,3,1,53,15,72,24,93,84,31,232,86,28,114,346
10/17/2001,BTV,VT,ANE,EN,Towers with Radar,23,98,33,15,169,3,17,10,0,30,26,115,43,15,199,108,10,118,317
10/18/2001,BTV,VT,ANE,EN,Towers with Radar,20,108,36,19,183,0,3,85,25,113,20,111,121,44,296,56,30,86,382
10/19/2001,BTV,VT,ANE,EN,Towers with Radar,20,86,29,15,150,0,8,48,2,58,20,94,77,17,208,30,34,64,272
10/20/2001,BTV,VT,ANE,EN,Towers with Radar,16,71,24,13,124,0,8,64,1,73,16,79,88,14,197,72,1,73,270
10/21/2001,BTV,VT,ANE,EN,Towers with Radar,16,72,26,5,119,0,0,71,0,71,16,72,97,5,190,92,7,99,289
10/22/2001,BTV,VT,ANE,EN,Towers with Radar,18,80,28,13,139,0,7,44,8,59,18,87,72,21,198,152,14,166,364
10/23/2001,BTV,VT,ANE,EN,Towers with Radar,18,95,33,16,162,0,1,41,4,46,18,96,74,20,208,48,14,62,270
10/24/2001,BTV,VT,ANE,EN,Towers with Radar,23,77,33,16,149,4,0,52,20,76,27,77,85,36,225,130,32,162,387
10/25/2001,BTV,VT,ANE,EN,Towers with Radar,21,97,34,16,168,0,0,23,6,29,21,97,57,22,197,50,4,54,251
10/26/2001,BTV,VT,ANE,EN,Towers with Radar,20,92,32,16,160,0,0,38,6,44,20,92,70,22,204,52,24,76,280
10/27/2001,BTV,VT,ANE,EN,Towers with Radar,15,61,21,10,107,3,7,24,2,36,18,68,45,12,143,40,4,44,187
10/28/2001,BTV,VT,ANE,EN,Towers with Radar,14,58,20,6,98,2,3,93,0,98,16,61,113,6,196,99,2,101,297
10/29/2001,BTV,VT,ANE,EN,Towers with Radar,19,76,26,12,133,0,3,66,4,73,19,79,92,16,206,100,4,104,310
10/30/2001,BTV,VT,ANE,EN,Towers with Radar,20,81,28,12,141,3,3,43,7,56,23,84,71,19,197,158,12,170,367
10/31/2001,BTV,VT,ANE,EN,Towers with Radar,23,94,33,13,163,9,1,40,0,50,32,95,73,13,213,20,14,34,247
11/01/2001,BTV,VT,ANE,EN,Towers with Radar,24,91,30,15,160,0,0,43,18,61,24,91,73,33,221,78,40,118,339
11/02/2001,BTV,VT,ANE,EN,Towers with Radar,24,93,33,18,168,0,0,42,16,58,24,93,75,34,226,56,44,100,326
11/03/2001,BTV,VT,ANE,EN,Towers with Radar,20,61,23,12,116,3,0,81,26,110,23,61,104,38,226,66,48,114,340
11/04/2001,BTV,VT,ANE,EN,Towers with Radar,18,65,22,12,117,0,0,70,12,82,18,65,92,24,199,96,18,114,313
11/05/2001,BTV,VT,ANE,EN,Towers with Radar,18,57,22,12,109,0,0,1,3,4,18,57,23,15,113,26,2,28,141
11/06/2001,BTV,VT,ANE,EN,Towers with Radar,23,85,28,15,151,0,10,60,10,80,23,95,88,25,231,108,18,126,357
11/07/2001,BTV,VT,ANE,EN,Towers with Radar,22,86,28,15,151,0,7,46,9,62,22,93,74,24,213,132,20,152,365
11/08/2001,BTV,VT,ANE,EN,Towers with Radar,24,81,30,15,150,0,0,33,6,39,24,81,63,21,189,68,34,102,291
11/09/2001,BTV,VT,ANE,EN,Towers with Radar,21,76,25,13,135,0,7,32,1,40,21,83,57,14,175,104,6,110,285
11/10/2001,BTV,VT,ANE,EN,Towers with Radar,16,59,19,8,102,4,3,20,0,27,20,62,39,8,129,82,0,82,211
11/11/2001,BTV,VT,ANE,EN,Towers with Radar,16,59,19,8,102,2,3,28,0,33,18,62,47,8,135,24,0,24,159
11/12/2001,BTV,VT,ANE,EN,Towers with Radar,16,59,19,6,100,0,6,14,0,20,16,65,33,6,120,68,0,68,188
11/13/2001,BTV,VT,ANE,EN,Towers with Radar,21,77,25,13,136,1,18,68,5,92,22,95,93,18,228,206,28,234,462
11/14/2001,BTV,VT,ANE,EN,Towers with Radar,22,86,29,16,153,0,0,34,17,51,22,86,63,33,204,170,14,184,388
11/15/2001,BTV,VT,ANE,EN,Towers with Radar,24,105,35,19,183,0,6,56,8,70,24,111,91,27,253,102,0,102,355
11/16/2001,BTV,VT,ANE,EN,Towers with Radar,26,89,33,18,166,0,0,54,10,64,26,89,87,28,230,142,30,172,402
11/17/2001,BTV,VT,ANE,EN,Towers with Radar,21,63,24,11,119,2,0,136,6,144,23,63,160,17,263,134,10,144,407
11/18/2001,BTV,VT,ANE,EN,Towers with Radar,16,53,18,6,93,0,5,106,0,111,16,58,124,6,204,60,2,62,266
11/19/2001,BTV,VT,ANE,EN,Towers with Radar,20,67,24,11,122,0,0,63,8,71,20,67,87,19,193,42,6,48,241
11/20/2001,BTV,VT,ANE,EN,Towers with Radar,24,80,28,13,145,2,5,19,7,33,26,85,47,20,178,128,6,134,312
11/21/2001,BTV,VT,ANE,EN,Towers with Radar,24,84,29,14,151,0,0,65,1,66,24,84,94,15,217,148,56,204,421
11/22/2001,BTV,VT,ANE,EN,Towers with Radar,12,40,14,5,71,8,3,21,0,32,20,43,35,5,103,21,0,21,124
11/23/2001,BTV,VT,ANE,EN,Towers with Radar,14,48,17,9,88,3,4,55,0,62,17,52,72,9,150,154,2,156,306
11/24/2001,BTV,VT,ANE,EN,Towers with Radar,18,58,21,11,108,3,0,61,1,65,21,58,82,12,173,80,10,90,263
11/25/2001,BTV,VT,ANE,EN,Towers with Radar,16,57,20,3,96,0,7,18,0,25,16,64,38,3,121,0,0,0,121
11/26/2001,BTV,VT,ANE,EN,Towers with Radar,20,72,25,13,130,0,20,24,0,44,20,92,49,13,174,172,14,186,360
11/27/2001,BTV,VT,ANE,EN,Towers with Radar,25,86,23,15,149,0,0,0,1,1,25,86,23,16,150,0,10,10,160
11/28/2001,BTV,VT,ANE,EN,Towers with Radar,22,75,19,7,123,1,13,0,0,14,23,88,19,7,137,6,0,6,143
11/29/2001,BTV,VT,ANE,EN,Towers with Radar,22,76,11,5,114,2,9,0,0,11,24,85,11,5,125,0,0,0,125
11/30/2001,BTV,VT,ANE,EN,Towers with Radar,22,74,23,2,121,3,3,0,0,6,25,77,23,2,127,0,0,0,127
12/01/2001,BTV,VT,ANE,EN,Towers with Radar,18,60,18,9,105,1,0,49,1,51,19,60,67,10,156,66,0,66,222
12/02/2001,BTV,VT,ANE,EN,Towers with Radar,18,51,19,6,94,7,0,56,0,63,25,51,75,6,157,98,0,98,255
12/03/2001,BTV,VT,ANE,EN,Towers with Radar,22,83,23,13,141,0,0,67,12,79,22,83,90,25,220,58,50,108,328
12/04/2001,BTV,VT,ANE,EN,Towers with Radar,23,81,25,13,142,0,0,69,29,98,23,81,94,42,240,90,32,122,362
12/05/2001,BTV,VT,ANE,EN,Towers with Radar,22,82,26,14,144,0,0,28,0,28,22,82,54,14,172,266,3,269,441
12/06/2001,BTV,VT,ANE,EN,Towers with Radar,21,91,25,13,150,0,4,46,7,57,21,95,71,20,207,68,12,80,287
12/07/2001,BTV,VT,ANE,EN,Towers with Radar,22,99,28,15,164,0,2,103,16,121,22,101,131,31,285,200,14,214,499
12/08/2001,BTV,VT,ANE,EN,Towers with Radar,16,57,16,9,98,4,1,69,10,84,20,58,85,19,182,142,4,146,328
12/09/2001,BTV,VT,ANE,EN,Towers with Radar,15,52,15,8,90,1,13,17,0,31,16,65,32,8,121,32,6,38,159
12/10/2001,BTV,VT,ANE,EN,Towers with Radar,21,76,21,11,129,0,6,37,13,56,21,82,58,24,185,122,26,148,333
12/11/2001,BTV,VT,ANE,EN,Towers with Radar,25,84,25,13,147,4,0,62,18,84,29,84,87,31,231,82,48,130,361
12/12/2001,BTV,VT,ANE,EN,Towers with Radar,24,94,27,11,156,0,4,31,0,35,24,98,58,11,191,78,0,78,269
12/13/2001,BTV,VT,ANE,EN,Towers with Radar,21,84,26,14,145,0,0,3,11,14,21,84,29,25,159,0,34,34,193
12/14/2001,BTV,VT,ANE,EN,Towers with Radar,26,91,27,12,156,0,0,27,0,27,26,91,54,12,183,50,10,60,243
12/15/2001,BTV,VT,ANE,EN,Towers with Radar,17,58,17,4,96,6,8,28,0,42,23,66,45,4,138,10,2,12,150
12/16/2001,BTV,VT,ANE,EN,Towers with Radar,16,57,16,6,95,5,7,57,0,69,21,64,73,6,164,98,0,98,262
12/17/2001,BTV,VT,ANE,EN,Towers with Radar,20,70,19,10,119,3,0,3,0,6,23,70,22,10,125,2,0,2,127
12/18/2001,BTV,VT,ANE,EN,Towers with Radar,23,84,17,11,135,0,8,0,0,8,23,92,17,11,143,0,0,0,143
12/19/2001,BTV,VT,ANE,EN,Towers with Radar,26,96,26,15,163,0,5,41,10,56,26,101,67,25,219,106,20,126,345
12/20/2001,BTV,VT,ANE,EN,Towers with Radar,21,102,24,16,163,0,14,0,6,20,21,116,24,22,183,72,40,112,295
12/21/2001,BTV,VT,ANE,EN,Towers with Radar,20,86,23,12,141,0,1,6,0,7,20,87,29,12,148,0,0,0,148
12/22/2001,BTV,VT,ANE,EN,Towers with Radar,17,57,15,6,95,0,5,76,0,81,17,62,91,6,176,106,6,112,288
12/23/2001,BTV,VT,ANE,EN,Towers with Radar,17,57,15,6,95,7,3,38,0,48,24,60,53,6,143,40,2,42,185
12/24/2001,BTV,VT,ANE,EN,Towers with Radar,16,52,7,6,81,7,4,0,0,11,23,56,7,6,92,0,2,2,94
12/25/2001,BTV,VT,ANE,EN,Towers with Radar,19,47,8,5,79,0,1,4,0,5,19,48,12,5,84,0,4,4,88
12/26/2001,BTV,VT,ANE,EN,Towers with Radar,23,77,21,12,133,2,0,35,5,42,25,77,56,17,175,66,2,68,243
12/27/2001,BTV,VT,ANE,EN,Towers with Radar,22,84,23,12,141,0,0,45,17,62,22,84,68,29,203,68,34,102,305
12/28/2001,BTV,VT,ANE,EN,Towers with Radar,20,75,20,11,126,0,6,55,13,74,20,81,75,24,200,114,24,138,338
12/29/2001,BTV,VT,ANE,EN,Towers with Radar,16,51,14,5,86,2,16,32,0,50,18,67,46,5,136,80,4,84,220
12/30/2001,BTV,VT,ANE,EN,Towers with Radar,16,57,16,5,94,0,7,10,0,17,16,64,26,5,111,34,0,34,145
12/31/2001,BTV,VT,ANE,EN,Towers with Radar,16,51,15,4,86,6,14,10,0,30,22,65,25,4,116,76,0,76,192
01/01/2002,BTV,VT,ANE,EN,Towers with Radar,15,55,15,6,91,2,6,26,1,35,17,61,41,7,126,22,8,30,156
01/02/2002,BTV,VT,ANE,EN,Towers with Radar,20,67,19,7,113,5,0,32,21,58,25,67,51,28,171,202,18,220,391
01/03/2002,BTV,VT,ANE,EN,Towers with Radar,21,83,23,10,137,0,0,13,12,25,21,83,36,22,162,46,14,60,222
01/04/2002,BTV,VT,ANE,EN,Towers with Radar,22,83,23,10,138,0,0,55,22,77,22,83,78,32,215,168,18,186,401
01/05/2002,BTV,VT,ANE,EN,Towers with Radar,15,56,15,6,92,6,0,19,2,27,21,56,34,8,119,114,0,114,233
01/06/2002,BTV,VT,ANE,EN,Towers with Radar,15,57,16,6,94,3,16,7,0,26,18,73,23,6,120,102,34,136,256
01/07/2002,BTV,VT,ANE,EN,Towers with Radar,17,64,14,5,100,3,13,0,0,16,20,77,14,5,116,48,0,48,164
01/08/2002,BTV,VT,ANE,EN,Towers with Radar,24,91,25,12,152,0,0,44,14,58,24,91,69,26,210,130,14,144,354
01/09/2002,BTV,VT,ANE,EN,Towers with Radar,22,88,22,17,149,1,0,9,0,10,23,88,31,17,159,0,0,0,159
01/10/2002,BTV,VT,ANE,EN,Towers with Radar,21,89,24,12,146,0,1,20,2,23,21,90,44,14,169,38,0,38,207
01/11/2002,BTV,VT,ANE,EN,Towers with Radar,22,89,24,7,142,0,0,44,0,44,22,89,68,7,186,72,0,72,258
01/12/2002,BTV,VT,ANE,EN,Towers with Radar,15,53,15,7,90,7,0,16,9,32,22,53,31,16,122,106,2,108,230
01/13/2002,BTV,VT,ANE,EN,Towers with Radar,16,59,16,7,98,2,7,24,1,34,18,66,40,8,132,74,0,74,206
01/14/2002,BTV,VT,ANE,EN,Towers with Radar,18,69,18,1,106,4,5,46,0,55,22,74,64,1,161,80,0,80,241
01/15/2002,BTV,VT,ANE,EN,Towers with Radar,20,75,7,3,105,3,9,0,0,12,23,84,7,3,117,0,0,0,117
01/16/2002,BTV,VT,ANE,EN,Towers with Radar,24,89,26,12,151,0,0,47,38,85,24,89,73,50,236,54,0,54,290
01/17/2002,BTV,VT,ANE,EN,Towers with Radar,21,86,17,11,135,0,11,0,3,14,21,97,17,14,149,0,0,0,149
01/18/2002,BTV,VT,ANE,EN,Towers with Radar,18,83,22,8,131,0,3,16,0,19,18,86,38,8,150,8,4,12,162
01/19/2002,BTV,VT,ANE,EN,Towers with Radar,13,46,12,3,74,5,6,51,0,62,18,52,63,3,136,58,0,58,194
01/20/2002,BTV,VT,ANE,EN,Towers with Radar,16,54,14,4,88,8,7,38,0,53,24,61,52,4,141,78,0,78,219
01/21/2002,BTV,VT,ANE,EN,Towers with Radar,22,89,24,1,136,0,0,38,0,38,22,89,62,1,174,22,0,22,196
01/22/2002,BTV,VT,ANE,EN,Towers with Radar,21,95,24,12,152,0,3,25,23,51,21,98,49,35,203,68,38,106,309
01/23/2002,BTV,VT,ANE,EN,Towers with Radar,22,84,22,11,139,0,0,3,15,18,22,84,25,26,157,102,36,138,295
01/24/2002,BTV,VT,ANE,EN,Towers with Radar,23,78,18,9,128,1,0,0,8,9,24,78,18,17,137,0,0,0,137
01/25/2002,BTV,VT,ANE,EN,Towers with Radar,20,96,28,13,157,0,0,48,7,55,20,96,76,20,212,4,28,32,244
01/26/2002,BTV,VT,ANE,EN,Towers with Radar,14,48,13,1,76,6,3,50,0,59,20,51,63,1,135,112,0,112,247
01/27/2002,BTV,VT,ANE,EN,Towers with Radar,17,61,17,0,95,0,5,98,0,103,17,66,115,0,198,118,0,118,316
01/28/2002,BTV,VT,ANE,EN,Towers with Radar,25,87,25,11,148,0,0,99,12,111,25,87,124,23,259,72,34,106,365
01/29/2002,BTV,VT,ANE,EN,Towers with Radar,23,89,26,11,149,0,0,7,5,12,23,89,33,16,161,68,10,78,239
01/30/2002,BTV,VT,ANE,EN,Towers with Radar,22,97,21,12,152,0,0,0,4,4,22,97,21,16,156,18,8,26,182
01/31/2002,BTV,VT,ANE,EN,Towers with Radar,18,61,18,6,103,0,0,5,8,13,18,61,23,14,116,24,4,28,144
02/01/2002,BTV,VT,ANE,EN,Towers with Radar,17,64,12,0,93,2,0,3,0,5,19,64,15,0,98,0,0,0,98
02/02/2002,BTV,VT,ANE,EN,Towers with Radar,15,52,16,10,93,5,0,49,11,65,20,52,65,21,158,36,12,48,206
02/03/2002,BTV,VT,ANE,EN,Towers with Radar,18,64,18,4,104,1,0,25,0,26,19,64,43,4,130,50,0,50,180
02/04/2002,BTV,VT,ANE,EN,Towers with Radar,23,77,23,10,133,4,0,13,0,17,27,77,36,10,150,119,14,133,283
02/05/2002,BTV,VT,ANE,EN,Towers with Radar,21,93,28,15,157,0,4,25,19,48,21,97,53,34,205,28,30,58,263
02/06/2002,BTV,VT,ANE,EN,Towers with Radar,22,91,29,16,158,0,0,44,11,55,22,91,73,27,213,56,18,74,287
02/07/2002,BTV,VT,ANE,EN,Towers with Radar,24,86,26,14,150,0,1,55,13,69,24,87,81,27,219,52,8,60,279
02/08/2002,BTV,VT,ANE,EN,Towers with Radar,22,90,27,13,152,0,7,66,6,79,22,97,93,19,231,60,16,76,307
02/09/2002,BTV,VT,ANE,EN,Towers with Radar,15,56,17,5,93,6,12,100,0,118,21,68,117,5,211,138,0,138,349
02/10/2002,BTV,VT,ANE,EN,Towers with Radar,15,54,16,7,92,4,3,5,0,12,19,57,21,7,104,18,0,18,122
02/11/2002,BTV,VT,ANE,EN,Towers with Radar,19,67,20,6,112,3,13,16,0,32,22,80,36,6,144,56,2,58,202
02/12/2002,BTV,VT,ANE,EN,Towers with Radar,22,85,25,14,146,0,13,1,14,28,22,98,26,28,174,6,4,10,184
02/13/2002,BTV,VT,ANE,EN,Towers with Radar,21,77,23,12,133,1,10,30,4,45,22,87,53,16,178,76,8,84,262
02/14/2002,BTV,VT,ANE,EN,Towers with Radar,23,93,28,15,159,0,4,29,9,42,23,97,57,24,201,36,30,66,267
02/15/2002,BTV,VT,ANE,EN,Towers with Radar,27,89,28,15,159,6,0,54,8,68,33,89,82,23,227,48,2,50,277
02/16/2002,BTV,VT,ANE,EN,Towers with Radar,15,54,16,5,90,10,7,55,0,72,25,61,71,5,162,104,2,106,268
02/17/2002,BTV,VT,ANE,EN,Towers with Radar,14,51,12,0,77,7,10,0,0,17,21,61,12,0,94,0,0,0,94
02/18/2002,BTV,VT,ANE,EN,Towers with Radar,21,83,25,7,136,0,11,115,0,126,21,94,140,7,262,122,0,122,384
02/19/2002,BTV,VT,ANE,EN,Towers with Radar,25,93,29,15,162,0,0,99,18,117,25,93,128,33,279,74,32,106,385
02/20/2002,BTV,VT,ANE,EN,Towers with Radar,23,97,28,16,164,0,5,20,7,32,23,102,48,23,196,60,16,76,272
02/21/2002,BTV,VT,ANE,EN,Towers with Radar,25,103,32,18,178,0,0,18,12,30,25,103,50,30,208,26,4,30,238
02/22/2002,BTV,VT,ANE,EN,Towers with Radar,22,94,27,12,155,0,4,19,0,23,22,98,46,12,178,46,0,46,224
02/23/2002,BTV,VT,ANE,EN,Towers with Radar,18,62,17,6,103,4,1,88,0,93,22,63,105,6,196,122,6,128,324
02/24/2002,BTV,VT,ANE,EN,Towers with Radar,18,63,18,7,106,2,1,100,0,103,20,64,118,7,209,50,0,50,259
02/25/2002,BTV,VT,ANE,EN,Towers with Radar,19,84,24,13,140,0,3,41,1,45,19,87,65,14,185,38,8,46,231
02/26/2002,BTV,VT,ANE,EN,Towers with Radar,22,86,25,14,147,0,3,54,9,66,22,89,79,23,213,68,16,84,297
02/27/2002,BTV,VT,ANE,EN,Towers with Radar,24,84,24,13,145,0,1,13,4,18,24,85,37,17,163,116,18,134,297
02/28/2002,BTV,VT,ANE,EN,Towers with Radar,22,91,27,15,155,0,0,38,16,54,22,91,65,31,209,54,28,82,291
03/01/2002,BTV,VT,ANE,EN,Towers with Radar,24,95,29,14,162,0,0,66,0,66,24,95,95,14,228,46,6,52,280
03/02/2002,BTV,VT,ANE,EN,Towers with Radar,16,60,19,12,107,2,0,112,15,129,18,60,131,27,236,110,2,112,348
03/03/2002,BTV,VT,ANE,EN,Towers with Radar,13,54,16,11,94,9,4,4,0,17,22,58,20,11,111,14,0,14,125
03/04/2002,BTV,VT,ANE,EN,Towers with Radar,20,89,27,17,153,0,2,22,20,44,20,91,49,37,197,112,82,194,391
03/05/2002,BTV,VT,ANE,EN,Towers with Radar,22,93,31,20,166,0,0,69,2,71,22,93,100,22,237,82,12,94,331
03/06/2002,BTV,VT,ANE,EN,Towers with Radar,22,98,30,18,168,0,1,12,5,18,22,99,42,23,186,110,4,114,300
03/07/2002,BTV,VT,ANE,EN,Towers with Radar,24,96,29,18,167,0,3,4,0,7,24,99,33,18,174,84,32,116,290
03/08/2002,BTV,VT,ANE,EN,Towers with Radar,25,94,31,20,170,3,0,24,5,32,28,94,55,25,202,118,12,130,332
03/09/2002,BTV,VT,ANE,EN,Towers with Radar,17,68,21,13,119,8,10,22,19,59,25,78,43,32,178,16,26,42,220
03/10/2002,BTV,VT,ANE,EN,Towers with Radar,13,52,10,3,78,4,14,0,0,18,17,66,10,3,96,4,0,4,100
03/11/2002,BTV,VT,ANE,EN,Towers with Radar,21,90,28,15,154,0,0,48,0,48,21,90,76,15,202,130,22,152,354
03/12/2002,BTV,VT,ANE,EN,Towers with Radar,22,100,31,20,173,0,0,18,23,41,22,100,49,43,214,132,32,164,378
03/13/2002,BTV,VT,ANE,EN,Towers with Radar,23,98,32,20,173,0,0,45,7,52,23,98,77,27,225,132,36,168,393
03/14/2002,BTV,VT,ANE,EN,Towers with Radar,24,101,31,20,176,0,3,67,24,94,24,104,98,44,270,158,50,208,478
03/15/2002,BTV,VT,ANE,EN,Towers with Radar,23,85,30,17,155,0,0,6,4,10,23,85,36,21,165,44,22,66,231
03/16/2002,BTV,VT,ANE,EN,Towers with Radar,14,57,18,4,93,7,6,12,0,25,21,63,30,4,118,90,0,90,208
03/17/2002,BTV,VT,ANE,EN,Towers with Radar,18,69,22,7,116,0,0,139,0,139,18,69,161,7,255,168,6,174,429
03/18/2002,BTV,VT,ANE,EN,Towers with Radar,19,80,20,15,134,0,12,0,2,14,19,92,20,17,148,10,0,10,158
03/19/2002,BTV,VT,ANE,EN,Towers with Radar,23,84,34,20,161,0,0,25,33,58,23,84,59,53,219,58,28,86,305
03/20/2002,BTV,VT,ANE,EN,Towers with Radar,19,78,14,10,121,0,28,0,0,28,19,106,14,10,149,0,4,4,153
03/21/2002,BTV,VT,ANE,EN,Towers with Radar,23,97,34,20,174,0,0,20,1,21,23,97,54,21,195,87,12,99,294
03/22/2002,BTV,VT,ANE,EN,Towers with Radar,20,97,31,17,165,0,3,6,0,9,20,100,37,17,174,140,0,140,314
03/23/2002,BTV,VT,ANE,EN,Towers with Radar,16,59,19,4,98,2,6,13,0,21,18,65,32,4,119,14,0,14,133
03/24/2002,BTV,VT,ANE,EN,Towers with Radar,17,64,21,0,102,3,10,52,0,65,20,74,73,0,167,48,6,54,221
03/25/2002,BTV,VT,ANE,EN,Towers with Radar,20,80,26,15,141,0,12,34,2,48,20,92,60,17,189,112,9,121,310
03/26/2002,BTV,VT,ANE,EN,Towers with Radar,18,73,23,13,127,0,6,1,5,12,18,79,24,18,139,52,26,78,217
03/27/2002,BTV,VT,ANE,EN,Towers with Radar,24,86,29,18,157,0,0,35,14,49,24,86,64,32,206,58,56,114,320
03/28/2002,BTV,VT,ANE,EN,Towers with Radar,23,100,33,20,176,0,0,108,12,120,23,100,141,32,296,146,29,175,471
03/29/2002,BTV,VT,ANE,EN,Towers with Radar,21,87,28,12,148,0,6,47,0,53,21,93,75,12,201,132,10,142,343
03/30/2002,BTV,VT,ANE,EN,Towers with Radar,14,50,16,1,81,6,10,35,0,51,20,60,51,1,132,128,0,128,260
03/31/2002,BTV,VT,ANE,EN,Towers with Radar,14,53,16,2,85,1,12,87,0,100,15,65,103,2,185,40,0,40,225
04/01/2002,BTV,VT,ANE,EN,Towers with Radar,18,81,23,13,135,0,2,2,11,15,18,83,25,24,150,86,0,86,236
04/02/2002,BTV,VT,ANE,EN,Towers with Radar,25,96,28,15,164,0,1,23,11,35,25,97,51,26,199,42,36,78,277
04/03/2002,BTV,VT,ANE,EN,Towers with Radar,22,86,25,13,146,3,1,6,15,25,25,87,31,28,171,76,26,102,273
04/04/2002,BTV,VT,ANE,EN,Towers with Radar,27,94,29,15,165,0,0,33,16,49,27,94,62,31,214,158,54,212,426
04/05/2002,BTV,VT,ANE,EN,Towers with Radar,23,89,27,15,154,0,0,50,3,53,23,89,77,18,207,128,12,140,347
04/06/2002,BTV,VT,ANE,EN,Towers with Radar,17,54,18,10,99,7,0,69,20,96,24,54,87,30,195,70,30,100,295
04/07/2002,BTV,VT,ANE,EN,Towers with Radar,16,65,18,1,100,0,13,110,0,123,16,78,128,1,223,156,6,162,385
04/08/2002,BTV,VT,ANE,EN,Towers with Radar,21,88,24,14,147,0,10,50,19,79,21,98,74,33,226,168,36,204,430
04/09/2002,BTV,VT,ANE,EN,Towers with Radar,23,96,29,16,164,0,0,14,8,22,23,96,43,24,186,108,32,140,326
04/10/2002,BTV,VT,ANE,EN,Towers with Radar,22,106,31,17,176,0,0,88,6,94,22,106,119,23,270,174,28,202,472
04/11/2002,BTV,VT,ANE,EN,Towers with Radar,26,103,28,16,173,0,13,80,22,115,26,116,108,38,288,134,44,178,466
04/12/2002,BTV,VT,ANE,EN,Towers with Radar,22,88,24,12,146,0,19,41,0,60,22,107,65,12,206,54,14,68,274
04/13/2002,BTV,VT,ANE,EN,Towers with Radar,20,61,21,7,109,9,0,23,0,32,29,61,44,7,141,102,0,102,243
04/14/2002,BTV,VT,ANE,EN,Towers with Radar,16,62,17,10,105,1,0,46,2,49,17,62,63,12,154,102,38,140,294
04/15/2002,BTV,VT,ANE,EN,Towers with Radar,19,96,26,15,156,0,8,26,11,45,19,104,52,26,201,84,4,88,289
04/16/2002,BTV,VT,ANE,EN,Towers with Radar,24,107,31,17,179,0,0,76,19,95,24,107,107,36,274,118,34,152,426
04/17/2002,BTV,VT,ANE,EN,Towers with Radar,25,97,27,15,164,0,5,49,5,59,25,102,76,20,223,97,20,117,340
04/18/2002,BTV,VT,ANE,EN,Towers with Radar,28,102,29,15,174,5,3,56,11,75,33,105,85,26,249,110,12,122,371
04/19/2002,BTV,VT,ANE,EN,Towers with Radar,21,84,23,13,141,0,5,19,11,35,21,89,42,24,176,60,16,76,252
04/20/2002,BTV,VT,ANE,EN,Towers with Radar,19,68,19,1,107,6,0,106,0,112,25,68,125,1,219,42,0,42,261
04/21/2002,BTV,VT,ANE,EN,Towers with Radar,16,57,16,0,89,3,26,42,0,71,19,83,58,0,160,62,0,62,222
04/22/2002,BTV,VT,ANE,EN,Towers with Radar,20,86,25,7,138,0,1,9,0,10,20,87,34,7,148,3,6,9,157
04/23/2002,BTV,VT,ANE,EN,Towers with Radar,25,92,26,13,156,1,6,39,9,55,26,98,65,22,211,90,4,94,305
04/24/2002,BTV,VT,ANE,EN,Towers with Radar,23,93,28,14,158,0,0,99,20,119,23,93,127,34,277,148,18,166,443
04/25/2002,BTV,VT,ANE,EN,Towers with Radar,23,91,26,13,153,0,10,14,0,24,23,101,40,13,177,10,18,28,205
04/26/2002,BTV,VT,ANE,EN,Towers with Radar,24,94,27,8,153,0,8,34,0,42,24,102,61,8,195,102,0,102,297
04/27/2002,BTV,VT,ANE,EN,Towers with Radar,19,63,20,10,112,2,0,101,2,105,21,63,121,12,217,54,0,54,271
04/28/2002,BTV,VT,ANE,EN,Towers with Radar,17,65,20,4,106,0,1,2,0,3,17,66,22,4,109,0,0,0,109
04/29/2002,BTV,VT,ANE,EN,Towers with Radar,23,85,25,6,139,0,12,0,0,12,23,97,25,6,151,80,2,82,233
04/30/2002,BTV,VT,ANE,EN,Towers with Radar,24,88,26,5,143,3,13,38,0,54,27,101,64,5,197,130,0,130,327
05/01/2002,BTV,VT,ANE,EN,Towers with Radar,21,91,30,8,150,3,2,37,0,42,24,93,67,8,192,158,6,164,356
05/02/2002,BTV,VT,ANE,EN,Towers with Radar,22,89,26,6,143,1,5,0,0,6,23,94,26,6,149,98,24,122,271
05/03/2002,BTV,VT,ANE,EN,Towers with Radar,22,90,29,4,145,3,13,20,0,36,25,103,49,4,181,58,8,66,247
05/04/2002,BTV,VT,ANE,EN,Towers with Radar,17,70,23,4,114,3,0,107,0,110,20,70,130,4,224,110,0,110,334
05/05/2002,BTV,VT,ANE,EN,Towers with Radar,14,63,19,6,102,5,6,91,0,102,19,69,110,6,204,142,2,144,348
05/06/2002,BTV,VT,ANE,EN,Towers with Radar,20,89,28,10,147,0,1,47,8,56,20,90,75,18,203,122,18,140,343
05/07/2002,BTV,VT,ANE,EN,Towers with Radar,20,95,30,8,153,0,9,19,0,28,20,104,49,8,181,46,0,46,227
05/08/2002,BTV,VT,ANE,EN,Towers with Radar,21,95,29,11,156,0,13,98,15,126,21,108,127,26,282,78,22,100,382
05/09/2002,BTV,VT,ANE,EN,Towers with Radar,22,99,31,8,160,0,10,9,0,19,22,109,40,8,179,24,38,62,241
05/10/2002,BTV,VT,ANE,EN,Towers with Radar,20,91,28,10,149,1,22,44,9,76,21,113,72,19,225,118,18,136,361
05/11/2002,BTV,VT,ANE,EN,Towers with Radar,17,67,22,5,111,3,0,96,0,99,20,67,118,5,210,187,12,199,409
05/12/2002,BTV,VT,ANE,EN,Towers with Radar,16,70,22,4,112,1,5,44,0,50,17,75,66,4,162,82,1,83,245
05/13/2002,BTV,VT,ANE,EN,Towers with Radar,21,87,28,7,143,7,0,16,0,23,28,87,44,7,166,0,0,0,166
05/14/2002,BTV,VT,ANE,EN,Towers with Radar,21,91,23,3,138,3,0,0,0,3,24,91,23,3,141,64,0,64,205
05/15/2002,BTV,VT,ANE,EN,Towers with Radar,22,99,31,12,164,0,0,28,4,32,22,99,59,16,196,54,16,70,266
05/16/2002,BTV,VT,ANE,EN,Towers with Radar,22,108,34,13,177,0,0,56,10,66,22,108,90,23,243,130,24,154,397
05/17/2002,BTV,VT,ANE,EN,Towers with Radar,23,120,37,13,193,0,1,90,24,115,23,121,127,37,308,166,40,206,514
05/18/2002,BTV,VT,ANE,EN,Towers with Radar,13,52,17,4,86,5,15,9,0,29,18,67,26,4,115,0,0,0,115
05/19/2002,BTV,VT,ANE,EN,Towers with Radar,14,70,23,6,113,0,9,95,0,104,14,79,118,6,217,58,6,64,281
05/20/2002,BTV,VT,ANE,EN,Towers with Radar,19,81,28,9,137,0,0,37,22,59,19,81,65,31,196,108,8,116,312
05/21/2002,BTV,VT,ANE,EN,Towers with Radar,24,92,32,10,158,5,0,34,13,52,29,92,66,23,210,154,12,166,376
05/22/2002,BTV,VT,ANE,EN,Towers with Radar,22,100,36,12,170,0,0,122,31,153,22,100,158,43,323,238,66,304,627
05/23/2002,BTV,VT,ANE,EN,Towers with Radar,22,104,34,11,171,0,4,102,26,132,22,108,136,37,303,120,36,156,459
05/24/2002,BTV,VT,ANE,EN,Towers with Radar,22,100,36,12,170,0,0,72,13,85,22,100,108,25,255,156,17,173,428
05/25/2002,BTV,VT,ANE,EN,Towers with Radar,15,60,21,7,103,4,0,140,13,157,19,60,161,20,260,148,12,160,420
05/26/2002,BTV,VT,ANE,EN,Towers with Radar,14,57,19,1,91,3,11,14,0,28,17,68,33,1,119,28,6,34,153
05/27/2002,BTV,VT,ANE,EN,Towers with Radar,19,81,26,9,135,0,0,120,6,126,19,81,146,15,261,62,4,66,327
05/28/2002,BTV,VT,ANE,EN,Towers with Radar,15,84,28,9,136,0,0,49,20,69,15,84,77,29,205,220,20,240,445
05/29/2002,BTV,VT,ANE,EN,Towers with Radar,22,97,32,11,162,0,0,49,20,69,22,97,81,31,231,74,34,108,339
05/30/2002,BTV,VT,ANE,EN,Towers with Radar,19,94,33,12,158,0,0,15,2,17,19,94,48,14,175,80,26,106,281
05/31/2002,BTV,VT,ANE,EN,Towers with Radar,20,80,28,10,138,0,0,10,9,19,20,80,38,19,157,18,10,28,185
06/01/2002,BTV,VT,ANE,EN,Towers with Radar,13,54,21,11,99,10,11,45,10,76,23,65,66,21,175,96,6,102,277
06/02/2002,BTV,VT,ANE,EN,Towers with Radar,15,67,26,11,119,2,1,52,5,60,17,68,78,16,179,50,0,50,229
06/03/2002,BTV,VT,ANE,EN,Towers with Radar,21,87,34,15,157,0,8,77,23,108,21,95,111,38,265,124,56,180,445
06/04/2002,BTV,VT,ANE,EN,Towers with Radar,20,83,32,15,150,1,5,77,28,111,21,88,109,43,261,108,54,162,423
06/05/2002,BTV,VT,ANE,EN,Towers with Radar,22,85,31,16,154,1,0,0,17,18,23,85,31,33,172,18,26,44,216
06/06/2002,BTV,VT,ANE,EN,Towers with Radar,22,89,35,16,162,0,12,45,23,80,22,101,80,39,242,112,12,124,366
06/07/2002,BTV,VT,ANE,EN,Towers with Radar,21,93,38,16,168,0,0,121,29,150,21,93,159,45,318,76,8,84,402
06/08/2002,BTV,VT,ANE,EN,Towers with Radar,15,63,24,11,113,4,2,71,28,105,19,65,95,39,218,76,30,106,324
06/09/2002,BTV,VT,ANE,EN,Towers with Radar,20,81,32,5,138,0,6,98,0,104,20,87,130,5,242,142,2,144,386
06/10/2002,BTV,VT,ANE,EN,Towers with Radar,17,71,28,12,128,3,13,60,3,79,20,84,88,15,207,106,14,120,327
06/11/2002,BTV,VT,ANE,EN,Towers with Radar,20,88,35,14,157,0,0,23,0,23,20,88,58,14,180,16,0,16,196
06/12/2002,BTV,VT,ANE,EN,Towers with Radar,22,94,37,17,170,0,0,8,3,11,22,94,45,20,181,12,10,22,203
06/13/2002,BTV,VT,ANE,EN,Towers with Radar,23,101,43,19,186,0,0,81,32,113,23,101,124,51,299,114,56,170,469
06/14/2002,BTV,VT,ANE,EN,Towers with Radar,19,100,39,18,176,0,0,84,10,94,19,100,123,28,270,140,16,156,426
06/15/2002,BTV,VT,ANE,EN,Towers with Radar,15,56,22,0,93,8,7,15,0,30,23,63,37,0,123,32,0,32,155
06/16/2002,BTV,VT,ANE,EN,Towers with Radar,15,58,23,0,96,4,12,5,0,21,19,70,28,0,117,10,0,10,127
06/17/2002,BTV,VT,ANE,EN,Towers with Radar,20,84,33,15,152,0,8,30,1,39,20,92,63,16,191,46,18,64,255
06/18/2002,BTV,VT,ANE,EN,Towers with Radar,24,89,37,17,167,1,0,62,17,80,25,89,99,34,247,88,10,98,345
06/19/2002,BTV,VT,ANE,EN,Towers with Radar,21,92,40,18,171,0,0,123,19,142,21,92,163,37,313,144,20,164,477
06/20/2002,BTV,VT,ANE,EN,Towers with Radar,23,92,36,16,167,0,15,101,8,124,23,107,137,24,291,66,12,78,369
06/21/2002,BTV,VT,ANE,EN,Towers with Radar,23,87,36,16,162,0,6,93,1,100,23,93,129,17,262,188,4,192,454
06/22/2002,BTV,VT,ANE,EN,Towers with Radar,23,73,34,1,131,0,1,0,0,1,23,74,34,1,132,4,0,4,136
06/23/2002,BTV,VT,ANE,EN,Towers with Radar,17,80,33,1,131,0,5,48,0,53,17,85,81,1,184,42,0,42,226
06/24/2002,BTV,VT,ANE,EN,Towers with Radar,21,81,33,14,149,1,0,115,22,138,22,81,148,36,287,120,62,182,469
06/25/2002,BTV,VT,ANE,EN,Towers with Radar,22,86,35,15,158,0,1,58,16,75,22,87,93,31,233,44,38,82,315
06/26/2002,BTV,VT,ANE,EN,Towers with Radar,21,87,40,17,165,0,0,13,15,28,21,87,53,32,193,60,16,76,269
06/27/2002,BTV,VT,ANE,EN,Towers with Radar,20,85,38,17,160,0,0,21,17,38,20,85,59,34,198,86,18,104,302
06/28/2002,BTV,VT,ANE,EN,Towers with Radar,22,99,40,18,179,0,2,83,4,89,22,101,123,22,268,104,6,110,378
06/29/2002,BTV,VT,ANE,EN,Towers with Radar,17,65,27,0,109,3,8,138,0,149,20,73,165,0,258,54,0,54,312
06/30/2002,BTV,VT,ANE,EN,Towers with Radar,15,58,24,0,97,4,14,107,0,125,19,72,131,0,222,36,0,36,258
07/01/2002,BTV,VT,ANE,EN,Towers with Radar,17,71,29,13,130,6,9,46,6,67,23,80,75,19,197,26,40,66,263
07/02/2002,BTV,VT,ANE,EN,Towers with Radar,20,91,37,16,164,0,3,42,30,75,20,94,79,46,239,24,12,36,275
07/03/2002,BTV,VT,ANE,EN,Towers with Radar,18,78,31,14,141,4,11,58,2,75,22,89,89,16,216,138,16,154,370
07/04/2002,BTV,VT,ANE,EN,Towers with Radar,12,52,20,6,90,5,17,38,0,60,17,69,58,6,150,22,32,54,204
07/05/2002,BTV,VT,ANE,EN,Towers with Radar,18,72,30,5,125,2,0,53,0,55,20,72,83,5,180,88,6,94,274
07/06/2002,BTV,VT,ANE,EN,Towers with Radar,18,67,29,11,125,2,0,73,0,75,20,67,102,11,200,148,0,148,348
07/07/2002,BTV,VT,ANE,EN,Towers with Radar,17,69,40,10,136,0,0,45,0,45,17,69,85,10,181,74,0,74,255
07/08/2002,BTV,VT,ANE,EN,Towers with Radar,20,85,33,15,153,0,21,67,1,89,20,106,100,16,242,88,8,96,338
07/09/2002,BTV,VT,ANE,EN,Towers with Radar,22,87,36,16,161,7,0,50,3,60,29,87,86,19,221,176,10,186,407
07/10/2002,BTV,VT,ANE,EN,Towers with Radar,19,80,32,13,144,2,12,68,10,92,21,92,100,23,236,114,14,128,364
07/11/2002,BTV,VT,ANE,EN,Towers with Radar,23,98,39,17,177,1,8,90,35,134,24,106,129,52,311,174,28,202,513
07/12/2002,BTV,VT,ANE,EN,Towers with Radar,22,93,37,16,168,1,0,149,2,152,23,93,186,18,320,164,8,172,492
07/13/2002,BTV,VT,ANE,EN,Towers with Radar,12,53,21,3,89,9,10,85,0,104,21,63,106,3,193,60,0,60,253
07/14/2002,BTV,VT,ANE,EN,Towers with Radar,15,60,24,4,103,2,15,79,0,96,17,75,103,4,199,36,6,42,241
07/15/2002,BTV,VT,ANE,EN,Towers with Radar,20,79,31,13,143,0,12,55,9,76,20,91,86,22,219,74,4,78,297
07/16/2002,BTV,VT,ANE,EN,Towers with Radar,24,93,42,19,178,0,0,61,15,76,24,93,103,34,254,248,12,260,514
07/17/2002,BTV,VT,ANE,EN,Towers with Radar,20,84,37,17,158,0,0,71,26,97,20,84,108,43,255,138,66,204,459
07/18/2002,BTV,VT,ANE,EN,Towers with Radar,22,95,44,19,180,0,0,34,4,38,22,95,78,23,218,76,0,76,294
07/19/2002,BTV,VT,ANE,EN,Towers with Radar,19,98,45,20,182,0,0,88,17,105,19,98,133,37,287,74,50,124,411
07/20/2002,BTV,VT,ANE,EN,Towers with Radar,16,63,26,3,108,4,11,122,0,137,20,74,148,3,245,76,0,76,321
07/21/2002,BTV,VT,ANE,EN,Towers with Radar,18,75,31,2,126,0,6,121,0,127,18,81,152,2,253,16,0,16,269
07/22/2002,BTV,VT,ANE,EN,Towers with Radar,21,88,36,15,160,0,0,36,30,66,21,88,72,45,226,2,34,36,262
07/23/2002,BTV,VT,ANE,EN,Towers with Radar,18,79,32,12,141,0,3,3,9,15,18,82,35,21,156,32,0,32,188
07/24/2002,BTV,VT,ANE,EN,Towers with Radar,20,88,38,15,161,0,0,81,33,114,20,88,119,48,275,148,72,220,495
07/25/2002,BTV,VT,ANE,EN,Towers with Radar,20,101,41,17,179,0,11,138,28,177,20,112,179,45,356,48,20,68,424
07/26/2002,BTV,VT,ANE,EN,Towers with Radar,21,96,39,17,173,0,10,95,11,116,21,106,134,28,289,88,20,108,397
07/27/2002,BTV,VT,ANE,EN,Towers with Radar,19,74,30,9,132,0,5,70,0,75,19,79,100,9,207,94,12,106,313
07/28/2002,BTV,VT,ANE,EN,Towers with Radar,18,78,33,2,131,0,0,35,0,35,18,78,68,2,166,34,0,34,200
07/29/2002,BTV,VT,ANE,EN,Towers with Radar,19,92,38,16,165,0,2,66,12,80,19,94,104,28,245,138,6,144,389
07/30/2002,BTV,VT,ANE,EN,Towers with Radar,21,85,35,15,156,1,12,52,16,81,22,97,87,31,237,86,6,92,329
07/31/2002,BTV,VT,ANE,EN,Towers with Radar,22,87,36,16,161,3,9,97,28,137,25,96,133,44,298,122,70,192,490
08/01/2002,BTV,VT,ANE,EN,Towers with Radar,25,113,46,18,202,0,12,81,8,101,25,125,127,26,303,8,16,24,327
08/02/2002,BTV,VT,ANE,EN,Towers with Radar,23,95,40,16,174,0,0,46,2,48,23,95,86,18,222,94,8,102,324
08/03/2002,BTV,VT,ANE,EN,Towers with Radar,20,78,34,14,146,2,0,91,0,93,22,78,125,14,239,118,4,122,361
08/04/2002,BTV,VT,ANE,EN,Towers with Radar,17,73,29,7,126,4,0,86,0,90,21,73,115,7,216,66,0,66,282
08/05/2002,BTV,VT,ANE,EN,Towers with Radar,18,76,30,12,136,1,0,38,9,48,19,76,68,21,184,168,22,190,374
08/06/2002,BTV,VT,ANE,EN,Towers with Radar,21,100,44,17,182,0,0,29,15,44,21,100,73,32,226,114,6,120,346
08/07/2002,BTV,VT,ANE,EN,Towers with Radar,20,94,36,14,164,0,1,114,9,124,20,95,150,23,288,178,20,198,486
08/08/2002,BTV,VT,ANE,EN,Towers with Radar,21,109,43,17,190,0,0,112,5,117,21,109,155,22,307,254,20,274,581
08/09/2002,BTV,VT,ANE,EN,Towers with Radar,21,91,35,14,161,0,4,186,8,198,21,95,221,22,359,150,34,184,543
08/10/2002,BTV,VT,ANE,EN,Towers with Radar,13,59,23,1,96,7,8,107,0,122,20,67,130,1,218,66,0,66,284
08/11/2002,BTV,VT,ANE,EN,Towers with Radar,17,74,28,1,120,3,8,86,0,97,20,82,114,1,217,26,14,40,257
08/12/2002,BTV,VT,ANE,EN,Towers with Radar,17,76,29,9,131,1,13,63,0,77,18,89,92,9,208,102,22,124,332
08/13/2002,BTV,VT,ANE,EN,Towers with Radar,20,98,38,15,171,0,4,25,17,46,20,102,63,32,217,76,18,94,311
08/14/2002,BTV,VT,ANE,EN,Towers with Radar,21,88,39,16,164,0,0,83,10,93,21,88,122,26,257,98,30,128,385
08/15/2002,BTV,VT,ANE,EN,Towers with Radar,22,109,43,17,191,0,0,43,10,53,22,109,86,27,244,74,62,136,380
08/16/2002,BTV,VT,ANE,EN,Towers with Radar,23,104,41,15,183,0,33,68,11,112,23,137,109,26,295,110,18,128,423
08/17/2002,BTV,VT,ANE,EN,Towers with Radar,15,59,23,1,98,7,14,97,0,118,22,73,120,1,216,114,0,114,330
08/18/2002,BTV,VT,ANE,EN,Towers with Radar,16,66,26,3,111,2,14,48,0,64,18,80,74,3,175,22,0,22,197
08/19/2002,BTV,VT,ANE,EN,Towers with Radar,18,87,35,11,151,0,14,71,0,85,18,101,106,11,236,126,2,128,364
08/20/2002,BTV,VT,ANE,EN,Towers with Radar,20,85,37,13,155,0,0,115,13,128,20,85,152,26,283,192,6,198,481
08/21/2002,BTV,VT,ANE,EN,Towers with Radar,21,87,36,12,156,0,0,134,19,153,21,87,170,31,309,148,52,200,509
08/22/2002,BTV,VT,ANE,EN,Towers with Radar,23,98,40,15,176,0,0,24,10,34,23,98,64,25,210,56,8,64,274
08/23/2002,BTV,VT,ANE,EN,Towers with Radar,22,89,36,13,160,1,17,105,7,130,23,106,141,20,290,136,24,160,450
08/24/2002,BTV,VT,ANE,EN,Towers with Radar,18,72,29,7,126,3,5,42,0,50,21,77,71,7,176,128,6,134,310
08/25/2002,BTV,VT,ANE,EN,Towers with Radar,17,68,28,2,115,1,16,85,0,102,18,84,113,2,217,60,0,60,277
08/26/2002,BTV,VT,ANE,EN,Towers with Radar,18,75,30,11,134,1,6,107,3,117,19,81,137,14,251,74,26,100,351
08/27/2002,BTV,VT,ANE,EN,Towers with Radar,21,93,37,13,164,0,9,74,7,90,21,102,111,20,254,52,16,68,322
08/28/2002,BTV,VT,ANE,EN,Towers with Radar,21,91,37,14,163,0,15,77,10,102,21,106,114,24,265,80,47,127,392
08/29/2002,BTV,VT,ANE,EN,Towers with Radar,24,98,43,17,182,0,0,52,26,78,24,98,95,43,260,98,64,162,422
08/30/2002,BTV,VT,ANE,EN,Towers with Radar,23,101,40,16,180,0,5,116,25,146,23,106,156,41,326,172,34,206,532
08/31/2002,BTV,VT,ANE,EN,Towers with Radar,16,65,27,3,111,6,0,128,0,134,22,65,155,3,245,76,0,76,321
09/01/2002,BTV,VT,ANE,EN,Towers with Radar,13,48,20,0,81,5,12,61,0,78,18,60,81,0,159,48,0,48,207
09/02/2002,BTV,VT,ANE,EN,Towers with Radar,18,75,33,0,126,0,0,120,0,120,18,75,153,0,246,56,0,56,302
09/03/2002,BTV,VT,ANE,EN,Towers with Radar,21,88,38,14,161,4,0,43,16,63,25,88,81,30,224,32,154,186,410
09/04/2002,BTV,VT,ANE,EN,Towers with Radar,23,92,39,15,169,0,0,51,13,64,23,92,90,28,233,50,12,62,295
09/05/2002,BTV,VT,ANE,EN,Towers with Radar,22,87,38,14,161,0,0,61,13,74,22,87,99,27,235,42,30,72,307
09/06/2002,BTV,VT,ANE,EN,Towers with Radar,21,85,35,13,154,0,10,100,10,120,21,95,135,23,274,106,22,128,402
09/07/2002,BTV,VT,ANE,EN,Towers with Radar,16,64,26,10,116,9,9,98,8,124,25,73,124,18,240,58,19,77,317
09/08/2002,BTV,VT,ANE,EN,Towers with Radar,16,64,26,7,113,1,11,106,0,118,17,75,132,7,231,72,0,72,303
09/09/2002,BTV,VT,ANE,EN,Towers with Radar,19,81,33,12,145,1,5,66,2,74,20,86,99,14,219,132,18,150,369
09/10/2002,BTV,VT,ANE,EN,Towers with Radar,24,105,43,15,187,0,2,55,31,88,24,107,98,46,275,114,48,162,437
09/11/2002,BTV,VT,ANE,EN,Towers with Radar,21,85,31,13,150,1,1,0,4,6,22,86,31,17,156,10,0,10,166
09/12/2002,BTV,VT,ANE,EN,Towers with Radar,21,98,40,15,174,0,2,66,3,71,21,100,106,18,245,150,8,158,403
09/13/2002,BTV,VT,ANE,EN,Towers with Radar,22,89,36,13,160,4,4,53,9,70,26,93,89,22,230,154,12,166,396
09/14/2002,BTV,VT,ANE,EN,Towers with Radar,14,59,25,9,107,5,8,87,0,100,19,67,112,9,207,166,6,172,379
09/15/2002,BTV,VT,ANE,EN,Towers with Radar,16,79,18,4,117,1,0,3,0,4,17,79,21,4,121,12,0,12,133
09/16/2002,BTV,VT,ANE,EN,Towers with Radar,23,83,40,15,161,0,0,48,2,50,23,83,88,17,211,36,16,52,263
09/17/2002,BTV,VT,ANE,EN,Towers with Radar,25,109,44,17,195,0,0,43,14,57,25,109,87,31,252,76,28,104,356
09/18/2002,BTV,VT,ANE,EN,Towers with Radar,22,102,41,16,181,0,6,99,9,114,22,108,140,25,295,62,28,90,385
09/19/2002,BTV,VT,ANE,EN,Towers with Radar,25,98,39,15,177,0,3,86,3,92,25,101,125,18,269,60,48,108,377
09/20/2002,BTV,VT,ANE,EN,Towers with Radar,23,106,42,15,186,0,2,44,8,54,23,108,86,23,240,184,2,186,426
09/21/2002,BTV,VT,ANE,EN,Towers with Radar,16,64,26,1,107,6,3,35,0,44,22,67,61,1,151,126,0,126,277
09/22/2002,BTV,VT,ANE,EN,Towers with Radar,21,76,34,0,131,0,0,27,0,27,21,76,61,0,158,6,0,6,164
09/23/2002,BTV,VT,ANE,EN,Towers with Radar,19,81,33,11,144,0,7,59,6,72,19,88,92,17,216,168,10,178,394
09/24/2002,BTV,VT,ANE,EN,Towers with Radar,24,93,38,13,168,1,9,85,4,99,25,102,123,17,267,150,2,152,419
09/25/2002,BTV,VT,ANE,EN,Towers with Radar,22,91,37,13,163,0,7,101,7,115,22,98,138,20,278,150,22,172,450
09/26/2002,BTV,VT,ANE,EN,Towers with Radar,21,106,43,15,185,0,1,48,25,74,21,107,91,40,259,128,66,194,453
09/27/2002,BTV,VT,ANE,EN,Towers with Radar,23,102,42,9,176,0,0,17,0,17,23,102,59,9,193,32,56,88,281
09/28/2002,BTV,VT,ANE,EN,Towers with Radar,18,69,28,7,122,2,8,44,0,54,20,77,72,7,176,56,6,62,238
09/29/2002,BTV,VT,ANE,EN,Towers with Radar,18,82,33,10,143,0,2,133,0,135,18,84,166,10,278,164,8,172,450
09/30/2002,BTV,VT,ANE,EN,Towers with Radar,18,82,33,13,146,0,1,22,4,27,18,83,55,17,173,70,36,106,279
10/01/2002,BTV,VT,ANE,EN,Towers with Radar,24,89,33,16,162,1,14,28,12,55,25,103,61,28,217,104,26,130,347
10/02/2002,BTV,VT,ANE,EN,Towers with Radar,24,91,34,14,163,0,12,13,9,34,24,103,47,23,197,132,40,172,369
10/03/2002,BTV,VT,ANE,EN,Towers with Radar,24,101,39,18,182,0,0,54,8,62,24,101,93,26,244,160,6,166,410
10/04/2002,BTV,VT,ANE,EN,Towers with Radar,24,110,44,20,198,0,0,31,14,45,24,110,75,34,243,186,24,210,453
10/05/2002,BTV,VT,ANE,EN,Towers with Radar,18,67,26,12,123,5,0,44,16,65,23,67,70,28,188,33,24,57,245
10/06/2002,BTV,VT,ANE,EN,Towers with Radar,18,80,31,6,135,0,0,140,0,140,18,80,171,6,275,54,0,54,329
10/07/2002,BTV,VT,ANE,EN,Towers with Radar,19,74,28,12,133,0,1,26,6,33,19,75,54,18,166,78,0,78,244
10/08/2002,BTV,VT,ANE,EN,Towers with Radar,22,89,37,16,164,0,0,109,19,128,22,89,146,35,292,114,16,130,422
10/09/2002,BTV,VT,ANE,EN,Towers with Radar,22,89,36,16,163,0,0,44,40,84,22,89,80,56,247,20,122,142,389
10/10/2002,BTV,VT,ANE,EN,Towers with Radar,21,92,33,14,160,0,5,67,17,89,21,97,100,31,249,62,22,84,333
10/11/2002,BTV,VT,ANE,EN,Towers with Radar,24,91,43,19,177,0,0,76,0,76,24,91,119,19,253,124,54,178,431
10/12/2002,BTV,VT,ANE,EN,Towers with Radar,17,63,23,4,107,2,0,76,0,78,19,63,99,4,185,204,0,204,389
10/13/2002,BTV,VT,ANE,EN,Towers with Radar,18,72,26,4,120,1,7,28,0,36,19,79,54,4,156,60,12,72,228
10/14/2002,BTV,VT,ANE,EN,Towers with Radar,17,78,28,0,123,0,11,96,0,107,17,89,124,0,230,152,0,152,382
10/15/2002,BTV,VT,ANE,EN,Towers with Radar,21,82,29,13,145,1,5,85,20,111,22,87,114,33,256,136,44,180,436
10/16/2002,BTV,VT,ANE,EN,Towers with Radar,17,68,24,4,113,5,11,4,0,20,22,79,28,4,133,42,0,42,175
10/17/2002,BTV,VT,ANE,EN,Towers with Radar,22,79,34,16,151,0,0,46,4,50,22,79,80,20,201,150,18,168,369
10/18/2002,BTV,VT,ANE,EN,Towers with Radar,22,82,30,14,148,0,0,67,3,70,22,82,97,17,218,178,12,190,408
10/19/2002,BTV,VT,ANE,EN,Towers with Radar,14,54,19,4,91,6,6,0,0,12,20,60,19,4,103,0,0,0,103
10/20/2002,BTV,VT,ANE,EN,Towers with Radar,17,66,24,4,111,2,0,38,0,40,19,66,62,4,151,2,0,2,153
10/21/2002,BTV,VT,ANE,EN,Towers with Radar,20,80,29,14,143,0,0,70,2,72,20,80,99,16,215,110,20,130,345
10/22/2002,BTV,VT,ANE,EN,Towers with Radar,21,81,29,13,144,4,4,67,22,97,25,85,96,35,241,129,34,163,404
10/23/2002,BTV,VT,ANE,EN,Towers with Radar,22,80,29,13,144,1,12,52,15,80,23,92,81,28,224,158,40,198,422
10/24/2002,BTV,VT,ANE,EN,Towers with Radar,21,76,27,12,136,1,10,67,20,98,22,86,94,32,234,124,14,138,372
10/25/2002,BTV,VT,ANE,EN,Towers with Radar,21,77,28,12,138,2,15,95,6,118,23,92,123,18,256,140,14,154,410
10/26/2002,BTV,VT,ANE,EN,Towers with Radar,20,59,18,4,101,1,2,2,0,5,21,61,20,4,106,0,0,0,106
10/27/2002,BTV,VT,ANE,EN,Towers with Radar,15,56,21,0,92,2,7,36,0,45,17,63,57,0,137,38,0,38,175
10/28/2002,BTV,VT,ANE,EN,Towers with Radar,18,64,24,11,117,2,10,38,1,51,20,74,62,12,168,106,22,128,296
10/29/2002,BTV,VT,ANE,EN,Towers with Radar,23,85,32,14,154,2,4,77,1,84,25,89,109,15,238,144,0,144,382
10/30/2002,BTV,VT,ANE,EN,Towers with Radar,21,75,28,12,136,1,8,41,13,63,22,83,69,25,199,58,20,78,277
10/31/2002,BTV,VT,ANE,EN,Towers with Radar,21,75,28,12,136,0,17,68,12,97,21,92,96,24,233,152,16,168,401
11/01/2002,BTV,VT,ANE,EN,Towers with Radar,21,78,27,8,134,0,0,8,0,8,21,78,35,8,142,12,0,12,154
11/02/2002,BTV,VT,ANE,EN,Towers with Radar,13,49,16,6,84,7,5,41,2,55,20,54,57,8,139,104,0,104,243
11/03/2002,BTV,VT,ANE,EN,Towers with Radar,18,67,23,8,116,0,0,79,0,79,18,67,102,8,195,26,0,26,221
11/04/2002,BTV,VT,ANE,EN,Towers with Radar,18,68,22,4,112,3,2,8,0,13,21,70,30,4,125,54,6,60,185
11/05/2002,BTV,VT,ANE,EN,Towers with Radar,21,89,30,11,151,0,0,41,2,43,21,89,71,13,194,196,0,196,390
11/06/2002,BTV,VT,ANE,EN,Towers with Radar,19,80,17,9,125,0,0,0,17,17,19,80,17,26,142,22,68,90,232
11/07/2002,BTV,VT,ANE,EN,Towers with Radar,21,77,26,9,133,0,0,38,9,47,21,77,64,18,180,158,20,178,358
11/08/2002,BTV,VT,ANE,EN,Towers with Radar,21,78,25,7,131,2,3,45,0,50,23,81,70,7,181,8,6,14,195
11/09/2002,BTV,VT,ANE,EN,Towers with Radar,18,63,21,7,109,4,0,125,3,132,22,63,146,10,241,134,0,134,375
11/10/2002,BTV,VT,ANE,EN,Towers with Radar,16,59,19,3,97,0,5,39,0,44,16,64,58,3,141,12,0,12,153
11/11/2002,BTV,VT,ANE,EN,Towers with Radar,17,64,21,0,102,4,14,12,0,30,21,78,33,0,132,58,0,58,190
11/12/2002,BTV,VT,ANE,EN,Towers with Radar,20,82,28,11,141,0,0,32,4,36,20,82,60,15,177,104,16,120,297
11/13/2002,BTV,VT,ANE,EN,Towers with Radar,20,98,32,11,161,0,3,8,10,21,20,101,40,21,182,86,36,122,304
11/14/2002,BTV,VT,ANE,EN,Towers with Radar,18,92,33,12,155,0,0,99,26,125,18,92,132,38,280,58,40,98,378
11/15/2002,BTV,VT,ANE,EN,Towers with Radar,22,87,30,11,150,0,0,14,1,15,22,87,44,12,165,10,4,14,179
11/16/2002,BTV,VT,ANE,EN,Towers with Radar,14,51,16,3,84,6,6,41,0,53,20,57,57,3,137,98,0,98,235
11/17/2002,BTV,VT,ANE,EN,Towers with Radar,14,51,10,0,75,5,0,0,0,5,19,51,10,0,80,0,0,0,80
11/18/2002,BTV,VT,ANE,EN,Towers with Radar,17,66,18,2,103,3,9,0,0,12,20,75,18,2,115,6,4,10,125
11/19/2002,BTV,VT,ANE,EN,Towers with Radar,21,78,24,10,133,4,2,24,0,30,25,80,48,10,163,66,12,78,241
11/20/2002,BTV,VT,ANE,EN,Towers with Radar,19,84,27,11,141,0,0,34,8,42,19,84,61,19,183,124,62,186,369
11/21/2002,BTV,VT,ANE,EN,Towers with Radar,20,98,30,12,160,0,5,42,8,55,20,103,72,20,215,136,30,166,381
11/22/2002,BTV,VT,ANE,EN,Towers with Radar,18,87,32,11,148,0,0,31,27,58,18,87,63,38,206,130,108,238,444
11/23/2002,BTV,VT,ANE,EN,Towers with Radar,20,54,7,1,82,1,0,0,0,1,21,54,7,1,83,0,0,0,83
11/24/2002,BTV,VT,ANE,EN,Towers with Radar,15,52,17,3,87,4,7,19,0,30,19,59,36,3,117,32,0,32,149
11/25/2002,BTV,VT,ANE,EN,Towers with Radar,24,83,27,9,143,1,4,31,13,49,25,87,58,22,192,136,42,178,370
11/26/2002,BTV,VT,ANE,EN,Towers with Radar,24,86,30,11,151,0,0,25,8,33,24,86,55,19,184,76,22,98,282
11/27/2002,BTV,VT,ANE,EN,Towers with Radar,22,79,22,10,133,1,5,0,6,12,23,84,22,16,145,28,8,36,181
11/28/2002,BTV,VT,ANE,EN,Towers with Radar,12,43,14,0,69,5,12,12,0,29,17,55,26,0,98,32,0,32,130
11/29/2002,BTV,VT,ANE,EN,Towers with Radar,16,58,17,0,91,2,1,0,0,3,18,59,17,0,94,8,0,8,102
11/30/2002,BTV,VT,ANE,EN,Towers with Radar,14,50,17,0,81,5,6,23,0,34,19,56,40,0,115,106,0,106,221
12/01/2002,BTV,VT,ANE,EN,Towers with Radar,19,68,20,1,108,0,4,30,0,34,19,72,50,1,142,4,0,4,146
12/02/2002,BTV,VT,ANE,EN,Towers with Radar,18,71,21,2,112,1,4,10,0,15,19,75,31,2,127,50,0,50,177
12/03/2002,BTV,VT,ANE,EN,Towers with Radar,20,78,23,14,135,4,3,36,6,49,24,81,59,20,184,30,34,64,248
12/04/2002,BTV,VT,ANE,EN,Towers with Radar,19,82,25,14,140,0,3,82,16,101,19,85,107,30,241,98,26,124,365
12/05/2002,BTV,VT,ANE,EN,Towers with Radar,19,76,28,16,139,0,0,31,33,64,19,76,59,49,203,104,78,182,385
12/06/2002,BTV,VT,ANE,EN,Towers with Radar,23,78,28,16,145,0,0,48,14,62,23,78,76,30,207,28,22,50,257
12/07/2002,BTV,VT,ANE,EN,Towers with Radar,15,55,17,10,97,3,0,17,18,38,18,55,34,28,135,60,30,90,225
12/08/2002,BTV,VT,ANE,EN,Towers with Radar,17,64,19,0,100,1,1,4,0,6,18,65,23,0,106,6,0,6,112
12/09/2002,BTV,VT,ANE,EN,Towers with Radar,20,79,25,14,138,0,7,47,6,60,20,86,72,20,198,54,8,62,260
12/10/2002,BTV,VT,ANE,EN,Towers with Radar,22,88,28,15,153,0,0,52,9,61,22,88,80,24,214,168,30,198,412
12/11/2002,BTV,VT,ANE,EN,Towers with Radar,20,78,24,14,136,0,2,60,12,74,20,80,84,26,210,172,24,196,406
12/12/2002,BTV,VT,ANE,EN,Towers with Radar,22,88,27,10,147,0,7,2,0,9,22,95,29,10,156,12,0,12,168
12/13/2002,BTV,VT,ANE,EN,Towers with Radar,19,84,45,15,163,1,1,2,0,4,20,85,47,15,167,0,0,0,167
12/14/2002,BTV,VT,ANE,EN,Towers with Radar,17,55,7,3,82,1,1,0,0,2,18,56,7,3,84,0,0,0,84
12/15/2002,BTV,VT,ANE,EN,Towers with Radar,17,64,20,10,111,2,9,42,0,53,19,73,62,10,164,52,20,72,236
12/16/2002,BTV,VT,ANE,EN,Towers with Radar,20,88,29,16,153,0,0,1,2,3,20,88,30,18,156,0,0,0,156
12/17/2002,BTV,VT,ANE,EN,Towers with Radar,21,92,29,16,158,0,0,60,19,79,21,92,89,35,237,168,20,188,425
12/18/2002,BTV,VT,ANE,EN,Towers with Radar,21,96,30,16,163,0,1,75,21,97,21,97,105,37,260,130,46,176,436
12/19/2002,BTV,VT,ANE,EN,Towers with Radar,22,86,28,14,150,0,0,59,8,67,22,86,87,22,217,128,12,140,357
12/20/2002,BTV,VT,ANE,EN,Towers with Radar,19,93,23,8,143,1,1,0,1,3,20,94,23,9,146,24,12,36,182
12/21/2002,BTV,VT,ANE,EN,Towers with Radar,15,57,17,1,90,5,6,38,0,49,20,63,55,1,139,126,0,126,265
12/22/2002,BTV,VT,ANE,EN,Towers with Radar,16,56,18,3,93,2,8,27,0,37,18,64,45,3,130,54,0,54,184
12/23/2002,BTV,VT,ANE,EN,Towers with Radar,20,81,27,13,141,0,0,17,27,44,20,81,44,40,185,94,24,118,303
12/24/2002,BTV,VT,ANE,EN,Towers with Radar,20,77,24,3,124,0,10,16,0,26,20,87,40,3,150,70,0,70,220
12/25/2002,BTV,VT,ANE,EN,Towers with Radar,19,45,0,4,68,0,2,0,0,2,19,47,0,4,70,0,0,0,70
12/26/2002,BTV,VT,ANE,EN,Towers with Radar,22,80,25,0,127,1,2,22,0,25,23,82,47,0,152,22,0,22,174
12/27/2002,BTV,VT,ANE,EN,Towers with Radar,19,74,23,0,116,0,1,85,0,86,19,75,108,0,202,155,0,155,357
12/28/2002,BTV,VT,ANE,EN,Towers with Radar,15,55,18,0,88,5,0,49,0,54,20,55,67,0,142,54,0,54,196
12/29/2002,BTV,VT,ANE,EN,Towers with Radar,17,59,19,0,95,0,12,55,0,67,17,71,74,0,162,46,0,46,208
12/30/2002,BTV,VT,ANE,EN,Towers with Radar,20,76,25,13,134,0,0,67,1,68,20,76,92,14,202,62,14,76,278
12/31/2002,BTV,VT,ANE,EN,Towers with Radar,17,63,5,0,85,4,15,0,0,19,21,78,5,0,104,10,0,10,114
01/01/2003,BTV,VT,ANE,EN,Towers with Radar,15,59,16,0,90,3,11,37,0,51,18,70,53,0,141,28,0,28,169
01/02/2003,BTV,VT,ANE,EN,Towers with Radar,18,71,21,8,118,4,0,47,0,51,22,71,68,8,169,82,6,88,257
01/03/2003,BTV,VT,ANE,EN,Towers with Radar,17,65,19,2,103,5,0,16,0,21,22,65,35,2,124,152,0,152,276
01/04/2003,BTV,VT,ANE,EN,Towers with Radar,8,33,14,0,55,2,0,0,0,2,10,33,14,0,57,0,0,0,57
01/05/2003,BTV,VT,ANE,EN,Towers with Radar,15,59,17,8,99,1,0,14,3,18,16,59,31,11,117,6,46,52,169
01/06/2003,BTV,VT,ANE,EN,Towers with Radar,18,74,22,11,125,0,0,5,28,33,18,74,27,39,158,10,44,54,212
01/07/2003,BTV,VT,ANE,EN,Towers with Radar,21,88,25,13,147,0,0,17,14,31,21,88,42,27,178,30,20,50,228
01/08/2003,BTV,VT,ANE,EN,Towers with Radar,21,92,15,13,141,1,3,0,5,9,22,95,15,18,150,4,6,10,160
01/09/2003,BTV,VT,ANE,EN,Towers with Radar,20,79,23,12,134,0,0,12,17,29,20,79,35,29,163,34,12,46,209
01/10/2003,BTV,VT,ANE,EN,Towers with Radar,20,85,25,12,142,0,0,32,7,39,20,85,57,19,181,58,38,96,277
01/11/2003,BTV,VT,ANE,EN,Towers with Radar,13,52,15,3,83,4,0,7,0,11,17,52,22,3,94,56,0,56,150
01/12/2003,BTV,VT,ANE,EN,Towers with Radar,15,61,17,3,96,0,0,35,0,35,15,61,52,3,131,66,0,66,197
01/13/2003,BTV,VT,ANE,EN,Towers with Radar,17,79,28,5,129,1,0,4,1,6,18,79,32,6,135,6,0,6,141
01/14/2003,BTV,VT,ANE,EN,Towers with Radar,20,86,24,12,142,0,0,40,23,63,20,86,64,35,205,56,22,78,283
01/15/2003,BTV,VT,ANE,EN,Towers with Radar,19,80,21,9,129,1,15,11,0,27,20,95,32,9,156,62,0,62,218
01/16/2003,BTV,VT,ANE,EN,Towers with Radar,18,90,23,11,142,0,0,38,14,52,18,90,61,25,194,42,20,62,256
01/17/2003,BTV,VT,ANE,EN,Towers with Radar,20,95,25,4,144,0,2,32,0,34,20,97,57,4,178,92,16,108,286
01/18/2003,BTV,VT,ANE,EN,Towers with Radar,14,53,14,1,82,5,0,67,0,72,19,53,81,1,154,102,0,102,256
01/19/2003,BTV,VT,ANE,EN,Towers with Radar,14,53,14,0,81,3,15,7,0,25,17,68,21,0,106,38,0,38,144
01/20/2003,BTV,VT,ANE,EN,Towers with Radar,17,82,21,0,120,0,6,32,0,38,17,88,53,0,158,70,0,70,228
01/21/2003,BTV,VT,ANE,EN,Towers with Radar,20,87,23,11,141,0,0,22,10,32,20,87,45,21,173,54,8,62,235
01/22/2003,BTV,VT,ANE,EN,Towers with Radar,20,76,11,4,111,0,6,21,3,30,20,82,32,7,141,70,0,70,211
01/23/2003,BTV,VT,ANE,EN,Towers with Radar,21,81,21,9,132,0,4,5,0,9,21,85,26,9,141,0,8,8,149
01/24/2003,BTV,VT,ANE,EN,Towers with Radar,20,81,20,3,124,1,10,29,0,40,21,91,49,3,164,36,0,36,200
01/25/2003,BTV,VT,ANE,EN,Towers with Radar,14,55,14,1,84,5,7,22,0,34,19,62,36,1,118,118,0,118,236
01/26/2003,BTV,VT,ANE,EN,Towers with Radar,17,49,10,4,80,0,1,1,0,2,17,50,11,4,82,0,0,0,82
01/27/2003,BTV,VT,ANE,EN,Towers with Radar,20,77,20,4,121,0,10,25,0,35,20,87,45,4,156,24,16,40,196
01/28/2003,BTV,VT,ANE,EN,Towers with Radar,20,80,21,10,131,0,1,21,1,23,20,81,42,11,154,46,14,60,214
01/29/2003,BTV,VT,ANE,EN,Towers with Radar,18,78,21,7,124,0,11,14,0,25,18,89,35,7,149,76,6,82,231
01/30/2003,BTV,VT,ANE,EN,Towers with Radar,20,96,27,13,156,0,0,54,6,60,20,96,81,19,216,66,38,104,320
01/31/2003,BTV,VT,ANE,EN,Towers with Radar,20,87,27,13,147,0,0,64,4,68,20,87,91,17,215,115,32,147,362
02/01/2003,BTV,VT,ANE,EN,Towers with Radar,8,48,16,10,82,11,0,6,1,18,19,48,22,11,100,72,6,78,178
02/02/2003,BTV,VT,ANE,EN,Towers with Radar,15,64,22,6,107,2,0,0,0,2,17,64,22,6,109,0,0,0,109
02/03/2003,BTV,VT,ANE,EN,Towers with Radar,10,77,22,12,121,8,3,66,1,78,18,80,88,13,199,68,22,90,289
02/04/2003,BTV,VT,ANE,EN,Towers with Radar,9,70,11,2,92,10,1,0,0,11,19,71,11,2,103,0,0,0,103
02/05/2003,BTV,VT,ANE,EN,Towers with Radar,13,86,26,12,137,7,0,21,0,28,20,86,47,12,165,56,20,76,241
02/06/2003,BTV,VT,ANE,EN,Towers with Radar,12,93,26,14,145,7,1,21,9,38,19,94,47,23,183,54,8,62,245
02/07/2003,BTV,VT,ANE,EN,Towers with Radar,11,83,23,11,128,11,0,0,0,11,22,83,23,11,139,0,6,6,145
02/08/2003,BTV,VT,ANE,EN,Towers with Radar,9,62,19,4,94,8,0,67,0,75,17,62,86,4,169,116,0,116,285
02/09/2003,BTV,VT,ANE,EN,Towers with Radar,9,77,20,0,106,0,4,29,0,33,9,81,49,0,139,20,0,20,159
02/10/2003,BTV,VT,ANE,EN,Towers with Radar,11,76,20,8,115,1,11,22,0,34,12,87,42,8,149,66,10,76,225
02/11/2003,BTV,VT,ANE,EN,Towers with Radar,13,95,28,15,151,0,0,28,4,32,13,95,56,19,183,46,2,48,231
02/12/2003,BTV,VT,ANE,EN,Towers with Radar,11,100,17,14,142,0,6,0,10,16,11,106,17,24,158,0,18,18,176
02/13/2003,BTV,VT,ANE,EN,Towers with Radar,10,94,28,15,147,0,0,33,14,47,10,94,61,29,194,40,62,102,296
02/14/2003,BTV,VT,ANE,EN,Towers with Radar,10,102,27,5,144,0,7,43,0,50,10,109,70,5,194,20,0,20,214
02/15/2003,BTV,VT,ANE,EN,Towers with Radar,8,55,15,7,85,0,12,24,0,36,8,67,39,7,121,18,0,18,139
02/16/2003,BTV,VT,ANE,EN,Towers with Radar,7,60,16,1,84,0,6,27,0,33,7,66,43,1,117,2,0,2,119
02/17/2003,BTV,VT,ANE,EN,Towers with Radar,5,49,13,0,67,0,0,36,0,36,5,49,49,0,103,16,0,16,119
02/18/2003,BTV,VT,ANE,EN,Towers with Radar,11,80,23,13,127,0,0,1,0,1,11,80,24,13,128,0,0,0,128
02/19/2003,BTV,VT,ANE,EN,Towers with Radar,14,108,31,16,169,0,0,47,22,69,14,108,78,38,238,34,56,90,328
02/20/2003,BTV,VT,ANE,EN,Towers with Radar,10,110,29,15,164,0,8,68,16,92,10,118,97,31,256,52,32,84,340
02/21/2003,BTV,VT,ANE,EN,Towers with Radar,11,95,26,14,146,0,14,88,6,108,11,109,114,20,254,46,16,62,316
02/22/2003,BTV,VT,ANE,EN,Towers with Radar,8,52,14,8,82,0,6,4,6,16,8,58,18,14,98,52,20,72,170
02/23/2003,BTV,VT,ANE,EN,Towers with Radar,10,46,14,0,70,0,1,1,0,2,10,47,15,0,72,0,0,0,72
02/24/2003,BTV,VT,ANE,EN,Towers with Radar,9,86,23,13,131,0,10,24,10,44,9,96,47,23,175,12,32,44,219
02/25/2003,BTV,VT,ANE,EN,Towers with Radar,11,87,26,14,138,0,0,7,23,30,11,87,33,37,168,74,42,116,284
02/26/2003,BTV,VT,ANE,EN,Towers with Radar,10,92,26,14,142,0,11,30,3,44,10,103,56,17,186,38,0,38,224
02/27/2003,BTV,VT,ANE,EN,Towers with Radar,11,92,26,14,143,0,13,39,15,67,11,105,65,29,210,74,8,82,292
02/28/2003,BTV,VT,ANE,EN,Towers with Radar,10,105,30,14,159,0,1,68,0,69,10,106,98,14,228,44,18,62,290
03/01/2003,BTV,VT,ANE,EN,Towers with Radar,5,64,18,5,92,3,13,48,0,64,8,77,66,5,156,54,0,54,210
03/02/2003,BTV,VT,ANE,EN,Towers with Radar,4,89,16,0,109,2,1,0,2,5,6,90,16,2,114,0,0,0,114
03/03/2003,BTV,VT,ANE,EN,Towers with Radar,7,82,22,3,114,2,8,11,0,21,9,90,33,3,135,16,0,16,151
03/04/2003,BTV,VT,ANE,EN,Towers with Radar,8,100,26,15,149,3,0,11,7,21,11,100,37,22,170,104,8,112,282
03/05/2003,BTV,VT,ANE,EN,Towers with Radar,8,102,10,8,128,2,0,0,0,2,10,102,10,8,130,26,6,32,162
03/06/2003,BTV,VT,ANE,EN,Towers with Radar,9,94,28,16,147,3,0,27,33,63,12,94,55,49,210,20,58,78,288
03/07/2003,BTV,VT,ANE,EN,Towers with Radar,9,99,25,7,140,1,10,43,0,54,10,109,68,7,194,40,12,52,246
03/08/2003,BTV,VT,ANE,EN,Towers with Radar,7,70,18,11,106,1,7,58,3,69,8,77,76,14,175,100,14,114,289
03/09/2003,BTV,VT,ANE,EN,Towers with Radar,7,72,18,3,100,1,17,0,0,18,8,89,18,3,118,12,0,12,130
03/10/2003,BTV,VT,ANE,EN,Towers with Radar,8,92,24,15,139,0,0,14,16,30,8,92,38,31,169,32,52,84,253
03/11/2003,BTV,VT,ANE,EN,Towers with Radar,10,103,26,16,155,0,0,30,16,46,10,103,56,32,201,40,48,88,289
03/12/2003,BTV,VT,ANE,EN,Towers with Radar,10,113,29,17,169,0,0,7,9,16,10,113,36,26,185,64,22,86,271
03/13/2003,BTV,VT,ANE,EN,Towers with Radar,10,102,27,16,155,0,0,41,27,68,10,102,68,43,223,28,40,68,291
03/14/2003,BTV,VT,ANE,EN,Towers with Radar,10,96,24,7,137,0,8,76,0,84,10,104,100,7,221,72,0,72,293
03/15/2003,BTV,VT,ANE,EN,Towers with Radar,5,57,15,0,77,3,10,59,0,72,8,67,74,0,149,38,0,38,187
03/16/2003,BTV,VT,ANE,EN,Towers with Radar,6,75,19,8,108,0,7,83,0,90,6,82,102,8,198,84,0,84,282
03/17/2003,BTV,VT,ANE,EN,Towers with Radar,8,90,24,14,136,0,0,40,8,48,8,90,64,22,184,42,20,62,246
03/18/2003,BTV,VT,ANE,EN,Towers with Radar,8,92,24,14,138,0,0,41,19,60,8,92,65,33,198,59,24,83,281
03/19/2003,BTV,VT,ANE,EN,Towers with Radar,9,108,28,17,162,0,0,81,6,87,9,108,109,23,249,58,50,108,357
03/20/2003,BTV,VT,ANE,EN,Towers with Radar,11,95,17,9,132,0,2,1,3,6,11,97,18,12,138,12,6,18,156
03/21/2003,BTV,VT,ANE,EN,Towers with Radar,10,103,26,15,154,0,1,47,8,56,10,104,73,23,210,86,30,116,326
03/22/2003,BTV,VT,ANE,EN,Towers with Radar,7,70,18,0,95,8,9,0,0,17,15,79,18,0,112,0,0,0,112
03/23/2003,BTV,VT,ANE,EN,Towers with Radar,7,92,23,0,122,0,1,26,0,27,7,93,49,0,149,14,0,14,163
03/24/2003,BTV,VT,ANE,EN,Towers with Radar,9,104,30,17,160,0,0,78,8,86,9,104,108,25,246,60,22,82,328
03/25/2003,BTV,VT,ANE,EN,Towers with Radar,10,107,28,17,162,0,0,7,24,31,10,107,35,41,193,51,36,87,280
03/26/2003,BTV,VT,ANE,EN,Towers with Radar,10,106,23,16,155,0,5,0,0,5,10,111,23,16,160,14,2,16,176
03/27/2003,BTV,VT,ANE,EN,Towers with Radar,9,103,31,18,161,0,0,73,34,107,9,103,104,52,268,120,66,186,454
03/28/2003,BTV,VT,ANE,EN,Towers with Radar,10,103,27,15,155,0,0,79,0,79,10,103,106,15,234,70,8,78,312
03/29/2003,BTV,VT,ANE,EN,Towers with Radar,6,55,14,4,79,4,17,14,0,35,10,72,28,4,114,26,8,34,148
03/30/2003,BTV,VT,ANE,EN,Towers with Radar,4,59,14,0,77,0,15,0,0,15,4,74,14,0,92,0,0,0,92
03/31/2003,BTV,VT,ANE,EN,Towers with Radar,7,103,26,15,151,0,2,29,15,46,7,105,55,30,197,18,16,34,231
04/01/2003,BTV,VT,ANE,EN,Towers with Radar,10,102,29,20,161,0,0,14,5,19,10,102,43,25,180,40,40,80,260
04/02/2003,BTV,VT,ANE,EN,Towers with Radar,9,99,27,18,153,2,4,0,0,6,11,103,27,18,159,62,0,62,221
04/03/2003,BTV,VT,ANE,EN,Towers with Radar,9,87,17,9,122,4,11,0,0,15,13,98,17,9,137,78,0,78,215
04/04/2003,BTV,VT,ANE,EN,Towers with Radar,11,89,12,17,129,0,1,6,1,8,11,90,18,18,137,104,16,120,257
04/05/2003,BTV,VT,ANE,EN,Towers with Radar,8,63,6,3,80,0,1,0,1,2,8,64,6,4,82,0,0,0,82
04/06/2003,BTV,VT,ANE,EN,Towers with Radar,7,68,18,6,99,0,16,18,0,34,7,84,36,6,133,44,0,44,177
04/07/2003,BTV,VT,ANE,EN,Towers with Radar,7,76,21,2,106,3,0,57,0,60,10,76,78,2,166,54,20,74,240
04/08/2003,BTV,VT,ANE,EN,Towers with Radar,11,93,15,19,138,0,0,0,15,15,11,93,15,34,153,46,24,70,223
04/09/2003,BTV,VT,ANE,EN,Towers with Radar,9,98,26,18,151,1,0,8,4,13,10,98,34,22,164,50,6,56,220
04/10/2003,BTV,VT,ANE,EN,Towers with Radar,9,109,29,20,167,0,0,101,11,112,9,109,130,31,279,96,26,122,401
04/11/2003,BTV,VT,ANE,EN,Towers with Radar,9,97,26,17,149,1,7,53,10,71,10,104,79,27,220,104,44,148,368
04/12/2003,BTV,VT,ANE,EN,Towers with Radar,7,67,18,1,93,1,4,42,0,47,8,71,60,1,140,22,0,22,162
04/13/2003,BTV,VT,ANE,EN,Towers with Radar,6,91,24,3,124,0,9,86,0,95,6,100,110,3,219,116,0,116,335
04/14/2003,BTV,VT,ANE,EN,Towers with Radar,7,94,25,18,144,0,0,81,5,86,7,94,106,23,230,33,19,52,282
04/15/2003,BTV,VT,ANE,EN,Towers with Radar,10,100,26,19,155,0,3,44,13,60,10,103,70,32,215,18,40,58,273
04/16/2003,BTV,VT,ANE,EN,Towers with Radar,10,101,27,19,157,0,0,3,4,7,10,101,30,23,164,16,18,34,198
04/17/2003,BTV,VT,ANE,EN,Towers with Radar,11,111,29,21,172,3,1,78,13,95,14,112,107,34,267,62,54,116,383
04/18/2003,BTV,VT,ANE,EN,Towers with Radar,10,101,28,20,159,0,0,49,10,59,10,101,77,30,218,44,20,64,282
04/19/2003,BTV,VT,ANE,EN,Towers with Radar,7,64,20,0,91,1,0,69,0,70,8,64,89,0,161,169,0,169,330
04/20/2003,BTV,VT,ANE,EN,Towers with Radar,6,65,17,5,93,0,21,60,0,81,6,86,77,5,174,18,0,18,192
04/21/2003,BTV,VT,ANE,EN,Towers with Radar,8,87,23,1,119,0,17,37,0,54,8,104,60,1,173,58,6,64,237
04/22/2003,BTV,VT,ANE,EN,Towers with Radar,9,110,34,24,177,0,0,4,36,40,9,110,38,60,217,18,74,92,309
04/23/2003,BTV,VT,ANE,EN,Towers with Radar,10,100,26,19,155,0,9,15,4,28,10,109,41,23,183,4,18,22,205
04/24/2003,BTV,VT,ANE,EN,Towers with Radar,9,99,26,19,153,0,8,15,5,28,9,107,41,24,181,10,4,14,195
04/25/2003,BTV,VT,ANE,EN,Towers with Radar,10,103,29,21,163,0,0,97,12,109,10,103,126,33,272,138,50,188,460
04/26/2003,BTV,VT,ANE,EN,Towers with Radar,7,67,18,4,96,1,3,0,0,4,8,70,18,4,100,0,0,0,100
04/27/2003,BTV,VT,ANE,EN,Towers with Radar,6,69,19,4,98,0,6,52,0,58,6,75,71,4,156,86,0,86,242
04/28/2003,BTV,VT,ANE,EN,Towers with Radar,7,87,23,16,133,0,8,58,0,66,7,95,81,16,199,100,22,122,321
04/29/2003,BTV,VT,ANE,EN,Towers with Radar,10,100,27,18,155,1,0,78,0,79,11,100,105,18,234,122,40,162,396
04/30/2003,BTV,VT,ANE,EN,Towers with Radar,10,101,27,20,158,0,0,87,7,94,10,101,114,27,252,102,56,158,410
05/01/2003,BTV,VT,ANE,EN,Towers with Radar,9,90,30,18,147,0,11,3,7,21,9,101,33,25,168,34,8,42,210
05/02/2003,BTV,VT,ANE,EN,Towers with Radar,12,106,37,22,177,1,0,3,5,9,13,106,40,27,186,0,0,0,186
05/03/2003,BTV,VT,ANE,EN,Towers with Radar,8,77,28,16,129,0,0,106,27,133,8,77,134,43,262,163,24,187,449
05/04/2003,BTV,VT,ANE,EN,Towers with Radar,7,65,22,1,95,0,16,119,0,135,7,81,141,1,230,92,0,92,322
05/05/2003,BTV,VT,ANE,EN,Towers with Radar,9,82,28,8,127,0,23,60,0,83,9,105,88,8,210,46,0,46,256
05/06/2003,BTV,VT,ANE,EN,Towers with Radar,10,103,35,20,168,0,2,10,6,18,10,105,45,26,186,76,46,122,308
05/07/2003,BTV,VT,ANE,EN,Towers with Radar,10,100,34,20,164,0,0,9,27,36,10,100,43,47,200,62,52,114,314
05/08/2003,BTV,VT,ANE,EN,Towers with Radar,11,101,40,23,175,0,0,60,15,75,11,101,100,38,250,90,36,126,376
05/09/2003,BTV,VT,ANE,EN,Towers with Radar,10,102,35,20,167,0,9,24,7,40,10,111,59,27,207,54,20,74,281
05/10/2003,BTV,VT,ANE,EN,Towers with Radar,8,70,26,0,104,2,0,124,0,126,10,70,150,0,230,134,0,134,364
05/11/2003,BTV,VT,ANE,EN,Towers with Radar,4,37,22,0,63,0,0,56,0,56,4,37,78,0,119,68,0,68,187
05/12/2003,BTV,VT,ANE,EN,Towers with Radar,8,90,22,22,142,0,1,13,1,15,8,91,35,23,157,10,18,28,185
05/13/2003,BTV,VT,ANE,EN,Towers with Radar,10,97,41,13,161,0,1,0,1,2,10,98,41,14,163,12,8,20,183
05/14/2003,BTV,VT,ANE,EN,Towers with Radar,9,88,31,16,144,2,10,8,3,23,11,98,39,19,167,134,4,138,305
05/15/2003,BTV,VT,ANE,EN,Towers with Radar,9,105,36,19,169,0,2,57,19,78,9,107,93,38,247,90,0,90,337
05/16/2003,BTV,VT,ANE,EN,Towers with Radar,10,93,35,19,157,0,0,85,11,96,10,93,120,30,253,104,16,120,373
05/17/2003,BTV,VT,ANE,EN,Towers with Radar,6,65,23,8,102,2,6,116,0,124,8,71,139,8,226,104,0,104,330
05/18/2003,BTV,VT,ANE,EN,Towers with Radar,6,64,22,0,92,0,12,114,0,126,6,76,136,0,218,66,0,66,284
05/19/2003,BTV,VT,ANE,EN,Towers with Radar,8,81,28,15,132,0,9,100,5,114,8,90,128,20,246,104,12,116,362
05/20/2003,BTV,VT,ANE,EN,Towers with Radar,8,82,29,15,134,2,7,76,4,89,10,89,105,19,223,90,0,90,313
05/21/2003,BTV,VT,ANE,EN,Towers with Radar,10,89,34,18,151,1,0,16,13,30,11,89,50,31,181,46,18,64,245
05/22/2003,BTV,VT,ANE,EN,Towers with Radar,9,92,32,17,150,1,2,91,7,101,10,94,123,24,251,86,44,130,381
05/23/2003,BTV,VT,ANE,EN,Towers with Radar,9,93,31,9,142,1,8,26,0,35,10,101,57,9,177,72,26,98,275
05/24/2003,BTV,VT,ANE,EN,Towers with Radar,6,59,20,3,88,5,4,4,0,13,11,63,24,3,101,56,0,56,157
05/25/2003,BTV,VT,ANE,EN,Towers with Radar,6,65,21,7,99,0,5,10,0,15,6,70,31,7,114,20,6,26,140
05/26/2003,BTV,VT,ANE,EN,Towers with Radar,6,83,28,14,131,0,0,29,0,29,6,83,57,14,160,46,10,56,216
05/27/2003,BTV,VT,ANE,EN,Towers with Radar,8,94,37,21,160,0,0,44,20,64,8,94,81,41,224,58,50,108,332
05/28/2003,BTV,VT,ANE,EN,Towers with Radar,10,100,33,20,163,0,1,28,9,38,10,101,61,29,201,70,26,96,297
05/29/2003,BTV,VT,ANE,EN,Towers with Radar,10,101,36,21,168,0,0,20,16,36,10,101,56,37,204,50,2,52,256
05/30/2003,BTV,VT,ANE,EN,Towers with Radar,10,103,37,21,171,0,0,51,13,64,10,103,88,34,235,94,13,107,342
05/31/2003,BTV,VT,ANE,EN,Towers with Radar,6,65,22,2,95,2,10,92,0,104,8,75,114,2,199,156,8,164,363
06/01/2003,BTV,VT,ANE,EN,Towers with Radar,8,64,19,0,91,2,15,0,0,17,10,79,19,0,108,0,0,0,108
06/02/2003,BTV,VT,ANE,EN,Towers with Radar,8,88,30,14,140,0,8,66,12,86,8,96,96,26,226,102,12,114,340
06/03/2003,BTV,VT,ANE,EN,Towers with Radar,9,92,31,15,147,0,7,69,7,83,9,99,100,22,230,68,82,150,380
06/04/2003,BTV,VT,ANE,EN,Towers with Radar,10,90,34,17,151,0,0,87,2,89,10,90,121,19,240,170,24,194,434
06/05/2003,BTV,VT,ANE,EN,Towers with Radar,10,109,40,19,178,0,0,18,14,32,10,109,58,33,210,30,84,114,324
06/06/2003,BTV,VT,ANE,EN,Towers with Radar,10,99,33,16,158,0,9,89,17,115,10,108,122,33,273,128,12,140,413
06/07/2003,BTV,VT,ANE,EN,Towers with Radar,8,76,24,11,119,0,0,46,8,54,8,76,70,19,173,120,4,124,297
06/08/2003,BTV,VT,ANE,EN,Towers with Radar,9,73,24,4,110,1,0,86,0,87,10,73,110,4,197,22,18,40,237
06/09/2003,BTV,VT,ANE,EN,Towers with Radar,10,80,26,3,119,1,15,36,0,52,11,95,62,3,171,32,4,36,207
06/10/2003,BTV,VT,ANE,EN,Towers with Radar,12,95,33,17,157,0,0,81,33,114,12,95,114,50,271,114,46,160,431
06/11/2003,BTV,VT,ANE,EN,Towers with Radar,12,98,32,17,159,0,16,13,3,32,12,114,45,20,191,94,0,94,285
06/12/2003,BTV,VT,ANE,EN,Towers with Radar,13,100,33,17,163,2,4,92,27,125,15,104,125,44,288,74,14,88,376
06/13/2003,BTV,VT,ANE,EN,Towers with Radar,14,103,37,19,173,0,0,47,0,47,14,103,84,19,220,74,16,90,310
06/14/2003,BTV,VT,ANE,EN,Towers with Radar,10,70,25,4,109,2,0,21,0,23,12,70,46,4,132,4,0,4,136
06/15/2003,BTV,VT,ANE,EN,Towers with Radar,9,80,26,1,116,0,9,89,0,98,9,89,115,1,214,44,0,44,258
06/16/2003,BTV,VT,ANE,EN,Towers with Radar,12,101,35,18,166,0,0,94,25,119,12,101,129,43,285,84,68,152,437
06/17/2003,BTV,VT,ANE,EN,Towers with Radar,13,99,32,17,161,2,2,96,2,102,15,101,128,19,263,74,18,92,355
06/18/2003,BTV,VT,ANE,EN,Towers with Radar,10,91,33,17,151,0,0,49,19,68,10,91,82,36,219,108,38,146,365
06/19/2003,BTV,VT,ANE,EN,Towers with Radar,15,102,37,19,173,2,0,11,8,21,17,102,48,27,194,68,4,72,266
06/20/2003,BTV,VT,ANE,EN,Towers with Radar,14,106,39,20,179,0,0,80,4,84,14,106,119,24,263,107,40,147,410
06/21/2003,BTV,VT,ANE,EN,Towers with Radar,10,72,24,0,106,0,1,129,0,130,10,73,153,0,236,65,10,75,311
06/22/2003,BTV,VT,ANE,EN,Towers with Radar,10,89,30,0,129,0,2,70,0,72,10,91,100,0,201,40,0,40,241
06/23/2003,BTV,VT,ANE,EN,Towers with Radar,14,104,35,16,169,0,17,67,14,98,14,121,102,30,267,28,22,50,317
06/24/2003,BTV,VT,ANE,EN,Towers with Radar,12,91,31,12,146,3,16,65,0,84,15,107,96,12,230,90,0,90,320
06/25/2003,BTV,VT,ANE,EN,Towers with Radar,13,97,33,15,158,0,4,59,6,69,13,101,92,21,227,56,24,80,307
06/26/2003,BTV,VT,ANE,EN,Towers with Radar,12,93,31,15,151,3,11,40,3,57,15,104,71,18,208,64,14,78,286
06/27/2003,BTV,VT,ANE,EN,Towers with Radar,13,110,37,17,177,0,5,38,6,49,13,115,75,23,226,50,34,84,310
06/28/2003,BTV,VT,ANE,EN,Towers with Radar,9,68,23,0,100,3,8,117,0,128,12,76,140,0,228,100,14,114,342
06/29/2003,BTV,VT,ANE,EN,Towers with Radar,10,75,26,0,111,1,9,40,0,50,11,84,66,0,161,20,0,20,181
06/30/2003,BTV,VT,ANE,EN,Towers with Radar,11,88,30,13,142,2,4,49,0,55,13,92,79,13,197,122,13,135,332
07/01/2003,BTV,VT,ANE,EN,Towers with Radar,14,99,35,14,162,3,10,83,10,106,17,109,118,24,268,118,26,144,412
07/02/2003,BTV,VT,ANE,EN,Towers with Radar,12,92,33,13,150,3,10,90,6,109,15,102,123,19,259,46,12,58,317
07/03/2003,BTV,VT,ANE,EN,Towers with Radar,14,95,32,14,155,4,2,85,5,96,18,97,117,19,251,128,16,144,395
07/04/2003,BTV,VT,ANE,EN,Towers with Radar,8,58,19,6,91,0,6,63,0,69,8,64,82,6,160,98,14,112,272
07/05/2003,BTV,VT,ANE,EN,Towers with Radar,10,64,24,0,98,7,0,58,0,65,17,64,82,0,163,62,0,62,225
07/06/2003,BTV,VT,ANE,EN,Towers with Radar,10,76,26,5,117,0,10,165,0,175,10,86,191,5,292,94,0,94,386
07/07/2003,BTV,VT,ANE,EN,Towers with Radar,13,89,31,7,140,1,22,81,0,104,14,111,112,7,244,124,0,124,368
07/08/2003,BTV,VT,ANE,EN,Towers with Radar,16,98,39,16,169,2,0,39,11,52,18,98,78,27,221,44,74,118,339
07/09/2003,BTV,VT,ANE,EN,Towers with Radar,14,97,38,16,165,0,0,56,6,62,14,97,94,22,227,116,16,132,359
07/10/2003,BTV,VT,ANE,EN,Towers with Radar,15,101,37,16,169,0,0,67,4,71,15,101,104,20,240,98,34,132,372
07/11/2003,BTV,VT,ANE,EN,Towers with Radar,15,98,37,15,165,4,0,9,2,15,19,98,46,17,180,70,10,80,260
07/12/2003,BTV,VT,ANE,EN,Towers with Radar,12,72,29,0,113,1,0,73,0,74,13,72,102,0,187,52,0,52,239
07/13/2003,BTV,VT,ANE,EN,Towers with Radar,12,86,29,0,127,1,11,56,0,68,13,97,85,0,195,28,0,28,223
07/14/2003,BTV,VT,ANE,EN,Towers with Radar,13,99,34,13,159,0,1,94,4,99,13,100,128,17,258,90,6,96,354
07/15/2003,BTV,VT,ANE,EN,Towers with Radar,18,110,42,17,187,0,0,121,15,136,18,110,163,32,323,146,36,182,505
07/16/2003,BTV,VT,ANE,EN,Towers with Radar,14,89,34,14,151,0,0,22,20,42,14,89,56,34,193,82,26,108,301
07/17/2003,BTV,VT,ANE,EN,Towers with Radar,15,104,37,14,170,0,5,77,12,94,15,109,114,26,264,194,18,212,476
07/18/2003,BTV,VT,ANE,EN,Towers with Radar,15,101,36,13,165,0,0,112,0,112,15,101,148,13,277,104,2,106,383
07/19/2003,BTV,VT,ANE,EN,Towers with Radar,12,74,26,5,117,1,5,134,0,140,13,79,160,5,257,108,2,110,367
07/20/2003,BTV,VT,ANE,EN,Towers with Radar,10,75,27,0,112,0,19,120,0,139,10,94,147,0,251,40,0,40,291
07/21/2003,BTV,VT,ANE,EN,Towers with Radar,14,94,34,13,155,0,0,28,7,35,14,94,62,20,190,68,14,82,272
07/22/2003,BTV,VT,ANE,EN,Towers with Radar,14,89,32,12,147,2,0,33,8,43,16,89,65,20,190,64,10,74,264
07/23/2003,BTV,VT,ANE,EN,Towers with Radar,16,103,38,14,171,0,0,1,17,18,16,103,39,31,189,4,2,6,195
07/24/2003,BTV,VT,ANE,EN,Towers with Radar,14,106,38,14,172,0,1,2,17,20,14,107,40,31,192,26,4,30,222
07/25/2003,BTV,VT,ANE,EN,Towers with Radar,14,114,41,15,184,0,1,105,9,115,14,115,146,24,299,140,24,164,463
07/26/2003,BTV,VT,ANE,EN,Towers with Radar,12,75,27,0,114,0,6,75,0,81,12,81,102,0,195,64,0,64,259
07/27/2003,BTV,VT,ANE,EN,Towers with Radar,11,80,29,0,120,0,10,7,0,17,11,90,36,0,137,0,0,0,137
07/28/2003,BTV,VT,ANE,EN,Towers with Radar,13,89,32,12,146,0,6,64,10,80,13,95,96,22,226,76,30,106,332
07/29/2003,BTV,VT,ANE,EN,Towers with Radar,15,96,34,14,159,1,3,103,9,116,16,99,137,23,275,148,48,196,471
07/30/2003,BTV,VT,ANE,EN,Towers with Radar,11,95,34,14,154,0,13,83,4,100,11,108,117,18,254,152,14,166,420
07/31/2003,BTV,VT,ANE,EN,Towers with Radar,11,102,36,15,164,0,7,86,4,97,11,109,122,19,261,194,8,202,463
08/01/2003,BTV,VT,ANE,EN,Towers with Radar,13,114,42,6,175,0,0,32,0,32,13,114,74,6,207,150,0,150,357
08/02/2003,BTV,VT,ANE,EN,Towers with Radar,10,85,34,8,137,0,0,57,8,65,10,85,91,16,202,170,16,186,388
08/03/2003,BTV,VT,ANE,EN,Towers with Radar,10,88,31,5,134,0,5,11,0,16,10,93,42,5,150,2,0,2,152
08/04/2003,BTV,VT,ANE,EN,Towers with Radar,13,83,30,4,130,1,0,17,0,18,14,83,47,4,148,66,8,74,222
08/05/2003,BTV,VT,ANE,EN,Towers with Radar,15,90,35,9,149,1,0,24,13,38,16,90,59,22,187,126,12,138,325
08/06/2003,BTV,VT,ANE,EN,Towers with Radar,13,102,18,20,153,1,1,14,1,17,14,103,32,21,170,90,12,102,272
08/07/2003,BTV,VT,ANE,EN,Towers with Radar,16,109,40,10,175,1,0,47,23,71,17,109,87,33,246,210,30,240,486
08/08/2003,BTV,VT,ANE,EN,Towers with Radar,15,106,40,10,171,0,0,54,23,77,15,106,94,33,248,118,64,182,430
08/09/2003,BTV,VT,ANE,EN,Towers with Radar,10,75,25,0,110,3,9,0,0,12,13,84,25,0,122,18,0,18,140
08/10/2003,BTV,VT,ANE,EN,Towers with Radar,12,90,32,1,135,0,9,15,0,24,12,99,47,1,159,8,0,8,167
08/11/2003,BTV,VT,ANE,EN,Towers with Radar,14,96,35,9,154,1,0,30,13,44,15,96,65,22,198,90,10,100,298
08/12/2003,BTV,VT,ANE,EN,Towers with Radar,15,94,38,9,156,0,0,12,24,36,15,94,50,33,192,78,38,116,308
08/13/2003,BTV,VT,ANE,EN,Towers with Radar,15,114,45,11,185,0,0,87,29,116,15,114,132,40,301,90,58,148,449
08/14/2003,BTV,VT,ANE,EN,Towers with Radar,11,92,34,8,145,0,0,126,9,135,11,92,160,17,280,176,0,176,456
08/15/2003,BTV,VT,ANE,EN,Towers with Radar,14,100,35,9,158,1,3,109,3,116,15,103,144,12,274,131,14,145,419
08/16/2003,BTV,VT,ANE,EN,Towers with Radar,11,81,28,4,124,4,10,52,0,66,15,91,80,4,190,64,4,68,258
08/17/2003,BTV,VT,ANE,EN,Towers with Radar,10,88,31,5,134,0,1,100,0,101,10,89,131,5,235,34,0,34,269
08/18/2003,BTV,VT,ANE,EN,Towers with Radar,15,105,37,9,166,1,3,76,0,80,16,108,113,9,246,18,2,20,266
08/19/2003,BTV,VT,ANE,EN,Towers with Radar,12,84,29,7,132,8,14,105,6,133,20,98,134,13,265,100,18,118,383
08/20/2003,BTV,VT,ANE,EN,Towers with Radar,16,101,37,9,163,0,0,114,10,124,16,101,151,19,287,82,16,98,385
08/21/2003,BTV,VT,ANE,EN,Towers with Radar,14,106,38,9,167,0,0,78,2,80,14,106,116,11,247,50,0,50,297
08/22/2003,BTV,VT,ANE,EN,Towers with Radar,15,100,35,9,159,1,8,76,2,87,16,108,111,11,246,124,0,124,370
08/23/2003,BTV,VT,ANE,EN,Towers with Radar,11,71,25,1,108,2,10,84,0,96,13,81,109,1,204,58,0,58,262
08/24/2003,BTV,VT,ANE,EN,Towers with Radar,11,85,30,1,127,0,17,99,0,116,11,102,129,1,243,26,0,26,269
08/25/2003,BTV,VT,ANE,EN,Towers with Radar,14,95,33,3,145,0,14,53,0,67,14,109,86,3,212,64,0,64,276
08/26/2003,BTV,VT,ANE,EN,Towers with Radar,13,95,33,8,149,0,9,58,11,78,13,104,91,19,227,100,1,101,328
08/27/2003,BTV,VT,ANE,EN,Towers with Radar,14,95,34,9,152,0,0,52,13,65,14,95,86,22,217,116,42,158,375
08/28/2003,BTV,VT,ANE,EN,Towers with Radar,13,101,36,9,159,0,3,127,0,130,13,104,163,9,289,222,0,222,511
08/29/2003,BTV,VT,ANE,EN,Towers with Radar,14,100,35,9,158,0,6,50,6,62,14,106,85,15,220,4,0,4,224
08/30/2003,BTV,VT,ANE,EN,Towers with Radar,14,82,32,1,129,3,0,81,0,84,17,82,113,1,213,54,2,56,269
08/31/2003,BTV,VT,ANE,EN,Towers with Radar,8,51,18,1,78,4,15,95,0,114,12,66,113,1,192,46,0,46,238
09/01/2003,BTV,VT,ANE,EN,Towers with Radar,11,79,28,5,123,1,0,84,0,85,12,79,112,5,208,28,0,28,236
09/02/2003,BTV,VT,ANE,EN,Towers with Radar,13,93,32,17,155,0,2,50,7,59,13,95,82,24,214,186,12,198,412
09/03/2003,BTV,VT,ANE,EN,Towers with Radar,16,102,36,19,173,2,0,35,4,41,18,102,71,23,214,44,16,60,274
09/04/2003,BTV,VT,ANE,EN,Towers with Radar,13,104,36,19,172,0,5,24,11,40,13,109,60,30,212,26,62,88,300
09/05/2003,BTV,VT,ANE,EN,Towers with Radar,13,105,42,22,182,0,0,87,20,107,13,105,129,42,289,106,26,132,421
09/06/2003,BTV,VT,ANE,EN,Towers with Radar,11,82,31,16,140,5,0,118,32,155,16,82,149,48,295,62,20,82,377
09/07/2003,BTV,VT,ANE,EN,Towers with Radar,12,87,32,7,138,0,0,158,0,158,12,87,190,7,296,32,4,36,332
09/08/2003,BTV,VT,ANE,EN,Towers with Radar,11,90,31,10,142,2,3,81,0,86,13,93,112,10,228,48,32,80,308
09/09/2003,BTV,VT,ANE,EN,Towers with Radar,11,82,29,15,137,1,8,74,21,104,12,90,103,36,241,110,8,118,359
09/10/2003,BTV,VT,ANE,EN,Towers with Radar,14,100,35,18,167,4,8,85,22,119,18,108,120,40,286,120,50,170,456
09/11/2003,BTV,VT,ANE,EN,Towers with Radar,13,86,32,17,148,1,0,99,8,108,14,86,131,25,256,114,12,126,382
09/12/2003,BTV,VT,ANE,EN,Towers with Radar,14,92,35,17,158,3,0,98,14,115,17,92,133,31,273,102,14,116,389
09/13/2003,BTV,VT,ANE,EN,Towers with Radar,10,67,24,2,103,5,10,68,0,83,15,77,92,2,186,93,0,93,279
09/14/2003,BTV,VT,ANE,EN,Towers with Radar,10,72,25,3,110,0,10,46,0,56,10,82,71,3,166,4,0,4,170
09/15/2003,BTV,VT,ANE,EN,Towers with Radar,13,93,33,16,155,0,0,38,11,49,13,93,71,27,204,84,14,98,302
09/16/2003,BTV,VT,ANE,EN,Towers with Radar,16,107,38,19,180,0,0,66,9,75,16,107,104,28,255,102,26,128,383
09/17/2003,BTV,VT,ANE,EN,Towers with Radar,13,102,35,18,168,0,3,94,11,108,13,105,129,29,276,110,14,124,400
09/18/2003,BTV,VT,ANE,EN,Towers with Radar,15,94,35,18,162,0,0,81,17,98,15,94,116,35,260,140,14,154,414
09/19/2003,BTV,VT,ANE,EN,Towers with Radar,13,95,18,6,132,0,2,3,2,7,13,97,21,8,139,48,0,48,187
09/20/2003,BTV,VT,ANE,EN,Towers with Radar,10,78,27,2,117,0,9,49,0,58,10,87,76,2,175,126,0,126,301
09/21/2003,BTV,VT,ANE,EN,Towers with Radar,12,78,27,2,119,0,7,91,0,98,12,85,118,2,217,42,0,42,259
09/22/2003,BTV,VT,ANE,EN,Towers with Radar,13,90,31,16,150,0,12,61,3,76,13,102,92,19,226,154,4,158,384
09/23/2003,BTV,VT,ANE,EN,Towers with Radar,12,97,34,17,160,0,6,4,12,22,12,103,38,29,182,26,16,42,224
09/24/2003,BTV,VT,ANE,EN,Towers with Radar,11,104,36,19,170,0,17,97,7,121,11,121,133,26,291,122,22,144,435
09/25/2003,BTV,VT,ANE,EN,Towers with Radar,15,101,35,18,169,0,3,18,3,24,15,104,53,21,193,22,18,40,233
09/26/2003,BTV,VT,ANE,EN,Towers with Radar,16,100,39,20,175,0,0,102,13,115,16,100,141,33,290,106,44,150,440
09/27/2003,BTV,VT,ANE,EN,Towers with Radar,9,68,24,1,102,3,21,30,0,54,12,89,54,1,156,108,0,108,264
09/28/2003,BTV,VT,ANE,EN,Towers with Radar,10,79,28,1,118,0,9,10,0,19,10,88,38,1,137,0,0,0,137
09/29/2003,BTV,VT,ANE,EN,Towers with Radar,11,89,31,11,142,0,9,30,0,39,11,98,61,11,181,72,12,84,265
09/30/2003,BTV,VT,ANE,EN,Towers with Radar,14,97,34,17,162,0,3,44,8,55,14,100,78,25,217,142,38,180,397
10/01/2003,BTV,VT,ANE,EN,Towers with Radar,14,102,34,17,167,3,11,53,9,76,17,113,87,26,243,96,8,104,347
10/02/2003,BTV,VT,ANE,EN,Towers with Radar,16,109,38,20,183,0,0,41,9,50,16,109,79,29,233,94,44,138,371
10/03/2003,BTV,VT,ANE,EN,Towers with Radar,15,111,36,20,182,1,7,103,16,127,16,118,139,36,309,110,24,134,443
10/04/2003,BTV,VT,ANE,EN,Towers with Radar,9,74,25,14,122,0,0,3,20,23,9,74,28,34,145,4,18,22,167
10/05/2003,BTV,VT,ANE,EN,Towers with Radar,11,76,25,6,118,3,0,34,0,37,14,76,59,6,155,38,0,38,193
10/06/2003,BTV,VT,ANE,EN,Towers with Radar,13,94,32,17,156,0,0,74,9,83,13,94,106,26,239,132,50,182,421
10/07/2003,BTV,VT,ANE,EN,Towers with Radar,13,89,34,19,155,0,0,66,22,88,13,89,100,41,243,110,58,168,411
10/08/2003,BTV,VT,ANE,EN,Towers with Radar,15,105,34,19,173,1,0,104,15,120,16,105,138,34,293,128,22,150,443
10/09/2003,BTV,VT,ANE,EN,Towers with Radar,16,111,36,20,183,1,0,96,22,119,17,111,132,42,302,116,18,134,436
10/10/2003,BTV,VT,ANE,EN,Towers with Radar,15,103,35,10,163,0,0,101,0,101,15,103,136,10,264,150,0,150,414
10/11/2003,BTV,VT,ANE,EN,Towers with Radar,11,84,27,2,124,3,14,131,0,148,14,98,158,2,272,126,0,126,398
10/12/2003,BTV,VT,ANE,EN,Towers with Radar,10,89,29,0,128,0,0,98,0,98,10,89,127,0,226,44,0,44,270
10/13/2003,BTV,VT,ANE,EN,Towers with Radar,13,97,31,0,141,0,10,133,0,143,13,107,164,0,284,114,0,114,398
10/14/2003,BTV,VT,ANE,EN,Towers with Radar,13,107,34,19,173,0,2,82,12,96,13,109,116,31,269,124,52,176,445
10/15/2003,BTV,VT,ANE,EN,Towers with Radar,11,80,15,5,111,4,16,0,0,20,15,96,15,5,131,0,0,0,131
10/16/2003,BTV,VT,ANE,EN,Towers with Radar,16,100,35,19,170,3,0,8,15,26,19,100,43,34,196,74,26,100,296
10/17/2003,BTV,VT,ANE,EN,Towers with Radar,16,108,37,20,181,0,0,65,24,89,16,108,102,44,270,116,64,180,450
10/18/2003,BTV,VT,ANE,EN,Towers with Radar,9,60,19,3,91,4,15,40,0,59,13,75,59,3,150,86,0,86,236
10/19/2003,BTV,VT,ANE,EN,Towers with Radar,10,63,21,0,94,1,13,41,0,55,11,76,62,0,149,46,0,46,195
10/20/2003,BTV,VT,ANE,EN,Towers with Radar,13,94,31,16,154,0,7,49,9,65,13,101,80,25,219,62,16,78,297
10/21/2003,BTV,VT,ANE,EN,Towers with Radar,14,93,19,0,126,2,5,0,0,7,16,98,19,0,133,0,0,0,133
10/22/2003,BTV,VT,ANE,EN,Towers with Radar,14,93,31,16,154,2,9,0,18,29,16,102,31,34,183,72,2,74,257
10/23/2003,BTV,VT,ANE,EN,Towers with Radar,16,113,41,22,192,0,0,0,19,19,16,113,41,41,211,42,32,74,285
10/24/2003,BTV,VT,ANE,EN,Towers with Radar,16,106,36,12,170,0,0,81,0,81,16,106,117,12,251,28,0,28,279
10/25/2003,BTV,VT,ANE,EN,Towers with Radar,8,52,18,0,78,2,29,49,0,80,10,81,67,0,158,62,0,62,220
10/26/2003,BTV,VT,ANE,EN,Towers with Radar,8,82,28,0,118,0,8,15,0,23,8,90,43,0,141,32,0,32,173
10/27/2003,BTV,VT,ANE,EN,Towers with Radar,12,79,20,0,111,1,8,0,0,9,13,87,20,0,120,0,0,0,120
10/28/2003,BTV,VT,ANE,EN,Towers with Radar,13,107,43,22,185,0,0,73,39,112,13,107,116,61,297,148,68,216,513
10/29/2003,BTV,VT,ANE,EN,Towers with Radar,14,101,34,8,157,0,7,9,0,16,14,108,43,8,173,0,4,4,177
10/30/2003,BTV,VT,ANE,EN,Towers with Radar,12,111,40,20,183,0,0,92,26,118,12,111,132,46,301,94,24,118,419
10/31/2003,BTV,VT,ANE,EN,Towers with Radar,13,99,35,18,165,0,0,57,16,73,13,99,92,34,238,64,16,80,318
11/01/2003,BTV,VT,ANE,EN,Towers with Radar,11,86,25,13,135,0,0,36,26,62,11,86,61,39,197,84,18,102,299
11/02/2003,BTV,VT,ANE,EN,Towers with Radar,8,88,23,0,119,0,1,15,0,16,8,89,38,0,135,58,10,68,203
11/03/2003,BTV,VT,ANE,EN,Towers with Radar,12,97,20,5,134,1,12,0,0,13,13,109,20,5,147,0,0,0,147
11/04/2003,BTV,VT,ANE,EN,Towers with Radar,14,94,27,15,150,0,0,5,16,21,14,94,32,31,171,124,20,144,315
11/05/2003,BTV,VT,ANE,EN,Towers with Radar,12,83,20,11,126,3,0,0,11,14,15,83,20,22,140,8,0,8,148
11/06/2003,BTV,VT,ANE,EN,Towers with Radar,12,100,26,14,152,0,0,51,9,60,12,100,77,23,212,78,4,82,294
11/07/2003,BTV,VT,ANE,EN,Towers with Radar,14,96,26,14,150,0,0,87,6,93,14,96,113,20,243,112,14,126,369
11/08/2003,BTV,VT,ANE,EN,Towers with Radar,8,59,15,2,84,2,11,71,0,84,10,70,86,2,168,144,4,148,316
11/09/2003,BTV,VT,ANE,EN,Towers with Radar,11,90,23,3,127,0,0,125,0,125,11,90,148,3,252,94,0,94,346
11/10/2003,BTV,VT,ANE,EN,Towers with Radar,8,80,20,5,113,0,9,66,0,75,8,89,86,5,188,104,1,105,293
11/11/2003,BTV,VT,ANE,EN,Towers with Radar,14,103,26,5,148,3,7,24,0,34,17,110,50,5,182,102,0,102,284
11/12/2003,BTV,VT,ANE,EN,Towers with Radar,15,100,29,15,159,0,0,37,23,60,15,100,66,38,219,96,14,110,329
11/13/2003,BTV,VT,ANE,EN,Towers with Radar,12,86,19,5,122,7,6,0,0,13,19,92,19,5,135,34,4,38,173
11/14/2003,BTV,VT,ANE,EN,Towers with Radar,12,89,11,11,123,1,3,0,5,9,13,92,11,16,132,0,12,12,144
11/15/2003,BTV,VT,ANE,EN,Towers with Radar,11,74,19,3,107,1,16,57,0,74,12,90,76,3,181,109,0,109,290
11/16/2003,BTV,VT,ANE,EN,Towers with Radar,10,78,19,0,107,0,12,80,0,92,10,90,99,0,199,82,0,82,281
11/17/2003,BTV,VT,ANE,EN,Towers with Radar,11,105,26,14,156,0,5,52,7,64,11,110,78,21,220,100,10,110,330
11/18/2003,BTV,VT,ANE,EN,Towers with Radar,14,100,34,15,163,0,0,26,37,63,14,100,60,52,226,164,32,196,422
11/19/2003,BTV,VT,ANE,EN,Towers with Radar,14,102,20,14,150,0,0,0,20,20,14,102,20,34,170,56,56,112,282
11/20/2003,BTV,VT,ANE,EN,Towers with Radar,14,107,28,14,163,0,0,7,3,10,14,107,35,17,173,6,14,20,193
11/21/2003,BTV,VT,ANE,EN,Towers with Radar,14,95,25,8,142,1,1,61,0,63,15,96,86,8,205,122,22,144,349
11/22/2003,BTV,VT,ANE,EN,Towers with Radar,11,75,20,0,106,4,0,51,0,55,15,75,71,0,161,126,0,126,287
11/23/2003,BTV,VT,ANE,EN,Towers with Radar,10,64,17,0,91,0,6,71,0,77,10,70,88,0,168,98,0,98,266
11/24/2003,BTV,VT,ANE,EN,Towers with Radar,11,85,22,11,129,0,7,33,15,55,11,92,55,26,184,86,22,108,292
11/25/2003,BTV,VT,ANE,EN,Towers with Radar,14,103,31,16,164,0,0,51,28,79,14,103,82,44,243,208,34,242,485
11/26/2003,BTV,VT,ANE,EN,Towers with Radar,14,98,26,2,140,1,7,51,0,59,15,105,77,2,199,86,0,86,285
11/27/2003,BTV,VT,ANE,EN,Towers with Radar,7,45,12,0,64,4,21,7,0,32,11,66,19,0,96,8,0,8,104
11/28/2003,BTV,VT,ANE,EN,Towers with Radar,8,56,5,3,72,5,11,0,0,16,13,67,5,3,88,0,0,0,88
11/29/2003,BTV,VT,ANE,EN,Towers with Radar,10,70,19,0,99,2,12,3,0,17,12,82,22,0,116,0,0,0,116
11/30/2003,BTV,VT,ANE,EN,Towers with Radar,10,89,23,0,122,0,5,32,0,37,10,94,55,0,159,4,0,4,163
12/01/2003,BTV,VT,ANE,EN,Towers with Radar,12,96,23,0,131,2,8,16,0,26,14,104,39,0,157,14,0,14,171
12/02/2003,BTV,VT,ANE,EN,Towers with Radar,13,102,18,15,148,3,0,0,12,15,16,102,18,27,163,0,8,8,171
12/03/2003,BTV,VT,ANE,EN,Towers with Radar,13,107,24,14,158,3,5,54,4,66,16,112,78,18,224,84,14,98,322
12/04/2003,BTV,VT,ANE,EN,Towers with Radar,14,107,24,14,159,0,1,14,2,17,14,108,38,16,176,18,16,34,210
12/05/2003,BTV,VT,ANE,EN,Towers with Radar,13,87,22,12,134,1,0,71,12,84,14,87,93,24,218,110,38,148,366
12/06/2003,BTV,VT,ANE,EN,Towers with Radar,6,35,9,7,57,1,0,0,7,8,7,35,9,14,65,0,0,0,65
12/07/2003,BTV,VT,ANE,EN,Towers with Radar,5,43,10,3,61,1,0,0,0,1,6,43,10,3,62,0,0,0,62
12/08/2003,BTV,VT,ANE,EN,Towers with Radar,13,89,23,13,138,0,0,51,18,69,13,89,74,31,207,18,22,40,247
12/09/2003,BTV,VT,ANE,EN,Towers with Radar,15,114,28,15,172,0,0,27,19,46,15,114,55,34,218,84,28,112,330
12/10/2003,BTV,VT,ANE,EN,Towers with Radar,14,95,27,15,151,0,0,24,14,38,14,95,51,29,189,102,24,126,315
12/11/2003,BTV,VT,ANE,EN,Towers with Radar,14,107,18,15,154,0,0,0,3,3,14,107,18,18,157,0,8,8,165
12/12/2003,BTV,VT,ANE,EN,Towers with Radar,14,106,29,15,164,0,0,34,25,59,14,106,63,40,223,68,20,88,311
12/13/2003,BTV,VT,ANE,EN,Towers with Radar,5,72,16,0,93,0,1,100,0,101,5,73,116,0,194,86,0,86,280
12/14/2003,BTV,VT,ANE,EN,Towers with Radar,6,43,11,1,61,0,0,39,0,39,6,43,50,1,100,46,0,46,146
12/15/2003,BTV,VT,ANE,EN,Towers with Radar,9,65,5,0,79,2,20,0,0,22,11,85,5,0,101,0,0,0,101
12/16/2003,BTV,VT,ANE,EN,Towers with Radar,15,124,30,17,186,0,0,56,18,74,15,124,86,35,260,20,33,53,313
12/17/2003,BTV,VT,ANE,EN,Towers with Radar,10,94,19,9,132,0,9,0,0,9,10,103,19,9,141,0,8,8,149
12/18/2003,BTV,VT,ANE,EN,Towers with Radar,14,98,22,7,141,1,6,8,0,15,15,104,30,7,156,0,16,16,172
12/19/2003,BTV,VT,ANE,EN,Towers with Radar,14,117,27,15,173,0,5,22,0,27,14,122,49,15,200,34,10,44,244
12/20/2003,BTV,VT,ANE,EN,Towers with Radar,12,85,21,0,118,5,0,37,0,42,17,85,58,0,160,64,0,64,224
12/21/2003,BTV,VT,ANE,EN,Towers with Radar,9,75,18,0,102,0,12,10,0,22,9,87,28,0,124,0,0,0,124
12/22/2003,BTV,VT,ANE,EN,Towers with Radar,10,93,22,11,136,0,17,36,0,53,10,110,58,11,189,37,22,59,248
12/23/2003,BTV,VT,ANE,EN,Towers with Radar,13,104,27,13,157,0,0,38,25,63,13,104,65,38,220,72,34,106,326
12/24/2003,BTV,VT,ANE,EN,Towers with Radar,12,90,6,0,108,3,12,0,0,15,15,102,6,0,123,0,0,0,123
12/25/2003,BTV,VT,ANE,EN,Towers with Radar,7,49,10,0,66,2,23,0,0,25,9,72,10,0,91,0,0,0,91
12/26/2003,BTV,VT,ANE,EN,Towers with Radar,13,94,22,4,133,3,4,1,0,8,16,98,23,4,141,0,0,0,141
12/27/2003,BTV,VT,ANE,EN,Towers with Radar,10,79,19,5,113,0,4,94,0,98,10,83,113,5,211,32,0,32,243
12/28/2003,BTV,VT,ANE,EN,Towers with Radar,9,86,21,0,116,0,16,95,0,111,9,102,116,0,227,18,0,18,245
12/29/2003,BTV,VT,ANE,EN,Towers with Radar,12,91,22,11,136,0,5,69,2,76,12,96,91,13,212,44,2,46,258
12/30/2003,BTV,VT,ANE,EN,Towers with Radar,14,98,13,12,137,0,7,0,1,8,14,105,13,13,145,50,10,60,205
12/31/2003,BTV,VT,ANE,EN,Towers with Radar,12,87,21,3,123,2,17,44,0,63,14,104,65,3,186,34,6,40,226
01/01/2004,BTV,VT,ANE,EN,Towers with Radar,8,63,14,0,85,2,17,23,0,42,10,80,37,0,127,14,0,14,141
01/02/2004,BTV,VT,ANE,EN,Towers with Radar,10,84,14,4,112,4,0,0,0,4,14,84,14,4,116,0,0,0,116
01/03/2004,BTV,VT,ANE,EN,Towers with Radar,9,74,16,0,99,3,2,7,0,12,12,76,23,0,111,42,0,42,153
01/04/2004,BTV,VT,ANE,EN,Towers with Radar,10,94,21,0,125,0,0,49,0,49,10,94,70,0,174,64,0,64,238
01/05/2004,BTV,VT,ANE,EN,Towers with Radar,10,94,9,3,116,0,11,0,0,11,10,105,9,3,127,2,2,4,131
01/06/2004,BTV,VT,ANE,EN,Towers with Radar,14,94,22,6,136,0,0,23,13,36,14,94,45,19,172,62,6,68,240
01/07/2004,BTV,VT,ANE,EN,Towers with Radar,11,83,17,6,117,1,2,0,8,11,12,85,17,14,128,2,10,12,140
01/08/2004,BTV,VT,ANE,EN,Towers with Radar,13,98,23,7,141,0,0,22,22,44,13,98,45,29,185,2,56,58,243
01/09/2004,BTV,VT,ANE,EN,Towers with Radar,14,100,22,6,142,0,0,31,10,41,14,100,53,16,183,6,50,56,239
01/10/2004,BTV,VT,ANE,EN,Towers with Radar,10,71,15,5,101,1,7,47,1,56,11,78,62,6,157,30,10,40,197
01/11/2004,BTV,VT,ANE,EN,Towers with Radar,10,84,18,1,113,0,9,8,0,17,10,93,26,1,130,6,0,6,136
01/12/2004,BTV,VT,ANE,EN,Towers with Radar,11,105,23,6,145,0,0,0,9,9,11,105,23,15,154,2,0,2,156
01/13/2004,BTV,VT,ANE,EN,Towers with Radar,13,86,10,4,113,2,5,0,1,8,15,91,10,5,121,0,0,0,121
01/14/2004,BTV,VT,ANE,EN,Towers with Radar,16,101,24,7,148,0,0,7,22,29,16,101,31,29,177,0,14,14,191
01/15/2004,BTV,VT,ANE,EN,Towers with Radar,13,83,19,5,120,1,0,2,6,9,14,83,21,11,129,6,0,6,135
01/16/2004,BTV,VT,ANE,EN,Towers with Radar,14,93,20,0,127,0,4,11,0,15,14,97,31,0,142,0,0,0,142
01/17/2004,BTV,VT,ANE,EN,Towers with Radar,12,81,18,2,113,1,0,60,0,61,13,81,78,2,174,166,0,166,340
01/18/2004,BTV,VT,ANE,EN,Towers with Radar,8,60,5,0,73,0,25,0,0,25,8,85,5,0,98,0,0,0,98
01/19/2004,BTV,VT,ANE,EN,Towers with Radar,12,101,24,2,139,0,0,37,0,37,12,101,61,2,176,48,0,48,224
01/20/2004,BTV,VT,ANE,EN,Towers with Radar,14,96,21,5,136,0,1,21,2,24,14,97,42,7,160,106,4,110,270
01/21/2004,BTV,VT,ANE,EN,Towers with Radar,14,94,21,5,134,0,2,69,7,78,14,96,90,12,212,94,14,108,320
01/22/2004,BTV,VT,ANE,EN,Towers with Radar,13,89,20,5,127,2,6,5,1,14,15,95,25,6,141,4,18,22,163
01/23/2004,BTV,VT,ANE,EN,Towers with Radar,14,97,22,5,138,1,5,24,2,32,15,102,46,7,170,98,0,98,268
01/24/2004,BTV,VT,ANE,EN,Towers with Radar,11,74,17,0,102,2,19,12,0,33,13,93,29,0,135,36,0,36,171
01/25/2004,BTV,VT,ANE,EN,Towers with Radar,10,70,16,0,96,1,15,23,0,39,11,85,39,0,135,14,0,14,149
01/26/2004,BTV,VT,ANE,EN,Towers with Radar,11,77,19,3,110,0,0,36,0,36,11,77,55,3,146,32,2,34,180
01/27/2004,BTV,VT,ANE,EN,Towers with Radar,12,82,21,5,120,0,0,22,3,25,12,82,43,8,145,102,10,112,257
01/28/2004,BTV,VT,ANE,EN,Towers with Radar,13,89,20,0,122,1,0,6,0,7,14,89,26,0,129,0,0,0,129
01/29/2004,BTV,VT,ANE,EN,Towers with Radar,14,104,24,6,148,0,0,26,7,33,14,104,50,13,181,82,4,86,267
01/30/2004,BTV,VT,ANE,EN,Towers with Radar,15,114,27,7,163,0,0,12,1,13,15,114,39,8,176,40,34,74,250
01/31/2004,BTV,VT,ANE,EN,Towers with Radar,11,78,18,5,112,2,6,45,0,53,13,84,63,5,165,102,0,102,267
02/01/2004,BTV,VT,ANE,EN,Towers with Radar,10,77,20,2,109,1,10,52,0,63,11,87,72,2,172,48,0,48,220
02/02/2004,BTV,VT,ANE,EN,Towers with Radar,12,95,24,10,141,1,0,72,11,84,13,95,96,21,225,84,6,90,315
02/03/2004,BTV,VT,ANE,EN,Towers with Radar,12,88,25,9,134,1,0,31,8,40,13,88,56,17,174,66,20,86,260
02/04/2004,BTV,VT,ANE,EN,Towers with Radar,11,87,23,6,127,5,5,11,0,21,16,92,34,6,148,32,10,42,190
02/05/2004,BTV,VT,ANE,EN,Towers with Radar,15,98,30,12,155,0,0,57,20,77,15,98,87,32,232,106,40,146,378
02/06/2004,BTV,VT,ANE,EN,Towers with Radar,11,88,21,1,121,4,8,6,0,18,15,96,27,1,139,0,0,0,139
02/07/2004,BTV,VT,ANE,EN,Towers with Radar,9,68,16,7,100,1,13,0,6,20,10,81,16,13,120,0,0,0,120
02/08/2004,BTV,VT,ANE,EN,Towers with Radar,9,79,19,2,109,0,2,51,0,53,9,81,70,2,162,52,0,52,214
02/09/2004,BTV,VT,ANE,EN,Towers with Radar,11,94,23,10,138,0,0,42,10,52,11,94,65,20,190,58,6,64,254
02/10/2004,BTV,VT,ANE,EN,Towers with Radar,14,96,28,10,148,0,0,31,13,44,14,96,59,23,192,56,40,96,288
02/11/2004,BTV,VT,ANE,EN,Towers with Radar,14,100,26,9,149,1,0,8,13,22,15,100,34,22,171,96,14,110,281
02/12/2004,BTV,VT,ANE,EN,Towers with Radar,16,105,27,10,158,0,0,26,12,38,16,105,53,22,196,78,20,98,294
02/13/2004,BTV,VT,ANE,EN,Towers with Radar,10,86,22,1,119,0,6,82,0,88,10,92,104,1,207,92,0,92,299
02/14/2004,BTV,VT,ANE,EN,Towers with Radar,13,83,21,1,118,2,0,31,0,33,15,83,52,1,151,42,0,42,193
02/15/2004,BTV,VT,ANE,EN,Towers with Radar,10,69,17,0,96,1,14,39,0,54,11,83,56,0,150,14,0,14,164
02/16/2004,BTV,VT,ANE,EN,Towers with Radar,13,97,24,0,134,0,8,83,0,91,13,105,107,0,225,68,0,68,293
02/17/2004,BTV,VT,ANE,EN,Towers with Radar,14,96,25,9,144,0,0,40,24,64,14,96,65,33,208,92,4,96,304
02/18/2004,BTV,VT,ANE,EN,Towers with Radar,14,107,27,10,158,0,4,43,10,57,14,111,70,20,215,86,8,94,309
02/19/2004,BTV,VT,ANE,EN,Towers with Radar,14,111,31,11,167,0,0,2,17,19,14,111,33,28,186,28,28,56,242
02/20/2004,BTV,VT,ANE,EN,Towers with Radar,16,110,29,10,165,3,3,39,1,46,19,113,68,11,211,72,24,96,307
02/21/2004,BTV,VT,ANE,EN,Towers with Radar,9,59,10,0,78,0,14,0,0,14,9,73,10,0,92,0,0,0,92
02/22/2004,BTV,VT,ANE,EN,Towers with Radar,11,80,21,0,112,0,5,8,0,13,11,85,29,0,125,0,0,0,125
02/23/2004,BTV,VT,ANE,EN,Towers with Radar,13,87,23,3,126,0,10,46,0,56,13,97,69,3,182,40,0,40,222
02/24/2004,BTV,VT,ANE,EN,Towers with Radar,14,97,27,10,148,0,0,73,37,110,14,97,100,47,258,74,60,134,392
02/25/2004,BTV,VT,ANE,EN,Towers with Radar,14,98,26,10,148,0,1,73,18,92,14,99,99,28,240,92,26,118,358
02/26/2004,BTV,VT,ANE,EN,Towers with Radar,14,98,26,9,147,0,0,83,18,101,14,98,109,27,248,82,14,96,344
02/27/2004,BTV,VT,ANE,EN,Towers with Radar,15,104,28,11,158,0,0,121,13,134,15,104,149,24,292,120,54,174,466
02/28/2004,BTV,VT,ANE,EN,Towers with Radar,10,64,17,1,92,1,10,112,0,123,11,74,129,1,215,140,0,140,355
02/29/2004,BTV,VT,ANE,EN,Towers with Radar,10,89,23,0,122,0,0,103,0,103,10,89,126,0,225,34,0,34,259
03/01/2004,BTV,VT,ANE,EN,Towers with Radar,11,82,21,12,126,1,15,41,8,65,12,97,62,20,191,134,20,154,345
03/02/2004,BTV,VT,ANE,EN,Towers with Radar,12,98,25,14,149,2,6,14,19,41,14,104,39,33,190,0,10,10,200
03/03/2004,BTV,VT,ANE,EN,Towers with Radar,14,109,29,16,168,0,0,65,11,76,14,109,94,27,244,70,4,74,318
03/04/2004,BTV,VT,ANE,EN,Towers with Radar,11,91,23,12,137,0,10,37,12,59,11,101,60,24,196,102,4,106,302
03/05/2004,BTV,VT,ANE,EN,Towers with Radar,14,115,33,18,180,0,0,14,7,21,14,115,47,25,201,32,18,50,251
03/06/2004,BTV,VT,ANE,EN,Towers with Radar,9,72,18,10,109,5,1,23,13,42,14,73,41,23,151,138,18,156,307
03/07/2004,BTV,VT,ANE,EN,Towers with Radar,9,73,18,1,101,0,10,61,0,71,9,83,79,1,172,110,0,110,282
03/08/2004,BTV,VT,ANE,EN,Towers with Radar,10,78,20,2,110,2,5,1,0,8,12,83,21,2,118,74,0,74,192
03/09/2004,BTV,VT,ANE,EN,Towers with Radar,13,93,27,15,148,0,0,33,7,40,13,93,60,22,188,116,4,120,308
03/10/2004,BTV,VT,ANE,EN,Towers with Radar,14,111,30,17,172,0,0,89,11,100,14,111,119,28,272,128,20,148,420
03/11/2004,BTV,VT,ANE,EN,Towers with Radar,15,107,29,16,167,0,0,89,13,102,15,107,118,29,269,146,42,188,457
03/12/2004,BTV,VT,ANE,EN,Towers with Radar,14,104,29,16,163,0,0,18,6,24,14,104,47,22,187,30,20,50,237
03/13/2004,BTV,VT,ANE,EN,Towers with Radar,11,79,20,10,120,2,0,57,0,59,13,79,77,10,179,62,0,62,241
03/14/2004,BTV,VT,ANE,EN,Towers with Radar,10,84,22,7,123,0,4,93,0,97,10,88,115,7,220,72,0,72,292
03/15/2004,BTV,VT,ANE,EN,Towers with Radar,13,90,24,9,136,1,15,12,0,28,14,105,36,9,164,64,8,72,236
03/16/2004,BTV,VT,ANE,EN,Towers with Radar,12,86,23,12,133,0,8,11,3,22,12,94,34,15,155,76,14,90,245
03/17/2004,BTV,VT,ANE,EN,Towers with Radar,14,102,28,14,158,0,4,11,8,23,14,106,39,22,181,6,18,24,205
03/18/2004,BTV,VT,ANE,EN,Towers with Radar,13,103,29,13,158,0,0,29,0,29,13,103,58,13,187,64,8,72,259
03/19/2004,BTV,VT,ANE,EN,Towers with Radar,16,95,29,15,155,0,0,38,4,42,16,95,67,19,197,56,4,60,257
03/20/2004,BTV,VT,ANE,EN,Towers with Radar,11,76,21,6,114,8,3,32,0,43,19,79,53,6,157,12,0,12,169
03/21/2004,BTV,VT,ANE,EN,Towers with Radar,10,67,18,2,97,1,14,0,0,15,11,81,18,2,112,0,0,0,112
03/22/2004,BTV,VT,ANE,EN,Towers with Radar,11,87,24,12,134,0,8,44,16,68,11,95,68,28,202,38,42,80,282
03/23/2004,BTV,VT,ANE,EN,Towers with Radar,14,96,26,13,149,0,8,21,4,33,14,104,47,17,182,22,4,26,208
03/24/2004,BTV,VT,ANE,EN,Towers with Radar,14,104,28,14,160,0,0,83,22,105,14,104,111,36,265,166,16,182,447
03/25/2004,BTV,VT,ANE,EN,Towers with Radar,13,94,25,13,145,0,6,0,3,9,13,100,25,16,154,14,0,14,168
03/26/2004,BTV,VT,ANE,EN,Towers with Radar,14,95,26,4,139,1,18,51,0,70,15,113,77,4,209,90,2,92,301
03/27/2004,BTV,VT,ANE,EN,Towers with Radar,12,72,22,5,111,0,0,17,0,17,12,72,39,5,128,60,0,60,188
03/28/2004,BTV,VT,ANE,EN,Towers with Radar,10,82,25,8,125,0,0,103,0,103,10,82,128,8,228,82,0,82,310
03/29/2004,BTV,VT,ANE,EN,Towers with Radar,12,91,25,12,140,0,7,57,0,64,12,98,82,12,204,80,10,90,294
03/30/2004,BTV,VT,ANE,EN,Towers with Radar,14,103,28,15,160,0,29,69,8,106,14,132,97,23,266,102,30,132,398
03/31/2004,BTV,VT,ANE,EN,Towers with Radar,13,95,24,16,148,0,0,0,15,15,13,95,24,31,163,112,22,134,297
04/01/2004,BTV,VT,ANE,EN,Towers with Radar,15,97,26,19,157,0,0,0,10,10,15,97,26,29,167,52,26,78,245
04/02/2004,BTV,VT,ANE,EN,Towers with Radar,14,108,29,14,165,0,0,4,0,4,14,108,33,14,169,10,10,20,189
04/03/2004,BTV,VT,ANE,EN,Towers with Radar,13,75,26,17,131,0,0,21,25,46,13,75,47,42,177,10,48,58,235
04/04/2004,BTV,VT,ANE,EN,Towers with Radar,10,70,8,1,89,1,6,0,0,7,11,76,8,1,96,0,0,0,96
04/05/2004,BTV,VT,ANE,EN,Towers with Radar,11,76,9,4,100,3,17,0,0,20,14,93,9,4,120,0,0,0,120
04/06/2004,BTV,VT,ANE,EN,Towers with Radar,14,97,25,16,152,0,8,56,0,64,14,105,81,16,216,140,20,160,376
04/07/2004,BTV,VT,ANE,EN,Towers with Radar,15,112,30,20,177,0,0,62,5,67,15,112,92,25,244,204,20,224,468
04/08/2004,BTV,VT,ANE,EN,Towers with Radar,16,103,29,19,167,0,0,91,30,121,16,103,120,49,288,160,64,224,512
04/09/2004,BTV,VT,ANE,EN,Towers with Radar,14,99,26,17,156,3,12,71,3,89,17,111,97,20,245,152,16,168,413
04/10/2004,BTV,VT,ANE,EN,Towers with Radar,9,66,17,1,93,4,10,87,0,101,13,76,104,1,194,102,0,102,296
04/11/2004,BTV,VT,ANE,EN,Towers with Radar,9,60,15,0,84,1,25,31,0,57,10,85,46,0,141,24,0,24,165
04/12/2004,BTV,VT,ANE,EN,Towers with Radar,14,105,30,18,167,0,0,88,13,101,14,105,118,31,268,84,34,118,386
04/13/2004,BTV,VT,ANE,EN,Towers with Radar,14,103,30,14,161,0,0,12,0,12,14,103,42,14,173,16,22,38,211
04/14/2004,BTV,VT,ANE,EN,Towers with Radar,14,96,27,14,151,0,0,4,0,4,14,96,31,14,155,22,0,22,177
04/15/2004,BTV,VT,ANE,EN,Towers with Radar,16,103,28,17,164,2,11,31,5,49,18,114,59,22,213,142,30,172,385
04/16/2004,BTV,VT,ANE,EN,Towers with Radar,17,102,30,14,163,1,0,102,0,103,18,102,132,14,266,108,34,142,408
04/17/2004,BTV,VT,ANE,EN,Towers with Radar,13,80,22,0,115,2,6,51,0,59,15,86,73,0,174,50,0,50,224
04/18/2004,BTV,VT,ANE,EN,Towers with Radar,12,76,21,3,112,0,9,44,0,53,12,85,65,3,165,88,0,88,253
04/19/2004,BTV,VT,ANE,EN,Towers with Radar,12,77,21,2,112,0,24,18,0,42,12,101,39,2,154,30,0,30,184
04/20/2004,BTV,VT,ANE,EN,Towers with Radar,15,94,26,16,151,1,0,59,14,74,16,94,85,30,225,130,0,130,355
04/21/2004,BTV,VT,ANE,EN,Towers with Radar,15,99,27,17,158,0,8,32,3,43,15,107,59,20,201,64,32,96,297
04/22/2004,BTV,VT,ANE,EN,Towers with Radar,16,107,32,20,175,0,0,30,32,62,16,107,62,52,237,60,82,142,379
04/23/2004,BTV,VT,ANE,EN,Towers with Radar,16,107,29,18,170,0,6,58,2,66,16,113,87,20,236,60,26,86,322
04/24/2004,BTV,VT,ANE,EN,Towers with Radar,10,63,17,2,92,4,6,34,0,44,14,69,51,2,136,42,0,42,178
04/25/2004,BTV,VT,ANE,EN,Towers with Radar,13,81,22,1,117,0,0,76,0,76,13,81,98,1,193,58,0,58,251
04/26/2004,BTV,VT,ANE,EN,Towers with Radar,14,90,17,15,136,0,0,0,9,9,14,90,17,24,145,56,0,56,201
04/27/2004,BTV,VT,ANE,EN,Towers with Radar,16,104,32,20,172,0,0,50,21,71,16,104,82,41,243,50,32,82,325
04/28/2004,BTV,VT,ANE,EN,Towers with Radar,14,98,28,18,158,0,0,48,19,67,14,98,76,37,225,108,20,128,353
04/29/2004,BTV,VT,ANE,EN,Towers with Radar,18,113,30,20,181,1,0,43,25,69,19,113,73,45,250,80,14,94,344
04/30/2004,BTV,VT,ANE,EN,Towers with Radar,15,99,26,17,157,0,0,75,13,88,15,99,101,30,245,106,20,126,371
05/01/2004,BTV,VT,ANE,EN,Towers with Radar,8,55,19,2,84,5,11,51,0,67,13,66,70,2,151,26,0,26,177
05/02/2004,BTV,VT,ANE,EN,Towers with Radar,9,67,22,4,102,2,9,18,0,29,11,76,40,4,131,24,0,24,155
05/03/2004,BTV,VT,ANE,EN,Towers with Radar,14,94,31,11,150,1,5,11,0,17,15,99,42,11,167,24,0,24,191
05/04/2004,BTV,VT,ANE,EN,Towers with Radar,14,94,31,14,153,6,6,17,3,32,20,100,48,17,185,114,32,146,331
05/05/2004,BTV,VT,ANE,EN,Towers with Radar,13,92,31,14,150,4,4,12,13,33,17,96,43,27,183,120,32,152,335
05/06/2004,BTV,VT,ANE,EN,Towers with Radar,16,106,35,11,168,6,0,45,0,51,22,106,80,11,219,112,14,126,345
05/07/2004,BTV,VT,ANE,EN,Towers with Radar,14,96,32,7,149,0,9,59,0,68,14,105,91,7,217,64,0,64,281
05/08/2004,BTV,VT,ANE,EN,Towers with Radar,8,58,19,3,88,5,13,87,0,105,13,71,106,3,193,116,2,118,311
05/09/2004,BTV,VT,ANE,EN,Towers with Radar,11,70,23,7,111,1,8,82,0,91,12,78,105,7,202,42,0,42,244
05/10/2004,BTV,VT,ANE,EN,Towers with Radar,14,97,31,14,156,0,7,21,27,55,14,104,52,41,211,96,10,106,317
05/11/2004,BTV,VT,ANE,EN,Towers with Radar,14,108,35,15,172,0,0,45,28,73,14,108,80,43,245,70,58,128,373
05/12/2004,BTV,VT,ANE,EN,Towers with Radar,17,110,35,15,177,0,2,87,11,100,17,112,122,26,277,136,46,182,459
05/13/2004,BTV,VT,ANE,EN,Towers with Radar,16,104,36,16,172,0,0,28,23,51,16,104,64,39,223,110,36,146,369
05/14/2004,BTV,VT,ANE,EN,Towers with Radar,17,105,36,16,174,0,0,39,20,59,17,105,75,36,233,86,26,112,345
05/15/2004,BTV,VT,ANE,EN,Towers with Radar,10,60,19,3,92,4,16,13,0,33,14,76,32,3,125,156,0,156,281
05/16/2004,BTV,VT,ANE,EN,Towers with Radar,11,73,23,8,115,0,4,87,0,91,11,77,110,8,206,92,34,126,332
05/17/2004,BTV,VT,ANE,EN,Towers with Radar,12,94,33,15,154,0,0,100,20,120,12,94,133,35,274,90,30,120,394
05/18/2004,BTV,VT,ANE,EN,Towers with Radar,14,82,26,12,134,1,3,8,6,18,15,85,34,18,152,22,4,26,178
05/19/2004,BTV,VT,ANE,EN,Towers with Radar,15,99,32,15,161,0,6,107,22,135,15,105,139,37,296,114,10,124,420
05/20/2004,BTV,VT,ANE,EN,Towers with Radar,17,103,33,16,169,0,8,41,3,52,17,111,74,19,221,16,10,26,247
05/21/2004,BTV,VT,ANE,EN,Towers with Radar,17,97,33,9,156,0,0,73,0,73,17,97,106,9,229,136,0,136,365
05/22/2004,BTV,VT,ANE,EN,Towers with Radar,11,70,23,0,104,0,4,1,0,5,11,74,24,0,109,20,0,20,129
05/23/2004,BTV,VT,ANE,EN,Towers with Radar,11,83,29,0,123,0,0,28,0,28,11,83,57,0,151,58,0,58,209
05/24/2004,BTV,VT,ANE,EN,Towers with Radar,13,93,30,14,150,0,3,1,2,6,13,96,31,16,156,34,2,36,192
05/25/2004,BTV,VT,ANE,EN,Towers with Radar,20,100,46,20,186,0,0,59,18,77,20,100,105,38,263,182,28,210,473
05/26/2004,BTV,VT,ANE,EN,Towers with Radar,17,111,41,18,187,0,0,32,13,45,17,111,73,31,232,222,90,312,544
05/27/2004,BTV,VT,ANE,EN,Towers with Radar,17,109,38,16,180,0,0,88,1,89,17,109,126,17,269,82,26,108,377
05/28/2004,BTV,VT,ANE,EN,Towers with Radar,17,99,33,7,156,0,1,10,0,11,17,100,43,7,167,72,0,72,239
05/29/2004,BTV,VT,ANE,EN,Towers with Radar,11,64,21,5,101,1,2,83,0,86,12,66,104,5,187,122,0,122,309
05/30/2004,BTV,VT,ANE,EN,Towers with Radar,9,55,19,6,89,3,5,82,0,90,12,60,101,6,179,60,0,60,239
05/31/2004,BTV,VT,ANE,EN,Towers with Radar,12,81,27,8,128,0,5,95,0,100,12,86,122,8,228,58,8,66,294
06/01/2004,BTV,VT,ANE,EN,Towers with Radar,16,96,32,15,159,0,2,8,1,11,16,98,40,16,170,86,6,92,262
06/02/2004,BTV,VT,ANE,EN,Towers with Radar,18,113,42,21,194,0,0,55,19,74,18,113,97,40,268,120,14,134,402
06/03/2004,BTV,VT,ANE,EN,Towers with Radar,15,103,37,12,167,0,0,44,0,44,15,103,81,12,211,94,32,126,337
06/04/2004,BTV,VT,ANE,EN,Towers with Radar,15,101,34,14,164,0,0,91,0,91,15,101,125,14,255,136,2,138,393
06/05/2004,BTV,VT,ANE,EN,Towers with Radar,11,66,22,11,110,1,9,74,15,99,12,75,96,26,209,106,14,120,329
06/06/2004,BTV,VT,ANE,EN,Towers with Radar,12,72,24,8,116,1,6,74,0,81,13,78,98,8,197,34,0,34,231
06/07/2004,BTV,VT,ANE,EN,Towers with Radar,16,96,31,16,159,0,9,44,5,58,16,105,75,21,217,52,64,116,333
06/08/2004,BTV,VT,ANE,EN,Towers with Radar,18,102,36,19,175,1,0,74,43,118,19,102,110,62,293,178,46,224,517
06/09/2004,BTV,VT,ANE,EN,Towers with Radar,15,94,30,16,155,2,13,31,1,47,17,107,61,17,202,86,6,92,294
06/10/2004,BTV,VT,ANE,EN,Towers with Radar,16,102,39,20,177,0,0,101,20,121,16,102,140,40,298,228,29,257,555
06/11/2004,BTV,VT,ANE,EN,Towers with Radar,17,104,33,2,156,2,3,91,0,96,19,107,124,2,252,58,0,58,310
06/12/2004,BTV,VT,ANE,EN,Towers with Radar,13,78,25,10,126,4,0,131,0,135,17,78,156,10,261,106,0,106,367
06/13/2004,BTV,VT,ANE,EN,Towers with Radar,14,90,29,15,148,0,0,154,7,161,14,90,183,22,309,48,0,48,357
06/14/2004,BTV,VT,ANE,EN,Towers with Radar,14,86,28,15,143,1,11,23,16,51,15,97,51,31,194,84,18,102,296
06/15/2004,BTV,VT,ANE,EN,Towers with Radar,16,114,36,18,184,0,5,58,31,94,16,119,94,49,278,110,54,164,442
06/16/2004,BTV,VT,ANE,EN,Towers with Radar,17,104,34,18,173,1,0,76,32,109,18,104,110,50,282,156,12,168,450
06/17/2004,BTV,VT,ANE,EN,Towers with Radar,18,103,34,18,173,0,0,36,26,62,18,103,70,44,235,112,4,116,351
06/18/2004,BTV,VT,ANE,EN,Towers with Radar,18,106,35,18,177,0,0,31,13,44,18,106,66,31,221,112,14,126,347
06/19/2004,BTV,VT,ANE,EN,Towers with Radar,12,65,21,2,100,3,5,41,0,49,15,70,62,2,149,154,4,158,307
06/20/2004,BTV,VT,ANE,EN,Towers with Radar,13,72,23,2,110,1,16,94,0,111,14,88,117,2,221,8,0,8,229
06/21/2004,BTV,VT,ANE,EN,Towers with Radar,14,83,28,7,132,0,22,57,0,79,14,105,85,7,211,82,34,116,327
06/22/2004,BTV,VT,ANE,EN,Towers with Radar,17,99,33,16,165,1,4,7,4,16,18,103,40,20,181,0,4,4,185
06/23/2004,BTV,VT,ANE,EN,Towers with Radar,14,95,32,15,156,0,18,90,4,112,14,113,122,19,268,114,24,138,406
06/24/2004,BTV,VT,ANE,EN,Towers with Radar,19,103,37,18,177,1,0,60,2,63,20,103,97,20,240,126,46,172,412
06/25/2004,BTV,VT,ANE,EN,Towers with Radar,15,94,37,18,164,0,0,63,11,74,15,94,100,29,238,94,30,124,362
06/26/2004,BTV,VT,ANE,EN,Towers with Radar,13,72,24,8,117,3,2,66,0,71,16,74,90,8,188,22,70,92,280
06/27/2004,BTV,VT,ANE,EN,Towers with Radar,14,78,26,0,118,1,15,80,0,96,15,93,106,0,214,48,8,56,270
06/28/2004,BTV,VT,ANE,EN,Towers with Radar,15,93,31,15,154,0,8,66,0,74,15,101,97,15,228,92,8,100,328
06/29/2004,BTV,VT,ANE,EN,Towers with Radar,20,109,38,18,185,2,0,63,5,70,22,109,101,23,255,130,6,136,391
06/30/2004,BTV,VT,ANE,EN,Towers with Radar,18,106,35,12,171,0,3,72,0,75,18,109,107,12,246,186,0,186,432
07/01/2004,BTV,VT,ANE,EN,Towers with Radar,16,96,31,6,149,2,20,25,0,47,18,116,56,6,196,10,0,10,206
07/02/2004,BTV,VT,ANE,EN,Towers with Radar,18,101,36,9,164,0,0,89,14,103,18,101,125,23,267,90,90,180,447
07/03/2004,BTV,VT,ANE,EN,Towers with Radar,11,73,23,5,112,7,6,121,0,134,18,79,144,5,246,136,0,136,382
07/04/2004,BTV,VT,ANE,EN,Towers with Radar,10,59,19,5,93,6,2,63,0,71,16,61,82,5,164,12,8,20,184
07/05/2004,BTV,VT,ANE,EN,Towers with Radar,12,85,28,0,125,0,0,17,0,17,12,85,45,0,142,46,0,46,188
07/06/2004,BTV,VT,ANE,EN,Towers with Radar,15,98,32,8,153,0,0,59,2,61,15,98,91,10,214,98,14,112,326
07/07/2004,BTV,VT,ANE,EN,Towers with Radar,15,93,30,8,146,2,1,52,4,59,17,94,82,12,205,88,26,114,319
07/08/2004,BTV,VT,ANE,EN,Towers with Radar,15,92,30,7,144,6,18,45,4,73,21,110,75,11,217,28,0,28,245
07/09/2004,BTV,VT,ANE,EN,Towers with Radar,16,96,32,2,146,0,0,71,0,71,16,96,103,2,217,148,0,148,365
07/10/2004,BTV,VT,ANE,EN,Towers with Radar,14,76,27,7,124,3,0,62,3,68,17,76,89,10,192,82,4,86,278
07/11/2004,BTV,VT,ANE,EN,Towers with Radar,11,86,30,4,131,0,0,114,0,114,11,86,144,4,245,70,0,70,315
07/12/2004,BTV,VT,ANE,EN,Towers with Radar,15,90,29,6,140,3,0,54,0,57,18,90,83,6,197,104,20,124,321
07/13/2004,BTV,VT,ANE,EN,Towers with Radar,15,88,28,6,137,5,10,37,26,78,20,98,65,32,215,155,56,211,426
07/14/2004,BTV,VT,ANE,EN,Towers with Radar,16,94,30,7,147,2,1,27,7,37,18,95,57,14,184,120,60,180,364
07/15/2004,BTV,VT,ANE,EN,Towers with Radar,17,101,34,7,159,0,0,13,4,17,17,101,47,11,176,103,6,109,285
07/16/2004,BTV,VT,ANE,EN,Towers with Radar,19,95,37,8,159,0,0,30,8,38,19,95,67,16,197,14,4,18,215
07/17/2004,BTV,VT,ANE,EN,Towers with Radar,13,81,27,0,121,0,4,50,0,54,13,85,77,0,175,150,0,150,325
07/18/2004,BTV,VT,ANE,EN,Towers with Radar,13,90,32,0,135,0,0,60,0,60,13,90,92,0,195,78,6,84,279
07/19/2004,BTV,VT,ANE,EN,Towers with Radar,12,102,34,7,155,0,7,34,22,63,12,109,68,29,218,162,14,176,394
07/20/2004,BTV,VT,ANE,EN,Towers with Radar,17,114,38,8,177,0,3,46,14,63,17,117,84,22,240,170,8,178,418
07/21/2004,BTV,VT,ANE,EN,Towers with Radar,16,95,32,7,150,0,15,56,16,87,16,110,88,23,237,148,2,150,387
07/22/2004,BTV,VT,ANE,EN,Towers with Radar,18,116,40,8,182,0,0,48,18,66,18,116,88,26,248,153,4,157,405
07/23/2004,BTV,VT,ANE,EN,Towers with Radar,16,91,20,1,128,3,9,0,0,12,19,100,20,1,140,0,0,0,140
07/24/2004,BTV,VT,ANE,EN,Towers with Radar,15,87,29,6,137,0,1,105,1,107,15,88,134,7,244,106,44,150,394
07/25/2004,BTV,VT,ANE,EN,Towers with Radar,15,105,35,2,157,0,0,144,0,144,15,105,179,2,301,118,0,118,419
07/26/2004,BTV,VT,ANE,EN,Towers with Radar,15,99,33,7,154,0,10,76,6,92,15,109,109,13,246,116,2,118,364
07/27/2004,BTV,VT,ANE,EN,Towers with Radar,18,101,34,7,160,1,0,7,11,19,19,101,41,18,179,44,8,52,231
07/28/2004,BTV,VT,ANE,EN,Towers with Radar,15,106,36,7,164,0,7,17,23,47,15,113,53,30,211,137,70,207,418
07/29/2004,BTV,VT,ANE,EN,Towers with Radar,22,120,41,9,192,0,0,57,29,86,22,120,98,38,278,186,110,296,574
07/30/2004,BTV,VT,ANE,EN,Towers with Radar,21,107,38,8,174,0,0,90,11,101,21,107,128,19,275,172,26,198,473
07/31/2004,BTV,VT,ANE,EN,Towers with Radar,14,79,25,0,118,1,18,1,0,20,15,97,26,0,138,0,0,0,138
08/01/2004,BTV,VT,ANE,EN,Towers with Radar,13,88,31,0,132,0,0,95,0,95,13,88,126,0,227,138,0,138,365
08/02/2004,BTV,VT,ANE,EN,Towers with Radar,15,99,33,11,158,0,8,71,1,80,15,107,104,12,238,52,24,76,314
08/03/2004,BTV,VT,ANE,EN,Towers with Radar,17,101,34,12,164,0,2,29,13,44,17,103,63,25,208,64,10,74,282
08/04/2004,BTV,VT,ANE,EN,Towers with Radar,14,99,35,13,161,0,0,66,10,76,14,99,101,23,237,118,28,146,383
08/05/2004,BTV,VT,ANE,EN,Towers with Radar,17,98,34,12,161,2,0,47,12,61,19,98,81,24,222,112,2,114,336
08/06/2004,BTV,VT,ANE,EN,Towers with Radar,18,107,36,13,174,1,0,40,1,42,19,107,76,14,216,138,10,148,364
08/07/2004,BTV,VT,ANE,EN,Towers with Radar,13,81,27,9,130,1,6,14,6,27,14,87,41,15,157,118,4,122,279
08/08/2004,BTV,VT,ANE,EN,Towers with Radar,14,85,28,6,133,1,9,97,0,107,15,94,125,6,240,112,10,122,362
08/09/2004,BTV,VT,ANE,EN,Towers with Radar,18,105,36,13,172,1,0,112,1,114,19,105,148,14,286,108,20,128,414
08/10/2004,BTV,VT,ANE,EN,Towers with Radar,17,103,34,12,166,4,2,61,8,75,21,105,95,20,241,148,12,160,401
08/11/2004,BTV,VT,ANE,EN,Towers with Radar,17,99,34,12,162,0,0,24,10,34,17,99,58,22,196,182,12,194,390
08/12/2004,BTV,VT,ANE,EN,Towers with Radar,19,98,37,13,167,0,0,5,14,19,19,98,42,27,186,10,16,26,212
08/13/2004,BTV,VT,ANE,EN,Towers with Radar,19,106,37,9,171,2,0,0,0,2,21,106,37,9,173,10,8,18,191
08/14/2004,BTV,VT,ANE,EN,Towers with Radar,14,87,29,10,140,0,0,109,6,115,14,87,138,16,255,190,8,198,453
08/15/2004,BTV,VT,ANE,EN,Towers with Radar,16,95,33,8,152,4,10,65,0,79,20,105,98,8,231,76,0,76,307
08/16/2004,BTV,VT,ANE,EN,Towers with Radar,17,102,35,6,160,2,7,23,0,32,19,109,58,6,192,94,0,94,286
08/17/2004,BTV,VT,ANE,EN,Towers with Radar,15,91,41,13,160,0,0,90,23,113,15,91,131,36,273,65,57,122,395
08/18/2004,BTV,VT,ANE,EN,Towers with Radar,19,105,36,12,172,2,4,21,17,44,21,109,57,29,216,150,34,184,400
08/19/2004,BTV,VT,ANE,EN,Towers with Radar,18,100,35,11,164,0,0,8,18,26,18,100,43,29,190,128,14,142,332
08/20/2004,BTV,VT,ANE,EN,Towers with Radar,18,104,38,11,171,0,0,72,16,88,18,104,110,27,259,130,26,156,415
08/21/2004,BTV,VT,ANE,EN,Towers with Radar,14,76,26,3,119,2,18,22,0,42,16,94,48,3,161,24,4,28,189
08/22/2004,BTV,VT,ANE,EN,Towers with Radar,16,93,32,0,141,0,13,147,0,160,16,106,179,0,301,98,2,100,401
08/23/2004,BTV,VT,ANE,EN,Towers with Radar,18,106,37,12,173,0,0,30,17,47,18,106,67,29,220,80,44,124,344
08/24/2004,BTV,VT,ANE,EN,Towers with Radar,17,94,33,11,155,2,6,72,12,92,19,100,105,23,247,154,22,176,423
08/25/2004,BTV,VT,ANE,EN,Towers with Radar,19,104,36,13,172,0,1,79,11,91,19,105,115,24,263,138,18,156,419
08/26/2004,BTV,VT,ANE,EN,Towers with Radar,19,117,40,14,190,0,3,102,10,115,19,120,142,24,305,176,12,188,493
08/27/2004,BTV,VT,ANE,EN,Towers with Radar,24,123,46,16,209,0,0,70,9,79,24,123,116,25,288,59,8,67,355
08/28/2004,BTV,VT,ANE,EN,Towers with Radar,15,86,31,0,132,0,0,72,0,72,15,86,103,0,204,46,0,46,250
08/29/2004,BTV,VT,ANE,EN,Towers with Radar,16,93,32,0,141,0,18,34,0,52,16,111,66,0,193,82,0,82,275
08/30/2004,BTV,VT,ANE,EN,Towers with Radar,18,106,37,12,173,0,6,1,0,7,18,112,38,12,180,4,8,12,192
08/31/2004,BTV,VT,ANE,EN,Towers with Radar,18,102,34,12,166,3,1,23,17,44,21,103,57,29,210,114,64,178,388
09/01/2004,BTV,VT,ANE,EN,Towers with Radar,17,97,31,14,159,4,1,37,7,49,21,98,68,21,208,122,8,130,338
09/02/2004,BTV,VT,ANE,EN,Towers with Radar,20,104,38,17,179,0,0,117,18,135,20,104,155,35,314,146,48,194,508
09/03/2004,BTV,VT,ANE,EN,Towers with Radar,19,104,32,10,165,4,10,96,0,110,23,114,128,10,275,82,0,82,357
09/04/2004,BTV,VT,ANE,EN,Towers with Radar,15,74,25,0,114,8,0,62,0,70,23,74,87,0,184,34,0,34,218
09/05/2004,BTV,VT,ANE,EN,Towers with Radar,15,79,26,0,120,5,0,75,0,80,20,79,101,0,200,16,0,16,216
09/06/2004,BTV,VT,ANE,EN,Towers with Radar,15,85,26,0,126,1,6,72,0,79,16,91,98,0,205,16,0,16,221
09/07/2004,BTV,VT,ANE,EN,Towers with Radar,16,92,28,13,149,2,5,11,8,26,18,97,39,21,175,38,8,46,221
09/08/2004,BTV,VT,ANE,EN,Towers with Radar,19,107,27,15,168,1,2,0,10,13,20,109,27,25,181,0,8,8,189
09/09/2004,BTV,VT,ANE,EN,Towers with Radar,19,106,33,1,159,1,4,5,0,10,20,110,38,1,169,26,0,26,195
09/10/2004,BTV,VT,ANE,EN,Towers with Radar,24,124,42,19,209,0,0,53,0,53,24,124,95,19,262,68,0,68,330
09/11/2004,BTV,VT,ANE,EN,Towers with Radar,16,76,27,12,131,4,0,172,26,202,20,76,199,38,333,78,24,102,435
09/12/2004,BTV,VT,ANE,EN,Towers with Radar,17,104,32,9,162,0,1,157,0,158,17,105,189,9,320,84,14,98,418
09/13/2004,BTV,VT,ANE,EN,Towers with Radar,16,99,31,13,159,0,5,45,10,60,16,104,76,23,219,22,42,64,283
09/14/2004,BTV,VT,ANE,EN,Towers with Radar,18,102,32,14,166,0,1,77,16,94,18,103,109,30,260,86,48,134,394
09/15/2004,BTV,VT,ANE,EN,Towers with Radar,18,120,38,17,193,0,0,61,25,86,18,120,99,42,279,86,54,140,419
09/16/2004,BTV,VT,ANE,EN,Towers with Radar,17,118,41,18,194,0,0,61,30,91,17,118,102,48,285,162,50,212,497
09/17/2004,BTV,VT,ANE,EN,Towers with Radar,22,116,37,15,190,6,2,49,2,59,28,118,86,17,249,142,24,166,415
09/18/2004,BTV,VT,ANE,EN,Towers with Radar,15,77,25,5,122,5,14,54,0,73,20,91,79,5,195,128,0,128,323
09/19/2004,BTV,VT,ANE,EN,Towers with Radar,16,97,31,2,146,0,0,85,0,85,16,97,116,2,231,152,0,152,383
09/20/2004,BTV,VT,ANE,EN,Towers with Radar,16,95,31,13,155,0,15,44,9,68,16,110,75,22,223,70,14,84,307
09/21/2004,BTV,VT,ANE,EN,Towers with Radar,22,120,39,16,197,0,1,56,25,82,22,121,95,41,279,132,22,154,433
09/22/2004,BTV,VT,ANE,EN,Towers with Radar,19,120,38,15,192,0,3,70,21,94,19,123,108,36,286,96,48,144,430
09/23/2004,BTV,VT,ANE,EN,Towers with Radar,20,120,40,17,197,0,0,75,31,106,20,120,115,48,303,96,8,104,407
09/24/2004,BTV,VT,ANE,EN,Towers with Radar,16,107,35,9,167,0,28,133,0,161,16,135,168,9,328,104,2,106,434
09/25/2004,BTV,VT,ANE,EN,Towers with Radar,14,72,23,6,115,4,12,43,0,59,18,84,66,6,174,88,8,96,270
09/26/2004,BTV,VT,ANE,EN,Towers with Radar,17,87,28,1,133,0,17,130,0,147,17,104,158,1,280,120,0,120,400
09/27/2004,BTV,VT,ANE,EN,Towers with Radar,15,107,34,14,170,0,8,95,11,114,15,115,129,25,284,112,8,120,404
09/28/2004,BTV,VT,ANE,EN,Towers with Radar,21,111,40,16,188,0,0,17,25,42,21,111,57,41,230,80,122,202,432
09/29/2004,BTV,VT,ANE,EN,Towers with Radar,21,119,39,16,195,0,0,49,16,65,21,119,88,32,260,38,20,58,318
09/30/2004,BTV,VT,ANE,EN,Towers with Radar,21,124,40,16,201,0,4,51,0,55,21,128,91,16,256,62,4,66,322
10/01/2004,BTV,VT,ANE,EN,Towers with Radar,21,130,47,32,230,0,3,116,9,128,21,133,163,41,358,70,70,140,498
10/02/2004,BTV,VT,ANE,EN,Towers with Radar,21,99,27,24,171,0,1,40,4,45,21,100,67,28,216,70,44,114,330
10/03/2004,BTV,VT,ANE,EN,Towers with Radar,17,121,35,3,176,0,0,148,4,152,17,121,183,7,328,108,2,110,438
10/04/2004,BTV,VT,ANE,EN,Towers with Radar,19,104,15,15,153,0,1,27,3,31,19,105,42,18,184,16,26,42,226
10/05/2004,BTV,VT,ANE,EN,Towers with Radar,20,100,24,58,202,0,3,83,27,113,20,103,107,85,315,132,56,188,503
10/06/2004,BTV,VT,ANE,EN,Towers with Radar,17,111,45,43,216,0,5,39,8,52,17,116,84,51,268,30,34,64,332
10/07/2004,BTV,VT,ANE,EN,Towers with Radar,24,127,46,18,215,0,3,61,7,71,24,130,107,25,286,80,26,106,392
10/08/2004,BTV,VT,ANE,EN,Towers with Radar,21,128,42,0,191,0,4,84,6,94,21,132,126,6,285,108,0,108,393
10/09/2004,BTV,VT,ANE,EN,Towers with Radar,18,85,17,2,122,0,0,27,1,28,18,85,44,3,150,36,8,44,194
10/10/2004,BTV,VT,ANE,EN,Towers with Radar,18,86,45,0,149,0,0,68,3,71,18,86,113,3,220,142,0,142,362
10/11/2004,BTV,VT,ANE,EN,Towers with Radar,16,107,34,4,161,0,9,21,0,30,16,116,55,4,191,20,0,20,211
10/12/2004,BTV,VT,ANE,EN,Towers with Radar,21,113,37,30,201,0,2,44,10,56,21,115,81,40,257,82,18,100,357
10/13/2004,BTV,VT,ANE,EN,Towers with Radar,23,95,33,19,170,0,28,133,8,169,23,123,166,27,339,106,36,142,481
10/14/2004,BTV,VT,ANE,EN,Towers with Radar,19,108,20,26,173,0,2,79,11,92,19,110,99,37,265,100,30,130,395
10/15/2004,BTV,VT,ANE,EN,Towers with Radar,23,129,8,36,196,0,1,51,0,52,23,130,59,36,248,60,54,114,362
10/16/2004,BTV,VT,ANE,EN,Towers with Radar,19,93,16,8,136,0,0,8,1,9,19,93,24,9,145,148,14,162,307
10/17/2004,BTV,VT,ANE,EN,Towers with Radar,16,98,29,0,143,0,0,34,2,36,16,98,63,2,179,58,0,58,237
10/18/2004,BTV,VT,ANE,EN,Towers with Radar,13,104,28,22,167,0,0,66,6,72,13,104,94,28,239,76,6,82,321
10/19/2004,BTV,VT,ANE,EN,Towers with Radar,20,118,44,46,228,0,0,60,11,71,20,118,104,57,299,38,86,124,423
10/20/2004,BTV,VT,ANE,EN,Towers with Radar,18,105,27,11,161,0,0,53,6,59,18,105,80,17,220,50,12,62,282
10/21/2004,BTV,VT,ANE,EN,Towers with Radar,17,110,33,17,177,0,1,39,9,49,17,111,72,26,226,76,22,98,324
10/22/2004,BTV,VT,ANE,EN,Towers with Radar,20,130,43,22,215,0,3,50,0,53,20,133,93,22,268,108,4,112,380
10/23/2004,BTV,VT,ANE,EN,Towers with Radar,18,80,20,3,121,0,1,82,0,83,18,81,102,3,204,46,0,46,250
10/24/2004,BTV,VT,ANE,EN,Towers with Radar,15,88,48,0,151,0,2,95,1,98,15,90,143,1,249,96,0,96,345
10/25/2004,BTV,VT,ANE,EN,Towers with Radar,16,104,20,31,171,0,0,53,5,58,16,104,73,36,229,104,12,116,345
10/26/2004,BTV,VT,ANE,EN,Towers with Radar,18,97,36,24,175,0,0,16,18,34,18,97,52,42,209,134,24,158,367
10/27/2004,BTV,VT,ANE,EN,Towers with Radar,13,114,32,38,197,0,1,41,7,49,13,115,73,45,246,88,36,124,370
10/28/2004,BTV,VT,ANE,EN,Towers with Radar,18,113,29,20,180,0,0,72,13,85,18,113,101,33,265,124,6,130,395
10/29/2004,BTV,VT,ANE,EN,Towers with Radar,22,126,26,4,178,0,0,86,11,97,22,126,112,15,275,76,4,80,355
10/30/2004,BTV,VT,ANE,EN,Towers with Radar,16,71,16,0,103,0,0,12,16,28,16,71,28,16,131,68,12,80,211
10/31/2004,BTV,VT,ANE,EN,Towers with Radar,12,89,18,1,120,0,0,34,0,34,12,89,52,1,154,80,0,80,234
11/01/2004,BTV,VT,ANE,EN,Combined TRACON& Tower with Radar,11,102,37,40,190,0,0,45,2,47,11,102,82,42,237,78,20,98,335
11/02/2004,BTV,VT,ANE,EN,Combined TRACON& Tower with Radar,15,113,9,15,152,0,0,11,2,13,15,113,20,17,165,109,28,137,302
11/03/2004,BTV,VT,ANE,EN,Combined TRACON& Tower with Radar,16,106,26,16,164,0,5,27,4,36,16,111,53,20,200,50,30,80,280
11/04/2004,BTV,VT,ANE,EN,Combined TRACON& Tower with Radar,16,105,26,16,163,0,1,31,12,44,16,106,57,28,207,112,16,128,335
11/05/2004,BTV,VT,ANE,EN,Combined TRACON& Tower with Radar,12,104,30,25,171,0,0,0,0,0,12,104,30,25,171,0,12,12,183
11/06/2004,BTV,VT,ANE,EN,Combined TRACON& Tower with Radar,13,73,23,25,134,0,2,12,16,30,13,75,35,41,164,94,22,116,280
11/07/2004,BTV,VT,ANE,EN,Combined TRACON& Tower with Radar,10,84,25,3,122,0,1,23,9,33,10,85,48,12,155,84,14,98,253
11/08/2004,BTV,VT,ANE,EN,Combined TRACON& Tower with Radar,13,103,19,19,154,0,3,10,5,18,13,106,29,24,172,64,32,96,268
11/09/2004,BTV,VT,ANE,EN,Combined TRACON& Tower with Radar,15,112,28,25,180,0,4,30,5,39,15,116,58,30,219,46,28,74,293
11/10/2004,BTV,VT,ANE,EN,Combined TRACON& Tower with Radar,17,122,19,19,177,0,1,56,13,70,17,123,75,32,247,54,44,98,345
11/11/2004,BTV,VT,ANE,EN,Combined TRACON& Tower with Radar,17,118,38,1,174,0,4,21,6,31,17,122,59,7,205,32,0,32,237
11/12/2004,BTV,VT,ANE,EN,Combined TRACON& Tower with Radar,15,85,35,4,139,0,9,28,27,64,15,94,63,31,203,64,10,74,277
11/13/2004,BTV,VT,ANE,EN,Combined TRACON& Tower with Radar,13,74,16,0,103,0,0,31,12,43,13,74,47,12,146,182,0,182,328
11/14/2004,BTV,VT,ANE,EN,Combined TRACON& Tower with Radar,11,85,29,0,125,0,0,72,5,77,11,85,101,5,202,252,0,252,454
11/15/2004,BTV,VT,ANE,EN,Combined TRACON& Tower with Radar,16,115,33,17,181,0,1,48,7,56,16,116,81,24,237,72,22,94,331
11/16/2004,BTV,VT,ANE,EN,Combined TRACON& Tower with Radar,15,105,19,18,157,0,0,67,14,81,15,105,86,32,238,66,12,78,316
11/17/2004,BTV,VT,ANE,EN,Combined TRACON& Tower with Radar,19,124,22,24,189,0,0,50,13,63,19,124,72,37,252,56,26,82,334
11/18/2004,BTV,VT,ANE,EN,Combined TRACON& Tower with Radar,19,134,26,21,200,0,1,21,7,29,19,135,47,28,229,92,8,100,329
11/19/2004,BTV,VT,ANE,EN,Combined TRACON& Tower with Radar,22,114,31,12,179,0,0,51,8,59,22,114,82,20,238,76,8,84,322
11/20/2004,BTV,VT,ANE,EN,Combined TRACON& Tower with Radar,14,80,12,0,106,0,0,43,3,46,14,80,55,3,152,190,0,190,342
11/21/2004,BTV,VT,ANE,EN,Combined TRACON& Tower with Radar,11,89,38,0,138,0,0,5,0,5,11,89,43,0,143,20,0,20,163
11/22/2004,BTV,VT,ANE,EN,Combined TRACON& Tower with Radar,13,97,44,11,165,0,0,35,15,50,13,97,79,26,215,80,24,104,319
11/23/2004,BTV,VT,ANE,EN,Combined TRACON& Tower with Radar,17,115,28,15,175,0,0,77,33,110,17,115,105,48,285,76,18,94,379
11/24/2004,BTV,VT,ANE,EN,Combined TRACON& Tower with Radar,12,90,44,31,177,0,0,0,0,0,12,90,44,31,177,78,8,86,263
11/25/2004,BTV,VT,ANE,EN,Combined TRACON& Tower with Radar,12,72,7,0,91,0,0,0,0,0,12,72,7,0,91,0,0,0,91
11/26/2004,BTV,VT,ANE,EN,Combined TRACON& Tower with Radar,17,81,19,5,122,0,2,41,3,46,17,83,60,8,168,18,0,18,186
11/27/2004,BTV,VT,ANE,EN,Combined TRACON& Tower with Radar,19,84,38,6,147,0,2,46,5,53,19,86,84,11,200,132,0,132,332
11/28/2004,BTV,VT,ANE,EN,Combined TRACON& Tower with Radar,9,91,32,0,132,0,0,11,0,11,9,91,43,0,143,0,0,0,143
11/29/2004,BTV,VT,ANE,EN,Combined TRACON& Tower with Radar,15,111,35,27,188,0,6,37,22,65,15,117,72,49,253,120,78,198,451
11/30/2004,BTV,VT,ANE,EN,Combined TRACON& Tower with Radar,20,103,24,22,169,0,3,78,25,106,20,106,102,47,275,124,48,172,447
12/01/2004,BTV,VT,ANE,EN,Combined TRACON& Tower with Radar,13,92,19,9,133,0,0,1,0,1,13,92,20,9,134,8,16,24,158
12/02/2004,BTV,VT,ANE,EN,Combined TRACON& Tower with Radar,21,105,22,27,175,0,0,22,5,27,21,105,44,32,202,86,40,126,328
12/03/2004,BTV,VT,ANE,EN,Combined TRACON& Tower with Radar,29,87,5,1,122,0,0,0,0,0,29,87,5,1,122,4,0,4,126
12/04/2004,BTV,VT,ANE,EN,Combined TRACON& Tower with Radar,13,76,15,19,123,0,0,40,19,59,13,76,55,38,182,138,34,172,354
12/05/2004,BTV,VT,ANE,EN,Combined TRACON& Tower with Radar,10,79,23,1,113,0,0,35,1,36,10,79,58,2,149,118,0,118,267
12/06/2004,BTV,VT,ANE,EN,Combined TRACON& Tower with Radar,13,97,23,2,135,0,5,18,2,25,13,102,41,4,160,32,0,32,192
12/07/2004,BTV,VT,ANE,EN,Combined TRACON& Tower with Radar,17,105,8,3,133,0,0,3,3,6,17,105,11,6,139,6,10,16,155
12/08/2004,BTV,VT,ANE,EN,Combined TRACON& Tower with Radar,15,75,18,26,134,0,31,15,8,54,15,106,33,34,188,48,12,60,248
12/09/2004,BTV,VT,ANE,EN,Combined TRACON& Tower with Radar,14,103,88,43,248,0,0,0,2,2,14,103,88,45,250,146,34,180,430
12/10/2004,BTV,VT,ANE,EN,Combined TRACON& Tower with Radar,14,97,26,25,162,0,1,4,1,6,14,98,30,26,168,66,66,132,300
12/11/2004,BTV,VT,ANE,EN,Combined TRACON& Tower with Radar,11,67,6,0,84,1,0,0,0,1,12,67,6,0,85,0,0,0,85
12/12/2004,BTV,VT,ANE,EN,Combined TRACON& Tower with Radar,10,96,30,0,136,0,0,0,0,0,10,96,30,0,136,66,0,66,202
12/13/2004,BTV,VT,ANE,EN,Combined TRACON& Tower with Radar,15,102,5,34,156,0,1,9,7,17,15,103,14,41,173,22,10,32,205
12/14/2004,BTV,VT,ANE,EN,Combined TRACON& Tower with Radar,20,102,18,29,169,0,0,8,15,23,20,102,26,44,192,16,14,30,222
12/15/2004,BTV,VT,ANE,EN,Combined TRACON& Tower with Radar,13,101,25,10,149,0,1,44,30,75,13,102,69,40,224,48,10,58,282
12/16/2004,BTV,VT,ANE,EN,Combined TRACON& Tower with Radar,18,111,62,38,229,0,0,0,0,0,18,111,62,38,229,122,29,151,380
12/17/2004,BTV,VT,ANE,EN,Combined TRACON& Tower with Radar,13,99,51,15,178,0,0,1,0,1,13,99,52,15,179,10,40,50,229
12/18/2004,BTV,VT,ANE,EN,Combined TRACON& Tower with Radar,14,80,25,1,120,0,0,48,6,54,14,80,73,7,174,122,2,124,298
12/19/2004,BTV,VT,ANE,EN,Combined TRACON& Tower with Radar,13,85,30,0,128,0,0,17,2,19,13,85,47,2,147,36,4,40,187
12/20/2004,BTV,VT,ANE,EN,Combined TRACON& Tower with Radar,14,101,24,7,146,0,0,5,3,8,14,101,29,10,154,0,64,64,218
12/21/2004,BTV,VT,ANE,EN,Combined TRACON& Tower with Radar,19,106,21,25,171,0,3,27,10,40,19,109,48,35,211,10,22,32,243
12/22/2004,BTV,VT,ANE,EN,Combined TRACON& Tower with Radar,16,109,20,25,170,0,1,9,5,15,16,110,29,30,185,0,68,68,253
12/23/2004,BTV,VT,ANE,EN,Combined TRACON& Tower with Radar,13,88,8,4,113,0,0,4,0,4,13,88,12,4,117,8,0,8,125
12/24/2004,BTV,VT,ANE,EN,Combined TRACON& Tower with Radar,14,80,18,1,113,0,0,14,1,15,14,80,32,2,128,12,0,12,140
12/25/2004,BTV,VT,ANE,EN,Combined TRACON& Tower with Radar,12,74,12,0,98,0,0,21,5,26,12,74,33,5,124,0,0,0,124
12/26/2004,BTV,VT,ANE,EN,Combined TRACON& Tower with Radar,10,72,34,0,116,0,0,0,0,0,10,72,34,0,116,0,0,0,116
12/27/2004,BTV,VT,ANE,EN,Combined TRACON& Tower with Radar,16,92,36,13,157,0,0,12,2,14,16,92,48,15,171,6,0,6,177
12/28/2004,BTV,VT,ANE,EN,Combined TRACON& Tower with Radar,16,103,26,29,174,0,0,15,7,22,16,103,41,36,196,42,54,96,292
12/29/2004,BTV,VT,ANE,EN,Combined TRACON& Tower with Radar,13,107,16,6,142,0,0,2,0,2,13,107,18,6,144,0,0,0,144
12/30/2004,BTV,VT,ANE,EN,Combined TRACON& Tower with Radar,13,90,32,21,156,0,1,55,14,70,13,91,87,35,226,93,20,113,339
12/31/2004,BTV,VT,ANE,EN,Combined TRACON& Tower with Radar,17,100,19,0,136,0,2,1,0,3,17,102,20,0,139,2,0,2,141
01/01/2005,BTV,VT,ANE,EN,Combined TRACON& Tower with Radar,9,79,15,0,103,0,0,20,1,21,9,79,35,1,124,58,0,58,182
01/02/2005,BTV,VT,ANE,EN,Combined TRACON& Tower with Radar,7,71,21,0,99,0,0,14,2,16,7,71,35,2,115,60,0,60,175
01/03/2005,BTV,VT,ANE,EN,Combined TRACON& Tower with Radar,18,107,15,4,144,0,3,20,0,23,18,110,35,4,167,50,0,50,217
01/04/2005,BTV,VT,ANE,EN,Combined TRACON& Tower with Radar,15,105,11,21,152,0,0,13,5,18,15,105,24,26,170,102,32,134,304
01/05/2005,BTV,VT,ANE,EN,Combined TRACON& Tower with Radar,13,87,20,26,146,0,0,19,6,25,13,87,39,32,171,88,50,138,309
01/06/2005,BTV,VT,ANE,EN,Combined TRACON& Tower with Radar,15,82,12,7,116,0,0,6,0,6,15,82,18,7,122,20,0,20,142
01/07/2005,BTV,VT,ANE,EN,Combined TRACON& Tower with Radar,17,61,25,11,114,0,40,45,7,92,17,101,70,18,206,64,14,78,284
01/08/2005,BTV,VT,ANE,EN,Combined TRACON& Tower with Radar,13,69,5,7,94,0,0,5,2,7,13,69,10,9,101,94,0,94,195
01/09/2005,BTV,VT,ANE,EN,Combined TRACON& Tower with Radar,8,76,29,16,129,0,1,37,1,39,8,77,66,17,168,92,20,112,280
01/10/2005,BTV,VT,ANE,EN,Combined TRACON& Tower with Radar,18,94,15,15,142,0,1,8,9,18,18,95,23,24,160,46,24,70,230
01/11/2005,BTV,VT,ANE,EN,Combined TRACON& Tower with Radar,14,88,32,7,141,0,3,46,17,66,14,91,78,24,207,86,10,96,303
01/12/2005,BTV,VT,ANE,EN,Combined TRACON& Tower with Radar,16,88,0,0,104,0,0,0,0,0,16,88,0,0,104,0,0,0,104
01/13/2005,BTV,VT,ANE,EN,Combined TRACON& Tower with Radar,14,101,28,18,161,0,0,1,0,1,14,101,29,18,162,0,0,0,162
01/14/2005,BTV,VT,ANE,EN,Combined TRACON& Tower with Radar,18,111,42,8,179,0,0,13,6,19,18,111,55,14,198,6,12,18,216
01/15/2005,BTV,VT,ANE,EN,Combined TRACON& Tower with Radar,13,59,26,4,102,0,10,65,5,80,13,69,91,9,182,164,0,164,346
01/16/2005,BTV,VT,ANE,EN,Combined TRACON& Tower with Radar,14,78,26,4,122,0,1,37,3,41,14,79,63,7,163,134,0,134,297
01/17/2005,BTV,VT,ANE,EN,Combined TRACON& Tower with Radar,13,97,31,5,146,0,2,0,0,2,13,99,31,5,148,0,0,0,148
01/18/2005,BTV,VT,ANE,EN,Combined TRACON& Tower with Radar,17,116,25,3,161,0,1,14,8,23,17,117,39,11,184,4,8,12,196
01/19/2005,BTV,VT,ANE,EN,Combined TRACON& Tower with Radar,18,94,12,11,135,0,0,6,3,9,18,94,18,14,144,38,18,56,200
01/20/2005,BTV,VT,ANE,EN,Combined TRACON& Tower with Radar,15,108,13,8,144,0,0,7,2,9,15,108,20,10,153,8,16,24,177
01/21/2005,BTV,VT,ANE,EN,Combined TRACON& Tower with Radar,15,96,16,9,136,0,0,11,7,18,15,96,27,16,154,0,2,2,156
01/22/2005,BTV,VT,ANE,EN,Combined TRACON& Tower with Radar,10,49,4,7,70,0,1,4,0,5,10,50,8,7,75,0,4,4,79
01/23/2005,BTV,VT,ANE,EN,Combined TRACON& Tower with Radar,9,41,11,2,63,0,0,0,0,0,9,41,11,2,63,0,0,0,63
01/24/2005,BTV,VT,ANE,EN,Combined TRACON& Tower with Radar,17,76,12,19,124,0,0,10,4,14,17,76,22,23,138,10,16,26,164
01/25/2005,BTV,VT,ANE,EN,Combined TRACON& Tower with Radar,14,82,27,25,148,0,3,11,16,30,14,85,38,41,178,68,32,100,278
01/26/2005,BTV,VT,ANE,EN,Combined TRACON& Tower with Radar,14,76,23,15,128,0,0,2,0,2,14,76,25,15,130,8,0,8,138
01/27/2005,BTV,VT,ANE,EN,Combined TRACON& Tower with Radar,14,103,10,22,149,0,3,19,19,41,14,106,29,41,190,14,14,28,218
01/28/2005,BTV,VT,ANE,EN,Combined TRACON& Tower with Radar,17,106,30,22,175,0,5,44,4,53,17,111,74,26,228,22,24,46,274
01/29/2005,BTV,VT,ANE,EN,Combined TRACON& Tower with Radar,16,74,17,0,107,0,1,64,1,66,16,75,81,1,173,108,0,108,281
01/30/2005,BTV,VT,ANE,EN,Combined TRACON& Tower with Radar,9,83,26,4,122,1,0,59,0,60,10,83,85,4,182,126,30,156,338
01/31/2005,BTV,VT,ANE,EN,Combined TRACON& Tower with Radar,17,100,33,7,157,0,1,37,0,38,17,101,70,7,195,32,14,46,241
02/01/2005,BTV,VT,ANE,EN,Combined TRACON& Tower with Radar,14,88,17,46,165,0,0,36,8,44,14,88,53,54,209,104,74,178,387
02/02/2005,BTV,VT,ANE,EN,Combined TRACON& Tower with Radar,15,94,18,26,153,0,4,60,21,85,15,98,78,47,238,72,70,142,380
02/03/2005,BTV,VT,ANE,EN,Combined TRACON& Tower with Radar,14,101,25,45,185,0,0,43,15,58,14,101,68,60,243,78,100,178,421
02/04/2005,BTV,VT,ANE,EN,Combined TRACON& Tower with Radar,18,96,28,41,183,0,1,66,6,73,18,97,94,47,256,60,96,156,412
02/05/2005,BTV,VT,ANE,EN,Combined TRACON& Tower with Radar,17,91,24,1,133,0,2,82,0,84,17,93,106,1,217,186,2,188,405
02/06/2005,BTV,VT,ANE,EN,Combined TRACON& Tower with Radar,11,89,16,2,118,0,3,81,0,84,11,92,97,2,202,48,58,106,308
02/07/2005,BTV,VT,ANE,EN,Combined TRACON& Tower with Radar,13,105,29,35,182,0,0,64,5,69,13,105,93,40,251,98,58,156,407
02/08/2005,BTV,VT,ANE,EN,Combined TRACON& Tower with Radar,15,105,19,37,176,0,3,0,0,3,15,108,19,37,179,8,76,84,263
02/09/2005,BTV,VT,ANE,EN,Combined TRACON& Tower with Radar,14,90,8,11,123,1,7,2,1,11,15,97,10,12,134,20,0,20,154
02/10/2005,BTV,VT,ANE,EN,Combined TRACON& Tower with Radar,13,77,3,0,93,0,0,0,0,0,13,77,3,0,93,0,0,0,93
02/11/2005,BTV,VT,ANE,EN,Combined TRACON& Tower with Radar,15,111,25,1,152,0,0,30,12,42,15,111,55,13,194,48,2,50,244
02/12/2005,BTV,VT,ANE,EN,Combined TRACON& Tower with Radar,16,81,12,9,118,0,0,12,25,37,16,81,24,34,155,176,26,202,357
02/13/2005,BTV,VT,ANE,EN,Combined TRACON& Tower with Radar,10,91,18,1,120,0,2,49,3,54,10,93,67,4,174,24,6,30,204
02/14/2005,BTV,VT,ANE,EN,Combined TRACON& Tower with Radar,21,89,14,13,137,0,4,24,2,30,21,93,38,15,167,66,20,86,253
02/15/2005,BTV,VT,ANE,EN,Combined TRACON& Tower with Radar,15,109,28,25,177,0,0,29,5,34,15,109,57,30,211,84,21,105,316
02/16/2005,BTV,VT,ANE,EN,Combined TRACON& Tower with Radar,15,102,16,18,151,0,2,2,2,6,15,104,18,20,157,18,26,44,201
02/17/2005,BTV,VT,ANE,EN,Combined TRACON& Tower with Radar,15,114,30,32,191,0,0,47,20,67,15,114,77,52,258,46,54,100,358
02/18/2005,BTV,VT,ANE,EN,Combined TRACON& Tower with Radar,18,119,37,28,202,0,0,21,0,21,18,119,58,28,223,30,4,34,257
02/19/2005,BTV,VT,ANE,EN,Combined TRACON& Tower with Radar,13,93,20,0,126,0,0,52,0,52,13,93,72,0,178,134,0,134,312
02/20/2005,BTV,VT,ANE,EN,Combined TRACON& Tower with Radar,10,94,18,3,125,0,0,63,1,64,10,94,81,4,189,60,0,60,249
02/21/2005,BTV,VT,ANE,EN,Combined TRACON& Tower with Radar,15,100,12,4,131,0,0,6,0,6,15,100,18,4,137,0,0,0,137
02/22/2005,BTV,VT,ANE,EN,Combined TRACON& Tower with Radar,13,106,24,30,173,0,5,2,2,9,13,111,26,32,182,10,26,36,218
02/23/2005,BTV,VT,ANE,EN,Combined TRACON& Tower with Radar,19,112,41,34,206,0,3,8,7,18,19,115,49,41,224,96,52,148,372
02/24/2005,BTV,VT,ANE,EN,Combined TRACON& Tower with Radar,16,107,23,29,175,0,5,62,18,85,16,112,85,47,260,96,68,164,424
02/25/2005,BTV,VT,ANE,EN,Combined TRACON& Tower with Radar,16,115,32,29,192,0,2,38,7,47,16,117,70,36,239,124,46,170,409
02/26/2005,BTV,VT,ANE,EN,Combined TRACON& Tower with Radar,17,106,30,3,156,0,0,53,11,64,17,106,83,14,220,122,0,122,342
02/27/2005,BTV,VT,ANE,EN,Combined TRACON& Tower with Radar,13,94,18,0,125,0,0,71,0,71,13,94,89,0,196,84,0,84,280
02/28/2005,BTV,VT,ANE,EN,Combined TRACON& Tower with Radar,13,89,11,21,134,0,0,12,6,18,13,89,23,27,152,66,78,144,296
03/01/2005,BTV,VT,ANE,EN,Combined TRACON& Tower with Radar,14,93,10,0,117,0,0,0,0,0,14,93,10,0,117,0,0,0,117
03/02/2005,BTV,VT,ANE,EN,Combined TRACON& Tower with Radar,15,109,17,30,171,0,0,10,4,14,15,109,27,34,185,36,18,54,239
03/03/2005,BTV,VT,ANE,EN,Combined TRACON& Tower with Radar,18,111,18,44,191,0,4,36,8,48,18,115,54,52,239,68,20,88,327
03/04/2005,BTV,VT,ANE,EN,Combined TRACON& Tower with Radar,18,118,91,23,250,0,0,0,0,0,18,118,91,23,250,64,40,104,354
03/05/2005,BTV,VT,ANE,EN,Combined TRACON& Tower with Radar,10,87,15,6,118,0,0,59,32,91,10,87,74,38,209,142,20,162,371
03/06/2005,BTV,VT,ANE,EN,Combined TRACON& Tower with Radar,12,96,14,3,125,0,0,8,0,8,12,96,22,3,133,58,0,58,191
03/07/2005,BTV,VT,ANE,EN,Combined TRACON& Tower with Radar,13,109,16,6,144,0,1,7,0,8,13,110,23,6,152,8,8,16,168
03/08/2005,BTV,VT,ANE,EN,Combined TRACON& Tower with Radar,13,48,9,0,70,0,0,0,0,0,13,48,9,0,70,0,0,0,70
03/09/2005,BTV,VT,ANE,EN,Combined TRACON& Tower with Radar,12,107,20,3,142,0,3,9,0,12,12,110,29,3,154,32,0,32,186
03/10/2005,BTV,VT,ANE,EN,Combined TRACON& Tower with Radar,14,109,44,30,197,0,1,30,3,34,14,110,74,33,231,24,58,82,313
03/11/2005,BTV,VT,ANE,EN,Combined TRACON& Tower with Radar,13,108,37,9,167,0,3,7,6,16,13,111,44,15,183,108,12,120,303
03/12/2005,BTV,VT,ANE,EN,Combined TRACON& Tower with Radar,17,81,5,3,106,0,0,0,0,0,17,81,5,3,106,0,0,0,106
03/13/2005,BTV,VT,ANE,EN,Combined TRACON& Tower with Radar,11,105,32,0,148,0,1,23,17,41,11,106,55,17,189,30,2,32,221
03/14/2005,BTV,VT,ANE,EN,Combined TRACON& Tower with Radar,13,104,16,2,135,0,0,15,1,16,13,104,31,3,151,90,16,106,257
03/15/2005,BTV,VT,ANE,EN,Combined TRACON& Tower with Radar,14,94,16,8,132,0,15,22,13,50,14,109,38,21,182,14,8,22,204
03/16/2005,BTV,VT,ANE,EN,Combined TRACON& Tower with Radar,15,128,14,8,165,0,1,38,11,50,15,129,52,19,215,80,22,102,317
03/17/2005,BTV,VT,ANE,EN,Combined TRACON& Tower with Radar,17,112,92,20,241,0,0,0,0,0,17,112,92,20,241,118,54,172,413
03/18/2005,BTV,VT,ANE,EN,Combined TRACON& Tower with Radar,14,106,35,2,157,0,1,83,1,85,14,107,118,3,242,102,10,112,354
03/19/2005,BTV,VT,ANE,EN,Combined TRACON& Tower with Radar,16,86,16,0,118,0,0,128,1,129,16,86,144,1,247,154,0,154,401
03/20/2005,BTV,VT,ANE,EN,Combined TRACON& Tower with Radar,11,87,22,4,124,0,4,74,0,78,11,91,96,4,202,114,10,124,326
03/21/2005,BTV,VT,ANE,EN,Combined TRACON& Tower with Radar,15,107,33,20,175,0,9,70,3,82,15,116,103,23,257,40,34,74,331
03/22/2005,BTV,VT,ANE,EN,Combined TRACON& Tower with Radar,22,112,24,23,181,0,7,68,8,83,22,119,92,31,264,91,42,133,397
03/23/2005,BTV,VT,ANE,EN,Combined TRACON& Tower with Radar,15,103,25,20,163,0,2,47,22,71,15,105,72,42,234,120,16,136,370
03/24/2005,BTV,VT,ANE,EN,Combined TRACON& Tower with Radar,16,117,71,14,218,0,1,66,15,82,16,118,137,29,300,84,46,130,430
03/25/2005,BTV,VT,ANE,EN,Combined TRACON& Tower with Radar,24,102,23,4,153,0,0,48,9,57,24,102,71,13,210,110,0,110,320
03/26/2005,BTV,VT,ANE,EN,Combined TRACON& Tower with Radar,12,85,24,5,126,0,0,131,3,134,12,85,155,8,260,136,4,140,400
03/27/2005,BTV,VT,ANE,EN,Combined TRACON& Tower with Radar,13,113,21,1,148,0,1,58,0,59,13,114,79,1,207,0,0,0,207
03/28/2005,BTV,VT,ANE,EN,Combined TRACON& Tower with Radar,12,98,13,17,140,0,0,0,0,0,12,98,13,17,140,0,20,20,160
03/29/2005,BTV,VT,ANE,EN,Combined TRACON& Tower with Radar,15,115,21,35,186,3,0,10,9,22,18,115,31,44,208,56,28,84,292
03/30/2005,BTV,VT,ANE,EN,Combined TRACON& Tower with Radar,14,120,9,23,166,0,4,77,18,99,14,124,86,41,265,128,54,182,447
03/31/2005,BTV,VT,ANE,EN,Combined TRACON& Tower with Radar,14,126,17,19,176,0,2,62,8,72,14,128,79,27,248,92,10,102,350
04/01/2005,BTV,VT,ANE,EN,Combined TRACON& Tower with Radar,16,117,39,16,188,0,0,44,0,44,16,117,83,16,232,78,8,86,318
04/02/2005,BTV,VT,ANE,EN,Combined TRACON& Tower with Radar,15,90,4,6,115,0,0,0,0,0,15,90,4,6,115,0,0,0,115
04/03/2005,BTV,VT,ANE,EN,Combined TRACON& Tower with Radar,12,89,13,2,116,0,0,0,1,1,12,89,13,3,117,2,0,2,119
04/04/2005,BTV,VT,ANE,EN,Combined TRACON& Tower with Radar,14,119,16,3,152,0,0,1,0,1,14,119,17,3,153,8,0,8,161
04/05/2005,BTV,VT,ANE,EN,Combined TRACON& Tower with Radar,18,109,50,20,197,0,0,72,7,79,18,109,122,27,276,142,24,166,442
04/06/2005,BTV,VT,ANE,EN,Combined TRACON& Tower with Radar,20,111,37,12,180,0,0,64,7,71,20,111,101,19,251,70,38,108,359
04/07/2005,BTV,VT,ANE,EN,Combined TRACON& Tower with Radar,22,108,15,20,165,0,0,8,3,11,22,108,23,23,176,4,8,12,188
04/08/2005,BTV,VT,ANE,EN,Combined TRACON& Tower with Radar,18,115,35,23,191,0,2,67,9,78,18,117,102,32,269,136,22,158,427
04/09/2005,BTV,VT,ANE,EN,Combined TRACON& Tower with Radar,18,88,26,2,134,0,2,102,4,108,18,90,128,6,242,108,0,108,350
04/10/2005,BTV,VT,ANE,EN,Combined TRACON& Tower with Radar,13,94,19,4,130,0,1,105,0,106,13,95,124,4,236,112,0,112,348
04/11/2005,BTV,VT,ANE,EN,Combined TRACON& Tower with Radar,16,105,13,10,144,0,2,43,13,58,16,107,56,23,202,40,10,50,252
04/12/2005,BTV,VT,ANE,EN,Combined TRACON& Tower with Radar,19,99,28,25,171,0,0,39,10,49,19,99,67,35,220,59,22,81,301
04/13/2005,BTV,VT,ANE,EN,Combined TRACON& Tower with Radar,22,116,46,32,216,0,0,55,18,73,22,116,101,50,289,52,18,70,359
04/14/2005,BTV,VT,ANE,EN,Combined TRACON& Tower with Radar,18,114,23,33,188,0,1,44,17,62,18,115,67,50,250,64,38,102,352
04/15/2005,BTV,VT,ANE,EN,Combined TRACON& Tower with Radar,22,111,32,16,181,0,2,94,13,109,22,113,126,29,290,142,50,192,482
04/16/2005,BTV,VT,ANE,EN,Combined TRACON& Tower with Radar,23,89,31,0,143,0,11,92,3,106,23,100,123,3,249,210,0,210,459
04/17/2005,BTV,VT,ANE,EN,Combined TRACON& Tower with Radar,16,92,16,6,130,0,0,86,1,87,16,92,102,7,217,116,2,118,335
04/18/2005,BTV,VT,ANE,EN,Combined TRACON& Tower with Radar,17,104,16,21,158,0,2,102,1,105,17,106,118,22,263,104,20,124,387
04/19/2005,BTV,VT,ANE,EN,Combined TRACON& Tower with Radar,19,101,21,25,166,0,2,60,4,66,19,103,81,29,232,128,36,164,396
04/20/2005,BTV,VT,ANE,EN,Combined TRACON& Tower with Radar,12,84,21,19,136,1,1,29,2,33,13,85,50,21,169,24,0,24,193
04/21/2005,BTV,VT,ANE,EN,Combined TRACON& Tower with Radar,28,119,22,12,181,0,2,69,7,78,28,121,91,19,259,78,20,98,357
04/22/2005,BTV,VT,ANE,EN,Combined TRACON& Tower with Radar,20,112,39,10,181,2,8,94,4,108,22,120,133,14,289,136,14,150,439
04/23/2005,BTV,VT,ANE,EN,Combined TRACON& Tower with Radar,18,92,13,0,123,0,0,0,0,0,18,92,13,0,123,2,0,2,125
04/24/2005,BTV,VT,ANE,EN,Combined TRACON& Tower with Radar,12,104,17,0,133,0,0,4,1,5,12,104,21,1,138,32,0,32,170
04/25/2005,BTV,VT,ANE,EN,Combined TRACON& Tower with Radar,18,105,20,16,159,0,0,17,3,20,18,105,37,19,179,66,12,78,257
04/26/2005,BTV,VT,ANE,EN,Combined TRACON& Tower with Radar,18,100,26,12,156,0,3,67,8,78,18,103,93,20,234,112,14,126,360
04/27/2005,BTV,VT,ANE,EN,Combined TRACON& Tower with Radar,19,108,13,22,162,0,0,8,0,8,19,108,21,22,170,0,28,28,198
04/28/2005,BTV,VT,ANE,EN,Combined TRACON& Tower with Radar,19,108,25,42,194,0,0,26,4,30,19,108,51,46,224,70,38,108,332
04/29/2005,BTV,VT,ANE,EN,Combined TRACON& Tower with Radar,23,125,40,15,203,0,3,66,1,70,23,128,106,16,273,54,22,76,349
04/30/2005,BTV,VT,ANE,EN,Combined TRACON& Tower with Radar,17,84,14,2,117,0,0,23,2,25,17,84,37,4,142,120,0,120,262
05/01/2005,BTV,VT,ANE,EN,Combined TRACON& Tower with Radar,12,98,35,14,159,1,2,24,1,28,13,100,59,15,187,68,6,74,261
05/02/2005,BTV,VT,ANE,EN,Combined TRACON& Tower with Radar,16,95,19,33,163,0,1,6,3,10,16,96,25,36,173,82,10,92,265
05/03/2005,BTV,VT,ANE,EN,Combined TRACON& Tower with Radar,20,121,18,18,177,0,1,25,5,31,20,122,43,23,208,74,0,74,282
05/04/2005,BTV,VT,ANE,EN,Combined TRACON& Tower with Radar,15,110,19,21,165,0,1,42,7,50,15,111,61,28,215,60,40,100,315
05/05/2005,BTV,VT,ANE,EN,Combined TRACON& Tower with Radar,18,115,35,28,196,0,5,114,18,137,18,120,149,46,333,148,74,222,555
05/06/2005,BTV,VT,ANE,EN,Combined TRACON& Tower with Radar,30,105,28,4,167,0,4,105,1,110,30,109,133,5,277,160,0,160,437
05/07/2005,BTV,VT,ANE,EN,Combined TRACON& Tower with Radar,17,80,15,3,115,0,0,50,0,50,17,80,65,3,165,156,4,160,325
05/08/2005,BTV,VT,ANE,EN,Combined TRACON& Tower with Radar,15,83,21,0,119,0,1,23,0,24,15,84,44,0,143,10,0,10,153
05/09/2005,BTV,VT,ANE,EN,Combined TRACON& Tower with Radar,22,103,22,22,169,0,0,42,0,42,22,103,64,22,211,140,6,146,357
05/10/2005,BTV,VT,ANE,EN,Combined TRACON& Tower with Radar,22,101,17,34,174,0,0,63,3,66,22,101,80,37,240,88,32,120,360
05/11/2005,BTV,VT,ANE,EN,Combined TRACON& Tower with Radar,23,97,37,22,179,0,4,60,0,64,23,101,97,22,243,25,18,43,286
05/12/2005,BTV,VT,ANE,EN,Combined TRACON& Tower with Radar,27,100,31,23,181,0,0,48,1,49,27,100,79,24,230,22,22,44,274
05/13/2005,BTV,VT,ANE,EN,Combined TRACON& Tower with Radar,25,126,31,12,194,0,2,98,5,105,25,128,129,17,299,94,48,142,441
05/14/2005,BTV,VT,ANE,EN,Combined TRACON& Tower with Radar,24,84,15,0,123,0,1,57,8,66,24,85,72,8,189,199,0,199,388
05/15/2005,BTV,VT,ANE,EN,Combined TRACON& Tower with Radar,22,79,33,0,134,0,0,20,0,20,22,79,53,0,154,40,0,40,194
05/16/2005,BTV,VT,ANE,EN,Combined TRACON& Tower with Radar,21,107,19,28,175,0,4,35,2,41,21,111,54,30,216,110,48,158,374
05/17/2005,BTV,VT,ANE,EN,Combined TRACON& Tower with Radar,23,105,30,17,175,0,2,56,5,63,23,107,86,22,238,52,38,90,328
05/18/2005,BTV,VT,ANE,EN,Combined TRACON& Tower with Radar,21,103,21,10,155,0,2,43,1,46,21,105,64,11,201,38,34,72,273
05/19/2005,BTV,VT,ANE,EN,Combined TRACON& Tower with Radar,28,124,35,15,202,0,3,72,16,91,28,127,107,31,293,86,14,100,393
05/20/2005,BTV,VT,ANE,EN,Combined TRACON& Tower with Radar,31,116,31,14,192,0,0,76,1,77,31,116,107,15,269,123,8,131,400
05/21/2005,BTV,VT,ANE,EN,Combined TRACON& Tower with Radar,20,87,23,0,130,0,0,40,0,40,20,87,63,0,170,68,0,68,238
05/22/2005,BTV,VT,ANE,EN,Combined TRACON& Tower with Radar,24,93,49,0,166,0,0,4,0,4,24,93,53,0,170,20,0,20,190
05/23/2005,BTV,VT,ANE,EN,Combined TRACON& Tower with Radar,23,115,30,5,173,0,0,0,0,0,23,115,30,5,173,4,5,9,182
05/24/2005,BTV,VT,ANE,EN,Combined TRACON& Tower with Radar,23,110,18,26,177,0,4,5,5,14,23,114,23,31,191,26,22,48,239
05/25/2005,BTV,VT,ANE,EN,Combined TRACON& Tower with Radar,29,97,25,21,172,0,0,60,7,67,29,97,85,28,239,40,1,41,280
05/26/2005,BTV,VT,ANE,EN,Combined TRACON& Tower with Radar,26,118,37,11,192,0,1,10,1,12,26,119,47,12,204,6,2,8,212
05/27/2005,BTV,VT,ANE,EN,Combined TRACON& Tower with Radar,32,113,32,6,183,0,1,19,2,22,32,114,51,8,205,138,26,164,369
05/28/2005,BTV,VT,ANE,EN,Combined TRACON& Tower with Radar,20,76,11,2,109,0,0,26,0,26,20,76,37,2,135,90,0,90,225
05/29/2005,BTV,VT,ANE,EN,Combined TRACON& Tower with Radar,19,77,19,3,118,0,0,44,0,44,19,77,63,3,162,116,4,120,282
05/30/2005,BTV,VT,ANE,EN,Combined TRACON& Tower with Radar,20,96,29,8,153,0,0,36,17,53,20,96,65,25,206,21,18,39,245
05/31/2005,BTV,VT,ANE,EN,Combined TRACON& Tower with Radar,23,106,39,16,184,0,2,36,14,52,23,108,75,30,236,116,52,168,404
06/01/2005,BTV,VT,ANE,EN,Combined TRACON& Tower with Radar,27,109,33,13,182,0,0,52,3,55,27,109,85,16,237,76,10,86,323
06/02/2005,BTV,VT,ANE,EN,Combined TRACON& Tower with Radar,29,98,42,25,194,0,8,108,9,125,29,106,150,34,319,95,42,137,456
06/03/2005,BTV,VT,ANE,EN,Combined TRACON& Tower with Radar,29,111,46,20,206,0,2,101,0,103,29,113,147,20,309,64,32,96,405
06/04/2005,BTV,VT,ANE,EN,Combined TRACON& Tower with Radar,23,90,14,26,153,0,3,83,6,92,23,93,97,32,245,94,14,108,353
06/05/2005,BTV,VT,ANE,EN,Combined TRACON& Tower with Radar,19,85,21,1,126,0,1,103,37,141,19,86,124,38,267,58,8,66,333
06/06/2005,BTV,VT,ANE,EN,Combined TRACON& Tower with Radar,21,91,24,4,140,0,0,25,3,28,21,91,49,7,168,4,0,4,172
06/07/2005,BTV,VT,ANE,EN,Combined TRACON& Tower with Radar,21,108,21,17,167,0,1,34,26,61,21,109,55,43,228,30,36,66,294
06/08/2005,BTV,VT,ANE,EN,Combined TRACON& Tower with Radar,22,111,33,22,188,0,3,64,35,102,22,114,97,57,290,43,50,93,383
06/09/2005,BTV,VT,ANE,EN,Combined TRACON& Tower with Radar,25,110,30,17,182,0,3,13,9,25,25,113,43,26,207,28,2,30,237
06/10/2005,BTV,VT,ANE,EN,Combined TRACON& Tower with Radar,27,99,43,16,185,0,1,42,14,57,27,100,85,30,242,46,16,62,304
06/11/2005,BTV,VT,ANE,EN,Combined TRACON& Tower with Radar,23,94,25,4,146,0,2,64,2,68,23,96,89,6,214,154,0,154,368
06/12/2005,BTV,VT,ANE,EN,Combined TRACON& Tower with Radar,24,100,43,0,167,0,0,23,5,28,24,100,66,5,195,24,0,24,219
06/13/2005,BTV,VT,ANE,EN,Combined TRACON& Tower with Radar,22,108,36,20,186,0,2,40,2,44,22,110,76,22,230,118,8,126,356
06/14/2005,BTV,VT,ANE,EN,Combined TRACON& Tower with Radar,25,108,37,1,171,0,0,6,2,8,25,108,43,3,179,4,0,4,183
06/15/2005,BTV,VT,ANE,EN,Combined TRACON& Tower with Radar,27,123,26,21,197,0,0,4,0,4,27,123,30,21,201,6,0,6,207
06/16/2005,BTV,VT,ANE,EN,Combined TRACON& Tower with Radar,23,108,41,20,192,0,0,5,6,11,23,108,46,26,203,16,12,28,231
06/17/2005,BTV,VT,ANE,EN,Combined TRACON& Tower with Radar,30,110,55,9,204,0,0,2,4,6,30,110,57,13,210,12,6,18,228
06/18/2005,BTV,VT,ANE,EN,Combined TRACON& Tower with Radar,23,81,36,0,140,0,1,17,0,18,23,82,53,0,158,46,0,46,204
06/19/2005,BTV,VT,ANE,EN,Combined TRACON& Tower with Radar,28,95,38,5,166,0,0,83,0,83,28,95,121,5,249,136,0,136,385
06/20/2005,BTV,VT,ANE,EN,Combined TRACON& Tower with Radar,21,109,28,18,176,0,3,110,18,131,21,112,138,36,307,142,16,158,465
06/21/2005,BTV,VT,ANE,EN,Combined TRACON& Tower with Radar,26,107,38,8,179,0,8,69,21,98,26,115,107,29,277,148,8,156,433
06/22/2005,BTV,VT,ANE,EN,Combined TRACON& Tower with Radar,27,99,49,20,195,0,2,68,4,74,27,101,117,24,269,34,18,52,321
06/23/2005,BTV,VT,ANE,EN,Combined TRACON& Tower with Radar,29,110,40,7,186,0,3,94,9,106,29,113,134,16,292,104,2,106,398
06/24/2005,BTV,VT,ANE,EN,Combined TRACON& Tower with Radar,23,109,30,33,195,1,0,84,8,93,24,109,114,41,288,86,56,142,430
06/25/2005,BTV,VT,ANE,EN,Combined TRACON& Tower with Radar,23,89,12,5,129,0,1,67,0,68,23,90,79,5,197,76,0,76,273
06/26/2005,BTV,VT,ANE,EN,Combined TRACON& Tower with Radar,20,91,27,0,138,0,0,67,0,67,20,91,94,0,205,126,0,126,331
06/27/2005,BTV,VT,ANE,EN,Combined TRACON& Tower with Radar,25,112,41,22,200,0,1,79,0,80,25,113,120,22,280,116,12,128,408
06/28/2005,BTV,VT,ANE,EN,Combined TRACON& Tower with Radar,27,112,34,20,193,0,2,50,18,70,27,114,84,38,263,124,4,128,391
06/29/2005,BTV,VT,ANE,EN,Combined TRACON& Tower with Radar,25,87,25,18,155,0,0,19,2,21,25,87,44,20,176,12,0,12,188
06/30/2005,BTV,VT,ANE,EN,Combined TRACON& Tower with Radar,24,101,66,13,204,0,1,39,5,45,24,102,105,18,249,138,0,138,387
07/01/2005,BTV,VT,ANE,EN,Combined TRACON& Tower with Radar,24,115,28,13,180,0,8,20,2,30,24,123,48,15,210,52,6,58,268
07/02/2005,BTV,VT,ANE,EN,Combined TRACON& Tower with Radar,24,82,16,0,122,0,0,82,1,83,24,82,98,1,205,150,0,150,355
07/03/2005,BTV,VT,ANE,EN,Combined TRACON& Tower with Radar,18,76,25,0,119,0,2,80,26,108,18,78,105,26,227,24,6,30,257
07/04/2005,BTV,VT,ANE,EN,Combined TRACON& Tower with Radar,21,87,24,7,139,0,0,60,5,65,21,87,84,12,204,14,4,18,222
07/05/2005,BTV,VT,ANE,EN,Combined TRACON& Tower with Radar,25,94,27,7,153,0,0,35,0,35,25,94,62,7,188,99,0,99,287
07/06/2005,BTV,VT,ANE,EN,Combined TRACON& Tower with Radar,28,114,29,16,187,0,1,21,0,22,28,115,50,16,209,84,0,84,293
07/07/2005,BTV,VT,ANE,EN,Combined TRACON& Tower with Radar,23,114,45,17,199,0,1,49,27,77,23,115,94,44,276,100,14,114,390
07/08/2005,BTV,VT,ANE,EN,Combined TRACON& Tower with Radar,26,94,50,19,189,0,2,40,5,47,26,96,90,24,236,168,12,180,416
07/09/2005,BTV,VT,ANE,EN,Combined TRACON& Tower with Radar,24,95,35,1,155,0,0,2,0,2,24,95,37,1,157,4,0,4,161
07/10/2005,BTV,VT,ANE,EN,Combined TRACON& Tower with Radar,21,84,35,1,141,0,5,111,4,120,21,89,146,5,261,94,0,94,355
07/11/2005,BTV,VT,ANE,EN,Combined TRACON& Tower with Radar,27,118,36,17,198,1,10,72,3,86,28,128,108,20,284,208,16,224,508
07/12/2005,BTV,VT,ANE,EN,Combined TRACON& Tower with Radar,25,105,21,10,161,0,0,85,6,91,25,105,106,16,252,152,20,172,424
07/13/2005,BTV,VT,ANE,EN,Combined TRACON& Tower with Radar,26,98,34,3,161,0,2,60,15,77,26,100,94,18,238,102,0,102,340
07/14/2005,BTV,VT,ANE,EN,Combined TRACON& Tower with Radar,25,105,67,5,202,0,0,26,11,37,25,105,93,16,239,96,4,100,339
07/15/2005,BTV,VT,ANE,EN,Combined TRACON& Tower with Radar,28,104,46,4,182,0,0,76,12,88,28,104,122,16,270,178,10,188,458
07/16/2005,BTV,VT,ANE,EN,Combined TRACON& Tower with Radar,24,87,50,3,164,0,1,62,7,70,24,88,112,10,234,172,0,172,406
07/17/2005,BTV,VT,ANE,EN,Combined TRACON& Tower with Radar,19,91,39,1,150,0,0,28,1,29,19,91,67,2,179,168,0,168,347
07/18/2005,BTV,VT,ANE,EN,Combined TRACON& Tower with Radar,24,114,35,4,177,0,0,35,8,43,24,114,70,12,220,142,2,144,364
07/19/2005,BTV,VT,ANE,EN,Combined TRACON& Tower with Radar,25,98,31,16,170,0,11,35,1,47,25,109,66,17,217,42,6,48,265
07/20/2005,BTV,VT,ANE,EN,Combined TRACON& Tower with Radar,22,109,32,15,178,0,0,81,10,91,22,109,113,25,269,118,6,124,393
07/21/2005,BTV,VT,ANE,EN,Combined TRACON& Tower with Radar,24,103,26,21,174,0,1,66,13,80,24,104,92,34,254,144,2,146,400
07/22/2005,BTV,VT,ANE,EN,Combined TRACON& Tower with Radar,25,111,39,10,185,0,0,54,3,57,25,111,93,13,242,8,8,16,258
07/23/2005,BTV,VT,ANE,EN,Combined TRACON& Tower with Radar,27,80,23,0,130,0,0,106,0,106,27,80,129,0,236,86,0,86,322
07/24/2005,BTV,VT,ANE,EN,Combined TRACON& Tower with Radar,20,94,39,1,154,0,1,90,0,91,20,95,129,1,245,72,0,72,317
07/25/2005,BTV,VT,ANE,EN,Combined TRACON& Tower with Radar,24,91,26,32,173,0,3,46,2,51,24,94,72,34,224,62,28,90,314
07/26/2005,BTV,VT,ANE,EN,Combined TRACON& Tower with Radar,21,112,27,23,183,0,0,42,9,51,21,112,69,32,234,160,22,182,416
07/27/2005,BTV,VT,ANE,EN,Combined TRACON& Tower with Radar,29,111,34,10,184,0,0,7,0,7,29,111,41,10,191,0,0,0,191
07/28/2005,BTV,VT,ANE,EN,Combined TRACON& Tower with Radar,20,101,29,22,172,0,0,90,12,102,20,101,119,34,274,150,14,164,438
07/29/2005,BTV,VT,ANE,EN,Combined TRACON& Tower with Radar,23,102,31,32,188,0,2,74,4,80,23,104,105,36,268,96,46,142,410
07/30/2005,BTV,VT,ANE,EN,Combined TRACON& Tower with Radar,31,85,37,0,153,0,0,98,0,98,31,85,135,0,251,96,0,96,347
07/31/2005,BTV,VT,ANE,EN,Combined TRACON& Tower with Radar,21,88,34,10,153,0,0,89,0,89,21,88,123,10,242,74,20,94,336
08/01/2005,BTV,VT,ANE,EN,Combined TRACON& Tower with Radar,25,120,27,4,176,0,1,30,6,37,25,121,57,10,213,80,0,80,293
08/02/2005,BTV,VT,ANE,EN,Combined TRACON& Tower with Radar,33,110,33,25,201,0,0,48,11,59,33,110,81,36,260,40,8,48,308
08/03/2005,BTV,VT,ANE,EN,Combined TRACON& Tower with Radar,22,115,34,40,211,0,0,66,7,73,22,115,100,47,284,90,62,152,436
08/04/2005,BTV,VT,ANE,EN,Combined TRACON& Tower with Radar,25,113,43,20,201,0,0,48,9,57,25,113,91,29,258,30,14,44,302
08/05/2005,BTV,VT,ANE,EN,Combined TRACON& Tower with Radar,26,114,30,16,186,0,0,47,4,51,26,114,77,20,237,190,0,190,427
08/06/2005,BTV,VT,ANE,EN,Combined TRACON& Tower with Radar,23,94,45,38,200,0,2,118,4,124,23,96,163,42,324,130,46,176,500
08/07/2005,BTV,VT,ANE,EN,Combined TRACON& Tower with Radar,25,106,43,0,174,0,5,110,0,115,25,111,153,0,289,78,0,78,367
08/08/2005,BTV,VT,ANE,EN,Combined TRACON& Tower with Radar,25,117,44,23,209,0,2,103,5,110,25,119,147,28,319,144,5,149,468
08/09/2005,BTV,VT,ANE,EN,Combined TRACON& Tower with Radar,29,110,27,38,204,0,2,70,20,92,29,112,97,58,296,110,52,162,458
08/10/2005,BTV,VT,ANE,EN,Combined TRACON& Tower with Radar,25,104,34,28,191,0,0,43,8,51,25,104,77,36,242,134,14,148,390
08/11/2005,BTV,VT,ANE,EN,Combined TRACON& Tower with Radar,25,119,52,31,227,0,3,50,8,61,25,122,102,39,288,66,24,90,378
08/12/2005,BTV,VT,ANE,EN,Combined TRACON& Tower with Radar,23,107,31,2,163,0,1,51,5,57,23,108,82,7,220,106,2,108,328
08/13/2005,BTV,VT,ANE,EN,Combined TRACON& Tower with Radar,24,77,45,4,150,0,1,84,9,94,24,78,129,13,244,44,2,46,290
08/14/2005,BTV,VT,ANE,EN,Combined TRACON& Tower with Radar,25,92,40,0,157,0,0,8,2,10,25,92,48,2,167,0,0,0,167
08/15/2005,BTV,VT,ANE,EN,Combined TRACON& Tower with Radar,26,115,57,34,232,0,1,88,11,100,26,116,145,45,332,134,56,190,522
08/16/2005,BTV,VT,ANE,EN,Combined TRACON& Tower with Radar,27,114,25,22,188,0,6,78,14,98,27,120,103,36,286,142,22,164,450
08/17/2005,BTV,VT,ANE,EN,Combined TRACON& Tower with Radar,22,113,45,14,194,0,0,59,3,62,22,113,104,17,256,116,10,126,382
08/18/2005,BTV,VT,ANE,EN,Combined TRACON& Tower with Radar,23,108,41,14,186,0,0,75,9,84,23,108,116,23,270,123,30,153,423
08/19/2005,BTV,VT,ANE,EN,Combined TRACON& Tower with Radar,26,111,36,17,190,0,0,0,0,0,26,111,36,17,190,82,16,98,288
08/20/2005,BTV,VT,ANE,EN,Combined TRACON& Tower with Radar,23,105,32,0,160,0,5,27,1,33,23,110,59,1,193,38,0,38,231
08/21/2005,BTV,VT,ANE,EN,Combined TRACON& Tower with Radar,21,94,52,0,167,0,1,62,0,63,21,95,114,0,230,10,0,10,240
08/22/2005,BTV,VT,ANE,EN,Combined TRACON& Tower with Radar,25,101,32,21,179,0,0,47,2,49,25,101,79,23,228,96,14,110,338
08/23/2005,BTV,VT,ANE,EN,Combined TRACON& Tower with Radar,28,106,47,26,207,0,5,48,9,62,28,111,95,35,269,92,52,144,413
08/24/2005,BTV,VT,ANE,EN,Combined TRACON& Tower with Radar,32,110,36,21,199,0,0,29,7,36,32,110,65,28,235,28,8,36,271
08/25/2005,BTV,VT,ANE,EN,Combined TRACON& Tower with Radar,26,107,48,18,199,0,0,96,12,108,26,107,144,30,307,170,8,178,485
08/26/2005,BTV,VT,ANE,EN,Combined TRACON& Tower with Radar,23,116,41,26,206,0,3,95,3,101,23,119,136,29,307,92,14,106,413
08/27/2005,BTV,VT,ANE,EN,Combined TRACON& Tower with Radar,20,78,20,0,118,0,4,95,3,102,20,82,115,3,220,76,0,76,296
08/28/2005,BTV,VT,ANE,EN,Combined TRACON& Tower with Radar,24,103,56,0,183,0,0,0,0,0,24,103,56,0,183,16,0,16,199
08/29/2005,BTV,VT,ANE,EN,Combined TRACON& Tower with Radar,29,117,27,18,191,0,0,53,7,60,29,117,80,25,251,50,12,62,313
08/30/2005,BTV,VT,ANE,EN,Combined TRACON& Tower with Radar,31,109,31,20,191,0,2,26,6,34,31,111,57,26,225,134,60,194,419
08/31/2005,BTV,VT,ANE,EN,Combined TRACON& Tower with Radar,27,109,21,3,160,0,0,2,0,2,27,109,23,3,162,0,4,4,166
09/01/2005,BTV,VT,ANE,EN,Combined TRACON& Tower with Radar,25,110,37,25,197,0,0,40,7,47,25,110,77,32,244,8,20,28,272
09/02/2005,BTV,VT,ANE,EN,Combined TRACON& Tower with Radar,25,104,18,3,150,0,0,38,0,38,25,104,56,3,188,94,0,94,282
09/03/2005,BTV,VT,ANE,EN,Combined TRACON& Tower with Radar,17,80,24,3,124,0,0,66,0,66,17,80,90,3,190,36,0,36,226
09/04/2005,BTV,VT,ANE,EN,Combined TRACON& Tower with Radar,22,85,24,5,136,0,2,79,0,81,22,87,103,5,217,122,0,122,339
09/05/2005,BTV,VT,ANE,EN,Combined TRACON& Tower with Radar,19,99,31,0,149,0,6,94,2,102,19,105,125,2,251,28,0,28,279
09/06/2005,BTV,VT,ANE,EN,Combined TRACON& Tower with Radar,23,110,20,33,186,0,6,65,3,74,23,116,85,36,260,34,24,58,318
09/07/2005,BTV,VT,ANE,EN,Combined TRACON& Tower with Radar,33,92,34,25,184,0,7,80,4,91,33,99,114,29,275,114,24,138,413
09/08/2005,BTV,VT,ANE,EN,Combined TRACON& Tower with Radar,32,99,22,20,173,0,0,21,6,27,32,99,43,26,200,18,16,34,234
09/09/2005,BTV,VT,ANE,EN,Combined TRACON& Tower with Radar,29,98,23,34,184,0,1,70,0,71,29,99,93,34,255,60,14,74,329
09/10/2005,BTV,VT,ANE,EN,Combined TRACON& Tower with Radar,26,82,12,13,133,0,0,92,9,101,26,82,104,22,234,16,26,42,276
09/11/2005,BTV,VT,ANE,EN,Combined TRACON& Tower with Radar,24,92,32,0,148,0,2,108,2,112,24,94,140,2,260,96,0,96,356
09/12/2005,BTV,VT,ANE,EN,Combined TRACON& Tower with Radar,28,93,47,7,175,0,1,55,4,60,28,94,102,11,235,108,0,108,343
09/13/2005,BTV,VT,ANE,EN,Combined TRACON& Tower with Radar,29,102,31,22,184,0,2,28,9,39,29,104,59,31,223,56,6,62,285
09/14/2005,BTV,VT,ANE,EN,Combined TRACON& Tower with Radar,32,105,32,9,178,0,1,48,2,51,32,106,80,11,229,40,2,42,271
09/15/2005,BTV,VT,ANE,EN,Combined TRACON& Tower with Radar,32,101,28,17,178,0,0,19,2,21,32,101,47,19,199,68,24,92,291
09/16/2005,BTV,VT,ANE,EN,Combined TRACON& Tower with Radar,28,122,40,23,213,0,0,3,0,3,28,122,43,23,216,0,8,8,224
09/17/2005,BTV,VT,ANE,EN,Combined TRACON& Tower with Radar,19,85,23,2,129,0,1,14,0,15,19,86,37,2,144,142,0,142,286
09/18/2005,BTV,VT,ANE,EN,Combined TRACON& Tower with Radar,28,80,56,1,165,0,4,9,0,13,28,84,65,1,178,2,0,2,180
09/19/2005,BTV,VT,ANE,EN,Combined TRACON& Tower with Radar,23,108,30,25,186,0,4,64,3,71,23,112,94,28,257,158,16,174,431
09/20/2005,BTV,VT,ANE,EN,Combined TRACON& Tower with Radar,25,93,12,32,162,0,3,11,3,17,25,96,23,35,179,2,28,30,209
09/21/2005,BTV,VT,ANE,EN,Combined TRACON& Tower with Radar,27,117,37,29,210,0,3,69,2,74,27,120,106,31,284,128,28,156,440
09/22/2005,BTV,VT,ANE,EN,Combined TRACON& Tower with Radar,26,102,36,61,225,0,1,34,0,35,26,103,70,61,260,154,96,250,510
09/23/2005,BTV,VT,ANE,EN,Combined TRACON& Tower with Radar,21,77,27,1,126,0,27,73,8,108,21,104,100,9,234,86,14,100,334
09/24/2005,BTV,VT,ANE,EN,Combined TRACON& Tower with Radar,21,79,100,2,202,0,0,0,0,0,21,79,100,2,202,220,0,220,422
09/25/2005,BTV,VT,ANE,EN,Combined TRACON& Tower with Radar,25,100,28,1,154,0,0,20,0,20,25,100,48,1,174,26,0,26,200
09/26/2005,BTV,VT,ANE,EN,Combined TRACON& Tower with Radar,26,100,11,5,142,0,0,0,0,0,26,100,11,5,142,6,0,6,148
09/27/2005,BTV,VT,ANE,EN,Combined TRACON& Tower with Radar,29,97,24,8,158,0,2,52,2,56,29,99,76,10,214,104,16,120,334
09/28/2005,BTV,VT,ANE,EN,Combined TRACON& Tower with Radar,27,105,31,8,171,0,5,72,9,86,27,110,103,17,257,170,6,176,433
09/29/2005,BTV,VT,ANE,EN,Combined TRACON& Tower with Radar,26,108,31,14,179,0,1,3,0,4,26,109,34,14,183,8,6,14,197
09/30/2005,BTV,VT,ANE,EN,Combined TRACON& Tower with Radar,27,110,36,6,179,0,4,80,3,87,27,114,116,9,266,114,14,128,394
10/01/2005,BTV,VT,ANE,EN,Combined TRACON& Tower with Radar,23,79,21,28,151,0,0,109,0,109,23,79,130,28,260,76,12,88,348
10/02/2005,BTV,VT,ANE,EN,Combined TRACON& Tower with Radar,23,83,40,1,147,0,7,111,0,118,23,90,151,1,265,38,0,38,303
10/03/2005,BTV,VT,ANE,EN,Combined TRACON& Tower with Radar,22,94,33,29,178,0,2,57,0,59,22,96,90,29,237,22,34,56,293
10/04/2005,BTV,VT,ANE,EN,Combined TRACON& Tower with Radar,27,101,33,27,188,0,2,70,3,75,27,103,103,30,263,116,12,128,391
10/05/2005,BTV,VT,ANE,EN,Combined TRACON& Tower with Radar,31,99,35,29,194,0,9,72,6,87,31,108,107,35,281,36,42,78,359
10/06/2005,BTV,VT,ANE,EN,Combined TRACON& Tower with Radar,27,109,31,3,170,0,0,36,9,45,27,109,67,12,215,40,2,42,257
10/07/2005,BTV,VT,ANE,EN,Combined TRACON& Tower with Radar,24,116,53,17,210,0,0,18,0,18,24,116,71,17,228,30,24,54,282
10/08/2005,BTV,VT,ANE,EN,Combined TRACON& Tower with Radar,23,104,28,4,159,0,0,0,0,0,23,104,28,4,159,0,0,0,159
10/09/2005,BTV,VT,ANE,EN,Combined TRACON& Tower with Radar,17,88,33,0,138,0,0,4,0,4,17,88,37,0,142,0,0,0,142
10/10/2005,BTV,VT,ANE,EN,Combined TRACON& Tower with Radar,22,97,48,0,167,0,0,7,0,7,22,97,55,0,174,32,0,32,206
10/11/2005,BTV,VT,ANE,EN,Combined TRACON& Tower with Radar,21,101,24,4,150,0,0,2,0,2,21,101,26,4,152,0,0,0,152
10/12/2005,BTV,VT,ANE,EN,Combined TRACON& Tower with Radar,20,97,34,7,158,0,2,34,1,37,20,99,68,8,195,128,8,136,331
10/13/2005,BTV,VT,ANE,EN,Combined TRACON& Tower with Radar,27,87,36,10,160,0,0,9,4,13,27,87,45,14,173,26,14,40,213
10/14/2005,BTV,VT,ANE,EN,Combined TRACON& Tower with Radar,27,101,41,9,178,0,0,5,1,6,27,101,46,10,184,20,12,32,216
10/15/2005,BTV,VT,ANE,EN,Combined TRACON& Tower with Radar,29,86,23,0,138,0,0,0,0,0,29,86,23,0,138,0,0,0,138
10/16/2005,BTV,VT,ANE,EN,Combined TRACON& Tower with Radar,22,83,13,0,118,0,0,1,0,1,22,83,14,0,119,0,0,0,119
10/17/2005,BTV,VT,ANE,EN,Combined TRACON& Tower with Radar,21,101,19,0,141,0,0,19,3,22,21,101,38,3,163,22,0,22,185
10/18/2005,BTV,VT,ANE,EN,Combined TRACON& Tower with Radar,27,92,36,15,170,0,0,0,0,0,27,92,36,15,170,34,14,48,218
10/19/2005,BTV,VT,ANE,EN,Combined TRACON& Tower with Radar,25,103,32,5,165,0,7,28,4,39,25,110,60,9,204,78,6,84,288
10/20/2005,BTV,VT,ANE,EN,Combined TRACON& Tower with Radar,26,97,34,13,170,1,1,64,7,73,27,98,98,20,243,40,0,40,283
10/21/2005,BTV,VT,ANE,EN,Combined TRACON& Tower with Radar,26,95,40,9,170,0,3,95,6,104,26,98,135,15,274,56,30,86,360
10/22/2005,BTV,VT,ANE,EN,Combined TRACON& Tower with Radar,27,88,21,0,136,0,0,66,1,67,27,88,87,1,203,166,0,166,369
10/23/2005,BTV,VT,ANE,EN,Combined TRACON& Tower with Radar,21,84,30,0,135,0,0,1,0,1,21,84,31,0,136,0,0,0,136
10/24/2005,BTV,VT,ANE,EN,Combined TRACON& Tower with Radar,25,108,36,8,177,0,0,0,2,2,25,108,36,10,179,28,16,44,223
10/25/2005,BTV,VT,ANE,EN,Combined TRACON& Tower with Radar,26,93,13,2,134,0,0,3,0,3,26,93,16,2,137,0,0,0,137
10/26/2005,BTV,VT,ANE,EN,Combined TRACON& Tower with Radar,28,96,21,2,147,0,0,1,0,1,28,96,22,2,148,0,0,0,148
10/27/2005,BTV,VT,ANE,EN,Combined TRACON& Tower with Radar,29,98,27,28,182,0,2,29,12,43,29,100,56,40,225,30,17,47,272
10/28/2005,BTV,VT,ANE,EN,Combined TRACON& Tower with Radar,26,100,26,6,158,0,2,56,6,64,26,102,82,12,222,12,4,16,238
10/29/2005,BTV,VT,ANE,EN,Combined TRACON& Tower with Radar,27,77,11,0,115,0,3,95,0,98,27,80,106,0,213,108,0,108,321
10/30/2005,BTV,VT,ANE,EN,Combined TRACON& Tower with Radar,19,84,38,11,152,0,1,139,0,140,19,85,177,11,292,124,0,124,416
10/31/2005,BTV,VT,ANE,EN,Combined TRACON& Tower with Radar,27,93,21,49,190,0,1,59,0,60,27,94,80,49,250,82,36,118,368
11/01/2005,BTV,VT,ANE,EN,Combined TRACON& Tower with Radar,28,88,21,24,161,0,0,37,0,37,28,88,58,24,198,56,4,60,258
11/02/2005,BTV,VT,ANE,EN,Combined TRACON& Tower with Radar,25,92,24,34,175,0,2,40,2,44,25,94,64,36,219,94,30,124,343
11/03/2005,BTV,VT,ANE,EN,Combined TRACON& Tower with Radar,29,110,15,6,160,0,0,28,8,36,29,110,43,14,196,2,6,8,204
11/04/2005,BTV,VT,ANE,EN,Combined TRACON& Tower with Radar,26,96,23,11,156,0,2,73,0,75,26,98,96,11,231,78,8,86,317
11/05/2005,BTV,VT,ANE,EN,Combined TRACON& Tower with Radar,25,69,24,34,152,0,5,95,4,104,25,74,119,38,256,78,40,118,374
11/06/2005,BTV,VT,ANE,EN,Combined TRACON& Tower with Radar,21,83,21,3,128,0,0,18,2,20,21,83,39,5,148,0,0,0,148
11/07/2005,BTV,VT,ANE,EN,Combined TRACON& Tower with Radar,26,92,20,5,143,0,0,23,2,25,26,92,43,7,168,11,0,11,179
11/08/2005,BTV,VT,ANE,EN,Combined TRACON& Tower with Radar,27,96,50,17,190,0,0,36,5,41,27,96,86,22,231,94,22,116,347
11/09/2005,BTV,VT,ANE,EN,Combined TRACON& Tower with Radar,23,92,23,19,157,0,0,41,4,45,23,92,64,23,202,50,44,94,296
11/10/2005,BTV,VT,ANE,EN,Combined TRACON& Tower with Radar,24,92,20,28,164,0,2,24,4,30,24,94,44,32,194,36,14,50,244
11/11/2005,BTV,VT,ANE,EN,Combined TRACON& Tower with Radar,23,101,27,1,152,0,1,42,0,43,23,102,69,1,195,64,0,64,259
11/12/2005,BTV,VT,ANE,EN,Combined TRACON& Tower with Radar,22,81,27,0,130,0,4,97,0,101,22,85,124,0,231,86,0,86,317
11/13/2005,BTV,VT,ANE,EN,Combined TRACON& Tower with Radar,20,78,24,0,122,0,0,40,0,40,20,78,64,0,162,50,0,50,212
11/14/2005,BTV,VT,ANE,EN,Combined TRACON& Tower with Radar,20,93,20,7,140,0,1,34,0,35,20,94,54,7,175,60,2,62,237
11/15/2005,BTV,VT,ANE,EN,Combined TRACON& Tower with Radar,21,89,18,1,129,0,0,5,0,5,21,89,23,1,134,50,0,50,184
11/16/2005,BTV,VT,ANE,EN,Combined TRACON& Tower with Radar,23,105,16,4,148,0,1,8,0,9,23,106,24,4,157,96,0,96,253
11/17/2005,BTV,VT,ANE,EN,Combined TRACON& Tower with Radar,21,112,24,13,170,0,2,11,3,16,21,114,35,16,186,64,26,90,276
11/18/2005,BTV,VT,ANE,EN,Combined TRACON& Tower with Radar,21,106,18,8,153,0,2,42,0,44,21,108,60,8,197,68,34,102,299
11/19/2005,BTV,VT,ANE,EN,Combined TRACON& Tower with Radar,19,76,17,1,113,0,2,53,0,55,19,78,70,1,168,62,0,62,230
11/20/2005,BTV,VT,ANE,EN,Combined TRACON& Tower with Radar,18,72,22,1,113,0,1,62,0,63,18,73,84,1,176,80,0,80,256
11/21/2005,BTV,VT,ANE,EN,Combined TRACON& Tower with Radar,22,91,24,14,151,0,5,44,4,53,22,96,68,18,204,46,14,60,264
11/22/2005,BTV,VT,ANE,EN,Combined TRACON& Tower with Radar,21,80,17,2,120,0,0,0,0,0,21,80,17,2,120,0,0,0,120
11/23/2005,BTV,VT,ANE,EN,Combined TRACON& Tower with Radar,26,96,27,0,149,0,0,18,0,18,26,96,45,0,167,10,0,10,177
11/24/2005,BTV,VT,ANE,EN,Combined TRACON& Tower with Radar,21,84,10,0,115,0,0,0,0,0,21,84,10,0,115,0,0,0,115
11/25/2005,BTV,VT,ANE,EN,Combined TRACON& Tower with Radar,24,80,10,4,118,0,2,16,0,18,24,82,26,4,136,27,0,27,163
11/26/2005,BTV,VT,ANE,EN,Combined TRACON& Tower with Radar,21,91,25,0,137,0,0,28,0,28,21,91,53,0,165,40,0,40,205
11/27/2005,BTV,VT,ANE,EN,Combined TRACON& Tower with Radar,14,91,40,0,145,0,1,32,1,34,14,92,72,1,179,116,0,116,295
11/28/2005,BTV,VT,ANE,EN,Combined TRACON& Tower with Radar,18,95,20,31,164,0,0,15,2,17,18,95,35,33,181,38,44,82,263
11/29/2005,BTV,VT,ANE,EN,Combined TRACON& Tower with Radar,22,100,19,11,152,0,0,1,0,1,22,100,20,11,153,12,0,12,165
11/30/2005,BTV,VT,ANE,EN,Combined TRACON& Tower with Radar,25,96,25,18,164,0,2,17,2,21,25,98,42,20,185,58,6,64,249
12/01/2005,BTV,VT,ANE,EN,Combined TRACON& Tower with Radar,21,94,24,19,158,0,4,39,5,48,21,98,63,24,206,182,22,204,410
12/02/2005,BTV,VT,ANE,EN,Combined TRACON& Tower with Radar,25,86,16,25,152,0,3,2,0,5,25,89,18,25,157,38,12,50,207
12/03/2005,BTV,VT,ANE,EN,Combined TRACON& Tower with Radar,16,78,25,10,129,2,1,17,0,20,18,79,42,10,149,32,14,46,195
12/04/2005,BTV,VT,ANE,EN,Combined TRACON& Tower with Radar,20,67,16,1,104,0,0,0,1,1,20,67,16,2,105,0,0,0,105
12/05/2005,BTV,VT,ANE,EN,Combined TRACON& Tower with Radar,20,105,26,8,159,0,0,41,3,44,20,105,67,11,203,98,10,108,311
12/06/2005,BTV,VT,ANE,EN,Combined TRACON& Tower with Radar,25,89,12,24,150,0,0,28,3,31,25,89,40,27,181,112,34,146,327
12/07/2005,BTV,VT,ANE,EN,Combined TRACON& Tower with Radar,25,94,19,34,172,0,10,11,4,25,25,104,30,38,197,54,8,62,259
12/08/2005,BTV,VT,ANE,EN,Combined TRACON& Tower with Radar,26,93,26,34,179,0,2,49,7,58,26,95,75,41,237,122,14,136,373
12/09/2005,BTV,VT,ANE,EN,Combined TRACON& Tower with Radar,25,72,18,3,118,0,0,0,0,0,25,72,18,3,118,0,0,0,118
12/10/2005,BTV,VT,ANE,EN,Combined TRACON& Tower with Radar,19,68,23,0,110,0,0,24,0,24,19,68,47,0,134,138,0,138,272
12/11/2005,BTV,VT,ANE,EN,Combined TRACON& Tower with Radar,22,71,33,2,128,0,0,20,0,20,22,71,53,2,148,82,0,82,230
12/12/2005,BTV,VT,ANE,EN,Combined TRACON& Tower with Radar,23,97,19,8,147,0,0,0,0,0,23,97,19,8,147,0,0,0,147
12/13/2005,BTV,VT,ANE,EN,Combined TRACON& Tower with Radar,26,93,18,24,161,0,0,42,13,55,26,93,60,37,216,44,0,44,260
12/14/2005,BTV,VT,ANE,EN,Combined TRACON& Tower with Radar,26,108,35,24,193,0,2,40,11,53,26,110,75,35,246,2,14,16,262
12/15/2005,BTV,VT,ANE,EN,Combined TRACON& Tower with Radar,27,110,24,9,170,0,1,26,7,34,27,111,50,16,204,16,24,40,244
12/16/2005,BTV,VT,ANE,EN,Combined TRACON& Tower with Radar,31,84,21,1,137,0,0,1,0,1,31,84,22,1,138,0,0,0,138
12/17/2005,BTV,VT,ANE,EN,Combined TRACON& Tower with Radar,23,70,26,0,119,0,1,17,0,18,23,71,43,0,137,66,0,66,203
12/18/2005,BTV,VT,ANE,EN,Combined TRACON& Tower with Radar,23,77,25,0,125,0,0,0,0,0,23,77,25,0,125,60,0,60,185
12/19/2005,BTV,VT,ANE,EN,Combined TRACON& Tower with Radar,19,90,31,19,159,0,0,26,1,27,19,90,57,20,186,24,4,28,214
12/20/2005,BTV,VT,ANE,EN,Combined TRACON& Tower with Radar,24,99,27,12,162,0,0,2,0,2,24,99,29,12,164,30,20,50,214
12/21/2005,BTV,VT,ANE,EN,Combined TRACON& Tower with Radar,28,97,23,15,163,0,1,28,3,32,28,98,51,18,195,36,12,48,243
12/22/2005,BTV,VT,ANE,EN,Combined TRACON& Tower with Radar,29,102,23,5,159,0,3,35,5,43,29,105,58,10,202,78,0,78,280
12/23/2005,BTV,VT,ANE,EN,Combined TRACON& Tower with Radar,35,98,18,0,151,0,2,26,0,28,35,100,44,0,179,86,0,86,265
12/24/2005,BTV,VT,ANE,EN,Combined TRACON& Tower with Radar,21,72,8,0,101,0,0,7,0,7,21,72,15,0,108,20,0,20,128
12/25/2005,BTV,VT,ANE,EN,Combined TRACON& Tower with Radar,20,56,10,0,86,0,0,2,0,2,20,56,12,0,88,0,0,0,88
12/26/2005,BTV,VT,ANE,EN,Combined TRACON& Tower with Radar,25,94,29,0,148,0,0,0,0,0,25,94,29,0,148,0,0,0,148
12/27/2005,BTV,VT,ANE,EN,Combined TRACON& Tower with Radar,20,87,26,11,144,0,1,38,1,40,20,88,64,12,184,12,24,36,220
12/28/2005,BTV,VT,ANE,EN,Combined TRACON& Tower with Radar,23,95,17,12,147,0,2,37,0,39,23,97,54,12,186,58,26,84,270
12/29/2005,BTV,VT,ANE,EN,Combined TRACON& Tower with Radar,26,104,12,6,148,0,0,9,0,9,26,104,21,6,157,96,10,106,263
12/30/2005,BTV,VT,ANE,EN,Combined TRACON& Tower with Radar,24,88,20,0,132,1,0,1,0,2,25,88,21,0,134,0,0,0,134
12/31/2005,BTV,VT,ANE,EN,Combined TRACON& Tower with Radar,21,68,21,0,110,0,0,13,0,13,21,68,34,0,123,90,0,90,213
01/01/2006,BTV,VT,ANE,EN,Combined TRACON& Tower with Radar,20,67,20,0,107,0,0,3,0,3,20,67,23,0,110,0,0,0,110
01/02/2006,BTV,VT,ANE,EN,Combined TRACON& Tower with Radar,17,77,26,2,122,0,0,8,0,8,17,77,34,2,130,90,0,90,220
01/03/2006,BTV,VT,ANE,EN,Combined TRACON& Tower with Radar,27,78,23,6,134,0,0,5,0,5,27,78,28,6,139,32,0,32,171
01/04/2006,BTV,VT,ANE,EN,Combined TRACON& Tower with Radar,26,86,28,13,153,0,2,42,2,46,26,88,70,15,199,168,8,176,375
01/05/2006,BTV,VT,ANE,EN,Combined TRACON& Tower with Radar,27,94,5,14,140,0,0,0,0,0,27,94,5,14,140,2,20,22,162
01/06/2006,BTV,VT,ANE,EN,Combined TRACON& Tower with Radar,29,81,31,12,153,0,0,3,1,4,29,81,34,13,157,6,4,10,167
01/07/2006,BTV,VT,ANE,EN,Combined TRACON& Tower with Radar,25,69,72,33,199,0,1,37,16,54,25,70,109,49,253,60,35,95,348
01/08/2006,BTV,VT,ANE,EN,Combined TRACON& Tower with Radar,20,81,16,13,130,0,0,8,3,11,20,81,24,16,141,8,8,16,157
01/09/2006,BTV,VT,ANE,EN,Combined TRACON& Tower with Radar,23,87,16,14,140,0,0,0,2,2,23,87,16,16,142,8,4,12,154
01/10/2006,BTV,VT,ANE,EN,Combined TRACON& Tower with Radar,32,81,24,12,149,0,2,48,8,58,32,83,72,20,207,42,36,78,285
01/11/2006,BTV,VT,ANE,EN,Combined TRACON& Tower with Radar,27,78,36,18,159,0,1,9,2,12,27,79,45,20,171,20,22,42,213
01/12/2006,BTV,VT,ANE,EN,Combined TRACON& Tower with Radar,25,96,33,19,173,0,0,29,10,39,25,96,62,29,212,64,42,106,318
01/13/2006,BTV,VT,ANE,EN,Combined TRACON& Tower with Radar,25,76,44,4,149,0,1,36,3,40,25,77,80,7,189,120,6,126,315
01/14/2006,BTV,VT,ANE,EN,Combined TRACON& Tower with Radar,23,74,13,2,112,0,0,0,0,0,23,74,13,2,112,0,0,0,112
01/15/2006,BTV,VT,ANE,EN,Combined TRACON& Tower with Radar,19,61,9,2,91,0,0,0,0,0,19,61,9,2,91,0,0,0,91
01/16/2006,BTV,VT,ANE,EN,Combined TRACON& Tower with Radar,25,100,14,3,142,0,3,46,0,49,25,103,60,3,191,52,0,52,243
01/17/2006,BTV,VT,ANE,EN,Combined TRACON& Tower with Radar,26,77,18,14,135,0,5,28,4,37,26,82,46,18,172,10,44,54,226
01/18/2006,BTV,VT,ANE,EN,Combined TRACON& Tower with Radar,30,74,5,1,110,0,0,0,0,0,30,74,5,1,110,0,0,0,110
01/19/2006,BTV,VT,ANE,EN,Combined TRACON& Tower with Radar,29,80,28,20,157,0,1,19,6,26,29,81,47,26,183,26,26,52,235
01/20/2006,BTV,VT,ANE,EN,Combined TRACON& Tower with Radar,24,78,25,21,148,0,1,16,1,18,24,79,41,22,166,72,32,104,270
01/21/2006,BTV,VT,ANE,EN,Combined TRACON& Tower with Radar,24,68,12,0,104,0,0,2,1,3,24,68,14,1,107,2,0,2,109
01/22/2006,BTV,VT,ANE,EN,Combined TRACON& Tower with Radar,22,61,16,0,99,0,0,74,5,79,22,61,90,5,178,50,0,50,228
01/23/2006,BTV,VT,ANE,EN,Combined TRACON& Tower with Radar,29,88,9,15,141,0,0,1,0,1,29,88,10,15,142,0,0,0,142
01/24/2006,BTV,VT,ANE,EN,Combined TRACON& Tower with Radar,28,91,25,38,182,0,2,24,3,29,28,93,49,41,211,70,26,96,307
01/25/2006,BTV,VT,ANE,EN,Combined TRACON& Tower with Radar,27,85,16,19,147,0,0,3,3,6,27,85,19,22,153,2,0,2,155
01/26/2006,BTV,VT,ANE,EN,Combined TRACON& Tower with Radar,26,80,20,34,160,0,0,5,2,7,26,80,25,36,167,10,16,26,193
01/27/2006,BTV,VT,ANE,EN,Combined TRACON& Tower with Radar,26,83,85,6,200,1,6,36,3,46,27,89,121,9,246,24,10,34,280
01/28/2006,BTV,VT,ANE,EN,Combined TRACON& Tower with Radar,24,61,14,0,99,0,22,88,0,110,24,83,102,0,209,191,0,191,400
01/29/2006,BTV,VT,ANE,EN,Combined TRACON& Tower with Radar,25,72,33,0,130,0,0,8,0,8,25,72,41,0,138,76,0,76,214
01/30/2006,BTV,VT,ANE,EN,Combined TRACON& Tower with Radar,22,63,11,2,98,0,0,0,0,0,22,63,11,2,98,2,0,2,100
01/31/2006,BTV,VT,ANE,EN,Combined TRACON& Tower with Radar,25,82,14,38,159,0,0,1,0,1,25,82,15,38,160,0,14,14,174
02/01/2006,BTV,VT,ANE,EN,Combined TRACON& Tower with Radar,26,82,30,29,167,0,0,17,3,20,26,82,47,32,187,2,18,20,207
02/02/2006,BTV,VT,ANE,EN,Combined TRACON& Tower with Radar,25,84,39,37,185,0,1,34,8,43,25,85,73,45,228,142,20,162,390
02/03/2006,BTV,VT,ANE,EN,Combined TRACON& Tower with Radar,27,88,26,18,159,0,0,2,0,2,27,88,28,18,161,12,2,14,175
02/04/2006,BTV,VT,ANE,EN,Combined TRACON& Tower with Radar,26,81,25,29,161,0,1,60,7,68,26,82,85,36,229,172,30,202,431
02/05/2006,BTV,VT,ANE,EN,Combined TRACON& Tower with Radar,25,62,19,8,114,0,0,3,4,7,25,62,22,12,121,8,16,24,145
02/06/2006,BTV,VT,ANE,EN,Combined TRACON& Tower with Radar,26,86,26,1,139,0,1,12,1,14,26,87,38,2,153,32,0,32,185
02/07/2006,BTV,VT,ANE,EN,Combined TRACON& Tower with Radar,28,84,26,23,161,0,2,18,1,21,28,86,44,24,182,38,16,54,236
02/08/2006,BTV,VT,ANE,EN,Combined TRACON& Tower with Radar,28,89,24,26,167,0,1,38,1,40,28,90,62,27,207,84,20,104,311
02/09/2006,BTV,VT,ANE,EN,Combined TRACON& Tower with Radar,26,86,27,21,160,0,0,12,4,16,26,86,39,25,176,0,10,10,186
02/10/2006,BTV,VT,ANE,EN,Combined TRACON& Tower with Radar,29,91,41,26,187,0,7,31,1,39,29,98,72,27,226,24,8,32,258
02/11/2006,BTV,VT,ANE,EN,Combined TRACON& Tower with Radar,19,59,24,0,102,0,0,59,1,60,19,59,83,1,162,146,0,146,308
02/12/2006,BTV,VT,ANE,EN,Combined TRACON& Tower with Radar,17,66,22,2,107,1,1,18,0,20,18,67,40,2,127,76,0,76,203
02/13/2006,BTV,VT,ANE,EN,Combined TRACON& Tower with Radar,26,80,7,21,134,0,0,27,3,30,26,80,34,24,164,32,28,60,224
02/14/2006,BTV,VT,ANE,EN,Combined TRACON& Tower with Radar,28,89,12,27,156,0,0,10,0,10,28,89,22,27,166,0,34,34,200
02/15/2006,BTV,VT,ANE,EN,Combined TRACON& Tower with Radar,26,90,17,26,159,0,0,34,21,55,26,90,51,47,214,28,26,54,268
02/16/2006,BTV,VT,ANE,EN,Combined TRACON& Tower with Radar,23,87,22,20,152,0,4,0,5,9,23,91,22,25,161,34,18,52,213
02/17/2006,BTV,VT,ANE,EN,Combined TRACON& Tower with Radar,25,78,19,0,122,0,3,1,0,4,25,81,20,0,126,0,0,0,126
02/18/2006,BTV,VT,ANE,EN,Combined TRACON& Tower with Radar,24,69,18,0,111,0,0,0,0,0,24,69,18,0,111,32,0,32,143
02/19/2006,BTV,VT,ANE,EN,Combined TRACON& Tower with Radar,23,57,46,2,128,0,4,0,0,4,23,61,46,2,132,20,0,20,152
02/20/2006,BTV,VT,ANE,EN,Combined TRACON& Tower with Radar,29,93,36,5,163,0,3,32,0,35,29,96,68,5,198,42,0,42,240
02/21/2006,BTV,VT,ANE,EN,Combined TRACON& Tower with Radar,28,87,20,22,157,0,1,12,1,14,28,88,32,23,171,48,0,48,219
02/22/2006,BTV,VT,ANE,EN,Combined TRACON& Tower with Radar,29,86,57,43,215,0,4,10,3,17,29,90,67,46,232,94,60,154,386
02/23/2006,BTV,VT,ANE,EN,Combined TRACON& Tower with Radar,30,89,29,32,180,0,0,14,5,19,30,89,43,37,199,78,28,106,305
02/24/2006,BTV,VT,ANE,EN,Combined TRACON& Tower with Radar,27,93,21,2,143,0,2,5,1,8,27,95,26,3,151,0,0,0,151
02/25/2006,BTV,VT,ANE,EN,Combined TRACON& Tower with Radar,26,64,10,0,100,0,2,2,0,4,26,66,12,0,104,10,0,10,114
02/26/2006,BTV,VT,ANE,EN,Combined TRACON& Tower with Radar,21,79,9,0,109,1,0,8,2,11,22,79,17,2,120,0,0,0,120
02/27/2006,BTV,VT,ANE,EN,Combined TRACON& Tower with Radar,29,85,25,6,145,0,6,13,0,19,29,91,38,6,164,4,0,4,168
02/28/2006,BTV,VT,ANE,EN,Combined TRACON& Tower with Radar,28,93,24,0,145,0,4,2,27,33,28,97,26,27,178,36,26,62,240
03/01/2006,BTV,VT,ANE,EN,Combined TRACON& Tower with Radar,26,80,25,37,168,1,1,30,0,32,27,81,55,37,200,48,46,94,294
03/02/2006,BTV,VT,ANE,EN,Combined TRACON& Tower with Radar,26,71,11,30,138,0,0,14,6,20,26,71,25,36,158,48,32,80,238
03/03/2006,BTV,VT,ANE,EN,Combined TRACON& Tower with Radar,26,70,39,16,151,0,18,5,2,25,26,88,44,18,176,26,6,32,208
03/04/2006,BTV,VT,ANE,EN,Combined TRACON& Tower with Radar,27,69,12,0,108,0,0,2,0,2,27,69,14,0,110,0,0,0,110
03/05/2006,BTV,VT,ANE,EN,Combined TRACON& Tower with Radar,22,85,21,2,130,0,2,66,0,68,22,87,87,2,198,118,6,124,322
03/06/2006,BTV,VT,ANE,EN,Combined TRACON& Tower with Radar,25,82,19,23,149,0,5,40,0,45,25,87,59,23,194,54,18,72,266
03/07/2006,BTV,VT,ANE,EN,Combined TRACON& Tower with Radar,27,94,22,24,167,0,4,50,3,57,27,98,72,27,224,92,2,94,318
03/08/2006,BTV,VT,ANE,EN,Combined TRACON& Tower with Radar,30,97,29,29,185,0,5,47,3,55,30,102,76,32,240,52,30,82,322
03/09/2006,BTV,VT,ANE,EN,Combined TRACON& Tower with Radar,26,94,26,8,154,0,0,0,0,0,26,94,26,8,154,34,12,46,200
03/10/2006,BTV,VT,ANE,EN,Combined TRACON& Tower with Radar,33,100,22,2,157,0,0,0,1,1,33,100,22,3,158,20,0,20,178
03/11/2006,BTV,VT,ANE,EN,Combined TRACON& Tower with Radar,27,71,23,0,121,0,1,72,0,73,27,72,95,0,194,150,0,150,344
03/12/2006,BTV,VT,ANE,EN,Combined TRACON& Tower with Radar,24,84,31,6,145,0,1,24,0,25,24,85,55,6,170,38,4,42,212
03/13/2006,BTV,VT,ANE,EN,Combined TRACON& Tower with Radar,26,76,17,6,125,0,0,0,0,0,26,76,17,6,125,14,8,22,147
03/14/2006,BTV,VT,ANE,EN,Combined TRACON& Tower with Radar,28,92,8,5,133,0,0,5,0,5,28,92,13,5,138,0,14,14,152
03/15/2006,BTV,VT,ANE,EN,Combined TRACON& Tower with Radar,21,86,13,31,151,0,0,0,2,2,21,86,13,33,153,10,32,42,195
03/16/2006,BTV,VT,ANE,EN,Combined TRACON& Tower with Radar,24,85,29,22,160,0,2,18,0,20,24,87,47,22,180,68,12,80,260
03/17/2006,BTV,VT,ANE,EN,Combined TRACON& Tower with Radar,26,93,23,12,154,0,1,39,0,40,26,94,62,12,194,24,8,32,226
03/18/2006,BTV,VT,ANE,EN,Combined TRACON& Tower with Radar,25,69,11,0,105,0,1,14,1,16,25,70,25,1,121,120,6,126,247
03/19/2006,BTV,VT,ANE,EN,Combined TRACON& Tower with Radar,22,70,10,0,102,0,0,8,0,8,22,70,18,0,110,28,0,28,138
03/20/2006,BTV,VT,ANE,EN,Combined TRACON& Tower with Radar,23,83,14,2,122,0,1,24,1,26,23,84,38,3,148,0,0,0,148
03/21/2006,BTV,VT,ANE,EN,Combined TRACON& Tower with Radar,21,89,28,13,151,0,1,35,0,36,21,90,63,13,187,22,20,42,229
03/22/2006,BTV,VT,ANE,EN,Combined TRACON& Tower with Radar,28,91,31,21,171,0,4,14,4,22,28,95,45,25,193,24,50,74,267
03/23/2006,BTV,VT,ANE,EN,Combined TRACON& Tower with Radar,25,88,22,23,158,0,6,33,6,45,25,94,55,29,203,94,36,130,333
03/24/2006,BTV,VT,ANE,EN,Combined TRACON& Tower with Radar,28,92,53,7,180,0,0,43,4,47,28,92,96,11,227,16,0,16,243
03/25/2006,BTV,VT,ANE,EN,Combined TRACON& Tower with Radar,22,69,36,0,127,0,1,41,0,42,22,70,77,0,169,138,0,138,307
03/26/2006,BTV,VT,ANE,EN,Combined TRACON& Tower with Radar,23,70,22,0,115,0,0,42,0,42,23,70,64,0,157,52,0,52,209
03/27/2006,BTV,VT,ANE,EN,Combined TRACON& Tower with Radar,27,88,22,8,145,0,1,64,6,71,27,89,86,14,216,24,24,48,264
03/28/2006,BTV,VT,ANE,EN,Combined TRACON& Tower with Radar,26,86,49,15,176,1,4,74,5,84,27,90,123,20,260,66,10,76,336
03/29/2006,BTV,VT,ANE,EN,Combined TRACON& Tower with Radar,33,83,47,7,170,1,12,69,7,89,34,95,116,14,259,58,12,70,329
03/30/2006,BTV,VT,ANE,EN,Combined TRACON& Tower with Radar,28,97,36,10,171,0,2,74,13,89,28,99,110,23,260,118,12,130,390
03/31/2006,BTV,VT,ANE,EN,Combined TRACON& Tower with Radar,25,80,25,1,131,0,2,60,0,62,25,82,85,1,193,78,0,78,271
04/01/2006,BTV,VT,ANE,EN,Combined TRACON& Tower with Radar,26,66,10,5,107,0,0,15,0,15,26,66,25,5,122,38,2,40,162
04/02/2006,BTV,VT,ANE,EN,Combined TRACON& Tower with Radar,23,63,18,3,107,0,0,56,8,64,23,63,74,11,171,92,0,92,263
04/03/2006,BTV,VT,ANE,EN,Combined TRACON& Tower with Radar,22,79,12,1,114,0,0,29,1,30,22,79,41,2,144,8,0,8,152
04/04/2006,BTV,VT,ANE,EN,Combined TRACON& Tower with Radar,32,74,2,1,109,0,0,0,0,0,32,74,2,1,109,0,0,0,109
04/05/2006,BTV,VT,ANE,EN,Combined TRACON& Tower with Radar,29,84,12,0,125,0,1,30,2,33,29,85,42,2,158,30,0,30,188
04/06/2006,BTV,VT,ANE,EN,Combined TRACON& Tower with Radar,30,113,31,3,177,0,2,29,5,36,30,115,60,8,213,56,0,56,269
04/07/2006,BTV,VT,ANE,EN,Combined TRACON& Tower with Radar,26,82,14,1,123,0,0,9,1,10,26,82,23,2,133,56,0,56,189
04/08/2006,BTV,VT,ANE,EN,Combined TRACON& Tower with Radar,24,74,23,0,121,0,0,37,0,37,24,74,60,0,158,178,0,178,336
04/09/2006,BTV,VT,ANE,EN,Combined TRACON& Tower with Radar,26,80,116,0,222,0,0,0,0,0,26,80,116,0,222,118,0,118,340
04/10/2006,BTV,VT,ANE,EN,Combined TRACON& Tower with Radar,23,82,14,2,121,0,7,65,4,76,23,89,79,6,197,82,0,82,279
04/11/2006,BTV,VT,ANE,EN,Combined TRACON& Tower with Radar,27,87,39,17,170,0,1,56,0,57,27,88,95,17,227,84,24,108,335
04/12/2006,BTV,VT,ANE,EN,Combined TRACON& Tower with Radar,28,93,15,13,149,0,4,40,0,44,28,97,55,13,193,20,12,32,225
04/13/2006,BTV,VT,ANE,EN,Combined TRACON& Tower with Radar,26,84,36,2,148,0,4,28,6,38,26,88,64,8,186,36,0,36,222
04/14/2006,BTV,VT,ANE,EN,Combined TRACON& Tower with Radar,32,90,18,0,140,0,0,72,0,72,32,90,90,0,212,100,0,100,312
04/15/2006,BTV,VT,ANE,EN,Combined TRACON& Tower with Radar,24,67,10,0,101,0,1,29,0,30,24,68,39,0,131,122,0,122,253
04/16/2006,BTV,VT,ANE,EN,Combined TRACON& Tower with Radar,24,73,15,1,113,0,0,23,0,23,24,73,38,1,136,0,0,0,136
04/17/2006,BTV,VT,ANE,EN,Combined TRACON& Tower with Radar,34,79,26,3,142,0,0,35,0,35,34,79,61,3,177,34,10,44,221
04/18/2006,BTV,VT,ANE,EN,Combined TRACON& Tower with Radar,29,90,15,0,134,0,5,59,6,70,29,95,74,6,204,80,2,82,286
04/19/2006,BTV,VT,ANE,EN,Combined TRACON& Tower with Radar,25,87,23,3,138,0,2,60,2,64,25,89,83,5,202,12,0,12,214
04/20/2006,BTV,VT,ANE,EN,Combined TRACON& Tower with Radar,28,87,26,2,143,0,3,79,6,88,28,90,105,8,231,178,0,178,409
04/21/2006,BTV,VT,ANE,EN,Combined TRACON& Tower with Radar,26,88,18,3,135,0,4,71,6,81,26,92,89,9,216,146,0,146,362
04/22/2006,BTV,VT,ANE,EN,Combined TRACON& Tower with Radar,25,74,20,0,119,0,0,31,0,31,25,74,51,0,150,124,0,124,274
04/23/2006,BTV,VT,ANE,EN,Combined TRACON& Tower with Radar,26,76,16,1,119,0,0,2,2,4,26,76,18,3,123,100,0,100,223
04/24/2006,BTV,VT,ANE,EN,Combined TRACON& Tower with Radar,26,80,14,1,121,0,1,22,3,26,26,81,36,4,147,94,4,98,245
04/25/2006,BTV,VT,ANE,EN,Combined TRACON& Tower with Radar,27,88,24,2,141,0,0,22,0,22,27,88,46,2,163,96,0,96,259
04/26/2006,BTV,VT,ANE,EN,Combined TRACON& Tower with Radar,27,91,30,4,152,0,2,52,9,63,27,93,82,13,215,82,6,88,303
04/27/2006,BTV,VT,ANE,EN,Combined TRACON& Tower with Radar,31,83,25,5,144,0,6,63,6,75,31,89,88,11,219,152,16,168,387
04/28/2006,BTV,VT,ANE,EN,Combined TRACON& Tower with Radar,29,82,28,4,143,4,2,80,4,90,33,84,108,8,233,44,0,44,277
04/29/2006,BTV,VT,ANE,EN,Combined TRACON& Tower with Radar,26,86,23,0,135,0,2,121,0,123,26,88,144,0,258,322,0,322,580
04/30/2006,BTV,VT,ANE,EN,Combined TRACON& Tower with Radar,25,81,21,3,130,0,0,102,0,102,25,81,123,3,232,62,0,62,294
05/01/2006,BTV,VT,ANE,EN,Combined TRACON& Tower with Radar,26,90,14,0,130,0,1,39,0,40,26,91,53,0,170,68,0,68,238
05/02/2006,BTV,VT,ANE,EN,Combined TRACON& Tower with Radar,32,83,21,6,142,1,2,17,0,20,33,85,38,6,162,26,2,28,190
05/03/2006,BTV,VT,ANE,EN,Combined TRACON& Tower with Radar,30,95,31,2,158,0,0,0,0,0,30,95,31,2,158,0,0,0,158
05/04/2006,BTV,VT,ANE,EN,Combined TRACON& Tower with Radar,29,86,22,3,140,0,2,38,5,45,29,88,60,8,185,106,0,106,291
05/05/2006,BTV,VT,ANE,EN,Combined TRACON& Tower with Radar,31,74,14,0,119,0,4,52,3,59,31,78,66,3,178,80,0,80,258
05/06/2006,BTV,VT,ANE,EN,Combined TRACON& Tower with Radar,25,63,19,0,107,0,0,40,12,52,25,63,59,12,159,40,0,40,199
05/07/2006,BTV,VT,ANE,EN,Combined TRACON& Tower with Radar,27,74,25,1,127,0,7,86,5,98,27,81,111,6,225,48,0,48,273
05/08/2006,BTV,VT,ANE,EN,Combined TRACON& Tower with Radar,29,79,17,0,125,0,1,79,6,86,29,80,96,6,211,34,0,34,245
05/09/2006,BTV,VT,ANE,EN,Combined TRACON& Tower with Radar,32,78,20,8,138,0,4,29,7,40,32,82,49,15,178,12,2,14,192
05/10/2006,BTV,VT,ANE,EN,Combined TRACON& Tower with Radar,28,83,28,2,141,0,0,48,4,52,28,83,76,6,193,18,0,18,211
05/11/2006,BTV,VT,ANE,EN,Combined TRACON& Tower with Radar,24,84,23,2,133,0,0,34,2,36,24,84,57,4,169,4,0,4,173
05/12/2006,BTV,VT,ANE,EN,Combined TRACON& Tower with Radar,30,82,29,1,142,0,0,3,0,3,30,82,32,1,145,0,0,0,145
05/13/2006,BTV,VT,ANE,EN,Combined TRACON& Tower with Radar,29,88,16,0,133,0,0,13,0,13,29,88,29,0,146,12,0,12,158
05/14/2006,BTV,VT,ANE,EN,Combined TRACON& Tower with Radar,27,67,18,0,112,0,5,0,0,5,27,72,18,0,117,48,0,48,165
05/15/2006,BTV,VT,ANE,EN,Combined TRACON& Tower with Radar,28,82,26,4,140,0,0,11,0,11,28,82,37,4,151,8,0,8,159
05/16/2006,BTV,VT,ANE,EN,Combined TRACON& Tower with Radar,30,77,32,2,141,0,1,8,0,9,30,78,40,2,150,54,0,54,204
05/17/2006,BTV,VT,ANE,EN,Combined TRACON& Tower with Radar,23,86,26,2,137,0,0,7,0,7,23,86,33,2,144,12,0,12,156
05/18/2006,BTV,VT,ANE,EN,Combined TRACON& Tower with Radar,21,80,23,5,129,0,0,9,0,9,21,80,32,5,138,64,0,64,202
05/19/2006,BTV,VT,ANE,EN,Combined TRACON& Tower with Radar,35,91,27,3,156,0,0,1,0,1,35,91,28,3,157,0,0,0,157
05/20/2006,BTV,VT,ANE,EN,Combined TRACON& Tower with Radar,28,71,16,0,115,0,0,11,0,11,28,71,27,0,126,0,0,0,126
05/21/2006,BTV,VT,ANE,EN,Combined TRACON& Tower with Radar,25,67,24,5,121,0,1,18,0,19,25,68,42,5,140,86,0,86,226
05/22/2006,BTV,VT,ANE,EN,Combined TRACON& Tower with Radar,27,87,17,6,137,0,0,24,6,30,27,87,41,12,167,18,22,40,207
05/23/2006,BTV,VT,ANE,EN,Combined TRACON& Tower with Radar,29,83,28,2,142,0,0,41,4,45,29,83,69,6,187,66,0,66,253
05/24/2006,BTV,VT,ANE,EN,Combined TRACON& Tower with Radar,28,86,42,6,162,0,0,70,11,81,28,86,112,17,243,112,4,116,359
05/25/2006,BTV,VT,ANE,EN,Combined TRACON& Tower with Radar,26,82,36,7,151,0,3,91,11,105,26,85,127,18,256,54,6,60,316
05/26/2006,BTV,VT,ANE,EN,Combined TRACON& Tower with Radar,26,92,33,0,151,0,0,39,0,39,26,92,72,0,190,28,0,28,218
05/27/2006,BTV,VT,ANE,EN,Combined TRACON& Tower with Radar,32,80,52,8,172,0,0,32,0,32,32,80,84,8,204,22,0,22,226
05/28/2006,BTV,VT,ANE,EN,Combined TRACON& Tower with Radar,24,64,29,0,117,0,5,113,0,118,24,69,142,0,235,114,0,114,349
05/29/2006,BTV,VT,ANE,EN,Combined TRACON& Tower with Radar,27,69,25,0,121,0,6,61,0,67,27,75,86,0,188,48,0,48,236
05/30/2006,BTV,VT,ANE,EN,Combined TRACON& Tower with Radar,29,79,30,8,146,0,4,32,2,38,29,83,62,10,184,46,12,58,242
05/31/2006,BTV,VT,ANE,EN,Combined TRACON& Tower with Radar,28,91,28,8,155,0,0,29,5,34,28,91,57,13,189,140,20,160,349
06/01/2006,BTV,VT,ANE,EN,Combined TRACON& Tower with Radar,37,80,26,4,147,0,1,12,0,13,37,81,38,4,160,4,0,4,164
06/02/2006,BTV,VT,ANE,EN,Combined TRACON& Tower with Radar,33,81,33,8,155,0,0,55,9,64,33,81,88,17,219,134,42,176,395
06/03/2006,BTV,VT,ANE,EN,Combined TRACON& Tower with Radar,31,63,23,0,117,0,0,4,0,4,31,63,27,0,121,2,0,2,123
06/04/2006,BTV,VT,ANE,EN,Combined TRACON& Tower with Radar,26,70,28,2,126,0,0,13,6,19,26,70,41,8,145,98,0,98,243
06/05/2006,BTV,VT,ANE,EN,Combined TRACON& Tower with Radar,28,78,31,7,144,0,0,66,11,77,28,78,97,18,221,110,30,140,361
06/06/2006,BTV,VT,ANE,EN,Combined TRACON& Tower with Radar,34,82,36,19,171,0,0,94,13,107,34,82,130,32,278,96,26,122,400
06/07/2006,BTV,VT,ANE,EN,Combined TRACON& Tower with Radar,31,75,27,24,157,0,0,23,8,31,31,75,50,32,188,26,38,64,252
06/08/2006,BTV,VT,ANE,EN,Combined TRACON& Tower with Radar,34,79,40,50,203,0,1,22,5,28,34,80,62,55,231,98,88,186,417
06/09/2006,BTV,VT,ANE,EN,Combined TRACON& Tower with Radar,30,92,29,11,162,0,0,12,0,12,30,92,41,11,174,38,0,38,212
06/10/2006,BTV,VT,ANE,EN,Combined TRACON& Tower with Radar,34,66,26,1,127,0,1,0,0,1,34,67,26,1,128,0,0,0,128
06/11/2006,BTV,VT,ANE,EN,Combined TRACON& Tower with Radar,28,75,38,1,142,0,0,14,3,17,28,75,52,4,159,66,0,66,225
06/12/2006,BTV,VT,ANE,EN,Combined TRACON& Tower with Radar,25,83,38,28,174,0,0,57,28,85,25,83,95,56,259,106,38,144,403
06/13/2006,BTV,VT,ANE,EN,Combined TRACON& Tower with Radar,28,84,35,29,176,0,4,73,6,83,28,88,108,35,259,96,34,130,389
06/14/2006,BTV,VT,ANE,EN,Combined TRACON& Tower with Radar,31,84,37,22,174,0,1,48,10,59,31,85,85,32,233,36,28,64,297
06/15/2006,BTV,VT,ANE,EN,Combined TRACON& Tower with Radar,39,95,40,30,204,0,6,63,18,87,39,101,103,48,291,169,48,217,508
06/16/2006,BTV,VT,ANE,EN,Combined TRACON& Tower with Radar,33,94,36,11,174,0,3,73,7,83,33,97,109,18,257,130,8,138,395
06/17/2006,BTV,VT,ANE,EN,Combined TRACON& Tower with Radar,29,61,23,1,114,0,0,72,0,72,29,61,95,1,186,142,6,148,334
06/18/2006,BTV,VT,ANE,EN,Combined TRACON& Tower with Radar,31,69,39,1,140,0,0,76,1,77,31,69,115,2,217,70,2,72,289
06/19/2006,BTV,VT,ANE,EN,Combined TRACON& Tower with Radar,29,76,20,3,128,0,0,18,5,23,29,76,38,8,151,18,0,18,169
06/20/2006,BTV,VT,ANE,EN,Combined TRACON& Tower with Radar,30,80,39,26,175,4,0,0,7,11,34,80,39,33,186,62,14,76,262
06/21/2006,BTV,VT,ANE,EN,Combined TRACON& Tower with Radar,30,101,130,34,295,0,0,0,0,0,30,101,130,34,295,82,34,116,411
06/22/2006,BTV,VT,ANE,EN,Combined TRACON& Tower with Radar,31,89,31,18,169,1,11,49,6,67,32,100,80,24,236,98,28,126,362
06/23/2006,BTV,VT,ANE,EN,Combined TRACON& Tower with Radar,31,81,32,12,156,0,1,50,0,51,31,82,82,12,207,72,16,88,295
06/24/2006,BTV,VT,ANE,EN,Combined TRACON& Tower with Radar,29,75,44,1,149,0,0,77,1,78,29,75,121,2,227,82,0,82,309
06/25/2006,BTV,VT,ANE,EN,Combined TRACON& Tower with Radar,28,67,31,1,127,0,0,57,1,58,28,67,88,2,185,134,0,134,319
06/26/2006,BTV,VT,ANE,EN,Combined TRACON& Tower with Radar,26,77,28,34,165,0,2,8,0,10,26,79,36,34,175,4,20,24,199
06/27/2006,BTV,VT,ANE,EN,Combined TRACON& Tower with Radar,27,72,33,24,156,0,0,42,0,42,27,72,75,24,198,56,32,88,286
06/28/2006,BTV,VT,ANE,EN,Combined TRACON& Tower with Radar,30,89,20,29,168,0,1,29,0,30,30,90,49,29,198,44,14,58,256
06/29/2006,BTV,VT,ANE,EN,Combined TRACON& Tower with Radar,31,94,30,29,184,0,8,35,1,44,31,102,65,30,228,130,22,152,380
06/30/2006,BTV,VT,ANE,EN,Combined TRACON& Tower with Radar,32,94,45,12,183,0,0,22,5,27,32,94,67,17,210,92,22,114,324
07/01/2006,BTV,VT,ANE,EN,Combined TRACON& Tower with Radar,34,74,31,0,139,0,8,64,1,73,34,82,95,1,212,50,0,50,262
07/02/2006,BTV,VT,ANE,EN,Combined TRACON& Tower with Radar,27,63,10,2,102,0,1,6,1,8,27,64,16,3,110,0,0,0,110
07/03/2006,BTV,VT,ANE,EN,Combined TRACON& Tower with Radar,27,73,24,1,125,0,0,81,0,81,27,73,105,1,206,148,0,148,354
07/04/2006,BTV,VT,ANE,EN,Combined TRACON& Tower with Radar,25,66,14,3,108,1,2,15,6,24,26,68,29,9,132,20,12,32,164
07/05/2006,BTV,VT,ANE,EN,Combined TRACON& Tower with Radar,31,97,48,16,192,0,2,85,7,94,31,99,133,23,286,134,14,148,434
07/06/2006,BTV,VT,ANE,EN,Combined TRACON& Tower with Radar,33,100,33,36,202,0,3,84,15,102,33,103,117,51,304,50,42,92,396
07/07/2006,BTV,VT,ANE,EN,Combined TRACON& Tower with Radar,30,96,34,11,171,0,1,96,18,115,30,97,130,29,286,88,10,98,384
07/08/2006,BTV,VT,ANE,EN,Combined TRACON& Tower with Radar,33,70,24,2,129,0,5,94,0,99,33,75,118,2,228,80,0,80,308
07/09/2006,BTV,VT,ANE,EN,Combined TRACON& Tower with Radar,28,68,38,0,134,0,0,98,2,100,28,68,136,2,234,38,0,38,272
07/10/2006,BTV,VT,ANE,EN,Combined TRACON& Tower with Radar,29,84,27,29,169,0,1,49,0,50,29,85,76,29,219,80,14,94,313
07/11/2006,BTV,VT,ANE,EN,Combined TRACON& Tower with Radar,31,97,35,27,190,0,3,15,8,26,31,100,50,35,216,64,16,80,296
07/12/2006,BTV,VT,ANE,EN,Combined TRACON& Tower with Radar,33,79,27,17,156,0,1,43,11,55,33,80,70,28,211,86,46,132,343
07/13/2006,BTV,VT,ANE,EN,Combined TRACON& Tower with Radar,31,96,58,23,208,0,0,44,0,44,31,96,102,23,252,88,72,160,412
07/14/2006,BTV,VT,ANE,EN,Combined TRACON& Tower with Radar,31,96,44,29,200,0,0,62,6,68,31,96,106,35,268,96,16,112,380
07/15/2006,BTV,VT,ANE,EN,Combined TRACON& Tower with Radar,29,72,17,0,118,0,0,37,2,39,29,72,54,2,157,48,0,48,205
07/16/2006,BTV,VT,ANE,EN,Combined TRACON& Tower with Radar,29,77,46,1,153,0,1,70,0,71,29,78,116,1,224,66,0,66,290
07/17/2006,BTV,VT,ANE,EN,Combined TRACON& Tower with Radar,30,92,42,11,175,0,0,74,0,74,30,92,116,11,249,20,24,44,293
07/18/2006,BTV,VT,ANE,EN,Combined TRACON& Tower with Radar,32,77,25,29,163,0,5,54,7,66,32,82,79,36,229,40,42,82,311
07/19/2006,BTV,VT,ANE,EN,Combined TRACON& Tower with Radar,30,88,25,18,161,0,9,104,10,123,30,97,129,28,284,170,50,220,504
07/20/2006,BTV,VT,ANE,EN,Combined TRACON& Tower with Radar,30,86,29,19,164,0,0,85,20,105,30,86,114,39,269,94,26,120,389
07/21/2006,BTV,VT,ANE,EN,Combined TRACON& Tower with Radar,31,83,27,15,156,0,1,29,1,31,31,84,56,16,187,122,6,128,315
07/22/2006,BTV,VT,ANE,EN,Combined TRACON& Tower with Radar,34,64,24,0,122,0,0,19,0,19,34,64,43,0,141,12,0,12,153
07/23/2006,BTV,VT,ANE,EN,Combined TRACON& Tower with Radar,34,73,48,6,161,0,2,31,1,34,34,75,79,7,195,26,24,50,245
07/24/2006,BTV,VT,ANE,EN,Combined TRACON& Tower with Radar,30,88,22,27,167,1,5,93,8,107,31,93,115,35,274,114,40,154,428
07/25/2006,BTV,VT,ANE,EN,Combined TRACON& Tower with Radar,30,95,33,25,183,0,5,66,3,74,30,100,99,28,257,104,40,144,401
07/26/2006,BTV,VT,ANE,EN,Combined TRACON& Tower with Radar,30,100,102,28,260,0,0,0,0,0,30,100,102,28,260,104,40,144,404
07/27/2006,BTV,VT,ANE,EN,Combined TRACON& Tower with Radar,31,94,61,30,216,4,4,0,1,9,35,98,61,31,225,72,26,98,323
07/28/2006,BTV,VT,ANE,EN,Combined TRACON& Tower with Radar,33,89,38,14,174,2,0,10,0,12,35,89,48,14,186,4,6,10,196
07/29/2006,BTV,VT,ANE,EN,Combined TRACON& Tower with Radar,36,70,26,0,132,0,0,61,0,61,36,70,87,0,193,116,0,116,309
07/30/2006,BTV,VT,ANE,EN,Combined TRACON& Tower with Radar,29,75,107,1,212,0,0,0,0,0,29,75,107,1,212,34,0,34,246
07/31/2006,BTV,VT,ANE,EN,Combined TRACON& Tower with Radar,29,84,11,9,133,0,3,54,16,73,29,87,65,25,206,90,38,128,334
08/01/2006,BTV,VT,ANE,EN,Combined TRACON& Tower with Radar,32,85,24,23,164,0,0,60,7,67,32,85,84,30,231,18,6,24,255
08/02/2006,BTV,VT,ANE,EN,Combined TRACON& Tower with Radar,31,96,47,19,193,0,8,0,2,10,31,104,47,21,203,30,32,62,265
08/03/2006,BTV,VT,ANE,EN,Combined TRACON& Tower with Radar,28,84,33,30,175,0,3,13,4,20,28,87,46,34,195,0,42,42,237
08/04/2006,BTV,VT,ANE,EN,Combined TRACON& Tower with Radar,33,96,40,28,197,0,1,68,10,79,33,97,108,38,276,54,48,102,378
08/05/2006,BTV,VT,ANE,EN,Combined TRACON& Tower with Radar,26,67,28,0,121,0,0,90,3,93,26,67,118,3,214,70,0,70,284
08/06/2006,BTV,VT,ANE,EN,Combined TRACON& Tower with Radar,20,71,46,0,137,9,0,99,2,110,29,71,145,2,247,72,0,72,319
08/07/2006,BTV,VT,ANE,EN,Combined TRACON& Tower with Radar,29,87,19,5,140,0,1,35,6,42,29,88,54,11,182,4,16,20,202
08/08/2006,BTV,VT,ANE,EN,Combined TRACON& Tower with Radar,31,90,35,33,189,0,0,60,24,84,31,90,95,57,273,84,28,112,385
08/09/2006,BTV,VT,ANE,EN,Combined TRACON& Tower with Radar,32,94,29,25,180,0,4,96,5,105,32,98,125,30,285,52,64,116,401
08/10/2006,BTV,VT,ANE,EN,Combined TRACON& Tower with Radar,32,86,55,20,193,0,4,5,9,18,32,90,60,29,211,118,24,142,353
08/11/2006,BTV,VT,ANE,EN,Combined TRACON& Tower with Radar,33,95,49,23,200,0,2,73,8,83,33,97,122,31,283,70,28,98,381
08/12/2006,BTV,VT,ANE,EN,Combined TRACON& Tower with Radar,31,66,33,1,131,0,0,61,4,65,31,66,94,5,196,24,4,28,224
08/13/2006,BTV,VT,ANE,EN,Combined TRACON& Tower with Radar,29,82,37,0,148,0,5,112,1,118,29,87,149,1,266,90,0,90,356
08/14/2006,BTV,VT,ANE,EN,Combined TRACON& Tower with Radar,30,88,24,25,167,0,4,60,11,75,30,92,84,36,242,28,60,88,330
08/15/2006,BTV,VT,ANE,EN,Combined TRACON& Tower with Radar,34,87,8,36,165,0,2,47,8,57,34,89,55,44,222,46,46,92,314
08/16/2006,BTV,VT,ANE,EN,Combined TRACON& Tower with Radar,32,95,40,3,170,0,6,101,11,118,32,101,141,14,288,90,0,90,378
08/17/2006,BTV,VT,ANE,EN,Combined TRACON& Tower with Radar,27,98,22,7,154,0,4,91,6,101,27,102,113,13,255,46,20,66,321
08/18/2006,BTV,VT,ANE,EN,Combined TRACON& Tower with Radar,33,98,38,23,192,0,3,102,33,138,33,101,140,56,330,50,54,104,434
08/19/2006,BTV,VT,ANE,EN,Combined TRACON& Tower with Radar,26,72,34,3,135,0,0,59,21,80,26,72,93,24,215,26,78,104,319
08/20/2006,BTV,VT,ANE,EN,Combined TRACON& Tower with Radar,29,81,43,23,176,0,0,1,0,1,29,81,44,23,177,10,43,53,230
08/21/2006,BTV,VT,ANE,EN,Combined TRACON& Tower with Radar,31,99,41,19,190,0,4,75,8,87,31,103,116,27,277,68,48,116,393
08/22/2006,BTV,VT,ANE,EN,Combined TRACON& Tower with Radar,32,81,28,30,171,0,0,61,8,69,32,81,89,38,240,38,28,66,306
08/23/2006,BTV,VT,ANE,EN,Combined TRACON& Tower with Radar,32,87,23,9,151,0,11,71,8,90,32,98,94,17,241,116,12,128,369
08/24/2006,BTV,VT,ANE,EN,Combined TRACON& Tower with Radar,24,98,31,18,171,0,0,76,15,91,24,98,107,33,262,56,16,72,334
08/25/2006,BTV,VT,ANE,EN,Combined TRACON& Tower with Radar,28,80,57,18,183,0,0,69,6,75,28,80,126,24,258,54,26,80,338
08/26/2006,BTV,VT,ANE,EN,Combined TRACON& Tower with Radar,35,75,18,2,130,0,0,81,0,81,35,75,99,2,211,108,8,116,327
08/27/2006,BTV,VT,ANE,EN,Combined TRACON& Tower with Radar,28,82,20,3,133,0,0,3,0,3,28,82,23,3,136,2,0,2,138
08/28/2006,BTV,VT,ANE,EN,Combined TRACON& Tower with Radar,24,100,33,25,182,0,0,21,3,24,24,100,54,28,206,20,26,46,252
08/29/2006,BTV,VT,ANE,EN,Combined TRACON& Tower with Radar,27,92,36,16,171,0,2,35,13,50,27,94,71,29,221,60,46,106,327
08/30/2006,BTV,VT,ANE,EN,Combined TRACON& Tower with Radar,30,84,36,7,157,0,0,66,2,68,30,84,102,9,225,72,36,108,333
08/31/2006,BTV,VT,ANE,EN,Combined TRACON& Tower with Radar,27,77,23,11,138,0,8,56,2,66,27,85,79,13,204,46,14,60,264
09/01/2006,BTV,VT,ANE,EN,Combined TRACON& Tower with Radar,33,100,36,0,169,0,2,110,0,112,33,102,146,0,281,76,0,76,357
09/02/2006,BTV,VT,ANE,EN,Combined TRACON& Tower with Radar,25,54,14,0,93,0,2,42,14,58,25,56,56,14,151,108,0,108,259
09/03/2006,BTV,VT,ANE,EN,Combined TRACON& Tower with Radar,25,68,15,0,108,0,0,15,0,15,25,68,30,0,123,40,0,40,163
09/04/2006,BTV,VT,ANE,EN,Combined TRACON& Tower with Radar,25,85,42,0,152,0,1,37,0,38,25,86,79,0,190,30,0,30,220
09/05/2006,BTV,VT,ANE,EN,Combined TRACON& Tower with Radar,26,86,25,7,144,0,0,29,16,45,26,86,54,23,189,52,0,52,241
09/06/2006,BTV,VT,ANE,EN,Combined TRACON& Tower with Radar,28,94,25,0,147,0,1,17,4,22,28,95,42,4,169,96,2,98,267
09/07/2006,BTV,VT,ANE,EN,Combined TRACON& Tower with Radar,29,98,39,4,170,0,0,49,1,50,29,98,88,5,220,116,8,124,344
09/08/2006,BTV,VT,ANE,EN,Combined TRACON& Tower with Radar,26,92,33,5,156,0,1,86,13,100,26,93,119,18,256,90,4,94,350
09/09/2006,BTV,VT,ANE,EN,Combined TRACON& Tower with Radar,31,67,25,2,125,0,0,32,1,33,31,67,57,3,158,70,0,70,228
09/10/2006,BTV,VT,ANE,EN,Combined TRACON& Tower with Radar,25,73,31,0,129,0,5,102,15,122,25,78,133,15,251,78,4,82,333
09/11/2006,BTV,VT,ANE,EN,Combined TRACON& Tower with Radar,23,84,22,4,133,0,1,58,3,62,23,85,80,7,195,18,4,22,217
09/12/2006,BTV,VT,ANE,EN,Combined TRACON& Tower with Radar,28,87,33,13,161,0,3,71,12,86,28,90,104,25,247,78,28,106,353
09/13/2006,BTV,VT,ANE,EN,Combined TRACON& Tower with Radar,32,95,28,6,161,0,3,7,1,11,32,98,35,7,172,2,0,2,174
09/14/2006,BTV,VT,ANE,EN,Combined TRACON& Tower with Radar,31,99,32,2,164,0,0,5,1,6,31,99,37,3,170,66,4,70,240
09/15/2006,BTV,VT,ANE,EN,Combined TRACON& Tower with Radar,28,102,44,10,184,0,0,61,7,68,28,102,105,17,252,78,2,80,332
09/16/2006,BTV,VT,ANE,EN,Combined TRACON& Tower with Radar,33,71,54,6,164,0,0,91,0,91,33,71,145,6,255,130,4,134,389
09/17/2006,BTV,VT,ANE,EN,Combined TRACON& Tower with Radar,28,89,41,6,164,0,11,80,1,92,28,100,121,7,256,84,0,84,340
09/18/2006,BTV,VT,ANE,EN,Combined TRACON& Tower with Radar,25,99,31,3,158,0,0,75,0,75,25,99,106,3,233,76,0,76,309
09/19/2006,BTV,VT,ANE,EN,Combined TRACON& Tower with Radar,30,89,14,7,140,0,0,7,2,9,30,89,21,9,149,0,4,4,153
09/20/2006,BTV,VT,ANE,EN,Combined TRACON& Tower with Radar,27,95,29,18,169,1,5,35,8,49,28,100,64,26,218,112,32,144,362
09/21/2006,BTV,VT,ANE,EN,Combined TRACON& Tower with Radar,34,103,38,0,175,0,0,98,8,106,34,103,136,8,281,98,0,98,379
09/22/2006,BTV,VT,ANE,EN,Combined TRACON& Tower with Radar,29,100,77,10,216,0,0,106,0,106,29,100,183,10,322,106,8,114,436
09/23/2006,BTV,VT,ANE,EN,Combined TRACON& Tower with Radar,30,70,54,4,158,0,0,8,2,10,30,70,62,6,168,18,2,20,188
09/24/2006,BTV,VT,ANE,EN,Combined TRACON& Tower with Radar,26,77,29,0,132,0,0,7,0,7,26,77,36,0,139,0,0,0,139
09/25/2006,BTV,VT,ANE,EN,Combined TRACON& Tower with Radar,26,98,30,4,158,0,6,69,5,80,26,104,99,9,238,106,0,106,344
09/26/2006,BTV,VT,ANE,EN,Combined TRACON& Tower with Radar,27,94,18,2,141,0,4,63,9,76,27,98,81,11,217,142,0,142,359
09/27/2006,BTV,VT,ANE,EN,Combined TRACON& Tower with Radar,27,91,29,10,157,0,1,48,12,61,27,92,77,22,218,130,60,190,408
09/28/2006,BTV,VT,ANE,EN,Combined TRACON& Tower with Radar,28,96,50,4,178,0,0,25,2,27,28,96,75,6,205,6,2,8,213
09/29/2006,BTV,VT,ANE,EN,Combined TRACON& Tower with Radar,32,133,42,2,209,0,0,21,0,21,32,133,63,2,230,118,0,118,348
09/30/2006,BTV,VT,ANE,EN,Combined TRACON& Tower with Radar,28,73,29,0,130,3,11,105,0,119,31,84,134,0,249,168,0,168,417
10/01/2006,BTV,VT,ANE,EN,Combined TRACON& Tower with Radar,38,74,33,1,146,0,0,8,0,8,38,74,41,1,154,6,0,6,160
10/02/2006,BTV,VT,ANE,EN,Combined TRACON& Tower with Radar,28,102,35,0,165,0,0,24,2,26,28,102,59,2,191,98,0,98,289
10/03/2006,BTV,VT,ANE,EN,Combined TRACON& Tower with Radar,27,88,28,3,146,0,2,51,5,58,27,90,79,8,204,54,0,54,258
10/04/2006,BTV,VT,ANE,EN,Combined TRACON& Tower with Radar,30,96,35,0,161,0,1,0,0,1,30,97,35,0,162,4,4,8,170
10/05/2006,BTV,VT,ANE,EN,Combined TRACON& Tower with Radar,32,95,48,1,176,0,0,62,3,65,32,95,110,4,241,164,0,164,405
10/06/2006,BTV,VT,ANE,EN,Combined TRACON& Tower with Radar,39,106,45,6,196,0,4,87,4,95,39,110,132,10,291,72,2,74,365
10/07/2006,BTV,VT,ANE,EN,Combined TRACON& Tower with Radar,35,92,36,0,163,0,6,136,1,143,35,98,172,1,306,200,0,200,506
10/08/2006,BTV,VT,ANE,EN,Combined TRACON& Tower with Radar,33,71,18,0,122,0,5,170,0,175,33,76,188,0,297,154,0,154,451
10/09/2006,BTV,VT,ANE,EN,Combined TRACON& Tower with Radar,32,98,42,0,172,0,3,112,0,115,32,101,154,0,287,42,0,42,329
10/10/2006,BTV,VT,ANE,EN,Combined TRACON& Tower with Radar,33,82,34,5,154,0,1,64,4,69,33,83,98,9,223,54,2,56,279
10/11/2006,BTV,VT,ANE,EN,Combined TRACON& Tower with Radar,32,79,27,5,143,0,2,35,5,42,32,81,62,10,185,60,12,72,257
10/12/2006,BTV,VT,ANE,EN,Combined TRACON& Tower with Radar,38,86,29,2,155,0,0,13,0,13,38,86,42,2,168,114,0,114,282
10/13/2006,BTV,VT,ANE,EN,Combined TRACON& Tower with Radar,35,80,27,4,146,0,0,75,2,77,35,80,102,6,223,112,0,112,335
10/14/2006,BTV,VT,ANE,EN,Combined TRACON& Tower with Radar,35,84,33,0,152,0,0,38,0,38,35,84,71,0,190,118,0,118,308
10/15/2006,BTV,VT,ANE,EN,Combined TRACON& Tower with Radar,33,75,25,2,135,0,5,90,10,105,33,80,115,12,240,176,0,176,416
10/16/2006,BTV,VT,ANE,EN,Combined TRACON& Tower with Radar,32,77,30,5,144,0,8,86,1,95,32,85,116,6,239,74,4,78,317
10/17/2006,BTV,VT,ANE,EN,Combined TRACON& Tower with Radar,33,76,31,3,143,0,0,22,0,22,33,76,53,3,165,80,0,80,245
10/18/2006,BTV,VT,ANE,EN,Combined TRACON& Tower with Radar,33,100,22,2,157,0,0,38,0,38,33,100,60,2,195,68,0,68,263
10/19/2006,BTV,VT,ANE,EN,Combined TRACON& Tower with Radar,42,104,29,11,186,0,0,38,12,50,42,104,67,23,236,76,42,118,354
10/20/2006,BTV,VT,ANE,EN,Combined TRACON& Tower with Radar,38,100,47,5,190,0,0,0,0,0,38,100,47,5,190,8,0,8,198
10/21/2006,BTV,VT,ANE,EN,Combined TRACON& Tower with Radar,33,70,27,4,134,0,0,46,1,47,33,70,73,5,181,114,64,178,359
10/22/2006,BTV,VT,ANE,EN,Combined TRACON& Tower with Radar,34,89,32,1,156,0,1,76,1,78,34,90,108,2,234,86,0,86,320
10/23/2006,BTV,VT,ANE,EN,Combined TRACON& Tower with Radar,33,94,27,3,157,0,1,7,2,10,33,95,34,5,167,106,0,106,273
10/24/2006,BTV,VT,ANE,EN,Combined TRACON& Tower with Radar,36,92,50,19,197,0,0,0,0,0,36,92,50,19,197,34,11,45,242
10/25/2006,BTV,VT,ANE,EN,Combined TRACON& Tower with Radar,35,89,22,15,161,0,2,7,0,9,35,91,29,15,170,0,8,8,178
10/26/2006,BTV,VT,ANE,EN,Combined TRACON& Tower with Radar,34,97,37,39,207,0,0,52,0,52,34,97,89,39,259,50,44,94,353
10/27/2006,BTV,VT,ANE,EN,Combined TRACON& Tower with Radar,41,85,37,19,182,0,0,87,3,90,41,85,124,22,272,112,10,122,394
10/28/2006,BTV,VT,ANE,EN,Combined TRACON& Tower with Radar,36,65,12,0,113,0,0,1,0,1,36,65,13,0,114,0,0,0,114
10/29/2006,BTV,VT,ANE,EN,Combined TRACON& Tower with Radar,29,66,15,0,110,0,0,0,0,0,29,66,15,0,110,0,0,0,110
10/30/2006,BTV,VT,ANE,EN,Combined TRACON& Tower with Radar,27,99,15,15,156,0,5,29,0,34,27,104,44,15,190,120,70,190,380
10/31/2006,BTV,VT,ANE,EN,Combined TRACON& Tower with Radar,26,94,24,20,164,0,3,45,4,52,26,97,69,24,216,94,20,114,330
11/01/2006,BTV,VT,ANE,EN,Combined TRACON& Tower with Radar,27,106,48,7,188,0,0,45,0,45,27,106,93,7,233,160,8,168,401
11/02/2006,BTV,VT,ANE,EN,Combined TRACON& Tower with Radar,25,101,20,28,174,0,1,51,1,53,25,102,71,29,227,100,82,182,409
11/03/2006,BTV,VT,ANE,EN,Combined TRACON& Tower with Radar,23,92,30,28,173,0,1,78,4,83,23,93,108,32,256,62,56,118,374
11/04/2006,BTV,VT,ANE,EN,Combined TRACON& Tower with Radar,26,65,23,19,133,0,0,103,2,105,26,65,126,21,238,102,28,130,368
11/05/2006,BTV,VT,ANE,EN,Combined TRACON& Tower with Radar,26,65,29,0,120,0,1,68,0,69,26,66,97,0,189,92,0,92,281
11/06/2006,BTV,VT,ANE,EN,Combined TRACON& Tower with Radar,27,87,27,9,150,0,1,80,7,88,27,88,107,16,238,94,4,98,336
11/07/2006,BTV,VT,ANE,EN,Combined TRACON& Tower with Radar,22,83,27,14,146,0,0,41,2,43,22,83,68,16,189,46,36,82,271
11/08/2006,BTV,VT,ANE,EN,Combined TRACON& Tower with Radar,27,84,34,27,172,0,3,2,0,5,27,87,36,27,177,92,10,102,279
11/09/2006,BTV,VT,ANE,EN,Combined TRACON& Tower with Radar,28,109,26,33,196,0,0,32,2,34,28,109,58,35,230,98,14,112,342
11/10/2006,BTV,VT,ANE,EN,Combined TRACON& Tower with Radar,25,98,43,0,166,0,1,71,0,72,25,99,114,0,238,148,0,148,386
11/11/2006,BTV,VT,ANE,EN,Combined TRACON& Tower with Radar,24,68,16,0,108,0,0,39,0,39,24,68,55,0,147,104,0,104,251
11/12/2006,BTV,VT,ANE,EN,Combined TRACON& Tower with Radar,25,70,24,0,119,0,0,0,0,0,25,70,24,0,119,0,0,0,119
11/13/2006,BTV,VT,ANE,EN,Combined TRACON& Tower with Radar,21,86,22,8,137,0,0,0,0,0,21,86,22,8,137,38,0,38,175
11/14/2006,BTV,VT,ANE,EN,Combined TRACON& Tower with Radar,26,99,22,2,149,0,0,0,0,0,26,99,22,2,149,0,0,0,149
11/15/2006,BTV,VT,ANE,EN,Combined TRACON& Tower with Radar,35,104,26,17,182,0,3,27,3,33,35,107,53,20,215,124,26,150,365
11/16/2006,BTV,VT,ANE,EN,Combined TRACON& Tower with Radar,34,92,24,7,157,0,0,15,0,15,34,92,39,7,172,46,0,46,218
11/17/2006,BTV,VT,ANE,EN,Combined TRACON& Tower with Radar,24,101,13,4,142,1,13,19,0,33,25,114,32,4,175,101,0,101,276
11/18/2006,BTV,VT,ANE,EN,Combined TRACON& Tower with Radar,28,77,28,0,133,0,6,63,0,69,28,83,91,0,202,212,0,212,414
11/19/2006,BTV,VT,ANE,EN,Combined TRACON& Tower with Radar,25,76,25,2,128,0,0,25,0,25,25,76,50,2,153,98,28,126,279
11/20/2006,BTV,VT,ANE,EN,Combined TRACON& Tower with Radar,24,98,33,11,166,0,3,17,0,20,24,101,50,11,186,132,6,138,324
11/21/2006,BTV,VT,ANE,EN,Combined TRACON& Tower with Radar,24,99,32,15,170,0,10,56,5,71,24,109,88,20,241,72,20,92,333
11/22/2006,BTV,VT,ANE,EN,Combined TRACON& Tower with Radar,23,91,41,23,178,0,0,94,6,100,23,91,135,29,278,70,28,98,376
11/23/2006,BTV,VT,ANE,EN,Combined TRACON& Tower with Radar,13,58,7,0,78,0,0,16,0,16,13,58,23,0,94,6,0,6,100
11/24/2006,BTV,VT,ANE,EN,Combined TRACON& Tower with Radar,24,64,12,0,100,0,2,80,0,82,24,66,92,0,182,74,0,74,256
11/25/2006,BTV,VT,ANE,EN,Combined TRACON& Tower with Radar,24,75,23,0,122,0,2,72,0,74,24,77,95,0,196,92,0,92,288
11/26/2006,BTV,VT,ANE,EN,Combined TRACON& Tower with Radar,19,87,37,0,143,0,1,42,0,43,19,88,79,0,186,4,0,4,190
11/27/2006,BTV,VT,ANE,EN,Combined TRACON& Tower with Radar,23,86,34,17,160,0,0,25,1,26,23,86,59,18,186,100,10,110,296
11/28/2006,BTV,VT,ANE,EN,Combined TRACON& Tower with Radar,27,93,25,16,161,0,0,0,0,0,27,93,25,16,161,4,8,12,173
11/29/2006,BTV,VT,ANE,EN,Combined TRACON& Tower with Radar,22,91,33,30,176,0,3,11,6,20,22,94,44,36,196,140,40,180,376
11/30/2006,BTV,VT,ANE,EN,Combined TRACON& Tower with Radar,33,88,19,28,168,0,0,17,6,23,33,88,36,34,191,98,26,124,315
12/01/2006,BTV,VT,ANE,EN,Combined TRACON& Tower with Radar,21,79,15,1,116,0,0,0,0,0,21,79,15,1,116,0,0,0,116
12/02/2006,BTV,VT,ANE,EN,Combined TRACON& Tower with Radar,29,63,18,16,126,0,0,20,13,33,29,63,38,29,159,130,0,130,289
12/03/2006,BTV,VT,ANE,EN,Combined TRACON& Tower with Radar,21,72,16,1,110,0,0,0,0,0,21,72,16,1,110,46,0,46,156
12/04/2006,BTV,VT,ANE,EN,Combined TRACON& Tower with Radar,19,82,18,13,132,0,0,0,0,0,19,82,18,13,132,2,50,52,184
12/05/2006,BTV,VT,ANE,EN,Combined TRACON& Tower with Radar,31,81,20,20,152,0,0,39,17,56,31,81,59,37,208,210,34,244,452
12/06/2006,BTV,VT,ANE,EN,Combined TRACON& Tower with Radar,36,83,17,2,138,0,0,26,0,26,36,83,43,2,164,2,0,2,166
12/07/2006,BTV,VT,ANE,EN,Combined TRACON& Tower with Radar,34,83,15,9,141,0,0,9,0,9,34,83,24,9,150,0,12,12,162
12/08/2006,BTV,VT,ANE,EN,Combined TRACON& Tower with Radar,27,89,13,17,146,0,0,25,4,29,27,89,38,21,175,70,0,70,245
12/09/2006,BTV,VT,ANE,EN,Combined TRACON& Tower with Radar,24,68,28,8,128,0,1,20,0,21,24,69,48,8,149,117,0,117,266
12/10/2006,BTV,VT,ANE,EN,Combined TRACON& Tower with Radar,22,69,22,5,118,0,0,56,0,56,22,69,78,5,174,38,0,38,212
12/11/2006,BTV,VT,ANE,EN,Combined TRACON& Tower with Radar,23,84,18,23,148,0,0,0,0,0,23,84,18,23,148,0,12,12,160
12/12/2006,BTV,VT,ANE,EN,Combined TRACON& Tower with Radar,30,94,48,30,202,0,0,32,4,36,30,94,80,34,238,44,10,54,292
12/13/2006,BTV,VT,ANE,EN,Combined TRACON& Tower with Radar,32,76,29,38,175,0,0,0,0,0,32,76,29,38,175,62,48,110,285
12/14/2006,BTV,VT,ANE,EN,Combined TRACON& Tower with Radar,25,83,17,45,170,0,3,60,2,65,25,86,77,47,235,66,110,176,411
12/15/2006,BTV,VT,ANE,EN,Combined TRACON& Tower with Radar,23,82,31,19,155,0,3,38,0,41,23,85,69,19,196,64,26,90,286
12/16/2006,BTV,VT,ANE,EN,Combined TRACON& Tower with Radar,23,17,64,0,104,0,56,0,0,56,23,73,64,0,160,116,4,120,280
12/17/2006,BTV,VT,ANE,EN,Combined TRACON& Tower with Radar,17,65,16,0,98,0,2,16,0,18,17,67,32,0,116,60,0,60,176
12/18/2006,BTV,VT,ANE,EN,Combined TRACON& Tower with Radar,21,87,19,15,142,0,1,40,6,47,21,88,59,21,189,98,6,104,293
12/19/2006,BTV,VT,ANE,EN,Combined TRACON& Tower with Radar,29,110,27,11,177,0,4,15,4,23,29,114,42,15,200,88,4,92,292
12/20/2006,BTV,VT,ANE,EN,Combined TRACON& Tower with Radar,25,101,27,38,191,0,4,56,0,60,25,105,83,38,251,166,30,196,447
12/21/2006,BTV,VT,ANE,EN,Combined TRACON& Tower with Radar,27,105,35,19,186,0,3,57,0,60,27,108,92,19,246,130,24,154,400
12/22/2006,BTV,VT,ANE,EN,Combined TRACON& Tower with Radar,23,103,15,6,147,0,0,52,0,52,23,103,67,6,199,56,46,102,301
12/23/2006,BTV,VT,ANE,EN,Combined TRACON& Tower with Radar,22,83,13,0,118,0,0,1,0,1,22,83,14,0,119,0,0,0,119
12/24/2006,BTV,VT,ANE,EN,Combined TRACON& Tower with Radar,21,66,7,0,94,0,2,8,0,10,21,68,15,0,104,0,0,0,104
12/25/2006,BTV,VT,ANE,EN,Combined TRACON& Tower with Radar,17,63,2,0,82,0,0,17,0,17,17,63,19,0,99,0,0,0,99
12/26/2006,BTV,VT,ANE,EN,Combined TRACON& Tower with Radar,26,88,26,6,146,0,0,0,0,0,26,88,26,6,146,0,0,0,146
12/27/2006,BTV,VT,ANE,EN,Combined TRACON& Tower with Radar,26,108,24,31,189,0,0,5,0,5,26,108,29,31,194,12,14,26,220
12/28/2006,BTV,VT,ANE,EN,Combined TRACON& Tower with Radar,29,78,22,15,144,0,3,21,2,26,29,81,43,17,170,38,18,56,226
12/29/2006,BTV,VT,ANE,EN,Combined TRACON& Tower with Radar,20,80,12,3,115,0,19,34,0,53,20,99,46,3,168,70,0,70,238
12/30/2006,BTV,VT,ANE,EN,Combined TRACON& Tower with Radar,21,66,9,0,96,0,0,0,0,0,21,66,9,0,96,0,0,0,96
12/31/2006,BTV,VT,ANE,EN,Combined TRACON& Tower with Radar,21,54,11,0,86,0,0,27,0,27,21,54,38,0,113,60,0,60,173
01/01/2007,BTV,VT,ANE,EN,Combined TRACON& Tower with Radar,16,57,20,2,95,0,0,1,0,1,16,57,21,2,96,0,0,0,96
01/02/2007,BTV,VT,ANE,EN,Combined TRACON& Tower with Radar,24,81,27,5,137,0,1,34,0,35,24,82,61,5,172,28,0,28,200
01/03/2007,BTV,VT,ANE,EN,Combined TRACON& Tower with Radar,31,70,33,31,165,0,8,55,10,73,31,78,88,41,238,136,70,206,444
01/04/2007,BTV,VT,ANE,EN,Combined TRACON& Tower with Radar,31,79,32,25,167,0,1,82,7,90,31,80,114,32,257,118,16,134,391
01/05/2007,BTV,VT,ANE,EN,Combined TRACON& Tower with Radar,24,81,35,31,171,0,4,9,0,13,24,85,44,31,184,24,100,124,308
01/06/2007,BTV,VT,ANE,EN,Combined TRACON& Tower with Radar,20,75,16,14,125,0,1,0,10,11,20,76,16,24,136,26,6,32,168
01/07/2007,BTV,VT,ANE,EN,Combined TRACON& Tower with Radar,20,68,35,12,135,0,0,57,5,62,20,68,92,17,197,94,18,112,309
01/08/2007,BTV,VT,ANE,EN,Combined TRACON& Tower with Radar,20,76,4,15,115,0,2,4,0,6,20,78,8,15,121,22,12,34,155
01/09/2007,BTV,VT,ANE,EN,Combined TRACON& Tower with Radar,22,82,18,34,156,0,2,19,16,37,22,84,37,50,193,76,66,142,335
01/10/2007,BTV,VT,ANE,EN,Combined TRACON& Tower with Radar,21,82,16,21,140,0,0,9,0,9,21,82,25,21,149,20,8,28,177
01/11/2007,BTV,VT,ANE,EN,Combined TRACON& Tower with Radar,21,81,42,28,172,0,0,29,2,31,21,81,71,30,203,0,10,10,213
01/12/2007,BTV,VT,ANE,EN,Combined TRACON& Tower with Radar,22,81,28,17,148,0,0,19,0,19,22,81,47,17,167,50,2,52,219
01/13/2007,BTV,VT,ANE,EN,Combined TRACON& Tower with Radar,20,60,16,0,96,0,2,13,0,15,20,62,29,0,111,58,0,58,169
01/14/2007,BTV,VT,ANE,EN,Combined TRACON& Tower with Radar,23,56,7,0,86,0,2,0,0,2,23,58,7,0,88,0,0,0,88
01/15/2007,BTV,VT,ANE,EN,Combined TRACON& Tower with Radar,22,70,24,0,116,0,0,0,0,0,22,70,24,0,116,0,0,0,116
01/16/2007,BTV,VT,ANE,EN,Combined TRACON& Tower with Radar,24,94,19,0,137,0,0,2,0,2,24,94,21,0,139,2,0,2,141
01/17/2007,BTV,VT,ANE,EN,Combined TRACON& Tower with Radar,24,85,18,6,133,1,2,6,0,9,25,87,24,6,142,0,4,4,146
01/18/2007,BTV,VT,ANE,EN,Combined TRACON& Tower with Radar,22,89,25,14,150,0,5,19,2,26,22,94,44,16,176,2,24,26,202
01/19/2007,BTV,VT,ANE,EN,Combined TRACON& Tower with Radar,24,87,36,6,153,0,0,0,0,0,24,87,36,6,153,0,0,0,153
01/20/2007,BTV,VT,ANE,EN,Combined TRACON& Tower with Radar,27,76,21,15,139,1,0,0,0,1,28,76,21,15,140,2,32,34,174
01/21/2007,BTV,VT,ANE,EN,Combined TRACON& Tower with Radar,19,69,23,7,118,0,1,57,0,58,19,70,80,7,176,72,26,98,274
01/22/2007,BTV,VT,ANE,EN,Combined TRACON& Tower with Radar,25,82,27,9,143,0,2,32,1,35,25,84,59,10,178,50,50,100,278
01/23/2007,BTV,VT,ANE,EN,Combined TRACON& Tower with Radar,25,83,14,2,124,0,0,40,0,40,25,83,54,2,164,104,0,104,268
01/24/2007,BTV,VT,ANE,EN,Combined TRACON& Tower with Radar,16,81,26,12,135,0,0,34,2,36,16,81,60,14,171,42,44,86,257
01/25/2007,BTV,VT,ANE,EN,Combined TRACON& Tower with Radar,23,83,15,0,121,0,2,22,0,24,23,85,37,0,145,8,0,8,153
01/26/2007,BTV,VT,ANE,EN,Combined TRACON& Tower with Radar,25,91,25,0,141,0,1,5,5,11,25,92,30,5,152,4,0,4,156
01/27/2007,BTV,VT,ANE,EN,Combined TRACON& Tower with Radar,20,64,9,1,94,0,0,0,0,0,20,64,9,1,94,0,0,0,94
01/28/2007,BTV,VT,ANE,EN,Combined TRACON& Tower with Radar,20,65,25,0,110,0,5,27,0,32,20,70,52,0,142,80,0,80,222
01/29/2007,BTV,VT,ANE,EN,Combined TRACON& Tower with Radar,20,79,13,3,115,0,8,34,0,42,20,87,47,3,157,48,0,48,205
01/30/2007,BTV,VT,ANE,EN,Combined TRACON& Tower with Radar,26,88,11,7,132,0,0,35,3,38,26,88,46,10,170,96,32,128,298
01/31/2007,BTV,VT,ANE,EN,Combined TRACON& Tower with Radar,30,91,16,0,137,0,0,25,0,25,30,91,41,0,162,40,2,42,204
02/01/2007,BTV,VT,ANE,EN,Combined TRACON& Tower with Radar,21,85,22,0,128,0,0,21,0,21,21,85,43,0,149,20,0,20,169
02/02/2007,BTV,VT,ANE,EN,Combined TRACON& Tower with Radar,24,74,16,21,135,0,0,19,2,21,24,74,35,23,156,64,44,108,264
02/03/2007,BTV,VT,ANE,EN,Combined TRACON& Tower with Radar,21,65,11,9,106,0,0,24,1,25,21,65,35,10,131,46,10,56,187
02/04/2007,BTV,VT,ANE,EN,Combined TRACON& Tower with Radar,21,63,17,6,107,0,0,15,0,15,21,63,32,6,122,86,0,86,208
02/05/2007,BTV,VT,ANE,EN,Combined TRACON& Tower with Radar,24,83,13,8,128,0,0,1,0,1,24,83,14,8,129,0,0,0,129
02/06/2007,BTV,VT,ANE,EN,Combined TRACON& Tower with Radar,22,78,29,1,130,0,0,5,0,5,22,78,34,1,135,136,0,136,271
02/07/2007,BTV,VT,ANE,EN,Combined TRACON& Tower with Radar,21,89,10,28,148,0,3,41,4,48,21,92,51,32,196,90,48,138,334
02/08/2007,BTV,VT,ANE,EN,Combined TRACON& Tower with Radar,21,96,28,22,167,0,0,21,0,21,21,96,49,22,188,26,14,40,228
02/09/2007,BTV,VT,ANE,EN,Combined TRACON& Tower with Radar,24,87,33,20,164,0,12,35,0,47,24,99,68,20,211,46,40,86,297
02/10/2007,BTV,VT,ANE,EN,Combined TRACON& Tower with Radar,24,77,15,0,116,0,0,19,0,19,24,77,34,0,135,86,6,92,227
02/11/2007,BTV,VT,ANE,EN,Combined TRACON& Tower with Radar,22,65,37,0,124,0,0,59,0,59,22,65,96,0,183,76,0,76,259
02/12/2007,BTV,VT,ANE,EN,Combined TRACON& Tower with Radar,20,80,17,15,132,0,3,26,0,29,20,83,43,15,161,56,12,68,229
02/13/2007,BTV,VT,ANE,EN,Combined TRACON& Tower with Radar,18,76,26,17,137,0,2,34,6,42,18,78,60,23,179,68,14,82,261
02/14/2007,BTV,VT,ANE,EN,Combined TRACON& Tower with Radar,0,6,0,0,6,0,0,0,0,0,0,6,0,0,6,0,0,0,6
02/15/2007,BTV,VT,ANE,EN,Combined TRACON& Tower with Radar,18,78,22,0,118,0,0,0,0,0,18,78,22,0,118,0,0,0,118
02/16/2007,BTV,VT,ANE,EN,Combined TRACON& Tower with Radar,24,92,19,24,159,0,2,7,0,9,24,94,26,24,168,0,12,12,180
02/17/2007,BTV,VT,ANE,EN,Combined TRACON& Tower with Radar,21,67,22,0,110,0,3,39,0,42,21,70,61,0,152,144,0,144,296
02/18/2007,BTV,VT,ANE,EN,Combined TRACON& Tower with Radar,24,68,7,2,101,0,0,0,0,0,24,68,7,2,101,0,0,0,101
02/19/2007,BTV,VT,ANE,EN,Combined TRACON& Tower with Radar,24,99,26,0,149,0,20,35,0,55,24,119,61,0,204,80,0,80,284
02/20/2007,BTV,VT,ANE,EN,Combined TRACON& Tower with Radar,29,72,16,7,124,0,0,29,0,29,29,72,45,7,153,26,0,26,179
02/21/2007,BTV,VT,ANE,EN,Combined TRACON& Tower with Radar,28,90,24,18,160,0,1,66,2,69,28,91,90,20,229,76,12,88,317
02/22/2007,BTV,VT,ANE,EN,Combined TRACON& Tower with Radar,26,80,23,10,139,0,1,11,0,12,26,81,34,10,151,0,0,0,151
02/23/2007,BTV,VT,ANE,EN,Combined TRACON& Tower with Radar,27,79,30,14,150,0,1,24,4,29,27,80,54,18,179,8,2,10,189
02/24/2007,BTV,VT,ANE,EN,Combined TRACON& Tower with Radar,24,68,27,0,119,0,2,31,0,33,24,70,58,0,152,112,0,112,264
02/25/2007,BTV,VT,ANE,EN,Combined TRACON& Tower with Radar,16,63,32,8,119,0,4,63,0,67,16,67,95,8,186,40,0,40,226
02/26/2007,BTV,VT,ANE,EN,Combined TRACON& Tower with Radar,24,80,23,38,165,0,0,37,14,51,24,80,60,52,216,48,48,96,312
02/27/2007,BTV,VT,ANE,EN,Combined TRACON& Tower with Radar,23,81,16,25,145,0,10,24,2,36,23,91,40,27,181,70,72,142,323
02/28/2007,BTV,VT,ANE,EN,Combined TRACON& Tower with Radar,29,85,19,19,152,0,0,52,2,54,29,85,71,21,206,24,20,44,250
03/01/2007,BTV,VT,ANE,EN,Combined TRACON& Tower with Radar,24,86,12,15,137,0,1,49,3,53,24,87,61,18,190,42,0,42,232
03/02/2007,BTV,VT,ANE,EN,Combined TRACON& Tower with Radar,22,73,3,0,98,0,0,0,0,0,22,73,3,0,98,0,0,0,98
03/03/2007,BTV,VT,ANE,EN,Combined TRACON& Tower with Radar,27,68,29,0,124,0,0,24,16,40,27,68,53,16,164,50,10,60,224
03/04/2007,BTV,VT,ANE,EN,Combined TRACON& Tower with Radar,26,72,36,2,136,0,0,3,1,4,26,72,39,3,140,2,0,2,142
03/05/2007,BTV,VT,ANE,EN,Combined TRACON& Tower with Radar,23,77,14,7,121,0,0,6,0,6,23,77,20,7,127,0,18,18,145
03/06/2007,BTV,VT,ANE,EN,Combined TRACON& Tower with Radar,25,88,8,17,138,1,2,8,2,13,26,90,16,19,151,0,12,12,163
03/07/2007,BTV,VT,ANE,EN,Combined TRACON& Tower with Radar,25,80,17,18,140,0,1,30,0,31,25,81,47,18,171,54,14,68,239
03/08/2007,BTV,VT,ANE,EN,Combined TRACON& Tower with Radar,24,83,20,11,138,0,4,15,5,24,24,87,35,16,162,6,20,26,188
03/09/2007,BTV,VT,ANE,EN,Combined TRACON& Tower with Radar,27,102,27,21,177,0,2,43,10,55,27,104,70,31,232,18,28,46,278
03/10/2007,BTV,VT,ANE,EN,Combined TRACON& Tower with Radar,29,67,18,8,122,0,0,14,0,14,29,67,32,8,136,6,0,6,142
03/11/2007,BTV,VT,ANE,EN,Combined TRACON& Tower with Radar,24,74,46,1,145,0,0,35,0,35,24,74,81,1,180,104,0,104,284
03/12/2007,BTV,VT,ANE,EN,Combined TRACON& Tower with Radar,24,83,19,9,135,0,4,50,6,60,24,87,69,15,195,110,82,192,387
03/13/2007,BTV,VT,ANE,EN,Combined TRACON& Tower with Radar,29,89,25,9,152,0,1,45,5,51,29,90,70,14,203,76,22,98,301
03/14/2007,BTV,VT,ANE,EN,Combined TRACON& Tower with Radar,32,103,23,9,167,0,1,14,0,15,32,104,37,9,182,4,0,4,186
03/15/2007,BTV,VT,ANE,EN,Combined TRACON& Tower with Radar,28,111,29,14,182,0,1,20,8,29,28,112,49,22,211,84,20,104,315
03/16/2007,BTV,VT,ANE,EN,Combined TRACON& Tower with Radar,11,45,21,13,90,0,0,45,0,45,11,45,66,13,135,58,4,62,197
03/17/2007,BTV,VT,ANE,EN,Combined TRACON& Tower with Radar,18,44,7,0,69,0,0,1,0,1,18,44,8,0,70,0,0,0,70
03/18/2007,BTV,VT,ANE,EN,Combined TRACON& Tower with Radar,29,79,23,0,131,1,0,1,0,2,30,79,24,0,133,0,0,0,133
03/19/2007,BTV,VT,ANE,EN,Combined TRACON& Tower with Radar,26,77,17,8,128,0,3,23,1,27,26,80,40,9,155,30,0,30,185
03/20/2007,BTV,VT,ANE,EN,Combined TRACON& Tower with Radar,27,73,13,10,123,0,10,26,4,40,27,83,39,14,163,0,8,8,171
03/21/2007,BTV,VT,ANE,EN,Combined TRACON& Tower with Radar,24,81,27,15,147,0,6,49,3,58,24,87,76,18,205,30,26,56,261
03/22/2007,BTV,VT,ANE,EN,Combined TRACON& Tower with Radar,23,89,29,1,142,0,0,0,0,0,23,89,29,1,142,6,0,6,148
03/23/2007,BTV,VT,ANE,EN,Combined TRACON& Tower with Radar,25,89,23,23,160,0,2,82,0,84,25,91,105,23,244,178,16,194,438
03/24/2007,BTV,VT,ANE,EN,Combined TRACON& Tower with Radar,24,60,28,0,112,0,1,55,0,56,24,61,83,0,168,112,0,112,280
03/25/2007,BTV,VT,ANE,EN,Combined TRACON& Tower with Radar,23,88,27,1,139,0,3,68,1,72,23,91,95,2,211,56,0,56,267
03/26/2007,BTV,VT,ANE,EN,Combined TRACON& Tower with Radar,28,74,25,26,153,0,0,12,0,12,28,74,37,26,165,12,0,12,177
03/27/2007,BTV,VT,ANE,EN,Combined TRACON& Tower with Radar,26,89,31,36,182,0,2,6,8,16,26,91,37,44,198,4,18,22,220
03/28/2007,BTV,VT,ANE,EN,Combined TRACON& Tower with Radar,24,81,13,30,148,1,6,33,3,43,25,87,46,33,191,32,30,62,253
03/29/2007,BTV,VT,ANE,EN,Combined TRACON& Tower with Radar,24,81,19,11,135,0,3,37,7,47,24,84,56,18,182,68,12,80,262
03/30/2007,BTV,VT,ANE,EN,Combined TRACON& Tower with Radar,27,80,19,8,134,0,5,52,4,61,27,85,71,12,195,50,10,60,255
03/31/2007,BTV,VT,ANE,EN,Combined TRACON& Tower with Radar,27,78,44,2,151,0,1,144,0,145,27,79,188,2,296,80,4,84,380
04/01/2007,BTV,VT,ANE,EN,Combined TRACON& Tower with Radar,31,67,24,0,122,0,1,46,0,47,31,68,70,0,169,84,0,84,253
04/02/2007,BTV,VT,ANE,EN,Combined TRACON& Tower with Radar,27,89,31,25,172,0,1,0,0,1,27,90,31,25,173,54,38,92,265
04/03/2007,BTV,VT,ANE,EN,Combined TRACON& Tower with Radar,22,81,16,40,159,0,0,26,6,32,22,81,42,46,191,18,34,52,243
04/04/2007,BTV,VT,ANE,EN,Combined TRACON& Tower with Radar,28,91,20,6,145,0,0,3,2,5,28,91,23,8,150,0,8,8,158
04/05/2007,BTV,VT,ANE,EN,Combined TRACON& Tower with Radar,28,78,15,16,137,0,0,2,0,2,28,78,17,16,139,0,0,0,139
04/06/2007,BTV,VT,ANE,EN,Combined TRACON& Tower with Radar,26,74,25,0,125,0,0,13,0,13,26,74,38,0,138,24,0,24,162
04/07/2007,BTV,VT,ANE,EN,Combined TRACON& Tower with Radar,21,61,6,0,88,0,0,36,0,36,21,61,42,0,124,180,0,180,304
04/08/2007,BTV,VT,ANE,EN,Combined TRACON& Tower with Radar,26,82,17,0,125,0,0,5,0,5,26,82,22,0,130,84,0,84,214
04/09/2007,BTV,VT,ANE,EN,Combined TRACON& Tower with Radar,21,88,34,18,161,0,0,22,0,22,21,88,56,18,183,66,22,88,271
04/10/2007,BTV,VT,ANE,EN,Combined TRACON& Tower with Radar,26,83,17,17,143,0,0,29,0,29,26,83,46,17,172,76,22,98,270
04/11/2007,BTV,VT,ANE,EN,Combined TRACON& Tower with Radar,22,93,16,21,152,0,3,83,10,96,22,96,99,31,248,102,38,140,388
04/12/2007,BTV,VT,ANE,EN,Combined TRACON& Tower with Radar,24,78,14,2,118,0,0,0,0,0,24,78,14,2,118,0,0,0,118
04/13/2007,BTV,VT,ANE,EN,Combined TRACON& Tower with Radar,28,99,14,3,144,0,0,0,0,0,28,99,14,3,144,0,0,0,144
04/14/2007,BTV,VT,ANE,EN,Combined TRACON& Tower with Radar,27,76,43,38,184,0,0,7,8,15,27,76,50,46,199,156,64,220,419
04/15/2007,BTV,VT,ANE,EN,Combined TRACON& Tower with Radar,28,56,15,1,100,0,0,0,0,0,28,56,15,1,100,0,0,0,100
04/16/2007,BTV,VT,ANE,EN,Combined TRACON& Tower with Radar,22,67,13,0,102,0,0,0,0,0,22,67,13,0,102,0,0,0,102
04/17/2007,BTV,VT,ANE,EN,Combined TRACON& Tower with Radar,25,79,17,15,136,0,0,1,2,3,25,79,18,17,139,0,24,24,163
04/18/2007,BTV,VT,ANE,EN,Combined TRACON& Tower with Radar,31,92,30,25,178,0,6,48,6,60,31,98,78,31,238,84,16,100,338
04/19/2007,BTV,VT,ANE,EN,Combined TRACON& Tower with Radar,29,82,35,33,179,1,1,64,15,81,30,83,99,48,260,116,52,168,428
04/20/2007,BTV,VT,ANE,EN,Combined TRACON& Tower with Radar,36,100,40,26,202,0,0,103,11,114,36,100,143,37,316,106,28,134,450
04/21/2007,BTV,VT,ANE,EN,Combined TRACON& Tower with Radar,28,72,32,0,132,0,0,124,1,125,28,72,156,1,257,160,0,160,417
04/22/2007,BTV,VT,ANE,EN,Combined TRACON& Tower with Radar,23,60,32,0,115,0,1,88,0,89,23,61,120,0,204,180,0,180,384
04/23/2007,BTV,VT,ANE,EN,Combined TRACON& Tower with Radar,29,85,27,5,146,0,0,61,3,64,29,85,88,8,210,22,0,22,232
04/24/2007,BTV,VT,ANE,EN,Combined TRACON& Tower with Radar,22,81,16,15,134,0,1,56,7,64,22,82,72,22,198,20,20,40,238
04/25/2007,BTV,VT,ANE,EN,Combined TRACON& Tower with Radar,29,94,20,27,170,0,4,83,7,94,29,98,103,34,264,46,44,90,354
04/26/2007,BTV,VT,ANE,EN,Combined TRACON& Tower with Radar,27,84,41,19,171,0,0,31,18,49,27,84,72,37,220,68,20,88,308
04/27/2007,BTV,VT,ANE,EN,Combined TRACON& Tower with Radar,28,73,18,11,130,0,2,11,0,13,28,75,29,11,143,20,2,22,165
04/28/2007,BTV,VT,ANE,EN,Combined TRACON& Tower with Radar,26,70,17,0,113,0,0,19,0,19,26,70,36,0,132,68,0,68,200
04/29/2007,BTV,VT,ANE,EN,Combined TRACON& Tower with Radar,26,66,31,1,124,0,0,0,0,0,26,66,31,1,124,4,0,4,128
04/30/2007,BTV,VT,ANE,EN,Combined TRACON& Tower with Radar,26,81,23,8,138,0,2,28,0,30,26,83,51,8,168,8,12,20,188
05/01/2007,BTV,VT,ANE,EN,Combined TRACON& Tower with Radar,25,96,14,1,136,0,1,90,11,102,25,97,104,12,238,164,8,172,410
05/02/2007,BTV,VT,ANE,EN,Combined TRACON& Tower with Radar,28,91,18,3,140,0,2,58,8,68,28,93,76,11,208,80,30,110,318
05/03/2007,BTV,VT,ANE,EN,Combined TRACON& Tower with Radar,26,93,28,2,149,0,11,66,13,90,26,104,94,15,239,162,38,200,439
05/04/2007,BTV,VT,ANE,EN,Combined TRACON& Tower with Radar,26,91,33,12,162,0,3,59,6,68,26,94,92,18,230,74,32,106,336
05/05/2007,BTV,VT,ANE,EN,Combined TRACON& Tower with Radar,35,67,21,6,129,0,0,79,1,80,35,67,100,7,209,110,0,110,319
05/06/2007,BTV,VT,ANE,EN,Combined TRACON& Tower with Radar,22,66,17,0,105,0,0,70,5,75,22,66,87,5,180,16,0,16,196
05/07/2007,BTV,VT,ANE,EN,Combined TRACON& Tower with Radar,27,81,18,2,128,0,0,88,1,89,27,81,106,3,217,92,0,92,309
05/08/2007,BTV,VT,ANE,EN,Combined TRACON& Tower with Radar,28,86,11,6,131,0,5,55,9,69,28,91,66,15,200,102,8,110,310
05/09/2007,BTV,VT,ANE,EN,Combined TRACON& Tower with Radar,27,84,26,20,157,0,0,67,3,70,27,84,93,23,227,158,8,166,393
05/10/2007,BTV,VT,ANE,EN,Combined TRACON& Tower with Radar,24,76,35,17,152,0,6,53,12,71,24,82,88,29,223,84,16,100,323
05/11/2007,BTV,VT,ANE,EN,Combined TRACON& Tower with Radar,26,78,18,16,138,0,0,34,2,36,26,78,52,18,174,134,8,142,316
05/12/2007,BTV,VT,ANE,EN,Combined TRACON& Tower with Radar,23,62,19,2,106,0,2,94,0,96,23,64,113,2,202,130,6,136,338
05/13/2007,BTV,VT,ANE,EN,Combined TRACON& Tower with Radar,27,78,22,3,130,0,3,59,0,62,27,81,81,3,192,36,0,36,228
05/14/2007,BTV,VT,ANE,EN,Combined TRACON& Tower with Radar,23,80,19,21,143,0,1,44,5,50,23,81,63,26,193,30,10,40,233
05/15/2007,BTV,VT,ANE,EN,Combined TRACON& Tower with Radar,27,78,18,14,137,0,0,3,2,5,27,78,21,16,142,2,8,10,152
05/16/2007,BTV,VT,ANE,EN,Combined TRACON& Tower with Radar,24,74,33,4,135,0,0,0,0,0,24,74,33,4,135,2,0,2,137
05/17/2007,BTV,VT,ANE,EN,Combined TRACON& Tower with Radar,26,87,53,21,187,0,0,21,0,21,26,87,74,21,208,10,12,22,230
05/18/2007,BTV,VT,ANE,EN,Combined TRACON& Tower with Radar,27,82,29,10,148,0,12,24,4,40,27,94,53,14,188,88,16,104,292
05/19/2007,BTV,VT,ANE,EN,Combined TRACON& Tower with Radar,26,68,25,0,119,0,0,45,9,54,26,68,70,9,173,102,0,102,275
05/20/2007,BTV,VT,ANE,EN,Combined TRACON& Tower with Radar,23,76,23,0,122,0,0,12,0,12,23,76,35,0,134,48,0,48,182
05/21/2007,BTV,VT,ANE,EN,Combined TRACON& Tower with Radar,27,89,30,24,170,0,4,39,17,60,27,93,69,41,230,22,28,50,280
05/22/2007,BTV,VT,ANE,EN,Combined TRACON& Tower with Radar,26,91,24,15,156,1,25,43,8,77,27,116,67,23,233,92,38,130,363
05/23/2007,BTV,VT,ANE,EN,Combined TRACON& Tower with Radar,29,98,19,23,169,0,4,84,16,104,29,102,103,39,273,104,38,142,415
05/24/2007,BTV,VT,ANE,EN,Combined TRACON& Tower with Radar,24,88,23,30,165,0,3,89,1,93,24,91,112,31,258,44,34,78,336
05/25/2007,BTV,VT,ANE,EN,Combined TRACON& Tower with Radar,30,90,25,0,145,0,6,73,2,81,30,96,98,2,226,112,0,112,338
05/26/2007,BTV,VT,ANE,EN,Combined TRACON& Tower with Radar,25,61,14,1,101,0,2,70,3,75,25,63,84,4,176,128,0,128,304
05/27/2007,BTV,VT,ANE,EN,Combined TRACON& Tower with Radar,24,75,16,0,115,0,0,42,0,42,24,75,58,0,157,64,0,64,221
05/28/2007,BTV,VT,ANE,EN,Combined TRACON& Tower with Radar,21,73,9,4,107,0,2,40,6,48,21,75,49,10,155,18,4,22,177
05/29/2007,BTV,VT,ANE,EN,Combined TRACON& Tower with Radar,19,92,15,33,159,0,0,72,29,101,19,92,87,62,260,120,38,158,418
05/30/2007,BTV,VT,ANE,EN,Combined TRACON& Tower with Radar,26,91,23,20,160,0,6,37,8,51,26,97,60,28,211,50,34,84,295
05/31/2007,BTV,VT,ANE,EN,Combined TRACON& Tower with Radar,29,90,27,10,156,0,0,12,3,15,29,90,39,13,171,82,10,92,263
06/01/2007,BTV,VT,ANE,EN,Combined TRACON& Tower with Radar,23,89,29,23,164,0,1,27,6,34,23,90,56,29,198,186,56,242,440
06/02/2007,BTV,VT,ANE,EN,Combined TRACON& Tower with Radar,23,63,23,22,131,0,0,16,14,30,23,63,39,36,161,58,48,106,267
06/03/2007,BTV,VT,ANE,EN,Combined TRACON& Tower with Radar,25,82,27,5,139,0,0,8,0,8,25,82,35,5,147,6,0,6,153
06/04/2007,BTV,VT,ANE,EN,Combined TRACON& Tower with Radar,22,81,32,8,143,0,0,2,1,3,22,81,34,9,146,28,14,42,188
06/05/2007,BTV,VT,ANE,EN,Combined TRACON& Tower with Radar,26,79,27,8,140,0,0,5,0,5,26,79,32,8,145,35,2,37,182
06/06/2007,BTV,VT,ANE,EN,Combined TRACON& Tower with Radar,25,93,35,11,164,0,0,52,5,57,25,93,87,16,221,46,28,74,295
06/07/2007,BTV,VT,ANE,EN,Combined TRACON& Tower with Radar,23,93,33,23,172,0,4,62,12,78,23,97,95,35,250,104,38,142,392
06/08/2007,BTV,VT,ANE,EN,Combined TRACON& Tower with Radar,25,78,18,20,141,0,2,57,8,67,25,80,75,28,208,102,62,164,372
06/09/2007,BTV,VT,ANE,EN,Combined TRACON& Tower with Radar,20,71,14,1,106,0,1,54,4,59,20,72,68,5,165,144,0,144,309
06/10/2007,BTV,VT,ANE,EN,Combined TRACON& Tower with Radar,19,87,36,0,142,0,4,67,7,78,19,91,103,7,220,74,0,74,294
06/11/2007,BTV,VT,ANE,EN,Combined TRACON& Tower with Radar,25,97,27,18,167,0,1,62,14,77,25,98,89,32,244,84,8,92,336
06/12/2007,BTV,VT,ANE,EN,Combined TRACON& Tower with Radar,29,83,32,19,163,0,4,65,7,76,29,87,97,26,239,78,16,94,333
06/13/2007,BTV,VT,ANE,EN,Combined TRACON& Tower with Radar,2,10,25,16,53,25,75,38,7,145,27,85,63,23,198,140,56,196,394
06/14/2007,BTV,VT,ANE,EN,Combined TRACON& Tower with Radar,26,100,48,18,192,0,2,73,5,80,26,102,121,23,272,78,28,106,378
06/15/2007,BTV,VT,ANE,EN,Combined TRACON& Tower with Radar,24,36,33,16,109,0,62,89,10,161,24,98,122,26,270,42,22,64,334
06/16/2007,BTV,VT,ANE,EN,Combined TRACON& Tower with Radar,28,88,32,0,148,0,4,109,3,116,28,92,141,3,264,110,2,112,376
06/17/2007,BTV,VT,ANE,EN,Combined TRACON& Tower with Radar,27,93,28,0,148,0,1,64,5,70,27,94,92,5,218,26,0,26,244
06/18/2007,BTV,VT,ANE,EN,Combined TRACON& Tower with Radar,23,87,28,12,150,0,1,97,18,116,23,88,125,30,266,73,8,81,347
06/19/2007,BTV,VT,ANE,EN,Combined TRACON& Tower with Radar,23,88,27,0,138,0,7,27,9,43,23,95,54,9,181,122,4,126,307
06/20/2007,BTV,VT,ANE,EN,Combined TRACON& Tower with Radar,25,100,27,11,163,0,3,39,15,57,25,103,66,26,220,12,16,28,248
06/21/2007,BTV,VT,ANE,EN,Combined TRACON& Tower with Radar,25,91,47,14,177,0,0,143,0,143,25,91,190,14,320,198,12,210,530
06/22/2007,BTV,VT,ANE,EN,Combined TRACON& Tower with Radar,26,85,43,2,156,0,1,42,9,52,26,86,85,11,208,86,22,108,316
06/23/2007,BTV,VT,ANE,EN,Combined TRACON& Tower with Radar,23,72,21,3,119,0,1,68,7,76,23,73,89,10,195,78,16,94,289
06/24/2007,BTV,VT,ANE,EN,Combined TRACON& Tower with Radar,24,79,41,0,144,0,2,74,0,76,24,81,115,0,220,30,0,30,250
06/25/2007,BTV,VT,ANE,EN,Combined TRACON& Tower with Radar,23,82,35,17,157,0,0,68,10,78,23,82,103,27,235,82,28,110,345
06/26/2007,BTV,VT,ANE,EN,Combined TRACON& Tower with Radar,24,94,23,19,160,0,1,43,10,54,24,95,66,29,214,134,42,176,390
06/27/2007,BTV,VT,ANE,EN,Combined TRACON& Tower with Radar,19,67,47,16,149,0,0,17,5,22,19,67,64,21,171,0,18,18,189
06/28/2007,BTV,VT,ANE,EN,Combined TRACON& Tower with Radar,19,79,26,24,148,0,1,33,8,42,19,80,59,32,190,44,40,84,274
06/29/2007,BTV,VT,ANE,EN,Combined TRACON& Tower with Radar,24,83,35,13,155,0,1,94,0,95,24,84,129,13,250,72,10,82,332
06/30/2007,BTV,VT,ANE,EN,Combined TRACON& Tower with Radar,27,84,18,2,131,0,2,70,0,72,27,86,88,2,203,42,0,42,245
07/01/2007,BTV,VT,ANE,EN,Combined TRACON& Tower with Radar,30,74,34,0,138,0,1,35,0,36,30,75,69,0,174,20,0,20,194
07/02/2007,BTV,VT,ANE,EN,Combined TRACON& Tower with Radar,25,80,23,5,133,0,0,59,1,60,25,80,82,6,193,14,0,14,207
07/03/2007,BTV,VT,ANE,EN,Combined TRACON& Tower with Radar,26,94,27,2,149,0,0,97,0,97,26,94,124,2,246,150,0,150,396
07/04/2007,BTV,VT,ANE,EN,Combined TRACON& Tower with Radar,20,60,17,0,97,0,2,22,0,24,20,62,39,0,121,4,0,4,125
07/05/2007,BTV,VT,ANE,EN,Combined TRACON& Tower with Radar,33,80,22,17,152,0,3,27,4,34,33,83,49,21,186,102,16,118,304
07/06/2007,BTV,VT,ANE,EN,Combined TRACON& Tower with Radar,25,71,31,23,150,0,0,53,1,54,25,71,84,24,204,146,32,178,382
07/07/2007,BTV,VT,ANE,EN,Combined TRACON& Tower with Radar,21,75,32,0,128,0,2,47,2,51,21,77,79,2,179,152,0,152,331
07/08/2007,BTV,VT,ANE,EN,Combined TRACON& Tower with Radar,26,83,48,0,157,0,0,8,0,8,26,83,56,0,165,0,0,0,165
07/09/2007,BTV,VT,ANE,EN,Combined TRACON& Tower with Radar,26,83,23,13,145,0,0,11,0,11,26,83,34,13,156,12,0,12,168
07/10/2007,BTV,VT,ANE,EN,Combined TRACON& Tower with Radar,25,84,23,15,147,0,2,22,8,32,25,86,45,23,179,26,20,46,225
07/11/2007,BTV,VT,ANE,EN,Combined TRACON& Tower with Radar,27,77,39,5,148,0,2,8,0,10,27,79,47,5,158,14,0,14,172
07/12/2007,BTV,VT,ANE,EN,Combined TRACON& Tower with Radar,28,95,44,12,179,0,3,92,7,102,28,98,136,19,281,74,22,96,377
07/13/2007,BTV,VT,ANE,EN,Combined TRACON& Tower with Radar,28,83,28,19,158,0,1,53,0,54,28,84,81,19,212,80,10,90,302
07/14/2007,BTV,VT,ANE,EN,Combined TRACON& Tower with Radar,23,70,30,0,123,0,2,72,1,75,23,72,102,1,198,94,0,94,292
07/15/2007,BTV,VT,ANE,EN,Combined TRACON& Tower with Radar,23,78,33,0,134,0,0,57,0,57,23,78,90,0,191,28,0,28,219
07/16/2007,BTV,VT,ANE,EN,Combined TRACON& Tower with Radar,25,84,46,9,164,0,0,86,8,94,25,84,132,17,258,86,20,106,364
07/17/2007,BTV,VT,ANE,EN,Combined TRACON& Tower with Radar,30,77,17,14,138,0,4,92,21,117,30,81,109,35,255,148,42,190,445
07/18/2007,BTV,VT,ANE,EN,Combined TRACON& Tower with Radar,28,83,28,17,156,0,0,23,0,23,28,83,51,17,179,40,0,40,219
07/19/2007,BTV,VT,ANE,EN,Combined TRACON& Tower with Radar,22,93,31,4,150,0,0,21,0,21,22,93,52,4,171,62,0,62,233
07/20/2007,BTV,VT,ANE,EN,Combined TRACON& Tower with Radar,27,98,35,23,183,0,1,14,3,18,27,99,49,26,201,32,14,46,247
07/21/2007,BTV,VT,ANE,EN,Combined TRACON& Tower with Radar,23,74,19,0,116,0,2,101,0,103,23,76,120,0,219,78,0,78,297
07/22/2007,BTV,VT,ANE,EN,Combined TRACON& Tower with Radar,20,85,28,2,135,0,8,4,0,12,20,93,32,2,147,32,0,32,179
07/23/2007,BTV,VT,ANE,EN,Combined TRACON& Tower with Radar,21,74,29,9,133,0,1,50,3,54,21,75,79,12,187,64,18,82,269
07/24/2007,BTV,VT,ANE,EN,Combined TRACON& Tower with Radar,25,77,27,28,157,0,2,58,21,81,25,79,85,49,238,260,98,358,596
07/25/2007,BTV,VT,ANE,EN,Combined TRACON& Tower with Radar,30,87,38,18,173,0,5,81,6,92,30,92,119,24,265,56,36,92,357
07/26/2007,BTV,VT,ANE,EN,Combined TRACON& Tower with Radar,26,89,50,11,176,0,2,55,11,68,26,91,105,22,244,96,14,110,354
07/27/2007,BTV,VT,ANE,EN,Combined TRACON& Tower with Radar,28,97,31,4,160,0,3,42,4,49,28,100,73,8,209,130,0,130,339
07/28/2007,BTV,VT,ANE,EN,Combined TRACON& Tower with Radar,26,77,26,0,129,0,0,24,0,24,26,77,50,0,153,174,0,174,327
07/29/2007,BTV,VT,ANE,EN,Combined TRACON& Tower with Radar,19,59,30,2,110,0,3,37,3,43,19,62,67,5,153,32,0,32,185
07/30/2007,BTV,VT,ANE,EN,Combined TRACON& Tower with Radar,22,74,35,12,143,0,2,43,5,50,22,76,78,17,193,24,4,28,221
07/31/2007,BTV,VT,ANE,EN,Combined TRACON& Tower with Radar,25,81,31,6,143,0,3,68,14,85,25,84,99,20,228,46,8,54,282
08/01/2007,BTV,VT,ANE,EN,Combined TRACON& Tower with Radar,33,87,28,4,152,0,2,15,15,32,33,89,43,19,184,86,24,110,294
08/02/2007,BTV,VT,ANE,EN,Combined TRACON& Tower with Radar,30,85,17,12,144,0,3,91,3,97,30,88,108,15,241,112,28,140,381
08/03/2007,BTV,VT,ANE,EN,Combined TRACON& Tower with Radar,27,80,39,4,150,0,0,65,0,65,27,80,104,4,215,38,0,38,253
08/04/2007,BTV,VT,ANE,EN,Combined TRACON& Tower with Radar,24,72,31,9,136,0,5,92,19,116,24,77,123,28,252,76,2,78,330
08/05/2007,BTV,VT,ANE,EN,Combined TRACON& Tower with Radar,25,74,26,4,129,0,0,86,7,93,25,74,112,11,222,48,0,48,270
08/06/2007,BTV,VT,ANE,EN,Combined TRACON& Tower with Radar,24,83,39,0,146,0,0,7,0,7,24,83,46,0,153,46,0,46,199
08/07/2007,BTV,VT,ANE,EN,Combined TRACON& Tower with Radar,30,93,49,6,178,0,1,31,8,40,30,94,80,14,218,158,0,158,376
08/08/2007,BTV,VT,ANE,EN,Combined TRACON& Tower with Radar,23,89,38,3,153,0,3,23,4,30,23,92,61,7,183,4,0,4,187
08/09/2007,BTV,VT,ANE,EN,Combined TRACON& Tower with Radar,28,85,37,11,161,0,4,99,0,103,28,89,136,11,264,94,24,118,382
08/10/2007,BTV,VT,ANE,EN,Combined TRACON& Tower with Radar,19,72,35,6,132,0,0,48,0,48,19,72,83,6,180,104,0,104,284
08/11/2007,BTV,VT,ANE,EN,Combined TRACON& Tower with Radar,25,80,27,0,132,1,2,79,9,91,26,82,106,9,223,106,0,106,329
08/12/2007,BTV,VT,ANE,EN,Combined TRACON& Tower with Radar,23,82,34,0,139,0,1,79,4,84,23,83,113,4,223,12,0,12,235
08/13/2007,BTV,VT,ANE,EN,Combined TRACON& Tower with Radar,23,67,39,4,133,0,2,54,3,59,23,69,93,7,192,82,0,82,274
08/14/2007,BTV,VT,ANE,EN,Combined TRACON& Tower with Radar,31,87,39,7,164,0,0,82,8,90,31,87,121,15,254,142,6,148,402
08/15/2007,BTV,VT,ANE,EN,Combined TRACON& Tower with Radar,26,86,51,3,166,0,0,40,3,43,26,86,91,6,209,60,4,64,273
08/16/2007,BTV,VT,ANE,EN,Combined TRACON& Tower with Radar,31,105,48,6,190,0,1,55,16,72,31,106,103,22,262,40,12,52,314
08/17/2007,BTV,VT,ANE,EN,Combined TRACON& Tower with Radar,28,50,20,7,105,0,1,50,3,54,28,51,70,10,159,68,4,72,231
08/18/2007,BTV,VT,ANE,EN,Combined TRACON& Tower with Radar,22,75,22,0,119,0,0,27,2,29,22,75,49,2,148,22,0,22,170
08/19/2007,BTV,VT,ANE,EN,Combined TRACON& Tower with Radar,32,80,39,2,153,0,0,62,8,70,32,80,101,10,223,6,0,6,229
08/20/2007,BTV,VT,ANE,EN,Combined TRACON& Tower with Radar,24,86,45,12,167,0,0,69,3,72,24,86,114,15,239,98,12,110,349
08/21/2007,BTV,VT,ANE,EN,Combined TRACON& Tower with Radar,26,76,31,1,134,0,0,68,25,93,26,76,99,26,227,106,0,106,333
08/22/2007,BTV,VT,ANE,EN,Combined TRACON& Tower with Radar,26,84,96,7,213,0,3,44,19,66,26,87,140,26,279,14,6,20,299
08/23/2007,BTV,VT,ANE,EN,Combined TRACON& Tower with Radar,31,95,48,1,175,0,12,26,4,42,31,107,74,5,217,90,20,110,327
08/24/2007,BTV,VT,ANE,EN,Combined TRACON& Tower with Radar,31,87,31,4,153,0,0,17,0,17,31,87,48,4,170,8,2,10,180
08/25/2007,BTV,VT,ANE,EN,Combined TRACON& Tower with Radar,21,76,26,0,123,0,0,24,0,24,21,76,50,0,147,4,0,4,151
08/26/2007,BTV,VT,ANE,EN,Combined TRACON& Tower with Radar,25,89,32,1,147,0,0,30,3,33,25,89,62,4,180,36,0,36,216
08/27/2007,BTV,VT,ANE,EN,Combined TRACON& Tower with Radar,25,89,27,7,148,0,0,77,10,87,25,89,104,17,235,82,4,86,321
08/28/2007,BTV,VT,ANE,EN,Combined TRACON& Tower with Radar,30,81,22,8,141,0,1,95,2,98,30,82,117,10,239,202,26,228,467
08/29/2007,BTV,VT,ANE,EN,Combined TRACON& Tower with Radar,34,84,38,7,163,0,3,61,14,78,34,87,99,21,241,14,38,52,293
08/30/2007,BTV,VT,ANE,EN,Combined TRACON& Tower with Radar,34,89,36,5,164,0,3,17,3,23,34,92,53,8,187,16,28,44,231
08/31/2007,BTV,VT,ANE,EN,Combined TRACON& Tower with Radar,30,92,45,6,173,0,11,55,2,68,30,103,100,8,241,102,4,106,347
09/01/2007,BTV,VT,ANE,EN,Combined TRACON& Tower with Radar,24,59,29,0,112,0,3,117,0,120,24,62,146,0,232,119,0,119,351
09/02/2007,BTV,VT,ANE,EN,Combined TRACON& Tower with Radar,21,58,19,0,98,0,2,72,0,74,21,60,91,0,172,66,0,66,238
09/03/2007,BTV,VT,ANE,EN,Combined TRACON& Tower with Radar,27,83,31,2,143,0,4,58,0,62,27,87,89,2,205,0,0,0,205
09/04/2007,BTV,VT,ANE,EN,Combined TRACON& Tower with Radar,31,98,31,12,172,1,2,63,21,87,32,100,94,33,259,90,18,108,367
09/05/2007,BTV,VT,ANE,EN,Combined TRACON& Tower with Radar,29,127,37,26,219,0,6,75,8,89,29,133,112,34,308,77,12,89,397
09/06/2007,BTV,VT,ANE,EN,Combined TRACON& Tower with Radar,34,81,25,7,147,0,3,40,17,60,34,84,65,24,207,10,4,14,221
09/07/2007,BTV,VT,ANE,EN,Combined TRACON& Tower with Radar,30,88,30,2,150,0,7,44,5,56,30,95,74,7,206,124,0,124,330
09/08/2007,BTV,VT,ANE,EN,Combined TRACON& Tower with Radar,30,67,16,6,119,0,1,31,4,36,30,68,47,10,155,48,4,52,207
09/09/2007,BTV,VT,ANE,EN,Combined TRACON& Tower with Radar,29,91,47,0,167,0,0,4,0,4,29,91,51,0,171,10,0,10,181
09/10/2007,BTV,VT,ANE,EN,Combined TRACON& Tower with Radar,33,79,32,6,150,0,0,16,0,16,33,79,48,6,166,44,0,44,210
09/11/2007,BTV,VT,ANE,EN,Combined TRACON& Tower with Radar,28,64,22,13,127,0,0,5,5,10,28,64,27,18,137,38,30,68,205
09/12/2007,BTV,VT,ANE,EN,Combined TRACON& Tower with Radar,33,79,11,13,136,0,1,29,11,41,33,80,40,24,177,0,18,18,195
09/13/2007,BTV,VT,ANE,EN,Combined TRACON& Tower with Radar,28,88,38,9,163,0,7,59,22,88,28,95,97,31,251,88,20,108,359
09/14/2007,BTV,VT,ANE,EN,Combined TRACON& Tower with Radar,36,86,25,2,149,0,0,20,2,22,36,86,45,4,171,6,2,8,179
09/15/2007,BTV,VT,ANE,EN,Combined TRACON& Tower with Radar,30,52,18,0,100,0,0,24,9,33,30,52,42,9,133,52,0,52,185
09/16/2007,BTV,VT,ANE,EN,Combined TRACON& Tower with Radar,27,74,24,0,125,0,1,102,3,106,27,75,126,3,231,92,0,92,323
09/17/2007,BTV,VT,ANE,EN,Combined TRACON& Tower with Radar,34,105,27,2,168,0,2,62,1,65,34,107,89,3,233,40,2,42,275
09/18/2007,BTV,VT,ANE,EN,Combined TRACON& Tower with Radar,37,75,35,6,153,0,1,69,3,73,37,76,104,9,226,40,17,57,283
09/19/2007,BTV,VT,ANE,EN,Combined TRACON& Tower with Radar,31,86,48,5,170,1,0,57,11,69,32,86,105,16,239,39,10,49,288
09/20/2007,BTV,VT,ANE,EN,Combined TRACON& Tower with Radar,30,90,37,15,172,0,4,86,12,102,30,94,123,27,274,130,26,156,430
09/21/2007,BTV,VT,ANE,EN,Combined TRACON& Tower with Radar,20,73,25,2,120,0,6,57,9,72,20,79,82,11,192,92,4,96,288
09/22/2007,BTV,VT,ANE,EN,Combined TRACON& Tower with Radar,34,64,34,3,135,0,0,28,0,28,34,64,62,3,163,70,0,70,233
09/23/2007,BTV,VT,ANE,EN,Combined TRACON& Tower with Radar,24,75,24,0,123,0,0,90,0,90,24,75,114,0,213,70,0,70,283
09/24/2007,BTV,VT,ANE,EN,Combined TRACON& Tower with Radar,34,83,37,11,165,0,0,0,0,0,34,83,37,11,165,86,12,98,263
09/25/2007,BTV,VT,ANE,EN,Combined TRACON& Tower with Radar,35,81,31,21,168,0,4,54,19,77,35,85,85,40,245,60,54,114,359
09/26/2007,BTV,VT,ANE,EN,Combined TRACON& Tower with Radar,32,87,29,8,156,0,6,34,9,49,32,93,63,17,205,44,4,48,253
09/27/2007,BTV,VT,ANE,EN,Combined TRACON& Tower with Radar,34,104,39,4,181,0,0,2,0,2,34,104,41,4,183,46,4,50,233
09/28/2007,BTV,VT,ANE,EN,Combined TRACON& Tower with Radar,34,79,60,0,173,0,0,14,0,14,34,79,74,0,187,76,0,76,263
09/29/2007,BTV,VT,ANE,EN,Combined TRACON& Tower with Radar,33,69,28,0,130,0,0,48,4,52,33,69,76,4,182,70,0,70,252
09/30/2007,BTV,VT,ANE,EN,Combined TRACON& Tower with Radar,30,71,22,0,123,0,2,76,1,79,30,73,98,1,202,36,0,36,238
10/01/2007,BTV,VT,ANE,EN,Combined TRACON& Tower with Radar,31,84,29,20,164,0,0,24,0,24,31,84,53,20,188,4,10,14,202
10/02/2007,BTV,VT,ANE,EN,Combined TRACON& Tower with Radar,33,71,22,3,129,0,11,29,10,50,33,82,51,13,179,82,10,92,271
10/03/2007,BTV,VT,ANE,EN,Combined TRACON& Tower with Radar,32,79,38,7,156,0,2,40,1,43,32,81,78,8,199,140,4,144,343
10/04/2007,BTV,VT,ANE,EN,Combined TRACON& Tower with Radar,34,87,41,2,164,1,7,86,15,109,35,94,127,17,273,106,2,108,381
10/05/2007,BTV,VT,ANE,EN,Combined TRACON& Tower with Radar,33,86,30,0,149,0,24,76,7,107,33,110,106,7,256,88,0,88,344
10/06/2007,BTV,VT,ANE,EN,Combined TRACON& Tower with Radar,30,57,35,0,122,0,1,30,10,41,30,58,65,10,163,80,0,80,243
10/07/2007,BTV,VT,ANE,EN,Combined TRACON& Tower with Radar,34,73,34,0,141,0,2,42,1,45,34,75,76,1,186,2,0,2,188
10/08/2007,BTV,VT,ANE,EN,Combined TRACON& Tower with Radar,29,97,30,0,156,0,0,0,0,0,29,97,30,0,156,0,0,0,156
10/09/2007,BTV,VT,ANE,EN,Combined TRACON& Tower with Radar,32,96,27,5,160,0,4,45,6,55,32,100,72,11,215,62,8,70,285
10/10/2007,BTV,VT,ANE,EN,Combined TRACON& Tower with Radar,34,76,48,20,178,0,0,31,0,31,34,76,79,20,209,160,61,221,430
10/11/2007,BTV,VT,ANE,EN,Combined TRACON& Tower with Radar,30,81,30,20,161,0,0,15,10,25,30,81,45,30,186,104,22,126,312
10/12/2007,BTV,VT,ANE,EN,Combined TRACON& Tower with Radar,30,87,28,1,146,0,0,4,0,4,30,87,32,1,150,10,0,10,160
10/13/2007,BTV,VT,ANE,EN,Combined TRACON& Tower with Radar,34,82,35,22,173,0,2,67,20,89,34,84,102,42,262,48,48,96,358
10/14/2007,BTV,VT,ANE,EN,Combined TRACON& Tower with Radar,31,70,28,3,132,0,1,49,6,56,31,71,77,9,188,28,0,28,216
10/15/2007,BTV,VT,ANE,EN,Combined TRACON& Tower with Radar,34,76,31,13,154,0,0,29,0,29,34,76,60,13,183,36,2,38,221
10/16/2007,BTV,VT,ANE,EN,Combined TRACON& Tower with Radar,37,75,26,18,156,0,1,61,8,70,37,76,87,26,226,102,22,124,350
10/17/2007,BTV,VT,ANE,EN,Combined TRACON& Tower with Radar,31,77,32,24,164,0,0,63,7,70,31,77,95,31,234,122,8,130,364
10/18/2007,BTV,VT,ANE,EN,Combined TRACON& Tower with Radar,35,85,28,21,169,0,2,31,23,56,35,87,59,44,225,6,22,28,253
10/19/2007,BTV,VT,ANE,EN,Combined TRACON& Tower with Radar,31,77,45,3,156,0,0,11,1,12,31,77,56,4,168,78,0,78,246
10/20/2007,BTV,VT,ANE,EN,Combined TRACON& Tower with Radar,31,60,11,0,102,0,0,36,2,38,31,60,47,2,140,168,0,168,308
10/21/2007,BTV,VT,ANE,EN,Combined TRACON& Tower with Radar,26,77,24,0,127,0,2,104,0,106,26,79,128,0,233,42,0,42,275
10/22/2007,BTV,VT,ANE,EN,Combined TRACON& Tower with Radar,36,92,31,28,187,0,6,64,9,79,36,98,95,37,266,50,48,98,364
10/23/2007,BTV,VT,ANE,EN,Combined TRACON& Tower with Radar,34,73,30,6,143,0,0,1,0,1,34,73,31,6,144,0,0,0,144
10/24/2007,BTV,VT,ANE,EN,Combined TRACON& Tower with Radar,36,85,41,16,178,0,1,27,8,36,36,86,68,24,214,64,2,66,280
10/25/2007,BTV,VT,ANE,EN,Combined TRACON& Tower with Radar,34,73,30,16,153,3,24,43,18,88,37,97,73,34,241,94,60,154,395
10/26/2007,BTV,VT,ANE,EN,Combined TRACON& Tower with Radar,35,74,29,27,165,0,4,53,8,65,35,78,82,35,230,186,36,222,452
10/27/2007,BTV,VT,ANE,EN,Combined TRACON& Tower with Radar,36,85,41,0,162,0,1,3,0,4,36,86,44,0,166,38,0,38,204
10/28/2007,BTV,VT,ANE,EN,Combined TRACON& Tower with Radar,29,78,22,0,129,0,3,38,8,49,29,81,60,8,178,48,0,48,226
10/29/2007,BTV,VT,ANE,EN,Combined TRACON& Tower with Radar,29,72,51,30,182,0,0,40,4,44,29,72,91,34,226,42,34,76,302
10/30/2007,BTV,VT,ANE,EN,Combined TRACON& Tower with Radar,32,73,19,17,141,0,3,63,14,80,32,76,82,31,221,96,60,156,377
10/31/2007,BTV,VT,ANE,EN,Combined TRACON& Tower with Radar,31,84,16,6,137,0,0,41,10,51,31,84,57,16,188,76,8,84,272
11/01/2007,BTV,VT,ANE,EN,Combined TRACON& Tower with Radar,34,89,22,11,156,0,0,26,30,56,34,89,48,41,212,38,26,64,276
11/02/2007,BTV,VT,ANE,EN,Combined TRACON& Tower with Radar,34,78,23,10,145,0,2,73,4,79,34,80,96,14,224,194,38,232,456
11/03/2007,BTV,VT,ANE,EN,Combined TRACON& Tower with Radar,29,76,24,24,153,0,3,67,36,106,29,79,91,60,259,76,38,114,373
11/04/2007,BTV,VT,ANE,EN,Combined TRACON& Tower with Radar,33,73,18,1,125,0,2,55,7,64,33,75,73,8,189,38,4,42,231
11/05/2007,BTV,VT,ANE,EN,Combined TRACON& Tower with Radar,34,66,28,24,152,0,8,48,3,59,34,74,76,27,211,16,36,52,263
11/06/2007,BTV,VT,ANE,EN,Combined TRACON& Tower with Radar,39,97,20,22,178,0,5,36,9,50,39,102,56,31,228,112,42,154,382
11/07/2007,BTV,VT,ANE,EN,Combined TRACON& Tower with Radar,33,77,29,20,159,0,4,22,3,29,33,81,51,23,188,84,46,130,318
11/08/2007,BTV,VT,ANE,EN,Combined TRACON& Tower with Radar,30,90,35,16,171,0,3,28,11,42,30,93,63,27,213,64,8,72,285
11/09/2007,BTV,VT,ANE,EN,Combined TRACON& Tower with Radar,35,70,33,5,143,0,0,43,0,43,35,70,76,5,186,82,2,84,270
11/10/2007,BTV,VT,ANE,EN,Combined TRACON& Tower with Radar,34,65,18,2,119,0,1,47,0,48,34,66,65,2,167,122,0,122,289
11/11/2007,BTV,VT,ANE,EN,Combined TRACON& Tower with Radar,28,76,25,1,130,0,1,84,0,85,28,77,109,1,215,41,2,43,258
11/12/2007,BTV,VT,ANE,EN,Combined TRACON& Tower with Radar,30,88,22,4,144,0,16,4,0,20,30,104,26,4,164,70,0,70,234
11/13/2007,BTV,VT,ANE,EN,Combined TRACON& Tower with Radar,29,85,14,12,140,0,1,16,6,23,29,86,30,18,163,114,8,122,285
11/14/2007,BTV,VT,ANE,EN,Combined TRACON& Tower with Radar,29,78,25,17,149,0,10,12,15,37,29,88,37,32,186,0,32,32,218
11/15/2007,BTV,VT,ANE,EN,Combined TRACON& Tower with Radar,30,74,10,6,120,0,0,0,0,0,30,74,10,6,120,0,0,0,120
11/16/2007,BTV,VT,ANE,EN,Combined TRACON& Tower with Radar,33,72,38,9,152,0,0,0,0,0,33,72,38,9,152,10,6,16,168
11/17/2007,BTV,VT,ANE,EN,Combined TRACON& Tower with Radar,28,59,14,0,101,0,0,42,20,62,28,59,56,20,163,74,2,76,239
11/18/2007,BTV,VT,ANE,EN,Combined TRACON& Tower with Radar,24,69,21,1,115,0,0,69,0,69,24,69,90,1,184,93,0,93,277
11/19/2007,BTV,VT,ANE,EN,Combined TRACON& Tower with Radar,28,74,17,25,144,0,1,63,15,79,28,75,80,40,223,110,66,176,399
11/20/2007,BTV,VT,ANE,EN,Combined TRACON& Tower with Radar,32,88,20,0,140,0,0,0,0,0,32,88,20,0,140,0,0,0,140
11/21/2007,BTV,VT,ANE,EN,Combined TRACON& Tower with Radar,31,90,34,0,155,0,0,0,0,0,31,90,34,0,155,28,0,28,183
11/22/2007,BTV,VT,ANE,EN,Combined TRACON& Tower with Radar,19,55,4,0,78,0,0,0,0,0,19,55,4,0,78,0,0,0,78
11/23/2007,BTV,VT,ANE,EN,Combined TRACON& Tower with Radar,25,60,10,2,97,0,6,5,0,11,25,66,15,2,108,12,0,12,120
11/24/2007,BTV,VT,ANE,EN,Combined TRACON& Tower with Radar,26,61,33,0,120,0,33,31,0,64,26,94,64,0,184,216,0,216,400
11/25/2007,BTV,VT,ANE,EN,Combined TRACON& Tower with Radar,29,62,26,1,118,0,0,34,0,34,29,62,60,1,152,46,0,46,198
11/26/2007,BTV,VT,ANE,EN,Combined TRACON& Tower with Radar,30,72,12,13,127,0,0,15,0,15,30,72,27,13,142,0,30,30,172
11/27/2007,BTV,VT,ANE,EN,Combined TRACON& Tower with Radar,30,86,27,18,161,0,0,21,12,33,30,86,48,30,194,104,14,118,312
11/28/2007,BTV,VT,ANE,EN,Combined TRACON& Tower with Radar,31,71,22,7,131,0,2,25,5,32,31,73,47,12,163,102,44,146,309
11/29/2007,BTV,VT,ANE,EN,Combined TRACON& Tower with Radar,32,82,38,9,161,0,0,2,2,4,32,82,40,11,165,80,2,82,247
11/30/2007,BTV,VT,ANE,EN,Combined TRACON& Tower with Radar,28,72,18,11,129,0,4,27,0,31,28,76,45,11,160,36,54,90,250
12/01/2007,BTV,VT,ANE,EN,Combined TRACON& Tower with Radar,24,60,15,16,115,0,1,13,3,17,24,61,28,19,132,40,22,62,194
12/02/2007,BTV,VT,ANE,EN,Combined TRACON& Tower with Radar,24,53,9,1,87,0,1,13,0,14,24,54,22,1,101,32,0,32,133
12/03/2007,BTV,VT,ANE,EN,Combined TRACON& Tower with Radar,24,66,10,0,100,0,0,0,0,0,24,66,10,0,100,0,0,0,100
12/04/2007,BTV,VT,ANE,EN,Combined TRACON& Tower with Radar,30,76,12,1,119,0,0,0,1,1,30,76,12,2,120,0,0,0,120
12/05/2007,BTV,VT,ANE,EN,Combined TRACON& Tower with Radar,25,58,29,2,114,0,0,8,1,9,25,58,37,3,123,18,6,24,147
12/06/2007,BTV,VT,ANE,EN,Combined TRACON& Tower with Radar,28,79,28,13,148,0,6,19,19,44,28,85,47,32,192,106,38,144,336
12/07/2007,BTV,VT,ANE,EN,Combined TRACON& Tower with Radar,42,73,24,13,152,3,6,11,7,27,45,79,35,20,179,72,14,86,265
12/08/2007,BTV,VT,ANE,EN,Combined TRACON& Tower with Radar,27,47,7,0,81,0,0,12,1,13,27,47,19,1,94,132,0,132,226
12/09/2007,BTV,VT,ANE,EN,Combined TRACON& Tower with Radar,27,64,14,1,106,0,1,26,0,27,27,65,40,1,133,32,0,32,165
12/10/2007,BTV,VT,ANE,EN,Combined TRACON& Tower with Radar,29,71,5,20,125,0,1,22,3,26,29,72,27,23,151,48,44,92,243
12/11/2007,BTV,VT,ANE,EN,Combined TRACON& Tower with Radar,27,74,9,9,119,0,0,13,6,19,27,74,22,15,138,114,6,120,258
12/12/2007,BTV,VT,ANE,EN,Combined TRACON& Tower with Radar,34,84,18,12,148,0,0,20,17,37,34,84,38,29,185,82,12,94,279
12/13/2007,BTV,VT,ANE,EN,Combined TRACON& Tower with Radar,27,64,30,7,128,0,1,10,0,11,27,65,40,7,139,36,0,36,175
12/14/2007,BTV,VT,ANE,EN,Combined TRACON& Tower with Radar,25,75,26,11,137,0,0,6,8,14,25,75,32,19,151,0,12,12,163
12/15/2007,BTV,VT,ANE,EN,Combined TRACON& Tower with Radar,23,48,30,1,102,0,2,32,0,34,23,50,62,1,136,158,0,158,294
12/16/2007,BTV,VT,ANE,EN,Combined TRACON& Tower with Radar,7,12,0,0,19,0,0,0,0,0,7,12,0,0,19,0,0,0,19
12/17/2007,BTV,VT,ANE,EN,Combined TRACON& Tower with Radar,24,71,17,2,114,0,1,6,5,12,24,72,23,7,126,0,0,0,126
12/18/2007,BTV,VT,ANE,EN,Combined TRACON& Tower with Radar,32,75,33,4,144,0,0,5,9,14,32,75,38,13,158,6,0,6,164
12/19/2007,BTV,VT,ANE,EN,Combined TRACON& Tower with Radar,34,86,32,17,169,0,1,7,0,8,34,87,39,17,177,18,0,18,195
12/20/2007,BTV,VT,ANE,EN,Combined TRACON& Tower with Radar,34,70,23,14,141,0,0,4,0,4,34,70,27,14,145,0,2,2,147
12/21/2007,BTV,VT,ANE,EN,Combined TRACON& Tower with Radar,30,81,19,0,130,0,0,11,0,11,30,81,30,0,141,14,0,14,155
12/22/2007,BTV,VT,ANE,EN,Combined TRACON& Tower with Radar,29,77,14,1,121,0,2,21,1,24,29,79,35,2,145,224,0,224,369
12/23/2007,BTV,VT,ANE,EN,Combined TRACON& Tower with Radar,26,54,16,0,96,0,0,0,0,0,26,54,16,0,96,0,0,0,96
12/24/2007,BTV,VT,ANE,EN,Combined TRACON& Tower with Radar,25,64,14,0,103,0,1,6,0,7,25,65,20,0,110,2,0,2,112
12/25/2007,BTV,VT,ANE,EN,Combined TRACON& Tower with Radar,27,55,3,0,85,0,0,0,0,0,27,55,3,0,85,0,0,0,85
12/26/2007,BTV,VT,ANE,EN,Combined TRACON& Tower with Radar,31,89,37,0,157,0,12,35,7,54,31,101,72,7,211,56,18,74,285
12/27/2007,BTV,VT,ANE,EN,Combined TRACON& Tower with Radar,33,75,28,25,161,0,0,5,5,10,33,75,33,30,171,6,8,14,185
12/28/2007,BTV,VT,ANE,EN,Combined TRACON& Tower with Radar,30,94,34,1,159,0,2,4,0,6,30,96,38,1,165,0,0,0,165
12/29/2007,BTV,VT,ANE,EN,Combined TRACON& Tower with Radar,31,91,16,3,141,0,1,11,0,12,31,92,27,3,153,34,0,34,187
12/30/2007,BTV,VT,ANE,EN,Combined TRACON& Tower with Radar,29,53,15,0,97,0,0,23,0,23,29,53,38,0,120,42,0,42,162
12/31/2007,BTV,VT,ANE,EN,Combined TRACON& Tower with Radar,30,59,10,0,99,0,0,2,0,2,30,59,12,0,101,0,0,0,101
01/01/2008,BTV,VT,ANE,EN,Combined TRACON& Tower with Radar,23,42,14,0,79,0,0,0,0,0,23,42,14,0,79,0,0,0,79
01/02/2008,BTV,VT,ANE,EN,Combined TRACON& Tower with Radar,35,54,17,9,115,0,2,19,0,21,35,56,36,9,136,6,22,28,164
01/03/2008,BTV,VT,ANE,EN,Combined TRACON& Tower with Radar,35,64,15,21,135,0,4,25,10,39,35,68,40,31,174,2,28,30,204
01/04/2008,BTV,VT,ANE,EN,Combined TRACON& Tower with Radar,34,67,25,18,144,0,3,21,0,24,34,70,46,18,168,20,18,38,206
01/05/2008,BTV,VT,ANE,EN,Combined TRACON& Tower with Radar,28,66,14,25,133,0,3,37,17,57,28,69,51,42,190,112,4,116,306
01/06/2008,BTV,VT,ANE,EN,Combined TRACON& Tower with Radar,28,57,14,2,101,0,1,18,0,19,28,58,32,2,120,0,0,0,120
01/07/2008,BTV,VT,ANE,EN,Combined TRACON& Tower with Radar,28,71,17,0,116,1,1,6,2,10,29,72,23,2,126,162,0,162,288
01/08/2008,BTV,VT,ANE,EN,Combined TRACON& Tower with Radar,29,103,35,21,188,0,2,28,12,42,29,105,63,33,230,48,36,84,314
01/09/2008,BTV,VT,ANE,EN,Combined TRACON& Tower with Radar,32,67,27,0,126,0,0,2,0,2,32,67,29,0,128,82,0,82,210
01/10/2008,BTV,VT,ANE,EN,Combined TRACON& Tower with Radar,31,69,31,15,146,1,8,61,27,97,32,77,92,42,243,102,54,156,399
01/11/2008,BTV,VT,ANE,EN,Combined TRACON& Tower with Radar,32,62,31,12,137,0,0,1,0,1,32,62,32,12,138,0,0,0,138
01/12/2008,BTV,VT,ANE,EN,Combined TRACON& Tower with Radar,24,45,4,7,80,0,14,25,12,51,24,59,29,19,131,62,4,66,197
01/13/2008,BTV,VT,ANE,EN,Combined TRACON& Tower with Radar,32,64,31,6,133,1,4,79,13,97,33,68,110,19,230,74,14,88,318
01/14/2008,BTV,VT,ANE,EN,Combined TRACON& Tower with Radar,31,66,8,8,113,0,0,0,0,0,31,66,8,8,113,0,0,0,113
01/15/2008,BTV,VT,ANE,EN,Combined TRACON& Tower with Radar,35,65,9,23,132,0,0,17,8,25,35,65,26,31,157,42,14,56,213
01/16/2008,BTV,VT,ANE,EN,Combined TRACON& Tower with Radar,31,68,24,25,148,0,3,41,10,54,31,71,65,35,202,68,16,84,286
01/17/2008,BTV,VT,ANE,EN,Combined TRACON& Tower with Radar,30,83,20,18,151,0,0,19,8,27,30,83,39,26,178,88,22,110,288
01/18/2008,BTV,VT,ANE,EN,Combined TRACON& Tower with Radar,30,77,31,27,165,0,1,5,0,6,30,78,36,27,171,0,56,56,227
01/19/2008,BTV,VT,ANE,EN,Combined TRACON& Tower with Radar,23,47,11,0,81,0,0,26,0,26,23,47,37,0,107,52,0,52,159
01/20/2008,BTV,VT,ANE,EN,Combined TRACON& Tower with Radar,26,53,13,2,94,0,0,24,5,29,26,53,37,7,123,8,0,8,131
01/21/2008,BTV,VT,ANE,EN,Combined TRACON& Tower with Radar,30,86,27,4,147,0,2,28,8,38,30,88,55,12,185,26,0,26,211
01/22/2008,BTV,VT,ANE,EN,Combined TRACON& Tower with Radar,30,66,14,16,126,0,0,7,0,7,30,66,21,16,133,36,0,36,169
01/23/2008,BTV,VT,ANE,EN,Combined TRACON& Tower with Radar,30,81,38,19,168,0,0,13,3,16,30,81,51,22,184,0,4,4,188
01/24/2008,BTV,VT,ANE,EN,Combined TRACON& Tower with Radar,30,62,19,30,141,0,0,34,21,55,30,62,53,51,196,118,34,152,348
01/25/2008,BTV,VT,ANE,EN,Combined TRACON& Tower with Radar,35,70,35,5,145,0,0,39,4,43,35,70,74,9,188,76,0,76,264
01/26/2008,BTV,VT,ANE,EN,Combined TRACON& Tower with Radar,23,55,24,3,105,0,3,64,2,69,23,58,88,5,174,84,0,84,258
01/27/2008,BTV,VT,ANE,EN,Combined TRACON& Tower with Radar,30,74,23,0,127,0,1,44,0,45,30,75,67,0,172,72,0,72,244
01/28/2008,BTV,VT,ANE,EN,Combined TRACON& Tower with Radar,32,65,23,0,120,0,0,46,5,51,32,65,69,5,171,170,0,170,341
01/29/2008,BTV,VT,ANE,EN,Combined TRACON& Tower with Radar,35,88,19,14,156,0,0,20,0,20,35,88,39,14,176,58,14,72,248
01/30/2008,BTV,VT,ANE,EN,Combined TRACON& Tower with Radar,29,67,16,2,114,0,0,6,0,6,29,67,22,2,120,0,2,2,122
01/31/2008,BTV,VT,ANE,EN,Combined TRACON& Tower with Radar,37,80,23,26,166,0,9,52,12,73,37,89,75,38,239,46,60,106,345
02/01/2008,BTV,VT,ANE,EN,Combined TRACON& Tower with Radar,21,55,22,14,112,0,0,0,0,0,21,55,22,14,112,2,0,2,114
02/02/2008,BTV,VT,ANE,EN,Combined TRACON& Tower with Radar,21,44,12,0,77,0,4,23,0,27,21,48,35,0,104,114,0,114,218
02/03/2008,BTV,VT,ANE,EN,Combined TRACON& Tower with Radar,26,54,16,4,100,0,0,6,4,10,26,54,22,8,110,8,0,8,118
02/04/2008,BTV,VT,ANE,EN,Combined TRACON& Tower with Radar,28,63,11,11,113,0,0,24,0,24,28,63,35,11,137,212,10,222,359
02/05/2008,BTV,VT,ANE,EN,Combined TRACON& Tower with Radar,31,70,15,21,137,0,0,4,0,4,31,70,19,21,141,0,10,10,151
02/06/2008,BTV,VT,ANE,EN,Combined TRACON& Tower with Radar,34,64,16,0,114,0,0,0,0,0,34,64,16,0,114,0,0,0,114
02/07/2008,BTV,VT,ANE,EN,Combined TRACON& Tower with Radar,35,75,21,2,133,0,0,0,0,0,35,75,21,2,133,0,0,0,133
02/08/2008,BTV,VT,ANE,EN,Combined TRACON& Tower with Radar,31,75,36,12,154,0,0,32,5,37,31,75,68,17,191,22,0,22,213
02/09/2008,BTV,VT,ANE,EN,Combined TRACON& Tower with Radar,28,62,9,4,103,0,0,17,4,21,28,62,26,8,124,146,0,146,270
02/10/2008,BTV,VT,ANE,EN,Combined TRACON& Tower with Radar,29,59,21,0,109,0,0,2,0,2,29,59,23,0,111,0,0,0,111
02/11/2008,BTV,VT,ANE,EN,Combined TRACON& Tower with Radar,28,63,11,24,126,0,0,9,2,11,28,63,20,26,137,88,42,130,267
02/12/2008,BTV,VT,ANE,EN,Combined TRACON& Tower with Radar,29,73,15,14,131,0,6,33,20,59,29,79,48,34,190,82,14,96,286
02/13/2008,BTV,VT,ANE,EN,Combined TRACON& Tower with Radar,36,49,6,0,91,0,0,0,0,0,36,49,6,0,91,0,0,0,91
02/14/2008,BTV,VT,ANE,EN,Combined TRACON& Tower with Radar,33,76,40,13,162,0,4,43,2,49,33,80,83,15,211,74,28,102,313
02/15/2008,BTV,VT,ANE,EN,Combined TRACON& Tower with Radar,39,85,22,8,154,0,2,10,0,12,39,87,32,8,166,209,1,210,376
02/16/2008,BTV,VT,ANE,EN,Combined TRACON& Tower with Radar,34,75,42,0,151,0,3,70,0,73,34,78,112,0,224,174,0,174,398
02/17/2008,BTV,VT,ANE,EN,Combined TRACON& Tower with Radar,32,62,16,0,110,0,0,11,0,11,32,62,27,0,121,4,0,4,125
02/18/2008,BTV,VT,ANE,EN,Combined TRACON& Tower with Radar,29,73,33,4,139,0,0,11,0,11,29,73,44,4,150,38,2,40,190
02/19/2008,BTV,VT,ANE,EN,Combined TRACON& Tower with Radar,36,68,15,4,123,0,0,23,7,30,36,68,38,11,153,112,0,112,265
02/20/2008,BTV,VT,ANE,EN,Combined TRACON& Tower with Radar,41,77,21,8,147,0,3,27,8,38,41,80,48,16,185,120,0,120,305
02/21/2008,BTV,VT,ANE,EN,Combined TRACON& Tower with Radar,31,88,20,16,155,0,6,50,20,76,31,94,70,36,231,190,12,202,433
02/22/2008,BTV,VT,ANE,EN,Combined TRACON& Tower with Radar,26,50,24,0,100,0,0,2,0,2,26,50,26,0,102,44,0,44,146
02/23/2008,BTV,VT,ANE,EN,Combined TRACON& Tower with Radar,30,53,15,0,98,0,4,33,0,37,30,57,48,0,135,152,0,152,287
02/24/2008,BTV,VT,ANE,EN,Combined TRACON& Tower with Radar,30,60,36,0,126,0,4,101,26,131,30,64,137,26,257,58,4,62,319
02/25/2008,BTV,VT,ANE,EN,Combined TRACON& Tower with Radar,31,71,20,14,136,0,8,56,16,80,31,79,76,30,216,68,32,100,316
02/26/2008,BTV,VT,ANE,EN,Combined TRACON& Tower with Radar,31,62,9,1,103,0,0,0,0,0,31,62,9,1,103,0,0,0,103
02/27/2008,BTV,VT,ANE,EN,Combined TRACON& Tower with Radar,32,62,12,0,106,0,0,0,0,0,32,62,12,0,106,0,0,0,106
02/28/2008,BTV,VT,ANE,EN,Combined TRACON& Tower with Radar,36,78,22,13,149,0,4,44,18,66,36,82,66,31,215,88,42,130,345
02/29/2008,BTV,VT,ANE,EN,Combined TRACON& Tower with Radar,41,82,23,3,149,0,3,48,6,57,41,85,71,9,206,94,6,100,306
03/01/2008,BTV,VT,ANE,EN,Combined TRACON& Tower with Radar,33,54,17,0,104,0,0,21,2,23,33,54,38,2,127,0,0,0,127
03/02/2008,BTV,VT,ANE,EN,Combined TRACON& Tower with Radar,34,67,16,0,117,0,0,55,0,55,34,67,71,0,172,20,0,20,192
03/03/2008,BTV,VT,ANE,EN,Combined TRACON& Tower with Radar,31,72,13,0,116,0,2,15,1,18,31,74,28,1,134,44,0,44,178
03/04/2008,BTV,VT,ANE,EN,Combined TRACON& Tower with Radar,37,76,16,16,145,0,0,5,12,17,37,76,21,28,162,8,50,58,220
03/05/2008,BTV,VT,ANE,EN,Combined TRACON& Tower with Radar,32,61,13,7,113,0,0,2,0,2,32,61,15,7,115,0,0,0,115
03/06/2008,BTV,VT,ANE,EN,Combined TRACON& Tower with Radar,33,95,27,22,177,0,6,63,26,95,33,101,90,48,272,154,18,172,444
03/07/2008,BTV,VT,ANE,EN,Combined TRACON& Tower with Radar,27,73,29,6,135,0,4,44,11,59,27,77,73,17,194,70,16,86,280
03/08/2008,BTV,VT,ANE,EN,Combined TRACON& Tower with Radar,24,33,1,0,58,0,0,0,0,0,24,33,1,0,58,0,0,0,58
03/09/2008,BTV,VT,ANE,EN,Combined TRACON& Tower with Radar,28,57,22,1,108,0,0,9,0,9,28,57,31,1,117,4,0,4,121
03/10/2008,BTV,VT,ANE,EN,Combined TRACON& Tower with Radar,31,73,19,0,123,0,2,40,8,50,31,75,59,8,173,94,0,94,267
03/11/2008,BTV,VT,ANE,EN,Combined TRACON& Tower with Radar,32,70,26,21,149,0,2,43,28,73,32,72,69,49,222,189,24,213,435
03/12/2008,BTV,VT,ANE,EN,Combined TRACON& Tower with Radar,34,70,16,6,126,0,0,0,0,0,34,70,16,6,126,0,0,0,126
03/13/2008,BTV,VT,ANE,EN,Combined TRACON& Tower with Radar,35,78,20,12,145,0,5,46,7,58,35,83,66,19,203,104,28,132,335
03/14/2008,BTV,VT,ANE,EN,Combined TRACON& Tower with Radar,34,68,22,11,135,0,1,20,6,27,34,69,42,17,162,160,30,190,352
03/15/2008,BTV,VT,ANE,EN,Combined TRACON& Tower with Radar,28,57,30,0,115,0,0,7,1,8,28,57,37,1,123,14,0,14,137
03/16/2008,BTV,VT,ANE,EN,Combined TRACON& Tower with Radar,26,59,19,0,104,0,1,2,0,3,26,60,21,0,107,0,0,0,107
03/17/2008,BTV,VT,ANE,EN,Combined TRACON& Tower with Radar,31,71,26,12,140,0,4,69,5,78,31,75,95,17,218,70,2,72,290
03/18/2008,BTV,VT,ANE,EN,Combined TRACON& Tower with Radar,31,70,27,9,137,0,6,44,12,62,31,76,71,21,199,86,12,98,297
03/19/2008,BTV,VT,ANE,EN,Combined TRACON& Tower with Radar,26,64,24,2,116,0,0,0,0,0,26,64,24,2,116,0,0,0,116
03/20/2008,BTV,VT,ANE,EN,Combined TRACON& Tower with Radar,37,80,30,14,161,0,0,2,0,2,37,80,32,14,163,4,4,8,171
03/21/2008,BTV,VT,ANE,EN,Combined TRACON& Tower with Radar,31,66,13,5,115,0,4,19,2,25,31,70,32,7,140,44,6,50,190
03/22/2008,BTV,VT,ANE,EN,Combined TRACON& Tower with Radar,29,54,35,0,118,0,1,58,0,59,29,55,93,0,177,68,0,68,245
03/23/2008,BTV,VT,ANE,EN,Combined TRACON& Tower with Radar,29,56,17,0,102,0,0,56,0,56,29,56,73,0,158,24,0,24,182
03/24/2008,BTV,VT,ANE,EN,Combined TRACON& Tower with Radar,29,66,26,13,134,0,14,62,10,86,29,80,88,23,220,88,20,108,328
03/25/2008,BTV,VT,ANE,EN,Combined TRACON& Tower with Radar,30,78,28,13,149,0,4,63,17,84,30,82,91,30,233,242,18,260,493
03/26/2008,BTV,VT,ANE,EN,Combined TRACON& Tower with Radar,30,68,16,13,127,0,0,18,1,19,30,68,34,14,146,0,24,24,170
03/27/2008,BTV,VT,ANE,EN,Combined TRACON& Tower with Radar,33,75,22,14,144,0,0,44,11,55,33,75,66,25,199,160,44,204,403
03/28/2008,BTV,VT,ANE,EN,Combined TRACON& Tower with Radar,32,63,28,16,139,0,0,2,0,2,32,63,30,16,141,0,0,0,141
03/29/2008,BTV,VT,ANE,EN,Combined TRACON& Tower with Radar,26,50,18,8,102,0,2,51,0,53,26,52,69,8,155,114,2,116,271
03/30/2008,BTV,VT,ANE,EN,Combined TRACON& Tower with Radar,27,61,25,25,138,0,1,95,0,96,27,62,120,25,234,94,60,154,388
03/31/2008,BTV,VT,ANE,EN,Combined TRACON& Tower with Radar,30,72,7,2,111,0,0,5,0,5,30,72,12,2,116,32,0,32,148
04/01/2008,BTV,VT,ANE,EN,Combined TRACON& Tower with Radar,38,62,6,0,106,0,0,1,0,1,38,62,7,0,107,4,0,4,111
04/02/2008,BTV,VT,ANE,EN,Combined TRACON& Tower with Radar,34,68,17,20,139,0,1,30,18,49,34,69,47,38,188,26,54,80,268
04/03/2008,BTV,VT,ANE,EN,Combined TRACON& Tower with Radar,34,65,25,14,138,0,4,67,17,88,34,69,92,31,226,196,34,230,456
04/04/2008,BTV,VT,ANE,EN,Combined TRACON& Tower with Radar,36,81,25,12,154,0,0,0,0,0,36,81,25,12,154,0,0,0,154
04/05/2008,BTV,VT,ANE,EN,Combined TRACON& Tower with Radar,31,56,26,5,118,0,7,48,0,55,31,63,74,5,173,90,10,100,273
04/06/2008,BTV,VT,ANE,EN,Combined TRACON& Tower with Radar,28,53,15,2,98,1,14,56,3,74,29,67,71,5,172,90,14,104,276
04/07/2008,BTV,VT,ANE,EN,Combined TRACON& Tower with Radar,33,67,19,15,134,0,5,42,8,55,33,72,61,23,189,76,24,100,289
04/08/2008,BTV,VT,ANE,EN,Combined TRACON& Tower with Radar,30,75,17,9,131,0,6,84,12,102,30,81,101,21,233,140,10,150,383
04/09/2008,BTV,VT,ANE,EN,Combined TRACON& Tower with Radar,38,98,20,6,162,0,1,56,22,79,38,99,76,28,241,36,8,44,285
04/10/2008,BTV,VT,ANE,EN,Combined TRACON& Tower with Radar,37,73,14,5,129,0,1,12,3,16,37,74,26,8,145,6,0,6,151
04/11/2008,BTV,VT,ANE,EN,Combined TRACON& Tower with Radar,35,68,21,2,126,0,0,9,9,18,35,68,30,11,144,48,0,48,192
04/12/2008,BTV,VT,ANE,EN,Combined TRACON& Tower with Radar,42,55,37,4,138,0,0,7,3,10,42,55,44,7,148,38,0,38,186
04/13/2008,BTV,VT,ANE,EN,Combined TRACON& Tower with Radar,31,63,6,0,100,0,0,2,0,2,31,63,8,0,102,0,13,13,115
04/14/2008,BTV,VT,ANE,EN,Combined TRACON& Tower with Radar,30,71,19,5,125,0,1,37,0,38,30,72,56,5,163,130,12,142,305
04/15/2008,BTV,VT,ANE,EN,Combined TRACON& Tower with Radar,31,74,26,17,148,0,6,62,14,82,31,80,88,31,230,162,14,176,406
04/16/2008,BTV,VT,ANE,EN,Combined TRACON& Tower with Radar,37,62,29,17,145,0,16,76,11,103,37,78,105,28,248,135,24,159,407
04/17/2008,BTV,VT,ANE,EN,Combined TRACON& Tower with Radar,33,78,20,20,151,0,5,77,18,100,33,83,97,38,251,196,24,220,471
04/18/2008,BTV,VT,ANE,EN,Combined TRACON& Tower with Radar,38,67,27,1,133,0,3,85,10,98,38,70,112,11,231,178,4,182,413
04/19/2008,BTV,VT,ANE,EN,Combined TRACON& Tower with Radar,31,56,13,2,102,0,9,69,1,79,31,65,82,3,181,118,8,126,307
04/20/2008,BTV,VT,ANE,EN,Combined TRACON& Tower with Radar,30,55,21,1,107,0,3,53,8,64,30,58,74,9,171,14,4,18,189
04/21/2008,BTV,VT,ANE,EN,Combined TRACON& Tower with Radar,31,64,36,12,143,0,9,49,9,67,31,73,85,21,210,84,10,94,304
04/22/2008,BTV,VT,ANE,EN,Combined TRACON& Tower with Radar,29,89,18,21,157,0,4,50,17,71,29,93,68,38,228,176,18,194,422
04/23/2008,BTV,VT,ANE,EN,Combined TRACON& Tower with Radar,37,69,22,11,139,0,3,44,22,69,37,72,66,33,208,138,4,142,350
04/24/2008,BTV,VT,ANE,EN,Combined TRACON& Tower with Radar,35,74,26,7,142,0,4,50,17,71,35,78,76,24,213,90,18,108,321
04/25/2008,BTV,VT,ANE,EN,Combined TRACON& Tower with Radar,41,70,31,7,149,0,7,89,3,99,41,77,120,10,248,130,14,144,392
04/26/2008,BTV,VT,ANE,EN,Combined TRACON& Tower with Radar,29,48,25,0,102,0,0,60,2,62,29,48,85,2,164,102,0,102,266
04/27/2008,BTV,VT,ANE,EN,Combined TRACON& Tower with Radar,29,58,21,0,108,0,0,70,0,70,29,58,91,0,178,30,0,30,208
04/28/2008,BTV,VT,ANE,EN,Combined TRACON& Tower with Radar,28,69,17,7,121,0,0,0,0,0,28,69,17,7,121,36,0,36,157
04/29/2008,BTV,VT,ANE,EN,Combined TRACON& Tower with Radar,33,77,15,23,148,0,0,16,0,16,33,77,31,23,164,2,8,10,174
04/30/2008,BTV,VT,ANE,EN,Combined TRACON& Tower with Radar,30,74,25,14,143,0,0,41,0,41,30,74,66,14,184,64,16,80,264
05/01/2008,BTV,VT,ANE,EN,Combined TRACON& Tower with Radar,34,76,21,22,153,0,0,86,17,103,34,76,107,39,256,122,76,198,454
05/02/2008,BTV,VT,ANE,EN,Combined TRACON& Tower with Radar,33,74,40,6,153,0,5,51,2,58,33,79,91,8,211,134,22,156,367
05/03/2008,BTV,VT,ANE,EN,Combined TRACON& Tower with Radar,30,58,30,2,120,0,0,11,15,26,30,58,41,17,146,46,0,46,192
05/04/2008,BTV,VT,ANE,EN,Combined TRACON& Tower with Radar,30,61,22,6,119,0,0,14,17,31,30,61,36,23,150,0,13,13,163
05/05/2008,BTV,VT,ANE,EN,Combined TRACON& Tower with Radar,35,70,15,0,120,0,4,73,16,93,35,74,88,16,213,142,2,144,357
05/06/2008,BTV,VT,ANE,EN,Combined TRACON& Tower with Radar,36,78,21,30,165,0,1,58,11,70,36,79,79,41,235,160,36,196,431
05/07/2008,BTV,VT,ANE,EN,Combined TRACON& Tower with Radar,39,69,16,11,135,1,6,55,10,72,40,75,71,21,207,22,8,30,237
05/08/2008,BTV,VT,ANE,EN,Combined TRACON& Tower with Radar,37,74,31,25,167,0,1,38,21,60,37,75,69,46,227,176,72,248,475
05/09/2008,BTV,VT,ANE,EN,Combined TRACON& Tower with Radar,37,68,19,9,133,0,1,61,11,73,37,69,80,20,206,86,20,106,312
05/10/2008,BTV,VT,ANE,EN,Combined TRACON& Tower with Radar,28,48,26,2,104,0,1,56,3,60,28,49,82,5,164,70,0,70,234
05/11/2008,BTV,VT,ANE,EN,Combined TRACON& Tower with Radar,30,48,18,0,96,0,3,65,0,68,30,51,83,0,164,28,0,28,192
05/12/2008,BTV,VT,ANE,EN,Combined TRACON& Tower with Radar,37,58,22,14,131,0,1,39,7,47,37,59,61,21,178,98,8,106,284
05/13/2008,BTV,VT,ANE,EN,Combined TRACON& Tower with Radar,36,72,20,14,142,0,6,58,15,79,36,78,78,29,221,24,30,54,275
05/14/2008,BTV,VT,ANE,EN,Combined TRACON& Tower with Radar,34,83,32,12,161,0,4,105,13,122,34,87,137,25,283,144,16,160,443
05/15/2008,BTV,VT,ANE,EN,Combined TRACON& Tower with Radar,38,71,39,26,174,0,4,40,8,52,38,75,79,34,226,69,36,105,331
05/16/2008,BTV,VT,ANE,EN,Combined TRACON& Tower with Radar,38,71,13,4,126,0,0,48,6,54,38,71,61,10,180,44,0,44,224
05/17/2008,BTV,VT,ANE,EN,Combined TRACON& Tower with Radar,30,60,37,0,127,0,2,101,8,111,30,62,138,8,238,92,0,92,330
05/18/2008,BTV,VT,ANE,EN,Combined TRACON& Tower with Radar,33,54,33,2,122,0,2,39,15,56,33,56,72,17,178,51,36,87,265
05/19/2008,BTV,VT,ANE,EN,Combined TRACON& Tower with Radar,34,67,25,14,140,0,0,5,0,5,34,67,30,14,145,0,2,2,147
05/20/2008,BTV,VT,ANE,EN,Combined TRACON& Tower with Radar,5,13,8,0,26,0,0,0,0,0,5,13,8,0,26,94,64,158,184
05/21/2008,BTV,VT,ANE,EN,Combined TRACON& Tower with Radar,43,77,24,21,165,0,3,41,16,60,43,80,65,37,225,22,26,48,273
05/22/2008,BTV,VT,ANE,EN,Combined TRACON& Tower with Radar,41,70,20,8,139,0,1,22,7,30,41,71,42,15,169,94,18,112,281
05/23/2008,BTV,VT,ANE,EN,Combined TRACON& Tower with Radar,43,88,16,0,147,0,8,21,2,31,43,96,37,2,178,48,0,48,226
05/24/2008,BTV,VT,ANE,EN,Combined TRACON& Tower with Radar,34,48,19,0,101,0,2,68,3,73,34,50,87,3,174,60,0,60,234
05/25/2008,BTV,VT,ANE,EN,Combined TRACON& Tower with Radar,1,7,5,0,13,0,0,0,0,0,1,7,5,0,13,68,2,70,83
05/26/2008,BTV,VT,ANE,EN,Combined TRACON& Tower with Radar,41,73,29,2,145,0,1,20,1,22,41,74,49,3,167,0,0,0,167
05/27/2008,BTV,VT,ANE,EN,Combined TRACON& Tower with Radar,40,84,31,23,178,0,1,16,3,20,40,85,47,26,198,70,50,120,318
05/28/2008,BTV,VT,ANE,EN,Combined TRACON& Tower with Radar,44,74,27,10,155,0,8,86,2,96,44,82,113,12,251,84,12,96,347
05/29/2008,BTV,VT,ANE,EN,Combined TRACON& Tower with Radar,44,72,30,22,168,0,4,44,17,65,44,76,74,39,233,28,24,52,285
05/30/2008,BTV,VT,ANE,EN,Combined TRACON& Tower with Radar,40,75,48,4,167,0,3,69,9,81,40,78,117,13,248,60,0,60,308
05/31/2008,BTV,VT,ANE,EN,Combined TRACON& Tower with Radar,33,50,22,1,106,0,0,3,0,3,33,50,25,1,109,28,0,28,137
06/01/2008,BTV,VT,ANE,EN,Combined TRACON& Tower with Radar,1,8,17,0,26,0,0,0,0,0,1,8,17,0,26,16,0,16,42
06/02/2008,BTV,VT,ANE,EN,Combined TRACON& Tower with Radar,39,60,22,8,129,0,0,37,5,42,39,60,59,13,171,30,10,40,211
06/03/2008,BTV,VT,ANE,EN,Combined TRACON& Tower with Radar,42,51,22,10,125,0,3,32,7,42,42,54,54,17,167,64,6,70,237
06/04/2008,BTV,VT,ANE,EN,Combined TRACON& Tower with Radar,40,59,27,32,158,0,1,4,5,10,40,60,31,37,168,42,34,76,244
06/05/2008,BTV,VT,ANE,EN,Combined TRACON& Tower with Radar,39,81,53,14,187,0,4,72,16,92,39,85,125,30,279,52,8,60,339
06/06/2008,BTV,VT,ANE,EN,Combined TRACON& Tower with Radar,35,68,30,10,143,0,0,2,2,4,35,68,32,12,147,8,0,8,155
06/07/2008,BTV,VT,ANE,EN,Combined TRACON& Tower with Radar,33,61,36,4,134,0,0,33,0,33,33,61,69,4,167,78,0,78,245
06/08/2008,BTV,VT,ANE,EN,Combined TRACON& Tower with Radar,0,23,16,0,39,0,0,0,0,0,0,23,16,0,39,2,0,2,41
06/09/2008,BTV,VT,ANE,EN,Combined TRACON& Tower with Radar,37,72,40,4,153,0,8,50,6,64,37,80,90,10,217,24,2,26,243
06/10/2008,BTV,VT,ANE,EN,Combined TRACON& Tower with Radar,35,75,15,12,137,0,1,30,7,38,35,76,45,19,175,20,4,24,199
06/11/2008,BTV,VT,ANE,EN,Combined TRACON& Tower with Radar,37,79,23,11,150,0,5,42,16,63,37,84,65,27,213,78,14,92,305
06/12/2008,BTV,VT,ANE,EN,Combined TRACON& Tower with Radar,46,87,31,26,190,0,5,79,15,99,46,92,110,41,289,96,18,114,403
06/13/2008,BTV,VT,ANE,EN,Combined TRACON& Tower with Radar,39,81,39,13,172,0,0,94,5,99,39,81,133,18,271,54,8,62,333
06/14/2008,BTV,VT,ANE,EN,Combined TRACON& Tower with Radar,32,47,15,1,95,0,0,19,1,20,32,47,34,2,115,116,0,116,231
06/15/2008,BTV,VT,ANE,EN,Combined TRACON& Tower with Radar,0,8,16,0,24,0,0,0,0,0,0,8,16,0,24,28,2,30,54
06/16/2008,BTV,VT,ANE,EN,Combined TRACON& Tower with Radar,33,59,14,19,125,0,1,35,5,41,33,60,49,24,166,42,58,100,266
06/17/2008,BTV,VT,ANE,EN,Combined TRACON& Tower with Radar,40,75,22,8,145,0,3,12,4,19,40,78,34,12,164,96,16,112,276
06/18/2008,BTV,VT,ANE,EN,Combined TRACON& Tower with Radar,40,86,34,10,170,0,0,41,3,44,40,86,75,13,214,76,4,80,294
06/19/2008,BTV,VT,ANE,EN,Combined TRACON& Tower with Radar,41,81,31,10,163,0,0,30,4,34,41,81,61,14,197,48,18,66,263
06/20/2008,BTV,VT,ANE,EN,Combined TRACON& Tower with Radar,39,81,27,4,151,0,2,49,4,55,39,83,76,8,206,106,0,106,312
06/21/2008,BTV,VT,ANE,EN,Combined TRACON& Tower with Radar,40,58,31,4,133,0,0,101,2,103,40,58,132,6,236,70,0,70,306
06/22/2008,BTV,VT,ANE,EN,Combined TRACON& Tower with Radar,40,58,22,0,120,0,0,28,0,28,40,58,50,0,148,2,0,2,150
06/23/2008,BTV,VT,ANE,EN,Combined TRACON& Tower with Radar,39,57,15,1,112,0,0,26,0,26,39,57,41,1,138,106,0,106,244
06/24/2008,BTV,VT,ANE,EN,Combined TRACON& Tower with Radar,37,81,25,7,150,0,1,26,1,28,37,82,51,8,178,112,8,120,298
06/25/2008,BTV,VT,ANE,EN,Combined TRACON& Tower with Radar,41,80,19,8,148,0,2,120,22,144,41,82,139,30,292,276,18,294,586
06/26/2008,BTV,VT,ANE,EN,Combined TRACON& Tower with Radar,37,75,26,15,153,0,1,27,5,33,37,76,53,20,186,108,22,130,316
06/27/2008,BTV,VT,ANE,EN,Combined TRACON& Tower with Radar,39,69,32,17,157,0,0,32,3,35,39,69,64,20,192,120,20,140,332
06/28/2008,BTV,VT,ANE,EN,Combined TRACON& Tower with Radar,40,54,33,5,132,0,0,10,5,15,40,54,43,10,147,54,18,72,219
06/29/2008,BTV,VT,ANE,EN,Combined TRACON& Tower with Radar,40,49,27,0,116,0,0,26,0,26,40,49,53,0,142,44,0,44,186
06/30/2008,BTV,VT,ANE,EN,Combined TRACON& Tower with Radar,39,76,23,22,160,0,0,79,10,89,39,76,102,32,249,160,90,250,499
07/01/2008,BTV,VT,ANE,EN,Combined TRACON& Tower with Radar,43,69,24,19,155,2,6,48,16,72,45,75,72,35,227,130,30,160,387
07/02/2008,BTV,VT,ANE,EN,Combined TRACON& Tower with Radar,44,72,19,10,145,0,3,40,3,46,44,75,59,13,191,96,18,114,305
07/03/2008,BTV,VT,ANE,EN,Combined TRACON& Tower with Radar,36,69,23,11,139,0,0,15,2,17,36,69,38,13,156,145,6,151,307
07/04/2008,BTV,VT,ANE,EN,Combined TRACON& Tower with Radar,35,54,16,0,105,0,5,55,0,60,35,59,71,0,165,32,22,54,219
07/05/2008,BTV,VT,ANE,EN,Combined TRACON& Tower with Radar,0,0,0,0,0,0,0,0,0,0,0,0,0,0,0,90,0,90,90
07/06/2008,BTV,VT,ANE,EN,Combined TRACON& Tower with Radar,51,70,54,2,177,0,1,103,0,104,51,71,157,2,281,56,0,56,337
07/07/2008,BTV,VT,ANE,EN,Combined TRACON& Tower with Radar,38,71,25,2,136,0,6,47,3,56,38,77,72,5,192,138,0,138,330
07/08/2008,BTV,VT,ANE,EN,Combined TRACON& Tower with Radar,39,70,24,6,139,0,1,29,8,38,39,71,53,14,177,174,2,176,353
07/09/2008,BTV,VT,ANE,EN,Combined TRACON& Tower with Radar,39,70,26,6,141,0,3,21,2,26,39,73,47,8,167,114,0,114,281
07/10/2008,BTV,VT,ANE,EN,Combined TRACON& Tower with Radar,41,85,28,24,178,0,3,87,31,121,41,88,115,55,299,154,26,180,479
07/11/2008,BTV,VT,ANE,EN,Combined TRACON& Tower with Radar,43,75,30,7,155,0,3,91,9,103,43,78,121,16,258,74,12,86,344
07/12/2008,BTV,VT,ANE,EN,Combined TRACON& Tower with Radar,42,55,33,0,130,0,2,118,0,120,42,57,151,0,250,58,2,60,310
07/13/2008,BTV,VT,ANE,EN,Combined TRACON& Tower with Radar,40,58,20,2,120,0,1,7,1,9,40,59,27,3,129,0,4,4,133
07/14/2008,BTV,VT,ANE,EN,Combined TRACON& Tower with Radar,40,79,21,5,145,0,4,82,11,97,40,83,103,16,242,136,0,136,378
07/15/2008,BTV,VT,ANE,EN,Combined TRACON& Tower with Radar,43,69,23,17,152,0,3,61,12,76,43,72,84,29,228,70,18,88,316
07/16/2008,BTV,VT,ANE,EN,Combined TRACON& Tower with Radar,51,89,44,15,199,2,27,131,18,178,53,116,175,33,377,142,8,150,527
07/17/2008,BTV,VT,ANE,EN,Combined TRACON& Tower with Radar,39,64,25,6,134,0,5,54,5,64,39,69,79,11,198,94,8,102,300
07/18/2008,BTV,VT,ANE,EN,Combined TRACON& Tower with Radar,43,66,26,3,138,0,3,27,0,30,43,69,53,3,168,114,0,114,282
07/19/2008,BTV,VT,ANE,EN,Combined TRACON& Tower with Radar,48,51,21,0,120,0,4,81,2,87,48,55,102,2,207,196,0,196,403
07/20/2008,BTV,VT,ANE,EN,Combined TRACON& Tower with Radar,45,64,38,0,147,0,0,0,0,0,45,64,38,0,147,0,0,0,147
07/21/2008,BTV,VT,ANE,EN,Combined TRACON& Tower with Radar,42,71,37,2,152,0,1,45,1,47,42,72,82,3,199,66,2,68,267
07/22/2008,BTV,VT,ANE,EN,Combined TRACON& Tower with Radar,39,71,20,18,148,0,3,33,8,44,39,74,53,26,192,164,0,164,356
07/23/2008,BTV,VT,ANE,EN,Combined TRACON& Tower with Radar,37,69,24,4,134,0,0,6,0,6,37,69,30,4,140,34,0,34,174
07/24/2008,BTV,VT,ANE,EN,Combined TRACON& Tower with Radar,47,83,21,8,159,0,0,14,3,17,47,83,35,11,176,114,0,114,290
07/25/2008,BTV,VT,ANE,EN,Combined TRACON& Tower with Radar,52,75,76,3,206,0,0,102,19,121,52,75,178,22,327,138,2,140,467
07/26/2008,BTV,VT,ANE,EN,Combined TRACON& Tower with Radar,44,66,24,4,138,0,3,63,0,66,44,69,87,4,204,154,6,160,364
07/27/2008,BTV,VT,ANE,EN,Combined TRACON& Tower with Radar,39,50,19,0,108,0,2,55,0,57,39,52,74,0,165,90,0,90,255
07/28/2008,BTV,VT,ANE,EN,Combined TRACON& Tower with Radar,40,76,13,7,136,0,0,23,9,32,40,76,36,16,168,44,2,46,214
07/29/2008,BTV,VT,ANE,EN,Combined TRACON& Tower with Radar,40,78,22,23,163,0,4,60,16,80,40,82,82,39,243,100,18,118,361
07/30/2008,BTV,VT,ANE,EN,Combined TRACON& Tower with Radar,44,90,40,8,182,0,5,57,17,79,44,95,97,25,261,104,0,104,365
07/31/2008,BTV,VT,ANE,EN,Combined TRACON& Tower with Radar,34,75,21,11,141,0,3,22,10,35,34,78,43,21,176,22,2,24,200
08/01/2008,BTV,VT,ANE,EN,Combined TRACON& Tower with Radar,45,80,27,7,159,0,0,18,12,30,45,80,45,19,189,8,2,10,199
08/02/2008,BTV,VT,ANE,EN,Combined TRACON& Tower with Radar,45,51,14,5,115,0,0,24,2,26,45,51,38,7,141,48,4,52,193
08/03/2008,BTV,VT,ANE,EN,Combined TRACON& Tower with Radar,38,63,30,6,137,0,0,2,1,3,38,63,32,7,140,0,0,0,140
08/04/2008,BTV,VT,ANE,EN,Combined TRACON& Tower with Radar,38,73,27,3,141,0,1,59,2,62,38,74,86,5,203,100,4,104,307
08/05/2008,BTV,VT,ANE,EN,Combined TRACON& Tower with Radar,42,71,33,8,154,0,1,54,10,65,42,72,87,18,219,58,2,60,279
08/06/2008,BTV,VT,ANE,EN,Combined TRACON& Tower with Radar,37,77,20,18,152,0,4,14,0,18,37,81,34,18,170,50,20,70,240
08/07/2008,BTV,VT,ANE,EN,Combined TRACON& Tower with Radar,38,76,25,10,149,0,1,29,26,56,38,77,54,36,205,112,14,126,331
08/08/2008,BTV,VT,ANE,EN,Combined TRACON& Tower with Radar,41,73,24,4,142,0,0,11,0,11,41,73,35,4,153,122,2,124,277
08/09/2008,BTV,VT,ANE,EN,Combined TRACON& Tower with Radar,37,59,20,8,124,0,0,74,4,78,37,59,94,12,202,56,0,56,258
08/10/2008,BTV,VT,ANE,EN,Combined TRACON& Tower with Radar,39,60,24,1,124,0,1,22,7,30,39,61,46,8,154,1,4,5,159
08/11/2008,BTV,VT,ANE,EN,Combined TRACON& Tower with Radar,35,55,19,35,144,0,1,9,3,13,35,56,28,38,157,148,62,210,367
08/12/2008,BTV,VT,ANE,EN,Combined TRACON& Tower with Radar,37,74,25,30,166,0,2,30,3,35,37,76,55,33,201,80,18,98,299
08/13/2008,BTV,VT,ANE,EN,Combined TRACON& Tower with Radar,39,77,38,38,192,0,0,56,8,64,39,77,94,46,256,64,14,78,334
08/14/2008,BTV,VT,ANE,EN,Combined TRACON& Tower with Radar,41,79,46,29,195,0,16,4,0,20,41,95,50,29,215,45,8,53,268
08/15/2008,BTV,VT,ANE,EN,Combined TRACON& Tower with Radar,39,69,56,24,188,0,1,52,15,68,39,70,108,39,256,38,26,64,320
08/16/2008,BTV,VT,ANE,EN,Combined TRACON& Tower with Radar,39,60,37,0,136,0,4,167,7,178,39,64,204,7,314,142,0,142,456
08/17/2008,BTV,VT,ANE,EN,Combined TRACON& Tower with Radar,47,65,57,2,171,0,2,153,2,157,47,67,210,4,328,29,0,29,357
08/18/2008,BTV,VT,ANE,EN,Combined TRACON& Tower with Radar,41,78,27,24,170,0,3,63,4,70,41,81,90,28,240,18,20,38,278
08/19/2008,BTV,VT,ANE,EN,Combined TRACON& Tower with Radar,38,71,26,23,158,0,0,49,14,63,38,71,75,37,221,154,42,196,417
08/20/2008,BTV,VT,ANE,EN,Combined TRACON& Tower with Radar,43,79,37,25,184,0,9,99,2,110,43,88,136,27,294,96,10,106,400
08/21/2008,BTV,VT,ANE,EN,Combined TRACON& Tower with Radar,43,74,21,20,158,0,6,126,29,161,43,80,147,49,319,86,6,92,411
08/22/2008,BTV,VT,ANE,EN,Combined TRACON& Tower with Radar,41,67,34,8,150,0,1,96,2,99,41,68,130,10,249,178,6,184,433
08/23/2008,BTV,VT,ANE,EN,Combined TRACON& Tower with Radar,40,50,21,3,114,0,6,94,2,102,40,56,115,5,216,90,0,90,306
08/24/2008,BTV,VT,ANE,EN,Combined TRACON& Tower with Radar,43,54,29,1,127,0,0,60,0,60,43,54,89,1,187,36,0,36,223
08/25/2008,BTV,VT,ANE,EN,Combined TRACON& Tower with Radar,39,70,20,10,139,0,7,36,6,49,39,77,56,16,188,58,12,70,258
08/26/2008,BTV,VT,ANE,EN,Combined TRACON& Tower with Radar,37,66,43,18,164,0,10,94,10,114,37,76,137,28,278,60,14,74,352
08/27/2008,BTV,VT,ANE,EN,Combined TRACON& Tower with Radar,42,66,31,12,151,0,3,116,14,133,42,69,147,26,284,102,30,132,416
08/28/2008,BTV,VT,ANE,EN,Combined TRACON& Tower with Radar,41,81,33,17,172,0,4,75,2,81,41,85,108,19,253,70,8,78,331
08/29/2008,BTV,VT,ANE,EN,Combined TRACON& Tower with Radar,46,70,42,0,158,0,0,32,3,35,46,70,74,3,193,48,0,48,241
08/30/2008,BTV,VT,ANE,EN,Combined TRACON& Tower with Radar,41,52,20,3,116,0,0,38,0,38,41,52,58,3,154,62,0,62,216
08/31/2008,BTV,VT,ANE,EN,Combined TRACON& Tower with Radar,40,51,23,0,114,0,4,72,0,76,40,55,95,0,190,60,0,60,250
09/01/2008,BTV,VT,ANE,EN,Combined TRACON& Tower with Radar,36,65,20,0,121,0,1,87,0,88,36,66,107,0,209,34,2,36,245
09/02/2008,BTV,VT,ANE,EN,Combined TRACON& Tower with Radar,37,80,29,11,157,0,5,59,9,73,37,85,88,20,230,42,10,52,282
09/03/2008,BTV,VT,ANE,EN,Combined TRACON& Tower with Radar,39,71,30,18,158,0,5,69,2,76,39,76,99,20,234,76,84,160,394
09/04/2008,BTV,VT,ANE,EN,Combined TRACON& Tower with Radar,46,70,43,16,175,0,3,45,7,55,46,73,88,23,230,30,16,46,276
09/05/2008,BTV,VT,ANE,EN,Combined TRACON& Tower with Radar,42,75,21,5,143,0,3,48,3,54,42,78,69,8,197,194,0,194,391
09/06/2008,BTV,VT,ANE,EN,Combined TRACON& Tower with Radar,40,47,10,1,98,0,0,9,2,11,40,47,19,3,109,0,0,0,109
09/07/2008,BTV,VT,ANE,EN,Combined TRACON& Tower with Radar,39,71,26,2,138,0,2,38,10,50,39,73,64,12,188,16,14,30,218
09/08/2008,BTV,VT,ANE,EN,Combined TRACON& Tower with Radar,41,68,23,6,138,1,2,45,0,48,42,70,68,6,186,52,30,82,268
09/09/2008,BTV,VT,ANE,EN,Combined TRACON& Tower with Radar,35,56,12,3,106,0,0,9,0,9,35,56,21,3,115,10,0,10,125
09/10/2008,BTV,VT,ANE,EN,Combined TRACON& Tower with Radar,35,79,83,29,226,0,5,58,4,67,35,84,141,33,293,20,72,92,385
09/11/2008,BTV,VT,ANE,EN,Combined TRACON& Tower with Radar,40,63,27,11,141,0,4,71,8,83,40,67,98,19,224,76,10,86,310
09/12/2008,BTV,VT,ANE,EN,Combined TRACON& Tower with Radar,36,58,23,13,130,0,0,14,2,16,36,58,37,15,146,19,22,41,187
09/13/2008,BTV,VT,ANE,EN,Combined TRACON& Tower with Radar,38,39,24,6,107,0,0,8,0,8,38,39,32,6,115,78,2,80,195
09/14/2008,BTV,VT,ANE,EN,Combined TRACON& Tower with Radar,43,64,14,4,125,0,0,11,0,11,43,64,25,4,136,46,0,46,182
09/15/2008,BTV,VT,ANE,EN,Combined TRACON& Tower with Radar,38,66,28,14,146,0,0,10,0,10,38,66,38,14,156,32,0,32,188
09/16/2008,BTV,VT,ANE,EN,Combined TRACON& Tower with Radar,42,72,23,29,166,0,7,55,12,74,42,79,78,41,240,120,12,132,372
09/17/2008,BTV,VT,ANE,EN,Combined TRACON& Tower with Radar,46,64,29,9,148,0,2,70,6,78,46,66,99,15,226,110,54,164,390
09/18/2008,BTV,VT,ANE,EN,Combined TRACON& Tower with Radar,45,69,30,16,160,0,4,61,19,84,45,73,91,35,244,24,5,29,273
09/19/2008,BTV,VT,ANE,EN,Combined TRACON& Tower with Radar,51,71,25,16,163,0,4,94,4,102,51,75,119,20,265,54,14,68,333
09/20/2008,BTV,VT,ANE,EN,Combined TRACON& Tower with Radar,35,48,13,2,98,0,1,42,4,47,35,49,55,6,145,34,4,38,183
09/21/2008,BTV,VT,ANE,EN,Combined TRACON& Tower with Radar,42,66,43,1,152,0,2,28,0,30,42,68,71,1,182,24,2,26,208
09/22/2008,BTV,VT,ANE,EN,Combined TRACON& Tower with Radar,36,80,23,22,161,0,10,71,4,85,36,90,94,26,246,26,38,64,310
09/23/2008,BTV,VT,ANE,EN,Combined TRACON& Tower with Radar,34,71,27,28,160,0,1,74,7,82,34,72,101,35,242,110,12,122,364
09/24/2008,BTV,VT,ANE,EN,Combined TRACON& Tower with Radar,39,86,20,30,175,0,3,68,5,76,39,89,88,35,251,100,40,140,391
09/25/2008,BTV,VT,ANE,EN,Combined TRACON& Tower with Radar,46,70,18,12,146,0,4,79,5,88,46,74,97,17,234,76,10,86,320
09/26/2008,BTV,VT,ANE,EN,Combined TRACON& Tower with Radar,41,64,20,3,128,0,1,47,3,51,41,65,67,6,179,56,0,56,235
09/27/2008,BTV,VT,ANE,EN,Combined TRACON& Tower with Radar,40,49,31,0,120,0,0,29,1,30,40,49,60,1,150,64,0,64,214
09/28/2008,BTV,VT,ANE,EN,Combined TRACON& Tower with Radar,36,65,24,0,125,0,0,2,0,2,36,65,26,0,127,4,0,4,131
09/29/2008,BTV,VT,ANE,EN,Combined TRACON& Tower with Radar,44,75,29,1,149,0,0,19,7,26,44,75,48,8,175,52,0,52,227
09/30/2008,BTV,VT,ANE,EN,Combined TRACON& Tower with Radar,35,72,37,6,150,0,1,26,4,31,35,73,63,10,181,56,4,60,241
10/01/2008,BTV,VT,ANE,EN,Combined TRACON& Tower with Radar,38,68,17,13,136,0,0,12,2,14,38,68,29,15,150,0,0,0,150
10/02/2008,BTV,VT,ANE,EN,Combined TRACON& Tower with Radar,40,72,22,14,148,0,1,22,0,23,40,73,44,14,171,100,4,104,275
10/03/2008,BTV,VT,ANE,EN,Combined TRACON& Tower with Radar,41,77,32,3,153,0,3,24,1,28,41,80,56,4,181,14,2,16,197
10/04/2008,BTV,VT,ANE,EN,Combined TRACON& Tower with Radar,37,56,24,14,131,0,0,47,4,51,37,56,71,18,182,50,38,88,270
10/05/2008,BTV,VT,ANE,EN,Combined TRACON& Tower with Radar,38,66,30,3,137,0,0,54,0,54,38,66,84,3,191,60,4,64,255
10/06/2008,BTV,VT,ANE,EN,Combined TRACON& Tower with Radar,37,63,46,17,163,0,0,37,0,37,37,63,83,17,200,58,18,76,276
10/07/2008,BTV,VT,ANE,EN,Combined TRACON& Tower with Radar,36,56,16,7,115,0,4,65,6,75,36,60,81,13,190,116,0,116,306
10/08/2008,BTV,VT,ANE,EN,Combined TRACON& Tower with Radar,37,63,29,40,169,0,7,70,1,78,37,70,99,41,247,72,64,136,383
10/09/2008,BTV,VT,ANE,EN,Combined TRACON& Tower with Radar,40,70,18,29,157,0,0,35,2,37,40,70,53,31,194,60,40,100,294
10/10/2008,BTV,VT,ANE,EN,Combined TRACON& Tower with Radar,41,71,33,8,153,0,1,61,2,64,41,72,94,10,217,20,8,28,245
10/11/2008,BTV,VT,ANE,EN,Combined TRACON& Tower with Radar,40,53,21,1,115,0,0,92,2,94,40,53,113,3,209,48,4,52,261
10/12/2008,BTV,VT,ANE,EN,Combined TRACON& Tower with Radar,39,61,18,0,118,0,2,71,2,75,39,63,89,2,193,24,2,26,219
10/13/2008,BTV,VT,ANE,EN,Combined TRACON& Tower with Radar,36,63,28,2,129,0,0,35,0,35,36,63,63,2,164,88,0,88,252
10/14/2008,BTV,VT,ANE,EN,Combined TRACON& Tower with Radar,37,77,21,21,156,0,0,28,5,33,37,77,49,26,189,26,26,52,241
10/15/2008,BTV,VT,ANE,EN,Combined TRACON& Tower with Radar,39,67,29,13,148,0,1,51,7,59,39,68,80,20,207,70,34,104,311
10/16/2008,BTV,VT,ANE,EN,Combined TRACON& Tower with Radar,38,66,34,17,155,0,1,6,5,12,38,67,40,22,167,40,14,54,221
10/17/2008,BTV,VT,ANE,EN,Combined TRACON& Tower with Radar,41,70,23,2,136,0,1,45,17,63,41,71,68,19,199,98,0,98,297
10/18/2008,BTV,VT,ANE,EN,Combined TRACON& Tower with Radar,38,44,24,3,109,0,0,60,11,71,38,44,84,14,180,96,18,114,294
10/19/2008,BTV,VT,ANE,EN,Combined TRACON& Tower with Radar,40,56,26,0,122,0,1,63,0,64,40,57,89,0,186,48,0,48,234
10/20/2008,BTV,VT,ANE,EN,Combined TRACON& Tower with Radar,37,67,28,7,139,0,2,45,5,52,37,69,73,12,191,18,10,28,219
10/21/2008,BTV,VT,ANE,EN,Combined TRACON& Tower with Radar,36,64,23,9,132,0,0,1,0,1,36,64,24,9,133,2,0,2,135
10/22/2008,BTV,VT,ANE,EN,Combined TRACON& Tower with Radar,35,60,26,23,144,0,0,4,0,4,35,60,30,23,148,16,10,26,174
10/23/2008,BTV,VT,ANE,EN,Combined TRACON& Tower with Radar,39,61,36,12,148,0,3,62,7,72,39,64,98,19,220,110,18,128,348
10/24/2008,BTV,VT,ANE,EN,Combined TRACON& Tower with Radar,41,66,30,6,143,0,0,58,1,59,41,66,88,7,202,94,10,104,306
10/25/2008,BTV,VT,ANE,EN,Combined TRACON& Tower with Radar,35,41,15,0,91,0,0,11,2,13,35,41,26,2,104,26,0,26,130
10/26/2008,BTV,VT,ANE,EN,Combined TRACON& Tower with Radar,37,55,29,0,121,0,0,34,0,34,37,55,63,0,155,8,0,8,163
10/27/2008,BTV,VT,ANE,EN,Combined TRACON& Tower with Radar,39,66,21,2,128,0,2,20,0,22,39,68,41,2,150,22,8,30,180
10/28/2008,BTV,VT,ANE,EN,Combined TRACON& Tower with Radar,37,50,16,8,111,0,0,0,0,0,37,50,16,8,111,0,10,10,121
10/29/2008,BTV,VT,ANE,EN,Combined TRACON& Tower with Radar,37,64,21,12,134,0,0,6,0,6,37,64,27,12,140,42,18,60,200
10/30/2008,BTV,VT,ANE,EN,Combined TRACON& Tower with Radar,37,68,20,22,147,0,0,15,4,19,37,68,35,26,166,88,10,98,264
10/31/2008,BTV,VT,ANE,EN,Combined TRACON& Tower with Radar,39,64,13,16,132,0,0,23,4,27,39,64,36,20,159,50,22,72,231
11/01/2008,BTV,VT,ANE,EN,Combined TRACON& Tower with Radar,32,46,13,11,102,0,1,41,8,50,32,47,54,19,152,112,10,122,274
11/02/2008,BTV,VT,ANE,EN,Combined TRACON& Tower with Radar,36,45,23,7,111,0,0,70,3,73,36,45,93,10,184,158,2,160,344
11/03/2008,BTV,VT,ANE,EN,Combined TRACON& Tower with Radar,34,63,18,2,117,0,0,2,4,6,34,63,20,6,123,50,2,52,175
11/04/2008,BTV,VT,ANE,EN,Combined TRACON& Tower with Radar,33,59,24,18,134,0,0,31,2,33,33,59,55,20,167,102,34,136,303
11/05/2008,BTV,VT,ANE,EN,Combined TRACON& Tower with Radar,29,75,27,46,177,0,1,38,3,42,29,76,65,49,219,80,106,186,405
11/06/2008,BTV,VT,ANE,EN,Combined TRACON& Tower with Radar,33,60,21,16,130,0,0,26,16,42,33,60,47,32,172,76,32,108,280
11/07/2008,BTV,VT,ANE,EN,Combined TRACON& Tower with Radar,37,64,32,31,164,0,0,12,7,19,37,64,44,38,183,118,34,152,335
11/08/2008,BTV,VT,ANE,EN,Combined TRACON& Tower with Radar,29,42,28,0,99,0,0,4,0,4,29,42,32,0,103,8,0,8,111
11/09/2008,BTV,VT,ANE,EN,Combined TRACON& Tower with Radar,34,47,19,0,100,0,0,23,0,23,34,47,42,0,123,66,0,66,189
11/10/2008,BTV,VT,ANE,EN,Combined TRACON& Tower with Radar,32,64,9,3,108,0,0,12,0,12,32,64,21,3,120,8,0,8,128
11/11/2008,BTV,VT,ANE,EN,Combined TRACON& Tower with Radar,32,60,30,2,124,0,0,21,0,21,32,60,51,2,145,240,0,240,385
11/12/2008,BTV,VT,ANE,EN,Combined TRACON& Tower with Radar,32,58,16,24,130,0,0,59,1,60,32,58,75,25,190,172,30,202,392
11/13/2008,BTV,VT,ANE,EN,Combined TRACON& Tower with Radar,31,64,16,27,138,0,0,12,1,13,31,64,28,28,151,0,8,8,159
11/14/2008,BTV,VT,ANE,EN,Combined TRACON& Tower with Radar,32,52,47,34,165,0,0,11,0,11,32,52,58,34,176,176,102,278,454
11/15/2008,BTV,VT,ANE,EN,Combined TRACON& Tower with Radar,30,39,11,0,80,0,0,0,0,0,30,39,11,0,80,16,0,16,96
11/16/2008,BTV,VT,ANE,EN,Combined TRACON& Tower with Radar,34,47,9,0,90,0,0,13,0,13,34,47,22,0,103,28,0,28,131
11/17/2008,BTV,VT,ANE,EN,Combined TRACON& Tower with Radar,33,59,22,4,118,0,0,23,4,27,33,59,45,8,145,22,22,44,189
11/18/2008,BTV,VT,ANE,EN,Combined TRACON& Tower with Radar,32,53,31,1,117,0,0,3,0,3,32,53,34,1,120,10,0,10,130
11/19/2008,BTV,VT,ANE,EN,Combined TRACON& Tower with Radar,33,60,19,14,126,0,0,13,3,16,33,60,32,17,142,34,0,34,176
11/20/2008,BTV,VT,ANE,EN,Combined TRACON& Tower with Radar,38,66,21,14,139,0,0,32,2,34,38,66,53,16,173,16,8,24,197
11/21/2008,BTV,VT,ANE,EN,Combined TRACON& Tower with Radar,36,70,32,2,140,0,0,9,1,10,36,70,41,3,150,146,4,150,300
11/22/2008,BTV,VT,ANE,EN,Combined TRACON& Tower with Radar,31,47,13,0,91,0,0,8,0,8,31,47,21,0,99,0,0,0,99
11/23/2008,BTV,VT,ANE,EN,Combined TRACON& Tower with Radar,34,50,13,0,97,0,1,39,0,40,34,51,52,0,137,54,0,54,191
11/24/2008,BTV,VT,ANE,EN,Combined TRACON& Tower with Radar,33,65,21,24,143,0,0,35,0,35,33,65,56,24,178,144,24,168,346
11/25/2008,BTV,VT,ANE,EN,Combined TRACON& Tower with Radar,37,66,15,10,128,0,0,0,0,0,37,66,15,10,128,42,8,50,178
11/26/2008,BTV,VT,ANE,EN,Combined TRACON& Tower with Radar,38,72,26,10,146,0,0,19,3,22,38,72,45,13,168,48,8,56,224
11/27/2008,BTV,VT,ANE,EN,Combined TRACON& Tower with Radar,20,33,7,0,60,0,0,6,2,8,20,33,13,2,68,12,0,12,80
11/28/2008,BTV,VT,ANE,EN,Combined TRACON& Tower with Radar,28,45,9,2,84,0,0,6,0,6,28,45,15,2,90,0,0,0,90
11/29/2008,BTV,VT,ANE,EN,Combined TRACON& Tower with Radar,31,59,19,0,109,0,0,40,0,40,31,59,59,0,149,104,0,104,253
11/30/2008,BTV,VT,ANE,EN,Combined TRACON& Tower with Radar,30,57,35,0,122,0,0,41,0,41,30,57,76,0,163,134,0,134,297
12/01/2008,BTV,VT,ANE,EN,Combined TRACON& Tower with Radar,33,59,11,3,106,0,0,6,0,6,33,59,17,3,112,0,0,0,112
12/02/2008,BTV,VT,ANE,EN,Combined TRACON& Tower with Radar,34,64,11,18,127,0,3,13,10,26,34,67,24,28,153,62,20,82,235
12/03/2008,BTV,VT,ANE,EN,Combined TRACON& Tower with Radar,34,72,16,9,131,0,0,30,10,40,34,72,46,19,171,116,16,132,303
12/04/2008,BTV,VT,ANE,EN,Combined TRACON& Tower with Radar,35,60,16,20,131,0,0,8,3,11,35,60,24,23,142,16,24,40,182
12/05/2008,BTV,VT,ANE,EN,Combined TRACON& Tower with Radar,37,60,7,14,118,0,0,27,11,38,37,60,34,25,156,0,54,54,210
12/06/2008,BTV,VT,ANE,EN,Combined TRACON& Tower with Radar,33,40,14,17,104,0,1,48,2,51,33,41,62,19,155,96,8,104,259
12/07/2008,BTV,VT,ANE,EN,Combined TRACON& Tower with Radar,32,46,6,3,87,0,0,1,0,1,32,46,7,3,88,0,0,0,88
12/08/2008,BTV,VT,ANE,EN,Combined TRACON& Tower with Radar,34,61,14,5,114,0,1,14,2,17,34,62,28,7,131,26,26,52,183
12/09/2008,BTV,VT,ANE,EN,Combined TRACON& Tower with Radar,31,67,8,3,109,0,3,4,0,7,31,70,12,3,116,4,2,6,122
12/10/2008,BTV,VT,ANE,EN,Combined TRACON& Tower with Radar,32,58,4,3,97,0,0,2,0,2,32,58,6,3,99,0,0,0,99
12/11/2008,BTV,VT,ANE,EN,Combined TRACON& Tower with Radar,29,62,6,5,102,0,0,0,0,0,29,62,6,5,102,0,0,0,102
12/12/2008,BTV,VT,ANE,EN,Combined TRACON& Tower with Radar,29,57,13,2,101,0,0,1,0,1,29,57,14,2,102,0,0,0,102
12/13/2008,BTV,VT,ANE,EN,Combined TRACON& Tower with Radar,34,44,19,1,98,0,0,32,1,33,34,44,51,2,131,194,0,194,325
12/14/2008,BTV,VT,ANE,EN,Combined TRACON& Tower with Radar,32,53,13,0,98,0,1,7,0,8,32,54,20,0,106,4,0,4,110
12/15/2008,BTV,VT,ANE,EN,Combined TRACON& Tower with Radar,34,63,9,3,109,0,1,4,0,5,34,64,13,3,114,0,0,0,114
12/16/2008,BTV,VT,ANE,EN,Combined TRACON& Tower with Radar,31,60,17,37,145,0,1,15,19,35,31,61,32,56,180,78,22,100,280
12/17/2008,BTV,VT,ANE,EN,Combined TRACON& Tower with Radar,33,65,11,12,121,0,0,1,0,1,33,65,12,12,122,0,0,0,122
12/18/2008,BTV,VT,ANE,EN,Combined TRACON& Tower with Radar,42,66,18,16,142,0,0,12,6,18,42,66,30,22,160,100,10,110,270
12/19/2008,BTV,VT,ANE,EN,Combined TRACON& Tower with Radar,27,44,13,4,88,0,0,4,0,4,27,44,17,4,92,18,0,18,110
12/20/2008,BTV,VT,ANE,EN,Combined TRACON& Tower with Radar,29,32,20,2,83,0,1,4,0,5,29,33,24,2,88,0,0,0,88
12/21/2008,BTV,VT,ANE,EN,Combined TRACON& Tower with Radar,16,14,4,0,34,0,0,0,0,0,16,14,4,0,34,0,0,0,34
12/22/2008,BTV,VT,ANE,EN,Combined TRACON& Tower with Radar,33,61,9,5,108,0,0,4,0,4,33,61,13,5,112,8,10,18,130
12/23/2008,BTV,VT,ANE,EN,Combined TRACON& Tower with Radar,37,67,22,17,143,0,4,23,12,39,37,71,45,29,182,34,46,80,262
12/24/2008,BTV,VT,ANE,EN,Combined TRACON& Tower with Radar,33,49,5,0,87,0,0,0,0,0,33,49,5,0,87,0,0,0,87
12/25/2008,BTV,VT,ANE,EN,Combined TRACON& Tower with Radar,33,37,8,0,78,0,0,0,0,0,33,37,8,0,78,0,0,0,78
12/26/2008,BTV,VT,ANE,EN,Combined TRACON& Tower with Radar,37,61,11,0,109,0,0,26,0,26,37,61,37,0,135,14,0,14,149
12/27/2008,BTV,VT,ANE,EN,Combined TRACON& Tower with Radar,30,47,7,0,84,0,0,0,0,0,30,47,7,0,84,0,0,0,84
12/28/2008,BTV,VT,ANE,EN,Combined TRACON& Tower with Radar,37,46,9,0,92,0,0,0,0,0,37,46,9,0,92,0,0,0,92
12/29/2008,BTV,VT,ANE,EN,Combined TRACON& Tower with Radar,38,54,16,11,119,0,0,25,0,25,38,54,41,11,144,88,18,106,250
12/30/2008,BTV,VT,ANE,EN,Combined TRACON& Tower with Radar,37,53,13,10,113,0,1,10,6,17,37,54,23,16,130,16,10,26,156
12/31/2008,BTV,VT,ANE,EN,Combined TRACON& Tower with Radar,37,44,4,0,85,0,0,0,0,0,37,44,4,0,85,0,0,0,85
01/01/2009,BTV,VT,ANE,EN,Combined TRACON& Tower with Radar,34,39,9,0,82,0,1,9,0,10,34,40,18,0,92,0,0,0,92
01/02/2009,BTV,VT,ANE,EN,Combined TRACON& Tower with Radar,39,50,17,0,106,0,0,5,0,5,39,50,22,0,111,40,0,40,151
01/03/2009,BTV,VT,ANE,EN,Combined TRACON& Tower with Radar,35,42,8,6,91,0,0,17,0,17,35,42,25,6,108,36,8,44,152
01/04/2009,BTV,VT,ANE,EN,Combined TRACON& Tower with Radar,37,53,22,1,113,0,1,58,1,60,37,54,80,2,173,92,0,92,265
01/05/2009,BTV,VT,ANE,EN,Combined TRACON& Tower with Radar,42,48,5,3,98,0,0,6,0,6,42,48,11,3,104,0,0,0,104
01/06/2009,BTV,VT,ANE,EN,Combined TRACON& Tower with Radar,31,51,10,9,101,0,0,40,7,47,31,51,50,16,148,18,0,18,166
01/07/2009,BTV,VT,ANE,EN,Combined TRACON& Tower with Radar,32,39,2,0,73,0,0,0,0,0,32,39,2,0,73,0,0,0,73
01/08/2009,BTV,VT,ANE,EN,Combined TRACON& Tower with Radar,36,52,6,0,94,0,0,2,4,6,36,52,8,4,100,0,0,0,100
01/09/2009,BTV,VT,ANE,EN,Combined TRACON& Tower with Radar,38,55,18,15,126,0,1,29,4,34,38,56,47,19,160,10,16,26,186
01/10/2009,BTV,VT,ANE,EN,Combined TRACON& Tower with Radar,31,31,18,7,87,0,1,34,12,47,31,32,52,19,134,82,16,98,232
01/11/2009,BTV,VT,ANE,EN,Combined TRACON& Tower with Radar,33,40,9,2,84,0,0,4,0,4,33,40,13,2,88,0,0,0,88
01/12/2009,BTV,VT,ANE,EN,Combined TRACON& Tower with Radar,37,52,19,3,111,0,1,21,0,22,37,53,40,3,133,50,0,50,183
01/13/2009,BTV,VT,ANE,EN,Combined TRACON& Tower with Radar,35,60,5,0,100,0,0,5,7,12,35,60,10,7,112,4,0,4,116
01/14/2009,BTV,VT,ANE,EN,Combined TRACON& Tower with Radar,36,54,15,34,139,0,2,17,6,25,36,56,32,40,164,48,18,66,230
01/15/2009,BTV,VT,ANE,EN,Combined TRACON& Tower with Radar,33,46,7,12,98,0,1,4,3,8,33,47,11,15,106,10,10,20,126
01/16/2009,BTV,VT,ANE,EN,Combined TRACON& Tower with Radar,39,56,17,16,128,0,0,2,1,3,39,56,19,17,131,16,32,48,179
01/17/2009,BTV,VT,ANE,EN,Combined TRACON& Tower with Radar,32,33,9,0,74,0,0,24,0,24,32,33,33,0,98,2,18,20,118
01/18/2009,BTV,VT,ANE,EN,Combined TRACON& Tower with Radar,26,43,15,0,84,0,0,2,0,2,26,43,17,0,86,0,0,0,86
01/19/2009,BTV,VT,ANE,EN,Combined TRACON& Tower with Radar,36,49,21,3,109,0,0,2,0,2,36,49,23,3,111,0,0,0,111
01/20/2009,BTV,VT,ANE,EN,Combined TRACON& Tower with Radar,38,50,21,18,127,0,0,12,2,14,38,50,33,20,141,46,30,76,217
01/21/2009,BTV,VT,ANE,EN,Combined TRACON& Tower with Radar,40,54,12,6,112,0,0,18,0,18,40,54,30,6,130,22,4,26,156
01/22/2009,BTV,VT,ANE,EN,Combined TRACON& Tower with Radar,39,55,21,18,133,0,0,1,1,2,39,55,22,19,135,12,20,32,167
01/23/2009,BTV,VT,ANE,EN,Combined TRACON& Tower with Radar,40,53,23,9,125,0,0,1,0,1,40,53,24,9,126,52,6,58,184
01/24/2009,BTV,VT,ANE,EN,Combined TRACON& Tower with Radar,32,31,7,0,70,0,0,10,0,10,32,31,17,0,80,14,0,14,94
01/25/2009,BTV,VT,ANE,EN,Combined TRACON& Tower with Radar,34,51,17,1,103,0,0,11,0,11,34,51,28,1,114,0,0,0,114
01/26/2009,BTV,VT,ANE,EN,Combined TRACON& Tower with Radar,38,45,10,7,100,0,0,21,1,22,38,45,31,8,122,86,20,106,228
01/27/2009,BTV,VT,ANE,EN,Combined TRACON& Tower with Radar,37,53,8,20,118,0,0,29,10,39,37,53,37,30,157,20,28,48,205
01/28/2009,BTV,VT,ANE,EN,Combined TRACON& Tower with Radar,26,28,3,0,57,0,0,0,0,0,26,28,3,0,57,0,0,0,57
01/29/2009,BTV,VT,ANE,EN,Combined TRACON& Tower with Radar,39,52,16,5,112,0,0,10,6,16,39,52,26,11,128,24,4,28,156
01/30/2009,BTV,VT,ANE,EN,Combined TRACON& Tower with Radar,42,57,17,9,125,0,0,17,3,20,42,57,34,12,145,76,24,100,245
01/31/2009,BTV,VT,ANE,EN,Combined TRACON& Tower with Radar,32,32,4,4,72,0,0,29,2,31,32,32,33,6,103,94,0,94,197
02/01/2009,BTV,VT,ANE,EN,Combined TRACON& Tower with Radar,33,44,19,0,96,0,0,8,2,10,33,44,27,2,106,38,0,38,144
02/02/2009,BTV,VT,ANE,EN,Combined TRACON& Tower with Radar,37,49,13,6,105,0,0,24,0,24,37,49,37,6,129,0,0,0,129
02/03/2009,BTV,VT,ANE,EN,Combined TRACON& Tower with Radar,32,41,13,35,121,0,0,19,1,20,32,41,32,36,141,42,88,130,271
02/04/2009,BTV,VT,ANE,EN,Combined TRACON& Tower with Radar,38,52,6,30,126,0,3,30,6,39,38,55,36,36,165,28,76,104,269
02/05/2009,BTV,VT,ANE,EN,Combined TRACON& Tower with Radar,39,51,20,25,135,0,0,15,10,25,39,51,35,35,160,4,28,32,192
02/06/2009,BTV,VT,ANE,EN,Combined TRACON& Tower with Radar,40,53,23,8,124,0,2,23,7,32,40,55,46,15,156,122,18,140,296
02/07/2009,BTV,VT,ANE,EN,Combined TRACON& Tower with Radar,33,32,16,7,88,0,0,18,7,25,33,32,34,14,113,86,22,108,221
02/08/2009,BTV,VT,ANE,EN,Combined TRACON& Tower with Radar,31,54,6,10,101,0,0,3,2,5,31,54,9,12,106,4,6,10,116
02/09/2009,BTV,VT,ANE,EN,Combined TRACON& Tower with Radar,39,49,13,10,111,0,0,28,2,30,39,49,41,12,141,70,42,112,253
02/10/2009,BTV,VT,ANE,EN,Combined TRACON& Tower with Radar,38,47,8,11,104,0,0,4,3,7,38,47,12,14,111,6,14,20,131
02/11/2009,BTV,VT,ANE,EN,Combined TRACON& Tower with Radar,40,57,16,17,130,0,0,14,0,14,40,57,30,17,144,54,32,86,230
02/12/2009,BTV,VT,ANE,EN,Combined TRACON& Tower with Radar,33,51,11,14,109,0,0,4,0,4,33,51,15,14,113,0,4,4,117
02/13/2009,BTV,VT,ANE,EN,Combined TRACON& Tower with Radar,34,62,18,15,129,0,1,16,0,17,34,63,34,15,146,34,24,58,204
02/14/2009,BTV,VT,ANE,EN,Combined TRACON& Tower with Radar,33,30,9,3,75,0,0,66,0,66,33,30,75,3,141,42,6,48,189
02/15/2009,BTV,VT,ANE,EN,Combined TRACON& Tower with Radar,35,47,23,0,105,0,1,47,0,48,35,48,70,0,153,144,0,144,297
02/16/2009,BTV,VT,ANE,EN,Combined TRACON& Tower with Radar,37,54,33,5,129,0,1,23,1,25,37,55,56,6,154,100,0,100,254
02/17/2009,BTV,VT,ANE,EN,Combined TRACON& Tower with Radar,37,63,18,20,138,0,0,52,6,58,37,63,70,26,196,52,30,82,278
02/18/2009,BTV,VT,ANE,EN,Combined TRACON& Tower with Radar,35,51,19,9,114,0,0,21,5,26,35,51,40,14,140,10,28,38,178
02/19/2009,BTV,VT,ANE,EN,Combined TRACON& Tower with Radar,38,60,19,7,124,0,0,0,0,0,38,60,19,7,124,40,0,40,164
02/20/2009,BTV,VT,ANE,EN,Combined TRACON& Tower with Radar,36,57,25,6,124,0,2,4,0,6,36,59,29,6,130,32,0,32,162
02/21/2009,BTV,VT,ANE,EN,Combined TRACON& Tower with Radar,32,37,20,0,89,0,0,42,2,44,32,37,62,2,133,96,2,98,231
02/22/2009,BTV,VT,ANE,EN,Combined TRACON& Tower with Radar,28,43,8,0,79,0,0,0,0,0,28,43,8,0,79,0,0,0,79
02/23/2009,BTV,VT,ANE,EN,Combined TRACON& Tower with Radar,38,59,12,5,114,0,0,0,0,0,38,59,12,5,114,0,0,0,114
02/24/2009,BTV,VT,ANE,EN,Combined TRACON& Tower with Radar,38,56,14,19,127,0,0,27,7,34,38,56,41,26,161,8,63,71,232
02/25/2009,BTV,VT,ANE,EN,Combined TRACON& Tower with Radar,38,50,17,16,121,0,2,42,6,50,38,52,59,22,171,26,30,56,227
02/26/2009,BTV,VT,ANE,EN,Combined TRACON& Tower with Radar,38,60,13,8,119,0,2,17,5,24,38,62,30,13,143,66,2,68,211
02/27/2009,BTV,VT,ANE,EN,Combined TRACON& Tower with Radar,37,55,9,4,105,0,0,2,0,2,37,55,11,4,107,0,0,0,107
02/28/2009,BTV,VT,ANE,EN,Combined TRACON& Tower with Radar,34,39,12,1,86,0,0,41,0,41,34,39,53,1,127,42,0,42,169
03/01/2009,BTV,VT,ANE,EN,Combined TRACON& Tower with Radar,32,47,21,3,103,0,1,9,0,10,32,48,30,3,113,82,0,82,195
03/02/2009,BTV,VT,ANE,EN,Combined TRACON& Tower with Radar,33,19,9,2,63,0,0,1,0,1,33,19,10,2,64,0,0,0,64
03/03/2009,BTV,VT,ANE,EN,Combined TRACON& Tower with Radar,39,49,12,6,106,0,0,18,4,22,39,49,30,10,128,42,8,50,178
03/04/2009,BTV,VT,ANE,EN,Combined TRACON& Tower with Radar,42,46,10,10,108,0,0,29,5,34,42,46,39,15,142,70,18,88,230
03/05/2009,BTV,VT,ANE,EN,Combined TRACON& Tower with Radar,41,50,10,16,117,0,0,32,1,33,41,50,42,17,150,84,28,112,262
03/06/2009,BTV,VT,ANE,EN,Combined TRACON& Tower with Radar,44,51,10,4,109,0,0,1,0,1,44,51,11,4,110,0,0,0,110
03/07/2009,BTV,VT,ANE,EN,Combined TRACON& Tower with Radar,35,30,21,0,86,0,1,42,8,51,35,31,63,8,137,266,0,266,403
03/08/2009,BTV,VT,ANE,EN,Combined TRACON& Tower with Radar,37,40,7,2,86,0,0,9,0,9,37,40,16,2,95,56,8,64,159
03/09/2009,BTV,VT,ANE,EN,Combined TRACON& Tower with Radar,40,47,8,3,98,0,0,3,0,3,40,47,11,3,101,0,0,0,101
03/10/2009,BTV,VT,ANE,EN,Combined TRACON& Tower with Radar,42,48,19,18,127,0,0,18,2,20,42,48,37,20,147,12,0,12,159
03/11/2009,BTV,VT,ANE,EN,Combined TRACON& Tower with Radar,45,43,7,4,99,0,1,0,0,1,45,44,7,4,100,0,0,0,100
03/12/2009,BTV,VT,ANE,EN,Combined TRACON& Tower with Radar,40,49,17,16,122,0,1,20,7,28,40,50,37,23,150,68,22,90,240
03/13/2009,BTV,VT,ANE,EN,Combined TRACON& Tower with Radar,40,44,18,12,114,0,1,55,4,60,40,45,73,16,174,70,32,102,276
03/14/2009,BTV,VT,ANE,EN,Combined TRACON& Tower with Radar,34,35,23,11,103,0,1,74,5,80,34,36,97,16,183,92,16,108,291
03/15/2009,BTV,VT,ANE,EN,Combined TRACON& Tower with Radar,37,41,9,3,90,0,1,73,2,76,37,42,82,5,166,168,6,174,340
03/16/2009,BTV,VT,ANE,EN,Combined TRACON& Tower with Radar,42,46,20,6,114,0,3,49,0,52,42,49,69,6,166,86,14,100,266
03/17/2009,BTV,VT,ANE,EN,Combined TRACON& Tower with Radar,42,45,31,28,146,0,2,51,4,57,42,47,82,32,203,48,23,71,274
03/18/2009,BTV,VT,ANE,EN,Combined TRACON& Tower with Radar,41,45,20,23,129,0,1,13,0,14,41,46,33,23,143,48,28,76,219
03/19/2009,BTV,VT,ANE,EN,Combined TRACON& Tower with Radar,40,46,17,21,124,0,2,16,7,25,40,48,33,28,149,78,30,108,257
03/20/2009,BTV,VT,ANE,EN,Combined TRACON& Tower with Radar,41,45,24,3,113,0,0,30,1,31,41,45,54,4,144,82,8,90,234
03/21/2009,BTV,VT,ANE,EN,Combined TRACON& Tower with Radar,35,40,18,1,94,0,2,75,0,77,35,42,93,1,171,82,0,82,253
03/22/2009,BTV,VT,ANE,EN,Combined TRACON& Tower with Radar,38,49,19,1,107,0,0,6,0,6,38,49,25,1,113,0,0,0,113
03/23/2009,BTV,VT,ANE,EN,Combined TRACON& Tower with Radar,41,46,7,6,100,0,0,9,5,14,41,46,16,11,114,46,4,50,164
03/24/2009,BTV,VT,ANE,EN,Combined TRACON& Tower with Radar,42,47,9,12,110,0,0,29,7,36,42,47,38,19,146,16,10,26,172
03/25/2009,BTV,VT,ANE,EN,Combined TRACON& Tower with Radar,42,52,17,5,116,0,1,80,4,85,42,53,97,9,201,88,22,110,311
03/26/2009,BTV,VT,ANE,EN,Combined TRACON& Tower with Radar,38,42,5,5,90,0,0,19,2,21,38,42,24,7,111,2,0,2,113
03/27/2009,BTV,VT,ANE,EN,Combined TRACON& Tower with Radar,45,52,20,1,118,0,3,31,0,34,45,55,51,1,152,82,12,94,246
03/28/2009,BTV,VT,ANE,EN,Combined TRACON& Tower with Radar,33,38,21,0,92,0,0,70,0,70,33,38,91,0,162,110,0,110,272
03/29/2009,BTV,VT,ANE,EN,Combined TRACON& Tower with Radar,32,41,11,0,84,0,0,0,0,0,32,41,11,0,84,0,0,0,84
03/30/2009,BTV,VT,ANE,EN,Combined TRACON& Tower with Radar,51,50,19,5,125,0,0,9,0,9,51,50,28,5,134,60,2,62,196
03/31/2009,BTV,VT,ANE,EN,Combined TRACON& Tower with Radar,57,68,17,24,166,0,2,65,17,84,57,70,82,41,250,102,34,136,386
04/01/2009,BTV,VT,ANE,EN,Combined TRACON& Tower with Radar,39,49,8,8,104,0,0,19,2,21,39,49,27,10,125,6,10,16,141
04/02/2009,BTV,VT,ANE,EN,Combined TRACON& Tower with Radar,38,51,22,12,123,0,0,40,2,42,38,51,62,14,165,80,28,108,273
04/03/2009,BTV,VT,ANE,EN,Combined TRACON& Tower with Radar,37,40,15,2,94,0,0,6,2,8,37,40,21,4,102,34,0,34,136
04/04/2009,BTV,VT,ANE,EN,Combined TRACON& Tower with Radar,31,41,11,8,91,0,0,1,0,1,31,41,12,8,92,0,0,0,92
04/05/2009,BTV,VT,ANE,EN,Combined TRACON& Tower with Radar,32,50,8,5,95,0,0,20,0,20,32,50,28,5,115,42,14,56,171
04/06/2009,BTV,VT,ANE,EN,Combined TRACON& Tower with Radar,31,45,17,1,94,0,0,5,0,5,31,45,22,1,99,30,0,30,129
04/07/2009,BTV,VT,ANE,EN,Combined TRACON& Tower with Radar,35,49,11,14,109,0,0,2,0,2,35,49,13,14,111,0,0,0,111
04/08/2009,BTV,VT,ANE,EN,Combined TRACON& Tower with Radar,38,63,18,9,128,0,1,7,0,8,38,64,25,9,136,40,10,50,186
04/09/2009,BTV,VT,ANE,EN,Combined TRACON& Tower with Radar,39,58,6,31,134,0,0,23,14,37,39,58,29,45,171,34,64,98,269
04/10/2009,BTV,VT,ANE,EN,Combined TRACON& Tower with Radar,35,49,19,7,110,0,1,50,6,57,35,50,69,13,167,174,12,186,353
04/11/2009,BTV,VT,ANE,EN,Combined TRACON& Tower with Radar,29,40,11,3,83,0,3,36,4,43,29,43,47,7,126,0,0,0,126
04/12/2009,BTV,VT,ANE,EN,Combined TRACON& Tower with Radar,31,47,15,0,93,0,1,6,0,7,31,48,21,0,100,0,0,0,100
04/13/2009,BTV,VT,ANE,EN,Combined TRACON& Tower with Radar,35,49,16,13,113,0,0,36,0,36,35,49,52,13,149,30,26,56,205
04/14/2009,BTV,VT,ANE,EN,Combined TRACON& Tower with Radar,35,46,17,14,112,0,2,49,13,64,35,48,66,27,176,48,24,72,248
04/15/2009,BTV,VT,ANE,EN,Combined TRACON& Tower with Radar,38,48,19,18,123,0,2,63,8,73,38,50,82,26,196,100,16,116,312
04/16/2009,BTV,VT,ANE,EN,Combined TRACON& Tower with Radar,38,53,21,10,122,0,2,47,2,51,38,55,68,12,173,42,24,66,239
04/17/2009,BTV,VT,ANE,EN,Combined TRACON& Tower with Radar,37,57,22,5,121,0,0,54,4,58,37,57,76,9,179,44,16,60,239
04/18/2009,BTV,VT,ANE,EN,Combined TRACON& Tower with Radar,30,39,16,2,87,0,2,11,0,13,30,41,27,2,100,32,0,32,132
04/19/2009,BTV,VT,ANE,EN,Combined TRACON& Tower with Radar,31,48,18,0,97,0,1,56,2,59,31,49,74,2,156,24,0,24,180
04/20/2009,BTV,VT,ANE,EN,Combined TRACON& Tower with Radar,32,47,15,20,114,0,0,13,3,16,32,47,28,23,130,8,24,32,162
04/21/2009,BTV,VT,ANE,EN,Combined TRACON& Tower with Radar,34,46,22,20,122,0,0,4,0,4,34,46,26,20,126,30,4,34,160
04/22/2009,BTV,VT,ANE,EN,Combined TRACON& Tower with Radar,37,49,30,20,136,0,0,16,1,17,37,49,46,21,153,32,46,78,231
04/23/2009,BTV,VT,ANE,EN,Combined TRACON& Tower with Radar,37,52,19,23,131,0,2,18,4,24,37,54,37,27,155,40,64,104,259
04/24/2009,BTV,VT,ANE,EN,Combined TRACON& Tower with Radar,38,61,17,5,121,0,2,75,1,78,38,63,92,6,199,96,26,122,321
04/25/2009,BTV,VT,ANE,EN,Combined TRACON& Tower with Radar,28,40,9,2,79,0,1,31,1,33,28,41,40,3,112,4,0,4,116
04/26/2009,BTV,VT,ANE,EN,Combined TRACON& Tower with Radar,32,44,21,0,97,0,0,11,2,13,32,44,32,2,110,16,0,16,126
04/27/2009,BTV,VT,ANE,EN,Combined TRACON& Tower with Radar,39,47,11,6,103,0,2,35,2,39,39,49,46,8,142,2,4,6,148
04/28/2009,BTV,VT,ANE,EN,Combined TRACON& Tower with Radar,37,49,19,17,122,0,0,14,2,16,37,49,33,19,138,22,0,22,160
04/29/2009,BTV,VT,ANE,EN,Combined TRACON& Tower with Radar,38,54,20,18,130,0,1,60,6,67,38,55,80,24,197,34,52,86,283
04/30/2009,BTV,VT,ANE,EN,Combined TRACON& Tower with Radar,39,52,19,25,135,0,0,37,5,42,39,52,56,30,177,0,0,0,177
05/01/2009,BTV,VT,ANE,EN,Combined TRACON& Tower with Radar,31,47,12,1,91,0,0,6,0,6,31,47,18,1,97,66,44,110,207
05/02/2009,BTV,VT,ANE,EN,Combined TRACON& Tower with Radar,32,45,6,19,102,0,1,25,4,30,32,46,31,23,132,94,30,124,256
05/03/2009,BTV,VT,ANE,EN,Combined TRACON& Tower with Radar,35,49,17,11,112,0,0,32,12,44,35,49,49,23,156,108,6,114,270
05/04/2009,BTV,VT,ANE,EN,Combined TRACON& Tower with Radar,33,51,14,2,100,0,2,47,3,52,33,53,61,5,152,100,6,106,258
05/05/2009,BTV,VT,ANE,EN,Combined TRACON& Tower with Radar,37,51,17,13,118,0,0,18,4,22,37,51,35,17,140,66,16,82,222
05/06/2009,BTV,VT,ANE,EN,Combined TRACON& Tower with Radar,37,46,31,13,127,0,0,16,1,17,37,46,47,14,144,110,18,128,272
05/07/2009,BTV,VT,ANE,EN,Combined TRACON& Tower with Radar,37,52,31,13,133,0,0,2,0,2,37,52,33,13,135,16,0,16,151
05/08/2009,BTV,VT,ANE,EN,Combined TRACON& Tower with Radar,41,58,12,5,116,0,0,30,3,33,41,58,42,8,149,64,0,64,213
05/09/2009,BTV,VT,ANE,EN,Combined TRACON& Tower with Radar,33,40,17,1,91,0,0,12,0,12,33,40,29,1,103,8,0,8,111
05/10/2009,BTV,VT,ANE,EN,Combined TRACON& Tower with Radar,36,51,9,1,97,0,0,5,2,7,36,51,14,3,104,0,0,0,104
05/11/2009,BTV,VT,ANE,EN,Combined TRACON& Tower with Radar,39,45,20,6,110,0,0,57,1,58,39,45,77,7,168,114,6,120,288
05/12/2009,BTV,VT,ANE,EN,Combined TRACON& Tower with Radar,38,55,18,13,124,0,0,54,14,68,38,55,72,27,192,36,40,76,268
05/13/2009,BTV,VT,ANE,EN,Combined TRACON& Tower with Radar,39,49,16,6,110,0,2,53,7,62,39,51,69,13,172,48,12,60,232
05/14/2009,BTV,VT,ANE,EN,Combined TRACON& Tower with Radar,38,55,15,0,108,0,1,2,0,3,38,56,17,0,111,0,0,0,111
05/15/2009,BTV,VT,ANE,EN,Combined TRACON& Tower with Radar,43,56,17,12,128,0,2,67,4,73,43,58,84,16,201,82,18,100,301
05/16/2009,BTV,VT,ANE,EN,Combined TRACON& Tower with Radar,32,39,15,2,88,0,1,19,0,20,32,40,34,2,108,0,0,0,108
05/17/2009,BTV,VT,ANE,EN,Combined TRACON& Tower with Radar,37,48,22,0,107,0,0,16,0,16,37,48,38,0,123,0,0,0,123
05/18/2009,BTV,VT,ANE,EN,Combined TRACON& Tower with Radar,40,48,25,11,124,0,1,41,11,53,40,49,66,22,177,30,8,38,215
05/19/2009,BTV,VT,ANE,EN,Combined TRACON& Tower with Radar,36,51,22,23,132,0,0,32,18,50,36,51,54,41,182,54,40,94,276
05/20/2009,BTV,VT,ANE,EN,Combined TRACON& Tower with Radar,36,50,16,11,113,0,0,38,11,49,36,50,54,22,162,10,4,14,176
05/21/2009,BTV,VT,ANE,EN,Combined TRACON& Tower with Radar,39,54,18,12,123,0,2,36,6,44,39,56,54,18,167,28,26,54,221
05/22/2009,BTV,VT,ANE,EN,Combined TRACON& Tower with Radar,40,53,30,0,123,0,2,48,0,50,40,55,78,0,173,38,6,44,217
05/23/2009,BTV,VT,ANE,EN,Combined TRACON& Tower with Radar,28,33,28,0,89,0,0,44,0,44,28,33,72,0,133,28,0,28,161
05/24/2009,BTV,VT,ANE,EN,Combined TRACON& Tower with Radar,20,46,22,0,88,0,1,27,0,28,20,47,49,0,116,10,0,10,126
05/25/2009,BTV,VT,ANE,EN,Combined TRACON& Tower with Radar,35,50,18,1,104,0,2,44,1,47,35,52,62,2,151,8,4,12,163
05/26/2009,BTV,VT,ANE,EN,Combined TRACON& Tower with Radar,36,50,28,8,122,0,1,51,9,61,36,51,79,17,183,116,18,134,317
05/27/2009,BTV,VT,ANE,EN,Combined TRACON& Tower with Radar,37,50,26,13,126,0,0,2,0,2,37,50,28,13,128,44,8,52,180
05/28/2009,BTV,VT,ANE,EN,Combined TRACON& Tower with Radar,40,51,28,2,121,0,0,3,0,3,40,51,31,2,124,16,4,20,144
05/29/2009,BTV,VT,ANE,EN,Combined TRACON& Tower with Radar,36,47,45,0,128,0,1,4,0,5,36,48,49,0,133,26,0,26,159
05/30/2009,BTV,VT,ANE,EN,Combined TRACON& Tower with Radar,29,44,16,2,91,0,1,23,0,24,29,45,39,2,115,98,0,98,213
05/31/2009,BTV,VT,ANE,EN,Combined TRACON& Tower with Radar,33,47,16,2,98,0,3,14,1,18,33,50,30,3,116,0,0,0,116
06/01/2009,BTV,VT,ANE,EN,Combined TRACON& Tower with Radar,37,50,17,7,111,0,0,51,15,66,37,50,68,22,177,76,6,82,259
06/02/2009,BTV,VT,ANE,EN,Combined TRACON& Tower with Radar,38,54,14,7,113,0,0,38,16,54,38,54,52,23,167,106,68,174,341
06/03/2009,BTV,VT,ANE,EN,Combined TRACON& Tower with Radar,39,58,34,4,135,0,4,49,15,68,39,62,83,19,203,46,0,46,249
06/04/2009,BTV,VT,ANE,EN,Combined TRACON& Tower with Radar,37,55,10,1,103,0,1,53,16,70,37,56,63,17,173,134,6,140,313
06/05/2009,BTV,VT,ANE,EN,Combined TRACON& Tower with Radar,34,56,14,19,123,0,1,43,12,56,34,57,57,31,179,56,38,94,273
06/06/2009,BTV,VT,ANE,EN,Combined TRACON& Tower with Radar,34,43,34,30,141,0,0,46,15,61,34,43,80,45,202,54,18,72,274
06/07/2009,BTV,VT,ANE,EN,Combined TRACON& Tower with Radar,34,52,20,0,106,0,0,48,5,53,34,52,68,5,159,24,0,24,183
06/08/2009,BTV,VT,ANE,EN,Combined TRACON& Tower with Radar,38,53,13,18,122,0,1,29,10,40,38,54,42,28,162,20,16,36,198
06/09/2009,BTV,VT,ANE,EN,Combined TRACON& Tower with Radar,32,42,22,17,113,0,0,4,2,6,32,42,26,19,119,54,18,72,191
06/10/2009,BTV,VT,ANE,EN,Combined TRACON& Tower with Radar,38,54,28,20,140,0,2,17,11,30,38,56,45,31,170,48,60,108,278
06/11/2009,BTV,VT,ANE,EN,Combined TRACON& Tower with Radar,38,46,24,19,127,0,1,3,0,4,38,47,27,19,131,2,36,38,169
06/12/2009,BTV,VT,ANE,EN,Combined TRACON& Tower with Radar,46,71,31,6,154,0,0,12,1,13,46,71,43,7,167,0,0,0,167
06/13/2009,BTV,VT,ANE,EN,Combined TRACON& Tower with Radar,38,44,23,2,107,0,1,53,9,63,38,45,76,11,170,42,0,42,212
06/14/2009,BTV,VT,ANE,EN,Combined TRACON& Tower with Radar,38,47,18,4,107,0,1,30,21,52,38,48,48,25,159,48,0,48,207
06/15/2009,BTV,VT,ANE,EN,Combined TRACON& Tower with Radar,36,53,27,23,139,0,0,10,9,19,36,53,37,32,158,30,20,50,208
06/16/2009,BTV,VT,ANE,EN,Combined TRACON& Tower with Radar,37,56,20,7,120,0,1,31,17,49,37,57,51,24,169,114,24,138,307
06/17/2009,BTV,VT,ANE,EN,Combined TRACON& Tower with Radar,38,63,32,20,153,0,1,68,15,84,38,64,100,35,237,34,32,66,303
06/18/2009,BTV,VT,ANE,EN,Combined TRACON& Tower with Radar,33,54,25,9,121,0,0,3,0,3,33,54,28,9,124,8,0,8,132
06/19/2009,BTV,VT,ANE,EN,Combined TRACON& Tower with Radar,37,54,32,7,130,0,0,4,0,4,37,54,36,7,134,84,4,88,222
06/20/2009,BTV,VT,ANE,EN,Combined TRACON& Tower with Radar,37,48,33,2,120,0,0,13,0,13,37,48,46,2,133,86,2,88,221
06/21/2009,BTV,VT,ANE,EN,Combined TRACON& Tower with Radar,41,47,20,2,110,0,0,9,4,13,41,47,29,6,123,8,0,8,131
06/22/2009,BTV,VT,ANE,EN,Combined TRACON& Tower with Radar,41,62,19,5,127,0,0,15,2,17,41,62,34,7,144,26,0,26,170
06/23/2009,BTV,VT,ANE,EN,Combined TRACON& Tower with Radar,40,56,9,27,132,0,1,34,5,40,40,57,43,32,172,112,50,162,334
06/24/2009,BTV,VT,ANE,EN,Combined TRACON& Tower with Radar,39,62,16,19,136,0,3,33,2,38,39,65,49,21,174,86,0,86,260
06/25/2009,BTV,VT,ANE,EN,Combined TRACON& Tower with Radar,40,63,32,10,145,0,2,22,5,29,40,65,54,15,174,28,24,52,226
06/26/2009,BTV,VT,ANE,EN,Combined TRACON& Tower with Radar,39,57,23,13,132,0,0,20,1,21,39,57,43,14,153,2,8,10,163
06/27/2009,BTV,VT,ANE,EN,Combined TRACON& Tower with Radar,38,50,19,0,107,0,0,16,0,16,38,50,35,0,123,96,0,96,219
06/28/2009,BTV,VT,ANE,EN,Combined TRACON& Tower with Radar,36,54,28,0,118,0,0,13,0,13,36,54,41,0,131,44,0,44,175
06/29/2009,BTV,VT,ANE,EN,Combined TRACON& Tower with Radar,39,59,30,8,136,0,0,4,0,4,39,59,34,8,140,0,2,2,142
06/30/2009,BTV,VT,ANE,EN,Combined TRACON& Tower with Radar,36,52,33,14,135,0,4,18,0,22,36,56,51,14,157,68,32,100,257
07/01/2009,BTV,VT,ANE,EN,Combined TRACON& Tower with Radar,36,57,25,14,132,0,2,11,1,14,36,59,36,15,146,28,38,66,212
07/02/2009,BTV,VT,ANE,EN,Combined TRACON& Tower with Radar,36,57,30,9,132,0,0,25,2,27,36,57,55,11,159,138,14,152,311
07/03/2009,BTV,VT,ANE,EN,Combined TRACON& Tower with Radar,35,56,17,1,109,0,0,10,0,10,35,56,27,1,119,0,0,0,119
07/04/2009,BTV,VT,ANE,EN,Combined TRACON& Tower with Radar,33,31,16,1,81,0,1,5,6,12,33,32,21,7,93,34,20,54,147
07/05/2009,BTV,VT,ANE,EN,Combined TRACON& Tower with Radar,38,57,22,0,117,0,1,51,0,52,38,58,73,0,169,28,0,28,197
07/06/2009,BTV,VT,ANE,EN,Combined TRACON& Tower with Radar,43,53,20,0,116,0,0,52,0,52,43,53,72,0,168,144,0,144,312
07/07/2009,BTV,VT,ANE,EN,Combined TRACON& Tower with Radar,36,59,13,10,118,0,1,5,3,9,36,60,18,13,127,64,20,84,211
07/08/2009,BTV,VT,ANE,EN,Combined TRACON& Tower with Radar,39,60,33,5,137,0,0,7,3,10,39,60,40,8,147,42,2,44,191
07/09/2009,BTV,VT,ANE,EN,Combined TRACON& Tower with Radar,41,62,25,6,134,0,1,51,2,54,41,63,76,8,188,42,6,48,236
07/10/2009,BTV,VT,ANE,EN,Combined TRACON& Tower with Radar,40,55,23,6,124,0,1,76,0,77,40,56,99,6,201,54,14,68,269
07/11/2009,BTV,VT,ANE,EN,Combined TRACON& Tower with Radar,41,41,8,0,90,0,0,35,0,35,41,41,43,0,125,32,0,32,157
07/12/2009,BTV,VT,ANE,EN,Combined TRACON& Tower with Radar,40,48,31,1,120,0,0,64,2,66,40,48,95,3,186,80,0,80,266
07/13/2009,BTV,VT,ANE,EN,Combined TRACON& Tower with Radar,40,54,24,10,128,0,0,20,1,21,40,54,44,11,149,0,0,0,149
07/14/2009,BTV,VT,ANE,EN,Combined TRACON& Tower with Radar,40,53,31,13,137,0,0,24,15,39,40,53,55,28,176,130,36,166,342
07/15/2009,BTV,VT,ANE,EN,Combined TRACON& Tower with Radar,37,54,22,24,137,0,0,71,10,81,37,54,93,34,218,98,62,160,378
07/16/2009,BTV,VT,ANE,EN,Combined TRACON& Tower with Radar,39,50,28,8,125,0,1,20,2,23,39,51,48,10,148,60,26,86,234
07/17/2009,BTV,VT,ANE,EN,Combined TRACON& Tower with Radar,40,59,31,10,140,0,2,35,6,43,40,61,66,16,183,68,4,72,255
07/18/2009,BTV,VT,ANE,EN,Combined TRACON& Tower with Radar,39,46,32,2,119,0,0,27,1,28,39,46,59,3,147,122,0,122,269
07/19/2009,BTV,VT,ANE,EN,Combined TRACON& Tower with Radar,39,55,35,3,132,0,0,47,0,47,39,55,82,3,179,110,4,114,293
07/20/2009,BTV,VT,ANE,EN,Combined TRACON& Tower with Radar,41,61,17,4,123,0,1,85,0,86,41,62,102,4,209,54,0,54,263
07/21/2009,BTV,VT,ANE,EN,Combined TRACON& Tower with Radar,39,57,15,7,118,0,1,21,8,30,39,58,36,15,148,0,0,0,148
07/22/2009,BTV,VT,ANE,EN,Combined TRACON& Tower with Radar,41,60,26,18,145,0,0,14,2,16,41,60,40,20,161,34,16,50,211
07/23/2009,BTV,VT,ANE,EN,Combined TRACON& Tower with Radar,38,71,30,36,175,0,0,20,4,24,38,71,50,40,199,129,74,203,402
07/24/2009,BTV,VT,ANE,EN,Combined TRACON& Tower with Radar,40,62,20,1,123,0,1,28,0,29,40,63,48,1,152,54,2,56,208
07/25/2009,BTV,VT,ANE,EN,Combined TRACON& Tower with Radar,40,41,51,0,132,0,0,34,0,34,40,41,85,0,166,110,0,110,276
07/26/2009,BTV,VT,ANE,EN,Combined TRACON& Tower with Radar,37,60,23,1,121,0,0,5,0,5,37,60,28,1,126,32,0,32,158
07/27/2009,BTV,VT,ANE,EN,Combined TRACON& Tower with Radar,39,59,22,4,124,0,2,20,3,25,39,61,42,7,149,0,0,0,149
07/28/2009,BTV,VT,ANE,EN,Combined TRACON& Tower with Radar,40,55,11,5,111,0,2,41,13,56,40,57,52,18,167,22,8,30,197
07/29/2009,BTV,VT,ANE,EN,Combined TRACON& Tower with Radar,33,44,31,1,109,0,0,9,4,13,33,44,40,5,122,8,2,10,132
07/30/2009,BTV,VT,ANE,EN,Combined TRACON& Tower with Radar,40,66,26,11,143,0,1,52,8,61,40,67,78,19,204,64,20,84,288
07/31/2009,BTV,VT,ANE,EN,Combined TRACON& Tower with Radar,33,65,23,5,126,0,0,2,0,2,33,65,25,5,128,0,0,0,128
08/01/2009,BTV,VT,ANE,EN,Combined TRACON& Tower with Radar,41,43,38,0,122,0,0,73,5,78,41,43,111,5,200,54,0,54,254
08/02/2009,BTV,VT,ANE,EN,Combined TRACON& Tower with Radar,35,48,16,0,99,0,0,9,0,9,35,48,25,0,108,30,0,30,138
08/03/2009,BTV,VT,ANE,EN,Combined TRACON& Tower with Radar,40,57,27,3,127,0,0,70,3,73,40,57,97,6,200,76,0,76,276
08/04/2009,BTV,VT,ANE,EN,Combined TRACON& Tower with Radar,40,57,29,5,131,0,2,42,6,50,40,59,71,11,181,78,2,80,261
08/05/2009,BTV,VT,ANE,EN,Combined TRACON& Tower with Radar,38,57,21,14,130,0,0,52,1,53,38,57,73,15,183,82,18,100,283
08/06/2009,BTV,VT,ANE,EN,Combined TRACON& Tower with Radar,41,65,31,2,139,0,1,32,10,43,41,66,63,12,182,10,10,20,202
08/07/2009,BTV,VT,ANE,EN,Combined TRACON& Tower with Radar,38,61,23,0,122,0,0,64,3,67,38,61,87,3,189,54,6,60,249
08/08/2009,BTV,VT,ANE,EN,Combined TRACON& Tower with Radar,42,43,15,2,102,0,2,86,1,89,42,45,101,3,191,110,4,114,305
08/09/2009,BTV,VT,ANE,EN,Combined TRACON& Tower with Radar,38,54,33,0,125,0,3,16,2,21,38,57,49,2,146,18,0,18,164
08/10/2009,BTV,VT,ANE,EN,Combined TRACON& Tower with Radar,38,53,15,9,115,0,2,24,5,31,38,55,39,14,146,96,8,104,250
08/11/2009,BTV,VT,ANE,EN,Combined TRACON& Tower with Radar,38,54,24,8,124,0,0,22,6,28,38,54,46,14,152,40,16,56,208
08/12/2009,BTV,VT,ANE,EN,Combined TRACON& Tower with Radar,38,57,24,7,126,0,2,25,6,33,38,59,49,13,159,52,6,58,217
08/13/2009,BTV,VT,ANE,EN,Combined TRACON& Tower with Radar,41,61,22,19,143,0,1,52,3,56,41,62,74,22,199,38,30,68,267
08/14/2009,BTV,VT,ANE,EN,Combined TRACON& Tower with Radar,41,62,33,4,140,0,0,59,11,70,41,62,92,15,210,82,16,98,308
08/15/2009,BTV,VT,ANE,EN,Combined TRACON& Tower with Radar,41,45,9,1,96,0,0,71,1,72,41,45,80,2,168,42,0,42,210
08/16/2009,BTV,VT,ANE,EN,Combined TRACON& Tower with Radar,39,47,29,0,115,0,0,53,0,53,39,47,82,0,168,14,0,14,182
08/17/2009,BTV,VT,ANE,EN,Combined TRACON& Tower with Radar,39,64,24,1,128,0,2,50,1,53,39,66,74,2,181,42,0,42,223
08/18/2009,BTV,VT,ANE,EN,Combined TRACON& Tower with Radar,39,60,15,21,135,0,0,32,8,40,39,60,47,29,175,42,22,64,239
08/19/2009,BTV,VT,ANE,EN,Combined TRACON& Tower with Radar,36,58,13,21,128,0,5,38,5,48,36,63,51,26,176,66,24,90,266
08/20/2009,BTV,VT,ANE,EN,Combined TRACON& Tower with Radar,42,62,26,22,152,0,4,35,6,45,42,66,61,28,197,20,18,38,235
08/21/2009,BTV,VT,ANE,EN,Combined TRACON& Tower with Radar,41,56,17,9,123,0,0,12,15,27,41,56,29,24,150,26,8,34,184
08/22/2009,BTV,VT,ANE,EN,Combined TRACON& Tower with Radar,39,38,25,0,102,0,3,6,0,9,39,41,31,0,111,8,0,8,119
08/23/2009,BTV,VT,ANE,EN,Combined TRACON& Tower with Radar,39,55,24,0,118,0,0,1,0,1,39,55,25,0,119,0,0,0,119
08/24/2009,BTV,VT,ANE,EN,Combined TRACON& Tower with Radar,41,54,30,5,130,0,0,25,4,29,41,54,55,9,159,20,0,20,179
08/25/2009,BTV,VT,ANE,EN,Combined TRACON& Tower with Radar,40,57,13,14,124,0,1,83,14,98,40,58,96,28,222,46,22,68,290
08/26/2009,BTV,VT,ANE,EN,Combined TRACON& Tower with Radar,42,60,28,21,151,0,2,14,3,19,42,62,42,24,170,44,20,64,234
08/27/2009,BTV,VT,ANE,EN,Combined TRACON& Tower with Radar,40,66,17,5,128,0,2,91,17,110,40,68,108,22,238,32,24,56,294
08/28/2009,BTV,VT,ANE,EN,Combined TRACON& Tower with Radar,37,62,24,7,130,0,2,61,8,71,37,64,85,15,201,126,8,134,335
08/29/2009,BTV,VT,ANE,EN,Combined TRACON& Tower with Radar,38,37,30,0,105,0,0,7,0,7,38,37,37,0,112,38,0,38,150
08/30/2009,BTV,VT,ANE,EN,Combined TRACON& Tower with Radar,39,55,37,3,134,0,0,27,3,30,39,55,64,6,164,6,8,14,178
08/31/2009,BTV,VT,ANE,EN,Combined TRACON& Tower with Radar,33,66,21,7,127,0,0,46,2,48,33,66,67,9,175,60,8,68,243
09/01/2009,BTV,VT,ANE,EN,Combined TRACON& Tower with Radar,35,60,21,20,136,0,0,65,10,75,35,60,86,30,211,90,26,116,327
09/02/2009,BTV,VT,ANE,EN,Combined TRACON& Tower with Radar,36,54,32,13,135,0,4,81,8,93,36,58,113,21,228,70,8,78,306
09/03/2009,BTV,VT,ANE,EN,Combined TRACON& Tower with Radar,36,59,18,34,147,0,2,65,5,72,36,61,83,39,219,46,14,60,279
09/04/2009,BTV,VT,ANE,EN,Combined TRACON& Tower with Radar,38,58,26,0,122,0,0,78,0,78,38,58,104,0,200,24,4,28,228
09/05/2009,BTV,VT,ANE,EN,Combined TRACON& Tower with Radar,28,43,16,0,87,0,0,91,0,91,28,43,107,0,178,50,0,50,228
09/06/2009,BTV,VT,ANE,EN,Combined TRACON& Tower with Radar,35,42,11,0,88,0,0,59,3,62,35,42,70,3,150,60,0,60,210
09/07/2009,BTV,VT,ANE,EN,Combined TRACON& Tower with Radar,40,52,31,3,126,0,2,61,0,63,40,54,92,3,189,132,0,132,321
09/08/2009,BTV,VT,ANE,EN,Combined TRACON& Tower with Radar,34,58,22,27,141,0,8,40,9,57,34,66,62,36,198,12,58,70,268
09/09/2009,BTV,VT,ANE,EN,Combined TRACON& Tower with Radar,28,62,24,32,146,0,0,45,3,48,28,62,69,35,194,52,50,102,296
09/10/2009,BTV,VT,ANE,EN,Combined TRACON& Tower with Radar,29,53,18,13,113,0,1,44,13,58,29,54,62,26,171,54,24,78,249
09/11/2009,BTV,VT,ANE,EN,Combined TRACON& Tower with Radar,29,42,22,23,116,0,0,41,3,44,29,42,63,26,160,54,48,102,262
09/12/2009,BTV,VT,ANE,EN,Combined TRACON& Tower with Radar,24,40,25,22,111,0,0,39,1,40,24,40,64,23,151,100,16,116,267
09/13/2009,BTV,VT,ANE,EN,Combined TRACON& Tower with Radar,27,46,62,2,137,0,0,10,1,11,27,46,72,3,148,12,0,12,160
09/14/2009,BTV,VT,ANE,EN,Combined TRACON& Tower with Radar,28,49,12,2,91,0,0,35,2,37,28,49,47,4,128,32,0,32,160
09/15/2009,BTV,VT,ANE,EN,Combined TRACON& Tower with Radar,29,55,14,14,112,0,0,37,8,45,29,55,51,22,157,78,74,152,309
09/16/2009,BTV,VT,ANE,EN,Combined TRACON& Tower with Radar,27,55,18,12,112,0,2,27,4,33,27,57,45,16,145,112,6,118,263
09/17/2009,BTV,VT,ANE,EN,Combined TRACON& Tower with Radar,29,53,10,20,112,0,0,34,10,44,29,53,44,30,156,22,14,36,192
09/18/2009,BTV,VT,ANE,EN,Combined TRACON& Tower with Radar,30,62,20,17,129,0,3,12,0,15,30,65,32,17,144,36,10,46,190
09/19/2009,BTV,VT,ANE,EN,Combined TRACON& Tower with Radar,24,35,17,2,78,0,0,45,0,45,24,35,62,2,123,98,6,104,227
09/20/2009,BTV,VT,ANE,EN,Combined TRACON& Tower with Radar,27,50,16,0,93,0,2,54,0,56,27,52,70,0,149,46,0,46,195
09/21/2009,BTV,VT,ANE,EN,Combined TRACON& Tower with Radar,30,50,12,16,108,0,2,41,4,47,30,52,53,20,155,68,22,90,245
09/22/2009,BTV,VT,ANE,EN,Combined TRACON& Tower with Radar,30,54,21,25,130,0,0,10,4,14,30,54,31,29,144,6,16,22,166
09/23/2009,BTV,VT,ANE,EN,Combined TRACON& Tower with Radar,28,56,19,15,118,0,0,10,3,13,28,56,29,18,131,54,0,54,185
09/24/2009,BTV,VT,ANE,EN,Combined TRACON& Tower with Radar,29,53,27,19,128,0,5,29,2,36,29,58,56,21,164,64,8,72,236
09/25/2009,BTV,VT,ANE,EN,Combined TRACON& Tower with Radar,30,49,33,17,129,0,4,39,0,43,30,53,72,17,172,0,0,0,172
09/26/2009,BTV,VT,ANE,EN,Combined TRACON& Tower with Radar,25,37,9,1,72,0,3,71,3,77,25,40,80,4,149,128,18,146,295
09/27/2009,BTV,VT,ANE,EN,Combined TRACON& Tower with Radar,27,58,39,2,126,0,0,2,0,2,27,58,41,2,128,0,0,0,128
09/28/2009,BTV,VT,ANE,EN,Combined TRACON& Tower with Radar,30,47,15,0,92,0,0,5,1,6,30,47,20,1,98,0,0,0,98
09/29/2009,BTV,VT,ANE,EN,Combined TRACON& Tower with Radar,29,55,16,3,103,0,0,8,2,10,29,55,24,5,113,72,0,72,185
09/30/2009,BTV,VT,ANE,EN,Combined TRACON& Tower with Radar,28,55,30,3,116,0,0,6,7,13,28,55,36,10,129,24,30,54,183
10/01/2009,BTV,VT,ANE,EN,Combined TRACON& Tower with Radar,28,64,17,15,124,0,0,16,3,19,28,64,33,18,143,28,16,44,187
10/02/2009,BTV,VT,ANE,EN,Combined TRACON& Tower with Radar,33,66,38,18,155,0,0,22,6,28,33,66,60,24,183,2,42,44,227
10/03/2009,BTV,VT,ANE,EN,Combined TRACON& Tower with Radar,29,40,22,18,109,0,0,10,2,12,29,40,32,20,121,166,16,182,303
10/04/2009,BTV,VT,ANE,EN,Combined TRACON& Tower with Radar,30,60,33,0,123,0,0,2,0,2,30,60,35,0,125,0,0,0,125
10/05/2009,BTV,VT,ANE,EN,Combined TRACON& Tower with Radar,31,52,24,8,115,0,0,13,0,13,31,52,37,8,128,60,8,68,196
10/06/2009,BTV,VT,ANE,EN,Combined TRACON& Tower with Radar,31,52,30,13,126,0,2,32,11,45,31,54,62,24,171,90,42,132,303
10/07/2009,BTV,VT,ANE,EN,Combined TRACON& Tower with Radar,27,48,11,14,100,0,0,8,2,10,27,48,19,16,110,48,18,66,176
10/08/2009,BTV,VT,ANE,EN,Combined TRACON& Tower with Radar,31,61,19,12,123,0,0,47,12,59,31,61,66,24,182,52,22,74,256
10/09/2009,BTV,VT,ANE,EN,Combined TRACON& Tower with Radar,32,54,39,3,128,0,0,7,0,7,32,54,46,3,135,24,20,44,179
10/10/2009,BTV,VT,ANE,EN,Combined TRACON& Tower with Radar,30,35,21,0,86,0,1,20,0,21,30,36,41,0,107,20,0,20,127
10/11/2009,BTV,VT,ANE,EN,Combined TRACON& Tower with Radar,30,57,25,0,112,0,0,53,0,53,30,57,78,0,165,20,0,20,185
10/12/2009,BTV,VT,ANE,EN,Combined TRACON& Tower with Radar,31,62,26,2,121,0,0,59,0,59,31,62,85,2,180,108,0,108,288
10/13/2009,BTV,VT,ANE,EN,Combined TRACON& Tower with Radar,31,58,8,5,102,0,0,10,0,10,31,58,18,5,112,4,12,16,128
10/14/2009,BTV,VT,ANE,EN,Combined TRACON& Tower with Radar,32,57,26,12,127,0,1,25,1,27,32,58,51,13,154,62,18,80,234
10/15/2009,BTV,VT,ANE,EN,Combined TRACON& Tower with Radar,26,61,24,5,116,0,1,37,7,45,26,62,61,12,161,52,2,54,215
10/16/2009,BTV,VT,ANE,EN,Combined TRACON& Tower with Radar,29,51,20,14,114,0,1,35,3,39,29,52,55,17,153,116,10,126,279
10/17/2009,BTV,VT,ANE,EN,Combined TRACON& Tower with Radar,31,39,21,19,110,0,0,51,0,51,31,39,72,19,161,86,0,86,247
10/18/2009,BTV,VT,ANE,EN,Combined TRACON& Tower with Radar,27,52,31,2,112,0,2,33,0,35,27,54,64,2,147,8,0,8,155
10/19/2009,BTV,VT,ANE,EN,Combined TRACON& Tower with Radar,29,52,19,10,110,0,1,39,0,40,29,53,58,10,150,36,22,58,208
10/20/2009,BTV,VT,ANE,EN,Combined TRACON& Tower with Radar,29,54,16,14,113,0,2,27,3,32,29,56,43,17,145,0,32,32,177
10/21/2009,BTV,VT,ANE,EN,Combined TRACON& Tower with Radar,30,56,13,9,108,0,2,22,1,25,30,58,35,10,133,0,0,0,133
10/22/2009,BTV,VT,ANE,EN,Combined TRACON& Tower with Radar,28,56,24,14,122,0,2,15,1,18,28,58,39,15,140,38,32,70,210
10/23/2009,BTV,VT,ANE,EN,Combined TRACON& Tower with Radar,28,57,24,12,121,0,0,39,2,41,28,57,63,14,162,54,10,64,226
10/24/2009,BTV,VT,ANE,EN,Combined TRACON& Tower with Radar,26,32,8,0,66,0,0,1,0,1,26,32,9,0,67,0,0,0,67
10/25/2009,BTV,VT,ANE,EN,Combined TRACON& Tower with Radar,28,46,29,0,103,0,0,38,1,39,28,46,67,1,142,0,0,0,142
10/26/2009,BTV,VT,ANE,EN,Combined TRACON& Tower with Radar,26,55,16,12,109,0,0,73,2,75,26,55,89,14,184,82,14,96,280
10/27/2009,BTV,VT,ANE,EN,Combined TRACON& Tower with Radar,26,52,11,7,96,0,0,17,7,24,26,52,28,14,120,34,0,34,154
10/28/2009,BTV,VT,ANE,EN,Combined TRACON& Tower with Radar,25,61,16,8,110,0,0,4,0,4,25,61,20,8,114,12,6,18,132
10/29/2009,BTV,VT,ANE,EN,Combined TRACON& Tower with Radar,27,57,41,19,144,0,0,2,1,3,27,57,43,20,147,14,14,28,175
10/30/2009,BTV,VT,ANE,EN,Combined TRACON& Tower with Radar,30,55,36,8,129,0,0,13,0,13,30,55,49,8,142,94,0,94,236
10/31/2009,BTV,VT,ANE,EN,Combined TRACON& Tower with Radar,33,41,6,2,82,0,1,5,0,6,33,42,11,2,88,18,2,20,108
11/01/2009,BTV,VT,ANE,EN,Combined TRACON& Tower with Radar,23,54,18,0,95,0,0,38,0,38,23,54,56,0,133,54,0,54,187
11/02/2009,BTV,VT,ANE,EN,Combined TRACON& Tower with Radar,23,57,19,2,101,0,0,56,2,58,23,57,75,4,159,10,12,22,181
11/03/2009,BTV,VT,ANE,EN,Combined TRACON& Tower with Radar,21,60,15,11,107,0,0,17,3,20,21,60,32,14,127,32,0,32,159
11/04/2009,BTV,VT,ANE,EN,Combined TRACON& Tower with Radar,22,64,22,18,126,0,1,47,2,50,22,65,69,20,176,8,16,24,200
11/05/2009,BTV,VT,ANE,EN,Combined TRACON& Tower with Radar,25,54,19,15,113,0,0,11,4,15,25,54,30,19,128,46,36,82,210
11/06/2009,BTV,VT,ANE,EN,Combined TRACON& Tower with Radar,28,56,21,10,115,0,0,8,0,8,28,56,29,10,123,0,0,0,123
11/07/2009,BTV,VT,ANE,EN,Combined TRACON& Tower with Radar,20,43,13,4,80,0,0,95,18,113,20,43,108,22,193,0,0,0,193
11/08/2009,BTV,VT,ANE,EN,Combined TRACON& Tower with Radar,25,49,19,1,94,0,1,73,0,74,25,50,92,1,168,16,0,16,184
11/09/2009,BTV,VT,ANE,EN,Combined TRACON& Tower with Radar,22,52,9,4,87,0,0,22,0,22,22,52,31,4,109,10,8,18,127
11/10/2009,BTV,VT,ANE,EN,Combined TRACON& Tower with Radar,21,63,21,4,109,0,0,28,1,29,21,63,49,5,138,50,10,60,198
11/11/2009,BTV,VT,ANE,EN,Combined TRACON& Tower with Radar,22,58,25,0,105,0,0,33,0,33,22,58,58,0,138,38,0,38,176
11/12/2009,BTV,VT,ANE,EN,Combined TRACON& Tower with Radar,25,57,14,12,108,0,3,31,5,39,25,60,45,17,147,54,14,68,215
11/13/2009,BTV,VT,ANE,EN,Combined TRACON& Tower with Radar,27,54,30,3,114,0,2,53,2,57,27,56,83,5,171,56,8,64,235
11/14/2009,BTV,VT,ANE,EN,Combined TRACON& Tower with Radar,20,43,3,2,68,0,0,5,0,5,20,43,8,2,73,0,0,0,73
11/15/2009,BTV,VT,ANE,EN,Combined TRACON& Tower with Radar,23,55,31,2,111,0,0,2,0,2,23,55,33,2,113,12,0,12,125
11/16/2009,BTV,VT,ANE,EN,Combined TRACON& Tower with Radar,23,55,12,33,123,0,0,37,2,39,23,55,49,35,162,22,32,54,216
11/17/2009,BTV,VT,ANE,EN,Combined TRACON& Tower with Radar,21,56,19,11,107,0,0,48,0,48,21,56,67,11,155,94,6,100,255
11/18/2009,BTV,VT,ANE,EN,Combined TRACON& Tower with Radar,22,58,18,14,112,0,0,42,12,54,22,58,60,26,166,56,42,98,264
11/19/2009,BTV,VT,ANE,EN,Combined TRACON& Tower with Radar,27,66,11,22,126,0,3,34,2,39,27,69,45,24,165,110,12,122,287
11/20/2009,BTV,VT,ANE,EN,Combined TRACON& Tower with Radar,31,61,29,1,122,0,2,12,2,16,31,63,41,3,138,10,16,26,164
11/21/2009,BTV,VT,ANE,EN,Combined TRACON& Tower with Radar,24,44,24,3,95,0,0,33,2,35,24,44,57,5,130,46,8,54,184
11/22/2009,BTV,VT,ANE,EN,Combined TRACON& Tower with Radar,24,52,21,1,98,0,0,51,0,51,24,52,72,1,149,76,0,76,225
11/23/2009,BTV,VT,ANE,EN,Combined TRACON& Tower with Radar,28,67,17,26,138,0,0,42,7,49,28,67,59,33,187,34,34,68,255
11/24/2009,BTV,VT,ANE,EN,Combined TRACON& Tower with Radar,26,62,21,26,135,0,0,21,3,24,26,62,42,29,159,80,36,116,275
11/25/2009,BTV,VT,ANE,EN,Combined TRACON& Tower with Radar,26,74,40,0,140,0,6,25,0,31,26,80,65,0,171,0,0,0,171
11/26/2009,BTV,VT,ANE,EN,Combined TRACON& Tower with Radar,15,29,10,0,54,0,0,3,2,5,15,29,13,2,59,0,0,0,59
11/27/2009,BTV,VT,ANE,EN,Combined TRACON& Tower with Radar,19,42,19,0,80,0,0,0,0,0,19,42,19,0,80,0,0,0,80
11/28/2009,BTV,VT,ANE,EN,Combined TRACON& Tower with Radar,26,44,13,0,83,0,0,2,0,2,26,44,15,0,85,8,0,8,93
11/29/2009,BTV,VT,ANE,EN,Combined TRACON& Tower with Radar,26,56,37,0,119,0,1,51,0,52,26,57,88,0,171,38,0,38,209
11/30/2009,BTV,VT,ANE,EN,Combined TRACON& Tower with Radar,25,64,31,6,126,0,0,1,0,1,25,64,32,6,127,32,0,32,159
12/01/2009,BTV,VT,ANE,EN,Combined TRACON& Tower with Radar,23,62,11,6,102,0,0,25,4,29,23,62,36,10,131,25,4,29,160
12/02/2009,BTV,VT,ANE,EN,Combined TRACON& Tower with Radar,23,57,11,3,94,0,0,22,4,26,23,57,33,7,120,106,0,106,226
12/03/2009,BTV,VT,ANE,EN,Combined TRACON& Tower with Radar,25,53,8,0,86,0,0,2,0,2,25,53,10,0,88,40,0,40,128
12/04/2009,BTV,VT,ANE,EN,Combined TRACON& Tower with Radar,28,54,19,25,126,0,0,39,0,39,28,54,58,25,165,0,0,0,165
12/05/2009,BTV,VT,ANE,EN,Combined TRACON& Tower with Radar,21,41,14,20,96,0,0,21,0,21,21,41,35,20,117,24,202,226,343
12/06/2009,BTV,VT,ANE,EN,Combined TRACON& Tower with Radar,24,49,11,1,85,0,0,29,0,29,24,49,40,1,114,6,0,6,120
12/07/2009,BTV,VT,ANE,EN,Combined TRACON& Tower with Radar,24,50,15,3,92,0,0,4,0,4,24,50,19,3,96,18,0,18,114
12/08/2009,BTV,VT,ANE,EN,Combined TRACON& Tower with Radar,18,56,20,19,113,0,0,18,6,24,18,56,38,25,137,66,28,94,231
12/09/2009,BTV,VT,ANE,EN,Combined TRACON& Tower with Radar,19,32,12,0,63,0,0,0,0,0,19,32,12,0,63,0,0,0,63
12/10/2009,BTV,VT,ANE,EN,Combined TRACON& Tower with Radar,25,58,13,9,105,0,0,2,0,2,25,58,15,9,107,40,2,42,149
12/11/2009,BTV,VT,ANE,EN,Combined TRACON& Tower with Radar,27,54,25,7,113,0,0,7,2,9,27,54,32,9,122,0,0,0,122
12/12/2009,BTV,VT,ANE,EN,Combined TRACON& Tower with Radar,21,40,8,4,73,0,0,19,0,19,21,40,27,4,92,28,0,28,120
12/13/2009,BTV,VT,ANE,EN,Combined TRACON& Tower with Radar,21,45,15,1,82,0,0,4,0,4,21,45,19,1,86,0,0,0,86
12/14/2009,BTV,VT,ANE,EN,Combined TRACON& Tower with Radar,24,63,21,7,115,0,0,12,4,16,24,63,33,11,131,44,0,44,175
12/15/2009,BTV,VT,ANE,EN,Combined TRACON& Tower with Radar,24,60,17,6,107,0,0,0,0,0,24,60,17,6,107,0,0,0,107
12/16/2009,BTV,VT,ANE,EN,Combined TRACON& Tower with Radar,23,64,16,19,122,0,0,7,2,9,23,64,23,21,131,0,0,0,131
12/17/2009,BTV,VT,ANE,EN,Combined TRACON& Tower with Radar,32,52,18,25,127,0,0,13,16,29,32,52,31,41,156,10,36,46,202
12/18/2009,BTV,VT,ANE,EN,Combined TRACON& Tower with Radar,32,55,26,1,114,0,1,34,7,42,32,56,60,8,156,22,10,32,188
12/19/2009,BTV,VT,ANE,EN,Combined TRACON& Tower with Radar,17,21,12,0,50,0,1,36,0,37,17,22,48,0,87,154,0,154,241
12/20/2009,BTV,VT,ANE,EN,Combined TRACON& Tower with Radar,21,22,11,0,54,0,0,3,0,3,21,22,14,0,57,0,0,0,57
12/21/2009,BTV,VT,ANE,EN,Combined TRACON& Tower with Radar,29,45,17,14,105,0,0,25,0,25,29,45,42,14,130,52,6,58,188
12/22/2009,BTV,VT,ANE,EN,Combined TRACON& Tower with Radar,35,58,20,16,129,0,0,34,4,38,35,58,54,20,167,22,4,26,193
12/23/2009,BTV,VT,ANE,EN,Combined TRACON& Tower with Radar,30,63,20,2,115,0,0,1,0,1,30,63,21,2,116,0,0,0,116
12/24/2009,BTV,VT,ANE,EN,Combined TRACON& Tower with Radar,30,35,19,0,84,0,0,0,0,0,30,35,19,0,84,0,0,0,84
12/25/2009,BTV,VT,ANE,EN,Combined TRACON& Tower with Radar,29,28,3,0,60,0,0,0,0,0,29,28,3,0,60,0,0,0,60
12/26/2009,BTV,VT,ANE,EN,Combined TRACON& Tower with Radar,25,38,22,0,85,0,0,6,0,6,25,38,28,0,91,0,0,0,91
12/27/2009,BTV,VT,ANE,EN,Combined TRACON& Tower with Radar,28,40,20,0,88,0,0,4,0,4,28,40,24,0,92,0,0,0,92
12/28/2009,BTV,VT,ANE,EN,Combined TRACON& Tower with Radar,32,42,13,0,87,0,0,1,0,1,32,42,14,0,88,2,0,2,90
12/29/2009,BTV,VT,ANE,EN,Combined TRACON& Tower with Radar,33,53,9,0,95,0,1,8,0,9,33,54,17,0,104,0,0,0,104
12/30/2009,BTV,VT,ANE,EN,Combined TRACON& Tower with Radar,33,45,23,11,112,0,1,37,0,38,33,46,60,11,150,42,0,42,192
12/31/2009,BTV,VT,ANE,EN,Combined TRACON& Tower with Radar,29,33,10,4,76,0,1,3,0,4,29,34,13,4,80,32,4,36,116
01/01/2010,BTV,VT,ANE,EN,Combined TRACON& Tower with Radar,29,33,7,0,69,0,0,0,0,0,29,33,7,0,69,0,0,0,69
01/02/2010,BTV,VT,ANE,EN,Combined TRACON& Tower with Radar,28,30,12,0,70,0,0,0,0,0,28,30,12,0,70,0,0,0,70
01/03/2010,BTV,VT,ANE,EN,Combined TRACON& Tower with Radar,23,40,12,0,75,0,0,0,0,0,23,40,12,0,75,0,0,0,75
01/04/2010,BTV,VT,ANE,EN,Combined TRACON& Tower with Radar,35,49,21,2,107,0,0,11,0,11,35,49,32,2,118,2,0,2,120
01/05/2010,BTV,VT,ANE,EN,Combined TRACON& Tower with Radar,29,54,22,9,114,0,0,0,0,0,29,54,22,9,114,0,0,0,114
01/06/2010,BTV,VT,ANE,EN,Combined TRACON& Tower with Radar,31,53,11,14,109,0,2,4,2,8,31,55,15,16,117,50,38,88,205
01/07/2010,BTV,VT,ANE,EN,Combined TRACON& Tower with Radar,28,52,12,4,96,0,0,21,7,28,28,52,33,11,124,54,6,60,184
01/08/2010,BTV,VT,ANE,EN,Combined TRACON& Tower with Radar,34,39,16,4,93,0,0,0,0,0,34,39,16,4,93,0,0,0,93
01/09/2010,BTV,VT,ANE,EN,Combined TRACON& Tower with Radar,28,41,27,4,100,0,0,56,9,65,28,41,83,13,165,46,2,48,213
01/10/2010,BTV,VT,ANE,EN,Combined TRACON& Tower with Radar,31,49,12,0,92,0,0,23,0,23,31,49,35,0,115,16,0,16,131
01/11/2010,BTV,VT,ANE,EN,Combined TRACON& Tower with Radar,29,54,11,0,94,0,0,2,2,4,29,54,13,2,98,0,0,0,98
01/12/2010,BTV,VT,ANE,EN,Combined TRACON& Tower with Radar,29,61,7,0,97,0,1,3,0,4,29,62,10,0,101,22,0,22,123
01/13/2010,BTV,VT,ANE,EN,Combined TRACON& Tower with Radar,29,49,18,4,100,0,0,6,0,6,29,49,24,4,106,0,0,0,106
01/14/2010,BTV,VT,ANE,EN,Combined TRACON& Tower with Radar,30,60,18,1,109,0,0,10,0,10,30,60,28,1,119,66,6,72,191
01/15/2010,BTV,VT,ANE,EN,Combined TRACON& Tower with Radar,33,49,36,3,121,0,0,3,0,3,33,49,39,3,124,42,0,42,166
01/16/2010,BTV,VT,ANE,EN,Combined TRACON& Tower with Radar,27,35,26,2,90,0,0,58,0,58,27,35,84,2,148,170,0,170,318
01/17/2010,BTV,VT,ANE,EN,Combined TRACON& Tower with Radar,24,46,8,0,78,0,0,16,0,16,24,46,24,0,94,8,0,8,102
01/18/2010,BTV,VT,ANE,EN,Combined TRACON& Tower with Radar,28,55,36,0,119,0,0,5,0,5,28,55,41,0,124,102,0,102,226
01/19/2010,BTV,VT,ANE,EN,Combined TRACON& Tower with Radar,30,54,22,22,128,0,1,6,0,7,30,55,28,22,135,0,0,0,135
01/20/2010,BTV,VT,ANE,EN,Combined TRACON& Tower with Radar,28,61,17,2,108,0,0,2,0,2,28,61,19,2,110,36,30,66,176
01/21/2010,BTV,VT,ANE,EN,Combined TRACON& Tower with Radar,30,53,20,0,103,0,0,35,4,39,30,53,55,4,142,104,6,110,252
01/22/2010,BTV,VT,ANE,EN,Combined TRACON& Tower with Radar,36,51,26,0,113,0,0,23,4,27,36,51,49,4,140,50,0,50,190
01/23/2010,BTV,VT,ANE,EN,Combined TRACON& Tower with Radar,28,36,19,4,87,0,0,72,1,73,28,36,91,5,160,106,0,106,266
01/24/2010,BTV,VT,ANE,EN,Combined TRACON& Tower with Radar,24,46,23,4,97,0,0,21,0,21,24,46,44,4,118,112,0,112,230
01/25/2010,BTV,VT,ANE,EN,Combined TRACON& Tower with Radar,26,41,12,1,80,0,0,0,0,0,26,41,12,1,80,0,0,0,80
01/26/2010,BTV,VT,ANE,EN,Combined TRACON& Tower with Radar,28,59,27,9,123,0,2,15,7,24,28,61,42,16,147,14,18,32,179
01/27/2010,BTV,VT,ANE,EN,Combined TRACON& Tower with Radar,28,52,10,16,106,0,0,22,5,27,28,52,32,21,133,14,52,66,199
01/28/2010,BTV,VT,ANE,EN,Combined TRACON& Tower with Radar,31,60,19,13,123,0,0,3,1,4,31,60,22,14,127,0,0,0,127
01/29/2010,BTV,VT,ANE,EN,Combined TRACON& Tower with Radar,33,51,19,2,105,0,2,12,0,14,33,53,31,2,119,2,0,2,121
01/30/2010,BTV,VT,ANE,EN,Combined TRACON& Tower with Radar,27,30,6,0,63,0,0,31,0,31,27,30,37,0,94,112,0,112,206
01/31/2010,BTV,VT,ANE,EN,Combined TRACON& Tower with Radar,27,50,23,1,101,0,0,15,0,15,27,50,38,1,116,46,20,66,182
02/01/2010,BTV,VT,ANE,EN,Combined TRACON& Tower with Radar,29,58,21,6,114,0,0,7,6,13,29,58,28,12,127,66,16,82,209
02/02/2010,BTV,VT,ANE,EN,Combined TRACON& Tower with Radar,29,48,21,12,110,0,0,26,9,35,29,48,47,21,145,18,34,52,197
02/03/2010,BTV,VT,ANE,EN,Combined TRACON& Tower with Radar,29,51,23,31,134,0,0,8,0,8,29,51,31,31,142,4,40,44,186
02/04/2010,BTV,VT,ANE,EN,Combined TRACON& Tower with Radar,30,54,17,14,115,0,0,38,14,52,30,54,55,28,167,28,54,82,249
02/05/2010,BTV,VT,ANE,EN,Combined TRACON& Tower with Radar,28,54,24,6,112,0,2,27,3,32,28,56,51,9,144,0,0,0,144
02/06/2010,BTV,VT,ANE,EN,Combined TRACON& Tower with Radar,12,31,14,0,57,0,1,63,5,69,12,32,77,5,126,130,12,142,268
02/07/2010,BTV,VT,ANE,EN,Combined TRACON& Tower with Radar,20,45,21,0,86,0,0,4,0,4,20,45,25,0,90,28,0,28,118
02/08/2010,BTV,VT,ANE,EN,Combined TRACON& Tower with Radar,28,58,25,2,113,0,0,8,0,8,28,58,33,2,121,6,2,8,129
02/09/2010,BTV,VT,ANE,EN,Combined TRACON& Tower with Radar,25,52,19,1,97,0,1,31,5,37,25,53,50,6,134,48,4,52,186
02/10/2010,BTV,VT,ANE,EN,Combined TRACON& Tower with Radar,9,23,12,6,50,0,0,5,0,5,9,23,17,6,55,4,12,16,71
02/11/2010,BTV,VT,ANE,EN,Combined TRACON& Tower with Radar,29,36,26,14,105,0,2,25,4,31,29,38,51,18,136,62,36,98,234
02/12/2010,BTV,VT,ANE,EN,Combined TRACON& Tower with Radar,33,55,25,19,132,0,1,24,3,28,33,56,49,22,160,0,0,0,160
02/13/2010,BTV,VT,ANE,EN,Combined TRACON& Tower with Radar,30,36,11,23,100,0,0,27,0,27,30,36,38,23,127,0,0,0,127
02/14/2010,BTV,VT,ANE,EN,Combined TRACON& Tower with Radar,32,40,4,0,76,0,0,7,0,7,32,40,11,0,83,56,12,68,151
02/15/2010,BTV,VT,ANE,EN,Combined TRACON& Tower with Radar,32,58,20,2,112,0,2,27,2,31,32,60,47,4,143,76,0,76,219
02/16/2010,BTV,VT,ANE,EN,Combined TRACON& Tower with Radar,42,47,16,10,115,0,0,9,1,10,42,47,25,11,125,38,24,62,187
02/17/2010,BTV,VT,ANE,EN,Combined TRACON& Tower with Radar,35,51,8,9,103,0,0,18,0,18,35,51,26,9,121,50,4,54,175
02/18/2010,BTV,VT,ANE,EN,Combined TRACON& Tower with Radar,36,60,16,13,125,0,0,14,1,15,36,60,30,14,140,54,22,76,216
02/19/2010,BTV,VT,ANE,EN,Combined TRACON& Tower with Radar,36,46,23,16,121,0,0,2,0,2,36,46,25,16,123,0,20,20,143
02/20/2010,BTV,VT,ANE,EN,Combined TRACON& Tower with Radar,30,35,16,0,81,0,0,6,0,6,30,35,22,0,87,226,0,226,313
02/21/2010,BTV,VT,ANE,EN,Combined TRACON& Tower with Radar,28,62,15,2,107,0,0,7,0,7,28,62,22,2,114,52,0,52,166
02/22/2010,BTV,VT,ANE,EN,Combined TRACON& Tower with Radar,34,44,14,0,92,0,0,31,2,33,34,44,45,2,125,46,0,46,171
02/23/2010,BTV,VT,ANE,EN,Combined TRACON& Tower with Radar,33,40,30,11,114,0,0,2,0,2,33,40,32,11,116,36,10,46,162
02/24/2010,BTV,VT,ANE,EN,Combined TRACON& Tower with Radar,34,41,9,0,84,0,0,0,0,0,34,41,9,0,84,0,0,0,84
02/25/2010,BTV,VT,ANE,EN,Combined TRACON& Tower with Radar,31,41,13,1,86,0,0,0,0,0,31,41,13,1,86,0,0,0,86
02/26/2010,BTV,VT,ANE,EN,Combined TRACON& Tower with Radar,31,37,14,11,93,0,0,2,0,2,31,37,16,11,95,0,6,6,101
02/27/2010,BTV,VT,ANE,EN,Combined TRACON& Tower with Radar,32,30,16,1,79,0,0,8,0,8,32,30,24,1,87,92,0,92,179
02/28/2010,BTV,VT,ANE,EN,Combined TRACON& Tower with Radar,35,47,16,2,100,0,1,15,0,16,35,48,31,2,116,40,0,40,156
03/01/2010,BTV,VT,ANE,EN,Combined TRACON& Tower with Radar,37,47,18,2,104,0,0,7,0,7,37,47,25,2,111,0,0,0,111
03/02/2010,BTV,VT,ANE,EN,Combined TRACON& Tower with Radar,35,43,8,14,100,0,4,37,8,49,35,47,45,22,149,90,32,122,271
03/03/2010,BTV,VT,ANE,EN,Combined TRACON& Tower with Radar,31,42,15,22,110,0,0,14,5,19,31,42,29,27,129,132,32,164,293
03/04/2010,BTV,VT,ANE,EN,Combined TRACON& Tower with Radar,34,47,15,30,126,0,0,23,9,32,34,47,38,39,158,34,100,134,292
03/05/2010,BTV,VT,ANE,EN,Combined TRACON& Tower with Radar,35,56,26,9,126,0,2,43,2,47,35,58,69,11,173,98,32,130,303
03/06/2010,BTV,VT,ANE,EN,Combined TRACON& Tower with Radar,30,37,16,3,86,0,2,93,4,99,30,39,109,7,185,58,18,76,261
03/07/2010,BTV,VT,ANE,EN,Combined TRACON& Tower with Radar,30,55,23,1,109,0,8,45,1,54,30,63,68,2,163,34,0,34,197
03/08/2010,BTV,VT,ANE,EN,Combined TRACON& Tower with Radar,30,48,12,2,92,0,0,29,2,31,30,48,41,4,123,58,0,58,181
03/09/2010,BTV,VT,ANE,EN,Combined TRACON& Tower with Radar,29,56,14,15,114,0,0,48,6,54,29,56,62,21,168,96,20,116,284
03/10/2010,BTV,VT,ANE,EN,Combined TRACON& Tower with Radar,30,52,20,23,125,0,1,59,3,63,30,53,79,26,188,86,20,106,294
03/11/2010,BTV,VT,ANE,EN,Combined TRACON& Tower with Radar,31,55,22,10,118,0,2,47,5,54,31,57,69,15,172,10,10,20,192
03/12/2010,BTV,VT,ANE,EN,Combined TRACON& Tower with Radar,28,49,24,11,112,0,0,35,2,37,28,49,59,13,149,78,16,94,243
03/13/2010,BTV,VT,ANE,EN,Combined TRACON& Tower with Radar,22,31,28,0,81,0,0,43,0,43,22,31,71,0,124,88,0,88,212
03/14/2010,BTV,VT,ANE,EN,Combined TRACON& Tower with Radar,23,36,31,0,90,0,0,8,0,8,23,36,39,0,98,12,0,12,110
03/15/2010,BTV,VT,ANE,EN,Combined TRACON& Tower with Radar,26,45,21,2,94,0,0,15,0,15,26,45,36,2,109,70,0,70,179
03/16/2010,BTV,VT,ANE,EN,Combined TRACON& Tower with Radar,33,55,24,22,134,0,1,45,11,57,33,56,69,33,191,108,64,172,363
03/17/2010,BTV,VT,ANE,EN,Combined TRACON& Tower with Radar,34,50,18,2,104,0,0,60,10,70,34,50,78,12,174,118,8,126,300
03/18/2010,BTV,VT,ANE,EN,Combined TRACON& Tower with Radar,31,56,33,5,125,0,0,34,5,39,31,56,67,10,164,72,24,96,260
03/19/2010,BTV,VT,ANE,EN,Combined TRACON& Tower with Radar,32,63,22,4,121,0,1,41,4,46,32,64,63,8,167,62,4,66,233
03/20/2010,BTV,VT,ANE,EN,Combined TRACON& Tower with Radar,30,31,14,0,75,0,0,48,0,48,30,31,62,0,123,76,6,82,205
03/21/2010,BTV,VT,ANE,EN,Combined TRACON& Tower with Radar,29,47,13,2,91,0,0,6,0,6,29,47,19,2,97,0,0,0,97
03/22/2010,BTV,VT,ANE,EN,Combined TRACON& Tower with Radar,28,43,13,18,102,0,0,0,0,0,28,43,13,18,102,0,0,0,102
03/23/2010,BTV,VT,ANE,EN,Combined TRACON& Tower with Radar,30,47,11,4,92,0,0,0,0,0,30,47,11,4,92,0,0,0,92
03/24/2010,BTV,VT,ANE,EN,Combined TRACON& Tower with Radar,32,46,17,39,134,0,0,3,6,9,32,46,20,45,143,40,0,40,183
03/25/2010,BTV,VT,ANE,EN,Combined TRACON& Tower with Radar,31,49,15,0,95,0,0,52,5,57,31,49,67,5,152,72,2,74,226
03/26/2010,BTV,VT,ANE,EN,Combined TRACON& Tower with Radar,31,55,14,27,127,0,0,39,5,44,31,55,53,32,171,58,24,82,253
03/27/2010,BTV,VT,ANE,EN,Combined TRACON& Tower with Radar,29,38,22,24,113,0,2,75,0,77,29,40,97,24,190,66,22,88,278
03/28/2010,BTV,VT,ANE,EN,Combined TRACON& Tower with Radar,28,47,19,0,94,0,1,7,0,8,28,48,26,0,102,0,0,0,102
03/29/2010,BTV,VT,ANE,EN,Combined TRACON& Tower with Radar,28,52,16,4,100,0,0,2,0,2,28,52,18,4,102,0,0,0,102
03/30/2010,BTV,VT,ANE,EN,Combined TRACON& Tower with Radar,29,48,12,11,100,0,0,0,0,0,29,48,12,11,100,0,2,2,102
03/31/2010,BTV,VT,ANE,EN,Combined TRACON& Tower with Radar,30,54,26,7,117,0,0,3,0,3,30,54,29,7,120,4,0,4,124
04/01/2010,BTV,VT,ANE,EN,Combined TRACON& Tower with Radar,33,56,26,2,117,0,2,63,9,74,33,58,89,11,191,72,12,84,275
04/02/2010,BTV,VT,ANE,EN,Combined TRACON& Tower with Radar,31,53,29,2,115,0,0,65,3,68,31,53,94,5,183,24,0,24,207
04/03/2010,BTV,VT,ANE,EN,Combined TRACON& Tower with Radar,27,34,14,0,75,0,0,65,0,65,27,34,79,0,140,108,0,108,248
04/04/2010,BTV,VT,ANE,EN,Combined TRACON& Tower with Radar,30,45,19,1,95,0,0,13,0,13,30,45,32,1,108,8,0,8,116
04/05/2010,BTV,VT,ANE,EN,Combined TRACON& Tower with Radar,30,53,17,3,103,0,0,15,2,17,30,53,32,5,120,40,0,40,160
04/06/2010,BTV,VT,ANE,EN,Combined TRACON& Tower with Radar,32,51,18,12,113,0,0,25,10,35,32,51,43,22,148,50,6,56,204
04/07/2010,BTV,VT,ANE,EN,Combined TRACON& Tower with Radar,29,48,21,10,108,0,0,36,5,41,29,48,57,15,149,18,4,22,171
04/08/2010,BTV,VT,ANE,EN,Combined TRACON& Tower with Radar,34,52,16,19,121,0,0,21,8,29,34,52,37,27,150,38,10,48,198
04/09/2010,BTV,VT,ANE,EN,Combined TRACON& Tower with Radar,32,51,22,12,117,0,2,12,2,16,32,53,34,14,133,38,14,52,185
04/10/2010,BTV,VT,ANE,EN,Combined TRACON& Tower with Radar,25,42,12,0,79,0,1,47,8,56,25,43,59,8,135,106,2,108,243
04/11/2010,BTV,VT,ANE,EN,Combined TRACON& Tower with Radar,28,48,20,0,96,0,0,30,7,37,28,48,50,7,133,42,6,48,181
04/12/2010,BTV,VT,ANE,EN,Combined TRACON& Tower with Radar,31,44,14,4,93,0,0,36,6,42,31,44,50,10,135,100,8,108,243
04/13/2010,BTV,VT,ANE,EN,Combined TRACON& Tower with Radar,32,49,7,11,99,0,2,68,6,76,32,51,75,17,175,98,72,170,345
04/14/2010,BTV,VT,ANE,EN,Combined TRACON& Tower with Radar,32,53,14,10,109,0,2,38,5,45,32,55,52,15,154,91,12,103,257
04/15/2010,BTV,VT,ANE,EN,Combined TRACON& Tower with Radar,32,52,16,15,115,0,1,46,13,60,32,53,62,28,175,10,32,42,217
04/16/2010,BTV,VT,ANE,EN,Combined TRACON& Tower with Radar,31,54,27,16,128,0,0,2,0,2,31,54,29,16,130,8,16,24,154
04/17/2010,BTV,VT,ANE,EN,Combined TRACON& Tower with Radar,24,48,16,0,88,0,0,1,0,1,24,48,17,0,89,38,0,38,127
04/18/2010,BTV,VT,ANE,EN,Combined TRACON& Tower with Radar,27,58,12,0,97,0,0,4,0,4,27,58,16,0,101,18,0,18,119
04/19/2010,BTV,VT,ANE,EN,Combined TRACON& Tower with Radar,31,54,17,2,104,0,0,14,0,14,31,54,31,2,118,28,0,28,146
04/20/2010,BTV,VT,ANE,EN,Combined TRACON& Tower with Radar,33,57,28,22,140,0,0,45,14,59,33,57,73,36,199,100,46,146,345
04/21/2010,BTV,VT,ANE,EN,Combined TRACON& Tower with Radar,31,49,25,16,121,0,0,39,4,43,31,49,64,20,164,26,10,36,200
04/22/2010,BTV,VT,ANE,EN,Combined TRACON& Tower with Radar,30,53,14,20,117,0,0,16,4,20,30,53,30,24,137,62,10,72,209
04/23/2010,BTV,VT,ANE,EN,Combined TRACON& Tower with Radar,32,56,16,6,110,0,0,59,10,69,32,56,75,16,179,54,10,64,243
04/24/2010,BTV,VT,ANE,EN,Combined TRACON& Tower with Radar,24,43,34,0,101,0,0,80,0,80,24,43,114,0,181,10,0,10,191
04/25/2010,BTV,VT,ANE,EN,Combined TRACON& Tower with Radar,22,38,18,0,78,0,0,32,0,32,22,38,50,0,110,24,0,24,134
04/26/2010,BTV,VT,ANE,EN,Combined TRACON& Tower with Radar,26,50,22,8,106,0,0,44,3,47,26,50,66,11,153,76,12,88,241
04/27/2010,BTV,VT,ANE,EN,Combined TRACON& Tower with Radar,30,49,9,6,94,0,0,0,0,0,30,49,9,6,94,0,0,0,94
04/28/2010,BTV,VT,ANE,EN,Combined TRACON& Tower with Radar,28,60,9,14,111,0,0,4,0,4,28,60,13,14,115,14,10,24,139
04/29/2010,BTV,VT,ANE,EN,Combined TRACON& Tower with Radar,30,51,19,3,103,0,0,30,3,33,30,51,49,6,136,68,4,72,208
04/30/2010,BTV,VT,ANE,EN,Combined TRACON& Tower with Radar,32,60,14,6,112,0,0,72,1,73,32,60,86,7,185,68,0,68,253
05/01/2010,BTV,VT,ANE,EN,Combined TRACON& Tower with Radar,25,49,11,2,87,0,0,59,1,60,25,49,70,3,147,90,46,136,283
05/02/2010,BTV,VT,ANE,EN,Combined TRACON& Tower with Radar,29,54,10,2,95,0,0,18,2,20,29,54,28,4,115,0,0,0,115
05/03/2010,BTV,VT,ANE,EN,Combined TRACON& Tower with Radar,30,49,15,2,96,0,0,15,0,15,30,49,30,2,111,84,2,86,197
05/04/2010,BTV,VT,ANE,EN,Combined TRACON& Tower with Radar,29,57,20,4,110,0,0,40,3,43,29,57,60,7,153,76,0,76,229
05/05/2010,BTV,VT,ANE,EN,Combined TRACON& Tower with Radar,30,54,25,10,119,0,0,70,6,76,30,54,95,16,195,32,18,50,245
05/06/2010,BTV,VT,ANE,EN,Combined TRACON& Tower with Radar,30,62,16,1,109,0,1,4,0,5,30,63,20,1,114,44,0,44,158
05/07/2010,BTV,VT,ANE,EN,Combined TRACON& Tower with Radar,31,60,17,3,111,0,3,42,3,48,31,63,59,6,159,14,0,14,173
05/08/2010,BTV,VT,ANE,EN,Combined TRACON& Tower with Radar,25,46,18,1,90,0,0,2,0,2,25,46,20,1,92,0,0,0,92
05/09/2010,BTV,VT,ANE,EN,Combined TRACON& Tower with Radar,27,50,11,0,88,0,0,0,0,0,27,50,11,0,88,0,0,0,88
05/10/2010,BTV,VT,ANE,EN,Combined TRACON& Tower with Radar,31,53,24,0,108,0,2,54,5,61,31,55,78,5,169,76,2,78,247
05/11/2010,BTV,VT,ANE,EN,Combined TRACON& Tower with Radar,30,53,26,2,111,0,0,59,7,66,30,53,85,9,177,76,2,78,255
05/12/2010,BTV,VT,ANE,EN,Combined TRACON& Tower with Radar,30,59,12,11,112,0,1,25,3,29,30,60,37,14,141,152,0,152,293
05/13/2010,BTV,VT,ANE,EN,Combined TRACON& Tower with Radar,31,53,10,0,94,0,2,64,10,76,31,55,74,10,170,70,2,72,242
05/14/2010,BTV,VT,ANE,EN,Combined TRACON& Tower with Radar,29,53,16,4,102,0,0,16,0,16,29,53,32,4,118,30,18,48,166
05/15/2010,BTV,VT,ANE,EN,Combined TRACON& Tower with Radar,26,50,26,2,104,0,0,23,0,23,26,50,49,2,127,72,0,72,199
05/16/2010,BTV,VT,ANE,EN,Combined TRACON& Tower with Radar,31,42,13,3,89,0,0,52,0,52,31,42,65,3,141,14,0,14,155
05/17/2010,BTV,VT,ANE,EN,Combined TRACON& Tower with Radar,33,49,14,3,99,0,0,63,1,64,33,49,77,4,163,64,0,64,227
05/18/2010,BTV,VT,ANE,EN,Combined TRACON& Tower with Radar,29,44,25,0,98,0,0,34,6,40,29,44,59,6,138,18,2,20,158
05/19/2010,BTV,VT,ANE,EN,Combined TRACON& Tower with Radar,32,54,13,0,99,0,0,22,2,24,32,54,35,2,123,14,0,14,137
05/20/2010,BTV,VT,ANE,EN,Combined TRACON& Tower with Radar,33,61,35,1,130,0,0,52,0,52,33,61,87,1,182,8,0,8,190
05/21/2010,BTV,VT,ANE,EN,Combined TRACON& Tower with Radar,33,54,31,2,120,0,0,80,2,82,33,54,111,4,202,46,0,46,248
05/22/2010,BTV,VT,ANE,EN,Combined TRACON& Tower with Radar,28,42,14,2,86,0,0,37,0,37,28,42,51,2,123,72,0,72,195
05/23/2010,BTV,VT,ANE,EN,Combined TRACON& Tower with Radar,31,49,17,2,99,0,1,39,0,40,31,50,56,2,139,6,0,6,145
05/24/2010,BTV,VT,ANE,EN,Combined TRACON& Tower with Radar,31,55,21,4,111,0,1,44,2,47,31,56,65,6,158,36,0,36,194
05/25/2010,BTV,VT,ANE,EN,Combined TRACON& Tower with Radar,30,47,20,0,97,0,0,39,5,44,30,47,59,5,141,14,0,14,155
05/26/2010,BTV,VT,ANE,EN,Combined TRACON& Tower with Radar,29,61,25,0,115,0,0,34,2,36,29,61,59,2,151,0,0,0,151
05/27/2010,BTV,VT,ANE,EN,Combined TRACON& Tower with Radar,28,54,11,0,93,0,0,40,4,44,28,54,51,4,137,22,0,22,159
05/28/2010,BTV,VT,ANE,EN,Combined TRACON& Tower with Radar,33,61,24,4,122,0,1,65,0,66,33,62,89,4,188,102,0,102,290
05/29/2010,BTV,VT,ANE,EN,Combined TRACON& Tower with Radar,19,46,26,0,91,0,0,56,2,58,19,46,82,2,149,82,0,82,231
05/30/2010,BTV,VT,ANE,EN,Combined TRACON& Tower with Radar,20,50,20,0,90,0,0,26,0,26,20,50,46,0,116,2,0,2,118
05/31/2010,BTV,VT,ANE,EN,Combined TRACON& Tower with Radar,25,55,37,1,118,0,0,7,0,7,25,55,44,1,125,8,0,8,133
06/01/2010,BTV,VT,ANE,EN,Combined TRACON& Tower with Radar,32,48,26,7,113,0,0,2,0,2,32,48,28,7,115,0,0,0,115
06/02/2010,BTV,VT,ANE,EN,Combined TRACON& Tower with Radar,31,48,14,1,94,0,0,42,9,51,31,48,56,10,145,78,0,78,223
06/03/2010,BTV,VT,ANE,EN,Combined TRACON& Tower with Radar,36,59,47,0,142,0,0,9,3,12,36,59,56,3,154,2,8,10,164
06/04/2010,BTV,VT,ANE,EN,Combined TRACON& Tower with Radar,33,59,32,9,133,0,0,50,3,53,33,59,82,12,186,44,6,50,236
06/05/2010,BTV,VT,ANE,EN,Combined TRACON& Tower with Radar,30,40,17,0,87,0,0,10,0,10,30,40,27,0,97,22,0,22,119
06/06/2010,BTV,VT,ANE,EN,Combined TRACON& Tower with Radar,34,35,14,0,83,0,0,0,0,0,34,35,14,0,83,0,0,0,83
06/07/2010,BTV,VT,ANE,EN,Combined TRACON& Tower with Radar,32,52,14,6,104,0,6,41,0,47,32,58,55,6,151,30,10,40,191
06/08/2010,BTV,VT,ANE,EN,Combined TRACON& Tower with Radar,30,50,19,2,101,0,0,25,8,33,30,50,44,10,134,42,0,42,176
06/09/2010,BTV,VT,ANE,EN,Combined TRACON& Tower with Radar,29,54,21,3,107,0,1,57,3,61,29,55,78,6,168,24,8,32,200
06/10/2010,BTV,VT,ANE,EN,Combined TRACON& Tower with Radar,32,56,30,2,120,0,2,2,0,4,32,58,32,2,124,0,0,0,124
06/11/2010,BTV,VT,ANE,EN,Combined TRACON& Tower with Radar,29,60,32,5,126,0,0,46,0,46,29,60,78,5,172,98,0,98,270
06/12/2010,BTV,VT,ANE,EN,Combined TRACON& Tower with Radar,27,42,29,2,100,0,0,27,0,27,27,42,56,2,127,58,0,58,185
06/13/2010,BTV,VT,ANE,EN,Combined TRACON& Tower with Radar,32,42,28,2,104,0,0,33,1,34,32,42,61,3,138,48,0,48,186
06/14/2010,BTV,VT,ANE,EN,Combined TRACON& Tower with Radar,29,52,25,2,108,0,0,14,0,14,29,52,39,2,122,78,4,82,204
06/15/2010,BTV,VT,ANE,EN,Combined TRACON& Tower with Radar,24,57,20,1,102,0,1,81,3,85,24,58,101,4,187,134,0,134,321
06/16/2010,BTV,VT,ANE,EN,Combined TRACON& Tower with Radar,26,57,32,8,123,0,0,23,0,23,26,57,55,8,146,104,8,112,258
06/17/2010,BTV,VT,ANE,EN,Combined TRACON& Tower with Radar,32,60,26,1,119,0,0,30,0,30,32,60,56,1,149,38,0,38,187
06/18/2010,BTV,VT,ANE,EN,Combined TRACON& Tower with Radar,29,62,30,2,123,0,2,91,0,93,29,64,121,2,216,86,0,86,302
06/19/2010,BTV,VT,ANE,EN,Combined TRACON& Tower with Radar,25,53,10,0,88,0,0,52,0,52,25,53,62,0,140,136,0,136,276
06/20/2010,BTV,VT,ANE,EN,Combined TRACON& Tower with Radar,35,48,28,2,113,0,0,21,0,21,35,48,49,2,134,34,0,34,168
06/21/2010,BTV,VT,ANE,EN,Combined TRACON& Tower with Radar,29,56,18,2,105,0,4,68,1,73,29,60,86,3,178,100,0,100,278
06/22/2010,BTV,VT,ANE,EN,Combined TRACON& Tower with Radar,29,55,14,2,100,0,1,62,1,64,29,56,76,3,164,52,0,52,216
06/23/2010,BTV,VT,ANE,EN,Combined TRACON& Tower with Radar,30,63,24,5,122,0,0,30,1,31,30,63,54,6,153,46,18,64,217
06/24/2010,BTV,VT,ANE,EN,Combined TRACON& Tower with Radar,30,60,10,4,104,0,1,6,1,8,30,61,16,5,112,52,0,52,164
06/25/2010,BTV,VT,ANE,EN,Combined TRACON& Tower with Radar,30,69,22,1,122,0,4,75,0,79,30,73,97,1,201,42,0,42,243
06/26/2010,BTV,VT,ANE,EN,Combined TRACON& Tower with Radar,27,45,18,0,90,0,0,18,0,18,27,45,36,0,108,82,0,82,190
06/27/2010,BTV,VT,ANE,EN,Combined TRACON& Tower with Radar,32,48,37,1,118,0,0,47,0,47,32,48,84,1,165,58,0,58,223
06/28/2010,BTV,VT,ANE,EN,Combined TRACON& Tower with Radar,27,50,21,2,100,0,0,19,2,21,27,50,40,4,121,18,4,22,143
06/29/2010,BTV,VT,ANE,EN,Combined TRACON& Tower with Radar,30,54,19,2,105,0,0,22,3,25,30,54,41,5,130,68,28,96,226
06/30/2010,BTV,VT,ANE,EN,Combined TRACON& Tower with Radar,29,60,31,6,126,0,0,29,3,32,29,60,60,9,158,66,0,66,224
07/01/2010,BTV,VT,ANE,EN,Combined TRACON& Tower with Radar,29,63,15,0,107,0,0,22,6,28,29,63,37,6,135,58,0,58,193
07/02/2010,BTV,VT,ANE,EN,Combined TRACON& Tower with Radar,32,52,20,4,108,0,0,83,0,83,32,52,103,4,191,168,0,168,359
07/03/2010,BTV,VT,ANE,EN,Combined TRACON& Tower with Radar,30,44,13,0,87,0,0,66,0,66,30,44,79,0,153,74,0,74,227
07/04/2010,BTV,VT,ANE,EN,Combined TRACON& Tower with Radar,25,42,9,0,76,0,0,35,0,35,25,42,44,0,111,40,0,40,151
07/05/2010,BTV,VT,ANE,EN,Combined TRACON& Tower with Radar,28,52,21,0,101,0,1,54,0,55,28,53,75,0,156,14,0,14,170
07/06/2010,BTV,VT,ANE,EN,Combined TRACON& Tower with Radar,29,55,21,4,109,0,1,22,2,25,29,56,43,6,134,24,0,24,158
07/07/2010,BTV,VT,ANE,EN,Combined TRACON& Tower with Radar,29,56,22,2,109,0,0,33,6,39,29,56,55,8,148,0,0,0,148
07/08/2010,BTV,VT,ANE,EN,Combined TRACON& Tower with Radar,31,56,19,2,108,0,0,38,8,46,31,56,57,10,154,0,0,0,154
07/09/2010,BTV,VT,ANE,EN,Combined TRACON& Tower with Radar,32,53,16,2,103,0,2,26,6,34,32,55,42,8,137,14,0,14,151
07/10/2010,BTV,VT,ANE,EN,Combined TRACON& Tower with Radar,32,43,33,0,108,0,0,34,2,36,32,43,67,2,144,42,38,80,224
07/11/2010,BTV,VT,ANE,EN,Combined TRACON& Tower with Radar,34,49,26,0,109,0,1,50,2,53,34,50,76,2,162,2,0,2,164
07/12/2010,BTV,VT,ANE,EN,Combined TRACON& Tower with Radar,29,49,22,4,104,0,0,64,0,64,29,49,86,4,168,64,0,64,232
07/13/2010,BTV,VT,ANE,EN,Combined TRACON& Tower with Radar,24,42,26,0,92,0,0,20,3,23,24,42,46,3,115,72,20,92,207
07/14/2010,BTV,VT,ANE,EN,Combined TRACON& Tower with Radar,30,50,21,4,105,0,0,15,1,16,30,50,36,5,121,0,0,0,121
07/15/2010,BTV,VT,ANE,EN,Combined TRACON& Tower with Radar,29,58,23,4,114,0,1,64,5,70,29,59,87,9,184,18,0,18,202
07/16/2010,BTV,VT,ANE,EN,Combined TRACON& Tower with Radar,31,48,28,2,109,0,0,8,0,8,31,48,36,2,117,48,0,48,165
07/17/2010,BTV,VT,ANE,EN,Combined TRACON& Tower with Radar,33,36,20,4,93,0,0,45,0,45,33,36,65,4,138,136,0,136,274
07/18/2010,BTV,VT,ANE,EN,Combined TRACON& Tower with Radar,34,47,39,0,120,0,0,53,0,53,34,47,92,0,173,14,0,14,187
07/19/2010,BTV,VT,ANE,EN,Combined TRACON& Tower with Radar,30,51,19,5,105,0,0,6,0,6,30,51,25,5,111,8,2,10,121
07/20/2010,BTV,VT,ANE,EN,Combined TRACON& Tower with Radar,33,53,25,0,111,0,0,50,0,50,33,53,75,0,161,34,0,34,195
07/21/2010,BTV,VT,ANE,EN,Combined TRACON& Tower with Radar,30,44,23,2,99,0,0,19,6,25,30,44,42,8,124,20,4,24,148
07/22/2010,BTV,VT,ANE,EN,Combined TRACON& Tower with Radar,33,64,21,5,123,0,0,57,15,72,33,64,78,20,195,46,6,52,247
07/23/2010,BTV,VT,ANE,EN,Combined TRACON& Tower with Radar,31,54,30,4,119,0,0,35,4,39,31,54,65,8,158,14,6,20,178
07/24/2010,BTV,VT,ANE,EN,Combined TRACON& Tower with Radar,34,43,27,3,107,0,1,29,0,30,34,44,56,3,137,60,0,60,197
07/25/2010,BTV,VT,ANE,EN,Combined TRACON& Tower with Radar,33,44,27,3,107,0,1,16,0,17,33,45,43,3,124,10,0,10,134
07/26/2010,BTV,VT,ANE,EN,Combined TRACON& Tower with Radar,30,57,16,4,107,0,0,43,3,46,30,57,59,7,153,12,0,12,165
07/27/2010,BTV,VT,ANE,EN,Combined TRACON& Tower with Radar,32,55,22,2,111,0,0,70,6,76,32,55,92,8,187,148,8,156,343
07/28/2010,BTV,VT,ANE,EN,Combined TRACON& Tower with Radar,32,62,6,10,110,0,1,25,2,28,32,63,31,12,138,38,4,42,180
07/29/2010,BTV,VT,ANE,EN,Combined TRACON& Tower with Radar,31,46,25,4,106,0,0,37,2,39,31,46,62,6,145,22,4,26,171
07/30/2010,BTV,VT,ANE,EN,Combined TRACON& Tower with Radar,30,58,30,0,118,0,0,45,3,48,30,58,75,3,166,100,0,100,266
07/31/2010,BTV,VT,ANE,EN,Combined TRACON& Tower with Radar,33,38,19,0,90,0,1,75,0,76,33,39,94,0,166,86,0,86,252
08/01/2010,BTV,VT,ANE,EN,Combined TRACON& Tower with Radar,32,48,17,0,97,0,3,56,0,59,32,51,73,0,156,10,0,10,166
08/02/2010,BTV,VT,ANE,EN,Combined TRACON& Tower with Radar,31,52,19,4,106,0,0,16,3,19,31,52,35,7,125,32,0,32,157
08/03/2010,BTV,VT,ANE,EN,Combined TRACON& Tower with Radar,32,63,24,0,119,0,2,12,0,14,32,65,36,0,133,102,2,104,237
08/04/2010,BTV,VT,ANE,EN,Combined TRACON& Tower with Radar,30,55,23,6,114,0,0,26,4,30,30,55,49,10,144,80,4,84,228
08/05/2010,BTV,VT,ANE,EN,Combined TRACON& Tower with Radar,31,54,30,0,115,0,1,20,4,25,31,55,50,4,140,46,10,56,196
08/06/2010,BTV,VT,ANE,EN,Combined TRACON& Tower with Radar,32,63,31,6,132,0,3,38,3,44,32,66,69,9,176,82,0,82,258
08/07/2010,BTV,VT,ANE,EN,Combined TRACON& Tower with Radar,33,44,40,1,118,0,0,68,11,79,33,44,108,12,197,8,4,12,209
08/08/2010,BTV,VT,ANE,EN,Combined TRACON& Tower with Radar,32,54,34,2,122,0,0,31,3,34,32,54,65,5,156,18,0,18,174
08/09/2010,BTV,VT,ANE,EN,Combined TRACON& Tower with Radar,30,56,17,4,107,0,0,23,0,23,30,56,40,4,130,16,0,16,146
08/10/2010,BTV,VT,ANE,EN,Combined TRACON& Tower with Radar,33,61,20,0,114,0,1,13,1,15,33,62,33,1,129,22,0,22,151
08/11/2010,BTV,VT,ANE,EN,Combined TRACON& Tower with Radar,32,62,19,4,117,0,0,65,5,70,32,62,84,9,187,74,0,74,261
08/12/2010,BTV,VT,ANE,EN,Combined TRACON& Tower with Radar,30,58,28,2,118,0,0,78,10,88,30,58,106,12,206,39,6,45,251
08/13/2010,BTV,VT,ANE,EN,Combined TRACON& Tower with Radar,31,60,27,8,126,0,3,46,3,52,31,63,73,11,178,40,6,46,224
08/14/2010,BTV,VT,ANE,EN,Combined TRACON& Tower with Radar,31,55,18,0,104,0,2,62,2,66,31,57,80,2,170,82,0,82,252
08/15/2010,BTV,VT,ANE,EN,Combined TRACON& Tower with Radar,31,57,16,0,104,0,2,14,4,20,31,59,30,4,124,84,0,84,208
08/16/2010,BTV,VT,ANE,EN,Combined TRACON& Tower with Radar,33,49,20,2,104,0,0,15,2,17,33,49,35,4,121,74,0,74,195
08/17/2010,BTV,VT,ANE,EN,Combined TRACON& Tower with Radar,34,51,16,0,101,0,1,52,5,58,34,52,68,5,159,38,6,44,203
08/18/2010,BTV,VT,ANE,EN,Combined TRACON& Tower with Radar,33,56,26,2,117,0,3,61,7,71,33,59,87,9,188,2,8,10,198
08/19/2010,BTV,VT,ANE,EN,Combined TRACON& Tower with Radar,34,51,23,2,110,0,1,72,6,79,34,52,95,8,189,74,10,84,273
08/20/2010,BTV,VT,ANE,EN,Combined TRACON& Tower with Radar,34,52,26,5,117,0,2,51,2,55,34,54,77,7,172,28,4,32,204
08/21/2010,BTV,VT,ANE,EN,Combined TRACON& Tower with Radar,34,39,34,0,107,0,0,63,0,63,34,39,97,0,170,102,2,104,274
08/22/2010,BTV,VT,ANE,EN,Combined TRACON& Tower with Radar,30,44,27,0,101,0,0,1,0,1,30,44,28,0,102,24,0,24,126
08/23/2010,BTV,VT,ANE,EN,Combined TRACON& Tower with Radar,34,48,19,2,103,0,0,25,0,25,34,48,44,2,128,72,0,72,200
08/24/2010,BTV,VT,ANE,EN,Combined TRACON& Tower with Radar,36,46,30,1,113,0,0,59,7,66,36,46,89,8,179,18,22,40,219
08/25/2010,BTV,VT,ANE,EN,Combined TRACON& Tower with Radar,35,47,14,6,102,0,0,21,1,22,35,47,35,7,124,44,20,64,188
08/26/2010,BTV,VT,ANE,EN,Combined TRACON& Tower with Radar,35,58,29,2,124,0,0,30,8,38,35,58,59,10,162,10,18,28,190
08/27/2010,BTV,VT,ANE,EN,Combined TRACON& Tower with Radar,37,49,22,2,110,0,0,54,6,60,37,49,76,8,170,90,12,102,272
08/28/2010,BTV,VT,ANE,EN,Combined TRACON& Tower with Radar,36,38,19,0,93,0,0,79,0,79,36,38,98,0,172,72,0,72,244
08/29/2010,BTV,VT,ANE,EN,Combined TRACON& Tower with Radar,30,56,24,3,113,0,1,57,2,60,30,57,81,5,173,84,0,84,257
08/30/2010,BTV,VT,ANE,EN,Combined TRACON& Tower with Radar,34,50,17,8,109,0,1,64,2,67,34,51,81,10,176,80,0,80,256
08/31/2010,BTV,VT,ANE,EN,Combined TRACON& Tower with Radar,36,55,25,2,118,0,1,45,5,51,36,56,70,7,169,86,0,86,255
09/01/2010,BTV,VT,ANE,EN,Combined TRACON& Tower with Radar,34,56,17,5,112,0,2,53,12,67,34,58,70,17,179,164,12,176,355
09/02/2010,BTV,VT,ANE,EN,Combined TRACON& Tower with Radar,37,51,26,2,116,0,1,48,2,51,37,52,74,4,167,92,0,92,259
09/03/2010,BTV,VT,ANE,EN,Combined TRACON& Tower with Radar,37,47,27,0,111,0,1,36,0,37,37,48,63,0,148,30,0,30,178
09/04/2010,BTV,VT,ANE,EN,Combined TRACON& Tower with Radar,36,35,12,0,83,0,3,24,0,27,36,38,36,0,110,100,0,100,210
09/05/2010,BTV,VT,ANE,EN,Combined TRACON& Tower with Radar,28,41,18,0,87,0,0,10,0,10,28,41,28,0,97,8,0,8,105
09/06/2010,BTV,VT,ANE,EN,Combined TRACON& Tower with Radar,33,45,23,0,101,0,3,51,2,56,33,48,74,2,157,68,0,68,225
09/07/2010,BTV,VT,ANE,EN,Combined TRACON& Tower with Radar,35,47,28,3,113,0,0,17,3,20,35,47,45,6,133,46,0,46,179
09/08/2010,BTV,VT,ANE,EN,Combined TRACON& Tower with Radar,33,55,32,4,124,0,0,20,6,26,33,55,52,10,150,54,8,62,212
09/09/2010,BTV,VT,ANE,EN,Combined TRACON& Tower with Radar,36,54,39,0,129,0,0,8,4,12,36,54,47,4,141,98,0,98,239
09/10/2010,BTV,VT,ANE,EN,Combined TRACON& Tower with Radar,35,49,41,2,127,0,4,30,0,34,35,53,71,2,161,154,0,154,315
09/11/2010,BTV,VT,ANE,EN,Combined TRACON& Tower with Radar,31,36,19,0,86,0,5,95,5,105,31,41,114,5,191,174,24,198,389
09/12/2010,BTV,VT,ANE,EN,Combined TRACON& Tower with Radar,30,54,24,0,108,0,0,26,6,32,30,54,50,6,140,100,0,100,240
09/13/2010,BTV,VT,ANE,EN,Combined TRACON& Tower with Radar,36,47,31,2,116,0,2,8,1,11,36,49,39,3,127,0,0,0,127
09/14/2010,BTV,VT,ANE,EN,Combined TRACON& Tower with Radar,33,50,18,7,108,0,2,32,2,36,33,52,50,9,144,0,0,0,144
09/15/2010,BTV,VT,ANE,EN,Combined TRACON& Tower with Radar,35,55,17,10,117,0,2,34,3,39,35,57,51,13,156,102,0,102,258
09/16/2010,BTV,VT,ANE,EN,Combined TRACON& Tower with Radar,35,47,30,2,114,0,0,37,6,43,35,47,67,8,157,4,10,14,171
09/17/2010,BTV,VT,ANE,EN,Combined TRACON& Tower with Radar,38,47,45,5,135,0,1,30,0,31,38,48,75,5,166,30,2,32,198
09/18/2010,BTV,VT,ANE,EN,Combined TRACON& Tower with Radar,36,40,11,0,87,0,0,70,3,73,36,40,81,3,160,22,0,22,182
09/19/2010,BTV,VT,ANE,EN,Combined TRACON& Tower with Radar,30,55,18,0,103,0,1,35,0,36,30,56,53,0,139,52,0,52,191
09/20/2010,BTV,VT,ANE,EN,Combined TRACON& Tower with Radar,36,49,18,5,108,0,0,50,8,58,36,49,68,13,166,24,2,26,192
09/21/2010,BTV,VT,ANE,EN,Combined TRACON& Tower with Radar,36,52,23,4,115,0,0,39,10,49,36,52,62,14,164,20,0,20,184
09/22/2010,BTV,VT,ANE,EN,Combined TRACON& Tower with Radar,31,49,22,7,109,0,1,20,3,24,31,50,42,10,133,44,4,48,181
09/23/2010,BTV,VT,ANE,EN,Combined TRACON& Tower with Radar,35,58,21,11,125,0,3,70,7,80,35,61,91,18,205,116,0,116,321
09/24/2010,BTV,VT,ANE,EN,Combined TRACON& Tower with Radar,37,51,31,5,124,0,0,28,3,31,37,51,59,8,155,58,0,58,213
09/25/2010,BTV,VT,ANE,EN,Combined TRACON& Tower with Radar,35,36,19,0,90,0,0,37,4,41,35,36,56,4,131,148,2,150,281
09/26/2010,BTV,VT,ANE,EN,Combined TRACON& Tower with Radar,30,57,30,1,118,0,0,2,0,2,30,57,32,1,120,70,0,70,190
09/27/2010,BTV,VT,ANE,EN,Combined TRACON& Tower with Radar,34,45,25,0,104,0,0,16,2,18,34,45,41,2,122,52,0,52,174
09/28/2010,BTV,VT,ANE,EN,Combined TRACON& Tower with Radar,36,46,16,0,98,0,0,6,0,6,36,46,22,0,104,2,0,2,106
09/29/2010,BTV,VT,ANE,EN,Combined TRACON& Tower with Radar,36,47,27,19,129,0,1,30,7,38,36,48,57,26,167,32,0,32,199
09/30/2010,BTV,VT,ANE,EN,Combined TRACON& Tower with Radar,33,46,30,0,109,0,0,2,0,2,33,46,32,0,111,8,0,8,119
10/01/2010,BTV,VT,ANE,EN,Combined TRACON& Tower with Radar,43,67,27,2,139,0,0,4,0,4,43,67,31,2,143,128,0,128,271
10/02/2010,BTV,VT,ANE,EN,Combined TRACON& Tower with Radar,31,43,25,10,109,0,0,61,4,65,31,43,86,14,174,108,12,120,294
10/03/2010,BTV,VT,ANE,EN,Combined TRACON& Tower with Radar,30,55,29,4,118,0,0,55,5,60,30,55,84,9,178,100,0,100,278
10/04/2010,BTV,VT,ANE,EN,Combined TRACON& Tower with Radar,36,42,11,2,91,0,1,51,0,52,36,43,62,2,143,50,0,50,193
10/05/2010,BTV,VT,ANE,EN,Combined TRACON& Tower with Radar,37,46,32,17,132,0,0,35,4,39,37,46,67,21,171,46,6,52,223
10/06/2010,BTV,VT,ANE,EN,Combined TRACON& Tower with Radar,38,52,23,13,126,0,0,10,3,13,38,52,33,16,139,16,8,24,163
10/07/2010,BTV,VT,ANE,EN,Combined TRACON& Tower with Radar,37,63,25,9,134,0,0,10,3,13,37,63,35,12,147,8,2,10,157
10/08/2010,BTV,VT,ANE,EN,Combined TRACON& Tower with Radar,37,60,29,3,129,0,2,56,12,70,37,62,85,15,199,40,10,50,249
10/09/2010,BTV,VT,ANE,EN,Combined TRACON& Tower with Radar,29,42,16,1,88,0,2,68,2,72,29,44,84,3,160,162,4,166,326
10/10/2010,BTV,VT,ANE,EN,Combined TRACON& Tower with Radar,31,48,19,0,98,0,3,71,0,74,31,51,90,0,172,34,0,34,206
10/11/2010,BTV,VT,ANE,EN,Combined TRACON& Tower with Radar,35,51,34,3,123,0,1,70,0,71,35,52,104,3,194,70,0,70,264
10/12/2010,BTV,VT,ANE,EN,Combined TRACON& Tower with Radar,37,54,24,11,126,0,0,34,8,42,37,54,58,19,168,68,4,72,240
10/13/2010,BTV,VT,ANE,EN,Combined TRACON& Tower with Radar,40,47,23,16,126,0,0,61,9,70,40,47,84,25,196,72,20,92,288
10/14/2010,BTV,VT,ANE,EN,Combined TRACON& Tower with Radar,38,48,27,15,128,0,0,39,6,45,38,48,66,21,173,64,52,116,289
10/15/2010,BTV,VT,ANE,EN,Combined TRACON& Tower with Radar,39,52,14,7,112,0,0,0,0,0,39,52,14,7,112,2,0,2,114
10/16/2010,BTV,VT,ANE,EN,Combined TRACON& Tower with Radar,30,41,9,1,81,0,0,13,0,13,30,41,22,1,94,0,0,0,94
10/17/2010,BTV,VT,ANE,EN,Combined TRACON& Tower with Radar,30,49,18,0,97,0,0,38,0,38,30,49,56,0,135,48,0,48,183
10/18/2010,BTV,VT,ANE,EN,Combined TRACON& Tower with Radar,35,39,18,2,94,0,1,30,0,31,35,40,48,2,125,30,4,34,159
10/19/2010,BTV,VT,ANE,EN,Combined TRACON& Tower with Radar,38,46,13,12,109,0,2,22,8,32,38,48,35,20,141,42,0,42,183
10/20/2010,BTV,VT,ANE,EN,Combined TRACON& Tower with Radar,37,59,16,12,124,0,1,34,4,39,37,60,50,16,163,66,14,80,243
10/21/2010,BTV,VT,ANE,EN,Combined TRACON& Tower with Radar,35,45,10,14,104,0,0,2,2,4,35,45,12,16,108,24,22,46,154
10/22/2010,BTV,VT,ANE,EN,Combined TRACON& Tower with Radar,40,49,32,5,126,0,1,32,4,37,40,50,64,9,163,146,6,152,315
10/23/2010,BTV,VT,ANE,EN,Combined TRACON& Tower with Radar,29,36,17,2,84,0,1,73,0,74,29,37,90,2,158,92,0,92,250
10/24/2010,BTV,VT,ANE,EN,Combined TRACON& Tower with Radar,30,51,22,2,105,0,0,2,0,2,30,51,24,2,107,4,0,4,111
10/25/2010,BTV,VT,ANE,EN,Combined TRACON& Tower with Radar,36,53,20,2,111,0,0,17,0,17,36,53,37,2,128,128,2,130,258
10/26/2010,BTV,VT,ANE,EN,Combined TRACON& Tower with Radar,37,46,20,13,116,0,0,24,9,33,37,46,44,22,149,48,4,52,201
10/27/2010,BTV,VT,ANE,EN,Combined TRACON& Tower with Radar,36,47,26,11,120,0,0,17,4,21,36,47,43,15,141,46,22,68,209
10/28/2010,BTV,VT,ANE,EN,Combined TRACON& Tower with Radar,38,55,20,6,119,0,0,21,3,24,38,55,41,9,143,56,0,56,199
10/29/2010,BTV,VT,ANE,EN,Combined TRACON& Tower with Radar,37,49,20,10,116,0,0,4,3,7,37,49,24,13,123,170,20,190,313
10/30/2010,BTV,VT,ANE,EN,Combined TRACON& Tower with Radar,31,37,13,0,81,0,0,8,0,8,31,37,21,0,89,18,0,18,107
10/31/2010,BTV,VT,ANE,EN,Combined TRACON& Tower with Radar,31,47,15,2,95,0,0,7,0,7,31,47,22,2,102,74,0,74,176
11/01/2010,BTV,VT,ANE,EN,Combined TRACON& Tower with Radar,38,50,19,4,111,0,0,7,1,8,38,50,26,5,119,86,0,86,205
11/02/2010,BTV,VT,ANE,EN,Combined TRACON& Tower with Radar,37,47,30,15,129,0,1,32,5,38,37,48,62,20,167,110,8,118,285
11/03/2010,BTV,VT,ANE,EN,Combined TRACON& Tower with Radar,35,54,16,9,114,0,0,80,5,85,35,54,96,14,199,132,38,170,369
11/04/2010,BTV,VT,ANE,EN,Combined TRACON& Tower with Radar,24,58,25,11,118,0,0,8,0,8,24,58,33,11,126,14,0,14,140
11/05/2010,BTV,VT,ANE,EN,Combined TRACON& Tower with Radar,36,56,12,2,106,0,0,0,0,0,36,56,12,2,106,0,0,0,106
11/06/2010,BTV,VT,ANE,EN,Combined TRACON& Tower with Radar,25,36,23,4,88,0,0,33,2,35,25,36,56,6,123,24,40,64,187
11/07/2010,BTV,VT,ANE,EN,Combined TRACON& Tower with Radar,28,47,21,1,97,0,0,48,5,53,28,47,69,6,150,86,6,92,242
11/08/2010,BTV,VT,ANE,EN,Combined TRACON& Tower with Radar,29,48,8,0,85,0,0,0,0,0,29,48,8,0,85,0,0,0,85
11/09/2010,BTV,VT,ANE,EN,Combined TRACON& Tower with Radar,34,55,15,14,118,0,0,0,0,0,34,55,15,14,118,0,0,0,118
11/10/2010,BTV,VT,ANE,EN,Combined TRACON& Tower with Radar,28,58,29,13,128,0,5,51,1,57,28,63,80,14,185,114,6,120,305
11/11/2010,BTV,VT,ANE,EN,Combined TRACON& Tower with Radar,28,56,30,1,115,0,1,100,1,102,28,57,130,2,217,154,0,154,371
11/12/2010,BTV,VT,ANE,EN,Combined TRACON& Tower with Radar,30,53,26,8,117,0,1,84,3,88,30,54,110,11,205,72,2,74,279
11/13/2010,BTV,VT,ANE,EN,Combined TRACON& Tower with Radar,25,40,21,0,86,0,0,109,0,109,25,40,130,0,195,104,0,104,299
11/14/2010,BTV,VT,ANE,EN,Combined TRACON& Tower with Radar,28,52,29,2,111,0,1,71,0,72,28,53,100,2,183,40,0,40,223
11/15/2010,BTV,VT,ANE,EN,Combined TRACON& Tower with Radar,29,55,17,2,103,0,1,18,3,22,29,56,35,5,125,64,0,64,189
11/16/2010,BTV,VT,ANE,EN,Combined TRACON& Tower with Radar,28,55,31,13,127,0,0,43,5,48,28,55,74,18,175,88,4,92,267
11/17/2010,BTV,VT,ANE,EN,Combined TRACON& Tower with Radar,26,59,17,8,110,0,0,5,0,5,26,59,22,8,115,6,0,6,121
11/18/2010,BTV,VT,ANE,EN,Combined TRACON& Tower with Radar,28,54,19,12,113,0,2,20,16,38,28,56,39,28,151,84,0,84,235
11/19/2010,BTV,VT,ANE,EN,Combined TRACON& Tower with Radar,30,58,22,18,128,0,0,28,1,29,30,58,50,19,157,92,20,112,269
11/20/2010,BTV,VT,ANE,EN,Combined TRACON& Tower with Radar,27,38,14,0,79,0,0,12,2,14,27,38,26,2,93,24,0,24,117
11/21/2010,BTV,VT,ANE,EN,Combined TRACON& Tower with Radar,28,47,30,0,105,0,1,69,0,70,28,48,99,0,175,58,0,58,233
11/22/2010,BTV,VT,ANE,EN,Combined TRACON& Tower with Radar,31,54,13,0,98,0,0,0,0,0,31,54,13,0,98,0,0,0,98
11/23/2010,BTV,VT,ANE,EN,Combined TRACON& Tower with Radar,30,60,16,14,120,0,0,10,0,10,30,60,26,14,130,0,4,4,134
11/24/2010,BTV,VT,ANE,EN,Combined TRACON& Tower with Radar,30,55,27,8,120,0,1,36,1,38,30,56,63,9,158,14,2,16,174
11/25/2010,BTV,VT,ANE,EN,Combined TRACON& Tower with Radar,15,33,4,0,52,0,0,22,0,22,15,33,26,0,74,50,0,50,124
11/26/2010,BTV,VT,ANE,EN,Combined TRACON& Tower with Radar,29,33,8,2,72,0,0,3,0,3,29,33,11,2,75,4,0,4,79
11/27/2010,BTV,VT,ANE,EN,Combined TRACON& Tower with Radar,28,41,25,3,97,0,0,3,0,3,28,41,28,3,100,24,0,24,124
11/28/2010,BTV,VT,ANE,EN,Combined TRACON& Tower with Radar,30,51,29,1,111,0,0,34,0,34,30,51,63,1,145,60,0,60,205
11/29/2010,BTV,VT,ANE,EN,Combined TRACON& Tower with Radar,30,49,19,0,98,0,0,49,4,53,30,49,68,4,151,92,0,92,243
11/30/2010,BTV,VT,ANE,EN,Combined TRACON& Tower with Radar,30,50,24,13,117,0,0,20,2,22,30,50,44,15,139,8,4,12,151
12/01/2010,BTV,VT,ANE,EN,Combined TRACON& Tower with Radar,27,50,7,2,86,0,0,0,0,0,27,50,7,2,86,0,0,0,86
12/02/2010,BTV,VT,ANE,EN,Combined TRACON& Tower with Radar,30,58,26,10,124,0,0,17,1,18,30,58,43,11,142,4,14,18,160
12/03/2010,BTV,VT,ANE,EN,Combined TRACON& Tower with Radar,29,59,20,12,120,0,0,19,4,23,29,59,39,16,143,64,0,64,207
12/04/2010,BTV,VT,ANE,EN,Combined TRACON& Tower with Radar,23,33,36,2,94,0,0,3,0,3,23,33,39,2,97,26,0,26,123
12/05/2010,BTV,VT,ANE,EN,Combined TRACON& Tower with Radar,28,43,19,5,95,0,0,22,4,26,28,43,41,9,121,40,14,54,175
12/06/2010,BTV,VT,ANE,EN,Combined TRACON& Tower with Radar,29,46,11,1,87,0,0,1,0,1,29,46,12,1,88,0,0,0,88
12/07/2010,BTV,VT,ANE,EN,Combined TRACON& Tower with Radar,25,52,5,11,93,0,0,4,0,4,25,52,9,11,97,0,4,4,101
12/08/2010,BTV,VT,ANE,EN,Combined TRACON& Tower with Radar,27,58,20,9,114,0,0,11,0,11,27,58,31,9,125,22,10,32,157
12/09/2010,BTV,VT,ANE,EN,Combined TRACON& Tower with Radar,32,60,29,6,127,0,0,10,0,10,32,60,39,6,137,8,0,8,145
12/10/2010,BTV,VT,ANE,EN,Combined TRACON& Tower with Radar,30,57,14,16,117,0,0,12,2,14,30,57,26,18,131,10,0,10,141
12/11/2010,BTV,VT,ANE,EN,Combined TRACON& Tower with Radar,25,36,33,0,94,0,1,12,0,13,25,37,45,0,107,198,0,198,305
12/12/2010,BTV,VT,ANE,EN,Combined TRACON& Tower with Radar,21,31,9,0,61,0,0,0,0,0,21,31,9,0,61,0,0,0,61
12/13/2010,BTV,VT,ANE,EN,Combined TRACON& Tower with Radar,28,44,20,4,96,0,0,0,0,0,28,44,20,4,96,0,0,0,96
12/14/2010,BTV,VT,ANE,EN,Combined TRACON& Tower with Radar,31,59,13,7,110,0,0,8,4,12,31,59,21,11,122,0,0,0,122
12/15/2010,BTV,VT,ANE,EN,Combined TRACON& Tower with Radar,28,60,17,12,117,0,0,8,2,10,28,60,25,14,127,36,2,38,165
12/16/2010,BTV,VT,ANE,EN,Combined TRACON& Tower with Radar,39,59,26,8,132,0,0,24,2,26,39,59,50,10,158,28,2,30,188
12/17/2010,BTV,VT,ANE,EN,Combined TRACON& Tower with Radar,36,60,31,6,133,0,0,18,4,22,36,60,49,10,155,46,4,50,205
12/18/2010,BTV,VT,ANE,EN,Combined TRACON& Tower with Radar,34,39,29,0,102,0,0,32,0,32,34,39,61,0,134,40,0,40,174
12/19/2010,BTV,VT,ANE,EN,Combined TRACON& Tower with Radar,33,40,11,0,84,0,0,29,0,29,33,40,40,0,113,122,0,122,235
12/20/2010,BTV,VT,ANE,EN,Combined TRACON& Tower with Radar,33,55,16,2,106,0,1,9,0,10,33,56,25,2,116,16,0,16,132
12/21/2010,BTV,VT,ANE,EN,Combined TRACON& Tower with Radar,35,56,22,9,122,0,0,1,0,1,35,56,23,9,123,22,0,22,145
12/22/2010,BTV,VT,ANE,EN,Combined TRACON& Tower with Radar,36,53,8,1,98,0,0,3,0,3,36,53,11,1,101,0,0,0,101
12/23/2010,BTV,VT,ANE,EN,Combined TRACON& Tower with Radar,35,59,20,0,114,0,0,2,0,2,35,59,22,0,116,18,0,18,134
12/24/2010,BTV,VT,ANE,EN,Combined TRACON& Tower with Radar,32,35,12,2,81,0,1,27,0,28,32,36,39,2,109,24,0,24,133
12/25/2010,BTV,VT,ANE,EN,Combined TRACON& Tower with Radar,36,24,6,0,66,0,0,2,0,2,36,24,8,0,68,0,0,0,68
12/26/2010,BTV,VT,ANE,EN,Combined TRACON& Tower with Radar,32,34,27,0,93,0,0,1,0,1,32,34,28,0,94,0,0,0,94
12/27/2010,BTV,VT,ANE,EN,Combined TRACON& Tower with Radar,23,24,11,0,58,0,0,0,0,0,23,24,11,0,58,0,0,0,58
12/28/2010,BTV,VT,ANE,EN,Combined TRACON& Tower with Radar,26,41,31,9,107,0,4,29,4,37,26,45,60,13,144,14,16,30,174
12/29/2010,BTV,VT,ANE,EN,Combined TRACON& Tower with Radar,32,42,20,0,94,0,0,1,0,1,32,42,21,0,95,0,0,0,95
12/30/2010,BTV,VT,ANE,EN,Combined TRACON& Tower with Radar,34,49,21,5,109,0,1,57,1,59,34,50,78,6,168,74,4,78,246
12/31/2010,BTV,VT,ANE,EN,Combined TRACON& Tower with Radar,34,26,12,2,74,0,0,20,0,20,34,26,32,2,94,20,0,20,114
01/01/2011,BTV,VT,ANE,EN,Combined TRACON& Tower with Radar,30,37,35,0,102,0,2,9,0,11,30,39,44,0,113,24,0,24,137
01/02/2011,BTV,VT,ANE,EN,Combined TRACON& Tower with Radar,32,46,17,0,95,0,0,16,0,16,32,46,33,0,111,24,0,24,135
01/03/2011,BTV,VT,ANE,EN,Combined TRACON& Tower with Radar,36,45,27,2,110,0,0,21,3,24,36,45,48,5,134,96,0,96,230
01/04/2011,BTV,VT,ANE,EN,Combined TRACON& Tower with Radar,37,43,21,6,107,0,0,4,2,6,37,43,25,8,113,10,0,10,123
01/05/2011,BTV,VT,ANE,EN,Combined TRACON& Tower with Radar,34,46,22,2,104,0,0,19,4,23,34,46,41,6,127,22,2,24,151
01/06/2011,BTV,VT,ANE,EN,Combined TRACON& Tower with Radar,33,53,23,21,130,0,0,13,9,22,33,53,36,30,152,66,12,78,230
01/07/2011,BTV,VT,ANE,EN,Combined TRACON& Tower with Radar,33,37,13,7,90,0,0,3,2,5,33,37,16,9,95,66,6,72,167
01/08/2011,BTV,VT,ANE,EN,Combined TRACON& Tower with Radar,33,19,24,7,83,0,0,2,0,2,33,19,26,7,85,14,0,14,99
01/09/2011,BTV,VT,ANE,EN,Combined TRACON& Tower with Radar,34,42,30,1,107,0,0,10,0,10,34,42,40,1,117,66,0,66,183
01/10/2011,BTV,VT,ANE,EN,Combined TRACON& Tower with Radar,32,42,32,0,106,0,0,12,0,12,32,42,44,0,118,86,0,86,204
01/11/2011,BTV,VT,ANE,EN,Combined TRACON& Tower with Radar,30,42,16,4,92,0,1,9,4,14,30,43,25,8,106,74,0,74,180
01/12/2011,BTV,VT,ANE,EN,Combined TRACON& Tower with Radar,14,8,6,0,28,0,0,0,0,0,14,8,6,0,28,0,0,0,28
01/13/2011,BTV,VT,ANE,EN,Combined TRACON& Tower with Radar,31,55,19,8,113,0,0,9,8,17,31,55,28,16,130,36,12,48,178
01/14/2011,BTV,VT,ANE,EN,Combined TRACON& Tower with Radar,35,57,35,2,129,0,0,12,0,12,35,57,47,2,141,14,0,14,155
01/15/2011,BTV,VT,ANE,EN,Combined TRACON& Tower with Radar,33,25,14,0,72,0,0,13,0,13,33,25,27,0,85,82,0,82,167
01/16/2011,BTV,VT,ANE,EN,Combined TRACON& Tower with Radar,32,37,29,1,99,0,0,29,0,29,32,37,58,1,128,34,0,34,162
01/17/2011,BTV,VT,ANE,EN,Combined TRACON& Tower with Radar,33,54,35,2,124,0,0,56,0,56,33,54,91,2,180,118,0,118,298
01/18/2011,BTV,VT,ANE,EN,Combined TRACON& Tower with Radar,28,38,6,0,72,0,0,0,0,0,28,38,6,0,72,0,0,0,72
01/19/2011,BTV,VT,ANE,EN,Combined TRACON& Tower with Radar,29,45,10,2,86,0,0,0,0,0,29,45,10,2,86,0,0,0,86
01/20/2011,BTV,VT,ANE,EN,Combined TRACON& Tower with Radar,34,46,27,4,111,0,3,16,5,24,34,49,43,9,135,10,0,10,145
01/21/2011,BTV,VT,ANE,EN,Combined TRACON& Tower with Radar,32,48,21,4,105,0,0,5,0,5,32,48,26,4,110,0,0,0,110
01/22/2011,BTV,VT,ANE,EN,Combined TRACON& Tower with Radar,34,27,32,0,93,0,0,23,0,23,34,27,55,0,116,84,0,84,200
01/23/2011,BTV,VT,ANE,EN,Combined TRACON& Tower with Radar,32,44,12,1,89,0,1,14,0,15,32,45,26,1,104,8,0,8,112
01/24/2011,BTV,VT,ANE,EN,Combined TRACON& Tower with Radar,33,63,12,18,126,0,1,12,0,13,33,64,24,18,139,34,28,62,201
01/25/2011,BTV,VT,ANE,EN,Combined TRACON& Tower with Radar,31,42,22,7,102,0,0,2,0,2,31,42,24,7,104,34,22,56,160
01/26/2011,BTV,VT,ANE,EN,Combined TRACON& Tower with Radar,22,39,28,25,114,0,0,13,5,18,22,39,41,30,132,82,42,124,256
01/27/2011,BTV,VT,ANE,EN,Combined TRACON& Tower with Radar,21,37,23,8,89,0,0,7,6,13,21,37,30,14,102,78,32,110,212
01/28/2011,BTV,VT,ANE,EN,Combined TRACON& Tower with Radar,35,45,23,9,112,0,0,19,3,22,35,45,42,12,134,56,8,64,198
01/29/2011,BTV,VT,ANE,EN,Combined TRACON& Tower with Radar,32,30,17,0,79,0,0,10,0,10,32,30,27,0,89,16,0,16,105
01/30/2011,BTV,VT,ANE,EN,Combined TRACON& Tower with Radar,31,46,32,0,109,0,0,6,0,6,31,46,38,0,115,28,0,28,143
01/31/2011,BTV,VT,ANE,EN,Combined TRACON& Tower with Radar,33,51,25,10,119,0,0,27,5,32,33,51,52,15,151,48,10,58,209
02/01/2011,BTV,VT,ANE,EN,Combined TRACON& Tower with Radar,23,32,11,4,70,0,0,2,0,2,23,32,13,4,72,12,0,12,84
02/02/2011,BTV,VT,ANE,EN,Combined TRACON& Tower with Radar,22,11,0,0,33,0,0,0,0,0,22,11,0,0,33,0,0,0,33
02/03/2011,BTV,VT,ANE,EN,Combined TRACON& Tower with Radar,31,43,12,5,91,0,0,14,8,22,31,43,26,13,113,4,2,6,119
02/04/2011,BTV,VT,ANE,EN,Combined TRACON& Tower with Radar,35,51,23,4,113,0,1,20,8,29,35,52,43,12,142,255,34,289,431
02/05/2011,BTV,VT,ANE,EN,Combined TRACON& Tower with Radar,28,27,21,5,81,0,0,28,0,28,28,27,49,5,109,52,0,52,161
02/06/2011,BTV,VT,ANE,EN,Combined TRACON& Tower with Radar,31,43,42,3,119,0,0,0,4,4,31,43,42,7,123,10,0,10,133
02/07/2011,BTV,VT,ANE,EN,Combined TRACON& Tower with Radar,32,44,27,11,114,0,0,10,1,11,32,44,37,12,125,24,18,42,167
02/08/2011,BTV,VT,ANE,EN,Combined TRACON& Tower with Radar,31,42,8,4,85,0,0,0,0,0,31,42,8,4,85,0,0,0,85
02/09/2011,BTV,VT,ANE,EN,Combined TRACON& Tower with Radar,38,42,17,4,101,0,1,21,8,30,38,43,38,12,131,6,0,6,137
02/10/2011,BTV,VT,ANE,EN,Combined TRACON& Tower with Radar,32,52,23,4,111,0,0,34,6,40,32,52,57,10,151,242,0,242,393
02/11/2011,BTV,VT,ANE,EN,Combined TRACON& Tower with Radar,37,49,17,1,104,0,0,22,0,22,37,49,39,1,126,26,0,26,152
02/12/2011,BTV,VT,ANE,EN,Combined TRACON& Tower with Radar,34,28,15,0,77,0,0,14,0,14,34,28,29,0,91,58,0,58,149
02/13/2011,BTV,VT,ANE,EN,Combined TRACON& Tower with Radar,32,46,24,0,102,0,0,8,0,8,32,46,32,0,110,94,0,94,204
02/14/2011,BTV,VT,ANE,EN,Combined TRACON& Tower with Radar,32,48,13,4,97,0,0,9,0,9,32,48,22,4,106,0,16,16,122
02/15/2011,BTV,VT,ANE,EN,Combined TRACON& Tower with Radar,33,43,20,14,110,0,0,19,6,25,33,43,39,20,135,4,10,14,149
02/16/2011,BTV,VT,ANE,EN,Combined TRACON& Tower with Radar,33,44,21,10,108,0,2,31,12,45,33,46,52,22,153,84,14,98,251
02/17/2011,BTV,VT,ANE,EN,Combined TRACON& Tower with Radar,32,51,27,17,127,0,1,37,3,41,32,52,64,20,168,50,16,66,234
02/18/2011,BTV,VT,ANE,EN,Combined TRACON& Tower with Radar,31,57,30,0,118,0,0,10,0,10,31,57,40,0,128,200,0,200,328
02/19/2011,BTV,VT,ANE,EN,Combined TRACON& Tower with Radar,28,34,21,0,83,0,0,5,0,5,28,34,26,0,88,22,0,22,110
02/20/2011,BTV,VT,ANE,EN,Combined TRACON& Tower with Radar,29,39,31,0,99,0,0,35,0,35,29,39,66,0,134,20,0,20,154
02/21/2011,BTV,VT,ANE,EN,Combined TRACON& Tower with Radar,28,41,15,0,84,0,1,8,0,9,28,42,23,0,93,36,0,36,129
02/22/2011,BTV,VT,ANE,EN,Combined TRACON& Tower with Radar,32,52,23,6,113,0,0,22,6,28,32,52,45,12,141,34,0,34,175
02/23/2011,BTV,VT,ANE,EN,Combined TRACON& Tower with Radar,31,56,22,9,118,0,0,35,5,40,31,56,57,14,158,30,8,38,196
02/24/2011,BTV,VT,ANE,EN,Combined TRACON& Tower with Radar,31,56,25,6,118,0,0,9,6,15,31,56,34,12,133,36,6,42,175
02/25/2011,BTV,VT,ANE,EN,Combined TRACON& Tower with Radar,18,20,10,0,48,0,0,0,0,0,18,20,10,0,48,0,0,0,48
02/26/2011,BTV,VT,ANE,EN,Combined TRACON& Tower with Radar,29,26,30,2,87,0,0,21,0,21,29,26,51,2,108,52,0,52,160
02/27/2011,BTV,VT,ANE,EN,Combined TRACON& Tower with Radar,30,46,26,0,102,0,0,5,0,5,30,46,31,0,107,24,0,24,131
02/28/2011,BTV,VT,ANE,EN,Combined TRACON& Tower with Radar,30,47,11,6,94,0,0,2,0,2,30,47,13,6,96,0,8,8,104
03/01/2011,BTV,VT,ANE,EN,Combined TRACON& Tower with Radar,32,50,20,14,116,0,0,36,7,43,32,50,56,21,159,74,8,82,241
03/02/2011,BTV,VT,ANE,EN,Combined TRACON& Tower with Radar,33,55,20,11,119,0,0,3,1,4,33,55,23,12,123,0,0,0,123
03/03/2011,BTV,VT,ANE,EN,Combined TRACON& Tower with Radar,32,55,19,7,113,0,1,30,2,33,32,56,49,9,146,26,10,36,182
03/04/2011,BTV,VT,ANE,EN,Combined TRACON& Tower with Radar,31,56,32,12,131,0,0,14,3,17,31,56,46,15,148,62,8,70,218
03/05/2011,BTV,VT,ANE,EN,Combined TRACON& Tower with Radar,32,42,26,9,109,0,1,5,0,6,32,43,31,9,115,0,0,0,115
03/06/2011,BTV,VT,ANE,EN,Combined TRACON& Tower with Radar,17,12,9,1,39,0,0,0,0,0,17,12,9,1,39,0,0,0,39
03/07/2011,BTV,VT,ANE,EN,Combined TRACON& Tower with Radar,1,3,3,0,7,0,0,0,0,0,1,3,3,0,7,0,0,0,7
03/08/2011,BTV,VT,ANE,EN,Combined TRACON& Tower with Radar,31,68,32,1,132,0,0,38,5,43,31,68,70,6,175,20,0,20,195
03/09/2011,BTV,VT,ANE,EN,Combined TRACON& Tower with Radar,29,55,14,7,105,0,0,37,5,42,29,55,51,12,147,62,14,76,223
03/10/2011,BTV,VT,ANE,EN,Combined TRACON& Tower with Radar,27,46,13,2,88,0,0,0,0,0,27,46,13,2,88,0,0,0,88
03/11/2011,BTV,VT,ANE,EN,Combined TRACON& Tower with Radar,33,59,31,9,132,0,2,8,0,10,33,61,39,9,142,8,0,8,150
03/12/2011,BTV,VT,ANE,EN,Combined TRACON& Tower with Radar,29,41,35,0,105,0,0,10,0,10,29,41,45,0,115,54,0,54,169
03/13/2011,BTV,VT,ANE,EN,Combined TRACON& Tower with Radar,28,46,28,4,106,0,0,1,0,1,28,46,29,4,107,0,0,0,107
03/14/2011,BTV,VT,ANE,EN,Combined TRACON& Tower with Radar,28,53,17,5,103,0,1,38,3,42,28,54,55,8,145,36,0,36,181
03/15/2011,BTV,VT,ANE,EN,Combined TRACON& Tower with Radar,31,50,30,9,120,0,0,61,7,68,31,50,91,16,188,110,6,116,304
03/16/2011,BTV,VT,ANE,EN,Combined TRACON& Tower with Radar,29,50,26,8,113,0,0,6,0,6,29,50,32,8,119,0,0,0,119
03/17/2011,BTV,VT,ANE,EN,Combined TRACON& Tower with Radar,32,53,22,7,114,0,2,44,4,50,32,55,66,11,164,232,0,232,396
03/18/2011,BTV,VT,ANE,EN,Combined TRACON& Tower with Radar,31,53,26,8,118,0,2,12,1,15,31,55,38,9,133,0,0,0,133
03/19/2011,BTV,VT,ANE,EN,Combined TRACON& Tower with Radar,31,35,8,2,76,0,0,44,0,44,31,35,52,2,120,158,0,158,278
03/20/2011,BTV,VT,ANE,EN,Combined TRACON& Tower with Radar,29,44,30,0,103,0,3,110,0,113,29,47,140,0,216,238,0,238,454
03/21/2011,BTV,VT,ANE,EN,Combined TRACON& Tower with Radar,30,45,14,0,89,0,0,4,0,4,30,45,18,0,93,22,0,22,115
03/22/2011,BTV,VT,ANE,EN,Combined TRACON& Tower with Radar,32,54,23,14,123,0,0,16,5,21,32,54,39,19,144,86,24,110,254
03/23/2011,BTV,VT,ANE,EN,Combined TRACON& Tower with Radar,28,42,21,8,99,0,2,19,4,25,28,44,40,12,124,34,12,46,170
03/24/2011,BTV,VT,ANE,EN,Combined TRACON& Tower with Radar,31,48,23,5,107,0,0,18,0,18,31,48,41,5,125,124,0,124,249
03/25/2011,BTV,VT,ANE,EN,Combined TRACON& Tower with Radar,32,56,29,10,127,0,2,15,0,17,32,58,44,10,144,82,4,86,230
03/26/2011,BTV,VT,ANE,EN,Combined TRACON& Tower with Radar,31,40,18,0,89,0,0,38,0,38,31,40,56,0,127,50,0,50,177
03/27/2011,BTV,VT,ANE,EN,Combined TRACON& Tower with Radar,29,42,17,0,88,0,0,38,0,38,29,42,55,0,126,10,0,10,136
03/28/2011,BTV,VT,ANE,EN,Combined TRACON& Tower with Radar,30,43,27,6,106,0,2,23,12,37,30,45,50,18,143,24,20,44,187
03/29/2011,BTV,VT,ANE,EN,Combined TRACON& Tower with Radar,31,57,11,13,112,0,0,5,5,10,31,57,16,18,122,0,4,4,126
03/30/2011,BTV,VT,ANE,EN,Combined TRACON& Tower with Radar,32,53,21,21,127,0,0,50,5,55,32,53,71,26,182,88,46,134,316
03/31/2011,BTV,VT,ANE,EN,Combined TRACON& Tower with Radar,30,55,16,32,133,0,0,24,4,28,30,55,40,36,161,16,26,42,203
04/01/2011,BTV,VT,ANE,EN,Combined TRACON& Tower with Radar,32,55,17,6,110,0,0,4,0,4,32,55,21,6,114,2,0,2,116
04/02/2011,BTV,VT,ANE,EN,Combined TRACON& Tower with Radar,28,45,25,19,117,0,0,18,6,24,28,45,43,25,141,126,42,168,309
04/03/2011,BTV,VT,ANE,EN,Combined TRACON& Tower with Radar,24,52,19,6,101,0,0,54,10,64,24,52,73,16,165,24,40,64,229
04/04/2011,BTV,VT,ANE,EN,Combined TRACON& Tower with Radar,35,55,21,1,112,0,0,0,0,0,35,55,21,1,112,0,0,0,112
04/05/2011,BTV,VT,ANE,EN,Combined TRACON& Tower with Radar,28,51,8,10,97,0,0,0,0,0,28,51,8,10,97,0,0,0,97
04/06/2011,BTV,VT,ANE,EN,Combined TRACON& Tower with Radar,28,48,21,5,102,0,1,32,8,41,28,49,53,13,143,94,14,108,251
04/07/2011,BTV,VT,ANE,EN,Combined TRACON& Tower with Radar,27,56,30,12,125,0,2,71,3,76,27,58,101,15,201,92,6,98,299
04/08/2011,BTV,VT,ANE,EN,Combined TRACON& Tower with Radar,28,56,35,11,130,0,0,57,2,59,28,56,92,13,189,34,4,38,227
04/09/2011,BTV,VT,ANE,EN,Combined TRACON& Tower with Radar,26,47,18,0,91,0,0,88,0,88,26,47,106,0,179,116,0,116,295
04/10/2011,BTV,VT,ANE,EN,Combined TRACON& Tower with Radar,25,50,29,0,104,0,0,52,0,52,25,50,81,0,156,66,0,66,222
04/11/2011,BTV,VT,ANE,EN,Combined TRACON& Tower with Radar,27,57,14,3,101,0,0,5,2,7,27,57,19,5,108,0,6,6,114
04/12/2011,BTV,VT,ANE,EN,Combined TRACON& Tower with Radar,30,49,21,7,107,0,3,44,5,52,30,52,65,12,159,100,42,142,301
04/13/2011,BTV,VT,ANE,EN,Combined TRACON& Tower with Radar,26,55,23,15,119,0,0,6,0,6,26,55,29,15,125,66,6,72,197
04/14/2011,BTV,VT,ANE,EN,Combined TRACON& Tower with Radar,29,55,31,10,125,0,0,16,1,17,29,55,47,11,142,130,0,130,272
04/15/2011,BTV,VT,ANE,EN,Combined TRACON& Tower with Radar,32,59,29,11,131,0,3,67,6,76,32,62,96,17,207,76,4,80,287
04/16/2011,BTV,VT,ANE,EN,Combined TRACON& Tower with Radar,23,43,23,0,89,0,0,7,0,7,23,43,30,0,96,38,0,38,134
04/17/2011,BTV,VT,ANE,EN,Combined TRACON& Tower with Radar,25,44,21,2,92,0,0,4,0,4,25,44,25,2,96,0,0,0,96
04/18/2011,BTV,VT,ANE,EN,Combined TRACON& Tower with Radar,30,49,24,0,103,0,0,20,0,20,30,49,44,0,123,8,0,8,131
04/19/2011,BTV,VT,ANE,EN,Combined TRACON& Tower with Radar,31,47,25,8,111,0,0,44,2,46,31,47,69,10,157,118,2,120,277
04/20/2011,BTV,VT,ANE,EN,Combined TRACON& Tower with Radar,29,49,12,10,100,0,0,2,0,2,29,49,14,10,102,0,0,0,102
04/21/2011,BTV,VT,ANE,EN,Combined TRACON& Tower with Radar,30,51,27,9,117,0,0,15,0,15,30,51,42,9,132,68,0,68,200
04/22/2011,BTV,VT,ANE,EN,Combined TRACON& Tower with Radar,32,49,28,8,117,0,0,84,2,86,32,49,112,10,203,168,4,172,375
04/23/2011,BTV,VT,ANE,EN,Combined TRACON& Tower with Radar,28,44,9,0,81,0,0,0,0,0,28,44,9,0,81,0,0,0,81
04/24/2011,BTV,VT,ANE,EN,Combined TRACON& Tower with Radar,26,54,19,0,99,0,0,19,0,19,26,54,38,0,118,58,0,58,176
04/25/2011,BTV,VT,ANE,EN,Combined TRACON& Tower with Radar,27,58,24,3,112,0,1,21,5,27,27,59,45,8,139,78,4,82,221
04/26/2011,BTV,VT,ANE,EN,Combined TRACON& Tower with Radar,33,46,17,9,105,0,0,0,0,0,33,46,17,9,105,0,0,0,105
04/27/2011,BTV,VT,ANE,EN,Combined TRACON& Tower with Radar,30,51,24,7,112,0,0,25,1,26,30,51,49,8,138,82,4,86,224
04/28/2011,BTV,VT,ANE,EN,Combined TRACON& Tower with Radar,24,44,17,0,85,0,0,1,0,1,24,44,18,0,86,42,0,42,128
04/29/2011,BTV,VT,ANE,EN,Combined TRACON& Tower with Radar,32,59,32,9,132,0,0,38,4,42,32,59,70,13,174,56,10,66,240
04/30/2011,BTV,VT,ANE,EN,Combined TRACON& Tower with Radar,28,47,18,0,93,0,0,60,0,60,28,47,78,0,153,192,0,192,345
05/01/2011,BTV,VT,ANE,EN,Combined TRACON& Tower with Radar,27,50,27,1,105,0,2,70,1,73,27,52,97,2,178,104,4,108,286
05/02/2011,BTV,VT,ANE,EN,Combined TRACON& Tower with Radar,31,54,20,0,105,0,0,22,3,25,31,54,42,3,130,6,0,6,136
05/03/2011,BTV,VT,ANE,EN,Combined TRACON& Tower with Radar,35,45,31,13,124,0,0,0,2,2,35,45,31,15,126,24,0,24,150
05/04/2011,BTV,VT,ANE,EN,Combined TRACON& Tower with Radar,31,53,19,9,112,0,0,8,0,8,31,53,27,9,120,16,0,16,136
05/05/2011,BTV,VT,ANE,EN,Combined TRACON& Tower with Radar,36,53,23,10,122,0,0,3,4,7,36,53,26,14,129,50,0,50,179
05/06/2011,BTV,VT,ANE,EN,Combined TRACON& Tower with Radar,35,52,27,16,130,0,4,67,2,73,35,56,94,18,203,40,12,52,255
05/07/2011,BTV,VT,ANE,EN,Combined TRACON& Tower with Radar,33,35,21,0,89,0,3,68,0,71,33,38,89,0,160,62,0,62,222
05/08/2011,BTV,VT,ANE,EN,Combined TRACON& Tower with Radar,38,38,23,0,99,0,0,34,0,34,38,38,57,0,133,48,0,48,181
05/09/2011,BTV,VT,ANE,EN,Combined TRACON& Tower with Radar,33,55,23,10,121,0,0,21,5,26,33,55,44,15,147,56,18,74,221
05/10/2011,BTV,VT,ANE,EN,Combined TRACON& Tower with Radar,35,46,8,15,104,0,2,37,0,39,35,48,45,15,143,62,4,66,209
05/11/2011,BTV,VT,ANE,EN,Combined TRACON& Tower with Radar,34,49,17,10,110,0,1,42,2,45,34,50,59,12,155,84,14,98,253
05/12/2011,BTV,VT,ANE,EN,Combined TRACON& Tower with Radar,35,55,27,13,130,0,2,56,2,60,35,57,83,15,190,218,28,246,436
05/13/2011,BTV,VT,ANE,EN,Combined TRACON& Tower with Radar,34,58,24,10,126,0,0,34,5,39,34,58,58,15,165,131,16,147,312
05/14/2011,BTV,VT,ANE,EN,Combined TRACON& Tower with Radar,34,35,35,5,109,0,0,16,7,23,34,35,51,12,132,46,2,48,180
05/15/2011,BTV,VT,ANE,EN,Combined TRACON& Tower with Radar,28,42,29,0,99,0,0,0,0,0,28,42,29,0,99,0,0,0,99
05/16/2011,BTV,VT,ANE,EN,Combined TRACON& Tower with Radar,30,40,18,2,90,0,0,0,0,0,30,40,18,2,90,0,0,0,90
05/17/2011,BTV,VT,ANE,EN,Combined TRACON& Tower with Radar,44,45,11,14,114,0,0,2,1,3,44,45,13,15,117,0,4,4,121
05/18/2011,BTV,VT,ANE,EN,Combined TRACON& Tower with Radar,28,38,19,11,96,0,1,18,7,26,28,39,37,18,122,146,40,186,308
05/19/2011,BTV,VT,ANE,EN,Combined TRACON& Tower with Radar,30,59,38,30,157,0,2,19,9,30,30,61,57,39,187,122,40,162,349
05/20/2011,BTV,VT,ANE,EN,Combined TRACON& Tower with Radar,36,54,27,18,135,0,0,12,4,16,36,54,39,22,151,50,2,52,203
05/21/2011,BTV,VT,ANE,EN,Combined TRACON& Tower with Radar,35,36,34,0,105,0,0,21,10,31,35,36,55,10,136,82,6,88,224
05/22/2011,BTV,VT,ANE,EN,Combined TRACON& Tower with Radar,38,47,23,4,112,0,1,39,3,43,38,48,62,7,155,48,2,50,205
05/23/2011,BTV,VT,ANE,EN,Combined TRACON& Tower with Radar,29,47,24,4,104,0,0,0,6,6,29,47,24,10,110,0,0,0,110
05/24/2011,BTV,VT,ANE,EN,Combined TRACON& Tower with Radar,36,54,19,12,121,0,1,18,1,20,36,55,37,13,141,42,0,42,183
05/25/2011,BTV,VT,ANE,EN,Combined TRACON& Tower with Radar,33,45,19,31,128,0,0,74,3,77,33,45,93,34,205,124,26,150,355
05/26/2011,BTV,VT,ANE,EN,Combined TRACON& Tower with Radar,34,45,23,0,102,0,3,51,2,56,34,48,74,2,158,32,0,32,190
05/27/2011,BTV,VT,ANE,EN,Combined TRACON& Tower with Radar,23,38,15,2,78,0,0,1,0,1,23,38,16,2,79,0,0,0,79
05/28/2011,BTV,VT,ANE,EN,Combined TRACON& Tower with Radar,29,31,25,2,87,0,1,21,2,24,29,32,46,4,111,140,26,166,277
05/29/2011,BTV,VT,ANE,EN,Combined TRACON& Tower with Radar,27,40,6,0,73,0,0,19,0,19,27,40,25,0,92,42,0,42,134
05/30/2011,BTV,VT,ANE,EN,Combined TRACON& Tower with Radar,31,50,20,3,104,0,0,51,0,51,31,50,71,3,155,112,0,112,267
05/31/2011,BTV,VT,ANE,EN,Combined TRACON& Tower with Radar,32,45,18,14,109,0,0,55,12,67,32,45,73,26,176,0,0,0,176
06/01/2011,BTV,VT,ANE,EN,Combined TRACON& Tower with Radar,30,52,7,11,100,0,0,18,0,18,30,52,25,11,118,54,2,56,174
06/02/2011,BTV,VT,ANE,EN,Combined TRACON& Tower with Radar,28,49,23,14,114,0,1,34,1,36,28,50,57,15,150,124,2,126,276
06/03/2011,BTV,VT,ANE,EN,Combined TRACON& Tower with Radar,30,50,15,7,102,1,2,52,7,62,31,52,67,14,164,230,24,254,418
06/04/2011,BTV,VT,ANE,EN,Combined TRACON& Tower with Radar,32,38,16,0,86,0,0,88,7,95,32,38,104,7,181,112,0,112,293
06/05/2011,BTV,VT,ANE,EN,Combined TRACON& Tower with Radar,33,46,15,0,94,0,0,34,0,34,33,46,49,0,128,30,0,30,158
06/06/2011,BTV,VT,ANE,EN,Combined TRACON& Tower with Radar,34,48,18,4,104,0,0,37,1,38,34,48,55,5,142,116,2,118,260
06/07/2011,BTV,VT,ANE,EN,Combined TRACON& Tower with Radar,36,50,22,4,112,0,3,42,4,49,36,53,64,8,161,152,2,154,315
06/08/2011,BTV,VT,ANE,EN,Combined TRACON& Tower with Radar,34,55,24,6,119,0,4,43,1,48,34,59,67,7,167,96,8,104,271
06/09/2011,BTV,VT,ANE,EN,Combined TRACON& Tower with Radar,24,48,21,2,95,0,0,12,0,12,24,48,33,2,107,18,0,18,125
06/10/2011,BTV,VT,ANE,EN,Combined TRACON& Tower with Radar,36,41,21,18,116,0,1,61,3,65,36,42,82,21,181,64,0,64,245
06/11/2011,BTV,VT,ANE,EN,Combined TRACON& Tower with Radar,34,37,27,6,104,0,0,10,2,12,34,37,37,8,116,130,0,130,246
06/12/2011,BTV,VT,ANE,EN,Combined TRACON& Tower with Radar,37,42,36,4,119,0,0,16,0,16,37,42,52,4,135,76,8,84,219
06/13/2011,BTV,VT,ANE,EN,Combined TRACON& Tower with Radar,39,46,44,5,134,0,0,17,0,17,39,46,61,5,151,140,6,146,297
06/14/2011,BTV,VT,ANE,EN,Combined TRACON& Tower with Radar,38,47,32,20,137,0,0,36,10,46,38,47,68,30,183,232,26,258,441
06/15/2011,BTV,VT,ANE,EN,Combined TRACON& Tower with Radar,36,52,33,7,128,0,3,72,8,83,36,55,105,15,211,138,10,148,359
06/16/2011,BTV,VT,ANE,EN,Combined TRACON& Tower with Radar,37,51,25,6,119,0,0,67,10,77,37,51,92,16,196,110,18,128,324
06/17/2011,BTV,VT,ANE,EN,Combined TRACON& Tower with Radar,31,50,20,15,116,0,0,32,1,33,31,50,52,16,149,158,6,164,313
06/18/2011,BTV,VT,ANE,EN,Combined TRACON& Tower with Radar,37,38,26,0,101,0,1,41,0,42,37,39,67,0,143,190,0,190,333
06/19/2011,BTV,VT,ANE,EN,Combined TRACON& Tower with Radar,45,44,20,0,109,0,1,71,0,72,45,45,91,0,181,0,0,0,181
06/20/2011,BTV,VT,ANE,EN,Combined TRACON& Tower with Radar,39,48,25,2,114,0,0,60,2,62,39,48,85,4,176,54,0,54,230
06/21/2011,BTV,VT,ANE,EN,Combined TRACON& Tower with Radar,35,55,23,13,126,0,3,76,11,90,35,58,99,24,216,82,34,116,332
06/22/2011,BTV,VT,ANE,EN,Combined TRACON& Tower with Radar,34,51,40,5,130,0,2,23,2,27,34,53,63,7,157,82,6,88,245
06/23/2011,BTV,VT,ANE,EN,Combined TRACON& Tower with Radar,34,56,14,8,112,0,0,12,0,12,34,56,26,8,124,108,2,110,234
06/24/2011,BTV,VT,ANE,EN,Combined TRACON& Tower with Radar,35,52,26,11,124,0,1,15,0,16,35,53,41,11,140,158,2,160,300
06/25/2011,BTV,VT,ANE,EN,Combined TRACON& Tower with Radar,40,33,29,0,102,0,0,9,0,9,40,33,38,0,111,150,0,150,261
06/26/2011,BTV,VT,ANE,EN,Combined TRACON& Tower with Radar,41,47,36,0,124,0,2,16,0,18,41,49,52,0,142,94,0,94,236
06/27/2011,BTV,VT,ANE,EN,Combined TRACON& Tower with Radar,41,48,24,3,116,0,3,74,2,79,41,51,98,5,195,100,2,102,297
06/28/2011,BTV,VT,ANE,EN,Combined TRACON& Tower with Radar,35,56,24,24,139,0,5,25,0,30,35,61,49,24,169,134,6,140,309
06/29/2011,BTV,VT,ANE,EN,Combined TRACON& Tower with Radar,39,55,33,6,133,0,1,54,2,57,39,56,87,8,190,66,0,66,256
06/30/2011,BTV,VT,ANE,EN,Combined TRACON& Tower with Radar,39,58,47,9,153,0,1,35,0,36,39,59,82,9,189,102,12,114,303
07/01/2011,BTV,VT,ANE,EN,Combined TRACON& Tower with Radar,39,57,33,2,131,0,5,45,6,56,39,62,78,8,187,76,0,76,263
07/02/2011,BTV,VT,ANE,EN,Combined TRACON& Tower with Radar,42,46,28,0,116,0,1,83,1,85,42,47,111,1,201,76,0,76,277
07/03/2011,BTV,VT,ANE,EN,Combined TRACON& Tower with Radar,37,39,15,0,91,0,2,4,0,6,37,41,19,0,97,18,0,18,115
07/04/2011,BTV,VT,ANE,EN,Combined TRACON& Tower with Radar,37,48,23,1,109,0,0,42,1,43,37,48,65,2,152,32,0,32,184
07/05/2011,BTV,VT,ANE,EN,Combined TRACON& Tower with Radar,43,46,26,17,132,0,1,46,8,55,43,47,72,25,187,56,18,74,261
07/06/2011,BTV,VT,ANE,EN,Combined TRACON& Tower with Radar,45,48,23,1,117,0,1,29,2,32,45,49,52,3,149,118,0,118,267
07/07/2011,BTV,VT,ANE,EN,Combined TRACON& Tower with Radar,41,41,25,3,110,0,3,64,9,76,41,44,89,12,186,198,6,204,390
07/08/2011,BTV,VT,ANE,EN,Combined TRACON& Tower with Radar,35,41,28,9,113,0,6,64,6,76,35,47,92,15,189,64,8,72,261
07/09/2011,BTV,VT,ANE,EN,Combined TRACON& Tower with Radar,41,40,20,4,105,0,0,54,1,55,41,40,74,5,160,74,0,74,234
07/10/2011,BTV,VT,ANE,EN,Combined TRACON& Tower with Radar,45,43,22,0,110,0,0,62,0,62,45,43,84,0,172,10,0,10,182
07/11/2011,BTV,VT,ANE,EN,Combined TRACON& Tower with Radar,41,40,15,16,112,0,2,34,3,39,41,42,49,19,151,74,14,88,239
07/12/2011,BTV,VT,ANE,EN,Combined TRACON& Tower with Radar,44,39,14,20,117,0,0,22,0,22,44,39,36,20,139,52,12,64,203
07/13/2011,BTV,VT,ANE,EN,Combined TRACON& Tower with Radar,39,44,24,16,123,0,0,24,9,33,39,44,48,25,156,38,6,44,200
07/14/2011,BTV,VT,ANE,EN,Combined TRACON& Tower with Radar,46,58,31,16,151,0,1,77,11,89,46,59,108,27,240,94,20,114,354
07/15/2011,BTV,VT,ANE,EN,Combined TRACON& Tower with Radar,43,50,23,18,134,0,0,71,6,77,43,50,94,24,211,118,0,118,329
07/16/2011,BTV,VT,ANE,EN,Combined TRACON& Tower with Radar,42,34,19,1,96,0,0,67,0,67,42,34,86,1,163,104,0,104,267
07/17/2011,BTV,VT,ANE,EN,Combined TRACON& Tower with Radar,44,38,25,4,111,0,0,55,1,56,44,38,80,5,167,34,2,36,203
07/18/2011,BTV,VT,ANE,EN,Combined TRACON& Tower with Radar,43,36,16,4,99,0,0,16,2,18,43,36,32,6,117,52,0,52,169
07/19/2011,BTV,VT,ANE,EN,Combined TRACON& Tower with Radar,42,43,20,28,133,0,1,68,13,82,42,44,88,41,215,136,14,150,365
07/20/2011,BTV,VT,ANE,EN,Combined TRACON& Tower with Radar,43,45,16,22,126,0,2,57,7,66,43,47,73,29,192,154,13,167,359
07/21/2011,BTV,VT,ANE,EN,Combined TRACON& Tower with Radar,41,48,21,14,124,0,0,24,7,31,41,48,45,21,155,42,16,58,213
07/22/2011,BTV,VT,ANE,EN,Combined TRACON& Tower with Radar,41,47,21,23,132,0,0,67,6,73,41,47,88,29,205,96,2,98,303
07/23/2011,BTV,VT,ANE,EN,Combined TRACON& Tower with Radar,34,38,22,2,96,0,0,89,0,89,34,38,111,2,185,116,0,116,301
07/24/2011,BTV,VT,ANE,EN,Combined TRACON& Tower with Radar,45,40,24,4,113,0,2,75,0,77,45,42,99,4,190,76,0,76,266
07/25/2011,BTV,VT,ANE,EN,Combined TRACON& Tower with Radar,38,47,37,2,124,0,1,24,0,25,38,48,61,2,149,98,0,98,247
07/26/2011,BTV,VT,ANE,EN,Combined TRACON& Tower with Radar,44,56,20,10,130,0,1,12,0,13,44,57,32,10,143,160,8,168,311
07/27/2011,BTV,VT,ANE,EN,Combined TRACON& Tower with Radar,43,48,28,18,137,0,0,37,6,43,43,48,65,24,180,72,14,86,266
07/28/2011,BTV,VT,ANE,EN,Combined TRACON& Tower with Radar,42,55,23,8,128,0,1,52,14,67,42,56,75,22,195,90,26,116,311
07/29/2011,BTV,VT,ANE,EN,Combined TRACON& Tower with Radar,40,45,18,8,111,0,6,9,2,17,40,51,27,10,128,160,0,160,288
07/30/2011,BTV,VT,ANE,EN,Combined TRACON& Tower with Radar,44,37,36,0,117,0,1,53,1,55,44,38,89,1,172,68,2,70,242
07/31/2011,BTV,VT,ANE,EN,Combined TRACON& Tower with Radar,43,40,19,0,102,0,1,58,2,61,43,41,77,2,163,90,0,90,253
08/01/2011,BTV,VT,ANE,EN,Combined TRACON& Tower with Radar,37,47,15,2,101,0,3,43,8,54,37,50,58,10,155,58,0,58,213
08/02/2011,BTV,VT,ANE,EN,Combined TRACON& Tower with Radar,41,50,41,12,144,0,0,43,17,60,41,50,84,29,204,68,16,84,288
08/03/2011,BTV,VT,ANE,EN,Combined TRACON& Tower with Radar,41,47,34,12,134,0,0,37,6,43,41,47,71,18,177,36,20,56,233
08/04/2011,BTV,VT,ANE,EN,Combined TRACON& Tower with Radar,44,48,21,11,124,0,0,45,7,52,44,48,66,18,176,190,16,206,382
08/05/2011,BTV,VT,ANE,EN,Combined TRACON& Tower with Radar,44,54,24,7,129,0,1,68,12,81,44,55,92,19,210,10,0,10,220
08/06/2011,BTV,VT,ANE,EN,Combined TRACON& Tower with Radar,40,35,19,9,103,0,0,31,9,40,40,35,50,18,143,44,16,60,203
08/07/2011,BTV,VT,ANE,EN,Combined TRACON& Tower with Radar,46,42,34,5,127,0,0,8,3,11,46,42,42,8,138,36,18,54,192
08/08/2011,BTV,VT,ANE,EN,Combined TRACON& Tower with Radar,44,47,27,0,118,0,0,21,4,25,44,47,48,4,143,52,0,52,195
08/09/2011,BTV,VT,ANE,EN,Combined TRACON& Tower with Radar,42,41,49,13,145,0,0,49,4,53,42,41,98,17,198,52,8,60,258
08/10/2011,BTV,VT,ANE,EN,Combined TRACON& Tower with Radar,45,49,21,13,128,0,1,27,4,32,45,50,48,17,160,60,14,74,234
08/11/2011,BTV,VT,ANE,EN,Combined TRACON& Tower with Radar,42,57,15,8,122,0,1,33,5,39,42,58,48,13,161,112,18,130,291
08/12/2011,BTV,VT,ANE,EN,Combined TRACON& Tower with Radar,44,47,26,14,131,0,0,87,7,94,44,47,113,21,225,114,2,116,341
08/13/2011,BTV,VT,ANE,EN,Combined TRACON& Tower with Radar,40,34,24,2,100,0,0,90,0,90,40,34,114,2,190,144,0,144,334
08/14/2011,BTV,VT,ANE,EN,Combined TRACON& Tower with Radar,35,38,33,2,108,0,0,18,0,18,35,38,51,2,126,62,0,62,188
08/15/2011,BTV,VT,ANE,EN,Combined TRACON& Tower with Radar,40,48,19,0,107,0,0,1,0,1,40,48,20,0,108,18,0,18,126
08/16/2011,BTV,VT,ANE,EN,Combined TRACON& Tower with Radar,46,48,26,8,128,0,0,12,6,18,46,48,38,14,146,104,4,108,254
08/17/2011,BTV,VT,ANE,EN,Combined TRACON& Tower with Radar,47,59,19,22,147,0,2,81,5,88,47,61,100,27,235,256,22,278,513
08/18/2011,BTV,VT,ANE,EN,Combined TRACON& Tower with Radar,41,53,32,9,135,0,1,32,6,39,41,54,64,15,174,234,10,244,418
08/19/2011,BTV,VT,ANE,EN,Combined TRACON& Tower with Radar,36,40,27,10,113,0,0,25,8,33,36,40,52,18,146,142,2,144,290
08/20/2011,BTV,VT,ANE,EN,Combined TRACON& Tower with Radar,44,35,35,0,114,0,0,67,0,67,44,35,102,0,181,106,0,106,287
08/21/2011,BTV,VT,ANE,EN,Combined TRACON& Tower with Radar,41,35,24,0,100,0,0,31,1,32,41,35,55,1,132,46,2,48,180
08/22/2011,BTV,VT,ANE,EN,Combined TRACON& Tower with Radar,45,38,29,0,112,0,2,25,4,31,45,40,54,4,143,48,32,80,223
08/23/2011,BTV,VT,ANE,EN,Combined TRACON& Tower with Radar,45,48,24,14,131,0,2,64,16,82,45,50,88,30,213,84,10,94,307
08/24/2011,BTV,VT,ANE,EN,Combined TRACON& Tower with Radar,46,50,29,13,138,0,3,37,17,57,46,53,66,30,195,20,0,20,215
08/25/2011,BTV,VT,ANE,EN,Combined TRACON& Tower with Radar,39,40,36,15,130,0,0,3,4,7,39,40,39,19,137,40,28,68,205
08/26/2011,BTV,VT,ANE,EN,Combined TRACON& Tower with Radar,47,54,28,25,154,0,4,71,12,87,47,58,99,37,241,164,18,182,423
08/27/2011,BTV,VT,ANE,EN,Combined TRACON& Tower with Radar,27,34,21,1,83,0,0,56,2,58,27,34,77,3,141,84,0,84,225
08/28/2011,BTV,VT,ANE,EN,Combined TRACON& Tower with Radar,2,8,0,0,10,0,0,0,0,0,2,8,0,0,10,0,0,0,10
08/29/2011,BTV,VT,ANE,EN,Combined TRACON& Tower with Radar,26,42,15,18,101,0,1,45,17,63,26,43,60,35,164,70,8,78,242
08/30/2011,BTV,VT,ANE,EN,Combined TRACON& Tower with Radar,46,44,17,19,126,0,1,70,25,96,46,45,87,44,222,118,10,128,350
08/31/2011,BTV,VT,ANE,EN,Combined TRACON& Tower with Radar,47,48,28,15,138,0,1,75,39,115,47,49,103,54,253,84,22,106,359
09/01/2011,BTV,VT,ANE,EN,Combined TRACON& Tower with Radar,45,51,35,30,161,0,0,51,41,92,45,51,86,71,253,118,40,158,411
09/02/2011,BTV,VT,ANE,EN,Combined TRACON& Tower with Radar,43,50,28,8,129,0,0,72,20,92,43,50,100,28,221,140,4,144,365
09/03/2011,BTV,VT,ANE,EN,Combined TRACON& Tower with Radar,38,25,16,1,80,0,0,33,17,50,38,25,49,18,130,122,14,136,266
09/04/2011,BTV,VT,ANE,EN,Combined TRACON& Tower with Radar,37,30,11,1,79,0,0,5,0,5,37,30,16,1,84,30,0,30,114
09/05/2011,BTV,VT,ANE,EN,Combined TRACON& Tower with Radar,48,47,25,0,120,0,0,0,0,0,48,47,25,0,120,0,0,0,120
09/06/2011,BTV,VT,ANE,EN,Combined TRACON& Tower with Radar,40,40,37,2,119,0,0,15,4,19,40,40,52,6,138,34,0,34,172
09/07/2011,BTV,VT,ANE,EN,Combined TRACON& Tower with Radar,38,36,17,7,98,0,0,7,0,7,38,36,24,7,105,24,0,24,129
09/08/2011,BTV,VT,ANE,EN,Combined TRACON& Tower with Radar,37,47,34,12,130,0,2,15,4,21,37,49,49,16,151,102,12,114,265
09/09/2011,BTV,VT,ANE,EN,Combined TRACON& Tower with Radar,44,61,39,12,156,0,1,76,12,89,44,62,115,24,245,86,10,96,341
09/10/2011,BTV,VT,ANE,EN,Combined TRACON& Tower with Radar,39,30,54,14,137,0,0,113,5,118,39,30,167,19,255,154,12,166,421
09/11/2011,BTV,VT,ANE,EN,Combined TRACON& Tower with Radar,40,44,40,3,127,0,2,55,3,60,40,46,95,6,187,82,0,82,269
09/12/2011,BTV,VT,ANE,EN,Combined TRACON& Tower with Radar,42,45,24,11,122,0,0,31,4,35,42,45,55,15,157,100,10,110,267
09/13/2011,BTV,VT,ANE,EN,Combined TRACON& Tower with Radar,43,50,13,8,114,0,2,17,4,23,43,52,30,12,137,100,0,100,237
09/14/2011,BTV,VT,ANE,EN,Combined TRACON& Tower with Radar,43,44,23,8,118,0,0,37,5,42,43,44,60,13,160,124,26,150,310
09/15/2011,BTV,VT,ANE,EN,Combined TRACON& Tower with Radar,42,48,23,10,123,0,0,6,0,6,42,48,29,10,129,0,0,0,129
09/16/2011,BTV,VT,ANE,EN,Combined TRACON& Tower with Radar,42,54,32,13,141,0,1,58,2,61,42,55,90,15,202,46,4,50,252
09/17/2011,BTV,VT,ANE,EN,Combined TRACON& Tower with Radar,39,32,15,0,86,0,0,88,0,88,39,32,103,0,174,88,2,90,264
09/18/2011,BTV,VT,ANE,EN,Combined TRACON& Tower with Radar,43,36,35,1,115,0,0,85,1,86,43,36,120,2,201,54,4,58,259
09/19/2011,BTV,VT,ANE,EN,Combined TRACON& Tower with Radar,42,45,28,1,116,0,2,59,1,62,42,47,87,2,178,40,8,48,226
09/20/2011,BTV,VT,ANE,EN,Combined TRACON& Tower with Radar,44,37,26,10,117,0,0,7,2,9,44,37,33,12,126,54,4,58,184
09/21/2011,BTV,VT,ANE,EN,Combined TRACON& Tower with Radar,41,51,23,10,125,0,4,44,1,49,41,55,67,11,174,78,3,81,255
09/22/2011,BTV,VT,ANE,EN,Combined TRACON& Tower with Radar,39,49,14,15,117,0,0,10,2,12,39,49,24,17,129,0,8,8,137
09/23/2011,BTV,VT,ANE,EN,Combined TRACON& Tower with Radar,41,37,28,12,118,0,0,23,3,26,41,37,51,15,144,108,8,116,260
09/24/2011,BTV,VT,ANE,EN,Combined TRACON& Tower with Radar,44,31,28,1,104,0,0,1,0,1,44,31,29,1,105,4,0,4,109
09/25/2011,BTV,VT,ANE,EN,Combined TRACON& Tower with Radar,43,35,26,2,106,0,0,56,0,56,43,35,82,2,162,110,0,110,272
09/26/2011,BTV,VT,ANE,EN,Combined TRACON& Tower with Radar,39,48,26,0,113,0,2,64,2,68,39,50,90,2,181,24,0,24,205
09/27/2011,BTV,VT,ANE,EN,Combined TRACON& Tower with Radar,41,54,20,15,130,0,5,44,6,55,41,59,64,21,185,34,10,44,229
09/28/2011,BTV,VT,ANE,EN,Combined TRACON& Tower with Radar,43,45,20,5,113,0,0,16,10,26,43,45,36,15,139,74,0,74,213
09/29/2011,BTV,VT,ANE,EN,Combined TRACON& Tower with Radar,38,47,23,0,108,0,0,7,0,7,38,47,30,0,115,28,0,28,143
09/30/2011,BTV,VT,ANE,EN,Combined TRACON& Tower with Radar,42,39,29,5,115,0,1,39,0,40,42,40,68,5,155,18,2,20,175
10/01/2011,BTV,VT,ANE,EN,Combined TRACON& Tower with Radar,35,28,14,11,88,0,0,3,0,3,35,28,17,11,91,22,0,22,113
10/02/2011,BTV,VT,ANE,EN,Combined TRACON& Tower with Radar,42,38,36,1,117,0,0,0,0,0,42,38,36,1,117,0,0,0,117
10/03/2011,BTV,VT,ANE,EN,Combined TRACON& Tower with Radar,45,38,25,0,108,0,0,2,0,2,45,38,27,0,110,0,0,0,110
10/04/2011,BTV,VT,ANE,EN,Combined TRACON& Tower with Radar,41,43,18,10,112,0,0,4,0,4,41,43,22,10,116,0,0,0,116
10/05/2011,BTV,VT,ANE,EN,Combined TRACON& Tower with Radar,44,50,26,19,139,0,0,17,0,17,44,50,43,19,156,32,12,44,200
10/06/2011,BTV,VT,ANE,EN,Combined TRACON& Tower with Radar,34,51,44,10,139,0,1,78,2,81,34,52,122,12,220,50,10,60,280
10/07/2011,BTV,VT,ANE,EN,Combined TRACON& Tower with Radar,42,48,22,4,116,0,1,81,2,84,42,49,103,6,200,50,0,50,250
10/08/2011,BTV,VT,ANE,EN,Combined TRACON& Tower with Radar,37,30,18,0,85,0,0,82,0,82,37,30,100,0,167,42,0,42,209
10/09/2011,BTV,VT,ANE,EN,Combined TRACON& Tower with Radar,41,42,24,0,107,0,4,92,0,96,41,46,116,0,203,62,0,62,265
10/10/2011,BTV,VT,ANE,EN,Combined TRACON& Tower with Radar,42,47,21,3,113,0,2,69,0,71,42,49,90,3,184,140,0,140,324
10/11/2011,BTV,VT,ANE,EN,Combined TRACON& Tower with Radar,44,40,22,16,122,0,0,37,2,39,44,40,59,18,161,166,8,174,335
10/12/2011,BTV,VT,ANE,EN,Combined TRACON& Tower with Radar,45,47,31,14,137,0,2,39,2,43,45,49,70,16,180,16,2,18,198
10/13/2011,BTV,VT,ANE,EN,Combined TRACON& Tower with Radar,38,45,23,22,128,0,0,4,2,6,38,45,27,24,134,100,10,110,244
10/14/2011,BTV,VT,ANE,EN,Combined TRACON& Tower with Radar,39,44,30,12,125,0,1,9,0,10,39,45,39,12,135,54,0,54,189
10/15/2011,BTV,VT,ANE,EN,Combined TRACON& Tower with Radar,37,34,18,0,89,0,0,10,0,10,37,34,28,0,99,4,0,4,103
10/16/2011,BTV,VT,ANE,EN,Combined TRACON& Tower with Radar,43,42,21,1,107,0,2,23,1,26,43,44,44,2,133,54,0,54,187
10/17/2011,BTV,VT,ANE,EN,Combined TRACON& Tower with Radar,42,49,27,0,118,0,1,14,0,15,42,50,41,0,133,28,0,28,161
10/18/2011,BTV,VT,ANE,EN,Combined TRACON& Tower with Radar,44,39,20,19,122,0,1,26,2,29,44,40,46,21,151,106,12,118,269
10/19/2011,BTV,VT,ANE,EN,Combined TRACON& Tower with Radar,42,34,26,12,114,0,0,11,0,11,42,34,37,12,125,24,14,38,163
10/20/2011,BTV,VT,ANE,EN,Combined TRACON& Tower with Radar,39,52,36,12,139,0,0,10,0,10,39,52,46,12,149,74,6,80,229
10/21/2011,BTV,VT,ANE,EN,Combined TRACON& Tower with Radar,39,50,24,18,131,0,0,20,1,21,39,50,44,19,152,134,12,146,298
10/22/2011,BTV,VT,ANE,EN,Combined TRACON& Tower with Radar,37,33,28,0,98,0,0,36,4,40,37,33,64,4,138,58,0,58,196
10/23/2011,BTV,VT,ANE,EN,Combined TRACON& Tower with Radar,41,40,38,0,119,0,0,52,0,52,41,40,90,0,171,81,0,81,252
10/24/2011,BTV,VT,ANE,EN,Combined TRACON& Tower with Radar,38,44,23,2,107,0,0,24,2,26,38,44,47,4,133,78,0,78,211
10/25/2011,BTV,VT,ANE,EN,Combined TRACON& Tower with Radar,42,41,22,16,121,0,0,20,5,25,42,41,42,21,146,88,10,98,244
10/26/2011,BTV,VT,ANE,EN,Combined TRACON& Tower with Radar,41,45,23,17,126,0,2,23,4,29,41,47,46,21,155,78,10,88,243
10/27/2011,BTV,VT,ANE,EN,Combined TRACON& Tower with Radar,38,51,33,13,135,0,0,18,2,20,38,51,51,15,155,38,2,40,195
10/28/2011,BTV,VT,ANE,EN,Combined TRACON& Tower with Radar,43,55,27,18,143,0,0,47,7,54,43,55,74,25,197,72,2,74,271
10/29/2011,BTV,VT,ANE,EN,Combined TRACON& Tower with Radar,27,28,21,0,76,0,1,36,0,37,27,29,57,0,113,113,0,113,226
10/30/2011,BTV,VT,ANE,EN,Combined TRACON& Tower with Radar,40,25,27,0,92,0,0,15,1,16,40,25,42,1,108,40,0,40,148
10/31/2011,BTV,VT,ANE,EN,Combined TRACON& Tower with Radar,41,43,33,8,125,0,5,36,0,41,41,48,69,8,166,118,8,126,292
11/01/2011,BTV,VT,ANE,EN,Combined TRACON& Tower with Radar,40,41,29,15,125,0,0,49,2,51,40,41,78,17,176,232,10,242,418
11/02/2011,BTV,VT,ANE,EN,Combined TRACON& Tower with Radar,42,48,21,10,121,0,2,48,0,50,42,50,69,10,171,58,6,64,235
11/03/2011,BTV,VT,ANE,EN,Combined TRACON& Tower with Radar,41,43,22,15,121,0,0,18,6,24,41,43,40,21,145,106,32,138,283
11/04/2011,BTV,VT,ANE,EN,Combined TRACON& Tower with Radar,44,41,20,10,115,0,0,15,6,21,44,41,35,16,136,8,0,8,144
11/05/2011,BTV,VT,ANE,EN,Combined TRACON& Tower with Radar,34,25,14,18,91,0,1,65,4,70,34,26,79,22,161,112,10,122,283
11/06/2011,BTV,VT,ANE,EN,Combined TRACON& Tower with Radar,38,39,28,2,107,0,1,54,2,57,38,40,82,4,164,46,2,48,212
11/07/2011,BTV,VT,ANE,EN,Combined TRACON& Tower with Radar,37,46,10,2,95,0,2,31,2,35,37,48,41,4,130,50,2,52,182
11/08/2011,BTV,VT,ANE,EN,Combined TRACON& Tower with Radar,36,46,20,17,119,0,0,29,6,35,36,46,49,23,154,168,32,200,354
11/09/2011,BTV,VT,ANE,EN,Combined TRACON& Tower with Radar,36,38,25,12,111,0,0,46,12,58,36,38,71,24,169,90,4,94,263
11/10/2011,BTV,VT,ANE,EN,Combined TRACON& Tower with Radar,33,44,27,4,108,0,2,8,0,10,33,46,35,4,118,4,0,4,122
11/11/2011,BTV,VT,ANE,EN,Combined TRACON& Tower with Radar,39,39,39,2,119,0,0,15,0,15,39,39,54,2,134,156,0,156,290
11/12/2011,BTV,VT,ANE,EN,Combined TRACON& Tower with Radar,31,26,18,0,75,0,0,30,0,30,31,26,48,0,105,78,0,78,183
11/13/2011,BTV,VT,ANE,EN,Combined TRACON& Tower with Radar,36,35,24,0,95,0,0,38,0,38,36,35,62,0,133,80,0,80,213
11/14/2011,BTV,VT,ANE,EN,Combined TRACON& Tower with Radar,37,48,15,12,112,0,0,8,0,8,37,48,23,12,120,0,0,0,120
11/15/2011,BTV,VT,ANE,EN,Combined TRACON& Tower with Radar,35,40,17,18,110,0,0,23,4,27,35,40,40,22,137,68,12,80,217
11/16/2011,BTV,VT,ANE,EN,Combined TRACON& Tower with Radar,33,34,13,13,93,0,0,13,1,14,33,34,26,14,107,72,4,76,183
11/17/2011,BTV,VT,ANE,EN,Combined TRACON& Tower with Radar,37,42,16,8,103,0,0,30,9,39,37,42,46,17,142,82,2,84,226
11/18/2011,BTV,VT,ANE,EN,Combined TRACON& Tower with Radar,38,41,29,6,114,0,0,35,4,39,38,41,64,10,153,64,4,68,221
11/19/2011,BTV,VT,ANE,EN,Combined TRACON& Tower with Radar,34,27,13,0,74,0,0,27,0,27,34,27,40,0,101,22,0,22,123
11/20/2011,BTV,VT,ANE,EN,Combined TRACON& Tower with Radar,38,38,19,0,95,0,0,2,0,2,38,38,21,0,97,52,0,52,149
11/21/2011,BTV,VT,ANE,EN,Combined TRACON& Tower with Radar,36,51,25,1,113,0,10,30,3,43,36,61,55,4,156,102,0,102,258
11/22/2011,BTV,VT,ANE,EN,Combined TRACON& Tower with Radar,35,47,40,19,141,0,0,37,6,43,35,47,77,25,184,90,8,98,282
11/23/2011,BTV,VT,ANE,EN,Combined TRACON& Tower with Radar,39,51,15,0,105,0,0,0,0,0,39,51,15,0,105,0,0,0,105
11/24/2011,BTV,VT,ANE,EN,Combined TRACON& Tower with Radar,24,16,17,0,57,0,0,4,0,4,24,16,21,0,61,0,0,0,61
11/25/2011,BTV,VT,ANE,EN,Combined TRACON& Tower with Radar,30,20,11,4,65,0,0,40,0,40,30,20,51,4,105,48,0,48,153
11/26/2011,BTV,VT,ANE,EN,Combined TRACON& Tower with Radar,36,39,26,1,102,0,0,40,1,41,36,39,66,2,143,20,0,20,163
11/27/2011,BTV,VT,ANE,EN,Combined TRACON& Tower with Radar,36,45,24,0,105,0,0,41,1,42,36,45,65,1,147,58,2,60,207
11/28/2011,BTV,VT,ANE,EN,Combined TRACON& Tower with Radar,38,43,28,2,111,0,0,6,0,6,38,43,34,2,117,18,0,18,135
11/29/2011,BTV,VT,ANE,EN,Combined TRACON& Tower with Radar,33,43,12,15,103,0,0,14,10,24,33,43,26,25,127,82,22,104,231
11/30/2011,BTV,VT,ANE,EN,Combined TRACON& Tower with Radar,32,43,10,20,105,0,1,7,2,10,32,44,17,22,115,54,46,100,215
12/01/2011,BTV,VT,ANE,EN,Combined TRACON& Tower with Radar,36,52,14,12,114,0,2,43,6,51,36,54,57,18,165,48,24,72,237
12/02/2011,BTV,VT,ANE,EN,Combined TRACON& Tower with Radar,36,45,12,13,106,0,0,9,1,10,36,45,21,14,116,36,2,38,154
12/03/2011,BTV,VT,ANE,EN,Combined TRACON& Tower with Radar,30,23,21,6,80,0,1,63,3,67,30,24,84,9,147,36,0,36,183
12/04/2011,BTV,VT,ANE,EN,Combined TRACON& Tower with Radar,37,33,8,4,82,0,1,16,0,17,37,34,24,4,99,4,0,4,103
12/05/2011,BTV,VT,ANE,EN,Combined TRACON& Tower with Radar,33,37,14,0,84,0,1,15,0,16,33,38,29,0,100,34,0,34,134
12/06/2011,BTV,VT,ANE,EN,Combined TRACON& Tower with Radar,33,32,12,4,81,0,0,0,0,0,33,32,12,4,81,0,0,0,81
12/07/2011,BTV,VT,ANE,EN,Combined TRACON& Tower with Radar,33,40,8,0,81,0,0,2,0,2,33,40,10,0,83,0,0,0,83
12/08/2011,BTV,VT,ANE,EN,Combined TRACON& Tower with Radar,35,45,19,9,108,0,2,28,6,36,35,47,47,15,144,40,4,44,188
12/09/2011,BTV,VT,ANE,EN,Combined TRACON& Tower with Radar,39,49,18,18,124,0,2,3,1,6,39,51,21,19,130,56,0,56,186
12/10/2011,BTV,VT,ANE,EN,Combined TRACON& Tower with Radar,34,27,17,0,78,0,0,21,0,21,34,27,38,0,99,62,0,62,161
12/11/2011,BTV,VT,ANE,EN,Combined TRACON& Tower with Radar,37,35,23,0,95,0,2,49,1,52,37,37,72,1,147,112,0,112,259
12/12/2011,BTV,VT,ANE,EN,Combined TRACON& Tower with Radar,36,40,23,4,103,0,3,51,0,54,36,43,74,4,157,38,2,40,197
12/13/2011,BTV,VT,ANE,EN,Combined TRACON& Tower with Radar,35,38,24,18,115,0,0,19,4,23,35,38,43,22,138,52,0,52,190
12/14/2011,BTV,VT,ANE,EN,Combined TRACON& Tower with Radar,35,38,13,10,96,0,0,21,0,21,35,38,34,10,117,92,2,94,211
12/15/2011,BTV,VT,ANE,EN,Combined TRACON& Tower with Radar,47,34,24,16,121,0,0,0,0,0,47,34,24,16,121,2,4,6,127
12/16/2011,BTV,VT,ANE,EN,Combined TRACON& Tower with Radar,47,31,14,20,112,0,0,11,0,11,47,31,25,20,123,2,0,2,125
12/17/2011,BTV,VT,ANE,EN,Combined TRACON& Tower with Radar,41,33,27,0,101,0,0,21,0,21,41,33,48,0,122,10,4,14,136
12/18/2011,BTV,VT,ANE,EN,Combined TRACON& Tower with Radar,47,23,24,0,94,0,0,39,2,41,47,23,63,2,135,54,0,54,189
12/19/2011,BTV,VT,ANE,EN,Combined TRACON& Tower with Radar,46,38,20,0,104,0,0,5,0,5,46,38,25,0,109,12,0,12,121
12/20/2011,BTV,VT,ANE,EN,Combined TRACON& Tower with Radar,49,38,26,29,142,0,0,31,8,39,49,38,57,37,181,58,34,92,273
12/21/2011,BTV,VT,ANE,EN,Combined TRACON& Tower with Radar,46,39,23,0,108,0,0,0,0,0,46,39,23,0,108,0,0,0,108
12/22/2011,BTV,VT,ANE,EN,Combined TRACON& Tower with Radar,51,45,29,12,137,0,0,38,2,40,51,45,67,14,177,104,22,126,303
12/23/2011,BTV,VT,ANE,EN,Combined TRACON& Tower with Radar,47,44,12,4,107,0,0,0,0,0,47,44,12,4,107,0,0,0,107
12/24/2011,BTV,VT,ANE,EN,Combined TRACON& Tower with Radar,36,29,8,0,73,0,1,20,0,21,36,30,28,0,94,10,0,10,104
12/25/2011,BTV,VT,ANE,EN,Combined TRACON& Tower with Radar,36,17,5,0,58,0,0,0,0,0,36,17,5,0,58,0,0,0,58
12/26/2011,BTV,VT,ANE,EN,Combined TRACON& Tower with Radar,51,25,26,0,102,0,0,28,0,28,51,25,54,0,130,58,0,58,188
12/27/2011,BTV,VT,ANE,EN,Combined TRACON& Tower with Radar,47,30,17,10,104,0,0,13,0,13,47,30,30,10,117,0,12,12,129
12/28/2011,BTV,VT,ANE,EN,Combined TRACON& Tower with Radar,52,36,26,6,120,0,0,1,0,1,52,36,27,6,121,0,0,0,121
12/29/2011,BTV,VT,ANE,EN,Combined TRACON& Tower with Radar,55,27,17,11,110,0,0,32,1,33,55,27,49,12,143,30,0,30,173
12/30/2011,BTV,VT,ANE,EN,Combined TRACON& Tower with Radar,53,24,12,4,93,0,0,2,0,2,53,24,14,4,95,0,0,0,95
12/31/2011,BTV,VT,ANE,EN,Combined TRACON& Tower with Radar,43,22,8,0,73,0,0,0,0,0,43,22,8,0,73,56,0,56,129
01/01/2012,BTV,VT,ANE,EN,Combined TRACON& Tower with Radar,35,28,8,2,73,0,1,3,0,4,35,29,11,2,77,0,0,0,77
01/02/2012,BTV,VT,ANE,EN,Combined TRACON& Tower with Radar,42,33,25,0,100,0,0,9,0,9,42,33,34,0,109,44,2,46,155
01/03/2012,BTV,VT,ANE,EN,Combined TRACON& Tower with Radar,37,38,22,16,113,0,0,32,14,46,37,38,54,30,159,0,0,0,159
01/04/2012,BTV,VT,ANE,EN,Combined TRACON& Tower with Radar,31,32,6,7,76,0,0,19,8,27,31,32,25,15,103,80,2,82,185
01/05/2012,BTV,VT,ANE,EN,Combined TRACON& Tower with Radar,37,33,21,5,96,0,0,7,1,8,37,33,28,6,104,20,8,28,132
01/06/2012,BTV,VT,ANE,EN,Combined TRACON& Tower with Radar,38,28,33,19,118,0,0,10,2,12,38,28,43,21,130,52,14,66,196
01/07/2012,BTV,VT,ANE,EN,Combined TRACON& Tower with Radar,36,26,16,13,91,0,1,21,6,28,36,27,37,19,119,114,16,130,249
01/08/2012,BTV,VT,ANE,EN,Combined TRACON& Tower with Radar,39,34,21,0,94,0,1,15,8,24,39,35,36,8,118,132,0,132,250
01/09/2012,BTV,VT,ANE,EN,Combined TRACON& Tower with Radar,40,39,11,1,91,0,0,12,2,14,40,39,23,3,105,52,0,52,157
01/10/2012,BTV,VT,ANE,EN,Combined TRACON& Tower with Radar,38,32,25,17,112,0,0,6,0,6,38,32,31,17,118,76,10,86,204
01/11/2012,BTV,VT,ANE,EN,Combined TRACON& Tower with Radar,36,33,19,13,101,0,0,27,7,34,36,33,46,20,135,120,0,120,255
01/12/2012,BTV,VT,ANE,EN,Combined TRACON& Tower with Radar,39,35,10,0,84,0,0,0,0,0,39,35,10,0,84,0,0,0,84
01/13/2012,BTV,VT,ANE,EN,Combined TRACON& Tower with Radar,37,33,13,2,85,0,0,2,0,2,37,33,15,2,87,0,0,0,87
01/14/2012,BTV,VT,ANE,EN,Combined TRACON& Tower with Radar,30,30,16,0,76,0,0,24,0,24,30,30,40,0,100,32,0,32,132
01/15/2012,BTV,VT,ANE,EN,Combined TRACON& Tower with Radar,39,25,13,0,77,0,5,13,1,19,39,30,26,1,96,38,0,38,134
01/16/2012,BTV,VT,ANE,EN,Combined TRACON& Tower with Radar,39,37,14,0,90,0,5,33,0,38,39,42,47,0,128,48,2,50,178
01/17/2012,BTV,VT,ANE,EN,Combined TRACON& Tower with Radar,37,32,10,3,82,0,0,2,0,2,37,32,12,3,84,0,0,0,84
01/18/2012,BTV,VT,ANE,EN,Combined TRACON& Tower with Radar,36,44,6,25,111,0,1,8,2,11,36,45,14,27,122,26,8,34,156
01/19/2012,BTV,VT,ANE,EN,Combined TRACON& Tower with Radar,39,34,23,7,103,0,1,25,6,32,39,35,48,13,135,120,6,126,261
01/20/2012,BTV,VT,ANE,EN,Combined TRACON& Tower with Radar,41,33,29,16,119,0,1,33,2,36,41,34,62,18,155,50,4,54,209
01/21/2012,BTV,VT,ANE,EN,Combined TRACON& Tower with Radar,28,17,10,0,55,0,0,6,0,6,28,17,16,0,61,26,0,26,87
01/22/2012,BTV,VT,ANE,EN,Combined TRACON& Tower with Radar,42,23,19,0,84,0,0,30,0,30,42,23,49,0,114,120,4,124,238
01/23/2012,BTV,VT,ANE,EN,Combined TRACON& Tower with Radar,37,35,15,2,89,0,0,2,0,2,37,35,17,2,91,0,0,0,91
01/24/2012,BTV,VT,ANE,EN,Combined TRACON& Tower with Radar,37,42,4,19,102,0,1,8,2,11,37,43,12,21,113,34,18,52,165
01/25/2012,BTV,VT,ANE,EN,Combined TRACON& Tower with Radar,36,38,10,12,96,0,0,35,10,45,36,38,45,22,141,120,12,132,273
01/26/2012,BTV,VT,ANE,EN,Combined TRACON& Tower with Radar,40,40,30,14,124,0,0,43,10,53,40,40,73,24,177,92,58,150,327
01/27/2012,BTV,VT,ANE,EN,Combined TRACON& Tower with Radar,41,38,15,14,108,0,0,2,0,2,41,38,17,14,110,2,14,16,126
01/28/2012,BTV,VT,ANE,EN,Combined TRACON& Tower with Radar,30,22,15,1,68,0,0,36,1,37,30,22,51,2,105,118,0,118,223
01/29/2012,BTV,VT,ANE,EN,Combined TRACON& Tower with Radar,41,24,6,0,71,0,0,11,0,11,41,24,17,0,82,52,0,52,134
01/30/2012,BTV,VT,ANE,EN,Combined TRACON& Tower with Radar,41,34,22,1,98,0,0,18,4,22,41,34,40,5,120,70,10,80,200
01/31/2012,BTV,VT,ANE,EN,Combined TRACON& Tower with Radar,38,33,13,14,98,0,0,7,1,8,38,33,20,15,106,6,26,32,138
02/01/2012,BTV,VT,ANE,EN,Combined TRACON& Tower with Radar,36,38,11,1,86,0,0,5,2,7,36,38,16,3,93,0,0,0,93
02/02/2012,BTV,VT,ANE,EN,Combined TRACON& Tower with Radar,43,38,22,5,108,0,0,21,5,26,43,38,43,10,134,108,6,114,248
02/03/2012,BTV,VT,ANE,EN,Combined TRACON& Tower with Radar,42,45,20,8,115,0,0,34,9,43,42,45,54,17,158,106,6,112,270
02/04/2012,BTV,VT,ANE,EN,Combined TRACON& Tower with Radar,30,26,15,0,71,0,4,101,2,107,30,30,116,2,178,0,0,0,178
02/05/2012,BTV,VT,ANE,EN,Combined TRACON& Tower with Radar,41,31,22,4,98,0,1,47,2,50,41,32,69,6,148,0,0,0,148
02/06/2012,BTV,VT,ANE,EN,Combined TRACON& Tower with Radar,39,38,13,0,90,0,0,12,0,12,39,38,25,0,102,30,0,30,132
02/07/2012,BTV,VT,ANE,EN,Combined TRACON& Tower with Radar,37,35,7,7,86,0,0,16,6,22,37,35,23,13,108,18,12,30,138
02/08/2012,BTV,VT,ANE,EN,Combined TRACON& Tower with Radar,37,35,18,1,91,0,2,42,5,49,37,37,60,6,140,86,0,86,226
02/09/2012,BTV,VT,ANE,EN,Combined TRACON& Tower with Radar,42,37,20,1,100,0,3,44,3,50,42,40,64,4,150,84,0,84,234
02/10/2012,BTV,VT,ANE,EN,Combined TRACON& Tower with Radar,40,32,22,4,98,0,1,31,6,38,40,33,53,10,136,60,0,60,196
02/11/2012,BTV,VT,ANE,EN,Combined TRACON& Tower with Radar,29,22,12,0,63,0,0,6,3,9,29,22,18,3,72,50,0,50,122
02/12/2012,BTV,VT,ANE,EN,Combined TRACON& Tower with Radar,42,24,19,2,87,0,1,6,4,11,42,25,25,6,98,0,0,0,98
02/13/2012,BTV,VT,ANE,EN,Combined TRACON& Tower with Radar,40,40,13,6,99,0,2,22,2,26,40,42,35,8,125,42,14,56,181
02/14/2012,BTV,VT,ANE,EN,Combined TRACON& Tower with Radar,35,39,24,3,101,0,0,20,3,23,35,39,44,6,124,18,2,20,144
02/15/2012,BTV,VT,ANE,EN,Combined TRACON& Tower with Radar,37,35,13,0,85,0,0,16,0,16,37,35,29,0,101,38,0,38,139
02/16/2012,BTV,VT,ANE,EN,Combined TRACON& Tower with Radar,45,48,17,2,112,0,0,21,2,23,45,48,38,4,135,36,0,36,171
02/17/2012,BTV,VT,ANE,EN,Combined TRACON& Tower with Radar,43,36,16,0,95,0,0,15,0,15,43,36,31,0,110,68,0,68,178
02/18/2012,BTV,VT,ANE,EN,Combined TRACON& Tower with Radar,31,26,13,1,71,0,0,51,2,53,31,26,64,3,124,136,10,146,270
02/19/2012,BTV,VT,ANE,EN,Combined TRACON& Tower with Radar,39,29,19,3,90,0,2,37,2,41,39,31,56,5,131,122,0,122,253
02/20/2012,BTV,VT,ANE,EN,Combined TRACON& Tower with Radar,45,36,27,4,112,0,0,39,0,39,45,36,66,4,151,88,0,88,239
02/21/2012,BTV,VT,ANE,EN,Combined TRACON& Tower with Radar,43,34,19,7,103,0,0,34,5,39,43,34,53,12,142,38,0,38,180
02/22/2012,BTV,VT,ANE,EN,Combined TRACON& Tower with Radar,43,36,10,4,93,0,0,8,3,11,43,36,18,7,104,0,6,6,110
02/23/2012,BTV,VT,ANE,EN,Combined TRACON& Tower with Radar,47,35,18,4,104,0,1,14,9,24,47,36,32,13,128,76,0,76,204
02/24/2012,BTV,VT,ANE,EN,Combined TRACON& Tower with Radar,41,40,12,10,103,0,0,8,0,8,41,40,20,10,111,42,0,42,153
02/25/2012,BTV,VT,ANE,EN,Combined TRACON& Tower with Radar,29,28,14,2,73,0,0,2,0,2,29,28,16,2,75,6,0,6,81
02/26/2012,BTV,VT,ANE,EN,Combined TRACON& Tower with Radar,43,33,22,2,100,0,2,49,0,51,43,35,71,2,151,96,0,96,247
02/27/2012,BTV,VT,ANE,EN,Combined TRACON& Tower with Radar,45,39,13,0,97,0,0,20,0,20,45,39,33,0,117,74,0,74,191
02/28/2012,BTV,VT,ANE,EN,Combined TRACON& Tower with Radar,44,33,12,15,104,0,0,32,2,34,44,33,44,17,138,136,16,152,290
02/29/2012,BTV,VT,ANE,EN,Combined TRACON& Tower with Radar,37,23,8,4,72,0,0,28,1,29,37,23,36,5,101,94,8,102,203
03/01/2012,BTV,VT,ANE,EN,Combined TRACON& Tower with Radar,45,33,6,0,84,0,0,0,0,0,45,33,6,0,84,0,0,0,84
03/02/2012,BTV,VT,ANE,EN,Combined TRACON& Tower with Radar,43,38,25,17,123,0,0,21,4,25,43,38,46,21,148,48,4,52,200
03/03/2012,BTV,VT,ANE,EN,Combined TRACON& Tower with Radar,30,34,13,2,79,0,0,14,0,14,30,34,27,2,93,6,0,6,99
03/04/2012,BTV,VT,ANE,EN,Combined TRACON& Tower with Radar,39,35,18,2,94,0,0,4,0,4,39,35,22,2,98,10,0,10,108
03/05/2012,BTV,VT,ANE,EN,Combined TRACON& Tower with Radar,41,35,12,2,90,0,0,26,0,26,41,35,38,2,116,104,0,104,220
03/06/2012,BTV,VT,ANE,EN,Combined TRACON& Tower with Radar,42,32,11,18,103,0,1,48,7,56,42,33,59,25,159,74,6,80,239
03/07/2012,BTV,VT,ANE,EN,Combined TRACON& Tower with Radar,44,31,11,14,100,0,1,21,5,27,44,32,32,19,127,38,8,46,173
03/08/2012,BTV,VT,ANE,EN,Combined TRACON& Tower with Radar,47,43,19,11,120,0,0,9,2,11,47,43,28,13,131,42,10,52,183
03/09/2012,BTV,VT,ANE,EN,Combined TRACON& Tower with Radar,38,45,27,9,119,0,1,13,2,16,38,46,40,11,135,154,0,154,289
03/10/2012,BTV,VT,ANE,EN,Combined TRACON& Tower with Radar,31,43,18,8,100,0,0,47,1,48,31,43,65,9,148,124,0,124,272
03/11/2012,BTV,VT,ANE,EN,Combined TRACON& Tower with Radar,39,36,31,0,106,0,0,54,0,54,39,36,85,0,160,106,0,106,266
03/12/2012,BTV,VT,ANE,EN,Combined TRACON& Tower with Radar,45,32,19,4,100,0,0,53,4,57,45,32,72,8,157,54,12,66,223
03/13/2012,BTV,VT,ANE,EN,Combined TRACON& Tower with Radar,40,33,13,14,100,0,0,96,10,106,40,33,109,24,206,0,0,0,206
03/14/2012,BTV,VT,ANE,EN,Combined TRACON& Tower with Radar,43,32,19,15,109,0,0,23,0,23,43,32,42,15,132,118,4,122,254
03/15/2012,BTV,VT,ANE,EN,Combined TRACON& Tower with Radar,43,44,33,12,132,0,0,29,9,38,43,44,62,21,170,84,14,98,268
03/16/2012,BTV,VT,ANE,EN,Combined TRACON& Tower with Radar,42,47,30,12,131,0,0,8,0,8,42,47,38,12,139,56,0,56,195
03/17/2012,BTV,VT,ANE,EN,Combined TRACON& Tower with Radar,32,29,24,0,85,0,8,49,0,57,32,37,73,0,142,142,0,142,284
03/18/2012,BTV,VT,ANE,EN,Combined TRACON& Tower with Radar,40,29,29,0,98,0,1,47,0,48,40,30,76,0,146,166,0,166,312
03/19/2012,BTV,VT,ANE,EN,Combined TRACON& Tower with Radar,41,35,14,0,90,0,0,38,0,38,41,35,52,0,128,72,0,72,200
03/20/2012,BTV,VT,ANE,EN,Combined TRACON& Tower with Radar,41,36,23,12,112,0,0,39,8,47,41,36,62,20,159,24,12,36,195
03/21/2012,BTV,VT,ANE,EN,Combined TRACON& Tower with Radar,41,34,16,18,109,0,0,43,2,45,41,34,59,20,154,68,14,82,236
03/22/2012,BTV,VT,ANE,EN,Combined TRACON& Tower with Radar,44,39,28,14,125,0,3,41,7,51,44,42,69,21,176,74,8,82,258
03/23/2012,BTV,VT,ANE,EN,Combined TRACON& Tower with Radar,40,40,12,9,101,0,1,51,4,56,40,41,63,13,157,50,16,66,223
03/24/2012,BTV,VT,ANE,EN,Combined TRACON& Tower with Radar,29,24,14,0,67,0,1,50,2,53,29,25,64,2,120,32,0,32,152
03/25/2012,BTV,VT,ANE,EN,Combined TRACON& Tower with Radar,38,36,17,0,91,0,0,9,0,9,38,36,26,0,100,58,0,58,158
03/26/2012,BTV,VT,ANE,EN,Combined TRACON& Tower with Radar,37,38,16,1,92,0,0,7,2,9,37,38,23,3,101,16,6,22,123
03/27/2012,BTV,VT,ANE,EN,Combined TRACON& Tower with Radar,38,41,14,11,104,0,2,42,9,53,38,43,56,20,157,28,8,36,193
03/28/2012,BTV,VT,ANE,EN,Combined TRACON& Tower with Radar,39,43,11,3,96,0,0,11,0,11,39,43,22,3,107,40,0,40,147
03/29/2012,BTV,VT,ANE,EN,Combined TRACON& Tower with Radar,39,48,8,12,107,0,0,9,0,9,39,48,17,12,116,64,8,72,188
03/30/2012,BTV,VT,ANE,EN,Combined TRACON& Tower with Radar,37,38,6,6,87,0,0,18,1,19,37,38,24,7,106,24,0,24,130
03/31/2012,BTV,VT,ANE,EN,Combined TRACON& Tower with Radar,30,27,31,4,92,0,1,73,0,74,30,28,104,4,166,86,0,86,252
04/01/2012,BTV,VT,ANE,EN,Combined TRACON& Tower with Radar,39,27,22,0,88,0,0,32,0,32,39,27,54,0,120,106,0,106,226
04/02/2012,BTV,VT,ANE,EN,Combined TRACON& Tower with Radar,32,43,30,16,121,0,0,42,2,44,32,43,72,18,165,86,30,116,281
04/03/2012,BTV,VT,ANE,EN,Combined TRACON& Tower with Radar,34,40,17,12,103,0,1,41,6,48,34,41,58,18,151,158,14,172,323
04/04/2012,BTV,VT,ANE,EN,Combined TRACON& Tower with Radar,37,40,16,21,114,0,1,13,3,17,37,41,29,24,131,72,22,94,225
04/05/2012,BTV,VT,ANE,EN,Combined TRACON& Tower with Radar,36,45,13,14,108,0,4,33,7,44,36,49,46,21,152,178,6,184,336
04/06/2012,BTV,VT,ANE,EN,Combined TRACON& Tower with Radar,36,47,26,12,121,0,1,59,1,61,36,48,85,13,182,134,0,134,316
04/07/2012,BTV,VT,ANE,EN,Combined TRACON& Tower with Radar,28,34,20,2,84,0,0,59,0,59,28,34,79,2,143,32,0,32,175
04/08/2012,BTV,VT,ANE,EN,Combined TRACON& Tower with Radar,37,30,22,0,89,0,0,34,0,34,37,30,56,0,123,2,0,2,125
04/09/2012,BTV,VT,ANE,EN,Combined TRACON& Tower with Radar,32,41,17,2,92,0,0,11,0,11,32,41,28,2,103,60,0,60,163
04/10/2012,BTV,VT,ANE,EN,Combined TRACON& Tower with Radar,34,41,26,15,116,0,0,20,0,20,34,41,46,15,136,40,8,48,184
04/11/2012,BTV,VT,ANE,EN,Combined TRACON& Tower with Radar,36,39,27,13,115,0,0,22,0,22,36,39,49,13,137,32,2,34,171
04/12/2012,BTV,VT,ANE,EN,Combined TRACON& Tower with Radar,35,43,33,11,122,0,4,37,4,45,35,47,70,15,167,94,14,108,275
04/13/2012,BTV,VT,ANE,EN,Combined TRACON& Tower with Radar,36,40,18,9,103,0,4,57,8,69,36,44,75,17,172,72,2,74,246
04/14/2012,BTV,VT,ANE,EN,Combined TRACON& Tower with Radar,27,33,11,4,75,0,1,63,0,64,27,34,74,4,139,134,8,142,281
04/15/2012,BTV,VT,ANE,EN,Combined TRACON& Tower with Radar,36,29,24,3,92,0,1,29,0,30,36,30,53,3,122,16,4,20,142
04/16/2012,BTV,VT,ANE,EN,Combined TRACON& Tower with Radar,32,44,10,0,86,0,2,21,0,23,32,46,31,0,109,48,0,48,157
04/17/2012,BTV,VT,ANE,EN,Combined TRACON& Tower with Radar,34,41,9,12,96,0,2,29,12,43,34,43,38,24,139,68,8,76,215
04/18/2012,BTV,VT,ANE,EN,Combined TRACON& Tower with Radar,37,37,11,9,94,0,1,200,8,209,37,38,211,17,303,14,6,20,323
04/19/2012,BTV,VT,ANE,EN,Combined TRACON& Tower with Radar,35,43,22,13,113,0,0,52,11,63,35,43,74,24,176,134,8,142,318
04/20/2012,BTV,VT,ANE,EN,Combined TRACON& Tower with Radar,36,35,18,15,104,0,4,34,0,38,36,39,52,15,142,116,0,116,258
04/21/2012,BTV,VT,ANE,EN,Combined TRACON& Tower with Radar,28,31,27,1,87,0,0,11,0,11,28,31,38,1,98,20,0,20,118
04/22/2012,BTV,VT,ANE,EN,Combined TRACON& Tower with Radar,34,25,14,2,75,0,0,1,0,1,34,25,15,2,76,0,0,0,76
04/23/2012,BTV,VT,ANE,EN,Combined TRACON& Tower with Radar,30,38,10,2,80,0,0,1,0,1,30,38,11,2,81,0,0,0,81
04/24/2012,BTV,VT,ANE,EN,Combined TRACON& Tower with Radar,35,46,30,11,122,0,0,18,2,20,35,46,48,13,142,30,8,38,180
04/25/2012,BTV,VT,ANE,EN,Combined TRACON& Tower with Radar,37,39,26,14,116,0,0,23,2,25,37,39,49,16,141,98,20,118,259
04/26/2012,BTV,VT,ANE,EN,Combined TRACON& Tower with Radar,34,45,25,6,110,0,2,36,4,42,34,47,61,10,152,50,2,52,204
04/27/2012,BTV,VT,ANE,EN,Combined TRACON& Tower with Radar,32,54,7,13,106,0,1,9,1,11,32,55,16,14,117,0,0,0,117
04/28/2012,BTV,VT,ANE,EN,Combined TRACON& Tower with Radar,29,38,23,0,90,0,0,49,0,49,29,38,72,0,139,98,0,98,237
04/29/2012,BTV,VT,ANE,EN,Combined TRACON& Tower with Radar,38,33,13,0,84,0,2,33,0,35,38,35,46,0,119,58,0,58,177
04/30/2012,BTV,VT,ANE,EN,Combined TRACON& Tower with Radar,33,37,34,6,110,0,1,45,0,46,33,38,79,6,156,70,18,88,244
05/01/2012,BTV,VT,ANE,EN,Combined TRACON& Tower with Radar,36,38,24,14,112,0,0,9,0,9,36,38,33,14,121,16,0,16,137
05/02/2012,BTV,VT,ANE,EN,Combined TRACON& Tower with Radar,34,37,26,22,119,0,1,22,1,24,34,38,48,23,143,96,20,116,259
05/03/2012,BTV,VT,ANE,EN,Combined TRACON& Tower with Radar,31,41,26,11,109,0,0,23,4,27,31,41,49,15,136,196,2,198,334
05/04/2012,BTV,VT,ANE,EN,Combined TRACON& Tower with Radar,34,50,13,13,110,0,0,9,4,13,34,50,22,17,123,64,14,78,201
05/05/2012,BTV,VT,ANE,EN,Combined TRACON& Tower with Radar,30,40,19,19,108,0,3,42,8,53,30,43,61,27,161,70,24,94,255
05/06/2012,BTV,VT,ANE,EN,Combined TRACON& Tower with Radar,37,36,33,0,106,0,3,72,3,78,37,39,105,3,184,80,8,88,272
05/07/2012,BTV,VT,ANE,EN,Combined TRACON& Tower with Radar,34,43,18,10,105,0,1,51,5,57,34,44,69,15,162,106,16,122,284
05/08/2012,BTV,VT,ANE,EN,Combined TRACON& Tower with Radar,36,39,12,0,87,0,0,2,0,2,36,39,14,0,89,0,0,0,89
05/09/2012,BTV,VT,ANE,EN,Combined TRACON& Tower with Radar,38,51,24,19,132,0,0,9,2,11,38,51,33,21,143,66,10,76,219
05/10/2012,BTV,VT,ANE,EN,Combined TRACON& Tower with Radar,38,57,22,26,143,0,0,19,0,19,38,57,41,26,162,90,52,142,304
05/11/2012,BTV,VT,ANE,EN,Combined TRACON& Tower with Radar,36,49,31,12,128,0,1,37,2,40,36,50,68,14,168,98,6,104,272
05/12/2012,BTV,VT,ANE,EN,Combined TRACON& Tower with Radar,30,30,17,0,77,0,3,80,0,83,30,33,97,0,160,56,0,56,216
05/13/2012,BTV,VT,ANE,EN,Combined TRACON& Tower with Radar,36,31,20,1,88,0,1,34,0,35,36,32,54,1,123,32,0,32,155
05/14/2012,BTV,VT,ANE,EN,Combined TRACON& Tower with Radar,37,47,19,2,105,0,1,20,0,21,37,48,39,2,126,92,0,92,218
05/15/2012,BTV,VT,ANE,EN,Combined TRACON& Tower with Radar,38,44,23,16,121,0,0,4,0,4,38,44,27,16,125,14,0,14,139
05/16/2012,BTV,VT,ANE,EN,Combined TRACON& Tower with Radar,35,54,13,23,125,0,1,16,1,18,35,55,29,24,143,77,18,95,238
05/17/2012,BTV,VT,ANE,EN,Combined TRACON& Tower with Radar,40,57,14,11,122,0,2,63,9,74,40,59,77,20,196,44,16,60,256
05/18/2012,BTV,VT,ANE,EN,Combined TRACON& Tower with Radar,36,44,16,9,105,0,2,53,4,59,36,46,69,13,164,72,0,72,236
05/19/2012,BTV,VT,ANE,EN,Combined TRACON& Tower with Radar,33,29,11,0,73,0,4,56,0,60,33,33,67,0,133,22,0,22,155
05/20/2012,BTV,VT,ANE,EN,Combined TRACON& Tower with Radar,36,41,22,0,99,0,2,75,0,77,36,43,97,0,176,106,0,106,282
05/21/2012,BTV,VT,ANE,EN,Combined TRACON& Tower with Radar,33,40,30,17,120,0,1,30,2,33,33,41,60,19,153,132,86,218,371
05/22/2012,BTV,VT,ANE,EN,Combined TRACON& Tower with Radar,35,39,12,17,103,0,1,10,9,20,35,40,22,26,123,2,26,28,151
05/23/2012,BTV,VT,ANE,EN,Combined TRACON& Tower with Radar,33,46,15,10,104,0,1,19,5,25,33,47,34,15,129,70,12,82,211
05/24/2012,BTV,VT,ANE,EN,Combined TRACON& Tower with Radar,36,52,24,7,119,0,0,34,1,35,36,52,58,8,154,96,16,112,266
05/25/2012,BTV,VT,ANE,EN,Combined TRACON& Tower with Radar,33,51,19,4,107,0,0,10,0,10,33,51,29,4,117,14,0,14,131
05/26/2012,BTV,VT,ANE,EN,Combined TRACON& Tower with Radar,30,34,10,0,74,0,0,56,0,56,30,34,66,0,130,30,0,30,160
05/27/2012,BTV,VT,ANE,EN,Combined TRACON& Tower with Radar,31,39,10,0,80,0,0,33,0,33,31,39,43,0,113,2,0,2,115
05/28/2012,BTV,VT,ANE,EN,Combined TRACON& Tower with Radar,29,42,22,0,93,0,0,38,2,40,29,42,60,2,133,16,0,16,149
05/29/2012,BTV,VT,ANE,EN,Combined TRACON& Tower with Radar,28,34,17,2,81,0,0,9,1,10,28,34,26,3,91,14,0,14,105
05/30/2012,BTV,VT,ANE,EN,Combined TRACON& Tower with Radar,36,39,19,7,101,0,1,43,13,57,36,40,62,20,158,58,12,70,228
05/31/2012,BTV,VT,ANE,EN,Combined TRACON& Tower with Radar,37,54,19,11,121,0,0,31,8,39,37,54,50,19,160,94,8,102,262
06/01/2012,BTV,VT,ANE,EN,Combined TRACON& Tower with Radar,35,46,24,11,116,0,0,49,0,49,35,46,73,11,165,52,4,56,221
06/02/2012,BTV,VT,ANE,EN,Combined TRACON& Tower with Radar,30,36,15,12,93,0,0,0,0,0,30,36,15,12,93,10,0,10,103
06/03/2012,BTV,VT,ANE,EN,Combined TRACON& Tower with Radar,34,40,22,7,103,0,0,12,0,12,34,40,34,7,115,12,0,12,127
06/04/2012,BTV,VT,ANE,EN,Combined TRACON& Tower with Radar,37,42,17,17,113,0,0,2,0,2,37,42,19,17,115,46,0,46,161
06/05/2012,BTV,VT,ANE,EN,Combined TRACON& Tower with Radar,37,41,24,11,113,0,0,25,12,37,37,41,49,23,150,30,34,64,214
06/06/2012,BTV,VT,ANE,EN,Combined TRACON& Tower with Radar,38,45,23,16,122,0,2,42,6,50,38,47,65,22,172,90,0,90,262
06/07/2012,BTV,VT,ANE,EN,Combined TRACON& Tower with Radar,37,51,13,13,114,0,3,37,10,50,37,54,50,23,164,96,18,114,278
06/08/2012,BTV,VT,ANE,EN,Combined TRACON& Tower with Radar,34,49,9,2,94,0,0,22,2,24,34,49,31,4,118,50,0,50,168
06/09/2012,BTV,VT,ANE,EN,Combined TRACON& Tower with Radar,33,43,10,0,86,0,2,37,2,41,33,45,47,2,127,66,0,66,193
06/10/2012,BTV,VT,ANE,EN,Combined TRACON& Tower with Radar,37,41,29,0,107,0,2,71,0,73,37,43,100,0,180,73,0,73,253
06/11/2012,BTV,VT,ANE,EN,Combined TRACON& Tower with Radar,37,49,23,10,119,0,0,40,1,41,37,49,63,11,160,44,22,66,226
06/12/2012,BTV,VT,ANE,EN,Combined TRACON& Tower with Radar,37,51,18,17,123,0,0,9,4,13,37,51,27,21,136,6,6,12,148
06/13/2012,BTV,VT,ANE,EN,Combined TRACON& Tower with Radar,40,49,22,16,127,0,1,24,5,30,40,50,46,21,157,52,6,58,215
06/14/2012,BTV,VT,ANE,EN,Combined TRACON& Tower with Radar,37,51,25,17,130,0,2,58,11,71,37,53,83,28,201,70,10,80,281
06/15/2012,BTV,VT,ANE,EN,Combined TRACON& Tower with Radar,38,53,20,19,130,0,0,48,11,59,38,53,68,30,189,84,46,130,319
06/16/2012,BTV,VT,ANE,EN,Combined TRACON& Tower with Radar,33,37,25,0,95,0,0,55,1,56,33,37,80,1,151,108,0,108,259
06/17/2012,BTV,VT,ANE,EN,Combined TRACON& Tower with Radar,37,45,18,0,100,0,0,51,0,51,37,45,69,0,151,30,0,30,181
06/18/2012,BTV,VT,ANE,EN,Combined TRACON& Tower with Radar,36,51,29,3,119,0,0,35,11,46,36,51,64,14,165,52,8,60,225
06/19/2012,BTV,VT,ANE,EN,Combined TRACON& Tower with Radar,40,50,23,10,123,0,0,19,17,36,40,50,42,27,159,34,8,42,201
06/20/2012,BTV,VT,ANE,EN,Combined TRACON& Tower with Radar,37,46,21,12,116,0,0,48,10,58,37,46,69,22,174,78,18,96,270
06/21/2012,BTV,VT,ANE,EN,Combined TRACON& Tower with Radar,37,52,13,14,116,0,2,63,9,74,37,54,76,23,190,66,30,96,286
06/22/2012,BTV,VT,ANE,EN,Combined TRACON& Tower with Radar,32,42,18,10,102,0,1,48,9,58,32,43,66,19,160,78,8,86,246
06/23/2012,BTV,VT,ANE,EN,Combined TRACON& Tower with Radar,29,40,22,1,92,0,0,39,5,44,29,40,61,6,136,110,0,110,246
06/24/2012,BTV,VT,ANE,EN,Combined TRACON& Tower with Radar,34,41,22,3,100,0,0,66,0,66,34,41,88,3,166,58,2,60,226
06/25/2012,BTV,VT,ANE,EN,Combined TRACON& Tower with Radar,33,44,22,0,99,0,0,13,8,21,33,44,35,8,120,70,8,78,198
06/26/2012,BTV,VT,ANE,EN,Combined TRACON& Tower with Radar,38,47,19,10,114,0,0,9,0,9,38,47,28,10,123,38,0,38,161
06/27/2012,BTV,VT,ANE,EN,Combined TRACON& Tower with Radar,37,58,32,16,143,0,0,16,7,23,37,58,48,23,166,86,0,86,252
06/28/2012,BTV,VT,ANE,EN,Combined TRACON& Tower with Radar,36,51,37,20,144,0,4,39,12,55,36,55,76,32,199,64,16,80,279
06/29/2012,BTV,VT,ANE,EN,Combined TRACON& Tower with Radar,34,51,33,7,125,0,2,38,2,42,34,53,71,9,167,96,0,96,263
06/30/2012,BTV,VT,ANE,EN,Combined TRACON& Tower with Radar,30,38,23,0,91,0,1,48,0,49,30,39,71,0,140,38,0,38,178
07/01/2012,BTV,VT,ANE,EN,Combined TRACON& Tower with Radar,37,36,17,0,90,0,0,53,1,54,37,36,70,1,144,70,0,70,214
07/02/2012,BTV,VT,ANE,EN,Combined TRACON& Tower with Radar,42,44,18,4,108,0,1,39,0,40,42,45,57,4,148,120,0,120,268
07/03/2012,BTV,VT,ANE,EN,Combined TRACON& Tower with Radar,41,38,21,6,106,0,0,43,3,46,41,38,64,9,152,60,0,60,212
07/04/2012,BTV,VT,ANE,EN,Combined TRACON& Tower with Radar,32,30,4,0,66,0,1,19,0,20,32,31,23,0,86,20,0,20,106
07/05/2012,BTV,VT,ANE,EN,Combined TRACON& Tower with Radar,37,35,13,4,89,0,1,50,5,56,37,36,63,9,145,68,0,68,213
07/06/2012,BTV,VT,ANE,EN,Combined TRACON& Tower with Radar,35,39,24,7,105,0,2,55,2,59,35,41,79,9,164,38,0,38,202
07/07/2012,BTV,VT,ANE,EN,Combined TRACON& Tower with Radar,40,29,21,0,90,0,0,29,0,29,40,29,50,0,119,124,0,124,243
07/08/2012,BTV,VT,ANE,EN,Combined TRACON& Tower with Radar,39,34,41,0,114,0,0,54,1,55,39,34,95,1,169,30,0,30,199
07/09/2012,BTV,VT,ANE,EN,Combined TRACON& Tower with Radar,39,49,27,9,124,0,5,64,0,69,39,54,91,9,193,106,0,106,299
07/10/2012,BTV,VT,ANE,EN,Combined TRACON& Tower with Radar,40,38,23,34,135,0,1,69,16,86,40,39,92,50,221,52,24,76,297
07/11/2012,BTV,VT,ANE,EN,Combined TRACON& Tower with Radar,42,36,17,23,118,0,0,48,9,57,42,36,65,32,175,80,6,86,261
07/12/2012,BTV,VT,ANE,EN,Combined TRACON& Tower with Radar,45,35,23,27,130,0,2,41,9,52,45,37,64,36,182,80,4,84,266
07/13/2012,BTV,VT,ANE,EN,Combined TRACON& Tower with Radar,43,34,20,21,118,0,1,67,2,70,43,35,87,23,188,28,8,36,224
07/14/2012,BTV,VT,ANE,EN,Combined TRACON& Tower with Radar,45,26,26,0,97,0,0,52,0,52,45,26,78,0,149,72,0,72,221
07/15/2012,BTV,VT,ANE,EN,Combined TRACON& Tower with Radar,38,39,21,0,98,0,2,30,0,32,38,41,51,0,130,124,0,124,254
07/16/2012,BTV,VT,ANE,EN,Combined TRACON& Tower with Radar,42,32,32,1,107,0,0,33,3,36,42,32,65,4,143,180,2,182,325
07/17/2012,BTV,VT,ANE,EN,Combined TRACON& Tower with Radar,43,31,19,8,101,0,0,12,0,12,43,31,31,8,113,78,4,82,195
07/18/2012,BTV,VT,ANE,EN,Combined TRACON& Tower with Radar,35,27,17,25,104,0,0,37,10,47,35,27,54,35,151,62,12,74,225
07/19/2012,BTV,VT,ANE,EN,Combined TRACON& Tower with Radar,39,38,23,18,118,0,0,77,14,91,39,38,100,32,209,76,22,98,307
07/20/2012,BTV,VT,ANE,EN,Combined TRACON& Tower with Radar,41,31,33,8,113,0,4,67,1,72,41,35,100,9,185,88,2,90,275
07/21/2012,BTV,VT,ANE,EN,Combined TRACON& Tower with Radar,44,22,20,2,88,0,3,57,12,72,44,25,77,14,160,102,10,112,272
07/22/2012,BTV,VT,ANE,EN,Combined TRACON& Tower with Radar,43,29,29,0,101,0,3,61,4,68,43,32,90,4,169,116,0,116,285
07/23/2012,BTV,VT,ANE,EN,Combined TRACON& Tower with Radar,39,33,38,3,113,0,0,30,1,31,39,33,68,4,144,132,0,132,276
07/24/2012,BTV,VT,ANE,EN,Combined TRACON& Tower with Radar,40,36,21,16,113,0,0,17,7,24,40,36,38,23,137,98,10,108,245
07/25/2012,BTV,VT,ANE,EN,Combined TRACON& Tower with Radar,42,41,39,23,145,0,0,55,9,64,42,41,94,32,209,86,28,114,323
07/26/2012,BTV,VT,ANE,EN,Combined TRACON& Tower with Radar,34,41,21,19,115,0,0,15,0,15,34,41,36,19,130,46,70,116,246
07/27/2012,BTV,VT,ANE,EN,Combined TRACON& Tower with Radar,40,34,33,8,115,0,1,18,5,24,40,35,51,13,139,72,0,72,211
07/28/2012,BTV,VT,ANE,EN,Combined TRACON& Tower with Radar,37,27,17,0,81,0,0,34,2,36,37,27,51,2,117,66,0,66,183
07/29/2012,BTV,VT,ANE,EN,Combined TRACON& Tower with Radar,37,35,25,2,99,0,1,38,2,41,37,36,63,4,140,128,4,132,272
07/30/2012,BTV,VT,ANE,EN,Combined TRACON& Tower with Radar,42,42,20,1,105,0,2,51,6,59,42,44,71,7,164,118,8,126,290
07/31/2012,BTV,VT,ANE,EN,Combined TRACON& Tower with Radar,42,31,30,18,121,0,2,57,12,71,42,33,87,30,192,124,26,150,342
08/01/2012,BTV,VT,ANE,EN,Combined TRACON& Tower with Radar,39,39,13,32,123,0,3,22,8,33,39,42,35,40,156,64,54,118,274
08/02/2012,BTV,VT,ANE,EN,Combined TRACON& Tower with Radar,43,36,32,41,152,0,0,55,17,72,43,36,87,58,224,144,50,194,418
08/03/2012,BTV,VT,ANE,EN,Combined TRACON& Tower with Radar,42,32,16,13,103,0,1,38,5,44,42,33,54,18,147,184,10,194,341
08/04/2012,BTV,VT,ANE,EN,Combined TRACON& Tower with Radar,41,30,19,14,104,0,2,71,12,85,41,32,90,26,189,130,14,144,333
08/05/2012,BTV,VT,ANE,EN,Combined TRACON& Tower with Radar,34,29,25,2,90,0,0,6,0,6,34,29,31,2,96,2,0,2,98
08/06/2012,BTV,VT,ANE,EN,Combined TRACON& Tower with Radar,41,29,35,11,116,0,0,40,6,46,41,29,75,17,162,102,28,130,292
08/07/2012,BTV,VT,ANE,EN,Combined TRACON& Tower with Radar,43,42,23,9,117,0,2,46,16,64,43,44,69,25,181,32,6,38,219
08/08/2012,BTV,VT,ANE,EN,Combined TRACON& Tower with Radar,40,38,32,37,147,0,3,42,12,57,40,41,74,49,204,108,52,160,364
08/09/2012,BTV,VT,ANE,EN,Combined TRACON& Tower with Radar,40,37,22,11,110,2,0,26,2,30,42,37,48,13,140,64,12,76,216
08/10/2012,BTV,VT,ANE,EN,Combined TRACON& Tower with Radar,36,36,20,6,98,0,0,9,0,9,36,36,29,6,107,88,4,92,199
08/11/2012,BTV,VT,ANE,EN,Combined TRACON& Tower with Radar,42,28,19,3,92,0,0,15,1,16,42,28,34,4,108,118,0,118,226
08/12/2012,BTV,VT,ANE,EN,Combined TRACON& Tower with Radar,37,45,32,7,121,0,1,39,3,43,37,46,71,10,164,24,0,24,188
08/13/2012,BTV,VT,ANE,EN,Combined TRACON& Tower with Radar,40,37,24,3,104,0,0,42,4,46,40,37,66,7,150,94,0,94,244
08/14/2012,BTV,VT,ANE,EN,Combined TRACON& Tower with Radar,34,41,32,33,140,0,0,39,16,55,34,41,71,49,195,92,26,118,313
08/15/2012,BTV,VT,ANE,EN,Combined TRACON& Tower with Radar,36,40,17,24,117,0,2,28,9,39,36,42,45,33,156,58,4,62,218
08/16/2012,BTV,VT,ANE,EN,Combined TRACON& Tower with Radar,37,45,31,29,142,0,4,54,18,76,37,49,85,47,218,110,6,116,334
08/17/2012,BTV,VT,ANE,EN,Combined TRACON& Tower with Radar,34,45,37,30,146,0,0,21,7,28,34,45,58,37,174,40,12,52,226
08/18/2012,BTV,VT,ANE,EN,Combined TRACON& Tower with Radar,36,36,44,0,116,0,0,62,3,65,36,36,106,3,181,86,0,86,267
08/19/2012,BTV,VT,ANE,EN,Combined TRACON& Tower with Radar,36,38,26,0,100,0,1,62,4,67,36,39,88,4,167,58,0,58,225
08/20/2012,BTV,VT,ANE,EN,Combined TRACON& Tower with Radar,37,36,20,27,120,0,3,35,4,42,37,39,55,31,162,62,4,66,228
08/21/2012,BTV,VT,ANE,EN,Combined TRACON& Tower with Radar,39,36,17,33,125,0,0,64,10,74,39,36,81,43,199,80,12,92,291
08/22/2012,BTV,VT,ANE,EN,Combined TRACON& Tower with Radar,42,31,21,51,145,0,3,53,1,57,42,34,74,52,202,106,32,138,340
08/23/2012,BTV,VT,ANE,EN,Combined TRACON& Tower with Radar,39,32,18,22,111,0,0,52,0,52,39,32,70,22,163,50,2,52,215
08/24/2012,BTV,VT,ANE,EN,Combined TRACON& Tower with Radar,38,39,12,19,108,0,0,76,5,81,38,39,88,24,189,60,8,68,257
08/25/2012,BTV,VT,ANE,EN,Combined TRACON& Tower with Radar,35,33,29,0,97,0,0,56,0,56,35,33,85,0,153,20,0,20,173
08/26/2012,BTV,VT,ANE,EN,Combined TRACON& Tower with Radar,31,38,16,8,93,0,2,64,0,66,31,40,80,8,159,32,20,52,211
08/27/2012,BTV,VT,ANE,EN,Combined TRACON& Tower with Radar,37,40,17,2,96,0,0,25,1,26,37,40,42,3,122,48,0,48,170
08/28/2012,BTV,VT,ANE,EN,Combined TRACON& Tower with Radar,36,43,17,12,108,0,0,23,8,31,36,43,40,20,139,55,0,55,194
08/29/2012,BTV,VT,ANE,EN,Combined TRACON& Tower with Radar,36,42,22,21,121,0,2,46,5,53,36,44,68,26,174,72,22,94,268
08/30/2012,BTV,VT,ANE,EN,Combined TRACON& Tower with Radar,37,45,15,6,103,0,1,54,4,59,37,46,69,10,162,64,2,66,228
08/31/2012,BTV,VT,ANE,EN,Combined TRACON& Tower with Radar,32,40,23,2,97,0,0,31,0,31,32,40,54,2,128,46,0,46,174
09/01/2012,BTV,VT,ANE,EN,Combined TRACON& Tower with Radar,25,37,22,0,84,0,0,77,0,77,25,37,99,0,161,16,0,16,177
09/02/2012,BTV,VT,ANE,EN,Combined TRACON& Tower with Radar,19,31,14,2,66,0,0,55,0,55,19,31,69,2,121,128,0,128,249
09/03/2012,BTV,VT,ANE,EN,Combined TRACON& Tower with Radar,25,47,25,0,97,0,2,44,0,46,25,49,69,0,143,52,0,52,195
09/04/2012,BTV,VT,ANE,EN,Combined TRACON& Tower with Radar,30,47,42,41,160,0,0,17,2,19,30,47,59,43,179,120,40,160,339
09/05/2012,BTV,VT,ANE,EN,Combined TRACON& Tower with Radar,29,38,31,25,123,0,0,27,15,42,29,38,58,40,165,10,102,112,277
09/06/2012,BTV,VT,ANE,EN,Combined TRACON& Tower with Radar,31,44,24,17,116,0,0,43,13,56,31,44,67,30,172,102,22,124,296
09/07/2012,BTV,VT,ANE,EN,Combined TRACON& Tower with Radar,33,42,23,6,104,0,0,63,6,69,33,42,86,12,173,18,8,26,199
09/08/2012,BTV,VT,ANE,EN,Combined TRACON& Tower with Radar,27,38,18,9,92,0,0,8,5,13,27,38,26,14,105,24,18,42,147
09/09/2012,BTV,VT,ANE,EN,Combined TRACON& Tower with Radar,30,53,38,1,122,0,2,47,7,56,30,55,85,8,178,100,0,100,278
09/10/2012,BTV,VT,ANE,EN,Combined TRACON& Tower with Radar,32,41,24,8,105,0,0,43,3,46,32,41,67,11,151,106,2,108,259
09/11/2012,BTV,VT,ANE,EN,Combined TRACON& Tower with Radar,33,49,14,13,109,0,0,45,13,58,33,49,59,26,167,180,12,192,359
09/12/2012,BTV,VT,ANE,EN,Combined TRACON& Tower with Radar,33,41,20,12,106,0,2,50,10,62,33,43,70,22,168,58,14,72,240
09/13/2012,BTV,VT,ANE,EN,Combined TRACON& Tower with Radar,31,41,13,9,94,0,2,46,12,60,31,43,59,21,154,144,4,148,302
09/14/2012,BTV,VT,ANE,EN,Combined TRACON& Tower with Radar,35,44,20,10,109,0,1,53,2,56,35,45,73,12,165,126,2,128,293
09/15/2012,BTV,VT,ANE,EN,Combined TRACON& Tower with Radar,27,38,26,0,91,0,0,32,0,32,27,38,58,0,123,110,0,110,233
09/16/2012,BTV,VT,ANE,EN,Combined TRACON& Tower with Radar,30,47,17,1,95,0,1,74,0,75,30,48,91,1,170,62,0,62,232
09/17/2012,BTV,VT,ANE,EN,Combined TRACON& Tower with Radar,31,41,27,13,112,0,1,42,5,48,31,42,69,18,160,100,20,120,280
09/18/2012,BTV,VT,ANE,EN,Combined TRACON& Tower with Radar,30,43,18,2,93,0,0,7,3,10,30,43,25,5,103,28,4,32,135
09/19/2012,BTV,VT,ANE,EN,Combined TRACON& Tower with Radar,32,41,25,18,116,0,0,51,9,60,32,41,76,27,176,142,30,172,348
09/20/2012,BTV,VT,ANE,EN,Combined TRACON& Tower with Radar,33,46,26,18,123,0,0,62,15,77,33,46,88,33,200,64,18,82,282
09/21/2012,BTV,VT,ANE,EN,Combined TRACON& Tower with Radar,33,44,15,10,102,0,1,28,12,41,33,45,43,22,143,64,0,64,207
09/22/2012,BTV,VT,ANE,EN,Combined TRACON& Tower with Radar,26,30,22,0,78,0,0,10,0,10,26,30,32,0,88,0,0,0,88
09/23/2012,BTV,VT,ANE,EN,Combined TRACON& Tower with Radar,29,51,26,0,106,0,1,34,0,35,29,52,60,0,141,52,2,54,195
09/24/2012,BTV,VT,ANE,EN,Combined TRACON& Tower with Radar,32,46,27,1,106,0,1,42,5,48,32,47,69,6,154,78,12,90,244
09/25/2012,BTV,VT,ANE,EN,Combined TRACON& Tower with Radar,35,47,15,0,97,0,2,26,3,31,35,49,41,3,128,92,0,92,220
09/26/2012,BTV,VT,ANE,EN,Combined TRACON& Tower with Radar,33,44,19,0,96,0,0,20,0,20,33,44,39,0,116,14,0,14,130
09/27/2012,BTV,VT,ANE,EN,Combined TRACON& Tower with Radar,32,56,29,3,120,0,3,64,4,71,32,59,93,7,191,168,0,168,359
09/28/2012,BTV,VT,ANE,EN,Combined TRACON& Tower with Radar,32,57,25,3,117,0,0,24,2,26,32,57,49,5,143,118,2,120,263
09/29/2012,BTV,VT,ANE,EN,Combined TRACON& Tower with Radar,29,42,23,0,94,0,0,2,0,2,29,42,25,0,96,0,0,0,96
09/30/2012,BTV,VT,ANE,EN,Combined TRACON& Tower with Radar,29,44,25,0,98,0,0,2,0,2,29,44,27,0,100,0,0,0,100
10/01/2012,BTV,VT,ANE,EN,Combined TRACON& Tower with Radar,33,48,14,1,96,0,0,10,2,12,33,48,24,3,108,118,0,118,226
10/02/2012,BTV,VT,ANE,EN,Combined TRACON& Tower with Radar,34,42,27,14,117,0,0,59,10,69,34,42,86,24,186,208,0,208,394
10/03/2012,BTV,VT,ANE,EN,Combined TRACON& Tower with Radar,35,40,7,20,102,0,0,1,0,1,35,40,8,20,103,0,14,14,117
10/04/2012,BTV,VT,ANE,EN,Combined TRACON& Tower with Radar,30,54,18,8,110,0,0,0,0,0,30,54,18,8,110,0,16,16,126
10/05/2012,BTV,VT,ANE,EN,Combined TRACON& Tower with Radar,34,44,27,4,109,0,3,55,2,60,34,47,82,6,169,178,0,178,347
10/06/2012,BTV,VT,ANE,EN,Combined TRACON& Tower with Radar,28,41,26,0,95,0,0,3,0,3,28,41,29,0,98,0,0,0,98
10/07/2012,BTV,VT,ANE,EN,Combined TRACON& Tower with Radar,27,50,25,0,102,0,2,26,0,28,27,52,51,0,130,42,0,42,172
10/08/2012,BTV,VT,ANE,EN,Combined TRACON& Tower with Radar,32,41,21,0,94,0,0,84,0,84,32,41,105,0,178,144,0,144,322
10/09/2012,BTV,VT,ANE,EN,Combined TRACON& Tower with Radar,33,46,25,12,116,0,0,46,8,54,33,46,71,20,170,123,16,139,309
10/10/2012,BTV,VT,ANE,EN,Combined TRACON& Tower with Radar,34,44,29,38,145,0,0,17,0,17,34,44,46,38,162,44,46,90,252
10/11/2012,BTV,VT,ANE,EN,Combined TRACON& Tower with Radar,34,45,19,18,116,0,0,48,5,53,34,45,67,23,169,146,12,158,327
10/12/2012,BTV,VT,ANE,EN,Combined TRACON& Tower with Radar,32,49,21,11,113,0,1,35,6,42,32,50,56,17,155,58,0,58,213
10/13/2012,BTV,VT,ANE,EN,Combined TRACON& Tower with Radar,26,33,15,14,88,0,1,85,11,97,26,34,100,25,185,108,22,130,315
10/14/2012,BTV,VT,ANE,EN,Combined TRACON& Tower with Radar,27,51,30,1,109,0,0,3,0,3,27,51,33,1,112,4,0,4,116
10/15/2012,BTV,VT,ANE,EN,Combined TRACON& Tower with Radar,32,41,23,0,96,0,0,15,0,15,32,41,38,0,111,28,0,28,139
10/16/2012,BTV,VT,ANE,EN,Combined TRACON& Tower with Radar,33,47,43,10,133,0,0,29,9,38,33,47,72,19,171,76,4,80,251
10/17/2012,BTV,VT,ANE,EN,Combined TRACON& Tower with Radar,32,50,26,25,133,0,2,68,5,75,32,52,94,30,208,66,22,88,296
10/18/2012,BTV,VT,ANE,EN,Combined TRACON& Tower with Radar,31,44,22,12,109,0,4,49,7,60,31,48,71,19,169,82,20,102,271
10/19/2012,BTV,VT,ANE,EN,Combined TRACON& Tower with Radar,31,42,14,6,93,0,0,4,0,4,31,42,18,6,97,8,0,8,105
10/20/2012,BTV,VT,ANE,EN,Combined TRACON& Tower with Radar,28,40,22,0,90,0,1,46,0,47,28,41,68,0,137,208,0,208,345
10/21/2012,BTV,VT,ANE,EN,Combined TRACON& Tower with Radar,29,48,17,0,94,0,0,24,0,24,29,48,41,0,118,48,0,48,166
10/22/2012,BTV,VT,ANE,EN,Combined TRACON& Tower with Radar,30,43,22,8,103,0,1,45,5,51,30,44,67,13,154,110,6,116,270
10/23/2012,BTV,VT,ANE,EN,Combined TRACON& Tower with Radar,31,42,26,9,108,0,0,47,16,63,31,42,73,25,171,146,42,188,359
10/24/2012,BTV,VT,ANE,EN,Combined TRACON& Tower with Radar,36,47,15,11,109,0,0,47,1,48,36,47,62,12,157,160,12,172,329
10/25/2012,BTV,VT,ANE,EN,Combined TRACON& Tower with Radar,33,43,19,12,107,0,0,57,9,66,33,43,76,21,173,32,6,38,211
10/26/2012,BTV,VT,ANE,EN,Combined TRACON& Tower with Radar,29,48,22,12,111,0,0,30,0,30,29,48,52,12,141,92,0,92,233
10/27/2012,BTV,VT,ANE,EN,Combined TRACON& Tower with Radar,28,33,19,1,81,0,0,30,0,30,28,33,49,1,111,60,0,60,171
10/28/2012,BTV,VT,ANE,EN,Combined TRACON& Tower with Radar,25,37,31,1,94,0,0,4,0,4,25,37,35,1,98,40,0,40,138
10/29/2012,BTV,VT,ANE,EN,Combined TRACON& Tower with Radar,8,9,10,0,27,0,0,3,0,3,8,9,13,0,30,0,0,0,30
10/30/2012,BTV,VT,ANE,EN,Combined TRACON& Tower with Radar,6,18,2,0,26,0,0,0,0,0,6,18,2,0,26,0,0,0,26
10/31/2012,BTV,VT,ANE,EN,Combined TRACON& Tower with Radar,10,34,21,4,69,0,0,9,0,9,10,34,30,4,78,10,12,22,100
11/01/2012,BTV,VT,ANE,EN,Combined TRACON& Tower with Radar,26,46,8,8,88,0,0,8,0,8,26,46,16,8,96,26,2,28,124
11/02/2012,BTV,VT,ANE,EN,Combined TRACON& Tower with Radar,28,42,20,8,98,0,0,14,0,14,28,42,34,8,112,148,0,148,260
11/03/2012,BTV,VT,ANE,EN,Combined TRACON& Tower with Radar,26,35,12,11,84,0,0,15,17,32,26,35,27,28,116,44,12,56,172
11/04/2012,BTV,VT,ANE,EN,Combined TRACON& Tower with Radar,28,39,15,8,90,0,0,22,0,22,28,39,37,8,112,112,24,136,248
11/05/2012,BTV,VT,ANE,EN,Combined TRACON& Tower with Radar,28,43,11,3,85,0,0,14,2,16,28,43,25,5,101,60,4,64,165
11/06/2012,BTV,VT,ANE,EN,Combined TRACON& Tower with Radar,24,38,24,13,99,0,1,60,12,73,24,39,84,25,172,118,6,124,296
11/07/2012,BTV,VT,ANE,EN,Combined TRACON& Tower with Radar,26,40,15,16,97,0,0,31,13,44,26,40,46,29,141,58,28,86,227
11/08/2012,BTV,VT,ANE,EN,Combined TRACON& Tower with Radar,27,46,19,19,111,0,0,16,0,16,27,46,35,19,127,30,4,34,161
11/09/2012,BTV,VT,ANE,EN,Combined TRACON& Tower with Radar,28,50,29,2,109,0,3,48,2,53,28,53,77,4,162,62,0,62,224
11/10/2012,BTV,VT,ANE,EN,Combined TRACON& Tower with Radar,26,28,25,0,79,0,0,57,2,59,26,28,82,2,138,56,4,60,198
11/11/2012,BTV,VT,ANE,EN,Combined TRACON& Tower with Radar,27,38,20,0,85,0,2,26,0,28,27,40,46,0,113,8,0,8,121
11/12/2012,BTV,VT,ANE,EN,Combined TRACON& Tower with Radar,26,46,10,0,82,0,0,13,0,13,26,46,23,0,95,12,0,12,107
11/13/2012,BTV,VT,ANE,EN,Combined TRACON& Tower with Radar,28,38,12,20,98,0,1,10,5,16,28,39,22,25,114,18,0,18,132
11/14/2012,BTV,VT,ANE,EN,Combined TRACON& Tower with Radar,29,43,19,22,113,0,0,30,4,34,29,43,49,26,147,64,8,72,219
11/15/2012,BTV,VT,ANE,EN,Combined TRACON& Tower with Radar,32,50,13,10,105,0,2,53,12,67,32,52,66,22,172,118,2,120,292
11/16/2012,BTV,VT,ANE,EN,Combined TRACON& Tower with Radar,32,50,27,10,119,0,1,45,2,48,32,51,72,12,167,94,0,94,261
11/17/2012,BTV,VT,ANE,EN,Combined TRACON& Tower with Radar,28,31,21,0,80,0,1,66,2,69,28,32,87,2,149,86,0,86,235
11/18/2012,BTV,VT,ANE,EN,Combined TRACON& Tower with Radar,29,35,17,0,81,0,1,70,0,71,29,36,87,0,152,154,0,154,306
11/19/2012,BTV,VT,ANE,EN,Combined TRACON& Tower with Radar,27,37,21,8,93,0,0,37,1,38,27,37,58,9,131,66,20,86,217
11/20/2012,BTV,VT,ANE,EN,Combined TRACON& Tower with Radar,32,48,22,16,118,0,3,44,9,56,32,51,66,25,174,90,4,94,268
11/21/2012,BTV,VT,ANE,EN,Combined TRACON& Tower with Radar,31,49,15,9,104,0,1,41,4,46,31,50,56,13,150,84,0,84,234
11/22/2012,BTV,VT,ANE,EN,Combined TRACON& Tower with Radar,19,19,5,0,43,0,1,20,0,21,19,20,25,0,64,0,0,0,64
11/23/2012,BTV,VT,ANE,EN,Combined TRACON& Tower with Radar,20,30,14,2,66,0,2,13,0,15,20,32,27,2,81,6,0,6,87
11/24/2012,BTV,VT,ANE,EN,Combined TRACON& Tower with Radar,35,40,15,0,90,0,0,5,0,5,35,40,20,0,95,4,0,4,99
11/25/2012,BTV,VT,ANE,EN,Combined TRACON& Tower with Radar,33,52,14,0,99,0,1,18,3,22,33,53,32,3,121,44,0,44,165
11/26/2012,BTV,VT,ANE,EN,Combined TRACON& Tower with Radar,31,48,12,4,95,0,0,25,0,25,31,48,37,4,120,118,40,158,278
11/27/2012,BTV,VT,ANE,EN,Combined TRACON& Tower with Radar,25,37,11,14,87,0,0,22,3,25,25,37,33,17,112,68,20,88,200
11/28/2012,BTV,VT,ANE,EN,Combined TRACON& Tower with Radar,27,41,14,32,114,0,0,15,2,17,27,41,29,34,131,32,36,68,199
11/29/2012,BTV,VT,ANE,EN,Combined TRACON& Tower with Radar,28,41,17,14,100,0,0,15,4,19,28,41,32,18,119,64,8,72,191
11/30/2012,BTV,VT,ANE,EN,Combined TRACON& Tower with Radar,28,44,14,11,97,0,0,29,9,38,28,44,43,20,135,70,16,86,221
12/01/2012,BTV,VT,ANE,EN,Combined TRACON& Tower with Radar,20,33,1,1,55,0,0,9,0,9,20,33,10,1,64,46,0,46,110
12/02/2012,BTV,VT,ANE,EN,Combined TRACON& Tower with Radar,22,41,11,0,74,0,0,0,0,0,22,41,11,0,74,0,0,0,74
12/03/2012,BTV,VT,ANE,EN,Combined TRACON& Tower with Radar,27,39,18,0,84,0,0,12,3,15,27,39,30,3,99,120,8,128,227
12/04/2012,BTV,VT,ANE,EN,Combined TRACON& Tower with Radar,30,42,15,11,98,0,0,6,4,10,30,42,21,15,108,0,4,4,112
12/05/2012,BTV,VT,ANE,EN,Combined TRACON& Tower with Radar,26,44,14,23,107,0,0,6,1,7,26,44,20,24,114,6,10,16,130
12/06/2012,BTV,VT,ANE,EN,Combined TRACON& Tower with Radar,28,49,12,19,108,0,3,53,12,68,28,52,65,31,176,136,20,156,332
12/07/2012,BTV,VT,ANE,EN,Combined TRACON& Tower with Radar,27,46,23,7,103,0,0,10,1,11,27,46,33,8,114,46,2,48,162
12/08/2012,BTV,VT,ANE,EN,Combined TRACON& Tower with Radar,20,33,3,2,58,0,0,0,0,0,20,33,3,2,58,48,0,48,106
12/09/2012,BTV,VT,ANE,EN,Combined TRACON& Tower with Radar,20,43,18,0,81,0,0,35,0,35,20,43,53,0,116,96,0,96,212
12/10/2012,BTV,VT,ANE,EN,Combined TRACON& Tower with Radar,25,33,15,10,83,0,0,0,0,0,25,33,15,10,83,0,16,16,99
12/11/2012,BTV,VT,ANE,EN,Combined TRACON& Tower with Radar,28,39,18,13,98,0,1,25,7,33,28,40,43,20,131,89,0,89,220
12/12/2012,BTV,VT,ANE,EN,Combined TRACON& Tower with Radar,25,51,27,9,112,0,0,47,4,51,25,51,74,13,163,16,0,16,179
12/13/2012,BTV,VT,ANE,EN,Combined TRACON& Tower with Radar,28,48,19,28,123,0,1,43,9,53,28,49,62,37,176,46,26,72,248
12/14/2012,BTV,VT,ANE,EN,Combined TRACON& Tower with Radar,27,43,19,16,105,0,0,31,2,33,27,43,50,18,138,30,0,30,168
12/15/2012,BTV,VT,ANE,EN,Combined TRACON& Tower with Radar,22,36,11,0,69,0,1,61,0,62,22,37,72,0,131,114,0,114,245
12/16/2012,BTV,VT,ANE,EN,Combined TRACON& Tower with Radar,23,39,6,2,70,0,0,3,0,3,23,39,9,2,73,0,0,0,73
12/17/2012,BTV,VT,ANE,EN,Combined TRACON& Tower with Radar,27,39,17,2,85,0,0,2,0,2,27,39,19,2,87,0,0,0,87
12/18/2012,BTV,VT,ANE,EN,Combined TRACON& Tower with Radar,28,44,18,6,96,0,0,1,0,1,28,44,19,6,97,4,0,4,101
12/19/2012,BTV,VT,ANE,EN,Combined TRACON& Tower with Radar,27,52,13,12,104,0,0,6,0,6,27,52,19,12,110,0,0,0,110
12/20/2012,BTV,VT,ANE,EN,Combined TRACON& Tower with Radar,27,63,35,23,148,0,0,17,12,29,27,63,52,35,177,132,26,158,335
12/21/2012,BTV,VT,ANE,EN,Combined TRACON& Tower with Radar,22,48,9,2,81,0,0,0,0,0,22,48,9,2,81,0,0,0,81
12/22/2012,BTV,VT,ANE,EN,Combined TRACON& Tower with Radar,25,43,9,0,77,0,0,0,0,0,25,43,9,0,77,0,0,0,77
12/23/2012,BTV,VT,ANE,EN,Combined TRACON& Tower with Radar,19,55,17,0,91,0,0,11,0,11,19,55,28,0,102,97,0,97,199
12/24/2012,BTV,VT,ANE,EN,Combined TRACON& Tower with Radar,25,29,6,0,60,0,0,12,0,12,25,29,18,0,72,0,0,0,72
12/25/2012,BTV,VT,ANE,EN,Combined TRACON& Tower with Radar,20,35,0,0,55,0,0,2,0,2,20,35,2,0,57,32,0,32,89
12/26/2012,BTV,VT,ANE,EN,Combined TRACON& Tower with Radar,24,47,28,6,105,0,1,21,2,24,24,48,49,8,129,58,4,62,191
12/27/2012,BTV,VT,ANE,EN,Combined TRACON& Tower with Radar,5,20,13,0,38,0,0,0,0,0,5,20,13,0,38,0,0,0,38
12/28/2012,BTV,VT,ANE,EN,Combined TRACON& Tower with Radar,25,58,26,2,111,0,1,8,0,9,25,59,34,2,120,0,0,0,120
12/29/2012,BTV,VT,ANE,EN,Combined TRACON& Tower with Radar,26,26,11,0,63,0,0,0,0,0,26,26,11,0,63,38,0,38,101
12/30/2012,BTV,VT,ANE,EN,Combined TRACON& Tower with Radar,23,47,17,0,87,0,0,6,0,6,23,47,23,0,93,0,0,0,93
12/31/2012,BTV,VT,ANE,EN,Combined TRACON& Tower with Radar,26,35,6,0,67,0,0,8,0,8,26,35,14,0,75,34,0,34,109
01/01/2013,BTV,VT,ANE,EN,Combined TRACON& Tower with Radar,19,36,13,0,68,0,0,6,0,6,19,36,19,0,74,2,0,2,76
01/02/2013,BTV,VT,ANE,EN,Combined TRACON& Tower with Radar,27,51,8,6,92,0,0,2,0,2,27,51,10,6,94,0,4,4,98
01/03/2013,BTV,VT,ANE,EN,Combined TRACON& Tower with Radar,34,40,17,9,100,0,0,23,1,24,34,40,40,10,124,30,4,34,158
01/04/2013,BTV,VT,ANE,EN,Combined TRACON& Tower with Radar,29,37,18,12,96,0,0,7,0,7,29,37,25,12,103,30,0,30,133
01/05/2013,BTV,VT,ANE,EN,Combined TRACON& Tower with Radar,28,30,15,13,86,0,2,30,2,34,28,32,45,15,120,108,16,124,244
01/06/2013,BTV,VT,ANE,EN,Combined TRACON& Tower with Radar,27,47,15,4,93,0,1,2,0,3,27,48,17,4,96,0,0,0,96
01/07/2013,BTV,VT,ANE,EN,Combined TRACON& Tower with Radar,29,34,12,6,81,0,0,20,2,22,29,34,32,8,103,46,16,62,165
01/08/2013,BTV,VT,ANE,EN,Combined TRACON& Tower with Radar,30,30,12,3,75,0,0,22,15,37,30,30,34,18,112,54,6,60,172
01/09/2013,BTV,VT,ANE,EN,Combined TRACON& Tower with Radar,28,30,12,2,72,0,0,13,4,17,28,30,25,6,89,38,0,38,127
01/10/2013,BTV,VT,ANE,EN,Combined TRACON& Tower with Radar,24,35,12,14,85,0,1,36,11,48,24,36,48,25,133,58,10,68,201
01/11/2013,BTV,VT,ANE,EN,Combined TRACON& Tower with Radar,33,39,15,8,95,0,2,8,0,10,33,41,23,8,105,62,0,62,167
01/12/2013,BTV,VT,ANE,EN,Combined TRACON& Tower with Radar,27,27,22,0,76,0,0,12,0,12,27,27,34,0,88,26,0,26,114
01/13/2013,BTV,VT,ANE,EN,Combined TRACON& Tower with Radar,28,32,15,0,75,0,0,2,0,2,28,32,17,0,77,0,0,0,77
01/14/2013,BTV,VT,ANE,EN,Combined TRACON& Tower with Radar,33,34,14,5,86,0,1,20,1,22,33,35,34,6,108,52,2,54,162
01/15/2013,BTV,VT,ANE,EN,Combined TRACON& Tower with Radar,29,27,11,15,82,0,0,34,14,48,29,27,45,29,130,46,16,62,192
01/16/2013,BTV,VT,ANE,EN,Combined TRACON& Tower with Radar,30,32,10,2,74,0,1,7,1,9,30,33,17,3,83,10,0,10,93
01/17/2013,BTV,VT,ANE,EN,Combined TRACON& Tower with Radar,31,38,11,15,95,0,0,17,2,19,31,38,28,17,114,32,22,54,168
01/18/2013,BTV,VT,ANE,EN,Combined TRACON& Tower with Radar,32,43,18,4,97,0,1,28,1,30,32,44,46,5,127,50,0,50,177
01/19/2013,BTV,VT,ANE,EN,Combined TRACON& Tower with Radar,24,25,13,0,62,0,0,5,0,5,24,25,18,0,67,18,0,18,85
01/20/2013,BTV,VT,ANE,EN,Combined TRACON& Tower with Radar,24,29,4,0,57,0,0,4,0,4,24,29,8,0,61,0,0,0,61
01/21/2013,BTV,VT,ANE,EN,Combined TRACON& Tower with Radar,30,36,24,0,90,0,0,22,0,22,30,36,46,0,112,182,0,182,294
01/22/2013,BTV,VT,ANE,EN,Combined TRACON& Tower with Radar,31,34,12,26,103,0,0,4,6,10,31,34,16,32,113,0,0,0,113
01/23/2013,BTV,VT,ANE,EN,Combined TRACON& Tower with Radar,30,29,8,13,80,0,0,5,2,7,30,29,13,15,87,0,12,12,99
01/24/2013,BTV,VT,ANE,EN,Combined TRACON& Tower with Radar,30,34,11,32,107,0,1,14,3,18,30,35,25,35,125,0,32,32,157
01/25/2013,BTV,VT,ANE,EN,Combined TRACON& Tower with Radar,31,30,21,13,95,0,1,17,5,23,31,31,38,18,118,20,4,24,142
01/26/2013,BTV,VT,ANE,EN,Combined TRACON& Tower with Radar,27,23,13,2,65,0,1,37,1,39,27,24,50,3,104,18,0,18,122
01/27/2013,BTV,VT,ANE,EN,Combined TRACON& Tower with Radar,30,27,13,0,70,0,0,35,0,35,30,27,48,0,105,74,0,74,179
01/28/2013,BTV,VT,ANE,EN,Combined TRACON& Tower with Radar,26,33,15,0,74,0,0,3,1,4,26,33,18,1,78,18,0,18,96
01/29/2013,BTV,VT,ANE,EN,Combined TRACON& Tower with Radar,28,38,10,12,88,0,0,6,0,6,28,38,16,12,94,28,6,34,128
01/30/2013,BTV,VT,ANE,EN,Combined TRACON& Tower with Radar,29,33,9,7,78,0,0,0,0,0,29,33,9,7,78,2,0,2,80
01/31/2013,BTV,VT,ANE,EN,Combined TRACON& Tower with Radar,36,34,17,1,88,0,0,0,0,0,36,34,17,1,88,0,0,0,88
02/01/2013,BTV,VT,ANE,EN,Combined TRACON& Tower with Radar,33,39,7,15,94,0,0,20,4,24,33,39,27,19,118,142,0,142,260
02/02/2013,BTV,VT,ANE,EN,Combined TRACON& Tower with Radar,28,23,13,18,82,0,0,17,9,26,28,23,30,27,108,94,0,94,202
02/03/2013,BTV,VT,ANE,EN,Combined TRACON& Tower with Radar,29,37,21,0,87,0,0,22,2,24,29,37,43,2,111,98,0,98,209
02/04/2013,BTV,VT,ANE,EN,Combined TRACON& Tower with Radar,31,34,17,22,104,0,0,16,7,23,31,34,33,29,127,30,28,58,185
02/05/2013,BTV,VT,ANE,EN,Combined TRACON& Tower with Radar,31,34,17,15,97,0,0,45,15,60,31,34,62,30,157,76,8,84,241
02/06/2013,BTV,VT,ANE,EN,Combined TRACON& Tower with Radar,33,41,15,12,101,0,0,8,3,11,33,41,23,15,112,12,0,12,124
02/07/2013,BTV,VT,ANE,EN,Combined TRACON& Tower with Radar,31,46,29,17,123,0,0,52,18,70,31,46,81,35,193,46,4,50,243
02/08/2013,BTV,VT,ANE,EN,Combined TRACON& Tower with Radar,13,11,0,0,24,0,0,0,0,0,13,11,0,0,24,0,0,0,24
02/09/2013,BTV,VT,ANE,EN,Combined TRACON& Tower with Radar,13,13,2,2,30,0,0,7,1,8,13,13,9,3,38,2,0,2,40
02/10/2013,BTV,VT,ANE,EN,Combined TRACON& Tower with Radar,30,31,22,0,83,0,1,63,6,70,30,32,85,6,153,54,4,58,211
02/11/2013,BTV,VT,ANE,EN,Combined TRACON& Tower with Radar,27,33,9,0,69,0,0,0,1,1,27,33,9,1,70,0,0,0,70
02/12/2013,BTV,VT,ANE,EN,Combined TRACON& Tower with Radar,32,30,21,10,93,0,0,4,4,8,32,30,25,14,101,10,0,10,111
02/13/2013,BTV,VT,ANE,EN,Combined TRACON& Tower with Radar,31,38,15,24,108,0,3,44,17,64,31,41,59,41,172,102,28,130,302
02/14/2013,BTV,VT,ANE,EN,Combined TRACON& Tower with Radar,39,33,33,9,114,0,0,38,1,39,39,33,71,10,153,84,0,84,237
02/15/2013,BTV,VT,ANE,EN,Combined TRACON& Tower with Radar,35,39,20,3,97,0,0,23,0,23,35,39,43,3,120,90,0,90,210
02/16/2013,BTV,VT,ANE,EN,Combined TRACON& Tower with Radar,26,30,27,2,85,0,1,47,0,48,26,31,74,2,133,118,0,118,251
02/17/2013,BTV,VT,ANE,EN,Combined TRACON& Tower with Radar,31,23,6,0,60,0,1,9,0,10,31,24,15,0,70,22,0,22,92
02/18/2013,BTV,VT,ANE,EN,Combined TRACON& Tower with Radar,36,43,21,0,100,0,1,38,0,39,36,44,59,0,139,86,0,86,225
02/19/2013,BTV,VT,ANE,EN,Combined TRACON& Tower with Radar,31,31,20,16,98,0,2,7,6,15,31,33,27,22,113,44,20,64,177
02/20/2013,BTV,VT,ANE,EN,Combined TRACON& Tower with Radar,37,32,15,16,100,0,0,7,3,10,37,32,22,19,110,10,8,18,128
02/21/2013,BTV,VT,ANE,EN,Combined TRACON& Tower with Radar,37,45,30,16,128,0,0,12,1,13,37,45,42,17,141,18,30,48,189
02/22/2013,BTV,VT,ANE,EN,Combined TRACON& Tower with Radar,34,37,30,14,115,0,1,49,1,51,34,38,79,15,166,90,10,100,266
02/23/2013,BTV,VT,ANE,EN,Combined TRACON& Tower with Radar,26,30,10,0,66,0,0,7,0,7,26,30,17,0,73,62,0,62,135
02/24/2013,BTV,VT,ANE,EN,Combined TRACON& Tower with Radar,37,30,13,0,80,0,0,0,0,0,37,30,13,0,80,0,0,0,80
02/25/2013,BTV,VT,ANE,EN,Combined TRACON& Tower with Radar,36,37,12,4,89,0,0,3,0,3,36,37,15,4,92,2,0,2,94
02/26/2013,BTV,VT,ANE,EN,Combined TRACON& Tower with Radar,31,31,20,12,94,0,0,43,11,54,31,31,63,23,148,150,10,160,308
02/27/2013,BTV,VT,ANE,EN,Combined TRACON& Tower with Radar,32,31,8,1,72,0,0,0,0,0,32,31,8,1,72,0,14,14,86
02/28/2013,BTV,VT,ANE,EN,Combined TRACON& Tower with Radar,40,39,13,4,96,0,0,15,3,18,40,39,28,7,114,20,0,20,134
03/01/2013,BTV,VT,ANE,EN,Combined TRACON& Tower with Radar,38,43,17,5,103,0,0,3,0,3,38,43,20,5,106,42,0,42,148
03/02/2013,BTV,VT,ANE,EN,Combined TRACON& Tower with Radar,26,33,7,8,74,0,0,4,0,4,26,33,11,8,78,42,0,42,120
03/03/2013,BTV,VT,ANE,EN,Combined TRACON& Tower with Radar,42,34,11,0,87,0,0,3,0,3,42,34,14,0,90,0,0,0,90
03/04/2013,BTV,VT,ANE,EN,Combined TRACON& Tower with Radar,40,31,16,0,87,0,0,4,0,4,40,31,20,0,91,0,0,0,91
03/05/2013,BTV,VT,ANE,EN,Combined TRACON& Tower with Radar,35,39,21,4,99,0,0,32,12,44,35,39,53,16,143,92,2,94,237
03/06/2013,BTV,VT,ANE,EN,Combined TRACON& Tower with Radar,30,21,9,14,74,0,0,30,3,33,30,21,39,17,107,44,16,60,167
03/07/2013,BTV,VT,ANE,EN,Combined TRACON& Tower with Radar,36,45,18,11,110,0,0,16,8,24,36,45,34,19,134,32,12,44,178
03/08/2013,BTV,VT,ANE,EN,Combined TRACON& Tower with Radar,38,27,21,6,92,0,1,30,0,31,38,28,51,6,123,8,0,8,131
03/09/2013,BTV,VT,ANE,EN,Combined TRACON& Tower with Radar,24,30,32,2,88,0,0,69,0,69,24,30,101,2,157,68,0,68,225
03/10/2013,BTV,VT,ANE,EN,Combined TRACON& Tower with Radar,39,33,18,0,90,0,3,37,0,40,39,36,55,0,130,30,0,30,160
03/11/2013,BTV,VT,ANE,EN,Combined TRACON& Tower with Radar,40,38,18,2,98,0,0,21,4,25,40,38,39,6,123,18,0,18,141
03/12/2013,BTV,VT,ANE,EN,Combined TRACON& Tower with Radar,41,37,22,7,107,0,0,2,0,2,41,37,24,7,109,0,0,0,109
03/13/2013,BTV,VT,ANE,EN,Combined TRACON& Tower with Radar,39,37,24,11,111,0,1,24,4,29,39,38,48,15,140,84,0,84,224
03/14/2013,BTV,VT,ANE,EN,Combined TRACON& Tower with Radar,41,38,24,10,113,0,0,14,16,30,41,38,38,26,143,74,24,98,241
03/15/2013,BTV,VT,ANE,EN,Combined TRACON& Tower with Radar,37,47,26,14,124,0,0,24,4,28,37,47,50,18,152,94,4,98,250
03/16/2013,BTV,VT,ANE,EN,Combined TRACON& Tower with Radar,24,31,20,2,77,0,0,34,0,34,24,31,54,2,111,94,0,94,205
03/17/2013,BTV,VT,ANE,EN,Combined TRACON& Tower with Radar,42,29,15,0,86,0,2,20,0,22,42,31,35,0,108,38,0,38,146
03/18/2013,BTV,VT,ANE,EN,Combined TRACON& Tower with Radar,37,33,28,2,100,0,0,38,0,38,37,33,66,2,138,120,0,120,258
03/19/2013,BTV,VT,ANE,EN,Combined TRACON& Tower with Radar,37,28,1,0,66,0,0,0,0,0,37,28,1,0,66,0,0,0,66
03/20/2013,BTV,VT,ANE,EN,Combined TRACON& Tower with Radar,39,32,14,17,102,0,3,10,1,14,39,35,24,18,116,4,16,20,136
03/21/2013,BTV,VT,ANE,EN,Combined TRACON& Tower with Radar,42,46,31,10,129,0,0,34,13,47,42,46,65,23,176,134,2,136,312
03/22/2013,BTV,VT,ANE,EN,Combined TRACON& Tower with Radar,41,30,16,3,90,0,1,19,4,24,41,31,35,7,114,42,0,42,156
03/23/2013,BTV,VT,ANE,EN,Combined TRACON& Tower with Radar,26,35,17,0,78,0,0,18,0,18,26,35,35,0,96,64,0,64,160
03/24/2013,BTV,VT,ANE,EN,Combined TRACON& Tower with Radar,39,31,14,0,84,0,1,27,0,28,39,32,41,0,112,108,0,108,220
03/25/2013,BTV,VT,ANE,EN,Combined TRACON& Tower with Radar,34,39,22,3,98,0,0,20,5,25,34,39,42,8,123,38,0,38,161
03/26/2013,BTV,VT,ANE,EN,Combined TRACON& Tower with Radar,40,39,20,4,103,0,0,30,12,42,40,39,50,16,145,68,2,70,215
03/27/2013,BTV,VT,ANE,EN,Combined TRACON& Tower with Radar,39,47,27,6,119,0,1,32,6,39,39,48,59,12,158,96,0,96,254
03/28/2013,BTV,VT,ANE,EN,Combined TRACON& Tower with Radar,41,47,28,4,120,0,0,25,8,33,41,47,53,12,153,124,22,146,299
03/29/2013,BTV,VT,ANE,EN,Combined TRACON& Tower with Radar,40,40,23,4,107,0,1,30,3,34,40,41,53,7,141,74,0,74,215
03/30/2013,BTV,VT,ANE,EN,Combined TRACON& Tower with Radar,26,34,10,0,70,0,0,85,1,86,26,34,95,1,156,104,0,104,260
03/31/2013,BTV,VT,ANE,EN,Combined TRACON& Tower with Radar,34,29,17,2,82,0,0,29,0,29,34,29,46,2,111,110,0,110,221
04/01/2013,BTV,VT,ANE,EN,Combined TRACON& Tower with Radar,40,50,17,2,109,0,0,14,0,14,40,50,31,2,123,10,0,10,133
04/02/2013,BTV,VT,ANE,EN,Combined TRACON& Tower with Radar,39,33,17,0,89,0,0,9,3,12,39,33,26,3,101,0,0,0,101
04/03/2013,BTV,VT,ANE,EN,Combined TRACON& Tower with Radar,37,35,15,8,95,0,0,18,2,20,37,35,33,10,115,18,16,34,149
04/04/2013,BTV,VT,ANE,EN,Combined TRACON& Tower with Radar,45,34,18,6,103,0,2,53,15,70,45,36,71,21,173,154,30,184,357
04/05/2013,BTV,VT,ANE,EN,Combined TRACON& Tower with Radar,44,31,13,5,93,0,0,23,5,28,44,31,36,10,121,48,8,56,177
04/06/2013,BTV,VT,ANE,EN,Combined TRACON& Tower with Radar,33,20,14,8,75,0,1,44,7,52,33,21,58,15,127,102,34,136,263
04/07/2013,BTV,VT,ANE,EN,Combined TRACON& Tower with Radar,50,27,12,0,89,0,0,4,0,4,50,27,16,0,93,0,0,0,93
04/08/2013,BTV,VT,ANE,EN,Combined TRACON& Tower with Radar,44,32,27,3,106,0,0,31,6,37,44,32,58,9,143,38,2,40,183
04/09/2013,BTV,VT,ANE,EN,Combined TRACON& Tower with Radar,32,32,29,12,105,0,0,16,10,26,32,32,45,22,131,40,14,54,185
04/10/2013,BTV,VT,ANE,EN,Combined TRACON& Tower with Radar,28,35,19,5,87,0,0,9,0,9,28,35,28,5,96,0,0,0,96
04/11/2013,BTV,VT,ANE,EN,Combined TRACON& Tower with Radar,32,41,14,10,97,0,0,22,13,35,32,41,36,23,132,84,26,110,242
04/12/2013,BTV,VT,ANE,EN,Combined TRACON& Tower with Radar,30,35,6,2,73,0,0,1,0,1,30,35,7,2,74,0,0,0,74
04/13/2013,BTV,VT,ANE,EN,Combined TRACON& Tower with Radar,23,35,6,4,68,0,0,18,0,18,23,35,24,4,86,138,0,138,224
04/14/2013,BTV,VT,ANE,EN,Combined TRACON& Tower with Radar,30,39,29,0,98,0,0,21,0,21,30,39,50,0,119,132,0,132,251
04/15/2013,BTV,VT,ANE,EN,Combined TRACON& Tower with Radar,33,37,21,1,92,0,0,40,0,40,33,37,61,1,132,56,8,64,196
04/16/2013,BTV,VT,ANE,EN,Combined TRACON& Tower with Radar,38,38,16,2,94,0,0,5,0,5,38,38,21,2,99,4,0,4,103
04/17/2013,BTV,VT,ANE,EN,Combined TRACON& Tower with Radar,32,36,29,18,115,0,0,47,9,56,32,36,76,27,171,100,38,138,309
04/18/2013,BTV,VT,ANE,EN,Combined TRACON& Tower with Radar,41,39,19,4,103,0,0,17,9,26,41,39,36,13,129,32,0,32,161
04/19/2013,BTV,VT,ANE,EN,Combined TRACON& Tower with Radar,30,42,13,0,85,0,0,6,0,6,30,42,19,0,91,2,4,6,97
04/20/2013,BTV,VT,ANE,EN,Combined TRACON& Tower with Radar,27,41,13,2,83,0,0,9,0,9,27,41,22,2,92,2,0,2,94
04/21/2013,BTV,VT,ANE,EN,Combined TRACON& Tower with Radar,29,34,21,0,84,0,2,66,0,68,29,36,87,0,152,42,0,42,194
04/22/2013,BTV,VT,ANE,EN,Combined TRACON& Tower with Radar,32,34,25,4,95,0,2,31,7,40,32,36,56,11,135,8,2,10,145
04/23/2013,BTV,VT,ANE,EN,Combined TRACON& Tower with Radar,32,30,24,28,114,0,0,30,14,44,32,30,54,42,158,142,26,168,326
04/24/2013,BTV,VT,ANE,EN,Combined TRACON& Tower with Radar,32,32,19,9,92,0,0,33,6,39,32,32,52,15,131,106,14,120,251
04/25/2013,BTV,VT,ANE,EN,Combined TRACON& Tower with Radar,31,43,24,6,104,0,1,36,6,43,31,44,60,12,147,32,0,32,179
04/26/2013,BTV,VT,ANE,EN,Combined TRACON& Tower with Radar,32,36,21,7,96,0,0,42,1,43,32,36,63,8,139,22,0,22,161
04/27/2013,BTV,VT,ANE,EN,Combined TRACON& Tower with Radar,26,36,21,1,84,0,2,66,2,70,26,38,87,3,154,102,0,102,256
04/28/2013,BTV,VT,ANE,EN,Combined TRACON& Tower with Radar,31,34,23,1,89,0,0,46,0,46,31,34,69,1,135,12,0,12,147
04/29/2013,BTV,VT,ANE,EN,Combined TRACON& Tower with Radar,33,33,32,14,112,0,2,20,0,22,33,35,52,14,134,44,34,78,212
04/30/2013,BTV,VT,ANE,EN,Combined TRACON& Tower with Radar,33,36,24,5,98,0,1,52,14,67,33,37,76,19,165,78,16,94,259
05/01/2013,BTV,VT,ANE,EN,Combined TRACON& Tower with Radar,36,33,23,2,94,0,0,47,8,55,36,33,70,10,149,147,10,157,306
05/02/2013,BTV,VT,ANE,EN,Combined TRACON& Tower with Radar,36,37,20,9,102,0,5,32,7,44,36,42,52,16,146,190,28,218,364
05/03/2013,BTV,VT,ANE,EN,Combined TRACON& Tower with Radar,33,36,31,4,104,0,0,57,7,64,33,36,88,11,168,36,8,44,212
05/04/2013,BTV,VT,ANE,EN,Combined TRACON& Tower with Radar,26,38,13,6,83,0,2,52,0,54,26,40,65,6,137,54,2,56,193
05/05/2013,BTV,VT,ANE,EN,Combined TRACON& Tower with Radar,35,36,17,2,90,0,1,52,0,53,35,37,69,2,143,74,0,74,217
05/06/2013,BTV,VT,ANE,EN,Combined TRACON& Tower with Radar,35,34,26,5,100,0,2,34,4,40,35,36,60,9,140,34,6,40,180
05/07/2013,BTV,VT,ANE,EN,Combined TRACON& Tower with Radar,36,34,15,14,99,0,1,49,19,69,36,35,64,33,168,186,48,234,402
05/08/2013,BTV,VT,ANE,EN,Combined TRACON& Tower with Radar,30,35,17,6,88,0,0,36,12,48,30,35,53,18,136,106,4,110,246
05/09/2013,BTV,VT,ANE,EN,Combined TRACON& Tower with Radar,37,51,27,7,122,0,1,30,11,42,37,52,57,18,164,60,8,68,232
05/10/2013,BTV,VT,ANE,EN,Combined TRACON& Tower with Radar,35,38,33,10,116,0,0,22,2,24,35,38,55,12,140,40,0,40,180
05/11/2013,BTV,VT,ANE,EN,Combined TRACON& Tower with Radar,28,34,13,0,75,0,1,1,0,2,28,35,14,0,77,38,0,38,115
05/12/2013,BTV,VT,ANE,EN,Combined TRACON& Tower with Radar,29,33,22,0,84,0,1,25,0,26,29,34,47,0,110,34,2,36,146
05/13/2013,BTV,VT,ANE,EN,Combined TRACON& Tower with Radar,36,42,15,1,94,0,0,20,0,20,36,42,35,1,114,26,0,26,140
05/14/2013,BTV,VT,ANE,EN,Combined TRACON& Tower with Radar,35,34,24,16,109,0,2,65,9,76,35,36,89,25,185,124,32,156,341
05/15/2013,BTV,VT,ANE,EN,Combined TRACON& Tower with Radar,38,39,32,6,115,0,0,26,5,31,38,39,58,11,146,58,0,58,204
05/16/2013,BTV,VT,ANE,EN,Combined TRACON& Tower with Radar,35,46,18,13,112,0,1,29,7,37,35,47,47,20,149,16,30,46,195
05/17/2013,BTV,VT,ANE,EN,Combined TRACON& Tower with Radar,36,40,16,11,103,0,2,47,4,53,36,42,63,15,156,112,14,126,282
05/18/2013,BTV,VT,ANE,EN,Combined TRACON& Tower with Radar,29,35,16,0,80,0,1,75,0,76,29,36,91,0,156,44,0,44,200
05/19/2013,BTV,VT,ANE,EN,Combined TRACON& Tower with Radar,33,39,39,0,111,0,0,31,0,31,33,39,70,0,142,62,0,62,204
05/20/2013,BTV,VT,ANE,EN,Combined TRACON& Tower with Radar,35,38,40,16,129,0,0,22,0,22,35,38,62,16,151,82,14,96,247
05/21/2013,BTV,VT,ANE,EN,Combined TRACON& Tower with Radar,35,41,21,5,102,0,1,17,0,18,35,42,38,5,120,60,2,62,182
05/22/2013,BTV,VT,ANE,EN,Combined TRACON& Tower with Radar,32,41,21,7,101,0,0,6,0,6,32,41,27,7,107,16,0,16,123
05/23/2013,BTV,VT,ANE,EN,Combined TRACON& Tower with Radar,29,28,20,6,83,0,0,10,0,10,29,28,30,6,93,20,0,20,113
05/24/2013,BTV,VT,ANE,EN,Combined TRACON& Tower with Radar,34,44,21,4,103,0,0,1,0,1,34,44,22,4,104,0,0,0,104
05/25/2013,BTV,VT,ANE,EN,Combined TRACON& Tower with Radar,27,31,10,0,68,0,0,1,0,1,27,31,11,0,69,0,0,0,69
05/26/2013,BTV,VT,ANE,EN,Combined TRACON& Tower with Radar,26,26,13,0,65,0,0,3,0,3,26,26,16,0,68,0,0,0,68
05/27/2013,BTV,VT,ANE,EN,Combined TRACON& Tower with Radar,32,31,18,0,81,0,2,70,0,72,32,33,88,0,153,2,0,2,155
05/28/2013,BTV,VT,ANE,EN,Combined TRACON& Tower with Radar,34,37,38,9,118,0,1,54,12,67,34,38,92,21,185,84,26,110,295
05/29/2013,BTV,VT,ANE,EN,Combined TRACON& Tower with Radar,36,37,23,20,116,0,0,10,3,13,36,37,33,23,129,20,12,32,161
05/30/2013,BTV,VT,ANE,EN,Combined TRACON& Tower with Radar,34,41,16,19,110,0,0,43,0,43,34,41,59,19,153,96,8,104,257
05/31/2013,BTV,VT,ANE,EN,Combined TRACON& Tower with Radar,38,40,23,14,115,0,3,39,6,48,38,43,62,20,163,34,10,44,207
06/01/2013,BTV,VT,ANE,EN,Combined TRACON& Tower with Radar,31,34,21,14,100,0,2,26,15,43,31,36,47,29,143,54,30,84,227
06/02/2013,BTV,VT,ANE,EN,Combined TRACON& Tower with Radar,31,30,19,0,80,0,2,6,0,8,31,32,25,0,88,34,0,34,122
06/03/2013,BTV,VT,ANE,EN,Combined TRACON& Tower with Radar,34,36,18,12,100,0,0,40,14,54,34,36,58,26,154,150,22,172,326
06/04/2013,BTV,VT,ANE,EN,Combined TRACON& Tower with Radar,36,43,20,35,134,0,0,40,20,60,36,43,60,55,194,210,84,294,488
06/05/2013,BTV,VT,ANE,EN,Combined TRACON& Tower with Radar,34,35,24,14,107,0,1,83,31,115,34,36,107,45,222,105,25,130,352
06/06/2013,BTV,VT,ANE,EN,Combined TRACON& Tower with Radar,39,53,15,21,128,0,0,21,3,24,39,53,36,24,152,94,16,110,262
06/07/2013,BTV,VT,ANE,EN,Combined TRACON& Tower with Radar,35,37,30,8,110,0,0,4,1,5,35,37,34,9,115,62,2,64,179
06/08/2013,BTV,VT,ANE,EN,Combined TRACON& Tower with Radar,31,44,21,2,98,0,0,1,2,3,31,44,22,4,101,2,0,2,103
06/09/2013,BTV,VT,ANE,EN,Combined TRACON& Tower with Radar,35,37,21,0,93,0,1,42,0,43,35,38,63,0,136,108,0,108,244
06/10/2013,BTV,VT,ANE,EN,Combined TRACON& Tower with Radar,33,31,42,14,120,0,1,25,9,35,33,32,67,23,155,62,36,98,253
06/11/2013,BTV,VT,ANE,EN,Combined TRACON& Tower with Radar,38,45,20,23,126,0,0,1,0,1,38,45,21,23,127,20,0,20,147
06/12/2013,BTV,VT,ANE,EN,Combined TRACON& Tower with Radar,40,45,18,13,116,0,0,13,1,14,40,45,31,14,130,56,18,74,204
06/13/2013,BTV,VT,ANE,EN,Combined TRACON& Tower with Radar,38,45,15,56,154,0,0,23,5,28,38,45,38,61,182,86,108,194,376
06/14/2013,BTV,VT,ANE,EN,Combined TRACON& Tower with Radar,38,44,22,7,111,0,0,39,1,40,38,44,61,8,151,63,0,63,214
06/15/2013,BTV,VT,ANE,EN,Combined TRACON& Tower with Radar,29,41,28,2,100,0,0,73,0,73,29,41,101,2,173,64,0,64,237
06/16/2013,BTV,VT,ANE,EN,Combined TRACON& Tower with Radar,38,40,22,0,100,0,0,9,0,9,38,40,31,0,109,30,0,30,139
06/17/2013,BTV,VT,ANE,EN,Combined TRACON& Tower with Radar,36,43,15,0,94,0,2,18,2,22,36,45,33,2,116,50,0,50,166
06/18/2013,BTV,VT,ANE,EN,Combined TRACON& Tower with Radar,37,37,18,18,110,0,0,31,6,37,37,37,49,24,147,116,40,156,303
06/19/2013,BTV,VT,ANE,EN,Combined TRACON& Tower with Radar,39,41,30,16,126,0,2,57,7,66,39,43,87,23,192,86,14,100,292
06/20/2013,BTV,VT,ANE,EN,Combined TRACON& Tower with Radar,40,51,26,26,143,0,1,67,9,77,40,52,93,35,220,58,23,81,301
06/21/2013,BTV,VT,ANE,EN,Combined TRACON& Tower with Radar,39,48,34,2,123,0,2,76,2,80,39,50,110,4,203,45,0,45,248
06/22/2013,BTV,VT,ANE,EN,Combined TRACON& Tower with Radar,32,45,26,0,103,0,1,30,0,31,32,46,56,0,134,20,0,20,154
06/23/2013,BTV,VT,ANE,EN,Combined TRACON& Tower with Radar,34,41,24,0,99,0,1,22,1,24,34,42,46,1,123,18,0,18,141
06/24/2013,BTV,VT,ANE,EN,Combined TRACON& Tower with Radar,34,38,16,2,90,0,0,35,0,35,34,38,51,2,125,74,0,74,199
06/25/2013,BTV,VT,ANE,EN,Combined TRACON& Tower with Radar,35,40,24,45,144,0,0,29,5,34,35,40,53,50,178,28,16,44,222
06/26/2013,BTV,VT,ANE,EN,Combined TRACON& Tower with Radar,41,49,35,44,169,0,1,9,0,10,41,50,44,44,179,14,28,42,221
06/27/2013,BTV,VT,ANE,EN,Combined TRACON& Tower with Radar,37,50,33,18,138,0,0,28,4,32,37,50,61,22,170,84,2,86,256
06/28/2013,BTV,VT,ANE,EN,Combined TRACON& Tower with Radar,35,37,17,8,97,0,0,11,0,11,35,37,28,8,108,24,4,28,136
06/29/2013,BTV,VT,ANE,EN,Combined TRACON& Tower with Radar,32,38,19,0,89,0,0,10,0,10,32,38,29,0,99,50,0,50,149
06/30/2013,BTV,VT,ANE,EN,Combined TRACON& Tower with Radar,31,29,32,0,92,0,0,27,0,27,31,29,59,0,119,8,0,8,127
07/01/2013,BTV,VT,ANE,EN,Combined TRACON& Tower with Radar,38,29,40,13,120,0,1,12,2,15,38,30,52,15,135,90,16,106,241
07/02/2013,BTV,VT,ANE,EN,Combined TRACON& Tower with Radar,33,42,20,29,124,0,0,6,1,7,33,42,26,30,131,16,24,40,171
07/03/2013,BTV,VT,ANE,EN,Combined TRACON& Tower with Radar,33,41,27,16,117,0,0,10,0,10,33,41,37,16,127,3,0,3,130
07/04/2013,BTV,VT,ANE,EN,Combined TRACON& Tower with Radar,25,28,9,0,62,0,0,17,0,17,25,28,26,0,79,108,0,108,187
07/05/2013,BTV,VT,ANE,EN,Combined TRACON& Tower with Radar,29,41,18,1,89,0,1,20,1,22,29,42,38,2,111,50,0,50,161
07/06/2013,BTV,VT,ANE,EN,Combined TRACON& Tower with Radar,26,44,27,1,98,0,0,38,0,38,26,44,65,1,136,98,0,98,234
07/07/2013,BTV,VT,ANE,EN,Combined TRACON& Tower with Radar,26,35,34,0,95,0,0,17,0,17,26,35,51,0,112,28,0,28,140
07/08/2013,BTV,VT,ANE,EN,Combined TRACON& Tower with Radar,25,35,18,0,78,0,0,15,0,15,25,35,33,0,93,0,0,0,93
07/09/2013,BTV,VT,ANE,EN,Combined TRACON& Tower with Radar,32,45,21,15,113,0,0,47,21,68,32,45,68,36,181,70,34,104,285
07/10/2013,BTV,VT,ANE,EN,Combined TRACON& Tower with Radar,30,45,22,18,115,0,1,5,1,7,30,46,27,19,122,14,0,14,136
07/11/2013,BTV,VT,ANE,EN,Combined TRACON& Tower with Radar,35,48,27,6,116,0,0,55,17,72,35,48,82,23,188,90,0,90,278
07/12/2013,BTV,VT,ANE,EN,Combined TRACON& Tower with Radar,32,51,38,6,127,0,0,72,1,73,32,51,110,7,200,74,0,74,274
07/13/2013,BTV,VT,ANE,EN,Combined TRACON& Tower with Radar,29,44,27,9,109,0,0,62,7,69,29,44,89,16,178,80,0,80,258
07/14/2013,BTV,VT,ANE,EN,Combined TRACON& Tower with Radar,30,47,25,2,104,0,1,45,5,51,30,48,70,7,155,34,2,36,191
07/15/2013,BTV,VT,ANE,EN,Combined TRACON& Tower with Radar,35,46,17,6,104,0,5,56,4,65,35,51,73,10,169,96,0,96,265
07/16/2013,BTV,VT,ANE,EN,Combined TRACON& Tower with Radar,35,49,21,10,115,0,1,50,16,67,35,50,71,26,182,12,22,34,216
07/17/2013,BTV,VT,ANE,EN,Combined TRACON& Tower with Radar,34,53,15,7,109,0,0,43,11,54,34,53,58,18,163,126,16,142,305
07/18/2013,BTV,VT,ANE,EN,Combined TRACON& Tower with Radar,33,40,20,17,110,0,2,40,7,49,33,42,60,24,159,76,24,100,259
07/19/2013,BTV,VT,ANE,EN,Combined TRACON& Tower with Radar,34,60,17,20,131,0,3,33,2,38,34,63,50,22,169,26,0,26,195
07/20/2013,BTV,VT,ANE,EN,Combined TRACON& Tower with Radar,28,50,22,2,102,0,0,23,0,23,28,50,45,2,125,28,0,28,153
07/21/2013,BTV,VT,ANE,EN,Combined TRACON& Tower with Radar,33,43,28,1,105,0,2,62,0,64,33,45,90,1,169,36,0,36,205
07/22/2013,BTV,VT,ANE,EN,Combined TRACON& Tower with Radar,33,51,28,4,116,0,0,58,5,63,33,51,86,9,179,170,0,170,349
07/23/2013,BTV,VT,ANE,EN,Combined TRACON& Tower with Radar,34,47,37,15,133,0,0,15,7,22,34,47,52,22,155,48,22,70,225
07/24/2013,BTV,VT,ANE,EN,Combined TRACON& Tower with Radar,36,58,33,10,137,0,0,35,3,38,36,58,68,13,175,129,0,129,304
07/25/2013,BTV,VT,ANE,EN,Combined TRACON& Tower with Radar,35,59,35,5,134,0,1,75,23,99,35,60,110,28,233,144,10,154,387
07/26/2013,BTV,VT,ANE,EN,Combined TRACON& Tower with Radar,37,47,46,7,137,0,0,62,4,66,37,47,108,11,203,60,0,60,263
07/27/2013,BTV,VT,ANE,EN,Combined TRACON& Tower with Radar,31,49,13,0,93,0,2,64,1,67,31,51,77,1,160,78,0,78,238
07/28/2013,BTV,VT,ANE,EN,Combined TRACON& Tower with Radar,29,41,21,2,93,0,0,19,0,19,29,41,40,2,112,28,0,28,140
07/29/2013,BTV,VT,ANE,EN,Combined TRACON& Tower with Radar,36,50,47,2,135,0,0,41,12,53,36,50,88,14,188,72,24,96,284
07/30/2013,BTV,VT,ANE,EN,Combined TRACON& Tower with Radar,36,40,15,8,99,0,2,51,11,64,36,42,66,19,163,94,8,102,265
07/31/2013,BTV,VT,ANE,EN,Combined TRACON& Tower with Radar,36,49,15,24,124,0,2,61,14,77,36,51,76,38,201,78,40,118,319
08/01/2013,BTV,VT,ANE,EN,Combined TRACON& Tower with Radar,36,46,11,13,106,0,1,11,3,15,36,47,22,16,121,44,0,44,165
08/02/2013,BTV,VT,ANE,EN,Combined TRACON& Tower with Radar,36,47,25,5,113,0,1,22,4,27,36,48,47,9,140,94,8,102,242
08/03/2013,BTV,VT,ANE,EN,Combined TRACON& Tower with Radar,33,40,11,4,88,0,0,23,22,45,33,40,34,26,133,94,0,94,227
08/04/2013,BTV,VT,ANE,EN,Combined TRACON& Tower with Radar,35,43,29,2,109,0,0,25,18,43,35,43,54,20,152,8,26,34,186
08/05/2013,BTV,VT,ANE,EN,Combined TRACON& Tower with Radar,36,42,22,4,104,0,6,63,2,71,36,48,85,6,175,126,16,142,317
08/06/2013,BTV,VT,ANE,EN,Combined TRACON& Tower with Radar,36,43,28,25,132,0,6,60,12,78,36,49,88,37,210,90,16,106,316
08/07/2013,BTV,VT,ANE,EN,Combined TRACON& Tower with Radar,34,51,26,22,133,0,0,24,9,33,34,51,50,31,166,70,28,98,264
08/08/2013,BTV,VT,ANE,EN,Combined TRACON& Tower with Radar,36,40,35,19,130,0,0,31,9,40,36,40,66,28,170,30,9,39,209
08/09/2013,BTV,VT,ANE,EN,Combined TRACON& Tower with Radar,36,45,29,0,110,0,0,10,0,10,36,45,39,0,120,16,0,16,136
08/10/2013,BTV,VT,ANE,EN,Combined TRACON& Tower with Radar,30,44,24,0,98,0,3,88,1,92,30,47,112,1,190,102,10,112,302
08/11/2013,BTV,VT,ANE,EN,Combined TRACON& Tower with Radar,32,36,24,0,92,0,0,73,0,73,32,36,97,0,165,88,0,88,253
08/12/2013,BTV,VT,ANE,EN,Combined TRACON& Tower with Radar,35,41,29,8,113,0,0,48,10,58,35,41,77,18,171,58,34,92,263
08/13/2013,BTV,VT,ANE,EN,Combined TRACON& Tower with Radar,45,44,24,21,134,0,1,5,0,6,45,45,29,21,140,78,20,98,238
08/14/2013,BTV,VT,ANE,EN,Combined TRACON& Tower with Radar,49,36,20,13,118,0,2,22,13,37,49,38,42,26,155,112,10,122,277
08/15/2013,BTV,VT,ANE,EN,Combined TRACON& Tower with Radar,50,39,28,20,137,0,3,68,23,94,50,42,96,43,231,134,34,168,399
08/16/2013,BTV,VT,ANE,EN,Combined TRACON& Tower with Radar,50,37,33,2,122,0,2,72,5,79,50,39,105,7,201,56,0,56,257
08/17/2013,BTV,VT,ANE,EN,Combined TRACON& Tower with Radar,45,27,34,0,106,0,4,75,0,79,45,31,109,0,185,88,0,88,273
08/18/2013,BTV,VT,ANE,EN,Combined TRACON& Tower with Radar,45,36,31,3,115,0,1,50,0,51,45,37,81,3,166,24,0,24,190
08/19/2013,BTV,VT,ANE,EN,Combined TRACON& Tower with Radar,48,35,9,5,97,0,2,44,2,48,48,37,53,7,145,102,10,112,257
08/20/2013,BTV,VT,ANE,EN,Combined TRACON& Tower with Radar,48,36,32,11,127,0,6,59,9,74,48,42,91,20,201,146,18,164,365
08/21/2013,BTV,VT,ANE,EN,Combined TRACON& Tower with Radar,51,39,31,15,136,0,3,57,8,68,51,42,88,23,204,90,12,102,306
08/22/2013,BTV,VT,ANE,EN,Combined TRACON& Tower with Radar,47,32,23,10,112,0,1,14,4,19,47,33,37,14,131,28,10,38,169
08/23/2013,BTV,VT,ANE,EN,Combined TRACON& Tower with Radar,49,29,32,2,112,0,1,53,12,66,49,30,85,14,178,14,0,14,192
08/24/2013,BTV,VT,ANE,EN,Combined TRACON& Tower with Radar,44,22,30,0,96,0,6,57,0,63,44,28,87,0,159,66,0,66,225
08/25/2013,BTV,VT,ANE,EN,Combined TRACON& Tower with Radar,43,35,31,0,109,0,5,62,0,67,43,40,93,0,176,86,0,86,262
08/26/2013,BTV,VT,ANE,EN,Combined TRACON& Tower with Radar,50,37,26,1,114,0,0,19,5,24,50,37,45,6,138,114,28,142,280
08/27/2013,BTV,VT,ANE,EN,Combined TRACON& Tower with Radar,46,28,39,22,135,0,0,37,9,46,46,28,76,31,181,98,20,118,299
08/28/2013,BTV,VT,ANE,EN,Combined TRACON& Tower with Radar,45,29,19,13,106,0,1,42,10,53,45,30,61,23,159,158,0,158,317
08/29/2013,BTV,VT,ANE,EN,Combined TRACON& Tower with Radar,47,40,34,10,131,0,0,54,6,60,47,40,88,16,191,134,2,136,327
08/30/2013,BTV,VT,ANE,EN,Combined TRACON& Tower with Radar,47,49,24,2,122,0,2,58,0,60,47,51,82,2,182,82,0,82,264
08/31/2013,BTV,VT,ANE,EN,Combined TRACON& Tower with Radar,41,23,28,0,92,0,0,19,0,19,41,23,47,0,111,28,0,28,139
09/01/2013,BTV,VT,ANE,EN,Combined TRACON& Tower with Radar,25,24,24,0,73,0,0,27,0,27,25,24,51,0,100,44,0,44,144
09/02/2013,BTV,VT,ANE,EN,Combined TRACON& Tower with Radar,36,29,30,0,95,0,1,21,0,22,36,30,51,0,117,38,0,38,155
09/03/2013,BTV,VT,ANE,EN,Combined TRACON& Tower with Radar,44,28,27,17,116,0,0,52,11,63,44,28,79,28,179,78,32,110,289
09/04/2013,BTV,VT,ANE,EN,Combined TRACON& Tower with Radar,46,31,27,0,104,0,1,55,11,67,46,32,82,11,171,86,14,100,271
09/05/2013,BTV,VT,ANE,EN,Combined TRACON& Tower with Radar,44,32,21,8,105,0,2,72,17,91,44,34,93,25,196,184,48,232,428
09/06/2013,BTV,VT,ANE,EN,Combined TRACON& Tower with Radar,47,38,20,23,128,0,1,77,4,82,47,39,97,27,210,94,6,100,310
09/07/2013,BTV,VT,ANE,EN,Combined TRACON& Tower with Radar,38,28,23,9,98,0,0,47,11,58,38,28,70,20,156,38,6,44,200
09/08/2013,BTV,VT,ANE,EN,Combined TRACON& Tower with Radar,42,38,12,0,92,0,0,29,6,35,42,38,41,6,127,24,14,38,165
09/09/2013,BTV,VT,ANE,EN,Combined TRACON& Tower with Radar,47,36,23,1,107,0,1,57,8,66,47,37,80,9,173,64,4,68,241
09/10/2013,BTV,VT,ANE,EN,Combined TRACON& Tower with Radar,48,33,25,13,119,0,0,15,4,19,48,33,40,17,138,98,8,106,244
09/11/2013,BTV,VT,ANE,EN,Combined TRACON& Tower with Radar,44,30,17,13,104,0,0,33,6,39,44,30,50,19,143,46,16,62,205
09/12/2013,BTV,VT,ANE,EN,Combined TRACON& Tower with Radar,42,37,28,10,117,0,0,29,0,29,42,37,57,10,146,56,0,56,202
09/13/2013,BTV,VT,ANE,EN,Combined TRACON& Tower with Radar,47,33,32,5,117,0,0,3,0,3,47,33,35,5,120,22,0,22,142
09/14/2013,BTV,VT,ANE,EN,Combined TRACON& Tower with Radar,38,29,34,0,101,0,1,38,0,39,38,30,72,0,140,170,0,170,310
09/15/2013,BTV,VT,ANE,EN,Combined TRACON& Tower with Radar,43,30,28,0,101,0,2,66,0,68,43,32,94,0,169,108,0,108,277
09/16/2013,BTV,VT,ANE,EN,Combined TRACON& Tower with Radar,48,27,24,2,101,0,0,24,0,24,48,27,48,2,125,94,0,94,219
09/17/2013,BTV,VT,ANE,EN,Combined TRACON& Tower with Radar,48,38,29,15,130,0,4,78,14,96,48,42,107,29,226,226,20,246,472
09/18/2013,BTV,VT,ANE,EN,Combined TRACON& Tower with Radar,47,29,23,11,110,0,3,82,5,90,47,32,105,16,200,182,12,194,394
09/19/2013,BTV,VT,ANE,EN,Combined TRACON& Tower with Radar,46,34,16,8,104,0,7,60,13,80,46,41,76,21,184,130,2,132,316
09/20/2013,BTV,VT,ANE,EN,Combined TRACON& Tower with Radar,49,34,30,2,115,0,3,97,6,106,49,37,127,8,221,108,0,108,329
09/21/2013,BTV,VT,ANE,EN,Combined TRACON& Tower with Radar,42,34,12,0,88,0,0,10,0,10,42,34,22,0,98,0,0,0,98
09/22/2013,BTV,VT,ANE,EN,Combined TRACON& Tower with Radar,45,33,30,2,110,0,0,19,0,19,45,33,49,2,129,40,0,40,169
09/23/2013,BTV,VT,ANE,EN,Combined TRACON& Tower with Radar,47,38,26,5,116,0,2,39,5,46,47,40,65,10,162,130,0,130,292
09/24/2013,BTV,VT,ANE,EN,Combined TRACON& Tower with Radar,47,34,25,7,113,0,2,50,14,66,47,36,75,21,179,148,9,157,336
09/25/2013,BTV,VT,ANE,EN,Combined TRACON& Tower with Radar,43,34,26,8,111,0,0,75,6,81,43,34,101,14,192,92,12,104,296
09/26/2013,BTV,VT,ANE,EN,Combined TRACON& Tower with Radar,46,50,29,8,133,0,0,52,10,62,46,50,81,18,195,140,10,150,345
09/27/2013,BTV,VT,ANE,EN,Combined TRACON& Tower with Radar,44,47,25,4,120,0,2,49,6,57,44,49,74,10,177,116,0,116,293
09/28/2013,BTV,VT,ANE,EN,Combined TRACON& Tower with Radar,38,32,10,0,80,0,1,55,0,56,38,33,65,0,136,102,0,102,238
09/29/2013,BTV,VT,ANE,EN,Combined TRACON& Tower with Radar,41,42,35,0,118,0,3,62,0,65,41,45,97,0,183,18,0,18,201
09/30/2013,BTV,VT,ANE,EN,Combined TRACON& Tower with Radar,44,42,21,8,115,0,3,69,2,74,44,45,90,10,189,96,32,128,317
10/01/2013,BTV,VT,ANE,EN,Combined TRACON& Tower with Radar,41,39,22,0,102,0,0,54,0,54,41,39,76,0,156,242,0,242,398
10/02/2013,BTV,VT,ANE,EN,Combined TRACON& Tower with Radar,40,47,10,0,97,0,1,49,3,53,40,48,59,3,150,161,4,165,315
10/03/2013,BTV,VT,ANE,EN,Combined TRACON& Tower with Radar,39,54,17,2,112,0,5,70,0,75,39,59,87,2,187,122,0,122,309
10/04/2013,BTV,VT,ANE,EN,Combined TRACON& Tower with Radar,40,54,21,0,115,0,0,49,0,49,40,54,70,0,164,122,0,122,286
10/05/2013,BTV,VT,ANE,EN,Combined TRACON& Tower with Radar,34,39,18,0,91,0,0,50,0,50,34,39,68,0,141,122,0,122,263
10/06/2013,BTV,VT,ANE,EN,Combined TRACON& Tower with Radar,35,49,22,0,106,0,0,17,0,17,35,49,39,0,123,18,0,18,141
10/07/2013,BTV,VT,ANE,EN,Combined TRACON& Tower with Radar,37,46,16,0,99,0,0,7,0,7,37,46,23,0,106,0,0,0,106
10/08/2013,BTV,VT,ANE,EN,Combined TRACON& Tower with Radar,40,40,20,0,100,0,2,51,0,53,40,42,71,0,153,132,0,132,285
10/09/2013,BTV,VT,ANE,EN,Combined TRACON& Tower with Radar,38,43,29,0,110,0,1,71,0,72,38,44,100,0,182,144,0,144,326
10/10/2013,BTV,VT,ANE,EN,Combined TRACON& Tower with Radar,39,48,21,9,117,0,3,48,1,52,39,51,69,10,169,162,6,168,337
10/11/2013,BTV,VT,ANE,EN,Combined TRACON& Tower with Radar,38,43,33,0,114,0,2,52,0,54,38,45,85,0,168,64,0,64,232
10/12/2013,BTV,VT,ANE,EN,Combined TRACON& Tower with Radar,34,38,28,0,100,0,0,83,0,83,34,38,111,0,183,72,0,72,255
10/13/2013,BTV,VT,ANE,EN,Combined TRACON& Tower with Radar,34,52,21,0,107,0,5,59,0,64,34,57,80,0,171,106,0,106,277
10/14/2013,BTV,VT,ANE,EN,Combined TRACON& Tower with Radar,39,59,35,0,133,0,0,7,0,7,39,59,42,0,140,10,0,10,150
10/15/2013,BTV,VT,ANE,EN,Combined TRACON& Tower with Radar,42,44,25,9,120,0,0,20,1,21,42,44,45,10,141,62,30,92,233
10/16/2013,BTV,VT,ANE,EN,Combined TRACON& Tower with Radar,39,47,11,8,105,0,1,28,1,30,39,48,39,9,135,52,8,60,195
10/17/2013,BTV,VT,ANE,EN,Combined TRACON& Tower with Radar,39,50,18,25,132,0,1,26,1,28,39,51,44,26,160,106,42,148,308
10/18/2013,BTV,VT,ANE,EN,Combined TRACON& Tower with Radar,38,44,24,8,114,0,3,25,0,28,38,47,49,8,142,72,0,72,214
10/19/2013,BTV,VT,ANE,EN,Combined TRACON& Tower with Radar,34,32,19,0,85,0,0,42,0,42,34,32,61,0,127,66,0,66,193
10/20/2013,BTV,VT,ANE,EN,Combined TRACON& Tower with Radar,35,43,10,0,88,0,2,13,0,15,35,45,23,0,103,18,0,18,121
10/21/2013,BTV,VT,ANE,EN,Combined TRACON& Tower with Radar,39,39,19,8,105,0,1,38,6,45,39,40,57,14,150,36,22,58,208
10/22/2013,BTV,VT,ANE,EN,Combined TRACON& Tower with Radar,41,41,13,14,109,0,0,17,9,26,41,41,30,23,135,46,38,84,219
10/23/2013,BTV,VT,ANE,EN,Combined TRACON& Tower with Radar,39,47,27,17,130,0,0,58,10,68,39,47,85,27,198,86,32,118,316
10/24/2013,BTV,VT,ANE,EN,Combined TRACON& Tower with Radar,42,49,22,9,122,0,2,33,8,43,42,51,55,17,165,68,14,82,247
10/25/2013,BTV,VT,ANE,EN,Combined TRACON& Tower with Radar,39,41,28,7,115,0,0,38,0,38,39,41,66,7,153,74,12,86,239
10/26/2013,BTV,VT,ANE,EN,Combined TRACON& Tower with Radar,33,30,14,2,79,0,1,7,0,8,33,31,21,2,87,26,0,26,113
10/27/2013,BTV,VT,ANE,EN,Combined TRACON& Tower with Radar,34,42,20,0,96,0,0,28,0,28,34,42,48,0,124,78,0,78,202
10/28/2013,BTV,VT,ANE,EN,Combined TRACON& Tower with Radar,37,41,18,0,96,0,1,28,1,30,37,42,46,1,126,72,0,72,198
10/29/2013,BTV,VT,ANE,EN,Combined TRACON& Tower with Radar,38,55,30,28,151,0,0,63,9,72,38,55,93,37,223,170,24,194,417
10/30/2013,BTV,VT,ANE,EN,Combined TRACON& Tower with Radar,36,45,27,13,121,0,1,23,5,29,36,46,50,18,150,78,14,92,242
10/31/2013,BTV,VT,ANE,EN,Combined TRACON& Tower with Radar,35,39,15,6,95,0,0,7,0,7,35,39,22,6,102,12,22,34,136
11/01/2013,BTV,VT,ANE,EN,Combined TRACON& Tower with Radar,39,39,5,0,83,0,1,4,0,5,39,40,9,0,88,0,0,0,88
11/02/2013,BTV,VT,ANE,EN,Combined TRACON& Tower with Radar,34,39,17,13,103,0,0,16,5,21,34,39,33,18,124,12,2,14,138
11/03/2013,BTV,VT,ANE,EN,Combined TRACON& Tower with Radar,32,39,14,0,85,0,0,36,6,42,32,39,50,6,127,2,8,10,137
11/04/2013,BTV,VT,ANE,EN,Combined TRACON& Tower with Radar,36,38,14,2,90,0,0,105,14,119,36,38,119,16,209,0,0,0,209
11/05/2013,BTV,VT,ANE,EN,Combined TRACON& Tower with Radar,39,35,23,11,108,0,0,36,18,54,39,35,59,29,162,46,6,52,214
11/06/2013,BTV,VT,ANE,EN,Combined TRACON& Tower with Radar,42,34,13,24,113,0,2,27,14,43,42,36,40,38,156,40,56,96,252
11/07/2013,BTV,VT,ANE,EN,Combined TRACON& Tower with Radar,42,34,28,8,112,0,0,14,2,16,42,34,42,10,128,96,0,96,224
11/08/2013,BTV,VT,ANE,EN,Combined TRACON& Tower with Radar,42,34,19,2,97,0,1,26,0,27,42,35,45,2,124,44,0,44,168
11/09/2013,BTV,VT,ANE,EN,Combined TRACON& Tower with Radar,33,26,9,1,69,0,0,55,0,55,33,26,64,1,124,32,0,32,156
11/10/2013,BTV,VT,ANE,EN,Combined TRACON& Tower with Radar,38,34,18,0,90,0,0,14,0,14,38,34,32,0,104,0,0,0,104
11/11/2013,BTV,VT,ANE,EN,Combined TRACON& Tower with Radar,41,30,21,0,92,0,0,18,0,18,41,30,39,0,110,16,0,16,126
11/12/2013,BTV,VT,ANE,EN,Combined TRACON& Tower with Radar,39,37,8,19,103,0,0,25,10,35,39,37,33,29,138,118,2,120,258
11/13/2013,BTV,VT,ANE,EN,Combined TRACON& Tower with Radar,39,38,17,5,99,0,0,42,4,46,39,38,59,9,145,124,0,124,269
11/14/2013,BTV,VT,ANE,EN,Combined TRACON& Tower with Radar,42,40,17,21,120,0,1,39,21,61,42,41,56,42,181,52,10,62,243
11/15/2013,BTV,VT,ANE,EN,Combined TRACON& Tower with Radar,42,40,25,12,119,0,3,53,1,57,42,43,78,13,176,36,0,36,212
11/16/2013,BTV,VT,ANE,EN,Combined TRACON& Tower with Radar,32,23,28,0,83,0,3,72,1,76,32,26,100,1,159,92,0,92,251
11/17/2013,BTV,VT,ANE,EN,Combined TRACON& Tower with Radar,33,29,22,0,84,0,0,13,0,13,33,29,35,0,97,12,0,12,109
11/18/2013,BTV,VT,ANE,EN,Combined TRACON& Tower with Radar,41,39,8,8,96,0,3,53,18,74,41,42,61,26,170,0,0,0,170
11/19/2013,BTV,VT,ANE,EN,Combined TRACON& Tower with Radar,40,38,19,12,109,0,0,27,29,56,40,38,46,41,165,0,0,0,165
11/20/2013,BTV,VT,ANE,EN,Combined TRACON& Tower with Radar,42,32,15,22,111,0,1,58,6,65,42,33,73,28,176,106,14,120,296
11/21/2013,BTV,VT,ANE,EN,Combined TRACON& Tower with Radar,44,41,15,16,116,0,1,40,19,60,44,42,55,35,176,44,10,54,230
11/22/2013,BTV,VT,ANE,EN,Combined TRACON& Tower with Radar,44,31,18,12,105,0,0,0,0,0,44,31,18,12,105,26,0,26,131
11/23/2013,BTV,VT,ANE,EN,Combined TRACON& Tower with Radar,35,25,20,1,81,0,2,24,0,26,35,27,44,1,107,78,0,78,185
11/24/2013,BTV,VT,ANE,EN,Combined TRACON& Tower with Radar,34,27,7,0,68,0,0,4,0,4,34,27,11,0,72,12,0,12,84
11/25/2013,BTV,VT,ANE,EN,Combined TRACON& Tower with Radar,34,30,18,2,84,0,2,35,0,37,34,32,53,2,121,50,0,50,171
11/26/2013,BTV,VT,ANE,EN,Combined TRACON& Tower with Radar,42,36,28,12,118,0,0,15,8,23,42,36,43,20,141,24,36,60,201
11/27/2013,BTV,VT,ANE,EN,Combined TRACON& Tower with Radar,40,31,0,0,71,0,0,0,0,0,40,31,0,0,71,0,0,0,71
11/28/2013,BTV,VT,ANE,EN,Combined TRACON& Tower with Radar,23,14,10,0,47,0,0,10,0,10,23,14,20,0,57,0,0,0,57
11/29/2013,BTV,VT,ANE,EN,Combined TRACON& Tower with Radar,27,24,20,0,71,0,2,38,0,40,27,26,58,0,111,46,0,46,157
11/30/2013,BTV,VT,ANE,EN,Combined TRACON& Tower with Radar,43,33,34,0,110,0,0,30,0,30,43,33,64,0,140,120,0,120,260
12/01/2013,BTV,VT,ANE,EN,Combined TRACON& Tower with Radar,33,39,20,2,94,0,0,16,0,16,33,39,36,2,110,34,0,34,144
12/02/2013,BTV,VT,ANE,EN,Combined TRACON& Tower with Radar,42,37,27,20,126,0,0,176,22,198,42,37,203,42,324,0,0,0,324
12/03/2013,BTV,VT,ANE,EN,Combined TRACON& Tower with Radar,41,47,21,16,125,0,0,31,7,38,41,47,52,23,163,86,20,106,269
12/04/2013,BTV,VT,ANE,EN,Combined TRACON& Tower with Radar,35,43,25,11,114,0,0,42,0,42,35,43,67,11,156,172,0,172,328
12/05/2013,BTV,VT,ANE,EN,Combined TRACON& Tower with Radar,29,41,23,17,110,0,0,6,6,12,29,41,29,23,122,66,16,82,204
12/06/2013,BTV,VT,ANE,EN,Combined TRACON& Tower with Radar,34,53,8,6,101,0,1,32,3,36,34,54,40,9,137,82,2,84,221
12/07/2013,BTV,VT,ANE,EN,Combined TRACON& Tower with Radar,25,26,13,8,72,0,0,37,9,46,25,26,50,17,118,142,0,142,260
12/08/2013,BTV,VT,ANE,EN,Combined TRACON& Tower with Radar,20,23,19,4,66,0,1,40,1,42,20,24,59,5,108,106,0,106,214
12/09/2013,BTV,VT,ANE,EN,Combined TRACON& Tower with Radar,26,29,5,4,64,0,0,2,0,2,26,29,7,4,66,0,0,0,66
12/10/2013,BTV,VT,ANE,EN,Combined TRACON& Tower with Radar,37,44,13,19,113,0,0,25,9,34,37,44,38,28,147,0,0,0,147
12/11/2013,BTV,VT,ANE,EN,Combined TRACON& Tower with Radar,35,37,17,13,102,0,0,22,1,23,35,37,39,14,125,42,12,54,179
12/12/2013,BTV,VT,ANE,EN,Combined TRACON& Tower with Radar,33,45,10,17,105,0,0,35,20,55,33,45,45,37,160,116,0,116,276
12/13/2013,BTV,VT,ANE,EN,Combined TRACON& Tower with Radar,31,43,19,13,106,0,0,8,1,9,31,43,27,14,115,36,0,36,151
12/14/2013,BTV,VT,ANE,EN,Combined TRACON& Tower with Radar,22,17,11,0,50,0,0,18,0,18,22,17,29,0,68,22,0,22,90
12/15/2013,BTV,VT,ANE,EN,Combined TRACON& Tower with Radar,24,28,7,0,59,0,0,0,0,0,24,28,7,0,59,0,0,0,59
12/16/2013,BTV,VT,ANE,EN,Combined TRACON& Tower with Radar,32,45,13,17,107,0,2,16,2,20,32,47,29,19,127,52,52,104,231
12/17/2013,BTV,VT,ANE,EN,Combined TRACON& Tower with Radar,34,38,12,20,104,0,0,2,0,2,34,38,14,20,106,0,0,0,106
12/18/2013,BTV,VT,ANE,EN,Combined TRACON& Tower with Radar,32,45,19,17,113,0,0,37,2,39,32,45,56,19,152,0,0,0,152
12/19/2013,BTV,VT,ANE,EN,Combined TRACON& Tower with Radar,41,48,26,27,142,0,3,128,31,162,41,51,154,58,304,0,0,0,304
12/20/2013,BTV,VT,ANE,EN,Combined TRACON& Tower with Radar,40,41,19,0,100,0,0,0,0,0,40,41,19,0,100,0,0,0,100
12/21/2013,BTV,VT,ANE,EN,Combined TRACON& Tower with Radar,25,27,11,0,63,0,0,0,0,0,25,27,11,0,63,0,0,0,63
12/22/2013,BTV,VT,ANE,EN,Combined TRACON& Tower with Radar,21,26,3,0,50,0,0,0,0,0,21,26,3,0,50,3,0,3,53
12/23/2013,BTV,VT,ANE,EN,Combined TRACON& Tower with Radar,44,33,16,0,93,0,0,0,0,0,44,33,16,0,93,0,0,0,93
12/24/2013,BTV,VT,ANE,EN,Combined TRACON& Tower with Radar,28,34,5,0,67,0,0,15,0,15,28,34,20,0,82,0,0,0,82
12/25/2013,BTV,VT,ANE,EN,Combined TRACON& Tower with Radar,28,17,5,0,50,0,0,4,0,4,28,17,9,0,54,0,0,0,54
12/26/2013,BTV,VT,ANE,EN,Combined TRACON& Tower with Radar,44,41,13,0,98,0,0,0,0,0,44,41,13,0,98,0,0,0,98
12/27/2013,BTV,VT,ANE,EN,Combined TRACON& Tower with Radar,43,39,23,2,107,0,0,12,0,12,43,39,35,2,119,0,0,0,119
12/28/2013,BTV,VT,ANE,EN,Combined TRACON& Tower with Radar,41,51,19,0,111,0,0,9,0,9,41,51,28,0,120,4,0,4,124
12/29/2013,BTV,VT,ANE,EN,Combined TRACON& Tower with Radar,34,24,5,0,63,0,0,7,0,7,34,24,12,0,70,0,0,0,70
12/30/2013,BTV,VT,ANE,EN,Combined TRACON& Tower with Radar,42,28,10,2,82,0,0,7,2,9,42,28,17,4,91,0,0,0,91
12/31/2013,BTV,VT,ANE,EN,Combined TRACON& Tower with Radar,32,31,15,14,92,0,0,11,2,13,32,31,26,16,105,0,0,0,105
01/01/2014,BTV,VT,ANE,EN,Combined TRACON& Tower with Radar,33,28,16,0,77,0,2,5,0,7,33,30,21,0,84,20,2,22,106
01/02/2014,BTV,VT,ANE,EN,Combined TRACON& Tower with Radar,35,25,12,0,72,0,0,0,0,0,35,25,12,0,72,0,0,0,72
01/03/2014,BTV,VT,ANE,EN,Combined TRACON& Tower with Radar,24,24,15,0,63,0,1,0,0,1,24,25,15,0,64,2,0,2,66
01/04/2014,BTV,VT,ANE,EN,Combined TRACON& Tower with Radar,41,17,19,4,81,0,0,7,0,7,41,17,26,4,88,10,4,14,102
01/05/2014,BTV,VT,ANE,EN,Combined TRACON& Tower with Radar,21,25,16,8,70,0,2,19,2,23,21,27,35,10,93,108,14,122,215
01/06/2014,BTV,VT,ANE,EN,Combined TRACON& Tower with Radar,36,26,7,0,69,1,0,1,0,2,37,26,8,0,71,0,0,0,71
01/07/2014,BTV,VT,ANE,EN,Combined TRACON& Tower with Radar,26,26,16,18,86,0,0,7,1,8,26,26,23,19,94,14,22,36,130
01/08/2014,BTV,VT,ANE,EN,Combined TRACON& Tower with Radar,38,40,12,16,106,0,1,18,0,19,38,41,30,16,125,78,22,100,225
01/09/2014,BTV,VT,ANE,EN,Combined TRACON& Tower with Radar,37,30,17,17,101,0,5,31,24,60,37,35,48,41,161,118,30,148,309
01/10/2014,BTV,VT,ANE,EN,Combined TRACON& Tower with Radar,33,35,17,2,87,0,0,3,2,5,33,35,20,4,92,42,0,42,134
01/11/2014,BTV,VT,ANE,EN,Combined TRACON& Tower with Radar,30,27,3,0,60,0,0,0,0,0,30,27,3,0,60,0,0,0,60
01/12/2014,BTV,VT,ANE,EN,Combined TRACON& Tower with Radar,37,32,13,1,83,0,0,14,7,21,37,32,27,8,104,48,6,54,158
01/13/2014,BTV,VT,ANE,EN,Combined TRACON& Tower with Radar,35,35,22,4,96,0,0,25,9,34,35,35,47,13,130,28,12,40,170
01/14/2014,BTV,VT,ANE,EN,Combined TRACON& Tower with Radar,34,31,16,10,91,0,0,3,1,4,34,31,19,11,95,34,16,50,145
01/15/2014,BTV,VT,ANE,EN,Combined TRACON& Tower with Radar,37,35,11,10,93,0,0,41,13,54,37,35,52,23,147,118,4,122,269
01/16/2014,BTV,VT,ANE,EN,Combined TRACON& Tower with Radar,34,41,9,2,86,0,0,7,0,7,34,41,16,2,93,0,0,0,93
01/17/2014,BTV,VT,ANE,EN,Combined TRACON& Tower with Radar,35,37,19,14,105,0,1,96,10,107,35,38,115,24,212,0,0,0,212
01/18/2014,BTV,VT,ANE,EN,Combined TRACON& Tower with Radar,30,22,15,3,70,0,0,93,4,97,30,22,108,7,167,0,0,0,167
01/19/2014,BTV,VT,ANE,EN,Combined TRACON& Tower with Radar,38,22,9,2,71,0,0,0,0,0,38,22,9,2,71,0,0,0,71
01/20/2014,BTV,VT,ANE,EN,Combined TRACON& Tower with Radar,32,48,27,0,107,0,0,3,0,3,32,48,30,0,110,0,0,0,110
01/21/2014,BTV,VT,ANE,EN,Combined TRACON& Tower with Radar,22,28,9,26,85,0,0,8,5,13,22,28,17,31,98,4,24,28,126
01/22/2014,BTV,VT,ANE,EN,Combined TRACON& Tower with Radar,28,30,5,17,80,0,2,10,3,15,28,32,15,20,95,8,2,10,105
01/23/2014,BTV,VT,ANE,EN,Combined TRACON& Tower with Radar,41,35,13,10,99,0,2,23,8,33,41,37,36,18,132,46,14,60,192
01/24/2014,BTV,VT,ANE,EN,Combined TRACON& Tower with Radar,36,37,24,22,119,0,2,32,9,43,36,39,56,31,162,22,24,46,208
01/25/2014,BTV,VT,ANE,EN,Combined TRACON& Tower with Radar,32,15,1,0,48,0,0,2,0,2,32,15,3,0,50,0,0,0,50
01/26/2014,BTV,VT,ANE,EN,Combined TRACON& Tower with Radar,38,28,14,2,82,0,0,20,0,20,38,28,34,2,102,66,0,66,168
01/27/2014,BTV,VT,ANE,EN,Combined TRACON& Tower with Radar,34,29,15,2,80,0,0,5,0,5,34,29,20,2,85,8,0,8,93
01/28/2014,BTV,VT,ANE,EN,Combined TRACON& Tower with Radar,33,26,7,6,72,0,0,33,10,43,33,26,40,16,115,122,10,132,247
01/29/2014,BTV,VT,ANE,EN,Combined TRACON& Tower with Radar,36,31,18,12,97,0,0,137,25,162,36,31,155,37,259,0,0,0,259
01/30/2014,BTV,VT,ANE,EN,Combined TRACON& Tower with Radar,38,40,27,8,113,0,3,49,11,63,38,43,76,19,176,130,30,160,336
01/31/2014,BTV,VT,ANE,EN,Combined TRACON& Tower with Radar,37,37,24,7,105,0,0,23,3,26,37,37,47,10,131,82,0,82,213
02/01/2014,BTV,VT,ANE,EN,Combined TRACON& Tower with Radar,31,24,13,2,70,0,2,39,0,41,31,26,52,2,111,88,0,88,199
02/02/2014,BTV,VT,ANE,EN,Combined TRACON& Tower with Radar,35,31,16,2,84,0,0,2,0,2,35,31,18,2,86,10,0,10,96
02/03/2014,BTV,VT,ANE,EN,Combined TRACON& Tower with Radar,29,27,23,1,80,0,0,110,2,112,29,27,133,3,192,0,0,0,192
02/04/2014,BTV,VT,ANE,EN,Combined TRACON& Tower with Radar,32,32,24,5,93,0,1,175,18,194,32,33,199,23,287,0,0,0,287
02/05/2014,BTV,VT,ANE,EN,Combined TRACON& Tower with Radar,24,20,1,0,45,0,0,0,0,0,24,20,1,0,45,0,0,0,45
02/06/2014,BTV,VT,ANE,EN,Combined TRACON& Tower with Radar,38,35,23,6,102,0,1,31,8,40,38,36,54,14,142,140,0,140,282
02/07/2014,BTV,VT,ANE,EN,Combined TRACON& Tower with Radar,38,36,17,2,93,0,0,15,3,18,38,36,32,5,111,82,0,82,193
02/08/2014,BTV,VT,ANE,EN,Combined TRACON& Tower with Radar,29,22,14,4,69,0,0,37,4,41,29,22,51,8,110,56,0,56,166
02/09/2014,BTV,VT,ANE,EN,Combined TRACON& Tower with Radar,35,31,20,2,88,0,0,26,1,27,35,31,46,3,115,108,0,108,223
02/10/2014,BTV,VT,ANE,EN,Combined TRACON& Tower with Radar,37,29,25,6,97,0,1,19,3,23,37,30,44,9,120,52,6,58,178
02/11/2014,BTV,VT,ANE,EN,Combined TRACON& Tower with Radar,33,33,17,4,87,0,1,28,24,53,33,34,45,28,140,130,8,138,278
02/12/2014,BTV,VT,ANE,EN,Combined TRACON& Tower with Radar,38,33,18,4,93,0,0,29,16,45,38,33,47,20,138,48,18,66,204
02/13/2014,BTV,VT,ANE,EN,Combined TRACON& Tower with Radar,11,20,14,1,46,0,0,14,0,14,11,20,28,1,60,36,0,36,96
02/14/2014,BTV,VT,ANE,EN,Combined TRACON& Tower with Radar,31,35,18,7,91,0,0,2,0,2,31,35,20,7,93,0,0,0,93
02/15/2014,BTV,VT,ANE,EN,Combined TRACON& Tower with Radar,23,32,24,0,79,0,0,13,0,13,23,32,37,0,92,32,0,32,124
02/16/2014,BTV,VT,ANE,EN,Combined TRACON& Tower with Radar,35,23,12,1,71,0,1,18,0,19,35,24,30,1,90,42,0,42,132
02/17/2014,BTV,VT,ANE,EN,Combined TRACON& Tower with Radar,43,34,29,0,106,0,7,38,1,46,43,41,67,1,152,32,0,32,184
02/18/2014,BTV,VT,ANE,EN,Combined TRACON& Tower with Radar,36,34,15,17,102,0,0,0,4,4,36,34,15,21,106,0,0,0,106
02/19/2014,BTV,VT,ANE,EN,Combined TRACON& Tower with Radar,42,30,10,23,105,0,0,44,13,57,42,30,54,36,162,0,0,0,162
02/20/2014,BTV,VT,ANE,EN,Combined TRACON& Tower with Radar,44,30,30,17,121,0,3,44,6,53,44,33,74,23,174,98,26,124,298
02/21/2014,BTV,VT,ANE,EN,Combined TRACON& Tower with Radar,37,33,6,7,83,0,0,3,0,3,37,33,9,7,86,0,2,2,88
02/22/2014,BTV,VT,ANE,EN,Combined TRACON& Tower with Radar,34,29,26,0,89,0,0,23,0,23,34,29,49,0,112,8,0,8,120
02/23/2014,BTV,VT,ANE,EN,Combined TRACON& Tower with Radar,42,30,20,0,92,0,2,27,2,31,42,32,47,2,123,60,0,60,183
02/24/2014,BTV,VT,ANE,EN,Combined TRACON& Tower with Radar,42,34,11,2,89,0,0,6,0,6,42,34,17,2,95,40,0,40,135
02/25/2014,BTV,VT,ANE,EN,Combined TRACON& Tower with Radar,40,38,27,12,117,0,0,1,5,6,40,38,28,17,123,8,36,44,167
02/26/2014,BTV,VT,ANE,EN,Combined TRACON& Tower with Radar,41,42,31,16,130,0,0,10,2,12,41,42,41,18,142,14,16,30,172
02/27/2014,BTV,VT,ANE,EN,Combined TRACON& Tower with Radar,43,33,20,13,109,0,0,11,1,12,43,33,31,14,121,14,6,20,141
02/28/2014,BTV,VT,ANE,EN,Combined TRACON& Tower with Radar,43,35,21,16,115,0,0,105,17,122,43,35,126,33,237,0,0,0,237
03/01/2014,BTV,VT,ANE,EN,Combined TRACON& Tower with Radar,34,28,13,4,79,0,0,50,7,57,34,28,63,11,136,0,0,0,136
03/02/2014,BTV,VT,ANE,EN,Combined TRACON& Tower with Radar,34,34,10,0,78,0,0,8,4,12,34,34,18,4,90,16,26,42,132
03/03/2014,BTV,VT,ANE,EN,Combined TRACON& Tower with Radar,26,22,10,2,60,0,1,21,0,22,26,23,31,2,82,98,0,98,180
03/04/2014,BTV,VT,ANE,EN,Combined TRACON& Tower with Radar,38,22,12,9,81,0,1,103,13,117,38,23,115,22,198,6,0,6,204
03/05/2014,BTV,VT,ANE,EN,Combined TRACON& Tower with Radar,44,34,14,10,102,0,2,18,1,21,44,36,32,11,123,52,18,70,193
03/06/2014,BTV,VT,ANE,EN,Combined TRACON& Tower with Radar,43,40,27,23,133,0,2,41,21,64,43,42,68,44,197,70,12,82,279
03/07/2014,BTV,VT,ANE,EN,Combined TRACON& Tower with Radar,44,46,11,12,113,0,1,34,2,37,44,47,45,14,150,44,0,44,194
03/08/2014,BTV,VT,ANE,EN,Combined TRACON& Tower with Radar,33,26,8,21,88,0,0,10,0,10,33,26,18,21,98,24,12,36,134
03/09/2014,BTV,VT,ANE,EN,Combined TRACON& Tower with Radar,40,40,30,1,111,0,3,43,0,46,40,43,73,1,157,114,0,114,271
03/10/2014,BTV,VT,ANE,EN,Combined TRACON& Tower with Radar,42,32,8,4,86,0,2,3,0,5,42,34,11,4,91,24,0,24,115
03/11/2014,BTV,VT,ANE,EN,Combined TRACON& Tower with Radar,43,36,10,22,111,0,1,28,9,38,43,37,38,31,149,110,12,122,271
03/12/2014,BTV,VT,ANE,EN,Combined TRACON& Tower with Radar,22,11,2,0,35,0,0,0,0,0,22,11,2,0,35,0,0,0,35
03/13/2014,BTV,VT,ANE,EN,Combined TRACON& Tower with Radar,26,27,9,0,62,0,0,4,0,4,26,27,13,0,66,0,0,0,66
03/14/2014,BTV,VT,ANE,EN,Combined TRACON& Tower with Radar,48,35,20,8,111,0,3,16,9,28,48,38,36,17,139,0,0,0,139
03/15/2014,BTV,VT,ANE,EN,Combined TRACON& Tower with Radar,35,32,10,0,77,0,0,4,0,4,35,32,14,0,81,18,0,18,99
03/16/2014,BTV,VT,ANE,EN,Combined TRACON& Tower with Radar,34,37,17,0,88,0,0,13,0,13,34,37,30,0,101,40,0,40,141
03/17/2014,BTV,VT,ANE,EN,Combined TRACON& Tower with Radar,39,27,14,0,80,0,0,33,0,33,39,27,47,0,113,84,0,84,197
03/18/2014,BTV,VT,ANE,EN,Combined TRACON& Tower with Radar,42,33,19,24,118,0,1,113,46,160,42,34,132,70,278,0,0,0,278
03/19/2014,BTV,VT,ANE,EN,Combined TRACON& Tower with Radar,40,32,28,17,117,0,0,22,5,27,40,32,50,22,144,56,28,84,228
03/20/2014,BTV,VT,ANE,EN,Combined TRACON& Tower with Radar,43,35,27,10,115,0,0,9,12,21,43,35,36,22,136,34,24,58,194
03/21/2014,BTV,VT,ANE,EN,Combined TRACON& Tower with Radar,42,37,31,6,116,0,0,19,6,25,42,37,50,12,141,48,0,48,189
03/22/2014,BTV,VT,ANE,EN,Combined TRACON& Tower with Radar,35,26,12,0,73,0,0,2,0,2,35,26,14,0,75,6,0,6,81
03/23/2014,BTV,VT,ANE,EN,Combined TRACON& Tower with Radar,38,36,19,0,93,0,2,24,0,26,38,38,43,0,119,96,0,96,215
03/24/2014,BTV,VT,ANE,EN,Combined TRACON& Tower with Radar,41,34,38,4,117,0,3,42,5,50,41,37,80,9,167,130,18,148,315
03/25/2014,BTV,VT,ANE,EN,Combined TRACON& Tower with Radar,42,25,34,16,117,0,1,35,18,54,42,26,69,34,171,62,32,94,265
03/26/2014,BTV,VT,ANE,EN,Combined TRACON& Tower with Radar,43,40,14,10,107,0,0,5,5,10,43,40,19,15,117,44,20,64,181
03/27/2014,BTV,VT,ANE,EN,Combined TRACON& Tower with Radar,44,43,23,28,138,0,4,49,20,73,44,47,72,48,211,94,34,128,339
03/28/2014,BTV,VT,ANE,EN,Combined TRACON& Tower with Radar,41,49,13,1,104,0,0,1,0,1,41,49,14,1,105,0,0,0,105
03/29/2014,BTV,VT,ANE,EN,Combined TRACON& Tower with Radar,36,22,29,0,87,0,0,101,0,101,36,22,130,0,188,0,0,0,188
03/30/2014,BTV,VT,ANE,EN,Combined TRACON& Tower with Radar,37,38,4,0,79,0,0,0,0,0,37,38,4,0,79,0,0,0,79
03/31/2014,BTV,VT,ANE,EN,Combined TRACON& Tower with Radar,42,35,15,2,94,0,0,1,0,1,42,35,16,2,95,0,0,0,95
04/01/2014,BTV,VT,ANE,EN,Combined TRACON& Tower with Radar,44,34,15,15,108,0,0,201,18,219,44,34,216,33,327,0,0,0,327
04/02/2014,BTV,VT,ANE,EN,Combined TRACON& Tower with Radar,39,31,18,13,101,0,0,75,13,88,39,31,93,26,189,0,0,0,189
04/03/2014,BTV,VT,ANE,EN,Combined TRACON& Tower with Radar,41,31,20,8,100,0,2,33,6,41,41,33,53,14,141,14,14,28,169
04/04/2014,BTV,VT,ANE,EN,Combined TRACON& Tower with Radar,36,35,20,31,122,0,0,23,3,26,36,35,43,34,148,44,12,56,204
04/05/2014,BTV,VT,ANE,EN,Combined TRACON& Tower with Radar,33,24,15,27,99,0,0,4,7,11,33,24,19,34,110,2,32,34,144
04/06/2014,BTV,VT,ANE,EN,Combined TRACON& Tower with Radar,38,32,16,0,86,0,0,45,3,48,38,32,61,3,134,78,20,98,232
04/07/2014,BTV,VT,ANE,EN,Combined TRACON& Tower with Radar,33,35,21,4,93,0,0,35,2,37,33,35,56,6,130,80,0,80,210
04/08/2014,BTV,VT,ANE,EN,Combined TRACON& Tower with Radar,36,23,33,17,109,0,0,9,3,12,36,23,42,20,121,42,4,46,167
04/09/2014,BTV,VT,ANE,EN,Combined TRACON& Tower with Radar,41,25,24,15,105,0,1,28,1,30,41,26,52,16,135,34,8,42,177
04/10/2014,BTV,VT,ANE,EN,Combined TRACON& Tower with Radar,38,30,16,22,106,0,2,24,5,31,38,32,40,27,137,24,2,26,163
04/11/2014,BTV,VT,ANE,EN,Combined TRACON& Tower with Radar,37,32,35,11,115,0,1,110,2,113,37,33,145,13,228,0,0,0,228
04/12/2014,BTV,VT,ANE,EN,Combined TRACON& Tower with Radar,35,28,22,0,85,0,0,170,0,170,35,28,192,0,255,0,0,0,255
04/13/2014,BTV,VT,ANE,EN,Combined TRACON& Tower with Radar,36,26,23,0,85,0,1,14,0,15,36,27,37,0,100,4,0,4,104
04/14/2014,BTV,VT,ANE,EN,Combined TRACON& Tower with Radar,38,31,10,2,81,0,1,9,0,10,38,32,19,2,91,0,0,0,91
04/15/2014,BTV,VT,ANE,EN,Combined TRACON& Tower with Radar,33,27,21,0,81,0,0,1,0,1,33,27,22,0,82,0,0,0,82
04/16/2014,BTV,VT,ANE,EN,Combined TRACON& Tower with Radar,38,32,34,18,122,0,2,14,9,25,38,34,48,27,147,6,14,20,167
04/17/2014,BTV,VT,ANE,EN,Combined TRACON& Tower with Radar,38,32,42,28,140,0,0,59,8,67,38,32,101,36,207,100,18,118,325
04/18/2014,BTV,VT,ANE,EN,Combined TRACON& Tower with Radar,38,31,45,3,117,0,0,60,1,61,38,31,105,4,178,70,0,70,248
04/19/2014,BTV,VT,ANE,EN,Combined TRACON& Tower with Radar,33,26,33,0,92,0,0,21,0,21,33,26,54,0,113,60,0,60,173
04/20/2014,BTV,VT,ANE,EN,Combined TRACON& Tower with Radar,35,26,19,1,81,0,0,47,3,50,35,26,66,4,131,52,0,52,183
04/21/2014,BTV,VT,ANE,EN,Combined TRACON& Tower with Radar,39,27,19,2,87,0,0,31,1,32,39,27,50,3,119,18,0,18,137
04/22/2014,BTV,VT,ANE,EN,Combined TRACON& Tower with Radar,39,27,38,9,113,0,0,22,10,32,39,27,60,19,145,66,26,92,237
04/23/2014,BTV,VT,ANE,EN,Combined TRACON& Tower with Radar,36,26,12,15,89,0,1,9,1,11,36,27,21,16,100,28,6,34,134
04/24/2014,BTV,VT,ANE,EN,Combined TRACON& Tower with Radar,40,28,16,16,100,0,0,26,26,52,40,28,42,42,152,56,32,88,240
04/25/2014,BTV,VT,ANE,EN,Combined TRACON& Tower with Radar,41,34,18,7,100,0,0,74,7,81,41,34,92,14,181,86,8,94,275
04/26/2014,BTV,VT,ANE,EN,Combined TRACON& Tower with Radar,37,28,41,0,106,0,0,6,1,7,37,28,47,1,113,18,26,44,157
04/27/2014,BTV,VT,ANE,EN,Combined TRACON& Tower with Radar,35,42,13,2,92,0,0,3,1,4,35,42,16,3,96,2,4,6,102
04/28/2014,BTV,VT,ANE,EN,Combined TRACON& Tower with Radar,36,27,21,11,95,0,0,53,0,53,36,27,74,11,148,82,10,92,240
04/29/2014,BTV,VT,ANE,EN,Combined TRACON& Tower with Radar,35,25,16,11,87,0,0,35,19,54,35,25,51,30,141,28,18,46,187
04/30/2014,BTV,VT,ANE,EN,Combined TRACON& Tower with Radar,29,20,17,14,80,0,0,4,6,10,29,20,21,20,90,0,0,0,90
05/01/2014,BTV,VT,ANE,EN,Combined TRACON& Tower with Radar,40,29,21,18,108,0,1,15,12,28,40,30,36,30,136,70,16,86,222
05/02/2014,BTV,VT,ANE,EN,Combined TRACON& Tower with Radar,41,32,32,9,114,0,0,32,6,38,41,32,64,15,152,32,26,58,210
05/03/2014,BTV,VT,ANE,EN,Combined TRACON& Tower with Radar,35,29,21,16,101,0,0,23,5,28,35,29,44,21,129,30,22,52,181
05/04/2014,BTV,VT,ANE,EN,Combined TRACON& Tower with Radar,37,44,15,0,96,0,0,4,0,4,37,44,19,0,100,16,4,20,120
05/05/2014,BTV,VT,ANE,EN,Combined TRACON& Tower with Radar,40,37,15,4,96,0,0,15,2,17,40,37,30,6,113,18,16,34,147
05/06/2014,BTV,VT,ANE,EN,Combined TRACON& Tower with Radar,42,35,31,8,116,0,0,38,16,54,42,35,69,24,170,132,4,136,306
05/07/2014,BTV,VT,ANE,EN,Combined TRACON& Tower with Radar,39,34,28,21,122,0,0,68,11,79,39,34,96,32,201,82,8,90,291
05/08/2014,BTV,VT,ANE,EN,Combined TRACON& Tower with Radar,38,34,22,18,112,0,2,50,18,70,38,36,72,36,182,88,8,96,278
05/09/2014,BTV,VT,ANE,EN,Combined TRACON& Tower with Radar,42,31,29,8,110,0,0,16,7,23,42,31,45,15,133,12,2,14,147
05/10/2014,BTV,VT,ANE,EN,Combined TRACON& Tower with Radar,31,31,29,5,96,0,9,12,0,21,31,40,41,5,117,6,38,44,161
05/11/2014,BTV,VT,ANE,EN,Combined TRACON& Tower with Radar,32,31,9,1,73,0,8,62,0,70,32,39,71,1,143,44,0,44,187
05/12/2014,BTV,VT,ANE,EN,Combined TRACON& Tower with Radar,37,24,23,0,84,0,1,45,0,46,37,25,68,0,130,78,0,78,208
05/13/2014,BTV,VT,ANE,EN,Combined TRACON& Tower with Radar,42,28,40,19,129,0,1,103,42,146,42,29,143,61,275,0,0,0,275
05/14/2014,BTV,VT,ANE,EN,Combined TRACON& Tower with Radar,36,33,20,15,104,0,0,30,16,46,36,33,50,31,150,0,0,0,150
05/15/2014,BTV,VT,ANE,EN,Combined TRACON& Tower with Radar,35,51,44,15,145,0,0,50,46,96,35,51,94,61,241,0,0,0,241
05/16/2014,BTV,VT,ANE,EN,Combined TRACON& Tower with Radar,38,31,32,11,112,0,4,13,1,18,38,35,45,12,130,16,0,16,146
05/17/2014,BTV,VT,ANE,EN,Combined TRACON& Tower with Radar,33,35,37,0,105,0,2,32,1,35,33,37,69,1,140,94,0,94,234
05/18/2014,BTV,VT,ANE,EN,Combined TRACON& Tower with Radar,33,42,31,0,106,0,2,58,0,60,33,44,89,0,166,24,0,24,190
05/19/2014,BTV,VT,ANE,EN,Combined TRACON& Tower with Radar,39,36,25,9,109,0,2,34,8,44,39,38,59,17,153,44,2,46,199
05/20/2014,BTV,VT,ANE,EN,Combined TRACON& Tower with Radar,42,29,25,15,111,0,3,65,7,75,42,32,90,22,186,80,14,94,280
05/21/2014,BTV,VT,ANE,EN,Combined TRACON& Tower with Radar,38,36,19,18,111,0,0,62,5,67,38,36,81,23,178,70,28,98,276
05/22/2014,BTV,VT,ANE,EN,Combined TRACON& Tower with Radar,35,43,24,11,113,0,0,6,0,6,35,43,30,11,119,8,0,8,127
05/23/2014,BTV,VT,ANE,EN,Combined TRACON& Tower with Radar,39,36,33,2,110,0,0,6,0,6,39,36,39,2,116,6,2,8,124
05/24/2014,BTV,VT,ANE,EN,Combined TRACON& Tower with Radar,27,33,25,0,85,0,0,16,0,16,27,33,41,0,101,44,0,44,145
05/25/2014,BTV,VT,ANE,EN,Combined TRACON& Tower with Radar,25,27,18,0,70,0,0,56,1,57,25,27,74,1,127,72,0,72,199
05/26/2014,BTV,VT,ANE,EN,Combined TRACON& Tower with Radar,37,31,19,0,87,0,2,20,0,22,37,33,39,0,109,54,0,54,163
05/27/2014,BTV,VT,ANE,EN,Combined TRACON& Tower with Radar,42,25,24,14,105,0,0,37,4,41,42,25,61,18,146,110,16,126,272
05/28/2014,BTV,VT,ANE,EN,Combined TRACON& Tower with Radar,37,36,32,30,135,0,0,14,0,14,37,36,46,30,149,106,30,136,285
05/29/2014,BTV,VT,ANE,EN,Combined TRACON& Tower with Radar,39,41,21,14,115,0,3,70,6,79,39,44,91,20,194,134,12,146,340
05/30/2014,BTV,VT,ANE,EN,Combined TRACON& Tower with Radar,44,39,36,0,119,0,0,14,4,18,44,39,50,4,137,34,6,40,177
05/31/2014,BTV,VT,ANE,EN,Combined TRACON& Tower with Radar,31,30,26,7,94,0,1,36,0,37,31,31,62,7,131,34,10,44,175
06/01/2014,BTV,VT,ANE,EN,Combined TRACON& Tower with Radar,38,44,25,0,107,0,2,66,0,68,38,46,91,0,175,104,0,104,279
06/02/2014,BTV,VT,ANE,EN,Combined TRACON& Tower with Radar,40,35,19,1,95,0,2,37,3,42,40,37,56,4,137,36,62,98,235
06/03/2014,BTV,VT,ANE,EN,Combined TRACON& Tower with Radar,39,41,14,14,108,0,0,18,0,18,39,41,32,14,126,32,10,42,168
06/04/2014,BTV,VT,ANE,EN,Combined TRACON& Tower with Radar,37,39,21,17,114,0,0,40,7,47,37,39,61,24,161,88,24,112,273
06/05/2014,BTV,VT,ANE,EN,Combined TRACON& Tower with Radar,36,43,25,7,111,0,2,24,8,34,36,45,49,15,145,26,14,40,185
06/06/2014,BTV,VT,ANE,EN,Combined TRACON& Tower with Radar,36,45,47,22,150,0,0,40,3,43,36,45,87,25,193,0,0,0,193
06/07/2014,BTV,VT,ANE,EN,Combined TRACON& Tower with Radar,31,36,18,20,105,0,1,135,25,161,31,37,153,45,266,0,0,0,266
06/08/2014,BTV,VT,ANE,EN,Combined TRACON& Tower with Radar,40,33,26,0,99,0,0,52,10,62,40,33,78,10,161,66,4,70,231
06/09/2014,BTV,VT,ANE,EN,Combined TRACON& Tower with Radar,41,41,29,0,111,0,0,45,6,51,41,41,74,6,162,100,24,124,286
06/10/2014,BTV,VT,ANE,EN,Combined TRACON& Tower with Radar,34,49,33,6,122,0,3,36,15,54,34,52,69,21,176,74,30,104,280
06/11/2014,BTV,VT,ANE,EN,Combined TRACON& Tower with Radar,31,37,25,16,109,0,1,23,8,32,31,38,48,24,141,112,0,112,253
06/12/2014,BTV,VT,ANE,EN,Combined TRACON& Tower with Radar,27,42,39,2,110,0,0,10,0,10,27,42,49,2,120,28,0,28,148
06/13/2014,BTV,VT,ANE,EN,Combined TRACON& Tower with Radar,35,40,36,2,113,0,1,12,0,13,35,41,48,2,126,58,0,58,184
06/14/2014,BTV,VT,ANE,EN,Combined TRACON& Tower with Radar,24,41,25,1,91,0,0,46,0,46,24,41,71,1,137,66,0,66,203
06/15/2014,BTV,VT,ANE,EN,Combined TRACON& Tower with Radar,39,39,34,0,112,0,0,59,0,59,39,39,93,0,171,196,0,196,367
06/16/2014,BTV,VT,ANE,EN,Combined TRACON& Tower with Radar,34,50,27,4,115,0,2,66,3,71,34,52,93,7,186,98,0,98,284
06/17/2014,BTV,VT,ANE,EN,Combined TRACON& Tower with Radar,35,46,28,5,114,0,1,34,5,40,35,47,62,10,154,82,22,104,258
06/18/2014,BTV,VT,ANE,EN,Combined TRACON& Tower with Radar,36,43,24,8,111,0,0,23,4,27,36,43,47,12,138,98,0,98,236
06/19/2014,BTV,VT,ANE,EN,Combined TRACON& Tower with Radar,31,50,26,12,119,0,5,56,6,67,31,55,82,18,186,46,18,64,250
06/20/2014,BTV,VT,ANE,EN,Combined TRACON& Tower with Radar,33,45,28,10,116,0,4,63,8,75,33,49,91,18,191,0,0,0,191
06/21/2014,BTV,VT,ANE,EN,Combined TRACON& Tower with Radar,24,45,15,2,86,0,2,104,1,107,24,47,119,3,193,0,0,0,193
06/22/2014,BTV,VT,ANE,EN,Combined TRACON& Tower with Radar,40,39,36,1,116,0,4,61,0,65,40,43,97,1,181,18,0,18,199
06/23/2014,BTV,VT,ANE,EN,Combined TRACON& Tower with Radar,34,47,21,2,104,0,4,57,5,66,34,51,78,7,170,96,0,96,266
06/24/2014,BTV,VT,ANE,EN,Combined TRACON& Tower with Radar,36,45,18,12,111,0,0,96,21,117,36,45,114,33,228,0,0,0,228
06/25/2014,BTV,VT,ANE,EN,Combined TRACON& Tower with Radar,33,34,13,5,85,0,0,5,0,5,33,34,18,5,90,0,0,0,90
06/26/2014,BTV,VT,ANE,EN,Combined TRACON& Tower with Radar,33,39,43,23,138,0,1,35,8,44,33,40,78,31,182,0,0,0,182
06/27/2014,BTV,VT,ANE,EN,Combined TRACON& Tower with Radar,34,54,27,9,124,0,2,57,1,60,34,56,84,10,184,122,12,134,318
06/28/2014,BTV,VT,ANE,EN,Combined TRACON& Tower with Radar,26,43,25,3,97,0,0,64,0,64,26,43,89,3,161,86,0,86,247
06/29/2014,BTV,VT,ANE,EN,Combined TRACON& Tower with Radar,38,35,12,0,85,0,2,70,0,72,38,37,82,0,157,34,2,36,193
06/30/2014,BTV,VT,ANE,EN,Combined TRACON& Tower with Radar,32,46,24,1,103,0,0,44,3,47,32,46,68,4,150,66,0,66,216
07/01/2014,BTV,VT,ANE,EN,Combined TRACON& Tower with Radar,41,31,21,15,108,0,0,57,3,60,41,31,78,18,168,110,8,118,286
07/02/2014,BTV,VT,ANE,EN,Combined TRACON& Tower with Radar,37,37,19,14,107,0,0,36,2,38,37,37,55,16,145,66,12,78,223
07/03/2014,BTV,VT,ANE,EN,Combined TRACON& Tower with Radar,39,27,26,12,104,0,0,18,1,19,39,27,44,13,123,46,0,46,169
07/04/2014,BTV,VT,ANE,EN,Combined TRACON& Tower with Radar,30,17,14,0,61,0,0,59,0,59,30,17,73,0,120,0,0,0,120
07/05/2014,BTV,VT,ANE,EN,Combined TRACON& Tower with Radar,33,30,25,3,91,0,0,39,0,39,33,30,64,3,130,28,0,28,158
07/06/2014,BTV,VT,ANE,EN,Combined TRACON& Tower with Radar,38,35,12,0,85,0,2,70,0,72,38,37,82,0,157,76,0,76,233
07/07/2014,BTV,VT,ANE,EN,Combined TRACON& Tower with Radar,46,38,24,2,110,0,2,33,0,35,46,40,57,2,145,100,0,100,245
07/08/2014,BTV,VT,ANE,EN,Combined TRACON& Tower with Radar,38,31,19,21,109,0,1,35,8,44,38,32,54,29,153,84,20,104,257
07/09/2014,BTV,VT,ANE,EN,Combined TRACON& Tower with Radar,36,21,17,2,76,0,0,21,9,30,36,21,38,11,106,14,26,40,146
07/10/2014,BTV,VT,ANE,EN,Combined TRACON& Tower with Radar,42,30,27,24,123,0,8,43,12,63,42,38,70,36,186,72,8,80,266
07/11/2014,BTV,VT,ANE,EN,Combined TRACON& Tower with Radar,47,29,34,15,125,0,8,66,5,79,47,37,100,20,204,196,18,214,418
07/12/2014,BTV,VT,ANE,EN,Combined TRACON& Tower with Radar,35,32,19,0,86,0,1,58,2,61,35,33,77,2,147,68,16,84,231
07/13/2014,BTV,VT,ANE,EN,Combined TRACON& Tower with Radar,40,36,32,4,112,0,0,14,0,14,40,36,46,4,126,10,0,10,136
07/14/2014,BTV,VT,ANE,EN,Combined TRACON& Tower with Radar,46,38,19,4,107,0,0,26,3,29,46,38,45,7,136,54,0,54,190
07/15/2014,BTV,VT,ANE,EN,Combined TRACON& Tower with Radar,41,31,15,9,96,0,0,17,2,19,41,31,32,11,115,58,0,58,173
07/16/2014,BTV,VT,ANE,EN,Combined TRACON& Tower with Radar,45,36,21,25,127,0,1,50,8,59,45,37,71,33,186,88,22,110,296
07/17/2014,BTV,VT,ANE,EN,Combined TRACON& Tower with Radar,44,37,35,17,133,0,2,79,10,91,44,39,114,27,224,166,32,198,422
07/18/2014,BTV,VT,ANE,EN,Combined TRACON& Tower with Radar,47,48,52,23,170,0,7,65,3,75,47,55,117,26,245,138,16,154,399
07/19/2014,BTV,VT,ANE,EN,Combined TRACON& Tower with Radar,35,33,21,2,91,0,1,60,1,62,35,34,81,3,153,138,6,144,297
07/20/2014,BTV,VT,ANE,EN,Combined TRACON& Tower with Radar,40,52,22,0,114,0,4,41,3,48,40,56,63,3,162,40,0,40,202
07/21/2014,BTV,VT,ANE,EN,Combined TRACON& Tower with Radar,47,40,24,11,122,0,2,66,0,68,47,42,90,11,190,76,24,100,290
07/22/2014,BTV,VT,ANE,EN,Combined TRACON& Tower with Radar,49,27,25,17,118,1,1,178,65,245,50,28,203,82,363,0,0,0,363
07/23/2014,BTV,VT,ANE,EN,Combined TRACON& Tower with Radar,48,32,23,5,108,0,2,14,8,24,48,34,37,13,132,12,10,22,154
07/24/2014,BTV,VT,ANE,EN,Combined TRACON& Tower with Radar,43,43,17,6,109,0,0,55,4,59,43,43,72,10,168,178,16,194,362
07/25/2014,BTV,VT,ANE,EN,Combined TRACON& Tower with Radar,47,37,28,12,124,0,8,57,3,68,47,45,85,15,192,54,0,54,246
07/26/2014,BTV,VT,ANE,EN,Combined TRACON& Tower with Radar,35,34,21,4,94,0,3,58,2,63,35,37,79,6,157,28,0,28,185
07/27/2014,BTV,VT,ANE,EN,Combined TRACON& Tower with Radar,33,34,16,4,87,0,0,5,0,5,33,34,21,4,92,50,4,54,146
07/28/2014,BTV,VT,ANE,EN,Combined TRACON& Tower with Radar,37,31,22,0,90,0,0,0,0,0,37,31,22,0,90,0,0,0,90
07/29/2014,BTV,VT,ANE,EN,Combined TRACON& Tower with Radar,47,36,29,10,122,0,0,44,7,51,47,36,73,17,173,125,16,141,314
07/30/2014,BTV,VT,ANE,EN,Combined TRACON& Tower with Radar,48,33,32,6,119,0,0,67,1,68,48,33,99,7,187,72,16,88,275
07/31/2014,BTV,VT,ANE,EN,Combined TRACON& Tower with Radar,44,39,26,12,121,0,0,20,0,20,44,39,46,12,141,54,6,60,201
08/01/2014,BTV,VT,ANE,EN,Combined TRACON& Tower with Radar,37,40,26,13,116,0,1,32,3,36,37,41,58,16,152,74,8,82,234
08/02/2014,BTV,VT,ANE,EN,Combined TRACON& Tower with Radar,33,44,12,18,107,0,0,9,0,9,33,44,21,18,116,0,18,18,134
08/03/2014,BTV,VT,ANE,EN,Combined TRACON& Tower with Radar,38,48,27,0,113,0,1,32,0,33,38,49,59,0,146,60,0,60,206
08/04/2014,BTV,VT,ANE,EN,Combined TRACON& Tower with Radar,47,39,38,0,124,0,2,26,0,28,47,41,64,0,152,6,0,6,158
08/05/2014,BTV,VT,ANE,EN,Combined TRACON& Tower with Radar,45,47,8,9,109,0,3,41,8,52,45,50,49,17,161,0,0,0,161
08/06/2014,BTV,VT,ANE,EN,Combined TRACON& Tower with Radar,44,41,22,11,118,0,1,166,18,185,44,42,188,29,303,0,0,0,303
08/07/2014,BTV,VT,ANE,EN,Combined TRACON& Tower with Radar,41,37,23,11,112,0,1,15,2,18,41,38,38,13,130,76,14,90,220
08/08/2014,BTV,VT,ANE,EN,Combined TRACON& Tower with Radar,45,34,43,8,130,0,2,55,5,62,45,36,98,13,192,64,0,64,256
08/09/2014,BTV,VT,ANE,EN,Combined TRACON& Tower with Radar,33,45,21,2,101,0,0,72,4,76,33,45,93,6,177,92,0,92,269
08/10/2014,BTV,VT,ANE,EN,Combined TRACON& Tower with Radar,39,38,30,0,107,0,0,60,0,60,39,38,90,0,167,6,0,6,173
08/11/2014,BTV,VT,ANE,EN,Combined TRACON& Tower with Radar,45,36,18,3,102,0,4,67,3,74,45,40,85,6,176,136,9,145,321
08/12/2014,BTV,VT,ANE,EN,Combined TRACON& Tower with Radar,36,38,28,11,113,0,1,36,3,40,36,39,64,14,153,106,6,112,265
08/13/2014,BTV,VT,ANE,EN,Combined TRACON& Tower with Radar,43,43,28,11,125,0,0,5,0,5,43,43,33,11,130,14,0,14,144
08/14/2014,BTV,VT,ANE,EN,Combined TRACON& Tower with Radar,44,37,40,10,131,0,1,50,3,54,44,38,90,13,185,210,0,210,395
08/15/2014,BTV,VT,ANE,EN,Combined TRACON& Tower with Radar,46,55,27,7,135,0,1,31,0,32,46,56,58,7,167,58,0,58,225
08/16/2014,BTV,VT,ANE,EN,Combined TRACON& Tower with Radar,33,40,28,0,101,0,0,30,0,30,33,40,58,0,131,16,0,16,147
08/17/2014,BTV,VT,ANE,EN,Combined TRACON& Tower with Radar,39,39,39,0,117,0,0,20,0,20,39,39,59,0,137,60,0,60,197
08/18/2014,BTV,VT,ANE,EN,Combined TRACON& Tower with Radar,47,35,20,0,102,0,2,37,0,39,47,37,57,0,141,82,4,86,227
08/19/2014,BTV,VT,ANE,EN,Combined TRACON& Tower with Radar,44,35,22,10,111,0,1,76,3,80,44,36,98,13,191,110,10,120,311
08/20/2014,BTV,VT,ANE,EN,Combined TRACON& Tower with Radar,42,36,20,9,107,0,1,59,4,64,42,37,79,13,171,208,20,228,399
08/21/2014,BTV,VT,ANE,EN,Combined TRACON& Tower with Radar,38,42,31,9,120,0,0,11,5,16,38,42,42,14,136,42,12,54,190
08/22/2014,BTV,VT,ANE,EN,Combined TRACON& Tower with Radar,42,36,42,8,128,0,0,11,4,15,42,36,53,12,143,0,0,0,143
08/23/2014,BTV,VT,ANE,EN,Combined TRACON& Tower with Radar,32,38,23,3,96,0,2,56,0,58,32,40,79,3,154,74,0,74,228
08/24/2014,BTV,VT,ANE,EN,Combined TRACON& Tower with Radar,35,38,20,0,93,0,4,65,1,70,35,42,85,1,163,26,0,26,189
08/25/2014,BTV,VT,ANE,EN,Combined TRACON& Tower with Radar,43,34,23,16,116,0,3,50,2,55,43,37,73,18,171,138,6,144,315
08/26/2014,BTV,VT,ANE,EN,Combined TRACON& Tower with Radar,48,37,30,25,140,0,3,42,14,59,48,40,72,39,199,48,38,86,285
08/27/2014,BTV,VT,ANE,EN,Combined TRACON& Tower with Radar,40,39,28,2,109,0,7,42,4,53,40,46,70,6,162,58,42,100,262
08/28/2014,BTV,VT,ANE,EN,Combined TRACON& Tower with Radar,40,47,28,13,128,0,1,33,6,40,40,48,61,19,168,92,0,92,260
08/29/2014,BTV,VT,ANE,EN,Combined TRACON& Tower with Radar,42,36,21,8,107,0,0,118,0,118,42,36,139,8,225,0,0,0,225
08/30/2014,BTV,VT,ANE,EN,Combined TRACON& Tower with Radar,31,31,22,0,84,0,3,35,0,38,31,34,57,0,122,0,0,0,122
08/31/2014,BTV,VT,ANE,EN,Combined TRACON& Tower with Radar,31,23,18,0,72,0,0,1,0,1,31,23,19,0,73,0,0,0,73
09/01/2014,BTV,VT,ANE,EN,Combined TRACON& Tower with Radar,43,42,43,0,128,0,0,36,1,37,43,42,79,1,165,106,0,106,271
09/02/2014,BTV,VT,ANE,EN,Combined TRACON& Tower with Radar,38,42,30,11,121,0,2,23,1,26,38,44,53,12,147,18,12,30,177
09/03/2014,BTV,VT,ANE,EN,Combined TRACON& Tower with Radar,42,40,16,11,109,0,1,54,4,59,42,41,70,15,168,78,10,88,256
09/04/2014,BTV,VT,ANE,EN,Combined TRACON& Tower with Radar,40,38,36,9,123,0,1,80,7,88,40,39,116,16,211,46,18,64,275
09/05/2014,BTV,VT,ANE,EN,Combined TRACON& Tower with Radar,43,36,17,12,108,0,0,66,5,71,43,36,83,17,179,50,6,56,235
09/06/2014,BTV,VT,ANE,EN,Combined TRACON& Tower with Radar,31,25,7,23,86,0,1,10,0,11,31,26,17,23,97,10,0,10,107
09/07/2014,BTV,VT,ANE,EN,Combined TRACON& Tower with Radar,38,34,36,1,109,0,1,58,5,64,38,35,94,6,173,68,2,70,243
09/08/2014,BTV,VT,ANE,EN,Combined TRACON& Tower with Radar,42,38,17,1,98,0,6,57,8,71,42,44,74,9,169,70,0,70,239
09/09/2014,BTV,VT,ANE,EN,Combined TRACON& Tower with Radar,48,28,14,13,103,0,2,63,12,77,48,30,77,25,180,70,46,116,296
09/10/2014,BTV,VT,ANE,EN,Combined TRACON& Tower with Radar,41,37,20,10,108,0,2,55,7,64,41,39,75,17,172,180,12,192,364
09/11/2014,BTV,VT,ANE,EN,Combined TRACON& Tower with Radar,42,35,21,15,113,0,0,1,6,7,42,35,22,21,120,0,0,0,120
09/12/2014,BTV,VT,ANE,EN,Combined TRACON& Tower with Radar,44,37,38,6,125,0,0,36,6,42,44,37,74,12,167,80,6,86,253
09/13/2014,BTV,VT,ANE,EN,Combined TRACON& Tower with Radar,34,29,19,2,84,0,0,28,0,28,34,29,47,2,112,50,4,54,166
09/14/2014,BTV,VT,ANE,EN,Combined TRACON& Tower with Radar,40,35,25,0,100,0,1,28,1,30,40,36,53,1,130,96,0,96,226
09/15/2014,BTV,VT,ANE,EN,Combined TRACON& Tower with Radar,46,32,24,2,104,0,4,42,2,48,46,36,66,4,152,124,0,124,276
09/16/2014,BTV,VT,ANE,EN,Combined TRACON& Tower with Radar,47,32,26,12,117,0,0,24,5,29,47,32,50,17,146,122,12,134,280
09/17/2014,BTV,VT,ANE,EN,Combined TRACON& Tower with Radar,44,38,22,18,122,0,6,47,7,60,44,44,69,25,182,94,28,122,304
09/18/2014,BTV,VT,ANE,EN,Combined TRACON& Tower with Radar,42,42,29,23,136,0,0,33,2,35,42,42,62,25,171,196,30,226,397
09/19/2014,BTV,VT,ANE,EN,Combined TRACON& Tower with Radar,46,46,33,8,133,0,0,68,6,74,46,46,101,14,207,60,0,60,267
09/20/2014,BTV,VT,ANE,EN,Combined TRACON& Tower with Radar,30,42,13,2,87,0,0,9,0,9,30,42,22,2,96,2,4,6,102
09/21/2014,BTV,VT,ANE,EN,Combined TRACON& Tower with Radar,37,38,27,4,106,0,0,5,0,5,37,38,32,4,111,70,6,76,187
09/22/2014,BTV,VT,ANE,EN,Combined TRACON& Tower with Radar,40,37,16,1,94,0,0,28,3,31,40,37,44,4,125,58,0,58,183
09/23/2014,BTV,VT,ANE,EN,Combined TRACON& Tower with Radar,40,37,25,1,103,0,1,38,7,46,40,38,63,8,149,102,0,102,251
09/24/2014,BTV,VT,ANE,EN,Combined TRACON& Tower with Radar,40,31,25,6,102,0,1,43,7,51,40,32,68,13,153,178,0,178,331
09/25/2014,BTV,VT,ANE,EN,Combined TRACON& Tower with Radar,38,41,36,4,119,0,2,45,9,56,38,43,81,13,175,156,10,166,341
09/26/2014,BTV,VT,ANE,EN,Combined TRACON& Tower with Radar,34,44,36,4,118,0,8,80,5,93,34,52,116,9,211,160,0,160,371
09/27/2014,BTV,VT,ANE,EN,Combined TRACON& Tower with Radar,27,30,37,0,94,0,3,100,0,103,27,33,137,0,197,82,0,82,279
09/28/2014,BTV,VT,ANE,EN,Combined TRACON& Tower with Radar,33,38,22,0,93,0,2,84,0,86,33,40,106,0,179,104,0,104,283
09/29/2014,BTV,VT,ANE,EN,Combined TRACON& Tower with Radar,41,42,23,0,106,0,2,39,3,44,41,44,62,3,150,212,2,214,364
09/30/2014,BTV,VT,ANE,EN,Combined TRACON& Tower with Radar,39,42,24,0,105,0,0,43,1,44,39,42,67,1,149,153,8,161,310
10/01/2014,BTV,VT,ANE,EN,Combined TRACON& Tower with Radar,37,36,42,15,130,0,0,10,0,10,37,36,52,15,140,38,0,38,178
10/02/2014,BTV,VT,ANE,EN,Combined TRACON& Tower with Radar,35,32,29,14,110,0,1,56,8,65,35,33,85,22,175,234,10,244,419
10/03/2014,BTV,VT,ANE,EN,Combined TRACON& Tower with Radar,37,32,22,10,101,0,0,78,9,87,37,32,100,19,188,136,34,170,358
10/04/2014,BTV,VT,ANE,EN,Combined TRACON& Tower with Radar,30,30,13,0,73,0,0,1,0,1,30,30,14,0,74,0,0,0,74
10/05/2014,BTV,VT,ANE,EN,Combined TRACON& Tower with Radar,36,33,24,6,99,0,2,56,14,72,36,35,80,20,171,10,14,24,195
10/06/2014,BTV,VT,ANE,EN,Combined TRACON& Tower with Radar,40,34,19,0,93,0,1,39,3,43,40,35,58,3,136,14,0,14,150
10/07/2014,BTV,VT,ANE,EN,Combined TRACON& Tower with Radar,41,35,17,20,113,0,0,27,6,33,41,35,44,26,146,118,30,148,294
10/08/2014,BTV,VT,ANE,EN,Combined TRACON& Tower with Radar,34,32,38,22,126,0,1,24,8,33,34,33,62,30,159,10,0,10,169
10/09/2014,BTV,VT,ANE,EN,Combined TRACON& Tower with Radar,38,38,36,4,116,0,0,39,6,45,38,38,75,10,161,138,10,148,309
10/10/2014,BTV,VT,ANE,EN,Combined TRACON& Tower with Radar,42,43,46,2,133,0,0,53,0,53,42,43,99,2,186,170,0,170,356
10/11/2014,BTV,VT,ANE,EN,Combined TRACON& Tower with Radar,30,26,17,0,73,0,1,26,0,27,30,27,43,0,100,100,0,100,200
10/12/2014,BTV,VT,ANE,EN,Combined TRACON& Tower with Radar,37,35,32,0,104,0,5,82,0,87,37,40,114,0,191,74,0,74,265
10/13/2014,BTV,VT,ANE,EN,Combined TRACON& Tower with Radar,38,47,37,3,125,0,0,26,0,26,38,47,63,3,151,84,0,84,235
10/14/2014,BTV,VT,ANE,EN,Combined TRACON& Tower with Radar,37,39,27,26,129,0,2,91,10,103,37,41,118,36,232,0,0,0,232
10/15/2014,BTV,VT,ANE,EN,Combined TRACON& Tower with Radar,37,36,25,27,125,0,0,169,34,203,37,36,194,61,328,0,0,0,328
10/16/2014,BTV,VT,ANE,EN,Combined TRACON& Tower with Radar,39,39,23,12,113,0,0,5,1,6,39,39,28,13,119,74,0,74,193
10/17/2014,BTV,VT,ANE,EN,Combined TRACON& Tower with Radar,42,37,19,14,112,0,0,34,6,40,42,37,53,20,152,154,12,166,318
10/18/2014,BTV,VT,ANE,EN,Combined TRACON& Tower with Radar,32,32,20,1,85,0,0,6,0,6,32,32,26,1,91,34,0,34,125
10/19/2014,BTV,VT,ANE,EN,Combined TRACON& Tower with Radar,36,44,20,0,100,0,0,9,0,9,36,44,29,0,109,38,0,38,147
10/20/2014,BTV,VT,ANE,EN,Combined TRACON& Tower with Radar,41,31,27,3,102,0,1,44,5,50,41,32,71,8,152,84,0,84,236
10/21/2014,BTV,VT,ANE,EN,Combined TRACON& Tower with Radar,40,36,23,15,114,0,0,17,2,19,40,36,40,17,133,78,0,78,211
10/22/2014,BTV,VT,ANE,EN,Combined TRACON& Tower with Radar,38,39,22,10,109,0,0,1,0,1,38,39,23,10,110,10,0,10,120
10/23/2014,BTV,VT,ANE,EN,Combined TRACON& Tower with Radar,37,37,18,10,102,0,0,2,0,2,37,37,20,10,104,0,0,0,104
10/24/2014,BTV,VT,ANE,EN,Combined TRACON& Tower with Radar,42,45,28,8,123,0,0,2,1,3,42,45,30,9,126,0,0,0,126
10/25/2014,BTV,VT,ANE,EN,Combined TRACON& Tower with Radar,31,39,20,1,91,0,2,56,0,58,31,41,76,1,149,88,0,88,237
10/26/2014,BTV,VT,ANE,EN,Combined TRACON& Tower with Radar,38,34,38,0,110,0,0,8,0,8,38,34,46,0,118,20,0,20,138
10/27/2014,BTV,VT,ANE,EN,Combined TRACON& Tower with Radar,38,31,18,0,87,0,3,38,2,43,38,34,56,2,130,182,0,182,312
10/28/2014,BTV,VT,ANE,EN,Combined TRACON& Tower with Radar,36,26,21,19,102,0,1,175,17,193,36,27,196,36,295,0,0,0,295
10/29/2014,BTV,VT,ANE,EN,Combined TRACON& Tower with Radar,36,31,22,18,107,0,0,148,15,163,36,31,170,33,270,0,0,0,270
10/30/2014,BTV,VT,ANE,EN,Combined TRACON& Tower with Radar,40,30,29,19,118,0,0,53,11,64,40,30,82,30,182,184,6,190,372
10/31/2014,BTV,VT,ANE,EN,Combined TRACON& Tower with Radar,31,23,19,7,80,0,0,57,1,58,31,23,76,8,138,140,0,140,278
11/01/2014,BTV,VT,ANE,EN,Combined TRACON& Tower with Radar,26,25,8,11,70,0,0,4,5,9,26,25,12,16,79,22,0,22,101
11/02/2014,BTV,VT,ANE,EN,Combined TRACON& Tower with Radar,18,11,3,0,32,0,0,12,11,23,18,11,15,11,55,20,10,30,85
11/03/2014,BTV,VT,ANE,EN,Combined TRACON& Tower with Radar,29,31,16,12,88,0,0,51,5,56,29,31,67,17,144,50,6,56,200
11/04/2014,BTV,VT,ANE,EN,Combined TRACON& Tower with Radar,36,26,19,9,90,0,0,31,17,48,36,26,50,26,138,78,6,84,222
11/05/2014,BTV,VT,ANE,EN,Combined TRACON& Tower with Radar,37,31,11,11,90,0,5,15,20,40,37,36,26,31,130,70,4,74,204
11/06/2014,BTV,VT,ANE,EN,Combined TRACON& Tower with Radar,36,30,15,9,90,0,3,21,3,27,36,33,36,12,117,42,0,42,159
11/07/2014,BTV,VT,ANE,EN,Combined TRACON& Tower with Radar,38,29,19,14,100,0,0,0,0,0,38,29,19,14,100,0,0,0,100
11/08/2014,BTV,VT,ANE,EN,Combined TRACON& Tower with Radar,27,25,16,0,68,0,0,67,0,67,27,25,83,0,135,114,0,114,249
11/09/2014,BTV,VT,ANE,EN,Combined TRACON& Tower with Radar,40,28,17,0,85,0,2,37,0,39,40,30,54,0,124,70,0,70,194
11/10/2014,BTV,VT,ANE,EN,Combined TRACON& Tower with Radar,36,24,13,2,75,0,3,39,0,42,36,27,52,2,117,160,0,160,277
11/11/2014,BTV,VT,ANE,EN,Combined TRACON& Tower with Radar,38,27,16,2,83,0,2,69,0,71,38,29,85,2,154,0,0,0,154
11/12/2014,BTV,VT,ANE,EN,Combined TRACON& Tower with Radar,38,32,8,17,95,0,0,47,22,69,38,32,55,39,164,0,0,0,164
11/13/2014,BTV,VT,ANE,EN,Combined TRACON& Tower with Radar,38,32,21,12,103,0,4,40,9,53,38,36,61,21,156,200,21,221,377
11/14/2014,BTV,VT,ANE,EN,Combined TRACON& Tower with Radar,40,33,16,14,103,0,1,18,2,21,40,34,34,16,124,158,6,164,288
11/15/2014,BTV,VT,ANE,EN,Combined TRACON& Tower with Radar,26,24,16,0,66,0,0,70,0,70,26,24,86,0,136,118,0,118,254
11/16/2014,BTV,VT,ANE,EN,Combined TRACON& Tower with Radar,38,29,14,0,81,0,0,18,0,18,38,29,32,0,99,50,0,50,149
11/17/2014,BTV,VT,ANE,EN,Combined TRACON& Tower with Radar,33,24,8,0,65,0,0,0,0,0,33,24,8,0,65,0,0,0,65
11/18/2014,BTV,VT,ANE,EN,Combined TRACON& Tower with Radar,38,28,23,8,97,0,2,13,11,26,38,30,36,19,123,24,44,68,191
11/19/2014,BTV,VT,ANE,EN,Combined TRACON& Tower with Radar,38,25,21,20,104,0,6,35,7,48,38,31,56,27,152,96,8,104,256
11/20/2014,BTV,VT,ANE,EN,Combined TRACON& Tower with Radar,42,31,22,13,108,0,1,19,11,31,42,32,41,24,139,24,18,42,181
11/21/2014,BTV,VT,ANE,EN,Combined TRACON& Tower with Radar,38,28,18,8,92,0,6,32,2,40,38,34,50,10,132,78,16,94,226
11/22/2014,BTV,VT,ANE,EN,Combined TRACON& Tower with Radar,30,27,13,1,71,0,0,45,0,45,30,27,58,1,116,54,0,54,170
11/23/2014,BTV,VT,ANE,EN,Combined TRACON& Tower with Radar,37,19,14,0,70,0,0,12,0,12,37,19,26,0,82,26,0,26,108
11/24/2014,BTV,VT,ANE,EN,Combined TRACON& Tower with Radar,35,23,17,1,76,0,0,5,1,6,35,23,22,2,82,0,0,0,82
11/25/2014,BTV,VT,ANE,EN,Combined TRACON& Tower with Radar,39,41,22,12,114,0,1,37,14,52,39,42,59,26,166,0,0,0,166
11/26/2014,BTV,VT,ANE,EN,Combined TRACON& Tower with Radar,32,35,16,5,88,0,0,14,1,15,32,35,30,6,103,10,0,10,113
11/27/2014,BTV,VT,ANE,EN,Combined TRACON& Tower with Radar,22,18,4,0,44,0,0,8,0,8,22,18,12,0,52,12,0,12,64
11/28/2014,BTV,VT,ANE,EN,Combined TRACON& Tower with Radar,24,20,12,0,56,0,1,16,0,17,24,21,28,0,73,30,0,30,103
11/29/2014,BTV,VT,ANE,EN,Combined TRACON& Tower with Radar,38,32,28,0,98,0,1,51,0,52,38,33,79,0,150,72,0,72,222
11/30/2014,BTV,VT,ANE,EN,Combined TRACON& Tower with Radar,43,28,22,0,93,0,0,1,0,1,43,28,23,0,94,0,0,0,94
12/01/2014,BTV,VT,ANE,EN,Combined TRACON& Tower with Radar,38,32,14,1,85,0,0,11,0,11,38,32,25,1,96,58,0,58,154
12/02/2014,BTV,VT,ANE,EN,Combined TRACON& Tower with Radar,38,30,31,13,112,0,0,44,12,56,38,30,75,25,168,132,12,144,312
12/03/2014,BTV,VT,ANE,EN,Combined TRACON& Tower with Radar,33,33,21,10,97,0,0,0,0,0,33,33,21,10,97,8,0,8,105
12/04/2014,BTV,VT,ANE,EN,Combined TRACON& Tower with Radar,33,36,17,15,101,0,2,43,13,58,33,38,60,28,159,96,14,110,269
12/05/2014,BTV,VT,ANE,EN,Combined TRACON& Tower with Radar,30,33,15,12,90,0,1,41,17,59,30,34,56,29,149,38,14,52,201
12/06/2014,BTV,VT,ANE,EN,Combined TRACON& Tower with Radar,26,21,5,0,52,0,0,1,0,1,26,21,6,0,53,0,0,0,53
12/07/2014,BTV,VT,ANE,EN,Combined TRACON& Tower with Radar,30,29,10,2,71,0,1,26,5,32,30,30,36,7,103,10,6,16,119
12/08/2014,BTV,VT,ANE,EN,Combined TRACON& Tower with Radar,30,34,18,2,84,0,0,43,2,45,30,34,61,4,129,86,2,88,217
12/09/2014,BTV,VT,ANE,EN,Combined TRACON& Tower with Radar,23,27,8,2,60,0,2,30,0,32,23,29,38,2,92,0,0,0,92
12/10/2014,BTV,VT,ANE,EN,Combined TRACON& Tower with Radar,17,28,5,2,52,0,0,0,0,0,17,28,5,2,52,0,0,0,52
12/11/2014,BTV,VT,ANE,EN,Combined TRACON& Tower with Radar,25,35,4,1,65,0,0,0,0,0,25,35,4,1,65,0,0,0,65
12/12/2014,BTV,VT,ANE,EN,Combined TRACON& Tower with Radar,32,44,23,0,99,0,0,2,0,2,32,44,25,0,101,0,0,0,101
12/13/2014,BTV,VT,ANE,EN,Combined TRACON& Tower with Radar,25,20,9,3,57,0,0,19,0,19,25,20,28,3,76,106,0,106,182
12/14/2014,BTV,VT,ANE,EN,Combined TRACON& Tower with Radar,33,35,8,1,77,0,0,20,0,20,33,35,28,1,97,104,0,104,201
12/15/2014,BTV,VT,ANE,EN,Combined TRACON& Tower with Radar,31,37,22,2,92,0,0,16,6,22,31,37,38,8,114,78,18,96,210
12/16/2014,BTV,VT,ANE,EN,Combined TRACON& Tower with Radar,31,31,29,14,105,0,0,10,7,17,31,31,39,21,122,6,0,6,128
12/17/2014,BTV,VT,ANE,EN,Combined TRACON& Tower with Radar,33,32,15,5,85,0,0,0,0,0,33,32,15,5,85,0,0,0,85
12/18/2014,BTV,VT,ANE,EN,Combined TRACON& Tower with Radar,41,42,15,21,119,0,1,11,10,22,41,43,26,31,141,16,20,36,177
12/19/2014,BTV,VT,ANE,EN,Combined TRACON& Tower with Radar,39,53,22,2,116,0,1,31,1,33,39,54,53,3,149,90,2,92,241
12/20/2014,BTV,VT,ANE,EN,Combined TRACON& Tower with Radar,32,27,40,0,99,0,0,44,0,44,32,27,84,0,143,110,0,110,253
12/21/2014,BTV,VT,ANE,EN,Combined TRACON& Tower with Radar,42,29,12,0,83,0,0,10,0,10,42,29,22,0,93,92,0,92,185
12/22/2014,BTV,VT,ANE,EN,Combined TRACON& Tower with Radar,36,40,24,0,100,0,0,16,0,16,36,40,40,0,116,48,0,48,164
12/23/2014,BTV,VT,ANE,EN,Combined TRACON& Tower with Radar,34,35,9,8,86,0,0,25,6,31,34,35,34,14,117,0,0,0,117
12/24/2014,BTV,VT,ANE,EN,Combined TRACON& Tower with Radar,32,26,5,4,67,0,0,0,8,8,32,26,5,12,75,0,0,0,75
12/25/2014,BTV,VT,ANE,EN,Combined TRACON& Tower with Radar,32,16,4,0,52,0,0,2,0,2,32,16,6,0,54,6,0,6,60
12/26/2014,BTV,VT,ANE,EN,Combined TRACON& Tower with Radar,39,38,20,0,97,0,0,38,0,38,39,38,58,0,135,78,0,78,213
12/27/2014,BTV,VT,ANE,EN,Combined TRACON& Tower with Radar,32,33,22,0,87,0,2,32,0,34,32,35,54,0,121,26,0,26,147
12/28/2014,BTV,VT,ANE,EN,Combined TRACON& Tower with Radar,40,31,16,0,87,0,0,15,0,15,40,31,31,0,102,34,0,34,136
12/29/2014,BTV,VT,ANE,EN,Combined TRACON& Tower with Radar,40,33,10,0,83,0,0,35,3,38,40,33,45,3,121,56,0,56,177
12/30/2014,BTV,VT,ANE,EN,Combined TRACON& Tower with Radar,40,31,22,13,106,0,0,26,6,32,40,31,48,19,138,18,4,22,160
12/31/2014,BTV,VT,ANE,EN,Combined TRACON& Tower with Radar,35,23,11,7,76,0,0,18,0,18,35,23,29,7,94,62,8,70,164
01/01/2015,BTV,VT,ANE,EN,Combined TRACON& Tower with Radar,31,21,5,0,57,0,0,4,0,4,31,21,9,0,61,4,0,4,65
01/02/2015,BTV,VT,ANE,EN,Combined TRACON& Tower with Radar,37,35,20,9,101,0,1,17,1,19,37,36,37,10,120,34,6,40,160
01/03/2015,BTV,VT,ANE,EN,Combined TRACON& Tower with Radar,33,29,21,0,83,0,0,40,0,40,33,29,61,0,123,108,0,108,231
01/04/2015,BTV,VT,ANE,EN,Combined TRACON& Tower with Radar,33,38,20,0,91,0,0,0,0,0,33,38,20,0,91,0,0,0,91
01/05/2015,BTV,VT,ANE,EN,Combined TRACON& Tower with Radar,38,34,15,6,93,0,0,3,0,3,38,34,18,6,96,4,4,8,104
01/06/2015,BTV,VT,ANE,EN,Combined TRACON& Tower with Radar,31,24,12,21,88,0,0,24,10,34,31,24,36,31,122,0,0,0,122
01/07/2015,BTV,VT,ANE,EN,Combined TRACON& Tower with Radar,34,30,8,11,83,0,0,38,5,43,34,30,46,16,126,0,0,0,126
01/08/2015,BTV,VT,ANE,EN,Combined TRACON& Tower with Radar,37,28,11,14,90,0,1,5,8,14,37,29,16,22,104,0,0,0,104
01/09/2015,BTV,VT,ANE,EN,Combined TRACON& Tower with Radar,34,32,8,9,83,0,1,9,0,10,34,33,17,9,93,0,0,0,93
01/10/2015,BTV,VT,ANE,EN,Combined TRACON& Tower with Radar,29,22,4,21,76,0,0,22,19,41,29,22,26,40,117,50,20,70,187
01/11/2015,BTV,VT,ANE,EN,Combined TRACON& Tower with Radar,35,28,15,0,78,0,0,16,2,18,35,28,31,2,96,28,0,28,124
01/12/2015,BTV,VT,ANE,EN,Combined TRACON& Tower with Radar,34,23,8,0,65,0,0,1,0,1,34,23,9,0,66,0,0,0,66
01/13/2015,BTV,VT,ANE,EN,Combined TRACON& Tower with Radar,37,25,5,4,71,0,0,19,10,29,37,25,24,14,100,0,18,18,118
01/14/2015,BTV,VT,ANE,EN,Combined TRACON& Tower with Radar,36,31,15,8,90,0,0,20,12,32,36,31,35,20,122,26,16,42,164
01/15/2015,BTV,VT,ANE,EN,Combined TRACON& Tower with Radar,44,24,14,8,90,0,0,34,6,40,44,24,48,14,130,42,8,50,180
01/16/2015,BTV,VT,ANE,EN,Combined TRACON& Tower with Radar,39,35,12,0,86,0,0,11,0,11,39,35,23,0,97,0,0,0,97
01/17/2015,BTV,VT,ANE,EN,Combined TRACON& Tower with Radar,28,17,22,0,67,0,0,55,0,55,28,17,77,0,122,66,0,66,188
01/18/2015,BTV,VT,ANE,EN,Combined TRACON& Tower with Radar,31,18,7,0,56,0,0,3,0,3,31,18,10,0,59,14,0,14,73
01/19/2015,BTV,VT,ANE,EN,Combined TRACON& Tower with Radar,40,31,21,0,92,0,0,5,0,5,40,31,26,0,97,0,0,0,97
01/20/2015,BTV,VT,ANE,EN,Combined TRACON& Tower with Radar,41,26,22,0,89,0,0,23,2,25,41,26,45,2,114,30,2,32,146
01/21/2015,BTV,VT,ANE,EN,Combined TRACON& Tower with Radar,41,17,22,4,84,0,1,42,0,43,41,18,64,4,127,102,0,102,229
01/22/2015,BTV,VT,ANE,EN,Combined TRACON& Tower with Radar,42,24,23,14,103,0,2,20,8,30,42,26,43,22,133,12,28,40,173
01/23/2015,BTV,VT,ANE,EN,Combined TRACON& Tower with Radar,40,17,26,3,86,0,3,29,3,35,40,20,55,6,121,82,0,82,203
01/24/2015,BTV,VT,ANE,EN,Combined TRACON& Tower with Radar,26,18,14,0,58,0,0,18,1,19,26,18,32,1,77,82,0,82,159
01/25/2015,BTV,VT,ANE,EN,Combined TRACON& Tower with Radar,34,30,24,1,89,0,1,10,0,11,34,31,34,1,100,4,0,4,104
01/26/2015,BTV,VT,ANE,EN,Combined TRACON& Tower with Radar,24,26,13,12,75,0,0,22,10,32,24,26,35,22,107,12,12,24,131
01/27/2015,BTV,VT,ANE,EN,Combined TRACON& Tower with Radar,13,12,5,2,32,0,4,7,2,13,13,16,12,4,45,0,0,0,45
01/28/2015,BTV,VT,ANE,EN,Combined TRACON& Tower with Radar,37,31,15,1,84,0,4,27,5,36,37,35,42,6,120,72,0,72,192
01/29/2015,BTV,VT,ANE,EN,Combined TRACON& Tower with Radar,44,22,15,15,96,0,0,36,10,46,44,22,51,25,142,54,28,82,224
01/30/2015,BTV,VT,ANE,EN,Combined TRACON& Tower with Radar,37,36,13,7,93,0,0,2,0,2,37,36,15,7,95,0,0,0,95
01/31/2015,BTV,VT,ANE,EN,Combined TRACON& Tower with Radar,27,21,6,0,54,0,1,17,3,21,27,22,23,3,75,2,0,2,77
02/01/2015,BTV,VT,ANE,EN,Combined TRACON& Tower with Radar,30,29,11,0,70,0,3,11,0,14,30,32,22,0,84,104,0,104,188
02/02/2015,BTV,VT,ANE,EN,Combined TRACON& Tower with Radar,13,6,5,0,24,0,0,0,0,0,13,6,5,0,24,0,0,0,24
02/03/2015,BTV,VT,ANE,EN,Combined TRACON& Tower with Radar,30,31,26,2,89,0,1,66,9,76,30,32,92,11,165,0,0,0,165
02/04/2015,BTV,VT,ANE,EN,Combined TRACON& Tower with Radar,42,24,16,2,84,0,0,8,3,11,42,24,24,5,95,0,0,0,95
02/05/2015,BTV,VT,ANE,EN,Combined TRACON& Tower with Radar,43,25,21,4,93,0,0,19,15,34,43,25,40,19,127,6,4,10,137
02/06/2015,BTV,VT,ANE,EN,Combined TRACON& Tower with Radar,40,25,27,13,105,0,0,6,13,19,40,25,33,26,124,10,6,16,140
02/07/2015,BTV,VT,ANE,EN,Combined TRACON& Tower with Radar,29,18,9,0,56,0,0,13,0,13,29,18,22,0,69,0,0,0,69
02/08/2015,BTV,VT,ANE,EN,Combined TRACON& Tower with Radar,33,33,11,0,77,0,0,0,0,0,33,33,11,0,77,0,0,0,77
02/09/2015,BTV,VT,ANE,EN,Combined TRACON& Tower with Radar,24,27,6,0,57,0,0,3,0,3,24,27,9,0,60,28,6,34,94
02/10/2015,BTV,VT,ANE,EN,Combined TRACON& Tower with Radar,38,28,14,2,82,0,1,14,13,28,38,29,28,15,110,14,6,20,130
02/11/2015,BTV,VT,ANE,EN,Combined TRACON& Tower with Radar,43,21,19,2,85,0,1,37,17,55,43,22,56,19,140,48,0,48,188
02/12/2015,BTV,VT,ANE,EN,Combined TRACON& Tower with Radar,50,37,26,0,113,0,0,4,3,7,50,37,30,3,120,16,16,32,152
02/13/2015,BTV,VT,ANE,EN,Combined TRACON& Tower with Radar,47,24,20,5,96,0,5,18,4,27,47,29,38,9,123,0,26,26,149
02/14/2015,BTV,VT,ANE,EN,Combined TRACON& Tower with Radar,30,33,8,7,78,0,0,4,0,4,30,33,12,7,82,0,0,0,82
02/15/2015,BTV,VT,ANE,EN,Combined TRACON& Tower with Radar,21,22,11,0,54,0,0,0,0,0,21,22,11,0,54,0,0,0,54
02/16/2015,BTV,VT,ANE,EN,Combined TRACON& Tower with Radar,41,35,23,0,99,0,1,14,0,15,41,36,37,0,114,0,0,0,114
02/17/2015,BTV,VT,ANE,EN,Combined TRACON& Tower with Radar,38,26,12,1,77,0,1,74,6,81,38,27,86,7,158,0,0,0,158
02/18/2015,BTV,VT,ANE,EN,Combined TRACON& Tower with Radar,45,35,13,12,105,0,2,19,4,25,45,37,32,16,130,94,12,106,236
02/19/2015,BTV,VT,ANE,EN,Combined TRACON& Tower with Radar,45,31,11,1,88,0,1,0,0,1,45,32,11,1,89,0,0,0,89
02/20/2015,BTV,VT,ANE,EN,Combined TRACON& Tower with Radar,45,28,16,5,94,0,2,19,1,22,45,30,35,6,116,40,16,56,172
02/21/2015,BTV,VT,ANE,EN,Combined TRACON& Tower with Radar,30,27,9,0,66,0,0,5,3,8,30,27,14,3,74,0,0,0,74
02/22/2015,BTV,VT,ANE,EN,Combined TRACON& Tower with Radar,31,31,30,0,92,0,0,10,0,10,31,31,40,0,102,34,0,34,136
02/23/2015,BTV,VT,ANE,EN,Combined TRACON& Tower with Radar,39,25,18,4,86,0,0,12,2,14,39,25,30,6,100,4,0,4,104
02/24/2015,BTV,VT,ANE,EN,Combined TRACON& Tower with Radar,43,28,26,5,102,0,1,14,12,27,43,29,40,17,129,28,8,36,165
02/25/2015,BTV,VT,ANE,EN,Combined TRACON& Tower with Radar,46,25,16,4,91,0,0,20,2,22,46,25,36,6,113,17,6,23,136
02/26/2015,BTV,VT,ANE,EN,Combined TRACON& Tower with Radar,47,33,15,38,133,0,0,29,9,38,47,33,44,47,171,48,40,88,259
02/27/2015,BTV,VT,ANE,EN,Combined TRACON& Tower with Radar,50,32,33,14,129,0,1,57,3,61,50,33,90,17,190,80,12,92,282
02/28/2015,BTV,VT,ANE,EN,Combined TRACON& Tower with Radar,38,23,13,0,74,0,0,46,0,46,38,23,59,0,120,44,0,44,164
03/01/2015,BTV,VT,ANE,EN,Combined TRACON& Tower with Radar,32,31,19,0,82,0,0,17,0,17,32,31,36,0,99,34,0,34,133
03/02/2015,BTV,VT,ANE,EN,Combined TRACON& Tower with Radar,39,29,10,5,83,0,0,1,0,1,39,29,11,5,84,0,2,2,86
03/03/2015,BTV,VT,ANE,EN,Combined TRACON& Tower with Radar,37,24,18,29,108,0,1,11,2,14,37,25,29,31,122,44,34,78,200
03/04/2015,BTV,VT,ANE,EN,Combined TRACON& Tower with Radar,41,32,17,28,118,0,0,5,6,11,41,32,22,34,129,29,14,43,172
03/05/2015,BTV,VT,ANE,EN,Combined TRACON& Tower with Radar,21,23,20,13,77,0,0,14,9,23,21,23,34,22,100,66,6,72,172
03/06/2015,BTV,VT,ANE,EN,Combined TRACON& Tower with Radar,33,44,16,25,118,0,0,43,2,45,33,44,59,27,163,134,10,144,307
03/07/2015,BTV,VT,ANE,EN,Combined TRACON& Tower with Radar,30,27,10,17,84,0,0,28,17,45,30,27,38,34,129,62,18,80,209
03/08/2015,BTV,VT,ANE,EN,Combined TRACON& Tower with Radar,38,30,23,2,93,0,0,12,7,19,38,30,35,9,112,40,0,40,152
03/09/2015,BTV,VT,ANE,EN,Combined TRACON& Tower with Radar,39,35,9,4,87,0,0,28,0,28,39,35,37,4,115,56,2,58,173
03/10/2015,BTV,VT,ANE,EN,Combined TRACON& Tower with Radar,41,30,24,8,103,0,0,44,6,50,41,30,68,14,153,26,6,32,185
03/11/2015,BTV,VT,ANE,EN,Combined TRACON& Tower with Radar,39,30,17,12,98,0,0,24,7,31,39,30,41,19,129,42,4,46,175
03/12/2015,BTV,VT,ANE,EN,Combined TRACON& Tower with Radar,36,39,14,10,99,0,3,17,15,35,36,42,31,25,134,26,6,32,166
03/13/2015,BTV,VT,ANE,EN,Combined TRACON& Tower with Radar,43,32,21,9,105,0,1,19,4,24,43,33,40,13,129,0,0,0,129
03/14/2015,BTV,VT,ANE,EN,Combined TRACON& Tower with Radar,26,27,7,0,60,0,0,11,0,11,26,27,18,0,71,36,0,36,107
03/15/2015,BTV,VT,ANE,EN,Combined TRACON& Tower with Radar,33,33,17,1,84,0,0,0,0,0,33,33,17,1,84,0,0,0,84
03/16/2015,BTV,VT,ANE,EN,Combined TRACON& Tower with Radar,39,29,19,21,108,0,2,19,0,21,39,31,38,21,129,54,22,76,205
03/17/2015,BTV,VT,ANE,EN,Combined TRACON& Tower with Radar,38,32,5,21,96,0,0,20,2,22,38,32,25,23,118,0,0,0,118
03/18/2015,BTV,VT,ANE,EN,Combined TRACON& Tower with Radar,34,34,22,14,104,0,0,25,9,34,34,34,47,23,138,0,0,0,138
03/19/2015,BTV,VT,ANE,EN,Combined TRACON& Tower with Radar,43,37,21,16,117,0,7,47,8,62,43,44,68,24,179,30,22,52,231
03/20/2015,BTV,VT,ANE,EN,Combined TRACON& Tower with Radar,35,20,10,15,80,0,0,28,3,31,35,20,38,18,111,34,10,44,155
03/21/2015,BTV,VT,ANE,EN,Combined TRACON& Tower with Radar,32,26,11,2,71,0,0,11,0,11,32,26,22,2,82,8,0,8,90
03/22/2015,BTV,VT,ANE,EN,Combined TRACON& Tower with Radar,36,28,8,0,72,0,0,9,0,9,36,28,17,0,81,4,0,4,85
03/23/2015,BTV,VT,ANE,EN,Combined TRACON& Tower with Radar,42,29,18,4,93,0,0,37,9,46,42,29,55,13,139,124,0,124,263
03/24/2015,BTV,VT,ANE,EN,Combined TRACON& Tower with Radar,39,35,29,21,124,0,1,34,11,46,39,36,63,32,170,70,16,86,256
03/25/2015,BTV,VT,ANE,EN,Combined TRACON& Tower with Radar,39,38,15,28,120,0,3,12,12,27,39,41,27,40,147,164,10,174,321
03/26/2015,BTV,VT,ANE,EN,Combined TRACON& Tower with Radar,38,27,17,2,84,0,0,10,1,11,38,27,27,3,95,72,0,72,167
03/27/2015,BTV,VT,ANE,EN,Combined TRACON& Tower with Radar,38,30,16,10,94,0,0,4,0,4,38,30,20,10,98,0,0,0,98
03/28/2015,BTV,VT,ANE,EN,Combined TRACON& Tower with Radar,30,29,13,0,72,0,1,11,0,12,30,30,24,0,84,24,0,24,108
03/29/2015,BTV,VT,ANE,EN,Combined TRACON& Tower with Radar,41,47,24,0,112,0,1,67,0,68,41,48,91,0,180,90,0,90,270
03/30/2015,BTV,VT,ANE,EN,Combined TRACON& Tower with Radar,40,30,16,1,87,0,0,8,0,8,40,30,24,1,95,44,0,44,139
03/31/2015,BTV,VT,ANE,EN,Combined TRACON& Tower with Radar,39,36,27,9,111,0,0,185,40,225,39,36,212,49,336,0,0,0,336
04/01/2015,BTV,VT,ANE,EN,Combined TRACON& Tower with Radar,40,35,25,14,114,0,4,212,15,231,40,39,237,29,345,0,0,0,345
04/02/2015,BTV,VT,ANE,EN,Combined TRACON& Tower with Radar,38,33,19,12,102,0,5,26,11,42,38,38,45,23,144,38,4,42,186
04/03/2015,BTV,VT,ANE,EN,Combined TRACON& Tower with Radar,38,30,18,8,94,0,0,30,4,34,38,30,48,12,128,88,6,94,222
04/04/2015,BTV,VT,ANE,EN,Combined TRACON& Tower with Radar,27,25,9,0,61,0,0,10,0,10,27,25,19,0,71,42,0,42,113
04/05/2015,BTV,VT,ANE,EN,Combined TRACON& Tower with Radar,35,29,20,0,84,0,0,19,0,19,35,29,39,0,103,4,0,4,107
04/06/2015,BTV,VT,ANE,EN,Combined TRACON& Tower with Radar,40,35,19,2,96,0,0,15,0,15,40,35,34,2,111,0,0,0,111
04/07/2015,BTV,VT,ANE,EN,Combined TRACON& Tower with Radar,35,27,24,24,110,0,0,31,9,40,35,27,55,33,150,76,18,94,244
04/08/2015,BTV,VT,ANE,EN,Combined TRACON& Tower with Radar,33,38,26,21,118,0,3,30,4,37,33,41,56,25,155,122,36,158,313
04/09/2015,BTV,VT,ANE,EN,Combined TRACON& Tower with Radar,37,32,16,27,112,0,0,20,4,24,37,32,36,31,136,52,18,70,206
04/10/2015,BTV,VT,ANE,EN,Combined TRACON& Tower with Radar,38,39,23,10,110,0,0,2,0,2,38,39,25,10,112,0,0,0,112
04/11/2015,BTV,VT,ANE,EN,Combined TRACON& Tower with Radar,27,30,24,12,93,0,0,9,12,21,27,30,33,24,114,12,20,32,146
04/12/2015,BTV,VT,ANE,EN,Combined TRACON& Tower with Radar,29,27,26,1,83,0,1,64,8,73,29,28,90,9,156,110,0,110,266
04/13/2015,BTV,VT,ANE,EN,Combined TRACON& Tower with Radar,32,30,23,3,88,0,6,37,0,43,32,36,60,3,131,92,8,100,231
04/14/2015,BTV,VT,ANE,EN,Combined TRACON& Tower with Radar,45,20,27,13,105,0,0,55,30,85,45,20,82,43,190,0,0,0,190
04/15/2015,BTV,VT,ANE,EN,Combined TRACON& Tower with Radar,37,29,20,21,107,0,1,140,49,190,37,30,160,70,297,0,0,0,297
04/16/2015,BTV,VT,ANE,EN,Combined TRACON& Tower with Radar,39,38,35,23,135,0,4,63,4,71,39,42,98,27,206,44,22,66,272
04/17/2015,BTV,VT,ANE,EN,Combined TRACON& Tower with Radar,35,42,29,21,127,0,1,23,1,25,35,43,52,22,152,14,14,28,180
04/18/2015,BTV,VT,ANE,EN,Combined TRACON& Tower with Radar,26,35,12,2,75,0,0,36,0,36,26,35,48,2,111,138,0,138,249
04/19/2015,BTV,VT,ANE,EN,Combined TRACON& Tower with Radar,31,24,28,0,83,0,0,47,0,47,31,24,75,0,130,112,0,112,242
04/20/2015,BTV,VT,ANE,EN,Combined TRACON& Tower with Radar,25,24,5,2,56,0,0,8,1,9,25,24,13,3,65,0,0,0,65
04/21/2015,BTV,VT,ANE,EN,Combined TRACON& Tower with Radar,37,31,17,12,97,0,0,5,3,8,37,31,22,15,105,0,0,0,105
04/22/2015,BTV,VT,ANE,EN,Combined TRACON& Tower with Radar,36,26,19,18,99,0,2,17,1,20,36,28,36,19,119,48,8,56,175
04/23/2015,BTV,VT,ANE,EN,Combined TRACON& Tower with Radar,39,28,18,14,99,0,4,18,10,32,39,32,36,24,131,6,34,40,171
04/24/2015,BTV,VT,ANE,EN,Combined TRACON& Tower with Radar,39,29,16,9,93,0,2,19,1,22,39,31,35,10,115,66,0,66,181
04/25/2015,BTV,VT,ANE,EN,Combined TRACON& Tower with Radar,27,37,13,1,78,0,1,30,0,31,27,38,43,1,109,36,0,36,145
04/26/2015,BTV,VT,ANE,EN,Combined TRACON& Tower with Radar,32,27,26,0,85,0,0,24,0,24,32,27,50,0,109,130,0,130,239
04/27/2015,BTV,VT,ANE,EN,Combined TRACON& Tower with Radar,36,36,14,2,88,0,1,7,0,8,36,37,21,2,96,30,0,30,126
04/28/2015,BTV,VT,ANE,EN,Combined TRACON& Tower with Radar,37,26,21,14,98,0,0,40,53,93,37,26,61,67,191,26,18,44,235
04/29/2015,BTV,VT,ANE,EN,Combined TRACON& Tower with Radar,35,35,20,14,104,0,2,50,6,58,35,37,70,20,162,178,12,190,352
04/30/2015,BTV,VT,ANE,EN,Combined TRACON& Tower with Radar,36,36,25,14,111,0,3,43,8,54,36,39,68,22,165,76,12,88,253
05/01/2015,BTV,VT,ANE,EN,Combined TRACON& Tower with Radar,37,42,14,12,105,0,2,40,5,47,37,44,54,17,152,90,24,114,266
05/02/2015,BTV,VT,ANE,EN,Combined TRACON& Tower with Radar,26,26,6,21,79,0,3,51,11,65,26,29,57,32,144,58,122,180,324
05/03/2015,BTV,VT,ANE,EN,Combined TRACON& Tower with Radar,29,27,12,1,69,0,2,73,4,79,29,29,85,5,148,56,6,62,210
05/04/2015,BTV,VT,ANE,EN,Combined TRACON& Tower with Radar,37,31,25,2,95,0,1,42,0,43,37,32,67,2,138,38,0,38,176
05/05/2015,BTV,VT,ANE,EN,Combined TRACON& Tower with Radar,38,25,21,15,99,0,4,48,8,60,38,29,69,23,159,142,42,184,343
05/06/2015,BTV,VT,ANE,EN,Combined TRACON& Tower with Radar,37,25,26,13,101,0,3,48,8,59,37,28,74,21,160,114,2,116,276
05/07/2015,BTV,VT,ANE,EN,Combined TRACON& Tower with Radar,36,27,34,15,112,0,1,64,11,76,36,28,98,26,188,128,0,128,316
05/08/2015,BTV,VT,ANE,EN,Combined TRACON& Tower with Radar,34,31,27,13,105,0,5,64,7,76,34,36,91,20,181,84,6,90,271
05/09/2015,BTV,VT,ANE,EN,Combined TRACON& Tower with Radar,23,22,30,0,75,0,0,29,0,29,23,22,59,0,104,80,0,80,184
05/10/2015,BTV,VT,ANE,EN,Combined TRACON& Tower with Radar,27,29,30,0,86,0,0,5,0,5,27,29,35,0,91,38,0,38,129
05/11/2015,BTV,VT,ANE,EN,Combined TRACON& Tower with Radar,29,28,18,2,77,0,0,0,0,0,29,28,18,2,77,2,0,2,79
05/12/2015,BTV,VT,ANE,EN,Combined TRACON& Tower with Radar,34,31,17,15,97,0,1,10,2,13,34,32,27,17,110,10,14,24,134
05/13/2015,BTV,VT,ANE,EN,Combined TRACON& Tower with Radar,32,33,34,16,115,0,5,32,1,38,32,38,66,17,153,72,8,80,233
05/14/2015,BTV,VT,ANE,EN,Combined TRACON& Tower with Radar,39,33,13,18,103,1,4,64,16,85,40,37,77,34,188,68,28,96,284
05/15/2015,BTV,VT,ANE,EN,Combined TRACON& Tower with Radar,33,31,30,19,113,0,7,42,7,56,33,38,72,26,169,50,12,62,231
05/16/2015,BTV,VT,ANE,EN,Combined TRACON& Tower with Radar,27,30,24,0,81,0,0,23,0,23,27,30,47,0,104,88,0,88,192
05/17/2015,BTV,VT,ANE,EN,Combined TRACON& Tower with Radar,30,43,29,0,102,0,0,35,0,35,30,43,64,0,137,68,0,68,205
05/18/2015,BTV,VT,ANE,EN,Combined TRACON& Tower with Radar,30,31,11,10,82,0,0,31,5,36,30,31,42,15,118,42,14,56,174
05/19/2015,BTV,VT,ANE,EN,Combined TRACON& Tower with Radar,36,28,29,10,103,0,0,17,7,24,36,28,46,17,127,32,12,44,171
05/20/2015,BTV,VT,ANE,EN,Combined TRACON& Tower with Radar,36,31,25,22,114,0,1,34,21,56,36,32,59,43,170,126,18,144,314
05/21/2015,BTV,VT,ANE,EN,Combined TRACON& Tower with Radar,40,39,22,10,111,0,2,36,5,43,40,41,58,15,154,80,10,90,244
05/22/2015,BTV,VT,ANE,EN,Combined TRACON& Tower with Radar,34,37,39,0,110,0,1,27,0,28,34,38,66,0,138,50,0,50,188
05/23/2015,BTV,VT,ANE,EN,Combined TRACON& Tower with Radar,27,20,17,0,64,0,1,43,0,44,27,21,60,0,108,86,0,86,194
05/24/2015,BTV,VT,ANE,EN,Combined TRACON& Tower with Radar,27,20,19,0,66,0,0,29,0,29,27,20,48,0,95,42,0,42,137
05/25/2015,BTV,VT,ANE,EN,Combined TRACON& Tower with Radar,35,29,24,2,90,0,1,42,0,43,35,30,66,2,133,72,0,72,205
05/26/2015,BTV,VT,ANE,EN,Combined TRACON& Tower with Radar,37,22,14,12,85,0,0,31,3,34,37,22,45,15,119,68,4,72,191
05/27/2015,BTV,VT,ANE,EN,Combined TRACON& Tower with Radar,30,24,11,5,70,0,1,15,4,20,30,25,26,9,90,24,12,36,126
05/28/2015,BTV,VT,ANE,EN,Combined TRACON& Tower with Radar,38,32,29,4,103,0,2,15,6,23,38,34,44,10,126,34,0,34,160
05/29/2015,BTV,VT,ANE,EN,Combined TRACON& Tower with Radar,38,37,32,4,111,0,3,71,7,81,38,40,103,11,192,98,4,102,294
05/30/2015,BTV,VT,ANE,EN,Combined TRACON& Tower with Radar,28,19,19,0,66,0,0,16,0,16,28,19,35,0,82,38,0,38,120
05/31/2015,BTV,VT,ANE,EN,Combined TRACON& Tower with Radar,24,30,32,0,86,0,0,4,0,4,24,30,36,0,90,6,0,6,96
06/01/2015,BTV,VT,ANE,EN,Combined TRACON& Tower with Radar,23,27,34,2,86,0,0,7,0,7,23,27,41,2,93,30,0,30,123
06/02/2015,BTV,VT,ANE,EN,Combined TRACON& Tower with Radar,32,31,32,14,109,0,0,21,6,27,32,31,53,20,136,0,0,0,136
06/03/2015,BTV,VT,ANE,EN,Combined TRACON& Tower with Radar,33,35,30,14,112,0,3,55,8,66,33,38,85,22,178,108,8,116,294
06/04/2015,BTV,VT,ANE,EN,Combined TRACON& Tower with Radar,38,34,39,6,117,0,4,52,6,62,38,38,91,12,179,92,0,92,271
06/05/2015,BTV,VT,ANE,EN,Combined TRACON& Tower with Radar,39,29,36,2,106,0,1,25,0,26,39,30,61,2,132,42,0,42,174
06/06/2015,BTV,VT,ANE,EN,Combined TRACON& Tower with Radar,33,29,22,0,84,0,0,43,0,43,33,29,65,0,127,44,0,44,171
06/07/2015,BTV,VT,ANE,EN,Combined TRACON& Tower with Radar,34,35,18,0,87,0,1,61,1,63,34,36,79,1,150,36,0,36,186
06/08/2015,BTV,VT,ANE,EN,Combined TRACON& Tower with Radar,36,31,12,4,83,0,0,6,0,6,36,31,18,4,89,6,0,6,95
06/09/2015,BTV,VT,ANE,EN,Combined TRACON& Tower with Radar,37,30,21,6,94,0,0,8,0,8,37,30,29,6,102,32,0,32,134
06/10/2015,BTV,VT,ANE,EN,Combined TRACON& Tower with Radar,43,31,25,3,102,0,0,44,5,49,43,31,69,8,151,112,2,114,265
06/11/2015,BTV,VT,ANE,EN,Combined TRACON& Tower with Radar,38,40,21,9,108,0,1,51,10,62,38,41,72,19,170,104,4,108,278
06/12/2015,BTV,VT,ANE,EN,Combined TRACON& Tower with Radar,36,28,42,11,117,0,0,36,2,38,36,28,78,13,155,54,14,68,223
06/13/2015,BTV,VT,ANE,EN,Combined TRACON& Tower with Radar,30,39,22,0,91,0,0,48,0,48,30,39,70,0,139,74,0,74,213
06/14/2015,BTV,VT,ANE,EN,Combined TRACON& Tower with Radar,30,34,48,2,114,0,1,43,0,44,30,35,91,2,158,122,0,122,280
06/15/2015,BTV,VT,ANE,EN,Combined TRACON& Tower with Radar,39,28,31,4,102,0,0,16,0,16,39,28,47,4,118,28,0,28,146
06/16/2015,BTV,VT,ANE,EN,Combined TRACON& Tower with Radar,37,37,34,2,110,0,1,4,6,11,37,38,38,8,121,10,0,10,131
06/17/2015,BTV,VT,ANE,EN,Combined TRACON& Tower with Radar,33,31,26,5,95,0,4,59,8,71,33,35,85,13,166,42,2,44,210
06/18/2015,BTV,VT,ANE,EN,Combined TRACON& Tower with Radar,32,32,27,4,95,0,0,24,9,33,32,32,51,13,128,12,2,14,142
06/19/2015,BTV,VT,ANE,EN,Combined TRACON& Tower with Radar,39,35,27,8,109,0,1,31,9,41,39,36,58,17,150,60,14,74,224
06/20/2015,BTV,VT,ANE,EN,Combined TRACON& Tower with Radar,30,37,23,0,90,0,1,59,3,63,30,38,82,3,153,34,2,36,189
06/21/2015,BTV,VT,ANE,EN,Combined TRACON& Tower with Radar,33,36,27,0,96,0,0,5,0,5,33,36,32,0,101,0,0,0,101
06/22/2015,BTV,VT,ANE,EN,Combined TRACON& Tower with Radar,36,38,33,4,111,0,0,41,4,45,36,38,74,8,156,82,2,84,240
06/23/2015,BTV,VT,ANE,EN,Combined TRACON& Tower with Radar,31,22,23,2,78,0,0,12,3,15,31,22,35,5,93,44,0,44,137
06/24/2015,BTV,VT,ANE,EN,Combined TRACON& Tower with Radar,40,26,32,13,111,0,0,70,12,82,40,26,102,25,193,94,8,102,295
06/25/2015,BTV,VT,ANE,EN,Combined TRACON& Tower with Radar,39,35,36,10,120,0,0,41,6,47,39,35,77,16,167,64,0,64,231
06/26/2015,BTV,VT,ANE,EN,Combined TRACON& Tower with Radar,38,38,29,7,112,0,2,63,6,71,38,40,92,13,183,38,8,46,229
06/27/2015,BTV,VT,ANE,EN,Combined TRACON& Tower with Radar,31,33,29,3,96,0,1,42,4,47,31,34,71,7,143,98,0,98,241
06/28/2015,BTV,VT,ANE,EN,Combined TRACON& Tower with Radar,35,36,14,2,87,0,0,1,0,1,35,36,15,2,88,0,0,0,88
06/29/2015,BTV,VT,ANE,EN,Combined TRACON& Tower with Radar,37,36,34,4,111,0,0,66,1,67,37,36,100,5,178,72,0,72,250
06/30/2015,BTV,VT,ANE,EN,Combined TRACON& Tower with Radar,34,24,25,20,103,0,3,23,4,30,34,27,48,24,133,8,18,26,159
07/01/2015,BTV,VT,ANE,EN,Combined TRACON& Tower with Radar,43,33,27,3,106,0,1,8,2,11,43,34,35,5,117,18,0,18,135
07/02/2015,BTV,VT,ANE,EN,Combined TRACON& Tower with Radar,42,40,25,6,113,0,3,53,4,60,42,43,78,10,173,130,0,130,303
07/03/2015,BTV,VT,ANE,EN,Combined TRACON& Tower with Radar,28,30,16,0,74,0,1,61,0,62,28,31,77,0,136,64,0,64,200
07/04/2015,BTV,VT,ANE,EN,Combined TRACON& Tower with Radar,20,26,30,0,76,0,1,33,0,34,20,27,63,0,110,12,0,12,122
07/05/2015,BTV,VT,ANE,EN,Combined TRACON& Tower with Radar,34,48,35,0,117,0,0,48,0,48,34,48,83,0,165,56,0,56,221
07/06/2015,BTV,VT,ANE,EN,Combined TRACON& Tower with Radar,32,38,19,2,91,0,4,61,0,65,32,42,80,2,156,166,0,166,322
07/07/2015,BTV,VT,ANE,EN,Combined TRACON& Tower with Radar,28,41,31,5,105,0,0,29,5,34,28,41,60,10,139,58,2,60,199
07/08/2015,BTV,VT,ANE,EN,Combined TRACON& Tower with Radar,28,36,23,6,93,0,2,31,5,38,28,38,54,11,131,46,8,54,185
07/09/2015,BTV,VT,ANE,EN,Combined TRACON& Tower with Radar,36,36,28,10,110,0,0,42,5,47,36,36,70,15,157,114,4,118,275
07/10/2015,BTV,VT,ANE,EN,Combined TRACON& Tower with Radar,34,32,30,6,102,0,2,53,2,57,34,34,83,8,159,56,14,70,229
07/11/2015,BTV,VT,ANE,EN,Combined TRACON& Tower with Radar,27,36,13,0,76,0,0,64,2,66,27,36,77,2,142,64,0,64,206
07/12/2015,BTV,VT,ANE,EN,Combined TRACON& Tower with Radar,37,32,24,0,93,0,1,58,0,59,37,33,82,0,152,60,0,60,212
07/13/2015,BTV,VT,ANE,EN,Combined TRACON& Tower with Radar,31,35,23,6,95,0,2,22,4,28,31,37,45,10,123,30,0,30,153
07/14/2015,BTV,VT,ANE,EN,Combined TRACON& Tower with Radar,30,38,22,5,95,0,0,25,6,31,30,38,47,11,126,40,12,52,178
07/15/2015,BTV,VT,ANE,EN,Combined TRACON& Tower with Radar,30,36,25,12,103,0,1,22,5,28,30,37,47,17,131,72,64,136,267
07/16/2015,BTV,VT,ANE,EN,Combined TRACON& Tower with Radar,33,44,34,9,120,0,9,59,6,74,33,53,93,15,194,114,6,120,314
07/17/2015,BTV,VT,ANE,EN,Combined TRACON& Tower with Radar,29,46,31,6,112,0,0,46,10,56,29,46,77,16,168,10,0,10,178
07/18/2015,BTV,VT,ANE,EN,Combined TRACON& Tower with Radar,25,49,17,0,91,0,1,12,0,13,25,50,29,0,104,10,0,10,114
07/19/2015,BTV,VT,ANE,EN,Combined TRACON& Tower with Radar,39,48,24,0,111,0,0,14,0,14,39,48,38,0,125,16,0,16,141
07/20/2015,BTV,VT,ANE,EN,Combined TRACON& Tower with Radar,32,37,32,0,101,0,1,52,0,53,32,38,84,0,154,166,0,166,320
07/21/2015,BTV,VT,ANE,EN,Combined TRACON& Tower with Radar,30,36,23,7,96,0,1,71,34,106,30,37,94,41,202,0,0,0,202
07/22/2015,BTV,VT,ANE,EN,Combined TRACON& Tower with Radar,35,31,23,7,96,0,0,26,3,29,35,31,49,10,125,96,4,100,225
07/23/2015,BTV,VT,ANE,EN,Combined TRACON& Tower with Radar,35,42,20,5,102,0,3,56,6,65,35,45,76,11,167,50,0,50,217
07/24/2015,BTV,VT,ANE,EN,Combined TRACON& Tower with Radar,36,42,45,11,134,0,1,27,0,28,36,43,72,11,162,73,8,81,243
07/25/2015,BTV,VT,ANE,EN,Combined TRACON& Tower with Radar,29,37,23,4,93,0,4,66,4,74,29,41,89,8,167,122,2,124,291
07/26/2015,BTV,VT,ANE,EN,Combined TRACON& Tower with Radar,32,40,25,2,99,0,0,21,9,30,32,40,46,11,129,96,0,96,225
07/27/2015,BTV,VT,ANE,EN,Combined TRACON& Tower with Radar,30,42,35,7,114,0,2,40,9,51,30,44,75,16,165,114,2,116,281
07/28/2015,BTV,VT,ANE,EN,Combined TRACON& Tower with Radar,32,40,24,12,108,0,5,50,12,67,32,45,74,24,175,58,36,94,269
07/29/2015,BTV,VT,ANE,EN,Combined TRACON& Tower with Radar,36,28,25,4,93,0,0,43,5,48,36,28,68,9,141,38,0,38,179
07/30/2015,BTV,VT,ANE,EN,Combined TRACON& Tower with Radar,29,33,27,1,90,0,2,19,5,26,29,35,46,6,116,30,0,30,146
07/31/2015,BTV,VT,ANE,EN,Combined TRACON& Tower with Radar,33,43,27,8,111,0,0,59,3,62,33,43,86,11,173,66,36,102,275
08/01/2015,BTV,VT,ANE,EN,Combined TRACON& Tower with Radar,26,41,17,2,86,0,1,25,7,33,26,42,42,9,119,24,0,24,143
08/02/2015,BTV,VT,ANE,EN,Combined TRACON& Tower with Radar,34,41,30,0,105,0,1,62,0,63,34,42,92,0,168,35,0,35,203
08/03/2015,BTV,VT,ANE,EN,Combined TRACON& Tower with Radar,31,43,22,1,97,0,4,19,9,32,31,47,41,10,129,34,0,34,163
08/04/2015,BTV,VT,ANE,EN,Combined TRACON& Tower with Radar,32,37,32,7,108,0,1,98,11,110,32,38,130,18,218,0,0,0,218
08/05/2015,BTV,VT,ANE,EN,Combined TRACON& Tower with Radar,33,43,29,3,108,0,1,127,8,136,33,44,156,11,244,0,0,0,244
08/06/2015,BTV,VT,ANE,EN,Combined TRACON& Tower with Radar,39,40,27,11,117,0,2,38,8,48,39,42,65,19,165,34,0,34,199
08/07/2015,BTV,VT,ANE,EN,Combined TRACON& Tower with Radar,36,45,37,11,129,0,0,66,2,68,36,45,103,13,197,88,6,94,291
08/08/2015,BTV,VT,ANE,EN,Combined TRACON& Tower with Radar,26,38,25,2,91,0,3,38,0,41,26,41,63,2,132,60,0,60,192
08/09/2015,BTV,VT,ANE,EN,Combined TRACON& Tower with Radar,34,34,29,0,97,0,2,44,0,46,34,36,73,0,143,58,0,58,201
08/10/2015,BTV,VT,ANE,EN,Combined TRACON& Tower with Radar,35,33,27,12,107,0,1,37,0,38,35,34,64,12,145,68,16,84,229
08/11/2015,BTV,VT,ANE,EN,Combined TRACON& Tower with Radar,21,30,11,4,66,0,0,1,0,1,21,30,12,4,67,26,4,30,97
08/12/2015,BTV,VT,ANE,EN,Combined TRACON& Tower with Radar,32,46,45,5,128,0,0,28,4,32,32,46,73,9,160,100,0,100,260
08/13/2015,BTV,VT,ANE,EN,Combined TRACON& Tower with Radar,38,41,32,7,118,0,2,61,6,69,38,43,93,13,187,126,26,152,339
08/14/2015,BTV,VT,ANE,EN,Combined TRACON& Tower with Radar,34,35,29,6,104,0,0,55,4,59,34,35,84,10,163,74,0,74,237
08/15/2015,BTV,VT,ANE,EN,Combined TRACON& Tower with Radar,28,46,40,0,114,0,0,17,1,18,28,46,57,1,132,56,0,56,188
08/16/2015,BTV,VT,ANE,EN,Combined TRACON& Tower with Radar,34,38,32,0,104,0,1,47,0,48,34,39,79,0,152,84,0,84,236
08/17/2015,BTV,VT,ANE,EN,Combined TRACON& Tower with Radar,38,43,32,2,115,0,3,62,2,67,38,46,94,4,182,126,10,136,318
08/18/2015,BTV,VT,ANE,EN,Combined TRACON& Tower with Radar,49,40,13,1,103,0,1,34,7,42,49,41,47,8,145,112,2,114,259
08/19/2015,BTV,VT,ANE,EN,Combined TRACON& Tower with Radar,43,35,26,5,109,0,0,42,9,51,43,35,68,14,160,64,2,66,226
08/20/2015,BTV,VT,ANE,EN,Combined TRACON& Tower with Radar,37,32,24,4,97,0,3,32,4,39,37,35,56,8,136,22,0,22,158
08/21/2015,BTV,VT,ANE,EN,Combined TRACON& Tower with Radar,45,31,26,5,107,0,0,18,4,22,45,31,44,9,129,16,0,16,145
08/22/2015,BTV,VT,ANE,EN,Combined TRACON& Tower with Radar,25,41,29,1,96,0,0,49,0,49,25,41,78,1,145,60,0,60,205
08/23/2015,BTV,VT,ANE,EN,Combined TRACON& Tower with Radar,35,30,30,0,95,0,0,40,0,40,35,30,70,0,135,40,0,40,175
08/24/2015,BTV,VT,ANE,EN,Combined TRACON& Tower with Radar,38,39,31,1,109,0,2,60,2,64,38,41,91,3,173,110,46,156,329
08/25/2015,BTV,VT,ANE,EN,Combined TRACON& Tower with Radar,49,40,13,1,103,0,1,34,7,42,49,41,47,8,145,82,2,84,229
08/26/2015,BTV,VT,ANE,EN,Combined TRACON& Tower with Radar,31,24,16,17,88,0,3,40,4,47,31,27,56,21,135,48,6,54,189
08/27/2015,BTV,VT,ANE,EN,Combined TRACON& Tower with Radar,49,42,26,3,120,0,2,30,13,45,49,44,56,16,165,84,0,84,249
08/28/2015,BTV,VT,ANE,EN,Combined TRACON& Tower with Radar,46,34,23,10,113,0,1,80,5,86,46,35,103,15,199,106,8,114,313
08/29/2015,BTV,VT,ANE,EN,Combined TRACON& Tower with Radar,27,30,12,0,69,0,2,50,2,54,27,32,62,2,123,24,0,24,147
08/30/2015,BTV,VT,ANE,EN,Combined TRACON& Tower with Radar,39,35,30,0,104,0,1,48,0,49,39,36,78,0,153,28,0,28,181
08/31/2015,BTV,VT,ANE,EN,Combined TRACON& Tower with Radar,43,26,23,3,95,0,2,27,1,30,43,28,50,4,125,66,0,66,191
09/01/2015,BTV,VT,ANE,EN,Combined TRACON& Tower with Radar,45,33,33,8,119,0,1,35,12,48,45,34,68,20,167,83,7,90,257
09/02/2015,BTV,VT,ANE,EN,Combined TRACON& Tower with Radar,42,40,17,12,111,0,1,41,4,46,42,41,58,16,157,108,2,110,267
09/03/2015,BTV,VT,ANE,EN,Combined TRACON& Tower with Radar,43,42,32,3,120,0,0,23,6,29,43,42,55,9,149,134,2,136,285
09/04/2015,BTV,VT,ANE,EN,Combined TRACON& Tower with Radar,46,31,25,0,102,0,0,79,2,81,46,31,104,2,183,114,0,114,297
09/05/2015,BTV,VT,ANE,EN,Combined TRACON& Tower with Radar,29,21,21,0,71,0,1,57,0,58,29,22,78,0,129,76,0,76,205
09/06/2015,BTV,VT,ANE,EN,Combined TRACON& Tower with Radar,33,17,26,0,76,0,1,51,0,52,33,18,77,0,128,18,0,18,146
09/07/2015,BTV,VT,ANE,EN,Combined TRACON& Tower with Radar,44,30,25,0,99,0,1,49,0,50,44,31,74,0,149,88,2,90,239
09/08/2015,BTV,VT,ANE,EN,Combined TRACON& Tower with Radar,42,42,24,6,114,0,0,26,5,31,42,42,50,11,145,122,22,144,289
09/09/2015,BTV,VT,ANE,EN,Combined TRACON& Tower with Radar,45,32,27,10,114,0,0,18,7,25,45,32,45,17,139,104,2,106,245
09/10/2015,BTV,VT,ANE,EN,Combined TRACON& Tower with Radar,35,31,24,5,95,0,1,41,10,52,35,32,65,15,147,122,0,122,269
09/11/2015,BTV,VT,ANE,EN,Combined TRACON& Tower with Radar,44,43,24,13,124,0,1,51,2,54,44,44,75,15,178,121,16,137,315
09/12/2015,BTV,VT,ANE,EN,Combined TRACON& Tower with Radar,32,32,13,10,87,0,0,51,14,65,32,32,64,24,152,124,16,140,292
09/13/2015,BTV,VT,ANE,EN,Combined TRACON& Tower with Radar,40,36,21,7,104,0,0,4,4,8,40,36,25,11,112,0,0,0,112
09/14/2015,BTV,VT,ANE,EN,Combined TRACON& Tower with Radar,45,35,24,1,105,0,0,12,0,12,45,35,36,1,117,106,0,106,223
09/15/2015,BTV,VT,ANE,EN,Combined TRACON& Tower with Radar,45,26,20,8,99,0,6,77,12,95,45,32,97,20,194,120,8,128,322
09/16/2015,BTV,VT,ANE,EN,Combined TRACON& Tower with Radar,47,30,17,17,111,0,2,73,6,81,47,32,90,23,192,62,14,76,268
09/17/2015,BTV,VT,ANE,EN,Combined TRACON& Tower with Radar,46,37,46,6,135,0,2,53,10,65,46,39,99,16,200,70,6,76,276
09/18/2015,BTV,VT,ANE,EN,Combined TRACON& Tower with Radar,48,34,34,5,121,1,4,55,10,70,49,38,89,15,191,178,6,184,375
09/19/2015,BTV,VT,ANE,EN,Combined TRACON& Tower with Radar,32,27,18,0,77,0,0,24,0,24,32,27,42,0,101,30,0,30,131
09/20/2015,BTV,VT,ANE,EN,Combined TRACON& Tower with Radar,34,44,24,0,102,0,0,32,0,32,34,44,56,0,134,48,0,48,182
09/21/2015,BTV,VT,ANE,EN,Combined TRACON& Tower with Radar,46,32,24,2,104,0,1,51,2,54,46,33,75,4,158,98,0,98,256
09/22/2015,BTV,VT,ANE,EN,Combined TRACON& Tower with Radar,41,27,20,0,88,0,0,50,4,54,41,27,70,4,142,128,6,134,276
09/23/2015,BTV,VT,ANE,EN,Combined TRACON& Tower with Radar,44,35,25,12,116,0,0,62,4,66,44,35,87,16,182,66,26,92,274
09/24/2015,BTV,VT,ANE,EN,Combined TRACON& Tower with Radar,44,38,29,8,119,0,3,62,8,73,44,41,91,16,192,148,0,148,340
09/25/2015,BTV,VT,ANE,EN,Combined TRACON& Tower with Radar,42,47,25,0,114,0,1,68,2,71,42,48,93,2,185,158,0,158,343
09/26/2015,BTV,VT,ANE,EN,Combined TRACON& Tower with Radar,34,31,36,4,105,0,1,70,0,71,34,32,106,4,176,105,0,105,281
09/27/2015,BTV,VT,ANE,EN,Combined TRACON& Tower with Radar,36,46,25,6,113,0,4,79,0,83,36,50,104,6,196,128,0,128,324
09/28/2015,BTV,VT,ANE,EN,Combined TRACON& Tower with Radar,45,33,25,1,104,0,1,39,3,43,45,34,64,4,147,48,0,48,195
09/29/2015,BTV,VT,ANE,EN,Combined TRACON& Tower with Radar,46,36,26,16,124,0,0,6,2,8,46,36,32,18,132,30,0,30,162
09/30/2015,BTV,VT,ANE,EN,Combined TRACON& Tower with Radar,45,38,29,0,112,0,0,0,0,0,45,38,29,0,112,0,0,0,112
10/01/2015,BTV,VT,ANE,EN,Combined TRACON& Tower with Radar,45,34,28,5,112,0,3,47,9,59,45,37,75,14,171,238,14,252,423
10/02/2015,BTV,VT,ANE,EN,Combined TRACON& Tower with Radar,36,44,36,3,119,0,1,39,0,40,36,45,75,3,159,78,0,78,237
10/03/2015,BTV,VT,ANE,EN,Combined TRACON& Tower with Radar,30,39,35,0,104,0,1,30,9,40,30,40,65,9,144,32,12,44,188
10/04/2015,BTV,VT,ANE,EN,Combined TRACON& Tower with Radar,38,42,28,0,108,0,3,35,3,41,38,45,63,3,149,28,0,28,177
10/05/2015,BTV,VT,ANE,EN,Combined TRACON& Tower with Radar,39,42,17,9,107,0,0,39,5,44,39,42,56,14,151,74,8,82,233
10/06/2015,BTV,VT,ANE,EN,Combined TRACON& Tower with Radar,45,30,24,9,108,0,0,36,10,46,45,30,60,19,154,140,2,142,296
10/07/2015,BTV,VT,ANE,EN,Combined TRACON& Tower with Radar,43,43,24,10,120,0,0,48,13,61,43,43,72,23,181,136,8,144,325
10/08/2015,BTV,VT,ANE,EN,Combined TRACON& Tower with Radar,44,38,21,7,110,0,9,58,0,67,44,47,79,7,177,144,2,146,323
10/09/2015,BTV,VT,ANE,EN,Combined TRACON& Tower with Radar,41,49,40,10,140,0,0,2,0,2,41,49,42,10,142,28,6,34,176
10/10/2015,BTV,VT,ANE,EN,Combined TRACON& Tower with Radar,33,31,35,0,99,0,1,70,0,71,33,32,105,0,170,120,0,120,290
10/11/2015,BTV,VT,ANE,EN,Combined TRACON& Tower with Radar,43,45,30,0,118,0,2,43,0,45,43,47,73,0,163,16,0,16,179
10/12/2015,BTV,VT,ANE,EN,Combined TRACON& Tower with Radar,38,42,20,0,100,0,4,70,0,74,38,46,90,0,174,82,0,82,256
10/13/2015,BTV,VT,ANE,EN,Combined TRACON& Tower with Radar,43,39,28,8,118,0,0,21,0,21,43,39,49,8,139,84,8,92,231
10/14/2015,BTV,VT,ANE,EN,Combined TRACON& Tower with Radar,40,35,16,5,96,0,1,19,2,22,40,36,35,7,118,188,0,188,306
10/15/2015,BTV,VT,ANE,EN,Combined TRACON& Tower with Radar,44,44,14,8,110,0,2,48,14,64,44,46,62,22,174,106,0,106,280
10/16/2015,BTV,VT,ANE,EN,Combined TRACON& Tower with Radar,44,37,31,4,116,0,0,14,4,18,44,37,45,8,134,76,8,84,218
10/17/2015,BTV,VT,ANE,EN,Combined TRACON& Tower with Radar,33,32,19,9,93,0,0,5,2,7,33,32,24,11,100,0,0,0,100
10/18/2015,BTV,VT,ANE,EN,Combined TRACON& Tower with Radar,40,33,24,4,101,0,1,16,1,18,40,34,40,5,119,62,2,64,183
10/19/2015,BTV,VT,ANE,EN,Combined TRACON& Tower with Radar,42,39,15,2,98,0,4,44,2,50,42,43,59,4,148,44,0,44,192
10/20/2015,BTV,VT,ANE,EN,Combined TRACON& Tower with Radar,48,41,18,8,115,0,3,41,13,57,48,44,59,21,172,112,0,112,284
10/21/2015,BTV,VT,ANE,EN,Combined TRACON& Tower with Radar,42,41,23,7,113,0,2,49,5,56,42,43,72,12,169,116,2,118,287
10/22/2015,BTV,VT,ANE,EN,Combined TRACON& Tower with Radar,46,45,14,4,109,0,0,17,7,24,46,45,31,11,133,16,21,37,170
10/23/2015,BTV,VT,ANE,EN,Combined TRACON& Tower with Radar,43,39,21,3,106,0,0,36,3,39,43,39,57,6,145,100,4,104,249
10/24/2015,BTV,VT,ANE,EN,Combined TRACON& Tower with Radar,34,36,12,2,84,0,0,54,0,54,34,36,66,2,138,78,0,78,216
10/25/2015,BTV,VT,ANE,EN,Combined TRACON& Tower with Radar,38,34,13,1,86,0,0,1,2,3,38,34,14,3,89,32,6,38,127
10/26/2015,BTV,VT,ANE,EN,Combined TRACON& Tower with Radar,36,32,22,1,91,0,0,49,3,52,36,32,71,4,143,90,2,92,235
10/27/2015,BTV,VT,ANE,EN,Combined TRACON& Tower with Radar,42,29,15,9,95,0,1,273,8,282,42,30,288,17,377,0,0,0,377
10/28/2015,BTV,VT,ANE,EN,Combined TRACON& Tower with Radar,33,30,22,7,92,0,0,76,0,76,33,30,98,7,168,0,0,0,168
10/29/2015,BTV,VT,ANE,EN,Combined TRACON& Tower with Radar,41,38,26,11,116,0,1,10,9,20,41,39,36,20,136,76,10,86,222
10/30/2015,BTV,VT,ANE,EN,Combined TRACON& Tower with Radar,38,31,26,5,100,0,0,30,2,32,38,31,56,7,132,91,2,93,225
10/31/2015,BTV,VT,ANE,EN,Combined TRACON& Tower with Radar,30,22,11,0,63,0,3,79,0,82,30,25,90,0,145,166,0,166,311
11/01/2015,BTV,VT,ANE,EN,Combined TRACON& Tower with Radar,35,37,29,0,101,0,1,0,0,1,35,38,29,0,102,10,0,10,112
11/02/2015,BTV,VT,ANE,EN,Combined TRACON& Tower with Radar,34,33,12,2,81,0,0,29,0,29,34,33,41,2,110,184,0,184,294
11/03/2015,BTV,VT,ANE,EN,Combined TRACON& Tower with Radar,34,28,22,5,89,0,3,68,11,82,34,31,90,16,171,174,8,182,353
11/04/2015,BTV,VT,ANE,EN,Combined TRACON& Tower with Radar,37,33,24,24,118,0,0,36,9,45,37,33,60,33,163,106,38,144,307
11/05/2015,BTV,VT,ANE,EN,Combined TRACON& Tower with Radar,37,40,20,20,117,0,2,43,10,55,37,42,63,30,172,138,14,152,324
11/06/2015,BTV,VT,ANE,EN,Combined TRACON& Tower with Radar,36,28,15,5,84,0,0,12,0,12,36,28,27,5,96,4,8,12,108
11/07/2015,BTV,VT,ANE,EN,Combined TRACON& Tower with Radar,29,34,9,11,83,0,0,56,10,66,29,34,65,21,149,148,14,162,311
11/08/2015,BTV,VT,ANE,EN,Combined TRACON& Tower with Radar,35,31,13,7,86,0,4,45,4,53,35,35,58,11,139,216,24,240,379
11/09/2015,BTV,VT,ANE,EN,Combined TRACON& Tower with Radar,35,31,21,2,89,0,1,52,1,54,35,32,73,3,143,178,0,178,321
11/10/2015,BTV,VT,ANE,EN,Combined TRACON& Tower with Radar,34,33,19,9,95,0,1,52,1,54,34,34,71,10,149,130,10,140,289
11/11/2015,BTV,VT,ANE,EN,Combined TRACON& Tower with Radar,35,34,20,0,89,0,0,117,0,117,35,34,137,0,206,0,0,0,206
11/12/2015,BTV,VT,ANE,EN,Combined TRACON& Tower with Radar,37,36,24,9,106,0,0,2,0,2,37,36,26,9,108,42,0,42,150
11/13/2015,BTV,VT,ANE,EN,Combined TRACON& Tower with Radar,33,31,9,6,79,0,1,11,0,12,33,32,20,6,91,162,0,162,253
11/14/2015,BTV,VT,ANE,EN,Combined TRACON& Tower with Radar,28,27,2,0,57,0,1,69,0,70,28,28,71,0,127,0,0,0,127
11/15/2015,BTV,VT,ANE,EN,Combined TRACON& Tower with Radar,33,31,23,0,87,0,0,36,0,36,33,31,59,0,123,88,0,88,211
11/16/2015,BTV,VT,ANE,EN,Combined TRACON& Tower with Radar,34,35,18,2,89,0,1,39,4,44,34,36,57,6,133,286,0,286,419
11/17/2015,BTV,VT,ANE,EN,Combined TRACON& Tower with Radar,37,34,17,5,93,1,6,51,19,77,38,40,68,24,170,92,36,128,298
11/18/2015,BTV,VT,ANE,EN,Combined TRACON& Tower with Radar,36,34,11,9,90,0,0,19,8,27,36,34,30,17,117,54,24,78,195
11/19/2015,BTV,VT,ANE,EN,Combined TRACON& Tower with Radar,30,35,11,9,85,0,0,7,3,10,30,35,18,12,95,0,0,0,95
11/20/2015,BTV,VT,ANE,EN,Combined TRACON& Tower with Radar,30,31,29,16,106,0,1,63,4,68,30,32,92,20,174,158,8,166,340
11/21/2015,BTV,VT,ANE,EN,Combined TRACON& Tower with Radar,27,30,12,0,69,0,0,71,0,71,27,30,83,0,140,226,0,226,366
11/22/2015,BTV,VT,ANE,EN,Combined TRACON& Tower with Radar,36,30,15,0,81,0,0,29,0,29,36,30,44,0,110,72,0,72,182
11/23/2015,BTV,VT,ANE,EN,Combined TRACON& Tower with Radar,32,29,22,0,83,0,1,37,2,40,32,30,59,2,123,76,0,76,199
11/24/2015,BTV,VT,ANE,EN,Combined TRACON& Tower with Radar,35,43,36,14,128,0,0,29,3,32,35,43,65,17,160,114,12,126,286
11/25/2015,BTV,VT,ANE,EN,Combined TRACON& Tower with Radar,43,30,28,6,107,0,2,42,0,44,43,32,70,6,151,144,2,146,297
11/26/2015,BTV,VT,ANE,EN,Combined TRACON& Tower with Radar,24,9,3,0,36,0,0,7,0,7,24,9,10,0,43,0,0,0,43
11/27/2015,BTV,VT,ANE,EN,Combined TRACON& Tower with Radar,38,12,10,0,60,0,0,5,0,5,38,12,15,0,65,0,0,0,65
11/28/2015,BTV,VT,ANE,EN,Combined TRACON& Tower with Radar,39,33,24,1,97,0,0,4,0,4,39,33,28,1,101,46,0,46,147
11/29/2015,BTV,VT,ANE,EN,Combined TRACON& Tower with Radar,41,39,41,0,121,0,0,42,0,42,41,39,83,0,163,60,0,60,223
11/30/2015,BTV,VT,ANE,EN,Combined TRACON& Tower with Radar,38,40,41,0,119,0,1,48,0,49,38,41,89,0,168,116,0,116,284
12/01/2015,BTV,VT,ANE,EN,Combined TRACON& Tower with Radar,34,28,20,7,89,0,0,12,1,13,34,28,32,8,102,22,2,24,126
12/02/2015,BTV,VT,ANE,EN,Combined TRACON& Tower with Radar,31,41,17,2,91,0,0,1,0,1,31,41,18,2,92,0,0,0,92
12/03/2015,BTV,VT,ANE,EN,Combined TRACON& Tower with Radar,34,42,8,13,97,0,0,4,2,6,34,42,12,15,103,81,8,89,192
12/04/2015,BTV,VT,ANE,EN,Combined TRACON& Tower with Radar,32,45,15,17,109,0,0,32,8,40,32,45,47,25,149,159,14,173,322
12/05/2015,BTV,VT,ANE,EN,Combined TRACON& Tower with Radar,26,25,15,3,69,0,0,52,0,52,26,25,67,3,121,82,8,90,211
12/06/2015,BTV,VT,ANE,EN,Combined TRACON& Tower with Radar,31,35,17,3,86,0,0,13,0,13,31,35,30,3,99,60,0,60,159
12/07/2015,BTV,VT,ANE,EN,Combined TRACON& Tower with Radar,33,40,18,0,91,0,0,29,0,29,33,40,47,0,120,110,0,110,230
12/08/2015,BTV,VT,ANE,EN,Combined TRACON& Tower with Radar,34,42,18,2,96,0,0,29,4,33,34,42,47,6,129,114,34,148,277
12/09/2015,BTV,VT,ANE,EN,Combined TRACON& Tower with Radar,34,42,17,23,116,0,0,26,6,32,34,42,43,29,148,97,22,119,267
12/10/2015,BTV,VT,ANE,EN,Combined TRACON& Tower with Radar,35,47,12,14,108,0,0,33,12,45,35,47,45,26,153,116,2,118,271
12/11/2015,BTV,VT,ANE,EN,Combined TRACON& Tower with Radar,33,41,35,16,125,0,1,28,1,30,33,42,63,17,155,54,0,54,209
12/12/2015,BTV,VT,ANE,EN,Combined TRACON& Tower with Radar,26,25,25,0,76,0,0,49,0,49,26,25,74,0,125,89,0,89,214
12/13/2015,BTV,VT,ANE,EN,Combined TRACON& Tower with Radar,27,35,20,1,83,0,0,29,0,29,27,35,49,1,112,82,0,82,194
12/14/2015,BTV,VT,ANE,EN,Combined TRACON& Tower with Radar,28,31,27,3,89,0,0,16,0,16,28,31,43,3,105,15,0,15,120
12/15/2015,BTV,VT,ANE,EN,Combined TRACON& Tower with Radar,33,37,13,17,100,0,0,5,7,12,33,37,18,24,112,24,14,38,150
12/16/2015,BTV,VT,ANE,EN,Combined TRACON& Tower with Radar,32,42,23,31,128,0,1,24,2,27,32,43,47,33,155,67,8,75,230
12/17/2015,BTV,VT,ANE,EN,Combined TRACON& Tower with Radar,35,45,27,20,127,0,0,6,0,6,35,45,33,20,133,12,0,12,145
12/18/2015,BTV,VT,ANE,EN,Combined TRACON& Tower with Radar,30,55,17,11,113,0,0,39,0,39,30,55,56,11,152,78,12,90,242
12/19/2015,BTV,VT,ANE,EN,Combined TRACON& Tower with Radar,32,39,10,0,81,0,0,7,0,7,32,39,17,0,88,24,0,24,112
12/20/2015,BTV,VT,ANE,EN,Combined TRACON& Tower with Radar,39,34,17,0,90,0,0,19,1,20,39,34,36,1,110,18,0,18,128
12/21/2015,BTV,VT,ANE,EN,Combined TRACON& Tower with Radar,37,29,19,1,86,0,0,16,0,16,37,29,35,1,102,2,0,2,104
12/22/2015,BTV,VT,ANE,EN,Combined TRACON& Tower with Radar,34,37,9,14,94,0,0,1,0,1,34,37,10,14,95,4,8,12,107
12/23/2015,BTV,VT,ANE,EN,Combined TRACON& Tower with Radar,36,39,24,28,127,0,0,29,3,32,36,39,53,31,159,50,32,82,241
12/24/2015,BTV,VT,ANE,EN,Combined TRACON& Tower with Radar,31,20,8,0,59,0,0,2,0,2,31,20,10,0,61,0,0,0,61
12/25/2015,BTV,VT,ANE,EN,Combined TRACON& Tower with Radar,20,18,3,0,41,0,0,6,0,6,20,18,9,0,47,10,0,10,57
12/26/2015,BTV,VT,ANE,EN,Combined TRACON& Tower with Radar,32,45,24,0,101,0,0,48,0,48,32,45,72,0,149,94,0,94,243
12/27/2015,BTV,VT,ANE,EN,Combined TRACON& Tower with Radar,35,31,12,0,78,0,0,0,0,0,35,31,12,0,78,0,0,0,78
12/28/2015,BTV,VT,ANE,EN,Combined TRACON& Tower with Radar,33,34,15,0,82,0,0,29,0,29,33,34,44,0,111,30,0,30,141
12/29/2015,BTV,VT,ANE,EN,Combined TRACON& Tower with Radar,23,36,5,0,64,0,0,0,0,0,23,36,5,0,64,0,0,0,64
12/30/2015,BTV,VT,ANE,EN,Combined TRACON& Tower with Radar,33,47,12,2,94,0,0,1,0,1,33,47,13,2,95,0,0,0,95
12/31/2015,BTV,VT,ANE,EN,Combined TRACON& Tower with Radar,27,28,7,0,62,0,0,5,0,5,27,28,12,0,67,6,0,6,73
01/01/2016,BTV,VT,ANE,EN,Combined TRACON& Tower with Radar,28,28,12,0,68,0,0,4,0,4,28,28,16,0,72,6,0,6,78
01/02/2016,BTV,VT,ANE,EN,Combined TRACON& Tower with Radar,34,34,16,0,84,0,0,19,0,19,34,34,35,0,103,18,0,18,121
01/03/2016,BTV,VT,ANE,EN,Combined TRACON& Tower with Radar,35,40,15,0,90,0,0,0,0,0,35,40,15,0,90,8,0,8,98
01/04/2016,BTV,VT,ANE,EN,Combined TRACON& Tower with Radar,33,45,4,0,82,0,0,2,0,2,33,45,6,0,84,0,0,0,84
01/05/2016,BTV,VT,ANE,EN,Combined TRACON& Tower with Radar,36,34,11,9,90,0,0,15,10,25,36,34,26,19,115,30,24,54,169
01/06/2016,BTV,VT,ANE,EN,Combined TRACON& Tower with Radar,35,41,16,19,111,0,4,171,27,202,35,45,187,46,313,0,0,0,313
01/07/2016,BTV,VT,ANE,EN,Combined TRACON& Tower with Radar,36,35,19,16,106,0,2,38,4,44,36,37,57,20,150,113,14,127,277
01/08/2016,BTV,VT,ANE,EN,Combined TRACON& Tower with Radar,30,37,24,11,102,0,0,43,7,50,30,37,67,18,152,109,6,115,267
01/09/2016,BTV,VT,ANE,EN,Combined TRACON& Tower with Radar,28,28,9,13,78,0,0,7,11,18,28,28,16,24,96,38,0,38,134
01/10/2016,BTV,VT,ANE,EN,Combined TRACON& Tower with Radar,29,44,11,0,84,0,0,0,0,0,29,44,11,0,84,0,0,0,84
01/11/2016,BTV,VT,ANE,EN,Combined TRACON& Tower with Radar,34,39,12,4,89,0,0,9,1,10,34,39,21,5,99,28,8,36,135
01/12/2016,BTV,VT,ANE,EN,Combined TRACON& Tower with Radar,33,39,11,14,97,0,1,10,5,16,33,40,21,19,113,0,4,4,117
01/13/2016,BTV,VT,ANE,EN,Combined TRACON& Tower with Radar,33,41,10,15,99,0,3,19,6,28,33,44,29,21,127,52,36,88,215
01/14/2016,BTV,VT,ANE,EN,Combined TRACON& Tower with Radar,37,42,20,22,121,0,4,20,1,25,37,46,40,23,146,98,50,148,294
01/15/2016,BTV,VT,ANE,EN,Combined TRACON& Tower with Radar,31,44,31,0,106,0,0,30,0,30,31,44,61,0,136,152,0,152,288
01/16/2016,BTV,VT,ANE,EN,Combined TRACON& Tower with Radar,27,27,9,0,63,0,0,2,0,2,27,27,11,0,65,0,0,0,65
01/17/2016,BTV,VT,ANE,EN,Combined TRACON& Tower with Radar,32,17,25,0,74,0,2,49,0,51,32,19,74,0,125,57,0,57,182
01/18/2016,BTV,VT,ANE,EN,Combined TRACON& Tower with Radar,31,57,27,0,115,0,0,9,0,9,31,57,36,0,124,4,0,4,128
01/19/2016,BTV,VT,ANE,EN,Combined TRACON& Tower with Radar,28,26,5,2,61,0,0,3,0,3,28,26,8,2,64,0,0,0,64
01/20/2016,BTV,VT,ANE,EN,Combined TRACON& Tower with Radar,32,41,13,8,94,0,1,27,3,31,32,42,40,11,125,80,0,80,205
01/21/2016,BTV,VT,ANE,EN,Combined TRACON& Tower with Radar,38,38,15,37,128,0,3,61,38,102,38,41,76,75,230,0,0,0,230
01/22/2016,BTV,VT,ANE,EN,Combined TRACON& Tower with Radar,21,33,15,9,78,0,6,36,5,47,21,39,51,14,125,90,8,98,223
01/23/2016,BTV,VT,ANE,EN,Combined TRACON& Tower with Radar,5,11,11,1,28,1,1,27,0,29,6,12,38,1,57,44,0,44,101
01/24/2016,BTV,VT,ANE,EN,Combined TRACON& Tower with Radar,12,18,20,5,55,0,1,21,0,22,12,19,41,5,77,26,0,26,103
01/25/2016,BTV,VT,ANE,EN,Combined TRACON& Tower with Radar,26,30,16,2,74,0,1,29,4,34,26,31,45,6,108,74,4,78,186
01/26/2016,BTV,VT,ANE,EN,Combined TRACON& Tower with Radar,29,30,13,7,79,0,0,4,9,13,29,30,17,16,92,0,0,0,92
01/27/2016,BTV,VT,ANE,EN,Combined TRACON& Tower with Radar,33,42,14,22,111,0,1,13,6,20,33,43,27,28,131,81,28,109,240
01/28/2016,BTV,VT,ANE,EN,Combined TRACON& Tower with Radar,37,43,22,12,114,0,1,19,11,31,37,44,41,23,145,14,5,19,164
01/29/2016,BTV,VT,ANE,EN,Combined TRACON& Tower with Radar,32,44,13,11,100,0,4,3,0,7,32,48,16,11,107,0,0,0,107
01/30/2016,BTV,VT,ANE,EN,Combined TRACON& Tower with Radar,28,27,14,2,71,0,5,30,0,35,28,32,44,2,106,93,0,93,199
01/31/2016,BTV,VT,ANE,EN,Combined TRACON& Tower with Radar,33,37,18,0,88,0,2,19,0,21,33,39,37,0,109,26,0,26,135
02/01/2016,BTV,VT,ANE,EN,Combined TRACON& Tower with Radar,32,37,11,2,82,0,1,14,0,15,32,38,25,2,97,32,0,32,129
02/02/2016,BTV,VT,ANE,EN,Combined TRACON& Tower with Radar,34,40,25,19,118,0,0,38,11,49,34,40,63,30,167,20,24,44,211
02/03/2016,BTV,VT,ANE,EN,Combined TRACON& Tower with Radar,31,42,5,4,82,0,0,0,0,0,31,42,5,4,82,0,0,0,82
02/04/2016,BTV,VT,ANE,EN,Combined TRACON& Tower with Radar,40,37,26,3,106,0,3,41,18,62,40,40,67,21,168,62,8,70,238
02/05/2016,BTV,VT,ANE,EN,Combined TRACON& Tower with Radar,33,41,27,8,109,1,0,26,8,35,34,41,53,16,144,28,0,28,172
02/06/2016,BTV,VT,ANE,EN,Combined TRACON& Tower with Radar,30,27,14,5,76,0,1,15,3,19,30,28,29,8,95,36,20,56,151
02/07/2016,BTV,VT,ANE,EN,Combined TRACON& Tower with Radar,31,29,19,1,80,0,0,18,1,19,31,29,37,2,99,28,0,28,127
02/08/2016,BTV,VT,ANE,EN,Combined TRACON& Tower with Radar,27,34,32,6,99,0,1,23,2,26,27,35,55,8,125,18,48,66,191
02/09/2016,BTV,VT,ANE,EN,Combined TRACON& Tower with Radar,33,44,17,6,100,0,1,8,4,13,33,45,25,10,113,28,14,42,155
02/10/2016,BTV,VT,ANE,EN,Combined TRACON& Tower with Radar,31,38,20,6,95,0,1,3,0,4,31,39,23,6,99,0,0,0,99
02/11/2016,BTV,VT,ANE,EN,Combined TRACON& Tower with Radar,31,44,17,12,104,0,0,15,1,16,31,44,32,13,120,36,2,38,158
02/12/2016,BTV,VT,ANE,EN,Combined TRACON& Tower with Radar,33,39,40,10,122,0,0,14,3,17,33,39,54,13,139,0,0,0,139
02/13/2016,BTV,VT,ANE,EN,Combined TRACON& Tower with Radar,22,35,12,0,69,0,0,5,0,5,22,35,17,0,74,0,0,0,74
02/14/2016,BTV,VT,ANE,EN,Combined TRACON& Tower with Radar,26,31,15,0,72,0,2,15,0,17,26,33,30,0,89,0,0,0,89
02/15/2016,BTV,VT,ANE,EN,Combined TRACON& Tower with Radar,26,38,25,0,89,0,0,36,0,36,26,38,61,0,125,114,0,114,239
02/16/2016,BTV,VT,ANE,EN,Combined TRACON& Tower with Radar,24,38,14,0,76,0,0,0,0,0,24,38,14,0,76,0,0,0,76
02/17/2016,BTV,VT,ANE,EN,Combined TRACON& Tower with Radar,31,50,17,13,111,0,1,32,2,35,31,51,49,15,146,90,4,94,240
02/18/2016,BTV,VT,ANE,EN,Combined TRACON& Tower with Radar,34,46,17,10,107,0,1,106,19,126,34,47,123,29,233,0,0,0,233
02/19/2016,BTV,VT,ANE,EN,Combined TRACON& Tower with Radar,31,47,26,9,113,0,0,78,10,88,31,47,104,19,201,0,0,0,201
02/20/2016,BTV,VT,ANE,EN,Combined TRACON& Tower with Radar,28,46,5,0,79,0,0,5,0,5,28,46,10,0,84,0,0,0,84
02/21/2016,BTV,VT,ANE,EN,Combined TRACON& Tower with Radar,27,46,12,0,85,0,0,9,0,9,27,46,21,0,94,42,0,42,136
02/22/2016,BTV,VT,ANE,EN,Combined TRACON& Tower with Radar,31,47,12,8,98,0,0,13,1,14,31,47,25,9,112,24,8,32,144
02/23/2016,BTV,VT,ANE,EN,Combined TRACON& Tower with Radar,30,44,13,17,104,1,1,29,12,43,31,45,42,29,147,59,4,63,210
02/24/2016,BTV,VT,ANE,EN,Combined TRACON& Tower with Radar,32,36,12,0,80,0,0,1,0,1,32,36,13,0,81,0,0,0,81
02/25/2016,BTV,VT,ANE,EN,Combined TRACON& Tower with Radar,30,50,12,11,103,0,1,5,0,6,30,51,17,11,109,32,0,32,141
02/26/2016,BTV,VT,ANE,EN,Combined TRACON& Tower with Radar,31,50,17,9,107,0,1,28,1,30,31,51,45,10,137,32,2,34,171
02/27/2016,BTV,VT,ANE,EN,Combined TRACON& Tower with Radar,27,37,8,0,72,0,0,36,0,36,27,37,44,0,108,20,0,20,128
02/28/2016,BTV,VT,ANE,EN,Combined TRACON& Tower with Radar,29,45,16,0,90,0,0,7,0,7,29,45,23,0,97,10,0,10,107
02/29/2016,BTV,VT,ANE,EN,Combined TRACON& Tower with Radar,30,50,23,4,107,0,2,11,0,13,30,52,34,4,120,12,0,12,132
03/01/2016,BTV,VT,ANE,EN,Combined TRACON& Tower with Radar,36,43,16,24,119,0,4,28,7,39,36,47,44,31,158,14,8,22,180
03/02/2016,BTV,VT,ANE,EN,Combined TRACON& Tower with Radar,40,32,14,12,98,0,0,7,2,9,40,32,21,14,107,8,2,10,117
03/03/2016,BTV,VT,ANE,EN,Combined TRACON& Tower with Radar,38,31,21,21,111,0,2,24,8,34,38,33,45,29,145,14,10,24,169
03/04/2016,BTV,VT,ANE,EN,Combined TRACON& Tower with Radar,36,30,37,22,125,0,2,57,9,68,36,32,94,31,193,137,26,163,356
03/05/2016,BTV,VT,ANE,EN,Combined TRACON& Tower with Radar,30,30,15,24,99,0,2,34,13,49,30,32,49,37,148,60,10,70,218
03/06/2016,BTV,VT,ANE,EN,Combined TRACON& Tower with Radar,30,33,26,0,89,0,0,61,0,61,30,33,87,0,150,60,0,60,210
03/07/2016,BTV,VT,ANE,EN,Combined TRACON& Tower with Radar,37,33,13,2,85,0,0,5,0,5,37,33,18,2,90,10,0,10,100
03/08/2016,BTV,VT,ANE,EN,Combined TRACON& Tower with Radar,35,34,28,11,108,0,1,47,16,64,35,35,75,27,172,163,4,167,339
03/09/2016,BTV,VT,ANE,EN,Combined TRACON& Tower with Radar,36,28,33,11,108,0,0,19,5,24,36,28,52,16,132,54,6,60,192
03/10/2016,BTV,VT,ANE,EN,Combined TRACON& Tower with Radar,36,31,24,12,103,0,0,5,0,5,36,31,29,12,108,12,0,12,120
03/11/2016,BTV,VT,ANE,EN,Combined TRACON& Tower with Radar,34,28,19,15,96,0,0,21,0,21,34,28,40,15,117,86,2,88,205
03/12/2016,BTV,VT,ANE,EN,Combined TRACON& Tower with Radar,24,30,11,2,67,0,3,57,0,60,24,33,68,2,127,152,8,160,287
03/13/2016,BTV,VT,ANE,EN,Combined TRACON& Tower with Radar,29,31,20,0,80,0,2,62,0,64,29,33,82,0,144,70,0,70,214
03/14/2016,BTV,VT,ANE,EN,Combined TRACON& Tower with Radar,33,26,9,7,75,0,0,8,1,9,33,26,17,8,84,28,0,28,112
03/15/2016,BTV,VT,ANE,EN,Combined TRACON& Tower with Radar,35,29,23,18,105,0,1,22,5,28,35,30,45,23,133,68,20,88,221
03/16/2016,BTV,VT,ANE,EN,Combined TRACON& Tower with Radar,35,31,25,7,98,0,1,18,0,19,35,32,43,7,117,34,0,34,151
03/17/2016,BTV,VT,ANE,EN,Combined TRACON& Tower with Radar,37,37,28,11,113,0,1,81,25,107,37,38,109,36,220,0,0,0,220
03/18/2016,BTV,VT,ANE,EN,Combined TRACON& Tower with Radar,33,29,20,12,94,0,1,12,1,14,33,30,32,13,108,0,0,0,108
03/19/2016,BTV,VT,ANE,EN,Combined TRACON& Tower with Radar,29,28,24,0,81,0,2,58,0,60,29,30,82,0,141,120,0,120,261
03/20/2016,BTV,VT,ANE,EN,Combined TRACON& Tower with Radar,28,30,24,0,82,0,1,70,0,71,28,31,94,0,153,90,0,90,243
03/21/2016,BTV,VT,ANE,EN,Combined TRACON& Tower with Radar,31,29,29,0,89,0,0,38,4,42,31,29,67,4,131,59,0,59,190
03/22/2016,BTV,VT,ANE,EN,Combined TRACON& Tower with Radar,37,32,29,11,109,0,2,49,12,63,37,34,78,23,172,66,12,78,250
03/23/2016,BTV,VT,ANE,EN,Combined TRACON& Tower with Radar,37,35,24,13,109,0,0,7,0,7,37,35,31,13,116,50,0,50,166
03/24/2016,BTV,VT,ANE,EN,Combined TRACON& Tower with Radar,34,34,14,0,82,0,1,6,0,7,34,35,20,0,89,0,0,0,89
03/25/2016,BTV,VT,ANE,EN,Combined TRACON& Tower with Radar,32,27,17,14,90,0,0,6,1,7,32,27,23,15,97,8,0,8,105
03/26/2016,BTV,VT,ANE,EN,Combined TRACON& Tower with Radar,21,40,36,0,97,0,0,82,0,82,21,40,118,0,179,100,0,100,279
03/27/2016,BTV,VT,ANE,EN,Combined TRACON& Tower with Radar,30,32,16,0,78,0,0,29,0,29,30,32,45,0,107,30,0,30,137
03/28/2016,BTV,VT,ANE,EN,Combined TRACON& Tower with Radar,32,34,29,0,95,0,0,6,0,6,32,34,35,0,101,0,0,0,101
03/29/2016,BTV,VT,ANE,EN,Combined TRACON& Tower with Radar,32,36,16,16,100,0,1,16,6,23,32,37,32,22,123,46,32,78,201
03/30/2016,BTV,VT,ANE,EN,Combined TRACON& Tower with Radar,37,32,20,13,102,0,3,63,5,71,37,35,83,18,173,74,22,96,269
03/31/2016,BTV,VT,ANE,EN,Combined TRACON& Tower with Radar,40,39,16,3,98,0,0,30,2,32,40,39,46,5,130,0,0,0,130
04/01/2016,BTV,VT,ANE,EN,Combined TRACON& Tower with Radar,33,41,19,14,107,0,1,18,1,20,33,42,37,15,127,0,0,0,127
04/02/2016,BTV,VT,ANE,EN,Combined TRACON& Tower with Radar,21,37,27,16,101,0,0,27,19,46,21,37,54,35,147,64,14,78,225
04/03/2016,BTV,VT,ANE,EN,Combined TRACON& Tower with Radar,28,28,19,0,75,0,1,7,0,8,28,29,26,0,83,2,0,2,85
04/04/2016,BTV,VT,ANE,EN,Combined TRACON& Tower with Radar,31,37,26,5,99,0,2,8,2,12,31,39,34,7,111,54,2,56,167
04/05/2016,BTV,VT,ANE,EN,Combined TRACON& Tower with Radar,26,49,30,22,127,0,0,69,19,88,26,49,99,41,215,120,12,132,347
04/06/2016,BTV,VT,ANE,EN,Combined TRACON& Tower with Radar,28,42,19,20,109,0,0,28,11,39,28,42,47,31,148,14,6,20,168
04/07/2016,BTV,VT,ANE,EN,Combined TRACON& Tower with Radar,25,41,20,17,103,0,0,7,0,7,25,41,27,17,110,30,2,32,142
04/08/2016,BTV,VT,ANE,EN,Combined TRACON& Tower with Radar,28,34,14,2,78,0,0,6,1,7,28,34,20,3,85,34,2,36,121
04/09/2016,BTV,VT,ANE,EN,Combined TRACON& Tower with Radar,23,35,25,0,83,0,2,41,0,43,23,37,66,0,126,108,0,108,234
04/10/2016,BTV,VT,ANE,EN,Combined TRACON& Tower with Radar,22,37,19,0,78,0,1,77,0,78,22,38,96,0,156,50,0,50,206
04/11/2016,BTV,VT,ANE,EN,Combined TRACON& Tower with Radar,27,36,11,1,75,0,0,6,0,6,27,36,17,1,81,0,0,0,81
04/12/2016,BTV,VT,ANE,EN,Combined TRACON& Tower with Radar,25,45,22,20,112,0,3,39,9,51,25,48,61,29,163,86,18,104,267
04/13/2016,BTV,VT,ANE,EN,Combined TRACON& Tower with Radar,29,43,31,15,118,0,8,81,4,93,29,51,112,19,211,104,8,112,323
04/14/2016,BTV,VT,ANE,EN,Combined TRACON& Tower with Radar,30,43,23,18,114,0,10,87,14,111,30,53,110,32,225,72,0,72,297
04/15/2016,BTV,VT,ANE,EN,Combined TRACON& Tower with Radar,29,43,32,17,121,0,0,85,7,92,29,43,117,24,213,82,0,82,295
04/16/2016,BTV,VT,ANE,EN,Combined TRACON& Tower with Radar,22,37,25,0,84,0,5,95,1,101,22,42,120,1,185,74,0,74,259
04/17/2016,BTV,VT,ANE,EN,Combined TRACON& Tower with Radar,20,39,18,0,77,0,4,81,7,92,20,43,99,7,169,110,0,110,279
04/18/2016,BTV,VT,ANE,EN,Combined TRACON& Tower with Radar,28,41,25,1,95,0,1,42,1,44,28,42,67,2,139,22,0,22,161
04/19/2016,BTV,VT,ANE,EN,Combined TRACON& Tower with Radar,26,44,30,12,112,0,0,43,9,52,26,44,73,21,164,150,4,154,318
04/20/2016,BTV,VT,ANE,EN,Combined TRACON& Tower with Radar,26,42,25,13,106,0,2,84,9,95,26,44,109,22,201,148,2,150,351
04/21/2016,BTV,VT,ANE,EN,Combined TRACON& Tower with Radar,28,41,29,16,114,0,2,60,9,71,28,43,89,25,185,78,0,78,263
04/22/2016,BTV,VT,ANE,EN,Combined TRACON& Tower with Radar,30,48,19,10,107,0,0,18,3,21,30,48,37,13,128,22,0,22,150
04/23/2016,BTV,VT,ANE,EN,Combined TRACON& Tower with Radar,21,48,12,3,84,0,0,36,0,36,21,48,48,3,120,52,0,52,172
04/24/2016,BTV,VT,ANE,EN,Combined TRACON& Tower with Radar,22,42,21,1,86,0,0,62,0,62,22,42,83,1,148,75,0,75,223
04/25/2016,BTV,VT,ANE,EN,Combined TRACON& Tower with Radar,25,38,25,0,88,0,0,40,3,43,25,38,65,3,131,103,2,105,236
04/26/2016,BTV,VT,ANE,EN,Combined TRACON& Tower with Radar,24,44,8,0,76,0,0,6,5,11,24,44,14,5,87,5,0,5,92
04/27/2016,BTV,VT,ANE,EN,Combined TRACON& Tower with Radar,28,43,28,21,120,0,0,70,5,75,28,43,98,26,195,113,10,123,318
04/28/2016,BTV,VT,ANE,EN,Combined TRACON& Tower with Radar,25,39,28,11,103,0,3,168,4,175,25,42,196,15,278,0,0,0,278
04/29/2016,BTV,VT,ANE,EN,Combined TRACON& Tower with Radar,26,40,17,9,92,0,0,130,4,134,26,40,147,13,226,0,0,0,226
04/30/2016,BTV,VT,ANE,EN,Combined TRACON& Tower with Radar,22,37,25,0,84,0,0,81,0,81,22,37,106,0,165,198,0,198,363
05/01/2016,BTV,VT,ANE,EN,Combined TRACON& Tower with Radar,22,36,26,1,85,0,0,29,0,29,22,36,55,1,114,0,0,0,114
05/02/2016,BTV,VT,ANE,EN,Combined TRACON& Tower with Radar,29,36,16,2,83,0,0,4,0,4,29,36,20,2,87,4,0,4,91
05/03/2016,BTV,VT,ANE,EN,Combined TRACON& Tower with Radar,31,33,20,30,114,0,0,27,9,36,31,33,47,39,150,113,28,141,291
05/04/2016,BTV,VT,ANE,EN,Combined TRACON& Tower with Radar,35,36,31,12,114,0,0,36,4,40,35,36,67,16,154,117,0,117,271
05/05/2016,BTV,VT,ANE,EN,Combined TRACON& Tower with Radar,31,47,36,15,129,0,6,31,7,44,31,53,67,22,173,112,2,114,287
05/06/2016,BTV,VT,ANE,EN,Combined TRACON& Tower with Radar,33,43,35,8,119,0,2,52,3,57,33,45,87,11,176,100,4,104,280
05/07/2016,BTV,VT,ANE,EN,Combined TRACON& Tower with Radar,33,26,34,0,93,0,0,46,0,46,33,26,80,0,139,30,0,30,169
05/08/2016,BTV,VT,ANE,EN,Combined TRACON& Tower with Radar,24,40,11,0,75,0,0,5,0,5,24,40,16,0,80,0,0,0,80
05/09/2016,BTV,VT,ANE,EN,Combined TRACON& Tower with Radar,33,39,10,16,98,0,0,35,2,37,33,39,45,18,135,97,12,109,244
05/10/2016,BTV,VT,ANE,EN,Combined TRACON& Tower with Radar,38,39,21,14,112,0,2,55,0,57,38,41,76,14,169,90,2,92,261
05/11/2016,BTV,VT,ANE,EN,Combined TRACON& Tower with Radar,36,37,22,9,104,0,0,46,4,50,36,37,68,13,154,70,0,70,224
05/12/2016,BTV,VT,ANE,EN,Combined TRACON& Tower with Radar,35,51,27,15,128,0,5,66,14,85,35,56,93,29,213,47,4,51,264
05/13/2016,BTV,VT,ANE,EN,Combined TRACON& Tower with Radar,34,37,25,9,105,0,0,14,3,17,34,37,39,12,122,54,2,56,178
05/14/2016,BTV,VT,ANE,EN,Combined TRACON& Tower with Radar,31,27,26,0,84,0,0,135,24,159,31,27,161,24,243,0,0,0,243
05/15/2016,BTV,VT,ANE,EN,Combined TRACON& Tower with Radar,28,34,16,2,80,0,0,62,4,66,28,34,78,6,146,0,0,0,146
05/16/2016,BTV,VT,ANE,EN,Combined TRACON& Tower with Radar,34,38,19,11,102,0,1,12,0,13,34,39,31,11,115,14,0,14,129
05/17/2016,BTV,VT,ANE,EN,Combined TRACON& Tower with Radar,35,50,17,15,117,0,1,67,13,81,35,51,84,28,198,111,8,119,317
05/18/2016,BTV,VT,ANE,EN,Combined TRACON& Tower with Radar,34,54,21,10,119,0,0,56,14,70,34,54,77,24,189,47,8,55,244
05/19/2016,BTV,VT,ANE,EN,Combined TRACON& Tower with Radar,35,45,22,3,105,0,1,40,12,53,35,46,62,15,158,78,0,78,236
05/20/2016,BTV,VT,ANE,EN,Combined TRACON& Tower with Radar,33,39,29,2,103,0,2,78,3,83,33,41,107,5,186,47,0,47,233
05/21/2016,BTV,VT,ANE,EN,Combined TRACON& Tower with Radar,31,28,16,2,77,0,0,59,7,66,31,28,75,9,143,29,0,29,172
05/22/2016,BTV,VT,ANE,EN,Combined TRACON& Tower with Radar,30,46,21,0,97,0,0,32,0,32,30,46,53,0,129,35,0,35,164
05/23/2016,BTV,VT,ANE,EN,Combined TRACON& Tower with Radar,34,40,24,13,111,0,4,71,4,79,34,44,95,17,190,59,17,76,266
05/24/2016,BTV,VT,ANE,EN,Combined TRACON& Tower with Radar,33,34,19,16,102,0,1,35,11,47,33,35,54,27,149,50,4,54,203
05/25/2016,BTV,VT,ANE,EN,Combined TRACON& Tower with Radar,33,44,25,18,120,0,0,41,19,60,33,44,66,37,180,13,11,24,204
05/26/2016,BTV,VT,ANE,EN,Combined TRACON& Tower with Radar,35,42,27,19,123,0,2,55,4,61,35,44,82,23,184,129,22,151,335
05/27/2016,BTV,VT,ANE,EN,Combined TRACON& Tower with Radar,35,46,26,0,107,0,2,36,0,38,35,48,62,0,145,5,4,9,154
05/28/2016,BTV,VT,ANE,EN,Combined TRACON& Tower with Radar,30,22,13,0,65,0,2,25,0,27,30,24,38,0,92,95,0,95,187
05/29/2016,BTV,VT,ANE,EN,Combined TRACON& Tower with Radar,22,25,14,0,61,0,0,15,0,15,22,25,29,0,76,29,0,29,105
05/30/2016,BTV,VT,ANE,EN,Combined TRACON& Tower with Radar,33,39,13,2,87,0,0,19,0,19,33,39,32,2,106,54,0,54,160
05/31/2016,BTV,VT,ANE,EN,Combined TRACON& Tower with Radar,34,38,13,4,89,0,0,56,8,64,34,38,69,12,153,56,4,60,213
06/01/2016,BTV,VT,ANE,EN,Combined TRACON& Tower with Radar,34,36,24,1,95,0,1,52,2,55,34,37,76,3,150,94,0,94,244
06/02/2016,BTV,VT,ANE,EN,Combined TRACON& Tower with Radar,36,45,39,0,120,0,0,24,5,29,36,45,63,5,149,75,0,75,224
06/03/2016,BTV,VT,ANE,EN,Combined TRACON& Tower with Radar,36,36,28,2,102,0,0,41,13,54,36,36,69,15,156,98,0,98,254
06/04/2016,BTV,VT,ANE,EN,Combined TRACON& Tower with Radar,31,25,18,8,82,0,0,79,5,84,31,25,97,13,166,71,3,74,240
06/05/2016,BTV,VT,ANE,EN,Combined TRACON& Tower with Radar,25,38,15,3,81,0,0,1,0,1,25,38,16,3,82,0,0,0,82
06/06/2016,BTV,VT,ANE,EN,Combined TRACON& Tower with Radar,36,39,18,32,125,0,2,37,4,43,36,41,55,36,168,39,10,49,217
06/07/2016,BTV,VT,ANE,EN,Combined TRACON& Tower with Radar,42,44,31,24,141,0,0,26,4,30,42,44,57,28,171,37,32,69,240
06/08/2016,BTV,VT,ANE,EN,Combined TRACON& Tower with Radar,35,37,28,9,109,0,0,31,6,37,35,37,59,15,146,107,4,111,257
06/09/2016,BTV,VT,ANE,EN,Combined TRACON& Tower with Radar,45,39,22,11,117,0,0,15,6,21,45,39,37,17,138,34,2,36,174
06/10/2016,BTV,VT,ANE,EN,Combined TRACON& Tower with Radar,41,42,26,0,109,0,1,31,2,34,41,43,57,2,143,51,0,51,194
06/11/2016,BTV,VT,ANE,EN,Combined TRACON& Tower with Radar,33,33,22,2,90,0,0,14,0,14,33,33,36,2,104,53,0,53,157
06/12/2016,BTV,VT,ANE,EN,Combined TRACON& Tower with Radar,32,33,28,0,93,0,0,11,0,11,32,33,39,0,104,38,0,38,142
06/13/2016,BTV,VT,ANE,EN,Combined TRACON& Tower with Radar,40,37,36,0,113,0,0,12,0,12,40,37,48,0,125,35,0,35,160
06/14/2016,BTV,VT,ANE,EN,Combined TRACON& Tower with Radar,42,33,38,14,127,0,4,60,13,77,42,37,98,27,204,57,5,62,266
06/15/2016,BTV,VT,ANE,EN,Combined TRACON& Tower with Radar,42,37,27,25,131,0,3,67,7,77,42,40,94,32,208,75,21,96,304
06/16/2016,BTV,VT,ANE,EN,Combined TRACON& Tower with Radar,39,26,26,14,105,0,5,64,10,79,39,31,90,24,184,99,27,126,310
06/17/2016,BTV,VT,ANE,EN,Combined TRACON& Tower with Radar,41,36,18,7,102,0,0,57,0,57,41,36,75,7,159,59,5,64,223
06/18/2016,BTV,VT,ANE,EN,Combined TRACON& Tower with Radar,34,31,18,0,83,0,0,39,0,39,34,31,57,0,122,4,0,4,126
06/19/2016,BTV,VT,ANE,EN,Combined TRACON& Tower with Radar,33,40,28,0,101,0,2,47,0,49,33,42,75,0,150,13,0,13,163
06/20/2016,BTV,VT,ANE,EN,Combined TRACON& Tower with Radar,41,48,19,2,110,0,4,37,0,41,41,52,56,2,151,78,0,78,229
06/21/2016,BTV,VT,ANE,EN,Combined TRACON& Tower with Radar,35,35,26,10,106,0,4,48,14,66,35,39,74,24,172,77,12,89,261
06/22/2016,BTV,VT,ANE,EN,Combined TRACON& Tower with Radar,41,34,18,8,101,0,3,28,6,37,41,37,46,14,138,48,10,58,196
06/23/2016,BTV,VT,ANE,EN,Combined TRACON& Tower with Radar,39,37,27,12,115,0,0,68,7,75,39,37,95,19,190,90,7,97,287
06/24/2016,BTV,VT,ANE,EN,Combined TRACON& Tower with Radar,36,41,20,13,110,0,1,73,3,77,36,42,93,16,187,40,17,57,244
06/25/2016,BTV,VT,ANE,EN,Combined TRACON& Tower with Radar,34,30,21,0,85,0,0,74,9,83,34,30,95,9,168,0,0,0,168
06/26/2016,BTV,VT,ANE,EN,Combined TRACON& Tower with Radar,30,47,20,0,97,0,2,58,1,61,30,49,78,1,158,58,0,58,216
06/27/2016,BTV,VT,ANE,EN,Combined TRACON& Tower with Radar,38,46,24,1,109,0,0,26,3,29,38,46,50,4,138,0,0,0,138
06/28/2016,BTV,VT,ANE,EN,Combined TRACON& Tower with Radar,40,39,14,5,98,0,0,72,1,73,40,39,86,6,171,0,0,0,171
06/29/2016,BTV,VT,ANE,EN,Combined TRACON& Tower with Radar,44,34,22,15,115,0,1,22,6,29,44,35,44,21,144,124,2,126,270
06/30/2016,BTV,VT,ANE,EN,Combined TRACON& Tower with Radar,45,38,25,12,120,0,6,78,6,90,45,44,103,18,210,87,17,104,314
07/01/2016,BTV,VT,ANE,EN,Combined TRACON& Tower with Radar,36,29,16,4,85,0,0,44,3,47,36,29,60,7,132,63,2,65,197
07/02/2016,BTV,VT,ANE,EN,Combined TRACON& Tower with Radar,30,46,30,2,108,0,0,30,1,31,30,46,60,3,139,38,1,39,178
07/03/2016,BTV,VT,ANE,EN,Combined TRACON& Tower with Radar,26,29,24,0,79,0,4,51,0,55,26,33,75,0,134,81,0,81,215
07/04/2016,BTV,VT,ANE,EN,Combined TRACON& Tower with Radar,31,31,15,1,78,0,3,44,1,48,31,34,59,2,126,53,0,53,179
07/05/2016,BTV,VT,ANE,EN,Combined TRACON& Tower with Radar,34,44,21,0,99,0,0,42,6,48,34,44,63,6,147,14,0,14,161
07/06/2016,BTV,VT,ANE,EN,Combined TRACON& Tower with Radar,36,41,36,21,134,0,2,66,3,71,36,43,102,24,205,52,12,64,269
07/07/2016,BTV,VT,ANE,EN,Combined TRACON& Tower with Radar,36,41,22,17,116,0,1,22,6,29,36,42,44,23,145,29,8,37,182
07/08/2016,BTV,VT,ANE,EN,Combined TRACON& Tower with Radar,32,31,26,9,98,0,0,17,1,18,32,31,43,10,116,89,0,89,205
07/09/2016,BTV,VT,ANE,EN,Combined TRACON& Tower with Radar,29,47,10,0,86,0,0,3,6,9,29,47,13,6,95,0,0,0,95
07/10/2016,BTV,VT,ANE,EN,Combined TRACON& Tower with Radar,35,44,27,2,108,0,0,1,0,1,35,44,28,2,109,0,0,0,109
07/11/2016,BTV,VT,ANE,EN,Combined TRACON& Tower with Radar,34,42,26,3,105,0,4,49,7,60,34,46,75,10,165,171,4,175,340
07/12/2016,BTV,VT,ANE,EN,Combined TRACON& Tower with Radar,37,37,24,17,115,0,3,61,11,75,37,40,85,28,190,64,12,76,266
07/13/2016,BTV,VT,ANE,EN,Combined TRACON& Tower with Radar,37,42,31,20,130,0,0,45,9,54,37,42,76,29,184,44,2,46,230
07/14/2016,BTV,VT,ANE,EN,Combined TRACON& Tower with Radar,37,44,32,15,128,0,1,18,4,23,37,45,50,19,151,18,6,24,175
07/15/2016,BTV,VT,ANE,EN,Combined TRACON& Tower with Radar,36,43,25,27,131,0,2,42,7,51,36,45,67,34,182,114,2,116,298
07/16/2016,BTV,VT,ANE,EN,Combined TRACON& Tower with Radar,30,44,30,2,106,0,0,36,0,36,30,44,66,2,142,26,0,26,168
07/17/2016,BTV,VT,ANE,EN,Combined TRACON& Tower with Radar,36,40,26,4,106,0,1,39,0,40,36,41,65,4,146,54,0,54,200
07/18/2016,BTV,VT,ANE,EN,Combined TRACON& Tower with Radar,33,33,23,0,89,0,0,21,0,21,33,33,44,0,110,15,0,15,125
07/19/2016,BTV,VT,ANE,EN,Combined TRACON& Tower with Radar,35,40,28,25,128,0,0,56,16,72,35,40,84,41,200,62,0,62,262
07/20/2016,BTV,VT,ANE,EN,Combined TRACON& Tower with Radar,37,37,36,26,136,0,2,58,12,72,37,39,94,38,208,45,21,66,274
07/21/2016,BTV,VT,ANE,EN,Combined TRACON& Tower with Radar,36,44,28,15,123,0,3,55,7,65,36,47,83,22,188,102,0,102,290
07/22/2016,BTV,VT,ANE,EN,Combined TRACON& Tower with Radar,32,40,21,10,103,0,4,30,0,34,32,44,51,10,137,31,0,31,168
07/23/2016,BTV,VT,ANE,EN,Combined TRACON& Tower with Radar,30,37,25,0,92,0,0,33,0,33,30,37,58,0,125,45,0,45,170
07/24/2016,BTV,VT,ANE,EN,Combined TRACON& Tower with Radar,35,37,23,1,96,0,5,63,0,68,35,42,86,1,164,163,0,163,327
07/25/2016,BTV,VT,ANE,EN,Combined TRACON& Tower with Radar,31,35,25,19,110,0,1,50,8,59,31,36,75,27,169,83,12,95,264
07/26/2016,BTV,VT,ANE,EN,Combined TRACON& Tower with Radar,38,50,23,9,120,0,1,48,24,73,38,51,71,33,193,51,12,63,256
07/27/2016,BTV,VT,ANE,EN,Combined TRACON& Tower with Radar,38,43,31,17,129,0,7,74,17,98,38,50,105,34,227,83,10,93,320
07/28/2016,BTV,VT,ANE,EN,Combined TRACON& Tower with Radar,28,31,38,13,110,0,3,29,21,53,28,34,67,34,163,54,25,79,242
07/29/2016,BTV,VT,ANE,EN,Combined TRACON& Tower with Radar,32,46,27,13,118,0,0,40,34,74,32,46,67,47,192,2,15,17,209
07/30/2016,BTV,VT,ANE,EN,Combined TRACON& Tower with Radar,28,30,31,1,90,0,2,67,24,93,28,32,98,25,183,100,10,110,293
07/31/2016,BTV,VT,ANE,EN,Combined TRACON& Tower with Radar,31,37,34,3,105,0,1,36,15,52,31,38,70,18,157,53,8,61,218
08/01/2016,BTV,VT,ANE,EN,Combined TRACON& Tower with Radar,29,35,27,6,97,0,2,5,1,8,29,37,32,7,105,8,10,18,123
08/02/2016,BTV,VT,ANE,EN,Combined TRACON& Tower with Radar,36,43,19,20,118,0,0,63,18,81,36,43,82,38,199,71,14,85,284
08/03/2016,BTV,VT,ANE,EN,Combined TRACON& Tower with Radar,40,44,31,14,129,0,2,69,23,94,40,46,100,37,223,98,2,100,323
08/04/2016,BTV,VT,ANE,EN,Combined TRACON& Tower with Radar,34,37,16,18,105,0,3,60,14,77,34,40,76,32,182,79,8,87,269
08/05/2016,BTV,VT,ANE,EN,Combined TRACON& Tower with Radar,36,42,27,9,114,0,3,44,3,50,36,45,71,12,164,60,0,60,224
08/06/2016,BTV,VT,ANE,EN,Combined TRACON& Tower with Radar,27,47,17,0,91,0,0,42,0,42,27,47,59,0,133,23,0,23,156
08/07/2016,BTV,VT,ANE,EN,Combined TRACON& Tower with Radar,31,36,16,0,83,0,0,99,1,100,31,36,115,1,183,0,0,0,183
08/08/2016,BTV,VT,ANE,EN,Combined TRACON& Tower with Radar,34,28,20,0,82,0,1,49,0,50,34,29,69,0,132,42,0,42,174
08/09/2016,BTV,VT,ANE,EN,Combined TRACON& Tower with Radar,36,40,17,15,108,0,0,60,9,69,36,40,77,24,177,59,32,91,268
08/10/2016,BTV,VT,ANE,EN,Combined TRACON& Tower with Radar,34,43,33,9,119,0,0,28,4,32,34,43,61,13,151,31,0,31,182
08/11/2016,BTV,VT,ANE,EN,Combined TRACON& Tower with Radar,32,28,36,5,101,0,0,61,10,71,32,28,97,15,172,47,10,57,229
08/12/2016,BTV,VT,ANE,EN,Combined TRACON& Tower with Radar,33,37,25,7,102,0,0,22,17,39,33,37,47,24,141,6,16,22,163
08/13/2016,BTV,VT,ANE,EN,Combined TRACON& Tower with Radar,28,53,12,10,103,0,0,0,0,0,28,53,12,10,103,0,0,0,103
08/14/2016,BTV,VT,ANE,EN,Combined TRACON& Tower with Radar,31,35,27,11,104,0,0,28,25,53,31,35,55,36,157,4,6,10,167
08/15/2016,BTV,VT,ANE,EN,Combined TRACON& Tower with Radar,34,36,30,17,117,0,3,57,2,62,34,39,87,19,179,98,8,106,285
08/16/2016,BTV,VT,ANE,EN,Combined TRACON& Tower with Radar,32,45,24,8,109,0,0,17,4,21,32,45,41,12,130,77,8,85,215
08/17/2016,BTV,VT,ANE,EN,Combined TRACON& Tower with Radar,32,48,41,3,124,0,0,32,9,41,32,48,73,12,165,37,0,37,202
08/18/2016,BTV,VT,ANE,EN,Combined TRACON& Tower with Radar,32,48,29,6,115,0,0,46,9,55,32,48,75,15,170,84,18,102,272
08/19/2016,BTV,VT,ANE,EN,Combined TRACON& Tower with Radar,31,45,29,0,105,0,0,64,4,68,31,45,93,4,173,84,2,86,259
08/20/2016,BTV,VT,ANE,EN,Combined TRACON& Tower with Radar,28,48,24,1,101,0,0,109,1,110,28,48,133,2,211,0,0,0,211
08/21/2016,BTV,VT,ANE,EN,Combined TRACON& Tower with Radar,30,31,22,0,83,0,2,12,0,14,30,33,34,0,97,1,0,1,98
08/22/2016,BTV,VT,ANE,EN,Combined TRACON& Tower with Radar,30,50,25,10,115,0,0,41,2,43,30,50,66,12,158,31,7,38,196
08/23/2016,BTV,VT,ANE,EN,Combined TRACON& Tower with Radar,33,43,22,16,114,0,0,83,20,103,33,43,105,36,217,70,20,90,307
08/24/2016,BTV,VT,ANE,EN,Combined TRACON& Tower with Radar,36,46,25,22,129,0,0,63,13,76,36,46,88,35,205,51,13,64,269
08/25/2016,BTV,VT,ANE,EN,Combined TRACON& Tower with Radar,35,50,27,1,113,0,0,23,7,30,35,50,50,8,143,23,2,25,168
08/26/2016,BTV,VT,ANE,EN,Combined TRACON& Tower with Radar,36,38,28,12,114,0,0,51,10,61,36,38,79,22,175,30,6,36,211
08/27/2016,BTV,VT,ANE,EN,Combined TRACON& Tower with Radar,28,47,21,0,96,0,3,78,0,81,28,50,99,0,177,21,0,21,198
08/28/2016,BTV,VT,ANE,EN,Combined TRACON& Tower with Radar,34,42,16,0,92,0,0,36,0,36,34,42,52,0,128,22,0,22,150
08/29/2016,BTV,VT,ANE,EN,Combined TRACON& Tower with Radar,32,47,26,2,107,0,1,31,0,32,32,48,57,2,139,52,0,52,191
08/30/2016,BTV,VT,ANE,EN,Combined TRACON& Tower with Radar,33,46,22,8,109,0,5,46,17,68,33,51,68,25,177,72,0,72,249
08/31/2016,BTV,VT,ANE,EN,Combined TRACON& Tower with Radar,32,48,27,7,114,0,0,27,3,30,32,48,54,10,144,47,2,49,193
09/01/2016,BTV,VT,ANE,EN,Combined TRACON& Tower with Radar,31,48,29,15,123,0,0,66,9,75,31,48,95,24,198,35,2,37,235
09/02/2016,BTV,VT,ANE,EN,Combined TRACON& Tower with Radar,32,48,28,4,112,0,2,51,0,53,32,50,79,4,165,106,6,112,277
09/03/2016,BTV,VT,ANE,EN,Combined TRACON& Tower with Radar,27,35,19,0,81,0,1,54,0,55,27,36,73,0,136,71,0,71,207
09/04/2016,BTV,VT,ANE,EN,Combined TRACON& Tower with Radar,19,30,15,0,64,0,1,74,0,75,19,31,89,0,139,78,0,78,217
09/05/2016,BTV,VT,ANE,EN,Combined TRACON& Tower with Radar,33,48,21,0,102,0,1,51,0,52,33,49,72,0,154,53,0,53,207
09/06/2016,BTV,VT,ANE,EN,Combined TRACON& Tower with Radar,31,46,31,16,124,0,2,52,8,62,31,48,83,24,186,90,2,92,278
09/07/2016,BTV,VT,ANE,EN,Combined TRACON& Tower with Radar,30,39,30,16,115,0,2,70,4,76,30,41,100,20,191,83,0,83,274
09/08/2016,BTV,VT,ANE,EN,Combined TRACON& Tower with Radar,36,43,34,17,130,0,1,44,5,50,36,44,78,22,180,69,8,77,257
09/09/2016,BTV,VT,ANE,EN,Combined TRACON& Tower with Radar,34,38,18,15,105,0,0,60,12,72,34,38,78,27,177,83,2,85,262
09/10/2016,BTV,VT,ANE,EN,Combined TRACON& Tower with Radar,28,37,25,26,116,0,0,35,15,50,28,37,60,41,166,33,10,43,209
09/11/2016,BTV,VT,ANE,EN,Combined TRACON& Tower with Radar,31,43,15,0,89,0,1,13,5,19,31,44,28,5,108,8,0,8,116
09/12/2016,BTV,VT,ANE,EN,Combined TRACON& Tower with Radar,30,43,13,2,88,0,1,47,3,51,30,44,60,5,139,21,0,21,160
09/13/2016,BTV,VT,ANE,EN,Combined TRACON& Tower with Radar,29,47,24,14,114,0,2,49,4,55,29,49,73,18,169,33,0,33,202
09/14/2016,BTV,VT,ANE,EN,Combined TRACON& Tower with Radar,29,49,23,15,116,0,0,14,4,18,29,49,37,19,134,41,2,43,177
09/15/2016,BTV,VT,ANE,EN,Combined TRACON& Tower with Radar,34,50,17,16,117,0,4,58,12,74,34,54,75,28,191,103,4,107,298
09/16/2016,BTV,VT,ANE,EN,Combined TRACON& Tower with Radar,32,45,26,14,117,0,5,66,11,82,32,50,92,25,199,44,0,44,243
09/17/2016,BTV,VT,ANE,EN,Combined TRACON& Tower with Radar,32,46,25,0,103,0,0,42,2,44,32,46,67,2,147,0,0,0,147
09/18/2016,BTV,VT,ANE,EN,Combined TRACON& Tower with Radar,32,43,21,0,96,0,1,41,0,42,32,44,62,0,138,0,0,0,138
09/19/2016,BTV,VT,ANE,EN,Combined TRACON& Tower with Radar,28,52,23,0,103,0,0,128,5,133,28,52,151,5,236,0,0,0,236
09/20/2016,BTV,VT,ANE,EN,Combined TRACON& Tower with Radar,30,48,18,11,107,0,4,56,8,68,30,52,74,19,175,78,0,78,253
09/21/2016,BTV,VT,ANE,EN,Combined TRACON& Tower with Radar,29,61,28,17,135,0,0,72,3,75,29,61,100,20,210,83,2,85,295
09/22/2016,BTV,VT,ANE,EN,Combined TRACON& Tower with Radar,31,48,18,23,120,0,4,59,13,76,31,52,77,36,196,97,16,113,309
09/23/2016,BTV,VT,ANE,EN,Combined TRACON& Tower with Radar,32,55,51,8,146,0,0,13,0,13,32,55,64,8,159,35,0,35,194
09/24/2016,BTV,VT,ANE,EN,Combined TRACON& Tower with Radar,30,44,26,2,102,0,1,41,1,43,30,45,67,3,145,42,0,42,187
09/25/2016,BTV,VT,ANE,EN,Combined TRACON& Tower with Radar,32,49,28,2,111,0,4,78,0,82,32,53,106,2,193,88,0,88,281
09/26/2016,BTV,VT,ANE,EN,Combined TRACON& Tower with Radar,33,48,22,12,115,0,2,40,0,42,33,50,62,12,157,59,6,65,222
09/27/2016,BTV,VT,ANE,EN,Combined TRACON& Tower with Radar,31,49,21,18,119,0,1,38,16,55,31,50,59,34,174,118,21,139,313
09/28/2016,BTV,VT,ANE,EN,Combined TRACON& Tower with Radar,29,50,33,28,140,0,0,56,6,62,29,50,89,34,202,70,22,92,294
09/29/2016,BTV,VT,ANE,EN,Combined TRACON& Tower with Radar,31,52,28,1,112,0,1,38,12,51,31,53,66,13,163,135,0,135,298
09/30/2016,BTV,VT,ANE,EN,Combined TRACON& Tower with Radar,32,59,33,2,126,0,1,54,0,55,32,60,87,2,181,138,0,138,319
10/01/2016,BTV,VT,ANE,EN,Combined TRACON& Tower with Radar,29,46,26,0,101,0,0,24,0,24,29,46,50,0,125,36,0,36,161
10/02/2016,BTV,VT,ANE,EN,Combined TRACON& Tower with Radar,32,45,22,0,99,0,0,4,0,4,32,45,26,0,103,28,0,28,131
10/03/2016,BTV,VT,ANE,EN,Combined TRACON& Tower with Radar,30,50,41,3,124,0,0,3,0,3,30,50,44,3,127,2,0,2,129
10/04/2016,BTV,VT,ANE,EN,Combined TRACON& Tower with Radar,29,47,25,6,107,0,0,29,4,33,29,47,54,10,140,25,19,44,184
10/05/2016,BTV,VT,ANE,EN,Combined TRACON& Tower with Radar,31,62,36,9,138,0,5,61,7,73,31,67,97,16,211,97,8,105,316
10/06/2016,BTV,VT,ANE,EN,Combined TRACON& Tower with Radar,34,53,21,18,126,0,2,83,5,90,34,55,104,23,216,96,15,111,327
10/07/2016,BTV,VT,ANE,EN,Combined TRACON& Tower with Radar,36,57,41,1,135,0,4,94,1,99,36,61,135,2,234,50,0,50,284
10/08/2016,BTV,VT,ANE,EN,Combined TRACON& Tower with Radar,28,49,29,0,106,0,0,19,0,19,28,49,48,0,125,15,0,15,140
10/09/2016,BTV,VT,ANE,EN,Combined TRACON& Tower with Radar,34,44,25,0,103,0,0,43,0,43,34,44,68,0,146,20,0,20,166
10/10/2016,BTV,VT,ANE,EN,Combined TRACON& Tower with Radar,35,51,26,0,112,0,3,54,0,57,35,54,80,0,169,77,0,77,246
10/11/2016,BTV,VT,ANE,EN,Combined TRACON& Tower with Radar,34,48,19,12,113,0,3,79,11,93,34,51,98,23,206,112,0,112,318
10/12/2016,BTV,VT,ANE,EN,Combined TRACON& Tower with Radar,38,47,31,13,129,0,2,65,13,80,38,49,96,26,209,34,0,34,243
10/13/2016,BTV,VT,ANE,EN,Combined TRACON& Tower with Radar,35,48,26,6,115,0,2,9,5,16,35,50,35,11,131,12,4,16,147
10/14/2016,BTV,VT,ANE,EN,Combined TRACON& Tower with Radar,35,41,43,20,139,0,4,71,11,86,35,45,114,31,225,90,0,90,315
10/15/2016,BTV,VT,ANE,EN,Combined TRACON& Tower with Radar,28,33,22,24,107,0,1,110,40,151,28,34,132,64,258,0,0,0,258
10/16/2016,BTV,VT,ANE,EN,Combined TRACON& Tower with Radar,37,49,27,3,116,0,3,33,0,36,37,52,60,3,152,28,0,28,180
10/17/2016,BTV,VT,ANE,EN,Combined TRACON& Tower with Radar,33,45,30,10,118,0,1,47,2,50,33,46,77,12,168,63,10,73,241
10/18/2016,BTV,VT,ANE,EN,Combined TRACON& Tower with Radar,35,51,20,14,120,0,2,17,7,26,35,53,37,21,146,46,14,60,206
10/19/2016,BTV,VT,ANE,EN,Combined TRACON& Tower with Radar,36,48,21,19,124,0,0,77,10,87,36,48,98,29,211,61,5,66,277
10/20/2016,BTV,VT,ANE,EN,Combined TRACON& Tower with Radar,35,53,23,24,135,0,1,59,6,66,35,54,82,30,201,0,0,0,201
10/21/2016,BTV,VT,ANE,EN,Combined TRACON& Tower with Radar,36,55,21,6,118,1,0,5,0,6,37,55,26,6,124,0,2,2,126
10/22/2016,BTV,VT,ANE,EN,Combined TRACON& Tower with Radar,27,43,20,0,90,0,0,0,0,0,27,43,20,0,90,0,0,0,90
10/23/2016,BTV,VT,ANE,EN,Combined TRACON& Tower with Radar,33,36,11,0,80,0,0,7,0,7,33,36,18,0,87,0,0,0,87
10/24/2016,BTV,VT,ANE,EN,Combined TRACON& Tower with Radar,35,38,23,2,98,0,1,38,0,39,35,39,61,2,137,33,0,33,170
10/25/2016,BTV,VT,ANE,EN,Combined TRACON& Tower with Radar,33,49,22,12,116,0,0,25,5,30,33,49,47,17,146,66,2,68,214
10/26/2016,BTV,VT,ANE,EN,Combined TRACON& Tower with Radar,34,41,35,7,117,0,0,23,1,24,34,41,58,8,141,72,2,74,215
10/27/2016,BTV,VT,ANE,EN,Combined TRACON& Tower with Radar,34,52,16,8,110,0,0,32,1,33,34,52,48,9,143,61,2,63,206
10/28/2016,BTV,VT,ANE,EN,Combined TRACON& Tower with Radar,34,50,16,5,105,0,0,4,0,4,34,50,20,5,109,4,0,4,113
10/29/2016,BTV,VT,ANE,EN,Combined TRACON& Tower with Radar,29,42,27,0,98,0,0,7,0,7,29,42,34,0,105,48,0,48,153
10/30/2016,BTV,VT,ANE,EN,Combined TRACON& Tower with Radar,32,24,11,0,67,0,0,4,0,4,32,24,15,0,71,0,0,0,71
10/31/2016,BTV,VT,ANE,EN,Combined TRACON& Tower with Radar,31,31,16,1,79,0,0,128,3,131,31,31,144,4,210,0,0,0,210
11/01/2016,BTV,VT,ANE,EN,Combined TRACON& Tower with Radar,38,32,23,12,105,0,1,80,13,94,38,33,103,25,199,0,0,0,199
11/02/2016,BTV,VT,ANE,EN,Combined TRACON& Tower with Radar,35,40,27,30,132,0,0,44,7,51,35,40,71,37,183,103,20,123,306
11/03/2016,BTV,VT,ANE,EN,Combined TRACON& Tower with Radar,33,36,11,12,92,0,0,0,0,0,33,36,11,12,92,0,0,0,92
11/04/2016,BTV,VT,ANE,EN,Combined TRACON& Tower with Radar,27,40,24,9,100,0,2,31,1,34,27,42,55,10,134,18,0,18,152
11/05/2016,BTV,VT,ANE,EN,Combined TRACON& Tower with Radar,30,32,20,19,101,0,0,8,8,16,30,32,28,27,117,41,2,43,160
11/06/2016,BTV,VT,ANE,EN,Combined TRACON& Tower with Radar,32,33,14,1,80,0,0,26,4,30,32,33,40,5,110,71,0,71,181
11/07/2016,BTV,VT,ANE,EN,Combined TRACON& Tower with Radar,34,37,23,7,101,0,6,55,3,64,34,43,78,10,165,50,18,68,233
11/08/2016,BTV,VT,ANE,EN,Combined TRACON& Tower with Radar,27,36,26,8,97,0,3,61,8,72,27,39,87,16,169,70,2,72,241
11/09/2016,BTV,VT,ANE,EN,Combined TRACON& Tower with Radar,34,39,14,16,103,0,0,0,7,7,34,39,14,23,110,24,12,36,146
11/10/2016,BTV,VT,ANE,EN,Combined TRACON& Tower with Radar,28,41,29,14,112,0,5,52,7,64,28,46,81,21,176,62,6,68,244
11/11/2016,BTV,VT,ANE,EN,Combined TRACON& Tower with Radar,27,41,14,3,85,0,0,5,2,7,27,41,19,5,92,0,4,4,96
11/12/2016,BTV,VT,ANE,EN,Combined TRACON& Tower with Radar,28,25,16,0,69,0,2,44,0,46,28,27,60,0,115,55,0,55,170
11/13/2016,BTV,VT,ANE,EN,Combined TRACON& Tower with Radar,28,28,32,2,90,0,1,68,0,69,28,29,100,2,159,0,0,0,159
11/14/2016,BTV,VT,ANE,EN,Combined TRACON& Tower with Radar,28,37,19,40,124,0,3,60,6,69,28,40,79,46,193,0,0,0,193
11/15/2016,BTV,VT,ANE,EN,Combined TRACON& Tower with Radar,29,40,15,9,93,0,0,65,2,67,29,40,80,11,160,0,0,0,160
11/16/2016,BTV,VT,ANE,EN,Combined TRACON& Tower with Radar,33,32,18,5,88,0,0,1,0,1,33,32,19,5,89,0,0,0,89
11/17/2016,BTV,VT,ANE,EN,Combined TRACON& Tower with Radar,28,46,22,8,104,0,2,7,13,22,28,48,29,21,126,59,4,63,189
11/18/2016,BTV,VT,ANE,EN,Combined TRACON& Tower with Radar,28,42,24,10,104,0,0,79,1,80,28,42,103,11,184,76,0,76,260
11/19/2016,BTV,VT,ANE,EN,Combined TRACON& Tower with Radar,28,27,34,0,89,0,0,65,0,65,28,27,99,0,154,44,0,44,198
11/20/2016,BTV,VT,ANE,EN,Combined TRACON& Tower with Radar,28,23,7,0,58,0,0,0,0,0,28,23,7,0,58,0,0,0,58
11/21/2016,BTV,VT,ANE,EN,Combined TRACON& Tower with Radar,29,28,6,0,63,0,0,0,0,0,29,28,6,0,63,0,0,0,63
11/22/2016,BTV,VT,ANE,EN,Combined TRACON& Tower with Radar,35,45,24,3,107,0,0,3,1,4,35,45,27,4,111,0,0,0,111
11/23/2016,BTV,VT,ANE,EN,Combined TRACON& Tower with Radar,29,46,20,1,96,0,0,25,1,26,29,46,45,2,122,51,0,51,173
11/24/2016,BTV,VT,ANE,EN,Combined TRACON& Tower with Radar,18,16,0,0,34,0,0,0,0,0,18,16,0,0,34,0,0,0,34
11/25/2016,BTV,VT,ANE,EN,Combined TRACON& Tower with Radar,25,26,9,0,60,0,0,0,0,0,25,26,9,0,60,0,0,0,60
11/26/2016,BTV,VT,ANE,EN,Combined TRACON& Tower with Radar,26,44,6,2,78,0,0,1,0,1,26,44,7,2,79,0,0,0,79
11/27/2016,BTV,VT,ANE,EN,Combined TRACON& Tower with Radar,26,43,28,1,98,0,0,6,0,6,26,43,34,1,104,0,0,0,104
11/28/2016,BTV,VT,ANE,EN,Combined TRACON& Tower with Radar,29,44,24,8,105,0,1,52,0,53,29,45,76,8,158,84,3,87,245
11/29/2016,BTV,VT,ANE,EN,Combined TRACON& Tower with Radar,32,42,9,0,83,0,0,9,0,9,32,42,18,0,92,0,0,0,92
11/30/2016,BTV,VT,ANE,EN,Combined TRACON& Tower with Radar,34,54,12,12,112,0,0,20,2,22,34,54,32,14,134,91,2,93,227
12/01/2016,BTV,VT,ANE,EN,Combined TRACON& Tower with Radar,32,40,11,5,88,0,0,24,4,28,32,40,35,9,116,68,12,80,196
12/02/2016,BTV,VT,ANE,EN,Combined TRACON& Tower with Radar,29,35,14,3,81,0,0,17,19,36,29,35,31,22,117,88,25,113,230
12/03/2016,BTV,VT,ANE,EN,Combined TRACON& Tower with Radar,23,18,10,1,52,0,0,0,0,0,23,18,10,1,52,72,35,107,159
12/04/2016,BTV,VT,ANE,EN,Combined TRACON& Tower with Radar,28,31,24,5,88,0,0,36,0,36,28,31,60,5,124,108,0,108,232
12/05/2016,BTV,VT,ANE,EN,Combined TRACON& Tower with Radar,28,39,11,2,80,0,0,0,0,0,28,39,11,2,80,0,0,0,80
12/06/2016,BTV,VT,ANE,EN,Combined TRACON& Tower with Radar,33,37,16,4,90,0,2,17,6,25,33,39,33,10,115,100,5,105,220
12/07/2016,BTV,VT,ANE,EN,Combined TRACON& Tower with Radar,36,40,10,2,88,0,1,13,4,18,36,41,23,6,106,66,2,68,174
12/08/2016,BTV,VT,ANE,EN,Combined TRACON& Tower with Radar,28,37,5,2,72,0,0,9,2,11,28,37,14,4,83,32,1,33,116
12/09/2016,BTV,VT,ANE,EN,Combined TRACON& Tower with Radar,30,41,62,0,133,0,1,14,0,15,30,42,76,0,148,19,0,19,167
12/10/2016,BTV,VT,ANE,EN,Combined TRACON& Tower with Radar,24,22,10,3,59,0,0,117,0,117,24,22,127,3,176,0,0,0,176
12/11/2016,BTV,VT,ANE,EN,Combined TRACON& Tower with Radar,24,30,11,0,65,0,2,158,0,160,24,32,169,0,225,0,0,0,225
12/12/2016,BTV,VT,ANE,EN,Combined TRACON& Tower with Radar,30,32,21,2,85,0,0,14,0,14,30,32,35,2,99,0,0,0,99
12/13/2016,BTV,VT,ANE,EN,Combined TRACON& Tower with Radar,30,32,26,2,90,0,2,167,9,178,30,34,193,11,268,0,0,0,268
12/14/2016,BTV,VT,ANE,EN,Combined TRACON& Tower with Radar,30,43,16,5,94,0,0,38,6,44,30,43,54,11,138,89,0,89,227
12/15/2016,BTV,VT,ANE,EN,Combined TRACON& Tower with Radar,29,48,5,2,84,0,0,5,4,9,29,48,10,6,93,0,0,0,93
12/16/2016,BTV,VT,ANE,EN,Combined TRACON& Tower with Radar,27,57,22,3,109,0,2,19,1,22,27,59,41,4,131,3,0,3,134
12/17/2016,BTV,VT,ANE,EN,Combined TRACON& Tower with Radar,18,34,13,0,65,0,0,0,0,0,18,34,13,0,65,0,0,0,65
12/18/2016,BTV,VT,ANE,EN,Combined TRACON& Tower with Radar,32,45,7,0,84,0,0,0,0,0,32,45,7,0,84,0,0,0,84
12/19/2016,BTV,VT,ANE,EN,Combined TRACON& Tower with Radar,31,40,18,0,89,0,1,18,1,20,31,41,36,1,109,27,0,27,136
12/20/2016,BTV,VT,ANE,EN,Combined TRACON& Tower with Radar,33,42,35,3,113,0,1,34,21,56,33,43,69,24,169,0,0,0,169
12/21/2016,BTV,VT,ANE,EN,Combined TRACON& Tower with Radar,33,51,25,13,122,0,1,39,0,40,33,52,64,13,162,73,10,83,245
12/22/2016,BTV,VT,ANE,EN,Combined TRACON& Tower with Radar,35,49,21,2,107,0,0,0,0,0,35,49,21,2,107,0,0,0,107
12/23/2016,BTV,VT,ANE,EN,Combined TRACON& Tower with Radar,37,42,24,0,103,0,1,31,0,32,37,43,55,0,135,22,0,22,157
12/24/2016,BTV,VT,ANE,EN,Combined TRACON& Tower with Radar,24,37,4,0,65,0,0,2,0,2,24,37,6,0,67,2,0,2,69
12/25/2016,BTV,VT,ANE,EN,Combined TRACON& Tower with Radar,22,36,3,0,61,0,1,7,0,8,22,37,10,0,69,0,0,0,69
12/26/2016,BTV,VT,ANE,EN,Combined TRACON& Tower with Radar,39,46,29,0,114,0,0,5,0,5,39,46,34,0,119,0,0,0,119
12/27/2016,BTV,VT,ANE,EN,Combined TRACON& Tower with Radar,37,46,18,0,101,0,1,15,4,20,37,47,33,4,121,29,5,34,155
12/28/2016,BTV,VT,ANE,EN,Combined TRACON& Tower with Radar,40,49,16,5,110,0,2,11,7,20,40,51,27,12,130,2,22,24,154
12/29/2016,BTV,VT,ANE,EN,Combined TRACON& Tower with Radar,42,44,5,0,91,0,0,2,0,2,42,44,7,0,93,22,0,22,115
12/30/2016,BTV,VT,ANE,EN,Combined TRACON& Tower with Radar,38,41,10,0,89,0,1,4,0,5,38,42,14,0,94,18,0,18,112
12/31/2016,BTV,VT,ANE,EN,Combined TRACON& Tower with Radar,29,26,13,0,68,0,0,14,0,14,29,26,27,0,82,62,0,62,144
01/01/2017,BTV,VT,ANE,EN,Combined TRACON& Tower with Radar,31,41,10,0,82,0,1,22,0,23,31,42,32,0,105,6,0,6,111
01/02/2017,BTV,VT,ANE,EN,Combined TRACON& Tower with Radar,38,43,23,0,104,0,0,63,0,63,38,43,86,0,167,44,0,44,211
01/03/2017,BTV,VT,ANE,EN,Combined TRACON& Tower with Radar,32,43,16,5,96,0,0,9,3,12,32,43,25,8,108,60,26,86,194
01/04/2017,BTV,VT,ANE,EN,Combined TRACON& Tower with Radar,36,38,12,2,88,0,0,8,0,8,36,38,20,2,96,18,0,18,114
01/05/2017,BTV,VT,ANE,EN,Combined TRACON& Tower with Radar,31,38,10,10,89,0,1,26,1,28,31,39,36,11,117,31,8,39,156
01/06/2017,BTV,VT,ANE,EN,Combined TRACON& Tower with Radar,27,38,10,1,76,0,0,27,0,27,27,38,37,1,103,84,0,84,187
01/07/2017,BTV,VT,ANE,EN,Combined TRACON& Tower with Radar,20,17,23,6,66,0,0,37,1,38,20,17,60,7,104,86,6,92,196
01/08/2017,BTV,VT,ANE,EN,Combined TRACON& Tower with Radar,16,36,14,2,68,0,0,11,0,11,16,36,25,2,79,23,0,23,102
01/09/2017,BTV,VT,ANE,EN,Combined TRACON& Tower with Radar,23,42,22,0,87,0,0,13,0,13,23,42,35,0,100,33,0,33,133
01/10/2017,BTV,VT,ANE,EN,Combined TRACON& Tower with Radar,25,44,13,3,85,0,0,2,4,6,25,44,15,7,91,18,4,22,113
01/11/2017,BTV,VT,ANE,EN,Combined TRACON& Tower with Radar,26,44,8,2,80,0,3,31,10,44,26,47,39,12,124,48,4,52,176
01/12/2017,BTV,VT,ANE,EN,Combined TRACON& Tower with Radar,24,39,20,1,84,0,0,5,0,5,24,39,25,1,89,11,0,11,100
01/13/2017,BTV,VT,ANE,EN,Combined TRACON& Tower with Radar,22,42,13,19,96,0,2,27,7,36,22,44,40,26,132,14,33,47,179
01/14/2017,BTV,VT,ANE,EN,Combined TRACON& Tower with Radar,26,27,16,0,69,0,1,60,0,61,26,28,76,0,130,155,0,155,285
01/15/2017,BTV,VT,ANE,EN,Combined TRACON& Tower with Radar,20,27,17,0,64,0,2,24,0,26,20,29,41,0,90,78,0,78,168
01/16/2017,BTV,VT,ANE,EN,Combined TRACON& Tower with Radar,26,44,14,0,84,0,3,52,2,57,26,47,66,2,141,12,0,12,153
01/17/2017,BTV,VT,ANE,EN,Combined TRACON& Tower with Radar,29,38,9,6,82,0,0,28,8,36,29,38,37,14,118,64,0,64,182
01/18/2017,BTV,VT,ANE,EN,Combined TRACON& Tower with Radar,30,36,16,16,98,0,0,4,3,7,30,36,20,19,105,21,30,51,156
01/19/2017,BTV,VT,ANE,EN,Combined TRACON& Tower with Radar,25,39,14,5,83,0,0,5,8,13,25,39,19,13,96,78,13,91,187
01/20/2017,BTV,VT,ANE,EN,Combined TRACON& Tower with Radar,24,45,17,8,94,0,0,13,5,18,24,45,30,13,112,57,4,61,173
01/21/2017,BTV,VT,ANE,EN,Combined TRACON& Tower with Radar,25,27,8,5,65,0,0,0,0,0,25,27,8,5,65,14,0,14,79
01/22/2017,BTV,VT,ANE,EN,Combined TRACON& Tower with Radar,26,39,19,2,86,0,0,0,0,0,26,39,19,2,86,0,0,0,86
01/23/2017,BTV,VT,ANE,EN,Combined TRACON& Tower with Radar,18,37,13,8,76,0,0,21,0,21,18,37,34,8,97,58,6,64,161
01/24/2017,BTV,VT,ANE,EN,Combined TRACON& Tower with Radar,20,35,6,0,61,0,0,0,0,0,20,35,6,0,61,0,0,0,61
01/25/2017,BTV,VT,ANE,EN,Combined TRACON& Tower with Radar,26,42,13,3,84,0,2,8,1,11,26,44,21,4,95,34,1,35,130
01/26/2017,BTV,VT,ANE,EN,Combined TRACON& Tower with Radar,25,50,13,3,91,0,0,8,3,11,25,50,21,6,102,35,11,46,148
01/27/2017,BTV,VT,ANE,EN,Combined TRACON& Tower with Radar,26,48,15,8,97,0,0,6,2,8,26,48,21,10,105,10,0,10,115
01/28/2017,BTV,VT,ANE,EN,Combined TRACON& Tower with Radar,26,26,13,0,65,0,1,21,0,22,26,27,34,0,87,27,0,27,114
01/29/2017,BTV,VT,ANE,EN,Combined TRACON& Tower with Radar,24,39,15,0,78,0,1,18,0,19,24,40,33,0,97,21,0,21,118
01/30/2017,BTV,VT,ANE,EN,Combined TRACON& Tower with Radar,24,37,16,2,79,0,0,34,3,37,24,37,50,5,116,24,0,24,140
01/31/2017,BTV,VT,ANE,EN,Combined TRACON& Tower with Radar,26,35,12,4,77,0,0,24,11,35,26,35,36,15,112,33,4,37,149
02/01/2017,BTV,VT,ANE,EN,Combined TRACON& Tower with Radar,28,37,10,5,80,0,1,2,0,3,28,38,12,5,83,0,0,0,83
02/02/2017,BTV,VT,ANE,EN,Combined TRACON& Tower with Radar,25,48,25,5,103,0,3,34,5,42,25,51,59,10,145,55,0,55,200
02/03/2017,BTV,VT,ANE,EN,Combined TRACON& Tower with Radar,26,45,14,2,87,0,0,5,0,5,26,45,19,2,92,10,0,10,102
02/04/2017,BTV,VT,ANE,EN,Combined TRACON& Tower with Radar,26,33,20,0,79,0,0,36,0,36,26,33,56,0,115,13,0,13,128
02/05/2017,BTV,VT,ANE,EN,Combined TRACON& Tower with Radar,27,31,15,0,73,0,0,19,0,19,27,31,34,0,92,34,0,34,126
02/06/2017,BTV,VT,ANE,EN,Combined TRACON& Tower with Radar,24,35,18,18,95,0,1,31,1,33,24,36,49,19,128,0,0,0,128
02/07/2017,BTV,VT,ANE,EN,Combined TRACON& Tower with Radar,28,37,4,2,71,0,0,2,0,2,28,37,6,2,73,0,0,0,73
02/08/2017,BTV,VT,ANE,EN,Combined TRACON& Tower with Radar,27,46,30,3,106,0,0,14,2,16,27,46,44,5,122,0,8,8,130
02/09/2017,BTV,VT,ANE,EN,Combined TRACON& Tower with Radar,14,42,18,1,75,0,2,7,7,16,14,44,25,8,91,20,0,20,111
02/10/2017,BTV,VT,ANE,EN,Combined TRACON& Tower with Radar,24,46,33,2,105,0,4,33,11,48,24,50,66,13,153,18,12,30,183
02/11/2017,BTV,VT,ANE,EN,Combined TRACON& Tower with Radar,25,40,16,6,87,0,0,2,0,2,25,40,18,6,89,5,5,10,99
02/12/2017,BTV,VT,ANE,EN,Combined TRACON& Tower with Radar,18,19,18,0,55,0,0,0,0,0,18,19,18,0,55,0,0,0,55
02/13/2017,BTV,VT,ANE,EN,Combined TRACON& Tower with Radar,16,34,11,0,61,0,0,0,0,0,16,34,11,0,61,0,0,0,61
02/14/2017,BTV,VT,ANE,EN,Combined TRACON& Tower with Radar,27,37,27,16,107,0,2,35,4,41,27,39,62,20,148,19,18,37,185
02/15/2017,BTV,VT,ANE,EN,Combined TRACON& Tower with Radar,26,42,11,0,79,0,0,1,0,1,26,42,12,0,80,15,0,15,95
02/16/2017,BTV,VT,ANE,EN,Combined TRACON& Tower with Radar,25,50,11,2,88,0,0,0,0,0,25,50,11,2,88,5,3,8,96
02/17/2017,BTV,VT,ANE,EN,Combined TRACON& Tower with Radar,26,50,26,6,108,0,2,47,1,50,26,52,73,7,158,46,0,46,204
02/18/2017,BTV,VT,ANE,EN,Combined TRACON& Tower with Radar,26,30,31,0,87,0,0,42,0,42,26,30,73,0,129,26,0,26,155
02/19/2017,BTV,VT,ANE,EN,Combined TRACON& Tower with Radar,25,30,25,1,81,0,0,50,0,50,25,30,75,1,131,68,0,68,199
02/20/2017,BTV,VT,ANE,EN,Combined TRACON& Tower with Radar,27,50,32,0,109,0,0,82,0,82,27,50,114,0,191,0,0,0,191
02/21/2017,BTV,VT,ANE,EN,Combined TRACON& Tower with Radar,30,43,24,7,104,0,0,76,10,86,30,43,100,17,190,0,0,0,190
02/22/2017,BTV,VT,ANE,EN,Combined TRACON& Tower with Radar,29,49,33,15,126,0,4,45,8,57,29,53,78,23,183,118,20,138,321
02/23/2017,BTV,VT,ANE,EN,Combined TRACON& Tower with Radar,29,45,27,5,106,0,1,31,8,40,29,46,58,13,146,24,10,34,180
02/24/2017,BTV,VT,ANE,EN,Combined TRACON& Tower with Radar,23,41,25,2,91,0,0,8,1,9,23,41,33,3,100,16,0,16,116
02/25/2017,BTV,VT,ANE,EN,Combined TRACON& Tower with Radar,34,30,7,2,73,0,0,6,1,7,34,30,13,3,80,5,0,5,85
02/26/2017,BTV,VT,ANE,EN,Combined TRACON& Tower with Radar,27,39,14,1,81,0,1,13,2,16,27,40,27,3,97,6,0,6,103
02/27/2017,BTV,VT,ANE,EN,Combined TRACON& Tower with Radar,28,39,19,2,88,0,0,20,0,20,28,39,39,2,108,19,0,19,127
02/28/2017,BTV,VT,ANE,EN,Combined TRACON& Tower with Radar,27,39,16,14,96,0,1,38,10,49,27,40,54,24,145,134,22,156,301
03/01/2017,BTV,VT,ANE,EN,Combined TRACON& Tower with Radar,22,37,12,2,73,0,0,0,0,0,22,37,12,2,73,2,0,2,75
03/02/2017,BTV,VT,ANE,EN,Combined TRACON& Tower with Radar,25,37,14,3,79,0,1,3,5,9,25,38,17,8,88,10,2,12,100
03/03/2017,BTV,VT,ANE,EN,Combined TRACON& Tower with Radar,27,41,25,5,98,0,1,25,5,31,27,42,50,10,129,16,0,16,145
03/04/2017,BTV,VT,ANE,EN,Combined TRACON& Tower with Radar,30,33,9,9,81,0,0,7,0,7,30,33,16,9,88,0,0,0,88
03/05/2017,BTV,VT,ANE,EN,Combined TRACON& Tower with Radar,27,38,26,0,91,0,2,42,0,44,27,40,68,0,135,48,0,48,183
03/06/2017,BTV,VT,ANE,EN,Combined TRACON& Tower with Radar,29,40,24,1,94,0,2,51,2,55,29,42,75,3,149,52,0,52,201
03/07/2017,BTV,VT,ANE,EN,Combined TRACON& Tower with Radar,31,46,9,8,94,0,0,44,3,47,31,46,53,11,141,0,0,0,141
03/08/2017,BTV,VT,ANE,EN,Combined TRACON& Tower with Radar,29,42,13,2,86,0,0,24,4,28,29,42,37,6,114,93,2,95,209
03/09/2017,BTV,VT,ANE,EN,Combined TRACON& Tower with Radar,29,41,21,5,96,0,2,8,5,15,29,43,29,10,111,6,7,13,124
03/10/2017,BTV,VT,ANE,EN,Combined TRACON& Tower with Radar,25,36,37,2,100,0,0,17,2,19,25,36,54,4,119,56,0,56,175
03/11/2017,BTV,VT,ANE,EN,Combined TRACON& Tower with Radar,29,27,12,0,68,0,1,8,0,9,29,28,20,0,77,4,0,4,81
03/12/2017,BTV,VT,ANE,EN,Combined TRACON& Tower with Radar,30,35,19,0,84,0,2,19,2,23,30,37,38,2,107,21,0,21,128
03/13/2017,BTV,VT,ANE,EN,Combined TRACON& Tower with Radar,30,30,20,4,84,0,0,59,0,59,30,30,79,4,143,47,4,51,194
03/14/2017,BTV,VT,ANE,EN,Combined TRACON& Tower with Radar,6,4,3,0,13,0,0,2,0,2,6,4,5,0,15,0,0,0,15
03/15/2017,BTV,VT,ANE,EN,Combined TRACON& Tower with Radar,28,31,5,0,64,0,0,0,0,0,28,31,5,0,64,0,0,0,64
03/16/2017,BTV,VT,ANE,EN,Combined TRACON& Tower with Radar,28,42,16,0,86,0,0,16,12,28,28,42,32,12,114,27,0,27,141
03/17/2017,BTV,VT,ANE,EN,Combined TRACON& Tower with Radar,31,42,17,0,90,0,1,60,4,65,31,43,77,4,155,21,0,21,176
03/18/2017,BTV,VT,ANE,EN,Combined TRACON& Tower with Radar,32,25,15,2,74,0,1,100,0,101,32,26,115,2,175,0,0,0,175
03/19/2017,BTV,VT,ANE,EN,Combined TRACON& Tower with Radar,28,37,25,0,90,0,1,50,0,51,28,38,75,0,141,67,0,67,208
03/20/2017,BTV,VT,ANE,EN,Combined TRACON& Tower with Radar,28,36,28,2,94,0,5,141,5,151,28,41,169,7,245,0,0,0,245
03/21/2017,BTV,VT,ANE,EN,Combined TRACON& Tower with Radar,31,38,8,4,81,0,0,6,2,8,31,38,14,6,89,0,162,162,251
03/22/2017,BTV,VT,ANE,EN,Combined TRACON& Tower with Radar,28,43,24,0,95,0,3,7,3,13,28,46,31,3,108,0,0,0,108
03/23/2017,BTV,VT,ANE,EN,Combined TRACON& Tower with Radar,30,46,33,5,114,0,8,63,19,90,30,54,96,24,204,69,2,71,275
03/24/2017,BTV,VT,ANE,EN,Combined TRACON& Tower with Radar,29,40,13,0,82,0,0,0,0,0,29,40,13,0,82,0,0,0,82
03/25/2017,BTV,VT,ANE,EN,Combined TRACON& Tower with Radar,31,28,6,0,65,0,0,3,1,4,31,28,9,1,69,0,0,0,69
03/26/2017,BTV,VT,ANE,EN,Combined TRACON& Tower with Radar,27,41,14,0,82,0,0,36,0,36,27,41,50,0,118,55,0,55,173
03/27/2017,BTV,VT,ANE,EN,Combined TRACON& Tower with Radar,27,34,7,0,68,0,0,3,0,3,27,34,10,0,71,0,0,0,71
03/28/2017,BTV,VT,ANE,EN,Combined TRACON& Tower with Radar,30,46,26,0,102,0,0,2,1,3,30,46,28,1,105,0,0,0,105
03/29/2017,BTV,VT,ANE,EN,Combined TRACON& Tower with Radar,30,38,24,4,96,0,0,24,3,27,30,38,48,7,123,26,0,26,149
03/30/2017,BTV,VT,ANE,EN,Combined TRACON& Tower with Radar,28,44,27,4,103,0,1,56,13,70,28,45,83,17,173,14,0,14,187
03/31/2017,BTV,VT,ANE,EN,Combined TRACON& Tower with Radar,27,31,11,3,72,0,0,3,0,3,27,31,14,3,75,0,0,0,75
04/01/2017,BTV,VT,ANE,EN,Combined TRACON& Tower with Radar,24,32,3,0,59,0,0,0,0,0,24,32,3,0,59,0,0,0,59
04/02/2017,BTV,VT,ANE,EN,Combined TRACON& Tower with Radar,27,43,22,0,92,0,1,67,0,68,27,44,89,0,160,0,0,0,160
04/03/2017,BTV,VT,ANE,EN,Combined TRACON& Tower with Radar,26,39,17,9,91,0,1,158,2,161,26,40,175,11,252,0,0,0,252
04/04/2017,BTV,VT,ANE,EN,Combined TRACON& Tower with Radar,31,33,8,4,76,0,0,0,0,0,31,33,8,4,76,0,0,0,76
04/05/2017,BTV,VT,ANE,EN,Combined TRACON& Tower with Radar,27,39,27,4,97,0,0,5,0,5,27,39,32,4,102,16,0,16,118
04/06/2017,BTV,VT,ANE,EN,Combined TRACON& Tower with Radar,29,39,30,7,105,0,1,2,0,3,29,40,32,7,108,8,10,18,126
04/07/2017,BTV,VT,ANE,EN,Combined TRACON& Tower with Radar,28,43,16,10,97,0,0,1,0,1,28,43,17,10,98,2,2,4,102
04/08/2017,BTV,VT,ANE,EN,Combined TRACON& Tower with Radar,28,36,11,0,75,0,0,7,0,7,28,36,18,0,82,10,0,10,92
04/09/2017,BTV,VT,ANE,EN,Combined TRACON& Tower with Radar,29,36,31,4,100,0,1,91,1,93,29,37,122,5,193,46,2,48,241
04/10/2017,BTV,VT,ANE,EN,Combined TRACON& Tower with Radar,32,32,30,0,94,0,0,57,4,61,32,32,87,4,155,76,5,81,236
04/11/2017,BTV,VT,ANE,EN,Combined TRACON& Tower with Radar,33,37,21,6,97,0,0,24,2,26,33,37,45,8,123,30,14,44,167
04/12/2017,BTV,VT,ANE,EN,Combined TRACON& Tower with Radar,33,43,39,4,119,0,0,19,2,21,33,43,58,6,140,26,2,28,168
04/13/2017,BTV,VT,ANE,EN,Combined TRACON& Tower with Radar,34,38,28,7,107,0,2,40,11,53,34,40,68,18,160,42,2,44,204
04/14/2017,BTV,VT,ANE,EN,Combined TRACON& Tower with Radar,34,36,27,4,101,0,0,87,5,92,34,36,114,9,193,72,7,79,272
04/15/2017,BTV,VT,ANE,EN,Combined TRACON& Tower with Radar,25,32,25,0,82,0,0,58,0,58,25,32,83,0,140,0,0,0,140
04/16/2017,BTV,VT,ANE,EN,Combined TRACON& Tower with Radar,30,31,9,0,70,0,0,15,0,15,30,31,24,0,85,0,0,0,85
04/17/2017,BTV,VT,ANE,EN,Combined TRACON& Tower with Radar,33,38,35,15,121,0,0,27,3,30,33,38,62,18,151,84,26,110,261
04/18/2017,BTV,VT,ANE,EN,Combined TRACON& Tower with Radar,31,32,32,14,109,0,0,84,63,147,31,32,116,77,256,0,0,0,256
04/19/2017,BTV,VT,ANE,EN,Combined TRACON& Tower with Radar,31,48,16,8,103,0,0,2,4,6,31,48,18,12,109,0,3,3,112
04/20/2017,BTV,VT,ANE,EN,Combined TRACON& Tower with Radar,31,38,22,6,97,0,0,7,1,8,31,38,29,7,105,0,2,2,107
04/21/2017,BTV,VT,ANE,EN,Combined TRACON& Tower with Radar,31,37,19,8,95,0,1,9,8,18,31,38,28,16,113,9,19,28,141
04/22/2017,BTV,VT,ANE,EN,Combined TRACON& Tower with Radar,31,39,32,0,102,0,0,10,0,10,31,39,42,0,112,38,0,38,150
04/23/2017,BTV,VT,ANE,EN,Combined TRACON& Tower with Radar,30,36,17,1,84,0,1,70,0,71,30,37,87,1,155,18,0,18,173
04/24/2017,BTV,VT,ANE,EN,Combined TRACON& Tower with Radar,31,40,21,0,92,0,3,65,0,68,31,43,86,0,160,90,0,90,250
04/25/2017,BTV,VT,ANE,EN,Combined TRACON& Tower with Radar,29,33,24,11,97,0,0,12,6,18,29,33,36,17,115,8,43,51,166
04/26/2017,BTV,VT,ANE,EN,Combined TRACON& Tower with Radar,33,43,28,14,118,0,1,25,3,29,33,44,53,17,147,30,28,58,205
04/27/2017,BTV,VT,ANE,EN,Combined TRACON& Tower with Radar,31,49,30,9,119,0,1,45,3,49,31,50,75,12,168,38,19,57,225
04/28/2017,BTV,VT,ANE,EN,Combined TRACON& Tower with Radar,31,44,36,5,116,0,3,59,1,63,31,47,95,6,179,70,0,70,249
04/29/2017,BTV,VT,ANE,EN,Combined TRACON& Tower with Radar,26,31,41,0,98,0,1,49,0,50,26,32,90,0,148,22,0,22,170
04/30/2017,BTV,VT,ANE,EN,Combined TRACON& Tower with Radar,30,44,10,0,84,0,0,67,0,67,30,44,77,0,151,0,0,0,151
05/01/2017,BTV,VT,ANE,EN,Combined TRACON& Tower with Radar,31,38,17,2,88,0,0,4,0,4,31,38,21,2,92,0,0,0,92
05/02/2017,BTV,VT,ANE,EN,Combined TRACON& Tower with Radar,34,35,27,4,100,0,0,23,1,24,34,35,50,5,124,0,0,0,124
05/03/2017,BTV,VT,ANE,EN,Combined TRACON& Tower with Radar,36,45,21,7,109,1,3,10,5,19,37,48,31,12,128,16,4,20,148
05/04/2017,BTV,VT,ANE,EN,Combined TRACON& Tower with Radar,34,35,42,6,117,0,0,74,10,84,34,35,116,16,201,60,24,84,285
05/05/2017,BTV,VT,ANE,EN,Combined TRACON& Tower with Radar,26,46,17,5,94,0,0,4,2,6,26,46,21,7,100,5,2,7,107
05/06/2017,BTV,VT,ANE,EN,Combined TRACON& Tower with Radar,32,28,10,11,81,0,1,8,15,24,32,29,18,26,105,15,70,85,190
05/07/2017,BTV,VT,ANE,EN,Combined TRACON& Tower with Radar,27,44,24,0,95,0,0,6,0,6,27,44,30,0,101,28,0,28,129
05/08/2017,BTV,VT,ANE,EN,Combined TRACON& Tower with Radar,26,43,18,6,93,0,0,13,0,13,26,43,31,6,106,80,4,84,190
05/09/2017,BTV,VT,ANE,EN,Combined TRACON& Tower with Radar,27,49,26,6,108,0,1,18,10,29,27,50,44,16,137,79,12,91,228
05/10/2017,BTV,VT,ANE,EN,Combined TRACON& Tower with Radar,26,48,40,20,134,0,1,47,2,50,26,49,87,22,184,51,20,71,255
05/11/2017,BTV,VT,ANE,EN,Combined TRACON& Tower with Radar,27,49,28,10,114,0,1,38,2,41,27,50,66,12,155,43,2,45,200
05/12/2017,BTV,VT,ANE,EN,Combined TRACON& Tower with Radar,27,50,34,15,126,0,0,94,35,129,27,50,128,50,255,0,0,0,255
05/13/2017,BTV,VT,ANE,EN,Combined TRACON& Tower with Radar,28,31,21,1,81,0,0,42,3,45,28,31,63,4,126,0,0,0,126
05/14/2017,BTV,VT,ANE,EN,Combined TRACON& Tower with Radar,24,44,23,1,92,0,0,6,0,6,24,44,29,1,98,0,0,0,98
05/15/2017,BTV,VT,ANE,EN,Combined TRACON& Tower with Radar,26,49,18,6,99,0,0,11,2,13,26,49,29,8,112,0,0,0,112
05/16/2017,BTV,VT,ANE,EN,Combined TRACON& Tower with Radar,27,50,29,19,125,0,3,166,28,197,27,53,195,47,322,0,0,0,322
05/17/2017,BTV,VT,ANE,EN,Combined TRACON& Tower with Radar,27,51,31,9,118,0,1,44,4,49,27,52,75,13,167,38,6,44,211
05/18/2017,BTV,VT,ANE,EN,Combined TRACON& Tower with Radar,25,52,22,13,112,0,1,34,7,42,25,53,56,20,154,42,14,56,210
05/19/2017,BTV,VT,ANE,EN,Combined TRACON& Tower with Radar,25,49,24,9,107,0,0,10,16,26,25,49,34,25,133,18,28,46,179
05/20/2017,BTV,VT,ANE,EN,Combined TRACON& Tower with Radar,32,22,24,0,78,0,0,70,0,70,32,22,94,0,148,31,0,31,179
05/21/2017,BTV,VT,ANE,EN,Combined TRACON& Tower with Radar,27,43,36,0,106,0,0,45,0,45,27,43,81,0,151,37,0,37,188
05/22/2017,BTV,VT,ANE,EN,Combined TRACON& Tower with Radar,22,44,26,0,92,0,0,1,0,1,22,44,27,0,93,12,0,12,105
05/23/2017,BTV,VT,ANE,EN,Combined TRACON& Tower with Radar,27,48,36,11,122,0,1,55,5,61,27,49,91,16,183,24,6,30,213
05/24/2017,BTV,VT,ANE,EN,Combined TRACON& Tower with Radar,25,53,35,19,132,0,4,54,0,58,25,57,89,19,190,40,10,50,240
05/25/2017,BTV,VT,ANE,EN,Combined TRACON& Tower with Radar,24,48,25,14,111,0,1,17,2,20,24,49,42,16,131,15,10,25,156
05/26/2017,BTV,VT,ANE,EN,Combined TRACON& Tower with Radar,23,52,33,2,110,0,0,2,0,2,23,52,35,2,112,0,0,0,112
05/27/2017,BTV,VT,ANE,EN,Combined TRACON& Tower with Radar,29,27,23,0,79,0,0,115,0,115,29,27,138,0,194,0,0,0,194
05/28/2017,BTV,VT,ANE,EN,Combined TRACON& Tower with Radar,23,29,33,0,85,0,1,116,0,117,23,30,149,0,202,0,0,0,202
05/29/2017,BTV,VT,ANE,EN,Combined TRACON& Tower with Radar,24,45,20,1,90,0,0,4,0,4,24,45,24,1,94,22,0,22,116
05/30/2017,BTV,VT,ANE,EN,Combined TRACON& Tower with Radar,25,52,29,5,111,0,0,6,0,6,25,52,35,5,117,2,8,10,127
05/31/2017,BTV,VT,ANE,EN,Combined TRACON& Tower with Radar,26,57,14,15,112,0,2,9,2,13,26,59,23,17,125,5,13,18,143
06/01/2017,BTV,VT,ANE,EN,Combined TRACON& Tower with Radar,27,46,34,15,122,0,1,63,6,70,27,47,97,21,192,48,27,75,267
06/02/2017,BTV,VT,ANE,EN,Combined TRACON& Tower with Radar,28,41,19,7,95,0,0,35,11,46,28,41,54,18,141,52,12,64,205
06/03/2017,BTV,VT,ANE,EN,Combined TRACON& Tower with Radar,35,26,16,4,81,0,0,12,14,26,35,26,28,18,107,0,11,11,118
06/04/2017,BTV,VT,ANE,EN,Combined TRACON& Tower with Radar,28,39,26,0,93,0,0,41,2,43,28,39,67,2,136,69,0,69,205
06/05/2017,BTV,VT,ANE,EN,Combined TRACON& Tower with Radar,25,48,24,11,108,0,0,2,1,3,25,48,26,12,111,2,8,10,121
06/06/2017,BTV,VT,ANE,EN,Combined TRACON& Tower with Radar,27,52,32,11,122,0,0,2,0,2,27,52,34,11,124,2,10,12,136
06/07/2017,BTV,VT,ANE,EN,Combined TRACON& Tower with Radar,28,48,34,7,117,0,3,55,3,61,28,51,89,10,178,96,16,112,290
06/08/2017,BTV,VT,ANE,EN,Combined TRACON& Tower with Radar,36,49,52,5,142,0,0,82,3,85,36,49,134,8,227,61,4,65,292
06/09/2017,BTV,VT,ANE,EN,Combined TRACON& Tower with Radar,38,39,23,2,102,0,1,26,0,27,38,40,49,2,129,13,4,17,146
06/10/2017,BTV,VT,ANE,EN,Combined TRACON& Tower with Radar,33,33,31,0,97,0,0,57,0,57,33,33,88,0,154,0,0,0,154
06/11/2017,BTV,VT,ANE,EN,Combined TRACON& Tower with Radar,32,44,22,3,101,0,0,63,0,63,32,44,85,3,164,0,0,0,164
06/12/2017,BTV,VT,ANE,EN,Combined TRACON& Tower with Radar,33,50,23,7,113,23,0,33,32,88,56,50,56,39,201,0,0,0,201
06/13/2017,BTV,VT,ANE,EN,Combined TRACON& Tower with Radar,33,45,29,25,132,71,2,29,41,143,104,47,58,66,275,0,0,0,275
06/14/2017,BTV,VT,ANE,EN,Combined TRACON& Tower with Radar,30,50,34,16,130,0,2,64,16,82,30,52,98,32,212,36,28,64,276
06/15/2017,BTV,VT,ANE,EN,Combined TRACON& Tower with Radar,31,48,25,4,108,0,3,69,3,75,31,51,94,7,183,61,0,61,244
06/16/2017,BTV,VT,ANE,EN,Combined TRACON& Tower with Radar,34,47,46,3,130,0,1,11,2,14,34,48,57,5,144,2,0,2,146
06/17/2017,BTV,VT,ANE,EN,Combined TRACON& Tower with Radar,32,33,18,4,87,0,0,39,0,39,32,33,57,4,126,33,2,35,161
06/18/2017,BTV,VT,ANE,EN,Combined TRACON& Tower with Radar,33,36,26,0,95,0,0,21,0,21,33,36,47,0,116,0,0,0,116
06/19/2017,BTV,VT,ANE,EN,Combined TRACON& Tower with Radar,27,33,19,2,81,0,0,5,3,8,27,33,24,5,89,5,38,43,132
06/20/2017,BTV,VT,ANE,EN,Combined TRACON& Tower with Radar,34,50,29,8,121,0,1,39,5,45,34,51,68,13,166,36,2,38,204
06/21/2017,BTV,VT,ANE,EN,Combined TRACON& Tower with Radar,35,49,34,23,141,0,4,50,7,61,35,53,84,30,202,60,28,88,290
06/22/2017,BTV,VT,ANE,EN,Combined TRACON& Tower with Radar,36,54,41,13,144,0,1,74,14,89,36,55,115,27,233,102,19,121,354
06/23/2017,BTV,VT,ANE,EN,Combined TRACON& Tower with Radar,33,53,35,3,124,0,0,7,1,8,33,53,42,4,132,10,0,10,142
06/24/2017,BTV,VT,ANE,EN,Combined TRACON& Tower with Radar,33,37,27,2,99,0,0,33,1,34,33,37,60,3,133,46,0,46,179
06/25/2017,BTV,VT,ANE,EN,Combined TRACON& Tower with Radar,36,45,20,1,102,0,1,38,0,39,36,46,58,1,141,69,0,69,210
06/26/2017,BTV,VT,ANE,EN,Combined TRACON& Tower with Radar,36,41,27,0,104,0,2,120,3,125,36,43,147,3,229,0,0,0,229
06/27/2017,BTV,VT,ANE,EN,Combined TRACON& Tower with Radar,34,48,21,3,106,0,1,53,8,62,34,49,74,11,168,0,0,0,168
06/28/2017,BTV,VT,ANE,EN,Combined TRACON& Tower with Radar,36,60,44,22,162,0,3,64,13,80,36,63,108,35,242,138,43,181,423
06/29/2017,BTV,VT,ANE,EN,Combined TRACON& Tower with Radar,36,47,26,12,121,0,0,16,1,17,36,47,42,13,138,36,6,42,180
06/30/2017,BTV,VT,ANE,EN,Combined TRACON& Tower with Radar,32,42,23,3,100,0,1,10,1,12,32,43,33,4,112,54,0,54,166
07/01/2017,BTV,VT,ANE,EN,Combined TRACON& Tower with Radar,33,35,26,0,94,0,0,13,0,13,33,35,39,0,107,2,0,2,109
07/02/2017,BTV,VT,ANE,EN,Combined TRACON& Tower with Radar,30,29,34,0,93,0,0,66,0,66,30,29,100,0,159,37,0,37,196
07/03/2017,BTV,VT,ANE,EN,Combined TRACON& Tower with Radar,28,28,27,0,83,0,0,61,1,62,28,28,88,1,145,83,0,83,228
07/04/2017,BTV,VT,ANE,EN,Combined TRACON& Tower with Radar,28,28,14,0,70,0,0,64,2,66,28,28,78,2,136,20,0,20,156
07/05/2017,BTV,VT,ANE,EN,Combined TRACON& Tower with Radar,34,51,38,16,139,0,2,86,4,92,34,53,124,20,231,62,30,92,323
07/06/2017,BTV,VT,ANE,EN,Combined TRACON& Tower with Radar,37,55,40,6,138,0,2,46,8,56,37,57,86,14,194,31,6,37,231
07/07/2017,BTV,VT,ANE,EN,Combined TRACON& Tower with Radar,32,55,32,13,132,0,1,32,2,35,32,56,64,15,167,25,4,29,196
07/08/2017,BTV,VT,ANE,EN,Combined TRACON& Tower with Radar,35,33,15,0,83,0,0,11,2,13,35,33,26,2,96,0,0,0,96
07/09/2017,BTV,VT,ANE,EN,Combined TRACON& Tower with Radar,36,43,32,0,111,0,3,144,2,149,36,46,176,2,260,0,0,0,260
07/10/2017,BTV,VT,ANE,EN,Combined TRACON& Tower with Radar,31,40,18,8,97,0,0,124,10,134,31,40,142,18,231,0,0,0,231
07/11/2017,BTV,VT,ANE,EN,Combined TRACON& Tower with Radar,41,44,26,7,118,0,0,35,10,45,41,44,61,17,163,0,0,0,163
07/12/2017,BTV,VT,ANE,EN,Combined TRACON& Tower with Radar,34,42,34,15,125,0,1,58,6,65,34,43,92,21,190,110,6,116,306
07/13/2017,BTV,VT,ANE,EN,Combined TRACON& Tower with Radar,32,51,34,3,120,0,0,5,0,5,32,51,39,3,125,0,0,0,125
07/14/2017,BTV,VT,ANE,EN,Combined TRACON& Tower with Radar,32,45,47,7,131,0,0,5,1,6,32,45,52,8,137,7,2,9,146
07/15/2017,BTV,VT,ANE,EN,Combined TRACON& Tower with Radar,36,32,33,0,101,0,1,33,0,34,36,33,66,0,135,58,0,58,193
07/16/2017,BTV,VT,ANE,EN,Combined TRACON& Tower with Radar,36,44,27,2,109,0,2,60,0,62,36,46,87,2,171,69,0,69,240
07/17/2017,BTV,VT,ANE,EN,Combined TRACON& Tower with Radar,33,39,16,2,90,0,0,17,0,17,33,39,33,2,107,52,0,52,159
07/18/2017,BTV,VT,ANE,EN,Combined TRACON& Tower with Radar,32,57,27,18,134,0,2,64,8,74,32,59,91,26,208,75,8,83,291
07/19/2017,BTV,VT,ANE,EN,Combined TRACON& Tower with Radar,37,53,35,21,146,0,1,88,6,95,37,54,123,27,241,92,15,107,348
07/20/2017,BTV,VT,ANE,EN,Combined TRACON& Tower with Radar,35,51,34,9,129,0,1,61,6,68,35,52,95,15,197,57,10,67,264
07/21/2017,BTV,VT,ANE,EN,Combined TRACON& Tower with Radar,35,53,23,3,114,0,4,57,2,63,35,57,80,5,177,34,0,34,211
07/22/2017,BTV,VT,ANE,EN,Combined TRACON& Tower with Radar,35,32,24,0,91,0,3,38,0,41,35,35,62,0,132,43,0,43,175
07/23/2017,BTV,VT,ANE,EN,Combined TRACON& Tower with Radar,33,49,37,0,119,0,0,56,0,56,33,49,93,0,175,61,0,61,236
07/24/2017,BTV,VT,ANE,EN,Combined TRACON& Tower with Radar,32,44,25,0,101,0,0,3,0,3,32,44,28,0,104,2,0,2,106
07/25/2017,BTV,VT,ANE,EN,Combined TRACON& Tower with Radar,36,43,39,10,128,0,0,87,6,93,36,43,126,16,221,0,0,0,221
07/26/2017,BTV,VT,ANE,EN,Combined TRACON& Tower with Radar,36,48,35,5,124,0,1,79,5,85,36,49,114,10,209,29,5,34,243
07/27/2017,BTV,VT,ANE,EN,Combined TRACON& Tower with Radar,37,43,41,7,128,0,1,9,2,12,37,44,50,9,140,13,2,15,155
07/28/2017,BTV,VT,ANE,EN,Combined TRACON& Tower with Radar,34,50,30,10,124,0,4,55,0,59,34,54,85,10,183,34,6,40,223
07/29/2017,BTV,VT,ANE,EN,Combined TRACON& Tower with Radar,37,40,13,2,92,0,1,83,0,84,37,41,96,2,176,36,2,38,214
07/30/2017,BTV,VT,ANE,EN,Combined TRACON& Tower with Radar,36,36,30,0,102,0,3,72,2,77,36,39,102,2,179,32,0,32,211
07/31/2017,BTV,VT,ANE,EN,Combined TRACON& Tower with Radar,36,47,21,0,104,0,2,66,6,74,36,49,87,6,178,67,9,76,254
08/01/2017,BTV,VT,ANE,EN,Combined TRACON& Tower with Radar,33,49,22,7,111,0,2,67,14,83,33,51,89,21,194,66,9,75,269
08/02/2017,BTV,VT,ANE,EN,Combined TRACON& Tower with Radar,30,37,36,14,117,0,4,37,16,57,30,41,73,30,174,44,16,60,234
08/03/2017,BTV,VT,ANE,EN,Combined TRACON& Tower with Radar,28,41,42,11,122,0,1,38,9,48,28,42,80,20,170,65,2,67,237
08/04/2017,BTV,VT,ANE,EN,Combined TRACON& Tower with Radar,29,46,29,4,108,0,1,29,2,32,29,47,58,6,140,0,4,4,144
08/05/2017,BTV,VT,ANE,EN,Combined TRACON& Tower with Radar,35,42,27,9,113,0,0,20,4,24,35,42,47,13,137,79,9,88,225
08/06/2017,BTV,VT,ANE,EN,Combined TRACON& Tower with Radar,37,45,35,2,119,0,1,51,9,61,37,46,86,11,180,53,22,75,255
08/07/2017,BTV,VT,ANE,EN,Combined TRACON& Tower with Radar,31,44,30,6,111,0,0,77,27,104,31,44,107,33,215,0,0,0,215
08/08/2017,BTV,VT,ANE,EN,Combined TRACON& Tower with Radar,34,45,27,20,126,0,2,115,48,165,34,47,142,68,291,0,0,0,291
08/09/2017,BTV,VT,ANE,EN,Combined TRACON& Tower with Radar,38,41,31,11,121,0,1,56,23,80,38,42,87,34,201,35,26,61,262
08/10/2017,BTV,VT,ANE,EN,Combined TRACON& Tower with Radar,36,51,42,2,131,0,3,56,10,69,36,54,98,12,200,29,0,29,229
08/11/2017,BTV,VT,ANE,EN,Combined TRACON& Tower with Radar,33,39,20,10,102,0,3,48,3,54,33,42,68,13,156,53,8,61,217
08/12/2017,BTV,VT,ANE,EN,Combined TRACON& Tower with Radar,35,40,16,1,92,0,0,34,3,37,35,40,50,4,129,0,0,0,129
08/13/2017,BTV,VT,ANE,EN,Combined TRACON& Tower with Radar,37,35,44,3,119,0,3,55,2,60,37,38,99,5,179,55,0,55,234
08/14/2017,BTV,VT,ANE,EN,Combined TRACON& Tower with Radar,34,37,32,4,107,0,2,52,0,54,34,39,84,4,161,50,2,52,213
08/15/2017,BTV,VT,ANE,EN,Combined TRACON& Tower with Radar,40,45,29,23,137,0,2,36,2,40,40,47,65,25,177,23,25,48,225
08/16/2017,BTV,VT,ANE,EN,Combined TRACON& Tower with Radar,35,47,34,13,129,0,5,66,8,79,35,52,100,21,208,40,6,46,254
08/17/2017,BTV,VT,ANE,EN,Combined TRACON& Tower with Radar,37,40,27,3,107,0,2,42,3,47,37,42,69,6,154,25,10,35,189
08/18/2017,BTV,VT,ANE,EN,Combined TRACON& Tower with Radar,34,35,25,6,100,0,1,13,0,14,34,36,38,6,114,0,0,0,114
08/19/2017,BTV,VT,ANE,EN,Combined TRACON& Tower with Radar,40,45,21,0,106,0,0,39,0,39,40,45,60,0,145,32,0,32,177
08/20/2017,BTV,VT,ANE,EN,Combined TRACON& Tower with Radar,37,51,46,0,134,0,5,29,0,34,37,56,75,0,168,0,2,2,170
08/21/2017,BTV,VT,ANE,EN,Combined TRACON& Tower with Radar,36,37,27,10,110,0,2,56,12,70,36,39,83,22,180,0,0,0,180
08/22/2017,BTV,VT,ANE,EN,Combined TRACON& Tower with Radar,36,45,24,2,107,0,0,38,4,42,36,45,62,6,149,0,0,0,149
08/23/2017,BTV,VT,ANE,EN,Combined TRACON& Tower with Radar,41,44,31,6,122,0,1,32,5,38,41,45,63,11,160,36,0,36,196
08/24/2017,BTV,VT,ANE,EN,Combined TRACON& Tower with Radar,39,46,35,4,124,0,1,55,7,63,39,47,90,11,187,54,14,68,255
08/25/2017,BTV,VT,ANE,EN,Combined TRACON& Tower with Radar,39,53,34,3,129,0,3,73,4,80,39,56,107,7,209,45,0,45,254
08/26/2017,BTV,VT,ANE,EN,Combined TRACON& Tower with Radar,39,33,24,0,96,0,3,66,0,69,39,36,90,0,165,47,0,47,212
08/27/2017,BTV,VT,ANE,EN,Combined TRACON& Tower with Radar,34,45,17,0,96,0,3,53,0,56,34,48,70,0,152,48,0,48,200
08/28/2017,BTV,VT,ANE,EN,Combined TRACON& Tower with Radar,33,49,33,9,124,0,9,58,3,70,33,58,91,12,194,58,22,80,274
08/29/2017,BTV,VT,ANE,EN,Combined TRACON& Tower with Radar,37,44,34,6,121,0,0,81,6,87,37,44,115,12,208,51,5,56,264
08/30/2017,BTV,VT,ANE,EN,Combined TRACON& Tower with Radar,36,48,29,18,131,0,2,59,4,65,36,50,88,22,196,64,12,76,272
08/31/2017,BTV,VT,ANE,EN,Combined TRACON& Tower with Radar,34,50,30,10,124,0,0,27,5,32,34,50,57,15,156,2,6,8,164
09/01/2017,BTV,VT,ANE,EN,Combined TRACON& Tower with Radar,35,47,31,0,113,0,2,57,2,61,35,49,88,2,174,58,2,60,234
09/02/2017,BTV,VT,ANE,EN,Combined TRACON& Tower with Radar,30,31,31,0,92,0,0,93,0,93,30,31,124,0,185,110,0,110,295
09/03/2017,BTV,VT,ANE,EN,Combined TRACON& Tower with Radar,25,21,23,0,69,0,0,0,0,0,25,21,23,0,69,0,0,0,69
09/04/2017,BTV,VT,ANE,EN,Combined TRACON& Tower with Radar,32,39,27,0,98,0,0,106,1,107,32,39,133,1,205,0,0,0,205
09/05/2017,BTV,VT,ANE,EN,Combined TRACON& Tower with Radar,34,42,24,5,105,0,0,8,3,11,34,42,32,8,116,22,0,22,138
09/06/2017,BTV,VT,ANE,EN,Combined TRACON& Tower with Radar,34,49,31,7,121,0,0,26,3,29,34,49,57,10,150,70,4,74,224
09/07/2017,BTV,VT,ANE,EN,Combined TRACON& Tower with Radar,37,51,29,3,120,0,1,35,3,39,37,52,64,6,159,25,2,27,186
09/08/2017,BTV,VT,ANE,EN,Combined TRACON& Tower with Radar,36,44,30,24,134,0,0,51,3,54,36,44,81,27,188,26,26,52,240
09/09/2017,BTV,VT,ANE,EN,Combined TRACON& Tower with Radar,35,43,13,6,97,0,0,7,3,10,35,43,20,9,107,10,8,18,125
09/10/2017,BTV,VT,ANE,EN,Combined TRACON& Tower with Radar,42,34,28,2,106,0,0,56,1,57,42,34,84,3,163,80,0,80,243
09/11/2017,BTV,VT,ANE,EN,Combined TRACON& Tower with Radar,34,44,29,2,109,0,1,116,5,122,34,45,145,7,231,0,0,0,231
09/12/2017,BTV,VT,ANE,EN,Combined TRACON& Tower with Radar,34,47,34,2,117,0,3,62,6,71,34,50,96,8,188,47,0,47,235
09/13/2017,BTV,VT,ANE,EN,Combined TRACON& Tower with Radar,35,48,16,1,100,0,2,87,1,90,35,50,103,2,190,106,0,106,296
09/14/2017,BTV,VT,ANE,EN,Combined TRACON& Tower with Radar,30,55,29,17,131,0,0,41,3,44,30,55,70,20,175,39,12,51,226
09/15/2017,BTV,VT,ANE,EN,Combined TRACON& Tower with Radar,45,62,28,7,142,0,1,46,6,53,45,63,74,13,195,43,6,49,244
09/16/2017,BTV,VT,ANE,EN,Combined TRACON& Tower with Radar,35,46,21,1,103,0,0,60,0,60,35,46,81,1,163,144,0,144,307
09/17/2017,BTV,VT,ANE,EN,Combined TRACON& Tower with Radar,38,54,34,1,127,0,0,50,0,50,38,54,84,1,177,61,0,61,238
09/18/2017,BTV,VT,ANE,EN,Combined TRACON& Tower with Radar,39,42,36,4,121,0,0,140,1,141,39,42,176,5,262,0,0,0,262
09/19/2017,BTV,VT,ANE,EN,Combined TRACON& Tower with Radar,35,46,27,12,120,0,2,177,15,194,35,48,204,27,314,0,0,0,314
09/20/2017,BTV,VT,ANE,EN,Combined TRACON& Tower with Radar,36,53,23,9,121,0,0,59,12,71,36,53,82,21,192,61,16,77,269
09/21/2017,BTV,VT,ANE,EN,Combined TRACON& Tower with Radar,44,56,29,13,142,0,2,41,10,53,44,58,70,23,195,87,3,90,285
09/22/2017,BTV,VT,ANE,EN,Combined TRACON& Tower with Radar,36,57,38,7,138,0,2,62,1,65,36,59,100,8,203,143,2,145,348
09/23/2017,BTV,VT,ANE,EN,Combined TRACON& Tower with Radar,37,45,21,0,103,0,1,156,0,157,37,46,177,0,260,0,0,0,260
09/24/2017,BTV,VT,ANE,EN,Combined TRACON& Tower with Radar,37,54,22,0,113,0,3,51,0,54,37,57,73,0,167,72,0,72,239
09/25/2017,BTV,VT,ANE,EN,Combined TRACON& Tower with Radar,36,51,19,3,109,0,0,37,0,37,36,51,56,3,146,74,0,74,220
09/26/2017,BTV,VT,ANE,EN,Combined TRACON& Tower with Radar,34,51,31,8,124,0,4,45,6,55,34,55,76,14,179,100,5,105,284
09/27/2017,BTV,VT,ANE,EN,Combined TRACON& Tower with Radar,35,48,28,10,121,0,3,67,1,71,35,51,95,11,192,77,10,87,279
09/28/2017,BTV,VT,ANE,EN,Combined TRACON& Tower with Radar,37,50,29,0,116,0,0,45,3,48,37,50,74,3,164,38,1,39,203
09/29/2017,BTV,VT,ANE,EN,Combined TRACON& Tower with Radar,36,57,25,4,122,0,0,45,7,52,36,57,70,11,174,191,12,203,377
09/30/2017,BTV,VT,ANE,EN,Combined TRACON& Tower with Radar,34,42,24,2,102,0,0,46,0,46,34,42,70,2,148,76,0,76,224
10/01/2017,BTV,VT,ANE,EN,Combined TRACON& Tower with Radar,39,37,29,2,107,0,3,75,2,80,39,40,104,4,187,40,0,40,227
10/02/2017,BTV,VT,ANE,EN,Combined TRACON& Tower with Radar,37,47,37,1,122,0,0,45,1,46,37,47,82,2,168,121,2,123,291
10/03/2017,BTV,VT,ANE,EN,Combined TRACON& Tower with Radar,35,48,14,15,112,0,2,51,7,60,35,50,65,22,172,73,7,80,252
10/04/2017,BTV,VT,ANE,EN,Combined TRACON& Tower with Radar,34,46,12,12,104,0,2,28,1,31,34,48,40,13,135,35,11,46,181
10/05/2017,BTV,VT,ANE,EN,Combined TRACON& Tower with Radar,37,44,26,8,115,0,1,55,1,57,37,45,81,9,172,108,2,110,282
10/06/2017,BTV,VT,ANE,EN,Combined TRACON& Tower with Radar,33,58,30,2,123,0,0,39,0,39,33,58,69,2,162,152,0,152,314
10/07/2017,BTV,VT,ANE,EN,Combined TRACON& Tower with Radar,30,39,25,2,96,0,0,36,1,37,30,39,61,3,133,89,0,89,222
10/08/2017,BTV,VT,ANE,EN,Combined TRACON& Tower with Radar,31,42,29,0,102,0,0,20,0,20,31,42,49,0,122,14,0,14,136
10/09/2017,BTV,VT,ANE,EN,Combined TRACON& Tower with Radar,34,40,28,0,102,0,0,2,0,2,34,40,30,0,104,4,0,4,108
10/10/2017,BTV,VT,ANE,EN,Combined TRACON& Tower with Radar,32,51,27,4,114,0,0,53,7,60,32,51,80,11,174,122,4,126,300
10/11/2017,BTV,VT,ANE,EN,Combined TRACON& Tower with Radar,32,43,23,11,109,0,1,47,3,51,32,44,70,14,160,64,0,64,224
10/12/2017,BTV,VT,ANE,EN,Combined TRACON& Tower with Radar,34,50,31,8,123,0,3,56,9,68,34,53,87,17,191,102,8,110,301
10/13/2017,BTV,VT,ANE,EN,Combined TRACON& Tower with Radar,37,46,21,12,116,0,0,120,4,124,37,46,141,16,240,0,0,0,240
10/14/2017,BTV,VT,ANE,EN,Combined TRACON& Tower with Radar,29,37,33,19,118,0,0,70,20,90,29,37,103,39,208,0,0,0,208
10/15/2017,BTV,VT,ANE,EN,Combined TRACON& Tower with Radar,35,53,24,2,114,0,0,11,3,14,35,53,35,5,128,0,0,0,128
10/16/2017,BTV,VT,ANE,EN,Combined TRACON& Tower with Radar,34,48,25,1,108,0,1,102,0,103,34,49,127,1,211,0,0,0,211
10/17/2017,BTV,VT,ANE,EN,Combined TRACON& Tower with Radar,34,44,28,3,109,0,1,121,6,128,34,45,149,9,237,0,0,0,237
10/18/2017,BTV,VT,ANE,EN,Combined TRACON& Tower with Radar,34,51,37,4,126,0,6,71,6,83,34,57,108,10,209,98,4,102,311
10/19/2017,BTV,VT,ANE,EN,Combined TRACON& Tower with Radar,35,49,36,8,128,0,5,42,26,73,35,54,78,34,201,15,22,37,238
10/20/2017,BTV,VT,ANE,EN,Combined TRACON& Tower with Radar,35,50,34,4,123,0,3,67,5,75,35,53,101,9,198,130,6,136,334
10/21/2017,BTV,VT,ANE,EN,Combined TRACON& Tower with Radar,31,40,27,0,98,0,5,111,0,116,31,45,138,0,214,0,0,0,214
10/22/2017,BTV,VT,ANE,EN,Combined TRACON& Tower with Radar,34,41,25,0,100,0,3,62,2,67,34,44,87,2,167,66,0,66,233
10/23/2017,BTV,VT,ANE,EN,Combined TRACON& Tower with Radar,33,43,31,0,107,0,0,27,0,27,33,43,58,0,134,39,0,39,173
10/24/2017,BTV,VT,ANE,EN,Combined TRACON& Tower with Radar,31,39,14,5,89,0,0,2,1,3,31,39,16,6,92,0,0,0,92
10/25/2017,BTV,VT,ANE,EN,Combined TRACON& Tower with Radar,33,62,29,13,137,0,0,47,8,55,33,62,76,21,192,72,6,78,270
10/26/2017,BTV,VT,ANE,EN,Combined TRACON& Tower with Radar,35,46,34,12,127,0,0,7,1,8,35,46,41,13,135,55,0,55,190
10/27/2017,BTV,VT,ANE,EN,Combined TRACON& Tower with Radar,36,47,21,12,116,0,0,92,4,96,36,47,113,16,212,100,26,126,338
10/28/2017,BTV,VT,ANE,EN,Combined TRACON& Tower with Radar,33,40,12,1,86,0,3,66,0,69,33,43,78,1,155,50,0,50,205
10/29/2017,BTV,VT,ANE,EN,Combined TRACON& Tower with Radar,31,32,8,0,71,0,0,1,0,1,31,32,9,0,72,0,0,0,72
10/30/2017,BTV,VT,ANE,EN,Combined TRACON& Tower with Radar,28,31,11,0,70,0,0,5,0,5,28,31,16,0,75,0,0,0,75
10/31/2017,BTV,VT,ANE,EN,Combined TRACON& Tower with Radar,28,34,17,12,91,0,0,27,3,30,28,34,44,15,121,34,0,34,155
11/01/2017,BTV,VT,ANE,EN,Combined TRACON& Tower with Radar,26,46,16,12,100,0,3,46,5,54,26,49,62,17,154,67,11,78,232
11/02/2017,BTV,VT,ANE,EN,Combined TRACON& Tower with Radar,27,44,12,6,89,0,0,4,8,12,27,44,16,14,101,8,24,32,133
11/03/2017,BTV,VT,ANE,EN,Combined TRACON& Tower with Radar,27,49,18,7,101,0,1,16,0,17,27,50,34,7,118,78,4,82,200
11/04/2017,BTV,VT,ANE,EN,Combined TRACON& Tower with Radar,29,30,25,20,104,0,0,54,8,62,29,30,79,28,166,61,6,67,233
11/05/2017,BTV,VT,ANE,EN,Combined TRACON& Tower with Radar,30,32,9,3,74,0,0,4,7,11,30,32,13,10,85,0,6,6,91
11/06/2017,BTV,VT,ANE,EN,Combined TRACON& Tower with Radar,27,39,14,0,80,0,0,5,0,5,27,39,19,0,85,0,0,0,85
11/07/2017,BTV,VT,ANE,EN,Combined TRACON& Tower with Radar,31,41,26,14,112,0,0,41,19,60,31,41,67,33,172,41,18,59,231
11/08/2017,BTV,VT,ANE,EN,Combined TRACON& Tower with Radar,31,44,23,12,110,0,2,69,8,79,31,46,92,20,189,101,10,111,300
11/09/2017,BTV,VT,ANE,EN,Combined TRACON& Tower with Radar,29,44,21,8,102,0,1,59,10,70,29,45,80,18,172,82,8,90,262
11/10/2017,BTV,VT,ANE,EN,Combined TRACON& Tower with Radar,28,44,11,0,83,0,0,8,0,8,28,44,19,0,91,14,0,14,105
11/11/2017,BTV,VT,ANE,EN,Combined TRACON& Tower with Radar,29,24,13,0,66,0,1,35,0,36,29,25,48,0,102,90,0,90,192
11/12/2017,BTV,VT,ANE,EN,Combined TRACON& Tower with Radar,30,31,17,0,78,0,1,122,0,123,30,32,139,0,201,0,0,0,201
11/13/2017,BTV,VT,ANE,EN,Combined TRACON& Tower with Radar,30,39,16,0,85,0,0,37,8,45,30,39,53,8,130,0,0,0,130
11/14/2017,BTV,VT,ANE,EN,Combined TRACON& Tower with Radar,31,38,16,5,90,0,1,104,4,109,31,39,120,9,199,0,0,0,199
11/15/2017,BTV,VT,ANE,EN,Combined TRACON& Tower with Radar,31,40,27,8,106,0,0,65,8,73,31,40,92,16,179,53,17,70,249
11/16/2017,BTV,VT,ANE,EN,Combined TRACON& Tower with Radar,28,48,23,14,113,0,0,15,5,20,28,48,38,19,133,6,10,16,149
11/17/2017,BTV,VT,ANE,EN,Combined TRACON& Tower with Radar,28,44,30,6,108,0,1,37,4,42,28,45,67,10,150,44,2,46,196
11/18/2017,BTV,VT,ANE,EN,Combined TRACON& Tower with Radar,27,37,13,0,77,0,0,45,0,45,27,37,58,0,122,64,0,64,186
11/19/2017,BTV,VT,ANE,EN,Combined TRACON& Tower with Radar,30,28,5,0,63,0,1,2,0,3,30,29,7,0,66,0,0,0,66
11/20/2017,BTV,VT,ANE,EN,Combined TRACON& Tower with Radar,25,39,21,0,85,0,0,15,0,15,25,39,36,0,100,22,0,22,122
11/21/2017,BTV,VT,ANE,EN,Combined TRACON& Tower with Radar,30,61,22,5,118,0,4,28,8,40,30,65,50,13,158,4,4,8,166
11/22/2017,BTV,VT,ANE,EN,Combined TRACON& Tower with Radar,30,51,21,8,110,0,0,8,0,8,30,51,29,8,118,24,6,30,148
11/23/2017,BTV,VT,ANE,EN,Combined TRACON& Tower with Radar,15,14,4,0,33,0,0,14,1,15,15,14,18,1,48,0,0,0,48
11/24/2017,BTV,VT,ANE,EN,Combined TRACON& Tower with Radar,23,27,15,2,67,0,0,37,0,37,23,27,52,2,104,50,0,50,154
11/25/2017,BTV,VT,ANE,EN,Combined TRACON& Tower with Radar,31,41,20,0,92,0,0,13,0,13,31,41,33,0,105,20,0,20,125
11/26/2017,BTV,VT,ANE,EN,Combined TRACON& Tower with Radar,31,45,19,0,95,0,1,12,0,13,31,46,31,0,108,2,0,2,110
11/27/2017,BTV,VT,ANE,EN,Combined TRACON& Tower with Radar,31,44,13,0,88,0,0,6,0,6,31,44,19,0,94,0,0,0,94
11/28/2017,BTV,VT,ANE,EN,Combined TRACON& Tower with Radar,34,42,16,7,99,0,1,27,9,37,34,43,43,16,136,0,0,0,136
11/29/2017,BTV,VT,ANE,EN,Combined TRACON& Tower with Radar,29,42,15,5,91,0,2,31,2,35,29,44,46,7,126,33,0,33,159
11/30/2017,BTV,VT,ANE,EN,Combined TRACON& Tower with Radar,30,43,23,10,106,0,0,38,12,50,30,43,61,22,156,62,2,64,220
12/01/2017,BTV,VT,ANE,EN,Combined TRACON& Tower with Radar,30,45,14,10,99,0,0,57,10,67,30,45,71,20,166,0,0,0,166
12/02/2017,BTV,VT,ANE,EN,Combined TRACON& Tower with Radar,30,19,22,5,76,0,0,101,5,106,30,19,123,10,182,0,0,0,182
12/03/2017,BTV,VT,ANE,EN,Combined TRACON& Tower with Radar,28,31,15,3,77,0,0,38,2,40,28,31,53,5,117,51,0,51,168
12/04/2017,BTV,VT,ANE,EN,Combined TRACON& Tower with Radar,28,37,41,2,108,0,1,31,0,32,28,38,72,2,140,61,0,61,201
12/05/2017,BTV,VT,ANE,EN,Combined TRACON& Tower with Radar,33,37,12,7,89,0,0,0,0,0,33,37,12,7,89,0,0,0,89
12/06/2017,BTV,VT,ANE,EN,Combined TRACON& Tower with Radar,30,44,13,9,96,0,0,39,6,45,30,44,52,15,141,61,12,73,214
12/07/2017,BTV,VT,ANE,EN,Combined TRACON& Tower with Radar,27,44,20,18,109,0,0,21,12,33,27,44,41,30,142,17,16,33,175
12/08/2017,BTV,VT,ANE,EN,Combined TRACON& Tower with Radar,29,42,19,9,99,0,0,37,1,38,29,42,56,10,137,48,0,48,185
12/09/2017,BTV,VT,ANE,EN,Combined TRACON& Tower with Radar,28,16,24,0,68,0,0,84,0,84,28,16,108,0,152,0,0,0,152
12/10/2017,BTV,VT,ANE,EN,Combined TRACON& Tower with Radar,28,37,12,0,77,0,0,40,0,40,28,37,52,0,117,0,0,0,117
12/11/2017,BTV,VT,ANE,EN,Combined TRACON& Tower with Radar,29,45,12,0,86,0,0,40,0,40,29,45,52,0,126,0,0,0,126
12/12/2017,BTV,VT,ANE,EN,Combined TRACON& Tower with Radar,29,39,4,0,72,0,0,0,0,0,29,39,4,0,72,0,0,0,72
12/13/2017,BTV,VT,ANE,EN,Combined TRACON& Tower with Radar,29,36,9,0,74,0,0,0,0,0,29,36,9,0,74,0,0,0,74
12/14/2017,BTV,VT,ANE,EN,Combined TRACON& Tower with Radar,29,40,19,12,100,0,0,51,16,67,29,40,70,28,167,67,4,71,238
12/15/2017,BTV,VT,ANE,EN,Combined TRACON& Tower with Radar,28,36,17,8,89,0,3,38,0,41,28,39,55,8,130,85,0,85,215
12/16/2017,BTV,VT,ANE,EN,Combined TRACON& Tower with Radar,29,31,17,0,77,0,0,45,0,45,29,31,62,0,122,0,0,0,122
12/17/2017,BTV,VT,ANE,EN,Combined TRACON& Tower with Radar,28,39,14,0,81,0,1,28,0,29,28,40,42,0,110,24,0,24,134
12/18/2017,BTV,VT,ANE,EN,Combined TRACON& Tower with Radar,27,45,16,0,88,0,0,3,0,3,27,45,19,0,91,28,0,28,119
12/19/2017,BTV,VT,ANE,EN,Combined TRACON& Tower with Radar,29,54,14,12,109,0,0,6,0,6,29,54,20,12,115,25,4,29,144
12/20/2017,BTV,VT,ANE,EN,Combined TRACON& Tower with Radar,29,60,24,15,128,0,1,15,0,16,29,61,39,15,144,14,2,16,160
12/21/2017,BTV,VT,ANE,EN,Combined TRACON& Tower with Radar,36,55,18,0,109,0,1,52,9,62,36,56,70,9,171,48,4,52,223
12/22/2017,BTV,VT,ANE,EN,Combined TRACON& Tower with Radar,33,57,16,0,106,0,0,0,0,0,33,57,16,0,106,0,0,0,106
12/23/2017,BTV,VT,ANE,EN,Combined TRACON& Tower with Radar,25,39,6,0,70,0,0,0,0,0,25,39,6,0,70,0,0,0,70
12/24/2017,BTV,VT,ANE,EN,Combined TRACON& Tower with Radar,21,36,8,0,65,0,1,12,0,13,21,37,20,0,78,0,0,0,78
12/25/2017,BTV,VT,ANE,EN,Combined TRACON& Tower with Radar,20,32,5,0,57,0,2,0,0,2,20,34,5,0,59,0,0,0,59
12/26/2017,BTV,VT,ANE,EN,Combined TRACON& Tower with Radar,30,52,23,0,105,0,0,30,2,32,30,52,53,2,137,0,0,0,137
12/27/2017,BTV,VT,ANE,EN,Combined TRACON& Tower with Radar,32,54,11,3,100,0,4,14,1,19,32,58,25,4,119,4,1,5,124
12/28/2017,BTV,VT,ANE,EN,Combined TRACON& Tower with Radar,32,43,14,11,100,0,2,4,3,9,32,45,18,14,109,14,0,14,123
12/29/2017,BTV,VT,ANE,EN,Combined TRACON& Tower with Radar,30,45,12,0,87,0,0,0,0,0,30,45,12,0,87,0,0,0,87
12/30/2017,BTV,VT,ANE,EN,Combined TRACON& Tower with Radar,28,33,6,0,67,0,1,2,0,3,28,34,8,0,70,0,0,0,70
12/31/2017,BTV,VT,ANE,EN,Combined TRACON& Tower with Radar,24,31,5,0,60,0,0,2,0,2,24,31,7,0,62,0,0,0,62
01/01/2018,BTV,VT,ANE,EN,Combined TRACON& Tower with Radar,27,38,11,0,76,0,1,4,0,5,27,39,15,0,81,2,0,2,83
01/02/2018,BTV,VT,ANE,EN,Combined TRACON& Tower with Radar,30,46,8,3,87,0,0,2,0,2,30,46,10,3,89,0,0,0,89
01/03/2018,BTV,VT,ANE,EN,Combined TRACON& Tower with Radar,31,56,15,3,105,0,1,41,2,44,31,57,56,5,149,8,6,14,163
01/04/2018,BTV,VT,ANE,EN,Combined TRACON& Tower with Radar,10,12,6,7,35,0,0,5,0,5,10,12,11,7,40,18,2,20,60
01/05/2018,BTV,VT,ANE,EN,Combined TRACON& Tower with Radar,24,33,16,0,73,0,0,0,0,0,24,33,16,0,73,0,0,0,73
01/06/2018,BTV,VT,ANE,EN,Combined TRACON& Tower with Radar,29,27,8,0,64,0,0,0,0,0,29,27,8,0,64,0,0,0,64
01/07/2018,BTV,VT,ANE,EN,Combined TRACON& Tower with Radar,31,36,13,0,80,0,2,5,0,7,31,38,18,0,87,0,0,0,87
01/08/2018,BTV,VT,ANE,EN,Combined TRACON& Tower with Radar,28,35,5,0,68,0,0,4,0,4,28,35,9,0,72,3,0,3,75
01/09/2018,BTV,VT,ANE,EN,Combined TRACON& Tower with Radar,34,40,15,8,97,0,0,28,2,30,34,40,43,10,127,11,14,25,152
01/10/2018,BTV,VT,ANE,EN,Combined TRACON& Tower with Radar,32,38,17,8,95,0,3,50,8,61,32,41,67,16,156,7,12,19,175
01/11/2018,BTV,VT,ANE,EN,Combined TRACON& Tower with Radar,34,33,17,7,91,0,2,2,2,6,34,35,19,9,97,0,0,0,97
01/12/2018,BTV,VT,ANE,EN,Combined TRACON& Tower with Radar,25,50,14,0,89,0,0,2,0,2,25,50,16,0,91,0,0,0,91
01/13/2018,BTV,VT,ANE,EN,Combined TRACON& Tower with Radar,25,29,4,0,58,0,0,0,0,0,25,29,4,0,58,0,0,0,58
01/14/2018,BTV,VT,ANE,EN,Combined TRACON& Tower with Radar,26,32,15,0,73,0,2,18,0,20,26,34,33,0,93,0,0,0,93
01/15/2018,BTV,VT,ANE,EN,Combined TRACON& Tower with Radar,31,48,18,0,97,0,0,40,0,40,31,48,58,0,137,2,0,2,139
01/16/2018,BTV,VT,ANE,EN,Combined TRACON& Tower with Radar,33,42,16,5,96,0,0,12,2,14,33,42,28,7,110,18,21,39,149
01/17/2018,BTV,VT,ANE,EN,Combined TRACON& Tower with Radar,27,40,8,12,87,0,0,3,6,9,27,40,11,18,96,0,0,0,96
01/18/2018,BTV,VT,ANE,EN,Combined TRACON& Tower with Radar,32,38,9,6,85,0,0,29,6,35,32,38,38,12,120,20,15,35,155
01/19/2018,BTV,VT,ANE,EN,Combined TRACON& Tower with Radar,33,44,14,9,100,0,0,15,3,18,33,44,29,12,118,18,0,18,136
01/20/2018,BTV,VT,ANE,EN,Combined TRACON& Tower with Radar,32,19,8,0,59,0,0,37,0,37,32,19,45,0,96,69,0,69,165
01/21/2018,BTV,VT,ANE,EN,Combined TRACON& Tower with Radar,31,37,16,0,84,0,0,111,0,111,31,37,127,0,195,0,0,0,195
01/22/2018,BTV,VT,ANE,EN,Combined TRACON& Tower with Radar,32,35,15,2,84,0,0,3,0,3,32,35,18,2,87,26,0,26,113
01/23/2018,BTV,VT,ANE,EN,Combined TRACON& Tower with Radar,33,35,7,1,76,0,0,0,0,0,33,35,7,1,76,0,0,0,76
01/24/2018,BTV,VT,ANE,EN,Combined TRACON& Tower with Radar,33,37,10,0,80,0,2,24,4,30,33,39,34,4,110,4,0,4,114
01/25/2018,BTV,VT,ANE,EN,Combined TRACON& Tower with Radar,33,51,17,9,110,0,3,39,10,52,33,54,56,19,162,33,2,35,197
01/26/2018,BTV,VT,ANE,EN,Combined TRACON& Tower with Radar,34,34,15,8,91,0,2,45,6,53,34,36,60,14,144,35,0,35,179
01/27/2018,BTV,VT,ANE,EN,Combined TRACON& Tower with Radar,33,24,11,1,69,0,0,8,0,8,33,24,19,1,77,0,0,0,77
01/28/2018,BTV,VT,ANE,EN,Combined TRACON& Tower with Radar,30,36,18,0,84,0,0,40,0,40,30,36,58,0,124,28,0,28,152
01/29/2018,BTV,VT,ANE,EN,Combined TRACON& Tower with Radar,33,41,20,3,97,0,1,19,1,21,33,42,39,4,118,16,0,16,134
01/30/2018,BTV,VT,ANE,EN,Combined TRACON& Tower with Radar,35,37,17,2,91,0,0,23,6,29,35,37,40,8,120,22,0,22,142
01/31/2018,BTV,VT,ANE,EN,Combined TRACON& Tower with Radar,31,33,16,0,80,0,0,39,8,47,31,33,55,8,127,12,1,13,140
02/01/2018,BTV,VT,ANE,EN,Combined TRACON& Tower with Radar,33,45,10,5,93,0,2,24,13,39,33,47,34,18,132,0,0,0,132
02/02/2018,BTV,VT,ANE,EN,Combined TRACON& Tower with Radar,34,43,18,0,95,0,4,22,3,29,34,47,40,3,124,0,0,0,124
02/03/2018,BTV,VT,ANE,EN,Combined TRACON& Tower with Radar,33,24,17,0,74,0,0,61,0,61,33,24,78,0,135,0,0,0,135
02/04/2018,BTV,VT,ANE,EN,Combined TRACON& Tower with Radar,31,47,17,0,95,0,0,0,0,0,31,47,17,0,95,0,0,0,95
02/05/2018,BTV,VT,ANE,EN,Combined TRACON& Tower with Radar,33,47,21,0,101,0,0,25,5,30,33,47,46,5,131,13,0,13,144
02/06/2018,BTV,VT,ANE,EN,Combined TRACON& Tower with Radar,33,39,21,1,94,0,0,16,10,26,33,39,37,11,120,55,27,82,202
02/07/2018,BTV,VT,ANE,EN,Combined TRACON& Tower with Radar,24,20,7,0,51,0,0,0,0,0,24,20,7,0,51,0,0,0,51
02/08/2018,BTV,VT,ANE,EN,Combined TRACON& Tower with Radar,34,39,27,1,101,0,2,29,16,47,34,41,56,17,148,22,0,22,170
02/09/2018,BTV,VT,ANE,EN,Combined TRACON& Tower with Radar,34,35,24,2,95,0,1,44,8,53,34,36,68,10,148,67,0,67,215
02/10/2018,BTV,VT,ANE,EN,Combined TRACON& Tower with Radar,35,20,9,4,68,0,0,0,0,0,35,20,9,4,68,12,0,12,80
02/11/2018,BTV,VT,ANE,EN,Combined TRACON& Tower with Radar,28,40,7,0,75,0,0,0,0,0,28,40,7,0,75,0,0,0,75
02/12/2018,BTV,VT,ANE,EN,Combined TRACON& Tower with Radar,35,44,14,0,93,0,3,45,0,48,35,47,59,0,141,66,0,66,207
02/13/2018,BTV,VT,ANE,EN,Combined TRACON& Tower with Radar,34,43,19,2,98,0,1,73,9,83,34,44,92,11,181,124,0,124,305
02/14/2018,BTV,VT,ANE,EN,Combined TRACON& Tower with Radar,31,49,20,0,100,0,0,35,5,40,31,49,55,5,140,60,1,61,201
02/15/2018,BTV,VT,ANE,EN,Combined TRACON& Tower with Radar,31,45,25,0,101,0,0,26,0,26,31,45,51,0,127,17,0,17,144
02/16/2018,BTV,VT,ANE,EN,Combined TRACON& Tower with Radar,41,57,20,3,121,0,1,9,2,12,41,58,29,5,133,18,1,19,152
02/17/2018,BTV,VT,ANE,EN,Combined TRACON& Tower with Radar,25,31,29,0,85,0,0,104,0,104,25,31,133,0,189,0,0,0,189
02/18/2018,BTV,VT,ANE,EN,Combined TRACON& Tower with Radar,31,35,36,0,102,0,0,33,0,33,31,35,69,0,135,31,0,31,166
02/19/2018,BTV,VT,ANE,EN,Combined TRACON& Tower with Radar,34,48,42,0,124,0,1,15,2,18,34,49,57,2,142,12,0,12,154
02/20/2018,BTV,VT,ANE,EN,Combined TRACON& Tower with Radar,33,60,8,0,101,0,0,0,0,0,33,60,8,0,101,0,0,0,101
02/21/2018,BTV,VT,ANE,EN,Combined TRACON& Tower with Radar,36,59,22,0,117,0,0,15,4,19,36,59,37,4,136,25,2,27,163
02/22/2018,BTV,VT,ANE,EN,Combined TRACON& Tower with Radar,31,57,21,2,111,0,0,33,14,47,31,57,54,16,158,60,4,64,222
02/23/2018,BTV,VT,ANE,EN,Combined TRACON& Tower with Radar,29,56,21,2,108,0,1,28,3,32,29,57,49,5,140,43,6,49,189
02/24/2018,BTV,VT,ANE,EN,Combined TRACON& Tower with Radar,35,31,18,6,90,0,0,39,0,39,35,31,57,6,129,71,0,71,200
02/25/2018,BTV,VT,ANE,EN,Combined TRACON& Tower with Radar,33,45,16,0,94,0,0,2,0,2,33,45,18,0,96,0,0,0,96
02/26/2018,BTV,VT,ANE,EN,Combined TRACON& Tower with Radar,36,46,22,5,109,0,0,35,0,35,36,46,57,5,144,71,0,71,215
02/27/2018,BTV,VT,ANE,EN,Combined TRACON& Tower with Radar,35,39,18,1,93,0,2,52,11,65,35,41,70,12,158,121,4,125,283
02/28/2018,BTV,VT,ANE,EN,Combined TRACON& Tower with Radar,32,37,38,4,111,0,0,42,6,48,32,37,80,10,159,62,9,71,230
03/01/2018,BTV,VT,ANE,EN,Combined TRACON& Tower with Radar,35,51,15,4,105,0,0,126,13,139,35,51,141,17,244,0,0,0,244
03/02/2018,BTV,VT,ANE,EN,Combined TRACON& Tower with Radar,29,19,12,0,60,0,0,0,0,0,29,19,12,0,60,0,0,0,60
03/03/2018,BTV,VT,ANE,EN,Combined TRACON& Tower with Radar,28,36,18,0,82,0,0,4,4,8,28,36,22,4,90,0,0,0,90
03/04/2018,BTV,VT,ANE,EN,Combined TRACON& Tower with Radar,31,40,28,1,100,0,0,1,0,1,31,40,29,1,101,0,0,0,101
03/05/2018,BTV,VT,ANE,EN,Combined TRACON& Tower with Radar,36,55,8,1,100,0,0,29,0,29,36,55,37,1,129,66,0,66,195
03/06/2018,BTV,VT,ANE,EN,Combined TRACON& Tower with Radar,38,51,23,17,129,0,0,52,14,66,38,51,75,31,195,86,15,101,296
03/07/2018,BTV,VT,ANE,EN,Combined TRACON& Tower with Radar,15,29,20,4,68,0,0,7,0,7,15,29,27,4,75,24,0,24,99
03/08/2018,BTV,VT,ANE,EN,Combined TRACON& Tower with Radar,26,40,5,4,75,0,0,0,0,0,26,40,5,4,75,0,0,0,75
03/09/2018,BTV,VT,ANE,EN,Combined TRACON& Tower with Radar,31,64,34,1,130,0,0,9,5,14,31,64,43,6,144,35,0,35,179
03/10/2018,BTV,VT,ANE,EN,Combined TRACON& Tower with Radar,40,38,10,1,89,0,0,11,1,12,40,38,21,2,101,46,0,46,147
03/11/2018,BTV,VT,ANE,EN,Combined TRACON& Tower with Radar,34,52,19,2,107,0,0,13,0,13,34,52,32,2,120,12,0,12,132
03/12/2018,BTV,VT,ANE,EN,Combined TRACON& Tower with Radar,30,49,26,9,114,0,0,51,0,51,30,49,77,9,165,24,20,44,209
03/13/2018,BTV,VT,ANE,EN,Combined TRACON& Tower with Radar,7,6,1,0,14,0,0,0,0,0,7,6,1,0,14,0,0,0,14
03/14/2018,BTV,VT,ANE,EN,Combined TRACON& Tower with Radar,23,29,4,0,56,0,0,0,0,0,23,29,4,0,56,0,0,0,56
03/15/2018,BTV,VT,ANE,EN,Combined TRACON& Tower with Radar,36,51,17,8,112,0,0,13,5,18,36,51,30,13,130,18,17,35,165
03/16/2018,BTV,VT,ANE,EN,Combined TRACON& Tower with Radar,36,62,15,7,120,0,1,42,2,45,36,63,57,9,165,46,0,46,211
03/17/2018,BTV,VT,ANE,EN,Combined TRACON& Tower with Radar,32,36,12,0,80,0,0,39,0,39,32,36,51,0,119,0,0,0,119
03/18/2018,BTV,VT,ANE,EN,Combined TRACON& Tower with Radar,33,61,25,0,119,0,0,73,1,74,33,61,98,1,193,56,0,56,249
03/19/2018,BTV,VT,ANE,EN,Combined TRACON& Tower with Radar,38,48,27,13,126,0,0,30,5,35,38,48,57,18,161,59,3,62,223
03/20/2018,BTV,VT,ANE,EN,Combined TRACON& Tower with Radar,33,50,18,8,109,0,0,56,17,73,33,50,74,25,182,100,4,104,286
03/21/2018,BTV,VT,ANE,EN,Combined TRACON& Tower with Radar,19,15,25,3,62,0,1,57,8,66,19,16,82,11,128,77,0,77,205
03/22/2018,BTV,VT,ANE,EN,Combined TRACON& Tower with Radar,32,58,26,0,116,0,1,34,6,41,32,59,60,6,157,43,0,43,200
03/23/2018,BTV,VT,ANE,EN,Combined TRACON& Tower with Radar,35,58,26,2,121,0,4,44,7,55,35,62,70,9,176,58,0,58,234
03/24/2018,BTV,VT,ANE,EN,Combined TRACON& Tower with Radar,32,40,11,0,83,0,0,34,0,34,32,40,45,0,117,61,0,61,178
03/25/2018,BTV,VT,ANE,EN,Combined TRACON& Tower with Radar,32,46,21,0,99,0,0,46,0,46,32,46,67,0,145,71,0,71,216
03/26/2018,BTV,VT,ANE,EN,Combined TRACON& Tower with Radar,35,42,15,0,92,0,0,57,0,57,35,42,72,0,149,76,0,76,225
03/27/2018,BTV,VT,ANE,EN,Combined TRACON& Tower with Radar,39,46,27,4,116,0,0,47,17,64,39,46,74,21,180,32,2,34,214
03/28/2018,BTV,VT,ANE,EN,Combined TRACON& Tower with Radar,32,49,16,2,99,0,2,17,1,20,32,51,33,3,119,68,0,68,187
03/29/2018,BTV,VT,ANE,EN,Combined TRACON& Tower with Radar,32,52,18,4,106,0,1,99,2,102,32,53,117,6,208,0,0,0,208
03/30/2018,BTV,VT,ANE,EN,Combined TRACON& Tower with Radar,38,53,27,2,120,0,0,75,0,75,38,53,102,2,195,0,0,0,195
03/31/2018,BTV,VT,ANE,EN,Combined TRACON& Tower with Radar,24,29,21,0,74,0,1,76,0,77,24,30,97,0,151,69,0,69,220
04/01/2018,BTV,VT,ANE,EN,Combined TRACON& Tower with Radar,33,45,8,0,86,0,3,10,0,13,33,48,18,0,99,26,0,26,125
04/02/2018,BTV,VT,ANE,EN,Combined TRACON& Tower with Radar,30,48,26,0,104,0,1,68,3,72,30,49,94,3,176,110,4,114,290
04/03/2018,BTV,VT,ANE,EN,Combined TRACON& Tower with Radar,37,39,8,16,100,1,0,42,2,45,38,39,50,18,145,22,0,22,167
04/04/2018,BTV,VT,ANE,EN,Combined TRACON& Tower with Radar,40,27,11,3,81,0,0,2,0,2,40,27,13,3,83,0,0,0,83
04/05/2018,BTV,VT,ANE,EN,Combined TRACON& Tower with Radar,42,36,23,1,102,0,5,39,22,66,42,41,62,23,168,26,5,31,199
04/06/2018,BTV,VT,ANE,EN,Combined TRACON& Tower with Radar,38,34,20,7,99,0,0,6,4,10,38,34,26,11,109,18,10,28,137
04/07/2018,BTV,VT,ANE,EN,Combined TRACON& Tower with Radar,37,37,15,15,104,0,1,22,2,25,37,38,37,17,129,31,6,37,166
04/08/2018,BTV,VT,ANE,EN,Combined TRACON& Tower with Radar,36,37,24,0,97,0,0,50,0,50,36,37,74,0,147,88,0,88,235
04/09/2018,BTV,VT,ANE,EN,Combined TRACON& Tower with Radar,38,34,31,7,110,0,0,65,5,70,38,34,96,12,180,59,2,61,241
04/10/2018,BTV,VT,ANE,EN,Combined TRACON& Tower with Radar,38,40,18,15,111,0,0,36,8,44,38,40,54,23,155,107,0,107,262
04/11/2018,BTV,VT,ANE,EN,Combined TRACON& Tower with Radar,40,39,25,18,122,0,0,36,5,41,40,39,61,23,163,32,4,36,199
04/12/2018,BTV,VT,ANE,EN,Combined TRACON& Tower with Radar,36,42,32,13,123,0,1,71,9,81,36,43,103,22,204,0,0,0,204
04/13/2018,BTV,VT,ANE,EN,Combined TRACON& Tower with Radar,39,39,30,1,109,0,1,61,4,66,39,40,91,5,175,0,0,0,175
04/14/2018,BTV,VT,ANE,EN,Combined TRACON& Tower with Radar,26,44,5,0,75,0,2,14,2,18,26,46,19,2,93,0,0,0,93
04/15/2018,BTV,VT,ANE,EN,Combined TRACON& Tower with Radar,40,36,15,0,91,0,0,1,0,1,40,36,16,0,92,0,0,0,92
04/16/2018,BTV,VT,ANE,EN,Combined TRACON& Tower with Radar,34,31,11,0,76,0,0,0,2,2,34,31,11,2,78,0,0,0,78
04/17/2018,BTV,VT,ANE,EN,Combined TRACON& Tower with Radar,37,39,12,8,96,0,0,4,0,4,37,39,16,8,100,24,0,24,124
04/18/2018,BTV,VT,ANE,EN,Combined TRACON& Tower with Radar,42,42,19,8,111,0,0,27,2,29,42,42,46,10,140,51,4,55,195
04/19/2018,BTV,VT,ANE,EN,Combined TRACON& Tower with Radar,38,54,22,7,121,0,1,23,1,25,38,55,45,8,146,38,0,38,184
04/20/2018,BTV,VT,ANE,EN,Combined TRACON& Tower with Radar,42,51,27,2,122,0,0,12,0,12,42,51,39,2,134,0,0,0,134
04/21/2018,BTV,VT,ANE,EN,Combined TRACON& Tower with Radar,32,56,28,0,116,0,1,90,1,92,32,57,118,1,208,51,0,51,259
04/22/2018,BTV,VT,ANE,EN,Combined TRACON& Tower with Radar,46,41,20,0,107,0,0,88,0,88,46,41,108,0,195,52,0,52,247
04/23/2018,BTV,VT,ANE,EN,Combined TRACON& Tower with Radar,39,45,23,1,108,0,1,62,0,63,39,46,85,1,171,53,13,66,237
04/24/2018,BTV,VT,ANE,EN,Combined TRACON& Tower with Radar,33,45,29,16,123,0,1,71,6,78,33,46,100,22,201,63,11,74,275
04/25/2018,BTV,VT,ANE,EN,Combined TRACON& Tower with Radar,37,43,28,9,117,0,0,12,0,12,37,43,40,9,129,42,0,42,171
04/26/2018,BTV,VT,ANE,EN,Combined TRACON& Tower with Radar,36,41,42,3,122,0,0,15,1,16,36,41,57,4,138,7,0,7,145
04/27/2018,BTV,VT,ANE,EN,Combined TRACON& Tower with Radar,36,36,47,11,130,0,2,37,3,42,36,38,84,14,172,28,6,34,206
04/28/2018,BTV,VT,ANE,EN,Combined TRACON& Tower with Radar,30,37,34,0,101,0,0,32,0,32,30,37,66,0,133,65,0,65,198
04/29/2018,BTV,VT,ANE,EN,Combined TRACON& Tower with Radar,36,33,12,0,81,0,0,1,0,1,36,33,13,0,82,0,0,0,82
04/30/2018,BTV,VT,ANE,EN,Combined TRACON& Tower with Radar,38,49,26,0,113,0,0,1,0,1,38,49,27,0,114,0,0,0,114
05/01/2018,BTV,VT,ANE,EN,Combined TRACON& Tower with Radar,38,43,23,7,111,0,0,52,7,59,38,43,75,14,170,77,0,77,247
05/02/2018,BTV,VT,ANE,EN,Combined TRACON& Tower with Radar,39,43,12,9,103,0,1,54,0,55,39,44,66,9,158,50,2,52,210
05/03/2018,BTV,VT,ANE,EN,Combined TRACON& Tower with Radar,34,47,35,4,120,0,0,14,0,14,34,47,49,4,134,17,6,23,157
05/04/2018,BTV,VT,ANE,EN,Combined TRACON& Tower with Radar,37,60,11,7,115,0,0,5,3,8,37,60,16,10,123,0,0,0,123
05/05/2018,BTV,VT,ANE,EN,Combined TRACON& Tower with Radar,34,44,20,7,105,0,3,63,11,77,34,47,83,18,182,27,5,32,214
05/06/2018,BTV,VT,ANE,EN,Combined TRACON& Tower with Radar,36,48,29,0,113,0,0,34,0,34,36,48,63,0,147,36,0,36,183
05/07/2018,BTV,VT,ANE,EN,Combined TRACON& Tower with Radar,35,45,27,0,107,0,0,83,2,85,35,45,110,2,192,98,0,98,290
05/08/2018,BTV,VT,ANE,EN,Combined TRACON& Tower with Radar,33,46,37,0,116,0,1,70,17,88,33,47,107,17,204,76,21,97,301
05/09/2018,BTV,VT,ANE,EN,Combined TRACON& Tower with Radar,30,44,24,0,98,0,4,85,13,102,30,48,109,13,200,47,14,61,261
05/10/2018,BTV,VT,ANE,EN,Combined TRACON& Tower with Radar,32,51,24,0,107,0,2,29,3,34,32,53,53,3,141,0,0,0,141
05/11/2018,BTV,VT,ANE,EN,Combined TRACON& Tower with Radar,34,49,30,3,116,0,3,85,9,97,34,52,115,12,213,0,0,0,213
05/12/2018,BTV,VT,ANE,EN,Combined TRACON& Tower with Radar,34,34,18,0,86,0,0,42,1,43,34,34,60,1,129,64,0,64,193
05/13/2018,BTV,VT,ANE,EN,Combined TRACON& Tower with Radar,36,46,36,0,118,0,2,32,0,34,36,48,68,0,152,16,0,16,168
05/14/2018,BTV,VT,ANE,EN,Combined TRACON& Tower with Radar,28,43,36,3,110,0,0,67,0,67,28,43,103,3,177,55,2,57,234
05/15/2018,BTV,VT,ANE,EN,Combined TRACON& Tower with Radar,26,40,25,4,95,0,0,17,2,19,26,40,42,6,114,67,0,67,181
05/16/2018,BTV,VT,ANE,EN,Combined TRACON& Tower with Radar,28,44,30,15,117,0,1,70,10,81,28,45,100,25,198,45,4,49,247
05/17/2018,BTV,VT,ANE,EN,Combined TRACON& Tower with Radar,34,60,42,9,145,0,1,60,29,90,34,61,102,38,235,50,2,52,287
05/18/2018,BTV,VT,ANE,EN,Combined TRACON& Tower with Radar,38,62,30,11,141,0,7,67,4,78,38,69,97,15,219,72,8,80,299
05/19/2018,BTV,VT,ANE,EN,Combined TRACON& Tower with Radar,35,42,21,1,99,0,0,39,0,39,35,42,60,1,138,51,0,51,189
05/20/2018,BTV,VT,ANE,EN,Combined TRACON& Tower with Radar,33,54,44,1,132,0,1,9,0,10,33,55,53,1,142,15,0,15,157
05/21/2018,BTV,VT,ANE,EN,Combined TRACON& Tower with Radar,29,65,16,0,110,0,2,59,0,61,29,67,75,0,171,64,0,64,235
05/22/2018,BTV,VT,ANE,EN,Combined TRACON& Tower with Radar,34,39,31,6,110,0,0,19,2,21,34,39,50,8,131,24,2,26,157
05/23/2018,BTV,VT,ANE,EN,Combined TRACON& Tower with Radar,32,42,26,7,107,0,3,95,28,126,32,45,121,35,233,0,0,0,233
05/24/2018,BTV,VT,ANE,EN,Combined TRACON& Tower with Radar,33,43,39,7,122,0,2,149,8,159,33,45,188,15,281,0,0,0,281
05/25/2018,BTV,VT,ANE,EN,Combined TRACON& Tower with Radar,32,43,35,0,110,0,0,137,0,137,32,43,172,0,247,0,0,0,247
05/26/2018,BTV,VT,ANE,EN,Combined TRACON& Tower with Radar,30,34,11,0,75,0,0,9,0,9,30,34,20,0,84,10,0,10,94
05/27/2018,BTV,VT,ANE,EN,Combined TRACON& Tower with Radar,26,33,26,0,85,0,0,23,0,23,26,33,49,0,108,0,0,0,108
05/28/2018,BTV,VT,ANE,EN,Combined TRACON& Tower with Radar,29,40,35,2,106,0,0,52,2,54,29,40,87,4,160,38,2,40,200
05/29/2018,BTV,VT,ANE,EN,Combined TRACON& Tower with Radar,31,41,27,8,107,0,0,42,8,50,31,41,69,16,157,70,9,79,236
05/30/2018,BTV,VT,ANE,EN,Combined TRACON& Tower with Radar,36,41,28,10,115,0,3,84,5,92,36,44,112,15,207,54,5,59,266
05/31/2018,BTV,VT,ANE,EN,Combined TRACON& Tower with Radar,27,47,40,11,125,0,3,46,11,60,27,50,86,22,185,11,4,15,200
06/01/2018,BTV,VT,ANE,EN,Combined TRACON& Tower with Radar,28,45,20,4,97,0,1,18,1,20,28,46,38,5,117,32,0,32,149
06/02/2018,BTV,VT,ANE,EN,Combined TRACON& Tower with Radar,30,29,22,5,86,0,0,47,7,54,30,29,69,12,140,32,8,40,180
06/03/2018,BTV,VT,ANE,EN,Combined TRACON& Tower with Radar,34,37,17,0,88,0,3,61,2,66,34,40,78,2,154,65,0,65,219
06/04/2018,BTV,VT,ANE,EN,Combined TRACON& Tower with Radar,33,43,28,2,106,0,0,8,0,8,33,43,36,2,114,10,0,10,124
06/05/2018,BTV,VT,ANE,EN,Combined TRACON& Tower with Radar,33,41,35,8,117,0,3,27,7,37,33,44,62,15,154,69,9,78,232
06/06/2018,BTV,VT,ANE,EN,Combined TRACON& Tower with Radar,32,42,17,9,100,0,1,38,2,41,32,43,55,11,141,70,4,74,215
06/07/2018,BTV,VT,ANE,EN,Combined TRACON& Tower with Radar,42,53,33,9,137,0,2,163,6,171,42,55,196,15,308,0,0,0,308
06/08/2018,BTV,VT,ANE,EN,Combined TRACON& Tower with Radar,46,41,32,8,127,0,2,102,8,112,46,43,134,16,239,0,0,0,239
06/09/2018,BTV,VT,ANE,EN,Combined TRACON& Tower with Radar,37,33,11,0,81,0,0,110,0,110,37,33,121,0,191,9,0,9,200
06/10/2018,BTV,VT,ANE,EN,Combined TRACON& Tower with Radar,43,40,32,1,116,0,0,59,2,61,43,40,91,3,177,45,0,45,222
06/11/2018,BTV,VT,ANE,EN,Combined TRACON& Tower with Radar,43,41,21,4,109,0,3,55,8,66,43,44,76,12,175,49,0,49,224
06/12/2018,BTV,VT,ANE,EN,Combined TRACON& Tower with Radar,46,46,49,11,152,0,1,134,7,142,46,47,183,18,294,0,0,0,294
06/13/2018,BTV,VT,ANE,EN,Combined TRACON& Tower with Radar,43,38,24,11,116,0,2,37,1,40,43,40,61,12,156,10,0,10,166
06/14/2018,BTV,VT,ANE,EN,Combined TRACON& Tower with Radar,45,50,37,9,141,0,0,9,1,10,45,50,46,10,151,35,1,36,187
06/15/2018,BTV,VT,ANE,EN,Combined TRACON& Tower with Radar,43,37,32,8,120,0,0,49,0,49,43,37,81,8,169,39,0,39,208
06/16/2018,BTV,VT,ANE,EN,Combined TRACON& Tower with Radar,39,35,19,0,93,0,1,62,0,63,39,36,81,0,156,59,0,59,215
06/17/2018,BTV,VT,ANE,EN,Combined TRACON& Tower with Radar,40,36,25,0,101,0,0,47,0,47,40,36,72,0,148,12,0,12,160
06/18/2018,BTV,VT,ANE,EN,Combined TRACON& Tower with Radar,40,33,14,2,89,0,0,14,2,16,40,33,28,4,105,22,0,22,127
06/19/2018,BTV,VT,ANE,EN,Combined TRACON& Tower with Radar,37,34,45,9,125,0,4,50,6,60,37,38,95,15,185,56,0,56,241
06/20/2018,BTV,VT,ANE,EN,Combined TRACON& Tower with Radar,42,33,30,6,111,0,1,70,2,73,42,34,100,8,184,57,4,61,245
06/21/2018,BTV,VT,ANE,EN,Combined TRACON& Tower with Radar,44,42,20,8,114,0,2,50,4,56,44,44,70,12,170,98,3,101,271
06/22/2018,BTV,VT,ANE,EN,Combined TRACON& Tower with Radar,45,41,34,10,130,0,4,81,7,92,45,45,115,17,222,99,1,100,322
06/23/2018,BTV,VT,ANE,EN,Combined TRACON& Tower with Radar,39,43,23,0,105,0,0,21,0,21,39,43,44,0,126,16,0,16,142
06/24/2018,BTV,VT,ANE,EN,Combined TRACON& Tower with Radar,42,48,38,2,130,0,0,7,0,7,42,48,45,2,137,0,0,0,137
06/25/2018,BTV,VT,ANE,EN,Combined TRACON& Tower with Radar,41,51,25,3,120,0,2,35,2,39,41,53,60,5,159,38,0,38,197
06/26/2018,BTV,VT,ANE,EN,Combined TRACON& Tower with Radar,48,45,17,12,122,0,7,69,2,78,48,52,86,14,200,142,2,144,344
06/27/2018,BTV,VT,ANE,EN,Combined TRACON& Tower with Radar,46,45,28,13,132,0,1,44,9,54,46,46,72,22,186,8,4,12,198
06/28/2018,BTV,VT,ANE,EN,Combined TRACON& Tower with Radar,41,50,26,0,117,0,0,10,0,10,41,50,36,0,127,11,0,11,138
06/29/2018,BTV,VT,ANE,EN,Combined TRACON& Tower with Radar,45,50,43,8,146,0,2,52,4,58,45,52,95,12,204,57,1,58,262
06/30/2018,BTV,VT,ANE,EN,Combined TRACON& Tower with Radar,41,40,27,0,108,0,0,43,0,43,41,40,70,0,151,29,0,29,180
07/01/2018,BTV,VT,ANE,EN,Combined TRACON& Tower with Radar,43,34,20,0,97,0,1,40,0,41,43,35,60,0,138,21,0,21,159
07/02/2018,BTV,VT,ANE,EN,Combined TRACON& Tower with Radar,38,37,25,2,102,0,1,49,3,53,38,38,74,5,155,16,2,18,173
07/03/2018,BTV,VT,ANE,EN,Combined TRACON& Tower with Radar,33,32,33,8,106,0,0,52,3,55,33,32,85,11,161,42,4,46,207
07/04/2018,BTV,VT,ANE,EN,Combined TRACON& Tower with Radar,33,21,13,0,67,0,0,31,4,35,33,21,44,4,102,26,0,26,128
07/05/2018,BTV,VT,ANE,EN,Combined TRACON& Tower with Radar,41,47,35,11,134,0,0,63,3,66,41,47,98,14,200,30,6,36,236
07/06/2018,BTV,VT,ANE,EN,Combined TRACON& Tower with Radar,43,31,20,5,99,0,0,26,2,28,43,31,46,7,127,8,4,12,139
07/07/2018,BTV,VT,ANE,EN,Combined TRACON& Tower with Radar,42,45,28,0,115,0,0,76,0,76,42,45,104,0,191,64,0,64,255
07/08/2018,BTV,VT,ANE,EN,Combined TRACON& Tower with Radar,47,33,20,0,100,0,1,69,0,70,47,34,89,0,170,59,24,83,253
07/09/2018,BTV,VT,ANE,EN,Combined TRACON& Tower with Radar,48,42,23,0,113,0,3,57,3,63,48,45,80,3,176,41,0,41,217
07/10/2018,BTV,VT,ANE,EN,Combined TRACON& Tower with Radar,50,38,24,8,120,0,0,38,8,46,50,38,62,16,166,61,4,65,231
07/11/2018,BTV,VT,ANE,EN,Combined TRACON& Tower with Radar,49,38,20,8,115,0,0,70,6,76,49,38,90,14,191,79,1,80,271
07/12/2018,BTV,VT,ANE,EN,Combined TRACON& Tower with Radar,48,40,22,9,119,0,4,74,18,96,48,44,96,27,215,45,20,65,280
07/13/2018,BTV,VT,ANE,EN,Combined TRACON& Tower with Radar,49,42,19,6,116,0,0,76,2,78,49,42,95,8,194,81,0,81,275
07/14/2018,BTV,VT,ANE,EN,Combined TRACON& Tower with Radar,49,34,12,0,95,0,0,15,0,15,49,34,27,0,110,34,0,34,144
07/15/2018,BTV,VT,ANE,EN,Combined TRACON& Tower with Radar,41,32,23,0,96,0,0,42,0,42,41,32,65,0,138,52,0,52,190
07/16/2018,BTV,VT,ANE,EN,Combined TRACON& Tower with Radar,43,39,28,0,110,0,0,53,3,56,43,39,81,3,166,76,0,76,242
07/17/2018,BTV,VT,ANE,EN,Combined TRACON& Tower with Radar,40,34,20,1,95,0,0,55,2,57,40,34,75,3,152,0,0,0,152
07/18/2018,BTV,VT,ANE,EN,Combined TRACON& Tower with Radar,47,40,36,6,129,0,0,135,5,140,47,40,171,11,269,0,0,0,269
07/19/2018,BTV,VT,ANE,EN,Combined TRACON& Tower with Radar,46,39,34,3,122,0,3,70,1,74,46,42,104,4,196,41,0,41,237
07/20/2018,BTV,VT,ANE,EN,Combined TRACON& Tower with Radar,50,47,20,3,120,0,7,60,1,68,50,54,80,4,188,69,0,69,257
07/21/2018,BTV,VT,ANE,EN,Combined TRACON& Tower with Radar,46,36,33,1,116,0,2,50,0,52,46,38,83,1,168,59,0,59,227
07/22/2018,BTV,VT,ANE,EN,Combined TRACON& Tower with Radar,38,41,42,0,121,0,0,18,0,18,38,41,60,0,139,26,0,26,165
07/23/2018,BTV,VT,ANE,EN,Combined TRACON& Tower with Radar,39,36,28,3,106,0,0,12,0,12,39,36,40,3,118,15,32,47,165
07/24/2018,BTV,VT,ANE,EN,Combined TRACON& Tower with Radar,44,42,30,1,117,0,1,31,15,47,44,43,61,16,164,38,12,50,214
07/25/2018,BTV,VT,ANE,EN,Combined TRACON& Tower with Radar,44,40,24,10,118,0,0,8,0,8,44,40,32,10,126,24,4,28,154
07/26/2018,BTV,VT,ANE,EN,Combined TRACON& Tower with Radar,46,46,41,6,139,0,0,31,8,39,46,46,72,14,178,37,0,37,215
07/27/2018,BTV,VT,ANE,EN,Combined TRACON& Tower with Radar,42,38,24,5,109,0,0,36,5,41,42,38,60,10,150,45,4,49,199
07/28/2018,BTV,VT,ANE,EN,Combined TRACON& Tower with Radar,46,37,18,0,101,0,1,35,0,36,46,38,53,0,137,38,0,38,175
07/29/2018,BTV,VT,ANE,EN,Combined TRACON& Tower with Radar,45,40,33,0,118,0,0,61,0,61,45,40,94,0,179,54,0,54,233
07/30/2018,BTV,VT,ANE,EN,Combined TRACON& Tower with Radar,46,37,24,0,107,0,0,88,0,88,46,37,112,0,195,60,0,60,255
07/31/2018,BTV,VT,ANE,EN,Combined TRACON& Tower with Radar,48,35,31,2,116,0,4,163,9,176,48,39,194,11,292,0,0,0,292
08/01/2018,BTV,VT,ANE,EN,Combined TRACON& Tower with Radar,44,38,27,4,113,0,3,39,3,45,44,41,66,7,158,45,0,45,203
08/02/2018,BTV,VT,ANE,EN,Combined TRACON& Tower with Radar,41,42,21,4,108,0,0,39,12,51,41,42,60,16,159,41,6,47,206
08/03/2018,BTV,VT,ANE,EN,Combined TRACON& Tower with Radar,40,39,42,3,124,0,0,24,3,27,40,39,66,6,151,105,0,105,256
08/04/2018,BTV,VT,ANE,EN,Combined TRACON& Tower with Radar,50,37,16,14,117,0,1,17,3,21,50,38,33,17,138,12,8,20,158
08/05/2018,BTV,VT,ANE,EN,Combined TRACON& Tower with Radar,45,37,25,1,108,0,0,53,3,56,45,37,78,4,164,63,0,63,227
08/06/2018,BTV,VT,ANE,EN,Combined TRACON& Tower with Radar,49,35,29,0,113,0,0,44,2,46,49,35,73,2,159,56,0,56,215
08/07/2018,BTV,VT,ANE,EN,Combined TRACON& Tower with Radar,45,34,14,11,104,0,2,33,1,36,45,36,47,12,140,35,8,43,183
08/08/2018,BTV,VT,ANE,EN,Combined TRACON& Tower with Radar,49,45,20,5,119,0,0,48,7,55,49,45,68,12,174,86,2,88,262
08/09/2018,BTV,VT,ANE,EN,Combined TRACON& Tower with Radar,49,40,43,7,139,0,4,46,4,54,49,44,89,11,193,49,4,53,246
08/10/2018,BTV,VT,ANE,EN,Combined TRACON& Tower with Radar,48,32,25,2,107,0,1,70,6,77,48,33,95,8,184,67,4,71,255
08/11/2018,BTV,VT,ANE,EN,Combined TRACON& Tower with Radar,37,44,20,0,101,0,0,54,1,55,37,44,74,1,156,99,2,101,257
08/12/2018,BTV,VT,ANE,EN,Combined TRACON& Tower with Radar,40,38,29,0,107,0,4,34,0,38,40,42,63,0,145,18,0,18,163
08/13/2018,BTV,VT,ANE,EN,Combined TRACON& Tower with Radar,36,35,28,8,107,0,2,44,0,46,36,37,72,8,153,88,16,104,257
08/14/2018,BTV,VT,ANE,EN,Combined TRACON& Tower with Radar,41,37,31,4,113,0,0,57,15,72,41,37,88,19,185,0,0,0,185
08/15/2018,BTV,VT,ANE,EN,Combined TRACON& Tower with Radar,46,40,17,4,107,0,0,83,4,87,46,40,100,8,194,0,0,0,194
08/16/2018,BTV,VT,ANE,EN,Combined TRACON& Tower with Radar,46,43,45,6,140,0,1,77,13,91,46,44,122,19,231,64,6,70,301
08/17/2018,BTV,VT,ANE,EN,Combined TRACON& Tower with Radar,44,40,17,3,104,0,0,20,1,21,44,40,37,4,125,28,0,28,153
08/18/2018,BTV,VT,ANE,EN,Combined TRACON& Tower with Radar,43,43,13,0,99,0,0,9,4,13,43,43,22,4,112,35,0,35,147
08/19/2018,BTV,VT,ANE,EN,Combined TRACON& Tower with Radar,44,33,24,1,102,0,4,60,2,66,44,37,84,3,168,70,0,70,238
08/20/2018,BTV,VT,ANE,EN,Combined TRACON& Tower with Radar,44,38,29,1,112,1,3,86,6,96,45,41,115,7,208,164,0,164,372
08/21/2018,BTV,VT,ANE,EN,Combined TRACON& Tower with Radar,49,36,25,8,118,0,2,50,7,59,49,38,75,15,177,37,19,56,233
08/22/2018,BTV,VT,ANE,EN,Combined TRACON& Tower with Radar,51,38,33,10,132,0,0,16,1,17,51,38,49,11,149,24,7,31,180
08/23/2018,BTV,VT,ANE,EN,Combined TRACON& Tower with Radar,54,42,52,9,157,0,2,87,10,99,54,44,139,19,256,53,6,59,315
08/24/2018,BTV,VT,ANE,EN,Combined TRACON& Tower with Radar,51,37,32,14,134,0,5,79,5,89,51,42,111,19,223,61,5,66,289
08/25/2018,BTV,VT,ANE,EN,Combined TRACON& Tower with Radar,45,25,20,1,91,1,1,49,3,54,46,26,69,4,145,17,0,17,162
08/26/2018,BTV,VT,ANE,EN,Combined TRACON& Tower with Radar,46,42,32,3,123,0,1,33,3,37,46,43,65,6,160,21,0,21,181
08/27/2018,BTV,VT,ANE,EN,Combined TRACON& Tower with Radar,50,43,20,0,113,0,4,68,6,78,50,47,88,6,191,109,8,117,308
08/28/2018,BTV,VT,ANE,EN,Combined TRACON& Tower with Radar,48,38,20,7,113,0,0,84,10,94,48,38,104,17,207,0,0,0,207
08/29/2018,BTV,VT,ANE,EN,Combined TRACON& Tower with Radar,50,43,24,18,135,0,1,36,3,40,50,44,60,21,175,43,4,47,222
08/30/2018,BTV,VT,ANE,EN,Combined TRACON& Tower with Radar,50,42,23,12,127,0,0,31,1,32,50,42,54,13,159,45,0,45,204
08/31/2018,BTV,VT,ANE,EN,Combined TRACON& Tower with Radar,46,34,50,1,131,0,0,73,11,84,46,34,123,12,215,45,9,54,269
09/01/2018,BTV,VT,ANE,EN,Combined TRACON& Tower with Radar,39,31,30,0,100,0,0,50,2,52,39,31,80,2,152,40,0,40,192
09/02/2018,BTV,VT,ANE,EN,Combined TRACON& Tower with Radar,38,32,17,3,90,0,0,34,2,36,38,32,51,5,126,15,3,18,144
09/03/2018,BTV,VT,ANE,EN,Combined TRACON& Tower with Radar,40,33,31,0,104,0,0,49,2,51,40,33,80,2,155,17,0,17,172
09/04/2018,BTV,VT,ANE,EN,Combined TRACON& Tower with Radar,49,37,21,4,111,0,0,62,5,67,49,37,83,9,178,121,0,121,299
09/05/2018,BTV,VT,ANE,EN,Combined TRACON& Tower with Radar,50,34,29,13,126,0,0,64,10,74,50,34,93,23,200,82,13,95,295
09/06/2018,BTV,VT,ANE,EN,Combined TRACON& Tower with Radar,47,38,34,10,129,0,1,34,7,42,47,39,68,17,171,100,2,102,273
09/07/2018,BTV,VT,ANE,EN,Combined TRACON& Tower with Radar,46,47,31,8,132,0,3,80,7,90,46,50,111,15,222,80,6,86,308
09/08/2018,BTV,VT,ANE,EN,Combined TRACON& Tower with Radar,45,32,41,11,129,0,4,80,15,99,45,36,121,26,228,31,8,39,267
09/09/2018,BTV,VT,ANE,EN,Combined TRACON& Tower with Radar,49,38,31,1,119,0,0,49,3,52,49,38,80,4,171,38,10,48,219
09/10/2018,BTV,VT,ANE,EN,Combined TRACON& Tower with Radar,49,39,13,1,102,0,0,27,1,28,49,39,40,2,130,54,0,54,184
09/11/2018,BTV,VT,ANE,EN,Combined TRACON& Tower with Radar,52,45,29,6,132,0,0,144,18,162,52,45,173,24,294,0,0,0,294
09/12/2018,BTV,VT,ANE,EN,Combined TRACON& Tower with Radar,48,41,17,10,116,0,0,46,3,49,48,41,63,13,165,131,0,131,296
09/13/2018,BTV,VT,ANE,EN,Combined TRACON& Tower with Radar,56,40,37,8,141,0,1,89,13,103,56,41,126,21,244,59,12,71,315
09/14/2018,BTV,VT,ANE,EN,Combined TRACON& Tower with Radar,50,41,49,5,145,0,3,104,7,114,50,44,153,12,259,106,2,108,367
09/15/2018,BTV,VT,ANE,EN,Combined TRACON& Tower with Radar,44,35,32,2,113,0,3,109,1,113,44,38,141,3,226,67,0,67,293
09/16/2018,BTV,VT,ANE,EN,Combined TRACON& Tower with Radar,49,30,42,0,121,0,2,59,5,66,49,32,101,5,187,47,0,47,234
09/17/2018,BTV,VT,ANE,EN,Combined TRACON& Tower with Radar,49,36,21,2,108,0,0,67,2,69,49,36,88,4,177,63,0,63,240
09/18/2018,BTV,VT,ANE,EN,Combined TRACON& Tower with Radar,47,37,21,8,113,0,1,68,9,78,47,38,89,17,191,103,8,111,302
09/19/2018,BTV,VT,ANE,EN,Combined TRACON& Tower with Radar,49,49,28,8,134,0,0,37,4,41,49,49,65,12,175,46,8,54,229
09/20/2018,BTV,VT,ANE,EN,Combined TRACON& Tower with Radar,50,36,40,7,133,0,0,35,8,43,50,36,75,15,176,42,2,44,220
09/21/2018,BTV,VT,ANE,EN,Combined TRACON& Tower with Radar,48,39,23,0,110,0,0,2,0,2,48,39,25,0,112,0,0,0,112
09/22/2018,BTV,VT,ANE,EN,Combined TRACON& Tower with Radar,47,28,24,9,108,0,1,53,4,58,47,29,77,13,166,96,9,105,271
09/23/2018,BTV,VT,ANE,EN,Combined TRACON& Tower with Radar,48,37,22,4,111,0,0,73,2,75,48,37,95,6,186,88,0,88,274
09/24/2018,BTV,VT,ANE,EN,Combined TRACON& Tower with Radar,53,35,18,0,106,0,0,84,0,84,53,35,102,0,190,120,0,120,310
09/25/2018,BTV,VT,ANE,EN,Combined TRACON& Tower with Radar,45,41,20,9,115,0,0,11,0,11,45,41,31,9,126,11,2,13,139
09/26/2018,BTV,VT,ANE,EN,Combined TRACON& Tower with Radar,46,37,10,7,100,0,0,4,0,4,46,37,14,7,104,0,0,0,104
09/27/2018,BTV,VT,ANE,EN,Combined TRACON& Tower with Radar,50,51,28,8,137,0,2,92,8,102,50,53,120,16,239,152,15,167,406
09/28/2018,BTV,VT,ANE,EN,Combined TRACON& Tower with Radar,54,37,28,2,121,0,0,48,3,51,54,37,76,5,172,99,2,101,273
09/29/2018,BTV,VT,ANE,EN,Combined TRACON& Tower with Radar,45,39,27,0,111,0,0,63,4,67,45,39,90,4,178,77,0,77,255
09/30/2018,BTV,VT,ANE,EN,Combined TRACON& Tower with Radar,51,38,40,0,129,0,1,57,2,60,51,39,97,2,189,127,0,127,316
10/01/2018,BTV,VT,ANE,EN,Combined TRACON& Tower with Radar,50,39,23,0,112,0,0,14,0,14,50,39,37,0,126,116,0,116,242
10/02/2018,BTV,VT,ANE,EN,Combined TRACON& Tower with Radar,45,30,14,0,89,0,0,0,0,0,45,30,14,0,89,0,0,0,89
10/03/2018,BTV,VT,ANE,EN,Combined TRACON& Tower with Radar,46,51,34,6,137,0,0,5,0,5,46,51,39,6,142,0,0,0,142
10/04/2018,BTV,VT,ANE,EN,Combined TRACON& Tower with Radar,51,59,31,5,146,0,0,19,5,24,51,59,50,10,170,12,3,15,185
10/05/2018,BTV,VT,ANE,EN,Combined TRACON& Tower with Radar,45,52,29,0,126,0,4,105,2,111,45,56,134,2,237,141,0,141,378
10/06/2018,BTV,VT,ANE,EN,Combined TRACON& Tower with Radar,43,38,29,0,110,0,0,38,1,39,43,38,67,1,149,16,0,16,165
10/07/2018,BTV,VT,ANE,EN,Combined TRACON& Tower with Radar,41,45,26,0,112,0,0,2,0,2,41,45,28,0,114,15,0,15,129
10/08/2018,BTV,VT,ANE,EN,Combined TRACON& Tower with Radar,45,48,33,1,127,0,0,9,0,9,45,48,42,1,136,2,0,2,138
10/09/2018,BTV,VT,ANE,EN,Combined TRACON& Tower with Radar,44,43,35,10,132,0,2,62,12,76,44,45,97,22,208,111,2,113,321
10/10/2018,BTV,VT,ANE,EN,Combined TRACON& Tower with Radar,44,40,22,4,110,0,1,91,5,97,44,41,113,9,207,85,0,85,292
10/11/2018,BTV,VT,ANE,EN,Combined TRACON& Tower with Radar,39,40,21,0,100,0,0,0,0,0,39,40,21,0,100,1,0,1,101
10/12/2018,BTV,VT,ANE,EN,Combined TRACON& Tower with Radar,45,37,37,1,120,0,1,70,7,78,45,38,107,8,198,37,0,37,235
10/13/2018,BTV,VT,ANE,EN,Combined TRACON& Tower with Radar,42,28,14,5,89,0,0,42,4,46,42,28,56,9,135,53,2,55,190
10/14/2018,BTV,VT,ANE,EN,Combined TRACON& Tower with Radar,43,44,32,0,119,0,0,95,5,100,43,44,127,5,219,65,4,69,288
10/15/2018,BTV,VT,ANE,EN,Combined TRACON& Tower with Radar,42,42,24,0,108,0,0,12,1,13,42,42,36,1,121,18,5,23,144
10/16/2018,BTV,VT,ANE,EN,Combined TRACON& Tower with Radar,43,37,26,9,115,0,0,60,15,75,43,37,86,24,190,28,12,40,230
10/17/2018,BTV,VT,ANE,EN,Combined TRACON& Tower with Radar,42,30,26,6,104,0,0,24,2,26,42,30,50,8,130,15,28,43,173
10/18/2018,BTV,VT,ANE,EN,Combined TRACON& Tower with Radar,45,42,21,7,115,0,1,63,12,76,45,43,84,19,191,28,9,37,228
10/19/2018,BTV,VT,ANE,EN,Combined TRACON& Tower with Radar,45,40,24,8,117,0,0,116,9,125,45,40,140,17,242,37,0,37,279
10/20/2018,BTV,VT,ANE,EN,Combined TRACON& Tower with Radar,43,35,21,0,99,0,2,26,3,31,43,37,47,3,130,37,0,37,167
10/21/2018,BTV,VT,ANE,EN,Combined TRACON& Tower with Radar,41,37,21,5,104,0,1,12,5,18,41,38,33,10,122,25,0,25,147
10/22/2018,BTV,VT,ANE,EN,Combined TRACON& Tower with Radar,45,47,22,2,116,0,2,62,0,64,45,49,84,2,180,117,0,117,297
10/23/2018,BTV,VT,ANE,EN,Combined TRACON& Tower with Radar,43,39,12,4,98,0,0,25,5,30,43,39,37,9,128,41,0,41,169
10/24/2018,BTV,VT,ANE,EN,Combined TRACON& Tower with Radar,43,37,22,7,109,0,1,3,0,4,43,38,25,7,113,0,0,0,113
10/25/2018,BTV,VT,ANE,EN,Combined TRACON& Tower with Radar,45,39,22,12,118,0,0,51,4,55,45,39,73,16,173,101,0,101,274
10/26/2018,BTV,VT,ANE,EN,Combined TRACON& Tower with Radar,45,37,35,4,121,0,2,105,6,113,45,39,140,10,234,119,0,119,353
10/27/2018,BTV,VT,ANE,EN,Combined TRACON& Tower with Radar,40,32,6,0,78,0,0,9,0,9,40,32,15,0,87,20,0,20,107
10/28/2018,BTV,VT,ANE,EN,Combined TRACON& Tower with Radar,37,28,10,0,75,0,0,0,0,0,37,28,10,0,75,0,0,0,75
10/29/2018,BTV,VT,ANE,EN,Combined TRACON& Tower with Radar,41,29,12,0,82,0,0,19,0,19,41,29,31,0,101,132,0,132,233
10/30/2018,BTV,VT,ANE,EN,Combined TRACON& Tower with Radar,40,43,14,6,103,0,0,38,11,49,40,43,52,17,152,130,3,133,285
10/31/2018,BTV,VT,ANE,EN,Combined TRACON& Tower with Radar,41,24,22,11,98,0,1,82,19,102,41,25,104,30,200,0,0,0,200
11/01/2018,BTV,VT,ANE,EN,Combined TRACON& Tower with Radar,40,33,15,10,98,0,0,98,4,102,40,33,113,14,200,0,0,0,200
11/02/2018,BTV,VT,ANE,EN,Combined TRACON& Tower with Radar,34,21,11,2,68,0,0,0,0,0,34,21,11,2,68,0,0,0,68
11/03/2018,BTV,VT,ANE,EN,Combined TRACON& Tower with Radar,39,29,14,0,82,0,0,1,2,3,39,29,15,2,85,0,0,0,85
11/04/2018,BTV,VT,ANE,EN,Combined TRACON& Tower with Radar,44,36,28,8,116,0,0,80,5,85,44,36,108,13,201,95,2,97,298
11/05/2018,BTV,VT,ANE,EN,Combined TRACON& Tower with Radar,44,30,19,0,93,0,1,48,1,50,44,31,67,1,143,173,0,173,316
11/06/2018,BTV,VT,ANE,EN,Combined TRACON& Tower with Radar,41,33,9,12,95,0,0,34,4,38,41,33,43,16,133,0,0,0,133
11/07/2018,BTV,VT,ANE,EN,Combined TRACON& Tower with Radar,42,34,16,9,101,0,0,76,15,91,42,34,92,24,192,0,0,0,192
11/08/2018,BTV,VT,ANE,EN,Combined TRACON& Tower with Radar,44,41,17,6,108,0,3,83,8,94,44,44,100,14,202,86,0,86,288
11/09/2018,BTV,VT,ANE,EN,Combined TRACON& Tower with Radar,41,32,15,0,88,0,0,19,2,21,41,32,34,2,109,84,0,84,193
11/10/2018,BTV,VT,ANE,EN,Combined TRACON& Tower with Radar,44,24,9,0,77,0,0,3,0,3,44,24,12,0,80,0,0,0,80
11/11/2018,BTV,VT,ANE,EN,Combined TRACON& Tower with Radar,41,34,22,0,97,0,3,61,0,64,41,37,83,0,161,42,0,42,203
11/12/2018,BTV,VT,ANE,EN,Combined TRACON& Tower with Radar,45,29,17,0,91,0,0,72,3,75,45,29,89,3,166,0,0,0,166
11/13/2018,BTV,VT,ANE,EN,Combined TRACON& Tower with Radar,44,33,2,1,80,0,0,0,0,0,44,33,2,1,80,0,0,0,80
11/14/2018,BTV,VT,ANE,EN,Combined TRACON& Tower with Radar,43,38,12,10,103,0,0,90,23,113,43,38,102,33,216,0,0,0,216
11/15/2018,BTV,VT,ANE,EN,Combined TRACON& Tower with Radar,35,32,28,8,103,0,4,154,15,173,35,36,182,23,276,0,0,0,276
11/16/2018,BTV,VT,ANE,EN,Combined TRACON& Tower with Radar,41,48,21,0,110,0,0,0,0,0,41,48,21,0,110,0,0,0,110
11/17/2018,BTV,VT,ANE,EN,Combined TRACON& Tower with Radar,41,29,12,0,82,0,1,4,0,5,41,30,16,0,87,26,0,26,113
11/18/2018,BTV,VT,ANE,EN,Combined TRACON& Tower with Radar,41,29,25,0,95,0,1,43,0,44,41,30,68,0,139,74,0,74,213
11/19/2018,BTV,VT,ANE,EN,Combined TRACON& Tower with Radar,45,36,5,0,86,0,1,29,2,32,45,37,34,2,118,43,2,45,163
11/20/2018,BTV,VT,ANE,EN,Combined TRACON& Tower with Radar,44,37,16,2,99,0,0,0,0,0,44,37,16,2,99,0,0,0,99
11/21/2018,BTV,VT,ANE,EN,Combined TRACON& Tower with Radar,46,45,21,2,114,0,0,3,0,3,46,45,24,2,117,0,0,0,117
11/22/2018,BTV,VT,ANE,EN,Combined TRACON& Tower with Radar,29,10,2,0,41,0,0,8,0,8,29,10,10,0,49,0,0,0,49
11/23/2018,BTV,VT,ANE,EN,Combined TRACON& Tower with Radar,29,20,8,0,57,0,1,26,2,29,29,21,34,2,86,14,0,14,100
11/24/2018,BTV,VT,ANE,EN,Combined TRACON& Tower with Radar,39,41,20,2,102,0,0,31,4,35,39,41,51,6,137,30,0,30,167
11/25/2018,BTV,VT,ANE,EN,Combined TRACON& Tower with Radar,40,45,38,0,123,0,0,0,0,0,40,45,38,0,123,0,0,0,123
11/26/2018,BTV,VT,ANE,EN,Combined TRACON& Tower with Radar,35,29,22,0,86,0,0,11,0,11,35,29,33,0,97,60,0,60,157
11/27/2018,BTV,VT,ANE,EN,Combined TRACON& Tower with Radar,39,33,10,0,82,0,0,0,0,0,39,33,10,0,82,0,0,0,82
11/28/2018,BTV,VT,ANE,EN,Combined TRACON& Tower with Radar,43,32,12,1,88,0,0,0,0,0,43,32,12,1,88,0,0,0,88
11/29/2018,BTV,VT,ANE,EN,Combined TRACON& Tower with Radar,39,30,13,7,89,0,2,10,2,14,39,32,23,9,103,152,0,152,255
11/30/2018,BTV,VT,ANE,EN,Combined TRACON& Tower with Radar,40,23,18,5,86,0,0,45,8,53,40,23,63,13,139,165,3,168,307
12/01/2018,BTV,VT,ANE,EN,Combined TRACON& Tower with Radar,33,26,13,7,79,0,0,31,5,36,33,26,44,12,115,175,0,175,290
12/02/2018,BTV,VT,ANE,EN,Combined TRACON& Tower with Radar,39,26,11,0,76,0,0,1,0,1,39,26,12,0,77,0,0,0,77
12/03/2018,BTV,VT,ANE,EN,Combined TRACON& Tower with Radar,36,28,14,2,80,0,0,8,0,8,36,28,22,2,88,60,2,62,150
12/04/2018,BTV,VT,ANE,EN,Combined TRACON& Tower with Radar,39,34,16,5,94,0,3,36,3,42,39,37,52,8,136,69,4,73,209
12/05/2018,BTV,VT,ANE,EN,Combined TRACON& Tower with Radar,42,29,25,1,97,0,0,151,3,154,42,29,176,4,251,0,0,0,251
12/06/2018,BTV,VT,ANE,EN,Combined TRACON& Tower with Radar,39,34,25,9,107,0,0,15,2,17,39,34,40,11,124,112,6,118,242
12/07/2018,BTV,VT,ANE,EN,Combined TRACON& Tower with Radar,39,30,23,3,95,0,0,42,4,46,39,30,65,7,141,77,0,77,218
12/08/2018,BTV,VT,ANE,EN,Combined TRACON& Tower with Radar,32,31,18,0,81,0,0,31,4,35,32,31,49,4,116,97,0,97,213
12/09/2018,BTV,VT,ANE,EN,Combined TRACON& Tower with Radar,36,22,17,0,75,0,0,40,2,42,36,22,57,2,117,14,0,14,131
12/10/2018,BTV,VT,ANE,EN,Combined TRACON& Tower with Radar,40,29,20,0,89,0,1,72,1,74,40,30,92,1,163,132,0,132,295
12/11/2018,BTV,VT,ANE,EN,Combined TRACON& Tower with Radar,40,29,31,6,106,0,2,41,4,47,40,31,72,10,153,25,6,31,184
12/12/2018,BTV,VT,ANE,EN,Combined TRACON& Tower with Radar,40,30,20,6,96,0,1,77,4,82,40,31,97,10,178,0,0,0,178
12/13/2018,BTV,VT,ANE,EN,Combined TRACON& Tower with Radar,40,35,36,10,121,0,2,53,2,57,40,37,89,12,178,84,2,86,264
12/14/2018,BTV,VT,ANE,EN,Combined TRACON& Tower with Radar,40,40,13,4,97,0,0,23,0,23,40,40,36,4,120,52,0,52,172
12/15/2018,BTV,VT,ANE,EN,Combined TRACON& Tower with Radar,33,23,16,0,72,0,0,150,2,152,33,23,166,2,224,0,0,0,224
12/16/2018,BTV,VT,ANE,EN,Combined TRACON& Tower with Radar,35,25,12,0,72,0,0,32,1,33,35,25,44,1,105,30,0,30,135
12/17/2018,BTV,VT,ANE,EN,Combined TRACON& Tower with Radar,38,32,9,0,79,0,0,16,0,16,38,32,25,0,95,59,0,59,154
12/18/2018,BTV,VT,ANE,EN,Combined TRACON& Tower with Radar,39,34,19,9,101,0,1,34,4,39,39,35,53,13,140,18,0,18,158
12/19/2018,BTV,VT,ANE,EN,Combined TRACON& Tower with Radar,33,46,33,10,122,0,3,86,3,92,33,49,119,13,214,50,5,55,269
12/20/2018,BTV,VT,ANE,EN,Combined TRACON& Tower with Radar,33,49,25,8,115,0,0,72,8,80,33,49,97,16,195,130,5,135,330
12/21/2018,BTV,VT,ANE,EN,Combined TRACON& Tower with Radar,30,59,19,2,110,0,0,0,0,0,30,59,19,2,110,0,0,0,110
12/22/2018,BTV,VT,ANE,EN,Combined TRACON& Tower with Radar,28,44,11,0,83,0,0,1,2,3,28,44,12,2,86,0,0,0,86
12/23/2018,BTV,VT,ANE,EN,Combined TRACON& Tower with Radar,32,43,14,2,91,0,0,57,3,60,32,43,71,5,151,53,0,53,204
12/24/2018,BTV,VT,ANE,EN,Combined TRACON& Tower with Radar,26,33,8,0,67,0,0,0,0,0,26,33,8,0,67,0,0,0,67
12/25/2018,BTV,VT,ANE,EN,Combined TRACON& Tower with Radar,23,34,4,0,61,0,0,1,0,1,23,34,5,0,62,0,0,0,62
12/26/2018,BTV,VT,ANE,EN,Combined TRACON& Tower with Radar,35,55,11,0,101,0,5,27,3,35,35,60,38,3,136,22,0,22,158
12/27/2018,BTV,VT,ANE,EN,Combined TRACON& Tower with Radar,33,41,24,1,99,0,3,38,6,47,33,44,62,7,146,62,6,68,214
12/28/2018,BTV,VT,ANE,EN,Combined TRACON& Tower with Radar,34,46,12,12,104,0,0,0,0,0,34,46,12,12,104,0,12,12,116
12/29/2018,BTV,VT,ANE,EN,Combined TRACON& Tower with Radar,26,45,10,0,81,0,0,5,0,5,26,45,15,0,86,24,0,24,110
12/30/2018,BTV,VT,ANE,EN,Combined TRACON& Tower with Radar,31,41,15,0,87,0,1,35,1,37,31,42,50,1,124,89,0,89,213
12/31/2018,BTV,VT,ANE,EN,Combined TRACON& Tower with Radar,32,33,12,0,77,0,0,38,1,39,32,33,50,1,116,64,0,64,180
01/01/2019,BTV,VT,ANE,EN,Combined TRACON& Tower with Radar,27,41,9,0,77,0,0,0,0,0,27,41,9,0,77,0,0,0,77
01/02/2019,BTV,VT,ANE,EN,Combined TRACON& Tower with Radar,32,45,17,11,105,0,0,45,2,47,32,45,62,13,152,50,3,53,205
01/03/2019,BTV,VT,ANE,EN,Combined TRACON& Tower with Radar,33,44,6,6,89,0,0,2,3,5,33,44,8,9,94,2,0,2,96
01/04/2019,BTV,VT,ANE,EN,Combined TRACON& Tower with Radar,36,40,14,8,98,0,2,57,7,66,36,42,71,15,164,28,7,35,199
01/05/2019,BTV,VT,ANE,EN,Combined TRACON& Tower with Radar,27,38,14,16,95,0,1,43,9,53,27,39,57,25,148,71,11,82,230
01/06/2019,BTV,VT,ANE,EN,Combined TRACON& Tower with Radar,31,39,17,2,89,0,0,0,0,0,31,39,17,2,89,0,0,0,89
01/07/2019,BTV,VT,ANE,EN,Combined TRACON& Tower with Radar,37,34,18,0,89,0,0,41,4,45,37,34,59,4,134,11,0,11,145
01/08/2019,BTV,VT,ANE,EN,Combined TRACON& Tower with Radar,35,33,7,8,83,0,0,4,1,5,35,33,11,9,88,0,12,12,100
01/09/2019,BTV,VT,ANE,EN,Combined TRACON& Tower with Radar,37,29,9,0,75,0,0,0,0,0,37,29,9,0,75,0,0,0,75
01/10/2019,BTV,VT,ANE,EN,Combined TRACON& Tower with Radar,38,35,15,4,92,0,0,1,0,1,38,35,16,4,93,4,0,4,97
01/11/2019,BTV,VT,ANE,EN,Combined TRACON& Tower with Radar,37,39,15,4,95,0,0,23,2,25,37,39,38,6,120,5,0,5,125
01/12/2019,BTV,VT,ANE,EN,Combined TRACON& Tower with Radar,33,25,6,0,64,0,0,23,3,26,33,25,29,3,90,4,0,4,94
01/13/2019,BTV,VT,ANE,EN,Combined TRACON& Tower with Radar,27,36,9,2,74,0,0,30,3,33,27,36,39,5,107,21,0,21,128
01/14/2019,BTV,VT,ANE,EN,Combined TRACON& Tower with Radar,36,34,17,0,87,0,3,27,6,36,36,37,44,6,123,16,0,16,139
01/15/2019,BTV,VT,ANE,EN,Combined TRACON& Tower with Radar,36,35,20,10,101,0,0,18,0,18,36,35,38,10,119,24,2,26,145
01/16/2019,BTV,VT,ANE,EN,Combined TRACON& Tower with Radar,37,31,12,0,80,0,1,57,4,62,37,32,69,4,142,0,0,0,142
01/17/2019,BTV,VT,ANE,EN,Combined TRACON& Tower with Radar,37,34,15,0,86,0,2,54,13,69,37,36,69,13,155,20,0,20,175
01/18/2019,BTV,VT,ANE,EN,Combined TRACON& Tower with Radar,37,45,21,0,103,0,1,8,0,9,37,46,29,0,112,14,0,14,126
01/19/2019,BTV,VT,ANE,EN,Combined TRACON& Tower with Radar,18,24,19,0,61,0,0,9,0,9,18,24,28,0,70,8,0,8,78
01/20/2019,BTV,VT,ANE,EN,Combined TRACON& Tower with Radar,3,2,4,0,9,0,0,0,0,0,3,2,4,0,9,0,0,0,9
01/21/2019,BTV,VT,ANE,EN,Combined TRACON& Tower with Radar,21,51,15,0,87,0,0,2,2,4,21,51,17,2,91,0,0,0,91
01/22/2019,BTV,VT,ANE,EN,Combined TRACON& Tower with Radar,32,33,17,2,84,0,0,47,6,53,32,33,64,8,137,0,0,0,137
01/23/2019,BTV,VT,ANE,EN,Combined TRACON& Tower with Radar,40,27,7,0,74,0,0,1,0,1,40,27,8,0,75,20,0,20,95
01/24/2019,BTV,VT,ANE,EN,Combined TRACON& Tower with Radar,32,31,10,2,75,0,0,0,0,0,32,31,10,2,75,0,0,0,75
01/25/2019,BTV,VT,ANE,EN,Combined TRACON& Tower with Radar,35,36,24,1,96,0,1,1,1,3,35,37,25,2,99,0,0,0,99
01/26/2019,BTV,VT,ANE,EN,Combined TRACON& Tower with Radar,29,26,18,2,75,0,0,81,1,82,29,26,99,3,157,0,0,0,157
01/27/2019,BTV,VT,ANE,EN,Combined TRACON& Tower with Radar,31,38,15,0,84,0,0,0,0,0,31,38,15,0,84,0,0,0,84
01/28/2019,BTV,VT,ANE,EN,Combined TRACON& Tower with Radar,36,32,28,3,99,0,0,66,1,67,36,32,94,4,166,27,8,35,201
01/29/2019,BTV,VT,ANE,EN,Combined TRACON& Tower with Radar,35,38,4,4,81,0,0,21,1,22,35,38,25,5,103,28,6,34,137
01/30/2019,BTV,VT,ANE,EN,Combined TRACON& Tower with Radar,31,31,12,9,83,0,0,5,9,14,31,31,17,18,97,0,0,0,97
01/31/2019,BTV,VT,ANE,EN,Combined TRACON& Tower with Radar,38,37,13,1,89,0,0,4,8,12,38,37,17,9,101,0,0,0,101
02/01/2019,BTV,VT,ANE,EN,Combined TRACON& Tower with Radar,37,42,29,4,112,0,4,55,3,62,37,46,84,7,174,15,0,15,189
02/02/2019,BTV,VT,ANE,EN,Combined TRACON& Tower with Radar,28,22,10,5,65,0,0,3,0,3,28,22,13,5,68,20,0,20,88
02/03/2019,BTV,VT,ANE,EN,Combined TRACON& Tower with Radar,30,27,5,2,64,0,0,0,0,0,30,27,5,2,64,21,0,21,85
02/04/2019,BTV,VT,ANE,EN,Combined TRACON& Tower with Radar,37,35,18,0,90,0,2,12,2,16,37,37,30,2,106,45,0,45,151
02/05/2019,BTV,VT,ANE,EN,Combined TRACON& Tower with Radar,36,34,22,3,95,0,0,25,14,39,36,34,47,17,134,84,6,90,224
02/06/2019,BTV,VT,ANE,EN,Combined TRACON& Tower with Radar,35,27,22,3,87,0,1,52,7,60,35,28,74,10,147,86,4,90,237
02/07/2019,BTV,VT,ANE,EN,Combined TRACON& Tower with Radar,34,44,20,0,98,0,0,0,0,0,34,44,20,0,98,2,0,2,100
02/08/2019,BTV,VT,ANE,EN,Combined TRACON& Tower with Radar,38,36,17,0,91,0,0,12,3,15,38,36,29,3,106,2,0,2,108
02/09/2019,BTV,VT,ANE,EN,Combined TRACON& Tower with Radar,30,25,8,0,63,0,0,17,8,25,30,25,25,8,88,0,0,0,88
02/10/2019,BTV,VT,ANE,EN,Combined TRACON& Tower with Radar,31,33,37,9,110,0,1,66,4,71,31,34,103,13,181,127,8,135,316
02/11/2019,BTV,VT,ANE,EN,Combined TRACON& Tower with Radar,36,33,22,4,95,0,1,60,7,68,36,34,82,11,163,81,2,83,246
02/12/2019,BTV,VT,ANE,EN,Combined TRACON& Tower with Radar,26,25,15,3,69,0,0,16,5,21,26,25,31,8,90,54,2,56,146
02/13/2019,BTV,VT,ANE,EN,Combined TRACON& Tower with Radar,35,37,10,0,82,0,0,2,0,2,35,37,12,0,84,0,0,0,84
02/14/2019,BTV,VT,ANE,EN,Combined TRACON& Tower with Radar,31,50,24,6,111,0,1,60,13,74,31,51,84,19,185,47,6,53,238
02/15/2019,BTV,VT,ANE,EN,Combined TRACON& Tower with Radar,32,44,18,2,96,0,0,6,0,6,32,44,24,2,102,26,0,26,128
02/16/2019,BTV,VT,ANE,EN,Combined TRACON& Tower with Radar,30,32,20,1,83,0,1,40,2,43,30,33,60,3,126,136,0,136,262
02/17/2019,BTV,VT,ANE,EN,Combined TRACON& Tower with Radar,26,27,23,0,76,0,0,52,2,54,26,27,75,2,130,65,0,65,195
02/18/2019,BTV,VT,ANE,EN,Combined TRACON& Tower with Radar,29,49,16,1,95,0,2,4,1,7,29,51,20,2,102,4,0,4,106
02/19/2019,BTV,VT,ANE,EN,Combined TRACON& Tower with Radar,31,54,22,8,115,0,2,55,10,67,31,56,77,18,182,115,14,129,311
02/20/2019,BTV,VT,ANE,EN,Combined TRACON& Tower with Radar,26,40,14,4,84,0,0,39,5,44,26,40,53,9,128,107,0,107,235
02/21/2019,BTV,VT,ANE,EN,Combined TRACON& Tower with Radar,35,47,17,5,104,0,2,9,5,16,35,49,26,10,120,0,2,2,122
02/22/2019,BTV,VT,ANE,EN,Combined TRACON& Tower with Radar,32,44,19,8,103,0,1,55,6,62,32,45,74,14,165,69,7,76,241
02/23/2019,BTV,VT,ANE,EN,Combined TRACON& Tower with Radar,29,42,27,2,100,0,0,52,0,52,29,42,79,2,152,45,0,45,197
02/24/2019,BTV,VT,ANE,EN,Combined TRACON& Tower with Radar,26,40,3,0,69,0,0,0,0,0,26,40,3,0,69,0,0,0,69
02/25/2019,BTV,VT,ANE,EN,Combined TRACON& Tower with Radar,28,26,12,0,66,0,0,4,0,4,28,26,16,0,70,0,0,0,70
02/26/2019,BTV,VT,ANE,EN,Combined TRACON& Tower with Radar,30,43,15,8,96,0,0,12,6,18,30,43,27,14,114,6,0,6,120
02/27/2019,BTV,VT,ANE,EN,Combined TRACON& Tower with Radar,34,41,25,9,109,0,0,12,7,19,34,41,37,16,128,9,3,12,140
02/28/2019,BTV,VT,ANE,EN,Combined TRACON& Tower with Radar,31,51,20,6,108,0,1,112,8,121,31,52,132,14,229,0,0,0,229
03/01/2019,BTV,VT,ANE,EN,Combined TRACON& Tower with Radar,29,42,18,6,95,0,0,54,21,75,29,42,72,27,170,130,2,132,302
03/02/2019,BTV,VT,ANE,EN,Combined TRACON& Tower with Radar,28,42,13,8,91,0,0,120,22,142,28,42,133,30,233,0,0,0,233
03/03/2019,BTV,VT,ANE,EN,Combined TRACON& Tower with Radar,25,45,18,1,89,0,2,31,7,40,25,47,49,8,129,46,4,50,179
03/04/2019,BTV,VT,ANE,EN,Combined TRACON& Tower with Radar,28,45,13,4,90,0,0,22,9,31,28,45,35,13,121,29,8,37,158
03/05/2019,BTV,VT,ANE,EN,Combined TRACON& Tower with Radar,30,48,13,18,109,0,1,45,16,62,30,49,58,34,171,78,18,96,267
03/06/2019,BTV,VT,ANE,EN,Combined TRACON& Tower with Radar,31,45,20,8,104,0,0,25,7,32,31,45,45,15,136,105,0,105,241
03/07/2019,BTV,VT,ANE,EN,Combined TRACON& Tower with Radar,30,51,17,3,101,0,0,35,6,41,30,51,52,9,142,23,4,27,169
03/08/2019,BTV,VT,ANE,EN,Combined TRACON& Tower with Radar,26,47,25,8,106,0,2,74,7,83,26,49,99,15,189,87,10,97,286
03/09/2019,BTV,VT,ANE,EN,Combined TRACON& Tower with Radar,23,41,18,3,85,0,1,81,3,85,23,42,99,6,170,86,0,86,256
03/10/2019,BTV,VT,ANE,EN,Combined TRACON& Tower with Radar,25,47,10,0,82,0,0,0,0,0,25,47,10,0,82,0,0,0,82
03/11/2019,BTV,VT,ANE,EN,Combined TRACON& Tower with Radar,28,51,24,0,103,0,0,19,3,22,28,51,43,3,125,47,0,47,172
03/12/2019,BTV,VT,ANE,EN,Combined TRACON& Tower with Radar,30,42,25,6,103,0,1,35,12,48,30,43,60,18,151,42,7,49,200
03/13/2019,BTV,VT,ANE,EN,Combined TRACON& Tower with Radar,31,50,25,10,116,0,0,146,8,154,31,50,171,18,270,0,0,0,270
03/14/2019,BTV,VT,ANE,EN,Combined TRACON& Tower with Radar,30,43,29,9,111,0,0,125,18,143,30,43,154,27,254,0,0,0,254
03/15/2019,BTV,VT,ANE,EN,Combined TRACON& Tower with Radar,26,38,20,6,90,0,4,12,3,19,26,42,32,9,109,24,10,34,143
03/16/2019,BTV,VT,ANE,EN,Combined TRACON& Tower with Radar,24,37,12,2,75,0,0,7,2,9,24,37,19,4,84,15,0,15,99
03/17/2019,BTV,VT,ANE,EN,Combined TRACON& Tower with Radar,27,48,18,1,94,0,0,36,1,37,27,48,54,2,131,62,0,62,193
03/18/2019,BTV,VT,ANE,EN,Combined TRACON& Tower with Radar,29,45,20,1,95,0,2,67,6,75,29,47,87,7,170,118,0,118,288
03/19/2019,BTV,VT,ANE,EN,Combined TRACON& Tower with Radar,28,48,24,13,113,0,1,59,16,76,28,49,83,29,189,75,12,87,276
03/20/2019,BTV,VT,ANE,EN,Combined TRACON& Tower with Radar,32,41,20,10,103,0,2,62,13,77,32,43,82,23,180,45,20,65,245
03/21/2019,BTV,VT,ANE,EN,Combined TRACON& Tower with Radar,28,54,18,5,105,0,0,26,5,31,28,54,44,10,136,27,4,31,167
03/22/2019,BTV,VT,ANE,EN,Combined TRACON& Tower with Radar,30,32,5,0,67,0,0,0,0,0,30,32,5,0,67,0,0,0,67
03/23/2019,BTV,VT,ANE,EN,Combined TRACON& Tower with Radar,28,46,8,0,82,0,0,15,1,16,28,46,23,1,98,11,0,11,109
03/24/2019,BTV,VT,ANE,EN,Combined TRACON& Tower with Radar,28,44,12,3,87,0,0,52,5,57,28,44,64,8,144,94,0,94,238
03/25/2019,BTV,VT,ANE,EN,Combined TRACON& Tower with Radar,29,43,25,4,101,0,0,58,2,60,29,43,83,6,161,115,0,115,276
03/26/2019,BTV,VT,ANE,EN,Combined TRACON& Tower with Radar,29,46,17,4,96,0,3,70,9,82,29,49,87,13,178,103,14,117,295
03/27/2019,BTV,VT,ANE,EN,Combined TRACON& Tower with Radar,32,42,35,3,112,0,4,253,29,286,32,46,288,32,398,0,0,0,398
03/28/2019,BTV,VT,ANE,EN,Combined TRACON& Tower with Radar,32,47,18,2,99,0,0,8,9,17,32,47,26,11,116,0,6,6,122
03/29/2019,BTV,VT,ANE,EN,Combined TRACON& Tower with Radar,29,47,24,7,107,0,1,44,9,54,29,48,68,16,161,189,13,202,363
03/30/2019,BTV,VT,ANE,EN,Combined TRACON& Tower with Radar,26,44,10,1,81,0,0,17,0,17,26,44,27,1,98,50,0,50,148
03/31/2019,BTV,VT,ANE,EN,Combined TRACON& Tower with Radar,30,46,20,1,97,0,0,7,0,7,30,46,27,1,104,31,0,31,135
04/01/2019,BTV,VT,ANE,EN,Combined TRACON& Tower with Radar,30,41,19,2,92,0,0,62,7,69,30,41,81,9,161,65,0,65,226
04/02/2019,BTV,VT,ANE,EN,Combined TRACON& Tower with Radar,36,38,25,5,104,0,2,50,10,62,36,40,75,15,166,46,14,60,226
04/03/2019,BTV,VT,ANE,EN,Combined TRACON& Tower with Radar,36,46,28,2,112,0,2,46,3,51,36,48,74,5,163,30,0,30,193
04/04/2019,BTV,VT,ANE,EN,Combined TRACON& Tower with Radar,35,44,9,1,89,0,1,19,12,32,35,45,28,13,121,35,0,35,156
04/05/2019,BTV,VT,ANE,EN,Combined TRACON& Tower with Radar,36,42,14,0,92,0,0,63,1,64,36,42,77,1,156,121,0,121,277
04/06/2019,BTV,VT,ANE,EN,Combined TRACON& Tower with Radar,34,38,22,1,95,0,0,29,7,36,34,38,51,8,131,91,21,112,243
04/07/2019,BTV,VT,ANE,EN,Combined TRACON& Tower with Radar,29,40,34,0,103,0,0,120,7,127,29,40,154,7,230,0,0,0,230
04/08/2019,BTV,VT,ANE,EN,Combined TRACON& Tower with Radar,32,39,18,10,99,0,0,1,0,1,32,39,19,10,100,28,6,34,134
04/09/2019,BTV,VT,ANE,EN,Combined TRACON& Tower with Radar,32,39,13,4,88,0,0,2,0,2,32,39,15,4,90,0,0,0,90
04/10/2019,BTV,VT,ANE,EN,Combined TRACON& Tower with Radar,36,48,19,4,107,0,2,134,14,150,36,50,153,18,257,0,0,0,257
04/11/2019,BTV,VT,ANE,EN,Combined TRACON& Tower with Radar,34,41,40,2,117,0,4,274,5,283,34,45,314,7,400,0,0,0,400
04/12/2019,BTV,VT,ANE,EN,Combined TRACON& Tower with Radar,32,48,14,2,96,0,0,91,7,98,32,48,105,9,194,0,0,0,194
04/13/2019,BTV,VT,ANE,EN,Combined TRACON& Tower with Radar,35,43,27,0,105,0,2,123,1,126,35,45,150,1,231,0,0,0,231
04/14/2019,BTV,VT,ANE,EN,Combined TRACON& Tower with Radar,26,35,15,0,76,0,0,27,3,30,26,35,42,3,106,44,0,44,150
04/15/2019,BTV,VT,ANE,EN,Combined TRACON& Tower with Radar,30,36,14,0,80,0,0,9,0,9,30,36,23,0,89,8,0,8,97
04/16/2019,BTV,VT,ANE,EN,Combined TRACON& Tower with Radar,32,40,13,0,85,0,0,31,4,35,32,40,44,4,120,27,0,27,147
04/17/2019,BTV,VT,ANE,EN,Combined TRACON& Tower with Radar,35,41,26,2,104,0,5,121,4,130,35,46,147,6,234,185,0,185,419
04/18/2019,BTV,VT,ANE,EN,Combined TRACON& Tower with Radar,32,49,13,2,96,0,0,11,0,11,32,49,24,2,107,20,0,20,127
04/19/2019,BTV,VT,ANE,EN,Combined TRACON& Tower with Radar,31,45,21,0,97,0,1,11,1,13,31,46,32,1,110,10,0,10,120
04/20/2019,BTV,VT,ANE,EN,Combined TRACON& Tower with Radar,39,31,6,0,76,0,0,0,0,0,39,31,6,0,76,0,0,0,76
04/21/2019,BTV,VT,ANE,EN,Combined TRACON& Tower with Radar,31,46,15,1,93,0,0,31,2,33,31,46,46,3,126,47,0,47,173
04/22/2019,BTV,VT,ANE,EN,Combined TRACON& Tower with Radar,29,50,31,8,118,0,0,69,1,70,29,50,100,9,188,96,4,100,288
04/23/2019,BTV,VT,ANE,EN,Combined TRACON& Tower with Radar,35,47,16,0,98,0,2,76,4,82,35,49,92,4,180,188,0,188,368
04/24/2019,BTV,VT,ANE,EN,Combined TRACON& Tower with Radar,35,45,25,7,112,0,3,122,0,125,35,48,147,7,237,0,0,0,237
04/25/2019,BTV,VT,ANE,EN,Combined TRACON& Tower with Radar,33,39,25,4,101,0,2,81,5,88,33,41,106,9,189,157,0,157,346
04/26/2019,BTV,VT,ANE,EN,Combined TRACON& Tower with Radar,34,38,9,0,81,0,0,11,2,13,34,38,20,2,94,42,0,42,136
04/27/2019,BTV,VT,ANE,EN,Combined TRACON& Tower with Radar,33,46,11,0,90,0,0,11,2,13,33,46,22,2,103,8,0,8,111
04/28/2019,BTV,VT,ANE,EN,Combined TRACON& Tower with Radar,30,52,11,0,93,0,0,41,2,43,30,52,52,2,136,35,0,35,171
04/29/2019,BTV,VT,ANE,EN,Combined TRACON& Tower with Radar,33,48,20,3,104,0,0,79,2,81,33,48,99,5,185,93,0,93,278
04/30/2019,BTV,VT,ANE,EN,Combined TRACON& Tower with Radar,34,54,18,16,122,0,0,57,8,65,34,54,75,24,187,82,16,98,285
05/01/2019,BTV,VT,ANE,EN,Combined TRACON& Tower with Radar,31,49,8,7,95,0,1,27,3,31,31,50,35,10,126,78,0,78,204
05/02/2019,BTV,VT,ANE,EN,Combined TRACON& Tower with Radar,32,45,14,0,91,0,0,0,0,0,32,45,14,0,91,0,0,0,91
05/03/2019,BTV,VT,ANE,EN,Combined TRACON& Tower with Radar,32,46,15,0,93,0,0,1,0,1,32,46,16,0,94,0,0,0,94
05/04/2019,BTV,VT,ANE,EN,Combined TRACON& Tower with Radar,35,30,32,0,97,0,0,25,0,25,35,30,57,0,122,32,0,32,154
05/05/2019,BTV,VT,ANE,EN,Combined TRACON& Tower with Radar,26,34,23,0,83,0,1,83,0,84,26,35,106,0,167,72,0,72,239
05/06/2019,BTV,VT,ANE,EN,Combined TRACON& Tower with Radar,35,36,15,5,91,0,0,70,7,77,35,36,85,12,168,73,20,93,261
05/07/2019,BTV,VT,ANE,EN,Combined TRACON& Tower with Radar,33,52,25,10,120,0,0,29,11,40,33,52,54,21,160,49,33,82,242
05/08/2019,BTV,VT,ANE,EN,Combined TRACON& Tower with Radar,35,43,21,4,103,0,6,305,19,330,35,49,326,23,433,0,0,0,433
05/09/2019,BTV,VT,ANE,EN,Combined TRACON& Tower with Radar,33,41,17,3,94,0,3,173,7,183,33,44,190,10,277,0,0,0,277
05/10/2019,BTV,VT,ANE,EN,Combined TRACON& Tower with Radar,32,42,16,2,92,0,0,2,1,3,32,42,18,3,95,0,0,0,95
05/11/2019,BTV,VT,ANE,EN,Combined TRACON& Tower with Radar,32,33,28,0,93,0,1,81,7,89,32,34,109,7,182,125,0,125,307
05/12/2019,BTV,VT,ANE,EN,Combined TRACON& Tower with Radar,29,29,7,1,66,0,0,46,2,48,29,29,53,3,114,13,0,13,127
05/13/2019,BTV,VT,ANE,EN,Combined TRACON& Tower with Radar,30,34,17,11,92,0,1,34,8,43,30,35,51,19,135,116,46,162,297
05/14/2019,BTV,VT,ANE,EN,Combined TRACON& Tower with Radar,34,41,12,7,94,0,0,2,4,6,34,41,14,11,100,13,20,33,133
05/15/2019,BTV,VT,ANE,EN,Combined TRACON& Tower with Radar,38,40,25,4,107,0,0,78,5,83,38,40,103,9,190,198,3,201,391
05/16/2019,BTV,VT,ANE,EN,Combined TRACON& Tower with Radar,32,45,22,0,99,0,3,59,12,74,32,48,81,12,173,134,0,134,307
05/17/2019,BTV,VT,ANE,EN,Combined TRACON& Tower with Radar,34,50,24,5,113,0,2,24,10,36,34,52,48,15,149,22,0,22,171
05/18/2019,BTV,VT,ANE,EN,Combined TRACON& Tower with Radar,32,31,11,1,75,0,2,64,11,77,32,33,75,12,152,42,0,42,194
05/19/2019,BTV,VT,ANE,EN,Combined TRACON& Tower with Radar,27,49,28,1,105,0,0,31,0,31,27,49,59,1,136,28,0,28,164
05/20/2019,BTV,VT,ANE,EN,Combined TRACON& Tower with Radar,34,42,21,0,97,0,1,32,4,37,34,43,53,4,134,55,0,55,189
05/21/2019,BTV,VT,ANE,EN,Combined TRACON& Tower with Radar,33,38,14,3,88,0,1,14,5,20,33,39,28,8,108,45,0,45,153
05/22/2019,BTV,VT,ANE,EN,Combined TRACON& Tower with Radar,35,43,23,6,107,0,3,254,11,268,35,46,277,17,375,0,0,0,375
05/23/2019,BTV,VT,ANE,EN,Combined TRACON& Tower with Radar,29,39,17,6,91,0,0,41,1,42,29,39,58,7,133,72,0,72,205
05/24/2019,BTV,VT,ANE,EN,Combined TRACON& Tower with Radar,35,43,22,0,100,0,0,15,1,16,35,43,37,1,116,44,0,44,160
05/25/2019,BTV,VT,ANE,EN,Combined TRACON& Tower with Radar,36,26,26,0,88,0,0,47,0,47,36,26,73,0,135,19,0,19,154
05/26/2019,BTV,VT,ANE,EN,Combined TRACON& Tower with Radar,36,25,11,0,72,0,0,34,1,35,36,25,45,1,107,69,0,69,176
05/27/2019,BTV,VT,ANE,EN,Combined TRACON& Tower with Radar,36,42,29,0,107,0,0,77,3,80,36,42,106,3,187,32,0,32,219
05/28/2019,BTV,VT,ANE,EN,Combined TRACON& Tower with Radar,32,45,21,0,98,0,0,14,1,15,32,45,35,1,113,8,0,8,121
05/29/2019,BTV,VT,ANE,EN,Combined TRACON& Tower with Radar,31,36,27,10,104,0,2,41,9,52,31,38,68,19,156,190,18,208,364
05/30/2019,BTV,VT,ANE,EN,Combined TRACON& Tower with Radar,28,52,30,5,115,0,1,54,11,66,28,53,84,16,181,165,22,187,368
05/31/2019,BTV,VT,ANE,EN,Combined TRACON& Tower with Radar,34,46,29,3,112,0,0,79,3,82,34,46,108,6,194,153,19,172,366
06/01/2019,BTV,VT,ANE,EN,Combined TRACON& Tower with Radar,30,33,22,0,85,0,0,40,3,43,30,33,62,3,128,55,0,55,183
06/02/2019,BTV,VT,ANE,EN,Combined TRACON& Tower with Radar,26,45,22,0,93,0,0,9,2,11,26,45,31,2,104,39,0,39,143
06/03/2019,BTV,VT,ANE,EN,Combined TRACON& Tower with Radar,34,36,25,4,99,0,0,32,4,36,34,36,57,8,135,40,2,42,177
06/04/2019,BTV,VT,ANE,EN,Combined TRACON& Tower with Radar,33,39,12,2,86,0,0,44,7,51,33,39,56,9,137,74,2,76,213
06/05/2019,BTV,VT,ANE,EN,Combined TRACON& Tower with Radar,33,41,20,10,104,0,0,19,52,71,33,41,39,62,175,0,0,0,175
06/06/2019,BTV,VT,ANE,EN,Combined TRACON& Tower with Radar,44,43,27,2,116,0,2,201,15,218,44,45,228,17,334,0,0,0,334
06/07/2019,BTV,VT,ANE,EN,Combined TRACON& Tower with Radar,46,40,50,4,140,0,0,68,4,72,46,40,118,8,212,90,0,90,302
06/08/2019,BTV,VT,ANE,EN,Combined TRACON& Tower with Radar,45,34,23,0,102,0,1,92,2,95,45,35,115,2,197,61,3,64,261
06/09/2019,BTV,VT,ANE,EN,Combined TRACON& Tower with Radar,46,20,17,0,83,0,1,59,5,65,46,21,76,5,148,71,0,71,219
06/10/2019,BTV,VT,ANE,EN,Combined TRACON& Tower with Radar,50,35,32,8,125,0,0,62,6,68,50,35,94,14,193,93,20,113,306
06/11/2019,BTV,VT,ANE,EN,Combined TRACON& Tower with Radar,51,42,30,1,124,0,0,20,4,24,51,42,50,5,148,43,0,43,191
06/12/2019,BTV,VT,ANE,EN,Combined TRACON& Tower with Radar,50,39,28,10,127,0,0,101,16,117,50,39,129,26,244,187,8,195,439
06/13/2019,BTV,VT,ANE,EN,Combined TRACON& Tower with Radar,47,43,26,0,116,0,0,28,0,28,47,43,54,0,144,64,0,64,208
06/14/2019,BTV,VT,ANE,EN,Combined TRACON& Tower with Radar,51,40,35,1,127,0,0,35,1,36,51,40,70,2,163,38,0,38,201
06/15/2019,BTV,VT,ANE,EN,Combined TRACON& Tower with Radar,44,31,16,3,94,0,0,17,3,20,44,31,33,6,114,7,0,7,121
06/16/2019,BTV,VT,ANE,EN,Combined TRACON& Tower with Radar,44,39,22,2,107,0,1,23,14,38,44,40,45,16,145,61,0,61,206
06/17/2019,BTV,VT,ANE,EN,Combined TRACON& Tower with Radar,50,36,24,3,113,0,5,76,9,90,50,41,100,12,203,94,2,96,299
06/18/2019,BTV,VT,ANE,EN,Combined TRACON& Tower with Radar,45,36,37,3,121,0,1,212,16,229,45,37,249,19,350,0,0,0,350
06/19/2019,BTV,VT,ANE,EN,Combined TRACON& Tower with Radar,47,33,18,10,108,0,0,182,47,229,47,33,200,57,337,0,0,0,337
06/20/2019,BTV,VT,ANE,EN,Combined TRACON& Tower with Radar,45,42,22,1,110,0,0,39,1,40,45,42,61,2,150,0,0,0,150
06/21/2019,BTV,VT,ANE,EN,Combined TRACON& Tower with Radar,50,40,25,0,115,0,1,31,11,43,50,41,56,11,158,52,0,52,210
06/22/2019,BTV,VT,ANE,EN,Combined TRACON& Tower with Radar,49,32,32,1,114,0,0,58,4,62,49,32,90,5,176,43,0,43,219
06/23/2019,BTV,VT,ANE,EN,Combined TRACON& Tower with Radar,45,37,27,3,112,0,0,108,8,116,45,37,135,11,228,80,0,80,308
06/24/2019,BTV,VT,ANE,EN,Combined TRACON& Tower with Radar,49,38,18,14,119,0,1,100,15,116,49,39,118,29,235,176,13,189,424
06/25/2019,BTV,VT,ANE,EN,Combined TRACON& Tower with Radar,48,38,22,1,109,0,1,70,11,82,48,39,92,12,191,0,0,0,191
06/26/2019,BTV,VT,ANE,EN,Combined TRACON& Tower with Radar,50,38,25,1,114,0,0,154,2,156,50,38,179,3,270,0,0,0,270
06/27/2019,BTV,VT,ANE,EN,Combined TRACON& Tower with Radar,48,41,21,2,112,0,4,63,14,81,48,45,84,16,193,89,0,89,282
06/28/2019,BTV,VT,ANE,EN,Combined TRACON& Tower with Radar,50,37,34,1,122,0,4,67,5,76,50,41,101,6,198,81,0,81,279
06/29/2019,BTV,VT,ANE,EN,Combined TRACON& Tower with Radar,49,34,22,0,105,0,0,23,3,26,49,34,45,3,131,21,0,21,152
06/30/2019,BTV,VT,ANE,EN,Combined TRACON& Tower with Radar,43,34,24,0,101,0,0,11,0,11,43,34,35,0,112,2,0,2,114
07/01/2019,BTV,VT,ANE,EN,Combined TRACON& Tower with Radar,47,34,26,21,128,0,1,66,7,74,47,35,92,28,202,161,18,179,381
07/02/2019,BTV,VT,ANE,EN,Combined TRACON& Tower with Radar,40,29,24,3,96,0,5,50,7,62,40,34,74,10,158,121,18,139,297
07/03/2019,BTV,VT,ANE,EN,Combined TRACON& Tower with Radar,45,40,16,8,109,0,2,69,5,76,45,42,85,13,185,120,24,144,329
07/04/2019,BTV,VT,ANE,EN,Combined TRACON& Tower with Radar,31,19,13,1,64,0,3,81,4,88,31,22,94,5,152,0,0,0,152
07/05/2019,BTV,VT,ANE,EN,Combined TRACON& Tower with Radar,44,21,20,0,85,0,3,43,2,48,44,24,63,2,133,50,0,50,183
07/06/2019,BTV,VT,ANE,EN,Combined TRACON& Tower with Radar,39,31,12,0,82,0,0,6,0,6,39,31,18,0,88,0,0,0,88
07/07/2019,BTV,VT,ANE,EN,Combined TRACON& Tower with Radar,48,31,32,0,111,0,0,77,3,80,48,31,109,3,191,33,0,33,224
07/08/2019,BTV,VT,ANE,EN,Combined TRACON& Tower with Radar,54,34,14,3,105,0,2,86,3,91,54,36,100,6,196,84,0,84,280
07/09/2019,BTV,VT,ANE,EN,Combined TRACON& Tower with Radar,55,30,26,4,115,0,2,64,6,72,55,32,90,10,187,63,1,64,251
07/10/2019,BTV,VT,ANE,EN,Combined TRACON& Tower with Radar,53,36,17,3,109,0,4,68,4,76,53,40,85,7,185,78,0,78,263
07/11/2019,BTV,VT,ANE,EN,Combined TRACON& Tower with Radar,47,36,20,3,106,0,1,22,2,25,47,37,42,5,131,22,22,44,175
07/12/2019,BTV,VT,ANE,EN,Combined TRACON& Tower with Radar,57,30,13,2,102,0,0,24,2,26,57,30,37,4,128,74,0,74,202
07/13/2019,BTV,VT,ANE,EN,Combined TRACON& Tower with Radar,50,33,27,0,110,0,2,55,0,57,50,35,82,0,167,19,0,19,186
07/14/2019,BTV,VT,ANE,EN,Combined TRACON& Tower with Radar,52,32,30,0,114,0,1,39,2,42,52,33,69,2,156,58,0,58,214
07/15/2019,BTV,VT,ANE,EN,Combined TRACON& Tower with Radar,57,31,19,0,107,0,8,64,1,73,57,39,83,1,180,100,0,100,280
07/16/2019,BTV,VT,ANE,EN,Combined TRACON& Tower with Radar,52,33,24,0,109,0,3,60,11,74,52,36,84,11,183,112,2,114,297
07/17/2019,BTV,VT,ANE,EN,Combined TRACON& Tower with Radar,48,35,28,0,111,0,0,7,0,7,48,35,35,0,118,0,0,0,118
07/18/2019,BTV,VT,ANE,EN,Combined TRACON& Tower with Radar,46,37,33,3,119,0,0,58,14,72,46,37,91,17,191,75,0,75,266
07/19/2019,BTV,VT,ANE,EN,Combined TRACON& Tower with Radar,56,43,30,1,130,0,0,48,8,56,56,43,78,9,186,35,0,35,221
07/20/2019,BTV,VT,ANE,EN,Combined TRACON& Tower with Radar,49,29,12,0,90,0,1,27,4,32,49,30,39,4,122,4,0,4,126
07/21/2019,BTV,VT,ANE,EN,Combined TRACON& Tower with Radar,48,31,23,0,102,0,0,19,1,20,48,31,42,1,122,9,0,9,131
07/22/2019,BTV,VT,ANE,EN,Combined TRACON& Tower with Radar,53,29,22,2,106,0,0,24,1,25,53,29,46,3,131,36,0,36,167
07/23/2019,BTV,VT,ANE,EN,Combined TRACON& Tower with Radar,54,34,29,6,123,0,0,106,33,139,54,34,135,39,262,0,0,0,262
07/24/2019,BTV,VT,ANE,EN,Combined TRACON& Tower with Radar,57,25,31,7,120,0,5,117,4,126,57,30,148,11,246,0,0,0,246
07/25/2019,BTV,VT,ANE,EN,Combined TRACON& Tower with Radar,55,31,42,0,128,0,3,62,14,79,55,34,104,14,207,70,2,72,279
07/26/2019,BTV,VT,ANE,EN,Combined TRACON& Tower with Radar,57,40,26,0,123,0,0,44,6,50,57,40,70,6,173,8,0,8,181
07/27/2019,BTV,VT,ANE,EN,Combined TRACON& Tower with Radar,50,34,22,0,106,0,1,53,0,54,50,35,75,0,160,16,0,16,176
07/28/2019,BTV,VT,ANE,EN,Combined TRACON& Tower with Radar,52,34,31,3,120,0,2,53,6,61,52,36,84,9,181,3,0,3,184
07/29/2019,BTV,VT,ANE,EN,Combined TRACON& Tower with Radar,53,32,17,2,104,0,5,68,7,80,53,37,85,9,184,94,0,94,278
07/30/2019,BTV,VT,ANE,EN,Combined TRACON& Tower with Radar,52,36,19,7,114,0,3,40,11,54,52,39,59,18,168,44,2,46,214
07/31/2019,BTV,VT,ANE,EN,Combined TRACON& Tower with Radar,55,38,25,11,129,0,11,92,33,136,55,49,117,44,265,0,0,0,265
08/01/2019,BTV,VT,ANE,EN,Combined TRACON& Tower with Radar,50,41,14,5,110,0,3,185,22,210,50,44,199,27,320,0,0,0,320
08/02/2019,BTV,VT,ANE,EN,Combined TRACON& Tower with Radar,56,42,19,0,117,0,1,67,4,72,56,43,86,4,189,80,0,80,269
08/03/2019,BTV,VT,ANE,EN,Combined TRACON& Tower with Radar,48,29,21,0,98,0,0,42,4,46,48,29,63,4,144,33,0,33,177
08/04/2019,BTV,VT,ANE,EN,Combined TRACON& Tower with Radar,52,27,21,0,100,0,1,36,3,40,52,28,57,3,140,32,0,32,172
08/05/2019,BTV,VT,ANE,EN,Combined TRACON& Tower with Radar,55,31,29,10,125,0,1,69,2,72,55,32,98,12,197,60,12,72,269
08/06/2019,BTV,VT,ANE,EN,Combined TRACON& Tower with Radar,54,30,23,4,111,0,3,32,4,39,54,33,55,8,150,36,16,52,202
08/07/2019,BTV,VT,ANE,EN,Combined TRACON& Tower with Radar,52,37,27,2,118,0,0,35,1,36,52,37,62,3,154,117,0,117,271
08/08/2019,BTV,VT,ANE,EN,Combined TRACON& Tower with Radar,49,37,27,0,113,0,3,36,9,48,49,40,63,9,161,52,2,54,215
08/09/2019,BTV,VT,ANE,EN,Combined TRACON& Tower with Radar,58,39,33,3,133,0,1,58,2,61,58,40,91,5,194,70,12,82,276
08/10/2019,BTV,VT,ANE,EN,Combined TRACON& Tower with Radar,49,24,30,0,103,0,0,19,2,21,49,24,49,2,124,18,0,18,142
08/11/2019,BTV,VT,ANE,EN,Combined TRACON& Tower with Radar,52,27,32,0,111,0,1,43,1,45,52,28,75,1,156,29,0,29,185
08/12/2019,BTV,VT,ANE,EN,Combined TRACON& Tower with Radar,52,34,23,2,111,0,3,62,2,67,52,37,85,4,178,46,0,46,224
08/13/2019,BTV,VT,ANE,EN,Combined TRACON& Tower with Radar,50,34,20,4,108,0,0,50,5,55,50,34,70,9,163,90,0,90,253
08/14/2019,BTV,VT,ANE,EN,Combined TRACON& Tower with Radar,53,35,27,5,120,0,0,86,3,89,53,35,113,8,209,103,0,103,312
08/15/2019,BTV,VT,ANE,EN,Combined TRACON& Tower with Radar,46,39,27,9,121,0,1,150,17,168,46,40,177,26,289,0,0,0,289
08/16/2019,BTV,VT,ANE,EN,Combined TRACON& Tower with Radar,55,39,20,6,120,0,1,35,2,38,55,40,55,8,158,57,0,57,215
08/17/2019,BTV,VT,ANE,EN,Combined TRACON& Tower with Radar,49,27,20,7,103,0,0,7,1,8,49,27,27,8,111,14,8,22,133
08/18/2019,BTV,VT,ANE,EN,Combined TRACON& Tower with Radar,43,34,51,0,128,0,0,32,0,32,43,34,83,0,160,38,0,38,198
08/19/2019,BTV,VT,ANE,EN,Combined TRACON& Tower with Radar,50,29,18,2,99,0,0,45,8,53,50,29,63,10,152,31,1,32,184
08/20/2019,BTV,VT,ANE,EN,Combined TRACON& Tower with Radar,40,33,27,2,102,0,6,79,14,99,40,39,106,16,201,86,0,86,287
08/21/2019,BTV,VT,ANE,EN,Combined TRACON& Tower with Radar,44,43,21,9,117,0,0,18,0,18,44,43,39,9,135,0,0,0,135
08/22/2019,BTV,VT,ANE,EN,Combined TRACON& Tower with Radar,41,49,27,1,118,0,0,36,10,46,41,49,63,11,164,85,2,87,251
08/23/2019,BTV,VT,ANE,EN,Combined TRACON& Tower with Radar,46,34,22,0,102,0,5,55,7,67,46,39,77,7,169,34,0,34,203
08/24/2019,BTV,VT,ANE,EN,Combined TRACON& Tower with Radar,42,32,27,0,101,0,0,33,2,35,42,32,60,2,136,0,0,0,136
08/25/2019,BTV,VT,ANE,EN,Combined TRACON& Tower with Radar,41,41,19,0,101,0,5,63,2,70,41,46,82,2,171,29,0,29,200
08/26/2019,BTV,VT,ANE,EN,Combined TRACON& Tower with Radar,46,39,18,4,107,0,2,63,4,69,46,41,81,8,176,45,0,45,221
08/27/2019,BTV,VT,ANE,EN,Combined TRACON& Tower with Radar,43,51,16,17,127,0,6,61,9,76,43,57,77,26,203,58,15,73,276
08/28/2019,BTV,VT,ANE,EN,Combined TRACON& Tower with Radar,47,41,18,0,106,0,2,19,0,21,47,43,37,0,127,50,0,50,177
08/29/2019,BTV,VT,ANE,EN,Combined TRACON& Tower with Radar,46,37,30,1,114,0,1,128,1,130,46,38,158,2,244,0,0,0,244
08/30/2019,BTV,VT,ANE,EN,Combined TRACON& Tower with Radar,47,38,27,3,115,0,5,56,4,65,47,43,83,7,180,61,0,61,241
08/31/2019,BTV,VT,ANE,EN,Combined TRACON& Tower with Radar,34,28,41,1,104,0,2,54,1,57,34,30,95,2,161,25,0,25,186
09/01/2019,BTV,VT,ANE,EN,Combined TRACON& Tower with Radar,38,24,23,0,85,0,1,49,4,54,38,25,72,4,139,15,0,15,154
09/02/2019,BTV,VT,ANE,EN,Combined TRACON& Tower with Radar,42,35,17,0,94,0,0,0,0,0,42,35,17,0,94,2,0,2,96
09/03/2019,BTV,VT,ANE,EN,Combined TRACON& Tower with Radar,41,36,34,3,114,0,0,69,9,78,41,36,103,12,192,105,0,105,297
09/04/2019,BTV,VT,ANE,EN,Combined TRACON& Tower with Radar,44,43,17,3,107,0,0,22,2,24,44,43,39,5,131,8,9,17,148
09/05/2019,BTV,VT,ANE,EN,Combined TRACON& Tower with Radar,46,39,36,0,121,0,5,93,6,104,46,44,129,6,225,93,0,93,318
09/06/2019,BTV,VT,ANE,EN,Combined TRACON& Tower with Radar,49,36,29,1,115,0,0,55,7,62,49,36,84,8,177,32,0,32,209
09/07/2019,BTV,VT,ANE,EN,Combined TRACON& Tower with Radar,42,37,11,1,91,0,0,39,5,44,42,37,50,6,135,20,6,26,161
09/08/2019,BTV,VT,ANE,EN,Combined TRACON& Tower with Radar,40,43,33,3,119,0,0,27,7,34,40,43,60,10,153,25,0,25,178
09/09/2019,BTV,VT,ANE,EN,Combined TRACON& Tower with Radar,43,44,20,7,114,0,4,57,0,61,43,48,77,7,175,100,0,100,275
09/10/2019,BTV,VT,ANE,EN,Combined TRACON& Tower with Radar,41,47,28,11,127,0,4,56,15,75,41,51,84,26,202,48,4,52,254
09/11/2019,BTV,VT,ANE,EN,Combined TRACON& Tower with Radar,39,48,31,6,124,0,1,84,4,89,39,49,115,10,213,0,0,0,213
09/12/2019,BTV,VT,ANE,EN,Combined TRACON& Tower with Radar,43,46,36,5,130,0,0,66,21,87,43,46,102,26,217,161,14,175,392
09/13/2019,BTV,VT,ANE,EN,Combined TRACON& Tower with Radar,43,40,29,1,113,0,2,82,8,92,43,42,111,9,205,31,2,33,238
09/14/2019,BTV,VT,ANE,EN,Combined TRACON& Tower with Radar,49,42,10,0,101,0,0,0,1,1,49,42,10,1,102,4,0,4,106
09/15/2019,BTV,VT,ANE,EN,Combined TRACON& Tower with Radar,39,42,35,1,117,0,1,49,6,56,39,43,84,7,173,40,0,40,213
09/16/2019,BTV,VT,ANE,EN,Combined TRACON& Tower with Radar,45,37,19,0,101,0,1,49,5,55,45,38,68,5,156,72,0,72,228
09/17/2019,BTV,VT,ANE,EN,Combined TRACON& Tower with Radar,41,40,29,6,116,0,0,76,10,86,41,40,105,16,202,79,0,79,281
09/18/2019,BTV,VT,ANE,EN,Combined TRACON& Tower with Radar,40,53,18,7,118,0,5,78,10,93,40,58,96,17,211,85,19,104,315
09/19/2019,BTV,VT,ANE,EN,Combined TRACON& Tower with Radar,43,42,25,8,118,0,2,85,10,97,43,44,110,18,215,44,24,68,283
09/20/2019,BTV,VT,ANE,EN,Combined TRACON& Tower with Radar,44,36,23,1,104,0,1,71,10,82,44,37,94,11,186,44,0,44,230
09/21/2019,BTV,VT,ANE,EN,Combined TRACON& Tower with Radar,41,42,15,0,98,0,4,80,7,91,41,46,95,7,189,29,0,29,218
09/22/2019,BTV,VT,ANE,EN,Combined TRACON& Tower with Radar,41,43,21,0,105,0,0,57,3,60,41,43,78,3,165,50,0,50,215
09/23/2019,BTV,VT,ANE,EN,Combined TRACON& Tower with Radar,43,41,22,0,106,0,0,19,0,19,43,41,41,0,125,76,0,76,201
09/24/2019,BTV,VT,ANE,EN,Combined TRACON& Tower with Radar,41,45,29,8,123,0,0,16,9,25,41,45,45,17,148,46,7,53,201
09/25/2019,BTV,VT,ANE,EN,Combined TRACON& Tower with Radar,43,45,37,13,138,0,2,205,11,218,43,47,242,24,356,0,0,0,356
09/26/2019,BTV,VT,ANE,EN,Combined TRACON& Tower with Radar,44,49,32,0,125,0,0,85,4,89,44,49,117,4,214,0,0,0,214
09/27/2019,BTV,VT,ANE,EN,Combined TRACON& Tower with Radar,45,56,34,3,138,0,0,89,11,100,45,56,123,14,238,62,0,62,300
09/28/2019,BTV,VT,ANE,EN,Combined TRACON& Tower with Radar,42,49,24,0,115,0,1,30,2,33,42,50,54,2,148,51,2,53,201
09/29/2019,BTV,VT,ANE,EN,Combined TRACON& Tower with Radar,38,56,40,0,134,0,2,71,2,75,38,58,111,2,209,22,0,22,231
09/30/2019,BTV,VT,ANE,EN,Combined TRACON& Tower with Radar,41,44,35,0,120,0,1,64,6,71,41,45,99,6,191,78,0,78,269
10/01/2019,BTV,VT,ANE,EN,Combined TRACON& Tower with Radar,42,47,37,7,133,0,0,2,0,2,42,47,39,7,135,0,19,19,154
10/02/2019,BTV,VT,ANE,EN,Combined TRACON& Tower with Radar,43,42,43,4,132,0,0,15,0,15,43,42,58,4,147,80,4,84,231
10/03/2019,BTV,VT,ANE,EN,Combined TRACON& Tower with Radar,39,50,37,15,141,0,0,59,5,64,39,50,96,20,205,78,27,105,310
10/04/2019,BTV,VT,ANE,EN,Combined TRACON& Tower with Radar,40,47,35,4,126,0,0,29,4,33,40,47,64,8,159,27,0,27,186
10/05/2019,BTV,VT,ANE,EN,Combined TRACON& Tower with Radar,38,32,28,0,98,0,3,111,4,118,38,35,139,4,216,43,0,43,259
10/06/2019,BTV,VT,ANE,EN,Combined TRACON& Tower with Radar,37,61,34,0,132,0,0,11,0,11,37,61,45,0,143,4,0,4,147
10/07/2019,BTV,VT,ANE,EN,Combined TRACON& Tower with Radar,41,57,27,4,129,0,0,3,2,5,41,57,30,6,134,0,0,0,134
10/08/2019,BTV,VT,ANE,EN,Combined TRACON& Tower with Radar,37,43,24,3,107,0,1,111,9,121,37,44,135,12,228,74,2,76,304
10/09/2019,BTV,VT,ANE,EN,Combined TRACON& Tower with Radar,43,48,24,8,123,0,2,196,3,201,43,50,220,11,324,0,0,0,324
10/10/2019,BTV,VT,ANE,EN,Combined TRACON& Tower with Radar,40,56,31,9,136,0,2,77,13,92,40,58,108,22,228,101,0,101,329
10/11/2019,BTV,VT,ANE,EN,Combined TRACON& Tower with Radar,38,59,41,0,138,0,2,89,8,99,38,61,130,8,237,118,4,122,359
10/12/2019,BTV,VT,ANE,EN,Combined TRACON& Tower with Radar,37,45,36,0,118,0,1,99,2,102,37,46,135,2,220,31,0,31,251
10/13/2019,BTV,VT,ANE,EN,Combined TRACON& Tower with Radar,37,49,36,0,122,0,4,81,3,88,37,53,117,3,210,6,0,6,216
10/14/2019,BTV,VT,ANE,EN,Combined TRACON& Tower with Radar,40,51,28,0,119,0,0,47,2,49,40,51,75,2,168,17,0,17,185
10/15/2019,BTV,VT,ANE,EN,Combined TRACON& Tower with Radar,39,39,23,10,111,0,0,113,14,127,39,39,136,24,238,93,10,103,341
10/16/2019,BTV,VT,ANE,EN,Combined TRACON& Tower with Radar,39,42,40,0,121,0,2,43,4,49,39,44,83,4,170,83,0,83,253
10/17/2019,BTV,VT,ANE,EN,Combined TRACON& Tower with Radar,40,61,12,0,113,0,0,1,0,1,40,61,13,0,114,0,0,0,114
10/18/2019,BTV,VT,ANE,EN,Combined TRACON& Tower with Radar,38,51,31,3,123,0,0,12,3,15,38,51,43,6,138,0,0,0,138
10/19/2019,BTV,VT,ANE,EN,Combined TRACON& Tower with Radar,39,30,28,1,98,0,0,97,7,104,39,30,125,8,202,15,0,15,217
10/20/2019,BTV,VT,ANE,EN,Combined TRACON& Tower with Radar,35,48,25,1,109,0,3,77,4,84,35,51,102,5,193,15,0,15,208
10/21/2019,BTV,VT,ANE,EN,Combined TRACON& Tower with Radar,40,47,28,7,122,0,2,71,4,77,40,49,99,11,199,37,8,45,244
10/22/2019,BTV,VT,ANE,EN,Combined TRACON& Tower with Radar,36,43,18,5,102,0,0,41,7,48,36,43,59,12,150,55,28,83,233
10/23/2019,BTV,VT,ANE,EN,Combined TRACON& Tower with Radar,40,49,23,0,112,0,0,102,6,108,40,49,125,6,220,0,0,0,220
10/24/2019,BTV,VT,ANE,EN,Combined TRACON& Tower with Radar,39,41,41,0,121,0,1,143,10,154,39,42,184,10,275,0,0,0,275
10/25/2019,BTV,VT,ANE,EN,Combined TRACON& Tower with Radar,39,46,26,0,111,0,0,51,2,53,39,46,77,2,164,115,0,115,279
10/26/2019,BTV,VT,ANE,EN,Combined TRACON& Tower with Radar,36,32,26,0,94,0,1,42,5,48,36,33,68,5,142,4,0,4,146
10/27/2019,BTV,VT,ANE,EN,Combined TRACON& Tower with Radar,35,31,11,0,77,0,0,0,0,0,35,31,11,0,77,0,0,0,77
10/28/2019,BTV,VT,ANE,EN,Combined TRACON& Tower with Radar,36,46,23,4,109,0,0,31,2,33,36,46,54,6,142,53,4,57,199
10/29/2019,BTV,VT,ANE,EN,Combined TRACON& Tower with Radar,38,36,25,5,104,0,0,27,7,34,38,36,52,12,138,12,2,14,152
10/30/2019,BTV,VT,ANE,EN,Combined TRACON& Tower with Radar,38,38,24,8,108,0,0,84,4,88,38,38,108,12,196,71,2,73,269
10/31/2019,BTV,VT,ANE,EN,Combined TRACON& Tower with Radar,33,33,15,4,85,0,1,2,0,3,33,34,17,4,88,0,0,0,88
11/01/2019,BTV,VT,ANE,EN,Combined TRACON& Tower with Radar,45,31,20,0,96,0,1,8,0,9,45,32,28,0,105,5,0,5,110
11/02/2019,BTV,VT,ANE,EN,Combined TRACON& Tower with Radar,39,29,22,0,90,0,0,63,14,77,39,29,85,14,167,52,6,58,225
11/03/2019,BTV,VT,ANE,EN,Combined TRACON& Tower with Radar,37,35,15,0,87,0,0,33,0,33,37,35,48,0,120,32,0,32,152
11/04/2019,BTV,VT,ANE,EN,Combined TRACON& Tower with Radar,39,32,19,0,90,0,1,60,4,65,39,33,79,4,155,32,0,32,187
11/05/2019,BTV,VT,ANE,EN,Combined TRACON& Tower with Radar,38,38,24,4,104,0,0,85,42,127,38,38,109,46,231,0,0,0,231
11/06/2019,BTV,VT,ANE,EN,Combined TRACON& Tower with Radar,40,36,33,2,111,0,1,128,4,133,40,37,161,6,244,0,0,0,244
11/07/2019,BTV,VT,ANE,EN,Combined TRACON& Tower with Radar,38,38,12,2,90,0,0,52,2,54,38,38,64,4,144,0,0,0,144
11/08/2019,BTV,VT,ANE,EN,Combined TRACON& Tower with Radar,39,36,11,0,86,0,0,6,0,6,39,36,17,0,92,0,0,0,92
11/09/2019,BTV,VT,ANE,EN,Combined TRACON& Tower with Radar,39,30,8,0,77,0,1,71,4,76,39,31,79,4,153,59,0,59,212
11/10/2019,BTV,VT,ANE,EN,Combined TRACON& Tower with Radar,37,36,9,0,82,0,1,30,6,37,37,37,39,6,119,52,0,52,171
11/11/2019,BTV,VT,ANE,EN,Combined TRACON& Tower with Radar,34,28,7,0,69,0,0,11,0,11,34,28,18,0,80,19,0,19,99
11/12/2019,BTV,VT,ANE,EN,Combined TRACON& Tower with Radar,36,40,4,3,83,0,0,7,4,11,36,40,11,7,94,12,0,12,106
11/13/2019,BTV,VT,ANE,EN,Combined TRACON& Tower with Radar,42,38,19,3,102,0,0,44,7,51,42,38,63,10,153,42,0,42,195
11/14/2019,BTV,VT,ANE,EN,Combined TRACON& Tower with Radar,36,38,19,2,95,0,0,38,0,38,36,38,57,2,133,34,3,37,170
11/15/2019,BTV,VT,ANE,EN,Combined TRACON& Tower with Radar,37,42,12,4,95,0,0,18,0,18,37,42,30,4,113,20,4,24,137
11/16/2019,BTV,VT,ANE,EN,Combined TRACON& Tower with Radar,41,29,22,0,92,0,1,44,2,47,41,30,66,2,139,22,0,22,161
11/17/2019,BTV,VT,ANE,EN,Combined TRACON& Tower with Radar,38,37,17,0,92,0,0,42,3,45,38,37,59,3,137,38,0,38,175
11/18/2019,BTV,VT,ANE,EN,Combined TRACON& Tower with Radar,37,39,15,0,91,0,2,21,4,27,37,41,36,4,118,38,0,38,156
11/19/2019,BTV,VT,ANE,EN,Combined TRACON& Tower with Radar,38,40,7,4,89,0,0,0,0,0,38,40,7,4,89,0,0,0,89
11/20/2019,BTV,VT,ANE,EN,Combined TRACON& Tower with Radar,38,37,6,0,81,0,0,2,0,2,38,37,8,0,83,0,0,0,83
11/21/2019,BTV,VT,ANE,EN,Combined TRACON& Tower with Radar,40,48,23,4,115,0,1,50,11,62,40,49,73,15,177,79,4,83,260
11/22/2019,BTV,VT,ANE,EN,Combined TRACON& Tower with Radar,40,43,16,3,102,0,0,11,1,12,40,43,27,4,114,12,0,12,126
11/23/2019,BTV,VT,ANE,EN,Combined TRACON& Tower with Radar,44,29,33,0,106,0,0,84,4,88,44,29,117,4,194,92,0,92,286
11/24/2019,BTV,VT,ANE,EN,Combined TRACON& Tower with Radar,41,40,12,0,93,0,0,5,0,5,41,40,17,0,98,10,0,10,108
11/25/2019,BTV,VT,ANE,EN,Combined TRACON& Tower with Radar,38,53,22,10,123,0,1,45,5,51,38,54,67,15,174,83,16,99,273
11/26/2019,BTV,VT,ANE,EN,Combined TRACON& Tower with Radar,40,41,26,5,112,0,0,54,6,60,40,41,80,11,172,91,2,93,265
11/27/2019,BTV,VT,ANE,EN,Combined TRACON& Tower with Radar,41,46,18,2,107,0,0,15,0,15,41,46,33,2,122,35,0,35,157
11/28/2019,BTV,VT,ANE,EN,Combined TRACON& Tower with Radar,22,16,6,2,46,0,0,0,0,0,22,16,6,2,46,0,0,0,46
11/29/2019,BTV,VT,ANE,EN,Combined TRACON& Tower with Radar,31,28,16,0,75,0,0,1,0,1,31,28,17,0,76,8,0,8,84
11/30/2019,BTV,VT,ANE,EN,Combined TRACON& Tower with Radar,43,37,26,0,106,0,0,39,2,41,43,37,65,2,147,27,0,27,174
12/01/2019,BTV,VT,ANE,EN,Combined TRACON& Tower with Radar,37,32,18,0,87,0,0,23,1,24,37,32,41,1,111,26,0,26,137
12/02/2019,BTV,VT,ANE,EN,Combined TRACON& Tower with Radar,36,42,12,0,90,0,0,13,0,13,36,42,25,0,103,19,0,19,122
12/03/2019,BTV,VT,ANE,EN,Combined TRACON& Tower with Radar,40,40,15,2,97,0,1,52,4,57,40,41,67,6,154,43,2,45,199
12/04/2019,BTV,VT,ANE,EN,Combined TRACON& Tower with Radar,30,46,18,4,98,0,0,174,5,179,30,46,192,9,277,0,0,0,277
12/05/2019,BTV,VT,ANE,EN,Combined TRACON& Tower with Radar,31,44,14,6,95,0,0,24,3,27,31,44,38,9,122,0,0,0,122
12/06/2019,BTV,VT,ANE,EN,Combined TRACON& Tower with Radar,33,39,18,0,90,0,0,20,0,20,33,39,38,0,110,21,0,21,131
12/07/2019,BTV,VT,ANE,EN,Combined TRACON& Tower with Radar,40,30,30,2,102,0,0,18,2,20,40,30,48,4,122,23,2,25,147
12/08/2019,BTV,VT,ANE,EN,Combined TRACON& Tower with Radar,36,35,18,0,89,0,0,9,2,11,36,35,27,2,100,11,0,11,111
12/09/2019,BTV,VT,ANE,EN,Combined TRACON& Tower with Radar,33,39,21,2,95,0,0,8,0,8,33,39,29,2,103,16,0,16,119
12/10/2019,BTV,VT,ANE,EN,Combined TRACON& Tower with Radar,31,42,16,13,102,0,0,13,3,16,31,42,29,16,118,93,44,137,255
12/11/2019,BTV,VT,ANE,EN,Combined TRACON& Tower with Radar,33,38,17,8,96,0,2,67,0,69,33,40,84,8,165,92,0,92,257
12/12/2019,BTV,VT,ANE,EN,Combined TRACON& Tower with Radar,30,56,33,10,129,0,3,80,6,89,30,59,113,16,218,76,6,82,300
12/13/2019,BTV,VT,ANE,EN,Combined TRACON& Tower with Radar,33,49,12,11,105,0,0,35,2,37,33,49,47,13,142,9,4,13,155
12/14/2019,BTV,VT,ANE,EN,Combined TRACON& Tower with Radar,41,26,13,0,80,0,0,0,0,0,41,26,13,0,80,0,0,0,80
12/15/2019,BTV,VT,ANE,EN,Combined TRACON& Tower with Radar,33,28,7,0,68,0,0,6,0,6,33,28,13,0,74,0,0,0,74
12/16/2019,BTV,VT,ANE,EN,Combined TRACON& Tower with Radar,33,42,36,0,111,0,0,64,2,66,33,42,100,2,177,51,0,51,228
12/17/2019,BTV,VT,ANE,EN,Combined TRACON& Tower with Radar,26,49,7,0,82,0,0,3,0,3,26,49,10,0,85,6,0,6,91
12/18/2019,BTV,VT,ANE,EN,Combined TRACON& Tower with Radar,31,39,11,3,84,0,0,11,0,11,31,39,22,3,95,0,0,0,95
12/19/2019,BTV,VT,ANE,EN,Combined TRACON& Tower with Radar,41,42,39,4,126,0,1,42,6,49,41,43,81,10,175,44,9,53,228
12/20/2019,BTV,VT,ANE,EN,Combined TRACON& Tower with Radar,44,36,21,1,102,0,4,44,4,52,44,40,65,5,154,37,0,37,191
12/21/2019,BTV,VT,ANE,EN,Combined TRACON& Tower with Radar,44,29,15,2,90,0,4,40,3,47,44,33,55,5,137,55,0,55,192
12/22/2019,BTV,VT,ANE,EN,Combined TRACON& Tower with Radar,40,29,16,0,85,0,0,40,2,42,40,29,56,2,127,31,1,32,159
12/23/2019,BTV,VT,ANE,EN,Combined TRACON& Tower with Radar,47,32,19,2,100,0,2,49,7,58,47,34,68,9,158,28,0,28,186
12/24/2019,BTV,VT,ANE,EN,Combined TRACON& Tower with Radar,35,33,15,0,83,0,3,26,2,31,35,36,41,2,114,20,0,20,134
12/25/2019,BTV,VT,ANE,EN,Combined TRACON& Tower with Radar,38,16,7,0,61,0,0,8,4,12,38,16,15,4,73,4,0,4,77
12/26/2019,BTV,VT,ANE,EN,Combined TRACON& Tower with Radar,46,34,22,4,106,0,3,40,9,52,46,37,62,13,158,28,0,28,186
12/27/2019,BTV,VT,ANE,EN,Combined TRACON& Tower with Radar,49,32,16,0,97,0,0,0,0,0,49,32,16,0,97,0,0,0,97
12/28/2019,BTV,VT,ANE,EN,Combined TRACON& Tower with Radar,47,30,27,0,104,0,1,82,4,87,47,31,109,4,191,27,0,27,218
12/29/2019,BTV,VT,ANE,EN,Combined TRACON& Tower with Radar,42,30,19,0,91,0,1,132,2,135,42,31,151,2,226,0,0,0,226
12/30/2019,BTV,VT,ANE,EN,Combined TRACON& Tower with Radar,48,26,2,0,76,0,0,0,0,0,48,26,2,0,76,0,0,0,76
12/31/2019,BTV,VT,ANE,EN,Combined TRACON& Tower with Radar,35,29,7,2,73,0,0,0,0,0,35,29,7,2,73,6,2,8,81
01/01/2020,BTV,VT,ANE,EN,Combined TRACON& Tower with Radar,37,25,16,0,78,0,0,27,0,27,37,25,43,0,105,0,0,0,105
01/02/2020,BTV,VT,ANE,EN,Combined TRACON& Tower with Radar,49,36,16,2,103,0,4,88,5,97,49,40,104,7,200,0,0,0,200
01/03/2020,BTV,VT,ANE,EN,Combined TRACON& Tower with Radar,49,24,13,4,90,0,0,34,1,35,49,24,47,5,125,85,0,85,210
01/04/2020,BTV,VT,ANE,EN,Combined TRACON& Tower with Radar,38,30,10,2,80,0,0,0,1,1,38,30,10,3,81,0,0,0,81
01/05/2020,BTV,VT,ANE,EN,Combined TRACON& Tower with Radar,42,31,17,1,91,0,0,9,3,12,42,31,26,4,103,0,0,0,103
01/06/2020,BTV,VT,ANE,EN,Combined TRACON& Tower with Radar,36,29,2,0,67,0,1,4,0,5,36,30,6,0,72,10,0,10,82
01/07/2020,BTV,VT,ANE,EN,Combined TRACON& Tower with Radar,34,35,21,13,103,0,0,49,4,53,34,35,70,17,156,64,12,76,232
01/08/2020,BTV,VT,ANE,EN,Combined TRACON& Tower with Radar,33,28,15,2,78,0,1,12,0,13,33,29,27,2,91,0,0,0,91
01/09/2020,BTV,VT,ANE,EN,Combined TRACON& Tower with Radar,33,34,14,8,89,0,0,63,6,69,33,34,77,14,158,64,7,71,229
01/10/2020,BTV,VT,ANE,EN,Combined TRACON& Tower with Radar,35,33,14,0,82,0,0,0,0,0,35,33,14,0,82,0,0,0,82
01/11/2020,BTV,VT,ANE,EN,Combined TRACON& Tower with Radar,36,25,11,2,74,0,0,0,0,0,36,25,11,2,74,0,0,0,74
01/12/2020,BTV,VT,ANE,EN,Combined TRACON& Tower with Radar,32,27,7,0,66,0,0,0,0,0,32,27,7,0,66,0,0,0,66
01/13/2020,BTV,VT,ANE,EN,Combined TRACON& Tower with Radar,36,37,6,3,82,0,0,72,2,74,36,37,78,5,156,0,0,0,156
01/14/2020,BTV,VT,ANE,EN,Combined TRACON& Tower with Radar,36,28,11,7,82,0,0,4,0,4,36,28,15,7,86,0,0,0,86
01/15/2020,BTV,VT,ANE,EN,Combined TRACON& Tower with Radar,34,30,13,10,87,0,0,15,6,21,34,30,28,16,108,72,26,98,206
01/16/2020,BTV,VT,ANE,EN,Combined TRACON& Tower with Radar,31,38,6,0,75,0,0,0,0,0,31,38,6,0,75,0,0,0,75
01/17/2020,BTV,VT,ANE,EN,Combined TRACON& Tower with Radar,33,40,15,1,89,0,1,37,3,41,33,41,52,4,130,53,0,53,183
01/18/2020,BTV,VT,ANE,EN,Combined TRACON& Tower with Radar,28,23,7,0,58,0,0,12,1,13,28,23,19,1,71,10,0,10,81
01/19/2020,BTV,VT,ANE,EN,Combined TRACON& Tower with Radar,34,21,8,0,63,0,0,1,0,1,34,21,9,0,64,0,0,0,64
01/20/2020,BTV,VT,ANE,EN,Combined TRACON& Tower with Radar,34,41,15,1,91,0,3,39,2,44,34,44,54,3,135,42,0,42,177
01/21/2020,BTV,VT,ANE,EN,Combined TRACON& Tower with Radar,34,27,12,7,80,0,1,53,14,68,34,28,65,21,148,45,6,51,199
01/22/2020,BTV,VT,ANE,EN,Combined TRACON& Tower with Radar,33,33,14,5,85,0,2,41,7,50,33,35,55,12,135,105,11,116,251
01/23/2020,BTV,VT,ANE,EN,Combined TRACON& Tower with Radar,34,33,37,3,107,0,2,67,19,88,34,35,104,22,195,70,0,70,265
01/24/2020,BTV,VT,ANE,EN,Combined TRACON& Tower with Radar,35,30,19,1,85,0,1,70,7,78,35,31,89,8,163,97,0,97,260
01/25/2020,BTV,VT,ANE,EN,Combined TRACON& Tower with Radar,33,20,9,0,62,0,1,22,0,23,33,21,31,0,85,40,0,40,125
01/26/2020,BTV,VT,ANE,EN,Combined TRACON& Tower with Radar,42,32,12,0,86,0,0,3,0,3,42,32,15,0,89,0,0,0,89
01/27/2020,BTV,VT,ANE,EN,Combined TRACON& Tower with Radar,33,30,17,0,80,0,0,4,0,4,33,30,21,0,84,68,0,68,152
01/28/2020,BTV,VT,ANE,EN,Combined TRACON& Tower with Radar,33,31,15,1,80,0,0,2,4,6,33,31,17,5,86,31,22,53,139
01/29/2020,BTV,VT,ANE,EN,Combined TRACON& Tower with Radar,34,34,18,0,86,0,2,56,10,68,34,36,74,10,154,66,0,66,220
01/30/2020,BTV,VT,ANE,EN,Combined TRACON& Tower with Radar,34,45,21,6,106,0,4,77,14,95,34,49,98,20,201,75,13,88,289
01/31/2020,BTV,VT,ANE,EN,Combined TRACON& Tower with Radar,36,50,17,1,104,0,3,138,3,144,36,53,155,4,248,0,0,0,248
02/01/2020,BTV,VT,ANE,EN,Combined TRACON& Tower with Radar,35,23,3,2,63,0,0,40,1,41,35,23,43,3,104,0,0,0,104
02/02/2020,BTV,VT,ANE,EN,Combined TRACON& Tower with Radar,34,32,12,2,80,0,1,13,3,17,34,33,25,5,97,36,2,38,135
02/03/2020,BTV,VT,ANE,EN,Combined TRACON& Tower with Radar,34,30,24,14,102,0,0,29,11,40,34,30,53,25,142,60,50,110,252
02/04/2020,BTV,VT,ANE,EN,Combined TRACON& Tower with Radar,36,26,5,2,69,0,1,36,6,43,36,27,41,8,112,145,9,154,266
02/05/2020,BTV,VT,ANE,EN,Combined TRACON& Tower with Radar,34,32,14,4,84,0,1,56,4,61,34,33,70,8,145,76,4,80,225
02/06/2020,BTV,VT,ANE,EN,Combined TRACON& Tower with Radar,28,33,4,0,65,0,0,0,0,0,28,33,4,0,65,0,0,0,65
02/07/2020,BTV,VT,ANE,EN,Combined TRACON& Tower with Radar,0,1,1,0,2,0,0,0,0,0,0,1,1,0,2,0,0,0,2
02/08/2020,BTV,VT,ANE,EN,Combined TRACON& Tower with Radar,38,26,12,2,78,0,2,20,2,24,38,28,32,4,102,0,0,0,102
02/09/2020,BTV,VT,ANE,EN,Combined TRACON& Tower with Radar,39,28,18,0,85,0,1,33,5,39,39,29,51,5,124,11,0,11,135
02/10/2020,BTV,VT,ANE,EN,Combined TRACON& Tower with Radar,34,30,9,3,76,0,0,32,19,51,34,30,41,22,127,0,0,0,127
02/11/2020,BTV,VT,ANE,EN,Combined TRACON& Tower with Radar,35,33,5,3,76,0,0,0,26,26,35,33,5,29,102,0,0,0,102
02/12/2020,BTV,VT,ANE,EN,Combined TRACON& Tower with Radar,32,30,27,9,98,0,0,157,12,169,32,30,184,21,267,0,0,0,267
02/13/2020,BTV,VT,ANE,EN,Combined TRACON& Tower with Radar,36,36,12,0,84,0,0,0,0,0,36,36,12,0,84,0,0,0,84
02/14/2020,BTV,VT,ANE,EN,Combined TRACON& Tower with Radar,40,36,18,3,97,0,4,22,13,39,40,40,40,16,136,0,0,0,136
02/15/2020,BTV,VT,ANE,EN,Combined TRACON& Tower with Radar,34,23,11,0,68,0,2,63,5,70,34,25,74,5,138,0,0,0,138
02/16/2020,BTV,VT,ANE,EN,Combined TRACON& Tower with Radar,35,22,17,0,74,0,0,86,2,88,35,22,103,2,162,0,0,0,162
02/17/2020,BTV,VT,ANE,EN,Combined TRACON& Tower with Radar,41,41,18,0,100,0,2,74,0,76,41,43,92,0,176,55,0,55,231
02/18/2020,BTV,VT,ANE,EN,Combined TRACON& Tower with Radar,38,39,10,0,87,0,0,2,0,2,38,39,12,0,89,14,0,14,103
02/19/2020,BTV,VT,ANE,EN,Combined TRACON& Tower with Radar,39,34,13,6,92,0,0,104,7,111,39,34,117,13,203,0,0,0,203
02/20/2020,BTV,VT,ANE,EN,Combined TRACON& Tower with Radar,43,32,21,7,103,0,1,53,23,77,43,33,74,30,180,93,0,93,273
02/21/2020,BTV,VT,ANE,EN,Combined TRACON& Tower with Radar,43,34,25,0,102,0,1,53,4,58,43,35,78,4,160,76,0,76,236
02/22/2020,BTV,VT,ANE,EN,Combined TRACON& Tower with Radar,37,29,21,1,88,0,0,79,4,83,37,29,100,5,171,80,0,80,251
02/23/2020,BTV,VT,ANE,EN,Combined TRACON& Tower with Radar,37,31,16,1,85,0,3,44,5,52,37,34,60,6,137,50,0,50,187
02/24/2020,BTV,VT,ANE,EN,Combined TRACON& Tower with Radar,40,27,21,2,90,0,2,74,1,77,40,29,95,3,167,83,0,83,250
02/25/2020,BTV,VT,ANE,EN,Combined TRACON& Tower with Radar,39,31,15,4,89,0,0,8,0,8,39,31,23,4,97,60,0,60,157
02/26/2020,BTV,VT,ANE,EN,Combined TRACON& Tower with Radar,40,32,13,0,85,0,0,0,0,0,40,32,13,0,85,42,0,42,127
02/27/2020,BTV,VT,ANE,EN,Combined TRACON& Tower with Radar,40,27,10,0,77,0,0,1,0,1,40,27,11,0,78,0,0,0,78
02/28/2020,BTV,VT,ANE,EN,Combined TRACON& Tower with Radar,40,36,11,4,91,0,0,2,0,2,40,36,13,4,93,0,0,0,93
02/29/2020,BTV,VT,ANE,EN,Combined TRACON& Tower with Radar,35,25,12,0,72,0,0,44,0,44,35,25,56,0,116,0,0,0,116
03/01/2020,BTV,VT,ANE,EN,Combined TRACON& Tower with Radar,35,28,22,1,86,0,0,88,1,89,35,28,110,2,175,0,0,0,175
03/02/2020,BTV,VT,ANE,EN,Combined TRACON& Tower with Radar,40,28,11,0,79,0,2,90,1,93,40,30,101,1,172,0,0,0,172
03/03/2020,BTV,VT,ANE,EN,Combined TRACON& Tower with Radar,38,28,12,3,81,0,0,48,1,49,38,28,60,4,130,74,2,76,206
03/04/2020,BTV,VT,ANE,EN,Combined TRACON& Tower with Radar,39,32,7,5,83,0,0,24,7,31,39,32,31,12,114,47,3,50,164
03/05/2020,BTV,VT,ANE,EN,Combined TRACON& Tower with Radar,38,44,26,4,112,0,1,74,12,87,38,45,100,16,199,106,2,108,307
03/06/2020,BTV,VT,ANE,EN,Combined TRACON& Tower with Radar,39,36,9,4,88,0,0,31,7,38,39,36,40,11,126,68,26,94,220
03/07/2020,BTV,VT,ANE,EN,Combined TRACON& Tower with Radar,35,30,16,6,87,0,1,48,18,67,35,31,64,24,154,84,14,98,252
03/08/2020,BTV,VT,ANE,EN,Combined TRACON& Tower with Radar,32,41,18,0,91,0,0,58,7,65,32,41,76,7,156,56,0,56,212
03/09/2020,BTV,VT,ANE,EN,Combined TRACON& Tower with Radar,39,41,18,2,100,0,4,120,5,129,39,45,138,7,229,183,0,183,412
03/10/2020,BTV,VT,ANE,EN,Combined TRACON& Tower with Radar,38,40,12,4,94,0,0,29,0,29,38,40,41,4,123,24,0,24,147
03/11/2020,BTV,VT,ANE,EN,Combined TRACON& Tower with Radar,35,43,13,18,109,0,0,63,14,77,35,43,76,32,186,132,16,148,334
03/12/2020,BTV,VT,ANE,EN,Combined TRACON& Tower with Radar,35,39,17,7,98,0,0,82,13,95,35,39,99,20,193,164,3,167,360
03/13/2020,BTV,VT,ANE,EN,Combined TRACON& Tower with Radar,36,40,9,0,85,0,2,6,1,9,36,42,15,1,94,0,0,0,94
03/14/2020,BTV,VT,ANE,EN,Combined TRACON& Tower with Radar,33,37,16,2,88,0,0,72,3,75,33,37,88,5,163,0,0,0,163
03/15/2020,BTV,VT,ANE,EN,Combined TRACON& Tower with Radar,27,40,32,0,99,0,0,43,0,43,27,40,75,0,142,54,0,54,196
03/16/2020,BTV,VT,ANE,EN,Combined TRACON& Tower with Radar,37,34,11,0,82,0,1,50,3,54,37,35,61,3,136,29,0,29,165
03/17/2020,BTV,VT,ANE,EN,Combined TRACON& Tower with Radar,36,38,9,0,83,0,2,0,9,11,36,40,9,9,94,0,6,6,100
03/18/2020,BTV,VT,ANE,EN,Combined TRACON& Tower with Radar,32,44,16,4,96,0,0,77,3,80,32,44,93,7,176,62,0,62,238
03/19/2020,BTV,VT,ANE,EN,Combined TRACON& Tower with Radar,33,44,11,3,91,0,0,12,7,19,33,44,23,10,110,30,0,30,140
03/20/2020,BTV,VT,ANE,EN,Combined TRACON& Tower with Radar,35,33,7,0,75,0,0,2,0,2,35,33,9,0,77,0,0,0,77
03/21/2020,BTV,VT,ANE,EN,Combined TRACON& Tower with Radar,25,26,4,0,55,0,0,19,1,20,25,26,23,1,75,44,0,44,119
03/22/2020,BTV,VT,ANE,EN,Combined TRACON& Tower with Radar,21,27,8,0,56,0,0,40,0,40,21,27,48,0,96,19,0,19,115
03/23/2020,BTV,VT,ANE,EN,Combined TRACON& Tower with Radar,23,25,2,0,50,0,0,7,0,7,23,25,9,0,57,0,0,0,57
03/24/2020,BTV,VT,ANE,EN,Combined TRACON& Tower with Radar,19,27,2,2,50,0,0,0,6,6,19,27,2,8,56,0,0,0,56
03/25/2020,BTV,VT,ANE,EN,Combined TRACON& Tower with Radar,16,29,5,2,52,0,0,11,0,11,16,29,16,2,63,16,2,18,81
03/26/2020,BTV,VT,ANE,EN,Combined TRACON& Tower with Radar,12,24,5,6,47,0,0,16,5,21,12,24,21,11,68,2,12,14,82
03/27/2020,BTV,VT,ANE,EN,Combined TRACON& Tower with Radar,11,25,2,0,38,0,0,12,0,12,11,25,14,0,50,2,0,2,52
03/28/2020,BTV,VT,ANE,EN,Combined TRACON& Tower with Radar,10,21,3,0,34,0,0,25,2,27,10,21,28,2,61,18,0,18,79
03/29/2020,BTV,VT,ANE,EN,Combined TRACON& Tower with Radar,8,24,2,0,34,0,0,0,0,0,8,24,2,0,34,0,0,0,34
03/30/2020,BTV,VT,ANE,EN,Combined TRACON& Tower with Radar,7,29,1,3,40,0,0,4,3,7,7,29,5,6,47,0,8,8,55
03/31/2020,BTV,VT,ANE,EN,Combined TRACON& Tower with Radar,13,27,13,13,66,0,1,17,6,24,13,28,30,19,90,15,18,33,123
04/01/2020,BTV,VT,ANE,EN,Combined TRACON& Tower with Radar,10,17,3,6,36,0,0,2,2,4,10,17,5,8,40,0,2,2,42
04/02/2020,BTV,VT,ANE,EN,Combined TRACON& Tower with Radar,12,18,3,7,40,0,0,3,0,3,12,18,6,7,43,0,0,0,43
04/03/2020,BTV,VT,ANE,EN,Combined TRACON& Tower with Radar,10,23,3,7,43,0,0,2,0,2,10,23,5,7,45,0,0,0,45
04/04/2020,BTV,VT,ANE,EN,Combined TRACON& Tower with Radar,10,18,4,6,38,0,0,10,3,13,10,18,14,9,51,16,4,20,71
04/05/2020,BTV,VT,ANE,EN,Combined TRACON& Tower with Radar,9,15,8,1,33,0,0,2,5,7,9,15,10,6,40,0,0,0,40
04/06/2020,BTV,VT,ANE,EN,Combined TRACON& Tower with Radar,10,11,4,0,25,0,0,17,1,18,10,11,21,1,43,11,0,11,54
04/07/2020,BTV,VT,ANE,EN,Combined TRACON& Tower with Radar,11,17,9,8,45,0,0,14,7,21,11,17,23,15,66,6,10,16,82
04/08/2020,BTV,VT,ANE,EN,Combined TRACON& Tower with Radar,12,16,5,9,42,0,0,9,2,11,12,16,14,11,53,0,0,0,53
04/09/2020,BTV,VT,ANE,EN,Combined TRACON& Tower with Radar,6,18,2,5,31,0,0,2,2,4,6,18,4,7,35,0,0,0,35
04/10/2020,BTV,VT,ANE,EN,Combined TRACON& Tower with Radar,11,15,5,5,36,0,0,2,0,2,11,15,7,5,38,2,0,2,40
04/11/2020,BTV,VT,ANE,EN,Combined TRACON& Tower with Radar,6,16,3,0,25,0,1,3,0,4,6,17,6,0,29,2,0,2,31
04/12/2020,BTV,VT,ANE,EN,Combined TRACON& Tower with Radar,6,11,4,0,21,0,0,15,0,15,6,11,19,0,36,4,0,4,40
04/13/2020,BTV,VT,ANE,EN,Combined TRACON& Tower with Radar,9,13,0,0,22,0,0,3,0,3,9,13,3,0,25,0,0,0,25
04/14/2020,BTV,VT,ANE,EN,Combined TRACON& Tower with Radar,7,14,2,3,26,0,0,2,10,12,7,14,4,13,38,0,0,0,38
04/15/2020,BTV,VT,ANE,EN,Combined TRACON& Tower with Radar,8,14,0,8,30,0,0,15,2,17,8,14,15,10,47,0,0,0,47
04/16/2020,BTV,VT,ANE,EN,Combined TRACON& Tower with Radar,7,15,4,4,30,0,0,4,4,8,7,15,8,8,38,0,0,0,38
04/17/2020,BTV,VT,ANE,EN,Combined TRACON& Tower with Radar,9,11,4,6,30,0,0,20,2,22,9,11,24,8,52,0,0,0,52
04/18/2020,BTV,VT,ANE,EN,Combined TRACON& Tower with Radar,5,13,6,0,24,0,0,25,0,25,5,13,31,0,49,20,0,20,69
04/19/2020,BTV,VT,ANE,EN,Combined TRACON& Tower with Radar,7,9,5,1,22,0,0,10,1,11,7,9,15,2,33,0,0,0,33
04/20/2020,BTV,VT,ANE,EN,Combined TRACON& Tower with Radar,6,10,7,3,26,0,0,16,2,18,6,10,23,5,44,23,0,23,67
04/21/2020,BTV,VT,ANE,EN,Combined TRACON& Tower with Radar,7,15,0,4,26,0,0,2,0,2,7,15,2,4,28,0,0,0,28
04/22/2020,BTV,VT,ANE,EN,Combined TRACON& Tower with Radar,9,17,4,4,34,0,1,2,4,7,9,18,6,8,41,0,0,0,41
04/23/2020,BTV,VT,ANE,EN,Combined TRACON& Tower with Radar,7,13,8,7,35,0,0,22,8,30,7,13,30,15,65,11,2,13,78
04/24/2020,BTV,VT,ANE,EN,Combined TRACON& Tower with Radar,11,14,5,5,35,0,0,11,1,12,11,14,16,6,47,2,0,2,49
04/25/2020,BTV,VT,ANE,EN,Combined TRACON& Tower with Radar,5,12,9,0,26,0,0,51,2,53,5,12,60,2,79,34,0,34,113
04/26/2020,BTV,VT,ANE,EN,Combined TRACON& Tower with Radar,7,10,1,0,18,0,0,9,0,9,7,10,10,0,27,4,0,4,31
04/27/2020,BTV,VT,ANE,EN,Combined TRACON& Tower with Radar,7,9,2,0,18,0,0,6,2,8,7,9,8,2,26,12,0,12,38
04/28/2020,BTV,VT,ANE,EN,Combined TRACON& Tower with Radar,7,8,6,6,27,0,0,18,8,26,7,8,24,14,53,0,0,0,53
04/29/2020,BTV,VT,ANE,EN,Combined TRACON& Tower with Radar,9,11,9,14,43,0,0,28,4,32,9,11,37,18,75,36,6,42,117
04/30/2020,BTV,VT,ANE,EN,Combined TRACON& Tower with Radar,7,14,5,4,30,0,0,2,0,2,7,14,7,4,32,0,0,0,32
05/01/2020,BTV,VT,ANE,EN,Combined TRACON& Tower with Radar,9,11,5,1,26,0,0,5,0,5,9,11,10,1,31,0,0,0,31
05/02/2020,BTV,VT,ANE,EN,Combined TRACON& Tower with Radar,2,11,6,9,28,0,0,23,2,25,2,11,29,11,53,0,0,0,53
05/03/2020,BTV,VT,ANE,EN,Combined TRACON& Tower with Radar,12,6,12,0,30,0,2,4,4,10,12,8,16,4,40,26,0,26,66
05/04/2020,BTV,VT,ANE,EN,Combined TRACON& Tower with Radar,15,7,11,0,33,0,0,8,0,8,15,7,19,0,41,72,0,72,113
05/05/2020,BTV,VT,ANE,EN,Combined TRACON& Tower with Radar,13,6,5,3,27,0,0,10,5,15,13,6,15,8,42,5,0,5,47
05/06/2020,BTV,VT,ANE,EN,Combined TRACON& Tower with Radar,10,8,6,4,28,0,0,36,4,40,10,8,42,8,68,67,0,67,135
05/07/2020,BTV,VT,ANE,EN,Combined TRACON& Tower with Radar,14,9,1,10,34,0,0,25,13,38,14,9,26,23,72,24,6,30,102
05/08/2020,BTV,VT,ANE,EN,Combined TRACON& Tower with Radar,16,11,12,4,43,0,0,22,3,25,16,11,34,7,68,25,0,25,93
05/09/2020,BTV,VT,ANE,EN,Combined TRACON& Tower with Radar,11,3,2,0,16,0,0,1,0,1,11,3,3,0,17,0,0,0,17
05/10/2020,BTV,VT,ANE,EN,Combined TRACON& Tower with Radar,11,6,0,0,17,0,0,2,0,2,11,6,2,0,19,0,0,0,19
05/11/2020,BTV,VT,ANE,EN,Combined TRACON& Tower with Radar,12,11,4,0,27,0,0,8,0,8,12,11,12,0,35,12,0,12,47
05/12/2020,BTV,VT,ANE,EN,Combined TRACON& Tower with Radar,12,9,1,7,29,0,1,19,3,23,12,10,20,10,52,25,16,41,93
05/13/2020,BTV,VT,ANE,EN,Combined TRACON& Tower with Radar,11,15,7,7,40,0,0,30,3,33,11,15,37,10,73,19,0,19,92
05/14/2020,BTV,VT,ANE,EN,Combined TRACON& Tower with Radar,12,14,17,7,50,0,0,37,12,49,12,14,54,19,99,29,2,31,130
05/15/2020,BTV,VT,ANE,EN,Combined TRACON& Tower with Radar,15,10,12,6,43,0,0,8,0,8,15,10,20,6,51,22,0,22,73
05/16/2020,BTV,VT,ANE,EN,Combined TRACON& Tower with Radar,11,5,8,0,24,0,0,28,2,30,11,5,36,2,54,48,0,48,102
05/17/2020,BTV,VT,ANE,EN,Combined TRACON& Tower with Radar,12,7,6,0,25,0,0,30,0,30,12,7,36,0,55,12,0,12,67
05/18/2020,BTV,VT,ANE,EN,Combined TRACON& Tower with Radar,13,12,14,5,44,0,0,33,6,39,13,12,47,11,83,28,13,41,124
05/19/2020,BTV,VT,ANE,EN,Combined TRACON& Tower with Radar,12,14,12,11,49,0,0,69,9,78,12,14,81,20,127,68,8,76,203
05/20/2020,BTV,VT,ANE,EN,Combined TRACON& Tower with Radar,12,10,12,5,39,0,0,88,15,103,12,10,100,20,142,42,0,42,184
05/21/2020,BTV,VT,ANE,EN,Combined TRACON& Tower with Radar,16,17,13,17,63,0,0,48,5,53,16,17,61,22,116,34,22,56,172
05/22/2020,BTV,VT,ANE,EN,Combined TRACON& Tower with Radar,14,15,10,2,41,0,0,77,4,81,14,15,87,6,122,45,0,45,167
05/23/2020,BTV,VT,ANE,EN,Combined TRACON& Tower with Radar,11,13,9,0,33,0,0,35,2,37,11,13,44,2,70,42,0,42,112
05/24/2020,BTV,VT,ANE,EN,Combined TRACON& Tower with Radar,12,7,5,0,24,0,0,36,1,37,12,7,41,1,61,16,0,16,77
05/25/2020,BTV,VT,ANE,EN,Combined TRACON& Tower with Radar,12,11,4,0,27,0,0,18,1,19,12,11,22,1,46,39,0,39,85
05/26/2020,BTV,VT,ANE,EN,Combined TRACON& Tower with Radar,11,8,11,5,35,0,1,75,8,84,11,9,86,13,119,61,7,68,187
05/27/2020,BTV,VT,ANE,EN,Combined TRACON& Tower with Radar,12,18,11,6,47,0,0,67,4,71,12,18,78,10,118,41,0,41,159
05/28/2020,BTV,VT,ANE,EN,Combined TRACON& Tower with Radar,16,19,21,11,67,0,0,47,9,56,16,19,68,20,123,28,28,56,179
05/29/2020,BTV,VT,ANE,EN,Combined TRACON& Tower with Radar,14,14,7,3,38,0,1,14,0,15,14,15,21,3,53,15,0,15,68
05/30/2020,BTV,VT,ANE,EN,Combined TRACON& Tower with Radar,11,13,8,6,38,0,0,24,0,24,11,13,32,6,62,19,0,19,81
05/31/2020,BTV,VT,ANE,EN,Combined TRACON& Tower with Radar,12,15,6,0,33,0,1,16,2,19,12,16,22,2,52,6,0,6,58
06/01/2020,BTV,VT,ANE,EN,Combined TRACON& Tower with Radar,13,16,13,0,42,0,0,47,0,47,13,16,60,0,89,56,1,57,146
06/02/2020,BTV,VT,ANE,EN,Combined TRACON& Tower with Radar,12,6,12,12,42,0,0,52,8,60,12,6,64,20,102,45,14,59,161
06/03/2020,BTV,VT,ANE,EN,Combined TRACON& Tower with Radar,11,12,21,13,57,0,0,10,2,12,11,12,31,15,69,29,0,29,98
06/04/2020,BTV,VT,ANE,EN,Combined TRACON& Tower with Radar,13,16,20,16,65,0,0,102,10,112,13,16,122,26,177,100,6,106,283
06/05/2020,BTV,VT,ANE,EN,Combined TRACON& Tower with Radar,12,14,27,11,64,0,0,77,4,81,12,14,104,15,145,49,26,75,220
06/06/2020,BTV,VT,ANE,EN,Combined TRACON& Tower with Radar,9,17,2,12,40,0,0,7,3,10,9,17,9,15,50,23,0,23,73
06/07/2020,BTV,VT,ANE,EN,Combined TRACON& Tower with Radar,10,14,13,0,37,0,1,38,1,40,10,15,51,1,77,39,0,39,116
06/08/2020,BTV,VT,ANE,EN,Combined TRACON& Tower with Radar,11,20,13,3,47,0,1,78,9,88,11,21,91,12,135,52,18,70,205
06/09/2020,BTV,VT,ANE,EN,Combined TRACON& Tower with Radar,11,18,15,12,56,0,0,60,16,76,11,18,75,28,132,98,7,105,237
06/10/2020,BTV,VT,ANE,EN,Combined TRACON& Tower with Radar,11,24,23,13,71,0,2,50,6,58,11,26,73,19,129,22,22,44,173
06/11/2020,BTV,VT,ANE,EN,Combined TRACON& Tower with Radar,14,19,4,7,44,0,0,21,10,31,14,19,25,17,75,4,5,9,84
06/12/2020,BTV,VT,ANE,EN,Combined TRACON& Tower with Radar,10,24,12,9,55,0,0,57,5,62,10,24,69,14,117,32,0,32,149
06/13/2020,BTV,VT,ANE,EN,Combined TRACON& Tower with Radar,9,17,9,0,35,0,0,42,6,48,9,17,51,6,83,0,0,0,83
06/14/2020,BTV,VT,ANE,EN,Combined TRACON& Tower with Radar,10,16,8,0,34,0,0,39,4,43,10,16,47,4,77,81,0,81,158
06/15/2020,BTV,VT,ANE,EN,Combined TRACON& Tower with Radar,9,17,12,2,40,0,0,140,22,162,9,17,152,24,202,0,0,0,202
06/16/2020,BTV,VT,ANE,EN,Combined TRACON& Tower with Radar,12,12,16,7,47,0,2,83,4,89,12,14,99,11,136,127,6,133,269
06/17/2020,BTV,VT,ANE,EN,Combined TRACON& Tower with Radar,10,18,10,11,49,0,3,105,6,114,10,21,115,17,163,95,2,97,260
06/18/2020,BTV,VT,ANE,EN,Combined TRACON& Tower with Radar,14,29,17,21,81,0,1,106,13,120,14,30,123,34,201,71,11,82,283
06/19/2020,BTV,VT,ANE,EN,Combined TRACON& Tower with Radar,10,26,6,8,50,0,2,88,1,91,10,28,94,9,141,70,4,74,215
06/20/2020,BTV,VT,ANE,EN,Combined TRACON& Tower with Radar,9,9,11,6,35,0,2,47,1,50,9,11,58,7,85,32,8,40,125
06/21/2020,BTV,VT,ANE,EN,Combined TRACON& Tower with Radar,10,20,3,0,33,0,0,55,2,57,10,20,58,2,90,19,0,19,109
06/22/2020,BTV,VT,ANE,EN,Combined TRACON& Tower with Radar,9,19,14,2,44,0,0,88,5,93,9,19,102,7,137,26,18,44,181
06/23/2020,BTV,VT,ANE,EN,Combined TRACON& Tower with Radar,12,14,14,16,56,0,1,52,11,64,12,15,66,27,120,61,8,69,189
06/24/2020,BTV,VT,ANE,EN,Combined TRACON& Tower with Radar,10,17,10,13,50,0,0,47,4,51,10,17,57,17,101,95,0,95,196
06/25/2020,BTV,VT,ANE,EN,Combined TRACON& Tower with Radar,14,18,24,11,67,0,1,90,14,105,14,19,114,25,172,81,25,106,278
06/26/2020,BTV,VT,ANE,EN,Combined TRACON& Tower with Radar,12,19,17,1,49,0,2,80,4,86,12,21,97,5,135,107,0,107,242
06/27/2020,BTV,VT,ANE,EN,Combined TRACON& Tower with Radar,9,19,18,0,46,0,0,38,1,39,9,19,56,1,85,26,0,26,111
06/28/2020,BTV,VT,ANE,EN,Combined TRACON& Tower with Radar,10,25,11,0,46,0,0,15,0,15,10,25,26,0,61,33,0,33,94
06/29/2020,BTV,VT,ANE,EN,Combined TRACON& Tower with Radar,11,20,30,0,61,0,0,5,0,5,11,20,35,0,66,21,0,21,87
06/30/2020,BTV,VT,ANE,EN,Combined TRACON& Tower with Radar,12,17,18,7,54,0,0,21,0,21,12,17,39,7,75,40,0,40,115
07/01/2020,BTV,VT,ANE,EN,Combined TRACON& Tower with Radar,10,18,31,7,66,0,0,15,0,15,10,18,46,7,81,60,0,60,141
07/02/2020,BTV,VT,ANE,EN,Combined TRACON& Tower with Radar,12,24,32,14,82,0,3,122,1,126,12,27,154,15,208,94,3,97,305
07/03/2020,BTV,VT,ANE,EN,Combined TRACON& Tower with Radar,13,22,24,0,59,0,2,55,1,58,13,24,79,1,117,50,0,50,167
07/04/2020,BTV,VT,ANE,EN,Combined TRACON& Tower with Radar,10,11,6,0,27,0,1,47,2,50,10,12,53,2,77,29,0,29,106
07/05/2020,BTV,VT,ANE,EN,Combined TRACON& Tower with Radar,8,18,14,0,40,0,0,55,2,57,8,18,69,2,97,41,0,41,138
07/06/2020,BTV,VT,ANE,EN,Combined TRACON& Tower with Radar,16,15,19,8,58,0,0,94,5,99,16,15,113,13,157,69,17,86,243
07/07/2020,BTV,VT,ANE,EN,Combined TRACON& Tower with Radar,16,13,16,3,48,0,0,72,5,77,16,13,88,8,125,38,0,38,163
07/08/2020,BTV,VT,ANE,EN,Combined TRACON& Tower with Radar,18,23,19,4,64,0,0,39,0,39,18,23,58,4,103,52,0,52,155
07/09/2020,BTV,VT,ANE,EN,Combined TRACON& Tower with Radar,22,25,21,4,72,0,0,105,11,116,22,25,126,15,188,107,0,107,295
07/10/2020,BTV,VT,ANE,EN,Combined TRACON& Tower with Radar,20,23,18,6,67,0,0,75,2,77,20,23,93,8,144,76,6,82,226
07/11/2020,BTV,VT,ANE,EN,Combined TRACON& Tower with Radar,21,17,5,0,43,0,0,2,0,2,21,17,7,0,45,2,0,2,47
07/12/2020,BTV,VT,ANE,EN,Combined TRACON& Tower with Radar,18,22,24,0,64,0,0,23,1,24,18,22,47,1,88,30,0,30,118
07/13/2020,BTV,VT,ANE,EN,Combined TRACON& Tower with Radar,24,30,13,0,67,0,0,46,4,50,24,30,59,4,117,119,0,119,236
07/14/2020,BTV,VT,ANE,EN,Combined TRACON& Tower with Radar,19,23,10,7,59,0,0,40,7,47,19,23,50,14,106,81,0,81,187
07/15/2020,BTV,VT,ANE,EN,Combined TRACON& Tower with Radar,18,18,38,11,85,0,0,106,4,110,18,18,144,15,195,91,20,111,306
07/16/2020,BTV,VT,ANE,EN,Combined TRACON& Tower with Radar,22,30,15,4,71,0,0,62,3,65,22,30,77,7,136,48,0,48,184
07/17/2020,BTV,VT,ANE,EN,Combined TRACON& Tower with Radar,20,23,15,10,68,0,1,35,3,39,20,24,50,13,107,39,12,51,158
07/18/2020,BTV,VT,ANE,EN,Combined TRACON& Tower with Radar,21,20,30,4,75,0,2,81,3,86,21,22,111,7,161,21,0,21,182
07/19/2020,BTV,VT,ANE,EN,Combined TRACON& Tower with Radar,16,20,14,4,54,0,1,32,10,43,16,21,46,14,97,18,0,18,115
07/20/2020,BTV,VT,ANE,EN,Combined TRACON& Tower with Radar,23,29,20,6,78,0,0,81,9,90,23,29,101,15,168,73,1,74,242
07/21/2020,BTV,VT,ANE,EN,Combined TRACON& Tower with Radar,16,15,22,6,59,0,0,92,17,109,16,15,114,23,168,99,10,109,277
07/22/2020,BTV,VT,ANE,EN,Combined TRACON& Tower with Radar,18,21,15,7,61,0,0,88,6,94,18,21,103,13,155,103,0,103,258
07/23/2020,BTV,VT,ANE,EN,Combined TRACON& Tower with Radar,22,23,16,5,66,0,1,32,2,35,22,24,48,7,101,66,0,66,167
07/24/2020,BTV,VT,ANE,EN,Combined TRACON& Tower with Radar,20,24,21,12,77,0,0,96,9,105,20,24,117,21,182,91,6,97,279
07/25/2020,BTV,VT,ANE,EN,Combined TRACON& Tower with Radar,21,15,15,0,51,0,1,55,4,60,21,16,70,4,111,45,0,45,156
07/26/2020,BTV,VT,ANE,EN,Combined TRACON& Tower with Radar,18,20,12,1,51,0,0,39,9,48,18,20,51,10,99,2,3,5,104
07/27/2020,BTV,VT,ANE,EN,Combined TRACON& Tower with Radar,21,21,22,0,64,0,0,60,4,64,21,21,82,4,128,69,0,69,197
07/28/2020,BTV,VT,ANE,EN,Combined TRACON& Tower with Radar,18,20,23,9,70,0,2,78,7,87,18,22,101,16,157,73,0,73,230
07/29/2020,BTV,VT,ANE,EN,Combined TRACON& Tower with Radar,18,21,15,10,64,0,0,102,10,112,18,21,117,20,176,88,2,90,266
07/30/2020,BTV,VT,ANE,EN,Combined TRACON& Tower with Radar,18,35,23,18,94,0,0,80,5,85,18,35,103,23,179,111,10,121,300
07/31/2020,BTV,VT,ANE,EN,Combined TRACON& Tower with Radar,19,20,36,6,81,0,1,122,4,127,19,21,158,10,208,78,0,78,286
08/01/2020,BTV,VT,ANE,EN,Combined TRACON& Tower with Radar,19,16,9,0,44,0,1,98,9,108,19,17,107,9,152,0,0,0,152
08/02/2020,BTV,VT,ANE,EN,Combined TRACON& Tower with Radar,15,18,10,1,44,0,0,30,1,31,15,18,40,2,75,0,0,0,75
08/03/2020,BTV,VT,ANE,EN,Combined TRACON& Tower with Radar,18,25,18,5,66,0,0,85,11,96,18,25,103,16,162,0,0,0,162
08/04/2020,BTV,VT,ANE,EN,Combined TRACON& Tower with Radar,14,19,10,1,44,0,0,6,0,6,14,19,16,1,50,0,0,0,50
08/05/2020,BTV,VT,ANE,EN,Combined TRACON& Tower with Radar,11,21,13,11,56,0,0,121,17,138,11,21,134,28,194,0,0,0,194
08/06/2020,BTV,VT,ANE,EN,Combined TRACON& Tower with Radar,20,23,23,19,85,0,2,150,15,167,20,25,173,34,252,145,40,185,437
08/07/2020,BTV,VT,ANE,EN,Combined TRACON& Tower with Radar,18,23,22,8,71,0,0,116,5,121,18,23,138,13,192,134,4,138,330
08/08/2020,BTV,VT,ANE,EN,Combined TRACON& Tower with Radar,17,25,20,17,79,0,0,59,7,66,17,25,79,24,145,27,4,31,176
08/09/2020,BTV,VT,ANE,EN,Combined TRACON& Tower with Radar,16,17,23,2,58,0,1,53,1,55,16,18,76,3,113,13,9,22,135
08/10/2020,BTV,VT,ANE,EN,Combined TRACON& Tower with Radar,19,21,10,2,52,0,0,69,3,72,19,21,79,5,124,53,6,59,183
08/11/2020,BTV,VT,ANE,EN,Combined TRACON& Tower with Radar,17,11,26,3,57,0,0,82,9,91,17,11,108,12,148,45,2,47,195
08/12/2020,BTV,VT,ANE,EN,Combined TRACON& Tower with Radar,16,15,38,6,75,0,0,106,6,112,16,15,144,12,187,117,10,127,314
08/13/2020,BTV,VT,ANE,EN,Combined TRACON& Tower with Radar,21,25,27,5,78,0,1,109,13,123,21,26,136,18,201,107,0,107,308
08/14/2020,BTV,VT,ANE,EN,Combined TRACON& Tower with Radar,18,27,14,4,63,0,1,98,2,101,18,28,112,6,164,71,0,71,235
08/15/2020,BTV,VT,ANE,EN,Combined TRACON& Tower with Radar,18,21,19,0,58,0,1,61,0,62,18,22,80,0,120,33,0,33,153
08/16/2020,BTV,VT,ANE,EN,Combined TRACON& Tower with Radar,17,21,23,0,61,0,1,57,5,63,17,22,80,5,124,27,0,27,151
08/17/2020,BTV,VT,ANE,EN,Combined TRACON& Tower with Radar,19,18,23,4,64,0,0,67,2,69,19,18,90,6,133,82,0,82,215
08/18/2020,BTV,VT,ANE,EN,Combined TRACON& Tower with Radar,16,15,23,2,56,0,0,63,14,77,16,15,86,16,133,67,0,67,200
08/19/2020,BTV,VT,ANE,EN,Combined TRACON& Tower with Radar,14,18,20,0,52,0,2,122,1,125,14,20,142,1,177,147,0,147,324
08/20/2020,BTV,VT,ANE,EN,Combined TRACON& Tower with Radar,20,25,28,2,75,0,1,111,10,122,20,26,139,12,197,90,0,90,287
08/21/2020,BTV,VT,ANE,EN,Combined TRACON& Tower with Radar,18,18,22,7,65,0,0,53,0,53,18,18,75,7,118,83,0,83,201
08/22/2020,BTV,VT,ANE,EN,Combined TRACON& Tower with Radar,17,26,22,6,71,0,0,28,2,30,17,26,50,8,101,34,0,34,135
08/23/2020,BTV,VT,ANE,EN,Combined TRACON& Tower with Radar,16,19,4,1,40,0,2,13,4,19,16,21,17,5,59,11,0,11,70
08/24/2020,BTV,VT,ANE,EN,Combined TRACON& Tower with Radar,19,20,20,0,59,0,0,41,0,41,19,20,61,0,100,55,0,55,155
08/25/2020,BTV,VT,ANE,EN,Combined TRACON& Tower with Radar,16,21,25,0,62,0,0,51,4,55,16,21,76,4,117,34,1,35,152
08/26/2020,BTV,VT,ANE,EN,Combined TRACON& Tower with Radar,14,20,22,16,72,0,0,280,9,289,14,20,302,25,361,0,0,0,361
08/27/2020,BTV,VT,ANE,EN,Combined TRACON& Tower with Radar,20,19,38,35,112,0,0,186,24,210,20,19,224,59,322,0,0,0,322
08/28/2020,BTV,VT,ANE,EN,Combined TRACON& Tower with Radar,16,18,25,10,69,0,0,199,6,205,16,18,224,16,274,0,0,0,274
08/29/2020,BTV,VT,ANE,EN,Combined TRACON& Tower with Radar,17,13,9,0,39,0,0,2,0,2,17,13,11,0,41,0,0,0,41
08/30/2020,BTV,VT,ANE,EN,Combined TRACON& Tower with Radar,16,28,13,0,57,0,1,46,2,49,16,29,59,2,106,0,0,0,106
08/31/2020,BTV,VT,ANE,EN,Combined TRACON& Tower with Radar,18,20,30,0,68,1,1,131,3,136,19,21,161,3,204,84,0,84,288
09/01/2020,BTV,VT,ANE,EN,Combined TRACON& Tower with Radar,16,10,27,5,58,0,0,77,7,84,16,10,104,12,142,59,8,67,209
09/02/2020,BTV,VT,ANE,EN,Combined TRACON& Tower with Radar,15,8,12,16,51,0,0,35,1,36,15,8,47,17,87,20,2,22,109
09/03/2020,BTV,VT,ANE,EN,Combined TRACON& Tower with Radar,20,24,28,17,89,0,2,154,3,159,20,26,182,20,248,122,4,126,374
09/04/2020,BTV,VT,ANE,EN,Combined TRACON& Tower with Radar,18,22,33,0,73,0,0,111,2,113,18,22,144,2,186,77,0,77,263
09/05/2020,BTV,VT,ANE,EN,Combined TRACON& Tower with Radar,12,16,14,0,42,0,0,69,3,72,12,16,83,3,114,30,0,30,144
09/06/2020,BTV,VT,ANE,EN,Combined TRACON& Tower with Radar,14,20,8,2,44,0,0,69,2,71,14,20,77,4,115,26,0,26,141
09/07/2020,BTV,VT,ANE,EN,Combined TRACON& Tower with Radar,16,22,17,0,55,0,0,12,2,14,16,22,29,2,69,17,0,17,86
09/08/2020,BTV,VT,ANE,EN,Combined TRACON& Tower with Radar,13,16,23,11,63,0,0,91,5,96,13,16,114,16,159,80,2,82,241
09/09/2020,BTV,VT,ANE,EN,Combined TRACON& Tower with Radar,16,9,22,14,61,0,0,109,3,112,16,9,131,17,173,145,2,147,320
09/10/2020,BTV,VT,ANE,EN,Combined TRACON& Tower with Radar,20,20,21,16,77,0,0,50,4,54,20,20,71,20,131,33,2,35,166
09/11/2020,BTV,VT,ANE,EN,Combined TRACON& Tower with Radar,20,18,32,7,77,0,0,80,4,84,20,18,112,11,161,122,2,124,285
09/12/2020,BTV,VT,ANE,EN,Combined TRACON& Tower with Radar,13,18,21,13,65,0,1,83,7,91,13,19,104,20,156,52,0,52,208
09/13/2020,BTV,VT,ANE,EN,Combined TRACON& Tower with Radar,18,16,15,0,49,0,0,3,0,3,18,16,18,0,52,0,0,0,52
09/14/2020,BTV,VT,ANE,EN,Combined TRACON& Tower with Radar,19,17,19,16,71,0,0,69,6,75,19,17,88,22,146,19,38,57,203
09/15/2020,BTV,VT,ANE,EN,Combined TRACON& Tower with Radar,16,12,14,9,51,0,0,110,4,114,16,12,124,13,165,89,5,94,259
09/16/2020,BTV,VT,ANE,EN,Combined TRACON& Tower with Radar,16,26,10,14,66,0,1,31,6,38,16,27,41,20,104,0,10,10,114
09/17/2020,BTV,VT,ANE,EN,Combined TRACON& Tower with Radar,21,18,20,14,73,0,0,104,9,113,21,18,124,23,186,92,0,92,278
09/18/2020,BTV,VT,ANE,EN,Combined TRACON& Tower with Radar,21,19,41,7,88,0,0,112,6,118,21,19,153,13,206,62,9,71,277
09/19/2020,BTV,VT,ANE,EN,Combined TRACON& Tower with Radar,13,11,16,0,40,0,0,89,8,97,13,11,105,8,137,58,0,58,195
09/20/2020,BTV,VT,ANE,EN,Combined TRACON& Tower with Radar,18,15,11,1,45,0,0,86,2,88,18,15,97,3,133,0,0,0,133
09/21/2020,BTV,VT,ANE,EN,Combined TRACON& Tower with Radar,19,21,26,0,66,0,0,107,4,111,19,21,133,4,177,82,0,82,259
09/22/2020,BTV,VT,ANE,EN,Combined TRACON& Tower with Radar,16,14,29,10,69,0,6,111,17,134,16,20,140,27,203,86,14,100,303
09/23/2020,BTV,VT,ANE,EN,Combined TRACON& Tower with Radar,17,16,34,11,78,0,3,179,6,188,17,19,213,17,266,0,0,0,266
09/24/2020,BTV,VT,ANE,EN,Combined TRACON& Tower with Radar,20,14,31,12,77,0,1,103,13,117,20,15,134,25,194,67,6,73,267
09/25/2020,BTV,VT,ANE,EN,Combined TRACON& Tower with Radar,22,22,34,11,89,0,0,95,3,98,22,22,129,14,187,49,2,51,238
09/26/2020,BTV,VT,ANE,EN,Combined TRACON& Tower with Radar,14,17,31,0,62,0,0,60,2,62,14,17,91,2,124,15,0,15,139
09/27/2020,BTV,VT,ANE,EN,Combined TRACON& Tower with Radar,18,16,35,2,71,0,0,18,3,21,18,16,53,5,92,13,0,13,105
09/28/2020,BTV,VT,ANE,EN,Combined TRACON& Tower with Radar,19,19,45,12,95,0,0,41,7,48,19,19,86,19,143,16,14,30,173
09/29/2020,BTV,VT,ANE,EN,Combined TRACON& Tower with Radar,16,15,15,4,50,0,0,17,2,19,16,15,32,6,69,22,0,22,91
09/30/2020,BTV,VT,ANE,EN,Combined TRACON& Tower with Radar,17,18,22,5,62,0,1,25,6,32,17,19,47,11,94,47,28,75,169
10/01/2020,BTV,VT,ANE,EN,Combined TRACON& Tower with Radar,20,23,27,0,70,0,0,120,10,130,20,23,147,10,200,121,0,121,321
10/02/2020,BTV,VT,ANE,EN,Combined TRACON& Tower with Radar,17,34,36,8,95,0,0,27,0,27,17,34,63,8,122,6,0,6,128
10/03/2020,BTV,VT,ANE,EN,Combined TRACON& Tower with Radar,12,16,20,0,48,0,0,33,2,35,12,16,53,2,83,2,0,2,85
10/04/2020,BTV,VT,ANE,EN,Combined TRACON& Tower with Radar,14,25,12,7,58,0,0,101,3,104,14,25,113,10,162,44,0,44,206
10/05/2020,BTV,VT,ANE,EN,Combined TRACON& Tower with Radar,15,21,28,8,72,0,0,109,5,114,15,21,137,13,186,54,10,64,250
10/06/2020,BTV,VT,ANE,EN,Combined TRACON& Tower with Radar,14,25,22,9,70,0,0,68,16,84,14,25,90,25,154,29,0,29,183
10/07/2020,BTV,VT,ANE,EN,Combined TRACON& Tower with Radar,15,13,15,4,47,0,0,24,4,28,15,13,39,8,75,2,1,3,78
10/08/2020,BTV,VT,ANE,EN,Combined TRACON& Tower with Radar,16,23,15,9,63,0,1,57,8,66,16,24,72,17,129,6,26,32,161
10/09/2020,BTV,VT,ANE,EN,Combined TRACON& Tower with Radar,16,29,41,0,86,0,2,160,4,166,16,31,201,4,252,93,0,93,345
10/10/2020,BTV,VT,ANE,EN,Combined TRACON& Tower with Radar,9,24,6,1,40,0,0,10,1,11,9,24,16,2,51,0,0,0,51
10/11/2020,BTV,VT,ANE,EN,Combined TRACON& Tower with Radar,14,22,22,1,59,0,0,134,1,135,14,22,156,2,194,0,0,0,194
10/12/2020,BTV,VT,ANE,EN,Combined TRACON& Tower with Radar,15,25,33,0,73,0,1,92,0,93,15,26,125,0,166,0,0,0,166
10/13/2020,BTV,VT,ANE,EN,Combined TRACON& Tower with Radar,12,13,27,4,56,0,0,8,0,8,12,13,35,4,64,9,0,9,73
10/14/2020,BTV,VT,ANE,EN,Combined TRACON& Tower with Radar,16,18,25,7,66,0,1,77,9,87,16,19,102,16,153,79,3,82,235
10/15/2020,BTV,VT,ANE,EN,Combined TRACON& Tower with Radar,15,26,19,12,72,1,1,24,13,39,16,27,43,25,111,25,4,29,140
10/16/2020,BTV,VT,ANE,EN,Combined TRACON& Tower with Radar,16,21,38,7,82,0,0,5,0,5,16,21,43,7,87,13,0,13,100
10/17/2020,BTV,VT,ANE,EN,Combined TRACON& Tower with Radar,11,25,24,3,63,0,0,64,12,76,11,25,88,15,139,13,4,17,156
10/18/2020,BTV,VT,ANE,EN,Combined TRACON& Tower with Radar,14,25,21,2,62,0,0,27,7,34,14,25,48,9,96,24,0,24,120
10/19/2020,BTV,VT,ANE,EN,Combined TRACON& Tower with Radar,15,23,18,2,58,0,0,26,2,28,15,23,44,4,86,35,0,35,121
10/20/2020,BTV,VT,ANE,EN,Combined TRACON& Tower with Radar,14,13,13,11,51,0,0,5,0,5,14,13,18,11,56,3,4,7,63
10/21/2020,BTV,VT,ANE,EN,Combined TRACON& Tower with Radar,14,13,13,11,51,0,0,17,2,19,14,13,30,13,70,38,0,38,108
10/22/2020,BTV,VT,ANE,EN,Combined TRACON& Tower with Radar,16,27,26,24,93,0,1,103,23,127,16,28,129,47,220,113,18,131,351
10/23/2020,BTV,VT,ANE,EN,Combined TRACON& Tower with Radar,16,16,21,6,59,0,2,24,5,31,16,18,45,11,90,0,0,0,90
10/24/2020,BTV,VT,ANE,EN,Combined TRACON& Tower with Radar,9,18,11,0,38,0,0,8,2,10,9,18,19,2,48,72,0,72,120
10/25/2020,BTV,VT,ANE,EN,Combined TRACON& Tower with Radar,14,22,23,0,59,0,1,75,2,78,14,23,98,2,137,75,0,75,212
10/26/2020,BTV,VT,ANE,EN,Combined TRACON& Tower with Radar,15,21,8,0,44,0,0,2,0,2,15,21,10,0,46,0,0,0,46
10/27/2020,BTV,VT,ANE,EN,Combined TRACON& Tower with Radar,13,18,15,15,61,0,0,23,7,30,13,18,38,22,91,43,0,43,134
10/28/2020,BTV,VT,ANE,EN,Combined TRACON& Tower with Radar,15,21,29,28,93,0,0,15,0,15,15,21,44,28,108,28,24,52,160
10/29/2020,BTV,VT,ANE,EN,Combined TRACON& Tower with Radar,16,24,27,6,73,0,0,35,2,37,16,24,62,8,110,133,0,133,243
10/30/2020,BTV,VT,ANE,EN,Combined TRACON& Tower with Radar,14,23,38,10,85,0,0,82,6,88,14,23,120,16,173,122,0,122,295
10/31/2020,BTV,VT,ANE,EN,Combined TRACON& Tower with Radar,7,22,25,0,54,0,0,87,3,90,7,22,112,3,144,94,0,94,238
11/01/2020,BTV,VT,ANE,EN,Combined TRACON& Tower with Radar,12,16,10,0,38,0,0,1,0,1,12,16,11,0,39,0,0,0,39
11/02/2020,BTV,VT,ANE,EN,Combined TRACON& Tower with Radar,13,16,8,0,37,0,0,8,0,8,13,16,16,0,45,0,0,0,45
11/03/2020,BTV,VT,ANE,EN,Combined TRACON& Tower with Radar,10,23,15,5,53,0,0,32,11,43,10,23,47,16,96,84,0,84,180
11/04/2020,BTV,VT,ANE,EN,Combined TRACON& Tower with Radar,10,17,16,3,46,0,0,43,11,54,10,17,59,14,100,10,0,10,110
11/05/2020,BTV,VT,ANE,EN,Combined TRACON& Tower with Radar,18,18,8,4,48,0,0,65,14,79,18,18,73,18,127,26,6,32,159
11/06/2020,BTV,VT,ANE,EN,Combined TRACON& Tower with Radar,16,16,23,0,55,0,0,147,5,152,16,16,170,5,207,0,0,0,207
11/07/2020,BTV,VT,ANE,EN,Combined TRACON& Tower with Radar,13,15,25,3,56,0,3,71,10,84,13,18,96,13,140,53,11,64,204
11/08/2020,BTV,VT,ANE,EN,Combined TRACON& Tower with Radar,16,18,21,3,58,0,1,91,5,97,16,19,112,8,155,65,4,69,224
11/09/2020,BTV,VT,ANE,EN,Combined TRACON& Tower with Radar,15,20,27,0,62,0,0,98,2,100,15,20,125,2,162,86,0,86,248
11/10/2020,BTV,VT,ANE,EN,Combined TRACON& Tower with Radar,16,16,29,16,77,0,0,86,11,97,16,16,115,27,174,66,22,88,262
11/11/2020,BTV,VT,ANE,EN,Combined TRACON& Tower with Radar,10,12,14,0,36,0,0,22,0,22,10,12,36,0,58,17,0,17,75
11/12/2020,BTV,VT,ANE,EN,Combined TRACON& Tower with Radar,17,23,26,11,77,0,0,89,12,101,17,23,115,23,178,106,4,110,288
11/13/2020,BTV,VT,ANE,EN,Combined TRACON& Tower with Radar,19,29,13,6,67,0,0,53,1,54,19,29,66,7,121,61,0,61,182
11/14/2020,BTV,VT,ANE,EN,Combined TRACON& Tower with Radar,13,23,22,1,59,0,0,49,3,52,13,23,71,4,111,84,0,84,195
11/15/2020,BTV,VT,ANE,EN,Combined TRACON& Tower with Radar,16,19,2,0,37,0,0,5,0,5,16,19,7,0,42,12,0,12,54
11/16/2020,BTV,VT,ANE,EN,Combined TRACON& Tower with Radar,15,20,11,2,48,0,0,6,0,6,15,20,17,2,54,0,0,0,54
11/17/2020,BTV,VT,ANE,EN,Combined TRACON& Tower with Radar,16,15,11,11,53,0,0,51,8,59,16,15,62,19,112,113,2,115,227
11/18/2020,BTV,VT,ANE,EN,Combined TRACON& Tower with Radar,10,21,10,10,51,0,1,48,6,55,10,22,58,16,106,58,0,58,164
11/19/2020,BTV,VT,ANE,EN,Combined TRACON& Tower with Radar,20,18,8,8,54,0,0,22,13,35,20,18,30,21,89,8,0,8,97
11/20/2020,BTV,VT,ANE,EN,Combined TRACON& Tower with Radar,18,24,24,7,73,0,0,43,1,44,18,24,67,8,117,0,0,0,117
11/21/2020,BTV,VT,ANE,EN,Combined TRACON& Tower with Radar,15,24,21,0,60,0,0,63,0,63,15,24,84,0,123,63,0,63,186
11/22/2020,BTV,VT,ANE,EN,Combined TRACON& Tower with Radar,16,22,10,0,48,0,0,68,0,68,16,22,78,0,116,56,0,56,172
11/23/2020,BTV,VT,ANE,EN,Combined TRACON& Tower with Radar,9,17,19,0,45,0,0,15,1,16,9,17,34,1,61,47,2,49,110
11/24/2020,BTV,VT,ANE,EN,Combined TRACON& Tower with Radar,18,21,20,9,68,0,0,65,8,73,18,21,85,17,141,90,0,90,231
11/25/2020,BTV,VT,ANE,EN,Combined TRACON& Tower with Radar,16,18,12,8,54,0,0,15,0,15,16,18,27,8,69,23,0,23,92
11/26/2020,BTV,VT,ANE,EN,Combined TRACON& Tower with Radar,4,11,10,0,25,0,0,0,0,0,4,11,10,0,25,6,0,6,31
11/27/2020,BTV,VT,ANE,EN,Combined TRACON& Tower with Radar,10,15,9,0,34,0,0,11,0,11,10,15,20,0,45,59,0,59,104
11/28/2020,BTV,VT,ANE,EN,Combined TRACON& Tower with Radar,15,23,5,0,43,0,0,8,2,10,15,23,13,2,53,16,0,16,69
11/29/2020,BTV,VT,ANE,EN,Combined TRACON& Tower with Radar,16,24,19,0,59,0,1,88,2,91,16,25,107,2,150,38,0,38,188
11/30/2020,BTV,VT,ANE,EN,Combined TRACON& Tower with Radar,18,26,9,0,53,0,0,25,0,25,18,26,34,0,78,23,0,23,101
12/01/2020,BTV,VT,ANE,EN,Combined TRACON& Tower with Radar,20,22,8,16,66,0,0,29,6,35,20,22,37,22,101,14,0,14,115
12/02/2020,BTV,VT,ANE,EN,Combined TRACON& Tower with Radar,13,19,12,8,52,0,0,15,0,15,13,19,27,8,67,8,11,19,86
12/03/2020,BTV,VT,ANE,EN,Combined TRACON& Tower with Radar,18,23,23,13,77,0,0,51,7,58,18,23,74,20,135,52,15,67,202
12/04/2020,BTV,VT,ANE,EN,Combined TRACON& Tower with Radar,16,24,17,8,65,0,3,44,0,47,16,27,61,8,112,0,0,0,112
12/05/2020,BTV,VT,ANE,EN,Combined TRACON& Tower with Radar,8,16,5,9,38,0,0,2,0,2,8,16,7,9,40,0,0,0,40
12/06/2020,BTV,VT,ANE,EN,Combined TRACON& Tower with Radar,17,17,8,4,46,0,0,5,2,7,17,17,13,6,53,26,0,26,79
12/07/2020,BTV,VT,ANE,EN,Combined TRACON& Tower with Radar,16,15,9,0,40,0,0,10,0,10,16,15,19,0,50,46,0,46,96
12/08/2020,BTV,VT,ANE,EN,Combined TRACON& Tower with Radar,15,20,4,7,46,0,0,5,2,7,15,20,9,9,53,16,0,16,69
12/09/2020,BTV,VT,ANE,EN,Combined TRACON& Tower with Radar,10,20,9,0,39,0,0,0,0,0,10,20,9,0,39,0,0,0,39
12/10/2020,BTV,VT,ANE,EN,Combined TRACON& Tower with Radar,18,19,11,12,60,0,0,48,15,63,18,19,59,27,123,67,0,67,190
12/11/2020,BTV,VT,ANE,EN,Combined TRACON& Tower with Radar,16,19,26,8,69,0,0,65,4,69,16,19,91,12,138,54,0,54,192
12/12/2020,BTV,VT,ANE,EN,Combined TRACON& Tower with Radar,8,17,6,1,32,0,0,18,2,20,8,17,24,3,52,73,0,73,125
12/13/2020,BTV,VT,ANE,EN,Combined TRACON& Tower with Radar,17,18,12,1,48,0,0,23,1,24,17,18,35,2,72,33,0,33,105
12/14/2020,BTV,VT,ANE,EN,Combined TRACON& Tower with Radar,15,16,13,0,44,0,0,66,0,66,15,16,79,0,110,157,0,157,267
12/15/2020,BTV,VT,ANE,EN,Combined TRACON& Tower with Radar,14,22,16,21,73,0,0,69,9,78,14,22,85,30,151,52,16,68,219
12/16/2020,BTV,VT,ANE,EN,Combined TRACON& Tower with Radar,10,17,28,14,69,0,0,86,4,90,10,17,114,18,159,64,0,64,223
12/17/2020,BTV,VT,ANE,EN,Combined TRACON& Tower with Radar,21,19,8,0,48,0,0,13,6,19,21,19,21,6,67,0,0,0,67
12/18/2020,BTV,VT,ANE,EN,Combined TRACON& Tower with Radar,19,30,26,6,81,0,0,63,0,63,19,30,89,6,144,130,0,130,274
12/19/2020,BTV,VT,ANE,EN,Combined TRACON& Tower with Radar,16,27,28,0,71,0,0,51,2,53,16,27,79,2,124,87,0,87,211
12/20/2020,BTV,VT,ANE,EN,Combined TRACON& Tower with Radar,16,20,17,0,53,0,0,14,0,14,16,20,31,0,67,35,0,35,102
12/21/2020,BTV,VT,ANE,EN,Combined TRACON& Tower with Radar,20,17,19,3,59,0,0,44,1,45,20,17,63,4,104,83,0,83,187
12/22/2020,BTV,VT,ANE,EN,Combined TRACON& Tower with Radar,19,13,15,6,53,0,0,18,5,23,19,13,33,11,76,18,1,19,95
12/23/2020,BTV,VT,ANE,EN,Combined TRACON& Tower with Radar,20,21,32,10,83,0,0,71,4,75,20,21,103,14,158,93,4,97,255
12/24/2020,BTV,VT,ANE,EN,Combined TRACON& Tower with Radar,13,13,2,0,28,0,0,13,1,14,13,13,15,1,42,2,0,2,44
12/25/2020,BTV,VT,ANE,EN,Combined TRACON& Tower with Radar,7,12,4,0,23,0,0,0,0,0,7,12,4,0,23,0,0,0,23
12/26/2020,BTV,VT,ANE,EN,Combined TRACON& Tower with Radar,14,27,9,0,50,0,1,2,0,3,14,28,11,0,53,0,0,0,53
12/27/2020,BTV,VT,ANE,EN,Combined TRACON& Tower with Radar,17,11,21,2,51,0,2,32,7,41,17,13,53,9,92,43,0,43,135
12/28/2020,BTV,VT,ANE,EN,Combined TRACON& Tower with Radar,18,23,14,0,55,0,0,9,0,9,18,23,23,0,64,0,0,0,64
12/29/2020,BTV,VT,ANE,EN,Combined TRACON& Tower with Radar,18,25,18,18,79,0,0,56,10,66,18,25,74,28,145,9,23,32,177
12/30/2020,BTV,VT,ANE,EN,Combined TRACON& Tower with Radar,19,17,9,6,51,0,0,38,4,42,19,17,47,10,93,12,2,14,107
12/31/2020,BTV,VT,ANE,EN,Combined TRACON& Tower with Radar,13,12,12,4,41,0,0,30,0,30,13,12,42,4,71,48,0,48,119
01/01/2021,BTV,VT,ANE,EN,Combined TRACON& Tower with Radar,15,15,13,0,43,0,0,47,3,50,15,15,60,3,93,33,0,33,126
01/02/2021,BTV,VT,ANE,EN,Combined TRACON& Tower with Radar,16,19,7,0,42,0,0,0,0,0,16,19,7,0,42,0,0,0,42
01/03/2021,BTV,VT,ANE,EN,Combined TRACON& Tower with Radar,17,16,18,0,51,0,0,24,0,24,17,16,42,0,75,90,0,90,165
01/04/2021,BTV,VT,ANE,EN,Combined TRACON& Tower with Radar,15,11,16,0,42,0,0,8,1,9,15,11,24,1,51,0,0,0,51
01/05/2021,BTV,VT,ANE,EN,Combined TRACON& Tower with Radar,11,14,14,0,39,0,0,2,0,2,11,14,16,0,41,0,0,0,41
01/06/2021,BTV,VT,ANE,EN,Combined TRACON& Tower with Radar,9,11,9,13,42,0,0,17,1,18,9,11,26,14,60,2,0,2,62
01/07/2021,BTV,VT,ANE,EN,Combined TRACON& Tower with Radar,12,23,4,15,54,0,0,24,5,29,12,23,28,20,83,31,8,39,122
01/08/2021,BTV,VT,ANE,EN,Combined TRACON& Tower with Radar,9,17,12,8,46,0,1,48,4,53,9,18,60,12,99,44,0,44,143
01/09/2021,BTV,VT,ANE,EN,Combined TRACON& Tower with Radar,8,18,21,13,60,0,0,79,4,83,8,18,100,17,143,90,6,96,239
01/10/2021,BTV,VT,ANE,EN,Combined TRACON& Tower with Radar,11,19,16,0,46,0,0,61,0,61,11,19,77,0,107,0,0,0,107
01/11/2021,BTV,VT,ANE,EN,Combined TRACON& Tower with Radar,7,20,14,1,42,0,0,132,6,138,7,20,146,7,180,0,0,0,180
01/12/2021,BTV,VT,ANE,EN,Combined TRACON& Tower with Radar,9,10,5,22,46,0,0,41,6,47,9,10,46,28,93,28,20,48,141
01/13/2021,BTV,VT,ANE,EN,Combined TRACON& Tower with Radar,9,13,7,10,39,0,1,51,7,59,9,14,58,17,98,62,2,64,162
01/14/2021,BTV,VT,ANE,EN,Combined TRACON& Tower with Radar,12,23,8,15,58,0,0,28,3,31,12,23,36,18,89,57,51,108,197
01/15/2021,BTV,VT,ANE,EN,Combined TRACON& Tower with Radar,12,25,28,0,65,0,0,39,3,42,12,25,67,3,107,51,0,51,158
01/16/2021,BTV,VT,ANE,EN,Combined TRACON& Tower with Radar,7,18,12,0,37,0,0,0,0,0,7,18,12,0,37,0,0,0,37
01/17/2021,BTV,VT,ANE,EN,Combined TRACON& Tower with Radar,8,14,11,0,33,0,0,6,0,6,8,14,17,0,39,0,0,0,39
01/18/2021,BTV,VT,ANE,EN,Combined TRACON& Tower with Radar,9,27,20,3,59,0,0,57,1,58,9,27,77,4,117,42,0,42,159
01/19/2021,BTV,VT,ANE,EN,Combined TRACON& Tower with Radar,9,12,11,8,40,0,0,69,11,80,9,12,80,19,120,60,15,75,195
01/20/2021,BTV,VT,ANE,EN,Combined TRACON& Tower with Radar,9,20,9,0,38,0,0,13,0,13,9,20,22,0,51,4,0,4,55
01/21/2021,BTV,VT,ANE,EN,Combined TRACON& Tower with Radar,12,22,5,0,39,0,0,6,0,6,12,22,11,0,45,5,0,5,50
01/22/2021,BTV,VT,ANE,EN,Combined TRACON& Tower with Radar,12,21,9,8,50,0,0,42,0,42,12,21,51,8,92,81,10,91,183
01/23/2021,BTV,VT,ANE,EN,Combined TRACON& Tower with Radar,7,23,5,0,35,0,0,10,0,10,7,23,15,0,45,55,0,55,100
01/24/2021,BTV,VT,ANE,EN,Combined TRACON& Tower with Radar,10,18,12,0,40,0,1,34,1,36,10,19,46,1,76,44,0,44,120
01/25/2021,BTV,VT,ANE,EN,Combined TRACON& Tower with Radar,9,19,15,0,43,0,0,76,1,77,9,19,91,1,120,139,0,139,259
01/26/2021,BTV,VT,ANE,EN,Combined TRACON& Tower with Radar,9,18,25,0,52,0,0,71,2,73,9,18,96,2,125,112,0,112,237
01/27/2021,BTV,VT,ANE,EN,Combined TRACON& Tower with Radar,9,20,8,0,37,0,0,10,0,10,9,20,18,0,47,10,0,10,57
01/28/2021,BTV,VT,ANE,EN,Combined TRACON& Tower with Radar,10,21,9,9,49,0,0,62,14,76,10,21,71,23,125,76,12,88,213
01/29/2021,BTV,VT,ANE,EN,Combined TRACON& Tower with Radar,12,23,25,1,61,0,1,34,4,39,12,24,59,5,100,55,0,55,155
01/30/2021,BTV,VT,ANE,EN,Combined TRACON& Tower with Radar,7,18,20,2,47,0,0,16,1,17,7,18,36,3,64,0,0,0,64
01/31/2021,BTV,VT,ANE,EN,Combined TRACON& Tower with Radar,9,20,27,5,61,0,0,52,1,53,9,20,79,6,114,41,0,41,155
02/01/2021,BTV,VT,ANE,EN,Combined TRACON& Tower with Radar,7,16,14,6,43,0,0,69,4,73,7,16,83,10,116,97,12,109,225
02/02/2021,BTV,VT,ANE,EN,Combined TRACON& Tower with Radar,8,10,3,0,21,0,0,0,0,0,8,10,3,0,21,0,0,0,21
02/03/2021,BTV,VT,ANE,EN,Combined TRACON& Tower with Radar,9,14,3,0,26,0,0,0,0,0,9,14,3,0,26,0,0,0,26
02/04/2021,BTV,VT,ANE,EN,Combined TRACON& Tower with Radar,12,29,21,10,72,0,4,97,12,113,12,33,118,22,185,91,4,95,280
02/05/2021,BTV,VT,ANE,EN,Combined TRACON& Tower with Radar,12,19,7,0,38,0,0,12,2,14,12,19,19,2,52,16,0,16,68
02/06/2021,BTV,VT,ANE,EN,Combined TRACON& Tower with Radar,8,18,18,19,63,0,0,34,3,37,8,18,52,22,100,49,2,51,151
02/07/2021,BTV,VT,ANE,EN,Combined TRACON& Tower with Radar,14,14,4,9,41,0,0,18,0,18,14,14,22,9,59,39,0,39,98
02/08/2021,BTV,VT,ANE,EN,Combined TRACON& Tower with Radar,9,20,26,0,55,0,1,93,6,100,9,21,119,6,155,142,0,142,297
02/09/2021,BTV,VT,ANE,EN,Combined TRACON& Tower with Radar,9,11,3,0,23,0,0,4,4,8,9,11,7,4,31,0,19,19,50
02/10/2021,BTV,VT,ANE,EN,Combined TRACON& Tower with Radar,10,16,20,24,70,0,2,83,7,92,10,18,103,31,162,102,0,102,264
02/11/2021,BTV,VT,ANE,EN,Combined TRACON& Tower with Radar,12,32,13,22,79,0,0,65,8,73,12,32,78,30,152,129,2,131,283
02/12/2021,BTV,VT,ANE,EN,Combined TRACON& Tower with Radar,10,19,16,4,49,0,0,68,1,69,10,19,84,5,118,116,4,120,238
02/13/2021,BTV,VT,ANE,EN,Combined TRACON& Tower with Radar,7,23,12,0,42,0,0,62,5,67,7,23,74,5,109,29,0,29,138
02/14/2021,BTV,VT,ANE,EN,Combined TRACON& Tower with Radar,8,20,12,0,40,0,0,7,0,7,8,20,19,0,47,22,0,22,69
02/15/2021,BTV,VT,ANE,EN,Combined TRACON& Tower with Radar,8,30,17,0,55,0,0,23,0,23,8,30,40,0,78,49,0,49,127
02/16/2021,BTV,VT,ANE,EN,Combined TRACON& Tower with Radar,9,16,4,0,29,0,0,0,0,0,9,16,4,0,29,0,0,0,29
02/17/2021,BTV,VT,ANE,EN,Combined TRACON& Tower with Radar,8,18,18,18,62,0,1,119,11,131,8,19,137,29,193,94,4,98,291
02/18/2021,BTV,VT,ANE,EN,Combined TRACON& Tower with Radar,12,11,9,20,52,0,1,103,20,124,12,12,112,40,176,213,0,213,389
02/19/2021,BTV,VT,ANE,EN,Combined TRACON& Tower with Radar,10,22,17,8,57,0,0,81,0,81,10,22,98,8,138,0,0,0,138
02/20/2021,BTV,VT,ANE,EN,Combined TRACON& Tower with Radar,7,23,11,0,41,0,0,16,2,18,7,23,27,2,59,90,0,90,149
02/21/2021,BTV,VT,ANE,EN,Combined TRACON& Tower with Radar,10,32,28,0,70,0,0,108,3,111,10,32,136,3,181,159,0,159,340
02/22/2021,BTV,VT,ANE,EN,Combined TRACON& Tower with Radar,11,24,10,2,47,0,0,22,0,22,11,24,32,2,69,0,0,0,69
02/23/2021,BTV,VT,ANE,EN,Combined TRACON& Tower with Radar,10,24,5,10,49,0,0,177,0,177,10,24,182,10,226,0,0,0,226
02/24/2021,BTV,VT,ANE,EN,Combined TRACON& Tower with Radar,10,17,17,13,57,0,4,56,6,66,10,21,73,19,123,89,0,89,212
02/25/2021,BTV,VT,ANE,EN,Combined TRACON& Tower with Radar,10,17,15,13,55,0,0,51,12,63,10,17,66,25,118,54,4,58,176
02/26/2021,BTV,VT,ANE,EN,Combined TRACON& Tower with Radar,12,24,31,9,76,0,1,137,2,140,12,25,168,11,216,194,0,194,410
02/27/2021,BTV,VT,ANE,EN,Combined TRACON& Tower with Radar,7,16,7,0,30,0,0,0,0,0,7,16,7,0,30,0,0,0,30
02/28/2021,BTV,VT,ANE,EN,Combined TRACON& Tower with Radar,10,21,24,0,55,0,0,91,2,93,10,21,115,2,148,141,0,141,289
03/01/2021,BTV,VT,ANE,EN,Combined TRACON& Tower with Radar,10,19,9,6,44,0,0,13,0,13,10,19,22,6,57,4,8,12,69
03/02/2021,BTV,VT,ANE,EN,Combined TRACON& Tower with Radar,9,28,8,7,52,0,6,66,9,81,9,34,74,16,133,88,10,98,231
03/03/2021,BTV,VT,ANE,EN,Combined TRACON& Tower with Radar,8,19,16,10,53,0,1,26,3,30,8,20,42,13,83,0,0,0,83
03/04/2021,BTV,VT,ANE,EN,Combined TRACON& Tower with Radar,12,34,17,5,68,0,3,84,20,107,12,37,101,25,175,122,0,122,297
03/05/2021,BTV,VT,ANE,EN,Combined TRACON& Tower with Radar,10,34,18,14,76,0,0,78,11,89,10,34,96,25,165,106,25,131,296
03/06/2021,BTV,VT,ANE,EN,Combined TRACON& Tower with Radar,7,27,8,10,52,0,0,49,5,54,7,27,57,15,106,64,0,64,170
03/07/2021,BTV,VT,ANE,EN,Combined TRACON& Tower with Radar,8,27,32,13,80,0,1,92,6,99,8,28,124,19,179,155,28,183,362
03/08/2021,BTV,VT,ANE,EN,Combined TRACON& Tower with Radar,11,27,27,18,83,0,0,89,11,100,11,27,116,29,183,198,60,258,441
03/09/2021,BTV,VT,ANE,EN,Combined TRACON& Tower with Radar,9,23,17,15,64,0,0,89,9,98,9,23,106,24,162,161,4,165,327
03/10/2021,BTV,VT,ANE,EN,Combined TRACON& Tower with Radar,11,22,19,12,64,0,2,76,8,86,11,24,95,20,150,84,0,84,234
03/11/2021,BTV,VT,ANE,EN,Combined TRACON& Tower with Radar,12,30,18,19,79,0,0,49,9,58,12,30,67,28,137,13,4,17,154
03/12/2021,BTV,VT,ANE,EN,Combined TRACON& Tower with Radar,10,30,9,10,59,0,1,62,4,67,10,31,71,14,126,51,2,53,179
03/13/2021,BTV,VT,ANE,EN,Combined TRACON& Tower with Radar,7,23,10,0,40,0,2,69,3,74,7,25,79,3,114,120,0,120,234
03/14/2021,BTV,VT,ANE,EN,Combined TRACON& Tower with Radar,8,33,8,0,49,0,0,4,0,4,8,33,12,0,53,0,0,0,53
03/15/2021,BTV,VT,ANE,EN,Combined TRACON& Tower with Radar,10,27,13,2,52,0,0,45,0,45,10,27,58,2,97,12,0,12,109
03/16/2021,BTV,VT,ANE,EN,Combined TRACON& Tower with Radar,11,22,25,15,73,0,0,82,3,85,11,22,107,18,158,228,6,234,392
03/17/2021,BTV,VT,ANE,EN,Combined TRACON& Tower with Radar,8,27,32,13,80,0,1,99,4,104,8,28,131,17,184,133,0,133,317
03/18/2021,BTV,VT,ANE,EN,Combined TRACON& Tower with Radar,10,26,20,15,71,0,0,20,7,27,10,26,40,22,98,67,4,71,169
03/19/2021,BTV,VT,ANE,EN,Combined TRACON& Tower with Radar,12,30,24,34,100,0,0,57,8,65,12,30,81,42,165,117,40,157,322
03/20/2021,BTV,VT,ANE,EN,Combined TRACON& Tower with Radar,7,21,18,2,48,0,0,90,1,91,7,21,108,3,139,160,0,160,299
03/21/2021,BTV,VT,ANE,EN,Combined TRACON& Tower with Radar,8,24,33,0,65,0,1,98,3,102,8,25,131,3,167,60,0,60,227
03/22/2021,BTV,VT,ANE,EN,Combined TRACON& Tower with Radar,11,26,23,8,68,0,1,93,2,96,11,27,116,10,164,106,6,112,276
03/23/2021,BTV,VT,ANE,EN,Combined TRACON& Tower with Radar,8,21,27,14,70,0,0,107,14,121,8,21,134,28,191,123,9,132,323
03/24/2021,BTV,VT,ANE,EN,Combined TRACON& Tower with Radar,8,19,18,15,60,0,0,71,9,80,8,19,89,24,140,99,12,111,251
03/25/2021,BTV,VT,ANE,EN,Combined TRACON& Tower with Radar,9,28,18,22,77,0,1,55,12,68,9,29,73,34,145,53,42,95,240
03/26/2021,BTV,VT,ANE,EN,Combined TRACON& Tower with Radar,12,36,20,0,68,0,0,2,0,2,12,36,22,0,70,0,0,0,70
03/27/2021,BTV,VT,ANE,EN,Combined TRACON& Tower with Radar,6,23,19,0,48,0,0,71,2,73,6,23,90,2,121,164,0,164,285
03/28/2021,BTV,VT,ANE,EN,Combined TRACON& Tower with Radar,10,27,16,0,53,0,0,0,1,1,10,27,16,1,54,2,0,2,56
03/29/2021,BTV,VT,ANE,EN,Combined TRACON& Tower with Radar,13,25,14,0,52,0,1,21,1,23,13,26,35,1,75,24,0,24,99
03/30/2021,BTV,VT,ANE,EN,Combined TRACON& Tower with Radar,12,29,18,8,67,0,2,74,10,86,12,31,92,18,153,26,2,28,181
03/31/2021,BTV,VT,ANE,EN,Combined TRACON& Tower with Radar,12,25,7,7,51,0,0,45,3,48,12,25,52,10,99,24,0,24,123
04/01/2021,BTV,VT,ANE,EN,Combined TRACON& Tower with Radar,14,28,6,4,52,0,0,2,4,6,14,28,8,8,58,0,0,0,58
04/02/2021,BTV,VT,ANE,EN,Combined TRACON& Tower with Radar,16,27,20,9,72,0,1,73,5,79,16,28,93,14,151,137,0,137,288
04/03/2021,BTV,VT,ANE,EN,Combined TRACON& Tower with Radar,7,21,21,0,49,0,1,200,3,204,7,22,221,3,253,0,0,0,253
04/04/2021,BTV,VT,ANE,EN,Combined TRACON& Tower with Radar,11,30,26,2,69,0,2,88,3,93,11,32,114,5,162,0,0,0,162
04/05/2021,BTV,VT,ANE,EN,Combined TRACON& Tower with Radar,11,28,17,2,58,0,0,56,8,64,11,28,73,10,122,52,0,52,174
04/06/2021,BTV,VT,ANE,EN,Combined TRACON& Tower with Radar,9,16,38,16,79,0,0,104,13,117,9,16,142,29,196,143,21,164,360
04/07/2021,BTV,VT,ANE,EN,Combined TRACON& Tower with Radar,11,21,25,11,68,0,0,117,17,134,11,21,142,28,202,211,14,225,427
04/08/2021,BTV,VT,ANE,EN,Combined TRACON& Tower with Radar,14,28,21,17,80,0,0,138,20,158,14,28,159,37,238,108,8,116,354
04/09/2021,BTV,VT,ANE,EN,Combined TRACON& Tower with Radar,12,27,35,7,81,0,0,102,7,109,12,27,137,14,190,44,4,48,238
04/10/2021,BTV,VT,ANE,EN,Combined TRACON& Tower with Radar,7,25,33,8,73,0,0,86,8,94,7,25,119,16,167,115,6,121,288
04/11/2021,BTV,VT,ANE,EN,Combined TRACON& Tower with Radar,10,24,12,4,50,0,0,30,7,37,10,24,42,11,87,33,0,33,120
04/12/2021,BTV,VT,ANE,EN,Combined TRACON& Tower with Radar,12,24,32,10,78,0,0,70,7,77,12,24,102,17,155,116,35,151,306
04/13/2021,BTV,VT,ANE,EN,Combined TRACON& Tower with Radar,8,20,33,12,73,0,0,92,14,106,8,20,125,26,179,264,3,267,446
04/14/2021,BTV,VT,ANE,EN,Combined TRACON& Tower with Radar,8,23,47,7,85,0,0,109,5,114,8,23,156,12,199,206,2,208,407
04/15/2021,BTV,VT,ANE,EN,Combined TRACON& Tower with Radar,13,31,12,10,66,0,0,6,0,6,13,31,18,10,72,34,0,34,106
04/16/2021,BTV,VT,ANE,EN,Combined TRACON& Tower with Radar,15,35,18,0,68,0,0,0,0,0,15,35,18,0,68,2,0,2,70
04/17/2021,BTV,VT,ANE,EN,Combined TRACON& Tower with Radar,8,24,17,0,49,0,0,10,4,14,8,24,27,4,63,39,0,39,102
04/18/2021,BTV,VT,ANE,EN,Combined TRACON& Tower with Radar,10,27,27,6,70,0,0,47,1,48,10,27,74,7,118,99,6,105,223
04/19/2021,BTV,VT,ANE,EN,Combined TRACON& Tower with Radar,11,23,23,7,64,0,0,80,14,94,11,23,103,21,158,137,4,141,299
04/20/2021,BTV,VT,ANE,EN,Combined TRACON& Tower with Radar,8,24,16,12,60,0,0,65,10,75,8,24,81,22,135,91,4,95,230
04/21/2021,BTV,VT,ANE,EN,Combined TRACON& Tower with Radar,8,21,9,2,40,0,0,2,0,2,8,21,11,2,42,0,0,0,42
04/22/2021,BTV,VT,ANE,EN,Combined TRACON& Tower with Radar,12,39,25,16,92,0,0,19,4,23,12,39,44,20,115,17,3,20,135
04/23/2021,BTV,VT,ANE,EN,Combined TRACON& Tower with Radar,12,26,23,8,69,0,1,54,10,65,12,27,77,18,134,107,0,107,241
04/24/2021,BTV,VT,ANE,EN,Combined TRACON& Tower with Radar,7,24,22,0,53,0,0,85,1,86,7,24,107,1,139,115,0,115,254
04/25/2021,BTV,VT,ANE,EN,Combined TRACON& Tower with Radar,11,30,19,0,60,0,0,10,2,12,11,30,29,2,72,47,0,47,119
04/26/2021,BTV,VT,ANE,EN,Combined TRACON& Tower with Radar,12,24,16,2,54,0,0,65,3,68,12,24,81,5,122,140,2,142,264
04/27/2021,BTV,VT,ANE,EN,Combined TRACON& Tower with Radar,8,26,38,18,90,0,1,133,19,153,8,27,171,37,243,280,18,298,541
04/28/2021,BTV,VT,ANE,EN,Combined TRACON& Tower with Radar,10,28,30,11,79,0,0,55,5,60,10,28,85,16,139,208,0,208,347
04/29/2021,BTV,VT,ANE,EN,Combined TRACON& Tower with Radar,14,31,40,2,87,0,0,3,2,5,14,31,43,4,92,8,0,8,100
04/30/2021,BTV,VT,ANE,EN,Combined TRACON& Tower with Radar,12,44,12,12,80,0,0,3,0,3,12,44,15,12,83,43,0,43,126
05/01/2021,BTV,VT,ANE,EN,Combined TRACON& Tower with Radar,7,29,23,8,67,0,1,69,4,74,7,30,92,12,141,212,0,212,353
05/02/2021,BTV,VT,ANE,EN,Combined TRACON& Tower with Radar,10,30,32,0,72,0,0,51,2,53,10,30,83,2,125,153,0,153,278
05/03/2021,BTV,VT,ANE,EN,Combined TRACON& Tower with Radar,11,27,15,5,58,0,0,57,7,64,11,27,72,12,122,216,4,220,342
05/04/2021,BTV,VT,ANE,EN,Combined TRACON& Tower with Radar,8,32,33,17,90,0,0,29,3,32,8,32,62,20,122,164,10,174,296
05/05/2021,BTV,VT,ANE,EN,Combined TRACON& Tower with Radar,11,23,7,7,48,0,0,0,0,0,11,23,7,7,48,50,0,50,98
05/06/2021,BTV,VT,ANE,EN,Combined TRACON& Tower with Radar,14,41,29,12,96,0,3,81,10,94,14,44,110,22,190,181,4,185,375
05/07/2021,BTV,VT,ANE,EN,Combined TRACON& Tower with Radar,19,35,22,10,86,0,0,118,7,125,19,35,140,17,211,168,0,168,379
05/08/2021,BTV,VT,ANE,EN,Combined TRACON& Tower with Radar,18,29,35,0,82,0,0,45,7,52,18,29,80,7,134,111,0,111,245
05/09/2021,BTV,VT,ANE,EN,Combined TRACON& Tower with Radar,14,26,11,0,51,0,0,59,1,60,14,26,70,1,111,77,0,77,188
05/10/2021,BTV,VT,ANE,EN,Combined TRACON& Tower with Radar,16,27,26,9,78,0,1,73,8,82,16,28,99,17,160,166,23,189,349
05/11/2021,BTV,VT,ANE,EN,Combined TRACON& Tower with Radar,13,30,19,8,70,0,0,69,12,81,13,30,88,20,151,111,6,117,268
05/12/2021,BTV,VT,ANE,EN,Combined TRACON& Tower with Radar,14,37,23,9,83,0,2,67,13,82,14,39,90,22,165,126,2,128,293
05/13/2021,BTV,VT,ANE,EN,Combined TRACON& Tower with Radar,17,31,24,14,86,0,1,151,25,177,17,32,175,39,263,139,4,143,406
05/14/2021,BTV,VT,ANE,EN,Combined TRACON& Tower with Radar,19,39,25,9,92,0,1,109,4,114,19,40,134,13,206,202,0,202,408
05/15/2021,BTV,VT,ANE,EN,Combined TRACON& Tower with Radar,19,33,24,5,81,0,0,95,16,111,19,33,119,21,192,168,12,180,372
05/16/2021,BTV,VT,ANE,EN,Combined TRACON& Tower with Radar,18,35,25,0,78,0,0,169,3,172,18,35,194,3,250,0,0,0,250
05/17/2021,BTV,VT,ANE,EN,Combined TRACON& Tower with Radar,17,36,13,1,67,0,1,86,16,103,17,37,99,17,170,207,5,212,382
05/18/2021,BTV,VT,ANE,EN,Combined TRACON& Tower with Radar,15,26,16,18,75,0,1,93,18,112,15,27,109,36,187,241,8,249,436
05/19/2021,BTV,VT,ANE,EN,Combined TRACON& Tower with Radar,15,31,20,29,95,0,2,92,18,112,15,33,112,47,207,175,18,193,400
05/20/2021,BTV,VT,ANE,EN,Combined TRACON& Tower with Radar,16,34,27,18,95,0,2,138,16,156,16,36,165,34,251,179,18,197,448
05/21/2021,BTV,VT,ANE,EN,Combined TRACON& Tower with Radar,18,39,27,5,89,0,0,71,9,80,18,39,98,14,169,89,0,89,258
05/22/2021,BTV,VT,ANE,EN,Combined TRACON& Tower with Radar,17,28,15,0,60,0,4,38,3,45,17,32,53,3,105,75,11,86,191
05/23/2021,BTV,VT,ANE,EN,Combined TRACON& Tower with Radar,14,30,34,9,87,0,0,12,6,18,14,30,46,15,105,37,0,37,142
05/24/2021,BTV,VT,ANE,EN,Combined TRACON& Tower with Radar,16,34,30,15,95,0,4,124,33,161,16,38,154,48,256,155,3,158,414
05/25/2021,BTV,VT,ANE,EN,Combined TRACON& Tower with Radar,15,37,9,23,84,0,2,54,37,93,15,39,63,60,177,106,12,118,295
05/26/2021,BTV,VT,ANE,EN,Combined TRACON& Tower with Radar,15,34,13,10,72,0,0,48,19,67,15,34,61,29,139,78,0,78,217
05/27/2021,BTV,VT,ANE,EN,Combined TRACON& Tower with Radar,16,38,24,20,98,0,1,98,11,110,16,39,122,31,208,144,63,207,415
05/28/2021,BTV,VT,ANE,EN,Combined TRACON& Tower with Radar,18,50,27,6,101,0,1,97,7,105,18,51,124,13,206,251,0,251,457
05/29/2021,BTV,VT,ANE,EN,Combined TRACON& Tower with Radar,18,41,18,0,77,0,0,149,1,150,18,41,167,1,227,0,0,0,227
05/30/2021,BTV,VT,ANE,EN,Combined TRACON& Tower with Radar,12,26,23,0,61,0,0,32,1,33,12,26,55,1,94,152,0,152,246
05/31/2021,BTV,VT,ANE,EN,Combined TRACON& Tower with Radar,15,35,27,0,77,0,0,22,0,22,15,35,49,0,99,75,0,75,174
06/01/2021,BTV,VT,ANE,EN,Combined TRACON& Tower with Radar,16,33,22,17,88,0,0,113,20,133,16,33,135,37,221,168,54,222,443
06/02/2021,BTV,VT,ANE,EN,Combined TRACON& Tower with Radar,15,27,20,15,77,0,2,112,10,124,15,29,132,25,201,203,20,223,424
06/03/2021,BTV,VT,ANE,EN,Combined TRACON& Tower with Radar,24,28,24,14,90,0,1,45,4,50,24,29,69,18,140,59,0,59,199
06/04/2021,BTV,VT,ANE,EN,Combined TRACON& Tower with Radar,32,35,31,6,104,0,1,101,2,104,32,36,132,8,208,179,0,179,387
06/05/2021,BTV,VT,ANE,EN,Combined TRACON& Tower with Radar,33,26,12,11,82,0,0,54,0,54,33,26,66,11,136,47,0,47,183
06/06/2021,BTV,VT,ANE,EN,Combined TRACON& Tower with Radar,34,24,16,3,77,0,1,83,5,89,34,25,99,8,166,100,0,100,266
06/07/2021,BTV,VT,ANE,EN,Combined TRACON& Tower with Radar,33,20,28,11,92,0,1,89,6,96,33,21,117,17,188,146,28,174,362
06/08/2021,BTV,VT,ANE,EN,Combined TRACON& Tower with Radar,27,31,20,13,91,0,0,68,4,72,27,31,88,17,163,163,20,183,346
06/09/2021,BTV,VT,ANE,EN,Combined TRACON& Tower with Radar,29,27,27,31,114,0,2,114,6,122,29,29,141,37,236,230,6,236,472
06/10/2021,BTV,VT,ANE,EN,Combined TRACON& Tower with Radar,30,25,22,22,99,0,0,139,16,155,30,25,161,38,254,212,22,234,488
06/11/2021,BTV,VT,ANE,EN,Combined TRACON& Tower with Radar,32,36,41,3,112,0,0,108,4,112,32,36,149,7,224,178,0,178,402
06/12/2021,BTV,VT,ANE,EN,Combined TRACON& Tower with Radar,32,21,25,2,80,0,0,85,1,86,32,21,110,3,166,108,0,108,274
06/13/2021,BTV,VT,ANE,EN,Combined TRACON& Tower with Radar,31,19,37,1,88,0,0,84,1,85,31,19,121,2,173,211,0,211,384
06/14/2021,BTV,VT,ANE,EN,Combined TRACON& Tower with Radar,33,22,12,4,71,0,0,166,1,167,33,22,178,5,238,0,0,0,238
06/15/2021,BTV,VT,ANE,EN,Combined TRACON& Tower with Radar,30,29,30,7,96,0,0,65,1,66,30,29,95,8,162,158,0,158,320
06/16/2021,BTV,VT,ANE,EN,Combined TRACON& Tower with Radar,32,22,24,13,91,0,2,163,13,178,32,24,187,26,269,278,12,290,559
06/17/2021,BTV,VT,ANE,EN,Combined TRACON& Tower with Radar,33,42,37,27,139,0,3,177,11,191,33,45,214,38,330,308,10,318,648
06/18/2021,BTV,VT,ANE,EN,Combined TRACON& Tower with Radar,37,32,32,8,109,0,2,129,5,136,37,34,161,13,245,195,9,204,449
06/19/2021,BTV,VT,ANE,EN,Combined TRACON& Tower with Radar,35,25,26,0,86,0,2,61,1,64,35,27,87,1,150,105,0,105,255
06/20/2021,BTV,VT,ANE,EN,Combined TRACON& Tower with Radar,30,27,22,2,81,0,5,86,7,98,30,32,108,9,179,153,0,153,332
06/21/2021,BTV,VT,ANE,EN,Combined TRACON& Tower with Radar,33,27,32,3,95,0,0,32,4,36,33,27,64,7,131,23,0,23,154
06/22/2021,BTV,VT,ANE,EN,Combined TRACON& Tower with Radar,30,29,22,3,84,0,0,88,4,92,30,29,110,7,176,161,9,170,346
06/23/2021,BTV,VT,ANE,EN,Combined TRACON& Tower with Radar,32,36,32,17,117,0,2,153,11,166,32,38,185,28,283,161,14,175,458
06/24/2021,BTV,VT,ANE,EN,Combined TRACON& Tower with Radar,31,25,23,23,102,0,0,99,19,118,31,25,122,42,220,177,0,177,397
06/25/2021,BTV,VT,ANE,EN,Combined TRACON& Tower with Radar,33,28,37,10,108,0,0,121,5,126,33,28,158,15,234,111,2,113,347
06/26/2021,BTV,VT,ANE,EN,Combined TRACON& Tower with Radar,31,26,26,6,89,0,0,23,2,25,31,26,49,8,114,10,4,14,128
06/27/2021,BTV,VT,ANE,EN,Combined TRACON& Tower with Radar,30,24,18,4,76,0,0,21,5,26,30,24,39,9,102,2,0,2,104
06/28/2021,BTV,VT,ANE,EN,Combined TRACON& Tower with Radar,33,28,30,9,100,0,0,72,6,78,33,28,102,15,178,181,6,187,365
06/29/2021,BTV,VT,ANE,EN,Combined TRACON& Tower with Radar,29,32,23,14,98,0,0,118,11,129,29,32,141,25,227,154,19,173,400
06/30/2021,BTV,VT,ANE,EN,Combined TRACON& Tower with Radar,36,27,17,11,91,0,2,78,1,81,36,29,95,12,172,138,0,138,310
07/01/2021,BTV,VT,ANE,EN,Combined TRACON& Tower with Radar,34,26,56,3,119,0,0,116,18,134,34,26,172,21,253,77,2,79,332
07/02/2021,BTV,VT,ANE,EN,Combined TRACON& Tower with Radar,39,36,52,0,127,0,0,1,0,1,39,36,53,0,128,0,0,0,128
07/03/2021,BTV,VT,ANE,EN,Combined TRACON& Tower with Radar,42,21,8,0,71,0,0,0,0,0,42,21,8,0,71,0,0,0,71
07/04/2021,BTV,VT,ANE,EN,Combined TRACON& Tower with Radar,30,16,18,2,66,0,0,29,1,30,30,16,47,3,96,18,4,22,118
07/05/2021,BTV,VT,ANE,EN,Combined TRACON& Tower with Radar,40,27,42,1,110,0,1,112,2,115,40,28,154,3,225,119,0,119,344
07/06/2021,BTV,VT,ANE,EN,Combined TRACON& Tower with Radar,35,27,26,21,109,0,4,69,9,82,35,31,95,30,191,134,28,162,353
07/07/2021,BTV,VT,ANE,EN,Combined TRACON& Tower with Radar,40,20,28,18,106,0,3,131,5,139,40,23,159,23,245,171,3,174,419
07/08/2021,BTV,VT,ANE,EN,Combined TRACON& Tower with Radar,40,23,18,8,89,0,1,56,5,62,40,24,74,13,151,145,0,145,296
07/09/2021,BTV,VT,ANE,EN,Combined TRACON& Tower with Radar,41,18,32,2,93,0,0,36,0,36,41,18,68,2,129,47,0,47,176
07/10/2021,BTV,VT,ANE,EN,Combined TRACON& Tower with Radar,42,23,28,0,93,0,0,106,2,108,42,23,134,2,201,68,0,68,269
07/11/2021,BTV,VT,ANE,EN,Combined TRACON& Tower with Radar,43,26,35,2,106,0,0,90,1,91,43,26,125,3,197,81,2,83,280
07/12/2021,BTV,VT,ANE,EN,Combined TRACON& Tower with Radar,40,18,22,17,97,0,0,114,9,123,40,18,136,26,220,180,32,212,432
07/13/2021,BTV,VT,ANE,EN,Combined TRACON& Tower with Radar,43,13,19,8,83,0,0,49,1,50,43,13,68,9,133,157,25,182,315
07/14/2021,BTV,VT,ANE,EN,Combined TRACON& Tower with Radar,44,23,31,7,105,0,0,61,1,62,44,23,92,8,167,62,10,72,239
07/15/2021,BTV,VT,ANE,EN,Combined TRACON& Tower with Radar,41,26,30,7,104,0,2,124,15,141,41,28,154,22,245,82,16,98,343
07/16/2021,BTV,VT,ANE,EN,Combined TRACON& Tower with Radar,41,33,24,2,100,0,0,124,9,133,41,33,148,11,233,137,0,137,370
07/17/2021,BTV,VT,ANE,EN,Combined TRACON& Tower with Radar,39,24,27,1,91,0,0,41,0,41,39,24,68,1,132,25,0,25,157
07/18/2021,BTV,VT,ANE,EN,Combined TRACON& Tower with Radar,36,21,33,1,91,0,0,2,0,2,36,21,35,1,93,95,0,95,188
07/19/2021,BTV,VT,ANE,EN,Combined TRACON& Tower with Radar,40,19,34,2,95,0,0,65,2,67,40,19,99,4,162,110,0,110,272
07/20/2021,BTV,VT,ANE,EN,Combined TRACON& Tower with Radar,41,20,16,1,78,0,1,31,1,33,41,21,47,2,111,161,0,161,272
07/21/2021,BTV,VT,ANE,EN,Combined TRACON& Tower with Radar,40,27,29,10,106,0,0,39,3,42,40,27,68,13,148,101,6,107,255
07/22/2021,BTV,VT,ANE,EN,Combined TRACON& Tower with Radar,40,23,40,10,113,0,1,139,12,152,40,24,179,22,265,202,29,231,496
07/23/2021,BTV,VT,ANE,EN,Combined TRACON& Tower with Radar,43,29,23,3,98,0,2,141,3,146,43,31,164,6,244,133,0,133,377
07/24/2021,BTV,VT,ANE,EN,Combined TRACON& Tower with Radar,42,31,25,1,99,0,1,85,2,88,42,32,110,3,187,84,0,84,271
07/25/2021,BTV,VT,ANE,EN,Combined TRACON& Tower with Radar,42,27,34,0,103,0,1,15,2,18,42,28,49,2,121,20,0,20,141
07/26/2021,BTV,VT,ANE,EN,Combined TRACON& Tower with Radar,39,24,21,3,87,0,2,44,5,51,39,26,65,8,138,78,1,79,217
07/27/2021,BTV,VT,ANE,EN,Combined TRACON& Tower with Radar,41,20,16,6,83,0,0,56,4,60,41,20,72,10,143,82,2,84,227
07/28/2021,BTV,VT,ANE,EN,Combined TRACON& Tower with Radar,39,30,37,6,112,0,2,105,4,111,39,32,142,10,223,137,0,137,360
07/29/2021,BTV,VT,ANE,EN,Combined TRACON& Tower with Radar,40,23,20,5,88,0,2,53,6,61,40,25,73,11,149,156,8,164,313
07/30/2021,BTV,VT,ANE,EN,Combined TRACON& Tower with Radar,43,18,30,7,98,0,0,35,3,38,43,18,65,10,136,104,3,107,243
07/31/2021,BTV,VT,ANE,EN,Combined TRACON& Tower with Radar,45,21,22,0,88,0,3,79,8,90,45,24,101,8,178,38,4,42,220
08/01/2021,BTV,VT,ANE,EN,Combined TRACON& Tower with Radar,38,24,18,0,80,0,0,5,0,5,38,24,23,0,85,32,0,32,117
08/02/2021,BTV,VT,ANE,EN,Combined TRACON& Tower with Radar,39,25,37,2,103,0,1,85,5,91,39,26,122,7,194,100,0,100,294
08/03/2021,BTV,VT,ANE,EN,Combined TRACON& Tower with Radar,38,19,27,13,97,0,2,113,12,127,38,21,140,25,224,146,9,155,379
08/04/2021,BTV,VT,ANE,EN,Combined TRACON& Tower with Radar,40,19,39,7,105,0,0,109,1,110,40,19,148,8,215,77,2,79,294
08/05/2021,BTV,VT,ANE,EN,Combined TRACON& Tower with Radar,43,34,46,1,124,0,2,143,13,158,43,36,189,14,282,116,6,122,404
08/06/2021,BTV,VT,ANE,EN,Combined TRACON& Tower with Radar,43,22,63,4,132,0,3,129,4,136,43,25,192,8,268,167,0,167,435
08/07/2021,BTV,VT,ANE,EN,Combined TRACON& Tower with Radar,44,32,33,2,111,0,1,89,4,94,44,33,122,6,205,55,1,56,261
08/08/2021,BTV,VT,ANE,EN,Combined TRACON& Tower with Radar,43,21,89,1,154,0,1,41,0,42,43,22,130,1,196,35,0,35,231
08/09/2021,BTV,VT,ANE,EN,Combined TRACON& Tower with Radar,40,24,41,1,106,0,0,61,2,63,40,24,102,3,169,52,0,52,221
08/10/2021,BTV,VT,ANE,EN,Combined TRACON& Tower with Radar,38,27,26,6,97,0,0,90,9,99,38,27,116,15,196,176,5,181,377
08/11/2021,BTV,VT,ANE,EN,Combined TRACON& Tower with Radar,35,28,26,2,91,0,0,75,5,80,35,28,101,7,171,131,4,135,306
08/12/2021,BTV,VT,ANE,EN,Combined TRACON& Tower with Radar,40,26,27,5,98,0,0,78,11,89,40,26,105,16,187,112,2,114,301
08/13/2021,BTV,VT,ANE,EN,Combined TRACON& Tower with Radar,40,21,32,10,103,0,4,100,3,107,40,25,132,13,210,146,18,164,374
08/14/2021,BTV,VT,ANE,EN,Combined TRACON& Tower with Radar,42,29,16,0,87,0,0,47,2,49,42,29,63,2,136,64,0,64,200
08/15/2021,BTV,VT,ANE,EN,Combined TRACON& Tower with Radar,40,26,33,0,99,0,4,76,1,81,40,30,109,1,180,29,0,29,209
08/16/2021,BTV,VT,ANE,EN,Combined TRACON& Tower with Radar,39,29,36,10,114,0,2,104,7,113,39,31,140,17,227,143,11,154,381
08/17/2021,BTV,VT,ANE,EN,Combined TRACON& Tower with Radar,35,24,31,17,107,0,0,36,2,38,35,24,67,19,145,92,10,102,247
08/18/2021,BTV,VT,ANE,EN,Combined TRACON& Tower with Radar,36,36,48,11,131,0,0,30,3,33,36,36,78,14,164,47,0,47,211
08/19/2021,BTV,VT,ANE,EN,Combined TRACON& Tower with Radar,38,36,23,6,103,0,0,4,0,4,38,36,27,6,107,4,0,4,111
08/20/2021,BTV,VT,ANE,EN,Combined TRACON& Tower with Radar,39,26,30,12,107,0,0,126,2,128,39,26,156,14,235,113,0,113,348
08/21/2021,BTV,VT,ANE,EN,Combined TRACON& Tower with Radar,38,27,16,2,83,0,0,61,2,63,38,27,77,4,146,95,0,95,241
08/22/2021,BTV,VT,ANE,EN,Combined TRACON& Tower with Radar,40,25,25,0,90,0,0,64,7,71,40,25,89,7,161,0,0,0,161
08/23/2021,BTV,VT,ANE,EN,Combined TRACON& Tower with Radar,41,22,11,3,77,0,3,184,7,194,41,25,195,10,271,0,0,0,271
08/24/2021,BTV,VT,ANE,EN,Combined TRACON& Tower with Radar,34,30,23,17,104,0,1,98,9,108,34,31,121,26,212,94,0,94,306
08/25/2021,BTV,VT,ANE,EN,Combined TRACON& Tower with Radar,37,24,23,17,101,0,4,92,3,99,37,28,115,20,200,72,12,84,284
08/26/2021,BTV,VT,ANE,EN,Combined TRACON& Tower with Radar,38,30,21,21,110,0,1,128,23,152,38,31,149,44,262,101,17,118,380
08/27/2021,BTV,VT,ANE,EN,Combined TRACON& Tower with Radar,38,28,33,10,109,0,6,143,1,150,38,34,176,11,259,96,0,96,355
08/28/2021,BTV,VT,ANE,EN,Combined TRACON& Tower with Radar,39,24,11,2,76,0,1,68,1,70,39,25,79,3,146,62,0,62,208
08/29/2021,BTV,VT,ANE,EN,Combined TRACON& Tower with Radar,45,28,23,0,96,0,0,16,0,16,45,28,39,0,112,1,0,1,113
08/30/2021,BTV,VT,ANE,EN,Combined TRACON& Tower with Radar,43,22,28,3,96,0,1,59,9,69,43,23,87,12,165,76,0,76,241
08/31/2021,BTV,VT,ANE,EN,Combined TRACON& Tower with Radar,36,26,42,15,119,0,2,111,17,130,36,28,153,32,249,99,32,131,380
09/01/2021,BTV,VT,ANE,EN,Combined TRACON& Tower with Radar,35,27,35,19,116,0,0,103,9,112,35,27,138,28,228,104,8,112,340
09/02/2021,BTV,VT,ANE,EN,Combined TRACON& Tower with Radar,37,37,34,16,124,0,0,94,6,100,37,37,128,22,224,96,8,104,328
09/03/2021,BTV,VT,ANE,EN,Combined TRACON& Tower with Radar,42,22,40,2,106,0,1,77,4,82,42,23,117,6,188,166,0,166,354
09/04/2021,BTV,VT,ANE,EN,Combined TRACON& Tower with Radar,41,22,29,0,92,0,4,108,3,115,41,26,137,3,207,0,0,0,207
09/05/2021,BTV,VT,ANE,EN,Combined TRACON& Tower with Radar,38,22,21,1,82,0,1,16,2,19,38,23,37,3,101,26,0,26,127
09/06/2021,BTV,VT,ANE,EN,Combined TRACON& Tower with Radar,39,32,21,0,92,0,0,55,3,58,39,32,76,3,150,0,0,0,150
09/07/2021,BTV,VT,ANE,EN,Combined TRACON& Tower with Radar,33,24,26,11,94,0,0,110,12,122,33,24,136,23,216,104,8,112,328
09/08/2021,BTV,VT,ANE,EN,Combined TRACON& Tower with Radar,37,22,6,13,78,0,0,29,2,31,37,22,35,15,109,15,4,19,128
09/09/2021,BTV,VT,ANE,EN,Combined TRACON& Tower with Radar,44,24,34,18,120,0,0,112,5,117,44,24,146,23,237,95,14,109,346
09/10/2021,BTV,VT,ANE,EN,Combined TRACON& Tower with Radar,45,25,42,11,123,0,0,54,2,56,45,25,96,13,179,94,0,94,273
09/11/2021,BTV,VT,ANE,EN,Combined TRACON& Tower with Radar,47,19,25,19,110,0,1,77,13,91,47,20,102,32,201,36,6,42,243
09/12/2021,BTV,VT,ANE,EN,Combined TRACON& Tower with Radar,41,27,34,8,110,0,0,21,5,26,41,27,55,13,136,5,0,5,141
09/13/2021,BTV,VT,ANE,EN,Combined TRACON& Tower with Radar,43,19,28,15,105,0,3,101,8,112,43,22,129,23,217,82,24,106,323
09/14/2021,BTV,VT,ANE,EN,Combined TRACON& Tower with Radar,44,26,24,15,109,0,2,126,16,144,44,28,150,31,253,78,3,81,334
09/15/2021,BTV,VT,ANE,EN,Combined TRACON& Tower with Radar,41,25,12,0,78,0,0,14,0,14,41,25,26,0,92,40,0,40,132
09/16/2021,BTV,VT,ANE,EN,Combined TRACON& Tower with Radar,44,34,45,24,147,0,1,142,24,167,44,35,187,48,314,57,77,134,448
09/17/2021,BTV,VT,ANE,EN,Combined TRACON& Tower with Radar,45,21,31,15,112,0,1,111,4,116,45,22,142,19,228,104,0,104,332
09/18/2021,BTV,VT,ANE,EN,Combined TRACON& Tower with Radar,47,13,21,1,82,0,0,23,7,30,47,13,44,8,112,40,0,40,152
09/19/2021,BTV,VT,ANE,EN,Combined TRACON& Tower with Radar,44,16,23,2,85,0,2,226,1,229,44,18,249,3,314,7,0,7,321
09/20/2021,BTV,VT,ANE,EN,Combined TRACON& Tower with Radar,44,22,39,6,111,0,1,120,6,127,44,23,159,12,238,106,7,113,351
09/21/2021,BTV,VT,ANE,EN,Combined TRACON& Tower with Radar,46,22,20,30,118,0,3,110,31,144,46,25,130,61,262,0,0,0,262
09/22/2021,BTV,VT,ANE,EN,Combined TRACON& Tower with Radar,41,26,38,20,125,0,0,59,15,74,41,26,97,35,199,111,24,135,334
09/23/2021,BTV,VT,ANE,EN,Combined TRACON& Tower with Radar,42,26,19,2,89,0,1,54,9,64,42,27,73,11,153,41,0,41,194
09/24/2021,BTV,VT,ANE,EN,Combined TRACON& Tower with Radar,44,28,26,3,101,0,2,54,2,58,44,30,80,5,159,31,0,31,190
09/25/2021,BTV,VT,ANE,EN,Combined TRACON& Tower with Radar,48,25,28,1,102,0,1,93,8,102,48,26,121,9,204,68,0,68,272
09/26/2021,BTV,VT,ANE,EN,Combined TRACON& Tower with Radar,43,26,33,1,103,0,1,55,5,61,43,27,88,6,164,37,2,39,203
09/27/2021,BTV,VT,ANE,EN,Combined TRACON& Tower with Radar,45,23,37,2,107,0,0,28,6,34,45,23,65,8,141,20,0,20,161
09/28/2021,BTV,VT,ANE,EN,Combined TRACON& Tower with Radar,44,21,48,5,118,0,0,103,15,118,44,21,151,20,236,112,6,118,354
09/29/2021,BTV,VT,ANE,EN,Combined TRACON& Tower with Radar,42,32,27,4,105,0,0,55,6,61,42,32,82,10,166,133,0,133,299
09/30/2021,BTV,VT,ANE,EN,Combined TRACON& Tower with Radar,42,27,31,0,100,0,0,51,8,59,42,27,82,8,159,118,2,120,279
10/01/2021,BTV,VT,ANE,EN,Combined TRACON& Tower with Radar,44,33,42,0,119,0,0,102,1,103,44,33,144,1,222,135,0,135,357
10/02/2021,BTV,VT,ANE,EN,Combined TRACON& Tower with Radar,48,24,30,0,102,0,0,5,0,5,48,24,35,0,107,0,0,0,107
10/03/2021,BTV,VT,ANE,EN,Combined TRACON& Tower with Radar,42,21,40,0,103,0,0,0,0,0,42,21,40,0,103,0,0,0,103
10/04/2021,BTV,VT,ANE,EN,Combined TRACON& Tower with Radar,43,18,48,2,111,0,0,70,0,70,43,18,118,2,181,0,0,0,181
10/05/2021,BTV,VT,ANE,EN,Combined TRACON& Tower with Radar,44,28,48,19,139,0,1,121,13,135,44,29,169,32,274,0,0,0,274
10/06/2021,BTV,VT,ANE,EN,Combined TRACON& Tower with Radar,41,33,44,14,132,0,1,129,17,147,41,34,173,31,279,122,3,125,404
10/07/2021,BTV,VT,ANE,EN,Combined TRACON& Tower with Radar,42,35,49,9,135,0,0,133,12,145,42,35,182,21,280,63,2,65,345
10/08/2021,BTV,VT,ANE,EN,Combined TRACON& Tower with Radar,43,46,53,2,144,0,2,122,5,129,43,48,175,7,273,52,0,52,325
10/09/2021,BTV,VT,ANE,EN,Combined TRACON& Tower with Radar,43,34,31,0,108,0,1,60,4,65,43,35,91,4,173,40,0,40,213
10/10/2021,BTV,VT,ANE,EN,Combined TRACON& Tower with Radar,38,32,32,0,102,0,0,41,2,43,38,32,73,2,145,47,0,47,192
10/11/2021,BTV,VT,ANE,EN,Combined TRACON& Tower with Radar,43,31,52,0,126,0,2,109,1,112,43,33,161,1,238,98,0,98,336
10/12/2021,BTV,VT,ANE,EN,Combined TRACON& Tower with Radar,42,29,23,13,107,0,0,139,10,149,42,29,162,23,256,102,4,106,362
10/13/2021,BTV,VT,ANE,EN,Combined TRACON& Tower with Radar,39,22,46,23,130,0,5,90,10,105,39,27,136,33,235,135,2,137,372
10/14/2021,BTV,VT,ANE,EN,Combined TRACON& Tower with Radar,42,32,39,20,133,0,0,49,6,55,42,32,88,26,188,189,4,193,381
10/15/2021,BTV,VT,ANE,EN,Combined TRACON& Tower with Radar,42,27,58,10,137,0,2,84,7,93,42,29,142,17,230,138,12,150,380
10/16/2021,BTV,VT,ANE,EN,Combined TRACON& Tower with Radar,43,20,12,7,82,0,0,22,12,34,43,20,34,19,116,0,0,0,116
10/17/2021,BTV,VT,ANE,EN,Combined TRACON& Tower with Radar,38,30,36,3,107,0,1,55,8,64,38,31,91,11,171,39,19,58,229
10/18/2021,BTV,VT,ANE,EN,Combined TRACON& Tower with Radar,41,24,28,2,95,0,0,38,5,43,41,24,66,7,138,106,0,106,244
10/19/2021,BTV,VT,ANE,EN,Combined TRACON& Tower with Radar,39,17,38,14,108,0,0,84,7,91,39,17,122,21,199,115,4,119,318
10/20/2021,BTV,VT,ANE,EN,Combined TRACON& Tower with Radar,40,22,52,11,125,0,1,157,8,166,40,23,209,19,291,96,2,98,389
10/21/2021,BTV,VT,ANE,EN,Combined TRACON& Tower with Radar,40,23,37,28,128,0,2,59,12,73,40,25,96,40,201,74,3,77,278
10/22/2021,BTV,VT,ANE,EN,Combined TRACON& Tower with Radar,42,25,31,12,110,0,2,85,7,94,42,27,116,19,204,167,0,167,371
10/23/2021,BTV,VT,ANE,EN,Combined TRACON& Tower with Radar,43,19,15,4,81,0,1,79,3,83,43,20,94,7,164,116,0,116,280
10/24/2021,BTV,VT,ANE,EN,Combined TRACON& Tower with Radar,38,23,29,0,90,0,1,98,12,111,38,24,127,12,201,69,2,71,272
10/25/2021,BTV,VT,ANE,EN,Combined TRACON& Tower with Radar,36,23,16,6,81,0,0,11,0,11,36,23,27,6,92,42,0,42,134
10/26/2021,BTV,VT,ANE,EN,Combined TRACON& Tower with Radar,39,26,9,2,76,0,0,10,0,10,39,26,19,2,86,10,0,10,96
10/27/2021,BTV,VT,ANE,EN,Combined TRACON& Tower with Radar,41,29,37,13,120,0,1,108,14,123,41,30,145,27,243,143,16,159,402
10/28/2021,BTV,VT,ANE,EN,Combined TRACON& Tower with Radar,42,16,21,11,90,0,0,118,13,131,42,16,139,24,221,176,5,181,402
10/29/2021,BTV,VT,ANE,EN,Combined TRACON& Tower with Radar,41,31,29,7,108,0,3,113,10,126,41,34,142,17,234,201,6,207,441
10/30/2021,BTV,VT,ANE,EN,Combined TRACON& Tower with Radar,44,22,12,0,78,0,0,19,0,19,44,22,31,0,97,0,0,0,97
10/31/2021,BTV,VT,ANE,EN,Combined TRACON& Tower with Radar,37,23,14,0,74,0,0,0,0,0,37,23,14,0,74,0,0,0,74
11/01/2021,BTV,VT,ANE,EN,Combined TRACON& Tower with Radar,40,27,32,2,101,0,3,59,6,68,40,30,91,8,169,37,0,37,206
11/02/2021,BTV,VT,ANE,EN,Combined TRACON& Tower with Radar,37,21,21,8,87,0,1,77,7,85,37,22,98,15,172,100,0,100,272
11/03/2021,BTV,VT,ANE,EN,Combined TRACON& Tower with Radar,36,30,11,18,95,0,1,15,0,16,36,31,26,18,111,45,10,55,166
11/04/2021,BTV,VT,ANE,EN,Combined TRACON& Tower with Radar,40,31,29,8,108,0,0,48,4,52,40,31,77,12,160,39,2,41,201
11/05/2021,BTV,VT,ANE,EN,Combined TRACON& Tower with Radar,39,29,23,6,97,0,1,128,11,140,39,30,151,17,237,122,9,131,368
11/06/2021,BTV,VT,ANE,EN,Combined TRACON& Tower with Radar,31,25,24,13,93,0,2,90,17,109,31,27,114,30,202,33,5,38,240
11/07/2021,BTV,VT,ANE,EN,Combined TRACON& Tower with Radar,36,25,16,14,91,0,3,79,5,87,36,28,95,19,178,43,2,45,223
11/08/2021,BTV,VT,ANE,EN,Combined TRACON& Tower with Radar,37,32,47,14,130,0,0,112,5,117,37,32,159,19,247,134,24,158,405
11/09/2021,BTV,VT,ANE,EN,Combined TRACON& Tower with Radar,36,27,38,19,120,0,2,99,6,107,36,29,137,25,227,113,0,113,340
11/10/2021,BTV,VT,ANE,EN,Combined TRACON& Tower with Radar,36,24,28,12,100,0,0,97,4,101,36,24,125,16,201,79,0,79,280
11/11/2021,BTV,VT,ANE,EN,Combined TRACON& Tower with Radar,37,30,24,0,91,0,0,107,4,111,37,30,131,4,202,128,0,128,330
11/12/2021,BTV,VT,ANE,EN,Combined TRACON& Tower with Radar,41,22,23,0,86,0,0,5,0,5,41,22,28,0,91,9,0,9,100
11/13/2021,BTV,VT,ANE,EN,Combined TRACON& Tower with Radar,29,21,18,0,68,0,0,21,0,21,29,21,39,0,89,43,0,43,132
11/14/2021,BTV,VT,ANE,EN,Combined TRACON& Tower with Radar,34,21,15,0,70,0,1,66,3,70,34,22,81,3,140,38,0,38,178
11/15/2021,BTV,VT,ANE,EN,Combined TRACON& Tower with Radar,39,26,11,4,80,0,0,17,0,17,39,26,28,4,97,69,0,69,166
11/16/2021,BTV,VT,ANE,EN,Combined TRACON& Tower with Radar,36,28,26,28,118,0,7,69,10,86,36,35,95,38,204,133,20,153,357
11/17/2021,BTV,VT,ANE,EN,Combined TRACON& Tower with Radar,40,23,27,13,103,0,0,98,4,102,40,23,125,17,205,157,0,157,362
11/18/2021,BTV,VT,ANE,EN,Combined TRACON& Tower with Radar,42,38,22,9,111,0,1,19,8,28,42,39,41,17,139,5,5,10,149
11/19/2021,BTV,VT,ANE,EN,Combined TRACON& Tower with Radar,45,31,17,14,107,0,3,46,8,57,45,34,63,22,164,98,5,103,267
11/20/2021,BTV,VT,ANE,EN,Combined TRACON& Tower with Radar,37,21,31,0,89,0,0,117,4,121,37,21,148,4,210,72,0,72,282
11/21/2021,BTV,VT,ANE,EN,Combined TRACON& Tower with Radar,42,27,22,0,91,0,0,70,2,72,42,27,92,2,163,95,0,95,258
11/22/2021,BTV,VT,ANE,EN,Combined TRACON& Tower with Radar,43,30,28,9,110,0,1,41,5,47,43,31,69,14,157,36,18,54,211
11/23/2021,BTV,VT,ANE,EN,Combined TRACON& Tower with Radar,42,31,33,4,110,0,0,56,17,73,42,31,89,21,183,56,0,56,239
11/24/2021,BTV,VT,ANE,EN,Combined TRACON& Tower with Radar,42,28,40,8,118,0,0,81,5,86,42,28,121,13,204,110,0,110,314
11/25/2021,BTV,VT,ANE,EN,Combined TRACON& Tower with Radar,19,12,7,0,38,0,3,20,2,25,19,15,27,2,63,17,0,17,80
11/26/2021,BTV,VT,ANE,EN,Combined TRACON& Tower with Radar,36,15,12,0,63,0,0,0,0,0,36,15,12,0,63,0,0,0,63
11/27/2021,BTV,VT,ANE,EN,Combined TRACON& Tower with Radar,41,26,19,0,86,0,3,8,2,13,41,29,27,2,99,0,0,0,99
11/28/2021,BTV,VT,ANE,EN,Combined TRACON& Tower with Radar,48,23,32,1,104,0,1,71,4,76,48,24,103,5,180,57,0,57,237
11/29/2021,BTV,VT,ANE,EN,Combined TRACON& Tower with Radar,42,26,28,3,99,0,0,55,13,68,42,26,83,16,167,39,2,41,208
11/30/2021,BTV,VT,ANE,EN,Combined TRACON& Tower with Radar,40,24,31,11,106,0,0,71,11,82,40,24,102,22,188,80,28,108,296
12/01/2021,BTV,VT,ANE,EN,Combined TRACON& Tower with Radar,38,33,15,7,93,0,2,52,10,64,38,35,67,17,157,46,2,48,205
12/02/2021,BTV,VT,ANE,EN,Combined TRACON& Tower with Radar,40,30,9,8,87,0,0,3,0,3,40,30,12,8,90,6,0,6,96
12/03/2021,BTV,VT,ANE,EN,Combined TRACON& Tower with Radar,41,32,18,13,104,0,0,43,9,52,41,32,61,22,156,40,18,58,214
12/04/2021,BTV,VT,ANE,EN,Combined TRACON& Tower with Radar,30,19,15,0,64,0,1,39,1,41,30,20,54,1,105,45,0,45,150
12/05/2021,BTV,VT,ANE,EN,Combined TRACON& Tower with Radar,36,24,22,4,86,0,0,55,0,55,36,24,77,4,141,68,0,68,209
12/06/2021,BTV,VT,ANE,EN,Combined TRACON& Tower with Radar,40,25,13,1,79,0,0,2,0,2,40,25,15,1,81,2,0,2,83
12/07/2021,BTV,VT,ANE,EN,Combined TRACON& Tower with Radar,42,31,48,14,135,0,3,97,14,114,42,34,145,28,249,91,24,115,364
12/08/2021,BTV,VT,ANE,EN,Combined TRACON& Tower with Radar,42,31,9,2,84,0,0,0,0,0,42,31,9,2,84,12,0,12,96
12/09/2021,BTV,VT,ANE,EN,Combined TRACON& Tower with Radar,43,25,25,17,110,0,0,84,18,102,43,25,109,35,212,0,0,0,212
12/10/2021,BTV,VT,ANE,EN,Combined TRACON& Tower with Radar,46,32,29,0,107,0,1,69,9,79,46,33,98,9,186,0,0,0,186
12/11/2021,BTV,VT,ANE,EN,Combined TRACON& Tower with Radar,33,27,15,0,75,0,0,0,0,0,33,27,15,0,75,0,0,0,75
12/12/2021,BTV,VT,ANE,EN,Combined TRACON& Tower with Radar,36,22,13,0,71,0,3,30,1,34,36,25,43,1,105,16,0,16,121
12/13/2021,BTV,VT,ANE,EN,Combined TRACON& Tower with Radar,43,27,43,1,114,0,0,100,6,106,43,27,143,7,220,87,0,87,307
12/14/2021,BTV,VT,ANE,EN,Combined TRACON& Tower with Radar,42,26,41,6,115,0,4,80,13,97,42,30,121,19,212,58,0,58,270
12/15/2021,BTV,VT,ANE,EN,Combined TRACON& Tower with Radar,46,27,30,10,113,0,2,70,8,80,46,29,100,18,193,88,0,88,281
12/16/2021,BTV,VT,ANE,EN,Combined TRACON& Tower with Radar,50,17,25,9,101,0,1,45,4,50,50,18,70,13,151,5,0,5,156
12/17/2021,BTV,VT,ANE,EN,Combined TRACON& Tower with Radar,51,24,35,4,114,0,3,37,3,43,51,27,72,7,157,18,0,18,175
12/18/2021,BTV,VT,ANE,EN,Combined TRACON& Tower with Radar,37,11,8,0,56,0,0,22,0,22,37,11,30,0,78,9,0,9,87
12/19/2021,BTV,VT,ANE,EN,Combined TRACON& Tower with Radar,41,24,26,0,91,0,2,6,1,9,41,26,32,1,100,13,0,13,113
12/20/2021,BTV,VT,ANE,EN,Combined TRACON& Tower with Radar,51,23,30,8,112,0,5,69,6,80,51,28,99,14,192,28,0,28,220
12/21/2021,BTV,VT,ANE,EN,Combined TRACON& Tower with Radar,50,22,33,9,114,0,2,88,13,103,50,24,121,22,217,77,6,83,300
12/22/2021,BTV,VT,ANE,EN,Combined TRACON& Tower with Radar,50,34,16,7,107,0,0,49,7,56,50,34,65,14,163,50,4,54,217
12/23/2021,BTV,VT,ANE,EN,Combined TRACON& Tower with Radar,47,22,20,5,94,0,2,90,11,103,47,24,110,16,197,96,0,96,293
12/24/2021,BTV,VT,ANE,EN,Combined TRACON& Tower with Radar,29,16,9,0,54,0,1,21,3,25,29,17,30,3,79,7,0,7,86
12/25/2021,BTV,VT,ANE,EN,Combined TRACON& Tower with Radar,28,13,3,0,44,0,0,0,0,0,28,13,3,0,44,0,0,0,44
12/26/2021,BTV,VT,ANE,EN,Combined TRACON& Tower with Radar,38,22,20,0,80,0,0,3,0,3,38,22,23,0,83,0,0,0,83
12/27/2021,BTV,VT,ANE,EN,Combined TRACON& Tower with Radar,43,25,17,0,85,0,0,78,0,78,43,25,95,0,163,0,0,0,163
12/28/2021,BTV,VT,ANE,EN,Combined TRACON& Tower with Radar,46,27,21,7,101,0,0,14,0,14,46,27,35,7,115,16,4,20,135
12/29/2021,BTV,VT,ANE,EN,Combined TRACON& Tower with Radar,46,22,40,13,121,0,0,84,8,92,46,22,124,21,213,87,20,107,320
12/30/2021,BTV,VT,ANE,EN,Combined TRACON& Tower with Radar,40,23,14,8,85,0,0,1,0,1,40,23,15,8,86,75,0,75,161
12/31/2021,BTV,VT,ANE,EN,Combined TRACON& Tower with Radar,32,15,14,0,61,0,0,2,0,2,32,15,16,0,63,4,0,4,67
01/01/2022,BTV,VT,ANE,EN,Combined TRACON& Tower with Radar,33,14,15,0,62,0,0,0,0,0,33,14,15,0,62,0,0,0,62
01/02/2022,BTV,VT,ANE,EN,Combined TRACON& Tower with Radar,35,13,13,0,61,0,0,0,0,0,35,13,13,0,61,0,0,0,61
01/03/2022,BTV,VT,ANE,EN,Combined TRACON& Tower with Radar,38,27,18,0,83,0,2,90,6,98,38,29,108,6,181,0,0,0,181
01/04/2022,BTV,VT,ANE,EN,Combined TRACON& Tower with Radar,33,24,21,20,98,0,3,51,15,69,33,27,72,35,167,56,16,72,239
01/05/2022,BTV,VT,ANE,EN,Combined TRACON& Tower with Radar,39,19,4,8,70,0,1,25,2,28,39,20,29,10,98,121,0,121,219
01/06/2022,BTV,VT,ANE,EN,Combined TRACON& Tower with Radar,41,28,22,15,106,0,2,55,14,71,41,30,77,29,177,172,27,199,376
01/07/2022,BTV,VT,ANE,EN,Combined TRACON& Tower with Radar,38,8,12,0,58,0,0,0,0,0,38,8,12,0,58,0,0,0,58
01/08/2022,BTV,VT,ANE,EN,Combined TRACON& Tower with Radar,31,7,12,13,63,0,0,61,10,71,31,7,73,23,134,59,4,63,197
01/09/2022,BTV,VT,ANE,EN,Combined TRACON& Tower with Radar,33,12,9,1,55,0,0,0,0,0,33,12,9,1,55,0,0,0,55
01/10/2022,BTV,VT,ANE,EN,Combined TRACON& Tower with Radar,41,15,14,4,74,0,1,36,4,41,41,16,50,8,115,13,2,15,130
01/11/2022,BTV,VT,ANE,EN,Combined TRACON& Tower with Radar,40,14,7,0,61,1,1,14,3,19,41,15,21,3,80,0,2,2,82
01/12/2022,BTV,VT,ANE,EN,Combined TRACON& Tower with Radar,42,12,16,1,71,0,1,17,2,20,42,13,33,3,91,0,0,0,91
01/13/2022,BTV,VT,ANE,EN,Combined TRACON& Tower with Radar,43,21,14,0,78,0,0,19,8,27,43,21,33,8,105,151,29,180,285
01/14/2022,BTV,VT,ANE,EN,Combined TRACON& Tower with Radar,45,22,21,0,88,0,2,17,1,20,45,24,38,1,108,16,0,16,124
01/15/2022,BTV,VT,ANE,EN,Combined TRACON& Tower with Radar,28,13,6,0,47,0,0,10,1,11,28,13,16,1,58,2,0,2,60
01/16/2022,BTV,VT,ANE,EN,Combined TRACON& Tower with Radar,23,11,34,0,68,0,5,71,2,78,23,16,105,2,146,51,0,51,197
01/17/2022,BTV,VT,ANE,EN,Combined TRACON& Tower with Radar,41,14,6,0,61,0,0,0,0,0,41,14,6,0,61,0,0,0,61
01/18/2022,BTV,VT,ANE,EN,Combined TRACON& Tower with Radar,40,22,26,1,89,0,2,49,13,64,40,24,75,14,153,37,2,39,192
01/19/2022,BTV,VT,ANE,EN,Combined TRACON& Tower with Radar,45,18,4,1,68,0,0,3,1,4,45,18,7,2,72,2,0,2,74
01/20/2022,BTV,VT,ANE,EN,Combined TRACON& Tower with Radar,42,24,20,15,101,0,2,84,5,91,42,26,104,20,192,67,18,85,277
01/21/2022,BTV,VT,ANE,EN,Combined TRACON& Tower with Radar,45,16,23,9,93,0,2,40,4,46,45,18,63,13,139,25,0,25,164
01/22/2022,BTV,VT,ANE,EN,Combined TRACON& Tower with Radar,30,13,14,3,60,0,2,49,1,52,30,15,63,4,112,94,0,94,206
01/23/2022,BTV,VT,ANE,EN,Combined TRACON& Tower with Radar,35,21,26,0,82,0,0,10,0,10,35,21,36,0,92,19,0,19,111
01/24/2022,BTV,VT,ANE,EN,Combined TRACON& Tower with Radar,41,10,27,0,78,0,1,83,3,87,41,11,110,3,165,65,0,65,230
01/25/2022,BTV,VT,ANE,EN,Combined TRACON& Tower with Radar,42,18,17,15,92,0,1,42,9,52,42,19,59,24,144,57,34,91,235
01/26/2022,BTV,VT,ANE,EN,Combined TRACON& Tower with Radar,42,11,18,18,89,0,3,80,3,86,42,14,98,21,175,77,0,77,252
01/27/2022,BTV,VT,ANE,EN,Combined TRACON& Tower with Radar,42,25,13,18,98,0,3,31,18,52,42,28,44,36,150,13,0,13,163
01/28/2022,BTV,VT,ANE,EN,Combined TRACON& Tower with Radar,38,23,5,2,68,0,0,30,0,30,38,23,35,2,98,28,0,28,126
01/29/2022,BTV,VT,ANE,EN,Combined TRACON& Tower with Radar,13,6,7,0,26,0,0,8,0,8,13,6,15,0,34,2,0,2,36
01/30/2022,BTV,VT,ANE,EN,Combined TRACON& Tower with Radar,29,17,14,0,60,0,0,75,3,78,29,17,89,3,138,73,0,73,211
01/31/2022,BTV,VT,ANE,EN,Combined TRACON& Tower with Radar,37,12,12,0,61,0,1,111,0,112,37,13,123,0,173,129,0,129,302
02/01/2022,BTV,VT,ANE,EN,Combined TRACON& Tower with Radar,40,19,22,19,100,1,1,96,7,105,41,20,118,26,205,80,0,80,285
02/02/2022,BTV,VT,ANE,EN,Combined TRACON& Tower with Radar,33,23,13,19,88,0,0,23,4,27,33,23,36,23,115,10,8,18,133
02/03/2022,BTV,VT,ANE,EN,Combined TRACON& Tower with Radar,23,10,6,0,39,0,0,0,0,0,23,10,6,0,39,0,0,0,39
02/04/2022,BTV,VT,ANE,EN,Combined TRACON& Tower with Radar,12,11,6,0,29,0,0,0,0,0,12,11,6,0,29,0,0,0,29
02/05/2022,BTV,VT,ANE,EN,Combined TRACON& Tower with Radar,29,21,10,14,74,0,2,42,10,54,29,23,52,24,128,20,3,23,151
02/06/2022,BTV,VT,ANE,EN,Combined TRACON& Tower with Radar,37,25,13,1,76,0,6,23,7,36,37,31,36,8,112,11,0,11,123
02/07/2022,BTV,VT,ANE,EN,Combined TRACON& Tower with Radar,42,22,18,1,83,0,0,67,3,70,42,22,85,4,153,52,0,52,205
02/08/2022,BTV,VT,ANE,EN,Combined TRACON& Tower with Radar,40,20,5,15,80,0,1,17,6,24,40,21,22,21,104,98,8,106,210
02/09/2022,BTV,VT,ANE,EN,Combined TRACON& Tower with Radar,40,28,17,17,102,0,0,125,8,133,40,28,142,25,235,75,0,75,310
02/10/2022,BTV,VT,ANE,EN,Combined TRACON& Tower with Radar,42,20,19,15,96,0,1,42,11,54,42,21,61,26,150,101,6,107,257
02/11/2022,BTV,VT,ANE,EN,Combined TRACON& Tower with Radar,48,20,20,12,100,0,2,45,3,50,48,22,65,15,150,50,0,50,200
02/12/2022,BTV,VT,ANE,EN,Combined TRACON& Tower with Radar,33,14,15,0,62,0,0,25,8,33,33,14,40,8,95,78,5,83,178
02/13/2022,BTV,VT,ANE,EN,Combined TRACON& Tower with Radar,36,9,22,0,67,0,2,71,1,74,36,11,93,1,141,43,0,43,184
02/14/2022,BTV,VT,ANE,EN,Combined TRACON& Tower with Radar,45,14,14,5,78,0,5,68,7,80,45,19,82,12,158,24,12,36,194
02/15/2022,BTV,VT,ANE,EN,Combined TRACON& Tower with Radar,42,13,21,5,81,0,2,74,14,90,42,15,95,19,171,127,0,127,298
02/16/2022,BTV,VT,ANE,EN,Combined TRACON& Tower with Radar,45,24,13,3,85,0,0,14,5,19,45,24,27,8,104,2,0,2,106
02/17/2022,BTV,VT,ANE,EN,Combined TRACON& Tower with Radar,42,35,20,1,98,0,0,5,1,6,42,35,25,2,104,0,0,0,104
02/18/2022,BTV,VT,ANE,EN,Combined TRACON& Tower with Radar,46,23,18,0,87,0,4,28,0,32,46,27,46,0,119,0,0,0,119
02/19/2022,BTV,VT,ANE,EN,Combined TRACON& Tower with Radar,34,19,12,0,65,0,0,0,0,0,34,19,12,0,65,0,0,0,65
02/20/2022,BTV,VT,ANE,EN,Combined TRACON& Tower with Radar,40,28,19,0,87,0,3,37,0,40,40,31,56,0,127,20,0,20,147
02/21/2022,BTV,VT,ANE,EN,Combined TRACON& Tower with Radar,43,28,18,2,91,0,1,117,1,119,43,29,135,3,210,179,0,179,389
02/22/2022,BTV,VT,ANE,EN,Combined TRACON& Tower with Radar,41,26,18,13,98,0,0,77,8,85,41,26,95,21,183,80,0,80,263
02/23/2022,BTV,VT,ANE,EN,Combined TRACON& Tower with Radar,43,20,11,5,79,0,1,42,5,48,43,21,53,10,127,12,0,12,139
02/24/2022,BTV,VT,ANE,EN,Combined TRACON& Tower with Radar,43,22,31,16,112,0,2,161,21,184,43,24,192,37,296,112,10,122,418
02/25/2022,BTV,VT,ANE,EN,Combined TRACON& Tower with Radar,22,7,0,0,29,0,0,0,0,0,22,7,0,0,29,0,0,0,29
02/26/2022,BTV,VT,ANE,EN,Combined TRACON& Tower with Radar,30,22,13,0,65,0,0,108,2,110,30,22,121,2,175,64,0,64,239
02/27/2022,BTV,VT,ANE,EN,Combined TRACON& Tower with Radar,39,22,12,0,73,0,0,5,0,5,39,22,17,0,78,0,0,0,78
02/28/2022,BTV,VT,ANE,EN,Combined TRACON& Tower with Radar,43,19,16,0,78,0,6,111,7,124,43,25,127,7,202,129,0,129,331
03/01/2022,BTV,VT,ANE,EN,Combined TRACON& Tower with Radar,45,15,23,8,91,0,1,22,2,25,45,16,45,10,116,5,12,17,133
03/02/2022,BTV,VT,ANE,EN,Combined TRACON& Tower with Radar,45,20,26,17,108,0,2,106,6,114,45,22,132,23,222,194,7,201,423
03/03/2022,BTV,VT,ANE,EN,Combined TRACON& Tower with Radar,43,18,25,11,97,0,2,62,9,73,43,20,87,20,170,74,6,80,250
03/04/2022,BTV,VT,ANE,EN,Combined TRACON& Tower with Radar,41,26,21,11,99,0,1,99,6,106,41,27,120,17,205,105,0,105,310
03/05/2022,BTV,VT,ANE,EN,Combined TRACON& Tower with Radar,30,32,19,15,96,0,4,109,11,124,30,36,128,26,220,101,2,103,323
03/06/2022,BTV,VT,ANE,EN,Combined TRACON& Tower with Radar,38,28,14,0,80,0,1,9,0,10,38,29,23,0,90,4,0,4,94
03/07/2022,BTV,VT,ANE,EN,Combined TRACON& Tower with Radar,37,22,12,2,73,0,0,17,2,19,37,22,29,4,92,44,22,66,158
03/08/2022,BTV,VT,ANE,EN,Combined TRACON& Tower with Radar,42,20,15,14,91,0,2,78,11,91,42,22,93,25,182,71,4,75,257
03/09/2022,BTV,VT,ANE,EN,Combined TRACON& Tower with Radar,43,16,15,13,87,0,0,110,3,113,43,16,125,16,200,118,32,150,350
03/10/2022,BTV,VT,ANE,EN,Combined TRACON& Tower with Radar,42,23,14,11,90,0,9,99,16,124,42,32,113,27,214,178,6,184,398
03/11/2022,BTV,VT,ANE,EN,Combined TRACON& Tower with Radar,38,32,34,10,114,0,0,116,4,120,38,32,150,14,234,58,0,58,292
03/12/2022,BTV,VT,ANE,EN,Combined TRACON& Tower with Radar,9,5,0,0,14,0,0,0,0,0,9,5,0,0,14,0,0,0,14
03/13/2022,BTV,VT,ANE,EN,Combined TRACON& Tower with Radar,32,33,19,0,84,0,2,28,0,30,32,35,47,0,114,24,0,24,138
03/14/2022,BTV,VT,ANE,EN,Combined TRACON& Tower with Radar,40,42,20,2,104,0,2,77,3,82,40,44,97,5,186,149,0,149,335
03/15/2022,BTV,VT,ANE,EN,Combined TRACON& Tower with Radar,42,27,18,14,101,0,1,65,1,67,42,28,83,15,168,138,0,138,306
03/16/2022,BTV,VT,ANE,EN,Combined TRACON& Tower with Radar,43,25,27,11,106,0,2,105,5,112,43,27,132,16,218,127,9,136,354
03/17/2022,BTV,VT,ANE,EN,Combined TRACON& Tower with Radar,41,30,21,13,105,0,1,69,14,84,41,31,90,27,189,37,0,37,226
03/18/2022,BTV,VT,ANE,EN,Combined TRACON& Tower with Radar,33,26,23,7,89,0,2,89,5,96,33,28,112,12,185,135,2,137,322
03/19/2022,BTV,VT,ANE,EN,Combined TRACON& Tower with Radar,33,22,10,0,65,0,0,5,0,5,33,22,15,0,70,106,0,106,176
03/20/2022,BTV,VT,ANE,EN,Combined TRACON& Tower with Radar,34,22,18,0,74,0,1,2,0,3,34,23,20,0,77,128,0,128,205
03/21/2022,BTV,VT,ANE,EN,Combined TRACON& Tower with Radar,41,19,19,1,80,0,1,69,3,73,41,20,88,4,153,144,0,144,297
03/22/2022,BTV,VT,ANE,EN,Combined TRACON& Tower with Radar,41,21,16,21,99,0,4,80,9,93,41,25,96,30,192,128,17,145,337
03/23/2022,BTV,VT,ANE,EN,Combined TRACON& Tower with Radar,45,18,32,14,109,0,2,144,7,153,45,20,176,21,262,145,2,147,409
03/24/2022,BTV,VT,ANE,EN,Combined TRACON& Tower with Radar,39,23,24,12,98,0,0,18,4,22,39,23,42,16,120,92,5,97,217
03/25/2022,BTV,VT,ANE,EN,Combined TRACON& Tower with Radar,41,24,29,8,102,0,0,46,11,57,41,24,75,19,159,135,2,137,296
03/26/2022,BTV,VT,ANE,EN,Combined TRACON& Tower with Radar,35,20,14,0,69,0,0,54,11,65,35,20,68,11,134,114,8,122,256
03/27/2022,BTV,VT,ANE,EN,Combined TRACON& Tower with Radar,34,26,22,2,84,0,0,4,0,4,34,26,26,2,88,0,0,0,88
03/28/2022,BTV,VT,ANE,EN,Combined TRACON& Tower with Radar,42,24,15,2,83,0,0,7,0,7,42,24,22,2,90,34,0,34,124
03/29/2022,BTV,VT,ANE,EN,Combined TRACON& Tower with Radar,42,27,22,12,103,0,1,82,11,94,42,28,104,23,197,154,13,167,364
03/30/2022,BTV,VT,ANE,EN,Combined TRACON& Tower with Radar,45,26,20,12,103,0,1,152,7,160,45,27,172,19,263,195,4,199,462
03/31/2022,BTV,VT,ANE,EN,Combined TRACON& Tower with Radar,35,24,11,6,76,0,0,22,5,27,35,24,33,11,103,4,0,4,107
04/01/2022,BTV,VT,ANE,EN,Combined TRACON& Tower with Radar,42,24,16,9,91,0,0,31,4,35,42,24,47,13,126,171,0,171,297
04/02/2022,BTV,VT,ANE,EN,Combined TRACON& Tower with Radar,29,18,23,0,70,0,4,72,5,81,29,22,95,5,151,41,0,41,192
04/03/2022,BTV,VT,ANE,EN,Combined TRACON& Tower with Radar,32,22,15,0,69,0,1,68,1,70,32,23,83,1,139,212,0,212,351
04/04/2022,BTV,VT,ANE,EN,Combined TRACON& Tower with Radar,43,20,34,1,98,0,0,97,7,104,43,20,131,8,202,111,0,111,313
04/05/2022,BTV,VT,ANE,EN,Combined TRACON& Tower with Radar,42,23,24,28,117,0,0,122,15,137,42,23,146,43,254,139,6,145,399
04/06/2022,BTV,VT,ANE,EN,Combined TRACON& Tower with Radar,45,18,26,12,101,0,0,112,5,117,45,18,138,17,218,129,5,134,352
04/07/2022,BTV,VT,ANE,EN,Combined TRACON& Tower with Radar,39,24,18,9,90,0,1,17,2,20,39,25,35,11,110,52,6,58,168
04/08/2022,BTV,VT,ANE,EN,Combined TRACON& Tower with Radar,40,26,27,10,103,0,0,24,1,25,40,26,51,11,128,86,0,86,214
04/09/2022,BTV,VT,ANE,EN,Combined TRACON& Tower with Radar,35,13,12,7,67,0,0,4,0,4,35,13,16,7,71,18,0,18,89
04/10/2022,BTV,VT,ANE,EN,Combined TRACON& Tower with Radar,39,14,17,1,71,0,0,67,0,67,39,14,84,1,138,0,0,0,138
04/11/2022,BTV,VT,ANE,EN,Combined TRACON& Tower with Radar,45,17,17,8,87,0,1,293,20,314,45,18,310,28,401,0,0,0,401
04/12/2022,BTV,VT,ANE,EN,Combined TRACON& Tower with Radar,45,21,14,1,81,0,4,67,13,84,45,25,81,14,165,137,12,149,314
04/13/2022,BTV,VT,ANE,EN,Combined TRACON& Tower with Radar,47,14,28,20,109,0,2,62,7,71,47,16,90,27,180,114,0,114,294
04/14/2022,BTV,VT,ANE,EN,Combined TRACON& Tower with Radar,46,26,26,17,115,0,0,36,1,37,46,26,62,18,152,27,10,37,189
04/15/2022,BTV,VT,ANE,EN,Combined TRACON& Tower with Radar,46,16,25,10,97,0,0,61,2,63,46,16,86,12,160,48,14,62,222
04/16/2022,BTV,VT,ANE,EN,Combined TRACON& Tower with Radar,36,16,22,0,74,0,0,4,0,4,36,16,26,0,78,3,0,3,81
04/17/2022,BTV,VT,ANE,EN,Combined TRACON& Tower with Radar,38,17,8,0,63,0,0,30,0,30,38,17,38,0,93,37,0,37,130
04/18/2022,BTV,VT,ANE,EN,Combined TRACON& Tower with Radar,44,23,19,7,93,0,0,131,3,134,44,23,150,10,227,165,8,173,400
04/19/2022,BTV,VT,ANE,EN,Combined TRACON& Tower with Radar,44,22,13,4,83,0,0,1,2,3,44,22,14,6,86,0,18,18,104
04/20/2022,BTV,VT,ANE,EN,Combined TRACON& Tower with Radar,47,26,20,13,106,0,0,82,17,99,47,26,102,30,205,172,4,176,381
04/21/2022,BTV,VT,ANE,EN,Combined TRACON& Tower with Radar,50,18,9,14,91,0,4,38,14,56,50,22,47,28,147,35,22,57,204
04/22/2022,BTV,VT,ANE,EN,Combined TRACON& Tower with Radar,46,14,18,6,84,0,3,101,3,107,46,17,119,9,191,60,2,62,253
04/23/2022,BTV,VT,ANE,EN,Combined TRACON& Tower with Radar,47,13,15,0,75,0,1,106,1,108,47,14,121,1,183,106,0,106,289
04/24/2022,BTV,VT,ANE,EN,Combined TRACON& Tower with Radar,40,21,17,1,79,0,0,227,3,230,40,21,244,4,309,0,0,0,309
04/25/2022,BTV,VT,ANE,EN,Combined TRACON& Tower with Radar,45,15,10,4,74,0,3,96,15,114,45,18,106,19,188,0,0,0,188
04/26/2022,BTV,VT,ANE,EN,Combined TRACON& Tower with Radar,46,24,25,2,97,0,2,53,4,59,46,26,78,6,156,248,0,248,404
04/27/2022,BTV,VT,ANE,EN,Combined TRACON& Tower with Radar,45,24,18,2,89,0,0,32,1,33,45,24,50,3,122,144,3,147,269
04/28/2022,BTV,VT,ANE,EN,Combined TRACON& Tower with Radar,46,18,18,2,84,0,1,28,15,44,46,19,46,17,128,38,3,41,169
04/29/2022,BTV,VT,ANE,EN,Combined TRACON& Tower with Radar,49,13,9,2,73,0,0,45,7,52,49,13,54,9,125,17,0,17,142
04/30/2022,BTV,VT,ANE,EN,Combined TRACON& Tower with Radar,42,15,19,2,78,0,0,84,0,84,42,15,103,2,162,60,0,60,222
05/01/2022,BTV,VT,ANE,EN,Combined TRACON& Tower with Radar,42,13,29,2,86,0,0,117,4,121,42,13,146,6,207,96,2,98,305
05/02/2022,BTV,VT,ANE,EN,Combined TRACON& Tower with Radar,47,10,21,22,100,0,0,59,1,60,47,10,80,23,160,87,30,117,277
05/03/2022,BTV,VT,ANE,EN,Combined TRACON& Tower with Radar,45,14,32,13,104,0,0,96,6,102,45,14,128,19,206,172,14,186,392
05/04/2022,BTV,VT,ANE,EN,Combined TRACON& Tower with Radar,44,21,36,3,104,0,0,3,0,3,44,21,39,3,107,54,60,114,221
05/05/2022,BTV,VT,ANE,EN,Combined TRACON& Tower with Radar,45,25,21,0,91,0,2,148,22,172,45,27,169,22,263,135,6,141,404
05/06/2022,BTV,VT,ANE,EN,Combined TRACON& Tower with Radar,50,23,25,1,99,0,0,123,2,125,50,23,148,3,224,139,0,139,363
05/07/2022,BTV,VT,ANE,EN,Combined TRACON& Tower with Radar,40,21,18,1,80,0,0,94,0,94,40,21,112,1,174,15,0,15,189
05/08/2022,BTV,VT,ANE,EN,Combined TRACON& Tower with Radar,39,26,14,0,79,0,2,173,0,175,39,28,187,0,254,0,0,0,254
05/09/2022,BTV,VT,ANE,EN,Combined TRACON& Tower with Radar,49,16,18,7,90,0,1,139,4,144,49,17,157,11,234,177,12,189,423
05/10/2022,BTV,VT,ANE,EN,Combined TRACON& Tower with Radar,44,33,18,7,102,0,2,131,9,142,44,35,149,16,244,178,4,182,426
05/11/2022,BTV,VT,ANE,EN,Combined TRACON& Tower with Radar,46,23,21,3,93,0,0,145,11,156,46,23,166,14,249,109,0,109,358
05/12/2022,BTV,VT,ANE,EN,Combined TRACON& Tower with Radar,49,24,30,6,109,0,0,126,12,138,49,24,156,18,247,183,0,183,430
05/13/2022,BTV,VT,ANE,EN,Combined TRACON& Tower with Radar,48,33,24,12,117,0,2,122,3,127,48,35,146,15,244,84,6,90,334
05/14/2022,BTV,VT,ANE,EN,Combined TRACON& Tower with Radar,41,26,20,3,90,0,3,62,4,69,41,29,82,7,159,93,0,93,252
05/15/2022,BTV,VT,ANE,EN,Combined TRACON& Tower with Radar,37,28,19,0,84,0,0,3,0,3,37,28,22,0,87,15,2,17,104
05/16/2022,BTV,VT,ANE,EN,Combined TRACON& Tower with Radar,45,18,20,0,83,0,0,54,0,54,45,18,74,0,137,24,0,24,161
05/17/2022,BTV,VT,ANE,EN,Combined TRACON& Tower with Radar,37,21,5,0,63,0,0,54,2,56,37,21,59,2,119,24,6,30,149
05/18/2022,BTV,VT,ANE,EN,Combined TRACON& Tower with Radar,47,18,18,7,90,0,2,134,9,145,47,20,152,16,235,277,0,277,512
05/19/2022,BTV,VT,ANE,EN,Combined TRACON& Tower with Radar,46,31,17,5,99,0,0,40,0,40,46,31,57,5,139,95,0,95,234
05/20/2022,BTV,VT,ANE,EN,Combined TRACON& Tower with Radar,44,16,27,4,91,0,4,110,9,123,44,20,137,13,214,39,0,39,253
05/21/2022,BTV,VT,ANE,EN,Combined TRACON& Tower with Radar,41,23,10,0,74,0,0,51,2,53,41,23,61,2,127,17,0,17,144
05/22/2022,BTV,VT,ANE,EN,Combined TRACON& Tower with Radar,31,30,12,3,76,0,0,35,3,38,31,30,47,6,114,106,0,106,220
05/23/2022,BTV,VT,ANE,EN,Combined TRACON& Tower with Radar,47,29,20,2,98,0,1,120,10,131,47,30,140,12,229,161,0,161,390
05/24/2022,BTV,VT,ANE,EN,Combined TRACON& Tower with Radar,46,21,23,4,94,0,3,151,11,165,46,24,174,15,259,147,7,154,413
05/25/2022,BTV,VT,ANE,EN,Combined TRACON& Tower with Radar,48,27,17,9,101,0,3,165,7,175,48,30,182,16,276,217,5,222,498
05/26/2022,BTV,VT,ANE,EN,Combined TRACON& Tower with Radar,53,21,12,5,91,0,3,36,1,40,53,24,48,6,131,15,0,15,146
05/27/2022,BTV,VT,ANE,EN,Combined TRACON& Tower with Radar,45,27,25,1,98,0,0,25,3,28,45,27,50,4,126,5,0,5,131
05/28/2022,BTV,VT,ANE,EN,Combined TRACON& Tower with Radar,38,26,25,0,89,0,0,35,0,35,38,26,60,0,124,80,2,82,206
05/29/2022,BTV,VT,ANE,EN,Combined TRACON& Tower with Radar,39,20,23,0,82,0,1,94,0,95,39,21,117,0,177,93,0,93,270
05/30/2022,BTV,VT,ANE,EN,Combined TRACON& Tower with Radar,46,28,17,0,91,0,3,84,0,87,46,31,101,0,178,63,0,63,241
05/31/2022,BTV,VT,ANE,EN,Combined TRACON& Tower with Radar,46,21,30,2,99,0,1,102,4,107,46,22,132,6,206,139,2,141,347
06/01/2022,BTV,VT,ANE,EN,Combined TRACON& Tower with Radar,43,29,12,4,88,0,0,16,0,16,43,29,28,4,104,94,0,94,198
06/02/2022,BTV,VT,ANE,EN,Combined TRACON& Tower with Radar,47,20,22,7,96,0,0,30,2,32,47,20,52,9,128,78,0,78,206
06/03/2022,BTV,VT,ANE,EN,Combined TRACON& Tower with Radar,51,15,25,4,95,0,0,105,5,110,51,15,130,9,205,162,0,162,367
06/04/2022,BTV,VT,ANE,EN,Combined TRACON& Tower with Radar,51,15,10,1,77,0,0,80,7,87,51,15,90,8,164,86,0,86,250
06/05/2022,BTV,VT,ANE,EN,Combined TRACON& Tower with Radar,47,20,27,0,94,0,0,100,19,119,47,20,127,19,213,113,0,113,326
06/06/2022,BTV,VT,ANE,EN,Combined TRACON& Tower with Radar,54,14,32,5,105,0,0,139,16,155,54,14,171,21,260,128,13,141,401
06/07/2022,BTV,VT,ANE,EN,Combined TRACON& Tower with Radar,58,22,22,3,105,0,0,51,2,53,58,22,73,5,158,8,0,8,166
06/08/2022,BTV,VT,ANE,EN,Combined TRACON& Tower with Radar,56,23,30,3,112,0,0,130,9,139,56,23,160,12,251,129,0,129,380
06/09/2022,BTV,VT,ANE,EN,Combined TRACON& Tower with Radar,54,18,37,0,109,0,0,2,0,2,54,18,39,0,111,30,0,30,141
06/10/2022,BTV,VT,ANE,EN,Combined TRACON& Tower with Radar,59,18,37,0,114,0,2,127,15,144,59,20,164,15,258,169,0,169,427
06/11/2022,BTV,VT,ANE,EN,Combined TRACON& Tower with Radar,55,21,28,1,105,0,3,124,2,129,55,24,152,3,234,121,0,121,355
06/12/2022,BTV,VT,ANE,EN,Combined TRACON& Tower with Radar,46,21,18,0,85,0,1,44,2,47,46,22,62,2,132,135,0,135,267
06/13/2022,BTV,VT,ANE,EN,Combined TRACON& Tower with Radar,56,21,37,2,116,0,0,105,4,109,56,21,142,6,225,186,0,186,411
06/14/2022,BTV,VT,ANE,EN,Combined TRACON& Tower with Radar,56,18,29,5,108,0,0,142,6,148,56,18,171,11,256,285,0,285,541
06/15/2022,BTV,VT,ANE,EN,Combined TRACON& Tower with Radar,56,21,29,4,110,0,0,130,6,136,56,21,159,10,246,182,57,239,485
06/16/2022,BTV,VT,ANE,EN,Combined TRACON& Tower with Radar,56,22,30,4,112,0,0,29,3,32,56,22,59,7,144,18,0,18,162
06/17/2022,BTV,VT,ANE,EN,Combined TRACON& Tower with Radar,47,32,31,1,111,0,1,64,7,72,47,33,95,8,183,113,0,113,296
06/18/2022,BTV,VT,ANE,EN,Combined TRACON& Tower with Radar,49,10,15,1,75,0,0,1,0,1,49,10,16,1,76,40,0,40,116
06/19/2022,BTV,VT,ANE,EN,Combined TRACON& Tower with Radar,51,21,17,0,89,0,5,28,0,33,51,26,45,0,122,38,0,38,160
06/20/2022,BTV,VT,ANE,EN,Combined TRACON& Tower with Radar,55,17,29,0,101,0,2,170,0,172,55,19,199,0,273,254,0,254,527
06/21/2022,BTV,VT,ANE,EN,Combined TRACON& Tower with Radar,57,19,38,13,127,0,0,134,5,139,57,19,172,18,266,168,32,200,466
06/22/2022,BTV,VT,ANE,EN,Combined TRACON& Tower with Radar,47,21,42,8,118,0,1,54,2,57,47,22,96,10,175,48,0,48,223
06/23/2022,BTV,VT,ANE,EN,Combined TRACON& Tower with Radar,53,25,30,3,111,0,0,41,7,48,53,25,71,10,159,117,2,119,278
06/24/2022,BTV,VT,ANE,EN,Combined TRACON& Tower with Radar,49,16,40,6,111,0,1,169,0,170,49,17,209,6,281,185,4,189,470
06/25/2022,BTV,VT,ANE,EN,Combined TRACON& Tower with Radar,54,21,21,0,96,0,1,132,0,133,54,22,153,0,229,151,0,151,380
06/26/2022,BTV,VT,ANE,EN,Combined TRACON& Tower with Radar,48,26,23,6,103,0,4,88,0,92,48,30,111,6,195,93,0,93,288
06/27/2022,BTV,VT,ANE,EN,Combined TRACON& Tower with Radar,57,11,24,0,92,0,0,68,0,68,57,11,92,0,160,102,0,102,262
06/28/2022,BTV,VT,ANE,EN,Combined TRACON& Tower with Radar,57,21,26,5,109,0,1,146,9,156,57,22,172,14,265,205,4,209,474
06/29/2022,BTV,VT,ANE,EN,Combined TRACON& Tower with Radar,55,21,33,0,109,0,0,130,4,134,55,21,163,4,243,202,0,202,445
06/30/2022,BTV,VT,ANE,EN,Combined TRACON& Tower with Radar,57,24,31,3,115,0,2,162,16,180,57,26,193,19,295,206,0,206,501
07/01/2022,BTV,VT,ANE,EN,Combined TRACON& Tower with Radar,53,15,29,1,98,0,2,108,3,113,53,17,137,4,211,90,0,90,301
07/02/2022,BTV,VT,ANE,EN,Combined TRACON& Tower with Radar,53,11,7,2,73,0,0,52,0,52,53,11,59,2,125,73,4,77,202
07/03/2022,BTV,VT,ANE,EN,Combined TRACON& Tower with Radar,50,7,13,0,70,0,3,84,0,87,50,10,97,0,157,60,0,60,217
07/04/2022,BTV,VT,ANE,EN,Combined TRACON& Tower with Radar,54,12,18,0,84,0,3,54,0,57,54,15,72,0,141,32,0,32,173
07/05/2022,BTV,VT,ANE,EN,Combined TRACON& Tower with Radar,51,23,21,3,98,0,0,75,3,78,51,23,96,6,176,114,4,118,294
07/06/2022,BTV,VT,ANE,EN,Combined TRACON& Tower with Radar,58,24,29,4,115,0,2,100,8,110,58,26,129,12,225,170,5,175,400
07/07/2022,BTV,VT,ANE,EN,Combined TRACON& Tower with Radar,58,21,37,12,128,0,3,172,18,193,58,24,209,30,321,188,5,193,514
07/08/2022,BTV,VT,ANE,EN,Combined TRACON& Tower with Radar,57,19,36,0,112,0,1,152,3,156,57,20,188,3,268,89,0,89,357
07/09/2022,BTV,VT,ANE,EN,Combined TRACON& Tower with Radar,56,16,21,3,96,0,2,110,0,112,56,18,131,3,208,105,0,105,313
07/10/2022,BTV,VT,ANE,EN,Combined TRACON& Tower with Radar,51,16,24,0,91,0,3,87,0,90,51,19,111,0,181,96,0,96,277
07/11/2022,BTV,VT,ANE,EN,Combined TRACON& Tower with Radar,56,11,25,1,93,0,0,137,4,141,56,11,162,5,234,71,2,73,307
07/12/2022,BTV,VT,ANE,EN,Combined TRACON& Tower with Radar,53,17,19,6,95,0,0,10,7,17,53,17,29,13,112,20,4,24,136
07/13/2022,BTV,VT,ANE,EN,Combined TRACON& Tower with Radar,54,24,34,20,132,0,3,175,12,190,54,27,209,32,322,136,0,136,458
07/14/2022,BTV,VT,ANE,EN,Combined TRACON& Tower with Radar,53,27,41,16,137,0,0,119,22,141,53,27,160,38,278,180,5,185,463
07/15/2022,BTV,VT,ANE,EN,Combined TRACON& Tower with Radar,53,16,30,8,107,0,1,177,8,186,53,17,207,16,293,94,0,94,387
07/16/2022,BTV,VT,ANE,EN,Combined TRACON& Tower with Radar,51,25,28,2,106,0,1,123,2,126,51,26,151,4,232,88,0,88,320
07/17/2022,BTV,VT,ANE,EN,Combined TRACON& Tower with Radar,47,9,34,2,92,0,1,82,1,84,47,10,116,3,176,87,0,87,263
07/18/2022,BTV,VT,ANE,EN,Combined TRACON& Tower with Radar,50,18,17,11,96,0,0,48,4,52,50,18,65,15,148,47,0,47,195
07/19/2022,BTV,VT,ANE,EN,Combined TRACON& Tower with Radar,53,18,15,18,104,0,0,162,10,172,53,18,177,28,276,159,11,170,446
07/20/2022,BTV,VT,ANE,EN,Combined TRACON& Tower with Radar,55,24,21,26,126,0,2,130,8,140,55,26,151,34,266,94,16,110,376
07/21/2022,BTV,VT,ANE,EN,Combined TRACON& Tower with Radar,52,22,26,5,105,0,1,68,4,73,52,23,94,9,178,64,2,66,244
07/22/2022,BTV,VT,ANE,EN,Combined TRACON& Tower with Radar,57,20,32,9,118,0,3,150,5,158,57,23,182,14,276,79,3,82,358
07/23/2022,BTV,VT,ANE,EN,Combined TRACON& Tower with Radar,49,14,37,0,100,0,1,67,0,68,49,15,104,0,168,22,0,22,190
07/24/2022,BTV,VT,ANE,EN,Combined TRACON& Tower with Radar,49,17,26,2,94,0,1,51,0,52,49,18,77,2,146,23,0,23,169
07/25/2022,BTV,VT,ANE,EN,Combined TRACON& Tower with Radar,49,13,20,8,90,0,0,85,2,87,49,13,105,10,177,59,0,59,236
07/26/2022,BTV,VT,ANE,EN,Combined TRACON& Tower with Radar,55,17,31,18,121,0,2,125,16,143,55,19,156,34,264,73,2,75,339
07/27/2022,BTV,VT,ANE,EN,Combined TRACON& Tower with Radar,55,15,4,23,97,0,0,153,10,163,55,15,157,33,260,111,0,111,371
07/28/2022,BTV,VT,ANE,EN,Combined TRACON& Tower with Radar,47,27,19,8,101,0,1,77,8,86,47,28,96,16,187,148,2,150,337
07/29/2022,BTV,VT,ANE,EN,Combined TRACON& Tower with Radar,56,19,38,2,115,0,1,118,0,119,56,20,156,2,234,116,0,116,350
07/30/2022,BTV,VT,ANE,EN,Combined TRACON& Tower with Radar,55,16,30,0,101,0,0,58,0,58,55,16,88,0,159,56,0,56,215
07/31/2022,BTV,VT,ANE,EN,Combined TRACON& Tower with Radar,48,21,28,0,97,0,1,78,0,79,48,22,106,0,176,76,0,76,252
08/01/2022,BTV,VT,ANE,EN,Combined TRACON& Tower with Radar,54,20,31,7,112,0,2,158,5,165,54,22,189,12,277,118,21,139,416
08/02/2022,BTV,VT,ANE,EN,Combined TRACON& Tower with Radar,54,19,18,6,97,0,0,72,8,80,54,19,90,14,177,179,0,179,356
08/03/2022,BTV,VT,ANE,EN,Combined TRACON& Tower with Radar,53,14,32,4,103,0,0,220,5,225,53,14,252,9,328,145,4,149,477
08/04/2022,BTV,VT,ANE,EN,Combined TRACON& Tower with Radar,46,16,22,5,89,0,1,113,12,126,46,17,135,17,215,145,14,159,374
08/05/2022,BTV,VT,ANE,EN,Combined TRACON& Tower with Radar,49,26,37,4,116,0,0,49,0,49,49,26,86,4,165,42,0,42,207
08/06/2022,BTV,VT,ANE,EN,Combined TRACON& Tower with Radar,51,34,39,1,125,0,3,77,5,85,51,37,116,6,210,109,16,125,335
08/07/2022,BTV,VT,ANE,EN,Combined TRACON& Tower with Radar,51,22,19,3,95,0,0,63,1,64,51,22,82,4,159,73,0,73,232
08/08/2022,BTV,VT,ANE,EN,Combined TRACON& Tower with Radar,52,17,37,7,113,0,0,34,3,37,52,17,71,10,150,97,24,121,271
08/09/2022,BTV,VT,ANE,EN,Combined TRACON& Tower with Radar,53,19,51,5,128,0,0,6,0,6,53,19,57,5,134,27,0,27,161
08/10/2022,BTV,VT,ANE,EN,Combined TRACON& Tower with Radar,51,22,37,14,124,0,1,150,5,156,51,23,187,19,280,231,1,232,512
08/11/2022,BTV,VT,ANE,EN,Combined TRACON& Tower with Radar,55,24,48,5,132,0,1,107,16,124,55,25,155,21,256,161,0,161,417
08/12/2022,BTV,VT,ANE,EN,Combined TRACON& Tower with Radar,53,21,39,5,118,0,0,143,2,145,53,21,182,7,263,116,0,116,379
08/13/2022,BTV,VT,ANE,EN,Combined TRACON& Tower with Radar,58,17,23,2,100,0,1,108,0,109,58,18,131,2,209,128,0,128,337
08/14/2022,BTV,VT,ANE,EN,Combined TRACON& Tower with Radar,51,13,37,0,101,0,3,111,0,114,51,16,148,0,215,61,0,61,276
08/15/2022,BTV,VT,ANE,EN,Combined TRACON& Tower with Radar,58,20,20,3,101,0,3,299,44,346,58,23,319,47,447,0,0,0,447
08/16/2022,BTV,VT,ANE,EN,Combined TRACON& Tower with Radar,57,16,31,0,104,0,1,126,15,142,57,17,157,15,246,288,2,290,536
08/17/2022,BTV,VT,ANE,EN,Combined TRACON& Tower with Radar,46,17,36,5,104,0,2,121,26,149,46,19,157,31,253,124,4,128,381
08/18/2022,BTV,VT,ANE,EN,Combined TRACON& Tower with Radar,55,28,22,7,112,0,1,102,23,126,55,29,124,30,238,145,7,152,390
08/19/2022,BTV,VT,ANE,EN,Combined TRACON& Tower with Radar,54,14,25,3,96,0,1,165,3,169,54,15,190,6,265,134,4,138,403
08/20/2022,BTV,VT,ANE,EN,Combined TRACON& Tower with Radar,56,10,5,0,71,0,2,106,0,108,56,12,111,0,179,97,0,97,276
08/21/2022,BTV,VT,ANE,EN,Combined TRACON& Tower with Radar,48,21,30,0,99,0,0,69,0,69,48,21,99,0,168,65,0,65,233
08/22/2022,BTV,VT,ANE,EN,Combined TRACON& Tower with Radar,50,23,31,7,111,0,0,106,0,106,50,23,137,7,217,220,8,228,445
08/23/2022,BTV,VT,ANE,EN,Combined TRACON& Tower with Radar,55,28,24,1,108,0,0,17,0,17,55,28,41,1,125,121,0,121,246
08/24/2022,BTV,VT,ANE,EN,Combined TRACON& Tower with Radar,58,18,42,6,124,0,0,94,3,97,58,18,136,9,221,187,6,193,414
08/25/2022,BTV,VT,ANE,EN,Combined TRACON& Tower with Radar,57,26,52,17,152,0,1,103,8,112,57,27,155,25,264,152,9,161,425
08/26/2022,BTV,VT,ANE,EN,Combined TRACON& Tower with Radar,55,14,14,1,84,0,0,35,1,36,55,14,49,2,120,115,0,115,235
08/27/2022,BTV,VT,ANE,EN,Combined TRACON& Tower with Radar,55,22,22,0,99,0,1,97,0,98,55,23,119,0,197,55,0,55,252
08/28/2022,BTV,VT,ANE,EN,Combined TRACON& Tower with Radar,53,18,21,0,92,0,1,102,2,105,53,19,123,2,197,118,2,120,317
08/29/2022,BTV,VT,ANE,EN,Combined TRACON& Tower with Radar,52,19,31,6,108,0,3,159,4,166,52,22,190,10,274,83,6,89,363
08/30/2022,BTV,VT,ANE,EN,Combined TRACON& Tower with Radar,49,14,19,25,107,0,0,99,7,106,49,14,118,32,213,123,0,123,336
08/31/2022,BTV,VT,ANE,EN,Combined TRACON& Tower with Radar,54,27,37,9,127,0,0,115,7,122,54,27,152,16,249,67,0,67,316
09/01/2022,BTV,VT,ANE,EN,Combined TRACON& Tower with Radar,55,23,57,13,148,0,0,153,2,155,55,23,210,15,303,150,0,150,453
09/02/2022,BTV,VT,ANE,EN,Combined TRACON& Tower with Radar,58,18,27,0,103,0,2,168,0,170,58,20,195,0,273,249,0,249,522
09/03/2022,BTV,VT,ANE,EN,Combined TRACON& Tower with Radar,53,10,10,0,73,0,1,79,0,80,53,11,89,0,153,107,0,107,260
09/04/2022,BTV,VT,ANE,EN,Combined TRACON& Tower with Radar,49,13,29,0,91,0,0,0,0,0,49,13,29,0,91,20,0,20,111
09/05/2022,BTV,VT,ANE,EN,Combined TRACON& Tower with Radar,58,19,41,0,118,0,0,1,0,1,58,19,42,0,119,9,0,9,128
09/06/2022,BTV,VT,ANE,EN,Combined TRACON& Tower with Radar,58,20,30,18,126,0,0,19,0,19,58,20,49,18,145,29,15,44,189
09/07/2022,BTV,VT,ANE,EN,Combined TRACON& Tower with Radar,53,25,37,11,126,0,7,162,12,181,53,32,199,23,307,215,1,216,523
09/08/2022,BTV,VT,ANE,EN,Combined TRACON& Tower with Radar,58,25,36,7,126,0,2,166,12,180,58,27,202,19,306,121,0,121,427
09/09/2022,BTV,VT,ANE,EN,Combined TRACON& Tower with Radar,58,18,25,9,110,0,4,204,9,217,58,22,229,18,327,172,11,183,510
09/10/2022,BTV,VT,ANE,EN,Combined TRACON& Tower with Radar,54,10,26,9,99,0,2,145,12,159,54,12,171,21,258,126,9,135,393
09/11/2022,BTV,VT,ANE,EN,Combined TRACON& Tower with Radar,46,10,23,0,79,0,1,94,14,109,46,11,117,14,188,139,0,139,327
09/12/2022,BTV,VT,ANE,EN,Combined TRACON& Tower with Radar,54,27,36,2,119,0,2,177,6,185,54,29,213,8,304,198,0,198,502
09/13/2022,BTV,VT,ANE,EN,Combined TRACON& Tower with Radar,53,18,24,8,103,0,0,11,3,14,53,18,35,11,117,66,6,72,189
09/14/2022,BTV,VT,ANE,EN,Combined TRACON& Tower with Radar,53,24,31,16,124,0,1,89,9,99,53,25,120,25,223,82,0,82,305
09/15/2022,BTV,VT,ANE,EN,Combined TRACON& Tower with Radar,56,15,34,18,123,0,5,138,18,161,56,20,172,36,284,137,2,139,423
09/16/2022,BTV,VT,ANE,EN,Combined TRACON& Tower with Radar,54,12,38,7,111,0,4,164,7,175,54,16,202,14,286,129,0,129,415
09/17/2022,BTV,VT,ANE,EN,Combined TRACON& Tower with Radar,53,7,23,0,83,0,1,126,0,127,53,8,149,0,210,182,0,182,392
09/18/2022,BTV,VT,ANE,EN,Combined TRACON& Tower with Radar,50,26,29,1,106,0,0,20,0,20,50,26,49,1,126,67,0,67,193
09/19/2022,BTV,VT,ANE,EN,Combined TRACON& Tower with Radar,50,11,23,1,85,0,0,2,0,2,50,11,25,1,87,0,0,0,87
09/20/2022,BTV,VT,ANE,EN,Combined TRACON& Tower with Radar,52,12,34,1,99,0,0,4,0,4,52,12,38,1,103,0,0,0,103
09/21/2022,BTV,VT,ANE,EN,Combined TRACON& Tower with Radar,49,15,53,17,134,0,0,65,9,74,49,15,118,26,208,122,1,123,331
09/22/2022,BTV,VT,ANE,EN,Combined TRACON& Tower with Radar,47,11,25,14,97,0,0,69,10,79,47,11,94,24,176,113,1,114,290
09/23/2022,BTV,VT,ANE,EN,Combined TRACON& Tower with Radar,59,19,27,8,113,0,1,58,3,62,59,20,85,11,175,87,1,88,263
09/24/2022,BTV,VT,ANE,EN,Combined TRACON& Tower with Radar,53,10,14,0,77,0,7,137,0,144,53,17,151,0,221,60,0,60,281
09/25/2022,BTV,VT,ANE,EN,Combined TRACON& Tower with Radar,49,9,20,1,79,0,1,58,3,62,49,10,78,4,141,74,0,74,215
09/26/2022,BTV,VT,ANE,EN,Combined TRACON& Tower with Radar,56,16,23,0,95,0,1,89,7,97,56,17,112,7,192,244,0,244,436
09/27/2022,BTV,VT,ANE,EN,Combined TRACON& Tower with Radar,53,10,27,8,98,0,3,95,13,111,53,13,122,21,209,145,0,145,354
09/28/2022,BTV,VT,ANE,EN,Combined TRACON& Tower with Radar,54,18,46,1,119,0,0,77,5,82,54,18,123,6,201,156,0,156,357
09/29/2022,BTV,VT,ANE,EN,Combined TRACON& Tower with Radar,57,19,28,1,105,0,2,180,10,192,57,21,208,11,297,235,0,235,532
09/30/2022,BTV,VT,ANE,EN,Combined TRACON& Tower with Radar,55,17,36,2,110,0,0,185,2,187,55,17,221,4,297,146,0,146,443
10/01/2022,BTV,VT,ANE,EN,Combined TRACON& Tower with Radar,54,22,16,1,93,0,1,114,0,115,54,23,130,1,208,100,0,100,308
10/02/2022,BTV,VT,ANE,EN,Combined TRACON& Tower with Radar,52,15,20,1,88,0,5,80,0,85,52,20,100,1,173,18,0,18,191
10/03/2022,BTV,VT,ANE,EN,Combined TRACON& Tower with Radar,51,15,40,0,106,0,0,162,0,162,51,15,202,0,268,193,0,193,461
10/04/2022,BTV,VT,ANE,EN,Combined TRACON& Tower with Radar,50,16,22,27,115,0,2,175,11,188,50,18,197,38,303,177,24,201,504
10/05/2022,BTV,VT,ANE,EN,Combined TRACON& Tower with Radar,53,14,37,35,139,0,2,162,2,166,53,16,199,37,305,159,26,185,490
10/06/2022,BTV,VT,ANE,EN,Combined TRACON& Tower with Radar,60,19,16,2,97,0,2,184,8,194,60,21,200,10,291,227,0,227,518
10/07/2022,BTV,VT,ANE,EN,Combined TRACON& Tower with Radar,57,22,44,0,123,0,4,83,0,87,57,26,127,0,210,66,0,66,276
10/08/2022,BTV,VT,ANE,EN,Combined TRACON& Tower with Radar,48,15,26,1,90,0,5,124,0,129,48,20,150,1,219,148,0,148,367
10/09/2022,BTV,VT,ANE,EN,Combined TRACON& Tower with Radar,53,13,25,0,91,0,0,39,0,39,53,13,64,0,130,88,0,88,218
10/10/2022,BTV,VT,ANE,EN,Combined TRACON& Tower with Radar,53,21,29,0,103,0,5,130,4,139,53,26,159,4,242,245,1,246,488
10/11/2022,BTV,VT,ANE,EN,Combined TRACON& Tower with Radar,52,17,28,22,119,0,2,168,7,177,52,19,196,29,296,169,0,169,465
10/12/2022,BTV,VT,ANE,EN,Combined TRACON& Tower with Radar,56,17,25,21,119,0,8,147,8,163,56,25,172,29,282,161,0,161,443
10/13/2022,BTV,VT,ANE,EN,Combined TRACON& Tower with Radar,59,26,25,14,124,0,0,26,0,26,59,26,51,14,150,45,0,45,195
10/14/2022,BTV,VT,ANE,EN,Combined TRACON& Tower with Radar,56,26,25,17,124,0,1,93,2,96,56,27,118,19,220,105,0,105,325
10/15/2022,BTV,VT,ANE,EN,Combined TRACON& Tower with Radar,48,24,23,15,110,0,2,122,7,131,48,26,145,22,241,44,2,46,287
10/16/2022,BTV,VT,ANE,EN,Combined TRACON& Tower with Radar,55,13,39,0,107,0,1,231,8,240,55,14,270,8,347,111,0,111,458
10/17/2022,BTV,VT,ANE,EN,Combined TRACON& Tower with Radar,54,11,21,9,95,0,1,85,0,86,54,12,106,9,181,215,4,219,400
10/18/2022,BTV,VT,ANE,EN,Combined TRACON& Tower with Radar,53,14,30,22,119,0,3,76,5,84,53,17,106,27,203,105,0,105,308
10/19/2022,BTV,VT,ANE,EN,Combined TRACON& Tower with Radar,56,16,23,16,111,0,0,128,4,132,56,16,151,20,243,142,2,144,387
10/20/2022,BTV,VT,ANE,EN,Combined TRACON& Tower with Radar,61,14,22,15,112,0,2,98,5,105,61,16,120,20,217,137,0,137,354
10/21/2022,BTV,VT,ANE,EN,Combined TRACON& Tower with Radar,56,19,33,9,117,0,2,147,1,150,56,21,180,10,267,171,0,171,438
10/22/2022,BTV,VT,ANE,EN,Combined TRACON& Tower with Radar,48,10,16,2,76,0,0,92,0,92,48,10,108,2,168,104,0,104,272
10/23/2022,BTV,VT,ANE,EN,Combined TRACON& Tower with Radar,54,6,24,0,84,0,3,111,0,114,54,9,135,0,198,237,0,237,435
10/24/2022,BTV,VT,ANE,EN,Combined TRACON& Tower with Radar,52,20,18,3,93,0,0,46,3,49,52,20,64,6,142,97,0,97,239
10/25/2022,BTV,VT,ANE,EN,Combined TRACON& Tower with Radar,47,15,40,22,124,0,1,91,7,99,47,16,131,29,223,208,10,218,441
10/26/2022,BTV,VT,ANE,EN,Combined TRACON& Tower with Radar,52,13,38,15,118,0,2,93,3,98,52,15,131,18,216,165,0,165,381
10/27/2022,BTV,VT,ANE,EN,Combined TRACON& Tower with Radar,57,31,39,15,142,0,2,112,8,122,57,33,151,23,264,75,0,75,339
10/28/2022,BTV,VT,ANE,EN,Combined TRACON& Tower with Radar,56,20,21,9,106,0,1,145,7,153,56,21,166,16,259,100,4,104,363
10/29/2022,BTV,VT,ANE,EN,Combined TRACON& Tower with Radar,46,17,16,0,79,0,3,127,0,130,46,20,143,0,209,100,0,100,309
10/30/2022,BTV,VT,ANE,EN,Combined TRACON& Tower with Radar,49,6,14,0,69,0,3,81,1,85,49,9,95,1,154,96,0,96,250
10/31/2022,BTV,VT,ANE,EN,Combined TRACON& Tower with Radar,49,14,23,5,91,0,0,93,2,95,49,14,116,7,186,140,0,140,326
11/01/2022,BTV,VT,ANE,EN,Combined TRACON& Tower with Radar,51,15,33,15,114,0,0,85,8,93,51,15,118,23,207,233,0,233,440
11/02/2022,BTV,VT,ANE,EN,Combined TRACON& Tower with Radar,53,21,12,14,100,0,4,109,10,123,53,25,121,24,223,128,2,130,353
11/03/2022,BTV,VT,ANE,EN,Combined TRACON& Tower with Radar,49,20,22,17,108,0,4,129,7,140,49,24,151,24,248,133,19,152,400
11/04/2022,BTV,VT,ANE,EN,Combined TRACON& Tower with Radar,47,15,28,13,103,0,3,134,5,142,47,18,162,18,245,78,0,78,323
11/05/2022,BTV,VT,ANE,EN,Combined TRACON& Tower with Radar,40,7,10,9,66,0,3,35,4,42,40,10,45,13,108,29,0,29,137
11/06/2022,BTV,VT,ANE,EN,Combined TRACON& Tower with Radar,45,17,20,4,86,0,2,8,0,10,45,19,28,4,96,23,6,29,125
11/07/2022,BTV,VT,ANE,EN,Combined TRACON& Tower with Radar,48,9,17,3,77,0,0,72,12,84,48,9,89,15,161,106,4,110,271
11/08/2022,BTV,VT,ANE,EN,Combined TRACON& Tower with Radar,51,19,24,16,110,0,2,103,12,117,51,21,127,28,227,118,0,118,345
11/09/2022,BTV,VT,ANE,EN,Combined TRACON& Tower with Radar,51,20,32,17,120,0,4,154,8,166,51,24,186,25,286,181,0,181,467
11/10/2022,BTV,VT,ANE,EN,Combined TRACON& Tower with Radar,53,15,22,7,97,0,3,79,4,86,53,18,101,11,183,128,0,128,311
11/11/2022,BTV,VT,ANE,EN,Combined TRACON& Tower with Radar,50,9,10,2,71,0,0,82,0,82,50,9,92,2,153,130,0,130,283
11/12/2022,BTV,VT,ANE,EN,Combined TRACON& Tower with Radar,39,8,9,0,56,0,0,10,0,10,39,8,19,0,66,100,0,100,166
11/13/2022,BTV,VT,ANE,EN,Combined TRACON& Tower with Radar,43,7,17,1,68,0,0,13,0,13,43,7,30,1,81,139,0,139,220
11/14/2022,BTV,VT,ANE,EN,Combined TRACON& Tower with Radar,51,4,26,1,82,0,3,113,1,117,51,7,139,2,199,114,0,114,313
11/15/2022,BTV,VT,ANE,EN,Combined TRACON& Tower with Radar,52,12,28,13,105,0,2,138,4,144,52,14,166,17,249,188,1,189,438
11/16/2022,BTV,VT,ANE,EN,Combined TRACON& Tower with Radar,50,13,6,0,69,0,0,0,0,0,50,13,6,0,69,0,0,0,69
11/17/2022,BTV,VT,ANE,EN,Combined TRACON& Tower with Radar,53,19,20,18,110,0,0,44,10,54,53,19,64,28,164,54,30,84,248
11/18/2022,BTV,VT,ANE,EN,Combined TRACON& Tower with Radar,50,14,25,9,98,0,0,55,2,57,50,14,80,11,155,139,0,139,294
11/19/2022,BTV,VT,ANE,EN,Combined TRACON& Tower with Radar,42,13,13,0,68,0,0,89,0,89,42,13,102,0,157,105,0,105,262
11/20/2022,BTV,VT,ANE,EN,Combined TRACON& Tower with Radar,45,6,27,0,78,0,0,10,1,11,45,6,37,1,89,2,0,2,91
11/21/2022,BTV,VT,ANE,EN,Combined TRACON& Tower with Radar,52,10,3,0,65,0,0,46,2,48,52,10,49,2,113,37,0,37,150
11/22/2022,BTV,VT,ANE,EN,Combined TRACON& Tower with Radar,49,20,31,18,118,0,8,147,20,175,49,28,178,38,293,125,0,125,418
11/23/2022,BTV,VT,ANE,EN,Combined TRACON& Tower with Radar,51,11,27,7,96,0,0,32,0,32,51,11,59,7,128,258,0,258,386
11/24/2022,BTV,VT,ANE,EN,Combined TRACON& Tower with Radar,26,4,5,0,35,0,6,30,0,36,26,10,35,0,71,30,0,30,101
11/25/2022,BTV,VT,ANE,EN,Combined TRACON& Tower with Radar,37,11,15,0,63,0,0,2,0,2,37,11,17,0,65,0,0,0,65
11/26/2022,BTV,VT,ANE,EN,Combined TRACON& Tower with Radar,40,13,24,0,77,0,3,74,0,77,40,16,98,0,154,130,0,130,284
11/27/2022,BTV,VT,ANE,EN,Combined TRACON& Tower with Radar,42,11,22,2,77,0,2,46,0,48,42,13,68,2,125,82,0,82,207
11/28/2022,BTV,VT,ANE,EN,Combined TRACON& Tower with Radar,54,10,15,1,80,0,0,28,0,28,54,10,43,1,108,70,0,70,178
11/29/2022,BTV,VT,ANE,EN,Combined TRACON& Tower with Radar,53,12,28,12,105,0,0,113,14,127,53,12,141,26,232,231,15,246,478
11/30/2022,BTV,VT,ANE,EN,Combined TRACON& Tower with Radar,42,21,9,4,76,0,0,5,0,5,42,21,14,4,81,59,0,59,140
12/01/2022,BTV,VT,ANE,EN,Combined TRACON& Tower with Radar,50,12,11,0,73,0,0,23,7,30,50,12,34,7,103,49,19,68,171
12/02/2022,BTV,VT,ANE,EN,Combined TRACON& Tower with Radar,51,9,41,8,109,0,0,118,0,118,51,9,159,8,227,136,6,142,369
12/03/2022,BTV,VT,ANE,EN,Combined TRACON& Tower with Radar,40,12,5,1,58,0,0,0,0,0,40,12,5,1,58,0,0,0,58
12/04/2022,BTV,VT,ANE,EN,Combined TRACON& Tower with Radar,42,15,18,1,76,0,1,90,0,91,42,16,108,1,167,126,0,126,293
12/05/2022,BTV,VT,ANE,EN,Combined TRACON& Tower with Radar,47,10,25,3,85,0,2,86,10,98,47,12,111,13,183,130,0,130,313
12/06/2022,BTV,VT,ANE,EN,Combined TRACON& Tower with Radar,47,10,12,17,86,0,0,36,2,38,47,10,48,19,124,225,0,225,349
12/07/2022,BTV,VT,ANE,EN,Combined TRACON& Tower with Radar,49,14,19,0,82,0,0,0,0,0,49,14,19,0,82,20,0,20,102
12/08/2022,BTV,VT,ANE,EN,Combined TRACON& Tower with Radar,47,18,16,17,98,0,0,86,10,96,47,18,102,27,194,228,0,228,422
12/09/2022,BTV,VT,ANE,EN,Combined TRACON& Tower with Radar,48,23,34,5,110,0,4,159,5,168,48,27,193,10,278,120,1,121,399
12/10/2022,BTV,VT,ANE,EN,Combined TRACON& Tower with Radar,36,12,17,0,65,0,0,106,0,106,36,12,123,0,171,165,0,165,336
12/11/2022,BTV,VT,ANE,EN,Combined TRACON& Tower with Radar,40,14,11,0,65,0,0,17,0,17,40,14,28,0,82,76,0,76,158
12/12/2022,BTV,VT,ANE,EN,Combined TRACON& Tower with Radar,46,17,26,2,91,0,5,91,8,104,46,22,117,10,195,99,0,99,294
12/13/2022,BTV,VT,ANE,EN,Combined TRACON& Tower with Radar,47,14,30,12,103,0,0,123,1,124,47,14,153,13,227,194,4,198,425
12/14/2022,BTV,VT,ANE,EN,Combined TRACON& Tower with Radar,50,18,32,15,115,0,1,69,1,71,50,19,101,16,186,110,0,110,296
12/15/2022,BTV,VT,ANE,EN,Combined TRACON& Tower with Radar,46,22,21,27,116,0,0,117,6,123,46,22,138,33,239,135,6,141,380
12/16/2022,BTV,VT,ANE,EN,Combined TRACON& Tower with Radar,44,10,4,0,58,0,0,0,0,0,44,10,4,0,58,0,0,0,58
12/17/2022,BTV,VT,ANE,EN,Combined TRACON& Tower with Radar,48,15,14,0,77,1,0,1,0,2,49,15,15,0,79,0,0,0,79
12/18/2022,BTV,VT,ANE,EN,Combined TRACON& Tower with Radar,41,20,9,0,70,0,1,36,0,37,41,21,45,0,107,63,0,63,170
12/19/2022,BTV,VT,ANE,EN,Combined TRACON& Tower with Radar,44,27,18,0,89,0,0,53,0,53,44,27,71,0,142,85,0,85,227
12/20/2022,BTV,VT,ANE,EN,Combined TRACON& Tower with Radar,46,21,16,8,91,0,0,83,11,94,46,21,99,19,185,172,3,175,360
12/21/2022,BTV,VT,ANE,EN,Combined TRACON& Tower with Radar,47,26,21,16,110,0,3,128,9,140,47,29,149,25,250,152,10,162,412
12/22/2022,BTV,VT,ANE,EN,Combined TRACON& Tower with Radar,44,27,13,14,98,0,1,125,8,134,44,28,138,22,232,164,0,164,396
12/23/2022,BTV,VT,ANE,EN,Combined TRACON& Tower with Radar,24,11,2,0,37,0,0,0,0,0,24,11,2,0,37,0,0,0,37
12/24/2022,BTV,VT,ANE,EN,Combined TRACON& Tower with Radar,26,12,5,0,43,0,0,2,0,2,26,12,7,0,45,0,0,0,45
12/25/2022,BTV,VT,ANE,EN,Combined TRACON& Tower with Radar,18,11,5,0,34,0,0,1,0,1,18,11,6,0,35,0,0,0,35
12/26/2022,BTV,VT,ANE,EN,Combined TRACON& Tower with Radar,32,26,22,0,80,0,1,43,0,44,32,27,65,0,124,31,0,31,155
12/27/2022,BTV,VT,ANE,EN,Combined TRACON& Tower with Radar,34,16,23,0,73,0,0,54,0,54,34,16,77,0,127,129,0,129,256
12/28/2022,BTV,VT,ANE,EN,Combined TRACON& Tower with Radar,35,15,14,8,72,0,2,31,0,33,35,17,45,8,105,73,0,73,178
12/29/2022,BTV,VT,ANE,EN,Combined TRACON& Tower with Radar,33,22,16,18,89,0,3,103,3,109,33,25,119,21,198,36,4,40,238
12/30/2022,BTV,VT,ANE,EN,Combined TRACON& Tower with Radar,34,14,19,12,79,0,2,84,4,90,34,16,103,16,169,102,0,102,271
12/31/2022,BTV,VT,ANE,EN,Combined TRACON& Tower with Radar,29,10,9,0,48,0,1,16,0,17,29,11,25,0,65,18,29,47,112
01/01/2023,BTV,VT,ANE,EN,Combined TRACON& Tower with Radar,31,18,7,0,56,0,0,8,0,8,31,18,15,0,64,44,0,44,108
01/02/2023,BTV,VT,ANE,EN,Combined TRACON& Tower with Radar,34,10,25,0,69,0,0,65,0,65,34,10,90,0,134,151,0,151,285
01/03/2023,BTV,VT,ANE,EN,Combined TRACON& Tower with Radar,36,12,19,0,67,0,0,77,4,81,36,12,96,4,148,256,12,268,416
01/04/2023,BTV,VT,ANE,EN,Combined TRACON& Tower with Radar,35,22,5,0,62,0,0,0,0,0,35,22,5,0,62,0,0,0,62
01/05/2023,BTV,VT,ANE,EN,Combined TRACON& Tower with Radar,29,21,20,17,87,0,0,17,2,19,29,21,37,19,106,134,0,134,240
01/06/2023,BTV,VT,ANE,EN,Combined TRACON& Tower with Radar,31,26,22,13,92,0,1,64,4,69,31,27,86,17,161,207,8,215,376
01/07/2023,BTV,VT,ANE,EN,Combined TRACON& Tower with Radar,33,11,9,13,66,0,0,21,0,21,33,11,30,13,87,128,0,128,215
01/08/2023,BTV,VT,ANE,EN,Combined TRACON& Tower with Radar,40,13,20,0,73,0,1,101,0,102,40,14,121,0,175,188,0,188,363
01/09/2023,BTV,VT,ANE,EN,Combined TRACON& Tower with Radar,43,13,19,1,76,0,0,99,5,104,43,13,118,6,180,297,0,297,477
01/10/2023,BTV,VT,ANE,EN,Combined TRACON& Tower with Radar,46,17,17,7,87,0,2,99,16,117,46,19,116,23,204,152,1,153,357
01/11/2023,BTV,VT,ANE,EN,Combined TRACON& Tower with Radar,41,20,14,13,88,0,2,138,4,144,41,22,152,17,232,112,0,112,344
01/12/2023,BTV,VT,ANE,EN,Combined TRACON& Tower with Radar,45,17,18,4,84,0,0,12,2,14,45,17,30,6,98,151,0,151,249
01/13/2023,BTV,VT,ANE,EN,Combined TRACON& Tower with Radar,46,28,10,0,84,0,0,0,0,0,46,28,10,0,84,0,0,0,84
01/14/2023,BTV,VT,ANE,EN,Combined TRACON& Tower with Radar,35,20,12,0,67,0,0,2,0,2,35,20,14,0,69,0,0,0,69
01/15/2023,BTV,VT,ANE,EN,Combined TRACON& Tower with Radar,40,15,35,0,90,0,0,40,0,40,40,15,75,0,130,91,0,91,221
01/16/2023,BTV,VT,ANE,EN,Combined TRACON& Tower with Radar,41,33,27,2,103,0,1,72,0,73,41,34,99,2,176,131,0,131,307
01/17/2023,BTV,VT,ANE,EN,Combined TRACON& Tower with Radar,42,28,17,10,97,0,0,142,12,154,42,28,159,22,251,120,8,128,379
01/18/2023,BTV,VT,ANE,EN,Combined TRACON& Tower with Radar,42,24,14,12,92,0,0,27,0,27,42,24,41,12,119,202,0,202,321
01/19/2023,BTV,VT,ANE,EN,Combined TRACON& Tower with Radar,43,30,15,3,91,0,0,117,19,136,43,30,132,22,227,216,0,216,443
01/20/2023,BTV,VT,ANE,EN,Combined TRACON& Tower with Radar,42,24,10,0,76,0,0,2,0,2,42,24,12,0,78,6,0,6,84
01/21/2023,BTV,VT,ANE,EN,Combined TRACON& Tower with Radar,34,19,13,0,66,0,0,31,0,31,34,19,44,0,97,195,0,195,292
01/22/2023,BTV,VT,ANE,EN,Combined TRACON& Tower with Radar,40,20,7,0,67,0,0,31,0,31,40,20,38,0,98,99,0,99,197
01/23/2023,BTV,VT,ANE,EN,Combined TRACON& Tower with Radar,41,11,10,0,62,0,0,7,0,7,41,11,17,0,69,0,0,0,69
01/24/2023,BTV,VT,ANE,EN,Combined TRACON& Tower with Radar,43,25,14,12,94,0,0,52,3,55,43,25,66,15,149,58,15,73,222
01/25/2023,BTV,VT,ANE,EN,Combined TRACON& Tower with Radar,37,15,12,6,70,0,0,74,4,78,37,15,86,10,148,106,0,106,254
01/26/2023,BTV,VT,ANE,EN,Combined TRACON& Tower with Radar,45,19,4,0,68,0,0,4,0,4,45,19,8,0,72,0,0,0,72
01/27/2023,BTV,VT,ANE,EN,Combined TRACON& Tower with Radar,46,28,23,5,102,0,3,134,4,141,46,31,157,9,243,155,0,155,398
01/28/2023,BTV,VT,ANE,EN,Combined TRACON& Tower with Radar,35,23,14,1,73,0,2,38,0,40,35,25,52,1,113,95,1,96,209
01/29/2023,BTV,VT,ANE,EN,Combined TRACON& Tower with Radar,40,24,8,0,72,0,0,14,0,14,40,24,22,0,86,100,0,100,186
01/30/2023,BTV,VT,ANE,EN,Combined TRACON& Tower with Radar,43,19,17,0,79,0,0,15,2,17,43,19,32,2,96,74,7,81,177
01/31/2023,BTV,VT,ANE,EN,Combined TRACON& Tower with Radar,44,20,18,11,93,0,1,132,18,151,44,21,150,29,244,76,0,76,320
02/01/2023,BTV,VT,ANE,EN,Combined TRACON& Tower with Radar,43,19,13,10,85,0,3,119,6,128,43,22,132,16,213,97,0,97,310
02/02/2023,BTV,VT,ANE,EN,Combined TRACON& Tower with Radar,46,15,14,21,96,0,2,93,7,102,46,17,107,28,198,53,5,58,256
02/03/2023,BTV,VT,ANE,EN,Combined TRACON& Tower with Radar,38,27,9,3,77,0,1,5,2,8,38,28,14,5,85,0,14,14,99
02/04/2023,BTV,VT,ANE,EN,Combined TRACON& Tower with Radar,31,17,4,9,61,0,1,11,0,12,31,18,15,9,73,0,0,0,73
02/05/2023,BTV,VT,ANE,EN,Combined TRACON& Tower with Radar,36,22,21,9,88,0,1,42,12,55,36,23,63,21,143,37,0,37,180
02/06/2023,BTV,VT,ANE,EN,Combined TRACON& Tower with Radar,37,24,19,0,80,0,1,102,1,104,37,25,121,1,184,131,0,131,315
02/07/2023,BTV,VT,ANE,EN,Combined TRACON& Tower with Radar,40,29,11,6,86,0,1,83,6,90,40,30,94,12,176,107,0,107,283
02/08/2023,BTV,VT,ANE,EN,Combined TRACON& Tower with Radar,40,29,17,9,95,0,0,138,2,140,40,29,155,11,235,218,0,218,453
02/09/2023,BTV,VT,ANE,EN,Combined TRACON& Tower with Radar,39,27,14,11,91,0,0,54,6,60,39,27,68,17,151,104,0,104,255
02/10/2023,BTV,VT,ANE,EN,Combined TRACON& Tower with Radar,45,24,16,7,92,0,1,22,0,23,45,25,38,7,115,85,0,85,200
02/11/2023,BTV,VT,ANE,EN,Combined TRACON& Tower with Radar,39,13,10,0,62,0,3,113,1,117,39,16,123,1,179,117,0,117,296
02/12/2023,BTV,VT,ANE,EN,Combined TRACON& Tower with Radar,41,14,19,0,74,0,3,123,2,128,41,17,142,2,202,50,0,50,252
02/13/2023,BTV,VT,ANE,EN,Combined TRACON& Tower with Radar,44,16,18,5,83,0,2,141,8,151,44,18,159,13,234,154,0,154,388
02/14/2023,BTV,VT,ANE,EN,Combined TRACON& Tower with Radar,46,21,16,16,99,0,1,92,4,97,46,22,108,20,196,141,2,143,339
02/15/2023,BTV,VT,ANE,EN,Combined TRACON& Tower with Radar,46,28,8,9,91,0,3,26,13,42,46,31,34,22,133,23,0,23,156
02/16/2023,BTV,VT,ANE,EN,Combined TRACON& Tower with Radar,45,19,28,7,99,0,1,117,6,124,45,20,145,13,223,264,3,267,490
02/17/2023,BTV,VT,ANE,EN,Combined TRACON& Tower with Radar,45,29,16,1,91,0,0,0,0,0,45,29,16,1,91,0,0,0,91
02/18/2023,BTV,VT,ANE,EN,Combined TRACON& Tower with Radar,38,13,26,2,79,0,8,110,0,118,38,21,136,2,197,170,0,170,367
02/19/2023,BTV,VT,ANE,EN,Combined TRACON& Tower with Radar,41,16,17,0,74,0,2,65,1,68,41,18,82,1,142,95,0,95,237
02/20/2023,BTV,VT,ANE,EN,Combined TRACON& Tower with Radar,44,19,34,0,97,0,2,90,2,94,44,21,124,2,191,169,0,169,360
02/21/2023,BTV,VT,ANE,EN,Combined TRACON& Tower with Radar,45,21,18,8,92,0,0,101,5,106,45,21,119,13,198,152,0,152,350
02/22/2023,BTV,VT,ANE,EN,Combined TRACON& Tower with Radar,40,21,18,9,88,0,1,117,6,124,40,22,135,15,212,188,0,188,400
02/23/2023,BTV,VT,ANE,EN,Combined TRACON& Tower with Radar,43,23,3,1,70,0,0,0,0,0,43,23,3,1,70,0,0,0,70
02/24/2023,BTV,VT,ANE,EN,Combined TRACON& Tower with Radar,43,33,27,7,110,0,0,37,3,40,43,33,64,10,150,81,0,81,231
02/25/2023,BTV,VT,ANE,EN,Combined TRACON& Tower with Radar,39,26,9,0,74,0,0,21,0,21,39,26,30,0,95,22,0,22,117
02/26/2023,BTV,VT,ANE,EN,Combined TRACON& Tower with Radar,43,25,16,0,84,0,0,0,0,0,43,25,16,0,84,7,0,7,91
02/27/2023,BTV,VT,ANE,EN,Combined TRACON& Tower with Radar,39,17,11,0,67,0,0,127,2,129,39,17,138,2,196,109,0,109,305
02/28/2023,BTV,VT,ANE,EN,Combined TRACON& Tower with Radar,38,15,7,0,60,0,0,0,0,0,38,15,7,0,60,0,0,0,60
03/01/2023,BTV,VT,ANE,EN,Combined TRACON& Tower with Radar,46,24,17,4,91,0,0,104,8,112,46,24,121,12,203,175,0,175,378
03/02/2023,BTV,VT,ANE,EN,Combined TRACON& Tower with Radar,44,28,14,7,93,0,0,2,0,2,44,28,16,7,95,50,0,50,145
03/03/2023,BTV,VT,ANE,EN,Combined TRACON& Tower with Radar,38,21,16,11,86,1,2,140,4,147,39,23,156,15,233,224,1,225,458
03/04/2023,BTV,VT,ANE,EN,Combined TRACON& Tower with Radar,29,14,1,0,44,0,0,0,0,0,29,14,1,0,44,0,0,0,44
03/05/2023,BTV,VT,ANE,EN,Combined TRACON& Tower with Radar,40,29,21,4,94,0,1,38,0,39,40,30,59,4,133,164,0,164,297
03/06/2023,BTV,VT,ANE,EN,Combined TRACON& Tower with Radar,44,15,18,2,79,0,1,114,2,117,44,16,132,4,196,186,0,186,382
03/07/2023,BTV,VT,ANE,EN,Combined TRACON& Tower with Radar,44,18,21,15,98,0,1,8,1,10,44,19,29,16,108,10,0,10,118
03/08/2023,BTV,VT,ANE,EN,Combined TRACON& Tower with Radar,45,17,18,17,97,0,1,25,0,26,45,18,43,17,123,62,0,62,185
03/09/2023,BTV,VT,ANE,EN,Combined TRACON& Tower with Radar,45,16,19,16,96,0,3,63,9,75,45,19,82,25,171,182,0,182,353
03/10/2023,BTV,VT,ANE,EN,Combined TRACON& Tower with Radar,43,27,30,8,108,0,1,152,12,165,43,28,182,20,273,203,0,203,476
03/11/2023,BTV,VT,ANE,EN,Combined TRACON& Tower with Radar,34,25,11,0,70,0,0,89,0,89,34,25,100,0,159,146,0,146,305
03/12/2023,BTV,VT,ANE,EN,Combined TRACON& Tower with Radar,40,15,22,0,77,0,3,106,0,109,40,18,128,0,186,100,0,100,286
03/13/2023,BTV,VT,ANE,EN,Combined TRACON& Tower with Radar,42,8,13,0,63,0,1,55,0,56,42,9,68,0,119,308,0,308,427
03/14/2023,BTV,VT,ANE,EN,Combined TRACON& Tower with Radar,21,4,8,0,33,0,0,0,0,0,21,4,8,0,33,0,0,0,33
03/15/2023,BTV,VT,ANE,EN,Combined TRACON& Tower with Radar,33,14,11,14,72,0,1,12,0,13,33,15,23,14,85,0,0,0,85
03/16/2023,BTV,VT,ANE,EN,Combined TRACON& Tower with Radar,43,24,29,18,114,0,2,72,1,75,43,26,101,19,189,59,0,59,248
03/17/2023,BTV,VT,ANE,EN,Combined TRACON& Tower with Radar,45,23,15,10,93,0,1,82,0,83,45,24,97,10,176,212,2,214,390
03/18/2023,BTV,VT,ANE,EN,Combined TRACON& Tower with Radar,35,19,8,2,64,0,1,95,1,97,35,20,103,3,161,132,1,133,294
03/19/2023,BTV,VT,ANE,EN,Combined TRACON& Tower with Radar,39,19,11,1,70,0,0,19,0,19,39,19,30,1,89,22,0,22,111
03/20/2023,BTV,VT,ANE,EN,Combined TRACON& Tower with Radar,44,9,29,2,84,0,2,144,1,147,44,11,173,3,231,215,0,215,446
03/21/2023,BTV,VT,ANE,EN,Combined TRACON& Tower with Radar,45,19,19,16,99,0,1,121,16,138,45,20,140,32,237,150,2,152,389
03/22/2023,BTV,VT,ANE,EN,Combined TRACON& Tower with Radar,44,19,23,8,94,0,4,163,2,169,44,23,186,10,263,148,0,148,411
03/23/2023,BTV,VT,ANE,EN,Combined TRACON& Tower with Radar,46,18,15,10,89,0,1,18,0,19,46,19,33,10,108,92,0,92,200
03/24/2023,BTV,VT,ANE,EN,Combined TRACON& Tower with Radar,44,16,19,18,97,0,1,131,7,139,44,17,150,25,236,194,0,194,430
03/25/2023,BTV,VT,ANE,EN,Combined TRACON& Tower with Radar,36,13,9,0,58,0,0,46,0,46,36,13,55,0,104,16,0,16,120
03/26/2023,BTV,VT,ANE,EN,Combined TRACON& Tower with Radar,42,22,10,0,74,0,0,6,0,6,42,22,16,0,80,16,0,16,96
03/27/2023,BTV,VT,ANE,EN,Combined TRACON& Tower with Radar,45,16,15,0,76,0,1,141,6,148,45,17,156,6,224,116,0,116,340
03/28/2023,BTV,VT,ANE,EN,Combined TRACON& Tower with Radar,48,11,35,16,110,0,2,143,12,157,48,13,178,28,267,104,0,104,371
03/29/2023,BTV,VT,ANE,EN,Combined TRACON& Tower with Radar,49,21,31,17,118,1,2,110,7,120,50,23,141,24,238,162,0,162,400
03/30/2023,BTV,VT,ANE,EN,Combined TRACON& Tower with Radar,46,27,40,15,128,0,4,68,12,84,46,31,108,27,212,34,1,35,247
03/31/2023,BTV,VT,ANE,EN,Combined TRACON& Tower with Radar,43,23,19,9,94,0,3,85,1,89,43,26,104,10,183,107,0,107,290
04/01/2023,BTV,VT,ANE,EN,Combined TRACON& Tower with Radar,39,15,4,10,68,0,1,2,2,5,39,16,6,12,73,0,0,0,73
04/02/2023,BTV,VT,ANE,EN,Combined TRACON& Tower with Radar,43,11,13,4,71,0,2,77,4,83,43,13,90,8,154,64,0,64,218
04/03/2023,BTV,VT,ANE,EN,Combined TRACON& Tower with Radar,46,10,18,12,86,0,3,40,8,51,46,13,58,20,137,33,4,37,174
04/04/2023,BTV,VT,ANE,EN,Combined TRACON& Tower with Radar,50,9,23,4,86,0,3,143,5,151,50,12,166,9,237,179,0,179,416
04/05/2023,BTV,VT,ANE,EN,Combined TRACON& Tower with Radar,48,11,13,14,86,0,1,14,0,15,48,12,27,14,101,25,0,25,126
04/06/2023,BTV,VT,ANE,EN,Combined TRACON& Tower with Radar,55,17,38,9,119,0,2,92,6,100,55,19,130,15,219,175,0,175,394
04/07/2023,BTV,VT,ANE,EN,Combined TRACON& Tower with Radar,52,6,9,0,67,0,3,34,2,39,52,9,43,2,106,85,0,85,191
04/08/2023,BTV,VT,ANE,EN,Combined TRACON& Tower with Radar,41,9,13,0,63,0,1,113,0,114,41,10,126,0,177,71,0,71,248
04/09/2023,BTV,VT,ANE,EN,Combined TRACON& Tower with Radar,48,7,16,0,71,0,0,106,1,107,48,7,122,1,178,130,0,130,308
04/10/2023,BTV,VT,ANE,EN,Combined TRACON& Tower with Radar,51,14,12,4,81,0,4,161,0,165,51,18,173,4,246,197,19,216,462
04/11/2023,BTV,VT,ANE,EN,Combined TRACON& Tower with Radar,56,15,16,19,106,0,4,75,10,89,56,19,91,29,195,74,2,76,271
04/12/2023,BTV,VT,ANE,EN,Combined TRACON& Tower with Radar,52,14,29,15,110,0,5,116,8,129,52,19,145,23,239,189,0,189,428
04/13/2023,BTV,VT,ANE,EN,Combined TRACON& Tower with Radar,51,14,28,19,112,0,4,163,11,178,51,18,191,30,290,254,2,256,546
04/14/2023,BTV,VT,ANE,EN,Combined TRACON& Tower with Radar,51,12,27,11,101,0,4,160,8,172,51,16,187,19,273,229,0,229,502
04/15/2023,BTV,VT,ANE,EN,Combined TRACON& Tower with Radar,37,12,19,0,68,0,0,134,1,135,37,12,153,1,203,160,0,160,363
04/16/2023,BTV,VT,ANE,EN,Combined TRACON& Tower with Radar,47,13,15,0,75,0,0,136,0,136,47,13,151,0,211,132,0,132,343
04/17/2023,BTV,VT,ANE,EN,Combined TRACON& Tower with Radar,50,10,16,0,76,0,0,14,0,14,50,10,30,0,90,61,0,61,151
04/18/2023,BTV,VT,ANE,EN,Combined TRACON& Tower with Radar,51,14,14,14,93,0,2,90,2,94,51,16,104,16,187,196,4,200,387
04/19/2023,BTV,VT,ANE,EN,Combined TRACON& Tower with Radar,51,19,14,10,94,0,2,90,4,96,51,21,104,14,190,260,0,260,450
04/20/2023,BTV,VT,ANE,EN,Combined TRACON& Tower with Radar,50,9,31,13,103,0,4,138,17,159,50,13,169,30,262,234,0,234,496
04/21/2023,BTV,VT,ANE,EN,Combined TRACON& Tower with Radar,52,11,34,21,118,0,3,150,3,156,52,14,184,24,274,138,10,148,422
04/22/2023,BTV,VT,ANE,EN,Combined TRACON& Tower with Radar,38,11,18,0,67,0,0,42,0,42,38,11,60,0,109,72,0,72,181
04/23/2023,BTV,VT,ANE,EN,Combined TRACON& Tower with Radar,44,8,11,0,63,0,0,1,0,1,44,8,12,0,64,24,0,24,88
04/24/2023,BTV,VT,ANE,EN,Combined TRACON& Tower with Radar,51,13,21,0,85,0,1,12,0,13,51,14,33,0,98,101,0,101,199
04/25/2023,BTV,VT,ANE,EN,Combined TRACON& Tower with Radar,53,13,15,0,81,0,1,41,10,52,53,14,56,10,133,229,0,229,362
04/26/2023,BTV,VT,ANE,EN,Combined TRACON& Tower with Radar,52,10,16,9,87,0,5,116,3,124,52,15,132,12,211,128,6,134,345
04/27/2023,BTV,VT,ANE,EN,Combined TRACON& Tower with Radar,51,17,22,9,99,0,4,126,6,136,51,21,148,15,235,197,22,219,454
04/28/2023,BTV,VT,ANE,EN,Combined TRACON& Tower with Radar,50,13,22,6,91,0,4,166,0,170,50,17,188,6,261,171,2,173,434
04/29/2023,BTV,VT,ANE,EN,Combined TRACON& Tower with Radar,36,18,7,0,61,0,1,34,0,35,36,19,41,0,96,46,0,46,142
04/30/2023,BTV,VT,ANE,EN,Combined TRACON& Tower with Radar,46,11,6,0,63,0,0,9,0,9,46,11,15,0,72,5,0,5,77
05/01/2023,BTV,VT,ANE,EN,Combined TRACON& Tower with Radar,50,13,10,0,73,0,2,18,0,20,50,15,28,0,93,78,0,78,171
05/02/2023,BTV,VT,ANE,EN,Combined TRACON& Tower with Radar,52,16,20,14,102,0,3,38,2,43,52,19,58,16,145,205,0,205,350
05/03/2023,BTV,VT,ANE,EN,Combined TRACON& Tower with Radar,50,14,23,15,102,0,4,27,0,31,50,18,50,15,133,235,0,235,368
05/04/2023,BTV,VT,ANE,EN,Combined TRACON& Tower with Radar,51,18,29,13,111,0,6,82,3,91,51,24,111,16,202,354,0,354,556
05/05/2023,BTV,VT,ANE,EN,Combined TRACON& Tower with Radar,50,12,23,10,95,0,2,139,2,143,50,14,162,12,238,150,0,150,388
05/06/2023,BTV,VT,ANE,EN,Combined TRACON& Tower with Radar,41,8,29,9,87,0,1,157,4,162,41,9,186,13,249,83,0,83,332
05/07/2023,BTV,VT,ANE,EN,Combined TRACON& Tower with Radar,46,18,30,4,98,0,1,114,2,117,46,19,144,6,215,100,0,100,315
05/08/2023,BTV,VT,ANE,EN,Combined TRACON& Tower with Radar,50,8,18,2,78,0,3,129,2,134,50,11,147,4,212,227,0,227,439
05/09/2023,BTV,VT,ANE,EN,Combined TRACON& Tower with Radar,50,15,35,5,105,0,3,124,11,138,50,18,159,16,243,133,2,135,378
05/10/2023,BTV,VT,ANE,EN,Combined TRACON& Tower with Radar,54,10,26,9,99,0,9,165,3,177,54,19,191,12,276,337,13,350,626
05/11/2023,BTV,VT,ANE,EN,Combined TRACON& Tower with Radar,54,16,22,7,99,0,6,150,6,162,54,22,172,13,261,236,0,236,497
05/12/2023,BTV,VT,ANE,EN,Combined TRACON& Tower with Radar,52,14,17,3,86,0,7,133,5,145,52,21,150,8,231,214,0,214,445
05/13/2023,BTV,VT,ANE,EN,Combined TRACON& Tower with Radar,42,6,20,0,68,0,1,70,1,72,42,7,90,1,140,118,0,118,258
05/14/2023,BTV,VT,ANE,EN,Combined TRACON& Tower with Radar,46,10,19,0,75,0,4,55,0,59,46,14,74,0,134,67,0,67,201
05/15/2023,BTV,VT,ANE,EN,Combined TRACON& Tower with Radar,50,8,14,5,77,0,8,109,3,120,50,16,123,8,197,133,0,133,330
05/16/2023,BTV,VT,ANE,EN,Combined TRACON& Tower with Radar,49,9,22,7,87,0,10,91,3,104,49,19,113,10,191,146,0,146,337
05/17/2023,BTV,VT,ANE,EN,Combined TRACON& Tower with Radar,52,12,13,8,85,0,5,69,2,76,52,17,82,10,161,102,1,103,264
05/18/2023,BTV,VT,ANE,EN,Combined TRACON& Tower with Radar,52,23,32,18,125,0,13,168,18,199,52,36,200,36,324,147,9,156,480
05/19/2023,BTV,VT,ANE,EN,Combined TRACON& Tower with Radar,54,24,20,5,103,0,4,51,3,58,54,28,71,8,161,10,0,10,171
05/20/2023,BTV,VT,ANE,EN,Combined TRACON& Tower with Radar,42,21,3,0,66,0,0,32,0,32,42,21,35,0,98,10,0,10,108
05/21/2023,BTV,VT,ANE,EN,Combined TRACON& Tower with Radar,52,15,25,0,92,0,1,60,0,61,52,16,85,0,153,147,0,147,300
05/22/2023,BTV,VT,ANE,EN,Combined TRACON& Tower with Radar,50,13,21,2,86,0,6,146,4,156,50,19,167,6,242,198,0,198,440
05/23/2023,BTV,VT,ANE,EN,Combined TRACON& Tower with Radar,50,15,27,8,100,0,4,182,7,193,50,19,209,15,293,220,0,220,513
05/24/2023,BTV,VT,ANE,EN,Combined TRACON& Tower with Radar,54,12,14,17,97,0,4,58,0,62,54,16,72,17,159,78,0,78,237
05/25/2023,BTV,VT,ANE,EN,Combined TRACON& Tower with Radar,53,18,9,5,85,0,4,122,2,128,53,22,131,7,213,184,4,188,401
05/26/2023,BTV,VT,ANE,EN,Combined TRACON& Tower with Radar,53,21,25,2,101,0,1,163,2,166,53,22,188,4,267,67,0,67,334
05/27/2023,BTV,VT,ANE,EN,Combined TRACON& Tower with Radar,43,10,24,0,77,0,5,108,0,113,43,15,132,0,190,104,0,104,294
05/28/2023,BTV,VT,ANE,EN,Combined TRACON& Tower with Radar,48,7,17,0,72,0,0,88,0,88,48,7,105,0,160,101,0,101,261
05/29/2023,BTV,VT,ANE,EN,Combined TRACON& Tower with Radar,47,13,34,0,94,0,0,118,0,118,47,13,152,0,212,95,0,95,307
05/30/2023,BTV,VT,ANE,EN,Combined TRACON& Tower with Radar,49,14,25,16,104,0,13,113,15,141,49,27,138,31,245,75,21,96,341
05/31/2023,BTV,VT,ANE,EN,Combined TRACON& Tower with Radar,52,18,21,19,110,0,6,140,6,152,52,24,161,25,262,111,13,124,386
06/01/2023,BTV,VT,ANE,EN,Combined TRACON& Tower with Radar,53,13,15,14,95,2,5,147,9,163,55,18,162,23,258,99,0,99,357
06/02/2023,BTV,VT,ANE,EN,Combined TRACON& Tower with Radar,60,13,19,9,101,0,7,106,3,116,60,20,125,12,217,113,0,113,330
06/03/2023,BTV,VT,ANE,EN,Combined TRACON& Tower with Radar,48,18,13,4,83,0,2,24,2,28,48,20,37,6,111,146,0,146,257
06/04/2023,BTV,VT,ANE,EN,Combined TRACON& Tower with Radar,50,15,26,3,94,0,4,45,4,53,50,19,71,7,147,157,0,157,304
06/05/2023,BTV,VT,ANE,EN,Combined TRACON& Tower with Radar,54,11,26,10,101,0,6,115,6,127,54,17,141,16,228,244,0,244,472
06/06/2023,BTV,VT,ANE,EN,Combined TRACON& Tower with Radar,50,13,25,3,91,0,5,93,8,106,50,18,118,11,197,131,0,131,328
06/07/2023,BTV,VT,ANE,EN,Combined TRACON& Tower with Radar,49,11,34,9,103,0,4,46,0,50,49,15,80,9,153,139,4,143,296
06/08/2023,BTV,VT,ANE,EN,Combined TRACON& Tower with Radar,54,12,47,6,119,0,3,35,0,38,54,15,82,6,157,130,0,130,287
06/09/2023,BTV,VT,ANE,EN,Combined TRACON& Tower with Radar,51,31,29,6,117,0,0,58,0,58,51,31,87,6,175,234,0,234,409
06/10/2023,BTV,VT,ANE,EN,Combined TRACON& Tower with Radar,51,22,38,2,113,0,3,59,0,62,51,25,97,2,175,157,0,157,332
06/11/2023,BTV,VT,ANE,EN,Combined TRACON& Tower with Radar,48,26,37,0,111,0,1,115,0,116,48,27,152,0,227,147,0,147,374
06/12/2023,BTV,VT,ANE,EN,Combined TRACON& Tower with Radar,53,14,22,1,90,0,7,125,1,133,53,21,147,2,223,130,0,130,353
06/13/2023,BTV,VT,ANE,EN,Combined TRACON& Tower with Radar,51,18,31,7,107,0,3,25,4,32,51,21,56,11,139,120,0,120,259
06/14/2023,BTV,VT,ANE,EN,Combined TRACON& Tower with Radar,55,15,20,14,104,0,6,98,6,110,55,21,118,20,214,119,4,123,337
06/15/2023,BTV,VT,ANE,EN,Combined TRACON& Tower with Radar,56,22,26,4,108,0,6,140,8,154,56,28,166,12,262,175,2,177,439
06/16/2023,BTV,VT,ANE,EN,Combined TRACON& Tower with Radar,52,19,29,8,108,0,5,110,0,115,52,24,139,8,223,128,0,128,351
06/17/2023,BTV,VT,ANE,EN,Combined TRACON& Tower with Radar,54,5,15,0,74,0,0,0,0,0,54,5,15,0,74,0,0,0,74
06/18/2023,BTV,VT,ANE,EN,Combined TRACON& Tower with Radar,48,12,33,0,93,0,0,23,0,23,48,12,56,0,116,47,0,47,163
06/19/2023,BTV,VT,ANE,EN,Combined TRACON& Tower with Radar,50,15,48,0,113,0,8,136,0,144,50,23,184,0,257,84,0,84,341
06/20/2023,BTV,VT,ANE,EN,Combined TRACON& Tower with Radar,51,13,24,6,94,0,4,170,3,177,51,17,194,9,271,153,0,153,424
06/21/2023,BTV,VT,ANE,EN,Combined TRACON& Tower with Radar,52,14,30,6,102,0,8,201,1,210,52,22,231,7,312,271,0,271,583
06/22/2023,BTV,VT,ANE,EN,Combined TRACON& Tower with Radar,58,17,32,10,117,1,4,217,5,227,59,21,249,15,344,158,0,158,502
06/23/2023,BTV,VT,ANE,EN,Combined TRACON& Tower with Radar,48,24,32,8,112,1,5,157,6,169,49,29,189,14,281,145,9,154,435
06/24/2023,BTV,VT,ANE,EN,Combined TRACON& Tower with Radar,51,16,22,8,97,0,1,9,0,10,51,17,31,8,107,117,7,124,231
06/25/2023,BTV,VT,ANE,EN,Combined TRACON& Tower with Radar,37,21,46,4,108,0,0,14,0,14,37,21,60,4,122,68,0,68,190
06/26/2023,BTV,VT,ANE,EN,Combined TRACON& Tower with Radar,43,9,22,2,76,0,2,30,0,32,43,11,52,2,108,30,0,30,138
06/27/2023,BTV,VT,ANE,EN,Combined TRACON& Tower with Radar,39,13,30,10,92,0,4,44,3,51,39,17,74,13,143,142,0,142,285
06/28/2023,BTV,VT,ANE,EN,Combined TRACON& Tower with Radar,43,26,19,11,99,0,5,72,7,84,43,31,91,18,183,167,0,167,350
06/29/2023,BTV,VT,ANE,EN,Combined TRACON& Tower with Radar,55,22,42,14,133,0,6,101,2,109,55,28,143,16,242,242,0,242,484
06/30/2023,BTV,VT,ANE,EN,Combined TRACON& Tower with Radar,47,28,46,12,133,0,1,188,2,191,47,29,234,14,324,133,10,143,467
07/01/2023,BTV,VT,ANE,EN,Combined TRACON& Tower with Radar,50,18,26,0,94,0,1,41,0,42,50,19,67,0,136,98,0,98,234
07/02/2023,BTV,VT,ANE,EN,Combined TRACON& Tower with Radar,46,15,11,0,72,0,0,10,0,10,46,15,21,0,82,10,0,10,92
07/03/2023,BTV,VT,ANE,EN,Combined TRACON& Tower with Radar,40,12,18,0,70,0,3,62,0,65,40,15,80,0,135,162,0,162,297
07/04/2023,BTV,VT,ANE,EN,Combined TRACON& Tower with Radar,38,8,11,0,57,0,0,57,2,59,38,8,68,2,116,91,0,91,207
07/05/2023,BTV,VT,ANE,EN,Combined TRACON& Tower with Radar,53,13,39,3,108,0,5,171,6,182,53,18,210,9,290,126,0,126,416
07/06/2023,BTV,VT,ANE,EN,Combined TRACON& Tower with Radar,63,14,28,8,113,0,4,146,13,163,63,18,174,21,276,221,2,223,499
07/07/2023,BTV,VT,ANE,EN,Combined TRACON& Tower with Radar,49,16,24,5,94,0,2,50,0,52,49,18,74,5,146,83,1,84,230
07/08/2023,BTV,VT,ANE,EN,Combined TRACON& Tower with Radar,50,12,30,5,97,0,0,100,1,101,50,12,130,6,198,87,0,87,285
07/09/2023,BTV,VT,ANE,EN,Combined TRACON& Tower with Radar,40,17,22,0,79,0,0,46,0,46,40,17,68,0,125,114,0,114,239
07/10/2023,BTV,VT,ANE,EN,Combined TRACON& Tower with Radar,51,16,27,0,94,0,0,0,0,0,51,16,27,0,94,0,0,0,94
07/11/2023,BTV,VT,ANE,EN,Combined TRACON& Tower with Radar,51,21,24,9,105,0,6,152,7,165,51,27,176,16,270,119,0,119,389
07/12/2023,BTV,VT,ANE,EN,Combined TRACON& Tower with Radar,55,22,29,9,115,0,5,223,7,235,55,27,252,16,350,124,4,128,478
07/13/2023,BTV,VT,ANE,EN,Combined TRACON& Tower with Radar,55,31,16,8,110,1,6,65,1,73,56,37,81,9,183,70,4,74,257
07/14/2023,BTV,VT,ANE,EN,Combined TRACON& Tower with Radar,44,24,24,4,96,0,2,135,10,147,44,26,159,14,243,84,0,84,327
07/15/2023,BTV,VT,ANE,EN,Combined TRACON& Tower with Radar,48,18,36,0,102,0,0,95,3,98,48,18,131,3,200,125,0,125,325
07/16/2023,BTV,VT,ANE,EN,Combined TRACON& Tower with Radar,39,24,18,0,81,1,0,7,0,8,40,24,25,0,89,8,0,8,97
07/17/2023,BTV,VT,ANE,EN,Combined TRACON& Tower with Radar,52,9,40,6,107,0,5,154,12,171,52,14,194,18,278,204,13,217,495
07/18/2023,BTV,VT,ANE,EN,Combined TRACON& Tower with Radar,49,22,18,4,93,0,3,44,2,49,49,25,62,6,142,115,0,115,257
07/19/2023,BTV,VT,ANE,EN,Combined TRACON& Tower with Radar,52,20,34,17,123,1,3,183,11,198,53,23,217,28,321,152,0,152,473
07/20/2023,BTV,VT,ANE,EN,Combined TRACON& Tower with Radar,55,15,42,25,137,0,13,200,7,220,55,28,242,32,357,199,8,207,564
07/21/2023,BTV,VT,ANE,EN,Combined TRACON& Tower with Radar,52,12,20,7,91,0,2,31,0,33,52,14,51,7,124,104,0,104,228
07/22/2023,BTV,VT,ANE,EN,Combined TRACON& Tower with Radar,51,11,45,1,108,0,4,58,0,62,51,15,103,1,170,167,0,167,337
07/23/2023,BTV,VT,ANE,EN,Combined TRACON& Tower with Radar,47,11,27,1,86,0,2,115,12,129,47,13,142,13,215,110,0,110,325
07/24/2023,BTV,VT,ANE,EN,Combined TRACON& Tower with Radar,54,12,29,1,96,0,4,119,0,123,54,16,148,1,219,124,0,124,343
07/25/2023,BTV,VT,ANE,EN,Combined TRACON& Tower with Radar,50,20,29,12,111,0,4,104,6,114,50,24,133,18,225,54,0,54,279
07/26/2023,BTV,VT,ANE,EN,Combined TRACON& Tower with Radar,52,15,36,13,116,0,6,167,11,184,52,21,203,24,300,51,2,53,353
07/27/2023,BTV,VT,ANE,EN,Combined TRACON& Tower with Radar,49,26,24,18,117,0,2,12,0,14,49,28,36,18,131,5,0,5,136
07/28/2023,BTV,VT,ANE,EN,Combined TRACON& Tower with Radar,49,19,32,9,109,0,5,142,7,154,49,24,174,16,263,102,0,102,365
07/29/2023,BTV,VT,ANE,EN,Combined TRACON& Tower with Radar,47,10,16,0,73,0,0,12,0,12,47,10,28,0,85,90,0,90,175
07/30/2023,BTV,VT,ANE,EN,Combined TRACON& Tower with Radar,52,21,40,0,113,0,7,115,1,123,52,28,155,1,236,95,0,95,331
07/31/2023,BTV,VT,ANE,EN,Combined TRACON& Tower with Radar,56,12,25,1,94,0,5,94,3,102,56,17,119,4,196,64,0,64,260
08/01/2023,BTV,VT,ANE,EN,Combined TRACON& Tower with Radar,53,18,33,11,115,0,5,179,9,193,53,23,212,20,308,56,0,56,364
08/02/2023,BTV,VT,ANE,EN,Combined TRACON& Tower with Radar,54,21,36,15,126,0,12,178,7,197,54,33,214,22,323,111,3,114,437
08/03/2023,BTV,VT,ANE,EN,Combined TRACON& Tower with Radar,57,23,29,17,126,0,4,100,0,104,57,27,129,17,230,11,0,11,241
08/04/2023,BTV,VT,ANE,EN,Combined TRACON& Tower with Radar,49,23,20,4,96,0,0,19,3,22,49,23,39,7,118,20,5,25,143
08/05/2023,BTV,VT,ANE,EN,Combined TRACON& Tower with Radar,56,16,25,15,112,0,3,119,3,125,56,19,144,18,237,50,1,51,288
08/06/2023,BTV,VT,ANE,EN,Combined TRACON& Tower with Radar,45,19,33,1,98,0,6,122,0,128,45,25,155,1,226,92,0,92,318
08/07/2023,BTV,VT,ANE,EN,Combined TRACON& Tower with Radar,48,12,40,0,100,0,3,68,0,71,48,15,108,0,171,85,0,85,256
08/08/2023,BTV,VT,ANE,EN,Combined TRACON& Tower with Radar,54,18,36,14,122,0,3,15,4,22,54,21,51,18,144,32,0,32,176
08/09/2023,BTV,VT,ANE,EN,Combined TRACON& Tower with Radar,53,16,32,14,115,1,7,168,3,179,54,23,200,17,294,93,2,95,389
08/10/2023,BTV,VT,ANE,EN,Combined TRACON& Tower with Radar,58,20,36,9,123,0,10,110,6,126,58,30,146,15,249,36,0,36,285
08/11/2023,BTV,VT,ANE,EN,Combined TRACON& Tower with Radar,52,23,48,5,128,0,6,131,2,139,52,29,179,7,267,13,0,13,280
08/12/2023,BTV,VT,ANE,EN,Combined TRACON& Tower with Radar,51,6,31,0,88,0,4,95,0,99,51,10,126,0,187,24,0,24,211
08/13/2023,BTV,VT,ANE,EN,Combined TRACON& Tower with Radar,49,18,59,2,128,0,5,51,2,58,49,23,110,4,186,51,0,51,237
08/14/2023,BTV,VT,ANE,EN,Combined TRACON& Tower with Radar,52,16,43,0,111,0,4,150,2,156,52,20,193,2,267,66,0,66,333
08/15/2023,BTV,VT,ANE,EN,Combined TRACON& Tower with Radar,49,15,26,9,99,0,5,96,1,102,49,20,122,10,201,75,2,77,278
08/16/2023,BTV,VT,ANE,EN,Combined TRACON& Tower with Radar,54,19,41,10,124,0,3,49,1,53,54,22,90,11,177,17,0,17,194
08/17/2023,BTV,VT,ANE,EN,Combined TRACON& Tower with Radar,56,27,47,19,149,0,11,105,6,122,56,38,152,25,271,82,1,83,354
08/18/2023,BTV,VT,ANE,EN,Combined TRACON& Tower with Radar,54,17,18,6,95,0,0,42,1,43,54,17,60,7,138,33,0,33,171
08/19/2023,BTV,VT,ANE,EN,Combined TRACON& Tower with Radar,52,20,27,2,101,0,2,17,2,21,52,22,44,4,122,8,0,8,130
08/20/2023,BTV,VT,ANE,EN,Combined TRACON& Tower with Radar,50,18,21,0,89,0,5,107,2,114,50,23,128,2,203,39,0,39,242
08/21/2023,BTV,VT,ANE,EN,Combined TRACON& Tower with Radar,55,20,34,4,113,0,7,82,0,89,55,27,116,4,202,54,0,54,256
08/22/2023,BTV,VT,ANE,EN,Combined TRACON& Tower with Radar,57,13,38,10,118,0,17,167,9,193,57,30,205,19,311,23,2,25,336
08/23/2023,BTV,VT,ANE,EN,Combined TRACON& Tower with Radar,53,11,20,13,97,0,6,196,4,206,53,17,216,17,303,71,0,71,374
08/24/2023,BTV,VT,ANE,EN,Combined TRACON& Tower with Radar,55,21,33,11,120,0,4,131,5,140,55,25,164,16,260,31,0,31,291
08/25/2023,BTV,VT,ANE,EN,Combined TRACON& Tower with Radar,51,24,42,6,123,0,0,5,0,5,51,24,47,6,128,0,0,0,128
08/26/2023,BTV,VT,ANE,EN,Combined TRACON& Tower with Radar,52,14,28,0,94,0,3,11,0,14,52,17,39,0,108,22,0,22,130
08/27/2023,BTV,VT,ANE,EN,Combined TRACON& Tower with Radar,47,15,50,0,112,0,2,34,0,36,47,17,84,0,148,0,0,0,148
08/28/2023,BTV,VT,ANE,EN,Combined TRACON& Tower with Radar,52,12,36,2,102,0,7,120,4,131,52,19,156,6,233,30,0,30,263
08/29/2023,BTV,VT,ANE,EN,Combined TRACON& Tower with Radar,53,21,28,16,118,0,7,113,13,133,53,28,141,29,251,104,0,104,355
08/30/2023,BTV,VT,ANE,EN,Combined TRACON& Tower with Radar,56,20,35,15,126,0,3,62,1,66,56,23,97,16,192,59,0,59,251
08/31/2023,BTV,VT,ANE,EN,Combined TRACON& Tower with Radar,59,20,29,16,124,0,9,166,5,180,59,29,195,21,304,53,0,53,357
