01/01/2000,BUF,NY,AEA,CE,Towers with Radar,55,36,26,2,119,16,0,35,1,52,71,36,61,3,171,14,0,14,185
01/02/2000,BUF,NY,AEA,CE,Towers with Radar,79,79,36,2,196,24,7,10,0,41,103,86,46,2,237,12,0,12,249
01/03/2000,BUF,NY,AEA,CE,Towers with Radar,92,93,21,0,206,26,21,0,0,47,118,114,21,0,253,8,2,10,263
01/04/2000,BUF,NY,AEA,CE,Towers with Radar,122,123,57,2,304,13,14,4,0,31,135,137,61,2,335,2,0,2,337
01/05/2000,BUF,NY,AEA,CE,Towers with Radar,138,161,74,4,377,0,2,13,0,15,138,163,87,4,392,28,4,32,424
01/06/2000,BUF,NY,AEA,CE,Towers with Radar,131,160,80,6,377,0,0,53,3,56,131,160,133,9,433,16,4,20,453
01/07/2000,BUF,NY,AEA,CE,Towers with Radar,135,143,62,6,346,0,0,0,16,16,135,143,62,22,362,46,6,52,414
01/08/2000,BUF,NY,AEA,CE,Towers with Radar,108,102,57,4,271,0,0,82,0,82,108,102,139,4,353,18,2,20,373
01/09/2000,BUF,NY,AEA,CE,Towers with Radar,76,78,23,2,179,20,0,0,0,20,96,78,23,2,199,50,0,50,249
01/10/2000,BUF,NY,AEA,CE,Towers with Radar,105,108,37,0,250,17,8,0,0,25,122,116,37,0,275,0,0,0,275
01/11/2000,BUF,NY,AEA,CE,Towers with Radar,136,145,54,5,340,0,0,0,10,10,136,145,54,15,350,26,14,40,390
01/12/2000,BUF,NY,AEA,CE,Towers with Radar,139,168,76,6,389,0,0,26,11,37,139,168,102,17,426,46,0,46,472
01/13/2000,BUF,NY,AEA,CE,Towers with Radar,122,125,56,2,305,10,29,8,0,47,132,154,64,2,352,20,0,20,372
01/14/2000,BUF,NY,AEA,CE,Towers with Radar,137,161,73,3,374,0,1,57,0,58,137,162,130,3,432,38,0,38,470
01/15/2000,BUF,NY,AEA,CE,Towers with Radar,93,96,43,4,236,15,1,2,2,20,108,97,45,6,256,26,10,36,292
01/16/2000,BUF,NY,AEA,CE,Towers with Radar,84,87,23,0,194,28,27,0,0,55,112,114,23,0,249,12,0,12,261
01/17/2000,BUF,NY,AEA,CE,Towers with Radar,105,108,49,3,265,12,12,7,2,33,117,120,56,5,298,26,0,26,324
01/18/2000,BUF,NY,AEA,CE,Towers with Radar,136,140,63,1,340,0,12,12,0,24,136,152,75,1,364,36,4,40,404
01/19/2000,BUF,NY,AEA,CE,Towers with Radar,128,149,67,4,348,0,29,9,0,38,128,178,76,4,386,0,32,32,418
01/20/2000,BUF,NY,AEA,CE,Towers with Radar,107,111,42,0,260,6,25,0,0,31,113,136,42,0,291,28,2,30,321
01/21/2000,BUF,NY,AEA,CE,Towers with Radar,138,147,67,4,356,0,0,29,3,32,138,147,96,7,388,22,0,22,410
01/22/2000,BUF,NY,AEA,CE,Towers with Radar,106,93,46,3,248,0,0,0,3,3,106,93,46,6,251,8,0,8,259
01/23/2000,BUF,NY,AEA,CE,Towers with Radar,83,86,35,1,205,23,10,0,0,33,106,96,35,1,238,18,2,20,258
01/24/2000,BUF,NY,AEA,CE,Towers with Radar,117,117,60,4,298,0,0,52,4,56,117,117,112,8,354,30,0,30,384
01/25/2000,BUF,NY,AEA,CE,Towers with Radar,112,101,56,4,273,0,0,27,7,34,112,101,83,11,307,42,4,46,353
01/26/2000,BUF,NY,AEA,CE,Towers with Radar,129,131,73,5,338,0,0,10,1,11,129,131,83,6,349,32,8,40,389
01/27/2000,BUF,NY,AEA,CE,Towers with Radar,141,151,78,3,373,0,0,26,0,26,141,151,104,3,399,4,0,4,403
01/28/2000,BUF,NY,AEA,CE,Towers with Radar,134,140,65,4,343,0,17,40,2,59,134,157,105,6,402,46,8,54,456
01/29/2000,BUF,NY,AEA,CE,Towers with Radar,100,91,49,3,243,0,0,26,6,32,100,91,75,9,275,16,0,16,291
01/30/2000,BUF,NY,AEA,CE,Towers with Radar,76,76,36,2,190,23,1,26,0,50,99,77,62,2,240,18,2,20,260
01/31/2000,BUF,NY,AEA,CE,Towers with Radar,93,94,43,0,230,22,11,3,0,36,115,105,46,0,266,4,0,4,270
02/01/2000,BUF,NY,AEA,CE,Towers with Radar,138,144,76,7,365,0,7,16,14,37,138,151,92,21,402,4,28,32,434
02/02/2000,BUF,NY,AEA,CE,Towers with Radar,144,157,83,7,391,0,7,39,7,53,144,164,122,14,444,26,2,28,472
02/03/2000,BUF,NY,AEA,CE,Towers with Radar,128,133,71,6,338,0,14,6,1,21,128,147,77,7,359,2,0,2,361
02/04/2000,BUF,NY,AEA,CE,Towers with Radar,128,123,66,3,320,3,23,10,0,36,131,146,76,3,356,22,0,22,378
02/05/2000,BUF,NY,AEA,CE,Towers with Radar,82,79,35,4,200,32,5,0,0,37,114,84,35,4,237,26,8,34,271
02/06/2000,BUF,NY,AEA,CE,Towers with Radar,105,95,46,5,251,0,0,0,11,11,105,95,46,16,262,18,0,18,280
02/07/2000,BUF,NY,AEA,CE,Towers with Radar,120,104,67,3,294,0,0,31,0,31,120,104,98,3,325,30,2,32,357
02/08/2000,BUF,NY,AEA,CE,Towers with Radar,134,141,75,7,357,0,3,20,0,23,134,144,95,7,380,46,34,80,460
02/09/2000,BUF,NY,AEA,CE,Towers with Radar,128,148,87,5,368,3,4,24,2,33,131,152,111,7,401,16,0,16,417
02/10/2000,BUF,NY,AEA,CE,Towers with Radar,134,144,71,2,351,3,2,5,0,10,137,146,76,2,361,40,0,40,401
02/11/2000,BUF,NY,AEA,CE,Towers with Radar,133,126,61,2,322,3,2,2,0,7,136,128,63,2,329,10,2,12,341
02/12/2000,BUF,NY,AEA,CE,Towers with Radar,122,93,71,4,290,0,0,24,0,24,122,93,95,4,314,26,0,26,340
02/13/2000,BUF,NY,AEA,CE,Towers with Radar,82,71,48,3,204,0,0,0,1,1,82,71,48,4,205,42,0,42,247
02/14/2000,BUF,NY,AEA,CE,Towers with Radar,79,77,14,3,173,40,27,0,1,68,119,104,14,4,241,0,0,0,241
02/15/2000,BUF,NY,AEA,CE,Towers with Radar,133,139,74,6,352,0,10,13,4,27,133,149,87,10,379,46,12,58,437
02/16/2000,BUF,NY,AEA,CE,Towers with Radar,137,142,75,6,360,0,18,47,3,68,137,160,122,9,428,12,0,12,440
02/17/2000,BUF,NY,AEA,CE,Towers with Radar,141,155,82,4,382,0,0,30,0,30,141,155,112,4,412,6,0,6,418
02/18/2000,BUF,NY,AEA,CE,Towers with Radar,103,127,79,0,309,3,2,2,0,7,106,129,81,0,316,0,0,0,316
02/19/2000,BUF,NY,AEA,CE,Towers with Radar,86,80,38,0,204,40,0,0,0,40,126,80,38,0,244,16,0,16,260
02/20/2000,BUF,NY,AEA,CE,Towers with Radar,117,78,14,3,212,3,2,1,0,6,120,80,15,3,218,22,6,28,246
02/21/2000,BUF,NY,AEA,CE,Towers with Radar,125,94,82,5,306,3,2,22,3,30,128,96,104,8,336,12,2,14,350
02/22/2000,BUF,NY,AEA,CE,Towers with Radar,145,121,80,12,358,4,3,20,3,30,149,124,100,15,388,42,4,46,434
02/23/2000,BUF,NY,AEA,CE,Towers with Radar,138,149,79,6,372,0,11,23,12,46,138,160,102,18,418,34,4,38,456
02/24/2000,BUF,NY,AEA,CE,Towers with Radar,137,158,64,14,373,3,3,24,1,31,140,161,88,15,404,12,2,14,418
02/25/2000,BUF,NY,AEA,CE,Towers with Radar,161,139,50,3,353,3,2,1,0,6,164,141,51,3,359,0,0,0,359
02/26/2000,BUF,NY,AEA,CE,Towers with Radar,134,89,73,6,302,0,0,36,14,50,134,89,109,20,352,48,2,50,402
02/27/2000,BUF,NY,AEA,CE,Towers with Radar,98,96,36,4,234,13,1,0,2,16,111,97,36,6,250,8,2,10,260
02/28/2000,BUF,NY,AEA,CE,Towers with Radar,121,118,63,5,307,7,4,44,1,56,128,122,107,6,363,22,4,26,389
02/29/2000,BUF,NY,AEA,CE,Towers with Radar,142,143,76,2,363,0,3,36,0,39,142,146,112,2,402,32,4,36,438
03/01/2000,BUF,NY,AEA,CE,Towers with Radar,126,110,73,9,318,0,0,28,43,71,126,110,101,52,389,36,18,54,443
03/02/2000,BUF,NY,AEA,CE,Towers with Radar,154,147,83,7,391,2,18,42,0,62,156,165,125,7,453,20,0,20,473
03/03/2000,BUF,NY,AEA,CE,Towers with Radar,141,135,77,8,361,6,13,21,8,48,147,148,98,16,409,54,18,72,481
03/04/2000,BUF,NY,AEA,CE,Towers with Radar,88,85,48,4,225,41,7,0,0,48,129,92,48,4,273,12,2,14,287
03/05/2000,BUF,NY,AEA,CE,Towers with Radar,100,84,54,6,244,20,0,7,8,35,120,84,61,14,279,48,20,68,347
03/06/2000,BUF,NY,AEA,CE,Towers with Radar,127,122,69,8,326,0,0,43,14,57,127,122,112,22,383,38,8,46,429
03/07/2000,BUF,NY,AEA,CE,Towers with Radar,145,140,79,4,368,0,8,5,0,13,145,148,84,4,381,46,10,56,437
03/08/2000,BUF,NY,AEA,CE,Towers with Radar,159,154,91,11,415,0,0,90,6,96,159,154,181,17,511,42,20,62,573
03/09/2000,BUF,NY,AEA,CE,Towers with Radar,147,141,66,5,359,0,1,0,0,1,147,142,66,5,360,44,12,56,416
03/10/2000,BUF,NY,AEA,CE,Towers with Radar,136,126,75,9,346,3,0,15,3,21,139,126,90,12,367,6,2,8,375
03/11/2000,BUF,NY,AEA,CE,Towers with Radar,84,79,18,2,183,46,6,0,0,52,130,85,18,2,235,34,0,34,269
03/12/2000,BUF,NY,AEA,CE,Towers with Radar,86,81,32,4,203,28,4,0,6,38,114,85,32,10,241,32,4,36,277
03/13/2000,BUF,NY,AEA,CE,Towers with Radar,132,120,84,9,345,0,0,50,2,52,132,120,134,11,397,50,10,60,457
03/14/2000,BUF,NY,AEA,CE,Towers with Radar,143,151,97,10,401,0,0,60,0,60,143,151,157,10,461,34,8,42,503
03/15/2000,BUF,NY,AEA,CE,Towers with Radar,137,144,83,7,371,0,15,11,0,26,137,159,94,7,397,34,0,34,431
03/16/2000,BUF,NY,AEA,CE,Towers with Radar,122,117,46,7,292,16,32,0,2,50,138,149,46,9,342,24,0,24,366
03/17/2000,BUF,NY,AEA,CE,Towers with Radar,138,141,81,8,368,0,27,58,0,85,138,168,139,8,453,28,2,30,483
03/18/2000,BUF,NY,AEA,CE,Towers with Radar,117,95,64,7,283,14,0,45,7,66,131,95,109,14,349,28,4,32,381
03/19/2000,BUF,NY,AEA,CE,Towers with Radar,104,99,57,6,266,21,3,11,4,39,125,102,68,10,305,42,6,48,353
03/20/2000,BUF,NY,AEA,CE,Towers with Radar,132,123,75,4,334,0,0,79,0,79,132,123,154,4,413,74,14,88,501
03/21/2000,BUF,NY,AEA,CE,Towers with Radar,130,148,85,8,371,0,0,6,0,6,130,148,91,8,377,46,14,60,437
03/22/2000,BUF,NY,AEA,CE,Towers with Radar,142,160,101,7,410,0,0,12,0,12,142,160,113,7,422,48,10,58,480
03/23/2000,BUF,NY,AEA,CE,Towers with Radar,122,142,81,9,354,0,7,1,0,8,122,149,82,9,362,32,10,42,404
03/24/2000,BUF,NY,AEA,CE,Towers with Radar,142,136,77,9,364,3,15,41,6,65,145,151,118,15,429,40,0,40,469
03/25/2000,BUF,NY,AEA,CE,Towers with Radar,104,84,38,2,228,33,0,0,0,33,137,84,38,2,261,34,12,46,307
03/26/2000,BUF,NY,AEA,CE,Towers with Radar,104,99,50,7,260,19,2,0,2,23,123,101,50,9,283,78,12,90,373
03/27/2000,BUF,NY,AEA,CE,Towers with Radar,114,109,62,3,288,16,2,52,0,70,130,111,114,3,358,24,2,26,384
03/28/2000,BUF,NY,AEA,CE,Towers with Radar,173,161,81,41,456,0,0,24,1,25,173,161,105,42,481,78,14,92,573
03/29/2000,BUF,NY,AEA,CE,Towers with Radar,136,130,74,7,347,0,25,4,0,29,136,155,78,7,376,38,32,70,446
03/30/2000,BUF,NY,AEA,CE,Towers with Radar,135,139,79,10,363,0,12,13,7,32,135,151,92,17,395,26,12,38,433
03/31/2000,BUF,NY,AEA,CE,Towers with Radar,145,147,97,11,400,0,0,161,0,161,145,147,258,11,561,18,0,18,579
04/01/2000,BUF,NY,AEA,CE,Towers with Radar,123,84,65,6,278,3,0,65,1,69,126,84,130,7,347,50,0,50,397
04/02/2000,BUF,NY,AEA,CE,Towers with Radar,111,92,50,1,254,0,0,0,0,0,111,92,50,1,254,22,0,22,276
04/03/2000,BUF,NY,AEA,CE,Towers with Radar,111,102,55,5,273,6,2,9,0,17,117,104,64,5,290,4,2,6,296
04/04/2000,BUF,NY,AEA,CE,Towers with Radar,147,135,53,5,340,0,21,0,0,21,147,156,53,5,361,48,12,60,421
04/05/2000,BUF,NY,AEA,CE,Towers with Radar,144,157,61,9,371,0,11,0,10,21,144,168,61,19,392,18,14,32,424
04/06/2000,BUF,NY,AEA,CE,Towers with Radar,150,143,79,8,380,0,8,59,14,81,150,151,138,22,461,26,16,42,503
04/07/2000,BUF,NY,AEA,CE,Towers with Radar,142,135,76,8,361,0,12,65,6,83,142,147,141,14,444,48,32,80,524
04/08/2000,BUF,NY,AEA,CE,Towers with Radar,104,91,25,2,222,39,0,0,0,39,143,91,25,2,261,0,8,8,269
04/09/2000,BUF,NY,AEA,CE,Towers with Radar,87,79,37,5,208,39,2,0,4,45,126,81,37,9,253,48,6,54,307
04/10/2000,BUF,NY,AEA,CE,Towers with Radar,122,117,66,7,312,0,0,36,5,41,122,117,102,12,353,34,10,44,397
04/11/2000,BUF,NY,AEA,CE,Towers with Radar,144,131,70,1,346,4,38,0,0,42,148,169,70,1,388,16,0,16,404
04/12/2000,BUF,NY,AEA,CE,Towers with Radar,147,151,85,9,392,0,15,1,6,22,147,166,86,15,414,32,12,44,458
04/13/2000,BUF,NY,AEA,CE,Towers with Radar,151,160,90,10,411,0,2,84,18,104,151,162,174,28,515,34,16,50,565
04/14/2000,BUF,NY,AEA,CE,Towers with Radar,139,133,74,8,354,0,16,11,5,32,139,149,85,13,386,52,16,68,454
04/15/2000,BUF,NY,AEA,CE,Towers with Radar,105,77,53,6,241,34,0,23,1,58,139,77,76,7,299,72,14,86,385
04/16/2000,BUF,NY,AEA,CE,Towers with Radar,112,91,49,6,258,13,0,0,2,15,125,91,49,8,273,6,0,6,279
04/17/2000,BUF,NY,AEA,CE,Towers with Radar,140,124,77,2,343,0,0,21,0,21,140,124,98,2,364,26,4,30,394
04/18/2000,BUF,NY,AEA,CE,Towers with Radar,142,150,92,13,397,0,0,42,1,43,142,150,134,14,440,36,8,44,484
04/19/2000,BUF,NY,AEA,CE,Towers with Radar,148,150,128,5,431,0,0,26,0,26,148,150,154,5,457,128,0,128,585
04/20/2000,BUF,NY,AEA,CE,Towers with Radar,124,113,63,2,302,9,25,5,0,39,133,138,68,2,341,24,4,28,369
04/21/2000,BUF,NY,AEA,CE,Towers with Radar,132,118,45,2,297,0,0,1,0,1,132,118,46,2,298,20,4,24,322
04/22/2000,BUF,NY,AEA,CE,Towers with Radar,138,79,24,2,243,0,0,0,0,0,138,79,24,2,243,2,0,2,245
04/23/2000,BUF,NY,AEA,CE,Towers with Radar,82,75,26,2,185,32,17,0,0,49,114,92,26,2,234,36,4,40,274
04/24/2000,BUF,NY,AEA,CE,Towers with Radar,127,118,80,6,331,0,0,100,0,100,127,118,180,6,431,82,0,82,513
04/25/2000,BUF,NY,AEA,CE,Towers with Radar,143,160,145,19,467,0,0,49,8,57,143,160,194,27,524,64,12,76,600
04/26/2000,BUF,NY,AEA,CE,Towers with Radar,154,161,111,10,436,0,0,56,4,60,154,161,167,14,496,60,0,60,556
04/27/2000,BUF,NY,AEA,CE,Towers with Radar,150,143,86,6,385,0,0,6,2,8,150,143,92,8,393,18,2,20,413
04/28/2000,BUF,NY,AEA,CE,Towers with Radar,151,145,79,10,385,0,0,19,8,27,151,145,98,18,412,14,4,18,430
04/29/2000,BUF,NY,AEA,CE,Towers with Radar,148,94,44,8,294,0,0,63,7,70,148,94,107,15,364,60,26,86,450
04/30/2000,BUF,NY,AEA,CE,Towers with Radar,128,94,37,11,270,0,0,68,6,74,128,94,105,17,344,32,0,32,376
05/01/2000,BUF,NY,AEA,CE,Towers with Radar,137,110,51,10,308,0,1,11,0,12,137,111,62,10,320,6,0,6,326
05/02/2000,BUF,NY,AEA,CE,Towers with Radar,149,134,65,8,356,0,1,34,8,43,149,135,99,16,399,78,16,94,493
05/03/2000,BUF,NY,AEA,CE,Towers with Radar,156,151,141,10,458,0,4,46,4,54,156,155,187,14,512,46,4,50,562
05/04/2000,BUF,NY,AEA,CE,Towers with Radar,147,134,116,18,415,7,3,49,1,60,154,137,165,19,475,10,10,20,495
05/05/2000,BUF,NY,AEA,CE,Towers with Radar,142,140,147,8,437,0,0,34,3,37,142,140,181,11,474,24,6,30,504
05/06/2000,BUF,NY,AEA,CE,Towers with Radar,128,96,76,7,307,20,0,0,6,26,148,96,76,13,333,56,28,84,417
05/07/2000,BUF,NY,AEA,CE,Towers with Radar,98,87,59,5,249,27,0,74,17,118,125,87,133,22,367,80,18,98,465
05/08/2000,BUF,NY,AEA,CE,Towers with Radar,134,110,70,9,323,0,0,38,4,42,134,110,108,13,365,62,4,66,431
05/09/2000,BUF,NY,AEA,CE,Towers with Radar,142,167,73,5,387,0,0,13,1,14,142,167,86,6,401,58,6,64,465
05/10/2000,BUF,NY,AEA,CE,Towers with Radar,122,119,39,2,282,0,0,5,0,5,122,119,44,2,287,16,0,16,303
05/11/2000,BUF,NY,AEA,CE,Towers with Radar,136,159,107,7,409,0,1,29,1,31,136,160,136,8,440,12,2,14,454
05/12/2000,BUF,NY,AEA,CE,Towers with Radar,143,152,97,7,399,0,1,9,6,16,143,153,106,13,415,46,8,54,469
05/13/2000,BUF,NY,AEA,CE,Towers with Radar,141,86,22,1,250,0,1,13,3,17,141,87,35,4,267,0,26,26,293
05/14/2000,BUF,NY,AEA,CE,Towers with Radar,122,95,44,3,264,0,1,23,0,24,122,96,67,3,288,38,6,44,332
05/15/2000,BUF,NY,AEA,CE,Towers with Radar,135,113,61,5,314,0,1,72,0,73,135,114,133,5,387,30,0,30,417
05/16/2000,BUF,NY,AEA,CE,Towers with Radar,151,135,106,8,400,0,2,48,1,51,151,137,154,9,451,38,6,44,495
05/17/2000,BUF,NY,AEA,CE,Towers with Radar,147,152,140,13,452,2,1,28,1,32,149,153,168,14,484,36,2,38,522
05/18/2000,BUF,NY,AEA,CE,Towers with Radar,130,138,95,4,367,0,1,17,0,18,130,139,112,4,385,4,0,4,389
05/19/2000,BUF,NY,AEA,CE,Towers with Radar,102,94,49,5,250,34,8,0,0,42,136,102,49,5,292,0,0,0,292
05/20/2000,BUF,NY,AEA,CE,Towers with Radar,130,140,98,10,378,0,0,63,3,66,130,140,161,13,444,28,10,38,482
05/21/2000,BUF,NY,AEA,CE,Towers with Radar,117,96,71,5,289,0,0,54,0,54,117,96,125,5,343,6,0,6,349
05/22/2000,BUF,NY,AEA,CE,Towers with Radar,139,122,94,7,362,0,0,49,0,49,139,122,143,7,411,16,0,16,427
05/23/2000,BUF,NY,AEA,CE,Towers with Radar,147,154,151,6,458,0,0,5,2,7,147,154,156,8,465,28,10,38,503
05/24/2000,BUF,NY,AEA,CE,Towers with Radar,144,144,99,10,397,0,26,52,9,87,144,170,151,19,484,38,0,38,522
05/25/2000,BUF,NY,AEA,CE,Towers with Radar,141,159,124,13,437,0,1,54,1,56,141,160,178,14,493,38,20,58,551
05/26/2000,BUF,NY,AEA,CE,Towers with Radar,154,147,101,10,412,0,13,95,6,114,154,160,196,16,526,12,4,16,542
05/27/2000,BUF,NY,AEA,CE,Towers with Radar,139,92,50,9,290,3,7,105,2,117,142,99,155,11,407,54,14,68,475
05/28/2000,BUF,NY,AEA,CE,Towers with Radar,110,82,66,7,265,1,0,45,2,48,111,82,111,9,313,12,0,12,325
05/29/2000,BUF,NY,AEA,CE,Towers with Radar,130,96,66,14,306,1,0,62,11,74,131,96,128,25,380,60,0,60,440
05/30/2000,BUF,NY,AEA,CE,Towers with Radar,139,122,121,10,392,1,0,39,6,46,140,122,160,16,438,62,16,78,516
05/31/2000,BUF,NY,AEA,CE,Towers with Radar,142,161,122,15,440,0,5,15,5,25,142,166,137,20,465,22,12,34,499
06/01/2000,BUF,NY,AEA,CE,Towers with Radar,153,172,72,9,406,1,2,16,2,21,154,174,88,11,427,82,18,100,527
06/02/2000,BUF,NY,AEA,CE,Towers with Radar,152,142,79,0,373,0,1,73,1,75,152,143,152,1,448,26,4,30,478
06/03/2000,BUF,NY,AEA,CE,Towers with Radar,154,110,105,7,376,2,2,125,7,136,156,112,230,14,512,38,6,44,556
06/04/2000,BUF,NY,AEA,CE,Towers with Radar,127,107,69,17,320,0,0,94,0,94,127,107,163,17,414,44,0,44,458
06/05/2000,BUF,NY,AEA,CE,Towers with Radar,137,113,86,8,344,2,0,30,7,39,139,113,116,15,383,30,0,30,413
06/06/2000,BUF,NY,AEA,CE,Towers with Radar,149,153,99,10,411,0,0,25,1,26,149,153,124,11,437,54,2,56,493
06/07/2000,BUF,NY,AEA,CE,Towers with Radar,148,152,96,26,422,0,0,53,7,60,148,152,149,33,482,68,18,86,568
06/08/2000,BUF,NY,AEA,CE,Towers with Radar,151,146,80,7,384,0,6,33,2,41,151,152,113,9,425,48,0,48,473
06/09/2000,BUF,NY,AEA,CE,Towers with Radar,187,184,118,11,500,0,6,38,2,46,187,190,156,13,546,18,2,20,566
06/10/2000,BUF,NY,AEA,CE,Towers with Radar,139,100,53,3,295,1,3,99,4,107,140,103,152,7,402,38,0,38,440
06/11/2000,BUF,NY,AEA,CE,Towers with Radar,116,96,29,3,244,0,1,9,0,10,116,97,38,3,254,32,4,36,290
06/12/2000,BUF,NY,AEA,CE,Towers with Radar,131,107,50,6,294,2,0,11,0,13,133,107,61,6,307,6,0,6,313
06/13/2000,BUF,NY,AEA,CE,Towers with Radar,127,145,72,3,347,1,0,2,0,3,128,145,74,3,350,12,8,20,370
06/14/2000,BUF,NY,AEA,CE,Towers with Radar,126,149,113,4,392,1,0,28,2,31,127,149,141,6,423,4,0,4,427
06/15/2000,BUF,NY,AEA,CE,Towers with Radar,132,136,126,10,404,1,1,16,1,19,133,137,142,11,423,14,12,26,449
06/16/2000,BUF,NY,AEA,CE,Towers with Radar,138,156,108,13,415,1,1,32,4,38,139,157,140,17,453,62,26,88,541
06/17/2000,BUF,NY,AEA,CE,Towers with Radar,142,106,70,2,320,1,0,97,2,100,143,106,167,4,420,54,0,54,474
06/18/2000,BUF,NY,AEA,CE,Towers with Radar,129,104,54,6,293,0,1,33,4,38,129,105,87,10,331,24,14,38,369
06/19/2000,BUF,NY,AEA,CE,Towers with Radar,126,119,76,7,328,4,10,47,9,70,130,129,123,16,398,44,2,46,444
06/20/2000,BUF,NY,AEA,CE,Towers with Radar,155,153,126,9,443,1,4,105,6,116,156,157,231,15,559,48,18,66,625
06/21/2000,BUF,NY,AEA,CE,Towers with Radar,146,157,136,10,449,0,2,18,0,20,146,159,154,10,469,26,4,30,499
06/22/2000,BUF,NY,AEA,CE,Towers with Radar,160,153,91,16,420,2,4,21,3,30,162,157,112,19,450,18,12,30,480
06/23/2000,BUF,NY,AEA,CE,Towers with Radar,153,174,116,6,449,1,3,103,8,115,154,177,219,14,564,34,0,34,598
06/24/2000,BUF,NY,AEA,CE,Towers with Radar,139,116,45,5,305,2,4,109,1,116,141,120,154,6,421,28,0,28,449
06/25/2000,BUF,NY,AEA,CE,Towers with Radar,129,85,54,3,271,1,0,83,2,86,130,85,137,5,357,32,4,36,393
06/26/2000,BUF,NY,AEA,CE,Towers with Radar,138,125,102,6,371,1,1,41,6,49,139,126,143,12,420,18,0,18,438
06/27/2000,BUF,NY,AEA,CE,Towers with Radar,153,152,104,17,426,1,0,77,6,84,154,152,181,23,510,26,0,26,536
06/28/2000,BUF,NY,AEA,CE,Towers with Radar,156,149,95,2,402,0,1,77,7,85,156,150,172,9,487,56,0,56,543
06/29/2000,BUF,NY,AEA,CE,Towers with Radar,159,155,105,12,431,0,1,33,7,41,159,156,138,19,472,32,4,36,508
06/30/2000,BUF,NY,AEA,CE,Towers with Radar,152,157,105,9,423,0,2,124,3,129,152,159,229,12,552,58,20,78,630
07/01/2000,BUF,NY,AEA,CE,Towers with Radar,156,102,55,7,320,1,1,110,7,119,157,103,165,14,439,78,12,90,529
07/02/2000,BUF,NY,AEA,CE,Towers with Radar,131,93,38,8,270,0,1,86,1,88,131,94,124,9,358,62,14,76,434
07/03/2000,BUF,NY,AEA,CE,Towers with Radar,108,94,46,5,253,25,4,0,0,29,133,98,46,5,282,12,2,14,296
07/04/2000,BUF,NY,AEA,CE,Towers with Radar,151,112,38,4,305,0,0,23,1,24,151,112,61,5,329,62,16,78,407
07/05/2000,BUF,NY,AEA,CE,Towers with Radar,147,128,159,21,455,0,0,104,4,108,147,128,263,25,563,72,16,88,651
07/06/2000,BUF,NY,AEA,CE,Towers with Radar,154,170,124,20,468,0,3,79,1,83,154,173,203,21,551,40,12,52,603
07/07/2000,BUF,NY,AEA,CE,Towers with Radar,163,144,105,12,424,0,0,83,8,91,163,144,188,20,515,62,42,104,619
07/08/2000,BUF,NY,AEA,CE,Towers with Radar,154,97,53,8,312,0,1,190,7,198,154,98,243,15,510,80,0,80,590
07/09/2000,BUF,NY,AEA,CE,Towers with Radar,110,97,50,6,263,21,9,0,19,49,131,106,50,25,312,10,4,14,326
07/10/2000,BUF,NY,AEA,CE,Towers with Radar,139,129,81,4,353,0,0,20,11,31,139,129,101,15,384,18,2,20,404
07/11/2000,BUF,NY,AEA,CE,Towers with Radar,162,166,132,21,481,0,1,118,11,130,162,167,250,32,611,58,16,74,685
07/12/2000,BUF,NY,AEA,CE,Towers with Radar,162,173,161,11,507,0,5,58,3,66,162,178,219,14,573,42,2,44,617
07/13/2000,BUF,NY,AEA,CE,Towers with Radar,160,159,99,14,432,0,3,128,7,138,160,162,227,21,570,82,12,94,664
07/14/2000,BUF,NY,AEA,CE,Towers with Radar,145,173,45,4,367,0,1,32,1,34,145,174,77,5,401,44,10,54,455
07/15/2000,BUF,NY,AEA,CE,Towers with Radar,145,96,25,8,274,0,0,53,0,53,145,96,78,8,327,12,0,12,339
07/16/2000,BUF,NY,AEA,CE,Towers with Radar,128,101,29,7,265,0,0,61,0,61,128,101,90,7,326,38,2,40,366
07/17/2000,BUF,NY,AEA,CE,Towers with Radar,142,154,153,5,454,0,0,36,6,42,142,154,189,11,496,40,0,40,536
07/18/2000,BUF,NY,AEA,CE,Towers with Radar,172,186,127,17,502,0,1,29,7,37,172,187,156,24,539,50,8,58,597
07/19/2000,BUF,NY,AEA,CE,Towers with Radar,153,172,106,19,450,0,3,31,6,40,153,175,137,25,490,58,16,74,564
07/20/2000,BUF,NY,AEA,CE,Towers with Radar,162,157,116,21,456,0,1,88,7,96,162,158,204,28,552,64,0,64,616
07/21/2000,BUF,NY,AEA,CE,Towers with Radar,140,123,80,8,351,19,43,3,2,67,159,166,83,10,418,10,0,10,428
07/22/2000,BUF,NY,AEA,CE,Towers with Radar,122,107,69,5,303,26,6,61,0,93,148,113,130,5,396,18,2,20,416
07/23/2000,BUF,NY,AEA,CE,Towers with Radar,121,91,68,7,287,26,0,137,0,163,147,91,205,7,450,20,0,20,470
07/24/2000,BUF,NY,AEA,CE,Towers with Radar,150,124,82,12,368,0,0,101,8,109,150,124,183,20,477,100,18,118,595
07/25/2000,BUF,NY,AEA,CE,Towers with Radar,165,155,98,4,422,0,2,108,8,118,165,157,206,12,540,62,16,78,618
07/26/2000,BUF,NY,AEA,CE,Towers with Radar,158,156,111,5,430,0,2,115,5,122,158,158,226,10,552,84,12,96,648
07/27/2000,BUF,NY,AEA,CE,Towers with Radar,151,142,102,9,404,0,0,133,8,141,151,142,235,17,545,86,30,116,661
07/28/2000,BUF,NY,AEA,CE,Towers with Radar,138,171,85,4,398,0,0,98,0,98,138,171,183,4,496,44,2,46,542
07/29/2000,BUF,NY,AEA,CE,Towers with Radar,153,108,105,0,366,0,0,111,0,111,153,108,216,0,477,10,0,10,487
07/30/2000,BUF,NY,AEA,CE,Towers with Radar,123,107,74,1,305,0,0,93,0,93,123,107,167,1,398,24,6,30,428
07/31/2000,BUF,NY,AEA,CE,Towers with Radar,142,154,154,5,455,0,0,35,6,41,142,154,189,11,496,40,0,40,536
08/01/2000,BUF,NY,AEA,CE,Towers with Radar,154,153,92,3,402,0,2,32,1,35,154,155,124,4,437,40,0,40,477
08/02/2000,BUF,NY,AEA,CE,Towers with Radar,124,143,90,6,363,37,15,7,1,60,161,158,97,7,423,24,6,30,453
08/03/2000,BUF,NY,AEA,CE,Towers with Radar,138,145,100,3,386,13,0,25,0,38,151,145,125,3,424,20,0,20,444
08/04/2000,BUF,NY,AEA,CE,Towers with Radar,149,155,108,7,419,20,0,132,4,156,169,155,240,11,575,64,18,82,657
08/05/2000,BUF,NY,AEA,CE,Towers with Radar,171,113,86,5,375,2,6,151,3,162,173,119,237,8,537,82,12,94,631
08/06/2000,BUF,NY,AEA,CE,Towers with Radar,119,117,73,6,315,0,7,29,0,36,119,124,102,6,351,38,0,38,389
08/07/2000,BUF,NY,AEA,CE,Towers with Radar,116,143,72,5,336,0,2,32,1,35,116,145,104,6,371,20,2,22,393
08/08/2000,BUF,NY,AEA,CE,Towers with Radar,147,204,130,8,489,0,0,154,16,170,147,204,284,24,659,62,18,80,739
08/09/2000,BUF,NY,AEA,CE,Towers with Radar,134,180,75,7,396,0,5,80,2,87,134,185,155,9,483,40,2,42,525
08/10/2000,BUF,NY,AEA,CE,Towers with Radar,135,189,132,7,463,0,3,34,5,42,135,192,166,12,505,50,12,62,567
08/11/2000,BUF,NY,AEA,CE,Towers with Radar,123,190,94,4,411,0,4,40,6,50,123,194,134,10,461,40,0,40,501
08/12/2000,BUF,NY,AEA,CE,Towers with Radar,143,129,89,4,365,0,3,113,8,124,143,132,202,12,489,62,4,66,555
08/13/2000,BUF,NY,AEA,CE,Towers with Radar,118,135,45,6,304,0,2,139,6,147,118,137,184,12,451,62,4,66,517
08/14/2000,BUF,NY,AEA,CE,Towers with Radar,113,152,81,1,347,0,2,41,2,45,113,154,122,3,392,62,4,66,458
08/15/2000,BUF,NY,AEA,CE,Towers with Radar,132,185,135,4,456,0,3,23,1,27,132,188,158,5,483,48,2,50,533
08/16/2000,BUF,NY,AEA,CE,Towers with Radar,126,200,165,5,496,0,2,49,3,54,126,202,214,8,550,74,4,78,628
08/17/2000,BUF,NY,AEA,CE,Towers with Radar,128,183,89,15,415,0,3,85,8,96,128,186,174,23,511,52,4,56,567
08/18/2000,BUF,NY,AEA,CE,Towers with Radar,135,173,102,18,428,1,2,78,5,86,136,175,180,23,514,56,10,66,580
08/19/2000,BUF,NY,AEA,CE,Towers with Radar,141,121,61,10,333,0,3,202,3,208,141,124,263,13,541,28,10,38,579
08/20/2000,BUF,NY,AEA,CE,Towers with Radar,125,122,71,5,323,0,3,130,6,139,125,125,201,11,462,94,12,106,568
08/21/2000,BUF,NY,AEA,CE,Towers with Radar,124,152,83,0,359,0,4,88,7,99,124,156,171,7,458,88,14,102,560
08/22/2000,BUF,NY,AEA,CE,Towers with Radar,147,191,119,7,464,0,3,142,8,153,147,194,261,15,617,28,2,30,647
08/23/2000,BUF,NY,AEA,CE,Towers with Radar,141,165,103,6,415,0,16,26,1,43,141,181,129,7,458,28,4,32,490
08/24/2000,BUF,NY,AEA,CE,Towers with Radar,123,175,125,5,428,0,1,32,3,36,123,176,157,8,464,74,6,80,544
08/25/2000,BUF,NY,AEA,CE,Towers with Radar,144,197,91,10,442,0,7,170,4,181,144,204,261,14,623,68,4,72,695
08/26/2000,BUF,NY,AEA,CE,Towers with Radar,117,127,85,5,334,16,0,66,2,84,133,127,151,7,418,32,0,32,450
08/27/2000,BUF,NY,AEA,CE,Towers with Radar,93,108,67,1,269,18,5,81,0,104,111,113,148,1,373,32,4,36,409
08/28/2000,BUF,NY,AEA,CE,Towers with Radar,115,158,86,1,360,0,3,74,6,83,115,161,160,7,443,58,10,68,511
08/29/2000,BUF,NY,AEA,CE,Towers with Radar,148,171,183,3,505,0,3,67,2,72,148,174,250,5,577,26,10,36,613
08/30/2000,BUF,NY,AEA,CE,Towers with Radar,140,183,135,7,465,0,1,45,4,50,140,184,180,11,515,48,6,54,569
08/31/2000,BUF,NY,AEA,CE,Towers with Radar,142,179,119,7,447,0,0,68,1,69,142,179,187,8,516,86,12,98,614
09/01/2000,BUF,NY,AEA,CE,Towers with Radar,131,168,107,8,414,0,5,109,1,115,131,173,216,9,529,14,0,14,543
09/02/2000,BUF,NY,AEA,CE,Towers with Radar,115,122,80,4,321,29,0,2,0,31,144,122,82,4,352,14,4,18,370
09/03/2000,BUF,NY,AEA,CE,Towers with Radar,103,99,71,5,278,5,0,32,2,39,108,99,103,7,317,94,12,106,423
09/04/2000,BUF,NY,AEA,CE,Towers with Radar,115,113,58,1,287,0,1,53,0,54,115,114,111,1,341,42,10,52,393
09/05/2000,BUF,NY,AEA,CE,Towers with Radar,138,162,103,8,411,0,1,45,5,51,138,163,148,13,462,42,2,44,506
09/06/2000,BUF,NY,AEA,CE,Towers with Radar,141,184,71,10,406,0,8,62,5,75,141,192,133,15,481,46,8,54,535
09/07/2000,BUF,NY,AEA,CE,Towers with Radar,149,173,94,5,421,1,7,68,4,80,150,180,162,9,501,0,52,52,553
09/08/2000,BUF,NY,AEA,CE,Towers with Radar,148,170,148,18,484,0,2,40,10,52,148,172,188,28,536,24,12,36,572
09/09/2000,BUF,NY,AEA,CE,Towers with Radar,140,133,83,4,360,0,1,134,5,140,140,134,217,9,500,64,18,82,582
09/10/2000,BUF,NY,AEA,CE,Towers with Radar,114,138,125,13,390,0,1,134,2,137,114,139,259,15,527,64,4,68,595
09/11/2000,BUF,NY,AEA,CE,Towers with Radar,136,156,84,5,381,0,0,25,3,28,136,156,109,8,409,46,8,54,463
09/12/2000,BUF,NY,AEA,CE,Towers with Radar,134,166,140,2,442,0,0,9,3,12,134,166,149,5,454,22,0,22,476
09/13/2000,BUF,NY,AEA,CE,Towers with Radar,151,178,153,8,490,0,0,55,12,67,151,178,208,20,557,48,6,54,611
09/14/2000,BUF,NY,AEA,CE,Towers with Radar,161,168,111,3,443,0,2,45,2,49,161,170,156,5,492,60,4,64,556
09/15/2000,BUF,NY,AEA,CE,Towers with Radar,152,178,131,5,466,0,0,26,2,28,152,178,157,7,494,26,4,30,524
09/16/2000,BUF,NY,AEA,CE,Towers with Radar,156,134,58,8,356,0,0,104,1,105,156,134,162,9,461,68,16,84,545
09/17/2000,BUF,NY,AEA,CE,Towers with Radar,100,110,56,5,271,32,6,0,1,39,132,116,56,6,310,46,12,58,368
09/18/2000,BUF,NY,AEA,CE,Towers with Radar,133,151,100,7,391,0,1,45,10,56,133,152,145,17,447,46,12,58,505
09/19/2000,BUF,NY,AEA,CE,Towers with Radar,142,164,100,15,421,0,5,43,2,50,142,169,143,17,471,60,22,82,553
09/20/2000,BUF,NY,AEA,CE,Towers with Radar,155,178,132,3,468,0,4,55,3,62,155,182,187,6,530,40,2,42,572
09/21/2000,BUF,NY,AEA,CE,Towers with Radar,143,196,74,8,421,0,0,20,0,20,143,196,94,8,441,14,8,22,463
09/22/2000,BUF,NY,AEA,CE,Towers with Radar,143,176,129,13,461,0,0,172,3,175,143,176,301,16,636,106,26,132,768
09/23/2000,BUF,NY,AEA,CE,Towers with Radar,135,118,37,5,295,0,0,6,0,6,135,118,43,5,301,20,0,20,321
09/24/2000,BUF,NY,AEA,CE,Towers with Radar,124,107,58,6,295,0,0,99,1,100,124,107,157,7,395,48,12,60,455
09/25/2000,BUF,NY,AEA,CE,Towers with Radar,139,147,75,7,368,0,0,44,0,44,139,147,119,7,412,64,14,78,490
09/26/2000,BUF,NY,AEA,CE,Towers with Radar,142,167,106,8,423,0,1,51,2,54,142,168,157,10,477,62,16,78,555
09/27/2000,BUF,NY,AEA,CE,Towers with Radar,151,172,111,19,453,0,1,28,0,29,151,173,139,19,482,48,20,68,550
09/28/2000,BUF,NY,AEA,CE,Towers with Radar,138,189,138,8,473,1,1,80,3,85,139,190,218,11,558,68,10,78,636
09/29/2000,BUF,NY,AEA,CE,Towers with Radar,152,177,162,10,501,0,0,50,11,61,152,177,212,21,562,68,6,74,636
09/30/2000,BUF,NY,AEA,CE,Towers with Radar,138,129,81,8,356,1,1,87,7,96,139,130,168,15,452,40,16,56,508
10/01/2000,BUF,NY,AEA,CE,Towers with Radar,121,126,56,4,307,1,1,245,4,251,122,127,301,8,558,58,0,58,616
10/02/2000,BUF,NY,AEA,CE,Towers with Radar,137,137,84,8,366,0,0,21,9,30,137,137,105,17,396,46,6,52,448
10/03/2000,BUF,NY,AEA,CE,Towers with Radar,149,163,159,7,478,1,1,32,4,38,150,164,191,11,516,82,0,82,598
10/04/2000,BUF,NY,AEA,CE,Towers with Radar,143,166,146,1,456,0,2,22,2,26,143,168,168,3,482,66,2,68,550
10/05/2000,BUF,NY,AEA,CE,Towers with Radar,153,175,98,3,429,0,0,17,7,24,153,175,115,10,453,44,2,46,499
10/06/2000,BUF,NY,AEA,CE,Towers with Radar,149,176,94,1,420,0,0,37,3,40,149,176,131,4,460,36,0,36,496
10/07/2000,BUF,NY,AEA,CE,Towers with Radar,143,114,41,2,300,0,0,36,4,40,143,114,77,6,340,14,0,14,354
10/08/2000,BUF,NY,AEA,CE,Towers with Radar,102,93,56,3,254,40,24,0,2,66,142,117,56,5,320,32,6,38,358
10/09/2000,BUF,NY,AEA,CE,Towers with Radar,150,136,116,2,404,0,1,58,2,61,150,137,174,4,465,34,0,34,499
10/10/2000,BUF,NY,AEA,CE,Towers with Radar,174,148,100,16,438,2,0,82,4,88,176,148,182,20,526,44,12,56,582
10/11/2000,BUF,NY,AEA,CE,Towers with Radar,168,174,132,11,485,0,1,105,2,108,168,175,237,13,593,32,16,48,641
10/12/2000,BUF,NY,AEA,CE,Towers with Radar,173,188,118,8,487,0,0,73,8,81,173,188,191,16,568,46,8,54,622
10/13/2000,BUF,NY,AEA,CE,Towers with Radar,167,169,115,9,460,0,0,69,3,72,167,169,184,12,532,28,6,34,566
10/14/2000,BUF,NY,AEA,CE,Towers with Radar,164,135,44,2,345,0,2,48,2,52,164,137,92,4,397,16,2,18,415
10/15/2000,BUF,NY,AEA,CE,Towers with Radar,149,119,66,5,339,0,1,53,4,58,149,120,119,9,397,48,2,50,447
10/16/2000,BUF,NY,AEA,CE,Towers with Radar,153,143,107,4,407,0,0,35,0,35,153,143,142,4,442,10,0,10,452
10/17/2000,BUF,NY,AEA,CE,Towers with Radar,167,183,116,17,483,0,0,24,0,24,167,183,140,17,507,36,20,56,563
10/18/2000,BUF,NY,AEA,CE,Towers with Radar,164,181,138,11,494,0,0,5,0,5,164,181,143,11,499,48,4,52,551
10/19/2000,BUF,NY,AEA,CE,Towers with Radar,176,181,105,20,482,0,2,64,8,74,176,183,169,28,556,92,16,108,664
10/20/2000,BUF,NY,AEA,CE,Towers with Radar,180,166,122,29,497,1,3,56,10,70,181,169,178,39,567,8,12,20,587
10/21/2000,BUF,NY,AEA,CE,Towers with Radar,163,136,72,5,376,0,0,116,2,118,163,136,188,7,494,72,12,84,578
10/22/2000,BUF,NY,AEA,CE,Towers with Radar,144,111,81,7,343,0,0,146,3,149,144,111,227,10,492,78,12,90,582
10/23/2000,BUF,NY,AEA,CE,Towers with Radar,158,147,97,18,420,0,1,43,4,48,158,148,140,22,468,22,4,26,494
10/24/2000,BUF,NY,AEA,CE,Towers with Radar,174,173,84,4,435,0,2,2,0,4,174,175,86,4,439,10,0,10,449
10/25/2000,BUF,NY,AEA,CE,Towers with Radar,167,147,82,6,402,0,2,4,0,6,167,149,86,6,408,22,12,34,442
10/26/2000,BUF,NY,AEA,CE,Towers with Radar,185,170,103,2,460,0,0,43,7,50,185,170,146,9,510,38,12,50,560
10/27/2000,BUF,NY,AEA,CE,Towers with Radar,190,160,137,6,493,0,2,63,1,66,190,162,200,7,559,42,26,68,627
10/28/2000,BUF,NY,AEA,CE,Towers with Radar,180,108,64,6,358,0,0,73,3,76,180,108,137,9,434,42,26,68,502
10/29/2000,BUF,NY,AEA,CE,Towers with Radar,156,101,71,8,336,0,0,79,1,80,156,101,150,9,416,52,8,60,476
10/30/2000,BUF,NY,AEA,CE,Towers with Radar,176,119,58,4,357,0,6,64,6,76,176,125,122,10,433,52,4,56,489
10/31/2000,BUF,NY,AEA,CE,Towers with Radar,163,140,97,3,403,15,0,46,0,61,178,140,143,3,464,50,26,76,540
11/01/2000,BUF,NY,AEA,CE,Towers with Radar,178,163,64,2,407,3,3,26,8,40,181,166,90,10,447,44,4,48,495
11/02/2000,BUF,NY,AEA,CE,Towers with Radar,173,151,126,10,460,2,5,60,2,69,175,156,186,12,529,34,2,36,565
11/03/2000,BUF,NY,AEA,CE,Towers with Radar,179,142,121,11,453,2,1,26,0,29,181,143,147,11,482,44,4,48,530
11/04/2000,BUF,NY,AEA,CE,Towers with Radar,160,120,84,1,365,2,2,83,0,87,162,122,167,1,452,44,6,50,502
11/05/2000,BUF,NY,AEA,CE,Towers with Radar,151,95,67,8,321,2,1,103,3,109,153,96,170,11,430,32,4,36,466
11/06/2000,BUF,NY,AEA,CE,Towers with Radar,166,128,95,6,395,2,3,54,2,61,168,131,149,8,456,70,8,78,534
11/07/2000,BUF,NY,AEA,CE,Towers with Radar,176,147,95,5,423,3,7,31,3,44,179,154,126,8,467,42,10,52,519
11/08/2000,BUF,NY,AEA,CE,Towers with Radar,178,152,117,0,447,2,3,40,1,46,180,155,157,1,493,84,12,96,589
11/09/2000,BUF,NY,AEA,CE,Towers with Radar,181,148,86,4,419,2,1,2,0,5,183,149,88,4,424,16,0,16,440
11/10/2000,BUF,NY,AEA,CE,Towers with Radar,170,131,84,4,389,8,22,2,0,32,178,153,86,4,421,44,8,52,473
11/11/2000,BUF,NY,AEA,CE,Towers with Radar,171,109,42,2,324,1,2,22,4,29,172,111,64,6,353,28,4,32,385
11/12/2000,BUF,NY,AEA,CE,Towers with Radar,144,96,59,3,302,1,1,13,2,17,145,97,72,5,319,44,2,46,365
11/13/2000,BUF,NY,AEA,CE,Towers with Radar,168,134,82,3,387,1,1,29,1,32,169,135,111,4,419,16,0,16,435
11/14/2000,BUF,NY,AEA,CE,Towers with Radar,163,158,107,5,433,1,1,15,1,18,164,159,122,6,451,20,0,20,471
11/15/2000,BUF,NY,AEA,CE,Towers with Radar,187,157,163,3,510,1,1,29,5,36,188,158,192,8,546,10,0,10,556
11/16/2000,BUF,NY,AEA,CE,Towers with Radar,167,159,229,14,569,1,1,33,3,38,168,160,262,17,607,48,4,52,659
11/17/2000,BUF,NY,AEA,CE,Towers with Radar,181,149,104,14,448,1,1,14,4,20,182,150,118,18,468,46,0,46,514
11/18/2000,BUF,NY,AEA,CE,Towers with Radar,113,88,45,2,248,35,9,0,5,49,148,97,45,7,297,10,0,10,307
11/19/2000,BUF,NY,AEA,CE,Towers with Radar,142,83,28,3,256,1,1,0,1,3,143,84,28,4,259,16,2,18,277
11/20/2000,BUF,NY,AEA,CE,Towers with Radar,94,60,18,2,174,1,2,0,1,4,95,62,18,3,178,0,0,0,178
11/21/2000,BUF,NY,AEA,CE,Towers with Radar,18,16,48,2,84,0,0,107,1,108,18,16,155,3,192,0,6,6,198
11/22/2000,BUF,NY,AEA,CE,Towers with Radar,181,156,71,14,422,1,1,1,4,7,182,157,72,18,429,40,0,40,469
11/23/2000,BUF,NY,AEA,CE,Towers with Radar,158,102,27,0,287,1,2,2,0,5,159,104,29,0,292,0,0,0,292
11/24/2000,BUF,NY,AEA,CE,Towers with Radar,119,83,53,1,256,1,1,37,4,43,120,84,90,5,299,44,2,46,345
11/25/2000,BUF,NY,AEA,CE,Towers with Radar,150,88,39,1,278,2,1,27,1,31,152,89,66,2,309,34,2,36,345
11/26/2000,BUF,NY,AEA,CE,Towers with Radar,107,48,15,0,170,1,1,0,0,2,108,49,15,0,172,12,0,12,184
11/27/2000,BUF,NY,AEA,CE,Towers with Radar,171,137,44,3,355,1,1,4,0,6,172,138,48,3,361,28,0,28,389
11/28/2000,BUF,NY,AEA,CE,Towers with Radar,177,157,66,6,406,1,1,1,0,3,178,158,67,6,409,16,8,24,433
11/29/2000,BUF,NY,AEA,CE,Towers with Radar,175,145,67,7,394,1,1,14,0,16,176,146,81,7,410,0,0,0,410
11/30/2000,BUF,NY,AEA,CE,Towers with Radar,181,139,82,4,406,1,1,5,3,10,182,140,87,7,416,30,0,30,446
12/01/2000,BUF,NY,AEA,CE,Towers with Radar,173,140,101,7,421,5,0,15,1,21,178,140,116,8,442,36,0,36,478
12/02/2000,BUF,NY,AEA,CE,Towers with Radar,153,106,61,2,322,6,0,21,1,28,159,106,82,3,350,48,12,60,410
12/03/2000,BUF,NY,AEA,CE,Towers with Radar,141,97,98,3,339,5,0,87,0,92,146,97,185,3,431,46,2,48,479
12/04/2000,BUF,NY,AEA,CE,Towers with Radar,153,140,70,14,377,5,0,59,3,67,158,140,129,17,444,36,12,48,492
12/05/2000,BUF,NY,AEA,CE,Towers with Radar,162,144,75,0,381,4,0,1,0,5,166,144,76,0,386,2,0,2,388
12/06/2000,BUF,NY,AEA,CE,Towers with Radar,145,142,53,2,342,4,0,0,1,5,149,142,53,3,347,2,0,2,349
12/07/2000,BUF,NY,AEA,CE,Towers with Radar,172,169,89,4,434,0,1,18,1,20,172,170,107,5,454,26,0,26,480
12/08/2000,BUF,NY,AEA,CE,Towers with Radar,180,179,95,4,458,0,0,102,3,105,180,179,197,7,563,36,4,40,603
12/09/2000,BUF,NY,AEA,CE,Towers with Radar,160,102,46,4,312,4,0,34,6,44,164,102,80,10,356,64,0,64,420
12/10/2000,BUF,NY,AEA,CE,Towers with Radar,139,90,41,2,272,5,0,55,0,60,144,90,96,2,332,38,0,38,370
12/11/2000,BUF,NY,AEA,CE,Towers with Radar,128,126,56,4,314,4,0,0,0,4,132,126,56,4,318,6,0,6,324
12/12/2000,BUF,NY,AEA,CE,Towers with Radar,134,107,47,1,289,4,0,0,0,4,138,107,47,1,293,20,8,28,321
12/13/2000,BUF,NY,AEA,CE,Towers with Radar,165,164,87,4,420,0,4,65,7,76,165,168,152,11,496,56,4,60,556
12/14/2000,BUF,NY,AEA,CE,Towers with Radar,138,116,57,2,313,18,18,0,0,36,156,134,57,2,349,8,0,8,357
12/15/2000,BUF,NY,AEA,CE,Towers with Radar,173,186,80,2,441,4,0,44,2,50,177,186,124,4,491,66,10,76,567
12/16/2000,BUF,NY,AEA,CE,Towers with Radar,154,95,24,2,275,4,0,2,0,6,158,95,26,2,281,40,2,42,323
12/17/2000,BUF,NY,AEA,CE,Towers with Radar,126,64,19,1,210,4,0,18,0,22,130,64,37,1,232,0,0,0,232
12/18/2000,BUF,NY,AEA,CE,Towers with Radar,161,132,59,6,358,4,0,1,0,5,165,132,60,6,363,14,2,16,379
12/19/2000,BUF,NY,AEA,CE,Towers with Radar,169,161,56,1,387,4,0,4,0,8,173,161,60,1,395,4,0,4,399
12/20/2000,BUF,NY,AEA,CE,Towers with Radar,160,177,233,2,572,5,0,112,0,117,165,177,345,2,689,66,2,68,757
12/21/2000,BUF,NY,AEA,CE,Towers with Radar,165,188,132,2,487,5,7,27,1,40,170,195,159,3,527,52,0,52,579
12/22/2000,BUF,NY,AEA,CE,Towers with Radar,161,147,68,3,379,4,0,0,0,4,165,147,68,3,383,0,0,0,383
12/23/2000,BUF,NY,AEA,CE,Towers with Radar,162,110,48,3,323,4,0,1,0,5,166,110,49,3,328,48,6,54,382
12/24/2000,BUF,NY,AEA,CE,Towers with Radar,124,62,7,0,193,4,0,0,0,4,128,62,7,0,197,0,0,0,197
12/25/2000,BUF,NY,AEA,CE,Towers with Radar,124,50,5,2,181,4,0,1,0,5,128,50,6,2,186,4,0,4,190
12/26/2000,BUF,NY,AEA,CE,Towers with Radar,141,118,61,2,322,18,9,43,0,70,159,127,104,2,392,48,0,48,440
12/27/2000,BUF,NY,AEA,CE,Towers with Radar,174,151,76,2,403,0,17,0,0,17,174,168,76,2,420,44,4,48,468
12/28/2000,BUF,NY,AEA,CE,Towers with Radar,162,153,80,5,400,0,0,25,22,47,162,153,105,27,447,64,18,82,529
12/29/2000,BUF,NY,AEA,CE,Towers with Radar,169,150,92,3,414,4,0,53,1,58,173,150,145,4,472,0,0,0,472
12/30/2000,BUF,NY,AEA,CE,Towers with Radar,134,65,19,0,218,4,0,0,0,4,138,65,19,0,222,8,0,8,230
12/31/2000,BUF,NY,AEA,CE,Towers with Radar,125,60,14,0,199,4,0,0,0,4,129,60,14,0,203,0,0,0,203
01/01/2001,BUF,NY,AEA,CE,Towers with Radar,142,60,34,1,237,1,0,23,3,27,143,60,57,4,264,40,0,40,304
01/02/2001,BUF,NY,AEA,CE,Towers with Radar,161,143,162,5,471,0,0,15,1,16,161,143,177,6,487,36,2,38,525
01/03/2001,BUF,NY,AEA,CE,Towers with Radar,167,156,47,2,372,0,0,49,0,49,167,156,96,2,421,26,12,38,459
01/04/2001,BUF,NY,AEA,CE,Towers with Radar,180,145,86,1,412,0,0,5,0,5,180,145,91,1,417,12,0,12,429
01/05/2001,BUF,NY,AEA,CE,Towers with Radar,167,142,29,2,340,0,0,3,0,3,167,142,32,2,343,2,0,2,345
01/06/2001,BUF,NY,AEA,CE,Towers with Radar,136,92,48,4,280,19,0,0,6,25,155,92,48,10,305,20,0,20,325
01/07/2001,BUF,NY,AEA,CE,Towers with Radar,138,84,7,3,232,0,0,3,0,3,138,84,10,3,235,6,0,6,241
01/08/2001,BUF,NY,AEA,CE,Towers with Radar,160,116,58,11,345,0,0,6,0,6,160,116,64,11,351,62,14,76,427
01/09/2001,BUF,NY,AEA,CE,Towers with Radar,166,150,66,9,391,0,0,4,0,4,166,150,70,9,395,66,16,82,477
01/10/2001,BUF,NY,AEA,CE,Towers with Radar,174,157,104,8,443,0,1,23,0,24,174,158,127,8,467,30,4,34,501
01/11/2001,BUF,NY,AEA,CE,Towers with Radar,183,155,97,2,437,0,1,9,0,10,183,156,106,2,447,52,6,58,505
01/12/2001,BUF,NY,AEA,CE,Towers with Radar,174,158,85,1,418,0,1,41,2,44,174,159,126,3,462,70,0,70,532
01/13/2001,BUF,NY,AEA,CE,Towers with Radar,165,101,32,1,299,0,0,8,0,8,165,101,40,1,307,48,8,56,363
01/14/2001,BUF,NY,AEA,CE,Towers with Radar,102,78,15,2,197,38,0,0,0,38,140,78,15,2,235,36,0,36,271
01/15/2001,BUF,NY,AEA,CE,Towers with Radar,126,96,45,1,268,30,3,16,0,49,156,99,61,1,317,14,2,16,333
01/16/2001,BUF,NY,AEA,CE,Towers with Radar,154,119,33,2,308,17,10,0,0,27,171,129,33,2,335,12,4,16,351
01/17/2001,BUF,NY,AEA,CE,Towers with Radar,172,149,58,6,385,0,14,0,12,26,172,163,58,18,411,48,12,60,471
01/18/2001,BUF,NY,AEA,CE,Towers with Radar,167,149,109,6,431,0,0,38,2,40,167,149,147,8,471,42,4,46,517
01/19/2001,BUF,NY,AEA,CE,Towers with Radar,175,167,66,3,411,0,0,3,0,3,175,167,69,3,414,0,14,14,428
01/20/2001,BUF,NY,AEA,CE,Towers with Radar,168,92,65,5,330,0,0,40,2,42,168,92,105,7,372,64,32,96,468
01/21/2001,BUF,NY,AEA,CE,Towers with Radar,134,71,47,3,255,0,0,16,0,16,134,71,63,3,271,36,0,36,307
01/22/2001,BUF,NY,AEA,CE,Towers with Radar,165,130,84,1,380,0,0,97,2,99,165,130,181,3,479,48,2,50,529
01/23/2001,BUF,NY,AEA,CE,Towers with Radar,176,158,71,13,418,0,0,43,4,47,176,158,114,17,465,8,0,8,473
01/24/2001,BUF,NY,AEA,CE,Towers with Radar,171,156,75,5,407,0,1,11,8,20,171,157,86,13,427,18,2,20,447
01/25/2001,BUF,NY,AEA,CE,Towers with Radar,173,153,79,10,415,0,0,17,2,19,173,153,96,12,434,64,10,74,508
01/26/2001,BUF,NY,AEA,CE,Towers with Radar,184,153,70,7,414,0,3,32,0,35,184,156,102,7,449,92,4,96,545
01/27/2001,BUF,NY,AEA,CE,Towers with Radar,150,96,26,0,272,0,0,8,0,8,150,96,34,0,280,6,0,6,286
01/28/2001,BUF,NY,AEA,CE,Towers with Radar,153,78,16,2,249,0,0,2,0,2,153,78,18,2,251,4,2,6,257
01/29/2001,BUF,NY,AEA,CE,Towers with Radar,153,128,68,3,352,0,0,12,5,17,153,128,80,8,369,14,0,14,383
01/30/2001,BUF,NY,AEA,CE,Towers with Radar,154,123,59,3,339,0,26,26,0,52,154,149,85,3,391,12,2,14,405
01/31/2001,BUF,NY,AEA,CE,Towers with Radar,174,168,60,0,402,0,0,2,0,2,174,168,62,0,404,10,6,16,420
02/01/2001,BUF,NY,AEA,CE,Towers with Radar,180,153,122,4,459,0,2,34,1,37,180,155,156,5,496,0,6,6,502
02/02/2001,BUF,NY,AEA,CE,Towers with Radar,172,153,63,3,391,0,1,1,0,2,172,154,64,3,393,12,4,16,409
02/03/2001,BUF,NY,AEA,CE,Towers with Radar,123,90,62,3,278,32,0,14,0,46,155,90,76,3,324,22,6,28,352
02/04/2001,BUF,NY,AEA,CE,Towers with Radar,143,73,21,0,237,0,1,7,0,8,143,74,28,0,245,38,4,42,287
02/05/2001,BUF,NY,AEA,CE,Towers with Radar,158,111,168,2,439,0,0,11,2,13,158,111,179,4,452,36,8,44,496
02/06/2001,BUF,NY,AEA,CE,Towers with Radar,179,138,55,4,376,0,0,11,0,11,179,138,66,4,387,2,0,2,389
02/07/2001,BUF,NY,AEA,CE,Towers with Radar,182,175,155,0,512,0,0,66,2,68,182,175,221,2,580,68,0,68,648
02/08/2001,BUF,NY,AEA,CE,Towers with Radar,167,142,214,8,531,0,0,40,0,40,167,142,254,8,571,52,4,56,627
02/09/2001,BUF,NY,AEA,CE,Towers with Radar,169,154,73,4,400,0,0,77,0,77,169,154,150,4,477,44,10,54,531
02/10/2001,BUF,NY,AEA,CE,Towers with Radar,168,86,36,2,292,0,0,2,0,2,168,86,38,2,294,8,0,8,302
02/11/2001,BUF,NY,AEA,CE,Towers with Radar,133,74,28,1,236,0,0,80,2,82,133,74,108,3,318,42,4,46,364
02/12/2001,BUF,NY,AEA,CE,Towers with Radar,169,128,177,3,477,0,0,19,1,20,169,128,196,4,497,62,0,62,559
02/13/2001,BUF,NY,AEA,CE,Towers with Radar,185,161,80,33,459,0,0,63,2,65,185,161,143,35,524,102,12,114,638
02/14/2001,BUF,NY,AEA,CE,Towers with Radar,191,142,69,4,406,0,0,2,0,2,191,142,71,4,408,4,0,4,412
02/15/2001,BUF,NY,AEA,CE,Towers with Radar,170,167,86,7,430,0,0,34,3,37,170,167,120,10,467,20,0,20,487
02/16/2001,BUF,NY,AEA,CE,Towers with Radar,164,167,123,7,461,0,1,11,1,13,164,168,134,8,474,32,6,38,512
02/17/2001,BUF,NY,AEA,CE,Towers with Radar,122,93,41,2,258,52,2,0,0,54,174,95,41,2,312,26,0,26,338
02/18/2001,BUF,NY,AEA,CE,Towers with Radar,154,88,58,4,304,0,0,3,2,5,154,88,61,6,309,44,2,46,355
02/19/2001,BUF,NY,AEA,CE,Towers with Radar,162,131,130,1,424,0,1,16,0,17,162,132,146,1,441,54,4,58,499
02/20/2001,BUF,NY,AEA,CE,Towers with Radar,173,141,77,13,404,0,0,67,3,70,173,141,144,16,474,44,26,70,544
02/21/2001,BUF,NY,AEA,CE,Towers with Radar,169,157,105,6,437,0,0,69,0,69,169,157,174,6,506,38,4,42,548
02/22/2001,BUF,NY,AEA,CE,Towers with Radar,168,153,86,15,422,0,1,13,0,14,168,154,99,15,436,2,4,6,442
02/23/2001,BUF,NY,AEA,CE,Towers with Radar,175,158,58,7,398,0,0,51,1,52,175,158,109,8,450,24,8,32,482
02/24/2001,BUF,NY,AEA,CE,Towers with Radar,158,95,49,9,311,0,0,74,5,79,158,95,123,14,390,68,6,74,464
02/25/2001,BUF,NY,AEA,CE,Towers with Radar,161,69,18,0,248,0,0,2,0,2,161,69,20,0,250,2,0,2,252
02/26/2001,BUF,NY,AEA,CE,Towers with Radar,158,132,86,6,382,0,0,10,1,11,158,132,96,7,393,12,4,16,409
02/27/2001,BUF,NY,AEA,CE,Towers with Radar,167,163,83,2,415,0,0,29,2,31,167,163,112,4,446,42,4,46,492
02/28/2001,BUF,NY,AEA,CE,Towers with Radar,167,149,106,5,427,0,0,8,4,12,167,149,114,9,439,22,0,22,461
03/01/2001,BUF,NY,AEA,CE,Towers with Radar,167,167,68,24,426,0,0,16,1,17,167,167,84,25,443,56,16,72,515
03/02/2001,BUF,NY,AEA,CE,Towers with Radar,166,127,85,5,383,3,17,16,0,36,169,144,101,5,419,44,2,46,465
03/03/2001,BUF,NY,AEA,CE,Towers with Radar,160,93,48,5,306,0,0,22,1,23,160,93,70,6,329,38,2,40,369
03/04/2001,BUF,NY,AEA,CE,Towers with Radar,143,67,42,0,252,0,0,49,2,51,143,67,91,2,303,38,6,44,347
03/05/2001,BUF,NY,AEA,CE,Towers with Radar,144,57,27,6,234,0,0,42,1,43,144,57,69,7,277,0,0,0,277
03/06/2001,BUF,NY,AEA,CE,Towers with Radar,103,80,53,3,239,37,3,8,0,48,140,83,61,3,287,2,0,2,289
03/07/2001,BUF,NY,AEA,CE,Towers with Radar,166,136,101,8,411,0,0,22,0,22,166,136,123,8,433,18,0,18,451
03/08/2001,BUF,NY,AEA,CE,Towers with Radar,171,146,70,6,393,0,0,19,1,20,171,146,89,7,413,22,0,22,435
03/09/2001,BUF,NY,AEA,CE,Towers with Radar,175,127,66,4,372,0,0,9,1,10,175,127,75,5,382,14,0,14,396
03/10/2001,BUF,NY,AEA,CE,Towers with Radar,168,89,49,6,312,0,0,45,2,47,168,89,94,8,359,32,6,38,397
03/11/2001,BUF,NY,AEA,CE,Towers with Radar,150,81,18,3,252,0,0,0,0,0,150,81,18,3,252,24,8,32,284
03/12/2001,BUF,NY,AEA,CE,Towers with Radar,149,135,137,11,432,0,0,19,0,19,149,135,156,11,451,38,2,40,491
03/13/2001,BUF,NY,AEA,CE,Towers with Radar,170,149,47,2,368,0,0,10,0,10,170,149,57,2,378,6,0,6,384
03/14/2001,BUF,NY,AEA,CE,Towers with Radar,172,151,109,14,446,0,0,2,0,2,172,151,111,14,448,22,14,36,484
03/15/2001,BUF,NY,AEA,CE,Towers with Radar,161,157,97,5,420,0,0,27,0,27,161,157,124,5,447,88,16,104,551
03/16/2001,BUF,NY,AEA,CE,Towers with Radar,160,150,70,5,385,0,0,13,0,13,160,150,83,5,398,60,2,62,460
03/17/2001,BUF,NY,AEA,CE,Towers with Radar,164,95,16,0,275,0,0,0,0,0,164,95,16,0,275,20,0,20,295
03/18/2001,BUF,NY,AEA,CE,Towers with Radar,145,88,120,2,355,0,0,75,1,76,145,88,195,3,431,70,10,80,511
03/19/2001,BUF,NY,AEA,CE,Towers with Radar,158,126,106,7,397,0,0,11,1,12,158,126,117,8,409,14,0,14,423
03/20/2001,BUF,NY,AEA,CE,Towers with Radar,171,162,224,15,572,0,2,20,1,23,171,164,244,16,595,58,6,64,659
03/21/2001,BUF,NY,AEA,CE,Towers with Radar,167,141,104,13,425,0,0,47,0,47,167,141,151,13,472,62,12,74,546
03/22/2001,BUF,NY,AEA,CE,Towers with Radar,172,157,62,7,398,0,0,17,0,17,172,157,79,7,415,38,10,48,463
03/23/2001,BUF,NY,AEA,CE,Towers with Radar,166,157,125,26,474,0,0,7,0,7,166,157,132,26,481,28,10,38,519
03/24/2001,BUF,NY,AEA,CE,Towers with Radar,162,96,37,8,303,0,0,1,0,1,162,96,38,8,304,30,0,30,334
03/25/2001,BUF,NY,AEA,CE,Towers with Radar,145,78,50,5,278,0,0,18,0,18,145,78,68,5,296,32,2,34,330
03/26/2001,BUF,NY,AEA,CE,Towers with Radar,158,136,134,7,435,0,0,1,1,2,158,136,135,8,437,14,0,14,451
03/27/2001,BUF,NY,AEA,CE,Towers with Radar,176,160,105,6,447,0,0,21,0,21,176,160,126,6,468,22,0,22,490
03/28/2001,BUF,NY,AEA,CE,Towers with Radar,170,166,136,11,483,0,0,47,0,47,170,166,183,11,530,60,42,102,632
03/29/2001,BUF,NY,AEA,CE,Towers with Radar,164,143,191,18,516,0,1,16,1,18,164,144,207,19,534,70,28,98,632
03/30/2001,BUF,NY,AEA,CE,Towers with Radar,173,136,44,4,357,0,0,0,0,0,173,136,44,4,357,20,0,20,377
03/31/2001,BUF,NY,AEA,CE,Towers with Radar,161,105,36,29,331,0,0,0,0,0,161,105,36,29,331,40,0,40,371
04/01/2001,BUF,NY,AEA,CE,Towers with Radar,122,70,61,1,254,3,1,0,0,4,125,71,61,1,258,50,8,58,316
04/02/2001,BUF,NY,AEA,CE,Towers with Radar,159,131,138,3,431,1,1,22,1,25,160,132,160,4,456,24,0,24,480
04/03/2001,BUF,NY,AEA,CE,Towers with Radar,176,148,130,15,469,1,1,26,1,29,177,149,156,16,498,80,24,104,602
04/04/2001,BUF,NY,AEA,CE,Towers with Radar,172,154,217,32,575,1,2,51,3,57,173,156,268,35,632,46,2,48,680
04/05/2001,BUF,NY,AEA,CE,Towers with Radar,179,156,164,16,515,1,1,68,4,74,180,157,232,20,589,42,10,52,641
04/06/2001,BUF,NY,AEA,CE,Towers with Radar,155,131,73,9,368,1,2,0,1,4,156,133,73,10,372,26,6,32,404
04/07/2001,BUF,NY,AEA,CE,Towers with Radar,173,92,76,2,343,1,1,0,1,3,174,93,76,3,346,60,8,68,414
04/08/2001,BUF,NY,AEA,CE,Towers with Radar,149,69,52,11,281,1,1,3,4,9,150,70,55,15,290,60,2,62,352
04/09/2001,BUF,NY,AEA,CE,Towers with Radar,156,129,115,3,403,1,1,10,5,17,157,130,125,8,420,62,2,64,484
04/10/2001,BUF,NY,AEA,CE,Towers with Radar,171,130,129,7,437,13,11,15,0,39,184,141,144,7,476,22,0,22,498
04/11/2001,BUF,NY,AEA,CE,Towers with Radar,173,132,131,6,442,0,14,15,0,29,173,146,146,6,471,46,0,46,517
04/12/2001,BUF,NY,AEA,CE,Towers with Radar,177,139,71,1,388,1,1,8,2,12,178,140,79,3,400,20,0,20,420
04/13/2001,BUF,NY,AEA,CE,Towers with Radar,176,132,78,24,410,1,3,59,4,67,177,135,137,28,477,50,32,82,559
04/14/2001,BUF,NY,AEA,CE,Towers with Radar,167,83,120,11,381,1,1,85,2,89,168,84,205,13,470,70,4,74,544
04/15/2001,BUF,NY,AEA,CE,Towers with Radar,141,74,39,0,254,2,1,26,1,30,143,75,65,1,284,8,0,8,292
04/16/2001,BUF,NY,AEA,CE,Towers with Radar,165,122,101,5,393,1,1,20,1,23,166,123,121,6,416,44,4,48,464
04/17/2001,BUF,NY,AEA,CE,Towers with Radar,174,156,132,44,506,1,2,25,9,37,175,158,157,53,543,22,24,46,589
04/18/2001,BUF,NY,AEA,CE,Towers with Radar,179,167,106,19,471,2,0,3,2,7,181,167,109,21,478,42,12,54,532
04/19/2001,BUF,NY,AEA,CE,Towers with Radar,178,157,201,13,549,2,1,11,2,16,180,158,212,15,565,72,4,76,641
04/20/2001,BUF,NY,AEA,CE,Towers with Radar,180,149,126,21,476,2,1,2,9,14,182,150,128,30,490,24,0,24,514
04/21/2001,BUF,NY,AEA,CE,Towers with Radar,158,85,66,3,312,2,1,0,0,3,160,86,66,3,315,38,10,48,363
04/22/2001,BUF,NY,AEA,CE,Towers with Radar,136,78,103,10,327,15,0,64,6,85,151,78,167,16,412,22,4,26,438
04/23/2001,BUF,NY,AEA,CE,Towers with Radar,158,131,117,17,423,2,2,43,1,48,160,133,160,18,471,46,20,66,537
04/24/2001,BUF,NY,AEA,CE,Towers with Radar,178,139,127,7,451,0,12,0,0,12,178,151,127,7,463,38,0,38,501
04/25/2001,BUF,NY,AEA,CE,Towers with Radar,176,181,180,17,554,0,0,109,0,109,176,181,289,17,663,24,0,24,687
04/26/2001,BUF,NY,AEA,CE,Towers with Radar,173,159,268,14,614,2,4,48,0,54,175,163,316,14,668,70,20,90,758
04/27/2001,BUF,NY,AEA,CE,Towers with Radar,181,138,136,10,465,0,18,29,0,47,181,156,165,10,512,26,8,34,546
04/28/2001,BUF,NY,AEA,CE,Towers with Radar,159,91,120,11,381,6,0,126,2,134,165,91,246,13,515,26,0,26,541
04/29/2001,BUF,NY,AEA,CE,Towers with Radar,149,81,136,11,377,2,0,174,0,176,151,81,310,11,553,56,6,62,615
04/30/2001,BUF,NY,AEA,CE,Towers with Radar,158,134,160,9,461,1,3,19,0,23,159,137,179,9,484,42,0,42,526
05/01/2001,BUF,NY,AEA,CE,Towers with Radar,172,155,171,10,508,0,5,66,7,78,172,160,237,17,586,62,18,80,666
05/02/2001,BUF,NY,AEA,CE,Towers with Radar,187,149,147,18,501,0,5,43,5,53,187,154,190,23,554,90,10,100,654
05/03/2001,BUF,NY,AEA,CE,Towers with Radar,181,167,151,13,512,0,6,29,2,37,181,173,180,15,549,98,14,112,661
05/04/2001,BUF,NY,AEA,CE,Towers with Radar,176,145,112,6,439,0,2,16,0,18,176,147,128,6,457,28,0,28,485
05/05/2001,BUF,NY,AEA,CE,Towers with Radar,166,89,129,12,396,0,1,96,2,99,166,90,225,14,495,80,2,82,577
05/06/2001,BUF,NY,AEA,CE,Towers with Radar,157,110,120,9,396,0,0,92,0,92,157,110,212,9,488,54,14,68,556
05/07/2001,BUF,NY,AEA,CE,Towers with Radar,164,127,131,8,430,0,3,37,2,42,164,130,168,10,472,86,4,90,562
05/08/2001,BUF,NY,AEA,CE,Towers with Radar,178,152,140,4,474,0,3,2,0,5,178,155,142,4,479,18,0,18,497
05/09/2001,BUF,NY,AEA,CE,Towers with Radar,188,157,154,8,507,0,1,70,2,73,188,158,224,10,580,72,18,90,670
05/10/2001,BUF,NY,AEA,CE,Towers with Radar,182,159,179,16,536,0,1,157,0,158,182,160,336,16,694,72,8,80,774
05/11/2001,BUF,NY,AEA,CE,Towers with Radar,181,154,110,9,454,0,2,32,0,34,181,156,142,9,488,60,0,60,548
05/12/2001,BUF,NY,AEA,CE,Towers with Radar,164,98,78,6,346,0,0,23,0,23,164,98,101,6,369,54,2,56,425
05/13/2001,BUF,NY,AEA,CE,Towers with Radar,152,95,117,5,369,0,0,138,4,142,152,95,255,9,511,62,0,62,573
05/14/2001,BUF,NY,AEA,CE,Towers with Radar,158,154,192,4,508,0,0,29,0,29,158,154,221,4,537,44,0,44,581
05/15/2001,BUF,NY,AEA,CE,Towers with Radar,175,153,166,8,502,0,2,86,0,88,175,155,252,8,590,74,14,88,678
05/16/2001,BUF,NY,AEA,CE,Towers with Radar,184,174,196,11,565,0,3,91,0,94,184,177,287,11,659,36,0,36,695
05/17/2001,BUF,NY,AEA,CE,Towers with Radar,186,158,115,20,479,0,2,17,0,19,186,160,132,20,498,22,8,30,528
05/18/2001,BUF,NY,AEA,CE,Towers with Radar,184,186,71,15,456,0,0,10,0,10,184,186,81,15,466,8,0,8,474
05/19/2001,BUF,NY,AEA,CE,Towers with Radar,182,88,150,17,437,0,0,173,14,187,182,88,323,31,624,110,22,132,756
05/20/2001,BUF,NY,AEA,CE,Towers with Radar,151,84,127,9,371,0,0,120,0,120,151,84,247,9,491,78,16,94,585
05/21/2001,BUF,NY,AEA,CE,Towers with Radar,161,123,71,1,356,0,0,31,0,31,161,123,102,1,387,40,2,42,429
05/22/2001,BUF,NY,AEA,CE,Towers with Radar,168,146,99,11,424,0,0,10,0,10,168,146,109,11,434,24,6,30,464
05/23/2001,BUF,NY,AEA,CE,Towers with Radar,176,154,139,10,479,0,0,16,0,16,176,154,155,10,495,60,8,68,563
05/24/2001,BUF,NY,AEA,CE,Towers with Radar,182,159,120,25,486,0,1,13,0,14,182,160,133,25,500,22,0,22,522
05/25/2001,BUF,NY,AEA,CE,Towers with Radar,182,146,106,14,448,0,0,18,0,18,182,146,124,14,466,90,2,92,558
05/26/2001,BUF,NY,AEA,CE,Towers with Radar,163,88,99,4,354,0,0,61,0,61,163,88,160,4,415,62,4,66,481
05/27/2001,BUF,NY,AEA,CE,Towers with Radar,144,68,59,2,273,0,0,47,0,47,144,68,106,2,320,36,0,36,356
05/28/2001,BUF,NY,AEA,CE,Towers with Radar,150,77,46,1,274,0,0,0,0,0,150,77,46,1,274,6,0,6,280
05/29/2001,BUF,NY,AEA,CE,Towers with Radar,158,122,156,17,453,0,1,12,0,13,158,123,168,17,466,88,10,98,564
05/30/2001,BUF,NY,AEA,CE,Towers with Radar,178,145,106,21,450,1,0,40,1,42,179,145,146,22,492,28,18,46,538
05/31/2001,BUF,NY,AEA,CE,Towers with Radar,170,154,128,14,466,0,3,39,15,57,170,157,167,29,523,48,16,64,587
06/01/2001,BUF,NY,AEA,CE,Towers with Radar,174,147,129,13,463,0,3,30,0,33,174,150,159,13,496,64,8,72,568
06/02/2001,BUF,NY,AEA,CE,Towers with Radar,160,92,65,7,324,0,1,67,0,68,160,93,132,7,392,46,0,46,438
06/03/2001,BUF,NY,AEA,CE,Towers with Radar,151,67,44,12,274,0,1,0,1,2,151,68,44,13,276,4,14,18,294
06/04/2001,BUF,NY,AEA,CE,Towers with Radar,158,123,117,5,403,0,1,23,2,26,158,124,140,7,429,16,0,16,445
06/05/2001,BUF,NY,AEA,CE,Towers with Radar,182,158,148,11,499,0,1,18,1,20,182,159,166,12,519,50,4,54,573
06/06/2001,BUF,NY,AEA,CE,Towers with Radar,176,148,207,11,542,0,3,51,0,54,176,151,258,11,596,26,4,30,626
06/07/2001,BUF,NY,AEA,CE,Towers with Radar,184,162,213,8,567,0,2,79,5,86,184,164,292,13,653,44,2,46,699
06/08/2001,BUF,NY,AEA,CE,Towers with Radar,176,145,149,27,497,0,3,68,0,71,176,148,217,27,568,28,22,50,618
06/09/2001,BUF,NY,AEA,CE,Towers with Radar,165,97,162,9,433,0,3,124,2,129,165,100,286,11,562,76,16,92,654
06/10/2001,BUF,NY,AEA,CE,Towers with Radar,147,81,120,16,364,0,0,94,1,95,147,81,214,17,459,66,10,76,535
06/11/2001,BUF,NY,AEA,CE,Towers with Radar,163,128,90,3,384,0,0,10,0,10,163,128,100,3,394,22,0,22,416
06/12/2001,BUF,NY,AEA,CE,Towers with Radar,176,169,155,8,508,0,0,26,1,27,176,169,181,9,535,64,8,72,607
06/13/2001,BUF,NY,AEA,CE,Towers with Radar,161,167,186,16,530,0,0,94,2,96,161,167,280,18,626,74,2,76,702
06/14/2001,BUF,NY,AEA,CE,Towers with Radar,151,166,172,10,499,0,0,42,0,42,151,166,214,10,541,86,22,108,649
06/15/2001,BUF,NY,AEA,CE,Towers with Radar,167,172,162,19,520,0,3,105,0,108,167,175,267,19,628,78,18,96,724
06/16/2001,BUF,NY,AEA,CE,Towers with Radar,120,88,94,5,307,38,0,24,0,62,158,88,118,5,369,10,2,12,381
06/17/2001,BUF,NY,AEA,CE,Towers with Radar,152,83,119,7,361,0,0,106,2,108,152,83,225,9,469,29,4,33,502
06/18/2001,BUF,NY,AEA,CE,Towers with Radar,169,128,132,27,456,0,1,20,1,22,169,129,152,28,478,34,12,46,524
06/19/2001,BUF,NY,AEA,CE,Towers with Radar,177,162,130,24,493,0,1,24,0,25,177,163,154,24,518,42,2,44,562
06/20/2001,BUF,NY,AEA,CE,Towers with Radar,170,141,125,15,451,0,0,36,2,38,170,141,161,17,489,24,8,32,521
06/21/2001,BUF,NY,AEA,CE,Towers with Radar,174,155,129,22,480,0,1,47,1,49,174,156,176,23,529,62,18,80,609
06/22/2001,BUF,NY,AEA,CE,Towers with Radar,162,155,69,1,387,0,0,55,0,55,162,155,124,1,442,26,0,26,468
06/23/2001,BUF,NY,AEA,CE,Towers with Radar,171,91,68,6,336,0,0,68,0,68,171,91,136,6,404,19,0,19,423
06/24/2001,BUF,NY,AEA,CE,Towers with Radar,159,75,135,5,374,0,0,158,0,158,159,75,293,5,532,80,16,96,628
06/25/2001,BUF,NY,AEA,CE,Towers with Radar,163,123,204,9,499,0,3,47,0,50,163,126,251,9,549,66,0,66,615
06/26/2001,BUF,NY,AEA,CE,Towers with Radar,176,147,132,10,465,0,1,28,0,29,176,148,160,10,494,52,10,62,556
06/27/2001,BUF,NY,AEA,CE,Towers with Radar,178,156,193,11,538,0,0,109,0,109,178,156,302,11,647,30,0,30,677
06/28/2001,BUF,NY,AEA,CE,Towers with Radar,174,157,166,18,515,0,1,43,1,45,174,158,209,19,560,28,16,44,604
06/29/2001,BUF,NY,AEA,CE,Towers with Radar,181,143,124,21,469,0,2,30,0,32,181,145,154,21,501,71,12,83,584
06/30/2001,BUF,NY,AEA,CE,Towers with Radar,163,111,66,9,349,0,0,19,0,19,163,111,85,9,368,19,2,21,389
07/01/2001,BUF,NY,AEA,CE,Towers with Radar,132,48,41,6,227,0,1,22,0,23,132,49,63,6,250,6,0,6,256
07/02/2001,BUF,NY,AEA,CE,Towers with Radar,168,96,162,6,432,0,1,28,1,30,168,97,190,7,462,10,6,16,478
07/03/2001,BUF,NY,AEA,CE,Towers with Radar,165,125,110,6,406,0,2,24,0,26,165,127,134,6,432,2,0,2,434
07/04/2001,BUF,NY,AEA,CE,Towers with Radar,157,83,29,6,275,0,1,6,0,7,157,84,35,6,282,12,0,12,294
07/05/2001,BUF,NY,AEA,CE,Towers with Radar,158,124,121,8,411,0,1,21,0,22,158,125,142,8,433,37,0,37,470
07/06/2001,BUF,NY,AEA,CE,Towers with Radar,173,149,142,15,479,0,1,61,2,64,173,150,203,17,543,14,0,14,557
07/07/2001,BUF,NY,AEA,CE,Towers with Radar,166,91,121,6,384,0,3,67,0,70,166,94,188,6,454,27,0,27,481
07/08/2001,BUF,NY,AEA,CE,Towers with Radar,154,84,87,3,328,0,1,64,0,65,154,85,151,3,393,32,0,32,425
07/09/2001,BUF,NY,AEA,CE,Towers with Radar,161,110,111,7,389,0,1,20,1,22,161,111,131,8,411,7,0,7,418
07/10/2001,BUF,NY,AEA,CE,Towers with Radar,180,147,140,15,482,0,3,7,0,10,180,150,147,15,492,16,2,18,510
07/11/2001,BUF,NY,AEA,CE,Towers with Radar,182,140,141,21,484,0,1,11,2,14,182,141,152,23,498,18,0,18,516
07/12/2001,BUF,NY,AEA,CE,Towers with Radar,184,159,149,13,505,0,1,53,2,56,184,160,202,15,561,17,8,25,586
07/13/2001,BUF,NY,AEA,CE,Towers with Radar,193,143,158,19,513,0,1,75,3,79,193,144,233,22,592,17,8,25,617
07/14/2001,BUF,NY,AEA,CE,Towers with Radar,162,89,126,10,387,8,0,150,14,172,170,89,276,24,559,39,0,39,598
07/15/2001,BUF,NY,AEA,CE,Towers with Radar,154,68,150,17,389,0,1,90,1,92,154,69,240,18,481,8,0,8,489
07/16/2001,BUF,NY,AEA,CE,Towers with Radar,167,129,112,6,414,0,1,56,0,57,167,130,168,6,471,14,0,14,485
07/17/2001,BUF,NY,AEA,CE,Towers with Radar,173,153,110,6,442,0,1,47,0,48,173,154,157,6,490,40,4,44,534
07/18/2001,BUF,NY,AEA,CE,Towers with Radar,174,145,155,27,501,0,1,66,0,67,174,146,221,27,568,30,18,48,616
07/19/2001,BUF,NY,AEA,CE,Towers with Radar,180,154,120,15,469,0,1,35,2,38,180,155,155,17,507,20,0,20,527
07/20/2001,BUF,NY,AEA,CE,Towers with Radar,179,153,171,18,521,0,2,66,1,69,179,155,237,19,590,22,1,23,613
07/21/2001,BUF,NY,AEA,CE,Towers with Radar,162,89,98,10,359,0,4,111,2,117,162,93,209,12,476,12,0,12,488
07/22/2001,BUF,NY,AEA,CE,Towers with Radar,158,73,96,4,331,0,1,30,0,31,158,74,126,4,362,2,0,2,364
07/23/2001,BUF,NY,AEA,CE,Towers with Radar,162,143,119,12,436,0,1,28,0,29,162,144,147,12,465,23,0,23,488
07/24/2001,BUF,NY,AEA,CE,Towers with Radar,182,135,122,8,447,0,2,24,0,26,182,137,146,8,473,10,0,10,483
07/25/2001,BUF,NY,AEA,CE,Towers with Radar,170,152,193,12,527,0,2,27,2,31,170,154,220,14,558,40,4,44,602
07/26/2001,BUF,NY,AEA,CE,Towers with Radar,181,146,168,7,502,0,3,22,0,25,181,149,190,7,527,22,8,30,557
07/27/2001,BUF,NY,AEA,CE,Towers with Radar,180,149,172,20,521,0,3,23,0,26,180,152,195,20,547,19,0,19,566
07/28/2001,BUF,NY,AEA,CE,Towers with Radar,166,100,123,5,394,0,3,31,0,34,166,103,154,5,428,41,0,41,469
07/29/2001,BUF,NY,AEA,CE,Towers with Radar,152,87,145,7,391,0,1,58,0,59,152,88,203,7,450,42,0,42,492
07/30/2001,BUF,NY,AEA,CE,Towers with Radar,167,123,160,8,458,0,0,77,0,77,167,123,237,8,535,28,0,28,563
07/31/2001,BUF,NY,AEA,CE,Towers with Radar,186,148,183,7,524,0,0,68,1,69,186,148,251,8,593,28,0,28,621
08/01/2001,BUF,NY,AEA,CE,Towers with Radar,179,143,147,10,479,0,0,94,2,96,179,143,241,12,575,26,2,28,603
08/02/2001,BUF,NY,AEA,CE,Towers with Radar,173,159,126,6,464,0,1,5,0,6,173,160,131,6,470,26,0,26,496
08/03/2001,BUF,NY,AEA,CE,Towers with Radar,182,157,99,1,439,0,0,36,0,36,182,157,135,1,475,9,0,9,484
08/04/2001,BUF,NY,AEA,CE,Towers with Radar,167,72,78,9,326,0,0,47,0,47,167,72,125,9,373,22,0,22,395
08/05/2001,BUF,NY,AEA,CE,Towers with Radar,156,69,163,15,403,0,0,43,0,43,156,69,206,15,446,42,6,48,494
08/06/2001,BUF,NY,AEA,CE,Towers with Radar,173,108,142,13,436,0,0,65,1,66,173,108,207,14,502,2,0,2,504
08/07/2001,BUF,NY,AEA,CE,Towers with Radar,180,154,121,10,465,0,0,18,0,18,180,154,139,10,483,20,0,20,503
08/08/2001,BUF,NY,AEA,CE,Towers with Radar,178,165,190,8,541,0,0,21,4,25,178,165,211,12,566,20,12,32,598
08/09/2001,BUF,NY,AEA,CE,Towers with Radar,182,148,138,11,479,0,0,37,0,37,182,148,175,11,516,16,0,16,532
08/10/2001,BUF,NY,AEA,CE,Towers with Radar,164,128,122,4,418,0,19,37,0,56,164,147,159,4,474,54,0,54,528
08/11/2001,BUF,NY,AEA,CE,Towers with Radar,175,85,144,3,407,0,0,84,0,84,175,85,228,3,491,24,2,26,517
08/12/2001,BUF,NY,AEA,CE,Towers with Radar,155,69,84,4,312,0,0,37,0,37,155,69,121,4,349,10,0,10,359
08/13/2001,BUF,NY,AEA,CE,Towers with Radar,159,104,109,11,383,0,0,25,1,26,159,104,134,12,409,14,0,14,423
08/14/2001,BUF,NY,AEA,CE,Towers with Radar,180,162,161,17,520,0,0,34,1,35,180,162,195,18,555,31,1,32,587
08/15/2001,BUF,NY,AEA,CE,Towers with Radar,173,146,159,16,494,0,0,79,1,80,173,146,238,17,574,25,0,25,599
08/16/2001,BUF,NY,AEA,CE,Towers with Radar,176,148,113,23,460,0,0,12,0,12,176,148,125,23,472,33,10,43,515
08/17/2001,BUF,NY,AEA,CE,Towers with Radar,179,160,91,9,439,0,0,24,0,24,179,160,115,9,463,12,4,16,479
08/18/2001,BUF,NY,AEA,CE,Towers with Radar,158,108,117,7,390,0,0,69,1,70,158,108,186,8,460,35,2,37,497
08/19/2001,BUF,NY,AEA,CE,Towers with Radar,155,74,68,9,306,0,0,56,0,56,155,74,124,9,362,6,0,6,368
08/20/2001,BUF,NY,AEA,CE,Towers with Radar,160,113,78,3,354,0,0,8,0,8,160,113,86,3,362,18,0,18,380
08/21/2001,BUF,NY,AEA,CE,Towers with Radar,189,141,135,12,477,0,4,21,1,26,189,145,156,13,503,9,0,9,512
08/22/2001,BUF,NY,AEA,CE,Towers with Radar,182,148,156,16,502,0,2,20,1,23,182,150,176,17,525,17,6,23,548
08/23/2001,BUF,NY,AEA,CE,Towers with Radar,174,159,113,5,451,0,0,50,0,50,174,159,163,5,501,16,4,20,521
08/24/2001,BUF,NY,AEA,CE,Towers with Radar,176,171,132,24,503,0,1,50,1,52,176,172,182,25,555,24,2,26,581
08/25/2001,BUF,NY,AEA,CE,Towers with Radar,158,91,132,16,397,0,0,97,3,100,158,91,229,19,497,49,4,53,550
08/26/2001,BUF,NY,AEA,CE,Towers with Radar,111,84,70,7,272,37,3,0,6,46,148,87,70,13,318,12,2,14,332
08/27/2001,BUF,NY,AEA,CE,Towers with Radar,161,119,152,13,445,0,0,8,0,8,161,119,160,13,453,41,0,41,494
08/28/2001,BUF,NY,AEA,CE,Towers with Radar,167,131,95,19,412,0,0,8,0,8,167,131,103,19,420,28,0,28,448
08/29/2001,BUF,NY,AEA,CE,Towers with Radar,182,152,138,20,492,0,0,19,1,20,182,152,157,21,512,33,4,37,549
08/30/2001,BUF,NY,AEA,CE,Towers with Radar,169,150,158,13,490,0,1,28,4,33,169,151,186,17,523,28,5,33,556
08/31/2001,BUF,NY,AEA,CE,Towers with Radar,175,123,87,5,390,0,0,25,0,25,175,123,112,5,415,2,0,2,417
09/01/2001,BUF,NY,AEA,CE,Towers with Radar,156,96,82,9,343,1,0,66,0,67,157,96,148,9,410,2,0,2,412
09/02/2001,BUF,NY,AEA,CE,Towers with Radar,131,72,114,6,323,1,0,66,0,67,132,72,180,6,390,16,0,16,406
09/03/2001,BUF,NY,AEA,CE,Towers with Radar,140,88,96,8,332,1,0,87,0,88,141,88,183,8,420,10,2,12,432
09/04/2001,BUF,NY,AEA,CE,Towers with Radar,155,115,118,5,393,1,0,37,0,38,156,115,155,5,431,18,4,22,453
09/05/2001,BUF,NY,AEA,CE,Towers with Radar,166,163,132,9,470,1,1,42,0,44,167,164,174,9,514,31,0,31,545
09/06/2001,BUF,NY,AEA,CE,Towers with Radar,149,167,153,28,497,1,2,23,1,27,150,169,176,29,524,41,0,41,565
09/07/2001,BUF,NY,AEA,CE,Towers with Radar,149,143,95,16,403,1,0,32,1,34,150,143,127,17,437,12,0,12,449
09/08/2001,BUF,NY,AEA,CE,Towers with Radar,150,95,118,3,366,1,0,62,0,63,151,95,180,3,429,50,0,50,479
09/09/2001,BUF,NY,AEA,CE,Towers with Radar,128,99,133,4,364,1,0,75,0,76,129,99,208,4,440,40,0,40,480
09/10/2001,BUF,NY,AEA,CE,Towers with Radar,145,123,72,5,345,1,0,70,0,71,146,123,142,5,416,5,0,5,421
09/11/2001,BUF,NY,AEA,CE,Towers with Radar,74,79,40,2,195,1,0,2,0,3,75,79,42,2,198,8,0,8,206
09/12/2001,BUF,NY,AEA,CE,Towers with Radar,0,2,10,1,13,0,3,3,0,6,0,5,13,1,19,0,0,0,19
09/13/2001,BUF,NY,AEA,CE,Towers with Radar,7,34,3,2,46,1,2,0,0,3,8,36,3,2,49,0,0,0,49
09/14/2001,BUF,NY,AEA,CE,Towers with Radar,58,134,10,0,202,1,0,0,0,1,59,134,10,0,203,0,0,0,203
09/15/2001,BUF,NY,AEA,CE,Towers with Radar,78,121,37,8,244,1,0,1,1,3,79,121,38,9,247,0,6,6,253
09/16/2001,BUF,NY,AEA,CE,Towers with Radar,85,77,42,6,210,2,0,21,0,23,87,77,63,6,233,0,0,0,233
09/17/2001,BUF,NY,AEA,CE,Towers with Radar,126,126,44,5,301,0,0,9,0,9,126,126,53,5,310,0,0,0,310
09/18/2001,BUF,NY,AEA,CE,Towers with Radar,135,155,57,18,365,0,0,10,0,10,135,155,67,18,375,4,6,10,385
09/19/2001,BUF,NY,AEA,CE,Towers with Radar,142,142,54,7,345,0,0,1,1,2,142,142,55,8,347,8,10,18,365
09/20/2001,BUF,NY,AEA,CE,Towers with Radar,145,138,74,11,368,0,0,1,1,2,145,138,75,12,370,12,29,41,411
09/21/2001,BUF,NY,AEA,CE,Towers with Radar,124,114,42,9,289,7,20,0,12,39,131,134,42,21,328,6,24,30,358
09/22/2001,BUF,NY,AEA,CE,Towers with Radar,122,91,36,7,256,0,0,60,0,60,122,91,96,7,316,18,0,18,334
09/23/2001,BUF,NY,AEA,CE,Towers with Radar,110,75,92,3,280,0,0,184,0,184,110,75,276,3,464,24,10,34,498
09/24/2001,BUF,NY,AEA,CE,Towers with Radar,123,109,69,6,307,0,0,2,1,3,123,109,71,7,310,12,0,12,322
09/25/2001,BUF,NY,AEA,CE,Towers with Radar,145,139,52,11,347,0,0,19,0,19,145,139,71,11,366,4,6,10,376
09/26/2001,BUF,NY,AEA,CE,Towers with Radar,137,127,47,10,321,0,18,0,9,27,137,145,47,19,348,0,0,0,348
09/27/2001,BUF,NY,AEA,CE,Towers with Radar,136,142,56,4,338,0,0,1,0,1,136,142,57,4,339,8,6,14,353
09/28/2001,BUF,NY,AEA,CE,Towers with Radar,135,141,84,11,371,0,0,5,0,5,135,141,89,11,376,12,0,12,388
09/29/2001,BUF,NY,AEA,CE,Towers with Radar,115,95,100,5,315,0,0,103,0,103,115,95,203,5,418,54,0,54,472
09/30/2001,BUF,NY,AEA,CE,Towers with Radar,100,83,74,8,265,0,0,162,1,163,100,83,236,9,428,6,0,6,434
10/01/2001,BUF,NY,AEA,CE,Towers with Radar,110,116,142,7,375,1,0,29,0,30,111,116,171,7,405,23,2,25,430
10/02/2001,BUF,NY,AEA,CE,Towers with Radar,134,159,114,22,429,1,1,44,1,47,135,160,158,23,476,32,18,50,526
10/03/2001,BUF,NY,AEA,CE,Towers with Radar,123,155,101,32,411,0,0,6,0,6,123,155,107,32,417,4,6,10,427
10/04/2001,BUF,NY,AEA,CE,Towers with Radar,127,150,113,4,394,1,0,12,2,15,128,150,125,6,409,26,0,26,435
10/05/2001,BUF,NY,AEA,CE,Towers with Radar,136,159,41,5,341,1,0,0,1,2,137,159,41,6,343,3,0,3,346
10/06/2001,BUF,NY,AEA,CE,Towers with Radar,124,90,23,8,245,1,0,19,0,20,125,90,42,8,265,10,0,10,275
10/07/2001,BUF,NY,AEA,CE,Towers with Radar,128,101,43,2,274,1,0,56,0,57,129,101,99,2,331,56,0,56,387
10/08/2001,BUF,NY,AEA,CE,Towers with Radar,116,124,117,2,359,1,0,64,0,65,117,124,181,2,424,28,0,28,452
10/09/2001,BUF,NY,AEA,CE,Towers with Radar,142,129,149,10,430,2,2,30,0,34,144,131,179,10,464,6,10,16,480
10/10/2001,BUF,NY,AEA,CE,Towers with Radar,131,140,170,14,455,1,1,8,0,10,132,141,178,14,465,12,0,12,477
10/11/2001,BUF,NY,AEA,CE,Towers with Radar,141,146,91,2,380,1,0,3,0,4,142,146,94,2,384,17,2,19,403
10/12/2001,BUF,NY,AEA,CE,Towers with Radar,127,137,92,8,364,0,5,2,0,7,127,142,94,8,371,4,10,14,385
10/13/2001,BUF,NY,AEA,CE,Towers with Radar,110,96,74,7,287,0,0,4,1,5,110,96,78,8,292,4,0,4,296
10/14/2001,BUF,NY,AEA,CE,Towers with Radar,111,77,57,2,247,1,1,6,1,9,112,78,63,3,256,0,0,0,256
10/15/2001,BUF,NY,AEA,CE,Towers with Radar,120,111,76,4,311,0,0,12,0,12,120,111,88,4,323,11,0,11,334
10/16/2001,BUF,NY,AEA,CE,Towers with Radar,133,145,70,5,353,0,0,0,0,0,133,145,70,5,353,4,0,4,357
10/17/2001,BUF,NY,AEA,CE,Towers with Radar,147,162,52,8,369,0,0,0,0,0,147,162,52,8,369,4,4,8,377
10/18/2001,BUF,NY,AEA,CE,Towers with Radar,134,162,119,19,434,0,1,2,1,4,134,163,121,20,438,21,0,21,459
10/19/2001,BUF,NY,AEA,CE,Towers with Radar,132,146,73,11,362,0,3,2,0,5,132,149,75,11,367,0,2,2,369
10/20/2001,BUF,NY,AEA,CE,Towers with Radar,115,86,80,5,286,0,0,4,0,4,115,86,84,5,290,10,0,10,300
10/21/2001,BUF,NY,AEA,CE,Towers with Radar,105,84,40,6,235,0,0,10,0,10,105,84,50,6,245,0,0,0,245
10/22/2001,BUF,NY,AEA,CE,Towers with Radar,123,109,95,5,332,0,0,3,1,4,123,109,98,6,336,22,0,22,358
10/23/2001,BUF,NY,AEA,CE,Towers with Radar,133,135,98,23,389,0,0,3,0,3,133,135,101,23,392,10,10,20,412
10/24/2001,BUF,NY,AEA,CE,Towers with Radar,130,136,106,5,377,0,0,1,0,1,130,136,107,5,378,10,0,10,388
10/25/2001,BUF,NY,AEA,CE,Towers with Radar,130,131,53,8,322,0,0,0,0,0,130,131,53,8,322,10,12,22,344
10/26/2001,BUF,NY,AEA,CE,Towers with Radar,131,134,30,4,299,0,0,0,0,0,131,134,30,4,299,10,0,10,309
10/27/2001,BUF,NY,AEA,CE,Towers with Radar,124,82,29,6,241,0,0,9,0,9,124,82,38,6,250,4,0,4,254
10/28/2001,BUF,NY,AEA,CE,Towers with Radar,97,67,69,8,241,0,0,15,0,15,97,67,84,8,256,28,0,28,284
10/29/2001,BUF,NY,AEA,CE,Towers with Radar,114,108,107,1,330,0,1,9,0,10,114,109,116,1,340,6,0,6,346
10/30/2001,BUF,NY,AEA,CE,Towers with Radar,130,138,86,9,363,0,0,8,1,9,130,138,94,10,372,22,0,22,394
10/31/2001,BUF,NY,AEA,CE,Towers with Radar,128,142,81,10,361,0,0,3,0,3,128,142,84,10,364,4,6,10,374
11/01/2001,BUF,NY,AEA,CE,Towers with Radar,124,142,77,9,352,0,0,12,0,12,124,142,89,9,364,2,8,10,374
11/02/2001,BUF,NY,AEA,CE,Towers with Radar,127,147,30,0,304,0,0,3,0,3,127,147,33,0,307,1,0,1,308
11/03/2001,BUF,NY,AEA,CE,Towers with Radar,120,81,71,6,278,0,0,16,0,16,120,81,87,6,294,20,2,22,316
11/04/2001,BUF,NY,AEA,CE,Towers with Radar,107,80,91,5,283,0,0,9,1,10,107,80,100,6,293,0,0,0,293
11/05/2001,BUF,NY,AEA,CE,Towers with Radar,122,119,86,1,328,0,0,6,0,6,122,119,92,1,334,8,0,8,342
11/06/2001,BUF,NY,AEA,CE,Towers with Radar,129,148,104,10,391,0,0,13,0,13,129,148,117,10,404,6,8,14,418
11/07/2001,BUF,NY,AEA,CE,Towers with Radar,127,148,80,5,360,0,0,7,0,7,127,148,87,5,367,22,0,22,389
11/08/2001,BUF,NY,AEA,CE,Towers with Radar,137,161,78,2,378,0,0,7,0,7,137,161,85,2,385,26,0,26,411
11/09/2001,BUF,NY,AEA,CE,Towers with Radar,128,139,73,3,343,0,0,6,0,6,128,139,79,3,349,20,0,20,369
11/10/2001,BUF,NY,AEA,CE,Towers with Radar,124,77,33,6,240,0,0,6,0,6,124,77,39,6,246,2,0,2,248
11/11/2001,BUF,NY,AEA,CE,Towers with Radar,107,75,52,2,236,0,0,4,0,4,107,75,56,2,240,14,0,14,254
11/12/2001,BUF,NY,AEA,CE,Towers with Radar,101,93,87,6,287,0,0,3,1,4,101,93,90,7,291,6,0,6,297
11/13/2001,BUF,NY,AEA,CE,Towers with Radar,138,133,111,10,392,0,0,10,0,10,138,133,121,10,402,16,0,16,418
11/14/2001,BUF,NY,AEA,CE,Towers with Radar,128,151,84,5,368,0,0,6,0,6,128,151,90,5,374,16,8,24,398
11/15/2001,BUF,NY,AEA,CE,Towers with Radar,137,152,84,3,376,0,0,2,0,2,137,152,86,3,378,2,2,4,382
11/16/2001,BUF,NY,AEA,CE,Towers with Radar,131,144,53,9,337,0,0,7,0,7,131,144,60,9,344,16,12,28,372
11/17/2001,BUF,NY,AEA,CE,Towers with Radar,126,85,78,7,296,0,0,14,1,15,126,85,92,8,311,24,0,24,335
11/18/2001,BUF,NY,AEA,CE,Towers with Radar,112,65,82,9,268,0,0,9,0,9,112,65,91,9,277,12,0,12,289
11/19/2001,BUF,NY,AEA,CE,Towers with Radar,130,114,70,6,320,0,0,5,0,5,130,114,75,6,325,16,0,16,341
11/20/2001,BUF,NY,AEA,CE,Towers with Radar,131,151,70,21,373,0,0,4,0,4,131,151,74,21,377,12,5,17,394
11/21/2001,BUF,NY,AEA,CE,Towers with Radar,138,138,61,10,347,0,0,9,1,10,138,138,70,11,357,20,2,22,379
11/22/2001,BUF,NY,AEA,CE,Towers with Radar,125,77,40,2,244,0,0,5,1,6,125,77,45,3,250,20,0,20,270
11/23/2001,BUF,NY,AEA,CE,Towers with Radar,96,90,57,0,243,0,0,71,0,71,96,90,128,0,314,16,2,18,332
11/24/2001,BUF,NY,AEA,CE,Towers with Radar,112,70,36,3,221,0,0,7,2,9,112,70,43,5,230,4,0,4,234
11/25/2001,BUF,NY,AEA,CE,Towers with Radar,112,82,43,1,238,0,0,2,1,3,112,82,45,2,241,0,0,0,241
11/26/2001,BUF,NY,AEA,CE,Towers with Radar,116,110,62,3,291,7,7,0,0,14,123,117,62,3,305,12,0,12,317
11/27/2001,BUF,NY,AEA,CE,Towers with Radar,131,124,41,5,301,6,9,0,8,23,137,133,41,13,324,4,2,6,330
11/28/2001,BUF,NY,AEA,CE,Towers with Radar,125,118,36,2,281,14,25,0,0,39,139,143,36,2,320,0,0,0,320
11/29/2001,BUF,NY,AEA,CE,Towers with Radar,124,118,21,5,268,9,26,0,1,36,133,144,21,6,304,4,0,4,308
11/30/2001,BUF,NY,AEA,CE,Towers with Radar,138,126,37,2,303,0,0,2,0,2,138,126,39,2,305,0,6,6,311
12/01/2001,BUF,NY,AEA,CE,Towers with Radar,122,76,36,8,242,0,0,2,0,2,122,76,38,8,244,4,0,4,248
12/02/2001,BUF,NY,AEA,CE,Towers with Radar,115,74,81,3,273,0,0,9,0,9,115,74,90,3,282,34,2,36,318
12/03/2001,BUF,NY,AEA,CE,Towers with Radar,121,117,65,6,309,0,0,6,1,7,121,117,71,7,316,4,0,4,320
12/04/2001,BUF,NY,AEA,CE,Towers with Radar,155,151,105,5,416,0,0,10,1,11,155,151,115,6,427,8,1,9,436
12/05/2001,BUF,NY,AEA,CE,Towers with Radar,142,144,60,5,351,0,0,10,1,11,142,144,70,6,362,14,4,18,380
12/06/2001,BUF,NY,AEA,CE,Towers with Radar,142,149,77,9,377,0,0,4,0,4,142,149,81,9,381,28,0,28,409
12/07/2001,BUF,NY,AEA,CE,Towers with Radar,135,141,82,7,365,0,0,10,0,10,135,141,92,7,375,25,2,27,402
12/08/2001,BUF,NY,AEA,CE,Towers with Radar,128,74,62,4,268,0,3,5,0,8,128,77,67,4,276,14,1,15,291
12/09/2001,BUF,NY,AEA,CE,Towers with Radar,115,76,50,16,257,0,0,2,1,3,115,76,52,17,260,24,0,24,284
12/10/2001,BUF,NY,AEA,CE,Towers with Radar,118,109,71,15,313,0,1,11,0,12,118,110,82,15,325,17,10,27,352
12/11/2001,BUF,NY,AEA,CE,Towers with Radar,137,143,112,19,411,0,1,6,1,8,137,144,118,20,419,18,4,22,441
12/12/2001,BUF,NY,AEA,CE,Towers with Radar,137,141,106,12,396,0,1,4,1,6,137,142,110,13,402,34,12,46,448
12/13/2001,BUF,NY,AEA,CE,Towers with Radar,135,143,47,4,329,0,0,1,0,1,135,143,48,4,330,2,0,2,332
12/14/2001,BUF,NY,AEA,CE,Towers with Radar,138,143,34,7,322,0,0,2,0,2,138,143,36,7,324,0,0,0,324
12/15/2001,BUF,NY,AEA,CE,Towers with Radar,130,79,44,2,255,0,0,7,0,7,130,79,51,2,262,29,0,29,291
12/16/2001,BUF,NY,AEA,CE,Towers with Radar,111,77,55,1,244,0,0,13,0,13,111,77,68,1,257,26,0,26,283
12/17/2001,BUF,NY,AEA,CE,Towers with Radar,121,123,36,4,284,0,0,1,0,1,121,123,37,4,285,14,0,14,299
12/18/2001,BUF,NY,AEA,CE,Towers with Radar,133,159,53,14,359,0,0,2,0,2,133,159,55,14,361,14,8,22,383
12/19/2001,BUF,NY,AEA,CE,Towers with Radar,138,141,67,5,351,0,0,3,0,3,138,141,70,5,354,12,0,12,366
12/20/2001,BUF,NY,AEA,CE,Towers with Radar,131,144,43,2,320,0,0,1,0,1,131,144,44,2,321,2,0,2,323
12/21/2001,BUF,NY,AEA,CE,Towers with Radar,137,138,79,5,359,0,1,2,0,3,137,139,81,5,362,1,9,10,372
12/22/2001,BUF,NY,AEA,CE,Towers with Radar,135,74,50,4,263,0,0,17,2,19,135,74,67,6,282,42,0,42,324
12/23/2001,BUF,NY,AEA,CE,Towers with Radar,118,67,33,0,218,0,0,1,0,1,118,67,34,0,219,0,0,0,219
12/24/2001,BUF,NY,AEA,CE,Towers with Radar,100,68,16,0,184,0,0,1,1,2,100,68,17,1,186,0,0,0,186
12/25/2001,BUF,NY,AEA,CE,Towers with Radar,32,10,0,0,42,0,0,0,0,0,32,10,0,0,42,0,0,0,42
12/26/2001,BUF,NY,AEA,CE,Towers with Radar,120,96,49,0,265,0,0,4,1,5,120,96,53,1,270,16,0,16,286
12/27/2001,BUF,NY,AEA,CE,Towers with Radar,8,9,7,2,26,0,0,0,0,0,8,9,7,2,26,0,0,0,26
12/28/2001,BUF,NY,AEA,CE,Towers with Radar,22,16,6,1,45,0,0,0,0,0,22,16,6,1,45,0,0,0,45
12/29/2001,BUF,NY,AEA,CE,Towers with Radar,103,46,22,2,173,0,0,0,1,1,103,46,22,3,174,0,0,0,174
12/30/2001,BUF,NY,AEA,CE,Towers with Radar,69,58,10,0,137,40,5,0,0,45,109,63,10,0,182,0,0,0,182
12/31/2001,BUF,NY,AEA,CE,Towers with Radar,116,78,42,0,236,0,1,1,0,2,116,79,43,0,238,7,0,7,245
01/01/2002,BUF,NY,AEA,CE,Towers with Radar,102,84,18,0,204,2,0,0,0,2,104,84,18,0,206,0,0,0,206
01/02/2002,BUF,NY,AEA,CE,Towers with Radar,120,101,70,2,293,1,0,6,0,7,121,101,76,2,300,4,0,4,304
01/03/2002,BUF,NY,AEA,CE,Towers with Radar,133,128,70,12,343,1,0,0,0,1,134,128,70,12,344,48,4,52,396
01/04/2002,BUF,NY,AEA,CE,Towers with Radar,136,133,60,19,348,1,1,7,1,10,137,134,67,20,358,20,20,40,398
01/05/2002,BUF,NY,AEA,CE,Towers with Radar,125,67,36,2,230,1,0,0,0,1,126,67,36,2,231,0,0,0,231
01/06/2002,BUF,NY,AEA,CE,Towers with Radar,113,52,9,0,174,1,0,0,0,1,114,52,9,0,175,0,0,0,175
01/07/2002,BUF,NY,AEA,CE,Towers with Radar,122,104,43,4,273,10,0,0,3,13,132,104,43,7,286,0,0,0,286
01/08/2002,BUF,NY,AEA,CE,Towers with Radar,140,126,61,4,331,0,10,18,0,28,140,136,79,4,359,10,7,17,376
01/09/2002,BUF,NY,AEA,CE,Towers with Radar,135,129,53,3,320,1,0,1,0,2,136,129,54,3,322,11,0,11,333
01/10/2002,BUF,NY,AEA,CE,Towers with Radar,138,141,52,4,335,1,0,0,1,2,139,141,52,5,337,0,0,0,337
01/11/2002,BUF,NY,AEA,CE,Towers with Radar,141,140,67,5,353,1,0,0,0,1,142,140,67,5,354,0,0,0,354
01/12/2002,BUF,NY,AEA,CE,Towers with Radar,117,73,40,21,251,1,0,2,0,3,118,73,42,21,254,17,16,33,287
01/13/2002,BUF,NY,AEA,CE,Towers with Radar,121,58,22,1,202,1,0,0,0,1,122,58,22,1,203,4,6,10,213
01/14/2002,BUF,NY,AEA,CE,Towers with Radar,126,99,52,5,282,2,0,18,7,27,128,99,70,12,309,6,0,6,315
01/15/2002,BUF,NY,AEA,CE,Towers with Radar,139,147,24,5,315,2,0,0,0,2,141,147,24,5,317,2,8,10,327
01/16/2002,BUF,NY,AEA,CE,Towers with Radar,135,153,73,4,365,0,4,34,0,38,135,157,107,4,403,33,0,33,436
01/17/2002,BUF,NY,AEA,CE,Towers with Radar,135,126,47,2,310,2,0,0,0,2,137,126,47,2,312,14,0,14,326
01/18/2002,BUF,NY,AEA,CE,Towers with Radar,133,126,46,1,306,2,0,5,1,8,135,126,51,2,314,28,6,34,348
01/19/2002,BUF,NY,AEA,CE,Towers with Radar,118,64,48,5,235,2,0,4,0,6,120,64,52,5,241,42,2,44,285
01/20/2002,BUF,NY,AEA,CE,Towers with Radar,112,79,59,6,256,2,0,0,0,2,114,79,59,6,258,10,2,12,270
01/21/2002,BUF,NY,AEA,CE,Towers with Radar,122,110,32,4,268,2,0,0,0,2,124,110,32,4,270,0,0,0,270
01/22/2002,BUF,NY,AEA,CE,Towers with Radar,144,114,96,5,359,2,4,8,0,14,146,118,104,5,373,18,2,20,393
01/23/2002,BUF,NY,AEA,CE,Towers with Radar,137,128,90,0,355,2,0,1,0,3,139,128,91,0,358,6,0,6,364
01/24/2002,BUF,NY,AEA,CE,Towers with Radar,136,131,37,4,308,2,0,0,0,2,138,131,37,4,310,6,0,6,316
01/25/2002,BUF,NY,AEA,CE,Towers with Radar,136,140,54,11,341,2,0,1,0,3,138,140,55,11,344,12,0,12,356
01/26/2002,BUF,NY,AEA,CE,Towers with Radar,116,75,42,4,237,2,0,8,0,10,118,75,50,4,247,30,0,30,277
01/27/2002,BUF,NY,AEA,CE,Towers with Radar,116,63,44,8,231,2,0,8,3,13,118,63,52,11,244,28,4,32,276
01/28/2002,BUF,NY,AEA,CE,Towers with Radar,122,113,69,6,310,1,1,9,0,11,123,114,78,6,321,22,2,24,345
01/29/2002,BUF,NY,AEA,CE,Towers with Radar,130,132,76,6,344,1,0,0,0,1,131,132,76,6,345,2,0,2,347
01/30/2002,BUF,NY,AEA,CE,Towers with Radar,135,135,30,0,300,1,0,0,0,1,136,135,30,0,301,2,0,2,303
01/31/2002,BUF,NY,AEA,CE,Towers with Radar,115,95,21,1,232,1,0,0,0,1,116,95,21,1,233,0,0,0,233
02/01/2002,BUF,NY,AEA,CE,Towers with Radar,101,83,7,3,194,28,24,0,0,52,129,107,7,3,246,14,2,16,262
02/02/2002,BUF,NY,AEA,CE,Towers with Radar,113,82,41,2,238,14,0,0,0,14,127,82,41,2,252,15,2,17,269
02/03/2002,BUF,NY,AEA,CE,Towers with Radar,104,58,4,2,168,0,0,6,0,6,104,58,10,2,174,3,8,11,185
02/04/2002,BUF,NY,AEA,CE,Towers with Radar,115,108,28,3,254,0,0,3,0,3,115,108,31,3,257,40,0,40,297
02/05/2002,BUF,NY,AEA,CE,Towers with Radar,137,133,32,3,305,0,0,3,1,4,137,133,35,4,309,40,0,40,349
02/06/2002,BUF,NY,AEA,CE,Towers with Radar,127,130,84,5,346,0,0,5,1,6,127,130,89,6,352,4,0,4,356
02/07/2002,BUF,NY,AEA,CE,Towers with Radar,141,131,82,8,362,0,0,15,2,17,141,131,97,10,379,16,2,18,397
02/08/2002,BUF,NY,AEA,CE,Towers with Radar,143,149,73,5,370,0,0,11,0,11,143,149,84,5,381,18,10,28,409
02/09/2002,BUF,NY,AEA,CE,Towers with Radar,118,75,59,10,262,0,0,21,0,21,118,75,80,10,283,0,0,0,283
02/10/2002,BUF,NY,AEA,CE,Towers with Radar,109,70,22,2,203,0,0,4,0,4,109,70,26,2,207,22,10,32,239
02/11/2002,BUF,NY,AEA,CE,Towers with Radar,123,109,55,3,290,0,0,5,0,5,123,109,60,3,295,16,0,16,311
02/12/2002,BUF,NY,AEA,CE,Towers with Radar,143,132,35,8,318,0,0,4,0,4,143,132,39,8,322,18,18,36,358
02/13/2002,BUF,NY,AEA,CE,Towers with Radar,143,135,101,7,386,0,0,4,2,6,143,135,105,9,392,32,2,34,426
02/14/2002,BUF,NY,AEA,CE,Towers with Radar,138,126,60,8,332,0,0,16,1,17,138,126,76,9,349,8,8,16,365
02/15/2002,BUF,NY,AEA,CE,Towers with Radar,141,125,62,7,335,0,0,6,1,7,141,125,68,8,342,18,0,18,360
02/16/2002,BUF,NY,AEA,CE,Towers with Radar,122,80,34,0,236,0,0,4,0,4,122,80,38,0,240,28,6,34,274
02/17/2002,BUF,NY,AEA,CE,Towers with Radar,115,65,17,1,198,0,0,1,2,3,115,65,18,3,201,2,2,4,205
02/18/2002,BUF,NY,AEA,CE,Towers with Radar,129,94,71,11,305,0,0,5,2,7,129,94,76,13,312,20,8,28,340
02/19/2002,BUF,NY,AEA,CE,Towers with Radar,146,107,106,8,367,0,0,13,0,13,146,107,119,8,380,32,0,32,412
02/20/2002,BUF,NY,AEA,CE,Towers with Radar,143,126,62,4,335,0,0,5,0,5,143,126,67,4,340,4,12,16,356
02/21/2002,BUF,NY,AEA,CE,Towers with Radar,146,147,27,4,324,0,0,1,0,1,146,147,28,4,325,2,10,12,337
02/22/2002,BUF,NY,AEA,CE,Towers with Radar,142,125,35,5,307,0,0,1,0,1,142,125,36,5,308,18,0,18,326
02/23/2002,BUF,NY,AEA,CE,Towers with Radar,123,72,56,10,261,0,0,6,0,6,123,72,62,10,267,34,0,34,301
02/24/2002,BUF,NY,AEA,CE,Towers with Radar,114,67,69,14,264,0,0,11,2,13,114,67,80,16,277,40,12,52,329
02/25/2002,BUF,NY,AEA,CE,Towers with Radar,131,94,68,6,299,0,1,10,0,11,131,95,78,6,310,10,5,15,325
02/26/2002,BUF,NY,AEA,CE,Towers with Radar,146,119,43,2,310,0,0,6,0,6,146,119,49,2,316,23,16,39,355
02/27/2002,BUF,NY,AEA,CE,Towers with Radar,110,90,39,4,243,6,9,0,1,16,116,99,39,5,259,0,0,0,259
02/28/2002,BUF,NY,AEA,CE,Towers with Radar,137,119,57,3,316,0,9,1,0,10,137,128,58,3,326,8,4,12,338
03/01/2002,BUF,NY,AEA,CE,Towers with Radar,140,123,52,3,318,0,1,5,0,6,140,124,57,3,324,0,0,0,324
03/02/2002,BUF,NY,AEA,CE,Towers with Radar,122,72,43,11,248,0,1,5,0,6,122,73,48,11,254,10,0,10,264
03/03/2002,BUF,NY,AEA,CE,Towers with Radar,112,64,11,1,188,0,1,0,0,1,112,65,11,1,189,10,0,10,199
03/04/2002,BUF,NY,AEA,CE,Towers with Radar,139,94,30,1,264,0,1,1,0,2,139,95,31,1,266,0,0,0,266
03/05/2002,BUF,NY,AEA,CE,Towers with Radar,146,118,32,7,303,0,1,0,0,1,146,119,32,7,304,0,10,10,314
03/06/2002,BUF,NY,AEA,CE,Towers with Radar,137,109,87,10,343,0,1,4,1,6,137,110,91,11,349,0,0,0,349
03/07/2002,BUF,NY,AEA,CE,Towers with Radar,151,113,34,4,302,0,1,0,0,1,151,114,34,4,303,20,0,20,323
03/08/2002,BUF,NY,AEA,CE,Towers with Radar,142,113,60,6,321,0,7,6,6,19,142,120,66,12,340,26,0,26,366
03/09/2002,BUF,NY,AEA,CE,Towers with Radar,116,64,35,5,220,0,1,5,1,7,116,65,40,6,227,2,0,2,229
03/10/2002,BUF,NY,AEA,CE,Towers with Radar,127,60,15,5,207,0,1,0,0,1,127,61,15,5,208,0,0,0,208
03/11/2002,BUF,NY,AEA,CE,Towers with Radar,131,94,84,5,314,0,3,10,1,14,131,97,94,6,328,0,0,0,328
03/12/2002,BUF,NY,AEA,CE,Towers with Radar,142,114,75,5,336,0,1,3,1,5,142,115,78,6,341,16,0,16,357
03/13/2002,BUF,NY,AEA,CE,Towers with Radar,138,123,65,8,334,0,1,6,0,7,138,124,71,8,341,28,0,28,369
03/14/2002,BUF,NY,AEA,CE,Towers with Radar,143,120,55,7,325,0,1,10,2,13,143,121,65,9,338,16,6,22,360
03/15/2002,BUF,NY,AEA,CE,Towers with Radar,140,119,70,3,332,0,1,0,0,1,140,120,70,3,333,13,0,13,346
03/16/2002,BUF,NY,AEA,CE,Towers with Radar,123,62,37,7,229,0,1,1,0,2,123,63,38,7,231,44,10,54,285
03/17/2002,BUF,NY,AEA,CE,Towers with Radar,114,60,54,4,232,0,1,14,0,15,114,61,68,4,247,22,12,34,281
03/18/2002,BUF,NY,AEA,CE,Towers with Radar,131,94,44,7,276,0,0,0,0,0,131,94,44,7,276,0,0,0,276
03/19/2002,BUF,NY,AEA,CE,Towers with Radar,147,121,97,14,379,0,2,0,0,2,147,123,97,14,381,10,6,16,397
03/20/2002,BUF,NY,AEA,CE,Towers with Radar,137,124,65,6,332,0,0,0,0,0,137,124,65,6,332,0,8,8,340
03/21/2002,BUF,NY,AEA,CE,Towers with Radar,145,134,75,3,357,0,0,0,0,0,145,134,75,3,357,4,0,4,361
03/22/2002,BUF,NY,AEA,CE,Towers with Radar,150,122,45,7,324,0,0,0,0,0,150,122,45,7,324,32,12,44,368
03/23/2002,BUF,NY,AEA,CE,Towers with Radar,101,71,20,1,193,31,0,0,0,31,132,71,20,1,224,0,0,0,224
03/24/2002,BUF,NY,AEA,CE,Towers with Radar,111,58,43,5,217,4,0,23,2,29,115,58,66,7,246,10,6,16,262
03/25/2002,BUF,NY,AEA,CE,Towers with Radar,129,89,72,5,295,0,0,2,0,2,129,89,74,5,297,10,8,18,315
03/26/2002,BUF,NY,AEA,CE,Towers with Radar,145,117,38,0,300,0,0,1,0,1,145,117,39,0,301,2,0,2,303
03/27/2002,BUF,NY,AEA,CE,Towers with Radar,150,119,63,4,336,0,9,20,0,29,150,128,83,4,365,14,4,18,383
03/28/2002,BUF,NY,AEA,CE,Towers with Radar,139,123,100,19,381,0,0,13,5,18,139,123,113,24,399,48,12,60,459
03/29/2002,BUF,NY,AEA,CE,Towers with Radar,142,111,42,4,299,0,0,2,1,3,142,111,44,5,302,20,14,34,336
03/30/2002,BUF,NY,AEA,CE,Towers with Radar,125,70,28,2,225,0,0,2,0,2,125,70,30,2,227,24,8,32,259
03/31/2002,BUF,NY,AEA,CE,Towers with Radar,114,58,23,4,199,1,0,2,0,3,115,58,25,4,202,20,0,20,222
04/01/2002,BUF,NY,AEA,CE,Towers with Radar,133,98,64,2,297,0,0,2,2,4,133,98,66,4,301,27,0,27,328
04/02/2002,BUF,NY,AEA,CE,Towers with Radar,152,148,68,20,388,0,0,5,0,5,152,148,73,20,393,10,2,12,405
04/03/2002,BUF,NY,AEA,CE,Towers with Radar,141,141,44,6,332,0,0,1,0,1,141,141,45,6,333,32,12,44,377
04/04/2002,BUF,NY,AEA,CE,Towers with Radar,154,128,62,4,348,0,0,5,1,6,154,128,67,5,354,22,8,30,384
04/05/2002,BUF,NY,AEA,CE,Towers with Radar,141,127,44,6,318,0,0,1,0,1,141,127,45,6,319,10,0,10,329
04/06/2002,BUF,NY,AEA,CE,Towers with Radar,124,78,42,17,261,0,0,4,2,6,124,78,46,19,267,10,6,16,283
04/07/2002,BUF,NY,AEA,CE,Towers with Radar,121,74,101,4,300,0,0,12,0,12,121,74,113,4,312,16,4,20,332
04/08/2002,BUF,NY,AEA,CE,Towers with Radar,120,101,67,11,299,0,0,2,0,2,120,101,69,11,301,18,14,32,333
04/09/2002,BUF,NY,AEA,CE,Towers with Radar,160,148,65,41,414,0,0,1,0,1,160,148,66,41,415,20,14,34,449
04/10/2002,BUF,NY,AEA,CE,Towers with Radar,152,147,134,11,444,0,1,17,2,20,152,148,151,13,464,30,14,44,508
04/11/2002,BUF,NY,AEA,CE,Towers with Radar,146,144,112,11,413,0,0,11,2,13,146,144,123,13,426,40,20,60,486
04/12/2002,BUF,NY,AEA,CE,Towers with Radar,145,146,86,8,385,0,1,5,0,6,145,147,91,8,391,50,18,68,459
04/13/2002,BUF,NY,AEA,CE,Towers with Radar,132,80,9,9,230,0,0,1,0,1,132,80,10,9,231,4,8,12,243
04/14/2002,BUF,NY,AEA,CE,Towers with Radar,124,72,45,1,242,0,0,1,0,1,124,72,46,1,243,26,2,28,271
04/15/2002,BUF,NY,AEA,CE,Towers with Radar,147,124,42,7,320,0,0,2,0,2,147,124,44,7,322,26,10,36,358
04/16/2002,BUF,NY,AEA,CE,Towers with Radar,149,138,124,19,430,0,0,13,3,16,149,138,137,22,446,22,10,32,478
04/17/2002,BUF,NY,AEA,CE,Towers with Radar,148,146,76,35,405,0,0,10,1,11,148,146,86,36,416,24,20,44,460
04/18/2002,BUF,NY,AEA,CE,Towers with Radar,140,134,136,7,417,0,0,11,2,13,140,134,147,9,430,50,18,68,498
04/19/2002,BUF,NY,AEA,CE,Towers with Radar,147,128,55,3,333,0,1,3,1,5,147,129,58,4,338,38,16,54,392
04/20/2002,BUF,NY,AEA,CE,Towers with Radar,136,70,45,7,258,0,0,4,0,4,136,70,49,7,262,42,6,48,310
04/21/2002,BUF,NY,AEA,CE,Towers with Radar,120,68,67,2,257,0,0,8,0,8,120,68,75,2,265,34,4,38,303
04/22/2002,BUF,NY,AEA,CE,Towers with Radar,111,94,41,9,255,18,17,0,2,37,129,111,41,11,292,20,12,32,324
04/23/2002,BUF,NY,AEA,CE,Towers with Radar,146,128,126,15,415,0,0,12,0,12,146,128,138,15,427,88,10,98,525
04/24/2002,BUF,NY,AEA,CE,Towers with Radar,137,144,89,43,413,0,0,17,0,17,137,144,106,43,430,50,26,76,506
04/25/2002,BUF,NY,AEA,CE,Towers with Radar,145,130,40,28,343,0,0,2,0,2,145,130,42,28,345,0,8,8,353
04/26/2002,BUF,NY,AEA,CE,Towers with Radar,149,124,80,19,372,0,1,4,2,7,149,125,84,21,379,18,12,30,409
04/27/2002,BUF,NY,AEA,CE,Towers with Radar,125,84,87,2,298,0,0,11,2,13,125,84,98,4,311,44,18,62,373
04/28/2002,BUF,NY,AEA,CE,Towers with Radar,110,69,7,7,193,0,0,1,0,1,110,69,8,7,194,18,10,28,222
04/29/2002,BUF,NY,AEA,CE,Towers with Radar,134,102,78,2,316,0,0,2,0,2,134,102,80,2,318,0,0,0,318
04/30/2002,BUF,NY,AEA,CE,Towers with Radar,143,155,93,12,403,0,2,1,0,3,143,157,94,12,406,16,4,20,426
05/01/2002,BUF,NY,AEA,CE,Towers with Radar,146,135,111,23,415,0,1,8,0,9,146,136,119,23,424,28,12,40,464
05/02/2002,BUF,NY,AEA,CE,Towers with Radar,134,127,27,5,293,0,1,0,0,1,134,128,27,5,294,0,0,0,294
05/03/2002,BUF,NY,AEA,CE,Towers with Radar,148,141,68,22,379,0,3,3,0,6,148,144,71,22,385,18,8,26,411
05/04/2002,BUF,NY,AEA,CE,Towers with Radar,125,74,124,4,327,0,1,10,0,11,125,75,134,4,338,48,0,48,386
05/05/2002,BUF,NY,AEA,CE,Towers with Radar,116,73,125,16,330,0,1,12,0,13,116,74,137,16,343,36,4,40,383
05/06/2002,BUF,NY,AEA,CE,Towers with Radar,136,104,119,18,377,0,2,12,0,14,136,106,131,18,391,14,12,26,417
05/07/2002,BUF,NY,AEA,CE,Towers with Radar,145,143,55,33,376,0,1,1,0,2,145,144,56,33,378,10,18,28,406
05/08/2002,BUF,NY,AEA,CE,Towers with Radar,149,134,90,21,394,0,1,8,2,11,149,135,98,23,405,52,34,86,491
05/09/2002,BUF,NY,AEA,CE,Towers with Radar,151,138,64,2,355,0,1,2,0,3,151,139,66,2,358,10,2,12,370
05/10/2002,BUF,NY,AEA,CE,Towers with Radar,143,129,88,9,369,0,2,5,3,10,143,131,93,12,379,32,12,44,423
05/11/2002,BUF,NY,AEA,CE,Towers with Radar,124,74,126,3,327,0,1,14,1,16,124,75,140,4,343,46,4,50,393
05/12/2002,BUF,NY,AEA,CE,Towers with Radar,100,64,19,0,183,0,1,0,0,1,100,65,19,0,184,4,2,6,190
05/13/2002,BUF,NY,AEA,CE,Towers with Radar,132,110,37,5,284,0,1,0,0,1,132,111,37,5,285,2,0,2,287
05/14/2002,BUF,NY,AEA,CE,Towers with Radar,155,147,60,2,364,0,0,1,0,1,155,147,61,2,365,26,16,42,407
05/15/2002,BUF,NY,AEA,CE,Towers with Radar,146,145,130,8,429,0,3,14,1,18,146,148,144,9,447,32,4,36,483
05/16/2002,BUF,NY,AEA,CE,Towers with Radar,150,143,78,9,380,0,0,1,0,1,150,143,79,9,381,16,6,22,403
05/17/2002,BUF,NY,AEA,CE,Towers with Radar,141,134,115,64,454,0,0,5,0,5,141,134,120,64,459,20,44,64,523
05/18/2002,BUF,NY,AEA,CE,Towers with Radar,123,70,46,21,260,0,0,7,2,9,123,70,53,23,269,12,12,24,293
05/19/2002,BUF,NY,AEA,CE,Towers with Radar,104,76,70,11,261,22,0,0,13,35,126,76,70,24,296,52,22,74,370
05/20/2002,BUF,NY,AEA,CE,Towers with Radar,126,113,107,9,355,0,0,3,1,4,126,113,110,10,359,44,26,70,429
05/21/2002,BUF,NY,AEA,CE,Towers with Radar,143,145,133,11,432,0,1,14,0,15,143,146,147,11,447,64,20,84,531
05/22/2002,BUF,NY,AEA,CE,Towers with Radar,144,138,170,51,503,0,0,25,3,28,144,138,195,54,531,46,36,82,613
05/23/2002,BUF,NY,AEA,CE,Towers with Radar,143,133,151,40,467,0,1,7,1,9,143,134,158,41,476,14,30,44,520
05/24/2002,BUF,NY,AEA,CE,Towers with Radar,142,135,65,3,345,0,1,3,0,4,142,136,68,3,349,30,0,30,379
05/25/2002,BUF,NY,AEA,CE,Towers with Radar,118,79,70,10,277,0,0,7,1,8,118,79,77,11,285,48,0,48,333
05/26/2002,BUF,NY,AEA,CE,Towers with Radar,110,66,40,2,218,0,0,6,0,6,110,66,46,2,224,52,2,54,278
05/27/2002,BUF,NY,AEA,CE,Towers with Radar,122,79,131,7,339,0,0,20,4,24,122,79,151,11,363,36,10,46,409
05/28/2002,BUF,NY,AEA,CE,Towers with Radar,128,118,125,9,380,0,0,8,0,8,128,118,133,9,388,60,8,68,456
05/29/2002,BUF,NY,AEA,CE,Towers with Radar,147,149,150,6,452,0,1,11,0,12,147,150,161,6,464,28,4,32,496
05/30/2002,BUF,NY,AEA,CE,Towers with Radar,139,129,100,14,382,0,0,1,0,1,139,129,101,14,383,26,14,40,423
05/31/2002,BUF,NY,AEA,CE,Towers with Radar,147,134,60,7,348,0,0,4,0,4,147,134,64,7,352,22,8,30,382
06/01/2002,BUF,NY,AEA,CE,Towers with Radar,122,68,78,8,276,0,2,8,4,14,122,70,86,12,290,44,2,46,336
06/02/2002,BUF,NY,AEA,CE,Towers with Radar,136,85,104,8,333,0,0,51,0,51,136,85,155,8,384,48,4,52,436
06/03/2002,BUF,NY,AEA,CE,Towers with Radar,129,108,100,9,346,0,5,10,3,18,129,113,110,12,364,40,4,44,408
06/04/2002,BUF,NY,AEA,CE,Towers with Radar,149,135,91,10,385,0,5,2,0,7,149,140,93,10,392,32,18,50,442
06/05/2002,BUF,NY,AEA,CE,Towers with Radar,138,119,58,13,328,0,2,0,0,2,138,121,58,13,330,14,8,22,352
06/06/2002,BUF,NY,AEA,CE,Towers with Radar,139,129,80,7,355,0,2,3,0,5,139,131,83,7,360,6,0,6,366
06/07/2002,BUF,NY,AEA,CE,Towers with Radar,155,142,140,14,451,0,5,12,2,19,155,147,152,16,470,54,16,70,540
06/08/2002,BUF,NY,AEA,CE,Towers with Radar,139,75,86,7,307,0,3,12,1,16,139,78,98,8,323,70,10,80,403
06/09/2002,BUF,NY,AEA,CE,Towers with Radar,121,77,66,4,268,0,2,13,0,15,121,79,79,4,283,48,2,50,333
06/10/2002,BUF,NY,AEA,CE,Towers with Radar,130,117,145,15,407,0,3,12,2,17,130,120,157,17,424,36,12,48,472
06/11/2002,BUF,NY,AEA,CE,Towers with Radar,143,142,108,14,407,0,2,2,3,7,143,144,110,17,414,56,14,70,484
06/12/2002,BUF,NY,AEA,CE,Towers with Radar,143,151,87,2,383,0,2,0,0,2,143,153,87,2,385,6,0,6,391
06/13/2002,BUF,NY,AEA,CE,Towers with Radar,153,141,88,13,395,0,2,1,0,3,153,143,89,13,398,26,4,30,428
06/14/2002,BUF,NY,AEA,CE,Towers with Radar,149,143,60,4,356,0,2,0,0,2,149,145,60,4,358,28,0,28,386
06/15/2002,BUF,NY,AEA,CE,Towers with Radar,136,85,51,3,275,0,1,1,0,2,136,86,52,3,277,24,0,24,301
06/16/2002,BUF,NY,AEA,CE,Towers with Radar,131,78,37,5,251,0,1,2,0,3,131,79,39,5,254,26,12,38,292
06/17/2002,BUF,NY,AEA,CE,Towers with Radar,134,106,98,4,342,0,1,4,0,5,134,107,102,4,347,46,0,46,393
06/18/2002,BUF,NY,AEA,CE,Towers with Radar,150,137,138,21,446,0,2,15,2,19,150,139,153,23,465,22,20,42,507
06/19/2002,BUF,NY,AEA,CE,Towers with Radar,156,123,177,31,487,0,3,18,0,21,156,126,195,31,508,38,28,66,574
06/20/2002,BUF,NY,AEA,CE,Towers with Radar,162,136,251,2,551,0,1,18,0,19,162,137,269,2,570,86,10,96,666
06/21/2002,BUF,NY,AEA,CE,Towers with Radar,161,141,136,28,466,0,2,10,1,13,161,143,146,29,479,66,22,88,567
06/22/2002,BUF,NY,AEA,CE,Towers with Radar,131,92,72,8,303,0,1,0,0,1,131,93,72,8,304,48,10,58,362
06/23/2002,BUF,NY,AEA,CE,Towers with Radar,134,70,77,12,293,0,1,3,0,4,134,71,80,12,297,14,0,14,311
06/24/2002,BUF,NY,AEA,CE,Towers with Radar,144,103,115,13,375,0,1,4,0,5,144,104,119,13,380,18,0,18,398
06/25/2002,BUF,NY,AEA,CE,Towers with Radar,151,128,161,57,497,0,1,4,1,6,151,129,165,58,503,46,28,74,577
06/26/2002,BUF,NY,AEA,CE,Towers with Radar,149,139,136,7,431,0,1,3,0,4,149,140,139,7,435,34,10,44,479
06/27/2002,BUF,NY,AEA,CE,Towers with Radar,145,137,78,11,371,0,2,1,1,4,145,139,79,12,375,24,10,34,409
06/28/2002,BUF,NY,AEA,CE,Towers with Radar,153,150,122,9,434,0,1,14,0,15,153,151,136,9,449,36,8,44,493
06/29/2002,BUF,NY,AEA,CE,Towers with Radar,127,90,94,10,321,8,0,15,7,30,135,90,109,17,351,30,18,48,399
06/30/2002,BUF,NY,AEA,CE,Towers with Radar,125,78,75,9,287,0,1,14,0,15,125,79,89,9,302,18,6,24,326
07/01/2002,BUF,NY,AEA,CE,Towers with Radar,138,106,150,2,396,0,0,5,0,5,138,106,155,2,401,18,6,24,425
07/02/2002,BUF,NY,AEA,CE,Towers with Radar,158,131,161,18,468,0,0,9,0,9,158,131,170,18,477,24,16,40,517
07/03/2002,BUF,NY,AEA,CE,Towers with Radar,153,123,112,16,404,0,0,10,1,11,153,123,122,17,415,24,24,48,463
07/04/2002,BUF,NY,AEA,CE,Towers with Radar,140,95,94,6,335,0,0,11,0,11,140,95,105,6,346,48,2,50,396
07/05/2002,BUF,NY,AEA,CE,Towers with Radar,130,79,136,7,352,0,0,9,1,10,130,79,145,8,362,34,2,36,398
07/06/2002,BUF,NY,AEA,CE,Towers with Radar,139,80,98,7,324,0,0,13,2,15,139,80,111,9,339,20,14,34,373
07/07/2002,BUF,NY,AEA,CE,Towers with Radar,128,78,115,5,326,0,0,5,3,8,128,78,120,8,334,34,4,38,372
07/08/2002,BUF,NY,AEA,CE,Towers with Radar,140,110,93,8,351,0,0,9,0,9,140,110,102,8,360,48,4,52,412
07/09/2002,BUF,NY,AEA,CE,Towers with Radar,148,131,121,22,422,0,0,5,0,5,148,131,126,22,427,42,10,52,479
07/10/2002,BUF,NY,AEA,CE,Towers with Radar,159,153,156,26,494,0,0,15,1,16,159,153,171,27,510,50,22,72,582
07/11/2002,BUF,NY,AEA,CE,Towers with Radar,157,122,105,14,398,0,0,28,0,28,157,122,133,14,426,42,20,62,488
07/12/2002,BUF,NY,AEA,CE,Towers with Radar,149,137,138,8,432,0,1,15,1,17,149,138,153,9,449,12,0,12,461
07/13/2002,BUF,NY,AEA,CE,Towers with Radar,137,96,73,8,314,0,2,16,0,18,137,98,89,8,332,44,6,50,382
07/14/2002,BUF,NY,AEA,CE,Towers with Radar,133,69,76,12,290,0,0,16,1,17,133,69,92,13,307,12,6,18,325
07/15/2002,BUF,NY,AEA,CE,Towers with Radar,142,124,102,21,389,0,1,16,1,18,142,125,118,22,407,32,8,40,447
07/16/2002,BUF,NY,AEA,CE,Towers with Radar,150,135,149,36,470,0,0,10,1,11,150,135,159,37,481,52,22,74,555
07/17/2002,BUF,NY,AEA,CE,Towers with Radar,154,143,142,3,442,0,2,10,0,12,154,145,152,3,454,20,2,22,476
07/18/2002,BUF,NY,AEA,CE,Towers with Radar,153,145,79,2,379,0,0,6,0,6,153,145,85,2,385,58,14,72,457
07/19/2002,BUF,NY,AEA,CE,Towers with Radar,154,131,88,9,382,0,0,5,1,6,154,131,93,10,388,26,2,28,416
07/20/2002,BUF,NY,AEA,CE,Towers with Radar,134,89,129,5,357,0,0,26,1,27,134,89,155,6,384,14,0,14,398
07/21/2002,BUF,NY,AEA,CE,Towers with Radar,132,81,118,5,336,0,0,16,0,16,132,81,134,5,352,40,10,50,402
07/22/2002,BUF,NY,AEA,CE,Towers with Radar,144,112,86,19,361,0,1,10,1,12,144,113,96,20,373,62,14,76,449
07/23/2002,BUF,NY,AEA,CE,Towers with Radar,128,115,67,41,351,0,0,3,0,3,128,115,70,41,354,24,30,54,408
07/24/2002,BUF,NY,AEA,CE,Towers with Radar,160,143,164,8,475,0,0,18,1,19,160,143,182,9,494,52,8,60,554
07/25/2002,BUF,NY,AEA,CE,Towers with Radar,146,141,106,14,407,0,2,21,0,23,146,143,127,14,430,46,16,62,492
07/26/2002,BUF,NY,AEA,CE,Towers with Radar,158,149,111,20,438,0,1,2,3,6,158,150,113,23,444,56,10,66,510
07/27/2002,BUF,NY,AEA,CE,Towers with Radar,138,89,75,6,308,0,0,7,2,9,138,89,82,8,317,60,8,68,385
07/28/2002,BUF,NY,AEA,CE,Towers with Radar,143,84,57,3,287,0,0,4,1,5,143,84,61,4,292,18,0,18,310
07/29/2002,BUF,NY,AEA,CE,Towers with Radar,140,111,101,4,356,0,0,6,0,6,140,111,107,4,362,40,12,52,414
07/30/2002,BUF,NY,AEA,CE,Towers with Radar,154,150,96,9,409,0,0,17,1,18,154,150,113,10,427,38,10,48,475
07/31/2002,BUF,NY,AEA,CE,Towers with Radar,156,142,131,3,432,0,2,14,0,16,156,144,145,3,448,8,2,10,458
08/01/2002,BUF,NY,AEA,CE,Towers with Radar,156,150,167,21,494,0,1,21,3,25,156,151,188,24,519,64,20,84,603
08/02/2002,BUF,NY,AEA,CE,Towers with Radar,149,128,174,6,457,0,1,11,0,12,149,129,185,6,469,16,0,16,485
08/03/2002,BUF,NY,AEA,CE,Towers with Radar,150,89,119,8,366,0,1,8,2,11,150,90,127,10,377,48,0,48,425
08/04/2002,BUF,NY,AEA,CE,Towers with Radar,135,73,84,9,301,0,1,14,1,16,135,74,98,10,317,36,0,36,353
08/05/2002,BUF,NY,AEA,CE,Towers with Radar,139,109,115,10,373,0,1,8,1,10,139,110,123,11,383,32,0,32,415
08/06/2002,BUF,NY,AEA,CE,Towers with Radar,154,146,155,7,462,0,1,4,1,6,154,147,159,8,468,60,18,78,546
08/07/2002,BUF,NY,AEA,CE,Towers with Radar,153,131,150,8,442,0,2,23,2,27,153,133,173,10,469,42,10,52,521
08/08/2002,BUF,NY,AEA,CE,Towers with Radar,153,135,188,38,514,0,2,17,0,19,153,137,205,38,533,58,32,90,623
08/09/2002,BUF,NY,AEA,CE,Towers with Radar,152,139,108,13,412,0,0,27,1,28,152,139,135,14,440,48,4,52,492
08/10/2002,BUF,NY,AEA,CE,Towers with Radar,140,96,90,11,337,0,1,19,1,21,140,97,109,12,358,16,0,16,374
08/11/2002,BUF,NY,AEA,CE,Towers with Radar,136,88,103,10,337,0,0,16,2,18,136,88,119,12,355,52,4,56,411
08/12/2002,BUF,NY,AEA,CE,Towers with Radar,135,113,131,6,385,0,0,20,0,20,135,113,151,6,405,60,10,70,475
08/13/2002,BUF,NY,AEA,CE,Towers with Radar,154,147,168,60,529,0,0,7,2,9,154,147,175,62,538,52,32,84,622
08/14/2002,BUF,NY,AEA,CE,Towers with Radar,152,131,134,12,429,0,0,5,0,5,152,131,139,12,434,20,8,28,462
08/15/2002,BUF,NY,AEA,CE,Towers with Radar,158,140,95,18,411,0,0,5,1,6,158,140,100,19,417,20,18,38,455
08/16/2002,BUF,NY,AEA,CE,Towers with Radar,148,150,85,5,388,0,0,5,1,6,148,150,90,6,394,16,0,16,410
08/17/2002,BUF,NY,AEA,CE,Towers with Radar,138,88,75,10,311,0,0,6,0,6,138,88,81,10,317,24,12,36,353
08/18/2002,BUF,NY,AEA,CE,Towers with Radar,133,69,59,2,263,0,0,11,1,12,133,69,70,3,275,62,7,69,344
08/19/2002,BUF,NY,AEA,CE,Towers with Radar,136,110,116,14,376,0,0,10,0,10,136,110,126,14,386,12,0,12,398
08/20/2002,BUF,NY,AEA,CE,Towers with Radar,150,136,181,16,483,0,0,12,1,13,150,136,193,17,496,48,8,56,552
08/21/2002,BUF,NY,AEA,CE,Towers with Radar,150,143,210,26,529,0,0,21,1,22,150,143,231,27,551,38,24,62,613
08/22/2002,BUF,NY,AEA,CE,Towers with Radar,148,142,132,9,431,0,0,1,0,1,148,142,133,9,432,34,14,48,480
08/23/2002,BUF,NY,AEA,CE,Towers with Radar,156,140,115,9,420,0,0,9,0,9,156,140,124,9,429,22,2,24,453
08/24/2002,BUF,NY,AEA,CE,Towers with Radar,133,90,57,2,282,0,0,3,0,3,133,90,60,2,285,26,0,26,311
08/25/2002,BUF,NY,AEA,CE,Towers with Radar,110,85,94,8,297,26,0,0,0,26,136,85,94,8,323,64,0,64,387
08/26/2002,BUF,NY,AEA,CE,Towers with Radar,132,120,145,3,400,0,0,11,1,12,132,120,156,4,412,16,2,18,430
08/27/2002,BUF,NY,AEA,CE,Towers with Radar,159,136,152,21,468,0,1,12,1,14,159,137,164,22,482,30,18,48,530
08/28/2002,BUF,NY,AEA,CE,Towers with Radar,144,127,184,18,473,0,0,15,0,15,144,127,199,18,488,34,8,42,530
08/29/2002,BUF,NY,AEA,CE,Towers with Radar,153,130,152,21,456,0,0,5,0,5,153,130,157,21,461,42,38,80,541
08/30/2002,BUF,NY,AEA,CE,Towers with Radar,156,144,103,13,416,0,1,5,0,6,156,145,108,13,422,52,12,64,486
08/31/2002,BUF,NY,AEA,CE,Towers with Radar,139,81,81,2,303,0,1,10,0,11,139,82,91,2,314,68,8,76,390
09/01/2002,BUF,NY,AEA,CE,Towers with Radar,121,55,90,6,272,0,0,11,0,11,121,55,101,6,283,38,4,42,325
09/02/2002,BUF,NY,AEA,CE,Towers with Radar,124,68,133,6,331,0,0,20,1,21,124,68,153,7,352,32,0,32,384
09/03/2002,BUF,NY,AEA,CE,Towers with Radar,136,100,90,6,332,0,0,8,1,9,136,100,98,7,341,20,0,20,361
09/04/2002,BUF,NY,AEA,CE,Towers with Radar,147,132,127,38,444,0,0,14,2,16,147,132,141,40,460,22,16,38,498
09/05/2002,BUF,NY,AEA,CE,Towers with Radar,147,138,122,6,413,0,0,12,3,15,147,138,134,9,428,48,12,60,488
09/06/2002,BUF,NY,AEA,CE,Towers with Radar,146,131,172,15,464,0,0,26,1,27,146,131,198,16,491,52,28,80,571
09/07/2002,BUF,NY,AEA,CE,Towers with Radar,134,90,104,11,339,0,0,10,0,10,134,90,114,11,349,60,8,68,417
09/08/2002,BUF,NY,AEA,CE,Towers with Radar,123,93,138,15,369,0,0,17,1,18,123,93,155,16,387,64,12,76,463
09/09/2002,BUF,NY,AEA,CE,Towers with Radar,129,107,111,11,358,0,1,8,1,10,129,108,119,12,368,38,4,42,410
09/10/2002,BUF,NY,AEA,CE,Towers with Radar,141,135,108,18,402,0,0,13,0,13,141,135,121,18,415,48,18,66,481
09/11/2002,BUF,NY,AEA,CE,Towers with Radar,148,144,68,24,384,0,0,7,1,8,148,144,75,25,392,22,16,38,430
09/12/2002,BUF,NY,AEA,CE,Towers with Radar,147,150,170,12,479,0,0,22,1,23,147,150,192,13,502,66,10,76,578
09/13/2002,BUF,NY,AEA,CE,Towers with Radar,142,148,145,12,447,0,0,17,2,19,142,148,162,14,466,64,8,72,538
09/14/2002,BUF,NY,AEA,CE,Towers with Radar,127,89,60,5,281,0,0,10,1,11,127,89,70,6,292,62,12,74,366
09/15/2002,BUF,NY,AEA,CE,Towers with Radar,123,73,36,0,232,0,0,1,1,2,123,73,37,1,234,2,0,2,236
09/16/2002,BUF,NY,AEA,CE,Towers with Radar,135,106,79,1,321,0,0,6,1,7,135,106,85,2,328,20,0,20,348
09/17/2002,BUF,NY,AEA,CE,Towers with Radar,150,140,166,40,496,0,0,17,2,19,150,140,183,42,515,62,36,98,613
09/18/2002,BUF,NY,AEA,CE,Towers with Radar,142,138,149,13,442,0,0,13,0,13,142,138,162,13,455,58,22,80,535
09/19/2002,BUF,NY,AEA,CE,Towers with Radar,148,136,105,25,414,0,0,7,0,7,148,136,112,25,421,58,22,80,501
09/20/2002,BUF,NY,AEA,CE,Towers with Radar,126,107,63,3,299,10,34,0,0,44,136,141,63,3,343,20,6,26,369
09/21/2002,BUF,NY,AEA,CE,Towers with Radar,129,90,61,5,285,0,0,1,0,1,129,90,62,5,286,16,0,16,302
09/22/2002,BUF,NY,AEA,CE,Towers with Radar,122,81,45,7,255,0,0,5,0,5,122,81,50,7,260,52,2,54,314
09/23/2002,BUF,NY,AEA,CE,Towers with Radar,126,94,71,2,293,0,0,7,0,7,126,94,78,2,300,20,0,20,320
09/24/2002,BUF,NY,AEA,CE,Towers with Radar,145,139,130,13,427,0,0,15,2,17,145,139,145,15,444,48,20,68,512
09/25/2002,BUF,NY,AEA,CE,Towers with Radar,140,146,156,13,455,0,0,16,1,17,140,146,172,14,472,64,12,76,548
09/26/2002,BUF,NY,AEA,CE,Towers with Radar,146,144,115,24,429,0,0,11,1,12,146,144,126,25,441,20,24,44,485
09/27/2002,BUF,NY,AEA,CE,Towers with Radar,138,134,45,4,321,0,0,1,0,1,138,134,46,4,322,0,0,0,322
09/28/2002,BUF,NY,AEA,CE,Towers with Radar,129,98,75,4,306,0,0,4,3,7,129,98,79,7,313,20,4,24,337
09/29/2002,BUF,NY,AEA,CE,Towers with Radar,117,82,92,3,294,0,0,16,1,17,117,82,108,4,311,8,2,10,321
09/30/2002,BUF,NY,AEA,CE,Towers with Radar,123,108,144,28,403,0,0,18,1,19,123,108,162,29,422,28,18,46,468
10/01/2002,BUF,NY,AEA,CE,Towers with Radar,139,135,111,13,398,0,0,17,1,18,139,135,128,14,416,32,22,54,470
10/02/2002,BUF,NY,AEA,CE,Towers with Radar,144,137,78,8,367,0,0,5,0,5,144,137,83,8,372,20,0,20,392
10/03/2002,BUF,NY,AEA,CE,Towers with Radar,134,136,49,19,338,0,0,2,0,2,134,136,51,19,340,18,14,32,372
10/04/2002,BUF,NY,AEA,CE,Towers with Radar,150,136,109,10,405,0,0,3,0,3,150,136,112,10,408,10,10,20,428
10/05/2002,BUF,NY,AEA,CE,Towers with Radar,139,97,52,5,293,0,0,4,1,5,139,97,56,6,298,52,2,54,352
10/06/2002,BUF,NY,AEA,CE,Towers with Radar,119,78,99,20,316,0,0,18,1,19,119,78,117,21,335,6,22,28,363
10/07/2002,BUF,NY,AEA,CE,Towers with Radar,130,107,72,3,312,0,0,5,0,5,130,107,77,3,317,56,6,62,379
10/08/2002,BUF,NY,AEA,CE,Towers with Radar,146,128,148,8,430,0,1,27,1,29,146,129,175,9,459,74,10,84,543
10/09/2002,BUF,NY,AEA,CE,Towers with Radar,144,142,124,19,429,0,2,18,0,20,144,144,142,19,449,14,8,22,471
10/10/2002,BUF,NY,AEA,CE,Towers with Radar,145,141,90,13,389,0,0,10,0,10,145,141,100,13,399,30,16,46,445
10/11/2002,BUF,NY,AEA,CE,Towers with Radar,143,141,82,4,370,0,0,3,0,3,143,141,85,4,373,20,0,20,393
10/12/2002,BUF,NY,AEA,CE,Towers with Radar,131,95,34,5,265,0,0,3,0,3,131,95,37,5,268,44,10,54,322
10/13/2002,BUF,NY,AEA,CE,Towers with Radar,122,69,36,6,233,0,0,3,0,3,122,69,39,6,236,22,0,22,258
10/14/2002,BUF,NY,AEA,CE,Towers with Radar,130,75,147,3,355,0,0,10,3,13,130,75,157,6,368,30,0,30,398
10/15/2002,BUF,NY,AEA,CE,Towers with Radar,140,110,93,4,347,0,0,14,0,14,140,110,107,4,361,46,0,46,407
10/16/2002,BUF,NY,AEA,CE,Towers with Radar,131,110,61,4,306,9,27,0,0,36,140,137,61,4,342,31,0,31,373
10/17/2002,BUF,NY,AEA,CE,Towers with Radar,147,139,103,8,397,0,0,7,0,7,147,139,110,8,404,4,2,6,410
10/18/2002,BUF,NY,AEA,CE,Towers with Radar,138,120,93,3,354,0,0,4,2,6,138,120,97,5,360,4,0,4,364
10/19/2002,BUF,NY,AEA,CE,Towers with Radar,129,85,39,3,256,0,0,2,0,2,129,85,41,3,258,8,0,8,266
10/20/2002,BUF,NY,AEA,CE,Towers with Radar,121,70,75,14,280,1,0,6,0,7,122,70,81,14,287,36,22,58,345
10/21/2002,BUF,NY,AEA,CE,Towers with Radar,128,103,76,4,311,0,0,8,0,8,128,103,84,4,319,8,4,12,331
10/22/2002,BUF,NY,AEA,CE,Towers with Radar,141,125,111,12,389,0,0,8,0,8,141,125,119,12,397,28,22,50,447
10/23/2002,BUF,NY,AEA,CE,Towers with Radar,141,122,104,6,373,0,0,14,0,14,141,122,118,6,387,70,8,78,465
10/24/2002,BUF,NY,AEA,CE,Towers with Radar,140,133,106,26,405,0,0,14,0,14,140,133,120,26,419,40,36,76,495
10/25/2002,BUF,NY,AEA,CE,Towers with Radar,141,127,85,0,353,0,0,6,1,7,141,127,91,1,360,36,18,54,414
10/26/2002,BUF,NY,AEA,CE,Towers with Radar,130,85,37,0,252,0,0,0,1,1,130,85,37,1,253,12,0,12,265
10/27/2002,BUF,NY,AEA,CE,Towers with Radar,117,70,61,6,254,0,0,2,2,4,117,70,63,8,258,20,0,20,278
10/28/2002,BUF,NY,AEA,CE,Towers with Radar,125,99,91,8,323,0,0,8,1,9,125,99,99,9,332,24,0,24,356
10/29/2002,BUF,NY,AEA,CE,Towers with Radar,140,128,124,14,406,0,0,8,0,8,140,128,132,14,414,24,12,36,450
10/30/2002,BUF,NY,AEA,CE,Towers with Radar,145,128,150,15,438,0,0,18,0,18,145,128,168,15,456,50,40,90,546
10/31/2002,BUF,NY,AEA,CE,Towers with Radar,135,130,68,5,338,0,0,11,0,11,135,130,79,5,349,18,0,18,367
11/01/2002,BUF,NY,AEA,CE,Towers with Radar,134,135,87,2,358,1,0,2,0,3,135,135,89,2,361,12,0,12,373
11/02/2002,BUF,NY,AEA,CE,Towers with Radar,124,76,32,2,234,1,0,0,0,1,125,76,32,2,235,8,2,10,245
11/03/2002,BUF,NY,AEA,CE,Towers with Radar,108,72,55,3,238,0,0,16,3,19,108,72,71,6,257,14,5,19,276
11/04/2002,BUF,NY,AEA,CE,Towers with Radar,127,106,42,29,304,1,0,1,0,2,128,106,43,29,306,22,20,42,348
11/05/2002,BUF,NY,AEA,CE,Towers with Radar,142,125,83,8,358,1,0,9,0,10,143,125,92,8,368,32,22,54,422
11/06/2002,BUF,NY,AEA,CE,Towers with Radar,137,133,53,3,326,1,0,0,0,1,138,133,53,3,327,12,4,16,343
11/07/2002,BUF,NY,AEA,CE,Towers with Radar,141,149,74,3,367,1,1,18,1,21,142,150,92,4,388,6,0,6,394
11/08/2002,BUF,NY,AEA,CE,Towers with Radar,141,128,63,3,335,0,7,3,1,11,141,135,66,4,346,24,0,24,370
11/09/2002,BUF,NY,AEA,CE,Towers with Radar,123,70,58,6,257,0,3,2,0,5,123,73,60,6,262,18,4,22,284
11/10/2002,BUF,NY,AEA,CE,Towers with Radar,114,61,22,0,197,0,1,0,0,1,114,62,22,0,198,18,0,18,216
11/11/2002,BUF,NY,AEA,CE,Towers with Radar,130,86,96,3,315,0,1,4,0,5,130,87,100,3,320,10,0,10,330
11/12/2002,BUF,NY,AEA,CE,Towers with Radar,137,111,77,3,328,0,1,0,0,1,137,112,77,3,329,10,0,10,339
11/13/2002,BUF,NY,AEA,CE,Towers with Radar,142,143,131,7,423,0,2,2,0,4,142,145,133,7,427,30,0,30,457
11/14/2002,BUF,NY,AEA,CE,Towers with Radar,136,131,98,5,370,0,3,5,0,8,136,134,103,5,378,14,0,14,392
11/15/2002,BUF,NY,AEA,CE,Towers with Radar,135,116,35,4,290,0,1,0,0,1,135,117,35,4,291,2,2,4,295
11/16/2002,BUF,NY,AEA,CE,Towers with Radar,124,79,13,0,216,0,1,0,0,1,124,80,13,0,217,0,0,0,217
11/17/2002,BUF,NY,AEA,CE,Towers with Radar,113,74,15,3,205,0,1,0,0,1,113,75,15,3,206,32,10,42,248
11/18/2002,BUF,NY,AEA,CE,Towers with Radar,129,92,49,0,270,0,1,1,0,2,129,93,50,0,272,12,0,12,284
11/19/2002,BUF,NY,AEA,CE,Towers with Radar,141,122,75,9,347,0,1,3,0,4,141,123,78,9,351,36,6,42,393
11/20/2002,BUF,NY,AEA,CE,Towers with Radar,139,128,94,4,365,0,3,17,1,21,139,131,111,5,386,50,6,56,442
11/21/2002,BUF,NY,AEA,CE,Towers with Radar,134,119,111,5,369,0,3,4,0,7,134,122,115,5,376,34,8,42,418
11/22/2002,BUF,NY,AEA,CE,Towers with Radar,141,120,35,6,302,0,1,0,0,1,141,121,35,6,303,16,2,18,321
11/23/2002,BUF,NY,AEA,CE,Towers with Radar,127,82,51,0,260,0,1,4,0,5,127,83,55,0,265,20,0,20,285
11/24/2002,BUF,NY,AEA,CE,Towers with Radar,116,66,68,3,253,0,1,13,3,17,116,67,81,6,270,52,2,54,324
11/25/2002,BUF,NY,AEA,CE,Towers with Radar,121,102,55,4,282,0,1,0,0,1,121,103,55,4,283,12,0,12,295
11/26/2002,BUF,NY,AEA,CE,Towers with Radar,142,131,102,6,381,0,1,7,1,9,142,132,109,7,390,42,2,44,434
11/27/2002,BUF,NY,AEA,CE,Towers with Radar,144,125,48,4,321,0,1,0,0,1,144,126,48,4,322,10,4,14,336
11/28/2002,BUF,NY,AEA,CE,Towers with Radar,146,86,45,2,279,0,0,0,0,0,146,86,45,2,279,16,4,20,299
11/29/2002,BUF,NY,AEA,CE,Towers with Radar,102,71,43,1,217,0,0,1,0,1,102,71,44,1,218,24,0,24,242
11/30/2002,BUF,NY,AEA,CE,Towers with Radar,117,78,20,0,215,0,0,1,0,1,117,78,21,0,216,18,4,22,238
12/01/2002,BUF,NY,AEA,CE,Towers with Radar,118,79,63,7,267,1,0,0,0,1,119,79,63,7,268,6,0,6,274
12/02/2002,BUF,NY,AEA,CE,Towers with Radar,136,94,19,4,253,0,0,0,0,0,136,94,19,4,253,0,0,0,253
12/03/2002,BUF,NY,AEA,CE,Towers with Radar,149,126,96,32,403,0,0,11,0,11,149,126,107,32,414,70,18,88,502
12/04/2002,BUF,NY,AEA,CE,Towers with Radar,146,125,153,8,432,0,0,6,0,6,146,125,159,8,438,8,0,8,446
12/05/2002,BUF,NY,AEA,CE,Towers with Radar,116,112,80,1,309,0,0,2,0,2,116,112,82,1,311,0,0,0,311
12/06/2002,BUF,NY,AEA,CE,Towers with Radar,130,142,81,12,365,0,0,0,1,1,130,142,81,13,366,32,12,44,410
12/07/2002,BUF,NY,AEA,CE,Towers with Radar,122,76,20,0,218,0,4,0,0,4,122,80,20,0,222,12,10,22,244
12/08/2002,BUF,NY,AEA,CE,Towers with Radar,114,56,22,5,197,0,0,0,0,0,114,56,22,5,197,12,0,12,209
12/09/2002,BUF,NY,AEA,CE,Towers with Radar,123,113,97,7,340,0,0,8,0,8,123,113,105,7,348,16,0,16,364
12/10/2002,BUF,NY,AEA,CE,Towers with Radar,153,139,123,11,426,0,5,7,0,12,153,144,130,11,438,36,16,52,490
12/11/2002,BUF,NY,AEA,CE,Towers with Radar,133,129,75,21,358,0,2,10,0,12,133,131,85,21,370,0,4,4,374
12/12/2002,BUF,NY,AEA,CE,Towers with Radar,147,127,28,5,307,0,0,0,0,0,147,127,28,5,307,10,18,28,335
12/13/2002,BUF,NY,AEA,CE,Towers with Radar,134,121,63,3,321,0,0,0,0,0,134,121,63,3,321,28,12,40,361
12/14/2002,BUF,NY,AEA,CE,Towers with Radar,128,73,8,1,210,1,0,0,0,1,129,73,8,1,211,0,0,0,211
12/15/2002,BUF,NY,AEA,CE,Towers with Radar,114,75,52,2,243,0,0,0,0,0,114,75,52,2,243,8,0,8,251
12/16/2002,BUF,NY,AEA,CE,Towers with Radar,131,102,39,4,276,0,0,0,0,0,131,102,39,4,276,0,10,10,286
12/17/2002,BUF,NY,AEA,CE,Towers with Radar,140,145,79,8,372,0,1,9,1,11,140,146,88,9,383,58,12,70,453
12/18/2002,BUF,NY,AEA,CE,Towers with Radar,132,139,116,24,411,0,2,13,0,15,132,141,129,24,426,32,22,54,480
12/19/2002,BUF,NY,AEA,CE,Towers with Radar,133,138,106,10,387,0,1,3,0,4,133,139,109,10,391,22,2,24,415
12/20/2002,BUF,NY,AEA,CE,Towers with Radar,135,126,57,4,322,0,0,1,0,1,135,126,58,4,323,22,2,24,347
12/21/2002,BUF,NY,AEA,CE,Towers with Radar,131,80,14,2,227,0,0,0,0,0,131,80,14,2,227,8,0,8,235
12/22/2002,BUF,NY,AEA,CE,Towers with Radar,117,69,15,4,205,0,0,1,0,1,117,69,16,4,206,0,0,0,206
12/23/2002,BUF,NY,AEA,CE,Towers with Radar,122,96,29,0,247,0,0,2,0,2,122,96,31,0,249,2,2,4,253
12/24/2002,BUF,NY,AEA,CE,Towers with Radar,125,121,45,5,296,0,0,2,0,2,125,121,47,5,298,8,0,8,306
12/25/2002,BUF,NY,AEA,CE,Towers with Radar,95,60,7,0,162,0,0,0,0,0,95,60,7,0,162,0,0,0,162
12/26/2002,BUF,NY,AEA,CE,Towers with Radar,126,88,72,3,289,0,0,2,0,2,126,88,74,3,291,6,0,6,297
12/27/2002,BUF,NY,AEA,CE,Towers with Radar,134,115,38,2,289,0,0,0,0,0,134,115,38,2,289,16,2,18,307
12/28/2002,BUF,NY,AEA,CE,Towers with Radar,123,81,18,2,224,0,0,0,0,0,123,81,18,2,224,1,0,1,225
12/29/2002,BUF,NY,AEA,CE,Towers with Radar,101,82,43,5,231,10,2,17,1,30,111,84,60,6,261,18,2,20,281
12/30/2002,BUF,NY,AEA,CE,Towers with Radar,127,101,26,8,262,0,1,4,0,5,127,102,30,8,267,6,18,24,291
12/31/2002,BUF,NY,AEA,CE,Towers with Radar,136,120,13,3,272,0,0,0,0,0,136,120,13,3,272,2,2,4,276
01/01/2003,BUF,NY,AEA,CE,Towers with Radar,109,69,19,0,197,0,0,0,0,0,109,69,19,0,197,6,0,6,203
01/02/2003,BUF,NY,AEA,CE,Towers with Radar,126,90,22,2,240,0,0,0,0,0,126,90,22,2,240,0,0,0,240
01/03/2003,BUF,NY,AEA,CE,Towers with Radar,130,113,3,3,249,0,0,0,0,0,130,113,3,3,249,0,0,0,249
01/04/2003,BUF,NY,AEA,CE,Towers with Radar,139,76,15,0,230,0,0,1,0,1,139,76,16,0,231,0,0,0,231
01/05/2003,BUF,NY,AEA,CE,Towers with Radar,100,62,26,6,194,0,0,6,0,6,100,62,32,6,200,4,2,6,206
01/06/2003,BUF,NY,AEA,CE,Towers with Radar,120,106,24,4,254,0,0,0,0,0,120,106,24,4,254,6,2,8,262
01/07/2003,BUF,NY,AEA,CE,Towers with Radar,147,131,103,10,391,0,0,3,0,3,147,131,106,10,394,12,2,14,408
01/08/2003,BUF,NY,AEA,CE,Towers with Radar,132,137,68,4,341,0,0,1,0,1,132,137,69,4,342,22,8,30,372
01/09/2003,BUF,NY,AEA,CE,Towers with Radar,132,125,52,1,310,0,0,2,0,2,132,125,54,1,312,22,8,30,342
01/10/2003,BUF,NY,AEA,CE,Towers with Radar,139,143,46,2,330,0,0,4,0,4,139,143,50,2,334,44,16,60,394
01/11/2003,BUF,NY,AEA,CE,Towers with Radar,113,79,16,0,208,0,0,1,0,1,113,79,17,0,209,0,0,0,209
01/12/2003,BUF,NY,AEA,CE,Towers with Radar,96,57,31,2,186,0,0,2,1,3,96,57,33,3,189,6,0,6,195
01/13/2003,BUF,NY,AEA,CE,Towers with Radar,134,96,32,2,264,0,0,0,0,0,134,96,32,2,264,8,0,8,272
01/14/2003,BUF,NY,AEA,CE,Towers with Radar,132,134,52,3,321,0,0,0,0,0,132,134,52,3,321,24,0,24,345
01/15/2003,BUF,NY,AEA,CE,Towers with Radar,141,125,86,1,353,0,0,3,0,3,141,125,89,1,356,24,2,26,382
01/16/2003,BUF,NY,AEA,CE,Towers with Radar,134,143,69,6,352,0,0,3,1,4,134,143,72,7,356,18,4,22,378
01/17/2003,BUF,NY,AEA,CE,Towers with Radar,134,136,53,1,324,0,0,0,0,0,134,136,53,1,324,30,14,44,368
01/18/2003,BUF,NY,AEA,CE,Towers with Radar,113,65,82,4,264,0,0,6,0,6,113,65,88,4,270,42,6,48,318
01/19/2003,BUF,NY,AEA,CE,Towers with Radar,93,65,25,2,185,0,0,0,0,0,93,65,25,2,185,16,0,16,201
01/20/2003,BUF,NY,AEA,CE,Towers with Radar,126,90,39,2,257,0,0,1,2,3,126,90,40,4,260,2,0,2,262
01/21/2003,BUF,NY,AEA,CE,Towers with Radar,155,102,93,3,353,0,1,8,1,10,155,103,101,4,363,28,2,30,393
01/22/2003,BUF,NY,AEA,CE,Towers with Radar,144,122,73,1,340,0,1,0,0,1,144,123,73,1,341,26,10,36,377
01/23/2003,BUF,NY,AEA,CE,Towers with Radar,149,109,83,0,341,0,0,0,0,0,149,109,83,0,341,20,8,28,369
01/24/2003,BUF,NY,AEA,CE,Towers with Radar,139,100,86,4,329,0,1,8,1,10,139,101,94,5,339,0,0,0,339
01/25/2003,BUF,NY,AEA,CE,Towers with Radar,123,66,22,1,212,0,0,0,1,1,123,66,22,2,213,0,0,0,213
01/26/2003,BUF,NY,AEA,CE,Towers with Radar,115,52,16,4,187,0,0,0,0,0,115,52,16,4,187,0,0,0,187
01/27/2003,BUF,NY,AEA,CE,Towers with Radar,128,97,62,0,287,0,0,0,2,2,128,97,62,2,289,14,18,32,321
01/28/2003,BUF,NY,AEA,CE,Towers with Radar,143,109,105,5,362,0,0,2,0,2,143,109,107,5,364,18,0,18,382
01/29/2003,BUF,NY,AEA,CE,Towers with Radar,136,116,91,7,350,0,0,2,0,2,136,116,93,7,352,52,10,62,414
01/30/2003,BUF,NY,AEA,CE,Towers with Radar,149,130,96,9,384,0,0,13,0,13,149,130,109,9,397,38,0,38,435
01/31/2003,BUF,NY,AEA,CE,Towers with Radar,138,124,106,4,372,0,0,2,0,2,138,124,108,4,374,9,0,9,383
02/01/2003,BUF,NY,AEA,CE,Towers with Radar,119,70,11,1,201,0,2,0,0,2,119,72,11,1,203,2,0,2,205
02/02/2003,BUF,NY,AEA,CE,Towers with Radar,99,54,38,2,193,23,0,0,0,23,122,54,38,2,216,24,6,30,246
02/03/2003,BUF,NY,AEA,CE,Towers with Radar,138,118,119,2,377,0,2,2,0,4,138,120,121,2,381,18,0,18,399
02/04/2003,BUF,NY,AEA,CE,Towers with Radar,139,135,29,8,311,0,2,1,0,3,139,137,30,8,314,4,8,12,326
02/05/2003,BUF,NY,AEA,CE,Towers with Radar,134,136,88,3,361,0,3,3,0,6,134,139,91,3,367,20,14,34,401
02/06/2003,BUF,NY,AEA,CE,Towers with Radar,141,116,88,14,359,0,2,4,1,7,141,118,92,15,366,24,4,28,394
02/07/2003,BUF,NY,AEA,CE,Towers with Radar,126,105,51,4,286,0,2,3,3,8,126,107,54,7,294,18,2,20,314
02/08/2003,BUF,NY,AEA,CE,Towers with Radar,129,72,21,3,225,0,2,6,0,8,129,74,27,3,233,8,0,8,241
02/09/2003,BUF,NY,AEA,CE,Towers with Radar,116,51,25,0,192,0,2,2,0,4,116,53,27,0,196,16,0,16,212
02/10/2003,BUF,NY,AEA,CE,Towers with Radar,124,99,45,2,270,0,2,1,0,3,124,101,46,2,273,0,0,0,273
02/11/2003,BUF,NY,AEA,CE,Towers with Radar,151,137,71,6,365,0,2,4,1,7,151,139,75,7,372,16,18,34,406
02/12/2003,BUF,NY,AEA,CE,Towers with Radar,139,126,76,4,345,0,1,2,0,3,139,127,78,4,348,10,0,10,358
02/13/2003,BUF,NY,AEA,CE,Towers with Radar,144,130,77,5,356,0,2,8,0,10,144,132,85,5,366,16,4,20,386
02/14/2003,BUF,NY,AEA,CE,Towers with Radar,135,124,59,12,330,0,2,3,0,5,135,126,62,12,335,36,16,52,387
02/15/2003,BUF,NY,AEA,CE,Towers with Radar,133,68,46,0,247,0,1,7,0,8,133,69,53,0,255,44,16,60,315
02/16/2003,BUF,NY,AEA,CE,Towers with Radar,80,45,36,2,163,21,0,0,0,21,101,45,36,2,184,32,14,46,230
02/17/2003,BUF,NY,AEA,CE,Towers with Radar,78,52,28,0,158,0,1,3,0,4,78,53,31,0,162,4,0,4,166
02/18/2003,BUF,NY,AEA,CE,Towers with Radar,118,95,61,6,280,0,1,1,0,2,118,96,62,6,282,4,0,4,286
02/19/2003,BUF,NY,AEA,CE,Towers with Radar,132,122,63,25,342,0,1,1,0,2,132,123,64,25,344,0,16,16,360
02/20/2003,BUF,NY,AEA,CE,Towers with Radar,150,125,121,17,413,0,2,8,0,10,150,127,129,17,423,30,16,46,469
02/21/2003,BUF,NY,AEA,CE,Towers with Radar,149,116,96,11,372,0,3,11,0,14,149,119,107,11,386,26,6,32,418
02/22/2003,BUF,NY,AEA,CE,Towers with Radar,116,69,14,3,202,0,1,1,0,2,116,70,15,3,204,12,12,24,228
02/23/2003,BUF,NY,AEA,CE,Towers with Radar,35,27,8,2,72,0,1,0,1,2,35,28,8,3,74,0,2,2,76
02/24/2003,BUF,NY,AEA,CE,Towers with Radar,127,81,42,6,256,0,1,1,0,2,127,82,43,6,258,12,0,12,270
02/25/2003,BUF,NY,AEA,CE,Towers with Radar,138,119,59,9,325,0,1,3,1,5,138,120,62,10,330,16,4,20,350
02/26/2003,BUF,NY,AEA,CE,Towers with Radar,139,117,150,25,431,0,2,8,0,10,139,119,158,25,441,48,16,64,505
02/27/2003,BUF,NY,AEA,CE,Towers with Radar,141,136,106,3,386,0,1,9,0,10,141,137,115,3,396,42,18,60,456
02/28/2003,BUF,NY,AEA,CE,Towers with Radar,146,125,60,0,331,0,1,0,0,1,146,126,60,0,332,28,16,44,376
03/01/2003,BUF,NY,AEA,CE,Towers with Radar,123,69,28,6,226,0,0,1,1,2,123,69,29,7,228,40,2,42,270
03/02/2003,BUF,NY,AEA,CE,Towers with Radar,110,74,19,0,203,0,0,0,0,0,110,74,19,0,203,0,0,0,203
03/03/2003,BUF,NY,AEA,CE,Towers with Radar,133,101,67,4,305,0,3,1,0,4,133,104,68,4,309,10,0,10,319
03/04/2003,BUF,NY,AEA,CE,Towers with Radar,147,109,69,4,329,0,4,2,0,6,147,113,71,4,335,24,16,40,375
03/05/2003,BUF,NY,AEA,CE,Towers with Radar,149,130,63,0,342,0,0,0,0,0,149,130,63,0,342,24,10,34,376
03/06/2003,BUF,NY,AEA,CE,Towers with Radar,141,111,61,6,319,0,0,4,0,4,141,111,65,6,323,34,12,46,369
03/07/2003,BUF,NY,AEA,CE,Towers with Radar,151,118,108,9,386,0,1,16,2,19,151,119,124,11,405,0,0,0,405
03/08/2003,BUF,NY,AEA,CE,Towers with Radar,123,73,62,2,260,0,1,3,0,4,123,74,65,2,264,38,2,40,304
03/09/2003,BUF,NY,AEA,CE,Towers with Radar,116,59,38,9,222,0,0,0,1,1,116,59,38,10,223,28,10,38,261
03/10/2003,BUF,NY,AEA,CE,Towers with Radar,142,95,98,2,337,0,1,3,0,4,142,96,101,2,341,30,8,38,379
03/11/2003,BUF,NY,AEA,CE,Towers with Radar,146,123,73,2,344,0,1,1,0,2,146,124,74,2,346,40,10,50,396
03/12/2003,BUF,NY,AEA,CE,Towers with Radar,150,127,42,3,322,0,0,0,0,0,150,127,42,3,322,2,0,2,324
03/13/2003,BUF,NY,AEA,CE,Towers with Radar,147,119,65,1,332,0,0,1,1,2,147,119,66,2,334,0,0,0,334
03/14/2003,BUF,NY,AEA,CE,Towers with Radar,150,125,78,8,361,0,2,8,0,10,150,127,86,8,371,22,0,22,393
03/15/2003,BUF,NY,AEA,CE,Towers with Radar,130,76,67,4,277,0,3,15,0,18,130,79,82,4,295,32,0,32,327
03/16/2003,BUF,NY,AEA,CE,Towers with Radar,110,65,66,7,248,0,0,12,1,13,110,65,78,8,261,48,6,54,315
03/17/2003,BUF,NY,AEA,CE,Towers with Radar,135,88,88,2,313,0,4,9,0,13,135,92,97,2,326,30,8,38,364
03/18/2003,BUF,NY,AEA,CE,Towers with Radar,152,129,65,6,352,0,2,5,1,8,152,131,70,7,360,23,23,46,406
03/19/2003,BUF,NY,AEA,CE,Towers with Radar,143,124,97,2,366,0,1,5,0,6,143,125,102,2,372,38,14,52,424
03/20/2003,BUF,NY,AEA,CE,Towers with Radar,148,119,94,1,362,0,0,0,0,0,148,119,94,1,362,6,4,10,372
03/21/2003,BUF,NY,AEA,CE,Towers with Radar,148,119,44,4,315,0,0,0,0,0,148,119,44,4,315,0,0,0,315
03/22/2003,BUF,NY,AEA,CE,Towers with Radar,130,74,41,5,250,0,0,6,1,7,130,74,47,6,257,34,24,58,315
03/23/2003,BUF,NY,AEA,CE,Towers with Radar,110,63,35,10,218,0,0,1,0,1,110,63,36,10,219,30,16,46,265
03/24/2003,BUF,NY,AEA,CE,Towers with Radar,137,87,76,2,302,0,4,8,1,13,137,91,84,3,315,38,12,50,365
03/25/2003,BUF,NY,AEA,CE,Towers with Radar,151,125,55,5,336,0,0,2,0,2,151,125,57,5,338,26,10,36,374
03/26/2003,BUF,NY,AEA,CE,Towers with Radar,144,114,64,7,329,0,0,5,0,5,144,114,69,7,334,22,0,22,356
03/27/2003,BUF,NY,AEA,CE,Towers with Radar,147,120,101,7,375,0,2,13,3,18,147,122,114,10,393,36,0,36,429
03/28/2003,BUF,NY,AEA,CE,Towers with Radar,148,118,110,2,378,0,0,3,1,4,148,118,113,3,382,46,12,58,440
03/29/2003,BUF,NY,AEA,CE,Towers with Radar,118,78,13,1,210,0,0,0,0,0,118,78,13,1,210,28,6,34,244
03/30/2003,BUF,NY,AEA,CE,Towers with Radar,108,54,44,5,211,0,0,3,1,4,108,54,47,6,215,36,10,46,261
03/31/2003,BUF,NY,AEA,CE,Towers with Radar,144,112,58,4,318,0,0,4,0,4,144,112,62,4,322,16,0,16,338
04/01/2003,BUF,NY,AEA,CE,Towers with Radar,154,134,53,10,351,0,0,1,0,1,154,134,54,10,352,22,0,22,374
04/02/2003,BUF,NY,AEA,CE,Towers with Radar,144,116,65,5,330,0,0,5,0,5,144,116,70,5,335,16,0,16,351
04/03/2003,BUF,NY,AEA,CE,Towers with Radar,143,114,41,6,304,0,0,0,1,1,143,114,41,7,305,4,12,16,321
04/04/2003,BUF,NY,AEA,CE,Towers with Radar,143,95,13,0,251,0,0,0,0,0,143,95,13,0,251,0,10,10,261
04/05/2003,BUF,NY,AEA,CE,Towers with Radar,132,86,11,0,229,0,0,0,0,0,132,86,11,0,229,0,6,6,235
04/06/2003,BUF,NY,AEA,CE,Towers with Radar,114,65,96,6,281,0,0,5,1,6,114,65,101,7,287,44,4,48,335
04/07/2003,BUF,NY,AEA,CE,Towers with Radar,118,94,40,3,255,0,0,1,0,1,118,94,41,3,256,3,0,3,259
04/08/2003,BUF,NY,AEA,CE,Towers with Radar,141,128,38,23,330,0,0,0,0,0,141,128,38,23,330,10,8,18,348
04/09/2003,BUF,NY,AEA,CE,Towers with Radar,154,126,86,1,367,0,0,1,0,1,154,126,87,1,368,24,4,28,396
04/10/2003,BUF,NY,AEA,CE,Towers with Radar,148,144,112,30,434,0,3,11,3,17,148,147,123,33,451,40,16,56,507
04/11/2003,BUF,NY,AEA,CE,Towers with Radar,143,138,115,7,403,0,1,9,1,11,143,139,124,8,414,44,10,54,468
04/12/2003,BUF,NY,AEA,CE,Towers with Radar,127,78,80,6,291,0,0,28,1,29,127,78,108,7,320,32,0,32,352
04/13/2003,BUF,NY,AEA,CE,Towers with Radar,119,79,68,6,272,0,0,15,3,18,119,79,83,9,290,16,0,16,306
04/14/2003,BUF,NY,AEA,CE,Towers with Radar,137,97,96,10,340,0,4,10,2,16,137,101,106,12,356,36,0,36,392
04/15/2003,BUF,NY,AEA,CE,Towers with Radar,138,125,71,1,335,0,8,9,0,17,138,133,80,1,352,28,8,36,388
04/16/2003,BUF,NY,AEA,CE,Towers with Radar,150,117,122,2,391,0,2,4,0,6,150,119,126,2,397,16,0,16,413
04/17/2003,BUF,NY,AEA,CE,Towers with Radar,140,122,48,10,320,0,1,2,0,3,140,123,50,10,323,32,8,40,363
04/18/2003,BUF,NY,AEA,CE,Towers with Radar,143,119,56,1,319,0,0,4,0,4,143,119,60,1,323,44,6,50,373
04/19/2003,BUF,NY,AEA,CE,Towers with Radar,124,70,63,7,264,0,0,1,0,1,124,70,64,7,265,42,6,48,313
04/20/2003,BUF,NY,AEA,CE,Towers with Radar,108,77,65,4,254,0,0,4,2,6,108,77,69,6,260,18,0,18,278
04/21/2003,BUF,NY,AEA,CE,Towers with Radar,133,111,82,4,330,0,0,0,0,0,133,111,82,4,330,34,6,40,370
04/22/2003,BUF,NY,AEA,CE,Towers with Radar,147,131,62,1,341,0,0,0,0,0,147,131,62,1,341,0,0,0,341
04/23/2003,BUF,NY,AEA,CE,Towers with Radar,148,114,60,8,330,0,0,0,2,2,148,114,60,10,332,12,0,12,344
04/24/2003,BUF,NY,AEA,CE,Towers with Radar,147,135,91,1,374,0,4,23,1,28,147,139,114,2,402,21,0,21,423
04/25/2003,BUF,NY,AEA,CE,Towers with Radar,147,119,103,8,377,0,4,7,1,12,147,123,110,9,389,46,8,54,443
04/26/2003,BUF,NY,AEA,CE,Towers with Radar,136,80,55,7,278,0,0,6,0,6,136,80,61,7,284,17,0,17,301
04/27/2003,BUF,NY,AEA,CE,Towers with Radar,109,84,82,8,283,0,0,14,1,15,109,84,96,9,298,48,6,54,352
04/28/2003,BUF,NY,AEA,CE,Towers with Radar,134,109,98,0,341,0,5,5,0,10,134,114,103,0,351,40,12,52,403
04/29/2003,BUF,NY,AEA,CE,Towers with Radar,134,134,161,6,435,0,2,10,0,12,134,136,171,6,447,34,0,34,481
04/30/2003,BUF,NY,AEA,CE,Towers with Radar,133,129,158,10,430,0,1,14,0,15,133,130,172,10,445,28,0,28,473
05/01/2003,BUF,NY,AEA,CE,Towers with Radar,149,133,49,3,334,0,0,4,0,4,149,133,53,3,338,18,4,22,360
05/02/2003,BUF,NY,AEA,CE,Towers with Radar,159,117,64,13,353,0,0,1,0,1,159,117,65,13,354,12,0,12,366
05/03/2003,BUF,NY,AEA,CE,Towers with Radar,131,71,107,1,310,0,0,4,0,4,131,71,111,1,314,48,6,54,368
05/04/2003,BUF,NY,AEA,CE,Towers with Radar,120,66,91,1,278,0,0,19,1,20,120,66,110,2,298,46,6,52,350
05/05/2003,BUF,NY,AEA,CE,Towers with Radar,137,100,55,8,300,0,0,1,0,1,137,100,56,8,301,12,0,12,313
05/06/2003,BUF,NY,AEA,CE,Towers with Radar,145,127,78,6,356,0,0,6,0,6,145,127,84,6,362,42,10,52,414
05/07/2003,BUF,NY,AEA,CE,Towers with Radar,143,118,119,9,389,0,0,2,0,2,143,118,121,9,391,38,12,50,441
05/08/2003,BUF,NY,AEA,CE,Towers with Radar,156,125,105,4,390,0,0,1,0,1,156,125,106,4,391,22,0,22,413
05/09/2003,BUF,NY,AEA,CE,Towers with Radar,148,120,92,0,360,0,1,7,0,8,148,121,99,0,368,42,8,50,418
05/10/2003,BUF,NY,AEA,CE,Towers with Radar,134,75,46,5,260,0,1,9,0,10,134,76,55,5,270,22,0,22,292
05/11/2003,BUF,NY,AEA,CE,Towers with Radar,113,49,10,1,173,0,0,1,2,3,113,49,11,3,176,16,0,16,192
05/12/2003,BUF,NY,AEA,CE,Towers with Radar,143,93,50,0,286,0,0,1,0,1,143,93,51,0,287,0,0,0,287
05/13/2003,BUF,NY,AEA,CE,Towers with Radar,149,126,48,6,329,0,0,0,0,0,149,126,48,6,329,4,0,4,333
05/14/2003,BUF,NY,AEA,CE,Towers with Radar,144,125,136,9,414,0,1,6,0,7,144,126,142,9,421,36,4,40,461
05/15/2003,BUF,NY,AEA,CE,Towers with Radar,152,133,84,6,375,0,2,7,0,9,152,135,91,6,384,18,6,24,408
05/16/2003,BUF,NY,AEA,CE,Towers with Radar,149,118,60,8,335,0,0,1,1,2,149,118,61,9,337,40,2,42,379
05/17/2003,BUF,NY,AEA,CE,Towers with Radar,128,68,56,1,253,0,0,4,0,4,128,68,60,1,257,40,4,44,301
05/18/2003,BUF,NY,AEA,CE,Towers with Radar,142,56,87,17,302,0,0,10,0,10,142,56,97,17,312,38,12,50,362
05/19/2003,BUF,NY,AEA,CE,Towers with Radar,139,98,96,5,338,0,4,11,0,15,139,102,107,5,353,8,0,8,361
05/20/2003,BUF,NY,AEA,CE,Towers with Radar,149,115,105,9,378,0,0,9,2,11,149,115,114,11,389,18,4,22,411
05/21/2003,BUF,NY,AEA,CE,Towers with Radar,146,121,124,2,393,0,0,4,0,4,146,121,128,2,397,18,0,18,415
05/22/2003,BUF,NY,AEA,CE,Towers with Radar,156,124,129,6,415,0,0,12,0,12,156,124,141,6,427,26,8,34,461
05/23/2003,BUF,NY,AEA,CE,Towers with Radar,155,110,99,11,375,0,0,29,0,29,155,110,128,11,404,14,1,15,419
05/24/2003,BUF,NY,AEA,CE,Towers with Radar,126,73,29,3,231,0,0,2,0,2,126,73,31,3,233,18,14,32,265
05/25/2003,BUF,NY,AEA,CE,Towers with Radar,109,62,60,2,233,0,0,13,0,13,109,62,73,2,246,46,2,48,294
05/26/2003,BUF,NY,AEA,CE,Towers with Radar,128,58,36,2,224,0,0,10,0,10,128,58,46,2,234,4,0,4,238
05/27/2003,BUF,NY,AEA,CE,Towers with Radar,136,101,93,15,345,1,0,7,0,8,137,101,100,15,353,14,12,26,379
05/28/2003,BUF,NY,AEA,CE,Towers with Radar,155,135,63,21,374,0,0,10,0,10,155,135,73,21,384,36,30,66,450
05/29/2003,BUF,NY,AEA,CE,Towers with Radar,155,119,111,4,389,0,0,24,2,26,155,119,135,6,415,20,0,20,435
05/30/2003,BUF,NY,AEA,CE,Towers with Radar,153,122,78,10,363,0,3,11,2,16,153,125,89,12,379,42,12,54,433
05/31/2003,BUF,NY,AEA,CE,Towers with Radar,131,67,21,1,220,0,0,2,0,2,131,67,23,1,222,24,0,24,246
06/01/2003,BUF,NY,AEA,CE,Towers with Radar,120,71,56,2,249,0,0,10,0,10,120,71,66,2,259,62,0,62,321
06/02/2003,BUF,NY,AEA,CE,Towers with Radar,127,97,86,4,314,0,2,9,0,11,127,99,95,4,325,18,0,18,343
06/03/2003,BUF,NY,AEA,CE,Towers with Radar,146,133,113,4,396,0,0,10,0,10,146,133,123,4,406,24,0,24,430
06/04/2003,BUF,NY,AEA,CE,Towers with Radar,145,130,68,7,350,0,0,19,1,20,145,130,87,8,370,30,0,30,400
06/05/2003,BUF,NY,AEA,CE,Towers with Radar,147,141,81,3,372,0,0,0,0,0,147,141,81,3,372,32,14,46,418
06/06/2003,BUF,NY,AEA,CE,Towers with Radar,156,130,103,6,395,0,0,8,1,9,156,130,111,7,404,22,0,22,426
06/07/2003,BUF,NY,AEA,CE,Towers with Radar,123,86,44,5,258,0,1,3,1,5,123,87,47,6,263,20,4,24,287
06/08/2003,BUF,NY,AEA,CE,Towers with Radar,116,64,65,5,250,0,0,4,0,4,116,64,69,5,254,22,0,22,276
06/09/2003,BUF,NY,AEA,CE,Towers with Radar,138,109,69,0,316,0,1,3,0,4,138,110,72,0,320,36,16,52,372
06/10/2003,BUF,NY,AEA,CE,Towers with Radar,136,143,117,20,416,0,2,13,1,16,136,145,130,21,432,28,12,40,472
06/11/2003,BUF,NY,AEA,CE,Towers with Radar,144,135,61,8,348,0,0,0,0,0,144,135,61,8,348,22,0,22,370
06/12/2003,BUF,NY,AEA,CE,Towers with Radar,137,128,84,3,352,0,0,1,0,1,137,128,85,3,353,4,2,6,359
06/13/2003,BUF,NY,AEA,CE,Towers with Radar,158,122,59,4,343,0,0,0,0,0,158,122,59,4,343,8,2,10,353
06/14/2003,BUF,NY,AEA,CE,Towers with Radar,131,79,47,6,263,0,0,3,0,3,131,79,50,6,266,38,6,44,310
06/15/2003,BUF,NY,AEA,CE,Towers with Radar,124,81,69,7,281,0,0,19,0,19,124,81,88,7,300,48,0,48,348
06/16/2003,BUF,NY,AEA,CE,Towers with Radar,133,100,113,15,361,0,3,26,0,29,133,103,139,15,390,118,8,126,516
06/17/2003,BUF,NY,AEA,CE,Towers with Radar,149,122,156,3,430,1,2,17,0,20,150,124,173,3,450,92,14,106,556
06/18/2003,BUF,NY,AEA,CE,Towers with Radar,149,133,100,4,386,0,0,5,0,5,149,133,105,4,391,28,0,28,419
06/19/2003,BUF,NY,AEA,CE,Towers with Radar,150,132,93,6,381,0,0,2,0,2,150,132,95,6,383,16,0,16,399
06/20/2003,BUF,NY,AEA,CE,Towers with Radar,148,139,92,12,391,0,0,36,2,38,148,139,128,14,429,82,0,82,511
06/21/2003,BUF,NY,AEA,CE,Towers with Radar,127,77,41,2,247,0,0,16,2,18,127,77,57,4,265,42,2,44,309
06/22/2003,BUF,NY,AEA,CE,Towers with Radar,123,81,118,5,327,0,0,54,1,55,123,81,172,6,382,96,4,100,482
06/23/2003,BUF,NY,AEA,CE,Towers with Radar,130,94,117,13,354,0,4,9,0,13,130,98,126,13,367,88,10,98,465
06/24/2003,BUF,NY,AEA,CE,Towers with Radar,146,140,164,6,456,0,3,24,1,28,146,143,188,7,484,66,4,70,554
06/25/2003,BUF,NY,AEA,CE,Towers with Radar,142,129,108,4,383,0,3,17,2,22,142,132,125,6,405,20,0,20,425
06/26/2003,BUF,NY,AEA,CE,Towers with Radar,151,135,103,3,392,0,3,17,1,21,151,138,120,4,413,30,6,36,449
06/27/2003,BUF,NY,AEA,CE,Towers with Radar,148,146,101,11,406,0,1,6,1,8,148,147,107,12,414,26,14,40,454
06/28/2003,BUF,NY,AEA,CE,Towers with Radar,122,76,85,10,293,0,1,12,6,19,122,77,97,16,312,32,8,40,352
06/29/2003,BUF,NY,AEA,CE,Towers with Radar,122,83,54,9,268,0,0,10,1,11,122,83,64,10,279,34,0,34,313
06/30/2003,BUF,NY,AEA,CE,Towers with Radar,139,111,83,6,339,0,2,8,0,10,139,113,91,6,349,42,0,42,391
07/01/2003,BUF,NY,AEA,CE,Towers with Radar,143,142,76,3,364,0,3,15,0,18,143,145,91,3,382,60,6,66,448
07/02/2003,BUF,NY,AEA,CE,Towers with Radar,152,138,86,12,388,0,2,12,1,15,152,140,98,13,403,48,16,64,467
07/03/2003,BUF,NY,AEA,CE,Towers with Radar,157,136,105,3,401,0,1,16,0,17,157,137,121,3,418,38,0,38,456
07/04/2003,BUF,NY,AEA,CE,Towers with Radar,127,83,35,9,254,0,1,20,3,24,127,84,55,12,278,36,0,36,314
07/05/2003,BUF,NY,AEA,CE,Towers with Radar,112,57,46,2,217,0,1,4,1,6,112,58,50,3,223,32,2,34,257
07/06/2003,BUF,NY,AEA,CE,Towers with Radar,118,92,94,8,312,0,0,10,2,12,118,92,104,10,324,96,0,96,420
07/07/2003,BUF,NY,AEA,CE,Towers with Radar,142,116,61,0,319,0,0,2,2,4,142,116,63,2,323,10,2,12,335
07/08/2003,BUF,NY,AEA,CE,Towers with Radar,165,130,115,6,416,0,2,6,0,8,165,132,121,6,424,32,0,32,456
07/09/2003,BUF,NY,AEA,CE,Towers with Radar,147,133,125,8,413,0,0,15,0,15,147,133,140,8,428,14,2,16,444
07/10/2003,BUF,NY,AEA,CE,Towers with Radar,161,126,60,10,357,0,0,11,0,11,161,126,71,10,368,68,6,74,442
07/11/2003,BUF,NY,AEA,CE,Towers with Radar,155,124,47,6,332,0,0,1,0,1,155,124,48,6,333,0,0,0,333
07/12/2003,BUF,NY,AEA,CE,Towers with Radar,140,76,55,5,276,0,0,0,2,2,140,76,55,7,278,30,0,30,308
07/13/2003,BUF,NY,AEA,CE,Towers with Radar,133,84,85,3,305,0,0,14,3,17,133,84,99,6,322,14,14,28,350
07/14/2003,BUF,NY,AEA,CE,Towers with Radar,136,108,110,14,368,0,3,10,0,13,136,111,120,14,381,28,22,50,431
07/15/2003,BUF,NY,AEA,CE,Towers with Radar,156,149,145,11,461,0,0,37,0,37,156,149,182,11,498,48,0,48,546
07/16/2003,BUF,NY,AEA,CE,Towers with Radar,117,109,87,5,318,0,0,13,0,13,117,109,100,5,331,54,8,62,393
07/17/2003,BUF,NY,AEA,CE,Towers with Radar,156,147,128,11,442,0,2,10,1,13,156,149,138,12,455,54,24,78,533
07/18/2003,BUF,NY,AEA,CE,Towers with Radar,158,147,116,3,424,0,1,16,0,17,158,148,132,3,441,48,10,58,499
07/19/2003,BUF,NY,AEA,CE,Towers with Radar,132,81,93,5,311,0,0,21,0,21,132,81,114,5,332,20,2,22,354
07/20/2003,BUF,NY,AEA,CE,Towers with Radar,126,74,84,4,288,0,0,5,3,8,126,74,89,7,296,10,6,16,312
07/21/2003,BUF,NY,AEA,CE,Towers with Radar,144,101,54,0,299,0,0,0,0,0,144,101,54,0,299,4,0,4,303
07/22/2003,BUF,NY,AEA,CE,Towers with Radar,150,141,82,3,376,0,0,4,0,4,150,141,86,3,380,12,0,12,392
07/23/2003,BUF,NY,AEA,CE,Towers with Radar,158,151,58,9,376,0,0,3,0,3,158,151,61,9,379,20,16,36,415
07/24/2003,BUF,NY,AEA,CE,Towers with Radar,158,139,50,6,353,0,0,28,0,28,158,139,78,6,381,20,4,24,405
07/25/2003,BUF,NY,AEA,CE,Towers with Radar,165,133,111,15,424,0,3,34,3,40,165,136,145,18,464,34,0,34,498
07/26/2003,BUF,NY,AEA,CE,Towers with Radar,139,73,67,1,280,0,3,14,0,17,139,76,81,1,297,42,0,42,339
07/27/2003,BUF,NY,AEA,CE,Towers with Radar,122,78,63,6,269,0,0,4,0,4,122,78,67,6,273,16,0,16,289
07/28/2003,BUF,NY,AEA,CE,Towers with Radar,143,105,141,13,402,0,2,18,1,21,143,107,159,14,423,48,10,58,481
07/29/2003,BUF,NY,AEA,CE,Towers with Radar,153,127,112,12,404,0,4,20,1,25,153,131,132,13,429,44,12,56,485
07/30/2003,BUF,NY,AEA,CE,Towers with Radar,152,139,119,6,416,1,3,23,1,28,153,142,142,7,444,46,2,48,492
07/31/2003,BUF,NY,AEA,CE,Towers with Radar,149,136,118,8,411,0,0,16,0,16,149,136,134,8,427,30,20,50,477
08/01/2003,BUF,NY,AEA,CE,Towers with Radar,150,118,67,8,343,0,0,11,0,11,150,118,78,8,354,46,2,48,402
08/02/2003,BUF,NY,AEA,CE,Towers with Radar,137,85,57,6,285,0,0,4,0,4,137,85,61,6,289,0,0,0,289
08/03/2003,BUF,NY,AEA,CE,Towers with Radar,116,84,43,10,253,0,0,1,0,1,116,84,44,10,254,16,10,26,280
08/04/2003,BUF,NY,AEA,CE,Towers with Radar,154,109,99,5,367,0,0,15,0,15,154,109,114,5,382,0,4,4,386
08/05/2003,BUF,NY,AEA,CE,Towers with Radar,159,139,85,3,386,0,0,8,0,8,159,139,93,3,394,18,0,18,412
08/06/2003,BUF,NY,AEA,CE,Towers with Radar,152,132,104,3,391,0,0,1,0,1,152,132,105,3,392,2,2,4,396
08/07/2003,BUF,NY,AEA,CE,Towers with Radar,166,132,126,17,441,0,0,26,2,28,166,132,152,19,469,42,10,52,521
08/08/2003,BUF,NY,AEA,CE,Towers with Radar,162,146,95,5,408,0,0,5,1,6,162,146,100,6,414,42,12,54,468
08/09/2003,BUF,NY,AEA,CE,Towers with Radar,128,87,44,6,265,0,0,1,0,1,128,87,45,6,266,42,0,42,308
08/10/2003,BUF,NY,AEA,CE,Towers with Radar,131,105,53,1,290,0,0,3,0,3,131,105,56,1,293,34,4,38,331
08/11/2003,BUF,NY,AEA,CE,Towers with Radar,133,108,71,8,320,0,0,0,0,0,133,108,71,8,320,0,0,0,320
08/12/2003,BUF,NY,AEA,CE,Towers with Radar,158,134,66,30,388,0,0,0,0,0,158,134,66,30,388,38,26,64,452
08/13/2003,BUF,NY,AEA,CE,Towers with Radar,158,135,136,4,433,0,2,63,0,65,158,137,199,4,498,46,2,48,546
08/14/2003,BUF,NY,AEA,CE,Towers with Radar,164,129,125,10,428,0,0,28,0,28,164,129,153,10,456,26,0,26,482
08/15/2003,BUF,NY,AEA,CE,Towers with Radar,161,134,130,5,430,0,4,13,1,18,161,138,143,6,448,16,0,16,464
08/16/2003,BUF,NY,AEA,CE,Towers with Radar,128,90,48,3,269,0,0,3,0,3,128,90,51,3,272,22,0,22,294
08/17/2003,BUF,NY,AEA,CE,Towers with Radar,124,81,113,10,328,0,0,17,0,17,124,81,130,10,345,44,0,44,389
08/18/2003,BUF,NY,AEA,CE,Towers with Radar,147,129,108,10,394,0,1,20,2,23,147,130,128,12,417,48,0,48,465
08/19/2003,BUF,NY,AEA,CE,Towers with Radar,161,143,123,7,434,0,4,16,0,20,161,147,139,7,454,14,2,16,470
08/20/2003,BUF,NY,AEA,CE,Towers with Radar,170,124,111,8,413,0,2,16,4,22,170,126,127,12,435,25,6,31,466
08/21/2003,BUF,NY,AEA,CE,Towers with Radar,159,145,95,2,401,0,2,6,0,8,159,147,101,2,409,38,12,50,459
08/22/2003,BUF,NY,AEA,CE,Towers with Radar,164,135,77,8,384,0,2,2,1,5,164,137,79,9,389,34,10,44,433
08/23/2003,BUF,NY,AEA,CE,Towers with Radar,129,84,81,7,301,0,1,11,0,12,129,85,92,7,313,36,0,36,349
08/24/2003,BUF,NY,AEA,CE,Towers with Radar,120,81,90,6,297,0,0,21,0,21,120,81,111,6,318,24,0,24,342
08/25/2003,BUF,NY,AEA,CE,Towers with Radar,142,113,101,22,378,0,0,14,1,15,142,113,115,23,393,56,14,70,463
08/26/2003,BUF,NY,AEA,CE,Towers with Radar,155,124,54,5,338,0,0,1,0,1,155,124,55,5,339,34,6,40,379
08/27/2003,BUF,NY,AEA,CE,Towers with Radar,152,143,81,17,393,0,3,10,1,14,152,146,91,18,407,38,4,42,449
08/28/2003,BUF,NY,AEA,CE,Towers with Radar,163,143,78,13,397,0,2,13,2,17,163,145,91,15,414,30,16,46,460
08/29/2003,BUF,NY,AEA,CE,Towers with Radar,159,132,60,1,352,0,1,2,0,3,159,133,62,1,355,30,8,38,393
08/30/2003,BUF,NY,AEA,CE,Towers with Radar,129,83,71,6,289,0,0,11,0,11,129,83,82,6,300,18,0,18,318
08/31/2003,BUF,NY,AEA,CE,Towers with Radar,117,67,68,6,258,0,0,8,1,9,117,67,76,7,267,48,54,102,369
09/01/2003,BUF,NY,AEA,CE,Towers with Radar,129,79,52,5,265,0,0,5,0,5,129,79,57,5,270,20,0,20,290
09/02/2003,BUF,NY,AEA,CE,Towers with Radar,137,131,63,8,339,0,0,21,0,21,137,131,84,8,360,28,8,36,396
09/03/2003,BUF,NY,AEA,CE,Towers with Radar,142,149,90,0,381,0,0,2,0,2,142,149,92,0,383,4,0,4,387
09/04/2003,BUF,NY,AEA,CE,Towers with Radar,149,145,80,9,383,0,0,21,0,21,149,145,101,9,404,24,2,26,430
09/05/2003,BUF,NY,AEA,CE,Towers with Radar,147,142,112,18,419,0,2,10,0,12,147,144,122,18,431,32,4,36,467
09/06/2003,BUF,NY,AEA,CE,Towers with Radar,122,82,68,9,281,0,2,12,1,15,122,84,80,10,296,24,2,26,322
09/07/2003,BUF,NY,AEA,CE,Towers with Radar,122,95,82,10,309,0,0,31,0,31,122,95,113,10,340,24,6,30,370
09/08/2003,BUF,NY,AEA,CE,Towers with Radar,134,121,99,8,362,0,3,14,2,19,134,124,113,10,381,14,2,16,397
09/09/2003,BUF,NY,AEA,CE,Towers with Radar,143,139,104,4,390,0,1,6,3,10,143,140,110,7,400,10,0,10,410
09/10/2003,BUF,NY,AEA,CE,Towers with Radar,146,146,131,6,429,0,3,8,0,11,146,149,139,6,440,24,0,24,464
09/11/2003,BUF,NY,AEA,CE,Towers with Radar,137,128,127,15,407,0,2,8,0,10,137,130,135,15,417,64,0,64,481
09/12/2003,BUF,NY,AEA,CE,Towers with Radar,153,144,114,9,420,0,0,26,0,26,153,144,140,9,446,48,2,50,496
09/13/2003,BUF,NY,AEA,CE,Towers with Radar,115,77,77,9,278,0,4,10,0,14,115,81,87,9,292,34,0,34,326
09/14/2003,BUF,NY,AEA,CE,Towers with Radar,117,71,61,2,251,0,0,9,0,9,117,71,70,2,260,68,0,68,328
09/15/2003,BUF,NY,AEA,CE,Towers with Radar,130,115,44,4,293,0,0,4,0,4,130,115,48,4,297,20,0,20,317
09/16/2003,BUF,NY,AEA,CE,Towers with Radar,146,143,92,14,395,0,2,17,0,19,146,145,109,14,414,12,0,12,426
09/17/2003,BUF,NY,AEA,CE,Towers with Radar,144,135,117,8,404,0,1,32,0,33,144,136,149,8,437,36,0,36,473
09/18/2003,BUF,NY,AEA,CE,Towers with Radar,161,133,87,1,382,0,0,10,0,10,161,133,97,1,392,16,12,28,420
09/19/2003,BUF,NY,AEA,CE,Towers with Radar,145,114,49,1,309,0,0,0,0,0,145,114,49,1,309,4,10,14,323
09/20/2003,BUF,NY,AEA,CE,Towers with Radar,131,91,81,14,317,0,0,26,0,26,131,91,107,14,343,38,6,44,387
09/21/2003,BUF,NY,AEA,CE,Towers with Radar,128,74,97,6,305,0,0,18,1,19,128,74,115,7,324,62,2,64,388
09/22/2003,BUF,NY,AEA,CE,Towers with Radar,136,114,62,3,315,0,0,4,0,4,136,114,66,3,319,22,0,22,341
09/23/2003,BUF,NY,AEA,CE,Towers with Radar,147,149,66,16,378,0,0,6,0,6,147,149,72,16,384,20,0,20,404
09/24/2003,BUF,NY,AEA,CE,Towers with Radar,139,155,106,18,418,0,1,13,0,14,139,156,119,18,432,24,22,46,478
09/25/2003,BUF,NY,AEA,CE,Towers with Radar,157,151,91,3,402,0,0,10,0,10,157,151,101,3,412,18,0,18,430
09/26/2003,BUF,NY,AEA,CE,Towers with Radar,149,136,115,2,402,0,0,11,0,11,149,136,126,2,413,52,6,58,471
09/27/2003,BUF,NY,AEA,CE,Towers with Radar,128,82,24,1,235,0,0,0,0,0,128,82,24,1,235,12,0,12,247
09/28/2003,BUF,NY,AEA,CE,Towers with Radar,123,87,109,4,323,0,0,4,0,4,123,87,113,4,327,40,0,40,367
09/29/2003,BUF,NY,AEA,CE,Towers with Radar,134,120,67,9,330,0,0,2,1,3,134,120,69,10,333,10,2,12,345
09/30/2003,BUF,NY,AEA,CE,Towers with Radar,144,138,57,5,344,0,0,7,0,7,144,138,64,5,351,18,4,22,373
10/01/2003,BUF,NY,AEA,CE,Towers with Radar,141,139,91,4,375,0,0,0,1,1,141,139,91,5,376,14,6,20,396
10/02/2003,BUF,NY,AEA,CE,Towers with Radar,147,143,95,13,398,0,0,11,0,11,147,143,106,13,409,0,0,0,409
10/03/2003,BUF,NY,AEA,CE,Towers with Radar,144,135,81,8,368,0,2,9,0,11,144,137,90,8,379,32,6,38,417
10/04/2003,BUF,NY,AEA,CE,Towers with Radar,120,92,36,4,252,0,0,0,0,0,120,92,36,4,252,42,8,50,302
10/05/2003,BUF,NY,AEA,CE,Towers with Radar,128,77,86,9,300,0,0,8,0,8,128,77,94,9,308,36,4,40,348
10/06/2003,BUF,NY,AEA,CE,Towers with Radar,134,124,118,9,385,0,3,22,0,25,134,127,140,9,410,40,0,40,450
10/07/2003,BUF,NY,AEA,CE,Towers with Radar,144,149,96,14,403,0,3,11,0,14,144,152,107,14,417,36,10,46,463
10/08/2003,BUF,NY,AEA,CE,Towers with Radar,142,145,69,5,361,0,3,20,2,25,142,148,89,7,386,10,2,12,398
10/09/2003,BUF,NY,AEA,CE,Towers with Radar,147,155,98,2,402,0,4,11,0,15,147,159,109,2,417,34,6,40,457
10/10/2003,BUF,NY,AEA,CE,Towers with Radar,155,138,111,9,413,0,1,11,0,12,155,139,122,9,425,48,12,60,485
10/11/2003,BUF,NY,AEA,CE,Towers with Radar,134,89,75,15,313,0,2,9,1,12,134,91,84,16,325,24,0,24,349
10/12/2003,BUF,NY,AEA,CE,Towers with Radar,128,65,51,2,246,0,0,2,0,2,128,65,53,2,248,52,2,54,302
10/13/2003,BUF,NY,AEA,CE,Towers with Radar,139,97,109,5,350,0,2,21,0,23,139,99,130,5,373,30,0,30,403
10/14/2003,BUF,NY,AEA,CE,Towers with Radar,136,123,65,4,328,0,0,8,0,8,136,123,73,4,336,14,6,20,356
10/15/2003,BUF,NY,AEA,CE,Towers with Radar,154,140,44,1,339,0,1,0,0,1,154,141,44,1,340,16,6,22,362
10/16/2003,BUF,NY,AEA,CE,Towers with Radar,149,140,92,8,389,0,1,34,0,35,149,141,126,8,424,64,2,66,490
10/17/2003,BUF,NY,AEA,CE,Towers with Radar,148,134,90,17,389,0,1,8,0,9,148,135,98,17,398,18,18,36,434
10/18/2003,BUF,NY,AEA,CE,Towers with Radar,128,81,63,4,276,0,0,10,0,10,128,81,73,4,286,30,4,34,320
10/19/2003,BUF,NY,AEA,CE,Towers with Radar,130,85,69,4,288,0,0,1,0,1,130,85,70,4,289,32,0,32,321
10/20/2003,BUF,NY,AEA,CE,Towers with Radar,130,111,104,1,346,0,3,29,1,33,130,114,133,2,379,22,2,24,403
10/21/2003,BUF,NY,AEA,CE,Towers with Radar,144,150,67,6,367,0,1,0,0,1,144,151,67,6,368,2,0,2,370
10/22/2003,BUF,NY,AEA,CE,Towers with Radar,145,134,66,7,352,0,0,2,0,2,145,134,68,7,354,4,2,6,360
10/23/2003,BUF,NY,AEA,CE,Towers with Radar,145,145,91,5,386,0,0,6,0,6,145,145,97,5,392,12,2,14,406
10/24/2003,BUF,NY,AEA,CE,Towers with Radar,151,131,107,7,396,0,1,20,1,22,151,132,127,8,418,30,0,30,448
10/25/2003,BUF,NY,AEA,CE,Towers with Radar,124,80,52,5,261,0,2,3,2,7,124,82,55,7,268,24,16,40,308
10/26/2003,BUF,NY,AEA,CE,Towers with Radar,119,77,34,4,234,0,0,0,0,0,119,77,34,4,234,16,0,16,250
10/27/2003,BUF,NY,AEA,CE,Towers with Radar,137,128,61,10,336,0,0,0,0,0,137,128,61,10,336,20,0,20,356
10/28/2003,BUF,NY,AEA,CE,Towers with Radar,142,150,93,6,391,0,1,7,0,8,142,151,100,6,399,26,0,26,425
10/29/2003,BUF,NY,AEA,CE,Towers with Radar,141,153,71,7,372,0,0,5,0,5,141,153,76,7,377,14,8,22,399
10/30/2003,BUF,NY,AEA,CE,Towers with Radar,143,148,127,3,421,0,3,9,0,12,143,151,136,3,433,24,4,28,461
10/31/2003,BUF,NY,AEA,CE,Towers with Radar,143,151,99,5,398,0,5,31,0,36,143,156,130,5,434,14,0,14,448
11/01/2003,BUF,NY,AEA,CE,Towers with Radar,113,97,23,2,235,0,1,3,0,4,113,98,26,2,239,30,0,30,269
11/02/2003,BUF,NY,AEA,CE,Towers with Radar,110,94,44,3,251,0,0,0,0,0,110,94,44,3,251,6,4,10,261
11/03/2003,BUF,NY,AEA,CE,Towers with Radar,120,122,40,0,282,0,0,0,0,0,120,122,40,0,282,6,0,6,288
11/04/2003,BUF,NY,AEA,CE,Towers with Radar,143,150,70,26,389,0,0,0,0,0,143,150,70,26,389,14,6,20,409
11/05/2003,BUF,NY,AEA,CE,Towers with Radar,146,156,80,4,386,0,0,0,0,0,146,156,80,4,386,42,8,50,436
11/06/2003,BUF,NY,AEA,CE,Towers with Radar,150,161,82,9,402,0,0,7,1,8,150,161,89,10,410,32,2,34,444
11/07/2003,BUF,NY,AEA,CE,Towers with Radar,142,155,75,6,378,0,1,11,2,14,142,156,86,8,392,8,4,12,404
11/08/2003,BUF,NY,AEA,CE,Towers with Radar,124,102,68,12,306,0,1,11,2,14,124,103,79,14,320,38,10,48,368
11/09/2003,BUF,NY,AEA,CE,Towers with Radar,120,86,125,9,340,0,0,18,4,22,120,86,143,13,362,48,0,48,410
11/10/2003,BUF,NY,AEA,CE,Towers with Radar,137,107,119,5,368,0,4,18,0,22,137,111,137,5,390,30,0,30,420
11/11/2003,BUF,NY,AEA,CE,Towers with Radar,146,133,84,2,365,0,4,1,1,6,146,137,85,3,371,18,4,22,393
11/12/2003,BUF,NY,AEA,CE,Towers with Radar,141,130,91,4,366,0,0,6,0,6,141,130,97,4,372,28,6,34,406
11/13/2003,BUF,NY,AEA,CE,Towers with Radar,140,117,19,0,276,0,0,0,0,0,140,117,19,0,276,14,0,14,290
11/14/2003,BUF,NY,AEA,CE,Towers with Radar,141,149,57,2,349,0,0,5,0,5,141,149,62,2,354,48,10,58,412
11/15/2003,BUF,NY,AEA,CE,Towers with Radar,115,117,57,3,292,0,0,4,1,5,115,117,61,4,297,42,0,42,339
11/16/2003,BUF,NY,AEA,CE,Towers with Radar,116,80,45,5,246,0,0,0,0,0,116,80,45,5,246,28,4,32,278
11/17/2003,BUF,NY,AEA,CE,Towers with Radar,121,123,32,2,278,0,0,0,0,0,121,123,32,2,278,0,0,0,278
11/18/2003,BUF,NY,AEA,CE,Towers with Radar,142,162,94,2,400,0,0,23,0,23,142,162,117,2,423,44,8,52,475
11/19/2003,BUF,NY,AEA,CE,Towers with Radar,138,140,47,3,328,0,0,18,0,18,138,140,65,3,346,8,0,8,354
11/20/2003,BUF,NY,AEA,CE,Towers with Radar,143,170,88,5,406,0,0,12,1,13,143,170,100,6,419,6,0,6,425
11/21/2003,BUF,NY,AEA,CE,Towers with Radar,137,138,93,3,371,0,2,29,2,33,137,140,122,5,404,12,0,12,416
11/22/2003,BUF,NY,AEA,CE,Towers with Radar,119,93,73,5,290,0,2,8,3,13,119,95,81,8,303,28,4,32,335
11/23/2003,BUF,NY,AEA,CE,Towers with Radar,113,87,102,5,307,0,0,19,1,20,113,87,121,6,327,48,2,50,377
11/24/2003,BUF,NY,AEA,CE,Towers with Radar,121,123,37,0,281,0,0,3,0,3,121,123,40,0,284,0,0,0,284
11/25/2003,BUF,NY,AEA,CE,Towers with Radar,143,157,74,5,379,0,1,17,3,21,143,158,91,8,400,36,4,40,440
11/26/2003,BUF,NY,AEA,CE,Towers with Radar,155,158,98,9,420,0,2,22,3,27,155,160,120,12,447,20,0,20,467
11/27/2003,BUF,NY,AEA,CE,Towers with Radar,115,108,16,3,242,0,1,1,0,2,115,109,17,3,244,0,0,0,244
11/28/2003,BUF,NY,AEA,CE,Towers with Radar,106,91,11,0,208,0,0,0,0,0,106,91,11,0,208,14,6,20,228
11/29/2003,BUF,NY,AEA,CE,Towers with Radar,137,91,28,3,259,0,0,2,0,2,137,91,30,3,261,24,10,34,295
11/30/2003,BUF,NY,AEA,CE,Towers with Radar,127,114,39,2,282,0,0,1,1,2,127,114,40,3,284,30,6,36,320
12/01/2003,BUF,NY,AEA,CE,Towers with Radar,135,115,36,3,289,0,0,2,0,2,135,115,38,3,291,36,10,46,337
12/02/2003,BUF,NY,AEA,CE,Towers with Radar,150,170,41,2,363,0,0,1,0,1,150,170,42,2,364,6,0,6,370
12/03/2003,BUF,NY,AEA,CE,Towers with Radar,144,158,102,16,420,0,0,6,1,7,144,158,108,17,427,37,2,39,466
12/04/2003,BUF,NY,AEA,CE,Towers with Radar,142,141,65,5,353,0,1,13,1,15,142,142,78,6,368,42,14,56,424
12/05/2003,BUF,NY,AEA,CE,Towers with Radar,134,154,97,1,386,0,0,3,0,3,134,154,100,1,389,40,0,40,429
12/06/2003,BUF,NY,AEA,CE,Towers with Radar,115,81,35,4,235,0,0,2,2,4,115,81,37,6,239,30,4,34,273
12/07/2003,BUF,NY,AEA,CE,Towers with Radar,99,102,67,2,270,0,0,10,1,11,99,102,77,3,281,12,4,16,297
12/08/2003,BUF,NY,AEA,CE,Towers with Radar,118,118,79,6,321,0,0,32,1,33,118,118,111,7,354,8,0,8,362
12/09/2003,BUF,NY,AEA,CE,Towers with Radar,129,165,110,4,408,0,0,6,0,6,129,165,116,4,414,22,4,26,440
12/10/2003,BUF,NY,AEA,CE,Towers with Radar,138,151,69,4,362,0,0,2,0,2,138,151,71,4,364,22,0,22,386
12/11/2003,BUF,NY,AEA,CE,Towers with Radar,139,148,52,6,345,0,0,1,0,1,139,148,53,6,346,8,2,10,356
12/12/2003,BUF,NY,AEA,CE,Towers with Radar,140,156,56,5,357,0,0,4,0,4,140,156,60,5,361,24,0,24,385
12/13/2003,BUF,NY,AEA,CE,Towers with Radar,121,90,68,1,280,0,0,17,0,17,121,90,85,1,297,86,8,94,391
12/14/2003,BUF,NY,AEA,CE,Towers with Radar,100,62,30,3,195,0,0,0,0,0,100,62,30,3,195,0,0,0,195
12/15/2003,BUF,NY,AEA,CE,Towers with Radar,133,109,46,10,298,0,0,0,2,2,133,109,46,12,300,18,4,22,322
12/16/2003,BUF,NY,AEA,CE,Towers with Radar,141,158,106,4,409,0,0,5,0,5,141,158,111,4,414,28,0,28,442
12/17/2003,BUF,NY,AEA,CE,Towers with Radar,141,159,35,0,335,0,0,0,0,0,141,159,35,0,335,8,6,14,349
12/18/2003,BUF,NY,AEA,CE,Towers with Radar,142,163,43,4,352,0,0,8,0,8,142,163,51,4,360,26,4,30,390
12/19/2003,BUF,NY,AEA,CE,Towers with Radar,145,161,81,6,393,0,0,2,0,2,145,161,83,6,395,64,8,72,467
12/20/2003,BUF,NY,AEA,CE,Towers with Radar,142,95,33,5,275,0,0,2,1,3,142,95,35,6,278,42,8,50,328
12/21/2003,BUF,NY,AEA,CE,Towers with Radar,114,87,49,2,252,0,0,2,1,3,114,87,51,3,255,20,2,22,277
12/22/2003,BUF,NY,AEA,CE,Towers with Radar,129,119,49,2,299,0,0,4,1,5,129,119,53,3,304,26,4,30,334
12/23/2003,BUF,NY,AEA,CE,Towers with Radar,139,160,59,2,360,0,0,0,0,0,139,160,59,2,360,6,0,6,366
12/24/2003,BUF,NY,AEA,CE,Towers with Radar,128,135,11,1,275,0,0,0,0,0,128,135,11,1,275,5,6,11,286
12/25/2003,BUF,NY,AEA,CE,Towers with Radar,101,83,5,1,190,0,0,0,0,0,101,83,5,1,190,8,0,8,198
12/26/2003,BUF,NY,AEA,CE,Towers with Radar,122,98,59,1,280,0,1,12,0,13,122,99,71,1,293,30,0,30,323
12/27/2003,BUF,NY,AEA,CE,Towers with Radar,126,93,109,2,330,0,1,3,0,4,126,94,112,2,334,46,8,54,388
12/28/2003,BUF,NY,AEA,CE,Towers with Radar,120,86,82,4,292,0,0,7,0,7,120,86,89,4,299,34,2,36,335
12/29/2003,BUF,NY,AEA,CE,Towers with Radar,128,111,50,7,296,0,1,30,0,31,128,112,80,7,327,16,0,16,343
12/30/2003,BUF,NY,AEA,CE,Towers with Radar,142,140,15,5,302,0,0,0,0,0,142,140,15,5,302,42,12,54,356
12/31/2003,BUF,NY,AEA,CE,Towers with Radar,128,131,19,4,282,0,0,5,1,6,128,131,24,5,288,8,0,8,296
01/01/2004,BUF,NY,AEA,CE,Towers with Radar,107,82,35,2,226,0,1,9,1,11,107,83,44,3,237,34,4,38,275
01/02/2004,BUF,NY,AEA,CE,Towers with Radar,109,94,17,0,220,0,0,0,0,0,109,94,17,0,220,36,1,37,257
01/03/2004,BUF,NY,AEA,CE,Towers with Radar,128,89,37,5,259,0,0,0,0,0,128,89,37,5,259,30,6,36,295
01/04/2004,BUF,NY,AEA,CE,Towers with Radar,99,81,37,3,220,0,0,3,0,3,99,81,40,3,223,0,0,0,223
01/05/2004,BUF,NY,AEA,CE,Towers with Radar,127,118,30,4,279,0,0,0,0,0,127,118,30,4,279,10,0,10,289
01/06/2004,BUF,NY,AEA,CE,Towers with Radar,138,157,38,2,335,0,0,19,0,19,138,157,57,2,354,26,10,36,390
01/07/2004,BUF,NY,AEA,CE,Towers with Radar,144,154,52,7,357,0,0,0,0,0,144,154,52,7,357,36,12,48,405
01/08/2004,BUF,NY,AEA,CE,Towers with Radar,136,151,47,12,346,0,0,1,1,2,136,151,48,13,348,42,18,60,408
01/09/2004,BUF,NY,AEA,CE,Towers with Radar,137,136,46,5,324,0,2,1,1,4,137,138,47,6,328,32,4,36,364
01/10/2004,BUF,NY,AEA,CE,Towers with Radar,130,95,56,0,281,0,2,5,0,7,130,97,61,0,288,32,0,32,320
01/11/2004,BUF,NY,AEA,CE,Towers with Radar,108,93,19,3,223,0,0,3,0,3,108,93,22,3,226,16,0,16,242
01/12/2004,BUF,NY,AEA,CE,Towers with Radar,114,121,34,3,272,1,0,0,0,1,115,121,34,3,273,0,0,0,273
01/13/2004,BUF,NY,AEA,CE,Towers with Radar,137,143,35,1,316,0,0,1,0,1,137,143,36,1,317,26,12,38,355
01/14/2004,BUF,NY,AEA,CE,Towers with Radar,138,144,64,4,350,0,0,0,0,0,138,144,64,4,350,16,0,16,366
01/15/2004,BUF,NY,AEA,CE,Towers with Radar,133,146,71,3,353,0,0,0,0,0,133,146,71,3,353,12,0,12,365
01/16/2004,BUF,NY,AEA,CE,Towers with Radar,135,144,22,3,304,0,1,0,0,1,135,145,22,3,305,0,0,0,305
01/17/2004,BUF,NY,AEA,CE,Towers with Radar,116,99,31,6,252,0,1,4,1,6,116,100,35,7,258,34,0,34,292
01/18/2004,BUF,NY,AEA,CE,Towers with Radar,118,95,27,0,240,0,0,2,0,2,118,95,29,0,242,34,0,34,276
01/19/2004,BUF,NY,AEA,CE,Towers with Radar,116,109,33,4,262,0,0,0,0,0,116,109,33,4,262,10,0,10,272
01/20/2004,BUF,NY,AEA,CE,Towers with Radar,135,128,47,1,311,0,0,0,0,0,135,128,47,1,311,22,0,22,333
01/21/2004,BUF,NY,AEA,CE,Towers with Radar,140,154,85,24,403,0,0,1,0,1,140,154,86,24,404,30,62,92,496
01/22/2004,BUF,NY,AEA,CE,Towers with Radar,160,166,47,4,377,0,0,1,0,1,160,166,48,4,378,0,0,0,378
01/23/2004,BUF,NY,AEA,CE,Towers with Radar,136,159,67,7,369,0,0,1,0,1,136,159,68,7,370,76,0,76,446
01/24/2004,BUF,NY,AEA,CE,Towers with Radar,119,98,16,4,237,1,0,9,0,10,120,98,25,4,247,34,12,46,293
01/25/2004,BUF,NY,AEA,CE,Towers with Radar,98,89,50,4,241,0,0,7,0,7,98,89,57,4,248,38,2,40,288
01/26/2004,BUF,NY,AEA,CE,Towers with Radar,113,111,39,3,266,0,0,2,0,2,113,111,41,3,268,28,2,30,298
01/27/2004,BUF,NY,AEA,CE,Towers with Radar,118,124,16,0,258,0,0,0,0,0,118,124,16,0,258,2,0,2,260
01/28/2004,BUF,NY,AEA,CE,Towers with Radar,131,137,44,0,312,0,0,1,0,1,131,137,45,0,313,0,6,6,319
01/29/2004,BUF,NY,AEA,CE,Towers with Radar,140,146,64,4,354,0,0,24,0,24,140,146,88,4,378,28,4,32,410
01/30/2004,BUF,NY,AEA,CE,Towers with Radar,134,131,41,2,308,0,0,0,0,0,134,131,41,2,308,0,0,0,308
01/31/2004,BUF,NY,AEA,CE,Towers with Radar,116,100,13,0,229,0,0,0,0,0,116,100,13,0,229,10,0,10,239
02/01/2004,BUF,NY,AEA,CE,Towers with Radar,109,87,61,0,257,0,0,2,0,2,109,87,63,0,259,22,0,22,281
02/02/2004,BUF,NY,AEA,CE,Towers with Radar,111,135,103,10,359,0,0,4,0,4,111,135,107,10,363,68,10,78,441
02/03/2004,BUF,NY,AEA,CE,Towers with Radar,133,132,19,18,302,0,0,0,0,0,133,132,19,18,302,2,24,26,328
02/04/2004,BUF,NY,AEA,CE,Towers with Radar,136,170,63,12,381,0,0,0,0,0,136,170,63,12,381,54,38,92,473
02/05/2004,BUF,NY,AEA,CE,Towers with Radar,134,156,103,9,402,0,0,3,3,6,134,156,106,12,408,5,0,5,413
02/06/2004,BUF,NY,AEA,CE,Towers with Radar,131,129,20,1,281,0,0,1,0,1,131,129,21,1,282,6,0,6,288
02/07/2004,BUF,NY,AEA,CE,Towers with Radar,114,100,26,4,244,0,0,1,0,1,114,100,27,4,245,6,0,6,251
02/08/2004,BUF,NY,AEA,CE,Towers with Radar,108,87,44,6,245,0,0,7,1,8,108,87,51,7,253,50,4,54,307
02/09/2004,BUF,NY,AEA,CE,Towers with Radar,120,124,71,6,321,0,0,6,0,6,120,124,77,6,327,18,2,20,347
02/10/2004,BUF,NY,AEA,CE,Towers with Radar,132,153,56,4,345,0,0,0,0,0,132,153,56,4,345,56,8,64,409
02/11/2004,BUF,NY,AEA,CE,Towers with Radar,136,171,78,1,386,0,0,1,0,1,136,171,79,1,387,10,10,20,407
02/12/2004,BUF,NY,AEA,CE,Towers with Radar,133,151,42,18,344,0,0,0,0,0,133,151,42,18,344,0,14,14,358
02/13/2004,BUF,NY,AEA,CE,Towers with Radar,135,157,16,2,310,0,0,4,1,5,135,157,20,3,315,0,14,14,329
02/14/2004,BUF,NY,AEA,CE,Towers with Radar,126,95,18,1,240,0,0,0,0,0,126,95,18,1,240,6,0,6,246
02/15/2004,BUF,NY,AEA,CE,Towers with Radar,113,83,44,10,250,0,0,5,2,7,113,83,49,12,257,54,0,54,311
02/16/2004,BUF,NY,AEA,CE,Towers with Radar,129,119,93,9,350,0,0,15,0,15,129,119,108,9,365,24,0,24,389
02/17/2004,BUF,NY,AEA,CE,Towers with Radar,139,141,73,3,356,0,1,4,0,5,139,142,77,3,361,20,6,26,387
02/18/2004,BUF,NY,AEA,CE,Towers with Radar,135,148,94,10,387,0,1,8,1,10,135,149,102,11,397,22,12,34,431
02/19/2004,BUF,NY,AEA,CE,Towers with Radar,138,155,59,6,358,0,0,23,0,23,138,155,82,6,381,12,0,12,393
02/20/2004,BUF,NY,AEA,CE,Towers with Radar,138,142,42,9,331,0,0,1,0,1,138,142,43,9,332,48,4,52,384
02/21/2004,BUF,NY,AEA,CE,Towers with Radar,124,99,10,0,233,0,0,0,0,0,124,99,10,0,233,20,0,20,253
02/22/2004,BUF,NY,AEA,CE,Towers with Radar,119,91,53,10,273,0,0,6,0,6,119,91,59,10,279,54,10,64,343
02/23/2004,BUF,NY,AEA,CE,Towers with Radar,117,125,72,12,326,0,0,9,1,10,117,125,81,13,336,14,0,14,350
02/24/2004,BUF,NY,AEA,CE,Towers with Radar,139,154,55,5,353,0,0,19,1,20,139,154,74,6,373,16,0,16,389
02/25/2004,BUF,NY,AEA,CE,Towers with Radar,142,142,118,10,412,0,2,11,1,14,142,144,129,11,426,20,0,20,446
02/26/2004,BUF,NY,AEA,CE,Towers with Radar,132,161,103,10,406,0,1,11,1,13,132,162,114,11,419,30,5,35,454
02/27/2004,BUF,NY,AEA,CE,Towers with Radar,135,140,99,10,384,0,2,10,4,16,135,142,109,14,400,42,10,52,452
02/28/2004,BUF,NY,AEA,CE,Towers with Radar,125,97,93,1,316,0,3,16,0,19,125,100,109,1,335,70,8,78,413
02/29/2004,BUF,NY,AEA,CE,Towers with Radar,111,87,67,1,266,0,1,14,0,15,111,88,81,1,281,56,0,56,337
03/01/2004,BUF,NY,AEA,CE,Towers with Radar,120,122,71,0,313,0,1,31,0,32,120,123,102,0,345,26,12,38,383
03/02/2004,BUF,NY,AEA,CE,Towers with Radar,139,158,57,10,364,0,0,5,0,5,139,158,62,10,369,8,4,12,381
03/03/2004,BUF,NY,AEA,CE,Towers with Radar,141,160,53,7,361,0,0,2,0,2,141,160,55,7,363,0,1,1,364
03/04/2004,BUF,NY,AEA,CE,Towers with Radar,133,169,57,5,364,0,0,4,0,4,133,169,61,5,368,34,0,34,402
03/05/2004,BUF,NY,AEA,CE,Towers with Radar,145,144,26,18,333,0,0,2,0,2,145,144,28,18,335,38,6,44,379
03/06/2004,BUF,NY,AEA,CE,Towers with Radar,125,111,30,2,268,0,0,4,0,4,125,111,34,2,272,30,2,32,304
03/07/2004,BUF,NY,AEA,CE,Towers with Radar,139,98,35,2,274,0,0,2,0,2,139,98,37,2,276,20,0,20,296
03/08/2004,BUF,NY,AEA,CE,Towers with Radar,127,128,48,0,303,0,0,2,0,2,127,128,50,0,305,26,10,36,341
03/09/2004,BUF,NY,AEA,CE,Towers with Radar,142,162,58,3,365,0,0,2,0,2,142,162,60,3,367,26,4,30,397
03/10/2004,BUF,NY,AEA,CE,Towers with Radar,145,163,95,5,408,0,0,14,3,17,145,163,109,8,425,52,8,60,485
03/11/2004,BUF,NY,AEA,CE,Towers with Radar,150,155,69,7,381,0,0,18,1,19,150,155,87,8,400,50,8,58,458
03/12/2004,BUF,NY,AEA,CE,Towers with Radar,141,169,36,0,346,0,0,0,0,0,141,169,36,0,346,16,0,16,362
03/13/2004,BUF,NY,AEA,CE,Towers with Radar,105,107,59,4,275,0,0,13,0,13,105,107,72,4,288,36,0,36,324
03/14/2004,BUF,NY,AEA,CE,Towers with Radar,111,87,53,0,251,0,0,4,0,4,111,87,57,0,255,36,0,36,291
03/15/2004,BUF,NY,AEA,CE,Towers with Radar,127,139,58,7,331,0,0,3,0,3,127,139,61,7,334,8,0,8,342
03/16/2004,BUF,NY,AEA,CE,Towers with Radar,131,137,23,2,293,0,0,0,0,0,131,137,23,2,293,0,0,0,293
03/17/2004,BUF,NY,AEA,CE,Towers with Radar,139,159,47,4,349,0,0,8,0,8,139,159,55,4,357,16,0,16,373
03/18/2004,BUF,NY,AEA,CE,Towers with Radar,146,169,76,2,393,0,0,1,0,1,146,169,77,2,394,30,2,32,426
03/19/2004,BUF,NY,AEA,CE,Towers with Radar,142,163,72,5,382,0,0,34,2,36,142,163,106,7,418,52,8,60,478
03/20/2004,BUF,NY,AEA,CE,Towers with Radar,120,103,34,8,265,0,0,3,0,3,120,103,37,8,268,12,0,12,280
03/21/2004,BUF,NY,AEA,CE,Towers with Radar,123,108,41,9,281,0,0,0,0,0,123,108,41,9,281,40,0,40,321
03/22/2004,BUF,NY,AEA,CE,Towers with Radar,133,141,105,4,383,0,0,11,0,11,133,141,116,4,394,58,4,62,456
03/23/2004,BUF,NY,AEA,CE,Towers with Radar,143,161,62,2,368,0,1,2,0,3,143,162,64,2,371,14,0,14,385
03/24/2004,BUF,NY,AEA,CE,Towers with Radar,142,170,72,5,389,0,0,27,0,27,142,170,99,5,416,6,0,6,422
03/25/2004,BUF,NY,AEA,CE,Towers with Radar,139,153,100,1,393,0,0,26,0,26,139,153,126,1,419,48,10,58,477
03/26/2004,BUF,NY,AEA,CE,Towers with Radar,134,149,58,7,348,0,0,1,0,1,134,149,59,7,349,14,0,14,363
03/27/2004,BUF,NY,AEA,CE,Towers with Radar,114,111,13,1,239,0,0,0,0,0,114,111,13,1,239,2,0,2,241
03/28/2004,BUF,NY,AEA,CE,Towers with Radar,111,94,123,4,332,0,0,15,0,15,111,94,138,4,347,56,2,58,405
03/29/2004,BUF,NY,AEA,CE,Towers with Radar,126,142,131,12,411,1,2,19,2,24,127,144,150,14,435,40,4,44,479
03/30/2004,BUF,NY,AEA,CE,Towers with Radar,134,164,55,6,359,0,1,1,0,2,134,165,56,6,361,44,10,54,415
03/31/2004,BUF,NY,AEA,CE,Towers with Radar,132,157,58,6,353,0,1,18,0,19,132,158,76,6,372,8,6,14,386
04/01/2004,BUF,NY,AEA,CE,Towers with Radar,140,159,40,2,341,0,0,0,0,0,140,159,40,2,341,0,0,0,341
04/02/2004,BUF,NY,AEA,CE,Towers with Radar,141,170,46,3,360,0,0,0,0,0,141,170,46,3,360,0,0,0,360
04/03/2004,BUF,NY,AEA,CE,Towers with Radar,118,103,17,0,238,0,0,0,0,0,118,103,17,0,238,14,0,14,252
04/04/2004,BUF,NY,AEA,CE,Towers with Radar,121,93,18,2,234,0,0,0,0,0,121,93,18,2,234,10,0,10,244
04/05/2004,BUF,NY,AEA,CE,Towers with Radar,134,138,72,3,347,0,0,4,1,5,134,138,76,4,352,34,0,34,386
04/06/2004,BUF,NY,AEA,CE,Towers with Radar,143,152,108,2,405,0,0,13,0,13,143,152,121,2,418,22,0,22,440
04/07/2004,BUF,NY,AEA,CE,Towers with Radar,137,162,76,5,380,0,0,1,1,2,137,162,77,6,382,30,4,34,416
04/08/2004,BUF,NY,AEA,CE,Towers with Radar,140,145,98,2,385,0,0,4,0,4,140,145,102,2,389,46,2,48,437
04/09/2004,BUF,NY,AEA,CE,Towers with Radar,137,154,70,6,367,0,1,5,1,7,137,155,75,7,374,33,8,41,415
04/10/2004,BUF,NY,AEA,CE,Towers with Radar,122,104,60,5,291,0,1,30,0,31,122,105,90,5,322,24,0,24,346
04/11/2004,BUF,NY,AEA,CE,Towers with Radar,112,89,37,3,241,0,0,14,0,14,112,89,51,3,255,12,0,12,267
04/12/2004,BUF,NY,AEA,CE,Towers with Radar,126,125,62,4,317,0,0,24,0,24,126,125,86,4,341,36,0,36,377
04/13/2004,BUF,NY,AEA,CE,Towers with Radar,133,159,29,1,322,0,0,0,0,0,133,159,29,1,322,0,0,0,322
04/14/2004,BUF,NY,AEA,CE,Towers with Radar,152,154,76,1,383,0,0,9,1,10,152,154,85,2,393,10,0,10,403
04/15/2004,BUF,NY,AEA,CE,Towers with Radar,140,159,55,7,361,0,2,6,1,9,140,161,61,8,370,45,0,45,415
04/16/2004,BUF,NY,AEA,CE,Towers with Radar,142,153,97,8,400,0,2,12,0,14,142,155,109,8,414,48,2,50,464
04/17/2004,BUF,NY,AEA,CE,Towers with Radar,126,106,49,9,290,0,0,8,0,8,126,106,57,9,298,56,18,74,372
04/18/2004,BUF,NY,AEA,CE,Towers with Radar,136,94,60,5,295,0,0,2,0,2,136,94,62,5,297,72,18,90,387
04/19/2004,BUF,NY,AEA,CE,Towers with Radar,130,137,43,4,314,0,0,1,0,1,130,137,44,4,315,18,0,18,333
04/20/2004,BUF,NY,AEA,CE,Towers with Radar,140,171,85,4,400,0,2,9,0,11,140,173,94,4,411,24,0,24,435
04/21/2004,BUF,NY,AEA,CE,Towers with Radar,135,159,71,6,371,0,0,22,0,22,135,159,93,6,393,66,10,76,469
04/22/2004,BUF,NY,AEA,CE,Towers with Radar,142,162,85,5,394,0,0,3,0,3,142,162,88,5,397,16,0,16,413
04/23/2004,BUF,NY,AEA,CE,Towers with Radar,132,155,87,9,383,0,0,35,0,35,132,155,122,9,418,42,8,50,468
04/24/2004,BUF,NY,AEA,CE,Towers with Radar,116,108,70,5,299,1,0,16,4,21,117,108,86,9,320,32,10,42,362
04/25/2004,BUF,NY,AEA,CE,Towers with Radar,116,92,27,1,236,0,0,2,0,2,116,92,29,1,238,22,0,22,260
04/26/2004,BUF,NY,AEA,CE,Towers with Radar,125,138,96,1,360,0,0,4,0,4,125,138,100,1,364,18,2,20,384
04/27/2004,BUF,NY,AEA,CE,Towers with Radar,146,160,94,1,401,0,0,1,0,1,146,160,95,1,402,42,8,50,452
04/28/2004,BUF,NY,AEA,CE,Towers with Radar,140,152,109,7,408,0,0,11,1,12,140,152,120,8,420,54,8,62,482
04/29/2004,BUF,NY,AEA,CE,Towers with Radar,144,161,49,10,364,0,1,25,0,26,144,162,74,10,390,20,0,20,410
04/30/2004,BUF,NY,AEA,CE,Towers with Radar,137,151,77,7,372,0,1,9,2,12,137,152,86,9,384,36,0,36,420
05/01/2004,BUF,NY,AEA,CE,Towers with Radar,117,100,27,5,249,0,0,2,0,2,117,100,29,5,251,38,0,38,289
05/02/2004,BUF,NY,AEA,CE,Towers with Radar,107,97,19,1,224,0,0,1,0,1,107,97,20,1,225,0,0,0,225
05/03/2004,BUF,NY,AEA,CE,Towers with Radar,126,134,78,1,339,0,0,26,0,26,126,134,104,1,365,40,0,40,405
05/04/2004,BUF,NY,AEA,CE,Towers with Radar,153,163,95,6,417,0,4,8,0,12,153,167,103,6,429,36,2,38,467
05/05/2004,BUF,NY,AEA,CE,Towers with Radar,140,157,140,4,441,0,0,3,0,3,140,157,143,4,444,58,14,72,516
05/06/2004,BUF,NY,AEA,CE,Towers with Radar,144,168,78,8,398,0,0,8,0,8,144,168,86,8,406,26,0,26,432
05/07/2004,BUF,NY,AEA,CE,Towers with Radar,150,162,95,3,410,0,1,12,0,13,150,163,107,3,423,54,12,66,489
05/08/2004,BUF,NY,AEA,CE,Towers with Radar,127,100,47,6,280,0,1,10,2,13,127,101,57,8,293,8,0,8,301
05/09/2004,BUF,NY,AEA,CE,Towers with Radar,110,107,38,3,258,0,0,1,0,1,110,107,39,3,259,2,0,2,261
05/10/2004,BUF,NY,AEA,CE,Towers with Radar,132,144,76,5,357,0,0,1,2,3,132,144,77,7,360,38,0,38,398
05/11/2004,BUF,NY,AEA,CE,Towers with Radar,143,164,109,5,421,0,2,3,0,5,143,166,112,5,426,24,0,24,450
05/12/2004,BUF,NY,AEA,CE,Towers with Radar,142,159,77,3,381,0,1,6,0,7,142,160,83,3,388,20,0,20,408
05/13/2004,BUF,NY,AEA,CE,Towers with Radar,139,168,75,3,385,0,0,5,0,5,139,168,80,3,390,8,0,8,398
05/14/2004,BUF,NY,AEA,CE,Towers with Radar,139,154,81,6,380,0,0,5,0,5,139,154,86,6,385,34,0,34,419
05/15/2004,BUF,NY,AEA,CE,Towers with Radar,126,98,48,5,277,0,0,0,0,0,126,98,48,5,277,32,0,32,309
05/16/2004,BUF,NY,AEA,CE,Towers with Radar,115,100,57,12,284,0,0,4,1,5,115,100,61,13,289,54,0,54,343
05/17/2004,BUF,NY,AEA,CE,Towers with Radar,115,140,89,4,348,0,0,13,0,13,115,140,102,4,361,54,0,54,415
05/18/2004,BUF,NY,AEA,CE,Towers with Radar,144,165,63,1,373,0,0,1,0,1,144,165,64,1,374,22,0,22,396
05/19/2004,BUF,NY,AEA,CE,Towers with Radar,149,157,108,4,418,0,2,17,1,20,149,159,125,5,438,20,0,20,458
05/20/2004,BUF,NY,AEA,CE,Towers with Radar,145,172,74,5,396,0,0,9,0,9,145,172,83,5,405,8,0,8,413
05/21/2004,BUF,NY,AEA,CE,Towers with Radar,139,151,78,10,378,0,0,4,1,5,139,151,82,11,383,50,0,50,433
05/22/2004,BUF,NY,AEA,CE,Towers with Radar,124,109,46,7,286,0,0,2,0,2,124,109,48,7,288,36,0,36,324
05/23/2004,BUF,NY,AEA,CE,Towers with Radar,115,92,22,9,238,0,0,0,0,0,115,92,22,9,238,18,0,18,256
05/24/2004,BUF,NY,AEA,CE,Towers with Radar,130,136,35,6,307,0,0,0,1,1,130,136,35,7,308,43,0,43,351
05/25/2004,BUF,NY,AEA,CE,Towers with Radar,145,171,56,4,376,0,0,0,0,0,145,171,56,4,376,18,14,32,408
05/26/2004,BUF,NY,AEA,CE,Towers with Radar,141,165,69,6,381,0,0,0,0,0,141,165,69,6,381,20,0,20,401
05/27/2004,BUF,NY,AEA,CE,Towers with Radar,152,182,72,6,412,0,0,7,0,7,152,182,79,6,419,42,16,58,477
05/28/2004,BUF,NY,AEA,CE,Towers with Radar,150,169,81,3,403,0,1,6,0,7,150,170,87,3,410,41,18,59,469
05/29/2004,BUF,NY,AEA,CE,Towers with Radar,125,97,64,7,293,0,0,11,2,13,125,97,75,9,306,38,4,42,348
05/30/2004,BUF,NY,AEA,CE,Towers with Radar,92,83,44,3,222,0,0,14,0,14,92,83,58,3,236,38,0,38,274
05/31/2004,BUF,NY,AEA,CE,Towers with Radar,107,88,40,2,237,0,0,1,0,1,107,88,41,2,238,0,0,0,238
06/01/2004,BUF,NY,AEA,CE,Towers with Radar,138,164,58,1,361,0,0,7,0,7,138,164,65,1,368,2,0,2,370
06/02/2004,BUF,NY,AEA,CE,Towers with Radar,143,169,90,8,410,0,0,2,0,2,143,169,92,8,412,28,0,28,440
06/03/2004,BUF,NY,AEA,CE,Towers with Radar,166,164,113,7,450,0,1,4,0,5,166,165,117,7,455,52,4,56,511
06/04/2004,BUF,NY,AEA,CE,Towers with Radar,154,169,85,8,416,1,3,13,0,17,155,172,98,8,433,42,8,50,483
06/05/2004,BUF,NY,AEA,CE,Towers with Radar,125,104,47,9,285,0,0,7,1,8,125,104,54,10,293,40,6,46,339
06/06/2004,BUF,NY,AEA,CE,Towers with Radar,129,97,86,4,316,0,0,5,0,5,129,97,91,4,321,4,0,4,325
06/07/2004,BUF,NY,AEA,CE,Towers with Radar,139,123,96,4,362,0,0,3,0,3,139,123,99,4,365,38,6,44,409
06/08/2004,BUF,NY,AEA,CE,Towers with Radar,160,150,109,3,422,0,1,27,0,28,160,151,136,3,450,32,0,32,482
06/09/2004,BUF,NY,AEA,CE,Towers with Radar,162,149,64,5,380,0,3,2,0,5,162,152,66,5,385,20,0,20,405
06/10/2004,BUF,NY,AEA,CE,Towers with Radar,151,159,87,17,414,0,0,9,0,9,151,159,96,17,423,44,24,68,491
06/11/2004,BUF,NY,AEA,CE,Towers with Radar,158,150,90,4,402,0,2,10,1,13,158,152,100,5,415,12,0,12,427
06/12/2004,BUF,NY,AEA,CE,Towers with Radar,138,86,87,16,327,0,1,22,2,25,138,87,109,18,352,42,0,42,394
06/13/2004,BUF,NY,AEA,CE,Towers with Radar,123,97,66,5,291,0,0,5,2,7,123,97,71,7,298,48,0,48,346
06/14/2004,BUF,NY,AEA,CE,Towers with Radar,148,117,71,5,341,0,0,13,0,13,148,117,84,5,354,18,0,18,372
06/15/2004,BUF,NY,AEA,CE,Towers with Radar,152,161,58,8,379,0,2,5,0,7,152,163,63,8,386,66,18,84,470
06/16/2004,BUF,NY,AEA,CE,Towers with Radar,157,143,129,5,434,0,2,13,0,15,157,145,142,5,449,64,4,68,517
06/17/2004,BUF,NY,AEA,CE,Towers with Radar,149,135,43,5,332,0,0,1,0,1,149,135,44,5,333,64,4,68,401
06/18/2004,BUF,NY,AEA,CE,Towers with Radar,166,155,74,10,405,0,0,0,1,1,166,155,74,11,406,40,0,40,446
06/19/2004,BUF,NY,AEA,CE,Towers with Radar,136,95,62,6,299,0,0,16,1,17,136,95,78,7,316,28,2,30,346
06/20/2004,BUF,NY,AEA,CE,Towers with Radar,118,84,57,6,265,0,1,18,2,21,118,85,75,8,286,34,0,34,320
06/21/2004,BUF,NY,AEA,CE,Towers with Radar,141,128,103,5,377,0,1,37,1,39,141,129,140,6,416,32,0,32,448
06/22/2004,BUF,NY,AEA,CE,Towers with Radar,159,162,75,1,397,0,2,19,0,21,159,164,94,1,418,10,0,10,428
06/23/2004,BUF,NY,AEA,CE,Towers with Radar,150,145,148,8,451,0,3,14,2,19,150,148,162,10,470,112,6,118,588
06/24/2004,BUF,NY,AEA,CE,Towers with Radar,158,159,94,13,424,0,2,16,1,19,158,161,110,14,443,46,8,54,497
06/25/2004,BUF,NY,AEA,CE,Towers with Radar,164,128,122,11,425,0,0,8,0,8,164,128,130,11,433,70,5,75,508
06/26/2004,BUF,NY,AEA,CE,Towers with Radar,146,86,64,22,318,0,0,11,0,11,146,86,75,22,329,46,14,60,389
06/27/2004,BUF,NY,AEA,CE,Towers with Radar,128,86,68,6,288,0,0,29,1,30,128,86,97,7,318,24,0,24,342
06/28/2004,BUF,NY,AEA,CE,Towers with Radar,142,134,69,1,346,0,0,4,0,4,142,134,73,1,350,38,4,42,392
06/29/2004,BUF,NY,AEA,CE,Towers with Radar,160,136,82,10,388,0,3,4,0,7,160,139,86,10,395,44,4,48,443
06/30/2004,BUF,NY,AEA,CE,Towers with Radar,156,141,98,3,398,0,3,15,1,19,156,144,113,4,417,58,4,62,479
07/01/2004,BUF,NY,AEA,CE,Towers with Radar,165,136,80,10,391,0,0,8,2,10,165,136,88,12,401,50,4,54,455
07/02/2004,BUF,NY,AEA,CE,Towers with Radar,160,127,120,20,427,0,0,10,1,11,160,127,130,21,438,20,0,20,458
07/03/2004,BUF,NY,AEA,CE,Towers with Radar,137,89,103,5,334,0,1,24,0,25,137,90,127,5,359,12,0,12,371
07/04/2004,BUF,NY,AEA,CE,Towers with Radar,115,66,41,2,224,0,0,5,1,6,115,66,46,3,230,24,0,24,254
07/05/2004,BUF,NY,AEA,CE,Towers with Radar,131,88,53,6,278,0,0,1,0,1,131,88,54,6,279,30,0,30,309
07/06/2004,BUF,NY,AEA,CE,Towers with Radar,150,138,98,5,391,0,2,7,1,10,150,140,105,6,401,30,0,30,431
07/07/2004,BUF,NY,AEA,CE,Towers with Radar,156,130,71,2,359,0,0,6,1,7,156,130,77,3,366,22,0,22,388
07/08/2004,BUF,NY,AEA,CE,Towers with Radar,175,139,112,15,441,0,0,4,0,4,175,139,116,15,445,42,2,44,489
07/09/2004,BUF,NY,AEA,CE,Towers with Radar,162,141,101,15,419,0,2,6,2,10,162,143,107,17,429,54,12,66,495
07/10/2004,BUF,NY,AEA,CE,Towers with Radar,144,75,88,4,311,0,1,11,0,12,144,76,99,4,323,66,0,66,389
07/11/2004,BUF,NY,AEA,CE,Towers with Radar,130,75,97,1,303,0,0,13,1,14,130,75,110,2,317,14,2,16,333
07/12/2004,BUF,NY,AEA,CE,Towers with Radar,135,100,44,2,281,0,0,11,0,11,135,100,55,2,292,10,0,10,302
07/13/2004,BUF,NY,AEA,CE,Towers with Radar,155,144,57,6,362,0,0,2,1,3,155,144,59,7,365,18,10,28,393
07/14/2004,BUF,NY,AEA,CE,Towers with Radar,146,120,51,2,319,0,0,2,0,2,146,120,53,2,321,42,2,44,365
07/15/2004,BUF,NY,AEA,CE,Towers with Radar,163,163,65,3,394,0,0,0,1,1,163,163,65,4,395,0,0,0,395
07/16/2004,BUF,NY,AEA,CE,Towers with Radar,154,134,106,6,400,0,0,3,0,3,154,134,109,6,403,24,2,26,429
07/17/2004,BUF,NY,AEA,CE,Towers with Radar,148,97,77,5,327,0,1,12,0,13,148,98,89,5,340,62,4,66,406
07/18/2004,BUF,NY,AEA,CE,Towers with Radar,127,96,43,2,268,0,0,1,0,1,127,96,44,2,269,44,0,44,313
07/19/2004,BUF,NY,AEA,CE,Towers with Radar,145,143,68,3,359,1,0,1,1,3,146,143,69,4,362,8,0,8,370
07/20/2004,BUF,NY,AEA,CE,Towers with Radar,155,159,89,12,415,1,2,9,1,13,156,161,98,13,428,22,0,22,450
07/21/2004,BUF,NY,AEA,CE,Towers with Radar,154,140,106,11,411,0,3,36,3,42,154,143,142,14,453,54,8,62,515
07/22/2004,BUF,NY,AEA,CE,Towers with Radar,153,171,110,16,450,0,0,6,1,7,153,171,116,17,457,38,12,50,507
07/23/2004,BUF,NY,AEA,CE,Towers with Radar,147,160,79,3,389,0,0,11,0,11,147,160,90,3,400,34,0,34,434
07/24/2004,BUF,NY,AEA,CE,Towers with Radar,154,114,78,3,349,0,0,13,0,13,154,114,91,3,362,45,0,45,407
07/25/2004,BUF,NY,AEA,CE,Towers with Radar,125,100,60,11,296,0,0,10,0,10,125,100,70,11,306,30,4,34,340
07/26/2004,BUF,NY,AEA,CE,Towers with Radar,145,135,90,4,374,0,0,6,0,6,145,135,96,4,380,56,2,58,438
07/27/2004,BUF,NY,AEA,CE,Towers with Radar,150,157,58,1,366,0,0,0,0,0,150,157,58,1,366,40,2,42,408
07/28/2004,BUF,NY,AEA,CE,Towers with Radar,166,164,111,3,444,0,0,3,0,3,166,164,114,3,447,42,0,42,489
07/29/2004,BUF,NY,AEA,CE,Towers with Radar,161,159,109,13,442,0,1,33,0,34,161,160,142,13,476,41,12,53,529
07/30/2004,BUF,NY,AEA,CE,Towers with Radar,160,157,94,13,424,0,0,6,0,6,160,157,100,13,430,18,0,18,448
07/31/2004,BUF,NY,AEA,CE,Towers with Radar,142,94,40,3,279,0,0,2,0,2,142,94,42,3,281,24,0,24,305
08/01/2004,BUF,NY,AEA,CE,Towers with Radar,132,98,103,9,342,0,0,16,2,18,132,98,119,11,360,22,0,22,382
08/02/2004,BUF,NY,AEA,CE,Towers with Radar,131,142,113,9,395,0,1,9,2,12,131,143,122,11,407,49,0,49,456
08/03/2004,BUF,NY,AEA,CE,Towers with Radar,158,165,68,13,404,0,1,18,0,19,158,166,86,13,423,38,0,38,461
08/04/2004,BUF,NY,AEA,CE,Towers with Radar,152,150,71,26,399,0,0,1,0,1,152,150,72,26,400,16,0,16,416
08/05/2004,BUF,NY,AEA,CE,Towers with Radar,164,177,89,2,432,0,0,2,0,2,164,177,91,2,434,26,12,38,472
08/06/2004,BUF,NY,AEA,CE,Towers with Radar,158,158,80,12,408,0,0,13,2,15,158,158,93,14,423,18,2,20,443
08/07/2004,BUF,NY,AEA,CE,Towers with Radar,145,97,48,8,298,0,1,7,0,8,145,98,55,8,306,28,2,30,336
08/08/2004,BUF,NY,AEA,CE,Towers with Radar,127,106,55,11,299,0,0,12,0,12,127,106,67,11,311,50,14,64,375
08/09/2004,BUF,NY,AEA,CE,Towers with Radar,149,130,93,9,381,0,3,16,0,19,149,133,109,9,400,34,16,50,450
08/10/2004,BUF,NY,AEA,CE,Towers with Radar,163,151,67,10,391,0,0,1,6,7,163,151,68,16,398,32,20,52,450
08/11/2004,BUF,NY,AEA,CE,Towers with Radar,160,147,107,10,424,0,0,6,0,6,160,147,113,10,430,12,1,13,443
08/12/2004,BUF,NY,AEA,CE,Towers with Radar,173,152,105,5,435,0,0,4,0,4,173,152,109,5,439,30,0,30,469
08/13/2004,BUF,NY,AEA,CE,Towers with Radar,169,149,82,5,405,0,0,3,0,3,169,149,85,5,408,24,0,24,432
08/14/2004,BUF,NY,AEA,CE,Towers with Radar,148,101,83,4,336,0,0,10,3,13,148,101,93,7,349,38,0,38,387
08/15/2004,BUF,NY,AEA,CE,Towers with Radar,127,103,75,3,308,0,0,16,2,18,127,103,91,5,326,68,0,68,394
08/16/2004,BUF,NY,AEA,CE,Towers with Radar,147,125,114,6,392,0,0,17,0,17,147,125,131,6,409,24,0,24,433
08/17/2004,BUF,NY,AEA,CE,Towers with Radar,164,158,109,8,439,0,2,16,2,20,164,160,125,10,459,74,4,78,537
08/18/2004,BUF,NY,AEA,CE,Towers with Radar,161,160,131,7,459,0,4,2,2,8,161,164,133,9,467,44,0,44,511
08/19/2004,BUF,NY,AEA,CE,Towers with Radar,162,160,107,6,435,0,0,6,0,6,162,160,113,6,441,40,10,50,491
08/20/2004,BUF,NY,AEA,CE,Towers with Radar,168,148,69,3,388,0,0,4,3,7,168,148,73,6,395,44,10,54,449
08/21/2004,BUF,NY,AEA,CE,Towers with Radar,145,94,80,9,328,0,0,6,1,7,145,94,86,10,335,72,18,90,425
08/22/2004,BUF,NY,AEA,CE,Towers with Radar,134,107,80,8,329,0,0,10,0,10,134,107,90,8,339,60,8,68,407
08/23/2004,BUF,NY,AEA,CE,Towers with Radar,150,125,90,4,369,0,0,10,1,11,150,125,100,5,380,18,0,18,398
08/24/2004,BUF,NY,AEA,CE,Towers with Radar,161,168,114,6,449,0,1,17,0,18,161,169,131,6,467,54,14,68,535
08/25/2004,BUF,NY,AEA,CE,Towers with Radar,163,147,69,9,388,0,2,27,1,30,163,149,96,10,418,50,12,62,480
08/26/2004,BUF,NY,AEA,CE,Towers with Radar,163,169,88,9,429,0,0,3,0,3,163,169,91,9,432,50,16,66,498
08/27/2004,BUF,NY,AEA,CE,Towers with Radar,165,178,110,14,467,0,0,7,0,7,165,178,117,14,474,28,0,28,502
08/28/2004,BUF,NY,AEA,CE,Towers with Radar,160,92,39,3,294,0,0,1,0,1,160,92,40,3,295,4,0,4,299
08/29/2004,BUF,NY,AEA,CE,Towers with Radar,130,117,28,0,275,0,0,6,0,6,130,117,34,0,281,38,10,48,329
08/30/2004,BUF,NY,AEA,CE,Towers with Radar,143,121,33,5,302,0,0,0,0,0,143,121,33,5,302,0,0,0,302
08/31/2004,BUF,NY,AEA,CE,Towers with Radar,163,152,87,17,419,0,2,18,1,21,163,154,105,18,440,32,2,34,474
09/01/2004,BUF,NY,AEA,CE,Towers with Radar,156,146,101,2,405,0,2,14,0,16,156,148,115,2,421,58,8,66,487
09/02/2004,BUF,NY,AEA,CE,Towers with Radar,157,146,94,5,402,0,1,42,1,44,157,147,136,6,446,52,4,56,502
09/03/2004,BUF,NY,AEA,CE,Towers with Radar,157,159,95,10,421,0,2,17,1,20,157,161,112,11,441,46,4,50,491
09/04/2004,BUF,NY,AEA,CE,Towers with Radar,130,101,47,11,289,0,0,8,2,10,130,101,55,13,299,40,8,48,347
09/05/2004,BUF,NY,AEA,CE,Towers with Radar,103,89,54,6,252,0,0,4,1,5,103,89,58,7,257,46,0,46,303
09/06/2004,BUF,NY,AEA,CE,Towers with Radar,133,87,51,8,279,0,0,9,1,10,133,87,60,9,289,18,2,20,309
09/07/2004,BUF,NY,AEA,CE,Towers with Radar,146,135,76,4,361,0,0,7,0,7,146,135,83,4,368,56,4,60,428
09/08/2004,BUF,NY,AEA,CE,Towers with Radar,150,148,77,11,386,0,0,0,0,0,150,148,77,11,386,20,18,38,424
09/09/2004,BUF,NY,AEA,CE,Towers with Radar,162,158,45,3,368,0,0,2,0,2,162,158,47,3,370,24,18,42,412
09/10/2004,BUF,NY,AEA,CE,Towers with Radar,161,151,115,4,431,0,2,12,1,15,161,153,127,5,446,18,6,24,470
09/11/2004,BUF,NY,AEA,CE,Towers with Radar,138,96,78,4,316,0,1,6,0,7,138,97,84,4,323,28,4,32,355
09/12/2004,BUF,NY,AEA,CE,Towers with Radar,120,119,68,6,313,0,0,17,3,20,120,119,85,9,333,12,0,12,345
09/13/2004,BUF,NY,AEA,CE,Towers with Radar,139,136,65,5,345,0,1,12,0,13,139,137,77,5,358,8,0,8,366
09/14/2004,BUF,NY,AEA,CE,Towers with Radar,154,184,77,20,435,0,2,13,1,16,154,186,90,21,451,26,12,38,489
09/15/2004,BUF,NY,AEA,CE,Towers with Radar,158,150,102,3,413,0,0,18,2,20,158,150,120,5,433,52,10,62,495
09/16/2004,BUF,NY,AEA,CE,Towers with Radar,161,162,69,5,397,0,0,6,0,6,161,162,75,5,403,50,8,58,461
09/17/2004,BUF,NY,AEA,CE,Towers with Radar,167,162,71,5,405,0,0,4,0,4,167,162,75,5,409,36,0,36,445
09/18/2004,BUF,NY,AEA,CE,Towers with Radar,142,101,61,11,315,0,0,5,0,5,142,101,66,11,320,50,0,50,370
09/19/2004,BUF,NY,AEA,CE,Towers with Radar,131,100,59,3,293,0,0,18,0,18,131,100,77,3,311,54,0,54,365
09/20/2004,BUF,NY,AEA,CE,Towers with Radar,150,147,80,7,384,0,1,8,0,9,150,148,88,7,393,56,8,64,457
09/21/2004,BUF,NY,AEA,CE,Towers with Radar,166,156,46,2,370,0,2,9,0,11,166,158,55,2,381,50,6,56,437
09/22/2004,BUF,NY,AEA,CE,Towers with Radar,165,163,108,8,444,0,1,11,0,12,165,164,119,8,456,26,4,30,486
09/23/2004,BUF,NY,AEA,CE,Towers with Radar,161,162,77,7,407,0,2,22,0,24,161,164,99,7,431,60,8,68,499
09/24/2004,BUF,NY,AEA,CE,Towers with Radar,163,172,78,18,431,0,3,12,0,15,163,175,90,18,446,42,4,46,492
09/25/2004,BUF,NY,AEA,CE,Towers with Radar,138,95,62,10,305,0,2,5,1,8,138,97,67,11,313,10,0,10,323
09/26/2004,BUF,NY,AEA,CE,Towers with Radar,124,90,86,10,310,0,0,13,0,13,124,90,99,10,323,52,10,62,385
09/27/2004,BUF,NY,AEA,CE,Towers with Radar,143,132,62,10,347,0,0,21,0,21,143,132,83,10,368,58,4,62,430
09/28/2004,BUF,NY,AEA,CE,Towers with Radar,151,165,54,9,379,0,0,5,0,5,151,165,59,9,384,18,2,20,404
09/29/2004,BUF,NY,AEA,CE,Towers with Radar,164,183,93,6,446,0,0,13,0,13,164,183,106,6,459,50,20,70,529
09/30/2004,BUF,NY,AEA,CE,Towers with Radar,170,161,107,18,456,0,0,18,1,19,170,161,125,19,475,52,8,60,535
10/01/2004,BUF,NY,AEA,CE,Towers with Radar,166,166,91,15,438,0,2,108,3,113,166,168,199,18,551,54,16,70,621
10/02/2004,BUF,NY,AEA,CE,Towers with Radar,151,99,40,4,294,0,2,4,0,6,151,101,44,4,300,12,0,12,312
10/03/2004,BUF,NY,AEA,CE,Towers with Radar,134,111,82,4,331,0,0,20,3,23,134,111,102,7,354,52,6,58,412
10/04/2004,BUF,NY,AEA,CE,Towers with Radar,150,129,62,10,351,0,0,9,1,10,150,129,71,11,361,20,0,20,381
10/05/2004,BUF,NY,AEA,CE,Towers with Radar,168,165,65,9,407,0,2,26,3,31,168,167,91,12,438,26,0,26,464
10/06/2004,BUF,NY,AEA,CE,Towers with Radar,167,154,44,10,375,0,3,6,0,9,167,157,50,10,384,54,12,66,450
10/07/2004,BUF,NY,AEA,CE,Towers with Radar,168,171,157,11,507,0,2,28,7,37,168,173,185,18,544,56,14,70,614
10/08/2004,BUF,NY,AEA,CE,Towers with Radar,169,150,64,8,391,0,2,15,0,17,169,152,79,8,408,64,0,64,472
10/09/2004,BUF,NY,AEA,CE,Towers with Radar,150,90,41,3,284,0,3,2,0,5,150,93,43,3,289,28,0,28,317
10/10/2004,BUF,NY,AEA,CE,Towers with Radar,132,90,42,1,265,0,0,11,0,11,132,90,53,1,276,380,2,382,658
10/11/2004,BUF,NY,AEA,CE,Towers with Radar,158,129,71,13,371,0,0,6,1,7,158,129,77,14,378,38,6,44,422
10/12/2004,BUF,NY,AEA,CE,Towers with Radar,169,162,112,16,459,0,3,16,0,19,169,165,128,16,478,54,12,66,544
10/13/2004,BUF,NY,AEA,CE,Towers with Radar,175,168,98,11,452,0,1,21,0,22,175,169,119,11,474,480,12,492,966
10/14/2004,BUF,NY,AEA,CE,Towers with Radar,172,151,49,16,388,0,0,4,0,4,172,151,53,16,392,40,24,64,456
10/15/2004,BUF,NY,AEA,CE,Towers with Radar,170,145,40,5,360,0,0,1,0,1,170,145,41,5,361,12,0,12,373
10/16/2004,BUF,NY,AEA,CE,Towers with Radar,156,97,30,1,284,0,0,2,2,4,156,97,32,3,288,4,0,4,292
10/17/2004,BUF,NY,AEA,CE,Towers with Radar,136,95,40,3,274,0,0,0,0,0,136,95,40,3,274,4,0,4,278
10/18/2004,BUF,NY,AEA,CE,Towers with Radar,159,136,93,7,395,0,0,35,2,37,159,136,128,9,432,40,10,50,482
10/19/2004,BUF,NY,AEA,CE,Towers with Radar,171,154,45,5,375,0,0,3,0,3,171,154,48,5,378,8,0,8,386
10/20/2004,BUF,NY,AEA,CE,Towers with Radar,173,154,67,10,404,0,0,0,0,0,173,154,67,10,404,16,10,26,430
10/21/2004,BUF,NY,AEA,CE,Towers with Radar,186,160,47,14,407,0,0,0,0,0,186,160,47,14,407,4,14,18,425
10/22/2004,BUF,NY,AEA,CE,Towers with Radar,180,156,68,3,407,0,0,0,0,0,180,156,68,3,407,34,8,42,449
10/23/2004,BUF,NY,AEA,CE,Towers with Radar,139,103,54,6,302,1,0,17,1,19,140,103,71,7,321,32,6,38,359
10/24/2004,BUF,NY,AEA,CE,Towers with Radar,142,91,44,2,279,0,0,0,0,0,142,91,44,2,279,22,0,22,301
10/25/2004,BUF,NY,AEA,CE,Towers with Radar,157,137,63,8,365,0,0,2,0,2,157,137,65,8,367,18,0,18,385
10/26/2004,BUF,NY,AEA,CE,Towers with Radar,170,158,84,5,417,0,2,12,1,15,170,160,96,6,432,28,4,32,464
10/27/2004,BUF,NY,AEA,CE,Towers with Radar,171,161,85,7,424,0,3,7,0,10,171,164,92,7,434,12,0,12,446
10/28/2004,BUF,NY,AEA,CE,Towers with Radar,175,154,109,13,451,0,2,16,3,21,175,156,125,16,472,50,6,56,528
10/29/2004,BUF,NY,AEA,CE,Towers with Radar,170,158,60,7,395,0,0,6,0,6,170,158,66,7,401,14,0,14,415
10/30/2004,BUF,NY,AEA,CE,Towers with Radar,152,95,22,0,269,0,0,0,0,0,152,95,22,0,269,24,12,36,305
10/31/2004,BUF,NY,AEA,CE,Towers with Radar,138,88,30,6,262,0,0,0,0,0,138,88,30,6,262,24,4,28,290
11/01/2004,BUF,NY,AEA,CE,Combined TRACON& Tower with Radar,148,125,66,6,345,0,0,6,0,6,148,125,72,6,351,16,0,16,367
11/02/2004,BUF,NY,AEA,CE,Combined TRACON& Tower with Radar,168,158,38,1,365,0,0,0,0,0,168,158,38,1,365,20,10,30,395
11/03/2004,BUF,NY,AEA,CE,Combined TRACON& Tower with Radar,158,160,76,6,400,0,1,13,0,14,158,161,89,6,414,30,2,32,446
11/04/2004,BUF,NY,AEA,CE,Combined TRACON& Tower with Radar,164,179,48,9,400,0,0,3,0,3,164,179,51,9,403,0,4,4,407
11/05/2004,BUF,NY,AEA,CE,Combined TRACON& Tower with Radar,172,164,33,7,376,0,1,6,0,7,172,165,39,7,383,10,2,12,395
11/06/2004,BUF,NY,AEA,CE,Combined TRACON& Tower with Radar,68,31,12,0,111,0,0,0,0,0,68,31,12,0,111,36,8,44,155
11/07/2004,BUF,NY,AEA,CE,Combined TRACON& Tower with Radar,134,109,47,11,301,0,0,10,0,10,134,109,57,11,311,48,4,52,363
11/08/2004,BUF,NY,AEA,CE,Combined TRACON& Tower with Radar,153,133,36,4,326,0,0,10,0,10,153,133,46,4,336,22,12,34,370
11/09/2004,BUF,NY,AEA,CE,Combined TRACON& Tower with Radar,159,165,82,10,416,0,1,5,0,6,159,166,87,10,422,16,4,20,442
11/10/2004,BUF,NY,AEA,CE,Combined TRACON& Tower with Radar,169,151,87,4,411,0,3,12,0,15,169,154,99,4,426,10,4,14,440
11/11/2004,BUF,NY,AEA,CE,Combined TRACON& Tower with Radar,169,150,76,0,395,0,2,9,0,11,169,152,85,0,406,26,0,26,432
11/12/2004,BUF,NY,AEA,CE,Combined TRACON& Tower with Radar,166,136,141,4,447,0,0,0,0,0,166,136,141,4,447,34,2,36,483
11/13/2004,BUF,NY,AEA,CE,Combined TRACON& Tower with Radar,152,102,79,7,340,0,0,26,0,26,152,102,105,7,366,30,0,30,396
11/14/2004,BUF,NY,AEA,CE,Combined TRACON& Tower with Radar,138,95,58,3,294,0,0,19,0,19,138,95,77,3,313,40,0,40,353
11/15/2004,BUF,NY,AEA,CE,Combined TRACON& Tower with Radar,158,126,64,2,350,0,1,11,1,13,158,127,75,3,363,50,4,54,417
11/16/2004,BUF,NY,AEA,CE,Combined TRACON& Tower with Radar,163,154,102,9,428,0,3,11,3,17,163,157,113,12,445,42,0,42,487
11/17/2004,BUF,NY,AEA,CE,Combined TRACON& Tower with Radar,168,143,60,9,380,0,0,0,0,0,168,143,60,9,380,14,0,14,394
11/18/2004,BUF,NY,AEA,CE,Combined TRACON& Tower with Radar,158,140,26,7,331,0,0,0,0,0,158,140,26,7,331,0,0,0,331
11/19/2004,BUF,NY,AEA,CE,Combined TRACON& Tower with Radar,174,159,70,8,411,0,0,0,0,0,174,159,70,8,411,26,2,28,439
11/20/2004,BUF,NY,AEA,CE,Combined TRACON& Tower with Radar,148,87,33,6,274,0,0,0,0,0,148,87,33,6,274,6,0,6,280
11/21/2004,BUF,NY,AEA,CE,Combined TRACON& Tower with Radar,138,96,70,5,309,0,0,3,0,3,138,96,73,5,312,8,0,8,320
11/22/2004,BUF,NY,AEA,CE,Combined TRACON& Tower with Radar,149,131,67,11,358,0,0,7,0,7,149,131,74,11,365,22,0,22,387
11/23/2004,BUF,NY,AEA,CE,Combined TRACON& Tower with Radar,166,157,109,6,438,0,0,3,0,3,166,157,112,6,441,26,4,30,471
11/24/2004,BUF,NY,AEA,CE,Combined TRACON& Tower with Radar,159,143,28,2,332,0,0,0,0,0,159,143,28,2,332,12,2,14,346
11/25/2004,BUF,NY,AEA,CE,Combined TRACON& Tower with Radar,138,118,6,0,262,0,0,0,0,0,138,118,6,0,262,8,0,8,270
11/26/2004,BUF,NY,AEA,CE,Combined TRACON& Tower with Radar,122,89,45,3,259,0,2,6,0,8,122,91,51,3,267,40,0,40,307
11/27/2004,BUF,NY,AEA,CE,Combined TRACON& Tower with Radar,154,77,37,4,272,0,1,6,0,7,154,78,43,4,279,62,2,64,343
11/28/2004,BUF,NY,AEA,CE,Combined TRACON& Tower with Radar,153,85,28,3,269,0,0,0,0,0,153,85,28,3,269,20,0,20,289
11/29/2004,BUF,NY,AEA,CE,Combined TRACON& Tower with Radar,157,126,88,6,377,0,1,60,0,61,157,127,148,6,438,34,0,34,472
11/30/2004,BUF,NY,AEA,CE,Combined TRACON& Tower with Radar,174,144,78,0,396,0,3,4,0,7,174,147,82,0,403,26,0,26,429
12/01/2004,BUF,NY,AEA,CE,Combined TRACON& Tower with Radar,156,150,32,1,339,0,0,1,0,1,156,150,33,1,340,18,0,18,358
12/02/2004,BUF,NY,AEA,CE,Combined TRACON& Tower with Radar,166,159,59,11,395,0,0,7,0,7,166,159,66,11,402,18,0,18,420
12/03/2004,BUF,NY,AEA,CE,Combined TRACON& Tower with Radar,165,145,42,9,361,0,1,11,0,12,165,146,53,9,373,22,0,22,395
12/04/2004,BUF,NY,AEA,CE,Combined TRACON& Tower with Radar,155,97,26,1,279,0,0,2,1,3,155,97,28,2,282,16,2,18,300
12/05/2004,BUF,NY,AEA,CE,Combined TRACON& Tower with Radar,135,76,40,6,257,0,1,7,1,9,135,77,47,7,266,36,0,36,302
12/06/2004,BUF,NY,AEA,CE,Combined TRACON& Tower with Radar,143,117,35,6,301,0,0,3,0,3,143,117,38,6,304,30,32,62,366
12/07/2004,BUF,NY,AEA,CE,Combined TRACON& Tower with Radar,178,164,46,0,388,0,0,1,0,1,178,164,47,0,389,8,0,8,397
12/08/2004,BUF,NY,AEA,CE,Combined TRACON& Tower with Radar,191,176,79,12,458,0,0,0,1,1,191,176,79,13,459,40,12,52,511
12/09/2004,BUF,NY,AEA,CE,Combined TRACON& Tower with Radar,166,148,106,4,424,0,0,9,0,9,166,148,115,4,433,18,0,18,451
12/10/2004,BUF,NY,AEA,CE,Combined TRACON& Tower with Radar,163,131,33,4,331,0,0,2,0,2,163,131,35,4,333,4,0,4,337
12/11/2004,BUF,NY,AEA,CE,Combined TRACON& Tower with Radar,154,76,4,0,234,0,0,0,0,0,154,76,4,0,234,0,0,0,234
12/12/2004,BUF,NY,AEA,CE,Combined TRACON& Tower with Radar,133,88,43,3,267,0,0,0,0,0,133,88,43,3,267,34,0,34,301
12/13/2004,BUF,NY,AEA,CE,Combined TRACON& Tower with Radar,145,131,37,1,314,0,0,1,0,1,145,131,38,1,315,28,10,38,353
12/14/2004,BUF,NY,AEA,CE,Combined TRACON& Tower with Radar,171,163,61,8,403,0,0,0,0,0,171,163,61,8,403,4,0,4,407
12/15/2004,BUF,NY,AEA,CE,Combined TRACON& Tower with Radar,169,145,116,21,451,0,0,7,0,7,169,145,123,21,458,4,8,12,470
12/16/2004,BUF,NY,AEA,CE,Combined TRACON& Tower with Radar,171,147,81,8,407,0,1,109,0,110,171,148,190,8,517,8,6,14,531
12/17/2004,BUF,NY,AEA,CE,Combined TRACON& Tower with Radar,164,151,52,4,371,0,2,5,1,8,164,153,57,5,379,32,0,32,411
12/18/2004,BUF,NY,AEA,CE,Combined TRACON& Tower with Radar,144,99,37,0,280,0,3,15,0,18,144,102,52,0,298,28,0,28,326
12/19/2004,BUF,NY,AEA,CE,Combined TRACON& Tower with Radar,131,85,16,2,234,0,0,0,0,0,131,85,16,2,234,2,0,2,236
12/20/2004,BUF,NY,AEA,CE,Combined TRACON& Tower with Radar,146,127,86,1,360,0,2,2,1,5,146,129,88,2,365,32,12,44,409
12/21/2004,BUF,NY,AEA,CE,Combined TRACON& Tower with Radar,168,158,58,7,391,0,2,10,0,12,168,160,68,7,403,20,4,24,427
12/22/2004,BUF,NY,AEA,CE,Combined TRACON& Tower with Radar,163,158,42,0,363,0,1,4,0,5,163,159,46,0,368,2,0,2,370
12/23/2004,BUF,NY,AEA,CE,Combined TRACON& Tower with Radar,148,130,6,0,284,0,0,0,0,0,148,130,6,0,284,0,0,0,284
12/24/2004,BUF,NY,AEA,CE,Combined TRACON& Tower with Radar,108,112,24,0,244,0,0,3,0,3,108,112,27,0,247,8,0,8,255
12/25/2004,BUF,NY,AEA,CE,Combined TRACON& Tower with Radar,130,56,9,1,196,0,0,1,0,1,130,56,10,1,197,10,0,10,207
12/26/2004,BUF,NY,AEA,CE,Combined TRACON& Tower with Radar,128,75,37,1,241,0,0,3,0,3,128,75,40,1,244,0,0,0,244
12/27/2004,BUF,NY,AEA,CE,Combined TRACON& Tower with Radar,148,122,60,3,333,0,0,4,0,4,148,122,64,3,337,18,0,18,355
12/28/2004,BUF,NY,AEA,CE,Combined TRACON& Tower with Radar,165,143,42,1,351,0,1,7,1,9,165,144,49,2,360,12,0,12,372
12/29/2004,BUF,NY,AEA,CE,Combined TRACON& Tower with Radar,162,133,52,10,357,0,0,1,0,1,162,133,53,10,358,0,0,0,358
12/30/2004,BUF,NY,AEA,CE,Combined TRACON& Tower with Radar,149,138,38,3,328,0,0,0,1,1,149,138,38,4,329,30,4,34,363
12/31/2004,BUF,NY,AEA,CE,Combined TRACON& Tower with Radar,146,130,12,0,288,0,11,8,0,19,146,141,20,0,307,14,0,14,321
01/01/2005,BUF,NY,AEA,CE,Combined TRACON& Tower with Radar,126,74,44,0,244,0,0,7,0,7,126,74,51,0,251,14,2,16,267
01/02/2005,BUF,NY,AEA,CE,Combined TRACON& Tower with Radar,129,86,26,1,242,0,0,0,0,0,129,86,26,1,242,2,0,2,244
01/03/2005,BUF,NY,AEA,CE,Combined TRACON& Tower with Radar,148,126,41,3,318,0,0,0,0,0,148,126,41,3,318,8,0,8,326
01/04/2005,BUF,NY,AEA,CE,Combined TRACON& Tower with Radar,159,160,42,6,367,0,0,0,0,0,159,160,42,6,367,30,8,38,405
01/05/2005,BUF,NY,AEA,CE,Combined TRACON& Tower with Radar,152,134,38,1,325,0,0,0,0,0,152,134,38,1,325,28,4,32,357
01/06/2005,BUF,NY,AEA,CE,Combined TRACON& Tower with Radar,131,124,16,0,271,0,0,0,0,0,131,124,16,0,271,6,10,16,287
01/07/2005,BUF,NY,AEA,CE,Combined TRACON& Tower with Radar,163,171,60,1,395,0,1,15,0,16,163,172,75,1,411,24,4,28,439
01/08/2005,BUF,NY,AEA,CE,Combined TRACON& Tower with Radar,141,93,17,2,253,0,1,0,0,1,141,94,17,2,254,0,0,0,254
01/09/2005,BUF,NY,AEA,CE,Combined TRACON& Tower with Radar,136,89,19,6,250,0,0,1,0,1,136,89,20,6,251,14,6,20,271
01/10/2005,BUF,NY,AEA,CE,Combined TRACON& Tower with Radar,152,116,51,5,324,0,0,0,0,0,152,116,51,5,324,22,8,30,354
01/11/2005,BUF,NY,AEA,CE,Combined TRACON& Tower with Radar,156,140,30,8,334,0,0,0,0,0,156,140,30,8,334,8,0,8,342
01/12/2005,BUF,NY,AEA,CE,Combined TRACON& Tower with Radar,155,135,36,3,329,0,0,4,0,4,155,135,40,3,333,30,6,36,369
01/13/2005,BUF,NY,AEA,CE,Combined TRACON& Tower with Radar,158,147,28,3,336,0,0,3,1,4,158,147,31,4,340,18,4,22,362
01/14/2005,BUF,NY,AEA,CE,Combined TRACON& Tower with Radar,162,146,22,5,335,0,0,6,0,6,162,146,28,5,341,34,0,34,375
01/15/2005,BUF,NY,AEA,CE,Combined TRACON& Tower with Radar,134,97,43,3,277,0,0,5,0,5,134,97,48,3,282,16,0,16,298
01/16/2005,BUF,NY,AEA,CE,Combined TRACON& Tower with Radar,123,76,15,2,216,0,0,0,0,0,123,76,15,2,216,8,0,8,224
01/17/2005,BUF,NY,AEA,CE,Combined TRACON& Tower with Radar,149,98,60,0,307,0,0,0,0,0,149,98,60,0,307,16,2,18,325
01/18/2005,BUF,NY,AEA,CE,Combined TRACON& Tower with Radar,158,128,60,13,359,0,1,2,0,3,158,129,62,13,362,14,0,14,376
01/19/2005,BUF,NY,AEA,CE,Combined TRACON& Tower with Radar,144,122,22,10,298,0,0,1,0,1,144,122,23,10,299,4,0,4,303
01/20/2005,BUF,NY,AEA,CE,Combined TRACON& Tower with Radar,153,141,68,9,371,0,1,1,0,2,153,142,69,9,373,6,0,6,379
01/21/2005,BUF,NY,AEA,CE,Combined TRACON& Tower with Radar,161,142,63,1,367,0,3,7,0,10,161,145,70,1,377,12,1,13,390
01/22/2005,BUF,NY,AEA,CE,Combined TRACON& Tower with Radar,91,50,5,0,146,0,1,1,0,2,91,51,6,0,148,0,0,0,148
01/23/2005,BUF,NY,AEA,CE,Combined TRACON& Tower with Radar,95,59,14,0,168,0,0,0,0,0,95,59,14,0,168,0,0,0,168
01/24/2005,BUF,NY,AEA,CE,Combined TRACON& Tower with Radar,135,104,24,2,265,0,0,0,0,0,135,104,24,2,265,2,0,2,267
01/25/2005,BUF,NY,AEA,CE,Combined TRACON& Tower with Radar,159,153,38,0,350,21,13,7,0,41,180,166,45,0,391,16,2,18,409
01/26/2005,BUF,NY,AEA,CE,Combined TRACON& Tower with Radar,154,150,47,3,354,0,0,0,0,0,154,150,47,3,354,4,0,4,358
01/27/2005,BUF,NY,AEA,CE,Combined TRACON& Tower with Radar,157,142,79,7,385,0,2,2,1,5,157,144,81,8,390,24,0,24,414
01/28/2005,BUF,NY,AEA,CE,Combined TRACON& Tower with Radar,159,147,61,2,369,0,1,10,0,11,159,148,71,2,380,40,10,50,430
01/29/2005,BUF,NY,AEA,CE,Combined TRACON& Tower with Radar,133,75,37,6,251,0,2,6,0,8,133,77,43,6,259,22,0,22,281
01/30/2005,BUF,NY,AEA,CE,Combined TRACON& Tower with Radar,98,63,28,0,189,0,0,4,0,4,98,63,32,0,193,42,4,46,239
01/31/2005,BUF,NY,AEA,CE,Combined TRACON& Tower with Radar,149,105,59,1,314,0,1,2,0,3,149,106,61,1,317,18,0,18,335
02/01/2005,BUF,NY,AEA,CE,Combined TRACON& Tower with Radar,156,129,46,4,335,0,0,15,0,15,156,129,61,4,350,16,4,20,370
02/02/2005,BUF,NY,AEA,CE,Combined TRACON& Tower with Radar,160,140,71,6,377,0,4,9,0,13,160,144,80,6,390,26,0,26,416
02/03/2005,BUF,NY,AEA,CE,Combined TRACON& Tower with Radar,76,53,24,1,154,0,0,1,1,2,76,53,25,2,156,36,0,36,192
02/04/2005,BUF,NY,AEA,CE,Combined TRACON& Tower with Radar,165,128,45,2,340,0,0,1,1,2,165,128,46,3,342,40,4,44,386
02/05/2005,BUF,NY,AEA,CE,Combined TRACON& Tower with Radar,144,75,53,2,274,0,0,16,0,16,144,75,69,2,290,52,0,52,342
02/06/2005,BUF,NY,AEA,CE,Combined TRACON& Tower with Radar,150,83,80,4,317,0,0,18,0,18,150,83,98,4,335,46,2,48,383
02/07/2005,BUF,NY,AEA,CE,Combined TRACON& Tower with Radar,147,107,76,6,336,0,0,9,1,10,147,107,85,7,346,24,0,24,370
02/08/2005,BUF,NY,AEA,CE,Combined TRACON& Tower with Radar,173,141,30,5,349,0,0,0,0,0,173,141,30,5,349,0,0,0,349
02/09/2005,BUF,NY,AEA,CE,Combined TRACON& Tower with Radar,172,125,20,6,323,0,0,0,0,0,172,125,20,6,323,0,0,0,323
02/10/2005,BUF,NY,AEA,CE,Combined TRACON& Tower with Radar,178,138,45,2,363,0,0,0,0,0,178,138,45,2,363,42,8,50,413
02/11/2005,BUF,NY,AEA,CE,Combined TRACON& Tower with Radar,165,135,53,12,365,0,0,6,1,7,165,135,59,13,372,38,2,40,412
02/12/2005,BUF,NY,AEA,CE,Combined TRACON& Tower with Radar,150,75,12,3,240,0,0,0,0,0,150,75,12,3,240,22,2,24,264
02/13/2005,BUF,NY,AEA,CE,Combined TRACON& Tower with Radar,152,67,41,10,270,0,0,11,0,11,152,67,52,10,281,40,0,40,321
02/14/2005,BUF,NY,AEA,CE,Combined TRACON& Tower with Radar,146,109,31,0,286,0,0,2,0,2,146,109,33,0,288,14,0,14,302
02/15/2005,BUF,NY,AEA,CE,Combined TRACON& Tower with Radar,181,138,63,7,389,0,1,3,0,4,181,139,66,7,393,14,3,17,410
02/16/2005,BUF,NY,AEA,CE,Combined TRACON& Tower with Radar,175,132,36,2,345,0,0,4,0,4,175,132,40,2,349,18,4,22,371
02/17/2005,BUF,NY,AEA,CE,Combined TRACON& Tower with Radar,75,56,19,3,153,0,0,1,0,1,75,56,20,3,154,32,0,32,186
02/18/2005,BUF,NY,AEA,CE,Combined TRACON& Tower with Radar,167,128,37,4,336,0,1,8,0,9,167,129,45,4,345,42,8,50,395
02/19/2005,BUF,NY,AEA,CE,Combined TRACON& Tower with Radar,150,95,22,5,272,0,0,0,0,0,150,95,22,5,272,22,0,22,294
02/20/2005,BUF,NY,AEA,CE,Combined TRACON& Tower with Radar,156,64,26,1,247,0,0,7,0,7,156,64,33,1,254,28,0,28,282
02/21/2005,BUF,NY,AEA,CE,Combined TRACON& Tower with Radar,164,94,32,4,294,0,0,0,0,0,164,94,32,4,294,28,4,32,326
02/22/2005,BUF,NY,AEA,CE,Combined TRACON& Tower with Radar,143,172,41,4,360,0,0,0,0,0,143,172,41,4,360,22,6,28,388
02/23/2005,BUF,NY,AEA,CE,Combined TRACON& Tower with Radar,126,181,127,3,437,0,0,1,1,2,126,181,128,4,439,12,2,14,453
02/24/2005,BUF,NY,AEA,CE,Combined TRACON& Tower with Radar,119,162,85,11,377,0,1,2,1,4,119,163,87,12,381,28,0,28,409
02/25/2005,BUF,NY,AEA,CE,Combined TRACON& Tower with Radar,134,174,67,0,375,0,0,4,0,4,134,174,71,0,379,16,0,16,395
02/26/2005,BUF,NY,AEA,CE,Combined TRACON& Tower with Radar,109,115,32,2,258,0,0,1,0,1,109,115,33,2,259,12,0,12,271
02/27/2005,BUF,NY,AEA,CE,Combined TRACON& Tower with Radar,120,113,69,1,303,0,0,8,3,11,120,113,77,4,314,16,0,16,330
02/28/2005,BUF,NY,AEA,CE,Combined TRACON& Tower with Radar,121,119,32,5,277,0,0,0,1,1,121,119,32,6,278,12,0,12,290
03/01/2005,BUF,NY,AEA,CE,Combined TRACON& Tower with Radar,127,166,25,4,322,0,0,0,0,0,127,166,25,4,322,0,0,0,322
03/02/2005,BUF,NY,AEA,CE,Combined TRACON& Tower with Radar,130,178,28,0,336,0,0,0,0,0,130,178,28,0,336,0,0,0,336
03/03/2005,BUF,NY,AEA,CE,Combined TRACON& Tower with Radar,129,181,58,5,373,0,0,3,2,5,129,181,61,7,378,48,0,48,426
03/04/2005,BUF,NY,AEA,CE,Combined TRACON& Tower with Radar,124,180,64,10,378,0,0,5,3,8,124,180,69,13,386,14,0,14,400
03/05/2005,BUF,NY,AEA,CE,Combined TRACON& Tower with Radar,113,124,57,3,297,0,2,87,6,95,113,126,144,9,392,42,6,48,440
03/06/2005,BUF,NY,AEA,CE,Combined TRACON& Tower with Radar,111,117,17,2,247,0,0,0,0,0,111,117,17,2,247,6,0,6,253
03/07/2005,BUF,NY,AEA,CE,Combined TRACON& Tower with Radar,114,162,64,19,359,0,0,3,0,3,114,162,67,19,362,4,6,10,372
03/08/2005,BUF,NY,AEA,CE,Combined TRACON& Tower with Radar,126,189,37,2,354,0,0,0,1,1,126,189,37,3,355,34,2,36,391
03/09/2005,BUF,NY,AEA,CE,Combined TRACON& Tower with Radar,133,177,84,5,399,0,0,3,1,4,133,177,87,6,403,22,2,24,427
03/10/2005,BUF,NY,AEA,CE,Combined TRACON& Tower with Radar,134,176,71,0,381,0,0,5,0,5,134,176,76,0,386,22,0,22,408
03/11/2005,BUF,NY,AEA,CE,Combined TRACON& Tower with Radar,130,187,28,2,347,0,0,1,0,1,130,187,29,2,348,30,2,32,380
03/12/2005,BUF,NY,AEA,CE,Combined TRACON& Tower with Radar,109,124,18,2,253,0,0,2,0,2,109,124,20,2,255,26,0,26,281
03/13/2005,BUF,NY,AEA,CE,Combined TRACON& Tower with Radar,106,110,30,0,246,0,0,1,0,1,106,110,31,0,247,2,0,2,249
03/14/2005,BUF,NY,AEA,CE,Combined TRACON& Tower with Radar,117,152,78,3,350,0,0,20,0,20,117,152,98,3,370,16,0,16,386
03/15/2005,BUF,NY,AEA,CE,Combined TRACON& Tower with Radar,47,82,44,3,176,0,0,0,0,0,47,82,44,3,176,20,0,20,196
03/16/2005,BUF,NY,AEA,CE,Combined TRACON& Tower with Radar,130,176,75,4,385,0,1,9,0,10,130,177,84,4,395,40,4,44,439
03/17/2005,BUF,NY,AEA,CE,Combined TRACON& Tower with Radar,129,178,82,6,395,0,0,5,0,5,129,178,87,6,400,38,6,44,444
03/18/2005,BUF,NY,AEA,CE,Combined TRACON& Tower with Radar,128,174,71,14,387,0,1,7,0,8,128,175,78,14,395,20,6,26,421
03/19/2005,BUF,NY,AEA,CE,Combined TRACON& Tower with Radar,109,133,52,4,298,0,0,11,0,11,109,133,63,4,309,34,2,36,345
03/20/2005,BUF,NY,AEA,CE,Combined TRACON& Tower with Radar,103,111,15,1,230,0,0,0,0,0,103,111,15,1,230,10,2,12,242
03/21/2005,BUF,NY,AEA,CE,Combined TRACON& Tower with Radar,122,160,37,3,322,0,0,2,0,2,122,160,39,3,324,28,0,28,352
03/22/2005,BUF,NY,AEA,CE,Combined TRACON& Tower with Radar,129,175,93,6,403,0,1,25,0,26,129,176,118,6,429,22,0,22,451
03/23/2005,BUF,NY,AEA,CE,Combined TRACON& Tower with Radar,122,165,54,2,343,0,0,4,0,4,122,165,58,2,347,16,0,16,363
03/24/2005,BUF,NY,AEA,CE,Combined TRACON& Tower with Radar,130,181,59,5,375,0,0,5,0,5,130,181,64,5,380,40,0,40,420
03/25/2005,BUF,NY,AEA,CE,Combined TRACON& Tower with Radar,122,171,48,5,346,0,1,5,0,6,122,172,53,5,352,40,0,40,392
03/26/2005,BUF,NY,AEA,CE,Combined TRACON& Tower with Radar,116,122,54,0,292,0,0,12,0,12,116,122,66,0,304,48,0,48,352
03/27/2005,BUF,NY,AEA,CE,Combined TRACON& Tower with Radar,106,107,21,6,240,0,0,9,0,9,106,107,30,6,249,42,0,42,291
03/28/2005,BUF,NY,AEA,CE,Combined TRACON& Tower with Radar,108,147,85,8,348,0,0,1,0,1,108,147,86,8,349,44,0,44,393
03/29/2005,BUF,NY,AEA,CE,Combined TRACON& Tower with Radar,141,184,59,17,401,0,0,7,0,7,141,184,66,17,408,42,8,50,458
03/30/2005,BUF,NY,AEA,CE,Combined TRACON& Tower with Radar,132,170,121,14,437,0,1,11,4,16,132,171,132,18,453,28,6,34,487
03/31/2005,BUF,NY,AEA,CE,Combined TRACON& Tower with Radar,129,183,56,11,379,0,0,5,0,5,129,183,61,11,384,10,0,10,394
04/01/2005,BUF,NY,AEA,CE,Combined TRACON& Tower with Radar,126,176,32,10,344,0,0,9,0,9,126,176,41,10,353,18,0,18,371
04/02/2005,BUF,NY,AEA,CE,Combined TRACON& Tower with Radar,103,124,15,0,242,0,0,0,0,0,103,124,15,0,242,0,0,0,242
04/03/2005,BUF,NY,AEA,CE,Combined TRACON& Tower with Radar,107,108,9,0,224,0,0,0,0,0,107,108,9,0,224,0,0,0,224
04/04/2005,BUF,NY,AEA,CE,Combined TRACON& Tower with Radar,140,158,48,2,348,0,1,6,0,7,140,159,54,2,355,22,4,26,381
04/05/2005,BUF,NY,AEA,CE,Combined TRACON& Tower with Radar,138,171,81,6,396,0,1,12,0,13,138,172,93,6,409,48,0,48,457
04/06/2005,BUF,NY,AEA,CE,Combined TRACON& Tower with Radar,139,162,96,7,404,0,1,7,0,8,139,163,103,7,412,18,0,18,430
04/07/2005,BUF,NY,AEA,CE,Combined TRACON& Tower with Radar,135,172,62,6,375,0,0,3,0,3,135,172,65,6,378,14,4,18,396
04/08/2005,BUF,NY,AEA,CE,Combined TRACON& Tower with Radar,138,172,64,12,386,0,1,14,0,15,138,173,78,12,401,52,0,52,453
04/09/2005,BUF,NY,AEA,CE,Combined TRACON& Tower with Radar,125,127,62,9,323,0,0,29,1,30,125,127,91,10,353,49,14,63,416
04/10/2005,BUF,NY,AEA,CE,Combined TRACON& Tower with Radar,123,100,35,10,268,0,0,11,3,14,123,100,46,13,282,20,0,20,302
04/11/2005,BUF,NY,AEA,CE,Combined TRACON& Tower with Radar,123,162,75,3,363,0,1,8,0,9,123,163,83,3,372,42,0,42,414
04/12/2005,BUF,NY,AEA,CE,Combined TRACON& Tower with Radar,140,167,74,25,406,0,1,10,0,11,140,168,84,25,417,16,18,34,451
04/13/2005,BUF,NY,AEA,CE,Combined TRACON& Tower with Radar,140,167,105,13,425,0,1,24,3,28,140,168,129,16,453,16,0,16,469
04/14/2005,BUF,NY,AEA,CE,Combined TRACON& Tower with Radar,135,183,49,23,390,0,1,16,0,17,135,184,65,23,407,42,24,66,473
04/15/2005,BUF,NY,AEA,CE,Combined TRACON& Tower with Radar,140,177,59,8,384,0,2,12,2,16,140,179,71,10,400,44,4,48,448
04/16/2005,BUF,NY,AEA,CE,Combined TRACON& Tower with Radar,123,116,63,9,311,0,0,25,1,26,123,116,88,10,337,22,0,22,359
04/17/2005,BUF,NY,AEA,CE,Combined TRACON& Tower with Radar,121,99,46,14,280,0,0,16,0,16,121,99,62,14,296,62,0,62,358
04/18/2005,BUF,NY,AEA,CE,Combined TRACON& Tower with Radar,126,155,55,2,338,0,2,11,0,13,126,157,66,2,351,36,0,36,387
04/19/2005,BUF,NY,AEA,CE,Combined TRACON& Tower with Radar,138,170,80,21,409,0,2,13,1,16,138,172,93,22,425,54,10,64,489
04/20/2005,BUF,NY,AEA,CE,Combined TRACON& Tower with Radar,135,162,46,8,351,0,0,3,0,3,135,162,49,8,354,16,8,24,378
04/21/2005,BUF,NY,AEA,CE,Combined TRACON& Tower with Radar,143,175,74,12,404,0,1,9,0,10,143,176,83,12,414,30,0,30,444
04/22/2005,BUF,NY,AEA,CE,Combined TRACON& Tower with Radar,132,176,55,5,368,0,1,9,0,10,132,177,64,5,378,40,0,40,418
04/23/2005,BUF,NY,AEA,CE,Combined TRACON& Tower with Radar,120,110,9,2,241,0,0,0,0,0,120,110,9,2,241,60,0,60,301
04/24/2005,BUF,NY,AEA,CE,Combined TRACON& Tower with Radar,150,64,10,1,225,0,4,3,0,7,150,68,13,1,232,35,2,37,269
04/25/2005,BUF,NY,AEA,CE,Combined TRACON& Tower with Radar,175,85,18,0,278,0,3,0,0,3,175,88,18,0,281,26,2,28,309
04/26/2005,BUF,NY,AEA,CE,Combined TRACON& Tower with Radar,193,97,32,0,322,0,4,19,2,25,193,101,51,2,347,22,0,22,369
04/27/2005,BUF,NY,AEA,CE,Combined TRACON& Tower with Radar,190,103,50,2,345,0,4,17,0,21,190,107,67,2,366,18,0,18,384
04/28/2005,BUF,NY,AEA,CE,Combined TRACON& Tower with Radar,192,104,38,4,338,0,9,7,0,16,192,113,45,4,354,40,8,48,402
04/29/2005,BUF,NY,AEA,CE,Combined TRACON& Tower with Radar,189,107,37,2,335,0,3,23,0,26,189,110,60,2,361,45,22,67,428
04/30/2005,BUF,NY,AEA,CE,Combined TRACON& Tower with Radar,157,70,12,2,241,0,1,0,0,1,157,71,12,2,242,0,0,0,242
05/01/2005,BUF,NY,AEA,CE,Combined TRACON& Tower with Radar,168,55,21,2,246,0,2,4,0,6,168,57,25,2,252,22,2,24,276
05/02/2005,BUF,NY,AEA,CE,Combined TRACON& Tower with Radar,178,79,35,0,292,0,0,0,0,0,178,79,35,0,292,18,0,18,310
05/03/2005,BUF,NY,AEA,CE,Combined TRACON& Tower with Radar,190,105,24,0,319,0,3,16,2,21,190,108,40,2,340,46,0,46,386
05/04/2005,BUF,NY,AEA,CE,Combined TRACON& Tower with Radar,193,100,38,2,333,0,2,20,2,24,193,102,58,4,357,48,10,58,415
05/05/2005,BUF,NY,AEA,CE,Combined TRACON& Tower with Radar,193,108,34,5,340,0,6,23,0,29,193,114,57,5,369,44,12,56,425
05/06/2005,BUF,NY,AEA,CE,Combined TRACON& Tower with Radar,198,104,24,0,326,0,7,44,0,51,198,111,68,0,377,36,0,36,413
05/07/2005,BUF,NY,AEA,CE,Combined TRACON& Tower with Radar,170,56,15,0,241,0,4,15,0,19,170,60,30,0,260,30,0,30,290
05/08/2005,BUF,NY,AEA,CE,Combined TRACON& Tower with Radar,162,45,17,0,224,0,3,26,0,29,162,48,43,0,253,16,2,18,271
05/09/2005,BUF,NY,AEA,CE,Combined TRACON& Tower with Radar,180,79,48,0,307,0,4,26,1,31,180,83,74,1,338,36,0,36,374
05/10/2005,BUF,NY,AEA,CE,Combined TRACON& Tower with Radar,187,96,34,0,317,0,6,17,2,25,187,102,51,2,342,42,7,49,391
05/11/2005,BUF,NY,AEA,CE,Combined TRACON& Tower with Radar,179,101,63,0,343,0,5,34,2,41,179,106,97,2,384,38,0,38,422
05/12/2005,BUF,NY,AEA,CE,Combined TRACON& Tower with Radar,194,104,38,2,338,0,7,18,0,25,194,111,56,2,363,5,0,5,368
05/13/2005,BUF,NY,AEA,CE,Combined TRACON& Tower with Radar,194,97,27,0,318,0,7,19,0,26,194,104,46,0,344,34,5,39,383
05/14/2005,BUF,NY,AEA,CE,Combined TRACON& Tower with Radar,176,48,19,0,243,0,1,2,0,3,176,49,21,0,246,13,1,14,260
05/15/2005,BUF,NY,AEA,CE,Combined TRACON& Tower with Radar,157,47,37,0,241,0,3,16,0,19,157,50,53,0,260,40,0,40,300
05/16/2005,BUF,NY,AEA,CE,Combined TRACON& Tower with Radar,182,84,35,0,301,0,6,20,0,26,182,90,55,0,327,32,0,32,359
05/17/2005,BUF,NY,AEA,CE,Combined TRACON& Tower with Radar,189,100,41,7,337,0,10,19,0,29,189,110,60,7,366,31,12,43,409
05/18/2005,BUF,NY,AEA,CE,Combined TRACON& Tower with Radar,192,99,27,2,320,0,13,55,1,69,192,112,82,3,389,4,0,4,393
05/19/2005,BUF,NY,AEA,CE,Combined TRACON& Tower with Radar,189,97,41,0,327,0,8,32,3,43,189,105,73,3,370,42,8,50,420
05/20/2005,BUF,NY,AEA,CE,Combined TRACON& Tower with Radar,195,98,34,0,327,0,3,36,0,39,195,101,70,0,366,50,0,50,416
05/21/2005,BUF,NY,AEA,CE,Combined TRACON& Tower with Radar,180,57,15,0,252,0,11,37,0,48,180,68,52,0,300,48,6,54,354
05/22/2005,BUF,NY,AEA,CE,Combined TRACON& Tower with Radar,158,48,28,0,234,0,8,31,0,39,158,56,59,0,273,60,8,68,341
05/23/2005,BUF,NY,AEA,CE,Combined TRACON& Tower with Radar,180,88,35,3,306,0,3,4,0,7,180,91,39,3,313,106,20,126,439
05/24/2005,BUF,NY,AEA,CE,Combined TRACON& Tower with Radar,193,99,35,0,327,0,3,4,0,7,193,102,39,0,334,39,0,39,373
05/25/2005,BUF,NY,AEA,CE,Combined TRACON& Tower with Radar,192,100,35,4,331,0,5,24,0,29,192,105,59,4,360,59,4,63,423
05/26/2005,BUF,NY,AEA,CE,Combined TRACON& Tower with Radar,193,108,28,0,329,0,4,36,0,40,193,112,64,0,369,38,0,38,407
05/27/2005,BUF,NY,AEA,CE,Combined TRACON& Tower with Radar,195,96,18,3,312,0,99,17,0,116,195,195,35,3,428,49,0,49,477
05/28/2005,BUF,NY,AEA,CE,Combined TRACON& Tower with Radar,175,52,13,3,243,0,2,15,0,17,175,54,28,3,260,36,4,40,300
05/29/2005,BUF,NY,AEA,CE,Combined TRACON& Tower with Radar,143,40,10,0,193,0,5,18,0,23,143,45,28,0,216,48,0,48,264
05/30/2005,BUF,NY,AEA,CE,Combined TRACON& Tower with Radar,170,51,36,0,257,0,7,25,1,33,170,58,61,1,290,34,0,34,324
05/31/2005,BUF,NY,AEA,CE,Combined TRACON& Tower with Radar,178,93,39,0,310,0,7,33,0,40,178,100,72,0,350,20,0,20,370
06/01/2005,BUF,NY,AEA,CE,Combined TRACON& Tower with Radar,191,100,46,3,340,0,12,24,0,36,191,112,70,3,376,53,14,67,443
06/02/2005,BUF,NY,AEA,CE,Combined TRACON& Tower with Radar,186,113,32,2,333,0,13,14,2,29,186,126,46,4,362,60,2,62,424
06/03/2005,BUF,NY,AEA,CE,Combined TRACON& Tower with Radar,190,104,42,0,336,0,9,9,0,18,190,113,51,0,354,40,0,40,394
06/04/2005,BUF,NY,AEA,CE,Combined TRACON& Tower with Radar,172,55,37,0,264,0,8,23,0,31,172,63,60,0,295,0,0,0,295
06/05/2005,BUF,NY,AEA,CE,Combined TRACON& Tower with Radar,150,47,15,4,216,0,7,20,0,27,150,54,35,4,243,61,1,62,305
06/06/2005,BUF,NY,AEA,CE,Combined TRACON& Tower with Radar,178,65,43,3,289,0,7,15,0,22,178,72,58,3,311,19,2,21,332
06/07/2005,BUF,NY,AEA,CE,Combined TRACON& Tower with Radar,184,125,32,2,343,0,6,29,0,35,184,131,61,2,378,18,0,18,396
06/08/2005,BUF,NY,AEA,CE,Combined TRACON& Tower with Radar,189,106,51,3,349,0,6,25,0,31,189,112,76,3,380,24,10,34,414
06/09/2005,BUF,NY,AEA,CE,Combined TRACON& Tower with Radar,181,105,37,2,325,0,1,22,0,23,181,106,59,2,348,48,6,54,402
06/10/2005,BUF,NY,AEA,CE,Combined TRACON& Tower with Radar,181,113,40,0,334,0,5,27,1,33,181,118,67,1,367,88,2,90,457
06/11/2005,BUF,NY,AEA,CE,Combined TRACON& Tower with Radar,157,63,23,0,243,0,8,15,0,23,157,71,38,0,266,48,8,56,322
06/12/2005,BUF,NY,AEA,CE,Combined TRACON& Tower with Radar,154,52,32,0,238,0,3,3,0,6,154,55,35,0,244,24,0,24,268
06/13/2005,BUF,NY,AEA,CE,Combined TRACON& Tower with Radar,167,82,25,0,274,0,3,6,0,9,167,85,31,0,283,42,0,42,325
06/14/2005,BUF,NY,AEA,CE,Combined TRACON& Tower with Radar,186,119,50,0,355,0,6,17,0,23,186,125,67,0,378,36,0,36,414
06/15/2005,BUF,NY,AEA,CE,Combined TRACON& Tower with Radar,190,109,45,0,344,0,0,5,0,5,190,109,50,0,349,46,9,55,404
06/16/2005,BUF,NY,AEA,CE,Combined TRACON& Tower with Radar,183,110,68,7,368,0,4,7,0,11,183,114,75,7,379,58,12,70,449
06/17/2005,BUF,NY,AEA,CE,Combined TRACON& Tower with Radar,193,107,48,0,348,0,9,22,0,31,193,116,70,0,379,48,10,58,437
06/18/2005,BUF,NY,AEA,CE,Combined TRACON& Tower with Radar,170,58,36,0,264,0,6,9,0,15,170,64,45,0,279,44,0,44,323
06/19/2005,BUF,NY,AEA,CE,Combined TRACON& Tower with Radar,157,55,31,0,243,0,2,29,0,31,157,57,60,0,274,58,0,58,332
06/20/2005,BUF,NY,AEA,CE,Combined TRACON& Tower with Radar,182,85,43,0,310,0,10,30,0,40,182,95,73,0,350,66,0,66,416
06/21/2005,BUF,NY,AEA,CE,Combined TRACON& Tower with Radar,184,102,56,0,342,0,11,39,0,50,184,113,95,0,392,60,0,60,452
06/22/2005,BUF,NY,AEA,CE,Combined TRACON& Tower with Radar,184,102,56,0,342,0,11,39,0,50,184,113,95,0,392,94,10,104,496
06/23/2005,BUF,NY,AEA,CE,Combined TRACON& Tower with Radar,192,106,47,1,346,0,15,50,0,65,192,121,97,1,411,46,8,54,465
06/24/2005,BUF,NY,AEA,CE,Combined TRACON& Tower with Radar,191,95,48,2,336,0,9,41,1,51,191,104,89,3,387,48,14,62,449
06/25/2005,BUF,NY,AEA,CE,Combined TRACON& Tower with Radar,170,54,41,0,265,0,8,35,2,45,170,62,76,2,310,57,2,59,369
06/26/2005,BUF,NY,AEA,CE,Combined TRACON& Tower with Radar,161,44,38,0,243,0,6,51,0,57,161,50,89,0,300,112,0,112,412
06/27/2005,BUF,NY,AEA,CE,Combined TRACON& Tower with Radar,172,80,61,7,320,0,11,29,3,43,172,91,90,10,363,72,8,80,443
06/28/2005,BUF,NY,AEA,CE,Combined TRACON& Tower with Radar,186,111,33,2,332,0,14,23,2,39,186,125,56,4,371,50,8,58,429
06/29/2005,BUF,NY,AEA,CE,Combined TRACON& Tower with Radar,194,95,46,4,339,0,6,13,2,21,194,101,59,6,360,80,10,90,450
06/30/2005,BUF,NY,AEA,CE,Combined TRACON& Tower with Radar,196,110,48,1,355,0,7,34,0,41,196,117,82,1,396,84,9,93,489
07/01/2005,BUF,NY,AEA,CE,Combined TRACON& Tower with Radar,178,113,42,0,333,0,6,14,0,20,178,119,56,0,353,44,1,45,398
07/02/2005,BUF,NY,AEA,CE,Combined TRACON& Tower with Radar,172,54,28,0,254,0,9,31,0,40,172,63,59,0,294,68,0,68,362
07/03/2005,BUF,NY,AEA,CE,Combined TRACON& Tower with Radar,150,55,23,0,228,0,2,26,0,28,150,57,49,0,256,28,0,28,284
07/04/2005,BUF,NY,AEA,CE,Combined TRACON& Tower with Radar,158,55,19,1,233,0,4,13,0,17,158,59,32,1,250,30,0,30,280
07/05/2005,BUF,NY,AEA,CE,Combined TRACON& Tower with Radar,176,95,39,0,310,0,3,7,2,12,176,98,46,2,322,55,0,55,377
07/06/2005,BUF,NY,AEA,CE,Combined TRACON& Tower with Radar,185,102,51,0,338,0,5,8,0,13,185,107,59,0,351,40,0,40,391
07/07/2005,BUF,NY,AEA,CE,Combined TRACON& Tower with Radar,185,114,23,0,322,0,6,21,0,27,185,120,44,0,349,48,6,54,403
07/08/2005,BUF,NY,AEA,CE,Combined TRACON& Tower with Radar,184,100,26,3,313,0,7,7,0,14,184,107,33,3,327,47,8,55,382
07/09/2005,BUF,NY,AEA,CE,Combined TRACON& Tower with Radar,170,68,34,2,274,0,6,35,0,41,170,74,69,2,315,72,0,72,387
07/10/2005,BUF,NY,AEA,CE,Combined TRACON& Tower with Radar,161,51,31,0,243,0,12,34,0,46,161,63,65,0,289,72,28,100,389
07/11/2005,BUF,NY,AEA,CE,Combined TRACON& Tower with Radar,179,77,36,0,292,0,8,37,0,45,179,85,73,0,337,22,4,26,363
07/12/2005,BUF,NY,AEA,CE,Combined TRACON& Tower with Radar,181,102,31,1,315,0,6,46,0,52,181,108,77,1,367,32,0,32,399
07/13/2005,BUF,NY,AEA,CE,Combined TRACON& Tower with Radar,177,101,53,0,331,0,11,22,0,33,177,112,75,0,364,32,0,32,396
07/14/2005,BUF,NY,AEA,CE,Combined TRACON& Tower with Radar,187,109,50,0,346,0,6,18,0,24,187,115,68,0,370,16,0,16,386
07/15/2005,BUF,NY,AEA,CE,Combined TRACON& Tower with Radar,178,104,41,0,323,0,7,34,0,41,178,111,75,0,364,52,0,52,416
07/16/2005,BUF,NY,AEA,CE,Combined TRACON& Tower with Radar,172,66,25,0,263,0,6,7,1,14,172,72,32,1,277,14,0,14,291
07/17/2005,BUF,NY,AEA,CE,Combined TRACON& Tower with Radar,155,65,23,1,244,0,0,8,0,8,155,65,31,1,252,56,0,56,308
07/18/2005,BUF,NY,AEA,CE,Combined TRACON& Tower with Radar,141,127,54,0,322,1,2,13,0,16,142,129,67,0,338,8,0,8,346
07/19/2005,BUF,NY,AEA,CE,Combined TRACON& Tower with Radar,133,161,37,7,338,0,6,14,0,20,133,167,51,7,358,54,6,60,418
07/20/2005,BUF,NY,AEA,CE,Combined TRACON& Tower with Radar,147,172,56,1,376,0,9,45,1,55,147,181,101,2,431,55,4,59,490
07/21/2005,BUF,NY,AEA,CE,Combined TRACON& Tower with Radar,137,166,41,0,344,0,9,34,2,45,137,175,75,2,389,38,12,50,439
07/22/2005,BUF,NY,AEA,CE,Combined TRACON& Tower with Radar,139,162,49,3,353,0,0,0,0,0,139,162,49,3,353,75,6,81,434
07/23/2005,BUF,NY,AEA,CE,Combined TRACON& Tower with Radar,129,95,39,0,263,0,7,50,0,57,129,102,89,0,320,48,0,48,368
07/24/2005,BUF,NY,AEA,CE,Combined TRACON& Tower with Radar,116,112,27,1,256,0,10,16,0,26,116,122,43,1,282,64,0,64,346
07/25/2005,BUF,NY,AEA,CE,Combined TRACON& Tower with Radar,121,139,25,2,287,0,8,22,0,30,121,147,47,2,317,39,3,42,359
07/26/2005,BUF,NY,AEA,CE,Combined TRACON& Tower with Radar,132,159,38,0,329,0,8,19,2,29,132,167,57,2,358,48,8,56,414
07/27/2005,BUF,NY,AEA,CE,Combined TRACON& Tower with Radar,147,159,66,0,372,0,3,9,0,12,147,162,75,0,384,72,18,90,474
07/28/2005,BUF,NY,AEA,CE,Combined TRACON& Tower with Radar,143,174,55,0,372,0,4,44,0,48,143,178,99,0,420,14,0,14,434
07/29/2005,BUF,NY,AEA,CE,Combined TRACON& Tower with Radar,130,154,56,0,340,0,12,49,0,61,130,166,105,0,401,72,8,80,481
07/30/2005,BUF,NY,AEA,CE,Combined TRACON& Tower with Radar,135,91,37,0,263,0,7,33,2,42,135,98,70,2,305,40,6,46,351
07/31/2005,BUF,NY,AEA,CE,Combined TRACON& Tower with Radar,112,95,29,0,236,0,7,36,0,43,112,102,65,0,279,12,0,12,291
08/01/2005,BUF,NY,AEA,CE,Combined TRACON& Tower with Radar,124,136,30,0,290,0,6,27,1,34,124,142,57,1,324,52,4,56,380
08/02/2005,BUF,NY,AEA,CE,Combined TRACON& Tower with Radar,144,170,36,0,350,0,7,25,0,32,144,177,61,0,382,52,4,56,438
08/03/2005,BUF,NY,AEA,CE,Combined TRACON& Tower with Radar,134,181,71,0,386,0,11,29,0,40,134,192,100,0,426,72,8,80,506
08/04/2005,BUF,NY,AEA,CE,Combined TRACON& Tower with Radar,135,163,45,2,345,0,11,16,0,27,135,174,61,2,372,80,32,112,484
08/05/2005,BUF,NY,AEA,CE,Combined TRACON& Tower with Radar,134,165,32,0,331,0,16,43,0,59,134,181,75,0,390,48,22,70,460
08/06/2005,BUF,NY,AEA,CE,Combined TRACON& Tower with Radar,138,99,23,0,260,0,0,0,0,0,138,99,23,0,260,28,4,32,292
08/07/2005,BUF,NY,AEA,CE,Combined TRACON& Tower with Radar,113,100,30,0,243,0,4,30,0,34,113,104,60,0,277,64,0,64,341
08/08/2005,BUF,NY,AEA,CE,Combined TRACON& Tower with Radar,126,126,49,0,301,0,2,19,2,23,126,128,68,2,324,64,2,66,390
08/09/2005,BUF,NY,AEA,CE,Combined TRACON& Tower with Radar,144,167,57,4,372,0,7,31,0,38,144,174,88,4,410,36,4,40,450
08/10/2005,BUF,NY,AEA,CE,Combined TRACON& Tower with Radar,137,165,39,0,341,0,8,9,0,17,137,173,48,0,358,64,2,66,424
08/11/2005,BUF,NY,AEA,CE,Combined TRACON& Tower with Radar,130,168,40,2,340,0,3,22,0,25,130,171,62,2,365,30,2,32,397
08/12/2005,BUF,NY,AEA,CE,Combined TRACON& Tower with Radar,144,167,57,4,372,0,7,31,0,38,144,174,88,4,410,36,4,40,450
08/13/2005,BUF,NY,AEA,CE,Combined TRACON& Tower with Radar,135,99,39,0,273,0,2,26,0,28,135,101,65,0,301,16,4,20,321
08/14/2005,BUF,NY,AEA,CE,Combined TRACON& Tower with Radar,113,90,28,0,231,0,3,10,0,13,113,93,38,0,244,32,0,32,276
08/15/2005,BUF,NY,AEA,CE,Combined TRACON& Tower with Radar,134,132,60,2,328,0,2,22,1,25,134,134,82,3,353,44,6,50,403
08/16/2005,BUF,NY,AEA,CE,Combined TRACON& Tower with Radar,137,162,47,0,346,0,3,35,0,38,137,165,82,0,384,18,0,18,402
08/17/2005,BUF,NY,AEA,CE,Combined TRACON& Tower with Radar,140,159,46,0,345,0,6,27,0,33,140,165,73,0,378,72,16,88,466
08/18/2005,BUF,NY,AEA,CE,Combined TRACON& Tower with Radar,130,161,47,2,340,0,5,31,0,36,130,166,78,2,376,42,2,44,420
08/19/2005,BUF,NY,AEA,CE,Combined TRACON& Tower with Radar,147,158,36,0,341,0,4,3,0,7,147,162,39,0,348,0,0,0,348
08/20/2005,BUF,NY,AEA,CE,Combined TRACON& Tower with Radar,127,101,17,0,245,0,10,5,0,15,127,111,22,0,260,32,0,32,292
08/21/2005,BUF,NY,AEA,CE,Combined TRACON& Tower with Radar,119,107,27,0,253,0,5,18,0,23,119,112,45,0,276,42,0,42,318
08/22/2005,BUF,NY,AEA,CE,Combined TRACON& Tower with Radar,122,129,43,0,294,0,4,16,0,20,122,133,59,0,314,50,6,56,370
08/23/2005,BUF,NY,AEA,CE,Combined TRACON& Tower with Radar,134,161,38,2,335,1,12,16,0,29,135,173,54,2,364,54,14,68,432
08/24/2005,BUF,NY,AEA,CE,Combined TRACON& Tower with Radar,143,150,52,1,346,0,11,27,1,39,143,161,79,2,385,56,10,66,451
08/25/2005,BUF,NY,AEA,CE,Combined TRACON& Tower with Radar,137,148,40,3,328,0,3,47,3,53,137,151,87,6,381,24,4,28,409
08/26/2005,BUF,NY,AEA,CE,Combined TRACON& Tower with Radar,140,161,29,2,332,1,12,53,0,66,141,173,82,2,398,52,12,64,462
08/27/2005,BUF,NY,AEA,CE,Combined TRACON& Tower with Radar,131,101,14,5,251,0,7,12,5,24,131,108,26,10,275,39,8,47,322
08/28/2005,BUF,NY,AEA,CE,Combined TRACON& Tower with Radar,112,92,19,0,223,0,3,32,4,39,112,95,51,4,262,72,8,80,342
08/29/2005,BUF,NY,AEA,CE,Combined TRACON& Tower with Radar,125,128,42,0,295,0,5,11,4,20,125,133,53,4,315,64,8,72,387
08/30/2005,BUF,NY,AEA,CE,Combined TRACON& Tower with Radar,140,157,41,6,344,0,1,12,0,13,140,158,53,6,357,21,0,21,378
08/31/2005,BUF,NY,AEA,CE,Combined TRACON& Tower with Radar,139,156,33,0,328,0,0,3,0,3,139,156,36,0,331,0,0,0,331
09/01/2005,BUF,NY,AEA,CE,Combined TRACON& Tower with Radar,142,149,47,9,347,0,6,24,1,31,142,155,71,10,378,64,4,68,446
09/02/2005,BUF,NY,AEA,CE,Combined TRACON& Tower with Radar,146,157,23,0,326,0,13,26,0,39,146,170,49,0,365,18,2,20,385
09/03/2005,BUF,NY,AEA,CE,Combined TRACON& Tower with Radar,147,157,23,0,327,0,13,26,0,39,147,170,49,0,366,72,0,72,438
09/04/2005,BUF,NY,AEA,CE,Combined TRACON& Tower with Radar,102,73,14,0,189,2,2,12,0,16,104,75,26,0,205,32,12,44,249
09/05/2005,BUF,NY,AEA,CE,Combined TRACON& Tower with Radar,123,92,20,0,235,0,3,24,0,27,123,95,44,0,262,30,4,34,296
09/06/2005,BUF,NY,AEA,CE,Combined TRACON& Tower with Radar,128,128,33,5,294,0,5,30,1,36,128,133,63,6,330,48,36,84,414
09/07/2005,BUF,NY,AEA,CE,Combined TRACON& Tower with Radar,140,156,41,1,338,0,0,0,0,0,140,156,41,1,338,44,8,52,390
09/08/2005,BUF,NY,AEA,CE,Combined TRACON& Tower with Radar,139,176,32,1,348,0,9,12,1,22,139,185,44,2,370,64,8,72,442
09/09/2005,BUF,NY,AEA,CE,Combined TRACON& Tower with Radar,143,164,37,3,347,0,8,47,0,55,143,172,84,3,402,60,0,60,462
09/10/2005,BUF,NY,AEA,CE,Combined TRACON& Tower with Radar,129,88,30,1,248,0,9,40,0,49,129,97,70,1,297,24,0,24,321
09/11/2005,BUF,NY,AEA,CE,Combined TRACON& Tower with Radar,113,94,25,1,233,0,14,47,0,61,113,108,72,1,294,64,0,64,358
09/12/2005,BUF,NY,AEA,CE,Combined TRACON& Tower with Radar,127,143,44,2,316,0,13,25,0,38,127,156,69,2,354,56,0,56,410
09/13/2005,BUF,NY,AEA,CE,Combined TRACON& Tower with Radar,132,160,46,3,341,0,17,21,1,39,132,177,67,4,380,32,0,32,412
09/14/2005,BUF,NY,AEA,CE,Combined TRACON& Tower with Radar,137,162,43,7,349,0,4,9,5,18,137,166,52,12,367,72,8,80,447
09/15/2005,BUF,NY,AEA,CE,Combined TRACON& Tower with Radar,146,151,38,0,335,0,6,31,0,37,146,157,69,0,372,72,8,80,452
09/16/2005,BUF,NY,AEA,CE,Combined TRACON& Tower with Radar,139,180,31,0,350,0,2,2,0,4,139,182,33,0,354,30,12,42,396
09/17/2005,BUF,NY,AEA,CE,Combined TRACON& Tower with Radar,124,107,18,0,249,0,6,8,0,14,124,113,26,0,263,0,0,0,263
09/18/2005,BUF,NY,AEA,CE,Combined TRACON& Tower with Radar,111,92,20,0,223,0,7,37,0,44,111,99,57,0,267,90,0,90,357
09/19/2005,BUF,NY,AEA,CE,Combined TRACON& Tower with Radar,121,137,33,0,291,0,6,20,0,26,121,143,53,0,317,34,24,58,375
09/20/2005,BUF,NY,AEA,CE,Combined TRACON& Tower with Radar,138,159,39,2,338,0,7,16,1,24,138,166,55,3,362,26,3,29,391
09/21/2005,BUF,NY,AEA,CE,Combined TRACON& Tower with Radar,138,165,38,2,343,0,4,32,0,36,138,169,70,2,379,39,14,53,432
09/22/2005,BUF,NY,AEA,CE,Combined TRACON& Tower with Radar,134,157,46,3,340,0,5,20,0,25,134,162,66,3,365,32,8,40,405
09/23/2005,BUF,NY,AEA,CE,Combined TRACON& Tower with Radar,144,164,33,0,341,0,1,15,0,16,144,165,48,0,357,56,18,74,431
09/24/2005,BUF,NY,AEA,CE,Combined TRACON& Tower with Radar,125,96,22,0,243,0,8,40,0,48,125,104,62,0,291,64,0,64,355
09/25/2005,BUF,NY,AEA,CE,Combined TRACON& Tower with Radar,112,91,34,1,238,0,3,17,0,20,112,94,51,1,258,20,0,20,278
09/26/2005,BUF,NY,AEA,CE,Combined TRACON& Tower with Radar,127,138,30,1,296,0,1,1,0,2,127,139,31,1,298,16,0,16,314
09/27/2005,BUF,NY,AEA,CE,Combined TRACON& Tower with Radar,141,169,48,1,359,0,12,19,0,31,141,181,67,1,390,58,10,68,458
09/28/2005,BUF,NY,AEA,CE,Combined TRACON& Tower with Radar,138,160,56,3,357,0,4,28,2,34,138,164,84,5,391,60,0,60,451
09/29/2005,BUF,NY,AEA,CE,Combined TRACON& Tower with Radar,143,156,43,0,342,1,9,1,1,12,144,165,44,1,354,64,0,64,418
09/30/2005,BUF,NY,AEA,CE,Combined TRACON& Tower with Radar,140,159,33,0,332,0,6,31,0,37,140,165,64,0,369,50,2,52,421
10/01/2005,BUF,NY,AEA,CE,Combined TRACON& Tower with Radar,127,98,23,0,248,0,15,39,0,54,127,113,62,0,302,54,0,54,356
10/02/2005,BUF,NY,AEA,CE,Combined TRACON& Tower with Radar,111,88,27,0,226,0,7,36,0,43,111,95,63,0,269,32,2,34,303
10/03/2005,BUF,NY,AEA,CE,Combined TRACON& Tower with Radar,126,129,42,2,299,1,9,30,0,40,127,138,72,2,339,40,4,44,383
10/04/2005,BUF,NY,AEA,CE,Combined TRACON& Tower with Radar,144,161,43,0,348,0,3,40,0,43,144,164,83,0,391,40,2,42,433
10/05/2005,BUF,NY,AEA,CE,Combined TRACON& Tower with Radar,142,164,47,5,358,0,7,26,0,33,142,171,73,5,391,40,6,46,437
10/06/2005,BUF,NY,AEA,CE,Combined TRACON& Tower with Radar,138,164,64,1,367,0,5,29,2,36,138,169,93,3,403,32,4,36,439
10/07/2005,BUF,NY,AEA,CE,Combined TRACON& Tower with Radar,135,161,46,0,342,0,0,0,0,0,135,161,46,0,342,0,0,0,342
10/08/2005,BUF,NY,AEA,CE,Combined TRACON& Tower with Radar,126,102,28,0,256,0,2,5,0,7,126,104,33,0,263,0,0,0,263
10/09/2005,BUF,NY,AEA,CE,Combined TRACON& Tower with Radar,115,86,34,2,237,0,2,11,0,13,115,88,45,2,250,40,4,44,294
10/10/2005,BUF,NY,AEA,CE,Combined TRACON& Tower with Radar,120,121,31,0,272,0,0,3,0,3,120,121,34,0,275,0,0,0,275
10/11/2005,BUF,NY,AEA,CE,Combined TRACON& Tower with Radar,139,151,42,0,332,0,0,2,0,2,139,151,44,0,334,0,0,0,334
10/12/2005,BUF,NY,AEA,CE,Combined TRACON& Tower with Radar,133,150,40,5,328,0,1,6,0,7,133,151,46,5,335,16,0,16,351
10/13/2005,BUF,NY,AEA,CE,Combined TRACON& Tower with Radar,132,162,39,2,335,0,0,21,0,21,132,162,60,2,356,14,0,14,370
10/14/2005,BUF,NY,AEA,CE,Combined TRACON& Tower with Radar,140,165,17,0,322,0,0,5,0,5,140,165,22,0,327,40,0,40,367
10/15/2005,BUF,NY,AEA,CE,Combined TRACON& Tower with Radar,120,110,23,0,253,0,5,5,0,10,120,115,28,0,263,51,2,53,316
10/16/2005,BUF,NY,AEA,CE,Combined TRACON& Tower with Radar,110,96,34,0,240,0,3,5,0,8,110,99,39,0,248,32,0,32,280
10/17/2005,BUF,NY,AEA,CE,Combined TRACON& Tower with Radar,118,140,28,4,290,0,10,22,0,32,118,150,50,4,322,32,4,36,358
10/18/2005,BUF,NY,AEA,CE,Combined TRACON& Tower with Radar,138,156,27,0,321,0,8,5,0,13,138,164,32,0,334,45,5,50,384
10/19/2005,BUF,NY,AEA,CE,Combined TRACON& Tower with Radar,136,159,31,2,328,0,26,9,0,35,136,185,40,2,363,82,0,82,445
10/20/2005,BUF,NY,AEA,CE,Combined TRACON& Tower with Radar,135,163,52,0,350,0,12,40,2,54,135,175,92,2,404,126,0,126,530
10/21/2005,BUF,NY,AEA,CE,Combined TRACON& Tower with Radar,133,155,31,2,321,0,29,48,0,77,133,184,79,2,398,112,8,120,518
10/22/2005,BUF,NY,AEA,CE,Combined TRACON& Tower with Radar,116,97,17,0,230,0,2,2,0,4,116,99,19,0,234,0,0,0,234
10/23/2005,BUF,NY,AEA,CE,Combined TRACON& Tower with Radar,113,86,35,2,236,0,0,3,0,3,113,86,38,2,239,14,0,14,253
10/24/2005,BUF,NY,AEA,CE,Combined TRACON& Tower with Radar,120,135,25,0,280,0,0,3,0,3,120,135,28,0,283,16,0,16,299
10/25/2005,BUF,NY,AEA,CE,Combined TRACON& Tower with Radar,133,146,28,0,307,0,0,0,0,0,133,146,28,0,307,0,0,0,307
10/26/2005,BUF,NY,AEA,CE,Combined TRACON& Tower with Radar,135,151,34,0,320,0,4,10,0,14,135,155,44,0,334,58,2,60,394
10/27/2005,BUF,NY,AEA,CE,Combined TRACON& Tower with Radar,132,163,45,2,342,0,2,22,0,24,132,165,67,2,366,48,1,49,415
10/28/2005,BUF,NY,AEA,CE,Combined TRACON& Tower with Radar,132,160,43,0,335,0,15,21,0,36,132,175,64,0,371,44,6,50,421
10/29/2005,BUF,NY,AEA,CE,Combined TRACON& Tower with Radar,114,100,21,0,235,0,7,38,0,45,114,107,59,0,280,62,0,62,342
10/30/2005,BUF,NY,AEA,CE,Combined TRACON& Tower with Radar,103,95,24,0,222,0,6,29,0,35,103,101,53,0,257,16,0,16,273
10/31/2005,BUF,NY,AEA,CE,Combined TRACON& Tower with Radar,106,142,32,1,281,0,2,9,0,11,106,144,41,1,292,36,0,36,328
11/01/2005,BUF,NY,AEA,CE,Combined TRACON& Tower with Radar,127,169,44,1,341,0,3,0,0,3,127,172,44,1,344,6,0,6,350
11/02/2005,BUF,NY,AEA,CE,Combined TRACON& Tower with Radar,114,172,40,1,327,0,7,26,3,36,114,179,66,4,363,8,0,8,371
11/03/2005,BUF,NY,AEA,CE,Combined TRACON& Tower with Radar,124,170,35,0,329,0,7,7,2,16,124,177,42,2,345,50,0,50,395
11/04/2005,BUF,NY,AEA,CE,Combined TRACON& Tower with Radar,125,163,26,0,314,0,6,23,0,29,125,169,49,0,343,8,0,8,351
11/05/2005,BUF,NY,AEA,CE,Combined TRACON& Tower with Radar,102,103,8,0,213,0,5,29,0,34,102,108,37,0,247,42,0,42,289
11/06/2005,BUF,NY,AEA,CE,Combined TRACON& Tower with Radar,81,79,15,1,176,0,4,1,0,5,81,83,16,1,181,20,4,24,205
11/07/2005,BUF,NY,AEA,CE,Combined TRACON& Tower with Radar,121,148,33,0,302,0,5,27,3,35,121,153,60,3,337,52,4,56,393
11/08/2005,BUF,NY,AEA,CE,Combined TRACON& Tower with Radar,129,169,43,0,341,0,3,29,0,32,129,172,72,0,373,88,2,90,463
11/09/2005,BUF,NY,AEA,CE,Combined TRACON& Tower with Radar,116,155,29,0,300,1,3,0,0,4,117,158,29,0,304,86,16,102,406
11/10/2005,BUF,NY,AEA,CE,Combined TRACON& Tower with Radar,118,170,34,1,323,0,4,4,1,9,118,174,38,2,332,96,14,110,442
11/11/2005,BUF,NY,AEA,CE,Combined TRACON& Tower with Radar,120,160,30,0,310,0,0,25,0,25,120,160,55,0,335,24,8,32,367
11/12/2005,BUF,NY,AEA,CE,Combined TRACON& Tower with Radar,106,93,18,0,217,0,3,39,2,44,106,96,57,2,261,110,24,134,395
11/13/2005,BUF,NY,AEA,CE,Combined TRACON& Tower with Radar,90,106,17,0,213,0,3,5,0,8,90,109,22,0,221,22,6,28,249
11/14/2005,BUF,NY,AEA,CE,Combined TRACON& Tower with Radar,107,145,33,0,285,0,10,35,0,45,107,155,68,0,330,46,6,52,382
11/15/2005,BUF,NY,AEA,CE,Combined TRACON& Tower with Radar,118,161,39,0,318,0,6,1,0,7,118,167,40,0,325,14,0,14,339
11/16/2005,BUF,NY,AEA,CE,Combined TRACON& Tower with Radar,117,160,32,0,309,0,1,0,0,1,117,161,32,0,310,36,0,36,346
11/17/2005,BUF,NY,AEA,CE,Combined TRACON& Tower with Radar,117,174,40,2,333,0,0,2,0,2,117,174,42,2,335,28,0,28,363
11/18/2005,BUF,NY,AEA,CE,Combined TRACON& Tower with Radar,124,180,40,1,345,0,1,5,0,6,124,181,45,1,351,0,0,0,351
11/19/2005,BUF,NY,AEA,CE,Combined TRACON& Tower with Radar,109,101,21,2,233,0,4,27,0,31,109,105,48,2,264,34,12,46,310
11/20/2005,BUF,NY,AEA,CE,Combined TRACON& Tower with Radar,88,97,21,0,206,0,4,26,0,30,88,101,47,0,236,56,14,70,306
11/21/2005,BUF,NY,AEA,CE,Combined TRACON& Tower with Radar,104,135,37,2,278,0,2,12,2,16,104,137,49,4,294,45,25,70,364
11/22/2005,BUF,NY,AEA,CE,Combined TRACON& Tower with Radar,121,166,32,1,320,0,4,4,3,11,121,170,36,4,331,31,2,33,364
11/23/2005,BUF,NY,AEA,CE,Combined TRACON& Tower with Radar,127,180,22,0,329,0,2,16,0,18,127,182,38,0,347,38,0,38,385
11/24/2005,BUF,NY,AEA,CE,Combined TRACON& Tower with Radar,102,113,0,0,215,0,0,0,0,0,102,113,0,0,215,0,0,0,215
11/25/2005,BUF,NY,AEA,CE,Combined TRACON& Tower with Radar,77,93,12,0,182,0,0,5,0,5,77,93,17,0,187,0,0,0,187
11/26/2005,BUF,NY,AEA,CE,Combined TRACON& Tower with Radar,116,106,16,0,238,0,0,0,0,0,116,106,16,0,238,24,0,24,262
11/27/2005,BUF,NY,AEA,CE,Combined TRACON& Tower with Radar,98,103,36,0,237,0,2,20,0,22,98,105,56,0,259,34,0,34,293
11/28/2005,BUF,NY,AEA,CE,Combined TRACON& Tower with Radar,109,136,37,0,282,0,2,3,0,5,109,138,40,0,287,0,0,0,287
11/29/2005,BUF,NY,AEA,CE,Combined TRACON& Tower with Radar,128,155,33,0,316,0,2,2,0,4,128,157,35,0,320,46,0,46,366
11/30/2005,BUF,NY,AEA,CE,Combined TRACON& Tower with Radar,124,167,29,1,321,0,2,1,0,3,124,169,30,1,324,0,0,0,324
12/01/2005,BUF,NY,AEA,CE,Combined TRACON& Tower with Radar,118,170,24,0,312,0,0,16,0,16,118,170,40,0,328,0,0,0,328
12/02/2005,BUF,NY,AEA,CE,Combined TRACON& Tower with Radar,116,164,16,0,296,0,0,0,0,0,116,164,16,0,296,46,0,46,342
12/03/2005,BUF,NY,AEA,CE,Combined TRACON& Tower with Radar,98,110,16,4,228,0,2,14,0,16,98,112,30,4,244,32,4,36,280
12/04/2005,BUF,NY,AEA,CE,Combined TRACON& Tower with Radar,81,99,23,0,203,0,2,6,0,8,81,101,29,0,211,64,0,64,275
12/05/2005,BUF,NY,AEA,CE,Combined TRACON& Tower with Radar,100,139,27,1,267,0,2,5,0,7,100,141,32,1,274,0,0,0,274
12/06/2005,BUF,NY,AEA,CE,Combined TRACON& Tower with Radar,114,158,34,0,306,0,5,12,0,17,114,163,46,0,323,0,0,0,323
12/07/2005,BUF,NY,AEA,CE,Combined TRACON& Tower with Radar,112,164,46,1,323,0,6,0,1,7,112,170,46,2,330,0,0,0,330
12/08/2005,BUF,NY,AEA,CE,Combined TRACON& Tower with Radar,107,196,41,1,345,0,1,22,0,23,107,197,63,1,368,32,0,32,400
12/09/2005,BUF,NY,AEA,CE,Combined TRACON& Tower with Radar,109,133,16,0,258,0,2,2,0,4,109,135,18,0,262,16,2,18,280
12/10/2005,BUF,NY,AEA,CE,Combined TRACON& Tower with Radar,96,102,17,0,215,0,3,9,0,12,96,105,26,0,227,26,0,26,253
12/11/2005,BUF,NY,AEA,CE,Combined TRACON& Tower with Radar,86,106,25,0,217,0,0,0,0,0,86,106,25,0,217,34,0,34,251
12/12/2005,BUF,NY,AEA,CE,Combined TRACON& Tower with Radar,99,139,33,3,274,0,6,5,0,11,99,145,38,3,285,32,0,32,317
12/13/2005,BUF,NY,AEA,CE,Combined TRACON& Tower with Radar,112,160,43,6,321,0,6,21,1,28,112,166,64,7,349,40,24,64,413
12/14/2005,BUF,NY,AEA,CE,Combined TRACON& Tower with Radar,110,166,48,0,324,0,10,14,0,24,110,176,62,0,348,32,0,32,380
12/15/2005,BUF,NY,AEA,CE,Combined TRACON& Tower with Radar,111,127,29,0,267,0,0,4,0,4,111,127,33,0,271,16,0,16,287
12/16/2005,BUF,NY,AEA,CE,Combined TRACON& Tower with Radar,118,157,16,0,291,0,0,0,0,0,118,157,16,0,291,0,0,0,291
12/17/2005,BUF,NY,AEA,CE,Combined TRACON& Tower with Radar,111,108,16,0,235,0,0,5,1,6,111,108,21,1,241,0,0,0,241
12/18/2005,BUF,NY,AEA,CE,Combined TRACON& Tower with Radar,96,106,21,1,224,15,2,0,0,17,111,108,21,1,241,0,0,0,241
12/19/2005,BUF,NY,AEA,CE,Combined TRACON& Tower with Radar,108,131,37,0,276,0,0,2,0,2,108,131,39,0,278,0,0,0,278
12/20/2005,BUF,NY,AEA,CE,Combined TRACON& Tower with Radar,124,170,28,0,322,0,0,1,0,1,124,170,29,0,323,0,0,0,323
12/21/2005,BUF,NY,AEA,CE,Combined TRACON& Tower with Radar,129,173,24,0,326,0,6,0,0,6,129,179,24,0,332,10,0,10,342
12/22/2005,BUF,NY,AEA,CE,Combined TRACON& Tower with Radar,133,172,23,1,329,0,2,0,0,2,133,174,23,1,331,4,0,4,335
12/23/2005,BUF,NY,AEA,CE,Combined TRACON& Tower with Radar,124,163,33,3,323,0,3,20,3,26,124,166,53,6,349,30,1,31,380
12/24/2005,BUF,NY,AEA,CE,Combined TRACON& Tower with Radar,113,108,5,0,226,0,3,6,0,9,113,111,11,0,235,64,35,99,334
12/25/2005,BUF,NY,AEA,CE,Combined TRACON& Tower with Radar,85,82,3,0,170,0,3,0,0,3,85,85,3,0,173,4,0,4,177
12/26/2005,BUF,NY,AEA,CE,Combined TRACON& Tower with Radar,108,107,11,0,226,0,0,0,0,0,108,107,11,0,226,0,0,0,226
12/27/2005,BUF,NY,AEA,CE,Combined TRACON& Tower with Radar,113,139,25,0,277,0,3,7,0,10,113,142,32,0,287,32,0,32,319
12/28/2005,BUF,NY,AEA,CE,Combined TRACON& Tower with Radar,119,147,33,0,299,0,4,6,0,10,119,151,39,0,309,24,0,24,333
12/29/2005,BUF,NY,AEA,CE,Combined TRACON& Tower with Radar,124,142,5,0,271,0,0,0,0,0,124,142,5,0,271,28,0,28,299
12/30/2005,BUF,NY,AEA,CE,Combined TRACON& Tower with Radar,131,142,18,0,291,0,9,2,0,11,131,151,20,0,302,0,0,0,302
12/31/2005,BUF,NY,AEA,CE,Combined TRACON& Tower with Radar,110,101,4,0,215,0,0,0,0,0,110,101,4,0,215,34,0,34,249
01/01/2006,BUF,NY,AEA,CE,Combined TRACON& Tower with Radar,93,84,3,0,180,0,2,2,0,4,93,86,5,0,184,32,0,32,216
01/02/2006,BUF,NY,AEA,CE,Combined TRACON& Tower with Radar,103,104,17,0,224,0,0,2,0,2,103,104,19,0,226,16,0,16,242
01/03/2006,BUF,NY,AEA,CE,Combined TRACON& Tower with Radar,114,129,21,0,264,0,4,3,0,7,114,133,24,0,271,12,0,12,283
01/04/2006,BUF,NY,AEA,CE,Combined TRACON& Tower with Radar,124,161,22,0,307,0,0,0,0,0,124,161,22,0,307,6,0,6,313
01/05/2006,BUF,NY,AEA,CE,Combined TRACON& Tower with Radar,118,149,14,0,281,0,0,0,0,0,118,149,14,0,281,32,4,36,317
01/06/2006,BUF,NY,AEA,CE,Combined TRACON& Tower with Radar,125,144,23,0,292,0,0,1,0,1,125,144,24,0,293,32,0,32,325
01/07/2006,BUF,NY,AEA,CE,Combined TRACON& Tower with Radar,93,95,11,0,199,0,4,2,0,6,93,99,13,0,205,0,0,0,205
01/08/2006,BUF,NY,AEA,CE,Combined TRACON& Tower with Radar,94,88,13,0,195,0,8,22,0,30,94,96,35,0,225,32,0,32,257
01/09/2006,BUF,NY,AEA,CE,Combined TRACON& Tower with Radar,105,125,41,0,271,0,0,1,0,1,105,125,42,0,272,0,0,0,272
01/10/2006,BUF,NY,AEA,CE,Combined TRACON& Tower with Radar,106,159,34,4,303,0,10,29,0,39,106,169,63,4,342,42,0,42,384
01/11/2006,BUF,NY,AEA,CE,Combined TRACON& Tower with Radar,111,153,35,0,299,0,2,6,0,8,111,155,41,0,307,12,0,12,319
01/12/2006,BUF,NY,AEA,CE,Combined TRACON& Tower with Radar,111,160,29,1,301,0,6,30,0,36,111,166,59,1,337,44,0,44,381
01/13/2006,BUF,NY,AEA,CE,Combined TRACON& Tower with Radar,109,135,26,0,270,0,1,15,0,16,109,136,41,0,286,33,0,33,319
01/14/2006,BUF,NY,AEA,CE,Combined TRACON& Tower with Radar,83,97,7,2,189,0,3,2,0,5,83,100,9,2,194,6,0,6,200
01/15/2006,BUF,NY,AEA,CE,Combined TRACON& Tower with Radar,91,89,9,0,189,0,5,14,0,19,91,94,23,0,208,40,4,44,252
01/16/2006,BUF,NY,AEA,CE,Combined TRACON& Tower with Radar,97,117,22,0,236,0,3,17,0,20,97,120,39,0,256,12,0,12,268
01/17/2006,BUF,NY,AEA,CE,Combined TRACON& Tower with Radar,107,134,31,1,273,0,2,3,0,5,107,136,34,1,278,16,4,20,298
01/18/2006,BUF,NY,AEA,CE,Combined TRACON& Tower with Radar,104,134,16,0,254,0,0,0,0,0,104,134,16,0,254,32,0,32,286
01/19/2006,BUF,NY,AEA,CE,Combined TRACON& Tower with Radar,114,161,41,0,316,0,9,18,0,27,114,170,59,0,343,42,0,42,385
01/20/2006,BUF,NY,AEA,CE,Combined TRACON& Tower with Radar,112,157,32,0,301,0,4,4,0,8,112,161,36,0,309,48,0,48,357
01/21/2006,BUF,NY,AEA,CE,Combined TRACON& Tower with Radar,88,87,8,0,183,0,2,8,0,10,88,89,16,0,193,18,0,18,211
01/22/2006,BUF,NY,AEA,CE,Combined TRACON& Tower with Radar,78,83,15,0,176,0,2,34,0,36,78,85,49,0,212,68,0,68,280
01/23/2006,BUF,NY,AEA,CE,Combined TRACON& Tower with Radar,100,122,27,5,254,0,6,12,0,18,100,128,39,5,272,14,20,34,306
01/24/2006,BUF,NY,AEA,CE,Combined TRACON& Tower with Radar,108,155,24,1,288,0,4,7,0,11,108,159,31,1,299,0,0,0,299
01/25/2006,BUF,NY,AEA,CE,Combined TRACON& Tower with Radar,108,150,30,0,288,0,3,1,0,4,108,153,31,0,292,32,0,32,324
01/26/2006,BUF,NY,AEA,CE,Combined TRACON& Tower with Radar,112,146,27,2,287,0,6,10,0,16,112,152,37,2,303,30,12,42,345
01/27/2006,BUF,NY,AEA,CE,Combined TRACON& Tower with Radar,110,153,26,0,289,0,13,21,0,34,110,166,47,0,323,32,0,32,355
01/28/2006,BUF,NY,AEA,CE,Combined TRACON& Tower with Radar,88,97,22,0,207,0,16,41,0,57,88,113,63,0,264,0,0,0,264
01/29/2006,BUF,NY,AEA,CE,Combined TRACON& Tower with Radar,88,85,14,0,187,0,4,2,0,6,88,89,16,0,193,32,0,32,225
01/30/2006,BUF,NY,AEA,CE,Combined TRACON& Tower with Radar,96,132,26,1,255,0,13,13,1,27,96,145,39,2,282,48,12,60,342
01/31/2006,BUF,NY,AEA,CE,Combined TRACON& Tower with Radar,108,148,29,1,286,0,4,0,1,5,108,152,29,2,291,12,4,16,307
02/01/2006,BUF,NY,AEA,CE,Combined TRACON& Tower with Radar,113,156,47,0,316,0,4,17,0,21,113,160,64,0,337,22,6,28,365
02/02/2006,BUF,NY,AEA,CE,Combined TRACON& Tower with Radar,111,156,34,2,303,0,2,21,4,27,111,158,55,6,330,64,0,64,394
02/03/2006,BUF,NY,AEA,CE,Combined TRACON& Tower with Radar,104,149,14,2,269,0,2,0,0,2,104,151,14,2,271,0,0,0,271
02/04/2006,BUF,NY,AEA,CE,Combined TRACON& Tower with Radar,87,93,12,0,192,0,0,7,0,7,87,93,19,0,199,0,0,0,199
02/05/2006,BUF,NY,AEA,CE,Combined TRACON& Tower with Radar,92,84,7,0,183,0,0,0,0,0,92,84,7,0,183,48,0,48,231
02/06/2006,BUF,NY,AEA,CE,Combined TRACON& Tower with Radar,89,129,32,1,251,0,0,0,0,0,89,129,32,1,251,32,0,32,283
02/07/2006,BUF,NY,AEA,CE,Combined TRACON& Tower with Radar,119,151,15,0,285,0,4,2,0,6,119,155,17,0,291,22,0,22,313
02/08/2006,BUF,NY,AEA,CE,Combined TRACON& Tower with Radar,118,143,33,0,294,0,1,0,0,1,118,144,33,0,295,24,0,24,319
02/09/2006,BUF,NY,AEA,CE,Combined TRACON& Tower with Radar,118,141,32,3,294,0,2,2,2,6,118,143,34,5,300,26,4,30,330
02/10/2006,BUF,NY,AEA,CE,Combined TRACON& Tower with Radar,122,137,13,0,272,0,1,0,0,1,122,138,13,0,273,32,0,32,305
02/11/2006,BUF,NY,AEA,CE,Combined TRACON& Tower with Radar,100,94,6,0,200,0,6,7,1,14,100,100,13,1,214,14,0,14,228
02/12/2006,BUF,NY,AEA,CE,Combined TRACON& Tower with Radar,80,44,8,1,133,0,7,8,0,15,80,51,16,1,148,16,0,16,164
02/13/2006,BUF,NY,AEA,CE,Combined TRACON& Tower with Radar,98,118,29,0,245,0,0,9,0,9,98,118,38,0,254,4,0,4,258
02/14/2006,BUF,NY,AEA,CE,Combined TRACON& Tower with Radar,117,144,35,2,298,0,2,5,0,7,117,146,40,2,305,20,8,28,333
02/15/2006,BUF,NY,AEA,CE,Combined TRACON& Tower with Radar,119,144,37,0,300,0,4,10,3,17,119,148,47,3,317,32,4,36,353
02/16/2006,BUF,NY,AEA,CE,Combined TRACON& Tower with Radar,114,151,42,9,316,0,5,5,0,10,114,156,47,9,326,0,0,0,326
02/17/2006,BUF,NY,AEA,CE,Combined TRACON& Tower with Radar,109,153,23,0,285,0,0,1,0,1,109,153,24,0,286,32,0,32,318
02/18/2006,BUF,NY,AEA,CE,Combined TRACON& Tower with Radar,109,100,11,0,220,0,4,2,0,6,109,104,13,0,226,16,2,18,244
02/19/2006,BUF,NY,AEA,CE,Combined TRACON& Tower with Radar,97,88,10,0,195,0,0,4,0,4,97,88,14,0,199,32,0,32,231
02/20/2006,BUF,NY,AEA,CE,Combined TRACON& Tower with Radar,102,112,29,0,243,0,1,8,0,9,102,113,37,0,252,44,4,48,300
02/21/2006,BUF,NY,AEA,CE,Combined TRACON& Tower with Radar,116,151,29,0,296,0,2,2,0,4,116,153,31,0,300,16,0,16,316
02/22/2006,BUF,NY,AEA,CE,Combined TRACON& Tower with Radar,110,148,36,0,294,0,8,32,2,42,110,156,68,2,336,64,0,64,400
02/23/2006,BUF,NY,AEA,CE,Combined TRACON& Tower with Radar,118,146,36,2,302,0,5,11,2,18,118,151,47,4,320,64,0,64,384
02/24/2006,BUF,NY,AEA,CE,Combined TRACON& Tower with Radar,120,147,35,1,303,0,10,12,1,23,120,157,47,2,326,64,0,64,390
02/25/2006,BUF,NY,AEA,CE,Combined TRACON& Tower with Radar,108,103,8,0,219,0,1,5,0,6,108,104,13,0,225,32,0,32,257
02/26/2006,BUF,NY,AEA,CE,Combined TRACON& Tower with Radar,94,98,18,0,210,0,1,17,0,18,94,99,35,0,228,58,8,66,294
02/27/2006,BUF,NY,AEA,CE,Combined TRACON& Tower with Radar,100,123,24,0,247,0,5,7,0,12,100,128,31,0,259,14,0,14,273
02/28/2006,BUF,NY,AEA,CE,Combined TRACON& Tower with Radar,119,148,31,0,298,0,4,8,0,12,119,152,39,0,310,32,0,32,342
03/01/2006,BUF,NY,AEA,CE,Combined TRACON& Tower with Radar,116,153,33,4,306,0,10,16,2,28,116,163,49,6,334,28,0,28,362
03/02/2006,BUF,NY,AEA,CE,Combined TRACON& Tower with Radar,110,139,37,0,286,0,5,0,0,5,110,144,37,0,291,0,0,0,291
03/03/2006,BUF,NY,AEA,CE,Combined TRACON& Tower with Radar,116,161,36,0,313,0,6,3,0,9,116,167,39,0,322,25,0,25,347
03/04/2006,BUF,NY,AEA,CE,Combined TRACON& Tower with Radar,104,116,18,0,238,0,0,0,0,0,104,116,18,0,238,24,0,24,262
03/05/2006,BUF,NY,AEA,CE,Combined TRACON& Tower with Radar,89,88,18,2,197,0,5,34,0,39,89,93,52,2,236,32,0,32,268
03/06/2006,BUF,NY,AEA,CE,Combined TRACON& Tower with Radar,105,122,42,4,273,0,6,20,0,26,105,128,62,4,299,30,0,30,329
03/07/2006,BUF,NY,AEA,CE,Combined TRACON& Tower with Radar,116,153,33,3,305,0,8,15,4,27,116,161,48,7,332,28,0,28,360
03/08/2006,BUF,NY,AEA,CE,Combined TRACON& Tower with Radar,119,154,47,3,323,0,7,40,0,47,119,161,87,3,370,16,0,16,386
03/09/2006,BUF,NY,AEA,CE,Combined TRACON& Tower with Radar,113,158,36,0,307,0,7,2,0,9,113,165,38,0,316,8,0,8,324
03/10/2006,BUF,NY,AEA,CE,Combined TRACON& Tower with Radar,118,173,16,0,307,0,0,0,0,0,118,173,16,0,307,46,3,49,356
03/11/2006,BUF,NY,AEA,CE,Combined TRACON& Tower with Radar,109,108,22,0,239,0,6,41,0,47,109,114,63,0,286,0,0,0,286
03/12/2006,BUF,NY,AEA,CE,Combined TRACON& Tower with Radar,78,73,10,0,161,0,1,2,0,3,78,74,12,0,164,0,0,0,164
03/13/2006,BUF,NY,AEA,CE,Combined TRACON& Tower with Radar,116,127,25,0,268,0,0,0,0,0,116,127,25,0,268,0,0,0,268
03/14/2006,BUF,NY,AEA,CE,Combined TRACON& Tower with Radar,114,128,16,0,258,0,1,1,0,2,114,129,17,0,260,32,0,32,292
03/15/2006,BUF,NY,AEA,CE,Combined TRACON& Tower with Radar,120,158,34,0,312,0,0,3,2,5,120,158,37,2,317,44,2,46,363
03/16/2006,BUF,NY,AEA,CE,Combined TRACON& Tower with Radar,114,152,33,0,299,0,11,30,2,43,114,163,63,2,342,48,10,58,400
03/17/2006,BUF,NY,AEA,CE,Combined TRACON& Tower with Radar,116,160,37,0,313,0,3,31,0,34,116,163,68,0,347,45,12,57,404
03/18/2006,BUF,NY,AEA,CE,Combined TRACON& Tower with Radar,112,101,12,0,225,0,6,13,0,19,112,107,25,0,244,0,0,0,244
03/19/2006,BUF,NY,AEA,CE,Combined TRACON& Tower with Radar,94,88,12,0,194,0,0,3,0,3,94,88,15,0,197,24,0,24,221
03/20/2006,BUF,NY,AEA,CE,Combined TRACON& Tower with Radar,102,134,35,0,271,0,4,22,0,26,102,138,57,0,297,42,0,42,339
03/21/2006,BUF,NY,AEA,CE,Combined TRACON& Tower with Radar,118,147,21,0,286,0,6,25,0,31,118,153,46,0,317,72,0,72,389
03/22/2006,BUF,NY,AEA,CE,Combined TRACON& Tower with Radar,113,154,32,0,299,0,2,9,0,11,113,156,41,0,310,43,12,55,365
03/23/2006,BUF,NY,AEA,CE,Combined TRACON& Tower with Radar,111,162,47,5,325,6,3,20,0,29,117,165,67,5,354,42,7,49,403
03/24/2006,BUF,NY,AEA,CE,Combined TRACON& Tower with Radar,114,153,17,0,284,0,7,16,0,23,114,160,33,0,307,0,0,0,307
03/25/2006,BUF,NY,AEA,CE,Combined TRACON& Tower with Radar,106,102,16,0,224,0,1,5,0,6,106,103,21,0,230,16,0,16,246
03/26/2006,BUF,NY,AEA,CE,Combined TRACON& Tower with Radar,95,83,15,0,193,0,5,13,1,19,95,88,28,1,212,48,0,48,260
03/27/2006,BUF,NY,AEA,CE,Combined TRACON& Tower with Radar,102,138,26,0,266,0,6,18,0,24,102,144,44,0,290,64,0,64,354
03/28/2006,BUF,NY,AEA,CE,Combined TRACON& Tower with Radar,119,150,38,2,309,0,3,29,2,34,119,153,67,4,343,0,0,0,343
03/29/2006,BUF,NY,AEA,CE,Combined TRACON& Tower with Radar,113,163,37,0,313,0,11,29,0,40,113,174,66,0,353,64,0,64,417
03/30/2006,BUF,NY,AEA,CE,Combined TRACON& Tower with Radar,113,164,31,4,312,0,15,29,0,44,113,179,60,4,356,0,0,0,356
03/31/2006,BUF,NY,AEA,CE,Combined TRACON& Tower with Radar,114,147,39,1,301,0,5,17,0,22,114,152,56,1,323,40,16,56,379
04/01/2006,BUF,NY,AEA,CE,Combined TRACON& Tower with Radar,108,108,12,0,228,1,4,3,0,8,109,112,15,0,236,64,0,64,300
04/02/2006,BUF,NY,AEA,CE,Combined TRACON& Tower with Radar,92,84,32,1,209,0,1,37,0,38,92,85,69,1,247,72,0,72,319
04/03/2006,BUF,NY,AEA,CE,Combined TRACON& Tower with Radar,102,124,38,0,264,0,5,0,0,5,102,129,38,0,269,16,0,16,285
04/04/2006,BUF,NY,AEA,CE,Combined TRACON& Tower with Radar,92,84,32,1,209,0,0,0,0,0,92,84,32,1,209,80,0,80,289
04/05/2006,BUF,NY,AEA,CE,Combined TRACON& Tower with Radar,118,149,35,0,302,0,2,4,0,6,118,151,39,0,308,0,0,0,308
04/06/2006,BUF,NY,AEA,CE,Combined TRACON& Tower with Radar,127,149,40,3,319,0,6,26,0,32,127,155,66,3,351,64,0,64,415
04/07/2006,BUF,NY,AEA,CE,Combined TRACON& Tower with Radar,121,153,12,0,286,0,0,0,0,0,121,153,12,0,286,20,0,20,306
04/08/2006,BUF,NY,AEA,CE,Combined TRACON& Tower with Radar,115,106,19,0,240,0,7,15,0,22,115,113,34,0,262,70,0,70,332
04/09/2006,BUF,NY,AEA,CE,Combined TRACON& Tower with Radar,99,92,19,0,210,0,7,28,0,35,99,99,47,0,245,28,0,28,273
04/10/2006,BUF,NY,AEA,CE,Combined TRACON& Tower with Radar,109,119,23,2,253,0,13,23,0,36,109,132,46,2,289,64,0,64,353
04/11/2006,BUF,NY,AEA,CE,Combined TRACON& Tower with Radar,124,147,74,1,346,0,12,0,1,13,124,159,74,2,359,64,0,64,423
04/12/2006,BUF,NY,AEA,CE,Combined TRACON& Tower with Radar,123,152,31,0,306,0,6,12,0,18,123,158,43,0,324,68,24,92,416
04/13/2006,BUF,NY,AEA,CE,Combined TRACON& Tower with Radar,125,158,35,0,318,0,8,9,0,17,125,166,44,0,335,12,0,12,347
04/14/2006,BUF,NY,AEA,CE,Combined TRACON& Tower with Radar,119,152,22,0,293,0,0,0,0,0,119,152,22,0,293,64,0,64,357
04/15/2006,BUF,NY,AEA,CE,Combined TRACON& Tower with Radar,116,90,19,0,225,0,3,22,0,25,116,93,41,0,250,32,0,32,282
04/16/2006,BUF,NY,AEA,CE,Combined TRACON& Tower with Radar,97,86,20,0,203,0,7,17,1,25,97,93,37,1,228,77,2,79,307
04/17/2006,BUF,NY,AEA,CE,Combined TRACON& Tower with Radar,105,122,29,0,256,0,13,31,0,44,105,135,60,0,300,67,4,71,371
04/18/2006,BUF,NY,AEA,CE,Combined TRACON& Tower with Radar,123,155,30,0,308,0,11,19,0,30,123,166,49,0,338,49,0,49,387
04/19/2006,BUF,NY,AEA,CE,Combined TRACON& Tower with Radar,122,145,32,0,299,0,8,35,2,45,122,153,67,2,344,64,0,64,408
04/20/2006,BUF,NY,AEA,CE,Combined TRACON& Tower with Radar,125,148,29,10,312,0,11,19,4,34,125,159,48,14,346,0,0,0,346
04/21/2006,BUF,NY,AEA,CE,Combined TRACON& Tower with Radar,124,155,17,0,296,0,4,23,0,27,124,159,40,0,323,54,0,54,377
04/22/2006,BUF,NY,AEA,CE,Combined TRACON& Tower with Radar,123,91,18,0,232,0,4,4,0,8,123,95,22,0,240,32,0,32,272
04/23/2006,BUF,NY,AEA,CE,Combined TRACON& Tower with Radar,103,84,25,0,212,9,27,29,1,66,112,111,54,1,278,2,0,2,280
04/24/2006,BUF,NY,AEA,CE,Combined TRACON& Tower with Radar,110,122,39,0,271,0,0,2,0,2,110,122,41,0,273,32,0,32,305
04/25/2006,BUF,NY,AEA,CE,Combined TRACON& Tower with Radar,127,144,30,0,301,0,1,15,2,18,127,145,45,2,319,64,0,64,383
04/26/2006,BUF,NY,AEA,CE,Combined TRACON& Tower with Radar,122,152,36,0,310,0,9,9,0,18,122,161,45,0,328,64,0,64,392
04/27/2006,BUF,NY,AEA,CE,Combined TRACON& Tower with Radar,124,160,33,0,317,0,5,31,0,36,124,165,64,0,353,80,0,80,433
04/28/2006,BUF,NY,AEA,CE,Combined TRACON& Tower with Radar,124,150,28,2,304,0,11,56,0,67,124,161,84,2,371,84,0,84,455
04/29/2006,BUF,NY,AEA,CE,Combined TRACON& Tower with Radar,119,95,24,0,238,0,0,0,0,0,119,95,24,0,238,94,0,94,332
04/30/2006,BUF,NY,AEA,CE,Combined TRACON& Tower with Radar,104,74,20,0,198,0,8,32,0,40,104,82,52,0,238,80,0,80,318
05/01/2006,BUF,NY,AEA,CE,Combined TRACON& Tower with Radar,115,125,22,0,262,0,5,48,0,53,115,130,70,0,315,38,0,38,353
05/02/2006,BUF,NY,AEA,CE,Combined TRACON& Tower with Radar,123,153,36,0,312,0,6,32,0,38,123,159,68,0,350,107,4,111,461
05/03/2006,BUF,NY,AEA,CE,Combined TRACON& Tower with Radar,101,143,32,1,277,0,5,18,0,23,101,148,50,1,300,12,0,12,312
05/04/2006,BUF,NY,AEA,CE,Combined TRACON& Tower with Radar,125,153,38,1,317,0,12,19,0,31,125,165,57,1,348,16,0,16,364
05/05/2006,BUF,NY,AEA,CE,Combined TRACON& Tower with Radar,122,149,42,1,314,0,3,34,0,37,122,152,76,1,351,64,6,70,421
05/06/2006,BUF,NY,AEA,CE,Combined TRACON& Tower with Radar,115,95,31,6,247,0,10,13,1,24,115,105,44,7,271,64,0,64,335
05/07/2006,BUF,NY,AEA,CE,Combined TRACON& Tower with Radar,103,92,23,0,218,0,7,22,0,29,103,99,45,0,247,32,0,32,279
05/08/2006,BUF,NY,AEA,CE,Combined TRACON& Tower with Radar,110,134,40,2,286,0,7,34,0,41,110,141,74,2,327,52,10,62,389
05/09/2006,BUF,NY,AEA,CE,Combined TRACON& Tower with Radar,126,171,70,1,368,0,16,32,0,48,126,187,102,1,416,49,12,61,477
05/10/2006,BUF,NY,AEA,CE,Combined TRACON& Tower with Radar,119,176,56,0,351,0,10,24,0,34,119,186,80,0,385,56,0,56,441
05/11/2006,BUF,NY,AEA,CE,Combined TRACON& Tower with Radar,119,172,49,0,340,0,6,4,0,10,119,178,53,0,350,28,4,32,382
05/12/2006,BUF,NY,AEA,CE,Combined TRACON& Tower with Radar,131,181,62,1,375,0,4,13,0,17,131,185,75,1,392,42,18,60,452
05/13/2006,BUF,NY,AEA,CE,Combined TRACON& Tower with Radar,114,103,25,0,242,0,5,18,0,23,114,108,43,0,265,38,0,38,303
05/14/2006,BUF,NY,AEA,CE,Combined TRACON& Tower with Radar,101,90,17,1,209,0,4,4,0,8,101,94,21,1,217,38,2,40,257
05/15/2006,BUF,NY,AEA,CE,Combined TRACON& Tower with Radar,111,127,35,0,273,0,2,10,0,12,111,129,45,0,285,48,0,48,333
05/16/2006,BUF,NY,AEA,CE,Combined TRACON& Tower with Radar,125,163,61,0,349,0,1,9,0,10,125,164,70,0,359,40,6,46,405
05/17/2006,BUF,NY,AEA,CE,Combined TRACON& Tower with Radar,122,169,58,0,349,0,1,9,0,10,122,170,67,0,359,76,0,76,435
05/18/2006,BUF,NY,AEA,CE,Combined TRACON& Tower with Radar,121,166,70,1,358,0,2,3,2,7,121,168,73,3,365,66,2,68,433
05/19/2006,BUF,NY,AEA,CE,Combined TRACON& Tower with Radar,126,163,59,0,348,0,3,16,0,19,126,166,75,0,367,60,0,60,427
05/20/2006,BUF,NY,AEA,CE,Combined TRACON& Tower with Radar,118,114,28,0,260,0,3,13,0,16,118,117,41,0,276,60,0,60,336
05/21/2006,BUF,NY,AEA,CE,Combined TRACON& Tower with Radar,103,92,9,2,206,0,5,0,0,5,103,97,9,2,211,48,0,48,259
05/22/2006,BUF,NY,AEA,CE,Combined TRACON& Tower with Radar,112,135,39,0,286,0,2,14,0,16,112,137,53,0,302,54,8,62,364
05/23/2006,BUF,NY,AEA,CE,Combined TRACON& Tower with Radar,124,171,69,0,364,0,6,24,0,30,124,177,93,0,394,100,8,108,502
05/24/2006,BUF,NY,AEA,CE,Combined TRACON& Tower with Radar,120,181,61,0,362,0,5,41,1,47,120,186,102,1,409,80,4,84,493
05/25/2006,BUF,NY,AEA,CE,Combined TRACON& Tower with Radar,121,159,70,0,350,0,3,33,0,36,121,162,103,0,386,28,0,28,414
05/26/2006,BUF,NY,AEA,CE,Combined TRACON& Tower with Radar,120,165,54,0,339,0,4,8,0,12,120,169,62,0,351,82,0,82,433
05/27/2006,BUF,NY,AEA,CE,Combined TRACON& Tower with Radar,122,98,30,0,250,0,7,13,0,20,122,105,43,0,270,48,0,48,318
05/28/2006,BUF,NY,AEA,CE,Combined TRACON& Tower with Radar,97,76,17,0,190,0,3,27,0,30,97,79,44,0,220,48,6,54,274
05/29/2006,BUF,NY,AEA,CE,Combined TRACON& Tower with Radar,99,101,40,0,240,0,12,45,0,57,99,113,85,0,297,60,4,64,361
05/30/2006,BUF,NY,AEA,CE,Combined TRACON& Tower with Radar,111,161,57,2,331,0,6,23,0,29,111,167,80,2,360,68,0,68,428
05/31/2006,BUF,NY,AEA,CE,Combined TRACON& Tower with Radar,125,162,66,2,355,0,5,16,0,21,125,167,82,2,376,48,0,48,424
06/01/2006,BUF,NY,AEA,CE,Combined TRACON& Tower with Radar,119,153,32,0,304,0,2,6,0,8,119,155,38,0,312,64,0,64,376
06/02/2006,BUF,NY,AEA,CE,Combined TRACON& Tower with Radar,132,161,63,0,356,0,6,29,0,35,132,167,92,0,391,66,0,66,457
06/03/2006,BUF,NY,AEA,CE,Combined TRACON& Tower with Radar,122,95,18,1,236,0,5,3,1,9,122,100,21,2,245,0,0,0,245
06/04/2006,BUF,NY,AEA,CE,Combined TRACON& Tower with Radar,106,94,29,0,229,0,3,10,0,13,106,97,39,0,242,34,0,34,276
06/05/2006,BUF,NY,AEA,CE,Combined TRACON& Tower with Radar,108,132,44,0,284,0,6,33,2,41,108,138,77,2,325,48,0,48,373
06/06/2006,BUF,NY,AEA,CE,Combined TRACON& Tower with Radar,120,166,53,4,343,0,9,36,2,47,120,175,89,6,390,48,0,48,438
06/07/2006,BUF,NY,AEA,CE,Combined TRACON& Tower with Radar,126,162,63,4,355,0,9,35,1,45,126,171,98,5,400,30,0,30,430
06/08/2006,BUF,NY,AEA,CE,Combined TRACON& Tower with Radar,129,175,49,5,358,0,8,30,1,39,129,183,79,6,397,48,0,48,445
06/09/2006,BUF,NY,AEA,CE,Combined TRACON& Tower with Radar,130,155,38,10,333,0,5,11,2,18,130,160,49,12,351,94,16,110,461
06/10/2006,BUF,NY,AEA,CE,Combined TRACON& Tower with Radar,115,95,20,0,230,0,4,22,0,26,115,99,42,0,256,72,14,86,342
06/11/2006,BUF,NY,AEA,CE,Combined TRACON& Tower with Radar,114,91,39,0,244,0,9,34,0,43,114,100,73,0,287,48,0,48,335
06/12/2006,BUF,NY,AEA,CE,Combined TRACON& Tower with Radar,117,129,42,0,288,0,2,19,0,21,117,131,61,0,309,51,0,51,360
06/13/2006,BUF,NY,AEA,CE,Combined TRACON& Tower with Radar,135,152,42,0,329,0,6,27,0,33,135,158,69,0,362,20,0,20,382
06/14/2006,BUF,NY,AEA,CE,Combined TRACON& Tower with Radar,130,166,69,1,366,0,3,24,6,33,130,169,93,7,399,68,2,70,469
06/15/2006,BUF,NY,AEA,CE,Combined TRACON& Tower with Radar,131,168,61,1,361,0,9,39,1,49,131,177,100,2,410,28,0,28,438
06/16/2006,BUF,NY,AEA,CE,Combined TRACON& Tower with Radar,131,161,66,0,358,0,12,34,0,46,131,173,100,0,404,24,0,24,428
06/17/2006,BUF,NY,AEA,CE,Combined TRACON& Tower with Radar,120,100,18,0,238,0,3,27,0,30,120,103,45,0,268,36,0,36,304
06/18/2006,BUF,NY,AEA,CE,Combined TRACON& Tower with Radar,116,89,19,0,224,0,10,18,0,28,116,99,37,0,252,48,0,48,300
06/19/2006,BUF,NY,AEA,CE,Combined TRACON& Tower with Radar,112,131,47,0,290,0,2,11,0,13,112,133,58,0,303,48,0,48,351
06/20/2006,BUF,NY,AEA,CE,Combined TRACON& Tower with Radar,134,151,44,2,331,0,0,31,0,31,134,151,75,2,362,32,0,32,394
06/21/2006,BUF,NY,AEA,CE,Combined TRACON& Tower with Radar,130,165,67,0,362,0,7,34,0,41,130,172,101,0,403,52,0,52,455
06/22/2006,BUF,NY,AEA,CE,Combined TRACON& Tower with Radar,127,182,60,0,369,0,7,16,0,23,127,189,76,0,392,56,0,56,448
06/23/2006,BUF,NY,AEA,CE,Combined TRACON& Tower with Radar,131,171,77,0,379,0,5,18,0,23,131,176,95,0,402,57,0,57,459
06/24/2006,BUF,NY,AEA,CE,Combined TRACON& Tower with Radar,130,104,26,0,260,0,5,20,0,25,130,109,46,0,285,72,0,72,357
06/25/2006,BUF,NY,AEA,CE,Combined TRACON& Tower with Radar,112,88,33,0,233,0,3,20,0,23,112,91,53,0,256,36,0,36,292
06/26/2006,BUF,NY,AEA,CE,Combined TRACON& Tower with Radar,121,122,28,0,271,0,4,13,2,19,121,126,41,2,290,30,0,30,320
06/27/2006,BUF,NY,AEA,CE,Combined TRACON& Tower with Radar,134,168,60,0,362,0,3,3,0,6,134,171,63,0,368,60,4,64,432
06/28/2006,BUF,NY,AEA,CE,Combined TRACON& Tower with Radar,145,185,106,0,436,0,3,25,0,28,145,188,131,0,464,59,6,65,529
06/29/2006,BUF,NY,AEA,CE,Combined TRACON& Tower with Radar,138,174,97,0,409,0,6,21,0,27,138,180,118,0,436,70,0,70,506
06/30/2006,BUF,NY,AEA,CE,Combined TRACON& Tower with Radar,134,180,92,0,406,0,10,36,0,46,134,190,128,0,452,72,0,72,524
07/01/2006,BUF,NY,AEA,CE,Combined TRACON& Tower with Radar,138,105,30,0,273,0,5,20,0,25,138,110,50,0,298,36,0,36,334
07/02/2006,BUF,NY,AEA,CE,Combined TRACON& Tower with Radar,118,76,15,0,209,0,12,7,0,19,118,88,22,0,228,68,0,68,296
07/03/2006,BUF,NY,AEA,CE,Combined TRACON& Tower with Radar,125,112,20,0,257,0,4,8,0,12,125,116,28,0,269,56,0,56,325
07/04/2006,BUF,NY,AEA,CE,Combined TRACON& Tower with Radar,129,116,19,0,264,0,7,8,0,15,129,123,27,0,279,36,0,36,315
07/05/2006,BUF,NY,AEA,CE,Combined TRACON& Tower with Radar,126,159,70,0,355,0,7,31,0,38,126,166,101,0,393,72,24,96,489
07/06/2006,BUF,NY,AEA,CE,Combined TRACON& Tower with Radar,143,180,79,3,405,0,10,45,0,55,143,190,124,3,460,60,3,63,523
07/07/2006,BUF,NY,AEA,CE,Combined TRACON& Tower with Radar,141,183,40,0,364,0,8,42,2,52,141,191,82,2,416,72,0,72,488
07/08/2006,BUF,NY,AEA,CE,Combined TRACON& Tower with Radar,131,93,18,0,242,0,3,27,0,30,131,96,45,0,272,32,0,32,304
07/09/2006,BUF,NY,AEA,CE,Combined TRACON& Tower with Radar,126,86,33,0,245,0,9,23,0,32,126,95,56,0,277,72,0,72,349
07/10/2006,BUF,NY,AEA,CE,Combined TRACON& Tower with Radar,123,139,22,0,284,0,2,2,0,4,123,141,24,0,288,20,0,20,308
07/11/2006,BUF,NY,AEA,CE,Combined TRACON& Tower with Radar,137,166,40,3,346,0,5,38,0,43,137,171,78,3,389,74,0,74,463
07/12/2006,BUF,NY,AEA,CE,Combined TRACON& Tower with Radar,134,163,62,4,363,0,2,1,0,3,134,165,63,4,366,19,0,19,385
07/13/2006,BUF,NY,AEA,CE,Combined TRACON& Tower with Radar,143,180,75,1,399,0,6,26,4,36,143,186,101,5,435,56,2,58,493
07/14/2006,BUF,NY,AEA,CE,Combined TRACON& Tower with Radar,138,183,67,0,388,0,10,38,4,52,138,193,105,4,440,64,10,74,514
07/15/2006,BUF,NY,AEA,CE,Combined TRACON& Tower with Radar,134,90,28,2,254,0,20,19,0,39,134,110,47,2,293,36,0,36,329
07/16/2006,BUF,NY,AEA,CE,Combined TRACON& Tower with Radar,123,95,47,2,267,0,11,43,0,54,123,106,90,2,321,104,0,104,425
07/17/2006,BUF,NY,AEA,CE,Combined TRACON& Tower with Radar,126,142,39,2,309,0,11,32,0,43,126,153,71,2,352,118,25,143,495
07/18/2006,BUF,NY,AEA,CE,Combined TRACON& Tower with Radar,141,160,61,0,362,0,8,41,2,51,141,168,102,2,413,76,6,82,495
07/19/2006,BUF,NY,AEA,CE,Combined TRACON& Tower with Radar,142,172,108,0,422,0,10,50,2,62,142,182,158,2,484,124,18,142,626
07/20/2006,BUF,NY,AEA,CE,Combined TRACON& Tower with Radar,128,163,103,2,396,0,13,45,0,58,128,176,148,2,454,83,7,90,544
07/21/2006,BUF,NY,AEA,CE,Combined TRACON& Tower with Radar,142,158,64,0,364,0,2,19,0,21,142,160,83,0,385,82,6,88,473
07/22/2006,BUF,NY,AEA,CE,Combined TRACON& Tower with Radar,138,94,24,0,256,0,7,1,0,8,138,101,25,0,264,72,0,72,336
07/23/2006,BUF,NY,AEA,CE,Combined TRACON& Tower with Radar,121,86,44,0,251,0,4,32,0,36,121,90,76,0,287,74,0,74,361
07/24/2006,BUF,NY,AEA,CE,Combined TRACON& Tower with Radar,129,137,40,3,309,0,4,48,2,54,129,141,88,5,363,72,30,102,465
07/25/2006,BUF,NY,AEA,CE,Combined TRACON& Tower with Radar,140,173,73,0,386,0,3,20,1,24,140,176,93,1,410,56,8,64,474
07/26/2006,BUF,NY,AEA,CE,Combined TRACON& Tower with Radar,140,175,87,4,406,0,6,29,1,36,140,181,116,5,442,72,6,78,520
07/27/2006,BUF,NY,AEA,CE,Combined TRACON& Tower with Radar,138,234,82,2,456,0,3,19,0,22,138,237,101,2,478,50,4,54,532
07/28/2006,BUF,NY,AEA,CE,Combined TRACON& Tower with Radar,146,155,38,2,341,0,10,13,0,23,146,165,51,2,364,92,0,92,456
07/29/2006,BUF,NY,AEA,CE,Combined TRACON& Tower with Radar,135,100,28,3,266,0,6,8,0,14,135,106,36,3,280,48,0,48,328
07/30/2006,BUF,NY,AEA,CE,Combined TRACON& Tower with Radar,122,88,21,1,232,0,5,25,0,30,122,93,46,1,262,72,0,72,334
07/31/2006,BUF,NY,AEA,CE,Combined TRACON& Tower with Radar,139,135,48,2,324,0,4,37,0,41,139,139,85,2,365,60,8,68,433
08/01/2006,BUF,NY,AEA,CE,Combined TRACON& Tower with Radar,147,171,52,5,375,0,13,21,0,34,147,184,73,5,409,103,0,103,512
08/02/2006,BUF,NY,AEA,CE,Combined TRACON& Tower with Radar,137,165,68,0,370,0,12,25,0,37,137,177,93,0,407,54,0,54,461
08/03/2006,BUF,NY,AEA,CE,Combined TRACON& Tower with Radar,151,172,68,0,391,0,6,7,0,13,151,178,75,0,404,24,0,24,428
08/04/2006,BUF,NY,AEA,CE,Combined TRACON& Tower with Radar,146,183,81,1,411,0,11,54,0,65,146,194,135,1,476,98,2,100,576
08/05/2006,BUF,NY,AEA,CE,Combined TRACON& Tower with Radar,134,94,30,0,258,0,4,49,0,53,134,98,79,0,311,94,2,96,407
08/06/2006,BUF,NY,AEA,CE,Combined TRACON& Tower with Radar,121,97,35,1,254,0,21,42,0,63,121,118,77,1,317,122,18,140,457
08/07/2006,BUF,NY,AEA,CE,Combined TRACON& Tower with Radar,125,139,38,0,302,0,4,27,0,31,125,143,65,0,333,74,6,80,413
08/08/2006,BUF,NY,AEA,CE,Combined TRACON& Tower with Radar,143,164,54,2,363,0,11,56,0,67,143,175,110,2,430,44,7,51,481
08/09/2006,BUF,NY,AEA,CE,Combined TRACON& Tower with Radar,143,161,68,2,374,0,11,40,0,51,143,172,108,2,425,102,4,106,531
08/10/2006,BUF,NY,AEA,CE,Combined TRACON& Tower with Radar,127,157,66,4,354,0,6,37,1,44,127,163,103,5,398,84,4,88,486
08/11/2006,BUF,NY,AEA,CE,Combined TRACON& Tower with Radar,151,185,56,2,394,0,13,32,4,49,151,198,88,6,443,86,24,110,553
08/12/2006,BUF,NY,AEA,CE,Combined TRACON& Tower with Radar,130,92,25,0,247,0,9,39,0,48,130,101,64,0,295,64,0,64,359
08/13/2006,BUF,NY,AEA,CE,Combined TRACON& Tower with Radar,126,97,32,0,255,0,3,29,0,32,126,100,61,0,287,72,0,72,359
08/14/2006,BUF,NY,AEA,CE,Combined TRACON& Tower with Radar,129,142,58,1,330,0,7,20,0,27,129,149,78,1,357,89,20,109,466
08/15/2006,BUF,NY,AEA,CE,Combined TRACON& Tower with Radar,144,175,70,2,391,0,8,33,4,45,144,183,103,6,436,64,6,70,506
08/16/2006,BUF,NY,AEA,CE,Combined TRACON& Tower with Radar,141,180,71,3,395,0,5,42,0,47,141,185,113,3,442,86,10,96,538
08/17/2006,BUF,NY,AEA,CE,Combined TRACON& Tower with Radar,138,161,49,2,350,0,3,43,0,46,138,164,92,2,396,84,0,84,480
08/18/2006,BUF,NY,AEA,CE,Combined TRACON& Tower with Radar,148,181,61,4,394,0,15,34,0,49,148,196,95,4,443,52,8,60,503
08/19/2006,BUF,NY,AEA,CE,Combined TRACON& Tower with Radar,134,96,38,0,268,0,3,4,0,7,134,99,42,0,275,48,0,48,323
08/20/2006,BUF,NY,AEA,CE,Combined TRACON& Tower with Radar,130,89,21,0,240,0,2,9,0,11,130,91,30,0,251,24,0,24,275
08/21/2006,BUF,NY,AEA,CE,Combined TRACON& Tower with Radar,127,145,45,3,320,0,5,38,0,43,127,150,83,3,363,78,14,92,455
08/22/2006,BUF,NY,AEA,CE,Combined TRACON& Tower with Radar,143,175,44,2,364,0,11,12,0,23,143,186,56,2,387,50,8,58,445
08/23/2006,BUF,NY,AEA,CE,Combined TRACON& Tower with Radar,140,176,73,1,390,0,4,47,2,53,140,180,120,3,443,58,10,68,511
08/24/2006,BUF,NY,AEA,CE,Combined TRACON& Tower with Radar,136,172,50,1,359,0,2,36,0,38,136,174,86,1,397,108,4,112,509
08/25/2006,BUF,NY,AEA,CE,Combined TRACON& Tower with Radar,141,176,58,3,378,0,5,15,0,20,141,181,73,3,398,68,2,70,468
08/26/2006,BUF,NY,AEA,CE,Combined TRACON& Tower with Radar,134,101,25,0,260,0,12,7,0,19,134,113,32,0,279,54,0,54,333
08/27/2006,BUF,NY,AEA,CE,Combined TRACON& Tower with Radar,120,106,58,0,284,0,4,4,0,8,120,110,62,0,292,88,6,94,386
08/28/2006,BUF,NY,AEA,CE,Combined TRACON& Tower with Radar,123,148,63,0,334,0,1,4,1,6,123,149,67,1,340,54,2,56,396
08/29/2006,BUF,NY,AEA,CE,Combined TRACON& Tower with Radar,141,164,57,1,363,0,1,26,1,28,141,165,83,2,391,58,2,60,451
08/30/2006,BUF,NY,AEA,CE,Combined TRACON& Tower with Radar,140,159,74,2,375,0,7,20,1,28,140,166,94,3,403,108,2,110,513
08/31/2006,BUF,NY,AEA,CE,Combined TRACON& Tower with Radar,137,167,64,0,368,0,4,62,0,66,137,171,126,0,434,74,8,82,516
09/01/2006,BUF,NY,AEA,CE,Combined TRACON& Tower with Radar,137,177,57,1,372,0,4,52,0,56,137,181,109,1,428,78,2,80,508
09/02/2006,BUF,NY,AEA,CE,Combined TRACON& Tower with Radar,136,88,16,0,240,0,1,0,0,1,136,89,16,0,241,0,0,0,241
09/03/2006,BUF,NY,AEA,CE,Combined TRACON& Tower with Radar,108,80,24,0,212,0,1,6,0,7,108,81,30,0,219,0,0,0,219
09/04/2006,BUF,NY,AEA,CE,Combined TRACON& Tower with Radar,120,100,55,4,279,0,3,32,1,36,120,103,87,5,315,54,0,54,369
09/05/2006,BUF,NY,AEA,CE,Combined TRACON& Tower with Radar,127,168,54,6,355,0,9,19,0,28,127,177,73,6,383,73,2,75,458
09/06/2006,BUF,NY,AEA,CE,Combined TRACON& Tower with Radar,131,179,56,4,370,0,12,23,3,38,131,191,79,7,408,84,4,88,496
09/07/2006,BUF,NY,AEA,CE,Combined TRACON& Tower with Radar,128,187,59,5,379,0,3,41,1,45,128,190,100,6,424,88,4,92,516
09/08/2006,BUF,NY,AEA,CE,Combined TRACON& Tower with Radar,134,192,56,9,391,0,3,31,4,38,134,195,87,13,429,58,2,60,489
09/09/2006,BUF,NY,AEA,CE,Combined TRACON& Tower with Radar,131,110,16,4,261,0,5,10,1,16,131,115,26,5,277,60,0,60,337
09/10/2006,BUF,NY,AEA,CE,Combined TRACON& Tower with Radar,107,100,21,0,228,0,5,41,0,46,107,105,62,0,274,74,0,74,348
09/11/2006,BUF,NY,AEA,CE,Combined TRACON& Tower with Radar,115,164,56,6,341,0,8,33,0,41,115,172,89,6,382,76,0,76,458
09/12/2006,BUF,NY,AEA,CE,Combined TRACON& Tower with Radar,128,172,33,4,337,0,19,45,4,68,128,191,78,8,405,54,0,54,459
09/13/2006,BUF,NY,AEA,CE,Combined TRACON& Tower with Radar,119,190,67,7,383,0,0,6,0,6,119,190,73,7,389,90,4,94,483
09/14/2006,BUF,NY,AEA,CE,Combined TRACON& Tower with Radar,125,178,80,4,387,0,0,5,0,5,125,178,85,4,392,68,2,70,462
09/15/2006,BUF,NY,AEA,CE,Combined TRACON& Tower with Radar,142,195,66,9,412,0,0,0,0,0,142,195,66,9,412,30,0,30,442
09/16/2006,BUF,NY,AEA,CE,Combined TRACON& Tower with Radar,127,111,19,0,257,0,11,23,0,34,127,122,42,0,291,124,16,140,431
09/17/2006,BUF,NY,AEA,CE,Combined TRACON& Tower with Radar,108,100,22,2,232,0,5,36,1,42,108,105,58,3,274,48,0,48,322
09/18/2006,BUF,NY,AEA,CE,Combined TRACON& Tower with Radar,114,167,71,9,361,0,4,20,4,28,114,171,91,13,389,88,6,94,483
09/19/2006,BUF,NY,AEA,CE,Combined TRACON& Tower with Radar,130,182,65,7,384,0,8,19,1,28,130,190,84,8,412,100,4,104,516
09/20/2006,BUF,NY,AEA,CE,Combined TRACON& Tower with Radar,127,186,88,4,405,0,2,10,1,13,127,188,98,5,418,94,10,104,522
09/21/2006,BUF,NY,AEA,CE,Combined TRACON& Tower with Radar,133,181,97,12,423,0,18,46,0,64,133,199,143,12,487,120,14,134,621
09/22/2006,BUF,NY,AEA,CE,Combined TRACON& Tower with Radar,134,194,68,9,405,0,11,25,2,38,134,205,93,11,443,120,10,130,573
09/23/2006,BUF,NY,AEA,CE,Combined TRACON& Tower with Radar,131,128,44,0,303,0,5,7,0,12,131,133,51,0,315,60,0,60,375
09/24/2006,BUF,NY,AEA,CE,Combined TRACON& Tower with Radar,112,105,16,0,233,0,2,1,2,5,112,107,17,2,238,18,4,22,260
09/25/2006,BUF,NY,AEA,CE,Combined TRACON& Tower with Radar,126,162,78,3,369,0,3,8,0,11,126,165,86,3,380,84,2,86,466
09/26/2006,BUF,NY,AEA,CE,Combined TRACON& Tower with Radar,132,171,68,9,380,0,13,41,0,54,132,184,109,9,434,94,0,94,528
09/27/2006,BUF,NY,AEA,CE,Combined TRACON& Tower with Radar,128,167,53,16,364,0,17,13,1,31,128,184,66,17,395,102,2,104,499
09/28/2006,BUF,NY,AEA,CE,Combined TRACON& Tower with Radar,128,179,61,9,377,0,0,2,0,2,128,179,63,9,379,112,8,120,499
09/29/2006,BUF,NY,AEA,CE,Combined TRACON& Tower with Radar,140,167,26,0,333,0,4,15,0,19,140,171,41,0,352,60,24,84,436
09/30/2006,BUF,NY,AEA,CE,Combined TRACON& Tower with Radar,132,118,36,2,288,0,10,14,0,24,132,128,50,2,312,0,0,0,312
10/01/2006,BUF,NY,AEA,CE,Combined TRACON& Tower with Radar,109,100,41,0,250,0,3,9,0,12,109,103,50,0,262,66,3,69,331
10/02/2006,BUF,NY,AEA,CE,Combined TRACON& Tower with Radar,112,146,62,2,322,0,10,30,3,43,112,156,92,5,365,82,2,84,449
10/03/2006,BUF,NY,AEA,CE,Combined TRACON& Tower with Radar,127,165,44,3,339,0,5,10,0,15,127,170,54,3,354,84,0,84,438
10/04/2006,BUF,NY,AEA,CE,Combined TRACON& Tower with Radar,124,163,30,2,319,0,8,10,0,18,124,171,40,2,337,22,0,22,359
10/05/2006,BUF,NY,AEA,CE,Combined TRACON& Tower with Radar,136,186,68,3,393,0,3,35,0,38,136,189,103,3,431,86,16,102,533
10/06/2006,BUF,NY,AEA,CE,Combined TRACON& Tower with Radar,128,190,61,6,385,0,7,36,0,43,128,197,97,6,428,72,12,84,512
10/07/2006,BUF,NY,AEA,CE,Combined TRACON& Tower with Radar,134,113,23,0,270,0,13,39,0,52,134,126,62,0,322,58,4,62,384
10/08/2006,BUF,NY,AEA,CE,Combined TRACON& Tower with Radar,107,113,38,0,258,0,7,58,0,65,107,120,96,0,323,60,0,60,383
10/09/2006,BUF,NY,AEA,CE,Combined TRACON& Tower with Radar,118,151,51,3,323,0,7,47,1,55,118,158,98,4,378,86,6,92,470
10/10/2006,BUF,NY,AEA,CE,Combined TRACON& Tower with Radar,126,167,53,2,348,0,9,52,0,61,126,176,105,2,409,84,6,90,499
10/11/2006,BUF,NY,AEA,CE,Combined TRACON& Tower with Radar,123,172,32,4,331,0,2,6,0,8,123,174,38,4,339,62,6,68,407
10/12/2006,BUF,NY,AEA,CE,Combined TRACON& Tower with Radar,116,174,33,0,323,0,1,3,0,4,116,175,36,0,327,60,0,60,387
10/13/2006,BUF,NY,AEA,CE,Combined TRACON& Tower with Radar,28,19,10,0,57,0,0,25,3,28,28,19,35,3,85,0,0,0,85
10/14/2006,BUF,NY,AEA,CE,Combined TRACON& Tower with Radar,120,91,2,0,213,0,4,22,0,26,120,95,24,0,239,60,12,72,311
10/15/2006,BUF,NY,AEA,CE,Combined TRACON& Tower with Radar,112,107,39,2,260,0,5,34,0,39,112,112,73,2,299,34,0,34,333
10/16/2006,BUF,NY,AEA,CE,Combined TRACON& Tower with Radar,120,160,35,2,317,0,8,55,5,68,120,168,90,7,385,66,0,66,451
10/17/2006,BUF,NY,AEA,CE,Combined TRACON& Tower with Radar,127,169,42,3,341,0,6,7,2,15,127,175,49,5,356,40,0,40,396
10/18/2006,BUF,NY,AEA,CE,Combined TRACON& Tower with Radar,127,180,55,11,373,0,4,37,13,54,127,184,92,24,427,129,6,135,562
10/19/2006,BUF,NY,AEA,CE,Combined TRACON& Tower with Radar,127,172,53,5,357,0,2,19,3,24,127,174,72,8,381,44,0,44,425
10/20/2006,BUF,NY,AEA,CE,Combined TRACON& Tower with Radar,131,174,53,2,360,0,2,14,0,16,131,176,67,2,376,64,2,66,442
10/21/2006,BUF,NY,AEA,CE,Combined TRACON& Tower with Radar,139,127,23,0,289,0,7,36,0,43,139,134,59,0,332,60,0,60,392
10/22/2006,BUF,NY,AEA,CE,Combined TRACON& Tower with Radar,104,106,36,0,246,0,4,7,0,11,104,110,43,0,257,72,26,98,355
10/23/2006,BUF,NY,AEA,CE,Combined TRACON& Tower with Radar,110,150,56,3,319,0,4,15,0,19,110,154,71,3,338,56,7,63,401
10/24/2006,BUF,NY,AEA,CE,Combined TRACON& Tower with Radar,131,181,60,3,375,0,4,7,0,11,131,185,67,3,386,70,0,70,456
10/25/2006,BUF,NY,AEA,CE,Combined TRACON& Tower with Radar,126,185,59,3,373,0,7,20,0,27,126,192,79,3,400,48,6,54,454
10/26/2006,BUF,NY,AEA,CE,Combined TRACON& Tower with Radar,122,180,57,4,363,0,10,34,0,44,122,190,91,4,407,96,12,108,515
10/27/2006,BUF,NY,AEA,CE,Combined TRACON& Tower with Radar,133,182,52,5,372,0,10,25,0,35,133,192,77,5,407,52,0,52,459
10/28/2006,BUF,NY,AEA,CE,Combined TRACON& Tower with Radar,124,110,8,0,242,0,4,0,0,4,124,114,8,0,246,48,0,48,294
10/29/2006,BUF,NY,AEA,CE,Combined TRACON& Tower with Radar,95,103,15,0,213,0,0,0,0,0,95,103,15,0,213,78,0,78,291
10/30/2006,BUF,NY,AEA,CE,Combined TRACON& Tower with Radar,109,166,45,2,322,0,18,50,0,68,109,184,95,2,390,80,0,80,470
10/31/2006,BUF,NY,AEA,CE,Combined TRACON& Tower with Radar,123,181,36,6,346,0,5,20,1,26,123,186,56,7,372,30,0,30,402
11/01/2006,BUF,NY,AEA,CE,Combined TRACON& Tower with Radar,119,169,55,0,343,0,9,24,0,33,119,178,79,0,376,76,0,76,452
11/02/2006,BUF,NY,AEA,CE,Combined TRACON& Tower with Radar,122,180,56,2,360,0,7,6,1,14,122,187,62,3,374,48,12,60,434
11/03/2006,BUF,NY,AEA,CE,Combined TRACON& Tower with Radar,129,186,41,0,356,0,7,21,4,32,129,193,62,4,388,50,0,50,438
11/04/2006,BUF,NY,AEA,CE,Combined TRACON& Tower with Radar,113,115,15,0,243,0,4,33,0,37,113,119,48,0,280,52,12,64,344
11/05/2006,BUF,NY,AEA,CE,Combined TRACON& Tower with Radar,97,106,26,0,229,0,6,42,0,48,97,112,68,0,277,51,6,57,334
11/06/2006,BUF,NY,AEA,CE,Combined TRACON& Tower with Radar,114,158,23,3,298,0,9,46,1,56,114,167,69,4,354,72,12,84,438
11/07/2006,BUF,NY,AEA,CE,Combined TRACON& Tower with Radar,121,167,27,0,315,0,6,17,0,23,121,173,44,0,338,72,6,78,416
11/08/2006,BUF,NY,AEA,CE,Combined TRACON& Tower with Radar,124,175,37,2,338,0,1,2,0,3,124,176,39,2,341,48,0,48,389
11/09/2006,BUF,NY,AEA,CE,Combined TRACON& Tower with Radar,126,191,43,0,360,0,6,14,0,20,126,197,57,0,380,60,0,60,440
11/10/2006,BUF,NY,AEA,CE,Combined TRACON& Tower with Radar,123,191,33,0,347,0,8,39,0,47,123,199,72,0,394,52,0,52,446
11/11/2006,BUF,NY,AEA,CE,Combined TRACON& Tower with Radar,115,119,16,0,250,0,6,3,0,9,115,125,19,0,259,78,0,78,337
11/12/2006,BUF,NY,AEA,CE,Combined TRACON& Tower with Radar,91,98,30,0,219,0,0,4,0,4,91,98,34,0,223,80,0,80,303
11/13/2006,BUF,NY,AEA,CE,Combined TRACON& Tower with Radar,108,149,31,0,288,0,0,0,0,0,108,149,31,0,288,72,0,72,360
11/14/2006,BUF,NY,AEA,CE,Combined TRACON& Tower with Radar,133,177,43,4,357,0,0,5,0,5,133,177,48,4,362,72,0,72,434
11/15/2006,BUF,NY,AEA,CE,Combined TRACON& Tower with Radar,121,175,49,3,348,0,8,29,1,38,121,183,78,4,386,72,12,84,470
11/16/2006,BUF,NY,AEA,CE,Combined TRACON& Tower with Radar,125,162,37,0,324,0,4,12,0,16,125,166,49,0,340,64,8,72,412
11/17/2006,BUF,NY,AEA,CE,Combined TRACON& Tower with Radar,133,186,37,4,360,0,6,5,0,11,133,192,42,4,371,56,0,56,427
11/18/2006,BUF,NY,AEA,CE,Combined TRACON& Tower with Radar,119,127,16,0,262,0,4,28,0,32,119,131,44,0,294,62,0,62,356
11/19/2006,BUF,NY,AEA,CE,Combined TRACON& Tower with Radar,99,104,14,0,217,0,2,5,0,7,99,106,19,0,224,36,0,36,260
11/20/2006,BUF,NY,AEA,CE,Combined TRACON& Tower with Radar,113,150,36,0,299,0,8,5,1,14,113,158,41,1,313,48,0,48,361
11/21/2006,BUF,NY,AEA,CE,Combined TRACON& Tower with Radar,129,175,46,4,354,0,10,37,0,47,129,185,83,4,401,72,0,72,473
11/22/2006,BUF,NY,AEA,CE,Combined TRACON& Tower with Radar,125,177,33,4,339,0,6,53,4,63,125,183,86,8,402,114,6,120,522
11/23/2006,BUF,NY,AEA,CE,Combined TRACON& Tower with Radar,111,111,11,0,233,0,7,12,0,19,111,118,23,0,252,30,0,30,282
11/24/2006,BUF,NY,AEA,CE,Combined TRACON& Tower with Radar,84,85,19,0,188,0,10,30,0,40,84,95,49,0,228,24,0,24,252
11/25/2006,BUF,NY,AEA,CE,Combined TRACON& Tower with Radar,118,118,18,0,254,0,4,44,0,48,118,122,62,0,302,72,0,72,374
11/26/2006,BUF,NY,AEA,CE,Combined TRACON& Tower with Radar,103,122,35,1,261,0,12,24,0,36,103,134,59,1,297,84,12,96,393
11/27/2006,BUF,NY,AEA,CE,Combined TRACON& Tower with Radar,117,150,32,0,299,0,6,27,2,35,117,156,59,2,334,84,0,84,418
11/28/2006,BUF,NY,AEA,CE,Combined TRACON& Tower with Radar,123,171,40,8,342,0,12,33,0,45,123,183,73,8,387,84,12,96,483
11/29/2006,BUF,NY,AEA,CE,Combined TRACON& Tower with Radar,132,184,50,0,366,0,10,20,0,30,132,194,70,0,396,90,0,90,486
11/30/2006,BUF,NY,AEA,CE,Combined TRACON& Tower with Radar,130,173,46,0,349,0,13,6,0,19,130,186,52,0,368,72,0,72,440
12/01/2006,BUF,NY,AEA,CE,Combined TRACON& Tower with Radar,112,136,8,2,258,0,0,0,0,0,112,136,8,2,258,60,0,60,318
12/02/2006,BUF,NY,AEA,CE,Combined TRACON& Tower with Radar,120,109,9,0,238,0,1,4,1,6,120,110,13,1,244,72,0,72,316
12/03/2006,BUF,NY,AEA,CE,Combined TRACON& Tower with Radar,92,106,23,0,221,0,6,10,1,17,92,112,33,1,238,60,0,60,298
12/04/2006,BUF,NY,AEA,CE,Combined TRACON& Tower with Radar,103,148,37,2,290,0,8,9,0,17,103,156,46,2,307,36,0,36,343
12/05/2006,BUF,NY,AEA,CE,Combined TRACON& Tower with Radar,115,171,30,0,316,0,6,22,1,29,115,177,52,1,345,72,0,72,417
12/06/2006,BUF,NY,AEA,CE,Combined TRACON& Tower with Radar,127,166,26,3,322,0,9,6,1,16,127,175,32,4,338,48,4,52,390
12/07/2006,BUF,NY,AEA,CE,Combined TRACON& Tower with Radar,125,154,45,0,324,0,6,5,0,11,125,160,50,0,335,48,0,48,383
12/08/2006,BUF,NY,AEA,CE,Combined TRACON& Tower with Radar,126,167,29,0,322,0,7,15,1,23,126,174,44,1,345,72,6,78,423
12/09/2006,BUF,NY,AEA,CE,Combined TRACON& Tower with Radar,112,122,16,0,250,0,10,8,0,18,112,132,24,0,268,60,12,72,340
12/10/2006,BUF,NY,AEA,CE,Combined TRACON& Tower with Radar,93,101,18,0,212,0,9,19,0,28,93,110,37,0,240,42,0,42,282
12/11/2006,BUF,NY,AEA,CE,Combined TRACON& Tower with Radar,113,147,29,0,289,0,10,11,0,21,113,157,40,0,310,48,6,54,364
12/12/2006,BUF,NY,AEA,CE,Combined TRACON& Tower with Radar,117,158,26,0,301,0,13,45,0,58,117,171,71,0,359,72,12,84,443
12/13/2006,BUF,NY,AEA,CE,Combined TRACON& Tower with Radar,126,148,43,2,319,0,10,12,0,22,126,158,55,2,341,84,0,84,425
12/14/2006,BUF,NY,AEA,CE,Combined TRACON& Tower with Radar,117,160,46,0,323,0,5,36,0,41,117,165,82,0,364,71,4,75,439
12/15/2006,BUF,NY,AEA,CE,Combined TRACON& Tower with Radar,128,149,35,3,315,0,11,16,0,27,128,160,51,3,342,72,0,72,414
12/16/2006,BUF,NY,AEA,CE,Combined TRACON& Tower with Radar,115,120,21,0,256,0,3,37,0,40,115,123,58,0,296,62,0,62,358
12/17/2006,BUF,NY,AEA,CE,Combined TRACON& Tower with Radar,92,104,26,0,222,0,3,3,0,6,92,107,29,0,228,0,0,0,228
12/18/2006,BUF,NY,AEA,CE,Combined TRACON& Tower with Radar,109,139,30,1,279,0,11,15,2,28,109,150,45,3,307,84,6,90,397
12/19/2006,BUF,NY,AEA,CE,Combined TRACON& Tower with Radar,127,158,43,3,331,0,3,36,1,40,127,161,79,4,371,86,4,90,461
12/20/2006,BUF,NY,AEA,CE,Combined TRACON& Tower with Radar,129,169,50,2,350,0,6,18,0,24,129,175,68,2,374,50,0,50,424
12/21/2006,BUF,NY,AEA,CE,Combined TRACON& Tower with Radar,123,165,32,0,320,0,13,45,0,58,123,178,77,0,378,112,12,124,502
12/22/2006,BUF,NY,AEA,CE,Combined TRACON& Tower with Radar,121,161,24,0,306,0,5,3,0,8,121,166,27,0,314,24,0,24,338
12/23/2006,BUF,NY,AEA,CE,Combined TRACON& Tower with Radar,124,127,19,0,270,0,7,8,0,15,124,134,27,0,285,12,0,12,297
12/24/2006,BUF,NY,AEA,CE,Combined TRACON& Tower with Radar,95,89,15,0,199,0,7,7,0,14,95,96,22,0,213,53,0,53,266
12/25/2006,BUF,NY,AEA,CE,Combined TRACON& Tower with Radar,96,86,2,0,184,0,5,6,0,11,96,91,8,0,195,60,0,60,255
12/26/2006,BUF,NY,AEA,CE,Combined TRACON& Tower with Radar,107,136,14,0,257,0,0,5,0,5,107,136,19,0,262,24,0,24,286
12/27/2006,BUF,NY,AEA,CE,Combined TRACON& Tower with Radar,117,150,18,0,285,0,6,11,0,17,117,156,29,0,302,48,0,48,350
12/28/2006,BUF,NY,AEA,CE,Combined TRACON& Tower with Radar,122,153,23,0,298,0,8,15,0,23,122,161,38,0,321,60,0,60,381
12/29/2006,BUF,NY,AEA,CE,Combined TRACON& Tower with Radar,120,160,19,0,299,0,2,12,0,14,120,162,31,0,313,48,0,48,361
12/30/2006,BUF,NY,AEA,CE,Combined TRACON& Tower with Radar,117,97,10,0,224,0,6,6,0,12,117,103,16,0,236,24,0,24,260
12/31/2006,BUF,NY,AEA,CE,Combined TRACON& Tower with Radar,94,85,11,0,190,0,1,19,0,20,94,86,30,0,210,24,0,24,234
01/01/2007,BUF,NY,AEA,CE,Combined TRACON& Tower with Radar,99,99,11,0,209,0,5,4,0,9,99,104,15,0,218,12,0,12,230
01/02/2007,BUF,NY,AEA,CE,Combined TRACON& Tower with Radar,110,141,14,0,265,0,12,20,0,32,110,153,34,0,297,60,0,60,357
01/03/2007,BUF,NY,AEA,CE,Combined TRACON& Tower with Radar,122,143,23,0,288,0,9,20,2,31,122,152,43,2,319,84,12,96,415
01/04/2007,BUF,NY,AEA,CE,Combined TRACON& Tower with Radar,116,153,20,4,293,0,6,26,0,32,116,159,46,4,325,82,10,92,417
01/05/2007,BUF,NY,AEA,CE,Combined TRACON& Tower with Radar,119,150,35,0,304,0,2,1,0,3,119,152,36,0,307,60,12,72,379
01/06/2007,BUF,NY,AEA,CE,Combined TRACON& Tower with Radar,113,102,9,0,224,0,0,1,0,1,113,102,10,0,225,32,0,32,257
01/07/2007,BUF,NY,AEA,CE,Combined TRACON& Tower with Radar,90,101,18,0,209,0,9,25,0,34,90,110,43,0,243,60,0,60,303
01/08/2007,BUF,NY,AEA,CE,Combined TRACON& Tower with Radar,98,144,22,2,266,0,0,2,0,2,98,144,24,2,268,36,6,42,310
01/09/2007,BUF,NY,AEA,CE,Combined TRACON& Tower with Radar,127,150,24,0,301,0,5,6,0,11,127,155,30,0,312,72,4,76,388
01/10/2007,BUF,NY,AEA,CE,Combined TRACON& Tower with Radar,119,171,37,0,327,0,3,11,0,14,119,174,48,0,341,24,0,24,365
01/11/2007,BUF,NY,AEA,CE,Combined TRACON& Tower with Radar,121,152,21,0,294,0,6,20,0,26,121,158,41,0,320,36,0,36,356
01/12/2007,BUF,NY,AEA,CE,Combined TRACON& Tower with Radar,128,152,19,0,299,0,2,7,0,9,128,154,26,0,308,54,0,54,362
01/13/2007,BUF,NY,AEA,CE,Combined TRACON& Tower with Radar,110,115,7,0,232,0,0,0,0,0,110,115,7,0,232,60,0,60,292
01/14/2007,BUF,NY,AEA,CE,Combined TRACON& Tower with Radar,93,80,8,0,181,0,0,0,0,0,93,80,8,0,181,52,0,52,233
01/15/2007,BUF,NY,AEA,CE,Combined TRACON& Tower with Radar,103,115,24,1,243,0,0,0,0,0,103,115,24,1,243,12,0,12,255
01/16/2007,BUF,NY,AEA,CE,Combined TRACON& Tower with Radar,127,162,35,2,326,0,4,2,0,6,127,166,37,2,332,38,8,46,378
01/17/2007,BUF,NY,AEA,CE,Combined TRACON& Tower with Radar,122,143,23,1,289,0,5,11,0,16,122,148,34,1,305,48,6,54,359
01/18/2007,BUF,NY,AEA,CE,Combined TRACON& Tower with Radar,121,146,11,0,278,0,0,30,1,31,121,146,41,1,309,72,12,84,393
01/19/2007,BUF,NY,AEA,CE,Combined TRACON& Tower with Radar,124,152,16,0,292,0,3,4,0,7,124,155,20,0,299,60,0,60,359
01/20/2007,BUF,NY,AEA,CE,Combined TRACON& Tower with Radar,114,107,11,0,232,0,3,6,0,9,114,110,17,0,241,48,12,60,301
01/21/2007,BUF,NY,AEA,CE,Combined TRACON& Tower with Radar,91,83,13,0,187,0,2,24,0,26,91,85,37,0,213,48,0,48,261
01/22/2007,BUF,NY,AEA,CE,Combined TRACON& Tower with Radar,111,135,28,0,274,0,1,5,0,6,111,136,33,0,280,0,0,0,280
01/23/2007,BUF,NY,AEA,CE,Combined TRACON& Tower with Radar,121,166,35,4,326,0,0,2,0,2,121,166,37,4,328,30,4,34,362
01/24/2007,BUF,NY,AEA,CE,Combined TRACON& Tower with Radar,119,162,32,0,313,0,6,7,0,13,119,168,39,0,326,15,0,15,341
01/25/2007,BUF,NY,AEA,CE,Combined TRACON& Tower with Radar,122,152,19,2,295,0,2,2,0,4,122,154,21,2,299,48,0,48,347
01/26/2007,BUF,NY,AEA,CE,Combined TRACON& Tower with Radar,122,157,16,0,295,0,1,4,0,5,122,158,20,0,300,60,0,60,360
01/27/2007,BUF,NY,AEA,CE,Combined TRACON& Tower with Radar,110,104,10,0,224,0,0,0,1,1,110,104,10,1,225,60,0,60,285
01/28/2007,BUF,NY,AEA,CE,Combined TRACON& Tower with Radar,96,92,12,0,200,0,0,4,0,4,96,92,16,0,204,0,0,0,204
01/29/2007,BUF,NY,AEA,CE,Combined TRACON& Tower with Radar,111,149,25,0,285,0,6,15,0,21,111,155,40,0,306,50,0,50,356
01/30/2007,BUF,NY,AEA,CE,Combined TRACON& Tower with Radar,119,158,23,12,312,0,1,10,1,12,119,159,33,13,324,24,0,24,348
01/31/2007,BUF,NY,AEA,CE,Combined TRACON& Tower with Radar,124,157,20,2,303,0,6,2,0,8,124,163,22,2,311,42,3,45,356
02/01/2007,BUF,NY,AEA,CE,Combined TRACON& Tower with Radar,119,163,31,4,317,0,4,13,0,17,119,167,44,4,334,24,0,24,358
02/02/2007,BUF,NY,AEA,CE,Combined TRACON& Tower with Radar,128,159,20,2,309,0,0,0,0,0,128,159,20,2,309,28,4,32,341
02/03/2007,BUF,NY,AEA,CE,Combined TRACON& Tower with Radar,82,85,5,0,172,0,5,0,0,5,82,90,5,0,177,36,0,36,213
02/04/2007,BUF,NY,AEA,CE,Combined TRACON& Tower with Radar,110,90,7,0,207,0,0,0,0,0,110,90,7,0,207,0,0,0,207
02/05/2007,BUF,NY,AEA,CE,Combined TRACON& Tower with Radar,110,133,25,0,268,0,3,4,0,7,110,136,29,0,275,12,0,12,287
02/06/2007,BUF,NY,AEA,CE,Combined TRACON& Tower with Radar,122,145,26,3,296,0,0,2,0,2,122,145,28,3,298,26,6,32,330
02/07/2007,BUF,NY,AEA,CE,Combined TRACON& Tower with Radar,122,150,37,0,309,0,8,8,0,16,122,158,45,0,325,60,0,60,385
02/08/2007,BUF,NY,AEA,CE,Combined TRACON& Tower with Radar,122,161,41,0,324,0,1,3,0,4,122,162,44,0,328,60,12,72,400
02/09/2007,BUF,NY,AEA,CE,Combined TRACON& Tower with Radar,129,165,25,4,323,0,1,14,0,15,129,166,39,4,338,28,4,32,370
02/10/2007,BUF,NY,AEA,CE,Combined TRACON& Tower with Radar,112,97,6,0,215,0,8,2,0,10,112,105,8,0,225,0,0,0,225
02/11/2007,BUF,NY,AEA,CE,Combined TRACON& Tower with Radar,94,95,6,0,195,0,7,1,0,8,94,102,7,0,203,0,0,0,203
02/12/2007,BUF,NY,AEA,CE,Combined TRACON& Tower with Radar,109,136,28,6,279,0,2,13,0,15,109,138,41,6,294,48,18,66,360
02/13/2007,BUF,NY,AEA,CE,Combined TRACON& Tower with Radar,112,113,14,0,239,0,2,6,0,8,112,115,20,0,247,40,0,40,287
02/14/2007,BUF,NY,AEA,CE,Combined TRACON& Tower with Radar,81,71,9,0,161,0,0,0,0,0,81,71,9,0,161,36,0,36,197
02/15/2007,BUF,NY,AEA,CE,Combined TRACON& Tower with Radar,104,140,29,0,273,0,5,5,0,10,104,145,34,0,283,40,0,40,323
02/16/2007,BUF,NY,AEA,CE,Combined TRACON& Tower with Radar,114,156,27,0,297,0,4,7,0,11,114,160,34,0,308,60,0,60,368
02/17/2007,BUF,NY,AEA,CE,Combined TRACON& Tower with Radar,107,114,7,0,228,0,3,15,0,18,107,117,22,0,246,54,7,61,307
02/18/2007,BUF,NY,AEA,CE,Combined TRACON& Tower with Radar,86,97,12,0,195,0,1,3,0,4,86,98,15,0,199,0,0,0,199
02/19/2007,BUF,NY,AEA,CE,Combined TRACON& Tower with Radar,107,126,16,0,249,0,3,20,0,23,107,129,36,0,272,40,4,44,316
02/20/2007,BUF,NY,AEA,CE,Combined TRACON& Tower with Radar,120,143,28,2,293,0,3,17,0,20,120,146,45,2,313,54,12,66,379
02/21/2007,BUF,NY,AEA,CE,Combined TRACON& Tower with Radar,125,156,28,0,309,0,6,39,0,45,125,162,67,0,354,82,0,82,436
02/22/2007,BUF,NY,AEA,CE,Combined TRACON& Tower with Radar,117,147,24,0,288,0,2,3,0,5,117,149,27,0,293,60,0,60,353
02/23/2007,BUF,NY,AEA,CE,Combined TRACON& Tower with Radar,121,159,14,0,294,0,2,13,0,15,121,161,27,0,309,44,8,52,361
02/24/2007,BUF,NY,AEA,CE,Combined TRACON& Tower with Radar,115,111,30,0,256,0,4,41,0,45,115,115,71,0,301,60,0,60,361
02/25/2007,BUF,NY,AEA,CE,Combined TRACON& Tower with Radar,82,89,13,2,186,0,5,12,0,17,82,94,25,2,203,0,0,0,203
02/26/2007,BUF,NY,AEA,CE,Combined TRACON& Tower with Radar,94,118,29,3,244,0,1,10,0,11,94,119,39,3,255,32,8,40,295
02/27/2007,BUF,NY,AEA,CE,Combined TRACON& Tower with Radar,122,164,25,2,313,0,1,0,0,1,122,165,25,2,314,28,8,36,350
02/28/2007,BUF,NY,AEA,CE,Combined TRACON& Tower with Radar,116,156,41,2,315,0,6,14,1,21,116,162,55,3,336,28,12,40,376
03/01/2007,BUF,NY,AEA,CE,Combined TRACON& Tower with Radar,108,132,36,0,276,0,5,2,0,7,108,137,38,0,283,12,0,12,295
03/02/2007,BUF,NY,AEA,CE,Combined TRACON& Tower with Radar,124,140,29,0,293,1,2,4,0,7,125,142,33,0,300,36,0,36,336
03/03/2007,BUF,NY,AEA,CE,Combined TRACON& Tower with Radar,121,110,12,0,243,0,7,0,0,7,121,117,12,0,250,58,4,62,312
03/04/2007,BUF,NY,AEA,CE,Combined TRACON& Tower with Radar,94,96,12,2,204,0,6,0,0,6,94,102,12,2,210,0,0,0,210
03/05/2007,BUF,NY,AEA,CE,Combined TRACON& Tower with Radar,116,152,31,0,299,0,7,0,0,7,116,159,31,0,306,0,0,0,306
03/06/2007,BUF,NY,AEA,CE,Combined TRACON& Tower with Radar,119,151,33,2,305,0,5,26,0,31,119,156,59,2,336,42,8,50,386
03/07/2007,BUF,NY,AEA,CE,Combined TRACON& Tower with Radar,118,145,24,6,293,0,4,17,0,21,118,149,41,6,314,36,12,48,362
03/08/2007,BUF,NY,AEA,CE,Combined TRACON& Tower with Radar,118,160,31,0,309,0,8,19,0,27,118,168,50,0,336,36,12,48,384
03/09/2007,BUF,NY,AEA,CE,Combined TRACON& Tower with Radar,119,165,32,4,320,0,13,37,0,50,119,178,69,4,370,66,6,72,442
03/10/2007,BUF,NY,AEA,CE,Combined TRACON& Tower with Radar,111,87,10,0,208,0,3,11,0,14,111,90,21,0,222,42,6,48,270
03/11/2007,BUF,NY,AEA,CE,Combined TRACON& Tower with Radar,97,104,24,0,225,0,14,30,0,44,97,118,54,0,269,60,0,60,329
03/12/2007,BUF,NY,AEA,CE,Combined TRACON& Tower with Radar,110,147,30,0,287,0,7,71,2,80,110,154,101,2,367,0,0,0,367
03/13/2007,BUF,NY,AEA,CE,Combined TRACON& Tower with Radar,133,161,27,0,321,1,9,17,0,27,134,170,44,0,348,48,12,60,408
03/14/2007,BUF,NY,AEA,CE,Combined TRACON& Tower with Radar,113,144,25,0,282,0,0,1,0,1,113,144,26,0,283,12,0,12,295
03/15/2007,BUF,NY,AEA,CE,Combined TRACON& Tower with Radar,127,160,52,4,343,0,1,77,10,88,127,161,129,14,431,0,0,0,431
03/16/2007,BUF,NY,AEA,CE,Combined TRACON& Tower with Radar,103,114,24,0,241,0,4,10,1,15,103,118,34,1,256,40,0,40,296
03/17/2007,BUF,NY,AEA,CE,Combined TRACON& Tower with Radar,103,68,18,0,189,0,7,1,1,9,103,75,19,1,198,48,0,48,246
03/18/2007,BUF,NY,AEA,CE,Combined TRACON& Tower with Radar,95,99,31,0,225,0,4,7,0,11,95,103,38,0,236,48,0,48,284
03/19/2007,BUF,NY,AEA,CE,Combined TRACON& Tower with Radar,109,150,11,0,270,0,2,1,0,3,109,152,12,0,273,26,0,26,299
03/20/2007,BUF,NY,AEA,CE,Combined TRACON& Tower with Radar,117,161,21,0,299,0,8,31,0,39,117,169,52,0,338,76,6,82,420
03/21/2007,BUF,NY,AEA,CE,Combined TRACON& Tower with Radar,120,153,39,0,312,0,9,28,2,39,120,162,67,2,351,72,6,78,429
03/22/2007,BUF,NY,AEA,CE,Combined TRACON& Tower with Radar,120,148,13,0,281,0,2,4,0,6,120,150,17,0,287,60,0,60,347
03/23/2007,BUF,NY,AEA,CE,Combined TRACON& Tower with Radar,122,155,25,0,302,0,7,39,0,46,122,162,64,0,348,54,0,54,402
03/24/2007,BUF,NY,AEA,CE,Combined TRACON& Tower with Radar,116,106,27,0,249,0,4,17,1,22,116,110,44,1,271,8,0,8,279
03/25/2007,BUF,NY,AEA,CE,Combined TRACON& Tower with Radar,97,101,15,0,213,0,1,25,1,27,97,102,40,1,240,44,8,52,292
03/26/2007,BUF,NY,AEA,CE,Combined TRACON& Tower with Radar,108,140,25,0,273,0,6,2,0,8,108,146,27,0,281,60,0,60,341
03/27/2007,BUF,NY,AEA,CE,Combined TRACON& Tower with Radar,118,153,40,2,313,0,9,13,2,24,118,162,53,4,337,68,0,68,405
03/28/2007,BUF,NY,AEA,CE,Combined TRACON& Tower with Radar,115,154,41,0,310,0,18,19,0,37,115,172,60,0,347,58,0,58,405
03/29/2007,BUF,NY,AEA,CE,Combined TRACON& Tower with Radar,123,165,38,0,326,0,11,31,0,42,123,176,69,0,368,84,0,84,452
03/30/2007,BUF,NY,AEA,CE,Combined TRACON& Tower with Radar,120,168,31,0,319,0,16,42,0,58,120,184,73,0,377,60,0,60,437
03/31/2007,BUF,NY,AEA,CE,Combined TRACON& Tower with Radar,122,114,19,0,255,0,3,22,0,25,122,117,41,0,280,86,0,86,366
04/01/2007,BUF,NY,AEA,CE,Combined TRACON& Tower with Radar,100,98,18,0,216,0,1,4,0,5,100,99,22,0,221,26,0,26,247
04/02/2007,BUF,NY,AEA,CE,Combined TRACON& Tower with Radar,109,143,25,2,279,0,12,15,0,27,109,155,40,2,306,76,8,84,390
04/03/2007,BUF,NY,AEA,CE,Combined TRACON& Tower with Radar,120,158,32,4,314,0,5,5,0,10,120,163,37,4,324,78,12,90,414
04/04/2007,BUF,NY,AEA,CE,Combined TRACON& Tower with Radar,118,159,36,2,315,0,5,0,0,5,118,164,36,2,320,30,6,36,356
04/05/2007,BUF,NY,AEA,CE,Combined TRACON& Tower with Radar,125,169,31,0,325,0,1,0,0,1,125,170,31,0,326,60,0,60,386
04/06/2007,BUF,NY,AEA,CE,Combined TRACON& Tower with Radar,128,176,18,0,322,0,1,2,0,3,128,177,20,0,325,70,0,70,395
04/07/2007,BUF,NY,AEA,CE,Combined TRACON& Tower with Radar,117,110,7,0,234,0,3,4,0,7,117,113,11,0,241,0,0,0,241
04/08/2007,BUF,NY,AEA,CE,Combined TRACON& Tower with Radar,102,106,12,0,220,0,5,0,0,5,102,111,12,0,225,46,2,48,273
04/09/2007,BUF,NY,AEA,CE,Combined TRACON& Tower with Radar,110,158,28,0,296,0,9,9,0,18,110,167,37,0,314,30,0,30,344
04/10/2007,BUF,NY,AEA,CE,Combined TRACON& Tower with Radar,116,157,31,0,304,0,5,20,0,25,116,162,51,0,329,56,8,64,393
04/11/2007,BUF,NY,AEA,CE,Combined TRACON& Tower with Radar,112,162,42,0,316,0,7,28,0,35,112,169,70,0,351,78,6,84,435
04/12/2007,BUF,NY,AEA,CE,Combined TRACON& Tower with Radar,125,160,17,0,302,0,6,13,0,19,125,166,30,0,321,60,0,60,381
04/13/2007,BUF,NY,AEA,CE,Combined TRACON& Tower with Radar,124,173,23,0,320,0,5,2,0,7,124,178,25,0,327,36,0,36,363
04/14/2007,BUF,NY,AEA,CE,Combined TRACON& Tower with Radar,124,116,23,0,263,0,3,51,0,54,124,119,74,0,317,56,0,56,373
04/15/2007,BUF,NY,AEA,CE,Combined TRACON& Tower with Radar,91,83,21,0,195,0,0,0,0,0,91,83,21,0,195,12,0,12,207
04/16/2007,BUF,NY,AEA,CE,Combined TRACON& Tower with Radar,103,125,11,0,239,0,0,0,0,0,103,125,11,0,239,0,0,0,239
04/17/2007,BUF,NY,AEA,CE,Combined TRACON& Tower with Radar,123,153,32,6,314,0,0,8,0,8,123,153,40,6,322,60,12,72,394
04/18/2007,BUF,NY,AEA,CE,Combined TRACON& Tower with Radar,126,155,40,2,323,0,3,11,2,16,126,158,51,4,339,0,0,0,339
04/19/2007,BUF,NY,AEA,CE,Combined TRACON& Tower with Radar,129,160,44,1,334,0,3,27,0,30,129,163,71,1,364,72,0,72,436
04/20/2007,BUF,NY,AEA,CE,Combined TRACON& Tower with Radar,128,156,45,0,329,0,11,51,0,62,128,167,96,0,391,84,12,96,487
04/21/2007,BUF,NY,AEA,CE,Combined TRACON& Tower with Radar,118,97,35,0,250,0,10,64,0,74,118,107,99,0,324,128,0,128,452
04/22/2007,BUF,NY,AEA,CE,Combined TRACON& Tower with Radar,98,97,18,0,213,0,11,49,0,60,98,108,67,0,273,72,0,72,345
04/23/2007,BUF,NY,AEA,CE,Combined TRACON& Tower with Radar,106,142,34,3,285,0,7,27,0,34,106,149,61,3,319,30,0,30,349
04/24/2007,BUF,NY,AEA,CE,Combined TRACON& Tower with Radar,125,153,27,0,305,0,14,23,0,37,125,167,50,0,342,72,0,72,414
04/25/2007,BUF,NY,AEA,CE,Combined TRACON& Tower with Radar,122,149,44,0,315,0,3,6,0,9,122,152,50,0,324,72,0,72,396
04/26/2007,BUF,NY,AEA,CE,Combined TRACON& Tower with Radar,121,158,48,9,336,0,6,9,1,16,121,164,57,10,352,78,18,96,448
04/27/2007,BUF,NY,AEA,CE,Combined TRACON& Tower with Radar,121,156,29,0,306,0,3,5,2,10,121,159,34,2,316,78,18,96,412
04/28/2007,BUF,NY,AEA,CE,Combined TRACON& Tower with Radar,120,101,9,0,230,0,1,0,0,1,120,102,9,0,231,36,0,36,267
04/29/2007,BUF,NY,AEA,CE,Combined TRACON& Tower with Radar,101,95,32,1,229,0,12,40,0,52,101,107,72,1,281,72,0,72,353
04/30/2007,BUF,NY,AEA,CE,Combined TRACON& Tower with Radar,107,141,24,0,272,0,5,22,0,27,107,146,46,0,299,72,6,78,377
05/01/2007,BUF,NY,AEA,CE,Combined TRACON& Tower with Radar,128,145,21,1,295,0,5,15,0,20,128,150,36,1,315,36,0,36,351
05/02/2007,BUF,NY,AEA,CE,Combined TRACON& Tower with Radar,128,162,34,0,324,0,9,45,0,54,128,171,79,0,378,64,0,64,442
05/03/2007,BUF,NY,AEA,CE,Combined TRACON& Tower with Radar,132,151,43,1,327,0,8,49,1,58,132,159,92,2,385,72,8,80,465
05/04/2007,BUF,NY,AEA,CE,Combined TRACON& Tower with Radar,131,150,30,2,313,0,13,49,2,64,131,163,79,4,377,78,4,82,459
05/05/2007,BUF,NY,AEA,CE,Combined TRACON& Tower with Radar,124,94,30,5,253,0,4,38,0,42,124,98,68,5,295,74,8,82,377
05/06/2007,BUF,NY,AEA,CE,Combined TRACON& Tower with Radar,101,87,13,2,203,0,6,14,0,20,101,93,27,2,223,72,0,72,295
05/07/2007,BUF,NY,AEA,CE,Combined TRACON& Tower with Radar,119,135,42,4,300,1,11,22,1,35,120,146,64,5,335,128,0,128,463
05/08/2007,BUF,NY,AEA,CE,Combined TRACON& Tower with Radar,136,149,43,0,328,0,6,34,2,42,136,155,77,2,370,66,12,78,448
05/09/2007,BUF,NY,AEA,CE,Combined TRACON& Tower with Radar,132,151,28,0,311,0,11,26,0,37,132,162,54,0,348,42,6,48,396
05/10/2007,BUF,NY,AEA,CE,Combined TRACON& Tower with Radar,128,148,35,1,312,0,5,7,0,12,128,153,42,1,324,48,0,48,372
05/11/2007,BUF,NY,AEA,CE,Combined TRACON& Tower with Radar,134,163,39,0,336,0,7,30,3,40,134,170,69,3,376,58,0,58,434
05/12/2007,BUF,NY,AEA,CE,Combined TRACON& Tower with Radar,126,107,27,3,263,0,11,32,0,43,126,118,59,3,306,56,0,56,362
05/13/2007,BUF,NY,AEA,CE,Combined TRACON& Tower with Radar,104,93,18,1,216,0,10,23,0,33,104,103,41,1,249,88,6,94,343
05/14/2007,BUF,NY,AEA,CE,Combined TRACON& Tower with Radar,118,133,51,0,302,2,13,28,0,43,120,146,79,0,345,50,0,50,395
05/15/2007,BUF,NY,AEA,CE,Combined TRACON& Tower with Radar,132,136,30,0,298,0,10,3,4,17,132,146,33,4,315,36,0,36,351
05/16/2007,BUF,NY,AEA,CE,Combined TRACON& Tower with Radar,136,142,40,0,318,0,1,2,0,3,136,143,42,0,321,60,0,60,381
05/17/2007,BUF,NY,AEA,CE,Combined TRACON& Tower with Radar,143,150,50,0,343,0,3,15,4,22,143,153,65,4,365,84,12,96,461
05/18/2007,BUF,NY,AEA,CE,Combined TRACON& Tower with Radar,133,147,22,5,307,1,5,28,0,34,134,152,50,5,341,66,0,66,407
05/19/2007,BUF,NY,AEA,CE,Combined TRACON& Tower with Radar,126,106,28,0,260,0,9,21,0,30,126,115,49,0,290,60,0,60,350
05/20/2007,BUF,NY,AEA,CE,Combined TRACON& Tower with Radar,103,87,14,0,204,0,6,2,0,8,103,93,16,0,212,52,4,56,268
05/21/2007,BUF,NY,AEA,CE,Combined TRACON& Tower with Radar,119,136,37,4,296,0,10,37,0,47,119,146,74,4,343,60,0,60,403
05/22/2007,BUF,NY,AEA,CE,Combined TRACON& Tower with Radar,134,147,38,0,319,0,10,29,2,41,134,157,67,2,360,96,10,106,466
05/23/2007,BUF,NY,AEA,CE,Combined TRACON& Tower with Radar,132,147,44,2,325,0,13,36,1,50,132,160,80,3,375,84,5,89,464
05/24/2007,BUF,NY,AEA,CE,Combined TRACON& Tower with Radar,133,148,46,2,329,0,14,41,2,57,133,162,87,4,386,54,6,60,446
05/25/2007,BUF,NY,AEA,CE,Combined TRACON& Tower with Radar,133,141,39,0,313,0,9,13,0,22,133,150,52,0,335,60,0,60,395
05/26/2007,BUF,NY,AEA,CE,Combined TRACON& Tower with Radar,122,98,12,1,233,0,6,19,1,26,122,104,31,2,259,82,2,84,343
05/27/2007,BUF,NY,AEA,CE,Combined TRACON& Tower with Radar,95,79,19,0,193,0,6,6,0,12,95,85,25,0,205,20,0,20,225
05/28/2007,BUF,NY,AEA,CE,Combined TRACON& Tower with Radar,111,94,20,0,225,0,0,9,0,9,111,94,29,0,234,72,0,72,306
05/29/2007,BUF,NY,AEA,CE,Combined TRACON& Tower with Radar,123,143,32,4,302,1,21,32,3,57,124,164,64,7,359,96,24,120,479
05/30/2007,BUF,NY,AEA,CE,Combined TRACON& Tower with Radar,130,153,49,6,338,0,9,38,0,47,130,162,87,6,385,94,0,94,479
05/31/2007,BUF,NY,AEA,CE,Combined TRACON& Tower with Radar,136,141,35,1,313,0,6,26,0,32,136,147,61,1,345,100,0,100,445
06/01/2007,BUF,NY,AEA,CE,Combined TRACON& Tower with Radar,134,151,32,1,318,0,6,16,4,26,134,157,48,5,344,88,2,90,434
06/02/2007,BUF,NY,AEA,CE,Combined TRACON& Tower with Radar,129,100,22,0,251,0,11,19,0,30,129,111,41,0,281,72,12,84,365
06/03/2007,BUF,NY,AEA,CE,Combined TRACON& Tower with Radar,106,77,24,0,207,0,2,14,0,16,106,79,38,0,223,80,4,84,307
06/04/2007,BUF,NY,AEA,CE,Combined TRACON& Tower with Radar,121,139,33,1,294,0,7,1,0,8,121,146,34,1,302,16,2,18,320
06/05/2007,BUF,NY,AEA,CE,Combined TRACON& Tower with Radar,138,151,34,1,324,0,5,0,0,5,138,156,34,1,329,0,0,0,329
06/06/2007,BUF,NY,AEA,CE,Combined TRACON& Tower with Radar,131,154,49,1,335,0,15,30,1,46,131,169,79,2,381,52,0,52,433
06/07/2007,BUF,NY,AEA,CE,Combined TRACON& Tower with Radar,131,147,31,0,309,0,11,40,0,51,131,158,71,0,360,76,4,80,440
06/08/2007,BUF,NY,AEA,CE,Combined TRACON& Tower with Radar,130,126,26,2,284,0,9,21,0,30,130,135,47,2,314,24,0,24,338
06/09/2007,BUF,NY,AEA,CE,Combined TRACON& Tower with Radar,124,101,27,0,252,0,5,31,0,36,124,106,58,0,288,102,4,106,394
06/10/2007,BUF,NY,AEA,CE,Combined TRACON& Tower with Radar,112,89,36,0,237,0,2,29,0,31,112,91,65,0,268,82,4,86,354
06/11/2007,BUF,NY,AEA,CE,Combined TRACON& Tower with Radar,121,132,35,0,288,0,16,29,0,45,121,148,64,0,333,58,27,85,418
06/12/2007,BUF,NY,AEA,CE,Combined TRACON& Tower with Radar,136,131,41,3,311,0,6,39,1,46,136,137,80,4,357,84,12,96,453
06/13/2007,BUF,NY,AEA,CE,Combined TRACON& Tower with Radar,134,152,44,5,335,0,14,26,0,40,134,166,70,5,375,66,10,76,451
06/14/2007,BUF,NY,AEA,CE,Combined TRACON& Tower with Radar,137,158,48,0,343,0,3,49,2,54,137,161,97,2,397,98,0,98,495
06/15/2007,BUF,NY,AEA,CE,Combined TRACON& Tower with Radar,142,148,44,1,335,0,4,38,4,46,142,152,82,5,381,72,0,72,453
06/16/2007,BUF,NY,AEA,CE,Combined TRACON& Tower with Radar,122,100,27,0,249,1,9,43,0,53,123,109,70,0,302,78,0,78,380
06/17/2007,BUF,NY,AEA,CE,Combined TRACON& Tower with Radar,109,98,24,0,231,0,6,30,0,36,109,104,54,0,267,86,24,110,377
06/18/2007,BUF,NY,AEA,CE,Combined TRACON& Tower with Radar,121,129,40,0,290,0,11,23,0,34,121,140,63,0,324,72,0,72,396
06/19/2007,BUF,NY,AEA,CE,Combined TRACON& Tower with Radar,128,143,42,0,313,0,4,18,0,22,128,147,60,0,335,48,0,48,383
06/20/2007,BUF,NY,AEA,CE,Combined TRACON& Tower with Radar,147,153,55,1,356,0,11,29,1,41,147,164,84,2,397,92,6,98,495
06/21/2007,BUF,NY,AEA,CE,Combined TRACON& Tower with Radar,136,151,45,0,332,0,8,16,0,24,136,159,61,0,356,73,2,75,431
06/22/2007,BUF,NY,AEA,CE,Combined TRACON& Tower with Radar,144,146,43,2,335,0,10,18,1,29,144,156,61,3,364,76,0,76,440
06/23/2007,BUF,NY,AEA,CE,Combined TRACON& Tower with Radar,122,94,26,1,243,0,9,46,0,55,122,103,72,1,298,102,0,102,400
06/24/2007,BUF,NY,AEA,CE,Combined TRACON& Tower with Radar,110,88,28,0,226,20,8,48,0,76,130,96,76,0,302,88,4,92,394
06/25/2007,BUF,NY,AEA,CE,Combined TRACON& Tower with Radar,119,130,36,3,288,0,13,46,2,61,119,143,82,5,349,76,0,76,425
06/26/2007,BUF,NY,AEA,CE,Combined TRACON& Tower with Radar,135,142,34,2,313,0,7,32,2,41,135,149,66,4,354,74,20,94,448
06/27/2007,BUF,NY,AEA,CE,Combined TRACON& Tower with Radar,127,142,47,0,316,0,12,10,1,23,127,154,57,1,339,74,0,74,413
06/28/2007,BUF,NY,AEA,CE,Combined TRACON& Tower with Radar,134,143,43,0,320,0,7,15,1,23,134,150,58,1,343,72,4,76,419
06/29/2007,BUF,NY,AEA,CE,Combined TRACON& Tower with Radar,134,152,22,0,308,0,13,39,0,52,134,165,61,0,360,84,6,90,450
06/30/2007,BUF,NY,AEA,CE,Combined TRACON& Tower with Radar,125,104,25,0,254,0,4,46,0,50,125,108,71,0,304,66,2,68,372
07/01/2007,BUF,NY,AEA,CE,Combined TRACON& Tower with Radar,108,96,26,0,230,0,13,32,0,45,108,109,58,0,275,66,0,66,341
07/02/2007,BUF,NY,AEA,CE,Combined TRACON& Tower with Radar,123,124,18,0,265,0,6,32,4,42,123,130,50,4,307,96,4,100,407
07/03/2007,BUF,NY,AEA,CE,Combined TRACON& Tower with Radar,131,126,24,1,282,0,15,43,0,58,131,141,67,1,340,74,0,74,414
07/04/2007,BUF,NY,AEA,CE,Combined TRACON& Tower with Radar,120,86,19,0,225,0,3,1,0,4,120,89,20,0,229,60,0,60,289
07/05/2007,BUF,NY,AEA,CE,Combined TRACON& Tower with Radar,125,121,26,0,272,0,5,10,0,15,125,126,36,0,287,80,6,86,373
07/06/2007,BUF,NY,AEA,CE,Combined TRACON& Tower with Radar,135,130,42,0,307,0,7,23,0,30,135,137,65,0,337,63,0,63,400
07/07/2007,BUF,NY,AEA,CE,Combined TRACON& Tower with Radar,125,94,14,0,233,0,5,67,2,74,125,99,81,2,307,84,12,96,403
07/08/2007,BUF,NY,AEA,CE,Combined TRACON& Tower with Radar,108,85,28,0,221,0,7,12,2,21,108,92,40,2,242,60,0,60,302
07/09/2007,BUF,NY,AEA,CE,Combined TRACON& Tower with Radar,122,113,41,0,276,0,0,12,0,12,122,113,53,0,288,74,0,74,362
07/10/2007,BUF,NY,AEA,CE,Combined TRACON& Tower with Radar,129,125,37,0,291,0,7,16,0,23,129,132,53,0,314,72,0,72,386
07/11/2007,BUF,NY,AEA,CE,Combined TRACON& Tower with Radar,139,119,35,0,293,0,4,12,0,16,139,123,47,0,309,52,0,52,361
07/12/2007,BUF,NY,AEA,CE,Combined TRACON& Tower with Radar,143,135,61,2,341,0,4,37,3,44,143,139,98,5,385,78,0,78,463
07/13/2007,BUF,NY,AEA,CE,Combined TRACON& Tower with Radar,140,135,32,1,308,0,10,31,1,42,140,145,63,2,350,76,0,76,426
07/14/2007,BUF,NY,AEA,CE,Combined TRACON& Tower with Radar,121,90,14,0,225,17,45,0,0,62,138,135,14,0,287,66,2,68,355
07/15/2007,BUF,NY,AEA,CE,Combined TRACON& Tower with Radar,111,91,32,1,235,0,1,34,0,35,111,92,66,1,270,44,2,46,316
07/16/2007,BUF,NY,AEA,CE,Combined TRACON& Tower with Radar,124,115,28,2,269,0,10,25,0,35,124,125,53,2,304,72,12,84,388
07/17/2007,BUF,NY,AEA,CE,Combined TRACON& Tower with Radar,128,133,37,2,300,0,6,29,1,36,128,139,66,3,336,66,0,66,402
07/18/2007,BUF,NY,AEA,CE,Combined TRACON& Tower with Radar,134,121,39,0,294,0,1,11,0,12,134,122,50,0,306,69,0,69,375
07/19/2007,BUF,NY,AEA,CE,Combined TRACON& Tower with Radar,135,120,35,0,290,0,8,0,0,8,135,128,35,0,298,30,0,30,328
07/20/2007,BUF,NY,AEA,CE,Combined TRACON& Tower with Radar,141,134,54,3,332,2,5,35,1,43,143,139,89,4,375,88,12,100,475
07/21/2007,BUF,NY,AEA,CE,Combined TRACON& Tower with Radar,126,92,33,0,251,0,10,31,0,41,126,102,64,0,292,72,0,72,364
07/22/2007,BUF,NY,AEA,CE,Combined TRACON& Tower with Radar,111,90,36,0,237,0,8,43,1,52,111,98,79,1,289,96,12,108,397
07/23/2007,BUF,NY,AEA,CE,Combined TRACON& Tower with Radar,124,107,55,0,286,0,13,30,0,43,124,120,85,0,329,51,0,51,380
07/24/2007,BUF,NY,AEA,CE,Combined TRACON& Tower with Radar,140,133,41,3,317,0,8,26,0,34,140,141,67,3,351,72,36,108,459
07/25/2007,BUF,NY,AEA,CE,Combined TRACON& Tower with Radar,137,136,58,2,333,0,6,45,1,52,137,142,103,3,385,66,36,102,487
07/26/2007,BUF,NY,AEA,CE,Combined TRACON& Tower with Radar,132,131,61,10,334,0,9,20,3,32,132,140,81,13,366,107,8,115,481
07/27/2007,BUF,NY,AEA,CE,Combined TRACON& Tower with Radar,144,121,36,0,301,0,5,7,0,12,144,126,43,0,313,118,0,118,431
07/28/2007,BUF,NY,AEA,CE,Combined TRACON& Tower with Radar,130,87,39,0,256,0,18,24,0,42,130,105,63,0,298,96,12,108,406
07/29/2007,BUF,NY,AEA,CE,Combined TRACON& Tower with Radar,97,70,47,0,214,0,12,33,0,45,97,82,80,0,259,111,0,111,370
07/30/2007,BUF,NY,AEA,CE,Combined TRACON& Tower with Radar,121,114,47,3,285,0,11,40,0,51,121,125,87,3,336,72,0,72,408
07/31/2007,BUF,NY,AEA,CE,Combined TRACON& Tower with Radar,137,129,42,3,311,0,12,57,0,69,137,141,99,3,380,120,0,120,500
08/01/2007,BUF,NY,AEA,CE,Combined TRACON& Tower with Radar,135,137,57,4,333,0,0,0,0,0,135,137,57,4,333,72,14,86,419
08/02/2007,BUF,NY,AEA,CE,Combined TRACON& Tower with Radar,139,133,35,3,310,0,18,41,8,67,139,151,76,11,377,66,18,84,461
08/03/2007,BUF,NY,AEA,CE,Combined TRACON& Tower with Radar,136,130,41,0,307,0,6,29,0,35,136,136,70,0,342,72,12,84,426
08/04/2007,BUF,NY,AEA,CE,Combined TRACON& Tower with Radar,128,94,26,0,248,0,12,34,0,46,128,106,60,0,294,72,0,72,366
08/05/2007,BUF,NY,AEA,CE,Combined TRACON& Tower with Radar,111,82,44,0,237,0,16,37,0,53,111,98,81,0,290,82,4,86,376
08/06/2007,BUF,NY,AEA,CE,Combined TRACON& Tower with Radar,125,131,57,0,313,0,21,5,0,26,125,152,62,0,339,82,2,84,423
08/07/2007,BUF,NY,AEA,CE,Combined TRACON& Tower with Radar,139,153,42,0,334,0,4,11,0,15,139,157,53,0,349,72,6,78,427
08/08/2007,BUF,NY,AEA,CE,Combined TRACON& Tower with Radar,133,133,45,4,315,0,5,4,2,11,133,138,49,6,326,96,12,108,434
08/09/2007,BUF,NY,AEA,CE,Combined TRACON& Tower with Radar,137,124,64,2,327,0,12,28,14,54,137,136,92,16,381,84,24,108,489
08/10/2007,BUF,NY,AEA,CE,Combined TRACON& Tower with Radar,135,134,39,7,315,0,1,9,5,15,135,135,48,12,330,66,12,78,408
08/11/2007,BUF,NY,AEA,CE,Combined TRACON& Tower with Radar,135,99,53,0,287,0,8,44,0,52,135,107,97,0,339,106,22,128,467
08/12/2007,BUF,NY,AEA,CE,Combined TRACON& Tower with Radar,108,87,44,2,241,0,5,10,2,17,108,92,54,4,258,72,6,78,336
08/13/2007,BUF,NY,AEA,CE,Combined TRACON& Tower with Radar,120,116,36,0,272,1,7,22,0,30,121,123,58,0,302,60,0,60,362
08/14/2007,BUF,NY,AEA,CE,Combined TRACON& Tower with Radar,136,138,46,0,320,0,17,26,2,45,136,155,72,2,365,66,12,78,443
08/15/2007,BUF,NY,AEA,CE,Combined TRACON& Tower with Radar,132,150,55,0,337,0,9,51,6,66,132,159,106,6,403,100,0,100,503
08/16/2007,BUF,NY,AEA,CE,Combined TRACON& Tower with Radar,140,140,38,0,318,0,10,21,2,33,140,150,59,2,351,48,12,60,411
08/17/2007,BUF,NY,AEA,CE,Combined TRACON& Tower with Radar,136,143,26,0,305,0,11,21,3,35,136,154,47,3,340,72,0,72,412
08/18/2007,BUF,NY,AEA,CE,Combined TRACON& Tower with Radar,124,98,34,0,256,0,18,31,1,50,124,116,65,1,306,64,4,68,374
08/19/2007,BUF,NY,AEA,CE,Combined TRACON& Tower with Radar,113,93,45,0,251,0,2,26,0,28,113,95,71,0,279,72,0,72,351
08/20/2007,BUF,NY,AEA,CE,Combined TRACON& Tower with Radar,118,115,42,0,275,0,11,12,1,24,118,126,54,1,299,78,6,84,383
08/21/2007,BUF,NY,AEA,CE,Combined TRACON& Tower with Radar,134,159,49,3,345,0,6,15,0,21,134,165,64,3,366,66,12,78,444
08/22/2007,BUF,NY,AEA,CE,Combined TRACON& Tower with Radar,132,154,48,1,335,0,0,18,0,18,132,154,66,1,353,90,24,114,467
08/23/2007,BUF,NY,AEA,CE,Combined TRACON& Tower with Radar,131,135,37,2,305,0,3,4,2,9,131,138,41,4,314,113,0,113,427
08/24/2007,BUF,NY,AEA,CE,Combined TRACON& Tower with Radar,127,149,40,2,318,0,8,9,3,20,127,157,49,5,338,72,0,72,410
08/25/2007,BUF,NY,AEA,CE,Combined TRACON& Tower with Radar,119,91,24,2,236,0,2,5,0,7,119,93,29,2,243,32,0,32,275
08/26/2007,BUF,NY,AEA,CE,Combined TRACON& Tower with Radar,117,100,28,0,245,0,19,38,0,57,117,119,66,0,302,96,0,96,398
08/27/2007,BUF,NY,AEA,CE,Combined TRACON& Tower with Radar,121,129,42,0,292,0,7,31,2,40,121,136,73,2,332,84,0,84,416
08/28/2007,BUF,NY,AEA,CE,Combined TRACON& Tower with Radar,130,142,48,4,324,0,5,28,1,34,130,147,76,5,358,84,6,90,448
08/29/2007,BUF,NY,AEA,CE,Combined TRACON& Tower with Radar,137,146,34,4,321,0,19,41,0,60,137,165,75,4,381,68,8,76,457
08/30/2007,BUF,NY,AEA,CE,Combined TRACON& Tower with Radar,131,136,54,4,325,0,6,8,0,14,131,142,62,4,339,78,10,88,427
08/31/2007,BUF,NY,AEA,CE,Combined TRACON& Tower with Radar,138,135,49,5,327,0,12,40,0,52,138,147,89,5,379,76,2,78,457
09/01/2007,BUF,NY,AEA,CE,Combined TRACON& Tower with Radar,123,90,20,2,235,0,8,34,1,43,123,98,54,3,278,62,0,62,340
09/02/2007,BUF,NY,AEA,CE,Combined TRACON& Tower with Radar,102,73,5,1,181,0,8,51,0,59,102,81,56,1,240,88,3,91,331
09/03/2007,BUF,NY,AEA,CE,Combined TRACON& Tower with Radar,112,98,34,0,244,0,15,28,0,43,112,113,62,0,287,36,12,48,335
09/04/2007,BUF,NY,AEA,CE,Combined TRACON& Tower with Radar,121,119,34,0,274,0,14,33,2,49,121,133,67,2,323,78,6,84,407
09/05/2007,BUF,NY,AEA,CE,Combined TRACON& Tower with Radar,135,133,42,5,315,0,9,18,0,27,135,142,60,5,342,88,6,94,436
09/06/2007,BUF,NY,AEA,CE,Combined TRACON& Tower with Radar,131,136,38,0,305,0,8,16,0,24,131,144,54,0,329,54,6,60,389
09/07/2007,BUF,NY,AEA,CE,Combined TRACON& Tower with Radar,135,139,33,0,307,0,7,5,6,18,135,146,38,6,325,29,0,29,354
09/08/2007,BUF,NY,AEA,CE,Combined TRACON& Tower with Radar,125,100,28,0,253,0,3,12,0,15,125,103,40,0,268,54,0,54,322
09/09/2007,BUF,NY,AEA,CE,Combined TRACON& Tower with Radar,112,102,20,0,234,0,2,1,0,3,112,104,21,0,237,14,0,14,251
09/10/2007,BUF,NY,AEA,CE,Combined TRACON& Tower with Radar,117,111,33,4,265,0,8,36,0,44,117,119,69,4,309,78,0,78,387
09/11/2007,BUF,NY,AEA,CE,Combined TRACON& Tower with Radar,135,126,35,0,296,0,3,9,0,12,135,129,44,0,308,48,0,48,356
09/12/2007,BUF,NY,AEA,CE,Combined TRACON& Tower with Radar,134,133,39,2,308,0,6,23,0,29,134,139,62,2,337,54,0,54,391
09/13/2007,BUF,NY,AEA,CE,Combined TRACON& Tower with Radar,130,136,54,2,322,0,14,38,0,52,130,150,92,2,374,48,0,48,422
09/14/2007,BUF,NY,AEA,CE,Combined TRACON& Tower with Radar,133,141,32,1,307,0,5,21,0,26,133,146,53,1,333,78,6,84,417
09/15/2007,BUF,NY,AEA,CE,Combined TRACON& Tower with Radar,121,100,19,0,240,0,8,18,0,26,121,108,37,0,266,72,8,80,346
09/16/2007,BUF,NY,AEA,CE,Combined TRACON& Tower with Radar,108,89,38,0,235,0,3,33,0,36,108,92,71,0,271,66,4,70,341
09/17/2007,BUF,NY,AEA,CE,Combined TRACON& Tower with Radar,120,115,36,1,272,0,11,21,2,34,120,126,57,3,306,78,4,82,388
09/18/2007,BUF,NY,AEA,CE,Combined TRACON& Tower with Radar,133,134,54,10,331,0,9,32,0,41,133,143,86,10,372,72,0,72,444
09/19/2007,BUF,NY,AEA,CE,Combined TRACON& Tower with Radar,133,145,56,1,335,0,6,28,0,34,133,151,84,1,369,24,6,30,399
09/20/2007,BUF,NY,AEA,CE,Combined TRACON& Tower with Radar,127,145,38,2,312,0,10,37,3,50,127,155,75,5,362,82,8,90,452
09/21/2007,BUF,NY,AEA,CE,Combined TRACON& Tower with Radar,138,135,29,2,304,0,13,21,0,34,138,148,50,2,338,84,8,92,430
09/22/2007,BUF,NY,AEA,CE,Combined TRACON& Tower with Radar,125,94,23,3,245,0,9,19,1,29,125,103,42,4,274,82,10,92,366
09/23/2007,BUF,NY,AEA,CE,Combined TRACON& Tower with Radar,111,94,28,0,233,0,11,32,0,43,111,105,60,0,276,122,0,122,398
09/24/2007,BUF,NY,AEA,CE,Combined TRACON& Tower with Radar,126,125,32,2,285,0,14,36,0,50,126,139,68,2,335,126,27,153,488
09/25/2007,BUF,NY,AEA,CE,Combined TRACON& Tower with Radar,132,136,36,6,310,0,5,28,2,35,132,141,64,8,345,122,24,146,491
09/26/2007,BUF,NY,AEA,CE,Combined TRACON& Tower with Radar,134,137,28,2,301,0,0,9,1,10,134,137,37,3,311,26,0,26,337
09/27/2007,BUF,NY,AEA,CE,Combined TRACON& Tower with Radar,129,140,37,2,308,0,9,3,0,12,129,149,40,2,320,12,0,12,332
09/28/2007,BUF,NY,AEA,CE,Combined TRACON& Tower with Radar,139,138,30,1,308,0,8,8,0,16,139,146,38,1,324,42,0,42,366
09/29/2007,BUF,NY,AEA,CE,Combined TRACON& Tower with Radar,125,100,39,0,264,0,9,41,0,50,125,109,80,0,314,84,8,92,406
09/30/2007,BUF,NY,AEA,CE,Combined TRACON& Tower with Radar,114,93,32,3,242,1,8,45,1,55,115,101,77,4,297,66,6,72,369
10/01/2007,BUF,NY,AEA,CE,Combined TRACON& Tower with Radar,122,121,39,0,282,0,9,40,0,49,122,130,79,0,331,62,0,62,393
10/02/2007,BUF,NY,AEA,CE,Combined TRACON& Tower with Radar,139,149,42,2,332,0,8,15,0,23,139,157,57,2,355,78,6,84,439
10/03/2007,BUF,NY,AEA,CE,Combined TRACON& Tower with Radar,132,140,39,0,311,0,11,16,4,31,132,151,55,4,342,72,9,81,423
10/04/2007,BUF,NY,AEA,CE,Combined TRACON& Tower with Radar,138,150,43,6,337,0,3,39,0,42,138,153,82,6,379,72,0,72,451
10/05/2007,BUF,NY,AEA,CE,Combined TRACON& Tower with Radar,136,137,53,2,328,0,10,42,6,58,136,147,95,8,386,78,12,90,476
10/06/2007,BUF,NY,AEA,CE,Combined TRACON& Tower with Radar,119,86,16,0,221,0,9,16,1,26,119,95,32,1,247,78,6,84,331
10/07/2007,BUF,NY,AEA,CE,Combined TRACON& Tower with Radar,109,102,30,0,241,0,5,14,0,19,109,107,44,0,260,64,0,64,324
10/08/2007,BUF,NY,AEA,CE,Combined TRACON& Tower with Radar,118,105,37,0,260,0,1,21,0,22,118,106,58,0,282,76,0,76,358
10/09/2007,BUF,NY,AEA,CE,Combined TRACON& Tower with Radar,131,128,44,0,303,0,1,13,0,14,131,129,57,0,317,80,0,80,397
10/10/2007,BUF,NY,AEA,CE,Combined TRACON& Tower with Radar,133,138,35,2,308,0,12,20,1,33,133,150,55,3,341,60,0,60,401
10/11/2007,BUF,NY,AEA,CE,Combined TRACON& Tower with Radar,135,123,38,6,302,0,13,4,4,21,135,136,42,10,323,60,0,60,383
10/12/2007,BUF,NY,AEA,CE,Combined TRACON& Tower with Radar,140,132,38,3,313,0,11,22,0,33,140,143,60,3,346,0,0,0,346
10/13/2007,BUF,NY,AEA,CE,Combined TRACON& Tower with Radar,118,83,24,2,227,0,0,0,0,0,118,83,24,2,227,66,10,76,303
10/14/2007,BUF,NY,AEA,CE,Combined TRACON& Tower with Radar,106,88,32,0,226,0,3,17,0,20,106,91,49,0,246,0,0,0,246
10/15/2007,BUF,NY,AEA,CE,Combined TRACON& Tower with Radar,122,119,43,0,284,0,15,16,0,31,122,134,59,0,315,78,12,90,405
10/16/2007,BUF,NY,AEA,CE,Combined TRACON& Tower with Radar,133,147,43,4,327,0,8,28,0,36,133,155,71,4,363,72,12,84,447
10/17/2007,BUF,NY,AEA,CE,Combined TRACON& Tower with Radar,134,145,68,4,351,0,2,9,0,11,134,147,77,4,362,54,6,60,422
10/18/2007,BUF,NY,AEA,CE,Combined TRACON& Tower with Radar,138,148,54,0,340,0,1,15,0,16,138,149,69,0,356,76,6,82,438
10/19/2007,BUF,NY,AEA,CE,Combined TRACON& Tower with Radar,135,132,34,0,301,0,7,2,0,9,135,139,36,0,310,70,0,70,380
10/20/2007,BUF,NY,AEA,CE,Combined TRACON& Tower with Radar,128,96,19,0,243,0,3,6,2,11,128,99,25,2,254,72,12,84,338
10/21/2007,BUF,NY,AEA,CE,Combined TRACON& Tower with Radar,113,91,26,0,230,0,0,20,0,20,113,91,46,0,250,74,8,82,332
10/22/2007,BUF,NY,AEA,CE,Combined TRACON& Tower with Radar,121,124,28,2,275,0,5,36,0,41,121,129,64,2,316,48,12,60,376
10/23/2007,BUF,NY,AEA,CE,Combined TRACON& Tower with Radar,133,132,39,4,308,0,1,1,0,2,133,133,40,4,310,44,12,56,366
10/24/2007,BUF,NY,AEA,CE,Combined TRACON& Tower with Radar,134,127,53,0,314,0,6,14,0,20,134,133,67,0,334,0,0,0,334
10/25/2007,BUF,NY,AEA,CE,Combined TRACON& Tower with Radar,136,140,37,5,318,0,8,17,1,26,136,148,54,6,344,42,0,42,386
10/26/2007,BUF,NY,AEA,CE,Combined TRACON& Tower with Radar,131,136,35,0,302,0,4,8,0,12,131,140,43,0,314,51,0,51,365
10/27/2007,BUF,NY,AEA,CE,Combined TRACON& Tower with Radar,123,80,21,0,224,0,4,1,0,5,123,84,22,0,229,54,0,54,283
10/28/2007,BUF,NY,AEA,CE,Combined TRACON& Tower with Radar,107,99,24,0,230,0,3,27,0,30,107,102,51,0,260,72,0,72,332
10/29/2007,BUF,NY,AEA,CE,Combined TRACON& Tower with Radar,118,125,20,0,263,0,0,0,0,0,118,125,20,0,263,48,0,48,311
10/30/2007,BUF,NY,AEA,CE,Combined TRACON& Tower with Radar,128,138,25,4,295,0,0,0,0,0,128,138,25,4,295,65,12,77,372
10/31/2007,BUF,NY,AEA,CE,Combined TRACON& Tower with Radar,127,138,37,1,303,0,9,20,0,29,127,147,57,1,332,70,9,79,411
11/01/2007,BUF,NY,AEA,CE,Combined TRACON& Tower with Radar,130,161,58,5,354,0,2,4,0,6,130,163,62,5,360,74,2,76,436
11/02/2007,BUF,NY,AEA,CE,Combined TRACON& Tower with Radar,135,159,55,1,350,0,7,44,0,51,135,166,99,1,401,55,13,68,469
11/03/2007,BUF,NY,AEA,CE,Combined TRACON& Tower with Radar,114,103,57,5,279,0,10,48,0,58,114,113,105,5,337,82,16,98,435
11/04/2007,BUF,NY,AEA,CE,Combined TRACON& Tower with Radar,115,106,49,8,278,0,7,24,0,31,115,113,73,8,309,80,0,80,389
11/05/2007,BUF,NY,AEA,CE,Combined TRACON& Tower with Radar,118,134,52,15,319,0,7,13,0,20,118,141,65,15,339,45,15,60,399
11/06/2007,BUF,NY,AEA,CE,Combined TRACON& Tower with Radar,138,139,39,4,320,0,1,0,0,1,138,140,39,4,321,28,2,30,351
11/07/2007,BUF,NY,AEA,CE,Combined TRACON& Tower with Radar,135,161,67,9,372,0,8,0,0,8,135,169,67,9,380,40,4,44,424
11/08/2007,BUF,NY,AEA,CE,Combined TRACON& Tower with Radar,135,166,56,11,368,0,7,29,0,36,135,173,85,11,404,70,0,70,474
11/09/2007,BUF,NY,AEA,CE,Combined TRACON& Tower with Radar,134,163,53,11,361,0,8,5,0,13,134,171,58,11,374,58,0,58,432
11/10/2007,BUF,NY,AEA,CE,Combined TRACON& Tower with Radar,120,109,14,0,243,0,0,3,2,5,120,109,17,2,248,0,0,0,248
11/11/2007,BUF,NY,AEA,CE,Combined TRACON& Tower with Radar,111,89,25,0,225,0,8,57,0,65,111,97,82,0,290,0,0,0,290
11/12/2007,BUF,NY,AEA,CE,Combined TRACON& Tower with Radar,120,135,64,2,321,0,4,0,0,4,120,139,64,2,325,46,2,48,373
11/13/2007,BUF,NY,AEA,CE,Combined TRACON& Tower with Radar,132,162,82,5,381,0,3,24,0,27,132,165,106,5,408,96,18,114,522
11/14/2007,BUF,NY,AEA,CE,Combined TRACON& Tower with Radar,135,146,71,9,361,0,8,7,2,17,135,154,78,11,378,68,0,68,446
11/15/2007,BUF,NY,AEA,CE,Combined TRACON& Tower with Radar,133,152,65,2,352,0,0,7,0,7,133,152,72,2,359,71,10,81,440
11/16/2007,BUF,NY,AEA,CE,Combined TRACON& Tower with Radar,135,156,50,3,344,0,13,3,0,16,135,169,53,3,360,55,2,57,417
11/17/2007,BUF,NY,AEA,CE,Combined TRACON& Tower with Radar,125,118,45,15,303,0,13,26,2,41,125,131,71,17,344,60,0,60,404
11/18/2007,BUF,NY,AEA,CE,Combined TRACON& Tower with Radar,112,98,42,11,263,0,7,38,0,45,112,105,80,11,308,72,0,72,380
11/19/2007,BUF,NY,AEA,CE,Combined TRACON& Tower with Radar,120,146,71,8,345,0,10,10,0,20,120,156,81,8,365,76,0,76,441
11/20/2007,BUF,NY,AEA,CE,Combined TRACON& Tower with Radar,140,150,47,4,341,0,22,34,1,57,140,172,81,5,398,68,12,80,478
11/21/2007,BUF,NY,AEA,CE,Combined TRACON& Tower with Radar,139,171,51,2,363,0,2,4,0,6,139,173,55,2,369,70,2,72,441
11/22/2007,BUF,NY,AEA,CE,Combined TRACON& Tower with Radar,118,117,23,1,259,0,3,3,0,6,118,120,26,1,265,26,0,26,291
11/23/2007,BUF,NY,AEA,CE,Combined TRACON& Tower with Radar,99,107,39,5,250,0,7,28,0,35,99,114,67,5,285,74,2,76,361
11/24/2007,BUF,NY,AEA,CE,Combined TRACON& Tower with Radar,121,102,9,0,232,0,13,16,0,29,121,115,25,0,261,64,8,72,333
11/25/2007,BUF,NY,AEA,CE,Combined TRACON& Tower with Radar,108,108,48,6,270,0,2,25,0,27,108,110,73,6,297,56,0,56,353
11/26/2007,BUF,NY,AEA,CE,Combined TRACON& Tower with Radar,120,128,44,6,298,0,1,0,2,3,120,129,44,8,301,38,4,42,343
11/27/2007,BUF,NY,AEA,CE,Combined TRACON& Tower with Radar,140,156,55,7,358,0,2,0,1,3,140,158,55,8,361,61,0,61,422
11/28/2007,BUF,NY,AEA,CE,Combined TRACON& Tower with Radar,136,159,65,1,361,0,0,17,0,17,136,159,82,1,378,64,3,67,445
11/29/2007,BUF,NY,AEA,CE,Combined TRACON& Tower with Radar,134,166,50,0,350,0,0,0,2,2,134,166,50,2,352,72,0,72,424
11/30/2007,BUF,NY,AEA,CE,Combined TRACON& Tower with Radar,138,156,42,4,340,0,0,0,0,0,138,156,42,4,340,60,4,64,404
12/01/2007,BUF,NY,AEA,CE,Combined TRACON& Tower with Radar,123,102,10,0,235,0,1,11,0,12,123,103,21,0,247,60,0,60,307
12/02/2007,BUF,NY,AEA,CE,Combined TRACON& Tower with Radar,105,70,10,0,185,0,0,0,0,0,105,70,10,0,185,0,0,0,185
12/03/2007,BUF,NY,AEA,CE,Combined TRACON& Tower with Radar,132,120,13,2,267,0,0,0,0,0,132,120,13,2,267,60,0,60,327
12/04/2007,BUF,NY,AEA,CE,Combined TRACON& Tower with Radar,134,140,22,0,296,0,0,0,0,0,134,140,22,0,296,0,0,0,296
12/05/2007,BUF,NY,AEA,CE,Combined TRACON& Tower with Radar,135,120,38,2,295,0,2,3,1,6,135,122,41,3,301,53,0,53,354
12/06/2007,BUF,NY,AEA,CE,Combined TRACON& Tower with Radar,136,145,50,0,331,0,3,17,0,20,136,148,67,0,351,64,0,64,415
12/07/2007,BUF,NY,AEA,CE,Combined TRACON& Tower with Radar,135,127,39,2,303,0,7,9,0,16,135,134,48,2,319,0,0,0,319
12/08/2007,BUF,NY,AEA,CE,Combined TRACON& Tower with Radar,125,101,24,0,250,0,3,36,0,39,125,104,60,0,289,74,18,92,381
12/09/2007,BUF,NY,AEA,CE,Combined TRACON& Tower with Radar,110,72,17,0,199,0,3,7,0,10,110,75,24,0,209,62,0,62,271
12/10/2007,BUF,NY,AEA,CE,Combined TRACON& Tower with Radar,122,115,26,3,266,0,3,1,0,4,122,118,27,3,270,64,19,83,353
12/11/2007,BUF,NY,AEA,CE,Combined TRACON& Tower with Radar,125,140,29,1,295,0,4,2,0,6,125,144,31,1,301,24,0,24,325
12/12/2007,BUF,NY,AEA,CE,Combined TRACON& Tower with Radar,133,138,59,3,333,0,3,42,3,48,133,141,101,6,381,90,18,108,489
12/13/2007,BUF,NY,AEA,CE,Combined TRACON& Tower with Radar,130,116,27,0,273,1,5,0,0,6,131,121,27,0,279,36,0,36,315
12/14/2007,BUF,NY,AEA,CE,Combined TRACON& Tower with Radar,129,121,17,0,267,0,0,6,0,6,129,121,23,0,273,0,0,0,273
12/15/2007,BUF,NY,AEA,CE,Combined TRACON& Tower with Radar,127,93,17,0,237,0,3,16,0,19,127,96,33,0,256,80,0,80,336
12/16/2007,BUF,NY,AEA,CE,Combined TRACON& Tower with Radar,64,13,3,0,80,0,0,0,0,0,64,13,3,0,80,70,8,78,158
12/17/2007,BUF,NY,AEA,CE,Combined TRACON& Tower with Radar,123,89,28,0,240,0,0,3,0,3,123,89,31,0,243,90,0,90,333
12/18/2007,BUF,NY,AEA,CE,Combined TRACON& Tower with Radar,145,121,54,0,320,0,2,11,0,13,145,123,65,0,333,36,0,36,369
12/19/2007,BUF,NY,AEA,CE,Combined TRACON& Tower with Radar,140,142,48,0,330,0,6,5,0,11,140,148,53,0,341,64,12,76,417
12/20/2007,BUF,NY,AEA,CE,Combined TRACON& Tower with Radar,139,141,44,2,326,0,6,3,0,9,139,147,47,2,335,54,8,62,397
12/21/2007,BUF,NY,AEA,CE,Combined TRACON& Tower with Radar,135,140,29,0,304,0,2,26,0,28,135,142,55,0,332,90,9,99,431
12/22/2007,BUF,NY,AEA,CE,Combined TRACON& Tower with Radar,132,107,31,0,270,0,2,12,0,14,132,109,43,0,284,62,0,62,346
12/23/2007,BUF,NY,AEA,CE,Combined TRACON& Tower with Radar,110,72,12,0,194,0,2,0,0,2,110,74,12,0,196,54,0,54,250
12/24/2007,BUF,NY,AEA,CE,Combined TRACON& Tower with Radar,116,96,2,0,214,0,4,0,0,4,116,100,2,0,218,24,2,26,244
12/25/2007,BUF,NY,AEA,CE,Combined TRACON& Tower with Radar,102,72,1,0,175,0,7,0,0,7,102,79,1,0,182,21,0,21,203
12/26/2007,BUF,NY,AEA,CE,Combined TRACON& Tower with Radar,119,108,31,2,260,0,10,28,0,38,119,118,59,2,298,63,0,63,361
12/27/2007,BUF,NY,AEA,CE,Combined TRACON& Tower with Radar,143,107,11,2,263,0,1,2,0,3,143,108,13,2,266,33,0,33,299
12/28/2007,BUF,NY,AEA,CE,Combined TRACON& Tower with Radar,130,114,13,0,257,0,9,31,1,41,130,123,44,1,298,64,0,64,362
12/29/2007,BUF,NY,AEA,CE,Combined TRACON& Tower with Radar,130,90,14,0,234,0,1,3,0,4,130,91,17,0,238,60,0,60,298
12/30/2007,BUF,NY,AEA,CE,Combined TRACON& Tower with Radar,119,76,26,0,221,0,6,16,0,22,119,82,42,0,243,42,5,47,290
12/31/2007,BUF,NY,AEA,CE,Combined TRACON& Tower with Radar,109,85,7,0,201,0,7,13,0,20,109,92,20,0,221,43,0,43,264
01/01/2008,BUF,NY,AEA,CE,Combined TRACON& Tower with Radar,115,87,14,0,216,0,1,5,2,8,115,88,19,2,224,20,2,22,246
01/02/2008,BUF,NY,AEA,CE,Combined TRACON& Tower with Radar,127,94,13,1,235,0,6,11,2,19,127,100,24,3,254,28,0,28,282
01/03/2008,BUF,NY,AEA,CE,Combined TRACON& Tower with Radar,143,117,15,0,275,0,6,18,0,24,143,123,33,0,299,56,0,56,355
01/04/2008,BUF,NY,AEA,CE,Combined TRACON& Tower with Radar,138,120,24,0,282,0,3,6,0,9,138,123,30,0,291,69,9,78,369
01/05/2008,BUF,NY,AEA,CE,Combined TRACON& Tower with Radar,129,90,8,0,227,0,8,6,0,14,129,98,14,0,241,62,6,68,309
01/06/2008,BUF,NY,AEA,CE,Combined TRACON& Tower with Radar,110,89,29,0,228,0,0,3,0,3,110,89,32,0,231,66,0,66,297
01/07/2008,BUF,NY,AEA,CE,Combined TRACON& Tower with Radar,126,105,14,6,251,0,3,8,3,14,126,108,22,9,265,48,0,48,313
01/08/2008,BUF,NY,AEA,CE,Combined TRACON& Tower with Radar,135,130,33,0,298,0,5,18,0,23,135,135,51,0,321,49,0,49,370
01/09/2008,BUF,NY,AEA,CE,Combined TRACON& Tower with Radar,133,110,25,0,268,0,3,0,0,3,133,113,25,0,271,83,9,92,363
01/10/2008,BUF,NY,AEA,CE,Combined TRACON& Tower with Radar,133,131,51,2,317,0,2,17,0,19,133,133,68,2,336,60,0,60,396
01/11/2008,BUF,NY,AEA,CE,Combined TRACON& Tower with Radar,137,117,23,0,277,0,0,2,0,2,137,117,25,0,279,60,0,60,339
01/12/2008,BUF,NY,AEA,CE,Combined TRACON& Tower with Radar,130,84,7,2,223,0,3,4,4,11,130,87,11,6,234,36,8,44,278
01/13/2008,BUF,NY,AEA,CE,Combined TRACON& Tower with Radar,105,89,19,1,214,0,7,19,1,27,105,96,38,2,241,72,0,72,313
01/14/2008,BUF,NY,AEA,CE,Combined TRACON& Tower with Radar,112,102,16,0,230,0,0,0,0,0,112,102,16,0,230,60,0,60,290
01/15/2008,BUF,NY,AEA,CE,Combined TRACON& Tower with Radar,139,141,33,0,313,0,0,5,0,5,139,141,38,0,318,60,0,60,378
01/16/2008,BUF,NY,AEA,CE,Combined TRACON& Tower with Radar,128,128,54,2,312,0,9,37,5,51,128,137,91,7,363,0,0,0,363
01/17/2008,BUF,NY,AEA,CE,Combined TRACON& Tower with Radar,126,127,43,1,297,0,2,14,1,17,126,129,57,2,314,0,0,0,314
01/18/2008,BUF,NY,AEA,CE,Combined TRACON& Tower with Radar,131,135,15,0,281,0,0,2,3,5,131,135,17,3,286,60,0,60,346
01/19/2008,BUF,NY,AEA,CE,Combined TRACON& Tower with Radar,118,83,8,0,209,0,3,6,0,9,118,86,14,0,218,60,6,66,284
01/20/2008,BUF,NY,AEA,CE,Combined TRACON& Tower with Radar,108,84,12,0,204,0,2,0,0,2,108,86,12,0,206,64,0,64,270
01/21/2008,BUF,NY,AEA,CE,Combined TRACON& Tower with Radar,115,101,21,0,237,0,2,6,0,8,115,103,27,0,245,28,0,28,273
01/22/2008,BUF,NY,AEA,CE,Combined TRACON& Tower with Radar,127,107,19,0,253,0,2,0,0,2,127,109,19,0,255,18,0,18,273
01/23/2008,BUF,NY,AEA,CE,Combined TRACON& Tower with Radar,132,130,31,0,293,0,3,2,0,5,132,133,33,0,298,58,0,58,356
01/24/2008,BUF,NY,AEA,CE,Combined TRACON& Tower with Radar,132,133,33,0,298,0,2,0,0,2,132,135,33,0,300,0,0,0,300
01/25/2008,BUF,NY,AEA,CE,Combined TRACON& Tower with Radar,128,126,17,4,275,0,18,3,0,21,128,144,20,4,296,44,0,44,340
01/26/2008,BUF,NY,AEA,CE,Combined TRACON& Tower with Radar,121,84,18,0,223,0,5,0,0,5,121,89,18,0,228,0,0,0,228
01/27/2008,BUF,NY,AEA,CE,Combined TRACON& Tower with Radar,104,88,21,0,213,0,7,12,0,19,104,95,33,0,232,66,12,78,310
01/28/2008,BUF,NY,AEA,CE,Combined TRACON& Tower with Radar,119,104,35,2,260,0,10,16,2,28,119,114,51,4,288,76,16,92,380
01/29/2008,BUF,NY,AEA,CE,Combined TRACON& Tower with Radar,130,126,36,6,298,0,10,4,0,14,130,136,40,6,312,78,18,96,408
01/30/2008,BUF,NY,AEA,CE,Combined TRACON& Tower with Radar,55,47,18,0,120,0,0,0,0,0,55,47,18,0,120,12,0,12,132
01/31/2008,BUF,NY,AEA,CE,Combined TRACON& Tower with Radar,130,131,33,4,298,0,7,33,1,41,130,138,66,5,339,70,0,70,409
02/01/2008,BUF,NY,AEA,CE,Combined TRACON& Tower with Radar,85,45,17,1,148,8,6,5,0,19,93,51,22,1,167,22,0,22,189
02/02/2008,BUF,NY,AEA,CE,Combined TRACON& Tower with Radar,120,74,17,2,213,0,0,6,0,6,120,74,23,2,219,82,0,82,301
02/03/2008,BUF,NY,AEA,CE,Combined TRACON& Tower with Radar,107,87,10,0,204,0,3,3,0,6,107,90,13,0,210,24,0,24,234
02/04/2008,BUF,NY,AEA,CE,Combined TRACON& Tower with Radar,123,107,16,0,246,0,3,9,0,12,123,110,25,0,258,0,0,0,258
02/05/2008,BUF,NY,AEA,CE,Combined TRACON& Tower with Radar,133,110,13,0,256,0,1,0,0,1,133,111,13,0,257,68,0,68,325
02/06/2008,BUF,NY,AEA,CE,Combined TRACON& Tower with Radar,125,97,16,0,238,0,0,0,0,0,125,97,16,0,238,41,3,44,282
02/07/2008,BUF,NY,AEA,CE,Combined TRACON& Tower with Radar,137,117,37,0,291,0,9,8,0,17,137,126,45,0,308,36,0,36,344
02/08/2008,BUF,NY,AEA,CE,Combined TRACON& Tower with Radar,133,132,28,0,293,0,0,1,0,1,133,132,29,0,294,0,0,0,294
02/09/2008,BUF,NY,AEA,CE,Combined TRACON& Tower with Radar,121,80,6,0,207,0,0,5,0,5,121,80,11,0,212,47,2,49,261
02/10/2008,BUF,NY,AEA,CE,Combined TRACON& Tower with Radar,114,47,12,0,173,0,3,0,0,3,114,50,12,0,176,40,0,40,216
02/11/2008,BUF,NY,AEA,CE,Combined TRACON& Tower with Radar,131,115,25,0,271,0,7,2,0,9,131,122,27,0,280,71,8,79,359
02/12/2008,BUF,NY,AEA,CE,Combined TRACON& Tower with Radar,120,97,34,1,252,0,3,300,0,303,120,100,334,1,555,32,0,32,587
02/13/2008,BUF,NY,AEA,CE,Combined TRACON& Tower with Radar,127,94,41,1,263,0,4,1,0,5,127,98,42,1,268,60,0,60,328
02/14/2008,BUF,NY,AEA,CE,Combined TRACON& Tower with Radar,144,110,42,0,296,0,10,13,0,23,144,120,55,0,319,68,2,70,389
02/15/2008,BUF,NY,AEA,CE,Combined TRACON& Tower with Radar,140,131,26,0,297,0,10,4,0,14,140,141,30,0,311,66,0,66,377
02/16/2008,BUF,NY,AEA,CE,Combined TRACON& Tower with Radar,126,81,17,1,225,0,12,35,3,50,126,93,52,4,275,85,12,97,372
02/17/2008,BUF,NY,AEA,CE,Combined TRACON& Tower with Radar,108,83,2,0,193,0,6,12,0,18,108,89,14,0,211,66,0,66,277
02/18/2008,BUF,NY,AEA,CE,Combined TRACON& Tower with Radar,128,75,15,0,218,0,0,0,0,0,128,75,15,0,218,54,8,62,280
02/19/2008,BUF,NY,AEA,CE,Combined TRACON& Tower with Radar,138,129,16,1,284,0,1,2,1,4,138,130,18,2,288,0,0,0,288
02/20/2008,BUF,NY,AEA,CE,Combined TRACON& Tower with Radar,138,126,29,0,293,0,2,3,0,5,138,128,32,0,298,48,0,48,346
02/21/2008,BUF,NY,AEA,CE,Combined TRACON& Tower with Radar,140,119,42,0,301,0,2,21,2,25,140,121,63,2,326,86,6,92,418
02/22/2008,BUF,NY,AEA,CE,Combined TRACON& Tower with Radar,123,97,23,0,243,0,5,7,0,12,123,102,30,0,255,71,0,71,326
02/23/2008,BUF,NY,AEA,CE,Combined TRACON& Tower with Radar,123,85,18,0,226,0,5,22,0,27,123,90,40,0,253,48,0,48,301
02/24/2008,BUF,NY,AEA,CE,Combined TRACON& Tower with Radar,114,90,15,4,223,1,4,29,0,34,115,94,44,4,257,83,0,83,340
02/25/2008,BUF,NY,AEA,CE,Combined TRACON& Tower with Radar,131,100,31,2,264,0,4,2,0,6,131,104,33,2,270,65,0,65,335
02/26/2008,BUF,NY,AEA,CE,Combined TRACON& Tower with Radar,134,96,18,0,248,0,0,0,0,0,134,96,18,0,248,18,0,18,266
02/27/2008,BUF,NY,AEA,CE,Combined TRACON& Tower with Radar,140,112,21,0,273,0,2,6,0,8,140,114,27,0,281,54,0,54,335
02/28/2008,BUF,NY,AEA,CE,Combined TRACON& Tower with Radar,142,112,28,2,284,0,2,12,0,14,142,114,40,2,298,59,0,59,357
02/29/2008,BUF,NY,AEA,CE,Combined TRACON& Tower with Radar,142,121,41,0,304,0,4,18,0,22,142,125,59,0,326,28,0,28,354
03/01/2008,BUF,NY,AEA,CE,Combined TRACON& Tower with Radar,127,83,10,0,220,0,0,1,0,1,127,83,11,0,221,60,0,60,281
03/02/2008,BUF,NY,AEA,CE,Combined TRACON& Tower with Radar,117,87,26,6,236,0,8,41,0,49,117,95,67,6,285,69,9,78,363
03/03/2008,BUF,NY,AEA,CE,Combined TRACON& Tower with Radar,135,110,20,1,266,0,11,19,0,30,135,121,39,1,296,54,18,72,368
03/04/2008,BUF,NY,AEA,CE,Combined TRACON& Tower with Radar,125,96,28,0,249,0,1,0,0,1,125,97,28,0,250,52,0,52,302
03/05/2008,BUF,NY,AEA,CE,Combined TRACON& Tower with Radar,144,100,24,0,268,0,4,2,1,7,144,104,26,1,275,45,0,45,320
03/06/2008,BUF,NY,AEA,CE,Combined TRACON& Tower with Radar,137,122,37,4,300,0,7,22,0,29,137,129,59,4,329,68,0,68,397
03/07/2008,BUF,NY,AEA,CE,Combined TRACON& Tower with Radar,128,93,14,0,235,0,1,0,0,1,128,94,14,0,236,29,0,29,265
03/08/2008,BUF,NY,AEA,CE,Combined TRACON& Tower with Radar,97,39,2,0,138,0,0,0,0,0,97,39,2,0,138,0,0,0,138
03/09/2008,BUF,NY,AEA,CE,Combined TRACON& Tower with Radar,110,73,16,1,200,0,5,4,0,9,110,78,20,1,209,0,0,0,209
03/10/2008,BUF,NY,AEA,CE,Combined TRACON& Tower with Radar,139,105,18,0,262,0,14,27,0,41,139,119,45,0,303,52,12,64,367
03/11/2008,BUF,NY,AEA,CE,Combined TRACON& Tower with Radar,148,122,19,2,291,0,4,17,0,21,148,126,36,2,312,72,12,84,396
03/12/2008,BUF,NY,AEA,CE,Combined TRACON& Tower with Radar,145,115,27,2,289,0,3,12,0,15,145,118,39,2,304,78,18,96,400
03/13/2008,BUF,NY,AEA,CE,Combined TRACON& Tower with Radar,143,125,32,0,300,0,10,1,3,14,143,135,33,3,314,75,4,79,393
03/14/2008,BUF,NY,AEA,CE,Combined TRACON& Tower with Radar,146,124,28,0,298,0,6,15,0,21,146,130,43,0,319,77,0,77,396
03/15/2008,BUF,NY,AEA,CE,Combined TRACON& Tower with Radar,137,79,12,0,228,0,3,2,0,5,137,82,14,0,233,68,0,68,301
03/16/2008,BUF,NY,AEA,CE,Combined TRACON& Tower with Radar,118,76,21,0,215,0,3,14,0,17,118,79,35,0,232,36,0,36,268
03/17/2008,BUF,NY,AEA,CE,Combined TRACON& Tower with Radar,131,100,27,0,258,0,8,28,2,38,131,108,55,2,296,72,0,72,368
03/18/2008,BUF,NY,AEA,CE,Combined TRACON& Tower with Radar,141,122,16,1,280,0,10,3,0,13,141,132,19,1,293,74,0,74,367
03/19/2008,BUF,NY,AEA,CE,Combined TRACON& Tower with Radar,130,114,26,3,273,0,1,0,0,1,130,115,26,3,274,60,0,60,334
03/20/2008,BUF,NY,AEA,CE,Combined TRACON& Tower with Radar,144,115,35,0,294,0,4,6,2,12,144,119,41,2,306,60,0,60,366
03/21/2008,BUF,NY,AEA,CE,Combined TRACON& Tower with Radar,139,111,17,0,267,0,8,29,0,37,139,119,46,0,304,86,0,86,390
03/22/2008,BUF,NY,AEA,CE,Combined TRACON& Tower with Radar,138,66,15,0,219,0,11,43,0,54,138,77,58,0,273,77,0,77,350
03/23/2008,BUF,NY,AEA,CE,Combined TRACON& Tower with Radar,118,85,10,0,213,0,0,13,0,13,118,85,23,0,226,51,0,51,277
03/24/2008,BUF,NY,AEA,CE,Combined TRACON& Tower with Radar,129,102,17,0,248,0,17,17,0,34,129,119,34,0,282,72,0,72,354
03/25/2008,BUF,NY,AEA,CE,Combined TRACON& Tower with Radar,137,106,29,0,272,0,4,8,0,12,137,110,37,0,284,88,6,94,378
03/26/2008,BUF,NY,AEA,CE,Combined TRACON& Tower with Radar,146,126,26,0,298,0,8,22,2,32,146,134,48,2,330,72,0,72,402
03/27/2008,BUF,NY,AEA,CE,Combined TRACON& Tower with Radar,140,105,32,0,277,0,4,13,0,17,140,109,45,0,294,36,0,36,330
03/28/2008,BUF,NY,AEA,CE,Combined TRACON& Tower with Radar,144,110,24,0,278,0,1,5,0,6,144,111,29,0,284,24,0,24,308
03/29/2008,BUF,NY,AEA,CE,Combined TRACON& Tower with Radar,137,75,26,1,239,0,12,38,0,50,137,87,64,1,289,75,0,75,364
03/30/2008,BUF,NY,AEA,CE,Combined TRACON& Tower with Radar,122,76,24,0,222,0,1,23,0,24,122,77,47,0,246,8,0,8,254
03/31/2008,BUF,NY,AEA,CE,Combined TRACON& Tower with Radar,131,99,33,0,263,0,2,5,0,7,131,101,38,0,270,30,0,30,300
04/01/2008,BUF,NY,AEA,CE,Combined TRACON& Tower with Radar,141,139,49,0,329,0,5,1,0,6,141,144,50,0,335,36,0,36,371
04/02/2008,BUF,NY,AEA,CE,Combined TRACON& Tower with Radar,151,153,57,5,366,0,5,48,1,54,151,158,105,6,420,116,0,116,536
04/03/2008,BUF,NY,AEA,CE,Combined TRACON& Tower with Radar,142,147,55,7,351,0,12,46,0,58,142,159,101,7,409,88,0,88,497
04/04/2008,BUF,NY,AEA,CE,Combined TRACON& Tower with Radar,135,138,47,0,320,0,6,7,0,13,135,144,54,0,333,56,0,56,389
04/05/2008,BUF,NY,AEA,CE,Combined TRACON& Tower with Radar,133,97,53,3,286,0,4,27,3,34,133,101,80,6,320,108,4,112,432
04/06/2008,BUF,NY,AEA,CE,Combined TRACON& Tower with Radar,123,87,39,2,251,0,15,39,4,58,123,102,78,6,309,108,8,116,425
04/07/2008,BUF,NY,AEA,CE,Combined TRACON& Tower with Radar,139,107,39,0,285,0,10,22,0,32,139,117,61,0,317,102,0,102,419
04/08/2008,BUF,NY,AEA,CE,Combined TRACON& Tower with Radar,146,140,39,6,331,0,12,22,0,34,146,152,61,6,365,88,0,88,453
04/09/2008,BUF,NY,AEA,CE,Combined TRACON& Tower with Radar,155,138,42,6,341,0,3,10,7,20,155,141,52,13,361,10,0,10,371
04/10/2008,BUF,NY,AEA,CE,Combined TRACON& Tower with Radar,154,151,70,8,383,0,11,24,1,36,154,162,94,9,419,10,0,10,429
04/11/2008,BUF,NY,AEA,CE,Combined TRACON& Tower with Radar,147,135,45,0,327,0,9,6,0,15,147,144,51,0,342,28,0,28,370
04/12/2008,BUF,NY,AEA,CE,Combined TRACON& Tower with Radar,150,92,13,0,255,0,2,4,0,6,150,94,17,0,261,72,0,72,333
04/13/2008,BUF,NY,AEA,CE,Combined TRACON& Tower with Radar,128,76,15,0,219,0,1,8,0,9,128,77,23,0,228,72,0,72,300
04/14/2008,BUF,NY,AEA,CE,Combined TRACON& Tower with Radar,143,111,13,0,267,0,9,20,0,29,143,120,33,0,296,34,4,38,334
04/15/2008,BUF,NY,AEA,CE,Combined TRACON& Tower with Radar,154,137,62,4,357,0,14,47,0,61,154,151,109,4,418,102,18,120,538
04/16/2008,BUF,NY,AEA,CE,Combined TRACON& Tower with Radar,153,139,58,0,350,0,15,34,4,53,153,154,92,4,403,108,18,126,529
04/17/2008,BUF,NY,AEA,CE,Combined TRACON& Tower with Radar,153,136,60,1,350,0,8,29,1,38,153,144,89,2,388,103,0,103,491
04/18/2008,BUF,NY,AEA,CE,Combined TRACON& Tower with Radar,156,135,48,2,341,0,8,28,0,36,156,143,76,2,377,112,0,112,489
04/19/2008,BUF,NY,AEA,CE,Combined TRACON& Tower with Radar,137,80,30,0,247,0,17,43,0,60,137,97,73,0,307,90,0,90,397
04/20/2008,BUF,NY,AEA,CE,Combined TRACON& Tower with Radar,126,74,28,0,228,0,4,17,0,21,126,78,45,0,249,58,0,58,307
04/21/2008,BUF,NY,AEA,CE,Combined TRACON& Tower with Radar,148,101,33,0,282,0,16,15,0,31,148,117,48,0,313,106,0,106,419
04/22/2008,BUF,NY,AEA,CE,Combined TRACON& Tower with Radar,154,146,50,0,350,0,15,36,4,55,154,161,86,4,405,114,0,114,519
04/23/2008,BUF,NY,AEA,CE,Combined TRACON& Tower with Radar,151,119,36,1,307,0,7,34,1,42,151,126,70,2,349,82,12,94,443
04/24/2008,BUF,NY,AEA,CE,Combined TRACON& Tower with Radar,150,134,50,6,340,0,9,49,5,63,150,143,99,11,403,14,0,14,417
04/25/2008,BUF,NY,AEA,CE,Combined TRACON& Tower with Radar,152,141,36,0,329,0,5,24,1,30,152,146,60,1,359,68,6,74,433
04/26/2008,BUF,NY,AEA,CE,Combined TRACON& Tower with Radar,139,74,7,0,220,0,3,10,0,13,139,77,17,0,233,56,6,62,295
04/27/2008,BUF,NY,AEA,CE,Combined TRACON& Tower with Radar,124,83,27,0,234,0,4,27,0,31,124,87,54,0,265,92,0,92,357
04/28/2008,BUF,NY,AEA,CE,Combined TRACON& Tower with Radar,132,93,33,6,264,0,3,4,0,7,132,96,37,6,271,12,0,12,283
04/29/2008,BUF,NY,AEA,CE,Combined TRACON& Tower with Radar,151,121,43,2,317,0,8,10,1,19,151,129,53,3,336,72,0,72,408
04/30/2008,BUF,NY,AEA,CE,Combined TRACON& Tower with Radar,151,119,36,0,306,0,8,35,1,44,151,127,71,1,350,82,0,82,432
05/01/2008,BUF,NY,AEA,CE,Combined TRACON& Tower with Radar,150,112,34,0,296,0,3,19,2,24,150,115,53,2,320,80,10,90,410
05/02/2008,BUF,NY,AEA,CE,Combined TRACON& Tower with Radar,149,104,25,0,278,0,0,9,0,9,149,104,34,0,287,72,0,72,359
05/03/2008,BUF,NY,AEA,CE,Combined TRACON& Tower with Radar,146,79,18,2,245,0,0,3,0,3,146,79,21,2,248,76,0,76,324
05/04/2008,BUF,NY,AEA,CE,Combined TRACON& Tower with Radar,124,76,15,0,215,0,1,12,0,13,124,77,27,0,228,103,0,103,331
05/05/2008,BUF,NY,AEA,CE,Combined TRACON& Tower with Radar,141,103,33,0,277,0,5,17,0,22,141,108,50,0,299,95,0,95,394
05/06/2008,BUF,NY,AEA,CE,Combined TRACON& Tower with Radar,148,129,38,3,318,0,6,22,4,32,148,135,60,7,350,52,14,66,416
05/07/2008,BUF,NY,AEA,CE,Combined TRACON& Tower with Radar,148,114,46,6,314,0,4,17,0,21,148,118,63,6,335,66,10,76,411
05/08/2008,BUF,NY,AEA,CE,Combined TRACON& Tower with Radar,153,124,43,4,324,0,2,4,0,6,153,126,47,4,330,62,0,62,392
05/09/2008,BUF,NY,AEA,CE,Combined TRACON& Tower with Radar,149,112,36,0,297,0,4,24,0,28,149,116,60,0,325,82,0,82,407
05/10/2008,BUF,NY,AEA,CE,Combined TRACON& Tower with Radar,146,78,25,0,249,0,8,22,0,30,146,86,47,0,279,114,0,114,393
05/11/2008,BUF,NY,AEA,CE,Combined TRACON& Tower with Radar,134,74,23,0,231,0,0,12,0,12,134,74,35,0,243,96,0,96,339
05/12/2008,BUF,NY,AEA,CE,Combined TRACON& Tower with Radar,141,85,28,0,254,0,3,9,0,12,141,88,37,0,266,61,6,67,333
05/13/2008,BUF,NY,AEA,CE,Combined TRACON& Tower with Radar,160,110,36,0,306,0,9,33,4,46,160,119,69,4,352,90,0,90,442
05/14/2008,BUF,NY,AEA,CE,Combined TRACON& Tower with Radar,151,119,27,6,303,0,7,20,0,27,151,126,47,6,330,96,12,108,438
05/15/2008,BUF,NY,AEA,CE,Combined TRACON& Tower with Radar,155,124,54,3,336,0,2,19,0,21,155,126,73,3,357,84,12,96,453
05/16/2008,BUF,NY,AEA,CE,Combined TRACON& Tower with Radar,157,113,38,0,308,0,3,16,0,19,157,116,54,0,327,58,6,64,391
05/17/2008,BUF,NY,AEA,CE,Combined TRACON& Tower with Radar,144,79,25,0,248,0,14,4,2,20,144,93,29,2,268,72,2,74,342
05/18/2008,BUF,NY,AEA,CE,Combined TRACON& Tower with Radar,146,70,21,0,237,0,2,7,0,9,146,72,28,0,246,34,0,34,280
05/19/2008,BUF,NY,AEA,CE,Combined TRACON& Tower with Radar,144,102,23,0,269,0,6,7,0,13,144,108,30,0,282,42,0,42,324
05/20/2008,BUF,NY,AEA,CE,Combined TRACON& Tower with Radar,155,121,39,2,317,0,5,27,1,33,155,126,66,3,350,60,2,62,412
05/21/2008,BUF,NY,AEA,CE,Combined TRACON& Tower with Radar,154,115,38,0,307,0,13,11,0,24,154,128,49,0,331,56,0,56,387
05/22/2008,BUF,NY,AEA,CE,Combined TRACON& Tower with Radar,154,103,29,0,286,0,1,24,0,25,154,104,53,0,311,87,0,87,398
05/23/2008,BUF,NY,AEA,CE,Combined TRACON& Tower with Radar,155,122,28,1,306,0,8,35,1,44,155,130,63,2,350,107,0,107,457
05/24/2008,BUF,NY,AEA,CE,Combined TRACON& Tower with Radar,146,66,22,0,234,3,12,40,0,55,149,78,62,0,289,123,0,123,412
05/25/2008,BUF,NY,AEA,CE,Combined TRACON& Tower with Radar,117,57,19,0,193,0,10,23,0,33,117,67,42,0,226,124,0,124,350
05/26/2008,BUF,NY,AEA,CE,Combined TRACON& Tower with Radar,135,76,21,2,234,0,6,8,0,14,135,82,29,2,248,90,0,90,338
05/27/2008,BUF,NY,AEA,CE,Combined TRACON& Tower with Radar,140,100,40,0,280,0,4,17,4,25,140,104,57,4,305,70,0,70,375
05/28/2008,BUF,NY,AEA,CE,Combined TRACON& Tower with Radar,168,118,46,2,334,0,11,42,0,53,168,129,88,2,387,92,10,102,489
05/29/2008,BUF,NY,AEA,CE,Combined TRACON& Tower with Radar,161,118,35,0,314,0,7,36,0,43,161,125,71,0,357,93,0,93,450
05/30/2008,BUF,NY,AEA,CE,Combined TRACON& Tower with Radar,151,125,40,0,316,0,6,18,0,24,151,131,58,0,340,84,0,84,424
05/31/2008,BUF,NY,AEA,CE,Combined TRACON& Tower with Radar,146,71,30,0,247,0,4,1,0,5,146,75,31,0,252,0,0,0,252
06/01/2008,BUF,NY,AEA,CE,Combined TRACON& Tower with Radar,140,76,27,0,243,0,0,0,0,0,140,76,27,0,243,45,8,53,296
06/02/2008,BUF,NY,AEA,CE,Combined TRACON& Tower with Radar,149,103,23,2,277,0,7,30,0,37,149,110,53,2,314,112,0,112,426
06/03/2008,BUF,NY,AEA,CE,Combined TRACON& Tower with Radar,150,117,36,2,305,0,14,22,0,36,150,131,58,2,341,86,12,98,439
06/04/2008,BUF,NY,AEA,CE,Combined TRACON& Tower with Radar,144,107,37,0,288,0,2,2,2,6,144,109,39,2,294,74,16,90,384
06/05/2008,BUF,NY,AEA,CE,Combined TRACON& Tower with Radar,168,121,45,5,339,0,8,18,4,30,168,129,63,9,369,72,0,72,441
06/06/2008,BUF,NY,AEA,CE,Combined TRACON& Tower with Radar,159,130,32,4,325,0,8,31,1,40,159,138,63,5,365,111,0,111,476
06/07/2008,BUF,NY,AEA,CE,Combined TRACON& Tower with Radar,155,74,18,0,247,0,3,23,0,26,155,77,41,0,273,13,1,14,287
06/08/2008,BUF,NY,AEA,CE,Combined TRACON& Tower with Radar,141,70,19,5,235,0,9,8,1,18,141,79,27,6,253,102,0,102,355
06/09/2008,BUF,NY,AEA,CE,Combined TRACON& Tower with Radar,149,115,50,3,317,0,6,18,0,24,149,121,68,3,341,78,2,80,421
06/10/2008,BUF,NY,AEA,CE,Combined TRACON& Tower with Radar,161,106,38,0,305,0,5,1,0,6,161,111,39,0,311,44,6,50,361
06/11/2008,BUF,NY,AEA,CE,Combined TRACON& Tower with Radar,165,125,33,0,323,0,12,55,1,68,165,137,88,1,391,34,0,34,425
06/12/2008,BUF,NY,AEA,CE,Combined TRACON& Tower with Radar,161,121,47,0,329,0,15,60,0,75,161,136,107,0,404,141,0,141,545
06/13/2008,BUF,NY,AEA,CE,Combined TRACON& Tower with Radar,160,107,27,0,294,0,4,15,0,19,160,111,42,0,313,72,0,72,385
06/14/2008,BUF,NY,AEA,CE,Combined TRACON& Tower with Radar,146,90,32,6,274,0,5,19,0,24,146,95,51,6,298,60,12,72,370
06/15/2008,BUF,NY,AEA,CE,Combined TRACON& Tower with Radar,137,86,25,0,248,0,4,24,1,29,137,90,49,1,277,92,0,92,369
06/16/2008,BUF,NY,AEA,CE,Combined TRACON& Tower with Radar,148,95,31,3,277,0,5,20,0,25,148,100,51,3,302,84,0,84,386
06/17/2008,BUF,NY,AEA,CE,Combined TRACON& Tower with Radar,169,115,30,4,318,0,6,17,4,27,169,121,47,8,345,48,0,48,393
06/18/2008,BUF,NY,AEA,CE,Combined TRACON& Tower with Radar,158,115,47,0,320,0,6,22,1,29,158,121,69,1,349,86,10,96,445
06/19/2008,BUF,NY,AEA,CE,Combined TRACON& Tower with Radar,161,111,55,4,331,0,14,19,0,33,161,125,74,4,364,76,8,84,448
06/20/2008,BUF,NY,AEA,CE,Combined TRACON& Tower with Radar,158,110,25,3,296,0,3,5,1,9,158,113,30,4,305,92,18,110,415
06/21/2008,BUF,NY,AEA,CE,Combined TRACON& Tower with Radar,153,81,17,2,253,0,2,59,0,61,153,83,76,2,314,118,0,118,432
06/22/2008,BUF,NY,AEA,CE,Combined TRACON& Tower with Radar,131,69,38,1,239,0,0,26,0,26,131,69,64,1,265,88,0,88,353
06/23/2008,BUF,NY,AEA,CE,Combined TRACON& Tower with Radar,153,106,45,5,309,0,4,36,0,40,153,110,81,5,349,118,0,118,467
06/24/2008,BUF,NY,AEA,CE,Combined TRACON& Tower with Radar,157,114,56,2,329,0,14,38,2,54,157,128,94,4,383,40,0,40,423
06/25/2008,BUF,NY,AEA,CE,Combined TRACON& Tower with Radar,160,110,52,9,331,0,14,47,0,61,160,124,99,9,392,109,11,120,512
06/26/2008,BUF,NY,AEA,CE,Combined TRACON& Tower with Radar,160,106,44,3,313,0,6,9,0,15,160,112,53,3,328,121,0,121,449
06/27/2008,BUF,NY,AEA,CE,Combined TRACON& Tower with Radar,165,122,40,2,329,0,17,8,0,25,165,139,48,2,354,90,6,96,450
06/28/2008,BUF,NY,AEA,CE,Combined TRACON& Tower with Radar,146,78,21,0,245,0,0,14,0,14,146,78,35,0,259,84,26,110,369
06/29/2008,BUF,NY,AEA,CE,Combined TRACON& Tower with Radar,139,72,24,0,235,0,1,13,0,14,139,73,37,0,249,118,0,118,367
06/30/2008,BUF,NY,AEA,CE,Combined TRACON& Tower with Radar,155,108,28,1,292,0,3,3,0,6,155,111,31,1,298,12,2,14,312
07/01/2008,BUF,NY,AEA,CE,Combined TRACON& Tower with Radar,162,107,41,5,315,0,6,45,0,51,162,113,86,5,366,94,0,94,460
07/02/2008,BUF,NY,AEA,CE,Combined TRACON& Tower with Radar,163,106,34,0,303,0,6,24,2,32,163,112,58,2,335,62,0,62,397
07/03/2008,BUF,NY,AEA,CE,Combined TRACON& Tower with Radar,166,106,30,0,302,0,3,15,0,18,166,109,45,0,320,47,0,47,367
07/04/2008,BUF,NY,AEA,CE,Combined TRACON& Tower with Radar,137,72,12,0,221,0,10,23,0,33,137,82,35,0,254,79,0,79,333
07/05/2008,BUF,NY,AEA,CE,Combined TRACON& Tower with Radar,136,63,11,0,210,0,11,22,0,33,136,74,33,0,243,96,0,96,339
07/06/2008,BUF,NY,AEA,CE,Combined TRACON& Tower with Radar,136,85,23,0,244,0,8,38,0,46,136,93,61,0,290,94,0,94,384
07/07/2008,BUF,NY,AEA,CE,Combined TRACON& Tower with Radar,162,110,32,0,304,0,4,52,0,56,162,114,84,0,360,95,0,95,455
07/08/2008,BUF,NY,AEA,CE,Combined TRACON& Tower with Radar,182,126,40,2,350,0,11,11,1,23,182,137,51,3,373,129,0,129,502
07/09/2008,BUF,NY,AEA,CE,Combined TRACON& Tower with Radar,159,109,45,0,313,0,0,5,0,5,159,109,50,0,318,75,0,75,393
07/10/2008,BUF,NY,AEA,CE,Combined TRACON& Tower with Radar,179,137,40,0,356,0,5,87,2,94,179,142,127,2,450,127,0,127,577
07/11/2008,BUF,NY,AEA,CE,Combined TRACON& Tower with Radar,159,118,35,2,314,0,14,62,0,76,159,132,97,2,390,49,0,49,439
07/12/2008,BUF,NY,AEA,CE,Combined TRACON& Tower with Radar,146,72,27,8,253,0,10,69,0,79,146,82,96,8,332,48,2,50,382
07/13/2008,BUF,NY,AEA,CE,Combined TRACON& Tower with Radar,125,69,36,0,230,0,13,12,0,25,125,82,48,0,255,74,0,74,329
07/14/2008,BUF,NY,AEA,CE,Combined TRACON& Tower with Radar,168,111,30,0,309,0,6,36,4,46,168,117,66,4,355,92,0,92,447
07/15/2008,BUF,NY,AEA,CE,Combined TRACON& Tower with Radar,155,104,31,0,290,0,19,47,1,67,155,123,78,1,357,98,4,102,459
07/16/2008,BUF,NY,AEA,CE,Combined TRACON& Tower with Radar,161,125,53,2,341,0,12,56,15,83,161,137,109,17,424,57,0,57,481
07/17/2008,BUF,NY,AEA,CE,Combined TRACON& Tower with Radar,166,125,45,4,340,0,9,65,7,81,166,134,110,11,421,62,6,68,489
07/18/2008,BUF,NY,AEA,CE,Combined TRACON& Tower with Radar,193,141,30,2,366,0,6,12,0,18,193,147,42,2,384,117,0,117,501
07/19/2008,BUF,NY,AEA,CE,Combined TRACON& Tower with Radar,144,70,20,2,236,0,16,20,0,36,144,86,40,2,272,84,0,84,356
07/20/2008,BUF,NY,AEA,CE,Combined TRACON& Tower with Radar,138,71,26,0,235,0,3,5,0,8,138,74,31,0,243,0,0,0,243
07/21/2008,BUF,NY,AEA,CE,Combined TRACON& Tower with Radar,161,113,34,0,308,0,0,11,0,11,161,113,45,0,319,38,0,38,357
07/22/2008,BUF,NY,AEA,CE,Combined TRACON& Tower with Radar,188,142,48,0,378,0,4,9,0,13,188,146,57,0,391,118,0,118,509
07/23/2008,BUF,NY,AEA,CE,Combined TRACON& Tower with Radar,151,110,69,7,337,0,13,24,3,40,151,123,93,10,377,44,0,44,421
07/24/2008,BUF,NY,AEA,CE,Combined TRACON& Tower with Radar,166,108,41,0,315,0,6,17,0,23,166,114,58,0,338,48,6,54,392
07/25/2008,BUF,NY,AEA,CE,Combined TRACON& Tower with Radar,186,136,40,2,364,0,16,58,3,77,186,152,98,5,441,100,10,110,551
07/26/2008,BUF,NY,AEA,CE,Combined TRACON& Tower with Radar,182,92,37,1,312,0,7,18,2,27,182,99,55,3,339,104,0,104,443
07/27/2008,BUF,NY,AEA,CE,Combined TRACON& Tower with Radar,134,68,47,0,249,0,8,32,0,40,134,76,79,0,289,90,0,90,379
07/28/2008,BUF,NY,AEA,CE,Combined TRACON& Tower with Radar,160,122,44,0,326,0,7,75,0,82,160,129,119,0,408,56,0,56,464
07/29/2008,BUF,NY,AEA,CE,Combined TRACON& Tower with Radar,152,117,39,2,310,0,9,29,0,38,152,126,68,2,348,88,8,96,444
07/30/2008,BUF,NY,AEA,CE,Combined TRACON& Tower with Radar,196,133,61,2,392,0,5,12,0,17,196,138,73,2,409,101,0,101,510
07/31/2008,BUF,NY,AEA,CE,Combined TRACON& Tower with Radar,161,115,50,0,326,0,14,45,0,59,161,129,95,0,385,98,0,98,483
08/01/2008,BUF,NY,AEA,CE,Combined TRACON& Tower with Radar,162,116,37,1,316,0,4,32,0,36,162,120,69,1,352,106,0,106,458
08/02/2008,BUF,NY,AEA,CE,Combined TRACON& Tower with Radar,137,71,30,0,238,0,1,21,0,22,137,72,51,0,260,71,0,71,331
08/03/2008,BUF,NY,AEA,CE,Combined TRACON& Tower with Radar,174,102,47,5,328,0,13,29,0,42,174,115,76,5,370,142,22,164,534
08/04/2008,BUF,NY,AEA,CE,Combined TRACON& Tower with Radar,155,110,50,0,315,0,6,96,0,102,155,116,146,0,417,85,0,85,502
08/05/2008,BUF,NY,AEA,CE,Combined TRACON& Tower with Radar,164,113,27,2,306,0,2,21,0,23,164,115,48,2,329,102,6,108,437
08/06/2008,BUF,NY,AEA,CE,Combined TRACON& Tower with Radar,156,127,78,4,365,0,5,61,15,81,156,132,139,19,446,79,2,81,527
08/07/2008,BUF,NY,AEA,CE,Combined TRACON& Tower with Radar,219,114,36,0,369,68,2,16,0,86,287,116,52,0,455,54,0,54,509
08/08/2008,BUF,NY,AEA,CE,Combined TRACON& Tower with Radar,186,131,23,0,340,0,2,9,2,13,186,133,32,2,353,97,0,97,450
08/09/2008,BUF,NY,AEA,CE,Combined TRACON& Tower with Radar,171,90,35,2,298,0,3,21,0,24,171,93,56,2,322,129,0,129,451
08/10/2008,BUF,NY,AEA,CE,Combined TRACON& Tower with Radar,134,65,17,0,216,0,4,7,0,11,134,69,24,0,227,43,0,43,270
08/11/2008,BUF,NY,AEA,CE,Combined TRACON& Tower with Radar,147,99,26,0,272,0,3,2,0,5,147,102,28,0,277,76,0,76,353
08/12/2008,BUF,NY,AEA,CE,Combined TRACON& Tower with Radar,163,112,41,2,318,0,2,29,0,31,163,114,70,2,349,86,0,86,435
08/13/2008,BUF,NY,AEA,CE,Combined TRACON& Tower with Radar,156,119,43,4,322,0,8,17,2,27,156,127,60,6,349,90,0,90,439
08/14/2008,BUF,NY,AEA,CE,Combined TRACON& Tower with Radar,154,111,33,0,298,0,8,36,0,44,154,119,69,0,342,93,0,93,435
08/15/2008,BUF,NY,AEA,CE,Combined TRACON& Tower with Radar,168,123,27,0,318,0,15,36,3,54,168,138,63,3,372,106,0,106,478
08/16/2008,BUF,NY,AEA,CE,Combined TRACON& Tower with Radar,167,83,24,1,275,0,17,38,3,58,167,100,62,4,333,147,0,147,480
08/17/2008,BUF,NY,AEA,CE,Combined TRACON& Tower with Radar,150,81,25,1,257,0,14,28,0,42,150,95,53,1,299,128,0,128,427
08/18/2008,BUF,NY,AEA,CE,Combined TRACON& Tower with Radar,154,108,30,0,292,0,7,22,0,29,154,115,52,0,321,106,0,106,427
08/19/2008,BUF,NY,AEA,CE,Combined TRACON& Tower with Radar,153,108,38,11,310,0,11,35,0,46,153,119,73,11,356,56,20,76,432
08/20/2008,BUF,NY,AEA,CE,Combined TRACON& Tower with Radar,166,129,52,9,356,0,10,47,0,57,166,139,99,9,413,105,10,115,528
08/21/2008,BUF,NY,AEA,CE,Combined TRACON& Tower with Radar,156,109,39,0,304,0,16,31,0,47,156,125,70,0,351,92,0,92,443
08/22/2008,BUF,NY,AEA,CE,Combined TRACON& Tower with Radar,157,115,30,3,305,0,9,45,1,55,157,124,75,4,360,83,0,83,443
08/23/2008,BUF,NY,AEA,CE,Combined TRACON& Tower with Radar,152,73,14,0,239,0,6,37,0,43,152,79,51,0,282,52,20,72,354
08/24/2008,BUF,NY,AEA,CE,Combined TRACON& Tower with Radar,148,93,49,2,292,0,6,28,0,34,148,99,77,2,326,36,0,36,362
08/25/2008,BUF,NY,AEA,CE,Combined TRACON& Tower with Radar,157,104,35,2,298,0,11,15,2,28,157,115,50,4,326,74,0,74,400
08/26/2008,BUF,NY,AEA,CE,Combined TRACON& Tower with Radar,157,103,28,6,294,0,3,55,0,58,157,106,83,6,352,80,0,80,432
08/27/2008,BUF,NY,AEA,CE,Combined TRACON& Tower with Radar,155,113,39,4,311,0,0,27,0,27,155,113,66,4,338,90,0,90,428
08/28/2008,BUF,NY,AEA,CE,Combined TRACON& Tower with Radar,159,117,43,2,321,0,10,19,0,29,159,127,62,2,350,51,0,51,401
08/29/2008,BUF,NY,AEA,CE,Combined TRACON& Tower with Radar,174,122,70,1,367,0,9,39,0,48,174,131,109,1,415,105,0,105,520
08/30/2008,BUF,NY,AEA,CE,Combined TRACON& Tower with Radar,131,60,31,3,225,0,8,74,1,83,131,68,105,4,308,78,0,78,386
08/31/2008,BUF,NY,AEA,CE,Combined TRACON& Tower with Radar,126,99,51,0,276,0,27,32,1,60,126,126,83,1,336,119,0,119,455
09/01/2008,BUF,NY,AEA,CE,Combined TRACON& Tower with Radar,140,81,34,0,255,0,12,42,0,54,140,93,76,0,309,88,12,100,409
09/02/2008,BUF,NY,AEA,CE,Combined TRACON& Tower with Radar,148,109,29,0,286,0,10,41,0,51,148,119,70,0,337,76,0,76,413
09/03/2008,BUF,NY,AEA,CE,Combined TRACON& Tower with Radar,154,111,42,3,310,0,2,35,2,39,154,113,77,5,349,97,0,97,446
09/04/2008,BUF,NY,AEA,CE,Combined TRACON& Tower with Radar,138,124,44,6,312,0,5,21,0,26,138,129,65,6,338,98,6,104,442
09/05/2008,BUF,NY,AEA,CE,Combined TRACON& Tower with Radar,145,116,41,1,303,0,13,10,2,25,145,129,51,3,328,65,10,75,403
09/06/2008,BUF,NY,AEA,CE,Combined TRACON& Tower with Radar,116,73,36,1,226,0,2,3,1,6,116,75,39,2,232,65,0,65,297
09/07/2008,BUF,NY,AEA,CE,Combined TRACON& Tower with Radar,145,99,25,0,269,0,2,11,2,15,145,101,36,2,284,60,14,74,358
09/08/2008,BUF,NY,AEA,CE,Combined TRACON& Tower with Radar,151,116,38,0,305,0,11,40,2,53,151,127,78,2,358,101,0,101,459
09/09/2008,BUF,NY,AEA,CE,Combined TRACON& Tower with Radar,134,106,26,0,266,0,5,20,0,25,134,111,46,0,291,84,0,84,375
09/10/2008,BUF,NY,AEA,CE,Combined TRACON& Tower with Radar,154,127,45,2,328,0,6,40,0,46,154,133,85,2,374,91,8,99,473
09/11/2008,BUF,NY,AEA,CE,Combined TRACON& Tower with Radar,153,119,35,3,310,0,5,60,2,67,153,124,95,5,377,89,0,89,466
09/12/2008,BUF,NY,AEA,CE,Combined TRACON& Tower with Radar,145,115,46,0,306,0,3,5,0,8,145,118,51,0,314,0,0,0,314
09/13/2008,BUF,NY,AEA,CE,Combined TRACON& Tower with Radar,124,75,41,0,240,0,2,0,0,2,124,77,41,0,242,24,0,24,266
09/14/2008,BUF,NY,AEA,CE,Combined TRACON& Tower with Radar,134,86,30,0,250,0,10,8,0,18,134,96,38,0,268,41,0,41,309
09/15/2008,BUF,NY,AEA,CE,Combined TRACON& Tower with Radar,154,120,25,2,301,0,2,2,0,4,154,122,27,2,305,89,0,89,394
09/16/2008,BUF,NY,AEA,CE,Combined TRACON& Tower with Radar,147,121,45,10,323,0,8,27,0,35,147,129,72,10,358,117,0,117,475
09/17/2008,BUF,NY,AEA,CE,Combined TRACON& Tower with Radar,149,117,50,8,324,0,5,32,0,37,149,122,82,8,361,108,0,108,469
09/18/2008,BUF,NY,AEA,CE,Combined TRACON& Tower with Radar,153,124,49,4,330,0,8,49,2,59,153,132,98,6,389,95,4,99,488
09/19/2008,BUF,NY,AEA,CE,Combined TRACON& Tower with Radar,160,129,38,0,327,0,9,38,2,49,160,138,76,2,376,124,0,124,500
09/20/2008,BUF,NY,AEA,CE,Combined TRACON& Tower with Radar,133,79,27,3,242,0,8,50,0,58,133,87,77,3,300,129,0,129,429
09/21/2008,BUF,NY,AEA,CE,Combined TRACON& Tower with Radar,131,91,35,2,259,0,1,0,1,2,131,92,35,3,261,0,0,0,261
09/22/2008,BUF,NY,AEA,CE,Combined TRACON& Tower with Radar,161,135,44,0,340,0,7,31,0,38,161,142,75,0,378,40,12,52,430
09/23/2008,BUF,NY,AEA,CE,Combined TRACON& Tower with Radar,141,105,24,0,270,0,7,78,0,85,141,112,102,0,355,92,0,92,447
09/24/2008,BUF,NY,AEA,CE,Combined TRACON& Tower with Radar,139,122,49,5,315,1,6,47,0,54,140,128,96,5,369,126,2,128,497
09/25/2008,BUF,NY,AEA,CE,Combined TRACON& Tower with Radar,139,119,36,2,296,0,17,31,0,48,139,136,67,2,344,91,0,91,435
09/26/2008,BUF,NY,AEA,CE,Combined TRACON& Tower with Radar,140,118,19,2,279,0,6,22,0,28,140,124,41,2,307,46,0,46,353
09/27/2008,BUF,NY,AEA,CE,Combined TRACON& Tower with Radar,127,77,54,0,258,0,4,50,0,54,127,81,104,0,312,42,2,44,356
09/28/2008,BUF,NY,AEA,CE,Combined TRACON& Tower with Radar,137,103,16,0,256,0,6,12,0,18,137,109,28,0,274,48,2,50,324
09/29/2008,BUF,NY,AEA,CE,Combined TRACON& Tower with Radar,155,121,47,8,331,0,0,8,1,9,155,121,55,9,340,84,0,84,424
09/30/2008,BUF,NY,AEA,CE,Combined TRACON& Tower with Radar,143,104,18,4,269,0,0,2,0,2,143,104,20,4,271,53,2,55,326
10/01/2008,BUF,NY,AEA,CE,Combined TRACON& Tower with Radar,145,125,39,0,309,0,0,10,0,10,145,125,49,0,319,94,0,94,413
10/02/2008,BUF,NY,AEA,CE,Combined TRACON& Tower with Radar,142,113,45,0,300,0,2,2,0,4,142,115,47,0,304,74,0,74,378
10/03/2008,BUF,NY,AEA,CE,Combined TRACON& Tower with Radar,145,136,46,0,327,0,9,26,0,35,145,145,72,0,362,98,0,98,460
10/04/2008,BUF,NY,AEA,CE,Combined TRACON& Tower with Radar,124,72,20,1,217,0,10,37,0,47,124,82,57,1,264,77,0,77,341
10/05/2008,BUF,NY,AEA,CE,Combined TRACON& Tower with Radar,127,85,24,0,236,0,4,30,1,35,127,89,54,1,271,92,0,92,363
10/06/2008,BUF,NY,AEA,CE,Combined TRACON& Tower with Radar,150,114,34,5,303,0,5,43,0,48,150,119,77,5,351,98,6,104,455
10/07/2008,BUF,NY,AEA,CE,Combined TRACON& Tower with Radar,148,114,72,0,334,0,11,37,0,48,148,125,109,0,382,56,12,68,450
10/08/2008,BUF,NY,AEA,CE,Combined TRACON& Tower with Radar,143,116,53,6,318,0,1,4,0,5,143,117,57,6,323,68,0,68,391
10/09/2008,BUF,NY,AEA,CE,Combined TRACON& Tower with Radar,164,129,43,1,337,0,5,22,0,27,164,134,65,1,364,90,0,90,454
10/10/2008,BUF,NY,AEA,CE,Combined TRACON& Tower with Radar,144,122,48,2,316,0,11,41,0,52,144,133,89,2,368,90,4,94,462
10/11/2008,BUF,NY,AEA,CE,Combined TRACON& Tower with Radar,131,63,20,0,214,0,23,49,0,72,131,86,69,0,286,54,14,68,354
10/12/2008,BUF,NY,AEA,CE,Combined TRACON& Tower with Radar,135,87,30,0,252,0,13,44,0,57,135,100,74,0,309,128,0,128,437
10/13/2008,BUF,NY,AEA,CE,Combined TRACON& Tower with Radar,146,106,45,0,297,0,3,36,0,39,146,109,81,0,336,68,0,68,404
10/14/2008,BUF,NY,AEA,CE,Combined TRACON& Tower with Radar,145,110,32,0,287,0,1,35,0,36,145,111,67,0,323,60,0,60,383
10/15/2008,BUF,NY,AEA,CE,Combined TRACON& Tower with Radar,141,120,47,10,318,0,2,17,0,19,141,122,64,10,337,88,0,88,425
10/16/2008,BUF,NY,AEA,CE,Combined TRACON& Tower with Radar,153,110,30,3,296,0,2,32,1,35,153,112,62,4,331,62,0,62,393
10/17/2008,BUF,NY,AEA,CE,Combined TRACON& Tower with Radar,154,122,33,2,311,0,4,30,0,34,154,126,63,2,345,58,12,70,415
10/18/2008,BUF,NY,AEA,CE,Combined TRACON& Tower with Radar,121,65,24,0,210,0,6,50,3,59,121,71,74,3,269,50,0,50,319
10/19/2008,BUF,NY,AEA,CE,Combined TRACON& Tower with Radar,136,99,34,0,269,0,4,27,0,31,136,103,61,0,300,87,12,99,399
10/20/2008,BUF,NY,AEA,CE,Combined TRACON& Tower with Radar,153,127,104,6,390,0,14,33,1,48,153,141,137,7,438,74,0,74,512
10/21/2008,BUF,NY,AEA,CE,Combined TRACON& Tower with Radar,151,110,33,24,318,0,0,3,0,3,151,110,36,24,321,68,14,82,403
10/22/2008,BUF,NY,AEA,CE,Combined TRACON& Tower with Radar,143,109,29,1,282,0,0,7,0,7,143,109,36,1,289,60,20,80,369
10/23/2008,BUF,NY,AEA,CE,Combined TRACON& Tower with Radar,145,125,47,1,318,0,6,39,2,47,145,131,86,3,365,56,4,60,425
10/24/2008,BUF,NY,AEA,CE,Combined TRACON& Tower with Radar,140,121,32,1,294,0,11,35,3,49,140,132,67,4,343,48,8,56,399
10/25/2008,BUF,NY,AEA,CE,Combined TRACON& Tower with Radar,132,63,16,0,211,0,1,0,0,1,132,64,16,0,212,62,0,62,274
10/26/2008,BUF,NY,AEA,CE,Combined TRACON& Tower with Radar,146,92,26,0,264,0,1,4,0,5,146,93,30,0,269,71,0,71,340
10/27/2008,BUF,NY,AEA,CE,Combined TRACON& Tower with Radar,146,113,23,0,282,0,0,4,0,4,146,113,27,0,286,0,0,0,286
10/28/2008,BUF,NY,AEA,CE,Combined TRACON& Tower with Radar,137,100,26,0,263,0,3,5,2,10,137,103,31,2,273,48,7,55,328
10/29/2008,BUF,NY,AEA,CE,Combined TRACON& Tower with Radar,147,110,33,0,290,0,1,4,0,5,147,111,37,0,295,67,3,70,365
10/30/2008,BUF,NY,AEA,CE,Combined TRACON& Tower with Radar,145,117,51,0,313,0,4,54,0,58,145,121,105,0,371,92,8,100,471
10/31/2008,BUF,NY,AEA,CE,Combined TRACON& Tower with Radar,146,117,29,6,298,0,10,27,0,37,146,127,56,6,335,46,2,48,383
11/01/2008,BUF,NY,AEA,CE,Combined TRACON& Tower with Radar,128,65,25,3,221,0,4,28,2,34,128,69,53,5,255,70,4,74,329
11/02/2008,BUF,NY,AEA,CE,Combined TRACON& Tower with Radar,140,103,83,0,326,0,2,36,0,38,140,105,119,0,364,92,0,92,456
11/03/2008,BUF,NY,AEA,CE,Combined TRACON& Tower with Radar,148,118,51,6,323,0,1,23,0,24,148,119,74,6,347,62,0,62,409
11/04/2008,BUF,NY,AEA,CE,Combined TRACON& Tower with Radar,142,133,50,4,329,0,3,58,0,61,142,136,108,4,390,68,0,68,458
11/05/2008,BUF,NY,AEA,CE,Combined TRACON& Tower with Radar,142,118,50,0,310,0,13,48,0,61,142,131,98,0,371,52,4,56,427
11/06/2008,BUF,NY,AEA,CE,Combined TRACON& Tower with Radar,145,110,45,2,302,0,4,60,6,70,145,114,105,8,372,73,0,73,445
11/07/2008,BUF,NY,AEA,CE,Combined TRACON& Tower with Radar,134,100,131,8,373,0,2,16,1,19,134,102,147,9,392,86,0,86,478
11/08/2008,BUF,NY,AEA,CE,Combined TRACON& Tower with Radar,136,85,49,0,270,0,4,22,0,26,136,89,71,0,296,70,0,70,366
11/09/2008,BUF,NY,AEA,CE,Combined TRACON& Tower with Radar,128,76,17,0,221,0,0,1,0,1,128,76,18,0,222,26,0,26,248
11/10/2008,BUF,NY,AEA,CE,Combined TRACON& Tower with Radar,138,100,18,0,256,0,4,13,0,17,138,104,31,0,273,54,0,54,327
11/11/2008,BUF,NY,AEA,CE,Combined TRACON& Tower with Radar,141,109,20,0,270,0,0,22,0,22,141,109,42,0,292,46,6,52,344
11/12/2008,BUF,NY,AEA,CE,Combined TRACON& Tower with Radar,146,112,32,2,292,0,0,37,0,37,146,112,69,2,329,74,0,74,403
11/13/2008,BUF,NY,AEA,CE,Combined TRACON& Tower with Radar,145,134,42,1,322,0,7,6,3,16,145,141,48,4,338,70,0,70,408
11/14/2008,BUF,NY,AEA,CE,Combined TRACON& Tower with Radar,145,115,37,0,297,0,5,23,0,28,145,120,60,0,325,84,0,84,409
11/15/2008,BUF,NY,AEA,CE,Combined TRACON& Tower with Radar,122,60,13,0,195,0,1,0,0,1,122,61,13,0,196,70,0,70,266
11/16/2008,BUF,NY,AEA,CE,Combined TRACON& Tower with Radar,128,77,19,0,224,0,0,7,0,7,128,77,26,0,231,58,0,58,289
11/17/2008,BUF,NY,AEA,CE,Combined TRACON& Tower with Radar,140,114,32,7,293,0,2,16,0,18,140,116,48,7,311,58,2,60,371
11/18/2008,BUF,NY,AEA,CE,Combined TRACON& Tower with Radar,144,117,27,8,296,0,2,6,1,9,144,119,33,9,305,72,0,72,377
11/19/2008,BUF,NY,AEA,CE,Combined TRACON& Tower with Radar,141,116,48,0,305,0,2,8,0,10,141,118,56,0,315,70,0,70,385
11/20/2008,BUF,NY,AEA,CE,Combined TRACON& Tower with Radar,145,116,22,0,283,0,2,0,0,2,145,118,22,0,285,75,0,75,360
11/21/2008,BUF,NY,AEA,CE,Combined TRACON& Tower with Radar,148,132,27,0,307,0,4,11,0,15,148,136,38,0,322,66,0,66,388
11/22/2008,BUF,NY,AEA,CE,Combined TRACON& Tower with Radar,134,63,9,0,206,0,4,16,0,20,134,67,25,0,226,62,0,62,288
11/23/2008,BUF,NY,AEA,CE,Combined TRACON& Tower with Radar,135,83,14,0,232,0,0,35,0,35,135,83,49,0,267,61,0,61,328
11/24/2008,BUF,NY,AEA,CE,Combined TRACON& Tower with Radar,142,101,25,2,270,0,2,14,0,16,142,103,39,2,286,46,0,46,332
11/25/2008,BUF,NY,AEA,CE,Combined TRACON& Tower with Radar,154,116,20,2,292,0,2,22,0,24,154,118,42,2,316,64,0,64,380
11/26/2008,BUF,NY,AEA,CE,Combined TRACON& Tower with Radar,146,123,27,0,296,0,0,0,0,0,146,123,27,0,296,46,0,46,342
11/27/2008,BUF,NY,AEA,CE,Combined TRACON& Tower with Radar,95,57,2,0,154,0,2,0,0,2,95,59,2,0,156,56,2,58,214
11/28/2008,BUF,NY,AEA,CE,Combined TRACON& Tower with Radar,107,64,8,0,179,0,1,10,0,11,107,65,18,0,190,76,6,82,272
11/29/2008,BUF,NY,AEA,CE,Combined TRACON& Tower with Radar,123,71,24,0,218,0,1,23,2,26,123,72,47,2,244,36,4,40,284
11/30/2008,BUF,NY,AEA,CE,Combined TRACON& Tower with Radar,128,82,23,0,233,0,0,10,0,10,128,82,33,0,243,66,4,70,313
12/01/2008,BUF,NY,AEA,CE,Combined TRACON& Tower with Radar,144,112,23,10,289,0,2,3,0,5,144,114,26,10,294,0,0,0,294
12/02/2008,BUF,NY,AEA,CE,Combined TRACON& Tower with Radar,152,110,26,2,290,0,1,0,0,1,152,111,26,2,291,78,0,78,369
12/03/2008,BUF,NY,AEA,CE,Combined TRACON& Tower with Radar,148,122,46,0,316,0,2,36,0,38,148,124,82,0,354,74,2,76,430
12/04/2008,BUF,NY,AEA,CE,Combined TRACON& Tower with Radar,146,124,41,6,317,0,4,9,1,14,146,128,50,7,331,21,0,21,352
12/05/2008,BUF,NY,AEA,CE,Combined TRACON& Tower with Radar,136,113,38,8,295,0,1,20,3,24,136,114,58,11,319,20,0,20,339
12/06/2008,BUF,NY,AEA,CE,Combined TRACON& Tower with Radar,125,61,8,0,194,0,4,14,0,18,125,65,22,0,212,46,0,46,258
12/07/2008,BUF,NY,AEA,CE,Combined TRACON& Tower with Radar,120,74,4,0,198,0,4,17,2,23,120,78,21,2,221,10,0,10,231
12/08/2008,BUF,NY,AEA,CE,Combined TRACON& Tower with Radar,136,110,39,0,285,0,6,39,0,45,136,116,78,0,330,14,0,14,344
12/09/2008,BUF,NY,AEA,CE,Combined TRACON& Tower with Radar,136,101,22,0,259,0,0,1,0,1,136,101,23,0,260,20,0,20,280
12/10/2008,BUF,NY,AEA,CE,Combined TRACON& Tower with Radar,142,104,21,0,267,0,1,0,0,1,142,105,21,0,268,34,0,34,302
12/11/2008,BUF,NY,AEA,CE,Combined TRACON& Tower with Radar,151,108,38,0,297,0,7,6,1,14,151,115,44,1,311,30,8,38,349
12/12/2008,BUF,NY,AEA,CE,Combined TRACON& Tower with Radar,147,111,14,0,272,0,0,1,0,1,147,111,15,0,273,49,0,49,322
12/13/2008,BUF,NY,AEA,CE,Combined TRACON& Tower with Radar,128,74,26,2,230,0,0,26,0,26,128,74,52,2,256,94,0,94,350
12/14/2008,BUF,NY,AEA,CE,Combined TRACON& Tower with Radar,122,75,23,0,220,0,0,28,0,28,122,75,51,0,248,43,0,43,291
12/15/2008,BUF,NY,AEA,CE,Combined TRACON& Tower with Radar,134,104,29,2,269,0,0,39,0,39,134,104,68,2,308,24,0,24,332
12/16/2008,BUF,NY,AEA,CE,Combined TRACON& Tower with Radar,131,100,25,1,257,0,4,36,7,47,131,104,61,8,304,87,0,87,391
12/17/2008,BUF,NY,AEA,CE,Combined TRACON& Tower with Radar,145,112,35,2,294,0,8,2,0,10,145,120,37,2,304,46,0,46,350
12/18/2008,BUF,NY,AEA,CE,Combined TRACON& Tower with Radar,144,121,27,4,296,0,4,28,0,32,144,125,55,4,328,34,0,34,362
12/19/2008,BUF,NY,AEA,CE,Combined TRACON& Tower with Radar,108,46,11,0,165,0,0,0,0,0,108,46,11,0,165,8,0,8,173
12/20/2008,BUF,NY,AEA,CE,Combined TRACON& Tower with Radar,128,76,23,0,227,0,0,38,0,38,128,76,61,0,265,20,0,20,285
12/21/2008,BUF,NY,AEA,CE,Combined TRACON& Tower with Radar,56,24,9,0,89,0,2,0,0,2,56,26,9,0,91,0,0,0,91
12/22/2008,BUF,NY,AEA,CE,Combined TRACON& Tower with Radar,132,101,14,0,247,0,0,0,0,0,132,101,14,0,247,57,0,57,304
12/23/2008,BUF,NY,AEA,CE,Combined TRACON& Tower with Radar,158,116,27,0,301,0,0,12,0,12,158,116,39,0,313,57,0,57,370
12/24/2008,BUF,NY,AEA,CE,Combined TRACON& Tower with Radar,125,76,8,0,209,0,4,30,0,34,125,80,38,0,243,16,0,16,259
12/25/2008,BUF,NY,AEA,CE,Combined TRACON& Tower with Radar,113,52,1,0,166,0,2,4,0,6,113,54,5,0,172,0,0,0,172
12/26/2008,BUF,NY,AEA,CE,Combined TRACON& Tower with Radar,136,97,30,0,263,0,11,17,0,28,136,108,47,0,291,51,0,51,342
12/27/2008,BUF,NY,AEA,CE,Combined TRACON& Tower with Radar,145,79,23,0,247,0,10,2,0,12,145,89,25,0,259,50,10,60,319
12/28/2008,BUF,NY,AEA,CE,Combined TRACON& Tower with Radar,115,65,22,0,202,0,0,0,0,0,115,65,22,0,202,52,8,60,262
12/29/2008,BUF,NY,AEA,CE,Combined TRACON& Tower with Radar,149,87,8,6,250,0,6,40,0,46,149,93,48,6,296,82,0,82,378
12/30/2008,BUF,NY,AEA,CE,Combined TRACON& Tower with Radar,139,93,14,0,246,0,2,15,1,18,139,95,29,1,264,60,22,82,346
12/31/2008,BUF,NY,AEA,CE,Combined TRACON& Tower with Radar,115,72,16,0,203,0,0,33,0,33,115,72,49,0,236,17,0,17,253
01/01/2009,BUF,NY,AEA,CE,Combined TRACON& Tower with Radar,117,79,24,0,220,0,4,21,0,25,117,83,45,0,245,28,0,28,273
01/02/2009,BUF,NY,AEA,CE,Combined TRACON& Tower with Radar,140,87,21,2,250,0,10,4,0,14,140,97,25,2,264,17,0,17,281
01/03/2009,BUF,NY,AEA,CE,Combined TRACON& Tower with Radar,125,89,44,0,258,0,7,39,0,46,125,96,83,0,304,44,0,44,348
01/04/2009,BUF,NY,AEA,CE,Combined TRACON& Tower with Radar,140,83,35,0,258,0,3,13,0,16,140,86,48,0,274,32,0,32,306
01/05/2009,BUF,NY,AEA,CE,Combined TRACON& Tower with Radar,131,106,27,4,268,0,6,13,0,19,131,112,40,4,287,0,0,0,287
01/06/2009,BUF,NY,AEA,CE,Combined TRACON& Tower with Radar,138,110,19,7,274,0,1,21,2,24,138,111,40,9,298,64,10,74,372
01/07/2009,BUF,NY,AEA,CE,Combined TRACON& Tower with Radar,132,88,15,0,235,0,0,0,0,0,132,88,15,0,235,68,4,72,307
01/08/2009,BUF,NY,AEA,CE,Combined TRACON& Tower with Radar,149,111,25,0,285,0,0,0,0,0,149,111,25,0,285,0,0,0,285
01/09/2009,BUF,NY,AEA,CE,Combined TRACON& Tower with Radar,140,113,21,3,277,0,8,41,0,49,140,121,62,3,326,25,0,25,351
01/10/2009,BUF,NY,AEA,CE,Combined TRACON& Tower with Radar,126,45,5,1,177,0,0,37,0,37,126,45,42,1,214,15,0,15,229
01/11/2009,BUF,NY,AEA,CE,Combined TRACON& Tower with Radar,116,80,18,2,216,0,6,4,0,10,116,86,22,2,226,47,0,47,273
01/12/2009,BUF,NY,AEA,CE,Combined TRACON& Tower with Radar,130,113,23,0,266,0,3,5,0,8,130,116,28,0,274,66,8,74,348
01/13/2009,BUF,NY,AEA,CE,Combined TRACON& Tower with Radar,132,111,8,0,251,0,1,0,0,1,132,112,8,0,252,0,0,0,252
01/14/2009,BUF,NY,AEA,CE,Combined TRACON& Tower with Radar,137,115,13,0,265,0,1,1,0,2,137,116,14,0,267,66,10,76,343
01/15/2009,BUF,NY,AEA,CE,Combined TRACON& Tower with Radar,131,104,19,8,262,0,2,3,0,5,131,106,22,8,267,34,0,34,301
01/16/2009,BUF,NY,AEA,CE,Combined TRACON& Tower with Radar,142,108,19,0,269,0,3,33,0,36,142,111,52,0,305,29,0,29,334
01/17/2009,BUF,NY,AEA,CE,Combined TRACON& Tower with Radar,121,48,11,0,180,0,1,7,0,8,121,49,18,0,188,0,0,0,188
01/18/2009,BUF,NY,AEA,CE,Combined TRACON& Tower with Radar,113,69,15,0,197,0,0,0,0,0,113,69,15,0,197,20,0,20,217
01/19/2009,BUF,NY,AEA,CE,Combined TRACON& Tower with Radar,126,94,18,0,238,0,4,4,0,8,126,98,22,0,246,60,8,68,314
01/20/2009,BUF,NY,AEA,CE,Combined TRACON& Tower with Radar,139,114,28,0,281,0,2,38,0,40,139,116,66,0,321,22,0,22,343
01/21/2009,BUF,NY,AEA,CE,Combined TRACON& Tower with Radar,135,110,35,2,282,0,1,39,0,40,135,111,74,2,322,26,0,26,348
01/22/2009,BUF,NY,AEA,CE,Combined TRACON& Tower with Radar,136,113,37,2,288,0,0,12,0,12,136,113,49,2,300,46,0,46,346
01/23/2009,BUF,NY,AEA,CE,Combined TRACON& Tower with Radar,132,118,29,4,283,0,6,19,12,37,132,124,48,16,320,44,0,44,364
01/24/2009,BUF,NY,AEA,CE,Combined TRACON& Tower with Radar,123,53,32,0,208,0,5,19,0,24,123,58,51,0,232,22,0,22,254
01/25/2009,BUF,NY,AEA,CE,Combined TRACON& Tower with Radar,115,82,15,0,212,0,3,4,0,7,115,85,19,0,219,70,2,72,291
01/26/2009,BUF,NY,AEA,CE,Combined TRACON& Tower with Radar,132,115,21,0,268,0,9,25,3,37,132,124,46,3,305,0,0,0,305
01/27/2009,BUF,NY,AEA,CE,Combined TRACON& Tower with Radar,131,107,26,12,276,0,8,28,1,37,131,115,54,13,313,70,4,74,387
01/28/2009,BUF,NY,AEA,CE,Combined TRACON& Tower with Radar,118,96,20,0,234,0,0,0,0,0,118,96,20,0,234,4,0,4,238
01/29/2009,BUF,NY,AEA,CE,Combined TRACON& Tower with Radar,142,122,34,2,300,0,4,1,2,7,142,126,35,4,307,9,0,9,316
01/30/2009,BUF,NY,AEA,CE,Combined TRACON& Tower with Radar,147,136,32,0,315,0,1,1,0,2,147,137,33,0,317,23,0,23,340
01/31/2009,BUF,NY,AEA,CE,Combined TRACON& Tower with Radar,121,57,13,0,191,0,2,16,0,18,121,59,29,0,209,74,0,74,283
02/01/2009,BUF,NY,AEA,CE,Combined TRACON& Tower with Radar,117,74,7,0,198,0,1,5,0,6,117,75,12,0,204,0,0,0,204
02/02/2009,BUF,NY,AEA,CE,Combined TRACON& Tower with Radar,138,124,33,0,295,0,4,30,0,34,138,128,63,0,329,56,0,56,385
02/03/2009,BUF,NY,AEA,CE,Combined TRACON& Tower with Radar,125,94,18,0,237,0,1,48,0,49,125,95,66,0,286,40,0,40,326
02/04/2009,BUF,NY,AEA,CE,Combined TRACON& Tower with Radar,143,117,29,0,289,0,1,0,0,1,143,118,29,0,290,46,0,46,336
02/05/2009,BUF,NY,AEA,CE,Combined TRACON& Tower with Radar,143,119,34,0,296,0,2,25,0,27,143,121,59,0,323,66,11,77,400
02/06/2009,BUF,NY,AEA,CE,Combined TRACON& Tower with Radar,138,112,24,7,281,0,10,28,2,40,138,122,52,9,321,102,0,102,423
02/07/2009,BUF,NY,AEA,CE,Combined TRACON& Tower with Radar,122,46,5,1,174,0,5,9,0,14,122,51,14,1,188,0,0,0,188
02/08/2009,BUF,NY,AEA,CE,Combined TRACON& Tower with Radar,116,81,23,5,225,0,4,23,1,28,116,85,46,6,253,64,0,64,317
02/09/2009,BUF,NY,AEA,CE,Combined TRACON& Tower with Radar,137,107,21,0,265,0,4,20,1,25,137,111,41,1,290,56,14,70,360
02/10/2009,BUF,NY,AEA,CE,Combined TRACON& Tower with Radar,139,113,42,10,304,0,4,19,0,23,139,117,61,10,327,64,6,70,397
02/11/2009,BUF,NY,AEA,CE,Combined TRACON& Tower with Radar,143,114,27,2,286,0,3,0,0,3,143,117,27,2,289,56,12,68,357
02/12/2009,BUF,NY,AEA,CE,Combined TRACON& Tower with Radar,132,103,15,0,250,0,0,0,0,0,132,103,15,0,250,0,0,0,250
02/13/2009,BUF,NY,AEA,CE,Combined TRACON& Tower with Radar,148,129,30,0,307,0,1,44,0,45,148,130,74,0,352,67,0,67,419
02/14/2009,BUF,NY,AEA,CE,Combined TRACON& Tower with Radar,120,71,14,0,205,0,2,29,0,31,120,73,43,0,236,73,0,73,309
02/15/2009,BUF,NY,AEA,CE,Combined TRACON& Tower with Radar,127,83,18,0,228,0,5,33,0,38,127,88,51,0,266,61,0,61,327
02/16/2009,BUF,NY,AEA,CE,Combined TRACON& Tower with Radar,133,114,25,0,272,0,5,37,2,44,133,119,62,2,316,48,0,48,364
02/17/2009,BUF,NY,AEA,CE,Combined TRACON& Tower with Radar,135,124,30,11,300,0,2,28,0,30,135,126,58,11,330,78,0,78,408
02/18/2009,BUF,NY,AEA,CE,Combined TRACON& Tower with Radar,132,110,19,10,271,0,0,1,0,1,132,110,20,10,272,27,0,27,299
02/19/2009,BUF,NY,AEA,CE,Combined TRACON& Tower with Radar,145,125,33,0,303,0,0,0,0,0,145,125,33,0,303,58,8,66,369
02/20/2009,BUF,NY,AEA,CE,Combined TRACON& Tower with Radar,143,118,31,2,294,0,1,0,0,1,143,119,31,2,295,76,0,76,371
02/21/2009,BUF,NY,AEA,CE,Combined TRACON& Tower with Radar,123,71,7,14,215,0,5,18,0,23,123,76,25,14,238,71,0,71,309
02/22/2009,BUF,NY,AEA,CE,Combined TRACON& Tower with Radar,125,94,20,0,239,0,0,0,0,0,125,94,20,0,239,18,0,18,257
02/23/2009,BUF,NY,AEA,CE,Combined TRACON& Tower with Radar,137,111,17,7,272,0,8,0,0,8,137,119,17,7,280,70,0,70,350
02/24/2009,BUF,NY,AEA,CE,Combined TRACON& Tower with Radar,137,115,28,17,297,0,8,34,0,42,137,123,62,17,339,96,0,96,435
02/25/2009,BUF,NY,AEA,CE,Combined TRACON& Tower with Radar,138,118,22,5,283,0,5,36,1,42,138,123,58,6,325,72,0,72,397
02/26/2009,BUF,NY,AEA,CE,Combined TRACON& Tower with Radar,130,130,16,2,278,0,6,11,2,19,130,136,27,4,297,72,0,72,369
02/27/2009,BUF,NY,AEA,CE,Combined TRACON& Tower with Radar,132,129,20,0,281,0,0,0,0,0,132,129,20,0,281,46,0,46,327
02/28/2009,BUF,NY,AEA,CE,Combined TRACON& Tower with Radar,119,73,9,0,201,0,4,55,0,59,119,77,64,0,260,35,0,35,295
03/01/2009,BUF,NY,AEA,CE,Combined TRACON& Tower with Radar,106,81,10,1,198,0,1,10,0,11,106,82,20,1,209,61,0,61,270
03/02/2009,BUF,NY,AEA,CE,Combined TRACON& Tower with Radar,112,73,14,0,199,0,6,30,0,36,112,79,44,0,235,46,2,48,283
03/03/2009,BUF,NY,AEA,CE,Combined TRACON& Tower with Radar,137,109,17,2,265,0,3,35,3,41,137,112,52,5,306,80,10,90,396
03/04/2009,BUF,NY,AEA,CE,Combined TRACON& Tower with Radar,138,109,39,2,288,0,4,22,0,26,138,113,61,2,314,63,0,63,377
03/05/2009,BUF,NY,AEA,CE,Combined TRACON& Tower with Radar,136,110,18,0,264,0,21,34,0,55,136,131,52,0,319,76,10,86,405
03/06/2009,BUF,NY,AEA,CE,Combined TRACON& Tower with Radar,145,115,18,0,278,0,2,6,0,8,145,117,24,0,286,74,6,80,366
03/07/2009,BUF,NY,AEA,CE,Combined TRACON& Tower with Radar,123,72,19,0,214,0,0,8,0,8,123,72,27,0,222,0,0,0,222
03/08/2009,BUF,NY,AEA,CE,Combined TRACON& Tower with Radar,136,69,10,0,215,0,0,0,0,0,136,69,10,0,215,0,0,0,215
03/09/2009,BUF,NY,AEA,CE,Combined TRACON& Tower with Radar,133,108,18,1,260,0,0,40,9,49,133,108,58,10,309,39,0,39,348
03/10/2009,BUF,NY,AEA,CE,Combined TRACON& Tower with Radar,138,127,23,5,293,0,3,36,0,39,138,130,59,5,332,25,0,25,357
03/11/2009,BUF,NY,AEA,CE,Combined TRACON& Tower with Radar,140,117,18,2,277,0,7,30,0,37,140,124,48,2,314,23,0,23,337
03/12/2009,BUF,NY,AEA,CE,Combined TRACON& Tower with Radar,141,110,16,1,268,0,6,38,8,52,141,116,54,9,320,54,0,54,374
03/13/2009,BUF,NY,AEA,CE,Combined TRACON& Tower with Radar,144,130,35,0,309,0,6,32,0,38,144,136,67,0,347,55,0,55,402
03/14/2009,BUF,NY,AEA,CE,Combined TRACON& Tower with Radar,121,74,28,9,232,0,8,65,0,73,121,82,93,9,305,91,0,91,396
03/15/2009,BUF,NY,AEA,CE,Combined TRACON& Tower with Radar,130,80,14,0,224,0,11,31,0,42,130,91,45,0,266,66,12,78,344
03/16/2009,BUF,NY,AEA,CE,Combined TRACON& Tower with Radar,138,107,21,0,266,0,16,24,0,40,138,123,45,0,306,62,2,64,370
03/17/2009,BUF,NY,AEA,CE,Combined TRACON& Tower with Radar,140,122,42,0,304,0,15,29,1,45,140,137,71,1,349,56,0,56,405
03/18/2009,BUF,NY,AEA,CE,Combined TRACON& Tower with Radar,139,117,23,2,281,0,3,3,0,6,139,120,26,2,287,0,0,0,287
03/19/2009,BUF,NY,AEA,CE,Combined TRACON& Tower with Radar,135,116,29,4,284,0,5,14,0,19,135,121,43,4,303,66,0,66,369
03/20/2009,BUF,NY,AEA,CE,Combined TRACON& Tower with Radar,136,115,19,0,270,0,4,74,0,78,136,119,93,0,348,25,0,25,373
03/21/2009,BUF,NY,AEA,CE,Combined TRACON& Tower with Radar,119,67,16,0,202,0,11,60,0,71,119,78,76,0,273,29,0,29,302
03/22/2009,BUF,NY,AEA,CE,Combined TRACON& Tower with Radar,138,85,14,6,243,0,6,19,0,25,138,91,33,6,268,64,0,64,332
03/23/2009,BUF,NY,AEA,CE,Combined TRACON& Tower with Radar,135,108,15,0,258,0,3,33,0,36,135,111,48,0,294,59,0,59,353
03/24/2009,BUF,NY,AEA,CE,Combined TRACON& Tower with Radar,149,125,55,0,329,0,3,35,2,40,149,128,90,2,369,55,0,55,424
03/25/2009,BUF,NY,AEA,CE,Combined TRACON& Tower with Radar,134,117,29,0,280,0,8,30,1,39,134,125,59,1,319,64,16,80,399
03/26/2009,BUF,NY,AEA,CE,Combined TRACON& Tower with Radar,131,110,30,0,271,0,3,3,0,6,131,113,33,0,277,83,22,105,382
03/27/2009,BUF,NY,AEA,CE,Combined TRACON& Tower with Radar,139,117,36,2,294,0,1,31,0,32,139,118,67,2,326,87,0,87,413
03/28/2009,BUF,NY,AEA,CE,Combined TRACON& Tower with Radar,115,66,21,2,204,0,9,32,0,41,115,75,53,2,245,63,0,63,308
03/29/2009,BUF,NY,AEA,CE,Combined TRACON& Tower with Radar,127,73,34,0,234,0,2,7,0,9,127,75,41,0,243,34,0,34,277
03/30/2009,BUF,NY,AEA,CE,Combined TRACON& Tower with Radar,141,112,18,2,273,0,1,4,0,5,141,113,22,2,278,65,3,68,346
03/31/2009,BUF,NY,AEA,CE,Combined TRACON& Tower with Radar,141,112,29,1,283,0,8,51,2,61,141,120,80,3,344,58,0,58,402
04/01/2009,BUF,NY,AEA,CE,Combined TRACON& Tower with Radar,136,114,17,2,269,0,13,13,2,28,136,127,30,4,297,76,20,96,393
04/02/2009,BUF,NY,AEA,CE,Combined TRACON& Tower with Radar,137,107,29,2,275,0,13,67,0,80,137,120,96,2,355,36,0,36,391
04/03/2009,BUF,NY,AEA,CE,Combined TRACON& Tower with Radar,129,112,16,0,257,0,8,0,0,8,129,120,16,0,265,72,8,80,345
04/04/2009,BUF,NY,AEA,CE,Combined TRACON& Tower with Radar,123,59,16,0,198,0,1,1,0,2,123,60,17,0,200,0,0,0,200
04/05/2009,BUF,NY,AEA,CE,Combined TRACON& Tower with Radar,129,83,28,0,240,0,3,35,0,38,129,86,63,0,278,63,0,63,341
04/06/2009,BUF,NY,AEA,CE,Combined TRACON& Tower with Radar,130,90,16,0,236,0,1,6,2,9,130,91,22,2,245,0,0,0,245
04/07/2009,BUF,NY,AEA,CE,Combined TRACON& Tower with Radar,141,110,17,0,268,0,0,4,0,4,141,110,21,0,272,59,0,59,331
04/08/2009,BUF,NY,AEA,CE,Combined TRACON& Tower with Radar,140,114,26,0,280,0,8,20,1,29,140,122,46,1,309,71,0,71,380
04/09/2009,BUF,NY,AEA,CE,Combined TRACON& Tower with Radar,140,111,30,0,281,0,7,35,0,42,140,118,65,0,323,0,0,0,323
04/10/2009,BUF,NY,AEA,CE,Combined TRACON& Tower with Radar,141,99,23,0,263,0,3,33,0,36,141,102,56,0,299,0,0,0,299
04/11/2009,BUF,NY,AEA,CE,Combined TRACON& Tower with Radar,133,70,31,0,234,0,6,63,0,69,133,76,94,0,303,42,0,42,345
04/12/2009,BUF,NY,AEA,CE,Combined TRACON& Tower with Radar,121,79,10,0,210,0,1,63,0,64,121,80,73,0,274,40,0,40,314
04/13/2009,BUF,NY,AEA,CE,Combined TRACON& Tower with Radar,131,99,22,0,252,0,6,28,1,35,131,105,50,1,287,64,16,80,367
04/14/2009,BUF,NY,AEA,CE,Combined TRACON& Tower with Radar,136,106,23,0,265,0,18,26,0,44,136,124,49,0,309,74,10,84,393
04/15/2009,BUF,NY,AEA,CE,Combined TRACON& Tower with Radar,137,99,26,2,264,0,3,42,4,49,137,102,68,6,313,78,12,90,403
04/16/2009,BUF,NY,AEA,CE,Combined TRACON& Tower with Radar,139,101,15,1,256,0,10,54,0,64,139,111,69,1,320,54,0,54,374
04/17/2009,BUF,NY,AEA,CE,Combined TRACON& Tower with Radar,137,112,22,1,272,0,17,54,1,72,137,129,76,2,344,68,0,68,412
04/18/2009,BUF,NY,AEA,CE,Combined TRACON& Tower with Radar,123,61,13,2,199,0,15,47,0,62,123,76,60,2,261,80,8,88,349
04/19/2009,BUF,NY,AEA,CE,Combined TRACON& Tower with Radar,122,79,35,0,236,0,9,23,0,32,122,88,58,0,268,72,8,80,348
04/20/2009,BUF,NY,AEA,CE,Combined TRACON& Tower with Radar,126,94,16,0,236,0,0,0,0,0,126,94,16,0,236,62,6,68,304
04/21/2009,BUF,NY,AEA,CE,Combined TRACON& Tower with Radar,134,95,25,2,256,0,1,60,0,61,134,96,85,2,317,33,0,33,350
04/22/2009,BUF,NY,AEA,CE,Combined TRACON& Tower with Radar,133,100,47,0,280,0,0,45,0,45,133,100,92,0,325,28,0,28,353
04/23/2009,BUF,NY,AEA,CE,Combined TRACON& Tower with Radar,152,121,42,9,324,0,11,21,0,32,152,132,63,9,356,62,0,62,418
04/24/2009,BUF,NY,AEA,CE,Combined TRACON& Tower with Radar,146,142,57,4,349,0,7,43,0,50,146,149,100,4,399,70,0,70,469
04/25/2009,BUF,NY,AEA,CE,Combined TRACON& Tower with Radar,126,74,7,0,207,0,13,2,0,15,126,87,9,0,222,68,0,68,290
04/26/2009,BUF,NY,AEA,CE,Combined TRACON& Tower with Radar,130,76,15,4,225,0,5,9,0,14,130,81,24,4,239,62,0,62,301
04/27/2009,BUF,NY,AEA,CE,Combined TRACON& Tower with Radar,148,120,29,0,297,0,10,19,0,29,148,130,48,0,326,56,0,56,382
04/28/2009,BUF,NY,AEA,CE,Combined TRACON& Tower with Radar,145,103,31,0,279,0,1,7,0,8,145,104,38,0,287,79,0,79,366
04/29/2009,BUF,NY,AEA,CE,Combined TRACON& Tower with Radar,136,103,24,5,268,0,6,38,0,44,136,109,62,5,312,88,0,88,400
04/30/2009,BUF,NY,AEA,CE,Combined TRACON& Tower with Radar,137,103,29,2,271,0,5,15,0,20,137,108,44,2,291,40,0,40,331
05/01/2009,BUF,NY,AEA,CE,Combined TRACON& Tower with Radar,143,107,29,0,279,0,0,1,2,3,143,107,30,2,282,0,0,0,282
05/02/2009,BUF,NY,AEA,CE,Combined TRACON& Tower with Radar,126,60,11,0,197,0,16,36,0,52,126,76,47,0,249,36,0,36,285
05/03/2009,BUF,NY,AEA,CE,Combined TRACON& Tower with Radar,130,77,27,7,241,0,3,26,2,31,130,80,53,9,272,73,0,73,345
05/04/2009,BUF,NY,AEA,CE,Combined TRACON& Tower with Radar,138,99,35,6,278,0,2,31,0,33,138,101,66,6,311,74,0,74,385
05/05/2009,BUF,NY,AEA,CE,Combined TRACON& Tower with Radar,154,122,58,0,334,0,5,44,0,49,154,127,102,0,383,70,0,70,453
05/06/2009,BUF,NY,AEA,CE,Combined TRACON& Tower with Radar,137,100,37,5,279,0,9,20,1,30,137,109,57,6,309,81,0,81,390
05/07/2009,BUF,NY,AEA,CE,Combined TRACON& Tower with Radar,145,97,32,16,290,0,7,5,0,12,145,104,37,16,302,83,3,86,388
05/08/2009,BUF,NY,AEA,CE,Combined TRACON& Tower with Radar,150,100,23,5,278,0,7,23,0,30,150,107,46,5,308,78,0,78,386
05/09/2009,BUF,NY,AEA,CE,Combined TRACON& Tower with Radar,123,58,11,0,192,0,7,17,0,24,123,65,28,0,216,44,0,44,260
05/10/2009,BUF,NY,AEA,CE,Combined TRACON& Tower with Radar,130,75,18,0,223,0,3,11,0,14,130,78,29,0,237,72,18,90,327
05/11/2009,BUF,NY,AEA,CE,Combined TRACON& Tower with Radar,140,99,32,0,271,0,12,25,0,37,140,111,57,0,308,48,0,48,356
05/12/2009,BUF,NY,AEA,CE,Combined TRACON& Tower with Radar,132,102,33,1,268,0,4,73,3,80,132,106,106,4,348,29,0,29,377
05/13/2009,BUF,NY,AEA,CE,Combined TRACON& Tower with Radar,135,103,30,6,274,0,17,33,0,50,135,120,63,6,324,79,0,79,403
05/14/2009,BUF,NY,AEA,CE,Combined TRACON& Tower with Radar,139,97,15,4,255,0,5,5,0,10,139,102,20,4,265,19,0,19,284
05/15/2009,BUF,NY,AEA,CE,Combined TRACON& Tower with Radar,162,129,60,0,351,0,16,73,2,91,162,145,133,2,442,74,0,74,516
05/16/2009,BUF,NY,AEA,CE,Combined TRACON& Tower with Radar,124,63,19,0,206,0,1,15,0,16,124,64,34,0,222,29,0,29,251
05/17/2009,BUF,NY,AEA,CE,Combined TRACON& Tower with Radar,131,82,19,0,232,0,2,24,0,26,131,84,43,0,258,72,10,82,340
05/18/2009,BUF,NY,AEA,CE,Combined TRACON& Tower with Radar,168,131,68,2,369,0,7,55,0,62,168,138,123,2,431,104,0,104,535
05/19/2009,BUF,NY,AEA,CE,Combined TRACON& Tower with Radar,136,107,33,2,278,0,15,21,0,36,136,122,54,2,314,107,0,107,421
05/20/2009,BUF,NY,AEA,CE,Combined TRACON& Tower with Radar,140,99,39,16,294,0,12,30,1,43,140,111,69,17,337,78,0,78,415
05/21/2009,BUF,NY,AEA,CE,Combined TRACON& Tower with Radar,145,100,33,4,282,0,8,71,0,79,145,108,104,4,361,32,0,32,393
05/22/2009,BUF,NY,AEA,CE,Combined TRACON& Tower with Radar,140,112,39,3,294,0,9,65,0,74,140,121,104,3,368,29,0,29,397
05/23/2009,BUF,NY,AEA,CE,Combined TRACON& Tower with Radar,121,62,37,0,220,0,15,87,0,102,121,77,124,0,322,36,0,36,358
05/24/2009,BUF,NY,AEA,CE,Combined TRACON& Tower with Radar,120,57,27,1,205,0,12,29,0,41,120,69,56,1,246,77,0,77,323
05/25/2009,BUF,NY,AEA,CE,Combined TRACON& Tower with Radar,135,83,18,0,236,0,6,26,0,32,135,89,44,0,268,98,0,98,366
05/26/2009,BUF,NY,AEA,CE,Combined TRACON& Tower with Radar,139,95,25,0,259,0,7,51,0,58,139,102,76,0,317,26,0,26,343
05/27/2009,BUF,NY,AEA,CE,Combined TRACON& Tower with Radar,139,104,19,13,275,0,8,41,3,52,139,112,60,16,327,31,0,31,358
05/28/2009,BUF,NY,AEA,CE,Combined TRACON& Tower with Radar,155,124,56,6,341,0,0,18,0,18,155,124,74,6,359,45,10,55,414
05/29/2009,BUF,NY,AEA,CE,Combined TRACON& Tower with Radar,142,117,41,1,301,0,6,50,3,59,142,123,91,4,360,29,0,29,389
05/30/2009,BUF,NY,AEA,CE,Combined TRACON& Tower with Radar,121,67,23,0,211,0,7,31,0,38,121,74,54,0,249,88,14,102,351
05/31/2009,BUF,NY,AEA,CE,Combined TRACON& Tower with Radar,155,114,49,2,320,0,10,35,0,45,155,124,84,2,365,94,0,94,459
06/01/2009,BUF,NY,AEA,CE,Combined TRACON& Tower with Radar,140,107,22,0,269,0,3,20,0,23,140,110,42,0,292,46,0,46,338
06/02/2009,BUF,NY,AEA,CE,Combined TRACON& Tower with Radar,137,106,38,0,281,0,8,19,1,28,137,114,57,1,309,58,0,58,367
06/03/2009,BUF,NY,AEA,CE,Combined TRACON& Tower with Radar,134,96,31,1,262,0,15,31,0,46,134,111,62,1,308,74,20,94,402
06/04/2009,BUF,NY,AEA,CE,Combined TRACON& Tower with Radar,142,117,32,0,291,0,4,75,0,79,142,121,107,0,370,38,0,38,408
06/05/2009,BUF,NY,AEA,CE,Combined TRACON& Tower with Radar,153,115,41,2,311,0,18,40,0,58,153,133,81,2,369,116,0,116,485
06/06/2009,BUF,NY,AEA,CE,Combined TRACON& Tower with Radar,131,100,69,0,300,0,6,105,2,113,131,106,174,2,413,105,0,105,518
06/07/2009,BUF,NY,AEA,CE,Combined TRACON& Tower with Radar,131,87,19,0,237,0,10,32,2,44,131,97,51,2,281,82,12,94,375
06/08/2009,BUF,NY,AEA,CE,Combined TRACON& Tower with Radar,143,102,28,0,273,0,7,13,0,20,143,109,41,0,293,36,0,36,329
06/09/2009,BUF,NY,AEA,CE,Combined TRACON& Tower with Radar,133,97,34,14,278,0,4,21,0,25,133,101,55,14,303,48,14,62,365
06/10/2009,BUF,NY,AEA,CE,Combined TRACON& Tower with Radar,153,103,41,8,305,0,8,23,0,31,153,111,64,8,336,54,6,60,396
06/11/2009,BUF,NY,AEA,CE,Combined TRACON& Tower with Radar,144,94,31,27,296,0,7,19,0,26,144,101,50,27,322,91,15,106,428
06/12/2009,BUF,NY,AEA,CE,Combined TRACON& Tower with Radar,148,109,38,0,295,0,5,20,0,25,148,114,58,0,320,93,0,93,413
06/13/2009,BUF,NY,AEA,CE,Combined TRACON& Tower with Radar,122,63,24,4,213,0,11,37,1,49,122,74,61,5,262,106,20,126,388
06/14/2009,BUF,NY,AEA,CE,Combined TRACON& Tower with Radar,131,84,38,2,255,0,8,78,2,88,131,92,116,4,343,33,0,33,376
06/15/2009,BUF,NY,AEA,CE,Combined TRACON& Tower with Radar,137,91,25,0,253,0,9,32,2,43,137,100,57,2,296,50,0,50,346
06/16/2009,BUF,NY,AEA,CE,Combined TRACON& Tower with Radar,156,130,77,6,369,0,11,56,0,67,156,141,133,6,436,94,8,102,538
06/17/2009,BUF,NY,AEA,CE,Combined TRACON& Tower with Radar,147,111,50,6,314,0,6,16,0,22,147,117,66,6,336,82,10,92,428
06/18/2009,BUF,NY,AEA,CE,Combined TRACON& Tower with Radar,139,97,45,0,281,0,0,2,0,2,139,97,47,0,283,13,0,13,296
06/19/2009,BUF,NY,AEA,CE,Combined TRACON& Tower with Radar,142,98,45,0,285,0,17,9,0,26,142,115,54,0,311,84,16,100,411
06/20/2009,BUF,NY,AEA,CE,Combined TRACON& Tower with Radar,120,73,12,0,205,0,0,0,0,0,120,73,12,0,205,0,0,0,205
06/21/2009,BUF,NY,AEA,CE,Combined TRACON& Tower with Radar,125,84,34,2,245,0,7,17,0,24,125,91,51,2,269,72,0,72,341
06/22/2009,BUF,NY,AEA,CE,Combined TRACON& Tower with Radar,137,97,32,1,267,0,10,23,0,33,137,107,55,1,300,46,0,46,346
06/23/2009,BUF,NY,AEA,CE,Combined TRACON& Tower with Radar,146,109,40,0,295,0,9,44,0,53,146,118,84,0,348,64,0,64,412
06/24/2009,BUF,NY,AEA,CE,Combined TRACON& Tower with Radar,139,106,21,4,270,0,15,56,2,73,139,121,77,6,343,88,2,90,433
06/25/2009,BUF,NY,AEA,CE,Combined TRACON& Tower with Radar,141,107,41,2,291,0,8,53,0,61,141,115,94,2,352,26,0,26,378
06/26/2009,BUF,NY,AEA,CE,Combined TRACON& Tower with Radar,144,110,12,0,266,0,4,48,0,52,144,114,60,0,318,29,0,29,347
06/27/2009,BUF,NY,AEA,CE,Combined TRACON& Tower with Radar,140,92,66,2,300,0,9,81,2,92,140,101,147,4,392,98,4,102,494
06/28/2009,BUF,NY,AEA,CE,Combined TRACON& Tower with Radar,137,106,38,0,281,0,8,15,1,24,137,114,53,1,305,48,0,48,353
06/29/2009,BUF,NY,AEA,CE,Combined TRACON& Tower with Radar,147,99,17,2,265,0,7,17,2,26,147,106,34,4,291,48,0,48,339
06/30/2009,BUF,NY,AEA,CE,Combined TRACON& Tower with Radar,139,92,41,3,275,0,11,11,0,22,139,103,52,3,297,81,3,84,381
07/01/2009,BUF,NY,AEA,CE,Combined TRACON& Tower with Radar,138,105,29,1,273,0,2,11,1,14,138,107,40,2,287,71,0,71,358
07/02/2009,BUF,NY,AEA,CE,Combined TRACON& Tower with Radar,137,94,31,0,262,0,0,38,0,38,137,94,69,0,300,32,0,32,332
07/03/2009,BUF,NY,AEA,CE,Combined TRACON& Tower with Radar,138,87,28,0,253,0,2,9,0,11,138,89,37,0,264,84,12,96,360
07/04/2009,BUF,NY,AEA,CE,Combined TRACON& Tower with Radar,107,58,13,0,178,0,18,64,0,82,107,76,77,0,260,29,0,29,289
07/05/2009,BUF,NY,AEA,CE,Combined TRACON& Tower with Radar,130,94,26,0,250,0,17,35,0,52,130,111,61,0,302,60,0,60,362
07/06/2009,BUF,NY,AEA,CE,Combined TRACON& Tower with Radar,140,102,39,2,283,0,13,18,2,33,140,115,57,4,316,88,18,106,422
07/07/2009,BUF,NY,AEA,CE,Combined TRACON& Tower with Radar,145,114,42,0,301,0,5,34,0,39,145,119,76,0,340,90,22,112,452
07/08/2009,BUF,NY,AEA,CE,Combined TRACON& Tower with Radar,147,124,62,4,337,0,10,43,4,57,147,134,105,8,394,104,0,104,498
07/09/2009,BUF,NY,AEA,CE,Combined TRACON& Tower with Radar,154,141,79,2,376,0,14,110,9,133,154,155,189,11,509,130,0,130,639
07/10/2009,BUF,NY,AEA,CE,Combined TRACON& Tower with Radar,147,111,31,0,289,0,7,32,0,39,147,118,63,0,328,72,2,74,402
07/11/2009,BUF,NY,AEA,CE,Combined TRACON& Tower with Radar,128,69,11,0,208,0,4,5,2,11,128,73,16,2,219,82,18,100,319
07/12/2009,BUF,NY,AEA,CE,Combined TRACON& Tower with Radar,125,91,20,0,236,0,18,39,2,59,125,109,59,2,295,78,18,96,391
07/13/2009,BUF,NY,AEA,CE,Combined TRACON& Tower with Radar,151,129,57,4,341,0,4,61,0,65,151,133,118,4,406,124,0,124,530
07/14/2009,BUF,NY,AEA,CE,Combined TRACON& Tower with Radar,143,117,34,1,295,0,16,69,0,85,143,133,103,1,380,97,0,97,477
07/15/2009,BUF,NY,AEA,CE,Combined TRACON& Tower with Radar,139,110,39,2,290,0,6,49,0,55,139,116,88,2,345,45,0,45,390
07/16/2009,BUF,NY,AEA,CE,Combined TRACON& Tower with Radar,146,123,38,1,308,0,10,9,5,24,146,133,47,6,332,104,0,104,436
07/17/2009,BUF,NY,AEA,CE,Combined TRACON& Tower with Radar,142,111,18,0,271,0,6,48,6,60,142,117,66,6,331,31,0,31,362
07/18/2009,BUF,NY,AEA,CE,Combined TRACON& Tower with Radar,125,72,20,2,219,0,11,29,0,40,125,83,49,2,259,78,16,94,353
07/19/2009,BUF,NY,AEA,CE,Combined TRACON& Tower with Radar,129,90,26,0,245,0,16,51,0,67,129,106,77,0,312,42,0,42,354
07/20/2009,BUF,NY,AEA,CE,Combined TRACON& Tower with Radar,141,107,31,0,279,0,6,28,0,34,141,113,59,0,313,60,3,63,376
07/21/2009,BUF,NY,AEA,CE,Combined TRACON& Tower with Radar,141,131,43,8,323,0,5,7,0,12,141,136,50,8,335,36,0,36,371
07/22/2009,BUF,NY,AEA,CE,Combined TRACON& Tower with Radar,147,126,76,5,354,0,6,37,1,44,147,132,113,6,398,70,12,82,480
07/23/2009,BUF,NY,AEA,CE,Combined TRACON& Tower with Radar,141,108,20,0,269,0,7,42,0,49,141,115,62,0,318,40,0,40,358
07/24/2009,BUF,NY,AEA,CE,Combined TRACON& Tower with Radar,144,110,27,1,282,0,5,59,1,65,144,115,86,2,347,39,0,39,386
07/25/2009,BUF,NY,AEA,CE,Combined TRACON& Tower with Radar,132,80,27,0,239,0,3,30,0,33,132,83,57,0,272,72,16,88,360
07/26/2009,BUF,NY,AEA,CE,Combined TRACON& Tower with Radar,125,109,42,3,279,0,6,58,0,64,125,115,100,3,343,71,0,71,414
07/27/2009,BUF,NY,AEA,CE,Combined TRACON& Tower with Radar,158,124,68,0,350,0,5,48,0,53,158,129,116,0,403,78,0,78,481
07/28/2009,BUF,NY,AEA,CE,Combined TRACON& Tower with Radar,147,136,56,6,345,0,6,62,0,68,147,142,118,6,413,96,0,96,509
07/29/2009,BUF,NY,AEA,CE,Combined TRACON& Tower with Radar,139,124,61,10,334,0,3,36,0,39,139,127,97,10,373,102,0,102,475
07/30/2009,BUF,NY,AEA,CE,Combined TRACON& Tower with Radar,147,112,42,4,305,0,14,56,1,71,147,126,98,5,376,94,0,94,470
07/31/2009,BUF,NY,AEA,CE,Combined TRACON& Tower with Radar,131,106,33,0,270,0,8,42,4,54,131,114,75,4,324,81,0,81,405
08/01/2009,BUF,NY,AEA,CE,Combined TRACON& Tower with Radar,134,78,23,0,235,0,13,32,2,47,134,91,55,2,282,84,0,84,366
08/02/2009,BUF,NY,AEA,CE,Combined TRACON& Tower with Radar,122,87,24,1,234,0,6,5,0,11,122,93,29,1,245,0,0,0,245
08/03/2009,BUF,NY,AEA,CE,Combined TRACON& Tower with Radar,141,106,31,0,278,0,6,43,0,49,141,112,74,0,327,68,0,68,395
08/04/2009,BUF,NY,AEA,CE,Combined TRACON& Tower with Radar,140,103,24,3,270,0,7,37,2,46,140,110,61,5,316,83,0,83,399
08/05/2009,BUF,NY,AEA,CE,Combined TRACON& Tower with Radar,140,114,27,0,281,0,7,37,1,45,140,121,64,1,326,72,18,90,416
08/06/2009,BUF,NY,AEA,CE,Combined TRACON& Tower with Radar,145,115,21,4,285,0,11,90,0,101,145,126,111,4,386,45,2,47,433
08/07/2009,BUF,NY,AEA,CE,Combined TRACON& Tower with Radar,142,110,28,7,287,0,2,53,2,57,142,112,81,9,344,94,22,116,460
08/08/2009,BUF,NY,AEA,CE,Combined TRACON& Tower with Radar,137,84,31,0,252,0,4,80,0,84,137,88,111,0,336,82,0,82,418
08/09/2009,BUF,NY,AEA,CE,Combined TRACON& Tower with Radar,125,82,36,1,244,0,10,4,0,14,125,92,40,1,258,67,0,67,325
08/10/2009,BUF,NY,AEA,CE,Combined TRACON& Tower with Radar,148,105,37,0,290,0,6,5,0,11,148,111,42,0,301,0,0,0,301
08/11/2009,BUF,NY,AEA,CE,Combined TRACON& Tower with Radar,139,105,23,3,270,0,4,27,2,33,139,109,50,5,303,70,8,78,381
08/12/2009,BUF,NY,AEA,CE,Combined TRACON& Tower with Radar,149,112,38,2,301,0,5,9,0,14,149,117,47,2,315,90,24,114,429
08/13/2009,BUF,NY,AEA,CE,Combined TRACON& Tower with Radar,141,115,39,2,297,0,10,89,2,101,141,125,128,4,398,49,0,49,447
08/14/2009,BUF,NY,AEA,CE,Combined TRACON& Tower with Radar,145,128,37,0,310,0,18,47,0,65,145,146,84,0,375,84,20,104,479
08/15/2009,BUF,NY,AEA,CE,Combined TRACON& Tower with Radar,125,70,18,1,214,0,2,82,0,84,125,72,100,1,298,46,0,46,344
08/16/2009,BUF,NY,AEA,CE,Combined TRACON& Tower with Radar,127,96,23,0,246,0,4,17,0,21,127,100,40,0,267,68,18,86,353
08/17/2009,BUF,NY,AEA,CE,Combined TRACON& Tower with Radar,139,111,26,1,277,0,7,26,2,35,139,118,52,3,312,86,22,108,420
08/18/2009,BUF,NY,AEA,CE,Combined TRACON& Tower with Radar,135,114,35,0,284,0,6,10,0,16,135,120,45,0,300,76,6,82,382
08/19/2009,BUF,NY,AEA,CE,Combined TRACON& Tower with Radar,135,105,50,0,290,0,4,78,0,82,135,109,128,0,372,51,0,51,423
08/20/2009,BUF,NY,AEA,CE,Combined TRACON& Tower with Radar,146,109,28,4,287,0,12,44,0,56,146,121,72,4,343,36,0,36,379
08/21/2009,BUF,NY,AEA,CE,Combined TRACON& Tower with Radar,134,97,24,2,257,0,4,12,1,17,134,101,36,3,274,42,2,44,318
08/22/2009,BUF,NY,AEA,CE,Combined TRACON& Tower with Radar,124,83,29,0,236,0,3,26,2,31,124,86,55,2,267,82,24,106,373
08/23/2009,BUF,NY,AEA,CE,Combined TRACON& Tower with Radar,122,92,28,0,242,0,4,4,0,8,122,96,32,0,250,10,0,10,260
08/24/2009,BUF,NY,AEA,CE,Combined TRACON& Tower with Radar,140,98,42,0,280,0,11,20,0,31,140,109,62,0,311,64,0,64,375
08/25/2009,BUF,NY,AEA,CE,Combined TRACON& Tower with Radar,140,104,36,4,284,0,12,41,1,54,140,116,77,5,338,70,20,90,428
08/26/2009,BUF,NY,AEA,CE,Combined TRACON& Tower with Radar,137,119,44,4,304,0,3,10,0,13,137,122,54,4,317,84,0,84,401
08/27/2009,BUF,NY,AEA,CE,Combined TRACON& Tower with Radar,144,151,74,1,370,0,9,71,7,87,144,160,145,8,457,90,0,90,547
08/28/2009,BUF,NY,AEA,CE,Combined TRACON& Tower with Radar,137,122,63,0,322,0,8,29,0,37,137,130,92,0,359,70,0,70,429
08/29/2009,BUF,NY,AEA,CE,Combined TRACON& Tower with Radar,117,67,16,0,200,0,2,46,3,51,117,69,62,3,251,45,0,45,296
08/30/2009,BUF,NY,AEA,CE,Combined TRACON& Tower with Radar,125,92,21,0,238,0,4,60,1,65,125,96,81,1,303,52,0,52,355
08/31/2009,BUF,NY,AEA,CE,Combined TRACON& Tower with Radar,131,103,37,0,271,0,0,32,3,35,131,103,69,3,306,58,0,58,364
09/01/2009,BUF,NY,AEA,CE,Combined TRACON& Tower with Radar,143,130,40,10,323,0,16,75,0,91,143,146,115,10,414,80,18,98,512
09/02/2009,BUF,NY,AEA,CE,Combined TRACON& Tower with Radar,147,124,55,24,350,0,2,72,0,74,147,126,127,24,424,86,4,90,514
09/03/2009,BUF,NY,AEA,CE,Combined TRACON& Tower with Radar,143,142,69,14,368,0,10,79,0,89,143,152,148,14,457,112,0,112,569
09/04/2009,BUF,NY,AEA,CE,Combined TRACON& Tower with Radar,137,119,20,0,276,0,10,44,0,54,137,129,64,0,330,92,22,114,444
09/05/2009,BUF,NY,AEA,CE,Combined TRACON& Tower with Radar,115,71,27,2,215,0,11,45,0,56,115,82,72,2,271,106,0,106,377
09/06/2009,BUF,NY,AEA,CE,Combined TRACON& Tower with Radar,127,71,18,2,218,0,23,28,2,53,127,94,46,4,271,78,20,98,369
09/07/2009,BUF,NY,AEA,CE,Combined TRACON& Tower with Radar,132,108,51,0,291,0,8,66,0,74,132,116,117,0,365,92,0,92,457
09/08/2009,BUF,NY,AEA,CE,Combined TRACON& Tower with Radar,134,117,26,0,277,0,13,26,0,39,134,130,52,0,316,78,0,78,394
09/09/2009,BUF,NY,AEA,CE,Combined TRACON& Tower with Radar,135,130,69,0,334,0,5,61,4,70,135,135,130,4,404,88,0,88,492
09/10/2009,BUF,NY,AEA,CE,Combined TRACON& Tower with Radar,132,129,57,2,320,0,15,99,0,114,132,144,156,2,434,96,0,96,530
09/11/2009,BUF,NY,AEA,CE,Combined TRACON& Tower with Radar,128,98,45,2,273,0,6,15,0,21,128,104,60,2,294,78,0,78,372
09/12/2009,BUF,NY,AEA,CE,Combined TRACON& Tower with Radar,103,77,24,0,204,0,8,79,0,87,103,85,103,0,291,45,0,45,336
09/13/2009,BUF,NY,AEA,CE,Combined TRACON& Tower with Radar,125,86,32,0,243,0,7,24,0,31,125,93,56,0,274,88,18,106,380
09/14/2009,BUF,NY,AEA,CE,Combined TRACON& Tower with Radar,127,107,23,0,257,0,2,18,0,20,127,109,41,0,277,60,0,60,337
09/15/2009,BUF,NY,AEA,CE,Combined TRACON& Tower with Radar,132,120,37,0,289,0,4,16,1,21,132,124,53,1,310,98,0,98,408
09/16/2009,BUF,NY,AEA,CE,Combined TRACON& Tower with Radar,125,101,38,0,264,0,3,37,1,41,125,104,75,1,305,40,0,40,345
09/17/2009,BUF,NY,AEA,CE,Combined TRACON& Tower with Radar,129,107,39,5,280,0,4,37,1,42,129,111,76,6,322,59,0,59,381
09/18/2009,BUF,NY,AEA,CE,Combined TRACON& Tower with Radar,133,119,45,1,298,0,2,26,2,30,133,121,71,3,328,111,0,111,439
09/19/2009,BUF,NY,AEA,CE,Combined TRACON& Tower with Radar,107,75,20,0,202,0,6,110,0,116,107,81,130,0,318,45,0,45,363
09/20/2009,BUF,NY,AEA,CE,Combined TRACON& Tower with Radar,124,94,24,0,242,0,5,52,3,60,124,99,76,3,302,100,0,100,402
09/21/2009,BUF,NY,AEA,CE,Combined TRACON& Tower with Radar,126,99,21,2,248,0,6,62,0,68,126,105,83,2,316,49,0,49,365
09/22/2009,BUF,NY,AEA,CE,Combined TRACON& Tower with Radar,129,107,27,1,264,0,8,2,0,10,129,115,29,1,274,52,0,52,326
09/23/2009,BUF,NY,AEA,CE,Combined TRACON& Tower with Radar,128,109,38,3,278,0,4,2,1,7,128,113,40,4,285,78,6,84,369
09/24/2009,BUF,NY,AEA,CE,Combined TRACON& Tower with Radar,126,105,39,0,270,0,4,14,0,18,126,109,53,0,288,66,0,66,354
09/25/2009,BUF,NY,AEA,CE,Combined TRACON& Tower with Radar,144,123,29,0,296,0,17,40,2,59,144,140,69,2,355,103,0,103,458
09/26/2009,BUF,NY,AEA,CE,Combined TRACON& Tower with Radar,106,78,39,0,223,0,1,26,0,27,106,79,65,0,250,84,0,84,334
09/27/2009,BUF,NY,AEA,CE,Combined TRACON& Tower with Radar,122,86,26,0,234,0,0,12,2,14,122,86,38,2,248,26,0,26,274
09/28/2009,BUF,NY,AEA,CE,Combined TRACON& Tower with Radar,134,105,17,0,256,0,0,1,0,1,134,105,18,0,257,44,18,62,319
09/29/2009,BUF,NY,AEA,CE,Combined TRACON& Tower with Radar,124,112,24,0,260,0,2,1,0,3,124,114,25,0,263,30,0,30,293
09/30/2009,BUF,NY,AEA,CE,Combined TRACON& Tower with Radar,130,107,53,0,290,0,3,6,0,9,130,110,59,0,299,74,18,92,391
10/01/2009,BUF,NY,AEA,CE,Combined TRACON& Tower with Radar,131,108,29,0,268,0,1,74,2,77,131,109,103,2,345,44,0,44,389
10/02/2009,BUF,NY,AEA,CE,Combined TRACON& Tower with Radar,132,109,24,3,268,0,2,2,0,4,132,111,26,3,272,26,0,26,298
10/03/2009,BUF,NY,AEA,CE,Combined TRACON& Tower with Radar,104,75,21,2,202,0,7,20,0,27,104,82,41,2,229,58,0,58,287
10/04/2009,BUF,NY,AEA,CE,Combined TRACON& Tower with Radar,124,93,26,1,244,0,5,0,0,5,124,98,26,1,249,78,12,90,339
10/05/2009,BUF,NY,AEA,CE,Combined TRACON& Tower with Radar,135,114,22,5,276,0,13,16,1,30,135,127,38,6,306,66,26,92,398
10/06/2009,BUF,NY,AEA,CE,Combined TRACON& Tower with Radar,135,131,60,3,329,0,4,74,2,80,135,135,134,5,409,84,14,98,507
10/07/2009,BUF,NY,AEA,CE,Combined TRACON& Tower with Radar,145,134,41,2,322,0,3,18,0,21,145,137,59,2,343,76,0,76,419
10/08/2009,BUF,NY,AEA,CE,Combined TRACON& Tower with Radar,124,112,36,1,273,0,5,79,4,88,124,117,115,5,361,41,0,41,402
10/09/2009,BUF,NY,AEA,CE,Combined TRACON& Tower with Radar,140,114,37,0,291,0,3,54,1,58,140,117,91,1,349,46,0,46,395
10/10/2009,BUF,NY,AEA,CE,Combined TRACON& Tower with Radar,103,77,23,0,203,0,6,77,0,83,103,83,100,0,286,46,0,46,332
10/11/2009,BUF,NY,AEA,CE,Combined TRACON& Tower with Radar,121,83,25,0,229,0,15,31,0,46,121,98,56,0,275,60,0,60,335
10/12/2009,BUF,NY,AEA,CE,Combined TRACON& Tower with Radar,133,96,30,0,259,0,4,25,0,29,133,100,55,0,288,42,0,42,330
10/13/2009,BUF,NY,AEA,CE,Combined TRACON& Tower with Radar,122,102,47,0,271,0,9,62,0,71,122,111,109,0,342,36,0,36,378
10/14/2009,BUF,NY,AEA,CE,Combined TRACON& Tower with Radar,124,106,26,11,267,0,8,30,0,38,124,114,56,11,305,60,18,78,383
10/15/2009,BUF,NY,AEA,CE,Combined TRACON& Tower with Radar,124,109,36,10,279,0,7,49,4,60,124,116,85,14,339,90,0,90,429
10/16/2009,BUF,NY,AEA,CE,Combined TRACON& Tower with Radar,133,115,36,2,286,0,2,10,0,12,133,117,46,2,298,73,0,73,371
10/17/2009,BUF,NY,AEA,CE,Combined TRACON& Tower with Radar,115,89,36,0,240,0,4,52,0,56,115,93,88,0,296,70,0,70,366
10/18/2009,BUF,NY,AEA,CE,Combined TRACON& Tower with Radar,117,81,16,3,217,0,10,19,1,30,117,91,35,4,247,40,0,40,287
10/19/2009,BUF,NY,AEA,CE,Combined TRACON& Tower with Radar,127,102,31,4,264,0,6,25,4,35,127,108,56,8,299,58,8,66,365
10/20/2009,BUF,NY,AEA,CE,Combined TRACON& Tower with Radar,119,105,18,1,243,0,11,34,1,46,119,116,52,2,289,70,0,70,359
10/21/2009,BUF,NY,AEA,CE,Combined TRACON& Tower with Radar,119,103,35,7,264,0,5,24,0,29,119,108,59,7,293,77,22,99,392
10/22/2009,BUF,NY,AEA,CE,Combined TRACON& Tower with Radar,130,107,31,0,268,0,3,59,0,62,130,110,90,0,330,54,0,54,384
10/23/2009,BUF,NY,AEA,CE,Combined TRACON& Tower with Radar,148,134,44,2,328,0,0,11,0,11,148,134,55,2,339,56,0,56,395
10/24/2009,BUF,NY,AEA,CE,Combined TRACON& Tower with Radar,104,81,8,0,193,0,8,8,0,16,104,89,16,0,209,24,0,24,233
10/25/2009,BUF,NY,AEA,CE,Combined TRACON& Tower with Radar,126,93,28,0,247,0,8,23,0,31,126,101,51,0,278,62,12,74,352
10/26/2009,BUF,NY,AEA,CE,Combined TRACON& Tower with Radar,123,108,38,2,271,0,7,72,0,79,123,115,110,2,350,39,0,39,389
10/27/2009,BUF,NY,AEA,CE,Combined TRACON& Tower with Radar,122,100,56,14,292,0,16,31,2,49,122,116,87,16,341,93,0,93,434
10/28/2009,BUF,NY,AEA,CE,Combined TRACON& Tower with Radar,140,129,58,0,327,0,0,0,0,0,140,129,58,0,327,16,0,16,343
10/29/2009,BUF,NY,AEA,CE,Combined TRACON& Tower with Radar,144,142,64,0,350,0,4,3,3,10,144,146,67,3,360,60,0,60,420
10/30/2009,BUF,NY,AEA,CE,Combined TRACON& Tower with Radar,137,116,36,0,289,0,2,19,0,21,137,118,55,0,310,68,0,68,378
10/31/2009,BUF,NY,AEA,CE,Combined TRACON& Tower with Radar,103,76,15,0,194,0,0,0,0,0,103,76,15,0,194,7,0,7,201
11/01/2009,BUF,NY,AEA,CE,Combined TRACON& Tower with Radar,129,93,22,0,244,0,6,29,1,36,129,99,51,1,280,70,12,82,362
11/02/2009,BUF,NY,AEA,CE,Combined TRACON& Tower with Radar,116,97,28,2,243,0,4,29,0,33,116,101,57,2,276,64,4,68,344
11/03/2009,BUF,NY,AEA,CE,Combined TRACON& Tower with Radar,124,97,38,0,259,0,0,20,0,20,124,97,58,0,279,86,0,86,365
11/04/2009,BUF,NY,AEA,CE,Combined TRACON& Tower with Radar,122,98,43,11,274,0,5,16,6,27,122,103,59,17,301,78,0,78,379
11/05/2009,BUF,NY,AEA,CE,Combined TRACON& Tower with Radar,135,108,45,2,290,0,2,6,0,8,135,110,51,2,298,40,0,40,338
11/06/2009,BUF,NY,AEA,CE,Combined TRACON& Tower with Radar,143,128,50,2,323,0,9,60,1,70,143,137,110,3,393,78,0,78,471
11/07/2009,BUF,NY,AEA,CE,Combined TRACON& Tower with Radar,110,66,25,0,201,0,19,79,0,98,110,85,104,0,299,49,0,49,348
11/08/2009,BUF,NY,AEA,CE,Combined TRACON& Tower with Radar,120,81,38,1,240,0,2,50,0,52,120,83,88,1,292,98,0,98,390
11/09/2009,BUF,NY,AEA,CE,Combined TRACON& Tower with Radar,130,98,25,0,253,0,9,14,0,23,130,107,39,0,276,74,14,88,364
11/10/2009,BUF,NY,AEA,CE,Combined TRACON& Tower with Radar,134,133,62,0,329,0,10,59,0,69,134,143,121,0,398,88,0,88,486
11/11/2009,BUF,NY,AEA,CE,Combined TRACON& Tower with Radar,130,92,26,0,248,0,11,83,0,94,130,103,109,0,342,63,0,63,405
11/12/2009,BUF,NY,AEA,CE,Combined TRACON& Tower with Radar,127,98,33,0,258,0,6,94,0,100,127,104,127,0,358,63,0,63,421
11/13/2009,BUF,NY,AEA,CE,Combined TRACON& Tower with Radar,133,109,22,0,264,0,2,98,0,100,133,111,120,0,364,55,0,55,419
11/14/2009,BUF,NY,AEA,CE,Combined TRACON& Tower with Radar,116,76,10,0,202,0,15,42,0,57,116,91,52,0,259,66,16,82,341
11/15/2009,BUF,NY,AEA,CE,Combined TRACON& Tower with Radar,124,94,19,0,237,0,6,16,0,22,124,100,35,0,259,72,12,84,343
11/16/2009,BUF,NY,AEA,CE,Combined TRACON& Tower with Radar,124,106,34,0,264,0,2,23,2,27,124,108,57,2,291,74,22,96,387
11/17/2009,BUF,NY,AEA,CE,Combined TRACON& Tower with Radar,128,100,39,2,269,0,11,24,3,38,128,111,63,5,307,80,22,102,409
11/18/2009,BUF,NY,AEA,CE,Combined TRACON& Tower with Radar,142,110,47,4,303,0,4,35,0,39,142,114,82,4,342,105,0,105,447
11/19/2009,BUF,NY,AEA,CE,Combined TRACON& Tower with Radar,131,100,37,0,268,0,2,59,0,61,131,102,96,0,329,55,0,55,384
11/20/2009,BUF,NY,AEA,CE,Combined TRACON& Tower with Radar,134,104,24,0,262,0,0,14,0,14,134,104,38,0,276,50,0,50,326
11/21/2009,BUF,NY,AEA,CE,Combined TRACON& Tower with Radar,116,61,30,0,207,0,3,63,0,66,116,64,93,0,273,50,0,50,323
11/22/2009,BUF,NY,AEA,CE,Combined TRACON& Tower with Radar,124,82,37,0,243,0,5,24,0,29,124,87,61,0,272,38,0,38,310
11/23/2009,BUF,NY,AEA,CE,Combined TRACON& Tower with Radar,122,97,38,0,257,0,1,23,0,24,122,98,61,0,281,68,0,68,349
11/24/2009,BUF,NY,AEA,CE,Combined TRACON& Tower with Radar,133,108,31,0,272,0,2,54,0,56,133,110,85,0,328,40,0,40,368
11/25/2009,BUF,NY,AEA,CE,Combined TRACON& Tower with Radar,129,114,21,0,264,0,4,69,0,73,129,118,90,0,337,48,0,48,385
11/26/2009,BUF,NY,AEA,CE,Combined TRACON& Tower with Radar,83,47,3,0,133,0,4,3,0,7,83,51,6,0,140,0,0,0,140
11/27/2009,BUF,NY,AEA,CE,Combined TRACON& Tower with Radar,105,71,8,0,184,0,4,3,0,7,105,75,11,0,191,43,0,43,234
11/28/2009,BUF,NY,AEA,CE,Combined TRACON& Tower with Radar,114,72,10,0,196,0,6,28,0,34,114,78,38,0,230,45,0,45,275
11/29/2009,BUF,NY,AEA,CE,Combined TRACON& Tower with Radar,122,102,45,0,269,0,10,19,0,29,122,112,64,0,298,54,0,54,352
11/30/2009,BUF,NY,AEA,CE,Combined TRACON& Tower with Radar,125,99,25,0,249,0,2,60,0,62,125,101,85,0,311,54,0,54,365
12/01/2009,BUF,NY,AEA,CE,Combined TRACON& Tower with Radar,127,100,25,0,252,0,9,9,0,18,127,109,34,0,270,44,0,44,314
12/02/2009,BUF,NY,AEA,CE,Combined TRACON& Tower with Radar,127,105,28,0,260,0,8,21,0,29,127,113,49,0,289,84,22,106,395
12/03/2009,BUF,NY,AEA,CE,Combined TRACON& Tower with Radar,129,111,22,0,262,0,4,3,0,7,129,115,25,0,269,60,16,76,345
12/04/2009,BUF,NY,AEA,CE,Combined TRACON& Tower with Radar,127,111,17,0,255,0,0,7,0,7,127,111,24,0,262,50,2,52,314
12/05/2009,BUF,NY,AEA,CE,Combined TRACON& Tower with Radar,105,70,23,0,198,0,13,22,0,35,105,83,45,0,233,84,12,96,329
12/06/2009,BUF,NY,AEA,CE,Combined TRACON& Tower with Radar,115,87,19,0,221,0,4,19,0,23,115,91,38,0,244,75,0,75,319
12/07/2009,BUF,NY,AEA,CE,Combined TRACON& Tower with Radar,120,94,32,0,246,0,12,14,0,26,120,106,46,0,272,25,9,34,306
12/08/2009,BUF,NY,AEA,CE,Combined TRACON& Tower with Radar,120,89,30,0,239,0,7,21,2,30,120,96,51,2,269,72,0,72,341
12/09/2009,BUF,NY,AEA,CE,Combined TRACON& Tower with Radar,128,89,20,0,237,0,0,0,0,0,128,89,20,0,237,58,14,72,309
12/10/2009,BUF,NY,AEA,CE,Combined TRACON& Tower with Radar,118,65,11,0,194,0,0,0,0,0,118,65,11,0,194,20,0,20,214
12/11/2009,BUF,NY,AEA,CE,Combined TRACON& Tower with Radar,132,98,26,0,256,0,0,7,0,7,132,98,33,0,263,48,0,48,311
12/12/2009,BUF,NY,AEA,CE,Combined TRACON& Tower with Radar,112,66,18,0,196,0,9,11,0,20,112,75,29,0,216,46,0,46,262
12/13/2009,BUF,NY,AEA,CE,Combined TRACON& Tower with Radar,116,75,14,1,206,0,2,1,0,3,116,77,15,1,209,44,0,44,253
12/14/2009,BUF,NY,AEA,CE,Combined TRACON& Tower with Radar,121,90,22,3,236,0,0,4,0,4,121,90,26,3,240,46,0,46,286
12/15/2009,BUF,NY,AEA,CE,Combined TRACON& Tower with Radar,123,106,22,6,257,0,2,0,2,4,123,108,22,8,261,48,0,48,309
12/16/2009,BUF,NY,AEA,CE,Combined TRACON& Tower with Radar,124,109,30,0,263,0,2,3,0,5,124,111,33,0,268,74,24,98,366
12/17/2009,BUF,NY,AEA,CE,Combined TRACON& Tower with Radar,126,110,32,1,269,0,8,10,0,18,126,118,42,1,287,80,26,106,393
12/18/2009,BUF,NY,AEA,CE,Combined TRACON& Tower with Radar,114,112,29,0,255,0,0,15,0,15,114,112,44,0,270,80,0,80,350
12/19/2009,BUF,NY,AEA,CE,Combined TRACON& Tower with Radar,98,53,14,0,165,0,4,28,0,32,98,57,42,0,197,56,0,56,253
12/20/2009,BUF,NY,AEA,CE,Combined TRACON& Tower with Radar,92,64,20,0,176,0,2,14,0,16,92,66,34,0,192,62,0,62,254
12/21/2009,BUF,NY,AEA,CE,Combined TRACON& Tower with Radar,111,101,22,0,234,0,4,0,0,4,111,105,22,0,238,63,0,63,301
12/22/2009,BUF,NY,AEA,CE,Combined TRACON& Tower with Radar,127,116,29,0,272,0,10,15,0,25,127,126,44,0,297,69,0,69,366
12/23/2009,BUF,NY,AEA,CE,Combined TRACON& Tower with Radar,121,116,22,0,259,0,10,1,0,11,121,126,23,0,270,70,18,88,358
12/24/2009,BUF,NY,AEA,CE,Combined TRACON& Tower with Radar,108,78,10,0,196,0,2,3,0,5,108,80,13,0,201,64,20,84,285
12/25/2009,BUF,NY,AEA,CE,Combined TRACON& Tower with Radar,94,54,2,0,150,0,5,0,0,5,94,59,2,0,155,52,0,52,207
12/26/2009,BUF,NY,AEA,CE,Combined TRACON& Tower with Radar,101,70,5,0,176,0,0,0,0,0,101,70,5,0,176,65,0,65,241
12/27/2009,BUF,NY,AEA,CE,Combined TRACON& Tower with Radar,109,79,10,0,198,0,6,15,0,21,109,85,25,0,219,62,16,78,297
12/28/2009,BUF,NY,AEA,CE,Combined TRACON& Tower with Radar,106,86,6,0,198,0,0,2,0,2,106,86,8,0,200,36,0,36,236
12/29/2009,BUF,NY,AEA,CE,Combined TRACON& Tower with Radar,124,97,8,0,229,0,6,8,0,14,124,103,16,0,243,52,2,54,297
12/30/2009,BUF,NY,AEA,CE,Combined TRACON& Tower with Radar,118,87,19,2,226,0,13,19,2,34,118,100,38,4,260,63,0,63,323
12/31/2009,BUF,NY,AEA,CE,Combined TRACON& Tower with Radar,103,81,11,0,195,0,3,0,0,3,103,84,11,0,198,0,0,0,198
01/01/2010,BUF,NY,AEA,CE,Combined TRACON& Tower with Radar,97,58,2,0,157,0,0,0,0,0,97,58,2,0,157,72,14,86,243
01/02/2010,BUF,NY,AEA,CE,Combined TRACON& Tower with Radar,101,74,12,0,187,0,0,3,0,3,101,74,15,0,190,30,0,30,220
01/03/2010,BUF,NY,AEA,CE,Combined TRACON& Tower with Radar,100,73,13,0,186,0,0,0,0,0,100,73,13,0,186,54,0,54,240
01/04/2010,BUF,NY,AEA,CE,Combined TRACON& Tower with Radar,125,112,15,0,252,0,0,2,0,2,125,112,17,0,254,0,0,0,254
01/05/2010,BUF,NY,AEA,CE,Combined TRACON& Tower with Radar,118,102,27,0,247,0,0,0,0,0,118,102,27,0,247,0,0,0,247
01/06/2010,BUF,NY,AEA,CE,Combined TRACON& Tower with Radar,127,101,20,0,248,0,0,2,0,2,127,101,22,0,250,78,0,78,328
01/07/2010,BUF,NY,AEA,CE,Combined TRACON& Tower with Radar,117,103,16,0,236,0,0,0,0,0,117,103,16,0,236,63,0,63,299
01/08/2010,BUF,NY,AEA,CE,Combined TRACON& Tower with Radar,120,96,15,0,231,0,0,0,0,0,120,96,15,0,231,53,0,53,284
01/09/2010,BUF,NY,AEA,CE,Combined TRACON& Tower with Radar,111,59,7,0,177,0,1,3,0,4,111,60,10,0,181,48,0,48,229
01/10/2010,BUF,NY,AEA,CE,Combined TRACON& Tower with Radar,101,67,10,0,178,0,0,13,0,13,101,67,23,0,191,70,14,84,275
01/11/2010,BUF,NY,AEA,CE,Combined TRACON& Tower with Radar,112,106,13,0,231,0,4,1,0,5,112,110,14,0,236,0,0,0,236
01/12/2010,BUF,NY,AEA,CE,Combined TRACON& Tower with Radar,116,90,14,0,220,0,0,5,0,5,116,90,19,0,225,80,20,100,325
01/13/2010,BUF,NY,AEA,CE,Combined TRACON& Tower with Radar,115,98,16,0,229,0,7,2,0,9,115,105,18,0,238,90,0,90,328
01/14/2010,BUF,NY,AEA,CE,Combined TRACON& Tower with Radar,123,104,40,1,268,0,4,31,1,36,123,108,71,2,304,99,0,99,403
01/15/2010,BUF,NY,AEA,CE,Combined TRACON& Tower with Radar,117,101,31,0,249,0,7,4,0,11,117,108,35,0,260,82,22,104,364
01/16/2010,BUF,NY,AEA,CE,Combined TRACON& Tower with Radar,99,54,21,0,174,0,5,5,0,10,99,59,26,0,184,38,0,38,222
01/17/2010,BUF,NY,AEA,CE,Combined TRACON& Tower with Radar,99,70,8,0,177,0,0,7,0,7,99,70,15,0,184,62,14,76,260
01/18/2010,BUF,NY,AEA,CE,Combined TRACON& Tower with Radar,111,88,10,0,209,0,0,0,0,0,111,88,10,0,209,70,14,84,293
01/19/2010,BUF,NY,AEA,CE,Combined TRACON& Tower with Radar,115,96,20,0,231,0,3,0,0,3,115,99,20,0,234,44,0,44,278
01/20/2010,BUF,NY,AEA,CE,Combined TRACON& Tower with Radar,114,98,22,6,240,0,8,7,0,15,114,106,29,6,255,0,0,0,255
01/21/2010,BUF,NY,AEA,CE,Combined TRACON& Tower with Radar,116,99,20,0,235,0,1,32,0,33,116,100,52,0,268,109,0,109,377
01/22/2010,BUF,NY,AEA,CE,Combined TRACON& Tower with Radar,115,98,16,0,229,0,2,31,0,33,115,100,47,0,262,66,0,66,328
01/23/2010,BUF,NY,AEA,CE,Combined TRACON& Tower with Radar,103,52,20,0,175,0,8,48,0,56,103,60,68,0,231,0,0,0,231
01/24/2010,BUF,NY,AEA,CE,Combined TRACON& Tower with Radar,94,71,14,0,179,0,3,9,0,12,94,74,23,0,191,70,14,84,275
01/25/2010,BUF,NY,AEA,CE,Combined TRACON& Tower with Radar,108,96,14,0,218,0,0,1,6,7,108,96,15,6,225,20,0,20,245
01/26/2010,BUF,NY,AEA,CE,Combined TRACON& Tower with Radar,120,102,32,0,254,0,0,0,0,0,120,102,32,0,254,20,0,20,274
01/27/2010,BUF,NY,AEA,CE,Combined TRACON& Tower with Radar,119,94,36,0,249,0,0,2,0,2,119,94,38,0,251,39,0,39,290
01/28/2010,BUF,NY,AEA,CE,Combined TRACON& Tower with Radar,122,84,21,0,227,0,0,3,0,3,122,84,24,0,230,57,0,57,287
01/29/2010,BUF,NY,AEA,CE,Combined TRACON& Tower with Radar,120,104,29,0,253,0,7,2,0,9,120,111,31,0,262,62,0,62,324
01/30/2010,BUF,NY,AEA,CE,Combined TRACON& Tower with Radar,93,49,20,0,162,0,2,9,0,11,93,51,29,0,173,55,0,55,228
01/31/2010,BUF,NY,AEA,CE,Combined TRACON& Tower with Radar,103,78,7,0,188,0,0,3,0,3,103,78,10,0,191,68,12,80,271
02/01/2010,BUF,NY,AEA,CE,Combined TRACON& Tower with Radar,117,91,28,0,236,0,3,4,0,7,117,94,32,0,243,48,0,48,291
02/02/2010,BUF,NY,AEA,CE,Combined TRACON& Tower with Radar,115,94,25,8,242,0,3,1,0,4,115,97,26,8,246,48,0,48,294
02/03/2010,BUF,NY,AEA,CE,Combined TRACON& Tower with Radar,111,95,30,0,236,0,0,0,0,0,111,95,30,0,236,72,10,82,318
02/04/2010,BUF,NY,AEA,CE,Combined TRACON& Tower with Radar,118,102,30,8,258,0,3,22,0,25,118,105,52,8,283,68,0,68,351
02/05/2010,BUF,NY,AEA,CE,Combined TRACON& Tower with Radar,118,88,18,0,224,0,3,5,0,8,118,91,23,0,232,84,0,84,316
02/06/2010,BUF,NY,AEA,CE,Combined TRACON& Tower with Radar,86,36,4,0,126,0,3,4,0,7,86,39,8,0,133,42,0,42,175
02/07/2010,BUF,NY,AEA,CE,Combined TRACON& Tower with Radar,89,66,20,0,175,0,9,6,0,15,89,75,26,0,190,56,0,56,246
02/08/2010,BUF,NY,AEA,CE,Combined TRACON& Tower with Radar,104,93,31,0,228,0,5,17,2,24,104,98,48,2,252,80,22,102,354
02/09/2010,BUF,NY,AEA,CE,Combined TRACON& Tower with Radar,98,88,25,0,211,0,1,5,2,8,98,89,30,2,219,76,26,102,321
02/10/2010,BUF,NY,AEA,CE,Combined TRACON& Tower with Radar,72,48,10,0,130,0,0,0,0,0,72,48,10,0,130,64,16,80,210
02/11/2010,BUF,NY,AEA,CE,Combined TRACON& Tower with Radar,104,81,23,1,209,0,5,6,1,12,104,86,29,2,221,66,2,68,289
02/12/2010,BUF,NY,AEA,CE,Combined TRACON& Tower with Radar,120,110,32,0,262,0,4,18,0,22,120,114,50,0,284,78,0,78,362
02/13/2010,BUF,NY,AEA,CE,Combined TRACON& Tower with Radar,100,66,9,0,175,0,3,4,0,7,100,69,13,0,182,60,0,60,242
02/14/2010,BUF,NY,AEA,CE,Combined TRACON& Tower with Radar,117,78,7,0,202,0,0,0,0,0,117,78,7,0,202,28,0,28,230
02/15/2010,BUF,NY,AEA,CE,Combined TRACON& Tower with Radar,113,97,24,0,234,0,2,14,0,16,113,99,38,0,250,0,0,0,250
02/16/2010,BUF,NY,AEA,CE,Combined TRACON& Tower with Radar,120,101,26,0,247,0,3,0,0,3,120,104,26,0,250,56,0,56,306
02/17/2010,BUF,NY,AEA,CE,Combined TRACON& Tower with Radar,120,113,19,0,252,0,0,3,0,3,120,113,22,0,255,0,0,0,255
02/18/2010,BUF,NY,AEA,CE,Combined TRACON& Tower with Radar,124,99,24,2,249,0,2,3,0,5,124,101,27,2,254,56,0,56,310
02/19/2010,BUF,NY,AEA,CE,Combined TRACON& Tower with Radar,126,108,19,2,255,0,4,7,0,11,126,112,26,2,266,66,0,66,332
02/20/2010,BUF,NY,AEA,CE,Combined TRACON& Tower with Radar,106,66,20,0,192,0,5,2,0,7,106,71,22,0,199,72,14,86,285
02/21/2010,BUF,NY,AEA,CE,Combined TRACON& Tower with Radar,112,80,32,0,224,0,9,27,0,36,112,89,59,0,260,92,0,92,352
02/22/2010,BUF,NY,AEA,CE,Combined TRACON& Tower with Radar,126,106,16,0,248,0,0,2,0,2,126,106,18,0,250,64,10,74,324
02/23/2010,BUF,NY,AEA,CE,Combined TRACON& Tower with Radar,125,105,39,0,269,0,2,0,0,2,125,107,39,0,271,74,2,76,347
02/24/2010,BUF,NY,AEA,CE,Combined TRACON& Tower with Radar,121,97,24,6,248,0,2,23,0,25,121,99,47,6,273,98,0,98,371
02/25/2010,BUF,NY,AEA,CE,Combined TRACON& Tower with Radar,115,85,11,0,211,0,0,0,0,0,115,85,11,0,211,44,0,44,255
02/26/2010,BUF,NY,AEA,CE,Combined TRACON& Tower with Radar,99,81,15,0,195,0,0,0,0,0,99,81,15,0,195,70,8,78,273
02/27/2010,BUF,NY,AEA,CE,Combined TRACON& Tower with Radar,111,62,4,0,177,0,0,0,0,0,111,62,4,0,177,0,0,0,177
02/28/2010,BUF,NY,AEA,CE,Combined TRACON& Tower with Radar,120,83,5,0,208,0,1,2,0,3,120,84,7,0,211,0,0,0,211
03/01/2010,BUF,NY,AEA,CE,Combined TRACON& Tower with Radar,122,100,21,0,243,0,1,6,0,7,122,101,27,0,250,0,0,0,250
03/02/2010,BUF,NY,AEA,CE,Combined TRACON& Tower with Radar,124,106,36,0,266,0,4,8,4,16,124,110,44,4,282,80,0,80,362
03/03/2010,BUF,NY,AEA,CE,Combined TRACON& Tower with Radar,125,114,29,2,270,0,6,20,0,26,125,120,49,2,296,82,0,82,378
03/04/2010,BUF,NY,AEA,CE,Combined TRACON& Tower with Radar,136,107,26,2,271,0,4,32,1,37,136,111,58,3,308,72,0,72,380
03/05/2010,BUF,NY,AEA,CE,Combined TRACON& Tower with Radar,133,110,27,2,272,0,7,20,0,27,133,117,47,2,299,72,0,72,371
03/06/2010,BUF,NY,AEA,CE,Combined TRACON& Tower with Radar,111,75,16,0,202,0,9,45,0,54,111,84,61,0,256,86,16,102,358
03/07/2010,BUF,NY,AEA,CE,Combined TRACON& Tower with Radar,113,89,16,0,218,0,6,19,1,26,113,95,35,1,244,98,0,98,342
03/08/2010,BUF,NY,AEA,CE,Combined TRACON& Tower with Radar,122,101,27,0,250,0,10,19,0,29,122,111,46,0,279,100,0,100,379
03/09/2010,BUF,NY,AEA,CE,Combined TRACON& Tower with Radar,128,106,34,0,268,0,7,29,0,36,128,113,63,0,304,97,0,97,401
03/10/2010,BUF,NY,AEA,CE,Combined TRACON& Tower with Radar,128,111,24,0,263,0,8,34,2,44,128,119,58,2,307,109,0,109,416
03/11/2010,BUF,NY,AEA,CE,Combined TRACON& Tower with Radar,123,113,25,0,261,0,1,26,1,28,123,114,51,1,289,93,0,93,382
03/12/2010,BUF,NY,AEA,CE,Combined TRACON& Tower with Radar,133,103,37,1,274,0,0,3,0,3,133,103,40,1,277,96,0,96,373
03/13/2010,BUF,NY,AEA,CE,Combined TRACON& Tower with Radar,104,55,13,0,172,0,3,0,0,3,104,58,13,0,175,44,0,44,219
03/14/2010,BUF,NY,AEA,CE,Combined TRACON& Tower with Radar,113,88,24,0,225,0,0,0,0,0,113,88,24,0,225,64,14,78,303
03/15/2010,BUF,NY,AEA,CE,Combined TRACON& Tower with Radar,123,101,22,0,246,0,8,4,0,12,123,109,26,0,258,104,0,104,362
03/16/2010,BUF,NY,AEA,CE,Combined TRACON& Tower with Radar,131,107,19,2,259,0,21,24,0,45,131,128,43,2,304,110,0,110,414
03/17/2010,BUF,NY,AEA,CE,Combined TRACON& Tower with Radar,144,103,37,0,284,0,9,23,0,32,144,112,60,0,316,78,30,108,424
03/18/2010,BUF,NY,AEA,CE,Combined TRACON& Tower with Radar,133,119,37,0,289,0,12,22,0,34,133,131,59,0,323,112,0,112,435
03/19/2010,BUF,NY,AEA,CE,Combined TRACON& Tower with Radar,132,114,42,0,288,0,8,24,0,32,132,122,66,0,320,106,18,124,444
03/20/2010,BUF,NY,AEA,CE,Combined TRACON& Tower with Radar,128,70,13,0,211,0,3,39,0,42,128,73,52,0,253,100,20,120,373
03/21/2010,BUF,NY,AEA,CE,Combined TRACON& Tower with Radar,125,100,41,0,266,0,8,13,0,21,125,108,54,0,287,58,4,62,349
03/22/2010,BUF,NY,AEA,CE,Combined TRACON& Tower with Radar,127,98,20,0,245,0,1,2,0,3,127,99,22,0,248,72,14,86,334
03/23/2010,BUF,NY,AEA,CE,Combined TRACON& Tower with Radar,132,109,37,0,278,0,0,0,0,0,132,109,37,0,278,43,0,43,321
03/24/2010,BUF,NY,AEA,CE,Combined TRACON& Tower with Radar,128,98,35,0,261,0,7,37,2,46,128,105,72,2,307,96,0,96,403
03/25/2010,BUF,NY,AEA,CE,Combined TRACON& Tower with Radar,135,113,29,0,277,0,12,7,0,19,135,125,36,0,296,76,22,98,394
03/26/2010,BUF,NY,AEA,CE,Combined TRACON& Tower with Radar,135,109,21,0,265,0,6,19,1,26,135,115,40,1,291,96,0,96,387
03/27/2010,BUF,NY,AEA,CE,Combined TRACON& Tower with Radar,116,67,22,2,207,0,9,43,0,52,116,76,65,2,259,70,0,70,329
03/28/2010,BUF,NY,AEA,CE,Combined TRACON& Tower with Radar,114,85,22,0,221,0,7,10,0,17,114,92,32,0,238,78,0,78,316
03/29/2010,BUF,NY,AEA,CE,Combined TRACON& Tower with Radar,126,100,35,0,261,0,6,0,0,6,126,106,35,0,267,102,0,102,369
03/30/2010,BUF,NY,AEA,CE,Combined TRACON& Tower with Radar,137,96,41,8,282,0,11,18,0,29,137,107,59,8,311,91,6,97,408
03/31/2010,BUF,NY,AEA,CE,Combined TRACON& Tower with Radar,137,112,32,7,288,0,1,16,1,18,137,113,48,8,306,106,7,113,419
04/01/2010,BUF,NY,AEA,CE,Combined TRACON& Tower with Radar,129,107,27,1,264,0,9,30,1,40,129,116,57,2,304,114,0,114,418
04/02/2010,BUF,NY,AEA,CE,Combined TRACON& Tower with Radar,130,110,26,0,266,0,12,30,0,42,130,122,56,0,308,92,0,92,400
04/03/2010,BUF,NY,AEA,CE,Combined TRACON& Tower with Radar,112,67,13,0,192,0,14,39,0,53,112,81,52,0,245,81,0,81,326
04/04/2010,BUF,NY,AEA,CE,Combined TRACON& Tower with Radar,117,92,10,0,219,0,9,19,0,28,117,101,29,0,247,58,8,66,313
04/05/2010,BUF,NY,AEA,CE,Combined TRACON& Tower with Radar,125,103,21,0,249,0,10,11,0,21,125,113,32,0,270,70,18,88,358
04/06/2010,BUF,NY,AEA,CE,Combined TRACON& Tower with Radar,155,105,38,8,306,0,2,4,0,6,155,107,42,8,312,83,0,83,395
04/07/2010,BUF,NY,AEA,CE,Combined TRACON& Tower with Radar,149,112,28,4,293,0,5,3,0,8,149,117,31,4,301,94,0,94,395
04/08/2010,BUF,NY,AEA,CE,Combined TRACON& Tower with Radar,152,99,28,0,279,0,2,2,0,4,152,101,30,0,283,75,0,75,358
04/09/2010,BUF,NY,AEA,CE,Combined TRACON& Tower with Radar,151,100,29,0,280,0,6,8,0,14,151,106,37,0,294,86,0,86,380
04/10/2010,BUF,NY,AEA,CE,Combined TRACON& Tower with Radar,136,62,20,0,218,0,2,44,0,46,136,64,64,0,264,76,18,94,358
04/11/2010,BUF,NY,AEA,CE,Combined TRACON& Tower with Radar,136,68,21,0,225,0,4,44,0,48,136,72,65,0,273,86,0,86,359
04/12/2010,BUF,NY,AEA,CE,Combined TRACON& Tower with Radar,145,90,36,0,271,0,5,36,0,41,145,95,72,0,312,78,24,102,414
04/13/2010,BUF,NY,AEA,CE,Combined TRACON& Tower with Radar,145,100,37,0,282,0,2,38,0,40,145,102,75,0,322,88,0,88,410
04/14/2010,BUF,NY,AEA,CE,Combined TRACON& Tower with Radar,156,94,35,3,288,0,3,29,1,33,156,97,64,4,321,86,0,86,407
04/15/2010,BUF,NY,AEA,CE,Combined TRACON& Tower with Radar,155,92,41,0,288,0,10,29,2,41,155,102,70,2,329,93,0,93,422
04/16/2010,BUF,NY,AEA,CE,Combined TRACON& Tower with Radar,155,103,27,1,286,0,0,3,0,3,155,103,30,1,289,14,0,14,303
04/17/2010,BUF,NY,AEA,CE,Combined TRACON& Tower with Radar,144,54,15,0,213,0,0,2,0,2,144,54,17,0,215,74,18,92,307
04/18/2010,BUF,NY,AEA,CE,Combined TRACON& Tower with Radar,143,67,16,0,226,0,1,16,0,17,143,68,32,0,243,49,0,49,292
04/19/2010,BUF,NY,AEA,CE,Combined TRACON& Tower with Radar,148,95,41,5,289,0,1,28,2,31,148,96,69,7,320,0,0,0,320
04/20/2010,BUF,NY,AEA,CE,Combined TRACON& Tower with Radar,152,98,27,0,277,0,12,43,0,55,152,110,70,0,332,0,0,0,332
04/21/2010,BUF,NY,AEA,CE,Combined TRACON& Tower with Radar,152,97,26,2,277,0,3,23,0,26,152,100,49,2,303,96,0,96,399
04/22/2010,BUF,NY,AEA,CE,Combined TRACON& Tower with Radar,153,97,32,3,285,0,1,17,0,18,153,98,49,3,303,78,22,100,403
04/23/2010,BUF,NY,AEA,CE,Combined TRACON& Tower with Radar,154,96,27,2,279,0,4,42,1,47,154,100,69,3,326,91,0,91,417
04/24/2010,BUF,NY,AEA,CE,Combined TRACON& Tower with Radar,130,60,28,0,218,0,18,38,0,56,130,78,66,0,274,70,14,84,358
04/25/2010,BUF,NY,AEA,CE,Combined TRACON& Tower with Radar,136,75,15,0,226,0,2,0,0,2,136,77,15,0,228,74,14,88,316
04/26/2010,BUF,NY,AEA,CE,Combined TRACON& Tower with Radar,145,86,34,0,265,0,3,12,0,15,145,89,46,0,280,72,18,90,370
04/27/2010,BUF,NY,AEA,CE,Combined TRACON& Tower with Radar,157,89,25,8,279,0,6,10,0,16,157,95,35,8,295,84,26,110,405
04/28/2010,BUF,NY,AEA,CE,Combined TRACON& Tower with Radar,146,100,23,0,269,0,5,23,0,28,146,105,46,0,297,69,0,69,366
04/29/2010,BUF,NY,AEA,CE,Combined TRACON& Tower with Radar,150,98,29,2,279,0,7,35,2,44,150,105,64,4,323,94,0,94,417
04/30/2010,BUF,NY,AEA,CE,Combined TRACON& Tower with Radar,158,102,27,0,287,0,4,28,0,32,158,106,55,0,319,108,0,108,427
05/01/2010,BUF,NY,AEA,CE,Combined TRACON& Tower with Radar,128,61,11,0,200,0,2,22,0,24,128,63,33,0,224,80,0,80,304
05/02/2010,BUF,NY,AEA,CE,Combined TRACON& Tower with Radar,119,78,16,0,213,0,7,9,0,16,119,85,25,0,229,72,0,72,301
05/03/2010,BUF,NY,AEA,CE,Combined TRACON& Tower with Radar,136,90,34,0,260,0,3,17,0,20,136,93,51,0,280,84,2,86,366
05/04/2010,BUF,NY,AEA,CE,Combined TRACON& Tower with Radar,136,103,30,0,269,0,6,20,0,26,136,109,50,0,295,87,0,87,382
05/05/2010,BUF,NY,AEA,CE,Combined TRACON& Tower with Radar,146,97,29,0,272,0,7,16,8,31,146,104,45,8,303,0,0,0,303
05/06/2010,BUF,NY,AEA,CE,Combined TRACON& Tower with Radar,146,105,36,0,287,0,9,19,7,35,146,114,55,7,322,106,16,122,444
05/07/2010,BUF,NY,AEA,CE,Combined TRACON& Tower with Radar,151,99,26,0,276,0,8,25,0,33,151,107,51,0,309,114,0,114,423
05/08/2010,BUF,NY,AEA,CE,Combined TRACON& Tower with Radar,147,61,12,0,220,0,0,0,0,0,147,61,12,0,220,11,0,11,231
05/09/2010,BUF,NY,AEA,CE,Combined TRACON& Tower with Radar,124,79,15,0,218,0,5,6,0,11,124,84,21,0,229,41,2,43,272
05/10/2010,BUF,NY,AEA,CE,Combined TRACON& Tower with Radar,145,95,42,0,282,0,5,46,4,55,145,100,88,4,337,102,0,102,439
05/11/2010,BUF,NY,AEA,CE,Combined TRACON& Tower with Radar,140,106,28,0,274,0,6,21,2,29,140,112,49,2,303,74,20,94,397
05/12/2010,BUF,NY,AEA,CE,Combined TRACON& Tower with Radar,144,90,40,1,275,0,4,6,0,10,144,94,46,1,285,84,0,84,369
05/13/2010,BUF,NY,AEA,CE,Combined TRACON& Tower with Radar,150,104,34,3,291,0,2,17,0,19,150,106,51,3,310,70,0,70,380
05/14/2010,BUF,NY,AEA,CE,Combined TRACON& Tower with Radar,141,108,37,4,290,0,5,5,0,10,141,113,42,4,300,81,0,81,381
05/15/2010,BUF,NY,AEA,CE,Combined TRACON& Tower with Radar,133,53,32,4,222,0,9,31,1,41,133,62,63,5,263,108,0,108,371
05/16/2010,BUF,NY,AEA,CE,Combined TRACON& Tower with Radar,125,76,16,0,217,0,3,30,0,33,125,79,46,0,250,102,0,102,352
05/17/2010,BUF,NY,AEA,CE,Combined TRACON& Tower with Radar,141,99,30,0,270,0,5,34,0,39,141,104,64,0,309,98,34,132,441
05/18/2010,BUF,NY,AEA,CE,Combined TRACON& Tower with Radar,145,99,43,0,287,0,0,16,0,16,145,99,59,0,303,86,26,112,415
05/19/2010,BUF,NY,AEA,CE,Combined TRACON& Tower with Radar,144,100,39,2,285,0,2,26,0,28,144,102,65,2,313,87,0,87,400
05/20/2010,BUF,NY,AEA,CE,Combined TRACON& Tower with Radar,144,99,51,0,294,0,11,46,0,57,144,110,97,0,351,126,0,126,477
05/21/2010,BUF,NY,AEA,CE,Combined TRACON& Tower with Radar,139,99,26,1,265,0,6,53,2,61,139,105,79,3,326,112,0,112,438
05/22/2010,BUF,NY,AEA,CE,Combined TRACON& Tower with Radar,128,59,12,0,199,0,5,11,0,16,128,64,23,0,215,79,0,79,294
05/23/2010,BUF,NY,AEA,CE,Combined TRACON& Tower with Radar,127,74,21,0,222,0,8,9,2,19,127,82,30,2,241,88,32,120,361
05/24/2010,BUF,NY,AEA,CE,Combined TRACON& Tower with Radar,135,95,23,2,255,0,6,44,5,55,135,101,67,7,310,0,0,0,310
05/25/2010,BUF,NY,AEA,CE,Combined TRACON& Tower with Radar,146,96,32,0,274,0,5,42,2,49,146,101,74,2,323,100,0,100,423
05/26/2010,BUF,NY,AEA,CE,Combined TRACON& Tower with Radar,140,97,26,0,263,0,9,34,0,43,140,106,60,0,306,103,0,103,409
05/27/2010,BUF,NY,AEA,CE,Combined TRACON& Tower with Radar,143,93,35,2,273,0,6,24,6,36,143,99,59,8,309,86,0,86,395
05/28/2010,BUF,NY,AEA,CE,Combined TRACON& Tower with Radar,149,108,21,0,278,0,15,41,1,57,149,123,62,1,335,120,0,120,455
05/29/2010,BUF,NY,AEA,CE,Combined TRACON& Tower with Radar,126,57,17,0,200,0,9,22,0,31,126,66,39,0,231,98,12,110,341
05/30/2010,BUF,NY,AEA,CE,Combined TRACON& Tower with Radar,109,67,9,0,185,0,11,23,0,34,109,78,32,0,219,114,0,114,333
05/31/2010,BUF,NY,AEA,CE,Combined TRACON& Tower with Radar,116,83,25,0,224,0,6,30,1,37,116,89,55,1,261,108,0,108,369
06/01/2010,BUF,NY,AEA,CE,Combined TRACON& Tower with Radar,139,94,34,0,267,0,4,23,0,27,139,98,57,0,294,88,0,88,382
06/02/2010,BUF,NY,AEA,CE,Combined TRACON& Tower with Radar,144,97,32,7,280,0,8,27,0,35,144,105,59,7,315,92,0,92,407
06/03/2010,BUF,NY,AEA,CE,Combined TRACON& Tower with Radar,141,104,32,2,279,0,6,16,0,22,141,110,48,2,301,78,16,94,395
06/04/2010,BUF,NY,AEA,CE,Combined TRACON& Tower with Radar,149,105,42,2,298,0,4,14,0,18,149,109,56,2,316,97,0,97,413
06/05/2010,BUF,NY,AEA,CE,Combined TRACON& Tower with Radar,124,59,18,0,201,0,0,4,0,4,124,59,22,0,205,82,18,100,305
06/06/2010,BUF,NY,AEA,CE,Combined TRACON& Tower with Radar,121,72,19,0,212,0,3,4,0,7,121,75,23,0,219,82,16,98,317
06/07/2010,BUF,NY,AEA,CE,Combined TRACON& Tower with Radar,138,96,28,8,270,0,3,36,0,39,138,99,64,8,309,80,2,82,391
06/08/2010,BUF,NY,AEA,CE,Combined TRACON& Tower with Radar,139,92,38,0,269,0,8,39,0,47,139,100,77,0,316,0,0,0,316
06/09/2010,BUF,NY,AEA,CE,Combined TRACON& Tower with Radar,138,98,35,3,274,0,2,3,1,6,138,100,38,4,280,90,22,112,392
06/10/2010,BUF,NY,AEA,CE,Combined TRACON& Tower with Radar,147,107,38,6,298,0,2,37,0,39,147,109,75,6,337,124,4,128,465
06/11/2010,BUF,NY,AEA,CE,Combined TRACON& Tower with Radar,144,105,36,2,287,0,11,44,0,55,144,116,80,2,342,104,28,132,474
06/12/2010,BUF,NY,AEA,CE,Combined TRACON& Tower with Radar,127,55,10,0,192,0,4,12,0,16,127,59,22,0,208,105,0,105,313
06/13/2010,BUF,NY,AEA,CE,Combined TRACON& Tower with Radar,128,65,40,0,233,0,0,1,0,1,128,65,41,0,234,48,0,48,282
06/14/2010,BUF,NY,AEA,CE,Combined TRACON& Tower with Radar,139,108,23,0,270,0,4,8,4,16,139,112,31,4,286,0,0,0,286
06/15/2010,BUF,NY,AEA,CE,Combined TRACON& Tower with Radar,137,104,37,0,278,0,3,41,2,46,137,107,78,2,324,112,2,114,438
06/16/2010,BUF,NY,AEA,CE,Combined TRACON& Tower with Radar,143,106,22,10,281,0,4,2,1,7,143,110,24,11,288,91,0,91,379
06/17/2010,BUF,NY,AEA,CE,Combined TRACON& Tower with Radar,146,105,41,3,295,0,5,23,2,30,146,110,64,5,325,126,0,126,451
06/18/2010,BUF,NY,AEA,CE,Combined TRACON& Tower with Radar,142,100,25,0,267,0,10,32,0,42,142,110,57,0,309,120,0,120,429
06/19/2010,BUF,NY,AEA,CE,Combined TRACON& Tower with Radar,132,61,28,0,221,0,6,18,0,24,132,67,46,0,245,72,0,72,317
06/20/2010,BUF,NY,AEA,CE,Combined TRACON& Tower with Radar,130,70,21,0,221,0,9,30,0,39,130,79,51,0,260,109,0,109,369
06/21/2010,BUF,NY,AEA,CE,Combined TRACON& Tower with Radar,139,96,30,0,265,0,7,30,0,37,139,103,60,0,302,120,0,120,422
06/22/2010,BUF,NY,AEA,CE,Combined TRACON& Tower with Radar,142,101,45,0,288,0,2,10,0,12,142,103,55,0,300,82,0,82,382
06/23/2010,BUF,NY,AEA,CE,Combined TRACON& Tower with Radar,141,102,29,0,272,0,10,24,4,38,141,112,53,4,310,76,6,82,392
06/24/2010,BUF,NY,AEA,CE,Combined TRACON& Tower with Radar,143,96,34,0,273,0,6,9,0,15,143,102,43,0,288,90,0,90,378
06/25/2010,BUF,NY,AEA,CE,Combined TRACON& Tower with Radar,146,103,32,0,281,0,0,30,2,32,146,103,62,2,313,150,0,150,463
06/26/2010,BUF,NY,AEA,CE,Combined TRACON& Tower with Radar,129,58,13,0,200,0,7,17,0,24,129,65,30,0,224,82,0,82,306
06/27/2010,BUF,NY,AEA,CE,Combined TRACON& Tower with Radar,128,79,32,0,239,0,4,12,0,16,128,83,44,0,255,77,0,77,332
06/28/2010,BUF,NY,AEA,CE,Combined TRACON& Tower with Radar,144,92,29,0,265,0,1,11,0,12,144,93,40,0,277,62,0,62,339
06/29/2010,BUF,NY,AEA,CE,Combined TRACON& Tower with Radar,145,102,35,4,286,0,9,24,4,37,145,111,59,8,323,96,0,96,419
06/30/2010,BUF,NY,AEA,CE,Combined TRACON& Tower with Radar,150,104,33,0,287,0,8,36,4,48,150,112,69,4,335,128,0,128,463
07/01/2010,BUF,NY,AEA,CE,Combined TRACON& Tower with Radar,142,104,35,0,281,0,15,38,0,53,142,119,73,0,334,138,0,138,472
07/02/2010,BUF,NY,AEA,CE,Combined TRACON& Tower with Radar,147,94,8,0,249,0,10,41,1,52,147,104,49,1,301,125,0,125,426
07/03/2010,BUF,NY,AEA,CE,Combined TRACON& Tower with Radar,132,61,13,0,206,0,8,41,0,49,132,69,54,0,255,123,0,123,378
07/04/2010,BUF,NY,AEA,CE,Combined TRACON& Tower with Radar,112,54,11,0,177,0,5,13,0,18,112,59,24,0,195,56,0,56,251
07/05/2010,BUF,NY,AEA,CE,Combined TRACON& Tower with Radar,138,83,20,2,243,0,12,39,6,57,138,95,59,8,300,86,18,104,404
07/06/2010,BUF,NY,AEA,CE,Combined TRACON& Tower with Radar,143,93,33,2,271,0,5,25,2,32,143,98,58,4,303,72,0,72,375
07/07/2010,BUF,NY,AEA,CE,Combined TRACON& Tower with Radar,146,97,39,0,282,0,6,28,4,38,146,103,67,4,320,128,6,134,454
07/08/2010,BUF,NY,AEA,CE,Combined TRACON& Tower with Radar,143,103,24,2,272,0,5,36,3,44,143,108,60,5,316,86,24,110,426
07/09/2010,BUF,NY,AEA,CE,Combined TRACON& Tower with Radar,150,94,29,2,275,0,3,2,1,6,150,97,31,3,281,56,0,56,337
07/10/2010,BUF,NY,AEA,CE,Combined TRACON& Tower with Radar,125,63,18,2,208,0,6,31,0,37,125,69,49,2,245,90,14,104,349
07/11/2010,BUF,NY,AEA,CE,Combined TRACON& Tower with Radar,133,71,24,0,228,0,9,39,0,48,133,80,63,0,276,124,20,144,420
07/12/2010,BUF,NY,AEA,CE,Combined TRACON& Tower with Radar,138,104,14,0,256,0,5,18,0,23,138,109,32,0,279,72,0,72,351
07/13/2010,BUF,NY,AEA,CE,Combined TRACON& Tower with Radar,142,100,24,0,266,0,18,20,0,38,142,118,44,0,304,102,0,102,406
07/14/2010,BUF,NY,AEA,CE,Combined TRACON& Tower with Radar,149,98,46,2,295,0,9,28,2,39,149,107,74,4,334,112,0,112,446
07/15/2010,BUF,NY,AEA,CE,Combined TRACON& Tower with Radar,146,105,39,6,296,0,6,34,2,42,146,111,73,8,338,142,0,142,480
07/16/2010,BUF,NY,AEA,CE,Combined TRACON& Tower with Radar,144,97,18,0,259,0,3,12,0,15,144,100,30,0,274,92,22,114,388
07/17/2010,BUF,NY,AEA,CE,Combined TRACON& Tower with Radar,126,60,19,0,205,0,10,16,0,26,126,70,35,0,231,115,0,115,346
07/18/2010,BUF,NY,AEA,CE,Combined TRACON& Tower with Radar,138,64,29,1,232,0,6,28,0,34,138,70,57,1,266,129,0,129,395
07/19/2010,BUF,NY,AEA,CE,Combined TRACON& Tower with Radar,140,92,24,0,256,0,2,19,0,21,140,94,43,0,277,110,0,110,387
07/20/2010,BUF,NY,AEA,CE,Combined TRACON& Tower with Radar,150,102,30,0,282,0,6,35,2,43,150,108,65,2,325,110,12,122,447
07/21/2010,BUF,NY,AEA,CE,Combined TRACON& Tower with Radar,145,107,27,0,279,0,5,8,2,15,145,112,35,2,294,104,0,104,398
07/22/2010,BUF,NY,AEA,CE,Combined TRACON& Tower with Radar,146,112,28,2,288,0,13,44,3,60,146,125,72,5,348,146,0,146,494
07/23/2010,BUF,NY,AEA,CE,Combined TRACON& Tower with Radar,134,101,20,5,260,0,0,2,0,2,134,101,22,5,262,62,4,66,328
07/24/2010,BUF,NY,AEA,CE,Combined TRACON& Tower with Radar,120,65,31,0,216,0,2,2,0,4,120,67,33,0,220,114,0,114,334
07/25/2010,BUF,NY,AEA,CE,Combined TRACON& Tower with Radar,136,76,46,1,259,0,6,22,0,28,136,82,68,1,287,108,0,108,395
07/26/2010,BUF,NY,AEA,CE,Combined TRACON& Tower with Radar,133,102,35,0,270,0,11,40,7,58,133,113,75,7,328,114,0,114,442
07/27/2010,BUF,NY,AEA,CE,Combined TRACON& Tower with Radar,153,105,33,0,291,0,7,43,3,53,153,112,76,3,344,132,6,138,482
07/28/2010,BUF,NY,AEA,CE,Combined TRACON& Tower with Radar,142,104,31,0,277,0,8,12,2,22,142,112,43,2,299,140,0,140,439
07/29/2010,BUF,NY,AEA,CE,Combined TRACON& Tower with Radar,142,102,31,13,288,0,11,30,1,42,142,113,61,14,330,136,18,154,484
07/30/2010,BUF,NY,AEA,CE,Combined TRACON& Tower with Radar,149,109,30,0,288,0,10,33,0,43,149,119,63,0,331,146,0,146,477
07/31/2010,BUF,NY,AEA,CE,Combined TRACON& Tower with Radar,127,62,28,0,217,0,4,46,0,50,127,66,74,0,267,126,4,130,397
08/01/2010,BUF,NY,AEA,CE,Combined TRACON& Tower with Radar,127,69,48,2,246,0,12,51,0,63,127,81,99,2,309,158,0,158,467
08/02/2010,BUF,NY,AEA,CE,Combined TRACON& Tower with Radar,144,100,35,2,281,0,5,30,4,39,144,105,65,6,320,120,0,120,440
08/03/2010,BUF,NY,AEA,CE,Combined TRACON& Tower with Radar,149,99,31,4,283,0,3,19,0,22,149,102,50,4,305,108,0,108,413
08/04/2010,BUF,NY,AEA,CE,Combined TRACON& Tower with Radar,140,96,42,3,281,0,9,29,1,39,140,105,71,4,320,142,0,142,462
08/05/2010,BUF,NY,AEA,CE,Combined TRACON& Tower with Radar,142,104,38,0,284,0,0,14,0,14,142,104,52,0,298,45,0,45,343
08/06/2010,BUF,NY,AEA,CE,Combined TRACON& Tower with Radar,149,97,38,2,286,0,7,19,8,34,149,104,57,10,320,81,0,81,401
08/07/2010,BUF,NY,AEA,CE,Combined TRACON& Tower with Radar,133,72,25,0,230,0,5,32,0,37,133,77,57,0,267,92,0,92,359
08/08/2010,BUF,NY,AEA,CE,Combined TRACON& Tower with Radar,127,75,44,2,248,0,1,19,0,20,127,76,63,2,268,80,20,100,368
08/09/2010,BUF,NY,AEA,CE,Combined TRACON& Tower with Radar,142,103,24,2,271,0,1,15,2,18,142,104,39,4,289,91,0,91,380
08/10/2010,BUF,NY,AEA,CE,Combined TRACON& Tower with Radar,145,102,44,4,295,0,3,23,4,30,145,105,67,8,325,116,14,130,455
08/11/2010,BUF,NY,AEA,CE,Combined TRACON& Tower with Radar,148,105,58,2,313,0,5,22,0,27,148,110,80,2,340,126,6,132,472
08/12/2010,BUF,NY,AEA,CE,Combined TRACON& Tower with Radar,146,106,42,3,297,0,8,21,2,31,146,114,63,5,328,133,0,133,461
08/13/2010,BUF,NY,AEA,CE,Combined TRACON& Tower with Radar,146,111,34,0,291,0,18,22,0,40,146,129,56,0,331,116,0,116,447
08/14/2010,BUF,NY,AEA,CE,Combined TRACON& Tower with Radar,129,64,39,0,232,0,6,31,0,37,129,70,70,0,269,70,16,86,355
08/15/2010,BUF,NY,AEA,CE,Combined TRACON& Tower with Radar,134,78,24,0,236,0,2,3,0,5,134,80,27,0,241,84,22,106,347
08/16/2010,BUF,NY,AEA,CE,Combined TRACON& Tower with Radar,134,97,23,2,256,0,17,18,0,35,134,114,41,2,291,113,0,113,404
08/17/2010,BUF,NY,AEA,CE,Combined TRACON& Tower with Radar,145,99,22,4,270,0,1,47,0,48,145,100,69,4,318,107,0,107,425
08/18/2010,BUF,NY,AEA,CE,Combined TRACON& Tower with Radar,146,101,39,0,286,0,3,29,0,32,146,104,68,0,318,82,16,98,416
08/19/2010,BUF,NY,AEA,CE,Combined TRACON& Tower with Radar,145,102,44,0,291,0,2,38,0,40,145,104,82,0,331,115,0,115,446
08/20/2010,BUF,NY,AEA,CE,Combined TRACON& Tower with Radar,141,104,31,1,277,0,6,32,2,40,141,110,63,3,317,121,0,121,438
08/21/2010,BUF,NY,AEA,CE,Combined TRACON& Tower with Radar,125,59,22,0,206,0,5,31,0,36,125,64,53,0,242,68,30,98,340
08/22/2010,BUF,NY,AEA,CE,Combined TRACON& Tower with Radar,118,72,20,0,210,0,1,7,0,8,118,73,27,0,218,84,22,106,324
08/23/2010,BUF,NY,AEA,CE,Combined TRACON& Tower with Radar,141,90,34,0,265,0,1,0,0,1,141,91,34,0,266,51,0,51,317
08/24/2010,BUF,NY,AEA,CE,Combined TRACON& Tower with Radar,151,95,38,0,284,0,6,38,0,44,151,101,76,0,328,62,11,73,401
08/25/2010,BUF,NY,AEA,CE,Combined TRACON& Tower with Radar,144,99,45,3,291,0,4,33,19,56,144,103,78,22,347,121,0,121,468
08/26/2010,BUF,NY,AEA,CE,Combined TRACON& Tower with Radar,149,103,34,2,288,0,10,29,0,39,149,113,63,2,327,132,0,132,459
08/27/2010,BUF,NY,AEA,CE,Combined TRACON& Tower with Radar,144,102,33,0,279,0,9,42,0,51,144,111,75,0,330,121,0,121,451
08/28/2010,BUF,NY,AEA,CE,Combined TRACON& Tower with Radar,121,61,23,0,205,0,12,51,0,63,121,73,74,0,268,86,20,106,374
08/29/2010,BUF,NY,AEA,CE,Combined TRACON& Tower with Radar,131,66,25,0,222,0,9,43,0,52,131,75,68,0,274,84,6,90,364
08/30/2010,BUF,NY,AEA,CE,Combined TRACON& Tower with Radar,143,99,23,3,268,0,2,30,2,34,143,101,53,5,302,106,0,106,408
08/31/2010,BUF,NY,AEA,CE,Combined TRACON& Tower with Radar,144,99,27,6,276,0,0,36,1,37,144,99,63,7,313,141,0,141,454
09/01/2010,BUF,NY,AEA,CE,Combined TRACON& Tower with Radar,142,101,34,0,277,0,11,44,2,57,142,112,78,2,334,92,24,116,450
09/02/2010,BUF,NY,AEA,CE,Combined TRACON& Tower with Radar,145,97,30,3,275,0,6,20,5,31,145,103,50,8,306,113,0,113,419
09/03/2010,BUF,NY,AEA,CE,Combined TRACON& Tower with Radar,145,111,29,5,290,0,1,16,0,17,145,112,45,5,307,120,0,120,427
09/04/2010,BUF,NY,AEA,CE,Combined TRACON& Tower with Radar,114,54,11,0,179,0,5,4,0,9,114,59,15,0,188,54,0,54,242
09/05/2010,BUF,NY,AEA,CE,Combined TRACON& Tower with Radar,115,58,22,0,195,0,4,9,0,13,115,62,31,0,208,58,0,58,266
09/06/2010,BUF,NY,AEA,CE,Combined TRACON& Tower with Radar,131,89,10,1,231,0,5,14,0,19,131,94,24,1,250,76,22,98,348
09/07/2010,BUF,NY,AEA,CE,Combined TRACON& Tower with Radar,132,110,21,16,279,0,5,11,0,16,132,115,32,16,295,117,0,117,412
09/08/2010,BUF,NY,AEA,CE,Combined TRACON& Tower with Radar,129,113,30,5,277,0,0,9,5,14,129,113,39,10,291,118,0,118,409
09/09/2010,BUF,NY,AEA,CE,Combined TRACON& Tower with Radar,135,115,39,0,289,0,6,11,1,18,135,121,50,1,307,98,0,98,405
09/10/2010,BUF,NY,AEA,CE,Combined TRACON& Tower with Radar,132,118,23,0,273,0,5,19,2,26,132,123,42,2,299,128,42,170,469
09/11/2010,BUF,NY,AEA,CE,Combined TRACON& Tower with Radar,101,65,27,0,193,0,5,68,0,73,101,70,95,0,266,172,0,172,438
09/12/2010,BUF,NY,AEA,CE,Combined TRACON& Tower with Radar,123,82,36,0,241,0,6,9,2,17,123,88,45,2,258,90,28,118,376
09/13/2010,BUF,NY,AEA,CE,Combined TRACON& Tower with Radar,130,114,36,0,280,0,3,15,0,18,130,117,51,0,298,102,0,102,400
09/14/2010,BUF,NY,AEA,CE,Combined TRACON& Tower with Radar,132,120,39,2,293,0,6,37,0,43,132,126,76,2,336,102,6,108,444
09/15/2010,BUF,NY,AEA,CE,Combined TRACON& Tower with Radar,128,108,41,0,277,0,4,50,4,58,128,112,91,4,335,128,0,128,463
09/16/2010,BUF,NY,AEA,CE,Combined TRACON& Tower with Radar,126,108,35,1,270,0,0,2,0,2,126,108,37,1,272,78,0,78,350
09/17/2010,BUF,NY,AEA,CE,Combined TRACON& Tower with Radar,136,115,26,0,277,0,3,43,1,47,136,118,69,1,324,82,0,82,406
09/18/2010,BUF,NY,AEA,CE,Combined TRACON& Tower with Radar,103,64,18,0,185,0,3,38,0,41,103,67,56,0,226,121,0,121,347
09/19/2010,BUF,NY,AEA,CE,Combined TRACON& Tower with Radar,123,86,26,0,235,0,2,16,0,18,123,88,42,0,253,102,0,102,355
09/20/2010,BUF,NY,AEA,CE,Combined TRACON& Tower with Radar,123,112,34,0,269,0,5,29,0,34,123,117,63,0,303,94,32,126,429
09/21/2010,BUF,NY,AEA,CE,Combined TRACON& Tower with Radar,128,108,63,2,301,0,3,44,0,47,128,111,107,2,348,129,0,129,477
09/22/2010,BUF,NY,AEA,CE,Combined TRACON& Tower with Radar,130,111,112,0,353,0,6,7,0,13,130,117,119,0,366,122,0,122,488
09/23/2010,BUF,NY,AEA,CE,Combined TRACON& Tower with Radar,140,113,56,0,309,0,11,35,2,48,140,124,91,2,357,135,0,135,492
09/24/2010,BUF,NY,AEA,CE,Combined TRACON& Tower with Radar,130,118,49,0,297,0,7,21,0,28,130,125,70,0,325,74,0,74,399
09/25/2010,BUF,NY,AEA,CE,Combined TRACON& Tower with Radar,109,68,42,0,219,0,4,17,0,21,109,72,59,0,240,113,0,113,353
09/26/2010,BUF,NY,AEA,CE,Combined TRACON& Tower with Radar,123,73,106,0,302,0,3,26,0,29,123,76,132,0,331,92,26,118,449
09/27/2010,BUF,NY,AEA,CE,Combined TRACON& Tower with Radar,125,101,40,0,266,0,1,9,1,11,125,102,49,1,277,72,0,72,349
09/28/2010,BUF,NY,AEA,CE,Combined TRACON& Tower with Radar,126,110,32,0,268,0,9,5,0,14,126,119,37,0,282,62,0,62,344
09/29/2010,BUF,NY,AEA,CE,Combined TRACON& Tower with Radar,133,115,36,2,286,0,4,33,2,39,133,119,69,4,325,88,0,88,413
09/30/2010,BUF,NY,AEA,CE,Combined TRACON& Tower with Radar,127,110,41,0,278,0,2,4,0,6,127,112,45,0,284,105,0,105,389
10/01/2010,BUF,NY,AEA,CE,Combined TRACON& Tower with Radar,135,99,27,0,261,0,14,29,0,43,135,113,56,0,304,125,0,125,429
10/02/2010,BUF,NY,AEA,CE,Combined TRACON& Tower with Radar,109,66,25,8,208,0,3,19,0,22,109,69,44,8,230,82,14,96,326
10/03/2010,BUF,NY,AEA,CE,Combined TRACON& Tower with Radar,120,84,28,0,232,0,3,6,0,9,120,87,34,0,241,84,20,104,345
10/04/2010,BUF,NY,AEA,CE,Combined TRACON& Tower with Radar,123,97,37,0,257,0,4,2,0,6,123,101,39,0,263,70,0,70,333
10/05/2010,BUF,NY,AEA,CE,Combined TRACON& Tower with Radar,137,93,36,0,266,0,0,2,0,2,137,93,38,0,268,48,0,48,316
10/06/2010,BUF,NY,AEA,CE,Combined TRACON& Tower with Radar,133,104,39,12,288,0,2,0,0,2,133,106,39,12,290,101,0,101,391
10/07/2010,BUF,NY,AEA,CE,Combined TRACON& Tower with Radar,138,110,38,0,286,0,5,43,2,50,138,115,81,2,336,144,8,152,488
10/08/2010,BUF,NY,AEA,CE,Combined TRACON& Tower with Radar,131,116,37,1,285,0,6,33,1,40,131,122,70,2,325,112,0,112,437
10/09/2010,BUF,NY,AEA,CE,Combined TRACON& Tower with Radar,111,65,32,0,208,0,9,54,0,63,111,74,86,0,271,100,20,120,391
10/10/2010,BUF,NY,AEA,CE,Combined TRACON& Tower with Radar,119,88,31,0,238,0,8,42,0,50,119,96,73,0,288,74,0,74,362
10/11/2010,BUF,NY,AEA,CE,Combined TRACON& Tower with Radar,139,105,29,1,274,0,1,7,0,8,139,106,36,1,282,139,0,139,421
10/12/2010,BUF,NY,AEA,CE,Combined TRACON& Tower with Radar,139,113,39,2,293,0,4,23,0,27,139,117,62,2,320,76,0,76,396
10/13/2010,BUF,NY,AEA,CE,Combined TRACON& Tower with Radar,134,101,36,3,274,0,4,34,2,40,134,105,70,5,314,107,0,107,421
10/14/2010,BUF,NY,AEA,CE,Combined TRACON& Tower with Radar,141,106,43,0,290,0,4,0,0,4,141,110,43,0,294,28,0,28,322
10/15/2010,BUF,NY,AEA,CE,Combined TRACON& Tower with Radar,136,114,29,2,281,0,7,13,1,21,136,121,42,3,302,48,10,58,360
10/16/2010,BUF,NY,AEA,CE,Combined TRACON& Tower with Radar,112,67,12,0,191,0,4,39,0,43,112,71,51,0,234,90,0,90,324
10/17/2010,BUF,NY,AEA,CE,Combined TRACON& Tower with Radar,123,85,34,0,242,0,3,41,0,44,123,88,75,0,286,64,6,70,356
10/18/2010,BUF,NY,AEA,CE,Combined TRACON& Tower with Radar,130,97,25,2,254,0,4,37,0,41,130,101,62,2,295,76,0,76,371
10/19/2010,BUF,NY,AEA,CE,Combined TRACON& Tower with Radar,139,107,33,0,279,0,6,25,0,31,139,113,58,0,310,90,0,90,400
10/20/2010,BUF,NY,AEA,CE,Combined TRACON& Tower with Radar,131,102,40,1,274,0,7,17,1,25,131,109,57,2,299,76,0,76,375
10/21/2010,BUF,NY,AEA,CE,Combined TRACON& Tower with Radar,138,103,37,0,278,0,3,5,0,8,138,106,42,0,286,72,0,72,358
10/22/2010,BUF,NY,AEA,CE,Combined TRACON& Tower with Radar,134,103,31,0,268,0,3,16,0,19,134,106,47,0,287,74,0,74,361
10/23/2010,BUF,NY,AEA,CE,Combined TRACON& Tower with Radar,109,59,27,0,195,0,2,35,0,37,109,61,62,0,232,82,0,82,314
10/24/2010,BUF,NY,AEA,CE,Combined TRACON& Tower with Radar,118,76,18,0,212,0,0,29,0,29,118,76,47,0,241,72,0,72,313
10/25/2010,BUF,NY,AEA,CE,Combined TRACON& Tower with Radar,129,98,28,0,255,0,6,13,0,19,129,104,41,0,274,72,0,72,346
10/26/2010,BUF,NY,AEA,CE,Combined TRACON& Tower with Radar,130,97,10,0,237,0,4,11,0,15,130,101,21,0,252,88,22,110,362
10/27/2010,BUF,NY,AEA,CE,Combined TRACON& Tower with Radar,120,100,34,0,254,0,5,23,0,28,120,105,57,0,282,90,22,112,394
10/28/2010,BUF,NY,AEA,CE,Combined TRACON& Tower with Radar,132,101,26,0,259,0,0,3,0,3,132,101,29,0,262,90,26,116,378
10/29/2010,BUF,NY,AEA,CE,Combined TRACON& Tower with Radar,129,104,20,0,253,0,2,20,0,22,129,106,40,0,275,79,0,79,354
10/30/2010,BUF,NY,AEA,CE,Combined TRACON& Tower with Radar,108,62,9,0,179,0,1,13,0,14,108,63,22,0,193,40,0,40,233
10/31/2010,BUF,NY,AEA,CE,Combined TRACON& Tower with Radar,119,67,16,0,202,0,4,20,0,24,119,71,36,0,226,74,0,74,300
11/01/2010,BUF,NY,AEA,CE,Combined TRACON& Tower with Radar,128,91,36,0,255,0,11,34,0,45,128,102,70,0,300,70,0,70,370
11/02/2010,BUF,NY,AEA,CE,Combined TRACON& Tower with Radar,136,101,35,4,276,0,5,25,0,30,136,106,60,4,306,80,0,80,386
11/03/2010,BUF,NY,AEA,CE,Combined TRACON& Tower with Radar,133,99,41,0,273,0,6,45,0,51,133,105,86,0,324,126,0,126,450
11/04/2010,BUF,NY,AEA,CE,Combined TRACON& Tower with Radar,128,105,45,0,278,0,0,0,0,0,128,105,45,0,278,60,0,60,338
11/05/2010,BUF,NY,AEA,CE,Combined TRACON& Tower with Radar,140,109,23,0,272,0,0,0,0,0,140,109,23,0,272,24,0,24,296
11/06/2010,BUF,NY,AEA,CE,Combined TRACON& Tower with Radar,114,64,18,2,198,0,0,16,0,16,114,64,34,2,214,88,20,108,322
11/07/2010,BUF,NY,AEA,CE,Combined TRACON& Tower with Radar,110,80,30,0,220,0,7,32,0,39,110,87,62,0,259,72,0,72,331
11/08/2010,BUF,NY,AEA,CE,Combined TRACON& Tower with Radar,123,97,28,1,249,0,5,24,2,31,123,102,52,3,280,88,16,104,384
11/09/2010,BUF,NY,AEA,CE,Combined TRACON& Tower with Radar,133,100,41,1,275,0,2,5,0,7,133,102,46,1,282,72,0,72,354
11/10/2010,BUF,NY,AEA,CE,Combined TRACON& Tower with Radar,127,97,40,2,266,0,4,28,0,32,127,101,68,2,298,94,0,94,392
11/11/2010,BUF,NY,AEA,CE,Combined TRACON& Tower with Radar,135,102,30,0,267,0,4,30,2,36,135,106,60,2,303,94,0,94,397
11/12/2010,BUF,NY,AEA,CE,Combined TRACON& Tower with Radar,149,124,40,0,313,0,3,43,0,46,149,127,83,0,359,102,0,102,461
11/13/2010,BUF,NY,AEA,CE,Combined TRACON& Tower with Radar,119,76,17,0,212,0,2,56,0,58,119,78,73,0,270,84,18,102,372
11/14/2010,BUF,NY,AEA,CE,Combined TRACON& Tower with Radar,117,72,33,1,223,0,7,9,2,18,117,79,42,3,241,70,0,70,311
11/15/2010,BUF,NY,AEA,CE,Combined TRACON& Tower with Radar,130,90,30,1,251,0,1,37,0,38,130,91,67,1,289,72,0,72,361
11/16/2010,BUF,NY,AEA,CE,Combined TRACON& Tower with Radar,131,100,34,0,265,0,2,17,0,19,131,102,51,0,284,44,0,44,328
11/17/2010,BUF,NY,AEA,CE,Combined TRACON& Tower with Radar,133,101,28,0,262,0,1,3,0,4,133,102,31,0,266,48,0,48,314
11/18/2010,BUF,NY,AEA,CE,Combined TRACON& Tower with Radar,129,106,32,0,267,0,4,9,0,13,129,110,41,0,280,78,18,96,376
11/19/2010,BUF,NY,AEA,CE,Combined TRACON& Tower with Radar,126,101,17,0,244,0,2,34,0,36,126,103,51,0,280,84,0,84,364
11/20/2010,BUF,NY,AEA,CE,Combined TRACON& Tower with Radar,118,57,15,0,190,0,1,13,0,14,118,58,28,0,204,66,0,66,270
11/21/2010,BUF,NY,AEA,CE,Combined TRACON& Tower with Radar,119,70,19,0,208,0,4,30,0,34,119,74,49,0,242,90,0,90,332
11/22/2010,BUF,NY,AEA,CE,Combined TRACON& Tower with Radar,122,89,29,2,242,0,1,1,0,2,122,90,30,2,244,91,0,91,335
11/23/2010,BUF,NY,AEA,CE,Combined TRACON& Tower with Radar,135,104,26,0,265,0,0,6,0,6,135,104,32,0,271,86,0,86,357
11/24/2010,BUF,NY,AEA,CE,Combined TRACON& Tower with Radar,134,101,21,0,256,0,5,37,2,44,134,106,58,2,300,86,0,86,386
11/25/2010,BUF,NY,AEA,CE,Combined TRACON& Tower with Radar,84,55,8,0,147,0,7,0,0,7,84,62,8,0,154,68,0,68,222
11/26/2010,BUF,NY,AEA,CE,Combined TRACON& Tower with Radar,107,65,5,0,177,0,2,2,0,4,107,67,7,0,181,80,0,80,261
11/27/2010,BUF,NY,AEA,CE,Combined TRACON& Tower with Radar,118,71,5,0,194,0,2,2,0,4,118,73,7,0,198,86,0,86,284
11/28/2010,BUF,NY,AEA,CE,Combined TRACON& Tower with Radar,124,83,34,0,241,0,1,15,0,16,124,84,49,0,257,90,0,90,347
11/29/2010,BUF,NY,AEA,CE,Combined TRACON& Tower with Radar,124,98,29,4,255,0,6,26,0,32,124,104,55,4,287,76,14,90,377
11/30/2010,BUF,NY,AEA,CE,Combined TRACON& Tower with Radar,128,105,24,0,257,0,0,0,0,0,128,105,24,0,257,78,16,94,351
12/01/2010,BUF,NY,AEA,CE,Combined TRACON& Tower with Radar,120,77,23,0,220,0,0,1,0,1,120,77,24,0,221,85,0,85,306
12/02/2010,BUF,NY,AEA,CE,Combined TRACON& Tower with Radar,134,97,32,0,263,0,2,0,0,2,134,99,32,0,265,45,0,45,310
12/03/2010,BUF,NY,AEA,CE,Combined TRACON& Tower with Radar,131,101,28,1,261,0,2,21,1,24,131,103,49,2,285,92,0,92,377
12/04/2010,BUF,NY,AEA,CE,Combined TRACON& Tower with Radar,110,56,6,0,172,0,1,8,0,9,110,57,14,0,181,128,0,128,309
12/05/2010,BUF,NY,AEA,CE,Combined TRACON& Tower with Radar,114,75,13,0,202,0,1,2,0,3,114,76,15,0,205,89,0,89,294
12/06/2010,BUF,NY,AEA,CE,Combined TRACON& Tower with Radar,121,85,17,0,223,0,0,0,0,0,121,85,17,0,223,74,10,84,307
12/07/2010,BUF,NY,AEA,CE,Combined TRACON& Tower with Radar,124,97,33,0,254,0,0,2,0,2,124,97,35,0,256,66,0,66,322
12/08/2010,BUF,NY,AEA,CE,Combined TRACON& Tower with Radar,127,92,33,0,252,0,0,5,0,5,127,92,38,0,257,68,2,70,327
12/09/2010,BUF,NY,AEA,CE,Combined TRACON& Tower with Radar,137,96,37,5,275,0,2,16,0,18,137,98,53,5,293,88,20,108,401
12/10/2010,BUF,NY,AEA,CE,Combined TRACON& Tower with Radar,133,99,28,0,260,0,2,3,0,5,133,101,31,0,265,78,0,78,343
12/11/2010,BUF,NY,AEA,CE,Combined TRACON& Tower with Radar,109,61,15,0,185,0,6,11,0,17,109,67,26,0,202,74,0,74,276
12/12/2010,BUF,NY,AEA,CE,Combined TRACON& Tower with Radar,94,61,39,0,194,0,1,0,0,1,94,62,39,0,195,46,0,46,241
12/13/2010,BUF,NY,AEA,CE,Combined TRACON& Tower with Radar,113,67,24,0,204,0,0,0,0,0,113,67,24,0,204,52,0,52,256
12/14/2010,BUF,NY,AEA,CE,Combined TRACON& Tower with Radar,131,82,18,0,231,0,0,1,0,1,131,82,19,0,232,74,16,90,322
12/15/2010,BUF,NY,AEA,CE,Combined TRACON& Tower with Radar,127,92,28,1,248,0,2,0,0,2,127,94,28,1,250,64,0,64,314
12/16/2010,BUF,NY,AEA,CE,Combined TRACON& Tower with Radar,131,99,23,0,253,0,3,1,0,4,131,102,24,0,257,72,0,72,329
12/17/2010,BUF,NY,AEA,CE,Combined TRACON& Tower with Radar,126,106,21,0,253,0,2,3,0,5,126,108,24,0,258,72,0,72,330
12/18/2010,BUF,NY,AEA,CE,Combined TRACON& Tower with Radar,107,62,11,2,182,0,7,7,0,14,107,69,18,2,196,66,6,72,268
12/19/2010,BUF,NY,AEA,CE,Combined TRACON& Tower with Radar,114,87,16,0,217,0,4,3,0,7,114,91,19,0,224,68,10,78,302
12/20/2010,BUF,NY,AEA,CE,Combined TRACON& Tower with Radar,117,91,20,0,228,0,0,2,0,2,117,91,22,0,230,68,14,82,312
12/21/2010,BUF,NY,AEA,CE,Combined TRACON& Tower with Radar,135,110,34,0,279,0,6,14,0,20,135,116,48,0,299,102,0,102,401
12/22/2010,BUF,NY,AEA,CE,Combined TRACON& Tower with Radar,127,116,22,0,265,0,5,2,0,7,127,121,24,0,272,100,0,100,372
12/23/2010,BUF,NY,AEA,CE,Combined TRACON& Tower with Radar,130,114,17,0,261,0,4,0,0,4,130,118,17,0,265,78,16,94,359
12/24/2010,BUF,NY,AEA,CE,Combined TRACON& Tower with Radar,110,78,13,0,201,0,1,6,0,7,110,79,19,0,208,93,0,93,301
12/25/2010,BUF,NY,AEA,CE,Combined TRACON& Tower with Radar,81,63,1,0,145,0,0,0,0,0,81,63,1,0,145,0,0,0,145
12/26/2010,BUF,NY,AEA,CE,Combined TRACON& Tower with Radar,103,51,15,0,169,0,0,0,0,0,103,51,15,0,169,74,10,84,253
12/27/2010,BUF,NY,AEA,CE,Combined TRACON& Tower with Radar,81,73,10,1,165,0,2,0,0,2,81,75,10,1,167,60,0,60,227
12/28/2010,BUF,NY,AEA,CE,Combined TRACON& Tower with Radar,100,92,22,0,214,0,4,2,0,6,100,96,24,0,220,90,0,90,310
12/29/2010,BUF,NY,AEA,CE,Combined TRACON& Tower with Radar,119,87,14,2,222,0,1,3,0,4,119,88,17,2,226,80,12,92,318
12/30/2010,BUF,NY,AEA,CE,Combined TRACON& Tower with Radar,126,96,8,0,230,0,0,10,2,12,126,96,18,2,242,74,16,90,332
12/31/2010,BUF,NY,AEA,CE,Combined TRACON& Tower with Radar,110,71,17,0,198,0,8,10,0,18,110,79,27,0,216,89,0,89,305
01/01/2011,BUF,NY,AEA,CE,Combined TRACON& Tower with Radar,101,53,7,0,161,0,3,4,0,7,101,56,11,0,168,62,0,62,230
01/02/2011,BUF,NY,AEA,CE,Combined TRACON& Tower with Radar,112,73,24,0,209,0,0,0,0,0,112,73,24,0,209,62,0,62,271
01/03/2011,BUF,NY,AEA,CE,Combined TRACON& Tower with Radar,126,98,30,0,254,0,6,8,0,14,126,104,38,0,268,94,0,94,362
01/04/2011,BUF,NY,AEA,CE,Combined TRACON& Tower with Radar,125,90,20,0,235,0,0,0,0,0,125,90,20,0,235,94,0,94,329
01/05/2011,BUF,NY,AEA,CE,Combined TRACON& Tower with Radar,123,98,38,0,259,0,2,13,0,15,123,100,51,0,274,51,0,51,325
01/06/2011,BUF,NY,AEA,CE,Combined TRACON& Tower with Radar,122,99,37,0,258,0,2,16,0,18,122,101,53,0,276,66,6,72,348
01/07/2011,BUF,NY,AEA,CE,Combined TRACON& Tower with Radar,117,95,24,0,236,0,1,5,0,6,117,96,29,0,242,66,10,76,318
01/08/2011,BUF,NY,AEA,CE,Combined TRACON& Tower with Radar,103,60,8,0,171,0,0,4,0,4,103,60,12,0,175,85,0,85,260
01/09/2011,BUF,NY,AEA,CE,Combined TRACON& Tower with Radar,102,72,14,0,188,0,3,0,0,3,102,75,14,0,191,72,0,72,263
01/10/2011,BUF,NY,AEA,CE,Combined TRACON& Tower with Radar,97,93,22,1,213,0,6,21,1,28,97,99,43,2,241,84,0,84,325
01/11/2011,BUF,NY,AEA,CE,Combined TRACON& Tower with Radar,75,78,33,6,192,0,0,4,0,4,75,78,37,6,196,62,10,72,268
01/12/2011,BUF,NY,AEA,CE,Combined TRACON& Tower with Radar,87,82,25,1,195,0,0,0,0,0,87,82,25,1,195,78,0,78,273
01/13/2011,BUF,NY,AEA,CE,Combined TRACON& Tower with Radar,117,106,38,4,265,0,4,2,0,6,117,110,40,4,271,85,0,85,356
01/14/2011,BUF,NY,AEA,CE,Combined TRACON& Tower with Radar,117,96,22,2,237,0,2,7,0,9,117,98,29,2,246,105,0,105,351
01/15/2011,BUF,NY,AEA,CE,Combined TRACON& Tower with Radar,107,66,12,0,185,0,1,0,0,1,107,67,12,0,186,46,4,50,236
01/16/2011,BUF,NY,AEA,CE,Combined TRACON& Tower with Radar,105,62,10,0,177,0,0,1,0,1,105,62,11,0,178,68,10,78,256
01/17/2011,BUF,NY,AEA,CE,Combined TRACON& Tower with Radar,108,83,27,0,218,0,6,22,0,28,108,89,49,0,246,70,12,82,328
01/18/2011,BUF,NY,AEA,CE,Combined TRACON& Tower with Radar,114,88,23,0,225,0,2,4,0,6,114,90,27,0,231,70,18,88,319
01/19/2011,BUF,NY,AEA,CE,Combined TRACON& Tower with Radar,120,96,26,0,242,0,0,0,0,0,120,96,26,0,242,91,0,91,333
01/20/2011,BUF,NY,AEA,CE,Combined TRACON& Tower with Radar,110,102,31,0,243,0,2,6,2,10,110,104,37,2,253,64,0,64,317
01/21/2011,BUF,NY,AEA,CE,Combined TRACON& Tower with Radar,119,93,17,0,229,0,1,1,0,2,119,94,18,0,231,67,0,67,298
01/22/2011,BUF,NY,AEA,CE,Combined TRACON& Tower with Radar,109,63,2,0,174,0,5,2,0,7,109,68,4,0,181,66,0,66,247
01/23/2011,BUF,NY,AEA,CE,Combined TRACON& Tower with Radar,105,66,17,0,188,0,0,2,0,2,105,66,19,0,190,76,14,90,280
01/24/2011,BUF,NY,AEA,CE,Combined TRACON& Tower with Radar,112,92,26,2,232,0,0,12,0,12,112,92,38,2,244,82,0,82,326
01/25/2011,BUF,NY,AEA,CE,Combined TRACON& Tower with Radar,115,95,24,2,236,0,2,0,0,2,115,97,24,2,238,80,0,80,318
01/26/2011,BUF,NY,AEA,CE,Combined TRACON& Tower with Radar,97,89,25,1,212,0,0,3,0,3,97,89,28,1,215,74,14,88,303
01/27/2011,BUF,NY,AEA,CE,Combined TRACON& Tower with Radar,94,86,29,0,209,0,3,3,0,6,94,89,32,0,215,92,0,92,307
01/28/2011,BUF,NY,AEA,CE,Combined TRACON& Tower with Radar,118,92,14,1,225,0,0,3,1,4,118,92,17,2,229,72,10,82,311
01/29/2011,BUF,NY,AEA,CE,Combined TRACON& Tower with Radar,105,69,3,0,177,0,0,0,0,0,105,69,3,0,177,83,0,83,260
01/30/2011,BUF,NY,AEA,CE,Combined TRACON& Tower with Radar,103,66,16,0,185,0,1,5,0,6,103,67,21,0,191,88,0,88,279
01/31/2011,BUF,NY,AEA,CE,Combined TRACON& Tower with Radar,115,93,31,2,241,0,2,9,2,13,115,95,40,4,254,62,12,74,328
02/01/2011,BUF,NY,AEA,CE,Combined TRACON& Tower with Radar,71,67,8,0,146,0,1,2,0,3,71,68,10,0,149,0,0,0,149
02/02/2011,BUF,NY,AEA,CE,Combined TRACON& Tower with Radar,62,43,7,0,112,0,1,0,0,1,62,44,7,0,113,0,0,0,113
02/03/2011,BUF,NY,AEA,CE,Combined TRACON& Tower with Radar,111,86,30,0,227,0,8,10,0,18,111,94,40,0,245,47,0,47,292
02/04/2011,BUF,NY,AEA,CE,Combined TRACON& Tower with Radar,111,99,16,4,230,0,6,9,0,15,111,105,25,4,245,0,0,0,245
02/05/2011,BUF,NY,AEA,CE,Combined TRACON& Tower with Radar,103,57,11,2,173,0,2,4,0,6,103,59,15,2,179,69,6,75,254
02/06/2011,BUF,NY,AEA,CE,Combined TRACON& Tower with Radar,109,66,5,0,180,0,0,3,2,5,109,66,8,2,185,0,0,0,185
02/07/2011,BUF,NY,AEA,CE,Combined TRACON& Tower with Radar,109,83,29,1,222,0,0,0,0,0,109,83,29,1,222,0,0,0,222
02/08/2011,BUF,NY,AEA,CE,Combined TRACON& Tower with Radar,111,101,17,0,229,0,3,1,0,4,111,104,18,0,233,0,0,0,233
02/09/2011,BUF,NY,AEA,CE,Combined TRACON& Tower with Radar,114,92,19,4,229,0,3,4,0,7,114,95,23,4,236,82,8,90,326
02/10/2011,BUF,NY,AEA,CE,Combined TRACON& Tower with Radar,111,107,37,0,255,0,4,4,0,8,111,111,41,0,263,71,0,71,334
02/11/2011,BUF,NY,AEA,CE,Combined TRACON& Tower with Radar,119,102,10,4,235,0,0,7,0,7,119,102,17,4,242,70,12,82,324
02/12/2011,BUF,NY,AEA,CE,Combined TRACON& Tower with Radar,108,70,5,0,183,0,1,0,0,1,108,71,5,0,184,85,0,85,269
02/13/2011,BUF,NY,AEA,CE,Combined TRACON& Tower with Radar,118,67,23,0,208,0,0,12,0,12,118,67,35,0,220,71,1,72,292
02/14/2011,BUF,NY,AEA,CE,Combined TRACON& Tower with Radar,121,103,17,0,241,0,0,1,0,1,121,103,18,0,242,72,6,78,320
02/15/2011,BUF,NY,AEA,CE,Combined TRACON& Tower with Radar,118,103,28,0,249,0,7,21,4,32,118,110,49,4,281,94,0,94,375
02/16/2011,BUF,NY,AEA,CE,Combined TRACON& Tower with Radar,129,102,21,0,252,0,8,20,1,29,129,110,41,1,281,70,12,82,363
02/17/2011,BUF,NY,AEA,CE,Combined TRACON& Tower with Radar,125,103,41,0,269,0,4,13,0,17,125,107,54,0,286,98,0,98,384
02/18/2011,BUF,NY,AEA,CE,Combined TRACON& Tower with Radar,129,107,25,0,261,0,1,5,0,6,129,108,30,0,267,60,12,72,339
02/19/2011,BUF,NY,AEA,CE,Combined TRACON& Tower with Radar,112,67,8,0,187,0,0,0,0,0,112,67,8,0,187,84,0,84,271
02/20/2011,BUF,NY,AEA,CE,Combined TRACON& Tower with Radar,118,67,8,0,193,0,4,24,0,28,118,71,32,0,221,120,0,120,341
02/21/2011,BUF,NY,AEA,CE,Combined TRACON& Tower with Radar,116,99,14,0,229,0,2,0,0,2,116,101,14,0,231,112,0,112,343
02/22/2011,BUF,NY,AEA,CE,Combined TRACON& Tower with Radar,141,105,31,0,277,0,2,21,0,23,141,107,52,0,300,88,20,108,408
02/23/2011,BUF,NY,AEA,CE,Combined TRACON& Tower with Radar,126,113,30,0,269,0,5,52,0,57,126,118,82,0,326,152,28,180,506
02/24/2011,BUF,NY,AEA,CE,Combined TRACON& Tower with Radar,130,109,30,0,269,0,0,2,0,2,130,109,32,0,271,90,0,90,361
02/25/2011,BUF,NY,AEA,CE,Combined TRACON& Tower with Radar,103,59,12,0,174,0,0,2,0,2,103,59,14,0,176,68,0,68,244
02/26/2011,BUF,NY,AEA,CE,Combined TRACON& Tower with Radar,119,68,9,0,196,0,1,1,0,2,119,69,10,0,198,82,0,82,280
02/27/2011,BUF,NY,AEA,CE,Combined TRACON& Tower with Radar,121,92,12,0,225,0,3,0,0,3,121,95,12,0,228,82,0,82,310
02/28/2011,BUF,NY,AEA,CE,Combined TRACON& Tower with Radar,120,102,30,0,252,0,4,5,0,9,120,106,35,0,261,76,0,76,337
03/01/2011,BUF,NY,AEA,CE,Combined TRACON& Tower with Radar,131,110,36,2,279,0,3,28,1,32,131,113,64,3,311,84,16,100,411
03/02/2011,BUF,NY,AEA,CE,Combined TRACON& Tower with Radar,123,101,39,2,265,0,3,5,0,8,123,104,44,2,273,89,0,89,362
03/03/2011,BUF,NY,AEA,CE,Combined TRACON& Tower with Radar,130,103,26,3,262,0,5,24,0,29,130,108,50,3,291,100,2,102,393
03/04/2011,BUF,NY,AEA,CE,Combined TRACON& Tower with Radar,131,100,22,0,253,0,5,7,0,12,131,105,29,0,265,74,0,74,339
03/05/2011,BUF,NY,AEA,CE,Combined TRACON& Tower with Radar,112,69,17,0,198,0,3,1,0,4,112,72,18,0,202,36,0,36,238
03/06/2011,BUF,NY,AEA,CE,Combined TRACON& Tower with Radar,112,81,9,0,202,0,1,2,0,3,112,82,11,0,205,68,0,68,273
03/07/2011,BUF,NY,AEA,CE,Combined TRACON& Tower with Radar,119,108,34,2,263,0,2,14,0,16,119,110,48,2,279,116,0,116,395
03/08/2011,BUF,NY,AEA,CE,Combined TRACON& Tower with Radar,121,109,41,2,273,0,4,10,2,16,121,113,51,4,289,82,0,82,371
03/09/2011,BUF,NY,AEA,CE,Combined TRACON& Tower with Radar,118,106,32,0,256,0,1,1,0,2,118,107,33,0,258,95,0,95,353
03/10/2011,BUF,NY,AEA,CE,Combined TRACON& Tower with Radar,127,104,39,0,270,0,2,0,0,2,127,106,39,0,272,96,0,96,368
03/11/2011,BUF,NY,AEA,CE,Combined TRACON& Tower with Radar,125,97,25,0,247,0,0,2,0,2,125,97,27,0,249,70,6,76,325
03/12/2011,BUF,NY,AEA,CE,Combined TRACON& Tower with Radar,110,75,9,0,194,0,0,7,0,7,110,75,16,0,201,106,0,106,307
03/13/2011,BUF,NY,AEA,CE,Combined TRACON& Tower with Radar,118,86,11,0,215,0,0,5,0,5,118,86,16,0,220,82,10,92,312
03/14/2011,BUF,NY,AEA,CE,Combined TRACON& Tower with Radar,121,110,19,2,252,0,5,6,0,11,121,115,25,2,263,90,0,90,353
03/15/2011,BUF,NY,AEA,CE,Combined TRACON& Tower with Radar,127,105,25,0,257,0,3,19,0,22,127,108,44,0,279,106,0,106,385
03/16/2011,BUF,NY,AEA,CE,Combined TRACON& Tower with Radar,123,105,27,2,257,0,0,0,0,0,123,105,27,2,257,80,0,80,337
03/17/2011,BUF,NY,AEA,CE,Combined TRACON& Tower with Radar,125,117,23,0,265,0,4,26,0,30,125,121,49,0,295,106,6,112,407
03/18/2011,BUF,NY,AEA,CE,Combined TRACON& Tower with Radar,131,112,29,0,272,0,2,8,0,10,131,114,37,0,282,86,24,110,392
03/19/2011,BUF,NY,AEA,CE,Combined TRACON& Tower with Radar,114,76,14,0,204,0,1,38,0,39,114,77,52,0,243,91,0,91,334
03/20/2011,BUF,NY,AEA,CE,Combined TRACON& Tower with Radar,117,93,16,0,226,0,3,33,0,36,117,96,49,0,262,89,0,89,351
03/21/2011,BUF,NY,AEA,CE,Combined TRACON& Tower with Radar,123,100,28,0,251,0,3,4,6,13,123,103,32,6,264,85,0,85,349
03/22/2011,BUF,NY,AEA,CE,Combined TRACON& Tower with Radar,129,101,31,2,263,0,4,17,2,23,129,105,48,4,286,78,20,98,384
03/23/2011,BUF,NY,AEA,CE,Combined TRACON& Tower with Radar,116,99,37,2,254,0,0,0,0,0,116,99,37,2,254,38,0,38,292
03/24/2011,BUF,NY,AEA,CE,Combined TRACON& Tower with Radar,136,112,58,0,306,0,5,20,0,25,136,117,78,0,331,56,8,64,395
03/25/2011,BUF,NY,AEA,CE,Combined TRACON& Tower with Radar,131,116,34,0,281,0,2,24,0,26,131,118,58,0,307,134,0,134,441
03/26/2011,BUF,NY,AEA,CE,Combined TRACON& Tower with Radar,112,77,11,0,200,0,3,32,0,35,112,80,43,0,235,87,0,87,322
03/27/2011,BUF,NY,AEA,CE,Combined TRACON& Tower with Radar,115,89,26,0,230,0,5,26,0,31,115,94,52,0,261,100,2,102,363
03/28/2011,BUF,NY,AEA,CE,Combined TRACON& Tower with Radar,123,107,24,2,256,0,4,22,0,26,123,111,46,2,282,94,0,94,376
03/29/2011,BUF,NY,AEA,CE,Combined TRACON& Tower with Radar,125,108,43,0,276,0,5,20,0,25,125,113,63,0,301,96,0,96,397
03/30/2011,BUF,NY,AEA,CE,Combined TRACON& Tower with Radar,121,106,29,1,257,0,0,22,1,23,121,106,51,2,280,80,16,96,376
03/31/2011,BUF,NY,AEA,CE,Combined TRACON& Tower with Radar,120,105,32,0,257,0,0,2,0,2,120,105,34,0,259,80,18,98,357
04/01/2011,BUF,NY,AEA,CE,Combined TRACON& Tower with Radar,134,102,24,0,260,0,2,9,0,11,134,104,33,0,271,102,0,102,373
04/02/2011,BUF,NY,AEA,CE,Combined TRACON& Tower with Radar,116,70,10,0,196,0,4,19,0,23,116,74,29,0,219,92,0,92,311
04/03/2011,BUF,NY,AEA,CE,Combined TRACON& Tower with Radar,120,81,21,0,222,0,5,23,0,28,120,86,44,0,250,94,0,94,344
04/04/2011,BUF,NY,AEA,CE,Combined TRACON& Tower with Radar,123,95,19,0,237,0,0,3,0,3,123,95,22,0,240,48,0,48,288
04/05/2011,BUF,NY,AEA,CE,Combined TRACON& Tower with Radar,128,102,25,2,257,0,0,4,0,4,128,102,29,2,261,72,0,72,333
04/06/2011,BUF,NY,AEA,CE,Combined TRACON& Tower with Radar,128,119,24,0,271,0,1,4,0,5,128,120,28,0,276,76,16,92,368
04/07/2011,BUF,NY,AEA,CE,Combined TRACON& Tower with Radar,128,116,37,7,288,0,1,15,3,19,128,117,52,10,307,89,0,89,396
04/08/2011,BUF,NY,AEA,CE,Combined TRACON& Tower with Radar,127,117,32,0,276,0,8,17,0,25,127,125,49,0,301,91,0,91,392
04/09/2011,BUF,NY,AEA,CE,Combined TRACON& Tower with Radar,116,75,22,0,213,0,5,26,4,35,116,80,48,4,248,84,6,90,338
04/10/2011,BUF,NY,AEA,CE,Combined TRACON& Tower with Radar,118,94,12,0,224,0,2,10,0,12,118,96,22,0,236,92,32,124,360
04/11/2011,BUF,NY,AEA,CE,Combined TRACON& Tower with Radar,126,114,15,0,255,0,2,2,0,4,126,116,17,0,259,91,0,91,350
04/12/2011,BUF,NY,AEA,CE,Combined TRACON& Tower with Radar,123,105,34,0,262,0,7,9,0,16,123,112,43,0,278,92,0,92,370
04/13/2011,BUF,NY,AEA,CE,Combined TRACON& Tower with Radar,132,110,43,4,289,0,0,0,0,0,132,110,43,4,289,89,0,89,378
04/14/2011,BUF,NY,AEA,CE,Combined TRACON& Tower with Radar,128,117,39,4,288,0,1,31,2,34,128,118,70,6,322,108,8,116,438
04/15/2011,BUF,NY,AEA,CE,Combined TRACON& Tower with Radar,129,114,17,0,260,0,0,22,0,22,129,114,39,0,282,114,0,114,396
04/16/2011,BUF,NY,AEA,CE,Combined TRACON& Tower with Radar,116,77,10,0,203,0,4,0,0,4,116,81,10,0,207,74,8,82,289
04/17/2011,BUF,NY,AEA,CE,Combined TRACON& Tower with Radar,123,86,14,0,223,0,0,1,0,1,123,86,15,0,224,30,4,34,258
04/18/2011,BUF,NY,AEA,CE,Combined TRACON& Tower with Radar,128,98,41,0,267,0,3,2,0,5,128,101,43,0,272,76,14,90,362
04/19/2011,BUF,NY,AEA,CE,Combined TRACON& Tower with Radar,128,106,23,0,257,0,7,3,0,10,128,113,26,0,267,0,0,0,267
04/20/2011,BUF,NY,AEA,CE,Combined TRACON& Tower with Radar,131,102,28,0,261,0,0,0,0,0,131,102,28,0,261,60,0,60,321
04/21/2011,BUF,NY,AEA,CE,Combined TRACON& Tower with Radar,137,103,38,0,278,0,4,12,0,16,137,107,50,0,294,110,0,110,404
04/22/2011,BUF,NY,AEA,CE,Combined TRACON& Tower with Radar,128,102,27,0,257,0,1,27,0,28,128,103,54,0,285,138,0,138,423
04/23/2011,BUF,NY,AEA,CE,Combined TRACON& Tower with Radar,121,73,6,0,200,0,1,2,0,3,121,74,8,0,203,84,16,100,303
04/24/2011,BUF,NY,AEA,CE,Combined TRACON& Tower with Radar,120,87,29,0,236,0,3,8,0,11,120,90,37,0,247,94,0,94,341
04/25/2011,BUF,NY,AEA,CE,Combined TRACON& Tower with Radar,124,97,27,2,250,0,1,6,0,7,124,98,33,2,257,92,0,92,349
04/26/2011,BUF,NY,AEA,CE,Combined TRACON& Tower with Radar,130,100,20,0,250,0,0,3,0,3,130,100,23,0,253,72,0,72,325
04/27/2011,BUF,NY,AEA,CE,Combined TRACON& Tower with Radar,135,109,27,0,271,0,7,6,0,13,135,116,33,0,284,86,22,108,392
04/28/2011,BUF,NY,AEA,CE,Combined TRACON& Tower with Radar,127,108,32,1,268,0,2,3,0,5,127,110,35,1,273,84,16,100,373
04/29/2011,BUF,NY,AEA,CE,Combined TRACON& Tower with Radar,129,121,24,0,274,0,2,6,0,8,129,123,30,0,282,57,0,57,339
04/30/2011,BUF,NY,AEA,CE,Combined TRACON& Tower with Radar,121,69,21,0,211,0,3,47,0,50,121,72,68,0,261,107,0,107,368
05/01/2011,BUF,NY,AEA,CE,Combined TRACON& Tower with Radar,123,82,22,0,227,0,7,19,0,26,123,89,41,0,253,87,0,87,340
05/02/2011,BUF,NY,AEA,CE,Combined TRACON& Tower with Radar,134,105,24,0,263,0,3,6,0,9,134,108,30,0,272,60,0,60,332
05/03/2011,BUF,NY,AEA,CE,Combined TRACON& Tower with Radar,128,104,27,0,259,0,0,0,0,0,128,104,27,0,259,74,8,82,341
05/04/2011,BUF,NY,AEA,CE,Combined TRACON& Tower with Radar,129,101,30,2,262,0,7,8,0,15,129,108,38,2,277,112,0,112,389
05/05/2011,BUF,NY,AEA,CE,Combined TRACON& Tower with Radar,133,108,38,2,281,0,4,41,5,50,133,112,79,7,331,113,0,113,444
05/06/2011,BUF,NY,AEA,CE,Combined TRACON& Tower with Radar,136,107,45,0,288,0,1,34,0,35,136,108,79,0,323,106,0,106,429
05/07/2011,BUF,NY,AEA,CE,Combined TRACON& Tower with Radar,113,66,20,0,199,0,2,46,0,48,113,68,66,0,247,120,0,120,367
05/08/2011,BUF,NY,AEA,CE,Combined TRACON& Tower with Radar,113,81,29,0,223,0,3,31,0,34,113,84,60,0,257,116,0,116,373
05/09/2011,BUF,NY,AEA,CE,Combined TRACON& Tower with Radar,132,99,47,0,278,0,3,35,0,38,132,102,82,0,316,88,0,88,404
05/10/2011,BUF,NY,AEA,CE,Combined TRACON& Tower with Radar,131,103,40,0,274,0,4,27,2,33,131,107,67,2,307,112,0,112,419
05/11/2011,BUF,NY,AEA,CE,Combined TRACON& Tower with Radar,129,100,35,1,265,0,14,19,3,36,129,114,54,4,301,86,20,106,407
05/12/2011,BUF,NY,AEA,CE,Combined TRACON& Tower with Radar,135,100,35,3,273,0,7,30,3,40,135,107,65,6,313,97,0,97,410
05/13/2011,BUF,NY,AEA,CE,Combined TRACON& Tower with Radar,138,104,19,0,261,0,10,14,0,24,138,114,33,0,285,90,0,90,375
05/14/2011,BUF,NY,AEA,CE,Combined TRACON& Tower with Radar,114,60,22,4,200,0,0,0,0,0,114,60,22,4,200,38,0,38,238
05/15/2011,BUF,NY,AEA,CE,Combined TRACON& Tower with Radar,113,69,24,0,206,0,0,1,0,1,113,69,25,0,207,42,0,42,249
05/16/2011,BUF,NY,AEA,CE,Combined TRACON& Tower with Radar,138,101,32,0,271,0,0,0,0,0,138,101,32,0,271,22,0,22,293
05/17/2011,BUF,NY,AEA,CE,Combined TRACON& Tower with Radar,137,111,38,0,286,0,0,0,0,0,137,111,38,0,286,78,12,90,376
05/18/2011,BUF,NY,AEA,CE,Combined TRACON& Tower with Radar,133,97,33,0,263,0,0,5,0,5,133,97,38,0,268,90,0,90,358
05/19/2011,BUF,NY,AEA,CE,Combined TRACON& Tower with Radar,132,103,34,0,269,0,8,6,0,14,132,111,40,0,283,90,0,90,373
05/20/2011,BUF,NY,AEA,CE,Combined TRACON& Tower with Radar,130,105,31,3,269,0,1,1,0,2,130,106,32,3,271,90,0,90,361
05/21/2011,BUF,NY,AEA,CE,Combined TRACON& Tower with Radar,132,74,27,1,234,0,4,27,2,33,132,78,54,3,267,115,0,115,382
05/22/2011,BUF,NY,AEA,CE,Combined TRACON& Tower with Radar,118,81,18,0,217,0,3,25,0,28,118,84,43,0,245,106,0,106,351
05/23/2011,BUF,NY,AEA,CE,Combined TRACON& Tower with Radar,128,99,22,0,249,0,2,3,0,5,128,101,25,0,254,89,0,89,343
05/24/2011,BUF,NY,AEA,CE,Combined TRACON& Tower with Radar,137,114,33,8,292,0,3,19,0,22,137,117,52,8,314,120,0,120,434
05/25/2011,BUF,NY,AEA,CE,Combined TRACON& Tower with Radar,125,92,31,6,254,0,1,28,2,31,125,93,59,8,285,142,0,142,427
05/26/2011,BUF,NY,AEA,CE,Combined TRACON& Tower with Radar,131,104,24,1,260,0,2,2,0,4,131,106,26,1,264,72,0,72,336
05/27/2011,BUF,NY,AEA,CE,Combined TRACON& Tower with Radar,131,92,32,1,256,0,0,0,0,0,131,92,32,1,256,56,0,56,312
05/28/2011,BUF,NY,AEA,CE,Combined TRACON& Tower with Radar,111,67,27,0,205,0,4,21,0,25,111,71,48,0,230,118,0,118,348
05/29/2011,BUF,NY,AEA,CE,Combined TRACON& Tower with Radar,103,57,16,0,176,0,3,25,0,28,103,60,41,0,204,96,18,114,318
05/30/2011,BUF,NY,AEA,CE,Combined TRACON& Tower with Radar,129,84,25,0,238,0,3,12,0,15,129,87,37,0,253,103,0,103,356
05/31/2011,BUF,NY,AEA,CE,Combined TRACON& Tower with Radar,133,99,32,4,268,0,4,37,1,42,133,103,69,5,310,142,0,142,452
06/01/2011,BUF,NY,AEA,CE,Combined TRACON& Tower with Radar,129,108,31,1,269,0,5,15,0,20,129,113,46,1,289,90,0,90,379
06/02/2011,BUF,NY,AEA,CE,Combined TRACON& Tower with Radar,136,116,35,0,287,0,5,15,0,20,136,121,50,0,307,96,0,96,403
06/03/2011,BUF,NY,AEA,CE,Combined TRACON& Tower with Radar,133,115,27,0,275,0,7,41,2,50,133,122,68,2,325,156,0,156,481
06/04/2011,BUF,NY,AEA,CE,Combined TRACON& Tower with Radar,113,68,12,3,196,0,5,5,0,10,113,73,17,3,206,64,0,64,270
06/05/2011,BUF,NY,AEA,CE,Combined TRACON& Tower with Radar,118,84,38,0,240,0,8,23,0,31,118,92,61,0,271,108,0,108,379
06/06/2011,BUF,NY,AEA,CE,Combined TRACON& Tower with Radar,130,113,43,0,286,0,9,30,0,39,130,122,73,0,325,106,0,106,431
06/07/2011,BUF,NY,AEA,CE,Combined TRACON& Tower with Radar,134,109,25,2,270,0,8,20,0,28,134,117,45,2,298,126,0,126,424
06/08/2011,BUF,NY,AEA,CE,Combined TRACON& Tower with Radar,139,121,39,0,299,0,7,14,1,22,139,128,53,1,321,84,20,104,425
06/09/2011,BUF,NY,AEA,CE,Combined TRACON& Tower with Radar,134,90,43,0,267,0,11,16,3,30,134,101,59,3,297,84,18,102,399
06/10/2011,BUF,NY,AEA,CE,Combined TRACON& Tower with Radar,140,91,27,0,258,0,10,32,0,42,140,101,59,0,300,122,0,122,422
06/11/2011,BUF,NY,AEA,CE,Combined TRACON& Tower with Radar,117,70,18,0,205,0,7,22,0,29,117,77,40,0,234,109,0,109,343
06/12/2011,BUF,NY,AEA,CE,Combined TRACON& Tower with Radar,119,80,26,0,225,0,4,4,0,8,119,84,30,0,233,90,14,104,337
06/13/2011,BUF,NY,AEA,CE,Combined TRACON& Tower with Radar,144,99,29,0,272,0,4,36,0,40,144,103,65,0,312,106,0,106,418
06/14/2011,BUF,NY,AEA,CE,Combined TRACON& Tower with Radar,140,105,50,2,297,0,6,11,2,19,140,111,61,4,316,120,0,120,436
06/15/2011,BUF,NY,AEA,CE,Combined TRACON& Tower with Radar,135,96,30,0,261,0,4,34,5,43,135,100,64,5,304,156,0,156,460
06/16/2011,BUF,NY,AEA,CE,Combined TRACON& Tower with Radar,144,96,41,5,286,0,2,24,0,26,144,98,65,5,312,92,16,108,420
06/17/2011,BUF,NY,AEA,CE,Combined TRACON& Tower with Radar,146,93,28,7,274,0,2,25,1,28,146,95,53,8,302,118,5,123,425
06/18/2011,BUF,NY,AEA,CE,Combined TRACON& Tower with Radar,115,75,25,0,215,0,16,40,2,58,115,91,65,2,273,132,0,132,405
06/19/2011,BUF,NY,AEA,CE,Combined TRACON& Tower with Radar,122,77,24,0,223,0,9,62,0,71,122,86,86,0,294,164,0,164,458
06/20/2011,BUF,NY,AEA,CE,Combined TRACON& Tower with Radar,143,94,42,3,282,0,2,30,6,38,143,96,72,9,320,84,16,100,420
06/21/2011,BUF,NY,AEA,CE,Combined TRACON& Tower with Radar,137,92,37,6,272,0,4,7,0,11,137,96,44,6,283,106,0,106,389
06/22/2011,BUF,NY,AEA,CE,Combined TRACON& Tower with Radar,140,89,48,0,277,0,0,15,0,15,140,89,63,0,292,82,22,104,396
06/23/2011,BUF,NY,AEA,CE,Combined TRACON& Tower with Radar,142,100,41,0,283,0,2,17,0,19,142,102,58,0,302,97,0,97,399
06/24/2011,BUF,NY,AEA,CE,Combined TRACON& Tower with Radar,139,97,39,9,284,0,2,4,0,6,139,99,43,9,290,92,0,92,382
06/25/2011,BUF,NY,AEA,CE,Combined TRACON& Tower with Radar,118,73,29,0,220,0,4,8,0,12,118,77,37,0,232,93,0,93,325
06/26/2011,BUF,NY,AEA,CE,Combined TRACON& Tower with Radar,121,84,31,1,237,0,6,18,1,25,121,90,49,2,262,126,0,126,388
06/27/2011,BUF,NY,AEA,CE,Combined TRACON& Tower with Radar,143,96,37,2,278,0,8,39,4,51,143,104,76,6,329,124,0,124,453
06/28/2011,BUF,NY,AEA,CE,Combined TRACON& Tower with Radar,142,98,28,2,270,0,8,9,2,19,142,106,37,4,289,100,0,100,389
06/29/2011,BUF,NY,AEA,CE,Combined TRACON& Tower with Radar,151,102,64,2,319,0,4,19,0,23,151,106,83,2,342,94,0,94,436
06/30/2011,BUF,NY,AEA,CE,Combined TRACON& Tower with Radar,138,98,36,1,273,0,10,48,1,59,138,108,84,2,332,108,0,108,440
07/01/2011,BUF,NY,AEA,CE,Combined TRACON& Tower with Radar,144,99,34,0,277,0,14,44,0,58,144,113,78,0,335,158,0,158,493
07/02/2011,BUF,NY,AEA,CE,Combined TRACON& Tower with Radar,123,62,26,0,211,0,5,56,0,61,123,67,82,0,272,162,0,162,434
07/03/2011,BUF,NY,AEA,CE,Combined TRACON& Tower with Radar,112,76,5,0,193,0,6,27,0,33,112,82,32,0,226,92,28,120,346
07/04/2011,BUF,NY,AEA,CE,Combined TRACON& Tower with Radar,125,76,13,0,214,0,6,32,0,38,125,82,45,0,252,100,0,100,352
07/05/2011,BUF,NY,AEA,CE,Combined TRACON& Tower with Radar,142,98,24,0,264,0,9,31,2,42,142,107,55,2,306,90,24,114,420
07/06/2011,BUF,NY,AEA,CE,Combined TRACON& Tower with Radar,150,102,27,2,281,0,10,9,1,20,150,112,36,3,301,100,10,110,411
07/07/2011,BUF,NY,AEA,CE,Combined TRACON& Tower with Radar,144,90,32,2,268,0,18,22,0,40,144,108,54,2,308,144,0,144,452
07/08/2011,BUF,NY,AEA,CE,Combined TRACON& Tower with Radar,143,91,35,2,271,0,6,41,1,48,143,97,76,3,319,139,0,139,458
07/09/2011,BUF,NY,AEA,CE,Combined TRACON& Tower with Radar,120,64,21,0,205,0,5,36,0,41,120,69,57,0,246,144,0,144,390
07/10/2011,BUF,NY,AEA,CE,Combined TRACON& Tower with Radar,124,80,24,0,228,0,5,46,0,51,124,85,70,0,279,158,0,158,437
07/11/2011,BUF,NY,AEA,CE,Combined TRACON& Tower with Radar,139,89,42,2,272,0,3,19,0,22,139,92,61,2,294,106,0,106,400
07/12/2011,BUF,NY,AEA,CE,Combined TRACON& Tower with Radar,150,104,40,4,298,0,6,19,0,25,150,110,59,4,323,106,0,106,429
07/13/2011,BUF,NY,AEA,CE,Combined TRACON& Tower with Radar,146,93,41,4,284,0,14,38,0,52,146,107,79,4,336,101,0,101,437
07/14/2011,BUF,NY,AEA,CE,Combined TRACON& Tower with Radar,151,96,41,0,288,0,6,45,4,55,151,102,86,4,343,132,0,132,475
07/15/2011,BUF,NY,AEA,CE,Combined TRACON& Tower with Radar,150,100,29,1,280,0,10,45,2,57,150,110,74,3,337,152,4,156,493
07/16/2011,BUF,NY,AEA,CE,Combined TRACON& Tower with Radar,119,69,10,0,198,0,6,56,1,63,119,75,66,1,261,154,0,154,415
07/17/2011,BUF,NY,AEA,CE,Combined TRACON& Tower with Radar,123,81,17,1,222,0,7,41,2,50,123,88,58,3,272,164,0,164,436
07/18/2011,BUF,NY,AEA,CE,Combined TRACON& Tower with Radar,144,93,36,1,274,0,1,7,2,10,144,94,43,3,284,98,0,98,382
07/19/2011,BUF,NY,AEA,CE,Combined TRACON& Tower with Radar,151,101,38,1,291,0,1,24,6,31,151,102,62,7,322,144,0,144,466
07/20/2011,BUF,NY,AEA,CE,Combined TRACON& Tower with Radar,144,100,37,9,290,0,3,29,0,32,144,103,66,9,322,150,8,158,480
07/21/2011,BUF,NY,AEA,CE,Combined TRACON& Tower with Radar,149,95,36,7,287,0,2,23,3,28,149,97,59,10,315,138,8,146,461
07/22/2011,BUF,NY,AEA,CE,Combined TRACON& Tower with Radar,144,91,36,1,272,0,14,31,2,47,144,105,67,3,319,93,0,93,412
07/23/2011,BUF,NY,AEA,CE,Combined TRACON& Tower with Radar,119,61,20,0,200,0,8,24,0,32,119,69,44,0,232,78,18,96,328
07/24/2011,BUF,NY,AEA,CE,Combined TRACON& Tower with Radar,124,67,30,0,221,0,7,24,0,31,124,74,54,0,252,96,0,96,348
07/25/2011,BUF,NY,AEA,CE,Combined TRACON& Tower with Radar,136,87,35,0,258,0,6,8,0,14,136,93,43,0,272,98,0,98,370
07/26/2011,BUF,NY,AEA,CE,Combined TRACON& Tower with Radar,151,96,35,1,283,0,4,22,3,29,151,100,57,4,312,84,20,104,416
07/27/2011,BUF,NY,AEA,CE,Combined TRACON& Tower with Radar,149,92,35,11,287,0,5,53,0,58,149,97,88,11,345,137,9,146,491
07/28/2011,BUF,NY,AEA,CE,Combined TRACON& Tower with Radar,140,94,69,15,318,0,2,15,2,19,140,96,84,17,337,97,10,107,444
07/29/2011,BUF,NY,AEA,CE,Combined TRACON& Tower with Radar,143,89,28,0,260,0,6,1,0,7,143,95,29,0,267,88,22,110,377
07/30/2011,BUF,NY,AEA,CE,Combined TRACON& Tower with Radar,121,63,21,0,205,0,5,40,0,45,121,68,61,0,250,145,0,145,395
07/31/2011,BUF,NY,AEA,CE,Combined TRACON& Tower with Radar,122,69,27,0,218,0,2,26,2,30,122,71,53,2,248,147,0,147,395
08/01/2011,BUF,NY,AEA,CE,Combined TRACON& Tower with Radar,131,87,26,0,244,0,5,14,0,19,131,92,40,0,263,84,0,84,347
08/02/2011,BUF,NY,AEA,CE,Combined TRACON& Tower with Radar,147,98,42,6,293,0,6,29,5,40,147,104,71,11,333,86,26,112,445
08/03/2011,BUF,NY,AEA,CE,Combined TRACON& Tower with Radar,146,92,34,12,284,0,3,1,0,4,146,95,35,12,288,111,0,111,399
08/04/2011,BUF,NY,AEA,CE,Combined TRACON& Tower with Radar,150,97,39,0,286,0,9,23,2,34,150,106,62,2,320,101,0,101,421
08/05/2011,BUF,NY,AEA,CE,Combined TRACON& Tower with Radar,146,92,39,0,277,0,4,33,4,41,146,96,72,4,318,127,0,127,445
08/06/2011,BUF,NY,AEA,CE,Combined TRACON& Tower with Radar,123,66,22,2,213,0,13,20,2,35,123,79,42,4,248,117,0,117,365
08/07/2011,BUF,NY,AEA,CE,Combined TRACON& Tower with Radar,121,76,18,0,215,0,4,8,0,12,121,80,26,0,227,74,0,74,301
08/08/2011,BUF,NY,AEA,CE,Combined TRACON& Tower with Radar,145,102,19,2,268,0,9,24,0,33,145,111,43,2,301,92,28,120,421
08/09/2011,BUF,NY,AEA,CE,Combined TRACON& Tower with Radar,150,96,30,0,276,0,1,8,0,9,150,97,38,0,285,90,20,110,395
08/10/2011,BUF,NY,AEA,CE,Combined TRACON& Tower with Radar,150,97,36,0,283,0,8,25,0,33,150,105,61,0,316,99,0,99,415
08/11/2011,BUF,NY,AEA,CE,Combined TRACON& Tower with Radar,148,109,46,0,303,0,7,58,0,65,148,116,104,0,368,134,0,134,502
08/12/2011,BUF,NY,AEA,CE,Combined TRACON& Tower with Radar,150,101,37,4,292,0,17,37,5,59,150,118,74,9,351,140,16,156,507
08/13/2011,BUF,NY,AEA,CE,Combined TRACON& Tower with Radar,124,62,25,0,211,0,7,28,2,37,124,69,53,2,248,108,16,124,372
08/14/2011,BUF,NY,AEA,CE,Combined TRACON& Tower with Radar,118,70,35,0,223,0,2,8,1,11,118,72,43,1,234,84,26,110,344
08/15/2011,BUF,NY,AEA,CE,Combined TRACON& Tower with Radar,139,97,26,1,263,0,11,11,0,22,139,108,37,1,285,102,32,134,419
08/16/2011,BUF,NY,AEA,CE,Combined TRACON& Tower with Radar,141,99,31,2,273,0,5,41,2,48,141,104,72,4,321,92,22,114,435
08/17/2011,BUF,NY,AEA,CE,Combined TRACON& Tower with Radar,145,104,37,6,292,0,5,43,0,48,145,109,80,6,340,94,0,94,434
08/18/2011,BUF,NY,AEA,CE,Combined TRACON& Tower with Radar,134,94,30,0,258,0,6,9,2,17,134,100,39,2,275,111,0,111,386
08/19/2011,BUF,NY,AEA,CE,Combined TRACON& Tower with Radar,142,92,37,0,271,0,10,17,0,27,142,102,54,0,298,108,0,108,406
08/20/2011,BUF,NY,AEA,CE,Combined TRACON& Tower with Radar,124,59,26,0,209,0,5,37,0,42,124,64,63,0,251,97,0,97,348
08/21/2011,BUF,NY,AEA,CE,Combined TRACON& Tower with Radar,121,71,11,0,203,0,1,1,2,4,121,72,12,2,207,96,0,96,303
08/22/2011,BUF,NY,AEA,CE,Combined TRACON& Tower with Radar,142,96,36,0,274,0,10,18,0,28,142,106,54,0,302,112,0,112,414
08/23/2011,BUF,NY,AEA,CE,Combined TRACON& Tower with Radar,146,101,22,2,271,0,7,29,12,48,146,108,51,14,319,110,0,110,429
08/24/2011,BUF,NY,AEA,CE,Combined TRACON& Tower with Radar,144,99,27,2,272,0,10,9,0,19,144,109,36,2,291,92,0,92,383
08/25/2011,BUF,NY,AEA,CE,Combined TRACON& Tower with Radar,141,97,31,2,271,0,5,10,0,15,141,102,41,2,286,96,12,108,394
08/26/2011,BUF,NY,AEA,CE,Combined TRACON& Tower with Radar,154,102,33,0,289,0,3,27,0,30,154,105,60,0,319,126,0,126,445
08/27/2011,BUF,NY,AEA,CE,Combined TRACON& Tower with Radar,98,66,38,0,202,0,7,33,0,40,98,73,71,0,242,90,24,114,356
08/28/2011,BUF,NY,AEA,CE,Combined TRACON& Tower with Radar,82,45,17,0,144,0,4,5,0,9,82,49,22,0,153,86,22,108,261
08/29/2011,BUF,NY,AEA,CE,Combined TRACON& Tower with Radar,112,90,48,0,250,0,8,29,2,39,112,98,77,2,289,108,0,108,397
08/30/2011,BUF,NY,AEA,CE,Combined TRACON& Tower with Radar,141,109,41,6,297,0,8,28,2,38,141,117,69,8,335,106,14,120,455
08/31/2011,BUF,NY,AEA,CE,Combined TRACON& Tower with Radar,146,101,38,7,292,0,9,23,5,37,146,110,61,12,329,112,24,136,465
09/01/2011,BUF,NY,AEA,CE,Combined TRACON& Tower with Radar,145,102,32,4,283,0,5,8,3,16,145,107,40,7,299,83,0,83,382
09/02/2011,BUF,NY,AEA,CE,Combined TRACON& Tower with Radar,148,103,34,1,286,0,5,22,4,31,148,108,56,5,317,95,0,95,412
09/03/2011,BUF,NY,AEA,CE,Combined TRACON& Tower with Radar,112,56,21,0,189,0,12,14,0,26,112,68,35,0,215,120,0,120,335
09/04/2011,BUF,NY,AEA,CE,Combined TRACON& Tower with Radar,116,61,8,1,186,0,0,10,0,10,116,61,18,1,196,89,0,89,285
09/05/2011,BUF,NY,AEA,CE,Combined TRACON& Tower with Radar,124,86,33,2,245,0,1,4,0,5,124,87,37,2,250,92,2,94,344
09/06/2011,BUF,NY,AEA,CE,Combined TRACON& Tower with Radar,134,107,23,0,264,0,4,4,0,8,134,111,27,0,272,86,24,110,382
09/07/2011,BUF,NY,AEA,CE,Combined TRACON& Tower with Radar,136,94,38,2,270,0,2,2,0,4,136,96,40,2,274,88,28,116,390
09/08/2011,BUF,NY,AEA,CE,Combined TRACON& Tower with Radar,139,104,32,0,275,0,2,6,0,8,139,106,38,0,283,107,0,107,390
09/09/2011,BUF,NY,AEA,CE,Combined TRACON& Tower with Radar,141,110,28,2,281,0,2,22,0,24,141,112,50,2,305,92,32,124,429
09/10/2011,BUF,NY,AEA,CE,Combined TRACON& Tower with Radar,115,68,39,0,222,0,8,38,0,46,115,76,77,0,268,118,0,118,386
09/11/2011,BUF,NY,AEA,CE,Combined TRACON& Tower with Radar,117,82,27,1,227,0,8,27,1,36,117,90,54,2,263,113,0,113,376
09/12/2011,BUF,NY,AEA,CE,Combined TRACON& Tower with Radar,135,103,51,0,289,0,6,30,0,36,135,109,81,0,325,104,0,104,429
09/13/2011,BUF,NY,AEA,CE,Combined TRACON& Tower with Radar,130,102,36,0,268,0,4,17,2,23,130,106,53,2,291,74,0,74,365
09/14/2011,BUF,NY,AEA,CE,Combined TRACON& Tower with Radar,132,103,32,12,279,0,1,32,0,33,132,104,64,12,312,96,0,96,408
09/15/2011,BUF,NY,AEA,CE,Combined TRACON& Tower with Radar,137,110,42,10,299,0,3,13,0,16,137,113,55,10,315,132,0,132,447
09/16/2011,BUF,NY,AEA,CE,Combined TRACON& Tower with Radar,147,113,28,0,288,0,6,26,2,34,147,119,54,2,322,95,0,95,417
09/17/2011,BUF,NY,AEA,CE,Combined TRACON& Tower with Radar,114,66,21,0,201,0,6,34,0,40,114,72,55,0,241,93,0,93,334
09/18/2011,BUF,NY,AEA,CE,Combined TRACON& Tower with Radar,118,81,29,0,228,0,3,32,4,39,118,84,61,4,267,136,0,136,403
09/19/2011,BUF,NY,AEA,CE,Combined TRACON& Tower with Radar,137,106,37,0,280,0,4,10,0,14,137,110,47,0,294,79,0,79,373
09/20/2011,BUF,NY,AEA,CE,Combined TRACON& Tower with Radar,133,99,38,4,274,0,3,9,2,14,133,102,47,6,288,103,0,103,391
09/21/2011,BUF,NY,AEA,CE,Combined TRACON& Tower with Radar,132,104,33,0,269,0,2,28,2,32,132,106,61,2,301,88,0,88,389
09/22/2011,BUF,NY,AEA,CE,Combined TRACON& Tower with Radar,138,100,41,8,287,0,11,18,6,35,138,111,59,14,322,96,0,96,418
09/23/2011,BUF,NY,AEA,CE,Combined TRACON& Tower with Radar,143,108,13,1,265,0,2,4,0,6,143,110,17,1,271,89,0,89,360
09/24/2011,BUF,NY,AEA,CE,Combined TRACON& Tower with Radar,116,79,22,0,217,0,2,26,0,28,116,81,48,0,245,96,0,96,341
09/25/2011,BUF,NY,AEA,CE,Combined TRACON& Tower with Radar,122,85,34,1,242,0,5,28,0,33,122,90,62,1,275,0,0,0,275
09/26/2011,BUF,NY,AEA,CE,Combined TRACON& Tower with Radar,131,101,47,5,284,0,3,23,1,27,131,104,70,6,311,90,30,120,431
09/27/2011,BUF,NY,AEA,CE,Combined TRACON& Tower with Radar,135,104,39,10,288,0,3,7,2,12,135,107,46,12,300,110,0,110,410
09/28/2011,BUF,NY,AEA,CE,Combined TRACON& Tower with Radar,129,110,31,2,272,0,1,14,2,17,129,111,45,4,289,64,0,64,353
09/29/2011,BUF,NY,AEA,CE,Combined TRACON& Tower with Radar,137,112,30,0,279,0,6,0,0,6,137,118,30,0,285,0,0,0,285
09/30/2011,BUF,NY,AEA,CE,Combined TRACON& Tower with Radar,146,100,25,0,271,0,7,8,0,15,146,107,33,0,286,70,0,70,356
10/01/2011,BUF,NY,AEA,CE,Combined TRACON& Tower with Radar,121,67,13,0,201,0,1,0,0,1,121,68,13,0,202,112,0,112,314
10/02/2011,BUF,NY,AEA,CE,Combined TRACON& Tower with Radar,115,72,19,0,206,0,0,0,0,0,115,72,19,0,206,86,14,100,306
10/03/2011,BUF,NY,AEA,CE,Combined TRACON& Tower with Radar,130,98,22,3,253,0,0,5,0,5,130,98,27,3,258,64,0,64,322
10/04/2011,BUF,NY,AEA,CE,Combined TRACON& Tower with Radar,131,101,29,0,261,0,2,11,0,13,131,103,40,0,274,96,0,96,370
10/05/2011,BUF,NY,AEA,CE,Combined TRACON& Tower with Radar,138,104,31,2,275,0,2,36,0,38,138,106,67,2,313,86,0,86,399
10/06/2011,BUF,NY,AEA,CE,Combined TRACON& Tower with Radar,139,99,44,2,284,0,10,45,0,55,139,109,89,2,339,140,0,140,479
10/07/2011,BUF,NY,AEA,CE,Combined TRACON& Tower with Radar,139,105,32,2,278,0,3,53,0,56,139,108,85,2,334,144,0,144,478
10/08/2011,BUF,NY,AEA,CE,Combined TRACON& Tower with Radar,120,72,25,0,217,0,5,52,0,57,120,77,77,0,274,154,0,154,428
10/09/2011,BUF,NY,AEA,CE,Combined TRACON& Tower with Radar,125,90,28,0,243,0,11,44,0,55,125,101,72,0,298,112,0,112,410
10/10/2011,BUF,NY,AEA,CE,Combined TRACON& Tower with Radar,134,96,24,0,254,0,4,46,0,50,134,100,70,0,304,108,0,108,412
10/11/2011,BUF,NY,AEA,CE,Combined TRACON& Tower with Radar,134,113,31,1,279,0,8,28,0,36,134,121,59,1,315,88,0,88,403
10/12/2011,BUF,NY,AEA,CE,Combined TRACON& Tower with Radar,136,105,54,22,317,0,2,3,0,5,136,107,57,22,322,90,0,90,412
10/13/2011,BUF,NY,AEA,CE,Combined TRACON& Tower with Radar,140,96,43,0,279,0,5,8,2,15,140,101,51,2,294,72,0,72,366
10/14/2011,BUF,NY,AEA,CE,Combined TRACON& Tower with Radar,140,98,26,0,264,0,2,2,0,4,140,100,28,0,268,66,0,66,334
10/15/2011,BUF,NY,AEA,CE,Combined TRACON& Tower with Radar,118,70,9,0,197,0,1,0,0,1,118,71,9,0,198,58,0,58,256
10/16/2011,BUF,NY,AEA,CE,Combined TRACON& Tower with Radar,121,83,29,0,233,0,1,13,0,14,121,84,42,0,247,76,0,76,323
10/17/2011,BUF,NY,AEA,CE,Combined TRACON& Tower with Radar,136,96,30,0,262,0,5,11,0,16,136,101,41,0,278,72,0,72,350
10/18/2011,BUF,NY,AEA,CE,Combined TRACON& Tower with Radar,129,105,26,3,263,0,5,18,1,24,129,110,44,4,287,76,20,96,383
10/19/2011,BUF,NY,AEA,CE,Combined TRACON& Tower with Radar,139,111,27,0,277,0,3,2,0,5,139,114,29,0,282,0,0,0,282
10/20/2011,BUF,NY,AEA,CE,Combined TRACON& Tower with Radar,140,108,33,2,283,0,0,4,0,4,140,108,37,2,287,76,16,92,379
10/21/2011,BUF,NY,AEA,CE,Combined TRACON& Tower with Radar,145,102,32,0,279,0,5,13,0,18,145,107,45,0,297,61,0,61,358
10/22/2011,BUF,NY,AEA,CE,Combined TRACON& Tower with Radar,110,63,28,2,203,0,2,19,0,21,110,65,47,2,224,84,0,84,308
10/23/2011,BUF,NY,AEA,CE,Combined TRACON& Tower with Radar,120,76,23,0,219,0,3,56,0,59,120,79,79,0,278,130,0,130,408
10/24/2011,BUF,NY,AEA,CE,Combined TRACON& Tower with Radar,132,96,38,0,266,0,2,9,0,11,132,98,47,0,277,80,12,92,369
10/25/2011,BUF,NY,AEA,CE,Combined TRACON& Tower with Radar,138,102,46,0,286,0,3,13,0,16,138,105,59,0,302,58,0,58,360
10/26/2011,BUF,NY,AEA,CE,Combined TRACON& Tower with Radar,136,119,37,4,296,0,0,0,0,0,136,119,37,4,296,84,18,102,398
10/27/2011,BUF,NY,AEA,CE,Combined TRACON& Tower with Radar,133,107,26,0,266,0,1,1,0,2,133,108,27,0,268,90,0,90,358
10/28/2011,BUF,NY,AEA,CE,Combined TRACON& Tower with Radar,144,99,30,2,275,0,7,27,0,34,144,106,57,2,309,108,0,108,417
10/29/2011,BUF,NY,AEA,CE,Combined TRACON& Tower with Radar,118,55,13,0,186,0,1,13,0,14,118,56,26,0,200,58,0,58,258
10/30/2011,BUF,NY,AEA,CE,Combined TRACON& Tower with Radar,114,77,17,0,208,0,2,25,0,27,114,79,42,0,235,144,0,144,379
10/31/2011,BUF,NY,AEA,CE,Combined TRACON& Tower with Radar,127,98,32,0,257,0,1,15,0,16,127,99,47,0,273,0,0,0,273
11/01/2011,BUF,NY,AEA,CE,Combined TRACON& Tower with Radar,131,100,41,6,278,0,7,11,2,20,131,107,52,8,298,86,22,108,406
11/02/2011,BUF,NY,AEA,CE,Combined TRACON& Tower with Radar,129,102,38,6,275,0,5,22,2,29,129,107,60,8,304,82,16,98,402
11/03/2011,BUF,NY,AEA,CE,Combined TRACON& Tower with Radar,130,105,30,0,265,0,2,12,0,14,130,107,42,0,279,84,0,84,363
11/04/2011,BUF,NY,AEA,CE,Combined TRACON& Tower with Radar,141,108,31,4,284,0,3,12,0,15,141,111,43,4,299,97,0,97,396
11/05/2011,BUF,NY,AEA,CE,Combined TRACON& Tower with Radar,115,67,16,2,200,0,6,33,0,39,115,73,49,2,239,94,24,118,357
11/06/2011,BUF,NY,AEA,CE,Combined TRACON& Tower with Radar,126,82,38,0,246,0,4,32,0,36,126,86,70,0,282,86,20,106,388
11/07/2011,BUF,NY,AEA,CE,Combined TRACON& Tower with Radar,132,100,25,7,264,0,4,48,0,52,132,104,73,7,316,80,20,100,416
11/08/2011,BUF,NY,AEA,CE,Combined TRACON& Tower with Radar,130,100,39,0,269,0,15,14,0,29,130,115,53,0,298,105,0,105,403
11/09/2011,BUF,NY,AEA,CE,Combined TRACON& Tower with Radar,139,92,38,0,269,0,3,13,0,16,139,95,51,0,285,90,0,90,375
11/10/2011,BUF,NY,AEA,CE,Combined TRACON& Tower with Radar,134,99,29,0,262,0,4,1,0,5,134,103,30,0,267,0,0,0,267
11/11/2011,BUF,NY,AEA,CE,Combined TRACON& Tower with Radar,134,105,14,0,253,0,3,1,0,4,134,108,15,0,257,0,0,0,257
11/12/2011,BUF,NY,AEA,CE,Combined TRACON& Tower with Radar,112,57,14,0,183,0,0,6,0,6,112,57,20,0,189,86,28,114,303
11/13/2011,BUF,NY,AEA,CE,Combined TRACON& Tower with Radar,119,71,17,0,207,0,3,7,0,10,119,74,24,0,217,0,0,0,217
11/14/2011,BUF,NY,AEA,CE,Combined TRACON& Tower with Radar,126,94,19,0,239,0,1,3,0,4,126,95,22,0,243,78,18,96,339
11/15/2011,BUF,NY,AEA,CE,Combined TRACON& Tower with Radar,129,97,27,0,253,0,3,6,0,9,129,100,33,0,262,85,0,85,347
11/16/2011,BUF,NY,AEA,CE,Combined TRACON& Tower with Radar,136,97,40,0,273,0,6,9,2,17,136,103,49,2,290,97,0,97,387
11/17/2011,BUF,NY,AEA,CE,Combined TRACON& Tower with Radar,135,93,23,5,256,0,15,9,3,27,135,108,32,8,283,80,12,92,375
11/18/2011,BUF,NY,AEA,CE,Combined TRACON& Tower with Radar,131,95,16,0,242,0,5,8,1,14,131,100,24,1,256,95,4,99,355
11/19/2011,BUF,NY,AEA,CE,Combined TRACON& Tower with Radar,111,57,12,0,180,1,6,12,0,19,112,63,24,0,199,70,0,70,269
11/20/2011,BUF,NY,AEA,CE,Combined TRACON& Tower with Radar,117,69,12,0,198,0,1,8,0,9,117,70,20,0,207,99,0,99,306
11/21/2011,BUF,NY,AEA,CE,Combined TRACON& Tower with Radar,117,96,20,0,233,0,2,13,0,15,117,98,33,0,248,106,0,106,354
11/22/2011,BUF,NY,AEA,CE,Combined TRACON& Tower with Radar,140,99,27,0,266,0,1,11,0,12,140,100,38,0,278,92,4,96,374
11/23/2011,BUF,NY,AEA,CE,Combined TRACON& Tower with Radar,138,109,14,0,261,0,1,2,0,3,138,110,16,0,264,86,0,86,350
11/24/2011,BUF,NY,AEA,CE,Combined TRACON& Tower with Radar,92,47,7,0,146,0,1,3,0,4,92,48,10,0,150,46,0,46,196
11/25/2011,BUF,NY,AEA,CE,Combined TRACON& Tower with Radar,100,58,18,0,176,0,1,12,0,13,100,59,30,0,189,62,0,62,251
11/26/2011,BUF,NY,AEA,CE,Combined TRACON& Tower with Radar,127,60,15,2,204,0,4,29,0,33,127,64,44,2,237,67,0,67,304
11/27/2011,BUF,NY,AEA,CE,Combined TRACON& Tower with Radar,125,84,23,0,232,0,3,3,0,6,125,87,26,0,238,97,0,97,335
11/28/2011,BUF,NY,AEA,CE,Combined TRACON& Tower with Radar,142,103,32,0,277,0,3,3,0,6,142,106,35,0,283,96,0,96,379
11/29/2011,BUF,NY,AEA,CE,Combined TRACON& Tower with Radar,131,102,31,0,264,0,1,0,0,1,131,103,31,0,265,70,8,78,343
11/30/2011,BUF,NY,AEA,CE,Combined TRACON& Tower with Radar,132,100,31,0,263,0,0,0,0,0,132,100,31,0,263,68,0,68,331
12/01/2011,BUF,NY,AEA,CE,Combined TRACON& Tower with Radar,138,103,31,2,274,0,11,10,2,23,138,114,41,4,297,95,0,95,392
12/02/2011,BUF,NY,AEA,CE,Combined TRACON& Tower with Radar,128,94,17,0,239,0,5,3,0,8,128,99,20,0,247,67,0,67,314
12/03/2011,BUF,NY,AEA,CE,Combined TRACON& Tower with Radar,106,53,19,0,178,0,4,33,0,37,106,57,52,0,215,112,0,112,327
12/04/2011,BUF,NY,AEA,CE,Combined TRACON& Tower with Radar,121,65,15,0,201,0,5,7,0,12,121,70,22,0,213,66,0,66,279
12/05/2011,BUF,NY,AEA,CE,Combined TRACON& Tower with Radar,124,99,18,0,241,0,2,0,0,2,124,101,18,0,243,0,0,0,243
12/06/2011,BUF,NY,AEA,CE,Combined TRACON& Tower with Radar,128,87,14,0,229,0,0,0,0,0,128,87,14,0,229,80,12,92,321
12/07/2011,BUF,NY,AEA,CE,Combined TRACON& Tower with Radar,124,96,17,2,239,0,0,1,0,1,124,96,18,2,240,60,0,60,300
12/08/2011,BUF,NY,AEA,CE,Combined TRACON& Tower with Radar,134,90,20,0,244,0,4,7,6,17,134,94,27,6,261,77,0,77,338
12/09/2011,BUF,NY,AEA,CE,Combined TRACON& Tower with Radar,131,91,21,0,243,0,2,0,0,2,131,93,21,0,245,0,0,0,245
12/10/2011,BUF,NY,AEA,CE,Combined TRACON& Tower with Radar,103,55,14,0,172,0,6,9,0,15,103,61,23,0,187,92,0,92,279
12/11/2011,BUF,NY,AEA,CE,Combined TRACON& Tower with Radar,116,61,18,0,195,0,6,8,0,14,116,67,26,0,209,106,0,106,315
12/12/2011,BUF,NY,AEA,CE,Combined TRACON& Tower with Radar,128,83,36,0,247,0,3,30,3,36,128,86,66,3,283,80,24,104,387
12/13/2011,BUF,NY,AEA,CE,Combined TRACON& Tower with Radar,125,83,35,2,245,0,3,7,1,11,125,86,42,3,256,78,0,78,334
12/14/2011,BUF,NY,AEA,CE,Combined TRACON& Tower with Radar,123,89,40,0,252,0,1,13,2,16,123,90,53,2,268,84,0,84,352
12/15/2011,BUF,NY,AEA,CE,Combined TRACON& Tower with Radar,133,106,28,0,267,0,0,0,0,0,133,106,28,0,267,75,0,75,342
12/16/2011,BUF,NY,AEA,CE,Combined TRACON& Tower with Radar,127,97,19,0,243,0,0,9,0,9,127,97,28,0,252,0,0,0,252
12/17/2011,BUF,NY,AEA,CE,Combined TRACON& Tower with Radar,108,57,25,0,190,0,5,11,0,16,108,62,36,0,206,0,0,0,206
12/18/2011,BUF,NY,AEA,CE,Combined TRACON& Tower with Radar,110,64,13,0,187,0,3,9,0,12,110,67,22,0,199,70,0,70,269
12/19/2011,BUF,NY,AEA,CE,Combined TRACON& Tower with Radar,125,101,21,0,247,0,3,2,0,5,125,104,23,0,252,0,0,0,252
12/20/2011,BUF,NY,AEA,CE,Combined TRACON& Tower with Radar,127,98,26,2,253,0,4,15,0,19,127,102,41,2,272,98,0,98,370
12/21/2011,BUF,NY,AEA,CE,Combined TRACON& Tower with Radar,125,95,17,8,245,0,3,0,0,3,125,98,17,8,248,84,0,84,332
12/22/2011,BUF,NY,AEA,CE,Combined TRACON& Tower with Radar,135,106,23,3,267,0,0,6,4,10,135,106,29,7,277,46,0,46,323
12/23/2011,BUF,NY,AEA,CE,Combined TRACON& Tower with Radar,135,105,11,0,251,0,4,3,0,7,135,109,14,0,258,0,0,0,258
12/24/2011,BUF,NY,AEA,CE,Combined TRACON& Tower with Radar,112,52,11,1,176,0,4,31,0,35,112,56,42,1,211,68,0,68,279
12/25/2011,BUF,NY,AEA,CE,Combined TRACON& Tower with Radar,96,48,5,0,149,0,3,3,0,6,96,51,8,0,155,82,0,82,237
12/26/2011,BUF,NY,AEA,CE,Combined TRACON& Tower with Radar,114,72,22,0,208,0,4,13,0,17,114,76,35,0,225,77,0,77,302
12/27/2011,BUF,NY,AEA,CE,Combined TRACON& Tower with Radar,128,76,9,2,215,0,2,11,0,13,128,78,20,2,228,50,0,50,278
12/28/2011,BUF,NY,AEA,CE,Combined TRACON& Tower with Radar,133,84,5,0,222,0,0,13,0,13,133,84,18,0,235,54,0,54,289
12/29/2011,BUF,NY,AEA,CE,Combined TRACON& Tower with Radar,130,74,11,2,217,0,2,11,0,13,130,76,22,2,230,46,0,46,276
12/30/2011,BUF,NY,AEA,CE,Combined TRACON& Tower with Radar,124,82,6,0,212,0,2,9,2,13,124,84,15,2,225,85,0,85,310
12/31/2011,BUF,NY,AEA,CE,Combined TRACON& Tower with Radar,121,51,6,2,180,0,3,0,0,3,121,54,6,2,183,60,2,62,245
01/01/2012,BUF,NY,AEA,CE,Combined TRACON& Tower with Radar,101,53,8,0,162,0,0,4,0,4,101,53,12,0,166,0,0,0,166
01/02/2012,BUF,NY,AEA,CE,Combined TRACON& Tower with Radar,114,67,15,0,196,0,0,0,0,0,114,67,15,0,196,0,0,0,196
01/03/2012,BUF,NY,AEA,CE,Combined TRACON& Tower with Radar,120,81,7,0,208,0,0,2,0,2,120,81,9,0,210,81,0,81,291
01/04/2012,BUF,NY,AEA,CE,Combined TRACON& Tower with Radar,130,84,18,6,238,0,3,9,0,12,130,87,27,6,250,42,0,42,292
01/05/2012,BUF,NY,AEA,CE,Combined TRACON& Tower with Radar,124,85,12,0,221,0,4,5,2,11,124,89,17,2,232,0,0,0,232
01/06/2012,BUF,NY,AEA,CE,Combined TRACON& Tower with Radar,124,92,13,0,229,0,6,4,1,11,124,98,17,1,240,28,0,28,268
01/07/2012,BUF,NY,AEA,CE,Combined TRACON& Tower with Radar,106,56,14,0,176,0,0,10,0,10,106,56,24,0,186,50,0,50,236
01/08/2012,BUF,NY,AEA,CE,Combined TRACON& Tower with Radar,104,57,22,0,183,0,5,20,0,25,104,62,42,0,208,74,10,84,292
01/09/2012,BUF,NY,AEA,CE,Combined TRACON& Tower with Radar,115,96,12,3,226,0,8,14,3,25,115,104,26,6,251,0,0,0,251
01/10/2012,BUF,NY,AEA,CE,Combined TRACON& Tower with Radar,118,82,18,7,225,0,7,13,1,21,118,89,31,8,246,74,0,74,320
01/11/2012,BUF,NY,AEA,CE,Combined TRACON& Tower with Radar,127,97,30,2,256,0,3,20,4,27,127,100,50,6,283,0,0,0,283
01/12/2012,BUF,NY,AEA,CE,Combined TRACON& Tower with Radar,118,84,20,0,222,0,0,0,0,0,118,84,20,0,222,0,0,0,222
01/13/2012,BUF,NY,AEA,CE,Combined TRACON& Tower with Radar,95,59,6,0,160,0,0,0,0,0,95,59,6,0,160,0,0,0,160
01/14/2012,BUF,NY,AEA,CE,Combined TRACON& Tower with Radar,106,57,14,0,177,0,0,0,0,0,106,57,14,0,177,80,18,98,275
01/15/2012,BUF,NY,AEA,CE,Combined TRACON& Tower with Radar,100,56,22,0,178,0,7,13,0,20,100,63,35,0,198,70,0,70,268
01/16/2012,BUF,NY,AEA,CE,Combined TRACON& Tower with Radar,117,83,14,0,214,0,1,7,0,8,117,84,21,0,222,26,0,26,248
01/17/2012,BUF,NY,AEA,CE,Combined TRACON& Tower with Radar,112,92,26,0,230,0,5,0,0,5,112,97,26,0,235,52,0,52,287
01/18/2012,BUF,NY,AEA,CE,Combined TRACON& Tower with Radar,118,91,30,0,239,0,2,0,0,2,118,93,30,0,241,76,10,86,327
01/19/2012,BUF,NY,AEA,CE,Combined TRACON& Tower with Radar,131,97,25,0,253,0,0,0,0,0,131,97,25,0,253,72,10,82,335
01/20/2012,BUF,NY,AEA,CE,Combined TRACON& Tower with Radar,122,86,35,0,243,0,3,15,0,18,122,89,50,0,261,43,0,43,304
01/21/2012,BUF,NY,AEA,CE,Combined TRACON& Tower with Radar,96,47,3,0,146,0,3,1,0,4,96,50,4,0,150,74,14,88,238
01/22/2012,BUF,NY,AEA,CE,Combined TRACON& Tower with Radar,105,59,19,0,183,0,0,42,2,44,105,59,61,2,227,76,14,90,317
01/23/2012,BUF,NY,AEA,CE,Combined TRACON& Tower with Radar,116,98,16,0,230,0,1,0,0,1,116,99,16,0,231,0,0,0,231
01/24/2012,BUF,NY,AEA,CE,Combined TRACON& Tower with Radar,118,92,28,4,242,0,2,1,1,4,118,94,29,5,246,0,0,0,246
01/25/2012,BUF,NY,AEA,CE,Combined TRACON& Tower with Radar,123,93,35,0,251,0,0,4,0,4,123,93,39,0,255,34,0,34,289
01/26/2012,BUF,NY,AEA,CE,Combined TRACON& Tower with Radar,126,106,19,0,251,0,0,3,0,3,126,106,22,0,254,53,0,53,307
01/27/2012,BUF,NY,AEA,CE,Combined TRACON& Tower with Radar,120,97,10,0,227,0,1,2,0,3,120,98,12,0,230,78,14,92,322
01/28/2012,BUF,NY,AEA,CE,Combined TRACON& Tower with Radar,102,59,9,0,170,0,1,1,0,2,102,60,10,0,172,11,0,11,183
01/29/2012,BUF,NY,AEA,CE,Combined TRACON& Tower with Radar,103,60,9,0,172,0,0,0,0,0,103,60,9,0,172,0,0,0,172
01/30/2012,BUF,NY,AEA,CE,Combined TRACON& Tower with Radar,119,103,13,0,235,0,8,5,0,13,119,111,18,0,248,0,0,0,248
01/31/2012,BUF,NY,AEA,CE,Combined TRACON& Tower with Radar,115,91,26,0,232,1,4,1,0,6,116,95,27,0,238,74,12,86,324
02/01/2012,BUF,NY,AEA,CE,Combined TRACON& Tower with Radar,119,93,24,12,248,0,4,4,0,8,119,97,28,12,256,61,0,61,317
02/02/2012,BUF,NY,AEA,CE,Combined TRACON& Tower with Radar,120,100,23,4,247,0,1,1,0,2,120,101,24,4,249,85,0,85,334
02/03/2012,BUF,NY,AEA,CE,Combined TRACON& Tower with Radar,123,94,16,0,233,0,7,13,0,20,123,101,29,0,253,74,14,88,341
02/04/2012,BUF,NY,AEA,CE,Combined TRACON& Tower with Radar,97,55,6,0,158,0,2,22,0,24,97,57,28,0,182,0,0,0,182
02/05/2012,BUF,NY,AEA,CE,Combined TRACON& Tower with Radar,105,59,14,0,178,0,0,14,0,14,105,59,28,0,192,76,8,84,276
02/06/2012,BUF,NY,AEA,CE,Combined TRACON& Tower with Radar,116,100,25,6,247,0,4,8,0,12,116,104,33,6,259,80,18,98,357
02/07/2012,BUF,NY,AEA,CE,Combined TRACON& Tower with Radar,121,84,14,0,219,0,0,2,2,4,121,84,16,2,223,78,16,94,317
02/08/2012,BUF,NY,AEA,CE,Combined TRACON& Tower with Radar,121,87,24,1,233,0,3,16,0,19,121,90,40,1,252,76,14,90,342
02/09/2012,BUF,NY,AEA,CE,Combined TRACON& Tower with Radar,122,100,36,0,258,0,8,15,2,25,122,108,51,2,283,92,0,92,375
02/10/2012,BUF,NY,AEA,CE,Combined TRACON& Tower with Radar,121,93,25,0,239,0,2,3,0,5,121,95,28,0,244,83,0,83,327
02/11/2012,BUF,NY,AEA,CE,Combined TRACON& Tower with Radar,101,50,2,0,153,0,0,0,0,0,101,50,2,0,153,77,0,77,230
02/12/2012,BUF,NY,AEA,CE,Combined TRACON& Tower with Radar,117,61,19,0,197,0,0,3,0,3,117,61,22,0,200,82,12,94,294
02/13/2012,BUF,NY,AEA,CE,Combined TRACON& Tower with Radar,122,91,21,2,236,0,16,8,0,24,122,107,29,2,260,102,0,102,362
02/14/2012,BUF,NY,AEA,CE,Combined TRACON& Tower with Radar,129,84,18,4,235,0,4,0,0,4,129,88,18,4,239,78,22,100,339
02/15/2012,BUF,NY,AEA,CE,Combined TRACON& Tower with Radar,129,100,30,0,259,0,21,3,1,25,129,121,33,1,284,104,0,104,388
02/16/2012,BUF,NY,AEA,CE,Combined TRACON& Tower with Radar,130,103,31,2,266,0,3,1,0,4,130,106,32,2,270,58,0,58,328
02/17/2012,BUF,NY,AEA,CE,Combined TRACON& Tower with Radar,131,105,27,2,265,0,3,7,0,10,131,108,34,2,275,78,0,78,353
02/18/2012,BUF,NY,AEA,CE,Combined TRACON& Tower with Radar,109,64,5,2,180,0,4,2,0,6,109,68,7,2,186,76,12,88,274
02/19/2012,BUF,NY,AEA,CE,Combined TRACON& Tower with Radar,115,64,20,0,199,0,2,16,0,18,115,66,36,0,217,0,0,0,217
02/20/2012,BUF,NY,AEA,CE,Combined TRACON& Tower with Radar,125,86,23,0,234,0,8,16,0,24,125,94,39,0,258,0,0,0,258
02/21/2012,BUF,NY,AEA,CE,Combined TRACON& Tower with Radar,131,89,16,0,236,0,2,6,4,12,131,91,22,4,248,0,0,0,248
02/22/2012,BUF,NY,AEA,CE,Combined TRACON& Tower with Radar,127,94,37,0,258,0,4,2,0,6,127,98,39,0,264,0,0,0,264
02/23/2012,BUF,NY,AEA,CE,Combined TRACON& Tower with Radar,137,91,25,0,253,0,2,0,0,2,137,93,25,0,255,0,0,0,255
02/24/2012,BUF,NY,AEA,CE,Combined TRACON& Tower with Radar,129,82,6,0,217,0,0,0,0,0,129,82,6,0,217,46,0,46,263
02/25/2012,BUF,NY,AEA,CE,Combined TRACON& Tower with Radar,121,54,4,0,179,0,5,0,0,5,121,59,4,0,184,6,0,6,190
02/26/2012,BUF,NY,AEA,CE,Combined TRACON& Tower with Radar,118,68,26,2,214,0,0,29,0,29,118,68,55,2,243,88,24,112,355
02/27/2012,BUF,NY,AEA,CE,Combined TRACON& Tower with Radar,134,97,6,0,237,0,9,3,0,12,134,106,9,0,249,0,0,0,249
02/28/2012,BUF,NY,AEA,CE,Combined TRACON& Tower with Radar,131,93,18,0,242,0,0,11,0,11,131,93,29,0,253,0,0,0,253
02/29/2012,BUF,NY,AEA,CE,Combined TRACON& Tower with Radar,130,102,24,0,256,0,0,0,0,0,130,102,24,0,256,0,0,0,256
03/01/2012,BUF,NY,AEA,CE,Combined TRACON& Tower with Radar,137,97,9,2,245,0,0,0,0,0,137,97,9,2,245,0,0,0,245
03/02/2012,BUF,NY,AEA,CE,Combined TRACON& Tower with Radar,128,107,17,0,252,0,0,18,0,18,128,107,35,0,270,62,0,62,332
03/03/2012,BUF,NY,AEA,CE,Combined TRACON& Tower with Radar,125,54,5,0,184,0,0,0,0,0,125,54,5,0,184,76,14,90,274
03/04/2012,BUF,NY,AEA,CE,Combined TRACON& Tower with Radar,128,60,12,0,200,0,0,0,0,0,128,60,12,0,200,76,16,92,292
03/05/2012,BUF,NY,AEA,CE,Combined TRACON& Tower with Radar,126,92,32,0,250,0,2,20,0,22,126,94,52,0,272,0,0,0,272
03/06/2012,BUF,NY,AEA,CE,Combined TRACON& Tower with Radar,138,87,38,1,264,0,2,19,1,22,138,89,57,2,286,116,4,120,406
03/07/2012,BUF,NY,AEA,CE,Combined TRACON& Tower with Radar,137,92,24,0,253,0,7,7,0,14,137,99,31,0,267,0,0,0,267
03/08/2012,BUF,NY,AEA,CE,Combined TRACON& Tower with Radar,141,94,24,4,263,0,0,0,0,0,141,94,24,4,263,80,20,100,363
03/09/2012,BUF,NY,AEA,CE,Combined TRACON& Tower with Radar,131,97,9,0,237,0,0,2,0,2,131,97,11,0,239,59,0,59,298
03/10/2012,BUF,NY,AEA,CE,Combined TRACON& Tower with Radar,125,55,15,0,195,0,3,22,0,25,125,58,37,0,220,88,0,88,308
03/11/2012,BUF,NY,AEA,CE,Combined TRACON& Tower with Radar,128,69,13,0,210,0,0,7,0,7,128,69,20,0,217,68,0,68,285
03/12/2012,BUF,NY,AEA,CE,Combined TRACON& Tower with Radar,135,94,16,0,245,0,4,24,0,28,135,98,40,0,273,0,0,0,273
03/13/2012,BUF,NY,AEA,CE,Combined TRACON& Tower with Radar,142,96,16,0,254,0,3,3,3,9,142,99,19,3,263,82,22,104,367
03/14/2012,BUF,NY,AEA,CE,Combined TRACON& Tower with Radar,139,98,22,0,259,0,13,28,0,41,139,111,50,0,300,84,0,84,384
03/15/2012,BUF,NY,AEA,CE,Combined TRACON& Tower with Radar,137,99,38,6,280,0,9,18,0,27,137,108,56,6,307,95,0,95,402
03/16/2012,BUF,NY,AEA,CE,Combined TRACON& Tower with Radar,127,90,27,0,244,0,0,13,0,13,127,90,40,0,257,86,0,86,343
03/17/2012,BUF,NY,AEA,CE,Combined TRACON& Tower with Radar,132,59,16,0,207,0,4,16,0,20,132,63,32,0,227,0,0,0,227
03/18/2012,BUF,NY,AEA,CE,Combined TRACON& Tower with Radar,125,63,17,0,205,0,6,16,0,22,125,69,33,0,227,108,0,108,335
03/19/2012,BUF,NY,AEA,CE,Combined TRACON& Tower with Radar,130,93,24,1,248,0,1,15,1,17,130,94,39,2,265,61,0,61,326
03/20/2012,BUF,NY,AEA,CE,Combined TRACON& Tower with Radar,146,93,25,1,265,0,12,30,0,42,146,105,55,1,307,83,0,83,390
03/21/2012,BUF,NY,AEA,CE,Combined TRACON& Tower with Radar,139,97,26,3,265,0,12,21,1,34,139,109,47,4,299,106,0,106,405
03/22/2012,BUF,NY,AEA,CE,Combined TRACON& Tower with Radar,140,91,48,0,279,0,7,32,0,39,140,98,80,0,318,80,18,98,416
03/23/2012,BUF,NY,AEA,CE,Combined TRACON& Tower with Radar,141,92,24,0,257,0,4,19,0,23,141,96,43,0,280,86,0,86,366
03/24/2012,BUF,NY,AEA,CE,Combined TRACON& Tower with Radar,131,52,13,0,196,0,8,3,0,11,131,60,16,0,207,76,22,98,305
03/25/2012,BUF,NY,AEA,CE,Combined TRACON& Tower with Radar,132,65,19,0,216,0,2,1,0,3,132,67,20,0,219,0,0,0,219
03/26/2012,BUF,NY,AEA,CE,Combined TRACON& Tower with Radar,141,87,23,0,251,0,4,10,1,15,141,91,33,1,266,82,16,98,364
03/27/2012,BUF,NY,AEA,CE,Combined TRACON& Tower with Radar,152,82,27,0,261,0,7,33,4,44,152,89,60,4,305,78,18,96,401
03/28/2012,BUF,NY,AEA,CE,Combined TRACON& Tower with Radar,148,84,44,0,276,0,3,2,0,5,148,87,46,0,281,80,0,80,361
03/29/2012,BUF,NY,AEA,CE,Combined TRACON& Tower with Radar,152,98,32,0,282,0,1,27,0,28,152,99,59,0,310,96,0,96,406
03/30/2012,BUF,NY,AEA,CE,Combined TRACON& Tower with Radar,145,88,10,0,243,0,6,8,0,14,145,94,18,0,257,0,0,0,257
03/31/2012,BUF,NY,AEA,CE,Combined TRACON& Tower with Radar,135,53,7,0,195,0,0,3,0,3,135,53,10,0,198,94,22,116,314
04/01/2012,BUF,NY,AEA,CE,Combined TRACON& Tower with Radar,127,61,13,0,201,0,0,0,1,1,127,61,13,1,202,93,0,93,295
04/02/2012,BUF,NY,AEA,CE,Combined TRACON& Tower with Radar,139,92,18,0,249,0,9,19,1,29,139,101,37,1,278,99,0,99,377
04/03/2012,BUF,NY,AEA,CE,Combined TRACON& Tower with Radar,148,91,17,0,256,0,5,16,0,21,148,96,33,0,277,94,0,94,371
04/04/2012,BUF,NY,AEA,CE,Combined TRACON& Tower with Radar,146,99,32,4,281,0,3,23,1,27,146,102,55,5,308,109,0,109,417
04/05/2012,BUF,NY,AEA,CE,Combined TRACON& Tower with Radar,142,97,34,2,275,0,10,11,0,21,142,107,45,2,296,82,20,102,398
04/06/2012,BUF,NY,AEA,CE,Combined TRACON& Tower with Radar,145,91,10,2,248,0,10,29,0,39,145,101,39,2,287,84,0,84,371
04/07/2012,BUF,NY,AEA,CE,Combined TRACON& Tower with Radar,127,53,19,0,199,0,5,24,0,29,127,58,43,0,228,86,0,86,314
04/08/2012,BUF,NY,AEA,CE,Combined TRACON& Tower with Radar,127,68,8,0,203,0,9,9,0,18,127,77,17,0,221,80,12,92,313
04/09/2012,BUF,NY,AEA,CE,Combined TRACON& Tower with Radar,133,87,23,0,243,0,4,4,0,8,133,91,27,0,251,82,0,82,333
04/10/2012,BUF,NY,AEA,CE,Combined TRACON& Tower with Radar,149,86,10,0,245,0,5,9,0,14,149,91,19,0,259,60,0,60,319
04/11/2012,BUF,NY,AEA,CE,Combined TRACON& Tower with Radar,143,92,28,0,263,0,1,1,0,2,143,93,29,0,265,0,0,0,265
04/12/2012,BUF,NY,AEA,CE,Combined TRACON& Tower with Radar,144,93,32,0,269,0,4,20,0,24,144,97,52,0,293,69,0,69,362
04/13/2012,BUF,NY,AEA,CE,Combined TRACON& Tower with Radar,141,95,19,7,262,0,8,19,0,27,141,103,38,7,289,80,16,96,385
04/14/2012,BUF,NY,AEA,CE,Combined TRACON& Tower with Radar,126,58,18,2,204,0,3,8,0,11,126,61,26,2,215,80,12,92,307
04/15/2012,BUF,NY,AEA,CE,Combined TRACON& Tower with Radar,131,64,19,1,215,0,4,6,0,10,131,68,25,1,225,88,18,106,331
04/16/2012,BUF,NY,AEA,CE,Combined TRACON& Tower with Radar,134,91,15,0,240,0,4,0,0,4,134,95,15,0,244,0,0,0,244
04/17/2012,BUF,NY,AEA,CE,Combined TRACON& Tower with Radar,146,93,24,4,267,0,13,10,0,23,146,106,34,4,290,84,0,84,374
04/18/2012,BUF,NY,AEA,CE,Combined TRACON& Tower with Radar,145,95,35,2,277,0,3,28,0,31,145,98,63,2,308,80,20,100,408
04/19/2012,BUF,NY,AEA,CE,Combined TRACON& Tower with Radar,140,92,30,0,262,0,5,11,0,16,140,97,41,0,278,63,0,63,341
04/20/2012,BUF,NY,AEA,CE,Combined TRACON& Tower with Radar,141,90,26,2,259,0,11,11,0,22,141,101,37,2,281,63,0,63,344
04/21/2012,BUF,NY,AEA,CE,Combined TRACON& Tower with Radar,122,51,12,0,185,0,6,0,0,6,122,57,12,0,191,43,0,43,234
04/22/2012,BUF,NY,AEA,CE,Combined TRACON& Tower with Radar,127,64,18,2,211,0,5,8,0,13,127,69,26,2,224,0,0,0,224
04/23/2012,BUF,NY,AEA,CE,Combined TRACON& Tower with Radar,140,81,15,4,240,0,0,0,0,0,140,81,15,4,240,66,8,74,314
04/24/2012,BUF,NY,AEA,CE,Combined TRACON& Tower with Radar,149,93,24,0,266,0,2,1,0,3,149,95,25,0,269,76,14,90,359
04/25/2012,BUF,NY,AEA,CE,Combined TRACON& Tower with Radar,143,96,30,7,276,0,6,15,2,23,143,102,45,9,299,128,0,128,427
04/26/2012,BUF,NY,AEA,CE,Combined TRACON& Tower with Radar,145,95,37,0,277,0,2,13,0,15,145,97,50,0,292,112,0,112,404
04/27/2012,BUF,NY,AEA,CE,Combined TRACON& Tower with Radar,145,100,28,0,273,0,5,7,0,12,145,105,35,0,285,85,0,85,370
04/28/2012,BUF,NY,AEA,CE,Combined TRACON& Tower with Radar,122,52,21,0,195,0,2,33,0,35,122,54,54,0,230,104,0,104,334
04/29/2012,BUF,NY,AEA,CE,Combined TRACON& Tower with Radar,131,64,16,0,211,0,12,25,0,37,131,76,41,0,248,0,0,0,248
04/30/2012,BUF,NY,AEA,CE,Combined TRACON& Tower with Radar,135,94,26,0,255,0,9,9,0,18,135,103,35,0,273,62,0,62,335
05/01/2012,BUF,NY,AEA,CE,Combined TRACON& Tower with Radar,146,87,39,3,275,0,0,0,0,0,146,87,39,3,275,55,0,55,330
05/02/2012,BUF,NY,AEA,CE,Combined TRACON& Tower with Radar,148,94,38,8,288,0,1,21,0,22,148,95,59,8,310,116,0,116,426
05/03/2012,BUF,NY,AEA,CE,Combined TRACON& Tower with Radar,145,103,40,16,304,0,9,15,0,24,145,112,55,16,328,70,11,81,409
05/04/2012,BUF,NY,AEA,CE,Combined TRACON& Tower with Radar,149,94,28,0,271,0,2,2,0,4,149,96,30,0,275,88,0,88,363
05/05/2012,BUF,NY,AEA,CE,Combined TRACON& Tower with Radar,123,61,21,0,205,0,10,35,0,45,123,71,56,0,250,111,0,111,361
05/06/2012,BUF,NY,AEA,CE,Combined TRACON& Tower with Radar,123,62,21,0,206,0,8,26,0,34,123,70,47,0,240,74,22,96,336
05/07/2012,BUF,NY,AEA,CE,Combined TRACON& Tower with Radar,142,95,24,12,273,0,2,8,2,12,142,97,32,14,285,72,22,94,379
05/08/2012,BUF,NY,AEA,CE,Combined TRACON& Tower with Radar,144,93,26,0,263,0,1,0,0,1,144,94,26,0,264,89,0,89,353
05/09/2012,BUF,NY,AEA,CE,Combined TRACON& Tower with Radar,153,98,28,4,283,0,3,14,0,17,153,101,42,4,300,0,0,0,300
05/10/2012,BUF,NY,AEA,CE,Combined TRACON& Tower with Radar,146,96,27,6,275,0,6,17,1,24,146,102,44,7,299,106,0,106,405
05/11/2012,BUF,NY,AEA,CE,Combined TRACON& Tower with Radar,151,94,20,3,268,0,2,36,0,38,151,96,56,3,306,112,0,112,418
05/12/2012,BUF,NY,AEA,CE,Combined TRACON& Tower with Radar,117,59,15,0,191,0,4,14,0,18,117,63,29,0,209,0,0,0,209
05/13/2012,BUF,NY,AEA,CE,Combined TRACON& Tower with Radar,128,62,22,0,212,0,3,21,0,24,128,65,43,0,236,80,20,100,336
05/14/2012,BUF,NY,AEA,CE,Combined TRACON& Tower with Radar,141,100,31,2,274,0,3,16,0,19,141,103,47,2,293,95,0,95,388
05/15/2012,BUF,NY,AEA,CE,Combined TRACON& Tower with Radar,147,103,31,14,295,0,5,30,0,35,147,108,61,14,330,105,0,105,435
05/16/2012,BUF,NY,AEA,CE,Combined TRACON& Tower with Radar,154,102,37,0,293,0,4,22,0,26,154,106,59,0,319,136,0,136,455
05/17/2012,BUF,NY,AEA,CE,Combined TRACON& Tower with Radar,147,96,38,0,281,0,7,32,0,39,147,103,70,0,320,136,0,136,456
05/18/2012,BUF,NY,AEA,CE,Combined TRACON& Tower with Radar,147,97,21,3,268,0,2,42,2,46,147,99,63,5,314,86,22,108,422
05/19/2012,BUF,NY,AEA,CE,Combined TRACON& Tower with Radar,124,68,23,0,215,0,12,37,0,49,124,80,60,0,264,130,0,130,394
05/20/2012,BUF,NY,AEA,CE,Combined TRACON& Tower with Radar,128,66,16,0,210,0,5,30,0,35,128,71,46,0,245,86,18,104,349
05/21/2012,BUF,NY,AEA,CE,Combined TRACON& Tower with Radar,137,108,22,6,273,0,3,21,0,24,137,111,43,6,297,130,0,130,427
05/22/2012,BUF,NY,AEA,CE,Combined TRACON& Tower with Radar,147,94,34,6,281,0,4,17,1,22,147,98,51,7,303,0,0,0,303
05/23/2012,BUF,NY,AEA,CE,Combined TRACON& Tower with Radar,151,99,43,4,297,0,10,4,0,14,151,109,47,4,311,94,18,112,423
05/24/2012,BUF,NY,AEA,CE,Combined TRACON& Tower with Radar,138,109,47,0,294,0,5,29,0,34,138,114,76,0,328,66,0,66,394
05/25/2012,BUF,NY,AEA,CE,Combined TRACON& Tower with Radar,142,103,18,1,264,0,1,6,0,7,142,104,24,1,271,59,0,59,330
05/26/2012,BUF,NY,AEA,CE,Combined TRACON& Tower with Radar,120,58,22,1,201,0,9,27,0,36,120,67,49,1,237,102,0,102,339
05/27/2012,BUF,NY,AEA,CE,Combined TRACON& Tower with Radar,112,56,11,4,183,0,10,16,0,26,112,66,27,4,209,86,18,104,313
05/28/2012,BUF,NY,AEA,CE,Combined TRACON& Tower with Radar,124,85,20,0,229,0,7,11,3,21,124,92,31,3,250,126,0,126,376
05/29/2012,BUF,NY,AEA,CE,Combined TRACON& Tower with Radar,126,90,23,3,242,0,4,0,0,4,126,94,23,3,246,78,14,92,338
05/30/2012,BUF,NY,AEA,CE,Combined TRACON& Tower with Radar,149,96,25,21,291,0,10,14,5,29,149,106,39,26,320,128,32,160,480
05/31/2012,BUF,NY,AEA,CE,Combined TRACON& Tower with Radar,145,119,41,0,305,0,22,33,0,55,145,141,74,0,360,78,0,78,438
06/01/2012,BUF,NY,AEA,CE,Combined TRACON& Tower with Radar,134,97,25,14,270,0,2,0,0,2,134,99,25,14,272,51,0,51,323
06/02/2012,BUF,NY,AEA,CE,Combined TRACON& Tower with Radar,122,63,20,0,205,0,0,9,0,9,122,63,29,0,214,43,0,43,257
06/03/2012,BUF,NY,AEA,CE,Combined TRACON& Tower with Radar,127,83,22,0,232,0,0,2,0,2,127,83,24,0,234,52,0,52,286
06/04/2012,BUF,NY,AEA,CE,Combined TRACON& Tower with Radar,143,101,48,14,306,0,0,4,0,4,143,101,52,14,310,0,0,0,310
06/05/2012,BUF,NY,AEA,CE,Combined TRACON& Tower with Radar,145,92,29,0,266,0,2,16,0,18,145,94,45,0,284,80,22,102,386
06/06/2012,BUF,NY,AEA,CE,Combined TRACON& Tower with Radar,143,92,46,14,295,0,9,17,0,26,143,101,63,14,321,88,0,88,409
06/07/2012,BUF,NY,AEA,CE,Combined TRACON& Tower with Radar,150,93,33,8,284,0,6,20,1,27,150,99,53,9,311,96,0,96,407
06/08/2012,BUF,NY,AEA,CE,Combined TRACON& Tower with Radar,150,110,31,16,307,0,5,25,0,30,150,115,56,16,337,89,0,89,426
06/09/2012,BUF,NY,AEA,CE,Combined TRACON& Tower with Radar,124,63,9,0,196,0,5,9,0,14,124,68,18,0,210,0,0,0,210
06/10/2012,BUF,NY,AEA,CE,Combined TRACON& Tower with Radar,132,74,28,0,234,0,10,35,0,45,132,84,63,0,279,132,0,132,411
06/11/2012,BUF,NY,AEA,CE,Combined TRACON& Tower with Radar,152,95,26,9,282,0,12,24,0,36,152,107,50,9,318,78,22,100,418
06/12/2012,BUF,NY,AEA,CE,Combined TRACON& Tower with Radar,151,92,30,14,287,0,4,2,0,6,151,96,32,14,293,82,0,82,375
06/13/2012,BUF,NY,AEA,CE,Combined TRACON& Tower with Radar,154,97,34,19,304,0,8,47,1,56,154,105,81,20,360,88,0,88,448
06/14/2012,BUF,NY,AEA,CE,Combined TRACON& Tower with Radar,152,98,33,0,283,0,15,33,1,49,152,113,66,1,332,88,0,88,420
06/15/2012,BUF,NY,AEA,CE,Combined TRACON& Tower with Radar,158,93,27,0,278,0,15,23,0,38,158,108,50,0,316,94,0,94,410
06/16/2012,BUF,NY,AEA,CE,Combined TRACON& Tower with Radar,124,57,8,0,189,0,7,22,0,29,124,64,30,0,218,96,0,96,314
06/17/2012,BUF,NY,AEA,CE,Combined TRACON& Tower with Radar,139,69,16,0,224,0,0,15,0,15,139,69,31,0,239,90,0,90,329
06/18/2012,BUF,NY,AEA,CE,Combined TRACON& Tower with Radar,148,81,21,1,251,0,7,10,3,20,148,88,31,4,271,91,0,91,362
06/19/2012,BUF,NY,AEA,CE,Combined TRACON& Tower with Radar,153,91,26,0,270,0,6,17,0,23,153,97,43,0,293,92,0,92,385
06/20/2012,BUF,NY,AEA,CE,Combined TRACON& Tower with Radar,154,98,35,4,291,0,1,24,0,25,154,99,59,4,316,0,0,0,316
06/21/2012,BUF,NY,AEA,CE,Combined TRACON& Tower with Radar,161,101,43,4,309,0,11,26,0,37,161,112,69,4,346,0,0,0,346
06/22/2012,BUF,NY,AEA,CE,Combined TRACON& Tower with Radar,133,85,18,3,239,0,5,18,0,23,133,90,36,3,262,92,4,96,358
06/23/2012,BUF,NY,AEA,CE,Combined TRACON& Tower with Radar,134,62,14,3,213,0,13,42,0,55,134,75,56,3,268,116,4,120,388
06/24/2012,BUF,NY,AEA,CE,Combined TRACON& Tower with Radar,140,72,33,2,247,0,7,23,0,30,140,79,56,2,277,102,0,102,379
06/25/2012,BUF,NY,AEA,CE,Combined TRACON& Tower with Radar,154,86,23,2,265,0,2,11,2,15,154,88,34,4,280,86,0,86,366
06/26/2012,BUF,NY,AEA,CE,Combined TRACON& Tower with Radar,160,94,34,8,296,0,4,21,0,25,160,98,55,8,321,91,0,91,412
06/27/2012,BUF,NY,AEA,CE,Combined TRACON& Tower with Radar,157,103,35,6,301,0,9,29,2,40,157,112,64,8,341,106,0,106,447
06/28/2012,BUF,NY,AEA,CE,Combined TRACON& Tower with Radar,154,107,56,2,319,0,8,29,2,39,154,115,85,4,358,168,6,174,532
06/29/2012,BUF,NY,AEA,CE,Combined TRACON& Tower with Radar,155,85,35,1,276,0,12,29,0,41,155,97,64,1,317,124,2,126,443
06/30/2012,BUF,NY,AEA,CE,Combined TRACON& Tower with Radar,127,63,19,0,209,0,11,13,0,24,127,74,32,0,233,60,0,60,293
07/01/2012,BUF,NY,AEA,CE,Combined TRACON& Tower with Radar,136,65,25,1,227,0,7,23,0,30,136,72,48,1,257,91,0,91,348
07/02/2012,BUF,NY,AEA,CE,Combined TRACON& Tower with Radar,147,89,21,3,260,0,6,25,3,34,147,95,46,6,294,100,0,100,394
07/03/2012,BUF,NY,AEA,CE,Combined TRACON& Tower with Radar,140,81,14,2,237,0,8,22,0,30,140,89,36,2,267,74,0,74,341
07/04/2012,BUF,NY,AEA,CE,Combined TRACON& Tower with Radar,120,72,8,0,200,0,0,16,0,16,120,72,24,0,216,108,0,108,324
07/05/2012,BUF,NY,AEA,CE,Combined TRACON& Tower with Radar,135,92,17,14,258,0,8,19,0,27,135,100,36,14,285,80,20,100,385
07/06/2012,BUF,NY,AEA,CE,Combined TRACON& Tower with Radar,149,87,13,2,251,0,9,24,2,35,149,96,37,4,286,85,0,85,371
07/07/2012,BUF,NY,AEA,CE,Combined TRACON& Tower with Radar,123,65,14,0,202,0,3,7,0,10,123,68,21,0,212,84,26,110,322
07/08/2012,BUF,NY,AEA,CE,Combined TRACON& Tower with Radar,136,77,45,0,258,0,2,33,0,35,136,79,78,0,293,130,14,144,437
07/09/2012,BUF,NY,AEA,CE,Combined TRACON& Tower with Radar,147,88,33,6,274,0,12,27,2,41,147,100,60,8,315,144,0,144,459
07/10/2012,BUF,NY,AEA,CE,Combined TRACON& Tower with Radar,155,89,35,12,291,0,10,38,0,48,155,99,73,12,339,132,0,132,471
07/11/2012,BUF,NY,AEA,CE,Combined TRACON& Tower with Radar,160,94,32,10,296,0,16,31,2,49,160,110,63,12,345,152,12,164,509
07/12/2012,BUF,NY,AEA,CE,Combined TRACON& Tower with Radar,161,85,31,20,297,0,6,45,4,55,161,91,76,24,352,80,26,106,458
07/13/2012,BUF,NY,AEA,CE,Combined TRACON& Tower with Radar,155,86,26,2,269,0,9,28,0,37,155,95,54,2,306,66,0,66,372
07/14/2012,BUF,NY,AEA,CE,Combined TRACON& Tower with Radar,126,69,9,0,204,0,6,31,2,39,126,75,40,2,243,96,0,96,339
07/15/2012,BUF,NY,AEA,CE,Combined TRACON& Tower with Radar,135,73,26,0,234,0,5,13,2,20,135,78,39,2,254,82,0,82,336
07/16/2012,BUF,NY,AEA,CE,Combined TRACON& Tower with Radar,157,100,41,5,303,0,5,32,0,37,157,105,73,5,340,0,0,0,340
07/17/2012,BUF,NY,AEA,CE,Combined TRACON& Tower with Radar,162,89,19,2,272,0,3,3,0,6,162,92,22,2,278,88,0,88,366
07/18/2012,BUF,NY,AEA,CE,Combined TRACON& Tower with Radar,149,87,29,4,269,0,5,18,0,23,149,92,47,4,292,89,0,89,381
07/19/2012,BUF,NY,AEA,CE,Combined TRACON& Tower with Radar,159,77,40,0,276,0,1,11,0,12,159,78,51,0,288,95,0,95,383
07/20/2012,BUF,NY,AEA,CE,Combined TRACON& Tower with Radar,159,88,31,0,278,0,3,18,0,21,159,91,49,0,299,98,0,98,397
07/21/2012,BUF,NY,AEA,CE,Combined TRACON& Tower with Radar,124,65,35,1,225,0,18,42,1,61,124,83,77,2,286,95,0,95,381
07/22/2012,BUF,NY,AEA,CE,Combined TRACON& Tower with Radar,140,87,26,2,255,0,8,41,0,49,140,95,67,2,304,100,0,100,404
07/23/2012,BUF,NY,AEA,CE,Combined TRACON& Tower with Radar,148,78,25,0,251,0,4,19,0,23,148,82,44,0,274,105,0,105,379
07/24/2012,BUF,NY,AEA,CE,Combined TRACON& Tower with Radar,164,91,33,0,288,0,12,18,0,30,164,103,51,0,318,0,0,0,318
07/25/2012,BUF,NY,AEA,CE,Combined TRACON& Tower with Radar,162,95,45,0,302,0,7,35,0,42,162,102,80,0,344,90,24,114,458
07/26/2012,BUF,NY,AEA,CE,Combined TRACON& Tower with Radar,144,79,24,0,247,0,3,0,0,3,144,82,24,0,250,84,24,108,358
07/27/2012,BUF,NY,AEA,CE,Combined TRACON& Tower with Radar,148,92,21,2,263,0,4,15,0,19,148,96,36,2,282,105,0,105,387
07/28/2012,BUF,NY,AEA,CE,Combined TRACON& Tower with Radar,127,55,18,0,200,0,11,6,0,17,127,66,24,0,217,98,0,98,315
07/29/2012,BUF,NY,AEA,CE,Combined TRACON& Tower with Radar,144,80,33,0,257,0,13,39,0,52,144,93,72,0,309,114,24,138,447
07/30/2012,BUF,NY,AEA,CE,Combined TRACON& Tower with Radar,154,78,16,4,252,0,6,18,4,28,154,84,34,8,280,78,26,104,384
07/31/2012,BUF,NY,AEA,CE,Combined TRACON& Tower with Radar,161,86,34,0,281,0,6,13,0,19,161,92,47,0,300,96,0,96,396
08/01/2012,BUF,NY,AEA,CE,Combined TRACON& Tower with Radar,161,84,22,8,275,0,3,12,0,15,161,87,34,8,290,76,0,76,366
08/02/2012,BUF,NY,AEA,CE,Combined TRACON& Tower with Radar,157,92,26,0,275,0,10,47,0,57,157,102,73,0,332,0,0,0,332
08/03/2012,BUF,NY,AEA,CE,Combined TRACON& Tower with Radar,149,93,21,0,263,0,4,22,0,26,149,97,43,0,289,86,12,98,387
08/04/2012,BUF,NY,AEA,CE,Combined TRACON& Tower with Radar,118,60,23,0,201,0,8,19,0,27,118,68,42,0,228,111,0,111,339
08/05/2012,BUF,NY,AEA,CE,Combined TRACON& Tower with Radar,135,71,18,0,224,0,2,2,0,4,135,73,20,0,228,37,4,41,269
08/06/2012,BUF,NY,AEA,CE,Combined TRACON& Tower with Radar,153,89,22,2,266,0,5,30,3,38,153,94,52,5,304,54,9,63,367
08/07/2012,BUF,NY,AEA,CE,Combined TRACON& Tower with Radar,157,92,34,2,285,0,1,35,0,36,157,93,69,2,321,100,0,100,421
08/08/2012,BUF,NY,AEA,CE,Combined TRACON& Tower with Radar,161,92,29,0,282,0,1,29,0,30,161,93,58,0,312,124,0,124,436
08/09/2012,BUF,NY,AEA,CE,Combined TRACON& Tower with Radar,140,84,48,4,276,0,3,5,0,8,140,87,53,4,284,96,0,96,380
08/10/2012,BUF,NY,AEA,CE,Combined TRACON& Tower with Radar,154,89,22,0,265,0,2,12,2,16,154,91,34,2,281,57,0,57,338
08/11/2012,BUF,NY,AEA,CE,Combined TRACON& Tower with Radar,126,77,20,0,223,0,12,6,2,20,126,89,26,2,243,76,0,76,319
08/12/2012,BUF,NY,AEA,CE,Combined TRACON& Tower with Radar,138,76,11,0,225,0,4,8,0,12,138,80,19,0,237,149,0,149,386
08/13/2012,BUF,NY,AEA,CE,Combined TRACON& Tower with Radar,147,88,41,0,276,0,6,29,2,37,147,94,70,2,313,113,0,113,426
08/14/2012,BUF,NY,AEA,CE,Combined TRACON& Tower with Radar,157,83,15,0,255,0,0,11,0,11,157,83,26,0,266,0,0,0,266
08/15/2012,BUF,NY,AEA,CE,Combined TRACON& Tower with Radar,189,89,30,1,309,0,1,15,3,19,189,90,45,4,328,84,16,100,428
08/16/2012,BUF,NY,AEA,CE,Combined TRACON& Tower with Radar,159,84,31,0,274,0,3,44,2,49,159,87,75,2,323,64,14,78,401
08/17/2012,BUF,NY,AEA,CE,Combined TRACON& Tower with Radar,152,93,20,1,266,0,8,12,0,20,152,101,32,1,286,88,18,106,392
08/18/2012,BUF,NY,AEA,CE,Combined TRACON& Tower with Radar,120,66,29,0,215,0,5,27,0,32,120,71,56,0,247,84,22,106,353
08/19/2012,BUF,NY,AEA,CE,Combined TRACON& Tower with Radar,138,75,40,1,254,0,6,46,0,52,138,81,86,1,306,88,14,102,408
08/20/2012,BUF,NY,AEA,CE,Combined TRACON& Tower with Radar,146,91,30,0,267,0,8,25,2,35,146,99,55,2,302,0,0,0,302
08/21/2012,BUF,NY,AEA,CE,Combined TRACON& Tower with Radar,154,92,31,2,279,0,2,32,0,34,154,94,63,2,313,136,0,136,449
08/22/2012,BUF,NY,AEA,CE,Combined TRACON& Tower with Radar,155,91,29,8,283,0,12,34,0,46,155,103,63,8,329,120,0,120,449
08/23/2012,BUF,NY,AEA,CE,Combined TRACON& Tower with Radar,152,87,26,0,265,0,9,88,0,97,152,96,114,0,362,116,0,116,478
08/24/2012,BUF,NY,AEA,CE,Combined TRACON& Tower with Radar,156,94,41,1,292,0,9,31,2,42,156,103,72,3,334,108,0,108,442
08/25/2012,BUF,NY,AEA,CE,Combined TRACON& Tower with Radar,127,62,9,0,198,0,11,26,0,37,127,73,35,0,235,76,0,76,311
08/26/2012,BUF,NY,AEA,CE,Combined TRACON& Tower with Radar,135,66,26,7,234,0,2,30,0,32,135,68,56,7,266,124,0,124,390
08/27/2012,BUF,NY,AEA,CE,Combined TRACON& Tower with Radar,147,79,18,0,244,0,0,10,0,10,147,79,28,0,254,80,16,96,350
08/28/2012,BUF,NY,AEA,CE,Combined TRACON& Tower with Radar,145,89,19,4,257,0,7,29,2,38,145,96,48,6,295,80,14,94,389
08/29/2012,BUF,NY,AEA,CE,Combined TRACON& Tower with Radar,158,86,36,12,292,0,4,36,0,40,158,90,72,12,332,86,20,106,438
08/30/2012,BUF,NY,AEA,CE,Combined TRACON& Tower with Radar,148,96,20,2,266,0,7,35,0,42,148,103,55,2,308,92,0,92,400
08/31/2012,BUF,NY,AEA,CE,Combined TRACON& Tower with Radar,149,97,15,2,263,0,9,17,0,26,149,106,32,2,289,96,0,96,385
09/01/2012,BUF,NY,AEA,CE,Combined TRACON& Tower with Radar,111,68,11,0,190,0,4,26,0,30,111,72,37,0,220,95,0,95,315
09/02/2012,BUF,NY,AEA,CE,Combined TRACON& Tower with Radar,108,60,24,1,193,0,4,23,0,27,108,64,47,1,220,56,0,56,276
09/03/2012,BUF,NY,AEA,CE,Combined TRACON& Tower with Radar,135,78,26,0,239,0,4,7,0,11,135,82,33,0,250,74,0,74,324
09/04/2012,BUF,NY,AEA,CE,Combined TRACON& Tower with Radar,142,75,19,0,236,0,1,1,0,2,142,76,20,0,238,82,18,100,338
09/05/2012,BUF,NY,AEA,CE,Combined TRACON& Tower with Radar,143,97,30,2,272,0,8,16,4,28,143,105,46,6,300,0,0,0,300
09/06/2012,BUF,NY,AEA,CE,Combined TRACON& Tower with Radar,142,89,37,4,272,0,4,13,0,17,142,93,50,4,289,86,26,112,401
09/07/2012,BUF,NY,AEA,CE,Combined TRACON& Tower with Radar,138,97,26,2,263,0,5,27,2,34,138,102,53,4,297,103,0,103,400
09/08/2012,BUF,NY,AEA,CE,Combined TRACON& Tower with Radar,110,68,5,0,183,0,1,2,0,3,110,69,7,0,186,90,0,90,276
09/09/2012,BUF,NY,AEA,CE,Combined TRACON& Tower with Radar,128,79,26,0,233,0,7,11,0,18,128,86,37,0,251,88,18,106,357
09/10/2012,BUF,NY,AEA,CE,Combined TRACON& Tower with Radar,133,90,27,0,250,0,6,25,0,31,133,96,52,0,281,90,0,90,371
09/11/2012,BUF,NY,AEA,CE,Combined TRACON& Tower with Radar,139,83,33,2,257,0,6,19,0,25,139,89,52,2,282,138,0,138,420
09/12/2012,BUF,NY,AEA,CE,Combined TRACON& Tower with Radar,139,96,23,2,260,0,4,21,0,25,139,100,44,2,285,116,0,116,401
09/13/2012,BUF,NY,AEA,CE,Combined TRACON& Tower with Radar,142,90,37,4,273,0,4,26,0,30,142,94,63,4,303,134,0,134,437
09/14/2012,BUF,NY,AEA,CE,Combined TRACON& Tower with Radar,140,103,35,1,279,0,1,5,0,6,140,104,40,1,285,0,0,0,285
09/15/2012,BUF,NY,AEA,CE,Combined TRACON& Tower with Radar,114,66,18,0,198,0,4,19,8,31,114,70,37,8,229,116,0,116,345
09/16/2012,BUF,NY,AEA,CE,Combined TRACON& Tower with Radar,125,76,24,2,227,0,8,31,6,45,125,84,55,8,272,183,0,183,455
09/17/2012,BUF,NY,AEA,CE,Combined TRACON& Tower with Radar,133,87,21,1,242,0,7,21,0,28,133,94,42,1,270,94,0,94,364
09/18/2012,BUF,NY,AEA,CE,Combined TRACON& Tower with Radar,135,86,19,0,240,0,0,1,0,1,135,86,20,0,241,96,0,96,337
09/19/2012,BUF,NY,AEA,CE,Combined TRACON& Tower with Radar,146,97,31,0,274,0,3,19,0,22,146,100,50,0,296,95,0,95,391
09/20/2012,BUF,NY,AEA,CE,Combined TRACON& Tower with Radar,142,103,28,0,273,0,10,16,0,26,142,113,44,0,299,0,0,0,299
09/21/2012,BUF,NY,AEA,CE,Combined TRACON& Tower with Radar,141,96,36,0,273,0,4,18,0,22,141,100,54,0,295,112,0,112,407
09/22/2012,BUF,NY,AEA,CE,Combined TRACON& Tower with Radar,113,66,14,0,193,0,0,3,0,3,113,66,17,0,196,76,12,88,284
09/23/2012,BUF,NY,AEA,CE,Combined TRACON& Tower with Radar,127,84,15,0,226,0,1,24,0,25,127,85,39,0,251,0,0,0,251
09/24/2012,BUF,NY,AEA,CE,Combined TRACON& Tower with Radar,131,98,23,2,254,0,10,10,0,20,131,108,33,2,274,0,0,0,274
09/25/2012,BUF,NY,AEA,CE,Combined TRACON& Tower with Radar,141,93,18,0,252,0,0,21,0,21,141,93,39,0,273,0,0,0,273
09/26/2012,BUF,NY,AEA,CE,Combined TRACON& Tower with Radar,137,95,26,0,258,0,0,1,0,1,137,95,27,0,259,90,22,112,371
09/27/2012,BUF,NY,AEA,CE,Combined TRACON& Tower with Radar,141,95,25,0,261,0,8,23,0,31,141,103,48,0,292,66,0,66,358
09/28/2012,BUF,NY,AEA,CE,Combined TRACON& Tower with Radar,142,100,32,2,276,0,2,34,6,42,142,102,66,8,318,84,18,102,420
09/29/2012,BUF,NY,AEA,CE,Combined TRACON& Tower with Radar,117,65,23,0,205,0,6,21,4,31,117,71,44,4,236,82,0,82,318
09/30/2012,BUF,NY,AEA,CE,Combined TRACON& Tower with Radar,121,91,27,0,239,0,1,2,4,7,121,92,29,4,246,82,10,92,338
10/01/2012,BUF,NY,AEA,CE,Combined TRACON& Tower with Radar,131,81,35,0,247,0,14,23,0,37,131,95,58,0,284,0,0,0,284
10/02/2012,BUF,NY,AEA,CE,Combined TRACON& Tower with Radar,133,94,24,0,251,0,6,0,0,6,133,100,24,0,257,84,20,104,361
10/03/2012,BUF,NY,AEA,CE,Combined TRACON& Tower with Radar,150,109,27,0,286,0,1,9,0,10,150,110,36,0,296,88,26,114,410
10/04/2012,BUF,NY,AEA,CE,Combined TRACON& Tower with Radar,148,107,26,1,282,0,9,24,1,34,148,116,50,2,316,103,0,103,419
10/05/2012,BUF,NY,AEA,CE,Combined TRACON& Tower with Radar,147,100,21,0,268,0,3,6,0,9,147,103,27,0,277,56,0,56,333
10/06/2012,BUF,NY,AEA,CE,Combined TRACON& Tower with Radar,126,64,15,0,205,0,7,14,0,21,126,71,29,0,226,58,0,58,284
10/07/2012,BUF,NY,AEA,CE,Combined TRACON& Tower with Radar,129,75,20,0,224,0,7,5,2,14,129,82,25,2,238,80,20,100,338
10/08/2012,BUF,NY,AEA,CE,Combined TRACON& Tower with Radar,142,86,31,0,259,0,3,13,0,16,142,89,44,0,275,77,0,77,352
10/09/2012,BUF,NY,AEA,CE,Combined TRACON& Tower with Radar,152,99,34,0,285,0,10,30,0,40,152,109,64,0,325,106,0,106,431
10/10/2012,BUF,NY,AEA,CE,Combined TRACON& Tower with Radar,145,101,34,2,282,0,7,6,0,13,145,108,40,2,295,95,0,95,390
10/11/2012,BUF,NY,AEA,CE,Combined TRACON& Tower with Radar,141,82,33,2,258,0,4,13,0,17,141,86,46,2,275,113,0,113,388
10/12/2012,BUF,NY,AEA,CE,Combined TRACON& Tower with Radar,139,96,26,2,263,0,8,20,3,31,139,104,46,5,294,96,0,96,390
10/13/2012,BUF,NY,AEA,CE,Combined TRACON& Tower with Radar,118,71,26,2,217,0,4,14,0,18,118,75,40,2,235,90,14,104,339
10/14/2012,BUF,NY,AEA,CE,Combined TRACON& Tower with Radar,128,74,29,1,232,0,10,0,0,10,128,84,29,1,242,66,0,66,308
10/15/2012,BUF,NY,AEA,CE,Combined TRACON& Tower with Radar,142,92,26,10,270,0,0,2,0,2,142,92,28,10,272,82,28,110,382
10/16/2012,BUF,NY,AEA,CE,Combined TRACON& Tower with Radar,142,93,35,2,272,0,15,18,0,33,142,108,53,2,305,76,0,76,381
10/17/2012,BUF,NY,AEA,CE,Combined TRACON& Tower with Radar,140,83,22,4,249,0,9,25,0,34,140,92,47,4,283,91,0,91,374
10/18/2012,BUF,NY,AEA,CE,Combined TRACON& Tower with Radar,143,101,32,0,276,0,7,8,0,15,143,108,40,0,291,91,0,91,382
10/19/2012,BUF,NY,AEA,CE,Combined TRACON& Tower with Radar,141,106,29,0,276,0,4,8,0,12,141,110,37,0,288,93,0,93,381
10/20/2012,BUF,NY,AEA,CE,Combined TRACON& Tower with Radar,125,66,12,0,203,0,1,7,0,8,125,67,19,0,211,74,0,74,285
10/21/2012,BUF,NY,AEA,CE,Combined TRACON& Tower with Radar,130,74,25,0,229,0,7,16,0,23,130,81,41,0,252,90,12,102,354
10/22/2012,BUF,NY,AEA,CE,Combined TRACON& Tower with Radar,139,80,24,0,243,0,3,25,0,28,139,83,49,0,271,89,0,89,360
10/23/2012,BUF,NY,AEA,CE,Combined TRACON& Tower with Radar,146,94,19,0,259,0,0,0,0,0,146,94,19,0,259,28,0,28,287
10/24/2012,BUF,NY,AEA,CE,Combined TRACON& Tower with Radar,142,100,29,6,277,0,1,0,0,1,142,101,29,6,278,86,0,86,364
10/25/2012,BUF,NY,AEA,CE,Combined TRACON& Tower with Radar,147,94,27,0,268,0,13,24,0,37,147,107,51,0,305,154,0,154,459
10/26/2012,BUF,NY,AEA,CE,Combined TRACON& Tower with Radar,138,98,23,0,259,0,3,16,0,19,138,101,39,0,278,120,0,120,398
10/27/2012,BUF,NY,AEA,CE,Combined TRACON& Tower with Radar,115,66,14,6,201,0,0,0,0,0,115,66,14,6,201,68,8,76,277
10/28/2012,BUF,NY,AEA,CE,Combined TRACON& Tower with Radar,125,81,18,0,224,0,0,0,0,0,125,81,18,0,224,74,10,84,308
10/29/2012,BUF,NY,AEA,CE,Combined TRACON& Tower with Radar,69,41,16,0,126,0,0,0,0,0,69,41,16,0,126,70,4,74,200
10/30/2012,BUF,NY,AEA,CE,Combined TRACON& Tower with Radar,65,34,6,0,105,0,2,0,0,2,65,36,6,0,107,87,0,87,194
10/31/2012,BUF,NY,AEA,CE,Combined TRACON& Tower with Radar,99,70,24,2,195,0,4,3,0,7,99,74,27,2,202,93,0,93,295
11/01/2012,BUF,NY,AEA,CE,Combined TRACON& Tower with Radar,131,90,19,0,240,0,2,1,0,3,131,92,20,0,243,92,0,92,335
11/02/2012,BUF,NY,AEA,CE,Combined TRACON& Tower with Radar,136,94,16,0,246,0,3,0,0,3,136,97,16,0,249,82,20,102,351
11/03/2012,BUF,NY,AEA,CE,Combined TRACON& Tower with Radar,120,66,12,0,198,0,6,2,0,8,120,72,14,0,206,82,10,92,298
11/04/2012,BUF,NY,AEA,CE,Combined TRACON& Tower with Radar,118,77,15,0,210,0,6,10,0,16,118,83,25,0,226,93,0,93,319
11/05/2012,BUF,NY,AEA,CE,Combined TRACON& Tower with Radar,128,92,23,6,249,0,11,9,0,20,128,103,32,6,269,98,4,102,371
11/06/2012,BUF,NY,AEA,CE,Combined TRACON& Tower with Radar,132,84,19,2,237,0,9,23,0,32,132,93,42,2,269,110,4,114,383
11/07/2012,BUF,NY,AEA,CE,Combined TRACON& Tower with Radar,122,85,31,2,240,0,8,23,0,31,122,93,54,2,271,142,0,142,413
11/08/2012,BUF,NY,AEA,CE,Combined TRACON& Tower with Radar,123,98,22,2,245,0,8,13,0,21,123,106,35,2,266,72,0,72,338
11/09/2012,BUF,NY,AEA,CE,Combined TRACON& Tower with Radar,133,91,27,2,253,0,12,11,0,23,133,103,38,2,276,147,0,147,423
11/10/2012,BUF,NY,AEA,CE,Combined TRACON& Tower with Radar,113,61,11,0,185,0,1,4,0,5,113,62,15,0,190,78,16,94,284
11/11/2012,BUF,NY,AEA,CE,Combined TRACON& Tower with Radar,116,74,17,0,207,0,4,26,0,30,116,78,43,0,237,84,10,94,331
11/12/2012,BUF,NY,AEA,CE,Combined TRACON& Tower with Radar,135,97,22,0,254,0,9,1,0,10,135,106,23,0,264,115,0,115,379
11/13/2012,BUF,NY,AEA,CE,Combined TRACON& Tower with Radar,138,83,17,8,246,0,6,15,0,21,138,89,32,8,267,123,0,123,390
11/14/2012,BUF,NY,AEA,CE,Combined TRACON& Tower with Radar,139,97,33,1,270,0,1,30,3,34,139,98,63,4,304,115,0,115,419
11/15/2012,BUF,NY,AEA,CE,Combined TRACON& Tower with Radar,130,94,36,9,269,0,10,27,0,37,130,104,63,9,306,136,0,136,442
11/16/2012,BUF,NY,AEA,CE,Combined TRACON& Tower with Radar,146,88,19,0,253,0,6,23,0,29,146,94,42,0,282,108,0,108,390
11/17/2012,BUF,NY,AEA,CE,Combined TRACON& Tower with Radar,116,57,13,0,186,0,5,20,0,25,116,62,33,0,211,123,0,123,334
11/18/2012,BUF,NY,AEA,CE,Combined TRACON& Tower with Radar,121,72,20,0,213,0,2,20,0,22,121,74,40,0,235,105,5,110,345
11/19/2012,BUF,NY,AEA,CE,Combined TRACON& Tower with Radar,122,76,18,8,224,0,12,8,2,22,122,88,26,10,246,0,0,0,246
11/20/2012,BUF,NY,AEA,CE,Combined TRACON& Tower with Radar,142,99,27,0,268,0,11,7,0,18,142,110,34,0,286,90,26,116,402
11/21/2012,BUF,NY,AEA,CE,Combined TRACON& Tower with Radar,143,119,14,0,276,0,11,13,0,24,143,130,27,0,300,86,20,106,406
11/22/2012,BUF,NY,AEA,CE,Combined TRACON& Tower with Radar,93,48,1,0,142,0,4,3,0,7,93,52,4,0,149,74,6,80,229
11/23/2012,BUF,NY,AEA,CE,Combined TRACON& Tower with Radar,109,47,5,0,161,0,2,0,0,2,109,49,5,0,163,76,16,92,255
11/24/2012,BUF,NY,AEA,CE,Combined TRACON& Tower with Radar,127,66,8,0,201,0,1,2,0,3,127,67,10,0,204,0,0,0,204
11/25/2012,BUF,NY,AEA,CE,Combined TRACON& Tower with Radar,131,77,14,0,222,0,1,0,0,1,131,78,14,0,223,0,0,0,223
11/26/2012,BUF,NY,AEA,CE,Combined TRACON& Tower with Radar,136,91,18,0,245,0,3,10,0,13,136,94,28,0,258,78,18,96,354
11/27/2012,BUF,NY,AEA,CE,Combined TRACON& Tower with Radar,127,79,15,0,221,0,3,5,2,10,127,82,20,2,231,80,16,96,327
11/28/2012,BUF,NY,AEA,CE,Combined TRACON& Tower with Radar,135,80,30,0,245,0,2,5,0,7,135,82,35,0,252,90,20,110,362
11/29/2012,BUF,NY,AEA,CE,Combined TRACON& Tower with Radar,135,86,26,2,249,0,10,11,0,21,135,96,37,2,270,96,0,96,366
11/30/2012,BUF,NY,AEA,CE,Combined TRACON& Tower with Radar,135,75,11,2,223,0,5,0,0,5,135,80,11,2,228,93,0,93,321
12/01/2012,BUF,NY,AEA,CE,Combined TRACON& Tower with Radar,112,55,21,1,189,0,1,9,0,10,112,56,30,1,199,82,18,100,299
12/02/2012,BUF,NY,AEA,CE,Combined TRACON& Tower with Radar,120,61,11,0,192,0,5,0,0,5,120,66,11,0,197,74,6,80,277
12/03/2012,BUF,NY,AEA,CE,Combined TRACON& Tower with Radar,127,76,24,0,227,0,4,7,0,11,127,80,31,0,238,92,0,92,330
12/04/2012,BUF,NY,AEA,CE,Combined TRACON& Tower with Radar,130,80,34,0,244,0,0,1,0,1,130,80,35,0,245,93,0,93,338
12/05/2012,BUF,NY,AEA,CE,Combined TRACON& Tower with Radar,134,93,29,2,258,0,6,6,0,12,134,99,35,2,270,93,0,93,363
12/06/2012,BUF,NY,AEA,CE,Combined TRACON& Tower with Radar,135,72,24,4,235,0,8,39,0,47,135,80,63,4,282,140,6,146,428
12/07/2012,BUF,NY,AEA,CE,Combined TRACON& Tower with Radar,129,83,16,4,232,0,9,13,0,22,129,92,29,4,254,0,0,0,254
12/08/2012,BUF,NY,AEA,CE,Combined TRACON& Tower with Radar,111,55,26,0,192,0,1,0,0,1,111,56,26,0,193,60,0,60,253
12/09/2012,BUF,NY,AEA,CE,Combined TRACON& Tower with Radar,113,63,26,2,204,0,1,11,0,12,113,64,37,2,216,35,0,35,251
12/10/2012,BUF,NY,AEA,CE,Combined TRACON& Tower with Radar,125,76,24,14,239,0,0,0,1,1,125,76,24,15,240,79,0,79,319
12/11/2012,BUF,NY,AEA,CE,Combined TRACON& Tower with Radar,130,79,28,3,240,0,4,1,0,5,130,83,29,3,245,97,0,97,342
12/12/2012,BUF,NY,AEA,CE,Combined TRACON& Tower with Radar,133,89,42,0,264,0,4,12,0,16,133,93,54,0,280,0,0,0,280
12/13/2012,BUF,NY,AEA,CE,Combined TRACON& Tower with Radar,135,83,29,0,247,0,0,23,2,25,135,83,52,2,272,128,0,128,400
12/14/2012,BUF,NY,AEA,CE,Combined TRACON& Tower with Radar,133,84,30,0,247,0,4,18,0,22,133,88,48,0,269,68,18,86,355
12/15/2012,BUF,NY,AEA,CE,Combined TRACON& Tower with Radar,107,64,12,0,183,0,2,8,0,10,107,66,20,0,193,87,5,92,285
12/16/2012,BUF,NY,AEA,CE,Combined TRACON& Tower with Radar,110,63,9,0,182,0,4,3,0,7,110,67,12,0,189,92,0,92,281
12/17/2012,BUF,NY,AEA,CE,Combined TRACON& Tower with Radar,121,89,34,1,245,0,5,2,0,7,121,94,36,1,252,51,0,51,303
12/18/2012,BUF,NY,AEA,CE,Combined TRACON& Tower with Radar,127,83,7,2,219,0,0,0,2,2,127,83,7,4,221,84,22,106,327
12/19/2012,BUF,NY,AEA,CE,Combined TRACON& Tower with Radar,124,108,36,0,268,0,11,19,0,30,124,119,55,0,298,79,0,79,377
12/20/2012,BUF,NY,AEA,CE,Combined TRACON& Tower with Radar,128,105,26,0,259,0,2,7,0,9,128,107,33,0,268,58,0,58,326
12/21/2012,BUF,NY,AEA,CE,Combined TRACON& Tower with Radar,124,93,2,0,219,0,2,1,0,3,124,95,3,0,222,41,0,41,263
12/22/2012,BUF,NY,AEA,CE,Combined TRACON& Tower with Radar,118,74,9,0,201,0,6,1,0,7,118,80,10,0,208,90,0,90,298
12/23/2012,BUF,NY,AEA,CE,Combined TRACON& Tower with Radar,105,70,9,0,184,0,2,2,0,4,105,72,11,0,188,86,0,86,274
12/24/2012,BUF,NY,AEA,CE,Combined TRACON& Tower with Radar,99,66,3,0,168,0,11,4,0,15,99,77,7,0,183,0,0,0,183
12/25/2012,BUF,NY,AEA,CE,Combined TRACON& Tower with Radar,98,53,5,0,156,0,2,0,0,2,98,55,5,0,158,74,6,80,238
12/26/2012,BUF,NY,AEA,CE,Combined TRACON& Tower with Radar,94,61,10,0,165,0,4,4,0,8,94,65,14,0,173,64,0,64,237
12/27/2012,BUF,NY,AEA,CE,Combined TRACON& Tower with Radar,114,85,6,0,205,0,0,0,0,0,114,85,6,0,205,26,0,26,231
12/28/2012,BUF,NY,AEA,CE,Combined TRACON& Tower with Radar,123,95,8,0,226,0,0,1,0,1,123,95,9,0,227,78,10,88,315
12/29/2012,BUF,NY,AEA,CE,Combined TRACON& Tower with Radar,102,58,11,0,171,0,0,0,0,0,102,58,11,0,171,78,0,78,249
12/30/2012,BUF,NY,AEA,CE,Combined TRACON& Tower with Radar,105,69,13,0,187,0,0,9,0,9,105,69,22,0,196,76,0,76,272
12/31/2012,BUF,NY,AEA,CE,Combined TRACON& Tower with Radar,111,64,17,0,192,0,0,5,0,5,111,64,22,0,197,76,10,86,283
01/01/2013,BUF,NY,AEA,CE,Combined TRACON& Tower with Radar,98,61,3,0,162,0,0,4,0,4,98,61,7,0,166,0,0,0,166
01/02/2013,BUF,NY,AEA,CE,Combined TRACON& Tower with Radar,117,93,15,0,225,0,3,3,0,6,117,96,18,0,231,76,16,92,323
01/03/2013,BUF,NY,AEA,CE,Combined TRACON& Tower with Radar,128,72,27,2,229,0,2,0,0,2,128,74,27,2,231,0,0,0,231
01/04/2013,BUF,NY,AEA,CE,Combined TRACON& Tower with Radar,119,74,12,0,205,0,3,0,0,3,119,77,12,0,208,42,0,42,250
01/05/2013,BUF,NY,AEA,CE,Combined TRACON& Tower with Radar,104,45,12,0,161,0,2,5,0,7,104,47,17,0,168,94,0,94,262
01/06/2013,BUF,NY,AEA,CE,Combined TRACON& Tower with Radar,104,63,20,0,187,0,0,0,0,0,104,63,20,0,187,89,0,89,276
01/07/2013,BUF,NY,AEA,CE,Combined TRACON& Tower with Radar,126,77,13,3,219,0,0,1,1,2,126,77,14,4,221,93,0,93,314
01/08/2013,BUF,NY,AEA,CE,Combined TRACON& Tower with Radar,124,73,21,1,219,0,1,11,1,13,124,74,32,2,232,95,0,95,327
01/09/2013,BUF,NY,AEA,CE,Combined TRACON& Tower with Radar,125,76,18,3,222,0,1,4,3,8,125,77,22,6,230,92,0,92,322
01/10/2013,BUF,NY,AEA,CE,Combined TRACON& Tower with Radar,129,74,32,0,235,0,4,20,2,26,129,78,52,2,261,126,0,126,387
01/11/2013,BUF,NY,AEA,CE,Combined TRACON& Tower with Radar,128,67,20,0,215,0,3,1,0,4,128,70,21,0,219,69,0,69,288
01/12/2013,BUF,NY,AEA,CE,Combined TRACON& Tower with Radar,104,47,16,0,167,0,6,18,0,24,104,53,34,0,191,79,5,84,275
01/13/2013,BUF,NY,AEA,CE,Combined TRACON& Tower with Radar,105,47,9,0,161,0,0,0,0,0,105,47,9,0,161,84,10,94,255
01/14/2013,BUF,NY,AEA,CE,Combined TRACON& Tower with Radar,126,79,18,0,223,0,0,5,0,5,126,79,23,0,228,80,16,96,324
01/15/2013,BUF,NY,AEA,CE,Combined TRACON& Tower with Radar,121,70,23,7,221,0,2,16,0,18,121,72,39,7,239,92,0,92,331
01/16/2013,BUF,NY,AEA,CE,Combined TRACON& Tower with Radar,123,72,31,3,229,0,15,7,1,23,123,87,38,4,252,0,0,0,252
01/17/2013,BUF,NY,AEA,CE,Combined TRACON& Tower with Radar,130,74,20,8,232,0,12,3,0,15,130,86,23,8,247,0,0,0,247
01/18/2013,BUF,NY,AEA,CE,Combined TRACON& Tower with Radar,128,79,20,2,229,0,5,7,0,12,128,84,27,2,241,89,0,89,330
01/19/2013,BUF,NY,AEA,CE,Combined TRACON& Tower with Radar,107,44,13,0,164,0,7,3,0,10,107,51,16,0,174,87,0,87,261
01/20/2013,BUF,NY,AEA,CE,Combined TRACON& Tower with Radar,101,67,4,0,172,0,3,0,0,3,101,70,4,0,175,0,0,0,175
01/21/2013,BUF,NY,AEA,CE,Combined TRACON& Tower with Radar,119,74,5,0,198,0,0,2,0,2,119,74,7,0,200,58,0,58,258
01/22/2013,BUF,NY,AEA,CE,Combined TRACON& Tower with Radar,125,77,20,0,222,0,4,0,0,4,125,81,20,0,226,0,0,0,226
01/23/2013,BUF,NY,AEA,CE,Combined TRACON& Tower with Radar,130,84,30,2,246,0,4,7,0,11,130,88,37,2,257,70,0,70,327
01/24/2013,BUF,NY,AEA,CE,Combined TRACON& Tower with Radar,131,76,19,0,226,0,4,2,0,6,131,80,21,0,232,92,0,92,324
01/25/2013,BUF,NY,AEA,CE,Combined TRACON& Tower with Radar,131,78,20,0,229,0,4,8,0,12,131,82,28,0,241,97,0,97,338
01/26/2013,BUF,NY,AEA,CE,Combined TRACON& Tower with Radar,115,54,10,1,180,0,5,7,0,12,115,59,17,1,192,98,0,98,290
01/27/2013,BUF,NY,AEA,CE,Combined TRACON& Tower with Radar,112,60,14,0,186,0,5,11,0,16,112,65,25,0,202,0,0,0,202
01/28/2013,BUF,NY,AEA,CE,Combined TRACON& Tower with Radar,134,87,20,7,248,0,0,0,0,0,134,87,20,7,248,0,0,0,248
01/29/2013,BUF,NY,AEA,CE,Combined TRACON& Tower with Radar,124,85,11,0,220,0,0,0,0,0,124,85,11,0,220,76,14,90,310
01/30/2013,BUF,NY,AEA,CE,Combined TRACON& Tower with Radar,125,70,12,0,207,0,2,2,0,4,125,72,14,0,211,92,0,92,303
01/31/2013,BUF,NY,AEA,CE,Combined TRACON& Tower with Radar,134,76,12,0,222,0,0,0,0,0,134,76,12,0,222,72,14,86,308
02/01/2013,BUF,NY,AEA,CE,Combined TRACON& Tower with Radar,131,70,9,0,210,0,0,1,0,1,131,70,10,0,211,94,0,94,305
02/02/2013,BUF,NY,AEA,CE,Combined TRACON& Tower with Radar,107,48,7,0,162,0,0,0,0,0,107,48,7,0,162,0,0,0,162
02/03/2013,BUF,NY,AEA,CE,Combined TRACON& Tower with Radar,102,52,9,0,163,0,3,4,0,7,102,55,13,0,170,64,0,64,234
02/04/2013,BUF,NY,AEA,CE,Combined TRACON& Tower with Radar,126,79,25,0,230,0,5,5,0,10,126,84,30,0,240,74,14,88,328
02/05/2013,BUF,NY,AEA,CE,Combined TRACON& Tower with Radar,122,75,13,0,210,0,4,11,1,16,122,79,24,1,226,76,18,94,320
02/06/2013,BUF,NY,AEA,CE,Combined TRACON& Tower with Radar,125,88,32,1,246,0,9,8,6,23,125,97,40,7,269,94,0,94,363
02/07/2013,BUF,NY,AEA,CE,Combined TRACON& Tower with Radar,134,82,20,2,238,0,0,8,3,11,134,82,28,5,249,76,12,88,337
02/08/2013,BUF,NY,AEA,CE,Combined TRACON& Tower with Radar,79,34,3,0,116,0,0,0,0,0,79,34,3,0,116,94,0,94,210
02/09/2013,BUF,NY,AEA,CE,Combined TRACON& Tower with Radar,79,35,5,0,119,0,1,5,0,6,79,36,10,0,125,95,0,95,220
02/10/2013,BUF,NY,AEA,CE,Combined TRACON& Tower with Radar,116,58,11,0,185,0,5,12,0,17,116,63,23,0,202,93,0,93,295
02/11/2013,BUF,NY,AEA,CE,Combined TRACON& Tower with Radar,120,67,24,0,211,0,2,0,0,2,120,69,24,0,213,70,6,76,289
02/12/2013,BUF,NY,AEA,CE,Combined TRACON& Tower with Radar,126,73,18,0,217,0,4,0,0,4,126,77,18,0,221,0,0,0,221
02/13/2013,BUF,NY,AEA,CE,Combined TRACON& Tower with Radar,129,82,23,2,236,0,3,10,0,13,129,85,33,2,249,76,16,92,341
02/14/2013,BUF,NY,AEA,CE,Combined TRACON& Tower with Radar,137,88,26,2,253,0,6,5,0,11,137,94,31,2,264,0,0,0,264
02/15/2013,BUF,NY,AEA,CE,Combined TRACON& Tower with Radar,129,90,20,0,239,0,1,3,0,4,129,91,23,0,243,71,0,71,314
02/16/2013,BUF,NY,AEA,CE,Combined TRACON& Tower with Radar,120,69,8,0,197,0,9,5,0,14,120,78,13,0,211,72,14,86,297
02/17/2013,BUF,NY,AEA,CE,Combined TRACON& Tower with Radar,109,57,9,0,175,0,3,2,0,5,109,60,11,0,180,74,0,74,254
02/18/2013,BUF,NY,AEA,CE,Combined TRACON& Tower with Radar,129,76,19,2,226,0,0,17,0,17,129,76,36,2,243,0,0,0,243
02/19/2013,BUF,NY,AEA,CE,Combined TRACON& Tower with Radar,136,80,14,4,234,0,0,0,0,0,136,80,14,4,234,76,14,90,324
02/20/2013,BUF,NY,AEA,CE,Combined TRACON& Tower with Radar,136,99,30,0,265,0,7,2,0,9,136,106,32,0,274,112,0,112,386
02/21/2013,BUF,NY,AEA,CE,Combined TRACON& Tower with Radar,139,78,25,0,242,0,2,2,4,8,139,80,27,4,250,0,0,0,250
02/22/2013,BUF,NY,AEA,CE,Combined TRACON& Tower with Radar,137,76,21,2,236,0,4,43,0,47,137,80,64,2,283,0,0,0,283
02/23/2013,BUF,NY,AEA,CE,Combined TRACON& Tower with Radar,123,62,13,0,198,0,6,6,0,12,123,68,19,0,210,0,0,0,210
02/24/2013,BUF,NY,AEA,CE,Combined TRACON& Tower with Radar,122,70,9,0,201,0,3,2,0,5,122,73,11,0,206,76,18,94,300
02/25/2013,BUF,NY,AEA,CE,Combined TRACON& Tower with Radar,132,82,28,0,242,0,3,5,0,8,132,85,33,0,250,67,0,67,317
02/26/2013,BUF,NY,AEA,CE,Combined TRACON& Tower with Radar,136,70,19,0,225,0,5,10,0,15,136,75,29,0,240,87,0,87,327
02/27/2013,BUF,NY,AEA,CE,Combined TRACON& Tower with Radar,137,77,16,0,230,0,0,0,0,0,137,77,16,0,230,87,0,87,317
02/28/2013,BUF,NY,AEA,CE,Combined TRACON& Tower with Radar,142,90,13,0,245,0,0,0,0,0,142,90,13,0,245,83,0,83,328
03/01/2013,BUF,NY,AEA,CE,Combined TRACON& Tower with Radar,144,81,18,0,243,0,6,0,0,6,144,87,18,0,249,89,0,89,338
03/02/2013,BUF,NY,AEA,CE,Combined TRACON& Tower with Radar,134,64,15,0,213,0,1,0,0,1,134,65,15,0,214,76,14,90,304
03/03/2013,BUF,NY,AEA,CE,Combined TRACON& Tower with Radar,127,64,16,0,207,0,0,0,0,0,127,64,16,0,207,76,14,90,297
03/04/2013,BUF,NY,AEA,CE,Combined TRACON& Tower with Radar,141,80,18,0,239,0,1,3,0,4,141,81,21,0,243,59,0,59,302
03/05/2013,BUF,NY,AEA,CE,Combined TRACON& Tower with Radar,137,73,27,4,241,0,8,15,1,24,137,81,42,5,265,76,0,76,341
03/06/2013,BUF,NY,AEA,CE,Combined TRACON& Tower with Radar,133,78,15,7,233,0,5,8,0,13,133,83,23,7,246,80,20,100,346
03/07/2013,BUF,NY,AEA,CE,Combined TRACON& Tower with Radar,145,83,9,0,237,0,2,3,0,5,145,85,12,0,242,93,0,93,335
03/08/2013,BUF,NY,AEA,CE,Combined TRACON& Tower with Radar,139,72,20,0,231,0,11,11,0,22,139,83,31,0,253,93,0,93,346
03/09/2013,BUF,NY,AEA,CE,Combined TRACON& Tower with Radar,139,69,12,0,220,0,8,39,0,47,139,77,51,0,267,76,6,82,349
03/10/2013,BUF,NY,AEA,CE,Combined TRACON& Tower with Radar,123,68,16,0,207,0,9,10,0,19,123,77,26,0,226,78,10,88,314
03/11/2013,BUF,NY,AEA,CE,Combined TRACON& Tower with Radar,149,84,18,0,251,0,2,5,0,7,149,86,23,0,258,0,0,0,258
03/12/2013,BUF,NY,AEA,CE,Combined TRACON& Tower with Radar,143,93,12,0,248,0,5,4,0,9,143,98,16,0,257,78,12,90,347
03/13/2013,BUF,NY,AEA,CE,Combined TRACON& Tower with Radar,153,86,15,0,254,0,0,0,0,0,153,86,15,0,254,76,18,94,348
03/14/2013,BUF,NY,AEA,CE,Combined TRACON& Tower with Radar,147,85,16,2,250,0,3,14,0,17,147,88,30,2,267,82,16,98,365
03/15/2013,BUF,NY,AEA,CE,Combined TRACON& Tower with Radar,151,85,21,0,257,0,0,1,0,1,151,85,22,0,258,58,0,58,316
03/16/2013,BUF,NY,AEA,CE,Combined TRACON& Tower with Radar,136,61,11,0,208,0,1,0,0,1,136,62,11,0,209,92,0,92,301
03/17/2013,BUF,NY,AEA,CE,Combined TRACON& Tower with Radar,134,64,25,0,223,0,5,13,0,18,134,69,38,0,241,0,0,0,241
03/18/2013,BUF,NY,AEA,CE,Combined TRACON& Tower with Radar,142,85,7,0,234,0,1,1,0,2,142,86,8,0,236,78,16,94,330
03/19/2013,BUF,NY,AEA,CE,Combined TRACON& Tower with Radar,151,78,15,6,250,0,2,0,0,2,151,80,15,6,252,92,0,92,344
03/20/2013,BUF,NY,AEA,CE,Combined TRACON& Tower with Radar,145,94,20,0,259,0,2,7,0,9,145,96,27,0,268,78,10,88,356
03/21/2013,BUF,NY,AEA,CE,Combined TRACON& Tower with Radar,150,97,12,0,259,0,3,7,0,10,150,100,19,0,269,0,0,0,269
03/22/2013,BUF,NY,AEA,CE,Combined TRACON& Tower with Radar,148,91,10,0,249,0,2,0,0,2,148,93,10,0,251,0,0,0,251
03/23/2013,BUF,NY,AEA,CE,Combined TRACON& Tower with Radar,131,69,17,0,217,0,2,18,0,20,131,71,35,0,237,86,0,86,323
03/24/2013,BUF,NY,AEA,CE,Combined TRACON& Tower with Radar,128,70,13,0,211,0,6,22,0,28,128,76,35,0,239,134,0,134,373
03/25/2013,BUF,NY,AEA,CE,Combined TRACON& Tower with Radar,139,81,23,0,243,0,4,11,0,15,139,85,34,0,258,95,0,95,353
03/26/2013,BUF,NY,AEA,CE,Combined TRACON& Tower with Radar,151,86,25,1,263,0,6,24,5,35,151,92,49,6,298,76,14,90,388
03/27/2013,BUF,NY,AEA,CE,Combined TRACON& Tower with Radar,152,88,20,2,262,0,4,2,0,6,152,92,22,2,268,0,0,0,268
03/28/2013,BUF,NY,AEA,CE,Combined TRACON& Tower with Radar,147,98,20,0,265,0,4,4,0,8,147,102,24,0,273,134,0,134,407
03/29/2013,BUF,NY,AEA,CE,Combined TRACON& Tower with Radar,151,86,13,0,250,0,8,18,0,26,151,94,31,0,276,104,0,104,380
03/30/2013,BUF,NY,AEA,CE,Combined TRACON& Tower with Radar,140,60,8,0,208,0,1,32,0,33,140,61,40,0,241,88,18,106,347
03/31/2013,BUF,NY,AEA,CE,Combined TRACON& Tower with Radar,125,62,3,0,190,0,4,4,0,8,125,66,7,0,198,78,6,84,282
04/01/2013,BUF,NY,AEA,CE,Combined TRACON& Tower with Radar,143,80,13,0,236,0,3,2,0,5,143,83,15,0,241,88,0,88,329
04/02/2013,BUF,NY,AEA,CE,Combined TRACON& Tower with Radar,147,79,11,0,237,0,5,0,2,7,147,84,11,2,244,78,18,96,340
04/03/2013,BUF,NY,AEA,CE,Combined TRACON& Tower with Radar,146,83,23,0,252,0,5,7,0,12,146,88,30,0,264,0,0,0,264
04/04/2013,BUF,NY,AEA,CE,Combined TRACON& Tower with Radar,141,91,26,2,260,0,6,21,2,29,141,97,47,4,289,69,0,69,358
04/05/2013,BUF,NY,AEA,CE,Combined TRACON& Tower with Radar,148,87,19,0,254,0,5,33,0,38,148,92,52,0,292,65,0,65,357
04/06/2013,BUF,NY,AEA,CE,Combined TRACON& Tower with Radar,131,71,17,0,219,0,7,37,0,44,131,78,54,0,263,84,14,98,361
04/07/2013,BUF,NY,AEA,CE,Combined TRACON& Tower with Radar,134,73,16,0,223,0,4,7,0,11,134,77,23,0,234,82,20,102,336
04/08/2013,BUF,NY,AEA,CE,Combined TRACON& Tower with Radar,153,93,25,0,271,0,1,18,0,19,153,94,43,0,290,78,0,78,368
04/09/2013,BUF,NY,AEA,CE,Combined TRACON& Tower with Radar,148,77,17,0,242,0,6,18,0,24,148,83,35,0,266,57,0,57,323
04/10/2013,BUF,NY,AEA,CE,Combined TRACON& Tower with Radar,143,76,21,2,242,0,0,0,0,0,143,76,21,2,242,76,22,98,340
04/11/2013,BUF,NY,AEA,CE,Combined TRACON& Tower with Radar,146,84,15,0,245,0,0,0,0,0,146,84,15,0,245,80,14,94,339
04/12/2013,BUF,NY,AEA,CE,Combined TRACON& Tower with Radar,144,81,21,0,246,0,1,0,0,1,144,82,21,0,247,0,0,0,247
04/13/2013,BUF,NY,AEA,CE,Combined TRACON& Tower with Radar,131,65,8,0,204,0,2,0,0,2,131,67,8,0,206,80,16,96,302
04/14/2013,BUF,NY,AEA,CE,Combined TRACON& Tower with Radar,133,69,27,0,229,0,9,36,2,47,133,78,63,2,276,78,14,92,368
04/15/2013,BUF,NY,AEA,CE,Combined TRACON& Tower with Radar,139,79,29,2,249,0,8,16,0,24,139,87,45,2,273,69,0,69,342
04/16/2013,BUF,NY,AEA,CE,Combined TRACON& Tower with Radar,150,87,19,0,256,0,0,1,0,1,150,87,20,0,257,50,0,50,307
04/17/2013,BUF,NY,AEA,CE,Combined TRACON& Tower with Radar,146,84,23,4,257,0,4,13,0,17,146,88,36,4,274,82,18,100,374
04/18/2013,BUF,NY,AEA,CE,Combined TRACON& Tower with Radar,144,77,31,3,255,0,10,13,1,24,144,87,44,4,279,78,16,94,373
04/19/2013,BUF,NY,AEA,CE,Combined TRACON& Tower with Radar,141,80,6,0,227,0,3,2,0,5,141,83,8,0,232,93,0,93,325
04/20/2013,BUF,NY,AEA,CE,Combined TRACON& Tower with Radar,115,64,17,2,198,0,1,1,0,2,115,65,18,2,200,82,12,94,294
04/21/2013,BUF,NY,AEA,CE,Combined TRACON& Tower with Radar,131,65,18,0,214,0,8,34,0,42,131,73,52,0,256,0,0,0,256
04/22/2013,BUF,NY,AEA,CE,Combined TRACON& Tower with Radar,143,80,22,6,251,0,6,13,0,19,143,86,35,6,270,0,0,0,270
04/23/2013,BUF,NY,AEA,CE,Combined TRACON& Tower with Radar,147,83,31,0,261,0,11,30,0,41,147,94,61,0,302,86,26,112,414
04/24/2013,BUF,NY,AEA,CE,Combined TRACON& Tower with Radar,145,87,14,4,250,0,2,1,0,3,145,89,15,4,253,86,0,86,339
04/25/2013,BUF,NY,AEA,CE,Combined TRACON& Tower with Radar,149,95,38,1,283,0,3,7,1,11,149,98,45,2,294,84,18,102,396
04/26/2013,BUF,NY,AEA,CE,Combined TRACON& Tower with Radar,145,90,18,4,257,0,8,28,3,39,145,98,46,7,296,118,16,134,430
04/27/2013,BUF,NY,AEA,CE,Combined TRACON& Tower with Radar,117,63,21,0,201,0,10,35,0,45,117,73,56,0,246,156,0,156,402
04/28/2013,BUF,NY,AEA,CE,Combined TRACON& Tower with Radar,134,68,22,2,226,0,11,18,0,29,134,79,40,2,255,94,0,94,349
04/29/2013,BUF,NY,AEA,CE,Combined TRACON& Tower with Radar,140,81,22,0,243,0,5,3,0,8,140,86,25,0,251,97,0,97,348
04/30/2013,BUF,NY,AEA,CE,Combined TRACON& Tower with Radar,145,82,23,2,252,0,3,20,0,23,145,85,43,2,275,96,0,96,371
05/01/2013,BUF,NY,AEA,CE,Combined TRACON& Tower with Radar,142,93,28,6,269,0,7,21,0,28,142,100,49,6,297,95,0,95,392
05/02/2013,BUF,NY,AEA,CE,Combined TRACON& Tower with Radar,141,95,22,0,258,0,9,20,0,29,141,104,42,0,287,124,0,124,411
05/03/2013,BUF,NY,AEA,CE,Combined TRACON& Tower with Radar,143,95,21,4,263,0,7,14,0,21,143,102,35,4,284,100,6,106,390
05/04/2013,BUF,NY,AEA,CE,Combined TRACON& Tower with Radar,116,68,14,4,202,0,2,22,0,24,116,70,36,4,226,94,0,94,320
05/05/2013,BUF,NY,AEA,CE,Combined TRACON& Tower with Radar,126,77,28,1,232,0,12,16,0,28,126,89,44,1,260,99,0,99,359
05/06/2013,BUF,NY,AEA,CE,Combined TRACON& Tower with Radar,139,96,23,1,259,0,4,18,0,22,139,100,41,1,281,124,8,132,413
05/07/2013,BUF,NY,AEA,CE,Combined TRACON& Tower with Radar,145,99,23,8,275,0,5,13,0,18,145,104,36,8,293,106,8,114,407
05/08/2013,BUF,NY,AEA,CE,Combined TRACON& Tower with Radar,134,99,27,0,260,0,0,10,0,10,134,99,37,0,270,86,22,108,378
05/09/2013,BUF,NY,AEA,CE,Combined TRACON& Tower with Radar,146,114,27,0,287,0,5,4,0,9,146,119,31,0,296,0,0,0,296
05/10/2013,BUF,NY,AEA,CE,Combined TRACON& Tower with Radar,142,100,32,0,274,0,4,4,0,8,142,104,36,0,282,58,0,58,340
05/11/2013,BUF,NY,AEA,CE,Combined TRACON& Tower with Radar,122,62,12,0,196,0,3,2,0,5,122,65,14,0,201,84,16,100,301
05/12/2013,BUF,NY,AEA,CE,Combined TRACON& Tower with Radar,118,78,19,0,215,0,1,1,0,2,118,79,20,0,217,78,6,84,301
05/13/2013,BUF,NY,AEA,CE,Combined TRACON& Tower with Radar,138,89,19,3,249,0,5,7,0,12,138,94,26,3,261,76,0,76,337
05/14/2013,BUF,NY,AEA,CE,Combined TRACON& Tower with Radar,147,91,25,2,265,0,7,18,0,25,147,98,43,2,290,126,4,130,420
05/15/2013,BUF,NY,AEA,CE,Combined TRACON& Tower with Radar,143,104,28,2,277,0,8,4,0,12,143,112,32,2,289,102,0,102,391
05/16/2013,BUF,NY,AEA,CE,Combined TRACON& Tower with Radar,144,93,39,0,276,0,5,22,2,29,144,98,61,2,305,60,18,78,383
05/17/2013,BUF,NY,AEA,CE,Combined TRACON& Tower with Radar,142,89,34,2,267,0,8,43,0,51,142,97,77,2,318,86,14,100,418
05/18/2013,BUF,NY,AEA,CE,Combined TRACON& Tower with Radar,117,66,31,0,214,0,3,33,0,36,117,69,64,0,250,96,0,96,346
05/19/2013,BUF,NY,AEA,CE,Combined TRACON& Tower with Radar,125,74,37,0,236,0,8,33,0,41,125,82,70,0,277,90,16,106,383
05/20/2013,BUF,NY,AEA,CE,Combined TRACON& Tower with Radar,138,100,33,4,275,0,5,23,0,28,138,105,56,4,303,66,8,74,377
05/21/2013,BUF,NY,AEA,CE,Combined TRACON& Tower with Radar,149,91,21,0,261,0,11,5,0,16,149,102,26,0,277,48,0,48,325
05/22/2013,BUF,NY,AEA,CE,Combined TRACON& Tower with Radar,140,98,31,2,271,0,5,13,1,19,140,103,44,3,290,17,10,27,317
05/23/2013,BUF,NY,AEA,CE,Combined TRACON& Tower with Radar,138,85,26,3,252,0,2,7,0,9,138,87,33,3,261,0,0,0,261
05/24/2013,BUF,NY,AEA,CE,Combined TRACON& Tower with Radar,146,101,32,0,279,0,4,4,0,8,146,105,36,0,287,64,5,69,356
05/25/2013,BUF,NY,AEA,CE,Combined TRACON& Tower with Radar,114,62,24,0,200,0,6,26,2,34,114,68,50,2,234,88,14,102,336
05/26/2013,BUF,NY,AEA,CE,Combined TRACON& Tower with Radar,119,51,15,0,185,0,7,15,0,22,119,58,30,0,207,72,0,72,279
05/27/2013,BUF,NY,AEA,CE,Combined TRACON& Tower with Radar,130,80,26,0,236,0,15,16,0,31,130,95,42,0,267,75,0,75,342
05/28/2013,BUF,NY,AEA,CE,Combined TRACON& Tower with Radar,143,89,17,0,249,0,4,1,0,5,143,93,18,0,254,65,0,65,319
05/29/2013,BUF,NY,AEA,CE,Combined TRACON& Tower with Radar,155,104,29,8,296,0,6,9,0,15,155,110,38,8,311,88,32,120,431
05/30/2013,BUF,NY,AEA,CE,Combined TRACON& Tower with Radar,145,103,22,6,276,0,13,10,0,23,145,116,32,6,299,100,30,130,429
05/31/2013,BUF,NY,AEA,CE,Combined TRACON& Tower with Radar,146,91,20,0,257,0,5,12,0,17,146,96,32,0,274,98,18,116,390
06/01/2013,BUF,NY,AEA,CE,Combined TRACON& Tower with Radar,117,64,14,2,197,0,5,8,2,15,117,69,22,4,212,104,0,104,316
06/02/2013,BUF,NY,AEA,CE,Combined TRACON& Tower with Radar,118,85,9,0,212,0,2,2,0,4,118,87,11,0,216,92,24,116,332
06/03/2013,BUF,NY,AEA,CE,Combined TRACON& Tower with Radar,150,89,40,5,284,0,9,20,5,34,150,98,60,10,318,100,0,100,418
06/04/2013,BUF,NY,AEA,CE,Combined TRACON& Tower with Radar,149,89,27,0,265,0,10,26,0,36,149,99,53,0,301,103,0,103,404
06/05/2013,BUF,NY,AEA,CE,Combined TRACON& Tower with Radar,145,95,37,0,277,0,11,33,0,44,145,106,70,0,321,98,0,98,419
06/06/2013,BUF,NY,AEA,CE,Combined TRACON& Tower with Radar,159,115,20,0,294,0,3,1,0,4,159,118,21,0,298,0,0,0,298
06/07/2013,BUF,NY,AEA,CE,Combined TRACON& Tower with Radar,142,95,21,6,264,0,1,2,0,3,142,96,23,6,267,0,0,0,267
06/08/2013,BUF,NY,AEA,CE,Combined TRACON& Tower with Radar,118,73,18,0,209,0,5,6,0,11,118,78,24,0,220,87,2,89,309
06/09/2013,BUF,NY,AEA,CE,Combined TRACON& Tower with Radar,135,80,19,2,236,0,3,27,0,30,135,83,46,2,266,103,6,109,375
06/10/2013,BUF,NY,AEA,CE,Combined TRACON& Tower with Radar,143,91,21,0,255,0,6,0,0,6,143,97,21,0,261,100,0,100,361
06/11/2013,BUF,NY,AEA,CE,Combined TRACON& Tower with Radar,166,96,28,5,295,0,0,3,0,3,166,96,31,5,298,98,0,98,396
06/12/2013,BUF,NY,AEA,CE,Combined TRACON& Tower with Radar,158,101,48,2,309,0,2,35,3,40,158,103,83,5,349,99,0,99,448
06/13/2013,BUF,NY,AEA,CE,Combined TRACON& Tower with Radar,146,100,20,0,266,0,1,0,0,1,146,101,20,0,267,0,0,0,267
06/14/2013,BUF,NY,AEA,CE,Combined TRACON& Tower with Radar,159,97,30,0,286,0,1,18,0,19,159,98,48,0,305,0,0,0,305
06/15/2013,BUF,NY,AEA,CE,Combined TRACON& Tower with Radar,132,70,15,0,217,0,7,33,0,40,132,77,48,0,257,150,0,150,407
06/16/2013,BUF,NY,AEA,CE,Combined TRACON& Tower with Radar,139,78,15,0,232,0,0,6,0,6,139,78,21,0,238,31,24,55,293
06/17/2013,BUF,NY,AEA,CE,Combined TRACON& Tower with Radar,144,80,25,0,249,0,6,10,0,16,144,86,35,0,265,114,0,114,379
06/18/2013,BUF,NY,AEA,CE,Combined TRACON& Tower with Radar,158,95,24,4,281,0,2,6,0,8,158,97,30,4,289,106,6,112,401
06/19/2013,BUF,NY,AEA,CE,Combined TRACON& Tower with Radar,171,98,36,8,313,0,8,22,0,30,171,106,58,8,343,136,30,166,509
06/20/2013,BUF,NY,AEA,CE,Combined TRACON& Tower with Radar,159,104,30,0,293,0,5,10,0,15,159,109,40,0,308,122,42,164,472
06/21/2013,BUF,NY,AEA,CE,Combined TRACON& Tower with Radar,157,97,21,0,275,0,3,27,0,30,157,100,48,0,305,130,36,166,471
06/22/2013,BUF,NY,AEA,CE,Combined TRACON& Tower with Radar,127,72,12,0,211,0,8,5,0,13,127,80,17,0,224,68,0,68,292
06/23/2013,BUF,NY,AEA,CE,Combined TRACON& Tower with Radar,148,84,27,0,259,0,2,15,0,17,148,86,42,0,276,106,18,124,400
06/24/2013,BUF,NY,AEA,CE,Combined TRACON& Tower with Radar,143,77,31,2,253,0,11,15,0,26,143,88,46,2,279,122,0,122,401
06/25/2013,BUF,NY,AEA,CE,Combined TRACON& Tower with Radar,162,104,22,4,292,0,5,4,0,9,162,109,26,4,301,96,26,122,423
06/26/2013,BUF,NY,AEA,CE,Combined TRACON& Tower with Radar,159,93,36,1,289,0,10,12,1,23,159,103,48,2,312,120,0,120,432
06/27/2013,BUF,NY,AEA,CE,Combined TRACON& Tower with Radar,157,87,22,1,267,0,6,5,0,11,157,93,27,1,278,40,0,40,318
06/28/2013,BUF,NY,AEA,CE,Combined TRACON& Tower with Radar,156,84,23,2,265,0,0,0,0,0,156,84,23,2,265,90,20,110,375
06/29/2013,BUF,NY,AEA,CE,Combined TRACON& Tower with Radar,134,76,10,0,220,0,2,4,0,6,134,78,14,0,226,96,18,114,340
06/30/2013,BUF,NY,AEA,CE,Combined TRACON& Tower with Radar,137,67,30,0,234,0,1,5,2,8,137,68,35,2,242,94,12,106,348
07/01/2013,BUF,NY,AEA,CE,Combined TRACON& Tower with Radar,146,89,21,0,256,0,4,0,0,4,146,93,21,0,260,41,0,41,301
07/02/2013,BUF,NY,AEA,CE,Combined TRACON& Tower with Radar,168,70,30,2,270,0,2,3,0,5,168,72,33,2,275,51,0,51,326
07/03/2013,BUF,NY,AEA,CE,Combined TRACON& Tower with Radar,163,83,21,8,275,0,8,8,0,16,163,91,29,8,291,99,0,99,390
07/04/2013,BUF,NY,AEA,CE,Combined TRACON& Tower with Radar,134,37,7,0,178,0,8,0,0,8,134,45,7,0,186,118,0,118,304
07/05/2013,BUF,NY,AEA,CE,Combined TRACON& Tower with Radar,144,57,13,0,214,0,9,2,0,11,144,66,15,0,225,106,0,106,331
07/06/2013,BUF,NY,AEA,CE,Combined TRACON& Tower with Radar,131,63,15,0,209,0,7,22,0,29,131,70,37,0,238,120,0,120,358
07/07/2013,BUF,NY,AEA,CE,Combined TRACON& Tower with Radar,148,58,42,0,248,0,5,4,0,9,148,63,46,0,257,120,0,120,377
07/08/2013,BUF,NY,AEA,CE,Combined TRACON& Tower with Radar,172,80,32,0,284,0,2,8,0,10,172,82,40,0,294,150,0,150,444
07/09/2013,BUF,NY,AEA,CE,Combined TRACON& Tower with Radar,170,82,38,1,291,0,6,9,1,16,170,88,47,2,307,106,0,106,413
07/10/2013,BUF,NY,AEA,CE,Combined TRACON& Tower with Radar,155,80,27,3,265,0,7,11,3,21,155,87,38,6,286,57,0,57,343
07/11/2013,BUF,NY,AEA,CE,Combined TRACON& Tower with Radar,166,81,36,0,283,0,13,23,0,36,166,94,59,0,319,103,0,103,422
07/12/2013,BUF,NY,AEA,CE,Combined TRACON& Tower with Radar,171,81,31,2,285,0,8,28,0,36,171,89,59,2,321,107,0,107,428
07/13/2013,BUF,NY,AEA,CE,Combined TRACON& Tower with Radar,133,72,14,0,219,0,11,15,0,26,133,83,29,0,245,113,0,113,358
07/14/2013,BUF,NY,AEA,CE,Combined TRACON& Tower with Radar,152,65,50,0,267,0,5,21,4,30,152,70,71,4,297,114,30,144,441
07/15/2013,BUF,NY,AEA,CE,Combined TRACON& Tower with Radar,164,81,36,0,281,0,11,9,5,25,164,92,45,5,306,154,14,168,474
07/16/2013,BUF,NY,AEA,CE,Combined TRACON& Tower with Radar,170,80,20,4,274,0,5,20,0,25,170,85,40,4,299,104,0,104,403
07/17/2013,BUF,NY,AEA,CE,Combined TRACON& Tower with Radar,163,94,33,0,290,0,8,2,0,10,163,102,35,0,300,101,0,101,401
07/18/2013,BUF,NY,AEA,CE,Combined TRACON& Tower with Radar,171,89,43,0,303,0,7,4,0,11,171,96,47,0,314,122,0,122,436
07/19/2013,BUF,NY,AEA,CE,Combined TRACON& Tower with Radar,167,83,24,4,278,0,7,9,4,20,167,90,33,8,298,146,16,162,460
07/20/2013,BUF,NY,AEA,CE,Combined TRACON& Tower with Radar,139,77,27,0,243,0,2,7,0,9,139,79,34,0,252,48,28,76,328
07/21/2013,BUF,NY,AEA,CE,Combined TRACON& Tower with Radar,153,69,37,2,261,0,5,19,0,24,153,74,56,2,285,88,0,88,373
07/22/2013,BUF,NY,AEA,CE,Combined TRACON& Tower with Radar,157,81,33,4,275,0,7,17,0,24,157,88,50,4,299,119,0,119,418
07/23/2013,BUF,NY,AEA,CE,Combined TRACON& Tower with Radar,171,75,40,2,288,0,1,18,0,19,171,76,58,2,307,122,4,126,433
07/24/2013,BUF,NY,AEA,CE,Combined TRACON& Tower with Radar,169,87,25,8,289,0,5,13,0,18,169,92,38,8,307,106,0,106,413
07/25/2013,BUF,NY,AEA,CE,Combined TRACON& Tower with Radar,168,80,36,0,284,0,4,24,0,28,168,84,60,0,312,112,0,112,424
07/26/2013,BUF,NY,AEA,CE,Combined TRACON& Tower with Radar,172,81,22,0,275,0,11,37,1,49,172,92,59,1,324,129,0,129,453
07/27/2013,BUF,NY,AEA,CE,Combined TRACON& Tower with Radar,125,66,17,0,208,0,7,10,0,17,125,73,27,0,225,40,31,71,296
07/28/2013,BUF,NY,AEA,CE,Combined TRACON& Tower with Radar,147,60,34,0,241,0,6,11,0,17,147,66,45,0,258,102,0,102,360
07/29/2013,BUF,NY,AEA,CE,Combined TRACON& Tower with Radar,164,73,39,0,276,0,4,9,0,13,164,77,48,0,289,104,0,104,393
07/30/2013,BUF,NY,AEA,CE,Combined TRACON& Tower with Radar,171,74,37,2,284,0,5,34,0,39,171,79,71,2,323,138,6,144,467
07/31/2013,BUF,NY,AEA,CE,Combined TRACON& Tower with Radar,169,71,35,0,275,0,1,25,0,26,169,72,60,0,301,118,6,124,425
08/01/2013,BUF,NY,AEA,CE,Combined TRACON& Tower with Radar,159,76,45,2,282,0,3,6,0,9,159,79,51,2,291,27,36,63,354
08/02/2013,BUF,NY,AEA,CE,Combined TRACON& Tower with Radar,174,87,21,0,282,0,12,6,0,18,174,99,27,0,300,32,34,66,366
08/03/2013,BUF,NY,AEA,CE,Combined TRACON& Tower with Radar,124,68,38,0,230,0,6,39,0,45,124,74,77,0,275,123,0,123,398
08/04/2013,BUF,NY,AEA,CE,Combined TRACON& Tower with Radar,154,73,41,0,268,0,7,26,0,33,154,80,67,0,301,121,0,121,422
08/05/2013,BUF,NY,AEA,CE,Combined TRACON& Tower with Radar,162,77,38,0,277,0,5,29,0,34,162,82,67,0,311,114,0,114,425
08/06/2013,BUF,NY,AEA,CE,Combined TRACON& Tower with Radar,168,81,36,2,287,0,9,23,0,32,168,90,59,2,319,144,8,152,471
08/07/2013,BUF,NY,AEA,CE,Combined TRACON& Tower with Radar,170,72,35,8,285,0,5,11,0,16,170,77,46,8,301,120,12,132,433
08/08/2013,BUF,NY,AEA,CE,Combined TRACON& Tower with Radar,162,89,36,3,290,0,4,7,2,13,162,93,43,5,303,61,0,61,364
08/09/2013,BUF,NY,AEA,CE,Combined TRACON& Tower with Radar,166,80,27,0,273,0,2,9,0,11,166,82,36,0,284,104,16,120,404
08/10/2013,BUF,NY,AEA,CE,Combined TRACON& Tower with Radar,132,69,22,0,223,0,14,21,2,37,132,83,43,2,260,48,42,90,350
08/11/2013,BUF,NY,AEA,CE,Combined TRACON& Tower with Radar,150,68,35,0,253,0,3,24,2,29,150,71,59,2,282,98,26,124,406
08/12/2013,BUF,NY,AEA,CE,Combined TRACON& Tower with Radar,159,75,34,0,268,0,1,17,0,18,159,76,51,0,286,92,26,118,404
08/13/2013,BUF,NY,AEA,CE,Combined TRACON& Tower with Radar,168,88,35,4,295,0,11,8,0,19,168,99,43,4,314,53,41,94,408
08/14/2013,BUF,NY,AEA,CE,Combined TRACON& Tower with Radar,167,75,28,2,272,0,6,19,0,25,167,81,47,2,297,59,0,59,356
08/15/2013,BUF,NY,AEA,CE,Combined TRACON& Tower with Radar,170,88,17,4,279,0,9,33,0,42,170,97,50,4,321,103,0,103,424
08/16/2013,BUF,NY,AEA,CE,Combined TRACON& Tower with Radar,166,93,27,2,288,0,8,36,3,47,166,101,63,5,335,120,0,120,455
08/17/2013,BUF,NY,AEA,CE,Combined TRACON& Tower with Radar,130,72,24,2,228,0,4,16,0,20,130,76,40,2,248,118,0,118,366
08/18/2013,BUF,NY,AEA,CE,Combined TRACON& Tower with Radar,144,64,28,0,236,0,2,27,2,31,144,66,55,2,267,94,18,112,379
08/19/2013,BUF,NY,AEA,CE,Combined TRACON& Tower with Radar,166,92,28,0,286,0,11,10,2,23,166,103,38,2,309,92,37,129,438
08/20/2013,BUF,NY,AEA,CE,Combined TRACON& Tower with Radar,164,80,21,0,265,0,3,28,0,31,164,83,49,0,296,84,30,114,410
08/21/2013,BUF,NY,AEA,CE,Combined TRACON& Tower with Radar,158,91,16,6,271,0,2,16,0,18,158,93,32,6,289,72,0,72,361
08/22/2013,BUF,NY,AEA,CE,Combined TRACON& Tower with Radar,160,75,31,10,276,0,4,4,0,8,160,79,35,10,284,116,0,116,400
08/23/2013,BUF,NY,AEA,CE,Combined TRACON& Tower with Radar,165,81,15,0,261,0,0,22,0,22,165,81,37,0,283,81,28,109,392
08/24/2013,BUF,NY,AEA,CE,Combined TRACON& Tower with Radar,130,58,17,0,205,0,6,23,0,29,130,64,40,0,234,104,22,126,360
08/25/2013,BUF,NY,AEA,CE,Combined TRACON& Tower with Radar,135,76,18,0,229,0,10,20,0,30,135,86,38,0,259,98,22,120,379
08/26/2013,BUF,NY,AEA,CE,Combined TRACON& Tower with Radar,159,76,30,0,265,0,3,0,0,3,159,79,30,0,268,76,33,109,377
08/27/2013,BUF,NY,AEA,CE,Combined TRACON& Tower with Radar,162,72,20,2,256,0,6,2,0,8,162,78,22,2,264,112,0,112,376
08/28/2013,BUF,NY,AEA,CE,Combined TRACON& Tower with Radar,159,80,36,0,275,0,5,18,0,23,159,85,54,0,298,114,0,114,412
08/29/2013,BUF,NY,AEA,CE,Combined TRACON& Tower with Radar,172,83,50,0,305,0,7,29,0,36,172,90,79,0,341,109,0,109,450
08/30/2013,BUF,NY,AEA,CE,Combined TRACON& Tower with Radar,158,77,24,0,259,0,9,36,0,45,158,86,60,0,304,0,0,0,304
08/31/2013,BUF,NY,AEA,CE,Combined TRACON& Tower with Radar,120,53,11,0,184,0,10,11,0,21,120,63,22,0,205,97,0,97,302
09/01/2013,BUF,NY,AEA,CE,Combined TRACON& Tower with Radar,115,55,24,0,194,0,2,2,0,4,115,57,26,0,198,90,12,102,300
09/02/2013,BUF,NY,AEA,CE,Combined TRACON& Tower with Radar,140,73,30,0,243,0,1,4,0,5,140,74,34,0,248,116,0,116,364
09/03/2013,BUF,NY,AEA,CE,Combined TRACON& Tower with Radar,155,69,13,1,238,0,3,9,0,12,155,72,22,1,250,110,0,110,360
09/04/2013,BUF,NY,AEA,CE,Combined TRACON& Tower with Radar,158,76,26,4,264,0,9,11,0,20,158,85,37,4,284,118,0,118,402
09/05/2013,BUF,NY,AEA,CE,Combined TRACON& Tower with Radar,151,78,20,0,249,0,12,15,0,27,151,90,35,0,276,115,0,115,391
09/06/2013,BUF,NY,AEA,CE,Combined TRACON& Tower with Radar,146,85,17,2,250,0,3,26,0,29,146,88,43,2,279,120,0,120,399
09/07/2013,BUF,NY,AEA,CE,Combined TRACON& Tower with Radar,117,59,8,0,184,0,9,7,0,16,117,68,15,0,200,36,0,36,236
09/08/2013,BUF,NY,AEA,CE,Combined TRACON& Tower with Radar,125,66,29,0,220,0,15,16,0,31,125,81,45,0,251,97,0,97,348
09/09/2013,BUF,NY,AEA,CE,Combined TRACON& Tower with Radar,143,78,25,0,246,0,3,14,0,17,143,81,39,0,263,100,0,100,363
09/10/2013,BUF,NY,AEA,CE,Combined TRACON& Tower with Radar,141,71,31,3,246,0,10,3,1,14,141,81,34,4,260,116,5,121,381
09/11/2013,BUF,NY,AEA,CE,Combined TRACON& Tower with Radar,126,70,27,0,223,0,6,8,0,14,126,76,35,0,237,99,6,105,342
09/12/2013,BUF,NY,AEA,CE,Combined TRACON& Tower with Radar,118,75,28,2,223,0,3,1,0,4,118,78,29,2,227,82,0,82,309
09/13/2013,BUF,NY,AEA,CE,Combined TRACON& Tower with Radar,138,80,40,0,258,0,0,3,1,4,138,80,43,1,262,76,0,76,338
09/14/2013,BUF,NY,AEA,CE,Combined TRACON& Tower with Radar,124,60,16,2,202,0,0,37,1,38,124,60,53,3,240,82,0,82,322
09/15/2013,BUF,NY,AEA,CE,Combined TRACON& Tower with Radar,127,72,32,4,235,0,5,22,2,29,127,77,54,6,264,66,37,103,367
09/16/2013,BUF,NY,AEA,CE,Combined TRACON& Tower with Radar,147,74,25,0,246,0,1,0,0,1,147,75,25,0,247,40,0,40,287
09/17/2013,BUF,NY,AEA,CE,Combined TRACON& Tower with Radar,143,79,18,6,246,0,1,25,2,28,143,80,43,8,274,84,20,104,378
09/18/2013,BUF,NY,AEA,CE,Combined TRACON& Tower with Radar,149,89,23,0,261,0,4,27,0,31,149,93,50,0,292,91,16,107,399
09/19/2013,BUF,NY,AEA,CE,Combined TRACON& Tower with Radar,151,77,44,6,278,0,5,15,0,20,151,82,59,6,298,64,0,64,362
09/20/2013,BUF,NY,AEA,CE,Combined TRACON& Tower with Radar,152,82,26,2,262,0,6,26,0,32,152,88,52,2,294,92,18,110,404
09/21/2013,BUF,NY,AEA,CE,Combined TRACON& Tower with Radar,120,50,8,0,178,0,1,0,0,1,120,51,8,0,179,76,16,92,271
09/22/2013,BUF,NY,AEA,CE,Combined TRACON& Tower with Radar,131,70,37,0,238,0,2,20,0,22,131,72,57,0,260,90,0,90,350
09/23/2013,BUF,NY,AEA,CE,Combined TRACON& Tower with Radar,151,72,25,0,248,0,7,19,0,26,151,79,44,0,274,63,0,63,337
09/24/2013,BUF,NY,AEA,CE,Combined TRACON& Tower with Radar,147,76,19,0,242,0,2,23,0,25,147,78,42,0,267,72,0,72,339
09/25/2013,BUF,NY,AEA,CE,Combined TRACON& Tower with Radar,147,98,14,2,261,0,17,22,0,39,147,115,36,2,300,0,0,0,300
09/26/2013,BUF,NY,AEA,CE,Combined TRACON& Tower with Radar,145,91,19,2,257,0,5,15,0,20,145,96,34,2,277,92,24,116,393
09/27/2013,BUF,NY,AEA,CE,Combined TRACON& Tower with Radar,144,91,36,2,273,0,10,19,0,29,144,101,55,2,302,128,0,128,430
09/28/2013,BUF,NY,AEA,CE,Combined TRACON& Tower with Radar,119,65,20,0,204,0,7,23,0,30,119,72,43,0,234,84,0,84,318
09/29/2013,BUF,NY,AEA,CE,Combined TRACON& Tower with Radar,133,63,32,0,228,0,5,26,0,31,133,68,58,0,259,90,24,114,373
09/30/2013,BUF,NY,AEA,CE,Combined TRACON& Tower with Radar,143,81,30,0,254,0,3,8,0,11,143,84,38,0,265,90,0,90,355
10/01/2013,BUF,NY,AEA,CE,Combined TRACON& Tower with Radar,150,75,26,0,251,0,6,1,0,7,150,81,27,0,258,83,0,83,341
10/02/2013,BUF,NY,AEA,CE,Combined TRACON& Tower with Radar,153,78,26,0,257,0,7,10,0,17,153,85,36,0,274,98,24,122,396
10/03/2013,BUF,NY,AEA,CE,Combined TRACON& Tower with Radar,155,85,28,0,268,0,7,23,2,32,155,92,51,2,300,86,24,110,410
10/04/2013,BUF,NY,AEA,CE,Combined TRACON& Tower with Radar,156,91,29,0,276,0,5,2,0,7,156,96,31,0,283,95,0,95,378
10/05/2013,BUF,NY,AEA,CE,Combined TRACON& Tower with Radar,127,56,16,0,199,0,1,0,0,1,127,57,16,0,200,81,0,81,281
10/06/2013,BUF,NY,AEA,CE,Combined TRACON& Tower with Radar,136,62,15,0,213,0,8,17,0,25,136,70,32,0,238,90,26,116,354
10/07/2013,BUF,NY,AEA,CE,Combined TRACON& Tower with Radar,151,72,15,0,238,0,1,1,0,2,151,73,16,0,240,92,0,92,332
10/08/2013,BUF,NY,AEA,CE,Combined TRACON& Tower with Radar,153,73,21,0,247,0,6,19,2,27,153,79,40,2,274,104,0,104,378
10/09/2013,BUF,NY,AEA,CE,Combined TRACON& Tower with Radar,153,84,29,0,266,0,5,38,0,43,153,89,67,0,309,92,0,92,401
10/10/2013,BUF,NY,AEA,CE,Combined TRACON& Tower with Radar,152,81,26,0,259,0,8,26,0,34,152,89,52,0,293,88,18,106,399
10/11/2013,BUF,NY,AEA,CE,Combined TRACON& Tower with Radar,154,80,31,0,265,0,8,20,0,28,154,88,51,0,293,88,13,101,394
10/12/2013,BUF,NY,AEA,CE,Combined TRACON& Tower with Radar,131,59,23,0,213,0,6,33,0,39,131,65,56,0,252,100,13,113,365
10/13/2013,BUF,NY,AEA,CE,Combined TRACON& Tower with Radar,137,64,32,0,233,0,3,12,0,15,137,67,44,0,248,106,3,109,357
10/14/2013,BUF,NY,AEA,CE,Combined TRACON& Tower with Radar,152,85,24,0,261,0,12,16,0,28,152,97,40,0,289,108,0,108,397
10/15/2013,BUF,NY,AEA,CE,Combined TRACON& Tower with Radar,150,78,27,0,255,0,5,17,0,22,150,83,44,0,277,153,0,153,430
10/16/2013,BUF,NY,AEA,CE,Combined TRACON& Tower with Radar,153,98,20,0,271,0,0,2,0,2,153,98,22,0,273,107,0,107,380
10/17/2013,BUF,NY,AEA,CE,Combined TRACON& Tower with Radar,161,86,35,0,282,0,2,3,0,5,161,88,38,0,287,84,18,102,389
10/18/2013,BUF,NY,AEA,CE,Combined TRACON& Tower with Radar,155,87,13,0,255,0,4,12,2,18,155,91,25,2,273,67,37,104,377
10/19/2013,BUF,NY,AEA,CE,Combined TRACON& Tower with Radar,132,46,11,0,189,0,3,7,0,10,132,49,18,0,199,26,0,26,225
10/20/2013,BUF,NY,AEA,CE,Combined TRACON& Tower with Radar,137,62,16,2,217,0,1,6,0,7,137,63,22,2,224,94,0,94,318
10/21/2013,BUF,NY,AEA,CE,Combined TRACON& Tower with Radar,150,70,17,0,237,0,1,18,0,19,150,71,35,0,256,63,47,110,366
10/22/2013,BUF,NY,AEA,CE,Combined TRACON& Tower with Radar,151,72,27,0,250,0,5,10,0,15,151,77,37,0,265,86,18,104,369
10/23/2013,BUF,NY,AEA,CE,Combined TRACON& Tower with Radar,149,88,28,0,265,0,2,4,0,6,149,90,32,0,271,55,49,104,375
10/24/2013,BUF,NY,AEA,CE,Combined TRACON& Tower with Radar,158,84,30,0,272,0,2,7,0,9,158,86,37,0,281,56,46,102,383
10/25/2013,BUF,NY,AEA,CE,Combined TRACON& Tower with Radar,151,97,30,2,280,0,9,12,0,21,151,106,42,2,301,69,42,111,412
10/26/2013,BUF,NY,AEA,CE,Combined TRACON& Tower with Radar,128,46,5,0,179,0,0,2,0,2,128,46,7,0,181,78,20,98,279
10/27/2013,BUF,NY,AEA,CE,Combined TRACON& Tower with Radar,140,62,25,0,227,0,4,25,0,29,140,66,50,0,256,114,0,114,370
10/28/2013,BUF,NY,AEA,CE,Combined TRACON& Tower with Radar,136,85,28,2,251,0,12,36,0,48,136,97,64,2,299,88,22,110,409
10/29/2013,BUF,NY,AEA,CE,Combined TRACON& Tower with Radar,144,90,38,6,278,0,10,15,0,25,144,100,53,6,303,144,18,162,465
10/30/2013,BUF,NY,AEA,CE,Combined TRACON& Tower with Radar,144,89,17,3,253,0,8,26,0,34,144,97,43,3,287,125,0,125,412
10/31/2013,BUF,NY,AEA,CE,Combined TRACON& Tower with Radar,139,75,14,6,234,0,6,0,0,6,139,81,14,6,240,93,65,158,398
11/01/2013,BUF,NY,AEA,CE,Combined TRACON& Tower with Radar,155,84,15,0,254,0,1,0,0,1,155,85,15,0,255,90,18,108,363
11/02/2013,BUF,NY,AEA,CE,Combined TRACON& Tower with Radar,129,51,8,2,190,0,2,6,0,8,129,53,14,2,198,88,14,102,300
11/03/2013,BUF,NY,AEA,CE,Combined TRACON& Tower with Radar,131,54,22,0,207,0,3,18,0,21,131,57,40,0,228,84,20,104,332
11/04/2013,BUF,NY,AEA,CE,Combined TRACON& Tower with Radar,136,77,25,2,240,0,5,20,0,25,136,82,45,2,265,84,22,106,371
11/05/2013,BUF,NY,AEA,CE,Combined TRACON& Tower with Radar,138,80,22,0,240,0,7,16,0,23,138,87,38,0,263,65,0,65,328
11/06/2013,BUF,NY,AEA,CE,Combined TRACON& Tower with Radar,137,78,27,1,243,0,4,7,2,13,137,82,34,3,256,120,4,124,380
11/07/2013,BUF,NY,AEA,CE,Combined TRACON& Tower with Radar,139,77,33,3,252,0,5,7,0,12,139,82,40,3,264,82,28,110,374
11/08/2013,BUF,NY,AEA,CE,Combined TRACON& Tower with Radar,144,89,23,4,260,0,1,8,0,9,144,90,31,4,269,100,0,100,369
11/09/2013,BUF,NY,AEA,CE,Combined TRACON& Tower with Radar,115,56,12,0,183,0,4,4,0,8,115,60,16,0,191,78,12,90,281
11/10/2013,BUF,NY,AEA,CE,Combined TRACON& Tower with Radar,120,59,15,0,194,0,0,0,0,0,120,59,15,0,194,36,0,36,230
11/11/2013,BUF,NY,AEA,CE,Combined TRACON& Tower with Radar,139,79,14,0,232,0,2,2,0,4,139,81,16,0,236,45,0,45,281
11/12/2013,BUF,NY,AEA,CE,Combined TRACON& Tower with Radar,141,87,30,6,264,0,9,5,0,14,141,96,35,6,278,45,0,45,323
11/13/2013,BUF,NY,AEA,CE,Combined TRACON& Tower with Radar,134,88,31,4,257,0,9,15,1,25,134,97,46,5,282,91,12,103,385
11/14/2013,BUF,NY,AEA,CE,Combined TRACON& Tower with Radar,143,93,29,7,272,0,4,5,1,10,143,97,34,8,282,84,16,100,382
11/15/2013,BUF,NY,AEA,CE,Combined TRACON& Tower with Radar,143,85,19,0,247,0,14,29,0,43,143,99,48,0,290,84,18,102,392
11/16/2013,BUF,NY,AEA,CE,Combined TRACON& Tower with Radar,111,51,23,0,185,0,3,48,0,51,111,54,71,0,236,113,0,113,349
11/17/2013,BUF,NY,AEA,CE,Combined TRACON& Tower with Radar,118,55,20,0,193,0,0,0,0,0,118,55,20,0,193,128,0,128,321
11/18/2013,BUF,NY,AEA,CE,Combined TRACON& Tower with Radar,140,84,14,0,238,0,0,3,0,3,140,84,17,0,241,107,0,107,348
11/19/2013,BUF,NY,AEA,CE,Combined TRACON& Tower with Radar,146,85,19,2,252,0,4,19,0,23,146,89,38,2,275,107,0,107,382
11/20/2013,BUF,NY,AEA,CE,Combined TRACON& Tower with Radar,143,80,16,4,243,0,12,28,0,40,143,92,44,4,283,70,65,135,418
11/21/2013,BUF,NY,AEA,CE,Combined TRACON& Tower with Radar,134,93,18,2,247,0,9,18,0,27,134,102,36,2,274,80,16,96,370
11/22/2013,BUF,NY,AEA,CE,Combined TRACON& Tower with Radar,147,89,21,1,258,0,0,1,0,1,147,89,22,1,259,38,2,40,299
11/23/2013,BUF,NY,AEA,CE,Combined TRACON& Tower with Radar,105,60,15,1,181,0,6,0,0,6,105,66,15,1,187,39,0,39,226
11/24/2013,BUF,NY,AEA,CE,Combined TRACON& Tower with Radar,101,64,19,0,184,0,2,3,0,5,101,66,22,0,189,82,10,92,281
11/25/2013,BUF,NY,AEA,CE,Combined TRACON& Tower with Radar,125,70,16,2,213,0,5,8,0,13,125,75,24,2,226,97,0,97,323
11/26/2013,BUF,NY,AEA,CE,Combined TRACON& Tower with Radar,145,89,27,0,261,0,0,2,0,2,145,89,29,0,263,100,0,100,363
11/27/2013,BUF,NY,AEA,CE,Combined TRACON& Tower with Radar,148,88,12,0,248,0,2,0,0,2,148,90,12,0,250,82,18,100,350
11/28/2013,BUF,NY,AEA,CE,Combined TRACON& Tower with Radar,78,42,5,0,125,0,2,0,0,2,78,44,5,0,127,76,0,76,203
11/29/2013,BUF,NY,AEA,CE,Combined TRACON& Tower with Radar,95,53,8,0,156,0,4,11,0,15,95,57,19,0,171,84,16,100,271
11/30/2013,BUF,NY,AEA,CE,Combined TRACON& Tower with Radar,123,58,10,0,191,0,2,16,0,18,123,60,26,0,209,66,0,66,275
12/01/2013,BUF,NY,AEA,CE,Combined TRACON& Tower with Radar,123,70,16,0,209,0,5,5,0,10,123,75,21,0,219,70,50,120,339
12/02/2013,BUF,NY,AEA,CE,Combined TRACON& Tower with Radar,147,80,19,0,246,0,4,3,0,7,147,84,22,0,253,80,14,94,347
12/03/2013,BUF,NY,AEA,CE,Combined TRACON& Tower with Radar,131,76,18,3,228,0,15,9,2,26,131,91,27,5,254,110,10,120,374
12/04/2013,BUF,NY,AEA,CE,Combined TRACON& Tower with Radar,132,77,34,0,243,0,6,8,0,14,132,83,42,0,257,124,4,128,385
12/05/2013,BUF,NY,AEA,CE,Combined TRACON& Tower with Radar,127,86,31,1,245,0,4,2,0,6,127,90,33,1,251,56,0,56,307
12/06/2013,BUF,NY,AEA,CE,Combined TRACON& Tower with Radar,134,75,28,0,237,0,8,7,0,15,134,83,35,0,252,75,0,75,327
12/07/2013,BUF,NY,AEA,CE,Combined TRACON& Tower with Radar,101,51,19,2,173,0,4,16,2,22,101,55,35,4,195,76,8,84,279
12/08/2013,BUF,NY,AEA,CE,Combined TRACON& Tower with Radar,113,38,6,0,157,0,0,13,2,15,113,38,19,2,172,136,8,144,316
12/09/2013,BUF,NY,AEA,CE,Combined TRACON& Tower with Radar,126,61,23,0,210,0,2,0,2,4,126,63,23,2,214,93,14,107,321
12/10/2013,BUF,NY,AEA,CE,Combined TRACON& Tower with Radar,131,62,21,0,214,0,2,4,0,6,131,64,25,0,220,0,0,0,220
12/11/2013,BUF,NY,AEA,CE,Combined TRACON& Tower with Radar,129,85,18,2,234,0,0,0,2,2,129,85,18,4,236,81,43,124,360
12/12/2013,BUF,NY,AEA,CE,Combined TRACON& Tower with Radar,126,88,10,2,226,0,2,3,4,9,126,90,13,6,235,87,41,128,363
12/13/2013,BUF,NY,AEA,CE,Combined TRACON& Tower with Radar,135,75,7,0,217,0,4,0,0,4,135,79,7,0,221,56,47,103,324
12/14/2013,BUF,NY,AEA,CE,Combined TRACON& Tower with Radar,88,41,8,0,137,0,1,0,0,1,88,42,8,0,138,72,6,78,216
12/15/2013,BUF,NY,AEA,CE,Combined TRACON& Tower with Radar,108,58,16,0,182,0,0,0,0,0,108,58,16,0,182,76,14,90,272
12/16/2013,BUF,NY,AEA,CE,Combined TRACON& Tower with Radar,124,68,25,6,223,0,3,9,0,12,124,71,34,6,235,78,22,100,335
12/17/2013,BUF,NY,AEA,CE,Combined TRACON& Tower with Radar,123,74,13,0,210,0,2,1,0,3,123,76,14,0,213,0,0,0,213
12/18/2013,BUF,NY,AEA,CE,Combined TRACON& Tower with Radar,140,85,16,2,243,0,0,1,0,1,140,85,17,2,244,86,46,132,376
12/19/2013,BUF,NY,AEA,CE,Combined TRACON& Tower with Radar,129,95,28,2,254,0,9,10,0,19,129,104,38,2,273,105,0,105,378
12/20/2013,BUF,NY,AEA,CE,Combined TRACON& Tower with Radar,141,96,24,0,261,0,0,0,0,0,141,96,24,0,261,78,0,78,339
12/21/2013,BUF,NY,AEA,CE,Combined TRACON& Tower with Radar,123,67,14,0,204,0,0,0,0,0,123,67,14,0,204,78,0,78,282
12/22/2013,BUF,NY,AEA,CE,Combined TRACON& Tower with Radar,116,67,9,0,192,0,0,0,0,0,116,67,9,0,192,78,20,98,290
12/23/2013,BUF,NY,AEA,CE,Combined TRACON& Tower with Radar,117,74,14,0,205,0,8,1,0,9,117,82,15,0,214,26,0,26,240
12/24/2013,BUF,NY,AEA,CE,Combined TRACON& Tower with Radar,118,70,5,0,193,0,1,1,0,2,118,71,6,0,195,25,0,25,220
12/25/2013,BUF,NY,AEA,CE,Combined TRACON& Tower with Radar,99,36,0,0,135,0,0,1,0,1,99,36,1,0,136,78,2,80,216
12/26/2013,BUF,NY,AEA,CE,Combined TRACON& Tower with Radar,127,94,10,0,231,0,0,4,0,4,127,94,14,0,235,86,16,102,337
12/27/2013,BUF,NY,AEA,CE,Combined TRACON& Tower with Radar,132,79,17,0,228,0,11,3,0,14,132,90,20,0,242,78,18,96,338
12/28/2013,BUF,NY,AEA,CE,Combined TRACON& Tower with Radar,118,71,14,0,203,0,0,8,0,8,118,71,22,0,211,80,12,92,303
12/29/2013,BUF,NY,AEA,CE,Combined TRACON& Tower with Radar,105,49,14,0,168,0,0,11,0,11,105,49,25,0,179,80,16,96,275
12/30/2013,BUF,NY,AEA,CE,Combined TRACON& Tower with Radar,116,68,4,1,189,0,5,2,0,7,116,73,6,1,196,59,45,104,300
12/31/2013,BUF,NY,AEA,CE,Combined TRACON& Tower with Radar,98,70,5,1,174,0,1,0,0,1,98,71,5,1,175,92,0,92,267
01/01/2014,BUF,NY,AEA,CE,Combined TRACON& Tower with Radar,94,44,6,0,144,0,0,3,0,3,94,44,9,0,147,82,0,82,229
01/02/2014,BUF,NY,AEA,CE,Combined TRACON& Tower with Radar,105,60,4,0,169,0,0,0,0,0,105,60,4,0,169,76,12,88,257
01/03/2014,BUF,NY,AEA,CE,Combined TRACON& Tower with Radar,86,64,10,0,160,0,2,2,0,4,86,66,12,0,164,92,18,110,274
01/04/2014,BUF,NY,AEA,CE,Combined TRACON& Tower with Radar,111,56,14,0,181,0,8,9,0,17,111,64,23,0,198,84,8,92,290
01/05/2014,BUF,NY,AEA,CE,Combined TRACON& Tower with Radar,87,38,9,0,134,0,2,8,0,10,87,40,17,0,144,78,10,88,232
01/06/2014,BUF,NY,AEA,CE,Combined TRACON& Tower with Radar,66,46,12,0,124,0,0,0,0,0,66,46,12,0,124,0,0,0,124
01/07/2014,BUF,NY,AEA,CE,Combined TRACON& Tower with Radar,14,1,1,0,16,0,0,0,0,0,14,1,1,0,16,0,0,0,16
01/08/2014,BUF,NY,AEA,CE,Combined TRACON& Tower with Radar,72,39,20,0,131,0,3,0,0,3,72,42,20,0,134,74,8,82,216
01/09/2014,BUF,NY,AEA,CE,Combined TRACON& Tower with Radar,119,63,22,2,206,0,7,9,0,16,119,70,31,2,222,82,16,98,320
01/10/2014,BUF,NY,AEA,CE,Combined TRACON& Tower with Radar,116,75,14,8,213,0,3,0,0,3,116,78,14,8,216,0,0,0,216
01/11/2014,BUF,NY,AEA,CE,Combined TRACON& Tower with Radar,107,42,26,0,175,0,2,0,0,2,107,44,26,0,177,80,10,90,267
01/12/2014,BUF,NY,AEA,CE,Combined TRACON& Tower with Radar,105,49,12,0,166,0,2,4,0,6,105,51,16,0,172,76,10,86,258
01/13/2014,BUF,NY,AEA,CE,Combined TRACON& Tower with Radar,116,72,16,0,204,0,4,4,0,8,116,76,20,0,212,55,39,94,306
01/14/2014,BUF,NY,AEA,CE,Combined TRACON& Tower with Radar,111,68,21,0,200,0,4,0,0,4,111,72,21,0,204,78,12,90,294
01/15/2014,BUF,NY,AEA,CE,Combined TRACON& Tower with Radar,121,68,12,0,201,0,5,3,4,12,121,73,15,4,213,80,10,90,303
01/16/2014,BUF,NY,AEA,CE,Combined TRACON& Tower with Radar,122,66,20,0,208,0,3,13,0,16,122,69,33,0,224,78,16,94,318
01/17/2014,BUF,NY,AEA,CE,Combined TRACON& Tower with Radar,117,66,26,0,209,0,6,2,2,10,117,72,28,2,219,79,0,79,298
01/18/2014,BUF,NY,AEA,CE,Combined TRACON& Tower with Radar,93,33,6,0,132,0,3,4,0,7,93,36,10,0,139,80,0,80,219
01/19/2014,BUF,NY,AEA,CE,Combined TRACON& Tower with Radar,99,41,5,0,145,0,0,0,0,0,99,41,5,0,145,0,0,0,145
01/20/2014,BUF,NY,AEA,CE,Combined TRACON& Tower with Radar,109,72,10,0,191,0,0,4,0,4,109,72,14,0,195,93,0,93,288
01/21/2014,BUF,NY,AEA,CE,Combined TRACON& Tower with Radar,84,50,31,0,165,0,8,1,0,9,84,58,32,0,174,84,24,108,282
01/22/2014,BUF,NY,AEA,CE,Combined TRACON& Tower with Radar,102,57,29,0,188,0,10,4,0,14,102,67,33,0,202,86,20,106,308
01/23/2014,BUF,NY,AEA,CE,Combined TRACON& Tower with Radar,123,68,14,0,205,0,2,0,0,2,123,70,14,0,207,88,10,98,305
01/24/2014,BUF,NY,AEA,CE,Combined TRACON& Tower with Radar,115,66,17,0,198,0,1,7,0,8,115,67,24,0,206,68,0,68,274
01/25/2014,BUF,NY,AEA,CE,Combined TRACON& Tower with Radar,90,29,7,0,126,0,0,0,0,0,90,29,7,0,126,55,0,55,181
01/26/2014,BUF,NY,AEA,CE,Combined TRACON& Tower with Radar,107,53,7,0,167,0,4,3,0,7,107,57,10,0,174,36,0,36,210
01/27/2014,BUF,NY,AEA,CE,Combined TRACON& Tower with Radar,115,57,15,4,191,0,5,0,0,5,115,62,15,4,196,78,20,98,294
01/28/2014,BUF,NY,AEA,CE,Combined TRACON& Tower with Radar,109,63,10,0,182,0,2,4,0,6,109,65,14,0,188,64,56,120,308
01/29/2014,BUF,NY,AEA,CE,Combined TRACON& Tower with Radar,109,75,15,3,202,0,0,0,0,0,109,75,15,3,202,79,0,79,281
01/30/2014,BUF,NY,AEA,CE,Combined TRACON& Tower with Radar,116,71,16,0,203,0,6,7,0,13,116,77,23,0,216,102,0,102,318
01/31/2014,BUF,NY,AEA,CE,Combined TRACON& Tower with Radar,117,67,19,2,205,0,2,4,0,6,117,69,23,2,211,122,0,122,333
02/01/2014,BUF,NY,AEA,CE,Combined TRACON& Tower with Radar,95,31,8,2,136,0,6,1,0,7,95,37,9,2,143,102,0,102,245
02/02/2014,BUF,NY,AEA,CE,Combined TRACON& Tower with Radar,92,43,11,0,146,0,0,0,0,0,92,43,11,0,146,84,8,92,238
02/03/2014,BUF,NY,AEA,CE,Combined TRACON& Tower with Radar,97,57,22,0,176,0,4,7,0,11,97,61,29,0,187,68,0,68,255
02/04/2014,BUF,NY,AEA,CE,Combined TRACON& Tower with Radar,111,68,18,2,199,0,4,3,2,9,111,72,21,4,208,84,26,110,318
02/05/2014,BUF,NY,AEA,CE,Combined TRACON& Tower with Radar,90,41,10,0,141,0,0,0,0,0,90,41,10,0,141,78,0,78,219
02/06/2014,BUF,NY,AEA,CE,Combined TRACON& Tower with Radar,124,79,21,0,224,0,5,4,0,9,124,84,25,0,233,85,0,85,318
02/07/2014,BUF,NY,AEA,CE,Combined TRACON& Tower with Radar,124,64,13,0,201,0,4,1,0,5,124,68,14,0,206,84,18,102,308
02/08/2014,BUF,NY,AEA,CE,Combined TRACON& Tower with Radar,95,29,14,0,138,0,6,6,0,12,95,35,20,0,150,0,0,0,150
02/09/2014,BUF,NY,AEA,CE,Combined TRACON& Tower with Radar,100,46,8,0,154,0,2,0,0,2,100,48,8,0,156,78,8,86,242
02/10/2014,BUF,NY,AEA,CE,Combined TRACON& Tower with Radar,120,65,13,0,198,0,1,9,0,10,120,66,22,0,208,102,2,104,312
02/11/2014,BUF,NY,AEA,CE,Combined TRACON& Tower with Radar,109,71,18,2,200,0,0,9,0,9,109,71,27,2,209,0,0,0,209
02/12/2014,BUF,NY,AEA,CE,Combined TRACON& Tower with Radar,101,77,21,4,203,0,4,22,0,26,101,81,43,4,229,67,37,104,333
02/13/2014,BUF,NY,AEA,CE,Combined TRACON& Tower with Radar,78,55,15,4,152,0,6,12,0,18,78,61,27,4,170,54,49,103,273
02/14/2014,BUF,NY,AEA,CE,Combined TRACON& Tower with Radar,125,76,12,0,213,0,4,3,0,7,125,80,15,0,220,80,14,94,314
02/15/2014,BUF,NY,AEA,CE,Combined TRACON& Tower with Radar,115,39,12,0,166,0,5,8,0,13,115,44,20,0,179,82,71,153,332
02/16/2014,BUF,NY,AEA,CE,Combined TRACON& Tower with Radar,108,44,10,0,162,0,0,0,0,0,108,44,10,0,162,66,56,122,284
02/17/2014,BUF,NY,AEA,CE,Combined TRACON& Tower with Radar,126,56,19,1,202,0,4,13,0,17,126,60,32,1,219,82,14,96,315
02/18/2014,BUF,NY,AEA,CE,Combined TRACON& Tower with Radar,131,59,16,0,206,0,2,0,2,4,131,61,16,2,210,36,4,40,250
02/19/2014,BUF,NY,AEA,CE,Combined TRACON& Tower with Radar,141,79,27,2,249,0,3,7,2,12,141,82,34,4,261,0,0,0,261
02/20/2014,BUF,NY,AEA,CE,Combined TRACON& Tower with Radar,143,71,10,0,224,0,0,8,0,8,143,71,18,0,232,76,22,98,330
02/21/2014,BUF,NY,AEA,CE,Combined TRACON& Tower with Radar,133,58,16,2,209,0,4,1,0,5,133,62,17,2,214,52,48,100,314
02/22/2014,BUF,NY,AEA,CE,Combined TRACON& Tower with Radar,129,39,7,0,175,0,1,1,0,2,129,40,8,0,177,24,0,24,201
02/23/2014,BUF,NY,AEA,CE,Combined TRACON& Tower with Radar,117,47,20,0,184,0,1,10,0,11,117,48,30,0,195,76,12,88,283
02/24/2014,BUF,NY,AEA,CE,Combined TRACON& Tower with Radar,138,74,25,0,237,0,2,0,0,2,138,76,25,0,239,48,0,48,287
02/25/2014,BUF,NY,AEA,CE,Combined TRACON& Tower with Radar,143,76,13,0,232,0,0,2,0,2,143,76,15,0,234,42,0,42,276
02/26/2014,BUF,NY,AEA,CE,Combined TRACON& Tower with Radar,134,73,18,3,228,0,12,0,0,12,134,85,18,3,240,80,12,92,332
02/27/2014,BUF,NY,AEA,CE,Combined TRACON& Tower with Radar,135,76,13,0,224,0,1,0,0,1,135,77,13,0,225,84,18,102,327
02/28/2014,BUF,NY,AEA,CE,Combined TRACON& Tower with Radar,132,70,8,0,210,0,7,18,0,25,132,77,26,0,235,78,0,78,313
03/01/2014,BUF,NY,AEA,CE,Combined TRACON& Tower with Radar,123,44,9,0,176,0,5,0,0,5,123,49,9,0,181,21,0,21,202
03/02/2014,BUF,NY,AEA,CE,Combined TRACON& Tower with Radar,110,48,15,0,173,0,0,1,0,1,110,48,16,0,174,0,0,0,174
03/03/2014,BUF,NY,AEA,CE,Combined TRACON& Tower with Radar,108,63,3,0,174,0,7,1,0,8,108,70,4,0,182,42,18,60,242
03/04/2014,BUF,NY,AEA,CE,Combined TRACON& Tower with Radar,141,57,23,0,221,0,2,4,0,6,141,59,27,0,227,58,34,92,319
03/05/2014,BUF,NY,AEA,CE,Combined TRACON& Tower with Radar,140,66,29,2,237,0,9,5,0,14,140,75,34,2,251,66,4,70,321
03/06/2014,BUF,NY,AEA,CE,Combined TRACON& Tower with Radar,147,64,16,0,227,0,0,7,2,9,147,64,23,2,236,60,0,60,296
03/07/2014,BUF,NY,AEA,CE,Combined TRACON& Tower with Radar,144,52,25,0,221,0,2,16,0,18,144,54,41,0,239,84,18,102,341
03/08/2014,BUF,NY,AEA,CE,Combined TRACON& Tower with Radar,126,41,13,0,180,0,0,2,0,2,126,41,15,0,182,68,50,118,300
03/09/2014,BUF,NY,AEA,CE,Combined TRACON& Tower with Radar,124,50,21,0,195,0,10,13,0,23,124,60,34,0,218,64,52,116,334
03/10/2014,BUF,NY,AEA,CE,Combined TRACON& Tower with Radar,141,54,16,0,211,0,4,2,0,6,141,58,18,0,217,84,20,104,321
03/11/2014,BUF,NY,AEA,CE,Combined TRACON& Tower with Radar,143,57,23,0,223,0,6,6,0,12,143,63,29,0,235,55,50,105,340
03/12/2014,BUF,NY,AEA,CE,Combined TRACON& Tower with Radar,39,9,9,0,57,0,0,0,0,0,39,9,9,0,57,34,0,34,91
03/13/2014,BUF,NY,AEA,CE,Combined TRACON& Tower with Radar,124,57,18,0,199,0,6,4,0,10,124,63,22,0,209,105,0,105,314
03/14/2014,BUF,NY,AEA,CE,Combined TRACON& Tower with Radar,148,54,10,0,212,0,4,2,0,6,148,58,12,0,218,117,0,117,335
03/15/2014,BUF,NY,AEA,CE,Combined TRACON& Tower with Radar,122,35,6,0,163,0,1,2,0,3,122,36,8,0,166,107,0,107,273
03/16/2014,BUF,NY,AEA,CE,Combined TRACON& Tower with Radar,124,42,13,0,179,0,2,89,6,97,124,44,102,6,276,0,0,0,276
03/17/2014,BUF,NY,AEA,CE,Combined TRACON& Tower with Radar,142,51,19,0,212,0,16,84,10,110,142,67,103,10,322,0,0,0,322
03/18/2014,BUF,NY,AEA,CE,Combined TRACON& Tower with Radar,161,63,19,2,245,0,5,134,0,139,161,68,153,2,384,0,0,0,384
03/19/2014,BUF,NY,AEA,CE,Combined TRACON& Tower with Radar,141,70,19,0,230,0,14,7,0,21,141,84,26,0,251,127,50,177,428
03/20/2014,BUF,NY,AEA,CE,Combined TRACON& Tower with Radar,155,75,30,0,260,0,0,0,0,0,155,75,30,0,260,118,0,118,378
03/21/2014,BUF,NY,AEA,CE,Combined TRACON& Tower with Radar,152,56,19,0,227,0,15,14,0,29,152,71,33,0,256,133,0,133,389
03/22/2014,BUF,NY,AEA,CE,Combined TRACON& Tower with Radar,125,52,12,2,191,0,0,2,0,2,125,52,14,2,193,57,7,64,257
03/23/2014,BUF,NY,AEA,CE,Combined TRACON& Tower with Radar,132,57,15,0,204,0,1,46,4,51,132,58,61,4,255,38,2,40,295
03/24/2014,BUF,NY,AEA,CE,Combined TRACON& Tower with Radar,144,56,25,2,227,0,7,14,0,21,144,63,39,2,248,12,0,12,260
03/25/2014,BUF,NY,AEA,CE,Combined TRACON& Tower with Radar,148,65,12,11,236,0,11,12,0,23,148,76,24,11,259,86,60,146,405
03/26/2014,BUF,NY,AEA,CE,Combined TRACON& Tower with Radar,144,59,19,1,223,0,2,6,1,9,144,61,25,2,232,100,0,100,332
03/27/2014,BUF,NY,AEA,CE,Combined TRACON& Tower with Radar,144,57,21,2,224,0,11,15,0,26,144,68,36,2,250,74,12,86,336
03/28/2014,BUF,NY,AEA,CE,Combined TRACON& Tower with Radar,150,60,19,0,229,0,6,0,0,6,150,66,19,0,235,82,22,104,339
03/29/2014,BUF,NY,AEA,CE,Combined TRACON& Tower with Radar,119,48,10,0,177,0,4,3,0,7,119,52,13,0,184,84,16,100,284
03/30/2014,BUF,NY,AEA,CE,Combined TRACON& Tower with Radar,127,40,10,0,177,0,5,7,0,12,127,45,17,0,189,74,6,80,269
03/31/2014,BUF,NY,AEA,CE,Combined TRACON& Tower with Radar,143,61,20,0,224,0,13,30,0,43,143,74,50,0,267,73,0,73,340
04/01/2014,BUF,NY,AEA,CE,Combined TRACON& Tower with Radar,159,55,24,1,239,0,4,23,0,27,159,59,47,1,266,56,49,105,371
04/02/2014,BUF,NY,AEA,CE,Combined TRACON& Tower with Radar,154,59,28,4,245,0,13,26,0,39,154,72,54,4,284,122,0,122,406
04/03/2014,BUF,NY,AEA,CE,Combined TRACON& Tower with Radar,150,66,26,1,243,0,6,5,1,12,150,72,31,2,255,52,37,89,344
04/04/2014,BUF,NY,AEA,CE,Combined TRACON& Tower with Radar,150,60,15,0,225,0,2,0,0,2,150,62,15,0,227,82,20,102,329
04/05/2014,BUF,NY,AEA,CE,Combined TRACON& Tower with Radar,130,44,11,0,185,0,4,0,0,4,130,48,11,0,189,78,10,88,277
04/06/2014,BUF,NY,AEA,CE,Combined TRACON& Tower with Radar,125,44,13,0,182,0,3,9,0,12,125,47,22,0,194,88,12,100,294
04/07/2014,BUF,NY,AEA,CE,Combined TRACON& Tower with Radar,139,57,20,1,217,0,3,1,1,5,139,60,21,2,222,21,15,36,258
04/08/2014,BUF,NY,AEA,CE,Combined TRACON& Tower with Radar,154,58,25,5,242,0,0,0,0,0,154,58,25,5,242,82,20,102,344
04/09/2014,BUF,NY,AEA,CE,Combined TRACON& Tower with Radar,151,65,35,6,257,0,13,15,2,30,151,78,50,8,287,91,0,91,378
04/10/2014,BUF,NY,AEA,CE,Combined TRACON& Tower with Radar,148,69,20,0,237,0,9,3,0,12,148,78,23,0,249,82,22,104,353
04/11/2014,BUF,NY,AEA,CE,Combined TRACON& Tower with Radar,147,70,17,7,241,0,6,9,2,17,147,76,26,9,258,67,35,102,360
04/12/2014,BUF,NY,AEA,CE,Combined TRACON& Tower with Radar,121,47,21,0,189,0,10,22,0,32,121,57,43,0,221,84,0,84,305
04/13/2014,BUF,NY,AEA,CE,Combined TRACON& Tower with Radar,129,44,8,0,181,0,10,10,0,20,129,54,18,0,201,81,40,121,322
04/14/2014,BUF,NY,AEA,CE,Combined TRACON& Tower with Radar,143,60,19,0,222,0,0,2,0,2,143,60,21,0,224,86,16,102,326
04/15/2014,BUF,NY,AEA,CE,Combined TRACON& Tower with Radar,142,61,18,4,225,0,0,0,0,0,142,61,18,4,225,30,4,34,259
04/16/2014,BUF,NY,AEA,CE,Combined TRACON& Tower with Radar,153,62,23,0,238,0,14,31,0,45,153,76,54,0,283,86,18,104,387
04/17/2014,BUF,NY,AEA,CE,Combined TRACON& Tower with Radar,150,57,24,0,231,0,9,33,0,42,150,66,57,0,273,0,0,0,273
04/18/2014,BUF,NY,AEA,CE,Combined TRACON& Tower with Radar,140,61,16,0,217,0,3,19,0,22,140,64,35,0,239,86,18,104,343
04/19/2014,BUF,NY,AEA,CE,Combined TRACON& Tower with Radar,109,45,17,2,173,0,13,21,2,36,109,58,38,4,209,66,37,103,312
04/20/2014,BUF,NY,AEA,CE,Combined TRACON& Tower with Radar,127,45,18,0,190,0,3,17,0,20,127,48,35,0,210,94,14,108,318
04/21/2014,BUF,NY,AEA,CE,Combined TRACON& Tower with Radar,143,70,33,0,246,0,17,17,0,34,143,87,50,0,280,57,0,57,337
04/22/2014,BUF,NY,AEA,CE,Combined TRACON& Tower with Radar,152,58,17,0,227,0,1,18,0,19,152,59,35,0,246,78,0,78,324
04/23/2014,BUF,NY,AEA,CE,Combined TRACON& Tower with Radar,143,69,37,1,250,0,3,6,1,10,143,72,43,2,260,82,12,94,354
04/24/2014,BUF,NY,AEA,CE,Combined TRACON& Tower with Radar,150,70,32,0,252,0,10,33,0,43,150,80,65,0,295,88,0,88,383
04/25/2014,BUF,NY,AEA,CE,Combined TRACON& Tower with Radar,146,71,22,3,242,0,3,15,4,22,146,74,37,7,264,106,0,106,370
04/26/2014,BUF,NY,AEA,CE,Combined TRACON& Tower with Radar,110,45,16,2,173,0,0,4,0,4,110,45,20,2,177,104,0,104,281
04/27/2014,BUF,NY,AEA,CE,Combined TRACON& Tower with Radar,128,47,19,1,195,0,9,29,0,38,128,56,48,1,233,127,0,127,360
04/28/2014,BUF,NY,AEA,CE,Combined TRACON& Tower with Radar,144,67,23,0,234,0,12,18,0,30,144,79,41,0,264,82,24,106,370
04/29/2014,BUF,NY,AEA,CE,Combined TRACON& Tower with Radar,138,54,30,0,222,0,2,1,0,3,138,56,31,0,225,82,14,96,321
04/30/2014,BUF,NY,AEA,CE,Combined TRACON& Tower with Radar,142,65,26,0,233,0,3,4,0,7,142,68,30,0,240,91,0,91,331
05/01/2014,BUF,NY,AEA,CE,Combined TRACON& Tower with Radar,160,70,24,0,254,0,6,4,0,10,160,76,28,0,264,80,0,80,344
05/02/2014,BUF,NY,AEA,CE,Combined TRACON& Tower with Radar,150,57,21,0,228,0,2,4,0,6,150,59,25,0,234,133,0,133,367
05/03/2014,BUF,NY,AEA,CE,Combined TRACON& Tower with Radar,119,44,18,0,181,0,5,7,0,12,119,49,25,0,193,88,10,98,291
05/04/2014,BUF,NY,AEA,CE,Combined TRACON& Tower with Radar,134,53,22,0,209,0,6,4,0,10,134,59,26,0,219,82,20,102,321
05/05/2014,BUF,NY,AEA,CE,Combined TRACON& Tower with Radar,150,59,32,5,246,0,13,34,2,49,150,72,66,7,295,86,14,100,395
05/06/2014,BUF,NY,AEA,CE,Combined TRACON& Tower with Radar,160,64,25,0,249,0,8,33,0,41,160,72,58,0,290,86,0,86,376
05/07/2014,BUF,NY,AEA,CE,Combined TRACON& Tower with Radar,157,66,35,0,258,0,6,31,0,37,157,72,66,0,295,90,0,90,385
05/08/2014,BUF,NY,AEA,CE,Combined TRACON& Tower with Radar,158,61,16,6,241,0,12,20,0,32,158,73,36,6,273,123,0,123,396
05/09/2014,BUF,NY,AEA,CE,Combined TRACON& Tower with Radar,161,66,21,4,252,0,5,9,0,14,161,71,30,4,266,116,0,116,382
05/10/2014,BUF,NY,AEA,CE,Combined TRACON& Tower with Radar,115,38,13,0,166,0,2,17,0,19,115,40,30,0,185,102,0,102,287
05/11/2014,BUF,NY,AEA,CE,Combined TRACON& Tower with Radar,130,44,16,0,190,0,3,27,0,30,130,47,43,0,220,98,70,168,388
05/12/2014,BUF,NY,AEA,CE,Combined TRACON& Tower with Radar,151,59,24,0,234,0,0,12,2,14,151,59,36,2,248,0,0,0,248
05/13/2014,BUF,NY,AEA,CE,Combined TRACON& Tower with Radar,147,51,25,0,223,0,6,5,0,11,147,57,30,0,234,69,0,69,303
05/14/2014,BUF,NY,AEA,CE,Combined TRACON& Tower with Radar,165,63,19,0,247,0,0,7,0,7,165,63,26,0,254,32,61,93,347
05/15/2014,BUF,NY,AEA,CE,Combined TRACON& Tower with Radar,154,62,38,2,256,0,2,0,0,2,154,64,38,2,258,76,14,90,348
05/16/2014,BUF,NY,AEA,CE,Combined TRACON& Tower with Radar,155,66,16,0,237,0,2,0,1,3,155,68,16,1,240,59,86,145,385
05/17/2014,BUF,NY,AEA,CE,Combined TRACON& Tower with Radar,118,45,21,0,184,0,1,15,4,20,118,46,36,4,204,88,16,104,308
05/18/2014,BUF,NY,AEA,CE,Combined TRACON& Tower with Radar,144,41,21,0,206,0,2,33,0,35,144,43,54,0,241,91,0,91,332
05/19/2014,BUF,NY,AEA,CE,Combined TRACON& Tower with Radar,152,58,31,0,241,0,2,19,0,21,152,60,50,0,262,107,0,107,369
05/20/2014,BUF,NY,AEA,CE,Combined TRACON& Tower with Radar,155,70,26,5,256,0,6,8,0,14,155,76,34,5,270,78,22,100,370
05/21/2014,BUF,NY,AEA,CE,Combined TRACON& Tower with Radar,160,66,30,0,256,0,1,2,2,5,160,67,32,2,261,105,0,105,366
05/22/2014,BUF,NY,AEA,CE,Combined TRACON& Tower with Radar,151,68,41,0,260,0,9,3,0,12,151,77,44,0,272,78,22,100,372
05/23/2014,BUF,NY,AEA,CE,Combined TRACON& Tower with Radar,157,57,29,0,243,0,3,3,0,6,157,60,32,0,249,100,0,100,349
05/24/2014,BUF,NY,AEA,CE,Combined TRACON& Tower with Radar,111,52,25,0,188,0,2,21,0,23,111,54,46,0,211,87,0,87,298
05/25/2014,BUF,NY,AEA,CE,Combined TRACON& Tower with Radar,117,32,21,1,171,0,17,35,0,52,117,49,56,1,223,100,0,100,323
05/26/2014,BUF,NY,AEA,CE,Combined TRACON& Tower with Radar,148,47,25,1,221,0,6,15,0,21,148,53,40,1,242,86,22,108,350
05/27/2014,BUF,NY,AEA,CE,Combined TRACON& Tower with Radar,141,51,18,3,213,0,8,8,0,16,141,59,26,3,229,66,0,66,295
05/28/2014,BUF,NY,AEA,CE,Combined TRACON& Tower with Radar,161,66,34,3,264,0,9,17,0,26,161,75,51,3,290,84,20,104,394
05/29/2014,BUF,NY,AEA,CE,Combined TRACON& Tower with Radar,153,66,15,2,236,0,8,7,5,20,153,74,22,7,256,101,73,174,430
05/30/2014,BUF,NY,AEA,CE,Combined TRACON& Tower with Radar,158,64,38,1,261,0,7,20,0,27,158,71,58,1,288,82,22,104,392
05/31/2014,BUF,NY,AEA,CE,Combined TRACON& Tower with Radar,114,47,14,0,175,0,6,28,0,34,114,53,42,0,209,128,0,128,337
06/01/2014,BUF,NY,AEA,CE,Combined TRACON& Tower with Radar,140,38,29,0,207,0,6,40,0,46,140,44,69,0,253,95,0,95,348
06/02/2014,BUF,NY,AEA,CE,Combined TRACON& Tower with Radar,149,67,20,1,237,0,3,5,1,9,149,70,25,2,246,80,18,98,344
06/03/2014,BUF,NY,AEA,CE,Combined TRACON& Tower with Radar,167,63,27,2,259,1,2,4,0,7,168,65,31,2,266,0,0,0,266
06/04/2014,BUF,NY,AEA,CE,Combined TRACON& Tower with Radar,159,61,28,0,248,0,3,19,0,22,159,64,47,0,270,102,4,106,376
06/05/2014,BUF,NY,AEA,CE,Combined TRACON& Tower with Radar,166,66,20,0,252,0,5,20,0,25,166,71,40,0,277,91,0,91,368
06/06/2014,BUF,NY,AEA,CE,Combined TRACON& Tower with Radar,157,65,31,0,253,0,7,20,0,27,157,72,51,0,280,93,0,93,373
06/07/2014,BUF,NY,AEA,CE,Combined TRACON& Tower with Radar,132,31,14,0,177,0,3,32,0,35,132,34,46,0,212,88,0,88,300
06/08/2014,BUF,NY,AEA,CE,Combined TRACON& Tower with Radar,137,39,15,0,191,0,0,9,0,9,137,39,24,0,200,80,8,88,288
06/09/2014,BUF,NY,AEA,CE,Combined TRACON& Tower with Radar,158,61,33,0,252,0,2,11,0,13,158,63,44,0,265,82,14,96,361
06/10/2014,BUF,NY,AEA,CE,Combined TRACON& Tower with Radar,156,63,43,2,264,0,9,15,2,26,156,72,58,4,290,120,0,120,410
06/11/2014,BUF,NY,AEA,CE,Combined TRACON& Tower with Radar,151,59,12,2,224,0,3,10,0,13,151,62,22,2,237,104,0,104,341
06/12/2014,BUF,NY,AEA,CE,Combined TRACON& Tower with Radar,150,66,25,0,241,0,5,10,0,15,150,71,35,0,256,106,0,106,362
06/13/2014,BUF,NY,AEA,CE,Combined TRACON& Tower with Radar,141,49,22,1,213,0,8,4,0,12,141,57,26,1,225,100,0,100,325
06/14/2014,BUF,NY,AEA,CE,Combined TRACON& Tower with Radar,135,38,19,1,193,0,4,13,0,17,135,42,32,1,210,90,12,102,312
06/15/2014,BUF,NY,AEA,CE,Combined TRACON& Tower with Radar,138,40,25,0,203,0,9,35,1,45,138,49,60,1,248,88,20,108,356
06/16/2014,BUF,NY,AEA,CE,Combined TRACON& Tower with Radar,154,59,20,4,237,0,10,21,0,31,154,69,41,4,268,92,18,110,378
06/17/2014,BUF,NY,AEA,CE,Combined TRACON& Tower with Radar,163,73,20,0,256,0,8,11,0,19,163,81,31,0,275,98,0,98,373
06/18/2014,BUF,NY,AEA,CE,Combined TRACON& Tower with Radar,148,67,21,0,236,0,16,12,1,29,148,83,33,1,265,99,0,99,364
06/19/2014,BUF,NY,AEA,CE,Combined TRACON& Tower with Radar,152,63,23,4,242,0,5,27,0,32,152,68,50,4,274,76,0,76,350
06/20/2014,BUF,NY,AEA,CE,Combined TRACON& Tower with Radar,161,64,37,1,263,0,15,29,2,46,161,79,66,3,309,84,0,84,393
06/21/2014,BUF,NY,AEA,CE,Combined TRACON& Tower with Radar,131,37,11,0,179,0,9,38,0,47,131,46,49,0,226,156,0,156,382
06/22/2014,BUF,NY,AEA,CE,Combined TRACON& Tower with Radar,134,50,21,0,205,0,9,32,0,41,134,59,53,0,246,83,0,83,329
06/23/2014,BUF,NY,AEA,CE,Combined TRACON& Tower with Radar,152,59,16,0,227,0,13,27,1,41,152,72,43,1,268,92,0,92,360
06/24/2014,BUF,NY,AEA,CE,Combined TRACON& Tower with Radar,161,67,26,2,256,0,1,4,0,5,161,68,30,2,261,108,0,108,369
06/25/2014,BUF,NY,AEA,CE,Combined TRACON& Tower with Radar,149,68,30,0,247,0,4,0,0,4,149,72,30,0,251,108,0,108,359
06/26/2014,BUF,NY,AEA,CE,Combined TRACON& Tower with Radar,159,62,39,6,266,0,7,12,0,19,159,69,51,6,285,94,0,94,379
06/27/2014,BUF,NY,AEA,CE,Combined TRACON& Tower with Radar,150,65,25,0,240,0,7,18,0,25,150,72,43,0,265,88,18,106,371
06/28/2014,BUF,NY,AEA,CE,Combined TRACON& Tower with Radar,137,41,21,0,199,0,4,11,0,15,137,45,32,0,214,90,10,100,314
06/29/2014,BUF,NY,AEA,CE,Combined TRACON& Tower with Radar,136,48,25,0,209,0,2,4,0,6,136,50,29,0,215,102,0,102,317
06/30/2014,BUF,NY,AEA,CE,Combined TRACON& Tower with Radar,142,59,23,4,228,0,4,24,0,28,142,63,47,4,256,133,0,133,389
07/01/2014,BUF,NY,AEA,CE,Combined TRACON& Tower with Radar,144,67,14,0,225,0,7,11,2,20,144,74,25,2,245,128,0,128,373
07/02/2014,BUF,NY,AEA,CE,Combined TRACON& Tower with Radar,142,64,27,6,239,0,9,21,0,30,142,73,48,6,269,90,40,130,399
07/03/2014,BUF,NY,AEA,CE,Combined TRACON& Tower with Radar,146,52,24,0,222,0,6,2,0,8,146,58,26,0,230,100,26,126,356
07/04/2014,BUF,NY,AEA,CE,Combined TRACON& Tower with Radar,112,40,6,0,158,0,10,15,0,25,112,50,21,0,183,86,0,86,269
07/05/2014,BUF,NY,AEA,CE,Combined TRACON& Tower with Radar,118,36,24,0,178,0,10,27,0,37,118,46,51,0,215,68,0,68,283
07/06/2014,BUF,NY,AEA,CE,Combined TRACON& Tower with Radar,138,39,19,1,197,0,2,21,1,24,138,41,40,2,221,98,14,112,333
07/07/2014,BUF,NY,AEA,CE,Combined TRACON& Tower with Radar,149,62,24,0,235,0,4,4,0,8,149,66,28,0,243,36,0,36,279
07/08/2014,BUF,NY,AEA,CE,Combined TRACON& Tower with Radar,157,60,18,0,235,0,1,4,0,5,157,61,22,0,240,38,0,38,278
07/09/2014,BUF,NY,AEA,CE,Combined TRACON& Tower with Radar,162,66,37,15,280,0,7,11,5,23,162,73,48,20,303,104,30,134,437
07/10/2014,BUF,NY,AEA,CE,Combined TRACON& Tower with Radar,158,68,24,2,252,0,3,49,1,53,158,71,73,3,305,94,38,132,437
07/11/2014,BUF,NY,AEA,CE,Combined TRACON& Tower with Radar,167,64,37,2,270,0,5,32,0,37,167,69,69,2,307,102,14,116,423
07/12/2014,BUF,NY,AEA,CE,Combined TRACON& Tower with Radar,130,27,13,7,177,0,7,21,0,28,130,34,34,7,205,52,45,97,302
07/13/2014,BUF,NY,AEA,CE,Combined TRACON& Tower with Radar,134,30,33,0,197,0,7,7,0,14,134,37,40,0,211,45,36,81,292
07/14/2014,BUF,NY,AEA,CE,Combined TRACON& Tower with Radar,142,58,14,0,214,0,4,11,0,15,142,62,25,0,229,49,43,92,321
07/15/2014,BUF,NY,AEA,CE,Combined TRACON& Tower with Radar,135,53,19,8,215,0,2,2,0,4,135,55,21,8,219,117,0,117,336
07/16/2014,BUF,NY,AEA,CE,Combined TRACON& Tower with Radar,166,61,25,8,260,0,15,12,3,30,166,76,37,11,290,81,0,81,371
07/17/2014,BUF,NY,AEA,CE,Combined TRACON& Tower with Radar,163,56,27,1,247,0,7,12,1,20,163,63,39,2,267,92,0,92,359
07/18/2014,BUF,NY,AEA,CE,Combined TRACON& Tower with Radar,159,57,34,2,252,0,16,24,2,42,159,73,58,4,294,82,0,82,376
07/19/2014,BUF,NY,AEA,CE,Combined TRACON& Tower with Radar,135,29,15,0,179,0,4,10,0,14,135,33,25,0,193,140,0,140,333
07/20/2014,BUF,NY,AEA,CE,Combined TRACON& Tower with Radar,144,32,45,0,221,0,55,17,0,72,144,87,62,0,293,80,74,154,447
07/21/2014,BUF,NY,AEA,CE,Combined TRACON& Tower with Radar,157,67,20,0,244,0,8,15,0,23,157,75,35,0,267,109,26,135,402
07/22/2014,BUF,NY,AEA,CE,Combined TRACON& Tower with Radar,160,64,36,5,265,0,7,26,1,34,160,71,62,6,299,0,0,0,299
07/23/2014,BUF,NY,AEA,CE,Combined TRACON& Tower with Radar,150,72,17,1,240,0,7,3,1,11,150,79,20,2,251,40,12,52,303
07/24/2014,BUF,NY,AEA,CE,Combined TRACON& Tower with Radar,162,61,37,1,261,0,8,38,1,47,162,69,75,2,308,80,0,80,388
07/25/2014,BUF,NY,AEA,CE,Combined TRACON& Tower with Radar,158,66,29,2,255,0,5,20,0,25,158,71,49,2,280,108,0,108,388
07/26/2014,BUF,NY,AEA,CE,Combined TRACON& Tower with Radar,134,34,20,0,188,0,9,23,1,33,134,43,43,1,221,96,0,96,317
07/27/2014,BUF,NY,AEA,CE,Combined TRACON& Tower with Radar,136,41,24,2,203,0,7,12,2,21,136,48,36,4,224,65,3,68,292
07/28/2014,BUF,NY,AEA,CE,Combined TRACON& Tower with Radar,161,58,43,2,264,0,0,0,0,0,161,58,43,2,264,124,0,124,388
07/29/2014,BUF,NY,AEA,CE,Combined TRACON& Tower with Radar,164,51,20,1,236,0,7,17,1,25,164,58,37,2,261,76,7,83,344
07/30/2014,BUF,NY,AEA,CE,Combined TRACON& Tower with Radar,159,62,32,4,257,0,7,12,0,19,159,69,44,4,276,92,0,92,368
07/31/2014,BUF,NY,AEA,CE,Combined TRACON& Tower with Radar,163,57,35,1,256,0,7,16,1,24,163,64,51,2,280,126,0,126,406
08/01/2014,BUF,NY,AEA,CE,Combined TRACON& Tower with Radar,162,60,14,0,236,0,9,21,0,30,162,69,35,0,266,112,22,134,400
08/02/2014,BUF,NY,AEA,CE,Combined TRACON& Tower with Radar,138,42,18,0,198,0,8,19,0,27,138,50,37,0,225,90,12,102,327
08/03/2014,BUF,NY,AEA,CE,Combined TRACON& Tower with Radar,139,27,19,0,185,0,2,7,0,9,139,29,26,0,194,94,0,94,288
08/04/2014,BUF,NY,AEA,CE,Combined TRACON& Tower with Radar,177,66,17,0,260,0,9,13,0,22,177,75,30,0,282,116,0,116,398
08/05/2014,BUF,NY,AEA,CE,Combined TRACON& Tower with Radar,184,60,26,6,276,0,2,10,0,12,184,62,36,6,288,52,37,89,377
08/06/2014,BUF,NY,AEA,CE,Combined TRACON& Tower with Radar,161,62,32,0,255,0,7,21,0,28,161,69,53,0,283,96,24,120,403
08/07/2014,BUF,NY,AEA,CE,Combined TRACON& Tower with Radar,159,68,18,0,245,0,11,26,2,39,159,79,44,2,284,98,30,128,412
08/08/2014,BUF,NY,AEA,CE,Combined TRACON& Tower with Radar,167,54,37,4,262,0,17,23,6,46,167,71,60,10,308,134,0,134,442
08/09/2014,BUF,NY,AEA,CE,Combined TRACON& Tower with Radar,134,30,28,0,192,0,8,21,2,31,134,38,49,2,223,110,8,118,341
08/10/2014,BUF,NY,AEA,CE,Combined TRACON& Tower with Radar,153,39,42,1,235,0,10,20,0,30,153,49,62,1,265,119,0,119,384
08/11/2014,BUF,NY,AEA,CE,Combined TRACON& Tower with Radar,152,58,26,2,238,0,10,13,0,23,152,68,39,2,261,137,0,137,398
08/12/2014,BUF,NY,AEA,CE,Combined TRACON& Tower with Radar,161,63,17,0,241,0,10,2,0,12,161,73,19,0,253,0,0,0,253
08/13/2014,BUF,NY,AEA,CE,Combined TRACON& Tower with Radar,160,62,20,0,242,0,8,3,0,11,160,70,23,0,253,126,0,126,379
08/14/2014,BUF,NY,AEA,CE,Combined TRACON& Tower with Radar,163,63,34,1,261,0,7,6,1,14,163,70,40,2,275,78,70,148,423
08/15/2014,BUF,NY,AEA,CE,Combined TRACON& Tower with Radar,163,55,21,2,241,0,4,13,0,17,163,59,34,2,258,94,22,116,374
08/16/2014,BUF,NY,AEA,CE,Combined TRACON& Tower with Radar,126,33,13,0,172,0,11,7,2,20,126,44,20,2,192,78,72,150,342
08/17/2014,BUF,NY,AEA,CE,Combined TRACON& Tower with Radar,152,39,16,0,207,0,9,20,0,29,152,48,36,0,236,0,0,0,236
08/18/2014,BUF,NY,AEA,CE,Combined TRACON& Tower with Radar,161,63,31,0,255,0,6,21,0,27,161,69,52,0,282,100,18,118,400
08/19/2014,BUF,NY,AEA,CE,Combined TRACON& Tower with Radar,154,55,22,0,231,0,3,32,0,35,154,58,54,0,266,94,18,112,378
08/20/2014,BUF,NY,AEA,CE,Combined TRACON& Tower with Radar,158,63,16,1,238,0,2,0,0,2,158,65,16,1,240,60,0,60,300
08/21/2014,BUF,NY,AEA,CE,Combined TRACON& Tower with Radar,156,68,27,0,251,0,2,5,0,7,156,70,32,0,258,96,28,124,382
08/22/2014,BUF,NY,AEA,CE,Combined TRACON& Tower with Radar,159,64,30,0,253,0,7,6,0,13,159,71,36,0,266,133,18,151,417
08/23/2014,BUF,NY,AEA,CE,Combined TRACON& Tower with Radar,128,50,25,1,204,0,5,6,1,12,128,55,31,2,216,76,72,148,364
08/24/2014,BUF,NY,AEA,CE,Combined TRACON& Tower with Radar,146,47,30,0,223,0,3,27,0,30,146,50,57,0,253,106,16,122,375
08/25/2014,BUF,NY,AEA,CE,Combined TRACON& Tower with Radar,152,51,23,2,228,0,2,19,0,21,152,53,42,2,249,102,8,110,359
08/26/2014,BUF,NY,AEA,CE,Combined TRACON& Tower with Radar,162,65,31,4,262,0,11,21,2,34,162,76,52,6,296,136,0,136,432
08/27/2014,BUF,NY,AEA,CE,Combined TRACON& Tower with Radar,158,58,43,3,262,0,12,14,1,27,158,70,57,4,289,98,26,124,413
08/28/2014,BUF,NY,AEA,CE,Combined TRACON& Tower with Radar,159,67,46,0,272,0,4,23,0,27,159,71,69,0,299,0,0,0,299
08/29/2014,BUF,NY,AEA,CE,Combined TRACON& Tower with Radar,159,66,32,0,257,0,7,29,0,36,159,73,61,0,293,141,0,141,434
08/30/2014,BUF,NY,AEA,CE,Combined TRACON& Tower with Radar,115,34,9,0,158,0,5,11,0,16,115,39,20,0,174,96,10,106,280
08/31/2014,BUF,NY,AEA,CE,Combined TRACON& Tower with Radar,121,40,17,0,178,0,0,2,0,2,121,40,19,0,180,98,12,110,290
09/01/2014,BUF,NY,AEA,CE,Combined TRACON& Tower with Radar,149,52,35,0,236,0,4,9,0,13,149,56,44,0,249,98,18,116,365
09/02/2014,BUF,NY,AEA,CE,Combined TRACON& Tower with Radar,153,60,16,8,237,0,1,4,2,7,153,61,20,10,244,74,0,74,318
09/03/2014,BUF,NY,AEA,CE,Combined TRACON& Tower with Radar,139,63,22,2,226,0,3,35,2,40,139,66,57,4,266,127,5,132,398
09/04/2014,BUF,NY,AEA,CE,Combined TRACON& Tower with Radar,144,67,21,0,232,0,3,19,0,22,144,70,40,0,254,0,0,0,254
09/05/2014,BUF,NY,AEA,CE,Combined TRACON& Tower with Radar,151,59,28,0,238,0,12,13,0,25,151,71,41,0,263,94,20,114,377
09/06/2014,BUF,NY,AEA,CE,Combined TRACON& Tower with Radar,123,39,19,0,181,0,4,4,2,10,123,43,23,2,191,87,0,87,278
09/07/2014,BUF,NY,AEA,CE,Combined TRACON& Tower with Radar,134,45,26,0,205,0,7,29,0,36,134,52,55,0,241,112,18,130,371
09/08/2014,BUF,NY,AEA,CE,Combined TRACON& Tower with Radar,148,50,34,2,234,0,14,16,0,30,148,64,50,2,264,110,16,126,390
09/09/2014,BUF,NY,AEA,CE,Combined TRACON& Tower with Radar,146,57,30,2,235,0,6,9,0,15,146,63,39,2,250,77,0,77,327
09/10/2014,BUF,NY,AEA,CE,Combined TRACON& Tower with Radar,150,58,26,0,234,0,4,3,0,7,150,62,29,0,241,123,0,123,364
09/11/2014,BUF,NY,AEA,CE,Combined TRACON& Tower with Radar,150,69,20,10,249,0,2,4,0,6,150,71,24,10,255,90,30,120,375
09/12/2014,BUF,NY,AEA,CE,Combined TRACON& Tower with Radar,154,74,38,0,266,0,3,12,0,15,154,77,50,0,281,88,18,106,387
09/13/2014,BUF,NY,AEA,CE,Combined TRACON& Tower with Radar,126,42,21,2,191,0,5,4,0,9,126,47,25,2,200,0,0,0,200
09/14/2014,BUF,NY,AEA,CE,Combined TRACON& Tower with Radar,143,61,27,0,231,0,5,28,0,33,143,66,55,0,264,131,0,131,395
09/15/2014,BUF,NY,AEA,CE,Combined TRACON& Tower with Radar,146,73,17,3,239,0,2,6,1,9,146,75,23,4,248,81,2,83,331
09/16/2014,BUF,NY,AEA,CE,Combined TRACON& Tower with Radar,157,67,16,1,241,0,12,10,0,22,157,79,26,1,263,82,6,88,351
09/17/2014,BUF,NY,AEA,CE,Combined TRACON& Tower with Radar,154,66,24,0,244,0,11,31,1,43,154,77,55,1,287,89,5,94,381
09/18/2014,BUF,NY,AEA,CE,Combined TRACON& Tower with Radar,154,75,46,4,279,0,8,9,1,18,154,83,55,5,297,72,0,72,369
09/19/2014,BUF,NY,AEA,CE,Combined TRACON& Tower with Radar,151,65,29,0,245,0,6,43,0,49,151,71,72,0,294,96,20,116,410
09/20/2014,BUF,NY,AEA,CE,Combined TRACON& Tower with Radar,109,40,13,0,162,0,5,4,0,9,109,45,17,0,171,96,16,112,283
09/21/2014,BUF,NY,AEA,CE,Combined TRACON& Tower with Radar,135,54,28,0,217,0,3,2,0,5,135,57,30,0,222,96,8,104,326
09/22/2014,BUF,NY,AEA,CE,Combined TRACON& Tower with Radar,143,58,37,0,238,0,10,6,1,17,143,68,43,1,255,58,0,58,313
09/23/2014,BUF,NY,AEA,CE,Combined TRACON& Tower with Radar,149,57,23,0,229,0,4,18,5,27,149,61,41,5,256,129,0,129,385
09/24/2014,BUF,NY,AEA,CE,Combined TRACON& Tower with Radar,145,53,41,2,241,0,10,30,5,45,145,63,71,7,286,178,0,178,464
09/25/2014,BUF,NY,AEA,CE,Combined TRACON& Tower with Radar,146,61,33,13,253,0,4,23,3,30,146,65,56,16,283,140,0,140,423
09/26/2014,BUF,NY,AEA,CE,Combined TRACON& Tower with Radar,133,52,20,2,207,0,7,22,1,30,133,59,42,3,237,139,0,139,376
09/27/2014,BUF,NY,AEA,CE,Combined TRACON& Tower with Radar,107,37,23,2,169,0,6,38,0,44,107,43,61,2,213,0,0,0,213
09/28/2014,BUF,NY,AEA,CE,Combined TRACON& Tower with Radar,130,49,33,0,212,0,15,36,4,55,130,64,69,4,267,0,0,0,267
09/29/2014,BUF,NY,AEA,CE,Combined TRACON& Tower with Radar,147,55,28,5,235,0,14,16,7,37,147,69,44,12,272,135,0,135,407
09/30/2014,BUF,NY,AEA,CE,Combined TRACON& Tower with Radar,147,65,34,2,248,0,2,9,4,15,147,67,43,6,263,60,0,60,323
10/01/2014,BUF,NY,AEA,CE,Combined TRACON& Tower with Radar,147,59,28,2,236,0,5,1,3,9,147,64,29,5,245,96,22,118,363
10/02/2014,BUF,NY,AEA,CE,Combined TRACON& Tower with Radar,139,63,23,0,225,0,10,21,0,31,139,73,44,0,256,135,0,135,391
10/03/2014,BUF,NY,AEA,CE,Combined TRACON& Tower with Radar,150,61,24,2,237,0,4,8,3,15,150,65,32,5,252,0,0,0,252
10/04/2014,BUF,NY,AEA,CE,Combined TRACON& Tower with Radar,110,46,13,0,169,0,2,0,0,2,110,48,13,0,171,82,0,82,253
10/05/2014,BUF,NY,AEA,CE,Combined TRACON& Tower with Radar,130,49,16,0,195,0,2,2,0,4,130,51,18,0,199,42,0,42,241
10/06/2014,BUF,NY,AEA,CE,Combined TRACON& Tower with Radar,143,49,21,0,213,0,5,3,0,8,143,54,24,0,221,73,0,73,294
10/07/2014,BUF,NY,AEA,CE,Combined TRACON& Tower with Radar,148,56,36,2,242,0,3,20,0,23,148,59,56,2,265,31,0,31,296
10/08/2014,BUF,NY,AEA,CE,Combined TRACON& Tower with Radar,148,75,31,2,256,0,4,8,0,12,148,79,39,2,268,55,0,55,323
10/09/2014,BUF,NY,AEA,CE,Combined TRACON& Tower with Radar,150,61,24,0,235,0,11,8,0,19,150,72,32,0,254,80,0,80,334
10/10/2014,BUF,NY,AEA,CE,Combined TRACON& Tower with Radar,149,67,34,0,250,0,4,31,0,35,149,71,65,0,285,88,0,88,373
10/11/2014,BUF,NY,AEA,CE,Combined TRACON& Tower with Radar,107,42,15,0,164,0,11,29,0,40,107,53,44,0,204,135,0,135,339
10/12/2014,BUF,NY,AEA,CE,Combined TRACON& Tower with Radar,134,52,21,3,210,0,5,29,0,34,134,57,50,3,244,64,0,64,308
10/13/2014,BUF,NY,AEA,CE,Combined TRACON& Tower with Radar,140,62,20,0,222,0,5,2,0,7,140,67,22,0,229,88,18,106,335
10/14/2014,BUF,NY,AEA,CE,Combined TRACON& Tower with Radar,151,66,22,7,246,0,2,6,0,8,151,68,28,7,254,51,0,51,305
10/15/2014,BUF,NY,AEA,CE,Combined TRACON& Tower with Radar,151,69,19,6,245,0,3,4,1,8,151,72,23,7,253,58,0,58,311
10/16/2014,BUF,NY,AEA,CE,Combined TRACON& Tower with Radar,155,62,44,13,274,0,2,3,0,5,155,64,47,13,279,81,0,81,360
10/17/2014,BUF,NY,AEA,CE,Combined TRACON& Tower with Radar,147,60,29,2,238,0,3,7,0,10,147,63,36,2,248,86,16,102,350
10/18/2014,BUF,NY,AEA,CE,Combined TRACON& Tower with Radar,118,43,8,0,169,0,2,0,2,4,118,45,8,2,173,123,0,123,296
10/19/2014,BUF,NY,AEA,CE,Combined TRACON& Tower with Radar,129,53,26,0,208,0,5,24,3,32,129,58,50,3,240,86,12,98,338
10/20/2014,BUF,NY,AEA,CE,Combined TRACON& Tower with Radar,146,64,13,0,223,0,2,11,0,13,146,66,24,0,236,66,0,66,302
10/21/2014,BUF,NY,AEA,CE,Combined TRACON& Tower with Radar,148,61,22,0,231,0,0,0,0,0,148,61,22,0,231,65,8,73,304
10/22/2014,BUF,NY,AEA,CE,Combined TRACON& Tower with Radar,142,65,37,2,246,0,4,2,0,6,142,69,39,2,252,129,0,129,381
10/23/2014,BUF,NY,AEA,CE,Combined TRACON& Tower with Radar,150,55,31,2,238,0,4,30,2,36,150,59,61,4,274,98,0,98,372
10/24/2014,BUF,NY,AEA,CE,Combined TRACON& Tower with Radar,146,70,22,5,243,0,2,36,0,38,146,72,58,5,281,112,10,122,403
10/25/2014,BUF,NY,AEA,CE,Combined TRACON& Tower with Radar,104,50,14,0,168,0,2,6,0,8,104,52,20,0,176,52,0,52,228
10/26/2014,BUF,NY,AEA,CE,Combined TRACON& Tower with Radar,128,41,24,0,193,0,5,15,0,20,128,46,39,0,213,119,0,119,332
10/27/2014,BUF,NY,AEA,CE,Combined TRACON& Tower with Radar,136,63,23,2,224,0,4,30,0,34,136,67,53,2,258,83,0,83,341
10/28/2014,BUF,NY,AEA,CE,Combined TRACON& Tower with Radar,135,65,20,0,220,0,5,11,0,16,135,70,31,0,236,54,0,54,290
10/29/2014,BUF,NY,AEA,CE,Combined TRACON& Tower with Radar,134,64,37,2,237,0,5,12,2,19,134,69,49,4,256,86,20,106,362
10/30/2014,BUF,NY,AEA,CE,Combined TRACON& Tower with Radar,136,64,37,0,237,0,6,29,0,35,136,70,66,0,272,90,14,104,376
10/31/2014,BUF,NY,AEA,CE,Combined TRACON& Tower with Radar,122,51,26,2,201,0,1,8,0,9,122,52,34,2,210,44,0,44,254
11/01/2014,BUF,NY,AEA,CE,Combined TRACON& Tower with Radar,107,37,7,0,151,0,0,0,0,0,107,37,7,0,151,78,12,90,241
11/02/2014,BUF,NY,AEA,CE,Combined TRACON& Tower with Radar,119,39,14,0,172,0,1,12,0,13,119,40,26,0,185,86,10,96,281
11/03/2014,BUF,NY,AEA,CE,Combined TRACON& Tower with Radar,135,62,21,2,220,0,4,16,0,20,135,66,37,2,240,86,0,86,326
11/04/2014,BUF,NY,AEA,CE,Combined TRACON& Tower with Radar,135,62,20,1,218,0,7,10,0,17,135,69,30,1,235,82,0,82,317
11/05/2014,BUF,NY,AEA,CE,Combined TRACON& Tower with Radar,142,70,40,12,264,0,7,10,1,18,142,77,50,13,282,88,12,100,382
11/06/2014,BUF,NY,AEA,CE,Combined TRACON& Tower with Radar,141,61,18,4,224,0,6,6,1,13,141,67,24,5,237,86,16,102,339
11/07/2014,BUF,NY,AEA,CE,Combined TRACON& Tower with Radar,147,60,29,0,236,0,11,5,0,16,147,71,34,0,252,80,0,80,332
11/08/2014,BUF,NY,AEA,CE,Combined TRACON& Tower with Radar,112,33,4,0,149,0,2,8,0,10,112,35,12,0,159,41,0,41,200
11/09/2014,BUF,NY,AEA,CE,Combined TRACON& Tower with Radar,124,47,24,0,195,0,4,18,0,22,124,51,42,0,217,0,0,0,217
11/10/2014,BUF,NY,AEA,CE,Combined TRACON& Tower with Radar,137,56,30,0,223,0,8,29,0,37,137,64,59,0,260,86,12,98,358
11/11/2014,BUF,NY,AEA,CE,Combined TRACON& Tower with Radar,142,64,35,0,241,0,11,38,0,49,142,75,73,0,290,69,0,69,359
11/12/2014,BUF,NY,AEA,CE,Combined TRACON& Tower with Radar,143,57,21,2,223,0,6,4,0,10,143,63,25,2,233,94,35,129,362
11/13/2014,BUF,NY,AEA,CE,Combined TRACON& Tower with Radar,146,58,26,0,230,0,4,1,0,5,146,62,27,0,235,0,0,0,235
11/14/2014,BUF,NY,AEA,CE,Combined TRACON& Tower with Radar,143,58,22,4,227,0,2,7,2,11,143,60,29,6,238,42,30,72,310
11/15/2014,BUF,NY,AEA,CE,Combined TRACON& Tower with Radar,106,34,6,2,148,0,7,12,0,19,106,41,18,2,167,33,0,33,200
11/16/2014,BUF,NY,AEA,CE,Combined TRACON& Tower with Radar,117,41,11,0,169,0,0,15,0,15,117,41,26,0,184,111,0,111,295
11/17/2014,BUF,NY,AEA,CE,Combined TRACON& Tower with Radar,116,55,19,0,190,0,0,0,0,0,116,55,19,0,190,114,0,114,304
11/18/2014,BUF,NY,AEA,CE,Combined TRACON& Tower with Radar,91,39,9,0,139,0,0,0,0,0,91,39,9,0,139,98,0,98,237
11/19/2014,BUF,NY,AEA,CE,Combined TRACON& Tower with Radar,61,38,19,0,118,0,5,7,0,12,61,43,26,0,130,58,0,58,188
11/20/2014,BUF,NY,AEA,CE,Combined TRACON& Tower with Radar,86,36,7,11,140,0,4,3,2,9,86,40,10,13,149,58,24,82,231
11/21/2014,BUF,NY,AEA,CE,Combined TRACON& Tower with Radar,138,60,15,0,213,0,6,22,0,28,138,66,37,0,241,114,0,114,355
11/22/2014,BUF,NY,AEA,CE,Combined TRACON& Tower with Radar,107,40,5,0,152,0,3,13,0,16,107,43,18,0,168,72,16,88,256
11/23/2014,BUF,NY,AEA,CE,Combined TRACON& Tower with Radar,103,39,16,0,158,0,0,16,5,21,103,39,32,5,179,78,12,90,269
11/24/2014,BUF,NY,AEA,CE,Combined TRACON& Tower with Radar,115,48,18,0,181,0,0,3,0,3,115,48,21,0,184,74,0,74,258
11/25/2014,BUF,NY,AEA,CE,Combined TRACON& Tower with Radar,141,59,12,0,212,0,4,4,0,8,141,63,16,0,220,50,6,56,276
11/26/2014,BUF,NY,AEA,CE,Combined TRACON& Tower with Radar,144,48,20,0,212,0,3,12,0,15,144,51,32,0,227,0,0,0,227
11/27/2014,BUF,NY,AEA,CE,Combined TRACON& Tower with Radar,89,29,6,0,124,0,0,2,0,2,89,29,8,0,126,121,3,124,250
11/28/2014,BUF,NY,AEA,CE,Combined TRACON& Tower with Radar,100,22,6,0,128,0,3,5,0,8,100,25,11,0,136,80,12,92,228
11/29/2014,BUF,NY,AEA,CE,Combined TRACON& Tower with Radar,128,46,14,0,188,0,10,26,0,36,128,56,40,0,224,0,0,0,224
11/30/2014,BUF,NY,AEA,CE,Combined TRACON& Tower with Radar,134,51,37,0,222,0,11,1,0,12,134,62,38,0,234,0,0,0,234
12/01/2014,BUF,NY,AEA,CE,Combined TRACON& Tower with Radar,137,55,22,2,216,0,4,16,0,20,137,59,38,2,236,92,18,110,346
12/02/2014,BUF,NY,AEA,CE,Combined TRACON& Tower with Radar,144,67,12,0,223,0,2,9,0,11,144,69,21,0,234,105,0,105,339
12/03/2014,BUF,NY,AEA,CE,Combined TRACON& Tower with Radar,149,59,25,3,236,0,2,1,0,3,149,61,26,3,239,50,0,50,289
12/04/2014,BUF,NY,AEA,CE,Combined TRACON& Tower with Radar,144,68,28,4,244,0,8,15,0,23,144,76,43,4,267,102,0,102,369
12/05/2014,BUF,NY,AEA,CE,Combined TRACON& Tower with Radar,148,50,18,2,218,0,0,6,0,6,148,50,24,2,224,54,0,54,278
12/06/2014,BUF,NY,AEA,CE,Combined TRACON& Tower with Radar,103,35,12,0,150,0,0,4,0,4,103,35,16,0,154,65,0,65,219
12/07/2014,BUF,NY,AEA,CE,Combined TRACON& Tower with Radar,117,38,23,0,178,0,3,35,0,38,117,41,58,0,216,48,0,48,264
12/08/2014,BUF,NY,AEA,CE,Combined TRACON& Tower with Radar,141,40,22,0,203,0,8,15,0,23,141,48,37,0,226,69,0,69,295
12/09/2014,BUF,NY,AEA,CE,Combined TRACON& Tower with Radar,137,50,25,0,212,0,3,16,0,19,137,53,41,0,231,102,0,102,333
12/10/2014,BUF,NY,AEA,CE,Combined TRACON& Tower with Radar,137,54,17,0,208,0,0,1,0,1,137,54,18,0,209,84,18,102,311
12/11/2014,BUF,NY,AEA,CE,Combined TRACON& Tower with Radar,142,52,11,0,205,0,0,0,0,0,142,52,11,0,205,102,0,102,307
12/12/2014,BUF,NY,AEA,CE,Combined TRACON& Tower with Radar,147,59,13,0,219,0,4,1,0,5,147,63,14,0,224,102,0,102,326
12/13/2014,BUF,NY,AEA,CE,Combined TRACON& Tower with Radar,106,39,4,0,149,0,0,0,0,0,106,39,4,0,149,74,6,80,229
12/14/2014,BUF,NY,AEA,CE,Combined TRACON& Tower with Radar,119,46,18,0,183,0,0,2,0,2,119,46,20,0,185,71,0,71,256
12/15/2014,BUF,NY,AEA,CE,Combined TRACON& Tower with Radar,140,45,17,0,202,0,0,0,1,1,140,45,17,1,203,0,0,0,203
12/16/2014,BUF,NY,AEA,CE,Combined TRACON& Tower with Radar,139,57,18,2,216,0,10,3,1,14,139,67,21,3,230,74,30,104,334
12/17/2014,BUF,NY,AEA,CE,Combined TRACON& Tower with Radar,141,65,25,0,231,0,6,0,0,6,141,71,25,0,237,82,20,102,339
12/18/2014,BUF,NY,AEA,CE,Combined TRACON& Tower with Radar,141,73,9,0,223,0,2,0,0,2,141,75,9,0,225,86,24,110,335
12/19/2014,BUF,NY,AEA,CE,Combined TRACON& Tower with Radar,142,72,12,0,226,0,10,5,0,15,142,82,17,0,241,62,0,62,303
12/20/2014,BUF,NY,AEA,CE,Combined TRACON& Tower with Radar,115,61,25,0,201,0,4,20,0,24,115,65,45,0,225,35,0,35,260
12/21/2014,BUF,NY,AEA,CE,Combined TRACON& Tower with Radar,117,44,9,0,170,0,3,13,0,16,117,47,22,0,186,0,0,0,186
12/22/2014,BUF,NY,AEA,CE,Combined TRACON& Tower with Radar,121,63,16,0,200,0,7,19,0,26,121,70,35,0,226,104,0,104,330
12/23/2014,BUF,NY,AEA,CE,Combined TRACON& Tower with Radar,133,59,16,2,210,0,2,18,0,20,133,61,34,2,230,105,0,105,335
12/24/2014,BUF,NY,AEA,CE,Combined TRACON& Tower with Radar,113,57,10,0,180,0,3,2,0,5,113,60,12,0,185,106,0,106,291
12/25/2014,BUF,NY,AEA,CE,Combined TRACON& Tower with Radar,95,23,0,0,118,0,1,1,0,2,95,24,1,0,120,18,0,18,138
12/26/2014,BUF,NY,AEA,CE,Combined TRACON& Tower with Radar,122,57,21,0,200,0,8,21,0,29,122,65,42,0,229,78,0,78,307
12/27/2014,BUF,NY,AEA,CE,Combined TRACON& Tower with Radar,109,50,18,0,177,0,1,16,0,17,109,51,34,0,194,24,0,24,218
12/28/2014,BUF,NY,AEA,CE,Combined TRACON& Tower with Radar,118,47,6,0,171,0,2,5,0,7,118,49,11,0,178,67,0,67,245
12/29/2014,BUF,NY,AEA,CE,Combined TRACON& Tower with Radar,125,51,7,2,185,0,0,6,0,6,125,51,13,2,191,0,0,0,191
12/30/2014,BUF,NY,AEA,CE,Combined TRACON& Tower with Radar,133,58,18,0,209,0,8,10,0,18,133,66,28,0,227,78,0,78,305
12/31/2014,BUF,NY,AEA,CE,Combined TRACON& Tower with Radar,107,33,9,0,149,0,2,2,0,4,107,35,11,0,153,0,0,0,153
01/01/2015,BUF,NY,AEA,CE,Combined TRACON& Tower with Radar,101,35,4,0,140,0,0,0,0,0,101,35,4,0,140,76,0,76,216
01/02/2015,BUF,NY,AEA,CE,Combined TRACON& Tower with Radar,127,57,11,0,195,0,5,3,0,8,127,62,14,0,203,84,18,102,305
01/03/2015,BUF,NY,AEA,CE,Combined TRACON& Tower with Radar,98,51,14,0,163,0,0,0,0,0,98,51,14,0,163,80,8,88,251
01/04/2015,BUF,NY,AEA,CE,Combined TRACON& Tower with Radar,114,43,15,0,172,0,0,0,0,0,114,43,15,0,172,67,0,67,239
01/05/2015,BUF,NY,AEA,CE,Combined TRACON& Tower with Radar,126,50,14,0,190,0,5,0,0,5,126,55,14,0,195,59,0,59,254
01/06/2015,BUF,NY,AEA,CE,Combined TRACON& Tower with Radar,121,44,17,0,182,0,2,0,0,2,121,46,17,0,184,108,108,216,400
01/07/2015,BUF,NY,AEA,CE,Combined TRACON& Tower with Radar,122,47,12,0,181,0,0,0,0,0,122,47,12,0,181,99,6,105,286
01/08/2015,BUF,NY,AEA,CE,Combined TRACON& Tower with Radar,109,48,12,0,169,0,1,0,0,1,109,49,12,0,170,82,16,98,268
01/09/2015,BUF,NY,AEA,CE,Combined TRACON& Tower with Radar,118,52,8,0,178,0,4,1,0,5,118,56,9,0,183,80,14,94,277
01/10/2015,BUF,NY,AEA,CE,Combined TRACON& Tower with Radar,110,24,5,0,139,0,1,0,0,1,110,25,5,0,140,100,0,100,240
01/11/2015,BUF,NY,AEA,CE,Combined TRACON& Tower with Radar,106,44,11,0,161,0,12,15,0,27,106,56,26,0,188,82,12,94,282
01/12/2015,BUF,NY,AEA,CE,Combined TRACON& Tower with Radar,119,41,13,0,173,0,1,0,0,1,119,42,13,0,174,97,0,97,271
01/13/2015,BUF,NY,AEA,CE,Combined TRACON& Tower with Radar,131,54,17,10,212,0,2,20,0,22,131,56,37,10,234,84,18,102,336
01/14/2015,BUF,NY,AEA,CE,Combined TRACON& Tower with Radar,132,58,23,2,215,0,1,24,0,25,132,59,47,2,240,86,20,106,346
01/15/2015,BUF,NY,AEA,CE,Combined TRACON& Tower with Radar,129,70,27,0,226,0,4,4,0,8,129,74,31,0,234,0,0,0,234
01/16/2015,BUF,NY,AEA,CE,Combined TRACON& Tower with Radar,137,65,24,0,226,0,9,6,0,15,137,74,30,0,241,0,0,0,241
01/17/2015,BUF,NY,AEA,CE,Combined TRACON& Tower with Radar,110,29,21,0,160,0,9,43,0,52,110,38,64,0,212,82,0,82,294
01/18/2015,BUF,NY,AEA,CE,Combined TRACON& Tower with Radar,92,36,5,0,133,0,4,0,0,4,92,40,5,0,137,100,0,100,237
01/19/2015,BUF,NY,AEA,CE,Combined TRACON& Tower with Radar,126,44,19,0,189,0,0,1,0,1,126,44,20,0,190,106,0,106,296
01/20/2015,BUF,NY,AEA,CE,Combined TRACON& Tower with Radar,125,49,15,4,193,0,10,9,0,19,125,59,24,4,212,82,24,106,318
01/21/2015,BUF,NY,AEA,CE,Combined TRACON& Tower with Radar,127,59,18,0,204,0,8,11,0,19,127,67,29,0,223,100,92,192,415
01/22/2015,BUF,NY,AEA,CE,Combined TRACON& Tower with Radar,131,56,15,2,204,0,2,13,0,15,131,58,28,2,219,82,20,102,321
01/23/2015,BUF,NY,AEA,CE,Combined TRACON& Tower with Radar,126,45,16,0,187,0,5,5,0,10,126,50,21,0,197,80,12,92,289
01/24/2015,BUF,NY,AEA,CE,Combined TRACON& Tower with Radar,113,25,3,0,141,0,1,2,0,3,113,26,5,0,144,37,0,37,181
01/25/2015,BUF,NY,AEA,CE,Combined TRACON& Tower with Radar,103,44,16,0,163,0,3,3,0,6,103,47,19,0,169,114,110,224,393
01/26/2015,BUF,NY,AEA,CE,Combined TRACON& Tower with Radar,92,36,21,0,149,0,0,0,0,0,92,36,21,0,149,78,8,86,235
01/27/2015,BUF,NY,AEA,CE,Combined TRACON& Tower with Radar,82,28,9,0,119,0,2,4,0,6,82,30,13,0,125,80,10,90,215
01/28/2015,BUF,NY,AEA,CE,Combined TRACON& Tower with Radar,124,57,26,1,208,0,7,18,1,26,124,64,44,2,234,82,16,98,332
01/29/2015,BUF,NY,AEA,CE,Combined TRACON& Tower with Radar,128,59,17,0,204,0,2,3,0,5,128,61,20,0,209,95,0,95,304
01/30/2015,BUF,NY,AEA,CE,Combined TRACON& Tower with Radar,130,50,20,0,200,0,0,0,0,0,130,50,20,0,200,72,0,72,272
01/31/2015,BUF,NY,AEA,CE,Combined TRACON& Tower with Radar,105,30,17,2,154,0,0,11,0,11,105,30,28,2,165,76,14,90,255
02/01/2015,BUF,NY,AEA,CE,Combined TRACON& Tower with Radar,78,28,6,0,112,0,0,0,0,0,78,28,6,0,112,70,2,72,184
02/02/2015,BUF,NY,AEA,CE,Combined TRACON& Tower with Radar,57,34,13,0,104,0,0,0,0,0,57,34,13,0,104,82,6,88,192
02/03/2015,BUF,NY,AEA,CE,Combined TRACON& Tower with Radar,116,54,7,4,181,0,2,2,0,4,116,56,9,4,185,0,0,0,185
02/04/2015,BUF,NY,AEA,CE,Combined TRACON& Tower with Radar,127,46,12,0,185,0,1,0,0,1,127,47,12,0,186,58,1,59,245
02/05/2015,BUF,NY,AEA,CE,Combined TRACON& Tower with Radar,136,58,22,2,218,0,11,11,0,22,136,69,33,2,240,76,0,76,316
02/06/2015,BUF,NY,AEA,CE,Combined TRACON& Tower with Radar,128,53,26,0,207,0,1,1,0,2,128,54,27,0,209,80,10,90,299
02/07/2015,BUF,NY,AEA,CE,Combined TRACON& Tower with Radar,110,29,10,0,149,0,0,2,0,2,110,29,12,0,151,76,0,76,227
02/08/2015,BUF,NY,AEA,CE,Combined TRACON& Tower with Radar,107,38,9,0,154,0,0,0,0,0,107,38,9,0,154,78,6,84,238
02/09/2015,BUF,NY,AEA,CE,Combined TRACON& Tower with Radar,97,37,12,0,146,0,1,0,0,1,97,38,12,0,147,92,90,182,329
02/10/2015,BUF,NY,AEA,CE,Combined TRACON& Tower with Radar,123,49,12,0,184,0,0,0,0,0,123,49,12,0,184,68,68,136,320
02/11/2015,BUF,NY,AEA,CE,Combined TRACON& Tower with Radar,128,53,26,0,207,0,6,14,0,20,128,59,40,0,227,116,116,232,459
02/12/2015,BUF,NY,AEA,CE,Combined TRACON& Tower with Radar,131,50,16,0,197,0,0,1,0,1,131,50,17,0,198,76,12,88,286
02/13/2015,BUF,NY,AEA,CE,Combined TRACON& Tower with Radar,140,60,19,0,219,0,5,10,0,15,140,65,29,0,234,56,6,62,296
02/14/2015,BUF,NY,AEA,CE,Combined TRACON& Tower with Radar,104,28,4,0,136,0,0,0,0,0,104,28,4,0,136,62,0,62,198
02/15/2015,BUF,NY,AEA,CE,Combined TRACON& Tower with Radar,93,33,4,0,130,0,0,0,0,0,93,33,4,0,130,66,2,68,198
02/16/2015,BUF,NY,AEA,CE,Combined TRACON& Tower with Radar,133,51,22,0,206,0,10,9,0,19,133,61,31,0,225,101,0,101,326
02/17/2015,BUF,NY,AEA,CE,Combined TRACON& Tower with Radar,134,49,10,8,201,0,8,12,0,20,134,57,22,8,221,100,0,100,321
02/18/2015,BUF,NY,AEA,CE,Combined TRACON& Tower with Radar,128,65,21,0,214,0,0,0,0,0,128,65,21,0,214,0,0,0,214
02/19/2015,BUF,NY,AEA,CE,Combined TRACON& Tower with Radar,139,58,21,13,231,0,2,0,0,2,139,60,21,13,233,107,0,107,340
02/20/2015,BUF,NY,AEA,CE,Combined TRACON& Tower with Radar,139,63,9,3,214,0,7,14,0,21,139,70,23,3,235,54,8,62,297
02/21/2015,BUF,NY,AEA,CE,Combined TRACON& Tower with Radar,115,28,2,0,145,0,0,0,0,0,115,28,2,0,145,56,8,64,209
02/22/2015,BUF,NY,AEA,CE,Combined TRACON& Tower with Radar,117,40,8,0,165,0,0,1,0,1,117,40,9,0,166,60,4,64,230
02/23/2015,BUF,NY,AEA,CE,Combined TRACON& Tower with Radar,131,47,10,0,188,0,12,6,0,18,131,59,16,0,206,104,0,104,310
02/24/2015,BUF,NY,AEA,CE,Combined TRACON& Tower with Radar,136,53,13,4,206,0,0,4,0,4,136,53,17,4,210,105,0,105,315
02/25/2015,BUF,NY,AEA,CE,Combined TRACON& Tower with Radar,142,61,20,1,224,0,13,11,1,25,142,74,31,2,249,109,0,109,358
02/26/2015,BUF,NY,AEA,CE,Combined TRACON& Tower with Radar,132,57,18,0,207,0,2,10,2,14,132,59,28,2,221,98,0,98,319
02/27/2015,BUF,NY,AEA,CE,Combined TRACON& Tower with Radar,145,55,16,0,216,0,1,19,0,20,145,56,35,0,236,80,0,80,316
02/28/2015,BUF,NY,AEA,CE,Combined TRACON& Tower with Radar,116,33,15,0,164,0,3,24,0,27,116,36,39,0,191,85,0,85,276
03/01/2015,BUF,NY,AEA,CE,Combined TRACON& Tower with Radar,94,29,16,0,139,0,2,0,0,2,94,31,16,0,141,94,0,94,235
03/02/2015,BUF,NY,AEA,CE,Combined TRACON& Tower with Radar,132,47,23,0,202,0,0,1,3,4,132,47,24,3,206,100,0,100,306
03/03/2015,BUF,NY,AEA,CE,Combined TRACON& Tower with Radar,140,48,24,2,214,0,2,0,0,2,140,50,24,2,216,97,0,97,313
03/04/2015,BUF,NY,AEA,CE,Combined TRACON& Tower with Radar,140,58,8,4,210,0,6,2,0,8,140,64,10,4,218,72,20,92,310
03/05/2015,BUF,NY,AEA,CE,Combined TRACON& Tower with Radar,103,40,9,1,153,0,0,0,0,0,103,40,9,1,153,0,0,0,153
03/06/2015,BUF,NY,AEA,CE,Combined TRACON& Tower with Radar,131,63,31,3,228,0,7,17,0,24,131,70,48,3,252,66,10,76,328
03/07/2015,BUF,NY,AEA,CE,Combined TRACON& Tower with Radar,124,43,10,0,177,0,7,0,0,7,124,50,10,0,184,24,0,24,208
03/08/2015,BUF,NY,AEA,CE,Combined TRACON& Tower with Radar,131,37,24,0,192,0,0,14,0,14,131,37,38,0,206,60,4,64,270
03/09/2015,BUF,NY,AEA,CE,Combined TRACON& Tower with Radar,147,48,17,0,212,0,6,12,2,20,147,54,29,2,232,0,0,0,232
03/10/2015,BUF,NY,AEA,CE,Combined TRACON& Tower with Radar,155,53,13,7,228,0,8,11,3,22,155,61,24,10,250,54,16,70,320
03/11/2015,BUF,NY,AEA,CE,Combined TRACON& Tower with Radar,170,51,22,1,244,0,0,1,0,1,170,51,23,1,245,101,0,101,346
03/12/2015,BUF,NY,AEA,CE,Combined TRACON& Tower with Radar,150,62,13,5,230,0,11,24,1,36,150,73,37,6,266,103,0,103,369
03/13/2015,BUF,NY,AEA,CE,Combined TRACON& Tower with Radar,150,55,23,0,228,0,4,26,0,30,150,59,49,0,258,103,0,103,361
03/14/2015,BUF,NY,AEA,CE,Combined TRACON& Tower with Radar,124,36,9,0,169,0,1,0,0,1,124,37,9,0,170,52,4,56,226
03/15/2015,BUF,NY,AEA,CE,Combined TRACON& Tower with Radar,116,44,16,1,177,0,3,0,0,3,116,47,16,1,180,115,0,115,295
03/16/2015,BUF,NY,AEA,CE,Combined TRACON& Tower with Radar,153,49,20,2,224,0,7,12,3,22,153,56,32,5,246,102,0,102,348
03/17/2015,BUF,NY,AEA,CE,Combined TRACON& Tower with Radar,139,52,8,0,199,0,2,2,0,4,139,54,10,0,203,56,4,60,263
03/18/2015,BUF,NY,AEA,CE,Combined TRACON& Tower with Radar,148,66,21,0,235,0,3,19,0,22,148,69,40,0,257,90,4,94,351
03/19/2015,BUF,NY,AEA,CE,Combined TRACON& Tower with Radar,161,57,20,2,240,0,18,23,0,41,161,75,43,2,281,0,0,0,281
03/20/2015,BUF,NY,AEA,CE,Combined TRACON& Tower with Radar,139,48,21,4,212,0,0,4,0,4,139,48,25,4,216,56,8,64,280
03/21/2015,BUF,NY,AEA,CE,Combined TRACON& Tower with Radar,136,47,9,0,192,0,1,0,0,1,136,48,9,0,193,56,4,60,253
03/22/2015,BUF,NY,AEA,CE,Combined TRACON& Tower with Radar,129,50,10,0,189,0,2,20,0,22,129,52,30,0,211,49,0,49,260
03/23/2015,BUF,NY,AEA,CE,Combined TRACON& Tower with Radar,142,46,17,0,205,0,5,17,0,22,142,51,34,0,227,52,10,62,289
03/24/2015,BUF,NY,AEA,CE,Combined TRACON& Tower with Radar,150,54,20,2,226,0,1,18,0,19,150,55,38,2,245,103,0,103,348
03/25/2015,BUF,NY,AEA,CE,Combined TRACON& Tower with Radar,153,55,11,2,221,0,1,5,0,6,153,56,16,2,227,99,0,99,326
03/26/2015,BUF,NY,AEA,CE,Combined TRACON& Tower with Radar,149,55,17,0,221,0,0,0,0,0,149,55,17,0,221,58,10,68,289
03/27/2015,BUF,NY,AEA,CE,Combined TRACON& Tower with Radar,152,64,14,0,230,0,2,4,0,6,152,66,18,0,236,92,0,92,328
03/28/2015,BUF,NY,AEA,CE,Combined TRACON& Tower with Radar,128,33,16,0,177,0,0,12,0,12,128,33,28,0,189,56,10,66,255
03/29/2015,BUF,NY,AEA,CE,Combined TRACON& Tower with Radar,123,45,30,0,198,0,1,27,0,28,123,46,57,0,226,111,4,115,341
03/30/2015,BUF,NY,AEA,CE,Combined TRACON& Tower with Radar,146,53,12,0,211,0,3,1,2,6,146,56,13,2,217,98,0,98,315
03/31/2015,BUF,NY,AEA,CE,Combined TRACON& Tower with Radar,147,56,15,0,218,0,3,8,3,14,147,59,23,3,232,70,6,76,308
04/01/2015,BUF,NY,AEA,CE,Combined TRACON& Tower with Radar,155,58,33,8,254,0,5,28,5,38,155,63,61,13,292,114,0,114,406
04/02/2015,BUF,NY,AEA,CE,Combined TRACON& Tower with Radar,153,53,13,4,223,0,9,4,2,15,153,62,17,6,238,62,10,72,310
04/03/2015,BUF,NY,AEA,CE,Combined TRACON& Tower with Radar,155,41,9,0,205,0,1,2,0,3,155,42,11,0,208,58,6,64,272
04/04/2015,BUF,NY,AEA,CE,Combined TRACON& Tower with Radar,124,37,7,1,169,0,4,14,1,19,124,41,21,2,188,117,0,117,305
04/05/2015,BUF,NY,AEA,CE,Combined TRACON& Tower with Radar,114,38,7,0,159,0,0,2,0,2,114,38,9,0,161,68,2,70,231
04/06/2015,BUF,NY,AEA,CE,Combined TRACON& Tower with Radar,143,60,22,0,225,0,8,10,0,18,143,68,32,0,243,188,0,188,431
04/07/2015,BUF,NY,AEA,CE,Combined TRACON& Tower with Radar,144,53,16,6,219,0,4,12,0,16,144,57,28,6,235,59,0,59,294
04/08/2015,BUF,NY,AEA,CE,Combined TRACON& Tower with Radar,148,56,20,0,224,0,0,0,0,0,148,56,20,0,224,168,0,168,392
04/09/2015,BUF,NY,AEA,CE,Combined TRACON& Tower with Radar,140,57,19,0,216,0,4,2,0,6,140,61,21,0,222,64,8,72,294
04/10/2015,BUF,NY,AEA,CE,Combined TRACON& Tower with Radar,152,56,13,0,221,0,0,2,0,2,152,56,15,0,223,34,0,34,257
04/11/2015,BUF,NY,AEA,CE,Combined TRACON& Tower with Radar,127,36,16,0,179,0,4,10,0,14,127,40,26,0,193,142,0,142,335
04/12/2015,BUF,NY,AEA,CE,Combined TRACON& Tower with Radar,130,40,26,0,196,0,5,33,2,40,130,45,59,2,236,160,0,160,396
04/13/2015,BUF,NY,AEA,CE,Combined TRACON& Tower with Radar,144,57,14,0,215,0,1,7,0,8,144,58,21,0,223,66,6,72,295
04/14/2015,BUF,NY,AEA,CE,Combined TRACON& Tower with Radar,147,57,23,0,227,0,7,17,0,24,147,64,40,0,251,0,0,0,251
04/15/2015,BUF,NY,AEA,CE,Combined TRACON& Tower with Radar,142,51,17,1,211,0,0,15,1,16,142,51,32,2,227,82,0,82,309
04/16/2015,BUF,NY,AEA,CE,Combined TRACON& Tower with Radar,141,56,22,1,220,0,4,25,0,29,141,60,47,1,249,70,8,78,327
04/17/2015,BUF,NY,AEA,CE,Combined TRACON& Tower with Radar,147,60,26,0,233,0,6,6,0,12,147,66,32,0,245,60,0,60,305
04/18/2015,BUF,NY,AEA,CE,Combined TRACON& Tower with Radar,118,30,27,0,175,0,9,35,0,44,118,39,62,0,219,77,0,77,296
04/19/2015,BUF,NY,AEA,CE,Combined TRACON& Tower with Radar,123,42,21,0,186,0,2,21,0,23,123,44,42,0,209,107,0,107,316
04/20/2015,BUF,NY,AEA,CE,Combined TRACON& Tower with Radar,124,50,10,0,184,0,1,0,0,1,124,51,10,0,185,60,8,68,253
04/21/2015,BUF,NY,AEA,CE,Combined TRACON& Tower with Radar,149,54,27,1,231,0,3,6,0,9,149,57,33,1,240,60,0,60,300
04/22/2015,BUF,NY,AEA,CE,Combined TRACON& Tower with Radar,144,58,18,10,230,0,3,0,0,3,144,61,18,10,233,77,0,77,310
04/23/2015,BUF,NY,AEA,CE,Combined TRACON& Tower with Radar,149,64,23,2,238,0,9,12,0,21,149,73,35,2,259,0,0,0,259
04/24/2015,BUF,NY,AEA,CE,Combined TRACON& Tower with Radar,138,54,12,0,204,0,9,10,0,19,138,63,22,0,223,0,0,0,223
04/25/2015,BUF,NY,AEA,CE,Combined TRACON& Tower with Radar,122,37,13,2,174,0,7,30,0,37,122,44,43,2,211,100,0,100,311
04/26/2015,BUF,NY,AEA,CE,Combined TRACON& Tower with Radar,122,44,15,0,181,0,5,30,0,35,122,49,45,0,216,106,0,106,322
04/27/2015,BUF,NY,AEA,CE,Combined TRACON& Tower with Radar,141,59,26,2,228,0,6,5,0,11,141,65,31,2,239,64,8,72,311
04/28/2015,BUF,NY,AEA,CE,Combined TRACON& Tower with Radar,141,64,16,2,223,0,11,33,0,44,141,75,49,2,267,148,0,148,415
04/29/2015,BUF,NY,AEA,CE,Combined TRACON& Tower with Radar,148,63,19,3,233,0,6,31,0,37,148,69,50,3,270,80,8,88,358
04/30/2015,BUF,NY,AEA,CE,Combined TRACON& Tower with Radar,145,59,41,1,246,0,10,29,0,39,145,69,70,1,285,0,0,0,285
05/01/2015,BUF,NY,AEA,CE,Combined TRACON& Tower with Radar,145,74,28,0,247,0,6,19,0,25,145,80,47,0,272,122,0,122,394
05/02/2015,BUF,NY,AEA,CE,Combined TRACON& Tower with Radar,118,38,21,0,177,0,4,24,0,28,118,42,45,0,205,132,0,132,337
05/03/2015,BUF,NY,AEA,CE,Combined TRACON& Tower with Radar,122,53,23,1,199,0,6,21,3,30,122,59,44,4,229,116,0,116,345
05/04/2015,BUF,NY,AEA,CE,Combined TRACON& Tower with Radar,142,58,24,0,224,0,5,3,0,8,142,63,27,0,232,25,0,25,257
05/05/2015,BUF,NY,AEA,CE,Combined TRACON& Tower with Radar,154,56,26,8,244,0,2,8,0,10,154,58,34,8,254,127,0,127,381
05/06/2015,BUF,NY,AEA,CE,Combined TRACON& Tower with Radar,152,49,26,3,230,0,8,30,1,39,152,57,56,4,269,100,0,100,369
05/07/2015,BUF,NY,AEA,CE,Combined TRACON& Tower with Radar,156,55,24,2,237,0,8,36,0,44,156,63,60,2,281,92,0,92,373
05/08/2015,BUF,NY,AEA,CE,Combined TRACON& Tower with Radar,147,63,14,8,232,0,6,30,1,37,147,69,44,9,269,74,8,82,351
05/09/2015,BUF,NY,AEA,CE,Combined TRACON& Tower with Radar,118,43,15,1,177,0,1,21,0,22,118,44,36,1,199,82,0,82,281
05/10/2015,BUF,NY,AEA,CE,Combined TRACON& Tower with Radar,125,42,19,1,187,0,4,8,1,13,125,46,27,2,200,99,40,139,339
05/11/2015,BUF,NY,AEA,CE,Combined TRACON& Tower with Radar,148,54,20,3,225,0,6,7,1,14,148,60,27,4,239,47,0,47,286
05/12/2015,BUF,NY,AEA,CE,Combined TRACON& Tower with Radar,168,52,8,8,236,0,2,3,0,5,168,54,11,8,241,107,0,107,348
05/13/2015,BUF,NY,AEA,CE,Combined TRACON& Tower with Radar,152,56,28,0,236,0,14,12,0,26,152,70,40,0,262,110,0,110,372
05/14/2015,BUF,NY,AEA,CE,Combined TRACON& Tower with Radar,158,58,32,5,253,0,10,42,1,53,158,68,74,6,306,97,0,97,403
05/15/2015,BUF,NY,AEA,CE,Combined TRACON& Tower with Radar,150,52,34,0,236,0,5,6,0,11,150,57,40,0,247,0,0,0,247
05/16/2015,BUF,NY,AEA,CE,Combined TRACON& Tower with Radar,123,35,28,0,186,0,3,1,0,4,123,38,29,0,190,60,6,66,256
05/17/2015,BUF,NY,AEA,CE,Combined TRACON& Tower with Radar,129,39,27,0,195,0,9,12,2,23,129,48,39,2,218,70,10,80,298
05/18/2015,BUF,NY,AEA,CE,Combined TRACON& Tower with Radar,138,47,31,0,216,0,6,8,0,14,138,53,39,0,230,114,0,114,344
05/19/2015,BUF,NY,AEA,CE,Combined TRACON& Tower with Radar,163,54,23,6,246,0,8,6,0,14,163,62,29,6,260,157,0,157,417
05/20/2015,BUF,NY,AEA,CE,Combined TRACON& Tower with Radar,161,49,12,3,225,0,6,10,0,16,161,55,22,3,241,148,0,148,389
05/21/2015,BUF,NY,AEA,CE,Combined TRACON& Tower with Radar,155,55,34,3,247,0,7,29,2,38,155,62,63,5,285,90,18,108,393
05/22/2015,BUF,NY,AEA,CE,Combined TRACON& Tower with Radar,157,52,44,0,253,0,17,36,0,53,157,69,80,0,306,76,16,92,398
05/23/2015,BUF,NY,AEA,CE,Combined TRACON& Tower with Radar,109,35,12,0,156,0,3,29,0,32,109,38,41,0,188,64,0,64,252
05/24/2015,BUF,NY,AEA,CE,Combined TRACON& Tower with Radar,118,24,14,0,156,0,4,32,0,36,118,28,46,0,192,103,0,103,295
05/25/2015,BUF,NY,AEA,CE,Combined TRACON& Tower with Radar,126,38,17,0,181,0,8,10,0,18,126,46,27,0,199,109,0,109,308
05/26/2015,BUF,NY,AEA,CE,Combined TRACON& Tower with Radar,153,57,23,2,235,0,8,10,3,21,153,65,33,5,256,64,10,74,330
05/27/2015,BUF,NY,AEA,CE,Combined TRACON& Tower with Radar,149,62,34,4,249,0,8,2,0,10,149,70,36,4,259,0,0,0,259
05/28/2015,BUF,NY,AEA,CE,Combined TRACON& Tower with Radar,162,57,23,1,243,0,12,17,2,31,162,69,40,3,274,70,8,78,352
05/29/2015,BUF,NY,AEA,CE,Combined TRACON& Tower with Radar,156,54,31,2,243,0,15,30,1,46,156,69,61,3,289,87,0,87,376
05/30/2015,BUF,NY,AEA,CE,Combined TRACON& Tower with Radar,120,38,10,0,168,0,10,9,0,19,120,48,19,0,187,108,0,108,295
05/31/2015,BUF,NY,AEA,CE,Combined TRACON& Tower with Radar,111,31,29,0,171,0,0,0,0,0,111,31,29,0,171,85,0,85,256
06/01/2015,BUF,NY,AEA,CE,Combined TRACON& Tower with Radar,130,59,20,0,209,0,2,1,0,3,130,61,21,0,212,93,0,93,305
06/02/2015,BUF,NY,AEA,CE,Combined TRACON& Tower with Radar,161,56,30,0,247,0,9,30,0,39,161,65,60,0,286,226,0,226,512
06/03/2015,BUF,NY,AEA,CE,Combined TRACON& Tower with Radar,158,66,28,2,254,0,16,32,2,50,158,82,60,4,304,150,0,150,454
06/04/2015,BUF,NY,AEA,CE,Combined TRACON& Tower with Radar,157,57,49,2,265,0,3,19,0,22,157,60,68,2,287,70,0,70,357
06/05/2015,BUF,NY,AEA,CE,Combined TRACON& Tower with Radar,155,62,17,0,234,0,10,18,0,28,155,72,35,0,262,112,0,112,374
06/06/2015,BUF,NY,AEA,CE,Combined TRACON& Tower with Radar,122,40,24,0,186,0,6,21,0,27,122,46,45,0,213,0,0,0,213
06/07/2015,BUF,NY,AEA,CE,Combined TRACON& Tower with Radar,123,44,18,0,185,0,4,22,0,26,123,48,40,0,211,198,0,198,409
06/08/2015,BUF,NY,AEA,CE,Combined TRACON& Tower with Radar,148,58,20,0,226,0,0,0,0,0,148,58,20,0,226,0,0,0,226
06/09/2015,BUF,NY,AEA,CE,Combined TRACON& Tower with Radar,152,61,28,2,243,0,4,0,0,4,152,65,28,2,247,54,0,54,301
06/10/2015,BUF,NY,AEA,CE,Combined TRACON& Tower with Radar,168,56,29,0,253,0,6,13,0,19,168,62,42,0,272,97,0,97,369
06/11/2015,BUF,NY,AEA,CE,Combined TRACON& Tower with Radar,156,63,37,2,258,0,10,22,0,32,156,73,59,2,290,166,0,166,456
06/12/2015,BUF,NY,AEA,CE,Combined TRACON& Tower with Radar,149,68,29,0,246,0,6,8,0,14,149,74,37,0,260,114,0,114,374
06/13/2015,BUF,NY,AEA,CE,Combined TRACON& Tower with Radar,128,39,24,2,193,0,3,8,0,11,128,42,32,2,204,65,2,67,271
06/14/2015,BUF,NY,AEA,CE,Combined TRACON& Tower with Radar,128,45,25,0,198,0,2,11,0,13,128,47,36,0,211,109,0,109,320
06/15/2015,BUF,NY,AEA,CE,Combined TRACON& Tower with Radar,163,45,28,0,236,0,4,2,0,6,163,49,30,0,242,46,0,46,288
06/16/2015,BUF,NY,AEA,CE,Combined TRACON& Tower with Radar,155,55,27,0,237,0,8,14,0,22,155,63,41,0,259,116,0,116,375
06/17/2015,BUF,NY,AEA,CE,Combined TRACON& Tower with Radar,152,66,38,8,264,0,8,24,0,32,152,74,62,8,296,119,0,119,415
06/18/2015,BUF,NY,AEA,CE,Combined TRACON& Tower with Radar,152,60,41,7,260,0,8,17,1,26,152,68,58,8,286,106,0,106,392
06/19/2015,BUF,NY,AEA,CE,Combined TRACON& Tower with Radar,152,62,18,0,232,0,3,15,0,18,152,65,33,0,250,79,0,79,329
06/20/2015,BUF,NY,AEA,CE,Combined TRACON& Tower with Radar,130,31,16,0,177,0,5,17,0,22,130,36,33,0,199,74,0,74,273
06/21/2015,BUF,NY,AEA,CE,Combined TRACON& Tower with Radar,135,37,10,0,182,0,7,0,0,7,135,44,10,0,189,51,0,51,240
06/22/2015,BUF,NY,AEA,CE,Combined TRACON& Tower with Radar,149,69,30,2,250,0,9,27,0,36,149,78,57,2,286,129,0,129,415
06/23/2015,BUF,NY,AEA,CE,Combined TRACON& Tower with Radar,143,54,23,0,220,0,7,16,2,25,143,61,39,2,245,120,0,120,365
06/24/2015,BUF,NY,AEA,CE,Combined TRACON& Tower with Radar,156,81,44,0,281,0,11,40,0,51,156,92,84,0,332,175,0,175,507
06/25/2015,BUF,NY,AEA,CE,Combined TRACON& Tower with Radar,146,63,21,0,230,0,5,30,4,39,146,68,51,4,269,78,0,78,347
06/26/2015,BUF,NY,AEA,CE,Combined TRACON& Tower with Radar,154,63,24,1,242,0,7,27,3,37,154,70,51,4,279,78,0,78,357
06/27/2015,BUF,NY,AEA,CE,Combined TRACON& Tower with Radar,118,40,15,2,175,0,1,0,0,1,118,41,15,2,176,10,0,10,186
06/28/2015,BUF,NY,AEA,CE,Combined TRACON& Tower with Radar,124,47,15,0,186,0,0,0,0,0,124,47,15,0,186,0,0,0,186
06/29/2015,BUF,NY,AEA,CE,Combined TRACON& Tower with Radar,147,62,18,0,227,0,6,13,0,19,147,68,31,0,246,122,0,122,368
06/30/2015,BUF,NY,AEA,CE,Combined TRACON& Tower with Radar,147,59,16,0,222,0,6,16,2,24,147,65,32,2,246,78,2,80,326
07/01/2015,BUF,NY,AEA,CE,Combined TRACON& Tower with Radar,161,58,29,0,248,0,6,3,0,9,161,64,32,0,257,128,0,128,385
07/02/2015,BUF,NY,AEA,CE,Combined TRACON& Tower with Radar,160,45,27,2,234,0,9,26,2,37,160,54,53,4,271,60,8,68,339
07/03/2015,BUF,NY,AEA,CE,Combined TRACON& Tower with Radar,138,37,14,0,189,0,10,30,0,40,138,47,44,0,229,99,0,99,328
07/04/2015,BUF,NY,AEA,CE,Combined TRACON& Tower with Radar,106,22,3,0,131,0,5,15,0,20,106,27,18,0,151,126,126,252,403
07/05/2015,BUF,NY,AEA,CE,Combined TRACON& Tower with Radar,134,32,39,0,205,0,11,23,0,34,134,43,62,0,239,80,0,80,319
07/06/2015,BUF,NY,AEA,CE,Combined TRACON& Tower with Radar,160,38,16,0,214,0,7,21,4,32,160,45,37,4,246,64,10,74,320
07/07/2015,BUF,NY,AEA,CE,Combined TRACON& Tower with Radar,156,55,22,0,233,0,2,9,0,11,156,57,31,0,244,62,10,72,316
07/08/2015,BUF,NY,AEA,CE,Combined TRACON& Tower with Radar,162,59,29,3,253,0,4,32,1,37,162,63,61,4,290,107,8,115,405
07/09/2015,BUF,NY,AEA,CE,Combined TRACON& Tower with Radar,176,42,38,2,258,0,4,4,0,8,176,46,42,2,266,96,2,98,364
07/10/2015,BUF,NY,AEA,CE,Combined TRACON& Tower with Radar,168,45,28,0,241,0,7,42,0,49,168,52,70,0,290,58,0,58,348
07/11/2015,BUF,NY,AEA,CE,Combined TRACON& Tower with Radar,128,47,25,0,200,0,7,23,0,30,128,54,48,0,230,154,0,154,384
07/12/2015,BUF,NY,AEA,CE,Combined TRACON& Tower with Radar,147,40,40,0,227,0,8,21,0,29,147,48,61,0,256,66,10,76,332
07/13/2015,BUF,NY,AEA,CE,Combined TRACON& Tower with Radar,155,38,19,0,212,0,5,34,0,39,155,43,53,0,251,119,0,119,370
07/14/2015,BUF,NY,AEA,CE,Combined TRACON& Tower with Radar,150,50,18,0,218,0,2,0,0,2,150,52,18,0,220,62,12,74,294
07/15/2015,BUF,NY,AEA,CE,Combined TRACON& Tower with Radar,169,55,35,4,263,0,9,33,1,43,169,64,68,5,306,72,18,90,396
07/16/2015,BUF,NY,AEA,CE,Combined TRACON& Tower with Radar,165,48,34,0,247,0,12,44,0,56,165,60,78,0,303,101,0,101,404
07/17/2015,BUF,NY,AEA,CE,Combined TRACON& Tower with Radar,166,52,37,0,255,0,3,9,6,18,166,55,46,6,273,85,20,105,378
07/18/2015,BUF,NY,AEA,CE,Combined TRACON& Tower with Radar,122,37,32,2,193,0,16,3,2,21,122,53,35,4,214,68,24,92,306
07/19/2015,BUF,NY,AEA,CE,Combined TRACON& Tower with Radar,145,34,39,1,219,0,11,24,1,36,145,45,63,2,255,62,28,90,345
07/20/2015,BUF,NY,AEA,CE,Combined TRACON& Tower with Radar,164,37,27,2,230,0,5,36,0,41,164,42,63,2,271,0,0,0,271
07/21/2015,BUF,NY,AEA,CE,Combined TRACON& Tower with Radar,152,48,32,2,234,0,7,17,0,24,152,55,49,2,258,68,0,68,326
07/22/2015,BUF,NY,AEA,CE,Combined TRACON& Tower with Radar,158,58,24,1,241,0,7,39,1,47,158,65,63,2,288,126,126,252,540
07/23/2015,BUF,NY,AEA,CE,Combined TRACON& Tower with Radar,170,44,37,0,251,0,12,31,0,43,170,56,68,0,294,110,0,110,404
07/24/2015,BUF,NY,AEA,CE,Combined TRACON& Tower with Radar,166,52,16,2,236,0,14,34,2,50,166,66,50,4,286,82,0,82,368
07/25/2015,BUF,NY,AEA,CE,Combined TRACON& Tower with Radar,128,29,14,0,171,0,13,29,0,42,128,42,43,0,213,129,0,129,342
07/26/2015,BUF,NY,AEA,CE,Combined TRACON& Tower with Radar,140,36,37,0,213,0,8,23,0,31,140,44,60,0,244,70,12,82,326
07/27/2015,BUF,NY,AEA,CE,Combined TRACON& Tower with Radar,161,38,22,2,223,0,8,38,0,46,161,46,60,2,269,130,0,130,399
07/28/2015,BUF,NY,AEA,CE,Combined TRACON& Tower with Radar,163,57,18,2,240,0,13,42,0,55,163,70,60,2,295,146,0,146,441
07/29/2015,BUF,NY,AEA,CE,Combined TRACON& Tower with Radar,165,58,37,6,266,0,4,20,2,26,165,62,57,8,292,127,0,127,419
07/30/2015,BUF,NY,AEA,CE,Combined TRACON& Tower with Radar,256,45,33,0,334,0,7,13,0,20,256,52,46,0,354,0,0,0,354
07/31/2015,BUF,NY,AEA,CE,Combined TRACON& Tower with Radar,171,47,16,0,234,0,11,21,0,32,171,58,37,0,266,120,0,120,386
08/01/2015,BUF,NY,AEA,CE,Combined TRACON& Tower with Radar,126,36,11,0,173,0,2,17,0,19,126,38,28,0,192,68,6,74,266
08/02/2015,BUF,NY,AEA,CE,Combined TRACON& Tower with Radar,145,36,17,0,198,0,1,23,0,24,145,37,40,0,222,94,2,96,318
08/03/2015,BUF,NY,AEA,CE,Combined TRACON& Tower with Radar,160,51,37,0,248,0,5,5,0,10,160,56,42,0,258,46,0,46,304
08/04/2015,BUF,NY,AEA,CE,Combined TRACON& Tower with Radar,158,58,26,12,254,0,5,13,0,18,158,63,39,12,272,120,0,120,392
08/05/2015,BUF,NY,AEA,CE,Combined TRACON& Tower with Radar,163,59,30,1,253,0,5,31,3,39,163,64,61,4,292,137,0,137,429
08/06/2015,BUF,NY,AEA,CE,Combined TRACON& Tower with Radar,173,49,39,2,263,0,10,25,0,35,173,59,64,2,298,66,10,76,374
08/07/2015,BUF,NY,AEA,CE,Combined TRACON& Tower with Radar,161,69,18,3,251,0,12,26,0,38,161,81,44,3,289,0,0,0,289
08/08/2015,BUF,NY,AEA,CE,Combined TRACON& Tower with Radar,126,37,22,2,187,0,13,19,0,32,126,50,41,2,219,208,0,208,427
08/09/2015,BUF,NY,AEA,CE,Combined TRACON& Tower with Radar,127,44,31,1,203,0,1,28,0,29,127,45,59,1,232,83,0,83,315
08/10/2015,BUF,NY,AEA,CE,Combined TRACON& Tower with Radar,153,44,28,0,225,0,4,17,0,21,153,48,45,0,246,0,0,0,246
08/11/2015,BUF,NY,AEA,CE,Combined TRACON& Tower with Radar,146,52,18,0,216,0,4,4,2,10,146,56,22,2,226,72,10,82,308
08/12/2015,BUF,NY,AEA,CE,Combined TRACON& Tower with Radar,157,50,31,6,244,0,10,15,1,26,157,60,46,7,270,68,0,68,338
08/13/2015,BUF,NY,AEA,CE,Combined TRACON& Tower with Radar,172,43,44,7,266,0,13,25,0,38,172,56,69,7,304,68,18,86,390
08/14/2015,BUF,NY,AEA,CE,Combined TRACON& Tower with Radar,160,39,29,0,228,0,8,19,0,27,160,47,48,0,255,79,0,79,334
08/15/2015,BUF,NY,AEA,CE,Combined TRACON& Tower with Radar,112,26,30,0,168,0,4,13,2,19,112,30,43,2,187,153,0,153,340
08/16/2015,BUF,NY,AEA,CE,Combined TRACON& Tower with Radar,141,31,16,0,188,0,4,24,1,29,141,35,40,1,217,168,0,168,385
08/17/2015,BUF,NY,AEA,CE,Combined TRACON& Tower with Radar,160,46,18,2,226,0,13,36,0,49,160,59,54,2,275,70,16,86,361
08/18/2015,BUF,NY,AEA,CE,Combined TRACON& Tower with Radar,167,54,21,2,244,0,6,14,0,20,167,60,35,2,264,66,8,74,338
08/19/2015,BUF,NY,AEA,CE,Combined TRACON& Tower with Radar,171,51,25,4,251,0,7,23,2,32,171,58,48,6,283,100,0,100,383
08/20/2015,BUF,NY,AEA,CE,Combined TRACON& Tower with Radar,148,42,21,0,211,0,9,1,0,10,148,51,22,0,221,68,10,78,299
08/21/2015,BUF,NY,AEA,CE,Combined TRACON& Tower with Radar,169,53,25,4,251,0,11,46,0,57,169,64,71,4,308,53,0,53,361
08/22/2015,BUF,NY,AEA,CE,Combined TRACON& Tower with Radar,113,37,15,0,165,0,13,47,0,60,113,50,62,0,225,0,0,0,225
08/23/2015,BUF,NY,AEA,CE,Combined TRACON& Tower with Radar,135,35,30,0,200,0,6,23,0,29,135,41,53,0,229,129,0,129,358
08/24/2015,BUF,NY,AEA,CE,Combined TRACON& Tower with Radar,165,52,17,2,236,0,8,24,0,32,165,60,41,2,268,77,0,77,345
08/25/2015,BUF,NY,AEA,CE,Combined TRACON& Tower with Radar,160,66,23,4,253,0,10,19,0,29,160,76,42,4,282,123,50,173,455
08/26/2015,BUF,NY,AEA,CE,Combined TRACON& Tower with Radar,164,59,21,2,246,0,12,7,0,19,164,71,28,2,265,87,0,87,352
08/27/2015,BUF,NY,AEA,CE,Combined TRACON& Tower with Radar,161,54,61,2,278,0,4,12,2,18,161,58,73,4,296,141,0,141,437
08/28/2015,BUF,NY,AEA,CE,Combined TRACON& Tower with Radar,166,56,25,0,247,0,10,23,0,33,166,66,48,0,280,135,0,135,415
08/29/2015,BUF,NY,AEA,CE,Combined TRACON& Tower with Radar,112,35,18,0,165,0,3,23,0,26,112,38,41,0,191,118,0,118,309
08/30/2015,BUF,NY,AEA,CE,Combined TRACON& Tower with Radar,141,30,27,2,200,0,4,15,0,19,141,34,42,2,219,137,0,137,356
08/31/2015,BUF,NY,AEA,CE,Combined TRACON& Tower with Radar,155,45,23,0,223,0,9,13,5,27,155,54,36,5,250,156,156,312,562
09/01/2015,BUF,NY,AEA,CE,Combined TRACON& Tower with Radar,155,67,21,2,245,0,6,21,1,28,155,73,42,3,273,142,0,142,415
09/02/2015,BUF,NY,AEA,CE,Combined TRACON& Tower with Radar,157,68,16,2,243,0,12,25,0,37,157,80,41,2,280,100,0,100,380
09/03/2015,BUF,NY,AEA,CE,Combined TRACON& Tower with Radar,153,63,29,2,247,0,6,7,2,15,153,69,36,4,262,89,0,89,351
09/04/2015,BUF,NY,AEA,CE,Combined TRACON& Tower with Radar,156,54,26,1,237,0,5,25,2,32,156,59,51,3,269,79,0,79,348
09/05/2015,BUF,NY,AEA,CE,Combined TRACON& Tower with Radar,110,33,20,0,163,0,6,25,0,31,110,39,45,0,194,120,0,120,314
09/06/2015,BUF,NY,AEA,CE,Combined TRACON& Tower with Radar,109,37,17,0,163,0,9,39,0,48,109,46,56,0,211,155,0,155,366
09/07/2015,BUF,NY,AEA,CE,Combined TRACON& Tower with Radar,141,44,21,0,206,0,6,19,1,26,141,50,40,1,232,140,140,280,512
09/08/2015,BUF,NY,AEA,CE,Combined TRACON& Tower with Radar,148,58,25,5,236,0,5,19,1,25,148,63,44,6,261,130,0,130,391
09/09/2015,BUF,NY,AEA,CE,Combined TRACON& Tower with Radar,143,59,23,0,225,0,8,10,0,18,143,67,33,0,243,135,0,135,378
09/10/2015,BUF,NY,AEA,CE,Combined TRACON& Tower with Radar,127,47,26,2,202,0,7,30,0,37,127,54,56,2,239,78,0,78,317
09/11/2015,BUF,NY,AEA,CE,Combined TRACON& Tower with Radar,148,53,22,0,223,0,9,25,0,34,148,62,47,0,257,51,0,51,308
09/12/2015,BUF,NY,AEA,CE,Combined TRACON& Tower with Radar,111,35,22,0,168,0,0,0,0,0,111,35,22,0,168,0,0,0,168
09/13/2015,BUF,NY,AEA,CE,Combined TRACON& Tower with Radar,127,37,34,0,198,0,12,0,0,12,127,49,34,0,210,99,0,99,309
09/14/2015,BUF,NY,AEA,CE,Combined TRACON& Tower with Radar,148,64,20,0,232,0,5,14,0,19,148,69,34,0,251,81,0,81,332
09/15/2015,BUF,NY,AEA,CE,Combined TRACON& Tower with Radar,146,70,32,8,256,0,2,20,0,22,146,72,52,8,278,150,150,300,578
09/16/2015,BUF,NY,AEA,CE,Combined TRACON& Tower with Radar,157,67,26,1,251,0,8,33,1,42,157,75,59,2,293,109,0,109,402
09/17/2015,BUF,NY,AEA,CE,Combined TRACON& Tower with Radar,153,64,46,2,265,0,6,32,1,39,153,70,78,3,304,84,0,84,388
09/18/2015,BUF,NY,AEA,CE,Combined TRACON& Tower with Radar,158,64,30,2,254,0,7,30,2,39,158,71,60,4,293,72,10,82,375
09/19/2015,BUF,NY,AEA,CE,Combined TRACON& Tower with Radar,118,36,21,0,175,0,7,1,0,8,118,43,22,0,183,74,8,82,265
09/20/2015,BUF,NY,AEA,CE,Combined TRACON& Tower with Radar,134,47,46,0,227,0,9,17,2,28,134,56,63,2,255,80,8,88,343
09/21/2015,BUF,NY,AEA,CE,Combined TRACON& Tower with Radar,154,54,22,3,233,0,7,20,10,37,154,61,42,13,270,0,0,0,270
09/22/2015,BUF,NY,AEA,CE,Combined TRACON& Tower with Radar,149,59,28,0,236,0,2,20,0,22,149,61,48,0,258,74,10,84,342
09/23/2015,BUF,NY,AEA,CE,Combined TRACON& Tower with Radar,146,68,31,1,246,0,13,24,5,42,146,81,55,6,288,0,0,0,288
09/24/2015,BUF,NY,AEA,CE,Combined TRACON& Tower with Radar,145,74,39,0,258,0,6,33,2,41,145,80,72,2,299,131,0,131,430
09/25/2015,BUF,NY,AEA,CE,Combined TRACON& Tower with Radar,143,72,28,0,243,0,7,18,6,31,143,79,46,6,274,200,0,200,474
09/26/2015,BUF,NY,AEA,CE,Combined TRACON& Tower with Radar,111,39,20,0,170,0,6,18,1,25,111,45,38,1,195,135,0,135,330
09/27/2015,BUF,NY,AEA,CE,Combined TRACON& Tower with Radar,127,43,18,0,188,0,4,29,0,33,127,47,47,0,221,0,0,0,221
09/28/2015,BUF,NY,AEA,CE,Combined TRACON& Tower with Radar,150,53,34,2,239,0,5,0,2,7,150,58,34,4,246,70,12,82,328
09/29/2015,BUF,NY,AEA,CE,Combined TRACON& Tower with Radar,139,66,26,2,233,0,6,0,0,6,139,72,26,2,239,70,8,78,317
09/30/2015,BUF,NY,AEA,CE,Combined TRACON& Tower with Radar,145,83,19,2,249,0,1,3,0,4,145,84,22,2,253,91,0,91,344
10/01/2015,BUF,NY,AEA,CE,Combined TRACON& Tower with Radar,139,62,27,6,234,0,7,18,0,25,139,69,45,6,259,69,0,69,328
10/02/2015,BUF,NY,AEA,CE,Combined TRACON& Tower with Radar,143,60,21,0,224,0,6,6,0,12,143,66,27,0,236,114,0,114,350
10/03/2015,BUF,NY,AEA,CE,Combined TRACON& Tower with Radar,110,52,12,0,174,0,2,2,0,4,110,54,14,0,178,48,0,48,226
10/04/2015,BUF,NY,AEA,CE,Combined TRACON& Tower with Radar,129,45,25,0,199,0,8,21,0,29,129,53,46,0,228,162,0,162,390
10/05/2015,BUF,NY,AEA,CE,Combined TRACON& Tower with Radar,131,60,16,0,207,0,5,7,0,12,131,65,23,0,219,66,12,78,297
10/06/2015,BUF,NY,AEA,CE,Combined TRACON& Tower with Radar,139,70,25,0,234,0,9,0,0,9,139,79,25,0,243,68,20,88,331
10/07/2015,BUF,NY,AEA,CE,Combined TRACON& Tower with Radar,149,67,33,2,251,0,4,11,0,15,149,71,44,2,266,107,0,107,373
10/08/2015,BUF,NY,AEA,CE,Combined TRACON& Tower with Radar,151,76,28,8,263,0,16,21,2,39,151,92,49,10,302,137,0,137,439
10/09/2015,BUF,NY,AEA,CE,Combined TRACON& Tower with Radar,132,75,23,0,230,0,1,1,0,2,132,76,24,0,232,109,0,109,341
10/10/2015,BUF,NY,AEA,CE,Combined TRACON& Tower with Radar,122,50,25,0,197,0,10,24,0,34,122,60,49,0,231,0,0,0,231
10/11/2015,BUF,NY,AEA,CE,Combined TRACON& Tower with Radar,121,53,13,1,188,0,10,12,0,22,121,63,25,1,210,74,6,80,290
10/12/2015,BUF,NY,AEA,CE,Combined TRACON& Tower with Radar,142,64,36,0,242,0,5,17,0,22,142,69,53,0,264,90,0,90,354
10/13/2015,BUF,NY,AEA,CE,Combined TRACON& Tower with Radar,140,76,25,1,242,0,3,0,0,3,140,79,25,1,245,64,0,64,309
10/14/2015,BUF,NY,AEA,CE,Combined TRACON& Tower with Radar,147,83,39,3,272,0,4,18,0,22,147,87,57,3,294,96,0,96,390
10/15/2015,BUF,NY,AEA,CE,Combined TRACON& Tower with Radar,141,72,22,2,237,0,4,9,0,13,141,76,31,2,250,0,0,0,250
10/16/2015,BUF,NY,AEA,CE,Combined TRACON& Tower with Radar,142,83,11,0,236,0,3,9,0,12,142,86,20,0,248,70,14,84,332
10/17/2015,BUF,NY,AEA,CE,Combined TRACON& Tower with Radar,110,51,7,0,168,0,6,6,2,14,110,57,13,2,182,70,6,76,258
10/18/2015,BUF,NY,AEA,CE,Combined TRACON& Tower with Radar,126,53,22,0,201,0,3,5,0,8,126,56,27,0,209,131,0,131,340
10/19/2015,BUF,NY,AEA,CE,Combined TRACON& Tower with Radar,139,64,22,2,227,0,4,12,0,16,139,68,34,2,243,68,10,78,321
10/20/2015,BUF,NY,AEA,CE,Combined TRACON& Tower with Radar,144,73,26,2,245,0,13,6,0,19,144,86,32,2,264,0,0,0,264
10/21/2015,BUF,NY,AEA,CE,Combined TRACON& Tower with Radar,145,69,28,0,242,0,15,19,0,34,145,84,47,0,276,65,0,65,341
10/22/2015,BUF,NY,AEA,CE,Combined TRACON& Tower with Radar,146,70,21,0,237,0,5,9,0,14,146,75,30,0,251,95,0,95,346
10/23/2015,BUF,NY,AEA,CE,Combined TRACON& Tower with Radar,144,66,29,0,239,0,6,38,0,44,144,72,67,0,283,82,10,92,375
10/24/2015,BUF,NY,AEA,CE,Combined TRACON& Tower with Radar,110,42,16,0,168,0,3,19,0,22,110,45,35,0,190,77,0,77,267
10/25/2015,BUF,NY,AEA,CE,Combined TRACON& Tower with Radar,119,47,14,0,180,0,6,14,0,20,119,53,28,0,200,70,8,78,278
10/26/2015,BUF,NY,AEA,CE,Combined TRACON& Tower with Radar,135,66,34,0,235,0,4,24,2,30,135,70,58,2,265,92,0,92,357
10/27/2015,BUF,NY,AEA,CE,Combined TRACON& Tower with Radar,129,69,19,1,218,0,10,23,1,34,129,79,42,2,252,51,0,51,303
10/28/2015,BUF,NY,AEA,CE,Combined TRACON& Tower with Radar,129,67,17,0,213,0,1,0,0,1,129,68,17,0,214,70,10,80,294
10/29/2015,BUF,NY,AEA,CE,Combined TRACON& Tower with Radar,143,65,19,0,227,0,1,0,0,1,143,66,19,0,228,70,12,82,310
10/30/2015,BUF,NY,AEA,CE,Combined TRACON& Tower with Radar,132,82,24,0,238,0,3,23,0,26,132,85,47,0,264,0,0,0,264
10/31/2015,BUF,NY,AEA,CE,Combined TRACON& Tower with Radar,106,36,24,0,166,0,13,31,0,44,106,49,55,0,210,131,0,131,341
11/01/2015,BUF,NY,AEA,CE,Combined TRACON& Tower with Radar,115,49,13,0,177,0,0,2,0,2,115,49,15,0,179,53,0,53,232
11/02/2015,BUF,NY,AEA,CE,Combined TRACON& Tower with Radar,139,59,19,2,219,0,1,24,0,25,139,60,43,2,244,0,0,0,244
11/03/2015,BUF,NY,AEA,CE,Combined TRACON& Tower with Radar,132,59,21,4,216,0,21,24,0,45,132,80,45,4,261,70,12,82,343
11/04/2015,BUF,NY,AEA,CE,Combined TRACON& Tower with Radar,140,72,23,2,237,0,7,30,2,39,140,79,53,4,276,139,0,139,415
11/05/2015,BUF,NY,AEA,CE,Combined TRACON& Tower with Radar,145,68,32,0,245,0,11,23,4,38,145,79,55,4,283,70,20,90,373
11/06/2015,BUF,NY,AEA,CE,Combined TRACON& Tower with Radar,142,67,23,0,232,0,1,2,0,3,142,68,25,0,235,25,0,25,260
11/07/2015,BUF,NY,AEA,CE,Combined TRACON& Tower with Radar,121,41,16,0,178,0,8,13,0,21,121,49,29,0,199,77,0,77,276
11/08/2015,BUF,NY,AEA,CE,Combined TRACON& Tower with Radar,118,55,21,0,194,0,3,19,0,22,118,58,40,0,216,86,0,86,302
11/09/2015,BUF,NY,AEA,CE,Combined TRACON& Tower with Radar,138,56,19,0,213,0,6,14,0,20,138,62,33,0,233,91,0,91,324
11/10/2015,BUF,NY,AEA,CE,Combined TRACON& Tower with Radar,139,60,40,0,239,0,2,2,0,4,139,62,42,0,243,64,20,84,327
11/11/2015,BUF,NY,AEA,CE,Combined TRACON& Tower with Radar,141,66,18,0,225,0,0,0,0,0,141,66,18,0,225,0,0,0,225
11/12/2015,BUF,NY,AEA,CE,Combined TRACON& Tower with Radar,142,77,25,0,244,0,0,1,0,1,142,77,26,0,245,92,0,92,337
11/13/2015,BUF,NY,AEA,CE,Combined TRACON& Tower with Radar,141,75,16,0,232,0,0,0,0,0,141,75,16,0,232,0,0,0,232
11/14/2015,BUF,NY,AEA,CE,Combined TRACON& Tower with Radar,114,40,12,0,166,0,0,5,0,5,114,40,17,0,171,48,0,48,219
11/15/2015,BUF,NY,AEA,CE,Combined TRACON& Tower with Radar,117,45,22,0,184,0,2,14,0,16,117,47,36,0,200,60,0,60,260
11/16/2015,BUF,NY,AEA,CE,Combined TRACON& Tower with Radar,134,59,13,5,211,0,7,21,3,31,134,66,34,8,242,72,18,90,332
11/17/2015,BUF,NY,AEA,CE,Combined TRACON& Tower with Radar,133,68,24,1,226,0,4,32,1,37,133,72,56,2,263,100,0,100,363
11/18/2015,BUF,NY,AEA,CE,Combined TRACON& Tower with Radar,136,65,22,0,223,0,0,6,2,8,136,65,28,2,231,74,16,90,321
11/19/2015,BUF,NY,AEA,CE,Combined TRACON& Tower with Radar,124,57,23,4,208,0,1,1,0,2,124,58,24,4,210,133,0,133,343
11/20/2015,BUF,NY,AEA,CE,Combined TRACON& Tower with Radar,135,68,24,0,227,0,4,9,0,13,135,72,33,0,240,132,0,132,372
11/21/2015,BUF,NY,AEA,CE,Combined TRACON& Tower with Radar,103,44,16,0,163,0,3,25,0,28,103,47,41,0,191,72,8,80,271
11/22/2015,BUF,NY,AEA,CE,Combined TRACON& Tower with Radar,114,44,6,0,164,0,5,5,0,10,114,49,11,0,174,70,10,80,254
11/23/2015,BUF,NY,AEA,CE,Combined TRACON& Tower with Radar,122,42,24,0,188,0,9,12,0,21,122,51,36,0,209,0,0,0,209
11/24/2015,BUF,NY,AEA,CE,Combined TRACON& Tower with Radar,131,65,29,12,237,0,6,12,0,18,131,71,41,12,255,72,20,92,347
11/25/2015,BUF,NY,AEA,CE,Combined TRACON& Tower with Radar,144,55,25,0,224,0,6,25,0,31,144,61,50,0,255,0,0,0,255
11/26/2015,BUF,NY,AEA,CE,Combined TRACON& Tower with Radar,81,20,0,0,101,0,5,1,0,6,81,25,1,0,107,0,0,0,107
11/27/2015,BUF,NY,AEA,CE,Combined TRACON& Tower with Radar,99,40,5,0,144,0,2,2,0,4,99,42,7,0,148,66,14,80,228
11/28/2015,BUF,NY,AEA,CE,Combined TRACON& Tower with Radar,123,44,10,0,177,0,0,0,0,0,123,44,10,0,177,0,0,0,177
11/29/2015,BUF,NY,AEA,CE,Combined TRACON& Tower with Radar,131,47,36,0,214,0,2,10,0,12,131,49,46,0,226,125,0,125,351
11/30/2015,BUF,NY,AEA,CE,Combined TRACON& Tower with Radar,138,47,19,12,216,0,6,11,0,17,138,53,30,12,233,74,12,86,319
12/01/2015,BUF,NY,AEA,CE,Combined TRACON& Tower with Radar,132,52,24,0,208,0,1,0,0,1,132,53,24,0,209,45,0,45,254
12/02/2015,BUF,NY,AEA,CE,Combined TRACON& Tower with Radar,132,63,30,6,231,0,5,2,1,8,132,68,32,7,239,114,0,114,353
12/03/2015,BUF,NY,AEA,CE,Combined TRACON& Tower with Radar,135,68,34,3,240,0,3,2,1,6,135,71,36,4,246,70,20,90,336
12/04/2015,BUF,NY,AEA,CE,Combined TRACON& Tower with Radar,132,63,24,0,219,0,2,0,0,2,132,65,24,0,221,27,0,27,248
12/05/2015,BUF,NY,AEA,CE,Combined TRACON& Tower with Radar,114,43,17,0,174,0,0,5,0,5,114,43,22,0,179,68,10,78,257
12/06/2015,BUF,NY,AEA,CE,Combined TRACON& Tower with Radar,119,34,28,0,181,0,1,25,0,26,119,35,53,0,207,88,0,88,295
12/07/2015,BUF,NY,AEA,CE,Combined TRACON& Tower with Radar,130,53,25,2,210,0,1,3,0,4,130,54,28,2,214,100,0,100,314
12/08/2015,BUF,NY,AEA,CE,Combined TRACON& Tower with Radar,137,63,43,11,254,0,5,11,0,16,137,68,54,11,270,122,0,122,392
12/09/2015,BUF,NY,AEA,CE,Combined TRACON& Tower with Radar,135,58,31,2,226,0,4,18,0,22,135,62,49,2,248,0,0,0,248
12/10/2015,BUF,NY,AEA,CE,Combined TRACON& Tower with Radar,143,57,27,3,230,0,11,9,3,23,143,68,36,6,253,74,12,86,339
12/11/2015,BUF,NY,AEA,CE,Combined TRACON& Tower with Radar,137,64,25,0,226,0,2,2,0,4,137,66,27,0,230,20,0,20,250
12/12/2015,BUF,NY,AEA,CE,Combined TRACON& Tower with Radar,109,38,15,0,162,0,2,7,1,10,109,40,22,1,172,70,10,80,252
12/13/2015,BUF,NY,AEA,CE,Combined TRACON& Tower with Radar,120,46,17,1,184,0,8,1,0,9,120,54,18,1,193,86,0,86,279
12/14/2015,BUF,NY,AEA,CE,Combined TRACON& Tower with Radar,118,50,17,6,191,0,1,10,0,11,118,51,27,6,202,90,0,90,292
12/15/2015,BUF,NY,AEA,CE,Combined TRACON& Tower with Radar,138,55,14,0,207,0,8,0,0,8,138,63,14,0,215,76,1,77,292
12/16/2015,BUF,NY,AEA,CE,Combined TRACON& Tower with Radar,133,64,31,0,228,0,9,7,0,16,133,73,38,0,244,74,12,86,330
12/17/2015,BUF,NY,AEA,CE,Combined TRACON& Tower with Radar,131,59,30,0,220,0,2,1,0,3,131,61,31,0,223,74,12,86,309
12/18/2015,BUF,NY,AEA,CE,Combined TRACON& Tower with Radar,120,64,23,0,207,0,9,5,0,14,120,73,28,0,221,0,0,0,221
12/19/2015,BUF,NY,AEA,CE,Combined TRACON& Tower with Radar,107,56,10,0,173,0,2,4,0,6,107,58,14,0,179,59,0,59,238
12/20/2015,BUF,NY,AEA,CE,Combined TRACON& Tower with Radar,97,42,18,0,157,0,7,21,0,28,97,49,39,0,185,100,0,100,285
12/21/2015,BUF,NY,AEA,CE,Combined TRACON& Tower with Radar,117,54,15,0,186,0,0,0,0,0,117,54,15,0,186,74,14,88,274
12/22/2015,BUF,NY,AEA,CE,Combined TRACON& Tower with Radar,127,69,17,2,215,0,2,0,0,2,127,71,17,2,217,78,0,78,295
12/23/2015,BUF,NY,AEA,CE,Combined TRACON& Tower with Radar,116,57,14,2,189,0,4,11,0,15,116,61,25,2,204,0,0,0,204
12/24/2015,BUF,NY,AEA,CE,Combined TRACON& Tower with Radar,102,51,7,0,160,0,5,3,0,8,102,56,10,0,168,72,8,80,248
12/25/2015,BUF,NY,AEA,CE,Combined TRACON& Tower with Radar,80,39,4,0,123,0,5,0,0,5,80,44,4,0,128,95,0,95,223
12/26/2015,BUF,NY,AEA,CE,Combined TRACON& Tower with Radar,95,58,28,0,181,0,7,14,0,21,95,65,42,0,202,0,0,0,202
12/27/2015,BUF,NY,AEA,CE,Combined TRACON& Tower with Radar,110,50,18,0,178,0,0,0,0,0,110,50,18,0,178,68,12,80,258
12/28/2015,BUF,NY,AEA,CE,Combined TRACON& Tower with Radar,102,49,15,0,166,0,4,1,0,5,102,53,16,0,171,42,0,42,213
12/29/2015,BUF,NY,AEA,CE,Combined TRACON& Tower with Radar,117,65,10,0,192,0,3,0,0,3,117,68,10,0,195,57,2,59,254
12/30/2015,BUF,NY,AEA,CE,Combined TRACON& Tower with Radar,122,63,15,0,200,0,4,0,0,4,122,67,15,0,204,70,16,86,290
12/31/2015,BUF,NY,AEA,CE,Combined TRACON& Tower with Radar,107,50,3,0,160,0,4,2,0,6,107,54,5,0,166,74,8,82,248
01/01/2016,BUF,NY,AEA,CE,Combined TRACON& Tower with Radar,84,36,8,0,128,0,2,0,0,2,84,38,8,0,130,64,10,74,204
01/02/2016,BUF,NY,AEA,CE,Combined TRACON& Tower with Radar,97,56,7,0,160,0,0,1,0,1,97,56,8,0,161,57,0,57,218
01/03/2016,BUF,NY,AEA,CE,Combined TRACON& Tower with Radar,101,67,15,0,183,0,2,2,0,4,101,69,17,0,187,67,0,67,254
01/04/2016,BUF,NY,AEA,CE,Combined TRACON& Tower with Radar,115,55,7,0,177,0,1,0,0,1,115,56,7,0,178,0,0,0,178
01/05/2016,BUF,NY,AEA,CE,Combined TRACON& Tower with Radar,126,65,21,2,214,0,4,14,0,18,126,69,35,2,232,0,0,0,232
01/06/2016,BUF,NY,AEA,CE,Combined TRACON& Tower with Radar,113,64,13,3,193,0,8,20,3,31,113,72,33,6,224,0,0,0,224
01/07/2016,BUF,NY,AEA,CE,Combined TRACON& Tower with Radar,115,75,8,2,200,0,11,30,0,41,115,86,38,2,241,115,0,115,356
01/08/2016,BUF,NY,AEA,CE,Combined TRACON& Tower with Radar,116,65,16,4,201,0,2,13,0,15,116,67,29,4,216,56,0,56,272
01/09/2016,BUF,NY,AEA,CE,Combined TRACON& Tower with Radar,97,41,5,0,143,0,3,3,0,6,97,44,8,0,149,38,0,38,187
01/10/2016,BUF,NY,AEA,CE,Combined TRACON& Tower with Radar,95,49,13,0,157,0,3,0,0,3,95,52,13,0,160,9,0,9,169
01/11/2016,BUF,NY,AEA,CE,Combined TRACON& Tower with Radar,111,57,11,0,179,0,2,0,0,2,111,59,11,0,181,84,0,84,265
01/12/2016,BUF,NY,AEA,CE,Combined TRACON& Tower with Radar,101,46,15,0,162,0,2,0,0,2,101,48,15,0,164,0,0,0,164
01/13/2016,BUF,NY,AEA,CE,Combined TRACON& Tower with Radar,110,54,16,0,180,0,0,1,2,3,110,54,17,2,183,48,0,48,231
01/14/2016,BUF,NY,AEA,CE,Combined TRACON& Tower with Radar,117,65,17,4,203,0,1,1,0,2,117,66,18,4,205,96,0,96,301
01/15/2016,BUF,NY,AEA,CE,Combined TRACON& Tower with Radar,119,62,27,0,208,0,6,12,0,18,119,68,39,0,226,68,10,78,304
01/16/2016,BUF,NY,AEA,CE,Combined TRACON& Tower with Radar,100,44,8,0,152,0,3,2,0,5,100,47,10,0,157,76,0,76,233
01/17/2016,BUF,NY,AEA,CE,Combined TRACON& Tower with Radar,88,46,7,0,141,0,0,0,0,0,88,46,7,0,141,68,4,72,213
01/18/2016,BUF,NY,AEA,CE,Combined TRACON& Tower with Radar,108,56,17,2,183,0,0,5,0,5,108,56,22,2,188,0,0,0,188
01/19/2016,BUF,NY,AEA,CE,Combined TRACON& Tower with Radar,115,68,22,0,205,0,2,0,0,2,115,70,22,0,207,98,0,98,305
01/20/2016,BUF,NY,AEA,CE,Combined TRACON& Tower with Radar,110,69,16,0,195,0,2,2,0,4,110,71,18,0,199,66,12,78,277
01/21/2016,BUF,NY,AEA,CE,Combined TRACON& Tower with Radar,121,70,23,0,214,0,4,0,0,4,121,74,23,0,218,28,0,28,246
01/22/2016,BUF,NY,AEA,CE,Combined TRACON& Tower with Radar,99,63,21,0,183,0,6,19,0,25,99,69,40,0,208,68,0,68,276
01/23/2016,BUF,NY,AEA,CE,Combined TRACON& Tower with Radar,74,28,3,0,105,0,0,0,0,0,74,28,3,0,105,0,0,0,105
01/24/2016,BUF,NY,AEA,CE,Combined TRACON& Tower with Radar,65,32,13,0,110,0,2,2,0,4,65,34,15,0,114,68,8,76,190
01/25/2016,BUF,NY,AEA,CE,Combined TRACON& Tower with Radar,105,49,24,0,178,0,7,11,2,20,105,56,35,2,198,86,0,86,284
01/26/2016,BUF,NY,AEA,CE,Combined TRACON& Tower with Radar,109,47,19,0,175,0,0,0,0,0,109,47,19,0,175,98,0,98,273
01/27/2016,BUF,NY,AEA,CE,Combined TRACON& Tower with Radar,117,68,27,3,215,0,6,5,0,11,117,74,32,3,226,84,2,86,312
01/28/2016,BUF,NY,AEA,CE,Combined TRACON& Tower with Radar,119,69,15,5,208,0,5,2,1,8,119,74,17,6,216,64,20,84,300
01/29/2016,BUF,NY,AEA,CE,Combined TRACON& Tower with Radar,119,71,17,0,207,0,4,0,0,4,119,75,17,0,211,0,0,0,211
01/30/2016,BUF,NY,AEA,CE,Combined TRACON& Tower with Radar,103,49,11,0,163,0,5,16,0,21,103,54,27,0,184,70,8,78,262
01/31/2016,BUF,NY,AEA,CE,Combined TRACON& Tower with Radar,96,56,13,2,167,0,2,17,0,19,96,58,30,2,186,0,0,0,186
02/01/2016,BUF,NY,AEA,CE,Combined TRACON& Tower with Radar,111,60,16,2,189,0,4,12,0,16,111,64,28,2,205,107,0,107,312
02/02/2016,BUF,NY,AEA,CE,Combined TRACON& Tower with Radar,115,59,16,9,199,0,10,13,1,24,115,69,29,10,223,84,5,89,312
02/03/2016,BUF,NY,AEA,CE,Combined TRACON& Tower with Radar,117,64,10,8,199,0,2,0,0,2,117,66,10,8,201,76,6,82,283
02/04/2016,BUF,NY,AEA,CE,Combined TRACON& Tower with Radar,123,62,22,0,207,0,3,0,0,3,123,65,22,0,210,26,0,26,236
02/05/2016,BUF,NY,AEA,CE,Combined TRACON& Tower with Radar,101,62,16,1,180,0,5,8,1,14,101,67,24,2,194,45,0,45,239
02/06/2016,BUF,NY,AEA,CE,Combined TRACON& Tower with Radar,107,43,6,0,156,0,8,4,0,12,107,51,10,0,168,74,18,92,260
02/07/2016,BUF,NY,AEA,CE,Combined TRACON& Tower with Radar,81,41,14,0,136,0,3,12,0,15,81,44,26,0,151,72,6,78,229
02/08/2016,BUF,NY,AEA,CE,Combined TRACON& Tower with Radar,106,59,15,0,180,0,2,11,0,13,106,61,26,0,193,0,0,0,193
02/09/2016,BUF,NY,AEA,CE,Combined TRACON& Tower with Radar,115,57,16,0,188,0,3,3,0,6,115,60,19,0,194,0,0,0,194
02/10/2016,BUF,NY,AEA,CE,Combined TRACON& Tower with Radar,117,65,23,0,205,0,3,0,0,3,117,68,23,0,208,0,0,0,208
02/11/2016,BUF,NY,AEA,CE,Combined TRACON& Tower with Radar,125,68,17,10,220,0,0,3,0,3,125,68,20,10,223,0,0,0,223
02/12/2016,BUF,NY,AEA,CE,Combined TRACON& Tower with Radar,107,60,7,0,174,0,2,0,0,2,107,62,7,0,176,0,0,0,176
02/13/2016,BUF,NY,AEA,CE,Combined TRACON& Tower with Radar,105,54,9,2,170,0,3,1,0,4,105,57,10,2,174,64,10,74,248
02/14/2016,BUF,NY,AEA,CE,Combined TRACON& Tower with Radar,93,47,10,0,150,0,12,12,0,24,93,59,22,0,174,0,0,0,174
02/15/2016,BUF,NY,AEA,CE,Combined TRACON& Tower with Radar,99,47,11,0,157,0,6,0,0,6,99,53,11,0,163,86,6,92,255
02/16/2016,BUF,NY,AEA,CE,Combined TRACON& Tower with Radar,94,47,14,0,155,0,0,0,0,0,94,47,14,0,155,0,0,0,155
02/17/2016,BUF,NY,AEA,CE,Combined TRACON& Tower with Radar,127,65,21,0,213,0,0,0,0,0,127,65,21,0,213,66,24,90,303
02/18/2016,BUF,NY,AEA,CE,Combined TRACON& Tower with Radar,119,65,27,0,211,0,5,25,0,30,119,70,52,0,241,62,4,66,307
02/19/2016,BUF,NY,AEA,CE,Combined TRACON& Tower with Radar,112,71,13,2,198,0,5,7,0,12,112,76,20,2,210,64,4,68,278
02/20/2016,BUF,NY,AEA,CE,Combined TRACON& Tower with Radar,110,52,7,0,169,0,3,2,0,5,110,55,9,0,174,78,2,80,254
02/21/2016,BUF,NY,AEA,CE,Combined TRACON& Tower with Radar,98,64,12,0,174,0,3,13,0,16,98,67,25,0,190,0,0,0,190
02/22/2016,BUF,NY,AEA,CE,Combined TRACON& Tower with Radar,118,64,21,7,210,0,6,17,2,25,118,70,38,9,235,67,0,67,302
02/23/2016,BUF,NY,AEA,CE,Combined TRACON& Tower with Radar,120,67,18,4,209,0,8,20,0,28,120,75,38,4,237,0,0,0,237
02/24/2016,BUF,NY,AEA,CE,Combined TRACON& Tower with Radar,112,67,16,0,195,0,0,0,0,0,112,67,16,0,195,68,14,82,277
02/25/2016,BUF,NY,AEA,CE,Combined TRACON& Tower with Radar,125,71,24,0,220,0,0,0,0,0,125,71,24,0,220,0,0,0,220
02/26/2016,BUF,NY,AEA,CE,Combined TRACON& Tower with Radar,121,61,13,8,203,0,3,2,0,5,121,64,15,8,208,74,8,82,290
02/27/2016,BUF,NY,AEA,CE,Combined TRACON& Tower with Radar,103,47,3,0,153,0,3,1,0,4,103,50,4,0,157,0,0,0,157
02/28/2016,BUF,NY,AEA,CE,Combined TRACON& Tower with Radar,112,57,14,0,183,0,6,10,0,16,112,63,24,0,199,72,12,84,283
02/29/2016,BUF,NY,AEA,CE,Combined TRACON& Tower with Radar,121,67,10,0,198,0,0,0,2,2,121,67,10,2,200,58,0,58,258
03/01/2016,BUF,NY,AEA,CE,Combined TRACON& Tower with Radar,122,51,21,0,194,0,5,6,0,11,122,56,27,0,205,53,0,53,258
03/02/2016,BUF,NY,AEA,CE,Combined TRACON& Tower with Radar,138,62,17,0,217,0,4,2,0,6,138,66,19,0,223,68,14,82,305
03/03/2016,BUF,NY,AEA,CE,Combined TRACON& Tower with Radar,132,63,19,2,216,0,2,10,2,14,132,65,29,4,230,0,0,0,230
03/04/2016,BUF,NY,AEA,CE,Combined TRACON& Tower with Radar,127,60,23,2,212,0,12,7,0,19,127,72,30,2,231,66,12,78,309
03/05/2016,BUF,NY,AEA,CE,Combined TRACON& Tower with Radar,113,50,16,0,179,0,7,9,0,16,113,57,25,0,195,76,0,76,271
03/06/2016,BUF,NY,AEA,CE,Combined TRACON& Tower with Radar,110,52,22,0,184,0,8,26,0,34,110,60,48,0,218,103,0,103,321
03/07/2016,BUF,NY,AEA,CE,Combined TRACON& Tower with Radar,125,62,20,1,208,0,0,10,3,13,125,62,30,4,221,48,0,48,269
03/08/2016,BUF,NY,AEA,CE,Combined TRACON& Tower with Radar,131,56,25,0,212,0,7,12,2,21,131,63,37,2,233,87,0,87,320
03/09/2016,BUF,NY,AEA,CE,Combined TRACON& Tower with Radar,130,67,24,0,221,0,3,6,2,11,130,70,30,2,232,80,0,80,312
03/10/2016,BUF,NY,AEA,CE,Combined TRACON& Tower with Radar,138,59,20,0,217,0,0,0,0,0,138,59,20,0,217,72,12,84,301
03/11/2016,BUF,NY,AEA,CE,Combined TRACON& Tower with Radar,140,66,22,0,228,0,12,2,0,14,140,78,24,0,242,47,0,47,289
03/12/2016,BUF,NY,AEA,CE,Combined TRACON& Tower with Radar,125,50,7,0,182,0,5,28,0,33,125,55,35,0,215,93,0,93,308
03/13/2016,BUF,NY,AEA,CE,Combined TRACON& Tower with Radar,118,55,17,0,190,0,2,11,0,13,118,57,28,0,203,70,6,76,279
03/14/2016,BUF,NY,AEA,CE,Combined TRACON& Tower with Radar,129,48,15,0,192,0,8,2,0,10,129,56,17,0,202,56,0,56,258
03/15/2016,BUF,NY,AEA,CE,Combined TRACON& Tower with Radar,139,60,13,0,212,0,1,0,0,1,139,61,13,0,213,0,0,0,213
03/16/2016,BUF,NY,AEA,CE,Combined TRACON& Tower with Radar,148,60,20,2,230,0,4,1,0,5,148,64,21,2,235,89,0,89,324
03/17/2016,BUF,NY,AEA,CE,Combined TRACON& Tower with Radar,142,62,26,0,230,0,3,10,0,13,142,65,36,0,243,58,12,70,313
03/18/2016,BUF,NY,AEA,CE,Combined TRACON& Tower with Radar,142,64,16,0,222,0,1,7,0,8,142,65,23,0,230,0,0,0,230
03/19/2016,BUF,NY,AEA,CE,Combined TRACON& Tower with Radar,120,55,16,0,191,0,8,26,0,34,120,63,42,0,225,0,0,0,225
03/20/2016,BUF,NY,AEA,CE,Combined TRACON& Tower with Radar,114,48,19,0,181,0,0,11,0,11,114,48,30,0,192,0,0,0,192
03/21/2016,BUF,NY,AEA,CE,Combined TRACON& Tower with Radar,138,59,12,0,209,0,2,3,0,5,138,61,15,0,214,74,0,74,288
03/22/2016,BUF,NY,AEA,CE,Combined TRACON& Tower with Radar,142,59,19,3,223,0,9,10,1,20,142,68,29,4,243,0,0,0,243
03/23/2016,BUF,NY,AEA,CE,Combined TRACON& Tower with Radar,144,68,14,0,226,0,0,3,0,3,144,68,17,0,229,80,0,80,309
03/24/2016,BUF,NY,AEA,CE,Combined TRACON& Tower with Radar,142,58,12,18,230,0,4,2,2,8,142,62,14,20,238,0,0,0,238
03/25/2016,BUF,NY,AEA,CE,Combined TRACON& Tower with Radar,141,58,3,2,204,0,4,3,0,7,141,62,6,2,211,0,0,0,211
03/26/2016,BUF,NY,AEA,CE,Combined TRACON& Tower with Radar,128,39,14,0,181,0,1,20,0,21,128,40,34,0,202,0,0,0,202
03/27/2016,BUF,NY,AEA,CE,Combined TRACON& Tower with Radar,120,51,17,0,188,0,3,17,0,20,120,54,34,0,208,0,0,0,208
03/28/2016,BUF,NY,AEA,CE,Combined TRACON& Tower with Radar,131,59,10,0,200,0,0,0,0,0,131,59,10,0,200,0,0,0,200
03/29/2016,BUF,NY,AEA,CE,Combined TRACON& Tower with Radar,140,59,7,0,206,0,4,11,0,15,140,63,18,0,221,132,0,132,353
03/30/2016,BUF,NY,AEA,CE,Combined TRACON& Tower with Radar,144,64,28,0,236,0,4,24,4,32,144,68,52,4,268,142,0,142,410
03/31/2016,BUF,NY,AEA,CE,Combined TRACON& Tower with Radar,152,54,30,2,238,0,4,0,0,4,152,58,30,2,242,16,0,16,258
04/01/2016,BUF,NY,AEA,CE,Combined TRACON& Tower with Radar,134,56,15,0,205,0,2,8,2,12,134,58,23,2,217,0,0,0,217
04/02/2016,BUF,NY,AEA,CE,Combined TRACON& Tower with Radar,130,39,6,0,175,0,1,5,0,6,130,40,11,0,181,79,0,79,260
04/03/2016,BUF,NY,AEA,CE,Combined TRACON& Tower with Radar,116,50,16,0,182,0,0,5,0,5,116,50,21,0,187,36,0,36,223
04/04/2016,BUF,NY,AEA,CE,Combined TRACON& Tower with Radar,134,54,20,0,208,0,0,3,0,3,134,54,23,0,211,0,0,0,211
04/05/2016,BUF,NY,AEA,CE,Combined TRACON& Tower with Radar,142,59,31,0,232,0,4,27,0,31,142,63,58,0,263,48,0,48,311
04/06/2016,BUF,NY,AEA,CE,Combined TRACON& Tower with Radar,144,57,19,2,222,0,3,3,0,6,144,60,22,2,228,41,0,41,269
04/07/2016,BUF,NY,AEA,CE,Combined TRACON& Tower with Radar,139,70,13,0,222,0,3,0,0,3,139,73,13,0,225,46,0,46,271
04/08/2016,BUF,NY,AEA,CE,Combined TRACON& Tower with Radar,139,65,10,0,214,0,4,2,0,6,139,69,12,0,220,3,0,3,223
04/09/2016,BUF,NY,AEA,CE,Combined TRACON& Tower with Radar,131,45,9,0,185,0,2,4,0,6,131,47,13,0,191,80,0,80,271
04/10/2016,BUF,NY,AEA,CE,Combined TRACON& Tower with Radar,121,53,16,0,190,0,1,14,0,15,121,54,30,0,205,49,0,49,254
04/11/2016,BUF,NY,AEA,CE,Combined TRACON& Tower with Radar,139,72,15,0,226,0,2,0,0,2,139,74,15,0,228,76,0,76,304
04/12/2016,BUF,NY,AEA,CE,Combined TRACON& Tower with Radar,140,63,13,0,216,0,6,9,0,15,140,69,22,0,231,87,0,87,318
04/13/2016,BUF,NY,AEA,CE,Combined TRACON& Tower with Radar,136,63,15,0,214,0,8,25,2,35,136,71,40,2,249,0,0,0,249
04/14/2016,BUF,NY,AEA,CE,Combined TRACON& Tower with Radar,135,67,18,5,225,0,5,15,2,22,135,72,33,7,247,93,0,93,340
04/15/2016,BUF,NY,AEA,CE,Combined TRACON& Tower with Radar,133,61,19,0,213,0,10,21,0,31,133,71,40,0,244,86,0,86,330
04/16/2016,BUF,NY,AEA,CE,Combined TRACON& Tower with Radar,106,46,9,1,162,0,13,25,0,38,106,59,34,1,200,97,0,97,297
04/17/2016,BUF,NY,AEA,CE,Combined TRACON& Tower with Radar,115,54,21,0,190,0,10,28,0,38,115,64,49,0,228,67,0,67,295
04/18/2016,BUF,NY,AEA,CE,Combined TRACON& Tower with Radar,132,68,26,1,227,0,5,23,0,28,132,73,49,1,255,73,0,73,328
04/19/2016,BUF,NY,AEA,CE,Combined TRACON& Tower with Radar,136,76,27,2,241,0,11,16,2,29,136,87,43,4,270,73,0,73,343
04/20/2016,BUF,NY,AEA,CE,Combined TRACON& Tower with Radar,138,65,19,0,222,0,3,23,0,26,138,68,42,0,248,43,0,43,291
04/21/2016,BUF,NY,AEA,CE,Combined TRACON& Tower with Radar,126,62,17,6,211,0,9,5,0,14,126,71,22,6,225,0,0,0,225
04/22/2016,BUF,NY,AEA,CE,Combined TRACON& Tower with Radar,131,64,17,0,212,0,7,2,0,9,131,71,19,0,221,76,0,76,297
04/23/2016,BUF,NY,AEA,CE,Combined TRACON& Tower with Radar,105,42,19,0,166,0,8,26,0,34,105,50,45,0,200,117,0,117,317
04/24/2016,BUF,NY,AEA,CE,Combined TRACON& Tower with Radar,112,49,18,0,179,0,7,14,0,21,112,56,32,0,200,128,0,128,328
04/25/2016,BUF,NY,AEA,CE,Combined TRACON& Tower with Radar,127,59,28,6,220,0,6,8,2,16,127,65,36,8,236,44,0,44,280
04/26/2016,BUF,NY,AEA,CE,Combined TRACON& Tower with Radar,128,62,16,6,212,0,3,0,0,3,128,65,16,6,215,7,0,7,222
04/27/2016,BUF,NY,AEA,CE,Combined TRACON& Tower with Radar,136,79,24,0,239,0,5,21,0,26,136,84,45,0,265,96,0,96,361
04/28/2016,BUF,NY,AEA,CE,Combined TRACON& Tower with Radar,131,76,19,1,227,0,6,7,0,13,131,82,26,1,240,0,0,0,240
04/29/2016,BUF,NY,AEA,CE,Combined TRACON& Tower with Radar,128,65,11,3,207,0,8,10,0,18,128,73,21,3,225,76,0,76,301
04/30/2016,BUF,NY,AEA,CE,Combined TRACON& Tower with Radar,101,54,7,0,162,0,6,14,0,20,101,60,21,0,182,0,0,0,182
05/01/2016,BUF,NY,AEA,CE,Combined TRACON& Tower with Radar,109,64,9,0,182,0,0,0,0,0,109,64,9,0,182,80,0,80,262
05/02/2016,BUF,NY,AEA,CE,Combined TRACON& Tower with Radar,127,58,15,0,200,0,2,1,0,3,127,60,16,0,203,4,0,4,207
05/03/2016,BUF,NY,AEA,CE,Combined TRACON& Tower with Radar,129,63,31,1,224,0,8,14,3,25,129,71,45,4,249,46,0,46,295
05/04/2016,BUF,NY,AEA,CE,Combined TRACON& Tower with Radar,138,68,32,8,246,0,12,10,4,26,138,80,42,12,272,77,0,77,349
05/05/2016,BUF,NY,AEA,CE,Combined TRACON& Tower with Radar,144,63,18,5,230,0,6,2,1,9,144,69,20,6,239,100,0,100,339
05/06/2016,BUF,NY,AEA,CE,Combined TRACON& Tower with Radar,141,61,29,0,231,0,4,11,2,17,141,65,40,2,248,57,0,57,305
05/07/2016,BUF,NY,AEA,CE,Combined TRACON& Tower with Radar,117,33,14,0,164,0,10,12,0,22,117,43,26,0,186,0,0,0,186
05/08/2016,BUF,NY,AEA,CE,Combined TRACON& Tower with Radar,114,49,23,0,186,0,7,8,0,15,114,56,31,0,201,97,0,97,298
05/09/2016,BUF,NY,AEA,CE,Combined TRACON& Tower with Radar,140,53,16,1,210,0,6,13,1,20,140,59,29,2,230,56,0,56,286
05/10/2016,BUF,NY,AEA,CE,Combined TRACON& Tower with Radar,143,61,16,0,220,0,6,22,0,28,143,67,38,0,248,97,0,97,345
05/11/2016,BUF,NY,AEA,CE,Combined TRACON& Tower with Radar,143,78,32,0,253,0,3,20,2,25,143,81,52,2,278,92,0,92,370
05/12/2016,BUF,NY,AEA,CE,Combined TRACON& Tower with Radar,142,63,24,1,230,0,5,14,3,22,142,68,38,4,252,103,0,103,355
05/13/2016,BUF,NY,AEA,CE,Combined TRACON& Tower with Radar,143,67,32,0,242,0,1,4,0,5,143,68,36,0,247,84,0,84,331
05/14/2016,BUF,NY,AEA,CE,Combined TRACON& Tower with Radar,120,33,15,0,168,0,4,1,2,7,120,37,16,2,175,72,0,72,247
05/15/2016,BUF,NY,AEA,CE,Combined TRACON& Tower with Radar,122,53,4,0,179,0,2,2,0,4,122,55,6,0,183,0,0,0,183
05/16/2016,BUF,NY,AEA,CE,Combined TRACON& Tower with Radar,141,62,22,1,226,0,9,8,3,20,141,71,30,4,246,45,0,45,291
05/17/2016,BUF,NY,AEA,CE,Combined TRACON& Tower with Radar,144,69,22,0,235,0,7,16,4,27,144,76,38,4,262,0,0,0,262
05/18/2016,BUF,NY,AEA,CE,Combined TRACON& Tower with Radar,146,70,13,10,239,0,5,16,1,22,146,75,29,11,261,0,0,0,261
05/19/2016,BUF,NY,AEA,CE,Combined TRACON& Tower with Radar,143,65,26,1,235,0,11,21,3,35,143,76,47,4,270,0,0,0,270
05/20/2016,BUF,NY,AEA,CE,Combined TRACON& Tower with Radar,144,59,22,3,228,0,5,37,0,42,144,64,59,3,270,0,0,0,270
05/21/2016,BUF,NY,AEA,CE,Combined TRACON& Tower with Radar,112,45,26,1,184,0,2,23,3,28,112,47,49,4,212,0,0,0,212
05/22/2016,BUF,NY,AEA,CE,Combined TRACON& Tower with Radar,121,44,28,0,193,0,4,20,0,24,121,48,48,0,217,0,0,0,217
05/23/2016,BUF,NY,AEA,CE,Combined TRACON& Tower with Radar,139,56,18,3,216,0,14,18,0,32,139,70,36,3,248,0,0,0,248
05/24/2016,BUF,NY,AEA,CE,Combined TRACON& Tower with Radar,145,58,32,0,235,0,7,29,0,36,145,65,61,0,271,0,0,0,271
05/25/2016,BUF,NY,AEA,CE,Combined TRACON& Tower with Radar,145,60,19,0,224,0,14,14,0,28,145,74,33,0,252,35,0,35,287
05/26/2016,BUF,NY,AEA,CE,Combined TRACON& Tower with Radar,143,73,31,10,257,0,7,13,0,20,143,80,44,10,277,65,0,65,342
05/27/2016,BUF,NY,AEA,CE,Combined TRACON& Tower with Radar,145,61,18,0,224,0,2,7,0,9,145,63,25,0,233,59,0,59,292
05/28/2016,BUF,NY,AEA,CE,Combined TRACON& Tower with Radar,121,29,17,0,167,0,7,18,0,25,121,36,35,0,192,40,0,40,232
05/29/2016,BUF,NY,AEA,CE,Combined TRACON& Tower with Radar,112,38,10,0,160,0,5,11,0,16,112,43,21,0,176,48,0,48,224
05/30/2016,BUF,NY,AEA,CE,Combined TRACON& Tower with Radar,124,52,10,0,186,0,1,20,2,23,124,53,30,2,209,0,0,0,209
05/31/2016,BUF,NY,AEA,CE,Combined TRACON& Tower with Radar,133,65,17,0,215,0,14,26,2,42,133,79,43,2,257,0,0,0,257
06/01/2016,BUF,NY,AEA,CE,Combined TRACON& Tower with Radar,154,74,30,8,266,0,3,16,0,19,154,77,46,8,285,111,0,111,396
06/02/2016,BUF,NY,AEA,CE,Combined TRACON& Tower with Radar,144,71,23,8,246,0,17,1,2,20,144,88,24,10,266,46,0,46,312
06/03/2016,BUF,NY,AEA,CE,Combined TRACON& Tower with Radar,150,61,16,0,227,0,6,22,0,28,150,67,38,0,255,116,0,116,371
06/04/2016,BUF,NY,AEA,CE,Combined TRACON& Tower with Radar,117,47,6,0,170,0,18,23,0,41,117,65,29,0,211,64,0,64,275
06/05/2016,BUF,NY,AEA,CE,Combined TRACON& Tower with Radar,115,49,25,0,189,0,0,0,0,0,115,49,25,0,189,0,0,0,189
06/06/2016,BUF,NY,AEA,CE,Combined TRACON& Tower with Radar,150,67,26,0,243,0,7,1,0,8,150,74,27,0,251,28,0,28,279
06/07/2016,BUF,NY,AEA,CE,Combined TRACON& Tower with Radar,148,56,37,2,243,0,4,4,0,8,148,60,41,2,251,22,0,22,273
06/08/2016,BUF,NY,AEA,CE,Combined TRACON& Tower with Radar,144,57,39,1,241,0,9,6,5,20,144,66,45,6,261,40,0,40,301
06/09/2016,BUF,NY,AEA,CE,Combined TRACON& Tower with Radar,144,71,31,2,248,0,9,13,0,22,144,80,44,2,270,49,0,49,319
06/10/2016,BUF,NY,AEA,CE,Combined TRACON& Tower with Radar,144,77,25,2,248,0,6,20,0,26,144,83,45,2,274,46,0,46,320
06/11/2016,BUF,NY,AEA,CE,Combined TRACON& Tower with Radar,113,46,13,0,172,0,4,0,0,4,113,50,13,0,176,48,0,48,224
06/12/2016,BUF,NY,AEA,CE,Combined TRACON& Tower with Radar,123,54,19,0,196,0,6,4,0,10,123,60,23,0,206,0,0,0,206
06/13/2016,BUF,NY,AEA,CE,Combined TRACON& Tower with Radar,148,69,23,0,240,0,15,11,4,30,148,84,34,4,270,109,0,109,379
06/14/2016,BUF,NY,AEA,CE,Combined TRACON& Tower with Radar,148,75,23,7,253,0,2,23,3,28,148,77,46,10,281,63,0,63,344
06/15/2016,BUF,NY,AEA,CE,Combined TRACON& Tower with Radar,150,72,39,8,269,0,6,20,2,28,150,78,59,10,297,0,0,0,297
06/16/2016,BUF,NY,AEA,CE,Combined TRACON& Tower with Radar,140,58,31,0,229,0,18,7,0,25,140,76,38,0,254,0,0,0,254
06/17/2016,BUF,NY,AEA,CE,Combined TRACON& Tower with Radar,149,66,31,0,246,0,2,17,0,19,149,68,48,0,265,0,0,0,265
06/18/2016,BUF,NY,AEA,CE,Combined TRACON& Tower with Radar,120,46,23,0,189,0,8,36,0,44,120,54,59,0,233,117,0,117,350
06/19/2016,BUF,NY,AEA,CE,Combined TRACON& Tower with Radar,128,51,18,0,197,0,6,25,0,31,128,57,43,0,228,115,0,115,343
06/20/2016,BUF,NY,AEA,CE,Combined TRACON& Tower with Radar,142,64,20,0,226,0,12,13,0,25,142,76,33,0,251,94,0,94,345
06/21/2016,BUF,NY,AEA,CE,Combined TRACON& Tower with Radar,142,71,15,0,228,0,11,19,0,30,142,82,34,0,258,51,0,51,309
06/22/2016,BUF,NY,AEA,CE,Combined TRACON& Tower with Radar,148,78,26,2,254,0,8,22,0,30,148,86,48,2,284,54,0,54,338
06/23/2016,BUF,NY,AEA,CE,Combined TRACON& Tower with Radar,144,63,43,0,250,0,16,17,0,33,144,79,60,0,283,0,0,0,283
06/24/2016,BUF,NY,AEA,CE,Combined TRACON& Tower with Radar,154,86,27,0,267,0,5,22,0,27,154,91,49,0,294,50,0,50,344
06/25/2016,BUF,NY,AEA,CE,Combined TRACON& Tower with Radar,122,58,17,0,197,0,10,27,0,37,122,68,44,0,234,0,0,0,234
06/26/2016,BUF,NY,AEA,CE,Combined TRACON& Tower with Radar,123,56,23,2,204,0,11,14,0,25,123,67,37,2,229,118,0,118,347
06/27/2016,BUF,NY,AEA,CE,Combined TRACON& Tower with Radar,146,65,25,0,236,0,9,4,0,13,146,74,29,0,249,0,0,0,249
06/28/2016,BUF,NY,AEA,CE,Combined TRACON& Tower with Radar,146,72,38,0,256,0,7,14,0,21,146,79,52,0,277,117,0,117,394
06/29/2016,BUF,NY,AEA,CE,Combined TRACON& Tower with Radar,152,80,17,2,251,0,10,15,0,25,152,90,32,2,276,34,0,34,310
06/30/2016,BUF,NY,AEA,CE,Combined TRACON& Tower with Radar,149,74,26,2,251,0,7,22,1,30,149,81,48,3,281,87,0,87,368
07/01/2016,BUF,NY,AEA,CE,Combined TRACON& Tower with Radar,138,57,12,0,207,0,3,6,0,9,138,60,18,0,216,38,0,38,254
07/02/2016,BUF,NY,AEA,CE,Combined TRACON& Tower with Radar,120,45,17,0,182,0,11,27,0,38,120,56,44,0,220,0,0,0,220
07/03/2016,BUF,NY,AEA,CE,Combined TRACON& Tower with Radar,115,34,23,2,174,0,6,16,0,22,115,40,39,2,196,0,0,0,196
07/04/2016,BUF,NY,AEA,CE,Combined TRACON& Tower with Radar,113,50,9,0,172,0,7,18,0,25,113,57,27,0,197,0,0,0,197
07/05/2016,BUF,NY,AEA,CE,Combined TRACON& Tower with Radar,146,69,16,0,231,0,8,19,0,27,146,77,35,0,258,49,0,49,307
07/06/2016,BUF,NY,AEA,CE,Combined TRACON& Tower with Radar,153,68,17,0,238,0,6,21,0,27,153,74,38,0,265,118,0,118,383
07/07/2016,BUF,NY,AEA,CE,Combined TRACON& Tower with Radar,154,79,25,0,258,0,10,11,0,21,154,89,36,0,279,72,0,72,351
07/08/2016,BUF,NY,AEA,CE,Combined TRACON& Tower with Radar,147,65,23,0,235,0,5,5,0,10,147,70,28,0,245,0,0,0,245
07/09/2016,BUF,NY,AEA,CE,Combined TRACON& Tower with Radar,128,43,22,0,193,0,3,1,1,5,128,46,23,1,198,0,0,0,198
07/10/2016,BUF,NY,AEA,CE,Combined TRACON& Tower with Radar,130,60,34,0,224,0,1,20,0,21,130,61,54,0,245,144,0,144,389
07/11/2016,BUF,NY,AEA,CE,Combined TRACON& Tower with Radar,148,64,33,0,245,0,2,11,0,13,148,66,44,0,258,0,0,0,258
07/12/2016,BUF,NY,AEA,CE,Combined TRACON& Tower with Radar,152,62,20,0,234,0,4,23,0,27,152,66,43,0,261,104,0,104,365
07/13/2016,BUF,NY,AEA,CE,Combined TRACON& Tower with Radar,141,66,34,0,241,0,3,27,0,30,141,69,61,0,271,0,0,0,271
07/14/2016,BUF,NY,AEA,CE,Combined TRACON& Tower with Radar,154,71,21,3,249,0,6,9,1,16,154,77,30,4,265,108,0,108,373
07/15/2016,BUF,NY,AEA,CE,Combined TRACON& Tower with Radar,152,72,40,0,264,0,4,12,0,16,152,76,52,0,280,50,0,50,330
07/16/2016,BUF,NY,AEA,CE,Combined TRACON& Tower with Radar,118,48,15,0,181,0,6,12,2,20,118,54,27,2,201,126,0,126,327
07/17/2016,BUF,NY,AEA,CE,Combined TRACON& Tower with Radar,121,64,25,0,210,0,2,23,0,25,121,66,48,0,235,166,0,166,401
07/18/2016,BUF,NY,AEA,CE,Combined TRACON& Tower with Radar,146,56,41,0,243,0,3,4,0,7,146,59,45,0,250,29,0,29,279
07/19/2016,BUF,NY,AEA,CE,Combined TRACON& Tower with Radar,152,67,28,2,249,0,4,26,0,30,152,71,54,2,279,0,0,0,279
07/20/2016,BUF,NY,AEA,CE,Combined TRACON& Tower with Radar,148,74,39,2,263,0,4,35,2,41,148,78,74,4,304,114,0,114,418
07/21/2016,BUF,NY,AEA,CE,Combined TRACON& Tower with Radar,136,70,31,2,239,0,21,14,0,35,136,91,45,2,274,61,0,61,335
07/22/2016,BUF,NY,AEA,CE,Combined TRACON& Tower with Radar,140,71,40,0,251,0,13,4,0,17,140,84,44,0,268,42,0,42,310
07/23/2016,BUF,NY,AEA,CE,Combined TRACON& Tower with Radar,119,45,23,0,187,0,9,16,0,25,119,54,39,0,212,0,0,0,212
07/24/2016,BUF,NY,AEA,CE,Combined TRACON& Tower with Radar,123,61,22,2,208,0,4,21,2,27,123,65,43,4,235,0,0,0,235
07/25/2016,BUF,NY,AEA,CE,Combined TRACON& Tower with Radar,132,58,24,3,217,0,3,0,0,3,132,61,24,3,220,0,0,0,220
07/26/2016,BUF,NY,AEA,CE,Combined TRACON& Tower with Radar,160,76,37,2,275,0,9,14,7,30,160,85,51,9,305,69,0,69,374
07/27/2016,BUF,NY,AEA,CE,Combined TRACON& Tower with Radar,150,78,43,4,275,0,6,24,11,41,150,84,67,15,316,63,0,63,379
07/28/2016,BUF,NY,AEA,CE,Combined TRACON& Tower with Radar,139,75,34,2,250,0,6,24,12,42,139,81,58,14,292,55,0,55,347
07/29/2016,BUF,NY,AEA,CE,Combined TRACON& Tower with Radar,144,75,25,0,244,0,5,10,1,16,144,80,35,1,260,129,0,129,389
07/30/2016,BUF,NY,AEA,CE,Combined TRACON& Tower with Radar,112,38,16,0,166,0,8,8,2,18,112,46,24,2,184,117,0,117,301
07/31/2016,BUF,NY,AEA,CE,Combined TRACON& Tower with Radar,119,65,30,0,214,0,3,6,0,9,119,68,36,0,223,0,0,0,223
08/01/2016,BUF,NY,AEA,CE,Combined TRACON& Tower with Radar,149,65,27,1,242,0,4,6,1,11,149,69,33,2,253,44,0,44,297
08/02/2016,BUF,NY,AEA,CE,Combined TRACON& Tower with Radar,153,69,26,0,248,0,9,9,0,18,153,78,35,0,266,62,0,62,328
08/03/2016,BUF,NY,AEA,CE,Combined TRACON& Tower with Radar,155,70,29,3,257,0,4,9,1,14,155,74,38,4,271,150,0,150,421
08/04/2016,BUF,NY,AEA,CE,Combined TRACON& Tower with Radar,148,65,37,2,252,0,5,18,0,23,148,70,55,2,275,117,0,117,392
08/05/2016,BUF,NY,AEA,CE,Combined TRACON& Tower with Radar,147,66,31,0,244,0,2,17,0,19,147,68,48,0,263,0,0,0,263
08/06/2016,BUF,NY,AEA,CE,Combined TRACON& Tower with Radar,115,48,13,2,178,0,5,23,0,28,115,53,36,2,206,0,0,0,206
08/07/2016,BUF,NY,AEA,CE,Combined TRACON& Tower with Radar,125,62,40,0,227,0,1,34,2,37,125,63,74,2,264,109,0,109,373
08/08/2016,BUF,NY,AEA,CE,Combined TRACON& Tower with Radar,137,62,26,0,225,0,9,24,2,35,137,71,50,2,260,0,0,0,260
08/09/2016,BUF,NY,AEA,CE,Combined TRACON& Tower with Radar,138,69,41,8,256,0,7,13,0,20,138,76,54,8,276,80,0,80,356
08/10/2016,BUF,NY,AEA,CE,Combined TRACON& Tower with Radar,147,62,26,0,235,0,12,17,0,29,147,74,43,0,264,0,0,0,264
08/11/2016,BUF,NY,AEA,CE,Combined TRACON& Tower with Radar,141,53,27,0,221,0,2,19,0,21,141,55,46,0,242,0,0,0,242
08/12/2016,BUF,NY,AEA,CE,Combined TRACON& Tower with Radar,141,67,23,0,231,0,2,6,0,8,141,69,29,0,239,43,0,43,282
08/13/2016,BUF,NY,AEA,CE,Combined TRACON& Tower with Radar,128,51,14,0,193,0,2,2,0,4,128,53,16,0,197,0,0,0,197
08/14/2016,BUF,NY,AEA,CE,Combined TRACON& Tower with Radar,115,61,17,0,193,0,9,8,0,17,115,70,25,0,210,86,0,86,296
08/15/2016,BUF,NY,AEA,CE,Combined TRACON& Tower with Radar,137,67,16,1,221,0,8,7,3,18,137,75,23,4,239,74,0,74,313
08/16/2016,BUF,NY,AEA,CE,Combined TRACON& Tower with Radar,140,77,14,0,231,0,5,0,0,5,140,82,14,0,236,84,0,84,320
08/17/2016,BUF,NY,AEA,CE,Combined TRACON& Tower with Radar,140,71,24,0,235,0,10,22,0,32,140,81,46,0,267,103,0,103,370
08/18/2016,BUF,NY,AEA,CE,Combined TRACON& Tower with Radar,145,73,24,0,242,0,2,16,0,18,145,75,40,0,260,0,0,0,260
08/19/2016,BUF,NY,AEA,CE,Combined TRACON& Tower with Radar,148,74,14,2,238,0,5,17,1,23,148,79,31,3,261,0,0,0,261
08/20/2016,BUF,NY,AEA,CE,Combined TRACON& Tower with Radar,125,46,12,0,183,0,15,9,0,24,125,61,21,0,207,166,0,166,373
08/21/2016,BUF,NY,AEA,CE,Combined TRACON& Tower with Radar,121,55,16,0,192,0,2,3,2,7,121,57,19,2,199,0,0,0,199
08/22/2016,BUF,NY,AEA,CE,Combined TRACON& Tower with Radar,138,75,26,0,239,0,3,18,2,23,138,78,44,2,262,0,0,0,262
08/23/2016,BUF,NY,AEA,CE,Combined TRACON& Tower with Radar,141,77,20,2,240,0,2,16,0,18,141,79,36,2,258,0,0,0,258
08/24/2016,BUF,NY,AEA,CE,Combined TRACON& Tower with Radar,141,72,32,2,247,0,10,15,0,25,141,82,47,2,272,104,0,104,376
08/25/2016,BUF,NY,AEA,CE,Combined TRACON& Tower with Radar,144,76,17,3,240,0,17,4,0,21,144,93,21,3,261,82,0,82,343
08/26/2016,BUF,NY,AEA,CE,Combined TRACON& Tower with Radar,141,65,27,4,237,0,5,11,0,16,141,70,38,4,253,98,0,98,351
08/27/2016,BUF,NY,AEA,CE,Combined TRACON& Tower with Radar,116,52,19,4,191,0,9,22,0,31,116,61,41,4,222,18,0,18,240
08/28/2016,BUF,NY,AEA,CE,Combined TRACON& Tower with Radar,116,55,20,1,192,0,6,8,0,14,116,61,28,1,206,100,0,100,306
08/29/2016,BUF,NY,AEA,CE,Combined TRACON& Tower with Radar,130,62,32,0,224,0,5,20,2,27,130,67,52,2,251,74,0,74,325
08/30/2016,BUF,NY,AEA,CE,Combined TRACON& Tower with Radar,142,67,18,6,233,0,10,10,2,22,142,77,28,8,255,63,0,63,318
08/31/2016,BUF,NY,AEA,CE,Combined TRACON& Tower with Radar,138,70,22,2,232,0,3,11,2,16,138,73,33,4,248,0,0,0,248
09/01/2016,BUF,NY,AEA,CE,Combined TRACON& Tower with Radar,139,79,26,8,252,0,6,18,0,24,139,85,44,8,276,59,0,59,335
09/02/2016,BUF,NY,AEA,CE,Combined TRACON& Tower with Radar,143,76,29,2,250,0,4,46,0,50,143,80,75,2,300,0,0,0,300
09/03/2016,BUF,NY,AEA,CE,Combined TRACON& Tower with Radar,114,36,12,1,163,0,0,37,0,37,114,36,49,1,200,0,0,0,200
09/04/2016,BUF,NY,AEA,CE,Combined TRACON& Tower with Radar,99,47,20,0,166,0,6,20,0,26,99,53,40,0,192,80,0,80,272
09/05/2016,BUF,NY,AEA,CE,Combined TRACON& Tower with Radar,117,53,19,0,189,0,2,17,0,19,117,55,36,0,208,0,0,0,208
09/06/2016,BUF,NY,AEA,CE,Combined TRACON& Tower with Radar,124,73,26,0,223,0,4,19,0,23,124,77,45,0,246,0,0,0,246
09/07/2016,BUF,NY,AEA,CE,Combined TRACON& Tower with Radar,134,75,31,6,246,0,13,12,0,25,134,88,43,6,271,49,0,49,320
09/08/2016,BUF,NY,AEA,CE,Combined TRACON& Tower with Radar,133,63,19,3,218,0,0,3,0,3,133,63,22,3,221,0,0,0,221
09/09/2016,BUF,NY,AEA,CE,Combined TRACON& Tower with Radar,129,75,22,3,229,0,7,15,1,23,129,82,37,4,252,0,0,0,252
09/10/2016,BUF,NY,AEA,CE,Combined TRACON& Tower with Radar,113,46,11,0,170,0,5,0,0,5,113,51,11,0,175,0,0,0,175
09/11/2016,BUF,NY,AEA,CE,Combined TRACON& Tower with Radar,117,63,29,0,209,0,5,14,4,23,117,68,43,4,232,0,0,0,232
09/12/2016,BUF,NY,AEA,CE,Combined TRACON& Tower with Radar,143,66,23,1,233,0,7,11,1,19,143,73,34,2,252,0,0,0,252
09/13/2016,BUF,NY,AEA,CE,Combined TRACON& Tower with Radar,142,80,14,0,236,0,6,19,0,25,142,86,33,0,261,83,0,83,344
09/14/2016,BUF,NY,AEA,CE,Combined TRACON& Tower with Radar,144,84,23,0,251,0,8,7,4,19,144,92,30,4,270,42,0,42,312
09/15/2016,BUF,NY,AEA,CE,Combined TRACON& Tower with Radar,151,78,29,0,258,0,6,13,0,19,151,84,42,0,277,100,0,100,377
09/16/2016,BUF,NY,AEA,CE,Combined TRACON& Tower with Radar,145,78,43,0,266,0,2,24,0,26,145,80,67,0,292,53,0,53,345
09/17/2016,BUF,NY,AEA,CE,Combined TRACON& Tower with Radar,112,44,10,0,166,0,10,3,0,13,112,54,13,0,179,0,0,0,179
09/18/2016,BUF,NY,AEA,CE,Combined TRACON& Tower with Radar,118,59,20,0,197,0,4,4,0,8,118,63,24,0,205,0,0,0,205
09/19/2016,BUF,NY,AEA,CE,Combined TRACON& Tower with Radar,146,58,22,2,228,0,13,4,0,17,146,71,26,2,245,0,0,0,245
09/20/2016,BUF,NY,AEA,CE,Combined TRACON& Tower with Radar,151,68,22,2,243,0,14,36,0,50,151,82,58,2,293,102,0,102,395
09/21/2016,BUF,NY,AEA,CE,Combined TRACON& Tower with Radar,151,72,32,0,255,0,9,25,4,38,151,81,57,4,293,0,0,0,293
09/22/2016,BUF,NY,AEA,CE,Combined TRACON& Tower with Radar,149,64,22,0,235,0,10,18,0,28,149,74,40,0,263,0,0,0,263
09/23/2016,BUF,NY,AEA,CE,Combined TRACON& Tower with Radar,147,66,36,0,249,0,2,5,0,7,147,68,41,0,256,0,0,0,256
09/24/2016,BUF,NY,AEA,CE,Combined TRACON& Tower with Radar,113,47,16,1,177,0,9,16,1,26,113,56,32,2,203,55,0,55,258
09/25/2016,BUF,NY,AEA,CE,Combined TRACON& Tower with Radar,119,75,18,0,212,0,5,23,0,28,119,80,41,0,240,0,0,0,240
09/26/2016,BUF,NY,AEA,CE,Combined TRACON& Tower with Radar,143,67,15,2,227,0,4,6,0,10,143,71,21,2,237,0,0,0,237
09/27/2016,BUF,NY,AEA,CE,Combined TRACON& Tower with Radar,148,72,20,0,240,0,4,5,0,9,148,76,25,0,249,0,0,0,249
09/28/2016,BUF,NY,AEA,CE,Combined TRACON& Tower with Radar,145,75,17,1,238,0,11,15,2,28,145,86,32,3,266,0,0,0,266
09/29/2016,BUF,NY,AEA,CE,Combined TRACON& Tower with Radar,144,64,18,0,226,0,3,0,0,3,144,67,18,0,229,0,0,0,229
09/30/2016,BUF,NY,AEA,CE,Combined TRACON& Tower with Radar,141,63,17,1,222,0,4,8,2,14,141,67,25,3,236,84,0,84,320
10/01/2016,BUF,NY,AEA,CE,Combined TRACON& Tower with Radar,122,54,26,0,202,0,6,0,0,6,122,60,26,0,208,0,0,0,208
10/02/2016,BUF,NY,AEA,CE,Combined TRACON& Tower with Radar,119,58,14,0,191,0,0,3,0,3,119,58,17,0,194,0,0,0,194
10/03/2016,BUF,NY,AEA,CE,Combined TRACON& Tower with Radar,138,59,22,0,219,0,3,6,0,9,138,62,28,0,228,0,0,0,228
10/04/2016,BUF,NY,AEA,CE,Combined TRACON& Tower with Radar,138,69,15,4,226,0,6,14,0,20,138,75,29,4,246,0,0,0,246
10/05/2016,BUF,NY,AEA,CE,Combined TRACON& Tower with Radar,143,69,33,0,245,0,3,20,0,23,143,72,53,0,268,0,0,0,268
10/06/2016,BUF,NY,AEA,CE,Combined TRACON& Tower with Radar,142,77,21,6,246,0,7,20,0,27,142,84,41,6,273,91,0,91,364
10/07/2016,BUF,NY,AEA,CE,Combined TRACON& Tower with Radar,142,64,31,0,237,0,0,18,0,18,142,64,49,0,255,98,0,98,353
10/08/2016,BUF,NY,AEA,CE,Combined TRACON& Tower with Radar,116,45,17,0,178,0,10,3,0,13,116,55,20,0,191,0,0,0,191
10/09/2016,BUF,NY,AEA,CE,Combined TRACON& Tower with Radar,107,59,23,0,189,0,3,15,0,18,107,62,38,0,207,81,0,81,288
10/10/2016,BUF,NY,AEA,CE,Combined TRACON& Tower with Radar,147,61,28,0,236,0,6,17,0,23,147,67,45,0,259,0,0,0,259
10/11/2016,BUF,NY,AEA,CE,Combined TRACON& Tower with Radar,149,58,18,2,227,0,14,19,0,33,149,72,37,2,260,0,0,0,260
10/12/2016,BUF,NY,AEA,CE,Combined TRACON& Tower with Radar,147,57,33,4,241,0,14,21,0,35,147,71,54,4,276,82,0,82,358
10/13/2016,BUF,NY,AEA,CE,Combined TRACON& Tower with Radar,147,56,34,0,237,0,12,0,1,13,147,68,34,1,250,94,0,94,344
10/14/2016,BUF,NY,AEA,CE,Combined TRACON& Tower with Radar,152,58,26,0,236,0,19,33,0,52,152,77,59,0,288,86,0,86,374
10/15/2016,BUF,NY,AEA,CE,Combined TRACON& Tower with Radar,116,37,17,0,170,0,9,21,0,30,116,46,38,0,200,0,0,0,200
10/16/2016,BUF,NY,AEA,CE,Combined TRACON& Tower with Radar,117,56,20,0,193,0,5,8,0,13,117,61,28,0,206,0,0,0,206
10/17/2016,BUF,NY,AEA,CE,Combined TRACON& Tower with Radar,146,52,20,4,222,0,6,6,0,12,146,58,26,4,234,85,0,85,319
10/18/2016,BUF,NY,AEA,CE,Combined TRACON& Tower with Radar,148,66,19,2,235,0,7,6,0,13,148,73,25,2,248,29,0,29,277
10/19/2016,BUF,NY,AEA,CE,Combined TRACON& Tower with Radar,150,57,25,0,232,0,0,34,2,36,150,57,59,2,268,0,0,0,268
10/20/2016,BUF,NY,AEA,CE,Combined TRACON& Tower with Radar,146,58,19,0,223,0,0,0,0,0,146,58,19,0,223,0,0,0,223
10/21/2016,BUF,NY,AEA,CE,Combined TRACON& Tower with Radar,151,50,26,0,227,0,0,0,0,0,151,50,26,0,227,0,0,0,227
10/22/2016,BUF,NY,AEA,CE,Combined TRACON& Tower with Radar,121,39,8,1,169,0,6,4,1,11,121,45,12,2,180,0,0,0,180
10/23/2016,BUF,NY,AEA,CE,Combined TRACON& Tower with Radar,116,58,22,0,196,0,8,13,1,22,116,66,35,1,218,0,0,0,218
10/24/2016,BUF,NY,AEA,CE,Combined TRACON& Tower with Radar,150,48,28,0,226,0,6,6,0,12,150,54,34,0,238,82,0,82,320
10/25/2016,BUF,NY,AEA,CE,Combined TRACON& Tower with Radar,147,58,21,4,230,0,2,14,0,16,147,60,35,4,246,47,0,47,293
10/26/2016,BUF,NY,AEA,CE,Combined TRACON& Tower with Radar,153,60,35,0,248,0,10,17,2,29,153,70,52,2,277,0,0,0,277
10/27/2016,BUF,NY,AEA,CE,Combined TRACON& Tower with Radar,146,62,19,0,227,0,0,0,0,0,146,62,19,0,227,0,0,0,227
10/28/2016,BUF,NY,AEA,CE,Combined TRACON& Tower with Radar,146,62,32,0,240,0,3,12,0,15,146,65,44,0,255,0,0,0,255
10/29/2016,BUF,NY,AEA,CE,Combined TRACON& Tower with Radar,129,41,11,2,183,0,2,0,0,2,129,43,11,2,185,10,0,10,195
10/30/2016,BUF,NY,AEA,CE,Combined TRACON& Tower with Radar,100,66,43,0,209,0,3,0,0,3,100,69,43,0,212,51,0,51,263
10/31/2016,BUF,NY,AEA,CE,Combined TRACON& Tower with Radar,119,49,19,2,189,0,8,13,2,23,119,57,32,4,212,0,0,0,212
11/01/2016,BUF,NY,AEA,CE,Combined TRACON& Tower with Radar,135,64,20,0,219,0,0,18,2,20,135,64,38,2,239,0,0,0,239
11/02/2016,BUF,NY,AEA,CE,Combined TRACON& Tower with Radar,136,60,19,8,223,0,0,11,0,11,136,60,30,8,234,49,0,49,283
11/03/2016,BUF,NY,AEA,CE,Combined TRACON& Tower with Radar,131,62,25,0,218,0,2,1,0,3,131,64,26,0,221,0,0,0,221
11/04/2016,BUF,NY,AEA,CE,Combined TRACON& Tower with Radar,139,51,18,0,208,0,7,10,0,17,139,58,28,0,225,0,0,0,225
11/05/2016,BUF,NY,AEA,CE,Combined TRACON& Tower with Radar,111,32,18,0,161,0,1,12,2,15,111,33,30,2,176,0,0,0,176
11/06/2016,BUF,NY,AEA,CE,Combined TRACON& Tower with Radar,113,57,21,0,191,0,3,22,0,25,113,60,43,0,216,0,0,0,216
11/07/2016,BUF,NY,AEA,CE,Combined TRACON& Tower with Radar,127,57,18,2,204,0,5,9,0,14,127,62,27,2,218,0,0,0,218
11/08/2016,BUF,NY,AEA,CE,Combined TRACON& Tower with Radar,124,46,37,0,207,0,2,10,0,12,124,48,47,0,219,62,0,62,281
11/09/2016,BUF,NY,AEA,CE,Combined TRACON& Tower with Radar,131,63,31,0,225,0,4,3,1,8,131,67,34,1,233,34,0,34,267
11/10/2016,BUF,NY,AEA,CE,Combined TRACON& Tower with Radar,137,65,29,8,239,0,0,12,5,17,137,65,41,13,256,53,0,53,309
11/11/2016,BUF,NY,AEA,CE,Combined TRACON& Tower with Radar,135,66,25,0,226,0,8,2,0,10,135,74,27,0,236,26,0,26,262
11/12/2016,BUF,NY,AEA,CE,Combined TRACON& Tower with Radar,111,28,26,0,165,0,10,10,0,20,111,38,36,0,185,41,0,41,226
11/13/2016,BUF,NY,AEA,CE,Combined TRACON& Tower with Radar,122,46,16,2,186,0,2,11,0,13,122,48,27,2,199,28,0,28,227
11/14/2016,BUF,NY,AEA,CE,Combined TRACON& Tower with Radar,137,48,20,7,212,0,8,16,0,24,137,56,36,7,236,50,0,50,286
11/15/2016,BUF,NY,AEA,CE,Combined TRACON& Tower with Radar,131,61,25,2,219,0,4,15,0,19,131,65,40,2,238,46,0,46,284
11/16/2016,BUF,NY,AEA,CE,Combined TRACON& Tower with Radar,134,70,33,2,239,0,5,10,0,15,134,75,43,2,254,48,0,48,302
11/17/2016,BUF,NY,AEA,CE,Combined TRACON& Tower with Radar,135,70,14,8,227,0,2,21,0,23,135,72,35,8,250,46,0,46,296
11/18/2016,BUF,NY,AEA,CE,Combined TRACON& Tower with Radar,135,69,18,0,222,0,3,19,0,22,135,72,37,0,244,0,0,0,244
11/19/2016,BUF,NY,AEA,CE,Combined TRACON& Tower with Radar,113,40,15,0,168,0,1,0,0,1,113,41,15,0,169,0,0,0,169
11/20/2016,BUF,NY,AEA,CE,Combined TRACON& Tower with Radar,112,53,10,0,175,0,0,0,0,0,112,53,10,0,175,0,0,0,175
11/21/2016,BUF,NY,AEA,CE,Combined TRACON& Tower with Radar,129,57,20,0,206,0,0,0,0,0,129,57,20,0,206,35,0,35,241
11/22/2016,BUF,NY,AEA,CE,Combined TRACON& Tower with Radar,134,59,34,0,227,0,10,8,0,18,134,69,42,0,245,38,0,38,283
11/23/2016,BUF,NY,AEA,CE,Combined TRACON& Tower with Radar,144,73,21,0,238,0,3,21,0,24,144,76,42,0,262,0,0,0,262
11/24/2016,BUF,NY,AEA,CE,Combined TRACON& Tower with Radar,84,20,2,0,106,0,1,0,0,1,84,21,2,0,107,0,0,0,107
11/25/2016,BUF,NY,AEA,CE,Combined TRACON& Tower with Radar,95,23,6,0,124,0,2,1,0,3,95,25,7,0,127,20,0,20,147
11/26/2016,BUF,NY,AEA,CE,Combined TRACON& Tower with Radar,126,43,16,0,185,0,0,0,0,0,126,43,16,0,185,20,0,20,205
11/27/2016,BUF,NY,AEA,CE,Combined TRACON& Tower with Radar,129,56,32,2,219,0,0,7,0,7,129,56,39,2,226,36,0,36,262
11/28/2016,BUF,NY,AEA,CE,Combined TRACON& Tower with Radar,140,58,21,2,221,0,4,14,0,18,140,62,35,2,239,0,0,0,239
11/29/2016,BUF,NY,AEA,CE,Combined TRACON& Tower with Radar,140,62,23,0,225,0,0,8,2,10,140,62,31,2,235,0,0,0,235
11/30/2016,BUF,NY,AEA,CE,Combined TRACON& Tower with Radar,138,59,46,0,243,0,6,7,0,13,138,65,53,0,256,44,0,44,300
12/01/2016,BUF,NY,AEA,CE,Combined TRACON& Tower with Radar,140,54,18,4,216,0,0,0,0,0,140,54,18,4,216,0,0,0,216
12/02/2016,BUF,NY,AEA,CE,Combined TRACON& Tower with Radar,132,56,17,0,205,0,2,0,3,5,132,58,17,3,210,32,0,32,242
12/03/2016,BUF,NY,AEA,CE,Combined TRACON& Tower with Radar,109,23,16,11,159,0,4,8,0,12,109,27,24,11,171,65,0,65,236
12/04/2016,BUF,NY,AEA,CE,Combined TRACON& Tower with Radar,108,40,13,2,163,0,0,8,0,8,108,40,21,2,171,0,0,0,171
12/05/2016,BUF,NY,AEA,CE,Combined TRACON& Tower with Radar,126,63,19,0,208,0,1,2,2,5,126,64,21,2,213,20,0,20,233
12/06/2016,BUF,NY,AEA,CE,Combined TRACON& Tower with Radar,132,68,29,0,229,0,0,3,0,3,132,68,32,0,232,0,0,0,232
12/07/2016,BUF,NY,AEA,CE,Combined TRACON& Tower with Radar,131,65,26,0,222,0,2,2,0,4,131,67,28,0,226,32,0,32,258
12/08/2016,BUF,NY,AEA,CE,Combined TRACON& Tower with Radar,136,56,18,0,210,0,0,5,1,6,136,56,23,1,216,32,0,32,248
12/09/2016,BUF,NY,AEA,CE,Combined TRACON& Tower with Radar,131,51,16,0,198,0,0,6,0,6,131,51,22,0,204,32,0,32,236
12/10/2016,BUF,NY,AEA,CE,Combined TRACON& Tower with Radar,101,29,3,0,133,0,5,0,0,5,101,34,3,0,138,0,0,0,138
12/11/2016,BUF,NY,AEA,CE,Combined TRACON& Tower with Radar,97,40,14,0,151,0,0,0,0,0,97,40,14,0,151,0,0,0,151
12/12/2016,BUF,NY,AEA,CE,Combined TRACON& Tower with Radar,131,48,11,0,190,0,0,1,0,1,131,48,12,0,191,0,0,0,191
12/13/2016,BUF,NY,AEA,CE,Combined TRACON& Tower with Radar,135,64,39,0,238,0,6,3,0,9,135,70,42,0,247,0,0,0,247
12/14/2016,BUF,NY,AEA,CE,Combined TRACON& Tower with Radar,89,37,14,0,140,0,0,0,0,0,89,37,14,0,140,0,0,0,140
12/15/2016,BUF,NY,AEA,CE,Combined TRACON& Tower with Radar,134,48,19,0,201,0,4,0,0,4,134,52,19,0,205,32,0,32,237
12/16/2016,BUF,NY,AEA,CE,Combined TRACON& Tower with Radar,132,70,17,0,219,0,2,2,0,4,132,72,19,0,223,0,0,0,223
12/17/2016,BUF,NY,AEA,CE,Combined TRACON& Tower with Radar,106,38,12,0,156,0,0,0,0,0,106,38,12,0,156,59,0,59,215
12/18/2016,BUF,NY,AEA,CE,Combined TRACON& Tower with Radar,115,46,10,0,171,0,2,0,0,2,115,48,10,0,173,28,0,28,201
12/19/2016,BUF,NY,AEA,CE,Combined TRACON& Tower with Radar,135,53,6,0,194,0,2,1,0,3,135,55,7,0,197,10,0,10,207
12/20/2016,BUF,NY,AEA,CE,Combined TRACON& Tower with Radar,141,59,21,2,223,0,2,5,0,7,141,61,26,2,230,36,0,36,266
12/21/2016,BUF,NY,AEA,CE,Combined TRACON& Tower with Radar,133,61,26,0,220,0,7,6,2,15,133,68,32,2,235,40,0,40,275
12/22/2016,BUF,NY,AEA,CE,Combined TRACON& Tower with Radar,138,54,22,0,214,0,4,0,0,4,138,58,22,0,218,34,0,34,252
12/23/2016,BUF,NY,AEA,CE,Combined TRACON& Tower with Radar,139,57,11,0,207,0,7,6,0,13,139,64,17,0,220,0,0,0,220
12/24/2016,BUF,NY,AEA,CE,Combined TRACON& Tower with Radar,101,52,12,0,165,0,0,0,0,0,101,52,12,0,165,0,0,0,165
12/25/2016,BUF,NY,AEA,CE,Combined TRACON& Tower with Radar,83,34,6,0,123,0,0,0,0,0,83,34,6,0,123,0,0,0,123
12/26/2016,BUF,NY,AEA,CE,Combined TRACON& Tower with Radar,112,57,22,0,191,0,0,2,0,2,112,57,24,0,193,0,0,0,193
12/27/2016,BUF,NY,AEA,CE,Combined TRACON& Tower with Radar,133,54,11,0,198,0,8,6,2,16,133,62,17,2,214,38,0,38,252
12/28/2016,BUF,NY,AEA,CE,Combined TRACON& Tower with Radar,138,62,24,0,224,0,4,9,2,15,138,66,33,2,239,30,0,30,269
12/29/2016,BUF,NY,AEA,CE,Combined TRACON& Tower with Radar,130,49,10,0,189,0,1,0,0,1,130,50,10,0,190,0,0,0,190
12/30/2016,BUF,NY,AEA,CE,Combined TRACON& Tower with Radar,130,56,5,0,191,0,2,0,0,2,130,58,5,0,193,72,0,72,265
12/31/2016,BUF,NY,AEA,CE,Combined TRACON& Tower with Radar,93,39,3,0,135,0,3,2,0,5,93,42,5,0,140,0,0,0,140
01/01/2017,BUF,NY,AEA,CE,Combined TRACON& Tower with Radar,102,34,10,0,146,0,11,7,0,18,102,45,17,0,164,20,0,20,184
01/02/2017,BUF,NY,AEA,CE,Combined TRACON& Tower with Radar,111,48,17,0,176,0,3,3,0,6,111,51,20,0,182,0,0,0,182
01/03/2017,BUF,NY,AEA,CE,Combined TRACON& Tower with Radar,120,46,10,0,176,0,2,0,0,2,120,48,10,0,178,0,0,0,178
01/04/2017,BUF,NY,AEA,CE,Combined TRACON& Tower with Radar,125,43,14,0,182,0,0,0,0,0,125,43,14,0,182,0,0,0,182
01/05/2017,BUF,NY,AEA,CE,Combined TRACON& Tower with Radar,117,37,14,0,168,0,0,1,0,1,117,37,15,0,169,0,0,0,169
01/06/2017,BUF,NY,AEA,CE,Combined TRACON& Tower with Radar,119,51,15,0,185,0,1,4,0,5,119,52,19,0,190,0,0,0,190
01/07/2017,BUF,NY,AEA,CE,Combined TRACON& Tower with Radar,87,31,6,0,124,0,3,12,0,15,87,34,18,0,139,0,0,0,139
01/08/2017,BUF,NY,AEA,CE,Combined TRACON& Tower with Radar,105,35,13,0,153,0,3,0,0,3,105,38,13,0,156,0,0,0,156
01/09/2017,BUF,NY,AEA,CE,Combined TRACON& Tower with Radar,119,51,20,0,190,0,4,7,0,11,119,55,27,0,201,32,0,32,233
01/10/2017,BUF,NY,AEA,CE,Combined TRACON& Tower with Radar,125,61,9,0,195,0,2,0,0,2,125,63,9,0,197,0,0,0,197
01/11/2017,BUF,NY,AEA,CE,Combined TRACON& Tower with Radar,129,57,24,0,210,0,14,13,0,27,129,71,37,0,237,40,0,40,277
01/12/2017,BUF,NY,AEA,CE,Combined TRACON& Tower with Radar,124,56,12,0,192,0,0,0,0,0,124,56,12,0,192,0,0,0,192
01/13/2017,BUF,NY,AEA,CE,Combined TRACON& Tower with Radar,118,61,31,0,210,0,5,16,0,21,118,66,47,0,231,0,0,0,231
01/14/2017,BUF,NY,AEA,CE,Combined TRACON& Tower with Radar,95,35,12,0,142,0,2,15,0,17,95,37,27,0,159,20,0,20,179
01/15/2017,BUF,NY,AEA,CE,Combined TRACON& Tower with Radar,94,45,16,0,155,0,6,10,0,16,94,51,26,0,171,0,0,0,171
01/16/2017,BUF,NY,AEA,CE,Combined TRACON& Tower with Radar,119,61,25,0,205,0,6,13,0,19,119,67,38,0,224,34,0,34,258
01/17/2017,BUF,NY,AEA,CE,Combined TRACON& Tower with Radar,120,54,9,2,185,0,0,0,0,0,120,54,9,2,185,30,0,30,215
01/18/2017,BUF,NY,AEA,CE,Combined TRACON& Tower with Radar,126,50,21,0,197,0,0,0,0,0,126,50,21,0,197,24,0,24,221
01/19/2017,BUF,NY,AEA,CE,Combined TRACON& Tower with Radar,131,55,24,2,212,0,0,0,0,0,131,55,24,2,212,0,0,0,212
01/20/2017,BUF,NY,AEA,CE,Combined TRACON& Tower with Radar,128,57,13,2,200,0,0,0,0,0,128,57,13,2,200,1,0,1,201
01/21/2017,BUF,NY,AEA,CE,Combined TRACON& Tower with Radar,105,41,9,0,155,0,1,4,0,5,105,42,13,0,160,28,0,28,188
01/22/2017,BUF,NY,AEA,CE,Combined TRACON& Tower with Radar,105,54,11,11,181,0,0,0,0,0,105,54,11,11,181,0,0,0,181
01/23/2017,BUF,NY,AEA,CE,Combined TRACON& Tower with Radar,124,37,13,0,174,0,2,4,3,9,124,39,17,3,183,26,0,26,209
01/24/2017,BUF,NY,AEA,CE,Combined TRACON& Tower with Radar,123,55,15,2,195,0,0,0,0,0,123,55,15,2,195,0,0,0,195
01/25/2017,BUF,NY,AEA,CE,Combined TRACON& Tower with Radar,128,55,20,0,203,0,0,0,0,0,128,55,20,0,203,32,0,32,235
01/26/2017,BUF,NY,AEA,CE,Combined TRACON& Tower with Radar,131,53,9,0,193,0,3,0,0,3,131,56,9,0,196,0,0,0,196
01/27/2017,BUF,NY,AEA,CE,Combined TRACON& Tower with Radar,130,46,8,0,184,0,0,0,0,0,130,46,8,0,184,0,0,0,184
01/28/2017,BUF,NY,AEA,CE,Combined TRACON& Tower with Radar,100,29,2,0,131,0,0,0,0,0,100,29,2,0,131,28,0,28,159
01/29/2017,BUF,NY,AEA,CE,Combined TRACON& Tower with Radar,100,36,8,0,144,0,0,14,0,14,100,36,22,0,158,0,0,0,158
01/30/2017,BUF,NY,AEA,CE,Combined TRACON& Tower with Radar,128,47,12,0,187,0,0,0,0,0,128,47,12,0,187,28,0,28,215
01/31/2017,BUF,NY,AEA,CE,Combined TRACON& Tower with Radar,119,51,16,0,186,0,4,0,0,4,119,55,16,0,190,0,0,0,190
02/01/2017,BUF,NY,AEA,CE,Combined TRACON& Tower with Radar,135,54,18,0,207,0,5,6,2,13,135,59,24,2,220,37,0,37,257
02/02/2017,BUF,NY,AEA,CE,Combined TRACON& Tower with Radar,129,56,26,2,213,0,6,4,0,10,129,62,30,2,223,0,0,0,223
02/03/2017,BUF,NY,AEA,CE,Combined TRACON& Tower with Radar,126,50,7,0,183,0,1,5,0,6,126,51,12,0,189,20,0,20,209
02/04/2017,BUF,NY,AEA,CE,Combined TRACON& Tower with Radar,102,33,3,0,138,0,4,8,0,12,102,37,11,0,150,28,0,28,178
02/05/2017,BUF,NY,AEA,CE,Combined TRACON& Tower with Radar,91,36,1,0,128,0,1,3,0,4,91,37,4,0,132,26,0,26,158
02/06/2017,BUF,NY,AEA,CE,Combined TRACON& Tower with Radar,119,47,16,3,185,0,11,6,0,17,119,58,22,3,202,52,0,52,254
02/07/2017,BUF,NY,AEA,CE,Combined TRACON& Tower with Radar,130,55,7,1,193,0,0,0,0,0,130,55,7,1,193,84,0,84,277
02/08/2017,BUF,NY,AEA,CE,Combined TRACON& Tower with Radar,130,60,8,0,198,0,5,7,2,14,130,65,15,2,212,82,0,82,294
02/09/2017,BUF,NY,AEA,CE,Combined TRACON& Tower with Radar,105,39,27,0,171,0,4,5,0,9,105,43,32,0,180,0,0,0,180
02/10/2017,BUF,NY,AEA,CE,Combined TRACON& Tower with Radar,126,38,14,0,178,0,6,4,0,10,126,44,18,0,188,0,0,0,188
02/11/2017,BUF,NY,AEA,CE,Combined TRACON& Tower with Radar,108,29,14,2,153,0,3,15,0,18,108,32,29,2,171,26,0,26,197
02/12/2017,BUF,NY,AEA,CE,Combined TRACON& Tower with Radar,102,25,4,0,131,0,0,0,0,0,102,25,4,0,131,0,0,0,131
02/13/2017,BUF,NY,AEA,CE,Combined TRACON& Tower with Radar,118,42,16,0,176,0,0,1,0,1,118,42,17,0,177,18,0,18,195
02/14/2017,BUF,NY,AEA,CE,Combined TRACON& Tower with Radar,118,58,15,4,195,0,1,7,0,8,118,59,22,4,203,36,0,36,239
02/15/2017,BUF,NY,AEA,CE,Combined TRACON& Tower with Radar,130,51,15,0,196,0,2,0,0,2,130,53,15,0,198,0,0,0,198
02/16/2017,BUF,NY,AEA,CE,Combined TRACON& Tower with Radar,128,56,15,0,199,0,5,0,0,5,128,61,15,0,204,0,0,0,204
02/17/2017,BUF,NY,AEA,CE,Combined TRACON& Tower with Radar,128,49,30,2,209,0,4,16,0,20,128,53,46,2,229,0,0,0,229
02/18/2017,BUF,NY,AEA,CE,Combined TRACON& Tower with Radar,110,34,9,0,153,0,2,6,0,8,110,36,15,0,161,0,0,0,161
02/19/2017,BUF,NY,AEA,CE,Combined TRACON& Tower with Radar,103,36,19,0,158,0,3,17,0,20,103,39,36,0,178,0,0,0,178
02/20/2017,BUF,NY,AEA,CE,Combined TRACON& Tower with Radar,126,45,20,0,191,0,6,12,0,18,126,51,32,0,209,0,0,0,209
02/21/2017,BUF,NY,AEA,CE,Combined TRACON& Tower with Radar,128,45,12,0,185,0,1,9,0,10,128,46,21,0,195,0,0,0,195
02/22/2017,BUF,NY,AEA,CE,Combined TRACON& Tower with Radar,142,52,22,0,216,0,8,3,0,11,142,60,25,0,227,0,0,0,227
02/23/2017,BUF,NY,AEA,CE,Combined TRACON& Tower with Radar,135,46,28,2,211,0,5,5,1,11,135,51,33,3,222,0,0,0,222
02/24/2017,BUF,NY,AEA,CE,Combined TRACON& Tower with Radar,129,60,7,2,198,0,7,2,0,9,129,67,9,2,207,0,0,0,207
02/25/2017,BUF,NY,AEA,CE,Combined TRACON& Tower with Radar,114,32,18,0,164,0,0,0,0,0,114,32,18,0,164,0,0,0,164
02/26/2017,BUF,NY,AEA,CE,Combined TRACON& Tower with Radar,110,51,8,0,169,0,1,2,0,3,110,52,10,0,172,0,0,0,172
02/27/2017,BUF,NY,AEA,CE,Combined TRACON& Tower with Radar,126,49,18,3,196,0,13,7,1,21,126,62,25,4,217,0,0,0,217
02/28/2017,BUF,NY,AEA,CE,Combined TRACON& Tower with Radar,126,51,22,0,199,0,8,14,0,22,126,59,36,0,221,0,0,0,221
03/01/2017,BUF,NY,AEA,CE,Combined TRACON& Tower with Radar,125,60,21,0,206,0,7,0,0,7,125,67,21,0,213,0,0,0,213
03/02/2017,BUF,NY,AEA,CE,Combined TRACON& Tower with Radar,126,66,14,0,206,0,3,1,0,4,126,69,15,0,210,0,0,0,210
03/03/2017,BUF,NY,AEA,CE,Combined TRACON& Tower with Radar,126,52,20,0,198,0,3,1,0,4,126,55,21,0,202,0,0,0,202
03/04/2017,BUF,NY,AEA,CE,Combined TRACON& Tower with Radar,112,39,18,0,169,0,1,24,0,25,112,40,42,0,194,0,0,0,194
03/05/2017,BUF,NY,AEA,CE,Combined TRACON& Tower with Radar,109,39,16,0,164,0,1,15,0,16,109,40,31,0,180,71,0,71,251
03/06/2017,BUF,NY,AEA,CE,Combined TRACON& Tower with Radar,124,56,9,0,189,0,2,11,0,13,124,58,20,0,202,48,0,48,250
03/07/2017,BUF,NY,AEA,CE,Combined TRACON& Tower with Radar,128,47,11,3,189,0,8,0,1,9,128,55,11,4,198,0,0,0,198
03/08/2017,BUF,NY,AEA,CE,Combined TRACON& Tower with Radar,131,57,18,0,206,0,0,1,0,1,131,57,19,0,207,36,0,36,243
03/09/2017,BUF,NY,AEA,CE,Combined TRACON& Tower with Radar,148,52,21,0,221,0,6,7,2,15,148,58,28,2,236,0,0,0,236
03/10/2017,BUF,NY,AEA,CE,Combined TRACON& Tower with Radar,148,42,10,0,200,0,5,2,0,7,148,47,12,0,207,80,0,80,287
03/11/2017,BUF,NY,AEA,CE,Combined TRACON& Tower with Radar,138,35,6,0,179,0,0,5,0,5,138,35,11,0,184,0,0,0,184
03/12/2017,BUF,NY,AEA,CE,Combined TRACON& Tower with Radar,129,36,12,2,179,0,0,18,0,18,129,36,30,2,197,45,0,45,242
03/13/2017,BUF,NY,AEA,CE,Combined TRACON& Tower with Radar,132,37,19,0,188,0,2,9,0,11,132,39,28,0,199,20,0,20,219
03/14/2017,BUF,NY,AEA,CE,Combined TRACON& Tower with Radar,36,16,3,0,55,0,0,0,0,0,36,16,3,0,55,10,0,10,65
03/15/2017,BUF,NY,AEA,CE,Combined TRACON& Tower with Radar,130,34,10,0,174,0,0,0,0,0,130,34,10,0,174,0,0,0,174
03/16/2017,BUF,NY,AEA,CE,Combined TRACON& Tower with Radar,149,75,26,0,250,0,6,27,0,33,149,81,53,0,283,61,0,61,344
03/17/2017,BUF,NY,AEA,CE,Combined TRACON& Tower with Radar,148,43,16,0,207,0,5,14,0,19,148,48,30,0,226,0,0,0,226
03/18/2017,BUF,NY,AEA,CE,Combined TRACON& Tower with Radar,136,52,14,0,202,0,0,0,0,0,136,52,14,0,202,0,0,0,202
03/19/2017,BUF,NY,AEA,CE,Combined TRACON& Tower with Radar,130,39,16,0,185,0,4,3,0,7,130,43,19,0,192,22,0,22,214
03/20/2017,BUF,NY,AEA,CE,Combined TRACON& Tower with Radar,143,39,16,0,198,0,6,8,0,14,143,45,24,0,212,46,0,46,258
03/21/2017,BUF,NY,AEA,CE,Combined TRACON& Tower with Radar,150,45,22,0,217,0,12,6,0,18,150,57,28,0,235,0,0,0,235
03/22/2017,BUF,NY,AEA,CE,Combined TRACON& Tower with Radar,142,50,24,0,216,0,7,11,0,18,142,57,35,0,234,0,0,0,234
03/23/2017,BUF,NY,AEA,CE,Combined TRACON& Tower with Radar,148,54,17,0,219,0,10,30,0,40,148,64,47,0,259,0,0,0,259
03/24/2017,BUF,NY,AEA,CE,Combined TRACON& Tower with Radar,149,41,13,0,203,0,10,2,0,12,149,51,15,0,215,151,0,151,366
03/25/2017,BUF,NY,AEA,CE,Combined TRACON& Tower with Radar,128,36,6,0,170,0,5,0,0,5,128,41,6,0,175,0,0,0,175
03/26/2017,BUF,NY,AEA,CE,Combined TRACON& Tower with Radar,130,34,9,0,173,0,1,16,0,17,130,35,25,0,190,46,0,46,236
03/27/2017,BUF,NY,AEA,CE,Combined TRACON& Tower with Radar,151,38,9,0,198,0,2,0,0,2,151,40,9,0,200,14,0,14,214
03/28/2017,BUF,NY,AEA,CE,Combined TRACON& Tower with Radar,144,41,17,4,206,0,5,2,0,7,144,46,19,4,213,0,0,0,213
03/29/2017,BUF,NY,AEA,CE,Combined TRACON& Tower with Radar,156,40,21,0,217,0,5,5,2,12,156,45,26,2,229,0,0,0,229
03/30/2017,BUF,NY,AEA,CE,Combined TRACON& Tower with Radar,146,45,17,0,208,0,2,10,0,12,146,47,27,0,220,0,0,0,220
03/31/2017,BUF,NY,AEA,CE,Combined TRACON& Tower with Radar,134,44,14,0,192,0,0,0,0,0,134,44,14,0,192,0,0,0,192
04/01/2017,BUF,NY,AEA,CE,Combined TRACON& Tower with Radar,129,31,11,2,173,0,0,2,0,2,129,31,13,2,175,0,0,0,175
04/02/2017,BUF,NY,AEA,CE,Combined TRACON& Tower with Radar,132,44,22,0,198,0,1,25,0,26,132,45,47,0,224,0,0,0,224
04/03/2017,BUF,NY,AEA,CE,Combined TRACON& Tower with Radar,138,45,12,1,196,0,2,15,2,19,138,47,27,3,215,34,0,34,249
04/04/2017,BUF,NY,AEA,CE,Combined TRACON& Tower with Radar,144,50,23,1,218,0,2,0,0,2,144,52,23,1,220,39,0,39,259
04/05/2017,BUF,NY,AEA,CE,Combined TRACON& Tower with Radar,144,55,37,1,237,0,9,0,0,9,144,64,37,1,246,101,0,101,347
04/06/2017,BUF,NY,AEA,CE,Combined TRACON& Tower with Radar,129,52,10,0,191,0,0,0,0,0,129,52,10,0,191,0,0,0,191
04/07/2017,BUF,NY,AEA,CE,Combined TRACON& Tower with Radar,134,57,21,0,212,0,2,0,0,2,134,59,21,0,214,0,0,0,214
04/08/2017,BUF,NY,AEA,CE,Combined TRACON& Tower with Radar,124,35,23,2,184,0,8,23,0,31,124,43,46,2,215,78,0,78,293
04/09/2017,BUF,NY,AEA,CE,Combined TRACON& Tower with Radar,126,53,17,0,196,0,2,18,0,20,126,55,35,0,216,90,0,90,306
04/10/2017,BUF,NY,AEA,CE,Combined TRACON& Tower with Radar,140,44,17,0,201,0,2,4,0,6,140,46,21,0,207,36,0,36,243
04/11/2017,BUF,NY,AEA,CE,Combined TRACON& Tower with Radar,151,53,13,0,217,0,2,8,1,11,151,55,21,1,228,29,0,29,257
04/12/2017,BUF,NY,AEA,CE,Combined TRACON& Tower with Radar,144,55,20,0,219,0,9,9,0,18,144,64,29,0,237,57,0,57,294
04/13/2017,BUF,NY,AEA,CE,Combined TRACON& Tower with Radar,145,45,17,0,207,0,4,18,1,23,145,49,35,1,230,0,0,0,230
04/14/2017,BUF,NY,AEA,CE,Combined TRACON& Tower with Radar,147,46,7,0,200,0,8,22,0,30,147,54,29,0,230,0,0,0,230
04/15/2017,BUF,NY,AEA,CE,Combined TRACON& Tower with Radar,122,34,5,0,161,0,4,3,0,7,122,38,8,0,168,73,0,73,241
04/16/2017,BUF,NY,AEA,CE,Combined TRACON& Tower with Radar,119,38,8,0,165,0,1,4,0,5,119,39,12,0,170,0,0,0,170
04/17/2017,BUF,NY,AEA,CE,Combined TRACON& Tower with Radar,141,59,25,0,225,0,8,9,0,17,141,67,34,0,242,93,0,93,335
04/18/2017,BUF,NY,AEA,CE,Combined TRACON& Tower with Radar,147,53,23,1,224,0,15,24,0,39,147,68,47,1,263,0,0,0,263
04/19/2017,BUF,NY,AEA,CE,Combined TRACON& Tower with Radar,140,55,20,0,215,0,5,0,0,5,140,60,20,0,220,0,0,0,220
04/20/2017,BUF,NY,AEA,CE,Combined TRACON& Tower with Radar,147,43,30,0,220,0,2,0,0,2,147,45,30,0,222,0,0,0,222
04/21/2017,BUF,NY,AEA,CE,Combined TRACON& Tower with Radar,155,46,16,2,219,0,2,4,0,6,155,48,20,2,225,44,0,44,269
04/22/2017,BUF,NY,AEA,CE,Combined TRACON& Tower with Radar,128,35,12,0,175,0,3,6,0,9,128,38,18,0,184,34,0,34,218
04/23/2017,BUF,NY,AEA,CE,Combined TRACON& Tower with Radar,130,38,25,0,193,0,5,22,0,27,130,43,47,0,220,107,0,107,327
04/24/2017,BUF,NY,AEA,CE,Combined TRACON& Tower with Radar,142,41,18,2,203,0,9,25,0,34,142,50,43,2,237,46,0,46,283
04/25/2017,BUF,NY,AEA,CE,Combined TRACON& Tower with Radar,135,45,19,0,199,0,4,5,0,9,135,49,24,0,208,0,0,0,208
04/26/2017,BUF,NY,AEA,CE,Combined TRACON& Tower with Radar,143,57,34,2,236,0,7,12,2,21,143,64,46,4,257,130,0,130,387
04/27/2017,BUF,NY,AEA,CE,Combined TRACON& Tower with Radar,134,59,18,0,211,0,4,15,0,19,134,63,33,0,230,0,0,0,230
04/28/2017,BUF,NY,AEA,CE,Combined TRACON& Tower with Radar,147,56,28,0,231,0,8,18,0,26,147,64,46,0,257,104,0,104,361
04/29/2017,BUF,NY,AEA,CE,Combined TRACON& Tower with Radar,104,30,20,1,155,0,5,16,0,21,104,35,36,1,176,0,0,0,176
04/30/2017,BUF,NY,AEA,CE,Combined TRACON& Tower with Radar,124,39,16,0,179,0,5,9,0,14,124,44,25,0,193,70,0,70,263
05/01/2017,BUF,NY,AEA,CE,Combined TRACON& Tower with Radar,133,43,15,0,191,0,2,0,0,2,133,45,15,0,193,20,0,20,213
05/02/2017,BUF,NY,AEA,CE,Combined TRACON& Tower with Radar,146,52,29,2,229,0,7,0,6,13,146,59,29,8,242,29,0,29,271
05/03/2017,BUF,NY,AEA,CE,Combined TRACON& Tower with Radar,151,60,36,0,247,0,6,15,0,21,151,66,51,0,268,57,0,57,325
05/04/2017,BUF,NY,AEA,CE,Combined TRACON& Tower with Radar,147,60,36,3,246,0,5,10,4,19,147,65,46,7,265,44,0,44,309
05/05/2017,BUF,NY,AEA,CE,Combined TRACON& Tower with Radar,135,49,14,0,198,0,0,0,0,0,135,49,14,0,198,0,0,0,198
05/06/2017,BUF,NY,AEA,CE,Combined TRACON& Tower with Radar,120,44,16,0,180,0,0,0,0,0,120,44,16,0,180,0,0,0,180
05/07/2017,BUF,NY,AEA,CE,Combined TRACON& Tower with Radar,130,49,16,0,195,0,3,8,0,11,130,52,24,0,206,0,0,0,206
05/08/2017,BUF,NY,AEA,CE,Combined TRACON& Tower with Radar,145,52,22,0,219,0,8,5,4,17,145,60,27,4,236,52,0,52,288
05/09/2017,BUF,NY,AEA,CE,Combined TRACON& Tower with Radar,156,47,25,5,233,0,2,13,1,16,156,49,38,6,249,99,0,99,348
05/10/2017,BUF,NY,AEA,CE,Combined TRACON& Tower with Radar,152,51,33,0,236,0,4,13,4,21,152,55,46,4,257,100,0,100,357
05/11/2017,BUF,NY,AEA,CE,Combined TRACON& Tower with Radar,155,54,27,0,236,0,17,18,0,35,155,71,45,0,271,0,0,0,271
05/12/2017,BUF,NY,AEA,CE,Combined TRACON& Tower with Radar,151,51,37,4,243,0,10,19,0,29,151,61,56,4,272,78,0,78,350
05/13/2017,BUF,NY,AEA,CE,Combined TRACON& Tower with Radar,113,37,7,0,157,0,2,6,0,8,113,39,13,0,165,0,0,0,165
05/14/2017,BUF,NY,AEA,CE,Combined TRACON& Tower with Radar,118,50,21,0,189,0,6,7,0,13,118,56,28,0,202,41,0,41,243
05/15/2017,BUF,NY,AEA,CE,Combined TRACON& Tower with Radar,148,44,25,4,221,0,16,20,0,36,148,60,45,4,257,50,0,50,307
05/16/2017,BUF,NY,AEA,CE,Combined TRACON& Tower with Radar,150,52,13,2,217,0,11,23,0,34,150,63,36,2,251,84,0,84,335
05/17/2017,BUF,NY,AEA,CE,Combined TRACON& Tower with Radar,152,48,41,1,242,0,9,16,1,26,152,57,57,2,268,0,0,0,268
05/18/2017,BUF,NY,AEA,CE,Combined TRACON& Tower with Radar,151,52,23,0,226,0,10,4,0,14,151,62,27,0,240,0,0,0,240
05/19/2017,BUF,NY,AEA,CE,Combined TRACON& Tower with Radar,147,55,21,0,223,0,2,14,0,16,147,57,35,0,239,0,0,0,239
05/20/2017,BUF,NY,AEA,CE,Combined TRACON& Tower with Radar,129,36,16,0,181,0,8,23,0,31,129,44,39,0,212,102,0,102,314
05/21/2017,BUF,NY,AEA,CE,Combined TRACON& Tower with Radar,128,44,24,2,198,0,3,3,0,6,128,47,27,2,204,0,0,0,204
05/22/2017,BUF,NY,AEA,CE,Combined TRACON& Tower with Radar,141,43,23,2,209,0,7,6,0,13,141,50,29,2,222,46,0,46,268
05/23/2017,BUF,NY,AEA,CE,Combined TRACON& Tower with Radar,149,49,18,0,216,0,7,26,0,33,149,56,44,0,249,0,0,0,249
05/24/2017,BUF,NY,AEA,CE,Combined TRACON& Tower with Radar,150,50,37,0,237,0,10,13,0,23,150,60,50,0,260,0,0,0,260
05/25/2017,BUF,NY,AEA,CE,Combined TRACON& Tower with Radar,131,42,14,0,187,0,2,0,0,2,131,44,14,0,189,0,0,0,189
05/26/2017,BUF,NY,AEA,CE,Combined TRACON& Tower with Radar,170,47,21,0,238,0,0,0,0,0,170,47,21,0,238,82,0,82,320
05/27/2017,BUF,NY,AEA,CE,Combined TRACON& Tower with Radar,123,23,11,0,157,0,1,5,0,6,123,24,16,0,163,65,0,65,228
05/28/2017,BUF,NY,AEA,CE,Combined TRACON& Tower with Radar,111,32,13,0,156,0,7,26,0,33,111,39,39,0,189,84,0,84,273
05/29/2017,BUF,NY,AEA,CE,Combined TRACON& Tower with Radar,137,39,11,0,187,0,2,3,0,5,137,41,14,0,192,30,0,30,222
05/30/2017,BUF,NY,AEA,CE,Combined TRACON& Tower with Radar,137,46,26,0,209,0,5,17,0,22,137,51,43,0,231,0,0,0,231
05/31/2017,BUF,NY,AEA,CE,Combined TRACON& Tower with Radar,163,50,25,2,240,0,0,6,0,6,163,50,31,2,246,37,0,37,283
06/01/2017,BUF,NY,AEA,CE,Combined TRACON& Tower with Radar,158,41,21,0,220,0,5,27,3,35,158,46,48,3,255,0,0,0,255
06/02/2017,BUF,NY,AEA,CE,Combined TRACON& Tower with Radar,154,59,25,0,238,0,4,14,0,18,154,63,39,0,256,78,0,78,334
06/03/2017,BUF,NY,AEA,CE,Combined TRACON& Tower with Radar,119,34,13,1,167,0,3,18,0,21,119,37,31,1,188,49,0,49,237
06/04/2017,BUF,NY,AEA,CE,Combined TRACON& Tower with Radar,131,45,28,0,204,0,4,8,0,12,131,49,36,0,216,0,0,0,216
06/05/2017,BUF,NY,AEA,CE,Combined TRACON& Tower with Radar,147,41,17,4,209,0,1,0,0,1,147,42,17,4,210,38,0,38,248
06/06/2017,BUF,NY,AEA,CE,Combined TRACON& Tower with Radar,152,37,20,0,209,0,0,0,0,0,152,37,20,0,209,32,0,32,241
06/07/2017,BUF,NY,AEA,CE,Combined TRACON& Tower with Radar,161,46,33,0,240,0,4,16,0,20,161,50,49,0,260,78,0,78,338
06/08/2017,BUF,NY,AEA,CE,Combined TRACON& Tower with Radar,151,62,25,0,238,0,5,18,0,23,151,67,43,0,261,80,0,80,341
06/09/2017,BUF,NY,AEA,CE,Combined TRACON& Tower with Radar,146,54,30,0,230,0,9,23,0,32,146,63,53,0,262,0,0,0,262
06/10/2017,BUF,NY,AEA,CE,Combined TRACON& Tower with Radar,114,46,21,0,181,0,7,15,0,22,114,53,36,0,203,103,0,103,306
06/11/2017,BUF,NY,AEA,CE,Combined TRACON& Tower with Radar,132,49,20,0,201,0,5,4,2,11,132,54,24,2,212,48,0,48,260
06/12/2017,BUF,NY,AEA,CE,Combined TRACON& Tower with Radar,145,60,24,0,229,0,12,14,0,26,145,72,38,0,255,40,0,40,295
06/13/2017,BUF,NY,AEA,CE,Combined TRACON& Tower with Radar,155,58,32,0,245,0,15,9,0,24,155,73,41,0,269,0,0,0,269
06/14/2017,BUF,NY,AEA,CE,Combined TRACON& Tower with Radar,148,60,25,3,236,0,10,13,0,23,148,70,38,3,259,36,0,36,295
06/15/2017,BUF,NY,AEA,CE,Combined TRACON& Tower with Radar,149,58,22,1,230,0,5,5,0,10,149,63,27,1,240,0,0,0,240
06/16/2017,BUF,NY,AEA,CE,Combined TRACON& Tower with Radar,147,53,24,0,224,0,12,10,0,22,147,65,34,0,246,77,0,77,323
06/17/2017,BUF,NY,AEA,CE,Combined TRACON& Tower with Radar,123,45,14,0,182,0,6,18,0,24,123,51,32,0,206,0,0,0,206
06/18/2017,BUF,NY,AEA,CE,Combined TRACON& Tower with Radar,127,30,16,0,173,0,4,1,0,5,127,34,17,0,178,0,0,0,178
06/19/2017,BUF,NY,AEA,CE,Combined TRACON& Tower with Radar,126,34,17,0,177,0,6,24,0,30,126,40,41,0,207,0,0,0,207
06/20/2017,BUF,NY,AEA,CE,Combined TRACON& Tower with Radar,158,57,36,2,253,0,3,14,0,17,158,60,50,2,270,0,0,0,270
06/21/2017,BUF,NY,AEA,CE,Combined TRACON& Tower with Radar,157,66,25,2,250,0,6,19,2,27,157,72,44,4,277,20,0,20,297
06/22/2017,BUF,NY,AEA,CE,Combined TRACON& Tower with Radar,154,58,28,0,240,0,6,10,0,16,154,64,38,0,256,0,0,0,256
06/23/2017,BUF,NY,AEA,CE,Combined TRACON& Tower with Radar,151,59,19,2,231,0,0,0,0,0,151,59,19,2,231,0,0,0,231
06/24/2017,BUF,NY,AEA,CE,Combined TRACON& Tower with Radar,121,42,27,0,190,0,5,23,0,28,121,47,50,0,218,0,0,0,218
06/25/2017,BUF,NY,AEA,CE,Combined TRACON& Tower with Radar,131,55,23,0,209,0,1,8,0,9,131,56,31,0,218,0,0,0,218
06/26/2017,BUF,NY,AEA,CE,Combined TRACON& Tower with Radar,152,61,30,8,251,0,8,15,0,23,152,69,45,8,274,46,0,46,320
06/27/2017,BUF,NY,AEA,CE,Combined TRACON& Tower with Radar,152,60,23,0,235,0,3,5,0,8,152,63,28,0,243,0,0,0,243
06/28/2017,BUF,NY,AEA,CE,Combined TRACON& Tower with Radar,159,59,40,1,259,0,9,17,1,27,159,68,57,2,286,52,0,52,338
06/29/2017,BUF,NY,AEA,CE,Combined TRACON& Tower with Radar,148,65,40,2,255,0,3,15,0,18,148,68,55,2,273,0,0,0,273
06/30/2017,BUF,NY,AEA,CE,Combined TRACON& Tower with Radar,150,61,25,0,236,0,4,6,2,12,150,65,31,2,248,95,0,95,343
07/01/2017,BUF,NY,AEA,CE,Combined TRACON& Tower with Radar,115,42,14,0,171,0,0,3,0,3,115,42,17,0,174,0,0,0,174
07/02/2017,BUF,NY,AEA,CE,Combined TRACON& Tower with Radar,121,33,11,0,165,0,4,20,0,24,121,37,31,0,189,0,0,0,189
07/03/2017,BUF,NY,AEA,CE,Combined TRACON& Tower with Radar,128,30,11,0,169,0,8,26,0,34,128,38,37,0,203,24,0,24,227
07/04/2017,BUF,NY,AEA,CE,Combined TRACON& Tower with Radar,120,34,7,0,161,0,2,14,0,16,120,36,21,0,177,19,0,19,196
07/05/2017,BUF,NY,AEA,CE,Combined TRACON& Tower with Radar,151,53,30,9,243,0,9,20,1,30,151,62,50,10,273,40,0,40,313
07/06/2017,BUF,NY,AEA,CE,Combined TRACON& Tower with Radar,154,50,23,0,227,0,6,23,1,30,154,56,46,1,257,0,0,0,257
07/07/2017,BUF,NY,AEA,CE,Combined TRACON& Tower with Radar,145,43,22,0,210,0,9,3,0,12,145,52,25,0,222,0,0,0,222
07/08/2017,BUF,NY,AEA,CE,Combined TRACON& Tower with Radar,120,50,18,0,188,0,2,4,0,6,120,52,22,0,194,0,0,0,194
07/09/2017,BUF,NY,AEA,CE,Combined TRACON& Tower with Radar,131,51,46,0,228,0,10,19,2,31,131,61,65,2,259,0,0,0,259
07/10/2017,BUF,NY,AEA,CE,Combined TRACON& Tower with Radar,144,47,23,2,216,0,10,10,0,20,144,57,33,2,236,15,0,15,251
07/11/2017,BUF,NY,AEA,CE,Combined TRACON& Tower with Radar,150,52,14,1,217,0,13,11,1,25,150,65,25,2,242,0,0,0,242
07/12/2017,BUF,NY,AEA,CE,Combined TRACON& Tower with Radar,149,56,35,0,240,0,8,1,0,9,149,64,36,0,249,0,0,0,249
07/13/2017,BUF,NY,AEA,CE,Combined TRACON& Tower with Radar,149,52,38,0,239,0,3,4,0,7,149,55,42,0,246,0,0,0,246
07/14/2017,BUF,NY,AEA,CE,Combined TRACON& Tower with Radar,143,54,27,0,224,0,5,8,0,13,143,59,35,0,237,0,0,0,237
07/15/2017,BUF,NY,AEA,CE,Combined TRACON& Tower with Radar,118,45,28,0,191,0,6,19,0,25,118,51,47,0,216,38,0,38,254
07/16/2017,BUF,NY,AEA,CE,Combined TRACON& Tower with Radar,127,58,30,0,215,0,19,17,0,36,127,77,47,0,251,0,0,0,251
07/17/2017,BUF,NY,AEA,CE,Combined TRACON& Tower with Radar,135,41,25,11,212,0,3,10,1,14,135,44,35,12,226,38,0,38,264
07/18/2017,BUF,NY,AEA,CE,Combined TRACON& Tower with Radar,158,53,27,0,238,0,0,21,0,21,158,53,48,0,259,0,0,0,259
07/19/2017,BUF,NY,AEA,CE,Combined TRACON& Tower with Radar,156,60,20,2,238,1,4,30,0,35,157,64,50,2,273,0,0,0,273
07/20/2017,BUF,NY,AEA,CE,Combined TRACON& Tower with Radar,148,52,23,0,223,0,4,3,0,7,148,56,26,0,230,14,0,14,244
07/21/2017,BUF,NY,AEA,CE,Combined TRACON& Tower with Radar,152,51,26,0,229,0,11,19,0,30,152,62,45,0,259,0,0,0,259
07/22/2017,BUF,NY,AEA,CE,Combined TRACON& Tower with Radar,116,37,27,0,180,0,8,15,0,23,116,45,42,0,203,0,0,0,203
07/23/2017,BUF,NY,AEA,CE,Combined TRACON& Tower with Radar,122,50,26,0,198,0,2,14,0,16,122,52,40,0,214,0,0,0,214
07/24/2017,BUF,NY,AEA,CE,Combined TRACON& Tower with Radar,144,44,27,0,215,0,8,6,0,14,144,52,33,0,229,86,0,86,315
07/25/2017,BUF,NY,AEA,CE,Combined TRACON& Tower with Radar,158,55,44,7,264,0,4,12,3,19,158,59,56,10,283,0,0,0,283
07/26/2017,BUF,NY,AEA,CE,Combined TRACON& Tower with Radar,159,57,30,2,248,0,9,31,3,43,159,66,61,5,291,106,0,106,397
07/27/2017,BUF,NY,AEA,CE,Combined TRACON& Tower with Radar,153,67,30,0,250,0,10,9,0,19,153,77,39,0,269,0,0,0,269
07/28/2017,BUF,NY,AEA,CE,Combined TRACON& Tower with Radar,152,49,25,0,226,0,2,28,0,30,152,51,53,0,256,0,0,0,256
07/29/2017,BUF,NY,AEA,CE,Combined TRACON& Tower with Radar,120,45,9,0,174,0,0,25,0,25,120,45,34,0,199,0,0,0,199
07/30/2017,BUF,NY,AEA,CE,Combined TRACON& Tower with Radar,129,51,32,2,214,0,5,46,0,51,129,56,78,2,265,0,0,0,265
07/31/2017,BUF,NY,AEA,CE,Combined TRACON& Tower with Radar,151,43,20,0,214,0,8,16,0,24,151,51,36,0,238,32,0,32,270
08/01/2017,BUF,NY,AEA,CE,Combined TRACON& Tower with Radar,158,57,19,0,234,0,2,21,0,23,158,59,40,0,257,42,0,42,299
08/02/2017,BUF,NY,AEA,CE,Combined TRACON& Tower with Radar,136,42,31,0,209,0,3,25,0,28,136,45,56,0,237,36,0,36,273
08/03/2017,BUF,NY,AEA,CE,Combined TRACON& Tower with Radar,141,54,24,0,219,0,5,13,0,18,141,59,37,0,237,0,0,0,237
08/04/2017,BUF,NY,AEA,CE,Combined TRACON& Tower with Radar,132,38,10,0,180,0,0,4,0,4,132,38,14,0,184,0,0,0,184
08/05/2017,BUF,NY,AEA,CE,Combined TRACON& Tower with Radar,123,49,16,0,188,0,5,5,0,10,123,54,21,0,198,0,0,0,198
08/06/2017,BUF,NY,AEA,CE,Combined TRACON& Tower with Radar,131,43,20,0,194,0,0,19,0,19,131,43,39,0,213,0,0,0,213
08/07/2017,BUF,NY,AEA,CE,Combined TRACON& Tower with Radar,141,54,34,0,229,0,4,22,0,26,141,58,56,0,255,0,0,0,255
08/08/2017,BUF,NY,AEA,CE,Combined TRACON& Tower with Radar,153,56,18,2,229,0,6,24,0,30,153,62,42,2,259,34,0,34,293
08/09/2017,BUF,NY,AEA,CE,Combined TRACON& Tower with Radar,163,56,22,0,241,0,0,26,2,28,163,56,48,2,269,34,0,34,303
08/10/2017,BUF,NY,AEA,CE,Combined TRACON& Tower with Radar,158,50,26,3,237,0,6,30,3,39,158,56,56,6,276,0,0,0,276
08/11/2017,BUF,NY,AEA,CE,Combined TRACON& Tower with Radar,157,44,22,0,223,0,1,20,0,21,157,45,42,0,244,0,0,0,244
08/12/2017,BUF,NY,AEA,CE,Combined TRACON& Tower with Radar,118,40,9,0,167,0,9,26,0,35,118,49,35,0,202,0,0,0,202
08/13/2017,BUF,NY,AEA,CE,Combined TRACON& Tower with Radar,132,48,36,2,218,0,3,47,0,50,132,51,83,2,268,0,0,0,268
08/14/2017,BUF,NY,AEA,CE,Combined TRACON& Tower with Radar,150,48,26,0,224,0,5,20,0,25,150,53,46,0,249,19,0,19,268
08/15/2017,BUF,NY,AEA,CE,Combined TRACON& Tower with Radar,159,49,25,0,233,0,3,12,2,17,159,52,37,2,250,36,0,36,286
08/16/2017,BUF,NY,AEA,CE,Combined TRACON& Tower with Radar,166,63,24,2,255,0,14,16,0,30,166,77,40,2,285,0,0,0,285
08/17/2017,BUF,NY,AEA,CE,Combined TRACON& Tower with Radar,156,58,27,2,243,0,7,12,0,19,156,65,39,2,262,19,0,19,281
08/18/2017,BUF,NY,AEA,CE,Combined TRACON& Tower with Radar,143,50,41,2,236,0,4,14,0,18,143,54,55,2,254,23,0,23,277
08/19/2017,BUF,NY,AEA,CE,Combined TRACON& Tower with Radar,114,49,11,0,174,0,3,21,0,24,114,52,32,0,198,0,0,0,198
08/20/2017,BUF,NY,AEA,CE,Combined TRACON& Tower with Radar,132,50,29,0,211,0,7,21,0,28,132,57,50,0,239,40,0,40,279
08/21/2017,BUF,NY,AEA,CE,Combined TRACON& Tower with Radar,145,53,29,0,227,0,4,12,0,16,145,57,41,0,243,42,0,42,285
08/22/2017,BUF,NY,AEA,CE,Combined TRACON& Tower with Radar,155,42,22,0,219,0,3,2,0,5,155,45,24,0,224,0,0,0,224
08/23/2017,BUF,NY,AEA,CE,Combined TRACON& Tower with Radar,149,63,22,4,238,0,14,20,0,34,149,77,42,4,272,42,0,42,314
08/24/2017,BUF,NY,AEA,CE,Combined TRACON& Tower with Radar,150,58,28,0,236,0,7,12,2,21,150,65,40,2,257,50,0,50,307
08/25/2017,BUF,NY,AEA,CE,Combined TRACON& Tower with Radar,155,53,18,0,226,0,5,20,0,25,155,58,38,0,251,0,0,0,251
08/26/2017,BUF,NY,AEA,CE,Combined TRACON& Tower with Radar,116,51,16,0,183,0,3,19,0,22,116,54,35,0,205,49,0,49,254
08/27/2017,BUF,NY,AEA,CE,Combined TRACON& Tower with Radar,129,49,21,2,201,0,6,21,1,28,129,55,42,3,229,0,0,0,229
08/28/2017,BUF,NY,AEA,CE,Combined TRACON& Tower with Radar,150,49,13,0,212,0,10,26,0,36,150,59,39,0,248,17,0,17,265
08/29/2017,BUF,NY,AEA,CE,Combined TRACON& Tower with Radar,154,59,21,4,238,0,2,31,0,33,154,61,52,4,271,38,0,38,309
08/30/2017,BUF,NY,AEA,CE,Combined TRACON& Tower with Radar,157,69,39,4,269,0,0,35,0,35,157,69,74,4,304,0,0,0,304
08/31/2017,BUF,NY,AEA,CE,Combined TRACON& Tower with Radar,154,60,29,0,243,0,3,16,0,19,154,63,45,0,262,0,0,0,262
09/01/2017,BUF,NY,AEA,CE,Combined TRACON& Tower with Radar,148,61,30,0,239,0,6,22,0,28,148,67,52,0,267,23,0,23,290
09/02/2017,BUF,NY,AEA,CE,Combined TRACON& Tower with Radar,107,42,10,0,159,0,4,16,0,20,107,46,26,0,179,0,0,0,179
09/03/2017,BUF,NY,AEA,CE,Combined TRACON& Tower with Radar,95,45,21,0,161,0,3,4,0,7,95,48,25,0,168,0,0,0,168
09/04/2017,BUF,NY,AEA,CE,Combined TRACON& Tower with Radar,113,43,21,0,177,0,3,19,0,22,113,46,40,0,199,0,0,0,199
09/05/2017,BUF,NY,AEA,CE,Combined TRACON& Tower with Radar,150,48,28,1,227,0,12,13,1,26,150,60,41,2,253,0,0,0,253
09/06/2017,BUF,NY,AEA,CE,Combined TRACON& Tower with Radar,148,48,30,2,228,0,5,9,0,14,148,53,39,2,242,0,0,0,242
09/07/2017,BUF,NY,AEA,CE,Combined TRACON& Tower with Radar,150,53,34,0,237,0,0,4,0,4,150,53,38,0,241,0,0,0,241
09/08/2017,BUF,NY,AEA,CE,Combined TRACON& Tower with Radar,141,59,34,0,234,1,5,4,0,10,142,64,38,0,244,0,0,0,244
09/09/2017,BUF,NY,AEA,CE,Combined TRACON& Tower with Radar,111,47,20,0,178,0,10,30,0,40,111,57,50,0,218,0,0,0,218
09/10/2017,BUF,NY,AEA,CE,Combined TRACON& Tower with Radar,118,49,29,0,196,0,7,29,0,36,118,56,58,0,232,32,0,32,264
09/11/2017,BUF,NY,AEA,CE,Combined TRACON& Tower with Radar,130,57,25,4,216,0,4,23,0,27,130,61,48,4,243,0,0,0,243
09/12/2017,BUF,NY,AEA,CE,Combined TRACON& Tower with Radar,139,50,28,2,219,0,4,28,0,32,139,54,56,2,251,48,0,48,299
09/13/2017,BUF,NY,AEA,CE,Combined TRACON& Tower with Radar,142,59,28,0,229,0,5,19,0,24,142,64,47,0,253,42,0,42,295
09/14/2017,BUF,NY,AEA,CE,Combined TRACON& Tower with Radar,152,57,23,0,232,0,10,9,0,19,152,67,32,0,251,0,0,0,251
09/15/2017,BUF,NY,AEA,CE,Combined TRACON& Tower with Radar,149,59,30,4,242,0,11,12,0,23,149,70,42,4,265,0,0,0,265
09/16/2017,BUF,NY,AEA,CE,Combined TRACON& Tower with Radar,116,37,10,0,163,0,11,14,0,25,116,48,24,0,188,0,0,0,188
09/17/2017,BUF,NY,AEA,CE,Combined TRACON& Tower with Radar,127,41,12,0,180,0,2,13,0,15,127,43,25,0,195,0,0,0,195
09/18/2017,BUF,NY,AEA,CE,Combined TRACON& Tower with Radar,153,51,33,0,237,0,11,13,0,24,153,62,46,0,261,102,0,102,363
09/19/2017,BUF,NY,AEA,CE,Combined TRACON& Tower with Radar,145,56,33,0,234,0,5,15,0,20,145,61,48,0,254,0,0,0,254
09/20/2017,BUF,NY,AEA,CE,Combined TRACON& Tower with Radar,146,55,16,0,217,0,4,5,0,9,146,59,21,0,226,0,0,0,226
09/21/2017,BUF,NY,AEA,CE,Combined TRACON& Tower with Radar,151,52,31,2,236,0,6,24,0,30,151,58,55,2,266,0,0,0,266
09/22/2017,BUF,NY,AEA,CE,Combined TRACON& Tower with Radar,154,63,31,2,250,0,11,26,0,37,154,74,57,2,287,0,0,0,287
09/23/2017,BUF,NY,AEA,CE,Combined TRACON& Tower with Radar,111,38,12,0,161,0,14,15,0,29,111,52,27,0,190,20,0,20,210
09/24/2017,BUF,NY,AEA,CE,Combined TRACON& Tower with Radar,123,48,35,0,206,0,53,17,2,72,123,101,52,2,278,42,0,42,320
09/25/2017,BUF,NY,AEA,CE,Combined TRACON& Tower with Radar,153,50,26,1,230,0,1,20,3,24,153,51,46,4,254,48,0,48,302
09/26/2017,BUF,NY,AEA,CE,Combined TRACON& Tower with Radar,142,59,25,0,226,0,11,29,0,40,142,70,54,0,266,50,0,50,316
09/27/2017,BUF,NY,AEA,CE,Combined TRACON& Tower with Radar,149,60,30,0,239,0,2,14,0,16,149,62,44,0,255,44,0,44,299
09/28/2017,BUF,NY,AEA,CE,Combined TRACON& Tower with Radar,149,52,44,2,247,0,8,23,0,31,149,60,67,2,278,0,0,0,278
09/29/2017,BUF,NY,AEA,CE,Combined TRACON& Tower with Radar,154,52,23,0,229,0,3,2,0,5,154,55,25,0,234,0,0,0,234
09/30/2017,BUF,NY,AEA,CE,Combined TRACON& Tower with Radar,113,30,13,0,156,0,2,7,0,9,113,32,20,0,165,0,0,0,165
10/01/2017,BUF,NY,AEA,CE,Combined TRACON& Tower with Radar,127,47,21,0,195,0,4,27,0,31,127,51,48,0,226,0,0,0,226
10/02/2017,BUF,NY,AEA,CE,Combined TRACON& Tower with Radar,144,48,27,0,219,0,2,25,0,27,144,50,52,0,246,0,0,0,246
10/03/2017,BUF,NY,AEA,CE,Combined TRACON& Tower with Radar,148,50,24,0,222,0,6,38,0,44,148,56,62,0,266,44,0,44,310
10/04/2017,BUF,NY,AEA,CE,Combined TRACON& Tower with Radar,152,53,22,0,227,0,8,11,0,19,152,61,33,0,246,42,0,42,288
10/05/2017,BUF,NY,AEA,CE,Combined TRACON& Tower with Radar,149,61,36,0,246,0,2,25,0,27,149,63,61,0,273,0,0,0,273
10/06/2017,BUF,NY,AEA,CE,Combined TRACON& Tower with Radar,142,60,21,0,223,0,9,4,0,13,142,69,25,0,236,0,0,0,236
10/07/2017,BUF,NY,AEA,CE,Combined TRACON& Tower with Radar,114,42,17,0,173,0,0,19,0,19,114,42,36,0,192,0,0,0,192
10/08/2017,BUF,NY,AEA,CE,Combined TRACON& Tower with Radar,111,45,14,0,170,0,2,4,0,6,111,47,18,0,176,24,0,24,200
10/09/2017,BUF,NY,AEA,CE,Combined TRACON& Tower with Radar,120,52,22,0,194,0,0,0,0,0,120,52,22,0,194,24,0,24,218
10/10/2017,BUF,NY,AEA,CE,Combined TRACON& Tower with Radar,153,50,11,6,220,0,6,33,0,39,153,56,44,6,259,124,0,124,383
10/11/2017,BUF,NY,AEA,CE,Combined TRACON& Tower with Radar,142,53,27,0,222,0,0,0,0,0,142,53,27,0,222,44,0,44,266
10/12/2017,BUF,NY,AEA,CE,Combined TRACON& Tower with Radar,142,63,37,0,242,0,5,4,0,9,142,68,41,0,251,0,0,0,251
10/13/2017,BUF,NY,AEA,CE,Combined TRACON& Tower with Radar,145,48,34,0,227,0,4,28,2,34,145,52,62,2,261,0,0,0,261
10/14/2017,BUF,NY,AEA,CE,Combined TRACON& Tower with Radar,108,37,19,0,164,0,6,14,0,20,108,43,33,0,184,0,0,0,184
10/15/2017,BUF,NY,AEA,CE,Combined TRACON& Tower with Radar,119,49,18,0,186,0,4,1,0,5,119,53,19,0,191,0,0,0,191
10/16/2017,BUF,NY,AEA,CE,Combined TRACON& Tower with Radar,146,57,26,3,232,0,8,16,0,24,146,65,42,3,256,36,0,36,292
10/17/2017,BUF,NY,AEA,CE,Combined TRACON& Tower with Radar,143,62,26,1,232,0,2,13,0,15,143,64,39,1,247,24,0,24,271
10/18/2017,BUF,NY,AEA,CE,Combined TRACON& Tower with Radar,141,60,12,2,215,0,2,26,2,30,141,62,38,4,245,18,0,18,263
10/19/2017,BUF,NY,AEA,CE,Combined TRACON& Tower with Radar,143,52,20,0,215,0,0,6,0,6,143,52,26,0,221,0,0,0,221
10/20/2017,BUF,NY,AEA,CE,Combined TRACON& Tower with Radar,154,62,26,0,242,0,7,21,0,28,154,69,47,0,270,0,0,0,270
10/21/2017,BUF,NY,AEA,CE,Combined TRACON& Tower with Radar,111,33,19,2,165,0,7,27,0,34,111,40,46,2,199,0,0,0,199
10/22/2017,BUF,NY,AEA,CE,Combined TRACON& Tower with Radar,127,61,33,0,221,0,11,19,0,30,127,72,52,0,251,34,0,34,285
10/23/2017,BUF,NY,AEA,CE,Combined TRACON& Tower with Radar,141,56,20,0,217,0,2,6,0,8,141,58,26,0,225,34,0,34,259
10/24/2017,BUF,NY,AEA,CE,Combined TRACON& Tower with Radar,131,46,29,0,206,0,8,12,0,20,131,54,41,0,226,0,0,0,226
10/25/2017,BUF,NY,AEA,CE,Combined TRACON& Tower with Radar,138,67,25,0,230,0,8,2,0,10,138,75,27,0,240,34,0,34,274
10/26/2017,BUF,NY,AEA,CE,Combined TRACON& Tower with Radar,145,66,26,2,239,0,9,18,0,27,145,75,44,2,266,0,0,0,266
10/27/2017,BUF,NY,AEA,CE,Combined TRACON& Tower with Radar,144,51,23,13,231,0,8,32,0,40,144,59,55,13,271,0,0,0,271
10/28/2017,BUF,NY,AEA,CE,Combined TRACON& Tower with Radar,109,38,7,0,154,0,5,0,0,5,109,43,7,0,159,0,0,0,159
10/29/2017,BUF,NY,AEA,CE,Combined TRACON& Tower with Radar,103,34,24,0,161,0,0,1,0,1,103,34,25,0,162,0,0,0,162
10/30/2017,BUF,NY,AEA,CE,Combined TRACON& Tower with Radar,136,38,5,0,179,0,2,0,0,2,136,40,5,0,181,16,0,16,197
10/31/2017,BUF,NY,AEA,CE,Combined TRACON& Tower with Radar,136,42,15,2,195,0,1,3,0,4,136,43,18,2,199,0,0,0,199
11/01/2017,BUF,NY,AEA,CE,Combined TRACON& Tower with Radar,142,48,24,0,214,0,13,10,0,23,142,61,34,0,237,0,0,0,237
11/02/2017,BUF,NY,AEA,CE,Combined TRACON& Tower with Radar,138,67,27,0,232,0,6,4,0,10,138,73,31,0,242,0,0,0,242
11/03/2017,BUF,NY,AEA,CE,Combined TRACON& Tower with Radar,135,53,33,0,221,0,4,9,0,13,135,57,42,0,234,0,0,0,234
11/04/2017,BUF,NY,AEA,CE,Combined TRACON& Tower with Radar,109,32,13,0,154,0,2,17,0,19,109,34,30,0,173,0,0,0,173
11/05/2017,BUF,NY,AEA,CE,Combined TRACON& Tower with Radar,120,53,20,0,193,0,0,0,0,0,120,53,20,0,193,22,0,22,215
11/06/2017,BUF,NY,AEA,CE,Combined TRACON& Tower with Radar,140,55,16,1,212,0,3,0,1,4,140,58,16,2,216,0,0,0,216
11/07/2017,BUF,NY,AEA,CE,Combined TRACON& Tower with Radar,140,67,22,0,229,0,13,16,0,29,140,80,38,0,258,38,0,38,296
11/08/2017,BUF,NY,AEA,CE,Combined TRACON& Tower with Radar,144,62,19,0,225,0,6,30,0,36,144,68,49,0,261,40,0,40,301
11/09/2017,BUF,NY,AEA,CE,Combined TRACON& Tower with Radar,149,56,17,0,222,0,2,20,0,22,149,58,37,0,244,0,0,0,244
11/10/2017,BUF,NY,AEA,CE,Combined TRACON& Tower with Radar,151,57,21,0,229,0,13,1,1,15,151,70,22,1,244,0,0,0,244
11/11/2017,BUF,NY,AEA,CE,Combined TRACON& Tower with Radar,115,27,12,0,154,0,3,16,0,19,115,30,28,0,173,11,0,11,184
11/12/2017,BUF,NY,AEA,CE,Combined TRACON& Tower with Radar,116,42,14,0,172,0,0,10,2,12,116,42,24,2,184,0,0,0,184
11/13/2017,BUF,NY,AEA,CE,Combined TRACON& Tower with Radar,142,54,22,0,218,0,2,1,2,5,142,56,23,2,223,0,0,0,223
11/14/2017,BUF,NY,AEA,CE,Combined TRACON& Tower with Radar,145,50,29,0,224,0,2,5,3,10,145,52,34,3,234,42,0,42,276
11/15/2017,BUF,NY,AEA,CE,Combined TRACON& Tower with Radar,150,70,27,0,247,0,3,23,0,26,150,73,50,0,273,48,0,48,321
11/16/2017,BUF,NY,AEA,CE,Combined TRACON& Tower with Radar,142,64,24,0,230,0,2,1,0,3,142,66,25,0,233,0,0,0,233
11/17/2017,BUF,NY,AEA,CE,Combined TRACON& Tower with Radar,145,55,36,0,236,0,10,23,0,33,145,65,59,0,269,0,0,0,269
11/18/2017,BUF,NY,AEA,CE,Combined TRACON& Tower with Radar,123,26,9,0,158,0,0,4,0,4,123,26,13,0,162,0,0,0,162
11/19/2017,BUF,NY,AEA,CE,Combined TRACON& Tower with Radar,125,43,13,0,181,0,1,0,0,1,125,44,13,0,182,0,0,0,182
11/20/2017,BUF,NY,AEA,CE,Combined TRACON& Tower with Radar,141,47,20,2,210,0,10,0,0,10,141,57,20,2,220,0,0,0,220
11/21/2017,BUF,NY,AEA,CE,Combined TRACON& Tower with Radar,149,55,23,2,229,0,1,3,0,4,149,56,26,2,233,30,0,30,263
11/22/2017,BUF,NY,AEA,CE,Combined TRACON& Tower with Radar,147,62,13,0,222,0,3,4,0,7,147,65,17,0,229,28,0,28,257
11/23/2017,BUF,NY,AEA,CE,Combined TRACON& Tower with Radar,89,13,5,0,107,0,6,4,0,10,89,19,9,0,117,0,0,0,117
11/24/2017,BUF,NY,AEA,CE,Combined TRACON& Tower with Radar,108,25,24,2,159,0,1,32,0,33,108,26,56,2,192,0,0,0,192
11/25/2017,BUF,NY,AEA,CE,Combined TRACON& Tower with Radar,135,41,9,2,187,0,0,0,0,0,135,41,9,2,187,0,0,0,187
11/26/2017,BUF,NY,AEA,CE,Combined TRACON& Tower with Radar,140,64,16,0,220,0,0,8,0,8,140,64,24,0,228,32,0,32,260
11/27/2017,BUF,NY,AEA,CE,Combined TRACON& Tower with Radar,139,53,16,8,216,0,5,23,0,28,139,58,39,8,244,0,0,0,244
11/28/2017,BUF,NY,AEA,CE,Combined TRACON& Tower with Radar,150,48,16,2,216,0,8,3,0,11,150,56,19,2,227,36,0,36,263
11/29/2017,BUF,NY,AEA,CE,Combined TRACON& Tower with Radar,146,51,23,0,220,0,3,21,0,24,146,54,44,0,244,0,0,0,244
11/30/2017,BUF,NY,AEA,CE,Combined TRACON& Tower with Radar,147,58,25,2,232,0,9,4,0,13,147,67,29,2,245,0,0,0,245
12/01/2017,BUF,NY,AEA,CE,Combined TRACON& Tower with Radar,151,49,23,0,223,0,6,19,2,27,151,55,42,2,250,0,0,0,250
12/02/2017,BUF,NY,AEA,CE,Combined TRACON& Tower with Radar,112,24,22,3,161,0,2,18,0,20,112,26,40,3,181,0,0,0,181
12/03/2017,BUF,NY,AEA,CE,Combined TRACON& Tower with Radar,121,58,25,0,204,0,2,14,0,16,121,60,39,0,220,48,0,48,268
12/04/2017,BUF,NY,AEA,CE,Combined TRACON& Tower with Radar,137,39,19,0,195,0,5,8,0,13,137,44,27,0,208,32,0,32,240
12/05/2017,BUF,NY,AEA,CE,Combined TRACON& Tower with Radar,145,51,20,0,216,0,0,0,0,0,145,51,20,0,216,22,0,22,238
12/06/2017,BUF,NY,AEA,CE,Combined TRACON& Tower with Radar,147,46,17,0,210,0,0,4,0,4,147,46,21,0,214,26,0,26,240
12/07/2017,BUF,NY,AEA,CE,Combined TRACON& Tower with Radar,149,58,27,0,234,0,0,13,0,13,149,58,40,0,247,0,0,0,247
12/08/2017,BUF,NY,AEA,CE,Combined TRACON& Tower with Radar,144,47,18,0,209,1,4,2,0,7,145,51,20,0,216,0,0,0,216
12/09/2017,BUF,NY,AEA,CE,Combined TRACON& Tower with Radar,106,24,7,0,137,0,2,8,0,10,106,26,15,0,147,0,0,0,147
12/10/2017,BUF,NY,AEA,CE,Combined TRACON& Tower with Radar,125,48,15,0,188,0,0,0,0,0,125,48,15,0,188,0,0,0,188
12/11/2017,BUF,NY,AEA,CE,Combined TRACON& Tower with Radar,142,47,8,0,197,0,0,0,0,0,142,47,8,0,197,0,0,0,197
12/12/2017,BUF,NY,AEA,CE,Combined TRACON& Tower with Radar,152,48,11,0,211,0,2,0,0,2,152,50,11,0,213,34,0,34,247
12/13/2017,BUF,NY,AEA,CE,Combined TRACON& Tower with Radar,153,50,23,0,226,1,0,3,0,4,154,50,26,0,230,0,0,0,230
12/14/2017,BUF,NY,AEA,CE,Combined TRACON& Tower with Radar,154,47,21,0,222,0,0,4,0,4,154,47,25,0,226,0,0,0,226
12/15/2017,BUF,NY,AEA,CE,Combined TRACON& Tower with Radar,147,37,23,0,207,0,0,3,0,3,147,37,26,0,210,0,0,0,210
12/16/2017,BUF,NY,AEA,CE,Combined TRACON& Tower with Radar,134,22,9,0,165,0,2,3,0,5,134,24,12,0,170,0,0,0,170
12/17/2017,BUF,NY,AEA,CE,Combined TRACON& Tower with Radar,129,32,21,0,182,0,2,7,0,9,129,34,28,0,191,34,0,34,225
12/18/2017,BUF,NY,AEA,CE,Combined TRACON& Tower with Radar,150,35,19,0,204,0,0,0,0,0,150,35,19,0,204,0,0,0,204
12/19/2017,BUF,NY,AEA,CE,Combined TRACON& Tower with Radar,166,51,31,0,248,0,1,0,2,3,166,52,31,2,251,40,0,40,291
12/20/2017,BUF,NY,AEA,CE,Combined TRACON& Tower with Radar,153,50,26,0,229,0,6,11,0,17,153,56,37,0,246,34,0,34,280
12/21/2017,BUF,NY,AEA,CE,Combined TRACON& Tower with Radar,157,45,36,0,238,0,2,17,0,19,157,47,53,0,257,0,0,0,257
12/22/2017,BUF,NY,AEA,CE,Combined TRACON& Tower with Radar,162,45,11,1,219,0,0,0,0,0,162,45,11,1,219,0,0,0,219
12/23/2017,BUF,NY,AEA,CE,Combined TRACON& Tower with Radar,135,22,4,0,161,0,2,0,0,2,135,24,4,0,163,0,0,0,163
12/24/2017,BUF,NY,AEA,CE,Combined TRACON& Tower with Radar,117,17,10,0,144,0,0,7,0,7,117,17,17,0,151,0,0,0,151
12/25/2017,BUF,NY,AEA,CE,Combined TRACON& Tower with Radar,91,27,3,0,121,0,0,0,0,0,91,27,3,0,121,20,0,20,141
12/26/2017,BUF,NY,AEA,CE,Combined TRACON& Tower with Radar,140,49,9,0,198,0,0,2,0,2,140,49,11,0,200,30,0,30,230
12/27/2017,BUF,NY,AEA,CE,Combined TRACON& Tower with Radar,151,40,19,2,212,0,5,8,1,14,151,45,27,3,226,4,0,4,230
12/28/2017,BUF,NY,AEA,CE,Combined TRACON& Tower with Radar,146,44,6,0,196,0,7,5,0,12,146,51,11,0,208,0,0,0,208
12/29/2017,BUF,NY,AEA,CE,Combined TRACON& Tower with Radar,146,45,14,0,205,0,6,8,0,14,146,51,22,0,219,0,0,0,219
12/30/2017,BUF,NY,AEA,CE,Combined TRACON& Tower with Radar,138,24,1,0,163,0,5,0,0,5,138,29,1,0,168,0,0,0,168
12/31/2017,BUF,NY,AEA,CE,Combined TRACON& Tower with Radar,118,18,7,0,143,0,2,0,0,2,118,20,7,0,145,16,0,16,161
01/01/2018,BUF,NY,AEA,CE,Combined TRACON& Tower with Radar,124,31,4,0,159,0,0,1,0,1,124,31,5,0,160,18,0,18,178
01/02/2018,BUF,NY,AEA,CE,Combined TRACON& Tower with Radar,93,22,5,0,120,0,0,0,0,0,93,22,5,0,120,0,0,0,120
01/03/2018,BUF,NY,AEA,CE,Combined TRACON& Tower with Radar,149,39,8,0,196,0,6,5,0,11,149,45,13,0,207,0,0,0,207
01/04/2018,BUF,NY,AEA,CE,Combined TRACON& Tower with Radar,113,24,10,4,151,0,0,0,0,0,113,24,10,4,151,10,0,10,161
01/05/2018,BUF,NY,AEA,CE,Combined TRACON& Tower with Radar,122,34,6,0,162,0,0,0,0,0,122,34,6,0,162,0,0,0,162
01/06/2018,BUF,NY,AEA,CE,Combined TRACON& Tower with Radar,105,28,14,0,147,0,2,0,0,2,105,30,14,0,149,0,0,0,149
01/07/2018,BUF,NY,AEA,CE,Combined TRACON& Tower with Radar,118,37,10,0,165,0,4,6,0,10,118,41,16,0,175,20,0,20,195
01/08/2018,BUF,NY,AEA,CE,Combined TRACON& Tower with Radar,118,41,8,0,167,0,0,0,0,0,118,41,8,0,167,18,0,18,185
01/09/2018,BUF,NY,AEA,CE,Combined TRACON& Tower with Radar,138,47,17,0,202,0,0,3,0,3,138,47,20,0,205,26,0,26,231
01/10/2018,BUF,NY,AEA,CE,Combined TRACON& Tower with Radar,133,46,19,0,198,0,1,11,0,12,133,47,30,0,210,26,0,26,236
01/11/2018,BUF,NY,AEA,CE,Combined TRACON& Tower with Radar,140,51,23,0,214,0,2,2,0,4,140,53,25,0,218,0,0,0,218
01/12/2018,BUF,NY,AEA,CE,Combined TRACON& Tower with Radar,98,36,8,0,142,0,2,0,0,2,98,38,8,0,144,0,0,0,144
01/13/2018,BUF,NY,AEA,CE,Combined TRACON& Tower with Radar,95,26,9,0,130,0,0,0,0,0,95,26,9,0,130,0,0,0,130
01/14/2018,BUF,NY,AEA,CE,Combined TRACON& Tower with Radar,100,34,13,0,147,0,7,17,0,24,100,41,30,0,171,0,0,0,171
01/15/2018,BUF,NY,AEA,CE,Combined TRACON& Tower with Radar,122,30,18,0,170,0,2,5,0,7,122,32,23,0,177,0,0,0,177
01/16/2018,BUF,NY,AEA,CE,Combined TRACON& Tower with Radar,134,46,15,0,195,0,0,3,0,3,134,46,18,0,198,20,0,20,218
01/17/2018,BUF,NY,AEA,CE,Combined TRACON& Tower with Radar,118,51,9,0,178,0,1,0,0,1,118,52,9,0,179,0,0,0,179
01/18/2018,BUF,NY,AEA,CE,Combined TRACON& Tower with Radar,142,57,18,0,217,0,2,3,0,5,142,59,21,0,222,0,0,0,222
01/19/2018,BUF,NY,AEA,CE,Combined TRACON& Tower with Radar,140,53,11,2,206,0,7,8,0,15,140,60,19,2,221,0,0,0,221
01/20/2018,BUF,NY,AEA,CE,Combined TRACON& Tower with Radar,116,21,15,0,152,0,0,1,0,1,116,21,16,0,153,0,0,0,153
01/21/2018,BUF,NY,AEA,CE,Combined TRACON& Tower with Radar,105,37,15,0,157,0,0,1,0,1,105,37,16,0,158,0,0,0,158
01/22/2018,BUF,NY,AEA,CE,Combined TRACON& Tower with Radar,134,54,21,0,209,0,0,2,0,2,134,54,23,0,211,38,0,38,249
01/23/2018,BUF,NY,AEA,CE,Combined TRACON& Tower with Radar,132,45,13,0,190,0,4,6,0,10,132,49,19,0,200,26,0,26,226
01/24/2018,BUF,NY,AEA,CE,Combined TRACON& Tower with Radar,136,45,10,0,191,0,2,5,0,7,136,47,15,0,198,32,0,32,230
01/25/2018,BUF,NY,AEA,CE,Combined TRACON& Tower with Radar,140,57,19,0,216,0,8,22,0,30,140,65,41,0,246,0,0,0,246
01/26/2018,BUF,NY,AEA,CE,Combined TRACON& Tower with Radar,136,49,21,0,206,0,1,21,0,22,136,50,42,0,228,0,0,0,228
01/27/2018,BUF,NY,AEA,CE,Combined TRACON& Tower with Radar,113,26,8,0,147,0,2,0,0,2,113,28,8,0,149,0,0,0,149
01/28/2018,BUF,NY,AEA,CE,Combined TRACON& Tower with Radar,102,47,14,0,163,0,8,16,0,24,102,55,30,0,187,28,0,28,215
01/29/2018,BUF,NY,AEA,CE,Combined TRACON& Tower with Radar,134,45,17,0,196,0,4,1,1,6,134,49,18,1,202,30,0,30,232
01/30/2018,BUF,NY,AEA,CE,Combined TRACON& Tower with Radar,141,40,9,0,190,0,2,0,0,2,141,42,9,0,192,22,0,22,214
01/31/2018,BUF,NY,AEA,CE,Combined TRACON& Tower with Radar,140,47,21,0,208,0,7,4,0,11,140,54,25,0,219,0,0,0,219
02/01/2018,BUF,NY,AEA,CE,Combined TRACON& Tower with Radar,138,45,15,0,198,0,0,4,0,4,138,45,19,0,202,0,0,0,202
02/02/2018,BUF,NY,AEA,CE,Combined TRACON& Tower with Radar,136,43,14,2,195,0,1,2,0,3,136,44,16,2,198,0,0,0,198
02/03/2018,BUF,NY,AEA,CE,Combined TRACON& Tower with Radar,114,26,7,6,153,0,6,8,0,14,114,32,15,6,167,0,0,0,167
02/04/2018,BUF,NY,AEA,CE,Combined TRACON& Tower with Radar,100,28,8,0,136,0,0,0,0,0,100,28,8,0,136,14,0,14,150
02/05/2018,BUF,NY,AEA,CE,Combined TRACON& Tower with Radar,125,49,17,0,191,0,4,4,0,8,125,53,21,0,199,26,0,26,225
02/06/2018,BUF,NY,AEA,CE,Combined TRACON& Tower with Radar,134,51,9,1,195,0,2,6,1,9,134,53,15,2,204,30,0,30,234
02/07/2018,BUF,NY,AEA,CE,Combined TRACON& Tower with Radar,121,36,8,0,165,0,1,0,0,1,121,37,8,0,166,0,0,0,166
02/08/2018,BUF,NY,AEA,CE,Combined TRACON& Tower with Radar,146,50,16,0,212,0,0,2,0,2,146,50,18,0,214,0,0,0,214
02/09/2018,BUF,NY,AEA,CE,Combined TRACON& Tower with Radar,127,36,10,0,173,0,2,0,0,2,127,38,10,0,175,0,0,0,175
02/10/2018,BUF,NY,AEA,CE,Combined TRACON& Tower with Radar,112,21,9,0,142,0,0,0,0,0,112,21,9,0,142,0,0,0,142
02/11/2018,BUF,NY,AEA,CE,Combined TRACON& Tower with Radar,123,33,6,0,162,0,0,0,0,0,123,33,6,0,162,24,0,24,186
02/12/2018,BUF,NY,AEA,CE,Combined TRACON& Tower with Radar,131,33,15,0,179,0,10,22,0,32,131,43,37,0,211,36,0,36,247
02/13/2018,BUF,NY,AEA,CE,Combined TRACON& Tower with Radar,143,50,13,0,206,0,10,33,0,43,143,60,46,0,249,42,0,42,291
02/14/2018,BUF,NY,AEA,CE,Combined TRACON& Tower with Radar,130,48,24,0,202,0,2,4,0,6,130,50,28,0,208,22,0,22,230
02/15/2018,BUF,NY,AEA,CE,Combined TRACON& Tower with Radar,123,41,18,0,182,0,0,0,0,0,123,41,18,0,182,0,0,0,182
02/16/2018,BUF,NY,AEA,CE,Combined TRACON& Tower with Radar,141,46,6,4,197,0,0,2,0,2,141,46,8,4,199,0,0,0,199
02/17/2018,BUF,NY,AEA,CE,Combined TRACON& Tower with Radar,116,42,10,0,168,0,2,28,0,30,116,44,38,0,198,0,0,0,198
02/18/2018,BUF,NY,AEA,CE,Combined TRACON& Tower with Radar,114,33,19,0,166,0,2,22,0,24,114,35,41,0,190,22,0,22,212
02/19/2018,BUF,NY,AEA,CE,Combined TRACON& Tower with Radar,129,46,12,0,187,0,2,4,0,6,129,48,16,0,193,0,0,0,193
02/20/2018,BUF,NY,AEA,CE,Combined TRACON& Tower with Radar,142,52,17,0,211,0,5,1,0,6,142,57,18,0,217,0,0,0,217
02/21/2018,BUF,NY,AEA,CE,Combined TRACON& Tower with Radar,132,47,23,0,202,0,6,0,0,6,132,53,23,0,208,0,0,0,208
02/22/2018,BUF,NY,AEA,CE,Combined TRACON& Tower with Radar,132,57,26,0,215,0,0,2,0,2,132,57,28,0,217,0,0,0,217
02/23/2018,BUF,NY,AEA,CE,Combined TRACON& Tower with Radar,137,49,13,1,200,0,0,3,1,4,137,49,16,2,204,0,0,0,204
02/24/2018,BUF,NY,AEA,CE,Combined TRACON& Tower with Radar,121,37,23,0,181,0,2,11,0,13,121,39,34,0,194,0,0,0,194
02/25/2018,BUF,NY,AEA,CE,Combined TRACON& Tower with Radar,124,39,10,0,173,0,0,0,0,0,124,39,10,0,173,0,0,0,173
02/26/2018,BUF,NY,AEA,CE,Combined TRACON& Tower with Radar,135,46,21,3,205,0,5,16,2,23,135,51,37,5,228,0,0,0,228
02/27/2018,BUF,NY,AEA,CE,Combined TRACON& Tower with Radar,135,56,19,0,210,0,3,15,2,20,135,59,34,2,230,0,0,0,230
02/28/2018,BUF,NY,AEA,CE,Combined TRACON& Tower with Radar,139,54,24,0,217,0,0,10,1,11,139,54,34,1,228,26,0,26,254
03/01/2018,BUF,NY,AEA,CE,Combined TRACON& Tower with Radar,124,46,19,3,192,0,0,0,1,1,124,46,19,4,193,0,0,0,193
03/02/2018,BUF,NY,AEA,CE,Combined TRACON& Tower with Radar,105,21,15,0,141,0,0,0,0,0,105,21,15,0,141,0,0,0,141
03/03/2018,BUF,NY,AEA,CE,Combined TRACON& Tower with Radar,121,34,18,1,174,0,2,14,0,16,121,36,32,1,190,0,0,0,190
03/04/2018,BUF,NY,AEA,CE,Combined TRACON& Tower with Radar,121,42,18,0,181,0,11,34,0,45,121,53,52,0,226,0,0,0,226
03/05/2018,BUF,NY,AEA,CE,Combined TRACON& Tower with Radar,134,44,16,0,194,0,5,15,0,20,134,49,31,0,214,0,0,0,214
03/06/2018,BUF,NY,AEA,CE,Combined TRACON& Tower with Radar,143,59,13,0,215,0,6,3,0,9,143,65,16,0,224,0,0,0,224
03/07/2018,BUF,NY,AEA,CE,Combined TRACON& Tower with Radar,117,33,5,0,155,0,0,2,0,2,117,33,7,0,157,24,0,24,181
03/08/2018,BUF,NY,AEA,CE,Combined TRACON& Tower with Radar,141,49,25,10,225,0,3,2,2,7,141,52,27,12,232,0,0,0,232
03/09/2018,BUF,NY,AEA,CE,Combined TRACON& Tower with Radar,150,53,12,0,215,0,0,0,0,0,150,53,12,0,215,0,0,0,215
03/10/2018,BUF,NY,AEA,CE,Combined TRACON& Tower with Radar,134,34,10,0,178,0,8,9,0,17,134,42,19,0,195,0,0,0,195
03/11/2018,BUF,NY,AEA,CE,Combined TRACON& Tower with Radar,135,42,22,0,199,0,2,6,0,8,135,44,28,0,207,32,0,32,239
03/12/2018,BUF,NY,AEA,CE,Combined TRACON& Tower with Radar,148,48,12,0,208,0,4,7,0,11,148,52,19,0,219,0,0,0,219
03/13/2018,BUF,NY,AEA,CE,Combined TRACON& Tower with Radar,144,43,8,0,195,0,0,0,0,0,144,43,8,0,195,18,0,18,213
03/14/2018,BUF,NY,AEA,CE,Combined TRACON& Tower with Radar,156,58,9,0,223,0,0,0,0,0,156,58,9,0,223,22,0,22,245
03/15/2018,BUF,NY,AEA,CE,Combined TRACON& Tower with Radar,157,57,18,0,232,0,2,5,0,7,157,59,23,0,239,0,0,0,239
03/16/2018,BUF,NY,AEA,CE,Combined TRACON& Tower with Radar,154,53,13,0,220,0,2,3,1,6,154,55,16,1,226,0,0,0,226
03/17/2018,BUF,NY,AEA,CE,Combined TRACON& Tower with Radar,143,33,21,0,197,0,3,23,2,28,143,36,44,2,225,0,0,0,225
03/18/2018,BUF,NY,AEA,CE,Combined TRACON& Tower with Radar,132,41,26,0,199,0,3,29,0,32,132,44,55,0,231,0,0,0,231
03/19/2018,BUF,NY,AEA,CE,Combined TRACON& Tower with Radar,156,41,18,1,216,0,4,20,1,25,156,45,38,2,241,0,0,0,241
03/20/2018,BUF,NY,AEA,CE,Combined TRACON& Tower with Radar,148,51,16,2,217,0,3,14,0,17,148,54,30,2,234,0,0,0,234
03/21/2018,BUF,NY,AEA,CE,Combined TRACON& Tower with Radar,114,36,18,0,168,0,0,12,0,12,114,36,30,0,180,16,0,16,196
03/22/2018,BUF,NY,AEA,CE,Combined TRACON& Tower with Radar,156,69,14,0,239,0,5,32,1,38,156,74,46,1,277,0,0,0,277
03/23/2018,BUF,NY,AEA,CE,Combined TRACON& Tower with Radar,156,52,14,0,222,0,4,23,0,27,156,56,37,0,249,0,0,0,249
03/24/2018,BUF,NY,AEA,CE,Combined TRACON& Tower with Radar,138,36,14,0,188,0,3,12,0,15,138,39,26,0,203,0,0,0,203
03/25/2018,BUF,NY,AEA,CE,Combined TRACON& Tower with Radar,130,37,20,0,187,0,0,10,0,10,130,37,30,0,197,0,0,0,197
03/26/2018,BUF,NY,AEA,CE,Combined TRACON& Tower with Radar,142,54,26,0,222,0,5,27,0,32,142,59,53,0,254,0,0,0,254
03/27/2018,BUF,NY,AEA,CE,Combined TRACON& Tower with Radar,163,59,15,0,237,0,0,3,0,3,163,59,18,0,240,0,0,0,240
03/28/2018,BUF,NY,AEA,CE,Combined TRACON& Tower with Radar,157,59,21,0,237,0,3,0,0,3,157,62,21,0,240,30,0,30,270
03/29/2018,BUF,NY,AEA,CE,Combined TRACON& Tower with Radar,166,56,22,0,244,0,0,0,0,0,166,56,22,0,244,0,0,0,244
03/30/2018,BUF,NY,AEA,CE,Combined TRACON& Tower with Radar,157,55,8,0,220,0,14,2,0,16,157,69,10,0,236,0,0,0,236
03/31/2018,BUF,NY,AEA,CE,Combined TRACON& Tower with Radar,131,29,12,0,172,0,2,7,0,9,131,31,19,0,181,0,0,0,181
04/01/2018,BUF,NY,AEA,CE,Combined TRACON& Tower with Radar,133,43,10,0,186,0,4,2,0,6,133,47,12,0,192,32,0,32,224
04/02/2018,BUF,NY,AEA,CE,Combined TRACON& Tower with Radar,139,49,9,0,197,0,11,21,0,32,139,60,30,0,229,0,0,0,229
04/03/2018,BUF,NY,AEA,CE,Combined TRACON& Tower with Radar,148,53,11,0,212,0,0,2,0,2,148,53,13,0,214,0,0,0,214
04/04/2018,BUF,NY,AEA,CE,Combined TRACON& Tower with Radar,155,28,9,0,192,0,0,0,0,0,155,28,9,0,192,18,0,18,210
04/05/2018,BUF,NY,AEA,CE,Combined TRACON& Tower with Radar,152,61,14,0,227,0,5,7,0,12,152,66,21,0,239,0,0,0,239
04/06/2018,BUF,NY,AEA,CE,Combined TRACON& Tower with Radar,142,62,12,2,218,0,2,0,0,2,142,64,12,2,220,0,0,0,220
04/07/2018,BUF,NY,AEA,CE,Combined TRACON& Tower with Radar,123,46,19,0,188,0,5,15,0,20,123,51,34,0,208,0,0,0,208
04/08/2018,BUF,NY,AEA,CE,Combined TRACON& Tower with Radar,120,54,26,0,200,0,4,11,2,17,120,58,37,2,217,0,0,0,217
04/09/2018,BUF,NY,AEA,CE,Combined TRACON& Tower with Radar,137,62,16,0,215,0,5,18,0,23,137,67,34,0,238,30,0,30,268
04/10/2018,BUF,NY,AEA,CE,Combined TRACON& Tower with Radar,150,60,21,1,232,0,1,4,3,8,150,61,25,4,240,38,0,38,278
04/11/2018,BUF,NY,AEA,CE,Combined TRACON& Tower with Radar,152,67,10,0,229,0,0,24,0,24,152,67,34,0,253,0,0,0,253
04/12/2018,BUF,NY,AEA,CE,Combined TRACON& Tower with Radar,146,67,18,2,233,0,3,2,2,7,146,70,20,4,240,0,0,0,240
04/13/2018,BUF,NY,AEA,CE,Combined TRACON& Tower with Radar,145,66,18,0,229,0,7,13,0,20,145,73,31,0,249,0,0,0,249
04/14/2018,BUF,NY,AEA,CE,Combined TRACON& Tower with Radar,98,24,4,0,126,0,0,0,0,0,98,24,4,0,126,0,0,0,126
04/15/2018,BUF,NY,AEA,CE,Combined TRACON& Tower with Radar,96,44,11,0,151,0,0,0,0,0,96,44,11,0,151,0,0,0,151
04/16/2018,BUF,NY,AEA,CE,Combined TRACON& Tower with Radar,133,45,6,0,184,0,0,0,0,0,133,45,6,0,184,22,0,22,206
04/17/2018,BUF,NY,AEA,CE,Combined TRACON& Tower with Radar,149,68,12,0,229,0,4,1,0,5,149,72,13,0,234,0,0,0,234
04/18/2018,BUF,NY,AEA,CE,Combined TRACON& Tower with Radar,145,70,19,0,234,0,5,17,3,25,145,75,36,3,259,0,0,0,259
04/19/2018,BUF,NY,AEA,CE,Combined TRACON& Tower with Radar,137,63,14,0,214,0,2,5,0,7,137,65,19,0,221,0,0,0,221
04/20/2018,BUF,NY,AEA,CE,Combined TRACON& Tower with Radar,148,66,23,3,240,0,8,27,0,35,148,74,50,3,275,0,0,0,275
04/21/2018,BUF,NY,AEA,CE,Combined TRACON& Tower with Radar,116,38,35,0,189,0,9,61,0,70,116,47,96,0,259,0,0,0,259
04/22/2018,BUF,NY,AEA,CE,Combined TRACON& Tower with Radar,117,62,14,0,193,0,6,30,0,36,117,68,44,0,229,0,0,0,229
04/23/2018,BUF,NY,AEA,CE,Combined TRACON& Tower with Radar,152,62,21,0,235,0,9,43,2,54,152,71,64,2,289,50,0,50,339
04/24/2018,BUF,NY,AEA,CE,Combined TRACON& Tower with Radar,151,73,23,9,256,0,4,10,9,23,151,77,33,18,279,40,0,40,319
04/25/2018,BUF,NY,AEA,CE,Combined TRACON& Tower with Radar,142,66,33,0,241,0,0,0,0,0,142,66,33,0,241,0,0,0,241
04/26/2018,BUF,NY,AEA,CE,Combined TRACON& Tower with Radar,156,67,27,0,250,0,14,19,1,34,156,81,46,1,284,0,0,0,284
04/27/2018,BUF,NY,AEA,CE,Combined TRACON& Tower with Radar,154,75,25,0,254,0,3,19,15,37,154,78,44,15,291,0,0,0,291
04/28/2018,BUF,NY,AEA,CE,Combined TRACON& Tower with Radar,123,34,18,0,175,0,0,0,0,0,123,34,18,0,175,0,0,0,175
04/29/2018,BUF,NY,AEA,CE,Combined TRACON& Tower with Radar,125,50,7,0,182,0,0,5,0,5,125,50,12,0,187,26,0,26,213
04/30/2018,BUF,NY,AEA,CE,Combined TRACON& Tower with Radar,147,66,18,0,231,0,11,18,2,31,147,77,36,2,262,30,0,30,292
05/01/2018,BUF,NY,AEA,CE,Combined TRACON& Tower with Radar,154,61,34,11,260,0,7,31,9,47,154,68,65,20,307,0,0,0,307
05/02/2018,BUF,NY,AEA,CE,Combined TRACON& Tower with Radar,151,64,17,0,232,0,7,9,0,16,151,71,26,0,248,0,0,0,248
05/03/2018,BUF,NY,AEA,CE,Combined TRACON& Tower with Radar,148,61,23,6,238,0,2,2,3,7,148,63,25,9,245,0,0,0,245
05/04/2018,BUF,NY,AEA,CE,Combined TRACON& Tower with Radar,172,70,30,0,272,0,2,6,0,8,172,72,36,0,280,0,0,0,280
05/05/2018,BUF,NY,AEA,CE,Combined TRACON& Tower with Radar,130,37,12,2,181,0,6,37,0,43,130,43,49,2,224,0,0,0,224
05/06/2018,BUF,NY,AEA,CE,Combined TRACON& Tower with Radar,136,43,19,1,199,0,1,13,1,15,136,44,32,2,214,32,0,32,246
05/07/2018,BUF,NY,AEA,CE,Combined TRACON& Tower with Radar,153,56,27,0,236,0,9,30,2,41,153,65,57,2,277,0,0,0,277
05/08/2018,BUF,NY,AEA,CE,Combined TRACON& Tower with Radar,164,64,17,0,245,0,4,27,0,31,164,68,44,0,276,0,0,0,276
05/09/2018,BUF,NY,AEA,CE,Combined TRACON& Tower with Radar,159,72,39,2,272,0,9,23,0,32,159,81,62,2,304,0,0,0,304
05/10/2018,BUF,NY,AEA,CE,Combined TRACON& Tower with Radar,153,60,12,0,225,0,7,1,0,8,153,67,13,0,233,0,0,0,233
05/11/2018,BUF,NY,AEA,CE,Combined TRACON& Tower with Radar,162,56,30,0,248,0,11,20,3,34,162,67,50,3,282,0,0,0,282
05/12/2018,BUF,NY,AEA,CE,Combined TRACON& Tower with Radar,124,38,16,0,178,0,3,22,1,26,124,41,38,1,204,0,0,0,204
05/13/2018,BUF,NY,AEA,CE,Combined TRACON& Tower with Radar,125,54,11,0,190,0,6,7,2,15,125,60,18,2,205,0,0,0,205
05/14/2018,BUF,NY,AEA,CE,Combined TRACON& Tower with Radar,144,60,16,0,220,0,3,9,2,14,144,63,25,2,234,0,0,0,234
05/15/2018,BUF,NY,AEA,CE,Combined TRACON& Tower with Radar,131,64,10,4,209,0,0,2,2,4,131,64,12,6,213,0,0,0,213
05/16/2018,BUF,NY,AEA,CE,Combined TRACON& Tower with Radar,160,68,25,1,254,0,7,35,1,43,160,75,60,2,297,0,0,0,297
05/17/2018,BUF,NY,AEA,CE,Combined TRACON& Tower with Radar,157,77,28,2,264,0,10,25,2,37,157,87,53,4,301,0,0,0,301
05/18/2018,BUF,NY,AEA,CE,Combined TRACON& Tower with Radar,156,61,20,0,237,0,7,38,0,45,156,68,58,0,282,0,0,0,282
05/19/2018,BUF,NY,AEA,CE,Combined TRACON& Tower with Radar,119,40,14,0,173,0,4,1,0,5,119,44,15,0,178,0,0,0,178
05/20/2018,BUF,NY,AEA,CE,Combined TRACON& Tower with Radar,127,47,18,0,192,0,2,8,0,10,127,49,26,0,202,0,0,0,202
05/21/2018,BUF,NY,AEA,CE,Combined TRACON& Tower with Radar,161,63,16,4,244,0,8,25,0,33,161,71,41,4,277,0,0,0,277
05/22/2018,BUF,NY,AEA,CE,Combined TRACON& Tower with Radar,153,59,17,2,231,0,0,0,0,0,153,59,17,2,231,28,0,28,259
05/23/2018,BUF,NY,AEA,CE,Combined TRACON& Tower with Radar,163,62,26,4,255,0,0,8,0,8,163,62,34,4,263,0,0,0,263
05/24/2018,BUF,NY,AEA,CE,Combined TRACON& Tower with Radar,157,52,21,2,232,0,7,17,0,24,157,59,38,2,256,0,0,0,256
05/25/2018,BUF,NY,AEA,CE,Combined TRACON& Tower with Radar,152,64,21,0,237,0,8,17,0,25,152,72,38,0,262,0,0,0,262
05/26/2018,BUF,NY,AEA,CE,Combined TRACON& Tower with Radar,127,36,18,0,181,0,6,29,0,35,127,42,47,0,216,0,0,0,216
05/27/2018,BUF,NY,AEA,CE,Combined TRACON& Tower with Radar,107,34,18,0,159,0,7,10,0,17,107,41,28,0,176,0,0,0,176
05/28/2018,BUF,NY,AEA,CE,Combined TRACON& Tower with Radar,138,50,16,0,204,0,14,15,0,29,138,64,31,0,233,20,0,20,253
05/29/2018,BUF,NY,AEA,CE,Combined TRACON& Tower with Radar,154,62,18,2,236,0,6,16,4,26,154,68,34,6,262,26,0,26,288
05/30/2018,BUF,NY,AEA,CE,Combined TRACON& Tower with Radar,157,64,39,0,260,0,6,21,0,27,157,70,60,0,287,24,0,24,311
05/31/2018,BUF,NY,AEA,CE,Combined TRACON& Tower with Radar,147,71,30,20,268,0,7,6,0,13,147,78,36,20,281,0,0,0,281
06/01/2018,BUF,NY,AEA,CE,Combined TRACON& Tower with Radar,156,58,12,2,228,0,7,0,0,7,156,65,12,2,235,0,0,0,235
06/02/2018,BUF,NY,AEA,CE,Combined TRACON& Tower with Radar,120,30,13,0,163,0,3,6,0,9,120,33,19,0,172,0,0,0,172
06/03/2018,BUF,NY,AEA,CE,Combined TRACON& Tower with Radar,129,44,18,0,191,0,3,5,0,8,129,47,23,0,199,0,0,0,199
06/04/2018,BUF,NY,AEA,CE,Combined TRACON& Tower with Radar,156,56,14,12,238,0,2,7,0,9,156,58,21,12,247,0,0,0,247
06/05/2018,BUF,NY,AEA,CE,Combined TRACON& Tower with Radar,160,63,41,0,264,0,0,26,0,26,160,63,67,0,290,34,0,34,324
06/06/2018,BUF,NY,AEA,CE,Combined TRACON& Tower with Radar,163,57,34,10,264,0,1,13,1,15,163,58,47,11,279,0,0,0,279
06/07/2018,BUF,NY,AEA,CE,Combined TRACON& Tower with Radar,156,56,21,0,233,0,6,30,0,36,156,62,51,0,269,0,0,0,269
06/08/2018,BUF,NY,AEA,CE,Combined TRACON& Tower with Radar,165,62,33,6,266,0,5,23,2,30,165,67,56,8,296,0,0,0,296
06/09/2018,BUF,NY,AEA,CE,Combined TRACON& Tower with Radar,141,23,19,1,184,0,5,12,0,17,141,28,31,1,201,0,0,0,201
06/10/2018,BUF,NY,AEA,CE,Combined TRACON& Tower with Radar,146,43,26,1,216,0,8,13,0,21,146,51,39,1,237,30,0,30,267
06/11/2018,BUF,NY,AEA,CE,Combined TRACON& Tower with Radar,166,46,27,0,239,0,5,28,0,33,166,51,55,0,272,0,0,0,272
06/12/2018,BUF,NY,AEA,CE,Combined TRACON& Tower with Radar,178,52,23,0,253,0,1,30,6,37,178,53,53,6,290,34,0,34,324
06/13/2018,BUF,NY,AEA,CE,Combined TRACON& Tower with Radar,184,43,24,2,253,0,0,3,0,3,184,43,27,2,256,36,0,36,292
06/14/2018,BUF,NY,AEA,CE,Combined TRACON& Tower with Radar,180,57,27,0,264,0,5,21,0,26,180,62,48,0,290,0,0,0,290
06/15/2018,BUF,NY,AEA,CE,Combined TRACON& Tower with Radar,168,55,24,0,247,0,0,26,0,26,168,55,50,0,273,0,0,0,273
06/16/2018,BUF,NY,AEA,CE,Combined TRACON& Tower with Radar,148,29,11,0,188,0,2,18,0,20,148,31,29,0,208,0,0,0,208
06/17/2018,BUF,NY,AEA,CE,Combined TRACON& Tower with Radar,147,43,27,0,217,0,1,23,0,24,147,44,50,0,241,0,0,0,241
06/18/2018,BUF,NY,AEA,CE,Combined TRACON& Tower with Radar,156,45,17,0,218,0,4,1,0,5,156,49,18,0,223,0,0,0,223
06/19/2018,BUF,NY,AEA,CE,Combined TRACON& Tower with Radar,168,66,38,0,272,0,2,32,2,36,168,68,70,2,308,0,0,0,308
06/20/2018,BUF,NY,AEA,CE,Combined TRACON& Tower with Radar,172,56,26,2,256,0,1,11,0,12,172,57,37,2,268,40,0,40,308
06/21/2018,BUF,NY,AEA,CE,Combined TRACON& Tower with Radar,167,49,40,4,260,0,0,27,0,27,167,49,67,4,287,0,0,0,287
06/22/2018,BUF,NY,AEA,CE,Combined TRACON& Tower with Radar,167,48,30,0,245,0,4,15,0,19,167,52,45,0,264,0,0,0,264
06/23/2018,BUF,NY,AEA,CE,Combined TRACON& Tower with Radar,143,34,17,0,194,0,0,1,0,1,143,34,18,0,195,0,0,0,195
06/24/2018,BUF,NY,AEA,CE,Combined TRACON& Tower with Radar,141,37,26,0,204,0,0,0,0,0,141,37,26,0,204,12,0,12,216
06/25/2018,BUF,NY,AEA,CE,Combined TRACON& Tower with Radar,158,51,30,2,241,0,0,22,0,22,158,51,52,2,263,0,0,0,263
06/26/2018,BUF,NY,AEA,CE,Combined TRACON& Tower with Radar,166,58,30,2,256,0,3,33,0,36,166,61,63,2,292,38,0,38,330
06/27/2018,BUF,NY,AEA,CE,Combined TRACON& Tower with Radar,171,52,24,0,247,0,0,5,0,5,171,52,29,0,252,0,0,0,252
06/28/2018,BUF,NY,AEA,CE,Combined TRACON& Tower with Radar,160,46,46,0,252,0,2,11,0,13,160,48,57,0,265,0,0,0,265
06/29/2018,BUF,NY,AEA,CE,Combined TRACON& Tower with Radar,173,51,29,0,253,0,7,32,2,41,173,58,61,2,294,0,0,0,294
06/30/2018,BUF,NY,AEA,CE,Combined TRACON& Tower with Radar,142,27,13,0,182,0,5,13,0,18,142,32,26,0,200,0,0,0,200
07/01/2018,BUF,NY,AEA,CE,Combined TRACON& Tower with Radar,129,45,31,0,205,0,3,19,0,22,129,48,50,0,227,34,0,34,261
07/02/2018,BUF,NY,AEA,CE,Combined TRACON& Tower with Radar,140,30,7,0,177,0,2,11,2,15,140,32,18,2,192,24,0,24,216
07/03/2018,BUF,NY,AEA,CE,Combined TRACON& Tower with Radar,135,48,15,0,198,0,4,34,0,38,135,52,49,0,236,36,0,36,272
07/04/2018,BUF,NY,AEA,CE,Combined TRACON& Tower with Radar,123,24,8,6,161,0,3,8,0,11,123,27,16,6,172,30,0,30,202
07/05/2018,BUF,NY,AEA,CE,Combined TRACON& Tower with Radar,147,47,12,1,207,0,2,12,0,14,147,49,24,1,221,0,0,0,221
07/06/2018,BUF,NY,AEA,CE,Combined TRACON& Tower with Radar,150,47,26,5,228,0,4,22,0,26,150,51,48,5,254,0,0,0,254
07/07/2018,BUF,NY,AEA,CE,Combined TRACON& Tower with Radar,144,32,6,0,182,0,1,29,0,30,144,33,35,0,212,0,0,0,212
07/08/2018,BUF,NY,AEA,CE,Combined TRACON& Tower with Radar,147,42,26,0,215,0,6,28,0,34,147,48,54,0,249,0,0,0,249
07/09/2018,BUF,NY,AEA,CE,Combined TRACON& Tower with Radar,174,43,18,0,235,0,4,31,2,37,174,47,49,2,272,0,0,0,272
07/10/2018,BUF,NY,AEA,CE,Combined TRACON& Tower with Radar,175,49,21,6,251,0,4,22,0,26,175,53,43,6,277,0,0,0,277
07/11/2018,BUF,NY,AEA,CE,Combined TRACON& Tower with Radar,178,43,20,0,241,0,7,48,1,56,178,50,68,1,297,0,0,0,297
07/12/2018,BUF,NY,AEA,CE,Combined TRACON& Tower with Radar,177,44,34,2,257,0,5,35,1,41,177,49,69,3,298,0,0,0,298
07/13/2018,BUF,NY,AEA,CE,Combined TRACON& Tower with Radar,178,47,26,1,252,0,2,32,7,41,178,49,58,8,293,0,0,0,293
07/14/2018,BUF,NY,AEA,CE,Combined TRACON& Tower with Radar,150,22,12,0,184,0,2,15,0,17,150,24,27,0,201,0,0,0,201
07/15/2018,BUF,NY,AEA,CE,Combined TRACON& Tower with Radar,133,30,29,0,192,0,1,29,0,30,133,31,58,0,222,30,0,30,252
07/16/2018,BUF,NY,AEA,CE,Combined TRACON& Tower with Radar,167,39,25,2,233,0,3,11,2,16,167,42,36,4,249,0,0,0,249
07/17/2018,BUF,NY,AEA,CE,Combined TRACON& Tower with Radar,162,39,22,2,225,0,4,23,0,27,162,43,45,2,252,100,0,100,352
07/18/2018,BUF,NY,AEA,CE,Combined TRACON& Tower with Radar,180,52,28,2,262,0,19,30,0,49,180,71,58,2,311,0,0,0,311
07/19/2018,BUF,NY,AEA,CE,Combined TRACON& Tower with Radar,176,42,35,0,253,0,8,30,0,38,176,50,65,0,291,0,0,0,291
07/20/2018,BUF,NY,AEA,CE,Combined TRACON& Tower with Radar,172,61,18,0,251,0,7,26,0,33,172,68,44,0,284,0,0,0,284
07/21/2018,BUF,NY,AEA,CE,Combined TRACON& Tower with Radar,150,46,20,0,216,0,0,13,0,13,150,46,33,0,229,0,0,0,229
07/22/2018,BUF,NY,AEA,CE,Combined TRACON& Tower with Radar,146,43,27,0,216,0,11,2,0,13,146,54,29,0,229,0,0,0,229
07/23/2018,BUF,NY,AEA,CE,Combined TRACON& Tower with Radar,169,41,14,0,224,0,4,10,0,14,169,45,24,0,238,0,0,0,238
07/24/2018,BUF,NY,AEA,CE,Combined TRACON& Tower with Radar,173,44,36,0,253,1,12,13,0,26,174,56,49,0,279,26,0,26,305
07/25/2018,BUF,NY,AEA,CE,Combined TRACON& Tower with Radar,169,54,22,0,245,0,3,0,1,4,169,57,22,1,249,20,0,20,269
07/26/2018,BUF,NY,AEA,CE,Combined TRACON& Tower with Radar,189,52,26,0,267,0,3,26,1,30,189,55,52,1,297,0,0,0,297
07/27/2018,BUF,NY,AEA,CE,Combined TRACON& Tower with Radar,164,46,27,0,237,0,8,14,0,22,164,54,41,0,259,0,0,0,259
07/28/2018,BUF,NY,AEA,CE,Combined TRACON& Tower with Radar,157,31,21,0,209,0,3,35,0,38,157,34,56,0,247,0,0,0,247
07/29/2018,BUF,NY,AEA,CE,Combined TRACON& Tower with Radar,145,45,27,0,217,0,7,32,1,40,145,52,59,1,257,34,0,34,291
07/30/2018,BUF,NY,AEA,CE,Combined TRACON& Tower with Radar,174,38,18,0,230,0,4,15,2,21,174,42,33,2,251,24,0,24,275
07/31/2018,BUF,NY,AEA,CE,Combined TRACON& Tower with Radar,179,52,12,2,245,0,6,11,4,21,179,58,23,6,266,30,0,30,296
08/01/2018,BUF,NY,AEA,CE,Combined TRACON& Tower with Radar,172,48,27,0,247,0,2,9,0,11,172,50,36,0,258,0,0,0,258
08/02/2018,BUF,NY,AEA,CE,Combined TRACON& Tower with Radar,173,47,28,1,249,0,2,15,1,18,173,49,43,2,267,0,0,0,267
08/03/2018,BUF,NY,AEA,CE,Combined TRACON& Tower with Radar,164,45,16,0,225,0,5,11,0,16,164,50,27,0,241,0,0,0,241
08/04/2018,BUF,NY,AEA,CE,Combined TRACON& Tower with Radar,152,43,13,0,208,0,0,16,0,16,152,43,29,0,224,0,0,0,224
08/05/2018,BUF,NY,AEA,CE,Combined TRACON& Tower with Radar,147,49,21,0,217,0,6,10,2,18,147,55,31,2,235,24,0,24,259
08/06/2018,BUF,NY,AEA,CE,Combined TRACON& Tower with Radar,175,48,14,0,237,0,6,8,2,16,175,54,22,2,253,28,0,28,281
08/07/2018,BUF,NY,AEA,CE,Combined TRACON& Tower with Radar,163,56,30,0,249,0,4,0,0,4,163,60,30,0,253,0,0,0,253
08/08/2018,BUF,NY,AEA,CE,Combined TRACON& Tower with Radar,175,50,25,0,250,0,4,8,0,12,175,54,33,0,262,0,0,0,262
08/09/2018,BUF,NY,AEA,CE,Combined TRACON& Tower with Radar,170,52,22,2,246,0,2,23,1,26,170,54,45,3,272,0,0,0,272
08/10/2018,BUF,NY,AEA,CE,Combined TRACON& Tower with Radar,163,56,31,0,250,0,6,22,0,28,163,62,53,0,278,0,0,0,278
08/11/2018,BUF,NY,AEA,CE,Combined TRACON& Tower with Radar,142,29,11,2,184,0,2,25,0,27,142,31,36,2,211,0,0,0,211
08/12/2018,BUF,NY,AEA,CE,Combined TRACON& Tower with Radar,138,40,27,1,206,0,0,20,0,20,138,40,47,1,226,0,0,0,226
08/13/2018,BUF,NY,AEA,CE,Combined TRACON& Tower with Radar,159,40,20,3,222,0,4,11,0,15,159,44,31,3,237,22,0,22,259
08/14/2018,BUF,NY,AEA,CE,Combined TRACON& Tower with Radar,163,36,14,0,213,0,2,4,0,6,163,38,18,0,219,24,0,24,243
08/15/2018,BUF,NY,AEA,CE,Combined TRACON& Tower with Radar,178,46,32,4,260,0,1,11,0,12,178,47,43,4,272,0,0,0,272
08/16/2018,BUF,NY,AEA,CE,Combined TRACON& Tower with Radar,169,45,28,2,244,0,1,14,0,15,169,46,42,2,259,0,0,0,259
08/17/2018,BUF,NY,AEA,CE,Combined TRACON& Tower with Radar,165,44,16,0,225,0,3,6,0,9,165,47,22,0,234,0,0,0,234
08/18/2018,BUF,NY,AEA,CE,Combined TRACON& Tower with Radar,155,46,9,0,210,0,4,4,0,8,155,50,13,0,218,0,0,0,218
08/19/2018,BUF,NY,AEA,CE,Combined TRACON& Tower with Radar,153,33,25,0,211,0,3,19,2,24,153,36,44,2,235,0,0,0,235
08/20/2018,BUF,NY,AEA,CE,Combined TRACON& Tower with Radar,163,44,16,0,223,0,2,18,4,24,163,46,34,4,247,20,0,20,267
08/21/2018,BUF,NY,AEA,CE,Combined TRACON& Tower with Radar,173,37,17,0,227,0,4,1,4,9,173,41,18,4,236,16,0,16,252
08/22/2018,BUF,NY,AEA,CE,Combined TRACON& Tower with Radar,184,57,23,7,271,0,2,6,2,10,184,59,29,9,281,16,0,16,297
08/23/2018,BUF,NY,AEA,CE,Combined TRACON& Tower with Radar,174,52,28,0,254,0,9,19,0,28,174,61,47,0,282,0,0,0,282
08/24/2018,BUF,NY,AEA,CE,Combined TRACON& Tower with Radar,173,39,28,0,240,0,7,56,1,64,173,46,84,1,304,0,0,0,304
08/25/2018,BUF,NY,AEA,CE,Combined TRACON& Tower with Radar,145,30,16,0,191,0,2,45,0,47,145,32,61,0,238,0,0,0,238
08/26/2018,BUF,NY,AEA,CE,Combined TRACON& Tower with Radar,144,33,28,2,207,0,0,31,0,31,144,33,59,2,238,26,0,26,264
08/27/2018,BUF,NY,AEA,CE,Combined TRACON& Tower with Radar,170,34,26,0,230,0,1,16,0,17,170,35,42,0,247,0,0,0,247
08/28/2018,BUF,NY,AEA,CE,Combined TRACON& Tower with Radar,165,36,6,0,207,0,7,2,0,9,165,43,8,0,216,0,0,0,216
08/29/2018,BUF,NY,AEA,CE,Combined TRACON& Tower with Radar,177,41,20,0,238,0,2,6,0,8,177,43,26,0,246,0,0,0,246
08/30/2018,BUF,NY,AEA,CE,Combined TRACON& Tower with Radar,165,43,33,0,241,0,5,12,2,19,165,48,45,2,260,0,0,0,260
08/31/2018,BUF,NY,AEA,CE,Combined TRACON& Tower with Radar,161,40,25,0,226,0,10,83,0,93,161,50,108,0,319,0,0,0,319
09/01/2018,BUF,NY,AEA,CE,Combined TRACON& Tower with Radar,133,30,15,0,178,0,6,19,0,25,133,36,34,0,203,0,0,0,203
09/02/2018,BUF,NY,AEA,CE,Combined TRACON& Tower with Radar,112,36,7,0,155,0,5,0,0,5,112,41,7,0,160,16,0,16,176
09/03/2018,BUF,NY,AEA,CE,Combined TRACON& Tower with Radar,143,28,18,0,189,0,2,18,0,20,143,30,36,0,209,18,0,18,227
09/04/2018,BUF,NY,AEA,CE,Combined TRACON& Tower with Radar,161,32,11,2,206,0,5,28,0,33,161,37,39,2,239,28,0,28,267
09/05/2018,BUF,NY,AEA,CE,Combined TRACON& Tower with Radar,165,39,27,2,233,0,1,17,2,20,165,40,44,4,253,26,0,26,279
09/06/2018,BUF,NY,AEA,CE,Combined TRACON& Tower with Radar,159,36,39,0,234,0,1,8,0,9,159,37,47,0,243,0,0,0,243
09/07/2018,BUF,NY,AEA,CE,Combined TRACON& Tower with Radar,165,31,27,10,233,0,3,32,5,40,165,34,59,15,273,0,0,0,273
09/08/2018,BUF,NY,AEA,CE,Combined TRACON& Tower with Radar,146,20,24,9,199,0,3,25,0,28,146,23,49,9,227,0,0,0,227
09/09/2018,BUF,NY,AEA,CE,Combined TRACON& Tower with Radar,148,27,37,2,214,0,5,22,0,27,148,32,59,2,241,26,0,26,267
09/10/2018,BUF,NY,AEA,CE,Combined TRACON& Tower with Radar,166,36,14,0,216,0,0,2,0,2,166,36,16,0,218,0,0,0,218
09/11/2018,BUF,NY,AEA,CE,Combined TRACON& Tower with Radar,172,51,26,0,249,0,4,2,0,6,172,55,28,0,255,18,0,18,273
09/12/2018,BUF,NY,AEA,CE,Combined TRACON& Tower with Radar,174,35,29,2,240,0,2,16,0,18,174,37,45,2,258,32,0,32,290
09/13/2018,BUF,NY,AEA,CE,Combined TRACON& Tower with Radar,172,33,31,0,236,0,7,27,0,34,172,40,58,0,270,0,0,0,270
09/14/2018,BUF,NY,AEA,CE,Combined TRACON& Tower with Radar,175,36,33,0,244,0,6,25,0,31,175,42,58,0,275,0,0,0,275
09/15/2018,BUF,NY,AEA,CE,Combined TRACON& Tower with Radar,135,24,15,0,174,0,6,22,0,28,135,30,37,0,202,0,0,0,202
09/16/2018,BUF,NY,AEA,CE,Combined TRACON& Tower with Radar,144,33,28,2,207,0,0,31,0,31,144,33,59,2,238,0,0,0,238
09/17/2018,BUF,NY,AEA,CE,Combined TRACON& Tower with Radar,172,35,17,0,224,0,0,26,0,26,172,35,43,0,250,34,0,34,284
09/18/2018,BUF,NY,AEA,CE,Combined TRACON& Tower with Radar,175,35,19,0,229,0,0,9,0,9,175,35,28,0,238,18,0,18,256
09/19/2018,BUF,NY,AEA,CE,Combined TRACON& Tower with Radar,177,40,23,0,240,0,2,15,2,19,177,42,38,2,259,24,0,24,283
09/20/2018,BUF,NY,AEA,CE,Combined TRACON& Tower with Radar,173,35,24,0,232,0,5,15,0,20,173,40,39,0,252,0,0,0,252
09/21/2018,BUF,NY,AEA,CE,Combined TRACON& Tower with Radar,172,35,20,0,227,0,10,2,0,12,172,45,22,0,239,0,0,0,239
09/22/2018,BUF,NY,AEA,CE,Combined TRACON& Tower with Radar,148,24,12,0,184,0,3,24,0,27,148,27,36,0,211,0,0,0,211
09/23/2018,BUF,NY,AEA,CE,Combined TRACON& Tower with Radar,149,32,22,1,204,0,2,26,0,28,149,34,48,1,232,16,0,16,248
09/24/2018,BUF,NY,AEA,CE,Combined TRACON& Tower with Radar,167,33,15,7,222,0,5,17,0,22,167,38,32,7,244,26,0,26,270
09/25/2018,BUF,NY,AEA,CE,Combined TRACON& Tower with Radar,165,38,23,0,226,0,2,4,0,6,165,40,27,0,232,14,0,14,246
09/26/2018,BUF,NY,AEA,CE,Combined TRACON& Tower with Radar,166,40,25,0,231,0,2,2,0,4,166,42,27,0,235,0,0,0,235
09/27/2018,BUF,NY,AEA,CE,Combined TRACON& Tower with Radar,175,50,32,0,257,0,4,48,3,55,175,54,80,3,312,0,0,0,312
09/28/2018,BUF,NY,AEA,CE,Combined TRACON& Tower with Radar,176,42,29,0,247,0,1,24,0,25,176,43,53,0,272,0,0,0,272
09/29/2018,BUF,NY,AEA,CE,Combined TRACON& Tower with Radar,141,30,20,2,193,0,3,17,2,22,141,33,37,4,215,0,0,0,215
09/30/2018,BUF,NY,AEA,CE,Combined TRACON& Tower with Radar,150,35,20,0,205,0,36,13,2,51,150,71,33,2,256,30,0,30,286
10/01/2018,BUF,NY,AEA,CE,Combined TRACON& Tower with Radar,172,33,17,0,222,0,0,0,0,0,172,33,17,0,222,0,0,0,222
10/02/2018,BUF,NY,AEA,CE,Combined TRACON& Tower with Radar,162,32,17,0,211,0,0,0,0,0,162,32,17,0,211,0,0,0,211
10/03/2018,BUF,NY,AEA,CE,Combined TRACON& Tower with Radar,183,44,37,0,264,0,1,10,0,11,183,45,47,0,275,14,0,14,289
10/04/2018,BUF,NY,AEA,CE,Combined TRACON& Tower with Radar,173,44,22,0,239,0,1,9,0,10,173,45,31,0,249,0,0,0,249
10/05/2018,BUF,NY,AEA,CE,Combined TRACON& Tower with Radar,180,49,27,0,256,0,10,28,0,38,180,59,55,0,294,0,0,0,294
10/06/2018,BUF,NY,AEA,CE,Combined TRACON& Tower with Radar,137,18,12,0,167,0,1,3,1,5,137,19,15,1,172,0,0,0,172
10/07/2018,BUF,NY,AEA,CE,Combined TRACON& Tower with Radar,142,48,30,0,220,0,0,0,0,0,142,48,30,0,220,26,0,26,246
10/08/2018,BUF,NY,AEA,CE,Combined TRACON& Tower with Radar,177,32,31,2,242,0,0,11,0,11,177,32,42,2,253,22,0,22,275
10/09/2018,BUF,NY,AEA,CE,Combined TRACON& Tower with Radar,174,41,20,2,237,0,2,31,0,33,174,43,51,2,270,20,0,20,290
10/10/2018,BUF,NY,AEA,CE,Combined TRACON& Tower with Radar,175,40,19,1,235,0,6,24,1,31,175,46,43,2,266,0,0,0,266
10/11/2018,BUF,NY,AEA,CE,Combined TRACON& Tower with Radar,162,34,21,2,219,0,3,2,2,7,162,37,23,4,226,0,0,0,226
10/12/2018,BUF,NY,AEA,CE,Combined TRACON& Tower with Radar,184,37,19,0,240,0,2,3,0,5,184,39,22,0,245,0,0,0,245
10/13/2018,BUF,NY,AEA,CE,Combined TRACON& Tower with Radar,143,19,18,8,188,0,5,22,0,27,143,24,40,8,215,0,0,0,215
10/14/2018,BUF,NY,AEA,CE,Combined TRACON& Tower with Radar,148,34,12,0,194,0,7,29,0,36,148,41,41,0,230,18,0,18,248
10/15/2018,BUF,NY,AEA,CE,Combined TRACON& Tower with Radar,165,38,19,4,226,0,0,0,0,0,165,38,19,4,226,0,0,0,226
10/16/2018,BUF,NY,AEA,CE,Combined TRACON& Tower with Radar,176,44,22,0,242,0,1,10,0,11,176,45,32,0,253,18,0,18,271
10/17/2018,BUF,NY,AEA,CE,Combined TRACON& Tower with Radar,174,47,14,2,237,0,2,4,0,6,174,49,18,2,243,0,0,0,243
10/18/2018,BUF,NY,AEA,CE,Combined TRACON& Tower with Radar,166,42,19,0,227,0,1,28,0,29,166,43,47,0,256,0,0,0,256
10/19/2018,BUF,NY,AEA,CE,Combined TRACON& Tower with Radar,173,36,13,0,222,0,8,8,0,16,173,44,21,0,238,0,0,0,238
10/20/2018,BUF,NY,AEA,CE,Combined TRACON& Tower with Radar,136,30,11,0,177,0,1,9,0,10,136,31,20,0,187,0,0,0,187
10/21/2018,BUF,NY,AEA,CE,Combined TRACON& Tower with Radar,150,28,19,0,197,0,2,8,0,10,150,30,27,0,207,18,0,18,225
10/22/2018,BUF,NY,AEA,CE,Combined TRACON& Tower with Radar,173,36,29,2,240,0,1,6,0,7,173,37,35,2,247,18,0,18,265
10/23/2018,BUF,NY,AEA,CE,Combined TRACON& Tower with Radar,170,33,21,0,224,0,5,0,0,5,170,38,21,0,229,12,0,12,241
10/24/2018,BUF,NY,AEA,CE,Combined TRACON& Tower with Radar,178,48,22,2,250,0,0,6,0,6,178,48,28,2,256,16,0,16,272
10/25/2018,BUF,NY,AEA,CE,Combined TRACON& Tower with Radar,171,38,29,0,238,0,1,24,0,25,171,39,53,0,263,0,0,0,263
10/26/2018,BUF,NY,AEA,CE,Combined TRACON& Tower with Radar,173,40,22,2,237,0,2,20,0,22,173,42,42,2,259,0,0,0,259
10/27/2018,BUF,NY,AEA,CE,Combined TRACON& Tower with Radar,135,24,6,0,165,0,0,1,0,1,135,24,7,0,166,0,0,0,166
10/28/2018,BUF,NY,AEA,CE,Combined TRACON& Tower with Radar,135,34,13,0,182,0,0,0,0,0,135,34,13,0,182,6,0,6,188
10/29/2018,BUF,NY,AEA,CE,Combined TRACON& Tower with Radar,156,40,27,0,223,0,0,10,0,10,156,40,37,0,233,16,0,16,249
10/30/2018,BUF,NY,AEA,CE,Combined TRACON& Tower with Radar,158,45,32,1,236,0,2,37,0,39,158,47,69,1,275,20,0,20,295
10/31/2018,BUF,NY,AEA,CE,Combined TRACON& Tower with Radar,143,38,11,0,192,0,0,0,0,0,143,38,11,0,192,0,0,0,192
11/01/2018,BUF,NY,AEA,CE,Combined TRACON& Tower with Radar,147,47,21,0,215,0,0,2,0,2,147,47,23,0,217,0,0,0,217
11/02/2018,BUF,NY,AEA,CE,Combined TRACON& Tower with Radar,168,36,10,0,214,0,0,0,0,0,168,36,10,0,214,0,0,0,214
11/03/2018,BUF,NY,AEA,CE,Combined TRACON& Tower with Radar,136,22,18,0,176,0,1,13,2,16,136,23,31,2,192,0,0,0,192
11/04/2018,BUF,NY,AEA,CE,Combined TRACON& Tower with Radar,131,39,18,0,188,0,2,27,0,29,131,41,45,0,217,0,0,0,217
11/05/2018,BUF,NY,AEA,CE,Combined TRACON& Tower with Radar,162,38,21,0,221,0,6,5,0,11,162,44,26,0,232,0,0,0,232
11/06/2018,BUF,NY,AEA,CE,Combined TRACON& Tower with Radar,162,28,18,0,208,0,1,0,0,1,162,29,18,0,209,0,0,0,209
11/07/2018,BUF,NY,AEA,CE,Combined TRACON& Tower with Radar,166,39,14,0,219,0,5,3,0,8,166,44,17,0,227,10,0,10,237
11/08/2018,BUF,NY,AEA,CE,Combined TRACON& Tower with Radar,168,45,17,0,230,0,8,19,2,29,168,53,36,2,259,0,0,0,259
11/09/2018,BUF,NY,AEA,CE,Combined TRACON& Tower with Radar,170,36,16,0,222,0,0,0,0,0,170,36,16,0,222,0,0,0,222
11/10/2018,BUF,NY,AEA,CE,Combined TRACON& Tower with Radar,143,24,2,0,169,0,0,0,0,0,143,24,2,0,169,0,0,0,169
11/11/2018,BUF,NY,AEA,CE,Combined TRACON& Tower with Radar,134,40,21,0,195,0,0,14,0,14,134,40,35,0,209,0,0,0,209
11/12/2018,BUF,NY,AEA,CE,Combined TRACON& Tower with Radar,175,41,15,0,231,0,3,16,0,19,175,44,31,0,250,0,0,0,250
11/13/2018,BUF,NY,AEA,CE,Combined TRACON& Tower with Radar,173,36,18,0,227,0,2,0,0,2,173,38,18,0,229,12,0,12,241
11/14/2018,BUF,NY,AEA,CE,Combined TRACON& Tower with Radar,177,37,19,0,233,0,6,10,0,16,177,43,29,0,249,0,0,0,249
11/15/2018,BUF,NY,AEA,CE,Combined TRACON& Tower with Radar,154,25,21,0,200,0,7,14,0,21,154,32,35,0,221,0,0,0,221
11/16/2018,BUF,NY,AEA,CE,Combined TRACON& Tower with Radar,161,51,11,0,223,0,1,0,1,2,161,52,11,1,225,0,0,0,225
11/17/2018,BUF,NY,AEA,CE,Combined TRACON& Tower with Radar,143,27,8,0,178,0,0,2,0,2,143,27,10,0,180,0,0,0,180
11/18/2018,BUF,NY,AEA,CE,Combined TRACON& Tower with Radar,141,34,12,0,187,0,0,6,0,6,141,34,18,0,193,0,0,0,193
11/19/2018,BUF,NY,AEA,CE,Combined TRACON& Tower with Radar,158,36,10,0,204,0,0,14,0,14,158,36,24,0,218,0,0,0,218
11/20/2018,BUF,NY,AEA,CE,Combined TRACON& Tower with Radar,175,43,19,4,241,0,5,4,0,9,175,48,23,4,250,0,0,0,250
11/21/2018,BUF,NY,AEA,CE,Combined TRACON& Tower with Radar,175,37,8,0,220,0,2,3,0,5,175,39,11,0,225,12,0,12,237
11/22/2018,BUF,NY,AEA,CE,Combined TRACON& Tower with Radar,98,16,7,0,121,0,4,11,0,15,98,20,18,0,136,0,0,0,136
11/23/2018,BUF,NY,AEA,CE,Combined TRACON& Tower with Radar,117,20,17,0,154,0,4,28,0,32,117,24,45,0,186,0,0,0,186
11/24/2018,BUF,NY,AEA,CE,Combined TRACON& Tower with Radar,161,31,12,0,204,0,4,2,0,6,161,35,14,0,210,0,0,0,210
11/25/2018,BUF,NY,AEA,CE,Combined TRACON& Tower with Radar,158,30,25,0,213,0,0,3,0,3,158,30,28,0,216,0,0,0,216
11/26/2018,BUF,NY,AEA,CE,Combined TRACON& Tower with Radar,157,31,15,0,203,0,0,0,0,0,157,31,15,0,203,0,0,0,203
11/27/2018,BUF,NY,AEA,CE,Combined TRACON& Tower with Radar,169,48,13,0,230,0,0,0,0,0,169,48,13,0,230,0,0,0,230
11/28/2018,BUF,NY,AEA,CE,Combined TRACON& Tower with Radar,163,44,14,0,221,0,0,1,0,1,163,44,15,0,222,0,0,0,222
11/29/2018,BUF,NY,AEA,CE,Combined TRACON& Tower with Radar,168,41,23,0,232,0,4,0,0,4,168,45,23,0,236,0,0,0,236
11/30/2018,BUF,NY,AEA,CE,Combined TRACON& Tower with Radar,159,45,10,0,214,0,8,0,2,10,159,53,10,2,224,0,0,0,224
12/01/2018,BUF,NY,AEA,CE,Combined TRACON& Tower with Radar,130,22,6,0,158,0,3,1,0,4,130,25,7,0,162,0,0,0,162
12/02/2018,BUF,NY,AEA,CE,Combined TRACON& Tower with Radar,126,36,13,0,175,0,4,8,0,12,126,40,21,0,187,0,0,0,187
12/03/2018,BUF,NY,AEA,CE,Combined TRACON& Tower with Radar,155,32,16,0,203,0,0,0,0,0,155,32,16,0,203,0,0,0,203
12/04/2018,BUF,NY,AEA,CE,Combined TRACON& Tower with Radar,161,44,24,0,229,0,1,16,0,17,161,45,40,0,246,0,0,0,246
12/05/2018,BUF,NY,AEA,CE,Combined TRACON& Tower with Radar,159,50,17,0,226,0,3,13,0,16,159,53,30,0,242,0,0,0,242
12/06/2018,BUF,NY,AEA,CE,Combined TRACON& Tower with Radar,156,37,9,0,202,0,0,0,0,0,156,37,9,0,202,0,0,0,202
12/07/2018,BUF,NY,AEA,CE,Combined TRACON& Tower with Radar,167,39,16,0,222,0,4,8,0,12,167,43,24,0,234,0,0,0,234
12/08/2018,BUF,NY,AEA,CE,Combined TRACON& Tower with Radar,128,26,12,0,166,0,1,17,0,18,128,27,29,0,184,74,0,74,258
12/09/2018,BUF,NY,AEA,CE,Combined TRACON& Tower with Radar,124,41,12,0,177,0,5,13,0,18,124,46,25,0,195,0,0,0,195
12/10/2018,BUF,NY,AEA,CE,Combined TRACON& Tower with Radar,158,36,18,0,212,0,3,7,0,10,158,39,25,0,222,0,0,0,222
12/11/2018,BUF,NY,AEA,CE,Combined TRACON& Tower with Radar,162,44,23,0,229,0,0,0,0,0,162,44,23,0,229,0,0,0,229
12/12/2018,BUF,NY,AEA,CE,Combined TRACON& Tower with Radar,159,48,23,4,234,0,0,4,0,4,159,48,27,4,238,0,0,0,238
12/13/2018,BUF,NY,AEA,CE,Combined TRACON& Tower with Radar,159,48,24,0,231,0,3,9,0,12,159,51,33,0,243,0,0,0,243
12/14/2018,BUF,NY,AEA,CE,Combined TRACON& Tower with Radar,161,33,16,1,211,0,3,10,1,14,161,36,26,2,225,0,0,0,225
12/15/2018,BUF,NY,AEA,CE,Combined TRACON& Tower with Radar,133,24,5,0,162,0,2,2,0,4,133,26,7,0,166,0,0,0,166
12/16/2018,BUF,NY,AEA,CE,Combined TRACON& Tower with Radar,140,29,16,0,185,0,1,1,0,2,140,30,17,0,187,0,0,0,187
12/17/2018,BUF,NY,AEA,CE,Combined TRACON& Tower with Radar,160,32,18,2,212,0,3,0,0,3,160,35,18,2,215,0,0,0,215
12/18/2018,BUF,NY,AEA,CE,Combined TRACON& Tower with Radar,169,35,25,0,229,0,2,29,0,31,169,37,54,0,260,0,0,0,260
12/19/2018,BUF,NY,AEA,CE,Combined TRACON& Tower with Radar,159,55,32,0,246,0,4,22,4,30,159,59,54,4,276,0,0,0,276
12/20/2018,BUF,NY,AEA,CE,Combined TRACON& Tower with Radar,143,61,34,0,238,0,3,20,0,23,143,64,54,0,261,0,0,0,261
12/21/2018,BUF,NY,AEA,CE,Combined TRACON& Tower with Radar,153,51,24,0,228,0,0,0,0,0,153,51,24,0,228,0,0,0,228
12/22/2018,BUF,NY,AEA,CE,Combined TRACON& Tower with Radar,150,43,11,0,204,0,1,0,0,1,150,44,11,0,205,0,0,0,205
12/23/2018,BUF,NY,AEA,CE,Combined TRACON& Tower with Radar,140,36,9,0,185,0,2,13,0,15,140,38,22,0,200,0,0,0,200
12/24/2018,BUF,NY,AEA,CE,Combined TRACON& Tower with Radar,107,29,7,0,143,0,1,0,0,1,107,30,7,0,144,0,0,0,144
12/25/2018,BUF,NY,AEA,CE,Combined TRACON& Tower with Radar,87,31,1,0,119,0,0,1,0,1,87,31,2,0,120,0,0,0,120
12/26/2018,BUF,NY,AEA,CE,Combined TRACON& Tower with Radar,135,59,15,0,209,0,0,7,0,7,135,59,22,0,216,0,0,0,216
12/27/2018,BUF,NY,AEA,CE,Combined TRACON& Tower with Radar,143,50,13,0,206,0,0,14,0,14,143,50,27,0,220,0,0,0,220
12/28/2018,BUF,NY,AEA,CE,Combined TRACON& Tower with Radar,142,48,9,0,199,0,2,0,0,2,142,50,9,0,201,0,0,0,201
12/29/2018,BUF,NY,AEA,CE,Combined TRACON& Tower with Radar,140,43,6,0,189,0,0,1,0,1,140,43,7,0,190,0,0,0,190
12/30/2018,BUF,NY,AEA,CE,Combined TRACON& Tower with Radar,130,47,10,0,187,0,0,0,0,0,130,47,10,0,187,0,0,0,187
12/31/2018,BUF,NY,AEA,CE,Combined TRACON& Tower with Radar,113,30,7,0,150,0,1,15,0,16,113,31,22,0,166,0,0,0,166
01/01/2019,BUF,NY,AEA,CE,Combined TRACON& Tower with Radar,111,31,8,0,150,0,0,2,1,3,111,31,10,1,153,0,0,0,153
01/02/2019,BUF,NY,AEA,CE,Combined TRACON& Tower with Radar,132,47,10,0,189,0,2,4,0,6,132,49,14,0,195,0,0,0,195
01/03/2019,BUF,NY,AEA,CE,Combined TRACON& Tower with Radar,136,41,13,0,190,0,1,2,2,5,136,42,15,2,195,0,0,0,195
01/04/2019,BUF,NY,AEA,CE,Combined TRACON& Tower with Radar,136,41,7,0,184,0,4,18,0,22,136,45,25,0,206,0,0,0,206
01/05/2019,BUF,NY,AEA,CE,Combined TRACON& Tower with Radar,113,34,10,0,157,0,0,0,0,0,113,34,10,0,157,0,0,0,157
01/06/2019,BUF,NY,AEA,CE,Combined TRACON& Tower with Radar,117,39,12,0,168,0,2,2,0,4,117,41,14,0,172,0,0,0,172
01/07/2019,BUF,NY,AEA,CE,Combined TRACON& Tower with Radar,150,43,5,0,198,0,0,0,0,0,150,43,5,0,198,0,0,0,198
01/08/2019,BUF,NY,AEA,CE,Combined TRACON& Tower with Radar,138,36,8,2,184,0,0,0,0,0,138,36,8,2,184,0,0,0,184
01/09/2019,BUF,NY,AEA,CE,Combined TRACON& Tower with Radar,135,46,16,0,197,0,2,1,0,3,135,48,17,0,200,0,0,0,200
01/10/2019,BUF,NY,AEA,CE,Combined TRACON& Tower with Radar,139,39,19,0,197,0,1,0,2,3,139,40,19,2,200,0,0,0,200
01/11/2019,BUF,NY,AEA,CE,Combined TRACON& Tower with Radar,147,45,17,0,209,0,12,12,0,24,147,57,29,0,233,0,0,0,233
01/12/2019,BUF,NY,AEA,CE,Combined TRACON& Tower with Radar,128,29,11,0,168,0,7,25,0,32,128,36,36,0,200,0,0,0,200
01/13/2019,BUF,NY,AEA,CE,Combined TRACON& Tower with Radar,112,28,11,0,151,0,2,21,2,25,112,30,32,2,176,0,0,0,176
01/14/2019,BUF,NY,AEA,CE,Combined TRACON& Tower with Radar,137,34,22,0,193,0,7,15,0,22,137,41,37,0,215,0,0,0,215
01/15/2019,BUF,NY,AEA,CE,Combined TRACON& Tower with Radar,133,41,24,0,198,0,0,3,0,3,133,41,27,0,201,0,0,0,201
01/16/2019,BUF,NY,AEA,CE,Combined TRACON& Tower with Radar,146,48,15,0,209,0,6,2,0,8,146,54,17,0,217,0,0,0,217
01/17/2019,BUF,NY,AEA,CE,Combined TRACON& Tower with Radar,136,39,16,0,191,0,7,10,0,17,136,46,26,0,208,0,0,0,208
01/18/2019,BUF,NY,AEA,CE,Combined TRACON& Tower with Radar,137,42,10,0,189,0,2,0,0,2,137,44,10,0,191,0,0,0,191
01/19/2019,BUF,NY,AEA,CE,Combined TRACON& Tower with Radar,87,18,5,0,110,0,0,0,0,0,87,18,5,0,110,0,0,0,110
01/20/2019,BUF,NY,AEA,CE,Combined TRACON& Tower with Radar,66,28,8,0,102,0,0,0,0,0,66,28,8,0,102,0,0,0,102
01/21/2019,BUF,NY,AEA,CE,Combined TRACON& Tower with Radar,120,39,16,0,175,0,0,0,0,0,120,39,16,0,175,0,0,0,175
01/22/2019,BUF,NY,AEA,CE,Combined TRACON& Tower with Radar,133,41,15,0,189,0,3,14,0,17,133,44,29,0,206,0,0,0,206
01/23/2019,BUF,NY,AEA,CE,Combined TRACON& Tower with Radar,138,37,13,0,188,0,0,0,0,0,138,37,13,0,188,0,0,0,188
01/24/2019,BUF,NY,AEA,CE,Combined TRACON& Tower with Radar,132,43,15,0,190,0,0,4,0,4,132,43,19,0,194,0,0,0,194
01/25/2019,BUF,NY,AEA,CE,Combined TRACON& Tower with Radar,122,45,11,2,180,0,0,0,0,0,122,45,11,2,180,0,0,0,180
01/26/2019,BUF,NY,AEA,CE,Combined TRACON& Tower with Radar,123,34,18,1,176,0,1,10,1,12,123,35,28,2,188,0,0,0,188
01/27/2019,BUF,NY,AEA,CE,Combined TRACON& Tower with Radar,104,34,11,0,149,0,0,2,0,2,104,34,13,0,151,0,0,0,151
01/28/2019,BUF,NY,AEA,CE,Combined TRACON& Tower with Radar,140,33,20,0,193,0,2,5,0,7,140,35,25,0,200,0,0,0,200
01/29/2019,BUF,NY,AEA,CE,Combined TRACON& Tower with Radar,113,28,10,0,151,0,0,0,0,0,113,28,10,0,151,0,0,0,151
01/30/2019,BUF,NY,AEA,CE,Combined TRACON& Tower with Radar,10,4,1,0,15,0,0,0,0,0,10,4,1,0,15,0,0,0,15
01/31/2019,BUF,NY,AEA,CE,Combined TRACON& Tower with Radar,100,25,7,0,132,0,0,0,0,0,100,25,7,0,132,0,0,0,132
02/01/2019,BUF,NY,AEA,CE,Combined TRACON& Tower with Radar,139,47,12,0,198,0,2,16,0,18,139,49,28,0,216,0,0,0,216
02/02/2019,BUF,NY,AEA,CE,Combined TRACON& Tower with Radar,122,25,6,0,153,0,1,4,0,5,122,26,10,0,158,0,0,0,158
02/03/2019,BUF,NY,AEA,CE,Combined TRACON& Tower with Radar,97,29,8,0,134,0,0,9,0,9,97,29,17,0,143,0,0,0,143
02/04/2019,BUF,NY,AEA,CE,Combined TRACON& Tower with Radar,136,41,13,0,190,0,6,8,0,14,136,47,21,0,204,0,0,0,204
02/05/2019,BUF,NY,AEA,CE,Combined TRACON& Tower with Radar,150,37,10,0,197,0,4,2,0,6,150,41,12,0,203,0,0,0,203
02/06/2019,BUF,NY,AEA,CE,Combined TRACON& Tower with Radar,130,29,10,0,169,0,0,0,0,0,130,29,10,0,169,0,0,0,169
02/07/2019,BUF,NY,AEA,CE,Combined TRACON& Tower with Radar,145,49,9,0,203,0,0,0,0,0,145,49,9,0,203,0,0,0,203
02/08/2019,BUF,NY,AEA,CE,Combined TRACON& Tower with Radar,143,46,13,0,202,0,0,0,0,0,143,46,13,0,202,0,0,0,202
02/09/2019,BUF,NY,AEA,CE,Combined TRACON& Tower with Radar,127,26,8,0,161,0,2,12,0,14,127,28,20,0,175,0,0,0,175
02/10/2019,BUF,NY,AEA,CE,Combined TRACON& Tower with Radar,106,30,5,0,141,0,1,17,0,18,106,31,22,0,159,0,0,0,159
02/11/2019,BUF,NY,AEA,CE,Combined TRACON& Tower with Radar,143,34,16,0,193,0,3,1,2,6,143,37,17,2,199,0,0,0,199
02/12/2019,BUF,NY,AEA,CE,Combined TRACON& Tower with Radar,101,21,13,0,135,0,2,0,0,2,101,23,13,0,137,0,0,0,137
02/13/2019,BUF,NY,AEA,CE,Combined TRACON& Tower with Radar,106,34,8,0,148,0,0,0,0,0,106,34,8,0,148,0,0,0,148
02/14/2019,BUF,NY,AEA,CE,Combined TRACON& Tower with Radar,146,48,16,4,214,0,5,18,0,23,146,53,34,4,237,0,0,0,237
02/15/2019,BUF,NY,AEA,CE,Combined TRACON& Tower with Radar,138,52,13,0,203,0,2,0,0,2,138,54,13,0,205,0,0,0,205
02/16/2019,BUF,NY,AEA,CE,Combined TRACON& Tower with Radar,127,42,9,0,178,0,0,13,0,13,127,42,22,0,191,0,0,0,191
02/17/2019,BUF,NY,AEA,CE,Combined TRACON& Tower with Radar,98,36,6,0,140,0,0,6,2,8,98,36,12,2,148,0,0,0,148
02/18/2019,BUF,NY,AEA,CE,Combined TRACON& Tower with Radar,129,41,9,0,179,0,0,0,0,0,129,41,9,0,179,0,0,0,179
02/19/2019,BUF,NY,AEA,CE,Combined TRACON& Tower with Radar,139,48,16,0,203,0,2,17,0,19,139,50,33,0,222,0,0,0,222
02/20/2019,BUF,NY,AEA,CE,Combined TRACON& Tower with Radar,121,35,9,0,165,0,0,8,0,8,121,35,17,0,173,0,0,0,173
02/21/2019,BUF,NY,AEA,CE,Combined TRACON& Tower with Radar,145,51,10,2,208,0,3,0,2,5,145,54,10,4,213,0,0,0,213
02/22/2019,BUF,NY,AEA,CE,Combined TRACON& Tower with Radar,142,43,22,0,207,0,2,18,0,20,142,45,40,0,227,0,0,0,227
02/23/2019,BUF,NY,AEA,CE,Combined TRACON& Tower with Radar,121,37,16,0,174,1,0,27,0,28,122,37,43,0,202,0,0,0,202
02/24/2019,BUF,NY,AEA,CE,Combined TRACON& Tower with Radar,46,13,6,0,65,0,4,0,0,4,46,17,6,0,69,0,0,0,69
02/25/2019,BUF,NY,AEA,CE,Combined TRACON& Tower with Radar,97,26,13,0,136,0,0,1,0,1,97,26,14,0,137,0,0,0,137
02/26/2019,BUF,NY,AEA,CE,Combined TRACON& Tower with Radar,144,44,15,0,203,0,3,13,0,16,144,47,28,0,219,0,0,0,219
02/27/2019,BUF,NY,AEA,CE,Combined TRACON& Tower with Radar,133,41,14,0,188,0,0,0,0,0,133,41,14,0,188,0,0,0,188
02/28/2019,BUF,NY,AEA,CE,Combined TRACON& Tower with Radar,151,58,12,2,223,0,4,9,0,13,151,62,21,2,236,0,0,0,236
03/01/2019,BUF,NY,AEA,CE,Combined TRACON& Tower with Radar,144,46,12,0,202,0,0,31,0,31,144,46,43,0,233,0,0,0,233
03/02/2019,BUF,NY,AEA,CE,Combined TRACON& Tower with Radar,136,30,7,0,173,0,2,0,0,2,136,32,7,0,175,0,0,0,175
03/03/2019,BUF,NY,AEA,CE,Combined TRACON& Tower with Radar,111,33,17,0,161,0,0,13,0,13,111,33,30,0,174,0,0,0,174
03/04/2019,BUF,NY,AEA,CE,Combined TRACON& Tower with Radar,140,38,13,0,191,0,0,0,0,0,140,38,13,0,191,0,0,0,191
03/05/2019,BUF,NY,AEA,CE,Combined TRACON& Tower with Radar,155,57,5,0,217,0,0,0,0,0,155,57,5,0,217,0,0,0,217
03/06/2019,BUF,NY,AEA,CE,Combined TRACON& Tower with Radar,145,46,14,1,206,0,4,3,3,10,145,50,17,4,216,0,0,0,216
03/07/2019,BUF,NY,AEA,CE,Combined TRACON& Tower with Radar,152,55,18,0,225,0,0,10,0,10,152,55,28,0,235,0,0,0,235
03/08/2019,BUF,NY,AEA,CE,Combined TRACON& Tower with Radar,165,51,14,0,230,0,9,13,0,22,165,60,27,0,252,0,0,0,252
03/09/2019,BUF,NY,AEA,CE,Combined TRACON& Tower with Radar,138,33,17,0,188,0,2,20,0,22,138,35,37,0,210,0,0,0,210
03/10/2019,BUF,NY,AEA,CE,Combined TRACON& Tower with Radar,146,38,17,0,201,0,2,0,0,2,146,40,17,0,203,0,0,0,203
03/11/2019,BUF,NY,AEA,CE,Combined TRACON& Tower with Radar,164,27,6,0,197,0,6,4,0,10,164,33,10,0,207,0,0,0,207
03/12/2019,BUF,NY,AEA,CE,Combined TRACON& Tower with Radar,163,28,8,0,199,0,7,19,0,26,163,35,27,0,225,0,0,0,225
03/13/2019,BUF,NY,AEA,CE,Combined TRACON& Tower with Radar,159,33,21,0,213,0,3,17,1,21,159,36,38,1,234,0,0,0,234
03/14/2019,BUF,NY,AEA,CE,Combined TRACON& Tower with Radar,160,46,8,0,214,0,6,2,0,8,160,52,10,0,222,0,0,0,222
03/15/2019,BUF,NY,AEA,CE,Combined TRACON& Tower with Radar,170,37,5,0,212,0,3,0,0,3,170,40,5,0,215,0,0,0,215
03/16/2019,BUF,NY,AEA,CE,Combined TRACON& Tower with Radar,138,29,4,0,171,0,0,0,0,0,138,29,4,0,171,0,0,0,171
03/17/2019,BUF,NY,AEA,CE,Combined TRACON& Tower with Radar,135,45,15,0,195,0,1,18,0,19,135,46,33,0,214,0,0,0,214
03/18/2019,BUF,NY,AEA,CE,Combined TRACON& Tower with Radar,155,36,13,0,204,0,9,2,0,11,155,45,15,0,215,0,0,0,215
03/19/2019,BUF,NY,AEA,CE,Combined TRACON& Tower with Radar,161,43,16,0,220,0,4,17,0,21,161,47,33,0,241,0,0,0,241
03/20/2019,BUF,NY,AEA,CE,Combined TRACON& Tower with Radar,167,39,28,0,234,0,3,19,0,22,167,42,47,0,256,0,0,0,256
03/21/2019,BUF,NY,AEA,CE,Combined TRACON& Tower with Radar,160,42,33,0,235,0,6,25,0,31,160,48,58,0,266,0,0,0,266
03/22/2019,BUF,NY,AEA,CE,Combined TRACON& Tower with Radar,167,41,14,0,222,0,1,0,0,1,167,42,14,0,223,0,0,0,223
03/23/2019,BUF,NY,AEA,CE,Combined TRACON& Tower with Radar,136,38,6,0,180,0,12,20,2,34,136,50,26,2,214,0,0,0,214
03/24/2019,BUF,NY,AEA,CE,Combined TRACON& Tower with Radar,132,34,14,0,180,0,4,14,0,18,132,38,28,0,198,0,0,0,198
03/25/2019,BUF,NY,AEA,CE,Combined TRACON& Tower with Radar,159,42,23,0,224,0,2,17,0,19,159,44,40,0,243,0,0,0,243
03/26/2019,BUF,NY,AEA,CE,Combined TRACON& Tower with Radar,160,37,20,0,217,1,6,23,1,31,161,43,43,1,248,0,0,0,248
03/27/2019,BUF,NY,AEA,CE,Combined TRACON& Tower with Radar,163,34,19,0,216,0,1,26,0,27,163,35,45,0,243,0,0,0,243
03/28/2019,BUF,NY,AEA,CE,Combined TRACON& Tower with Radar,157,38,15,0,210,0,4,6,0,10,157,42,21,0,220,0,0,0,220
03/29/2019,BUF,NY,AEA,CE,Combined TRACON& Tower with Radar,165,34,12,7,218,0,10,10,5,25,165,44,22,12,243,0,0,0,243
03/30/2019,BUF,NY,AEA,CE,Combined TRACON& Tower with Radar,134,30,16,2,182,0,1,2,2,5,134,31,18,4,187,0,0,0,187
03/31/2019,BUF,NY,AEA,CE,Combined TRACON& Tower with Radar,133,43,13,0,189,0,0,0,0,0,133,43,13,0,189,0,0,0,189
04/01/2019,BUF,NY,AEA,CE,Combined TRACON& Tower with Radar,152,48,18,4,222,0,0,19,2,21,152,48,37,6,243,0,0,0,243
04/02/2019,BUF,NY,AEA,CE,Combined TRACON& Tower with Radar,154,49,9,0,212,0,0,7,0,7,154,49,16,0,219,0,0,0,219
04/03/2019,BUF,NY,AEA,CE,Combined TRACON& Tower with Radar,148,55,16,2,221,0,5,2,0,7,148,60,18,2,228,0,0,0,228
04/04/2019,BUF,NY,AEA,CE,Combined TRACON& Tower with Radar,157,45,24,5,231,0,3,23,1,27,157,48,47,6,258,0,0,0,258
04/05/2019,BUF,NY,AEA,CE,Combined TRACON& Tower with Radar,166,48,13,0,227,0,0,2,0,2,166,48,15,0,229,0,0,0,229
04/06/2019,BUF,NY,AEA,CE,Combined TRACON& Tower with Radar,134,33,16,2,185,1,5,23,0,29,135,38,39,2,214,0,0,0,214
04/07/2019,BUF,NY,AEA,CE,Combined TRACON& Tower with Radar,128,35,14,0,177,0,2,15,0,17,128,37,29,0,194,0,0,0,194
04/08/2019,BUF,NY,AEA,CE,Combined TRACON& Tower with Radar,156,39,14,0,209,0,0,3,0,3,156,39,17,0,212,0,0,0,212
04/09/2019,BUF,NY,AEA,CE,Combined TRACON& Tower with Radar,162,47,15,4,228,0,6,8,0,14,162,53,23,4,242,0,0,0,242
04/10/2019,BUF,NY,AEA,CE,Combined TRACON& Tower with Radar,156,55,18,4,233,0,2,9,0,11,156,57,27,4,244,0,0,0,244
04/11/2019,BUF,NY,AEA,CE,Combined TRACON& Tower with Radar,156,58,27,2,243,0,4,8,2,14,156,62,35,4,257,0,0,0,257
04/12/2019,BUF,NY,AEA,CE,Combined TRACON& Tower with Radar,164,56,17,0,237,0,7,5,0,12,164,63,22,0,249,0,0,0,249
04/13/2019,BUF,NY,AEA,CE,Combined TRACON& Tower with Radar,131,45,13,0,189,0,7,13,2,22,131,52,26,2,211,0,0,0,211
04/14/2019,BUF,NY,AEA,CE,Combined TRACON& Tower with Radar,114,41,13,0,168,0,2,2,0,4,114,43,15,0,172,0,0,0,172
04/15/2019,BUF,NY,AEA,CE,Combined TRACON& Tower with Radar,148,53,8,0,209,1,4,0,0,5,149,57,8,0,214,0,0,0,214
04/16/2019,BUF,NY,AEA,CE,Combined TRACON& Tower with Radar,158,52,23,0,233,0,6,9,0,15,158,58,32,0,248,0,0,0,248
04/17/2019,BUF,NY,AEA,CE,Combined TRACON& Tower with Radar,159,55,19,2,235,0,0,21,0,21,159,55,40,2,256,0,0,0,256
04/18/2019,BUF,NY,AEA,CE,Combined TRACON& Tower with Radar,157,45,17,2,221,0,1,7,0,8,157,46,24,2,229,0,0,0,229
04/19/2019,BUF,NY,AEA,CE,Combined TRACON& Tower with Radar,148,38,12,1,199,0,0,0,0,0,148,38,12,1,199,0,0,0,199
04/20/2019,BUF,NY,AEA,CE,Combined TRACON& Tower with Radar,128,35,13,0,176,0,0,0,0,0,128,35,13,0,176,0,0,0,176
04/21/2019,BUF,NY,AEA,CE,Combined TRACON& Tower with Radar,116,39,12,1,168,0,0,0,0,0,116,39,12,1,168,0,0,0,168
04/22/2019,BUF,NY,AEA,CE,Combined TRACON& Tower with Radar,154,49,15,0,218,0,4,16,0,20,154,53,31,0,238,0,0,0,238
04/23/2019,BUF,NY,AEA,CE,Combined TRACON& Tower with Radar,158,43,16,1,218,0,5,12,0,17,158,48,28,1,235,0,0,0,235
04/24/2019,BUF,NY,AEA,CE,Combined TRACON& Tower with Radar,157,47,19,6,229,0,3,18,2,23,157,50,37,8,252,0,0,0,252
04/25/2019,BUF,NY,AEA,CE,Combined TRACON& Tower with Radar,164,60,29,0,253,0,10,24,1,35,164,70,53,1,288,0,0,0,288
04/26/2019,BUF,NY,AEA,CE,Combined TRACON& Tower with Radar,145,38,18,0,201,0,2,0,0,2,145,40,18,0,203,0,0,0,203
04/27/2019,BUF,NY,AEA,CE,Combined TRACON& Tower with Radar,117,47,11,0,175,0,5,4,0,9,117,52,15,0,184,0,0,0,184
04/28/2019,BUF,NY,AEA,CE,Combined TRACON& Tower with Radar,125,43,19,0,187,0,8,11,0,19,125,51,30,0,206,0,0,0,206
04/29/2019,BUF,NY,AEA,CE,Combined TRACON& Tower with Radar,152,53,13,2,220,0,5,11,1,17,152,58,24,3,237,0,0,0,237
04/30/2019,BUF,NY,AEA,CE,Combined TRACON& Tower with Radar,158,52,22,0,232,0,9,9,3,21,158,61,31,3,253,0,0,0,253
05/01/2019,BUF,NY,AEA,CE,Combined TRACON& Tower with Radar,160,52,18,3,233,0,6,8,1,15,160,58,26,4,248,0,0,0,248
05/02/2019,BUF,NY,AEA,CE,Combined TRACON& Tower with Radar,153,59,29,2,243,0,0,0,0,0,153,59,29,2,243,0,0,0,243
05/03/2019,BUF,NY,AEA,CE,Combined TRACON& Tower with Radar,156,53,26,0,235,0,0,2,0,2,156,53,28,0,237,0,0,0,237
05/04/2019,BUF,NY,AEA,CE,Combined TRACON& Tower with Radar,129,39,15,2,185,0,0,3,0,3,129,39,18,2,188,0,0,0,188
05/05/2019,BUF,NY,AEA,CE,Combined TRACON& Tower with Radar,127,49,18,0,194,0,1,30,4,35,127,50,48,4,229,0,0,0,229
05/06/2019,BUF,NY,AEA,CE,Combined TRACON& Tower with Radar,157,42,18,0,217,0,4,18,0,22,157,46,36,0,239,0,0,0,239
05/07/2019,BUF,NY,AEA,CE,Combined TRACON& Tower with Radar,155,56,26,0,237,0,0,6,0,6,155,56,32,0,243,0,0,0,243
05/08/2019,BUF,NY,AEA,CE,Combined TRACON& Tower with Radar,157,60,27,2,246,0,2,17,0,19,157,62,44,2,265,0,0,0,265
05/09/2019,BUF,NY,AEA,CE,Combined TRACON& Tower with Radar,159,52,17,0,228,0,0,5,0,5,159,52,22,0,233,0,0,0,233
05/10/2019,BUF,NY,AEA,CE,Combined TRACON& Tower with Radar,159,49,27,0,235,0,0,4,2,6,159,49,31,2,241,0,0,0,241
05/11/2019,BUF,NY,AEA,CE,Combined TRACON& Tower with Radar,126,37,19,0,182,0,3,30,0,33,126,40,49,0,215,0,0,0,215
05/12/2019,BUF,NY,AEA,CE,Combined TRACON& Tower with Radar,125,36,22,2,185,0,0,0,1,1,125,36,22,3,186,0,0,0,186
05/13/2019,BUF,NY,AEA,CE,Combined TRACON& Tower with Radar,147,49,14,0,210,0,0,0,0,0,147,49,14,0,210,0,0,0,210
05/14/2019,BUF,NY,AEA,CE,Combined TRACON& Tower with Radar,156,49,9,0,214,0,4,7,0,11,156,53,16,0,225,0,0,0,225
05/15/2019,BUF,NY,AEA,CE,Combined TRACON& Tower with Radar,157,63,24,0,244,0,2,18,0,20,157,65,42,0,264,0,0,0,264
05/16/2019,BUF,NY,AEA,CE,Combined TRACON& Tower with Radar,153,51,28,0,232,0,4,26,0,30,153,55,54,0,262,0,0,0,262
05/17/2019,BUF,NY,AEA,CE,Combined TRACON& Tower with Radar,149,61,24,0,234,0,5,17,0,22,149,66,41,0,256,0,0,0,256
05/18/2019,BUF,NY,AEA,CE,Combined TRACON& Tower with Radar,127,44,25,0,196,0,5,32,0,37,127,49,57,0,233,0,0,0,233
05/19/2019,BUF,NY,AEA,CE,Combined TRACON& Tower with Radar,126,51,25,0,202,0,3,11,0,14,126,54,36,0,216,0,0,0,216
05/20/2019,BUF,NY,AEA,CE,Combined TRACON& Tower with Radar,150,45,11,0,206,0,5,3,0,8,150,50,14,0,214,0,0,0,214
05/21/2019,BUF,NY,AEA,CE,Combined TRACON& Tower with Radar,158,58,21,0,237,0,6,29,0,35,158,64,50,0,272,0,0,0,272
05/22/2019,BUF,NY,AEA,CE,Combined TRACON& Tower with Radar,158,54,29,0,241,0,3,16,6,25,158,57,45,6,266,0,0,0,266
05/23/2019,BUF,NY,AEA,CE,Combined TRACON& Tower with Radar,146,45,21,0,212,0,3,8,0,11,146,48,29,0,223,0,0,0,223
05/24/2019,BUF,NY,AEA,CE,Combined TRACON& Tower with Radar,152,61,22,0,235,0,8,27,0,35,152,69,49,0,270,0,0,0,270
05/25/2019,BUF,NY,AEA,CE,Combined TRACON& Tower with Radar,125,41,9,0,175,0,3,4,0,7,125,44,13,0,182,0,0,0,182
05/26/2019,BUF,NY,AEA,CE,Combined TRACON& Tower with Radar,108,32,8,0,148,0,1,13,0,14,108,33,21,0,162,0,0,0,162
05/27/2019,BUF,NY,AEA,CE,Combined TRACON& Tower with Radar,123,39,17,0,179,0,6,19,0,25,123,45,36,0,204,0,0,0,204
05/28/2019,BUF,NY,AEA,CE,Combined TRACON& Tower with Radar,135,50,15,0,200,0,0,0,0,0,135,50,15,0,200,0,0,0,200
05/29/2019,BUF,NY,AEA,CE,Combined TRACON& Tower with Radar,147,49,24,2,222,0,19,3,0,22,147,68,27,2,244,0,0,0,244
05/30/2019,BUF,NY,AEA,CE,Combined TRACON& Tower with Radar,152,47,20,0,219,0,11,13,0,24,152,58,33,0,243,0,0,0,243
05/31/2019,BUF,NY,AEA,CE,Combined TRACON& Tower with Radar,152,63,11,2,228,0,11,21,0,32,152,74,32,2,260,0,0,0,260
06/01/2019,BUF,NY,AEA,CE,Combined TRACON& Tower with Radar,125,40,19,0,184,0,5,6,0,11,125,45,25,0,195,0,0,0,195
06/02/2019,BUF,NY,AEA,CE,Combined TRACON& Tower with Radar,120,42,21,0,183,0,3,15,0,18,120,45,36,0,201,0,0,0,201
06/03/2019,BUF,NY,AEA,CE,Combined TRACON& Tower with Radar,146,57,31,0,234,0,4,21,0,25,146,61,52,0,259,0,0,0,259
06/04/2019,BUF,NY,AEA,CE,Combined TRACON& Tower with Radar,153,61,34,2,250,0,2,17,0,19,153,63,51,2,269,0,0,0,269
06/05/2019,BUF,NY,AEA,CE,Combined TRACON& Tower with Radar,145,45,21,0,211,0,6,9,0,15,145,51,30,0,226,0,0,0,226
06/06/2019,BUF,NY,AEA,CE,Combined TRACON& Tower with Radar,162,80,36,2,280,0,3,11,2,16,162,83,47,4,296,0,0,0,296
06/07/2019,BUF,NY,AEA,CE,Combined TRACON& Tower with Radar,153,62,28,2,245,0,6,24,4,34,153,68,52,6,279,68,0,68,347
06/08/2019,BUF,NY,AEA,CE,Combined TRACON& Tower with Radar,132,46,9,0,187,0,7,40,4,51,132,53,49,4,238,0,0,0,238
06/09/2019,BUF,NY,AEA,CE,Combined TRACON& Tower with Radar,121,49,24,0,194,0,6,18,4,28,121,55,42,4,222,0,0,0,222
06/10/2019,BUF,NY,AEA,CE,Combined TRACON& Tower with Radar,143,52,19,0,214,0,3,5,0,8,143,55,24,0,222,0,0,0,222
06/11/2019,BUF,NY,AEA,CE,Combined TRACON& Tower with Radar,156,58,23,2,239,0,3,30,2,35,156,61,53,4,274,0,0,0,274
06/12/2019,BUF,NY,AEA,CE,Combined TRACON& Tower with Radar,159,59,34,0,252,0,10,31,0,41,159,69,65,0,293,0,0,0,293
06/13/2019,BUF,NY,AEA,CE,Combined TRACON& Tower with Radar,151,60,23,4,238,0,3,0,2,5,151,63,23,6,243,0,0,0,243
06/14/2019,BUF,NY,AEA,CE,Combined TRACON& Tower with Radar,150,56,21,0,227,0,5,5,2,12,150,61,26,2,239,0,0,0,239
06/15/2019,BUF,NY,AEA,CE,Combined TRACON& Tower with Radar,125,38,19,0,182,0,2,1,0,3,125,40,20,0,185,0,0,0,185
06/16/2019,BUF,NY,AEA,CE,Combined TRACON& Tower with Radar,129,52,12,0,193,0,3,0,0,3,129,55,12,0,196,0,0,0,196
06/17/2019,BUF,NY,AEA,CE,Combined TRACON& Tower with Radar,143,45,28,0,216,0,0,26,0,26,143,45,54,0,242,0,0,0,242
06/18/2019,BUF,NY,AEA,CE,Combined TRACON& Tower with Radar,154,53,24,2,233,0,5,27,4,36,154,58,51,6,269,0,0,0,269
06/19/2019,BUF,NY,AEA,CE,Combined TRACON& Tower with Radar,154,45,23,0,222,0,2,15,2,19,154,47,38,2,241,0,0,0,241
06/20/2019,BUF,NY,AEA,CE,Combined TRACON& Tower with Radar,148,47,17,2,214,0,0,0,0,0,148,47,17,2,214,0,0,0,214
06/21/2019,BUF,NY,AEA,CE,Combined TRACON& Tower with Radar,148,42,33,0,223,0,5,10,0,15,148,47,43,0,238,0,0,0,238
06/22/2019,BUF,NY,AEA,CE,Combined TRACON& Tower with Radar,131,45,24,0,200,0,5,29,2,36,131,50,53,2,236,0,0,0,236
06/23/2019,BUF,NY,AEA,CE,Combined TRACON& Tower with Radar,122,49,15,0,186,0,7,31,2,40,122,56,46,2,226,0,0,0,226
06/24/2019,BUF,NY,AEA,CE,Combined TRACON& Tower with Radar,148,38,21,0,207,0,3,37,0,40,148,41,58,0,247,0,0,0,247
06/25/2019,BUF,NY,AEA,CE,Combined TRACON& Tower with Radar,160,50,25,3,238,0,4,6,1,11,160,54,31,4,249,0,0,0,249
06/26/2019,BUF,NY,AEA,CE,Combined TRACON& Tower with Radar,157,65,32,6,260,0,4,27,0,31,157,69,59,6,291,0,0,0,291
06/27/2019,BUF,NY,AEA,CE,Combined TRACON& Tower with Radar,156,50,33,0,239,0,5,25,0,30,156,55,58,0,269,0,0,0,269
06/28/2019,BUF,NY,AEA,CE,Combined TRACON& Tower with Radar,152,55,27,0,234,0,9,25,4,38,152,64,52,4,272,0,0,0,272
06/29/2019,BUF,NY,AEA,CE,Combined TRACON& Tower with Radar,111,45,16,0,172,0,7,9,0,16,111,52,25,0,188,0,0,0,188
06/30/2019,BUF,NY,AEA,CE,Combined TRACON& Tower with Radar,122,49,33,0,204,0,3,26,0,29,122,52,59,0,233,0,0,0,233
07/01/2019,BUF,NY,AEA,CE,Combined TRACON& Tower with Radar,132,46,13,6,197,0,1,18,1,20,132,47,31,7,217,0,0,0,217
07/02/2019,BUF,NY,AEA,CE,Combined TRACON& Tower with Radar,131,39,17,2,189,0,0,17,0,17,131,39,34,2,206,0,0,0,206
07/03/2019,BUF,NY,AEA,CE,Combined TRACON& Tower with Radar,142,55,15,0,212,0,17,13,1,31,142,72,28,1,243,0,0,0,243
07/04/2019,BUF,NY,AEA,CE,Combined TRACON& Tower with Radar,105,29,13,0,147,0,7,15,1,23,105,36,28,1,170,0,0,0,170
07/05/2019,BUF,NY,AEA,CE,Combined TRACON& Tower with Radar,107,49,15,0,171,0,2,6,0,8,107,51,21,0,179,0,0,0,179
07/06/2019,BUF,NY,AEA,CE,Combined TRACON& Tower with Radar,114,44,8,0,166,0,0,7,0,7,114,44,15,0,173,0,0,0,173
07/07/2019,BUF,NY,AEA,CE,Combined TRACON& Tower with Radar,132,51,33,0,216,0,3,26,0,29,132,54,59,0,245,0,0,0,245
07/08/2019,BUF,NY,AEA,CE,Combined TRACON& Tower with Radar,146,56,22,0,224,0,9,28,0,37,146,65,50,0,261,0,0,0,261
07/09/2019,BUF,NY,AEA,CE,Combined TRACON& Tower with Radar,164,55,30,0,249,0,7,37,1,45,164,62,67,1,294,0,0,0,294
07/10/2019,BUF,NY,AEA,CE,Combined TRACON& Tower with Radar,153,53,14,0,220,0,4,20,4,28,153,57,34,4,248,0,0,0,248
07/11/2019,BUF,NY,AEA,CE,Combined TRACON& Tower with Radar,147,51,32,0,230,0,6,8,4,18,147,57,40,4,248,0,0,0,248
07/12/2019,BUF,NY,AEA,CE,Combined TRACON& Tower with Radar,154,64,26,3,247,0,6,18,1,25,154,70,44,4,272,0,0,0,272
07/13/2019,BUF,NY,AEA,CE,Combined TRACON& Tower with Radar,134,43,20,0,197,0,8,29,0,37,134,51,49,0,234,0,0,0,234
07/14/2019,BUF,NY,AEA,CE,Combined TRACON& Tower with Radar,135,56,24,0,215,0,1,40,2,43,135,57,64,2,258,0,0,0,258
07/15/2019,BUF,NY,AEA,CE,Combined TRACON& Tower with Radar,147,55,15,3,220,0,3,41,5,49,147,58,56,8,269,0,0,0,269
07/16/2019,BUF,NY,AEA,CE,Combined TRACON& Tower with Radar,157,47,24,0,228,0,12,33,0,45,157,59,57,0,273,0,0,0,273
07/17/2019,BUF,NY,AEA,CE,Combined TRACON& Tower with Radar,140,53,16,2,211,0,4,1,0,5,140,57,17,2,216,0,0,0,216
07/18/2019,BUF,NY,AEA,CE,Combined TRACON& Tower with Radar,148,53,35,0,236,0,3,16,2,21,148,56,51,2,257,0,0,0,257
07/19/2019,BUF,NY,AEA,CE,Combined TRACON& Tower with Radar,155,56,29,0,240,0,4,8,2,14,155,60,37,2,254,0,0,0,254
07/20/2019,BUF,NY,AEA,CE,Combined TRACON& Tower with Radar,125,41,14,0,180,0,11,12,0,23,125,52,26,0,203,0,0,0,203
07/21/2019,BUF,NY,AEA,CE,Combined TRACON& Tower with Radar,134,45,23,0,202,0,8,15,2,25,134,53,38,2,227,0,0,0,227
07/22/2019,BUF,NY,AEA,CE,Combined TRACON& Tower with Radar,153,47,23,0,223,0,6,3,0,9,153,53,26,0,232,0,0,0,232
07/23/2019,BUF,NY,AEA,CE,Combined TRACON& Tower with Radar,154,58,28,0,240,0,8,27,0,35,154,66,55,0,275,0,0,0,275
07/24/2019,BUF,NY,AEA,CE,Combined TRACON& Tower with Radar,160,61,37,1,259,0,6,36,1,43,160,67,73,2,302,0,0,0,302
07/25/2019,BUF,NY,AEA,CE,Combined TRACON& Tower with Radar,161,49,27,0,237,0,2,34,2,38,161,51,61,2,275,0,0,0,275
07/26/2019,BUF,NY,AEA,CE,Combined TRACON& Tower with Radar,155,47,8,0,210,0,8,23,0,31,155,55,31,0,241,0,0,0,241
07/27/2019,BUF,NY,AEA,CE,Combined TRACON& Tower with Radar,127,43,14,0,184,0,6,25,0,31,127,49,39,0,215,0,0,0,215
07/28/2019,BUF,NY,AEA,CE,Combined TRACON& Tower with Radar,135,50,29,0,214,0,1,6,0,7,135,51,35,0,221,0,0,0,221
07/29/2019,BUF,NY,AEA,CE,Combined TRACON& Tower with Radar,150,46,21,0,217,0,7,22,3,32,150,53,43,3,249,0,0,0,249
07/30/2019,BUF,NY,AEA,CE,Combined TRACON& Tower with Radar,153,51,18,0,222,0,0,3,1,4,153,51,21,1,226,0,0,0,226
07/31/2019,BUF,NY,AEA,CE,Combined TRACON& Tower with Radar,148,52,31,0,231,0,8,27,0,35,148,60,58,0,266,0,0,0,266
08/01/2019,BUF,NY,AEA,CE,Combined TRACON& Tower with Radar,158,58,22,6,244,0,5,25,0,30,158,63,47,6,274,0,0,0,274
08/02/2019,BUF,NY,AEA,CE,Combined TRACON& Tower with Radar,152,51,28,0,231,0,5,24,1,30,152,56,52,1,261,0,0,0,261
08/03/2019,BUF,NY,AEA,CE,Combined TRACON& Tower with Radar,125,54,8,0,187,0,14,26,0,40,125,68,34,0,227,0,0,0,227
08/04/2019,BUF,NY,AEA,CE,Combined TRACON& Tower with Radar,135,53,24,0,212,1,7,14,0,22,136,60,38,0,234,0,0,0,234
08/05/2019,BUF,NY,AEA,CE,Combined TRACON& Tower with Radar,153,51,26,2,232,0,14,28,0,42,153,65,54,2,274,0,0,0,274
08/06/2019,BUF,NY,AEA,CE,Combined TRACON& Tower with Radar,155,42,8,2,207,0,4,15,0,19,155,46,23,2,226,0,0,0,226
08/07/2019,BUF,NY,AEA,CE,Combined TRACON& Tower with Radar,144,43,32,0,219,0,6,6,0,12,144,49,38,0,231,0,0,0,231
08/08/2019,BUF,NY,AEA,CE,Combined TRACON& Tower with Radar,148,60,21,2,231,0,5,7,0,12,148,65,28,2,243,0,0,0,243
08/09/2019,BUF,NY,AEA,CE,Combined TRACON& Tower with Radar,156,59,27,0,242,0,6,21,4,31,156,65,48,4,273,0,0,0,273
08/10/2019,BUF,NY,AEA,CE,Combined TRACON& Tower with Radar,140,39,18,0,197,0,6,24,0,30,140,45,42,0,227,0,0,0,227
08/11/2019,BUF,NY,AEA,CE,Combined TRACON& Tower with Radar,133,48,27,0,208,0,5,25,0,30,133,53,52,0,238,0,0,0,238
08/12/2019,BUF,NY,AEA,CE,Combined TRACON& Tower with Radar,151,58,20,2,231,0,5,21,0,26,151,63,41,2,257,0,0,0,257
08/13/2019,BUF,NY,AEA,CE,Combined TRACON& Tower with Radar,149,58,39,1,247,0,6,5,0,11,149,64,44,1,258,0,0,0,258
08/14/2019,BUF,NY,AEA,CE,Combined TRACON& Tower with Radar,155,51,21,0,227,0,16,13,0,29,155,67,34,0,256,0,0,0,256
08/15/2019,BUF,NY,AEA,CE,Combined TRACON& Tower with Radar,159,51,17,0,227,0,5,32,2,39,159,56,49,2,266,0,0,0,266
08/16/2019,BUF,NY,AEA,CE,Combined TRACON& Tower with Radar,150,61,26,0,237,0,7,18,0,25,150,68,44,0,262,0,0,0,262
08/17/2019,BUF,NY,AEA,CE,Combined TRACON& Tower with Radar,137,41,15,0,193,0,4,9,0,13,137,45,24,0,206,0,0,0,206
08/18/2019,BUF,NY,AEA,CE,Combined TRACON& Tower with Radar,125,45,22,0,192,0,3,22,0,25,125,48,44,0,217,0,0,0,217
08/19/2019,BUF,NY,AEA,CE,Combined TRACON& Tower with Radar,147,51,9,0,207,0,1,15,0,16,147,52,24,0,223,0,0,0,223
08/20/2019,BUF,NY,AEA,CE,Combined TRACON& Tower with Radar,154,51,23,0,228,0,1,41,1,43,154,52,64,1,271,0,0,0,271
08/21/2019,BUF,NY,AEA,CE,Combined TRACON& Tower with Radar,148,46,13,0,207,0,7,20,0,27,148,53,33,0,234,0,0,0,234
08/22/2019,BUF,NY,AEA,CE,Combined TRACON& Tower with Radar,162,59,38,0,259,0,2,34,0,36,162,61,72,0,295,0,0,0,295
08/23/2019,BUF,NY,AEA,CE,Combined TRACON& Tower with Radar,147,55,31,12,245,0,6,26,0,32,147,61,57,12,277,0,0,0,277
08/24/2019,BUF,NY,AEA,CE,Combined TRACON& Tower with Radar,132,43,20,0,195,0,12,32,0,44,132,55,52,0,239,0,0,0,239
08/25/2019,BUF,NY,AEA,CE,Combined TRACON& Tower with Radar,132,41,21,0,194,0,5,72,0,77,132,46,93,0,271,0,0,0,271
08/26/2019,BUF,NY,AEA,CE,Combined TRACON& Tower with Radar,145,50,11,16,222,0,2,55,0,57,145,52,66,16,279,0,0,0,279
08/27/2019,BUF,NY,AEA,CE,Combined TRACON& Tower with Radar,158,44,21,0,223,0,0,10,0,10,158,44,31,0,233,0,0,0,233
08/28/2019,BUF,NY,AEA,CE,Combined TRACON& Tower with Radar,156,53,26,2,237,0,8,38,0,46,156,61,64,2,283,0,0,0,283
08/29/2019,BUF,NY,AEA,CE,Combined TRACON& Tower with Radar,155,46,19,2,222,0,4,35,0,39,155,50,54,2,261,0,0,0,261
08/30/2019,BUF,NY,AEA,CE,Combined TRACON& Tower with Radar,154,51,24,2,231,0,1,17,0,18,154,52,41,2,249,0,0,0,249
08/31/2019,BUF,NY,AEA,CE,Combined TRACON& Tower with Radar,110,42,15,0,167,0,3,28,0,31,110,45,43,0,198,0,0,0,198
09/01/2019,BUF,NY,AEA,CE,Combined TRACON& Tower with Radar,102,32,15,0,149,0,8,12,0,20,102,40,27,0,169,0,0,0,169
09/02/2019,BUF,NY,AEA,CE,Combined TRACON& Tower with Radar,123,35,33,0,191,0,2,5,0,7,123,37,38,0,198,0,0,0,198
09/03/2019,BUF,NY,AEA,CE,Combined TRACON& Tower with Radar,129,52,25,2,208,0,6,21,0,27,129,58,46,2,235,0,0,0,235
09/04/2019,BUF,NY,AEA,CE,Combined TRACON& Tower with Radar,140,57,15,0,212,0,0,6,2,8,140,57,21,2,220,0,0,0,220
09/05/2019,BUF,NY,AEA,CE,Combined TRACON& Tower with Radar,147,67,15,0,229,0,6,41,0,47,147,73,56,0,276,0,0,0,276
09/06/2019,BUF,NY,AEA,CE,Combined TRACON& Tower with Radar,137,53,31,0,221,0,2,18,2,22,137,55,49,2,243,0,0,0,243
09/07/2019,BUF,NY,AEA,CE,Combined TRACON& Tower with Radar,116,41,18,0,175,0,5,19,0,24,116,46,37,0,199,0,0,0,199
09/08/2019,BUF,NY,AEA,CE,Combined TRACON& Tower with Radar,131,42,14,2,189,0,4,14,0,18,131,46,28,2,207,0,0,0,207
09/09/2019,BUF,NY,AEA,CE,Combined TRACON& Tower with Radar,139,48,39,0,226,0,4,31,0,35,139,52,70,0,261,0,0,0,261
09/10/2019,BUF,NY,AEA,CE,Combined TRACON& Tower with Radar,155,54,22,0,231,0,2,33,0,35,155,56,55,0,266,0,0,0,266
09/11/2019,BUF,NY,AEA,CE,Combined TRACON& Tower with Radar,147,55,17,0,219,0,8,14,0,22,147,63,31,0,241,0,0,0,241
09/12/2019,BUF,NY,AEA,CE,Combined TRACON& Tower with Radar,146,49,29,0,224,0,4,3,0,7,146,53,32,0,231,0,0,0,231
09/13/2019,BUF,NY,AEA,CE,Combined TRACON& Tower with Radar,149,49,18,0,216,0,1,4,0,5,149,50,22,0,221,0,0,0,221
09/14/2019,BUF,NY,AEA,CE,Combined TRACON& Tower with Radar,127,40,10,0,177,0,3,9,0,12,127,43,19,0,189,0,0,0,189
09/15/2019,BUF,NY,AEA,CE,Combined TRACON& Tower with Radar,131,40,19,0,190,0,78,12,0,90,131,118,31,0,280,0,0,0,280
09/16/2019,BUF,NY,AEA,CE,Combined TRACON& Tower with Radar,145,47,15,3,210,0,4,8,0,12,145,51,23,3,222,0,0,0,222
09/17/2019,BUF,NY,AEA,CE,Combined TRACON& Tower with Radar,148,52,24,7,231,0,3,33,0,36,148,55,57,7,267,0,0,0,267
09/18/2019,BUF,NY,AEA,CE,Combined TRACON& Tower with Radar,146,45,23,1,215,0,4,31,4,39,146,49,54,5,254,0,0,0,254
09/19/2019,BUF,NY,AEA,CE,Combined TRACON& Tower with Radar,154,51,24,5,234,0,9,31,0,40,154,60,55,5,274,0,0,0,274
09/20/2019,BUF,NY,AEA,CE,Combined TRACON& Tower with Radar,149,54,14,1,218,0,0,28,3,31,149,54,42,4,249,0,0,0,249
09/21/2019,BUF,NY,AEA,CE,Combined TRACON& Tower with Radar,127,42,16,0,185,0,23,25,2,50,127,65,41,2,235,0,0,0,235
09/22/2019,BUF,NY,AEA,CE,Combined TRACON& Tower with Radar,130,46,19,0,195,0,3,16,0,19,130,49,35,0,214,0,0,0,214
09/23/2019,BUF,NY,AEA,CE,Combined TRACON& Tower with Radar,141,38,15,2,196,0,3,0,0,3,141,41,15,2,199,0,0,0,199
09/24/2019,BUF,NY,AEA,CE,Combined TRACON& Tower with Radar,148,57,20,0,225,0,9,21,0,30,148,66,41,0,255,0,0,0,255
09/25/2019,BUF,NY,AEA,CE,Combined TRACON& Tower with Radar,151,52,29,1,233,0,5,21,2,28,151,57,50,3,261,0,0,0,261
09/26/2019,BUF,NY,AEA,CE,Combined TRACON& Tower with Radar,145,51,14,0,210,0,2,3,0,5,145,53,17,0,215,0,0,0,215
09/27/2019,BUF,NY,AEA,CE,Combined TRACON& Tower with Radar,142,49,21,3,215,0,2,35,3,40,142,51,56,6,255,0,0,0,255
09/28/2019,BUF,NY,AEA,CE,Combined TRACON& Tower with Radar,125,45,8,0,178,0,5,7,0,12,125,50,15,0,190,0,0,0,190
09/29/2019,BUF,NY,AEA,CE,Combined TRACON& Tower with Radar,130,55,29,0,214,0,5,18,2,25,130,60,47,2,239,0,0,0,239
09/30/2019,BUF,NY,AEA,CE,Combined TRACON& Tower with Radar,142,34,16,0,192,0,7,14,0,21,142,41,30,0,213,0,0,0,213
10/01/2019,BUF,NY,AEA,CE,Combined TRACON& Tower with Radar,150,60,27,0,237,0,1,9,0,10,150,61,36,0,247,0,0,0,247
10/02/2019,BUF,NY,AEA,CE,Combined TRACON& Tower with Radar,150,60,19,0,229,0,0,0,0,0,150,60,19,0,229,0,0,0,229
10/03/2019,BUF,NY,AEA,CE,Combined TRACON& Tower with Radar,155,45,17,8,225,0,0,0,0,0,155,45,17,8,225,0,0,0,225
10/04/2019,BUF,NY,AEA,CE,Combined TRACON& Tower with Radar,152,56,27,0,235,0,4,10,0,14,152,60,37,0,249,0,0,0,249
10/05/2019,BUF,NY,AEA,CE,Combined TRACON& Tower with Radar,126,37,22,0,185,0,8,35,0,43,126,45,57,0,228,0,0,0,228
10/06/2019,BUF,NY,AEA,CE,Combined TRACON& Tower with Radar,121,48,29,0,198,0,0,10,0,10,121,48,39,0,208,0,0,0,208
10/07/2019,BUF,NY,AEA,CE,Combined TRACON& Tower with Radar,139,49,17,0,205,0,1,10,0,11,139,50,27,0,216,0,0,0,216
10/08/2019,BUF,NY,AEA,CE,Combined TRACON& Tower with Radar,146,51,14,0,211,0,7,20,0,27,146,58,34,0,238,0,0,0,238
10/09/2019,BUF,NY,AEA,CE,Combined TRACON& Tower with Radar,144,55,24,0,223,0,4,32,0,36,144,59,56,0,259,0,0,0,259
10/10/2019,BUF,NY,AEA,CE,Combined TRACON& Tower with Radar,143,60,34,0,237,0,12,40,0,52,143,72,74,0,289,0,0,0,289
10/11/2019,BUF,NY,AEA,CE,Combined TRACON& Tower with Radar,142,52,24,0,218,0,9,25,0,34,142,61,49,0,252,0,0,0,252
10/12/2019,BUF,NY,AEA,CE,Combined TRACON& Tower with Radar,122,38,21,0,181,0,1,3,0,4,122,39,24,0,185,0,0,0,185
10/13/2019,BUF,NY,AEA,CE,Combined TRACON& Tower with Radar,122,46,18,0,186,0,6,26,2,34,122,52,44,2,220,0,0,0,220
10/14/2019,BUF,NY,AEA,CE,Combined TRACON& Tower with Radar,139,50,13,0,202,0,4,5,0,9,139,54,18,0,211,0,0,0,211
10/15/2019,BUF,NY,AEA,CE,Combined TRACON& Tower with Radar,145,55,9,0,209,0,5,30,0,35,145,60,39,0,244,0,0,0,244
10/16/2019,BUF,NY,AEA,CE,Combined TRACON& Tower with Radar,139,45,19,0,203,0,1,2,0,3,139,46,21,0,206,0,0,0,206
10/17/2019,BUF,NY,AEA,CE,Combined TRACON& Tower with Radar,138,47,9,0,194,0,4,0,0,4,138,51,9,0,198,0,0,0,198
10/18/2019,BUF,NY,AEA,CE,Combined TRACON& Tower with Radar,140,45,24,0,209,0,4,13,0,17,140,49,37,0,226,0,0,0,226
10/19/2019,BUF,NY,AEA,CE,Combined TRACON& Tower with Radar,121,43,12,0,176,0,16,29,0,45,121,59,41,0,221,0,0,0,221
10/20/2019,BUF,NY,AEA,CE,Combined TRACON& Tower with Radar,123,47,23,0,193,0,12,21,0,33,123,59,44,0,226,0,0,0,226
10/21/2019,BUF,NY,AEA,CE,Combined TRACON& Tower with Radar,136,46,18,0,200,0,7,17,0,24,136,53,35,0,224,0,0,0,224
10/22/2019,BUF,NY,AEA,CE,Combined TRACON& Tower with Radar,146,49,23,0,218,0,1,1,0,2,146,50,24,0,220,0,0,0,220
10/23/2019,BUF,NY,AEA,CE,Combined TRACON& Tower with Radar,152,46,18,0,216,0,2,3,0,5,152,48,21,0,221,0,0,0,221
10/24/2019,BUF,NY,AEA,CE,Combined TRACON& Tower with Radar,142,48,14,0,204,0,8,5,0,13,142,56,19,0,217,0,0,0,217
10/25/2019,BUF,NY,AEA,CE,Combined TRACON& Tower with Radar,140,50,22,0,212,0,6,16,0,22,140,56,38,0,234,0,0,0,234
10/26/2019,BUF,NY,AEA,CE,Combined TRACON& Tower with Radar,123,44,30,0,197,0,8,24,0,32,123,52,54,0,229,0,0,0,229
10/27/2019,BUF,NY,AEA,CE,Combined TRACON& Tower with Radar,120,58,25,0,203,0,1,0,0,1,120,59,25,0,204,0,0,0,204
10/28/2019,BUF,NY,AEA,CE,Combined TRACON& Tower with Radar,135,41,28,2,206,0,6,35,0,41,135,47,63,2,247,0,0,0,247
10/29/2019,BUF,NY,AEA,CE,Combined TRACON& Tower with Radar,136,55,10,0,201,0,2,24,0,26,136,57,34,0,227,0,0,0,227
10/30/2019,BUF,NY,AEA,CE,Combined TRACON& Tower with Radar,130,54,20,0,204,0,0,0,0,0,130,54,20,0,204,0,0,0,204
10/31/2019,BUF,NY,AEA,CE,Combined TRACON& Tower with Radar,116,42,20,0,178,0,0,1,0,1,116,42,21,0,179,0,0,0,179
11/01/2019,BUF,NY,AEA,CE,Combined TRACON& Tower with Radar,130,43,28,0,201,0,2,3,0,5,130,45,31,0,206,0,0,0,206
11/02/2019,BUF,NY,AEA,CE,Combined TRACON& Tower with Radar,122,34,13,2,171,0,5,14,0,19,122,39,27,2,190,0,0,0,190
11/03/2019,BUF,NY,AEA,CE,Combined TRACON& Tower with Radar,121,40,18,0,179,0,2,14,0,16,121,42,32,0,195,0,0,0,195
11/04/2019,BUF,NY,AEA,CE,Combined TRACON& Tower with Radar,142,43,12,0,197,0,2,3,0,5,142,45,15,0,202,0,0,0,202
11/05/2019,BUF,NY,AEA,CE,Combined TRACON& Tower with Radar,145,43,22,0,210,0,5,10,0,15,145,48,32,0,225,0,0,0,225
11/06/2019,BUF,NY,AEA,CE,Combined TRACON& Tower with Radar,137,41,39,0,217,0,3,18,0,21,137,44,57,0,238,0,0,0,238
11/07/2019,BUF,NY,AEA,CE,Combined TRACON& Tower with Radar,144,45,7,2,198,0,1,0,0,1,144,46,7,2,199,0,0,0,199
11/08/2019,BUF,NY,AEA,CE,Combined TRACON& Tower with Radar,142,55,26,0,223,0,5,17,0,22,142,60,43,0,245,0,0,0,245
11/09/2019,BUF,NY,AEA,CE,Combined TRACON& Tower with Radar,116,32,5,0,153,0,2,13,0,15,116,34,18,0,168,0,0,0,168
11/10/2019,BUF,NY,AEA,CE,Combined TRACON& Tower with Radar,124,45,14,0,183,0,0,11,0,11,124,45,25,0,194,0,0,0,194
11/11/2019,BUF,NY,AEA,CE,Combined TRACON& Tower with Radar,115,25,6,0,146,0,0,2,0,2,115,25,8,0,148,0,0,0,148
11/12/2019,BUF,NY,AEA,CE,Combined TRACON& Tower with Radar,144,49,14,0,207,0,2,4,0,6,144,51,18,0,213,0,0,0,213
11/13/2019,BUF,NY,AEA,CE,Combined TRACON& Tower with Radar,144,54,26,0,224,0,5,13,0,18,144,59,39,0,242,0,0,0,242
11/14/2019,BUF,NY,AEA,CE,Combined TRACON& Tower with Radar,153,50,28,0,231,0,0,6,0,6,153,50,34,0,237,0,0,0,237
11/15/2019,BUF,NY,AEA,CE,Combined TRACON& Tower with Radar,146,46,15,0,207,0,2,5,0,7,146,48,20,0,214,0,0,0,214
11/16/2019,BUF,NY,AEA,CE,Combined TRACON& Tower with Radar,126,23,19,0,168,0,6,35,0,41,126,29,54,0,209,0,0,0,209
11/17/2019,BUF,NY,AEA,CE,Combined TRACON& Tower with Radar,119,38,18,0,175,0,3,20,0,23,119,41,38,0,198,0,0,0,198
11/18/2019,BUF,NY,AEA,CE,Combined TRACON& Tower with Radar,144,49,17,0,210,0,7,10,0,17,144,56,27,0,227,0,0,0,227
11/19/2019,BUF,NY,AEA,CE,Combined TRACON& Tower with Radar,155,48,14,0,217,0,3,7,0,10,155,51,21,0,227,0,0,0,227
11/20/2019,BUF,NY,AEA,CE,Combined TRACON& Tower with Radar,147,47,27,0,221,0,2,6,0,8,147,49,33,0,229,0,0,0,229
11/21/2019,BUF,NY,AEA,CE,Combined TRACON& Tower with Radar,142,46,35,0,223,0,5,9,0,14,142,51,44,0,237,0,0,0,237
11/22/2019,BUF,NY,AEA,CE,Combined TRACON& Tower with Radar,140,47,13,0,200,0,0,0,1,1,140,47,13,1,201,0,0,0,201
11/23/2019,BUF,NY,AEA,CE,Combined TRACON& Tower with Radar,119,26,15,0,160,0,4,28,0,32,119,30,43,0,192,0,0,0,192
11/24/2019,BUF,NY,AEA,CE,Combined TRACON& Tower with Radar,119,37,16,0,172,0,0,3,2,5,119,37,19,2,177,0,0,0,177
11/25/2019,BUF,NY,AEA,CE,Combined TRACON& Tower with Radar,134,42,7,5,188,0,7,7,1,15,134,49,14,6,203,0,0,0,203
11/26/2019,BUF,NY,AEA,CE,Combined TRACON& Tower with Radar,152,43,17,0,212,0,9,29,0,38,152,52,46,0,250,0,0,0,250
11/27/2019,BUF,NY,AEA,CE,Combined TRACON& Tower with Radar,151,37,13,0,201,0,0,0,0,0,151,37,13,0,201,0,0,0,201
11/28/2019,BUF,NY,AEA,CE,Combined TRACON& Tower with Radar,98,19,8,0,125,0,0,0,0,0,98,19,8,0,125,0,0,0,125
11/29/2019,BUF,NY,AEA,CE,Combined TRACON& Tower with Radar,109,30,15,0,154,0,5,2,0,7,109,35,17,0,161,0,0,0,161
11/30/2019,BUF,NY,AEA,CE,Combined TRACON& Tower with Radar,133,35,11,0,179,0,2,19,0,21,133,37,30,0,200,0,0,0,200
12/01/2019,BUF,NY,AEA,CE,Combined TRACON& Tower with Radar,121,27,12,0,160,0,0,0,0,0,121,27,12,0,160,0,0,0,160
12/02/2019,BUF,NY,AEA,CE,Combined TRACON& Tower with Radar,146,37,9,0,192,0,0,0,0,0,146,37,9,0,192,0,0,0,192
12/03/2019,BUF,NY,AEA,CE,Combined TRACON& Tower with Radar,147,41,20,0,208,0,2,11,0,13,147,43,31,0,221,0,0,0,221
12/04/2019,BUF,NY,AEA,CE,Combined TRACON& Tower with Radar,148,48,22,0,218,0,0,0,0,0,148,48,22,0,218,0,0,0,218
12/05/2019,BUF,NY,AEA,CE,Combined TRACON& Tower with Radar,138,59,17,0,214,0,0,2,0,2,138,59,19,0,216,0,0,0,216
12/06/2019,BUF,NY,AEA,CE,Combined TRACON& Tower with Radar,142,53,15,0,210,0,2,0,0,2,142,55,15,0,212,0,0,0,212
12/07/2019,BUF,NY,AEA,CE,Combined TRACON& Tower with Radar,107,36,18,0,161,0,13,32,0,45,107,49,50,0,206,0,0,0,206
12/08/2019,BUF,NY,AEA,CE,Combined TRACON& Tower with Radar,116,43,22,0,181,0,2,6,0,8,116,45,28,0,189,0,0,0,189
12/09/2019,BUF,NY,AEA,CE,Combined TRACON& Tower with Radar,134,42,9,0,185,0,1,1,0,2,134,43,10,0,187,0,0,0,187
12/10/2019,BUF,NY,AEA,CE,Combined TRACON& Tower with Radar,143,46,12,0,201,0,0,0,0,0,143,46,12,0,201,0,0,0,201
12/11/2019,BUF,NY,AEA,CE,Combined TRACON& Tower with Radar,137,46,25,0,208,0,0,2,0,2,137,46,27,0,210,0,0,0,210
12/12/2019,BUF,NY,AEA,CE,Combined TRACON& Tower with Radar,143,60,15,0,218,0,10,29,1,40,143,70,44,1,258,0,0,0,258
12/13/2019,BUF,NY,AEA,CE,Combined TRACON& Tower with Radar,138,48,31,0,217,0,5,28,1,34,138,53,59,1,251,0,0,0,251
12/14/2019,BUF,NY,AEA,CE,Combined TRACON& Tower with Radar,114,35,7,0,156,0,2,0,0,2,114,37,7,0,158,0,0,0,158
12/15/2019,BUF,NY,AEA,CE,Combined TRACON& Tower with Radar,113,40,8,0,161,0,1,0,0,1,113,41,8,0,162,0,0,0,162
12/16/2019,BUF,NY,AEA,CE,Combined TRACON& Tower with Radar,141,47,24,0,212,0,6,17,0,23,141,53,41,0,235,0,0,0,235
12/17/2019,BUF,NY,AEA,CE,Combined TRACON& Tower with Radar,136,41,9,0,186,0,2,0,0,2,136,43,9,0,188,0,0,0,188
12/18/2019,BUF,NY,AEA,CE,Combined TRACON& Tower with Radar,139,53,15,0,207,0,1,2,0,3,139,54,17,0,210,0,0,0,210
12/19/2019,BUF,NY,AEA,CE,Combined TRACON& Tower with Radar,139,56,17,0,212,0,5,3,0,8,139,61,20,0,220,0,0,0,220
12/20/2019,BUF,NY,AEA,CE,Combined TRACON& Tower with Radar,135,48,29,0,212,0,10,20,0,30,135,58,49,0,242,0,0,0,242
12/21/2019,BUF,NY,AEA,CE,Combined TRACON& Tower with Radar,131,36,12,0,179,0,2,15,0,17,131,38,27,0,196,0,0,0,196
12/22/2019,BUF,NY,AEA,CE,Combined TRACON& Tower with Radar,124,38,26,0,188,0,1,14,0,15,124,39,40,0,203,0,0,0,203
12/23/2019,BUF,NY,AEA,CE,Combined TRACON& Tower with Radar,113,47,9,0,169,0,6,3,0,9,113,53,12,0,178,0,0,0,178
12/24/2019,BUF,NY,AEA,CE,Combined TRACON& Tower with Radar,111,30,12,0,153,0,4,5,0,9,111,34,17,0,162,0,0,0,162
12/25/2019,BUF,NY,AEA,CE,Combined TRACON& Tower with Radar,89,23,6,0,118,0,0,7,0,7,89,23,13,0,125,0,0,0,125
12/26/2019,BUF,NY,AEA,CE,Combined TRACON& Tower with Radar,114,48,20,0,182,0,2,5,0,7,114,50,25,0,189,0,0,0,189
12/27/2019,BUF,NY,AEA,CE,Combined TRACON& Tower with Radar,121,53,9,0,183,0,4,0,0,4,121,57,9,0,187,0,0,0,187
12/28/2019,BUF,NY,AEA,CE,Combined TRACON& Tower with Radar,119,32,19,0,170,0,5,15,0,20,119,37,34,0,190,0,0,0,190
12/29/2019,BUF,NY,AEA,CE,Combined TRACON& Tower with Radar,115,35,7,0,157,0,1,7,0,8,115,36,14,0,165,0,0,0,165
12/30/2019,BUF,NY,AEA,CE,Combined TRACON& Tower with Radar,115,42,4,0,161,0,2,0,0,2,115,44,4,0,163,0,0,0,163
12/31/2019,BUF,NY,AEA,CE,Combined TRACON& Tower with Radar,104,38,8,0,150,0,0,0,0,0,104,38,8,0,150,0,0,0,150
01/01/2020,BUF,NY,AEA,CE,Combined TRACON& Tower with Radar,92,22,0,0,114,0,1,2,0,3,92,23,2,0,117,0,0,0,117
01/02/2020,BUF,NY,AEA,CE,Combined TRACON& Tower with Radar,117,49,7,2,175,0,1,12,2,15,117,50,19,4,190,0,0,0,190
01/03/2020,BUF,NY,AEA,CE,Combined TRACON& Tower with Radar,122,44,22,0,188,0,2,0,0,2,122,46,22,0,190,0,0,0,190
01/04/2020,BUF,NY,AEA,CE,Combined TRACON& Tower with Radar,106,39,7,0,152,0,0,2,0,2,106,39,9,0,154,0,0,0,154
01/05/2020,BUF,NY,AEA,CE,Combined TRACON& Tower with Radar,106,37,4,0,147,0,2,6,0,8,106,39,10,0,155,0,0,0,155
01/06/2020,BUF,NY,AEA,CE,Combined TRACON& Tower with Radar,130,48,10,0,188,0,2,0,0,2,130,50,10,0,190,0,0,0,190
01/07/2020,BUF,NY,AEA,CE,Combined TRACON& Tower with Radar,131,44,13,0,188,0,4,30,2,36,131,48,43,2,224,0,0,0,224
01/08/2020,BUF,NY,AEA,CE,Combined TRACON& Tower with Radar,129,42,13,0,184,0,1,6,0,7,129,43,19,0,191,0,0,0,191
01/09/2020,BUF,NY,AEA,CE,Combined TRACON& Tower with Radar,126,47,12,0,185,0,2,15,0,17,126,49,27,0,202,0,0,0,202
01/10/2020,BUF,NY,AEA,CE,Combined TRACON& Tower with Radar,130,39,10,2,181,0,0,0,0,0,130,39,10,2,181,0,0,0,181
01/11/2020,BUF,NY,AEA,CE,Combined TRACON& Tower with Radar,115,28,4,0,147,0,0,1,0,1,115,28,5,0,148,0,0,0,148
01/12/2020,BUF,NY,AEA,CE,Combined TRACON& Tower with Radar,90,34,4,0,128,0,3,0,0,3,90,37,4,0,131,0,0,0,131
01/13/2020,BUF,NY,AEA,CE,Combined TRACON& Tower with Radar,130,44,10,0,184,0,1,0,1,2,130,45,10,1,186,0,0,0,186
01/14/2020,BUF,NY,AEA,CE,Combined TRACON& Tower with Radar,122,46,16,0,184,0,10,15,1,26,122,56,31,1,210,0,0,0,210
01/15/2020,BUF,NY,AEA,CE,Combined TRACON& Tower with Radar,126,43,14,0,183,0,4,32,2,38,126,47,46,2,221,0,0,0,221
01/16/2020,BUF,NY,AEA,CE,Combined TRACON& Tower with Radar,118,39,9,0,166,0,2,0,0,2,118,41,9,0,168,0,0,0,168
01/17/2020,BUF,NY,AEA,CE,Combined TRACON& Tower with Radar,124,58,10,0,192,0,2,8,2,12,124,60,18,2,204,0,0,0,204
01/18/2020,BUF,NY,AEA,CE,Combined TRACON& Tower with Radar,111,18,0,0,129,0,0,0,0,0,111,18,0,0,129,0,0,0,129
01/19/2020,BUF,NY,AEA,CE,Combined TRACON& Tower with Radar,89,44,8,0,141,0,0,0,0,0,89,44,8,0,141,0,0,0,141
01/20/2020,BUF,NY,AEA,CE,Combined TRACON& Tower with Radar,122,42,26,0,190,0,4,16,0,20,122,46,42,0,210,0,0,0,210
01/21/2020,BUF,NY,AEA,CE,Combined TRACON& Tower with Radar,120,55,12,0,187,0,1,1,0,2,120,56,13,0,189,0,0,0,189
01/22/2020,BUF,NY,AEA,CE,Combined TRACON& Tower with Radar,128,43,23,0,194,0,5,10,0,15,128,48,33,0,209,0,0,0,209
01/23/2020,BUF,NY,AEA,CE,Combined TRACON& Tower with Radar,121,48,8,0,177,0,3,25,0,28,121,51,33,0,205,0,0,0,205
01/24/2020,BUF,NY,AEA,CE,Combined TRACON& Tower with Radar,127,40,23,2,192,0,2,22,0,24,127,42,45,2,216,0,0,0,216
01/25/2020,BUF,NY,AEA,CE,Combined TRACON& Tower with Radar,111,30,4,0,145,0,3,2,0,5,111,33,6,0,150,0,0,0,150
01/26/2020,BUF,NY,AEA,CE,Combined TRACON& Tower with Radar,105,43,11,0,159,0,0,1,0,1,105,43,12,0,160,0,0,0,160
01/27/2020,BUF,NY,AEA,CE,Combined TRACON& Tower with Radar,124,44,13,1,182,0,0,0,0,0,124,44,13,1,182,0,0,0,182
01/28/2020,BUF,NY,AEA,CE,Combined TRACON& Tower with Radar,123,51,13,1,188,0,2,1,1,4,123,53,14,2,192,0,0,0,192
01/29/2020,BUF,NY,AEA,CE,Combined TRACON& Tower with Radar,127,55,17,0,199,0,9,3,0,12,127,64,20,0,211,0,0,0,211
01/30/2020,BUF,NY,AEA,CE,Combined TRACON& Tower with Radar,128,49,24,0,201,0,7,29,0,36,128,56,53,0,237,0,0,0,237
01/31/2020,BUF,NY,AEA,CE,Combined TRACON& Tower with Radar,129,50,10,0,189,0,1,12,0,13,129,51,22,0,202,0,0,0,202
02/01/2020,BUF,NY,AEA,CE,Combined TRACON& Tower with Radar,109,30,3,0,142,0,0,6,0,6,109,30,9,0,148,0,0,0,148
02/02/2020,BUF,NY,AEA,CE,Combined TRACON& Tower with Radar,92,46,3,0,141,0,0,0,0,0,92,46,3,0,141,0,0,0,141
02/03/2020,BUF,NY,AEA,CE,Combined TRACON& Tower with Radar,121,49,11,0,181,0,16,17,0,33,121,65,28,0,214,0,0,0,214
02/04/2020,BUF,NY,AEA,CE,Combined TRACON& Tower with Radar,123,43,11,0,177,0,12,2,0,14,123,55,13,0,191,0,0,0,191
02/05/2020,BUF,NY,AEA,CE,Combined TRACON& Tower with Radar,122,47,21,0,190,0,11,6,2,19,122,58,27,2,209,0,0,0,209
02/06/2020,BUF,NY,AEA,CE,Combined TRACON& Tower with Radar,118,34,5,0,157,0,0,0,0,0,118,34,5,0,157,0,0,0,157
02/07/2020,BUF,NY,AEA,CE,Combined TRACON& Tower with Radar,121,46,8,0,175,0,0,0,0,0,121,46,8,0,175,0,0,0,175
02/08/2020,BUF,NY,AEA,CE,Combined TRACON& Tower with Radar,118,35,15,0,168,0,2,0,0,2,118,37,15,0,170,0,0,0,170
02/09/2020,BUF,NY,AEA,CE,Combined TRACON& Tower with Radar,102,40,18,0,160,0,0,0,0,0,102,40,18,0,160,0,0,0,160
02/10/2020,BUF,NY,AEA,CE,Combined TRACON& Tower with Radar,125,37,15,0,177,0,8,0,0,8,125,45,15,0,185,0,0,0,185
02/11/2020,BUF,NY,AEA,CE,Combined TRACON& Tower with Radar,125,54,13,0,192,0,6,5,0,11,125,60,18,0,203,0,0,0,203
02/12/2020,BUF,NY,AEA,CE,Combined TRACON& Tower with Radar,121,54,12,0,187,0,6,18,0,24,121,60,30,0,211,0,0,0,211
02/13/2020,BUF,NY,AEA,CE,Combined TRACON& Tower with Radar,117,54,9,0,180,0,0,0,0,0,117,54,9,0,180,0,0,0,180
02/14/2020,BUF,NY,AEA,CE,Combined TRACON& Tower with Radar,136,48,8,0,192,0,9,13,0,22,136,57,21,0,214,0,0,0,214
02/15/2020,BUF,NY,AEA,CE,Combined TRACON& Tower with Radar,115,36,6,0,157,0,2,18,0,20,115,38,24,0,177,0,0,0,177
02/16/2020,BUF,NY,AEA,CE,Combined TRACON& Tower with Radar,95,43,11,0,149,0,0,3,0,3,95,43,14,0,152,0,0,0,152
02/17/2020,BUF,NY,AEA,CE,Combined TRACON& Tower with Radar,118,51,13,0,182,0,3,15,0,18,118,54,28,0,200,0,0,0,200
02/18/2020,BUF,NY,AEA,CE,Combined TRACON& Tower with Radar,121,50,13,0,184,0,0,0,0,0,121,50,13,0,184,0,0,0,184
02/19/2020,BUF,NY,AEA,CE,Combined TRACON& Tower with Radar,131,53,20,0,204,0,6,3,0,9,131,59,23,0,213,0,0,0,213
02/20/2020,BUF,NY,AEA,CE,Combined TRACON& Tower with Radar,124,46,18,0,188,0,6,1,0,7,124,52,19,0,195,0,0,0,195
02/21/2020,BUF,NY,AEA,CE,Combined TRACON& Tower with Radar,126,48,16,0,190,0,5,12,0,17,126,53,28,0,207,0,0,0,207
02/22/2020,BUF,NY,AEA,CE,Combined TRACON& Tower with Radar,121,37,9,2,169,0,1,9,0,10,121,38,18,2,179,0,0,0,179
02/23/2020,BUF,NY,AEA,CE,Combined TRACON& Tower with Radar,107,49,16,0,172,0,4,34,0,38,107,53,50,0,210,0,0,0,210
02/24/2020,BUF,NY,AEA,CE,Combined TRACON& Tower with Radar,128,46,24,0,198,0,12,15,0,27,128,58,39,0,225,0,0,0,225
02/25/2020,BUF,NY,AEA,CE,Combined TRACON& Tower with Radar,127,47,12,0,186,0,0,0,0,0,127,47,12,0,186,0,0,0,186
02/26/2020,BUF,NY,AEA,CE,Combined TRACON& Tower with Radar,128,40,11,0,179,0,0,0,0,0,128,40,11,0,179,0,0,0,179
02/27/2020,BUF,NY,AEA,CE,Combined TRACON& Tower with Radar,102,32,3,0,137,0,0,0,0,0,102,32,3,0,137,0,0,0,137
02/28/2020,BUF,NY,AEA,CE,Combined TRACON& Tower with Radar,129,52,9,0,190,0,0,2,0,2,129,52,11,0,192,0,0,0,192
02/29/2020,BUF,NY,AEA,CE,Combined TRACON& Tower with Radar,115,43,4,2,164,0,1,0,0,1,115,44,4,2,165,0,0,0,165
03/01/2020,BUF,NY,AEA,CE,Combined TRACON& Tower with Radar,114,42,24,0,180,0,3,22,0,25,114,45,46,0,205,0,0,0,205
03/02/2020,BUF,NY,AEA,CE,Combined TRACON& Tower with Radar,127,55,22,2,206,0,2,0,0,2,127,57,22,2,208,0,0,0,208
03/03/2020,BUF,NY,AEA,CE,Combined TRACON& Tower with Radar,119,46,14,0,179,0,1,1,0,2,119,47,15,0,181,0,0,0,181
03/04/2020,BUF,NY,AEA,CE,Combined TRACON& Tower with Radar,134,39,20,0,193,0,4,8,0,12,134,43,28,0,205,0,0,0,205
03/05/2020,BUF,NY,AEA,CE,Combined TRACON& Tower with Radar,127,58,30,2,217,0,5,37,2,44,127,63,67,4,261,0,0,0,261
03/06/2020,BUF,NY,AEA,CE,Combined TRACON& Tower with Radar,128,49,11,0,188,0,2,0,0,2,128,51,11,0,190,0,0,0,190
03/07/2020,BUF,NY,AEA,CE,Combined TRACON& Tower with Radar,115,31,6,0,152,0,0,38,0,38,115,31,44,0,190,0,0,0,190
03/08/2020,BUF,NY,AEA,CE,Combined TRACON& Tower with Radar,105,52,8,0,165,0,1,6,0,7,105,53,14,0,172,0,0,0,172
03/09/2020,BUF,NY,AEA,CE,Combined TRACON& Tower with Radar,134,47,9,0,190,0,1,6,0,7,134,48,15,0,197,0,0,0,197
03/10/2020,BUF,NY,AEA,CE,Combined TRACON& Tower with Radar,141,37,6,0,184,0,0,1,0,1,141,37,7,0,185,0,0,0,185
03/11/2020,BUF,NY,AEA,CE,Combined TRACON& Tower with Radar,140,44,16,0,200,0,9,19,0,28,140,53,35,0,228,0,0,0,228
03/12/2020,BUF,NY,AEA,CE,Combined TRACON& Tower with Radar,135,50,23,3,211,0,4,19,0,23,135,54,42,3,234,0,0,0,234
03/13/2020,BUF,NY,AEA,CE,Combined TRACON& Tower with Radar,139,44,9,0,192,0,4,0,0,4,139,48,9,0,196,0,0,0,196
03/14/2020,BUF,NY,AEA,CE,Combined TRACON& Tower with Radar,121,39,15,0,175,0,2,20,0,22,121,41,35,0,197,0,0,0,197
03/15/2020,BUF,NY,AEA,CE,Combined TRACON& Tower with Radar,111,48,17,0,176,0,4,27,0,31,111,52,44,0,207,0,0,0,207
03/16/2020,BUF,NY,AEA,CE,Combined TRACON& Tower with Radar,137,42,23,14,216,0,4,26,0,30,137,46,49,14,246,0,0,0,246
03/17/2020,BUF,NY,AEA,CE,Combined TRACON& Tower with Radar,142,52,4,0,198,0,10,2,0,12,142,62,6,0,210,0,0,0,210
03/18/2020,BUF,NY,AEA,CE,Combined TRACON& Tower with Radar,137,45,12,4,198,0,4,17,0,21,137,49,29,4,219,0,0,0,219
03/19/2020,BUF,NY,AEA,CE,Combined TRACON& Tower with Radar,126,43,16,0,185,0,4,0,0,4,126,47,16,0,189,0,0,0,189
03/20/2020,BUF,NY,AEA,CE,Combined TRACON& Tower with Radar,116,37,7,0,160,0,2,0,0,2,116,39,7,0,162,0,0,0,162
03/21/2020,BUF,NY,AEA,CE,Combined TRACON& Tower with Radar,112,27,3,0,142,0,0,0,0,0,112,27,3,0,142,0,0,0,142
03/22/2020,BUF,NY,AEA,CE,Combined TRACON& Tower with Radar,90,31,6,0,127,0,3,0,0,3,90,34,6,0,130,0,0,0,130
03/23/2020,BUF,NY,AEA,CE,Combined TRACON& Tower with Radar,99,24,9,0,132,0,2,0,0,2,99,26,9,0,134,0,0,0,134
03/24/2020,BUF,NY,AEA,CE,Combined TRACON& Tower with Radar,86,16,3,0,105,0,1,1,0,2,86,17,4,0,107,0,0,0,107
03/25/2020,BUF,NY,AEA,CE,Combined TRACON& Tower with Radar,88,19,6,0,113,0,4,4,0,8,88,23,10,0,121,0,0,0,121
03/26/2020,BUF,NY,AEA,CE,Combined TRACON& Tower with Radar,79,20,2,0,101,0,8,3,0,11,79,28,5,0,112,0,0,0,112
03/27/2020,BUF,NY,AEA,CE,Combined TRACON& Tower with Radar,62,12,2,0,76,0,1,3,0,4,62,13,5,0,80,0,0,0,80
03/28/2020,BUF,NY,AEA,CE,Combined TRACON& Tower with Radar,57,15,4,0,76,0,1,0,0,1,57,16,4,0,77,0,0,0,77
03/29/2020,BUF,NY,AEA,CE,Combined TRACON& Tower with Radar,52,20,3,0,75,0,2,0,0,2,52,22,3,0,77,0,0,0,77
03/30/2020,BUF,NY,AEA,CE,Combined TRACON& Tower with Radar,62,14,1,0,77,0,0,0,0,0,62,14,1,0,77,0,0,0,77
03/31/2020,BUF,NY,AEA,CE,Combined TRACON& Tower with Radar,76,16,1,2,95,0,0,0,2,2,76,16,1,4,97,0,0,0,97
04/01/2020,BUF,NY,AEA,CE,Combined TRACON& Tower with Radar,58,22,2,0,82,0,5,5,0,10,58,27,7,0,92,0,0,0,92
04/02/2020,BUF,NY,AEA,CE,Combined TRACON& Tower with Radar,46,20,5,0,71,0,2,7,0,9,46,22,12,0,80,0,0,0,80
04/03/2020,BUF,NY,AEA,CE,Combined TRACON& Tower with Radar,46,22,3,0,71,0,0,0,0,0,46,22,3,0,71,0,0,0,71
04/04/2020,BUF,NY,AEA,CE,Combined TRACON& Tower with Radar,45,16,2,0,63,0,2,0,0,2,45,18,2,0,65,0,0,0,65
04/05/2020,BUF,NY,AEA,CE,Combined TRACON& Tower with Radar,28,18,2,0,48,0,2,0,0,2,28,20,2,0,50,0,0,0,50
04/06/2020,BUF,NY,AEA,CE,Combined TRACON& Tower with Radar,38,14,3,0,55,0,2,5,0,7,38,16,8,0,62,0,0,0,62
04/07/2020,BUF,NY,AEA,CE,Combined TRACON& Tower with Radar,47,14,2,0,63,0,4,4,0,8,47,18,6,0,71,0,0,0,71
04/08/2020,BUF,NY,AEA,CE,Combined TRACON& Tower with Radar,55,14,0,0,69,0,4,2,0,6,55,18,2,0,75,0,0,0,75
04/09/2020,BUF,NY,AEA,CE,Combined TRACON& Tower with Radar,56,12,0,0,68,0,2,0,0,2,56,14,0,0,70,0,0,0,70
04/10/2020,BUF,NY,AEA,CE,Combined TRACON& Tower with Radar,46,18,1,0,65,0,4,0,0,4,46,22,1,0,69,0,0,0,69
04/11/2020,BUF,NY,AEA,CE,Combined TRACON& Tower with Radar,49,11,4,0,64,0,4,2,0,6,49,15,6,0,70,0,0,0,70
04/12/2020,BUF,NY,AEA,CE,Combined TRACON& Tower with Radar,34,5,1,0,40,0,4,3,0,7,34,9,4,0,47,0,0,0,47
04/13/2020,BUF,NY,AEA,CE,Combined TRACON& Tower with Radar,41,12,2,0,55,0,0,0,0,0,41,12,2,0,55,0,0,0,55
04/14/2020,BUF,NY,AEA,CE,Combined TRACON& Tower with Radar,37,8,2,0,47,0,6,0,0,6,37,14,2,0,53,0,0,0,53
04/15/2020,BUF,NY,AEA,CE,Combined TRACON& Tower with Radar,39,13,0,2,54,0,0,0,0,0,39,13,0,2,54,0,0,0,54
04/16/2020,BUF,NY,AEA,CE,Combined TRACON& Tower with Radar,27,7,2,0,36,0,0,0,0,0,27,7,2,0,36,0,0,0,36
04/17/2020,BUF,NY,AEA,CE,Combined TRACON& Tower with Radar,33,10,1,9,53,0,0,0,3,3,33,10,1,12,56,0,0,0,56
04/18/2020,BUF,NY,AEA,CE,Combined TRACON& Tower with Radar,32,9,8,0,49,0,3,5,0,8,32,12,13,0,57,0,0,0,57
04/19/2020,BUF,NY,AEA,CE,Combined TRACON& Tower with Radar,25,10,1,0,36,0,6,0,0,6,25,16,1,0,42,0,0,0,42
04/20/2020,BUF,NY,AEA,CE,Combined TRACON& Tower with Radar,29,9,18,0,56,0,5,14,0,19,29,14,32,0,75,0,0,0,75
04/21/2020,BUF,NY,AEA,CE,Combined TRACON& Tower with Radar,35,12,5,0,52,0,3,5,0,8,35,15,10,0,60,0,0,0,60
04/22/2020,BUF,NY,AEA,CE,Combined TRACON& Tower with Radar,41,7,12,0,60,0,2,3,0,5,41,9,15,0,65,0,0,0,65
04/23/2020,BUF,NY,AEA,CE,Combined TRACON& Tower with Radar,40,9,4,0,53,0,2,0,0,2,40,11,4,0,55,0,0,0,55
04/24/2020,BUF,NY,AEA,CE,Combined TRACON& Tower with Radar,33,8,8,0,49,0,5,5,0,10,33,13,13,0,59,0,0,0,59
04/25/2020,BUF,NY,AEA,CE,Combined TRACON& Tower with Radar,34,11,8,0,53,0,4,11,0,15,34,15,19,0,68,0,0,0,68
04/26/2020,BUF,NY,AEA,CE,Combined TRACON& Tower with Radar,25,10,1,0,36,0,0,0,0,0,25,10,1,0,36,0,0,0,36
04/27/2020,BUF,NY,AEA,CE,Combined TRACON& Tower with Radar,31,9,4,0,44,0,2,6,0,8,31,11,10,0,52,0,0,0,52
04/28/2020,BUF,NY,AEA,CE,Combined TRACON& Tower with Radar,38,14,12,0,64,0,5,9,0,14,38,19,21,0,78,0,0,0,78
04/29/2020,BUF,NY,AEA,CE,Combined TRACON& Tower with Radar,39,10,2,0,51,0,3,12,0,15,39,13,14,0,66,0,0,0,66
04/30/2020,BUF,NY,AEA,CE,Combined TRACON& Tower with Radar,40,11,14,0,65,0,0,0,0,0,40,11,14,0,65,0,0,0,65
05/01/2020,BUF,NY,AEA,CE,Combined TRACON& Tower with Radar,37,17,5,0,59,0,2,3,0,5,37,19,8,0,64,0,0,0,64
05/02/2020,BUF,NY,AEA,CE,Combined TRACON& Tower with Radar,20,9,0,0,29,0,2,24,0,26,20,11,24,0,55,0,0,0,55
05/03/2020,BUF,NY,AEA,CE,Combined TRACON& Tower with Radar,37,13,4,0,54,0,3,11,0,14,37,16,15,0,68,0,0,0,68
05/04/2020,BUF,NY,AEA,CE,Combined TRACON& Tower with Radar,46,9,4,0,59,0,0,5,0,5,46,9,9,0,64,0,0,0,64
05/05/2020,BUF,NY,AEA,CE,Combined TRACON& Tower with Radar,35,12,8,2,57,0,3,25,0,28,35,15,33,2,85,0,0,0,85
05/06/2020,BUF,NY,AEA,CE,Combined TRACON& Tower with Radar,38,10,13,0,61,0,7,16,0,23,38,17,29,0,84,0,0,0,84
05/07/2020,BUF,NY,AEA,CE,Combined TRACON& Tower with Radar,44,14,7,0,65,0,2,9,0,11,44,16,16,0,76,0,0,0,76
05/08/2020,BUF,NY,AEA,CE,Combined TRACON& Tower with Radar,42,15,13,0,70,0,3,8,0,11,42,18,21,0,81,0,0,0,81
05/09/2020,BUF,NY,AEA,CE,Combined TRACON& Tower with Radar,33,11,4,0,48,0,0,2,0,2,33,11,6,0,50,0,0,0,50
05/10/2020,BUF,NY,AEA,CE,Combined TRACON& Tower with Radar,32,14,5,0,51,0,4,3,0,7,32,18,8,0,58,0,0,0,58
05/11/2020,BUF,NY,AEA,CE,Combined TRACON& Tower with Radar,42,10,12,10,74,0,0,0,0,0,42,10,12,10,74,0,0,0,74
05/12/2020,BUF,NY,AEA,CE,Combined TRACON& Tower with Radar,38,9,7,4,58,0,1,23,2,26,38,10,30,6,84,0,0,0,84
05/13/2020,BUF,NY,AEA,CE,Combined TRACON& Tower with Radar,43,11,14,2,70,0,3,24,2,29,43,14,38,4,99,0,0,0,99
05/14/2020,BUF,NY,AEA,CE,Combined TRACON& Tower with Radar,44,12,6,8,70,0,1,15,0,16,44,13,21,8,86,0,0,0,86
05/15/2020,BUF,NY,AEA,CE,Combined TRACON& Tower with Radar,44,15,2,0,61,0,0,0,0,0,44,15,2,0,61,0,0,0,61
05/16/2020,BUF,NY,AEA,CE,Combined TRACON& Tower with Radar,40,12,6,0,58,0,3,15,2,20,40,15,21,2,78,0,0,0,78
05/17/2020,BUF,NY,AEA,CE,Combined TRACON& Tower with Radar,41,18,6,0,65,0,1,9,0,10,41,19,15,0,75,0,0,0,75
05/18/2020,BUF,NY,AEA,CE,Combined TRACON& Tower with Radar,48,9,6,0,63,0,4,0,0,4,48,13,6,0,67,0,0,0,67
05/19/2020,BUF,NY,AEA,CE,Combined TRACON& Tower with Radar,41,15,5,7,68,0,8,15,1,24,41,23,20,8,92,0,0,0,92
05/20/2020,BUF,NY,AEA,CE,Combined TRACON& Tower with Radar,48,16,14,2,80,0,3,21,0,24,48,19,35,2,104,0,0,0,104
05/21/2020,BUF,NY,AEA,CE,Combined TRACON& Tower with Radar,52,18,6,0,76,0,3,35,0,38,52,21,41,0,114,0,0,0,114
05/22/2020,BUF,NY,AEA,CE,Combined TRACON& Tower with Radar,54,18,13,0,85,0,3,21,4,28,54,21,34,4,113,0,0,0,113
05/23/2020,BUF,NY,AEA,CE,Combined TRACON& Tower with Radar,42,11,8,0,61,0,0,4,0,4,42,11,12,0,65,0,0,0,65
05/24/2020,BUF,NY,AEA,CE,Combined TRACON& Tower with Radar,39,13,12,0,64,0,7,17,3,27,39,20,29,3,91,0,0,0,91
05/25/2020,BUF,NY,AEA,CE,Combined TRACON& Tower with Radar,42,15,9,2,68,0,2,8,0,10,42,17,17,2,78,0,0,0,78
05/26/2020,BUF,NY,AEA,CE,Combined TRACON& Tower with Radar,40,12,10,0,62,0,6,48,0,54,40,18,58,0,116,0,0,0,116
05/27/2020,BUF,NY,AEA,CE,Combined TRACON& Tower with Radar,49,21,11,22,103,0,5,32,0,37,49,26,43,22,140,0,0,0,140
05/28/2020,BUF,NY,AEA,CE,Combined TRACON& Tower with Radar,51,16,3,0,70,0,12,2,0,14,51,28,5,0,84,0,0,0,84
05/29/2020,BUF,NY,AEA,CE,Combined TRACON& Tower with Radar,50,17,8,0,75,0,1,3,0,4,50,18,11,0,79,0,0,0,79
05/30/2020,BUF,NY,AEA,CE,Combined TRACON& Tower with Radar,39,12,16,0,67,0,2,5,0,7,39,14,21,0,74,0,0,0,74
05/31/2020,BUF,NY,AEA,CE,Combined TRACON& Tower with Radar,41,9,8,0,58,0,0,22,0,22,41,9,30,0,80,0,0,0,80
06/01/2020,BUF,NY,AEA,CE,Combined TRACON& Tower with Radar,46,16,5,0,67,0,9,14,0,23,46,25,19,0,90,0,0,0,90
06/02/2020,BUF,NY,AEA,CE,Combined TRACON& Tower with Radar,44,12,12,0,68,0,2,17,0,19,44,14,29,0,87,0,0,0,87
06/03/2020,BUF,NY,AEA,CE,Combined TRACON& Tower with Radar,51,21,5,3,80,0,2,4,1,7,51,23,9,4,87,0,0,0,87
06/04/2020,BUF,NY,AEA,CE,Combined TRACON& Tower with Radar,48,18,10,0,76,0,0,24,0,24,48,18,34,0,100,0,0,0,100
06/05/2020,BUF,NY,AEA,CE,Combined TRACON& Tower with Radar,56,19,14,0,89,0,14,29,0,43,56,33,43,0,132,0,0,0,132
06/06/2020,BUF,NY,AEA,CE,Combined TRACON& Tower with Radar,40,11,6,0,57,0,7,26,0,33,40,18,32,0,90,0,0,0,90
06/07/2020,BUF,NY,AEA,CE,Combined TRACON& Tower with Radar,43,15,14,0,72,0,1,24,2,27,43,16,38,2,99,0,0,0,99
06/08/2020,BUF,NY,AEA,CE,Combined TRACON& Tower with Radar,49,16,6,0,71,0,6,22,0,28,49,22,28,0,99,0,0,0,99
06/09/2020,BUF,NY,AEA,CE,Combined TRACON& Tower with Radar,48,15,8,0,71,0,4,23,0,27,48,19,31,0,98,0,0,0,98
06/10/2020,BUF,NY,AEA,CE,Combined TRACON& Tower with Radar,49,26,14,7,96,0,2,7,1,10,49,28,21,8,106,0,0,0,106
06/11/2020,BUF,NY,AEA,CE,Combined TRACON& Tower with Radar,50,27,7,0,84,0,4,7,4,15,50,31,14,4,99,0,0,0,99
06/12/2020,BUF,NY,AEA,CE,Combined TRACON& Tower with Radar,54,26,8,0,88,0,12,13,0,25,54,38,21,0,113,0,0,0,113
06/13/2020,BUF,NY,AEA,CE,Combined TRACON& Tower with Radar,41,17,20,0,78,0,10,31,0,41,41,27,51,0,119,0,0,0,119
06/14/2020,BUF,NY,AEA,CE,Combined TRACON& Tower with Radar,41,23,12,0,76,0,3,19,0,22,41,26,31,0,98,0,0,0,98
06/15/2020,BUF,NY,AEA,CE,Combined TRACON& Tower with Radar,51,17,10,0,78,0,4,26,3,33,51,21,36,3,111,0,0,0,111
06/16/2020,BUF,NY,AEA,CE,Combined TRACON& Tower with Radar,46,21,16,2,85,0,4,29,3,36,46,25,45,5,121,0,0,0,121
06/17/2020,BUF,NY,AEA,CE,Combined TRACON& Tower with Radar,45,20,18,0,83,0,8,25,0,33,45,28,43,0,116,0,0,0,116
06/18/2020,BUF,NY,AEA,CE,Combined TRACON& Tower with Radar,52,27,16,0,95,0,15,20,0,35,52,42,36,0,130,0,0,0,130
06/19/2020,BUF,NY,AEA,CE,Combined TRACON& Tower with Radar,54,21,18,0,93,0,3,17,0,20,54,24,35,0,113,0,0,0,113
06/20/2020,BUF,NY,AEA,CE,Combined TRACON& Tower with Radar,41,10,9,0,60,0,0,27,0,27,41,10,36,0,87,0,0,0,87
06/21/2020,BUF,NY,AEA,CE,Combined TRACON& Tower with Radar,45,15,12,0,72,0,4,10,2,16,45,19,22,2,88,0,0,0,88
06/22/2020,BUF,NY,AEA,CE,Combined TRACON& Tower with Radar,50,14,6,2,72,0,2,10,0,12,50,16,16,2,84,0,0,0,84
06/23/2020,BUF,NY,AEA,CE,Combined TRACON& Tower with Radar,51,19,12,0,82,0,2,10,0,12,51,21,22,0,94,0,0,0,94
06/24/2020,BUF,NY,AEA,CE,Combined TRACON& Tower with Radar,45,24,17,2,88,0,9,8,0,17,45,33,25,2,105,0,0,0,105
06/25/2020,BUF,NY,AEA,CE,Combined TRACON& Tower with Radar,54,22,18,0,94,0,3,26,2,31,54,25,44,2,125,0,0,0,125
06/26/2020,BUF,NY,AEA,CE,Combined TRACON& Tower with Radar,52,18,24,2,96,0,5,20,0,25,52,23,44,2,121,0,0,0,121
06/27/2020,BUF,NY,AEA,CE,Combined TRACON& Tower with Radar,41,11,4,0,56,0,0,3,0,3,41,11,7,0,59,0,0,0,59
06/28/2020,BUF,NY,AEA,CE,Combined TRACON& Tower with Radar,48,16,9,0,73,0,1,24,0,25,48,17,33,0,98,0,0,0,98
06/29/2020,BUF,NY,AEA,CE,Combined TRACON& Tower with Radar,55,17,11,0,83,0,0,25,0,25,55,17,36,0,108,0,0,0,108
06/30/2020,BUF,NY,AEA,CE,Combined TRACON& Tower with Radar,54,24,10,8,96,0,6,20,0,26,54,30,30,8,122,0,0,0,122
07/01/2020,BUF,NY,AEA,CE,Combined TRACON& Tower with Radar,57,19,11,9,96,0,6,25,4,35,57,25,36,13,131,0,0,0,131
07/02/2020,BUF,NY,AEA,CE,Combined TRACON& Tower with Radar,64,24,12,1,101,0,5,20,0,25,64,29,32,1,126,0,0,0,126
07/03/2020,BUF,NY,AEA,CE,Combined TRACON& Tower with Radar,58,15,12,1,86,0,3,14,0,17,58,18,26,1,103,0,0,0,103
07/04/2020,BUF,NY,AEA,CE,Combined TRACON& Tower with Radar,35,5,3,0,43,0,10,20,1,31,35,15,23,1,74,0,0,0,74
07/05/2020,BUF,NY,AEA,CE,Combined TRACON& Tower with Radar,55,14,14,0,83,0,8,8,1,17,55,22,22,1,100,0,0,0,100
07/06/2020,BUF,NY,AEA,CE,Combined TRACON& Tower with Radar,77,10,23,0,110,0,12,21,0,33,77,22,44,0,143,0,0,0,143
07/07/2020,BUF,NY,AEA,CE,Combined TRACON& Tower with Radar,68,20,16,0,104,0,5,27,3,35,68,25,43,3,139,0,0,0,139
07/08/2020,BUF,NY,AEA,CE,Combined TRACON& Tower with Radar,68,23,11,0,102,0,8,7,1,16,68,31,18,1,118,0,0,0,118
07/09/2020,BUF,NY,AEA,CE,Combined TRACON& Tower with Radar,79,25,15,8,127,0,5,17,4,26,79,30,32,12,153,0,0,0,153
07/10/2020,BUF,NY,AEA,CE,Combined TRACON& Tower with Radar,76,23,5,0,104,0,7,13,0,20,76,30,18,0,124,0,0,0,124
07/11/2020,BUF,NY,AEA,CE,Combined TRACON& Tower with Radar,62,19,4,0,85,0,8,4,0,12,62,27,8,0,97,0,0,0,97
07/12/2020,BUF,NY,AEA,CE,Combined TRACON& Tower with Radar,71,18,10,0,99,0,3,26,0,29,71,21,36,0,128,0,0,0,128
07/13/2020,BUF,NY,AEA,CE,Combined TRACON& Tower with Radar,75,23,20,2,120,0,5,6,0,11,75,28,26,2,131,0,0,0,131
07/14/2020,BUF,NY,AEA,CE,Combined TRACON& Tower with Radar,71,25,9,3,108,0,6,13,2,21,71,31,22,5,129,0,0,0,129
07/15/2020,BUF,NY,AEA,CE,Combined TRACON& Tower with Radar,71,19,18,0,108,0,15,20,0,35,71,34,38,0,143,0,0,0,143
07/16/2020,BUF,NY,AEA,CE,Combined TRACON& Tower with Radar,78,26,18,0,122,0,3,6,0,9,78,29,24,0,131,0,0,0,131
07/17/2020,BUF,NY,AEA,CE,Combined TRACON& Tower with Radar,70,22,10,0,102,0,4,16,0,20,70,26,26,0,122,0,0,0,122
07/18/2020,BUF,NY,AEA,CE,Combined TRACON& Tower with Radar,61,17,12,0,90,0,4,25,0,29,61,21,37,0,119,0,0,0,119
07/19/2020,BUF,NY,AEA,CE,Combined TRACON& Tower with Radar,63,24,11,0,98,0,1,12,0,13,63,25,23,0,111,0,0,0,111
07/20/2020,BUF,NY,AEA,CE,Combined TRACON& Tower with Radar,70,18,16,0,104,0,6,30,0,36,70,24,46,0,140,0,0,0,140
07/21/2020,BUF,NY,AEA,CE,Combined TRACON& Tower with Radar,65,22,13,0,100,0,5,30,3,38,65,27,43,3,138,0,0,0,138
07/22/2020,BUF,NY,AEA,CE,Combined TRACON& Tower with Radar,65,20,8,3,96,0,7,6,1,14,65,27,14,4,110,0,0,0,110
07/23/2020,BUF,NY,AEA,CE,Combined TRACON& Tower with Radar,78,30,21,0,129,0,6,5,0,11,78,36,26,0,140,0,0,0,140
07/24/2020,BUF,NY,AEA,CE,Combined TRACON& Tower with Radar,71,28,18,10,127,0,8,20,0,28,71,36,38,10,155,0,0,0,155
07/25/2020,BUF,NY,AEA,CE,Combined TRACON& Tower with Radar,61,20,13,1,95,0,5,36,2,43,61,25,49,3,138,0,0,0,138
07/26/2020,BUF,NY,AEA,CE,Combined TRACON& Tower with Radar,65,17,21,0,103,0,2,22,4,28,65,19,43,4,131,0,0,0,131
07/27/2020,BUF,NY,AEA,CE,Combined TRACON& Tower with Radar,67,17,5,5,94,0,3,1,1,5,67,20,6,6,99,0,0,0,99
07/28/2020,BUF,NY,AEA,CE,Combined TRACON& Tower with Radar,67,23,22,0,112,0,3,20,2,25,67,26,42,2,137,0,0,0,137
07/29/2020,BUF,NY,AEA,CE,Combined TRACON& Tower with Radar,63,16,15,1,95,0,5,8,0,13,63,21,23,1,108,0,0,0,108
07/30/2020,BUF,NY,AEA,CE,Combined TRACON& Tower with Radar,71,31,4,0,106,0,8,24,0,32,71,39,28,0,138,0,0,0,138
07/31/2020,BUF,NY,AEA,CE,Combined TRACON& Tower with Radar,71,28,19,1,119,0,5,24,0,29,71,33,43,1,148,0,0,0,148
08/01/2020,BUF,NY,AEA,CE,Combined TRACON& Tower with Radar,62,15,17,0,94,0,5,22,0,27,62,20,39,0,121,0,0,0,121
08/02/2020,BUF,NY,AEA,CE,Combined TRACON& Tower with Radar,62,22,10,0,94,0,2,0,0,2,62,24,10,0,96,0,0,0,96
08/03/2020,BUF,NY,AEA,CE,Combined TRACON& Tower with Radar,68,21,4,0,93,0,6,10,0,16,68,27,14,0,109,0,0,0,109
08/04/2020,BUF,NY,AEA,CE,Combined TRACON& Tower with Radar,64,22,4,0,90,0,4,0,0,4,64,26,4,0,94,0,0,0,94
08/05/2020,BUF,NY,AEA,CE,Combined TRACON& Tower with Radar,66,17,10,0,93,0,3,22,2,27,66,20,32,2,120,0,0,0,120
08/06/2020,BUF,NY,AEA,CE,Combined TRACON& Tower with Radar,73,27,26,5,131,0,7,25,11,43,73,34,51,16,174,0,0,0,174
08/07/2020,BUF,NY,AEA,CE,Combined TRACON& Tower with Radar,71,24,25,0,120,0,2,26,0,28,71,26,51,0,148,0,0,0,148
08/08/2020,BUF,NY,AEA,CE,Combined TRACON& Tower with Radar,62,11,11,0,84,0,10,25,0,35,62,21,36,0,119,0,0,0,119
08/09/2020,BUF,NY,AEA,CE,Combined TRACON& Tower with Radar,66,27,9,0,102,0,3,16,0,19,66,30,25,0,121,0,0,0,121
08/10/2020,BUF,NY,AEA,CE,Combined TRACON& Tower with Radar,67,19,29,0,115,0,11,28,0,39,67,30,57,0,154,0,0,0,154
08/11/2020,BUF,NY,AEA,CE,Combined TRACON& Tower with Radar,66,20,10,2,98,0,7,6,0,13,66,27,16,2,111,0,0,0,111
08/12/2020,BUF,NY,AEA,CE,Combined TRACON& Tower with Radar,63,17,17,0,97,0,11,32,0,43,63,28,49,0,140,0,0,0,140
08/13/2020,BUF,NY,AEA,CE,Combined TRACON& Tower with Radar,70,30,24,2,126,0,13,53,0,66,70,43,77,2,192,0,0,0,192
08/14/2020,BUF,NY,AEA,CE,Combined TRACON& Tower with Radar,72,29,17,0,118,0,12,29,0,41,72,41,46,0,159,0,0,0,159
08/15/2020,BUF,NY,AEA,CE,Combined TRACON& Tower with Radar,64,11,10,0,85,0,1,20,0,21,64,12,30,0,106,0,0,0,106
08/16/2020,BUF,NY,AEA,CE,Combined TRACON& Tower with Radar,67,21,5,0,93,0,6,21,0,27,67,27,26,0,120,0,0,0,120
08/17/2020,BUF,NY,AEA,CE,Combined TRACON& Tower with Radar,62,18,17,0,97,0,4,40,0,44,62,22,57,0,141,0,0,0,141
08/18/2020,BUF,NY,AEA,CE,Combined TRACON& Tower with Radar,64,18,15,0,97,0,7,27,4,38,64,25,42,4,135,0,0,0,135
08/19/2020,BUF,NY,AEA,CE,Combined TRACON& Tower with Radar,63,25,13,0,101,0,9,39,0,48,63,34,52,0,149,0,0,0,149
08/20/2020,BUF,NY,AEA,CE,Combined TRACON& Tower with Radar,69,22,16,4,111,0,6,34,1,41,69,28,50,5,152,0,0,0,152
08/21/2020,BUF,NY,AEA,CE,Combined TRACON& Tower with Radar,66,21,22,0,109,0,6,29,1,36,66,27,51,1,145,0,0,0,145
08/22/2020,BUF,NY,AEA,CE,Combined TRACON& Tower with Radar,58,11,6,0,75,0,2,28,1,31,58,13,34,1,106,0,0,0,106
08/23/2020,BUF,NY,AEA,CE,Combined TRACON& Tower with Radar,63,20,7,0,90,0,4,9,0,13,63,24,16,0,103,0,0,0,103
08/24/2020,BUF,NY,AEA,CE,Combined TRACON& Tower with Radar,63,18,8,2,91,0,3,15,2,20,63,21,23,4,111,0,0,0,111
08/25/2020,BUF,NY,AEA,CE,Combined TRACON& Tower with Radar,67,22,9,6,104,0,7,12,2,21,67,29,21,8,125,0,0,0,125
08/26/2020,BUF,NY,AEA,CE,Combined TRACON& Tower with Radar,60,21,17,0,98,0,6,14,0,20,60,27,31,0,118,0,0,0,118
08/27/2020,BUF,NY,AEA,CE,Combined TRACON& Tower with Radar,70,30,18,0,118,0,3,0,2,5,70,33,18,2,123,0,0,0,123
08/28/2020,BUF,NY,AEA,CE,Combined TRACON& Tower with Radar,70,24,20,0,114,0,4,6,0,10,70,28,26,0,124,0,0,0,124
08/29/2020,BUF,NY,AEA,CE,Combined TRACON& Tower with Radar,58,10,5,0,73,0,3,0,0,3,58,13,5,0,76,0,0,0,76
08/30/2020,BUF,NY,AEA,CE,Combined TRACON& Tower with Radar,61,25,21,0,107,0,5,19,0,24,61,30,40,0,131,0,0,0,131
08/31/2020,BUF,NY,AEA,CE,Combined TRACON& Tower with Radar,68,22,10,12,112,0,0,32,0,32,68,22,42,12,144,0,0,0,144
09/01/2020,BUF,NY,AEA,CE,Combined TRACON& Tower with Radar,63,23,28,0,114,0,2,26,0,28,63,25,54,0,142,0,0,0,142
09/02/2020,BUF,NY,AEA,CE,Combined TRACON& Tower with Radar,54,32,11,4,101,0,0,3,0,3,54,32,14,4,104,0,0,0,104
09/03/2020,BUF,NY,AEA,CE,Combined TRACON& Tower with Radar,61,42,10,0,113,0,7,24,0,31,61,49,34,0,144,0,0,0,144
09/04/2020,BUF,NY,AEA,CE,Combined TRACON& Tower with Radar,59,36,16,0,111,0,6,17,0,23,59,42,33,0,134,0,0,0,134
09/05/2020,BUF,NY,AEA,CE,Combined TRACON& Tower with Radar,51,14,15,0,80,0,8,11,0,19,51,22,26,0,99,0,0,0,99
09/06/2020,BUF,NY,AEA,CE,Combined TRACON& Tower with Radar,39,27,20,0,86,0,5,28,0,33,39,32,48,0,119,0,0,0,119
09/07/2020,BUF,NY,AEA,CE,Combined TRACON& Tower with Radar,36,36,12,0,84,0,1,0,0,1,36,37,12,0,85,0,0,0,85
09/08/2020,BUF,NY,AEA,CE,Combined TRACON& Tower with Radar,41,24,10,0,75,0,7,19,0,26,41,31,29,0,101,0,0,0,101
09/09/2020,BUF,NY,AEA,CE,Combined TRACON& Tower with Radar,51,25,21,0,97,0,5,17,0,22,51,30,38,0,119,0,0,0,119
09/10/2020,BUF,NY,AEA,CE,Combined TRACON& Tower with Radar,55,23,18,0,96,0,11,2,0,13,55,34,20,0,109,0,0,0,109
09/11/2020,BUF,NY,AEA,CE,Combined TRACON& Tower with Radar,52,26,23,0,101,0,7,11,2,20,52,33,34,2,121,0,0,0,121
09/12/2020,BUF,NY,AEA,CE,Combined TRACON& Tower with Radar,41,18,13,2,74,0,2,43,0,45,41,20,56,2,119,0,0,0,119
09/13/2020,BUF,NY,AEA,CE,Combined TRACON& Tower with Radar,49,31,9,0,89,0,0,3,0,3,49,31,12,0,92,0,0,0,92
09/14/2020,BUF,NY,AEA,CE,Combined TRACON& Tower with Radar,49,18,23,0,90,0,4,23,0,27,49,22,46,0,117,0,0,0,117
09/15/2020,BUF,NY,AEA,CE,Combined TRACON& Tower with Radar,46,28,13,14,101,0,3,33,4,40,46,31,46,18,141,0,0,0,141
09/16/2020,BUF,NY,AEA,CE,Combined TRACON& Tower with Radar,48,25,13,17,103,0,6,20,7,33,48,31,33,24,136,0,0,0,136
09/17/2020,BUF,NY,AEA,CE,Combined TRACON& Tower with Radar,55,23,17,0,95,0,3,7,0,10,55,26,24,0,105,0,0,0,105
09/18/2020,BUF,NY,AEA,CE,Combined TRACON& Tower with Radar,49,33,28,0,110,0,4,24,0,28,49,37,52,0,138,0,0,0,138
09/19/2020,BUF,NY,AEA,CE,Combined TRACON& Tower with Radar,41,18,6,0,65,0,13,33,0,46,41,31,39,0,111,0,0,0,111
09/20/2020,BUF,NY,AEA,CE,Combined TRACON& Tower with Radar,50,24,17,1,92,0,4,21,0,25,50,28,38,1,117,0,0,0,117
09/21/2020,BUF,NY,AEA,CE,Combined TRACON& Tower with Radar,49,21,10,2,82,0,9,16,0,25,49,30,26,2,107,0,0,0,107
09/22/2020,BUF,NY,AEA,CE,Combined TRACON& Tower with Radar,46,30,18,10,104,0,7,32,14,53,46,37,50,24,157,0,0,0,157
09/23/2020,BUF,NY,AEA,CE,Combined TRACON& Tower with Radar,48,25,14,0,87,0,7,20,0,27,48,32,34,0,114,0,0,0,114
09/24/2020,BUF,NY,AEA,CE,Combined TRACON& Tower with Radar,56,25,16,2,99,0,2,24,0,26,56,27,40,2,125,0,0,0,125
09/25/2020,BUF,NY,AEA,CE,Combined TRACON& Tower with Radar,56,34,16,0,106,0,6,27,0,33,56,40,43,0,139,0,0,0,139
09/26/2020,BUF,NY,AEA,CE,Combined TRACON& Tower with Radar,41,21,6,0,68,0,3,28,0,31,41,24,34,0,99,0,0,0,99
09/27/2020,BUF,NY,AEA,CE,Combined TRACON& Tower with Radar,54,35,6,0,95,0,4,2,0,6,54,39,8,0,101,0,0,0,101
09/28/2020,BUF,NY,AEA,CE,Combined TRACON& Tower with Radar,48,22,16,0,86,0,5,13,2,20,48,27,29,2,106,0,0,0,106
09/29/2020,BUF,NY,AEA,CE,Combined TRACON& Tower with Radar,46,31,11,0,88,0,2,7,0,9,46,33,18,0,97,0,0,0,97
09/30/2020,BUF,NY,AEA,CE,Combined TRACON& Tower with Radar,51,25,19,0,95,0,1,0,0,1,51,26,19,0,96,0,0,0,96
10/01/2020,BUF,NY,AEA,CE,Combined TRACON& Tower with Radar,67,26,5,0,98,0,0,7,0,7,67,26,12,0,105,0,0,0,105
10/02/2020,BUF,NY,AEA,CE,Combined TRACON& Tower with Radar,68,25,10,3,106,0,5,2,0,7,68,30,12,3,113,0,0,0,113
10/03/2020,BUF,NY,AEA,CE,Combined TRACON& Tower with Radar,51,16,13,0,80,0,3,11,0,14,51,19,24,0,94,0,0,0,94
10/04/2020,BUF,NY,AEA,CE,Combined TRACON& Tower with Radar,59,18,6,0,83,0,2,9,0,11,59,20,15,0,94,0,0,0,94
10/05/2020,BUF,NY,AEA,CE,Combined TRACON& Tower with Radar,64,12,19,0,95,0,0,4,0,4,64,12,23,0,99,0,0,0,99
10/06/2020,BUF,NY,AEA,CE,Combined TRACON& Tower with Radar,57,19,22,0,98,0,7,13,0,20,57,26,35,0,118,0,0,0,118
10/07/2020,BUF,NY,AEA,CE,Combined TRACON& Tower with Radar,53,10,11,0,74,0,1,1,0,2,53,11,12,0,76,0,0,0,76
10/08/2020,BUF,NY,AEA,CE,Combined TRACON& Tower with Radar,84,16,24,0,124,0,6,15,0,21,84,22,39,0,145,0,0,0,145
10/09/2020,BUF,NY,AEA,CE,Combined TRACON& Tower with Radar,79,18,18,0,115,0,6,31,0,37,79,24,49,0,152,0,0,0,152
10/10/2020,BUF,NY,AEA,CE,Combined TRACON& Tower with Radar,59,14,7,0,80,0,4,4,0,8,59,18,11,0,88,0,0,0,88
10/11/2020,BUF,NY,AEA,CE,Combined TRACON& Tower with Radar,64,20,9,0,93,0,4,33,0,37,64,24,42,0,130,0,0,0,130
10/12/2020,BUF,NY,AEA,CE,Combined TRACON& Tower with Radar,74,16,17,0,107,0,2,11,0,13,74,18,28,0,120,0,0,0,120
10/13/2020,BUF,NY,AEA,CE,Combined TRACON& Tower with Radar,59,25,21,2,107,0,6,18,0,24,59,31,39,2,131,0,0,0,131
10/14/2020,BUF,NY,AEA,CE,Combined TRACON& Tower with Radar,59,20,24,8,111,0,4,35,0,39,59,24,59,8,150,0,0,0,150
10/15/2020,BUF,NY,AEA,CE,Combined TRACON& Tower with Radar,72,18,19,0,109,0,0,0,0,0,72,18,19,0,109,0,0,0,109
10/16/2020,BUF,NY,AEA,CE,Combined TRACON& Tower with Radar,72,27,10,10,119,0,2,25,0,27,72,29,35,10,146,0,0,0,146
10/17/2020,BUF,NY,AEA,CE,Combined TRACON& Tower with Radar,51,12,5,0,68,0,4,20,0,24,51,16,25,0,92,0,0,0,92
10/18/2020,BUF,NY,AEA,CE,Combined TRACON& Tower with Radar,65,18,12,0,95,0,3,27,0,30,65,21,39,0,125,0,0,0,125
10/19/2020,BUF,NY,AEA,CE,Combined TRACON& Tower with Radar,68,18,16,0,102,0,0,0,0,0,68,18,16,0,102,0,0,0,102
10/20/2020,BUF,NY,AEA,CE,Combined TRACON& Tower with Radar,59,24,24,0,107,0,0,2,0,2,59,24,26,0,109,0,0,0,109
10/21/2020,BUF,NY,AEA,CE,Combined TRACON& Tower with Radar,52,23,24,0,99,0,1,1,0,2,52,24,25,0,101,0,0,0,101
10/22/2020,BUF,NY,AEA,CE,Combined TRACON& Tower with Radar,75,17,15,0,107,0,0,0,2,2,75,17,15,2,109,0,0,0,109
10/23/2020,BUF,NY,AEA,CE,Combined TRACON& Tower with Radar,72,18,16,0,106,0,5,25,0,30,72,23,41,0,136,0,0,0,136
10/24/2020,BUF,NY,AEA,CE,Combined TRACON& Tower with Radar,53,16,9,0,78,0,1,8,0,9,53,17,17,0,87,0,0,0,87
10/25/2020,BUF,NY,AEA,CE,Combined TRACON& Tower with Radar,65,21,9,0,95,0,5,10,0,15,65,26,19,0,110,0,0,0,110
10/26/2020,BUF,NY,AEA,CE,Combined TRACON& Tower with Radar,68,14,23,18,123,0,0,0,0,0,68,14,23,18,123,0,0,0,123
10/27/2020,BUF,NY,AEA,CE,Combined TRACON& Tower with Radar,55,19,10,12,96,0,4,1,2,7,55,23,11,14,103,0,0,0,103
10/28/2020,BUF,NY,AEA,CE,Combined TRACON& Tower with Radar,53,15,10,1,79,0,0,3,1,4,53,15,13,2,83,0,0,0,83
10/29/2020,BUF,NY,AEA,CE,Combined TRACON& Tower with Radar,74,23,13,2,112,0,4,3,0,7,74,27,16,2,119,0,0,0,119
10/30/2020,BUF,NY,AEA,CE,Combined TRACON& Tower with Radar,72,23,13,0,108,0,4,0,0,4,72,27,13,0,112,0,0,0,112
10/31/2020,BUF,NY,AEA,CE,Combined TRACON& Tower with Radar,45,10,15,0,70,0,5,30,0,35,45,15,45,0,105,0,0,0,105
11/01/2020,BUF,NY,AEA,CE,Combined TRACON& Tower with Radar,60,14,17,0,91,0,0,5,0,5,60,14,22,0,96,0,0,0,96
11/02/2020,BUF,NY,AEA,CE,Combined TRACON& Tower with Radar,67,15,4,0,86,0,1,0,0,1,67,16,4,0,87,0,0,0,87
11/03/2020,BUF,NY,AEA,CE,Combined TRACON& Tower with Radar,56,20,13,1,90,0,4,10,2,16,56,24,23,3,106,0,0,0,106
11/04/2020,BUF,NY,AEA,CE,Combined TRACON& Tower with Radar,55,16,5,0,76,0,7,14,0,21,55,23,19,0,97,0,0,0,97
11/05/2020,BUF,NY,AEA,CE,Combined TRACON& Tower with Radar,81,25,12,0,118,0,4,21,2,27,81,29,33,2,145,0,0,0,145
11/06/2020,BUF,NY,AEA,CE,Combined TRACON& Tower with Radar,77,13,25,0,115,0,2,22,1,25,77,15,47,1,140,0,0,0,140
11/07/2020,BUF,NY,AEA,CE,Combined TRACON& Tower with Radar,54,13,22,0,89,0,2,21,0,23,54,15,43,0,112,0,0,0,112
11/08/2020,BUF,NY,AEA,CE,Combined TRACON& Tower with Radar,70,14,15,0,99,0,2,24,1,27,70,16,39,1,126,0,0,0,126
11/09/2020,BUF,NY,AEA,CE,Combined TRACON& Tower with Radar,72,12,21,0,105,0,8,29,0,37,72,20,50,0,142,0,0,0,142
11/10/2020,BUF,NY,AEA,CE,Combined TRACON& Tower with Radar,56,13,17,6,92,0,8,21,0,29,56,21,38,6,121,0,0,0,121
11/11/2020,BUF,NY,AEA,CE,Combined TRACON& Tower with Radar,55,14,11,0,80,0,4,4,0,8,55,18,15,0,88,0,0,0,88
11/12/2020,BUF,NY,AEA,CE,Combined TRACON& Tower with Radar,78,17,35,0,130,0,8,19,0,27,78,25,54,0,157,0,0,0,157
11/13/2020,BUF,NY,AEA,CE,Combined TRACON& Tower with Radar,77,20,15,0,112,0,5,17,0,22,77,25,32,0,134,0,0,0,134
11/14/2020,BUF,NY,AEA,CE,Combined TRACON& Tower with Radar,56,18,10,0,84,0,5,35,0,40,56,23,45,0,124,0,0,0,124
11/15/2020,BUF,NY,AEA,CE,Combined TRACON& Tower with Radar,65,9,4,4,82,0,2,0,0,2,65,11,4,4,84,0,0,0,84
11/16/2020,BUF,NY,AEA,CE,Combined TRACON& Tower with Radar,78,17,7,2,104,0,2,0,0,2,78,19,7,2,106,0,0,0,106
11/17/2020,BUF,NY,AEA,CE,Combined TRACON& Tower with Radar,62,20,9,4,95,0,0,4,0,4,62,20,13,4,99,0,0,0,99
11/18/2020,BUF,NY,AEA,CE,Combined TRACON& Tower with Radar,57,20,26,4,107,0,1,44,0,45,57,21,70,4,152,0,0,0,152
11/19/2020,BUF,NY,AEA,CE,Combined TRACON& Tower with Radar,87,11,7,2,107,0,5,9,0,14,87,16,16,2,121,0,0,0,121
11/20/2020,BUF,NY,AEA,CE,Combined TRACON& Tower with Radar,82,21,10,0,113,0,1,18,0,19,82,22,28,0,132,0,0,0,132
11/21/2020,BUF,NY,AEA,CE,Combined TRACON& Tower with Radar,70,17,11,0,98,0,11,35,0,46,70,28,46,0,144,0,0,0,144
11/22/2020,BUF,NY,AEA,CE,Combined TRACON& Tower with Radar,76,15,6,0,97,0,2,0,0,2,76,17,6,0,99,0,0,0,99
11/23/2020,BUF,NY,AEA,CE,Combined TRACON& Tower with Radar,75,11,9,5,100,0,2,13,0,15,75,13,22,5,115,0,0,0,115
11/24/2020,BUF,NY,AEA,CE,Combined TRACON& Tower with Radar,90,15,5,2,112,0,5,6,0,11,90,20,11,2,123,0,0,0,123
11/25/2020,BUF,NY,AEA,CE,Combined TRACON& Tower with Radar,87,17,7,0,111,0,6,9,0,15,87,23,16,0,126,0,0,0,126
11/26/2020,BUF,NY,AEA,CE,Combined TRACON& Tower with Radar,40,11,7,0,58,0,2,0,0,2,40,13,7,0,60,0,0,0,60
11/27/2020,BUF,NY,AEA,CE,Combined TRACON& Tower with Radar,67,24,7,0,98,0,3,25,0,28,67,27,32,0,126,0,0,0,126
11/28/2020,BUF,NY,AEA,CE,Combined TRACON& Tower with Radar,79,11,11,0,101,0,7,25,0,32,79,18,36,0,133,0,0,0,133
11/29/2020,BUF,NY,AEA,CE,Combined TRACON& Tower with Radar,89,21,12,0,122,0,3,41,0,44,89,24,53,0,166,0,0,0,166
11/30/2020,BUF,NY,AEA,CE,Combined TRACON& Tower with Radar,82,23,7,0,112,0,0,0,0,0,82,23,7,0,112,0,0,0,112
12/01/2020,BUF,NY,AEA,CE,Combined TRACON& Tower with Radar,72,23,1,0,96,0,0,0,0,0,72,23,1,0,96,0,0,0,96
12/02/2020,BUF,NY,AEA,CE,Combined TRACON& Tower with Radar,61,20,7,0,88,0,4,10,0,14,61,24,17,0,102,0,0,0,102
12/03/2020,BUF,NY,AEA,CE,Combined TRACON& Tower with Radar,72,18,13,0,103,0,1,18,0,19,72,19,31,0,122,0,0,0,122
12/04/2020,BUF,NY,AEA,CE,Combined TRACON& Tower with Radar,65,23,6,2,96,0,3,1,0,4,65,26,7,2,100,0,0,0,100
12/05/2020,BUF,NY,AEA,CE,Combined TRACON& Tower with Radar,50,13,6,0,69,0,0,6,0,6,50,13,12,0,75,0,0,0,75
12/06/2020,BUF,NY,AEA,CE,Combined TRACON& Tower with Radar,59,13,9,0,81,0,2,42,0,44,59,15,51,0,125,0,0,0,125
12/07/2020,BUF,NY,AEA,CE,Combined TRACON& Tower with Radar,58,10,14,4,86,0,8,42,0,50,58,18,56,4,136,0,0,0,136
12/08/2020,BUF,NY,AEA,CE,Combined TRACON& Tower with Radar,59,25,13,0,97,0,2,10,0,12,59,27,23,0,109,0,0,0,109
12/09/2020,BUF,NY,AEA,CE,Combined TRACON& Tower with Radar,51,25,12,0,88,0,0,0,0,0,51,25,12,0,88,0,0,0,88
12/10/2020,BUF,NY,AEA,CE,Combined TRACON& Tower with Radar,69,27,17,2,115,0,0,43,0,43,69,27,60,2,158,0,0,0,158
12/11/2020,BUF,NY,AEA,CE,Combined TRACON& Tower with Radar,63,22,26,0,111,0,6,44,0,50,63,28,70,0,161,0,0,0,161
12/12/2020,BUF,NY,AEA,CE,Combined TRACON& Tower with Radar,54,8,9,0,71,0,0,2,0,2,54,8,11,0,73,0,0,0,73
12/13/2020,BUF,NY,AEA,CE,Combined TRACON& Tower with Radar,58,23,5,0,86,0,2,6,0,8,58,25,11,0,94,0,0,0,94
12/14/2020,BUF,NY,AEA,CE,Combined TRACON& Tower with Radar,61,20,9,0,90,0,1,25,0,26,61,21,34,0,116,0,0,0,116
12/15/2020,BUF,NY,AEA,CE,Combined TRACON& Tower with Radar,59,30,9,0,98,0,5,4,0,9,59,35,13,0,107,0,0,0,107
12/16/2020,BUF,NY,AEA,CE,Combined TRACON& Tower with Radar,53,21,11,0,85,0,10,14,1,25,53,31,25,1,110,0,0,0,110
12/17/2020,BUF,NY,AEA,CE,Combined TRACON& Tower with Radar,70,22,8,2,102,0,2,0,0,2,70,24,8,2,104,0,0,0,104
12/18/2020,BUF,NY,AEA,CE,Combined TRACON& Tower with Radar,83,35,26,0,144,0,2,57,0,59,83,37,83,0,203,0,0,0,203
12/19/2020,BUF,NY,AEA,CE,Combined TRACON& Tower with Radar,83,15,8,0,106,0,4,41,0,45,83,19,49,0,151,0,0,0,151
12/20/2020,BUF,NY,AEA,CE,Combined TRACON& Tower with Radar,81,17,9,0,107,0,0,0,0,0,81,17,9,0,107,0,0,0,107
12/21/2020,BUF,NY,AEA,CE,Combined TRACON& Tower with Radar,81,13,16,0,110,0,7,27,0,34,81,20,43,0,144,0,0,0,144
12/22/2020,BUF,NY,AEA,CE,Combined TRACON& Tower with Radar,88,20,18,0,126,0,10,17,0,27,88,30,35,0,153,0,0,0,153
12/23/2020,BUF,NY,AEA,CE,Combined TRACON& Tower with Radar,95,26,16,0,137,0,3,28,0,31,95,29,44,0,168,0,0,0,168
12/24/2020,BUF,NY,AEA,CE,Combined TRACON& Tower with Radar,65,29,1,0,95,0,0,0,0,0,65,29,1,0,95,0,0,0,95
12/25/2020,BUF,NY,AEA,CE,Combined TRACON& Tower with Radar,43,8,2,0,53,0,0,0,0,0,43,8,2,0,53,0,0,0,53
12/26/2020,BUF,NY,AEA,CE,Combined TRACON& Tower with Radar,35,11,7,0,53,0,0,0,0,0,35,11,7,0,53,0,0,0,53
12/27/2020,BUF,NY,AEA,CE,Combined TRACON& Tower with Radar,85,19,23,0,127,0,2,48,0,50,85,21,71,0,177,0,0,0,177
12/28/2020,BUF,NY,AEA,CE,Combined TRACON& Tower with Radar,79,19,9,0,107,0,4,0,0,4,79,23,9,0,111,0,0,0,111
12/29/2020,BUF,NY,AEA,CE,Combined TRACON& Tower with Radar,85,22,17,2,126,0,20,64,0,84,85,42,81,2,210,0,0,0,210
12/30/2020,BUF,NY,AEA,CE,Combined TRACON& Tower with Radar,80,17,7,0,104,0,10,0,0,10,80,27,7,0,114,0,0,0,114
12/31/2020,BUF,NY,AEA,CE,Combined TRACON& Tower with Radar,63,15,4,0,82,0,4,39,0,43,63,19,43,0,125,0,0,0,125
01/01/2021,BUF,NY,AEA,CE,Combined TRACON& Tower with Radar,49,3,5,0,57,0,2,31,0,33,49,5,36,0,90,0,0,0,90
01/02/2021,BUF,NY,AEA,CE,Combined TRACON& Tower with Radar,73,9,12,0,94,0,0,6,0,6,73,9,18,0,100,0,0,0,100
01/03/2021,BUF,NY,AEA,CE,Combined TRACON& Tower with Radar,83,15,18,0,116,0,1,0,0,1,83,16,18,0,117,0,0,0,117
01/04/2021,BUF,NY,AEA,CE,Combined TRACON& Tower with Radar,76,8,16,0,100,0,2,1,0,3,76,10,17,0,103,0,0,0,103
01/05/2021,BUF,NY,AEA,CE,Combined TRACON& Tower with Radar,69,23,8,0,100,0,2,4,0,6,69,25,12,0,106,0,0,0,106
01/06/2021,BUF,NY,AEA,CE,Combined TRACON& Tower with Radar,62,16,7,0,85,0,0,9,0,9,62,16,16,0,94,0,0,0,94
01/07/2021,BUF,NY,AEA,CE,Combined TRACON& Tower with Radar,60,25,5,0,90,0,3,22,0,25,60,28,27,0,115,0,0,0,115
01/08/2021,BUF,NY,AEA,CE,Combined TRACON& Tower with Radar,56,17,16,0,89,0,0,0,0,0,56,17,16,0,89,0,0,0,89
01/09/2021,BUF,NY,AEA,CE,Combined TRACON& Tower with Radar,49,18,18,0,85,0,4,56,0,60,49,22,74,0,145,0,0,0,145
01/10/2021,BUF,NY,AEA,CE,Combined TRACON& Tower with Radar,47,14,22,0,83,0,2,3,0,5,47,16,25,0,88,0,0,0,88
01/11/2021,BUF,NY,AEA,CE,Combined TRACON& Tower with Radar,50,23,15,0,88,0,0,9,0,9,50,23,24,0,97,0,0,0,97
01/12/2021,BUF,NY,AEA,CE,Combined TRACON& Tower with Radar,54,16,11,0,81,0,0,4,0,4,54,16,15,0,85,0,0,0,85
01/13/2021,BUF,NY,AEA,CE,Combined TRACON& Tower with Radar,56,30,22,4,112,0,0,11,1,12,56,30,33,5,124,0,0,0,124
01/14/2021,BUF,NY,AEA,CE,Combined TRACON& Tower with Radar,62,17,4,0,83,0,2,3,1,6,62,19,7,1,89,0,0,0,89
01/15/2021,BUF,NY,AEA,CE,Combined TRACON& Tower with Radar,58,27,13,2,100,0,2,14,0,16,58,29,27,2,116,0,0,0,116
01/16/2021,BUF,NY,AEA,CE,Combined TRACON& Tower with Radar,47,16,10,0,73,0,9,11,0,20,47,25,21,0,93,0,0,0,93
01/17/2021,BUF,NY,AEA,CE,Combined TRACON& Tower with Radar,49,15,7,0,71,0,0,20,0,20,49,15,27,0,91,0,0,0,91
01/18/2021,BUF,NY,AEA,CE,Combined TRACON& Tower with Radar,49,18,9,0,76,0,3,0,0,3,49,21,9,0,79,0,0,0,79
01/19/2021,BUF,NY,AEA,CE,Combined TRACON& Tower with Radar,58,10,11,2,81,0,0,1,0,1,58,10,12,2,82,0,0,0,82
01/20/2021,BUF,NY,AEA,CE,Combined TRACON& Tower with Radar,56,20,14,0,90,0,4,8,0,12,56,24,22,0,102,0,0,0,102
01/21/2021,BUF,NY,AEA,CE,Combined TRACON& Tower with Radar,63,23,2,0,88,0,2,0,0,2,63,25,2,0,90,0,0,0,90
01/22/2021,BUF,NY,AEA,CE,Combined TRACON& Tower with Radar,57,22,8,0,87,0,2,0,0,2,57,24,8,0,89,0,0,0,89
01/23/2021,BUF,NY,AEA,CE,Combined TRACON& Tower with Radar,53,16,18,0,87,0,6,18,0,24,53,22,36,0,111,0,0,0,111
01/24/2021,BUF,NY,AEA,CE,Combined TRACON& Tower with Radar,49,24,18,0,91,0,1,16,1,18,49,25,34,1,109,0,0,0,109
01/25/2021,BUF,NY,AEA,CE,Combined TRACON& Tower with Radar,56,34,23,2,115,0,2,22,4,28,56,36,45,6,143,0,0,0,143
01/26/2021,BUF,NY,AEA,CE,Combined TRACON& Tower with Radar,54,19,13,0,86,0,0,0,0,0,54,19,13,0,86,0,0,0,86
01/27/2021,BUF,NY,AEA,CE,Combined TRACON& Tower with Radar,55,22,14,0,91,0,6,3,0,9,55,28,17,0,100,0,0,0,100
01/28/2021,BUF,NY,AEA,CE,Combined TRACON& Tower with Radar,63,20,9,0,92,0,10,0,0,10,63,30,9,0,102,0,0,0,102
01/29/2021,BUF,NY,AEA,CE,Combined TRACON& Tower with Radar,59,24,8,0,91,0,0,0,0,0,59,24,8,0,91,0,0,0,91
01/30/2021,BUF,NY,AEA,CE,Combined TRACON& Tower with Radar,47,16,6,0,69,0,2,9,0,11,47,18,15,0,80,0,0,0,80
01/31/2021,BUF,NY,AEA,CE,Combined TRACON& Tower with Radar,43,21,11,0,75,0,0,15,0,15,43,21,26,0,90,0,0,0,90
02/01/2021,BUF,NY,AEA,CE,Combined TRACON& Tower with Radar,38,21,3,0,62,0,0,0,0,0,38,21,3,0,62,0,0,0,62
02/02/2021,BUF,NY,AEA,CE,Combined TRACON& Tower with Radar,53,16,8,2,79,0,2,2,0,4,53,18,10,2,83,0,0,0,83
02/03/2021,BUF,NY,AEA,CE,Combined TRACON& Tower with Radar,56,18,23,0,97,0,4,29,2,35,56,22,52,2,132,0,0,0,132
02/04/2021,BUF,NY,AEA,CE,Combined TRACON& Tower with Radar,59,24,14,0,97,0,5,21,0,26,59,29,35,0,123,0,0,0,123
02/05/2021,BUF,NY,AEA,CE,Combined TRACON& Tower with Radar,45,18,1,0,64,0,0,0,0,0,45,18,1,0,64,0,0,0,64
02/06/2021,BUF,NY,AEA,CE,Combined TRACON& Tower with Radar,41,11,2,0,54,0,0,0,0,0,41,11,2,0,54,0,0,0,54
02/07/2021,BUF,NY,AEA,CE,Combined TRACON& Tower with Radar,46,22,7,0,75,0,0,5,0,5,46,22,12,0,80,0,0,0,80
02/08/2021,BUF,NY,AEA,CE,Combined TRACON& Tower with Radar,51,26,13,0,90,0,3,5,0,8,51,29,18,0,98,0,0,0,98
02/09/2021,BUF,NY,AEA,CE,Combined TRACON& Tower with Radar,54,17,7,0,78,0,0,1,0,1,54,17,8,0,79,0,0,0,79
02/10/2021,BUF,NY,AEA,CE,Combined TRACON& Tower with Radar,57,17,18,2,94,0,5,28,2,35,57,22,46,4,129,0,0,0,129
02/11/2021,BUF,NY,AEA,CE,Combined TRACON& Tower with Radar,62,22,8,2,94,0,4,5,0,9,62,26,13,2,103,0,0,0,103
02/12/2021,BUF,NY,AEA,CE,Combined TRACON& Tower with Radar,69,27,8,0,104,0,6,12,0,18,69,33,20,0,122,0,0,0,122
02/13/2021,BUF,NY,AEA,CE,Combined TRACON& Tower with Radar,58,19,8,0,85,0,2,15,0,17,58,21,23,0,102,0,0,0,102
02/14/2021,BUF,NY,AEA,CE,Combined TRACON& Tower with Radar,56,21,4,0,81,0,4,4,0,8,56,25,8,0,89,0,0,0,89
02/15/2021,BUF,NY,AEA,CE,Combined TRACON& Tower with Radar,48,22,7,0,77,0,0,0,0,0,48,22,7,0,77,0,0,0,77
02/16/2021,BUF,NY,AEA,CE,Combined TRACON& Tower with Radar,44,14,5,0,63,0,0,0,0,0,44,14,5,0,63,0,0,0,63
02/17/2021,BUF,NY,AEA,CE,Combined TRACON& Tower with Radar,56,24,12,0,92,0,4,18,0,22,56,28,30,0,114,0,0,0,114
02/18/2021,BUF,NY,AEA,CE,Combined TRACON& Tower with Radar,51,20,9,0,80,0,0,7,0,7,51,20,16,0,87,0,0,0,87
02/19/2021,BUF,NY,AEA,CE,Combined TRACON& Tower with Radar,54,23,17,0,94,0,1,0,0,1,54,24,17,0,95,0,0,0,95
02/20/2021,BUF,NY,AEA,CE,Combined TRACON& Tower with Radar,55,18,11,0,84,0,0,3,0,3,55,18,14,0,87,0,0,0,87
02/21/2021,BUF,NY,AEA,CE,Combined TRACON& Tower with Radar,55,27,18,0,100,0,0,17,0,17,55,27,35,0,117,0,0,0,117
02/22/2021,BUF,NY,AEA,CE,Combined TRACON& Tower with Radar,55,23,8,0,86,0,0,0,0,0,55,23,8,0,86,0,0,0,86
02/23/2021,BUF,NY,AEA,CE,Combined TRACON& Tower with Radar,54,14,7,0,75,0,1,0,0,1,54,15,7,0,76,0,0,0,76
02/24/2021,BUF,NY,AEA,CE,Combined TRACON& Tower with Radar,62,23,17,0,102,0,4,15,0,19,62,27,32,0,121,0,0,0,121
02/25/2021,BUF,NY,AEA,CE,Combined TRACON& Tower with Radar,65,33,7,0,105,0,5,17,0,22,65,38,24,0,127,0,0,0,127
02/26/2021,BUF,NY,AEA,CE,Combined TRACON& Tower with Radar,61,39,12,0,112,0,4,33,0,37,61,43,45,0,149,0,0,0,149
02/27/2021,BUF,NY,AEA,CE,Combined TRACON& Tower with Radar,57,17,6,0,80,0,1,0,0,1,57,18,6,0,81,0,0,0,81
02/28/2021,BUF,NY,AEA,CE,Combined TRACON& Tower with Radar,54,23,16,0,93,0,1,4,0,5,54,24,20,0,98,0,0,0,98
03/01/2021,BUF,NY,AEA,CE,Combined TRACON& Tower with Radar,61,22,12,0,95,0,0,4,0,4,61,22,16,0,99,0,0,0,99
03/02/2021,BUF,NY,AEA,CE,Combined TRACON& Tower with Radar,53,23,16,0,92,0,7,26,0,33,53,30,42,0,125,0,0,0,125
03/03/2021,BUF,NY,AEA,CE,Combined TRACON& Tower with Radar,52,21,10,0,83,0,11,12,0,23,52,32,22,0,106,0,0,0,106
03/04/2021,BUF,NY,AEA,CE,Combined TRACON& Tower with Radar,60,32,10,0,102,0,3,10,0,13,60,35,20,0,115,0,0,0,115
03/05/2021,BUF,NY,AEA,CE,Combined TRACON& Tower with Radar,53,43,17,0,113,0,2,4,0,6,53,45,21,0,119,0,0,0,119
03/06/2021,BUF,NY,AEA,CE,Combined TRACON& Tower with Radar,51,30,3,0,84,0,0,10,0,10,51,30,13,0,94,0,0,0,94
03/07/2021,BUF,NY,AEA,CE,Combined TRACON& Tower with Radar,60,32,18,0,110,0,4,19,0,23,60,36,37,0,133,0,0,0,133
03/08/2021,BUF,NY,AEA,CE,Combined TRACON& Tower with Radar,68,25,21,0,114,0,9,18,0,27,68,34,39,0,141,0,0,0,141
03/09/2021,BUF,NY,AEA,CE,Combined TRACON& Tower with Radar,57,19,11,0,87,0,4,29,2,35,57,23,40,2,122,0,0,0,122
03/10/2021,BUF,NY,AEA,CE,Combined TRACON& Tower with Radar,60,28,14,2,104,0,3,8,0,11,60,31,22,2,115,0,0,0,115
03/11/2021,BUF,NY,AEA,CE,Combined TRACON& Tower with Radar,64,36,13,2,115,0,1,0,0,1,64,37,13,2,116,0,0,0,116
03/12/2021,BUF,NY,AEA,CE,Combined TRACON& Tower with Radar,63,27,12,1,103,0,11,6,1,18,63,38,18,2,121,0,0,0,121
03/13/2021,BUF,NY,AEA,CE,Combined TRACON& Tower with Radar,55,24,13,0,92,0,5,25,0,30,55,29,38,0,122,0,0,0,122
03/14/2021,BUF,NY,AEA,CE,Combined TRACON& Tower with Radar,52,30,8,0,90,0,5,5,0,10,52,35,13,0,100,0,0,0,100
03/15/2021,BUF,NY,AEA,CE,Combined TRACON& Tower with Radar,56,41,16,0,113,0,4,9,0,13,56,45,25,0,126,0,0,0,126
03/16/2021,BUF,NY,AEA,CE,Combined TRACON& Tower with Radar,65,26,11,0,102,0,6,1,1,8,65,32,12,1,110,0,0,0,110
03/17/2021,BUF,NY,AEA,CE,Combined TRACON& Tower with Radar,63,31,22,0,116,0,2,14,1,17,63,33,36,1,133,0,0,0,133
03/18/2021,BUF,NY,AEA,CE,Combined TRACON& Tower with Radar,66,34,7,0,107,0,0,0,0,0,66,34,7,0,107,0,0,0,107
03/19/2021,BUF,NY,AEA,CE,Combined TRACON& Tower with Radar,63,36,26,0,125,0,4,13,0,17,63,40,39,0,142,0,0,0,142
03/20/2021,BUF,NY,AEA,CE,Combined TRACON& Tower with Radar,54,28,12,0,94,0,4,27,0,31,54,32,39,0,125,0,0,0,125
03/21/2021,BUF,NY,AEA,CE,Combined TRACON& Tower with Radar,53,27,21,0,101,0,3,35,1,39,53,30,56,1,140,0,0,0,140
03/22/2021,BUF,NY,AEA,CE,Combined TRACON& Tower with Radar,61,31,14,0,106,0,5,22,0,27,61,36,36,0,133,0,0,0,133
03/23/2021,BUF,NY,AEA,CE,Combined TRACON& Tower with Radar,65,27,27,0,119,0,8,27,0,35,65,35,54,0,154,0,0,0,154
03/24/2021,BUF,NY,AEA,CE,Combined TRACON& Tower with Radar,67,27,29,2,125,0,5,8,0,13,67,32,37,2,138,0,0,0,138
03/25/2021,BUF,NY,AEA,CE,Combined TRACON& Tower with Radar,72,37,11,1,121,0,5,10,3,18,72,42,21,4,139,0,0,0,139
03/26/2021,BUF,NY,AEA,CE,Combined TRACON& Tower with Radar,68,41,6,0,115,0,0,0,0,0,68,41,6,0,115,0,0,0,115
03/27/2021,BUF,NY,AEA,CE,Combined TRACON& Tower with Radar,63,22,8,0,93,0,1,0,0,1,63,23,8,0,94,0,0,0,94
03/28/2021,BUF,NY,AEA,CE,Combined TRACON& Tower with Radar,64,29,13,0,106,0,2,0,0,2,64,31,13,0,108,0,0,0,108
03/29/2021,BUF,NY,AEA,CE,Combined TRACON& Tower with Radar,66,29,7,4,106,0,0,9,0,9,66,29,16,4,115,0,0,0,115
03/30/2021,BUF,NY,AEA,CE,Combined TRACON& Tower with Radar,66,30,19,0,115,0,2,11,2,15,66,32,30,2,130,0,0,0,130
03/31/2021,BUF,NY,AEA,CE,Combined TRACON& Tower with Radar,75,32,20,0,127,0,3,1,1,5,75,35,21,1,132,0,0,0,132
04/01/2021,BUF,NY,AEA,CE,Combined TRACON& Tower with Radar,80,46,12,2,140,0,2,5,1,8,80,48,17,3,148,0,0,0,148
04/02/2021,BUF,NY,AEA,CE,Combined TRACON& Tower with Radar,74,33,15,1,123,0,2,16,1,19,74,35,31,2,142,0,0,0,142
04/03/2021,BUF,NY,AEA,CE,Combined TRACON& Tower with Radar,66,35,13,0,114,0,2,9,0,11,66,37,22,0,125,0,0,0,125
04/04/2021,BUF,NY,AEA,CE,Combined TRACON& Tower with Radar,65,30,15,0,110,0,5,8,0,13,65,35,23,0,123,0,0,0,123
04/05/2021,BUF,NY,AEA,CE,Combined TRACON& Tower with Radar,69,25,18,0,112,0,7,9,2,18,69,32,27,2,130,0,0,0,130
04/06/2021,BUF,NY,AEA,CE,Combined TRACON& Tower with Radar,72,25,11,0,108,0,7,17,3,27,72,32,28,3,135,0,0,0,135
04/07/2021,BUF,NY,AEA,CE,Combined TRACON& Tower with Radar,73,31,12,0,116,0,13,8,2,23,73,44,20,2,139,0,0,0,139
04/08/2021,BUF,NY,AEA,CE,Combined TRACON& Tower with Radar,86,35,10,0,131,0,4,19,0,23,86,39,29,0,154,0,0,0,154
04/09/2021,BUF,NY,AEA,CE,Combined TRACON& Tower with Radar,83,27,15,0,125,0,4,8,0,12,83,31,23,0,137,0,0,0,137
04/10/2021,BUF,NY,AEA,CE,Combined TRACON& Tower with Radar,81,35,16,0,132,0,7,22,0,29,81,42,38,0,161,0,0,0,161
04/11/2021,BUF,NY,AEA,CE,Combined TRACON& Tower with Radar,69,31,22,0,122,0,0,2,0,2,69,31,24,0,124,0,0,0,124
04/12/2021,BUF,NY,AEA,CE,Combined TRACON& Tower with Radar,82,29,23,1,135,0,0,0,0,0,82,29,23,1,135,0,0,0,135
04/13/2021,BUF,NY,AEA,CE,Combined TRACON& Tower with Radar,76,25,26,0,127,0,0,8,2,10,76,25,34,2,137,0,0,0,137
04/14/2021,BUF,NY,AEA,CE,Combined TRACON& Tower with Radar,70,20,26,0,116,0,8,28,2,38,70,28,54,2,154,0,0,0,154
04/15/2021,BUF,NY,AEA,CE,Combined TRACON& Tower with Radar,87,33,16,0,136,0,3,1,1,5,87,36,17,1,141,0,0,0,141
04/16/2021,BUF,NY,AEA,CE,Combined TRACON& Tower with Radar,87,35,9,0,131,0,0,1,1,2,87,35,10,1,133,0,0,0,133
04/17/2021,BUF,NY,AEA,CE,Combined TRACON& Tower with Radar,62,20,12,0,94,0,4,7,0,11,62,24,19,0,105,0,0,0,105
04/18/2021,BUF,NY,AEA,CE,Combined TRACON& Tower with Radar,78,26,12,0,116,0,6,13,0,19,78,32,25,0,135,0,0,0,135
04/19/2021,BUF,NY,AEA,CE,Combined TRACON& Tower with Radar,82,29,14,4,129,0,5,17,2,24,82,34,31,6,153,0,0,0,153
04/20/2021,BUF,NY,AEA,CE,Combined TRACON& Tower with Radar,69,20,22,0,111,0,4,12,0,16,69,24,34,0,127,0,0,0,127
04/21/2021,BUF,NY,AEA,CE,Combined TRACON& Tower with Radar,68,19,9,0,96,0,2,1,0,3,68,21,10,0,99,0,0,0,99
04/22/2021,BUF,NY,AEA,CE,Combined TRACON& Tower with Radar,86,37,19,0,142,0,13,7,0,20,86,50,26,0,162,0,0,0,162
04/23/2021,BUF,NY,AEA,CE,Combined TRACON& Tower with Radar,81,30,13,0,124,0,19,21,0,40,81,49,34,0,164,0,0,0,164
04/24/2021,BUF,NY,AEA,CE,Combined TRACON& Tower with Radar,62,25,18,0,105,0,10,34,0,44,62,35,52,0,149,0,0,0,149
04/25/2021,BUF,NY,AEA,CE,Combined TRACON& Tower with Radar,77,33,17,0,127,0,0,3,0,3,77,33,20,0,130,0,0,0,130
04/26/2021,BUF,NY,AEA,CE,Combined TRACON& Tower with Radar,82,27,10,2,121,0,12,20,0,32,82,39,30,2,153,0,0,0,153
04/27/2021,BUF,NY,AEA,CE,Combined TRACON& Tower with Radar,71,25,11,2,109,0,7,23,0,30,71,32,34,2,139,0,0,0,139
04/28/2021,BUF,NY,AEA,CE,Combined TRACON& Tower with Radar,69,22,17,0,108,0,2,6,0,8,69,24,23,0,116,0,0,0,116
04/29/2021,BUF,NY,AEA,CE,Combined TRACON& Tower with Radar,93,43,21,0,157,0,0,0,0,0,93,43,21,0,157,0,0,0,157
04/30/2021,BUF,NY,AEA,CE,Combined TRACON& Tower with Radar,83,28,39,0,150,0,8,2,0,10,83,36,41,0,160,0,0,0,160
05/01/2021,BUF,NY,AEA,CE,Combined TRACON& Tower with Radar,62,26,27,0,115,0,4,35,0,39,62,30,62,0,154,0,0,0,154
05/02/2021,BUF,NY,AEA,CE,Combined TRACON& Tower with Radar,88,27,21,0,136,0,3,8,0,11,88,30,29,0,147,0,0,0,147
05/03/2021,BUF,NY,AEA,CE,Combined TRACON& Tower with Radar,79,38,18,0,135,0,6,1,0,7,79,44,19,0,142,0,0,0,142
05/04/2021,BUF,NY,AEA,CE,Combined TRACON& Tower with Radar,70,35,13,0,118,0,0,0,0,0,70,35,13,0,118,0,0,0,118
05/05/2021,BUF,NY,AEA,CE,Combined TRACON& Tower with Radar,74,29,16,0,119,0,4,6,0,10,74,33,22,0,129,0,0,0,129
05/06/2021,BUF,NY,AEA,CE,Combined TRACON& Tower with Radar,97,32,18,0,147,0,6,26,0,32,97,38,44,0,179,0,0,0,179
05/07/2021,BUF,NY,AEA,CE,Combined TRACON& Tower with Radar,91,35,11,0,137,0,0,0,0,0,91,35,11,0,137,0,0,0,137
05/08/2021,BUF,NY,AEA,CE,Combined TRACON& Tower with Radar,77,34,22,0,133,0,0,13,0,13,77,34,35,0,146,0,0,0,146
05/09/2021,BUF,NY,AEA,CE,Combined TRACON& Tower with Radar,86,28,16,0,130,0,0,11,0,11,86,28,27,0,141,0,0,0,141
05/10/2021,BUF,NY,AEA,CE,Combined TRACON& Tower with Radar,87,25,20,0,132,0,0,32,0,32,87,25,52,0,164,0,0,0,164
05/11/2021,BUF,NY,AEA,CE,Combined TRACON& Tower with Radar,85,19,21,0,125,0,2,12,0,14,85,21,33,0,139,0,0,0,139
05/12/2021,BUF,NY,AEA,CE,Combined TRACON& Tower with Radar,85,34,21,1,141,0,11,23,0,34,85,45,44,1,175,0,0,0,175
05/13/2021,BUF,NY,AEA,CE,Combined TRACON& Tower with Radar,99,22,10,0,131,0,5,18,0,23,99,27,28,0,154,0,0,0,154
05/14/2021,BUF,NY,AEA,CE,Combined TRACON& Tower with Radar,94,21,16,0,131,0,9,24,2,35,94,30,40,2,166,0,0,0,166
05/15/2021,BUF,NY,AEA,CE,Combined TRACON& Tower with Radar,78,25,20,0,123,1,2,29,0,32,79,27,49,0,155,0,0,0,155
05/16/2021,BUF,NY,AEA,CE,Combined TRACON& Tower with Radar,86,31,18,0,135,0,9,20,0,29,86,40,38,0,164,0,0,0,164
05/17/2021,BUF,NY,AEA,CE,Combined TRACON& Tower with Radar,92,21,18,0,131,0,9,30,0,39,92,30,48,0,170,0,0,0,170
05/18/2021,BUF,NY,AEA,CE,Combined TRACON& Tower with Radar,84,35,17,0,136,0,12,27,0,39,84,47,44,0,175,0,0,0,175
05/19/2021,BUF,NY,AEA,CE,Combined TRACON& Tower with Radar,90,35,15,2,142,0,5,35,0,40,90,40,50,2,182,0,0,0,182
05/20/2021,BUF,NY,AEA,CE,Combined TRACON& Tower with Radar,98,38,21,0,157,0,15,22,0,37,98,53,43,0,194,0,0,0,194
05/21/2021,BUF,NY,AEA,CE,Combined TRACON& Tower with Radar,94,28,18,0,140,0,8,22,0,30,94,36,40,0,170,0,0,0,170
05/22/2021,BUF,NY,AEA,CE,Combined TRACON& Tower with Radar,77,25,11,0,113,0,0,13,0,13,77,25,24,0,126,0,0,0,126
05/23/2021,BUF,NY,AEA,CE,Combined TRACON& Tower with Radar,86,37,14,0,137,0,6,10,0,16,86,43,24,0,153,0,0,0,153
05/24/2021,BUF,NY,AEA,CE,Combined TRACON& Tower with Radar,91,19,15,0,125,0,13,36,0,49,91,32,51,0,174,0,0,0,174
05/25/2021,BUF,NY,AEA,CE,Combined TRACON& Tower with Radar,85,25,21,0,131,0,20,25,0,45,85,45,46,0,176,0,0,0,176
05/26/2021,BUF,NY,AEA,CE,Combined TRACON& Tower with Radar,84,33,23,6,146,0,5,1,0,6,84,38,24,6,152,0,0,0,152
05/27/2021,BUF,NY,AEA,CE,Combined TRACON& Tower with Radar,102,28,25,0,155,0,6,36,0,42,102,34,61,0,197,0,0,0,197
05/28/2021,BUF,NY,AEA,CE,Combined TRACON& Tower with Radar,93,29,17,1,140,0,2,0,0,2,93,31,17,1,142,0,0,0,142
05/29/2021,BUF,NY,AEA,CE,Combined TRACON& Tower with Radar,70,20,19,0,109,0,2,27,0,29,70,22,46,0,138,0,0,0,138
05/30/2021,BUF,NY,AEA,CE,Combined TRACON& Tower with Radar,80,32,18,0,130,0,5,30,0,35,80,37,48,0,165,0,0,0,165
05/31/2021,BUF,NY,AEA,CE,Combined TRACON& Tower with Radar,81,25,17,0,123,0,7,27,2,36,81,32,44,2,159,0,0,0,159
06/01/2021,BUF,NY,AEA,CE,Combined TRACON& Tower with Radar,82,22,23,0,127,0,11,24,2,37,82,33,47,2,164,0,0,0,164
06/02/2021,BUF,NY,AEA,CE,Combined TRACON& Tower with Radar,89,37,25,0,151,0,4,16,0,20,89,41,41,0,171,0,0,0,171
06/03/2021,BUF,NY,AEA,CE,Combined TRACON& Tower with Radar,104,36,28,0,168,0,1,1,0,2,104,37,29,0,170,0,0,0,170
06/04/2021,BUF,NY,AEA,CE,Combined TRACON& Tower with Radar,103,35,12,8,158,0,1,27,0,28,103,36,39,8,186,0,0,0,186
06/05/2021,BUF,NY,AEA,CE,Combined TRACON& Tower with Radar,86,38,12,0,136,0,6,16,1,23,86,44,28,1,159,0,0,0,159
06/06/2021,BUF,NY,AEA,CE,Combined TRACON& Tower with Radar,103,34,22,0,159,0,6,19,2,27,103,40,41,2,186,0,0,0,186
06/07/2021,BUF,NY,AEA,CE,Combined TRACON& Tower with Radar,100,30,19,0,149,0,4,18,0,22,100,34,37,0,171,0,0,0,171
06/08/2021,BUF,NY,AEA,CE,Combined TRACON& Tower with Radar,100,36,16,0,152,0,2,2,0,4,100,38,18,0,156,0,0,0,156
06/09/2021,BUF,NY,AEA,CE,Combined TRACON& Tower with Radar,101,34,12,5,152,0,5,6,5,16,101,39,18,10,168,0,0,0,168
06/10/2021,BUF,NY,AEA,CE,Combined TRACON& Tower with Radar,107,37,20,10,174,0,7,29,0,36,107,44,49,10,210,0,0,0,210
06/11/2021,BUF,NY,AEA,CE,Combined TRACON& Tower with Radar,104,29,13,2,148,0,4,22,0,26,104,33,35,2,174,0,0,0,174
06/12/2021,BUF,NY,AEA,CE,Combined TRACON& Tower with Radar,99,38,16,0,153,0,3,23,0,26,99,41,39,0,179,0,0,0,179
06/13/2021,BUF,NY,AEA,CE,Combined TRACON& Tower with Radar,94,36,26,0,156,0,4,19,0,23,94,40,45,0,179,0,0,0,179
06/14/2021,BUF,NY,AEA,CE,Combined TRACON& Tower with Radar,100,36,12,0,148,0,11,8,2,21,100,47,20,2,169,0,0,0,169
06/15/2021,BUF,NY,AEA,CE,Combined TRACON& Tower with Radar,109,43,32,4,188,0,2,17,0,19,109,45,49,4,207,0,0,0,207
06/16/2021,BUF,NY,AEA,CE,Combined TRACON& Tower with Radar,105,41,32,0,178,0,13,25,0,38,105,54,57,0,216,0,0,0,216
06/17/2021,BUF,NY,AEA,CE,Combined TRACON& Tower with Radar,108,43,21,2,174,0,6,32,10,48,108,49,53,12,222,0,0,0,222
06/18/2021,BUF,NY,AEA,CE,Combined TRACON& Tower with Radar,103,38,20,6,167,0,4,14,4,22,103,42,34,10,189,0,0,0,189
06/19/2021,BUF,NY,AEA,CE,Combined TRACON& Tower with Radar,101,33,11,1,146,0,5,11,5,21,101,38,22,6,167,0,0,0,167
06/20/2021,BUF,NY,AEA,CE,Combined TRACON& Tower with Radar,89,40,4,0,133,0,6,10,4,20,89,46,14,4,153,0,0,0,153
06/21/2021,BUF,NY,AEA,CE,Combined TRACON& Tower with Radar,102,36,9,1,148,0,4,4,0,8,102,40,13,1,156,0,0,0,156
06/22/2021,BUF,NY,AEA,CE,Combined TRACON& Tower with Radar,108,30,22,0,160,0,2,32,0,34,108,32,54,0,194,0,0,0,194
06/23/2021,BUF,NY,AEA,CE,Combined TRACON& Tower with Radar,106,41,31,0,178,0,4,35,0,39,106,45,66,0,217,0,0,0,217
06/24/2021,BUF,NY,AEA,CE,Combined TRACON& Tower with Radar,109,41,23,0,173,0,10,21,0,31,109,51,44,0,204,0,0,0,204
06/25/2021,BUF,NY,AEA,CE,Combined TRACON& Tower with Radar,103,37,19,0,159,0,1,12,0,13,103,38,31,0,172,0,0,0,172
06/26/2021,BUF,NY,AEA,CE,Combined TRACON& Tower with Radar,96,30,12,0,138,0,1,5,0,6,96,31,17,0,144,0,0,0,144
06/27/2021,BUF,NY,AEA,CE,Combined TRACON& Tower with Radar,95,34,25,0,154,0,2,16,0,18,95,36,41,0,172,0,0,0,172
06/28/2021,BUF,NY,AEA,CE,Combined TRACON& Tower with Radar,99,38,15,0,152,0,2,16,0,18,99,40,31,0,170,0,0,0,170
06/29/2021,BUF,NY,AEA,CE,Combined TRACON& Tower with Radar,102,35,19,6,162,0,2,31,0,33,102,37,50,6,195,0,0,0,195
06/30/2021,BUF,NY,AEA,CE,Combined TRACON& Tower with Radar,106,35,15,2,158,0,12,1,0,13,106,47,16,2,171,0,0,0,171
07/01/2021,BUF,NY,AEA,CE,Combined TRACON& Tower with Radar,109,45,21,0,175,0,6,3,0,9,109,51,24,0,184,0,0,0,184
07/02/2021,BUF,NY,AEA,CE,Combined TRACON& Tower with Radar,106,33,17,0,156,0,5,1,0,6,106,38,18,0,162,0,0,0,162
07/03/2021,BUF,NY,AEA,CE,Combined TRACON& Tower with Radar,101,26,8,0,135,0,14,11,2,27,101,40,19,2,162,0,0,0,162
07/04/2021,BUF,NY,AEA,CE,Combined TRACON& Tower with Radar,86,24,14,0,124,0,4,14,0,18,86,28,28,0,142,0,0,0,142
07/05/2021,BUF,NY,AEA,CE,Combined TRACON& Tower with Radar,98,36,13,0,147,0,1,18,0,19,98,37,31,0,166,0,0,0,166
07/06/2021,BUF,NY,AEA,CE,Combined TRACON& Tower with Radar,104,34,23,1,162,0,4,8,3,15,104,38,31,4,177,0,0,0,177
07/07/2021,BUF,NY,AEA,CE,Combined TRACON& Tower with Radar,103,47,27,2,179,0,1,16,1,18,103,48,43,3,197,0,0,0,197
07/08/2021,BUF,NY,AEA,CE,Combined TRACON& Tower with Radar,107,58,31,2,198,0,0,0,0,0,107,58,31,2,198,0,0,0,198
07/09/2021,BUF,NY,AEA,CE,Combined TRACON& Tower with Radar,102,62,32,0,196,0,0,1,0,1,102,62,33,0,197,0,0,0,197
07/10/2021,BUF,NY,AEA,CE,Combined TRACON& Tower with Radar,104,35,18,0,157,0,1,23,0,24,104,36,41,0,181,0,0,0,181
07/11/2021,BUF,NY,AEA,CE,Combined TRACON& Tower with Radar,101,44,22,0,167,0,4,8,0,12,101,48,30,0,179,0,0,0,179
07/12/2021,BUF,NY,AEA,CE,Combined TRACON& Tower with Radar,97,36,23,3,159,0,4,0,0,4,97,40,23,3,163,0,0,0,163
07/13/2021,BUF,NY,AEA,CE,Combined TRACON& Tower with Radar,109,47,19,0,175,0,4,16,0,20,109,51,35,0,195,0,0,0,195
07/14/2021,BUF,NY,AEA,CE,Combined TRACON& Tower with Radar,102,42,24,0,168,0,4,11,0,15,102,46,35,0,183,0,0,0,183
07/15/2021,BUF,NY,AEA,CE,Combined TRACON& Tower with Radar,113,44,23,0,180,0,5,29,2,36,113,49,52,2,216,0,0,0,216
07/16/2021,BUF,NY,AEA,CE,Combined TRACON& Tower with Radar,109,37,24,0,170,0,2,8,0,10,109,39,32,0,180,0,0,0,180
07/17/2021,BUF,NY,AEA,CE,Combined TRACON& Tower with Radar,97,22,9,0,128,0,0,0,0,0,97,22,9,0,128,0,0,0,128
07/18/2021,BUF,NY,AEA,CE,Combined TRACON& Tower with Radar,91,37,17,0,145,0,2,26,0,28,91,39,43,0,173,0,0,0,173
07/19/2021,BUF,NY,AEA,CE,Combined TRACON& Tower with Radar,105,42,41,2,190,0,0,27,0,27,105,42,68,2,217,0,0,0,217
07/20/2021,BUF,NY,AEA,CE,Combined TRACON& Tower with Radar,104,38,23,0,165,0,4,8,0,12,104,42,31,0,177,0,0,0,177
07/21/2021,BUF,NY,AEA,CE,Combined TRACON& Tower with Radar,110,37,32,3,182,0,4,18,1,23,110,41,50,4,205,0,0,0,205
07/22/2021,BUF,NY,AEA,CE,Combined TRACON& Tower with Radar,110,38,36,0,184,0,7,37,2,46,110,45,73,2,230,0,0,0,230
07/23/2021,BUF,NY,AEA,CE,Combined TRACON& Tower with Radar,103,38,39,1,181,0,10,27,0,37,103,48,66,1,218,0,0,0,218
07/24/2021,BUF,NY,AEA,CE,Combined TRACON& Tower with Radar,99,34,20,0,153,0,5,41,0,46,99,39,61,0,199,0,0,0,199
07/25/2021,BUF,NY,AEA,CE,Combined TRACON& Tower with Radar,95,45,27,0,167,0,6,19,0,25,95,51,46,0,192,0,0,0,192
07/26/2021,BUF,NY,AEA,CE,Combined TRACON& Tower with Radar,102,46,36,0,184,0,12,28,0,40,102,58,64,0,224,0,0,0,224
07/27/2021,BUF,NY,AEA,CE,Combined TRACON& Tower with Radar,102,33,26,2,163,1,0,20,4,25,103,33,46,6,188,0,0,0,188
07/28/2021,BUF,NY,AEA,CE,Combined TRACON& Tower with Radar,108,42,33,2,185,0,4,39,4,47,108,46,72,6,232,0,0,0,232
07/29/2021,BUF,NY,AEA,CE,Combined TRACON& Tower with Radar,104,36,29,2,171,0,13,0,1,14,104,49,29,3,185,0,0,0,185
07/30/2021,BUF,NY,AEA,CE,Combined TRACON& Tower with Radar,107,48,25,0,180,0,12,24,0,36,107,60,49,0,216,0,0,0,216
07/31/2021,BUF,NY,AEA,CE,Combined TRACON& Tower with Radar,98,38,17,0,153,0,9,59,0,68,98,47,76,0,221,0,0,0,221
08/01/2021,BUF,NY,AEA,CE,Combined TRACON& Tower with Radar,96,38,8,0,142,0,3,1,0,4,96,41,9,0,146,0,0,0,146
08/02/2021,BUF,NY,AEA,CE,Combined TRACON& Tower with Radar,102,39,13,2,156,0,13,35,2,50,102,52,48,4,206,0,0,0,206
08/03/2021,BUF,NY,AEA,CE,Combined TRACON& Tower with Radar,105,40,38,0,183,0,16,42,0,58,105,56,80,0,241,0,0,0,241
08/04/2021,BUF,NY,AEA,CE,Combined TRACON& Tower with Radar,111,37,28,0,176,0,7,47,0,54,111,44,75,0,230,0,0,0,230
08/05/2021,BUF,NY,AEA,CE,Combined TRACON& Tower with Radar,113,40,25,0,178,0,12,36,0,48,113,52,61,0,226,0,0,0,226
08/06/2021,BUF,NY,AEA,CE,Combined TRACON& Tower with Radar,98,38,26,0,162,0,9,39,1,49,98,47,65,1,211,0,0,0,211
08/07/2021,BUF,NY,AEA,CE,Combined TRACON& Tower with Radar,100,30,11,10,151,0,5,23,0,28,100,35,34,10,179,0,0,0,179
08/08/2021,BUF,NY,AEA,CE,Combined TRACON& Tower with Radar,93,42,30,0,165,0,3,13,0,16,93,45,43,0,181,0,0,0,181
08/09/2021,BUF,NY,AEA,CE,Combined TRACON& Tower with Radar,104,35,23,6,168,0,6,29,0,35,104,41,52,6,203,0,0,0,203
08/10/2021,BUF,NY,AEA,CE,Combined TRACON& Tower with Radar,102,37,15,0,154,0,4,2,0,6,102,41,17,0,160,0,0,0,160
08/11/2021,BUF,NY,AEA,CE,Combined TRACON& Tower with Radar,99,45,16,0,160,0,2,4,1,7,99,47,20,1,167,0,0,0,167
08/12/2021,BUF,NY,AEA,CE,Combined TRACON& Tower with Radar,109,35,30,0,174,0,1,9,0,10,109,36,39,0,184,0,0,0,184
08/13/2021,BUF,NY,AEA,CE,Combined TRACON& Tower with Radar,104,38,12,2,156,0,9,10,0,19,104,47,22,2,175,0,0,0,175
08/14/2021,BUF,NY,AEA,CE,Combined TRACON& Tower with Radar,102,45,24,0,171,0,7,26,0,33,102,52,50,0,204,0,0,0,204
08/15/2021,BUF,NY,AEA,CE,Combined TRACON& Tower with Radar,96,44,28,0,168,0,5,20,0,25,96,49,48,0,193,0,0,0,193
08/16/2021,BUF,NY,AEA,CE,Combined TRACON& Tower with Radar,114,35,40,0,189,0,8,18,0,26,114,43,58,0,215,0,0,0,215
08/17/2021,BUF,NY,AEA,CE,Combined TRACON& Tower with Radar,103,48,36,0,187,0,8,5,0,13,103,56,41,0,200,0,0,0,200
08/18/2021,BUF,NY,AEA,CE,Combined TRACON& Tower with Radar,109,36,25,0,170,0,1,4,0,5,109,37,29,0,175,0,0,0,175
08/19/2021,BUF,NY,AEA,CE,Combined TRACON& Tower with Radar,117,37,28,3,185,0,3,18,0,21,117,40,46,3,206,0,0,0,206
08/20/2021,BUF,NY,AEA,CE,Combined TRACON& Tower with Radar,108,53,16,0,177,0,8,13,0,21,108,61,29,0,198,0,0,0,198
08/21/2021,BUF,NY,AEA,CE,Combined TRACON& Tower with Radar,99,37,22,0,158,0,1,17,0,18,99,38,39,0,176,0,0,0,176
08/22/2021,BUF,NY,AEA,CE,Combined TRACON& Tower with Radar,96,38,32,0,166,0,3,2,1,6,96,41,34,1,172,0,0,0,172
08/23/2021,BUF,NY,AEA,CE,Combined TRACON& Tower with Radar,108,44,31,0,183,0,7,23,0,30,108,51,54,0,213,0,0,0,213
08/24/2021,BUF,NY,AEA,CE,Combined TRACON& Tower with Radar,100,38,25,1,164,0,16,26,1,43,100,54,51,2,207,0,0,0,207
08/25/2021,BUF,NY,AEA,CE,Combined TRACON& Tower with Radar,106,36,33,0,175,0,6,27,0,33,106,42,60,0,208,0,0,0,208
08/26/2021,BUF,NY,AEA,CE,Combined TRACON& Tower with Radar,109,37,16,0,162,0,1,12,0,13,109,38,28,0,175,0,0,0,175
08/27/2021,BUF,NY,AEA,CE,Combined TRACON& Tower with Radar,101,41,15,1,158,0,5,27,1,33,101,46,42,2,191,0,0,0,191
08/28/2021,BUF,NY,AEA,CE,Combined TRACON& Tower with Radar,101,27,30,0,158,0,3,19,0,22,101,30,49,0,180,0,0,0,180
08/29/2021,BUF,NY,AEA,CE,Combined TRACON& Tower with Radar,95,42,28,0,165,0,5,17,0,22,95,47,45,0,187,0,0,0,187
08/30/2021,BUF,NY,AEA,CE,Combined TRACON& Tower with Radar,106,31,24,0,161,0,0,13,0,13,106,31,37,0,174,0,0,0,174
08/31/2021,BUF,NY,AEA,CE,Combined TRACON& Tower with Radar,104,52,26,0,182,0,7,30,0,37,104,59,56,0,219,0,0,0,219
09/01/2021,BUF,NY,AEA,CE,Combined TRACON& Tower with Radar,107,39,22,0,168,0,5,29,0,34,107,44,51,0,202,0,0,0,202
09/02/2021,BUF,NY,AEA,CE,Combined TRACON& Tower with Radar,115,36,25,0,176,0,8,22,0,30,115,44,47,0,206,0,0,0,206
09/03/2021,BUF,NY,AEA,CE,Combined TRACON& Tower with Radar,107,42,27,2,178,0,9,15,0,24,107,51,42,2,202,0,0,0,202
09/04/2021,BUF,NY,AEA,CE,Combined TRACON& Tower with Radar,97,25,9,0,131,0,15,21,0,36,97,40,30,0,167,0,0,0,167
09/05/2021,BUF,NY,AEA,CE,Combined TRACON& Tower with Radar,88,29,16,0,133,0,3,0,0,3,88,32,16,0,136,0,0,0,136
09/06/2021,BUF,NY,AEA,CE,Combined TRACON& Tower with Radar,95,34,27,0,156,0,14,17,0,31,95,48,44,0,187,0,0,0,187
09/07/2021,BUF,NY,AEA,CE,Combined TRACON& Tower with Radar,94,45,34,0,173,0,7,33,0,40,94,52,67,0,213,0,0,0,213
09/08/2021,BUF,NY,AEA,CE,Combined TRACON& Tower with Radar,99,32,19,1,151,0,3,7,1,11,99,35,26,2,162,0,0,0,162
09/09/2021,BUF,NY,AEA,CE,Combined TRACON& Tower with Radar,115,35,19,0,169,0,6,22,0,28,115,41,41,0,197,0,0,0,197
09/10/2021,BUF,NY,AEA,CE,Combined TRACON& Tower with Radar,114,49,20,0,183,0,3,27,0,30,114,52,47,0,213,0,0,0,213
09/11/2021,BUF,NY,AEA,CE,Combined TRACON& Tower with Radar,100,39,25,2,166,0,15,11,2,28,100,54,36,4,194,0,0,0,194
09/12/2021,BUF,NY,AEA,CE,Combined TRACON& Tower with Radar,101,62,35,0,198,0,3,1,2,6,101,65,36,2,204,0,0,0,204
09/13/2021,BUF,NY,AEA,CE,Combined TRACON& Tower with Radar,107,38,26,2,173,0,6,20,0,26,107,44,46,2,199,0,0,0,199
09/14/2021,BUF,NY,AEA,CE,Combined TRACON& Tower with Radar,106,35,40,2,183,0,2,23,0,25,106,37,63,2,208,0,0,0,208
09/15/2021,BUF,NY,AEA,CE,Combined TRACON& Tower with Radar,95,38,24,0,157,0,4,8,0,12,95,42,32,0,169,0,0,0,169
09/16/2021,BUF,NY,AEA,CE,Combined TRACON& Tower with Radar,116,42,33,0,191,0,10,38,0,48,116,52,71,0,239,0,0,0,239
09/17/2021,BUF,NY,AEA,CE,Combined TRACON& Tower with Radar,113,37,40,0,190,0,1,12,0,13,113,38,52,0,203,0,0,0,203
09/18/2021,BUF,NY,AEA,CE,Combined TRACON& Tower with Radar,103,21,24,6,154,0,7,17,0,24,103,28,41,6,178,0,0,0,178
09/19/2021,BUF,NY,AEA,CE,Combined TRACON& Tower with Radar,105,31,21,4,161,0,10,20,0,30,105,41,41,4,191,0,0,0,191
09/20/2021,BUF,NY,AEA,CE,Combined TRACON& Tower with Radar,108,31,32,0,171,0,14,36,0,50,108,45,68,0,221,0,0,0,221
09/21/2021,BUF,NY,AEA,CE,Combined TRACON& Tower with Radar,102,32,21,1,156,0,4,15,0,19,102,36,36,1,175,0,0,0,175
09/22/2021,BUF,NY,AEA,CE,Combined TRACON& Tower with Radar,98,35,25,1,159,0,4,3,1,8,98,39,28,2,167,0,0,0,167
09/23/2021,BUF,NY,AEA,CE,Combined TRACON& Tower with Radar,114,35,32,0,181,0,2,21,0,23,114,37,53,0,204,0,0,0,204
09/24/2021,BUF,NY,AEA,CE,Combined TRACON& Tower with Radar,117,38,17,1,173,0,6,4,0,10,117,44,21,1,183,0,0,0,183
09/25/2021,BUF,NY,AEA,CE,Combined TRACON& Tower with Radar,100,30,27,0,157,0,2,19,0,21,100,32,46,0,178,0,0,0,178
09/26/2021,BUF,NY,AEA,CE,Combined TRACON& Tower with Radar,111,39,42,4,196,0,2,17,0,19,111,41,59,4,215,0,0,0,215
09/27/2021,BUF,NY,AEA,CE,Combined TRACON& Tower with Radar,114,28,18,0,160,0,2,9,0,11,114,30,27,0,171,0,0,0,171
09/28/2021,BUF,NY,AEA,CE,Combined TRACON& Tower with Radar,101,26,32,0,159,0,8,29,0,37,101,34,61,0,196,0,0,0,196
09/29/2021,BUF,NY,AEA,CE,Combined TRACON& Tower with Radar,99,37,34,2,172,0,11,31,0,42,99,48,65,2,214,0,0,0,214
09/30/2021,BUF,NY,AEA,CE,Combined TRACON& Tower with Radar,116,47,31,0,194,0,10,23,0,33,116,57,54,0,227,0,0,0,227
10/01/2021,BUF,NY,AEA,CE,Combined TRACON& Tower with Radar,121,31,35,2,189,0,8,22,0,30,121,39,57,2,219,0,0,0,219
10/02/2021,BUF,NY,AEA,CE,Combined TRACON& Tower with Radar,106,38,23,0,167,0,9,22,0,31,106,47,45,0,198,0,0,0,198
10/03/2021,BUF,NY,AEA,CE,Combined TRACON& Tower with Radar,111,46,27,0,184,0,0,0,0,0,111,46,27,0,184,0,0,0,184
10/04/2021,BUF,NY,AEA,CE,Combined TRACON& Tower with Radar,121,34,21,1,177,0,1,0,0,1,121,35,21,1,178,0,0,0,178
10/05/2021,BUF,NY,AEA,CE,Combined TRACON& Tower with Radar,110,34,20,5,169,0,0,4,2,6,110,34,24,7,175,0,0,0,175
10/06/2021,BUF,NY,AEA,CE,Combined TRACON& Tower with Radar,106,39,21,4,170,0,7,8,0,15,106,46,29,4,185,0,0,0,185
10/07/2021,BUF,NY,AEA,CE,Combined TRACON& Tower with Radar,125,51,41,0,217,0,5,28,0,33,125,56,69,0,250,0,0,0,250
10/08/2021,BUF,NY,AEA,CE,Combined TRACON& Tower with Radar,113,36,30,0,179,0,2,20,2,24,113,38,50,2,203,0,0,0,203
10/09/2021,BUF,NY,AEA,CE,Combined TRACON& Tower with Radar,101,21,16,0,138,0,4,9,0,13,101,25,25,0,151,0,0,0,151
10/10/2021,BUF,NY,AEA,CE,Combined TRACON& Tower with Radar,96,29,18,0,143,0,3,23,1,27,96,32,41,1,170,0,0,0,170
10/11/2021,BUF,NY,AEA,CE,Combined TRACON& Tower with Radar,115,34,27,1,177,0,4,33,1,38,115,38,60,2,215,0,0,0,215
10/12/2021,BUF,NY,AEA,CE,Combined TRACON& Tower with Radar,116,34,33,2,185,0,5,43,0,48,116,39,76,2,233,0,0,0,233
10/13/2021,BUF,NY,AEA,CE,Combined TRACON& Tower with Radar,113,28,29,17,187,0,9,13,0,22,113,37,42,17,209,0,0,0,209
10/14/2021,BUF,NY,AEA,CE,Combined TRACON& Tower with Radar,125,50,30,2,207,0,4,29,0,33,125,54,59,2,240,0,0,0,240
10/15/2021,BUF,NY,AEA,CE,Combined TRACON& Tower with Radar,124,33,30,2,189,1,0,0,0,1,125,33,30,2,190,0,0,0,190
10/16/2021,BUF,NY,AEA,CE,Combined TRACON& Tower with Radar,109,32,22,0,163,0,0,0,0,0,109,32,22,0,163,0,0,0,163
10/17/2021,BUF,NY,AEA,CE,Combined TRACON& Tower with Radar,113,27,23,2,165,0,5,4,0,9,113,32,27,2,174,0,0,0,174
10/18/2021,BUF,NY,AEA,CE,Combined TRACON& Tower with Radar,121,27,30,0,178,0,6,48,0,54,121,33,78,0,232,0,0,0,232
10/19/2021,BUF,NY,AEA,CE,Combined TRACON& Tower with Radar,119,54,30,2,205,0,3,31,1,35,119,57,61,3,240,0,0,0,240
10/20/2021,BUF,NY,AEA,CE,Combined TRACON& Tower with Radar,113,35,24,6,178,0,8,43,0,51,113,43,67,6,229,0,0,0,229
10/21/2021,BUF,NY,AEA,CE,Combined TRACON& Tower with Radar,123,43,34,0,200,0,3,10,0,13,123,46,44,0,213,0,0,0,213
10/22/2021,BUF,NY,AEA,CE,Combined TRACON& Tower with Radar,127,42,30,1,200,1,4,31,0,36,128,46,61,1,236,0,0,0,236
10/23/2021,BUF,NY,AEA,CE,Combined TRACON& Tower with Radar,104,37,17,0,158,0,0,26,0,26,104,37,43,0,184,0,0,0,184
10/24/2021,BUF,NY,AEA,CE,Combined TRACON& Tower with Radar,113,41,35,0,189,0,2,39,0,41,113,43,74,0,230,0,0,0,230
10/25/2021,BUF,NY,AEA,CE,Combined TRACON& Tower with Radar,113,37,10,3,163,0,0,0,0,0,113,37,10,3,163,0,0,0,163
10/26/2021,BUF,NY,AEA,CE,Combined TRACON& Tower with Radar,118,37,28,0,183,0,0,0,0,0,118,37,28,0,183,0,0,0,183
10/27/2021,BUF,NY,AEA,CE,Combined TRACON& Tower with Radar,114,41,34,10,199,0,3,51,0,54,114,44,85,10,253,0,0,0,253
10/28/2021,BUF,NY,AEA,CE,Combined TRACON& Tower with Radar,126,32,28,12,198,0,7,43,0,50,126,39,71,12,248,0,0,0,248
10/29/2021,BUF,NY,AEA,CE,Combined TRACON& Tower with Radar,120,39,24,0,183,0,0,26,0,26,120,39,50,0,209,0,0,0,209
10/30/2021,BUF,NY,AEA,CE,Combined TRACON& Tower with Radar,103,34,22,0,159,0,1,0,0,1,103,35,22,0,160,0,0,0,160
10/31/2021,BUF,NY,AEA,CE,Combined TRACON& Tower with Radar,89,37,29,0,155,0,0,9,0,9,89,37,38,0,164,0,0,0,164
11/01/2021,BUF,NY,AEA,CE,Combined TRACON& Tower with Radar,104,32,23,0,159,0,10,35,0,45,104,42,58,0,204,0,0,0,204
11/02/2021,BUF,NY,AEA,CE,Combined TRACON& Tower with Radar,114,37,15,0,166,0,5,15,2,22,114,42,30,2,188,0,0,0,188
11/03/2021,BUF,NY,AEA,CE,Combined TRACON& Tower with Radar,110,34,29,12,185,0,2,26,0,28,110,36,55,12,213,0,0,0,213
11/04/2021,BUF,NY,AEA,CE,Combined TRACON& Tower with Radar,120,37,35,0,192,0,6,15,0,21,120,43,50,0,213,0,0,0,213
11/05/2021,BUF,NY,AEA,CE,Combined TRACON& Tower with Radar,122,32,21,0,175,0,5,43,5,53,122,37,64,5,228,0,0,0,228
11/06/2021,BUF,NY,AEA,CE,Combined TRACON& Tower with Radar,99,28,26,0,153,0,19,33,0,52,99,47,59,0,205,0,0,0,205
11/07/2021,BUF,NY,AEA,CE,Combined TRACON& Tower with Radar,111,33,15,6,165,0,4,26,4,34,111,37,41,10,199,0,0,0,199
11/08/2021,BUF,NY,AEA,CE,Combined TRACON& Tower with Radar,116,34,28,2,180,0,2,33,0,35,116,36,61,2,215,0,0,0,215
11/09/2021,BUF,NY,AEA,CE,Combined TRACON& Tower with Radar,116,41,19,0,176,0,5,19,0,24,116,46,38,0,200,0,0,0,200
11/10/2021,BUF,NY,AEA,CE,Combined TRACON& Tower with Radar,108,44,14,0,166,0,6,16,0,22,108,50,30,0,188,0,0,0,188
11/11/2021,BUF,NY,AEA,CE,Combined TRACON& Tower with Radar,122,40,17,0,179,0,4,9,0,13,122,44,26,0,192,0,0,0,192
11/12/2021,BUF,NY,AEA,CE,Combined TRACON& Tower with Radar,126,40,25,0,191,0,0,5,0,5,126,40,30,0,196,0,0,0,196
11/13/2021,BUF,NY,AEA,CE,Combined TRACON& Tower with Radar,104,26,6,0,136,0,1,1,0,2,104,27,7,0,138,0,0,0,138
11/14/2021,BUF,NY,AEA,CE,Combined TRACON& Tower with Radar,110,27,17,0,154,0,0,1,0,1,110,27,18,0,155,0,0,0,155
11/15/2021,BUF,NY,AEA,CE,Combined TRACON& Tower with Radar,119,37,32,6,194,0,2,0,2,4,119,39,32,8,198,0,0,0,198
11/16/2021,BUF,NY,AEA,CE,Combined TRACON& Tower with Radar,114,43,26,2,185,0,2,24,0,26,114,45,50,2,211,0,0,0,211
11/17/2021,BUF,NY,AEA,CE,Combined TRACON& Tower with Radar,110,33,17,5,165,0,3,5,2,10,110,36,22,7,175,0,0,0,175
11/18/2021,BUF,NY,AEA,CE,Combined TRACON& Tower with Radar,125,37,24,0,186,0,0,0,0,0,125,37,24,0,186,0,0,0,186
11/19/2021,BUF,NY,AEA,CE,Combined TRACON& Tower with Radar,122,30,19,0,171,0,1,5,0,6,122,31,24,0,177,0,0,0,177
11/20/2021,BUF,NY,AEA,CE,Combined TRACON& Tower with Radar,108,29,20,0,157,0,3,20,0,23,108,32,40,0,180,0,0,0,180
11/21/2021,BUF,NY,AEA,CE,Combined TRACON& Tower with Radar,116,38,31,0,185,0,1,15,0,16,116,39,46,0,201,0,0,0,201
11/22/2021,BUF,NY,AEA,CE,Combined TRACON& Tower with Radar,119,35,25,0,179,0,7,1,0,8,119,42,26,0,187,0,0,0,187
11/23/2021,BUF,NY,AEA,CE,Combined TRACON& Tower with Radar,127,33,17,0,177,0,2,15,0,17,127,35,32,0,194,0,0,0,194
11/24/2021,BUF,NY,AEA,CE,Combined TRACON& Tower with Radar,143,35,20,5,203,0,10,9,3,22,143,45,29,8,225,0,0,0,225
11/25/2021,BUF,NY,AEA,CE,Combined TRACON& Tower with Radar,77,25,8,0,110,0,3,0,0,3,77,28,8,0,113,0,0,0,113
11/26/2021,BUF,NY,AEA,CE,Combined TRACON& Tower with Radar,96,29,5,0,130,0,0,0,0,0,96,29,5,0,130,0,0,0,130
11/27/2021,BUF,NY,AEA,CE,Combined TRACON& Tower with Radar,118,40,16,0,174,0,5,7,0,12,118,45,23,0,186,0,0,0,186
11/28/2021,BUF,NY,AEA,CE,Combined TRACON& Tower with Radar,131,46,24,0,201,0,0,0,0,0,131,46,24,0,201,0,0,0,201
11/29/2021,BUF,NY,AEA,CE,Combined TRACON& Tower with Radar,128,41,33,10,212,0,11,9,0,20,128,52,42,10,232,0,0,0,232
11/30/2021,BUF,NY,AEA,CE,Combined TRACON& Tower with Radar,130,50,20,2,202,0,0,2,0,2,130,50,22,2,204,0,0,0,204
12/01/2021,BUF,NY,AEA,CE,Combined TRACON& Tower with Radar,119,41,15,0,175,0,9,21,4,34,119,50,36,4,209,0,0,0,209
12/02/2021,BUF,NY,AEA,CE,Combined TRACON& Tower with Radar,122,50,11,0,183,0,1,0,0,1,122,51,11,0,184,0,0,0,184
12/03/2021,BUF,NY,AEA,CE,Combined TRACON& Tower with Radar,119,39,17,0,175,0,4,17,0,21,119,43,34,0,196,0,0,0,196
12/04/2021,BUF,NY,AEA,CE,Combined TRACON& Tower with Radar,96,24,9,0,129,0,5,2,0,7,96,29,11,0,136,0,0,0,136
12/05/2021,BUF,NY,AEA,CE,Combined TRACON& Tower with Radar,110,40,21,4,175,0,4,28,0,32,110,44,49,4,207,0,0,0,207
12/06/2021,BUF,NY,AEA,CE,Combined TRACON& Tower with Radar,109,54,30,0,193,0,0,0,0,0,109,54,30,0,193,0,0,0,193
12/07/2021,BUF,NY,AEA,CE,Combined TRACON& Tower with Radar,116,49,43,0,208,0,0,8,0,8,116,49,51,0,216,0,0,0,216
12/08/2021,BUF,NY,AEA,CE,Combined TRACON& Tower with Radar,106,35,19,0,160,0,0,0,0,0,106,35,19,0,160,0,0,0,160
12/09/2021,BUF,NY,AEA,CE,Combined TRACON& Tower with Radar,125,40,25,0,190,0,0,10,0,10,125,40,35,0,200,0,0,0,200
12/10/2021,BUF,NY,AEA,CE,Combined TRACON& Tower with Radar,113,41,15,7,176,0,4,10,2,16,113,45,25,9,192,0,0,0,192
12/11/2021,BUF,NY,AEA,CE,Combined TRACON& Tower with Radar,103,16,4,0,123,0,0,0,0,0,103,16,4,0,123,0,0,0,123
12/12/2021,BUF,NY,AEA,CE,Combined TRACON& Tower with Radar,121,20,12,0,153,0,5,3,0,8,121,25,15,0,161,0,0,0,161
12/13/2021,BUF,NY,AEA,CE,Combined TRACON& Tower with Radar,116,33,26,0,175,0,2,9,2,13,116,35,35,2,188,0,0,0,188
12/14/2021,BUF,NY,AEA,CE,Combined TRACON& Tower with Radar,111,30,22,6,169,0,13,27,0,40,111,43,49,6,209,0,0,0,209
12/15/2021,BUF,NY,AEA,CE,Combined TRACON& Tower with Radar,108,40,27,0,175,0,1,3,0,4,108,41,30,0,179,0,0,0,179
12/16/2021,BUF,NY,AEA,CE,Combined TRACON& Tower with Radar,130,31,40,0,201,0,0,0,0,0,130,31,40,0,201,0,0,0,201
12/17/2021,BUF,NY,AEA,CE,Combined TRACON& Tower with Radar,123,38,26,0,187,0,2,10,2,14,123,40,36,2,201,0,0,0,201
12/18/2021,BUF,NY,AEA,CE,Combined TRACON& Tower with Radar,103,23,23,0,149,0,0,0,0,0,103,23,23,0,149,0,0,0,149
12/19/2021,BUF,NY,AEA,CE,Combined TRACON& Tower with Radar,111,29,23,4,167,0,0,5,0,5,111,29,28,4,172,0,0,0,172
12/20/2021,BUF,NY,AEA,CE,Combined TRACON& Tower with Radar,108,38,19,0,165,0,9,11,0,20,108,47,30,0,185,0,0,0,185
12/21/2021,BUF,NY,AEA,CE,Combined TRACON& Tower with Radar,116,45,36,3,200,0,6,25,2,33,116,51,61,5,233,0,0,0,233
12/22/2021,BUF,NY,AEA,CE,Combined TRACON& Tower with Radar,115,47,22,0,184,0,0,3,0,3,115,47,25,0,187,0,0,0,187
12/23/2021,BUF,NY,AEA,CE,Combined TRACON& Tower with Radar,121,39,26,0,186,0,4,8,0,12,121,43,34,0,198,0,0,0,198
12/24/2021,BUF,NY,AEA,CE,Combined TRACON& Tower with Radar,82,24,8,0,114,0,2,3,0,5,82,26,11,0,119,0,0,0,119
12/25/2021,BUF,NY,AEA,CE,Combined TRACON& Tower with Radar,71,18,11,0,100,0,0,0,0,0,71,18,11,0,100,0,0,0,100
12/26/2021,BUF,NY,AEA,CE,Combined TRACON& Tower with Radar,86,38,28,0,152,0,0,4,0,4,86,38,32,0,156,0,0,0,156
12/27/2021,BUF,NY,AEA,CE,Combined TRACON& Tower with Radar,95,34,16,0,145,0,1,1,0,2,95,35,17,0,147,0,0,0,147
12/28/2021,BUF,NY,AEA,CE,Combined TRACON& Tower with Radar,112,40,21,0,173,0,2,17,0,19,112,42,38,0,192,0,0,0,192
12/29/2021,BUF,NY,AEA,CE,Combined TRACON& Tower with Radar,114,32,13,0,159,0,0,0,0,0,114,32,13,0,159,0,0,0,159
12/30/2021,BUF,NY,AEA,CE,Combined TRACON& Tower with Radar,108,35,17,0,160,0,0,2,0,2,108,35,19,0,162,0,0,0,162
12/31/2021,BUF,NY,AEA,CE,Combined TRACON& Tower with Radar,83,28,10,0,121,0,0,1,0,1,83,28,11,0,122,0,0,0,122
01/01/2022,BUF,NY,AEA,CE,Combined TRACON& Tower with Radar,68,23,4,0,95,0,0,0,0,0,68,23,4,0,95,0,0,0,95
01/02/2022,BUF,NY,AEA,CE,Combined TRACON& Tower with Radar,95,26,34,0,155,0,0,0,0,0,95,26,34,0,155,0,0,0,155
01/03/2022,BUF,NY,AEA,CE,Combined TRACON& Tower with Radar,98,28,18,0,144,1,0,10,0,11,99,28,28,0,155,0,0,0,155
01/04/2022,BUF,NY,AEA,CE,Combined TRACON& Tower with Radar,103,29,17,6,155,0,7,14,0,21,103,36,31,6,176,0,0,0,176
01/05/2022,BUF,NY,AEA,CE,Combined TRACON& Tower with Radar,104,25,10,0,139,0,0,0,0,0,104,25,10,0,139,0,0,0,139
01/06/2022,BUF,NY,AEA,CE,Combined TRACON& Tower with Radar,36,13,5,1,55,0,0,0,0,0,36,13,5,1,55,0,0,0,55
01/07/2022,BUF,NY,AEA,CE,Combined TRACON& Tower with Radar,87,23,12,0,122,0,0,2,0,2,87,23,14,0,124,0,0,0,124
01/08/2022,BUF,NY,AEA,CE,Combined TRACON& Tower with Radar,95,26,18,0,139,0,6,25,2,33,95,32,43,2,172,0,0,0,172
01/09/2022,BUF,NY,AEA,CE,Combined TRACON& Tower with Radar,105,21,24,0,150,0,1,0,0,1,105,22,24,0,151,0,0,0,151
01/10/2022,BUF,NY,AEA,CE,Combined TRACON& Tower with Radar,107,28,9,0,144,0,0,2,0,2,107,28,11,0,146,0,0,0,146
01/11/2022,BUF,NY,AEA,CE,Combined TRACON& Tower with Radar,113,18,11,0,142,0,1,8,4,13,113,19,19,4,155,0,0,0,155
01/12/2022,BUF,NY,AEA,CE,Combined TRACON& Tower with Radar,112,14,11,0,137,0,1,0,0,1,112,15,11,0,138,0,0,0,138
01/13/2022,BUF,NY,AEA,CE,Combined TRACON& Tower with Radar,118,21,15,4,158,0,0,0,0,0,118,21,15,4,158,0,0,0,158
01/14/2022,BUF,NY,AEA,CE,Combined TRACON& Tower with Radar,121,30,25,0,176,0,0,1,0,1,121,30,26,0,177,0,0,0,177
01/15/2022,BUF,NY,AEA,CE,Combined TRACON& Tower with Radar,95,47,20,0,162,0,0,13,0,13,95,47,33,0,175,0,0,0,175
01/16/2022,BUF,NY,AEA,CE,Combined TRACON& Tower with Radar,79,46,17,0,142,0,4,21,0,25,79,50,38,0,167,0,0,0,167
01/17/2022,BUF,NY,AEA,CE,Combined TRACON& Tower with Radar,40,4,8,0,52,0,0,0,0,0,40,4,8,0,52,0,0,0,52
01/18/2022,BUF,NY,AEA,CE,Combined TRACON& Tower with Radar,115,22,22,0,159,0,0,6,0,6,115,22,28,0,165,0,0,0,165
01/19/2022,BUF,NY,AEA,CE,Combined TRACON& Tower with Radar,118,25,21,1,165,0,0,0,0,0,118,25,21,1,165,0,0,0,165
01/20/2022,BUF,NY,AEA,CE,Combined TRACON& Tower with Radar,111,21,23,1,156,0,0,2,0,2,111,21,25,1,158,0,0,0,158
01/21/2022,BUF,NY,AEA,CE,Combined TRACON& Tower with Radar,117,21,25,1,164,0,2,12,0,14,117,23,37,1,178,0,0,0,178
01/22/2022,BUF,NY,AEA,CE,Combined TRACON& Tower with Radar,100,12,16,0,128,0,2,21,0,23,100,14,37,0,151,0,0,0,151
01/23/2022,BUF,NY,AEA,CE,Combined TRACON& Tower with Radar,99,21,7,0,127,0,0,0,0,0,99,21,7,0,127,0,0,0,127
01/24/2022,BUF,NY,AEA,CE,Combined TRACON& Tower with Radar,113,16,19,0,148,0,0,2,0,2,113,16,21,0,150,0,0,0,150
01/25/2022,BUF,NY,AEA,CE,Combined TRACON& Tower with Radar,116,21,19,0,156,0,2,0,0,2,116,23,19,0,158,0,0,0,158
01/26/2022,BUF,NY,AEA,CE,Combined TRACON& Tower with Radar,115,28,22,0,165,0,10,2,0,12,115,38,24,0,177,0,0,0,177
01/27/2022,BUF,NY,AEA,CE,Combined TRACON& Tower with Radar,117,28,23,0,168,0,0,6,0,6,117,28,29,0,174,0,0,0,174
01/28/2022,BUF,NY,AEA,CE,Combined TRACON& Tower with Radar,110,21,10,0,141,0,2,2,0,4,110,23,12,0,145,0,0,0,145
01/29/2022,BUF,NY,AEA,CE,Combined TRACON& Tower with Radar,75,11,9,0,95,0,4,8,0,12,75,15,17,0,107,0,0,0,107
01/30/2022,BUF,NY,AEA,CE,Combined TRACON& Tower with Radar,84,23,14,0,121,0,3,13,0,16,84,26,27,0,137,0,0,0,137
01/31/2022,BUF,NY,AEA,CE,Combined TRACON& Tower with Radar,109,21,24,0,154,0,5,26,0,31,109,26,50,0,185,0,0,0,185
02/01/2022,BUF,NY,AEA,CE,Combined TRACON& Tower with Radar,113,19,25,0,157,0,9,21,0,30,113,28,46,0,187,0,0,0,187
02/02/2022,BUF,NY,AEA,CE,Combined TRACON& Tower with Radar,105,21,11,0,137,0,2,4,0,6,105,23,15,0,143,0,0,0,143
02/03/2022,BUF,NY,AEA,CE,Combined TRACON& Tower with Radar,52,13,6,0,71,0,0,0,0,0,52,13,6,0,71,0,0,0,71
02/04/2022,BUF,NY,AEA,CE,Combined TRACON& Tower with Radar,78,23,17,0,118,0,0,0,0,0,78,23,17,0,118,0,0,0,118
02/05/2022,BUF,NY,AEA,CE,Combined TRACON& Tower with Radar,96,29,19,0,144,0,5,10,0,15,96,34,29,0,159,0,0,0,159
02/06/2022,BUF,NY,AEA,CE,Combined TRACON& Tower with Radar,101,27,16,0,144,0,6,14,0,20,101,33,30,0,164,0,0,0,164
02/07/2022,BUF,NY,AEA,CE,Combined TRACON& Tower with Radar,107,25,18,0,150,0,6,14,2,22,107,31,32,2,172,0,0,0,172
02/08/2022,BUF,NY,AEA,CE,Combined TRACON& Tower with Radar,126,36,10,0,172,0,0,0,0,0,126,36,10,0,172,0,0,0,172
02/09/2022,BUF,NY,AEA,CE,Combined TRACON& Tower with Radar,119,29,18,1,167,0,3,4,0,7,119,32,22,1,174,0,0,0,174
02/10/2022,BUF,NY,AEA,CE,Combined TRACON& Tower with Radar,126,26,13,1,166,0,0,0,0,0,126,26,13,1,166,0,0,0,166
02/11/2022,BUF,NY,AEA,CE,Combined TRACON& Tower with Radar,122,15,8,6,151,0,2,0,0,2,122,17,8,6,153,0,0,0,153
02/12/2022,BUF,NY,AEA,CE,Combined TRACON& Tower with Radar,107,18,12,1,138,0,0,2,0,2,107,18,14,1,140,0,0,0,140
02/13/2022,BUF,NY,AEA,CE,Combined TRACON& Tower with Radar,96,14,11,0,121,0,2,6,0,8,96,16,17,0,129,0,0,0,129
02/14/2022,BUF,NY,AEA,CE,Combined TRACON& Tower with Radar,121,19,7,1,148,0,2,4,1,7,121,21,11,2,155,0,0,0,155
02/15/2022,BUF,NY,AEA,CE,Combined TRACON& Tower with Radar,127,29,17,14,187,0,3,16,0,19,127,32,33,14,206,0,0,0,206
02/16/2022,BUF,NY,AEA,CE,Combined TRACON& Tower with Radar,127,28,17,0,172,0,6,2,0,8,127,34,19,0,180,0,0,0,180
02/17/2022,BUF,NY,AEA,CE,Combined TRACON& Tower with Radar,115,17,15,0,147,0,0,0,0,0,115,17,15,0,147,0,0,0,147
02/18/2022,BUF,NY,AEA,CE,Combined TRACON& Tower with Radar,126,20,24,0,170,0,4,2,0,6,126,24,26,0,176,0,0,0,176
02/19/2022,BUF,NY,AEA,CE,Combined TRACON& Tower with Radar,113,25,8,0,146,0,1,0,0,1,113,26,8,0,147,0,0,0,147
02/20/2022,BUF,NY,AEA,CE,Combined TRACON& Tower with Radar,107,26,9,0,142,0,8,0,0,8,107,34,9,0,150,0,0,0,150
02/21/2022,BUF,NY,AEA,CE,Combined TRACON& Tower with Radar,119,20,23,0,162,0,10,18,0,28,119,30,41,0,190,0,0,0,190
02/22/2022,BUF,NY,AEA,CE,Combined TRACON& Tower with Radar,124,22,6,0,152,0,4,1,0,5,124,26,7,0,157,0,0,0,157
02/23/2022,BUF,NY,AEA,CE,Combined TRACON& Tower with Radar,125,19,20,0,164,0,1,0,0,1,125,20,20,0,165,0,0,0,165
02/24/2022,BUF,NY,AEA,CE,Combined TRACON& Tower with Radar,119,18,16,0,153,0,3,12,2,17,119,21,28,2,170,0,0,0,170
02/25/2022,BUF,NY,AEA,CE,Combined TRACON& Tower with Radar,113,25,11,0,149,0,0,0,0,0,113,25,11,0,149,0,0,0,149
02/26/2022,BUF,NY,AEA,CE,Combined TRACON& Tower with Radar,108,21,7,0,136,0,0,1,0,1,108,21,8,0,137,0,0,0,137
02/27/2022,BUF,NY,AEA,CE,Combined TRACON& Tower with Radar,112,20,13,0,145,0,0,2,0,2,112,20,15,0,147,0,0,0,147
02/28/2022,BUF,NY,AEA,CE,Combined TRACON& Tower with Radar,118,24,21,2,165,0,4,17,0,21,118,28,38,2,186,0,0,0,186
03/01/2022,BUF,NY,AEA,CE,Combined TRACON& Tower with Radar,129,22,10,0,161,0,3,4,0,7,129,25,14,0,168,0,0,0,168
03/02/2022,BUF,NY,AEA,CE,Combined TRACON& Tower with Radar,123,28,25,0,176,0,7,7,3,17,123,35,32,3,193,0,0,0,193
03/03/2022,BUF,NY,AEA,CE,Combined TRACON& Tower with Radar,123,31,24,2,180,0,6,13,1,20,123,37,37,3,200,0,0,0,200
03/04/2022,BUF,NY,AEA,CE,Combined TRACON& Tower with Radar,121,22,18,0,161,0,3,15,0,18,121,25,33,0,179,0,0,0,179
03/05/2022,BUF,NY,AEA,CE,Combined TRACON& Tower with Radar,99,24,17,0,140,0,3,19,0,22,99,27,36,0,162,0,0,0,162
03/06/2022,BUF,NY,AEA,CE,Combined TRACON& Tower with Radar,109,24,19,0,152,0,3,0,0,3,109,27,19,0,155,0,0,0,155
03/07/2022,BUF,NY,AEA,CE,Combined TRACON& Tower with Radar,122,11,11,2,146,0,0,0,0,0,122,11,11,2,146,0,0,0,146
03/08/2022,BUF,NY,AEA,CE,Combined TRACON& Tower with Radar,122,11,17,0,150,0,1,14,0,15,122,12,31,0,165,0,0,0,165
03/09/2022,BUF,NY,AEA,CE,Combined TRACON& Tower with Radar,114,19,16,0,149,0,2,13,0,15,114,21,29,0,164,0,0,0,164
03/10/2022,BUF,NY,AEA,CE,Combined TRACON& Tower with Radar,121,17,26,0,164,0,2,16,2,20,121,19,42,2,184,0,0,0,184
03/11/2022,BUF,NY,AEA,CE,Combined TRACON& Tower with Radar,125,15,11,0,151,0,0,4,0,4,125,15,15,0,155,0,0,0,155
03/12/2022,BUF,NY,AEA,CE,Combined TRACON& Tower with Radar,96,15,5,2,118,0,0,0,0,0,96,15,5,2,118,0,0,0,118
03/13/2022,BUF,NY,AEA,CE,Combined TRACON& Tower with Radar,103,14,17,0,134,0,2,0,0,2,103,16,17,0,136,0,0,0,136
03/14/2022,BUF,NY,AEA,CE,Combined TRACON& Tower with Radar,125,14,13,0,152,0,1,16,0,17,125,15,29,0,169,0,0,0,169
03/15/2022,BUF,NY,AEA,CE,Combined TRACON& Tower with Radar,147,22,13,1,183,0,4,2,1,7,147,26,15,2,190,0,0,0,190
03/16/2022,BUF,NY,AEA,CE,Combined TRACON& Tower with Radar,127,24,12,6,169,0,4,13,0,17,127,28,25,6,186,0,0,0,186
03/17/2022,BUF,NY,AEA,CE,Combined TRACON& Tower with Radar,127,25,39,2,193,0,10,16,0,26,127,35,55,2,219,0,0,0,219
03/18/2022,BUF,NY,AEA,CE,Combined TRACON& Tower with Radar,127,36,29,0,192,0,7,15,0,22,127,43,44,0,214,0,0,0,214
03/19/2022,BUF,NY,AEA,CE,Combined TRACON& Tower with Radar,100,20,13,0,133,0,0,0,0,0,100,20,13,0,133,0,0,0,133
03/20/2022,BUF,NY,AEA,CE,Combined TRACON& Tower with Radar,122,27,33,0,182,0,1,4,0,5,122,28,37,0,187,0,0,0,187
03/21/2022,BUF,NY,AEA,CE,Combined TRACON& Tower with Radar,121,21,14,0,156,0,2,12,0,14,121,23,26,0,170,0,0,0,170
03/22/2022,BUF,NY,AEA,CE,Combined TRACON& Tower with Radar,124,25,17,0,166,0,4,19,1,24,124,29,36,1,190,0,0,0,190
03/23/2022,BUF,NY,AEA,CE,Combined TRACON& Tower with Radar,123,13,22,1,159,0,2,0,1,3,123,15,22,2,162,0,0,0,162
03/24/2022,BUF,NY,AEA,CE,Combined TRACON& Tower with Radar,127,30,23,0,180,0,4,10,0,14,127,34,33,0,194,0,0,0,194
03/25/2022,BUF,NY,AEA,CE,Combined TRACON& Tower with Radar,132,26,27,0,185,0,4,1,0,5,132,30,28,0,190,0,0,0,190
03/26/2022,BUF,NY,AEA,CE,Combined TRACON& Tower with Radar,107,23,12,0,142,0,0,1,0,1,107,23,13,0,143,0,0,0,143
03/27/2022,BUF,NY,AEA,CE,Combined TRACON& Tower with Radar,111,23,18,0,152,0,0,0,0,0,111,23,18,0,152,0,0,0,152
03/28/2022,BUF,NY,AEA,CE,Combined TRACON& Tower with Radar,125,17,19,0,161,0,3,0,0,3,125,20,19,0,164,0,0,0,164
03/29/2022,BUF,NY,AEA,CE,Combined TRACON& Tower with Radar,129,25,26,0,180,0,6,12,4,22,129,31,38,4,202,0,0,0,202
03/30/2022,BUF,NY,AEA,CE,Combined TRACON& Tower with Radar,124,32,13,0,169,0,2,0,0,2,124,34,13,0,171,0,0,0,171
03/31/2022,BUF,NY,AEA,CE,Combined TRACON& Tower with Radar,119,18,15,0,152,0,4,0,0,4,119,22,15,0,156,0,0,0,156
04/01/2022,BUF,NY,AEA,CE,Combined TRACON& Tower with Radar,123,22,19,1,165,0,0,0,0,0,123,22,19,1,165,0,0,0,165
04/02/2022,BUF,NY,AEA,CE,Combined TRACON& Tower with Radar,83,23,35,1,142,0,0,35,0,35,83,23,70,1,177,0,0,0,177
04/03/2022,BUF,NY,AEA,CE,Combined TRACON& Tower with Radar,102,26,14,0,142,0,0,0,0,0,102,26,14,0,142,0,0,0,142
04/04/2022,BUF,NY,AEA,CE,Combined TRACON& Tower with Radar,126,22,33,0,181,0,10,15,0,25,126,32,48,0,206,0,0,0,206
04/05/2022,BUF,NY,AEA,CE,Combined TRACON& Tower with Radar,123,31,21,0,175,0,2,28,0,30,123,33,49,0,205,0,0,0,205
04/06/2022,BUF,NY,AEA,CE,Combined TRACON& Tower with Radar,135,30,16,0,181,0,0,19,2,21,135,30,35,2,202,0,0,0,202
04/07/2022,BUF,NY,AEA,CE,Combined TRACON& Tower with Radar,114,34,35,0,183,0,2,4,0,6,114,36,39,0,189,0,0,0,189
04/08/2022,BUF,NY,AEA,CE,Combined TRACON& Tower with Radar,122,40,31,6,199,0,4,13,2,19,122,44,44,8,218,0,0,0,218
04/09/2022,BUF,NY,AEA,CE,Combined TRACON& Tower with Radar,105,30,27,0,162,0,1,1,0,2,105,31,28,0,164,0,0,0,164
04/10/2022,BUF,NY,AEA,CE,Combined TRACON& Tower with Radar,106,26,11,0,143,0,3,0,0,3,106,29,11,0,146,0,0,0,146
04/11/2022,BUF,NY,AEA,CE,Combined TRACON& Tower with Radar,123,30,23,1,177,0,3,15,1,19,123,33,38,2,196,0,0,0,196
04/12/2022,BUF,NY,AEA,CE,Combined TRACON& Tower with Radar,128,33,19,0,180,0,4,26,0,30,128,37,45,0,210,0,0,0,210
04/13/2022,BUF,NY,AEA,CE,Combined TRACON& Tower with Radar,129,27,20,0,176,0,4,7,0,11,129,31,27,0,187,0,0,0,187
04/14/2022,BUF,NY,AEA,CE,Combined TRACON& Tower with Radar,129,34,13,2,178,0,2,2,0,4,129,36,15,2,182,0,0,0,182
04/15/2022,BUF,NY,AEA,CE,Combined TRACON& Tower with Radar,128,36,21,0,185,0,0,0,0,0,128,36,21,0,185,0,0,0,185
04/16/2022,BUF,NY,AEA,CE,Combined TRACON& Tower with Radar,109,42,15,0,166,0,0,2,0,2,109,42,17,0,168,0,0,0,168
04/17/2022,BUF,NY,AEA,CE,Combined TRACON& Tower with Radar,112,24,8,0,144,0,1,9,0,10,112,25,17,0,154,0,0,0,154
04/18/2022,BUF,NY,AEA,CE,Combined TRACON& Tower with Radar,126,37,34,0,197,0,0,11,0,11,126,37,45,0,208,0,0,0,208
04/19/2022,BUF,NY,AEA,CE,Combined TRACON& Tower with Radar,128,43,20,0,191,0,0,0,0,0,128,43,20,0,191,0,0,0,191
04/20/2022,BUF,NY,AEA,CE,Combined TRACON& Tower with Radar,130,38,15,0,183,0,6,31,0,37,130,44,46,0,220,0,0,0,220
04/21/2022,BUF,NY,AEA,CE,Combined TRACON& Tower with Radar,129,39,12,0,180,0,4,2,0,6,129,43,14,0,186,0,0,0,186
04/22/2022,BUF,NY,AEA,CE,Combined TRACON& Tower with Radar,133,34,27,0,194,0,3,39,0,42,133,37,66,0,236,0,0,0,236
04/23/2022,BUF,NY,AEA,CE,Combined TRACON& Tower with Radar,109,28,13,0,150,0,7,21,0,28,109,35,34,0,178,0,0,0,178
04/24/2022,BUF,NY,AEA,CE,Combined TRACON& Tower with Radar,111,22,19,0,152,0,6,27,0,33,111,28,46,0,185,0,0,0,185
04/25/2022,BUF,NY,AEA,CE,Combined TRACON& Tower with Radar,123,25,16,0,164,0,0,8,1,9,123,25,24,1,173,0,0,0,173
04/26/2022,BUF,NY,AEA,CE,Combined TRACON& Tower with Radar,132,27,26,0,185,0,1,17,3,21,132,28,43,3,206,0,0,0,206
04/27/2022,BUF,NY,AEA,CE,Combined TRACON& Tower with Radar,125,29,27,0,181,1,0,5,0,6,126,29,32,0,187,0,0,0,187
04/28/2022,BUF,NY,AEA,CE,Combined TRACON& Tower with Radar,128,34,31,9,202,0,2,19,1,22,128,36,50,10,224,0,0,0,224
04/29/2022,BUF,NY,AEA,CE,Combined TRACON& Tower with Radar,124,24,31,0,179,0,2,30,2,34,124,26,61,2,213,0,0,0,213
04/30/2022,BUF,NY,AEA,CE,Combined TRACON& Tower with Radar,109,25,18,0,152,0,5,33,0,38,109,30,51,0,190,0,0,0,190
05/01/2022,BUF,NY,AEA,CE,Combined TRACON& Tower with Radar,114,20,27,0,161,0,0,7,0,7,114,20,34,0,168,0,0,0,168
05/02/2022,BUF,NY,AEA,CE,Combined TRACON& Tower with Radar,122,27,16,8,173,0,1,6,0,7,122,28,22,8,180,0,0,0,180
05/03/2022,BUF,NY,AEA,CE,Combined TRACON& Tower with Radar,127,35,26,2,190,0,1,12,0,13,127,36,38,2,203,0,0,0,203
05/04/2022,BUF,NY,AEA,CE,Combined TRACON& Tower with Radar,125,27,28,10,190,0,0,5,0,5,125,27,33,10,195,0,0,0,195
05/05/2022,BUF,NY,AEA,CE,Combined TRACON& Tower with Radar,131,37,37,0,205,0,3,29,0,32,131,40,66,0,237,0,0,0,237
05/06/2022,BUF,NY,AEA,CE,Combined TRACON& Tower with Radar,127,26,30,0,183,0,4,14,0,18,127,30,44,0,201,0,0,0,201
05/07/2022,BUF,NY,AEA,CE,Combined TRACON& Tower with Radar,108,27,20,0,155,0,5,5,0,10,108,32,25,0,165,0,0,0,165
05/08/2022,BUF,NY,AEA,CE,Combined TRACON& Tower with Radar,111,20,27,0,158,0,6,15,0,21,111,26,42,0,179,0,0,0,179
05/09/2022,BUF,NY,AEA,CE,Combined TRACON& Tower with Radar,123,33,19,0,175,0,4,11,0,15,123,37,30,0,190,0,0,0,190
05/10/2022,BUF,NY,AEA,CE,Combined TRACON& Tower with Radar,121,25,26,8,180,0,8,12,0,20,121,33,38,8,200,0,0,0,200
05/11/2022,BUF,NY,AEA,CE,Combined TRACON& Tower with Radar,124,35,27,0,186,0,14,18,0,32,124,49,45,0,218,0,0,0,218
05/12/2022,BUF,NY,AEA,CE,Combined TRACON& Tower with Radar,124,41,30,0,195,0,6,12,2,20,124,47,42,2,215,0,0,0,215
05/13/2022,BUF,NY,AEA,CE,Combined TRACON& Tower with Radar,127,20,21,0,168,0,7,18,0,25,127,27,39,0,193,0,0,0,193
05/14/2022,BUF,NY,AEA,CE,Combined TRACON& Tower with Radar,108,34,20,0,162,0,6,14,0,20,108,40,34,0,182,0,0,0,182
05/15/2022,BUF,NY,AEA,CE,Combined TRACON& Tower with Radar,106,31,31,0,168,0,4,18,0,22,106,35,49,0,190,0,0,0,190
05/16/2022,BUF,NY,AEA,CE,Combined TRACON& Tower with Radar,104,34,22,9,169,0,7,1,0,8,104,41,23,9,177,0,0,0,177
05/17/2022,BUF,NY,AEA,CE,Combined TRACON& Tower with Radar,119,30,24,4,177,0,5,10,2,17,119,35,34,6,194,0,0,0,194
05/18/2022,BUF,NY,AEA,CE,Combined TRACON& Tower with Radar,122,41,35,2,200,0,4,22,2,28,122,45,57,4,228,0,0,0,228
05/19/2022,BUF,NY,AEA,CE,Combined TRACON& Tower with Radar,128,51,29,1,209,0,0,12,0,12,128,51,41,1,221,0,0,0,221
05/20/2022,BUF,NY,AEA,CE,Combined TRACON& Tower with Radar,120,37,9,1,167,0,4,7,0,11,120,41,16,1,178,0,0,0,178
05/21/2022,BUF,NY,AEA,CE,Combined TRACON& Tower with Radar,104,32,12,0,148,0,5,2,0,7,104,37,14,0,155,0,0,0,155
05/22/2022,BUF,NY,AEA,CE,Combined TRACON& Tower with Radar,93,17,23,0,133,0,0,6,0,6,93,17,29,0,139,0,0,0,139
05/23/2022,BUF,NY,AEA,CE,Combined TRACON& Tower with Radar,111,26,29,2,168,0,4,15,0,19,111,30,44,2,187,0,0,0,187
05/24/2022,BUF,NY,AEA,CE,Combined TRACON& Tower with Radar,118,36,21,0,175,0,4,28,0,32,118,40,49,0,207,0,0,0,207
05/25/2022,BUF,NY,AEA,CE,Combined TRACON& Tower with Radar,122,34,26,4,186,0,10,17,0,27,122,44,43,4,213,0,0,0,213
05/26/2022,BUF,NY,AEA,CE,Combined TRACON& Tower with Radar,119,41,32,4,196,0,12,20,0,32,119,53,52,4,228,0,0,0,228
05/27/2022,BUF,NY,AEA,CE,Combined TRACON& Tower with Radar,118,31,18,4,171,0,1,5,0,6,118,32,23,4,177,0,0,0,177
05/28/2022,BUF,NY,AEA,CE,Combined TRACON& Tower with Radar,101,25,11,4,141,0,2,10,0,12,101,27,21,4,153,0,0,0,153
05/29/2022,BUF,NY,AEA,CE,Combined TRACON& Tower with Radar,100,24,17,2,143,0,17,34,0,51,100,41,51,2,194,0,0,0,194
05/30/2022,BUF,NY,AEA,CE,Combined TRACON& Tower with Radar,115,22,25,1,163,0,9,18,2,29,115,31,43,3,192,0,0,0,192
05/31/2022,BUF,NY,AEA,CE,Combined TRACON& Tower with Radar,113,22,10,0,145,0,10,14,2,26,113,32,24,2,171,0,0,0,171
06/01/2022,BUF,NY,AEA,CE,Combined TRACON& Tower with Radar,116,35,17,4,172,0,4,4,0,8,116,39,21,4,180,0,0,0,180
06/02/2022,BUF,NY,AEA,CE,Combined TRACON& Tower with Radar,123,39,31,2,195,0,7,24,0,31,123,46,55,2,226,0,0,0,226
06/03/2022,BUF,NY,AEA,CE,Combined TRACON& Tower with Radar,135,30,18,0,183,0,8,25,2,35,135,38,43,2,218,0,0,0,218
06/04/2022,BUF,NY,AEA,CE,Combined TRACON& Tower with Radar,112,29,18,0,159,0,5,14,0,19,112,34,32,0,178,0,0,0,178
06/05/2022,BUF,NY,AEA,CE,Combined TRACON& Tower with Radar,121,34,20,0,175,0,4,17,0,21,121,38,37,0,196,0,0,0,196
06/06/2022,BUF,NY,AEA,CE,Combined TRACON& Tower with Radar,124,29,28,0,181,0,5,20,0,25,124,34,48,0,206,0,0,0,206
06/07/2022,BUF,NY,AEA,CE,Combined TRACON& Tower with Radar,129,32,24,0,185,0,4,0,0,4,129,36,24,0,189,0,0,0,189
06/08/2022,BUF,NY,AEA,CE,Combined TRACON& Tower with Radar,124,41,37,3,205,0,4,13,0,17,124,45,50,3,222,0,0,0,222
06/09/2022,BUF,NY,AEA,CE,Combined TRACON& Tower with Radar,124,24,23,2,173,0,1,0,0,1,124,25,23,2,174,0,0,0,174
06/10/2022,BUF,NY,AEA,CE,Combined TRACON& Tower with Radar,123,27,24,0,174,0,5,23,0,28,123,32,47,0,202,0,0,0,202
06/11/2022,BUF,NY,AEA,CE,Combined TRACON& Tower with Radar,111,21,15,0,147,0,4,24,0,28,111,25,39,0,175,0,0,0,175
06/12/2022,BUF,NY,AEA,CE,Combined TRACON& Tower with Radar,118,29,22,1,170,0,0,1,3,4,118,29,23,4,174,0,0,0,174
06/13/2022,BUF,NY,AEA,CE,Combined TRACON& Tower with Radar,127,27,25,2,181,0,3,15,1,19,127,30,40,3,200,0,0,0,200
06/14/2022,BUF,NY,AEA,CE,Combined TRACON& Tower with Radar,137,34,20,0,191,0,10,26,0,36,137,44,46,0,227,0,0,0,227
06/15/2022,BUF,NY,AEA,CE,Combined TRACON& Tower with Radar,124,33,25,3,185,0,7,25,5,37,124,40,50,8,222,0,0,0,222
06/16/2022,BUF,NY,AEA,CE,Combined TRACON& Tower with Radar,121,40,28,0,189,0,0,4,0,4,121,40,32,0,193,0,0,0,193
06/17/2022,BUF,NY,AEA,CE,Combined TRACON& Tower with Radar,123,32,40,4,199,0,4,4,0,8,123,36,44,4,207,0,0,0,207
06/18/2022,BUF,NY,AEA,CE,Combined TRACON& Tower with Radar,115,25,21,0,161,0,5,7,2,14,115,30,28,2,175,0,0,0,175
06/19/2022,BUF,NY,AEA,CE,Combined TRACON& Tower with Radar,120,30,17,1,168,0,6,24,0,30,120,36,41,1,198,0,0,0,198
06/20/2022,BUF,NY,AEA,CE,Combined TRACON& Tower with Radar,122,32,30,0,184,0,0,25,0,25,122,32,55,0,209,0,0,0,209
06/21/2022,BUF,NY,AEA,CE,Combined TRACON& Tower with Radar,130,32,23,16,201,0,6,19,0,25,130,38,42,16,226,0,0,0,226
06/22/2022,BUF,NY,AEA,CE,Combined TRACON& Tower with Radar,115,36,16,0,167,0,1,16,0,17,115,37,32,0,184,0,0,0,184
06/23/2022,BUF,NY,AEA,CE,Combined TRACON& Tower with Radar,130,30,30,0,190,0,13,21,0,34,130,43,51,0,224,0,0,0,224
06/24/2022,BUF,NY,AEA,CE,Combined TRACON& Tower with Radar,114,34,18,1,167,0,1,29,0,30,114,35,47,1,197,0,0,0,197
06/25/2022,BUF,NY,AEA,CE,Combined TRACON& Tower with Radar,113,20,21,0,154,0,1,34,1,36,113,21,55,1,190,0,0,0,190
06/26/2022,BUF,NY,AEA,CE,Combined TRACON& Tower with Radar,115,27,17,1,160,0,4,21,0,25,115,31,38,1,185,0,0,0,185
06/27/2022,BUF,NY,AEA,CE,Combined TRACON& Tower with Radar,116,30,42,0,188,0,3,14,0,17,116,33,56,0,205,0,0,0,205
06/28/2022,BUF,NY,AEA,CE,Combined TRACON& Tower with Radar,126,37,24,12,199,0,9,35,1,45,126,46,59,13,244,0,0,0,244
06/29/2022,BUF,NY,AEA,CE,Combined TRACON& Tower with Radar,122,23,25,0,170,0,8,22,0,30,122,31,47,0,200,0,0,0,200
06/30/2022,BUF,NY,AEA,CE,Combined TRACON& Tower with Radar,129,39,19,6,193,0,6,25,0,31,129,45,44,6,224,0,0,0,224
07/01/2022,BUF,NY,AEA,CE,Combined TRACON& Tower with Radar,112,37,19,0,168,0,4,23,0,27,112,41,42,0,195,0,0,0,195
07/02/2022,BUF,NY,AEA,CE,Combined TRACON& Tower with Radar,110,33,13,0,156,0,5,12,0,17,110,38,25,0,173,0,0,0,173
07/03/2022,BUF,NY,AEA,CE,Combined TRACON& Tower with Radar,111,22,16,0,149,0,10,16,0,26,111,32,32,0,175,0,0,0,175
07/04/2022,BUF,NY,AEA,CE,Combined TRACON& Tower with Radar,114,22,13,0,149,0,4,17,0,21,114,26,30,0,170,0,0,0,170
07/05/2022,BUF,NY,AEA,CE,Combined TRACON& Tower with Radar,117,24,22,2,165,0,0,4,0,4,117,24,26,2,169,0,0,0,169
07/06/2022,BUF,NY,AEA,CE,Combined TRACON& Tower with Radar,126,34,27,2,189,0,14,8,0,22,126,48,35,2,211,0,0,0,211
07/07/2022,BUF,NY,AEA,CE,Combined TRACON& Tower with Radar,128,33,32,0,193,0,13,20,0,33,128,46,52,0,226,0,0,0,226
07/08/2022,BUF,NY,AEA,CE,Combined TRACON& Tower with Radar,120,35,36,1,192,0,6,24,0,30,120,41,60,1,222,0,0,0,222
07/09/2022,BUF,NY,AEA,CE,Combined TRACON& Tower with Radar,114,23,21,0,158,0,6,21,0,27,114,29,42,0,185,0,0,0,185
07/10/2022,BUF,NY,AEA,CE,Combined TRACON& Tower with Radar,122,33,25,1,181,0,9,25,0,34,122,42,50,1,215,0,0,0,215
07/11/2022,BUF,NY,AEA,CE,Combined TRACON& Tower with Radar,117,23,26,2,168,0,7,20,0,27,117,30,46,2,195,0,0,0,195
07/12/2022,BUF,NY,AEA,CE,Combined TRACON& Tower with Radar,132,27,18,0,177,0,9,5,0,14,132,36,23,0,191,0,0,0,191
07/13/2022,BUF,NY,AEA,CE,Combined TRACON& Tower with Radar,129,36,32,2,199,0,5,13,0,18,129,41,45,2,217,0,0,0,217
07/14/2022,BUF,NY,AEA,CE,Combined TRACON& Tower with Radar,133,43,35,6,217,0,4,23,0,27,133,47,58,6,244,0,0,0,244
07/15/2022,BUF,NY,AEA,CE,Combined TRACON& Tower with Radar,122,31,23,0,176,0,7,21,0,28,122,38,44,0,204,0,0,0,204
07/16/2022,BUF,NY,AEA,CE,Combined TRACON& Tower with Radar,109,24,15,1,149,0,8,11,0,19,109,32,26,1,168,0,0,0,168
07/17/2022,BUF,NY,AEA,CE,Combined TRACON& Tower with Radar,116,38,19,1,174,0,7,14,1,22,116,45,33,2,196,0,0,0,196
07/18/2022,BUF,NY,AEA,CE,Combined TRACON& Tower with Radar,108,31,22,0,161,0,1,0,0,1,108,32,22,0,162,0,0,0,162
07/19/2022,BUF,NY,AEA,CE,Combined TRACON& Tower with Radar,128,38,33,10,209,0,10,16,0,26,128,48,49,10,235,0,0,0,235
07/20/2022,BUF,NY,AEA,CE,Combined TRACON& Tower with Radar,124,25,28,0,177,0,3,24,0,27,124,28,52,0,204,0,0,0,204
07/21/2022,BUF,NY,AEA,CE,Combined TRACON& Tower with Radar,129,31,34,12,206,0,5,3,0,8,129,36,37,12,214,0,0,0,214
07/22/2022,BUF,NY,AEA,CE,Combined TRACON& Tower with Radar,124,30,39,0,193,0,2,38,0,40,124,32,77,0,233,0,0,0,233
07/23/2022,BUF,NY,AEA,CE,Combined TRACON& Tower with Radar,115,26,21,0,162,0,4,15,0,19,115,30,36,0,181,0,0,0,181
07/24/2022,BUF,NY,AEA,CE,Combined TRACON& Tower with Radar,102,33,10,0,145,0,3,5,0,8,102,36,15,0,153,0,0,0,153
07/25/2022,BUF,NY,AEA,CE,Combined TRACON& Tower with Radar,117,37,27,3,184,0,2,18,1,21,117,39,45,4,205,0,0,0,205
07/26/2022,BUF,NY,AEA,CE,Combined TRACON& Tower with Radar,127,33,30,0,190,0,9,38,0,47,127,42,68,0,237,0,0,0,237
07/27/2022,BUF,NY,AEA,CE,Combined TRACON& Tower with Radar,128,32,34,4,198,0,9,31,0,40,128,41,65,4,238,0,0,0,238
07/28/2022,BUF,NY,AEA,CE,Combined TRACON& Tower with Radar,124,29,36,10,199,0,1,4,0,5,124,30,40,10,204,0,0,0,204
07/29/2022,BUF,NY,AEA,CE,Combined TRACON& Tower with Radar,119,33,43,0,195,0,8,35,2,45,119,41,78,2,240,0,0,0,240
07/30/2022,BUF,NY,AEA,CE,Combined TRACON& Tower with Radar,106,34,17,0,157,0,8,19,0,27,106,42,36,0,184,0,0,0,184
07/31/2022,BUF,NY,AEA,CE,Combined TRACON& Tower with Radar,126,34,28,1,189,0,12,22,0,34,126,46,50,1,223,0,0,0,223
08/01/2022,BUF,NY,AEA,CE,Combined TRACON& Tower with Radar,118,41,25,2,186,0,1,21,0,22,118,42,46,2,208,0,0,0,208
08/02/2022,BUF,NY,AEA,CE,Combined TRACON& Tower with Radar,139,25,30,0,194,0,3,28,0,31,139,28,58,0,225,0,0,0,225
08/03/2022,BUF,NY,AEA,CE,Combined TRACON& Tower with Radar,121,22,29,3,175,0,7,36,1,44,121,29,65,4,219,0,0,0,219
08/04/2022,BUF,NY,AEA,CE,Combined TRACON& Tower with Radar,118,34,26,4,182,0,5,29,0,34,118,39,55,4,216,0,0,0,216
08/05/2022,BUF,NY,AEA,CE,Combined TRACON& Tower with Radar,114,27,25,2,168,0,2,9,0,11,114,29,34,2,179,0,0,0,179
08/06/2022,BUF,NY,AEA,CE,Combined TRACON& Tower with Radar,107,32,24,0,163,0,2,35,0,37,107,34,59,0,200,0,0,0,200
08/07/2022,BUF,NY,AEA,CE,Combined TRACON& Tower with Radar,113,31,33,0,177,0,5,11,0,16,113,36,44,0,193,0,0,0,193
08/08/2022,BUF,NY,AEA,CE,Combined TRACON& Tower with Radar,119,29,30,2,180,0,0,2,1,3,119,29,32,3,183,0,0,0,183
08/09/2022,BUF,NY,AEA,CE,Combined TRACON& Tower with Radar,125,31,29,2,187,0,6,10,1,17,125,37,39,3,204,0,0,0,204
08/10/2022,BUF,NY,AEA,CE,Combined TRACON& Tower with Radar,136,30,32,0,198,0,6,20,3,29,136,36,52,3,227,0,0,0,227
08/11/2022,BUF,NY,AEA,CE,Combined TRACON& Tower with Radar,123,30,23,7,183,0,5,21,1,27,123,35,44,8,210,0,0,0,210
08/12/2022,BUF,NY,AEA,CE,Combined TRACON& Tower with Radar,138,32,24,5,199,0,4,32,3,39,138,36,56,8,238,0,0,0,238
08/13/2022,BUF,NY,AEA,CE,Combined TRACON& Tower with Radar,117,27,16,1,161,0,6,24,1,31,117,33,40,2,192,0,0,0,192
08/14/2022,BUF,NY,AEA,CE,Combined TRACON& Tower with Radar,120,34,27,2,183,0,0,26,0,26,120,34,53,2,209,0,0,0,209
08/15/2022,BUF,NY,AEA,CE,Combined TRACON& Tower with Radar,126,30,28,7,191,0,5,22,0,27,126,35,50,7,218,0,0,0,218
08/16/2022,BUF,NY,AEA,CE,Combined TRACON& Tower with Radar,129,35,26,0,190,0,3,3,0,6,129,38,29,0,196,0,0,0,196
08/17/2022,BUF,NY,AEA,CE,Combined TRACON& Tower with Radar,135,34,31,10,210,0,4,8,6,18,135,38,39,16,228,0,0,0,228
08/18/2022,BUF,NY,AEA,CE,Combined TRACON& Tower with Radar,130,34,25,0,189,0,5,17,0,22,130,39,42,0,211,0,0,0,211
08/19/2022,BUF,NY,AEA,CE,Combined TRACON& Tower with Radar,135,35,28,0,198,0,2,19,2,23,135,37,47,2,221,0,0,0,221
08/20/2022,BUF,NY,AEA,CE,Combined TRACON& Tower with Radar,104,34,14,0,152,0,3,19,0,22,104,37,33,0,174,0,0,0,174
08/21/2022,BUF,NY,AEA,CE,Combined TRACON& Tower with Radar,117,38,19,0,174,0,0,9,0,9,117,38,28,0,183,0,0,0,183
08/22/2022,BUF,NY,AEA,CE,Combined TRACON& Tower with Radar,113,28,24,0,165,0,4,2,0,6,113,32,26,0,171,0,0,0,171
08/23/2022,BUF,NY,AEA,CE,Combined TRACON& Tower with Radar,124,32,25,0,181,0,2,8,2,12,124,34,33,2,193,0,0,0,193
08/24/2022,BUF,NY,AEA,CE,Combined TRACON& Tower with Radar,130,28,22,4,184,0,2,16,0,18,130,30,38,4,202,0,0,0,202
08/25/2022,BUF,NY,AEA,CE,Combined TRACON& Tower with Radar,131,37,28,15,211,0,2,18,1,21,131,39,46,16,232,0,0,0,232
08/26/2022,BUF,NY,AEA,CE,Combined TRACON& Tower with Radar,125,37,32,2,196,0,6,8,2,16,125,43,40,4,212,0,0,0,212
08/27/2022,BUF,NY,AEA,CE,Combined TRACON& Tower with Radar,114,38,22,0,174,0,8,16,0,24,114,46,38,0,198,0,0,0,198
08/28/2022,BUF,NY,AEA,CE,Combined TRACON& Tower with Radar,114,40,15,0,169,0,10,29,0,39,114,50,44,0,208,0,0,0,208
08/29/2022,BUF,NY,AEA,CE,Combined TRACON& Tower with Radar,120,26,17,12,175,0,5,11,2,18,120,31,28,14,193,0,0,0,193
08/30/2022,BUF,NY,AEA,CE,Combined TRACON& Tower with Radar,122,29,16,2,169,0,2,0,0,2,122,31,16,2,171,0,0,0,171
08/31/2022,BUF,NY,AEA,CE,Combined TRACON& Tower with Radar,128,28,24,23,203,0,7,9,11,27,128,35,33,34,230,0,0,0,230
09/01/2022,BUF,NY,AEA,CE,Combined TRACON& Tower with Radar,133,33,30,4,200,0,7,29,0,36,133,40,59,4,236,0,0,0,236
09/02/2022,BUF,NY,AEA,CE,Combined TRACON& Tower with Radar,131,28,16,0,175,0,6,24,0,30,131,34,40,0,205,0,0,0,205
09/03/2022,BUF,NY,AEA,CE,Combined TRACON& Tower with Radar,100,26,16,2,144,0,7,10,1,18,100,33,26,3,162,0,0,0,162
09/04/2022,BUF,NY,AEA,CE,Combined TRACON& Tower with Radar,101,34,10,4,149,0,0,0,2,2,101,34,10,6,151,0,0,0,151
09/05/2022,BUF,NY,AEA,CE,Combined TRACON& Tower with Radar,128,35,19,0,182,0,0,0,0,0,128,35,19,0,182,0,0,0,182
09/06/2022,BUF,NY,AEA,CE,Combined TRACON& Tower with Radar,117,41,35,1,194,0,0,1,0,1,117,41,36,1,195,0,0,0,195
09/07/2022,BUF,NY,AEA,CE,Combined TRACON& Tower with Radar,125,26,34,0,185,0,1,3,1,5,125,27,37,1,190,0,0,0,190
09/08/2022,BUF,NY,AEA,CE,Combined TRACON& Tower with Radar,130,43,26,1,200,0,1,33,0,34,130,44,59,1,234,0,0,0,234
09/09/2022,BUF,NY,AEA,CE,Combined TRACON& Tower with Radar,136,40,27,2,205,0,4,25,0,29,136,44,52,2,234,0,0,0,234
09/10/2022,BUF,NY,AEA,CE,Combined TRACON& Tower with Radar,114,27,21,0,162,0,7,31,0,38,114,34,52,0,200,0,0,0,200
09/11/2022,BUF,NY,AEA,CE,Combined TRACON& Tower with Radar,115,27,27,0,169,0,2,0,1,3,115,29,27,1,172,0,0,0,172
09/12/2022,BUF,NY,AEA,CE,Combined TRACON& Tower with Radar,126,29,23,0,178,0,0,1,2,3,126,29,24,2,181,0,0,0,181
09/13/2022,BUF,NY,AEA,CE,Combined TRACON& Tower with Radar,126,30,26,2,184,0,1,2,0,3,126,31,28,2,187,0,0,0,187
09/14/2022,BUF,NY,AEA,CE,Combined TRACON& Tower with Radar,126,27,38,4,195,0,5,17,0,22,126,32,55,4,217,0,0,0,217
09/15/2022,BUF,NY,AEA,CE,Combined TRACON& Tower with Radar,131,23,22,0,176,0,4,18,2,24,131,27,40,2,200,0,0,0,200
09/16/2022,BUF,NY,AEA,CE,Combined TRACON& Tower with Radar,130,33,25,1,189,0,7,23,0,30,130,40,48,1,219,0,0,0,219
09/17/2022,BUF,NY,AEA,CE,Combined TRACON& Tower with Radar,113,21,23,0,157,0,8,25,0,33,113,29,48,0,190,0,0,0,190
09/18/2022,BUF,NY,AEA,CE,Combined TRACON& Tower with Radar,111,29,17,2,159,0,1,16,1,18,111,30,33,3,177,0,0,0,177
09/19/2022,BUF,NY,AEA,CE,Combined TRACON& Tower with Radar,119,44,33,0,196,0,1,1,0,2,119,45,34,0,198,0,0,0,198
09/20/2022,BUF,NY,AEA,CE,Combined TRACON& Tower with Radar,123,49,58,2,232,0,3,12,0,15,123,52,70,2,247,0,0,0,247
09/21/2022,BUF,NY,AEA,CE,Combined TRACON& Tower with Radar,119,36,29,0,184,0,4,10,0,14,119,40,39,0,198,0,0,0,198
09/22/2022,BUF,NY,AEA,CE,Combined TRACON& Tower with Radar,123,34,35,0,192,0,2,2,0,4,123,36,37,0,196,0,0,0,196
09/23/2022,BUF,NY,AEA,CE,Combined TRACON& Tower with Radar,128,28,30,1,187,0,6,25,0,31,128,34,55,1,218,0,0,0,218
09/24/2022,BUF,NY,AEA,CE,Combined TRACON& Tower with Radar,113,27,17,1,158,0,3,30,0,33,113,30,47,1,191,0,0,0,191
09/25/2022,BUF,NY,AEA,CE,Combined TRACON& Tower with Radar,102,34,25,0,161,0,2,1,0,3,102,36,26,0,164,0,0,0,164
09/26/2022,BUF,NY,AEA,CE,Combined TRACON& Tower with Radar,137,35,18,0,190,0,0,0,0,0,137,35,18,0,190,0,0,0,190
09/27/2022,BUF,NY,AEA,CE,Combined TRACON& Tower with Radar,129,34,22,0,185,0,2,2,0,4,129,36,24,0,189,0,0,0,189
09/28/2022,BUF,NY,AEA,CE,Combined TRACON& Tower with Radar,116,31,16,3,166,0,0,0,1,1,116,31,16,4,167,0,0,0,167
09/29/2022,BUF,NY,AEA,CE,Combined TRACON& Tower with Radar,121,43,22,1,187,0,3,17,1,21,121,46,39,2,208,0,0,0,208
09/30/2022,BUF,NY,AEA,CE,Combined TRACON& Tower with Radar,124,22,18,2,166,0,7,22,0,29,124,29,40,2,195,0,0,0,195
10/01/2022,BUF,NY,AEA,CE,Combined TRACON& Tower with Radar,117,22,11,0,150,0,3,12,0,15,117,25,23,0,165,0,0,0,165
10/02/2022,BUF,NY,AEA,CE,Combined TRACON& Tower with Radar,112,20,16,0,148,0,2,2,0,4,112,22,18,0,152,0,0,0,152
10/03/2022,BUF,NY,AEA,CE,Combined TRACON& Tower with Radar,127,17,22,16,182,0,1,13,10,24,127,18,35,26,206,0,0,0,206
10/04/2022,BUF,NY,AEA,CE,Combined TRACON& Tower with Radar,121,33,22,3,179,0,5,17,0,22,121,38,39,3,201,0,0,0,201
10/05/2022,BUF,NY,AEA,CE,Combined TRACON& Tower with Radar,123,22,18,3,166,0,4,15,0,19,123,26,33,3,185,0,0,0,185
10/06/2022,BUF,NY,AEA,CE,Combined TRACON& Tower with Radar,125,26,27,2,180,0,8,28,2,38,125,34,55,4,218,0,0,0,218
10/07/2022,BUF,NY,AEA,CE,Combined TRACON& Tower with Radar,127,34,23,0,184,0,0,7,0,7,127,34,30,0,191,0,0,0,191
10/08/2022,BUF,NY,AEA,CE,Combined TRACON& Tower with Radar,115,20,16,2,153,0,7,11,0,18,115,27,27,2,171,0,0,0,171
10/09/2022,BUF,NY,AEA,CE,Combined TRACON& Tower with Radar,113,41,28,2,184,0,3,4,2,9,113,44,32,4,193,0,0,0,193
10/10/2022,BUF,NY,AEA,CE,Combined TRACON& Tower with Radar,124,36,28,3,191,0,2,10,0,12,124,38,38,3,203,0,0,0,203
10/11/2022,BUF,NY,AEA,CE,Combined TRACON& Tower with Radar,126,33,34,1,194,0,4,12,1,17,126,37,46,2,211,0,0,0,211
10/12/2022,BUF,NY,AEA,CE,Combined TRACON& Tower with Radar,125,27,29,0,181,0,6,11,0,17,125,33,40,0,198,0,0,0,198
10/13/2022,BUF,NY,AEA,CE,Combined TRACON& Tower with Radar,125,30,15,0,170,0,0,0,0,0,125,30,15,0,170,0,0,0,170
10/14/2022,BUF,NY,AEA,CE,Combined TRACON& Tower with Radar,135,20,28,3,186,0,3,19,0,22,135,23,47,3,208,0,0,0,208
10/15/2022,BUF,NY,AEA,CE,Combined TRACON& Tower with Radar,121,22,14,0,157,0,0,0,0,0,121,22,14,0,157,0,0,0,157
10/16/2022,BUF,NY,AEA,CE,Combined TRACON& Tower with Radar,118,32,17,0,167,0,4,16,0,20,118,36,33,0,187,0,0,0,187
10/17/2022,BUF,NY,AEA,CE,Combined TRACON& Tower with Radar,128,25,21,1,175,0,0,0,1,1,128,25,21,2,176,0,0,0,176
10/18/2022,BUF,NY,AEA,CE,Combined TRACON& Tower with Radar,131,39,22,0,192,0,0,1,0,1,131,39,23,0,193,0,0,0,193
10/19/2022,BUF,NY,AEA,CE,Combined TRACON& Tower with Radar,125,24,18,0,167,0,0,1,0,1,125,24,19,0,168,0,0,0,168
10/20/2022,BUF,NY,AEA,CE,Combined TRACON& Tower with Radar,125,27,21,2,175,0,0,5,0,5,125,27,26,2,180,0,0,0,180
10/21/2022,BUF,NY,AEA,CE,Combined TRACON& Tower with Radar,128,27,12,0,167,0,2,32,0,34,128,29,44,0,201,0,0,0,201
10/22/2022,BUF,NY,AEA,CE,Combined TRACON& Tower with Radar,115,23,16,0,154,0,2,17,0,19,115,25,33,0,173,0,0,0,173
10/23/2022,BUF,NY,AEA,CE,Combined TRACON& Tower with Radar,123,27,17,0,167,0,5,39,0,44,123,32,56,0,211,0,0,0,211
10/24/2022,BUF,NY,AEA,CE,Combined TRACON& Tower with Radar,121,22,18,0,161,0,7,15,2,24,121,29,33,2,185,0,0,0,185
10/25/2022,BUF,NY,AEA,CE,Combined TRACON& Tower with Radar,120,34,31,2,187,0,1,26,2,29,120,35,57,4,216,0,0,0,216
10/26/2022,BUF,NY,AEA,CE,Combined TRACON& Tower with Radar,129,34,25,0,188,0,2,6,0,8,129,36,31,0,196,0,0,0,196
10/27/2022,BUF,NY,AEA,CE,Combined TRACON& Tower with Radar,131,24,22,2,179,0,7,16,0,23,131,31,38,2,202,0,0,0,202
10/28/2022,BUF,NY,AEA,CE,Combined TRACON& Tower with Radar,126,28,19,0,173,0,9,16,0,25,126,37,35,0,198,0,0,0,198
10/29/2022,BUF,NY,AEA,CE,Combined TRACON& Tower with Radar,119,23,20,0,162,0,9,27,0,36,119,32,47,0,198,0,0,0,198
10/30/2022,BUF,NY,AEA,CE,Combined TRACON& Tower with Radar,127,29,37,0,193,0,5,37,1,43,127,34,74,1,236,0,0,0,236
10/31/2022,BUF,NY,AEA,CE,Combined TRACON& Tower with Radar,127,33,29,0,189,0,6,8,0,14,127,39,37,0,203,0,0,0,203
11/01/2022,BUF,NY,AEA,CE,Combined TRACON& Tower with Radar,126,37,35,0,198,0,4,0,0,4,126,41,35,0,202,0,0,0,202
11/02/2022,BUF,NY,AEA,CE,Combined TRACON& Tower with Radar,143,41,24,4,212,0,6,17,0,23,143,47,41,4,235,0,0,0,235
11/03/2022,BUF,NY,AEA,CE,Combined TRACON& Tower with Radar,128,54,26,1,209,0,4,27,1,32,128,58,53,2,241,0,0,0,241
11/04/2022,BUF,NY,AEA,CE,Combined TRACON& Tower with Radar,125,36,19,0,180,0,6,21,0,27,125,42,40,0,207,0,0,0,207
11/05/2022,BUF,NY,AEA,CE,Combined TRACON& Tower with Radar,99,20,12,0,131,0,2,10,0,12,99,22,22,0,143,0,0,0,143
11/06/2022,BUF,NY,AEA,CE,Combined TRACON& Tower with Radar,116,22,10,0,148,0,4,8,0,12,116,26,18,0,160,0,0,0,160
11/07/2022,BUF,NY,AEA,CE,Combined TRACON& Tower with Radar,127,40,18,0,185,0,7,18,0,25,127,47,36,0,210,0,0,0,210
11/08/2022,BUF,NY,AEA,CE,Combined TRACON& Tower with Radar,123,49,17,1,190,0,6,24,0,30,123,55,41,1,220,0,0,0,220
11/09/2022,BUF,NY,AEA,CE,Combined TRACON& Tower with Radar,120,37,23,0,180,0,17,24,0,41,120,54,47,0,221,0,0,0,221
11/10/2022,BUF,NY,AEA,CE,Combined TRACON& Tower with Radar,130,27,36,0,193,0,8,19,0,27,130,35,55,0,220,0,0,0,220
11/11/2022,BUF,NY,AEA,CE,Combined TRACON& Tower with Radar,128,44,27,0,199,0,3,5,0,8,128,47,32,0,207,0,0,0,207
11/12/2022,BUF,NY,AEA,CE,Combined TRACON& Tower with Radar,117,30,14,2,163,0,0,9,0,9,117,30,23,2,172,0,0,0,172
11/13/2022,BUF,NY,AEA,CE,Combined TRACON& Tower with Radar,125,53,30,2,210,0,0,0,1,1,125,53,30,3,211,0,0,0,211
11/14/2022,BUF,NY,AEA,CE,Combined TRACON& Tower with Radar,124,36,9,3,172,0,3,20,0,23,124,39,29,3,195,0,0,0,195
11/15/2022,BUF,NY,AEA,CE,Combined TRACON& Tower with Radar,124,32,18,0,174,0,0,14,0,14,124,32,32,0,188,0,0,0,188
11/16/2022,BUF,NY,AEA,CE,Combined TRACON& Tower with Radar,127,31,16,0,174,0,0,0,0,0,127,31,16,0,174,0,0,0,174
11/17/2022,BUF,NY,AEA,CE,Combined TRACON& Tower with Radar,104,32,11,0,147,0,2,2,0,4,104,34,13,0,151,0,0,0,151
11/18/2022,BUF,NY,AEA,CE,Combined TRACON& Tower with Radar,21,6,2,0,29,0,0,0,0,0,21,6,2,0,29,0,0,0,29
11/19/2022,BUF,NY,AEA,CE,Combined TRACON& Tower with Radar,25,8,4,0,37,0,0,0,0,0,25,8,4,0,37,0,0,0,37
11/20/2022,BUF,NY,AEA,CE,Combined TRACON& Tower with Radar,108,30,8,0,146,0,0,1,0,1,108,30,9,0,147,0,0,0,147
11/21/2022,BUF,NY,AEA,CE,Combined TRACON& Tower with Radar,134,22,6,0,162,0,2,6,0,8,134,24,12,0,170,0,0,0,170
11/22/2022,BUF,NY,AEA,CE,Combined TRACON& Tower with Radar,148,38,22,1,209,0,4,29,0,33,148,42,51,1,242,0,0,0,242
11/23/2022,BUF,NY,AEA,CE,Combined TRACON& Tower with Radar,148,34,17,0,199,0,2,14,0,16,148,36,31,0,215,0,0,0,215
11/24/2022,BUF,NY,AEA,CE,Combined TRACON& Tower with Radar,72,19,10,0,101,0,6,9,0,15,72,25,19,0,116,0,0,0,116
11/25/2022,BUF,NY,AEA,CE,Combined TRACON& Tower with Radar,99,30,11,0,140,0,4,0,0,4,99,34,11,0,144,0,0,0,144
11/26/2022,BUF,NY,AEA,CE,Combined TRACON& Tower with Radar,120,30,11,0,161,0,3,8,0,11,120,33,19,0,172,0,0,0,172
11/27/2022,BUF,NY,AEA,CE,Combined TRACON& Tower with Radar,127,52,31,0,210,0,1,4,0,5,127,53,35,0,215,0,0,0,215
11/28/2022,BUF,NY,AEA,CE,Combined TRACON& Tower with Radar,139,27,18,2,186,0,2,2,0,4,139,29,20,2,190,0,0,0,190
11/29/2022,BUF,NY,AEA,CE,Combined TRACON& Tower with Radar,133,35,27,0,195,0,3,30,0,33,133,38,57,0,228,0,0,0,228
11/30/2022,BUF,NY,AEA,CE,Combined TRACON& Tower with Radar,117,33,14,0,164,0,0,0,0,0,117,33,14,0,164,0,0,0,164
12/01/2022,BUF,NY,AEA,CE,Combined TRACON& Tower with Radar,142,26,23,0,191,0,1,4,0,5,142,27,27,0,196,0,0,0,196
12/02/2022,BUF,NY,AEA,CE,Combined TRACON& Tower with Radar,129,37,31,0,197,0,4,25,0,29,129,41,56,0,226,0,0,0,226
12/03/2022,BUF,NY,AEA,CE,Combined TRACON& Tower with Radar,108,27,7,0,142,0,1,0,0,1,108,28,7,0,143,0,0,0,143
12/04/2022,BUF,NY,AEA,CE,Combined TRACON& Tower with Radar,121,29,9,0,159,0,3,6,0,9,121,32,15,0,168,0,0,0,168
12/05/2022,BUF,NY,AEA,CE,Combined TRACON& Tower with Radar,127,32,14,2,175,0,7,23,0,30,127,39,37,2,205,0,0,0,205
12/06/2022,BUF,NY,AEA,CE,Combined TRACON& Tower with Radar,133,38,18,0,189,0,0,1,0,1,133,38,19,0,190,0,0,0,190
12/07/2022,BUF,NY,AEA,CE,Combined TRACON& Tower with Radar,126,36,18,0,180,0,0,0,0,0,126,36,18,0,180,0,0,0,180
12/08/2022,BUF,NY,AEA,CE,Combined TRACON& Tower with Radar,137,33,27,0,197,0,3,11,1,15,137,36,38,1,212,0,0,0,212
12/09/2022,BUF,NY,AEA,CE,Combined TRACON& Tower with Radar,138,36,12,0,186,0,4,2,4,10,138,40,14,4,196,0,0,0,196
12/10/2022,BUF,NY,AEA,CE,Combined TRACON& Tower with Radar,111,33,16,0,160,0,5,29,0,34,111,38,45,0,194,0,0,0,194
12/11/2022,BUF,NY,AEA,CE,Combined TRACON& Tower with Radar,121,50,11,2,184,0,0,0,0,0,121,50,11,2,184,0,0,0,184
12/12/2022,BUF,NY,AEA,CE,Combined TRACON& Tower with Radar,133,37,25,0,195,0,0,0,1,1,133,37,25,1,196,0,0,0,196
12/13/2022,BUF,NY,AEA,CE,Combined TRACON& Tower with Radar,133,32,23,2,190,0,6,35,2,43,133,38,58,4,233,0,0,0,233
12/14/2022,BUF,NY,AEA,CE,Combined TRACON& Tower with Radar,128,33,26,13,200,0,5,22,1,28,128,38,48,14,228,0,0,0,228
12/15/2022,BUF,NY,AEA,CE,Combined TRACON& Tower with Radar,131,32,9,0,172,0,0,0,0,0,131,32,9,0,172,0,0,0,172
12/16/2022,BUF,NY,AEA,CE,Combined TRACON& Tower with Radar,133,23,18,0,174,0,0,5,0,5,133,23,23,0,179,0,0,0,179
12/17/2022,BUF,NY,AEA,CE,Combined TRACON& Tower with Radar,111,16,7,0,134,0,0,0,0,0,111,16,7,0,134,0,0,0,134
12/18/2022,BUF,NY,AEA,CE,Combined TRACON& Tower with Radar,119,25,22,0,166,0,2,2,0,4,119,27,24,0,170,0,0,0,170
12/19/2022,BUF,NY,AEA,CE,Combined TRACON& Tower with Radar,118,29,20,0,167,0,0,3,0,3,118,29,23,0,170,0,0,0,170
12/20/2022,BUF,NY,AEA,CE,Combined TRACON& Tower with Radar,119,25,14,0,158,0,3,8,0,11,119,28,22,0,169,0,0,0,169
12/21/2022,BUF,NY,AEA,CE,Combined TRACON& Tower with Radar,133,26,28,0,187,0,3,31,2,36,133,29,59,2,223,0,0,0,223
12/22/2022,BUF,NY,AEA,CE,Combined TRACON& Tower with Radar,121,38,38,0,197,0,4,8,0,12,121,42,46,0,209,0,0,0,209
12/23/2022,BUF,NY,AEA,CE,Combined TRACON& Tower with Radar,28,3,2,0,33,0,0,0,0,0,28,3,2,0,33,0,0,0,33
12/24/2022,BUF,NY,AEA,CE,Combined TRACON& Tower with Radar,0,0,0,0,0,0,0,0,0,0,0,0,0,0,0,0,0,0,0
12/25/2022,BUF,NY,AEA,CE,Combined TRACON& Tower with Radar,0,0,0,0,0,0,0,0,0,0,0,0,0,0,0,0,0,0,0
12/26/2022,BUF,NY,AEA,CE,Combined TRACON& Tower with Radar,0,0,0,0,0,0,0,0,0,0,0,0,0,0,0,0,0,0,0
12/27/2022,BUF,NY,AEA,CE,Combined TRACON& Tower with Radar,0,0,0,0,0,0,0,1,0,1,0,0,1,0,1,0,0,0,1
12/28/2022,BUF,NY,AEA,CE,Combined TRACON& Tower with Radar,26,32,17,0,75,0,5,8,0,13,26,37,25,0,88,0,0,0,88
12/29/2022,BUF,NY,AEA,CE,Combined TRACON& Tower with Radar,75,42,23,0,140,0,2,10,0,12,75,44,33,0,152,0,0,0,152
12/30/2022,BUF,NY,AEA,CE,Combined TRACON& Tower with Radar,107,28,11,0,146,0,4,17,0,21,107,32,28,0,167,0,0,0,167
12/31/2022,BUF,NY,AEA,CE,Combined TRACON& Tower with Radar,95,16,4,0,115,0,0,0,0,0,95,16,4,0,115,0,0,0,115
01/01/2023,BUF,NY,AEA,CE,Combined TRACON& Tower with Radar,86,24,7,0,117,0,0,0,0,0,86,24,7,0,117,0,0,0,117
01/02/2023,BUF,NY,AEA,CE,Combined TRACON& Tower with Radar,97,23,21,0,141,0,0,0,0,0,97,23,21,0,141,0,0,0,141
01/03/2023,BUF,NY,AEA,CE,Combined TRACON& Tower with Radar,103,35,9,0,147,0,0,0,0,0,103,35,9,0,147,0,0,0,147
01/04/2023,BUF,NY,AEA,CE,Combined TRACON& Tower with Radar,112,34,10,0,156,0,0,1,0,1,112,34,11,0,157,0,0,0,157
01/05/2023,BUF,NY,AEA,CE,Combined TRACON& Tower with Radar,96,25,12,2,135,0,10,16,1,27,96,35,28,3,162,0,0,0,162
01/06/2023,BUF,NY,AEA,CE,Combined TRACON& Tower with Radar,98,29,10,0,137,0,2,2,0,4,98,31,12,0,141,0,0,0,141
01/07/2023,BUF,NY,AEA,CE,Combined TRACON& Tower with Radar,100,31,13,0,144,0,0,2,0,2,100,31,15,0,146,0,0,0,146
01/08/2023,BUF,NY,AEA,CE,Combined TRACON& Tower with Radar,104,46,20,0,170,0,2,18,0,20,104,48,38,0,190,0,0,0,190
01/09/2023,BUF,NY,AEA,CE,Combined TRACON& Tower with Radar,116,28,27,0,171,0,0,8,0,8,116,28,35,0,179,0,0,0,179
01/10/2023,BUF,NY,AEA,CE,Combined TRACON& Tower with Radar,120,33,10,2,165,0,1,2,0,3,120,34,12,2,168,0,0,0,168
01/11/2023,BUF,NY,AEA,CE,Combined TRACON& Tower with Radar,110,29,15,2,156,0,2,12,0,14,110,31,27,2,170,0,0,0,170
01/12/2023,BUF,NY,AEA,CE,Combined TRACON& Tower with Radar,118,39,22,0,179,0,0,2,0,2,118,39,24,0,181,0,0,0,181
01/13/2023,BUF,NY,AEA,CE,Combined TRACON& Tower with Radar,125,36,14,2,177,0,0,0,0,0,125,36,14,2,177,0,0,0,177
01/14/2023,BUF,NY,AEA,CE,Combined TRACON& Tower with Radar,106,27,19,0,152,0,2,3,0,5,106,29,22,0,157,0,0,0,157
01/15/2023,BUF,NY,AEA,CE,Combined TRACON& Tower with Radar,112,42,24,0,178,0,0,17,0,17,112,42,41,0,195,0,0,0,195
01/16/2023,BUF,NY,AEA,CE,Combined TRACON& Tower with Radar,109,29,18,0,156,0,4,43,0,47,109,33,61,0,203,0,0,0,203
01/17/2023,BUF,NY,AEA,CE,Combined TRACON& Tower with Radar,117,41,13,0,171,0,4,0,0,4,117,45,13,0,175,0,0,0,175
01/18/2023,BUF,NY,AEA,CE,Combined TRACON& Tower with Radar,116,35,17,0,168,0,0,2,0,2,116,35,19,0,170,0,0,0,170
01/19/2023,BUF,NY,AEA,CE,Combined TRACON& Tower with Radar,117,32,22,0,171,0,0,0,0,0,117,32,22,0,171,0,0,0,171
01/20/2023,BUF,NY,AEA,CE,Combined TRACON& Tower with Radar,120,24,8,0,152,0,0,0,0,0,120,24,8,0,152,0,0,0,152
01/21/2023,BUF,NY,AEA,CE,Combined TRACON& Tower with Radar,113,29,15,0,157,0,1,7,0,8,113,30,22,0,165,0,0,0,165
01/22/2023,BUF,NY,AEA,CE,Combined TRACON& Tower with Radar,110,77,30,0,217,0,1,8,0,9,110,78,38,0,226,0,0,0,226
01/23/2023,BUF,NY,AEA,CE,Combined TRACON& Tower with Radar,113,32,26,0,171,0,0,4,0,4,113,32,30,0,175,0,0,0,175
01/24/2023,BUF,NY,AEA,CE,Combined TRACON& Tower with Radar,115,29,15,0,159,0,2,8,2,12,115,31,23,2,171,0,0,0,171
01/25/2023,BUF,NY,AEA,CE,Combined TRACON& Tower with Radar,106,29,8,0,143,0,2,0,0,2,106,31,8,0,145,0,0,0,145
01/26/2023,BUF,NY,AEA,CE,Combined TRACON& Tower with Radar,127,34,14,0,175,0,0,2,0,2,127,34,16,0,177,0,0,0,177
01/27/2023,BUF,NY,AEA,CE,Combined TRACON& Tower with Radar,115,32,12,0,159,0,2,0,0,2,115,34,12,0,161,0,0,0,161
01/28/2023,BUF,NY,AEA,CE,Combined TRACON& Tower with Radar,108,24,5,0,137,0,2,2,0,4,108,26,7,0,141,0,0,0,141
01/29/2023,BUF,NY,AEA,CE,Combined TRACON& Tower with Radar,107,20,7,0,134,0,0,0,0,0,107,20,7,0,134,0,0,0,134
01/30/2023,BUF,NY,AEA,CE,Combined TRACON& Tower with Radar,112,22,10,0,144,0,4,2,1,7,112,26,12,1,151,0,0,0,151
01/31/2023,BUF,NY,AEA,CE,Combined TRACON& Tower with Radar,113,22,20,0,155,0,14,17,0,31,113,36,37,0,186,0,0,0,186
02/01/2023,BUF,NY,AEA,CE,Combined TRACON& Tower with Radar,112,23,23,0,158,0,4,19,0,23,112,27,42,0,181,0,0,0,181
02/02/2023,BUF,NY,AEA,CE,Combined TRACON& Tower with Radar,113,30,14,0,157,0,13,4,2,19,113,43,18,2,176,0,0,0,176
02/03/2023,BUF,NY,AEA,CE,Combined TRACON& Tower with Radar,113,38,17,0,168,0,6,1,0,7,113,44,18,0,175,0,0,0,175
02/04/2023,BUF,NY,AEA,CE,Combined TRACON& Tower with Radar,106,27,4,0,137,0,5,11,0,16,106,32,15,0,153,0,0,0,153
02/05/2023,BUF,NY,AEA,CE,Combined TRACON& Tower with Radar,108,18,16,0,142,0,2,3,0,5,108,20,19,0,147,0,0,0,147
02/06/2023,BUF,NY,AEA,CE,Combined TRACON& Tower with Radar,110,19,20,0,149,0,5,9,0,14,110,24,29,0,163,0,0,0,163
02/07/2023,BUF,NY,AEA,CE,Combined TRACON& Tower with Radar,113,30,10,0,153,0,4,3,0,7,113,34,13,0,160,0,0,0,160
02/08/2023,BUF,NY,AEA,CE,Combined TRACON& Tower with Radar,111,40,18,0,169,0,6,21,0,27,111,46,39,0,196,0,0,0,196
02/09/2023,BUF,NY,AEA,CE,Combined TRACON& Tower with Radar,116,36,13,0,165,0,1,0,0,1,116,37,13,0,166,0,0,0,166
02/10/2023,BUF,NY,AEA,CE,Combined TRACON& Tower with Radar,124,30,5,0,159,0,0,1,0,1,124,30,6,0,160,0,0,0,160
02/11/2023,BUF,NY,AEA,CE,Combined TRACON& Tower with Radar,116,25,6,0,147,0,4,11,0,15,116,29,17,0,162,0,0,0,162
02/12/2023,BUF,NY,AEA,CE,Combined TRACON& Tower with Radar,108,31,15,0,154,0,4,11,0,15,108,35,26,0,169,0,0,0,169
02/13/2023,BUF,NY,AEA,CE,Combined TRACON& Tower with Radar,116,37,25,0,178,0,7,2,0,9,116,44,27,0,187,0,0,0,187
02/14/2023,BUF,NY,AEA,CE,Combined TRACON& Tower with Radar,115,34,25,0,174,0,4,22,0,26,115,38,47,0,200,0,0,0,200
02/15/2023,BUF,NY,AEA,CE,Combined TRACON& Tower with Radar,114,33,18,0,165,0,2,1,0,3,114,35,19,0,168,0,0,0,168
02/16/2023,BUF,NY,AEA,CE,Combined TRACON& Tower with Radar,121,30,12,0,163,0,4,4,0,8,121,34,16,0,171,0,0,0,171
02/17/2023,BUF,NY,AEA,CE,Combined TRACON& Tower with Radar,125,44,15,0,184,0,0,0,0,0,125,44,15,0,184,0,0,0,184
02/18/2023,BUF,NY,AEA,CE,Combined TRACON& Tower with Radar,116,27,12,0,155,0,6,2,0,8,116,33,14,0,163,0,0,0,163
02/19/2023,BUF,NY,AEA,CE,Combined TRACON& Tower with Radar,113,27,14,0,154,0,5,12,1,18,113,32,26,1,172,0,0,0,172
02/20/2023,BUF,NY,AEA,CE,Combined TRACON& Tower with Radar,116,20,11,0,147,0,6,19,0,25,116,26,30,0,172,0,0,0,172
02/21/2023,BUF,NY,AEA,CE,Combined TRACON& Tower with Radar,129,38,10,2,179,0,1,0,1,2,129,39,10,3,181,0,0,0,181
02/22/2023,BUF,NY,AEA,CE,Combined TRACON& Tower with Radar,87,24,8,0,119,0,0,3,0,3,87,24,11,0,122,0,0,0,122
02/23/2023,BUF,NY,AEA,CE,Combined TRACON& Tower with Radar,107,17,2,0,126,0,0,0,0,0,107,17,2,0,126,0,0,0,126
02/24/2023,BUF,NY,AEA,CE,Combined TRACON& Tower with Radar,118,24,8,0,150,0,4,2,0,6,118,28,10,0,156,0,0,0,156
02/25/2023,BUF,NY,AEA,CE,Combined TRACON& Tower with Radar,122,28,4,0,154,0,2,0,0,2,122,30,4,0,156,0,0,0,156
02/26/2023,BUF,NY,AEA,CE,Combined TRACON& Tower with Radar,112,23,11,0,146,0,2,2,0,4,112,25,13,0,150,0,0,0,150
02/27/2023,BUF,NY,AEA,CE,Combined TRACON& Tower with Radar,101,30,12,0,143,0,3,12,0,15,101,33,24,0,158,0,0,0,158
02/28/2023,BUF,NY,AEA,CE,Combined TRACON& Tower with Radar,120,28,7,0,155,0,0,0,0,0,120,28,7,0,155,0,0,0,155
03/01/2023,BUF,NY,AEA,CE,Combined TRACON& Tower with Radar,125,25,14,0,164,0,14,11,2,27,125,39,25,2,191,0,0,0,191
03/02/2023,BUF,NY,AEA,CE,Combined TRACON& Tower with Radar,120,30,17,0,167,0,4,6,0,10,120,34,23,0,177,0,0,0,177
03/03/2023,BUF,NY,AEA,CE,Combined TRACON& Tower with Radar,106,29,9,0,144,0,10,12,0,22,106,39,21,0,166,0,0,0,166
03/04/2023,BUF,NY,AEA,CE,Combined TRACON& Tower with Radar,117,30,1,0,148,0,2,1,0,3,117,32,2,0,151,0,0,0,151
03/05/2023,BUF,NY,AEA,CE,Combined TRACON& Tower with Radar,106,34,12,0,152,0,0,10,0,10,106,34,22,0,162,0,0,0,162
03/06/2023,BUF,NY,AEA,CE,Combined TRACON& Tower with Radar,118,33,20,0,171,0,2,14,0,16,118,35,34,0,187,0,0,0,187
03/07/2023,BUF,NY,AEA,CE,Combined TRACON& Tower with Radar,121,23,17,0,161,0,7,9,2,18,121,30,26,2,179,0,0,0,179
03/08/2023,BUF,NY,AEA,CE,Combined TRACON& Tower with Radar,124,31,15,2,172,0,4,14,2,20,124,35,29,4,192,0,0,0,192
03/09/2023,BUF,NY,AEA,CE,Combined TRACON& Tower with Radar,126,39,20,2,187,0,4,21,0,25,126,43,41,2,212,0,0,0,212
03/10/2023,BUF,NY,AEA,CE,Combined TRACON& Tower with Radar,122,24,7,0,153,0,1,4,0,5,122,25,11,0,158,0,0,0,158
03/11/2023,BUF,NY,AEA,CE,Combined TRACON& Tower with Radar,119,28,11,0,158,0,0,5,0,5,119,28,16,0,163,0,0,0,163
03/12/2023,BUF,NY,AEA,CE,Combined TRACON& Tower with Radar,113,41,19,0,173,0,0,7,0,7,113,41,26,0,180,0,0,0,180
03/13/2023,BUF,NY,AEA,CE,Combined TRACON& Tower with Radar,127,28,12,0,167,0,0,0,0,0,127,28,12,0,167,0,0,0,167
03/14/2023,BUF,NY,AEA,CE,Combined TRACON& Tower with Radar,119,33,11,0,163,0,0,0,0,0,119,33,11,0,163,0,0,0,163
03/15/2023,BUF,NY,AEA,CE,Combined TRACON& Tower with Radar,130,32,28,0,190,0,0,35,0,35,130,32,63,0,225,0,0,0,225
03/16/2023,BUF,NY,AEA,CE,Combined TRACON& Tower with Radar,130,34,14,0,178,0,6,27,1,34,130,40,41,1,212,0,0,0,212
03/17/2023,BUF,NY,AEA,CE,Combined TRACON& Tower with Radar,125,33,26,2,186,0,0,0,1,1,125,33,26,3,187,0,0,0,187
03/18/2023,BUF,NY,AEA,CE,Combined TRACON& Tower with Radar,123,23,5,0,151,0,2,2,0,4,123,25,7,0,155,0,0,0,155
03/19/2023,BUF,NY,AEA,CE,Combined TRACON& Tower with Radar,116,30,12,0,158,0,4,5,0,9,116,34,17,0,167,0,0,0,167
03/20/2023,BUF,NY,AEA,CE,Combined TRACON& Tower with Radar,124,32,15,0,171,0,0,2,0,2,124,32,17,0,173,0,0,0,173
03/21/2023,BUF,NY,AEA,CE,Combined TRACON& Tower with Radar,139,27,24,0,190,0,3,16,0,19,139,30,40,0,209,0,0,0,209
03/22/2023,BUF,NY,AEA,CE,Combined TRACON& Tower with Radar,126,40,16,0,182,0,10,22,1,33,126,50,38,1,215,0,0,0,215
03/23/2023,BUF,NY,AEA,CE,Combined TRACON& Tower with Radar,129,29,18,0,176,0,0,0,0,0,129,29,18,0,176,0,0,0,176
03/24/2023,BUF,NY,AEA,CE,Combined TRACON& Tower with Radar,132,30,11,0,173,0,2,20,0,22,132,32,31,0,195,0,0,0,195
03/25/2023,BUF,NY,AEA,CE,Combined TRACON& Tower with Radar,126,18,7,0,151,0,1,0,0,1,126,19,7,0,152,0,0,0,152
03/26/2023,BUF,NY,AEA,CE,Combined TRACON& Tower with Radar,111,29,9,0,149,0,5,2,0,7,111,34,11,0,156,0,0,0,156
03/27/2023,BUF,NY,AEA,CE,Combined TRACON& Tower with Radar,125,29,11,0,165,0,0,0,0,0,125,29,11,0,165,0,0,0,165
03/28/2023,BUF,NY,AEA,CE,Combined TRACON& Tower with Radar,130,26,30,0,186,0,0,7,0,7,130,26,37,0,193,0,0,0,193
03/29/2023,BUF,NY,AEA,CE,Combined TRACON& Tower with Radar,127,32,19,0,178,0,0,4,0,4,127,32,23,0,182,0,0,0,182
03/30/2023,BUF,NY,AEA,CE,Combined TRACON& Tower with Radar,128,29,22,0,179,0,2,25,0,27,128,31,47,0,206,0,0,0,206
03/31/2023,BUF,NY,AEA,CE,Combined TRACON& Tower with Radar,126,37,18,0,181,0,0,0,0,0,126,37,18,0,181,0,0,0,181
04/01/2023,BUF,NY,AEA,CE,Combined TRACON& Tower with Radar,113,36,7,0,156,0,1,0,0,1,113,37,7,0,157,0,0,0,157
04/02/2023,BUF,NY,AEA,CE,Combined TRACON& Tower with Radar,117,13,18,0,148,0,7,20,0,27,117,20,38,0,175,0,0,0,175
04/03/2023,BUF,NY,AEA,CE,Combined TRACON& Tower with Radar,127,22,14,0,163,0,0,2,0,2,127,22,16,0,165,0,0,0,165
04/04/2023,BUF,NY,AEA,CE,Combined TRACON& Tower with Radar,138,21,12,0,171,0,2,0,0,2,138,23,12,0,173,0,0,0,173
04/05/2023,BUF,NY,AEA,CE,Combined TRACON& Tower with Radar,134,25,9,2,170,0,0,0,0,0,134,25,9,2,170,0,0,0,170
04/06/2023,BUF,NY,AEA,CE,Combined TRACON& Tower with Radar,134,30,21,0,185,0,2,5,0,7,134,32,26,0,192,0,0,0,192
04/07/2023,BUF,NY,AEA,CE,Combined TRACON& Tower with Radar,144,25,12,0,181,0,0,26,0,26,144,25,38,0,207,0,0,0,207
04/08/2023,BUF,NY,AEA,CE,Combined TRACON& Tower with Radar,133,11,16,1,161,0,1,32,0,33,133,12,48,1,194,0,0,0,194
04/09/2023,BUF,NY,AEA,CE,Combined TRACON& Tower with Radar,125,21,14,0,160,0,2,16,0,18,125,23,30,0,178,0,0,0,178
04/10/2023,BUF,NY,AEA,CE,Combined TRACON& Tower with Radar,137,28,14,0,179,0,5,34,0,39,137,33,48,0,218,0,0,0,218
04/11/2023,BUF,NY,AEA,CE,Combined TRACON& Tower with Radar,144,23,15,0,182,0,7,16,0,23,144,30,31,0,205,0,0,0,205
04/12/2023,BUF,NY,AEA,CE,Combined TRACON& Tower with Radar,139,21,10,0,170,0,2,8,0,10,139,23,18,0,180,0,0,0,180
04/13/2023,BUF,NY,AEA,CE,Combined TRACON& Tower with Radar,133,23,19,4,179,0,4,31,2,37,133,27,50,6,216,0,0,0,216
04/14/2023,BUF,NY,AEA,CE,Combined TRACON& Tower with Radar,138,15,22,0,175,0,6,32,0,38,138,21,54,0,213,0,0,0,213
04/15/2023,BUF,NY,AEA,CE,Combined TRACON& Tower with Radar,116,13,7,0,136,0,0,30,0,30,116,13,37,0,166,0,0,0,166
04/16/2023,BUF,NY,AEA,CE,Combined TRACON& Tower with Radar,112,28,17,0,157,0,3,22,0,25,112,31,39,0,182,0,0,0,182
04/17/2023,BUF,NY,AEA,CE,Combined TRACON& Tower with Radar,129,34,21,0,184,0,2,9,0,11,129,36,30,0,195,0,0,0,195
04/18/2023,BUF,NY,AEA,CE,Combined TRACON& Tower with Radar,149,21,10,0,180,0,0,0,0,0,149,21,10,0,180,0,0,0,180
04/19/2023,BUF,NY,AEA,CE,Combined TRACON& Tower with Radar,133,23,18,0,174,0,4,13,0,17,133,27,31,0,191,0,0,0,191
04/20/2023,BUF,NY,AEA,CE,Combined TRACON& Tower with Radar,134,23,26,0,183,0,0,16,0,16,134,23,42,0,199,0,0,0,199
04/21/2023,BUF,NY,AEA,CE,Combined TRACON& Tower with Radar,133,24,27,0,184,0,3,20,0,23,133,27,47,0,207,0,0,0,207
04/22/2023,BUF,NY,AEA,CE,Combined TRACON& Tower with Radar,120,10,3,0,133,0,0,0,0,0,120,10,3,0,133,0,0,0,133
04/23/2023,BUF,NY,AEA,CE,Combined TRACON& Tower with Radar,114,13,21,0,148,0,0,6,0,6,114,13,27,0,154,0,0,0,154
04/24/2023,BUF,NY,AEA,CE,Combined TRACON& Tower with Radar,131,17,20,2,170,0,2,5,0,7,131,19,25,2,177,0,0,0,177
04/25/2023,BUF,NY,AEA,CE,Combined TRACON& Tower with Radar,137,28,19,0,184,0,5,22,0,27,137,33,41,0,211,0,0,0,211
04/26/2023,BUF,NY,AEA,CE,Combined TRACON& Tower with Radar,133,22,15,0,170,0,5,16,0,21,133,27,31,0,191,0,0,0,191
04/27/2023,BUF,NY,AEA,CE,Combined TRACON& Tower with Radar,129,16,19,0,164,0,8,29,0,37,129,24,48,0,201,0,0,0,201
04/28/2023,BUF,NY,AEA,CE,Combined TRACON& Tower with Radar,135,24,17,0,176,0,0,8,0,8,135,24,25,0,184,0,0,0,184
04/29/2023,BUF,NY,AEA,CE,Combined TRACON& Tower with Radar,109,18,21,0,148,0,2,0,0,2,109,20,21,0,150,0,0,0,150
04/30/2023,BUF,NY,AEA,CE,Combined TRACON& Tower with Radar,107,25,7,0,139,0,4,0,0,4,107,29,7,0,143,0,0,0,143
05/01/2023,BUF,NY,AEA,CE,Combined TRACON& Tower with Radar,128,34,24,2,188,0,5,0,0,5,128,39,24,2,193,0,0,0,193
05/02/2023,BUF,NY,AEA,CE,Combined TRACON& Tower with Radar,140,18,11,0,169,0,2,0,0,2,140,20,11,0,171,0,0,0,171
05/03/2023,BUF,NY,AEA,CE,Combined TRACON& Tower with Radar,141,21,14,0,176,0,3,1,0,4,141,24,15,0,180,0,0,0,180
05/04/2023,BUF,NY,AEA,CE,Combined TRACON& Tower with Radar,137,36,24,0,197,0,6,9,0,15,137,42,33,0,212,0,0,0,212
05/05/2023,BUF,NY,AEA,CE,Combined TRACON& Tower with Radar,134,29,17,0,180,0,2,29,0,31,134,31,46,0,211,0,0,0,211
05/06/2023,BUF,NY,AEA,CE,Combined TRACON& Tower with Radar,111,20,13,0,144,0,1,28,0,29,111,21,41,0,173,0,0,0,173
05/07/2023,BUF,NY,AEA,CE,Combined TRACON& Tower with Radar,114,25,15,0,154,0,10,15,0,25,114,35,30,0,179,0,0,0,179
05/08/2023,BUF,NY,AEA,CE,Combined TRACON& Tower with Radar,132,21,17,0,170,0,1,29,0,30,132,22,46,0,200,0,0,0,200
05/09/2023,BUF,NY,AEA,CE,Combined TRACON& Tower with Radar,131,22,12,0,165,0,0,27,0,27,131,22,39,0,192,0,0,0,192
05/10/2023,BUF,NY,AEA,CE,Combined TRACON& Tower with Radar,133,32,23,0,188,0,7,30,0,37,133,39,53,0,225,0,0,0,225
05/11/2023,BUF,NY,AEA,CE,Combined TRACON& Tower with Radar,137,23,28,0,188,0,7,29,0,36,137,30,57,0,224,0,0,0,224
05/12/2023,BUF,NY,AEA,CE,Combined TRACON& Tower with Radar,127,28,28,0,183,0,8,26,0,34,127,36,54,0,217,0,0,0,217
05/13/2023,BUF,NY,AEA,CE,Combined TRACON& Tower with Radar,109,21,17,0,147,0,5,24,0,29,109,26,41,0,176,0,0,0,176
05/14/2023,BUF,NY,AEA,CE,Combined TRACON& Tower with Radar,116,32,13,0,161,0,1,16,0,17,116,33,29,0,178,0,0,0,178
05/15/2023,BUF,NY,AEA,CE,Combined TRACON& Tower with Radar,129,24,23,0,176,0,6,25,0,31,129,30,48,0,207,0,0,0,207
05/16/2023,BUF,NY,AEA,CE,Combined TRACON& Tower with Radar,130,30,11,0,171,0,10,6,0,16,130,40,17,0,187,0,0,0,187
05/17/2023,BUF,NY,AEA,CE,Combined TRACON& Tower with Radar,128,26,19,2,175,0,2,25,2,29,128,28,44,4,204,0,0,0,204
05/18/2023,BUF,NY,AEA,CE,Combined TRACON& Tower with Radar,138,32,14,0,184,0,4,45,0,49,138,36,59,0,233,0,0,0,233
05/19/2023,BUF,NY,AEA,CE,Combined TRACON& Tower with Radar,126,33,23,0,182,0,2,10,2,14,126,35,33,2,196,0,0,0,196
05/20/2023,BUF,NY,AEA,CE,Combined TRACON& Tower with Radar,109,25,11,0,145,0,0,0,0,0,109,25,11,0,145,0,0,0,145
05/21/2023,BUF,NY,AEA,CE,Combined TRACON& Tower with Radar,124,21,23,0,168,0,7,22,0,29,124,28,45,0,197,0,0,0,197
05/22/2023,BUF,NY,AEA,CE,Combined TRACON& Tower with Radar,127,27,13,0,167,0,6,25,0,31,127,33,38,0,198,0,0,0,198
05/23/2023,BUF,NY,AEA,CE,Combined TRACON& Tower with Radar,133,21,18,0,172,0,3,38,1,42,133,24,56,1,214,0,0,0,214
05/24/2023,BUF,NY,AEA,CE,Combined TRACON& Tower with Radar,128,55,28,0,211,0,5,2,2,9,128,60,30,2,220,0,0,0,220
05/25/2023,BUF,NY,AEA,CE,Combined TRACON& Tower with Radar,133,28,30,2,193,0,11,27,1,39,133,39,57,3,232,0,0,0,232
05/26/2023,BUF,NY,AEA,CE,Combined TRACON& Tower with Radar,130,21,23,0,174,0,6,31,1,38,130,27,54,1,212,0,0,0,212
05/27/2023,BUF,NY,AEA,CE,Combined TRACON& Tower with Radar,107,24,8,0,139,0,4,27,0,31,107,28,35,0,170,0,0,0,170
05/28/2023,BUF,NY,AEA,CE,Combined TRACON& Tower with Radar,114,22,4,1,141,0,1,31,0,32,114,23,35,1,173,0,0,0,173
05/29/2023,BUF,NY,AEA,CE,Combined TRACON& Tower with Radar,114,24,19,0,157,0,5,20,0,25,114,29,39,0,182,0,0,0,182
05/30/2023,BUF,NY,AEA,CE,Combined TRACON& Tower with Radar,136,26,27,1,190,0,0,22,0,22,136,26,49,1,212,0,0,0,212
05/31/2023,BUF,NY,AEA,CE,Combined TRACON& Tower with Radar,126,20,13,0,159,0,6,24,0,30,126,26,37,0,189,0,0,0,189
06/01/2023,BUF,NY,AEA,CE,Combined TRACON& Tower with Radar,145,26,21,0,192,0,2,23,0,25,145,28,44,0,217,0,0,0,217
06/02/2023,BUF,NY,AEA,CE,Combined TRACON& Tower with Radar,116,34,20,0,170,0,5,16,0,21,116,39,36,0,191,0,0,0,191
06/03/2023,BUF,NY,AEA,CE,Combined TRACON& Tower with Radar,110,22,11,0,143,0,0,6,0,6,110,22,17,0,149,0,0,0,149
06/04/2023,BUF,NY,AEA,CE,Combined TRACON& Tower with Radar,116,35,15,0,166,0,1,13,0,14,116,36,28,0,180,0,0,0,180
06/05/2023,BUF,NY,AEA,CE,Combined TRACON& Tower with Radar,124,40,20,4,188,0,4,18,0,22,124,44,38,4,210,0,0,0,210
06/06/2023,BUF,NY,AEA,CE,Combined TRACON& Tower with Radar,132,28,13,0,173,0,1,8,2,11,132,29,21,2,184,0,0,0,184
06/07/2023,BUF,NY,AEA,CE,Combined TRACON& Tower with Radar,129,35,22,0,186,0,1,6,0,7,129,36,28,0,193,0,0,0,193
06/08/2023,BUF,NY,AEA,CE,Combined TRACON& Tower with Radar,140,34,32,0,206,0,4,14,0,18,140,38,46,0,224,0,0,0,224
06/09/2023,BUF,NY,AEA,CE,Combined TRACON& Tower with Radar,126,35,12,0,173,0,3,8,0,11,126,38,20,0,184,0,0,0,184
06/10/2023,BUF,NY,AEA,CE,Combined TRACON& Tower with Radar,106,20,14,0,140,0,2,14,0,16,106,22,28,0,156,0,0,0,156
06/11/2023,BUF,NY,AEA,CE,Combined TRACON& Tower with Radar,121,31,11,0,163,0,7,8,0,15,121,38,19,0,178,0,0,0,178
06/12/2023,BUF,NY,AEA,CE,Combined TRACON& Tower with Radar,119,43,12,0,174,0,0,0,0,0,119,43,12,0,174,0,0,0,174
06/13/2023,BUF,NY,AEA,CE,Combined TRACON& Tower with Radar,144,49,21,0,214,0,4,10,0,14,144,53,31,0,228,0,0,0,228
06/14/2023,BUF,NY,AEA,CE,Combined TRACON& Tower with Radar,119,38,21,0,178,0,0,4,0,4,119,38,25,0,182,0,0,0,182
06/15/2023,BUF,NY,AEA,CE,Combined TRACON& Tower with Radar,137,35,23,0,195,0,2,23,0,25,137,37,46,0,220,0,0,0,220
06/16/2023,BUF,NY,AEA,CE,Combined TRACON& Tower with Radar,120,36,18,0,174,0,4,3,0,7,120,40,21,0,181,0,0,0,181
06/17/2023,BUF,NY,AEA,CE,Combined TRACON& Tower with Radar,101,24,15,0,140,0,6,23,0,29,101,30,38,0,169,0,0,0,169
06/18/2023,BUF,NY,AEA,CE,Combined TRACON& Tower with Radar,110,30,24,0,164,0,0,10,0,10,110,30,34,0,174,0,0,0,174
06/19/2023,BUF,NY,AEA,CE,Combined TRACON& Tower with Radar,116,28,15,2,161,0,4,31,0,35,116,32,46,2,196,0,0,0,196
06/20/2023,BUF,NY,AEA,CE,Combined TRACON& Tower with Radar,139,41,14,7,201,0,4,31,0,35,139,45,45,7,236,0,0,0,236
06/21/2023,BUF,NY,AEA,CE,Combined TRACON& Tower with Radar,134,33,25,5,197,0,9,22,1,32,134,42,47,6,229,0,0,0,229
06/22/2023,BUF,NY,AEA,CE,Combined TRACON& Tower with Radar,140,38,34,0,212,0,2,26,0,28,140,40,60,0,240,0,0,0,240
06/23/2023,BUF,NY,AEA,CE,Combined TRACON& Tower with Radar,122,40,19,0,181,0,0,10,0,10,122,40,29,0,191,0,0,0,191
06/24/2023,BUF,NY,AEA,CE,Combined TRACON& Tower with Radar,104,26,26,0,156,0,2,0,0,2,104,28,26,0,158,0,0,0,158
06/25/2023,BUF,NY,AEA,CE,Combined TRACON& Tower with Radar,98,31,16,0,145,0,1,2,0,3,98,32,18,0,148,0,0,0,148
06/26/2023,BUF,NY,AEA,CE,Combined TRACON& Tower with Radar,98,29,21,0,148,0,0,2,0,2,98,29,23,0,150,0,0,0,150
06/27/2023,BUF,NY,AEA,CE,Combined TRACON& Tower with Radar,117,35,30,0,182,0,2,0,0,2,117,37,30,0,184,0,0,0,184
06/28/2023,BUF,NY,AEA,CE,Combined TRACON& Tower with Radar,121,31,29,0,181,0,0,0,0,0,121,31,29,0,181,0,0,0,181
06/29/2023,BUF,NY,AEA,CE,Combined TRACON& Tower with Radar,141,36,32,0,209,0,3,11,0,14,141,39,43,0,223,0,0,0,223
06/30/2023,BUF,NY,AEA,CE,Combined TRACON& Tower with Radar,127,29,27,2,185,0,0,0,0,0,127,29,27,2,185,0,0,0,185
07/01/2023,BUF,NY,AEA,CE,Combined TRACON& Tower with Radar,97,28,18,0,143,0,1,17,0,18,97,29,35,0,161,0,0,0,161
07/02/2023,BUF,NY,AEA,CE,Combined TRACON& Tower with Radar,106,23,8,0,137,0,2,2,0,4,106,25,10,0,141,0,0,0,141
07/03/2023,BUF,NY,AEA,CE,Combined TRACON& Tower with Radar,104,19,15,0,138,0,3,0,0,3,104,22,15,0,141,0,0,0,141
07/04/2023,BUF,NY,AEA,CE,Combined TRACON& Tower with Radar,105,17,8,0,130,0,8,20,0,28,105,25,28,0,158,0,0,0,158
07/05/2023,BUF,NY,AEA,CE,Combined TRACON& Tower with Radar,122,22,27,0,171,0,10,29,0,39,122,32,56,0,210,0,0,0,210
07/06/2023,BUF,NY,AEA,CE,Combined TRACON& Tower with Radar,142,24,21,0,187,0,12,10,0,22,142,36,31,0,209,0,0,0,209
07/07/2023,BUF,NY,AEA,CE,Combined TRACON& Tower with Radar,119,31,22,0,172,0,6,15,0,21,119,37,37,0,193,0,0,0,193
07/08/2023,BUF,NY,AEA,CE,Combined TRACON& Tower with Radar,104,28,10,0,142,0,2,29,0,31,104,30,39,0,173,0,0,0,173
07/09/2023,BUF,NY,AEA,CE,Combined TRACON& Tower with Radar,97,32,25,0,154,0,0,9,0,9,97,32,34,0,163,0,0,0,163
07/10/2023,BUF,NY,AEA,CE,Combined TRACON& Tower with Radar,116,39,22,2,179,0,4,33,0,37,116,43,55,2,216,0,0,0,216
07/11/2023,BUF,NY,AEA,CE,Combined TRACON& Tower with Radar,148,33,23,2,206,0,1,14,1,16,148,34,37,3,222,0,0,0,222
07/12/2023,BUF,NY,AEA,CE,Combined TRACON& Tower with Radar,133,38,24,3,198,0,2,41,0,43,133,40,65,3,241,0,0,0,241
07/13/2023,BUF,NY,AEA,CE,Combined TRACON& Tower with Radar,150,27,22,1,200,0,2,5,0,7,150,29,27,1,207,0,0,0,207
07/14/2023,BUF,NY,AEA,CE,Combined TRACON& Tower with Radar,124,27,21,0,172,0,6,26,2,34,124,33,47,2,206,0,0,0,206
07/15/2023,BUF,NY,AEA,CE,Combined TRACON& Tower with Radar,110,28,19,0,157,0,0,13,1,14,110,28,32,1,171,0,0,0,171
07/16/2023,BUF,NY,AEA,CE,Combined TRACON& Tower with Radar,86,28,28,1,143,0,2,0,0,2,86,30,28,1,145,0,0,0,145
07/17/2023,BUF,NY,AEA,CE,Combined TRACON& Tower with Radar,114,46,26,0,186,0,9,10,0,19,114,55,36,0,205,0,0,0,205
07/18/2023,BUF,NY,AEA,CE,Combined TRACON& Tower with Radar,137,25,29,2,193,0,4,8,0,12,137,29,37,2,205,0,0,0,205
07/19/2023,BUF,NY,AEA,CE,Combined TRACON& Tower with Radar,141,25,19,0,185,0,11,42,0,53,141,36,61,0,238,0,0,0,238
07/20/2023,BUF,NY,AEA,CE,Combined TRACON& Tower with Radar,139,27,26,0,192,0,7,13,0,20,139,34,39,0,212,0,0,0,212
07/21/2023,BUF,NY,AEA,CE,Combined TRACON& Tower with Radar,144,39,28,0,211,0,5,8,0,13,144,44,36,0,224,0,0,0,224
07/22/2023,BUF,NY,AEA,CE,Combined TRACON& Tower with Radar,103,26,18,0,147,0,5,14,0,19,103,31,32,0,166,0,0,0,166
07/23/2023,BUF,NY,AEA,CE,Combined TRACON& Tower with Radar,121,36,13,0,170,0,5,15,0,20,121,41,28,0,190,0,0,0,190
07/24/2023,BUF,NY,AEA,CE,Combined TRACON& Tower with Radar,123,38,10,1,172,0,1,12,0,13,123,39,22,1,185,0,0,0,185
07/25/2023,BUF,NY,AEA,CE,Combined TRACON& Tower with Radar,140,39,23,1,203,0,0,13,3,16,140,39,36,4,219,0,0,0,219
07/26/2023,BUF,NY,AEA,CE,Combined TRACON& Tower with Radar,147,43,28,0,218,0,5,14,3,22,147,48,42,3,240,0,0,0,240
07/27/2023,BUF,NY,AEA,CE,Combined TRACON& Tower with Radar,134,29,30,2,195,0,7,10,1,18,134,36,40,3,213,0,0,0,213
07/28/2023,BUF,NY,AEA,CE,Combined TRACON& Tower with Radar,126,34,29,2,191,0,1,24,3,28,126,35,53,5,219,0,0,0,219
07/29/2023,BUF,NY,AEA,CE,Combined TRACON& Tower with Radar,98,30,11,0,139,0,0,2,0,2,98,30,13,0,141,0,0,0,141
07/30/2023,BUF,NY,AEA,CE,Combined TRACON& Tower with Radar,113,33,17,0,163,0,3,49,0,52,113,36,66,0,215,0,0,0,215
07/31/2023,BUF,NY,AEA,CE,Combined TRACON& Tower with Radar,121,34,14,0,169,0,5,19,0,24,121,39,33,0,193,0,0,0,193
08/01/2023,BUF,NY,AEA,CE,Combined TRACON& Tower with Radar,154,20,15,0,189,0,4,30,0,34,154,24,45,0,223,0,0,0,223
08/02/2023,BUF,NY,AEA,CE,Combined TRACON& Tower with Radar,148,19,26,2,195,0,10,30,1,41,148,29,56,3,236,0,0,0,236
08/03/2023,BUF,NY,AEA,CE,Combined TRACON& Tower with Radar,146,28,17,2,193,0,3,16,0,19,146,31,33,2,212,0,0,0,212
08/04/2023,BUF,NY,AEA,CE,Combined TRACON& Tower with Radar,145,26,11,0,182,0,8,23,0,31,145,34,34,0,213,0,0,0,213
08/05/2023,BUF,NY,AEA,CE,Combined TRACON& Tower with Radar,107,31,21,0,159,0,4,13,0,17,107,35,34,0,176,0,0,0,176
08/06/2023,BUF,NY,AEA,CE,Combined TRACON& Tower with Radar,124,35,24,0,183,0,1,15,0,16,124,36,39,0,199,0,0,0,199
08/07/2023,BUF,NY,AEA,CE,Combined TRACON& Tower with Radar,112,26,26,0,164,0,5,18,0,23,112,31,44,0,187,0,0,0,187
08/08/2023,BUF,NY,AEA,CE,Combined TRACON& Tower with Radar,157,27,28,4,216,0,8,7,2,17,157,35,35,6,233,0,0,0,233
08/09/2023,BUF,NY,AEA,CE,Combined TRACON& Tower with Radar,145,29,23,0,197,0,5,21,1,27,145,34,44,1,224,0,0,0,224
08/10/2023,BUF,NY,AEA,CE,Combined TRACON& Tower with Radar,149,30,27,0,206,0,4,6,3,13,149,34,33,3,219,0,0,0,219
08/11/2023,BUF,NY,AEA,CE,Combined TRACON& Tower with Radar,140,28,24,2,194,0,2,22,0,24,140,30,46,2,218,0,0,0,218
08/12/2023,BUF,NY,AEA,CE,Combined TRACON& Tower with Radar,100,21,13,0,134,0,0,4,0,4,100,21,17,0,138,0,0,0,138
08/13/2023,BUF,NY,AEA,CE,Combined TRACON& Tower with Radar,135,30,32,0,197,0,7,18,0,25,135,37,50,0,222,0,0,0,222
08/14/2023,BUF,NY,AEA,CE,Combined TRACON& Tower with Radar,131,23,27,0,181,0,3,20,0,23,131,26,47,0,204,0,0,0,204
08/15/2023,BUF,NY,AEA,CE,Combined TRACON& Tower with Radar,149,32,29,0,210,0,2,2,0,4,149,34,31,0,214,0,0,0,214
08/16/2023,BUF,NY,AEA,CE,Combined TRACON& Tower with Radar,148,27,21,2,198,0,13,14,0,27,148,40,35,2,225,0,0,0,225
08/17/2023,BUF,NY,AEA,CE,Combined TRACON& Tower with Radar,144,33,20,0,197,0,6,16,3,25,144,39,36,3,222,0,0,0,222
08/18/2023,BUF,NY,AEA,CE,Combined TRACON& Tower with Radar,147,22,18,2,189,0,0,6,0,6,147,22,24,2,195,0,0,0,195
08/19/2023,BUF,NY,AEA,CE,Combined TRACON& Tower with Radar,108,17,14,0,139,0,3,15,0,18,108,20,29,0,157,0,0,0,157
08/20/2023,BUF,NY,AEA,CE,Combined TRACON& Tower with Radar,136,21,28,0,185,0,7,19,0,26,136,28,47,0,211,0,0,0,211
08/21/2023,BUF,NY,AEA,CE,Combined TRACON& Tower with Radar,139,27,26,4,196,0,5,10,0,15,139,32,36,4,211,0,0,0,211
08/22/2023,BUF,NY,AEA,CE,Combined TRACON& Tower with Radar,150,24,19,0,193,0,8,36,0,44,150,32,55,0,237,0,0,0,237
08/23/2023,BUF,NY,AEA,CE,Combined TRACON& Tower with Radar,144,22,24,0,190,0,7,12,0,19,144,29,36,0,209,0,0,0,209
08/24/2023,BUF,NY,AEA,CE,Combined TRACON& Tower with Radar,146,22,21,0,189,0,3,0,0,3,146,25,21,0,192,0,0,0,192
08/25/2023,BUF,NY,AEA,CE,Combined TRACON& Tower with Radar,143,32,16,2,193,0,2,4,0,6,143,34,20,2,199,0,0,0,199
08/26/2023,BUF,NY,AEA,CE,Combined TRACON& Tower with Radar,113,29,16,0,158,0,1,7,0,8,113,30,23,0,166,0,0,0,166
08/27/2023,BUF,NY,AEA,CE,Combined TRACON& Tower with Radar,129,33,26,0,188,0,1,11,0,12,129,34,37,0,200,0,0,0,200
08/28/2023,BUF,NY,AEA,CE,Combined TRACON& Tower with Radar,141,28,13,2,184,0,10,17,0,27,141,38,30,2,211,0,0,0,211
08/29/2023,BUF,NY,AEA,CE,Combined TRACON& Tower with Radar,143,26,23,0,192,0,4,13,0,17,143,30,36,0,209,0,0,0,209
08/30/2023,BUF,NY,AEA,CE,Combined TRACON& Tower with Radar,135,21,21,0,177,1,6,1,0,8,136,27,22,0,185,0,0,0,185
08/31/2023,BUF,NY,AEA,CE,Combined TRACON& Tower with Radar,145,31,24,0,200,0,16,20,1,37,145,47,44,1,237,0,0,0,237
