01/01/2000,BUR,CA,AWP,WE,Combined TRACON& Tower with Radar,82,26,55,0,163,0,0,69,0,69,82,26,124,0,232,0,0,0,232
01/02/2000,BUR,CA,AWP,WE,Combined TRACON& Tower with Radar,133,4,66,0,203,24,0,60,0,84,157,4,126,0,287,0,0,0,287
01/03/2000,BUR,CA,AWP,WE,Combined TRACON& Tower with Radar,154,50,76,0,280,6,35,113,0,154,160,85,189,0,434,28,0,28,462
01/04/2000,BUR,CA,AWP,WE,Combined TRACON& Tower with Radar,165,54,81,0,300,10,75,19,0,104,175,129,100,0,404,22,0,22,426
01/05/2000,BUR,CA,AWP,WE,Combined TRACON& Tower with Radar,157,51,78,0,286,10,65,77,0,152,167,116,155,0,438,18,0,18,456
01/06/2000,BUR,CA,AWP,WE,Combined TRACON& Tower with Radar,162,53,80,0,295,8,67,84,0,159,170,120,164,0,454,38,0,38,492
01/07/2000,BUR,CA,AWP,WE,Combined TRACON& Tower with Radar,179,61,91,0,331,0,57,99,4,160,179,118,190,4,491,12,0,12,503
01/08/2000,BUR,CA,AWP,WE,Combined TRACON& Tower with Radar,107,18,53,0,178,19,0,90,0,109,126,18,143,0,287,26,0,26,313
01/09/2000,BUR,CA,AWP,WE,Combined TRACON& Tower with Radar,112,1,55,0,168,32,0,94,4,130,144,1,149,4,298,21,0,21,319
01/10/2000,BUR,CA,AWP,WE,Combined TRACON& Tower with Radar,150,49,75,0,274,4,38,103,1,146,154,87,178,1,420,54,0,54,474
01/11/2000,BUR,CA,AWP,WE,Combined TRACON& Tower with Radar,178,67,101,0,346,0,67,90,0,157,178,134,191,0,503,30,0,30,533
01/12/2000,BUR,CA,AWP,WE,Combined TRACON& Tower with Radar,163,68,103,0,334,0,48,98,0,146,163,116,201,0,480,22,0,22,502
01/13/2000,BUR,CA,AWP,WE,Combined TRACON& Tower with Radar,165,60,91,0,316,0,67,136,0,203,165,127,227,0,519,14,0,14,533
01/14/2000,BUR,CA,AWP,WE,Combined TRACON& Tower with Radar,175,58,90,0,323,0,57,120,0,177,175,115,210,0,500,0,0,0,500
01/15/2000,BUR,CA,AWP,WE,Combined TRACON& Tower with Radar,82,17,42,0,141,21,0,75,0,96,103,17,117,0,237,45,0,45,282
01/16/2000,BUR,CA,AWP,WE,Combined TRACON& Tower with Radar,104,2,52,0,158,30,0,65,0,95,134,2,117,0,253,74,0,74,327
01/17/2000,BUR,CA,AWP,WE,Combined TRACON& Tower with Radar,164,26,82,0,272,22,0,97,0,119,186,26,179,0,391,12,0,12,403
01/18/2000,BUR,CA,AWP,WE,Combined TRACON& Tower with Radar,155,51,78,0,284,0,57,75,0,132,155,108,153,0,416,0,0,0,416
01/19/2000,BUR,CA,AWP,WE,Combined TRACON& Tower with Radar,158,51,78,0,287,0,59,103,1,163,158,110,181,1,450,28,0,28,478
01/20/2000,BUR,CA,AWP,WE,Combined TRACON& Tower with Radar,171,61,94,0,326,0,63,92,0,155,171,124,186,0,481,26,0,26,507
01/21/2000,BUR,CA,AWP,WE,Combined TRACON& Tower with Radar,173,62,95,0,330,0,33,60,2,95,173,95,155,2,425,10,0,10,435
01/22/2000,BUR,CA,AWP,WE,Combined TRACON& Tower with Radar,119,28,76,0,223,0,0,136,0,136,119,28,212,0,359,116,0,116,475
01/23/2000,BUR,CA,AWP,WE,Combined TRACON& Tower with Radar,147,7,73,0,227,2,0,92,2,96,149,7,165,2,323,44,0,44,367
01/24/2000,BUR,CA,AWP,WE,Combined TRACON& Tower with Radar,143,45,71,0,259,17,18,127,0,162,160,63,198,0,421,22,0,22,443
01/25/2000,BUR,CA,AWP,WE,Combined TRACON& Tower with Radar,153,61,93,0,307,0,55,1,0,56,153,116,94,0,363,16,0,16,379
01/26/2000,BUR,CA,AWP,WE,Combined TRACON& Tower with Radar,123,39,61,0,223,40,94,85,0,219,163,133,146,0,442,12,0,12,454
01/27/2000,BUR,CA,AWP,WE,Combined TRACON& Tower with Radar,164,58,89,0,311,0,48,160,0,208,164,106,249,0,519,0,0,0,519
01/28/2000,BUR,CA,AWP,WE,Combined TRACON& Tower with Radar,156,50,77,0,283,2,48,112,14,176,158,98,189,14,459,22,0,22,481
01/29/2000,BUR,CA,AWP,WE,Combined TRACON& Tower with Radar,107,19,53,0,179,11,0,114,0,125,118,19,167,0,304,36,0,36,340
01/30/2000,BUR,CA,AWP,WE,Combined TRACON& Tower with Radar,123,10,61,0,194,19,0,27,0,46,142,10,88,0,240,26,0,26,266
01/31/2000,BUR,CA,AWP,WE,Combined TRACON& Tower with Radar,160,53,83,0,296,0,29,69,0,98,160,82,152,0,394,6,0,6,400
02/01/2000,BUR,CA,AWP,WE,Combined TRACON& Tower with Radar,150,58,82,0,290,0,46,83,0,129,150,104,165,0,419,4,0,4,423
02/02/2000,BUR,CA,AWP,WE,Combined TRACON& Tower with Radar,165,64,91,0,320,0,43,128,1,172,165,107,219,1,492,22,0,22,514
02/03/2000,BUR,CA,AWP,WE,Combined TRACON& Tower with Radar,159,61,87,0,307,0,59,121,3,183,159,120,208,3,490,30,0,30,520
02/04/2000,BUR,CA,AWP,WE,Combined TRACON& Tower with Radar,166,65,92,0,323,0,25,85,0,110,166,90,177,0,433,83,0,83,516
02/05/2000,BUR,CA,AWP,WE,Combined TRACON& Tower with Radar,99,13,53,0,165,11,0,85,1,97,110,13,138,1,262,76,0,76,338
02/06/2000,BUR,CA,AWP,WE,Combined TRACON& Tower with Radar,136,8,73,0,217,27,0,116,0,143,163,8,189,0,360,26,0,26,386
02/07/2000,BUR,CA,AWP,WE,Combined TRACON& Tower with Radar,159,60,85,0,304,24,24,92,1,141,183,84,177,1,445,0,0,0,445
02/08/2000,BUR,CA,AWP,WE,Combined TRACON& Tower with Radar,162,65,93,0,320,0,54,65,0,119,162,119,158,0,439,6,0,6,445
02/09/2000,BUR,CA,AWP,WE,Combined TRACON& Tower with Radar,155,64,92,0,311,0,42,109,0,151,155,106,201,0,462,0,0,0,462
02/10/2000,BUR,CA,AWP,WE,Combined TRACON& Tower with Radar,173,81,115,0,369,0,41,37,2,80,173,122,152,2,449,0,0,0,449
02/11/2000,BUR,CA,AWP,WE,Combined TRACON& Tower with Radar,181,77,109,0,367,0,31,77,0,108,181,108,186,0,475,0,0,0,475
02/12/2000,BUR,CA,AWP,WE,Combined TRACON& Tower with Radar,99,17,53,0,169,10,0,33,0,43,109,17,86,0,212,114,0,114,326
02/13/2000,BUR,CA,AWP,WE,Combined TRACON& Tower with Radar,105,9,55,0,169,17,0,18,0,35,122,9,73,0,204,0,0,0,204
02/14/2000,BUR,CA,AWP,WE,Combined TRACON& Tower with Radar,166,62,90,0,318,0,14,23,0,37,166,76,113,0,355,0,0,0,355
02/15/2000,BUR,CA,AWP,WE,Combined TRACON& Tower with Radar,174,67,96,0,337,0,46,78,0,124,174,113,174,0,461,36,0,36,497
02/16/2000,BUR,CA,AWP,WE,Combined TRACON& Tower with Radar,158,65,95,0,318,0,46,36,0,82,158,111,131,0,400,0,0,0,400
02/17/2000,BUR,CA,AWP,WE,Combined TRACON& Tower with Radar,156,65,94,1,316,0,66,132,0,198,156,131,226,1,514,0,0,0,514
02/18/2000,BUR,CA,AWP,WE,Combined TRACON& Tower with Radar,170,70,99,0,339,0,34,163,0,197,170,104,262,0,536,30,0,30,566
02/19/2000,BUR,CA,AWP,WE,Combined TRACON& Tower with Radar,100,17,52,0,169,10,0,119,0,129,110,17,171,0,298,69,0,69,367
02/20/2000,BUR,CA,AWP,WE,Combined TRACON& Tower with Radar,96,2,48,0,146,41,0,0,0,41,137,2,48,0,187,30,0,30,217
02/21/2000,BUR,CA,AWP,WE,Combined TRACON& Tower with Radar,139,34,74,0,247,45,0,5,1,51,184,34,79,1,298,4,0,4,302
02/22/2000,BUR,CA,AWP,WE,Combined TRACON& Tower with Radar,158,60,87,0,305,0,31,35,0,66,158,91,122,0,371,6,0,6,377
02/23/2000,BUR,CA,AWP,WE,Combined TRACON& Tower with Radar,164,68,97,0,329,0,46,33,0,79,164,114,130,0,408,0,0,0,408
02/24/2000,BUR,CA,AWP,WE,Combined TRACON& Tower with Radar,122,45,65,0,232,29,78,154,2,263,151,123,219,2,495,30,0,30,525
02/25/2000,BUR,CA,AWP,WE,Combined TRACON& Tower with Radar,186,85,123,0,394,0,34,143,0,177,186,119,266,0,571,30,0,30,601
02/26/2000,BUR,CA,AWP,WE,Combined TRACON& Tower with Radar,120,18,63,0,201,1,0,154,2,157,121,18,217,2,358,80,0,80,438
02/27/2000,BUR,CA,AWP,WE,Combined TRACON& Tower with Radar,122,3,65,0,190,30,0,29,0,59,152,3,94,0,249,11,0,11,260
02/28/2000,BUR,CA,AWP,WE,Combined TRACON& Tower with Radar,159,58,84,0,301,8,28,110,0,146,167,86,194,0,447,10,0,10,457
02/29/2000,BUR,CA,AWP,WE,Combined TRACON& Tower with Radar,166,61,88,0,315,0,63,81,0,144,166,124,169,0,459,20,0,20,479
03/01/2000,BUR,CA,AWP,WE,Combined TRACON& Tower with Radar,164,69,85,0,318,0,55,107,0,162,164,124,192,0,480,30,0,30,510
03/02/2000,BUR,CA,AWP,WE,Combined TRACON& Tower with Radar,149,64,78,0,291,0,56,88,2,146,149,120,166,2,437,59,0,59,496
03/03/2000,BUR,CA,AWP,WE,Combined TRACON& Tower with Radar,162,73,91,0,326,0,32,62,1,95,162,105,153,1,421,46,0,46,467
03/04/2000,BUR,CA,AWP,WE,Combined TRACON& Tower with Radar,102,18,51,0,171,6,0,83,2,91,108,18,134,2,262,121,0,121,383
03/05/2000,BUR,CA,AWP,WE,Combined TRACON& Tower with Radar,84,7,42,0,133,26,0,16,0,42,110,7,58,0,175,0,0,0,175
03/06/2000,BUR,CA,AWP,WE,Combined TRACON& Tower with Radar,145,59,73,0,277,11,11,50,2,74,156,70,123,2,351,0,0,0,351
03/07/2000,BUR,CA,AWP,WE,Combined TRACON& Tower with Radar,156,72,88,0,316,0,37,62,0,99,156,109,150,0,415,2,0,2,417
03/08/2000,BUR,CA,AWP,WE,Combined TRACON& Tower with Radar,153,71,87,0,311,0,31,61,0,92,153,102,148,0,403,52,0,52,455
03/09/2000,BUR,CA,AWP,WE,Combined TRACON& Tower with Radar,142,71,87,0,300,0,32,110,0,142,142,103,197,0,442,20,0,20,462
03/10/2000,BUR,CA,AWP,WE,Combined TRACON& Tower with Radar,169,69,86,0,324,0,53,108,7,168,169,122,194,7,492,16,0,16,508
03/11/2000,BUR,CA,AWP,WE,Combined TRACON& Tower with Radar,98,23,50,0,171,23,0,115,0,138,121,23,165,0,309,26,0,26,335
03/12/2000,BUR,CA,AWP,WE,Combined TRACON& Tower with Radar,110,9,55,0,174,28,0,105,0,133,138,9,160,0,307,44,0,44,351
03/13/2000,BUR,CA,AWP,WE,Combined TRACON& Tower with Radar,148,64,78,0,290,0,26,82,0,108,148,90,160,0,398,26,0,26,424
03/14/2000,BUR,CA,AWP,WE,Combined TRACON& Tower with Radar,149,67,83,0,299,0,55,127,0,182,149,122,210,0,481,24,0,24,505
03/15/2000,BUR,CA,AWP,WE,Combined TRACON& Tower with Radar,168,72,89,0,329,0,36,86,0,122,168,108,175,0,451,30,0,30,481
03/16/2000,BUR,CA,AWP,WE,Combined TRACON& Tower with Radar,158,77,96,0,331,0,30,85,0,115,158,107,181,0,446,4,0,4,450
03/17/2000,BUR,CA,AWP,WE,Combined TRACON& Tower with Radar,172,75,93,1,341,0,29,135,0,164,172,104,228,1,505,22,0,22,527
03/18/2000,BUR,CA,AWP,WE,Combined TRACON& Tower with Radar,101,23,50,0,174,26,0,113,0,139,127,23,163,0,313,12,0,12,325
03/19/2000,BUR,CA,AWP,WE,Combined TRACON& Tower with Radar,130,13,64,0,207,31,0,100,0,131,161,13,164,0,338,84,0,84,422
03/20/2000,BUR,CA,AWP,WE,Combined TRACON& Tower with Radar,145,58,72,0,275,12,30,42,0,84,157,88,114,0,359,0,0,0,359
03/21/2000,BUR,CA,AWP,WE,Combined TRACON& Tower with Radar,178,72,89,1,340,0,43,89,0,132,178,115,178,1,472,2,0,2,474
03/22/2000,BUR,CA,AWP,WE,Combined TRACON& Tower with Radar,166,68,84,0,318,0,61,146,0,207,166,129,230,0,525,12,0,12,537
03/23/2000,BUR,CA,AWP,WE,Combined TRACON& Tower with Radar,178,72,88,0,338,0,68,155,0,223,178,140,243,0,561,2,0,2,563
03/24/2000,BUR,CA,AWP,WE,Combined TRACON& Tower with Radar,153,61,76,0,290,27,65,178,0,270,180,126,254,0,560,18,0,18,578
03/25/2000,BUR,CA,AWP,WE,Combined TRACON& Tower with Radar,117,22,58,0,197,8,0,88,0,96,125,22,146,0,293,10,0,10,303
03/26/2000,BUR,CA,AWP,WE,Combined TRACON& Tower with Radar,117,16,58,0,191,33,0,100,0,133,150,16,158,0,324,65,0,65,389
03/27/2000,BUR,CA,AWP,WE,Combined TRACON& Tower with Radar,153,64,81,0,298,0,33,73,0,106,153,97,154,0,404,18,0,18,422
03/28/2000,BUR,CA,AWP,WE,Combined TRACON& Tower with Radar,162,74,93,0,329,0,23,65,0,88,162,97,158,0,417,4,0,4,421
03/29/2000,BUR,CA,AWP,WE,Combined TRACON& Tower with Radar,166,75,95,0,336,0,34,99,1,134,166,109,194,1,470,24,0,24,494
03/30/2000,BUR,CA,AWP,WE,Combined TRACON& Tower with Radar,170,68,86,0,324,6,39,97,0,142,176,107,183,0,466,12,0,12,478
03/31/2000,BUR,CA,AWP,WE,Combined TRACON& Tower with Radar,177,72,91,0,340,0,60,46,2,108,177,132,137,2,448,28,0,28,476
04/01/2000,BUR,CA,AWP,WE,Combined TRACON& Tower with Radar,81,21,42,0,144,28,0,45,0,73,109,21,87,0,217,10,0,10,227
04/02/2000,BUR,CA,AWP,WE,Combined TRACON& Tower with Radar,122,6,64,0,192,41,0,100,1,142,163,6,164,1,334,48,0,48,382
04/03/2000,BUR,CA,AWP,WE,Combined TRACON& Tower with Radar,169,56,87,0,312,11,40,68,0,119,180,96,155,0,431,4,0,4,435
04/04/2000,BUR,CA,AWP,WE,Combined TRACON& Tower with Radar,163,54,85,0,302,11,41,104,0,156,174,95,189,0,458,42,0,42,500
04/05/2000,BUR,CA,AWP,WE,Combined TRACON& Tower with Radar,169,56,88,0,313,5,79,100,0,184,174,135,188,0,497,14,0,14,511
04/06/2000,BUR,CA,AWP,WE,Combined TRACON& Tower with Radar,167,67,106,0,340,0,64,82,2,148,167,131,188,2,488,12,0,12,500
04/07/2000,BUR,CA,AWP,WE,Combined TRACON& Tower with Radar,176,74,117,0,367,0,49,102,0,151,176,123,219,0,518,20,0,20,538
04/08/2000,BUR,CA,AWP,WE,Combined TRACON& Tower with Radar,130,15,70,0,215,0,0,157,0,157,130,15,227,0,372,44,0,44,416
04/09/2000,BUR,CA,AWP,WE,Combined TRACON& Tower with Radar,138,5,72,0,215,40,0,103,4,147,178,5,175,4,362,158,0,158,520
04/10/2000,BUR,CA,AWP,WE,Combined TRACON& Tower with Radar,178,60,94,0,332,0,35,110,1,146,178,95,204,1,478,10,0,10,488
04/11/2000,BUR,CA,AWP,WE,Combined TRACON& Tower with Radar,156,52,80,0,288,0,51,101,2,154,156,103,181,2,442,2,0,2,444
04/12/2000,BUR,CA,AWP,WE,Combined TRACON& Tower with Radar,169,62,97,0,328,0,71,127,0,198,169,133,224,0,526,21,0,21,547
04/13/2000,BUR,CA,AWP,WE,Combined TRACON& Tower with Radar,161,56,89,0,306,0,63,122,0,185,161,119,211,0,491,4,0,4,495
04/14/2000,BUR,CA,AWP,WE,Combined TRACON& Tower with Radar,195,66,106,1,368,0,26,60,7,93,195,92,166,8,461,2,0,2,463
04/15/2000,BUR,CA,AWP,WE,Combined TRACON& Tower with Radar,111,20,64,0,195,0,0,94,0,94,111,20,158,0,289,104,0,104,393
04/16/2000,BUR,CA,AWP,WE,Combined TRACON& Tower with Radar,128,5,67,0,200,26,0,86,0,112,154,5,153,0,312,46,0,46,358
04/17/2000,BUR,CA,AWP,WE,Combined TRACON& Tower with Radar,169,55,89,0,313,0,20,19,0,39,169,75,108,0,352,0,0,0,352
04/18/2000,BUR,CA,AWP,WE,Combined TRACON& Tower with Radar,174,61,96,1,332,0,70,38,2,110,174,131,134,3,442,14,0,14,456
04/19/2000,BUR,CA,AWP,WE,Combined TRACON& Tower with Radar,178,59,92,1,330,0,55,80,0,135,178,114,172,1,465,2,0,2,467
04/20/2000,BUR,CA,AWP,WE,Combined TRACON& Tower with Radar,171,60,94,0,325,0,71,136,0,207,171,131,230,0,532,40,0,40,572
04/21/2000,BUR,CA,AWP,WE,Combined TRACON& Tower with Radar,177,67,106,0,350,0,31,76,0,107,177,98,182,0,457,0,0,0,457
04/22/2000,BUR,CA,AWP,WE,Combined TRACON& Tower with Radar,111,13,67,0,191,0,0,109,0,109,111,13,176,0,300,74,0,74,374
04/23/2000,BUR,CA,AWP,WE,Combined TRACON& Tower with Radar,131,9,66,0,206,20,0,69,0,89,151,9,135,0,295,8,0,8,303
04/24/2000,BUR,CA,AWP,WE,Combined TRACON& Tower with Radar,138,45,70,0,253,53,38,117,0,208,191,83,187,0,461,2,0,2,463
04/25/2000,BUR,CA,AWP,WE,Combined TRACON& Tower with Radar,150,52,83,1,286,0,59,139,2,200,150,111,222,3,486,16,0,16,502
04/26/2000,BUR,CA,AWP,WE,Combined TRACON& Tower with Radar,131,42,67,0,240,27,87,126,0,240,158,129,193,0,480,10,0,10,490
04/27/2000,BUR,CA,AWP,WE,Combined TRACON& Tower with Radar,188,67,106,0,361,0,76,110,3,189,188,143,216,3,550,2,0,2,552
04/28/2000,BUR,CA,AWP,WE,Combined TRACON& Tower with Radar,170,76,120,0,366,0,30,79,2,111,170,106,199,2,477,0,0,0,477
04/29/2000,BUR,CA,AWP,WE,Combined TRACON& Tower with Radar,99,23,50,0,172,21,0,115,0,136,120,23,165,0,308,58,0,58,366
04/30/2000,BUR,CA,AWP,WE,Combined TRACON& Tower with Radar,132,14,68,0,214,34,0,102,0,136,166,14,170,0,350,26,0,26,376
05/01/2000,BUR,CA,AWP,WE,Combined TRACON& Tower with Radar,158,54,85,0,297,16,30,107,0,153,174,84,192,0,450,9,0,9,459
05/02/2000,BUR,CA,AWP,WE,Combined TRACON& Tower with Radar,163,61,96,0,320,0,68,99,0,167,163,129,195,0,487,26,0,26,513
05/03/2000,BUR,CA,AWP,WE,Combined TRACON& Tower with Radar,165,57,89,0,311,0,81,130,0,211,165,138,219,0,522,16,0,16,538
05/04/2000,BUR,CA,AWP,WE,Combined TRACON& Tower with Radar,192,72,114,0,378,0,59,89,0,148,192,131,203,0,526,20,0,20,546
05/05/2000,BUR,CA,AWP,WE,Combined TRACON& Tower with Radar,192,78,123,0,393,0,14,95,1,110,192,92,218,1,503,10,0,10,513
05/06/2000,BUR,CA,AWP,WE,Combined TRACON& Tower with Radar,132,21,71,0,224,5,0,81,0,86,137,21,152,0,310,84,0,84,394
05/07/2000,BUR,CA,AWP,WE,Combined TRACON& Tower with Radar,110,1,58,0,169,27,0,112,2,141,137,1,170,2,310,26,0,26,336
05/08/2000,BUR,CA,AWP,WE,Combined TRACON& Tower with Radar,180,61,97,0,338,7,21,82,1,111,187,82,179,1,449,0,0,0,449
05/09/2000,BUR,CA,AWP,WE,Combined TRACON& Tower with Radar,163,61,96,0,320,0,57,77,0,134,163,118,173,0,454,60,0,60,514
05/10/2000,BUR,CA,AWP,WE,Combined TRACON& Tower with Radar,186,74,117,0,377,0,63,107,0,170,186,137,224,0,547,29,0,29,576
05/11/2000,BUR,CA,AWP,WE,Combined TRACON& Tower with Radar,181,61,97,0,339,1,68,103,0,172,182,129,200,0,511,28,0,28,539
05/12/2000,BUR,CA,AWP,WE,Combined TRACON& Tower with Radar,152,52,82,0,286,0,34,137,1,172,152,86,219,1,458,49,0,49,507
05/13/2000,BUR,CA,AWP,WE,Combined TRACON& Tower with Radar,133,13,71,0,217,7,0,169,6,182,140,13,240,6,399,54,0,54,453
05/14/2000,BUR,CA,AWP,WE,Combined TRACON& Tower with Radar,132,7,71,0,210,22,0,100,2,124,154,7,171,2,334,29,0,29,363
05/15/2000,BUR,CA,AWP,WE,Combined TRACON& Tower with Radar,166,56,88,0,310,12,33,127,2,174,178,89,215,2,484,76,0,76,560
05/16/2000,BUR,CA,AWP,WE,Combined TRACON& Tower with Radar,152,52,80,0,284,11,70,52,0,133,163,122,132,0,417,32,0,32,449
05/17/2000,BUR,CA,AWP,WE,Combined TRACON& Tower with Radar,155,53,82,0,290,0,50,93,0,143,155,103,175,0,433,2,0,2,435
05/18/2000,BUR,CA,AWP,WE,Combined TRACON& Tower with Radar,178,61,95,0,334,0,51,131,0,182,178,112,226,0,516,32,0,32,548
05/19/2000,BUR,CA,AWP,WE,Combined TRACON& Tower with Radar,174,58,93,1,326,0,58,127,0,185,174,116,220,1,511,38,0,38,549
05/20/2000,BUR,CA,AWP,WE,Combined TRACON& Tower with Radar,109,24,56,0,189,11,0,106,0,117,120,24,162,0,306,50,0,50,356
05/21/2000,BUR,CA,AWP,WE,Combined TRACON& Tower with Radar,127,5,66,0,198,27,0,101,0,128,154,5,167,0,326,55,0,55,381
05/22/2000,BUR,CA,AWP,WE,Combined TRACON& Tower with Radar,163,55,87,0,305,0,23,111,0,134,163,78,198,0,439,4,0,4,443
05/23/2000,BUR,CA,AWP,WE,Combined TRACON& Tower with Radar,160,65,104,0,329,0,43,57,0,100,160,108,161,0,429,12,0,12,441
05/24/2000,BUR,CA,AWP,WE,Combined TRACON& Tower with Radar,160,53,85,0,298,13,57,83,0,153,173,110,168,0,451,0,0,0,451
05/25/2000,BUR,CA,AWP,WE,Combined TRACON& Tower with Radar,167,71,114,0,352,0,29,77,4,110,167,100,191,4,462,14,0,14,476
05/26/2000,BUR,CA,AWP,WE,Combined TRACON& Tower with Radar,151,50,81,0,282,14,36,118,0,168,165,86,199,0,450,21,0,21,471
05/27/2000,BUR,CA,AWP,WE,Combined TRACON& Tower with Radar,90,30,47,0,167,25,1,70,4,100,115,31,117,4,267,56,0,56,323
05/28/2000,BUR,CA,AWP,WE,Combined TRACON& Tower with Radar,110,11,59,0,180,31,0,86,1,118,141,11,145,1,298,24,0,24,322
05/29/2000,BUR,CA,AWP,WE,Combined TRACON& Tower with Radar,125,11,67,0,203,40,0,74,0,114,165,11,141,0,317,14,0,14,331
05/30/2000,BUR,CA,AWP,WE,Combined TRACON& Tower with Radar,171,65,104,0,340,0,24,76,17,117,171,89,180,17,457,40,0,40,497
05/31/2000,BUR,CA,AWP,WE,Combined TRACON& Tower with Radar,164,63,101,0,328,0,59,94,0,153,164,122,195,0,481,14,0,14,495
06/01/2000,BUR,CA,AWP,WE,Combined TRACON& Tower with Radar,148,58,90,0,296,0,48,83,5,136,148,106,173,5,432,34,0,34,466
06/02/2000,BUR,CA,AWP,WE,Combined TRACON& Tower with Radar,186,72,113,0,371,0,44,90,0,134,186,116,203,0,505,28,0,28,533
06/03/2000,BUR,CA,AWP,WE,Combined TRACON& Tower with Radar,103,12,57,0,172,23,0,109,1,133,126,12,166,1,305,58,0,58,363
06/04/2000,BUR,CA,AWP,WE,Combined TRACON& Tower with Radar,145,4,80,0,229,15,0,114,0,129,160,4,194,0,358,25,0,25,383
06/05/2000,BUR,CA,AWP,WE,Combined TRACON& Tower with Radar,142,50,79,0,271,10,33,114,2,159,152,83,193,2,430,36,0,36,466
06/06/2000,BUR,CA,AWP,WE,Combined TRACON& Tower with Radar,149,53,82,0,284,9,57,133,2,201,158,110,215,2,485,12,0,12,497
06/07/2000,BUR,CA,AWP,WE,Combined TRACON& Tower with Radar,156,59,93,0,308,0,71,132,0,203,156,130,225,0,511,4,0,4,515
06/08/2000,BUR,CA,AWP,WE,Combined TRACON& Tower with Radar,145,55,86,0,286,0,54,74,2,130,145,109,160,2,416,55,0,55,471
06/09/2000,BUR,CA,AWP,WE,Combined TRACON& Tower with Radar,180,63,99,0,342,1,35,129,15,180,181,98,228,15,522,46,0,46,568
06/10/2000,BUR,CA,AWP,WE,Combined TRACON& Tower with Radar,118,18,65,0,201,14,0,102,0,116,132,18,167,0,317,42,0,42,359
06/11/2000,BUR,CA,AWP,WE,Combined TRACON& Tower with Radar,126,4,69,0,199,26,0,100,2,128,152,4,169,2,327,28,0,28,355
06/12/2000,BUR,CA,AWP,WE,Combined TRACON& Tower with Radar,158,56,87,0,301,20,30,114,0,164,178,86,201,0,465,6,0,6,471
06/13/2000,BUR,CA,AWP,WE,Combined TRACON& Tower with Radar,168,59,92,0,319,1,65,92,4,162,169,124,184,4,481,30,0,30,511
06/14/2000,BUR,CA,AWP,WE,Combined TRACON& Tower with Radar,161,65,101,0,327,0,87,168,2,257,161,152,269,2,584,4,0,4,588
06/15/2000,BUR,CA,AWP,WE,Combined TRACON& Tower with Radar,184,65,102,0,351,1,64,109,0,174,185,129,211,0,525,4,0,4,529
06/16/2000,BUR,CA,AWP,WE,Combined TRACON& Tower with Radar,193,69,107,0,369,0,50,18,0,68,193,119,125,0,437,0,0,0,437
06/17/2000,BUR,CA,AWP,WE,Combined TRACON& Tower with Radar,136,21,76,0,233,0,0,97,0,97,136,21,173,0,330,32,0,32,362
06/18/2000,BUR,CA,AWP,WE,Combined TRACON& Tower with Radar,119,7,64,0,190,29,0,54,0,83,148,7,118,0,273,2,0,2,275
06/19/2000,BUR,CA,AWP,WE,Combined TRACON& Tower with Radar,173,64,101,0,338,0,47,112,0,159,173,111,213,0,497,39,0,39,536
06/20/2000,BUR,CA,AWP,WE,Combined TRACON& Tower with Radar,176,66,104,0,346,0,57,95,0,152,176,123,199,0,498,6,0,6,504
06/21/2000,BUR,CA,AWP,WE,Combined TRACON& Tower with Radar,174,61,95,0,330,0,44,106,0,150,174,105,201,0,480,26,0,26,506
06/22/2000,BUR,CA,AWP,WE,Combined TRACON& Tower with Radar,160,65,103,0,328,0,84,114,0,198,160,149,217,0,526,0,0,0,526
06/23/2000,BUR,CA,AWP,WE,Combined TRACON& Tower with Radar,181,72,112,1,366,0,33,75,1,109,181,105,187,2,475,0,0,0,475
06/24/2000,BUR,CA,AWP,WE,Combined TRACON& Tower with Radar,114,17,62,0,193,15,0,83,0,98,129,17,145,0,291,30,0,30,321
06/25/2000,BUR,CA,AWP,WE,Combined TRACON& Tower with Radar,134,18,73,0,225,32,0,93,0,125,166,18,166,0,350,2,0,2,352
06/26/2000,BUR,CA,AWP,WE,Combined TRACON& Tower with Radar,140,48,76,0,264,31,32,144,0,207,171,80,220,0,471,24,0,24,495
06/27/2000,BUR,CA,AWP,WE,Combined TRACON& Tower with Radar,166,61,96,0,323,0,61,134,0,195,166,122,230,0,518,24,0,24,542
06/28/2000,BUR,CA,AWP,WE,Combined TRACON& Tower with Radar,158,54,85,0,297,12,60,106,0,178,170,114,191,0,475,48,0,48,523
06/29/2000,BUR,CA,AWP,WE,Combined TRACON& Tower with Radar,162,60,94,0,316,0,47,108,1,156,162,107,202,1,472,26,0,26,498
06/30/2000,BUR,CA,AWP,WE,Combined TRACON& Tower with Radar,169,72,113,0,354,0,18,122,2,142,169,90,235,2,496,21,0,21,517
07/01/2000,BUR,CA,AWP,WE,Combined TRACON& Tower with Radar,121,31,56,0,208,4,0,46,5,55,125,31,102,5,263,70,0,70,333
07/02/2000,BUR,CA,AWP,WE,Combined TRACON& Tower with Radar,116,11,53,0,180,16,0,77,1,94,132,11,130,1,274,57,0,57,331
07/03/2000,BUR,CA,AWP,WE,Combined TRACON& Tower with Radar,121,40,61,0,222,0,66,68,2,136,121,106,129,2,358,40,0,40,398
07/04/2000,BUR,CA,AWP,WE,Combined TRACON& Tower with Radar,116,25,53,0,194,19,0,57,0,76,135,25,110,0,270,0,0,0,270
07/05/2000,BUR,CA,AWP,WE,Combined TRACON& Tower with Radar,155,48,72,0,275,0,49,95,0,144,155,97,167,0,419,22,0,22,441
07/06/2000,BUR,CA,AWP,WE,Combined TRACON& Tower with Radar,169,60,90,0,319,0,88,119,0,207,169,148,209,0,526,0,0,0,526
07/07/2000,BUR,CA,AWP,WE,Combined TRACON& Tower with Radar,181,59,88,0,328,0,50,92,0,142,181,109,180,0,470,42,0,42,512
07/08/2000,BUR,CA,AWP,WE,Combined TRACON& Tower with Radar,143,25,66,0,234,1,0,93,0,94,144,25,159,0,328,34,0,34,362
07/09/2000,BUR,CA,AWP,WE,Combined TRACON& Tower with Radar,136,14,62,0,212,13,0,73,4,90,149,14,135,4,302,6,0,6,308
07/10/2000,BUR,CA,AWP,WE,Combined TRACON& Tower with Radar,177,55,82,0,314,10,46,79,0,135,187,101,161,0,449,0,0,0,449
07/11/2000,BUR,CA,AWP,WE,Combined TRACON& Tower with Radar,188,63,93,0,344,0,66,83,0,149,188,129,176,0,493,7,0,7,500
07/12/2000,BUR,CA,AWP,WE,Combined TRACON& Tower with Radar,156,59,89,0,304,0,49,96,0,145,156,108,185,0,449,62,0,62,511
07/13/2000,BUR,CA,AWP,WE,Combined TRACON& Tower with Radar,140,51,76,0,267,0,75,94,0,169,140,126,170,0,436,23,0,23,459
07/14/2000,BUR,CA,AWP,WE,Combined TRACON& Tower with Radar,178,57,84,0,319,0,61,97,0,158,178,118,181,0,477,8,0,8,485
07/15/2000,BUR,CA,AWP,WE,Combined TRACON& Tower with Radar,125,13,57,0,195,20,0,80,0,100,145,13,137,0,295,41,0,41,336
07/16/2000,BUR,CA,AWP,WE,Combined TRACON& Tower with Radar,120,13,55,0,188,15,0,95,0,110,135,13,150,0,298,40,0,40,338
07/17/2000,BUR,CA,AWP,WE,Combined TRACON& Tower with Radar,157,47,73,0,277,11,30,104,0,145,168,77,177,0,422,36,0,36,458
07/18/2000,BUR,CA,AWP,WE,Combined TRACON& Tower with Radar,165,52,80,0,297,0,69,86,0,155,165,121,166,0,452,8,0,8,460
07/19/2000,BUR,CA,AWP,WE,Combined TRACON& Tower with Radar,154,49,74,0,277,0,55,119,0,174,154,104,193,0,451,20,0,20,471
07/20/2000,BUR,CA,AWP,WE,Combined TRACON& Tower with Radar,164,57,88,0,309,0,77,144,0,221,164,134,232,0,530,0,0,0,530
07/21/2000,BUR,CA,AWP,WE,Combined TRACON& Tower with Radar,167,62,93,0,322,0,53,146,0,199,167,115,239,0,521,8,0,8,529
07/22/2000,BUR,CA,AWP,WE,Combined TRACON& Tower with Radar,126,16,58,0,200,1,0,129,2,132,127,16,187,2,332,44,0,44,376
07/23/2000,BUR,CA,AWP,WE,Combined TRACON& Tower with Radar,118,7,55,0,180,21,0,107,0,128,139,7,162,0,308,2,0,2,310
07/24/2000,BUR,CA,AWP,WE,Combined TRACON& Tower with Radar,152,46,69,0,267,32,42,112,1,187,184,88,181,1,454,0,0,0,454
07/25/2000,BUR,CA,AWP,WE,Combined TRACON& Tower with Radar,169,54,83,0,306,0,74,114,0,188,169,128,197,0,494,0,0,0,494
07/26/2000,BUR,CA,AWP,WE,Combined TRACON& Tower with Radar,127,38,58,0,223,35,86,114,0,235,162,124,172,0,458,28,0,28,486
07/27/2000,BUR,CA,AWP,WE,Combined TRACON& Tower with Radar,168,58,88,0,314,0,73,133,7,213,168,131,221,7,527,18,0,18,545
07/28/2000,BUR,CA,AWP,WE,Combined TRACON& Tower with Radar,166,53,81,0,300,0,74,106,0,180,166,127,187,0,480,14,0,14,494
07/29/2000,BUR,CA,AWP,WE,Combined TRACON& Tower with Radar,133,31,61,0,225,20,0,100,0,120,153,31,161,0,345,6,0,6,351
07/30/2000,BUR,CA,AWP,WE,Combined TRACON& Tower with Radar,134,4,61,0,199,28,0,101,0,129,162,4,162,0,328,24,0,24,352
07/31/2000,BUR,CA,AWP,WE,Combined TRACON& Tower with Radar,173,52,79,0,304,10,36,80,0,126,183,88,159,0,430,10,0,10,440
08/01/2000,BUR,CA,AWP,WE,Combined TRACON& Tower with Radar,90,21,46,0,157,31,0,43,2,76,121,21,89,2,233,54,0,54,287
08/02/2000,BUR,CA,AWP,WE,Combined TRACON& Tower with Radar,148,53,76,0,277,11,62,89,0,162,159,115,165,0,439,0,0,0,439
08/03/2000,BUR,CA,AWP,WE,Combined TRACON& Tower with Radar,179,64,92,0,335,0,47,111,6,164,179,111,203,6,499,34,0,34,533
08/04/2000,BUR,CA,AWP,WE,Combined TRACON& Tower with Radar,179,64,92,0,335,0,44,121,0,165,179,108,213,0,500,58,0,58,558
08/05/2000,BUR,CA,AWP,WE,Combined TRACON& Tower with Radar,90,21,46,0,157,31,0,43,2,76,121,21,89,2,233,54,0,54,287
08/06/2000,BUR,CA,AWP,WE,Combined TRACON& Tower with Radar,125,21,64,0,210,23,0,113,0,136,148,21,177,0,346,30,0,30,376
08/07/2000,BUR,CA,AWP,WE,Combined TRACON& Tower with Radar,178,68,97,0,343,0,25,105,0,130,178,93,202,0,473,6,0,6,479
08/08/2000,BUR,CA,AWP,WE,Combined TRACON& Tower with Radar,159,69,99,0,327,0,56,102,0,158,159,125,201,0,485,16,0,16,501
08/09/2000,BUR,CA,AWP,WE,Combined TRACON& Tower with Radar,162,65,93,0,320,0,79,90,0,169,162,144,183,0,489,16,0,16,505
08/10/2000,BUR,CA,AWP,WE,Combined TRACON& Tower with Radar,150,57,82,0,289,0,68,130,0,198,150,125,212,0,487,6,0,6,493
08/11/2000,BUR,CA,AWP,WE,Combined TRACON& Tower with Radar,175,62,89,1,327,2,26,96,7,131,177,88,185,8,458,6,0,6,464
08/12/2000,BUR,CA,AWP,WE,Combined TRACON& Tower with Radar,113,16,57,0,186,12,0,98,0,110,125,16,155,0,296,4,0,4,300
08/13/2000,BUR,CA,AWP,WE,Combined TRACON& Tower with Radar,148,26,76,1,251,15,0,150,0,165,163,26,226,1,416,54,0,54,470
08/14/2000,BUR,CA,AWP,WE,Combined TRACON& Tower with Radar,169,60,86,0,315,16,17,91,0,124,185,77,177,0,439,32,0,32,471
08/15/2000,BUR,CA,AWP,WE,Combined TRACON& Tower with Radar,170,62,89,1,322,0,49,118,0,167,170,111,207,1,489,0,0,0,489
08/16/2000,BUR,CA,AWP,WE,Combined TRACON& Tower with Radar,177,63,91,1,332,1,67,104,0,172,178,130,195,1,504,0,0,0,504
08/17/2000,BUR,CA,AWP,WE,Combined TRACON& Tower with Radar,162,69,99,0,330,0,78,144,0,222,162,147,243,0,552,0,0,0,552
08/18/2000,BUR,CA,AWP,WE,Combined TRACON& Tower with Radar,166,67,96,0,329,0,57,158,0,215,166,124,254,0,544,18,0,18,562
08/19/2000,BUR,CA,AWP,WE,Combined TRACON& Tower with Radar,122,21,61,1,205,12,0,79,1,92,134,21,140,2,297,28,0,28,325
08/20/2000,BUR,CA,AWP,WE,Combined TRACON& Tower with Radar,111,11,55,0,177,26,0,87,0,113,137,11,142,0,290,63,0,63,353
08/21/2000,BUR,CA,AWP,WE,Combined TRACON& Tower with Radar,170,60,85,0,315,16,43,110,0,169,186,103,195,0,484,2,0,2,486
08/22/2000,BUR,CA,AWP,WE,Combined TRACON& Tower with Radar,177,70,100,0,347,0,64,112,0,176,177,134,212,0,523,0,0,0,523
08/23/2000,BUR,CA,AWP,WE,Combined TRACON& Tower with Radar,154,59,85,0,298,0,56,99,0,155,154,115,184,0,453,42,0,42,495
08/24/2000,BUR,CA,AWP,WE,Combined TRACON& Tower with Radar,128,45,65,0,238,34,79,164,0,277,162,124,229,0,515,38,0,38,553
08/25/2000,BUR,CA,AWP,WE,Combined TRACON& Tower with Radar,169,60,86,0,315,4,41,117,5,167,173,101,203,5,482,34,0,34,516
08/26/2000,BUR,CA,AWP,WE,Combined TRACON& Tower with Radar,92,25,46,0,163,26,0,73,0,99,118,25,119,0,262,54,0,54,316
08/27/2000,BUR,CA,AWP,WE,Combined TRACON& Tower with Radar,136,5,69,0,210,24,0,138,6,168,160,5,207,6,378,30,0,30,408
08/28/2000,BUR,CA,AWP,WE,Combined TRACON& Tower with Radar,157,57,82,0,296,0,21,87,0,108,157,78,169,0,404,18,0,18,422
08/29/2000,BUR,CA,AWP,WE,Combined TRACON& Tower with Radar,173,80,116,0,369,0,30,36,0,66,173,110,152,0,435,0,0,0,435
08/30/2000,BUR,CA,AWP,WE,Combined TRACON& Tower with Radar,165,70,102,0,337,0,48,80,0,128,165,118,182,0,465,34,0,34,499
08/31/2000,BUR,CA,AWP,WE,Combined TRACON& Tower with Radar,174,69,99,0,342,0,57,115,1,173,174,126,214,1,515,6,0,6,521
09/01/2000,BUR,CA,AWP,WE,Combined TRACON& Tower with Radar,169,62,99,0,330,0,33,89,8,130,169,95,188,8,460,11,0,11,471
09/02/2000,BUR,CA,AWP,WE,Combined TRACON& Tower with Radar,136,25,77,0,238,0,0,135,0,135,136,25,212,0,373,75,0,75,448
09/03/2000,BUR,CA,AWP,WE,Combined TRACON& Tower with Radar,97,11,53,0,161,18,0,94,0,112,115,11,147,0,273,24,0,24,297
09/04/2000,BUR,CA,AWP,WE,Combined TRACON& Tower with Radar,116,4,64,0,184,51,0,81,0,132,167,4,145,0,316,34,0,34,350
09/05/2000,BUR,CA,AWP,WE,Combined TRACON& Tower with Radar,161,56,89,0,306,16,32,140,0,188,177,88,229,0,494,54,0,54,548
09/06/2000,BUR,CA,AWP,WE,Combined TRACON& Tower with Radar,175,61,96,0,332,1,70,83,4,158,176,131,179,4,490,20,0,20,510
09/07/2000,BUR,CA,AWP,WE,Combined TRACON& Tower with Radar,154,53,84,0,291,6,64,89,0,159,160,117,173,0,450,2,0,2,452
09/08/2000,BUR,CA,AWP,WE,Combined TRACON& Tower with Radar,176,61,97,0,334,21,40,71,0,132,197,101,168,0,466,4,0,4,470
09/09/2000,BUR,CA,AWP,WE,Combined TRACON& Tower with Radar,137,31,75,0,243,12,0,108,1,121,149,31,183,1,364,18,0,18,382
09/10/2000,BUR,CA,AWP,WE,Combined TRACON& Tower with Radar,129,9,71,0,209,27,0,95,0,122,156,9,166,0,331,84,0,84,415
09/11/2000,BUR,CA,AWP,WE,Combined TRACON& Tower with Radar,169,59,93,0,321,5,39,107,2,153,174,98,200,2,474,0,0,0,474
09/12/2000,BUR,CA,AWP,WE,Combined TRACON& Tower with Radar,190,66,105,0,361,0,40,80,0,120,190,106,185,0,481,6,0,6,487
09/13/2000,BUR,CA,AWP,WE,Combined TRACON& Tower with Radar,165,59,94,0,318,0,61,132,0,193,165,120,226,0,511,8,0,8,519
09/14/2000,BUR,CA,AWP,WE,Combined TRACON& Tower with Radar,163,61,96,0,320,0,67,116,1,184,163,128,212,1,504,36,0,36,540
09/15/2000,BUR,CA,AWP,WE,Combined TRACON& Tower with Radar,194,67,106,0,367,0,39,114,9,162,194,106,220,9,529,16,0,16,545
09/16/2000,BUR,CA,AWP,WE,Combined TRACON& Tower with Radar,126,27,68,0,221,0,0,105,0,105,126,27,173,0,326,38,0,38,364
09/17/2000,BUR,CA,AWP,WE,Combined TRACON& Tower with Radar,125,11,68,0,204,29,0,128,0,157,154,11,196,0,361,56,0,56,417
09/18/2000,BUR,CA,AWP,WE,Combined TRACON& Tower with Radar,165,56,89,1,311,6,44,99,1,150,171,100,188,2,461,6,0,6,467
09/19/2000,BUR,CA,AWP,WE,Combined TRACON& Tower with Radar,167,61,98,1,327,0,49,95,0,144,167,110,193,1,471,20,0,20,491
09/20/2000,BUR,CA,AWP,WE,Combined TRACON& Tower with Radar,161,66,106,1,334,0,57,74,0,131,161,123,180,1,465,6,0,6,471
09/21/2000,BUR,CA,AWP,WE,Combined TRACON& Tower with Radar,168,71,114,1,354,0,35,68,1,104,168,106,182,2,458,26,0,26,484
09/22/2000,BUR,CA,AWP,WE,Combined TRACON& Tower with Radar,162,72,115,0,349,0,39,69,0,108,162,111,184,0,457,8,0,8,465
09/23/2000,BUR,CA,AWP,WE,Combined TRACON& Tower with Radar,127,11,69,1,208,0,0,99,7,106,127,11,168,8,314,94,0,94,408
09/24/2000,BUR,CA,AWP,WE,Combined TRACON& Tower with Radar,136,17,73,1,227,22,0,107,0,129,158,17,180,1,356,49,0,49,405
09/25/2000,BUR,CA,AWP,WE,Combined TRACON& Tower with Radar,167,56,90,1,314,20,43,125,2,190,187,99,215,3,504,8,0,8,512
09/26/2000,BUR,CA,AWP,WE,Combined TRACON& Tower with Radar,123,42,66,1,232,23,87,138,1,249,146,129,204,2,481,20,0,20,501
09/27/2000,BUR,CA,AWP,WE,Combined TRACON& Tower with Radar,173,67,107,0,347,0,44,86,0,130,173,111,193,0,477,20,0,20,497
09/28/2000,BUR,CA,AWP,WE,Combined TRACON& Tower with Radar,162,61,97,0,320,0,44,59,0,103,162,105,156,0,423,1,0,1,424
09/29/2000,BUR,CA,AWP,WE,Combined TRACON& Tower with Radar,174,70,112,0,356,0,42,77,0,119,174,112,189,0,475,10,0,10,485
09/30/2000,BUR,CA,AWP,WE,Combined TRACON& Tower with Radar,141,23,79,0,243,0,0,107,0,107,141,23,186,0,350,20,0,20,370
10/01/2000,BUR,CA,AWP,WE,Combined TRACON& Tower with Radar,114,10,62,0,186,22,0,90,0,112,136,10,152,0,298,38,0,38,336
10/02/2000,BUR,CA,AWP,WE,Combined TRACON& Tower with Radar,170,65,94,0,329,0,28,87,0,115,170,93,181,0,444,10,0,10,454
10/03/2000,BUR,CA,AWP,WE,Combined TRACON& Tower with Radar,150,69,99,0,318,0,39,78,0,117,150,108,177,0,435,8,0,8,443
10/04/2000,BUR,CA,AWP,WE,Combined TRACON& Tower with Radar,154,72,103,0,329,0,32,57,0,89,154,104,160,0,418,0,0,0,418
10/05/2000,BUR,CA,AWP,WE,Combined TRACON& Tower with Radar,173,74,105,0,352,0,40,89,0,129,173,114,194,0,481,56,0,56,537
10/06/2000,BUR,CA,AWP,WE,Combined TRACON& Tower with Radar,162,79,114,0,355,0,29,47,0,76,162,108,161,0,431,44,0,44,475
10/07/2000,BUR,CA,AWP,WE,Combined TRACON& Tower with Radar,133,22,72,0,227,0,0,72,0,72,133,22,144,0,299,76,0,76,375
10/08/2000,BUR,CA,AWP,WE,Combined TRACON& Tower with Radar,157,9,85,0,251,6,0,102,0,108,163,9,187,0,359,44,0,44,403
10/09/2000,BUR,CA,AWP,WE,Combined TRACON& Tower with Radar,141,33,76,0,250,23,0,32,0,55,164,33,108,0,305,0,0,0,305
10/10/2000,BUR,CA,AWP,WE,Combined TRACON& Tower with Radar,162,61,87,0,310,0,26,73,0,99,162,87,160,0,409,2,0,2,411
10/11/2000,BUR,CA,AWP,WE,Combined TRACON& Tower with Radar,159,68,98,0,325,0,46,91,0,137,159,114,189,0,462,8,0,8,470
10/12/2000,BUR,CA,AWP,WE,Combined TRACON& Tower with Radar,180,76,109,0,365,0,42,89,2,133,180,118,198,2,498,20,0,20,518
10/13/2000,BUR,CA,AWP,WE,Combined TRACON& Tower with Radar,166,63,90,0,319,7,29,90,1,127,173,92,180,1,446,28,0,28,474
10/14/2000,BUR,CA,AWP,WE,Combined TRACON& Tower with Radar,115,29,62,0,206,20,0,95,4,119,135,29,157,4,325,39,0,39,364
10/15/2000,BUR,CA,AWP,WE,Combined TRACON& Tower with Radar,111,11,60,1,183,36,0,61,1,98,147,11,121,2,281,66,0,66,347
10/16/2000,BUR,CA,AWP,WE,Combined TRACON& Tower with Radar,151,56,82,0,289,21,38,85,0,144,172,94,167,0,433,14,0,14,447
10/17/2000,BUR,CA,AWP,WE,Combined TRACON& Tower with Radar,149,55,79,0,283,7,55,81,0,143,156,110,160,0,426,4,0,4,430
10/18/2000,BUR,CA,AWP,WE,Combined TRACON& Tower with Radar,140,55,79,0,274,0,42,18,0,60,140,97,97,0,334,6,0,6,340
10/19/2000,BUR,CA,AWP,WE,Combined TRACON& Tower with Radar,134,64,93,0,291,0,51,60,0,111,134,115,153,0,402,6,0,6,408
10/20/2000,BUR,CA,AWP,WE,Combined TRACON& Tower with Radar,168,78,112,0,358,0,27,27,0,54,168,105,139,0,412,0,0,0,412
10/21/2000,BUR,CA,AWP,WE,Combined TRACON& Tower with Radar,120,42,64,0,226,4,0,52,0,56,124,42,116,0,282,0,0,0,282
10/22/2000,BUR,CA,AWP,WE,Combined TRACON& Tower with Radar,113,9,60,0,182,24,0,89,0,113,137,9,149,0,295,26,0,26,321
10/23/2000,BUR,CA,AWP,WE,Combined TRACON& Tower with Radar,137,50,72,0,259,6,32,87,0,125,143,82,159,0,384,43,0,43,427
10/24/2000,BUR,CA,AWP,WE,Combined TRACON& Tower with Radar,100,37,52,0,189,46,66,83,0,195,146,103,135,0,384,44,0,44,428
10/25/2000,BUR,CA,AWP,WE,Combined TRACON& Tower with Radar,167,66,96,1,330,0,56,120,2,178,167,122,216,3,508,18,0,18,526
10/26/2000,BUR,CA,AWP,WE,Combined TRACON& Tower with Radar,128,47,69,0,244,41,57,111,0,209,169,104,180,0,453,78,0,78,531
10/27/2000,BUR,CA,AWP,WE,Combined TRACON& Tower with Radar,145,66,95,0,306,0,77,75,0,152,145,143,170,0,458,0,0,0,458
10/28/2000,BUR,CA,AWP,WE,Combined TRACON& Tower with Radar,118,32,64,0,214,13,0,31,0,44,131,32,95,0,258,46,0,46,304
10/29/2000,BUR,CA,AWP,WE,Combined TRACON& Tower with Radar,124,8,67,0,199,19,0,32,0,51,143,8,99,0,250,58,0,58,308
10/30/2000,BUR,CA,AWP,WE,Combined TRACON& Tower with Radar,152,56,81,0,289,12,43,72,3,130,164,99,153,3,419,50,0,50,469
10/31/2000,BUR,CA,AWP,WE,Combined TRACON& Tower with Radar,156,58,84,0,298,21,69,48,4,142,177,127,132,4,440,6,0,6,446
11/01/2000,BUR,CA,AWP,WE,Combined TRACON& Tower with Radar,157,61,89,0,307,0,60,102,8,170,157,121,191,8,477,32,0,32,509
11/02/2000,BUR,CA,AWP,WE,Combined TRACON& Tower with Radar,159,60,87,0,306,3,60,84,1,148,162,120,171,1,454,24,0,24,478
11/03/2000,BUR,CA,AWP,WE,Combined TRACON& Tower with Radar,163,62,91,0,316,0,25,59,2,86,163,87,150,2,402,4,0,4,406
11/04/2000,BUR,CA,AWP,WE,Combined TRACON& Tower with Radar,111,21,61,0,193,10,0,89,14,113,121,21,150,14,306,82,0,82,388
11/05/2000,BUR,CA,AWP,WE,Combined TRACON& Tower with Radar,124,6,68,1,199,20,0,86,3,109,144,6,154,4,308,32,0,32,340
11/06/2000,BUR,CA,AWP,WE,Combined TRACON& Tower with Radar,174,65,99,1,339,0,18,55,1,74,174,83,154,2,413,34,0,34,447
11/07/2000,BUR,CA,AWP,WE,Combined TRACON& Tower with Radar,156,57,86,0,299,9,46,72,0,127,165,103,158,0,426,20,0,20,446
11/08/2000,BUR,CA,AWP,WE,Combined TRACON& Tower with Radar,153,59,87,0,299,0,49,146,0,195,153,108,233,0,494,20,0,20,514
11/09/2000,BUR,CA,AWP,WE,Combined TRACON& Tower with Radar,174,72,107,0,353,0,57,84,0,141,174,129,191,0,494,8,0,8,502
11/10/2000,BUR,CA,AWP,WE,Combined TRACON& Tower with Radar,157,65,97,1,320,0,24,78,0,102,157,89,175,1,422,24,0,24,446
11/11/2000,BUR,CA,AWP,WE,Combined TRACON& Tower with Radar,139,27,80,0,246,0,0,137,0,137,139,27,217,0,383,28,0,28,411
11/12/2000,BUR,CA,AWP,WE,Combined TRACON& Tower with Radar,122,8,67,0,197,21,0,107,0,128,143,8,174,0,325,32,0,32,357
11/13/2000,BUR,CA,AWP,WE,Combined TRACON& Tower with Radar,158,61,92,0,311,0,36,104,0,140,158,97,196,0,451,28,0,28,479
11/14/2000,BUR,CA,AWP,WE,Combined TRACON& Tower with Radar,170,63,93,1,327,1,69,77,1,148,171,132,170,2,475,38,0,38,513
11/15/2000,BUR,CA,AWP,WE,Combined TRACON& Tower with Radar,130,51,76,0,257,0,48,97,0,145,130,99,173,0,402,22,0,22,424
11/16/2000,BUR,CA,AWP,WE,Combined TRACON& Tower with Radar,147,59,87,0,293,0,50,104,0,154,147,109,191,0,447,0,0,0,447
11/17/2000,BUR,CA,AWP,WE,Combined TRACON& Tower with Radar,170,65,98,1,334,0,42,90,1,133,170,107,188,2,467,4,0,4,471
11/18/2000,BUR,CA,AWP,WE,Combined TRACON& Tower with Radar,113,24,61,1,199,2,0,110,0,112,115,24,171,1,311,140,0,140,451
11/19/2000,BUR,CA,AWP,WE,Combined TRACON& Tower with Radar,122,11,66,0,199,32,0,91,0,123,154,11,157,0,322,26,0,26,348
11/20/2000,BUR,CA,AWP,WE,Combined TRACON& Tower with Radar,149,54,81,0,284,24,36,55,0,115,173,90,136,0,399,92,0,92,491
11/21/2000,BUR,CA,AWP,WE,Combined TRACON& Tower with Radar,161,58,87,0,306,3,44,115,0,162,164,102,202,0,468,10,0,10,478
11/22/2000,BUR,CA,AWP,WE,Combined TRACON& Tower with Radar,160,63,92,0,315,0,53,94,0,147,160,116,186,0,462,0,0,0,462
11/23/2000,BUR,CA,AWP,WE,Combined TRACON& Tower with Radar,80,23,42,0,145,27,0,61,0,88,107,23,103,0,233,0,0,0,233
11/24/2000,BUR,CA,AWP,WE,Combined TRACON& Tower with Radar,95,34,51,0,180,10,17,111,0,138,105,51,162,0,318,24,0,24,342
11/25/2000,BUR,CA,AWP,WE,Combined TRACON& Tower with Radar,114,11,61,0,186,5,0,130,0,135,119,11,191,0,321,26,0,26,347
11/26/2000,BUR,CA,AWP,WE,Combined TRACON& Tower with Radar,145,13,79,0,237,13,0,139,0,152,158,13,218,0,389,16,0,16,405
11/27/2000,BUR,CA,AWP,WE,Combined TRACON& Tower with Radar,166,61,90,0,317,2,49,71,0,122,168,110,161,0,439,0,0,0,439
11/28/2000,BUR,CA,AWP,WE,Combined TRACON& Tower with Radar,159,66,98,0,323,0,70,112,0,182,159,136,210,0,505,0,0,0,505
11/29/2000,BUR,CA,AWP,WE,Combined TRACON& Tower with Radar,151,64,95,0,310,0,44,97,0,141,151,108,192,0,451,12,0,12,463
11/30/2000,BUR,CA,AWP,WE,Combined TRACON& Tower with Radar,150,59,89,0,298,0,80,76,0,156,150,139,165,0,454,54,0,54,508
12/01/2000,BUR,CA,AWP,WE,Combined TRACON& Tower with Radar,163,61,83,0,307,0,48,82,0,130,163,109,165,0,437,38,0,38,475
12/02/2000,BUR,CA,AWP,WE,Combined TRACON& Tower with Radar,118,22,55,0,195,0,0,92,0,92,118,22,147,0,287,48,0,48,335
12/03/2000,BUR,CA,AWP,WE,Combined TRACON& Tower with Radar,142,3,65,0,210,15,0,120,0,135,157,3,185,0,345,32,0,32,377
12/04/2000,BUR,CA,AWP,WE,Combined TRACON& Tower with Radar,168,58,78,0,304,6,23,138,0,167,174,81,216,0,471,35,0,35,506
12/05/2000,BUR,CA,AWP,WE,Combined TRACON& Tower with Radar,174,65,87,0,326,0,59,113,0,172,174,124,200,0,498,11,0,11,509
12/06/2000,BUR,CA,AWP,WE,Combined TRACON& Tower with Radar,148,56,76,0,280,0,58,94,1,153,148,114,170,1,433,20,0,20,453
12/07/2000,BUR,CA,AWP,WE,Combined TRACON& Tower with Radar,154,59,80,0,293,0,78,94,0,172,154,137,174,0,465,8,0,8,473
12/08/2000,BUR,CA,AWP,WE,Combined TRACON& Tower with Radar,171,72,98,0,341,0,24,58,0,82,171,96,156,0,423,16,0,16,439
12/09/2000,BUR,CA,AWP,WE,Combined TRACON& Tower with Radar,114,31,60,0,205,0,0,60,2,62,114,31,120,2,267,38,0,38,305
12/10/2000,BUR,CA,AWP,WE,Combined TRACON& Tower with Radar,148,3,69,0,220,13,0,76,2,91,161,3,145,2,311,84,0,84,395
12/11/2000,BUR,CA,AWP,WE,Combined TRACON& Tower with Radar,154,53,71,0,278,2,33,65,0,100,156,86,136,0,378,34,0,34,412
12/12/2000,BUR,CA,AWP,WE,Combined TRACON& Tower with Radar,164,65,88,0,317,0,68,87,0,155,164,133,175,0,472,8,0,8,480
12/13/2000,BUR,CA,AWP,WE,Combined TRACON& Tower with Radar,158,59,80,0,297,0,68,81,0,149,158,127,161,0,446,0,0,0,446
12/14/2000,BUR,CA,AWP,WE,Combined TRACON& Tower with Radar,163,60,82,0,305,0,62,79,0,141,163,122,161,0,446,66,0,66,512
12/15/2000,BUR,CA,AWP,WE,Combined TRACON& Tower with Radar,172,65,88,0,325,0,57,72,0,129,172,122,160,0,454,60,0,60,514
12/16/2000,BUR,CA,AWP,WE,Combined TRACON& Tower with Radar,141,34,65,0,240,0,0,151,0,151,141,34,216,0,391,168,0,168,559
12/17/2000,BUR,CA,AWP,WE,Combined TRACON& Tower with Radar,127,6,57,0,190,25,0,96,0,121,152,6,153,0,311,29,0,29,340
12/18/2000,BUR,CA,AWP,WE,Combined TRACON& Tower with Radar,147,49,66,0,262,17,40,71,0,128,164,89,137,0,390,32,0,32,422
12/19/2000,BUR,CA,AWP,WE,Combined TRACON& Tower with Radar,168,61,84,1,314,0,55,80,0,135,168,116,164,1,449,6,0,6,455
12/20/2000,BUR,CA,AWP,WE,Combined TRACON& Tower with Radar,162,58,80,0,300,0,56,97,0,153,162,114,177,0,453,20,0,20,473
12/21/2000,BUR,CA,AWP,WE,Combined TRACON& Tower with Radar,186,63,86,0,335,0,69,85,0,154,186,132,171,0,489,24,0,24,513
12/22/2000,BUR,CA,AWP,WE,Combined TRACON& Tower with Radar,183,67,90,0,340,0,48,154,0,202,183,115,244,0,542,0,0,0,542
12/23/2000,BUR,CA,AWP,WE,Combined TRACON& Tower with Radar,134,46,66,0,246,0,0,91,0,91,134,46,157,0,337,0,0,0,337
12/24/2000,BUR,CA,AWP,WE,Combined TRACON& Tower with Radar,110,7,51,0,168,37,0,46,0,83,147,7,97,0,251,43,0,43,294
12/25/2000,BUR,CA,AWP,WE,Combined TRACON& Tower with Radar,86,9,29,0,124,45,0,0,0,45,131,9,29,0,169,2,0,2,171
12/26/2000,BUR,CA,AWP,WE,Combined TRACON& Tower with Radar,122,41,56,0,219,48,28,89,0,165,170,69,145,0,384,0,0,0,384
12/27/2000,BUR,CA,AWP,WE,Combined TRACON& Tower with Radar,147,49,67,0,263,11,66,88,2,167,158,115,155,2,430,30,0,30,460
12/28/2000,BUR,CA,AWP,WE,Combined TRACON& Tower with Radar,163,54,75,0,292,11,57,95,0,163,174,111,170,0,455,43,0,43,498
12/29/2000,BUR,CA,AWP,WE,Combined TRACON& Tower with Radar,183,65,89,0,337,0,73,107,13,193,183,138,196,13,530,34,0,34,564
12/30/2000,BUR,CA,AWP,WE,Combined TRACON& Tower with Radar,124,27,57,0,208,10,0,89,14,113,134,27,146,14,321,64,0,64,385
12/31/2000,BUR,CA,AWP,WE,Combined TRACON& Tower with Radar,113,10,52,0,175,23,0,63,2,88,136,10,115,2,263,18,0,18,281
01/01/2001,BUR,CA,AWP,WE,Combined TRACON& Tower with Radar,147,12,68,0,227,2,0,81,25,108,149,12,149,25,335,0,0,0,335
01/02/2001,BUR,CA,AWP,WE,Combined TRACON& Tower with Radar,147,51,71,0,269,0,17,103,6,126,147,68,174,6,395,0,0,0,395
01/03/2001,BUR,CA,AWP,WE,Combined TRACON& Tower with Radar,172,59,80,0,311,0,42,102,0,144,172,101,182,0,455,18,0,18,473
01/04/2001,BUR,CA,AWP,WE,Combined TRACON& Tower with Radar,142,52,72,0,266,0,70,140,0,210,142,122,212,0,476,10,0,10,486
01/05/2001,BUR,CA,AWP,WE,Combined TRACON& Tower with Radar,163,55,76,0,294,0,37,100,0,137,163,92,176,0,431,54,0,54,485
01/06/2001,BUR,CA,AWP,WE,Combined TRACON& Tower with Radar,119,25,54,0,198,11,0,93,1,105,130,25,147,1,303,36,0,36,339
01/07/2001,BUR,CA,AWP,WE,Combined TRACON& Tower with Radar,122,8,56,0,186,24,0,72,0,96,146,8,128,0,282,0,0,0,282
01/08/2001,BUR,CA,AWP,WE,Combined TRACON& Tower with Radar,160,53,74,0,287,10,10,22,0,42,170,63,96,0,329,9,0,9,338
01/09/2001,BUR,CA,AWP,WE,Combined TRACON& Tower with Radar,179,62,86,0,327,0,57,62,0,119,179,119,148,0,446,22,0,22,468
01/10/2001,BUR,CA,AWP,WE,Combined TRACON& Tower with Radar,165,67,92,0,324,0,48,32,0,80,165,115,124,0,404,0,0,0,404
01/11/2001,BUR,CA,AWP,WE,Combined TRACON& Tower with Radar,166,65,89,0,320,0,62,38,0,100,166,127,127,0,420,22,0,22,442
01/12/2001,BUR,CA,AWP,WE,Combined TRACON& Tower with Radar,140,50,68,0,258,0,46,33,2,81,140,96,101,2,339,6,0,6,345
01/13/2001,BUR,CA,AWP,WE,Combined TRACON& Tower with Radar,135,19,63,0,217,15,0,89,0,104,150,19,152,0,321,55,0,55,376
01/14/2001,BUR,CA,AWP,WE,Combined TRACON& Tower with Radar,135,14,63,0,212,36,0,57,0,93,171,14,120,0,305,74,0,74,379
01/15/2001,BUR,CA,AWP,WE,Combined TRACON& Tower with Radar,139,24,64,1,228,35,0,78,4,117,174,24,142,5,345,109,0,109,454
01/16/2001,BUR,CA,AWP,WE,Combined TRACON& Tower with Radar,137,48,66,0,251,0,47,60,0,107,137,95,126,0,358,2,0,2,360
01/17/2001,BUR,CA,AWP,WE,Combined TRACON& Tower with Radar,177,58,81,0,316,0,52,73,0,125,177,110,154,0,441,10,0,10,451
01/18/2001,BUR,CA,AWP,WE,Combined TRACON& Tower with Radar,165,61,85,1,312,0,69,133,3,205,165,130,218,4,517,14,0,14,531
01/19/2001,BUR,CA,AWP,WE,Combined TRACON& Tower with Radar,169,63,87,0,319,0,55,109,0,164,169,118,196,0,483,4,0,4,487
01/20/2001,BUR,CA,AWP,WE,Combined TRACON& Tower with Radar,117,34,52,1,204,6,0,103,1,110,123,34,155,2,314,37,0,37,351
01/21/2001,BUR,CA,AWP,WE,Combined TRACON& Tower with Radar,151,12,68,0,231,16,0,91,0,107,167,12,159,0,338,40,0,40,378
01/22/2001,BUR,CA,AWP,WE,Combined TRACON& Tower with Radar,158,52,72,0,282,0,29,77,0,106,158,81,149,0,388,26,0,26,414
01/23/2001,BUR,CA,AWP,WE,Combined TRACON& Tower with Radar,151,57,78,0,286,0,78,84,0,162,151,135,162,0,448,8,0,8,456
01/24/2001,BUR,CA,AWP,WE,Combined TRACON& Tower with Radar,134,44,60,0,238,36,58,56,0,150,170,102,116,0,388,0,0,0,388
01/25/2001,BUR,CA,AWP,WE,Combined TRACON& Tower with Radar,158,59,82,0,299,0,56,111,2,169,158,115,193,2,468,0,0,0,468
01/26/2001,BUR,CA,AWP,WE,Combined TRACON& Tower with Radar,140,45,64,0,249,22,38,74,0,134,162,83,138,0,383,12,0,12,395
01/27/2001,BUR,CA,AWP,WE,Combined TRACON& Tower with Radar,124,24,57,0,205,0,0,83,0,83,124,24,140,0,288,26,0,26,314
01/28/2001,BUR,CA,AWP,WE,Combined TRACON& Tower with Radar,148,12,67,0,227,14,0,76,3,93,162,12,143,3,320,28,0,28,348
01/29/2001,BUR,CA,AWP,WE,Combined TRACON& Tower with Radar,171,61,84,0,316,0,22,84,0,106,171,83,168,0,422,14,0,14,436
01/30/2001,BUR,CA,AWP,WE,Combined TRACON& Tower with Radar,162,57,79,0,298,0,60,99,0,159,162,117,178,0,457,51,0,51,508
01/31/2001,BUR,CA,AWP,WE,Combined TRACON& Tower with Radar,165,54,76,0,295,8,41,51,4,104,173,95,127,4,399,0,0,0,399
02/01/2001,BUR,CA,AWP,WE,Combined TRACON& Tower with Radar,173,69,88,0,330,0,54,121,0,175,173,123,209,0,505,54,0,54,559
02/02/2001,BUR,CA,AWP,WE,Combined TRACON& Tower with Radar,166,65,85,0,316,0,36,96,2,134,166,101,181,2,450,28,0,28,478
02/03/2001,BUR,CA,AWP,WE,Combined TRACON& Tower with Radar,121,20,61,0,202,14,0,125,2,141,135,20,186,2,343,74,0,74,417
02/04/2001,BUR,CA,AWP,WE,Combined TRACON& Tower with Radar,128,2,64,0,194,30,0,114,0,144,158,2,178,0,338,20,0,20,358
02/05/2001,BUR,CA,AWP,WE,Combined TRACON& Tower with Radar,175,69,90,0,334,0,29,131,0,160,175,98,221,0,494,44,0,44,538
02/06/2001,BUR,CA,AWP,WE,Combined TRACON& Tower with Radar,185,72,93,0,350,3,53,89,2,147,188,125,182,2,497,78,0,78,575
02/07/2001,BUR,CA,AWP,WE,Combined TRACON& Tower with Radar,157,61,79,0,297,7,48,50,0,105,164,109,129,0,402,20,0,20,422
02/08/2001,BUR,CA,AWP,WE,Combined TRACON& Tower with Radar,192,78,101,0,371,0,85,102,1,188,192,163,203,1,559,50,0,50,609
02/09/2001,BUR,CA,AWP,WE,Combined TRACON& Tower with Radar,170,71,91,0,332,0,50,73,0,123,170,121,164,0,455,22,0,22,477
02/10/2001,BUR,CA,AWP,WE,Combined TRACON& Tower with Radar,100,28,50,0,178,27,0,6,2,35,127,28,56,2,213,0,0,0,213
02/11/2001,BUR,CA,AWP,WE,Combined TRACON& Tower with Radar,133,20,68,0,221,24,0,34,0,58,157,20,102,0,279,44,0,44,323
02/12/2001,BUR,CA,AWP,WE,Combined TRACON& Tower with Radar,169,73,95,0,337,0,25,40,0,65,169,98,135,0,402,0,0,0,402
02/13/2001,BUR,CA,AWP,WE,Combined TRACON& Tower with Radar,153,72,94,1,320,0,39,26,1,66,153,111,120,2,386,35,0,35,421
02/14/2001,BUR,CA,AWP,WE,Combined TRACON& Tower with Radar,168,70,91,0,329,0,73,91,0,164,168,143,182,0,493,14,0,14,507
02/15/2001,BUR,CA,AWP,WE,Combined TRACON& Tower with Radar,182,70,91,0,343,6,54,122,0,182,188,124,213,0,525,18,0,18,543
02/16/2001,BUR,CA,AWP,WE,Combined TRACON& Tower with Radar,186,81,105,1,373,0,60,143,0,203,186,141,248,1,576,90,0,90,666
02/17/2001,BUR,CA,AWP,WE,Combined TRACON& Tower with Radar,129,29,66,0,224,0,0,144,0,144,129,29,210,0,368,103,0,103,471
02/18/2001,BUR,CA,AWP,WE,Combined TRACON& Tower with Radar,128,3,63,1,195,29,0,37,4,70,157,3,100,5,265,34,0,34,299
02/19/2001,BUR,CA,AWP,WE,Combined TRACON& Tower with Radar,168,47,83,0,298,23,0,55,0,78,191,47,138,0,376,4,0,4,380
02/20/2001,BUR,CA,AWP,WE,Combined TRACON& Tower with Radar,161,61,80,0,302,2,4,94,0,100,163,65,174,0,402,32,0,32,434
02/21/2001,BUR,CA,AWP,WE,Combined TRACON& Tower with Radar,173,71,93,0,337,0,54,138,0,192,173,125,231,0,529,18,0,18,547
02/22/2001,BUR,CA,AWP,WE,Combined TRACON& Tower with Radar,165,78,100,0,343,0,50,115,0,165,165,128,215,0,508,0,0,0,508
02/23/2001,BUR,CA,AWP,WE,Combined TRACON& Tower with Radar,167,71,93,0,331,0,39,87,0,126,167,110,180,0,457,18,0,18,475
02/24/2001,BUR,CA,AWP,WE,Combined TRACON& Tower with Radar,93,19,47,0,159,21,0,36,0,57,114,19,83,0,216,42,0,42,258
02/25/2001,BUR,CA,AWP,WE,Combined TRACON& Tower with Radar,131,9,65,0,205,25,0,23,0,48,156,9,88,0,253,0,0,0,253
02/26/2001,BUR,CA,AWP,WE,Combined TRACON& Tower with Radar,159,61,79,0,299,33,27,82,0,142,192,88,161,0,441,18,0,18,459
02/27/2001,BUR,CA,AWP,WE,Combined TRACON& Tower with Radar,164,73,95,0,332,0,55,48,0,103,164,128,143,0,435,18,0,18,453
02/28/2001,BUR,CA,AWP,WE,Combined TRACON& Tower with Radar,156,69,90,0,315,0,43,50,0,93,156,112,140,0,408,32,0,32,440
03/01/2001,BUR,CA,AWP,WE,Combined TRACON& Tower with Radar,172,71,116,0,359,7,52,87,4,150,179,123,203,4,509,14,0,14,523
03/02/2001,BUR,CA,AWP,WE,Combined TRACON& Tower with Radar,154,70,115,0,339,0,36,82,0,118,154,106,197,0,457,82,0,82,539
03/03/2001,BUR,CA,AWP,WE,Combined TRACON& Tower with Radar,121,19,81,0,221,13,0,77,7,97,134,19,158,7,318,264,0,264,582
03/04/2001,BUR,CA,AWP,WE,Combined TRACON& Tower with Radar,108,8,72,0,188,37,0,13,1,51,145,8,85,1,239,100,0,100,339
03/05/2001,BUR,CA,AWP,WE,Combined TRACON& Tower with Radar,165,69,111,0,345,25,11,33,0,69,190,80,144,0,414,14,0,14,428
03/06/2001,BUR,CA,AWP,WE,Combined TRACON& Tower with Radar,161,67,108,0,336,5,43,23,0,71,166,110,131,0,407,22,0,22,429
03/07/2001,BUR,CA,AWP,WE,Combined TRACON& Tower with Radar,166,70,114,0,350,0,55,88,0,143,166,125,202,0,493,18,0,18,511
03/08/2001,BUR,CA,AWP,WE,Combined TRACON& Tower with Radar,175,87,141,0,403,0,26,129,2,157,175,113,270,2,560,90,0,90,650
03/09/2001,BUR,CA,AWP,WE,Combined TRACON& Tower with Radar,183,82,134,0,399,0,18,51,0,69,183,100,185,0,468,65,0,65,533
03/10/2001,BUR,CA,AWP,WE,Combined TRACON& Tower with Radar,119,16,80,0,215,6,0,133,0,139,125,16,213,0,354,180,0,180,534
03/11/2001,BUR,CA,AWP,WE,Combined TRACON& Tower with Radar,144,11,97,0,252,17,0,89,0,106,161,11,186,0,358,84,0,84,442
03/12/2001,BUR,CA,AWP,WE,Combined TRACON& Tower with Radar,172,71,115,0,358,17,17,117,0,151,189,88,232,0,509,30,0,30,539
03/13/2001,BUR,CA,AWP,WE,Combined TRACON& Tower with Radar,168,70,114,0,352,0,65,111,0,176,168,135,225,0,528,36,0,36,564
03/14/2001,BUR,CA,AWP,WE,Combined TRACON& Tower with Radar,183,76,124,0,383,0,60,68,0,128,183,136,192,0,511,20,0,20,531
03/15/2001,BUR,CA,AWP,WE,Combined TRACON& Tower with Radar,158,67,111,0,336,0,53,82,0,135,158,120,193,0,471,20,0,20,491
03/16/2001,BUR,CA,AWP,WE,Combined TRACON& Tower with Radar,165,75,124,0,364,0,30,85,0,115,165,105,209,0,479,58,0,58,537
03/17/2001,BUR,CA,AWP,WE,Combined TRACON& Tower with Radar,126,26,84,0,236,0,0,125,0,125,126,26,209,0,361,147,0,147,508
03/18/2001,BUR,CA,AWP,WE,Combined TRACON& Tower with Radar,140,23,92,0,255,22,0,93,0,115,162,23,185,0,370,60,0,60,430
03/19/2001,BUR,CA,AWP,WE,Combined TRACON& Tower with Radar,164,67,109,1,341,14,13,130,6,163,178,80,239,7,504,24,0,24,528
03/20/2001,BUR,CA,AWP,WE,Combined TRACON& Tower with Radar,157,65,107,0,329,0,62,100,0,162,157,127,207,0,491,20,0,20,511
03/21/2001,BUR,CA,AWP,WE,Combined TRACON& Tower with Radar,159,74,122,0,355,0,56,59,0,115,159,130,181,0,470,10,0,10,480
03/22/2001,BUR,CA,AWP,WE,Combined TRACON& Tower with Radar,161,79,129,1,370,0,49,81,0,130,161,128,210,1,500,32,0,32,532
03/23/2001,BUR,CA,AWP,WE,Combined TRACON& Tower with Radar,184,76,125,0,385,0,14,59,0,73,184,90,184,0,458,8,0,8,466
03/24/2001,BUR,CA,AWP,WE,Combined TRACON& Tower with Radar,119,31,79,1,230,5,0,84,1,90,124,31,163,2,320,28,0,28,348
03/25/2001,BUR,CA,AWP,WE,Combined TRACON& Tower with Radar,140,16,92,0,248,13,0,102,0,115,153,16,194,0,363,41,0,41,404
03/26/2001,BUR,CA,AWP,WE,Combined TRACON& Tower with Radar,152,62,101,0,315,44,51,114,0,209,196,113,215,0,524,0,0,0,524
03/27/2001,BUR,CA,AWP,WE,Combined TRACON& Tower with Radar,158,74,121,0,353,0,41,116,0,157,158,115,237,0,510,68,0,68,578
03/28/2001,BUR,CA,AWP,WE,Combined TRACON& Tower with Radar,171,69,113,0,353,3,41,37,0,81,174,110,150,0,434,28,0,28,462
03/29/2001,BUR,CA,AWP,WE,Combined TRACON& Tower with Radar,177,74,123,0,374,0,41,102,0,143,177,115,225,0,517,52,0,52,569
03/30/2001,BUR,CA,AWP,WE,Combined TRACON& Tower with Radar,163,72,119,0,354,0,33,95,0,128,163,105,214,0,482,24,0,24,506
03/31/2001,BUR,CA,AWP,WE,Combined TRACON& Tower with Radar,127,26,97,0,250,0,0,116,0,116,127,26,213,0,366,54,0,54,420
04/01/2001,BUR,CA,AWP,WE,Combined TRACON& Tower with Radar,145,17,95,0,257,5,0,49,0,54,150,17,144,0,311,0,0,0,311
04/02/2001,BUR,CA,AWP,WE,Combined TRACON& Tower with Radar,166,66,115,0,347,0,20,64,4,88,166,86,179,4,435,24,0,24,459
04/03/2001,BUR,CA,AWP,WE,Combined TRACON& Tower with Radar,183,78,136,0,397,0,63,62,0,125,183,141,198,0,522,32,0,32,554
04/04/2001,BUR,CA,AWP,WE,Combined TRACON& Tower with Radar,167,66,115,0,348,0,52,101,0,153,167,118,216,0,501,54,0,54,555
04/05/2001,BUR,CA,AWP,WE,Combined TRACON& Tower with Radar,193,80,141,0,414,0,32,76,0,108,193,112,217,0,522,20,0,20,542
04/06/2001,BUR,CA,AWP,WE,Combined TRACON& Tower with Radar,166,68,119,0,353,0,26,90,0,116,166,94,209,0,469,92,0,92,561
04/07/2001,BUR,CA,AWP,WE,Combined TRACON& Tower with Radar,110,34,72,0,216,15,0,66,1,82,125,34,138,1,298,24,0,24,322
04/08/2001,BUR,CA,AWP,WE,Combined TRACON& Tower with Radar,141,20,93,0,254,10,0,128,0,138,151,20,221,0,392,50,0,50,442
04/09/2001,BUR,CA,AWP,WE,Combined TRACON& Tower with Radar,169,64,111,0,344,17,28,26,0,71,186,92,137,0,415,6,0,6,421
04/10/2001,BUR,CA,AWP,WE,Combined TRACON& Tower with Radar,168,68,119,0,355,0,40,120,1,161,168,108,239,1,516,80,0,80,596
04/11/2001,BUR,CA,AWP,WE,Combined TRACON& Tower with Radar,176,67,116,0,359,0,29,89,8,126,176,96,205,8,485,65,0,65,550
04/12/2001,BUR,CA,AWP,WE,Combined TRACON& Tower with Radar,188,71,125,0,384,0,47,94,0,141,188,118,219,0,525,46,0,46,571
04/13/2001,BUR,CA,AWP,WE,Combined TRACON& Tower with Radar,141,52,92,0,285,14,51,93,0,158,155,103,185,0,443,100,0,100,543
04/14/2001,BUR,CA,AWP,WE,Combined TRACON& Tower with Radar,97,36,64,0,197,2,0,84,0,86,99,36,148,0,283,50,0,50,333
04/15/2001,BUR,CA,AWP,WE,Combined TRACON& Tower with Radar,105,8,69,0,182,42,0,60,0,102,147,8,129,0,284,20,0,20,304
04/16/2001,BUR,CA,AWP,WE,Combined TRACON& Tower with Radar,150,56,99,0,305,11,46,79,0,136,161,102,178,0,441,22,0,22,463
04/17/2001,BUR,CA,AWP,WE,Combined TRACON& Tower with Radar,167,63,111,0,341,0,63,86,0,149,167,126,197,0,490,42,0,42,532
04/18/2001,BUR,CA,AWP,WE,Combined TRACON& Tower with Radar,154,57,100,0,311,8,58,82,0,148,162,115,182,0,459,0,0,0,459
04/19/2001,BUR,CA,AWP,WE,Combined TRACON& Tower with Radar,180,73,127,1,381,0,47,87,0,134,180,120,214,1,515,32,0,32,547
04/20/2001,BUR,CA,AWP,WE,Combined TRACON& Tower with Radar,152,63,111,0,326,0,37,59,0,96,152,100,170,0,422,76,0,76,498
04/21/2001,BUR,CA,AWP,WE,Combined TRACON& Tower with Radar,115,36,74,1,226,8,0,56,2,66,123,36,130,3,292,10,0,10,302
04/22/2001,BUR,CA,AWP,WE,Combined TRACON& Tower with Radar,145,29,100,0,274,0,0,136,0,136,145,29,236,0,410,55,0,55,465
04/23/2001,BUR,CA,AWP,WE,Combined TRACON& Tower with Radar,173,63,112,0,348,10,16,95,0,121,183,79,207,0,469,37,0,37,506
04/24/2001,BUR,CA,AWP,WE,Combined TRACON& Tower with Radar,152,56,99,1,308,37,64,122,3,226,189,120,221,4,534,66,0,66,600
04/25/2001,BUR,CA,AWP,WE,Combined TRACON& Tower with Radar,162,65,117,0,344,0,50,136,0,186,162,115,253,0,530,22,0,22,552
04/26/2001,BUR,CA,AWP,WE,Combined TRACON& Tower with Radar,148,54,97,0,299,10,54,129,2,195,158,108,226,2,494,6,0,6,500
04/27/2001,BUR,CA,AWP,WE,Combined TRACON& Tower with Radar,163,78,138,0,379,0,34,115,0,149,163,112,253,0,528,32,0,32,560
04/28/2001,BUR,CA,AWP,WE,Combined TRACON& Tower with Radar,113,39,81,0,233,0,0,63,0,63,113,39,144,0,296,100,0,100,396
04/29/2001,BUR,CA,AWP,WE,Combined TRACON& Tower with Radar,141,13,91,0,245,22,0,66,1,89,163,13,157,1,334,44,0,44,378
04/30/2001,BUR,CA,AWP,WE,Combined TRACON& Tower with Radar,164,60,107,0,331,10,26,68,0,104,174,86,175,0,435,35,0,35,470
05/01/2001,BUR,CA,AWP,WE,Combined TRACON& Tower with Radar,171,67,119,0,357,0,39,67,0,106,171,106,186,0,463,13,0,13,476
05/02/2001,BUR,CA,AWP,WE,Combined TRACON& Tower with Radar,170,70,124,0,364,0,49,82,4,135,170,119,206,4,499,20,0,20,519
05/03/2001,BUR,CA,AWP,WE,Combined TRACON& Tower with Radar,168,66,119,0,353,0,60,81,0,141,168,126,200,0,494,0,0,0,494
05/04/2001,BUR,CA,AWP,WE,Combined TRACON& Tower with Radar,159,59,106,0,324,11,48,51,1,111,170,107,157,1,435,20,0,20,455
05/05/2001,BUR,CA,AWP,WE,Combined TRACON& Tower with Radar,120,44,80,0,244,6,0,114,1,121,126,44,194,1,365,22,0,22,387
05/06/2001,BUR,CA,AWP,WE,Combined TRACON& Tower with Radar,124,25,82,0,231,21,0,120,1,142,145,25,202,1,373,82,0,82,455
05/07/2001,BUR,CA,AWP,WE,Combined TRACON& Tower with Radar,152,56,101,0,309,22,17,97,0,136,174,73,198,0,445,0,0,0,445
05/08/2001,BUR,CA,AWP,WE,Combined TRACON& Tower with Radar,161,60,106,0,327,7,30,77,0,114,168,90,183,0,441,6,0,6,447
05/09/2001,BUR,CA,AWP,WE,Combined TRACON& Tower with Radar,163,61,108,0,332,0,53,82,0,135,163,114,190,0,467,0,0,0,467
05/10/2001,BUR,CA,AWP,WE,Combined TRACON& Tower with Radar,168,66,118,0,352,0,46,92,0,138,168,112,210,0,490,26,0,26,516
05/11/2001,BUR,CA,AWP,WE,Combined TRACON& Tower with Radar,170,75,135,0,380,0,45,97,8,150,170,120,232,8,530,25,0,25,555
05/12/2001,BUR,CA,AWP,WE,Combined TRACON& Tower with Radar,111,43,78,0,232,0,9,111,0,120,111,52,189,0,352,36,0,36,388
05/13/2001,BUR,CA,AWP,WE,Combined TRACON& Tower with Radar,160,43,106,0,309,1,0,117,0,118,161,43,223,0,427,34,0,34,461
05/14/2001,BUR,CA,AWP,WE,Combined TRACON& Tower with Radar,160,59,106,0,325,8,22,55,0,85,168,81,161,0,410,10,0,10,420
05/15/2001,BUR,CA,AWP,WE,Combined TRACON& Tower with Radar,164,64,114,0,342,0,61,34,0,95,164,125,148,0,437,0,0,0,437
05/16/2001,BUR,CA,AWP,WE,Combined TRACON& Tower with Radar,163,65,115,0,343,0,34,67,0,101,163,99,182,0,444,0,0,0,444
05/17/2001,BUR,CA,AWP,WE,Combined TRACON& Tower with Radar,181,75,134,0,390,0,53,123,0,176,181,128,257,0,566,50,0,50,616
05/18/2001,BUR,CA,AWP,WE,Combined TRACON& Tower with Radar,170,78,141,0,389,0,52,83,0,135,170,130,224,0,524,0,0,0,524
05/19/2001,BUR,CA,AWP,WE,Combined TRACON& Tower with Radar,117,18,76,0,211,0,0,74,0,74,117,18,150,0,285,10,0,10,295
05/20/2001,BUR,CA,AWP,WE,Combined TRACON& Tower with Radar,115,18,76,0,209,22,0,42,0,64,137,18,118,0,273,38,0,38,311
05/21/2001,BUR,CA,AWP,WE,Combined TRACON& Tower with Radar,184,72,131,0,387,0,3,71,0,74,184,75,202,0,461,0,0,0,461
05/22/2001,BUR,CA,AWP,WE,Combined TRACON& Tower with Radar,176,66,121,0,363,0,25,83,2,110,176,91,204,2,473,8,0,8,481
05/23/2001,BUR,CA,AWP,WE,Combined TRACON& Tower with Radar,153,56,101,0,310,9,53,63,0,125,162,109,164,0,435,40,0,40,475
05/24/2001,BUR,CA,AWP,WE,Combined TRACON& Tower with Radar,152,55,100,0,307,19,53,99,0,171,171,108,199,0,478,16,0,16,494
05/25/2001,BUR,CA,AWP,WE,Combined TRACON& Tower with Radar,169,64,117,0,350,0,11,93,0,104,169,75,210,0,454,10,0,10,464
05/26/2001,BUR,CA,AWP,WE,Combined TRACON& Tower with Radar,109,16,76,0,201,0,0,78,0,78,109,16,154,0,279,26,0,26,305
05/27/2001,BUR,CA,AWP,WE,Combined TRACON& Tower with Radar,109,3,72,0,184,20,0,47,0,67,129,3,119,0,251,156,0,156,407
05/28/2001,BUR,CA,AWP,WE,Combined TRACON& Tower with Radar,116,14,77,0,207,27,0,63,0,90,143,14,140,0,297,90,0,90,387
05/29/2001,BUR,CA,AWP,WE,Combined TRACON& Tower with Radar,143,52,95,0,290,29,25,58,1,113,172,77,153,1,403,36,0,36,439
05/30/2001,BUR,CA,AWP,WE,Combined TRACON& Tower with Radar,166,60,110,0,336,12,42,81,0,135,178,102,191,0,471,22,0,22,493
05/31/2001,BUR,CA,AWP,WE,Combined TRACON& Tower with Radar,182,67,123,0,372,0,48,105,0,153,182,115,228,0,525,36,0,36,561
06/01/2001,BUR,CA,AWP,WE,Combined TRACON& Tower with Radar,180,74,120,0,374,0,23,73,0,96,180,97,193,0,470,28,0,28,498
06/02/2001,BUR,CA,AWP,WE,Combined TRACON& Tower with Radar,102,25,69,0,196,0,0,67,2,69,102,25,136,2,265,102,0,102,367
06/03/2001,BUR,CA,AWP,WE,Combined TRACON& Tower with Radar,126,6,72,0,204,20,0,72,0,92,146,6,144,0,296,52,0,52,348
06/04/2001,BUR,CA,AWP,WE,Combined TRACON& Tower with Radar,178,63,103,0,344,0,20,66,0,86,178,83,169,0,430,0,0,0,430
06/05/2001,BUR,CA,AWP,WE,Combined TRACON& Tower with Radar,185,64,105,0,354,0,45,77,2,124,185,109,182,2,478,54,0,54,532
06/06/2001,BUR,CA,AWP,WE,Combined TRACON& Tower with Radar,143,59,96,0,298,0,49,69,0,118,143,108,165,0,416,0,0,0,416
06/07/2001,BUR,CA,AWP,WE,Combined TRACON& Tower with Radar,169,59,95,0,323,1,34,75,2,112,170,93,170,2,435,11,0,11,446
06/08/2001,BUR,CA,AWP,WE,Combined TRACON& Tower with Radar,181,67,110,0,358,0,24,85,0,109,181,91,195,0,467,57,0,57,524
06/09/2001,BUR,CA,AWP,WE,Combined TRACON& Tower with Radar,120,33,78,0,231,0,0,99,1,100,120,33,177,1,331,14,0,14,345
06/10/2001,BUR,CA,AWP,WE,Combined TRACON& Tower with Radar,130,7,74,0,211,27,0,79,0,106,157,7,153,0,317,105,0,105,422
06/11/2001,BUR,CA,AWP,WE,Combined TRACON& Tower with Radar,177,62,102,0,341,0,23,80,0,103,177,85,182,0,444,22,0,22,466
06/12/2001,BUR,CA,AWP,WE,Combined TRACON& Tower with Radar,169,69,112,0,350,0,47,79,0,126,169,116,191,0,476,24,0,24,500
06/13/2001,BUR,CA,AWP,WE,Combined TRACON& Tower with Radar,143,63,104,0,310,0,38,78,0,116,143,101,182,0,426,38,0,38,464
06/14/2001,BUR,CA,AWP,WE,Combined TRACON& Tower with Radar,175,65,107,0,347,0,59,91,2,152,175,124,198,2,499,8,0,8,507
06/15/2001,BUR,CA,AWP,WE,Combined TRACON& Tower with Radar,153,56,92,0,301,0,30,106,0,136,153,86,198,0,437,8,0,8,445
06/16/2001,BUR,CA,AWP,WE,Combined TRACON& Tower with Radar,116,22,65,0,203,14,0,87,1,102,130,22,152,1,305,39,0,39,344
06/17/2001,BUR,CA,AWP,WE,Combined TRACON& Tower with Radar,132,5,76,0,213,25,0,88,1,114,157,5,164,1,327,36,0,36,363
06/18/2001,BUR,CA,AWP,WE,Combined TRACON& Tower with Radar,148,50,82,1,281,22,15,95,4,136,170,65,177,5,417,22,0,22,439
06/19/2001,BUR,CA,AWP,WE,Combined TRACON& Tower with Radar,165,61,100,0,326,0,52,101,0,153,165,113,201,0,479,1,0,1,480
06/20/2001,BUR,CA,AWP,WE,Combined TRACON& Tower with Radar,158,55,91,0,304,0,26,90,0,116,158,81,181,0,420,90,0,90,510
06/21/2001,BUR,CA,AWP,WE,Combined TRACON& Tower with Radar,183,62,102,0,347,3,57,101,0,161,186,119,203,0,508,42,0,42,550
06/22/2001,BUR,CA,AWP,WE,Combined TRACON& Tower with Radar,171,58,95,1,325,0,45,64,5,114,171,103,159,6,439,34,0,34,473
06/23/2001,BUR,CA,AWP,WE,Combined TRACON& Tower with Radar,116,21,65,0,202,25,0,57,2,84,141,21,122,2,286,8,0,8,294
06/24/2001,BUR,CA,AWP,WE,Combined TRACON& Tower with Radar,130,8,74,0,212,34,0,71,0,105,164,8,145,0,317,12,0,12,329
06/25/2001,BUR,CA,AWP,WE,Combined TRACON& Tower with Radar,181,61,102,0,344,19,24,78,1,122,200,85,180,1,466,36,0,36,502
06/26/2001,BUR,CA,AWP,WE,Combined TRACON& Tower with Radar,120,41,67,0,228,32,67,92,2,193,152,108,159,2,421,102,0,102,523
06/27/2001,BUR,CA,AWP,WE,Combined TRACON& Tower with Radar,166,56,94,0,316,0,34,79,0,113,166,90,173,0,429,92,0,92,521
06/28/2001,BUR,CA,AWP,WE,Combined TRACON& Tower with Radar,157,54,90,0,301,0,54,93,0,147,157,108,183,0,448,18,0,18,466
06/29/2001,BUR,CA,AWP,WE,Combined TRACON& Tower with Radar,153,54,89,0,296,0,46,92,10,148,153,100,181,10,444,44,0,44,488
06/30/2001,BUR,CA,AWP,WE,Combined TRACON& Tower with Radar,109,20,62,0,191,10,0,63,1,74,119,20,125,1,265,12,0,12,277
07/01/2001,BUR,CA,AWP,WE,Combined TRACON& Tower with Radar,140,10,81,0,231,9,0,84,0,93,149,10,165,0,324,22,0,22,346
07/02/2001,BUR,CA,AWP,WE,Combined TRACON& Tower with Radar,159,46,92,0,297,22,10,48,0,80,181,56,140,0,377,40,0,40,417
07/03/2001,BUR,CA,AWP,WE,Combined TRACON& Tower with Radar,151,47,95,0,293,0,47,83,2,132,151,94,178,2,425,50,0,50,475
07/04/2001,BUR,CA,AWP,WE,Combined TRACON& Tower with Radar,102,19,60,0,181,37,0,38,0,75,139,19,98,0,256,94,0,94,350
07/05/2001,BUR,CA,AWP,WE,Combined TRACON& Tower with Radar,136,40,79,0,255,17,14,89,0,120,153,54,168,0,375,10,0,10,385
07/06/2001,BUR,CA,AWP,WE,Combined TRACON& Tower with Radar,170,50,99,0,319,0,28,75,4,107,170,78,174,4,426,0,0,0,426
07/07/2001,BUR,CA,AWP,WE,Combined TRACON& Tower with Radar,130,18,76,0,224,14,0,84,1,99,144,18,160,1,323,30,0,30,353
07/08/2001,BUR,CA,AWP,WE,Combined TRACON& Tower with Radar,147,8,85,0,240,8,0,121,0,129,155,8,206,0,369,71,0,71,440
07/09/2001,BUR,CA,AWP,WE,Combined TRACON& Tower with Radar,170,49,98,0,317,4,16,78,0,98,174,65,176,0,415,2,0,2,417
07/10/2001,BUR,CA,AWP,WE,Combined TRACON& Tower with Radar,161,55,109,0,325,0,67,83,2,152,161,122,192,2,477,52,0,52,529
07/11/2001,BUR,CA,AWP,WE,Combined TRACON& Tower with Radar,150,49,98,0,297,0,56,94,2,152,150,105,192,2,449,2,0,2,451
07/12/2001,BUR,CA,AWP,WE,Combined TRACON& Tower with Radar,153,51,101,0,305,0,69,99,0,168,153,120,200,0,473,26,0,26,499
07/13/2001,BUR,CA,AWP,WE,Combined TRACON& Tower with Radar,175,54,109,0,338,0,35,85,0,120,175,89,194,0,458,20,0,20,478
07/14/2001,BUR,CA,AWP,WE,Combined TRACON& Tower with Radar,128,19,73,0,220,0,0,96,0,96,128,19,169,0,316,10,0,10,326
07/15/2001,BUR,CA,AWP,WE,Combined TRACON& Tower with Radar,158,17,89,0,264,2,0,101,0,103,160,17,190,0,367,118,0,118,485
07/16/2001,BUR,CA,AWP,WE,Combined TRACON& Tower with Radar,163,51,104,1,319,0,15,95,0,110,163,66,199,1,429,8,0,8,437
07/17/2001,BUR,CA,AWP,WE,Combined TRACON& Tower with Radar,170,53,108,1,332,0,66,81,4,151,170,119,189,5,483,6,0,6,489
07/18/2001,BUR,CA,AWP,WE,Combined TRACON& Tower with Radar,158,46,92,0,296,0,42,97,0,139,158,88,189,0,435,52,0,52,487
07/19/2001,BUR,CA,AWP,WE,Combined TRACON& Tower with Radar,166,48,98,1,313,0,55,95,3,153,166,103,193,4,466,6,0,6,472
07/20/2001,BUR,CA,AWP,WE,Combined TRACON& Tower with Radar,176,53,107,1,337,0,54,95,4,153,176,107,202,5,490,14,0,14,504
07/21/2001,BUR,CA,AWP,WE,Combined TRACON& Tower with Radar,123,19,70,1,213,19,0,82,0,101,142,19,152,1,314,24,0,24,338
07/22/2001,BUR,CA,AWP,WE,Combined TRACON& Tower with Radar,132,9,76,0,217,26,0,45,0,71,158,9,121,0,288,26,0,26,314
07/23/2001,BUR,CA,AWP,WE,Combined TRACON& Tower with Radar,174,52,105,1,332,0,26,88,7,121,174,78,193,8,453,22,0,22,475
07/24/2001,BUR,CA,AWP,WE,Combined TRACON& Tower with Radar,125,36,71,1,233,38,74,100,0,212,163,110,171,1,445,60,0,60,505
07/25/2001,BUR,CA,AWP,WE,Combined TRACON& Tower with Radar,173,53,107,0,333,0,34,93,3,130,173,87,200,3,463,16,0,16,479
07/26/2001,BUR,CA,AWP,WE,Combined TRACON& Tower with Radar,129,36,75,0,240,35,56,100,0,191,164,92,175,0,431,18,0,18,449
07/27/2001,BUR,CA,AWP,WE,Combined TRACON& Tower with Radar,170,55,113,0,338,0,43,80,0,123,170,98,193,0,461,8,0,8,469
07/28/2001,BUR,CA,AWP,WE,Combined TRACON& Tower with Radar,146,24,84,0,254,5,0,64,0,69,151,24,148,0,323,0,0,0,323
07/29/2001,BUR,CA,AWP,WE,Combined TRACON& Tower with Radar,125,13,72,0,210,20,0,71,0,91,145,13,143,0,301,2,0,2,303
07/30/2001,BUR,CA,AWP,WE,Combined TRACON& Tower with Radar,167,47,96,0,310,9,23,53,0,85,176,70,149,0,395,50,0,50,445
07/31/2001,BUR,CA,AWP,WE,Combined TRACON& Tower with Radar,158,63,129,0,350,0,18,121,0,139,158,81,250,0,489,17,0,17,506
08/01/2001,BUR,CA,AWP,WE,Combined TRACON& Tower with Radar,151,54,91,0,296,4,21,80,0,105,155,75,171,0,401,38,0,38,439
08/02/2001,BUR,CA,AWP,WE,Combined TRACON& Tower with Radar,139,53,88,0,280,0,48,86,0,134,139,101,174,0,414,12,0,12,426
08/03/2001,BUR,CA,AWP,WE,Combined TRACON& Tower with Radar,179,70,117,0,366,0,33,101,1,135,179,103,218,1,501,56,0,56,557
08/04/2001,BUR,CA,AWP,WE,Combined TRACON& Tower with Radar,133,44,82,0,259,0,0,92,19,111,133,44,174,19,370,6,0,6,376
08/05/2001,BUR,CA,AWP,WE,Combined TRACON& Tower with Radar,129,10,78,0,217,29,0,88,0,117,158,10,166,0,334,28,0,28,362
08/06/2001,BUR,CA,AWP,WE,Combined TRACON& Tower with Radar,142,51,86,0,279,10,30,74,0,114,152,81,160,0,393,4,0,4,397
08/07/2001,BUR,CA,AWP,WE,Combined TRACON& Tower with Radar,158,57,95,0,310,0,62,83,0,145,158,119,178,0,455,4,0,4,459
08/08/2001,BUR,CA,AWP,WE,Combined TRACON& Tower with Radar,153,55,92,0,300,8,40,60,0,108,161,95,152,0,408,45,0,45,453
08/09/2001,BUR,CA,AWP,WE,Combined TRACON& Tower with Radar,153,68,114,0,335,0,42,116,0,158,153,110,230,0,493,50,0,50,543
08/10/2001,BUR,CA,AWP,WE,Combined TRACON& Tower with Radar,149,54,89,0,292,0,18,77,0,95,149,72,166,0,387,34,0,34,421
08/11/2001,BUR,CA,AWP,WE,Combined TRACON& Tower with Radar,128,11,77,0,216,21,0,100,2,123,149,11,177,2,339,2,0,2,341
08/12/2001,BUR,CA,AWP,WE,Combined TRACON& Tower with Radar,131,8,79,0,218,30,0,102,0,132,161,8,181,0,350,32,0,32,382
08/13/2001,BUR,CA,AWP,WE,Combined TRACON& Tower with Radar,159,58,97,0,314,0,17,107,2,126,159,75,204,2,440,46,0,46,486
08/14/2001,BUR,CA,AWP,WE,Combined TRACON& Tower with Radar,160,58,97,0,315,0,45,80,0,125,160,103,177,0,440,2,0,2,442
08/15/2001,BUR,CA,AWP,WE,Combined TRACON& Tower with Radar,161,58,97,0,316,0,72,96,1,169,161,130,193,1,485,24,0,24,509
08/16/2001,BUR,CA,AWP,WE,Combined TRACON& Tower with Radar,175,65,108,0,348,0,50,108,0,158,175,115,216,0,506,25,0,25,531
08/17/2001,BUR,CA,AWP,WE,Combined TRACON& Tower with Radar,160,66,108,0,334,0,39,116,0,155,160,105,224,0,489,36,0,36,525
08/18/2001,BUR,CA,AWP,WE,Combined TRACON& Tower with Radar,112,15,66,0,193,28,0,68,0,96,140,15,134,0,289,52,0,52,341
08/19/2001,BUR,CA,AWP,WE,Combined TRACON& Tower with Radar,146,18,86,0,250,9,0,119,0,128,155,18,205,0,378,42,0,42,420
08/20/2001,BUR,CA,AWP,WE,Combined TRACON& Tower with Radar,153,54,90,0,297,9,12,67,0,88,162,66,157,0,385,32,0,32,417
08/21/2001,BUR,CA,AWP,WE,Combined TRACON& Tower with Radar,171,66,112,0,349,0,60,65,0,125,171,126,177,0,474,36,0,36,510
08/22/2001,BUR,CA,AWP,WE,Combined TRACON& Tower with Radar,165,58,97,0,320,3,48,84,0,135,168,106,181,0,455,34,0,34,489
08/23/2001,BUR,CA,AWP,WE,Combined TRACON& Tower with Radar,171,64,107,1,343,0,39,84,2,125,171,103,191,3,468,40,0,40,508
08/24/2001,BUR,CA,AWP,WE,Combined TRACON& Tower with Radar,146,51,88,0,285,17,37,118,4,176,163,88,206,4,461,82,0,82,543
08/25/2001,BUR,CA,AWP,WE,Combined TRACON& Tower with Radar,139,24,82,0,245,8,0,101,0,109,147,24,183,0,354,16,0,16,370
08/26/2001,BUR,CA,AWP,WE,Combined TRACON& Tower with Radar,130,13,77,0,220,22,0,91,0,113,152,13,168,0,333,24,0,24,357
08/27/2001,BUR,CA,AWP,WE,Combined TRACON& Tower with Radar,152,53,91,0,296,10,10,70,0,90,162,63,161,0,386,48,0,48,434
08/28/2001,BUR,CA,AWP,WE,Combined TRACON& Tower with Radar,167,65,111,0,343,0,48,58,0,106,167,113,169,0,449,56,0,56,505
08/29/2001,BUR,CA,AWP,WE,Combined TRACON& Tower with Radar,152,62,104,0,318,0,54,64,0,118,152,116,168,0,436,42,0,42,478
08/30/2001,BUR,CA,AWP,WE,Combined TRACON& Tower with Radar,167,64,109,0,340,0,46,87,0,133,167,110,196,0,473,10,0,10,483
08/31/2001,BUR,CA,AWP,WE,Combined TRACON& Tower with Radar,187,75,127,0,389,0,31,106,0,137,187,106,233,0,526,15,0,15,541
09/01/2001,BUR,CA,AWP,WE,Combined TRACON& Tower with Radar,99,23,74,0,196,25,0,73,2,100,124,23,147,2,296,16,0,16,312
09/02/2001,BUR,CA,AWP,WE,Combined TRACON& Tower with Radar,110,9,83,0,202,21,0,106,0,127,131,9,189,0,329,14,0,14,343
09/03/2001,BUR,CA,AWP,WE,Combined TRACON& Tower with Radar,138,11,104,0,253,23,0,84,1,108,161,11,188,1,361,24,0,24,385
09/04/2001,BUR,CA,AWP,WE,Combined TRACON& Tower with Radar,147,60,110,0,317,9,7,79,0,95,156,67,189,0,412,2,0,2,414
09/05/2001,BUR,CA,AWP,WE,Combined TRACON& Tower with Radar,140,57,106,0,303,29,43,29,0,101,169,100,135,0,404,42,0,42,446
09/06/2001,BUR,CA,AWP,WE,Combined TRACON& Tower with Radar,153,66,121,0,340,0,47,55,1,103,153,113,176,1,443,10,0,10,453
09/07/2001,BUR,CA,AWP,WE,Combined TRACON& Tower with Radar,150,65,119,0,334,0,37,57,0,94,150,102,176,0,428,52,0,52,480
09/08/2001,BUR,CA,AWP,WE,Combined TRACON& Tower with Radar,121,15,91,0,227,25,0,62,2,89,146,15,153,2,316,24,0,24,340
09/09/2001,BUR,CA,AWP,WE,Combined TRACON& Tower with Radar,147,9,111,0,267,26,0,69,0,95,173,9,180,0,362,38,0,38,400
09/10/2001,BUR,CA,AWP,WE,Combined TRACON& Tower with Radar,158,64,119,0,341,20,4,65,0,89,178,68,184,0,430,0,0,0,430
09/11/2001,BUR,CA,AWP,WE,Combined TRACON& Tower with Radar,3,12,20,0,35,0,35,17,0,52,3,47,37,0,87,0,0,0,87
09/12/2001,BUR,CA,AWP,WE,Combined TRACON& Tower with Radar,0,2,3,0,5,0,3,36,0,39,0,5,39,0,44,0,0,0,44
09/13/2001,BUR,CA,AWP,WE,Combined TRACON& Tower with Radar,6,17,31,0,54,0,71,0,0,71,6,88,31,0,125,0,0,0,125
09/14/2001,BUR,CA,AWP,WE,Combined TRACON& Tower with Radar,101,57,75,0,233,0,109,0,2,111,101,166,75,2,344,0,0,0,344
09/15/2001,BUR,CA,AWP,WE,Combined TRACON& Tower with Radar,90,52,99,0,241,0,7,49,0,56,90,59,148,0,297,0,0,0,297
09/16/2001,BUR,CA,AWP,WE,Combined TRACON& Tower with Radar,126,17,95,0,238,7,0,31,0,38,133,17,126,0,276,0,0,0,276
09/17/2001,BUR,CA,AWP,WE,Combined TRACON& Tower with Radar,147,59,93,1,300,9,30,0,0,39,156,89,93,1,339,0,0,0,339
09/18/2001,BUR,CA,AWP,WE,Combined TRACON& Tower with Radar,139,66,123,1,329,0,26,18,0,44,139,92,141,1,373,0,0,0,373
09/19/2001,BUR,CA,AWP,WE,Combined TRACON& Tower with Radar,139,60,113,1,313,0,44,1,1,46,139,104,114,2,359,0,0,0,359
09/20/2001,BUR,CA,AWP,WE,Combined TRACON& Tower with Radar,136,63,116,0,315,0,28,26,0,54,136,91,142,0,369,0,0,0,369
09/21/2001,BUR,CA,AWP,WE,Combined TRACON& Tower with Radar,144,73,136,0,353,0,32,72,0,104,144,105,208,0,457,12,0,12,469
09/22/2001,BUR,CA,AWP,WE,Combined TRACON& Tower with Radar,114,34,85,0,233,9,0,67,0,76,123,34,152,0,309,0,0,0,309
09/23/2001,BUR,CA,AWP,WE,Combined TRACON& Tower with Radar,132,21,98,0,251,12,0,78,0,90,144,21,176,0,341,4,0,4,345
09/24/2001,BUR,CA,AWP,WE,Combined TRACON& Tower with Radar,124,50,92,0,266,19,33,95,0,147,143,83,187,0,413,59,0,59,472
09/25/2001,BUR,CA,AWP,WE,Combined TRACON& Tower with Radar,140,61,114,1,316,0,58,36,1,95,140,119,150,2,411,50,0,50,461
09/26/2001,BUR,CA,AWP,WE,Combined TRACON& Tower with Radar,126,50,93,0,269,34,68,109,0,211,160,118,202,0,480,36,0,36,516
09/27/2001,BUR,CA,AWP,WE,Combined TRACON& Tower with Radar,164,66,123,1,354,0,56,69,0,125,164,122,192,1,479,31,0,31,510
09/28/2001,BUR,CA,AWP,WE,Combined TRACON& Tower with Radar,150,67,125,0,342,0,54,92,0,146,150,121,217,0,488,28,0,28,516
09/29/2001,BUR,CA,AWP,WE,Combined TRACON& Tower with Radar,122,39,91,0,252,3,0,61,2,66,125,39,152,2,318,54,0,54,372
09/30/2001,BUR,CA,AWP,WE,Combined TRACON& Tower with Radar,125,27,93,0,245,17,0,51,0,68,142,27,144,0,313,42,0,42,355
10/01/2001,BUR,CA,AWP,WE,Combined TRACON& Tower with Radar,137,58,95,0,290,19,21,57,0,97,156,79,152,0,387,38,0,38,425
10/02/2001,BUR,CA,AWP,WE,Combined TRACON& Tower with Radar,162,69,112,0,343,0,54,49,0,103,162,123,161,0,446,0,0,0,446
10/03/2001,BUR,CA,AWP,WE,Combined TRACON& Tower with Radar,159,68,110,0,337,0,19,78,3,100,159,87,188,3,437,32,0,32,469
10/04/2001,BUR,CA,AWP,WE,Combined TRACON& Tower with Radar,152,67,110,0,329,0,65,44,1,110,152,132,154,1,439,60,0,60,499
10/05/2001,BUR,CA,AWP,WE,Combined TRACON& Tower with Radar,158,82,133,0,373,0,39,75,0,114,158,121,208,0,487,24,0,24,511
10/06/2001,BUR,CA,AWP,WE,Combined TRACON& Tower with Radar,124,42,90,0,256,0,0,61,0,61,124,42,151,0,317,60,0,60,377
10/07/2001,BUR,CA,AWP,WE,Combined TRACON& Tower with Radar,149,15,104,1,269,14,0,88,0,102,163,15,192,1,371,32,0,32,403
10/08/2001,BUR,CA,AWP,WE,Combined TRACON& Tower with Radar,151,56,105,0,312,15,0,40,0,55,166,56,145,0,367,34,0,34,401
10/09/2001,BUR,CA,AWP,WE,Combined TRACON& Tower with Radar,132,58,98,1,289,0,24,51,0,75,132,82,149,1,364,39,0,39,403
10/10/2001,BUR,CA,AWP,WE,Combined TRACON& Tower with Radar,155,66,110,0,331,0,50,78,0,128,155,116,188,0,459,16,0,16,475
10/11/2001,BUR,CA,AWP,WE,Combined TRACON& Tower with Radar,176,79,132,0,387,0,36,84,0,120,176,115,216,0,507,0,0,0,507
10/12/2001,BUR,CA,AWP,WE,Combined TRACON& Tower with Radar,170,82,136,1,389,0,26,75,3,104,170,108,211,4,493,38,0,38,531
10/13/2001,BUR,CA,AWP,WE,Combined TRACON& Tower with Radar,109,26,76,0,211,12,0,66,0,78,121,26,142,0,289,44,0,44,333
10/14/2001,BUR,CA,AWP,WE,Combined TRACON& Tower with Radar,132,28,92,0,252,29,0,62,0,91,161,28,154,0,343,0,0,0,343
10/15/2001,BUR,CA,AWP,WE,Combined TRACON& Tower with Radar,153,63,104,1,321,3,18,50,11,82,156,81,154,12,403,34,0,34,437
10/16/2001,BUR,CA,AWP,WE,Combined TRACON& Tower with Radar,159,68,113,1,341,0,78,51,5,134,159,146,164,6,475,30,0,30,505
10/17/2001,BUR,CA,AWP,WE,Combined TRACON& Tower with Radar,161,68,113,0,342,0,65,53,0,118,161,133,166,0,460,54,0,54,514
10/18/2001,BUR,CA,AWP,WE,Combined TRACON& Tower with Radar,148,65,106,0,319,0,60,78,0,138,148,125,184,0,457,34,0,34,491
10/19/2001,BUR,CA,AWP,WE,Combined TRACON& Tower with Radar,163,75,123,0,361,0,41,56,0,97,163,116,179,0,458,118,0,118,576
10/20/2001,BUR,CA,AWP,WE,Combined TRACON& Tower with Radar,111,33,76,0,220,0,0,52,0,52,111,33,128,0,272,100,0,100,372
10/21/2001,BUR,CA,AWP,WE,Combined TRACON& Tower with Radar,144,31,98,0,273,6,0,52,0,58,150,31,150,0,331,14,0,14,345
10/22/2001,BUR,CA,AWP,WE,Combined TRACON& Tower with Radar,154,64,105,1,324,0,24,26,0,50,154,88,131,1,374,124,0,124,498
10/23/2001,BUR,CA,AWP,WE,Combined TRACON& Tower with Radar,144,67,111,1,323,0,45,13,0,58,144,112,124,1,381,16,0,16,397
10/24/2001,BUR,CA,AWP,WE,Combined TRACON& Tower with Radar,137,57,93,1,288,25,50,83,3,161,162,107,176,4,449,32,0,32,481
10/25/2001,BUR,CA,AWP,WE,Combined TRACON& Tower with Radar,160,70,116,1,347,0,43,60,5,108,160,113,176,6,455,32,0,32,487
10/26/2001,BUR,CA,AWP,WE,Combined TRACON& Tower with Radar,128,52,87,0,267,20,52,121,0,193,148,104,208,0,460,20,0,20,480
10/27/2001,BUR,CA,AWP,WE,Combined TRACON& Tower with Radar,110,45,75,0,230,0,2,59,0,61,110,47,134,0,291,39,0,39,330
10/28/2001,BUR,CA,AWP,WE,Combined TRACON& Tower with Radar,151,17,103,0,271,1,0,77,0,78,152,17,180,0,349,6,0,6,355
10/29/2001,BUR,CA,AWP,WE,Combined TRACON& Tower with Radar,154,64,106,0,324,5,11,47,2,65,159,75,153,2,389,7,0,7,396
10/30/2001,BUR,CA,AWP,WE,Combined TRACON& Tower with Radar,157,67,110,0,334,0,49,25,2,76,157,116,135,2,410,6,0,6,416
10/31/2001,BUR,CA,AWP,WE,Combined TRACON& Tower with Radar,144,60,99,0,303,20,49,28,5,102,164,109,127,5,405,48,0,48,453
11/01/2001,BUR,CA,AWP,WE,Combined TRACON& Tower with Radar,155,79,118,0,352,0,33,82,0,115,155,112,200,0,467,18,0,18,485
11/02/2001,BUR,CA,AWP,WE,Combined TRACON& Tower with Radar,159,86,129,0,374,0,14,48,4,66,159,100,177,4,440,18,0,18,458
11/03/2001,BUR,CA,AWP,WE,Combined TRACON& Tower with Radar,116,34,82,0,232,11,0,74,2,87,127,34,156,2,319,27,0,27,346
11/04/2001,BUR,CA,AWP,WE,Combined TRACON& Tower with Radar,128,18,90,0,236,18,0,42,0,60,146,18,132,0,296,6,0,6,302
11/05/2001,BUR,CA,AWP,WE,Combined TRACON& Tower with Radar,153,78,117,0,348,0,35,61,0,96,153,113,178,0,444,4,0,4,448
11/06/2001,BUR,CA,AWP,WE,Combined TRACON& Tower with Radar,147,81,123,0,351,0,40,31,0,71,147,121,154,0,422,8,0,8,430
11/07/2001,BUR,CA,AWP,WE,Combined TRACON& Tower with Radar,150,71,106,0,327,6,34,34,4,78,156,105,140,4,405,40,0,40,445
11/08/2001,BUR,CA,AWP,WE,Combined TRACON& Tower with Radar,158,79,121,0,358,0,42,102,0,144,158,121,223,0,502,24,0,24,526
11/09/2001,BUR,CA,AWP,WE,Combined TRACON& Tower with Radar,158,81,124,1,364,0,37,93,2,132,158,118,217,3,496,36,0,36,532
11/10/2001,BUR,CA,AWP,WE,Combined TRACON& Tower with Radar,122,32,99,1,254,0,0,106,0,106,122,32,205,1,360,37,0,37,397
11/11/2001,BUR,CA,AWP,WE,Combined TRACON& Tower with Radar,122,29,86,0,237,13,0,26,0,39,135,29,112,0,276,6,0,6,282
11/12/2001,BUR,CA,AWP,WE,Combined TRACON& Tower with Radar,130,37,91,0,258,35,0,15,0,50,165,37,106,0,308,77,0,77,385
11/13/2001,BUR,CA,AWP,WE,Combined TRACON& Tower with Radar,168,78,118,1,365,4,42,81,1,128,172,120,199,2,493,70,0,70,563
11/14/2001,BUR,CA,AWP,WE,Combined TRACON& Tower with Radar,155,80,121,1,357,0,65,77,1,143,155,145,198,2,500,14,0,14,514
11/15/2001,BUR,CA,AWP,WE,Combined TRACON& Tower with Radar,155,77,118,0,350,0,65,100,0,165,155,142,218,0,515,26,0,26,541
11/16/2001,BUR,CA,AWP,WE,Combined TRACON& Tower with Radar,163,76,116,1,356,0,40,83,3,126,163,116,199,4,482,5,0,5,487
11/17/2001,BUR,CA,AWP,WE,Combined TRACON& Tower with Radar,89,33,62,0,184,12,0,68,0,80,101,33,130,0,264,52,0,52,316
11/18/2001,BUR,CA,AWP,WE,Combined TRACON& Tower with Radar,130,18,90,1,239,10,0,88,0,98,140,18,178,1,337,12,0,12,349
11/19/2001,BUR,CA,AWP,WE,Combined TRACON& Tower with Radar,154,70,107,0,331,9,34,62,0,105,163,104,169,0,436,44,0,44,480
11/20/2001,BUR,CA,AWP,WE,Combined TRACON& Tower with Radar,150,75,113,1,339,0,45,47,0,92,150,120,160,1,431,33,0,33,464
11/21/2001,BUR,CA,AWP,WE,Combined TRACON& Tower with Radar,146,75,112,0,333,0,74,77,0,151,146,149,189,0,484,32,0,32,516
11/22/2001,BUR,CA,AWP,WE,Combined TRACON& Tower with Radar,88,32,60,1,181,19,0,29,0,48,107,32,89,1,229,32,0,32,261
11/23/2001,BUR,CA,AWP,WE,Combined TRACON& Tower with Radar,111,39,77,0,227,7,0,73,0,80,118,39,150,0,307,30,0,30,337
11/24/2001,BUR,CA,AWP,WE,Combined TRACON& Tower with Radar,86,25,59,0,170,26,0,35,0,61,112,25,94,0,231,2,0,2,233
11/25/2001,BUR,CA,AWP,WE,Combined TRACON& Tower with Radar,131,35,91,0,257,13,0,80,0,93,144,35,171,0,350,22,0,22,372
11/26/2001,BUR,CA,AWP,WE,Combined TRACON& Tower with Radar,106,48,74,1,229,37,45,78,0,160,143,93,152,1,389,28,0,28,417
11/27/2001,BUR,CA,AWP,WE,Combined TRACON& Tower with Radar,158,73,110,1,342,5,69,41,0,115,163,142,151,1,457,40,0,40,497
11/28/2001,BUR,CA,AWP,WE,Combined TRACON& Tower with Radar,151,71,107,1,330,0,56,83,3,142,151,127,190,4,472,4,0,4,476
11/29/2001,BUR,CA,AWP,WE,Combined TRACON& Tower with Radar,156,84,128,0,368,0,52,30,3,85,156,136,158,3,453,42,0,42,495
11/30/2001,BUR,CA,AWP,WE,Combined TRACON& Tower with Radar,136,67,103,0,306,0,49,73,2,124,136,116,176,2,430,50,0,50,480
12/01/2001,BUR,CA,AWP,WE,Combined TRACON& Tower with Radar,111,28,62,0,201,11,0,82,1,94,122,28,144,1,295,46,0,46,341
12/02/2001,BUR,CA,AWP,WE,Combined TRACON& Tower with Radar,134,50,77,0,261,0,0,54,4,58,134,50,131,4,319,37,0,37,356
12/03/2001,BUR,CA,AWP,WE,Combined TRACON& Tower with Radar,153,61,86,0,300,8,17,37,0,62,161,78,123,0,362,13,0,13,375
12/04/2001,BUR,CA,AWP,WE,Combined TRACON& Tower with Radar,148,59,83,0,290,6,32,50,0,88,154,91,133,0,378,8,0,8,386
12/05/2001,BUR,CA,AWP,WE,Combined TRACON& Tower with Radar,178,71,100,0,349,2,45,82,0,129,180,116,182,0,478,50,0,50,528
12/06/2001,BUR,CA,AWP,WE,Combined TRACON& Tower with Radar,130,56,79,0,265,0,51,96,1,148,130,107,175,1,413,80,0,80,493
12/07/2001,BUR,CA,AWP,WE,Combined TRACON& Tower with Radar,158,74,104,0,336,0,45,98,5,148,158,119,202,5,484,139,0,139,623
12/08/2001,BUR,CA,AWP,WE,Combined TRACON& Tower with Radar,103,39,58,0,200,3,0,72,3,78,106,39,130,3,278,128,0,128,406
12/09/2001,BUR,CA,AWP,WE,Combined TRACON& Tower with Radar,114,16,63,0,193,34,0,59,0,93,148,16,122,0,286,76,0,76,362
12/10/2001,BUR,CA,AWP,WE,Combined TRACON& Tower with Radar,149,64,90,0,303,0,19,95,0,114,149,83,185,0,417,12,0,12,429
12/11/2001,BUR,CA,AWP,WE,Combined TRACON& Tower with Radar,168,68,95,0,331,0,32,68,2,102,168,100,163,2,433,43,0,43,476
12/12/2001,BUR,CA,AWP,WE,Combined TRACON& Tower with Radar,154,66,92,0,312,0,62,67,0,129,154,128,159,0,441,48,0,48,489
12/13/2001,BUR,CA,AWP,WE,Combined TRACON& Tower with Radar,158,67,94,0,319,0,60,97,1,158,158,127,191,1,477,6,0,6,483
12/14/2001,BUR,CA,AWP,WE,Combined TRACON& Tower with Radar,148,60,84,0,292,0,32,22,0,54,148,92,106,0,346,6,0,6,352
12/15/2001,BUR,CA,AWP,WE,Combined TRACON& Tower with Radar,124,44,69,0,237,3,0,70,0,73,127,44,139,0,310,78,0,78,388
12/16/2001,BUR,CA,AWP,WE,Combined TRACON& Tower with Radar,125,30,67,0,222,19,0,34,0,53,144,30,101,0,275,10,0,10,285
12/17/2001,BUR,CA,AWP,WE,Combined TRACON& Tower with Radar,157,64,89,0,310,0,22,82,0,104,157,86,171,0,414,38,0,38,452
12/18/2001,BUR,CA,AWP,WE,Combined TRACON& Tower with Radar,158,66,93,0,317,0,41,108,0,149,158,107,201,0,466,52,0,52,518
12/19/2001,BUR,CA,AWP,WE,Combined TRACON& Tower with Radar,145,65,90,1,301,0,33,83,0,116,145,98,173,1,417,26,0,26,443
12/20/2001,BUR,CA,AWP,WE,Combined TRACON& Tower with Radar,160,66,92,0,318,0,39,41,0,80,160,105,133,0,398,14,0,14,412
12/21/2001,BUR,CA,AWP,WE,Combined TRACON& Tower with Radar,156,78,110,0,344,0,43,39,0,82,156,121,149,0,426,0,0,0,426
12/22/2001,BUR,CA,AWP,WE,Combined TRACON& Tower with Radar,129,40,70,0,239,4,0,85,0,89,133,40,155,0,328,22,0,22,350
12/23/2001,BUR,CA,AWP,WE,Combined TRACON& Tower with Radar,144,36,78,0,258,26,0,61,0,87,170,36,139,0,345,22,0,22,367
12/24/2001,BUR,CA,AWP,WE,Combined TRACON& Tower with Radar,97,38,53,1,189,26,35,79,0,140,123,73,132,1,329,40,0,40,369
12/25/2001,BUR,CA,AWP,WE,Combined TRACON& Tower with Radar,82,24,44,0,150,33,0,0,0,33,115,24,44,0,183,0,0,0,183
12/26/2001,BUR,CA,AWP,WE,Combined TRACON& Tower with Radar,123,48,67,0,238,34,37,122,0,193,157,85,189,0,431,26,0,26,457
12/27/2001,BUR,CA,AWP,WE,Combined TRACON& Tower with Radar,164,71,100,0,335,0,61,83,0,144,164,132,183,0,479,54,0,54,533
12/28/2001,BUR,CA,AWP,WE,Combined TRACON& Tower with Radar,146,65,93,0,304,0,62,60,0,122,146,127,153,0,426,6,0,6,432
12/29/2001,BUR,CA,AWP,WE,Combined TRACON& Tower with Radar,109,30,61,0,200,9,0,24,0,33,118,30,85,0,233,0,0,0,233
12/30/2001,BUR,CA,AWP,WE,Combined TRACON& Tower with Radar,128,25,70,0,223,12,0,46,0,58,140,25,116,0,281,40,0,40,321
12/31/2001,BUR,CA,AWP,WE,Combined TRACON& Tower with Radar,132,60,85,0,277,0,16,42,0,58,132,76,127,0,335,6,0,6,341
01/01/2002,BUR,CA,AWP,WE,Combined TRACON& Tower with Radar,110,38,73,0,221,16,0,20,0,36,126,38,93,0,257,0,0,0,257
01/02/2002,BUR,CA,AWP,WE,Combined TRACON& Tower with Radar,159,66,105,0,330,0,12,17,12,41,159,78,122,12,371,18,0,18,389
01/03/2002,BUR,CA,AWP,WE,Combined TRACON& Tower with Radar,164,86,138,0,388,0,42,92,10,144,164,128,230,10,532,20,0,20,552
01/04/2002,BUR,CA,AWP,WE,Combined TRACON& Tower with Radar,166,86,137,0,389,0,34,113,4,151,166,120,250,4,540,26,0,26,566
01/05/2002,BUR,CA,AWP,WE,Combined TRACON& Tower with Radar,106,27,69,0,202,13,0,86,0,99,119,27,155,0,301,28,0,28,329
01/06/2002,BUR,CA,AWP,WE,Combined TRACON& Tower with Radar,134,28,88,0,250,13,0,72,0,85,147,28,160,0,335,0,0,0,335
01/07/2002,BUR,CA,AWP,WE,Combined TRACON& Tower with Radar,152,62,99,0,313,9,4,66,4,83,161,66,165,4,396,71,0,71,467
01/08/2002,BUR,CA,AWP,WE,Combined TRACON& Tower with Radar,150,65,104,0,319,0,53,101,0,154,150,118,205,0,473,18,0,18,491
01/09/2002,BUR,CA,AWP,WE,Combined TRACON& Tower with Radar,142,64,103,0,309,0,43,50,0,93,142,107,153,0,402,2,0,2,404
01/10/2002,BUR,CA,AWP,WE,Combined TRACON& Tower with Radar,174,71,115,0,360,7,56,65,0,128,181,127,180,0,488,26,0,26,514
01/11/2002,BUR,CA,AWP,WE,Combined TRACON& Tower with Radar,142,58,93,0,293,11,47,72,0,130,153,105,165,0,423,38,0,38,461
01/12/2002,BUR,CA,AWP,WE,Combined TRACON& Tower with Radar,119,30,78,0,227,1,0,82,0,83,120,30,160,0,310,46,0,46,356
01/13/2002,BUR,CA,AWP,WE,Combined TRACON& Tower with Radar,112,21,74,0,207,14,0,65,0,79,126,21,139,0,286,28,0,28,314
01/14/2002,BUR,CA,AWP,WE,Combined TRACON& Tower with Radar,162,66,107,0,335,6,12,46,2,66,168,78,153,2,401,2,0,2,403
01/15/2002,BUR,CA,AWP,WE,Combined TRACON& Tower with Radar,160,77,122,0,359,0,53,41,0,94,160,130,163,0,453,14,0,14,467
01/16/2002,BUR,CA,AWP,WE,Combined TRACON& Tower with Radar,172,69,112,1,354,1,40,86,1,128,173,109,198,2,482,8,0,8,490
01/17/2002,BUR,CA,AWP,WE,Combined TRACON& Tower with Radar,165,67,107,1,340,0,51,83,0,134,165,118,190,1,474,38,0,38,512
01/18/2002,BUR,CA,AWP,WE,Combined TRACON& Tower with Radar,182,79,128,0,389,0,34,123,0,157,182,113,251,0,546,10,0,10,556
01/19/2002,BUR,CA,AWP,WE,Combined TRACON& Tower with Radar,122,33,79,0,234,0,0,113,0,113,122,33,192,0,347,62,0,62,409
01/20/2002,BUR,CA,AWP,WE,Combined TRACON& Tower with Radar,120,21,76,0,217,5,0,82,0,87,125,21,158,0,304,48,0,48,352
01/21/2002,BUR,CA,AWP,WE,Combined TRACON& Tower with Radar,148,42,97,0,287,9,0,81,0,90,157,42,178,0,377,73,0,73,450
01/22/2002,BUR,CA,AWP,WE,Combined TRACON& Tower with Radar,154,61,100,0,315,12,7,75,2,96,166,68,175,2,411,24,0,24,435
01/23/2002,BUR,CA,AWP,WE,Combined TRACON& Tower with Radar,141,56,92,0,289,9,42,29,1,81,150,98,121,1,370,0,0,0,370
01/24/2002,BUR,CA,AWP,WE,Combined TRACON& Tower with Radar,152,61,98,0,311,11,60,138,0,209,163,121,236,0,520,42,0,42,562
01/25/2002,BUR,CA,AWP,WE,Combined TRACON& Tower with Radar,163,78,127,0,368,0,60,101,0,161,163,138,228,0,529,40,0,40,569
01/26/2002,BUR,CA,AWP,WE,Combined TRACON& Tower with Radar,102,37,66,0,205,13,0,77,0,90,115,37,143,0,295,70,0,70,365
01/27/2002,BUR,CA,AWP,WE,Combined TRACON& Tower with Radar,109,22,71,0,202,20,0,12,0,32,129,22,83,0,234,10,0,10,244
01/28/2002,BUR,CA,AWP,WE,Combined TRACON& Tower with Radar,158,64,103,0,325,7,16,40,0,63,165,80,143,0,388,36,0,36,424
01/29/2002,BUR,CA,AWP,WE,Combined TRACON& Tower with Radar,155,64,105,0,324,0,49,46,0,95,155,113,151,0,419,0,0,0,419
01/30/2002,BUR,CA,AWP,WE,Combined TRACON& Tower with Radar,158,64,103,0,325,25,42,41,5,113,183,106,144,5,438,40,0,40,478
01/31/2002,BUR,CA,AWP,WE,Combined TRACON& Tower with Radar,156,64,104,0,324,0,58,60,0,118,156,122,164,0,442,40,0,40,482
02/01/2002,BUR,CA,AWP,WE,Combined TRACON& Tower with Radar,159,63,103,0,325,15,33,33,0,81,174,96,136,0,406,0,0,0,406
02/02/2002,BUR,CA,AWP,WE,Combined TRACON& Tower with Radar,124,25,81,0,230,14,0,71,0,85,138,25,152,0,315,48,0,48,363
02/03/2002,BUR,CA,AWP,WE,Combined TRACON& Tower with Radar,127,27,82,0,236,3,0,66,0,69,130,27,148,0,305,6,0,6,311
02/04/2002,BUR,CA,AWP,WE,Combined TRACON& Tower with Radar,156,66,108,0,330,0,40,83,0,123,156,106,191,0,453,79,0,79,532
02/05/2002,BUR,CA,AWP,WE,Combined TRACON& Tower with Radar,160,68,110,0,338,0,52,72,0,124,160,120,182,0,462,10,0,10,472
02/06/2002,BUR,CA,AWP,WE,Combined TRACON& Tower with Radar,165,68,109,0,342,0,49,62,1,112,165,117,171,1,454,50,0,50,504
02/07/2002,BUR,CA,AWP,WE,Combined TRACON& Tower with Radar,156,63,102,0,321,0,55,49,2,106,156,118,151,2,427,22,0,22,449
02/08/2002,BUR,CA,AWP,WE,Combined TRACON& Tower with Radar,150,70,113,0,333,0,38,79,6,123,150,108,192,6,456,101,0,101,557
02/09/2002,BUR,CA,AWP,WE,Combined TRACON& Tower with Radar,114,31,74,0,219,13,0,43,0,56,127,31,117,0,275,35,0,35,310
02/10/2002,BUR,CA,AWP,WE,Combined TRACON& Tower with Radar,112,10,72,0,194,27,0,69,0,96,139,10,141,0,290,71,0,71,361
02/11/2002,BUR,CA,AWP,WE,Combined TRACON& Tower with Radar,168,70,116,0,354,0,30,97,0,127,168,100,213,0,481,36,0,36,517
02/12/2002,BUR,CA,AWP,WE,Combined TRACON& Tower with Radar,158,66,108,0,332,0,56,77,0,133,158,122,185,0,465,66,0,66,531
02/13/2002,BUR,CA,AWP,WE,Combined TRACON& Tower with Radar,164,64,105,0,333,1,60,58,0,119,165,124,163,0,452,32,0,32,484
02/14/2002,BUR,CA,AWP,WE,Combined TRACON& Tower with Radar,162,63,105,0,330,7,51,33,0,91,169,114,138,0,421,40,0,40,461
02/15/2002,BUR,CA,AWP,WE,Combined TRACON& Tower with Radar,158,69,113,0,340,0,34,85,0,119,158,103,198,0,459,12,0,12,471
02/16/2002,BUR,CA,AWP,WE,Combined TRACON& Tower with Radar,107,26,68,1,202,0,0,32,0,32,107,26,100,1,234,18,0,18,252
02/17/2002,BUR,CA,AWP,WE,Combined TRACON& Tower with Radar,150,32,96,0,278,0,0,45,0,45,150,32,141,0,323,66,0,66,389
02/18/2002,BUR,CA,AWP,WE,Combined TRACON& Tower with Radar,145,43,92,0,280,14,0,60,0,74,159,43,152,0,354,64,0,64,418
02/19/2002,BUR,CA,AWP,WE,Combined TRACON& Tower with Radar,160,62,101,1,324,10,9,73,6,98,170,71,174,7,422,24,0,24,446
02/20/2002,BUR,CA,AWP,WE,Combined TRACON& Tower with Radar,161,66,108,0,335,0,47,60,0,107,161,113,168,0,442,14,0,14,456
02/21/2002,BUR,CA,AWP,WE,Combined TRACON& Tower with Radar,176,70,115,1,362,0,75,78,0,153,176,145,193,1,515,42,0,42,557
02/22/2002,BUR,CA,AWP,WE,Combined TRACON& Tower with Radar,161,67,111,1,340,0,33,98,0,131,161,100,209,1,471,40,0,40,511
02/23/2002,BUR,CA,AWP,WE,Combined TRACON& Tower with Radar,111,16,70,0,197,3,0,69,2,74,114,16,139,2,271,12,0,12,283
02/24/2002,BUR,CA,AWP,WE,Combined TRACON& Tower with Radar,113,26,72,0,211,14,0,76,1,91,127,26,148,1,302,46,0,46,348
02/25/2002,BUR,CA,AWP,WE,Combined TRACON& Tower with Radar,168,65,107,0,340,2,23,47,0,72,170,88,154,0,412,24,0,24,436
02/26/2002,BUR,CA,AWP,WE,Combined TRACON& Tower with Radar,115,45,74,0,234,37,88,90,0,215,152,133,164,0,449,64,0,64,513
02/27/2002,BUR,CA,AWP,WE,Combined TRACON& Tower with Radar,157,64,106,0,327,0,53,54,0,107,157,117,160,0,434,28,0,28,462
02/28/2002,BUR,CA,AWP,WE,Combined TRACON& Tower with Radar,160,74,122,0,356,0,44,37,2,83,160,118,159,2,439,0,0,0,439
03/01/2002,BUR,CA,AWP,WE,Combined TRACON& Tower with Radar,159,62,110,0,331,0,34,47,1,82,159,96,157,1,413,46,0,46,459
03/02/2002,BUR,CA,AWP,WE,Combined TRACON& Tower with Radar,116,32,81,0,229,0,0,90,0,90,116,32,171,0,319,26,0,26,345
03/03/2002,BUR,CA,AWP,WE,Combined TRACON& Tower with Radar,133,29,92,0,254,14,0,64,0,78,147,29,156,0,332,42,0,42,374
03/04/2002,BUR,CA,AWP,WE,Combined TRACON& Tower with Radar,137,53,94,0,284,8,28,63,0,99,145,81,157,0,383,46,0,46,429
03/05/2002,BUR,CA,AWP,WE,Combined TRACON& Tower with Radar,151,61,108,0,320,0,55,62,0,117,151,116,170,0,437,0,0,0,437
03/06/2002,BUR,CA,AWP,WE,Combined TRACON& Tower with Radar,165,68,120,0,353,0,53,23,1,77,165,121,143,1,430,46,0,46,476
03/07/2002,BUR,CA,AWP,WE,Combined TRACON& Tower with Radar,171,70,124,0,365,0,37,23,5,65,171,107,147,5,430,52,0,52,482
03/08/2002,BUR,CA,AWP,WE,Combined TRACON& Tower with Radar,155,72,126,0,353,0,44,84,2,130,155,116,210,2,483,48,0,48,531
03/09/2002,BUR,CA,AWP,WE,Combined TRACON& Tower with Radar,105,27,73,0,205,8,0,84,0,92,113,27,157,0,297,54,0,54,351
03/10/2002,BUR,CA,AWP,WE,Combined TRACON& Tower with Radar,125,18,85,0,228,18,0,56,0,74,143,18,141,0,302,60,0,60,362
03/11/2002,BUR,CA,AWP,WE,Combined TRACON& Tower with Radar,156,61,106,0,323,0,26,54,0,80,156,87,160,0,403,0,0,0,403
03/12/2002,BUR,CA,AWP,WE,Combined TRACON& Tower with Radar,164,70,122,0,356,0,87,77,1,165,164,157,199,1,521,38,0,38,559
03/13/2002,BUR,CA,AWP,WE,Combined TRACON& Tower with Radar,157,61,107,0,325,9,49,17,4,79,166,110,124,4,404,0,0,0,404
03/14/2002,BUR,CA,AWP,WE,Combined TRACON& Tower with Radar,155,60,107,0,322,16,47,23,0,86,171,107,130,0,408,0,0,0,408
03/15/2002,BUR,CA,AWP,WE,Combined TRACON& Tower with Radar,166,70,125,0,361,0,41,59,0,100,166,111,184,0,461,30,0,30,491
03/16/2002,BUR,CA,AWP,WE,Combined TRACON& Tower with Radar,117,28,81,0,226,11,0,64,0,75,128,28,145,0,301,29,0,29,330
03/17/2002,BUR,CA,AWP,WE,Combined TRACON& Tower with Radar,131,14,87,0,232,3,0,55,0,58,134,14,142,0,290,60,0,60,350
03/18/2002,BUR,CA,AWP,WE,Combined TRACON& Tower with Radar,172,67,120,1,360,0,28,75,3,106,172,95,195,4,466,26,0,26,492
03/19/2002,BUR,CA,AWP,WE,Combined TRACON& Tower with Radar,143,59,104,1,307,0,73,54,2,129,143,132,158,3,436,16,0,16,452
03/20/2002,BUR,CA,AWP,WE,Combined TRACON& Tower with Radar,152,58,102,0,312,5,51,50,0,106,157,109,152,0,418,14,0,14,432
03/21/2002,BUR,CA,AWP,WE,Combined TRACON& Tower with Radar,147,61,108,1,317,0,64,57,2,123,147,125,165,3,440,2,0,2,442
03/22/2002,BUR,CA,AWP,WE,Combined TRACON& Tower with Radar,250,96,169,1,516,67,20,33,2,122,317,116,202,3,638,76,0,76,714
03/23/2002,BUR,CA,AWP,WE,Combined TRACON& Tower with Radar,122,16,86,0,224,0,0,67,0,67,122,16,153,0,291,41,0,41,332
03/24/2002,BUR,CA,AWP,WE,Combined TRACON& Tower with Radar,133,31,89,0,253,6,0,90,0,96,139,31,179,0,349,34,0,34,383
03/25/2002,BUR,CA,AWP,WE,Combined TRACON& Tower with Radar,178,68,121,0,367,0,19,93,0,112,178,87,214,0,479,48,0,48,527
03/26/2002,BUR,CA,AWP,WE,Combined TRACON& Tower with Radar,123,47,84,0,254,39,74,107,0,220,162,121,191,0,474,0,0,0,474
03/27/2002,BUR,CA,AWP,WE,Combined TRACON& Tower with Radar,154,65,115,0,334,0,56,35,0,91,154,121,150,0,425,38,0,38,463
03/28/2002,BUR,CA,AWP,WE,Combined TRACON& Tower with Radar,169,69,124,0,362,0,44,31,4,79,169,113,155,4,441,8,0,8,449
03/29/2002,BUR,CA,AWP,WE,Combined TRACON& Tower with Radar,158,67,120,0,345,0,23,53,1,77,158,90,173,1,422,26,0,26,448
03/30/2002,BUR,CA,AWP,WE,Combined TRACON& Tower with Radar,106,30,94,0,230,0,0,92,1,93,106,30,186,1,323,0,0,0,323
03/31/2002,BUR,CA,AWP,WE,Combined TRACON& Tower with Radar,136,21,92,0,249,0,0,59,1,60,136,21,151,1,309,16,0,16,325
04/01/2002,BUR,CA,AWP,WE,Combined TRACON& Tower with Radar,142,59,114,0,315,23,10,6,2,41,165,69,120,2,356,47,0,47,403
04/02/2002,BUR,CA,AWP,WE,Combined TRACON& Tower with Radar,147,72,138,0,357,0,28,43,0,71,147,100,181,0,428,18,0,18,446
04/03/2002,BUR,CA,AWP,WE,Combined TRACON& Tower with Radar,151,64,122,0,337,0,37,25,0,62,151,101,147,0,399,10,0,10,409
04/04/2002,BUR,CA,AWP,WE,Combined TRACON& Tower with Radar,166,72,137,0,375,0,36,40,0,76,166,108,177,0,451,50,0,50,501
04/05/2002,BUR,CA,AWP,WE,Combined TRACON& Tower with Radar,159,67,130,0,356,0,36,47,0,83,159,103,177,0,439,66,0,66,505
04/06/2002,BUR,CA,AWP,WE,Combined TRACON& Tower with Radar,111,30,113,0,254,0,0,99,6,105,111,30,212,6,359,96,0,96,455
04/07/2002,BUR,CA,AWP,WE,Combined TRACON& Tower with Radar,137,22,121,0,280,0,0,73,0,73,137,22,194,0,353,50,0,50,403
04/08/2002,BUR,CA,AWP,WE,Combined TRACON& Tower with Radar,163,72,137,0,372,0,4,62,0,66,163,76,199,0,438,14,0,14,452
04/09/2002,BUR,CA,AWP,WE,Combined TRACON& Tower with Radar,166,68,131,0,365,4,68,31,0,103,170,136,162,0,468,14,0,14,482
04/10/2002,BUR,CA,AWP,WE,Combined TRACON& Tower with Radar,148,61,118,1,328,10,38,40,0,88,158,99,158,1,416,24,0,24,440
04/11/2002,BUR,CA,AWP,WE,Combined TRACON& Tower with Radar,151,61,120,1,333,9,47,15,1,72,160,108,135,2,405,2,0,2,407
04/12/2002,BUR,CA,AWP,WE,Combined TRACON& Tower with Radar,177,74,143,0,394,0,26,32,0,58,177,100,175,0,452,14,0,14,466
04/13/2002,BUR,CA,AWP,WE,Combined TRACON& Tower with Radar,116,33,104,1,254,0,0,71,1,72,116,33,175,2,326,20,0,20,346
04/14/2002,BUR,CA,AWP,WE,Combined TRACON& Tower with Radar,142,29,112,0,283,2,0,50,0,52,144,29,162,0,335,0,0,0,335
04/15/2002,BUR,CA,AWP,WE,Combined TRACON& Tower with Radar,147,60,118,0,325,6,4,29,0,39,153,64,147,0,364,2,0,2,366
04/16/2002,BUR,CA,AWP,WE,Combined TRACON& Tower with Radar,168,69,132,0,369,2,35,37,0,74,170,104,169,0,443,6,0,6,449
04/17/2002,BUR,CA,AWP,WE,Combined TRACON& Tower with Radar,182,75,144,1,402,0,34,55,1,90,182,109,199,2,492,50,0,50,542
04/18/2002,BUR,CA,AWP,WE,Combined TRACON& Tower with Radar,173,70,136,0,379,5,35,63,0,103,178,105,199,0,482,46,0,46,528
04/19/2002,BUR,CA,AWP,WE,Combined TRACON& Tower with Radar,173,71,136,0,380,7,32,47,0,86,180,103,183,0,466,28,0,28,494
04/20/2002,BUR,CA,AWP,WE,Combined TRACON& Tower with Radar,122,17,97,1,237,0,0,107,1,108,122,17,204,2,345,26,0,26,371
04/21/2002,BUR,CA,AWP,WE,Combined TRACON& Tower with Radar,144,26,113,0,283,9,0,105,0,114,153,26,218,0,397,38,0,38,435
04/22/2002,BUR,CA,AWP,WE,Combined TRACON& Tower with Radar,146,59,115,1,321,3,13,84,0,100,149,72,199,1,421,7,0,7,428
04/23/2002,BUR,CA,AWP,WE,Combined TRACON& Tower with Radar,166,67,130,1,364,1,53,45,0,99,167,120,175,1,463,22,0,22,485
04/24/2002,BUR,CA,AWP,WE,Combined TRACON& Tower with Radar,110,44,86,1,241,51,91,76,1,219,161,135,162,2,460,20,0,20,480
04/25/2002,BUR,CA,AWP,WE,Combined TRACON& Tower with Radar,168,74,142,1,385,0,57,60,4,121,168,131,202,5,506,0,0,0,506
04/26/2002,BUR,CA,AWP,WE,Combined TRACON& Tower with Radar,138,56,109,0,303,10,45,82,0,137,148,101,191,0,440,0,0,0,440
04/27/2002,BUR,CA,AWP,WE,Combined TRACON& Tower with Radar,118,39,106,0,263,0,0,84,0,84,118,39,190,0,347,94,0,94,441
04/28/2002,BUR,CA,AWP,WE,Combined TRACON& Tower with Radar,136,40,107,0,283,16,0,50,0,66,152,40,157,0,349,44,0,44,393
04/29/2002,BUR,CA,AWP,WE,Combined TRACON& Tower with Radar,174,71,138,0,383,1,6,66,0,73,175,77,204,0,456,18,0,18,474
04/30/2002,BUR,CA,AWP,WE,Combined TRACON& Tower with Radar,150,67,130,0,347,0,58,57,2,117,150,125,187,2,464,86,0,86,550
05/01/2002,BUR,CA,AWP,WE,Combined TRACON& Tower with Radar,145,61,118,0,324,5,39,36,2,82,150,100,154,2,406,0,0,0,406
05/02/2002,BUR,CA,AWP,WE,Combined TRACON& Tower with Radar,156,65,127,0,348,15,42,61,0,118,171,107,188,0,466,36,0,36,502
05/03/2002,BUR,CA,AWP,WE,Combined TRACON& Tower with Radar,168,71,139,0,378,0,24,72,0,96,168,95,211,0,474,58,0,58,532
05/04/2002,BUR,CA,AWP,WE,Combined TRACON& Tower with Radar,112,24,112,0,248,0,0,129,0,129,112,24,241,0,377,32,0,32,409
05/05/2002,BUR,CA,AWP,WE,Combined TRACON& Tower with Radar,130,21,106,0,257,23,0,56,0,79,153,21,162,0,336,20,0,20,356
05/06/2002,BUR,CA,AWP,WE,Combined TRACON& Tower with Radar,178,75,148,0,401,0,12,39,0,51,178,87,187,0,452,6,0,6,458
05/07/2002,BUR,CA,AWP,WE,Combined TRACON& Tower with Radar,170,73,142,0,385,0,29,5,4,38,170,102,147,4,423,34,0,34,457
05/08/2002,BUR,CA,AWP,WE,Combined TRACON& Tower with Radar,167,70,136,0,373,5,37,66,0,108,172,107,202,0,481,36,0,36,517
05/09/2002,BUR,CA,AWP,WE,Combined TRACON& Tower with Radar,159,69,134,0,362,0,48,74,2,124,159,117,208,2,486,52,0,52,538
05/10/2002,BUR,CA,AWP,WE,Combined TRACON& Tower with Radar,157,74,146,0,377,0,42,55,2,99,157,116,201,2,476,24,0,24,500
05/11/2002,BUR,CA,AWP,WE,Combined TRACON& Tower with Radar,104,33,85,0,222,22,0,79,8,109,126,33,164,8,331,36,0,36,367
05/12/2002,BUR,CA,AWP,WE,Combined TRACON& Tower with Radar,130,19,106,0,255,16,0,83,18,117,146,19,189,18,372,2,0,2,374
05/13/2002,BUR,CA,AWP,WE,Combined TRACON& Tower with Radar,164,70,140,1,375,0,2,97,1,100,164,72,237,2,475,44,0,44,519
05/14/2002,BUR,CA,AWP,WE,Combined TRACON& Tower with Radar,144,60,118,0,322,8,59,40,0,107,152,119,158,0,429,8,0,8,437
05/15/2002,BUR,CA,AWP,WE,Combined TRACON& Tower with Radar,152,63,124,1,340,5,35,33,3,76,157,98,157,4,416,0,0,0,416
05/16/2002,BUR,CA,AWP,WE,Combined TRACON& Tower with Radar,179,86,169,0,434,0,17,108,0,125,179,103,277,0,559,32,0,32,591
05/17/2002,BUR,CA,AWP,WE,Combined TRACON& Tower with Radar,161,68,134,0,363,0,31,59,0,90,161,99,193,0,453,10,0,10,463
05/18/2002,BUR,CA,AWP,WE,Combined TRACON& Tower with Radar,115,36,121,0,272,0,0,103,0,103,115,36,224,0,375,0,0,0,375
05/19/2002,BUR,CA,AWP,WE,Combined TRACON& Tower with Radar,126,29,102,0,257,3,0,68,0,71,129,29,170,0,328,0,0,0,328
05/20/2002,BUR,CA,AWP,WE,Combined TRACON& Tower with Radar,153,60,129,1,343,0,0,38,0,38,153,60,167,1,381,50,0,50,431
05/21/2002,BUR,CA,AWP,WE,Combined TRACON& Tower with Radar,152,63,123,1,339,0,65,36,0,101,152,128,159,1,440,60,0,60,500
05/22/2002,BUR,CA,AWP,WE,Combined TRACON& Tower with Radar,167,72,141,1,381,0,50,100,0,150,167,122,241,1,531,20,0,20,551
05/23/2002,BUR,CA,AWP,WE,Combined TRACON& Tower with Radar,164,68,135,0,367,0,61,66,1,128,164,129,201,1,495,58,0,58,553
05/24/2002,BUR,CA,AWP,WE,Combined TRACON& Tower with Radar,127,52,102,0,281,18,46,120,0,184,145,98,222,0,465,50,0,50,515
05/25/2002,BUR,CA,AWP,WE,Combined TRACON& Tower with Radar,116,20,95,0,231,0,0,65,0,65,116,20,160,0,296,43,0,43,339
05/26/2002,BUR,CA,AWP,WE,Combined TRACON& Tower with Radar,106,20,86,0,212,23,0,55,0,78,129,20,141,0,290,36,0,36,326
05/27/2002,BUR,CA,AWP,WE,Combined TRACON& Tower with Radar,118,22,95,0,235,17,0,61,33,111,135,22,156,33,346,30,0,30,376
05/28/2002,BUR,CA,AWP,WE,Combined TRACON& Tower with Radar,138,56,112,0,306,10,36,32,0,78,148,92,144,0,384,76,0,76,460
05/29/2002,BUR,CA,AWP,WE,Combined TRACON& Tower with Radar,164,67,133,0,364,4,45,69,0,118,168,112,202,0,482,8,0,8,490
05/30/2002,BUR,CA,AWP,WE,Combined TRACON& Tower with Radar,186,76,152,0,414,0,44,17,0,61,186,120,169,0,475,62,0,62,537
05/31/2002,BUR,CA,AWP,WE,Combined TRACON& Tower with Radar,160,74,146,0,380,0,61,88,0,149,160,135,234,0,529,0,0,0,529
06/01/2002,BUR,CA,AWP,WE,Combined TRACON& Tower with Radar,107,30,101,0,238,0,0,66,0,66,107,30,167,0,304,94,0,94,398
06/02/2002,BUR,CA,AWP,WE,Combined TRACON& Tower with Radar,153,43,124,0,320,6,0,61,1,68,159,43,185,1,388,20,0,20,408
06/03/2002,BUR,CA,AWP,WE,Combined TRACON& Tower with Radar,168,66,140,0,374,0,10,61,0,71,168,76,201,0,445,56,0,56,501
06/04/2002,BUR,CA,AWP,WE,Combined TRACON& Tower with Radar,145,55,117,0,317,6,48,38,0,92,151,103,155,0,409,36,0,36,445
06/05/2002,BUR,CA,AWP,WE,Combined TRACON& Tower with Radar,149,57,121,0,327,5,28,70,0,103,154,85,191,0,430,108,0,108,538
06/06/2002,BUR,CA,AWP,WE,Combined TRACON& Tower with Radar,164,64,136,0,364,0,59,18,0,77,164,123,154,0,441,50,0,50,491
06/07/2002,BUR,CA,AWP,WE,Combined TRACON& Tower with Radar,173,76,161,0,410,0,50,56,0,106,173,126,217,0,516,46,0,46,562
06/08/2002,BUR,CA,AWP,WE,Combined TRACON& Tower with Radar,123,30,118,0,271,0,0,74,0,74,123,30,192,0,345,92,0,92,437
06/09/2002,BUR,CA,AWP,WE,Combined TRACON& Tower with Radar,135,27,110,0,272,7,0,61,0,68,142,27,171,0,340,14,0,14,354
06/10/2002,BUR,CA,AWP,WE,Combined TRACON& Tower with Radar,178,68,144,0,390,0,7,73,0,80,178,75,217,0,470,2,0,2,472
06/11/2002,BUR,CA,AWP,WE,Combined TRACON& Tower with Radar,157,59,126,0,342,1,52,29,0,82,158,111,155,0,424,29,0,29,453
06/12/2002,BUR,CA,AWP,WE,Combined TRACON& Tower with Radar,165,63,135,0,363,0,64,31,0,95,165,127,166,0,458,0,0,0,458
06/13/2002,BUR,CA,AWP,WE,Combined TRACON& Tower with Radar,160,60,129,0,349,4,40,68,0,112,164,100,197,0,461,24,0,24,485
06/14/2002,BUR,CA,AWP,WE,Combined TRACON& Tower with Radar,163,61,131,0,355,3,50,56,0,109,166,111,187,0,464,38,0,38,502
06/15/2002,BUR,CA,AWP,WE,Combined TRACON& Tower with Radar,130,38,107,0,275,0,0,93,0,93,130,38,200,0,368,34,0,34,402
06/16/2002,BUR,CA,AWP,WE,Combined TRACON& Tower with Radar,145,36,120,1,302,0,0,85,1,86,145,36,205,2,388,146,0,146,534
06/17/2002,BUR,CA,AWP,WE,Combined TRACON& Tower with Radar,169,63,135,1,368,12,27,58,5,102,181,90,193,6,470,32,0,32,502
06/18/2002,BUR,CA,AWP,WE,Combined TRACON& Tower with Radar,166,62,133,1,362,8,53,30,0,91,174,115,163,1,453,28,0,28,481
06/19/2002,BUR,CA,AWP,WE,Combined TRACON& Tower with Radar,149,56,119,1,325,6,42,19,11,78,155,98,138,12,403,48,0,48,451
06/20/2002,BUR,CA,AWP,WE,Combined TRACON& Tower with Radar,166,62,134,0,362,0,28,37,0,65,166,90,171,0,427,4,0,4,431
06/21/2002,BUR,CA,AWP,WE,Combined TRACON& Tower with Radar,174,73,157,1,405,0,22,52,7,81,174,95,209,8,486,8,0,8,494
06/22/2002,BUR,CA,AWP,WE,Combined TRACON& Tower with Radar,124,21,98,0,243,3,0,81,0,84,127,21,179,0,327,101,0,101,428
06/23/2002,BUR,CA,AWP,WE,Combined TRACON& Tower with Radar,129,18,102,0,249,12,0,83,0,95,141,18,185,0,344,40,0,40,384
06/24/2002,BUR,CA,AWP,WE,Combined TRACON& Tower with Radar,148,55,117,0,320,26,34,103,0,163,174,89,220,0,483,34,0,34,517
06/25/2002,BUR,CA,AWP,WE,Combined TRACON& Tower with Radar,168,64,137,0,369,0,53,56,0,109,168,117,193,0,478,24,0,24,502
06/26/2002,BUR,CA,AWP,WE,Combined TRACON& Tower with Radar,126,47,101,0,274,38,77,83,0,198,164,124,184,0,472,72,0,72,544
06/27/2002,BUR,CA,AWP,WE,Combined TRACON& Tower with Radar,175,67,145,0,387,0,53,60,0,113,175,120,205,0,500,56,0,56,556
06/28/2002,BUR,CA,AWP,WE,Combined TRACON& Tower with Radar,159,65,142,0,366,0,25,74,0,99,159,90,216,0,465,42,0,42,507
06/29/2002,BUR,CA,AWP,WE,Combined TRACON& Tower with Radar,136,42,122,0,300,0,0,95,0,95,136,42,217,0,395,18,0,18,413
06/30/2002,BUR,CA,AWP,WE,Combined TRACON& Tower with Radar,130,39,105,0,274,14,0,58,0,72,144,39,163,0,346,22,0,22,368
07/01/2002,BUR,CA,AWP,WE,Combined TRACON& Tower with Radar,168,58,121,0,347,4,22,98,0,124,172,80,219,0,471,54,0,54,525
07/02/2002,BUR,CA,AWP,WE,Combined TRACON& Tower with Radar,157,54,114,0,325,15,63,27,0,105,172,117,141,0,430,46,0,46,476
07/03/2002,BUR,CA,AWP,WE,Combined TRACON& Tower with Radar,178,65,136,0,379,0,44,77,2,123,178,109,213,2,502,44,0,44,546
07/04/2002,BUR,CA,AWP,WE,Combined TRACON& Tower with Radar,121,31,87,0,239,18,0,30,0,48,139,31,117,0,287,18,0,18,305
07/05/2002,BUR,CA,AWP,WE,Combined TRACON& Tower with Radar,142,55,115,0,312,0,7,44,0,51,142,62,159,0,363,55,0,55,418
07/06/2002,BUR,CA,AWP,WE,Combined TRACON& Tower with Radar,125,29,97,0,251,0,0,63,0,63,125,29,160,0,314,0,0,0,314
07/07/2002,BUR,CA,AWP,WE,Combined TRACON& Tower with Radar,145,18,104,0,267,16,0,52,0,68,161,18,156,0,335,50,0,50,385
07/08/2002,BUR,CA,AWP,WE,Combined TRACON& Tower with Radar,167,55,122,0,344,0,0,64,0,64,167,55,186,0,408,20,0,20,428
07/09/2002,BUR,CA,AWP,WE,Combined TRACON& Tower with Radar,168,57,121,0,346,7,53,81,0,141,175,110,202,0,487,126,0,126,613
07/10/2002,BUR,CA,AWP,WE,Combined TRACON& Tower with Radar,178,70,146,0,394,0,49,91,5,145,178,119,237,5,539,58,0,58,597
07/11/2002,BUR,CA,AWP,WE,Combined TRACON& Tower with Radar,149,55,116,1,321,0,55,65,3,123,149,110,181,4,444,40,0,40,484
07/12/2002,BUR,CA,AWP,WE,Combined TRACON& Tower with Radar,176,63,133,0,372,0,37,77,0,114,176,100,210,0,486,40,0,40,526
07/13/2002,BUR,CA,AWP,WE,Combined TRACON& Tower with Radar,132,45,103,0,280,0,0,103,0,103,132,45,206,0,383,76,0,76,459
07/14/2002,BUR,CA,AWP,WE,Combined TRACON& Tower with Radar,131,16,94,1,242,20,0,52,1,73,151,16,146,2,315,12,0,12,327
07/15/2002,BUR,CA,AWP,WE,Combined TRACON& Tower with Radar,171,64,136,0,371,0,22,71,0,93,171,86,207,0,464,10,0,10,474
07/16/2002,BUR,CA,AWP,WE,Combined TRACON& Tower with Radar,159,54,114,1,328,11,72,26,1,110,170,126,140,2,438,36,0,36,474
07/17/2002,BUR,CA,AWP,WE,Combined TRACON& Tower with Radar,153,52,110,0,315,7,48,52,0,107,160,100,162,0,422,2,0,2,424
07/18/2002,BUR,CA,AWP,WE,Combined TRACON& Tower with Radar,160,54,113,0,327,0,56,34,0,90,160,110,147,0,417,30,0,30,447
07/19/2002,BUR,CA,AWP,WE,Combined TRACON& Tower with Radar,156,54,115,0,325,0,28,40,0,68,156,82,155,0,393,22,0,22,415
07/20/2002,BUR,CA,AWP,WE,Combined TRACON& Tower with Radar,132,41,104,0,277,0,0,72,0,72,132,41,176,0,349,60,0,60,409
07/21/2002,BUR,CA,AWP,WE,Combined TRACON& Tower with Radar,125,13,88,0,226,21,0,59,0,80,146,13,147,0,306,56,0,56,362
07/22/2002,BUR,CA,AWP,WE,Combined TRACON& Tower with Radar,154,59,127,0,340,0,34,80,0,114,154,93,207,0,454,80,0,80,534
07/23/2002,BUR,CA,AWP,WE,Combined TRACON& Tower with Radar,164,55,118,0,337,0,50,25,2,77,164,105,143,2,414,0,0,0,414
07/24/2002,BUR,CA,AWP,WE,Combined TRACON& Tower with Radar,140,47,100,0,287,34,54,106,0,194,174,101,206,0,481,74,0,74,555
07/25/2002,BUR,CA,AWP,WE,Combined TRACON& Tower with Radar,183,64,136,0,383,0,38,76,1,115,183,102,212,1,498,6,0,6,504
07/26/2002,BUR,CA,AWP,WE,Combined TRACON& Tower with Radar,148,49,106,0,303,26,54,79,6,165,174,103,185,6,468,18,0,18,486
07/27/2002,BUR,CA,AWP,WE,Combined TRACON& Tower with Radar,130,32,104,0,266,0,0,71,2,73,130,32,175,2,339,18,0,18,357
07/28/2002,BUR,CA,AWP,WE,Combined TRACON& Tower with Radar,135,21,97,0,253,8,0,55,0,63,143,21,152,0,316,34,0,34,350
07/29/2002,BUR,CA,AWP,WE,Combined TRACON& Tower with Radar,165,59,125,0,349,0,24,69,0,93,165,83,194,0,442,0,0,0,442
07/30/2002,BUR,CA,AWP,WE,Combined TRACON& Tower with Radar,160,54,114,0,328,0,53,35,0,88,160,107,149,0,416,0,0,0,416
07/31/2002,BUR,CA,AWP,WE,Combined TRACON& Tower with Radar,159,54,114,0,327,8,40,44,0,92,167,94,158,0,419,32,0,32,451
08/01/2002,BUR,CA,AWP,WE,Combined TRACON& Tower with Radar,162,62,130,1,355,0,54,43,0,97,162,116,173,1,452,36,0,36,488
08/02/2002,BUR,CA,AWP,WE,Combined TRACON& Tower with Radar,159,66,148,0,373,0,0,76,0,76,159,66,224,0,449,14,0,14,463
08/03/2002,BUR,CA,AWP,WE,Combined TRACON& Tower with Radar,150,39,139,1,329,0,0,48,29,77,150,39,187,30,406,26,0,26,432
08/04/2002,BUR,CA,AWP,WE,Combined TRACON& Tower with Radar,146,28,116,0,290,2,0,68,0,70,148,28,184,0,360,18,0,18,378
08/05/2002,BUR,CA,AWP,WE,Combined TRACON& Tower with Radar,159,60,127,0,346,14,20,57,0,91,173,80,184,0,437,54,0,54,491
08/06/2002,BUR,CA,AWP,WE,Combined TRACON& Tower with Radar,164,63,131,0,358,0,48,52,0,100,164,111,183,0,458,32,0,32,490
08/07/2002,BUR,CA,AWP,WE,Combined TRACON& Tower with Radar,144,55,115,1,315,27,46,45,0,118,171,101,160,1,433,104,0,104,537
08/08/2002,BUR,CA,AWP,WE,Combined TRACON& Tower with Radar,143,56,117,0,316,0,38,72,0,110,143,94,189,0,426,24,0,24,450
08/09/2002,BUR,CA,AWP,WE,Combined TRACON& Tower with Radar,149,63,132,0,344,0,24,75,0,99,149,87,207,0,443,87,0,87,530
08/10/2002,BUR,CA,AWP,WE,Combined TRACON& Tower with Radar,115,26,92,0,233,10,0,64,0,74,125,26,156,0,307,37,0,37,344
08/11/2002,BUR,CA,AWP,WE,Combined TRACON& Tower with Radar,137,30,109,0,276,11,0,78,0,89,148,30,187,0,365,30,0,30,395
08/12/2002,BUR,CA,AWP,WE,Combined TRACON& Tower with Radar,163,62,129,1,355,3,16,63,0,82,166,78,192,1,437,38,0,38,475
08/13/2002,BUR,CA,AWP,WE,Combined TRACON& Tower with Radar,151,58,122,0,331,0,45,55,0,100,151,103,177,0,431,0,0,0,431
08/14/2002,BUR,CA,AWP,WE,Combined TRACON& Tower with Radar,145,55,115,0,315,12,53,41,0,106,157,108,156,0,421,32,0,32,453
08/15/2002,BUR,CA,AWP,WE,Combined TRACON& Tower with Radar,156,60,126,0,342,0,38,21,0,59,156,98,147,0,401,6,0,6,407
08/16/2002,BUR,CA,AWP,WE,Combined TRACON& Tower with Radar,154,66,140,0,360,0,21,53,0,74,154,87,193,0,434,16,0,16,450
08/17/2002,BUR,CA,AWP,WE,Combined TRACON& Tower with Radar,129,34,115,0,278,0,0,70,0,70,129,34,185,0,348,14,0,14,362
08/18/2002,BUR,CA,AWP,WE,Combined TRACON& Tower with Radar,143,17,112,0,272,13,0,58,0,71,156,17,170,0,343,12,0,12,355
08/19/2002,BUR,CA,AWP,WE,Combined TRACON& Tower with Radar,170,63,134,0,367,9,19,35,0,63,179,82,169,0,430,22,0,22,452
08/20/2002,BUR,CA,AWP,WE,Combined TRACON& Tower with Radar,173,71,148,0,392,0,35,27,0,62,173,106,175,0,454,75,0,75,529
08/21/2002,BUR,CA,AWP,WE,Combined TRACON& Tower with Radar,162,60,127,0,349,6,27,36,0,69,168,87,163,0,418,55,0,55,473
08/22/2002,BUR,CA,AWP,WE,Combined TRACON& Tower with Radar,161,64,136,0,361,0,62,55,0,117,161,126,191,0,478,42,0,42,520
08/23/2002,BUR,CA,AWP,WE,Combined TRACON& Tower with Radar,151,63,133,0,347,0,60,47,0,107,151,123,180,0,454,0,0,0,454
08/24/2002,BUR,CA,AWP,WE,Combined TRACON& Tower with Radar,110,40,86,0,236,12,3,68,0,83,122,43,154,0,319,23,0,23,342
08/25/2002,BUR,CA,AWP,WE,Combined TRACON& Tower with Radar,122,17,96,0,235,46,0,29,0,75,168,17,125,0,310,50,0,50,360
08/26/2002,BUR,CA,AWP,WE,Combined TRACON& Tower with Radar,125,46,99,0,270,53,37,62,0,152,178,83,161,0,422,36,0,36,458
08/27/2002,BUR,CA,AWP,WE,Combined TRACON& Tower with Radar,157,64,136,1,358,0,52,57,2,111,157,116,193,3,469,46,0,46,515
08/28/2002,BUR,CA,AWP,WE,Combined TRACON& Tower with Radar,159,60,127,0,346,0,38,53,0,91,159,98,180,0,437,74,0,74,511
08/29/2002,BUR,CA,AWP,WE,Combined TRACON& Tower with Radar,171,64,137,0,372,0,40,41,0,81,171,104,178,0,453,2,0,2,455
08/30/2002,BUR,CA,AWP,WE,Combined TRACON& Tower with Radar,173,67,141,0,381,0,21,74,0,95,173,88,215,0,476,14,0,14,490
08/31/2002,BUR,CA,AWP,WE,Combined TRACON& Tower with Radar,115,38,106,0,259,0,0,103,0,103,115,38,209,0,362,64,0,64,426
09/01/2002,BUR,CA,AWP,WE,Combined TRACON& Tower with Radar,0,0,0,0,0,0,0,0,0,0,0,0,0,0,0,0,0,0,0
09/02/2002,BUR,CA,AWP,WE,Combined TRACON& Tower with Radar,133,33,95,0,261,10,0,54,0,64,143,33,149,0,325,2,0,2,327
09/03/2002,BUR,CA,AWP,WE,Combined TRACON& Tower with Radar,123,42,87,0,252,24,16,28,0,68,147,58,115,0,320,36,0,36,356
09/04/2002,BUR,CA,AWP,WE,Combined TRACON& Tower with Radar,178,59,125,0,362,6,42,59,0,107,184,101,184,0,469,94,0,94,563
09/05/2002,BUR,CA,AWP,WE,Combined TRACON& Tower with Radar,167,60,126,0,353,0,46,72,0,118,167,106,198,0,471,48,0,48,519
09/06/2002,BUR,CA,AWP,WE,Combined TRACON& Tower with Radar,168,63,134,1,366,0,32,74,0,106,168,95,208,1,472,34,0,34,506
09/07/2002,BUR,CA,AWP,WE,Combined TRACON& Tower with Radar,124,34,87,1,246,2,0,55,1,58,126,34,142,2,304,50,0,50,354
09/08/2002,BUR,CA,AWP,WE,Combined TRACON& Tower with Radar,155,29,110,0,294,12,0,52,0,64,167,29,162,0,358,46,0,46,404
09/09/2002,BUR,CA,AWP,WE,Combined TRACON& Tower with Radar,170,63,134,0,367,0,19,93,0,112,170,82,227,0,479,13,0,13,492
09/10/2002,BUR,CA,AWP,WE,Combined TRACON& Tower with Radar,153,57,119,0,329,0,47,97,0,144,153,104,216,0,473,40,0,40,513
09/11/2002,BUR,CA,AWP,WE,Combined TRACON& Tower with Radar,159,53,112,0,324,10,52,36,0,98,169,105,148,0,422,34,0,34,456
09/12/2002,BUR,CA,AWP,WE,Combined TRACON& Tower with Radar,153,52,109,0,314,0,55,66,0,121,153,107,175,0,435,26,0,26,461
09/13/2002,BUR,CA,AWP,WE,Combined TRACON& Tower with Radar,167,56,120,0,343,0,43,48,0,91,167,99,168,0,434,10,0,10,444
09/14/2002,BUR,CA,AWP,WE,Combined TRACON& Tower with Radar,118,32,83,0,233,3,0,47,0,50,121,32,130,0,283,54,0,54,337
09/15/2002,BUR,CA,AWP,WE,Combined TRACON& Tower with Radar,137,17,96,0,250,19,0,46,0,65,156,17,142,0,315,46,0,46,361
09/16/2002,BUR,CA,AWP,WE,Combined TRACON& Tower with Radar,162,53,115,0,330,19,12,57,0,88,181,65,172,0,418,18,0,18,436
09/17/2002,BUR,CA,AWP,WE,Combined TRACON& Tower with Radar,163,54,115,0,332,3,54,60,2,119,166,108,175,2,451,2,0,2,453
09/18/2002,BUR,CA,AWP,WE,Combined TRACON& Tower with Radar,172,61,131,0,364,0,37,102,0,139,172,98,233,0,503,49,0,49,552
09/19/2002,BUR,CA,AWP,WE,Combined TRACON& Tower with Radar,176,64,137,0,377,0,73,73,1,147,176,137,210,1,524,108,0,108,632
09/20/2002,BUR,CA,AWP,WE,Combined TRACON& Tower with Radar,168,64,138,0,370,0,17,60,0,77,168,81,198,0,447,0,0,0,447
09/21/2002,BUR,CA,AWP,WE,Combined TRACON& Tower with Radar,124,37,88,0,249,11,0,52,4,67,135,37,140,4,316,76,0,76,392
09/22/2002,BUR,CA,AWP,WE,Combined TRACON& Tower with Radar,136,37,96,0,269,13,0,56,4,73,149,37,152,4,342,49,0,49,391
09/23/2002,BUR,CA,AWP,WE,Combined TRACON& Tower with Radar,171,56,120,0,347,12,28,51,5,96,183,84,171,5,443,1,0,1,444
09/24/2002,BUR,CA,AWP,WE,Combined TRACON& Tower with Radar,133,44,94,0,271,33,74,84,1,192,166,118,178,1,463,29,0,29,492
09/25/2002,BUR,CA,AWP,WE,Combined TRACON& Tower with Radar,158,56,121,0,335,0,46,82,0,128,158,102,203,0,463,22,0,22,485
09/26/2002,BUR,CA,AWP,WE,Combined TRACON& Tower with Radar,140,46,99,0,285,26,54,59,0,139,166,100,158,0,424,0,0,0,424
09/27/2002,BUR,CA,AWP,WE,Combined TRACON& Tower with Radar,170,68,145,0,383,0,25,53,0,78,170,93,198,0,461,38,0,38,499
09/28/2002,BUR,CA,AWP,WE,Combined TRACON& Tower with Radar,123,36,107,0,266,0,0,55,0,55,123,36,162,0,321,51,0,51,372
09/29/2002,BUR,CA,AWP,WE,Combined TRACON& Tower with Radar,158,23,111,0,292,15,0,63,0,78,173,23,174,0,370,120,0,120,490
09/30/2002,BUR,CA,AWP,WE,Combined TRACON& Tower with Radar,159,55,120,0,334,0,15,77,0,92,159,70,197,0,426,18,0,18,444
10/01/2002,BUR,CA,AWP,WE,Combined TRACON& Tower with Radar,173,66,139,0,378,0,31,25,0,56,173,97,164,0,434,65,0,65,499
10/02/2002,BUR,CA,AWP,WE,Combined TRACON& Tower with Radar,137,51,107,0,295,24,32,57,2,115,161,83,164,2,410,14,0,14,424
10/03/2002,BUR,CA,AWP,WE,Combined TRACON& Tower with Radar,157,60,128,0,345,0,34,82,0,116,157,94,210,0,461,26,0,26,487
10/04/2002,BUR,CA,AWP,WE,Combined TRACON& Tower with Radar,170,63,132,0,365,8,39,52,0,99,178,102,184,0,464,10,0,10,474
10/05/2002,BUR,CA,AWP,WE,Combined TRACON& Tower with Radar,122,45,94,0,261,1,11,68,0,80,123,56,162,0,341,58,0,58,399
10/06/2002,BUR,CA,AWP,WE,Combined TRACON& Tower with Radar,139,29,108,0,276,14,0,57,0,71,153,29,165,0,347,16,0,16,363
10/07/2002,BUR,CA,AWP,WE,Combined TRACON& Tower with Radar,147,54,115,0,316,20,27,58,0,105,167,81,173,0,421,16,0,16,437
10/08/2002,BUR,CA,AWP,WE,Combined TRACON& Tower with Radar,156,57,121,0,334,4,57,52,0,113,160,114,173,0,447,22,0,22,469
10/09/2002,BUR,CA,AWP,WE,Combined TRACON& Tower with Radar,148,56,119,0,323,0,33,57,0,90,148,89,176,0,413,30,0,30,443
10/10/2002,BUR,CA,AWP,WE,Combined TRACON& Tower with Radar,164,68,145,0,377,0,32,44,0,76,164,100,189,0,453,20,0,20,473
10/11/2002,BUR,CA,AWP,WE,Combined TRACON& Tower with Radar,178,70,149,0,397,0,17,53,1,71,178,87,202,1,468,22,0,22,490
10/12/2002,BUR,CA,AWP,WE,Combined TRACON& Tower with Radar,129,18,103,0,250,0,0,72,2,74,129,18,175,2,324,48,0,48,372
10/13/2002,BUR,CA,AWP,WE,Combined TRACON& Tower with Radar,124,14,97,0,235,22,0,50,0,72,146,14,147,0,307,6,0,6,313
10/14/2002,BUR,CA,AWP,WE,Combined TRACON& Tower with Radar,162,29,126,0,317,6,0,65,1,72,168,29,191,1,389,0,0,0,389
10/15/2002,BUR,CA,AWP,WE,Combined TRACON& Tower with Radar,169,65,136,0,370,0,7,5,0,12,169,72,141,0,382,0,0,0,382
10/16/2002,BUR,CA,AWP,WE,Combined TRACON& Tower with Radar,165,68,145,0,378,0,37,37,0,74,165,105,182,0,452,32,0,32,484
10/17/2002,BUR,CA,AWP,WE,Combined TRACON& Tower with Radar,168,66,139,0,373,0,24,61,1,86,168,90,200,1,459,38,0,38,497
10/18/2002,BUR,CA,AWP,WE,Combined TRACON& Tower with Radar,150,59,124,0,333,0,11,60,0,71,150,70,184,0,404,54,0,54,458
10/19/2002,BUR,CA,AWP,WE,Combined TRACON& Tower with Radar,149,26,114,0,289,10,0,54,0,64,159,26,168,0,353,46,0,46,399
10/20/2002,BUR,CA,AWP,WE,Combined TRACON& Tower with Radar,144,21,110,0,275,18,0,35,0,53,162,21,145,0,328,0,0,0,328
10/21/2002,BUR,CA,AWP,WE,Combined TRACON& Tower with Radar,156,51,120,0,327,7,0,23,0,30,163,51,143,0,357,6,0,6,363
10/22/2002,BUR,CA,AWP,WE,Combined TRACON& Tower with Radar,155,61,131,1,348,0,19,50,0,69,155,80,181,1,417,30,0,30,447
10/23/2002,BUR,CA,AWP,WE,Combined TRACON& Tower with Radar,143,51,109,0,303,9,29,35,0,73,152,80,144,0,376,81,0,81,457
10/24/2002,BUR,CA,AWP,WE,Combined TRACON& Tower with Radar,154,55,118,1,328,30,44,74,3,151,184,99,192,4,479,90,0,90,569
10/25/2002,BUR,CA,AWP,WE,Combined TRACON& Tower with Radar,156,69,148,0,373,0,47,96,0,143,156,116,244,0,516,48,0,48,564
10/26/2002,BUR,CA,AWP,WE,Combined TRACON& Tower with Radar,119,40,91,0,250,6,0,79,0,85,125,40,170,0,335,42,0,42,377
10/27/2002,BUR,CA,AWP,WE,Combined TRACON& Tower with Radar,123,22,95,0,240,13,0,34,1,48,136,22,129,1,288,98,0,98,386
10/28/2002,BUR,CA,AWP,WE,Combined TRACON& Tower with Radar,163,59,128,0,350,0,10,70,0,80,163,69,198,0,430,80,0,80,510
10/29/2002,BUR,CA,AWP,WE,Combined TRACON& Tower with Radar,165,59,128,0,352,4,38,30,1,73,169,97,158,1,425,4,0,4,429
10/30/2002,BUR,CA,AWP,WE,Combined TRACON& Tower with Radar,180,67,143,0,390,0,15,56,1,72,180,82,199,1,462,36,0,36,498
10/31/2002,BUR,CA,AWP,WE,Combined TRACON& Tower with Radar,183,75,161,0,419,0,22,59,0,81,183,97,220,0,500,0,0,0,500
11/01/2002,BUR,CA,AWP,WE,Combined TRACON& Tower with Radar,182,75,143,0,400,0,50,80,0,130,182,125,223,0,530,98,0,98,628
11/02/2002,BUR,CA,AWP,WE,Combined TRACON& Tower with Radar,141,41,95,0,277,4,0,45,0,49,145,41,140,0,326,40,0,40,366
11/03/2002,BUR,CA,AWP,WE,Combined TRACON& Tower with Radar,141,45,98,0,284,0,0,51,0,51,141,45,149,0,335,24,0,24,359
11/04/2002,BUR,CA,AWP,WE,Combined TRACON& Tower with Radar,179,65,122,0,366,0,8,78,0,86,179,73,200,0,452,0,0,0,452
11/05/2002,BUR,CA,AWP,WE,Combined TRACON& Tower with Radar,167,66,125,0,358,0,42,78,0,120,167,108,203,0,478,14,0,14,492
11/06/2002,BUR,CA,AWP,WE,Combined TRACON& Tower with Radar,168,61,114,0,343,5,30,98,0,133,173,91,212,0,476,24,0,24,500
11/07/2002,BUR,CA,AWP,WE,Combined TRACON& Tower with Radar,176,69,131,0,376,0,36,75,4,115,176,105,206,4,491,40,0,40,531
11/08/2002,BUR,CA,AWP,WE,Combined TRACON& Tower with Radar,165,74,140,0,379,0,34,18,0,52,165,108,158,0,431,0,0,0,431
11/09/2002,BUR,CA,AWP,WE,Combined TRACON& Tower with Radar,123,31,83,0,237,2,0,12,0,14,125,31,95,0,251,0,0,0,251
11/10/2002,BUR,CA,AWP,WE,Combined TRACON& Tower with Radar,123,26,83,0,232,9,0,57,0,66,132,26,140,0,298,44,0,44,342
11/11/2002,BUR,CA,AWP,WE,Combined TRACON& Tower with Radar,158,32,106,0,296,19,0,72,0,91,177,32,178,0,387,92,0,92,479
11/12/2002,BUR,CA,AWP,WE,Combined TRACON& Tower with Radar,149,53,101,0,303,14,14,87,0,115,163,67,188,0,418,60,0,60,478
11/13/2002,BUR,CA,AWP,WE,Combined TRACON& Tower with Radar,145,55,104,0,304,0,37,91,0,128,145,92,195,0,432,58,0,58,490
11/14/2002,BUR,CA,AWP,WE,Combined TRACON& Tower with Radar,185,69,131,0,385,0,53,74,0,127,185,122,205,0,512,0,0,0,512
11/15/2002,BUR,CA,AWP,WE,Combined TRACON& Tower with Radar,169,65,124,0,358,0,53,87,0,140,169,118,211,0,498,52,0,52,550
11/16/2002,BUR,CA,AWP,WE,Combined TRACON& Tower with Radar,132,27,89,0,248,15,0,76,0,91,147,27,165,0,339,22,0,22,361
11/17/2002,BUR,CA,AWP,WE,Combined TRACON& Tower with Radar,132,22,101,0,255,0,0,100,0,100,132,22,201,0,355,22,0,22,377
11/18/2002,BUR,CA,AWP,WE,Combined TRACON& Tower with Radar,165,59,112,0,336,0,20,65,0,85,165,79,177,0,421,66,0,66,487
11/19/2002,BUR,CA,AWP,WE,Combined TRACON& Tower with Radar,161,60,113,1,335,0,41,67,1,109,161,101,180,2,444,28,0,28,472
11/20/2002,BUR,CA,AWP,WE,Combined TRACON& Tower with Radar,154,56,107,0,317,0,73,62,0,135,154,129,169,0,452,60,0,60,512
11/21/2002,BUR,CA,AWP,WE,Combined TRACON& Tower with Radar,170,64,122,0,356,0,60,75,0,135,170,124,197,0,491,108,0,108,599
11/22/2002,BUR,CA,AWP,WE,Combined TRACON& Tower with Radar,170,64,123,1,358,0,57,66,0,123,170,121,189,1,481,82,0,82,563
11/23/2002,BUR,CA,AWP,WE,Combined TRACON& Tower with Radar,138,33,92,1,264,6,0,43,0,49,144,33,135,1,313,16,0,16,329
11/24/2002,BUR,CA,AWP,WE,Combined TRACON& Tower with Radar,136,11,91,0,238,8,0,82,0,90,144,11,173,0,328,40,0,40,368
11/25/2002,BUR,CA,AWP,WE,Combined TRACON& Tower with Radar,137,48,93,0,278,25,19,17,0,61,162,67,110,0,339,6,0,6,345
11/26/2002,BUR,CA,AWP,WE,Combined TRACON& Tower with Radar,111,39,74,0,224,50,82,30,0,162,161,121,104,0,386,2,0,2,388
11/27/2002,BUR,CA,AWP,WE,Combined TRACON& Tower with Radar,156,61,117,0,334,0,66,35,0,101,156,127,152,0,435,66,0,66,501
11/28/2002,BUR,CA,AWP,WE,Combined TRACON& Tower with Radar,80,26,53,0,159,23,0,12,0,35,103,26,65,0,194,59,0,59,253
11/29/2002,BUR,CA,AWP,WE,Combined TRACON& Tower with Radar,92,32,61,0,185,27,18,29,0,74,119,50,90,0,259,98,0,98,357
11/30/2002,BUR,CA,AWP,WE,Combined TRACON& Tower with Radar,113,34,76,0,223,14,0,22,0,36,127,34,98,0,259,26,0,26,285
12/01/2002,BUR,CA,AWP,WE,Combined TRACON& Tower with Radar,137,27,106,0,270,0,0,92,0,92,137,27,198,0,362,18,0,18,380
12/02/2002,BUR,CA,AWP,WE,Combined TRACON& Tower with Radar,171,64,124,0,359,0,14,87,0,101,171,78,211,0,460,54,0,54,514
12/03/2002,BUR,CA,AWP,WE,Combined TRACON& Tower with Radar,160,62,121,0,343,0,41,65,2,108,160,103,186,2,451,22,0,22,473
12/04/2002,BUR,CA,AWP,WE,Combined TRACON& Tower with Radar,160,60,117,0,337,0,50,51,0,101,160,110,168,0,438,16,0,16,454
12/05/2002,BUR,CA,AWP,WE,Combined TRACON& Tower with Radar,166,63,123,0,352,0,50,77,1,128,166,113,200,1,480,58,0,58,538
12/06/2002,BUR,CA,AWP,WE,Combined TRACON& Tower with Radar,175,68,133,0,376,0,43,68,0,111,175,111,201,0,487,46,0,46,533
12/07/2002,BUR,CA,AWP,WE,Combined TRACON& Tower with Radar,122,29,84,0,235,4,0,58,0,62,126,29,142,0,297,74,0,74,371
12/08/2002,BUR,CA,AWP,WE,Combined TRACON& Tower with Radar,142,33,107,0,282,0,0,94,1,95,142,33,201,1,377,46,0,46,423
12/09/2002,BUR,CA,AWP,WE,Combined TRACON& Tower with Radar,161,57,112,0,330,4,6,72,0,82,165,63,184,0,412,46,0,46,458
12/10/2002,BUR,CA,AWP,WE,Combined TRACON& Tower with Radar,158,60,117,0,335,0,46,49,0,95,158,106,166,0,430,54,0,54,484
12/11/2002,BUR,CA,AWP,WE,Combined TRACON& Tower with Radar,155,56,108,0,319,4,42,30,0,76,159,98,138,0,395,66,0,66,461
12/12/2002,BUR,CA,AWP,WE,Combined TRACON& Tower with Radar,175,72,140,0,387,0,80,60,0,140,175,152,200,0,527,32,0,32,559
12/13/2002,BUR,CA,AWP,WE,Combined TRACON& Tower with Radar,147,55,106,0,308,0,35,49,0,84,147,90,155,0,392,128,0,128,520
12/14/2002,BUR,CA,AWP,WE,Combined TRACON& Tower with Radar,137,49,95,0,281,4,8,67,0,79,141,57,162,0,360,92,0,92,452
12/15/2002,BUR,CA,AWP,WE,Combined TRACON& Tower with Radar,128,13,87,0,228,7,0,44,0,51,135,13,131,0,279,16,0,16,295
12/16/2002,BUR,CA,AWP,WE,Combined TRACON& Tower with Radar,185,67,136,0,388,0,0,38,0,38,185,67,174,0,426,8,0,8,434
12/17/2002,BUR,CA,AWP,WE,Combined TRACON& Tower with Radar,147,56,109,1,313,0,54,27,0,81,147,110,136,1,394,50,0,50,444
12/18/2002,BUR,CA,AWP,WE,Combined TRACON& Tower with Radar,157,55,107,0,319,3,47,38,0,88,160,102,145,0,407,80,0,80,487
12/19/2002,BUR,CA,AWP,WE,Combined TRACON& Tower with Radar,166,58,114,1,339,2,35,48,1,86,168,93,162,2,425,62,0,62,487
12/20/2002,BUR,CA,AWP,WE,Combined TRACON& Tower with Radar,146,53,104,1,304,0,36,23,0,59,146,89,127,1,363,36,0,36,399
12/21/2002,BUR,CA,AWP,WE,Combined TRACON& Tower with Radar,140,47,105,0,292,0,0,62,0,62,140,47,167,0,354,48,0,48,402
12/22/2002,BUR,CA,AWP,WE,Combined TRACON& Tower with Radar,143,23,98,0,264,9,0,38,0,47,152,23,136,0,311,0,0,0,311
12/23/2002,BUR,CA,AWP,WE,Combined TRACON& Tower with Radar,175,61,122,0,358,2,11,74,0,87,177,72,196,0,445,120,0,120,565
12/24/2002,BUR,CA,AWP,WE,Combined TRACON& Tower with Radar,113,39,78,0,230,35,68,50,0,153,148,107,128,0,383,24,0,24,407
12/25/2002,BUR,CA,AWP,WE,Combined TRACON& Tower with Radar,69,22,33,0,124,37,0,0,0,37,106,22,33,0,161,0,0,0,161
12/26/2002,BUR,CA,AWP,WE,Combined TRACON& Tower with Radar,142,49,98,0,289,27,19,100,0,146,169,68,198,0,435,68,0,68,503
12/27/2002,BUR,CA,AWP,WE,Combined TRACON& Tower with Radar,176,66,131,0,373,0,49,56,0,105,176,115,187,0,478,53,0,53,531
12/28/2002,BUR,CA,AWP,WE,Combined TRACON& Tower with Radar,135,43,93,0,271,12,0,59,0,71,147,43,152,0,342,44,0,44,386
12/29/2002,BUR,CA,AWP,WE,Combined TRACON& Tower with Radar,139,30,96,0,265,18,0,51,0,69,157,30,147,0,334,2,0,2,336
12/30/2002,BUR,CA,AWP,WE,Combined TRACON& Tower with Radar,158,55,110,0,323,4,11,80,0,95,162,66,190,0,418,32,0,32,450
12/31/2002,BUR,CA,AWP,WE,Combined TRACON& Tower with Radar,143,50,99,0,292,11,34,16,2,63,154,84,115,2,355,12,0,12,367
01/01/2003,BUR,CA,AWP,WE,Combined TRACON& Tower with Radar,127,33,96,0,256,0,0,59,0,59,127,33,155,0,315,18,0,18,333
01/02/2003,BUR,CA,AWP,WE,Combined TRACON& Tower with Radar,175,63,128,0,366,12,13,54,0,79,187,76,182,0,445,114,0,114,559
01/03/2003,BUR,CA,AWP,WE,Combined TRACON& Tower with Radar,168,62,127,0,357,0,24,63,0,87,168,86,190,0,444,54,0,54,498
01/04/2003,BUR,CA,AWP,WE,Combined TRACON& Tower with Radar,134,37,102,0,273,0,0,90,0,90,134,37,192,0,363,50,0,50,413
01/05/2003,BUR,CA,AWP,WE,Combined TRACON& Tower with Radar,145,40,112,0,297,0,0,73,0,73,145,40,185,0,370,20,0,20,390
01/06/2003,BUR,CA,AWP,WE,Combined TRACON& Tower with Radar,152,55,112,0,319,29,4,4,0,37,181,59,116,0,356,0,0,0,356
01/07/2003,BUR,CA,AWP,WE,Combined TRACON& Tower with Radar,145,53,106,0,304,16,37,37,0,90,161,90,143,0,394,84,0,84,478
01/08/2003,BUR,CA,AWP,WE,Combined TRACON& Tower with Radar,164,59,121,0,344,11,34,47,0,92,175,93,168,0,436,138,0,138,574
01/09/2003,BUR,CA,AWP,WE,Combined TRACON& Tower with Radar,155,68,139,0,362,0,48,59,0,107,155,116,198,0,469,76,0,76,545
01/10/2003,BUR,CA,AWP,WE,Combined TRACON& Tower with Radar,179,73,148,0,400,0,42,77,0,119,179,115,225,0,519,46,0,46,565
01/11/2003,BUR,CA,AWP,WE,Combined TRACON& Tower with Radar,109,40,79,0,228,14,2,24,0,40,123,42,103,0,268,40,0,40,308
01/12/2003,BUR,CA,AWP,WE,Combined TRACON& Tower with Radar,135,22,100,0,257,5,0,53,0,58,140,22,153,0,315,18,0,18,333
01/13/2003,BUR,CA,AWP,WE,Combined TRACON& Tower with Radar,166,60,121,0,347,6,20,46,0,72,172,80,167,0,419,21,0,21,440
01/14/2003,BUR,CA,AWP,WE,Combined TRACON& Tower with Radar,149,54,110,0,313,11,55,39,0,105,160,109,149,0,418,102,0,102,520
01/15/2003,BUR,CA,AWP,WE,Combined TRACON& Tower with Radar,148,54,109,0,311,3,45,43,0,91,151,99,152,0,402,38,0,38,440
01/16/2003,BUR,CA,AWP,WE,Combined TRACON& Tower with Radar,172,64,130,0,366,0,40,65,0,105,172,104,195,0,471,24,0,24,495
01/17/2003,BUR,CA,AWP,WE,Combined TRACON& Tower with Radar,160,61,127,1,349,0,50,60,0,110,160,111,187,1,459,48,0,48,507
01/18/2003,BUR,CA,AWP,WE,Combined TRACON& Tower with Radar,113,43,104,0,260,0,0,120,0,120,113,43,224,0,380,38,0,38,418
01/19/2003,BUR,CA,AWP,WE,Combined TRACON& Tower with Radar,128,22,93,0,243,5,0,71,0,76,133,22,164,0,319,38,0,38,357
01/20/2003,BUR,CA,AWP,WE,Combined TRACON& Tower with Radar,158,39,118,0,315,0,0,87,0,87,158,39,205,0,402,54,0,54,456
01/21/2003,BUR,CA,AWP,WE,Combined TRACON& Tower with Radar,162,57,118,0,337,14,10,32,0,56,176,67,150,0,393,60,0,60,453
01/22/2003,BUR,CA,AWP,WE,Combined TRACON& Tower with Radar,167,59,121,0,347,2,55,33,2,92,169,114,154,2,439,50,0,50,489
01/23/2003,BUR,CA,AWP,WE,Combined TRACON& Tower with Radar,190,69,143,0,402,0,55,64,0,119,190,124,207,0,521,40,0,40,561
01/24/2003,BUR,CA,AWP,WE,Combined TRACON& Tower with Radar,178,63,129,0,370,27,62,123,0,212,205,125,252,0,582,82,0,82,664
01/25/2003,BUR,CA,AWP,WE,Combined TRACON& Tower with Radar,113,42,88,0,243,0,0,88,0,88,113,42,176,0,331,74,0,74,405
01/26/2003,BUR,CA,AWP,WE,Combined TRACON& Tower with Radar,141,34,105,0,280,0,0,92,0,92,141,34,197,0,372,68,0,68,440
01/27/2003,BUR,CA,AWP,WE,Combined TRACON& Tower with Radar,178,64,133,0,375,0,28,51,5,84,178,92,184,5,459,8,0,8,467
01/28/2003,BUR,CA,AWP,WE,Combined TRACON& Tower with Radar,174,63,129,0,366,0,63,45,0,108,174,126,174,0,474,32,0,32,506
01/29/2003,BUR,CA,AWP,WE,Combined TRACON& Tower with Radar,155,55,113,0,323,4,41,58,2,105,159,96,171,2,428,82,0,82,510
01/30/2003,BUR,CA,AWP,WE,Combined TRACON& Tower with Radar,172,61,126,0,359,0,54,68,0,122,172,115,194,0,481,138,0,138,619
01/31/2003,BUR,CA,AWP,WE,Combined TRACON& Tower with Radar,185,67,139,0,391,0,21,74,0,95,185,88,213,0,486,14,0,14,500
02/01/2003,BUR,CA,AWP,WE,Combined TRACON& Tower with Radar,128,28,109,0,265,0,0,84,0,84,128,28,193,0,349,110,0,110,459
02/02/2003,BUR,CA,AWP,WE,Combined TRACON& Tower with Radar,119,29,94,0,242,24,0,45,1,70,143,29,139,1,312,32,0,32,344
02/03/2003,BUR,CA,AWP,WE,Combined TRACON& Tower with Radar,161,62,127,0,350,15,5,62,2,84,176,67,189,2,434,56,0,56,490
02/04/2003,BUR,CA,AWP,WE,Combined TRACON& Tower with Radar,176,67,138,0,381,14,47,60,3,124,190,114,198,3,505,74,0,74,579
02/05/2003,BUR,CA,AWP,WE,Combined TRACON& Tower with Radar,154,58,121,0,333,12,54,34,0,100,166,112,155,0,433,88,0,88,521
02/06/2003,BUR,CA,AWP,WE,Combined TRACON& Tower with Radar,182,73,154,0,409,0,60,63,0,123,182,133,217,0,532,27,0,27,559
02/07/2003,BUR,CA,AWP,WE,Combined TRACON& Tower with Radar,178,73,152,0,403,0,53,68,0,121,178,126,220,0,524,85,0,85,609
02/08/2003,BUR,CA,AWP,WE,Combined TRACON& Tower with Radar,114,45,94,0,253,0,1,72,0,73,114,46,166,0,326,54,0,54,380
02/09/2003,BUR,CA,AWP,WE,Combined TRACON& Tower with Radar,140,32,113,0,285,0,0,79,0,79,140,32,192,0,364,26,0,26,390
02/10/2003,BUR,CA,AWP,WE,Combined TRACON& Tower with Radar,163,62,129,0,354,0,2,83,0,85,163,64,212,0,439,48,0,48,487
02/11/2003,BUR,CA,AWP,WE,Combined TRACON& Tower with Radar,158,62,130,0,350,0,34,11,0,45,158,96,141,0,395,28,0,28,423
02/12/2003,BUR,CA,AWP,WE,Combined TRACON& Tower with Radar,134,51,69,0,254,16,34,0,0,50,150,85,69,0,304,0,0,0,304
02/13/2003,BUR,CA,AWP,WE,Combined TRACON& Tower with Radar,169,63,132,1,365,10,37,3,1,51,179,100,135,2,416,20,0,20,436
02/14/2003,BUR,CA,AWP,WE,Combined TRACON& Tower with Radar,182,78,162,1,423,0,42,35,0,77,182,120,197,1,500,42,0,42,542
02/15/2003,BUR,CA,AWP,WE,Combined TRACON& Tower with Radar,136,48,120,0,304,0,0,65,0,65,136,48,185,0,369,18,0,18,387
02/16/2003,BUR,CA,AWP,WE,Combined TRACON& Tower with Radar,138,27,107,0,272,7,0,55,0,62,145,27,162,0,334,34,0,34,368
02/17/2003,BUR,CA,AWP,WE,Combined TRACON& Tower with Radar,144,12,112,1,269,24,0,76,1,101,168,12,188,2,370,30,0,30,400
02/18/2003,BUR,CA,AWP,WE,Combined TRACON& Tower with Radar,150,56,117,1,324,10,22,61,3,96,160,78,178,4,420,56,0,56,476
02/19/2003,BUR,CA,AWP,WE,Combined TRACON& Tower with Radar,170,65,137,1,373,0,49,45,3,97,170,114,182,4,470,50,0,50,520
02/20/2003,BUR,CA,AWP,WE,Combined TRACON& Tower with Radar,190,73,150,1,414,0,48,52,1,101,190,121,202,2,515,22,0,22,537
02/21/2003,BUR,CA,AWP,WE,Combined TRACON& Tower with Radar,157,68,141,0,366,0,31,84,0,115,157,99,225,0,481,64,0,64,545
02/22/2003,BUR,CA,AWP,WE,Combined TRACON& Tower with Radar,132,52,108,1,293,0,1,68,2,71,132,53,176,3,364,60,0,60,424
02/23/2003,BUR,CA,AWP,WE,Combined TRACON& Tower with Radar,148,32,125,1,306,0,0,78,6,84,148,32,203,7,390,54,0,54,444
02/24/2003,BUR,CA,AWP,WE,Combined TRACON& Tower with Radar,137,51,107,0,295,25,8,64,0,97,162,59,171,0,392,30,0,30,422
02/25/2003,BUR,CA,AWP,WE,Combined TRACON& Tower with Radar,162,70,148,0,380,0,45,35,0,80,162,115,183,0,460,38,0,38,498
02/26/2003,BUR,CA,AWP,WE,Combined TRACON& Tower with Radar,109,40,86,0,235,50,53,50,0,153,159,93,136,0,388,58,0,58,446
02/27/2003,BUR,CA,AWP,WE,Combined TRACON& Tower with Radar,175,72,149,0,396,0,53,36,0,89,175,125,185,0,485,104,0,104,589
02/28/2003,BUR,CA,AWP,WE,Combined TRACON& Tower with Radar,190,77,160,0,427,0,34,70,0,104,190,111,230,0,531,34,0,34,565
03/01/2003,BUR,CA,AWP,WE,Combined TRACON& Tower with Radar,125,50,126,0,301,0,7,74,0,81,125,57,200,0,382,58,0,58,440
03/02/2003,BUR,CA,AWP,WE,Combined TRACON& Tower with Radar,133,18,114,0,265,0,0,80,0,80,133,18,194,0,345,98,0,98,443
03/03/2003,BUR,CA,AWP,WE,Combined TRACON& Tower with Radar,193,72,181,0,446,0,1,85,0,86,193,73,266,0,532,58,0,58,590
03/04/2003,BUR,CA,AWP,WE,Combined TRACON& Tower with Radar,151,51,125,0,327,16,47,0,0,63,167,98,125,0,390,30,0,30,420
03/05/2003,BUR,CA,AWP,WE,Combined TRACON& Tower with Radar,169,57,143,0,369,1,46,63,0,110,170,103,206,0,479,62,0,62,541
03/06/2003,BUR,CA,AWP,WE,Combined TRACON& Tower with Radar,179,60,151,0,390,7,48,56,1,112,186,108,207,1,502,72,0,72,574
03/07/2003,BUR,CA,AWP,WE,Combined TRACON& Tower with Radar,190,72,181,0,443,0,35,106,2,143,190,107,287,2,586,44,0,44,630
03/08/2003,BUR,CA,AWP,WE,Combined TRACON& Tower with Radar,129,16,109,0,254,0,0,77,0,77,129,16,186,0,331,108,0,108,439
03/09/2003,BUR,CA,AWP,WE,Combined TRACON& Tower with Radar,142,22,125,0,289,0,0,93,0,93,142,22,218,0,382,34,0,34,416
03/10/2003,BUR,CA,AWP,WE,Combined TRACON& Tower with Radar,169,57,142,0,368,1,19,60,1,81,170,76,202,1,449,82,0,82,531
03/11/2003,BUR,CA,AWP,WE,Combined TRACON& Tower with Radar,182,61,154,0,397,0,46,46,0,92,182,107,200,0,489,68,0,68,557
03/12/2003,BUR,CA,AWP,WE,Combined TRACON& Tower with Radar,163,56,140,0,359,0,33,51,1,85,163,89,191,1,444,8,0,8,452
03/13/2003,BUR,CA,AWP,WE,Combined TRACON& Tower with Radar,178,64,160,0,402,0,59,43,4,106,178,123,203,4,508,108,0,108,616
03/14/2003,BUR,CA,AWP,WE,Combined TRACON& Tower with Radar,178,69,174,0,421,0,12,102,1,115,178,81,276,1,536,132,0,132,668
03/15/2003,BUR,CA,AWP,WE,Combined TRACON& Tower with Radar,121,40,102,0,263,5,0,5,0,10,126,40,107,0,273,0,0,0,273
03/16/2003,BUR,CA,AWP,WE,Combined TRACON& Tower with Radar,134,25,113,0,272,8,0,27,0,35,142,25,140,0,307,66,0,66,373
03/17/2003,BUR,CA,AWP,WE,Combined TRACON& Tower with Radar,141,48,118,0,307,20,21,35,0,76,161,69,153,0,383,114,0,114,497
03/18/2003,BUR,CA,AWP,WE,Combined TRACON& Tower with Radar,155,51,128,1,335,14,37,41,1,93,169,88,169,2,428,36,0,36,464
03/19/2003,BUR,CA,AWP,WE,Combined TRACON& Tower with Radar,162,54,135,1,352,9,59,45,7,120,171,113,180,8,472,38,0,38,510
03/20/2003,BUR,CA,AWP,WE,Combined TRACON& Tower with Radar,166,54,138,0,358,8,50,58,0,116,174,104,196,0,474,46,0,46,520
03/21/2003,BUR,CA,AWP,WE,Combined TRACON& Tower with Radar,164,60,153,1,378,0,29,81,1,111,164,89,234,2,489,76,0,76,565
03/22/2003,BUR,CA,AWP,WE,Combined TRACON& Tower with Radar,128,26,112,1,267,0,0,109,1,110,128,26,221,2,377,20,0,20,397
03/23/2003,BUR,CA,AWP,WE,Combined TRACON& Tower with Radar,149,27,123,0,299,0,0,84,0,84,149,27,207,0,383,60,0,60,443
03/24/2003,BUR,CA,AWP,WE,Combined TRACON& Tower with Radar,144,47,120,1,312,22,25,70,0,117,166,72,190,1,429,39,0,39,468
03/25/2003,BUR,CA,AWP,WE,Combined TRACON& Tower with Radar,172,57,144,0,373,2,45,65,0,112,174,102,209,0,485,28,0,28,513
03/26/2003,BUR,CA,AWP,WE,Combined TRACON& Tower with Radar,111,36,94,0,241,48,49,46,0,143,159,85,140,0,384,42,0,42,426
03/27/2003,BUR,CA,AWP,WE,Combined TRACON& Tower with Radar,163,56,143,0,362,0,65,48,8,121,163,121,191,8,483,4,0,4,487
03/28/2003,BUR,CA,AWP,WE,Combined TRACON& Tower with Radar,170,64,162,0,396,0,38,100,1,139,170,102,262,1,535,40,0,40,575
03/29/2003,BUR,CA,AWP,WE,Combined TRACON& Tower with Radar,119,20,99,0,238,4,0,56,19,79,123,20,155,19,317,110,0,110,427
03/30/2003,BUR,CA,AWP,WE,Combined TRACON& Tower with Radar,147,37,124,0,308,3,0,69,0,72,150,37,193,0,380,148,0,148,528
03/31/2003,BUR,CA,AWP,WE,Combined TRACON& Tower with Radar,166,55,139,0,360,8,14,51,0,73,174,69,190,0,433,14,0,14,447
04/01/2003,BUR,CA,AWP,WE,Combined TRACON& Tower with Radar,160,73,149,0,382,0,28,90,0,118,160,101,239,0,500,51,0,51,551
04/02/2003,BUR,CA,AWP,WE,Combined TRACON& Tower with Radar,153,61,126,0,340,10,32,39,0,81,163,93,165,0,421,54,0,54,475
04/03/2003,BUR,CA,AWP,WE,Combined TRACON& Tower with Radar,160,69,143,0,372,0,43,115,0,158,160,112,258,0,530,82,0,82,612
04/04/2003,BUR,CA,AWP,WE,Combined TRACON& Tower with Radar,164,74,153,0,391,0,42,86,0,128,164,116,239,0,519,118,0,118,637
04/05/2003,BUR,CA,AWP,WE,Combined TRACON& Tower with Radar,131,31,108,0,270,17,0,54,0,71,148,31,162,0,341,126,0,126,467
04/06/2003,BUR,CA,AWP,WE,Combined TRACON& Tower with Radar,130,25,106,0,261,6,0,76,4,86,136,25,182,4,347,18,0,18,365
04/07/2003,BUR,CA,AWP,WE,Combined TRACON& Tower with Radar,160,64,132,0,356,12,32,61,1,106,172,96,193,1,462,82,0,82,544
04/08/2003,BUR,CA,AWP,WE,Combined TRACON& Tower with Radar,153,64,132,0,349,0,39,51,0,90,153,103,183,0,439,41,0,41,480
04/09/2003,BUR,CA,AWP,WE,Combined TRACON& Tower with Radar,188,75,153,0,416,4,53,81,0,138,192,128,234,0,554,102,0,102,656
04/10/2003,BUR,CA,AWP,WE,Combined TRACON& Tower with Radar,177,77,157,0,411,0,43,86,0,129,177,120,243,0,540,188,0,188,728
04/11/2003,BUR,CA,AWP,WE,Combined TRACON& Tower with Radar,181,80,165,0,426,0,17,66,0,83,181,97,231,0,509,112,0,112,621
04/12/2003,BUR,CA,AWP,WE,Combined TRACON& Tower with Radar,116,42,125,0,283,0,0,93,0,93,116,42,218,0,376,144,0,144,520
04/13/2003,BUR,CA,AWP,WE,Combined TRACON& Tower with Radar,121,23,99,0,243,20,0,23,0,43,141,23,122,0,286,48,0,48,334
04/14/2003,BUR,CA,AWP,WE,Combined TRACON& Tower with Radar,149,59,122,0,330,12,7,4,0,23,161,66,126,0,353,16,0,16,369
04/15/2003,BUR,CA,AWP,WE,Combined TRACON& Tower with Radar,175,73,151,1,400,0,24,74,1,99,175,97,225,2,499,66,0,66,565
04/16/2003,BUR,CA,AWP,WE,Combined TRACON& Tower with Radar,141,55,116,0,312,5,44,50,0,99,146,99,166,0,411,130,0,130,541
04/17/2003,BUR,CA,AWP,WE,Combined TRACON& Tower with Radar,180,73,150,1,404,0,46,43,1,90,180,119,193,2,494,42,0,42,536
04/18/2003,BUR,CA,AWP,WE,Combined TRACON& Tower with Radar,180,72,149,0,401,0,21,67,0,88,180,93,216,0,489,78,0,78,567
04/19/2003,BUR,CA,AWP,WE,Combined TRACON& Tower with Radar,129,27,104,0,260,8,0,69,0,77,137,27,173,0,337,120,0,120,457
04/20/2003,BUR,CA,AWP,WE,Combined TRACON& Tower with Radar,136,34,113,0,283,0,0,68,0,68,136,34,181,0,351,128,0,128,479
04/21/2003,BUR,CA,AWP,WE,Combined TRACON& Tower with Radar,183,73,150,0,406,0,10,46,0,56,183,83,196,0,462,62,0,62,524
04/22/2003,BUR,CA,AWP,WE,Combined TRACON& Tower with Radar,171,67,139,0,377,16,36,41,0,93,187,103,180,0,470,48,0,48,518
04/23/2003,BUR,CA,AWP,WE,Combined TRACON& Tower with Radar,168,66,135,1,370,9,47,41,1,98,177,113,176,2,468,98,0,98,566
04/24/2003,BUR,CA,AWP,WE,Combined TRACON& Tower with Radar,161,63,129,0,353,24,56,120,0,200,185,119,249,0,553,76,0,76,629
04/25/2003,BUR,CA,AWP,WE,Combined TRACON& Tower with Radar,172,77,158,0,407,0,19,54,0,73,172,96,212,0,480,90,0,90,570
04/26/2003,BUR,CA,AWP,WE,Combined TRACON& Tower with Radar,144,40,118,0,302,0,0,123,0,123,144,40,241,0,425,20,0,20,445
04/27/2003,BUR,CA,AWP,WE,Combined TRACON& Tower with Radar,142,30,116,0,288,8,0,73,16,97,150,30,189,16,385,74,0,74,459
04/28/2003,BUR,CA,AWP,WE,Combined TRACON& Tower with Radar,159,62,129,0,350,9,23,24,0,56,168,85,153,0,406,12,0,12,418
04/29/2003,BUR,CA,AWP,WE,Combined TRACON& Tower with Radar,170,66,138,0,374,10,25,61,0,96,180,91,199,0,470,70,0,70,540
04/30/2003,BUR,CA,AWP,WE,Combined TRACON& Tower with Radar,157,62,128,0,347,20,31,59,0,110,177,93,187,0,457,60,0,60,517
05/01/2003,BUR,CA,AWP,WE,Combined TRACON& Tower with Radar,175,70,145,0,390,28,35,35,1,99,203,105,180,1,489,78,0,78,567
05/02/2003,BUR,CA,AWP,WE,Combined TRACON& Tower with Radar,169,74,153,0,396,0,31,42,0,73,169,105,195,0,469,38,0,38,507
05/03/2003,BUR,CA,AWP,WE,Combined TRACON& Tower with Radar,114,43,112,0,269,0,0,73,2,75,114,43,185,2,344,0,0,0,344
05/04/2003,BUR,CA,AWP,WE,Combined TRACON& Tower with Radar,141,24,118,0,283,3,0,65,0,68,144,24,183,0,351,58,0,58,409
05/05/2003,BUR,CA,AWP,WE,Combined TRACON& Tower with Radar,156,63,129,0,348,2,10,54,2,68,158,73,183,2,416,38,0,38,454
05/06/2003,BUR,CA,AWP,WE,Combined TRACON& Tower with Radar,176,70,146,0,392,2,21,40,2,65,178,91,186,2,457,50,0,50,507
05/07/2003,BUR,CA,AWP,WE,Combined TRACON& Tower with Radar,163,65,136,0,364,1,37,44,0,82,164,102,180,0,446,28,0,28,474
05/08/2003,BUR,CA,AWP,WE,Combined TRACON& Tower with Radar,155,65,134,0,354,0,27,46,2,75,155,92,180,2,429,84,0,84,513
05/09/2003,BUR,CA,AWP,WE,Combined TRACON& Tower with Radar,156,65,136,0,357,0,41,31,0,72,156,106,167,0,429,18,0,18,447
05/10/2003,BUR,CA,AWP,WE,Combined TRACON& Tower with Radar,119,30,98,0,247,15,0,56,0,71,134,30,154,0,318,84,0,84,402
05/11/2003,BUR,CA,AWP,WE,Combined TRACON& Tower with Radar,118,33,98,0,249,21,0,36,0,57,139,33,134,0,306,42,0,42,348
05/12/2003,BUR,CA,AWP,WE,Combined TRACON& Tower with Radar,167,67,138,0,372,12,18,73,0,103,179,85,211,0,475,90,0,90,565
05/13/2003,BUR,CA,AWP,WE,Combined TRACON& Tower with Radar,166,67,138,0,371,16,32,44,0,92,182,99,182,0,463,41,0,41,504
05/14/2003,BUR,CA,AWP,WE,Combined TRACON& Tower with Radar,169,68,141,0,378,4,54,29,1,88,173,122,170,1,466,82,0,82,548
05/15/2003,BUR,CA,AWP,WE,Combined TRACON& Tower with Radar,170,73,153,0,396,0,63,98,0,161,170,136,251,0,557,122,0,122,679
05/16/2003,BUR,CA,AWP,WE,Combined TRACON& Tower with Radar,177,90,189,0,456,0,28,147,0,175,177,118,336,0,631,64,0,64,695
05/17/2003,BUR,CA,AWP,WE,Combined TRACON& Tower with Radar,135,33,110,0,278,3,0,77,0,80,138,33,187,0,358,106,0,106,464
05/18/2003,BUR,CA,AWP,WE,Combined TRACON& Tower with Radar,145,37,119,0,301,4,0,78,0,82,149,37,197,0,383,30,0,30,413
05/19/2003,BUR,CA,AWP,WE,Combined TRACON& Tower with Radar,159,62,131,0,352,11,15,70,0,96,170,77,201,0,448,14,0,14,462
05/20/2003,BUR,CA,AWP,WE,Combined TRACON& Tower with Radar,155,64,135,0,354,0,62,55,0,117,155,126,190,0,471,56,0,56,527
05/21/2003,BUR,CA,AWP,WE,Combined TRACON& Tower with Radar,140,55,115,0,310,32,38,57,0,127,172,93,172,0,437,76,0,76,513
05/22/2003,BUR,CA,AWP,WE,Combined TRACON& Tower with Radar,165,65,136,0,366,6,52,56,0,114,171,117,192,0,480,144,0,144,624
05/23/2003,BUR,CA,AWP,WE,Combined TRACON& Tower with Radar,167,66,137,0,370,10,47,39,2,98,177,113,176,2,468,98,0,98,566
05/24/2003,BUR,CA,AWP,WE,Combined TRACON& Tower with Radar,112,32,134,0,278,0,0,127,4,131,112,32,261,4,409,84,0,84,493
05/25/2003,BUR,CA,AWP,WE,Combined TRACON& Tower with Radar,134,20,111,0,265,6,0,44,0,50,140,20,155,0,315,78,0,78,393
05/26/2003,BUR,CA,AWP,WE,Combined TRACON& Tower with Radar,133,20,111,0,264,13,0,81,0,94,146,20,192,0,358,21,0,21,379
05/27/2003,BUR,CA,AWP,WE,Combined TRACON& Tower with Radar,142,56,118,0,316,20,25,69,0,114,162,81,187,0,430,42,0,42,472
05/28/2003,BUR,CA,AWP,WE,Combined TRACON& Tower with Radar,164,65,136,0,365,17,54,41,0,112,181,119,177,0,477,122,0,122,599
05/29/2003,BUR,CA,AWP,WE,Combined TRACON& Tower with Radar,170,75,157,0,402,0,58,86,0,144,170,133,243,0,546,86,0,86,632
05/30/2003,BUR,CA,AWP,WE,Combined TRACON& Tower with Radar,154,68,142,0,364,0,21,78,3,102,154,89,220,3,466,86,0,86,552
05/31/2003,BUR,CA,AWP,WE,Combined TRACON& Tower with Radar,119,30,108,0,257,0,0,88,0,88,119,30,196,0,345,92,0,92,437
06/01/2003,BUR,CA,AWP,WE,Combined TRACON& Tower with Radar,142,20,122,0,284,7,0,76,0,83,149,20,198,0,367,10,0,10,377
06/02/2003,BUR,CA,AWP,WE,Combined TRACON& Tower with Radar,167,65,152,0,384,0,0,51,0,51,167,65,203,0,435,12,0,12,447
06/03/2003,BUR,CA,AWP,WE,Combined TRACON& Tower with Radar,157,60,134,0,351,5,24,2,0,31,162,84,136,0,382,42,0,42,424
06/04/2003,BUR,CA,AWP,WE,Combined TRACON& Tower with Radar,157,60,135,0,352,15,36,36,0,87,172,96,171,0,439,26,0,26,465
06/05/2003,BUR,CA,AWP,WE,Combined TRACON& Tower with Radar,178,68,152,0,398,2,20,19,0,41,180,88,171,0,439,116,0,116,555
06/06/2003,BUR,CA,AWP,WE,Combined TRACON& Tower with Radar,164,74,165,0,403,0,16,61,0,77,164,90,226,0,480,134,0,134,614
06/07/2003,BUR,CA,AWP,WE,Combined TRACON& Tower with Radar,116,36,100,0,252,4,0,38,0,42,120,36,138,0,294,12,0,12,306
06/08/2003,BUR,CA,AWP,WE,Combined TRACON& Tower with Radar,145,15,125,0,285,11,0,51,0,62,156,15,176,0,347,46,0,46,393
06/09/2003,BUR,CA,AWP,WE,Combined TRACON& Tower with Radar,168,66,149,0,383,0,1,25,0,26,168,67,174,0,409,40,0,40,449
06/10/2003,BUR,CA,AWP,WE,Combined TRACON& Tower with Radar,160,67,152,0,379,0,26,26,0,52,160,93,178,0,431,104,0,104,535
06/11/2003,BUR,CA,AWP,WE,Combined TRACON& Tower with Radar,163,62,139,0,364,3,43,25,0,71,166,105,164,0,435,6,0,6,441
06/12/2003,BUR,CA,AWP,WE,Combined TRACON& Tower with Radar,152,58,130,0,340,13,18,29,0,60,165,76,159,0,400,144,0,144,544
06/13/2003,BUR,CA,AWP,WE,Combined TRACON& Tower with Radar,161,64,143,0,368,0,42,40,1,83,161,106,183,1,451,96,0,96,547
06/14/2003,BUR,CA,AWP,WE,Combined TRACON& Tower with Radar,120,26,108,0,254,0,0,79,0,79,120,26,187,0,333,48,0,48,381
06/15/2003,BUR,CA,AWP,WE,Combined TRACON& Tower with Radar,156,31,131,0,318,10,0,56,0,66,166,31,187,0,384,34,0,34,418
06/16/2003,BUR,CA,AWP,WE,Combined TRACON& Tower with Radar,183,70,159,1,413,0,1,84,1,86,183,71,243,2,499,108,0,108,607
06/17/2003,BUR,CA,AWP,WE,Combined TRACON& Tower with Radar,158,60,136,1,355,0,41,32,0,73,158,101,168,1,428,98,0,98,526
06/18/2003,BUR,CA,AWP,WE,Combined TRACON& Tower with Radar,170,64,144,0,378,3,33,27,0,63,173,97,171,0,441,162,0,162,603
06/19/2003,BUR,CA,AWP,WE,Combined TRACON& Tower with Radar,178,70,157,1,406,0,57,36,0,93,178,127,193,1,499,86,0,86,585
06/20/2003,BUR,CA,AWP,WE,Combined TRACON& Tower with Radar,170,65,147,1,383,0,23,49,0,72,170,88,196,1,455,14,0,14,469
06/21/2003,BUR,CA,AWP,WE,Combined TRACON& Tower with Radar,118,38,101,0,257,0,0,45,0,45,118,38,146,0,302,50,0,50,352
06/22/2003,BUR,CA,AWP,WE,Combined TRACON& Tower with Radar,150,40,145,0,335,0,0,61,0,61,150,40,206,0,396,8,0,8,404
06/23/2003,BUR,CA,AWP,WE,Combined TRACON& Tower with Radar,173,65,148,0,386,0,13,57,0,70,173,78,205,0,456,83,0,83,539
06/24/2003,BUR,CA,AWP,WE,Combined TRACON& Tower with Radar,137,51,117,0,305,41,59,71,7,178,178,110,188,7,483,55,0,55,538
06/25/2003,BUR,CA,AWP,WE,Combined TRACON& Tower with Radar,175,66,149,0,390,20,28,76,0,124,195,94,225,0,514,86,0,86,600
06/26/2003,BUR,CA,AWP,WE,Combined TRACON& Tower with Radar,140,52,119,0,311,44,56,88,3,191,184,108,207,3,502,14,0,14,516
06/27/2003,BUR,CA,AWP,WE,Combined TRACON& Tower with Radar,156,63,143,0,362,0,22,71,0,93,156,85,214,0,455,31,0,31,486
06/28/2003,BUR,CA,AWP,WE,Combined TRACON& Tower with Radar,122,52,117,0,291,0,7,96,0,103,122,59,213,0,394,81,0,81,475
06/29/2003,BUR,CA,AWP,WE,Combined TRACON& Tower with Radar,152,33,135,0,320,0,0,64,0,64,152,33,199,0,384,24,0,24,408
06/30/2003,BUR,CA,AWP,WE,Combined TRACON& Tower with Radar,155,67,154,0,376,0,45,101,0,146,155,112,255,0,522,102,0,102,624
07/01/2003,BUR,CA,AWP,WE,Combined TRACON& Tower with Radar,165,59,141,0,365,14,28,75,0,117,179,87,216,0,482,105,0,105,587
07/02/2003,BUR,CA,AWP,WE,Combined TRACON& Tower with Radar,148,52,126,0,326,30,36,52,2,120,178,88,178,2,446,132,0,132,578
07/03/2003,BUR,CA,AWP,WE,Combined TRACON& Tower with Radar,162,57,138,0,357,17,28,77,1,123,179,85,215,1,480,58,0,58,538
07/04/2003,BUR,CA,AWP,WE,Combined TRACON& Tower with Radar,109,25,92,0,226,12,0,57,8,77,121,25,149,8,303,10,0,10,313
07/05/2003,BUR,CA,AWP,WE,Combined TRACON& Tower with Radar,111,42,114,0,267,0,0,109,0,109,111,42,223,0,376,24,0,24,400
07/06/2003,BUR,CA,AWP,WE,Combined TRACON& Tower with Radar,132,52,126,0,310,0,1,83,4,88,132,53,209,4,398,70,0,70,468
07/07/2003,BUR,CA,AWP,WE,Combined TRACON& Tower with Radar,168,65,158,0,391,0,7,79,0,86,168,72,237,0,477,118,0,118,595
07/08/2003,BUR,CA,AWP,WE,Combined TRACON& Tower with Radar,183,65,156,0,404,2,45,38,2,87,185,110,194,2,491,60,0,60,551
07/09/2003,BUR,CA,AWP,WE,Combined TRACON& Tower with Radar,168,61,145,0,374,0,56,57,0,113,168,117,202,0,487,76,0,76,563
07/10/2003,BUR,CA,AWP,WE,Combined TRACON& Tower with Radar,178,63,152,0,393,7,35,74,0,116,185,98,226,0,509,64,0,64,573
07/11/2003,BUR,CA,AWP,WE,Combined TRACON& Tower with Radar,160,61,145,0,366,0,23,55,0,78,160,84,200,0,444,108,0,108,552
07/12/2003,BUR,CA,AWP,WE,Combined TRACON& Tower with Radar,115,30,109,0,254,0,0,71,0,71,115,30,180,0,325,80,0,80,405
07/13/2003,BUR,CA,AWP,WE,Combined TRACON& Tower with Radar,158,35,135,1,329,0,0,76,0,76,158,35,211,1,405,52,0,52,457
07/14/2003,BUR,CA,AWP,WE,Combined TRACON& Tower with Radar,177,62,151,0,390,0,19,103,0,122,177,81,254,0,512,90,0,90,602
07/15/2003,BUR,CA,AWP,WE,Combined TRACON& Tower with Radar,154,54,131,0,339,28,47,33,0,108,182,101,164,0,447,132,0,132,579
07/16/2003,BUR,CA,AWP,WE,Combined TRACON& Tower with Radar,159,56,136,0,351,3,45,47,0,95,162,101,183,0,446,46,0,46,492
07/17/2003,BUR,CA,AWP,WE,Combined TRACON& Tower with Radar,186,65,157,0,408,2,34,65,0,101,188,99,222,0,509,54,0,54,563
07/18/2003,BUR,CA,AWP,WE,Combined TRACON& Tower with Radar,161,74,180,0,415,0,31,97,0,128,161,105,277,0,543,76,0,76,619
07/19/2003,BUR,CA,AWP,WE,Combined TRACON& Tower with Radar,107,24,94,1,226,0,0,60,3,63,107,24,154,4,289,52,0,52,341
07/20/2003,BUR,CA,AWP,WE,Combined TRACON& Tower with Radar,159,19,134,0,312,2,0,105,0,107,161,19,239,0,419,82,0,82,501
07/21/2003,BUR,CA,AWP,WE,Combined TRACON& Tower with Radar,162,56,136,0,354,12,9,73,0,94,174,65,209,0,448,89,0,89,537
07/22/2003,BUR,CA,AWP,WE,Combined TRACON& Tower with Radar,158,55,133,0,346,12,37,45,0,94,170,92,178,0,440,114,0,114,554
07/23/2003,BUR,CA,AWP,WE,Combined TRACON& Tower with Radar,139,49,118,0,306,29,48,20,0,97,168,97,138,0,403,106,0,106,509
07/24/2003,BUR,CA,AWP,WE,Combined TRACON& Tower with Radar,179,67,162,0,408,0,23,131,0,154,179,90,293,0,562,122,0,122,684
07/25/2003,BUR,CA,AWP,WE,Combined TRACON& Tower with Radar,159,55,134,0,348,4,20,47,0,71,163,75,181,0,419,38,0,38,457
07/26/2003,BUR,CA,AWP,WE,Combined TRACON& Tower with Radar,127,29,116,0,272,0,0,126,0,126,127,29,242,0,398,120,0,120,518
07/27/2003,BUR,CA,AWP,WE,Combined TRACON& Tower with Radar,166,55,148,0,369,0,0,92,2,94,166,55,240,2,463,126,0,126,589
07/28/2003,BUR,CA,AWP,WE,Combined TRACON& Tower with Radar,176,62,151,0,389,0,18,85,0,103,176,80,236,0,492,164,0,164,656
07/29/2003,BUR,CA,AWP,WE,Combined TRACON& Tower with Radar,167,58,141,0,366,5,48,42,1,96,172,106,183,1,462,96,0,96,558
07/30/2003,BUR,CA,AWP,WE,Combined TRACON& Tower with Radar,149,56,138,0,343,0,50,70,0,120,149,106,208,0,463,95,0,95,558
07/31/2003,BUR,CA,AWP,WE,Combined TRACON& Tower with Radar,165,58,140,0,363,6,47,14,2,69,171,105,154,2,432,44,0,44,476
08/01/2003,BUR,CA,AWP,WE,Combined TRACON& Tower with Radar,158,57,156,0,371,0,26,51,0,77,158,83,207,0,448,24,0,24,472
08/02/2003,BUR,CA,AWP,WE,Combined TRACON& Tower with Radar,116,30,107,0,253,3,0,50,0,53,119,30,157,0,306,60,0,60,366
08/03/2003,BUR,CA,AWP,WE,Combined TRACON& Tower with Radar,132,19,122,0,273,17,0,46,1,64,149,19,168,1,337,28,0,28,365
08/04/2003,BUR,CA,AWP,WE,Combined TRACON& Tower with Radar,168,57,156,0,381,0,29,92,0,121,168,86,248,0,502,144,0,144,646
08/05/2003,BUR,CA,AWP,WE,Combined TRACON& Tower with Radar,147,50,136,0,333,17,53,33,0,103,164,103,169,0,436,72,0,72,508
08/06/2003,BUR,CA,AWP,WE,Combined TRACON& Tower with Radar,147,50,135,0,332,10,68,22,0,100,157,118,157,0,432,86,0,86,518
08/07/2003,BUR,CA,AWP,WE,Combined TRACON& Tower with Radar,173,61,167,0,401,0,23,71,0,94,173,84,238,0,495,20,0,20,515
08/08/2003,BUR,CA,AWP,WE,Combined TRACON& Tower with Radar,201,72,196,0,469,0,22,96,13,131,201,94,292,13,600,78,0,78,678
08/09/2003,BUR,CA,AWP,WE,Combined TRACON& Tower with Radar,129,18,120,0,267,0,0,91,0,91,129,18,211,0,358,54,0,54,412
08/10/2003,BUR,CA,AWP,WE,Combined TRACON& Tower with Radar,162,29,167,0,358,0,0,104,0,104,162,29,271,0,462,18,0,18,480
08/11/2003,BUR,CA,AWP,WE,Combined TRACON& Tower with Radar,175,61,165,0,401,0,7,75,0,82,175,68,240,0,483,6,0,6,489
08/12/2003,BUR,CA,AWP,WE,Combined TRACON& Tower with Radar,153,52,141,0,346,24,27,60,0,111,177,79,201,0,457,72,0,72,529
08/13/2003,BUR,CA,AWP,WE,Combined TRACON& Tower with Radar,152,52,139,0,343,22,21,40,0,83,174,73,179,0,426,53,0,53,479
08/14/2003,BUR,CA,AWP,WE,Combined TRACON& Tower with Radar,172,61,166,0,399,0,27,58,0,85,172,88,224,0,484,42,0,42,526
08/15/2003,BUR,CA,AWP,WE,Combined TRACON& Tower with Radar,195,70,190,0,455,0,40,87,0,127,195,110,277,0,582,74,0,74,656
08/16/2003,BUR,CA,AWP,WE,Combined TRACON& Tower with Radar,123,32,114,0,269,2,0,77,0,79,125,32,191,0,348,72,0,72,420
08/17/2003,BUR,CA,AWP,WE,Combined TRACON& Tower with Radar,168,48,155,0,371,0,0,82,0,82,168,48,237,0,453,8,0,8,461
08/18/2003,BUR,CA,AWP,WE,Combined TRACON& Tower with Radar,172,62,171,0,405,0,21,78,0,99,172,83,249,0,504,20,0,20,524
08/19/2003,BUR,CA,AWP,WE,Combined TRACON& Tower with Radar,167,62,169,0,398,0,40,72,0,112,167,102,241,0,510,78,0,78,588
08/20/2003,BUR,CA,AWP,WE,Combined TRACON& Tower with Radar,152,50,138,0,340,26,34,26,0,86,178,84,164,0,426,33,0,33,459
08/21/2003,BUR,CA,AWP,WE,Combined TRACON& Tower with Radar,172,57,157,0,386,9,25,68,0,102,181,82,225,0,488,22,0,22,510
08/22/2003,BUR,CA,AWP,WE,Combined TRACON& Tower with Radar,181,67,186,0,434,0,32,50,2,84,181,99,236,2,518,30,0,30,548
08/23/2003,BUR,CA,AWP,WE,Combined TRACON& Tower with Radar,129,28,120,0,277,0,0,72,0,72,129,28,192,0,349,70,0,70,419
08/24/2003,BUR,CA,AWP,WE,Combined TRACON& Tower with Radar,150,46,140,0,336,0,0,112,0,112,150,46,252,0,448,106,0,106,554
08/25/2003,BUR,CA,AWP,WE,Combined TRACON& Tower with Radar,162,54,149,0,365,16,17,45,0,78,178,71,194,0,443,68,0,68,511
08/26/2003,BUR,CA,AWP,WE,Combined TRACON& Tower with Radar,120,40,110,0,270,54,75,43,1,173,174,115,153,1,443,62,0,62,505
08/27/2003,BUR,CA,AWP,WE,Combined TRACON& Tower with Radar,146,48,135,0,329,23,51,21,0,95,169,99,156,0,424,92,0,92,516
08/28/2003,BUR,CA,AWP,WE,Combined TRACON& Tower with Radar,178,71,195,0,444,0,43,136,1,180,178,114,331,1,624,106,0,106,730
08/29/2003,BUR,CA,AWP,WE,Combined TRACON& Tower with Radar,179,78,216,0,473,0,41,151,0,192,179,119,367,0,665,70,0,70,735
08/30/2003,BUR,CA,AWP,WE,Combined TRACON& Tower with Radar,113,15,108,0,236,0,0,63,0,63,113,15,171,0,299,66,0,66,365
08/31/2003,BUR,CA,AWP,WE,Combined TRACON& Tower with Radar,107,14,98,0,219,10,0,39,0,49,117,14,137,0,268,0,0,0,268
09/01/2003,BUR,CA,AWP,WE,Combined TRACON& Tower with Radar,152,39,128,0,319,0,0,62,0,62,152,39,190,0,381,22,0,22,403
09/02/2003,BUR,CA,AWP,WE,Combined TRACON& Tower with Radar,135,43,114,0,292,47,21,11,0,79,182,64,125,0,371,56,0,56,427
09/03/2003,BUR,CA,AWP,WE,Combined TRACON& Tower with Radar,157,50,132,0,339,8,49,35,0,92,165,99,167,0,431,42,0,42,473
09/04/2003,BUR,CA,AWP,WE,Combined TRACON& Tower with Radar,168,54,145,0,367,0,22,86,0,108,168,76,231,0,475,22,0,22,497
09/05/2003,BUR,CA,AWP,WE,Combined TRACON& Tower with Radar,181,63,169,0,413,0,6,110,0,116,181,69,279,0,529,74,0,74,603
09/06/2003,BUR,CA,AWP,WE,Combined TRACON& Tower with Radar,118,14,103,0,235,0,0,77,0,77,118,14,180,0,312,72,0,72,384
09/07/2003,BUR,CA,AWP,WE,Combined TRACON& Tower with Radar,129,19,108,0,256,13,0,60,0,73,142,19,168,0,329,40,0,40,369
09/08/2003,BUR,CA,AWP,WE,Combined TRACON& Tower with Radar,182,60,161,0,403,0,7,88,0,95,182,67,249,0,498,52,0,52,550
09/09/2003,BUR,CA,AWP,WE,Combined TRACON& Tower with Radar,163,52,134,0,349,19,37,0,0,56,182,89,134,0,405,98,0,98,503
09/10/2003,BUR,CA,AWP,WE,Combined TRACON& Tower with Radar,161,51,136,0,348,5,22,47,0,74,166,73,183,0,422,90,0,90,512
09/11/2003,BUR,CA,AWP,WE,Combined TRACON& Tower with Radar,179,61,161,0,401,0,20,86,0,106,179,81,247,0,507,106,0,106,613
09/12/2003,BUR,CA,AWP,WE,Combined TRACON& Tower with Radar,173,64,169,0,406,0,26,80,0,106,173,90,249,0,512,62,0,62,574
09/13/2003,BUR,CA,AWP,WE,Combined TRACON& Tower with Radar,129,29,119,0,277,0,0,97,0,97,129,29,216,0,374,36,0,36,410
09/14/2003,BUR,CA,AWP,WE,Combined TRACON& Tower with Radar,153,22,126,0,301,4,0,92,0,96,157,22,218,0,397,30,0,30,427
09/15/2003,BUR,CA,AWP,WE,Combined TRACON& Tower with Radar,176,55,147,0,378,0,14,42,0,56,176,69,189,0,434,40,0,40,474
09/16/2003,BUR,CA,AWP,WE,Combined TRACON& Tower with Radar,163,50,135,0,348,0,46,20,0,66,163,96,155,0,414,60,0,60,474
09/17/2003,BUR,CA,AWP,WE,Combined TRACON& Tower with Radar,152,47,124,0,323,6,43,0,0,49,158,90,124,0,372,128,0,128,500
09/18/2003,BUR,CA,AWP,WE,Combined TRACON& Tower with Radar,168,63,169,0,400,0,27,97,0,124,168,90,266,0,524,214,0,214,738
09/19/2003,BUR,CA,AWP,WE,Combined TRACON& Tower with Radar,153,57,154,0,364,0,18,114,0,132,153,75,268,0,496,136,0,136,632
09/20/2003,BUR,CA,AWP,WE,Combined TRACON& Tower with Radar,121,16,110,0,247,0,0,88,0,88,121,16,198,0,335,54,0,54,389
09/21/2003,BUR,CA,AWP,WE,Combined TRACON& Tower with Radar,155,28,133,0,316,0,0,69,0,69,155,28,202,0,385,30,0,30,415
09/22/2003,BUR,CA,AWP,WE,Combined TRACON& Tower with Radar,183,56,152,0,391,1,29,47,2,79,184,85,199,2,470,54,0,54,524
09/23/2003,BUR,CA,AWP,WE,Combined TRACON& Tower with Radar,176,54,147,0,377,9,48,29,1,87,185,102,176,1,464,32,0,32,496
09/24/2003,BUR,CA,AWP,WE,Combined TRACON& Tower with Radar,132,41,110,0,283,45,39,37,0,121,177,80,147,0,404,46,0,46,450
09/25/2003,BUR,CA,AWP,WE,Combined TRACON& Tower with Radar,179,56,152,0,387,0,28,18,2,48,179,84,170,2,435,58,0,58,493
09/26/2003,BUR,CA,AWP,WE,Combined TRACON& Tower with Radar,154,47,129,0,330,15,46,82,4,147,169,93,211,4,477,40,0,40,517
09/27/2003,BUR,CA,AWP,WE,Combined TRACON& Tower with Radar,138,20,115,0,273,0,0,53,0,53,138,20,168,0,326,44,0,44,370
09/28/2003,BUR,CA,AWP,WE,Combined TRACON& Tower with Radar,146,19,121,0,286,4,0,51,0,55,150,19,172,0,341,32,0,32,373
09/29/2003,BUR,CA,AWP,WE,Combined TRACON& Tower with Radar,175,54,146,0,375,2,21,22,2,47,177,75,168,2,422,30,0,30,452
09/30/2003,BUR,CA,AWP,WE,Combined TRACON& Tower with Radar,165,51,132,0,348,3,48,0,0,51,168,99,132,0,399,4,0,4,403
10/01/2003,BUR,CA,AWP,WE,Combined TRACON& Tower with Radar,156,57,131,0,344,15,28,21,0,64,171,85,152,0,408,18,0,18,426
10/02/2003,BUR,CA,AWP,WE,Combined TRACON& Tower with Radar,180,72,164,0,416,0,13,76,0,89,180,85,240,0,505,60,0,60,565
10/03/2003,BUR,CA,AWP,WE,Combined TRACON& Tower with Radar,186,78,180,0,444,0,18,56,0,74,186,96,236,0,518,60,0,60,578
10/04/2003,BUR,CA,AWP,WE,Combined TRACON& Tower with Radar,124,30,118,0,272,0,0,79,0,79,124,30,197,0,351,26,0,26,377
10/05/2003,BUR,CA,AWP,WE,Combined TRACON& Tower with Radar,152,31,127,0,310,13,0,48,0,61,165,31,175,0,371,2,0,2,373
10/06/2003,BUR,CA,AWP,WE,Combined TRACON& Tower with Radar,171,63,144,0,378,0,8,10,0,18,171,71,154,0,396,0,0,0,396
10/07/2003,BUR,CA,AWP,WE,Combined TRACON& Tower with Radar,167,68,156,0,391,0,41,29,0,70,167,109,185,0,461,26,0,26,487
10/08/2003,BUR,CA,AWP,WE,Combined TRACON& Tower with Radar,174,67,154,0,395,0,29,48,0,77,174,96,202,0,472,58,0,58,530
10/09/2003,BUR,CA,AWP,WE,Combined TRACON& Tower with Radar,180,77,176,0,433,0,23,48,0,71,180,100,224,0,504,8,0,8,512
10/10/2003,BUR,CA,AWP,WE,Combined TRACON& Tower with Radar,184,58,169,0,411,0,0,68,0,68,184,58,237,0,479,56,0,56,535
10/11/2003,BUR,CA,AWP,WE,Combined TRACON& Tower with Radar,143,30,130,0,303,0,0,96,0,96,143,30,226,0,399,110,0,110,509
10/12/2003,BUR,CA,AWP,WE,Combined TRACON& Tower with Radar,141,16,118,0,275,19,0,49,1,69,160,16,167,1,344,10,0,10,354
10/13/2003,BUR,CA,AWP,WE,Combined TRACON& Tower with Radar,179,53,152,0,384,0,0,59,0,59,179,53,211,0,443,38,0,38,481
10/14/2003,BUR,CA,AWP,WE,Combined TRACON& Tower with Radar,162,59,136,0,357,15,18,31,0,64,177,77,167,0,421,56,0,56,477
10/15/2003,BUR,CA,AWP,WE,Combined TRACON& Tower with Radar,167,61,139,0,367,4,37,5,0,46,171,98,144,0,413,42,0,42,455
10/16/2003,BUR,CA,AWP,WE,Combined TRACON& Tower with Radar,189,69,159,0,417,4,34,24,1,63,193,103,183,1,480,82,0,82,562
10/17/2003,BUR,CA,AWP,WE,Combined TRACON& Tower with Radar,173,63,146,0,382,0,32,66,0,98,173,95,212,0,480,0,0,0,480
10/18/2003,BUR,CA,AWP,WE,Combined TRACON& Tower with Radar,137,21,114,0,272,2,0,73,0,75,139,21,187,0,347,32,0,32,379
10/19/2003,BUR,CA,AWP,WE,Combined TRACON& Tower with Radar,159,32,141,0,332,0,0,82,0,82,159,32,223,0,414,20,0,20,434
10/20/2003,BUR,CA,AWP,WE,Combined TRACON& Tower with Radar,170,61,142,0,373,0,16,59,0,75,170,77,201,0,448,38,0,38,486
10/21/2003,BUR,CA,AWP,WE,Combined TRACON& Tower with Radar,158,56,131,0,345,9,27,43,0,79,167,83,174,0,424,74,0,74,498
10/22/2003,BUR,CA,AWP,WE,Combined TRACON& Tower with Radar,153,54,127,0,334,17,24,46,0,87,170,78,173,0,421,120,0,120,541
10/23/2003,BUR,CA,AWP,WE,Combined TRACON& Tower with Radar,183,68,160,0,411,0,48,98,0,146,183,116,258,0,557,82,0,82,639
10/24/2003,BUR,CA,AWP,WE,Combined TRACON& Tower with Radar,163,58,135,0,356,45,46,112,2,205,208,104,247,2,561,82,0,82,643
10/25/2003,BUR,CA,AWP,WE,Combined TRACON& Tower with Radar,133,49,127,0,309,0,0,94,0,94,133,49,221,0,403,50,0,50,453
10/26/2003,BUR,CA,AWP,WE,Combined TRACON& Tower with Radar,85,30,71,0,186,25,4,59,0,88,110,34,130,0,274,0,0,0,274
10/27/2003,BUR,CA,AWP,WE,Combined TRACON& Tower with Radar,152,54,126,0,332,33,14,5,0,52,185,68,131,0,384,0,0,0,384
10/28/2003,BUR,CA,AWP,WE,Combined TRACON& Tower with Radar,140,50,116,0,306,32,26,8,0,66,172,76,124,0,372,62,0,62,434
10/29/2003,BUR,CA,AWP,WE,Combined TRACON& Tower with Radar,166,60,141,0,367,0,28,28,2,58,166,88,169,2,425,84,0,84,509
10/30/2003,BUR,CA,AWP,WE,Combined TRACON& Tower with Radar,212,90,208,0,510,0,37,100,0,137,212,127,308,0,647,26,0,26,673
10/31/2003,BUR,CA,AWP,WE,Combined TRACON& Tower with Radar,173,62,143,0,378,3,12,47,4,66,176,74,190,4,444,105,0,105,549
11/01/2003,BUR,CA,AWP,WE,Combined TRACON& Tower with Radar,125,42,105,0,272,2,2,61,7,72,127,44,166,7,344,86,0,86,430
11/02/2003,BUR,CA,AWP,WE,Combined TRACON& Tower with Radar,156,22,132,0,310,1,0,62,0,63,157,22,194,0,373,62,0,62,435
11/03/2003,BUR,CA,AWP,WE,Combined TRACON& Tower with Radar,170,58,147,0,375,0,16,23,2,41,170,74,170,2,416,38,0,38,454
11/04/2003,BUR,CA,AWP,WE,Combined TRACON& Tower with Radar,169,57,141,0,367,6,55,16,0,77,175,112,157,0,444,126,0,126,570
11/05/2003,BUR,CA,AWP,WE,Combined TRACON& Tower with Radar,136,46,47,0,229,30,37,0,0,67,166,83,47,0,296,44,0,44,340
11/06/2003,BUR,CA,AWP,WE,Combined TRACON& Tower with Radar,187,74,187,0,448,0,19,142,0,161,187,93,329,0,609,80,0,80,689
11/07/2003,BUR,CA,AWP,WE,Combined TRACON& Tower with Radar,165,55,139,0,359,21,43,36,0,100,186,98,175,0,459,128,0,128,587
11/08/2003,BUR,CA,AWP,WE,Combined TRACON& Tower with Radar,151,19,127,0,297,17,0,68,0,85,168,19,195,0,382,140,0,140,522
11/09/2003,BUR,CA,AWP,WE,Combined TRACON& Tower with Radar,158,30,133,0,321,1,0,51,0,52,159,30,184,0,373,52,0,52,425
11/10/2003,BUR,CA,AWP,WE,Combined TRACON& Tower with Radar,159,53,134,0,346,11,14,49,0,74,170,67,183,0,420,60,0,60,480
11/11/2003,BUR,CA,AWP,WE,Combined TRACON& Tower with Radar,162,54,137,0,353,29,29,39,40,137,191,83,176,40,490,68,0,68,558
11/12/2003,BUR,CA,AWP,WE,Combined TRACON& Tower with Radar,161,54,136,0,351,6,14,28,0,48,167,68,164,0,399,30,0,30,429
11/13/2003,BUR,CA,AWP,WE,Combined TRACON& Tower with Radar,184,68,172,0,424,0,47,87,0,134,184,115,259,0,558,188,0,188,746
11/14/2003,BUR,CA,AWP,WE,Combined TRACON& Tower with Radar,178,78,195,0,451,0,50,103,1,154,178,128,298,1,605,50,0,50,655
11/15/2003,BUR,CA,AWP,WE,Combined TRACON& Tower with Radar,130,33,131,0,294,0,0,89,2,91,130,33,220,2,385,10,0,10,395
11/16/2003,BUR,CA,AWP,WE,Combined TRACON& Tower with Radar,148,31,123,0,302,3,0,76,0,79,151,31,199,0,381,22,0,22,403
11/17/2003,BUR,CA,AWP,WE,Combined TRACON& Tower with Radar,167,55,140,0,362,0,28,73,0,101,167,83,213,0,463,20,0,20,483
11/18/2003,BUR,CA,AWP,WE,Combined TRACON& Tower with Radar,173,57,146,0,376,0,63,47,0,110,173,120,193,0,486,94,0,94,580
11/19/2003,BUR,CA,AWP,WE,Combined TRACON& Tower with Radar,169,55,140,1,365,1,20,66,0,87,170,75,206,1,452,6,0,6,458
11/20/2003,BUR,CA,AWP,WE,Combined TRACON& Tower with Radar,189,76,192,0,457,0,29,110,0,139,189,105,302,0,596,86,0,86,682
11/21/2003,BUR,CA,AWP,WE,Combined TRACON& Tower with Radar,166,73,186,0,425,0,29,67,0,96,166,102,253,0,521,58,0,58,579
11/22/2003,BUR,CA,AWP,WE,Combined TRACON& Tower with Radar,95,18,78,0,191,22,0,42,0,64,117,18,120,0,255,6,0,6,261
11/23/2003,BUR,CA,AWP,WE,Combined TRACON& Tower with Radar,128,23,106,0,257,16,0,97,0,113,144,23,203,0,370,102,0,102,472
11/24/2003,BUR,CA,AWP,WE,Combined TRACON& Tower with Radar,123,40,103,0,266,34,47,87,2,170,157,87,190,2,436,48,0,48,484
11/25/2003,BUR,CA,AWP,WE,Combined TRACON& Tower with Radar,166,58,149,0,373,0,46,57,5,108,166,104,206,5,481,54,0,54,535
11/26/2003,BUR,CA,AWP,WE,Combined TRACON& Tower with Radar,135,44,113,0,292,32,43,66,0,141,167,87,179,0,433,30,0,30,463
11/27/2003,BUR,CA,AWP,WE,Combined TRACON& Tower with Radar,84,25,71,0,180,7,0,37,0,44,91,25,108,0,224,0,0,0,224
11/28/2003,BUR,CA,AWP,WE,Combined TRACON& Tower with Radar,130,42,109,0,281,11,18,48,0,77,141,60,157,0,358,58,0,58,416
11/29/2003,BUR,CA,AWP,WE,Combined TRACON& Tower with Radar,126,32,105,0,263,8,0,54,0,62,134,32,159,0,325,96,0,96,421
11/30/2003,BUR,CA,AWP,WE,Combined TRACON& Tower with Radar,138,31,119,0,288,0,0,66,0,66,138,31,185,0,354,44,0,44,398
12/01/2003,BUR,CA,AWP,WE,Combined TRACON& Tower with Radar,167,66,104,0,337,4,18,50,3,75,171,84,154,3,412,0,0,0,412
12/02/2003,BUR,CA,AWP,WE,Combined TRACON& Tower with Radar,154,63,100,0,317,0,63,23,0,86,154,126,123,0,403,64,0,64,467
12/03/2003,BUR,CA,AWP,WE,Combined TRACON& Tower with Radar,162,65,104,0,331,0,27,41,0,68,162,92,145,0,399,164,0,164,563
12/04/2003,BUR,CA,AWP,WE,Combined TRACON& Tower with Radar,165,71,112,0,348,0,28,80,0,108,165,99,192,0,456,92,0,92,548
12/05/2003,BUR,CA,AWP,WE,Combined TRACON& Tower with Radar,154,61,57,0,272,9,31,0,0,40,163,92,57,0,312,72,0,72,384
12/06/2003,BUR,CA,AWP,WE,Combined TRACON& Tower with Radar,115,37,91,0,243,0,0,104,4,108,115,37,195,4,351,102,0,102,453
12/07/2003,BUR,CA,AWP,WE,Combined TRACON& Tower with Radar,149,31,102,0,282,0,0,53,0,53,149,31,155,0,335,0,0,0,335
12/08/2003,BUR,CA,AWP,WE,Combined TRACON& Tower with Radar,148,58,93,0,299,0,19,38,0,57,148,77,131,0,356,24,0,24,380
12/09/2003,BUR,CA,AWP,WE,Combined TRACON& Tower with Radar,166,66,104,0,336,7,24,41,0,72,173,90,145,0,408,24,0,24,432
12/10/2003,BUR,CA,AWP,WE,Combined TRACON& Tower with Radar,166,66,106,1,339,0,18,60,1,79,166,84,166,2,418,104,0,104,522
12/11/2003,BUR,CA,AWP,WE,Combined TRACON& Tower with Radar,162,68,110,1,341,0,12,53,3,68,162,80,163,4,409,22,0,22,431
12/12/2003,BUR,CA,AWP,WE,Combined TRACON& Tower with Radar,181,79,127,0,387,0,10,93,0,103,181,89,220,0,490,44,0,44,534
12/13/2003,BUR,CA,AWP,WE,Combined TRACON& Tower with Radar,124,41,85,0,250,0,0,57,0,57,124,41,142,0,307,58,0,58,365
12/14/2003,BUR,CA,AWP,WE,Combined TRACON& Tower with Radar,129,30,81,0,240,19,0,14,0,33,148,30,95,0,273,6,0,6,279
12/15/2003,BUR,CA,AWP,WE,Combined TRACON& Tower with Radar,150,58,94,0,302,16,25,38,0,79,166,83,132,0,381,10,0,10,391
12/16/2003,BUR,CA,AWP,WE,Combined TRACON& Tower with Radar,160,63,100,1,324,0,28,44,2,74,160,91,144,3,398,42,0,42,440
12/17/2003,BUR,CA,AWP,WE,Combined TRACON& Tower with Radar,173,67,106,0,346,11,21,88,0,120,184,88,194,0,466,102,0,102,568
12/18/2003,BUR,CA,AWP,WE,Combined TRACON& Tower with Radar,170,72,115,0,357,0,48,89,0,137,170,120,204,0,494,47,0,47,541
12/19/2003,BUR,CA,AWP,WE,Combined TRACON& Tower with Radar,170,80,128,1,379,0,45,89,0,134,170,125,217,1,513,44,0,44,557
12/20/2003,BUR,CA,AWP,WE,Combined TRACON& Tower with Radar,135,40,84,0,259,0,0,63,0,63,135,40,147,0,322,51,0,51,373
12/21/2003,BUR,CA,AWP,WE,Combined TRACON& Tower with Radar,138,34,94,0,266,0,0,74,0,74,138,34,168,0,340,14,0,14,354
12/22/2003,BUR,CA,AWP,WE,Combined TRACON& Tower with Radar,160,62,99,0,321,16,21,27,0,64,176,83,126,0,385,38,0,38,423
12/23/2003,BUR,CA,AWP,WE,Combined TRACON& Tower with Radar,176,74,118,0,368,0,49,47,0,96,176,123,165,0,464,30,0,30,494
12/24/2003,BUR,CA,AWP,WE,Combined TRACON& Tower with Radar,122,47,76,0,245,20,35,57,0,112,142,82,133,0,357,0,0,0,357
12/25/2003,BUR,CA,AWP,WE,Combined TRACON& Tower with Radar,90,32,28,0,150,33,0,0,0,33,123,32,28,0,183,0,0,0,183
12/26/2003,BUR,CA,AWP,WE,Combined TRACON& Tower with Radar,125,49,78,0,252,29,22,80,0,131,154,71,158,0,383,32,0,32,415
12/27/2003,BUR,CA,AWP,WE,Combined TRACON& Tower with Radar,128,49,80,0,257,0,1,44,0,45,128,50,124,0,302,2,0,2,304
12/28/2003,BUR,CA,AWP,WE,Combined TRACON& Tower with Radar,122,15,75,0,212,25,0,39,0,64,147,15,114,0,276,16,0,16,292
12/29/2003,BUR,CA,AWP,WE,Combined TRACON& Tower with Radar,144,55,90,0,289,21,16,27,0,64,165,71,117,0,353,96,0,96,449
12/30/2003,BUR,CA,AWP,WE,Combined TRACON& Tower with Radar,175,68,109,0,352,1,40,42,0,83,176,108,151,0,435,30,0,30,465
12/31/2003,BUR,CA,AWP,WE,Combined TRACON& Tower with Radar,147,61,99,0,307,0,26,58,4,88,147,87,157,4,395,56,0,56,451
01/01/2004,BUR,CA,AWP,WE,Combined TRACON& Tower with Radar,113,51,94,0,258,0,0,101,13,114,113,51,195,13,372,6,0,6,378
01/02/2004,BUR,CA,AWP,WE,Combined TRACON& Tower with Radar,139,70,114,0,323,0,16,51,2,69,139,86,165,2,392,0,0,0,392
01/03/2004,BUR,CA,AWP,WE,Combined TRACON& Tower with Radar,114,35,74,0,223,7,0,50,2,59,121,35,124,2,282,0,0,0,282
01/04/2004,BUR,CA,AWP,WE,Combined TRACON& Tower with Radar,144,50,105,0,299,0,0,83,0,83,144,50,188,0,382,50,0,50,432
01/05/2004,BUR,CA,AWP,WE,Combined TRACON& Tower with Radar,120,48,26,0,194,46,6,0,1,53,166,54,26,1,247,84,0,84,331
01/06/2004,BUR,CA,AWP,WE,Combined TRACON& Tower with Radar,144,62,101,0,307,0,33,40,0,73,144,95,141,0,380,72,0,72,452
01/07/2004,BUR,CA,AWP,WE,Combined TRACON& Tower with Radar,145,58,94,0,297,7,29,42,0,78,152,87,136,0,375,28,0,28,403
01/08/2004,BUR,CA,AWP,WE,Combined TRACON& Tower with Radar,154,61,100,0,315,4,28,57,3,92,158,89,157,3,407,34,0,34,441
01/09/2004,BUR,CA,AWP,WE,Combined TRACON& Tower with Radar,174,75,122,0,371,0,38,98,0,136,174,113,220,0,507,104,0,104,611
01/10/2004,BUR,CA,AWP,WE,Combined TRACON& Tower with Radar,120,42,89,0,251,0,0,82,0,82,120,42,171,0,333,98,0,98,431
01/11/2004,BUR,CA,AWP,WE,Combined TRACON& Tower with Radar,143,41,93,0,277,1,0,79,0,80,144,41,172,0,357,86,0,86,443
01/12/2004,BUR,CA,AWP,WE,Combined TRACON& Tower with Radar,145,57,95,1,298,9,15,26,1,51,154,72,121,2,349,54,0,54,403
01/13/2004,BUR,CA,AWP,WE,Combined TRACON& Tower with Radar,147,57,96,1,301,2,42,54,0,98,149,99,150,1,399,18,0,18,417
01/14/2004,BUR,CA,AWP,WE,Combined TRACON& Tower with Radar,134,52,88,0,274,21,18,37,0,76,155,70,125,0,350,100,0,100,450
01/15/2004,BUR,CA,AWP,WE,Combined TRACON& Tower with Radar,174,74,124,0,372,0,26,80,0,106,174,100,204,0,478,6,0,6,484
01/16/2004,BUR,CA,AWP,WE,Combined TRACON& Tower with Radar,164,70,115,1,350,0,26,37,1,64,164,96,152,2,414,58,0,58,472
01/17/2004,BUR,CA,AWP,WE,Combined TRACON& Tower with Radar,137,37,95,1,270,0,0,67,0,67,137,37,162,1,337,42,0,42,379
01/18/2004,BUR,CA,AWP,WE,Combined TRACON& Tower with Radar,153,28,98,1,280,3,0,47,1,51,156,28,145,2,331,18,0,18,349
01/19/2004,BUR,CA,AWP,WE,Combined TRACON& Tower with Radar,150,40,96,0,286,16,0,38,0,54,166,40,134,0,340,150,0,150,490
01/20/2004,BUR,CA,AWP,WE,Combined TRACON& Tower with Radar,147,57,94,1,299,1,16,42,1,60,148,73,136,2,359,65,0,65,424
01/21/2004,BUR,CA,AWP,WE,Combined TRACON& Tower with Radar,155,60,99,0,314,8,28,22,0,58,163,88,121,0,372,2,0,2,374
01/22/2004,BUR,CA,AWP,WE,Combined TRACON& Tower with Radar,172,67,111,0,350,10,36,23,0,69,182,103,134,0,419,68,0,68,487
01/23/2004,BUR,CA,AWP,WE,Combined TRACON& Tower with Radar,172,70,115,1,358,0,36,60,0,96,172,106,175,1,454,44,0,44,498
01/24/2004,BUR,CA,AWP,WE,Combined TRACON& Tower with Radar,103,25,65,0,193,40,0,34,0,74,143,25,99,0,267,38,0,38,305
01/25/2004,BUR,CA,AWP,WE,Combined TRACON& Tower with Radar,152,34,99,0,285,7,0,64,1,72,159,34,163,1,357,50,0,50,407
01/26/2004,BUR,CA,AWP,WE,Combined TRACON& Tower with Radar,128,50,82,0,260,32,30,68,0,130,160,80,150,0,390,30,0,30,420
01/27/2004,BUR,CA,AWP,WE,Combined TRACON& Tower with Radar,169,67,111,0,347,0,24,42,2,68,169,91,153,2,415,58,0,58,473
01/28/2004,BUR,CA,AWP,WE,Combined TRACON& Tower with Radar,172,68,112,0,352,0,38,33,0,71,172,106,145,0,423,50,0,50,473
01/29/2004,BUR,CA,AWP,WE,Combined TRACON& Tower with Radar,192,80,133,0,405,0,40,78,0,118,192,120,211,0,523,40,0,40,563
01/30/2004,BUR,CA,AWP,WE,Combined TRACON& Tower with Radar,152,70,117,0,339,0,28,91,0,119,152,98,208,0,458,52,0,52,510
01/31/2004,BUR,CA,AWP,WE,Combined TRACON& Tower with Radar,123,32,79,0,234,11,0,27,2,40,134,32,106,2,274,42,0,42,316
02/01/2004,BUR,CA,AWP,WE,Combined TRACON& Tower with Radar,147,43,96,0,286,0,0,62,0,62,147,43,158,0,348,116,0,116,464
02/02/2004,BUR,CA,AWP,WE,Combined TRACON& Tower with Radar,158,60,109,0,327,0,15,34,0,49,158,75,143,0,376,47,0,47,423
02/03/2004,BUR,CA,AWP,WE,Combined TRACON& Tower with Radar,181,64,116,0,361,0,31,33,0,64,181,95,149,0,425,54,0,54,479
02/04/2004,BUR,CA,AWP,WE,Combined TRACON& Tower with Radar,162,57,105,0,324,11,26,56,0,93,173,83,161,0,417,18,0,18,435
02/05/2004,BUR,CA,AWP,WE,Combined TRACON& Tower with Radar,118,42,39,0,199,23,13,0,0,36,141,55,39,0,235,55,0,55,290
02/06/2004,BUR,CA,AWP,WE,Combined TRACON& Tower with Radar,164,65,120,0,349,0,39,75,2,116,164,104,195,2,465,50,0,50,515
02/07/2004,BUR,CA,AWP,WE,Combined TRACON& Tower with Radar,108,27,77,0,212,0,0,60,2,62,108,27,137,2,274,54,0,54,328
02/08/2004,BUR,CA,AWP,WE,Combined TRACON& Tower with Radar,142,38,92,0,272,6,0,48,2,56,148,38,140,2,328,122,0,122,450
02/09/2004,BUR,CA,AWP,WE,Combined TRACON& Tower with Radar,190,68,125,0,383,0,46,50,2,98,190,114,175,2,481,0,0,0,481
02/10/2004,BUR,CA,AWP,WE,Combined TRACON& Tower with Radar,174,61,113,0,348,16,32,25,1,74,190,93,138,1,422,27,0,27,449
02/11/2004,BUR,CA,AWP,WE,Combined TRACON& Tower with Radar,160,56,103,0,319,26,31,37,2,96,186,87,140,2,415,52,0,52,467
02/12/2004,BUR,CA,AWP,WE,Combined TRACON& Tower with Radar,186,71,129,0,386,0,52,60,2,114,186,123,189,2,500,80,0,80,580
02/13/2004,BUR,CA,AWP,WE,Combined TRACON& Tower with Radar,180,72,132,0,384,0,13,62,0,75,180,85,194,0,459,28,0,28,487
02/14/2004,BUR,CA,AWP,WE,Combined TRACON& Tower with Radar,141,28,101,0,270,0,0,99,0,99,141,28,200,0,369,38,0,38,407
02/15/2004,BUR,CA,AWP,WE,Combined TRACON& Tower with Radar,171,44,109,0,324,5,0,60,0,65,176,44,169,0,389,122,0,122,511
02/16/2004,BUR,CA,AWP,WE,Combined TRACON& Tower with Radar,173,35,110,0,318,8,0,71,0,79,181,35,181,0,397,100,0,100,497
02/17/2004,BUR,CA,AWP,WE,Combined TRACON& Tower with Radar,176,61,112,0,349,22,5,28,0,55,198,66,140,0,404,64,0,64,468
02/18/2004,BUR,CA,AWP,WE,Combined TRACON& Tower with Radar,160,55,102,0,317,7,22,0,0,29,167,77,102,0,346,16,0,16,362
02/19/2004,BUR,CA,AWP,WE,Combined TRACON& Tower with Radar,164,59,109,0,332,0,37,63,0,100,164,96,172,0,432,54,0,54,486
02/20/2004,BUR,CA,AWP,WE,Combined TRACON& Tower with Radar,162,66,124,0,352,0,21,48,0,69,162,87,172,0,421,86,0,86,507
02/21/2004,BUR,CA,AWP,WE,Combined TRACON& Tower with Radar,119,29,86,0,234,0,0,67,0,67,119,29,153,0,301,101,0,101,402
02/22/2004,BUR,CA,AWP,WE,Combined TRACON& Tower with Radar,145,31,92,0,268,5,0,23,0,28,150,31,115,0,296,16,0,16,312
02/23/2004,BUR,CA,AWP,WE,Combined TRACON& Tower with Radar,176,64,119,0,359,0,26,40,0,66,176,90,159,0,425,78,0,78,503
02/24/2004,BUR,CA,AWP,WE,Combined TRACON& Tower with Radar,144,49,92,0,285,28,51,73,0,152,172,100,165,0,437,84,0,84,521
02/25/2004,BUR,CA,AWP,WE,Combined TRACON& Tower with Radar,163,56,100,0,319,4,22,0,0,26,167,78,100,0,345,82,0,82,427
02/26/2004,BUR,CA,AWP,WE,Combined TRACON& Tower with Radar,133,46,85,0,264,24,53,71,6,154,157,99,156,6,418,136,0,136,554
02/27/2004,BUR,CA,AWP,WE,Combined TRACON& Tower with Radar,180,63,116,0,359,0,21,42,0,63,180,84,158,0,422,68,0,68,490
02/28/2004,BUR,CA,AWP,WE,Combined TRACON& Tower with Radar,121,44,93,0,258,0,0,94,0,94,121,44,187,0,352,10,0,10,362
02/29/2004,BUR,CA,AWP,WE,Combined TRACON& Tower with Radar,129,26,83,0,238,13,0,34,0,47,142,26,117,0,285,28,0,28,313
03/01/2004,BUR,CA,AWP,WE,Combined TRACON& Tower with Radar,179,76,120,0,375,0,16,23,0,39,179,92,143,0,414,36,0,36,450
03/02/2004,BUR,CA,AWP,WE,Combined TRACON& Tower with Radar,165,66,104,0,335,0,20,19,0,39,165,86,123,0,374,17,0,17,391
03/03/2004,BUR,CA,AWP,WE,Combined TRACON& Tower with Radar,152,61,96,0,309,6,19,3,1,29,158,80,99,1,338,26,0,26,364
03/04/2004,BUR,CA,AWP,WE,Combined TRACON& Tower with Radar,181,76,120,0,377,0,26,73,0,99,181,102,193,0,476,90,0,90,566
03/05/2004,BUR,CA,AWP,WE,Combined TRACON& Tower with Radar,157,62,64,0,283,11,24,0,0,35,168,86,64,0,318,24,0,24,342
03/06/2004,BUR,CA,AWP,WE,Combined TRACON& Tower with Radar,130,29,85,0,244,0,0,79,0,79,130,29,164,0,323,38,0,38,361
03/07/2004,BUR,CA,AWP,WE,Combined TRACON& Tower with Radar,153,33,100,0,286,0,0,84,1,85,153,33,184,1,371,78,0,78,449
03/08/2004,BUR,CA,AWP,WE,Combined TRACON& Tower with Radar,169,69,109,0,347,0,14,116,0,130,169,83,225,0,477,26,0,26,503
03/09/2004,BUR,CA,AWP,WE,Combined TRACON& Tower with Radar,155,66,105,1,327,0,28,54,17,99,155,94,159,18,426,105,0,105,531
03/10/2004,BUR,CA,AWP,WE,Combined TRACON& Tower with Radar,169,66,106,0,341,10,33,25,0,68,179,99,131,0,409,20,0,20,429
03/11/2004,BUR,CA,AWP,WE,Combined TRACON& Tower with Radar,172,75,121,0,368,0,49,129,0,178,172,124,250,0,546,97,0,97,643
03/12/2004,BUR,CA,AWP,WE,Combined TRACON& Tower with Radar,165,74,120,0,359,0,23,52,0,75,165,97,172,0,434,76,0,76,510
03/13/2004,BUR,CA,AWP,WE,Combined TRACON& Tower with Radar,124,28,79,0,231,2,0,46,0,48,126,28,125,0,279,80,0,80,359
03/14/2004,BUR,CA,AWP,WE,Combined TRACON& Tower with Radar,137,25,87,0,249,6,0,46,0,52,143,25,133,0,301,64,0,64,365
03/15/2004,BUR,CA,AWP,WE,Combined TRACON& Tower with Radar,152,59,96,0,307,2,9,24,0,35,154,68,120,0,342,50,0,50,392
03/16/2004,BUR,CA,AWP,WE,Combined TRACON& Tower with Radar,160,62,100,0,322,0,33,42,0,75,160,95,142,0,397,201,0,201,598
03/17/2004,BUR,CA,AWP,WE,Combined TRACON& Tower with Radar,169,67,107,0,343,0,38,42,0,80,169,105,149,0,423,74,0,74,497
03/18/2004,BUR,CA,AWP,WE,Combined TRACON& Tower with Radar,187,73,117,0,377,0,18,31,0,49,187,91,148,0,426,2,0,2,428
03/19/2004,BUR,CA,AWP,WE,Combined TRACON& Tower with Radar,156,65,104,0,325,0,27,39,0,66,156,92,143,0,391,52,0,52,443
03/20/2004,BUR,CA,AWP,WE,Combined TRACON& Tower with Radar,128,32,79,0,239,13,0,40,0,53,141,32,119,0,292,88,0,88,380
03/21/2004,BUR,CA,AWP,WE,Combined TRACON& Tower with Radar,158,28,99,0,285,0,0,68,0,68,158,28,167,0,353,32,0,32,385
03/22/2004,BUR,CA,AWP,WE,Combined TRACON& Tower with Radar,163,64,104,0,331,0,19,44,0,63,163,83,148,0,394,56,0,56,450
03/23/2004,BUR,CA,AWP,WE,Combined TRACON& Tower with Radar,152,69,110,0,331,0,32,13,0,45,152,101,123,0,376,86,0,86,462
03/24/2004,BUR,CA,AWP,WE,Combined TRACON& Tower with Radar,128,49,79,0,256,33,26,86,0,145,161,75,165,0,401,52,0,52,453
03/25/2004,BUR,CA,AWP,WE,Combined TRACON& Tower with Radar,176,76,122,0,374,0,37,88,0,125,176,113,210,0,499,104,0,104,603
03/26/2004,BUR,CA,AWP,WE,Combined TRACON& Tower with Radar,146,57,91,1,295,31,47,88,1,167,177,104,179,2,462,113,0,113,575
03/27/2004,BUR,CA,AWP,WE,Combined TRACON& Tower with Radar,116,33,72,0,221,6,0,77,0,83,122,33,149,0,304,136,0,136,440
03/28/2004,BUR,CA,AWP,WE,Combined TRACON& Tower with Radar,133,34,82,0,249,8,0,64,0,72,141,34,146,0,321,62,0,62,383
03/29/2004,BUR,CA,AWP,WE,Combined TRACON& Tower with Radar,159,62,99,0,320,14,13,44,0,71,173,75,143,0,391,90,0,90,481
03/30/2004,BUR,CA,AWP,WE,Combined TRACON& Tower with Radar,148,58,92,1,299,10,28,42,1,81,158,86,134,2,380,14,0,14,394
03/31/2004,BUR,CA,AWP,WE,Combined TRACON& Tower with Radar,155,60,96,1,312,9,26,52,1,88,164,86,148,2,400,74,0,74,474
04/01/2004,BUR,CA,AWP,WE,Combined TRACON& Tower with Radar,151,70,108,0,329,0,30,47,0,77,151,100,155,0,406,78,0,78,484
04/02/2004,BUR,CA,AWP,WE,Combined TRACON& Tower with Radar,155,70,106,0,331,0,39,65,0,104,155,109,171,0,435,142,0,142,577
04/03/2004,BUR,CA,AWP,WE,Combined TRACON& Tower with Radar,124,34,76,0,234,3,0,45,0,48,127,34,121,0,282,64,0,64,346
04/04/2004,BUR,CA,AWP,WE,Combined TRACON& Tower with Radar,142,28,87,0,257,5,0,59,3,67,147,28,146,3,324,64,0,64,388
04/05/2004,BUR,CA,AWP,WE,Combined TRACON& Tower with Radar,136,54,44,0,234,30,9,0,0,39,166,63,44,0,273,78,0,78,351
04/06/2004,BUR,CA,AWP,WE,Combined TRACON& Tower with Radar,158,69,105,0,332,0,22,43,3,68,158,91,148,3,400,56,0,56,456
04/07/2004,BUR,CA,AWP,WE,Combined TRACON& Tower with Radar,150,60,91,0,301,16,15,37,0,68,166,75,128,0,369,34,0,34,403
04/08/2004,BUR,CA,AWP,WE,Combined TRACON& Tower with Radar,167,77,118,0,362,0,20,87,2,109,167,97,205,2,471,88,0,88,559
04/09/2004,BUR,CA,AWP,WE,Combined TRACON& Tower with Radar,161,64,99,0,324,7,1,41,1,50,168,65,140,1,374,86,0,86,460
04/10/2004,BUR,CA,AWP,WE,Combined TRACON& Tower with Radar,127,27,78,0,232,0,0,47,0,47,127,27,125,0,279,42,0,42,321
04/11/2004,BUR,CA,AWP,WE,Combined TRACON& Tower with Radar,150,45,91,0,286,6,0,84,0,90,156,45,175,0,376,62,0,62,438
04/12/2004,BUR,CA,AWP,WE,Combined TRACON& Tower with Radar,157,62,96,0,315,8,1,87,0,96,165,63,183,0,411,74,0,74,485
04/13/2004,BUR,CA,AWP,WE,Combined TRACON& Tower with Radar,172,68,105,0,345,6,29,36,0,71,178,97,141,0,416,64,0,64,480
04/14/2004,BUR,CA,AWP,WE,Combined TRACON& Tower with Radar,177,75,118,1,371,0,44,75,0,119,177,119,193,1,490,102,0,102,592
04/15/2004,BUR,CA,AWP,WE,Combined TRACON& Tower with Radar,164,64,98,1,327,0,21,83,1,105,164,85,181,2,432,48,0,48,480
04/16/2004,BUR,CA,AWP,WE,Combined TRACON& Tower with Radar,144,56,86,0,286,4,31,27,0,62,148,87,113,0,348,14,0,14,362
04/17/2004,BUR,CA,AWP,WE,Combined TRACON& Tower with Radar,125,47,84,1,257,0,0,91,1,92,125,47,175,2,349,136,0,136,485
04/18/2004,BUR,CA,AWP,WE,Combined TRACON& Tower with Radar,140,33,84,1,258,8,0,70,7,85,148,33,154,8,343,60,0,60,403
04/19/2004,BUR,CA,AWP,WE,Combined TRACON& Tower with Radar,153,59,92,0,304,0,8,86,0,94,153,67,178,0,398,119,0,119,517
04/20/2004,BUR,CA,AWP,WE,Combined TRACON& Tower with Radar,155,61,93,1,310,5,16,66,5,92,160,77,159,6,402,113,0,113,515
04/21/2004,BUR,CA,AWP,WE,Combined TRACON& Tower with Radar,161,70,109,0,340,0,40,73,0,113,161,110,182,0,453,70,0,70,523
04/22/2004,BUR,CA,AWP,WE,Combined TRACON& Tower with Radar,174,68,105,1,348,2,38,68,1,109,176,106,173,2,457,136,0,136,593
04/23/2004,BUR,CA,AWP,WE,Combined TRACON& Tower with Radar,189,76,116,0,381,0,45,64,0,109,189,121,180,0,490,132,0,132,622
04/24/2004,BUR,CA,AWP,WE,Combined TRACON& Tower with Radar,117,38,70,0,225,6,0,112,0,118,123,38,182,0,343,98,0,98,441
04/25/2004,BUR,CA,AWP,WE,Combined TRACON& Tower with Radar,127,24,76,0,227,28,0,43,0,71,155,24,119,0,298,32,0,32,330
04/26/2004,BUR,CA,AWP,WE,Combined TRACON& Tower with Radar,125,48,76,0,249,42,16,65,0,123,167,64,141,0,372,89,0,89,461
04/27/2004,BUR,CA,AWP,WE,Combined TRACON& Tower with Radar,166,64,101,0,331,11,32,70,0,113,177,96,171,0,444,24,0,24,468
04/28/2004,BUR,CA,AWP,WE,Combined TRACON& Tower with Radar,161,63,97,0,321,0,14,68,0,82,161,77,165,0,403,116,0,116,519
04/29/2004,BUR,CA,AWP,WE,Combined TRACON& Tower with Radar,142,72,111,0,325,0,44,98,2,144,142,116,209,2,469,153,0,153,622
04/30/2004,BUR,CA,AWP,WE,Combined TRACON& Tower with Radar,168,68,106,0,342,0,3,95,0,98,168,71,201,0,440,120,0,120,560
05/01/2004,BUR,CA,AWP,WE,Combined TRACON& Tower with Radar,123,25,73,0,221,0,0,110,1,111,123,25,183,1,332,69,0,69,401
05/02/2004,BUR,CA,AWP,WE,Combined TRACON& Tower with Radar,144,26,79,0,249,3,0,78,0,81,147,26,157,0,330,8,0,8,338
05/03/2004,BUR,CA,AWP,WE,Combined TRACON& Tower with Radar,151,56,91,0,298,0,12,91,0,103,151,68,182,0,401,24,0,24,425
05/04/2004,BUR,CA,AWP,WE,Combined TRACON& Tower with Radar,156,53,86,0,295,12,29,33,0,74,168,82,119,0,369,42,0,42,411
05/05/2004,BUR,CA,AWP,WE,Combined TRACON& Tower with Radar,174,59,64,0,297,14,18,0,0,32,188,77,64,0,329,50,0,50,379
05/06/2004,BUR,CA,AWP,WE,Combined TRACON& Tower with Radar,175,62,100,0,337,0,28,82,1,111,175,90,182,1,448,102,0,102,550
05/07/2004,BUR,CA,AWP,WE,Combined TRACON& Tower with Radar,162,56,89,0,307,10,16,43,0,69,172,72,132,0,376,132,0,132,508
05/08/2004,BUR,CA,AWP,WE,Combined TRACON& Tower with Radar,112,20,62,0,194,10,0,78,0,88,122,20,140,0,282,74,0,74,356
05/09/2004,BUR,CA,AWP,WE,Combined TRACON& Tower with Radar,141,42,77,0,260,18,0,28,0,46,159,42,105,0,306,0,0,0,306
05/10/2004,BUR,CA,AWP,WE,Combined TRACON& Tower with Radar,157,54,86,0,297,5,10,50,0,65,162,64,136,0,362,80,0,80,442
05/11/2004,BUR,CA,AWP,WE,Combined TRACON& Tower with Radar,146,53,86,0,285,0,51,48,0,99,146,104,134,0,384,53,0,53,437
05/12/2004,BUR,CA,AWP,WE,Combined TRACON& Tower with Radar,165,57,91,0,313,16,28,90,0,134,181,85,181,0,447,64,0,64,511
05/13/2004,BUR,CA,AWP,WE,Combined TRACON& Tower with Radar,157,54,86,0,297,3,33,76,0,112,160,87,162,0,409,12,0,12,421
05/14/2004,BUR,CA,AWP,WE,Combined TRACON& Tower with Radar,192,68,110,0,370,0,36,71,1,108,192,104,181,1,478,9,0,9,487
05/15/2004,BUR,CA,AWP,WE,Combined TRACON& Tower with Radar,145,31,79,0,255,3,0,80,0,83,148,31,159,0,338,109,0,109,447
05/16/2004,BUR,CA,AWP,WE,Combined TRACON& Tower with Radar,140,37,77,0,254,7,0,54,0,61,147,37,131,0,315,84,0,84,399
05/17/2004,BUR,CA,AWP,WE,Combined TRACON& Tower with Radar,151,55,88,0,294,0,15,42,2,59,151,70,130,2,353,82,0,82,435
05/18/2004,BUR,CA,AWP,WE,Combined TRACON& Tower with Radar,156,55,90,0,301,0,47,31,0,78,156,102,121,0,379,20,0,20,399
05/19/2004,BUR,CA,AWP,WE,Combined TRACON& Tower with Radar,180,62,100,0,342,0,42,55,0,97,180,104,155,0,439,36,0,36,475
05/20/2004,BUR,CA,AWP,WE,Combined TRACON& Tower with Radar,176,66,107,1,350,0,32,75,1,108,176,98,182,2,458,42,0,42,500
05/21/2004,BUR,CA,AWP,WE,Combined TRACON& Tower with Radar,195,67,107,0,369,0,21,60,0,81,195,88,167,0,450,78,0,78,528
05/22/2004,BUR,CA,AWP,WE,Combined TRACON& Tower with Radar,147,28,79,1,255,5,0,67,4,76,152,28,146,5,331,156,0,156,487
05/23/2004,BUR,CA,AWP,WE,Combined TRACON& Tower with Radar,150,21,81,0,252,10,0,46,0,56,160,21,127,0,308,82,0,82,390
05/24/2004,BUR,CA,AWP,WE,Combined TRACON& Tower with Radar,147,49,80,1,277,29,52,63,0,144,176,101,143,1,421,28,0,28,449
05/25/2004,BUR,CA,AWP,WE,Combined TRACON& Tower with Radar,166,65,106,1,338,0,40,53,2,95,166,105,159,3,433,32,0,32,465
05/26/2004,BUR,CA,AWP,WE,Combined TRACON& Tower with Radar,127,42,69,1,239,16,41,110,0,167,143,83,179,1,406,86,0,86,492
05/27/2004,BUR,CA,AWP,WE,Combined TRACON& Tower with Radar,181,67,108,0,356,0,42,94,4,140,181,109,202,4,496,34,0,34,530
05/28/2004,BUR,CA,AWP,WE,Combined TRACON& Tower with Radar,169,70,115,0,354,0,20,46,0,66,169,90,161,0,420,65,0,65,485
05/29/2004,BUR,CA,AWP,WE,Combined TRACON& Tower with Radar,140,37,78,0,255,0,0,64,0,64,140,37,142,0,319,18,0,18,337
05/30/2004,BUR,CA,AWP,WE,Combined TRACON& Tower with Radar,112,13,61,0,186,24,0,53,0,77,136,13,114,0,263,20,0,20,283
05/31/2004,BUR,CA,AWP,WE,Combined TRACON& Tower with Radar,130,26,71,0,227,4,0,82,0,86,134,26,153,0,313,68,0,68,381
06/01/2004,BUR,CA,AWP,WE,Combined TRACON& Tower with Radar,163,63,92,0,318,1,10,71,0,82,164,73,163,0,400,42,0,42,442
06/02/2004,BUR,CA,AWP,WE,Combined TRACON& Tower with Radar,166,65,94,0,325,15,32,34,0,81,181,97,128,0,406,104,0,104,510
06/03/2004,BUR,CA,AWP,WE,Combined TRACON& Tower with Radar,165,64,94,0,323,4,48,24,3,79,169,112,118,3,402,48,0,48,450
06/04/2004,BUR,CA,AWP,WE,Combined TRACON& Tower with Radar,162,63,91,0,316,7,15,45,0,67,169,78,136,0,383,96,0,96,479
06/05/2004,BUR,CA,AWP,WE,Combined TRACON& Tower with Radar,89,25,23,0,137,37,0,0,0,37,126,25,23,0,174,163,0,163,337
06/06/2004,BUR,CA,AWP,WE,Combined TRACON& Tower with Radar,142,32,81,0,255,7,0,53,0,60,149,32,134,0,315,50,0,50,365
06/07/2004,BUR,CA,AWP,WE,Combined TRACON& Tower with Radar,157,69,100,0,326,0,15,27,0,42,157,84,127,0,368,160,0,160,528
06/08/2004,BUR,CA,AWP,WE,Combined TRACON& Tower with Radar,166,70,104,0,340,0,13,32,0,45,166,83,136,0,385,0,0,0,385
06/09/2004,BUR,CA,AWP,WE,Combined TRACON& Tower with Radar,172,69,102,0,343,0,11,56,0,67,172,80,158,0,410,48,0,48,458
06/10/2004,BUR,CA,AWP,WE,Combined TRACON& Tower with Radar,167,68,102,1,338,0,37,75,1,113,167,105,177,2,451,122,0,122,573
06/11/2004,BUR,CA,AWP,WE,Combined TRACON& Tower with Radar,175,68,100,1,344,0,22,84,0,106,175,90,184,1,450,64,0,64,514
06/12/2004,BUR,CA,AWP,WE,Combined TRACON& Tower with Radar,121,31,68,0,220,14,0,69,0,83,135,31,137,0,303,31,0,31,334
06/13/2004,BUR,CA,AWP,WE,Combined TRACON& Tower with Radar,123,25,70,1,219,34,0,41,0,75,157,25,111,1,294,54,0,54,348
06/14/2004,BUR,CA,AWP,WE,Combined TRACON& Tower with Radar,160,61,90,0,311,12,14,44,0,70,172,75,134,0,381,135,0,135,516
06/15/2004,BUR,CA,AWP,WE,Combined TRACON& Tower with Radar,161,72,106,0,339,0,34,83,0,117,161,106,189,0,456,152,0,152,608
06/16/2004,BUR,CA,AWP,WE,Combined TRACON& Tower with Radar,173,68,101,1,343,0,14,28,0,42,173,82,129,1,385,114,0,114,499
06/17/2004,BUR,CA,AWP,WE,Combined TRACON& Tower with Radar,183,74,109,1,367,0,22,37,0,59,183,96,146,1,426,46,0,46,472
06/18/2004,BUR,CA,AWP,WE,Combined TRACON& Tower with Radar,171,73,106,0,350,0,21,67,0,88,171,94,173,0,438,78,0,78,516
06/19/2004,BUR,CA,AWP,WE,Combined TRACON& Tower with Radar,123,42,77,0,242,0,0,77,0,77,123,42,154,0,319,152,0,152,471
06/20/2004,BUR,CA,AWP,WE,Combined TRACON& Tower with Radar,144,20,80,1,245,10,0,53,1,64,154,20,133,2,309,10,0,10,319
06/21/2004,BUR,CA,AWP,WE,Combined TRACON& Tower with Radar,177,68,100,1,346,0,4,33,1,38,177,72,133,2,384,64,0,64,448
06/22/2004,BUR,CA,AWP,WE,Combined TRACON& Tower with Radar,160,66,98,1,325,0,42,44,1,87,160,108,142,2,412,58,0,58,470
06/23/2004,BUR,CA,AWP,WE,Combined TRACON& Tower with Radar,168,65,97,0,330,0,12,53,0,65,168,77,150,0,395,90,0,90,485
06/24/2004,BUR,CA,AWP,WE,Combined TRACON& Tower with Radar,159,60,89,0,308,12,73,125,2,212,171,133,214,2,520,108,0,108,628
06/25/2004,BUR,CA,AWP,WE,Combined TRACON& Tower with Radar,170,67,99,0,336,0,22,75,0,97,170,89,174,0,433,58,0,58,491
06/26/2004,BUR,CA,AWP,WE,Combined TRACON& Tower with Radar,124,24,70,0,218,15,0,74,0,89,139,24,144,0,307,42,0,42,349
06/27/2004,BUR,CA,AWP,WE,Combined TRACON& Tower with Radar,147,34,84,0,265,0,0,56,0,56,147,34,140,0,321,8,0,8,329
06/28/2004,BUR,CA,AWP,WE,Combined TRACON& Tower with Radar,172,64,97,0,333,2,0,51,0,53,174,64,148,0,386,18,0,18,404
06/29/2004,BUR,CA,AWP,WE,Combined TRACON& Tower with Radar,167,67,100,0,334,0,29,45,0,74,167,96,145,0,408,36,0,36,444
06/30/2004,BUR,CA,AWP,WE,Combined TRACON& Tower with Radar,145,55,82,0,282,11,17,45,0,73,156,72,127,0,355,48,0,48,403
07/01/2004,BUR,CA,AWP,WE,Combined TRACON& Tower with Radar,174,68,101,0,343,5,29,64,3,101,179,97,165,3,444,52,0,52,496
07/02/2004,BUR,CA,AWP,WE,Combined TRACON& Tower with Radar,176,80,120,0,376,0,20,93,2,115,176,100,213,2,491,136,0,136,627
07/03/2004,BUR,CA,AWP,WE,Combined TRACON& Tower with Radar,135,22,80,0,237,16,0,67,0,83,151,22,147,0,320,0,0,0,320
07/04/2004,BUR,CA,AWP,WE,Combined TRACON& Tower with Radar,94,14,55,0,163,34,0,21,0,55,128,14,76,0,218,0,0,0,218
07/05/2004,BUR,CA,AWP,WE,Combined TRACON& Tower with Radar,121,35,57,0,213,27,0,0,0,27,148,35,57,0,240,36,0,36,276
07/06/2004,BUR,CA,AWP,WE,Combined TRACON& Tower with Radar,161,63,94,0,318,13,13,33,2,61,174,76,127,2,379,98,0,98,477
07/07/2004,BUR,CA,AWP,WE,Combined TRACON& Tower with Radar,180,80,120,0,380,0,52,68,2,122,180,132,188,2,502,46,0,46,548
07/08/2004,BUR,CA,AWP,WE,Combined TRACON& Tower with Radar,163,72,108,0,343,0,33,64,0,97,163,105,172,0,440,62,0,62,502
07/09/2004,BUR,CA,AWP,WE,Combined TRACON& Tower with Radar,160,72,109,0,341,0,25,92,0,117,160,97,201,0,458,158,0,158,616
07/10/2004,BUR,CA,AWP,WE,Combined TRACON& Tower with Radar,125,32,74,0,231,0,0,109,0,109,125,32,183,0,340,22,0,22,362
07/11/2004,BUR,CA,AWP,WE,Combined TRACON& Tower with Radar,123,17,72,0,212,23,0,60,0,83,146,17,132,0,295,58,0,58,353
07/12/2004,BUR,CA,AWP,WE,Combined TRACON& Tower with Radar,138,53,81,1,273,7,14,52,1,74,145,67,133,2,347,38,0,38,385
07/13/2004,BUR,CA,AWP,WE,Combined TRACON& Tower with Radar,178,72,109,0,359,0,28,86,0,114,178,100,195,0,473,66,0,66,539
07/14/2004,BUR,CA,AWP,WE,Combined TRACON& Tower with Radar,165,64,97,0,326,16,13,52,0,81,181,77,149,0,407,98,0,98,505
07/15/2004,BUR,CA,AWP,WE,Combined TRACON& Tower with Radar,187,72,109,0,368,1,32,76,0,109,188,104,185,0,477,20,0,20,497
07/16/2004,BUR,CA,AWP,WE,Combined TRACON& Tower with Radar,199,85,128,1,413,0,8,102,11,121,199,93,230,12,534,43,0,43,577
07/17/2004,BUR,CA,AWP,WE,Combined TRACON& Tower with Radar,111,32,64,1,208,19,0,56,3,78,130,32,120,4,286,68,0,68,354
07/18/2004,BUR,CA,AWP,WE,Combined TRACON& Tower with Radar,139,31,80,0,250,13,0,52,0,65,152,31,132,0,315,100,0,100,415
07/19/2004,BUR,CA,AWP,WE,Combined TRACON& Tower with Radar,167,71,106,0,344,0,8,104,0,112,167,79,210,0,456,70,0,70,526
07/20/2004,BUR,CA,AWP,WE,Combined TRACON& Tower with Radar,166,63,96,0,325,2,26,50,0,78,168,89,146,0,403,127,0,127,530
07/21/2004,BUR,CA,AWP,WE,Combined TRACON& Tower with Radar,176,68,102,0,346,0,37,82,0,119,176,105,184,0,465,22,0,22,487
07/22/2004,BUR,CA,AWP,WE,Combined TRACON& Tower with Radar,173,76,113,0,362,0,61,74,0,135,173,137,187,0,497,202,0,202,699
07/23/2004,BUR,CA,AWP,WE,Combined TRACON& Tower with Radar,167,75,114,0,356,0,10,96,0,106,167,85,210,0,462,160,0,160,622
07/24/2004,BUR,CA,AWP,WE,Combined TRACON& Tower with Radar,106,26,61,0,193,20,0,67,0,87,126,26,128,0,280,100,0,100,380
07/25/2004,BUR,CA,AWP,WE,Combined TRACON& Tower with Radar,139,36,80,0,255,17,0,47,0,64,156,36,127,0,319,0,0,0,319
07/26/2004,BUR,CA,AWP,WE,Combined TRACON& Tower with Radar,117,44,67,0,228,43,47,60,0,150,160,91,127,0,378,78,0,78,456
07/27/2004,BUR,CA,AWP,WE,Combined TRACON& Tower with Radar,179,73,110,1,363,0,36,60,3,99,179,109,170,4,462,24,0,24,486
07/28/2004,BUR,CA,AWP,WE,Combined TRACON& Tower with Radar,175,75,113,0,363,0,59,54,0,113,175,134,167,0,476,172,0,172,648
07/29/2004,BUR,CA,AWP,WE,Combined TRACON& Tower with Radar,169,72,108,1,350,0,44,61,0,105,169,116,169,1,455,70,0,70,525
07/30/2004,BUR,CA,AWP,WE,Combined TRACON& Tower with Radar,171,71,107,0,349,0,41,67,0,108,171,112,174,0,457,92,0,92,549
07/31/2004,BUR,CA,AWP,WE,Combined TRACON& Tower with Radar,116,24,68,0,208,14,0,47,0,61,130,24,115,0,269,26,0,26,295
08/01/2004,BUR,CA,AWP,WE,Combined TRACON& Tower with Radar,151,53,99,0,303,0,0,79,0,79,151,53,178,0,382,78,0,78,460
08/02/2004,BUR,CA,AWP,WE,Combined TRACON& Tower with Radar,154,65,96,0,315,8,4,36,2,50,162,69,132,2,365,128,0,128,493
08/03/2004,BUR,CA,AWP,WE,Combined TRACON& Tower with Radar,166,73,108,0,347,0,37,50,2,89,166,110,158,2,436,40,0,40,476
08/04/2004,BUR,CA,AWP,WE,Combined TRACON& Tower with Radar,150,79,118,0,347,0,88,104,0,192,150,167,222,0,539,58,0,58,597
08/05/2004,BUR,CA,AWP,WE,Combined TRACON& Tower with Radar,151,63,56,0,270,20,15,0,2,37,171,78,56,2,307,235,0,235,542
08/06/2004,BUR,CA,AWP,WE,Combined TRACON& Tower with Radar,156,73,110,0,339,0,55,97,0,152,156,128,207,0,491,148,0,148,639
08/07/2004,BUR,CA,AWP,WE,Combined TRACON& Tower with Radar,114,31,71,0,216,21,0,56,1,78,135,31,127,1,294,34,0,34,328
08/08/2004,BUR,CA,AWP,WE,Combined TRACON& Tower with Radar,141,46,88,0,275,1,0,68,0,69,142,46,156,0,344,82,0,82,426
08/09/2004,BUR,CA,AWP,WE,Combined TRACON& Tower with Radar,140,58,88,0,286,8,17,63,4,92,148,75,151,4,378,84,0,84,462
08/10/2004,BUR,CA,AWP,WE,Combined TRACON& Tower with Radar,152,65,96,0,313,0,25,56,3,84,152,90,152,3,397,6,0,6,403
08/11/2004,BUR,CA,AWP,WE,Combined TRACON& Tower with Radar,153,63,96,1,313,3,24,58,0,85,156,87,154,1,398,98,0,98,496
08/12/2004,BUR,CA,AWP,WE,Combined TRACON& Tower with Radar,156,74,113,0,343,0,56,67,0,123,156,130,180,0,466,0,0,0,466
08/13/2004,BUR,CA,AWP,WE,Combined TRACON& Tower with Radar,149,73,110,0,332,0,41,82,0,123,149,114,192,0,455,120,0,120,575
08/14/2004,BUR,CA,AWP,WE,Combined TRACON& Tower with Radar,104,24,65,0,193,19,0,56,0,75,123,24,121,0,268,56,0,56,324
08/15/2004,BUR,CA,AWP,WE,Combined TRACON& Tower with Radar,146,55,92,0,293,0,0,70,0,70,146,55,162,0,363,106,0,106,469
08/16/2004,BUR,CA,AWP,WE,Combined TRACON& Tower with Radar,140,57,88,1,286,7,6,38,0,51,147,63,126,1,337,76,0,76,413
08/17/2004,BUR,CA,AWP,WE,Combined TRACON& Tower with Radar,163,67,100,0,330,3,27,58,0,88,166,94,158,0,418,54,0,54,472
08/18/2004,BUR,CA,AWP,WE,Combined TRACON& Tower with Radar,165,72,109,0,346,0,34,87,0,121,165,106,196,0,467,240,0,240,707
08/19/2004,BUR,CA,AWP,WE,Combined TRACON& Tower with Radar,165,72,108,1,346,0,26,82,0,108,165,98,190,1,454,76,0,76,530
08/20/2004,BUR,CA,AWP,WE,Combined TRACON& Tower with Radar,155,69,103,0,327,0,32,81,0,113,155,101,184,0,440,84,0,84,524
08/21/2004,BUR,CA,AWP,WE,Combined TRACON& Tower with Radar,126,30,77,0,233,8,0,63,0,71,134,30,140,0,304,54,0,54,358
08/22/2004,BUR,CA,AWP,WE,Combined TRACON& Tower with Radar,133,30,81,0,244,12,0,77,0,89,145,30,158,0,333,46,0,46,379
08/23/2004,BUR,CA,AWP,WE,Combined TRACON& Tower with Radar,166,66,104,0,336,0,0,88,0,88,166,66,192,0,424,119,0,119,543
08/24/2004,BUR,CA,AWP,WE,Combined TRACON& Tower with Radar,117,47,71,1,236,45,53,84,1,183,162,100,155,2,419,138,0,138,557
08/25/2004,BUR,CA,AWP,WE,Combined TRACON& Tower with Radar,161,71,107,0,339,0,34,72,0,106,161,105,179,0,445,60,0,60,505
08/26/2004,BUR,CA,AWP,WE,Combined TRACON& Tower with Radar,116,47,71,0,234,38,42,71,2,153,154,89,142,2,387,68,0,68,455
08/27/2004,BUR,CA,AWP,WE,Combined TRACON& Tower with Radar,152,62,93,0,307,1,11,47,0,59,153,73,140,0,366,68,0,68,434
08/28/2004,BUR,CA,AWP,WE,Combined TRACON& Tower with Radar,121,32,75,0,228,7,0,75,0,82,128,32,150,0,310,84,0,84,394
08/29/2004,BUR,CA,AWP,WE,Combined TRACON& Tower with Radar,144,39,91,0,274,0,0,95,0,95,144,39,186,0,369,108,0,108,477
08/30/2004,BUR,CA,AWP,WE,Combined TRACON& Tower with Radar,135,55,84,0,274,16,14,37,0,67,151,69,121,0,341,122,0,122,463
08/31/2004,BUR,CA,AWP,WE,Combined TRACON& Tower with Radar,142,68,104,0,314,0,51,60,2,113,142,119,164,2,427,174,0,174,601
09/01/2004,BUR,CA,AWP,WE,Combined TRACON& Tower with Radar,155,71,103,0,329,2,15,84,0,101,157,86,187,0,430,150,0,150,580
09/02/2004,BUR,CA,AWP,WE,Combined TRACON& Tower with Radar,156,71,104,0,331,14,18,73,4,109,170,89,177,4,440,48,0,48,488
09/03/2004,BUR,CA,AWP,WE,Combined TRACON& Tower with Radar,144,77,112,0,333,0,19,96,0,115,144,96,208,0,448,70,0,70,518
09/04/2004,BUR,CA,AWP,WE,Combined TRACON& Tower with Radar,113,33,75,0,221,3,0,64,2,69,116,33,139,2,290,28,0,28,318
09/05/2004,BUR,CA,AWP,WE,Combined TRACON& Tower with Radar,84,22,38,0,144,35,0,0,0,35,119,22,38,0,179,6,0,6,185
09/06/2004,BUR,CA,AWP,WE,Combined TRACON& Tower with Radar,121,31,80,0,232,34,0,40,0,74,155,31,120,0,306,108,0,108,414
09/07/2004,BUR,CA,AWP,WE,Combined TRACON& Tower with Radar,132,60,87,0,279,15,17,40,0,72,147,77,127,0,351,16,0,16,367
09/08/2004,BUR,CA,AWP,WE,Combined TRACON& Tower with Radar,173,78,115,0,366,7,28,65,0,100,180,106,180,0,466,50,0,50,516
09/09/2004,BUR,CA,AWP,WE,Combined TRACON& Tower with Radar,169,77,113,0,359,0,39,70,2,111,169,116,183,2,470,88,0,88,558
09/10/2004,BUR,CA,AWP,WE,Combined TRACON& Tower with Radar,152,68,101,0,321,0,18,62,0,80,152,86,163,0,401,94,0,94,495
09/11/2004,BUR,CA,AWP,WE,Combined TRACON& Tower with Radar,109,42,73,0,224,5,0,59,0,64,114,42,132,0,288,68,0,68,356
09/12/2004,BUR,CA,AWP,WE,Combined TRACON& Tower with Radar,147,47,101,0,295,0,0,85,0,85,147,47,186,0,380,66,0,66,446
09/13/2004,BUR,CA,AWP,WE,Combined TRACON& Tower with Radar,142,67,99,0,308,0,27,69,0,96,142,94,168,0,404,36,0,36,440
09/14/2004,BUR,CA,AWP,WE,Combined TRACON& Tower with Radar,144,71,107,0,322,0,49,42,0,91,144,120,149,0,413,30,0,30,443
09/15/2004,BUR,CA,AWP,WE,Combined TRACON& Tower with Radar,153,73,107,1,334,0,11,77,2,90,153,84,184,3,424,70,0,70,494
09/16/2004,BUR,CA,AWP,WE,Combined TRACON& Tower with Radar,176,82,121,1,380,0,34,72,0,106,176,116,193,1,486,48,0,48,534
09/17/2004,BUR,CA,AWP,WE,Combined TRACON& Tower with Radar,165,80,118,0,363,0,7,59,0,66,165,87,177,0,429,94,0,94,523
09/18/2004,BUR,CA,AWP,WE,Combined TRACON& Tower with Radar,106,33,69,0,208,10,0,48,0,58,116,33,117,0,266,50,0,50,316
09/19/2004,BUR,CA,AWP,WE,Combined TRACON& Tower with Radar,143,44,103,0,290,0,0,91,0,91,143,44,194,0,381,104,0,104,485
09/20/2004,BUR,CA,AWP,WE,Combined TRACON& Tower with Radar,141,63,93,0,297,0,20,65,0,85,141,83,158,0,382,26,0,26,408
09/21/2004,BUR,CA,AWP,WE,Combined TRACON& Tower with Radar,145,64,94,1,304,6,30,33,3,72,151,94,127,4,376,8,0,8,384
09/22/2004,BUR,CA,AWP,WE,Combined TRACON& Tower with Radar,145,64,95,0,304,2,20,62,0,84,147,84,157,0,388,86,0,86,474
09/23/2004,BUR,CA,AWP,WE,Combined TRACON& Tower with Radar,169,75,111,1,356,0,46,81,1,128,169,121,192,2,484,24,0,24,508
09/24/2004,BUR,CA,AWP,WE,Combined TRACON& Tower with Radar,118,52,77,0,247,29,24,92,0,145,147,76,169,0,392,102,0,102,494
09/25/2004,BUR,CA,AWP,WE,Combined TRACON& Tower with Radar,105,29,69,0,203,4,0,73,0,77,109,29,142,0,280,14,0,14,294
09/26/2004,BUR,CA,AWP,WE,Combined TRACON& Tower with Radar,128,37,85,0,250,22,0,80,0,102,150,37,165,0,352,44,0,44,396
09/27/2004,BUR,CA,AWP,WE,Combined TRACON& Tower with Radar,148,72,107,0,327,0,7,50,0,57,148,79,157,0,384,28,0,28,412
09/28/2004,BUR,CA,AWP,WE,Combined TRACON& Tower with Radar,141,71,105,0,317,0,24,55,2,81,141,95,160,2,398,70,0,70,468
09/29/2004,BUR,CA,AWP,WE,Combined TRACON& Tower with Radar,160,79,118,0,357,0,29,39,0,68,160,108,157,0,425,38,0,38,463
09/30/2004,BUR,CA,AWP,WE,Combined TRACON& Tower with Radar,150,81,120,0,351,0,29,39,0,68,150,110,159,0,419,20,0,20,439
10/01/2004,BUR,CA,AWP,WE,Combined TRACON& Tower with Radar,152,98,113,0,363,0,8,335,0,343,152,106,448,0,706,54,0,54,760
10/02/2004,BUR,CA,AWP,WE,Combined TRACON& Tower with Radar,121,34,108,0,263,0,11,336,0,347,121,45,444,0,610,90,0,90,700
10/03/2004,BUR,CA,AWP,WE,Combined TRACON& Tower with Radar,124,61,110,0,295,0,15,342,0,357,124,76,452,0,652,60,0,60,712
10/04/2004,BUR,CA,AWP,WE,Combined TRACON& Tower with Radar,140,95,404,0,639,0,0,0,0,0,140,95,404,0,639,22,0,22,661
10/05/2004,BUR,CA,AWP,WE,Combined TRACON& Tower with Radar,143,91,49,0,283,0,20,408,1,429,143,111,457,1,712,102,1,103,815
10/06/2004,BUR,CA,AWP,WE,Combined TRACON& Tower with Radar,156,93,93,1,343,0,16,260,5,281,156,109,353,6,624,30,0,30,654
10/07/2004,BUR,CA,AWP,WE,Combined TRACON& Tower with Radar,161,107,63,0,331,0,22,360,2,384,161,129,423,2,715,70,0,70,785
10/08/2004,BUR,CA,AWP,WE,Combined TRACON& Tower with Radar,159,85,127,0,371,0,39,414,0,453,159,124,541,0,824,68,0,68,892
10/09/2004,BUR,CA,AWP,WE,Combined TRACON& Tower with Radar,120,44,67,0,231,0,6,277,0,283,120,50,344,0,514,70,0,70,584
10/10/2004,BUR,CA,AWP,WE,Combined TRACON& Tower with Radar,138,48,129,0,315,0,0,352,0,352,138,48,481,0,667,108,0,108,775
10/11/2004,BUR,CA,AWP,WE,Combined TRACON& Tower with Radar,147,52,103,0,302,0,19,399,3,421,147,71,502,3,723,84,0,84,807
10/12/2004,BUR,CA,AWP,WE,Combined TRACON& Tower with Radar,149,85,102,3,339,0,13,390,0,403,149,98,492,3,742,100,0,100,842
10/13/2004,BUR,CA,AWP,WE,Combined TRACON& Tower with Radar,143,79,103,0,325,0,3,326,0,329,143,82,429,0,654,0,0,0,654
10/14/2004,BUR,CA,AWP,WE,Combined TRACON& Tower with Radar,164,90,70,3,327,0,46,539,0,585,164,136,609,3,912,162,0,162,1074
10/15/2004,BUR,CA,AWP,WE,Combined TRACON& Tower with Radar,143,80,84,0,307,0,22,305,0,327,143,102,389,0,634,36,0,36,670
10/16/2004,BUR,CA,AWP,WE,Combined TRACON& Tower with Radar,105,36,115,0,256,10,3,290,0,303,115,39,405,0,559,74,0,74,633
10/17/2004,BUR,CA,AWP,WE,Combined TRACON& Tower with Radar,139,47,79,0,265,0,0,286,0,286,139,47,365,0,551,94,0,94,645
10/18/2004,BUR,CA,AWP,WE,Combined TRACON& Tower with Radar,152,72,109,0,333,0,1,253,0,254,152,73,362,0,587,52,0,52,639
10/19/2004,BUR,CA,AWP,WE,Combined TRACON& Tower with Radar,141,95,118,3,357,0,1,309,0,310,141,96,427,3,667,126,0,126,793
10/20/2004,BUR,CA,AWP,WE,Combined TRACON& Tower with Radar,153,94,73,0,320,0,0,322,0,322,153,94,395,0,642,96,0,96,738
10/21/2004,BUR,CA,AWP,WE,Combined TRACON& Tower with Radar,149,89,53,1,292,0,28,404,2,434,149,117,457,3,726,40,0,40,766
10/22/2004,BUR,CA,AWP,WE,Combined TRACON& Tower with Radar,149,91,124,0,364,0,42,433,0,475,149,133,557,0,839,96,0,96,935
10/23/2004,BUR,CA,AWP,WE,Combined TRACON& Tower with Radar,119,37,113,0,269,0,13,400,0,413,119,50,513,0,682,142,0,142,824
10/24/2004,BUR,CA,AWP,WE,Combined TRACON& Tower with Radar,138,48,90,0,276,0,0,329,0,329,138,48,419,0,605,100,0,100,705
10/25/2004,BUR,CA,AWP,WE,Combined TRACON& Tower with Radar,164,88,142,2,396,0,11,398,0,409,164,99,540,2,805,60,0,60,865
10/26/2004,BUR,CA,AWP,WE,Combined TRACON& Tower with Radar,131,122,83,2,338,0,6,215,0,221,131,128,298,2,559,8,0,8,567
10/27/2004,BUR,CA,AWP,WE,Combined TRACON& Tower with Radar,142,104,73,0,319,0,4,257,0,261,142,108,330,0,580,40,0,40,620
10/28/2004,BUR,CA,AWP,WE,Combined TRACON& Tower with Radar,168,111,119,0,398,0,33,416,0,449,168,144,535,0,847,66,0,66,913
10/29/2004,BUR,CA,AWP,WE,Combined TRACON& Tower with Radar,149,82,85,0,316,0,13,304,0,317,149,95,389,0,633,24,0,24,657
10/30/2004,BUR,CA,AWP,WE,Combined TRACON& Tower with Radar,128,34,80,0,242,0,0,0,0,0,128,34,80,0,242,38,0,38,280
10/31/2004,BUR,CA,AWP,WE,Combined TRACON& Tower with Radar,142,39,128,0,309,0,1,316,0,317,142,40,444,0,626,46,0,46,672
11/01/2004,BUR,CA,AWP,WE,Towers with Radar,140,83,70,1,294,0,21,272,0,293,140,104,342,1,587,14,0,14,601
11/02/2004,BUR,CA,AWP,WE,Towers with Radar,172,90,129,2,393,0,15,333,0,348,172,105,462,2,741,6,0,6,747
11/03/2004,BUR,CA,AWP,WE,Towers with Radar,155,93,67,0,315,0,14,304,0,318,155,107,371,0,633,38,0,38,671
11/04/2004,BUR,CA,AWP,WE,Towers with Radar,156,97,56,4,313,0,12,506,0,518,156,109,562,4,831,96,0,96,927
11/05/2004,BUR,CA,AWP,WE,Towers with Radar,147,89,121,2,359,0,41,543,0,584,147,130,664,2,943,96,0,96,1039
11/06/2004,BUR,CA,AWP,WE,Towers with Radar,123,39,77,1,240,0,7,413,1,421,123,46,490,2,661,150,0,150,811
11/07/2004,BUR,CA,AWP,WE,Towers with Radar,141,33,70,3,247,0,0,179,0,179,141,33,249,3,426,12,0,12,438
11/08/2004,BUR,CA,AWP,WE,Towers with Radar,154,80,111,0,345,0,16,356,1,373,154,96,467,1,718,2,0,2,720
11/09/2004,BUR,CA,AWP,WE,Towers with Radar,149,116,88,2,355,0,7,336,0,343,149,123,424,2,698,44,2,46,744
11/10/2004,BUR,CA,AWP,WE,Towers with Radar,153,92,72,0,317,0,16,331,0,347,153,108,403,0,664,48,0,48,712
11/11/2004,BUR,CA,AWP,WE,Towers with Radar,149,80,86,0,315,0,45,53,2,100,149,125,139,2,415,28,0,28,443
11/12/2004,BUR,CA,AWP,WE,Towers with Radar,156,66,104,0,326,0,59,58,0,117,156,125,162,0,443,12,0,12,455
11/13/2004,BUR,CA,AWP,WE,Towers with Radar,113,46,115,0,274,0,57,129,0,186,113,103,244,0,460,106,0,106,566
11/14/2004,BUR,CA,AWP,WE,Towers with Radar,145,51,59,0,255,0,61,342,0,403,145,112,401,0,658,44,0,44,702
11/15/2004,BUR,CA,AWP,WE,Towers with Radar,152,72,98,0,322,0,35,54,0,89,152,107,152,0,411,26,0,26,437
11/16/2004,BUR,CA,AWP,WE,Towers with Radar,148,91,64,4,307,0,55,74,0,129,148,146,138,4,436,28,0,28,464
11/17/2004,BUR,CA,AWP,WE,Towers with Radar,150,90,98,0,338,0,63,44,0,107,150,153,142,0,445,16,0,16,461
11/18/2004,BUR,CA,AWP,WE,Towers with Radar,173,96,138,3,410,0,70,52,0,122,173,166,190,3,532,4,0,4,536
11/19/2004,BUR,CA,AWP,WE,Towers with Radar,174,104,150,0,428,0,57,52,0,109,174,161,202,0,537,28,0,28,565
11/20/2004,BUR,CA,AWP,WE,Towers with Radar,138,42,89,0,269,0,64,94,2,160,138,106,183,2,429,84,0,84,513
11/21/2004,BUR,CA,AWP,WE,Towers with Radar,142,40,96,1,279,0,28,25,0,53,142,68,121,1,332,20,0,20,352
11/22/2004,BUR,CA,AWP,WE,Towers with Radar,154,83,105,0,342,0,58,65,1,124,154,141,170,1,466,44,1,45,511
11/23/2004,BUR,CA,AWP,WE,Towers with Radar,138,119,91,0,348,0,72,161,0,233,138,191,252,0,581,142,0,142,723
11/24/2004,BUR,CA,AWP,WE,Towers with Radar,150,103,92,0,345,0,75,158,0,233,150,178,250,0,578,144,0,144,722
11/25/2004,BUR,CA,AWP,WE,Towers with Radar,100,48,48,0,196,0,34,31,0,65,100,82,79,0,261,30,0,30,291
11/26/2004,BUR,CA,AWP,WE,Towers with Radar,110,68,48,2,228,0,45,40,0,85,110,113,88,2,313,36,0,36,349
11/27/2004,BUR,CA,AWP,WE,Towers with Radar,127,60,58,0,245,0,15,20,0,35,127,75,78,0,280,19,0,19,299
11/28/2004,BUR,CA,AWP,WE,Towers with Radar,155,56,144,0,355,0,48,7,0,55,155,104,151,0,410,4,0,4,414
11/29/2004,BUR,CA,AWP,WE,Towers with Radar,143,79,54,0,276,0,40,107,0,147,143,119,161,0,423,78,0,78,501
11/30/2004,BUR,CA,AWP,WE,Towers with Radar,150,86,102,1,339,0,60,178,0,238,150,146,280,1,577,140,0,140,717
12/01/2004,BUR,CA,AWP,WE,Towers with Radar,141,106,46,0,293,0,88,96,0,184,141,194,142,0,477,82,0,82,559
12/02/2004,BUR,CA,AWP,WE,Towers with Radar,172,114,72,3,361,0,91,142,1,234,172,205,214,4,595,72,0,72,667
12/03/2004,BUR,CA,AWP,WE,Towers with Radar,157,80,127,0,364,0,87,134,0,221,157,167,261,0,585,110,0,110,695
12/04/2004,BUR,CA,AWP,WE,Towers with Radar,121,44,90,0,255,0,52,105,0,157,121,96,195,0,412,98,0,98,510
12/05/2004,BUR,CA,AWP,WE,Towers with Radar,121,44,90,0,255,0,52,105,0,157,121,96,195,0,412,98,0,98,510
12/06/2004,BUR,CA,AWP,WE,Towers with Radar,137,85,75,0,297,0,44,104,0,148,137,129,179,0,445,90,0,90,535
12/07/2004,BUR,CA,AWP,WE,Towers with Radar,138,125,102,0,365,0,40,132,0,172,138,165,234,0,537,122,0,122,659
12/08/2004,BUR,CA,AWP,WE,Towers with Radar,139,116,95,0,350,0,45,123,0,168,139,161,218,0,518,116,0,116,634
12/09/2004,BUR,CA,AWP,WE,Towers with Radar,170,186,151,0,507,0,68,64,0,132,170,254,215,0,639,48,0,48,687
12/10/2004,BUR,CA,AWP,WE,Towers with Radar,157,84,120,0,361,0,67,99,0,166,157,151,219,0,527,84,0,84,611
12/11/2004,BUR,CA,AWP,WE,Towers with Radar,112,46,59,0,217,0,53,52,0,105,112,99,111,0,322,48,0,48,370
12/12/2004,BUR,CA,AWP,WE,Towers with Radar,142,44,72,0,258,0,25,39,0,64,142,69,111,0,322,39,0,39,361
12/13/2004,BUR,CA,AWP,WE,Towers with Radar,153,90,108,0,351,0,37,27,0,64,153,127,135,0,415,24,0,24,439
12/14/2004,BUR,CA,AWP,WE,Towers with Radar,131,105,106,2,344,0,57,67,1,125,131,162,173,3,469,44,1,45,514
12/15/2004,BUR,CA,AWP,WE,Towers with Radar,145,94,68,0,307,0,67,52,0,119,145,161,120,0,426,40,0,40,466
12/16/2004,BUR,CA,AWP,WE,Towers with Radar,151,104,78,0,333,0,59,27,0,86,151,163,105,0,419,0,0,0,419
12/17/2004,BUR,CA,AWP,WE,Towers with Radar,146,86,111,0,343,0,65,109,5,179,146,151,220,5,522,86,5,91,613
12/18/2004,BUR,CA,AWP,WE,Towers with Radar,111,34,110,0,255,0,43,111,0,154,111,77,221,0,409,98,0,98,507
12/19/2004,BUR,CA,AWP,WE,Towers with Radar,131,49,87,0,267,0,771,46,2,819,131,820,133,2,1086,46,2,48,1134
12/20/2004,BUR,CA,AWP,WE,Towers with Radar,139,87,144,0,370,0,55,14,0,69,139,142,158,0,439,22,0,22,461
12/21/2004,BUR,CA,AWP,WE,Towers with Radar,150,115,56,0,321,0,56,41,1,98,150,171,97,1,419,22,1,23,442
12/22/2004,BUR,CA,AWP,WE,Towers with Radar,153,126,66,0,345,0,82,70,0,152,153,208,136,0,497,46,0,46,543
12/23/2004,BUR,CA,AWP,WE,Towers with Radar,143,98,79,0,320,0,49,73,0,122,143,147,152,0,442,62,0,62,504
12/24/2004,BUR,CA,AWP,WE,Towers with Radar,120,108,87,2,317,0,0,0,0,0,120,108,87,2,317,16,0,16,333
12/25/2004,BUR,CA,AWP,WE,Towers with Radar,137,33,63,0,233,0,33,1,0,34,137,66,64,0,267,0,0,0,267
12/26/2004,BUR,CA,AWP,WE,Towers with Radar,134,45,98,0,277,0,21,41,0,62,134,66,139,0,339,38,0,38,377
12/27/2004,BUR,CA,AWP,WE,Towers with Radar,140,74,31,2,247,0,17,22,0,39,140,91,53,2,286,18,0,18,304
12/28/2004,BUR,CA,AWP,WE,Towers with Radar,140,97,42,0,279,0,15,34,0,49,140,112,76,0,328,34,0,34,362
12/29/2004,BUR,CA,AWP,WE,Towers with Radar,149,107,86,1,343,0,25,70,1,96,149,132,156,2,439,66,0,66,505
12/30/2004,BUR,CA,AWP,WE,Towers with Radar,164,125,134,0,423,0,43,82,0,125,164,168,216,0,548,72,0,72,620
12/31/2004,BUR,CA,AWP,WE,Towers with Radar,127,92,54,0,273,0,26,19,0,45,127,118,73,0,318,18,0,18,336
01/01/2005,BUR,CA,AWP,WE,Towers with Radar,141,66,121,1,329,0,19,10,8,37,141,85,131,9,366,100,8,108,474
01/02/2005,BUR,CA,AWP,WE,Towers with Radar,146,60,163,0,369,0,15,7,0,22,146,75,170,0,391,6,0,6,397
01/03/2005,BUR,CA,AWP,WE,Towers with Radar,148,78,76,0,302,0,11,0,0,11,148,89,76,0,313,10,0,10,323
01/04/2005,BUR,CA,AWP,WE,Towers with Radar,145,117,50,0,312,0,41,31,0,72,145,158,81,0,384,22,0,22,406
01/05/2005,BUR,CA,AWP,WE,Towers with Radar,142,106,80,0,328,0,52,147,2,201,142,158,227,2,529,136,2,138,667
01/06/2005,BUR,CA,AWP,WE,Towers with Radar,172,94,67,2,335,0,54,51,0,105,172,148,118,2,440,28,0,28,468
01/07/2005,BUR,CA,AWP,WE,Towers with Radar,146,90,62,0,298,0,5,0,0,5,146,95,62,0,303,0,0,0,303
01/08/2005,BUR,CA,AWP,WE,Towers with Radar,118,37,67,0,222,0,2,4,0,6,118,39,71,0,228,0,0,0,228
01/09/2005,BUR,CA,AWP,WE,Towers with Radar,129,40,56,0,225,0,0,0,0,0,129,40,56,0,225,0,0,0,225
01/10/2005,BUR,CA,AWP,WE,Towers with Radar,150,90,35,0,275,0,0,0,0,0,150,90,35,0,275,0,0,0,275
01/11/2005,BUR,CA,AWP,WE,Towers with Radar,140,107,70,0,317,0,39,32,4,75,140,146,102,4,392,26,0,26,418
01/12/2005,BUR,CA,AWP,WE,Towers with Radar,140,101,82,0,323,0,55,72,0,127,140,156,154,0,450,58,0,58,508
01/13/2005,BUR,CA,AWP,WE,Towers with Radar,151,92,145,1,389,0,88,51,0,139,151,180,196,1,528,38,0,38,566
01/14/2005,BUR,CA,AWP,WE,Towers with Radar,152,91,98,1,342,0,76,147,0,223,152,167,245,1,565,129,0,129,694
01/15/2005,BUR,CA,AWP,WE,Towers with Radar,117,32,46,0,195,0,58,153,0,211,117,90,199,0,406,110,0,110,516
01/16/2005,BUR,CA,AWP,WE,Towers with Radar,131,32,83,0,246,0,38,62,0,100,131,70,145,0,346,62,0,62,408
01/17/2005,BUR,CA,AWP,WE,Towers with Radar,141,63,93,0,297,0,52,97,2,151,141,115,190,2,448,94,0,94,542
01/18/2005,BUR,CA,AWP,WE,Towers with Radar,140,70,56,2,268,0,77,71,0,148,140,147,127,2,416,60,0,60,476
01/19/2005,BUR,CA,AWP,WE,Towers with Radar,153,101,107,0,361,0,97,86,0,183,153,198,193,0,544,52,0,52,596
01/20/2005,BUR,CA,AWP,WE,Towers with Radar,162,103,131,0,396,0,75,91,8,174,162,178,222,8,570,60,0,60,630
01/21/2005,BUR,CA,AWP,WE,Towers with Radar,150,95,105,0,350,0,75,49,0,124,150,170,154,0,474,34,0,34,508
01/22/2005,BUR,CA,AWP,WE,Towers with Radar,105,48,66,0,219,0,46,67,0,113,105,94,133,0,332,62,0,62,394
01/23/2005,BUR,CA,AWP,WE,Towers with Radar,133,42,105,0,280,0,44,70,0,114,133,86,175,0,394,70,0,70,464
01/24/2005,BUR,CA,AWP,WE,Towers with Radar,139,88,68,1,296,0,44,60,0,104,139,132,128,1,400,42,0,42,442
01/25/2005,BUR,CA,AWP,WE,Towers with Radar,151,125,92,0,368,0,64,67,0,131,151,189,159,0,499,56,0,56,555
01/26/2005,BUR,CA,AWP,WE,Towers with Radar,149,122,100,0,371,0,44,71,0,115,149,166,171,0,486,64,0,64,550
01/27/2005,BUR,CA,AWP,WE,Towers with Radar,163,111,119,2,395,0,65,80,0,145,163,176,199,2,540,64,0,64,604
01/28/2005,BUR,CA,AWP,WE,Towers with Radar,140,95,104,0,339,0,26,60,1,87,140,121,164,1,426,44,0,44,470
01/29/2005,BUR,CA,AWP,WE,Towers with Radar,104,41,36,0,181,0,50,67,0,117,104,91,103,0,298,26,0,26,324
01/30/2005,BUR,CA,AWP,WE,Towers with Radar,134,63,85,0,282,0,41,69,0,110,134,104,154,0,392,68,0,68,460
01/31/2005,BUR,CA,AWP,WE,Towers with Radar,140,141,178,0,459,0,0,0,0,0,140,141,178,0,459,66,0,66,525
02/01/2005,BUR,CA,AWP,WE,Towers with Radar,154,112,93,1,360,0,68,70,1,139,154,180,163,2,499,56,0,56,555
02/02/2005,BUR,CA,AWP,WE,Towers with Radar,138,112,66,0,316,0,46,31,0,77,138,158,97,0,393,12,0,12,405
02/03/2005,BUR,CA,AWP,WE,Towers with Radar,148,108,104,0,360,0,59,73,0,132,148,167,177,0,492,40,0,40,532
02/04/2005,BUR,CA,AWP,WE,Towers with Radar,166,97,92,0,355,0,73,74,0,147,166,170,166,0,502,44,0,44,546
02/05/2005,BUR,CA,AWP,WE,Towers with Radar,113,64,88,0,265,0,48,60,0,108,113,112,148,0,373,56,0,56,429
02/06/2005,BUR,CA,AWP,WE,Towers with Radar,140,53,103,0,296,0,8,28,0,36,140,61,131,0,332,28,0,28,360
02/07/2005,BUR,CA,AWP,WE,Towers with Radar,135,103,86,0,324,0,18,0,1,19,135,121,86,1,343,2,0,2,345
02/08/2005,BUR,CA,AWP,WE,Towers with Radar,145,113,78,0,336,0,56,19,0,75,145,169,97,0,411,6,0,6,417
02/09/2005,BUR,CA,AWP,WE,Towers with Radar,146,103,70,0,319,0,60,43,1,104,146,163,113,1,423,12,0,12,435
02/10/2005,BUR,CA,AWP,WE,Towers with Radar,171,107,102,0,380,0,69,33,0,102,171,176,135,0,482,16,0,16,498
02/11/2005,BUR,CA,AWP,WE,Towers with Radar,148,112,107,0,367,0,3,2,0,5,148,115,109,0,372,0,0,0,372
02/12/2005,BUR,CA,AWP,WE,Towers with Radar,119,49,90,0,258,0,21,13,0,34,119,70,103,0,292,10,0,10,302
02/13/2005,BUR,CA,AWP,WE,Towers with Radar,143,53,118,0,314,0,8,18,0,26,143,61,136,0,340,18,0,18,358
02/14/2005,BUR,CA,AWP,WE,Towers with Radar,138,93,125,0,356,0,41,22,0,63,138,134,147,0,419,56,0,56,475
02/15/2005,BUR,CA,AWP,WE,Towers with Radar,153,115,96,0,364,0,66,14,0,80,153,181,110,0,444,2,0,2,446
02/16/2005,BUR,CA,AWP,WE,Towers with Radar,130,115,101,1,347,0,61,9,0,70,130,176,110,1,417,6,0,6,423
02/17/2005,BUR,CA,AWP,WE,Towers with Radar,144,129,114,3,390,0,32,11,0,43,144,161,125,3,433,4,0,4,437
02/18/2005,BUR,CA,AWP,WE,Towers with Radar,165,110,106,0,381,0,9,22,0,31,165,119,128,0,412,22,0,22,434
02/19/2005,BUR,CA,AWP,WE,Towers with Radar,111,64,52,1,228,0,10,24,0,34,111,74,76,1,262,24,0,24,286
02/20/2005,BUR,CA,AWP,WE,Towers with Radar,120,44,54,0,218,0,3,18,0,21,120,47,72,0,239,16,0,16,255
02/21/2005,BUR,CA,AWP,WE,Towers with Radar,153,61,44,0,258,0,7,0,0,7,153,68,44,0,265,0,0,0,265
02/22/2005,BUR,CA,AWP,WE,Towers with Radar,142,93,60,4,299,0,16,2,0,18,142,109,62,4,317,0,0,0,317
02/23/2005,BUR,CA,AWP,WE,Towers with Radar,141,133,65,1,340,0,41,9,1,51,141,174,74,2,391,0,0,0,391
02/24/2005,BUR,CA,AWP,WE,Towers with Radar,172,117,88,0,377,0,53,83,0,136,172,170,171,0,513,48,0,48,561
02/25/2005,BUR,CA,AWP,WE,Towers with Radar,134,97,100,0,331,0,38,32,0,70,134,135,132,0,401,8,0,8,409
02/26/2005,BUR,CA,AWP,WE,Towers with Radar,119,67,119,2,307,0,40,3,0,43,119,107,122,2,350,0,0,0,350
02/27/2005,BUR,CA,AWP,WE,Towers with Radar,137,52,115,0,304,0,30,51,0,81,137,82,166,0,385,48,0,48,433
02/28/2005,BUR,CA,AWP,WE,Towers with Radar,147,95,92,0,334,0,44,29,0,73,147,139,121,0,407,22,0,22,429
03/01/2005,BUR,CA,AWP,WE,Towers with Radar,137,117,83,0,337,0,56,12,0,68,137,173,95,0,405,2,0,2,407
03/02/2005,BUR,CA,AWP,WE,Towers with Radar,0,0,0,0,0,140,144,131,2,417,140,144,131,2,417,22,0,22,439
03/03/2005,BUR,CA,AWP,WE,Towers with Radar,159,135,113,1,408,0,58,6,0,64,159,193,119,1,472,0,0,0,472
03/04/2005,BUR,CA,AWP,WE,Towers with Radar,146,101,127,0,374,0,30,20,0,50,146,131,147,0,424,18,0,18,442
03/05/2005,BUR,CA,AWP,WE,Towers with Radar,117,51,70,0,238,0,31,46,0,77,117,82,116,0,315,44,0,44,359
03/06/2005,BUR,CA,AWP,WE,Towers with Radar,133,47,76,0,256,0,27,123,0,150,133,74,199,0,406,72,0,72,478
03/07/2005,BUR,CA,AWP,WE,Towers with Radar,143,94,67,1,305,0,0,0,0,0,143,94,67,1,305,0,0,0,305
03/08/2005,BUR,CA,AWP,WE,Towers with Radar,148,113,96,0,357,0,30,39,0,69,148,143,135,0,426,34,0,34,460
03/09/2005,BUR,CA,AWP,WE,Towers with Radar,129,83,60,0,272,0,45,23,12,80,129,128,83,12,352,16,6,22,374
03/10/2005,BUR,CA,AWP,WE,Towers with Radar,153,85,116,0,354,0,32,36,0,68,153,117,152,0,422,30,0,30,452
03/11/2005,BUR,CA,AWP,WE,Towers with Radar,146,79,95,0,320,0,54,54,0,108,146,133,149,0,428,46,0,46,474
03/12/2005,BUR,CA,AWP,WE,Towers with Radar,116,48,102,1,267,0,22,10,2,34,116,70,112,3,301,10,1,11,312
03/13/2005,BUR,CA,AWP,WE,Towers with Radar,143,49,82,0,274,0,37,219,0,256,143,86,301,0,530,174,0,174,704
03/14/2005,BUR,CA,AWP,WE,Towers with Radar,147,79,68,0,294,0,0,0,0,0,147,79,68,0,294,68,0,68,362
03/15/2005,BUR,CA,AWP,WE,Towers with Radar,135,109,65,0,309,0,74,94,0,168,135,183,159,0,477,70,4,74,551
03/16/2005,BUR,CA,AWP,WE,Towers with Radar,149,115,81,0,345,0,57,22,0,79,149,172,103,0,424,0,0,0,424
03/17/2005,BUR,CA,AWP,WE,Towers with Radar,154,118,97,0,369,0,71,20,8,99,154,189,117,8,468,0,8,8,476
03/18/2005,BUR,CA,AWP,WE,Towers with Radar,144,95,91,0,330,0,23,77,0,100,144,118,168,0,430,74,0,74,504
03/19/2005,BUR,CA,AWP,WE,Towers with Radar,113,53,55,0,221,0,18,0,0,18,113,71,55,0,239,0,0,0,239
03/20/2005,BUR,CA,AWP,WE,Towers with Radar,135,46,103,0,284,0,24,28,15,67,135,70,131,15,351,26,14,40,391
03/21/2005,BUR,CA,AWP,WE,Towers with Radar,142,82,99,1,324,0,44,8,6,58,142,126,107,7,382,4,2,6,388
03/22/2005,BUR,CA,AWP,WE,Towers with Radar,146,113,97,0,356,0,18,4,0,22,146,131,101,0,378,0,0,0,378
03/23/2005,BUR,CA,AWP,WE,Towers with Radar,162,106,67,0,335,0,58,47,0,105,162,164,114,0,440,36,0,36,476
03/24/2005,BUR,CA,AWP,WE,Towers with Radar,144,112,80,2,338,0,51,24,0,75,144,163,104,2,413,18,0,18,431
03/25/2005,BUR,CA,AWP,WE,Towers with Radar,140,95,105,0,340,0,72,44,0,116,140,167,149,0,456,16,0,16,472
03/26/2005,BUR,CA,AWP,WE,Towers with Radar,110,95,73,0,278,0,0,0,0,0,110,95,73,0,278,12,0,12,290
03/27/2005,BUR,CA,AWP,WE,Towers with Radar,134,91,122,1,348,0,0,0,0,0,134,91,122,1,348,34,0,34,382
03/28/2005,BUR,CA,AWP,WE,Towers with Radar,147,166,91,0,404,0,0,0,0,0,147,166,91,0,404,33,0,33,437
03/29/2005,BUR,CA,AWP,WE,Towers with Radar,138,101,78,0,317,0,83,19,0,102,138,184,97,0,419,4,0,4,423
03/30/2005,BUR,CA,AWP,WE,Towers with Radar,163,97,50,0,310,0,63,12,1,76,163,160,62,1,386,4,1,5,391
03/31/2005,BUR,CA,AWP,WE,Towers with Radar,162,95,77,0,334,0,61,38,0,99,162,156,115,0,433,16,0,16,449
04/01/2005,BUR,CA,AWP,WE,Towers with Radar,139,95,94,0,328,0,54,17,2,73,139,149,111,2,401,0,1,1,402
04/02/2005,BUR,CA,AWP,WE,Towers with Radar,105,100,86,0,291,0,0,0,0,0,105,100,86,0,291,22,0,22,313
04/03/2005,BUR,CA,AWP,WE,Towers with Radar,132,86,133,0,351,0,0,0,0,0,132,86,133,0,351,44,0,44,395
04/04/2005,BUR,CA,AWP,WE,Towers with Radar,145,95,73,0,313,0,0,0,0,0,145,95,73,0,313,24,0,24,337
04/05/2005,BUR,CA,AWP,WE,Towers with Radar,133,105,67,6,311,0,77,23,1,101,133,182,90,7,412,12,1,13,425
04/06/2005,BUR,CA,AWP,WE,Towers with Radar,153,100,93,0,346,0,58,30,3,91,153,158,123,3,437,14,1,15,452
04/07/2005,BUR,CA,AWP,WE,Towers with Radar,150,120,98,0,368,0,56,36,0,92,150,176,134,0,460,14,0,14,474
04/08/2005,BUR,CA,AWP,WE,Towers with Radar,161,95,118,0,374,0,46,3,0,49,161,141,121,0,423,4,0,4,427
04/09/2005,BUR,CA,AWP,WE,Towers with Radar,118,47,71,0,236,0,51,6,0,57,118,98,77,0,293,4,0,4,297
04/10/2005,BUR,CA,AWP,WE,Towers with Radar,125,47,64,0,236,0,44,8,0,52,125,91,72,0,288,8,0,8,296
04/11/2005,BUR,CA,AWP,WE,Towers with Radar,145,76,73,0,294,0,0,0,0,0,145,76,73,0,294,32,0,32,326
04/12/2005,BUR,CA,AWP,WE,Towers with Radar,140,107,56,3,306,0,57,22,1,80,140,164,78,4,386,4,0,4,390
04/13/2005,BUR,CA,AWP,WE,Towers with Radar,149,99,68,0,316,0,72,49,0,121,149,171,117,0,437,36,0,36,473
04/14/2005,BUR,CA,AWP,WE,Towers with Radar,142,115,74,0,331,0,72,40,0,112,142,187,114,0,443,18,0,18,461
04/15/2005,BUR,CA,AWP,WE,Towers with Radar,154,96,97,0,347,0,51,38,0,89,154,147,135,0,436,6,0,6,442
04/16/2005,BUR,CA,AWP,WE,Towers with Radar,121,90,115,0,326,0,0,0,0,0,121,90,115,0,326,30,0,30,356
04/17/2005,BUR,CA,AWP,WE,Towers with Radar,118,55,71,0,244,0,38,0,0,38,118,93,71,0,282,0,0,0,282
04/18/2005,BUR,CA,AWP,WE,Towers with Radar,138,110,84,0,332,0,16,1,0,17,138,126,85,0,349,0,0,0,349
04/19/2005,BUR,CA,AWP,WE,Towers with Radar,137,115,59,0,311,0,49,8,0,57,137,164,67,0,368,0,0,0,368
04/20/2005,BUR,CA,AWP,WE,Towers with Radar,150,106,101,0,357,0,70,31,0,101,150,176,132,0,458,8,0,8,466
04/21/2005,BUR,CA,AWP,WE,Towers with Radar,144,104,85,0,333,0,57,31,2,90,144,161,116,2,423,0,0,0,423
04/22/2005,BUR,CA,AWP,WE,Towers with Radar,146,88,101,0,335,0,45,41,0,86,146,133,142,0,421,24,0,24,445
04/23/2005,BUR,CA,AWP,WE,Towers with Radar,109,46,60,0,215,0,46,19,0,65,109,92,79,0,280,18,0,18,298
04/24/2005,BUR,CA,AWP,WE,Towers with Radar,146,51,102,0,299,0,17,0,0,17,146,68,102,0,316,0,0,0,316
04/25/2005,BUR,CA,AWP,WE,Towers with Radar,150,74,118,0,342,0,0,0,0,0,150,74,118,0,342,0,0,0,342
04/26/2005,BUR,CA,AWP,WE,Towers with Radar,127,107,91,3,328,0,59,21,0,80,127,166,112,3,408,6,0,6,414
04/27/2005,BUR,CA,AWP,WE,Towers with Radar,0,7,44,0,51,148,146,70,0,364,148,153,114,0,415,2,0,2,417
04/28/2005,BUR,CA,AWP,WE,Towers with Radar,140,130,122,0,392,0,50,19,0,69,140,180,141,0,461,4,0,4,465
04/29/2005,BUR,CA,AWP,WE,Towers with Radar,147,92,140,0,379,0,65,13,1,79,147,157,153,1,458,0,1,1,459
04/30/2005,BUR,CA,AWP,WE,Towers with Radar,127,51,112,0,290,0,50,11,0,61,127,101,123,0,351,6,0,6,357
05/01/2005,BUR,CA,AWP,WE,Towers with Radar,145,57,132,0,334,0,31,34,0,65,145,88,166,0,399,34,0,34,433
05/02/2005,BUR,CA,AWP,WE,Towers with Radar,141,69,86,0,296,0,0,0,0,0,141,69,86,0,296,36,0,36,332
05/03/2005,BUR,CA,AWP,WE,Towers with Radar,151,104,70,0,325,0,52,21,0,73,151,156,91,0,398,4,0,4,402
05/04/2005,BUR,CA,AWP,WE,Towers with Radar,143,117,112,0,372,0,45,5,0,50,143,162,117,0,422,0,0,0,422
05/05/2005,BUR,CA,AWP,WE,Towers with Radar,155,125,126,7,413,0,36,16,1,53,155,161,142,8,466,10,0,10,476
05/06/2005,BUR,CA,AWP,WE,Towers with Radar,144,116,108,0,368,0,57,33,1,91,144,173,141,1,459,18,1,19,478
05/07/2005,BUR,CA,AWP,WE,Towers with Radar,106,52,55,0,213,0,37,3,0,40,106,89,58,0,253,0,0,0,253
05/08/2005,BUR,CA,AWP,WE,Towers with Radar,122,52,38,0,212,0,29,57,0,86,122,81,95,0,298,12,0,12,310
05/09/2005,BUR,CA,AWP,WE,Towers with Radar,143,94,84,0,321,0,0,0,0,0,143,94,84,0,321,37,0,37,358
05/10/2005,BUR,CA,AWP,WE,Towers with Radar,143,93,68,0,304,0,72,36,11,119,143,165,104,11,423,18,7,25,448
05/11/2005,BUR,CA,AWP,WE,Towers with Radar,154,107,101,0,362,0,60,20,1,81,154,167,121,1,443,8,0,8,451
05/12/2005,BUR,CA,AWP,WE,Towers with Radar,146,114,122,1,383,0,81,39,0,120,146,195,161,1,503,18,0,18,521
05/13/2005,BUR,CA,AWP,WE,Towers with Radar,153,87,60,0,300,0,49,83,0,132,153,136,143,0,432,0,0,0,432
05/14/2005,BUR,CA,AWP,WE,Towers with Radar,114,55,62,0,231,0,46,19,1,66,114,101,81,1,297,8,1,9,306
05/15/2005,BUR,CA,AWP,WE,Towers with Radar,134,58,87,0,279,0,40,1,2,43,134,98,88,2,322,0,2,2,324
05/16/2005,BUR,CA,AWP,WE,Towers with Radar,148,92,107,0,347,0,0,0,2,2,148,92,107,2,349,42,0,42,391
05/17/2005,BUR,CA,AWP,WE,Towers with Radar,131,107,69,2,309,0,59,49,2,110,131,166,118,4,419,36,0,36,455
05/18/2005,BUR,CA,AWP,WE,Towers with Radar,140,118,70,0,328,0,75,106,0,181,140,193,176,0,509,36,0,36,545
05/19/2005,BUR,CA,AWP,WE,Towers with Radar,148,108,100,0,356,0,68,16,7,91,148,176,116,7,447,0,2,2,449
05/20/2005,BUR,CA,AWP,WE,Towers with Radar,134,95,133,0,362,0,58,8,0,66,134,153,141,0,428,0,0,0,428
05/21/2005,BUR,CA,AWP,WE,Towers with Radar,117,49,72,0,238,0,43,26,0,69,117,92,98,0,307,16,0,16,323
05/22/2005,BUR,CA,AWP,WE,Towers with Radar,115,65,76,0,256,0,34,0,0,34,115,99,76,0,290,0,0,0,290
05/23/2005,BUR,CA,AWP,WE,Towers with Radar,140,109,113,0,362,0,30,19,0,49,140,139,132,0,411,8,0,8,419
05/24/2005,BUR,CA,AWP,WE,Towers with Radar,136,127,102,0,365,0,43,15,0,58,136,170,117,0,423,2,0,2,425
05/25/2005,BUR,CA,AWP,WE,Towers with Radar,158,105,103,0,366,0,47,8,1,56,158,152,111,1,422,0,0,0,422
05/26/2005,BUR,CA,AWP,WE,Towers with Radar,147,121,93,1,362,0,40,24,0,64,147,161,117,1,426,12,0,12,438
05/27/2005,BUR,CA,AWP,WE,Towers with Radar,158,115,126,0,399,0,52,6,0,58,158,167,132,0,457,0,0,0,457
05/28/2005,BUR,CA,AWP,WE,Towers with Radar,108,55,78,0,241,0,36,0,0,36,108,91,78,0,277,0,0,0,277
05/29/2005,BUR,CA,AWP,WE,Towers with Radar,124,38,61,0,223,0,21,0,0,21,124,59,61,0,244,0,0,0,244
05/30/2005,BUR,CA,AWP,WE,Towers with Radar,125,56,92,0,273,0,0,6,0,6,125,56,98,0,279,50,0,50,329
05/31/2005,BUR,CA,AWP,WE,Towers with Radar,139,86,67,1,293,0,40,4,2,46,139,126,71,3,339,0,0,0,339
06/01/2005,BUR,CA,AWP,WE,Towers with Radar,157,118,135,0,410,0,39,23,0,62,157,157,158,0,472,10,0,10,482
06/02/2005,BUR,CA,AWP,WE,Towers with Radar,168,119,129,2,418,0,33,3,3,39,168,152,132,5,457,0,0,0,457
06/03/2005,BUR,CA,AWP,WE,Towers with Radar,158,95,148,0,401,0,51,9,9,69,158,146,157,9,470,0,0,0,470
06/04/2005,BUR,CA,AWP,WE,Towers with Radar,99,64,98,0,261,0,2,194,7,203,99,66,292,7,464,0,7,7,471
06/05/2005,BUR,CA,AWP,WE,Towers with Radar,123,51,85,0,259,0,0,169,0,169,123,51,254,0,428,16,0,16,444
06/06/2005,BUR,CA,AWP,WE,Towers with Radar,146,94,80,0,320,0,9,286,0,295,146,103,366,0,615,0,0,0,615
06/07/2005,BUR,CA,AWP,WE,Towers with Radar,143,125,55,0,323,0,16,291,0,307,143,141,346,0,630,12,0,12,642
06/08/2005,BUR,CA,AWP,WE,Towers with Radar,148,109,81,0,338,0,15,261,0,276,148,124,342,0,614,2,0,2,616
06/09/2005,BUR,CA,AWP,WE,Towers with Radar,175,124,138,0,437,0,18,211,0,229,175,142,349,0,666,20,0,20,686
06/10/2005,BUR,CA,AWP,WE,Towers with Radar,140,126,146,0,412,0,11,285,0,296,140,137,431,0,708,0,0,0,708
06/11/2005,BUR,CA,AWP,WE,Towers with Radar,119,59,114,0,292,0,1,228,0,229,119,60,342,0,521,24,0,24,545
06/12/2005,BUR,CA,AWP,WE,Towers with Radar,125,57,99,0,281,0,0,142,0,142,125,57,241,0,423,0,0,0,423
06/13/2005,BUR,CA,AWP,WE,Towers with Radar,140,99,100,0,339,0,0,0,0,0,140,99,100,0,339,30,0,30,369
06/14/2005,BUR,CA,AWP,WE,Towers with Radar,147,113,79,0,339,0,9,184,0,193,147,122,263,0,532,6,0,6,538
06/15/2005,BUR,CA,AWP,WE,Towers with Radar,162,124,137,0,423,0,15,260,0,275,162,139,397,0,698,0,0,0,698
06/16/2005,BUR,CA,AWP,WE,Towers with Radar,162,114,142,0,418,0,34,33,0,67,162,148,175,0,485,22,0,22,507
06/17/2005,BUR,CA,AWP,WE,Towers with Radar,165,133,144,4,446,0,50,0,0,50,165,183,144,4,496,2,0,2,498
06/18/2005,BUR,CA,AWP,WE,Towers with Radar,126,55,80,0,261,0,35,17,0,52,126,90,97,0,313,16,0,16,329
06/19/2005,BUR,CA,AWP,WE,Towers with Radar,130,57,66,0,253,0,33,12,0,45,130,90,78,0,298,12,0,12,310
06/20/2005,BUR,CA,AWP,WE,Towers with Radar,155,99,92,0,346,0,50,25,0,75,155,149,117,0,421,0,0,0,421
06/21/2005,BUR,CA,AWP,WE,Towers with Radar,140,115,87,1,343,0,57,62,0,119,140,172,149,1,462,38,0,38,500
06/22/2005,BUR,CA,AWP,WE,Towers with Radar,152,113,70,0,335,0,126,44,1,171,152,239,114,1,506,22,0,22,528
06/23/2005,BUR,CA,AWP,WE,Towers with Radar,153,110,78,0,341,0,62,47,2,111,153,172,125,2,452,24,2,26,478
06/24/2005,BUR,CA,AWP,WE,Towers with Radar,151,79,106,0,336,0,53,27,0,80,151,132,133,0,416,12,0,12,428
06/25/2005,BUR,CA,AWP,WE,Towers with Radar,127,41,40,0,208,0,2,295,0,297,127,43,335,0,505,26,0,26,531
06/26/2005,BUR,CA,AWP,WE,Towers with Radar,132,60,54,0,246,0,1,254,0,255,132,61,308,0,501,22,0,22,523
06/27/2005,BUR,CA,AWP,WE,Towers with Radar,149,84,69,0,302,0,7,278,0,285,149,91,347,0,587,0,0,0,587
06/28/2005,BUR,CA,AWP,WE,Towers with Radar,150,111,52,3,316,0,11,294,3,308,150,122,346,6,624,6,0,6,630
06/29/2005,BUR,CA,AWP,WE,Towers with Radar,146,114,58,0,318,0,10,308,3,321,146,124,366,3,639,4,0,4,643
06/30/2005,BUR,CA,AWP,WE,Towers with Radar,161,126,80,0,367,0,17,369,0,386,161,143,449,0,753,0,0,0,753
07/01/2005,BUR,CA,AWP,WE,Towers with Radar,152,122,58,0,332,0,11,336,5,352,152,133,394,5,684,2,0,2,686
07/02/2005,BUR,CA,AWP,WE,Towers with Radar,127,45,54,0,226,0,1,246,0,247,127,46,300,0,473,24,0,24,497
07/03/2005,BUR,CA,AWP,WE,Towers with Radar,106,46,28,0,180,0,1,184,0,185,106,47,212,0,365,10,0,10,375
07/04/2005,BUR,CA,AWP,WE,Towers with Radar,136,41,25,0,202,0,1,253,0,254,136,42,278,0,456,0,0,0,456
07/05/2005,BUR,CA,AWP,WE,Towers with Radar,158,82,68,2,310,0,9,204,2,215,158,91,272,4,525,6,0,6,531
07/06/2005,BUR,CA,AWP,WE,Towers with Radar,160,107,58,0,325,0,24,331,4,359,160,131,389,4,684,8,0,8,692
07/07/2005,BUR,CA,AWP,WE,Towers with Radar,149,109,56,0,314,0,18,413,0,431,149,127,469,0,745,40,0,40,785
07/08/2005,BUR,CA,AWP,WE,Towers with Radar,166,89,53,0,308,0,21,405,0,426,166,110,458,0,734,10,0,10,744
07/09/2005,BUR,CA,AWP,WE,Towers with Radar,134,50,49,0,233,0,4,271,0,275,134,54,320,0,508,0,0,0,508
07/10/2005,BUR,CA,AWP,WE,Towers with Radar,136,48,49,0,233,0,0,244,0,244,136,48,293,0,477,4,0,4,481
07/11/2005,BUR,CA,AWP,WE,Towers with Radar,155,70,48,4,277,0,11,257,1,269,155,81,305,5,546,10,0,10,556
07/12/2005,BUR,CA,AWP,WE,Towers with Radar,144,105,62,0,311,0,9,272,0,281,144,114,334,0,592,6,0,6,598
07/13/2005,BUR,CA,AWP,WE,Towers with Radar,164,111,77,2,354,0,21,310,18,349,164,132,387,20,703,6,0,6,709
07/14/2005,BUR,CA,AWP,WE,Towers with Radar,144,110,68,0,322,0,26,304,0,330,144,136,372,0,652,8,0,8,660
07/15/2005,BUR,CA,AWP,WE,Towers with Radar,148,87,47,0,282,0,10,263,0,273,148,97,310,0,555,0,0,0,555
07/16/2005,BUR,CA,AWP,WE,Towers with Radar,121,49,36,0,206,0,0,170,1,171,121,49,206,1,377,0,0,0,377
07/17/2005,BUR,CA,AWP,WE,Towers with Radar,130,54,38,0,222,0,4,148,0,152,130,58,186,0,374,0,0,0,374
07/18/2005,BUR,CA,AWP,WE,Towers with Radar,149,85,59,0,293,0,6,245,0,251,149,91,304,0,544,24,0,24,568
07/19/2005,BUR,CA,AWP,WE,Towers with Radar,147,99,51,0,297,0,13,253,0,266,147,112,304,0,563,8,0,8,571
07/20/2005,BUR,CA,AWP,WE,Towers with Radar,141,104,56,0,301,0,20,276,1,297,141,124,332,1,598,0,0,0,598
07/21/2005,BUR,CA,AWP,WE,Towers with Radar,148,99,64,0,311,0,16,219,0,235,148,115,283,0,546,26,0,26,572
07/22/2005,BUR,CA,AWP,WE,Towers with Radar,144,106,42,0,292,0,12,273,0,285,144,118,315,0,577,2,0,2,579
07/23/2005,BUR,CA,AWP,WE,Towers with Radar,134,54,35,0,223,0,2,169,0,171,134,56,204,0,394,0,0,0,394
07/24/2005,BUR,CA,AWP,WE,Towers with Radar,135,50,40,0,225,0,0,128,0,128,135,50,168,0,353,18,0,18,371
07/25/2005,BUR,CA,AWP,WE,Towers with Radar,150,83,41,0,274,0,7,23,0,30,150,90,64,0,304,0,0,0,304
07/26/2005,BUR,CA,AWP,WE,Towers with Radar,148,115,49,0,312,0,16,199,0,215,148,131,248,0,527,6,0,6,533
07/27/2005,BUR,CA,AWP,WE,Towers with Radar,147,119,70,0,336,0,19,330,0,349,147,138,400,0,685,0,0,0,685
07/28/2005,BUR,CA,AWP,WE,Towers with Radar,164,119,86,0,369,0,25,325,2,352,164,144,411,2,721,22,0,22,743
07/29/2005,BUR,CA,AWP,WE,Towers with Radar,146,98,53,0,297,0,14,286,0,300,146,112,339,0,597,0,0,0,597
07/30/2005,BUR,CA,AWP,WE,Towers with Radar,126,51,34,0,211,0,5,199,1,205,126,56,233,1,416,16,0,16,432
07/31/2005,BUR,CA,AWP,WE,Towers with Radar,143,55,63,0,261,0,1,184,0,185,143,56,247,0,446,30,0,30,476
08/01/2005,BUR,CA,AWP,WE,Towers with Radar,140,99,44,1,284,0,4,215,0,219,140,103,259,1,503,0,0,0,503
08/02/2005,BUR,CA,AWP,WE,Towers with Radar,146,105,57,3,311,0,12,188,0,200,146,117,245,3,511,0,0,0,511
08/03/2005,BUR,CA,AWP,WE,Towers with Radar,167,99,60,0,326,0,10,225,3,238,167,109,285,3,564,28,0,28,592
08/04/2005,BUR,CA,AWP,WE,Towers with Radar,176,108,85,2,371,0,6,293,0,299,176,114,378,2,670,10,0,10,680
08/05/2005,BUR,CA,AWP,WE,Towers with Radar,158,97,53,0,308,0,11,286,0,297,158,108,339,0,605,0,0,0,605
08/06/2005,BUR,CA,AWP,WE,Towers with Radar,122,57,36,0,215,0,2,147,0,149,122,59,183,0,364,2,0,2,366
08/07/2005,BUR,CA,AWP,WE,Towers with Radar,139,67,56,0,262,0,0,152,0,152,139,67,208,0,414,0,0,0,414
08/08/2005,BUR,CA,AWP,WE,Towers with Radar,150,89,53,0,292,0,11,204,0,215,150,100,257,0,507,0,0,0,507
08/09/2005,BUR,CA,AWP,WE,Towers with Radar,143,107,58,0,308,0,18,221,1,240,143,125,279,1,548,20,0,20,568
08/10/2005,BUR,CA,AWP,WE,Towers with Radar,154,102,53,0,309,0,10,198,0,208,154,112,251,0,517,4,0,4,521
08/11/2005,BUR,CA,AWP,WE,Towers with Radar,152,109,56,0,317,0,13,337,0,350,152,122,393,0,667,16,0,16,683
08/12/2005,BUR,CA,AWP,WE,Towers with Radar,160,99,49,0,308,0,15,250,0,265,160,114,299,0,573,0,0,0,573
08/13/2005,BUR,CA,AWP,WE,Towers with Radar,120,61,43,3,227,0,0,139,0,139,120,61,182,3,366,22,0,22,388
08/14/2005,BUR,CA,AWP,WE,Towers with Radar,130,44,53,0,227,0,0,198,1,199,130,44,251,1,426,22,0,22,448
08/15/2005,BUR,CA,AWP,WE,Towers with Radar,141,81,74,0,296,0,6,182,4,192,141,87,256,4,488,14,0,14,502
08/16/2005,BUR,CA,AWP,WE,Towers with Radar,148,107,60,0,315,0,19,218,1,238,148,126,278,1,553,0,0,0,553
08/17/2005,BUR,CA,AWP,WE,Towers with Radar,159,112,60,0,331,0,8,248,1,257,159,120,308,1,588,12,0,12,600
08/18/2005,BUR,CA,AWP,WE,Towers with Radar,171,99,77,0,347,0,14,188,0,202,171,113,265,0,549,6,0,6,555
08/19/2005,BUR,CA,AWP,WE,Towers with Radar,139,95,74,0,308,0,16,227,0,243,139,111,301,0,551,0,0,0,551
08/20/2005,BUR,CA,AWP,WE,Towers with Radar,133,51,38,0,222,0,2,181,0,183,133,53,219,0,405,0,0,0,405
08/21/2005,BUR,CA,AWP,WE,Towers with Radar,116,50,52,0,218,0,0,144,0,144,116,50,196,0,362,20,0,20,382
08/22/2005,BUR,CA,AWP,WE,Towers with Radar,145,73,59,0,277,0,9,196,0,205,145,82,255,0,482,20,0,20,502
08/23/2005,BUR,CA,AWP,WE,Towers with Radar,147,104,55,0,306,0,10,174,0,184,147,114,229,0,490,0,0,0,490
08/24/2005,BUR,CA,AWP,WE,Towers with Radar,154,103,75,0,332,0,17,290,0,307,154,120,365,0,639,24,0,24,663
08/25/2005,BUR,CA,AWP,WE,Towers with Radar,154,108,63,0,325,0,14,263,1,278,154,122,326,1,603,0,0,0,603
08/26/2005,BUR,CA,AWP,WE,Towers with Radar,150,90,46,0,286,0,13,224,0,237,150,103,270,0,523,0,0,0,523
08/27/2005,BUR,CA,AWP,WE,Towers with Radar,120,44,29,0,193,0,1,141,0,142,120,45,170,0,335,2,0,2,337
08/28/2005,BUR,CA,AWP,WE,Towers with Radar,134,50,35,0,219,0,1,165,0,166,134,51,200,0,385,52,0,52,437
08/29/2005,BUR,CA,AWP,WE,Towers with Radar,152,80,46,0,278,0,11,189,0,200,152,91,235,0,478,0,0,0,478
08/30/2005,BUR,CA,AWP,WE,Towers with Radar,148,104,55,0,307,0,23,206,0,229,148,127,261,0,536,62,0,62,598
08/31/2005,BUR,CA,AWP,WE,Towers with Radar,151,111,51,0,313,0,17,230,4,251,151,128,281,4,564,50,0,50,614
09/01/2005,BUR,CA,AWP,WE,Towers with Radar,164,114,51,0,329,0,13,278,0,291,164,127,329,0,620,0,0,0,620
09/02/2005,BUR,CA,AWP,WE,Towers with Radar,152,79,64,0,295,0,19,223,0,242,152,98,287,0,537,0,0,0,537
09/03/2005,BUR,CA,AWP,WE,Towers with Radar,130,44,23,0,197,0,2,202,0,204,130,46,225,0,401,22,0,22,423
09/04/2005,BUR,CA,AWP,WE,Towers with Radar,125,35,31,0,191,0,0,129,1,130,125,35,160,1,321,6,0,6,327
09/05/2005,BUR,CA,AWP,WE,Towers with Radar,132,48,55,0,235,0,1,194,0,195,132,49,249,0,430,14,0,14,444
09/06/2005,BUR,CA,AWP,WE,Towers with Radar,153,75,40,0,268,0,22,175,0,197,153,97,215,0,465,0,0,0,465
09/07/2005,BUR,CA,AWP,WE,Towers with Radar,160,92,48,0,300,0,23,214,2,239,160,115,262,2,539,0,0,0,539
09/08/2005,BUR,CA,AWP,WE,Towers with Radar,143,114,62,0,319,0,19,244,2,265,143,133,306,2,584,2,0,2,586
09/09/2005,BUR,CA,AWP,WE,Towers with Radar,158,104,85,0,347,0,12,208,0,220,158,116,293,0,567,0,0,0,567
09/10/2005,BUR,CA,AWP,WE,Towers with Radar,128,64,37,0,229,0,0,142,0,142,128,64,179,0,371,22,0,22,393
09/11/2005,BUR,CA,AWP,WE,Towers with Radar,134,53,46,0,233,0,2,121,1,124,134,55,167,1,357,0,0,0,357
09/12/2005,BUR,CA,AWP,WE,Towers with Radar,146,68,38,0,252,0,14,213,0,227,146,82,251,0,479,4,0,4,483
09/13/2005,BUR,CA,AWP,WE,Towers with Radar,153,118,57,0,328,0,13,206,0,219,153,131,263,0,547,18,0,18,565
09/14/2005,BUR,CA,AWP,WE,Towers with Radar,156,108,52,0,316,10,13,213,1,237,166,121,265,1,553,4,0,4,557
09/15/2005,BUR,CA,AWP,WE,Towers with Radar,162,92,79,0,333,0,13,294,0,307,162,105,373,0,640,2,0,2,642
09/16/2005,BUR,CA,AWP,WE,Towers with Radar,156,108,68,0,332,0,13,226,2,241,156,121,294,2,573,12,0,12,585
09/17/2005,BUR,CA,AWP,WE,Towers with Radar,115,47,43,1,206,1,6,171,0,178,116,53,214,1,384,30,0,30,414
09/18/2005,BUR,CA,AWP,WE,Towers with Radar,131,45,58,0,234,0,2,136,0,138,131,47,194,0,372,28,0,28,400
09/19/2005,BUR,CA,AWP,WE,Towers with Radar,154,83,56,0,293,0,8,170,0,178,154,91,226,0,471,6,0,6,477
09/20/2005,BUR,CA,AWP,WE,Towers with Radar,154,113,58,0,325,0,9,155,2,166,154,122,213,2,491,0,0,0,491
09/21/2005,BUR,CA,AWP,WE,Towers with Radar,155,102,55,0,312,0,14,231,0,245,155,116,286,0,557,6,0,6,563
09/22/2005,BUR,CA,AWP,WE,Towers with Radar,149,111,58,0,318,0,13,238,2,253,149,124,296,2,571,0,0,0,571
09/23/2005,BUR,CA,AWP,WE,Towers with Radar,147,118,68,0,333,0,10,198,1,209,147,128,266,1,542,0,0,0,542
09/24/2005,BUR,CA,AWP,WE,Towers with Radar,128,51,60,0,239,0,0,157,1,158,128,51,217,1,397,36,0,36,433
09/25/2005,BUR,CA,AWP,WE,Towers with Radar,126,56,63,0,245,0,1,146,0,147,126,57,209,0,392,40,0,40,432
09/26/2005,BUR,CA,AWP,WE,Towers with Radar,148,82,51,0,281,0,18,179,1,198,148,100,230,1,479,0,0,0,479
09/27/2005,BUR,CA,AWP,WE,Towers with Radar,151,113,44,0,308,0,22,228,0,250,151,135,272,0,558,0,0,0,558
09/28/2005,BUR,CA,AWP,WE,Towers with Radar,173,96,57,0,326,0,26,188,0,214,173,122,245,0,540,0,0,0,540
09/29/2005,BUR,CA,AWP,WE,Towers with Radar,154,115,66,0,335,0,11,230,1,242,154,126,296,1,577,18,0,18,595
09/30/2005,BUR,CA,AWP,WE,Towers with Radar,150,94,67,0,311,0,12,282,0,294,150,106,349,0,605,0,0,0,605
10/01/2005,BUR,CA,AWP,WE,Towers with Radar,113,56,43,2,214,0,1,188,1,190,113,57,231,3,404,12,0,12,416
10/02/2005,BUR,CA,AWP,WE,Towers with Radar,140,61,69,0,270,0,2,107,0,109,140,63,176,0,379,14,0,14,393
10/03/2005,BUR,CA,AWP,WE,Towers with Radar,149,76,55,0,280,0,11,161,1,173,149,87,216,1,453,10,0,10,463
10/04/2005,BUR,CA,AWP,WE,Towers with Radar,150,87,43,0,280,0,14,198,0,212,150,101,241,0,492,34,0,34,526
10/05/2005,BUR,CA,AWP,WE,Towers with Radar,170,105,35,0,310,0,18,240,0,258,170,123,275,0,568,36,0,36,604
10/06/2005,BUR,CA,AWP,WE,Towers with Radar,166,103,54,0,323,0,11,321,0,332,166,114,375,0,655,22,0,22,677
10/07/2005,BUR,CA,AWP,WE,Towers with Radar,166,94,68,0,328,0,20,291,4,315,166,114,359,4,643,0,0,0,643
10/08/2005,BUR,CA,AWP,WE,Towers with Radar,129,49,53,0,231,0,2,157,0,159,129,51,210,0,390,24,0,24,414
10/09/2005,BUR,CA,AWP,WE,Towers with Radar,147,53,40,0,240,0,3,150,1,154,147,56,190,1,394,4,0,4,398
10/10/2005,BUR,CA,AWP,WE,Towers with Radar,152,53,41,0,246,0,11,168,0,179,152,64,209,0,425,2,0,2,427
10/11/2005,BUR,CA,AWP,WE,Towers with Radar,154,94,50,0,298,10,14,212,0,236,164,108,262,0,534,0,0,0,534
10/12/2005,BUR,CA,AWP,WE,Towers with Radar,162,100,57,0,319,0,14,279,2,295,162,114,336,2,614,29,0,29,643
10/13/2005,BUR,CA,AWP,WE,Towers with Radar,162,111,61,0,334,0,10,242,0,252,162,121,303,0,586,4,0,4,590
10/14/2005,BUR,CA,AWP,WE,Towers with Radar,182,93,55,0,330,0,22,318,0,340,182,115,373,0,670,8,0,8,678
10/15/2005,BUR,CA,AWP,WE,Towers with Radar,132,53,43,0,228,0,2,163,0,165,132,55,206,0,393,24,0,24,417
10/16/2005,BUR,CA,AWP,WE,Towers with Radar,141,62,68,0,271,0,1,116,1,118,141,63,184,1,389,4,0,4,393
10/17/2005,BUR,CA,AWP,WE,Towers with Radar,144,70,42,0,256,0,2,141,0,143,144,72,183,0,399,0,0,0,399
10/18/2005,BUR,CA,AWP,WE,Towers with Radar,153,123,71,0,347,0,4,156,0,160,153,127,227,0,507,0,0,0,507
10/19/2005,BUR,CA,AWP,WE,Towers with Radar,167,116,55,0,338,0,13,237,0,250,167,129,292,0,588,0,0,0,588
10/20/2005,BUR,CA,AWP,WE,Towers with Radar,171,105,65,1,342,0,9,152,0,161,171,114,217,1,503,0,0,0,503
10/21/2005,BUR,CA,AWP,WE,Towers with Radar,163,81,72,2,318,0,2,86,1,89,163,83,158,3,407,0,0,0,407
10/22/2005,BUR,CA,AWP,WE,Towers with Radar,137,52,90,2,281,0,0,0,0,0,137,52,90,2,281,22,0,22,303
10/23/2005,BUR,CA,AWP,WE,Towers with Radar,152,51,63,1,267,0,1,61,2,64,152,52,124,3,331,0,0,0,331
10/24/2005,BUR,CA,AWP,WE,Towers with Radar,152,93,70,0,315,0,1,81,0,82,152,94,151,0,397,0,0,0,397
10/25/2005,BUR,CA,AWP,WE,Towers with Radar,165,124,48,0,337,0,4,154,4,162,165,128,202,4,499,0,0,0,499
10/26/2005,BUR,CA,AWP,WE,Towers with Radar,161,116,47,0,324,0,12,180,0,192,161,128,227,0,516,2,0,2,518
10/27/2005,BUR,CA,AWP,WE,Towers with Radar,164,104,70,0,338,0,2,162,0,164,164,106,232,0,502,0,0,0,502
10/28/2005,BUR,CA,AWP,WE,Towers with Radar,151,111,64,0,326,0,11,206,0,217,151,122,270,0,543,12,0,12,555
10/29/2005,BUR,CA,AWP,WE,Towers with Radar,134,52,33,0,219,0,9,149,0,158,134,61,182,0,377,13,0,13,390
10/30/2005,BUR,CA,AWP,WE,Towers with Radar,144,60,43,2,249,0,1,137,0,138,144,61,180,2,387,16,0,16,403
10/31/2005,BUR,CA,AWP,WE,Towers with Radar,129,82,36,0,247,0,31,191,0,222,129,113,227,0,469,12,0,12,481
11/01/2005,BUR,CA,AWP,WE,Towers with Radar,158,99,57,0,314,0,12,202,4,218,158,111,259,4,532,10,0,10,542
11/02/2005,BUR,CA,AWP,WE,Towers with Radar,170,130,52,0,352,0,12,262,0,274,170,142,314,0,626,26,0,26,652
11/03/2005,BUR,CA,AWP,WE,Towers with Radar,151,119,91,0,361,0,15,275,0,290,151,134,366,0,651,26,0,26,677
11/04/2005,BUR,CA,AWP,WE,Towers with Radar,152,107,85,1,345,0,11,255,0,266,152,118,340,1,611,0,0,0,611
11/05/2005,BUR,CA,AWP,WE,Towers with Radar,124,58,45,0,227,0,4,187,7,198,124,62,232,7,425,32,0,32,457
11/06/2005,BUR,CA,AWP,WE,Towers with Radar,137,60,64,0,261,0,5,191,0,196,137,65,255,0,457,12,0,12,469
11/07/2005,BUR,CA,AWP,WE,Towers with Radar,149,108,95,0,352,0,11,171,0,182,149,119,266,0,534,16,0,16,550
11/08/2005,BUR,CA,AWP,WE,Towers with Radar,156,98,58,0,312,0,4,230,0,234,156,102,288,0,546,14,0,14,560
11/09/2005,BUR,CA,AWP,WE,Towers with Radar,170,110,70,0,350,0,2,150,0,152,170,112,220,0,502,0,0,0,502
11/10/2005,BUR,CA,AWP,WE,Towers with Radar,163,109,56,0,328,0,1,236,0,237,163,110,292,0,565,0,0,0,565
11/11/2005,BUR,CA,AWP,WE,Towers with Radar,164,64,84,2,314,3,4,277,0,284,167,68,361,2,598,18,0,18,616
11/12/2005,BUR,CA,AWP,WE,Towers with Radar,120,34,66,0,220,0,3,178,0,181,120,37,244,0,401,38,0,38,439
11/13/2005,BUR,CA,AWP,WE,Towers with Radar,150,49,83,0,282,0,1,210,0,211,150,50,293,0,493,34,0,34,527
11/14/2005,BUR,CA,AWP,WE,Towers with Radar,156,93,56,1,306,0,8,218,1,227,156,101,274,2,533,32,0,32,565
11/15/2005,BUR,CA,AWP,WE,Towers with Radar,160,95,60,0,315,0,15,196,0,211,160,110,256,0,526,12,0,12,538
11/16/2005,BUR,CA,AWP,WE,Towers with Radar,156,101,62,0,319,0,13,230,0,243,156,114,292,0,562,6,0,6,568
11/17/2005,BUR,CA,AWP,WE,Towers with Radar,162,86,59,0,307,0,13,257,0,270,162,99,316,0,577,28,0,28,605
11/18/2005,BUR,CA,AWP,WE,Towers with Radar,156,104,56,0,316,0,10,259,0,269,156,114,315,0,585,18,0,18,603
11/19/2005,BUR,CA,AWP,WE,Towers with Radar,120,46,45,0,211,0,7,154,0,161,120,53,199,0,372,34,0,34,406
11/20/2005,BUR,CA,AWP,WE,Towers with Radar,155,50,47,0,252,0,5,132,0,137,155,55,179,0,389,15,0,15,404
11/21/2005,BUR,CA,AWP,WE,Towers with Radar,155,84,39,0,278,0,17,212,5,234,155,101,251,5,512,6,0,6,518
11/22/2005,BUR,CA,AWP,WE,Towers with Radar,154,109,40,0,303,0,13,237,0,250,154,122,277,0,553,18,0,18,571
11/23/2005,BUR,CA,AWP,WE,Towers with Radar,159,109,76,0,344,0,13,309,0,322,159,122,385,0,666,0,0,0,666
11/24/2005,BUR,CA,AWP,WE,Towers with Radar,105,51,0,0,156,0,0,0,182,182,105,51,0,182,338,0,0,0,338
11/25/2005,BUR,CA,AWP,WE,Towers with Radar,135,51,16,0,202,0,4,162,0,166,135,55,178,0,368,0,0,0,368
11/26/2005,BUR,CA,AWP,WE,Towers with Radar,123,56,35,0,214,0,0,128,0,128,123,56,163,0,342,0,0,0,342
11/27/2005,BUR,CA,AWP,WE,Towers with Radar,149,53,71,0,273,0,0,159,0,159,149,53,230,0,432,9,0,9,441
11/28/2005,BUR,CA,AWP,WE,Towers with Radar,158,86,60,0,304,0,9,256,0,265,158,95,316,0,569,6,0,6,575
11/29/2005,BUR,CA,AWP,WE,Towers with Radar,158,101,67,0,326,0,9,234,0,243,158,110,301,0,569,14,0,14,583
11/30/2005,BUR,CA,AWP,WE,Towers with Radar,149,103,56,0,308,0,11,234,0,245,149,114,290,0,553,12,0,12,565
12/01/2005,BUR,CA,AWP,WE,Towers with Radar,169,89,74,0,332,0,7,202,0,209,169,96,276,0,541,18,0,18,559
12/02/2005,BUR,CA,AWP,WE,Towers with Radar,165,115,61,0,341,0,1,67,0,68,165,116,128,0,409,0,0,0,409
12/03/2005,BUR,CA,AWP,WE,Towers with Radar,108,46,42,0,196,0,1,134,0,135,108,47,176,0,331,10,0,10,341
12/04/2005,BUR,CA,AWP,WE,Towers with Radar,132,66,56,0,254,0,4,178,1,183,132,70,234,1,437,41,0,41,478
12/05/2005,BUR,CA,AWP,WE,Towers with Radar,157,85,35,0,277,0,9,207,0,216,157,94,242,0,493,34,0,34,527
12/06/2005,BUR,CA,AWP,WE,Towers with Radar,151,99,53,0,303,0,8,237,0,245,151,107,290,0,548,0,0,0,548
12/07/2005,BUR,CA,AWP,WE,Towers with Radar,161,112,74,1,348,0,12,241,1,254,161,124,315,2,602,26,0,26,628
12/08/2005,BUR,CA,AWP,WE,Towers with Radar,154,114,53,0,321,0,18,233,1,252,154,132,286,1,573,34,0,34,607
12/09/2005,BUR,CA,AWP,WE,Towers with Radar,154,105,58,0,317,0,10,204,0,214,154,115,262,0,531,18,0,18,549
12/10/2005,BUR,CA,AWP,WE,Towers with Radar,115,40,35,0,190,0,3,170,0,173,115,43,205,0,363,8,0,8,371
12/11/2005,BUR,CA,AWP,WE,Towers with Radar,140,48,34,0,222,0,0,116,0,116,140,48,150,0,338,0,0,0,338
12/12/2005,BUR,CA,AWP,WE,Towers with Radar,152,87,49,0,288,0,9,216,0,225,152,96,265,0,513,6,0,6,519
12/13/2005,BUR,CA,AWP,WE,Towers with Radar,157,107,74,0,338,0,7,198,0,205,157,114,272,0,543,16,0,16,559
12/14/2005,BUR,CA,AWP,WE,Towers with Radar,160,103,44,0,307,0,8,220,1,229,160,111,264,1,536,8,0,8,544
12/15/2005,BUR,CA,AWP,WE,Towers with Radar,146,105,68,0,319,0,11,201,1,213,146,116,269,1,532,24,0,24,556
12/16/2005,BUR,CA,AWP,WE,Towers with Radar,148,104,68,0,320,0,8,313,0,321,148,112,381,0,641,14,0,14,655
12/17/2005,BUR,CA,AWP,WE,Towers with Radar,124,51,59,0,234,0,1,103,0,104,124,52,162,0,338,2,0,2,340
12/18/2005,BUR,CA,AWP,WE,Towers with Radar,142,42,55,0,239,0,0,209,0,209,142,42,264,0,448,42,0,42,490
12/19/2005,BUR,CA,AWP,WE,Towers with Radar,145,83,0,0,228,0,6,270,0,276,145,89,270,0,504,10,0,10,514
12/20/2005,BUR,CA,AWP,WE,Towers with Radar,156,105,47,0,308,0,16,206,0,222,156,121,253,0,530,20,0,20,550
12/21/2005,BUR,CA,AWP,WE,Towers with Radar,163,117,58,0,338,0,7,227,0,234,163,124,285,0,572,0,0,0,572
12/22/2005,BUR,CA,AWP,WE,Towers with Radar,153,118,51,0,322,0,14,262,0,276,153,132,313,0,598,30,0,30,628
12/23/2005,BUR,CA,AWP,WE,Towers with Radar,159,121,55,0,335,0,8,217,0,225,159,129,272,0,560,24,0,24,584
12/24/2005,BUR,CA,AWP,WE,Towers with Radar,118,49,17,0,184,0,12,186,0,198,118,61,203,0,382,0,0,0,382
12/25/2005,BUR,CA,AWP,WE,Towers with Radar,132,38,30,0,200,0,0,37,0,37,132,38,67,0,237,0,0,0,237
12/26/2005,BUR,CA,AWP,WE,Towers with Radar,147,54,74,0,275,0,0,81,0,81,147,54,155,0,356,4,0,4,360
12/27/2005,BUR,CA,AWP,WE,Towers with Radar,153,73,49,0,275,0,11,164,0,175,153,84,213,0,450,8,0,8,458
12/28/2005,BUR,CA,AWP,WE,Towers with Radar,164,91,36,0,291,0,8,241,0,249,164,99,277,0,540,0,0,0,540
12/29/2005,BUR,CA,AWP,WE,Towers with Radar,164,97,51,0,312,0,10,188,0,198,164,107,239,0,510,0,0,0,510
12/30/2005,BUR,CA,AWP,WE,Towers with Radar,153,90,54,0,297,0,12,220,0,232,153,102,274,0,529,10,0,10,539
12/31/2005,BUR,CA,AWP,WE,Towers with Radar,125,53,46,0,224,0,0,116,0,116,125,53,162,0,340,0,0,0,340
01/01/2006,BUR,CA,AWP,WE,Towers with Radar,133,47,39,0,219,0,0,117,0,117,133,47,156,0,336,0,0,0,336
01/02/2006,BUR,CA,AWP,WE,Towers with Radar,140,52,51,0,243,0,0,66,0,66,140,52,117,0,309,0,0,0,309
01/03/2006,BUR,CA,AWP,WE,Towers with Radar,161,88,111,0,360,0,10,185,2,197,161,98,296,2,557,16,0,16,573
01/04/2006,BUR,CA,AWP,WE,Towers with Radar,171,172,203,0,546,0,17,268,1,286,171,189,471,1,832,4,0,4,836
01/05/2006,BUR,CA,AWP,WE,Towers with Radar,177,143,154,0,474,0,15,288,2,305,177,158,442,2,779,0,0,0,779
01/06/2006,BUR,CA,AWP,WE,Towers with Radar,163,86,73,0,322,0,9,234,0,243,163,95,307,0,565,28,0,28,593
01/07/2006,BUR,CA,AWP,WE,Towers with Radar,106,43,26,6,181,0,4,147,0,151,106,47,173,6,332,19,0,19,351
01/08/2006,BUR,CA,AWP,WE,Towers with Radar,141,47,56,2,246,0,1,182,0,183,141,48,238,2,429,30,0,30,459
01/09/2006,BUR,CA,AWP,WE,Towers with Radar,151,83,52,0,286,0,11,207,0,218,151,94,259,0,504,16,0,16,520
01/10/2006,BUR,CA,AWP,WE,Towers with Radar,152,107,62,0,321,0,2,245,0,247,152,109,307,0,568,68,0,68,636
01/11/2006,BUR,CA,AWP,WE,Towers with Radar,156,113,41,0,310,0,8,227,0,235,156,121,268,0,545,38,0,38,583
01/12/2006,BUR,CA,AWP,WE,Towers with Radar,164,103,57,0,324,0,12,223,4,239,164,115,280,4,563,16,0,16,579
01/13/2006,BUR,CA,AWP,WE,Towers with Radar,164,106,61,0,331,0,15,279,1,295,164,121,340,1,626,23,0,23,649
01/14/2006,BUR,CA,AWP,WE,Towers with Radar,123,52,40,0,215,0,3,60,0,63,123,55,100,0,278,0,0,0,278
01/15/2006,BUR,CA,AWP,WE,Towers with Radar,130,46,40,0,216,0,0,125,0,125,130,46,165,0,341,24,0,24,365
01/16/2006,BUR,CA,AWP,WE,Towers with Radar,153,60,45,0,258,0,2,191,0,193,153,62,236,0,451,47,0,47,498
01/17/2006,BUR,CA,AWP,WE,Towers with Radar,153,79,46,0,278,0,11,224,12,247,153,90,270,12,525,34,0,34,559
01/18/2006,BUR,CA,AWP,WE,Towers with Radar,167,102,55,1,325,0,8,278,0,286,167,110,333,1,611,18,0,18,629
01/19/2006,BUR,CA,AWP,WE,Towers with Radar,171,101,52,0,324,0,20,287,0,307,171,121,339,0,631,12,0,12,643
01/20/2006,BUR,CA,AWP,WE,Towers with Radar,148,96,52,0,296,0,13,253,0,266,148,109,305,0,562,6,0,6,568
01/21/2006,BUR,CA,AWP,WE,Towers with Radar,108,39,39,0,186,0,1,165,1,167,108,40,204,1,353,9,0,9,362
01/22/2006,BUR,CA,AWP,WE,Towers with Radar,143,45,56,0,244,0,2,124,0,126,143,47,180,0,370,0,0,0,370
01/23/2006,BUR,CA,AWP,WE,Towers with Radar,126,87,42,0,255,0,4,144,0,148,126,91,186,0,403,0,0,0,403
01/24/2006,BUR,CA,AWP,WE,Towers with Radar,151,118,45,0,314,0,9,188,0,197,151,127,233,0,511,4,0,4,515
01/25/2006,BUR,CA,AWP,WE,Towers with Radar,155,103,38,0,296,0,8,210,0,218,155,111,248,0,514,32,0,32,546
01/26/2006,BUR,CA,AWP,WE,Towers with Radar,159,109,60,2,330,0,10,210,0,220,159,119,270,2,550,0,0,0,550
01/27/2006,BUR,CA,AWP,WE,Towers with Radar,153,108,48,0,309,0,25,206,10,241,153,133,254,10,550,4,0,4,554
01/28/2006,BUR,CA,AWP,WE,Towers with Radar,127,41,44,6,218,0,3,183,1,187,127,44,227,7,405,30,0,30,435
01/29/2006,BUR,CA,AWP,WE,Towers with Radar,147,48,34,0,229,0,1,170,0,171,147,49,204,0,400,36,0,36,436
01/30/2006,BUR,CA,AWP,WE,Towers with Radar,145,86,54,0,285,0,8,232,0,240,145,94,286,0,525,20,0,20,545
01/31/2006,BUR,CA,AWP,WE,Towers with Radar,151,115,65,0,331,0,10,197,0,207,151,125,262,0,538,44,0,44,582
02/01/2006,BUR,CA,AWP,WE,Towers with Radar,154,108,52,0,314,0,10,236,1,247,154,118,288,1,561,20,0,20,581
02/02/2006,BUR,CA,AWP,WE,Towers with Radar,161,109,66,0,336,0,23,258,0,281,161,132,324,0,617,52,0,52,669
02/03/2006,BUR,CA,AWP,WE,Towers with Radar,165,107,55,0,327,0,9,274,0,283,165,116,329,0,610,36,0,36,646
02/04/2006,BUR,CA,AWP,WE,Towers with Radar,102,33,40,1,176,0,0,142,0,142,102,33,182,1,318,72,0,72,390
02/05/2006,BUR,CA,AWP,WE,Towers with Radar,127,45,47,1,220,0,1,129,0,130,127,46,176,1,350,0,0,0,350
02/06/2006,BUR,CA,AWP,WE,Towers with Radar,152,89,60,0,301,0,6,226,0,232,152,95,286,0,533,16,0,16,549
02/07/2006,BUR,CA,AWP,WE,Towers with Radar,150,107,47,0,304,0,19,274,1,294,150,126,321,1,598,14,0,14,612
02/08/2006,BUR,CA,AWP,WE,Towers with Radar,157,95,45,0,297,10,12,233,1,256,167,107,278,1,553,0,0,0,553
02/09/2006,BUR,CA,AWP,WE,Towers with Radar,172,104,68,0,344,0,14,254,2,270,172,118,322,2,614,64,0,64,678
02/10/2006,BUR,CA,AWP,WE,Towers with Radar,157,101,44,0,302,0,11,270,0,281,157,112,314,0,583,6,0,6,589
02/11/2006,BUR,CA,AWP,WE,Towers with Radar,111,43,49,0,203,0,1,170,0,171,111,44,219,0,374,56,0,56,430
02/12/2006,BUR,CA,AWP,WE,Towers with Radar,136,41,39,0,216,0,1,203,0,204,136,42,242,0,420,48,0,48,468
02/13/2006,BUR,CA,AWP,WE,Towers with Radar,139,79,41,1,260,0,14,248,0,262,139,93,289,1,522,42,0,42,564
02/14/2006,BUR,CA,AWP,WE,Towers with Radar,150,101,48,0,299,0,6,283,1,290,150,107,331,1,589,10,0,10,599
02/15/2006,BUR,CA,AWP,WE,Towers with Radar,162,107,45,0,314,0,2,220,0,222,162,109,265,0,536,46,0,46,582
02/16/2006,BUR,CA,AWP,WE,Towers with Radar,150,102,76,0,328,0,12,266,0,278,150,114,342,0,606,0,0,0,606
02/17/2006,BUR,CA,AWP,WE,Towers with Radar,139,96,71,0,306,0,4,229,0,233,139,100,300,0,539,12,0,12,551
02/18/2006,BUR,CA,AWP,WE,Towers with Radar,114,42,29,0,185,0,0,86,0,86,114,42,115,0,271,0,0,0,271
02/19/2006,BUR,CA,AWP,WE,Towers with Radar,134,51,28,0,213,0,1,109,0,110,134,52,137,0,323,0,0,0,323
02/20/2006,BUR,CA,AWP,WE,Towers with Radar,145,68,66,0,279,0,10,216,0,226,145,78,282,0,505,0,0,0,505
02/21/2006,BUR,CA,AWP,WE,Towers with Radar,154,82,70,0,306,10,15,282,0,307,164,97,352,0,613,26,0,26,639
02/22/2006,BUR,CA,AWP,WE,Towers with Radar,156,101,64,2,323,0,18,266,1,285,156,119,330,3,608,18,0,18,626
02/23/2006,BUR,CA,AWP,WE,Towers with Radar,152,92,60,0,304,0,14,246,2,262,152,106,306,2,566,18,0,18,584
02/24/2006,BUR,CA,AWP,WE,Towers with Radar,155,83,60,0,298,0,13,339,0,352,155,96,399,0,650,18,0,18,668
02/25/2006,BUR,CA,AWP,WE,Towers with Radar,124,55,41,0,220,0,12,152,0,164,124,67,193,0,384,2,0,2,386
02/26/2006,BUR,CA,AWP,WE,Towers with Radar,133,46,44,0,223,0,1,173,0,174,133,47,217,0,397,22,0,22,419
02/27/2006,BUR,CA,AWP,WE,Towers with Radar,129,97,53,4,283,0,4,145,0,149,129,101,198,4,432,0,0,0,432
02/28/2006,BUR,CA,AWP,WE,Towers with Radar,154,112,44,0,310,0,11,187,0,198,154,123,231,0,508,12,0,12,520
03/01/2006,BUR,CA,AWP,WE,Towers with Radar,164,90,47,0,301,0,9,269,0,278,164,99,316,0,579,4,0,4,583
03/02/2006,BUR,CA,AWP,WE,Towers with Radar,156,99,48,0,303,0,16,293,0,309,156,115,341,0,612,22,0,22,634
03/03/2006,BUR,CA,AWP,WE,Towers with Radar,146,93,42,0,281,2,6,237,0,245,148,99,279,0,526,0,0,0,526
03/04/2006,BUR,CA,AWP,WE,Towers with Radar,134,57,48,3,242,0,4,200,0,204,134,61,248,3,446,0,0,0,446
03/05/2006,BUR,CA,AWP,WE,Towers with Radar,126,52,40,0,218,0,4,191,0,195,126,56,231,0,413,14,0,14,427
03/06/2006,BUR,CA,AWP,WE,Towers with Radar,152,91,67,0,310,0,2,143,0,145,152,93,210,0,455,6,0,6,461
03/07/2006,BUR,CA,AWP,WE,Towers with Radar,161,117,55,0,333,0,13,198,0,211,161,130,253,0,544,10,0,10,554
03/08/2006,BUR,CA,AWP,WE,Towers with Radar,155,100,49,0,304,0,15,242,7,264,155,115,291,7,568,20,0,20,588
03/09/2006,BUR,CA,AWP,WE,Towers with Radar,152,107,54,0,313,0,9,210,0,219,152,116,264,0,532,0,0,0,532
03/10/2006,BUR,CA,AWP,WE,Towers with Radar,154,104,40,2,300,0,0,159,0,159,154,104,199,2,459,0,0,0,459
03/11/2006,BUR,CA,AWP,WE,Towers with Radar,115,41,25,6,187,0,0,56,0,56,115,41,81,6,243,34,0,34,277
03/12/2006,BUR,CA,AWP,WE,Towers with Radar,136,47,53,0,236,0,3,164,0,167,136,50,217,0,403,48,0,48,451
03/13/2006,BUR,CA,AWP,WE,Towers with Radar,149,87,55,0,291,0,18,255,0,273,149,105,310,0,564,2,0,2,566
03/14/2006,BUR,CA,AWP,WE,Towers with Radar,152,104,36,0,292,0,12,225,0,237,152,116,261,0,529,12,0,12,541
03/15/2006,BUR,CA,AWP,WE,Towers with Radar,149,106,44,1,300,0,11,201,1,213,149,117,245,2,513,20,0,20,533
03/16/2006,BUR,CA,AWP,WE,Towers with Radar,176,116,67,1,360,0,21,275,2,298,176,137,342,3,658,2,0,2,660
03/17/2006,BUR,CA,AWP,WE,Towers with Radar,145,92,57,0,294,0,3,211,3,217,145,95,268,3,511,0,0,0,511
03/18/2006,BUR,CA,AWP,WE,Towers with Radar,126,49,38,0,213,0,2,122,0,124,126,51,160,0,337,6,0,6,343
03/19/2006,BUR,CA,AWP,WE,Towers with Radar,135,46,62,0,243,0,0,221,0,221,135,46,283,0,464,26,0,26,490
03/20/2006,BUR,CA,AWP,WE,Towers with Radar,143,80,54,0,277,0,5,183,0,188,143,85,237,0,465,2,0,2,467
03/21/2006,BUR,CA,AWP,WE,Towers with Radar,160,110,51,0,321,0,9,214,1,224,160,119,265,1,545,0,0,0,545
03/22/2006,BUR,CA,AWP,WE,Towers with Radar,151,99,54,1,305,0,21,242,1,264,151,120,296,2,569,24,0,24,593
03/23/2006,BUR,CA,AWP,WE,Towers with Radar,168,97,56,1,322,0,10,264,1,275,168,107,320,2,597,32,0,32,629
03/24/2006,BUR,CA,AWP,WE,Towers with Radar,160,79,46,0,285,0,13,346,0,359,160,92,392,0,644,30,0,30,674
03/25/2006,BUR,CA,AWP,WE,Towers with Radar,122,54,44,0,220,0,1,151,0,152,122,55,195,0,372,12,0,12,384
03/26/2006,BUR,CA,AWP,WE,Towers with Radar,142,54,43,0,239,0,3,196,0,199,142,57,239,0,438,50,0,50,488
03/27/2006,BUR,CA,AWP,WE,Towers with Radar,155,104,67,0,326,0,7,224,0,231,155,111,291,0,557,16,0,16,573
03/28/2006,BUR,CA,AWP,WE,Towers with Radar,151,130,54,2,337,0,0,71,0,71,151,130,125,2,408,0,0,0,408
03/29/2006,BUR,CA,AWP,WE,Towers with Radar,156,125,44,0,325,0,10,188,0,198,156,135,232,0,523,2,0,2,525
03/30/2006,BUR,CA,AWP,WE,Towers with Radar,149,119,55,0,323,0,16,304,0,320,149,135,359,0,643,24,0,24,667
03/31/2006,BUR,CA,AWP,WE,Towers with Radar,146,107,59,0,312,0,3,220,0,223,146,110,279,0,535,26,0,26,561
04/01/2006,BUR,CA,AWP,WE,Towers with Radar,114,58,35,0,207,0,3,96,0,99,114,61,131,0,306,6,0,6,312
04/02/2006,BUR,CA,AWP,WE,Towers with Radar,147,62,56,0,265,0,3,164,0,167,147,65,220,0,432,16,0,16,448
04/03/2006,BUR,CA,AWP,WE,Towers with Radar,144,95,57,0,296,0,14,236,0,250,144,109,293,0,546,32,0,32,578
04/04/2006,BUR,CA,AWP,WE,Towers with Radar,162,110,57,0,329,0,1,69,0,70,162,111,126,0,399,0,0,0,399
04/05/2006,BUR,CA,AWP,WE,Towers with Radar,153,120,45,1,319,0,3,138,0,141,153,123,183,1,460,6,0,6,466
04/06/2006,BUR,CA,AWP,WE,Towers with Radar,162,101,55,2,320,0,6,301,0,307,162,107,356,2,627,6,0,6,633
04/07/2006,BUR,CA,AWP,WE,Towers with Radar,156,91,42,0,289,0,7,195,0,202,156,98,237,0,491,22,0,22,513
04/08/2006,BUR,CA,AWP,WE,Towers with Radar,124,47,38,6,215,0,0,144,1,145,124,47,182,7,360,14,0,14,374
04/09/2006,BUR,CA,AWP,WE,Towers with Radar,144,52,51,0,247,0,1,202,1,204,144,53,253,1,451,48,0,48,499
04/10/2006,BUR,CA,AWP,WE,Towers with Radar,163,91,62,0,316,0,4,221,0,225,163,95,283,0,541,36,0,36,577
04/11/2006,BUR,CA,AWP,WE,Towers with Radar,163,104,57,0,324,0,8,185,0,193,163,112,242,0,517,84,0,84,601
04/12/2006,BUR,CA,AWP,WE,Towers with Radar,151,95,55,1,302,0,9,230,1,240,151,104,285,2,542,50,0,50,592
04/13/2006,BUR,CA,AWP,WE,Towers with Radar,171,93,62,0,326,0,12,271,0,283,171,105,333,0,609,28,0,28,637
04/14/2006,BUR,CA,AWP,WE,Towers with Radar,154,87,50,0,291,0,1,196,0,197,154,88,246,0,488,34,0,34,522
04/15/2006,BUR,CA,AWP,WE,Towers with Radar,131,54,50,0,235,0,0,200,0,200,131,54,250,0,435,56,0,56,491
04/16/2006,BUR,CA,AWP,WE,Towers with Radar,176,49,43,0,268,0,4,95,0,99,176,53,138,0,367,2,0,2,369
04/17/2006,BUR,CA,AWP,WE,Towers with Radar,164,72,53,0,289,0,12,181,0,193,164,84,234,0,482,38,0,38,520
04/18/2006,BUR,CA,AWP,WE,Towers with Radar,158,106,54,0,318,0,13,327,0,340,158,119,381,0,658,52,0,52,710
04/19/2006,BUR,CA,AWP,WE,Towers with Radar,149,117,39,1,306,0,12,250,2,264,149,129,289,3,570,32,0,32,602
04/20/2006,BUR,CA,AWP,WE,Towers with Radar,163,102,56,0,321,0,23,281,2,306,163,125,337,2,627,48,0,48,675
04/21/2006,BUR,CA,AWP,WE,Towers with Radar,181,85,56,0,322,0,15,287,8,310,181,100,343,8,632,37,0,37,669
04/22/2006,BUR,CA,AWP,WE,Towers with Radar,120,45,57,0,222,0,0,241,0,241,120,45,298,0,463,64,0,64,527
04/23/2006,BUR,CA,AWP,WE,Towers with Radar,158,56,49,0,263,0,6,202,0,208,158,62,251,0,471,36,0,36,507
04/24/2006,BUR,CA,AWP,WE,Towers with Radar,155,82,75,0,312,0,13,234,0,247,155,95,309,0,559,1,0,1,560
04/25/2006,BUR,CA,AWP,WE,Towers with Radar,161,105,78,1,345,0,2,207,0,209,161,107,285,1,554,10,0,10,564
04/26/2006,BUR,CA,AWP,WE,Towers with Radar,155,101,51,0,307,0,10,295,0,305,155,111,346,0,612,30,0,30,642
04/27/2006,BUR,CA,AWP,WE,Towers with Radar,177,98,64,0,339,0,8,288,4,300,177,106,352,4,639,54,0,54,693
04/28/2006,BUR,CA,AWP,WE,Towers with Radar,169,105,92,0,366,0,4,276,2,282,169,109,368,2,648,20,0,20,668
04/29/2006,BUR,CA,AWP,WE,Towers with Radar,128,43,49,1,221,0,171,74,6,251,128,214,123,7,472,32,0,32,504
04/30/2006,BUR,CA,AWP,WE,Towers with Radar,145,51,47,2,245,0,2,182,0,184,145,53,229,2,429,35,0,35,464
05/01/2006,BUR,CA,AWP,WE,Towers with Radar,156,74,55,0,285,0,3,210,3,216,156,77,265,3,501,26,0,26,527
05/02/2006,BUR,CA,AWP,WE,Towers with Radar,164,120,76,0,360,0,0,0,0,0,164,120,76,0,360,22,0,22,382
05/03/2006,BUR,CA,AWP,WE,Towers with Radar,175,121,68,0,364,0,3,215,0,218,175,124,283,0,582,36,0,36,618
05/04/2006,BUR,CA,AWP,WE,Towers with Radar,175,111,72,1,359,0,2,221,1,224,175,113,293,2,583,8,0,8,591
05/05/2006,BUR,CA,AWP,WE,Towers with Radar,149,95,68,0,312,0,9,237,0,246,149,104,305,0,558,106,0,106,664
05/06/2006,BUR,CA,AWP,WE,Towers with Radar,135,38,43,0,216,0,0,144,0,144,135,38,187,0,360,11,0,11,371
05/07/2006,BUR,CA,AWP,WE,Towers with Radar,164,61,47,0,272,0,0,128,0,128,164,61,175,0,400,0,0,0,400
05/08/2006,BUR,CA,AWP,WE,Towers with Radar,160,92,58,0,310,0,5,171,0,176,160,97,229,0,486,10,0,10,496
05/09/2006,BUR,CA,AWP,WE,Towers with Radar,166,116,81,0,363,0,8,197,0,205,166,124,278,0,568,18,0,18,586
05/10/2006,BUR,CA,AWP,WE,Towers with Radar,174,110,52,0,336,0,8,192,0,200,174,118,244,0,536,16,0,16,552
05/11/2006,BUR,CA,AWP,WE,Towers with Radar,157,123,78,0,358,0,0,167,1,168,157,123,245,1,526,8,0,8,534
05/12/2006,BUR,CA,AWP,WE,Towers with Radar,170,111,58,0,339,0,4,176,0,180,170,115,234,0,519,14,0,14,533
05/13/2006,BUR,CA,AWP,WE,Towers with Radar,139,49,59,0,247,0,1,181,0,182,139,50,240,0,429,50,0,50,479
05/14/2006,BUR,CA,AWP,WE,Towers with Radar,150,50,61,0,261,0,0,158,0,158,150,50,219,0,419,32,0,32,451
05/15/2006,BUR,CA,AWP,WE,Towers with Radar,154,81,64,0,299,0,11,214,2,227,154,92,278,2,526,0,0,0,526
05/16/2006,BUR,CA,AWP,WE,Towers with Radar,159,109,47,1,316,0,8,222,1,231,159,117,269,2,547,26,0,26,573
05/17/2006,BUR,CA,AWP,WE,Towers with Radar,143,100,77,0,320,0,4,209,1,214,143,104,286,1,534,0,0,0,534
05/18/2006,BUR,CA,AWP,WE,Towers with Radar,180,108,93,0,381,0,0,227,3,230,180,108,320,3,611,14,0,14,625
05/19/2006,BUR,CA,AWP,WE,Towers with Radar,166,105,53,0,324,0,4,239,0,243,166,109,292,0,567,8,0,8,575
05/20/2006,BUR,CA,AWP,WE,Towers with Radar,140,60,54,0,254,0,0,184,0,184,140,60,238,0,438,14,0,14,452
05/21/2006,BUR,CA,AWP,WE,Towers with Radar,152,68,64,0,284,0,2,169,0,171,152,70,233,0,455,0,0,0,455
05/22/2006,BUR,CA,AWP,WE,Towers with Radar,159,103,78,0,340,0,3,177,0,180,159,106,255,0,520,26,0,26,546
05/23/2006,BUR,CA,AWP,WE,Towers with Radar,159,95,67,0,321,0,16,223,4,243,159,111,290,4,564,22,0,22,586
05/24/2006,BUR,CA,AWP,WE,Towers with Radar,156,97,43,0,296,0,9,230,1,240,156,106,273,1,536,0,0,0,536
05/25/2006,BUR,CA,AWP,WE,Towers with Radar,175,99,69,0,343,0,12,292,0,304,175,111,361,0,647,24,0,24,671
05/26/2006,BUR,CA,AWP,WE,Towers with Radar,192,98,94,0,384,0,2,209,0,211,192,100,303,0,595,0,0,0,595
05/27/2006,BUR,CA,AWP,WE,Towers with Radar,116,45,40,0,201,0,0,122,0,122,116,45,162,0,323,26,0,26,349
05/28/2006,BUR,CA,AWP,WE,Towers with Radar,123,34,27,0,184,0,0,166,0,166,123,34,193,0,350,8,0,8,358
05/29/2006,BUR,CA,AWP,WE,Towers with Radar,151,55,48,0,254,0,2,252,1,255,151,57,300,1,509,10,0,10,519
05/30/2006,BUR,CA,AWP,WE,Towers with Radar,164,81,53,2,300,0,10,247,0,257,164,91,300,2,557,10,0,10,567
05/31/2006,BUR,CA,AWP,WE,Towers with Radar,153,95,39,0,287,0,10,259,4,273,153,105,298,4,560,20,0,20,580
06/01/2006,BUR,CA,AWP,WE,Towers with Radar,166,115,58,1,340,0,14,295,0,309,166,129,353,1,649,34,0,34,683
06/02/2006,BUR,CA,AWP,WE,Towers with Radar,153,100,38,0,291,0,15,299,0,314,153,115,337,0,605,0,0,0,605
06/03/2006,BUR,CA,AWP,WE,Towers with Radar,112,48,36,0,196,0,9,161,0,170,112,57,197,0,366,84,0,84,450
06/04/2006,BUR,CA,AWP,WE,Towers with Radar,136,61,53,0,250,0,0,199,2,201,136,61,252,2,451,26,0,26,477
06/05/2006,BUR,CA,AWP,WE,Towers with Radar,163,92,71,2,328,0,4,208,0,212,163,96,279,2,540,18,0,18,558
06/06/2006,BUR,CA,AWP,WE,Towers with Radar,166,114,52,0,332,0,0,199,1,200,166,114,251,1,532,8,0,8,540
06/07/2006,BUR,CA,AWP,WE,Towers with Radar,141,122,86,0,349,0,2,170,0,172,141,124,256,0,521,0,0,0,521
06/08/2006,BUR,CA,AWP,WE,Towers with Radar,177,122,80,0,379,0,5,203,0,208,177,127,283,0,587,8,0,8,595
06/09/2006,BUR,CA,AWP,WE,Towers with Radar,138,113,67,2,320,0,2,231,0,233,138,115,298,2,553,54,0,54,607
06/10/2006,BUR,CA,AWP,WE,Towers with Radar,126,52,53,0,231,0,0,189,0,189,126,52,242,0,420,0,0,0,420
06/11/2006,BUR,CA,AWP,WE,Towers with Radar,156,58,55,0,269,0,0,166,0,166,156,58,221,0,435,0,0,0,435
06/12/2006,BUR,CA,AWP,WE,Towers with Radar,160,97,60,0,317,0,9,253,0,262,160,106,313,0,579,12,0,12,591
06/13/2006,BUR,CA,AWP,WE,Towers with Radar,152,117,57,0,326,10,17,218,0,245,162,134,275,0,571,4,0,4,575
06/14/2006,BUR,CA,AWP,WE,Towers with Radar,158,112,57,0,327,0,10,196,0,206,158,122,253,0,533,10,0,10,543
06/15/2006,BUR,CA,AWP,WE,Towers with Radar,181,94,75,0,350,0,15,216,0,231,181,109,291,0,581,22,0,22,603
06/16/2006,BUR,CA,AWP,WE,Towers with Radar,155,90,70,0,315,0,11,285,0,296,155,101,355,0,611,30,0,30,641
06/17/2006,BUR,CA,AWP,WE,Towers with Radar,136,54,44,0,234,0,0,218,0,218,136,54,262,0,452,26,0,26,478
06/18/2006,BUR,CA,AWP,WE,Towers with Radar,145,44,58,0,247,0,0,196,0,196,145,44,254,0,443,34,0,34,477
06/19/2006,BUR,CA,AWP,WE,Towers with Radar,169,79,83,0,331,0,7,166,0,173,169,86,249,0,504,60,0,60,564
06/20/2006,BUR,CA,AWP,WE,Towers with Radar,159,106,81,2,348,0,4,196,0,200,159,110,277,2,548,0,0,0,548
06/21/2006,BUR,CA,AWP,WE,Towers with Radar,161,104,52,0,317,0,12,170,3,185,161,116,222,3,502,5,0,5,507
06/22/2006,BUR,CA,AWP,WE,Towers with Radar,169,106,68,3,346,0,14,270,3,287,169,120,338,6,633,44,0,44,677
06/23/2006,BUR,CA,AWP,WE,Towers with Radar,150,98,65,0,313,0,10,228,1,239,150,108,293,1,552,32,0,32,584
06/24/2006,BUR,CA,AWP,WE,Towers with Radar,125,51,38,0,214,0,20,159,2,181,125,71,197,2,395,54,0,54,449
06/25/2006,BUR,CA,AWP,WE,Towers with Radar,153,57,40,0,250,0,4,171,3,178,153,61,211,3,428,36,0,36,464
06/26/2006,BUR,CA,AWP,WE,Towers with Radar,157,85,47,0,289,0,15,167,0,182,157,100,214,0,471,2,0,2,473
06/27/2006,BUR,CA,AWP,WE,Towers with Radar,158,120,45,0,323,0,12,193,0,205,158,132,238,0,528,0,0,0,528
06/28/2006,BUR,CA,AWP,WE,Towers with Radar,153,89,62,2,306,0,22,212,0,234,153,111,274,2,540,8,0,8,548
06/29/2006,BUR,CA,AWP,WE,Towers with Radar,163,96,47,0,306,0,21,218,3,242,163,117,265,3,548,8,0,8,556
06/30/2006,BUR,CA,AWP,WE,Towers with Radar,175,117,62,0,354,0,17,182,0,199,175,134,244,0,553,6,0,6,559
07/01/2006,BUR,CA,AWP,WE,Towers with Radar,133,59,46,0,238,0,3,168,0,171,133,62,214,0,409,34,0,34,443
07/02/2006,BUR,CA,AWP,WE,Towers with Radar,134,41,36,0,211,0,0,128,0,128,134,41,164,0,339,0,0,0,339
07/03/2006,BUR,CA,AWP,WE,Towers with Radar,127,66,23,0,216,0,11,187,0,198,127,77,210,0,414,8,0,8,422
07/04/2006,BUR,CA,AWP,WE,Towers with Radar,136,70,21,0,227,0,2,232,2,236,136,72,253,2,463,4,0,4,467
07/05/2006,BUR,CA,AWP,WE,Towers with Radar,162,68,57,0,287,0,5,219,0,224,162,73,276,0,511,70,0,70,581
07/06/2006,BUR,CA,AWP,WE,Towers with Radar,178,112,48,0,338,0,19,227,1,247,178,131,275,1,585,68,0,68,653
07/07/2006,BUR,CA,AWP,WE,Towers with Radar,166,92,37,0,295,0,9,274,0,283,166,101,311,0,578,26,0,26,604
07/08/2006,BUR,CA,AWP,WE,Towers with Radar,144,54,32,0,230,0,4,175,0,179,144,58,207,0,409,36,0,36,445
07/09/2006,BUR,CA,AWP,WE,Towers with Radar,162,53,48,0,263,0,0,211,0,211,162,53,259,0,474,36,0,36,510
07/10/2006,BUR,CA,AWP,WE,Towers with Radar,161,80,47,2,290,0,16,191,2,209,161,96,238,4,499,3,0,3,502
07/11/2006,BUR,CA,AWP,WE,Towers with Radar,163,91,51,2,307,0,12,228,2,242,163,103,279,4,549,0,0,0,549
07/12/2006,BUR,CA,AWP,WE,Towers with Radar,150,110,37,0,297,0,7,223,0,230,150,117,260,0,527,0,0,0,527
07/13/2006,BUR,CA,AWP,WE,Towers with Radar,176,111,61,2,350,2,17,240,0,259,178,128,301,2,609,22,0,22,631
07/14/2006,BUR,CA,AWP,WE,Towers with Radar,161,94,50,0,305,0,19,275,0,294,161,113,325,0,599,36,0,36,635
07/15/2006,BUR,CA,AWP,WE,Towers with Radar,138,50,34,0,222,0,0,159,0,159,138,50,193,0,381,6,0,6,387
07/16/2006,BUR,CA,AWP,WE,Towers with Radar,135,59,37,0,231,0,0,139,1,140,135,59,176,1,371,22,0,22,393
07/17/2006,BUR,CA,AWP,WE,Towers with Radar,166,85,42,0,293,0,11,174,7,192,166,96,216,7,485,0,0,0,485
07/18/2006,BUR,CA,AWP,WE,Towers with Radar,162,89,44,2,297,0,11,218,3,232,162,100,262,5,529,66,0,66,595
07/19/2006,BUR,CA,AWP,WE,Towers with Radar,199,94,43,0,336,0,17,243,0,260,199,111,286,0,596,42,0,42,638
07/20/2006,BUR,CA,AWP,WE,Towers with Radar,164,105,61,2,332,0,8,283,4,295,164,113,344,6,627,30,0,30,657
07/21/2006,BUR,CA,AWP,WE,Towers with Radar,151,94,50,0,295,0,20,278,0,298,151,114,328,0,593,26,0,26,619
07/22/2006,BUR,CA,AWP,WE,Towers with Radar,135,50,44,0,229,0,1,136,0,137,135,51,180,0,366,12,0,12,378
07/23/2006,BUR,CA,AWP,WE,Towers with Radar,153,62,51,0,266,0,4,137,0,141,153,66,188,0,407,18,0,18,425
07/24/2006,BUR,CA,AWP,WE,Towers with Radar,178,73,55,0,306,0,11,223,4,238,178,84,278,4,544,0,0,0,544
07/25/2006,BUR,CA,AWP,WE,Towers with Radar,160,101,51,0,312,0,8,241,1,250,160,109,292,1,562,16,0,16,578
07/26/2006,BUR,CA,AWP,WE,Towers with Radar,139,94,57,0,290,0,15,207,1,223,139,109,264,1,513,90,0,90,603
07/27/2006,BUR,CA,AWP,WE,Towers with Radar,180,102,54,0,336,0,12,218,3,233,180,114,272,3,569,14,0,14,583
07/28/2006,BUR,CA,AWP,WE,Towers with Radar,159,94,51,0,304,0,9,244,0,253,159,103,295,0,557,33,0,33,590
07/29/2006,BUR,CA,AWP,WE,Towers with Radar,134,61,47,0,242,0,0,146,0,146,134,61,193,0,388,22,0,22,410
07/30/2006,BUR,CA,AWP,WE,Towers with Radar,158,62,31,0,251,0,0,142,0,142,158,62,173,0,393,34,0,34,427
07/31/2006,BUR,CA,AWP,WE,Towers with Radar,167,92,49,0,308,0,7,200,11,218,167,99,249,11,526,20,0,20,546
08/01/2006,BUR,CA,AWP,WE,Towers with Radar,177,101,41,0,319,0,12,197,2,211,177,113,238,2,530,12,0,12,542
08/02/2006,BUR,CA,AWP,WE,Towers with Radar,159,99,38,0,296,0,14,232,0,246,159,113,270,0,542,62,0,62,604
08/03/2006,BUR,CA,AWP,WE,Towers with Radar,146,134,69,7,356,0,7,191,0,198,146,141,260,7,554,26,0,26,580
08/04/2006,BUR,CA,AWP,WE,Towers with Radar,168,105,37,0,310,0,2,231,0,233,168,107,268,0,543,16,0,16,559
08/05/2006,BUR,CA,AWP,WE,Towers with Radar,135,51,47,0,233,0,0,206,1,207,135,51,253,1,440,10,0,10,450
08/06/2006,BUR,CA,AWP,WE,Towers with Radar,159,45,50,0,254,0,2,206,1,209,159,47,256,1,463,16,0,16,479
08/07/2006,BUR,CA,AWP,WE,Towers with Radar,158,79,56,0,293,0,8,209,0,217,158,87,265,0,510,0,0,0,510
08/08/2006,BUR,CA,AWP,WE,Towers with Radar,165,100,42,0,307,0,12,198,2,212,165,112,240,2,519,14,0,14,533
08/09/2006,BUR,CA,AWP,WE,Towers with Radar,156,98,50,2,306,0,9,233,1,243,156,107,283,3,549,46,0,46,595
08/10/2006,BUR,CA,AWP,WE,Towers with Radar,181,100,58,0,339,0,14,218,1,233,181,114,276,1,572,20,0,20,592
08/11/2006,BUR,CA,AWP,WE,Towers with Radar,167,86,69,0,322,0,15,277,0,292,167,101,346,0,614,32,0,32,646
08/12/2006,BUR,CA,AWP,WE,Towers with Radar,146,55,58,0,259,0,1,235,0,236,146,56,293,0,495,30,0,30,525
08/13/2006,BUR,CA,AWP,WE,Towers with Radar,170,67,64,0,301,0,6,249,0,255,170,73,313,0,556,20,0,20,576
08/14/2006,BUR,CA,AWP,WE,Towers with Radar,157,92,52,0,301,0,10,192,0,202,157,102,244,0,503,0,0,0,503
08/15/2006,BUR,CA,AWP,WE,Towers with Radar,165,121,44,0,330,0,15,221,3,239,165,136,265,3,569,6,0,6,575
08/16/2006,BUR,CA,AWP,WE,Towers with Radar,150,109,60,0,319,0,4,216,0,220,150,113,276,0,539,0,0,0,539
08/17/2006,BUR,CA,AWP,WE,Towers with Radar,179,114,76,2,371,0,5,261,1,267,179,119,337,3,638,24,0,24,662
08/18/2006,BUR,CA,AWP,WE,Towers with Radar,163,88,83,0,334,0,20,305,0,325,163,108,388,0,659,22,0,22,681
08/19/2006,BUR,CA,AWP,WE,Towers with Radar,147,50,42,0,239,0,0,151,0,151,147,50,193,0,390,8,0,8,398
08/20/2006,BUR,CA,AWP,WE,Towers with Radar,149,59,53,0,261,0,0,202,0,202,149,59,255,0,463,0,0,0,463
08/21/2006,BUR,CA,AWP,WE,Towers with Radar,170,82,49,0,301,0,14,263,2,279,170,96,312,2,580,14,0,14,594
08/22/2006,BUR,CA,AWP,WE,Towers with Radar,170,117,57,2,346,0,5,220,2,227,170,122,277,4,573,24,0,24,597
08/23/2006,BUR,CA,AWP,WE,Towers with Radar,169,101,40,0,310,0,8,205,4,217,169,109,245,4,527,10,0,10,537
08/24/2006,BUR,CA,AWP,WE,Towers with Radar,149,99,44,0,292,0,9,217,0,226,149,108,261,0,518,0,0,0,518
08/25/2006,BUR,CA,AWP,WE,Towers with Radar,151,87,40,0,278,0,13,230,0,243,151,100,270,0,521,28,0,28,549
08/26/2006,BUR,CA,AWP,WE,Towers with Radar,114,46,32,0,192,0,1,188,0,189,114,47,220,0,381,38,0,38,419
08/27/2006,BUR,CA,AWP,WE,Towers with Radar,151,50,44,0,245,0,1,189,3,193,151,51,233,3,438,22,0,22,460
08/28/2006,BUR,CA,AWP,WE,Towers with Radar,162,85,53,0,300,0,13,235,0,248,162,98,288,0,548,18,0,18,566
08/29/2006,BUR,CA,AWP,WE,Towers with Radar,167,103,39,0,309,0,11,252,8,271,167,114,291,8,580,0,0,0,580
08/30/2006,BUR,CA,AWP,WE,Towers with Radar,151,102,34,0,287,0,17,214,0,231,151,119,248,0,518,8,0,8,526
08/31/2006,BUR,CA,AWP,WE,Towers with Radar,189,102,41,1,333,0,30,283,6,319,189,132,324,7,652,16,0,16,668
09/01/2006,BUR,CA,AWP,WE,Towers with Radar,166,95,38,0,299,0,11,274,0,285,166,106,312,0,584,10,0,10,594
09/02/2006,BUR,CA,AWP,WE,Towers with Radar,148,49,52,0,249,0,8,212,0,220,148,57,264,0,469,28,0,28,497
09/03/2006,BUR,CA,AWP,WE,Towers with Radar,119,38,26,0,183,0,1,200,0,201,119,39,226,0,384,16,0,16,400
09/04/2006,BUR,CA,AWP,WE,Towers with Radar,159,56,41,0,256,0,2,237,0,239,159,58,278,0,495,6,0,6,501
09/05/2006,BUR,CA,AWP,WE,Towers with Radar,166,89,33,0,288,0,10,206,3,219,166,99,239,3,507,6,0,6,513
09/06/2006,BUR,CA,AWP,WE,Towers with Radar,165,95,45,0,305,0,12,243,0,255,165,107,288,0,560,2,0,2,562
09/07/2006,BUR,CA,AWP,WE,Towers with Radar,182,100,58,0,340,0,17,283,0,300,182,117,341,0,640,0,0,0,640
09/08/2006,BUR,CA,AWP,WE,Towers with Radar,170,101,63,0,334,0,5,291,1,297,170,106,354,1,631,26,0,26,657
09/09/2006,BUR,CA,AWP,WE,Towers with Radar,129,48,54,0,231,0,2,192,0,194,129,50,246,0,425,0,0,0,425
09/10/2006,BUR,CA,AWP,WE,Towers with Radar,148,48,38,2,236,0,0,193,4,197,148,48,231,6,433,20,0,20,453
09/11/2006,BUR,CA,AWP,WE,Towers with Radar,160,81,65,0,306,0,8,258,0,266,160,89,323,0,572,50,0,50,622
09/12/2006,BUR,CA,AWP,WE,Towers with Radar,164,102,45,0,311,0,11,246,2,259,164,113,291,2,570,6,0,6,576
09/13/2006,BUR,CA,AWP,WE,Towers with Radar,175,100,74,0,349,0,13,232,1,246,175,113,306,1,595,5,0,5,600
09/14/2006,BUR,CA,AWP,WE,Towers with Radar,162,101,64,0,327,0,2,235,0,237,162,103,299,0,564,18,0,18,582
09/15/2006,BUR,CA,AWP,WE,Towers with Radar,151,90,54,0,295,0,0,277,0,277,151,90,331,0,572,24,0,24,596
09/16/2006,BUR,CA,AWP,WE,Towers with Radar,135,45,55,4,239,0,0,211,2,213,135,45,266,6,452,2,0,2,454
09/17/2006,BUR,CA,AWP,WE,Towers with Radar,149,54,43,10,256,0,1,210,0,211,149,55,253,10,467,32,0,32,499
09/18/2006,BUR,CA,AWP,WE,Towers with Radar,161,81,68,0,310,0,12,239,0,251,161,93,307,0,561,10,0,10,571
09/19/2006,BUR,CA,AWP,WE,Towers with Radar,154,90,74,0,318,0,14,258,3,275,154,104,332,3,593,26,0,26,619
09/20/2006,BUR,CA,AWP,WE,Towers with Radar,166,92,47,0,305,0,12,228,0,240,166,104,275,0,545,28,0,28,573
09/21/2006,BUR,CA,AWP,WE,Towers with Radar,178,109,65,0,352,0,23,240,4,267,178,132,305,4,619,4,0,4,623
09/22/2006,BUR,CA,AWP,WE,Towers with Radar,170,110,62,0,342,0,5,231,3,239,170,115,293,3,581,16,0,16,597
09/23/2006,BUR,CA,AWP,WE,Towers with Radar,133,50,34,0,217,0,7,200,2,209,133,57,234,2,426,70,0,70,496
09/24/2006,BUR,CA,AWP,WE,Towers with Radar,160,46,41,0,247,0,7,200,0,207,160,53,241,0,454,32,0,32,486
09/25/2006,BUR,CA,AWP,WE,Towers with Radar,170,93,41,0,304,0,14,250,0,264,170,107,291,0,568,0,0,0,568
09/26/2006,BUR,CA,AWP,WE,Towers with Radar,176,97,63,0,336,0,6,220,0,226,176,103,283,0,562,20,0,20,582
09/27/2006,BUR,CA,AWP,WE,Towers with Radar,156,99,51,0,306,0,12,228,0,240,156,111,279,0,546,4,0,4,550
09/28/2006,BUR,CA,AWP,WE,Towers with Radar,165,103,56,0,324,0,24,258,0,282,165,127,314,0,606,0,0,0,606
09/29/2006,BUR,CA,AWP,WE,Towers with Radar,172,90,63,0,325,0,13,299,0,312,172,103,362,0,637,18,0,18,655
09/30/2006,BUR,CA,AWP,WE,Towers with Radar,147,47,32,0,226,0,2,170,0,172,147,49,202,0,398,12,0,12,410
10/01/2006,BUR,CA,AWP,WE,Towers with Radar,152,40,38,0,230,0,0,172,0,172,152,40,210,0,402,18,0,18,420
10/02/2006,BUR,CA,AWP,WE,Towers with Radar,163,73,40,0,276,0,5,208,0,213,163,78,248,0,489,2,0,2,491
10/03/2006,BUR,CA,AWP,WE,Towers with Radar,168,101,37,0,306,0,10,145,0,155,168,111,182,0,461,4,0,4,465
10/04/2006,BUR,CA,AWP,WE,Towers with Radar,176,108,40,0,324,0,14,235,0,249,176,122,275,0,573,18,0,18,591
10/05/2006,BUR,CA,AWP,WE,Towers with Radar,168,103,52,0,323,0,14,253,0,267,168,117,305,0,590,44,0,44,634
10/06/2006,BUR,CA,AWP,WE,Towers with Radar,171,100,60,0,331,0,17,251,1,269,171,117,311,1,600,14,0,14,614
10/07/2006,BUR,CA,AWP,WE,Towers with Radar,146,45,39,0,230,0,7,169,1,177,146,52,208,1,407,6,0,6,413
10/08/2006,BUR,CA,AWP,WE,Towers with Radar,151,54,71,0,276,0,1,184,0,185,151,55,255,0,461,43,0,43,504
10/09/2006,BUR,CA,AWP,WE,Towers with Radar,157,74,57,0,288,0,0,180,0,180,157,74,237,0,468,32,0,32,500
10/10/2006,BUR,CA,AWP,WE,Towers with Radar,167,97,40,0,304,0,5,196,0,201,167,102,236,0,505,28,0,28,533
10/11/2006,BUR,CA,AWP,WE,Towers with Radar,165,94,130,1,390,0,13,166,1,180,165,107,296,2,570,6,0,6,576
10/12/2006,BUR,CA,AWP,WE,Towers with Radar,178,102,64,0,344,0,19,240,0,259,178,121,304,0,603,14,0,14,617
10/13/2006,BUR,CA,AWP,WE,Towers with Radar,176,101,65,0,342,0,9,254,0,263,176,110,319,0,605,14,0,14,619
10/14/2006,BUR,CA,AWP,WE,Towers with Radar,140,45,39,0,224,0,0,144,0,144,140,45,183,0,368,20,0,20,388
10/15/2006,BUR,CA,AWP,WE,Towers with Radar,156,57,69,0,282,0,1,199,0,200,156,58,268,0,482,0,0,0,482
10/16/2006,BUR,CA,AWP,WE,Towers with Radar,163,83,48,0,294,0,3,177,1,181,163,86,225,1,475,18,0,18,493
10/17/2006,BUR,CA,AWP,WE,Towers with Radar,165,107,47,0,319,0,8,187,0,195,165,115,234,0,514,2,0,2,516
10/18/2006,BUR,CA,AWP,WE,Towers with Radar,166,95,37,0,298,0,18,169,0,187,166,113,206,0,485,0,0,0,485
10/19/2006,BUR,CA,AWP,WE,Towers with Radar,163,101,58,2,324,0,17,278,0,295,163,118,336,2,619,8,0,8,627
10/20/2006,BUR,CA,AWP,WE,Towers with Radar,161,98,59,0,318,0,27,326,0,353,161,125,385,0,671,100,0,100,771
10/21/2006,BUR,CA,AWP,WE,Towers with Radar,139,60,38,0,237,0,1,252,0,253,139,61,290,0,490,62,0,62,552
10/22/2006,BUR,CA,AWP,WE,Towers with Radar,154,46,70,0,270,0,1,235,0,236,154,47,305,0,506,44,0,44,550
10/23/2006,BUR,CA,AWP,WE,Towers with Radar,166,82,47,0,295,0,12,248,0,260,166,94,295,0,555,24,0,24,579
10/24/2006,BUR,CA,AWP,WE,Towers with Radar,169,112,70,0,351,0,10,223,0,233,169,122,293,0,584,10,0,10,594
10/25/2006,BUR,CA,AWP,WE,Towers with Radar,159,110,56,0,325,0,9,190,3,202,159,119,246,3,527,98,0,98,625
10/26/2006,BUR,CA,AWP,WE,Towers with Radar,146,100,58,0,304,0,14,182,0,196,146,114,240,0,500,0,0,0,500
10/27/2006,BUR,CA,AWP,WE,Towers with Radar,172,97,36,0,305,0,23,290,7,320,172,120,326,7,625,110,0,110,735
10/28/2006,BUR,CA,AWP,WE,Towers with Radar,133,50,28,0,211,0,5,176,0,181,133,55,204,0,392,38,0,38,430
10/29/2006,BUR,CA,AWP,WE,Towers with Radar,161,55,48,0,264,0,0,246,0,246,161,55,294,0,510,84,0,84,594
10/30/2006,BUR,CA,AWP,WE,Towers with Radar,169,98,53,0,320,0,3,241,0,244,169,101,294,0,564,24,0,24,588
10/31/2006,BUR,CA,AWP,WE,Towers with Radar,163,116,53,0,332,0,8,179,0,187,163,124,232,0,519,0,0,0,519
11/01/2006,BUR,CA,AWP,WE,Towers with Radar,170,102,61,0,333,0,13,199,0,212,170,115,260,0,545,8,0,8,553
11/02/2006,BUR,CA,AWP,WE,Towers with Radar,168,98,54,8,328,0,12,247,0,259,168,110,301,8,587,14,0,14,601
11/03/2006,BUR,CA,AWP,WE,Towers with Radar,174,93,49,0,316,0,19,207,0,226,174,112,256,0,542,8,0,8,550
11/04/2006,BUR,CA,AWP,WE,Towers with Radar,117,46,30,0,193,0,1,140,0,141,117,47,170,0,334,0,0,0,334
11/05/2006,BUR,CA,AWP,WE,Towers with Radar,154,61,69,0,284,0,0,273,0,273,154,61,342,0,557,0,0,0,557
11/06/2006,BUR,CA,AWP,WE,Towers with Radar,167,80,48,0,295,0,10,282,0,292,167,90,330,0,587,22,0,22,609
11/07/2006,BUR,CA,AWP,WE,Towers with Radar,167,106,45,0,318,0,12,260,7,279,167,118,305,7,597,0,0,0,597
11/08/2006,BUR,CA,AWP,WE,Towers with Radar,155,87,52,0,294,0,13,267,0,280,155,100,319,0,574,16,0,16,590
11/09/2006,BUR,CA,AWP,WE,Towers with Radar,187,103,64,1,355,0,9,277,2,288,187,112,341,3,643,12,0,12,655
11/10/2006,BUR,CA,AWP,WE,Towers with Radar,168,94,61,1,324,0,19,327,6,352,168,113,388,7,676,50,0,50,726
11/11/2006,BUR,CA,AWP,WE,Towers with Radar,118,61,38,0,217,0,10,196,0,206,118,71,234,0,423,28,0,28,451
11/12/2006,BUR,CA,AWP,WE,Towers with Radar,163,58,52,0,273,0,2,220,0,222,163,60,272,0,495,54,0,54,549
11/13/2006,BUR,CA,AWP,WE,Towers with Radar,162,93,57,0,312,0,10,250,0,260,162,103,307,0,572,26,0,26,598
11/14/2006,BUR,CA,AWP,WE,Towers with Radar,164,106,55,1,326,0,10,186,1,197,164,116,241,2,523,36,0,36,559
11/15/2006,BUR,CA,AWP,WE,Towers with Radar,170,106,56,0,332,0,17,272,12,301,170,123,328,12,633,8,0,8,641
11/16/2006,BUR,CA,AWP,WE,Towers with Radar,166,98,75,0,339,0,15,359,0,374,166,113,434,0,713,34,0,34,747
11/17/2006,BUR,CA,AWP,WE,Towers with Radar,182,110,62,0,354,0,20,303,3,326,182,130,365,3,680,8,0,8,688
11/18/2006,BUR,CA,AWP,WE,Towers with Radar,106,58,32,0,196,0,2,174,0,176,106,60,206,0,372,78,0,78,450
11/19/2006,BUR,CA,AWP,WE,Towers with Radar,151,55,57,0,263,0,8,227,0,235,151,63,284,0,498,56,0,56,554
11/20/2006,BUR,CA,AWP,WE,Towers with Radar,173,99,44,0,316,0,18,298,0,316,173,117,342,0,632,78,0,78,710
11/21/2006,BUR,CA,AWP,WE,Towers with Radar,165,108,62,1,336,0,12,262,22,296,165,120,324,23,632,22,0,22,654
11/22/2006,BUR,CA,AWP,WE,Towers with Radar,172,92,75,1,340,0,12,222,1,235,172,104,297,2,575,0,0,0,575
11/23/2006,BUR,CA,AWP,WE,Towers with Radar,140,46,44,0,230,0,0,176,0,176,140,46,220,0,406,0,0,0,406
11/24/2006,BUR,CA,AWP,WE,Towers with Radar,160,58,39,0,257,0,4,251,0,255,160,62,290,0,512,34,0,34,546
11/25/2006,BUR,CA,AWP,WE,Towers with Radar,119,54,44,0,217,0,5,167,0,172,119,59,211,0,389,44,0,44,433
11/26/2006,BUR,CA,AWP,WE,Towers with Radar,159,57,92,1,309,0,5,257,0,262,159,62,349,1,571,96,0,96,667
11/27/2006,BUR,CA,AWP,WE,Towers with Radar,169,101,48,0,318,0,3,233,0,236,169,104,281,0,554,18,0,18,572
11/28/2006,BUR,CA,AWP,WE,Towers with Radar,171,104,42,1,318,0,6,189,1,196,171,110,231,2,514,0,0,0,514
11/29/2006,BUR,CA,AWP,WE,Towers with Radar,156,101,50,0,307,0,16,214,11,241,156,117,264,11,548,0,0,0,548
11/30/2006,BUR,CA,AWP,WE,Towers with Radar,164,110,44,0,318,0,9,202,0,211,164,119,246,0,529,0,0,0,529
12/01/2006,BUR,CA,AWP,WE,Towers with Radar,158,122,54,0,334,0,13,282,0,295,158,135,336,0,629,44,0,44,673
12/02/2006,BUR,CA,AWP,WE,Towers with Radar,109,58,40,0,207,0,5,185,0,190,109,63,225,0,397,18,0,18,415
12/03/2006,BUR,CA,AWP,WE,Towers with Radar,155,56,52,0,263,0,3,232,0,235,155,59,284,0,498,52,0,52,550
12/04/2006,BUR,CA,AWP,WE,Towers with Radar,163,81,40,0,284,0,10,192,0,202,163,91,232,0,486,16,0,16,502
12/05/2006,BUR,CA,AWP,WE,Towers with Radar,162,97,45,0,304,0,11,246,0,257,162,108,291,0,561,28,0,28,589
12/06/2006,BUR,CA,AWP,WE,Towers with Radar,160,113,52,0,325,0,17,218,2,237,160,130,270,2,562,20,0,20,582
12/07/2006,BUR,CA,AWP,WE,Towers with Radar,173,105,56,0,334,0,19,254,0,273,173,124,310,0,607,8,0,8,615
12/08/2006,BUR,CA,AWP,WE,Towers with Radar,162,83,56,0,301,0,13,284,3,300,162,96,340,3,601,29,0,29,630
12/09/2006,BUR,CA,AWP,WE,Towers with Radar,119,40,41,0,200,0,0,188,0,188,119,40,229,0,388,14,0,14,402
12/10/2006,BUR,CA,AWP,WE,Towers with Radar,158,56,45,0,259,0,1,206,0,207,158,57,251,0,466,28,0,28,494
12/11/2006,BUR,CA,AWP,WE,Towers with Radar,160,86,45,0,291,0,11,227,0,238,160,97,272,0,529,0,0,0,529
12/12/2006,BUR,CA,AWP,WE,Towers with Radar,162,93,50,0,305,0,8,219,0,227,162,101,269,0,532,0,0,0,532
12/13/2006,BUR,CA,AWP,WE,Towers with Radar,170,103,58,0,331,0,13,260,0,273,170,116,318,0,604,0,0,0,604
12/14/2006,BUR,CA,AWP,WE,Towers with Radar,187,89,57,0,333,0,18,247,0,265,187,107,304,0,598,18,0,18,616
12/15/2006,BUR,CA,AWP,WE,Towers with Radar,176,65,56,0,297,0,20,216,0,236,176,85,272,0,533,0,0,0,533
12/16/2006,BUR,CA,AWP,WE,Towers with Radar,107,36,52,0,195,0,0,56,0,56,107,36,108,0,251,14,0,14,265
12/17/2006,BUR,CA,AWP,WE,Towers with Radar,146,46,31,0,223,0,5,219,0,224,146,51,250,0,447,20,0,20,467
12/18/2006,BUR,CA,AWP,WE,Towers with Radar,143,75,54,0,272,0,12,181,0,193,143,87,235,0,465,10,0,10,475
12/19/2006,BUR,CA,AWP,WE,Towers with Radar,172,104,46,0,322,0,22,262,1,285,172,126,308,1,607,18,0,18,625
12/20/2006,BUR,CA,AWP,WE,Towers with Radar,174,114,78,1,367,0,29,333,2,364,174,143,411,3,731,76,0,76,807
12/21/2006,BUR,CA,AWP,WE,Towers with Radar,166,89,46,0,301,0,16,207,0,223,166,105,253,0,524,6,0,6,530
12/22/2006,BUR,CA,AWP,WE,Towers with Radar,187,97,66,0,350,0,6,300,1,307,187,103,366,1,657,0,0,0,657
12/23/2006,BUR,CA,AWP,WE,Towers with Radar,129,56,48,0,233,0,12,181,0,193,129,68,229,0,426,0,0,0,426
12/24/2006,BUR,CA,AWP,WE,Towers with Radar,124,35,35,0,194,0,0,148,0,148,124,35,183,0,342,50,0,50,392
12/25/2006,BUR,CA,AWP,WE,Towers with Radar,126,37,15,0,178,0,0,103,0,103,126,37,118,0,281,0,0,0,281
12/26/2006,BUR,CA,AWP,WE,Towers with Radar,153,92,58,0,303,0,12,168,0,180,153,104,226,0,483,0,0,0,483
12/27/2006,BUR,CA,AWP,WE,Towers with Radar,167,103,41,0,311,0,9,102,0,111,167,112,143,0,422,0,0,0,422
12/28/2006,BUR,CA,AWP,WE,Towers with Radar,171,89,47,0,307,0,16,153,0,169,171,105,200,0,476,0,0,0,476
12/29/2006,BUR,CA,AWP,WE,Towers with Radar,157,96,44,0,297,0,26,251,2,279,157,122,295,2,576,30,0,30,606
12/30/2006,BUR,CA,AWP,WE,Towers with Radar,140,65,44,0,249,0,4,200,0,204,140,69,244,0,453,52,0,52,505
12/31/2006,BUR,CA,AWP,WE,Towers with Radar,115,61,48,0,224,0,0,208,1,209,115,61,256,1,433,48,0,48,481
01/01/2007,BUR,CA,AWP,WE,Towers with Radar,150,63,85,0,298,0,4,113,0,117,150,67,198,0,415,0,0,0,415
01/02/2007,BUR,CA,AWP,WE,Towers with Radar,165,87,51,0,303,0,11,229,0,240,165,98,280,0,543,0,0,0,543
01/03/2007,BUR,CA,AWP,WE,Towers with Radar,158,104,52,0,314,0,14,217,0,231,158,118,269,0,545,40,0,40,585
01/04/2007,BUR,CA,AWP,WE,Towers with Radar,160,112,55,0,327,0,1,197,0,198,160,113,252,0,525,22,0,22,547
01/05/2007,BUR,CA,AWP,WE,Towers with Radar,166,95,51,0,312,0,8,195,0,203,166,103,246,0,515,2,0,2,517
01/06/2007,BUR,CA,AWP,WE,Towers with Radar,117,49,34,0,200,0,5,202,0,207,117,54,236,0,407,8,0,8,415
01/07/2007,BUR,CA,AWP,WE,Towers with Radar,157,60,41,0,258,0,2,181,0,183,157,62,222,0,441,0,0,0,441
01/08/2007,BUR,CA,AWP,WE,Towers with Radar,158,73,47,0,278,0,10,153,9,172,158,83,200,9,450,0,0,0,450
01/09/2007,BUR,CA,AWP,WE,Towers with Radar,157,109,39,0,305,0,15,197,2,214,157,124,236,2,519,14,0,14,533
01/10/2007,BUR,CA,AWP,WE,Towers with Radar,143,99,49,0,291,0,12,195,1,208,143,111,244,1,499,34,0,34,533
01/11/2007,BUR,CA,AWP,WE,Towers with Radar,173,108,64,0,345,0,3,190,0,193,173,111,254,0,538,0,0,0,538
01/12/2007,BUR,CA,AWP,WE,Towers with Radar,171,97,46,0,314,0,30,241,22,293,171,127,287,22,607,0,0,0,607
01/13/2007,BUR,CA,AWP,WE,Towers with Radar,115,44,37,0,196,0,2,123,0,125,115,46,160,0,321,16,0,16,337
01/14/2007,BUR,CA,AWP,WE,Towers with Radar,121,44,42,0,207,0,5,169,0,174,121,49,211,0,381,36,0,36,417
01/15/2007,BUR,CA,AWP,WE,Towers with Radar,178,66,52,0,296,0,5,303,0,308,178,71,355,0,604,0,0,0,604
01/16/2007,BUR,CA,AWP,WE,Towers with Radar,165,78,39,0,282,0,16,208,1,225,165,94,247,1,507,0,0,0,507
01/17/2007,BUR,CA,AWP,WE,Towers with Radar,169,94,62,0,325,0,16,206,1,223,169,110,268,1,548,0,0,0,548
01/18/2007,BUR,CA,AWP,WE,Towers with Radar,156,86,54,0,296,0,6,243,1,250,156,92,297,1,546,0,0,0,546
01/19/2007,BUR,CA,AWP,WE,Towers with Radar,165,78,39,2,284,0,6,233,0,239,165,84,272,2,523,8,0,8,531
01/20/2007,BUR,CA,AWP,WE,Towers with Radar,119,41,50,0,210,0,2,236,0,238,119,43,286,0,448,68,0,68,516
01/21/2007,BUR,CA,AWP,WE,Towers with Radar,146,49,36,0,231,0,2,119,0,121,146,51,155,0,352,2,0,2,354
01/22/2007,BUR,CA,AWP,WE,Towers with Radar,157,80,48,0,285,0,18,241,0,259,157,98,289,0,544,10,0,10,554
01/23/2007,BUR,CA,AWP,WE,Towers with Radar,157,105,55,0,317,0,17,236,4,257,157,122,291,4,574,12,0,12,586
01/24/2007,BUR,CA,AWP,WE,Towers with Radar,170,91,73,0,334,0,23,299,2,324,170,114,372,2,658,20,0,20,678
01/25/2007,BUR,CA,AWP,WE,Towers with Radar,181,97,75,0,353,0,25,292,0,317,181,122,367,0,670,0,0,0,670
01/26/2007,BUR,CA,AWP,WE,Towers with Radar,156,84,50,0,290,0,9,302,2,313,156,93,352,2,603,8,0,8,611
01/27/2007,BUR,CA,AWP,WE,Towers with Radar,119,38,42,0,199,0,0,186,0,186,119,38,228,0,385,0,0,0,385
01/28/2007,BUR,CA,AWP,WE,Towers with Radar,147,51,41,0,239,0,3,131,0,134,147,54,172,0,373,0,0,0,373
01/29/2007,BUR,CA,AWP,WE,Towers with Radar,154,87,46,0,287,0,10,213,0,223,154,97,259,0,510,16,0,16,526
01/30/2007,BUR,CA,AWP,WE,Towers with Radar,166,126,34,1,327,0,3,173,0,176,166,129,207,1,503,2,0,2,505
01/31/2007,BUR,CA,AWP,WE,Towers with Radar,177,105,59,0,341,0,2,221,0,223,177,107,280,0,564,46,0,46,610
02/01/2007,BUR,CA,AWP,WE,Towers with Radar,170,115,50,4,339,0,9,231,2,242,170,124,281,6,581,0,0,0,581
02/02/2007,BUR,CA,AWP,WE,Towers with Radar,155,94,58,0,307,0,5,254,0,259,155,99,312,0,566,0,0,0,566
02/03/2007,BUR,CA,AWP,WE,Towers with Radar,107,50,46,0,203,0,3,253,0,256,107,53,299,0,459,47,0,47,506
02/04/2007,BUR,CA,AWP,WE,Towers with Radar,136,52,37,0,225,0,1,224,0,225,136,53,261,0,450,2,0,2,452
02/05/2007,BUR,CA,AWP,WE,Towers with Radar,147,77,46,0,270,0,6,267,0,273,147,83,313,0,543,0,0,0,543
02/06/2007,BUR,CA,AWP,WE,Towers with Radar,157,91,47,0,295,0,17,238,0,255,157,108,285,0,550,10,0,10,560
02/07/2007,BUR,CA,AWP,WE,Towers with Radar,177,96,58,0,331,0,15,306,0,321,177,111,364,0,652,0,0,0,652
02/08/2007,BUR,CA,AWP,WE,Towers with Radar,185,106,71,0,362,0,12,279,1,292,185,118,350,1,654,30,0,30,684
02/09/2007,BUR,CA,AWP,WE,Towers with Radar,162,87,41,0,290,0,7,234,0,241,162,94,275,0,531,6,0,6,537
02/10/2007,BUR,CA,AWP,WE,Towers with Radar,112,53,49,0,214,0,4,238,0,242,112,57,287,0,456,80,0,80,536
02/11/2007,BUR,CA,AWP,WE,Towers with Radar,141,42,63,0,246,0,0,135,1,136,141,42,198,1,382,0,0,0,382
02/12/2007,BUR,CA,AWP,WE,Towers with Radar,162,86,46,0,294,0,4,217,0,221,162,90,263,0,515,2,0,2,517
02/13/2007,BUR,CA,AWP,WE,Towers with Radar,162,89,65,0,316,0,3,299,0,302,162,92,364,0,618,0,0,0,618
02/14/2007,BUR,CA,AWP,WE,Towers with Radar,158,105,46,0,309,0,19,261,0,280,158,124,307,0,589,4,0,4,593
02/15/2007,BUR,CA,AWP,WE,Towers with Radar,182,92,73,0,347,0,13,271,4,288,182,105,344,4,635,18,0,18,653
02/16/2007,BUR,CA,AWP,WE,Towers with Radar,171,87,58,0,316,0,12,284,4,300,171,99,342,4,616,32,0,32,648
02/17/2007,BUR,CA,AWP,WE,Towers with Radar,110,52,27,0,189,0,1,203,0,204,110,53,230,0,393,70,0,70,463
02/18/2007,BUR,CA,AWP,WE,Towers with Radar,144,45,42,0,231,0,1,171,0,172,144,46,213,0,403,8,0,8,411
02/19/2007,BUR,CA,AWP,WE,Towers with Radar,169,52,59,0,280,0,6,223,0,229,169,58,282,0,509,0,0,0,509
02/20/2007,BUR,CA,AWP,WE,Towers with Radar,176,94,73,0,343,0,4,207,2,213,176,98,280,2,556,34,0,34,590
02/21/2007,BUR,CA,AWP,WE,Towers with Radar,168,107,73,0,348,0,15,290,2,307,168,122,363,2,655,12,0,12,667
02/22/2007,BUR,CA,AWP,WE,Towers with Radar,168,127,60,2,357,0,1,142,0,143,168,128,202,2,500,14,0,14,514
02/23/2007,BUR,CA,AWP,WE,Towers with Radar,189,101,77,2,369,0,10,279,1,290,189,111,356,3,659,34,0,34,693
02/24/2007,BUR,CA,AWP,WE,Towers with Radar,117,56,47,1,221,0,4,250,0,254,117,60,297,1,475,78,0,78,553
02/25/2007,BUR,CA,AWP,WE,Towers with Radar,141,47,64,1,253,0,0,170,0,170,141,47,234,1,423,8,0,8,431
02/26/2007,BUR,CA,AWP,WE,Towers with Radar,165,80,66,0,311,0,3,257,0,260,165,83,323,0,571,24,0,24,595
02/27/2007,BUR,CA,AWP,WE,Towers with Radar,161,102,44,2,309,0,3,173,0,176,161,105,217,2,485,2,0,2,487
02/28/2007,BUR,CA,AWP,WE,Towers with Radar,159,104,68,0,331,0,4,264,2,270,159,108,332,2,601,27,0,27,628
03/01/2007,BUR,CA,AWP,WE,Towers with Radar,170,107,78,1,356,0,13,261,0,274,170,120,339,1,630,0,0,0,630
03/02/2007,BUR,CA,AWP,WE,Towers with Radar,154,83,50,2,289,0,11,267,2,280,154,94,317,4,569,37,0,37,606
03/03/2007,BUR,CA,AWP,WE,Towers with Radar,114,66,43,0,223,0,4,180,0,184,114,70,223,0,407,22,0,22,429
03/04/2007,BUR,CA,AWP,WE,Towers with Radar,140,50,37,0,227,0,0,236,14,250,140,50,273,14,477,4,0,4,481
03/05/2007,BUR,CA,AWP,WE,Towers with Radar,162,75,36,0,273,0,10,246,0,256,162,85,282,0,529,44,0,44,573
03/06/2007,BUR,CA,AWP,WE,Towers with Radar,178,93,49,0,320,0,6,210,8,224,178,99,259,8,544,86,0,86,630
03/07/2007,BUR,CA,AWP,WE,Towers with Radar,159,97,75,0,331,0,9,240,0,249,159,106,315,0,580,16,0,16,596
03/08/2007,BUR,CA,AWP,WE,Towers with Radar,168,92,70,2,332,0,16,301,1,318,168,108,371,3,650,6,0,6,656
03/09/2007,BUR,CA,AWP,WE,Towers with Radar,159,88,68,2,317,0,10,220,0,230,159,98,288,2,547,20,0,20,567
03/10/2007,BUR,CA,AWP,WE,Towers with Radar,126,54,36,0,216,0,5,263,0,268,126,59,299,0,484,42,0,42,526
03/11/2007,BUR,CA,AWP,WE,Towers with Radar,142,54,42,0,238,0,2,224,2,228,142,56,266,2,466,26,0,26,492
03/12/2007,BUR,CA,AWP,WE,Towers with Radar,161,76,44,0,281,0,10,256,0,266,161,86,300,0,547,10,0,10,557
03/13/2007,BUR,CA,AWP,WE,Towers with Radar,158,94,56,0,308,0,20,287,3,310,158,114,343,3,618,22,0,22,640
03/14/2007,BUR,CA,AWP,WE,Towers with Radar,167,94,69,0,330,0,12,207,0,219,167,106,276,0,549,0,0,0,549
03/15/2007,BUR,CA,AWP,WE,Towers with Radar,172,92,57,2,323,0,8,197,0,205,172,100,254,2,528,2,0,2,530
03/16/2007,BUR,CA,AWP,WE,Towers with Radar,179,94,58,1,332,0,11,209,0,220,179,105,267,1,552,2,0,2,554
03/17/2007,BUR,CA,AWP,WE,Towers with Radar,130,36,52,2,220,0,0,186,0,186,130,36,238,2,406,34,0,34,440
03/18/2007,BUR,CA,AWP,WE,Towers with Radar,148,50,57,0,255,0,0,133,0,133,148,50,190,0,388,24,0,24,412
03/19/2007,BUR,CA,AWP,WE,Towers with Radar,158,87,56,0,301,0,2,181,0,183,158,89,237,0,484,24,0,24,508
03/20/2007,BUR,CA,AWP,WE,Towers with Radar,160,109,54,0,323,0,0,138,0,138,160,109,192,0,461,0,0,0,461
03/21/2007,BUR,CA,AWP,WE,Towers with Radar,173,107,66,0,346,0,3,192,0,195,173,110,258,0,541,34,0,34,575
03/22/2007,BUR,CA,AWP,WE,Towers with Radar,173,80,49,0,302,0,24,211,1,236,173,104,260,1,538,16,0,16,554
03/23/2007,BUR,CA,AWP,WE,Towers with Radar,173,80,42,0,295,0,18,250,1,269,173,98,292,1,564,2,0,2,566
03/24/2007,BUR,CA,AWP,WE,Towers with Radar,122,47,38,0,207,0,3,188,0,191,122,50,226,0,398,6,0,6,404
03/25/2007,BUR,CA,AWP,WE,Towers with Radar,149,30,54,0,233,0,1,193,0,194,149,31,247,0,427,0,0,0,427
03/26/2007,BUR,CA,AWP,WE,Towers with Radar,152,83,55,0,290,0,3,127,0,130,152,86,182,0,420,0,0,0,420
03/27/2007,BUR,CA,AWP,WE,Towers with Radar,167,92,38,0,297,0,2,137,1,140,167,94,175,1,437,0,0,0,437
03/28/2007,BUR,CA,AWP,WE,Towers with Radar,174,95,52,0,321,0,0,0,0,0,174,95,52,0,321,0,0,0,321
03/29/2007,BUR,CA,AWP,WE,Towers with Radar,183,82,55,1,321,0,8,281,4,293,183,90,336,5,614,32,0,32,646
03/30/2007,BUR,CA,AWP,WE,Towers with Radar,147,89,72,0,308,0,16,352,0,368,147,105,424,0,676,0,0,0,676
03/31/2007,BUR,CA,AWP,WE,Towers with Radar,134,56,41,0,231,0,2,235,0,237,134,58,276,0,468,10,0,10,478
04/01/2007,BUR,CA,AWP,WE,Towers with Radar,151,39,56,1,247,0,1,157,0,158,151,40,213,1,405,16,0,16,421
04/02/2007,BUR,CA,AWP,WE,Towers with Radar,160,69,58,3,290,0,7,198,1,206,160,76,256,4,496,2,0,2,498
04/03/2007,BUR,CA,AWP,WE,Towers with Radar,164,103,56,0,323,0,12,169,2,183,164,115,225,2,506,0,0,0,506
04/04/2007,BUR,CA,AWP,WE,Towers with Radar,173,102,53,0,328,0,8,172,0,180,173,110,225,0,508,0,0,0,508
04/05/2007,BUR,CA,AWP,WE,Towers with Radar,174,117,63,1,355,0,3,234,0,237,174,120,297,1,592,4,0,4,596
04/06/2007,BUR,CA,AWP,WE,Towers with Radar,165,112,56,0,333,0,0,185,24,209,165,112,241,24,542,0,0,0,542
04/07/2007,BUR,CA,AWP,WE,Towers with Radar,117,50,54,0,221,0,0,131,0,131,117,50,185,0,352,0,0,0,352
04/08/2007,BUR,CA,AWP,WE,Towers with Radar,164,40,60,0,264,0,2,98,0,100,164,42,158,0,364,56,0,56,420
04/09/2007,BUR,CA,AWP,WE,Towers with Radar,167,78,37,1,283,0,11,191,0,202,167,89,228,1,485,0,0,0,485
04/10/2007,BUR,CA,AWP,WE,Towers with Radar,158,80,47,0,285,0,12,231,1,244,158,92,278,1,529,26,0,26,555
04/11/2007,BUR,CA,AWP,WE,Towers with Radar,169,92,60,0,321,0,14,236,0,250,169,106,296,0,571,24,0,24,595
04/12/2007,BUR,CA,AWP,WE,Towers with Radar,191,81,49,0,321,0,10,149,0,159,191,91,198,0,480,2,0,2,482
04/13/2007,BUR,CA,AWP,WE,Towers with Radar,165,71,38,0,274,0,7,229,4,240,165,78,267,4,514,36,0,36,550
04/14/2007,BUR,CA,AWP,WE,Towers with Radar,124,52,35,0,211,0,1,205,0,206,124,53,240,0,417,0,0,0,417
04/15/2007,BUR,CA,AWP,WE,Towers with Radar,166,32,59,0,257,0,1,130,0,131,166,33,189,0,388,6,0,6,394
04/16/2007,BUR,CA,AWP,WE,Towers with Radar,153,74,42,0,269,0,20,177,2,199,153,94,219,2,468,22,0,22,490
04/17/2007,BUR,CA,AWP,WE,Towers with Radar,182,88,53,2,325,0,6,179,0,185,182,94,232,2,510,14,0,14,524
04/18/2007,BUR,CA,AWP,WE,Towers with Radar,201,89,52,0,342,0,8,167,3,178,201,97,219,3,520,0,0,0,520
04/19/2007,BUR,CA,AWP,WE,Towers with Radar,161,97,55,0,313,0,18,222,5,245,161,115,277,5,558,4,0,4,562
04/20/2007,BUR,CA,AWP,WE,Towers with Radar,173,89,52,0,314,0,1,174,0,175,173,90,226,0,489,0,0,0,489
04/21/2007,BUR,CA,AWP,WE,Towers with Radar,128,40,33,0,201,0,3,142,0,145,128,43,175,0,346,0,0,0,346
04/22/2007,BUR,CA,AWP,WE,Towers with Radar,144,49,39,0,232,0,1,100,0,101,144,50,139,0,333,20,0,20,353
04/23/2007,BUR,CA,AWP,WE,Towers with Radar,167,75,47,4,293,0,10,201,0,211,167,85,248,4,504,0,0,0,504
04/24/2007,BUR,CA,AWP,WE,Towers with Radar,166,111,66,0,343,0,10,258,0,268,166,121,324,0,611,6,0,6,617
04/25/2007,BUR,CA,AWP,WE,Towers with Radar,175,90,55,0,320,1,20,253,0,274,176,110,308,0,594,28,0,28,622
04/26/2007,BUR,CA,AWP,WE,Towers with Radar,175,103,51,0,329,0,6,207,1,214,175,109,258,1,543,74,0,74,617
04/27/2007,BUR,CA,AWP,WE,Towers with Radar,187,60,38,0,285,0,37,320,0,357,187,97,358,0,642,44,0,44,686
04/28/2007,BUR,CA,AWP,WE,Towers with Radar,123,41,32,0,196,6,4,192,0,202,129,45,224,0,398,0,0,0,398
04/29/2007,BUR,CA,AWP,WE,Towers with Radar,160,42,58,0,260,0,2,159,0,161,160,44,217,0,421,0,0,0,421
04/30/2007,BUR,CA,AWP,WE,Towers with Radar,164,84,58,1,307,0,7,279,0,286,164,91,337,1,593,14,0,14,607
05/01/2007,BUR,CA,AWP,WE,Towers with Radar,166,104,57,2,329,0,5,227,0,232,166,109,284,2,561,0,0,0,561
05/02/2007,BUR,CA,AWP,WE,Towers with Radar,187,106,69,0,362,0,4,212,0,216,187,110,281,0,578,8,0,8,586
05/03/2007,BUR,CA,AWP,WE,Towers with Radar,186,107,56,1,350,0,10,214,1,225,186,117,270,2,575,42,0,42,617
05/04/2007,BUR,CA,AWP,WE,Towers with Radar,170,103,58,0,331,0,9,235,3,247,170,112,293,3,578,6,0,6,584
05/05/2007,BUR,CA,AWP,WE,Towers with Radar,127,40,31,0,198,0,3,170,0,173,127,43,201,0,371,0,0,0,371
05/06/2007,BUR,CA,AWP,WE,Towers with Radar,169,60,36,0,265,0,3,201,0,204,169,63,237,0,469,0,0,0,469
05/07/2007,BUR,CA,AWP,WE,Towers with Radar,164,63,24,0,251,0,6,216,1,223,164,69,240,1,474,0,0,0,474
05/08/2007,BUR,CA,AWP,WE,Towers with Radar,164,89,40,0,293,0,10,310,0,320,164,99,350,0,613,14,0,14,627
05/09/2007,BUR,CA,AWP,WE,Towers with Radar,178,93,52,4,327,0,14,322,0,336,178,107,374,4,663,2,0,2,665
05/10/2007,BUR,CA,AWP,WE,Towers with Radar,188,90,66,0,344,0,10,272,1,283,188,100,338,1,627,44,0,44,671
05/11/2007,BUR,CA,AWP,WE,Towers with Radar,176,80,65,0,321,0,12,273,0,285,176,92,338,0,606,8,0,8,614
05/12/2007,BUR,CA,AWP,WE,Towers with Radar,119,33,31,0,183,0,0,205,1,206,119,33,236,1,389,24,0,24,413
05/13/2007,BUR,CA,AWP,WE,Towers with Radar,157,37,44,0,238,0,4,161,0,165,157,41,205,0,403,0,0,0,403
05/14/2007,BUR,CA,AWP,WE,Towers with Radar,166,71,53,0,290,0,5,252,1,258,166,76,305,1,548,56,0,56,604
05/15/2007,BUR,CA,AWP,WE,Towers with Radar,175,91,53,0,319,0,5,223,1,229,175,96,276,1,548,92,0,92,640
05/16/2007,BUR,CA,AWP,WE,Towers with Radar,179,99,59,0,337,0,10,239,1,250,179,109,298,1,587,34,0,34,621
05/17/2007,BUR,CA,AWP,WE,Towers with Radar,184,97,56,0,337,0,18,276,2,296,184,115,332,2,633,20,0,20,653
05/18/2007,BUR,CA,AWP,WE,Towers with Radar,176,90,63,0,329,0,9,267,0,276,176,99,330,0,605,28,0,28,633
05/19/2007,BUR,CA,AWP,WE,Towers with Radar,135,38,41,0,214,0,0,132,0,132,135,38,173,0,346,0,0,0,346
05/20/2007,BUR,CA,AWP,WE,Towers with Radar,158,52,55,0,265,0,3,188,0,191,158,55,243,0,456,0,0,0,456
05/21/2007,BUR,CA,AWP,WE,Towers with Radar,168,82,69,0,319,0,1,215,0,216,168,83,284,0,535,36,0,36,571
05/22/2007,BUR,CA,AWP,WE,Towers with Radar,192,93,53,0,338,0,5,211,0,216,192,98,264,0,554,20,0,20,574
05/23/2007,BUR,CA,AWP,WE,Towers with Radar,191,105,83,0,379,0,10,306,1,317,191,115,389,1,696,0,0,0,696
05/24/2007,BUR,CA,AWP,WE,Towers with Radar,195,107,71,0,373,0,6,260,0,266,195,113,331,0,639,2,0,2,641
05/25/2007,BUR,CA,AWP,WE,Towers with Radar,187,89,49,1,326,0,0,273,0,273,187,89,322,1,599,0,0,0,599
05/26/2007,BUR,CA,AWP,WE,Towers with Radar,144,50,44,0,238,0,0,201,0,201,144,50,245,0,439,18,0,18,457
05/27/2007,BUR,CA,AWP,WE,Towers with Radar,117,33,39,0,189,0,1,162,0,163,117,34,201,0,352,18,0,18,370
05/28/2007,BUR,CA,AWP,WE,Towers with Radar,142,39,47,1,229,0,0,217,3,220,142,39,264,4,449,8,0,8,457
05/29/2007,BUR,CA,AWP,WE,Towers with Radar,171,85,49,0,305,0,4,165,0,169,171,89,214,0,474,42,0,42,516
05/30/2007,BUR,CA,AWP,WE,Towers with Radar,171,95,53,0,319,0,7,211,0,218,171,102,264,0,537,12,0,12,549
05/31/2007,BUR,CA,AWP,WE,Towers with Radar,180,92,68,1,341,0,1,205,0,206,180,93,273,1,547,16,0,16,563
06/01/2007,BUR,CA,AWP,WE,Towers with Radar,194,84,67,1,346,0,9,275,2,286,194,93,342,3,632,0,0,0,632
06/02/2007,BUR,CA,AWP,WE,Towers with Radar,142,46,27,0,215,0,3,181,0,184,142,49,208,0,399,14,0,14,413
06/03/2007,BUR,CA,AWP,WE,Towers with Radar,151,45,54,1,251,0,0,144,0,144,151,45,198,1,395,44,0,44,439
06/04/2007,BUR,CA,AWP,WE,Towers with Radar,162,58,45,0,265,0,5,169,0,174,162,63,214,0,439,2,0,2,441
06/05/2007,BUR,CA,AWP,WE,Towers with Radar,181,97,75,2,355,0,2,168,0,170,181,99,243,2,525,0,0,0,525
06/06/2007,BUR,CA,AWP,WE,Towers with Radar,170,90,48,0,308,0,5,204,2,211,170,95,252,2,519,12,0,12,531
06/07/2007,BUR,CA,AWP,WE,Towers with Radar,185,93,59,0,337,0,13,211,0,224,185,106,270,0,561,4,0,4,565
06/08/2007,BUR,CA,AWP,WE,Towers with Radar,188,70,61,1,320,0,13,278,0,291,188,83,339,1,611,24,0,24,635
06/09/2007,BUR,CA,AWP,WE,Towers with Radar,148,35,36,0,219,0,2,167,0,169,148,37,203,0,388,26,0,26,414
06/10/2007,BUR,CA,AWP,WE,Towers with Radar,155,43,45,1,244,0,0,122,0,122,155,43,167,1,366,34,0,34,400
06/11/2007,BUR,CA,AWP,WE,Towers with Radar,165,85,59,0,309,0,5,186,1,192,165,90,245,1,501,18,0,18,519
06/12/2007,BUR,CA,AWP,WE,Towers with Radar,174,106,61,1,342,0,8,167,2,177,174,114,228,3,519,2,0,2,521
06/13/2007,BUR,CA,AWP,WE,Towers with Radar,184,96,58,0,338,0,5,236,4,245,184,101,294,4,583,32,0,32,615
06/14/2007,BUR,CA,AWP,WE,Towers with Radar,164,93,45,5,307,0,10,227,0,237,164,103,272,5,544,36,0,36,580
06/15/2007,BUR,CA,AWP,WE,Towers with Radar,175,86,39,0,300,0,5,197,4,206,175,91,236,4,506,1,0,1,507
06/16/2007,BUR,CA,AWP,WE,Towers with Radar,127,44,36,0,207,0,4,179,0,183,127,48,215,0,390,8,0,8,398
06/17/2007,BUR,CA,AWP,WE,Towers with Radar,159,46,42,0,247,0,0,131,0,131,159,46,173,0,378,10,0,10,388
06/18/2007,BUR,CA,AWP,WE,Towers with Radar,169,78,41,0,288,0,6,153,1,160,169,84,194,1,448,0,0,0,448
06/19/2007,BUR,CA,AWP,WE,Towers with Radar,11,89,72,0,172,150,7,206,3,366,161,96,278,3,538,2,0,2,540
06/20/2007,BUR,CA,AWP,WE,Towers with Radar,174,90,36,0,300,0,4,197,0,201,174,94,233,0,501,28,0,28,529
06/21/2007,BUR,CA,AWP,WE,Towers with Radar,169,108,43,3,323,0,7,202,1,210,169,115,245,4,533,0,0,0,533
06/22/2007,BUR,CA,AWP,WE,Towers with Radar,178,87,43,0,308,0,13,217,0,230,178,100,260,0,538,16,0,16,554
06/23/2007,BUR,CA,AWP,WE,Towers with Radar,134,36,36,3,209,0,8,195,2,205,134,44,231,5,414,5,0,5,419
06/24/2007,BUR,CA,AWP,WE,Towers with Radar,170,44,35,0,249,0,0,146,0,146,170,44,181,0,395,14,0,14,409
06/25/2007,BUR,CA,AWP,WE,Towers with Radar,165,90,55,0,310,0,8,164,0,172,165,98,219,0,482,10,0,10,492
06/26/2007,BUR,CA,AWP,WE,Towers with Radar,172,101,46,0,319,0,10,187,2,199,172,111,233,2,518,40,0,40,558
06/27/2007,BUR,CA,AWP,WE,Towers with Radar,166,107,42,0,315,0,15,183,1,199,166,122,225,1,514,7,0,7,521
06/28/2007,BUR,CA,AWP,WE,Towers with Radar,183,91,60,0,334,0,17,184,0,201,183,108,244,0,535,0,0,0,535
06/29/2007,BUR,CA,AWP,WE,Towers with Radar,176,102,39,0,317,0,11,216,0,227,176,113,255,0,544,18,0,18,562
06/30/2007,BUR,CA,AWP,WE,Towers with Radar,139,30,19,0,188,0,6,159,0,165,139,36,178,0,353,36,0,36,389
07/01/2007,BUR,CA,AWP,WE,Towers with Radar,155,38,42,0,235,0,1,181,1,183,155,39,223,1,418,2,0,2,420
07/02/2007,BUR,CA,AWP,WE,Towers with Radar,162,62,29,2,255,0,8,193,0,201,162,70,222,2,456,22,0,22,478
07/03/2007,BUR,CA,AWP,WE,Towers with Radar,176,78,29,0,283,0,12,176,0,188,176,90,205,0,471,20,0,20,491
07/04/2007,BUR,CA,AWP,WE,Towers with Radar,139,43,8,0,190,0,0,151,5,156,139,43,159,5,346,28,0,28,374
07/05/2007,BUR,CA,AWP,WE,Towers with Radar,171,74,32,0,277,0,9,201,0,210,171,83,233,0,487,0,0,0,487
07/06/2007,BUR,CA,AWP,WE,Towers with Radar,171,74,30,0,275,0,9,185,1,195,171,83,215,1,470,6,0,6,476
07/07/2007,BUR,CA,AWP,WE,Towers with Radar,154,48,39,0,241,0,5,143,0,148,154,53,182,0,389,14,0,14,403
07/08/2007,BUR,CA,AWP,WE,Towers with Radar,153,50,39,0,242,0,2,137,0,139,153,52,176,0,381,0,0,0,381
07/09/2007,BUR,CA,AWP,WE,Towers with Radar,166,78,44,0,288,0,15,167,0,182,166,93,211,0,470,4,0,4,474
07/10/2007,BUR,CA,AWP,WE,Towers with Radar,176,106,44,1,327,0,12,169,1,182,176,118,213,2,509,4,0,4,513
07/11/2007,BUR,CA,AWP,WE,Towers with Radar,180,89,47,0,316,0,4,166,0,170,180,93,213,0,486,0,0,0,486
07/12/2007,BUR,CA,AWP,WE,Towers with Radar,184,89,80,0,353,0,14,185,0,199,184,103,265,0,552,38,0,38,590
07/13/2007,BUR,CA,AWP,WE,Towers with Radar,183,80,49,0,312,0,21,222,0,243,183,101,271,0,555,8,0,8,563
07/14/2007,BUR,CA,AWP,WE,Towers with Radar,151,50,35,0,236,0,2,151,0,153,151,52,186,0,389,4,0,4,393
07/15/2007,BUR,CA,AWP,WE,Towers with Radar,162,50,36,0,248,0,1,156,1,158,162,51,192,1,406,0,0,0,406
07/16/2007,BUR,CA,AWP,WE,Towers with Radar,159,63,41,0,263,0,7,142,1,150,159,70,183,1,413,10,0,10,423
07/17/2007,BUR,CA,AWP,WE,Towers with Radar,174,95,32,4,305,0,1,184,3,188,174,96,216,7,493,14,0,14,507
07/18/2007,BUR,CA,AWP,WE,Towers with Radar,176,83,42,0,301,0,4,201,0,205,176,87,243,0,506,0,0,0,506
07/19/2007,BUR,CA,AWP,WE,Towers with Radar,183,97,39,0,319,0,14,228,0,242,183,111,267,0,561,32,0,32,593
07/20/2007,BUR,CA,AWP,WE,Towers with Radar,196,80,54,0,330,0,12,229,1,242,196,92,283,1,572,14,0,14,586
07/21/2007,BUR,CA,AWP,WE,Towers with Radar,144,34,30,1,209,0,2,149,0,151,144,36,179,1,360,18,0,18,378
07/22/2007,BUR,CA,AWP,WE,Towers with Radar,167,49,62,0,278,0,2,138,0,140,167,51,200,0,418,0,0,0,418
07/23/2007,BUR,CA,AWP,WE,Towers with Radar,182,65,43,1,291,0,9,169,3,181,182,74,212,4,472,0,0,0,472
07/24/2007,BUR,CA,AWP,WE,Towers with Radar,182,97,31,2,312,0,3,204,32,239,182,100,235,34,551,0,0,0,551
07/25/2007,BUR,CA,AWP,WE,Towers with Radar,162,81,42,0,285,0,4,185,0,189,162,85,227,0,474,32,0,32,506
07/26/2007,BUR,CA,AWP,WE,Towers with Radar,182,80,48,0,310,0,8,199,1,208,182,88,247,1,518,6,0,6,524
07/27/2007,BUR,CA,AWP,WE,Towers with Radar,188,82,44,0,314,0,10,224,1,235,188,92,268,1,549,0,0,0,549
07/28/2007,BUR,CA,AWP,WE,Towers with Radar,144,35,36,0,215,0,5,162,0,167,144,40,198,0,382,10,0,10,392
07/29/2007,BUR,CA,AWP,WE,Towers with Radar,155,65,35,0,255,0,0,140,0,140,155,65,175,0,395,8,0,8,403
07/30/2007,BUR,CA,AWP,WE,Towers with Radar,185,74,41,0,300,0,8,204,0,212,185,82,245,0,512,0,0,0,512
07/31/2007,BUR,CA,AWP,WE,Towers with Radar,170,102,41,0,313,0,5,189,0,194,170,107,230,0,507,0,0,0,507
08/01/2007,BUR,CA,AWP,WE,Towers with Radar,159,97,47,0,303,0,1,171,0,172,159,98,218,0,475,0,0,0,475
08/02/2007,BUR,CA,AWP,WE,Towers with Radar,182,87,59,2,330,0,8,198,1,207,182,95,257,3,537,0,0,0,537
08/03/2007,BUR,CA,AWP,WE,Towers with Radar,173,86,47,0,306,0,2,217,0,219,173,88,264,0,525,22,0,22,547
08/04/2007,BUR,CA,AWP,WE,Towers with Radar,146,39,40,0,225,0,4,155,0,159,146,43,195,0,384,0,0,0,384
08/05/2007,BUR,CA,AWP,WE,Towers with Radar,155,41,32,0,228,0,0,155,8,163,155,41,187,8,391,24,0,24,415
08/06/2007,BUR,CA,AWP,WE,Towers with Radar,178,67,42,0,287,0,8,209,0,217,178,75,251,0,504,6,0,6,510
08/07/2007,BUR,CA,AWP,WE,Towers with Radar,169,97,50,0,316,0,6,166,0,172,169,103,216,0,488,0,0,0,488
08/08/2007,BUR,CA,AWP,WE,Towers with Radar,181,90,50,0,321,0,11,194,0,205,181,101,244,0,526,18,0,18,544
08/09/2007,BUR,CA,AWP,WE,Towers with Radar,171,74,57,2,304,0,4,232,1,237,171,78,289,3,541,0,0,0,541
08/10/2007,BUR,CA,AWP,WE,Towers with Radar,182,76,38,4,300,0,10,222,1,233,182,86,260,5,533,4,0,4,537
08/11/2007,BUR,CA,AWP,WE,Towers with Radar,148,38,26,0,212,0,1,155,0,156,148,39,181,0,368,6,0,6,374
08/12/2007,BUR,CA,AWP,WE,Towers with Radar,156,45,35,0,236,0,0,163,2,165,156,45,198,2,401,0,0,0,401
08/13/2007,BUR,CA,AWP,WE,Towers with Radar,181,75,55,0,311,0,6,191,0,197,181,81,246,0,508,0,0,0,508
08/14/2007,BUR,CA,AWP,WE,Towers with Radar,170,80,44,0,294,0,8,242,1,251,170,88,286,1,545,8,0,8,553
08/15/2007,BUR,CA,AWP,WE,Towers with Radar,170,72,47,0,289,0,6,214,2,222,170,78,261,2,511,6,0,6,517
08/16/2007,BUR,CA,AWP,WE,Towers with Radar,180,93,46,0,319,0,15,172,0,187,180,108,218,0,506,12,0,12,518
08/17/2007,BUR,CA,AWP,WE,Towers with Radar,180,82,52,0,314,0,3,243,0,246,180,85,295,0,560,16,0,16,576
08/18/2007,BUR,CA,AWP,WE,Towers with Radar,151,43,31,0,225,0,2,159,0,161,151,45,190,0,386,22,0,22,408
08/19/2007,BUR,CA,AWP,WE,Towers with Radar,159,50,33,0,242,0,2,175,0,177,159,52,208,0,419,26,0,26,445
08/20/2007,BUR,CA,AWP,WE,Towers with Radar,177,72,32,1,282,0,1,244,2,247,177,73,276,3,529,0,0,0,529
08/21/2007,BUR,CA,AWP,WE,Towers with Radar,170,88,47,0,305,0,9,228,0,237,170,97,275,0,542,24,0,24,566
08/22/2007,BUR,CA,AWP,WE,Towers with Radar,171,93,38,0,302,0,4,234,0,238,171,97,272,0,540,34,0,34,574
08/23/2007,BUR,CA,AWP,WE,Towers with Radar,171,97,44,2,314,0,6,212,0,218,171,103,256,2,532,42,0,42,574
08/24/2007,BUR,CA,AWP,WE,Towers with Radar,181,91,60,0,332,0,8,203,0,211,181,99,263,0,543,12,0,12,555
08/25/2007,BUR,CA,AWP,WE,Towers with Radar,150,45,38,0,233,0,2,172,0,174,150,47,210,0,407,44,0,44,451
08/26/2007,BUR,CA,AWP,WE,Towers with Radar,170,43,44,0,257,0,0,113,1,114,170,43,157,1,371,20,0,20,391
08/27/2007,BUR,CA,AWP,WE,Towers with Radar,172,73,30,0,275,0,8,248,1,257,172,81,278,1,532,26,0,26,558
08/28/2007,BUR,CA,AWP,WE,Towers with Radar,173,88,44,0,305,0,9,241,0,250,173,97,285,0,555,4,0,4,559
08/29/2007,BUR,CA,AWP,WE,Towers with Radar,189,91,41,0,321,0,8,225,0,233,189,99,266,0,554,36,0,36,590
08/30/2007,BUR,CA,AWP,WE,Towers with Radar,181,91,48,3,323,0,13,238,0,251,181,104,286,3,574,12,0,12,586
08/31/2007,BUR,CA,AWP,WE,Towers with Radar,174,82,51,0,307,0,9,182,0,191,174,91,233,0,498,0,0,0,498
09/01/2007,BUR,CA,AWP,WE,Towers with Radar,134,48,28,0,210,60,2,145,0,207,194,50,173,0,417,2,0,2,419
09/02/2007,BUR,CA,AWP,WE,Towers with Radar,119,39,33,0,191,0,0,162,0,162,119,39,195,0,353,0,0,0,353
09/03/2007,BUR,CA,AWP,WE,Towers with Radar,160,43,45,0,248,0,0,210,0,210,160,43,255,0,458,4,0,4,462
09/04/2007,BUR,CA,AWP,WE,Towers with Radar,177,60,42,0,279,0,9,168,0,177,177,69,210,0,456,0,0,0,456
09/05/2007,BUR,CA,AWP,WE,Towers with Radar,174,80,49,1,304,0,5,201,0,206,174,85,250,1,510,38,0,38,548
09/06/2007,BUR,CA,AWP,WE,Towers with Radar,191,92,50,1,334,0,3,204,0,207,191,95,254,1,541,10,0,10,551
09/07/2007,BUR,CA,AWP,WE,Towers with Radar,181,79,57,0,317,0,10,195,2,207,181,89,252,2,524,0,0,0,524
09/08/2007,BUR,CA,AWP,WE,Towers with Radar,150,39,33,0,222,0,3,168,1,172,150,42,201,1,394,34,0,34,428
09/09/2007,BUR,CA,AWP,WE,Towers with Radar,175,40,53,0,268,0,1,168,3,172,175,41,221,3,440,32,0,32,472
09/10/2007,BUR,CA,AWP,WE,Towers with Radar,177,60,44,0,281,0,12,279,0,291,177,72,323,0,572,16,0,16,588
09/11/2007,BUR,CA,AWP,WE,Towers with Radar,162,72,51,0,285,0,10,191,0,201,162,82,242,0,486,2,0,2,488
09/12/2007,BUR,CA,AWP,WE,Towers with Radar,179,79,42,0,300,0,10,190,0,200,179,89,232,0,500,10,0,10,510
09/13/2007,BUR,CA,AWP,WE,Towers with Radar,171,83,40,0,294,0,13,221,0,234,171,96,261,0,528,10,0,10,538
09/14/2007,BUR,CA,AWP,WE,Towers with Radar,163,71,38,0,272,0,4,174,0,178,163,75,212,0,450,5,0,5,455
09/15/2007,BUR,CA,AWP,WE,Towers with Radar,138,40,21,0,199,0,2,166,2,170,138,42,187,2,369,8,0,8,377
09/16/2007,BUR,CA,AWP,WE,Towers with Radar,158,45,44,0,247,0,0,157,1,158,158,45,201,1,405,20,0,20,425
09/17/2007,BUR,CA,AWP,WE,Towers with Radar,169,81,74,0,324,0,6,203,0,209,169,87,277,0,533,2,0,2,535
09/18/2007,BUR,CA,AWP,WE,Towers with Radar,185,91,35,0,311,0,4,168,0,172,185,95,203,0,483,12,0,12,495
09/19/2007,BUR,CA,AWP,WE,Towers with Radar,178,103,54,0,335,0,1,158,0,159,178,104,212,0,494,0,0,0,494
09/20/2007,BUR,CA,AWP,WE,Towers with Radar,175,97,50,4,326,0,6,182,0,188,175,103,232,4,514,0,0,0,514
09/21/2007,BUR,CA,AWP,WE,Towers with Radar,172,107,34,0,313,0,4,181,0,185,172,111,215,0,498,24,0,24,522
09/23/2007,BUR,CA,AWP,WE,Towers with Radar,166,59,31,0,256,0,3,175,0,178,166,62,206,0,434,0,0,0,434
09/24/2007,BUR,CA,AWP,WE,Towers with Radar,181,67,36,0,284,0,23,229,0,252,181,90,265,0,536,10,0,10,546
09/25/2007,BUR,CA,AWP,WE,Towers with Radar,177,92,62,0,331,0,8,229,0,237,177,100,291,0,568,0,0,0,568
09/26/2007,BUR,CA,AWP,WE,Towers with Radar,181,90,43,0,314,0,15,214,0,229,181,105,257,0,543,6,0,6,549
09/27/2007,BUR,CA,AWP,WE,Towers with Radar,185,76,49,0,310,0,8,208,0,216,185,84,257,0,526,0,0,0,526
09/28/2007,BUR,CA,AWP,WE,Towers with Radar,197,89,50,0,336,0,2,243,0,245,197,91,293,0,581,0,0,0,581
09/29/2007,BUR,CA,AWP,WE,Towers with Radar,136,45,29,0,210,0,0,166,0,166,136,45,195,0,376,0,0,0,376
09/30/2007,BUR,CA,AWP,WE,Towers with Radar,174,50,47,0,271,0,0,153,2,155,174,50,200,2,426,0,0,0,426
10/01/2007,BUR,CA,AWP,WE,Towers with Radar,170,62,35,0,267,0,10,34,0,44,170,74,69,0,313,0,0,0,531
10/02/2007,BUR,CA,AWP,WE,Towers with Radar,196,91,43,0,330,0,9,36,0,45,196,100,79,0,375,36,0,36,614
10/03/2007,BUR,CA,AWP,WE,Towers with Radar,182,101,50,3,336,0,10,37,3,50,182,111,87,6,386,44,0,44,622
10/04/2007,BUR,CA,AWP,WE,Towers with Radar,182,89,37,0,308,0,3,54,0,57,182,92,91,0,365,30,0,30,589
10/05/2007,BUR,CA,AWP,WE,Towers with Radar,170,92,43,0,305,0,2,33,0,35,170,95,76,0,341,14,0,14,487
10/06/2007,BUR,CA,AWP,WE,Towers with Radar,132,51,39,1,223,0,2,32,1,35,132,54,71,2,259,12,0,12,422
10/07/2007,BUR,CA,AWP,WE,Towers with Radar,157,51,55,0,263,0,0,23,0,23,157,51,78,0,286,0,0,0,381
10/08/2007,BUR,CA,AWP,WE,Towers with Radar,173,56,32,0,261,0,0,30,0,30,173,56,62,0,291,16,0,16,474
10/09/2007,BUR,CA,AWP,WE,Towers with Radar,174,84,33,0,291,0,6,29,0,35,174,92,62,0,328,0,0,0,496
10/10/2007,BUR,CA,AWP,WE,Towers with Radar,178,87,56,0,321,0,0,32,0,32,178,88,88,0,354,0,0,0,515
10/11/2007,BUR,CA,AWP,WE,Towers with Radar,181,94,68,0,343,0,6,50,0,56,181,102,118,0,401,18,0,18,629
10/12/2007,BUR,CA,AWP,WE,Towers with Radar,178,94,82,0,354,0,3,27,1,31,178,97,109,1,385,6,0,6,592
10/13/2007,BUR,CA,AWP,WE,Towers with Radar,140,51,54,0,245,0,0,29,0,29,140,51,83,0,274,50,0,50,467
10/14/2007,BUR,CA,AWP,WE,Towers with Radar,161,53,40,0,254,0,1,47,0,48,161,56,87,0,304,40,0,40,454
10/15/2007,BUR,CA,AWP,WE,Towers with Radar,177,59,63,0,299,0,0,6,0,6,177,61,69,0,307,0,0,0,362
10/16/2007,BUR,CA,AWP,WE,Towers with Radar,185,94,50,0,329,0,6,31,0,37,185,102,81,0,368,32,0,32,541
10/17/2007,BUR,CA,AWP,WE,Towers with Radar,183,89,49,0,321,0,1,18,0,19,183,92,67,0,342,40,0,40,546
10/18/2007,BUR,CA,AWP,WE,Towers with Radar,184,93,66,0,343,0,7,35,1,43,184,100,101,1,386,31,0,31,578
10/19/2007,BUR,CA,AWP,WE,Towers with Radar,177,94,54,0,325,0,10,32,0,42,177,104,86,0,367,4,0,4,577
10/20/2007,BUR,CA,AWP,WE,Towers with Radar,134,46,40,2,222,0,0,30,0,30,134,46,70,2,252,0,0,0,359
10/21/2007,BUR,CA,AWP,WE,Towers with Radar,163,56,44,0,263,0,0,27,0,27,163,56,71,0,290,0,0,0,383
10/22/2007,BUR,CA,AWP,WE,Towers with Radar,177,96,45,0,318,0,16,18,0,34,177,112,63,0,352,0,0,0,488
10/23/2007,BUR,CA,AWP,WE,Towers with Radar,179,97,40,0,316,0,8,30,0,38,179,105,70,0,354,0,0,0,516
10/24/2007,BUR,CA,AWP,WE,Towers with Radar,182,95,61,2,340,0,12,32,0,44,182,107,93,2,384,0,0,0,566
10/25/2007,BUR,CA,AWP,WE,Towers with Radar,182,101,67,1,351,0,5,38,0,43,182,109,105,1,397,4,0,4,583
10/26/2007,BUR,CA,AWP,WE,Towers with Radar,181,90,57,0,328,0,1,38,0,39,181,93,95,0,369,75,0,75,625
10/27/2007,BUR,CA,AWP,WE,Towers with Radar,129,41,43,0,213,0,1,38,0,39,129,43,81,0,253,0,0,0,371
10/28/2007,BUR,CA,AWP,WE,Towers with Radar,160,41,51,0,252,0,0,32,0,32,160,42,83,0,285,0,0,0,413
10/29/2007,BUR,CA,AWP,WE,Towers with Radar,188,80,53,0,321,0,7,25,0,32,188,87,78,0,353,30,0,30,539
10/30/2007,BUR,CA,AWP,WE,Towers with Radar,190,84,50,0,324,0,7,37,0,44,190,91,87,0,368,30,0,30,541
10/31/2007,BUR,CA,AWP,WE,Towers with Radar,185,80,46,0,311,0,11,38,0,49,185,91,84,0,360,20,0,20,541
11/01/2007,BUR,CA,AWP,WE,Towers with Radar,173,92,53,0,318,0,6,28,0,34,173,98,81,0,352,28,0,28,534
11/02/2007,BUR,CA,AWP,WE,Towers with Radar,188,84,37,0,309,0,9,28,0,37,188,93,65,0,346,2,0,2,507
11/03/2007,BUR,CA,AWP,WE,Towers with Radar,134,44,37,0,215,0,1,32,0,33,134,45,69,0,248,0,0,0,363
11/04/2007,BUR,CA,AWP,WE,Towers with Radar,176,47,52,0,275,0,0,35,0,35,176,47,87,0,310,22,0,22,477
11/05/2007,BUR,CA,AWP,WE,Towers with Radar,174,75,37,2,288,0,2,15,0,17,174,77,52,2,305,0,0,0,417
11/06/2007,BUR,CA,AWP,WE,Towers with Radar,161,94,34,0,289,0,4,19,0,23,161,98,53,0,312,0,0,0,419
11/07/2007,BUR,CA,AWP,WE,Towers with Radar,188,98,63,0,349,0,3,19,0,22,188,102,82,0,372,36,0,36,506
11/08/2007,BUR,CA,AWP,WE,Towers with Radar,201,107,68,0,376,0,0,4,0,4,201,107,72,0,380,16,0,16,520
11/09/2007,BUR,CA,AWP,WE,Towers with Radar,187,93,73,0,353,0,3,24,0,27,187,96,97,0,380,26,0,26,557
11/10/2007,BUR,CA,AWP,WE,Towers with Radar,162,32,50,0,244,0,0,35,0,35,162,33,85,0,280,0,0,0,395
11/11/2007,BUR,CA,AWP,WE,Towers with Radar,161,48,55,3,267,0,0,20,0,20,161,48,75,3,287,24,0,24,441
11/12/2007,BUR,CA,AWP,WE,Towers with Radar,184,53,41,0,278,0,7,32,0,39,184,60,73,0,317,0,0,0,499
11/13/2007,BUR,CA,AWP,WE,Towers with Radar,165,80,43,0,288,0,6,25,0,31,165,86,68,0,319,8,0,8,512
11/14/2007,BUR,CA,AWP,WE,Towers with Radar,181,94,51,0,326,0,12,33,0,45,181,107,84,0,372,2,0,2,555
11/15/2007,BUR,CA,AWP,WE,Towers with Radar,168,87,58,0,313,0,8,56,0,64,168,96,114,0,378,0,0,0,573
11/16/2007,BUR,CA,AWP,WE,Towers with Radar,205,90,56,0,351,0,10,44,0,54,205,101,100,0,406,6,0,6,608
11/17/2007,BUR,CA,AWP,WE,Towers with Radar,147,40,32,0,219,0,1,13,0,14,147,42,45,0,234,0,0,0,370
11/18/2007,BUR,CA,AWP,WE,Towers with Radar,134,44,48,0,226,0,0,16,0,16,134,44,64,0,242,0,0,0,319
11/19/2007,BUR,CA,AWP,WE,Towers with Radar,180,61,44,0,285,0,6,15,1,22,180,67,59,1,307,14,0,14,475
11/20/2007,BUR,CA,AWP,WE,Towers with Radar,180,91,67,0,338,0,3,27,0,30,180,94,94,0,368,0,0,0,543
11/21/2007,BUR,CA,AWP,WE,Towers with Radar,179,87,50,0,316,0,4,31,0,35,179,91,81,0,351,0,0,0,470
11/22/2007,BUR,CA,AWP,WE,Towers with Radar,125,32,13,0,170,0,0,20,0,20,125,33,33,0,191,0,0,0,254
11/23/2007,BUR,CA,AWP,WE,Towers with Radar,132,54,23,0,209,0,6,37,0,43,132,60,60,0,252,30,0,30,391
11/24/2007,BUR,CA,AWP,WE,Towers with Radar,147,39,19,0,205,0,1,20,0,21,147,40,39,0,226,14,0,14,323
11/25/2007,BUR,CA,AWP,WE,Towers with Radar,161,41,50,0,252,0,0,19,0,19,161,42,69,0,272,0,0,0,401
11/26/2007,BUR,CA,AWP,WE,Towers with Radar,168,55,51,0,274,0,4,29,0,33,168,63,80,0,311,18,0,18,513
11/27/2007,BUR,CA,AWP,WE,Towers with Radar,174,86,53,0,313,0,9,30,0,39,174,95,83,0,352,0,0,0,535
11/28/2007,BUR,CA,AWP,WE,Towers with Radar,186,92,45,0,323,0,5,25,0,30,186,97,70,0,353,0,0,0,536
11/29/2007,BUR,CA,AWP,WE,Towers with Radar,186,85,39,0,310,0,16,56,0,72,186,102,95,0,383,4,0,4,561
11/30/2007,BUR,CA,AWP,WE,Towers with Radar,189,95,47,0,331,0,2,11,0,13,189,97,58,0,344,0,0,0,450
12/01/2007,BUR,CA,AWP,WE,Towers with Radar,151,50,41,0,242,0,1,16,0,17,151,51,57,0,259,2,0,2,370
12/02/2007,BUR,CA,AWP,WE,Towers with Radar,159,34,31,0,224,0,1,36,0,37,159,35,67,0,261,68,0,68,462
12/03/2007,BUR,CA,AWP,WE,Towers with Radar,172,60,32,0,264,0,8,36,0,44,172,68,68,0,308,8,0,8,484
12/04/2007,BUR,CA,AWP,WE,Towers with Radar,177,75,39,0,291,0,8,19,0,27,177,83,58,0,318,40,0,40,502
12/05/2007,BUR,CA,AWP,WE,Towers with Radar,184,93,39,1,317,0,11,39,0,50,184,105,78,1,368,2,0,2,522
12/06/2007,BUR,CA,AWP,WE,Towers with Radar,195,93,55,0,343,0,0,13,0,13,195,93,68,0,356,54,0,54,542
12/07/2007,BUR,CA,AWP,WE,Towers with Radar,183,83,47,0,313,0,7,6,0,13,183,90,53,0,326,20,0,20,488
12/08/2007,BUR,CA,AWP,WE,Towers with Radar,139,42,30,0,211,0,2,11,4,17,139,44,41,4,228,6,0,6,324
12/09/2007,BUR,CA,AWP,WE,Towers with Radar,155,43,34,0,232,0,0,13,0,13,155,43,47,0,245,0,0,0,326
12/10/2007,BUR,CA,AWP,WE,Towers with Radar,182,69,48,0,299,0,7,20,0,27,182,76,68,0,326,10,0,10,509
12/11/2007,BUR,CA,AWP,WE,Towers with Radar,191,85,41,0,317,0,21,24,0,45,191,108,65,0,364,18,0,18,529
12/12/2007,BUR,CA,AWP,WE,Towers with Radar,182,94,54,0,330,0,6,43,0,49,182,101,97,0,380,4,0,4,554
12/13/2007,BUR,CA,AWP,WE,Towers with Radar,183,85,49,0,317,0,4,43,0,47,183,89,92,0,364,10,0,10,514
12/14/2007,BUR,CA,AWP,WE,Towers with Radar,189,81,46,0,316,0,6,31,0,37,189,87,77,0,353,2,0,2,475
12/15/2007,BUR,CA,AWP,WE,Towers with Radar,141,39,29,0,209,0,1,15,0,16,141,40,44,0,225,4,0,4,387
12/16/2007,BUR,CA,AWP,WE,Towers with Radar,160,39,34,0,233,0,0,31,0,31,160,41,65,0,266,18,0,18,405
12/17/2007,BUR,CA,AWP,WE,Towers with Radar,169,85,55,0,309,0,10,18,0,28,169,95,73,0,337,0,8,8,500
12/18/2007,BUR,CA,AWP,WE,Towers with Radar,176,107,51,0,334,0,0,1,0,1,176,107,52,0,335,0,0,0,346
12/19/2007,BUR,CA,AWP,WE,Towers with Radar,193,103,57,0,353,0,1,9,0,10,193,104,66,0,363,0,0,0,462
12/20/2007,BUR,CA,AWP,WE,Towers with Radar,181,99,44,0,324,0,2,3,0,5,181,101,47,0,329,10,0,10,440
12/21/2007,BUR,CA,AWP,WE,Towers with Radar,181,72,42,0,295,0,14,27,0,41,181,86,69,0,336,0,0,0,476
12/22/2007,BUR,CA,AWP,WE,Towers with Radar,139,45,24,0,208,0,4,34,0,38,139,53,58,0,250,75,0,75,423
12/23/2007,BUR,CA,AWP,WE,Towers with Radar,173,41,39,0,253,0,4,36,0,40,173,45,75,0,293,8,0,8,410
12/24/2007,BUR,CA,AWP,WE,Towers with Radar,136,61,35,0,232,0,13,11,1,25,136,74,46,1,257,0,0,0,361
12/25/2007,BUR,CA,AWP,WE,Towers with Radar,130,34,12,0,176,0,0,2,0,2,130,34,14,0,178,0,0,0,222
12/26/2007,BUR,CA,AWP,WE,Towers with Radar,170,62,51,0,283,0,4,17,0,21,170,66,68,0,304,0,0,0,403
12/27/2007,BUR,CA,AWP,WE,Towers with Radar,173,79,32,2,286,0,3,9,2,14,173,82,41,4,300,0,0,0,396
12/28/2007,BUR,CA,AWP,WE,Towers with Radar,170,83,34,0,287,0,4,22,0,26,170,88,56,0,314,22,0,22,482
12/29/2007,BUR,CA,AWP,WE,Towers with Radar,164,38,39,0,241,0,0,27,0,27,164,39,66,0,269,72,0,72,441
12/30/2007,BUR,CA,AWP,WE,Towers with Radar,158,53,40,0,251,0,0,21,0,21,158,53,61,0,272,6,0,6,386
12/31/2007,BUR,CA,AWP,WE,Towers with Radar,117,57,30,4,208,0,3,26,0,29,117,60,56,4,237,38,0,38,403
01/01/2008,BUR,CA,AWP,WE,Towers with Radar,170,55,45,3,273,0,1,32,19,52,170,57,77,22,326,0,0,0,395
01/02/2008,BUR,CA,AWP,WE,Towers with Radar,180,78,53,4,315,0,8,51,0,59,180,86,104,4,374,0,0,0,534
01/03/2008,BUR,CA,AWP,WE,Towers with Radar,178,85,42,0,305,0,11,31,0,42,178,96,73,0,347,0,0,0,499
01/04/2008,BUR,CA,AWP,WE,Towers with Radar,189,72,38,0,299,0,0,4,0,4,189,72,42,0,303,0,0,0,352
01/05/2008,BUR,CA,AWP,WE,Towers with Radar,133,42,48,0,223,0,0,15,0,15,133,42,63,0,238,30,0,30,324
01/06/2008,BUR,CA,AWP,WE,Towers with Radar,154,49,41,0,244,0,0,20,0,20,154,49,61,0,264,0,0,0,329
01/07/2008,BUR,CA,AWP,WE,Towers with Radar,162,65,41,0,268,0,1,36,1,38,162,66,77,1,306,0,0,0,445
01/08/2008,BUR,CA,AWP,WE,Towers with Radar,170,101,38,0,309,0,5,26,0,31,170,106,64,0,340,28,0,28,529
01/09/2008,BUR,CA,AWP,WE,Towers with Radar,183,96,57,0,336,0,7,50,0,57,183,103,107,0,393,0,0,0,576
01/10/2008,BUR,CA,AWP,WE,Towers with Radar,172,82,38,1,293,0,5,21,1,27,172,87,59,2,320,82,0,82,560
01/11/2008,BUR,CA,AWP,WE,Towers with Radar,163,74,36,2,275,0,7,56,1,64,163,83,92,3,341,2,0,2,498
01/12/2008,BUR,CA,AWP,WE,Towers with Radar,141,37,26,0,204,0,0,43,0,43,141,37,69,0,247,24,0,24,430
01/13/2008,BUR,CA,AWP,WE,Towers with Radar,167,41,41,0,249,0,0,56,0,56,167,41,97,0,305,10,0,10,454
01/14/2008,BUR,CA,AWP,WE,Towers with Radar,167,75,36,1,279,0,5,44,3,52,167,80,80,4,331,66,0,66,579
01/15/2008,BUR,CA,AWP,WE,Towers with Radar,172,88,40,0,300,0,7,57,0,64,172,95,97,0,364,8,0,8,592
01/16/2008,BUR,CA,AWP,WE,Towers with Radar,166,96,49,0,311,0,9,33,0,42,166,105,82,0,353,14,0,14,525
01/17/2008,BUR,CA,AWP,WE,Towers with Radar,176,89,46,0,311,0,5,42,1,48,176,94,88,1,359,0,0,0,484
01/18/2008,BUR,CA,AWP,WE,Towers with Radar,165,91,42,0,298,0,11,49,0,60,165,102,91,0,358,20,0,20,565
01/19/2008,BUR,CA,AWP,WE,Towers with Radar,120,47,49,0,216,0,0,68,1,69,120,47,117,1,285,0,0,0,426
01/20/2008,BUR,CA,AWP,WE,Towers with Radar,148,33,37,0,218,0,1,42,1,44,148,34,79,1,262,0,0,0,371
01/21/2008,BUR,CA,AWP,WE,Towers with Radar,178,74,46,0,298,0,1,24,0,25,178,76,70,0,324,0,0,0,521
01/22/2008,BUR,CA,AWP,WE,Towers with Radar,178,78,27,0,283,0,3,29,0,32,178,81,56,0,315,2,0,2,481
01/23/2008,BUR,CA,AWP,WE,Towers with Radar,171,94,50,0,315,0,0,22,0,22,171,94,72,0,337,62,0,62,524
01/24/2008,BUR,CA,AWP,WE,Towers with Radar,177,95,52,0,324,0,0,16,0,16,177,95,68,0,340,0,0,0,435
01/25/2008,BUR,CA,AWP,WE,Towers with Radar,172,79,41,1,293,0,0,38,0,38,172,79,79,1,331,60,0,60,538
01/26/2008,BUR,CA,AWP,WE,Towers with Radar,112,36,26,0,174,0,4,51,0,55,112,42,77,0,231,44,0,44,406
01/27/2008,BUR,CA,AWP,WE,Towers with Radar,147,46,45,0,238,0,0,23,0,23,147,46,68,0,261,0,0,0,351
01/28/2008,BUR,CA,AWP,WE,Towers with Radar,167,71,27,0,265,0,3,26,0,29,167,74,53,0,294,0,0,0,419
01/29/2008,BUR,CA,AWP,WE,Towers with Radar,166,95,44,2,307,0,4,49,0,53,166,99,93,2,360,14,0,14,566
01/30/2008,BUR,CA,AWP,WE,Towers with Radar,158,102,51,0,311,0,3,146,0,149,158,105,197,0,460,0,0,0,590
01/31/2008,BUR,CA,AWP,WE,Towers with Radar,167,112,36,0,315,0,3,232,0,235,167,115,268,0,550,44,0,44,785
02/01/2008,BUR,CA,AWP,WE,Towers with Radar,178,113,49,0,340,0,3,28,0,31,178,116,77,0,371,8,0,8,578
02/02/2008,BUR,CA,AWP,WE,Towers with Radar,129,42,34,0,205,0,0,18,1,19,129,42,52,1,224,20,0,20,372
02/03/2008,BUR,CA,AWP,WE,Towers with Radar,162,43,48,0,253,0,0,4,0,4,162,43,52,0,257,0,0,0,313
02/04/2008,BUR,CA,AWP,WE,Towers with Radar,164,71,50,0,285,0,8,31,0,39,164,80,81,0,325,0,0,0,496
02/05/2008,BUR,CA,AWP,WE,Towers with Radar,154,103,36,0,293,0,16,23,0,39,154,122,59,0,335,26,0,26,594
02/06/2008,BUR,CA,AWP,WE,Towers with Radar,171,90,39,0,300,0,6,36,1,43,171,98,75,1,345,26,0,26,565
02/07/2008,BUR,CA,AWP,WE,Towers with Radar,167,86,46,0,299,0,7,43,0,50,167,97,89,0,353,26,0,26,528
02/08/2008,BUR,CA,AWP,WE,Towers with Radar,169,92,40,0,301,0,11,40,2,53,169,106,80,2,357,18,0,18,573
02/09/2008,BUR,CA,AWP,WE,Towers with Radar,115,46,41,0,202,0,0,34,0,34,115,46,75,0,236,0,0,0,397
02/10/2008,BUR,CA,AWP,WE,Towers with Radar,139,55,34,0,228,0,0,25,0,25,139,55,59,0,253,0,0,0,391
02/11/2008,BUR,CA,AWP,WE,Towers with Radar,166,86,37,0,289,0,1,45,1,47,166,87,82,1,336,6,0,6,539
02/12/2008,BUR,CA,AWP,WE,Towers with Radar,169,103,41,0,313,0,6,31,2,39,169,112,72,2,355,2,0,2,573
02/13/2008,BUR,CA,AWP,WE,Towers with Radar,170,110,53,0,333,0,2,23,0,25,170,112,76,0,358,30,0,30,574
02/14/2008,BUR,CA,AWP,WE,Towers with Radar,180,100,49,0,329,0,5,0,8,13,180,106,49,8,343,0,0,0,526
02/15/2008,BUR,CA,AWP,WE,Towers with Radar,167,84,48,0,299,0,9,25,1,35,167,93,73,1,334,0,0,0,467
02/16/2008,BUR,CA,AWP,WE,Towers with Radar,114,40,37,0,191,0,0,33,6,39,114,40,70,6,230,20,0,20,396
02/17/2008,BUR,CA,AWP,WE,Towers with Radar,143,35,35,0,213,0,1,24,1,26,143,36,59,1,239,0,0,0,382
02/18/2008,BUR,CA,AWP,WE,Towers with Radar,162,52,47,0,261,0,3,27,0,30,162,56,74,0,292,50,0,50,481
02/19/2008,BUR,CA,AWP,WE,Towers with Radar,178,93,62,0,333,0,1,4,1,6,178,94,66,1,339,0,0,0,455
02/20/2008,BUR,CA,AWP,WE,Towers with Radar,164,91,43,2,300,0,5,6,1,12,164,99,49,3,315,0,0,0,410
02/21/2008,BUR,CA,AWP,WE,Towers with Radar,167,96,62,0,325,0,5,1,0,6,167,105,63,0,335,0,0,0,513
02/22/2008,BUR,CA,AWP,WE,Towers with Radar,163,94,38,0,295,0,2,19,1,22,163,97,57,1,318,22,0,22,496
02/23/2008,BUR,CA,AWP,WE,Towers with Radar,116,53,44,0,213,0,0,19,0,19,116,53,63,0,232,4,0,4,346
02/24/2008,BUR,CA,AWP,WE,Towers with Radar,145,46,64,0,255,0,1,11,0,12,145,48,75,0,268,0,0,0,347
02/25/2008,BUR,CA,AWP,WE,Towers with Radar,170,73,58,0,301,0,7,17,0,24,170,81,75,0,326,2,0,2,495
02/26/2008,BUR,CA,AWP,WE,Towers with Radar,174,101,41,1,317,0,13,36,1,50,174,114,77,2,367,2,0,2,575
02/27/2008,BUR,CA,AWP,WE,Towers with Radar,167,105,59,1,332,0,17,42,1,60,167,122,101,2,392,26,0,26,605
02/28/2008,BUR,CA,AWP,WE,Towers with Radar,153,86,57,0,296,0,9,41,0,50,153,95,98,0,346,36,0,36,560
02/29/2008,BUR,CA,AWP,WE,Towers with Radar,164,89,49,0,302,0,1,26,0,27,164,90,75,0,329,0,0,0,482
03/01/2008,BUR,CA,AWP,WE,Towers with Radar,124,43,53,0,220,0,0,11,0,11,124,43,64,0,231,2,0,2,333
03/02/2008,BUR,CA,AWP,WE,Towers with Radar,160,35,45,0,240,0,1,19,0,20,160,36,64,0,260,2,0,2,379
03/03/2008,BUR,CA,AWP,WE,Towers with Radar,175,66,40,0,281,0,13,35,0,48,175,79,75,0,329,6,0,6,464
03/04/2008,BUR,CA,AWP,WE,Towers with Radar,167,86,39,0,292,0,12,58,0,70,167,98,97,0,362,26,0,26,575
03/05/2008,BUR,CA,AWP,WE,Towers with Radar,164,79,43,1,287,0,9,52,1,62,164,88,95,2,349,22,0,22,537
03/06/2008,BUR,CA,AWP,WE,Towers with Radar,155,92,41,1,289,0,11,48,0,59,155,104,89,1,349,26,0,26,539
03/07/2008,BUR,CA,AWP,WE,Towers with Radar,169,82,47,2,300,0,8,39,0,47,169,90,86,2,347,0,0,0,549
03/08/2008,BUR,CA,AWP,WE,Towers with Radar,117,35,35,0,187,0,1,34,0,35,117,36,69,0,222,0,0,0,356
03/09/2008,BUR,CA,AWP,WE,Towers with Radar,158,52,31,0,241,0,0,181,1,182,158,52,212,1,423,142,0,142,688
03/10/2008,BUR,CA,AWP,WE,Towers with Radar,167,72,47,0,286,0,10,90,0,100,167,83,137,0,387,58,0,58,565
03/11/2008,BUR,CA,AWP,WE,Towers with Radar,182,97,65,0,344,0,5,44,0,49,182,103,109,0,394,28,0,28,582
03/12/2008,BUR,CA,AWP,WE,Towers with Radar,165,90,51,0,306,0,7,34,0,41,165,98,85,0,348,0,0,0,494
03/13/2008,BUR,CA,AWP,WE,Towers with Radar,169,101,55,0,325,0,5,32,0,37,169,106,87,0,362,12,0,12,505
03/14/2008,BUR,CA,AWP,WE,Towers with Radar,165,99,51,0,315,0,13,33,2,48,165,112,84,2,363,20,0,20,516
03/15/2008,BUR,CA,AWP,WE,Towers with Radar,136,36,32,0,204,0,3,34,0,37,136,41,66,0,243,0,0,0,362
03/16/2008,BUR,CA,AWP,WE,Towers with Radar,152,43,39,0,234,0,1,15,0,16,152,44,54,0,250,0,0,0,326
03/17/2008,BUR,CA,AWP,WE,Towers with Radar,174,59,46,0,279,0,6,26,0,32,174,67,72,0,313,0,0,0,426
03/18/2008,BUR,CA,AWP,WE,Towers with Radar,164,81,39,0,284,0,5,37,0,42,164,86,76,0,326,22,0,22,495
03/19/2008,BUR,CA,AWP,WE,Towers with Radar,166,91,50,0,307,0,16,34,3,53,166,110,84,3,363,10,0,10,551
03/20/2008,BUR,CA,AWP,WE,Towers with Radar,176,99,79,0,354,0,10,37,2,49,176,113,116,2,407,30,0,30,543
03/21/2008,BUR,CA,AWP,WE,Towers with Radar,170,80,30,0,280,0,4,24,0,28,170,84,54,0,308,50,0,50,510
03/22/2008,BUR,CA,AWP,WE,Towers with Radar,137,39,34,0,210,0,2,46,0,48,137,41,80,0,258,42,0,42,454
03/23/2008,BUR,CA,AWP,WE,Towers with Radar,153,41,68,1,263,0,0,0,0,0,153,41,68,1,263,42,0,42,305
03/24/2008,BUR,CA,AWP,WE,Towers with Radar,167,74,30,0,271,0,5,36,0,41,167,79,66,0,312,26,0,26,490
03/25/2008,BUR,CA,AWP,WE,Towers with Radar,166,90,43,0,299,0,8,34,0,42,166,99,77,0,342,12,0,12,532
03/26/2008,BUR,CA,AWP,WE,Towers with Radar,159,95,62,0,316,0,10,29,0,39,159,105,91,0,355,28,0,28,541
03/27/2008,BUR,CA,AWP,WE,Towers with Radar,171,78,40,0,289,0,18,38,1,57,171,98,78,1,348,14,0,14,537
03/28/2008,BUR,CA,AWP,WE,Towers with Radar,188,77,50,0,315,0,7,33,1,41,188,84,83,1,356,12,0,12,556
03/29/2008,BUR,CA,AWP,WE,Towers with Radar,130,44,42,0,216,0,0,22,0,22,130,44,64,0,238,10,0,10,361
03/30/2008,BUR,CA,AWP,WE,Towers with Radar,156,44,50,0,250,0,3,18,1,22,156,50,68,1,275,20,0,20,425
03/31/2008,BUR,CA,AWP,WE,Towers with Radar,173,66,33,1,273,0,5,32,0,37,173,71,65,1,310,54,0,54,552
04/01/2008,BUR,CA,AWP,WE,Towers with Radar,178,90,52,1,321,0,10,43,0,53,178,102,95,1,376,38,0,38,583
04/02/2008,BUR,CA,AWP,WE,Towers with Radar,169,98,58,0,325,0,6,20,1,27,169,105,78,1,353,6,0,6,490
04/03/2008,BUR,CA,AWP,WE,Towers with Radar,173,91,53,0,317,0,5,28,0,33,173,99,81,0,353,114,0,114,619
04/04/2008,BUR,CA,AWP,WE,Towers with Radar,169,8,47,0,224,0,80,30,0,110,169,88,77,0,334,30,0,30,490
04/05/2008,BUR,CA,AWP,WE,Towers with Radar,126,37,66,0,229,0,0,22,0,22,126,37,88,0,251,26,0,26,384
04/06/2008,BUR,CA,AWP,WE,Towers with Radar,150,38,58,0,246,0,2,33,1,36,150,42,91,1,284,34,0,34,474
04/07/2008,BUR,CA,AWP,WE,Towers with Radar,171,71,51,0,293,0,1,46,1,48,171,73,97,1,342,110,0,110,575
04/08/2008,BUR,CA,AWP,WE,Towers with Radar,172,79,53,0,304,0,5,35,0,40,172,84,88,0,344,122,0,122,622
04/09/2008,BUR,CA,AWP,WE,Towers with Radar,173,76,36,2,287,0,6,28,1,35,173,82,64,3,322,20,0,20,463
04/10/2008,BUR,CA,AWP,WE,Towers with Radar,175,78,58,1,312,0,5,79,3,87,175,83,137,4,399,22,0,22,566
04/11/2008,BUR,CA,AWP,WE,Towers with Radar,170,84,51,2,307,0,6,36,2,44,170,90,87,4,351,20,0,20,536
04/12/2008,BUR,CA,AWP,WE,Towers with Radar,126,42,26,0,194,0,0,41,0,41,126,42,67,0,235,0,0,0,392
04/13/2008,BUR,CA,AWP,WE,Towers with Radar,157,34,49,0,240,0,2,33,0,35,157,36,82,0,275,0,0,0,400
04/14/2008,BUR,CA,AWP,WE,Towers with Radar,164,87,92,1,344,0,0,0,0,0,164,87,92,1,344,30,0,30,374
04/15/2008,BUR,CA,AWP,WE,Towers with Radar,189,87,80,0,356,0,0,0,0,0,189,87,80,0,356,8,0,8,364
04/16/2008,BUR,CA,AWP,WE,Towers with Radar,170,88,40,0,298,0,13,37,1,51,170,101,77,1,349,12,0,12,536
04/17/2008,BUR,CA,AWP,WE,Towers with Radar,173,78,34,0,285,0,10,57,1,68,173,88,91,1,353,38,0,38,531
04/18/2008,BUR,CA,AWP,WE,Towers with Radar,171,72,47,0,290,0,12,40,0,52,171,84,87,0,342,0,0,0,530
04/19/2008,BUR,CA,AWP,WE,Towers with Radar,122,48,52,4,226,0,0,28,0,28,122,48,80,4,254,18,0,18,439
04/20/2008,BUR,CA,AWP,WE,Towers with Radar,152,37,36,0,225,0,0,26,0,26,152,37,62,0,251,46,0,46,456
04/21/2008,BUR,CA,AWP,WE,Towers with Radar,170,78,53,0,301,0,4,43,0,47,170,82,96,0,348,22,0,22,537
04/22/2008,BUR,CA,AWP,WE,Towers with Radar,191,71,62,0,324,0,12,46,0,58,191,83,108,0,382,50,0,50,596
04/23/2008,BUR,CA,AWP,WE,Towers with Radar,189,101,53,0,343,0,7,23,0,30,189,109,76,0,374,0,0,0,552
04/24/2008,BUR,CA,AWP,WE,Towers with Radar,194,82,52,0,328,0,7,46,1,54,194,91,98,1,384,58,0,58,610
04/25/2008,BUR,CA,AWP,WE,Towers with Radar,167,72,39,0,278,0,10,42,0,52,167,82,81,0,330,18,0,18,522
04/26/2008,BUR,CA,AWP,WE,Towers with Radar,132,47,31,0,210,0,4,23,0,27,132,53,54,0,239,36,0,36,452
04/27/2008,BUR,CA,AWP,WE,Towers with Radar,174,47,57,0,278,0,0,41,0,41,174,47,98,0,319,0,0,0,444
04/28/2008,BUR,CA,AWP,WE,Towers with Radar,180,76,38,0,294,0,8,32,0,40,180,84,70,0,334,12,0,12,520
04/29/2008,BUR,CA,AWP,WE,Towers with Radar,170,83,63,0,316,0,6,35,0,41,170,89,98,0,357,0,0,0,542
04/30/2008,BUR,CA,AWP,WE,Towers with Radar,181,80,56,0,317,0,5,31,0,36,181,85,87,0,353,36,0,36,561
05/01/2008,BUR,CA,AWP,WE,Towers with Radar,182,88,42,0,312,0,6,51,0,57,182,95,93,0,370,0,0,0,553
05/02/2008,BUR,CA,AWP,WE,Towers with Radar,177,82,50,0,309,0,3,38,0,41,177,85,88,0,350,0,0,0,546
05/03/2008,BUR,CA,AWP,WE,Towers with Radar,132,45,31,0,208,0,2,33,0,35,132,48,64,0,244,48,0,48,461
05/04/2008,BUR,CA,AWP,WE,Towers with Radar,162,35,36,0,233,0,0,24,1,25,162,35,60,1,258,6,0,6,397
05/05/2008,BUR,CA,AWP,WE,Towers with Radar,18,71,44,0,133,0,2,29,0,31,18,73,73,0,164,0,0,0,355
05/06/2008,BUR,CA,AWP,WE,Towers with Radar,181,82,71,0,334,0,3,19,0,22,181,86,90,0,357,14,0,14,604
05/07/2008,BUR,CA,AWP,WE,Towers with Radar,177,100,73,0,350,0,2,16,0,18,177,102,89,0,368,4,0,4,514
05/08/2008,BUR,CA,AWP,WE,Towers with Radar,188,88,49,0,325,0,5,44,0,49,188,94,93,0,375,14,0,14,554
05/09/2008,BUR,CA,AWP,WE,Towers with Radar,160,81,46,0,287,0,0,31,0,31,160,81,77,0,318,16,0,16,509
05/10/2008,BUR,CA,AWP,WE,Towers with Radar,124,50,37,0,211,0,0,52,0,52,124,50,89,0,263,70,0,70,447
05/11/2008,BUR,CA,AWP,WE,Towers with Radar,165,46,42,0,253,0,0,62,0,62,165,46,104,0,315,18,0,18,422
05/12/2008,BUR,CA,AWP,WE,Towers with Radar,182,73,42,0,297,0,2,14,0,16,182,76,56,0,314,24,0,24,547
05/13/2008,BUR,CA,AWP,WE,Towers with Radar,170,86,51,0,307,0,5,0,1,6,170,91,51,1,313,12,0,12,521
05/14/2008,BUR,CA,AWP,WE,Towers with Radar,172,83,48,0,303,0,11,28,0,39,172,94,76,0,342,20,0,20,547
05/15/2008,BUR,CA,AWP,WE,Towers with Radar,171,82,47,2,302,0,8,35,0,43,171,92,82,2,347,22,0,22,547
05/16/2008,BUR,CA,AWP,WE,Towers with Radar,166,76,45,0,287,0,10,30,0,40,166,86,75,0,327,12,0,12,521
05/17/2008,BUR,CA,AWP,WE,Towers with Radar,133,31,25,0,189,0,1,59,0,60,133,32,84,0,249,0,0,0,395
05/18/2008,BUR,CA,AWP,WE,Towers with Radar,172,50,36,0,258,0,0,35,0,35,172,51,71,0,294,44,0,44,495
05/19/2008,BUR,CA,AWP,WE,Towers with Radar,186,67,57,0,310,0,4,53,2,59,186,72,110,2,370,30,0,30,578
05/20/2008,BUR,CA,AWP,WE,Towers with Radar,170,75,58,0,303,0,5,39,3,47,170,80,97,3,350,28,0,28,584
05/21/2008,BUR,CA,AWP,WE,Towers with Radar,187,76,53,2,318,0,4,12,0,16,187,80,65,2,334,0,0,0,466
05/22/2008,BUR,CA,AWP,WE,Towers with Radar,188,86,63,0,337,0,5,28,0,33,188,91,91,0,370,0,0,0,541
05/23/2008,BUR,CA,AWP,WE,Towers with Radar,188,85,70,0,343,0,2,17,1,20,188,87,87,1,363,10,0,10,490
05/24/2008,BUR,CA,AWP,WE,Towers with Radar,137,37,25,0,199,0,0,11,0,11,137,37,36,0,210,4,0,4,361
05/25/2008,BUR,CA,AWP,WE,Towers with Radar,131,23,22,0,176,0,1,24,0,25,131,24,46,0,201,8,0,8,315
05/26/2008,BUR,CA,AWP,WE,Towers with Radar,161,38,37,0,236,0,1,28,0,29,161,39,65,0,265,10,0,10,501
05/27/2008,BUR,CA,AWP,WE,Towers with Radar,171,87,41,0,299,0,7,51,0,58,171,94,92,0,357,12,0,12,531
05/28/2008,BUR,CA,AWP,WE,Towers with Radar,177,93,48,0,318,0,5,39,0,44,177,98,87,0,362,20,0,20,572
05/29/2008,BUR,CA,AWP,WE,Towers with Radar,173,74,38,0,285,0,7,31,0,38,173,82,69,0,324,14,0,14,499
05/30/2008,BUR,CA,AWP,WE,Towers with Radar,178,82,62,0,322,0,8,60,0,68,178,91,122,0,391,44,0,44,636
05/31/2008,BUR,CA,AWP,WE,Towers with Radar,134,52,26,0,212,0,0,77,0,77,134,52,103,0,289,0,0,0,466
06/01/2008,BUR,CA,AWP,WE,Towers with Radar,172,30,36,0,238,0,0,27,0,27,172,32,63,0,267,22,0,22,491
06/02/2008,BUR,CA,AWP,WE,Towers with Radar,176,74,39,0,289,0,5,38,0,43,176,82,77,0,335,18,0,18,568
06/03/2008,BUR,CA,AWP,WE,Towers with Radar,183,74,50,0,307,0,3,33,0,36,183,79,83,0,345,2,0,2,529
06/04/2008,BUR,CA,AWP,WE,Towers with Radar,190,74,24,0,288,0,1,24,0,25,190,77,48,0,315,6,0,6,478
06/05/2008,BUR,CA,AWP,WE,Towers with Radar,169,76,49,0,294,0,10,56,0,66,169,86,105,0,360,20,0,20,511
06/06/2008,BUR,CA,AWP,WE,Towers with Radar,175,77,36,1,289,0,12,48,0,60,175,90,84,1,350,48,0,48,576
06/07/2008,BUR,CA,AWP,WE,Towers with Radar,132,31,27,0,190,0,0,39,0,39,132,31,66,0,229,0,0,0,359
06/08/2008,BUR,CA,AWP,WE,Towers with Radar,172,34,37,0,243,0,0,22,1,23,172,35,59,1,267,18,0,18,418
06/09/2008,BUR,CA,AWP,WE,Towers with Radar,175,64,47,1,287,0,9,34,0,43,175,74,81,1,331,8,1,9,504
06/10/2008,BUR,CA,AWP,WE,Towers with Radar,163,97,54,0,314,0,7,18,0,25,163,104,72,0,339,0,0,0,459
06/11/2008,BUR,CA,AWP,WE,Towers with Radar,180,83,48,0,311,0,3,37,0,40,180,87,85,0,352,30,0,30,537
06/12/2008,BUR,CA,AWP,WE,Towers with Radar,176,90,31,3,300,0,11,36,0,47,176,103,67,3,349,0,0,0,505
06/13/2008,BUR,CA,AWP,WE,Towers with Radar,175,72,53,0,300,0,1,51,1,53,175,73,104,1,353,14,0,14,521
06/14/2008,BUR,CA,AWP,WE,Towers with Radar,127,39,50,0,216,0,0,51,0,51,127,39,101,0,267,24,0,24,436
06/15/2008,BUR,CA,AWP,WE,Towers with Radar,183,45,42,0,270,0,2,33,0,35,183,50,75,0,308,21,0,21,459
06/16/2008,BUR,CA,AWP,WE,Towers with Radar,176,76,46,2,300,0,6,47,0,53,176,82,93,2,353,8,0,8,556
06/17/2008,BUR,CA,AWP,WE,Towers with Radar,179,85,55,0,319,0,2,38,0,40,179,90,93,0,362,6,0,6,592
06/18/2008,BUR,CA,AWP,WE,Towers with Radar,177,85,44,0,306,0,2,34,0,36,177,87,78,0,342,64,0,64,565
06/19/2008,BUR,CA,AWP,WE,Towers with Radar,172,78,39,0,289,0,12,42,0,54,172,90,81,0,343,16,0,16,501
06/20/2008,BUR,CA,AWP,WE,Towers with Radar,168,276,53,0,497,0,6,44,0,50,168,282,97,0,547,30,0,30,760
06/21/2008,BUR,CA,AWP,WE,Towers with Radar,128,39,32,0,199,0,0,42,0,42,128,40,74,0,242,8,0,8,378
06/22/2008,BUR,CA,AWP,WE,Towers with Radar,162,20,48,0,230,0,2,25,0,27,162,22,73,0,257,14,0,14,391
06/23/2008,BUR,CA,AWP,WE,Towers with Radar,172,58,35,0,265,0,5,29,0,34,172,63,64,0,299,8,0,8,437
06/24/2008,BUR,CA,AWP,WE,Towers with Radar,190,73,34,0,297,0,9,39,0,48,190,84,73,0,347,22,0,22,546
06/25/2008,BUR,CA,AWP,WE,Towers with Radar,177,78,48,1,304,0,0,0,0,0,177,78,48,1,304,14,0,14,452
06/26/2008,BUR,CA,AWP,WE,Towers with Radar,174,80,49,0,303,0,6,25,0,31,174,88,74,0,336,22,0,22,534
06/27/2008,BUR,CA,AWP,WE,Towers with Radar,185,77,48,1,311,0,3,28,0,31,185,80,76,1,342,12,0,12,527
06/28/2008,BUR,CA,AWP,WE,Towers with Radar,126,42,42,0,210,0,0,25,0,25,126,42,67,0,235,4,0,4,371
06/29/2008,BUR,CA,AWP,WE,Towers with Radar,167,34,36,0,237,0,0,35,0,35,167,35,71,0,273,16,0,16,418
06/30/2008,BUR,CA,AWP,WE,Towers with Radar,287,69,34,0,390,0,2,37,0,39,287,74,71,0,432,0,0,0,664
07/01/2008,BUR,CA,AWP,WE,Towers with Radar,197,76,19,0,292,0,7,41,0,48,197,83,60,0,340,46,0,46,386
07/02/2008,BUR,CA,AWP,WE,Towers with Radar,163,82,37,0,282,0,8,27,0,35,163,90,64,0,317,14,0,14,331
07/03/2008,BUR,CA,AWP,WE,Towers with Radar,175,68,44,0,287,0,7,38,1,46,175,75,82,1,333,6,0,6,339
07/04/2008,BUR,CA,AWP,WE,Towers with Radar,123,25,16,0,164,0,0,19,0,19,123,25,35,0,183,10,0,10,193
07/05/2008,BUR,CA,AWP,WE,Towers with Radar,131,32,26,0,189,0,0,17,1,18,131,32,43,1,207,42,0,42,249
07/06/2008,BUR,CA,AWP,WE,Towers with Radar,181,40,42,0,263,0,0,31,0,31,181,40,73,0,294,14,0,14,308
07/07/2008,BUR,CA,AWP,WE,Towers with Radar,182,66,38,0,286,0,3,24,0,27,182,69,62,0,313,44,0,44,357
07/08/2008,BUR,CA,AWP,WE,Towers with Radar,174,84,75,0,333,0,6,38,0,44,174,90,113,0,377,18,0,18,395
07/09/2008,BUR,CA,AWP,WE,Towers with Radar,182,97,40,1,320,0,2,33,1,36,182,99,73,2,356,2,0,2,358
07/10/2008,BUR,CA,AWP,WE,Towers with Radar,178,82,53,0,313,0,3,40,0,43,178,85,93,0,356,44,0,44,400
07/11/2008,BUR,CA,AWP,WE,Towers with Radar,147,84,45,0,276,0,9,26,0,35,147,93,71,0,311,36,0,36,347
07/12/2008,BUR,CA,AWP,WE,Towers with Radar,124,34,33,1,192,0,0,29,0,29,124,34,62,1,221,0,0,0,221
07/13/2008,BUR,CA,AWP,WE,Towers with Radar,173,44,38,0,255,0,0,47,0,47,173,44,85,0,302,22,0,22,324
07/14/2008,BUR,CA,AWP,WE,Towers with Radar,177,55,34,0,266,0,1,39,0,40,177,56,73,0,306,50,0,50,356
07/15/2008,BUR,CA,AWP,WE,Towers with Radar,195,86,31,0,312,0,8,30,0,38,195,94,61,0,350,28,0,28,378
07/16/2008,BUR,CA,AWP,WE,Towers with Radar,174,80,31,0,285,0,4,41,1,46,174,84,72,1,331,32,0,32,363
07/17/2008,BUR,CA,AWP,WE,Towers with Radar,178,78,54,0,310,0,3,33,0,36,178,81,87,0,346,34,0,34,380
07/18/2008,BUR,CA,AWP,WE,Towers with Radar,159,73,53,0,285,0,7,33,0,40,159,80,86,0,325,16,0,16,341
07/19/2008,BUR,CA,AWP,WE,Towers with Radar,131,40,38,1,210,0,0,24,0,24,131,40,62,1,234,1,0,1,235
07/20/2008,BUR,CA,AWP,WE,Towers with Radar,167,39,44,0,250,0,0,28,0,28,167,39,72,0,278,50,0,50,328
07/21/2008,BUR,CA,AWP,WE,Towers with Radar,180,61,45,0,286,0,0,8,0,8,180,61,53,0,294,14,0,14,308
07/22/2008,BUR,CA,AWP,WE,Towers with Radar,165,65,39,0,269,0,4,30,1,35,165,69,69,1,304,34,0,34,338
07/23/2008,BUR,CA,AWP,WE,Towers with Radar,175,80,35,0,290,0,5,49,0,54,175,85,84,0,344,22,0,22,366
07/24/2008,BUR,CA,AWP,WE,Towers with Radar,176,77,43,0,296,0,5,21,2,28,176,82,64,2,324,22,0,22,346
07/25/2008,BUR,CA,AWP,WE,Towers with Radar,169,67,55,0,291,0,4,37,0,41,169,71,92,0,332,28,22,50,382
07/26/2008,BUR,CA,AWP,WE,Towers with Radar,109,41,31,0,181,0,0,34,0,34,109,41,65,0,215,66,0,66,281
07/27/2008,BUR,CA,AWP,WE,Towers with Radar,150,37,33,0,220,0,0,33,0,33,150,37,66,0,253,0,0,0,253
07/28/2008,BUR,CA,AWP,WE,Towers with Radar,184,68,52,0,304,0,6,31,1,38,184,74,83,1,342,26,1,27,369
07/29/2008,BUR,CA,AWP,WE,Towers with Radar,176,67,58,1,302,0,7,37,0,44,176,74,95,1,346,40,0,40,386
07/30/2008,BUR,CA,AWP,WE,Towers with Radar,171,79,41,0,291,0,4,35,0,39,171,83,76,0,330,2,0,2,332
07/31/2008,BUR,CA,AWP,WE,Towers with Radar,179,73,54,2,308,0,4,31,0,35,179,77,85,2,343,9,0,9,352
08/01/2008,BUR,CA,AWP,WE,Towers with Radar,169,71,46,0,286,0,4,33,0,37,169,75,79,0,323,38,0,38,361
08/02/2008,BUR,CA,AWP,WE,Towers with Radar,131,38,31,0,200,0,1,40,0,41,131,39,71,0,241,26,0,26,267
08/03/2008,BUR,CA,AWP,WE,Towers with Radar,152,45,32,0,229,0,0,59,0,59,152,45,91,0,288,0,0,0,288
08/04/2008,BUR,CA,AWP,WE,Towers with Radar,165,68,48,0,281,0,9,20,0,29,165,77,68,0,310,4,0,4,314
08/05/2008,BUR,CA,AWP,WE,Towers with Radar,170,66,36,0,272,0,6,39,0,45,170,72,75,0,317,60,0,60,377
08/06/2008,BUR,CA,AWP,WE,Towers with Radar,176,97,41,0,314,0,1,38,0,39,176,98,79,0,353,16,0,16,369
08/07/2008,BUR,CA,AWP,WE,Towers with Radar,191,58,44,0,293,0,4,51,1,56,191,62,95,1,349,0,0,0,349
08/08/2008,BUR,CA,AWP,WE,Towers with Radar,168,61,48,0,277,0,15,38,0,53,168,76,86,0,330,8,0,8,338
08/09/2008,BUR,CA,AWP,WE,Towers with Radar,120,31,29,0,180,0,0,26,0,26,120,31,55,0,206,50,0,50,256
08/10/2008,BUR,CA,AWP,WE,Towers with Radar,161,36,40,0,237,0,1,36,0,37,161,37,76,0,274,6,0,6,280
08/11/2008,BUR,CA,AWP,WE,Towers with Radar,172,56,40,0,268,0,6,30,0,36,172,62,70,0,304,30,0,30,334
08/12/2008,BUR,CA,AWP,WE,Towers with Radar,181,71,59,0,311,0,3,26,0,29,181,74,85,0,340,42,0,42,382
08/13/2008,BUR,CA,AWP,WE,Towers with Radar,179,103,61,0,343,0,8,35,0,43,179,111,96,0,386,24,0,24,410
08/14/2008,BUR,CA,AWP,WE,Towers with Radar,172,90,62,1,325,0,12,26,0,38,172,102,88,1,363,14,0,14,377
08/15/2008,BUR,CA,AWP,WE,Towers with Radar,170,75,30,0,275,0,9,47,0,56,170,84,77,0,331,36,0,36,367
08/16/2008,BUR,CA,AWP,WE,Towers with Radar,124,29,43,0,196,0,0,30,0,30,124,29,73,0,226,18,0,18,244
08/17/2008,BUR,CA,AWP,WE,Towers with Radar,159,41,38,0,238,0,0,42,0,42,159,41,80,0,280,4,0,4,284
08/18/2008,BUR,CA,AWP,WE,Towers with Radar,172,61,44,0,277,0,3,39,0,42,172,64,83,0,319,14,0,14,333
08/19/2008,BUR,CA,AWP,WE,Towers with Radar,188,77,36,4,305,0,4,37,0,41,188,81,73,4,346,34,0,34,380
08/20/2008,BUR,CA,AWP,WE,Towers with Radar,182,78,37,0,297,0,3,30,0,33,182,81,67,0,330,54,0,54,384
08/21/2008,BUR,CA,AWP,WE,Towers with Radar,177,83,36,0,296,0,6,28,0,34,177,89,64,0,330,67,0,67,397
08/22/2008,BUR,CA,AWP,WE,Towers with Radar,171,67,36,0,274,0,6,21,0,27,171,73,57,0,301,0,0,0,301
08/23/2008,BUR,CA,AWP,WE,Towers with Radar,137,36,31,0,204,0,0,22,0,22,137,36,53,0,226,0,0,0,226
08/24/2008,BUR,CA,AWP,WE,Towers with Radar,162,42,24,0,228,0,0,30,6,36,162,42,54,6,264,16,0,16,280
08/25/2008,BUR,CA,AWP,WE,Towers with Radar,184,56,42,0,282,0,2,46,0,48,184,58,88,0,330,30,6,36,366
08/26/2008,BUR,CA,AWP,WE,Towers with Radar,189,66,40,0,295,0,2,45,0,47,189,68,85,0,342,48,0,48,390
08/27/2008,BUR,CA,AWP,WE,Towers with Radar,177,82,54,0,313,0,3,22,0,25,177,85,76,0,338,32,0,32,370
08/28/2008,BUR,CA,AWP,WE,Towers with Radar,178,62,44,0,284,0,4,23,0,27,178,66,67,0,311,0,0,0,311
08/29/2008,BUR,CA,AWP,WE,Towers with Radar,171,84,53,0,308,0,3,47,0,50,171,87,100,0,358,50,0,50,408
08/30/2008,BUR,CA,AWP,WE,Towers with Radar,139,25,41,0,205,0,4,25,0,29,139,29,66,0,234,10,0,10,244
08/31/2008,BUR,CA,AWP,WE,Towers with Radar,93,19,27,0,139,0,0,35,0,35,93,19,62,0,174,42,0,42,216
09/01/2008,BUR,CA,AWP,WE,Towers with Radar,146,31,46,0,223,0,0,29,0,29,146,31,75,0,252,2,0,2,254
09/02/2008,BUR,CA,AWP,WE,Towers with Radar,172,69,52,0,293,0,7,25,0,32,172,76,77,0,325,34,0,34,359
09/03/2008,BUR,CA,AWP,WE,Towers with Radar,172,75,43,0,290,0,9,30,0,39,172,84,73,0,329,22,0,22,351
09/04/2008,BUR,CA,AWP,WE,Towers with Radar,163,61,44,0,268,0,9,36,0,45,163,70,80,0,313,0,0,0,313
09/05/2008,BUR,CA,AWP,WE,Towers with Radar,158,62,38,1,259,0,8,43,0,51,158,70,81,1,310,28,0,28,338
09/06/2008,BUR,CA,AWP,WE,Towers with Radar,125,31,43,0,199,0,2,32,0,34,125,33,75,0,233,37,0,37,270
09/07/2008,BUR,CA,AWP,WE,Towers with Radar,154,30,33,0,217,0,0,30,0,30,154,30,63,0,247,0,0,0,247
09/08/2008,BUR,CA,AWP,WE,Towers with Radar,160,53,46,0,259,0,7,30,0,37,160,60,76,0,296,14,0,14,310
09/09/2008,BUR,CA,AWP,WE,Towers with Radar,172,83,38,0,293,0,4,26,2,32,172,87,64,2,325,0,0,0,325
09/10/2008,BUR,CA,AWP,WE,Towers with Radar,170,80,55,1,306,0,6,40,0,46,170,86,95,1,352,28,0,28,380
09/11/2008,BUR,CA,AWP,WE,Towers with Radar,165,79,60,1,305,0,6,15,2,23,165,85,75,3,328,14,0,14,342
09/12/2008,BUR,CA,AWP,WE,Towers with Radar,165,76,67,0,308,0,1,17,0,18,165,77,84,0,326,20,0,20,346
09/13/2008,BUR,CA,AWP,WE,Towers with Radar,109,33,58,0,200,0,1,25,3,29,109,34,83,3,229,30,0,30,259
09/14/2008,BUR,CA,AWP,WE,Towers with Radar,160,30,50,0,240,0,0,25,0,25,160,30,75,0,265,28,0,28,293
09/15/2008,BUR,CA,AWP,WE,Towers with Radar,165,72,41,0,278,0,4,24,0,28,165,76,65,0,306,30,0,30,336
09/16/2008,BUR,CA,AWP,WE,Towers with Radar,177,82,35,2,296,0,4,33,0,37,177,86,68,2,333,10,0,10,343
09/17/2008,BUR,CA,AWP,WE,Towers with Radar,165,76,38,0,279,0,7,37,0,44,165,83,75,0,323,20,0,20,343
09/18/2008,BUR,CA,AWP,WE,Towers with Radar,160,80,37,0,277,0,4,30,0,34,160,84,67,0,311,22,0,22,333
09/19/2008,BUR,CA,AWP,WE,Towers with Radar,162,89,40,0,291,0,5,56,0,61,162,94,96,0,352,36,0,36,388
09/20/2008,BUR,CA,AWP,WE,Towers with Radar,115,31,38,0,184,0,0,7,0,7,115,31,45,0,191,64,0,64,255
09/21/2008,BUR,CA,AWP,WE,Towers with Radar,152,37,36,0,225,0,0,29,0,29,152,37,65,0,254,4,0,4,258
09/22/2008,BUR,CA,AWP,WE,Towers with Radar,165,68,39,1,273,0,7,32,1,40,165,75,71,2,313,8,0,8,321
09/23/2008,BUR,CA,AWP,WE,Towers with Radar,166,71,25,0,262,0,6,44,0,50,166,77,69,0,312,36,0,36,348
09/24/2008,BUR,CA,AWP,WE,Towers with Radar,170,69,47,1,287,0,7,40,0,47,170,76,87,1,334,64,0,64,398
09/25/2008,BUR,CA,AWP,WE,Towers with Radar,170,63,41,0,274,0,4,34,0,38,170,67,75,0,312,38,0,38,350
09/26/2008,BUR,CA,AWP,WE,Towers with Radar,150,75,37,0,262,0,7,42,2,51,150,82,79,2,313,16,0,16,329
09/27/2008,BUR,CA,AWP,WE,Towers with Radar,103,30,46,0,179,0,0,47,0,47,103,30,93,0,226,14,0,14,240
09/28/2008,BUR,CA,AWP,WE,Towers with Radar,160,36,51,0,247,0,1,46,0,47,160,37,97,0,294,42,0,42,336
09/29/2008,BUR,CA,AWP,WE,Towers with Radar,172,53,39,0,264,0,5,37,0,42,172,58,76,0,306,32,0,32,338
09/30/2008,BUR,CA,AWP,WE,Towers with Radar,157,74,26,0,257,0,11,28,0,39,157,85,54,0,296,36,0,36,332
10/01/2008,BUR,CA,AWP,WE,Towers with Radar,175,68,25,0,268,0,8,31,2,41,175,76,56,2,309,26,0,26,335
10/02/2008,BUR,CA,AWP,WE,Towers with Radar,153,74,40,0,267,0,2,30,0,32,153,76,70,0,299,34,0,34,333
10/03/2008,BUR,CA,AWP,WE,Towers with Radar,164,76,44,0,284,0,3,28,0,31,164,79,72,0,315,45,0,45,360
10/04/2008,BUR,CA,AWP,WE,Towers with Radar,119,28,38,1,186,0,0,7,0,7,119,28,45,1,193,22,0,22,215
10/05/2008,BUR,CA,AWP,WE,Towers with Radar,147,39,37,0,223,0,0,40,0,40,147,39,77,0,263,104,0,104,367
10/06/2008,BUR,CA,AWP,WE,Towers with Radar,165,55,32,0,252,0,10,44,0,54,165,65,76,0,306,160,0,160,466
10/07/2008,BUR,CA,AWP,WE,Towers with Radar,164,58,36,1,259,0,10,40,1,51,164,68,76,2,310,152,0,152,462
10/08/2008,BUR,CA,AWP,WE,Towers with Radar,175,58,36,0,269,0,5,38,0,43,175,63,74,0,312,0,0,0,312
10/09/2008,BUR,CA,AWP,WE,Towers with Radar,166,66,32,0,264,0,9,20,0,29,166,75,52,0,293,26,0,26,319
10/10/2008,BUR,CA,AWP,WE,Towers with Radar,167,57,35,0,259,0,9,36,0,45,167,66,71,0,304,56,0,56,360
10/11/2008,BUR,CA,AWP,WE,Towers with Radar,105,24,24,0,153,0,2,19,0,21,105,26,43,0,174,8,0,8,182
10/12/2008,BUR,CA,AWP,WE,Towers with Radar,143,32,40,0,215,0,0,33,0,33,143,32,73,0,248,34,0,34,282
10/13/2008,BUR,CA,AWP,WE,Towers with Radar,159,45,39,0,243,0,2,10,0,12,159,47,49,0,255,0,0,0,255
10/14/2008,BUR,CA,AWP,WE,Towers with Radar,168,66,44,0,278,0,5,10,0,15,168,71,54,0,293,32,0,32,325
10/15/2008,BUR,CA,AWP,WE,Towers with Radar,164,71,52,0,287,0,7,43,0,50,164,78,95,0,337,46,0,46,383
10/16/2008,BUR,CA,AWP,WE,Towers with Radar,169,96,36,0,301,0,9,42,0,51,169,105,78,0,352,20,0,20,372
10/17/2008,BUR,CA,AWP,WE,Towers with Radar,163,82,39,0,284,0,11,28,0,39,163,93,67,0,323,56,0,56,379
10/18/2008,BUR,CA,AWP,WE,Towers with Radar,120,35,31,0,186,0,3,52,0,55,120,38,83,0,241,88,0,88,329
10/19/2008,BUR,CA,AWP,WE,Towers with Radar,151,30,34,0,215,0,0,24,0,24,151,30,58,0,239,14,0,14,253
10/20/2008,BUR,CA,AWP,WE,Towers with Radar,173,67,47,0,287,0,5,28,0,33,173,72,75,0,320,22,0,22,342
10/21/2008,BUR,CA,AWP,WE,Towers with Radar,173,67,47,0,287,0,5,28,0,33,173,72,75,0,320,22,0,22,342
10/22/2008,BUR,CA,AWP,WE,Towers with Radar,170,92,34,0,296,0,3,45,0,48,170,95,79,0,344,20,0,20,364
10/23/2008,BUR,CA,AWP,WE,Towers with Radar,159,95,48,0,302,0,7,21,0,28,159,102,69,0,330,4,0,4,334
10/24/2008,BUR,CA,AWP,WE,Towers with Radar,168,62,44,0,274,0,5,34,0,39,168,67,78,0,313,26,0,26,339
10/25/2008,BUR,CA,AWP,WE,Towers with Radar,109,31,29,0,169,0,0,26,0,26,109,31,55,0,195,2,0,2,197
10/26/2008,BUR,CA,AWP,WE,Towers with Radar,144,39,57,0,240,0,0,46,0,46,144,39,103,0,286,20,0,20,306
10/27/2008,BUR,CA,AWP,WE,Towers with Radar,171,65,34,0,270,0,9,25,0,34,171,74,59,0,304,62,0,62,366
10/28/2008,BUR,CA,AWP,WE,Towers with Radar,167,71,26,0,264,0,9,40,0,49,167,80,66,0,313,36,0,36,349
10/29/2008,BUR,CA,AWP,WE,Towers with Radar,158,68,44,1,271,0,11,31,0,42,158,79,75,1,313,36,0,36,349
10/30/2008,BUR,CA,AWP,WE,Towers with Radar,172,61,33,0,266,0,14,43,0,57,172,75,76,0,323,80,0,80,403
10/31/2008,BUR,CA,AWP,WE,Towers with Radar,156,57,36,0,249,0,3,29,0,32,156,60,65,0,281,56,0,56,337
11/01/2008,BUR,CA,AWP,WE,Towers with Radar,115,21,21,0,157,0,0,12,0,12,115,21,33,0,169,24,0,24,193
11/02/2008,BUR,CA,AWP,WE,Towers with Radar,142,36,24,0,202,0,0,18,0,18,142,36,42,0,220,14,0,14,234
11/03/2008,BUR,CA,AWP,WE,Towers with Radar,176,54,23,1,254,0,1,19,1,21,176,55,42,2,275,0,0,0,275
11/04/2008,BUR,CA,AWP,WE,Towers with Radar,156,56,42,0,254,0,1,29,0,30,156,57,71,0,284,44,0,44,328
11/05/2008,BUR,CA,AWP,WE,Towers with Radar,165,55,34,0,254,0,5,36,0,41,165,60,70,0,295,94,0,94,389
11/06/2008,BUR,CA,AWP,WE,Towers with Radar,165,72,38,1,276,0,11,58,0,69,165,83,96,1,345,4,0,4,349
11/07/2008,BUR,CA,AWP,WE,Towers with Radar,158,69,40,0,267,0,1,34,0,35,158,70,74,0,302,76,0,76,378
11/08/2008,BUR,CA,AWP,WE,Towers with Radar,120,30,36,0,186,0,3,33,0,36,120,33,69,0,222,10,0,10,232
11/09/2008,BUR,CA,AWP,WE,Towers with Radar,134,35,44,0,213,0,0,17,0,17,134,35,61,0,230,0,0,0,230
11/10/2008,BUR,CA,AWP,WE,Towers with Radar,169,66,48,0,283,0,4,45,0,49,169,70,93,0,332,14,0,14,346
11/11/2008,BUR,CA,AWP,WE,Towers with Radar,173,54,37,0,264,0,5,49,0,54,173,59,86,0,318,38,0,38,356
11/12/2008,BUR,CA,AWP,WE,Towers with Radar,156,57,39,0,252,0,9,35,0,44,156,66,74,0,296,24,0,24,320
11/13/2008,BUR,CA,AWP,WE,Towers with Radar,150,83,47,0,280,0,8,45,3,56,150,91,92,3,336,112,1,113,449
11/14/2008,BUR,CA,AWP,WE,Towers with Radar,168,68,40,4,280,0,14,29,0,43,168,82,69,4,323,152,0,152,475
11/15/2008,BUR,CA,AWP,WE,Towers with Radar,98,21,26,0,145,0,1,36,5,42,98,22,62,5,187,16,0,16,203
11/16/2008,BUR,CA,AWP,WE,Towers with Radar,153,46,30,0,229,0,0,19,0,19,153,46,49,0,248,86,0,86,334
11/17/2008,BUR,CA,AWP,WE,Towers with Radar,158,58,33,0,249,0,0,156,0,156,158,58,189,0,405,64,0,64,469
11/18/2008,BUR,CA,AWP,WE,Towers with Radar,162,57,44,0,263,0,3,40,0,43,162,60,84,0,306,70,0,70,376
11/19/2008,BUR,CA,AWP,WE,Towers with Radar,170,69,40,0,279,0,3,50,0,53,170,72,90,0,332,20,0,20,352
11/20/2008,BUR,CA,AWP,WE,Towers with Radar,163,70,36,1,270,0,0,34,0,34,163,70,70,1,304,56,0,56,360
11/21/2008,BUR,CA,AWP,WE,Towers with Radar,161,52,41,2,256,2,7,28,0,37,163,59,69,2,293,44,0,44,337
11/22/2008,BUR,CA,AWP,WE,Towers with Radar,109,37,24,0,170,0,1,3,0,4,109,38,27,0,174,40,0,40,214
11/23/2008,BUR,CA,AWP,WE,Towers with Radar,133,33,37,0,203,0,0,18,0,18,133,33,55,0,221,12,0,12,233
11/24/2008,BUR,CA,AWP,WE,Towers with Radar,158,52,46,0,256,0,8,23,0,31,158,60,69,0,287,14,0,14,301
11/25/2008,BUR,CA,AWP,WE,Towers with Radar,168,85,47,0,300,0,2,28,0,30,168,87,75,0,330,12,0,12,342
11/26/2008,BUR,CA,AWP,WE,Towers with Radar,175,74,49,0,298,0,0,6,0,6,175,74,55,0,304,0,0,0,304
11/27/2008,BUR,CA,AWP,WE,Towers with Radar,121,24,27,0,172,0,0,4,0,4,121,24,31,0,176,0,0,0,176
11/28/2008,BUR,CA,AWP,WE,Towers with Radar,125,43,39,0,207,0,4,31,0,35,125,47,70,0,242,36,0,36,278
11/29/2008,BUR,CA,AWP,WE,Towers with Radar,137,37,40,0,214,0,0,21,0,21,137,37,61,0,235,62,0,62,297
11/30/2008,BUR,CA,AWP,WE,Towers with Radar,161,49,66,2,278,0,0,30,0,30,161,49,96,2,308,0,0,0,308
12/01/2008,BUR,CA,AWP,WE,Towers with Radar,166,44,27,0,237,0,8,36,1,45,166,52,63,1,282,56,0,56,338
12/02/2008,BUR,CA,AWP,WE,Towers with Radar,168,62,41,0,271,0,0,2,0,2,168,62,43,0,273,0,0,0,273
12/03/2008,BUR,CA,AWP,WE,Towers with Radar,168,70,34,1,273,0,0,23,0,23,168,70,57,1,296,62,0,62,358
12/04/2008,BUR,CA,AWP,WE,Towers with Radar,165,72,41,0,278,0,1,36,0,37,165,73,77,0,315,28,0,28,343
12/05/2008,BUR,CA,AWP,WE,Towers with Radar,153,70,23,0,246,0,16,26,1,43,153,86,49,1,289,56,0,56,345
12/06/2008,BUR,CA,AWP,WE,Towers with Radar,110,32,35,0,177,0,5,43,0,48,110,37,78,0,225,8,0,8,233
12/07/2008,BUR,CA,AWP,WE,Towers with Radar,119,33,28,0,180,0,0,25,0,25,119,33,53,0,205,22,0,22,227
12/08/2008,BUR,CA,AWP,WE,Towers with Radar,164,62,50,0,276,0,4,22,0,26,164,66,72,0,302,4,0,4,306
12/09/2008,BUR,CA,AWP,WE,Towers with Radar,172,56,34,0,262,0,5,16,0,21,172,61,50,0,283,44,0,44,327
12/10/2008,BUR,CA,AWP,WE,Towers with Radar,158,67,41,0,266,0,7,42,0,49,158,74,83,0,315,46,0,46,361
12/11/2008,BUR,CA,AWP,WE,Towers with Radar,170,62,48,0,280,0,5,36,0,41,170,67,84,0,321,12,0,12,333
12/12/2008,BUR,CA,AWP,WE,Towers with Radar,167,66,38,4,275,0,5,50,10,65,167,71,88,14,340,70,0,70,410
12/13/2008,BUR,CA,AWP,WE,Towers with Radar,109,28,23,0,160,0,0,14,0,14,109,28,37,0,174,8,0,8,182
12/14/2008,BUR,CA,AWP,WE,Towers with Radar,140,29,26,0,195,0,0,16,0,16,140,29,42,0,211,4,0,4,215
12/15/2008,BUR,CA,AWP,WE,Towers with Radar,148,64,22,0,234,0,1,2,0,3,148,65,24,0,237,0,0,0,237
12/16/2008,BUR,CA,AWP,WE,Towers with Radar,170,63,40,0,273,0,6,24,0,30,170,69,64,0,303,18,0,18,321
12/17/2008,BUR,CA,AWP,WE,Towers with Radar,163,65,41,0,269,0,2,0,0,2,163,67,41,0,271,0,0,0,271
12/18/2008,BUR,CA,AWP,WE,Towers with Radar,157,83,35,0,275,0,4,42,0,46,157,87,77,0,321,22,0,22,343
12/19/2008,BUR,CA,AWP,WE,Towers with Radar,143,66,48,0,257,0,7,30,0,37,143,73,78,0,294,12,0,12,306
12/20/2008,BUR,CA,AWP,WE,Towers with Radar,115,47,40,0,202,0,0,31,0,31,115,47,71,0,233,18,0,18,251
12/21/2008,BUR,CA,AWP,WE,Towers with Radar,131,22,21,0,174,0,0,19,0,19,131,22,40,0,193,22,0,22,215
12/22/2008,BUR,CA,AWP,WE,Towers with Radar,148,74,31,0,253,0,3,9,0,12,148,77,40,0,265,0,0,0,265
12/23/2008,BUR,CA,AWP,WE,Towers with Radar,173,78,25,0,276,0,10,23,0,33,173,88,48,0,309,36,0,36,345
12/24/2008,BUR,CA,AWP,WE,Towers with Radar,127,69,17,2,215,0,4,14,0,18,127,73,31,2,233,0,0,0,233
12/25/2008,BUR,CA,AWP,WE,Towers with Radar,123,24,8,0,155,0,0,0,0,0,123,24,8,0,155,0,0,0,155
12/26/2008,BUR,CA,AWP,WE,Towers with Radar,160,50,29,0,239,0,7,22,0,29,160,57,51,0,268,16,0,16,284
12/27/2008,BUR,CA,AWP,WE,Towers with Radar,136,39,34,0,209,0,0,15,0,15,136,39,49,0,224,52,0,52,276
12/28/2008,BUR,CA,AWP,WE,Towers with Radar,144,28,21,0,193,0,0,33,0,33,144,28,54,0,226,6,0,6,232
12/29/2008,BUR,CA,AWP,WE,Towers with Radar,166,47,21,0,234,0,1,9,0,10,166,48,30,0,244,0,0,0,244
12/30/2008,BUR,CA,AWP,WE,Towers with Radar,161,76,18,0,255,0,4,24,0,28,161,80,42,0,283,64,0,64,347
12/31/2008,BUR,CA,AWP,WE,Towers with Radar,144,71,30,0,245,0,0,21,0,21,144,71,51,0,266,10,0,10,276
01/01/2009,BUR,CA,AWP,WE,Towers with Radar,135,39,30,0,204,0,1,24,0,25,135,40,54,0,229,0,0,0,229
01/02/2009,BUR,CA,AWP,WE,Towers with Radar,141,49,59,0,249,0,0,0,0,0,141,49,59,0,249,0,0,0,249
01/03/2009,BUR,CA,AWP,WE,Towers with Radar,139,29,32,0,200,0,0,16,0,16,139,29,48,0,216,0,0,0,216
01/04/2009,BUR,CA,AWP,WE,Towers with Radar,143,39,33,0,215,0,0,15,0,15,143,39,48,0,230,0,0,0,230
01/05/2009,BUR,CA,AWP,WE,Towers with Radar,168,59,18,0,245,0,10,27,0,37,168,69,45,0,282,8,0,8,290
01/06/2009,BUR,CA,AWP,WE,Towers with Radar,160,64,36,0,260,0,5,39,0,44,160,69,75,0,304,18,0,18,322
01/07/2009,BUR,CA,AWP,WE,Towers with Radar,169,72,29,0,270,0,8,30,0,38,169,80,59,0,308,8,0,8,316
01/08/2009,BUR,CA,AWP,WE,Towers with Radar,160,78,35,0,273,0,8,32,0,40,160,86,67,0,313,26,0,26,339
01/09/2009,BUR,CA,AWP,WE,Towers with Radar,134,64,31,0,229,0,4,22,1,27,134,68,53,1,256,2,0,2,258
01/10/2009,BUR,CA,AWP,WE,Towers with Radar,109,31,11,0,151,0,0,16,0,16,109,31,27,0,167,4,0,4,171
01/11/2009,BUR,CA,AWP,WE,Towers with Radar,145,31,33,0,209,0,0,27,0,27,145,31,60,0,236,100,0,100,336
01/12/2009,BUR,CA,AWP,WE,Towers with Radar,161,58,25,0,244,0,3,21,0,24,161,61,46,0,268,0,0,0,268
01/13/2009,BUR,CA,AWP,WE,Towers with Radar,163,68,39,0,270,0,4,30,0,34,163,72,69,0,304,112,0,112,416
01/14/2009,BUR,CA,AWP,WE,Towers with Radar,147,86,51,0,284,0,3,33,0,36,147,89,84,0,320,14,0,14,334
01/15/2009,BUR,CA,AWP,WE,Towers with Radar,161,69,42,0,272,0,3,50,0,53,161,72,92,0,325,52,0,52,377
01/16/2009,BUR,CA,AWP,WE,Towers with Radar,153,74,40,0,267,0,5,39,0,44,153,79,79,0,311,12,0,12,323
01/17/2009,BUR,CA,AWP,WE,Towers with Radar,104,29,32,0,165,0,0,30,0,30,104,29,62,0,195,0,60,60,255
01/18/2009,BUR,CA,AWP,WE,Towers with Radar,114,34,27,0,175,0,1,30,0,31,114,35,57,0,206,26,0,26,232
01/19/2009,BUR,CA,AWP,WE,Towers with Radar,168,43,24,0,235,0,3,28,0,31,168,46,52,0,266,52,0,52,318
01/20/2009,BUR,CA,AWP,WE,Towers with Radar,165,55,33,0,253,0,5,36,0,41,165,60,69,0,294,58,0,58,352
01/21/2009,BUR,CA,AWP,WE,Towers with Radar,154,71,26,0,251,0,3,23,0,26,154,74,49,0,277,20,0,20,297
01/22/2009,BUR,CA,AWP,WE,Towers with Radar,156,72,43,0,271,0,1,1,0,2,156,73,44,0,273,0,0,0,273
01/23/2009,BUR,CA,AWP,WE,Towers with Radar,169,72,56,0,297,0,0,7,0,7,169,72,63,0,304,12,0,12,316
01/24/2009,BUR,CA,AWP,WE,Towers with Radar,103,30,35,0,168,0,0,42,0,42,103,30,77,0,210,0,0,0,210
01/25/2009,BUR,CA,AWP,WE,Towers with Radar,135,37,51,0,223,0,0,20,0,20,135,37,71,0,243,38,0,38,281
01/26/2009,BUR,CA,AWP,WE,Towers with Radar,165,62,39,0,266,0,5,25,0,30,165,67,64,0,296,4,0,4,300
01/27/2009,BUR,CA,AWP,WE,Towers with Radar,168,59,32,0,259,0,6,24,0,30,168,65,56,0,289,18,0,18,307
01/28/2009,BUR,CA,AWP,WE,Towers with Radar,144,68,32,0,244,0,6,36,0,42,144,74,68,0,286,114,0,114,400
01/29/2009,BUR,CA,AWP,WE,Towers with Radar,148,80,42,0,270,0,8,26,2,36,148,88,68,2,306,2,0,2,308
01/30/2009,BUR,CA,AWP,WE,Towers with Radar,174,63,47,0,284,0,8,53,0,61,174,71,100,0,345,128,0,128,473
01/31/2009,BUR,CA,AWP,WE,Towers with Radar,121,32,23,0,176,0,1,33,0,34,121,33,56,0,210,184,0,184,394
02/01/2009,BUR,CA,AWP,WE,Towers with Radar,141,24,29,0,194,0,0,25,0,25,141,24,54,0,219,6,0,6,225
02/02/2009,BUR,CA,AWP,WE,Towers with Radar,171,64,32,1,268,0,7,53,2,62,171,71,85,3,330,155,0,155,485
02/03/2009,BUR,CA,AWP,WE,Towers with Radar,175,68,33,1,277,0,6,48,2,56,175,74,81,3,333,50,0,50,383
02/04/2009,BUR,CA,AWP,WE,Towers with Radar,160,69,35,0,264,0,3,40,0,43,160,72,75,0,307,56,0,56,363
02/05/2009,BUR,CA,AWP,WE,Towers with Radar,156,89,47,0,292,0,1,8,0,9,156,90,55,0,301,72,0,72,373
02/06/2009,BUR,CA,AWP,WE,Towers with Radar,157,78,38,0,273,0,0,5,0,5,157,78,43,0,278,0,0,0,278
02/07/2009,BUR,CA,AWP,WE,Towers with Radar,109,46,21,0,176,0,0,12,0,12,109,46,33,0,188,30,0,30,218
02/08/2009,BUR,CA,AWP,WE,Towers with Radar,144,36,46,0,226,0,0,20,0,20,144,36,66,0,246,26,0,26,272
02/09/2009,BUR,CA,AWP,WE,Towers with Radar,168,68,41,0,277,0,4,10,0,14,168,72,51,0,291,28,0,28,319
02/10/2009,BUR,CA,AWP,WE,Towers with Radar,153,67,45,0,265,0,8,31,0,39,153,75,76,0,304,38,0,38,342
02/11/2009,BUR,CA,AWP,WE,Towers with Radar,166,80,49,0,295,0,5,23,0,28,166,85,72,0,323,40,0,40,363
02/12/2009,BUR,CA,AWP,WE,Towers with Radar,157,89,46,0,292,0,3,37,0,40,157,92,83,0,332,10,0,10,342
02/13/2009,BUR,CA,AWP,WE,Towers with Radar,157,66,42,0,265,0,1,37,0,38,157,67,79,0,303,64,0,64,367
02/14/2009,BUR,CA,AWP,WE,Towers with Radar,112,36,21,0,169,0,1,14,0,15,112,37,35,0,184,14,0,14,198
02/15/2009,BUR,CA,AWP,WE,Towers with Radar,134,31,26,0,191,0,0,37,0,37,134,31,63,0,228,24,0,24,252
02/16/2009,BUR,CA,AWP,WE,Towers with Radar,167,59,50,0,276,0,0,16,0,16,167,59,66,0,292,0,0,0,292
02/17/2009,BUR,CA,AWP,WE,Towers with Radar,164,73,33,0,270,0,4,14,1,19,164,77,47,1,289,16,0,16,305
02/18/2009,BUR,CA,AWP,WE,Towers with Radar,163,89,43,0,295,0,3,45,0,48,163,92,88,0,343,96,0,96,439
02/19/2009,BUR,CA,AWP,WE,Towers with Radar,160,71,36,0,267,0,3,43,0,46,160,74,79,0,313,20,0,20,333
02/20/2009,BUR,CA,AWP,WE,Towers with Radar,167,54,52,0,273,0,2,48,0,50,167,56,100,0,323,78,0,78,401
02/21/2009,BUR,CA,AWP,WE,Towers with Radar,112,32,34,0,178,0,0,33,0,33,112,32,67,0,211,16,0,16,227
02/22/2009,BUR,CA,AWP,WE,Towers with Radar,137,36,51,0,224,0,0,32,0,32,137,36,83,0,256,12,0,12,268
02/23/2009,BUR,CA,AWP,WE,Towers with Radar,148,67,50,0,265,0,6,25,0,31,148,73,75,0,296,0,0,0,296
02/24/2009,BUR,CA,AWP,WE,Towers with Radar,162,70,43,1,276,0,3,32,0,35,162,73,75,1,311,20,0,20,331
02/25/2009,BUR,CA,AWP,WE,Towers with Radar,149,85,49,2,285,0,2,32,0,34,149,87,81,2,319,70,0,70,389
02/26/2009,BUR,CA,AWP,WE,Towers with Radar,161,72,60,0,293,0,1,44,0,45,161,73,104,0,338,136,0,136,474
02/27/2009,BUR,CA,AWP,WE,Towers with Radar,147,75,35,0,257,0,2,34,0,36,147,77,69,0,293,24,0,24,317
02/28/2009,BUR,CA,AWP,WE,Towers with Radar,110,33,24,0,167,0,0,35,0,35,110,33,59,0,202,62,0,62,264
03/01/2009,BUR,CA,AWP,WE,Towers with Radar,151,33,29,1,214,0,0,27,0,27,151,33,56,1,241,6,0,6,247
03/02/2009,BUR,CA,AWP,WE,Towers with Radar,167,62,27,1,257,0,4,16,0,20,167,66,43,1,277,10,0,10,287
03/03/2009,BUR,CA,AWP,WE,Towers with Radar,159,68,29,0,256,0,7,23,0,30,159,75,52,0,286,76,0,76,362
03/04/2009,BUR,CA,AWP,WE,Towers with Radar,159,82,46,0,287,0,0,13,0,13,159,82,59,0,300,0,0,0,300
03/05/2009,BUR,CA,AWP,WE,Towers with Radar,170,70,42,0,282,0,1,28,0,29,170,71,70,0,311,34,0,34,345
03/06/2009,BUR,CA,AWP,WE,Towers with Radar,165,70,35,0,270,0,7,32,0,39,165,77,67,0,309,16,0,16,325
03/07/2009,BUR,CA,AWP,WE,Towers with Radar,105,38,20,0,163,0,0,15,0,15,105,38,35,0,178,6,0,6,184
03/08/2009,BUR,CA,AWP,WE,Towers with Radar,143,46,41,0,230,0,0,34,0,34,143,46,75,0,264,16,0,16,280
03/09/2009,BUR,CA,AWP,WE,Towers with Radar,143,73,23,0,239,0,4,23,0,27,143,77,46,0,266,0,0,0,266
03/10/2009,BUR,CA,AWP,WE,Towers with Radar,151,68,36,0,255,0,4,35,0,39,151,72,71,0,294,52,0,52,346
03/11/2009,BUR,CA,AWP,WE,Towers with Radar,163,71,59,0,293,0,2,39,0,41,163,73,98,0,334,36,0,36,370
03/12/2009,BUR,CA,AWP,WE,Towers with Radar,153,76,43,1,273,0,0,28,0,28,153,76,71,1,301,20,0,20,321
03/13/2009,BUR,CA,AWP,WE,Towers with Radar,153,60,42,1,256,0,2,40,1,43,153,62,82,2,299,14,0,14,313
03/14/2009,BUR,CA,AWP,WE,Towers with Radar,115,43,35,0,193,0,1,27,0,28,115,44,62,0,221,0,0,0,221
03/15/2009,BUR,CA,AWP,WE,Towers with Radar,140,25,42,0,207,0,0,45,0,45,140,25,87,0,252,36,0,36,288
03/16/2009,BUR,CA,AWP,WE,Towers with Radar,175,52,33,0,260,0,4,39,0,43,175,56,72,0,303,10,0,10,313
03/17/2009,BUR,CA,AWP,WE,Towers with Radar,137,62,38,0,237,0,5,43,0,48,137,67,81,0,285,20,0,20,305
03/18/2009,BUR,CA,AWP,WE,Towers with Radar,164,72,31,0,267,0,2,29,0,31,164,74,60,0,298,22,0,22,320
03/19/2009,BUR,CA,AWP,WE,Towers with Radar,164,56,23,2,245,0,2,9,4,15,164,58,32,6,260,0,0,0,260
03/20/2009,BUR,CA,AWP,WE,Towers with Radar,160,58,38,1,257,0,0,24,0,24,160,58,62,1,281,10,0,10,291
03/21/2009,BUR,CA,AWP,WE,Towers with Radar,122,30,38,0,190,0,0,14,0,14,122,30,52,0,204,12,0,12,216
03/22/2009,BUR,CA,AWP,WE,Towers with Radar,140,35,26,0,201,0,0,23,0,23,140,35,49,0,224,116,0,116,340
03/23/2009,BUR,CA,AWP,WE,Towers with Radar,159,67,30,2,258,0,5,23,0,28,159,72,53,2,286,96,0,96,382
03/24/2009,BUR,CA,AWP,WE,Towers with Radar,149,68,41,4,262,0,2,35,0,37,149,70,76,4,299,94,0,94,393
03/25/2009,BUR,CA,AWP,WE,Towers with Radar,176,70,39,3,288,0,3,34,0,37,176,73,73,3,325,60,0,60,385
03/26/2009,BUR,CA,AWP,WE,Towers with Radar,160,76,36,0,272,0,4,34,0,38,160,80,70,0,310,74,0,74,384
03/27/2009,BUR,CA,AWP,WE,Towers with Radar,163,73,37,0,273,0,12,33,0,45,163,85,70,0,318,96,0,96,414
03/28/2009,BUR,CA,AWP,WE,Towers with Radar,113,36,24,0,173,0,0,39,0,39,113,36,63,0,212,72,0,72,284
03/29/2009,BUR,CA,AWP,WE,Towers with Radar,147,34,44,0,225,0,0,23,0,23,147,34,67,0,248,46,0,46,294
03/30/2009,BUR,CA,AWP,WE,Towers with Radar,151,69,20,0,240,0,9,32,0,41,151,78,52,0,281,42,0,42,323
03/31/2009,BUR,CA,AWP,WE,Towers with Radar,161,73,22,0,256,0,7,35,0,42,161,80,57,0,298,46,0,46,344
04/01/2009,BUR,CA,AWP,WE,Towers with Radar,151,77,32,0,260,0,1,31,0,32,151,78,63,0,292,20,0,20,312
04/02/2009,BUR,CA,AWP,WE,Towers with Radar,155,72,45,0,272,0,2,10,2,14,155,74,55,2,286,30,0,30,316
04/03/2009,BUR,CA,AWP,WE,Towers with Radar,160,63,39,0,262,0,4,49,0,53,160,67,88,0,315,66,0,66,381
04/04/2009,BUR,CA,AWP,WE,Towers with Radar,118,30,51,0,199,0,0,42,0,42,118,30,93,0,241,12,0,12,253
04/05/2009,BUR,CA,AWP,WE,Towers with Radar,150,35,30,0,215,0,0,35,0,35,150,35,65,0,250,10,0,10,260
04/06/2009,BUR,CA,AWP,WE,Towers with Radar,164,63,19,0,246,0,3,31,0,34,164,66,50,0,280,12,0,12,292
04/07/2009,BUR,CA,AWP,WE,Towers with Radar,155,62,17,1,235,0,2,26,1,29,155,64,43,2,264,0,0,0,264
04/08/2009,BUR,CA,AWP,WE,Towers with Radar,154,71,38,0,263,0,2,21,0,23,154,73,59,0,286,0,0,0,286
04/09/2009,BUR,CA,AWP,WE,Towers with Radar,159,63,47,1,270,0,5,18,0,23,159,68,65,1,293,0,0,0,293
04/10/2009,BUR,CA,AWP,WE,Towers with Radar,151,70,28,0,249,0,0,13,0,13,151,70,41,0,262,0,0,0,262
04/11/2009,BUR,CA,AWP,WE,Towers with Radar,101,23,38,0,162,0,0,21,0,21,101,23,59,0,183,14,0,14,197
04/12/2009,BUR,CA,AWP,WE,Towers with Radar,154,30,36,0,220,0,0,43,0,43,154,30,79,0,263,22,0,22,285
04/13/2009,BUR,CA,AWP,WE,Towers with Radar,144,64,33,0,241,0,4,42,0,46,144,68,75,0,287,6,0,6,293
04/14/2009,BUR,CA,AWP,WE,Towers with Radar,164,67,30,1,262,0,0,25,0,25,164,67,55,1,287,24,0,24,311
04/15/2009,BUR,CA,AWP,WE,Towers with Radar,158,65,27,0,250,0,7,13,0,20,158,72,40,0,270,0,0,0,270
04/16/2009,BUR,CA,AWP,WE,Towers with Radar,162,75,41,0,278,0,2,39,0,41,162,77,80,0,319,38,0,38,357
04/17/2009,BUR,CA,AWP,WE,Towers with Radar,152,61,45,0,258,0,3,47,0,50,152,64,92,0,308,38,0,38,346
04/18/2009,BUR,CA,AWP,WE,Towers with Radar,123,38,38,0,199,0,3,43,0,46,123,41,81,0,245,92,0,92,337
04/19/2009,BUR,CA,AWP,WE,Towers with Radar,144,41,29,0,214,28,0,0,0,28,172,41,29,0,242,28,0,28,270
04/20/2009,BUR,CA,AWP,WE,Towers with Radar,153,58,33,0,244,0,4,34,0,38,153,62,67,0,282,0,0,0,282
04/21/2009,BUR,CA,AWP,WE,Towers with Radar,159,72,22,1,254,0,5,33,0,38,159,77,55,1,292,44,0,44,336
04/22/2009,BUR,CA,AWP,WE,Towers with Radar,159,66,28,0,253,0,3,36,0,39,159,69,64,0,292,28,0,28,320
04/23/2009,BUR,CA,AWP,WE,Towers with Radar,167,68,39,0,274,0,0,23,2,25,167,68,62,2,299,35,0,35,334
04/24/2009,BUR,CA,AWP,WE,Towers with Radar,162,63,55,0,280,0,2,17,0,19,162,65,72,0,299,2,0,2,301
04/25/2009,BUR,CA,AWP,WE,Towers with Radar,113,39,21,0,173,0,0,31,0,31,113,39,52,0,204,10,0,10,214
04/26/2009,BUR,CA,AWP,WE,Towers with Radar,148,32,37,0,217,0,0,46,0,46,148,32,83,0,263,22,0,22,285
04/27/2009,BUR,CA,AWP,WE,Towers with Radar,168,66,53,0,287,0,3,14,0,17,168,69,67,0,304,48,0,48,352
04/28/2009,BUR,CA,AWP,WE,Towers with Radar,158,61,40,0,259,0,1,11,0,12,158,62,51,0,271,14,0,14,285
04/29/2009,BUR,CA,AWP,WE,Towers with Radar,158,71,38,0,267,0,2,30,0,32,158,73,68,0,299,40,0,40,339
04/30/2009,BUR,CA,AWP,WE,Towers with Radar,149,59,35,0,243,0,1,46,0,47,149,60,81,0,290,40,0,40,330
05/01/2009,BUR,CA,AWP,WE,Towers with Radar,162,56,43,0,261,0,0,38,0,38,162,56,81,0,299,22,0,22,321
05/02/2009,BUR,CA,AWP,WE,Towers with Radar,109,32,26,0,167,0,0,20,0,20,109,32,46,0,187,40,0,40,227
05/03/2009,BUR,CA,AWP,WE,Towers with Radar,142,37,30,0,209,0,0,37,0,37,142,37,67,0,246,58,0,58,304
05/04/2009,BUR,CA,AWP,WE,Towers with Radar,149,61,33,0,243,0,4,33,0,37,149,65,66,0,280,72,0,72,352
05/05/2009,BUR,CA,AWP,WE,Towers with Radar,158,69,32,0,259,0,2,43,0,45,158,71,75,0,304,162,0,162,466
05/06/2009,BUR,CA,AWP,WE,Towers with Radar,155,68,60,2,285,0,6,41,0,47,155,74,101,2,332,86,0,86,418
05/07/2009,BUR,CA,AWP,WE,Towers with Radar,160,71,32,0,263,0,2,32,0,34,160,73,64,0,297,102,0,102,399
05/08/2009,BUR,CA,AWP,WE,Towers with Radar,157,64,38,0,259,0,3,36,1,40,157,67,74,1,299,78,0,78,377
05/09/2009,BUR,CA,AWP,WE,Towers with Radar,99,38,27,0,164,0,1,55,9,65,99,39,82,9,229,10,0,10,239
05/10/2009,BUR,CA,AWP,WE,Towers with Radar,149,25,28,2,204,0,0,30,0,30,149,25,58,2,234,8,0,8,242
05/11/2009,BUR,CA,AWP,WE,Towers with Radar,165,62,31,0,258,0,2,21,0,23,165,64,52,0,281,0,0,0,281
05/12/2009,BUR,CA,AWP,WE,Towers with Radar,156,70,23,0,249,0,1,35,0,36,156,71,58,0,285,34,0,34,319
05/13/2009,BUR,CA,AWP,WE,Towers with Radar,158,75,31,0,264,0,0,25,0,25,158,75,56,0,289,6,0,6,295
05/14/2009,BUR,CA,AWP,WE,Towers with Radar,158,60,31,0,249,0,2,42,0,44,158,62,73,0,293,0,0,0,293
05/15/2009,BUR,CA,AWP,WE,Towers with Radar,168,67,47,0,282,0,3,34,0,37,168,70,81,0,319,42,0,42,361
05/16/2009,BUR,CA,AWP,WE,Towers with Radar,100,34,26,1,161,0,0,35,0,35,100,34,61,1,196,150,0,150,346
05/17/2009,BUR,CA,AWP,WE,Towers with Radar,153,28,46,0,227,0,0,31,0,31,153,28,77,0,258,30,0,30,288
05/18/2009,BUR,CA,AWP,WE,Towers with Radar,155,62,39,0,256,0,2,39,0,41,155,64,78,0,297,54,0,54,351
05/19/2009,BUR,CA,AWP,WE,Towers with Radar,160,62,43,0,265,0,2,34,0,36,160,64,77,0,301,46,0,46,347
05/20/2009,BUR,CA,AWP,WE,Towers with Radar,162,89,40,0,291,0,5,43,0,48,162,94,83,0,339,74,0,74,413
05/21/2009,BUR,CA,AWP,WE,Towers with Radar,155,61,47,0,263,0,7,39,0,46,155,68,86,0,309,32,0,32,341
05/22/2009,BUR,CA,AWP,WE,Towers with Radar,155,72,33,1,261,0,4,42,0,46,155,76,75,1,307,28,0,28,335
05/23/2009,BUR,CA,AWP,WE,Towers with Radar,109,31,20,0,160,0,0,21,0,21,109,31,41,0,181,58,0,58,239
05/24/2009,BUR,CA,AWP,WE,Towers with Radar,94,24,14,0,132,0,0,19,1,20,94,24,33,1,152,14,0,14,166
05/25/2009,BUR,CA,AWP,WE,Towers with Radar,138,31,44,0,213,0,3,46,0,49,138,34,90,0,262,28,0,28,290
05/26/2009,BUR,CA,AWP,WE,Towers with Radar,156,64,37,0,257,0,3,22,4,29,156,67,59,4,286,54,0,54,340
05/27/2009,BUR,CA,AWP,WE,Towers with Radar,163,54,28,4,249,0,1,11,0,12,163,55,39,4,261,14,0,14,275
05/28/2009,BUR,CA,AWP,WE,Towers with Radar,150,60,45,0,255,0,0,40,0,40,150,60,85,0,295,52,0,52,347
05/29/2009,BUR,CA,AWP,WE,Towers with Radar,159,75,57,0,291,0,0,31,0,31,159,75,88,0,322,42,8,50,372
05/30/2009,BUR,CA,AWP,WE,Towers with Radar,100,31,16,0,147,0,0,23,0,23,100,31,39,0,170,22,0,22,192
05/31/2009,BUR,CA,AWP,WE,Towers with Radar,147,41,37,0,225,0,0,33,0,33,147,41,70,0,258,10,0,10,268
06/01/2009,BUR,CA,AWP,WE,Towers with Radar,155,66,41,0,262,0,4,25,0,29,155,70,66,0,291,48,0,48,339
06/02/2009,BUR,CA,AWP,WE,Towers with Radar,152,67,50,0,269,0,4,44,0,48,152,71,94,0,317,126,0,126,443
06/03/2009,BUR,CA,AWP,WE,Towers with Radar,155,74,44,2,275,0,2,8,0,10,155,76,52,2,285,4,0,4,289
06/04/2009,BUR,CA,AWP,WE,Towers with Radar,159,63,23,0,245,0,2,28,0,30,159,65,51,0,275,28,0,28,303
06/05/2009,BUR,CA,AWP,WE,Towers with Radar,146,68,54,0,268,0,3,30,0,33,146,71,84,0,301,54,0,54,355
06/06/2009,BUR,CA,AWP,WE,Towers with Radar,107,37,23,0,167,0,0,19,0,19,107,37,42,0,186,32,0,32,218
06/07/2009,BUR,CA,AWP,WE,Towers with Radar,151,37,61,0,249,0,0,27,0,27,151,37,88,0,276,29,0,29,305
06/08/2009,BUR,CA,AWP,WE,Towers with Radar,154,62,47,0,263,0,4,22,0,26,154,66,69,0,289,18,0,18,307
06/09/2009,BUR,CA,AWP,WE,Towers with Radar,152,75,39,2,268,0,3,14,0,17,152,78,53,2,285,18,0,18,303
06/10/2009,BUR,CA,AWP,WE,Towers with Radar,156,79,39,0,274,0,2,16,0,18,156,81,55,0,292,24,0,24,316
06/11/2009,BUR,CA,AWP,WE,Towers with Radar,155,67,48,0,270,0,4,23,0,27,155,71,71,0,297,40,0,40,337
06/12/2009,BUR,CA,AWP,WE,Towers with Radar,158,69,50,0,277,0,3,13,0,16,158,72,63,0,293,0,0,0,293
06/13/2009,BUR,CA,AWP,WE,Towers with Radar,108,27,18,0,153,0,0,12,0,12,108,27,30,0,165,32,0,32,197
06/14/2009,BUR,CA,AWP,WE,Towers with Radar,137,33,35,0,205,0,0,51,0,51,137,33,86,0,256,8,0,8,264
06/15/2009,BUR,CA,AWP,WE,Towers with Radar,147,58,47,0,252,0,1,13,0,14,147,59,60,0,266,4,0,4,270
06/16/2009,BUR,CA,AWP,WE,Towers with Radar,166,54,37,0,257,0,1,34,1,36,166,55,71,1,293,66,0,66,359
06/17/2009,BUR,CA,AWP,WE,Towers with Radar,152,64,32,0,248,0,5,32,0,37,152,69,64,0,285,62,0,62,347
06/18/2009,BUR,CA,AWP,WE,Towers with Radar,166,60,47,0,273,0,3,30,0,33,166,63,77,0,306,20,0,20,326
06/19/2009,BUR,CA,AWP,WE,Towers with Radar,156,68,41,1,266,0,1,35,0,36,156,69,76,1,302,94,0,94,396
06/20/2009,BUR,CA,AWP,WE,Towers with Radar,109,35,35,0,179,0,0,8,0,8,109,35,43,0,187,0,0,0,187
06/21/2009,BUR,CA,AWP,WE,Towers with Radar,147,35,42,1,225,0,0,17,0,17,147,35,59,1,242,40,0,40,282
06/22/2009,BUR,CA,AWP,WE,Towers with Radar,175,46,41,0,262,0,0,41,1,42,175,46,82,1,304,32,0,32,336
06/23/2009,BUR,CA,AWP,WE,Towers with Radar,155,61,20,0,236,0,9,39,0,48,155,70,59,0,284,88,0,88,372
06/24/2009,BUR,CA,AWP,WE,Towers with Radar,161,59,27,0,247,0,7,42,0,49,161,66,69,0,296,30,0,30,326
06/25/2009,BUR,CA,AWP,WE,Towers with Radar,163,59,42,0,264,0,4,31,0,35,163,63,73,0,299,6,0,6,305
06/26/2009,BUR,CA,AWP,WE,Towers with Radar,163,61,34,0,258,0,5,25,0,30,163,66,59,0,288,0,0,0,288
06/27/2009,BUR,CA,AWP,WE,Towers with Radar,109,30,23,0,162,0,0,29,0,29,109,30,52,0,191,4,0,4,195
06/28/2009,BUR,CA,AWP,WE,Towers with Radar,137,28,31,0,196,0,0,33,0,33,137,28,64,0,229,12,0,12,241
06/29/2009,BUR,CA,AWP,WE,Towers with Radar,157,62,30,0,249,0,4,23,2,29,157,66,53,2,278,26,0,26,304
06/30/2009,BUR,CA,AWP,WE,Towers with Radar,171,68,49,0,288,0,6,31,0,37,171,74,80,0,325,20,0,20,345
07/01/2009,BUR,CA,AWP,WE,Towers with Radar,167,68,52,0,287,0,0,40,0,40,167,68,92,0,327,60,0,60,387
07/02/2009,BUR,CA,AWP,WE,Towers with Radar,169,56,29,0,254,0,12,29,0,41,169,68,58,0,295,22,0,22,317
07/03/2009,BUR,CA,AWP,WE,Towers with Radar,149,49,21,0,219,0,0,12,0,12,149,49,33,0,231,74,0,74,305
07/04/2009,BUR,CA,AWP,WE,Towers with Radar,89,20,11,0,120,0,0,20,0,20,89,20,31,0,140,0,0,0,140
07/05/2009,BUR,CA,AWP,WE,Towers with Radar,137,32,22,0,191,0,28,0,0,28,137,60,22,0,219,4,0,4,223
07/06/2009,BUR,CA,AWP,WE,Towers with Radar,157,57,23,0,237,0,4,23,0,27,157,61,46,0,264,2,0,2,266
07/07/2009,BUR,CA,AWP,WE,Towers with Radar,162,56,29,0,247,0,4,37,0,41,162,60,66,0,288,14,0,14,302
07/08/2009,BUR,CA,AWP,WE,Towers with Radar,161,65,37,0,263,0,1,15,0,16,161,66,52,0,279,12,0,12,291
07/09/2009,BUR,CA,AWP,WE,Towers with Radar,161,68,44,0,273,0,4,49,0,53,161,72,93,0,326,20,0,20,346
07/10/2009,BUR,CA,AWP,WE,Towers with Radar,160,58,31,0,249,0,8,38,0,46,160,66,69,0,295,20,0,20,315
07/11/2009,BUR,CA,AWP,WE,Towers with Radar,108,22,26,0,156,0,0,35,0,35,108,22,61,0,191,16,0,16,207
07/12/2009,BUR,CA,AWP,WE,Towers with Radar,144,36,41,0,221,0,0,21,0,21,144,36,62,0,242,0,0,0,242
07/13/2009,BUR,CA,AWP,WE,Towers with Radar,157,54,27,0,238,0,6,40,0,46,157,60,67,0,284,48,0,48,332
07/14/2009,BUR,CA,AWP,WE,Towers with Radar,156,68,26,2,252,0,10,47,1,58,156,78,73,3,310,70,0,70,380
07/15/2009,BUR,CA,AWP,WE,Towers with Radar,162,56,32,0,250,0,7,32,0,39,162,63,64,0,289,54,0,54,343
07/16/2009,BUR,CA,AWP,WE,Towers with Radar,152,64,31,0,247,0,5,36,0,41,152,69,67,0,288,20,0,20,308
07/17/2009,BUR,CA,AWP,WE,Towers with Radar,164,67,40,0,271,0,7,61,0,68,164,74,101,0,339,22,0,22,361
07/18/2009,BUR,CA,AWP,WE,Towers with Radar,103,36,15,1,155,0,2,32,0,34,103,38,47,1,189,42,0,42,231
07/19/2009,BUR,CA,AWP,WE,Towers with Radar,137,41,29,0,207,0,0,28,1,29,137,41,57,1,236,2,0,2,238
07/20/2009,BUR,CA,AWP,WE,Towers with Radar,146,52,19,0,217,0,12,30,0,42,146,64,49,0,259,46,0,46,305
07/21/2009,BUR,CA,AWP,WE,Towers with Radar,163,47,27,2,239,0,6,37,3,46,163,53,64,5,285,2,0,2,287
07/22/2009,BUR,CA,AWP,WE,Towers with Radar,170,64,46,1,281,0,7,33,0,40,170,71,79,1,321,0,0,0,321
07/23/2009,BUR,CA,AWP,WE,Towers with Radar,170,64,46,1,281,0,7,33,0,40,170,71,79,1,321,0,0,0,321
07/24/2009,BUR,CA,AWP,WE,Towers with Radar,169,75,41,0,285,0,5,33,0,38,169,80,74,0,323,58,0,58,381
07/25/2009,BUR,CA,AWP,WE,Towers with Radar,100,33,22,0,155,0,1,27,0,28,100,34,49,0,183,0,0,0,183
07/26/2009,BUR,CA,AWP,WE,Towers with Radar,145,30,26,0,201,0,0,20,0,20,145,30,46,0,221,0,0,0,221
07/27/2009,BUR,CA,AWP,WE,Towers with Radar,160,56,22,0,238,0,6,28,0,34,160,62,50,0,272,58,0,58,330
07/28/2009,BUR,CA,AWP,WE,Towers with Radar,159,55,28,0,242,0,8,37,0,45,159,63,65,0,287,42,0,42,329
07/29/2009,BUR,CA,AWP,WE,Towers with Radar,172,68,40,0,280,0,2,17,0,19,172,70,57,0,299,44,0,44,343
07/30/2009,BUR,CA,AWP,WE,Towers with Radar,155,70,34,0,259,0,10,36,0,46,155,80,70,0,305,82,0,82,387
07/31/2009,BUR,CA,AWP,WE,Towers with Radar,165,77,26,0,268,0,3,24,1,28,165,80,50,1,296,22,0,22,318
08/01/2009,BUR,CA,AWP,WE,Towers with Radar,105,34,19,0,158,0,1,29,0,30,105,35,48,0,188,42,0,42,230
08/02/2009,BUR,CA,AWP,WE,Towers with Radar,133,31,18,0,182,0,0,36,0,36,133,31,54,0,218,28,0,28,246
08/03/2009,BUR,CA,AWP,WE,Towers with Radar,137,53,37,0,227,0,8,32,0,40,137,61,69,0,267,28,0,28,295
08/04/2009,BUR,CA,AWP,WE,Towers with Radar,157,75,20,0,252,0,6,28,0,34,157,81,48,0,286,0,0,0,286
08/05/2009,BUR,CA,AWP,WE,Towers with Radar,145,49,35,0,229,0,4,55,0,59,145,53,90,0,288,12,0,12,300
08/06/2009,BUR,CA,AWP,WE,Towers with Radar,145,49,35,0,229,0,4,55,0,59,145,53,90,0,288,12,0,12,300
08/07/2009,BUR,CA,AWP,WE,Towers with Radar,157,55,32,1,245,0,9,44,0,53,157,64,76,1,298,0,0,0,298
08/08/2009,BUR,CA,AWP,WE,Towers with Radar,108,24,32,0,164,0,1,43,0,44,108,25,75,0,208,0,0,0,208
08/09/2009,BUR,CA,AWP,WE,Towers with Radar,141,29,35,0,205,0,0,33,0,33,141,29,68,0,238,82,0,82,320
08/10/2009,BUR,CA,AWP,WE,Towers with Radar,163,35,31,0,229,0,6,22,0,28,163,41,53,0,257,6,0,6,263
08/11/2009,BUR,CA,AWP,WE,Towers with Radar,153,66,21,0,240,0,1,32,0,33,153,67,53,0,273,14,0,14,287
08/12/2009,BUR,CA,AWP,WE,Towers with Radar,167,60,25,0,252,0,2,41,0,43,167,62,66,0,295,48,0,48,343
08/13/2009,BUR,CA,AWP,WE,Towers with Radar,160,56,36,1,253,0,5,41,0,46,160,61,77,1,299,32,0,32,331
08/14/2009,BUR,CA,AWP,WE,Towers with Radar,158,49,49,0,256,0,0,24,12,36,158,49,73,12,292,32,0,32,324
08/15/2009,BUR,CA,AWP,WE,Towers with Radar,106,27,15,0,148,0,5,18,0,23,106,32,33,0,171,10,0,10,181
08/16/2009,BUR,CA,AWP,WE,Towers with Radar,148,28,32,0,208,0,0,23,0,23,148,28,55,0,231,70,0,70,301
08/17/2009,BUR,CA,AWP,WE,Towers with Radar,147,59,40,2,248,0,6,27,1,34,147,65,67,3,282,28,0,28,310
08/18/2009,BUR,CA,AWP,WE,Towers with Radar,159,51,41,0,251,0,2,34,0,36,159,53,75,0,287,18,0,18,305
08/19/2009,BUR,CA,AWP,WE,Towers with Radar,166,67,38,0,271,0,2,23,0,25,166,69,61,0,296,40,0,40,336
08/20/2009,BUR,CA,AWP,WE,Towers with Radar,149,52,28,0,229,0,3,18,1,22,149,55,46,1,251,12,0,12,263
08/21/2009,BUR,CA,AWP,WE,Towers with Radar,155,56,39,0,250,0,5,40,0,45,155,61,79,0,295,58,0,58,353
08/22/2009,BUR,CA,AWP,WE,Towers with Radar,111,35,22,0,168,0,3,34,0,37,111,38,56,0,205,38,0,38,243
08/23/2009,BUR,CA,AWP,WE,Towers with Radar,137,35,26,0,198,0,1,34,0,35,137,36,60,0,233,26,0,26,259
08/24/2009,BUR,CA,AWP,WE,Towers with Radar,148,48,37,0,233,0,8,44,0,52,148,56,81,0,285,28,0,28,313
08/25/2009,BUR,CA,AWP,WE,Towers with Radar,161,60,32,0,253,0,5,33,0,38,161,65,65,0,291,44,0,44,335
08/26/2009,BUR,CA,AWP,WE,Towers with Radar,142,57,26,1,226,0,0,40,0,40,142,57,66,1,266,0,0,0,266
08/27/2009,BUR,CA,AWP,WE,Towers with Radar,135,62,35,1,233,0,4,44,0,48,135,66,79,1,281,22,0,22,303
08/28/2009,BUR,CA,AWP,WE,Towers with Radar,157,58,36,0,251,0,15,35,0,50,157,73,71,0,301,0,0,0,301
08/29/2009,BUR,CA,AWP,WE,Towers with Radar,115,28,30,0,173,0,4,20,0,24,115,32,50,0,197,0,0,0,197
08/30/2009,BUR,CA,AWP,WE,Towers with Radar,143,33,38,2,216,0,0,22,0,22,143,33,60,2,238,0,0,0,238
08/31/2009,BUR,CA,AWP,WE,Towers with Radar,149,58,33,0,240,0,5,35,0,40,149,63,68,0,280,76,0,76,356
09/01/2009,BUR,CA,AWP,WE,Towers with Radar,151,61,36,0,248,0,6,18,0,24,151,67,54,0,272,0,0,0,272
09/02/2009,BUR,CA,AWP,WE,Towers with Radar,159,65,41,0,265,0,3,26,0,29,159,68,67,0,294,0,0,0,294
09/03/2009,BUR,CA,AWP,WE,Towers with Radar,160,65,38,0,263,0,6,46,0,52,160,71,84,0,315,24,0,24,339
09/04/2009,BUR,CA,AWP,WE,Towers with Radar,136,57,29,0,222,0,3,20,0,23,136,60,49,0,245,4,0,4,249
09/05/2009,BUR,CA,AWP,WE,Towers with Radar,113,21,21,0,155,0,3,17,0,20,113,24,38,0,175,2,0,2,177
09/06/2009,BUR,CA,AWP,WE,Towers with Radar,109,28,26,0,163,0,0,36,0,36,109,28,62,0,199,24,0,24,223
09/07/2009,BUR,CA,AWP,WE,Towers with Radar,133,46,22,0,201,0,1,34,0,35,133,47,56,0,236,34,0,34,270
09/08/2009,BUR,CA,AWP,WE,Towers with Radar,171,48,20,0,239,0,2,26,0,28,171,50,46,0,267,52,0,52,319
09/09/2009,BUR,CA,AWP,WE,Towers with Radar,157,80,39,2,278,0,5,29,0,34,157,85,68,2,312,32,0,32,344
09/10/2009,BUR,CA,AWP,WE,Towers with Radar,160,59,42,0,261,0,6,28,0,34,160,65,70,0,295,20,0,20,315
09/11/2009,BUR,CA,AWP,WE,Towers with Radar,148,53,33,0,234,0,6,28,0,34,148,59,61,0,268,12,0,12,280
09/12/2009,BUR,CA,AWP,WE,Towers with Radar,107,24,26,0,157,0,5,42,2,49,107,29,68,2,206,14,0,14,220
09/13/2009,BUR,CA,AWP,WE,Towers with Radar,134,37,43,1,215,0,2,17,0,19,134,39,60,1,234,26,0,26,260
09/14/2009,BUR,CA,AWP,WE,Towers with Radar,155,60,45,2,262,0,0,36,1,37,155,60,81,3,299,46,0,46,345
09/15/2009,BUR,CA,AWP,WE,Towers with Radar,154,72,46,3,275,0,5,22,1,28,154,77,68,4,303,34,0,34,337
09/16/2009,BUR,CA,AWP,WE,Towers with Radar,148,67,49,0,264,0,7,33,0,40,148,74,82,0,304,12,0,12,316
09/17/2009,BUR,CA,AWP,WE,Towers with Radar,154,66,29,0,249,0,2,27,0,29,154,68,56,0,278,2,0,2,280
09/18/2009,BUR,CA,AWP,WE,Towers with Radar,147,65,46,0,258,0,6,31,0,37,147,71,77,0,295,0,0,0,295
09/19/2009,BUR,CA,AWP,WE,Towers with Radar,89,40,30,0,159,0,1,29,0,30,89,41,59,0,189,62,0,62,251
09/20/2009,BUR,CA,AWP,WE,Towers with Radar,137,38,31,0,206,0,0,17,1,18,137,38,48,1,224,0,0,0,224
09/21/2009,BUR,CA,AWP,WE,Towers with Radar,151,53,33,0,237,0,5,28,0,33,151,58,61,0,270,0,0,0,270
09/22/2009,BUR,CA,AWP,WE,Towers with Radar,152,58,36,0,246,0,3,22,0,25,152,61,58,0,271,42,0,42,313
09/23/2009,BUR,CA,AWP,WE,Towers with Radar,154,63,30,0,247,0,7,27,0,34,154,70,57,0,281,46,0,46,327
09/24/2009,BUR,CA,AWP,WE,Towers with Radar,154,49,42,0,245,0,5,30,0,35,154,54,72,0,280,68,0,68,348
09/25/2009,BUR,CA,AWP,WE,Towers with Radar,156,72,38,0,266,0,0,5,0,5,156,72,43,0,271,6,0,6,277
09/26/2009,BUR,CA,AWP,WE,Towers with Radar,100,42,30,0,172,0,0,31,0,31,100,42,61,0,203,26,0,26,229
09/27/2009,BUR,CA,AWP,WE,Towers with Radar,119,32,30,0,181,0,0,30,0,30,119,32,60,0,211,28,0,28,239
09/28/2009,BUR,CA,AWP,WE,Towers with Radar,153,48,41,0,242,0,6,26,0,32,153,54,67,0,274,12,0,12,286
09/29/2009,BUR,CA,AWP,WE,Towers with Radar,160,66,37,0,263,0,4,25,0,29,160,70,62,0,292,26,0,26,318
09/30/2009,BUR,CA,AWP,WE,Towers with Radar,149,58,44,0,251,0,4,24,0,28,149,62,68,0,279,88,0,88,367
10/01/2009,BUR,CA,AWP,WE,Towers with Radar,154,50,39,0,243,0,7,29,0,36,154,57,68,0,279,40,0,40,319
10/02/2009,BUR,CA,AWP,WE,Towers with Radar,152,62,43,0,257,0,0,7,1,8,152,62,50,1,265,40,0,40,305
10/03/2009,BUR,CA,AWP,WE,Towers with Radar,98,29,35,0,162,0,0,26,0,26,98,29,61,0,188,0,0,0,188
10/04/2009,BUR,CA,AWP,WE,Towers with Radar,117,31,46,0,194,0,0,22,0,22,117,31,68,0,216,32,0,32,248
10/05/2009,BUR,CA,AWP,WE,Towers with Radar,147,48,46,0,241,1,4,35,0,40,148,52,81,0,281,2,0,2,283
10/06/2009,BUR,CA,AWP,WE,Towers with Radar,159,58,42,0,259,0,5,31,0,36,159,63,73,0,295,0,0,0,295
10/07/2009,BUR,CA,AWP,WE,Towers with Radar,156,55,30,0,241,0,1,27,1,29,156,56,57,1,270,20,0,20,290
10/08/2009,BUR,CA,AWP,WE,Towers with Radar,156,57,47,0,260,0,10,38,0,48,156,67,85,0,308,26,0,26,334
10/09/2009,BUR,CA,AWP,WE,Towers with Radar,147,74,47,0,268,0,7,48,0,55,147,81,95,0,323,40,0,40,363
10/10/2009,BUR,CA,AWP,WE,Towers with Radar,101,32,32,0,165,0,0,35,0,35,101,32,67,0,200,2,0,2,202
10/11/2009,BUR,CA,AWP,WE,Towers with Radar,141,49,43,0,233,0,0,47,0,47,141,49,90,0,280,36,0,36,316
10/12/2009,BUR,CA,AWP,WE,Towers with Radar,147,48,34,0,229,0,1,33,0,34,147,49,67,0,263,16,0,16,279
10/13/2009,BUR,CA,AWP,WE,Towers with Radar,159,51,33,0,243,0,1,9,0,10,159,52,42,0,253,0,0,0,253
10/14/2009,BUR,CA,AWP,WE,Towers with Radar,155,64,62,0,281,0,0,2,0,2,155,64,64,0,283,0,0,0,283
10/15/2009,BUR,CA,AWP,WE,Towers with Radar,150,70,46,0,266,0,6,25,0,31,150,76,71,0,297,42,0,42,339
10/16/2009,BUR,CA,AWP,WE,Towers with Radar,149,85,50,0,284,0,8,49,0,57,149,93,99,0,341,16,0,16,357
10/17/2009,BUR,CA,AWP,WE,Towers with Radar,104,36,29,0,169,0,3,41,0,44,104,39,70,0,213,12,0,12,225
10/18/2009,BUR,CA,AWP,WE,Towers with Radar,132,39,44,0,215,0,0,29,0,29,132,39,73,0,244,10,0,10,254
10/19/2009,BUR,CA,AWP,WE,Towers with Radar,146,52,36,3,237,0,2,21,0,23,146,54,57,3,260,24,0,24,284
10/20/2009,BUR,CA,AWP,WE,Towers with Radar,149,54,39,0,242,0,4,31,0,35,149,58,70,0,277,18,0,18,295
10/21/2009,BUR,CA,AWP,WE,Towers with Radar,158,58,36,1,253,0,4,25,2,31,158,62,61,3,284,8,0,8,292
10/22/2009,BUR,CA,AWP,WE,Towers with Radar,147,64,45,3,259,0,4,28,1,33,147,68,73,4,292,18,0,18,310
10/23/2009,BUR,CA,AWP,WE,Towers with Radar,156,58,49,0,263,0,4,44,0,48,156,62,93,0,311,40,0,40,351
10/24/2009,BUR,CA,AWP,WE,Towers with Radar,95,35,30,0,160,0,2,37,0,39,95,37,67,0,199,14,0,14,213
10/25/2009,BUR,CA,AWP,WE,Towers with Radar,133,35,54,2,224,0,0,39,0,39,133,35,93,2,263,0,0,0,263
10/26/2009,BUR,CA,AWP,WE,Towers with Radar,153,41,43,2,239,0,8,39,0,47,153,49,82,2,286,14,0,14,300
10/27/2009,BUR,CA,AWP,WE,Towers with Radar,161,50,31,0,242,0,3,17,0,20,161,53,48,0,262,14,0,14,276
10/28/2009,BUR,CA,AWP,WE,Towers with Radar,140,75,31,2,248,0,4,26,0,30,140,79,57,2,278,8,0,8,286
10/29/2009,BUR,CA,AWP,WE,Towers with Radar,155,59,27,1,242,0,3,46,1,50,155,62,73,2,292,46,0,46,338
10/30/2009,BUR,CA,AWP,WE,Towers with Radar,143,58,39,1,241,0,6,34,0,40,143,64,73,1,281,0,0,0,281
10/31/2009,BUR,CA,AWP,WE,Towers with Radar,95,20,28,0,143,0,0,38,0,38,95,20,66,0,181,32,0,32,213
11/01/2009,BUR,CA,AWP,WE,Towers with Radar,132,36,19,0,187,0,0,25,0,25,132,36,44,0,212,22,0,22,234
11/02/2009,BUR,CA,AWP,WE,Towers with Radar,157,44,45,0,246,0,7,33,0,40,157,51,78,0,286,44,0,44,330
11/03/2009,BUR,CA,AWP,WE,Towers with Radar,147,58,37,0,242,0,4,34,0,38,147,62,71,0,280,34,0,34,314
11/04/2009,BUR,CA,AWP,WE,Towers with Radar,158,80,39,0,277,0,4,30,0,34,158,84,69,0,311,50,0,50,361
11/05/2009,BUR,CA,AWP,WE,Towers with Radar,150,69,56,0,275,0,4,34,0,38,150,73,90,0,313,32,0,32,345
11/06/2009,BUR,CA,AWP,WE,Towers with Radar,151,66,51,0,268,0,4,29,1,34,151,70,80,1,302,0,0,0,302
11/07/2009,BUR,CA,AWP,WE,Towers with Radar,103,36,45,0,184,0,1,29,0,30,103,37,74,0,214,24,0,24,238
11/08/2009,BUR,CA,AWP,WE,Towers with Radar,131,44,46,0,221,0,0,29,0,29,131,44,75,0,250,38,0,38,288
11/09/2009,BUR,CA,AWP,WE,Towers with Radar,151,59,41,1,252,0,2,22,0,24,151,61,63,1,276,22,0,22,298
11/10/2009,BUR,CA,AWP,WE,Towers with Radar,148,54,42,0,244,0,5,34,0,39,148,59,76,0,283,6,0,6,289
11/11/2009,BUR,CA,AWP,WE,Towers with Radar,143,52,29,0,224,0,2,32,0,34,143,54,61,0,258,20,0,20,278
11/12/2009,BUR,CA,AWP,WE,Towers with Radar,155,53,52,0,260,0,1,27,0,28,155,54,79,0,288,58,0,58,346
11/13/2009,BUR,CA,AWP,WE,Towers with Radar,143,61,55,0,259,0,8,47,0,55,143,69,102,0,314,2,0,2,316
11/14/2009,BUR,CA,AWP,WE,Towers with Radar,114,28,42,0,184,0,0,3,0,3,114,28,45,0,187,32,0,32,219
11/15/2009,BUR,CA,AWP,WE,Towers with Radar,138,45,35,0,218,0,0,25,0,25,138,45,60,0,243,14,0,14,257
11/16/2009,BUR,CA,AWP,WE,Towers with Radar,150,75,40,0,265,0,10,35,4,49,150,85,75,4,314,16,0,16,330
11/17/2009,BUR,CA,AWP,WE,Towers with Radar,148,71,47,1,267,0,8,42,0,50,148,79,89,1,317,24,0,24,341
11/18/2009,BUR,CA,AWP,WE,Towers with Radar,153,65,37,0,255,0,7,40,0,47,153,72,77,0,302,70,0,70,372
11/19/2009,BUR,CA,AWP,WE,Towers with Radar,160,74,31,0,265,0,6,36,0,42,160,80,67,0,307,96,0,96,403
11/20/2009,BUR,CA,AWP,WE,Towers with Radar,157,76,46,0,279,0,6,39,2,47,157,82,85,2,326,40,0,40,366
11/21/2009,BUR,CA,AWP,WE,Towers with Radar,100,27,35,2,164,0,0,32,0,32,100,27,67,2,196,66,0,66,262
11/22/2009,BUR,CA,AWP,WE,Towers with Radar,147,35,29,0,211,0,0,49,0,49,147,35,78,0,260,26,0,26,286
11/23/2009,BUR,CA,AWP,WE,Towers with Radar,144,65,29,0,238,0,7,28,1,36,144,72,57,1,274,34,0,34,308
11/24/2009,BUR,CA,AWP,WE,Towers with Radar,159,68,30,0,257,0,6,38,0,44,159,74,68,0,301,6,0,6,307
11/25/2009,BUR,CA,AWP,WE,Towers with Radar,153,78,34,0,265,0,14,37,0,51,153,92,71,0,316,12,0,12,328
11/26/2009,BUR,CA,AWP,WE,Towers with Radar,85,20,12,0,117,0,0,18,0,18,85,20,30,0,135,12,0,12,147
11/27/2009,BUR,CA,AWP,WE,Towers with Radar,107,42,23,0,172,0,5,25,0,30,107,47,48,0,202,0,0,0,202
11/28/2009,BUR,CA,AWP,WE,Towers with Radar,129,39,21,0,189,0,0,18,0,18,129,39,39,0,207,20,0,20,227
11/29/2009,BUR,CA,AWP,WE,Towers with Radar,143,53,40,0,236,0,0,23,0,23,143,53,63,0,259,0,0,0,259
11/30/2009,BUR,CA,AWP,WE,Towers with Radar,151,47,31,0,229,0,5,30,0,35,151,52,61,0,264,44,0,44,308
12/01/2009,BUR,CA,AWP,WE,Towers with Radar,148,65,37,0,250,0,6,43,0,49,148,71,80,0,299,28,0,28,327
12/02/2009,BUR,CA,AWP,WE,Towers with Radar,158,69,45,0,272,0,2,27,0,29,158,71,72,0,301,12,0,12,313
12/03/2009,BUR,CA,AWP,WE,Towers with Radar,155,67,38,0,260,0,0,3,0,3,155,67,41,0,263,2,0,2,265
12/04/2009,BUR,CA,AWP,WE,Towers with Radar,144,60,27,0,231,0,6,53,0,59,144,66,80,0,290,0,0,0,290
12/05/2009,BUR,CA,AWP,WE,Towers with Radar,97,21,17,0,135,0,0,19,2,21,97,21,36,2,156,6,0,6,162
12/06/2009,BUR,CA,AWP,WE,Towers with Radar,132,29,43,0,204,0,0,11,0,11,132,29,54,0,215,10,0,10,225
12/07/2009,BUR,CA,AWP,WE,Towers with Radar,136,62,32,0,230,0,1,10,0,11,136,63,42,0,241,10,0,10,251
12/08/2009,BUR,CA,AWP,WE,Towers with Radar,141,73,29,0,243,0,12,49,0,61,141,85,78,0,304,14,0,14,318
12/09/2009,BUR,CA,AWP,WE,Towers with Radar,140,66,38,0,244,0,7,34,0,41,140,73,72,0,285,60,0,60,345
12/10/2009,BUR,CA,AWP,WE,Towers with Radar,159,77,32,2,270,0,4,26,0,30,159,81,58,2,300,30,0,30,330
12/11/2009,BUR,CA,AWP,WE,Towers with Radar,151,94,33,0,278,0,0,5,0,5,151,94,38,0,283,8,0,8,291
12/12/2009,BUR,CA,AWP,WE,Towers with Radar,111,27,18,0,156,0,0,0,0,0,111,27,18,0,156,0,0,0,156
12/13/2009,BUR,CA,AWP,WE,Towers with Radar,125,32,27,0,184,0,4,18,0,22,125,36,45,0,206,128,0,128,334
12/14/2009,BUR,CA,AWP,WE,Towers with Radar,151,57,34,0,242,0,3,24,0,27,151,60,58,0,269,46,0,46,315
12/15/2009,BUR,CA,AWP,WE,Towers with Radar,154,64,39,0,257,0,4,44,0,48,154,68,83,0,305,40,0,40,345
12/16/2009,BUR,CA,AWP,WE,Towers with Radar,145,69,38,1,253,0,4,29,1,34,145,73,67,2,287,34,0,34,321
12/17/2009,BUR,CA,AWP,WE,Towers with Radar,153,70,35,0,258,0,3,49,0,52,153,73,84,0,310,58,0,58,368
12/18/2009,BUR,CA,AWP,WE,Towers with Radar,150,87,45,0,282,0,6,39,0,45,150,93,84,0,327,0,0,0,327
12/19/2009,BUR,CA,AWP,WE,Towers with Radar,108,37,30,0,175,0,2,26,0,28,108,39,56,0,203,2,2,4,207
12/20/2009,BUR,CA,AWP,WE,Towers with Radar,136,38,37,0,211,0,0,31,0,31,136,38,68,0,242,4,0,4,246
12/21/2009,BUR,CA,AWP,WE,Towers with Radar,147,61,44,0,252,0,6,25,0,31,147,67,69,0,283,1,0,1,284
12/22/2009,BUR,CA,AWP,WE,Towers with Radar,149,83,22,0,254,0,4,22,2,28,149,87,44,2,282,0,0,0,282
12/23/2009,BUR,CA,AWP,WE,Towers with Radar,154,66,25,4,249,0,7,35,0,42,154,73,60,4,291,60,0,60,351
12/24/2009,BUR,CA,AWP,WE,Towers with Radar,125,57,20,0,202,0,10,19,0,29,125,67,39,0,231,0,0,0,231
12/25/2009,BUR,CA,AWP,WE,Towers with Radar,105,34,16,0,155,0,0,19,0,19,105,34,35,0,174,0,0,0,174
12/26/2009,BUR,CA,AWP,WE,Towers with Radar,118,24,33,0,175,0,0,17,0,17,118,24,50,0,192,0,0,0,192
12/27/2009,BUR,CA,AWP,WE,Towers with Radar,142,39,35,0,216,0,1,21,0,22,142,40,56,0,238,52,0,52,290
12/28/2009,BUR,CA,AWP,WE,Towers with Radar,157,56,26,0,239,0,4,26,0,30,157,60,52,0,269,64,0,64,333
12/29/2009,BUR,CA,AWP,WE,Towers with Radar,156,59,20,0,235,0,3,33,1,37,156,62,53,1,272,38,0,38,310
12/30/2009,BUR,CA,AWP,WE,Towers with Radar,151,63,55,0,269,0,0,2,0,2,151,63,57,0,271,0,0,0,271
12/31/2009,BUR,CA,AWP,WE,Towers with Radar,119,49,39,5,212,0,2,34,0,36,119,51,73,5,248,2,0,2,250
01/01/2010,BUR,CA,AWP,WE,Towers with Radar,108,43,62,0,213,0,0,44,16,60,108,43,106,16,273,0,0,0,273
01/02/2010,BUR,CA,AWP,WE,Towers with Radar,131,31,51,4,217,0,0,34,0,34,131,31,85,4,251,14,0,14,265
01/03/2010,BUR,CA,AWP,WE,Towers with Radar,152,42,49,0,243,0,0,22,0,22,152,42,71,0,265,10,0,10,275
01/04/2010,BUR,CA,AWP,WE,Towers with Radar,153,60,33,0,246,0,6,40,2,48,153,66,73,2,294,34,0,34,328
01/05/2010,BUR,CA,AWP,WE,Towers with Radar,146,64,46,1,257,0,9,34,4,47,146,73,80,5,304,6,0,6,310
01/06/2010,BUR,CA,AWP,WE,Towers with Radar,155,97,91,0,343,0,9,37,0,46,155,106,128,0,389,92,0,92,481
01/07/2010,BUR,CA,AWP,WE,Towers with Radar,159,139,151,1,450,0,3,51,10,64,159,142,202,11,514,104,0,104,618
01/08/2010,BUR,CA,AWP,WE,Towers with Radar,151,98,143,0,392,0,10,42,4,56,151,108,185,4,448,112,0,112,560
01/09/2010,BUR,CA,AWP,WE,Towers with Radar,114,37,47,0,198,0,1,40,0,41,114,38,87,0,239,114,0,114,353
01/10/2010,BUR,CA,AWP,WE,Towers with Radar,143,43,33,0,219,0,0,22,0,22,143,43,55,0,241,12,0,12,253
01/11/2010,BUR,CA,AWP,WE,Towers with Radar,146,64,39,1,250,0,4,46,0,50,146,68,85,1,300,180,0,180,480
01/12/2010,BUR,CA,AWP,WE,Towers with Radar,152,53,35,0,240,0,5,47,0,52,152,58,82,0,292,120,0,120,412
01/13/2010,BUR,CA,AWP,WE,Towers with Radar,156,55,41,0,252,0,1,31,0,32,156,56,72,0,284,158,0,158,442
01/14/2010,BUR,CA,AWP,WE,Towers with Radar,150,66,32,0,248,0,6,33,0,39,150,72,65,0,287,108,0,108,395
01/15/2010,BUR,CA,AWP,WE,Towers with Radar,147,72,29,0,248,0,4,34,2,40,147,76,63,2,288,68,0,68,356
01/16/2010,BUR,CA,AWP,WE,Towers with Radar,94,25,29,0,148,0,0,36,0,36,94,25,65,0,184,22,0,22,206
01/17/2010,BUR,CA,AWP,WE,Towers with Radar,140,34,21,0,195,0,0,10,0,10,140,34,31,0,205,0,0,0,205
01/18/2010,BUR,CA,AWP,WE,Towers with Radar,155,44,36,0,235,0,0,5,0,5,155,44,41,0,240,0,0,0,240
01/19/2010,BUR,CA,AWP,WE,Towers with Radar,153,64,43,0,260,0,2,8,0,10,153,66,51,0,270,0,0,0,270
01/20/2010,BUR,CA,AWP,WE,Towers with Radar,143,64,27,0,234,0,0,9,0,9,143,64,36,0,243,0,0,0,243
01/21/2010,BUR,CA,AWP,WE,Towers with Radar,111,49,32,0,192,0,0,8,0,8,111,49,40,0,200,0,0,0,200
01/22/2010,BUR,CA,AWP,WE,Towers with Radar,153,84,31,0,268,0,0,15,0,15,153,84,46,0,283,20,0,20,303
01/23/2010,BUR,CA,AWP,WE,Towers with Radar,92,33,28,0,153,0,3,37,0,40,92,36,65,0,193,16,0,16,209
01/24/2010,BUR,CA,AWP,WE,Towers with Radar,133,40,35,0,208,0,0,33,0,33,133,40,68,0,241,14,0,14,255
01/25/2010,BUR,CA,AWP,WE,Towers with Radar,136,56,38,0,230,0,5,28,0,33,136,61,66,0,263,29,0,29,292
01/26/2010,BUR,CA,AWP,WE,Towers with Radar,160,70,29,0,259,0,1,11,0,12,160,71,40,0,271,22,0,22,293
01/27/2010,BUR,CA,AWP,WE,Towers with Radar,160,64,57,0,281,0,12,23,0,35,160,76,80,0,316,0,0,0,316
01/28/2010,BUR,CA,AWP,WE,Towers with Radar,167,80,46,0,293,0,9,68,0,77,167,89,114,0,370,72,0,72,442
01/29/2010,BUR,CA,AWP,WE,Towers with Radar,154,61,41,0,256,0,7,35,0,42,154,68,76,0,298,32,0,32,330
01/30/2010,BUR,CA,AWP,WE,Towers with Radar,90,29,27,0,146,0,0,37,0,37,90,29,64,0,183,88,0,88,271
01/31/2010,BUR,CA,AWP,WE,Towers with Radar,137,44,41,0,222,0,0,38,0,38,137,44,79,0,260,10,0,10,270
02/01/2010,BUR,CA,AWP,WE,Towers with Radar,161,56,41,0,258,0,12,40,0,52,161,68,81,0,310,82,0,82,392
02/02/2010,BUR,CA,AWP,WE,Towers with Radar,146,64,60,0,270,0,1,46,0,47,146,65,106,0,317,218,0,218,535
02/03/2010,BUR,CA,AWP,WE,Towers with Radar,149,63,35,0,247,2,6,32,0,40,151,69,67,0,287,98,0,98,385
02/04/2010,BUR,CA,AWP,WE,Towers with Radar,171,71,32,0,274,0,4,29,0,33,171,75,61,0,307,22,0,22,329
02/05/2010,BUR,CA,AWP,WE,Towers with Radar,150,75,39,0,264,0,0,3,0,3,150,75,42,0,267,54,0,54,321
02/06/2010,BUR,CA,AWP,WE,Towers with Radar,96,31,23,0,150,0,0,8,0,8,96,31,31,0,158,20,0,20,178
02/07/2010,BUR,CA,AWP,WE,Towers with Radar,139,37,20,0,196,0,0,42,0,42,139,37,62,0,238,218,0,218,456
02/08/2010,BUR,CA,AWP,WE,Towers with Radar,153,69,45,0,267,0,3,42,2,47,153,72,87,2,314,218,0,218,532
02/09/2010,BUR,CA,AWP,WE,Towers with Radar,149,81,41,0,271,0,2,18,0,20,149,83,59,0,291,112,0,112,403
02/10/2010,BUR,CA,AWP,WE,Towers with Radar,165,68,42,2,277,0,9,30,0,39,165,77,72,2,316,188,0,188,504
02/11/2010,BUR,CA,AWP,WE,Towers with Radar,148,75,62,0,285,0,1,37,0,38,148,76,99,0,323,104,0,104,427
02/12/2010,BUR,CA,AWP,WE,Towers with Radar,137,69,42,1,249,0,2,22,2,26,137,71,64,3,275,15,0,15,290
02/13/2010,BUR,CA,AWP,WE,Towers with Radar,95,33,23,0,151,0,0,7,0,7,95,33,30,0,158,0,0,0,158
02/14/2010,BUR,CA,AWP,WE,Towers with Radar,109,31,28,0,168,0,0,43,0,43,109,31,71,0,211,38,0,38,249
02/15/2010,BUR,CA,AWP,WE,Towers with Radar,157,43,43,0,243,0,7,40,0,47,157,50,83,0,290,34,0,34,324
02/16/2010,BUR,CA,AWP,WE,Towers with Radar,155,73,34,0,262,0,2,39,0,41,155,75,73,0,303,0,0,0,303
02/17/2010,BUR,CA,AWP,WE,Towers with Radar,162,63,48,0,273,0,2,30,0,32,162,65,78,0,305,34,0,34,339
02/18/2010,BUR,CA,AWP,WE,Towers with Radar,151,68,56,0,275,0,0,40,0,40,151,68,96,0,315,34,0,34,349
02/19/2010,BUR,CA,AWP,WE,Towers with Radar,148,63,46,0,257,0,1,27,0,28,148,64,73,0,285,36,0,36,321
02/20/2010,BUR,CA,AWP,WE,Towers with Radar,103,37,41,0,181,0,0,22,0,22,103,37,63,0,203,4,0,4,207
02/21/2010,BUR,CA,AWP,WE,Towers with Radar,127,37,16,0,180,0,0,19,0,19,127,37,35,0,199,18,0,18,217
02/22/2010,BUR,CA,AWP,WE,Towers with Radar,149,63,39,0,251,0,4,24,0,28,149,67,63,0,279,28,0,28,307
02/23/2010,BUR,CA,AWP,WE,Towers with Radar,145,69,51,0,265,0,3,35,1,39,145,72,86,1,304,32,0,32,336
02/24/2010,BUR,CA,AWP,WE,Towers with Radar,134,62,34,0,230,0,0,17,0,17,134,62,51,0,247,120,0,120,367
02/25/2010,BUR,CA,AWP,WE,Towers with Radar,155,65,33,0,253,0,13,30,2,45,155,78,63,2,298,28,0,28,326
02/26/2010,BUR,CA,AWP,WE,Towers with Radar,140,61,45,1,247,0,8,37,2,47,140,69,82,3,294,16,0,16,310
02/27/2010,BUR,CA,AWP,WE,Towers with Radar,93,41,20,0,154,0,0,10,0,10,93,41,30,0,164,12,0,12,176
02/28/2010,BUR,CA,AWP,WE,Towers with Radar,126,33,32,0,191,0,0,25,1,26,126,33,57,1,217,6,0,6,223
03/01/2010,BUR,CA,AWP,WE,Towers with Radar,139,49,31,0,219,0,5,32,1,38,139,54,63,1,257,24,0,24,281
03/02/2010,BUR,CA,AWP,WE,Towers with Radar,157,70,51,0,278,0,2,40,0,42,157,72,91,0,320,42,0,42,362
03/03/2010,BUR,CA,AWP,WE,Towers with Radar,150,72,32,0,254,0,4,28,2,34,150,76,60,2,288,38,0,38,326
03/04/2010,BUR,CA,AWP,WE,Towers with Radar,149,75,40,0,264,0,7,39,0,46,149,82,79,0,310,52,0,52,362
03/05/2010,BUR,CA,AWP,WE,Towers with Radar,139,71,43,0,253,0,8,45,0,53,139,79,88,0,306,16,0,16,322
03/06/2010,BUR,CA,AWP,WE,Towers with Radar,99,44,23,0,166,0,2,9,0,11,99,46,32,0,177,22,0,22,199
03/07/2010,BUR,CA,AWP,WE,Towers with Radar,127,37,28,0,192,0,0,30,0,30,127,37,58,0,222,34,0,34,256
03/08/2010,BUR,CA,AWP,WE,Towers with Radar,148,57,49,0,254,0,1,13,0,14,148,58,62,0,268,36,0,36,304
03/09/2010,BUR,CA,AWP,WE,Towers with Radar,152,61,38,0,251,0,3,21,0,24,152,64,59,0,275,0,0,0,275
03/10/2010,BUR,CA,AWP,WE,Towers with Radar,142,60,38,0,240,0,3,16,0,19,142,63,54,0,259,48,0,48,307
03/11/2010,BUR,CA,AWP,WE,Towers with Radar,144,78,42,1,265,0,6,52,1,59,144,84,94,2,324,56,0,56,380
03/12/2010,BUR,CA,AWP,WE,Towers with Radar,162,63,37,0,262,0,8,67,0,75,162,71,104,0,337,114,0,114,451
03/13/2010,BUR,CA,AWP,WE,Towers with Radar,94,27,27,0,148,0,1,56,0,57,94,28,83,0,205,92,0,92,297
03/14/2010,BUR,CA,AWP,WE,Towers with Radar,140,31,42,0,213,0,0,61,0,61,140,31,103,0,274,16,0,16,290
03/15/2010,BUR,CA,AWP,WE,Towers with Radar,151,60,40,2,253,0,5,30,0,35,151,65,70,2,288,26,0,26,314
03/16/2010,BUR,CA,AWP,WE,Towers with Radar,151,76,58,0,285,0,7,38,0,45,151,83,96,0,330,80,0,80,410
03/17/2010,BUR,CA,AWP,WE,Towers with Radar,149,77,38,0,264,0,3,26,0,29,149,80,64,0,293,28,0,28,321
03/18/2010,BUR,CA,AWP,WE,Towers with Radar,144,84,47,0,275,0,6,28,0,34,144,90,75,0,309,12,0,12,321
03/19/2010,BUR,CA,AWP,WE,Towers with Radar,156,53,45,0,254,0,5,42,0,47,156,58,87,0,301,20,0,20,321
03/20/2010,BUR,CA,AWP,WE,Towers with Radar,110,30,27,0,167,0,2,39,0,41,110,32,66,0,208,24,0,24,232
03/21/2010,BUR,CA,AWP,WE,Towers with Radar,123,38,38,0,199,0,0,34,0,34,123,38,72,0,233,16,0,16,249
03/22/2010,BUR,CA,AWP,WE,Towers with Radar,148,43,36,2,229,0,10,33,0,43,148,53,69,2,272,48,0,48,320
03/23/2010,BUR,CA,AWP,WE,Towers with Radar,156,66,31,0,253,0,7,45,2,54,156,73,76,2,307,136,0,136,443
03/24/2010,BUR,CA,AWP,WE,Towers with Radar,138,79,41,0,258,0,8,49,1,58,138,87,90,1,316,52,2,54,370
03/25/2010,BUR,CA,AWP,WE,Towers with Radar,145,65,28,1,239,0,1,22,0,23,145,66,50,1,262,14,0,14,276
03/26/2010,BUR,CA,AWP,WE,Towers with Radar,148,77,34,0,259,0,12,59,0,71,148,89,93,0,330,22,0,22,352
03/27/2010,BUR,CA,AWP,WE,Towers with Radar,110,33,26,1,170,0,7,33,0,40,110,40,59,1,210,18,0,18,228
03/28/2010,BUR,CA,AWP,WE,Towers with Radar,136,34,30,0,200,0,1,40,0,41,136,35,70,0,241,0,0,0,241
03/29/2010,BUR,CA,AWP,WE,Towers with Radar,158,56,31,1,246,0,20,35,1,56,158,76,66,2,302,24,0,24,326
03/30/2010,BUR,CA,AWP,WE,Towers with Radar,156,69,37,0,262,0,13,28,0,41,156,82,65,0,303,98,0,98,401
03/31/2010,BUR,CA,AWP,WE,Towers with Radar,163,72,35,0,270,0,13,38,0,51,163,85,73,0,321,66,0,66,387
04/01/2010,BUR,CA,AWP,WE,Towers with Radar,150,68,45,0,263,0,8,22,0,30,150,76,67,0,293,2,0,2,295
04/02/2010,BUR,CA,AWP,WE,Towers with Radar,157,67,30,1,255,0,6,56,0,62,157,73,86,1,317,38,0,38,355
04/03/2010,BUR,CA,AWP,WE,Towers with Radar,107,33,26,0,166,0,2,42,0,44,107,35,68,0,210,86,0,86,296
04/04/2010,BUR,CA,AWP,WE,Towers with Radar,137,24,20,0,181,0,0,16,0,16,137,24,36,0,197,24,0,24,221
04/05/2010,BUR,CA,AWP,WE,Towers with Radar,149,79,22,0,250,0,5,9,0,14,149,84,31,0,264,26,0,26,290
04/06/2010,BUR,CA,AWP,WE,Towers with Radar,144,79,25,0,248,0,11,46,0,57,144,90,71,0,305,48,0,48,353
04/07/2010,BUR,CA,AWP,WE,Towers with Radar,152,67,37,0,256,0,11,44,0,55,152,78,81,0,311,70,0,70,381
04/08/2010,BUR,CA,AWP,WE,Towers with Radar,152,68,30,0,250,0,10,41,0,51,152,78,71,0,301,41,0,41,342
04/09/2010,BUR,CA,AWP,WE,Towers with Radar,154,69,45,0,268,0,10,58,2,70,154,79,103,2,338,98,0,98,436
04/10/2010,BUR,CA,AWP,WE,Towers with Radar,125,32,29,0,186,0,0,35,0,35,125,32,64,0,221,10,0,10,231
04/11/2010,BUR,CA,AWP,WE,Towers with Radar,142,26,44,0,212,0,0,9,0,9,142,26,53,0,221,8,0,8,229
04/12/2010,BUR,CA,AWP,WE,Towers with Radar,142,61,28,0,231,0,5,18,0,23,142,66,46,0,254,12,0,12,266
04/13/2010,BUR,CA,AWP,WE,Towers with Radar,150,79,30,1,260,0,7,48,0,55,150,86,78,1,315,32,0,32,347
04/14/2010,BUR,CA,AWP,WE,Towers with Radar,136,71,33,1,241,0,3,48,1,52,136,74,81,2,293,66,0,66,359
04/15/2010,BUR,CA,AWP,WE,Towers with Radar,161,73,40,0,274,0,12,44,0,56,161,85,84,0,330,58,0,58,388
04/16/2010,BUR,CA,AWP,WE,Towers with Radar,155,55,39,0,249,0,8,40,0,48,155,63,79,0,297,24,0,24,321
04/17/2010,BUR,CA,AWP,WE,Towers with Radar,112,38,21,0,171,0,2,38,0,40,112,40,59,0,211,18,0,18,229
04/18/2010,BUR,CA,AWP,WE,Towers with Radar,135,27,31,0,193,0,0,24,0,24,135,27,55,0,217,36,0,36,253
04/19/2010,BUR,CA,AWP,WE,Towers with Radar,159,60,32,0,251,0,8,33,0,41,159,68,65,0,292,24,0,24,316
04/20/2010,BUR,CA,AWP,WE,Towers with Radar,166,76,66,0,308,0,2,18,0,20,166,78,84,0,328,40,0,40,368
04/21/2010,BUR,CA,AWP,WE,Towers with Radar,150,66,32,0,248,0,0,13,0,13,150,66,45,0,261,0,0,0,261
04/22/2010,BUR,CA,AWP,WE,Towers with Radar,158,74,43,0,275,0,9,17,0,26,158,83,60,0,301,26,0,26,327
04/23/2010,BUR,CA,AWP,WE,Towers with Radar,182,80,53,2,317,0,16,55,4,75,182,96,108,6,392,58,0,58,450
04/24/2010,BUR,CA,AWP,WE,Towers with Radar,115,28,30,0,173,0,1,28,0,29,115,29,58,0,202,20,0,20,222
04/25/2010,BUR,CA,AWP,WE,Towers with Radar,148,46,45,0,239,0,0,35,0,35,148,46,80,0,274,80,0,80,354
04/26/2010,BUR,CA,AWP,WE,Towers with Radar,163,68,63,0,294,0,8,29,0,37,163,76,92,0,331,16,0,16,347
04/27/2010,BUR,CA,AWP,WE,Towers with Radar,162,76,46,0,284,0,8,17,0,25,162,84,63,0,309,24,0,24,333
04/28/2010,BUR,CA,AWP,WE,Towers with Radar,146,78,45,0,269,0,2,35,0,37,146,80,80,0,306,26,0,26,332
04/29/2010,BUR,CA,AWP,WE,Towers with Radar,168,76,60,0,304,0,3,26,0,29,168,79,86,0,333,0,0,0,333
04/30/2010,BUR,CA,AWP,WE,Towers with Radar,145,64,41,0,250,0,9,33,0,42,145,73,74,0,292,2,0,2,294
05/01/2010,BUR,CA,AWP,WE,Towers with Radar,105,50,19,0,174,0,0,56,0,56,105,50,75,0,230,90,0,90,320
05/02/2010,BUR,CA,AWP,WE,Towers with Radar,146,40,42,0,228,0,0,49,0,49,146,40,91,0,277,10,0,10,287
05/03/2010,BUR,CA,AWP,WE,Towers with Radar,157,69,47,0,273,0,11,38,0,49,157,80,85,0,322,10,0,10,332
05/04/2010,BUR,CA,AWP,WE,Towers with Radar,142,76,43,1,262,0,0,12,0,12,142,76,55,1,274,14,0,14,288
05/05/2010,BUR,CA,AWP,WE,Towers with Radar,183,67,42,2,294,0,11,41,2,54,183,78,83,4,348,54,0,54,402
05/06/2010,BUR,CA,AWP,WE,Towers with Radar,172,72,47,4,295,0,14,21,0,35,172,86,68,4,330,34,0,34,364
05/07/2010,BUR,CA,AWP,WE,Towers with Radar,168,63,47,1,279,0,19,42,0,61,168,82,89,1,340,22,0,22,362
05/08/2010,BUR,CA,AWP,WE,Towers with Radar,111,33,30,0,174,0,0,2,0,2,111,33,32,0,176,34,0,34,210
05/09/2010,BUR,CA,AWP,WE,Towers with Radar,132,38,35,0,205,0,0,15,0,15,132,38,50,0,220,0,0,0,220
05/10/2010,BUR,CA,AWP,WE,Towers with Radar,147,59,41,0,247,0,3,37,0,40,147,62,78,0,287,18,0,18,305
05/11/2010,BUR,CA,AWP,WE,Towers with Radar,151,76,36,0,263,0,11,13,0,24,151,87,49,0,287,60,0,60,347
05/12/2010,BUR,CA,AWP,WE,Towers with Radar,153,75,40,2,270,0,19,52,0,71,153,94,92,2,341,6,0,6,347
05/13/2010,BUR,CA,AWP,WE,Towers with Radar,157,60,38,0,255,0,7,28,0,35,157,67,66,0,290,0,0,0,290
05/14/2010,BUR,CA,AWP,WE,Towers with Radar,154,72,55,1,282,0,10,72,0,82,154,82,127,1,364,54,0,54,418
05/15/2010,BUR,CA,AWP,WE,Towers with Radar,103,30,25,0,158,0,1,57,0,58,103,31,82,0,216,18,0,18,234
05/16/2010,BUR,CA,AWP,WE,Towers with Radar,119,35,44,0,198,0,0,37,0,37,119,35,81,0,235,4,0,4,239
05/17/2010,BUR,CA,AWP,WE,Towers with Radar,144,65,44,2,255,0,0,10,0,10,144,65,54,2,265,0,0,0,265
05/18/2010,BUR,CA,AWP,WE,Towers with Radar,155,81,46,0,282,0,0,14,0,14,155,81,60,0,296,28,0,28,324
05/19/2010,BUR,CA,AWP,WE,Towers with Radar,142,68,59,3,272,0,9,37,1,47,142,77,96,4,319,16,0,16,335
05/20/2010,BUR,CA,AWP,WE,Towers with Radar,153,74,47,2,276,0,6,44,0,50,153,80,91,2,326,2,0,2,328
05/21/2010,BUR,CA,AWP,WE,Towers with Radar,145,65,54,0,264,0,6,54,0,60,145,71,108,0,324,22,0,22,346
05/22/2010,BUR,CA,AWP,WE,Towers with Radar,98,27,53,0,178,0,0,9,0,9,98,27,62,0,187,32,0,32,219
05/23/2010,BUR,CA,AWP,WE,Towers with Radar,120,35,22,0,177,0,0,20,0,20,120,35,42,0,197,0,0,0,197
05/24/2010,BUR,CA,AWP,WE,Towers with Radar,133,52,32,0,217,0,2,22,0,24,133,54,54,0,241,10,0,10,251
05/25/2010,BUR,CA,AWP,WE,Towers with Radar,153,77,59,0,289,0,0,14,1,15,153,77,73,1,304,24,1,25,329
05/26/2010,BUR,CA,AWP,WE,Towers with Radar,154,63,48,0,265,0,7,33,0,40,154,70,81,0,305,74,0,74,379
05/27/2010,BUR,CA,AWP,WE,Towers with Radar,161,76,42,2,281,0,0,6,0,6,161,76,48,2,287,60,0,60,347
05/28/2010,BUR,CA,AWP,WE,Towers with Radar,141,63,33,2,239,0,5,57,0,62,141,68,90,2,301,38,0,38,339
05/29/2010,BUR,CA,AWP,WE,Towers with Radar,95,28,25,0,148,0,0,38,0,38,95,28,63,0,186,14,0,14,200
05/30/2010,BUR,CA,AWP,WE,Towers with Radar,94,32,17,0,143,0,0,35,2,37,94,32,52,2,180,90,0,90,270
05/31/2010,BUR,CA,AWP,WE,Towers with Radar,121,29,17,0,167,0,0,27,0,27,121,29,44,0,194,42,0,42,236
06/01/2010,BUR,CA,AWP,WE,Towers with Radar,159,52,49,2,262,0,0,9,0,9,159,52,58,2,271,44,0,44,315
06/02/2010,BUR,CA,AWP,WE,Towers with Radar,149,62,46,1,258,0,7,38,0,45,149,69,84,1,303,30,0,30,333
06/03/2010,BUR,CA,AWP,WE,Towers with Radar,163,75,53,0,291,0,1,37,0,38,163,76,90,0,329,42,0,42,371
06/04/2010,BUR,CA,AWP,WE,Towers with Radar,151,68,52,0,271,0,11,46,0,57,151,79,98,0,328,34,0,34,362
06/05/2010,BUR,CA,AWP,WE,Towers with Radar,103,22,36,0,161,0,1,28,0,29,103,23,64,0,190,44,0,44,234
06/06/2010,BUR,CA,AWP,WE,Towers with Radar,139,38,43,0,220,0,2,25,0,27,139,40,68,0,247,6,0,6,253
06/07/2010,BUR,CA,AWP,WE,Towers with Radar,147,55,41,0,243,0,1,20,0,21,147,56,61,0,264,55,0,55,319
06/08/2010,BUR,CA,AWP,WE,Towers with Radar,159,58,51,0,268,0,0,23,0,23,159,58,74,0,291,0,24,24,315
06/09/2010,BUR,CA,AWP,WE,Towers with Radar,151,70,38,0,259,0,6,21,0,27,151,76,59,0,286,32,0,32,318
06/10/2010,BUR,CA,AWP,WE,Towers with Radar,160,62,32,1,255,0,7,23,0,30,160,69,55,1,285,38,0,38,323
06/11/2010,BUR,CA,AWP,WE,Towers with Radar,162,71,50,4,287,0,8,39,0,47,162,79,89,4,334,50,0,50,384
06/12/2010,BUR,CA,AWP,WE,Towers with Radar,103,37,36,0,176,0,0,9,0,9,103,37,45,0,185,2,0,2,187
06/13/2010,BUR,CA,AWP,WE,Towers with Radar,138,48,43,1,230,0,0,28,1,29,138,48,71,2,259,58,0,58,317
06/14/2010,BUR,CA,AWP,WE,Towers with Radar,160,56,44,0,260,0,9,35,0,44,160,65,79,0,304,32,0,32,336
06/15/2010,BUR,CA,AWP,WE,Towers with Radar,158,64,44,0,266,0,11,62,0,73,158,75,106,0,339,64,0,64,403
06/16/2010,BUR,CA,AWP,WE,Towers with Radar,163,65,52,2,282,0,8,42,0,50,163,73,94,2,332,56,0,56,388
06/17/2010,BUR,CA,AWP,WE,Towers with Radar,161,68,42,0,271,0,4,44,0,48,161,72,86,0,319,30,0,30,349
06/18/2010,BUR,CA,AWP,WE,Towers with Radar,162,57,54,0,273,0,5,44,3,52,162,62,98,3,325,124,0,124,449
06/19/2010,BUR,CA,AWP,WE,Towers with Radar,96,33,22,0,151,0,0,1,0,1,96,33,23,0,152,26,0,26,178
06/20/2010,BUR,CA,AWP,WE,Towers with Radar,133,34,28,0,195,0,0,46,0,46,133,34,74,0,241,13,0,13,254
06/21/2010,BUR,CA,AWP,WE,Towers with Radar,151,67,29,0,247,0,5,35,0,40,151,72,64,0,287,62,0,62,349
06/22/2010,BUR,CA,AWP,WE,Towers with Radar,150,52,24,0,226,0,0,12,0,12,150,52,36,0,238,60,0,60,298
06/23/2010,BUR,CA,AWP,WE,Towers with Radar,161,64,33,0,258,0,5,32,0,37,161,69,65,0,295,28,0,28,323
06/24/2010,BUR,CA,AWP,WE,Towers with Radar,164,60,42,0,266,0,9,38,0,47,164,69,80,0,313,84,0,84,397
06/25/2010,BUR,CA,AWP,WE,Towers with Radar,152,71,49,0,272,0,10,42,0,52,152,81,91,0,324,60,0,60,384
06/26/2010,BUR,CA,AWP,WE,Towers with Radar,91,30,26,0,147,0,0,32,0,32,91,30,58,0,179,38,0,38,217
06/27/2010,BUR,CA,AWP,WE,Towers with Radar,133,31,40,2,206,0,0,23,0,23,133,31,63,2,229,0,0,0,229
06/28/2010,BUR,CA,AWP,WE,Towers with Radar,142,65,39,4,250,0,8,24,0,32,142,73,63,4,282,6,0,6,288
06/29/2010,BUR,CA,AWP,WE,Towers with Radar,158,54,45,0,257,0,5,34,0,39,158,59,79,0,296,62,0,62,358
06/30/2010,BUR,CA,AWP,WE,Towers with Radar,162,66,39,0,267,0,9,36,0,45,162,75,75,0,312,38,0,38,350
07/01/2010,BUR,CA,AWP,WE,Towers with Radar,157,66,50,0,273,0,8,51,0,59,157,74,101,0,332,100,0,100,432
07/02/2010,BUR,CA,AWP,WE,Towers with Radar,142,60,21,0,223,0,9,34,0,43,142,69,55,0,266,32,0,32,298
07/03/2010,BUR,CA,AWP,WE,Towers with Radar,95,36,24,0,155,0,0,35,0,35,95,36,59,0,190,72,0,72,262
07/04/2010,BUR,CA,AWP,WE,Towers with Radar,85,25,13,1,124,0,0,19,0,19,85,25,32,1,143,12,0,12,155
07/05/2010,BUR,CA,AWP,WE,Towers with Radar,134,29,24,0,187,0,0,21,0,21,134,29,45,0,208,10,0,10,218
07/06/2010,BUR,CA,AWP,WE,Towers with Radar,158,69,24,0,251,0,0,16,0,16,158,69,40,0,267,12,0,12,279
07/07/2010,BUR,CA,AWP,WE,Towers with Radar,159,74,39,0,272,0,7,28,0,35,159,81,67,0,307,70,0,70,377
07/08/2010,BUR,CA,AWP,WE,Towers with Radar,165,71,36,0,272,0,4,23,0,27,165,75,59,0,299,28,0,28,327
07/09/2010,BUR,CA,AWP,WE,Towers with Radar,145,65,48,0,258,0,9,33,0,42,145,74,81,0,300,54,0,54,354
07/10/2010,BUR,CA,AWP,WE,Towers with Radar,95,32,31,0,158,0,0,24,0,24,95,32,55,0,182,0,0,0,182
07/11/2010,BUR,CA,AWP,WE,Towers with Radar,139,38,23,0,200,0,0,20,0,20,139,38,43,0,220,0,0,0,220
07/12/2010,BUR,CA,AWP,WE,Towers with Radar,157,65,33,0,255,0,1,34,0,35,157,66,67,0,290,54,0,54,344
07/13/2010,BUR,CA,AWP,WE,Towers with Radar,144,61,37,0,242,0,9,44,0,53,144,70,81,0,295,132,0,132,427
07/14/2010,BUR,CA,AWP,WE,Towers with Radar,152,61,37,0,250,0,4,50,0,54,152,65,87,0,304,0,0,0,304
07/15/2010,BUR,CA,AWP,WE,Towers with Radar,163,65,35,0,263,0,4,32,0,36,163,69,67,0,299,38,0,38,337
07/16/2010,BUR,CA,AWP,WE,Towers with Radar,151,58,46,0,255,0,12,34,0,46,151,70,80,0,301,24,0,24,325
07/17/2010,BUR,CA,AWP,WE,Towers with Radar,112,34,21,0,167,0,1,25,0,26,112,35,46,0,193,0,0,0,193
07/18/2010,BUR,CA,AWP,WE,Towers with Radar,150,31,21,0,202,0,32,0,0,32,150,63,21,0,234,0,0,0,234
07/19/2010,BUR,CA,AWP,WE,Towers with Radar,152,74,43,0,269,0,7,30,0,37,152,81,73,0,306,22,0,22,328
07/20/2010,BUR,CA,AWP,WE,Towers with Radar,137,60,39,0,236,0,0,23,0,23,137,60,62,0,259,54,0,54,313
07/21/2010,BUR,CA,AWP,WE,Towers with Radar,149,71,34,0,254,0,6,35,0,41,149,77,69,0,295,62,0,62,357
07/22/2010,BUR,CA,AWP,WE,Towers with Radar,160,79,61,3,303,0,3,17,5,25,160,82,78,8,328,16,0,16,344
07/23/2010,BUR,CA,AWP,WE,Towers with Radar,152,66,47,0,265,0,8,57,0,65,152,74,104,0,330,36,0,36,366
07/24/2010,BUR,CA,AWP,WE,Towers with Radar,110,28,36,1,175,0,0,28,1,29,110,28,64,2,204,26,0,26,230
07/25/2010,BUR,CA,AWP,WE,Towers with Radar,124,29,32,0,185,0,1,28,0,29,124,30,60,0,214,0,0,0,214
07/26/2010,BUR,CA,AWP,WE,Towers with Radar,163,64,42,0,269,0,6,17,1,24,163,70,59,1,293,2,0,2,295
07/27/2010,BUR,CA,AWP,WE,Towers with Radar,156,74,42,0,272,0,8,40,0,48,156,82,82,0,320,42,0,42,362
07/28/2010,BUR,CA,AWP,WE,Towers with Radar,152,73,38,0,263,0,8,58,0,66,152,81,96,0,329,118,0,118,447
07/29/2010,BUR,CA,AWP,WE,Towers with Radar,160,57,46,0,263,0,3,44,0,47,160,60,90,0,310,10,0,10,320
07/30/2010,BUR,CA,AWP,WE,Towers with Radar,161,63,36,0,260,0,12,49,0,61,161,75,85,0,321,24,0,24,345
07/31/2010,BUR,CA,AWP,WE,Towers with Radar,101,38,34,0,173,0,0,39,0,39,101,38,73,0,212,10,0,10,222
08/01/2010,BUR,CA,AWP,WE,Towers with Radar,132,39,44,0,215,0,1,25,0,26,132,40,69,0,241,18,0,18,259
08/02/2010,BUR,CA,AWP,WE,Towers with Radar,147,54,23,0,224,0,3,40,0,43,147,57,63,0,267,10,0,10,277
08/03/2010,BUR,CA,AWP,WE,Towers with Radar,151,67,41,0,259,0,0,11,0,11,151,67,52,0,270,18,0,18,288
08/04/2010,BUR,CA,AWP,WE,Towers with Radar,155,72,45,0,272,0,11,25,4,40,155,83,70,4,312,38,0,38,350
08/05/2010,BUR,CA,AWP,WE,Towers with Radar,145,55,34,0,234,0,9,30,0,39,145,64,64,0,273,62,0,62,335
08/06/2010,BUR,CA,AWP,WE,Towers with Radar,154,57,54,0,265,0,13,36,0,49,154,70,90,0,314,60,0,60,374
08/07/2010,BUR,CA,AWP,WE,Towers with Radar,103,36,31,0,170,0,0,21,0,21,103,36,52,0,191,26,0,26,217
08/08/2010,BUR,CA,AWP,WE,Towers with Radar,126,36,34,0,196,0,1,34,0,35,126,37,68,0,231,2,0,2,233
08/09/2010,BUR,CA,AWP,WE,Towers with Radar,144,48,37,0,229,0,4,28,0,32,144,52,65,0,261,26,0,26,287
08/10/2010,BUR,CA,AWP,WE,Towers with Radar,156,68,38,0,262,0,8,37,0,45,156,76,75,0,307,56,0,56,363
08/11/2010,BUR,CA,AWP,WE,Towers with Radar,161,75,40,0,276,0,5,47,0,52,161,80,87,0,328,112,0,112,440
08/12/2010,BUR,CA,AWP,WE,Towers with Radar,160,70,45,0,275,0,13,38,2,53,160,83,83,2,328,14,0,14,342
08/13/2010,BUR,CA,AWP,WE,Towers with Radar,138,65,32,0,235,0,15,37,0,52,138,80,69,0,287,44,0,44,331
08/14/2010,BUR,CA,AWP,WE,Towers with Radar,106,30,13,0,149,0,0,22,0,22,106,30,35,0,171,0,0,0,171
08/15/2010,BUR,CA,AWP,WE,Towers with Radar,113,35,42,0,190,0,0,31,0,31,113,35,73,0,221,22,0,22,243
08/16/2010,BUR,CA,AWP,WE,Towers with Radar,136,61,21,0,218,0,1,26,0,27,136,62,47,0,245,36,0,36,281
08/17/2010,BUR,CA,AWP,WE,Towers with Radar,146,59,50,0,255,0,0,13,0,13,146,59,63,0,268,6,0,6,274
08/18/2010,BUR,CA,AWP,WE,Towers with Radar,139,80,31,0,250,0,8,36,0,44,139,88,67,0,294,39,0,39,333
08/19/2010,BUR,CA,AWP,WE,Towers with Radar,145,61,43,0,249,0,8,20,0,28,145,69,63,0,277,22,0,22,299
08/20/2010,BUR,CA,AWP,WE,Towers with Radar,139,58,35,2,234,0,29,36,0,65,139,87,71,2,299,48,0,48,347
08/21/2010,BUR,CA,AWP,WE,Towers with Radar,102,26,20,0,148,0,0,45,0,45,102,26,65,0,193,30,0,30,223
08/22/2010,BUR,CA,AWP,WE,Towers with Radar,113,37,31,0,181,0,0,24,0,24,113,37,55,0,205,60,0,60,265
08/23/2010,BUR,CA,AWP,WE,Towers with Radar,151,41,34,0,226,0,9,34,2,45,151,50,68,2,271,16,0,16,287
08/24/2010,BUR,CA,AWP,WE,Towers with Radar,141,60,43,0,244,0,13,40,2,55,141,73,83,2,299,48,0,48,347
08/25/2010,BUR,CA,AWP,WE,Towers with Radar,156,58,40,2,256,0,12,39,0,51,156,70,79,2,307,43,0,43,350
08/26/2010,BUR,CA,AWP,WE,Towers with Radar,152,58,43,1,254,0,23,36,0,59,152,81,79,1,313,0,0,0,313
08/27/2010,BUR,CA,AWP,WE,Towers with Radar,146,59,36,0,241,0,12,47,0,59,146,71,83,0,300,26,0,26,326
08/28/2010,BUR,CA,AWP,WE,Towers with Radar,95,43,24,0,162,0,0,22,0,22,95,43,46,0,184,14,0,14,198
08/29/2010,BUR,CA,AWP,WE,Towers with Radar,122,41,48,0,211,0,1,18,0,19,122,42,66,0,230,36,0,36,266
08/30/2010,BUR,CA,AWP,WE,Towers with Radar,150,53,52,1,256,0,6,27,1,34,150,59,79,2,290,32,0,32,322
08/31/2010,BUR,CA,AWP,WE,Towers with Radar,143,63,31,1,238,0,0,7,0,7,143,63,38,1,245,4,0,4,249
09/01/2010,BUR,CA,AWP,WE,Towers with Radar,146,74,31,0,251,0,11,29,0,40,146,85,60,0,291,18,0,18,309
09/02/2010,BUR,CA,AWP,WE,Towers with Radar,140,64,20,0,224,0,8,32,0,40,140,72,52,0,264,6,0,6,270
09/03/2010,BUR,CA,AWP,WE,Towers with Radar,142,58,43,0,243,0,11,39,0,50,142,69,82,0,293,32,0,32,325
09/04/2010,BUR,CA,AWP,WE,Towers with Radar,95,25,21,0,141,0,2,25,0,27,95,27,46,0,168,36,0,36,204
09/05/2010,BUR,CA,AWP,WE,Towers with Radar,99,30,14,0,143,0,0,27,0,27,99,30,41,0,170,34,0,34,204
09/06/2010,BUR,CA,AWP,WE,Towers with Radar,140,38,29,0,207,0,0,24,0,24,140,38,53,0,231,38,0,38,269
09/07/2010,BUR,CA,AWP,WE,Towers with Radar,136,78,37,0,251,0,3,8,0,11,136,81,45,0,262,2,0,2,264
09/08/2010,BUR,CA,AWP,WE,Towers with Radar,157,74,44,0,275,0,6,25,0,31,157,80,69,0,306,56,0,56,362
09/09/2010,BUR,CA,AWP,WE,Towers with Radar,153,78,42,0,273,0,8,18,0,26,153,86,60,0,299,68,0,68,367
09/10/2010,BUR,CA,AWP,WE,Towers with Radar,156,50,27,0,233,0,17,30,0,47,156,67,57,0,280,70,0,70,350
09/11/2010,BUR,CA,AWP,WE,Towers with Radar,97,41,26,0,164,0,7,41,0,48,97,48,67,0,212,10,0,10,222
09/12/2010,BUR,CA,AWP,WE,Towers with Radar,117,32,39,0,188,0,0,43,0,43,117,32,82,0,231,73,0,73,304
09/13/2010,BUR,CA,AWP,WE,Towers with Radar,150,51,41,2,244,0,5,26,0,31,150,56,67,2,275,51,0,51,326
09/14/2010,BUR,CA,AWP,WE,Towers with Radar,136,74,32,0,242,0,11,38,0,49,136,85,70,0,291,38,0,38,329
09/15/2010,BUR,CA,AWP,WE,Towers with Radar,159,71,44,0,274,0,11,34,0,45,159,82,78,0,319,26,0,26,345
09/16/2010,BUR,CA,AWP,WE,Towers with Radar,152,88,54,0,294,0,11,40,0,51,152,99,94,0,345,74,0,74,419
09/17/2010,BUR,CA,AWP,WE,Towers with Radar,159,58,41,0,258,0,5,34,4,43,159,63,75,4,301,14,0,14,315
09/18/2010,BUR,CA,AWP,WE,Towers with Radar,99,31,22,0,152,0,0,25,0,25,99,31,47,0,177,10,0,10,187
09/19/2010,BUR,CA,AWP,WE,Towers with Radar,120,36,36,0,192,0,0,35,0,35,120,36,71,0,227,20,0,20,247
09/20/2010,BUR,CA,AWP,WE,Towers with Radar,143,54,58,0,255,0,4,36,0,40,143,58,94,0,295,42,0,42,337
09/21/2010,BUR,CA,AWP,WE,Towers with Radar,152,68,41,0,261,0,5,23,0,28,152,73,64,0,289,38,0,38,327
09/22/2010,BUR,CA,AWP,WE,Towers with Radar,142,70,57,0,269,0,6,29,0,35,142,76,86,0,304,82,0,82,386
09/23/2010,BUR,CA,AWP,WE,Towers with Radar,146,70,46,0,262,0,11,24,0,35,146,81,70,0,297,12,0,12,309
09/24/2010,BUR,CA,AWP,WE,Towers with Radar,147,63,55,0,265,0,15,36,0,51,147,78,91,0,316,42,0,42,358
09/25/2010,BUR,CA,AWP,WE,Towers with Radar,92,30,18,0,140,0,1,28,0,29,92,31,46,0,169,46,0,46,215
09/26/2010,BUR,CA,AWP,WE,Towers with Radar,113,43,42,1,199,0,0,21,2,23,113,43,63,3,222,28,0,28,250
09/27/2010,BUR,CA,AWP,WE,Towers with Radar,145,50,30,0,225,0,7,25,1,33,145,57,55,1,258,16,0,16,274
09/28/2010,BUR,CA,AWP,WE,Towers with Radar,134,63,41,0,238,0,0,7,0,7,134,63,48,0,245,46,0,46,291
09/29/2010,BUR,CA,AWP,WE,Towers with Radar,145,62,25,0,232,0,11,34,0,45,145,73,59,0,277,60,0,60,337
09/30/2010,BUR,CA,AWP,WE,Towers with Radar,141,71,33,0,245,0,13,42,0,55,141,84,75,0,300,38,0,38,338
10/01/2010,BUR,CA,AWP,WE,Towers with Radar,147,58,32,0,237,0,12,45,10,67,147,70,77,10,304,16,0,16,320
10/02/2010,BUR,CA,AWP,WE,Towers with Radar,101,34,29,0,164,0,0,19,0,19,101,34,48,0,183,58,0,58,241
10/03/2010,BUR,CA,AWP,WE,Towers with Radar,116,36,27,0,179,0,0,21,0,21,116,36,48,0,200,14,0,14,214
10/04/2010,BUR,CA,AWP,WE,Towers with Radar,131,66,40,0,237,0,0,1,0,1,131,66,41,0,238,0,0,0,238
10/05/2010,BUR,CA,AWP,WE,Towers with Radar,135,81,38,0,254,0,1,19,0,20,135,82,57,0,274,0,0,0,274
10/06/2010,BUR,CA,AWP,WE,Towers with Radar,156,69,35,0,260,0,1,5,0,6,156,70,40,0,266,52,0,52,318
10/07/2010,BUR,CA,AWP,WE,Towers with Radar,136,74,41,0,251,0,6,30,0,36,136,80,71,0,287,34,0,34,321
10/08/2010,BUR,CA,AWP,WE,Towers with Radar,125,67,53,0,245,0,10,36,0,46,125,77,89,0,291,54,0,54,345
10/09/2010,BUR,CA,AWP,WE,Towers with Radar,88,26,21,0,135,0,0,22,0,22,88,26,43,0,157,92,0,92,249
10/10/2010,BUR,CA,AWP,WE,Towers with Radar,112,39,35,0,186,0,0,27,0,27,112,39,62,0,213,12,0,12,225
10/11/2010,BUR,CA,AWP,WE,Towers with Radar,147,35,33,0,215,0,10,33,0,43,147,45,66,0,258,40,0,40,298
10/12/2010,BUR,CA,AWP,WE,Towers with Radar,122,54,44,0,220,0,0,6,0,6,122,54,50,0,226,68,0,68,294
10/13/2010,BUR,CA,AWP,WE,Towers with Radar,135,81,45,0,261,0,1,36,0,37,135,82,81,0,298,12,0,12,310
10/14/2010,BUR,CA,AWP,WE,Towers with Radar,139,80,45,0,264,0,0,25,0,25,139,80,70,0,289,70,0,70,359
10/15/2010,BUR,CA,AWP,WE,Towers with Radar,132,75,68,0,275,0,1,24,0,25,132,76,92,0,300,86,0,86,386
10/16/2010,BUR,CA,AWP,WE,Towers with Radar,91,34,37,0,162,0,0,0,0,0,91,34,37,0,162,0,0,0,162
10/17/2010,BUR,CA,AWP,WE,Towers with Radar,124,37,54,0,215,0,0,0,0,0,124,37,54,0,215,0,0,0,215
10/18/2010,BUR,CA,AWP,WE,Towers with Radar,154,57,36,0,247,0,1,12,0,13,154,58,48,0,260,0,0,0,260
10/19/2010,BUR,CA,AWP,WE,Towers with Radar,142,75,27,0,244,0,2,16,10,28,142,77,43,10,272,12,0,12,284
10/20/2010,BUR,CA,AWP,WE,Towers with Radar,165,74,62,0,301,0,0,6,0,6,165,74,68,0,307,0,0,0,307
10/21/2010,BUR,CA,AWP,WE,Towers with Radar,143,82,77,2,304,0,2,13,0,15,143,84,90,2,319,40,0,40,359
10/22/2010,BUR,CA,AWP,WE,Towers with Radar,152,66,28,0,246,0,3,23,0,26,152,69,51,0,272,46,0,46,318
10/23/2010,BUR,CA,AWP,WE,Towers with Radar,95,33,38,0,166,0,0,18,0,18,95,33,56,0,184,38,0,38,222
10/24/2010,BUR,CA,AWP,WE,Towers with Radar,116,35,27,0,178,0,0,18,0,18,116,35,45,0,196,20,0,20,216
10/25/2010,BUR,CA,AWP,WE,Towers with Radar,146,50,44,0,240,0,7,10,0,17,146,57,54,0,257,0,0,0,257
10/26/2010,BUR,CA,AWP,WE,Towers with Radar,137,73,42,0,252,0,0,10,0,10,137,73,52,0,262,18,0,18,280
10/27/2010,BUR,CA,AWP,WE,Towers with Radar,146,68,37,0,251,0,11,26,0,37,146,79,63,0,288,54,0,54,342
10/28/2010,BUR,CA,AWP,WE,Towers with Radar,143,70,37,0,250,0,7,55,0,62,143,77,92,0,312,52,0,52,364
10/29/2010,BUR,CA,AWP,WE,Towers with Radar,161,56,41,0,258,0,7,49,0,56,161,63,90,0,314,24,0,24,338
10/30/2010,BUR,CA,AWP,WE,Towers with Radar,95,31,22,0,148,0,0,25,0,25,95,31,47,0,173,38,0,38,211
10/31/2010,BUR,CA,AWP,WE,Towers with Radar,104,35,33,0,172,0,1,28,0,29,104,36,61,0,201,0,0,0,201
11/01/2010,BUR,CA,AWP,WE,Towers with Radar,155,46,59,0,260,0,11,20,0,31,155,57,79,0,291,18,0,18,309
11/02/2010,BUR,CA,AWP,WE,Towers with Radar,146,62,42,0,250,0,8,36,0,44,146,70,78,0,294,92,0,92,386
11/03/2010,BUR,CA,AWP,WE,Towers with Radar,135,66,44,0,245,0,11,41,0,52,135,77,85,0,297,88,0,88,385
11/04/2010,BUR,CA,AWP,WE,Towers with Radar,152,72,46,0,270,0,8,49,0,57,152,80,95,0,327,44,0,44,371
11/05/2010,BUR,CA,AWP,WE,Towers with Radar,133,68,39,0,240,0,10,60,0,70,133,78,99,0,310,42,0,42,352
11/06/2010,BUR,CA,AWP,WE,Towers with Radar,94,24,27,0,145,0,1,24,0,25,94,25,51,0,170,12,0,12,182
11/07/2010,BUR,CA,AWP,WE,Towers with Radar,138,35,23,0,196,0,0,26,0,26,138,35,49,0,222,44,0,44,266
11/08/2010,BUR,CA,AWP,WE,Towers with Radar,157,68,38,0,263,0,13,14,0,27,157,81,52,0,290,24,0,24,314
11/09/2010,BUR,CA,AWP,WE,Towers with Radar,136,74,37,0,247,0,4,48,1,53,136,78,85,1,300,22,0,22,322
11/10/2010,BUR,CA,AWP,WE,Towers with Radar,149,67,40,0,256,0,10,36,0,46,149,77,76,0,302,64,0,64,366
11/11/2010,BUR,CA,AWP,WE,Towers with Radar,155,48,42,0,245,0,1,22,0,23,155,49,64,0,268,2,0,2,270
11/12/2010,BUR,CA,AWP,WE,Towers with Radar,147,61,49,0,257,0,9,50,0,59,147,70,99,0,316,40,0,40,356
11/13/2010,BUR,CA,AWP,WE,Towers with Radar,94,24,22,0,140,0,3,41,0,44,94,27,63,0,184,0,0,0,184
11/14/2010,BUR,CA,AWP,WE,Towers with Radar,126,44,41,0,211,0,0,36,0,36,126,44,77,0,247,18,0,18,265
11/15/2010,BUR,CA,AWP,WE,Towers with Radar,147,52,47,0,246,0,5,38,0,43,147,57,85,0,289,86,0,86,375
11/16/2010,BUR,CA,AWP,WE,Towers with Radar,133,71,48,0,252,0,0,5,0,5,133,71,53,0,257,48,0,48,305
11/17/2010,BUR,CA,AWP,WE,Towers with Radar,154,70,39,0,263,0,7,48,0,55,154,77,87,0,318,56,0,56,374
11/18/2010,BUR,CA,AWP,WE,Towers with Radar,150,71,56,0,277,0,5,42,0,47,150,76,98,0,324,88,0,88,412
11/19/2010,BUR,CA,AWP,WE,Towers with Radar,142,77,58,0,277,0,5,28,0,33,142,82,86,0,310,82,0,82,392
11/20/2010,BUR,CA,AWP,WE,Towers with Radar,105,31,22,0,158,0,0,14,0,14,105,31,36,0,172,34,0,34,206
11/21/2010,BUR,CA,AWP,WE,Towers with Radar,130,39,36,0,205,0,0,16,0,16,130,39,52,0,221,30,0,30,251
11/22/2010,BUR,CA,AWP,WE,Towers with Radar,129,37,37,0,203,0,10,40,0,50,129,47,77,0,253,50,0,50,303
11/23/2010,BUR,CA,AWP,WE,Towers with Radar,145,68,57,0,270,0,3,33,0,36,145,71,90,0,306,48,0,48,354
11/24/2010,BUR,CA,AWP,WE,Towers with Radar,148,70,48,0,266,0,9,29,0,38,148,79,77,0,304,24,0,24,328
11/25/2010,BUR,CA,AWP,WE,Towers with Radar,87,27,14,0,128,0,0,23,0,23,87,27,37,0,151,4,0,4,155
11/26/2010,BUR,CA,AWP,WE,Towers with Radar,102,40,26,0,168,0,20,30,0,50,102,60,56,0,218,32,0,32,250
11/27/2010,BUR,CA,AWP,WE,Towers with Radar,124,26,27,0,177,0,0,22,0,22,124,26,49,0,199,0,0,0,199
11/28/2010,BUR,CA,AWP,WE,Towers with Radar,128,43,48,0,219,0,0,27,0,27,128,43,75,0,246,0,0,0,246
11/29/2010,BUR,CA,AWP,WE,Towers with Radar,150,50,31,0,231,0,12,21,0,33,150,62,52,0,264,0,0,0,264
11/30/2010,BUR,CA,AWP,WE,Towers with Radar,151,57,42,0,250,0,0,4,0,4,151,57,46,0,254,12,0,12,266
12/01/2010,BUR,CA,AWP,WE,Towers with Radar,130,53,48,1,232,0,10,43,0,53,130,63,91,1,285,36,0,36,321
12/02/2010,BUR,CA,AWP,WE,Towers with Radar,137,64,46,0,247,0,6,42,0,48,137,70,88,0,295,22,0,22,317
12/03/2010,BUR,CA,AWP,WE,Towers with Radar,149,48,47,0,244,0,14,45,0,59,149,62,92,0,303,18,0,18,321
12/04/2010,BUR,CA,AWP,WE,Towers with Radar,90,29,35,0,154,0,0,25,0,25,90,29,60,0,179,12,0,12,191
12/05/2010,BUR,CA,AWP,WE,Towers with Radar,122,24,34,0,180,0,0,18,0,18,122,24,52,0,198,10,0,10,208
12/06/2010,BUR,CA,AWP,WE,Towers with Radar,136,51,34,0,221,0,7,25,0,32,136,58,59,0,253,4,0,4,257
12/07/2010,BUR,CA,AWP,WE,Towers with Radar,122,69,51,0,242,0,1,6,0,7,122,70,57,0,249,4,0,4,253
12/08/2010,BUR,CA,AWP,WE,Towers with Radar,137,73,35,0,245,0,6,44,0,50,137,79,79,0,295,0,0,0,295
12/09/2010,BUR,CA,AWP,WE,Towers with Radar,135,76,50,0,261,0,6,36,0,42,135,82,86,0,303,0,0,0,303
12/10/2010,BUR,CA,AWP,WE,Towers with Radar,138,65,46,0,249,0,10,41,0,51,138,75,87,0,300,0,0,0,300
12/11/2010,BUR,CA,AWP,WE,Towers with Radar,93,30,28,0,151,0,0,13,0,13,93,30,41,0,164,64,0,64,228
12/12/2010,BUR,CA,AWP,WE,Towers with Radar,127,26,35,0,188,0,0,43,0,43,127,26,78,0,231,12,0,12,243
12/13/2010,BUR,CA,AWP,WE,Towers with Radar,143,58,38,0,239,0,7,44,0,51,143,65,82,0,290,34,0,34,324
12/14/2010,BUR,CA,AWP,WE,Towers with Radar,139,75,37,0,251,0,0,11,0,11,139,75,48,0,262,34,0,34,296
12/15/2010,BUR,CA,AWP,WE,Towers with Radar,146,79,48,0,273,0,0,6,0,6,146,79,54,0,279,14,0,14,293
12/16/2010,BUR,CA,AWP,WE,Towers with Radar,157,82,52,0,291,0,5,45,0,50,157,87,97,0,341,60,0,60,401
12/17/2010,BUR,CA,AWP,WE,Towers with Radar,140,74,46,0,260,0,0,4,0,4,140,74,50,0,264,0,0,0,264
12/18/2010,BUR,CA,AWP,WE,Towers with Radar,100,42,15,0,157,0,0,0,0,0,100,42,15,0,157,0,0,0,157
12/19/2010,BUR,CA,AWP,WE,Towers with Radar,118,36,30,0,184,0,0,0,0,0,118,36,30,0,184,0,0,0,184
12/20/2010,BUR,CA,AWP,WE,Towers with Radar,145,60,21,0,226,0,3,2,0,5,145,63,23,0,231,0,0,0,231
12/21/2010,BUR,CA,AWP,WE,Towers with Radar,148,85,25,0,258,0,0,6,0,6,148,85,31,0,264,0,0,0,264
12/22/2010,BUR,CA,AWP,WE,Towers with Radar,137,81,26,0,244,0,2,5,0,7,137,83,31,0,251,0,0,0,251
12/23/2010,BUR,CA,AWP,WE,Towers with Radar,149,90,35,0,274,0,2,28,0,30,149,92,63,0,304,30,0,30,334
12/24/2010,BUR,CA,AWP,WE,Towers with Radar,110,48,21,0,179,0,7,61,0,68,110,55,82,0,247,28,0,28,275
12/25/2010,BUR,CA,AWP,WE,Towers with Radar,81,26,16,0,123,0,0,13,0,13,81,26,29,0,136,0,0,0,136
12/26/2010,BUR,CA,AWP,WE,Towers with Radar,129,30,38,0,197,0,0,20,0,20,129,30,58,0,217,0,0,0,217
12/27/2010,BUR,CA,AWP,WE,Towers with Radar,135,65,18,0,218,0,6,46,0,52,135,71,64,0,270,66,0,66,336
12/28/2010,BUR,CA,AWP,WE,Towers with Radar,146,64,31,3,244,0,4,50,0,54,146,68,81,3,298,40,0,40,338
12/29/2010,BUR,CA,AWP,WE,Towers with Radar,146,58,32,0,236,0,5,4,0,9,146,63,36,0,245,0,0,0,245
12/30/2010,BUR,CA,AWP,WE,Towers with Radar,142,76,50,0,268,0,4,18,4,26,142,80,68,4,294,2,0,2,296
12/31/2010,BUR,CA,AWP,WE,Towers with Radar,94,63,39,3,199,0,5,56,0,61,94,68,95,3,260,66,0,66,326
01/01/2011,BUR,CA,AWP,WE,Towers with Radar,79,43,64,2,188,0,1,30,8,39,79,44,94,10,227,0,0,0,227
01/02/2011,BUR,CA,AWP,WE,Towers with Radar,133,51,77,0,261,0,0,12,0,12,133,51,89,0,273,0,0,0,273
01/03/2011,BUR,CA,AWP,WE,Towers with Radar,130,54,23,6,213,0,6,47,0,53,130,60,70,6,266,8,0,8,274
01/04/2011,BUR,CA,AWP,WE,Towers with Radar,137,57,25,1,220,2,15,39,1,57,139,72,64,2,277,55,0,55,332
01/05/2011,BUR,CA,AWP,WE,Towers with Radar,138,63,38,1,240,0,7,64,0,71,138,70,102,1,311,80,0,80,391
01/06/2011,BUR,CA,AWP,WE,Towers with Radar,139,64,34,2,239,0,10,59,0,69,139,74,93,2,308,32,0,32,340
01/07/2011,BUR,CA,AWP,WE,Towers with Radar,133,52,36,0,221,0,7,67,0,74,133,59,103,0,295,44,0,44,339
01/08/2011,BUR,CA,AWP,WE,Towers with Radar,88,25,26,1,140,0,2,42,0,44,88,27,68,1,184,44,0,44,228
01/09/2011,BUR,CA,AWP,WE,Towers with Radar,117,24,42,0,183,0,0,34,0,34,117,24,76,0,217,44,0,44,261
01/10/2011,BUR,CA,AWP,WE,Towers with Radar,135,51,38,0,224,0,11,55,0,66,135,62,93,0,290,36,0,36,326
01/11/2011,BUR,CA,AWP,WE,Towers with Radar,132,61,49,0,242,0,8,68,1,77,132,69,117,1,319,14,0,14,333
01/12/2011,BUR,CA,AWP,WE,Towers with Radar,134,54,36,1,225,0,7,55,1,63,134,61,91,2,288,18,0,18,306
01/13/2011,BUR,CA,AWP,WE,Towers with Radar,138,75,62,1,276,0,13,64,0,77,138,88,126,1,353,14,0,14,367
01/14/2011,BUR,CA,AWP,WE,Towers with Radar,133,96,39,0,268,0,17,85,0,102,133,113,124,0,370,52,0,52,422
01/15/2011,BUR,CA,AWP,WE,Towers with Radar,86,32,37,0,155,0,3,50,0,53,86,35,87,0,208,81,0,81,289
01/16/2011,BUR,CA,AWP,WE,Towers with Radar,121,37,30,0,188,0,1,93,2,96,121,38,123,2,284,60,0,60,344
01/17/2011,BUR,CA,AWP,WE,Towers with Radar,132,45,34,0,211,0,4,83,0,87,132,49,117,0,298,134,0,134,432
01/18/2011,BUR,CA,AWP,WE,Towers with Radar,132,61,48,1,242,0,8,84,1,93,132,69,132,2,335,100,0,100,435
01/19/2011,BUR,CA,AWP,WE,Towers with Radar,133,67,56,2,258,0,3,56,0,59,133,70,112,2,317,46,0,46,363
01/20/2011,BUR,CA,AWP,WE,Towers with Radar,140,70,47,0,257,0,7,46,0,53,140,77,93,0,310,44,0,44,354
01/21/2011,BUR,CA,AWP,WE,Towers with Radar,137,65,48,0,250,0,11,92,0,103,137,76,140,0,353,38,0,38,391
01/22/2011,BUR,CA,AWP,WE,Towers with Radar,86,25,39,0,150,0,4,64,0,68,86,29,103,0,218,12,0,12,230
01/23/2011,BUR,CA,AWP,WE,Towers with Radar,127,22,38,0,187,0,0,61,0,61,127,22,99,0,248,60,0,60,308
01/24/2011,BUR,CA,AWP,WE,Towers with Radar,134,54,43,0,231,0,7,71,2,80,134,61,114,2,311,56,0,56,367
01/25/2011,BUR,CA,AWP,WE,Towers with Radar,132,63,39,0,234,0,8,78,2,88,132,71,117,2,322,74,0,74,396
01/26/2011,BUR,CA,AWP,WE,Towers with Radar,136,71,38,0,245,0,10,50,1,61,136,81,88,1,306,22,0,22,328
01/27/2011,BUR,CA,AWP,WE,Towers with Radar,138,62,45,0,245,0,9,83,0,92,138,71,128,0,337,103,0,103,440
01/28/2011,BUR,CA,AWP,WE,Towers with Radar,138,67,54,0,259,0,13,110,0,123,138,80,164,0,382,147,0,147,529
01/29/2011,BUR,CA,AWP,WE,Towers with Radar,83,31,34,0,148,0,4,79,0,83,83,35,113,0,231,4,0,4,235
01/30/2011,BUR,CA,AWP,WE,Towers with Radar,121,34,63,0,218,0,0,30,0,30,121,34,93,0,248,26,0,26,274
01/31/2011,BUR,CA,AWP,WE,Towers with Radar,132,52,45,2,231,0,7,72,2,81,132,59,117,4,312,101,0,101,413
02/01/2011,BUR,CA,AWP,WE,Towers with Radar,126,58,36,0,220,0,11,92,0,103,126,69,128,0,323,180,0,180,503
02/02/2011,BUR,CA,AWP,WE,Towers with Radar,134,58,37,0,229,0,14,35,1,50,134,72,72,1,279,188,0,188,467
02/03/2011,BUR,CA,AWP,WE,Towers with Radar,136,69,46,0,251,0,10,98,0,108,136,79,144,0,359,144,0,144,503
02/04/2011,BUR,CA,AWP,WE,Towers with Radar,134,71,51,0,256,0,6,78,1,85,134,77,129,1,341,146,0,146,487
02/05/2011,BUR,CA,AWP,WE,Towers with Radar,83,24,40,0,147,0,3,52,0,55,83,27,92,0,202,12,0,12,214
02/06/2011,BUR,CA,AWP,WE,Towers with Radar,123,31,47,9,210,0,0,75,0,75,123,31,122,9,285,167,0,167,452
02/07/2011,BUR,CA,AWP,WE,Towers with Radar,137,54,57,12,260,0,9,77,0,86,137,63,134,12,346,216,0,216,562
02/08/2011,BUR,CA,AWP,WE,Towers with Radar,132,61,39,12,244,0,6,66,0,72,132,67,105,12,316,192,0,192,508
02/09/2011,BUR,CA,AWP,WE,Towers with Radar,136,64,50,4,254,0,9,66,1,76,136,73,116,5,330,184,0,184,514
02/10/2011,BUR,CA,AWP,WE,Towers with Radar,135,58,52,0,245,0,13,87,0,100,135,71,139,0,345,30,0,30,375
02/11/2011,BUR,CA,AWP,WE,Towers with Radar,134,60,54,0,248,0,12,83,0,95,134,72,137,0,343,110,0,110,453
02/12/2011,BUR,CA,AWP,WE,Towers with Radar,81,25,39,0,145,0,5,92,0,97,81,30,131,0,242,54,0,54,296
02/13/2011,BUR,CA,AWP,WE,Towers with Radar,115,35,25,1,176,0,1,86,0,87,115,36,111,1,263,106,0,106,369
02/14/2011,BUR,CA,AWP,WE,Towers with Radar,132,56,47,0,235,0,10,81,0,91,132,66,128,0,326,38,0,38,364
02/15/2011,BUR,CA,AWP,WE,Towers with Radar,132,63,54,0,249,0,0,35,0,35,132,63,89,0,284,108,0,108,392
02/16/2011,BUR,CA,AWP,WE,Towers with Radar,134,57,40,0,231,0,5,23,0,28,134,62,63,0,259,12,0,12,271
02/17/2011,BUR,CA,AWP,WE,Towers with Radar,136,67,50,0,253,0,5,56,0,61,136,72,106,0,314,82,0,82,396
02/18/2011,BUR,CA,AWP,WE,Towers with Radar,124,76,47,0,247,0,0,27,1,28,124,76,74,1,275,42,0,42,317
02/19/2011,BUR,CA,AWP,WE,Towers with Radar,89,32,31,0,152,0,2,23,0,25,89,34,54,0,177,6,0,6,183
02/20/2011,BUR,CA,AWP,WE,Towers with Radar,113,28,40,0,181,0,1,82,0,83,113,29,122,0,264,100,0,100,364
02/21/2011,BUR,CA,AWP,WE,Towers with Radar,134,47,55,0,236,0,4,64,0,68,134,51,119,0,304,48,0,48,352
02/22/2011,BUR,CA,AWP,WE,Towers with Radar,130,66,40,0,236,0,4,93,0,97,130,70,133,0,333,12,0,12,345
02/23/2011,BUR,CA,AWP,WE,Towers with Radar,132,75,45,0,252,0,4,81,0,85,132,79,126,0,337,106,0,106,443
02/24/2011,BUR,CA,AWP,WE,Towers with Radar,137,80,44,0,261,0,6,49,2,57,137,86,93,2,318,148,0,148,466
02/25/2011,BUR,CA,AWP,WE,Towers with Radar,127,68,48,0,243,0,1,22,0,23,127,69,70,0,266,136,0,136,402
02/26/2011,BUR,CA,AWP,WE,Towers with Radar,91,26,36,0,153,0,0,37,0,37,91,26,73,0,190,24,0,24,214
02/27/2011,BUR,CA,AWP,WE,Towers with Radar,112,30,32,0,174,0,0,72,0,72,112,30,104,0,246,44,0,44,290
02/28/2011,BUR,CA,AWP,WE,Towers with Radar,134,70,44,0,248,25,9,49,0,83,159,79,93,0,331,186,0,186,517
03/01/2011,BUR,CA,AWP,WE,Towers with Radar,129,64,31,1,225,0,9,99,0,108,129,73,130,1,333,128,0,128,461
03/02/2011,BUR,CA,AWP,WE,Towers with Radar,135,68,41,1,245,0,3,84,1,88,135,71,125,2,333,154,0,154,487
03/03/2011,BUR,CA,AWP,WE,Towers with Radar,138,74,40,1,253,0,8,63,0,71,138,82,103,1,324,18,0,18,342
03/04/2011,BUR,CA,AWP,WE,Towers with Radar,130,74,37,0,241,0,9,81,0,90,130,83,118,0,331,72,0,72,403
03/05/2011,BUR,CA,AWP,WE,Towers with Radar,86,34,25,0,145,0,1,108,0,109,86,35,133,0,254,92,0,92,346
03/06/2011,BUR,CA,AWP,WE,Towers with Radar,116,34,46,0,196,4,0,56,0,60,120,34,102,0,256,6,0,6,262
03/07/2011,BUR,CA,AWP,WE,Towers with Radar,132,58,34,1,225,0,6,42,0,48,132,64,76,1,273,36,0,36,309
03/08/2011,BUR,CA,AWP,WE,Towers with Radar,136,67,45,0,248,0,10,59,0,69,136,77,104,0,317,56,0,56,373
03/09/2011,BUR,CA,AWP,WE,Towers with Radar,138,63,46,0,247,0,11,87,0,98,138,74,133,0,345,122,0,122,467
03/10/2011,BUR,CA,AWP,WE,Towers with Radar,138,71,37,0,246,0,9,67,0,76,138,80,104,0,322,36,0,36,358
03/11/2011,BUR,CA,AWP,WE,Towers with Radar,135,72,42,0,249,0,9,86,0,95,135,81,128,0,344,138,0,138,482
03/12/2011,BUR,CA,AWP,WE,Towers with Radar,94,24,20,0,138,0,0,49,0,49,94,24,69,0,187,13,0,13,200
03/13/2011,BUR,CA,AWP,WE,Towers with Radar,117,28,33,0,178,0,0,59,0,59,117,28,92,0,237,78,0,78,315
03/14/2011,BUR,CA,AWP,WE,Towers with Radar,136,51,40,2,229,0,7,45,0,52,136,58,85,2,281,4,0,4,285
03/15/2011,BUR,CA,AWP,WE,Towers with Radar,138,58,35,0,231,0,9,61,0,70,138,67,96,0,301,6,0,6,307
03/16/2011,BUR,CA,AWP,WE,Towers with Radar,139,62,42,0,243,0,8,70,0,78,139,70,112,0,321,52,0,52,373
03/17/2011,BUR,CA,AWP,WE,Towers with Radar,140,66,36,0,242,0,9,50,0,59,140,75,86,0,301,17,0,17,318
03/18/2011,BUR,CA,AWP,WE,Towers with Radar,132,57,43,0,232,0,11,92,0,103,132,68,135,0,335,98,0,98,433
03/19/2011,BUR,CA,AWP,WE,Towers with Radar,99,27,23,0,149,0,0,46,0,46,99,27,69,0,195,72,0,72,267
03/20/2011,BUR,CA,AWP,WE,Towers with Radar,53,23,19,0,95,0,0,9,0,9,53,23,28,0,104,0,0,0,104
03/21/2011,BUR,CA,AWP,WE,Towers with Radar,138,54,36,0,228,0,4,37,0,41,138,58,73,0,269,52,0,52,321
03/22/2011,BUR,CA,AWP,WE,Towers with Radar,135,50,62,0,247,0,7,84,0,91,135,57,146,0,338,0,0,0,338
03/23/2011,BUR,CA,AWP,WE,Towers with Radar,133,64,39,1,237,0,1,27,2,30,133,65,66,3,267,20,0,20,287
03/24/2011,BUR,CA,AWP,WE,Towers with Radar,138,67,40,0,245,0,2,45,0,47,138,69,85,0,292,84,0,84,376
03/25/2011,BUR,CA,AWP,WE,Towers with Radar,136,52,44,0,232,0,5,59,0,64,136,57,103,0,296,132,0,132,428
03/26/2011,BUR,CA,AWP,WE,Towers with Radar,95,33,28,0,156,0,1,67,0,68,95,34,95,0,224,84,0,84,308
03/27/2011,BUR,CA,AWP,WE,Towers with Radar,118,34,50,0,202,0,0,61,0,61,118,34,111,0,263,78,0,78,341
03/28/2011,BUR,CA,AWP,WE,Towers with Radar,140,66,41,2,249,0,8,84,0,92,140,74,125,2,341,82,0,82,423
03/29/2011,BUR,CA,AWP,WE,Towers with Radar,135,65,55,0,255,2,6,71,0,79,137,71,126,0,334,81,0,81,415
03/30/2011,BUR,CA,AWP,WE,Towers with Radar,138,63,56,2,259,0,5,80,0,85,138,68,136,2,344,128,0,128,472
03/31/2011,BUR,CA,AWP,WE,Towers with Radar,140,61,63,1,265,0,7,85,1,93,140,68,148,2,358,137,0,137,495
04/01/2011,BUR,CA,AWP,WE,Towers with Radar,138,62,51,0,251,0,9,77,0,86,138,71,128,0,337,24,0,24,361
04/02/2011,BUR,CA,AWP,WE,Towers with Radar,89,22,53,0,164,0,0,42,0,42,89,22,95,0,206,34,0,34,240
04/03/2011,BUR,CA,AWP,WE,Towers with Radar,121,28,45,0,194,0,0,36,0,36,121,28,81,0,230,0,0,0,230
04/04/2011,BUR,CA,AWP,WE,Towers with Radar,134,50,27,2,213,0,10,81,2,93,134,60,108,4,306,63,0,63,369
04/05/2011,BUR,CA,AWP,WE,Towers with Radar,137,51,43,0,231,0,7,94,0,101,137,58,137,0,332,46,0,46,378
04/06/2011,BUR,CA,AWP,WE,Towers with Radar,132,54,51,0,237,0,5,49,0,54,132,59,100,0,291,72,0,72,363
04/07/2011,BUR,CA,AWP,WE,Towers with Radar,139,56,26,0,221,0,3,43,0,46,139,59,69,0,267,42,0,42,309
04/08/2011,BUR,CA,AWP,WE,Towers with Radar,137,61,32,0,230,0,3,44,0,47,137,64,76,0,277,30,0,30,307
04/09/2011,BUR,CA,AWP,WE,Towers with Radar,99,28,25,0,152,0,4,26,1,31,99,32,51,1,183,24,0,24,207
04/10/2011,BUR,CA,AWP,WE,Towers with Radar,120,29,39,0,188,0,0,69,0,69,120,29,108,0,257,86,0,86,343
04/11/2011,BUR,CA,AWP,WE,Towers with Radar,130,43,33,0,206,0,7,62,4,73,130,50,95,4,279,38,0,38,317
04/12/2011,BUR,CA,AWP,WE,Towers with Radar,136,56,42,0,234,0,5,93,2,100,136,61,135,2,334,94,0,94,428
04/13/2011,BUR,CA,AWP,WE,Towers with Radar,136,60,42,0,238,0,4,65,4,73,136,64,107,4,311,122,0,122,433
04/14/2011,BUR,CA,AWP,WE,Towers with Radar,135,69,33,0,237,0,6,91,1,98,135,75,124,1,335,36,0,36,371
04/15/2011,BUR,CA,AWP,WE,Towers with Radar,134,65,48,0,247,0,9,68,0,77,134,74,116,0,324,38,0,38,362
04/16/2011,BUR,CA,AWP,WE,Towers with Radar,99,22,32,3,156,0,1,102,0,103,99,23,134,3,259,8,0,8,267
04/17/2011,BUR,CA,AWP,WE,Towers with Radar,123,31,37,0,191,0,0,79,0,79,123,31,116,0,270,19,0,19,289
04/18/2011,BUR,CA,AWP,WE,Towers with Radar,132,50,35,0,217,0,1,63,0,64,132,51,98,0,281,52,0,52,333
04/19/2011,BUR,CA,AWP,WE,Towers with Radar,135,61,37,0,233,0,3,57,0,60,135,64,94,0,293,13,0,13,306
04/20/2011,BUR,CA,AWP,WE,Towers with Radar,136,61,45,0,242,0,3,69,0,72,136,64,114,0,314,224,0,224,538
04/21/2011,BUR,CA,AWP,WE,Towers with Radar,141,67,63,0,271,0,1,30,0,31,141,68,93,0,302,52,0,52,354
04/22/2011,BUR,CA,AWP,WE,Towers with Radar,135,68,40,2,245,0,2,102,1,105,135,70,142,3,350,62,0,62,412
04/23/2011,BUR,CA,AWP,WE,Towers with Radar,99,22,42,0,163,0,0,79,0,79,99,22,121,0,242,169,0,169,411
04/24/2011,BUR,CA,AWP,WE,Towers with Radar,121,29,35,0,185,0,0,32,0,32,121,29,67,0,217,56,0,56,273
04/25/2011,BUR,CA,AWP,WE,Towers with Radar,130,48,41,0,219,0,22,80,1,103,130,70,121,1,322,39,0,39,361
04/26/2011,BUR,CA,AWP,WE,Towers with Radar,122,48,39,0,209,0,6,51,0,57,122,54,90,0,266,6,0,6,272
04/27/2011,BUR,CA,AWP,WE,Towers with Radar,132,54,29,0,215,0,13,64,0,77,132,67,93,0,292,29,0,29,321
04/28/2011,BUR,CA,AWP,WE,Towers with Radar,132,66,51,0,249,0,9,93,0,102,132,75,144,0,351,63,0,63,414
04/29/2011,BUR,CA,AWP,WE,Towers with Radar,132,58,50,0,240,0,8,59,0,67,132,66,109,0,307,0,0,0,307
04/30/2011,BUR,CA,AWP,WE,Towers with Radar,100,23,23,0,146,0,4,29,0,33,100,27,52,0,179,24,0,24,203
05/01/2011,BUR,CA,AWP,WE,Towers with Radar,125,29,38,0,192,0,6,54,0,60,125,35,92,0,252,8,0,8,260
05/02/2011,BUR,CA,AWP,WE,Towers with Radar,135,48,37,1,221,0,13,55,1,69,135,61,92,2,290,70,0,70,360
05/03/2011,BUR,CA,AWP,WE,Towers with Radar,139,65,42,0,246,0,7,74,0,81,139,72,116,0,327,14,0,14,341
05/04/2011,BUR,CA,AWP,WE,Towers with Radar,135,58,39,0,232,0,8,80,2,90,135,66,119,2,322,116,0,116,438
05/05/2011,BUR,CA,AWP,WE,Towers with Radar,135,60,46,0,241,0,6,59,0,65,135,66,105,0,306,22,0,22,328
05/06/2011,BUR,CA,AWP,WE,Towers with Radar,134,62,49,0,245,0,7,76,1,84,134,69,125,1,329,66,0,66,395
05/07/2011,BUR,CA,AWP,WE,Towers with Radar,96,29,38,0,163,0,2,58,0,60,96,31,96,0,223,64,0,64,287
05/08/2011,BUR,CA,AWP,WE,Towers with Radar,128,34,41,0,203,0,0,25,0,25,128,34,66,0,228,52,0,52,280
05/09/2011,BUR,CA,AWP,WE,Towers with Radar,133,57,20,0,210,0,4,38,2,44,133,61,58,2,254,18,0,18,272
05/10/2011,BUR,CA,AWP,WE,Towers with Radar,134,54,49,1,238,0,6,60,4,70,134,60,109,5,308,6,0,6,314
05/11/2011,BUR,CA,AWP,WE,Towers with Radar,129,56,39,0,224,0,7,62,0,69,129,63,101,0,293,40,0,40,333
05/12/2011,BUR,CA,AWP,WE,Towers with Radar,142,60,33,0,235,0,5,66,0,71,142,65,99,0,306,48,0,48,354
05/13/2011,BUR,CA,AWP,WE,Towers with Radar,139,54,44,1,238,0,10,95,1,106,139,64,139,2,344,58,0,58,402
05/14/2011,BUR,CA,AWP,WE,Towers with Radar,93,36,38,0,167,0,0,75,0,75,93,36,113,0,242,30,0,30,272
05/15/2011,BUR,CA,AWP,WE,Towers with Radar,123,46,41,0,210,0,0,50,0,50,123,46,91,0,260,2,0,2,262
05/16/2011,BUR,CA,AWP,WE,Towers with Radar,128,49,30,0,207,0,3,66,4,73,128,52,96,4,280,6,0,6,286
05/17/2011,BUR,CA,AWP,WE,Towers with Radar,129,72,42,0,243,0,3,22,1,26,129,75,64,1,269,0,0,0,269
05/18/2011,BUR,CA,AWP,WE,Towers with Radar,127,65,50,0,242,0,3,41,0,44,127,68,91,0,286,28,0,28,314
05/19/2011,BUR,CA,AWP,WE,Towers with Radar,136,56,44,0,236,0,6,67,0,73,136,62,111,0,309,58,0,58,367
05/20/2011,BUR,CA,AWP,WE,Towers with Radar,127,58,52,0,237,0,8,83,0,91,127,66,135,0,328,12,0,12,340
05/21/2011,BUR,CA,AWP,WE,Towers with Radar,96,44,27,1,168,0,2,47,0,49,96,46,74,1,217,32,0,32,249
05/22/2011,BUR,CA,AWP,WE,Towers with Radar,120,47,38,0,205,0,0,44,0,44,120,47,82,0,249,52,0,52,301
05/23/2011,BUR,CA,AWP,WE,Towers with Radar,126,51,48,0,225,0,5,69,0,74,126,56,117,0,299,89,0,89,388
05/24/2011,BUR,CA,AWP,WE,Towers with Radar,125,55,46,1,227,0,14,102,0,116,125,69,148,1,343,68,0,68,411
05/25/2011,BUR,CA,AWP,WE,Towers with Radar,122,74,44,1,241,0,5,64,2,71,122,79,108,3,312,16,0,16,328
05/26/2011,BUR,CA,AWP,WE,Towers with Radar,131,65,39,0,235,0,4,64,0,68,131,69,103,0,303,6,0,6,309
05/27/2011,BUR,CA,AWP,WE,Towers with Radar,124,63,30,0,217,0,11,70,0,81,124,74,100,0,298,82,0,82,380
05/28/2011,BUR,CA,AWP,WE,Towers with Radar,90,29,22,2,143,0,3,50,0,53,90,32,72,2,196,6,0,6,202
05/29/2011,BUR,CA,AWP,WE,Towers with Radar,77,31,15,0,123,0,16,33,0,49,77,47,48,0,172,18,0,18,190
05/30/2011,BUR,CA,AWP,WE,Towers with Radar,117,42,32,0,191,0,1,95,2,98,117,43,127,2,289,14,0,14,303
05/31/2011,BUR,CA,AWP,WE,Towers with Radar,125,57,31,3,216,0,7,75,1,83,125,64,106,4,299,72,0,72,371
06/01/2011,BUR,CA,AWP,WE,Towers with Radar,126,70,50,0,246,0,5,60,0,65,126,75,110,0,311,80,0,80,391
06/02/2011,BUR,CA,AWP,WE,Towers with Radar,134,69,49,0,252,0,10,71,0,81,134,79,120,0,333,32,0,32,365
06/03/2011,BUR,CA,AWP,WE,Towers with Radar,129,65,40,1,235,0,15,79,0,94,129,80,119,1,329,16,0,16,345
06/04/2011,BUR,CA,AWP,WE,Towers with Radar,93,40,50,1,184,0,4,71,0,75,93,44,121,1,259,58,0,58,317
06/05/2011,BUR,CA,AWP,WE,Towers with Radar,121,40,53,0,214,0,1,42,0,43,121,41,95,0,257,22,0,22,279
06/06/2011,BUR,CA,AWP,WE,Towers with Radar,133,54,28,0,215,0,4,75,1,80,133,58,103,1,295,98,0,98,393
06/07/2011,BUR,CA,AWP,WE,Towers with Radar,136,58,48,0,242,0,7,52,2,61,136,65,100,2,303,0,0,0,303
06/08/2011,BUR,CA,AWP,WE,Towers with Radar,138,69,35,1,243,0,1,33,0,34,138,70,68,1,277,84,0,84,361
06/09/2011,BUR,CA,AWP,WE,Towers with Radar,134,63,32,0,229,0,2,32,0,34,134,65,64,0,263,53,0,53,316
06/10/2011,BUR,CA,AWP,WE,Towers with Radar,135,68,53,0,256,0,3,61,0,64,135,71,114,0,320,6,0,6,326
06/11/2011,BUR,CA,AWP,WE,Towers with Radar,96,43,39,0,178,0,1,29,0,30,96,44,68,0,208,44,0,44,252
06/12/2011,BUR,CA,AWP,WE,Towers with Radar,121,36,48,0,205,0,0,43,0,43,121,36,91,0,248,116,0,116,364
06/13/2011,BUR,CA,AWP,WE,Towers with Radar,133,62,33,0,228,0,3,66,1,70,133,65,99,1,298,40,0,40,338
06/14/2011,BUR,CA,AWP,WE,Towers with Radar,135,55,36,1,227,0,5,87,4,96,135,60,123,5,323,15,0,15,338
06/15/2011,BUR,CA,AWP,WE,Towers with Radar,133,65,44,1,243,0,4,69,3,76,133,69,113,4,319,106,0,106,425
06/16/2011,BUR,CA,AWP,WE,Towers with Radar,138,72,43,0,253,0,5,39,0,44,138,77,82,0,297,58,0,58,355
06/17/2011,BUR,CA,AWP,WE,Towers with Radar,134,67,47,1,249,0,3,46,0,49,134,70,93,1,298,24,0,24,322
06/18/2011,BUR,CA,AWP,WE,Towers with Radar,98,38,24,0,160,0,0,43,1,44,98,38,67,1,204,26,0,26,230
06/19/2011,BUR,CA,AWP,WE,Towers with Radar,118,48,31,0,197,0,0,33,0,33,118,48,64,0,230,8,0,8,238
06/20/2011,BUR,CA,AWP,WE,Towers with Radar,134,54,27,1,216,0,9,54,5,68,134,63,81,6,284,0,0,0,284
06/21/2011,BUR,CA,AWP,WE,Towers with Radar,132,55,38,1,226,0,5,71,2,78,132,60,109,3,304,16,0,16,320
06/22/2011,BUR,CA,AWP,WE,Towers with Radar,140,67,52,0,259,0,4,63,0,67,140,71,115,0,326,64,0,64,390
06/23/2011,BUR,CA,AWP,WE,Towers with Radar,138,70,51,0,259,0,1,56,0,57,138,71,107,0,316,38,0,38,354
06/24/2011,BUR,CA,AWP,WE,Towers with Radar,134,62,35,0,231,0,4,62,0,66,134,66,97,0,297,2,0,2,299
06/25/2011,BUR,CA,AWP,WE,Towers with Radar,90,33,21,0,144,0,6,50,0,56,90,39,71,0,200,38,0,38,238
06/26/2011,BUR,CA,AWP,WE,Towers with Radar,121,35,27,0,183,0,0,43,0,43,121,35,70,0,226,12,0,12,238
06/27/2011,BUR,CA,AWP,WE,Towers with Radar,135,61,27,0,223,0,7,38,3,48,135,68,65,3,271,0,0,0,271
06/28/2011,BUR,CA,AWP,WE,Towers with Radar,140,60,30,0,230,0,5,48,0,53,140,65,78,0,283,22,0,22,305
06/29/2011,BUR,CA,AWP,WE,Towers with Radar,134,66,44,0,244,0,9,44,0,53,134,75,88,0,297,22,0,22,319
06/30/2011,BUR,CA,AWP,WE,Towers with Radar,138,57,30,0,225,0,8,69,0,77,138,65,99,0,302,14,0,14,316
07/01/2011,BUR,CA,AWP,WE,Towers with Radar,133,53,46,0,232,0,5,74,2,81,133,58,120,2,313,102,0,102,415
07/02/2011,BUR,CA,AWP,WE,Towers with Radar,98,31,27,0,156,0,2,68,0,70,98,33,95,0,226,56,0,56,282
07/03/2011,BUR,CA,AWP,WE,Towers with Radar,83,24,13,1,121,0,0,48,0,48,83,24,61,1,169,6,0,6,175
07/04/2011,BUR,CA,AWP,WE,Towers with Radar,122,29,12,0,163,0,0,53,1,54,122,29,65,1,217,44,0,44,261
07/05/2011,BUR,CA,AWP,WE,Towers with Radar,139,46,30,0,215,0,8,77,0,85,139,54,107,0,300,30,0,30,330
07/06/2011,BUR,CA,AWP,WE,Towers with Radar,131,54,43,0,228,0,12,63,0,75,131,66,106,0,303,18,0,18,321
07/07/2011,BUR,CA,AWP,WE,Towers with Radar,137,57,27,0,221,0,6,63,0,69,137,63,90,0,290,16,0,16,306
07/08/2011,BUR,CA,AWP,WE,Towers with Radar,134,58,32,0,224,0,8,80,3,91,134,66,112,3,315,82,0,82,397
07/09/2011,BUR,CA,AWP,WE,Towers with Radar,98,34,33,0,165,0,2,75,0,77,98,36,108,0,242,26,0,26,268
07/10/2011,BUR,CA,AWP,WE,Towers with Radar,118,38,38,0,194,0,1,53,1,55,118,39,91,1,249,118,0,118,367
07/11/2011,BUR,CA,AWP,WE,Towers with Radar,130,47,36,2,215,0,7,59,0,66,130,54,95,2,281,36,0,36,317
07/12/2011,BUR,CA,AWP,WE,Towers with Radar,137,56,43,0,236,0,6,61,0,67,137,62,104,0,303,60,0,60,363
07/13/2011,BUR,CA,AWP,WE,Towers with Radar,133,62,43,0,238,0,5,71,0,76,133,67,114,0,314,164,0,164,478
07/14/2011,BUR,CA,AWP,WE,Towers with Radar,142,52,71,1,266,0,4,55,0,59,142,56,126,1,325,20,0,20,345
07/15/2011,BUR,CA,AWP,WE,Towers with Radar,133,60,50,3,246,0,6,70,4,80,133,66,120,7,326,46,0,46,372
07/16/2011,BUR,CA,AWP,WE,Towers with Radar,100,40,18,0,158,0,2,69,1,72,100,42,87,1,230,68,0,68,298
07/17/2011,BUR,CA,AWP,WE,Towers with Radar,120,45,37,0,202,0,0,52,0,52,120,45,89,0,254,20,0,20,274
07/18/2011,BUR,CA,AWP,WE,Towers with Radar,131,59,21,1,212,0,4,101,0,105,131,63,122,1,317,46,0,46,363
07/19/2011,BUR,CA,AWP,WE,Towers with Radar,140,60,31,1,232,0,7,71,3,81,140,67,102,4,313,52,0,52,365
07/20/2011,BUR,CA,AWP,WE,Towers with Radar,132,58,55,0,245,0,7,86,0,93,132,65,141,0,338,64,0,64,402
07/21/2011,BUR,CA,AWP,WE,Towers with Radar,146,58,52,2,258,0,6,70,0,76,146,64,122,2,334,62,0,62,396
07/22/2011,BUR,CA,AWP,WE,Towers with Radar,132,71,59,0,262,0,5,41,0,46,132,76,100,0,308,64,0,64,372
07/23/2011,BUR,CA,AWP,WE,Towers with Radar,96,35,37,0,168,0,5,54,0,59,96,40,91,0,227,20,0,20,247
07/24/2011,BUR,CA,AWP,WE,Towers with Radar,121,42,31,0,194,0,1,48,0,49,121,43,79,0,243,62,0,62,305
07/25/2011,BUR,CA,AWP,WE,Towers with Radar,137,52,37,0,226,0,4,56,0,60,137,56,93,0,286,54,0,54,340
07/26/2011,BUR,CA,AWP,WE,Towers with Radar,137,62,28,0,227,0,4,81,0,85,137,66,109,0,312,54,0,54,366
07/27/2011,BUR,CA,AWP,WE,Towers with Radar,131,64,46,0,241,0,4,49,0,53,131,68,95,0,294,20,0,20,314
07/28/2011,BUR,CA,AWP,WE,Towers with Radar,136,65,43,0,244,0,3,46,0,49,136,68,89,0,293,56,0,56,349
07/29/2011,BUR,CA,AWP,WE,Towers with Radar,132,63,38,0,233,0,7,41,0,48,132,70,79,0,281,6,0,6,287
07/30/2011,BUR,CA,AWP,WE,Towers with Radar,96,35,14,0,145,0,3,48,2,53,96,38,62,2,198,12,0,12,210
07/31/2011,BUR,CA,AWP,WE,Towers with Radar,122,35,34,0,191,0,0,61,0,61,122,35,95,0,252,82,0,82,334
08/01/2011,BUR,CA,AWP,WE,Towers with Radar,136,58,27,0,221,0,6,71,1,78,136,64,98,1,299,54,0,54,353
08/02/2011,BUR,CA,AWP,WE,Towers with Radar,141,61,39,0,241,0,4,63,0,67,141,65,102,0,308,64,0,64,372
08/03/2011,BUR,CA,AWP,WE,Towers with Radar,137,62,38,0,237,0,6,40,5,51,137,68,78,5,288,79,0,79,367
08/04/2011,BUR,CA,AWP,WE,Towers with Radar,138,77,37,0,252,0,9,56,0,65,138,86,93,0,317,32,0,32,349
08/05/2011,BUR,CA,AWP,WE,Towers with Radar,131,61,30,0,222,0,10,64,0,74,131,71,94,0,296,26,0,26,322
08/06/2011,BUR,CA,AWP,WE,Towers with Radar,98,39,31,0,168,0,2,67,1,70,98,41,98,1,238,6,0,6,244
08/07/2011,BUR,CA,AWP,WE,Towers with Radar,124,44,55,0,223,0,0,32,0,32,124,44,87,0,255,0,0,0,255
08/08/2011,BUR,CA,AWP,WE,Towers with Radar,136,55,41,0,232,0,4,28,0,32,136,59,69,0,264,2,0,2,266
08/09/2011,BUR,CA,AWP,WE,Towers with Radar,138,64,59,0,261,0,5,78,0,83,138,69,137,0,344,72,0,72,416
08/10/2011,BUR,CA,AWP,WE,Towers with Radar,133,61,54,0,248,0,6,46,0,52,133,67,100,0,300,56,0,56,356
08/11/2011,BUR,CA,AWP,WE,Towers with Radar,139,55,52,0,246,0,8,40,0,48,139,63,92,0,294,32,0,32,326
08/12/2011,BUR,CA,AWP,WE,Towers with Radar,135,73,31,0,239,0,6,60,0,66,135,79,91,0,305,64,0,64,369
08/13/2011,BUR,CA,AWP,WE,Towers with Radar,97,35,27,0,159,0,0,50,0,50,97,35,77,0,209,42,0,42,251
08/14/2011,BUR,CA,AWP,WE,Towers with Radar,121,51,37,0,209,0,0,52,0,52,121,51,89,0,261,86,0,86,347
08/15/2011,BUR,CA,AWP,WE,Towers with Radar,143,52,44,0,239,0,5,59,0,64,143,57,103,0,303,50,0,50,353
08/16/2011,BUR,CA,AWP,WE,Towers with Radar,138,67,31,1,237,0,4,75,3,82,138,71,106,4,319,86,0,86,405
08/17/2011,BUR,CA,AWP,WE,Towers with Radar,142,59,54,2,257,0,8,92,0,100,142,67,146,2,357,92,0,92,449
08/18/2011,BUR,CA,AWP,WE,Towers with Radar,142,59,55,0,256,0,7,68,0,75,142,66,123,0,331,104,0,104,435
08/19/2011,BUR,CA,AWP,WE,Towers with Radar,135,55,44,0,234,0,5,65,2,72,135,60,109,2,306,56,0,56,362
08/20/2011,BUR,CA,AWP,WE,Towers with Radar,106,41,33,0,180,0,4,48,0,52,106,45,81,0,232,18,0,18,250
08/21/2011,BUR,CA,AWP,WE,Towers with Radar,124,33,40,0,197,0,0,41,1,42,124,33,81,1,239,24,0,24,263
08/22/2011,BUR,CA,AWP,WE,Towers with Radar,142,51,36,0,229,0,15,48,0,63,142,66,84,0,292,52,0,52,344
08/23/2011,BUR,CA,AWP,WE,Towers with Radar,146,67,48,1,262,0,6,64,2,72,146,73,112,3,334,20,0,20,354
08/24/2011,BUR,CA,AWP,WE,Towers with Radar,148,69,61,1,279,0,12,97,1,110,148,81,158,2,389,40,0,40,429
08/25/2011,BUR,CA,AWP,WE,Towers with Radar,147,65,51,2,265,0,9,67,1,77,147,74,118,3,342,50,0,50,392
08/26/2011,BUR,CA,AWP,WE,Towers with Radar,136,69,33,0,238,0,11,102,0,113,136,80,135,0,351,47,0,47,398
08/27/2011,BUR,CA,AWP,WE,Towers with Radar,103,36,30,0,169,0,3,68,0,71,103,39,98,0,240,2,0,2,242
08/28/2011,BUR,CA,AWP,WE,Towers with Radar,121,37,22,0,180,0,1,60,0,61,121,38,82,0,241,30,0,30,271
08/29/2011,BUR,CA,AWP,WE,Towers with Radar,138,60,25,0,223,0,5,36,0,41,138,65,61,0,264,0,0,0,264
08/30/2011,BUR,CA,AWP,WE,Towers with Radar,145,54,39,0,238,0,6,81,0,87,145,60,120,0,325,56,0,56,381
08/31/2011,BUR,CA,AWP,WE,Towers with Radar,150,49,37,0,236,0,10,73,0,83,150,59,110,0,319,26,0,26,345
09/01/2011,BUR,CA,AWP,WE,Towers with Radar,151,52,46,0,249,0,9,67,1,77,151,61,113,1,326,50,0,50,376
09/02/2011,BUR,CA,AWP,WE,Towers with Radar,145,54,45,0,244,0,5,62,0,67,145,59,107,0,311,2,0,2,313
09/03/2011,BUR,CA,AWP,WE,Towers with Radar,94,26,14,0,134,0,0,72,0,72,94,26,86,0,206,14,0,14,220
09/04/2011,BUR,CA,AWP,WE,Towers with Radar,104,20,27,0,151,0,1,31,0,32,104,21,58,0,183,8,0,8,191
09/05/2011,BUR,CA,AWP,WE,Towers with Radar,119,37,39,0,195,0,1,51,0,52,119,38,90,0,247,18,0,18,265
09/06/2011,BUR,CA,AWP,WE,Towers with Radar,154,47,45,0,246,0,6,71,1,78,154,53,116,1,324,88,0,88,412
09/07/2011,BUR,CA,AWP,WE,Towers with Radar,146,59,35,0,240,0,7,67,1,75,146,66,102,1,315,24,0,24,339
09/08/2011,BUR,CA,AWP,WE,Towers with Radar,148,60,35,0,243,0,8,43,0,51,148,68,78,0,294,6,0,6,300
09/09/2011,BUR,CA,AWP,WE,Towers with Radar,142,66,29,0,237,0,3,52,2,57,142,69,81,2,294,10,0,10,304
09/10/2011,BUR,CA,AWP,WE,Towers with Radar,91,30,29,0,150,0,1,48,0,49,91,31,77,0,199,18,0,18,217
09/11/2011,BUR,CA,AWP,WE,Towers with Radar,127,39,40,0,206,0,0,40,0,40,127,39,80,0,246,30,0,30,276
09/12/2011,BUR,CA,AWP,WE,Towers with Radar,142,56,38,0,236,0,4,76,0,80,142,60,114,0,316,72,0,72,388
09/13/2011,BUR,CA,AWP,WE,Towers with Radar,141,64,27,0,232,0,2,67,0,69,141,66,94,0,301,132,0,132,433
09/14/2011,BUR,CA,AWP,WE,Towers with Radar,146,62,31,0,239,0,9,69,1,79,146,71,100,1,318,92,0,92,410
09/15/2011,BUR,CA,AWP,WE,Towers with Radar,146,65,53,0,264,0,5,67,0,72,146,70,120,0,336,92,0,92,428
09/16/2011,BUR,CA,AWP,WE,Towers with Radar,141,78,68,0,287,0,1,47,0,48,141,79,115,0,335,66,0,66,401
09/17/2011,BUR,CA,AWP,WE,Towers with Radar,100,35,41,1,177,0,1,43,0,44,100,36,84,1,221,12,0,12,233
09/18/2011,BUR,CA,AWP,WE,Towers with Radar,126,48,31,0,205,0,0,44,0,44,126,48,75,0,249,46,0,46,295
09/19/2011,BUR,CA,AWP,WE,Towers with Radar,144,73,38,0,255,0,7,43,0,50,144,80,81,0,305,68,0,68,373
09/20/2011,BUR,CA,AWP,WE,Towers with Radar,138,55,58,0,251,0,2,56,0,58,138,57,114,0,309,0,0,0,309
09/21/2011,BUR,CA,AWP,WE,Towers with Radar,150,67,38,0,255,0,3,44,0,47,150,70,82,0,302,18,0,18,320
09/22/2011,BUR,CA,AWP,WE,Towers with Radar,142,70,56,0,268,0,6,64,0,70,142,76,120,0,338,18,0,18,356
09/23/2011,BUR,CA,AWP,WE,Towers with Radar,141,69,41,0,251,0,4,49,1,54,141,73,90,1,305,82,0,82,387
09/24/2011,BUR,CA,AWP,WE,Towers with Radar,96,35,37,0,168,0,0,41,0,41,96,35,78,0,209,4,0,4,213
09/25/2011,BUR,CA,AWP,WE,Towers with Radar,127,45,43,0,215,0,0,37,0,37,127,45,80,0,252,26,0,26,278
09/26/2011,BUR,CA,AWP,WE,Towers with Radar,140,54,26,0,220,0,3,31,0,34,140,57,57,0,254,34,0,34,288
09/27/2011,BUR,CA,AWP,WE,Towers with Radar,150,54,22,0,226,0,6,46,0,52,150,60,68,0,278,72,0,72,350
09/28/2011,BUR,CA,AWP,WE,Towers with Radar,147,56,53,0,256,0,4,56,0,60,147,60,109,0,316,52,0,52,368
09/29/2011,BUR,CA,AWP,WE,Towers with Radar,146,57,36,0,239,0,3,61,1,65,146,60,97,1,304,14,0,14,318
09/30/2011,BUR,CA,AWP,WE,Towers with Radar,144,60,39,0,243,0,6,64,3,73,144,66,103,3,316,18,0,18,334
10/01/2011,BUR,CA,AWP,WE,Towers with Radar,103,31,26,0,160,0,2,66,0,68,103,33,92,0,228,18,0,18,246
10/02/2011,BUR,CA,AWP,WE,Towers with Radar,127,33,49,0,209,0,1,43,0,44,127,34,92,0,253,28,0,28,281
10/03/2011,BUR,CA,AWP,WE,Towers with Radar,139,48,43,0,230,0,4,50,0,54,139,52,93,0,284,58,0,58,342
10/04/2011,BUR,CA,AWP,WE,Towers with Radar,143,56,37,0,236,0,2,81,0,83,143,58,118,0,319,38,0,38,357
10/05/2011,BUR,CA,AWP,WE,Towers with Radar,148,62,48,0,258,0,3,16,0,19,148,65,64,0,277,0,0,0,277
10/06/2011,BUR,CA,AWP,WE,Towers with Radar,143,55,41,0,239,0,4,54,0,58,143,59,95,0,297,84,0,84,381
10/07/2011,BUR,CA,AWP,WE,Towers with Radar,143,63,41,0,247,0,7,48,0,55,143,70,89,0,302,38,0,38,340
10/08/2011,BUR,CA,AWP,WE,Towers with Radar,95,36,29,0,160,0,2,59,0,61,95,38,88,0,221,74,0,74,295
10/09/2011,BUR,CA,AWP,WE,Towers with Radar,120,36,31,0,187,0,1,49,0,50,120,37,80,0,237,31,0,31,268
10/10/2011,BUR,CA,AWP,WE,Towers with Radar,138,34,26,0,198,0,4,51,0,55,138,38,77,0,253,0,0,0,253
10/11/2011,BUR,CA,AWP,WE,Towers with Radar,147,58,39,0,244,0,8,71,0,79,147,66,110,0,323,52,0,52,375
10/12/2011,BUR,CA,AWP,WE,Towers with Radar,148,58,42,0,248,0,8,47,0,55,148,66,89,0,303,46,0,46,349
10/13/2011,BUR,CA,AWP,WE,Towers with Radar,144,54,37,1,236,0,7,42,0,49,144,61,79,1,285,40,0,40,325
10/14/2011,BUR,CA,AWP,WE,Towers with Radar,141,66,60,0,267,0,12,60,0,72,141,78,120,0,339,45,0,45,384
10/15/2011,BUR,CA,AWP,WE,Towers with Radar,95,38,45,0,178,0,4,52,0,56,95,42,97,0,234,42,0,42,276
10/16/2011,BUR,CA,AWP,WE,Towers with Radar,125,29,43,0,197,0,0,69,0,69,125,29,112,0,266,40,0,40,306
10/17/2011,BUR,CA,AWP,WE,Towers with Radar,135,54,33,0,222,0,11,52,0,63,135,65,85,0,285,86,0,86,371
10/18/2011,BUR,CA,AWP,WE,Towers with Radar,134,51,30,0,215,0,5,80,1,86,134,56,110,1,301,126,0,126,427
10/19/2011,BUR,CA,AWP,WE,Towers with Radar,141,60,39,0,240,0,5,51,0,56,141,65,90,0,296,16,0,16,312
10/20/2011,BUR,CA,AWP,WE,Towers with Radar,146,56,61,0,263,0,3,44,0,47,146,59,105,0,310,56,0,56,366
10/21/2011,BUR,CA,AWP,WE,Towers with Radar,142,77,55,0,274,0,4,46,2,52,142,81,101,2,326,20,0,20,346
10/22/2011,BUR,CA,AWP,WE,Towers with Radar,101,39,49,0,189,0,6,80,0,86,101,45,129,0,275,44,0,44,319
10/23/2011,BUR,CA,AWP,WE,Towers with Radar,125,44,35,0,204,0,0,36,0,36,125,44,71,0,240,24,0,24,264
10/24/2011,BUR,CA,AWP,WE,Towers with Radar,147,65,31,0,243,0,0,10,0,10,147,65,41,0,253,18,0,18,271
10/25/2011,BUR,CA,AWP,WE,Towers with Radar,145,49,32,4,230,0,0,23,6,29,145,49,55,10,259,4,0,4,263
10/26/2011,BUR,CA,AWP,WE,Towers with Radar,143,51,29,0,223,0,9,76,1,86,143,60,105,1,309,88,0,88,397
10/27/2011,BUR,CA,AWP,WE,Towers with Radar,147,66,32,1,246,0,4,50,0,54,147,70,82,1,300,52,0,52,352
10/28/2011,BUR,CA,AWP,WE,Towers with Radar,146,81,51,0,278,0,3,65,0,68,146,84,116,0,346,38,0,38,384
10/29/2011,BUR,CA,AWP,WE,Towers with Radar,95,25,46,0,166,0,1,81,0,82,95,26,127,0,248,86,0,86,334
10/30/2011,BUR,CA,AWP,WE,Towers with Radar,124,42,40,0,206,0,0,45,0,45,124,42,85,0,251,68,0,68,319
10/31/2011,BUR,CA,AWP,WE,Towers with Radar,131,51,36,0,218,0,8,34,0,42,131,59,70,0,260,100,0,100,360
11/01/2011,BUR,CA,AWP,WE,Towers with Radar,146,62,48,0,256,0,3,48,0,51,146,65,96,0,307,34,0,34,341
11/02/2011,BUR,CA,AWP,WE,Towers with Radar,147,59,35,0,241,0,6,43,0,49,147,65,78,0,290,34,0,34,324
11/03/2011,BUR,CA,AWP,WE,Towers with Radar,132,67,37,0,236,0,2,61,0,63,132,69,98,0,299,58,0,58,357
11/04/2011,BUR,CA,AWP,WE,Towers with Radar,144,75,49,0,268,0,3,52,0,55,144,78,101,0,323,36,0,36,359
11/05/2011,BUR,CA,AWP,WE,Towers with Radar,96,33,34,0,163,0,5,52,0,57,96,38,86,0,220,74,0,74,294
11/06/2011,BUR,CA,AWP,WE,Towers with Radar,120,33,32,0,185,0,0,31,1,32,120,33,63,1,217,48,0,48,265
11/07/2011,BUR,CA,AWP,WE,Towers with Radar,141,52,59,0,252,0,7,38,0,45,141,59,97,0,297,68,0,68,365
11/08/2011,BUR,CA,AWP,WE,Towers with Radar,146,56,37,0,239,0,10,82,0,92,146,66,119,0,331,64,0,64,395
11/09/2011,BUR,CA,AWP,WE,Towers with Radar,147,47,48,0,242,0,2,62,1,65,147,49,110,1,307,32,0,32,339
11/10/2011,BUR,CA,AWP,WE,Towers with Radar,146,69,49,0,264,0,6,45,1,52,146,75,94,1,316,102,0,102,418
11/11/2011,BUR,CA,AWP,WE,Towers with Radar,138,56,46,0,240,0,0,59,1,60,138,56,105,1,300,142,0,142,442
11/12/2011,BUR,CA,AWP,WE,Towers with Radar,99,32,38,0,169,0,3,14,0,17,99,35,52,0,186,18,0,18,204
11/13/2011,BUR,CA,AWP,WE,Towers with Radar,127,53,50,0,230,0,0,52,1,53,127,53,102,1,283,116,0,116,399
11/14/2011,BUR,CA,AWP,WE,Towers with Radar,141,63,39,0,243,0,4,65,0,69,141,67,104,0,312,0,0,0,312
11/15/2011,BUR,CA,AWP,WE,Towers with Radar,142,67,37,0,246,0,5,65,0,70,142,72,102,0,316,112,0,112,428
11/16/2011,BUR,CA,AWP,WE,Towers with Radar,141,53,48,0,242,0,5,66,1,72,141,58,114,1,314,160,0,160,474
11/17/2011,BUR,CA,AWP,WE,Towers with Radar,142,68,47,0,257,0,3,72,0,75,142,71,119,0,332,36,0,36,368
11/18/2011,BUR,CA,AWP,WE,Towers with Radar,137,82,55,0,274,0,0,36,0,36,137,82,91,0,310,148,0,148,458
11/19/2011,BUR,CA,AWP,WE,Towers with Radar,99,40,30,0,169,0,1,48,0,49,99,41,78,0,218,48,0,48,266
11/20/2011,BUR,CA,AWP,WE,Towers with Radar,125,35,46,0,206,0,0,21,0,21,125,35,67,0,227,96,0,96,323
11/21/2011,BUR,CA,AWP,WE,Towers with Radar,142,55,41,0,238,0,7,61,1,69,142,62,102,1,307,118,0,118,425
11/22/2011,BUR,CA,AWP,WE,Towers with Radar,152,66,51,0,269,0,5,87,2,94,152,71,138,2,363,94,0,94,457
11/23/2011,BUR,CA,AWP,WE,Towers with Radar,146,69,47,0,262,0,4,55,0,59,146,73,102,0,321,64,0,64,385
11/24/2011,BUR,CA,AWP,WE,Towers with Radar,87,21,15,0,123,0,0,14,0,14,87,21,29,0,137,24,0,24,161
11/25/2011,BUR,CA,AWP,WE,Towers with Radar,117,35,15,0,167,0,4,72,0,76,117,39,87,0,243,56,0,56,299
11/26/2011,BUR,CA,AWP,WE,Towers with Radar,103,34,22,0,159,0,7,73,0,80,103,41,95,0,239,44,0,44,283
11/27/2011,BUR,CA,AWP,WE,Towers with Radar,145,31,47,0,223,0,0,54,0,54,145,31,101,0,277,43,0,43,320
11/28/2011,BUR,CA,AWP,WE,Towers with Radar,150,56,38,0,244,0,4,66,0,70,150,60,104,0,314,4,0,4,318
11/29/2011,BUR,CA,AWP,WE,Towers with Radar,142,50,36,1,229,0,5,66,2,73,142,55,102,3,302,30,0,30,332
11/30/2011,BUR,CA,AWP,WE,Towers with Radar,146,60,44,0,250,0,3,70,2,75,146,63,114,2,325,80,0,80,405
12/01/2011,BUR,CA,AWP,WE,Towers with Radar,148,57,35,0,240,0,4,22,0,26,148,61,57,0,266,10,0,10,276
12/02/2011,BUR,CA,AWP,WE,Towers with Radar,136,62,24,0,222,0,6,47,0,53,136,68,71,0,275,82,0,82,357
12/03/2011,BUR,CA,AWP,WE,Towers with Radar,96,33,18,0,147,0,3,33,0,36,96,36,51,0,183,8,0,8,191
12/04/2011,BUR,CA,AWP,WE,Towers with Radar,130,25,43,0,198,0,0,40,0,40,130,25,83,0,238,28,0,28,266
12/05/2011,BUR,CA,AWP,WE,Towers with Radar,141,50,53,0,244,0,4,30,1,35,141,54,83,1,279,2,0,2,281
12/06/2011,BUR,CA,AWP,WE,Towers with Radar,143,60,37,0,240,0,4,49,0,53,143,64,86,0,293,50,0,50,343
12/07/2011,BUR,CA,AWP,WE,Towers with Radar,140,51,26,0,217,0,9,60,1,70,140,60,86,1,287,20,0,20,307
12/08/2011,BUR,CA,AWP,WE,Towers with Radar,143,62,38,1,244,0,7,31,4,42,143,69,69,5,286,138,0,138,424
12/09/2011,BUR,CA,AWP,WE,Towers with Radar,138,60,36,0,234,0,8,46,0,54,138,68,82,0,288,28,0,28,316
12/10/2011,BUR,CA,AWP,WE,Towers with Radar,84,21,16,0,121,0,2,68,0,70,84,23,84,0,191,58,0,58,249
12/11/2011,BUR,CA,AWP,WE,Towers with Radar,128,25,20,0,173,0,0,46,3,49,128,25,66,3,222,52,0,52,274
12/12/2011,BUR,CA,AWP,WE,Towers with Radar,139,50,33,0,222,0,0,18,0,18,139,50,51,0,240,38,0,38,278
12/13/2011,BUR,CA,AWP,WE,Towers with Radar,142,59,40,0,241,0,3,57,3,63,142,62,97,3,304,40,0,40,344
12/14/2011,BUR,CA,AWP,WE,Towers with Radar,150,39,57,0,246,0,5,94,0,99,150,44,151,0,345,68,0,68,413
12/15/2011,BUR,CA,AWP,WE,Towers with Radar,147,62,47,0,256,0,3,40,0,43,147,65,87,0,299,132,0,132,431
12/16/2011,BUR,CA,AWP,WE,Towers with Radar,150,58,40,0,248,0,6,24,0,30,150,64,64,0,278,2,0,2,280
12/17/2011,BUR,CA,AWP,WE,Towers with Radar,103,36,25,0,164,0,1,26,0,27,103,37,51,0,191,80,0,80,271
12/18/2011,BUR,CA,AWP,WE,Towers with Radar,127,28,33,0,188,0,2,45,2,49,127,30,78,2,237,56,0,56,293
12/19/2011,BUR,CA,AWP,WE,Towers with Radar,141,53,31,0,225,0,3,30,1,34,141,56,61,1,259,42,0,42,301
12/20/2011,BUR,CA,AWP,WE,Towers with Radar,148,60,29,0,237,0,8,76,1,85,148,68,105,1,322,184,0,184,506
12/21/2011,BUR,CA,AWP,WE,Towers with Radar,147,64,35,0,246,0,1,42,2,45,147,65,77,2,291,38,0,38,329
12/22/2011,BUR,CA,AWP,WE,Towers with Radar,152,56,30,0,238,0,6,25,0,31,152,62,55,0,269,18,0,18,287
12/23/2011,BUR,CA,AWP,WE,Towers with Radar,150,57,32,0,239,0,11,46,0,57,150,68,78,0,296,44,0,44,340
12/24/2011,BUR,CA,AWP,WE,Towers with Radar,102,33,16,0,151,0,4,39,0,43,102,37,55,0,194,34,0,34,228
12/25/2011,BUR,CA,AWP,WE,Towers with Radar,91,22,19,0,132,0,0,33,1,34,91,22,52,1,166,0,0,0,166
12/26/2011,BUR,CA,AWP,WE,Towers with Radar,141,33,39,0,213,0,2,52,1,55,141,35,91,1,268,26,0,26,294
12/27/2011,BUR,CA,AWP,WE,Towers with Radar,148,50,25,0,223,0,8,70,1,79,148,58,95,1,302,42,0,42,344
12/28/2011,BUR,CA,AWP,WE,Towers with Radar,149,51,20,0,220,0,6,57,2,65,149,57,77,2,285,48,0,48,333
12/29/2011,BUR,CA,AWP,WE,Towers with Radar,143,53,26,0,222,0,3,41,0,44,143,56,67,0,266,16,0,16,282
12/30/2011,BUR,CA,AWP,WE,Towers with Radar,152,49,32,0,233,0,6,55,2,63,152,55,87,2,296,156,0,156,452
12/31/2011,BUR,CA,AWP,WE,Towers with Radar,104,31,38,0,173,0,1,49,0,50,104,32,87,0,223,74,0,74,297
01/01/2012,BUR,CA,AWP,WE,Towers with Radar,95,31,38,0,164,0,0,63,0,63,95,31,101,0,227,28,0,28,255
01/02/2012,BUR,CA,AWP,WE,Towers with Radar,139,45,84,0,268,2,0,57,1,60,141,45,141,1,328,66,0,66,394
01/03/2012,BUR,CA,AWP,WE,Towers with Radar,135,48,53,0,236,0,5,50,1,56,135,53,103,1,292,32,0,32,324
01/04/2012,BUR,CA,AWP,WE,Towers with Radar,136,56,32,1,225,0,3,48,2,53,136,59,80,3,278,77,0,77,355
01/05/2012,BUR,CA,AWP,WE,Towers with Radar,134,57,42,0,233,0,6,43,0,49,134,63,85,0,282,64,0,64,346
01/06/2012,BUR,CA,AWP,WE,Towers with Radar,134,57,32,0,223,0,10,56,1,67,134,67,88,1,290,70,0,70,360
01/07/2012,BUR,CA,AWP,WE,Towers with Radar,92,24,30,0,146,0,2,27,0,29,92,26,57,0,175,26,0,26,201
01/08/2012,BUR,CA,AWP,WE,Towers with Radar,122,37,29,0,188,0,0,52,1,53,122,37,81,1,241,162,0,162,403
01/09/2012,BUR,CA,AWP,WE,Towers with Radar,132,48,34,1,215,0,4,73,3,80,132,52,107,4,295,282,0,282,577
01/10/2012,BUR,CA,AWP,WE,Towers with Radar,136,56,46,0,238,0,3,41,0,44,136,59,87,0,282,0,0,0,282
01/11/2012,BUR,CA,AWP,WE,Towers with Radar,134,57,37,0,228,0,4,72,3,79,134,61,109,3,307,180,0,180,487
01/12/2012,BUR,CA,AWP,WE,Towers with Radar,132,70,34,0,236,0,3,70,1,74,132,73,104,1,310,270,0,270,580
01/13/2012,BUR,CA,AWP,WE,Towers with Radar,133,69,61,0,263,0,6,54,0,60,133,75,115,0,323,68,0,68,391
01/14/2012,BUR,CA,AWP,WE,Towers with Radar,93,24,30,0,147,0,0,65,0,65,93,24,95,0,212,44,0,44,256
01/15/2012,BUR,CA,AWP,WE,Towers with Radar,109,27,39,0,175,1,0,51,0,52,110,27,90,0,227,48,0,48,275
01/16/2012,BUR,CA,AWP,WE,Towers with Radar,136,55,32,0,223,0,0,32,0,32,136,55,64,0,255,0,0,0,255
01/17/2012,BUR,CA,AWP,WE,Towers with Radar,135,49,36,0,220,0,6,61,0,67,135,55,97,0,287,102,0,102,389
01/18/2012,BUR,CA,AWP,WE,Towers with Radar,130,64,34,0,228,0,5,59,1,65,130,69,93,1,293,58,0,58,351
01/19/2012,BUR,CA,AWP,WE,Towers with Radar,130,68,50,0,248,0,7,79,0,86,130,75,129,0,334,222,0,222,556
01/20/2012,BUR,CA,AWP,WE,Towers with Radar,132,66,44,1,243,0,9,55,1,65,132,75,99,2,308,190,0,190,498
01/21/2012,BUR,CA,AWP,WE,Towers with Radar,78,29,24,1,132,0,1,31,0,32,78,30,55,1,164,46,0,46,210
01/22/2012,BUR,CA,AWP,WE,Towers with Radar,108,23,29,1,161,0,0,44,2,46,108,23,73,3,207,156,0,156,363
01/23/2012,BUR,CA,AWP,WE,Towers with Radar,123,49,39,0,211,0,1,27,1,29,123,50,66,1,240,0,0,0,240
01/24/2012,BUR,CA,AWP,WE,Towers with Radar,132,61,37,1,231,0,6,62,2,70,132,67,99,3,301,174,0,174,475
01/25/2012,BUR,CA,AWP,WE,Towers with Radar,130,60,58,0,248,0,2,62,2,66,130,62,120,2,314,196,0,196,510
01/26/2012,BUR,CA,AWP,WE,Towers with Radar,135,73,23,0,231,0,2,59,6,67,135,75,82,6,298,226,0,226,524
01/27/2012,BUR,CA,AWP,WE,Towers with Radar,130,80,34,0,244,0,5,30,0,35,130,85,64,0,279,192,0,192,471
01/28/2012,BUR,CA,AWP,WE,Towers with Radar,88,22,30,0,140,0,0,33,0,33,88,22,63,0,173,24,0,24,197
01/29/2012,BUR,CA,AWP,WE,Towers with Radar,114,40,21,0,175,0,1,67,3,71,114,41,88,3,246,147,0,147,393
01/30/2012,BUR,CA,AWP,WE,Towers with Radar,120,61,36,0,217,0,6,71,1,78,120,67,107,1,295,134,0,134,429
01/31/2012,BUR,CA,AWP,WE,Towers with Radar,126,53,32,1,212,0,2,57,0,59,126,55,89,1,271,182,0,182,453
02/01/2012,BUR,CA,AWP,WE,Towers with Radar,122,56,33,1,212,0,5,39,1,45,122,61,72,2,257,104,0,104,361
02/02/2012,BUR,CA,AWP,WE,Towers with Radar,134,63,54,0,251,0,3,41,0,44,134,66,95,0,295,48,0,48,343
02/03/2012,BUR,CA,AWP,WE,Towers with Radar,129,61,60,0,250,0,2,56,0,58,129,63,116,0,308,126,0,126,434
02/04/2012,BUR,CA,AWP,WE,Towers with Radar,89,24,47,2,162,0,0,63,0,63,89,24,110,2,225,96,0,96,321
02/05/2012,BUR,CA,AWP,WE,Towers with Radar,111,45,25,0,181,0,0,44,0,44,111,45,69,0,225,52,0,52,277
02/06/2012,BUR,CA,AWP,WE,Towers with Radar,130,68,38,1,237,0,6,57,1,64,130,74,95,2,301,26,0,26,327
02/07/2012,BUR,CA,AWP,WE,Towers with Radar,132,66,43,0,241,0,10,39,2,51,132,76,82,2,292,90,0,90,382
02/08/2012,BUR,CA,AWP,WE,Towers with Radar,135,59,41,0,235,0,5,55,0,60,135,64,96,0,295,236,0,236,531
02/09/2012,BUR,CA,AWP,WE,Towers with Radar,134,62,48,1,245,0,3,109,2,114,134,65,157,3,359,88,0,88,447
02/10/2012,BUR,CA,AWP,WE,Towers with Radar,130,71,44,2,247,0,10,65,1,76,130,81,109,3,323,36,0,36,359
02/11/2012,BUR,CA,AWP,WE,Towers with Radar,87,26,50,0,163,0,1,56,0,57,87,27,106,0,220,90,0,90,310
02/12/2012,BUR,CA,AWP,WE,Towers with Radar,111,33,43,0,187,0,0,60,1,61,111,33,103,1,248,118,0,118,366
02/13/2012,BUR,CA,AWP,WE,Towers with Radar,132,46,34,2,214,0,4,43,1,48,132,50,77,3,262,157,0,157,419
02/14/2012,BUR,CA,AWP,WE,Towers with Radar,133,49,38,3,223,1,4,64,2,71,134,53,102,5,294,30,0,30,324
02/15/2012,BUR,CA,AWP,WE,Towers with Radar,134,55,25,0,214,0,0,41,1,42,134,55,66,1,256,146,0,146,402
02/16/2012,BUR,CA,AWP,WE,Towers with Radar,132,64,44,0,240,0,3,22,0,25,132,67,66,0,265,28,0,28,293
02/17/2012,BUR,CA,AWP,WE,Towers with Radar,130,66,44,1,241,0,5,41,2,48,130,71,85,3,289,40,0,40,329
02/18/2012,BUR,CA,AWP,WE,Towers with Radar,89,30,42,0,161,0,2,56,0,58,89,32,98,0,219,152,0,152,371
02/19/2012,BUR,CA,AWP,WE,Towers with Radar,110,33,51,2,196,0,2,43,1,46,110,35,94,3,242,36,0,36,278
02/20/2012,BUR,CA,AWP,WE,Towers with Radar,133,50,46,0,229,0,2,54,0,56,133,52,100,0,285,136,0,136,421
02/21/2012,BUR,CA,AWP,WE,Towers with Radar,123,60,38,0,221,0,5,62,6,73,123,65,100,6,294,78,0,78,372
02/22/2012,BUR,CA,AWP,WE,Towers with Radar,130,72,38,0,240,0,3,73,3,79,130,75,111,3,319,146,0,146,465
02/23/2012,BUR,CA,AWP,WE,Towers with Radar,131,68,49,1,249,0,5,68,3,76,131,73,117,4,325,74,0,74,399
02/24/2012,BUR,CA,AWP,WE,Towers with Radar,129,80,37,0,246,0,6,62,1,69,129,86,99,1,315,92,0,92,407
02/25/2012,BUR,CA,AWP,WE,Towers with Radar,89,35,28,0,152,0,2,60,0,62,89,37,88,0,214,134,0,134,348
02/26/2012,BUR,CA,AWP,WE,Towers with Radar,112,49,50,0,211,0,0,103,0,103,112,49,153,0,314,72,0,72,386
02/27/2012,BUR,CA,AWP,WE,Towers with Radar,134,61,49,0,244,0,2,50,0,52,134,63,99,0,296,156,0,156,452
02/28/2012,BUR,CA,AWP,WE,Towers with Radar,134,59,39,0,232,0,2,80,1,83,134,61,119,1,315,94,0,94,409
02/29/2012,BUR,CA,AWP,WE,Towers with Radar,135,57,40,0,232,0,3,69,0,72,135,60,109,0,304,194,0,194,498
03/01/2012,BUR,CA,AWP,WE,Towers with Radar,131,63,52,2,248,0,4,73,1,78,131,67,125,3,326,118,0,118,444
03/02/2012,BUR,CA,AWP,WE,Towers with Radar,128,74,38,0,240,0,5,61,0,66,128,79,99,0,306,26,0,26,332
03/03/2012,BUR,CA,AWP,WE,Towers with Radar,84,27,32,0,143,0,1,49,0,50,84,28,81,0,193,116,0,116,309
03/04/2012,BUR,CA,AWP,WE,Towers with Radar,107,48,38,0,193,0,1,44,0,45,107,49,82,0,238,112,0,112,350
03/05/2012,BUR,CA,AWP,WE,Towers with Radar,124,57,20,1,202,0,5,53,0,58,124,62,73,1,260,114,0,114,374
03/06/2012,BUR,CA,AWP,WE,Towers with Radar,119,77,41,0,237,0,4,27,1,32,119,81,68,1,269,72,0,72,341
03/07/2012,BUR,CA,AWP,WE,Towers with Radar,124,69,48,0,241,0,3,46,5,54,124,72,94,5,295,132,0,132,427
03/08/2012,BUR,CA,AWP,WE,Towers with Radar,133,81,62,0,276,0,4,76,0,80,133,85,138,0,356,139,0,139,495
03/09/2012,BUR,CA,AWP,WE,Towers with Radar,124,65,52,0,241,0,6,70,0,76,124,71,122,0,317,22,0,22,339
03/10/2012,BUR,CA,AWP,WE,Towers with Radar,88,27,32,0,147,0,2,67,0,69,88,29,99,0,216,114,0,114,330
03/11/2012,BUR,CA,AWP,WE,Towers with Radar,117,70,64,0,251,0,0,63,2,65,117,70,127,2,316,116,0,116,432
03/12/2012,BUR,CA,AWP,WE,Towers with Radar,122,65,50,0,237,0,5,58,3,66,122,70,108,3,303,206,0,206,509
03/13/2012,BUR,CA,AWP,WE,Towers with Radar,126,65,54,2,247,0,4,66,3,73,126,69,120,5,320,86,0,86,406
03/14/2012,BUR,CA,AWP,WE,Towers with Radar,125,60,46,1,232,0,9,61,2,72,125,69,107,3,304,88,0,88,392
03/15/2012,BUR,CA,AWP,WE,Towers with Radar,134,71,50,2,257,0,4,56,1,61,134,75,106,3,318,132,0,132,450
03/16/2012,BUR,CA,AWP,WE,Towers with Radar,125,71,45,0,241,0,0,42,1,43,125,71,87,1,284,54,0,54,338
03/17/2012,BUR,CA,AWP,WE,Towers with Radar,97,20,15,0,132,0,0,3,0,3,97,20,18,0,135,0,0,0,135
03/18/2012,BUR,CA,AWP,WE,Towers with Radar,117,38,47,0,202,0,2,29,1,32,117,40,76,1,234,106,0,106,340
03/19/2012,BUR,CA,AWP,WE,Towers with Radar,127,58,21,0,206,0,3,71,1,75,127,61,92,1,281,146,0,146,427
03/20/2012,BUR,CA,AWP,WE,Towers with Radar,127,63,31,0,221,0,4,69,8,81,127,67,100,8,302,192,0,192,494
03/21/2012,BUR,CA,AWP,WE,Towers with Radar,131,63,51,0,245,0,5,91,1,97,131,68,142,1,342,282,0,282,624
03/22/2012,BUR,CA,AWP,WE,Towers with Radar,132,71,39,2,244,0,8,94,5,107,132,79,133,7,351,208,0,208,559
03/23/2012,BUR,CA,AWP,WE,Towers with Radar,127,74,58,0,259,0,4,43,0,47,127,78,101,0,306,38,0,38,344
03/24/2012,BUR,CA,AWP,WE,Towers with Radar,92,31,32,0,155,0,1,36,0,37,92,32,68,0,192,96,0,96,288
03/25/2012,BUR,CA,AWP,WE,Towers with Radar,115,40,24,0,179,0,0,27,1,28,115,40,51,1,207,0,0,0,207
03/26/2012,BUR,CA,AWP,WE,Towers with Radar,129,56,62,3,250,0,6,48,1,55,129,62,110,4,305,204,0,204,509
03/27/2012,BUR,CA,AWP,WE,Towers with Radar,130,63,46,0,239,0,8,59,0,67,130,71,105,0,306,56,0,56,362
03/28/2012,BUR,CA,AWP,WE,Towers with Radar,129,65,35,1,230,0,4,68,4,76,129,69,103,5,306,120,0,120,426
03/29/2012,BUR,CA,AWP,WE,Towers with Radar,127,67,47,0,241,0,8,46,1,55,127,75,93,1,296,51,0,51,347
03/30/2012,BUR,CA,AWP,WE,Towers with Radar,130,63,63,0,256,0,6,38,0,44,130,69,101,0,300,30,0,30,330
03/31/2012,BUR,CA,AWP,WE,Towers with Radar,88,41,38,0,167,0,0,18,0,18,88,41,56,0,185,18,0,18,203
04/01/2012,BUR,CA,AWP,WE,Towers with Radar,119,45,45,0,209,0,0,46,0,46,119,45,91,0,255,32,0,32,287
04/02/2012,BUR,CA,AWP,WE,Towers with Radar,126,52,39,0,217,0,10,54,1,65,126,62,93,1,282,24,0,24,306
04/03/2012,BUR,CA,AWP,WE,Towers with Radar,124,64,42,0,230,0,5,35,4,44,124,69,77,4,274,70,0,70,344
04/04/2012,BUR,CA,AWP,WE,Towers with Radar,131,66,37,0,234,0,9,73,0,82,131,75,110,0,316,164,0,164,480
04/05/2012,BUR,CA,AWP,WE,Towers with Radar,128,66,52,0,246,0,10,62,2,74,128,76,114,2,320,96,0,96,416
04/06/2012,BUR,CA,AWP,WE,Towers with Radar,125,60,31,0,216,0,8,66,0,74,125,68,97,0,290,52,0,52,342
04/07/2012,BUR,CA,AWP,WE,Towers with Radar,88,38,34,0,160,0,1,62,0,63,88,39,96,0,223,73,0,73,296
04/08/2012,BUR,CA,AWP,WE,Towers with Radar,113,33,29,0,175,0,0,39,1,40,113,33,68,1,215,2,0,2,217
04/09/2012,BUR,CA,AWP,WE,Towers with Radar,126,56,57,0,239,0,7,76,1,84,126,63,133,1,323,74,0,74,397
04/10/2012,BUR,CA,AWP,WE,Towers with Radar,125,56,46,0,227,0,5,89,4,98,125,61,135,4,325,190,0,190,515
04/11/2012,BUR,CA,AWP,WE,Towers with Radar,126,67,33,1,227,0,3,48,1,52,126,70,81,2,279,80,0,80,359
04/12/2012,BUR,CA,AWP,WE,Towers with Radar,126,75,37,0,238,0,2,49,3,54,126,77,86,3,292,34,0,34,326
04/13/2012,BUR,CA,AWP,WE,Towers with Radar,124,67,33,0,224,0,1,14,0,15,124,68,47,0,239,0,0,0,239
04/14/2012,BUR,CA,AWP,WE,Towers with Radar,93,42,46,0,181,0,3,59,3,65,93,45,105,3,246,108,0,108,354
04/15/2012,BUR,CA,AWP,WE,Towers with Radar,115,47,33,0,195,0,0,59,2,61,115,47,92,2,256,56,0,56,312
04/16/2012,BUR,CA,AWP,WE,Towers with Radar,118,54,43,0,215,0,7,76,0,83,118,61,119,0,298,108,0,108,406
04/17/2012,BUR,CA,AWP,WE,Towers with Radar,127,68,40,2,237,0,8,50,0,58,127,76,90,2,295,314,0,314,609
04/18/2012,BUR,CA,AWP,WE,Towers with Radar,128,59,44,0,231,0,10,62,2,74,128,69,106,2,305,82,0,82,387
04/19/2012,BUR,CA,AWP,WE,Towers with Radar,126,70,54,2,252,0,7,71,0,78,126,77,125,2,330,180,0,180,510
04/20/2012,BUR,CA,AWP,WE,Towers with Radar,123,68,35,0,226,0,9,64,2,75,123,77,99,2,301,80,0,80,381
04/21/2012,BUR,CA,AWP,WE,Towers with Radar,88,58,63,0,209,0,3,67,0,70,88,61,130,0,279,42,0,42,321
04/22/2012,BUR,CA,AWP,WE,Towers with Radar,109,60,63,0,232,0,0,33,2,35,109,60,96,2,267,112,0,112,379
04/23/2012,BUR,CA,AWP,WE,Towers with Radar,127,73,44,4,248,0,3,41,2,46,127,76,85,6,294,108,0,108,402
04/24/2012,BUR,CA,AWP,WE,Towers with Radar,124,68,67,0,259,0,10,82,0,92,124,78,149,0,351,167,0,167,518
04/25/2012,BUR,CA,AWP,WE,Towers with Radar,127,76,48,2,253,0,5,51,4,60,127,81,99,6,313,106,0,106,419
04/26/2012,BUR,CA,AWP,WE,Towers with Radar,128,91,58,1,278,0,5,49,2,56,128,96,107,3,334,104,0,104,438
04/27/2012,BUR,CA,AWP,WE,Towers with Radar,125,76,57,1,259,0,8,66,0,74,125,84,123,1,333,18,0,18,351
04/28/2012,BUR,CA,AWP,WE,Towers with Radar,92,32,39,0,163,0,3,70,2,75,92,35,109,2,238,68,0,68,306
04/29/2012,BUR,CA,AWP,WE,Towers with Radar,107,49,60,0,216,0,0,85,0,85,107,49,145,0,301,114,0,114,415
04/30/2012,BUR,CA,AWP,WE,Towers with Radar,118,83,46,0,247,0,3,84,1,88,118,86,130,1,335,138,0,138,473
05/01/2012,BUR,CA,AWP,WE,Towers with Radar,125,74,31,3,233,0,0,31,0,31,125,74,62,3,264,64,0,64,328
05/02/2012,BUR,CA,AWP,WE,Towers with Radar,130,81,58,4,273,0,1,63,1,65,130,82,121,5,338,192,0,192,530
05/03/2012,BUR,CA,AWP,WE,Towers with Radar,125,96,27,0,248,0,2,77,1,80,125,98,104,1,328,122,0,122,450
05/04/2012,BUR,CA,AWP,WE,Towers with Radar,124,71,59,0,254,0,7,89,2,98,124,78,148,2,352,0,0,0,352
05/05/2012,BUR,CA,AWP,WE,Towers with Radar,88,31,39,0,158,0,1,87,3,91,88,32,126,3,249,66,0,66,315
05/06/2012,BUR,CA,AWP,WE,Towers with Radar,107,51,38,0,196,0,0,78,1,79,107,51,116,1,275,114,0,114,389
05/07/2012,BUR,CA,AWP,WE,Towers with Radar,126,60,28,0,214,0,8,73,6,87,126,68,101,6,301,100,0,100,401
05/08/2012,BUR,CA,AWP,WE,Towers with Radar,125,64,39,0,228,0,11,70,0,81,125,75,109,0,309,114,0,114,423
05/09/2012,BUR,CA,AWP,WE,Towers with Radar,127,72,39,0,238,0,7,56,0,63,127,79,95,0,301,28,0,28,329
05/10/2012,BUR,CA,AWP,WE,Towers with Radar,132,70,42,6,250,0,1,47,7,55,132,71,89,13,305,46,0,46,351
05/11/2012,BUR,CA,AWP,WE,Towers with Radar,127,74,53,1,255,0,7,66,6,79,127,81,119,7,334,104,0,104,438
05/12/2012,BUR,CA,AWP,WE,Towers with Radar,90,38,48,0,176,0,3,69,7,79,90,41,117,7,255,18,0,18,273
05/13/2012,BUR,CA,AWP,WE,Towers with Radar,116,44,59,0,219,0,1,46,5,52,116,45,105,5,271,88,0,88,359
05/14/2012,BUR,CA,AWP,WE,Towers with Radar,125,60,48,1,234,0,6,64,1,71,125,66,112,2,305,60,0,60,365
05/15/2012,BUR,CA,AWP,WE,Towers with Radar,124,74,37,4,239,0,7,67,1,75,124,81,104,5,314,30,0,30,344
05/16/2012,BUR,CA,AWP,WE,Towers with Radar,131,66,33,1,231,0,15,67,1,83,131,81,100,2,314,52,0,52,366
05/17/2012,BUR,CA,AWP,WE,Towers with Radar,129,79,31,0,239,0,6,60,2,68,129,85,91,2,307,28,0,28,335
05/18/2012,BUR,CA,AWP,WE,Towers with Radar,126,72,77,4,279,0,11,90,0,101,126,83,167,4,380,133,0,133,513
05/19/2012,BUR,CA,AWP,WE,Towers with Radar,92,30,46,0,168,0,1,74,1,76,92,31,120,1,244,100,0,100,344
05/20/2012,BUR,CA,AWP,WE,Towers with Radar,106,52,38,0,196,0,2,64,3,69,106,54,102,3,265,98,0,98,363
05/21/2012,BUR,CA,AWP,WE,Towers with Radar,126,69,41,1,237,0,7,95,1,103,126,76,136,2,340,182,0,182,522
05/22/2012,BUR,CA,AWP,WE,Towers with Radar,126,70,42,0,238,0,7,88,2,97,126,77,130,2,335,110,0,110,445
05/23/2012,BUR,CA,AWP,WE,Towers with Radar,127,74,39,0,240,0,7,74,3,84,127,81,113,3,324,58,0,58,382
05/24/2012,BUR,CA,AWP,WE,Towers with Radar,126,77,47,0,250,0,6,62,2,70,126,83,109,2,320,98,0,98,418
05/25/2012,BUR,CA,AWP,WE,Towers with Radar,128,67,53,0,248,0,4,52,1,57,128,71,105,1,305,100,0,100,405
05/26/2012,BUR,CA,AWP,WE,Towers with Radar,80,28,29,0,137,0,3,46,0,49,80,31,75,0,186,62,0,62,248
05/27/2012,BUR,CA,AWP,WE,Towers with Radar,87,24,29,0,140,0,3,84,0,87,87,27,113,0,227,206,0,206,433
05/28/2012,BUR,CA,AWP,WE,Towers with Radar,102,47,37,0,186,0,1,82,3,86,102,48,119,3,272,74,0,74,346
05/29/2012,BUR,CA,AWP,WE,Towers with Radar,125,53,37,0,215,0,10,90,0,100,125,63,127,0,315,92,0,92,407
05/30/2012,BUR,CA,AWP,WE,Towers with Radar,127,64,48,0,239,0,7,84,5,96,127,71,132,5,335,142,0,142,477
05/31/2012,BUR,CA,AWP,WE,Towers with Radar,131,86,59,1,277,0,7,104,2,113,131,93,163,3,390,240,0,240,630
06/01/2012,BUR,CA,AWP,WE,Towers with Radar,127,68,58,0,253,0,6,61,0,67,127,74,119,0,320,152,0,152,472
06/02/2012,BUR,CA,AWP,WE,Towers with Radar,90,25,56,0,171,0,1,48,0,49,90,26,104,0,220,166,0,166,386
06/03/2012,BUR,CA,AWP,WE,Towers with Radar,112,49,52,0,213,0,2,71,1,74,112,51,123,1,287,96,0,96,383
06/04/2012,BUR,CA,AWP,WE,Towers with Radar,126,60,56,0,242,0,4,90,0,94,126,64,146,0,336,188,0,188,524
06/05/2012,BUR,CA,AWP,WE,Towers with Radar,126,71,41,0,238,0,7,68,0,75,126,78,109,0,313,86,0,86,399
06/06/2012,BUR,CA,AWP,WE,Towers with Radar,129,62,32,1,224,0,4,39,2,45,129,66,71,3,269,33,0,33,302
06/07/2012,BUR,CA,AWP,WE,Towers with Radar,131,65,38,1,235,0,4,35,3,42,131,69,73,4,277,38,0,38,315
06/08/2012,BUR,CA,AWP,WE,Towers with Radar,129,59,40,0,228,0,10,50,0,60,129,69,90,0,288,144,0,144,432
06/09/2012,BUR,CA,AWP,WE,Towers with Radar,89,33,32,0,154,0,2,45,0,47,89,35,77,0,201,108,0,108,309
06/10/2012,BUR,CA,AWP,WE,Towers with Radar,116,41,78,0,235,0,0,52,0,52,116,41,130,0,287,138,0,138,425
06/11/2012,BUR,CA,AWP,WE,Towers with Radar,127,51,46,1,225,0,7,71,7,85,127,58,117,8,310,96,0,96,406
06/12/2012,BUR,CA,AWP,WE,Towers with Radar,130,68,42,4,244,0,5,48,5,58,130,73,90,9,302,140,0,140,442
06/13/2012,BUR,CA,AWP,WE,Towers with Radar,136,56,62,2,256,0,5,69,2,76,136,61,131,4,332,131,0,131,463
06/14/2012,BUR,CA,AWP,WE,Towers with Radar,133,63,39,0,235,0,9,66,1,76,133,72,105,1,311,100,0,100,411
06/15/2012,BUR,CA,AWP,WE,Towers with Radar,129,64,64,0,257,0,7,71,0,78,129,71,135,0,335,144,0,144,479
06/16/2012,BUR,CA,AWP,WE,Towers with Radar,90,33,65,0,188,0,0,66,0,66,90,33,131,0,254,148,0,148,402
06/17/2012,BUR,CA,AWP,WE,Towers with Radar,117,42,43,0,202,0,2,58,2,62,117,44,101,2,264,86,0,86,350
06/18/2012,BUR,CA,AWP,WE,Towers with Radar,125,47,79,0,251,0,5,61,0,66,125,52,140,0,317,118,0,118,435
06/19/2012,BUR,CA,AWP,WE,Towers with Radar,130,49,58,2,239,0,12,71,3,86,130,61,129,5,325,152,0,152,477
06/20/2012,BUR,CA,AWP,WE,Towers with Radar,127,62,41,0,230,0,6,85,1,92,127,68,126,1,322,124,0,124,446
06/21/2012,BUR,CA,AWP,WE,Towers with Radar,130,55,48,0,233,0,7,47,1,55,130,62,95,1,288,8,0,8,296
06/22/2012,BUR,CA,AWP,WE,Towers with Radar,125,59,37,0,221,0,10,53,0,63,125,69,90,0,284,102,0,102,386
06/23/2012,BUR,CA,AWP,WE,Towers with Radar,92,27,57,0,176,0,3,51,0,54,92,30,108,0,230,22,0,22,252
06/24/2012,BUR,CA,AWP,WE,Towers with Radar,119,35,49,1,204,0,2,72,0,74,119,37,121,1,278,84,0,84,362
06/25/2012,BUR,CA,AWP,WE,Towers with Radar,124,52,33,2,211,0,9,66,2,77,124,61,99,4,288,72,0,72,360
06/26/2012,BUR,CA,AWP,WE,Towers with Radar,127,56,53,0,236,0,7,60,0,67,127,63,113,0,303,92,0,92,395
06/27/2012,BUR,CA,AWP,WE,Towers with Radar,126,63,30,0,219,0,8,81,1,90,126,71,111,1,309,68,0,68,377
06/28/2012,BUR,CA,AWP,WE,Towers with Radar,132,61,51,0,244,0,7,66,4,77,132,68,117,4,321,164,0,164,485
06/29/2012,BUR,CA,AWP,WE,Towers with Radar,126,72,51,0,249,0,9,68,0,77,126,81,119,0,326,110,0,110,436
06/30/2012,BUR,CA,AWP,WE,Towers with Radar,92,33,30,0,155,0,7,52,0,59,92,40,82,0,214,36,0,36,250
07/01/2012,BUR,CA,AWP,WE,Towers with Radar,119,36,30,0,185,0,2,59,0,61,119,38,89,0,246,10,0,10,256
07/02/2012,BUR,CA,AWP,WE,Towers with Radar,129,43,32,5,209,0,10,60,6,76,129,53,92,11,285,42,0,42,327
07/03/2012,BUR,CA,AWP,WE,Towers with Radar,136,59,26,1,222,0,7,64,0,71,136,66,90,1,293,48,0,48,341
07/04/2012,BUR,CA,AWP,WE,Towers with Radar,115,38,21,0,174,0,7,59,0,66,115,45,80,0,240,54,0,54,294
07/05/2012,BUR,CA,AWP,WE,Towers with Radar,133,63,52,0,248,0,6,60,3,69,133,69,112,3,317,24,0,24,341
07/06/2012,BUR,CA,AWP,WE,Towers with Radar,130,62,34,0,226,0,5,59,1,65,130,67,93,1,291,132,0,132,423
07/07/2012,BUR,CA,AWP,WE,Towers with Radar,94,35,70,0,199,0,2,69,0,71,94,37,139,0,270,46,0,46,316
07/08/2012,BUR,CA,AWP,WE,Towers with Radar,118,37,68,0,223,0,2,57,1,60,118,39,125,1,283,60,0,60,343
07/09/2012,BUR,CA,AWP,WE,Towers with Radar,132,51,41,0,224,0,5,81,1,87,132,56,122,1,311,54,0,54,365
07/10/2012,BUR,CA,AWP,WE,Towers with Radar,127,58,49,1,235,0,4,74,1,79,127,62,123,2,314,44,0,44,358
07/11/2012,BUR,CA,AWP,WE,Towers with Radar,131,63,56,0,250,1,7,58,3,69,132,70,114,3,319,98,0,98,417
07/12/2012,BUR,CA,AWP,WE,Towers with Radar,136,53,63,2,254,0,10,63,1,74,136,63,126,3,328,52,0,52,380
07/13/2012,BUR,CA,AWP,WE,Towers with Radar,131,59,48,0,238,0,14,52,2,68,131,73,100,2,306,92,0,92,398
07/14/2012,BUR,CA,AWP,WE,Towers with Radar,98,30,89,0,217,0,3,53,0,56,98,33,142,0,273,44,0,44,317
07/15/2012,BUR,CA,AWP,WE,Towers with Radar,118,38,48,0,204,0,0,51,1,52,118,38,99,1,256,16,0,16,272
07/16/2012,BUR,CA,AWP,WE,Towers with Radar,130,56,87,0,273,0,4,78,0,82,130,60,165,0,355,150,0,150,505
07/17/2012,BUR,CA,AWP,WE,Towers with Radar,132,66,45,0,243,0,5,84,1,90,132,71,129,1,333,50,0,50,383
07/18/2012,BUR,CA,AWP,WE,Towers with Radar,133,61,51,0,245,0,9,81,4,94,133,70,132,4,339,84,0,84,423
07/19/2012,BUR,CA,AWP,WE,Towers with Radar,136,65,49,0,250,0,6,59,6,71,136,71,108,6,321,42,0,42,363
07/20/2012,BUR,CA,AWP,WE,Towers with Radar,128,59,75,0,262,0,8,75,0,83,128,67,150,0,345,64,0,64,409
07/21/2012,BUR,CA,AWP,WE,Towers with Radar,97,35,63,0,195,0,4,97,0,101,97,39,160,0,296,32,0,32,328
07/22/2012,BUR,CA,AWP,WE,Towers with Radar,119,47,57,0,223,0,7,75,3,85,119,54,132,3,308,62,0,62,370
07/23/2012,BUR,CA,AWP,WE,Towers with Radar,133,55,61,0,249,1,7,79,4,91,134,62,140,4,340,140,0,140,480
07/24/2012,BUR,CA,AWP,WE,Towers with Radar,126,68,33,0,227,0,7,55,1,63,126,75,88,1,290,128,0,128,418
07/25/2012,BUR,CA,AWP,WE,Towers with Radar,131,73,39,3,246,0,7,49,1,57,131,80,88,4,303,140,0,140,443
07/26/2012,BUR,CA,AWP,WE,Towers with Radar,131,73,35,1,240,0,8,52,2,62,131,81,87,3,302,80,0,80,382
07/27/2012,BUR,CA,AWP,WE,Towers with Radar,132,58,42,0,232,0,8,46,0,54,132,66,88,0,286,84,0,84,370
07/28/2012,BUR,CA,AWP,WE,Towers with Radar,98,37,69,0,204,0,3,54,1,58,98,40,123,1,262,30,0,30,292
07/29/2012,BUR,CA,AWP,WE,Towers with Radar,119,37,29,1,186,0,0,78,2,80,119,37,107,3,266,66,0,66,332
07/30/2012,BUR,CA,AWP,WE,Towers with Radar,128,48,69,0,245,0,7,76,2,85,128,55,145,2,330,166,0,166,496
07/31/2012,BUR,CA,AWP,WE,Towers with Radar,130,61,29,0,220,1,8,81,2,92,131,69,110,2,312,66,0,66,378
08/01/2012,BUR,CA,AWP,WE,Towers with Radar,137,57,27,2,223,0,15,46,1,62,137,72,73,3,285,144,0,144,429
08/02/2012,BUR,CA,AWP,WE,Towers with Radar,133,58,36,0,227,0,9,42,0,51,133,67,78,0,278,102,0,102,380
08/03/2012,BUR,CA,AWP,WE,Towers with Radar,131,54,55,0,240,0,7,61,0,68,131,61,116,0,308,72,0,72,380
08/04/2012,BUR,CA,AWP,WE,Towers with Radar,97,24,57,0,178,0,0,48,6,54,97,24,105,6,232,212,0,212,444
08/05/2012,BUR,CA,AWP,WE,Towers with Radar,119,33,32,0,184,0,1,48,0,49,119,34,80,0,233,174,0,174,407
08/06/2012,BUR,CA,AWP,WE,Towers with Radar,138,49,27,0,214,0,8,54,1,63,138,57,81,1,277,216,0,216,493
08/07/2012,BUR,CA,AWP,WE,Towers with Radar,128,48,22,0,198,0,10,74,0,84,128,58,96,0,282,246,0,246,528
08/08/2012,BUR,CA,AWP,WE,Towers with Radar,140,49,29,0,218,0,8,66,1,75,140,57,95,1,293,192,0,192,485
08/09/2012,BUR,CA,AWP,WE,Towers with Radar,136,62,24,0,222,0,12,51,0,63,136,74,75,0,285,42,0,42,327
08/10/2012,BUR,CA,AWP,WE,Towers with Radar,128,55,51,1,235,0,10,52,2,64,128,65,103,3,299,46,0,46,345
08/11/2012,BUR,CA,AWP,WE,Towers with Radar,96,30,44,0,170,0,2,42,1,45,96,32,86,1,215,44,0,44,259
08/12/2012,BUR,CA,AWP,WE,Towers with Radar,117,33,67,1,218,0,1,64,3,68,117,34,131,4,286,42,0,42,328
08/13/2012,BUR,CA,AWP,WE,Towers with Radar,131,52,57,0,240,1,6,52,0,59,132,58,109,0,299,24,0,24,323
08/14/2012,BUR,CA,AWP,WE,Towers with Radar,137,59,41,2,239,0,11,61,3,75,137,70,102,5,314,34,0,34,348
08/15/2012,BUR,CA,AWP,WE,Towers with Radar,139,54,26,0,219,1,11,41,2,55,140,65,67,2,274,66,0,66,340
08/16/2012,BUR,CA,AWP,WE,Towers with Radar,136,63,38,0,237,0,13,67,1,81,136,76,105,1,318,0,0,0,318
08/17/2012,BUR,CA,AWP,WE,Towers with Radar,138,49,58,0,245,0,18,58,0,76,138,67,116,0,321,82,0,82,403
08/18/2012,BUR,CA,AWP,WE,Towers with Radar,91,29,69,6,195,0,1,44,0,45,91,30,113,6,240,2,0,2,242
08/19/2012,BUR,CA,AWP,WE,Towers with Radar,116,40,48,4,208,0,3,58,0,61,116,43,106,4,269,60,0,60,329
08/20/2012,BUR,CA,AWP,WE,Towers with Radar,135,43,31,3,212,0,6,69,3,78,135,49,100,6,290,60,0,60,350
08/21/2012,BUR,CA,AWP,WE,Towers with Radar,139,64,39,0,242,0,8,72,0,80,139,72,111,0,322,154,0,154,476
08/22/2012,BUR,CA,AWP,WE,Towers with Radar,138,48,44,0,230,0,10,67,1,78,138,58,111,1,308,66,0,66,374
08/23/2012,BUR,CA,AWP,WE,Towers with Radar,143,53,49,0,245,0,5,56,3,64,143,58,105,3,309,94,0,94,403
08/24/2012,BUR,CA,AWP,WE,Towers with Radar,136,53,63,0,252,0,10,69,1,80,136,63,132,1,332,24,0,24,356
08/25/2012,BUR,CA,AWP,WE,Towers with Radar,89,34,65,0,188,0,1,50,0,51,89,35,115,0,239,14,0,14,253
08/26/2012,BUR,CA,AWP,WE,Towers with Radar,117,36,56,0,209,0,3,69,1,73,117,39,125,1,282,22,0,22,304
08/27/2012,BUR,CA,AWP,WE,Towers with Radar,136,40,40,0,216,0,11,73,4,88,136,51,113,4,304,70,0,70,374
08/28/2012,BUR,CA,AWP,WE,Towers with Radar,133,48,30,0,211,0,18,67,0,85,133,66,97,0,296,112,0,112,408
08/29/2012,BUR,CA,AWP,WE,Towers with Radar,131,48,27,0,206,0,12,77,0,89,131,60,104,0,295,128,0,128,423
08/30/2012,BUR,CA,AWP,WE,Towers with Radar,136,50,28,0,214,0,11,58,2,71,136,61,86,2,285,58,0,58,343
08/31/2012,BUR,CA,AWP,WE,Towers with Radar,135,40,79,0,254,0,15,73,1,89,135,55,152,1,343,28,0,28,371
09/01/2012,BUR,CA,AWP,WE,Towers with Radar,84,22,63,2,171,0,1,73,2,76,84,23,136,4,247,8,0,8,255
09/02/2012,BUR,CA,AWP,WE,Towers with Radar,89,19,52,0,160,0,2,48,1,51,89,21,100,1,211,2,0,2,213
09/03/2012,BUR,CA,AWP,WE,Towers with Radar,114,27,67,0,208,0,0,75,1,76,114,27,142,1,284,34,0,34,318
09/04/2012,BUR,CA,AWP,WE,Towers with Radar,133,45,35,1,214,0,5,74,1,80,133,50,109,2,294,52,0,52,346
09/05/2012,BUR,CA,AWP,WE,Towers with Radar,135,62,24,1,222,0,2,39,0,41,135,64,63,1,263,44,0,44,307
09/06/2012,BUR,CA,AWP,WE,Towers with Radar,140,65,53,2,260,0,6,57,0,63,140,71,110,2,323,89,0,89,412
09/07/2012,BUR,CA,AWP,WE,Towers with Radar,137,60,56,0,253,0,15,72,2,89,137,75,128,2,342,46,0,46,388
09/08/2012,BUR,CA,AWP,WE,Towers with Radar,82,38,62,0,182,0,3,51,1,55,82,41,113,1,237,8,0,8,245
09/09/2012,BUR,CA,AWP,WE,Towers with Radar,114,45,41,0,200,1,2,91,1,95,115,47,132,1,295,50,0,50,345
09/10/2012,BUR,CA,AWP,WE,Towers with Radar,131,55,42,0,228,0,6,61,1,68,131,61,103,1,296,38,0,38,334
09/11/2012,BUR,CA,AWP,WE,Towers with Radar,136,58,42,0,236,0,5,44,0,49,136,63,86,0,285,28,0,28,313
09/12/2012,BUR,CA,AWP,WE,Towers with Radar,136,61,42,2,241,0,3,37,1,41,136,64,79,3,282,36,0,36,318
09/13/2012,BUR,CA,AWP,WE,Towers with Radar,139,65,56,0,260,0,5,61,1,67,139,70,117,1,327,100,0,100,427
09/14/2012,BUR,CA,AWP,WE,Towers with Radar,134,63,53,0,250,0,9,51,0,60,134,72,104,0,310,18,0,18,328
09/15/2012,BUR,CA,AWP,WE,Towers with Radar,85,28,76,0,189,0,3,41,0,44,85,31,117,0,233,40,0,40,273
09/16/2012,BUR,CA,AWP,WE,Towers with Radar,114,27,56,0,197,0,0,57,3,60,114,27,113,3,257,46,0,46,303
09/17/2012,BUR,CA,AWP,WE,Towers with Radar,135,48,25,0,208,1,5,68,10,84,136,53,93,10,292,60,0,60,352
09/18/2012,BUR,CA,AWP,WE,Towers with Radar,126,51,39,0,216,0,6,74,1,81,126,57,113,1,297,98,0,98,395
09/19/2012,BUR,CA,AWP,WE,Towers with Radar,134,54,47,0,235,0,4,67,3,74,134,58,114,3,309,120,0,120,429
09/20/2012,BUR,CA,AWP,WE,Towers with Radar,135,55,67,0,257,0,8,75,1,84,135,63,142,1,341,68,0,68,409
09/21/2012,BUR,CA,AWP,WE,Towers with Radar,135,59,101,0,295,0,12,91,0,103,135,71,192,0,398,8,0,8,406
09/22/2012,BUR,CA,AWP,WE,Towers with Radar,81,30,62,0,173,0,5,68,0,73,81,35,130,0,246,18,0,18,264
09/23/2012,BUR,CA,AWP,WE,Towers with Radar,117,38,26,1,182,0,0,69,0,69,117,38,95,1,251,78,0,78,329
09/24/2012,BUR,CA,AWP,WE,Towers with Radar,135,53,37,0,225,0,7,61,0,68,135,60,98,0,293,64,0,64,357
09/25/2012,BUR,CA,AWP,WE,Towers with Radar,135,53,31,2,221,1,9,82,3,95,136,62,113,5,316,38,0,38,354
09/26/2012,BUR,CA,AWP,WE,Towers with Radar,138,53,18,0,209,0,7,43,3,53,138,60,61,3,262,60,0,60,322
09/27/2012,BUR,CA,AWP,WE,Towers with Radar,141,58,45,0,244,0,9,53,2,64,141,67,98,2,308,76,0,76,384
09/28/2012,BUR,CA,AWP,WE,Towers with Radar,137,55,46,2,240,0,7,89,0,96,137,62,135,2,336,74,0,74,410
09/29/2012,BUR,CA,AWP,WE,Towers with Radar,85,30,55,0,170,0,1,62,0,63,85,31,117,0,233,46,0,46,279
09/30/2012,BUR,CA,AWP,WE,Towers with Radar,114,42,42,1,199,0,0,51,0,51,114,42,93,1,250,6,0,6,256
10/01/2012,BUR,CA,AWP,WE,Towers with Radar,136,47,62,4,249,0,8,68,3,79,136,55,130,7,328,32,0,32,360
10/02/2012,BUR,CA,AWP,WE,Towers with Radar,133,61,33,1,228,0,9,44,1,54,133,70,77,2,282,38,0,38,320
10/03/2012,BUR,CA,AWP,WE,Towers with Radar,137,51,41,0,229,0,6,69,1,76,137,57,110,1,305,110,0,110,415
10/04/2012,BUR,CA,AWP,WE,Towers with Radar,135,61,29,1,226,0,8,53,1,62,135,69,82,2,288,80,0,80,368
10/05/2012,BUR,CA,AWP,WE,Towers with Radar,137,71,53,4,265,0,8,63,0,71,137,79,116,4,336,80,0,80,416
10/06/2012,BUR,CA,AWP,WE,Towers with Radar,82,30,48,6,166,0,2,40,0,42,82,32,88,6,208,90,0,90,298
10/07/2012,BUR,CA,AWP,WE,Towers with Radar,114,36,26,0,176,0,0,32,1,33,114,36,58,1,209,44,0,44,253
10/08/2012,BUR,CA,AWP,WE,Towers with Radar,141,45,47,6,239,0,9,53,0,62,141,54,100,6,301,148,0,148,449
10/09/2012,BUR,CA,AWP,WE,Towers with Radar,135,53,51,4,243,0,2,43,0,45,135,55,94,4,288,74,0,74,362
10/10/2012,BUR,CA,AWP,WE,Towers with Radar,139,53,44,4,240,0,5,43,0,48,139,58,87,4,288,80,0,80,368
10/11/2012,BUR,CA,AWP,WE,Towers with Radar,135,62,30,2,229,1,13,46,3,63,136,75,76,5,292,184,0,184,476
10/12/2012,BUR,CA,AWP,WE,Towers with Radar,140,44,27,3,214,0,4,42,3,49,140,48,69,6,263,10,0,10,273
10/13/2012,BUR,CA,AWP,WE,Towers with Radar,86,34,32,2,154,0,2,63,1,66,86,36,95,3,220,34,0,34,254
10/14/2012,BUR,CA,AWP,WE,Towers with Radar,116,32,38,1,187,0,0,46,2,48,116,32,84,3,235,90,0,90,325
10/15/2012,BUR,CA,AWP,WE,Towers with Radar,138,35,24,0,197,0,7,52,0,59,138,42,76,0,256,84,0,84,340
10/16/2012,BUR,CA,AWP,WE,Towers with Radar,138,41,24,1,204,0,10,61,2,73,138,51,85,3,277,150,0,150,427
10/17/2012,BUR,CA,AWP,WE,Towers with Radar,141,46,30,3,220,0,8,72,1,81,141,54,102,4,301,142,0,142,443
10/18/2012,BUR,CA,AWP,WE,Towers with Radar,142,62,82,0,286,0,6,75,1,82,142,68,157,1,368,45,0,45,413
10/19/2012,BUR,CA,AWP,WE,Towers with Radar,134,59,27,0,220,0,6,55,1,62,134,65,82,1,282,66,0,66,348
10/20/2012,BUR,CA,AWP,WE,Towers with Radar,84,34,81,0,199,0,0,34,0,34,84,34,115,0,233,164,0,164,397
10/21/2012,BUR,CA,AWP,WE,Towers with Radar,117,34,32,2,185,0,2,61,10,73,117,36,93,12,258,158,0,158,416
10/22/2012,BUR,CA,AWP,WE,Towers with Radar,134,57,39,0,230,0,6,49,0,55,134,63,88,0,285,132,0,132,417
10/23/2012,BUR,CA,AWP,WE,Towers with Radar,144,55,45,1,245,0,4,81,0,85,144,59,126,1,330,122,0,122,452
10/24/2012,BUR,CA,AWP,WE,Towers with Radar,141,58,35,3,237,1,4,55,1,61,142,62,90,4,298,64,0,64,362
10/25/2012,BUR,CA,AWP,WE,Towers with Radar,144,57,22,1,224,0,3,65,4,72,144,60,87,5,296,74,0,74,370
10/26/2012,BUR,CA,AWP,WE,Towers with Radar,134,68,39,1,242,0,7,85,1,93,134,75,124,2,335,98,0,98,433
10/27/2012,BUR,CA,AWP,WE,Towers with Radar,84,25,18,0,127,0,3,49,0,52,84,28,67,0,179,15,0,15,194
10/28/2012,BUR,CA,AWP,WE,Towers with Radar,113,30,35,0,178,0,0,56,3,59,113,30,91,3,237,68,0,68,305
10/29/2012,BUR,CA,AWP,WE,Towers with Radar,130,50,48,0,228,0,6,58,0,64,130,56,106,0,292,48,0,48,340
10/30/2012,BUR,CA,AWP,WE,Towers with Radar,142,42,26,0,210,0,4,70,0,74,142,46,96,0,284,38,0,38,322
10/31/2012,BUR,CA,AWP,WE,Towers with Radar,122,40,45,0,207,0,6,82,0,88,122,46,127,0,295,12,0,12,307
11/01/2012,BUR,CA,AWP,WE,Towers with Radar,133,63,50,2,248,0,4,30,2,36,133,67,80,4,284,6,0,6,290
11/02/2012,BUR,CA,AWP,WE,Towers with Radar,135,61,43,2,241,0,4,65,0,69,135,65,108,2,310,82,0,82,392
11/03/2012,BUR,CA,AWP,WE,Towers with Radar,84,48,55,2,189,0,1,70,0,71,84,49,125,2,260,54,0,54,314
11/04/2012,BUR,CA,AWP,WE,Towers with Radar,109,56,52,1,218,0,0,64,0,64,109,56,116,1,282,82,0,82,364
11/05/2012,BUR,CA,AWP,WE,Towers with Radar,135,60,54,1,250,0,3,67,2,72,135,63,121,3,322,64,0,64,386
11/06/2012,BUR,CA,AWP,WE,Towers with Radar,126,61,41,0,228,0,2,82,1,85,126,63,123,1,313,178,0,178,491
11/07/2012,BUR,CA,AWP,WE,Towers with Radar,137,63,50,1,251,0,4,39,0,43,137,67,89,1,294,100,0,100,394
11/08/2012,BUR,CA,AWP,WE,Towers with Radar,135,69,50,0,254,0,0,51,0,51,135,69,101,0,305,18,0,18,323
11/09/2012,BUR,CA,AWP,WE,Towers with Radar,141,67,50,0,258,0,7,57,0,64,141,74,107,0,322,144,0,144,466
11/10/2012,BUR,CA,AWP,WE,Towers with Radar,89,36,21,1,147,0,0,66,2,68,89,36,87,3,215,98,0,98,313
11/11/2012,BUR,CA,AWP,WE,Towers with Radar,111,36,37,0,184,0,2,76,1,79,111,38,113,1,263,98,0,98,361
11/12/2012,BUR,CA,AWP,WE,Towers with Radar,132,43,72,0,247,0,2,75,2,79,132,45,147,2,326,166,0,166,492
11/13/2012,BUR,CA,AWP,WE,Towers with Radar,134,56,42,0,232,0,5,78,1,84,134,61,120,1,316,160,0,160,476
11/14/2012,BUR,CA,AWP,WE,Towers with Radar,136,59,38,0,233,0,12,97,0,109,136,71,135,0,342,110,0,110,452
11/15/2012,BUR,CA,AWP,WE,Towers with Radar,139,68,58,0,265,0,3,54,1,58,139,71,112,1,323,40,0,40,363
11/16/2012,BUR,CA,AWP,WE,Towers with Radar,135,54,43,2,234,0,6,36,0,42,135,60,79,2,276,32,0,32,308
11/17/2012,BUR,CA,AWP,WE,Towers with Radar,91,28,54,0,173,0,0,8,1,9,91,28,62,1,182,18,0,18,200
11/18/2012,BUR,CA,AWP,WE,Towers with Radar,109,36,33,4,182,0,1,39,0,40,109,37,72,4,222,40,0,40,262
11/19/2012,BUR,CA,AWP,WE,Towers with Radar,136,47,63,0,246,0,6,80,0,86,136,53,143,0,332,134,0,134,466
11/20/2012,BUR,CA,AWP,WE,Towers with Radar,138,67,37,0,242,1,6,101,1,109,139,73,138,1,351,92,0,92,443
11/21/2012,BUR,CA,AWP,WE,Towers with Radar,138,63,32,0,233,1,5,64,0,70,139,68,96,0,303,20,0,20,323
11/22/2012,BUR,CA,AWP,WE,Towers with Radar,82,32,4,0,118,0,1,34,1,36,82,33,38,1,154,48,0,48,202
11/23/2012,BUR,CA,AWP,WE,Towers with Radar,112,36,31,0,179,0,5,46,0,51,112,41,77,0,230,28,0,28,258
11/24/2012,BUR,CA,AWP,WE,Towers with Radar,103,42,65,0,210,1,6,66,0,73,104,48,131,0,283,44,0,44,327
11/25/2012,BUR,CA,AWP,WE,Towers with Radar,134,42,81,0,257,0,3,45,2,50,134,45,126,2,307,18,0,18,325
11/26/2012,BUR,CA,AWP,WE,Towers with Radar,136,51,50,0,237,0,6,54,0,60,136,57,104,0,297,91,0,91,388
11/27/2012,BUR,CA,AWP,WE,Towers with Radar,129,58,43,1,231,0,5,69,3,77,129,63,112,4,308,134,0,134,442
11/28/2012,BUR,CA,AWP,WE,Towers with Radar,132,56,38,0,226,0,1,28,0,29,132,57,66,0,255,76,0,76,331
11/29/2012,BUR,CA,AWP,WE,Towers with Radar,102,52,40,1,195,0,0,8,0,8,102,52,48,1,203,0,0,0,203
11/30/2012,BUR,CA,AWP,WE,Towers with Radar,129,56,38,0,223,0,1,13,0,14,129,57,51,0,237,0,0,0,237
12/01/2012,BUR,CA,AWP,WE,Towers with Radar,84,21,56,0,161,0,2,12,1,15,84,23,68,1,176,0,0,0,176
12/02/2012,BUR,CA,AWP,WE,Towers with Radar,110,43,26,0,179,0,0,8,1,9,110,43,34,1,188,0,0,0,188
12/03/2012,BUR,CA,AWP,WE,Towers with Radar,128,52,37,0,217,0,1,44,3,48,128,53,81,3,265,26,0,26,291
12/04/2012,BUR,CA,AWP,WE,Towers with Radar,132,62,41,1,236,0,5,53,1,59,132,67,94,2,295,68,0,68,363
12/05/2012,BUR,CA,AWP,WE,Towers with Radar,122,50,22,2,196,0,7,49,2,58,122,57,71,4,254,42,0,42,296
12/06/2012,BUR,CA,AWP,WE,Towers with Radar,134,58,52,2,246,0,6,50,0,56,134,64,102,2,302,52,0,52,354
12/07/2012,BUR,CA,AWP,WE,Towers with Radar,135,53,47,0,235,0,8,71,3,82,135,61,118,3,317,80,0,80,397
12/08/2012,BUR,CA,AWP,WE,Towers with Radar,84,24,62,0,170,0,0,56,3,59,84,24,118,3,229,68,0,68,297
12/09/2012,BUR,CA,AWP,WE,Towers with Radar,109,41,49,0,199,0,1,48,0,49,109,42,97,0,248,50,0,50,298
12/10/2012,BUR,CA,AWP,WE,Towers with Radar,129,58,61,2,250,0,6,79,0,85,129,64,140,2,335,154,0,154,489
12/11/2012,BUR,CA,AWP,WE,Towers with Radar,131,66,28,2,227,0,5,83,3,91,131,71,111,5,318,208,0,208,526
12/12/2012,BUR,CA,AWP,WE,Towers with Radar,132,58,37,0,227,0,2,55,0,57,132,60,92,0,284,196,0,196,480
12/13/2012,BUR,CA,AWP,WE,Towers with Radar,131,72,33,2,238,0,5,50,0,55,131,77,83,2,293,172,0,172,465
12/14/2012,BUR,CA,AWP,WE,Towers with Radar,132,57,35,0,224,0,1,45,0,46,132,58,80,0,270,84,0,84,354
12/15/2012,BUR,CA,AWP,WE,Towers with Radar,86,30,26,0,142,0,1,39,0,40,86,31,65,0,182,62,0,62,244
12/16/2012,BUR,CA,AWP,WE,Towers with Radar,105,30,58,0,193,0,0,47,1,48,105,30,105,1,241,166,0,166,407
12/17/2012,BUR,CA,AWP,WE,Towers with Radar,130,48,53,2,233,0,0,63,0,63,130,48,116,2,296,64,0,64,360
12/18/2012,BUR,CA,AWP,WE,Towers with Radar,128,65,49,0,242,0,4,32,0,36,128,69,81,0,278,20,0,20,298
12/19/2012,BUR,CA,AWP,WE,Towers with Radar,131,64,42,3,240,0,8,89,2,99,131,72,131,5,339,124,0,124,463
12/20/2012,BUR,CA,AWP,WE,Towers with Radar,133,61,41,0,235,0,6,62,0,68,133,67,103,0,303,114,0,114,417
12/21/2012,BUR,CA,AWP,WE,Towers with Radar,120,59,39,0,218,0,13,59,0,72,120,72,98,0,290,106,0,106,396
12/22/2012,BUR,CA,AWP,WE,Towers with Radar,118,46,32,0,196,0,5,26,0,31,118,51,58,0,227,18,0,18,245
12/23/2012,BUR,CA,AWP,WE,Towers with Radar,106,36,27,0,169,0,0,35,2,37,106,36,62,2,206,30,0,30,236
12/24/2012,BUR,CA,AWP,WE,Towers with Radar,97,54,12,0,163,0,3,33,0,36,97,57,45,0,199,44,0,44,243
12/25/2012,BUR,CA,AWP,WE,Towers with Radar,84,29,14,0,127,0,0,17,0,17,84,29,31,0,144,4,0,4,148
12/26/2012,BUR,CA,AWP,WE,Towers with Radar,124,56,31,2,213,0,4,36,0,40,124,60,67,2,253,2,0,2,255
12/27/2012,BUR,CA,AWP,WE,Towers with Radar,129,64,28,0,221,1,6,53,2,62,130,70,81,2,283,86,0,86,369
12/28/2012,BUR,CA,AWP,WE,Towers with Radar,122,64,46,0,232,0,7,72,1,80,122,71,118,1,312,30,0,30,342
12/29/2012,BUR,CA,AWP,WE,Towers with Radar,91,27,49,0,167,0,0,39,0,39,91,27,88,0,206,50,0,50,256
12/30/2012,BUR,CA,AWP,WE,Towers with Radar,103,42,55,0,200,0,0,42,0,42,103,42,97,0,242,42,0,42,284
12/31/2012,BUR,CA,AWP,WE,Towers with Radar,92,52,47,0,191,0,5,80,0,85,92,57,127,0,276,136,0,136,412
01/01/2013,BUR,CA,AWP,WE,Towers with Radar,94,88,92,0,274,0,1,56,2,59,94,89,148,2,333,42,0,42,375
01/02/2013,BUR,CA,AWP,WE,Towers with Radar,131,70,43,2,246,0,6,44,1,51,131,76,87,3,297,34,0,34,331
01/03/2013,BUR,CA,AWP,WE,Towers with Radar,131,52,29,0,212,0,8,38,0,46,131,60,67,0,258,26,0,26,284
01/04/2013,BUR,CA,AWP,WE,Towers with Radar,128,48,58,0,234,1,14,62,0,77,129,62,120,0,311,28,0,28,339
01/05/2013,BUR,CA,AWP,WE,Towers with Radar,91,22,36,0,149,0,4,42,0,46,91,26,78,0,195,76,0,76,271
01/06/2013,BUR,CA,AWP,WE,Towers with Radar,100,37,41,0,178,0,2,40,1,43,100,39,81,1,221,52,0,52,273
01/07/2013,BUR,CA,AWP,WE,Towers with Radar,124,51,34,0,209,0,5,56,1,62,124,56,90,1,271,2,0,2,273
01/08/2013,BUR,CA,AWP,WE,Towers with Radar,126,47,29,0,202,0,5,52,2,59,126,52,81,2,261,100,0,100,361
01/09/2013,BUR,CA,AWP,WE,Towers with Radar,126,58,37,1,222,0,4,48,0,52,126,62,85,1,274,106,0,106,380
01/10/2013,BUR,CA,AWP,WE,Towers with Radar,119,67,33,0,219,0,3,25,0,28,119,70,58,0,247,38,0,38,285
01/11/2013,BUR,CA,AWP,WE,Towers with Radar,121,54,60,0,235,0,6,29,3,38,121,60,89,3,273,118,0,118,391
01/12/2013,BUR,CA,AWP,WE,Towers with Radar,85,23,32,0,140,0,5,38,0,43,85,28,70,0,183,68,0,68,251
01/13/2013,BUR,CA,AWP,WE,Towers with Radar,95,30,31,0,156,0,5,72,3,80,95,35,103,3,236,46,0,46,282
01/14/2013,BUR,CA,AWP,WE,Towers with Radar,120,50,34,0,204,1,6,74,2,83,121,56,108,2,287,152,0,152,439
01/15/2013,BUR,CA,AWP,WE,Towers with Radar,125,61,39,2,227,0,6,60,0,66,125,67,99,2,293,61,0,61,354
01/16/2013,BUR,CA,AWP,WE,Towers with Radar,114,53,37,2,206,0,6,64,2,72,114,59,101,4,278,68,0,68,346
01/17/2013,BUR,CA,AWP,WE,Towers with Radar,132,49,90,1,272,0,4,92,1,97,132,53,182,2,369,144,0,144,513
01/18/2013,BUR,CA,AWP,WE,Towers with Radar,127,74,51,0,252,0,5,55,0,60,127,79,106,0,312,156,0,156,468
01/19/2013,BUR,CA,AWP,WE,Towers with Radar,86,23,54,0,163,0,3,45,1,49,86,26,99,1,212,96,0,96,308
01/20/2013,BUR,CA,AWP,WE,Towers with Radar,96,24,56,0,176,0,3,74,0,77,96,27,130,0,253,40,0,40,293
01/21/2013,BUR,CA,AWP,WE,Towers with Radar,123,50,59,0,232,0,5,62,0,67,123,55,121,0,299,130,0,130,429
01/22/2013,BUR,CA,AWP,WE,Towers with Radar,127,46,33,2,208,0,4,44,0,48,127,50,77,2,256,0,0,0,256
01/23/2013,BUR,CA,AWP,WE,Towers with Radar,126,58,42,0,226,0,6,61,0,67,126,64,103,0,293,110,0,110,403
01/24/2013,BUR,CA,AWP,WE,Towers with Radar,129,72,46,0,247,0,2,19,0,21,129,74,65,0,268,90,0,90,358
01/25/2013,BUR,CA,AWP,WE,Towers with Radar,129,62,69,1,261,0,2,39,0,41,129,64,108,1,302,48,0,48,350
01/26/2013,BUR,CA,AWP,WE,Towers with Radar,83,32,40,1,156,0,1,38,0,39,83,33,78,1,195,48,0,48,243
01/27/2013,BUR,CA,AWP,WE,Towers with Radar,99,45,42,0,186,0,0,56,0,56,99,45,98,0,242,0,0,0,242
01/28/2013,BUR,CA,AWP,WE,Towers with Radar,127,46,49,0,222,0,3,55,0,58,127,49,104,0,280,108,0,108,388
01/29/2013,BUR,CA,AWP,WE,Towers with Radar,125,52,37,0,214,0,4,41,0,45,125,56,78,0,259,112,0,112,371
01/30/2013,BUR,CA,AWP,WE,Towers with Radar,129,66,36,0,231,0,4,66,1,71,129,70,102,1,302,38,0,38,340
01/31/2013,BUR,CA,AWP,WE,Towers with Radar,131,63,38,0,232,0,5,70,2,77,131,68,108,2,309,42,0,42,351
02/01/2013,BUR,CA,AWP,WE,Towers with Radar,126,73,52,1,252,0,9,71,0,80,126,82,123,1,332,24,0,24,356
02/02/2013,BUR,CA,AWP,WE,Towers with Radar,84,28,31,0,143,0,0,49,0,49,84,28,80,0,192,212,0,212,404
02/03/2013,BUR,CA,AWP,WE,Towers with Radar,93,40,29,1,163,0,1,66,0,67,93,41,95,1,230,256,0,256,486
02/04/2013,BUR,CA,AWP,WE,Towers with Radar,124,50,54,0,228,0,5,66,0,71,124,55,120,0,299,238,0,238,537
02/05/2013,BUR,CA,AWP,WE,Towers with Radar,128,56,31,1,216,0,0,18,0,18,128,56,49,1,234,6,0,6,240
02/06/2013,BUR,CA,AWP,WE,Towers with Radar,124,51,40,3,218,0,3,56,1,60,124,54,96,4,278,178,0,178,456
02/07/2013,BUR,CA,AWP,WE,Towers with Radar,128,52,33,2,215,0,1,48,0,49,128,53,81,2,264,230,0,230,494
02/08/2013,BUR,CA,AWP,WE,Towers with Radar,128,53,39,1,221,0,3,38,0,41,128,56,77,1,262,208,0,208,470
02/09/2013,BUR,CA,AWP,WE,Towers with Radar,79,30,63,3,175,0,2,55,1,58,79,32,118,4,233,56,0,56,289
02/10/2013,BUR,CA,AWP,WE,Towers with Radar,103,39,37,1,180,1,1,83,0,85,104,40,120,1,265,142,0,142,407
02/11/2013,BUR,CA,AWP,WE,Towers with Radar,127,48,52,0,227,0,4,65,1,70,127,52,117,1,297,110,0,110,407
02/12/2013,BUR,CA,AWP,WE,Towers with Radar,127,48,19,0,194,0,8,84,0,92,127,56,103,0,286,176,0,176,462
02/13/2013,BUR,CA,AWP,WE,Towers with Radar,130,53,25,0,208,0,4,76,4,84,130,57,101,4,292,136,0,136,428
02/14/2013,BUR,CA,AWP,WE,Towers with Radar,126,64,49,0,239,0,4,74,0,78,126,68,123,0,317,102,0,102,419
02/15/2013,BUR,CA,AWP,WE,Towers with Radar,127,62,42,0,231,0,9,81,1,91,127,71,123,1,322,110,0,110,432
02/16/2013,BUR,CA,AWP,WE,Towers with Radar,77,26,74,0,177,0,2,88,4,94,77,28,162,4,271,96,0,96,367
02/17/2013,BUR,CA,AWP,WE,Towers with Radar,100,37,45,0,182,4,1,103,0,108,104,38,148,0,290,186,0,186,476
02/18/2013,BUR,CA,AWP,WE,Towers with Radar,123,50,68,0,241,0,1,69,0,70,123,51,137,0,311,204,0,204,515
02/19/2013,BUR,CA,AWP,WE,Towers with Radar,127,56,30,0,213,0,2,35,0,37,127,58,65,0,250,20,0,20,270
02/20/2013,BUR,CA,AWP,WE,Towers with Radar,124,58,23,0,205,0,2,57,0,59,124,60,80,0,264,180,0,180,444
02/21/2013,BUR,CA,AWP,WE,Towers with Radar,124,66,50,0,240,0,5,73,1,79,124,71,123,1,319,182,0,182,501
02/22/2013,BUR,CA,AWP,WE,Towers with Radar,125,64,51,0,240,0,10,61,0,71,125,74,112,0,311,130,0,130,441
02/23/2013,BUR,CA,AWP,WE,Towers with Radar,81,34,55,0,170,0,3,48,0,51,81,37,103,0,221,148,0,148,369
02/24/2013,BUR,CA,AWP,WE,Towers with Radar,97,44,35,0,176,0,0,46,0,46,97,44,81,0,222,84,0,84,306
02/25/2013,BUR,CA,AWP,WE,Towers with Radar,122,51,44,0,217,0,4,55,0,59,122,55,99,0,276,146,0,146,422
02/26/2013,BUR,CA,AWP,WE,Towers with Radar,123,65,35,0,223,0,6,78,0,84,123,71,113,0,307,18,0,18,325
02/27/2013,BUR,CA,AWP,WE,Towers with Radar,127,55,35,0,217,0,2,69,2,73,127,57,104,2,290,50,0,50,340
02/28/2013,BUR,CA,AWP,WE,Towers with Radar,126,76,35,2,239,0,5,50,2,57,126,81,85,4,296,96,0,96,392
03/01/2013,BUR,CA,AWP,WE,Towers with Radar,125,59,59,0,243,0,8,85,0,93,125,67,144,0,336,78,0,78,414
03/02/2013,BUR,CA,AWP,WE,Towers with Radar,84,31,33,0,148,0,3,57,0,60,84,34,90,0,208,58,0,58,266
03/03/2013,BUR,CA,AWP,WE,Towers with Radar,102,41,41,0,184,0,0,60,0,60,102,41,101,0,244,112,0,112,356
03/04/2013,BUR,CA,AWP,WE,Towers with Radar,123,54,39,1,217,0,5,55,0,60,123,59,94,1,277,106,0,106,383
03/05/2013,BUR,CA,AWP,WE,Towers with Radar,128,55,49,2,234,0,0,43,0,43,128,55,92,2,277,74,0,74,351
03/06/2013,BUR,CA,AWP,WE,Towers with Radar,125,55,44,0,224,0,4,51,0,55,125,59,95,0,279,66,0,66,345
03/07/2013,BUR,CA,AWP,WE,Towers with Radar,129,56,43,0,228,0,3,39,0,42,129,59,82,0,270,14,0,14,284
03/08/2013,BUR,CA,AWP,WE,Towers with Radar,123,69,67,0,259,0,5,29,0,34,123,74,96,0,293,104,0,104,397
03/09/2013,BUR,CA,AWP,WE,Towers with Radar,82,29,66,0,177,0,0,48,0,48,82,29,114,0,225,32,0,32,257
03/10/2013,BUR,CA,AWP,WE,Towers with Radar,103,34,65,0,202,0,0,73,2,75,103,34,138,2,277,242,0,242,519
03/11/2013,BUR,CA,AWP,WE,Towers with Radar,123,50,33,3,209,0,11,58,1,70,123,61,91,4,279,194,0,194,473
03/12/2013,BUR,CA,AWP,WE,Towers with Radar,129,51,37,2,219,0,11,79,0,90,129,62,116,2,309,200,0,200,509
03/13/2013,BUR,CA,AWP,WE,Towers with Radar,127,55,41,0,223,0,9,66,1,76,127,64,107,1,299,180,0,180,479
03/14/2013,BUR,CA,AWP,WE,Towers with Radar,129,82,66,0,277,0,9,92,1,102,129,91,158,1,379,130,0,130,509
03/15/2013,BUR,CA,AWP,WE,Towers with Radar,125,73,56,1,255,0,13,46,15,74,125,86,102,16,329,106,0,106,435
03/16/2013,BUR,CA,AWP,WE,Towers with Radar,82,35,38,0,155,0,0,36,0,36,82,35,74,0,191,136,0,136,327
03/17/2013,BUR,CA,AWP,WE,Towers with Radar,104,44,39,0,187,0,0,62,0,62,104,44,101,0,249,90,0,90,339
03/18/2013,BUR,CA,AWP,WE,Towers with Radar,123,48,44,0,215,0,5,48,0,53,123,53,92,0,268,73,0,73,341
03/19/2013,BUR,CA,AWP,WE,Towers with Radar,128,58,39,0,225,0,6,73,4,83,128,64,112,4,308,204,0,204,512
03/20/2013,BUR,CA,AWP,WE,Towers with Radar,129,59,56,0,244,0,5,55,0,60,129,64,111,0,304,154,0,154,458
03/21/2013,BUR,CA,AWP,WE,Towers with Radar,128,58,60,1,247,0,6,73,0,79,128,64,133,1,326,294,0,294,620
03/22/2013,BUR,CA,AWP,WE,Towers with Radar,127,61,52,1,241,0,8,114,3,125,127,69,166,4,366,64,0,64,430
03/23/2013,BUR,CA,AWP,WE,Towers with Radar,82,36,77,0,195,0,2,113,2,117,82,38,190,2,312,76,0,76,388
03/24/2013,BUR,CA,AWP,WE,Towers with Radar,104,49,37,0,190,0,1,135,0,136,104,50,172,0,326,58,0,58,384
03/25/2013,BUR,CA,AWP,WE,Towers with Radar,124,48,42,2,216,0,8,54,2,64,124,56,96,4,280,106,0,106,386
03/26/2013,BUR,CA,AWP,WE,Towers with Radar,131,46,50,4,231,0,9,68,0,77,131,55,118,4,308,60,0,60,368
03/27/2013,BUR,CA,AWP,WE,Towers with Radar,128,58,50,2,238,0,8,44,0,52,128,66,94,2,290,64,0,64,354
03/28/2013,BUR,CA,AWP,WE,Towers with Radar,129,68,50,0,247,0,3,85,1,89,129,71,135,1,336,60,0,60,396
03/29/2013,BUR,CA,AWP,WE,Towers with Radar,130,50,41,0,221,0,10,62,0,72,130,60,103,0,293,90,0,90,383
03/30/2013,BUR,CA,AWP,WE,Towers with Radar,82,30,40,0,152,0,1,55,0,56,82,31,95,0,208,152,0,152,360
03/31/2013,BUR,CA,AWP,WE,Towers with Radar,104,43,33,0,180,0,0,30,0,30,104,43,63,0,210,56,0,56,266
04/01/2013,BUR,CA,AWP,WE,Towers with Radar,127,42,58,0,227,0,2,41,0,43,127,44,99,0,270,44,0,44,314
04/02/2013,BUR,CA,AWP,WE,Towers with Radar,124,59,47,0,230,0,9,52,0,61,124,68,99,0,291,102,0,102,393
04/03/2013,BUR,CA,AWP,WE,Towers with Radar,128,58,36,2,224,0,5,64,0,69,128,63,100,2,293,84,0,84,377
04/04/2013,BUR,CA,AWP,WE,Towers with Radar,131,60,32,0,223,0,8,48,0,56,131,68,80,0,279,128,0,128,407
04/05/2013,BUR,CA,AWP,WE,Towers with Radar,126,65,44,1,236,0,4,51,0,55,126,69,95,1,291,40,0,40,331
04/06/2013,BUR,CA,AWP,WE,Towers with Radar,82,31,50,1,164,0,6,72,0,78,82,37,122,1,242,142,0,142,384
04/07/2013,BUR,CA,AWP,WE,Towers with Radar,108,59,33,1,201,0,2,57,1,60,108,61,90,2,261,78,0,78,339
04/08/2013,BUR,CA,AWP,WE,Towers with Radar,120,58,50,0,228,0,3,13,0,16,120,61,63,0,244,0,0,0,244
04/09/2013,BUR,CA,AWP,WE,Towers with Radar,126,58,34,0,218,0,6,43,1,50,126,64,77,1,268,36,0,36,304
04/10/2013,BUR,CA,AWP,WE,Towers with Radar,127,57,35,0,219,0,6,68,0,74,127,63,103,0,293,36,0,36,329
04/11/2013,BUR,CA,AWP,WE,Towers with Radar,126,64,37,0,227,0,9,64,0,73,126,73,101,0,300,64,0,64,364
04/12/2013,BUR,CA,AWP,WE,Towers with Radar,125,61,54,0,240,0,6,50,0,56,125,67,104,0,296,22,0,22,318
04/13/2013,BUR,CA,AWP,WE,Towers with Radar,80,25,115,0,220,0,0,20,0,20,80,25,135,0,240,44,4,48,288
04/14/2013,BUR,CA,AWP,WE,Towers with Radar,107,39,58,0,204,0,3,33,1,37,107,42,91,1,241,30,0,30,271
04/15/2013,BUR,CA,AWP,WE,Towers with Radar,128,54,56,0,238,0,1,20,0,21,128,55,76,0,259,32,0,32,291
04/16/2013,BUR,CA,AWP,WE,Towers with Radar,126,60,44,0,230,0,7,48,0,55,126,67,92,0,285,26,0,26,311
04/17/2013,BUR,CA,AWP,WE,Towers with Radar,130,58,59,0,247,0,13,67,0,80,130,71,126,0,327,24,0,24,351
04/18/2013,BUR,CA,AWP,WE,Towers with Radar,130,56,45,0,231,0,4,57,0,61,130,60,102,0,292,216,0,216,508
04/19/2013,BUR,CA,AWP,WE,Towers with Radar,130,66,69,0,265,0,9,70,0,79,130,75,139,0,344,24,0,24,368
04/20/2013,BUR,CA,AWP,WE,Towers with Radar,88,35,34,1,158,0,3,59,2,64,88,38,93,3,222,52,0,52,274
04/21/2013,BUR,CA,AWP,WE,Towers with Radar,109,45,48,0,202,0,3,50,0,53,109,48,98,0,255,72,0,72,327
04/22/2013,BUR,CA,AWP,WE,Towers with Radar,128,63,78,0,269,0,4,51,3,58,128,67,129,3,327,50,0,50,377
04/23/2013,BUR,CA,AWP,WE,Towers with Radar,128,65,20,0,213,0,13,41,0,54,128,78,61,0,267,80,0,80,347
04/24/2013,BUR,CA,AWP,WE,Towers with Radar,131,67,47,0,245,0,3,40,0,43,131,70,87,0,288,66,0,66,354
04/25/2013,BUR,CA,AWP,WE,Towers with Radar,129,67,45,0,241,0,5,75,0,80,129,72,120,0,321,76,0,76,397
04/26/2013,BUR,CA,AWP,WE,Towers with Radar,125,70,41,0,236,0,11,65,0,76,125,81,106,0,312,70,0,70,382
04/27/2013,BUR,CA,AWP,WE,Towers with Radar,87,32,57,1,177,0,1,90,0,91,87,33,147,1,268,38,0,38,306
04/28/2013,BUR,CA,AWP,WE,Towers with Radar,110,41,62,0,213,0,1,59,0,60,110,42,121,0,273,24,0,24,297
04/29/2013,BUR,CA,AWP,WE,Towers with Radar,126,67,57,0,250,0,8,62,0,70,126,75,119,0,320,10,0,10,330
04/30/2013,BUR,CA,AWP,WE,Towers with Radar,133,69,48,2,252,0,5,46,1,52,133,74,94,3,304,146,0,146,450
05/01/2013,BUR,CA,AWP,WE,Towers with Radar,132,68,55,0,255,0,5,43,1,49,132,73,98,1,304,110,0,110,414
05/02/2013,BUR,CA,AWP,WE,Towers with Radar,132,60,51,3,246,0,10,33,1,44,132,70,84,4,290,42,0,42,332
05/03/2013,BUR,CA,AWP,WE,Towers with Radar,127,56,53,0,236,0,14,71,0,85,127,70,124,0,321,116,0,116,437
05/04/2013,BUR,CA,AWP,WE,Towers with Radar,94,30,37,0,161,0,2,47,0,49,94,32,84,0,210,90,0,90,300
05/05/2013,BUR,CA,AWP,WE,Towers with Radar,105,37,34,0,176,0,1,46,0,47,105,38,80,0,223,132,0,132,355
05/06/2013,BUR,CA,AWP,WE,Towers with Radar,125,49,43,0,217,0,0,34,0,34,125,49,77,0,251,144,0,144,395
05/07/2013,BUR,CA,AWP,WE,Towers with Radar,122,61,33,0,216,0,4,36,0,40,122,65,69,0,256,130,0,130,386
05/08/2013,BUR,CA,AWP,WE,Towers with Radar,134,65,46,0,245,0,3,72,1,76,134,68,118,1,321,250,0,250,571
05/09/2013,BUR,CA,AWP,WE,Towers with Radar,130,69,39,0,238,0,8,48,1,57,130,77,87,1,295,34,0,34,329
05/10/2013,BUR,CA,AWP,WE,Towers with Radar,129,59,59,0,247,0,10,47,0,57,129,69,106,0,304,48,0,48,352
05/11/2013,BUR,CA,AWP,WE,Towers with Radar,88,20,50,0,158,0,5,60,0,65,88,25,110,0,223,122,0,122,345
05/12/2013,BUR,CA,AWP,WE,Towers with Radar,113,37,30,0,180,0,6,55,0,61,113,43,85,0,241,98,0,98,339
05/13/2013,BUR,CA,AWP,WE,Towers with Radar,131,44,36,5,216,0,11,90,4,105,131,55,126,9,321,122,0,122,443
05/14/2013,BUR,CA,AWP,WE,Towers with Radar,130,52,45,0,227,0,12,61,0,73,130,64,106,0,300,90,0,90,390
05/15/2013,BUR,CA,AWP,WE,Towers with Radar,131,63,63,1,258,0,4,78,1,83,131,67,141,2,341,158,0,158,499
05/16/2013,BUR,CA,AWP,WE,Towers with Radar,133,74,55,2,264,0,9,61,5,75,133,83,116,7,339,234,0,234,573
05/17/2013,BUR,CA,AWP,WE,Towers with Radar,129,67,62,3,261,0,9,67,1,77,129,76,129,4,338,52,0,52,390
05/18/2013,BUR,CA,AWP,WE,Towers with Radar,90,31,74,0,195,0,4,57,0,61,90,35,131,0,256,76,0,76,332
05/19/2013,BUR,CA,AWP,WE,Towers with Radar,109,37,35,0,181,0,2,60,0,62,109,39,95,0,243,128,0,128,371
05/20/2013,BUR,CA,AWP,WE,Towers with Radar,133,59,39,0,231,0,5,75,0,80,133,64,114,0,311,116,0,116,427
05/21/2013,BUR,CA,AWP,WE,Towers with Radar,128,58,57,0,243,0,5,66,1,72,128,63,123,1,315,60,0,60,375
05/22/2013,BUR,CA,AWP,WE,Towers with Radar,128,74,39,3,244,0,2,44,1,47,128,76,83,4,291,108,0,108,399
05/23/2013,BUR,CA,AWP,WE,Towers with Radar,134,66,24,0,224,0,4,61,2,67,134,70,85,2,291,86,0,86,377
05/24/2013,BUR,CA,AWP,WE,Towers with Radar,123,68,28,0,219,0,8,34,0,42,123,76,62,0,261,47,0,47,308
05/25/2013,BUR,CA,AWP,WE,Towers with Radar,72,35,25,0,132,1,2,37,0,40,73,37,62,0,172,48,0,48,220
05/26/2013,BUR,CA,AWP,WE,Towers with Radar,77,30,26,0,133,0,2,47,0,49,77,32,73,0,182,24,0,24,206
05/27/2013,BUR,CA,AWP,WE,Towers with Radar,103,56,24,0,183,0,3,59,0,62,103,59,83,0,245,72,0,72,317
05/28/2013,BUR,CA,AWP,WE,Towers with Radar,126,53,38,1,218,0,6,33,2,41,126,59,71,3,259,34,0,34,293
05/29/2013,BUR,CA,AWP,WE,Towers with Radar,135,70,36,3,244,0,7,52,1,60,135,77,88,4,304,96,0,96,400
05/30/2013,BUR,CA,AWP,WE,Towers with Radar,128,66,57,1,252,0,4,45,1,50,128,70,102,2,302,82,0,82,384
05/31/2013,BUR,CA,AWP,WE,Towers with Radar,129,64,46,4,243,0,9,82,1,92,129,73,128,5,335,148,0,148,483
06/01/2013,BUR,CA,AWP,WE,Towers with Radar,86,29,56,2,173,0,2,39,0,41,86,31,95,2,214,112,0,112,326
06/02/2013,BUR,CA,AWP,WE,Towers with Radar,117,33,34,3,187,0,4,41,0,45,117,37,75,3,232,80,0,80,312
06/03/2013,BUR,CA,AWP,WE,Towers with Radar,131,49,51,1,232,0,3,44,1,48,131,52,95,2,280,84,0,84,364
06/04/2013,BUR,CA,AWP,WE,Towers with Radar,126,72,51,0,249,0,5,72,0,77,126,77,123,0,326,220,0,220,546
06/05/2013,BUR,CA,AWP,WE,Towers with Radar,133,65,48,1,247,0,2,66,0,68,133,67,114,1,315,192,0,192,507
06/06/2013,BUR,CA,AWP,WE,Towers with Radar,127,67,49,1,244,0,5,58,1,64,127,72,107,2,308,58,0,58,366
06/07/2013,BUR,CA,AWP,WE,Towers with Radar,130,63,54,0,247,0,8,53,0,61,130,71,107,0,308,68,0,68,376
06/08/2013,BUR,CA,AWP,WE,Towers with Radar,88,41,42,0,171,0,0,42,1,43,88,41,84,1,214,18,0,18,232
06/09/2013,BUR,CA,AWP,WE,Towers with Radar,115,42,34,0,191,0,4,60,0,64,115,46,94,0,255,76,0,76,331
06/10/2013,BUR,CA,AWP,WE,Towers with Radar,121,59,29,1,210,0,2,45,0,47,121,61,74,1,257,86,0,86,343
06/11/2013,BUR,CA,AWP,WE,Towers with Radar,129,66,35,0,230,0,7,58,0,65,129,73,93,0,295,44,0,44,339
06/12/2013,BUR,CA,AWP,WE,Towers with Radar,132,83,30,0,245,0,3,46,1,50,132,86,76,1,295,122,0,122,417
06/13/2013,BUR,CA,AWP,WE,Towers with Radar,124,81,36,0,241,0,3,54,0,57,124,84,90,0,298,142,0,142,440
06/14/2013,BUR,CA,AWP,WE,Towers with Radar,130,72,43,1,246,0,11,96,2,109,130,83,139,3,355,116,0,116,471
06/15/2013,BUR,CA,AWP,WE,Towers with Radar,94,49,48,1,192,0,3,64,1,68,94,52,112,2,260,146,0,146,406
06/16/2013,BUR,CA,AWP,WE,Towers with Radar,108,55,39,0,202,0,6,61,0,67,108,61,100,0,269,42,0,42,311
06/17/2013,BUR,CA,AWP,WE,Towers with Radar,128,60,41,1,230,0,6,69,0,75,128,66,110,1,305,138,0,138,443
06/18/2013,BUR,CA,AWP,WE,Towers with Radar,127,71,26,0,224,0,4,59,0,63,127,75,85,0,287,90,0,90,377
06/19/2013,BUR,CA,AWP,WE,Towers with Radar,131,80,38,0,249,0,4,58,1,63,131,84,96,1,312,122,0,122,434
06/20/2013,BUR,CA,AWP,WE,Towers with Radar,133,70,42,2,247,1,4,45,2,52,134,74,87,4,299,40,0,40,339
06/21/2013,BUR,CA,AWP,WE,Towers with Radar,121,69,41,0,231,0,7,69,2,78,121,76,110,2,309,100,0,100,409
06/22/2013,BUR,CA,AWP,WE,Towers with Radar,102,35,63,0,200,0,2,79,12,93,102,37,142,12,293,136,0,136,429
06/23/2013,BUR,CA,AWP,WE,Towers with Radar,113,51,28,1,193,0,3,56,6,65,113,54,84,7,258,82,0,82,340
06/24/2013,BUR,CA,AWP,WE,Towers with Radar,126,61,57,0,244,0,2,62,2,66,126,63,119,2,310,112,0,112,422
06/25/2013,BUR,CA,AWP,WE,Towers with Radar,125,71,49,0,245,1,3,59,2,65,126,74,108,2,310,84,0,84,394
06/26/2013,BUR,CA,AWP,WE,Towers with Radar,129,78,39,1,247,0,6,63,5,74,129,84,102,6,321,36,0,36,357
06/27/2013,BUR,CA,AWP,WE,Towers with Radar,125,64,45,1,235,0,6,66,0,72,125,70,111,1,307,52,0,52,359
06/28/2013,BUR,CA,AWP,WE,Towers with Radar,124,58,58,0,240,0,11,56,0,67,124,69,114,0,307,132,0,132,439
06/29/2013,BUR,CA,AWP,WE,Towers with Radar,90,42,39,0,171,0,3,57,1,61,90,45,96,1,232,20,0,20,252
06/30/2013,BUR,CA,AWP,WE,Towers with Radar,108,45,35,0,188,0,1,65,0,66,108,46,100,0,254,39,0,39,293
07/01/2013,BUR,CA,AWP,WE,Towers with Radar,120,51,33,2,206,0,4,58,1,63,120,55,91,3,269,70,0,70,339
07/02/2013,BUR,CA,AWP,WE,Towers with Radar,131,67,31,0,229,0,3,48,0,51,131,70,79,0,280,70,0,70,350
07/03/2013,BUR,CA,AWP,WE,Towers with Radar,130,61,65,2,258,0,6,78,3,87,130,67,143,5,345,123,0,123,468
07/04/2013,BUR,CA,AWP,WE,Towers with Radar,78,24,20,0,122,0,0,43,0,43,78,24,63,0,165,68,0,68,233
07/05/2013,BUR,CA,AWP,WE,Towers with Radar,99,37,33,0,169,0,5,50,0,55,99,42,83,0,224,58,0,58,282
07/06/2013,BUR,CA,AWP,WE,Towers with Radar,83,37,35,1,156,0,1,51,1,53,83,38,86,2,209,58,0,58,267
07/07/2013,BUR,CA,AWP,WE,Towers with Radar,110,49,37,0,196,0,1,52,4,57,110,50,89,4,253,0,0,0,253
07/08/2013,BUR,CA,AWP,WE,Towers with Radar,132,50,42,0,224,0,8,53,0,61,132,58,95,0,285,88,0,88,373
07/09/2013,BUR,CA,AWP,WE,Towers with Radar,126,60,37,0,223,0,5,73,0,78,126,65,110,0,301,114,0,114,415
07/10/2013,BUR,CA,AWP,WE,Towers with Radar,131,63,34,0,228,0,4,55,0,59,131,67,89,0,287,86,0,86,373
07/11/2013,BUR,CA,AWP,WE,Towers with Radar,132,74,45,0,251,0,4,32,0,36,132,78,77,0,287,98,0,98,385
07/12/2013,BUR,CA,AWP,WE,Towers with Radar,132,70,46,1,249,0,12,54,1,67,132,82,100,2,316,78,0,78,394
07/13/2013,BUR,CA,AWP,WE,Towers with Radar,91,47,52,0,190,0,2,44,0,46,91,49,96,0,236,28,0,28,264
07/14/2013,BUR,CA,AWP,WE,Towers with Radar,115,57,44,0,216,0,5,66,2,73,115,62,110,2,289,88,0,88,377
07/15/2013,BUR,CA,AWP,WE,Towers with Radar,137,63,58,0,258,0,4,70,4,78,137,67,128,4,336,128,0,128,464
07/16/2013,BUR,CA,AWP,WE,Towers with Radar,138,80,63,0,281,0,6,86,1,93,138,86,149,1,374,66,0,66,440
07/17/2013,BUR,CA,AWP,WE,Towers with Radar,137,79,65,0,281,1,5,66,0,72,138,84,131,0,353,56,0,56,409
07/18/2013,BUR,CA,AWP,WE,Towers with Radar,140,88,47,0,275,0,7,70,0,77,140,95,117,0,352,106,0,106,458
07/19/2013,BUR,CA,AWP,WE,Towers with Radar,134,99,94,1,328,0,17,74,0,91,134,116,168,1,419,134,0,134,553
07/20/2013,BUR,CA,AWP,WE,Towers with Radar,94,61,97,0,252,0,1,33,0,34,94,62,130,0,286,2,0,2,288
07/21/2013,BUR,CA,AWP,WE,Towers with Radar,121,87,90,0,298,0,0,31,12,43,121,87,121,12,341,16,0,16,357
07/22/2013,BUR,CA,AWP,WE,Towers with Radar,134,69,85,3,291,0,7,73,1,81,134,76,158,4,372,64,0,64,436
07/23/2013,BUR,CA,AWP,WE,Towers with Radar,131,86,69,4,290,2,13,58,2,75,133,99,127,6,365,78,0,78,443
07/24/2013,BUR,CA,AWP,WE,Towers with Radar,138,84,69,2,293,0,5,61,1,67,138,89,130,3,360,86,0,86,446
07/25/2013,BUR,CA,AWP,WE,Towers with Radar,138,104,85,0,327,0,9,59,2,70,138,113,144,2,397,54,0,54,451
07/26/2013,BUR,CA,AWP,WE,Towers with Radar,136,78,95,1,310,0,7,56,4,67,136,85,151,5,377,30,0,30,407
07/27/2013,BUR,CA,AWP,WE,Towers with Radar,93,50,94,0,237,0,2,88,3,93,93,52,182,3,330,88,0,88,418
07/28/2013,BUR,CA,AWP,WE,Towers with Radar,119,60,62,0,241,0,6,54,2,62,119,66,116,2,303,72,0,72,375
07/29/2013,BUR,CA,AWP,WE,Towers with Radar,139,69,56,0,264,0,5,61,0,66,139,74,117,0,330,80,0,80,410
07/30/2013,BUR,CA,AWP,WE,Towers with Radar,135,73,43,2,253,0,4,44,0,48,135,77,87,2,301,72,0,72,373
07/31/2013,BUR,CA,AWP,WE,Towers with Radar,134,85,75,0,294,0,7,62,1,70,134,92,137,1,364,80,0,80,444
08/01/2013,BUR,CA,AWP,WE,Towers with Radar,136,73,31,4,244,0,7,59,6,72,136,80,90,10,316,200,0,200,516
08/02/2013,BUR,CA,AWP,WE,Towers with Radar,136,72,30,0,238,0,5,69,2,76,136,77,99,2,314,14,0,14,328
08/03/2013,BUR,CA,AWP,WE,Towers with Radar,96,50,33,0,179,0,2,51,1,54,96,52,84,1,233,90,0,90,323
08/04/2013,BUR,CA,AWP,WE,Towers with Radar,119,53,32,0,204,0,1,38,11,50,119,54,70,11,254,22,0,22,276
08/05/2013,BUR,CA,AWP,WE,Towers with Radar,132,61,45,4,242,0,6,58,6,70,132,67,103,10,312,54,0,54,366
08/06/2013,BUR,CA,AWP,WE,Towers with Radar,136,70,31,1,238,0,9,24,5,38,136,79,55,6,276,52,0,52,328
08/07/2013,BUR,CA,AWP,WE,Towers with Radar,135,70,34,0,239,0,5,41,6,52,135,75,75,6,291,10,0,10,301
08/08/2013,BUR,CA,AWP,WE,Towers with Radar,134,69,51,0,254,0,4,59,0,63,134,73,110,0,317,64,0,64,381
08/09/2013,BUR,CA,AWP,WE,Towers with Radar,130,65,48,2,245,0,10,47,0,57,130,75,95,2,302,114,0,114,416
08/10/2013,BUR,CA,AWP,WE,Towers with Radar,95,34,20,0,149,1,2,57,1,61,96,36,77,1,210,124,0,124,334
08/11/2013,BUR,CA,AWP,WE,Towers with Radar,120,47,40,0,207,0,2,59,4,65,120,49,99,4,272,86,0,86,358
08/12/2013,BUR,CA,AWP,WE,Towers with Radar,133,66,50,3,252,0,3,62,1,66,133,69,112,4,318,76,0,76,394
08/13/2013,BUR,CA,AWP,WE,Towers with Radar,126,63,33,0,222,0,5,65,0,70,126,68,98,0,292,34,0,34,326
08/14/2013,BUR,CA,AWP,WE,Towers with Radar,136,79,43,5,263,0,3,47,1,51,136,82,90,6,314,42,0,42,356
08/15/2013,BUR,CA,AWP,WE,Towers with Radar,135,77,36,0,248,0,5,72,0,77,135,82,108,0,325,100,0,100,425
08/16/2013,BUR,CA,AWP,WE,Towers with Radar,131,66,34,0,231,0,12,59,0,71,131,78,93,0,302,36,0,36,338
08/17/2013,BUR,CA,AWP,WE,Towers with Radar,84,39,33,0,156,0,1,50,0,51,84,40,83,0,207,66,0,66,273
08/18/2013,BUR,CA,AWP,WE,Towers with Radar,112,44,46,0,202,0,8,54,2,64,112,52,100,2,266,64,0,64,330
08/19/2013,BUR,CA,AWP,WE,Towers with Radar,134,56,39,0,229,0,4,49,0,53,134,60,88,0,282,81,0,81,363
08/20/2013,BUR,CA,AWP,WE,Towers with Radar,131,71,39,6,247,0,5,56,5,66,131,76,95,11,313,68,0,68,381
08/21/2013,BUR,CA,AWP,WE,Towers with Radar,136,72,46,0,254,0,6,62,1,69,136,78,108,1,323,12,0,12,335
08/22/2013,BUR,CA,AWP,WE,Towers with Radar,130,66,44,2,242,0,4,90,3,97,130,70,134,5,339,114,0,114,453
08/23/2013,BUR,CA,AWP,WE,Towers with Radar,134,64,60,0,258,0,8,66,0,74,134,72,126,0,332,74,0,74,406
08/24/2013,BUR,CA,AWP,WE,Towers with Radar,83,49,26,0,158,0,1,42,0,43,83,50,68,0,201,46,0,46,247
08/25/2013,BUR,CA,AWP,WE,Towers with Radar,110,52,33,0,195,0,3,69,1,73,110,55,102,1,268,150,0,150,418
08/26/2013,BUR,CA,AWP,WE,Towers with Radar,132,65,53,4,254,0,3,62,1,66,132,68,115,5,320,120,0,120,440
08/27/2013,BUR,CA,AWP,WE,Towers with Radar,132,66,46,1,245,0,7,46,4,57,132,73,92,5,302,70,0,70,372
08/28/2013,BUR,CA,AWP,WE,Towers with Radar,132,69,42,0,243,0,4,54,0,58,132,73,96,0,301,34,0,34,335
08/29/2013,BUR,CA,AWP,WE,Towers with Radar,137,69,45,0,251,0,9,57,0,66,137,78,102,0,317,78,0,78,395
08/30/2013,BUR,CA,AWP,WE,Towers with Radar,134,68,29,0,231,0,11,52,0,63,134,79,81,0,294,148,0,148,442
08/31/2013,BUR,CA,AWP,WE,Towers with Radar,69,35,71,0,175,0,7,58,0,65,69,42,129,0,240,52,0,52,292
09/01/2013,BUR,CA,AWP,WE,Towers with Radar,84,34,24,0,142,0,2,41,0,43,84,36,65,0,185,16,0,16,201
09/02/2013,BUR,CA,AWP,WE,Towers with Radar,104,48,37,0,189,0,5,43,0,48,104,53,80,0,237,38,0,38,275
09/03/2013,BUR,CA,AWP,WE,Towers with Radar,125,68,27,1,221,0,7,45,2,54,125,75,72,3,275,90,0,90,365
09/04/2013,BUR,CA,AWP,WE,Towers with Radar,137,63,34,0,234,0,4,62,1,67,137,67,96,1,301,108,0,108,409
09/05/2013,BUR,CA,AWP,WE,Towers with Radar,129,78,32,0,239,0,5,55,0,60,129,83,87,0,299,48,0,48,347
09/06/2013,BUR,CA,AWP,WE,Towers with Radar,137,55,41,0,233,0,6,71,2,79,137,61,112,2,312,26,0,26,338
09/07/2013,BUR,CA,AWP,WE,Towers with Radar,78,34,24,0,136,0,3,52,0,55,78,37,76,0,191,12,0,12,203
09/08/2013,BUR,CA,AWP,WE,Towers with Radar,121,51,33,0,205,0,1,34,0,35,121,52,67,0,240,0,0,0,240
09/09/2013,BUR,CA,AWP,WE,Towers with Radar,134,57,43,1,235,0,9,64,4,77,134,66,107,5,312,42,0,42,354
09/10/2013,BUR,CA,AWP,WE,Towers with Radar,126,59,37,1,223,0,6,52,1,59,126,65,89,2,282,24,0,24,306
09/11/2013,BUR,CA,AWP,WE,Towers with Radar,131,61,41,0,233,0,5,51,1,57,131,66,92,1,290,64,0,64,354
09/12/2013,BUR,CA,AWP,WE,Towers with Radar,134,66,43,2,245,0,5,68,1,74,134,71,111,3,319,42,0,42,361
09/13/2013,BUR,CA,AWP,WE,Towers with Radar,131,68,43,0,242,0,5,66,0,71,131,73,109,0,313,30,0,30,343
09/14/2013,BUR,CA,AWP,WE,Towers with Radar,78,36,56,0,170,0,1,40,0,41,78,37,96,0,211,72,0,72,283
09/15/2013,BUR,CA,AWP,WE,Towers with Radar,114,48,36,0,198,0,2,45,0,47,114,50,81,0,245,20,0,20,265
09/16/2013,BUR,CA,AWP,WE,Towers with Radar,131,69,36,0,236,0,3,50,1,54,131,72,86,1,290,54,0,54,344
09/17/2013,BUR,CA,AWP,WE,Towers with Radar,129,61,45,0,235,0,2,60,0,62,129,63,105,0,297,112,0,112,409
09/18/2013,BUR,CA,AWP,WE,Towers with Radar,129,65,42,0,236,0,3,81,1,85,129,68,123,1,321,97,0,97,418
09/19/2013,BUR,CA,AWP,WE,Towers with Radar,129,73,40,0,242,0,5,48,0,53,129,78,88,0,295,96,0,96,391
09/20/2013,BUR,CA,AWP,WE,Towers with Radar,134,81,75,0,290,0,3,63,0,66,134,84,138,0,356,150,0,150,506
09/21/2013,BUR,CA,AWP,WE,Towers with Radar,78,45,33,0,156,0,0,45,0,45,78,45,78,0,201,64,0,64,265
09/22/2013,BUR,CA,AWP,WE,Towers with Radar,116,45,34,0,195,0,5,40,1,46,116,50,74,1,241,88,0,88,329
09/23/2013,BUR,CA,AWP,WE,Towers with Radar,130,61,32,5,228,0,7,44,2,53,130,68,76,7,281,62,0,62,343
09/24/2013,BUR,CA,AWP,WE,Towers with Radar,134,50,35,0,219,0,7,70,0,77,134,57,105,0,296,70,0,70,366
09/25/2013,BUR,CA,AWP,WE,Towers with Radar,123,63,37,0,223,0,10,60,0,70,123,73,97,0,293,194,0,194,487
09/26/2013,BUR,CA,AWP,WE,Towers with Radar,138,74,67,1,280,0,4,45,2,51,138,78,112,3,331,82,0,82,413
09/27/2013,BUR,CA,AWP,WE,Towers with Radar,132,63,47,0,242,0,7,48,1,56,132,70,95,1,298,98,0,98,396
09/28/2013,BUR,CA,AWP,WE,Towers with Radar,80,38,44,0,162,0,1,60,0,61,80,39,104,0,223,68,0,68,291
09/29/2013,BUR,CA,AWP,WE,Towers with Radar,109,47,53,0,209,0,4,57,1,62,109,51,110,1,271,6,0,6,277
09/30/2013,BUR,CA,AWP,WE,Towers with Radar,116,56,37,0,209,1,11,62,1,75,117,67,99,1,284,76,0,76,360
10/01/2013,BUR,CA,AWP,WE,Towers with Radar,117,66,50,1,234,0,3,78,1,82,117,69,128,2,316,88,0,88,404
10/02/2013,BUR,CA,AWP,WE,Towers with Radar,113,66,42,1,222,0,4,98,3,105,113,70,140,4,327,167,0,167,494
10/03/2013,BUR,CA,AWP,WE,Towers with Radar,115,73,47,0,235,0,2,46,0,48,115,75,93,0,283,8,0,8,291
10/04/2013,BUR,CA,AWP,WE,Towers with Radar,112,75,39,0,226,0,9,36,0,45,112,84,75,0,271,34,0,34,305
10/05/2013,BUR,CA,AWP,WE,Towers with Radar,81,40,26,0,147,0,2,46,0,48,81,42,72,0,195,34,0,34,229
10/06/2013,BUR,CA,AWP,WE,Towers with Radar,106,48,45,0,199,0,2,47,0,49,106,50,92,0,248,26,0,26,274
10/07/2013,BUR,CA,AWP,WE,Towers with Radar,116,60,30,0,206,0,5,50,1,56,116,65,80,1,262,22,0,22,284
10/08/2013,BUR,CA,AWP,WE,Towers with Radar,116,59,45,1,221,0,3,90,4,97,116,62,135,5,318,34,0,34,352
10/09/2013,BUR,CA,AWP,WE,Towers with Radar,119,61,38,0,218,0,3,33,0,36,119,64,71,0,254,2,0,2,256
10/10/2013,BUR,CA,AWP,WE,Towers with Radar,114,72,31,0,217,0,5,60,1,66,114,77,91,1,283,100,0,100,383
10/11/2013,BUR,CA,AWP,WE,Towers with Radar,112,56,36,0,204,0,8,58,1,67,112,64,94,1,271,74,0,74,345
10/12/2013,BUR,CA,AWP,WE,Towers with Radar,82,41,40,0,163,0,1,46,0,47,82,42,86,0,210,64,0,64,274
10/13/2013,BUR,CA,AWP,WE,Towers with Radar,105,46,36,0,187,0,1,52,1,54,105,47,88,1,241,92,0,92,333
10/14/2013,BUR,CA,AWP,WE,Towers with Radar,113,61,55,2,231,0,5,43,0,48,113,66,98,2,279,54,0,54,333
10/15/2013,BUR,CA,AWP,WE,Towers with Radar,117,69,48,2,236,0,3,71,5,79,117,72,119,7,315,24,0,24,339
10/16/2013,BUR,CA,AWP,WE,Towers with Radar,117,66,42,0,225,1,5,66,1,73,118,71,108,1,298,102,0,102,400
10/17/2013,BUR,CA,AWP,WE,Towers with Radar,120,63,37,0,220,0,4,64,1,69,120,67,101,1,289,80,0,80,369
10/18/2013,BUR,CA,AWP,WE,Towers with Radar,113,69,34,0,216,0,7,64,0,71,113,76,98,0,287,36,0,36,323
10/19/2013,BUR,CA,AWP,WE,Towers with Radar,83,35,21,0,139,0,2,60,1,63,83,37,81,1,202,104,0,104,306
10/20/2013,BUR,CA,AWP,WE,Towers with Radar,105,47,42,0,194,0,3,47,0,50,105,50,89,0,244,14,0,14,258
10/21/2013,BUR,CA,AWP,WE,Towers with Radar,114,66,43,0,223,0,5,65,1,71,114,71,108,1,294,48,0,48,342
10/22/2013,BUR,CA,AWP,WE,Towers with Radar,122,62,39,0,223,0,4,57,0,61,122,66,96,0,284,0,0,0,284
10/23/2013,BUR,CA,AWP,WE,Towers with Radar,116,61,48,2,227,0,2,32,3,37,116,63,80,5,264,70,0,70,334
10/24/2013,BUR,CA,AWP,WE,Towers with Radar,117,69,44,1,231,0,6,54,0,60,117,75,98,1,291,54,0,54,345
10/25/2013,BUR,CA,AWP,WE,Towers with Radar,112,65,57,0,234,0,5,36,0,41,112,70,93,0,275,36,0,36,311
10/26/2013,BUR,CA,AWP,WE,Towers with Radar,83,40,70,1,194,0,5,72,1,78,83,45,142,2,272,71,0,71,343
10/27/2013,BUR,CA,AWP,WE,Towers with Radar,104,56,49,0,209,0,5,52,0,57,104,61,101,0,266,68,0,68,334
10/28/2013,BUR,CA,AWP,WE,Towers with Radar,115,56,34,0,205,3,2,29,1,35,118,58,63,1,240,34,0,34,274
10/29/2013,BUR,CA,AWP,WE,Towers with Radar,121,54,32,0,207,0,6,31,0,37,121,60,63,0,244,80,0,80,324
10/30/2013,BUR,CA,AWP,WE,Towers with Radar,113,67,55,0,235,0,10,73,1,84,113,77,128,1,319,72,0,72,391
10/31/2013,BUR,CA,AWP,WE,Towers with Radar,105,74,49,0,228,0,8,78,0,86,105,82,127,0,314,68,0,68,382
11/01/2013,BUR,CA,AWP,WE,Towers with Radar,104,82,47,3,236,0,9,66,1,76,104,91,113,4,312,47,0,47,359
11/02/2013,BUR,CA,AWP,WE,Towers with Radar,83,53,31,1,168,0,3,39,0,42,83,56,70,1,210,24,0,24,234
11/03/2013,BUR,CA,AWP,WE,Towers with Radar,92,75,60,0,227,0,2,41,2,45,92,77,101,2,272,100,0,100,372
11/04/2013,BUR,CA,AWP,WE,Towers with Radar,118,64,40,0,222,1,3,50,7,61,119,67,90,7,283,48,0,48,331
11/05/2013,BUR,CA,AWP,WE,Towers with Radar,120,68,48,2,238,0,5,70,2,77,120,73,118,4,315,62,0,62,377
11/06/2013,BUR,CA,AWP,WE,Towers with Radar,120,86,47,1,254,1,7,91,2,101,121,93,138,3,355,190,0,190,545
11/07/2013,BUR,CA,AWP,WE,Towers with Radar,113,83,47,0,243,0,10,66,0,76,113,93,113,0,319,52,0,52,371
11/08/2013,BUR,CA,AWP,WE,Towers with Radar,115,61,56,0,232,1,8,82,2,93,116,69,138,2,325,62,0,62,387
11/09/2013,BUR,CA,AWP,WE,Towers with Radar,90,45,33,0,168,0,2,41,0,43,90,47,74,0,211,58,0,58,269
11/10/2013,BUR,CA,AWP,WE,Towers with Radar,96,49,31,0,176,0,1,47,3,51,96,50,78,3,227,85,0,85,312
11/11/2013,BUR,CA,AWP,WE,Towers with Radar,113,62,33,0,208,0,5,78,1,84,113,67,111,1,292,130,0,130,422
11/12/2013,BUR,CA,AWP,WE,Towers with Radar,117,67,41,0,225,0,5,61,0,66,117,72,102,0,291,34,0,34,325
11/13/2013,BUR,CA,AWP,WE,Towers with Radar,115,61,33,0,209,0,11,85,0,96,115,72,118,0,305,100,0,100,405
11/14/2013,BUR,CA,AWP,WE,Towers with Radar,117,80,27,2,226,0,8,68,0,76,117,88,95,2,302,60,0,60,362
11/15/2013,BUR,CA,AWP,WE,Towers with Radar,111,81,58,1,251,0,2,46,0,48,111,83,104,1,299,82,0,82,381
11/16/2013,BUR,CA,AWP,WE,Towers with Radar,80,56,21,1,158,0,0,33,0,33,80,56,54,1,191,100,0,100,291
11/17/2013,BUR,CA,AWP,WE,Towers with Radar,95,51,36,0,182,0,2,58,1,61,95,53,94,1,243,76,0,76,319
11/18/2013,BUR,CA,AWP,WE,Towers with Radar,114,65,34,4,217,0,5,45,2,52,114,70,79,6,269,22,0,22,291
11/19/2013,BUR,CA,AWP,WE,Towers with Radar,114,67,54,7,242,0,0,53,6,59,114,67,107,13,301,182,0,182,483
11/20/2013,BUR,CA,AWP,WE,Towers with Radar,117,83,45,3,248,0,2,42,0,44,117,85,87,3,292,64,0,64,356
11/21/2013,BUR,CA,AWP,WE,Towers with Radar,110,85,46,0,241,0,4,39,0,43,110,89,85,0,284,78,0,78,362
11/22/2013,BUR,CA,AWP,WE,Towers with Radar,110,77,41,0,228,0,6,40,5,51,110,83,81,5,279,34,0,34,313
11/23/2013,BUR,CA,AWP,WE,Towers with Radar,95,49,22,0,166,0,3,40,0,43,95,52,62,0,209,100,0,100,309
11/24/2013,BUR,CA,AWP,WE,Towers with Radar,97,42,30,1,170,0,2,43,0,45,97,44,73,1,215,56,0,56,271
11/25/2013,BUR,CA,AWP,WE,Towers with Radar,111,60,26,0,197,0,2,44,0,46,111,62,70,0,243,40,0,40,283
11/26/2013,BUR,CA,AWP,WE,Towers with Radar,120,64,17,1,202,0,5,38,0,43,120,69,55,1,245,50,0,50,295
11/27/2013,BUR,CA,AWP,WE,Towers with Radar,120,77,54,0,251,0,6,59,1,66,120,83,113,1,317,80,0,80,397
11/28/2013,BUR,CA,AWP,WE,Towers with Radar,69,27,8,0,104,0,3,14,0,17,69,30,22,0,121,2,0,2,123
11/29/2013,BUR,CA,AWP,WE,Towers with Radar,99,38,24,0,161,0,6,24,1,31,99,44,48,1,192,2,0,2,194
11/30/2013,BUR,CA,AWP,WE,Towers with Radar,95,43,36,0,174,0,3,49,0,52,95,46,85,0,226,50,0,50,276
12/01/2013,BUR,CA,AWP,WE,Towers with Radar,119,56,56,0,231,0,3,51,0,54,119,59,107,0,285,44,0,44,329
12/02/2013,BUR,CA,AWP,WE,Towers with Radar,115,72,34,0,221,0,8,59,3,70,115,80,93,3,291,30,0,30,321
12/03/2013,BUR,CA,AWP,WE,Towers with Radar,116,71,32,0,219,1,1,38,1,41,117,72,70,1,260,18,0,18,278
12/04/2013,BUR,CA,AWP,WE,Towers with Radar,118,75,26,0,219,0,7,66,3,76,118,82,92,3,295,72,0,72,367
12/05/2013,BUR,CA,AWP,WE,Towers with Radar,110,85,36,2,233,0,6,59,2,67,110,91,95,4,300,86,0,86,386
12/06/2013,BUR,CA,AWP,WE,Towers with Radar,111,65,34,0,210,0,8,72,1,81,111,73,106,1,291,84,0,84,375
12/07/2013,BUR,CA,AWP,WE,Towers with Radar,81,45,20,0,146,0,1,31,5,37,81,46,51,5,183,54,0,54,237
12/08/2013,BUR,CA,AWP,WE,Towers with Radar,93,41,31,0,165,2,2,53,1,58,95,43,84,1,223,22,0,22,245
12/09/2013,BUR,CA,AWP,WE,Towers with Radar,115,63,25,2,205,0,5,43,4,52,115,68,68,6,257,76,0,76,333
12/10/2013,BUR,CA,AWP,WE,Towers with Radar,116,66,42,0,224,0,5,66,1,72,116,71,108,1,296,162,0,162,458
12/11/2013,BUR,CA,AWP,WE,Towers with Radar,119,52,46,3,220,0,4,55,0,59,119,56,101,3,279,26,0,26,305
12/12/2013,BUR,CA,AWP,WE,Towers with Radar,118,62,40,0,220,0,9,44,0,53,118,71,84,0,273,38,0,38,311
12/13/2013,BUR,CA,AWP,WE,Towers with Radar,113,59,44,0,216,2,7,62,0,71,115,66,106,0,287,42,0,42,329
12/14/2013,BUR,CA,AWP,WE,Towers with Radar,83,28,33,0,144,0,3,61,0,64,83,31,94,0,208,104,0,104,312
12/15/2013,BUR,CA,AWP,WE,Towers with Radar,95,39,40,0,174,0,4,49,3,56,95,43,89,3,230,160,0,160,390
12/16/2013,BUR,CA,AWP,WE,Towers with Radar,113,59,36,0,208,0,7,60,3,70,113,66,96,3,278,96,0,96,374
12/17/2013,BUR,CA,AWP,WE,Towers with Radar,114,59,26,2,201,0,4,59,0,63,114,63,85,2,264,90,0,90,354
12/18/2013,BUR,CA,AWP,WE,Towers with Radar,121,63,34,4,222,0,5,72,4,81,121,68,106,8,303,124,0,124,427
12/19/2013,BUR,CA,AWP,WE,Towers with Radar,122,66,39,0,227,0,3,20,3,26,122,69,59,3,253,8,0,8,261
12/20/2013,BUR,CA,AWP,WE,Towers with Radar,119,58,43,3,223,0,9,51,0,60,119,67,94,3,283,94,0,94,377
12/21/2013,BUR,CA,AWP,WE,Towers with Radar,98,40,34,2,174,0,2,37,1,40,98,42,71,3,214,4,0,4,218
12/22/2013,BUR,CA,AWP,WE,Towers with Radar,99,42,28,1,170,0,2,46,1,49,99,44,74,2,219,102,0,102,321
12/23/2013,BUR,CA,AWP,WE,Towers with Radar,116,54,25,0,195,0,7,50,2,59,116,61,75,2,254,50,0,50,304
12/24/2013,BUR,CA,AWP,WE,Towers with Radar,95,50,24,0,169,0,12,36,0,48,95,62,60,0,217,44,0,44,261
12/25/2013,BUR,CA,AWP,WE,Towers with Radar,79,24,10,0,113,0,0,13,0,13,79,24,23,0,126,6,0,6,132
12/26/2013,BUR,CA,AWP,WE,Towers with Radar,116,63,32,3,214,0,7,24,0,31,116,70,56,3,245,0,0,0,245
12/27/2013,BUR,CA,AWP,WE,Towers with Radar,110,54,44,0,208,0,7,48,2,57,110,61,92,2,265,8,0,8,273
12/28/2013,BUR,CA,AWP,WE,Towers with Radar,100,37,28,0,165,0,3,45,0,48,100,40,73,0,213,18,0,18,231
12/29/2013,BUR,CA,AWP,WE,Towers with Radar,108,34,26,0,168,0,2,32,0,34,108,36,58,0,202,48,0,48,250
12/30/2013,BUR,CA,AWP,WE,Towers with Radar,117,62,34,1,214,0,11,86,2,99,117,73,120,3,313,66,0,66,379
12/31/2013,BUR,CA,AWP,WE,Towers with Radar,85,65,46,0,196,0,4,75,0,79,85,69,121,0,275,60,0,60,335
01/01/2014,BUR,CA,AWP,WE,Towers with Radar,88,101,76,0,265,0,2,76,1,79,88,103,152,1,344,6,0,6,350
01/02/2014,BUR,CA,AWP,WE,Towers with Radar,124,55,45,0,224,0,9,81,2,92,124,64,126,2,316,22,0,22,338
01/03/2014,BUR,CA,AWP,WE,Towers with Radar,110,58,70,0,238,0,10,71,0,81,110,68,141,0,319,28,0,28,347
01/04/2014,BUR,CA,AWP,WE,Towers with Radar,100,36,56,0,192,0,4,69,2,75,100,40,125,2,267,150,0,150,417
01/05/2014,BUR,CA,AWP,WE,Towers with Radar,95,42,65,0,202,0,3,53,3,59,95,45,118,3,261,146,0,146,407
01/06/2014,BUR,CA,AWP,WE,Towers with Radar,109,71,74,0,254,0,5,63,0,68,109,76,137,0,322,88,0,88,410
01/07/2014,BUR,CA,AWP,WE,Towers with Radar,118,46,77,0,241,1,10,80,3,94,119,56,157,3,335,28,0,28,363
01/08/2014,BUR,CA,AWP,WE,Towers with Radar,115,62,38,0,215,0,6,62,1,69,115,68,100,1,284,54,0,54,338
01/09/2014,BUR,CA,AWP,WE,Towers with Radar,111,44,30,1,186,0,6,46,1,53,111,50,76,2,239,22,0,22,261
01/10/2014,BUR,CA,AWP,WE,Towers with Radar,114,50,53,1,218,0,12,96,1,109,114,62,149,2,327,68,0,68,395
01/11/2014,BUR,CA,AWP,WE,Towers with Radar,79,27,38,0,144,0,2,63,0,65,79,29,101,0,209,74,0,74,283
01/12/2014,BUR,CA,AWP,WE,Towers with Radar,89,38,19,0,146,0,3,38,4,45,89,41,57,4,191,48,0,48,239
01/13/2014,BUR,CA,AWP,WE,Towers with Radar,118,45,34,4,201,0,7,60,2,69,118,52,94,6,270,50,0,50,320
01/14/2014,BUR,CA,AWP,WE,Towers with Radar,117,47,36,0,200,1,7,38,2,48,118,54,74,2,248,2,0,2,250
01/15/2014,BUR,CA,AWP,WE,Towers with Radar,120,43,46,1,210,0,7,43,2,52,120,50,89,3,262,42,0,42,304
01/16/2014,BUR,CA,AWP,WE,Towers with Radar,118,41,33,1,193,0,6,59,3,68,118,47,92,4,261,60,0,60,321
01/17/2014,BUR,CA,AWP,WE,Towers with Radar,117,56,60,2,235,0,11,75,0,86,117,67,135,2,321,30,0,30,351
01/18/2014,BUR,CA,AWP,WE,Towers with Radar,79,15,58,0,152,0,2,93,0,95,79,17,151,0,247,36,0,36,283
01/19/2014,BUR,CA,AWP,WE,Towers with Radar,92,33,31,0,156,0,2,51,0,53,92,35,82,0,209,12,0,12,221
01/20/2014,BUR,CA,AWP,WE,Towers with Radar,118,37,44,2,201,0,2,81,1,84,118,39,125,3,285,72,0,72,357
01/21/2014,BUR,CA,AWP,WE,Towers with Radar,120,43,27,0,190,1,5,100,2,108,121,48,127,2,298,172,0,172,470
01/22/2014,BUR,CA,AWP,WE,Towers with Radar,122,48,22,0,192,0,6,62,3,71,122,54,84,3,263,40,0,40,303
01/23/2014,BUR,CA,AWP,WE,Towers with Radar,117,55,26,0,198,1,7,71,3,82,118,62,97,3,280,60,0,60,340
01/24/2014,BUR,CA,AWP,WE,Towers with Radar,117,61,23,0,201,0,6,68,0,74,117,67,91,0,275,16,0,16,291
01/25/2014,BUR,CA,AWP,WE,Towers with Radar,82,29,19,1,131,0,2,74,2,78,82,31,93,3,209,34,2,36,245
01/26/2014,BUR,CA,AWP,WE,Towers with Radar,95,33,46,0,174,0,2,81,0,83,95,35,127,0,257,100,0,100,357
01/27/2014,BUR,CA,AWP,WE,Towers with Radar,117,48,52,0,217,0,5,94,2,101,117,53,146,2,318,222,0,222,540
01/28/2014,BUR,CA,AWP,WE,Towers with Radar,116,51,29,0,196,2,3,109,1,115,118,54,138,1,311,180,0,180,491
01/29/2014,BUR,CA,AWP,WE,Towers with Radar,117,48,58,1,224,0,4,79,4,87,117,52,137,5,311,38,0,38,349
01/30/2014,BUR,CA,AWP,WE,Towers with Radar,118,59,50,3,230,0,0,37,0,37,118,59,87,3,267,208,0,208,475
01/31/2014,BUR,CA,AWP,WE,Towers with Radar,114,47,50,0,211,0,6,54,0,60,114,53,104,0,271,162,0,162,433
02/01/2014,BUR,CA,AWP,WE,Towers with Radar,78,32,37,0,147,0,4,62,0,66,78,36,99,0,213,134,0,134,347
02/02/2014,BUR,CA,AWP,WE,Towers with Radar,91,33,29,0,153,0,2,37,1,40,91,35,66,1,193,32,0,32,225
02/03/2014,BUR,CA,AWP,WE,Towers with Radar,111,56,33,0,200,0,5,72,0,77,111,61,105,0,277,164,0,164,441
02/04/2014,BUR,CA,AWP,WE,Towers with Radar,113,57,29,2,201,1,3,97,5,106,114,60,126,7,307,192,0,192,499
02/05/2014,BUR,CA,AWP,WE,Towers with Radar,113,50,35,0,198,0,6,101,4,111,113,56,136,4,309,56,0,56,365
02/06/2014,BUR,CA,AWP,WE,Towers with Radar,116,61,35,0,212,0,2,37,5,44,116,63,72,5,256,178,0,178,434
02/07/2014,BUR,CA,AWP,WE,Towers with Radar,117,57,42,1,217,0,4,63,0,67,117,61,105,1,284,176,0,176,460
02/08/2014,BUR,CA,AWP,WE,Towers with Radar,81,24,28,0,133,0,3,84,4,91,81,27,112,4,224,186,0,186,410
02/09/2014,BUR,CA,AWP,WE,Towers with Radar,92,39,33,0,164,0,2,48,1,51,92,41,81,1,215,122,0,122,337
02/10/2014,BUR,CA,AWP,WE,Towers with Radar,116,47,42,0,205,0,5,99,0,104,116,52,141,0,309,56,0,56,365
02/11/2014,BUR,CA,AWP,WE,Towers with Radar,114,61,38,0,213,0,7,73,1,81,114,68,111,1,294,138,0,138,432
02/12/2014,BUR,CA,AWP,WE,Towers with Radar,120,60,63,0,243,0,8,71,5,84,120,68,134,5,327,62,0,62,389
02/13/2014,BUR,CA,AWP,WE,Towers with Radar,117,56,65,0,238,0,8,94,0,102,117,64,159,0,340,86,0,86,426
02/14/2014,BUR,CA,AWP,WE,Towers with Radar,114,54,48,0,216,0,4,66,0,70,114,58,114,0,286,2,0,2,288
02/15/2014,BUR,CA,AWP,WE,Towers with Radar,90,22,23,0,135,0,2,56,0,58,90,24,79,0,193,12,0,12,205
02/16/2014,BUR,CA,AWP,WE,Towers with Radar,104,36,30,0,170,0,2,72,0,74,104,38,102,0,244,39,0,39,283
02/17/2014,BUR,CA,AWP,WE,Towers with Radar,110,54,34,0,198,0,9,73,2,84,110,63,107,2,282,40,0,40,322
02/18/2014,BUR,CA,AWP,WE,Towers with Radar,112,52,45,0,209,0,6,44,2,52,112,58,89,2,261,46,0,46,307
02/19/2014,BUR,CA,AWP,WE,Towers with Radar,114,54,41,0,209,0,4,69,1,74,114,58,110,1,283,136,0,136,419
02/20/2014,BUR,CA,AWP,WE,Towers with Radar,116,60,36,0,212,0,4,67,2,73,116,64,103,2,285,56,0,56,341
02/21/2014,BUR,CA,AWP,WE,Towers with Radar,113,59,45,2,219,0,9,59,1,69,113,68,104,3,288,14,1,15,303
02/22/2014,BUR,CA,AWP,WE,Towers with Radar,92,32,27,0,151,0,4,67,3,74,92,36,94,3,225,32,0,32,257
02/23/2014,BUR,CA,AWP,WE,Towers with Radar,102,49,20,0,171,0,2,95,2,99,102,51,115,2,270,212,0,212,482
02/24/2014,BUR,CA,AWP,WE,Towers with Radar,108,55,38,0,201,0,7,61,1,69,108,62,99,1,270,12,0,12,282
02/25/2014,BUR,CA,AWP,WE,Towers with Radar,118,57,51,2,228,0,6,54,1,61,118,63,105,3,289,0,0,0,289
02/26/2014,BUR,CA,AWP,WE,Towers with Radar,115,61,49,2,227,0,6,28,2,36,115,67,77,4,263,68,0,68,331
02/27/2014,BUR,CA,AWP,WE,Towers with Radar,114,61,43,0,218,1,8,32,1,42,115,69,75,1,260,10,0,10,270
02/28/2014,BUR,CA,AWP,WE,Towers with Radar,108,75,24,0,207,0,0,10,0,10,108,75,34,0,217,0,0,0,217
03/01/2014,BUR,CA,AWP,WE,Towers with Radar,88,33,21,0,142,0,0,6,0,6,88,33,27,0,148,14,0,14,162
03/02/2014,BUR,CA,AWP,WE,Towers with Radar,100,45,33,0,178,0,2,35,1,38,100,47,68,1,216,100,0,100,316
03/03/2014,BUR,CA,AWP,WE,Towers with Radar,111,69,55,5,240,0,8,66,2,76,111,77,121,7,316,16,0,16,332
03/04/2014,BUR,CA,AWP,WE,Towers with Radar,105,58,34,0,197,0,6,78,0,84,105,64,112,0,281,96,0,96,377
03/05/2014,BUR,CA,AWP,WE,Towers with Radar,106,62,31,1,200,0,5,81,2,88,106,67,112,3,288,116,0,116,404
03/06/2014,BUR,CA,AWP,WE,Towers with Radar,115,61,56,0,232,0,9,75,1,85,115,70,131,1,317,148,0,148,465
03/07/2014,BUR,CA,AWP,WE,Towers with Radar,113,61,47,0,221,0,5,60,0,65,113,66,107,0,286,154,0,154,440
03/08/2014,BUR,CA,AWP,WE,Towers with Radar,81,35,32,0,148,0,2,82,1,85,81,37,114,1,233,232,0,232,465
03/09/2014,BUR,CA,AWP,WE,Towers with Radar,98,45,42,0,185,0,1,53,0,54,98,46,95,0,239,102,0,102,341
03/10/2014,BUR,CA,AWP,WE,Towers with Radar,109,54,28,1,192,0,3,66,1,70,109,57,94,2,262,134,0,134,396
03/11/2014,BUR,CA,AWP,WE,Towers with Radar,111,58,28,2,199,0,6,39,1,46,111,64,67,3,245,16,0,16,261
03/12/2014,BUR,CA,AWP,WE,Towers with Radar,114,56,42,2,214,0,7,67,0,74,114,63,109,2,288,60,0,60,348
03/13/2014,BUR,CA,AWP,WE,Towers with Radar,115,61,38,0,214,0,9,77,0,86,115,70,115,0,300,134,0,134,434
03/14/2014,BUR,CA,AWP,WE,Towers with Radar,112,57,35,2,206,0,8,67,1,76,112,65,102,3,282,26,0,26,308
03/15/2014,BUR,CA,AWP,WE,Towers with Radar,75,31,43,0,149,1,0,80,0,81,76,31,123,0,230,132,0,132,362
03/16/2014,BUR,CA,AWP,WE,Towers with Radar,101,44,37,0,182,0,4,68,0,72,101,48,105,0,254,56,0,56,310
03/17/2014,BUR,CA,AWP,WE,Towers with Radar,112,71,35,0,218,0,5,58,0,63,112,76,93,0,281,212,0,212,493
03/18/2014,BUR,CA,AWP,WE,Towers with Radar,118,56,35,2,211,0,4,68,1,73,118,60,103,3,284,222,0,222,506
03/19/2014,BUR,CA,AWP,WE,Towers with Radar,112,60,30,1,203,0,8,61,3,72,112,68,91,4,275,56,0,56,331
03/20/2014,BUR,CA,AWP,WE,Towers with Radar,118,52,35,0,205,0,13,91,2,106,118,65,126,2,311,94,0,94,405
03/21/2014,BUR,CA,AWP,WE,Towers with Radar,113,70,54,0,237,0,7,42,0,49,113,77,96,0,286,52,0,52,338
03/22/2014,BUR,CA,AWP,WE,Towers with Radar,76,31,33,0,140,0,0,38,1,39,76,31,71,1,179,36,0,36,215
03/23/2014,BUR,CA,AWP,WE,Towers with Radar,99,49,37,0,185,0,0,61,0,61,99,49,98,0,246,50,0,50,296
03/24/2014,BUR,CA,AWP,WE,Towers with Radar,110,52,32,2,196,0,3,40,3,46,110,55,72,5,242,78,0,78,320
03/25/2014,BUR,CA,AWP,WE,Towers with Radar,116,65,48,3,232,0,1,29,1,31,116,66,77,4,263,28,0,28,291
03/26/2014,BUR,CA,AWP,WE,Towers with Radar,119,65,49,0,233,0,2,39,1,42,119,67,88,1,275,16,0,16,291
03/27/2014,BUR,CA,AWP,WE,Towers with Radar,116,56,57,0,229,0,7,75,2,84,116,63,132,2,313,70,0,70,383
03/28/2014,BUR,CA,AWP,WE,Towers with Radar,113,64,39,1,217,0,10,66,0,76,113,74,105,1,293,74,0,74,367
03/29/2014,BUR,CA,AWP,WE,Towers with Radar,77,46,39,1,163,0,0,48,0,48,77,46,87,1,211,116,0,116,327
03/30/2014,BUR,CA,AWP,WE,Towers with Radar,96,43,38,0,177,0,1,48,0,49,96,44,86,0,226,86,0,86,312
03/31/2014,BUR,CA,AWP,WE,Towers with Radar,111,55,42,1,209,0,4,71,1,76,111,59,113,2,285,70,0,70,355
04/01/2014,BUR,CA,AWP,WE,Towers with Radar,114,50,41,2,207,0,4,55,0,59,114,54,96,2,266,64,0,64,330
04/02/2014,BUR,CA,AWP,WE,Towers with Radar,115,58,29,0,202,0,7,27,0,34,115,65,56,0,236,66,0,66,302
04/03/2014,BUR,CA,AWP,WE,Towers with Radar,120,54,49,0,223,0,7,61,6,74,120,61,110,6,297,66,0,66,363
04/04/2014,BUR,CA,AWP,WE,Towers with Radar,117,61,35,2,215,0,8,63,3,74,117,69,98,5,289,62,0,62,351
04/05/2014,BUR,CA,AWP,WE,Towers with Radar,79,24,37,0,140,0,2,49,0,51,79,26,86,0,191,22,0,22,213
04/06/2014,BUR,CA,AWP,WE,Towers with Radar,100,38,44,0,182,0,0,62,0,62,100,38,106,0,244,70,0,70,314
04/07/2014,BUR,CA,AWP,WE,Towers with Radar,115,50,31,0,196,0,3,43,2,48,115,53,74,2,244,52,0,52,296
04/08/2014,BUR,CA,AWP,WE,Towers with Radar,126,46,41,1,214,0,5,72,2,79,126,51,113,3,293,36,0,36,329
04/09/2014,BUR,CA,AWP,WE,Towers with Radar,121,52,28,2,203,0,5,45,0,50,121,57,73,2,253,20,0,20,273
04/10/2014,BUR,CA,AWP,WE,Towers with Radar,122,57,39,3,221,0,9,56,5,70,122,66,95,8,291,18,0,18,309
04/11/2014,BUR,CA,AWP,WE,Towers with Radar,122,58,45,0,225,0,8,46,0,54,122,66,91,0,279,14,0,14,293
04/12/2014,BUR,CA,AWP,WE,Towers with Radar,82,29,32,0,143,0,0,46,0,46,82,29,78,0,189,78,0,78,267
04/13/2014,BUR,CA,AWP,WE,Towers with Radar,109,45,37,0,191,0,1,52,0,53,109,46,89,0,244,38,0,38,282
04/14/2014,BUR,CA,AWP,WE,Towers with Radar,121,58,34,0,213,0,5,37,0,42,121,63,71,0,255,8,0,8,263
04/15/2014,BUR,CA,AWP,WE,Towers with Radar,123,50,43,0,216,0,6,59,2,67,123,56,102,2,283,24,0,24,307
04/16/2014,BUR,CA,AWP,WE,Towers with Radar,120,58,51,1,230,0,6,48,0,54,120,64,99,1,284,72,0,72,356
04/17/2014,BUR,CA,AWP,WE,Towers with Radar,125,56,43,1,225,0,4,53,1,58,125,60,96,2,283,48,0,48,331
04/18/2014,BUR,CA,AWP,WE,Towers with Radar,123,54,44,1,222,0,6,60,2,68,123,60,104,3,290,68,0,68,358
04/19/2014,BUR,CA,AWP,WE,Towers with Radar,81,28,21,0,130,0,1,50,0,51,81,29,71,0,181,16,0,16,197
04/20/2014,BUR,CA,AWP,WE,Towers with Radar,112,46,29,0,187,0,1,57,1,59,112,47,86,1,246,65,0,65,311
04/21/2014,BUR,CA,AWP,WE,Towers with Radar,123,58,52,0,233,0,2,74,2,78,123,60,126,2,311,62,0,62,373
04/22/2014,BUR,CA,AWP,WE,Towers with Radar,126,49,37,0,212,0,9,50,0,59,126,58,87,0,271,110,0,110,381
04/23/2014,BUR,CA,AWP,WE,Towers with Radar,123,54,52,0,229,0,5,46,1,52,123,59,98,1,281,0,0,0,281
04/24/2014,BUR,CA,AWP,WE,Towers with Radar,126,76,59,2,263,0,9,56,0,65,126,85,115,2,328,38,0,38,366
04/25/2014,BUR,CA,AWP,WE,Towers with Radar,124,73,41,2,240,0,3,18,0,21,124,76,59,2,261,34,0,34,295
04/26/2014,BUR,CA,AWP,WE,Towers with Radar,83,34,21,2,140,0,2,45,0,47,83,36,66,2,187,90,0,90,277
04/27/2014,BUR,CA,AWP,WE,Towers with Radar,109,48,36,0,193,0,3,52,2,57,109,51,88,2,250,116,0,116,366
04/28/2014,BUR,CA,AWP,WE,Towers with Radar,125,50,39,0,214,1,2,55,2,60,126,52,94,2,274,10,0,10,284
04/29/2014,BUR,CA,AWP,WE,Towers with Radar,122,54,35,3,214,0,5,25,1,31,122,59,60,4,245,0,0,0,245
04/30/2014,BUR,CA,AWP,WE,Towers with Radar,117,51,36,1,205,0,8,43,3,54,117,59,79,4,259,8,0,8,267
05/01/2014,BUR,CA,AWP,WE,Towers with Radar,129,68,56,2,255,0,7,51,1,59,129,75,107,3,314,72,0,72,386
05/02/2014,BUR,CA,AWP,WE,Towers with Radar,120,66,47,0,233,0,10,66,0,76,120,76,113,0,309,194,0,194,503
05/03/2014,BUR,CA,AWP,WE,Towers with Radar,80,34,41,0,155,0,2,42,2,46,80,36,83,2,201,156,0,156,357
05/04/2014,BUR,CA,AWP,WE,Towers with Radar,110,47,37,0,194,0,0,62,3,65,110,47,99,3,259,142,0,142,401
05/05/2014,BUR,CA,AWP,WE,Towers with Radar,122,52,32,0,206,0,3,70,3,76,122,55,102,3,282,132,0,132,414
05/06/2014,BUR,CA,AWP,WE,Towers with Radar,122,62,26,0,210,0,8,47,1,56,122,70,73,1,266,206,0,206,472
05/07/2014,BUR,CA,AWP,WE,Towers with Radar,117,73,41,0,231,0,4,38,0,42,117,77,79,0,273,56,0,56,329
05/08/2014,BUR,CA,AWP,WE,Towers with Radar,117,57,34,0,208,0,7,68,0,75,117,64,102,0,283,114,0,114,397
05/09/2014,BUR,CA,AWP,WE,Towers with Radar,115,64,42,0,221,0,8,63,1,72,115,72,105,1,293,126,0,126,419
05/10/2014,BUR,CA,AWP,WE,Towers with Radar,76,41,23,2,142,0,1,41,2,44,76,42,64,4,186,68,0,68,254
05/11/2014,BUR,CA,AWP,WE,Towers with Radar,102,48,25,1,176,0,0,25,2,27,102,48,50,3,203,12,0,12,215
05/12/2014,BUR,CA,AWP,WE,Towers with Radar,117,55,31,1,204,0,3,37,3,43,117,58,68,4,247,30,0,30,277
05/13/2014,BUR,CA,AWP,WE,Towers with Radar,120,68,45,0,233,0,9,36,0,45,120,77,81,0,278,10,0,10,288
05/14/2014,BUR,CA,AWP,WE,Towers with Radar,112,63,33,0,208,0,10,51,1,62,112,73,84,1,270,124,0,124,394
05/15/2014,BUR,CA,AWP,WE,Towers with Radar,116,78,34,0,228,0,15,71,0,86,116,93,105,0,314,78,0,78,392
05/16/2014,BUR,CA,AWP,WE,Towers with Radar,111,74,54,0,239,0,10,75,0,85,111,84,129,0,324,118,0,118,442
05/17/2014,BUR,CA,AWP,WE,Towers with Radar,81,31,35,0,147,0,4,56,0,60,81,35,91,0,207,118,0,118,325
05/18/2014,BUR,CA,AWP,WE,Towers with Radar,108,42,29,0,179,0,5,48,9,62,108,47,77,9,241,44,0,44,285
05/19/2014,BUR,CA,AWP,WE,Towers with Radar,113,53,34,1,201,0,6,53,2,61,113,59,87,3,262,38,0,38,300
05/20/2014,BUR,CA,AWP,WE,Towers with Radar,120,57,49,0,226,0,6,51,0,57,120,63,100,0,283,34,0,34,317
05/21/2014,BUR,CA,AWP,WE,Towers with Radar,118,62,51,0,231,0,5,61,3,69,118,67,112,3,300,66,0,66,366
05/22/2014,BUR,CA,AWP,WE,Towers with Radar,118,70,59,0,247,0,3,37,2,42,118,73,96,2,289,42,0,42,331
05/23/2014,BUR,CA,AWP,WE,Towers with Radar,114,63,45,0,222,0,5,70,1,76,114,68,115,1,298,64,0,64,362
05/24/2014,BUR,CA,AWP,WE,Towers with Radar,66,29,26,0,121,0,0,41,0,41,66,29,67,0,162,56,0,56,218
05/25/2014,BUR,CA,AWP,WE,Towers with Radar,76,25,12,0,113,0,3,32,0,35,76,28,44,0,148,20,0,20,168
05/26/2014,BUR,CA,AWP,WE,Towers with Radar,97,47,40,0,184,0,0,54,0,54,97,47,94,0,238,40,0,40,278
05/27/2014,BUR,CA,AWP,WE,Towers with Radar,113,60,36,0,209,0,6,57,4,67,113,66,93,4,276,52,0,52,328
05/28/2014,BUR,CA,AWP,WE,Towers with Radar,117,60,36,0,213,0,7,36,1,44,117,67,72,1,257,26,0,26,283
05/29/2014,BUR,CA,AWP,WE,Towers with Radar,118,57,32,0,207,0,10,55,0,65,118,67,87,0,272,66,0,66,338
05/30/2014,BUR,CA,AWP,WE,Towers with Radar,114,62,50,0,226,0,9,77,8,94,114,71,127,8,320,22,0,22,342
05/31/2014,BUR,CA,AWP,WE,Towers with Radar,80,30,28,0,138,0,5,33,0,38,80,35,61,0,176,24,0,24,200
06/01/2014,BUR,CA,AWP,WE,Towers with Radar,105,41,28,0,174,0,1,43,0,44,105,42,71,0,218,48,0,48,266
06/02/2014,BUR,CA,AWP,WE,Towers with Radar,113,58,32,0,203,0,6,51,0,57,113,64,83,0,260,66,0,66,326
06/03/2014,BUR,CA,AWP,WE,Towers with Radar,118,60,27,2,207,0,7,55,1,63,118,67,82,3,270,44,0,44,314
06/04/2014,BUR,CA,AWP,WE,Towers with Radar,118,50,37,0,205,0,4,49,4,57,118,54,86,4,262,44,0,44,306
06/05/2014,BUR,CA,AWP,WE,Towers with Radar,116,53,43,0,212,0,13,38,2,53,116,66,81,2,265,26,0,26,291
06/06/2014,BUR,CA,AWP,WE,Towers with Radar,115,69,50,0,234,0,9,56,2,67,115,78,106,2,301,22,0,22,323
06/07/2014,BUR,CA,AWP,WE,Towers with Radar,79,41,33,0,153,0,4,31,0,35,79,45,64,0,188,32,0,32,220
06/08/2014,BUR,CA,AWP,WE,Towers with Radar,103,45,39,0,187,0,2,39,3,44,103,47,78,3,231,20,0,20,251
06/09/2014,BUR,CA,AWP,WE,Towers with Radar,124,58,29,0,211,0,4,61,2,67,124,62,90,2,278,18,0,18,296
06/10/2014,BUR,CA,AWP,WE,Towers with Radar,118,65,52,0,235,0,5,37,2,44,118,70,89,2,279,52,0,52,331
06/11/2014,BUR,CA,AWP,WE,Towers with Radar,119,68,44,0,231,0,5,42,4,51,119,73,86,4,282,30,0,30,312
06/12/2014,BUR,CA,AWP,WE,Towers with Radar,115,72,39,0,226,0,5,41,4,50,115,77,80,4,276,34,0,34,310
06/13/2014,BUR,CA,AWP,WE,Towers with Radar,121,60,40,0,221,0,9,63,0,72,121,69,103,0,293,78,0,78,371
06/14/2014,BUR,CA,AWP,WE,Towers with Radar,83,44,37,1,165,0,2,30,0,32,83,46,67,1,197,16,0,16,213
06/15/2014,BUR,CA,AWP,WE,Towers with Radar,105,44,34,0,183,0,0,34,0,34,105,44,68,0,217,32,0,32,249
06/16/2014,BUR,CA,AWP,WE,Towers with Radar,113,51,38,0,202,0,6,48,0,54,113,57,86,0,256,68,0,68,324
06/17/2014,BUR,CA,AWP,WE,Towers with Radar,119,69,26,0,214,0,6,72,0,78,119,75,98,0,292,44,0,44,336
06/18/2014,BUR,CA,AWP,WE,Towers with Radar,121,57,43,3,224,0,5,76,7,88,121,62,119,10,312,106,0,106,418
06/19/2014,BUR,CA,AWP,WE,Towers with Radar,122,62,38,0,222,0,4,59,5,68,122,66,97,5,290,44,0,44,334
06/20/2014,BUR,CA,AWP,WE,Towers with Radar,118,58,30,3,209,0,10,75,2,87,118,68,105,5,296,56,0,56,352
06/21/2014,BUR,CA,AWP,WE,Towers with Radar,84,32,37,0,153,0,2,51,0,53,84,34,88,0,206,74,0,74,280
06/22/2014,BUR,CA,AWP,WE,Towers with Radar,99,37,42,0,178,0,3,63,0,66,99,40,105,0,244,92,0,92,336
06/23/2014,BUR,CA,AWP,WE,Towers with Radar,115,65,52,0,232,0,5,81,2,88,115,70,133,2,320,88,0,88,408
06/24/2014,BUR,CA,AWP,WE,Towers with Radar,118,67,48,0,233,0,3,58,1,62,118,70,106,1,295,60,0,60,355
06/25/2014,BUR,CA,AWP,WE,Towers with Radar,119,61,50,2,232,0,6,70,2,78,119,67,120,4,310,82,0,82,392
06/26/2014,BUR,CA,AWP,WE,Towers with Radar,122,67,51,0,240,0,7,61,2,70,122,74,112,2,310,110,0,110,420
06/27/2014,BUR,CA,AWP,WE,Towers with Radar,119,59,41,0,219,0,7,58,1,66,119,66,99,1,285,16,0,16,301
06/28/2014,BUR,CA,AWP,WE,Towers with Radar,82,44,47,0,173,0,1,49,0,50,82,45,96,0,223,44,0,44,267
06/29/2014,BUR,CA,AWP,WE,Towers with Radar,104,53,30,0,187,0,1,49,4,54,104,54,79,4,241,32,0,32,273
06/30/2014,BUR,CA,AWP,WE,Towers with Radar,115,51,31,0,197,0,2,55,4,61,115,53,86,4,258,94,0,94,352
07/01/2014,BUR,CA,AWP,WE,Towers with Radar,107,55,42,3,207,0,4,59,5,68,107,59,101,8,275,62,0,62,337
07/02/2014,BUR,CA,AWP,WE,Towers with Radar,116,64,24,0,204,0,3,41,2,46,116,67,65,2,250,36,0,36,286
07/03/2014,BUR,CA,AWP,WE,Towers with Radar,119,56,29,4,208,0,6,61,1,68,119,62,90,5,276,166,0,166,442
07/04/2014,BUR,CA,AWP,WE,Towers with Radar,66,24,8,0,98,0,0,61,1,62,66,24,69,1,160,62,0,62,222
07/05/2014,BUR,CA,AWP,WE,Towers with Radar,72,29,39,0,140,0,6,44,0,50,72,35,83,0,190,54,0,54,244
07/06/2014,BUR,CA,AWP,WE,Towers with Radar,107,40,23,0,170,0,0,41,1,42,107,40,64,1,212,16,0,16,228
07/07/2014,BUR,CA,AWP,WE,Towers with Radar,118,56,26,0,200,0,4,67,0,71,118,60,93,0,271,30,0,30,301
07/08/2014,BUR,CA,AWP,WE,Towers with Radar,115,51,32,0,198,0,9,80,4,93,115,60,112,4,291,120,0,120,411
07/09/2014,BUR,CA,AWP,WE,Towers with Radar,125,68,39,0,232,0,9,37,1,47,125,77,76,1,279,72,0,72,351
07/10/2014,BUR,CA,AWP,WE,Towers with Radar,121,64,41,0,226,0,5,40,1,46,121,69,81,1,272,104,0,104,376
07/11/2014,BUR,CA,AWP,WE,Towers with Radar,121,61,53,1,236,0,6,60,3,69,121,67,113,4,305,32,0,32,337
07/12/2014,BUR,CA,AWP,WE,Towers with Radar,73,31,38,0,142,0,0,36,0,36,73,31,74,0,178,86,0,86,264
07/13/2014,BUR,CA,AWP,WE,Towers with Radar,105,49,33,2,189,0,0,35,0,35,105,49,68,2,224,44,0,44,268
07/14/2014,BUR,CA,AWP,WE,Towers with Radar,115,55,31,0,201,0,8,44,1,53,115,63,75,1,254,64,0,64,318
07/15/2014,BUR,CA,AWP,WE,Towers with Radar,119,70,36,1,226,0,1,46,0,47,119,71,82,1,273,124,0,124,397
07/16/2014,BUR,CA,AWP,WE,Towers with Radar,107,64,36,1,208,0,3,53,0,56,107,67,89,1,264,68,0,68,332
07/17/2014,BUR,CA,AWP,WE,Towers with Radar,121,63,38,0,222,0,5,44,1,50,121,68,82,1,272,72,0,72,344
07/18/2014,BUR,CA,AWP,WE,Towers with Radar,115,61,42,0,218,0,10,49,0,59,115,71,91,0,277,88,0,88,365
07/19/2014,BUR,CA,AWP,WE,Towers with Radar,81,40,25,0,146,0,0,51,0,51,81,40,76,0,197,62,0,62,259
07/20/2014,BUR,CA,AWP,WE,Towers with Radar,107,46,44,0,197,0,2,37,3,42,107,48,81,3,239,64,0,64,303
07/21/2014,BUR,CA,AWP,WE,Towers with Radar,114,62,40,0,216,0,1,61,3,65,114,63,101,3,281,108,0,108,389
07/22/2014,BUR,CA,AWP,WE,Towers with Radar,118,69,27,0,214,0,4,64,0,68,118,73,91,0,282,79,0,79,361
07/23/2014,BUR,CA,AWP,WE,Towers with Radar,115,67,17,0,199,0,1,33,0,34,115,68,50,0,233,28,0,28,261
07/24/2014,BUR,CA,AWP,WE,Towers with Radar,118,63,34,0,215,1,3,30,0,34,119,66,64,0,249,18,0,18,267
07/25/2014,BUR,CA,AWP,WE,Towers with Radar,113,71,38,1,223,0,9,45,4,58,113,80,83,5,281,84,0,84,365
07/26/2014,BUR,CA,AWP,WE,Towers with Radar,86,43,48,0,177,0,2,50,0,52,86,45,98,0,229,14,0,14,243
07/27/2014,BUR,CA,AWP,WE,Towers with Radar,105,36,33,1,175,0,2,57,0,59,105,38,90,1,234,120,0,120,354
07/28/2014,BUR,CA,AWP,WE,Towers with Radar,116,67,29,0,212,0,6,45,2,53,116,73,74,2,265,56,0,56,321
07/29/2014,BUR,CA,AWP,WE,Towers with Radar,116,62,24,3,205,0,3,37,3,43,116,65,61,6,248,68,0,68,316
07/30/2014,BUR,CA,AWP,WE,Towers with Radar,121,57,24,0,202,0,4,32,2,38,121,61,56,2,240,32,0,32,272
07/31/2014,BUR,CA,AWP,WE,Towers with Radar,120,62,30,0,212,1,7,48,1,57,121,69,78,1,269,24,0,24,293
08/01/2014,BUR,CA,AWP,WE,Towers with Radar,117,64,24,0,205,0,5,47,0,52,117,69,71,0,257,14,0,14,271
08/02/2014,BUR,CA,AWP,WE,Towers with Radar,85,35,36,0,156,0,2,68,2,72,85,37,104,2,228,24,0,24,252
08/03/2014,BUR,CA,AWP,WE,Towers with Radar,107,37,44,0,188,0,1,38,0,39,107,38,82,0,227,14,0,14,241
08/04/2014,BUR,CA,AWP,WE,Towers with Radar,114,55,29,0,198,0,8,56,0,64,114,63,85,0,262,36,0,36,298
08/05/2014,BUR,CA,AWP,WE,Towers with Radar,123,52,40,0,215,0,5,49,4,58,123,57,89,4,273,51,0,51,324
08/06/2014,BUR,CA,AWP,WE,Towers with Radar,125,61,35,0,221,0,5,47,3,55,125,66,82,3,276,62,0,62,338
08/07/2014,BUR,CA,AWP,WE,Towers with Radar,124,70,26,0,220,0,3,65,1,69,124,73,91,1,289,58,0,58,347
08/08/2014,BUR,CA,AWP,WE,Towers with Radar,123,58,40,0,221,0,15,69,0,84,123,73,109,0,305,16,0,16,321
08/09/2014,BUR,CA,AWP,WE,Towers with Radar,82,37,24,0,143,0,2,30,1,33,82,39,54,1,176,52,0,52,228
08/10/2014,BUR,CA,AWP,WE,Towers with Radar,111,45,41,0,197,0,1,52,0,53,111,46,93,0,250,36,0,36,286
08/11/2014,BUR,CA,AWP,WE,Towers with Radar,120,57,29,0,206,0,2,48,0,50,120,59,77,0,256,54,0,54,310
08/12/2014,BUR,CA,AWP,WE,Towers with Radar,121,63,38,0,222,0,4,66,2,72,121,67,104,2,294,88,0,88,382
08/13/2014,BUR,CA,AWP,WE,Towers with Radar,121,69,36,1,227,0,3,49,1,53,121,72,85,2,280,4,0,4,284
08/14/2014,BUR,CA,AWP,WE,Towers with Radar,120,63,35,2,220,0,4,63,1,68,120,67,98,3,288,162,0,162,450
08/15/2014,BUR,CA,AWP,WE,Towers with Radar,118,66,32,1,217,0,10,52,1,63,118,76,84,2,280,88,0,88,368
08/16/2014,BUR,CA,AWP,WE,Towers with Radar,82,34,28,0,144,0,5,51,0,56,82,39,79,0,200,74,0,74,274
08/17/2014,BUR,CA,AWP,WE,Towers with Radar,105,44,31,0,180,0,2,51,3,56,105,46,82,3,236,32,0,32,268
08/18/2014,BUR,CA,AWP,WE,Towers with Radar,116,47,30,0,193,0,6,43,1,50,116,53,73,1,243,12,0,12,255
08/19/2014,BUR,CA,AWP,WE,Towers with Radar,113,70,35,2,220,0,2,39,2,43,113,72,74,4,263,106,0,106,369
08/20/2014,BUR,CA,AWP,WE,Towers with Radar,125,71,53,0,249,0,3,59,3,65,125,74,112,3,314,56,0,56,370
08/21/2014,BUR,CA,AWP,WE,Towers with Radar,120,64,50,1,235,0,6,74,1,81,120,70,124,2,316,92,0,92,408
08/22/2014,BUR,CA,AWP,WE,Towers with Radar,117,63,39,1,220,0,10,69,1,80,117,73,108,2,300,98,0,98,398
08/23/2014,BUR,CA,AWP,WE,Towers with Radar,79,33,24,1,137,0,3,65,1,69,79,36,89,2,206,18,0,18,224
08/24/2014,BUR,CA,AWP,WE,Towers with Radar,109,55,34,1,199,0,1,57,2,60,109,56,91,3,259,56,0,56,315
08/25/2014,BUR,CA,AWP,WE,Towers with Radar,113,51,24,2,190,1,4,72,5,82,114,55,96,7,272,50,0,50,322
08/26/2014,BUR,CA,AWP,WE,Towers with Radar,117,72,36,0,225,0,7,54,6,67,117,79,90,6,292,18,0,18,310
08/27/2014,BUR,CA,AWP,WE,Towers with Radar,123,59,33,1,216,0,5,67,8,80,123,64,100,9,296,74,0,74,370
08/28/2014,BUR,CA,AWP,WE,Towers with Radar,117,71,34,3,225,1,11,61,4,77,118,82,95,7,302,140,0,140,442
08/29/2014,BUR,CA,AWP,WE,Towers with Radar,114,51,36,0,201,0,13,53,5,71,114,64,89,5,272,36,0,36,308
08/30/2014,BUR,CA,AWP,WE,Towers with Radar,63,36,24,1,124,0,1,43,2,46,63,37,67,3,170,156,0,156,326
08/31/2014,BUR,CA,AWP,WE,Towers with Radar,81,33,27,0,141,0,1,65,2,68,81,34,92,2,209,6,0,6,215
09/01/2014,BUR,CA,AWP,WE,Towers with Radar,102,46,37,1,186,0,1,54,4,59,102,47,91,5,245,28,0,28,273
09/02/2014,BUR,CA,AWP,WE,Towers with Radar,111,55,30,2,198,0,4,55,3,62,111,59,85,5,260,78,0,78,338
09/03/2014,BUR,CA,AWP,WE,Towers with Radar,120,69,26,1,216,0,3,55,8,66,120,72,81,9,282,40,0,40,322
09/04/2014,BUR,CA,AWP,WE,Towers with Radar,119,64,28,1,212,0,5,38,4,47,119,69,66,5,259,20,0,20,279
09/05/2014,BUR,CA,AWP,WE,Towers with Radar,119,53,34,2,208,0,11,55,7,73,119,64,89,9,281,54,0,54,335
09/06/2014,BUR,CA,AWP,WE,Towers with Radar,72,27,39,0,138,0,2,60,1,63,72,29,99,1,201,62,0,62,263
09/07/2014,BUR,CA,AWP,WE,Towers with Radar,106,45,24,0,175,0,1,42,1,44,106,46,66,1,219,6,0,6,225
09/08/2014,BUR,CA,AWP,WE,Towers with Radar,111,53,29,0,193,0,3,64,1,68,111,56,93,1,261,134,0,134,395
09/09/2014,BUR,CA,AWP,WE,Towers with Radar,114,60,40,0,214,2,4,70,1,77,116,64,110,1,291,132,0,132,423
09/10/2014,BUR,CA,AWP,WE,Towers with Radar,124,62,25,2,213,0,3,51,2,56,124,65,76,4,269,88,0,88,357
09/11/2014,BUR,CA,AWP,WE,Towers with Radar,117,61,31,0,209,1,8,67,5,81,118,69,98,5,290,136,0,136,426
09/12/2014,BUR,CA,AWP,WE,Towers with Radar,115,59,30,0,204,0,7,73,1,81,115,66,103,1,285,74,0,74,359
09/13/2014,BUR,CA,AWP,WE,Towers with Radar,77,27,24,0,128,1,2,53,1,57,78,29,77,1,185,100,0,100,285
09/14/2014,BUR,CA,AWP,WE,Towers with Radar,105,42,32,0,179,0,2,43,1,46,105,44,75,1,225,18,0,18,243
09/15/2014,BUR,CA,AWP,WE,Towers with Radar,112,49,38,0,199,0,2,54,2,58,112,51,92,2,257,12,0,12,269
09/16/2014,BUR,CA,AWP,WE,Towers with Radar,113,58,32,1,204,2,5,55,0,62,115,63,87,1,266,48,0,48,314
09/17/2014,BUR,CA,AWP,WE,Towers with Radar,120,71,30,0,221,0,8,39,3,50,120,79,69,3,271,50,0,50,321
09/18/2014,BUR,CA,AWP,WE,Towers with Radar,120,69,29,0,218,0,5,63,1,69,120,74,92,1,287,66,0,66,353
09/19/2014,BUR,CA,AWP,WE,Towers with Radar,117,65,45,0,227,0,5,51,0,56,117,70,96,0,283,0,0,0,283
09/20/2014,BUR,CA,AWP,WE,Towers with Radar,76,27,40,0,143,0,2,46,0,48,76,29,86,0,191,122,0,122,313
09/21/2014,BUR,CA,AWP,WE,Towers with Radar,105,36,26,1,168,0,3,72,0,75,105,39,98,1,243,44,0,44,287
09/22/2014,BUR,CA,AWP,WE,Towers with Radar,113,59,17,1,190,0,5,61,3,69,113,64,78,4,259,24,0,24,283
09/23/2014,BUR,CA,AWP,WE,Towers with Radar,115,62,32,3,212,0,6,71,4,81,115,68,103,7,293,46,16,62,355
09/24/2014,BUR,CA,AWP,WE,Towers with Radar,121,59,35,0,215,0,4,68,2,74,121,63,103,2,289,104,0,104,393
09/25/2014,BUR,CA,AWP,WE,Towers with Radar,117,70,42,0,229,0,6,57,0,63,117,76,99,0,292,56,0,56,348
09/26/2014,BUR,CA,AWP,WE,Towers with Radar,117,59,36,0,212,0,7,47,1,55,117,66,83,1,267,20,0,20,287
09/27/2014,BUR,CA,AWP,WE,Towers with Radar,76,30,47,0,153,0,1,48,1,50,76,31,95,1,203,12,0,12,215
09/28/2014,BUR,CA,AWP,WE,Towers with Radar,107,31,38,0,176,0,1,43,1,45,107,32,81,1,221,26,0,26,247
09/29/2014,BUR,CA,AWP,WE,Towers with Radar,111,57,38,0,206,0,8,63,0,71,111,65,101,0,277,126,0,126,403
09/30/2014,BUR,CA,AWP,WE,Towers with Radar,115,66,28,0,209,0,3,58,5,66,115,69,86,5,275,44,0,44,319
10/01/2014,BUR,CA,AWP,WE,Towers with Radar,118,63,32,3,216,0,4,59,4,67,118,67,91,7,283,58,0,58,341
10/02/2014,BUR,CA,AWP,WE,Towers with Radar,114,74,46,0,234,0,3,57,2,62,114,77,103,2,296,126,0,126,422
10/03/2014,BUR,CA,AWP,WE,Towers with Radar,117,72,24,2,215,0,10,49,2,61,117,82,73,4,276,106,0,106,382
10/04/2014,BUR,CA,AWP,WE,Towers with Radar,81,31,24,0,136,0,2,57,0,59,81,33,81,0,195,90,0,90,285
10/05/2014,BUR,CA,AWP,WE,Towers with Radar,106,40,25,0,171,0,2,68,1,71,106,42,93,1,242,126,0,126,368
10/06/2014,BUR,CA,AWP,WE,Towers with Radar,112,60,39,0,211,0,6,86,0,92,112,66,125,0,303,48,0,48,351
10/07/2014,BUR,CA,AWP,WE,Towers with Radar,114,72,29,0,215,0,8,71,1,80,114,80,100,1,295,60,0,60,355
10/08/2014,BUR,CA,AWP,WE,Towers with Radar,122,69,41,2,234,0,7,84,3,94,122,76,125,5,328,74,0,74,402
10/09/2014,BUR,CA,AWP,WE,Towers with Radar,120,74,51,0,245,0,4,34,0,38,120,78,85,0,283,32,0,32,315
10/10/2014,BUR,CA,AWP,WE,Towers with Radar,119,70,35,0,224,0,8,53,0,61,119,78,88,0,285,44,0,44,329
10/11/2014,BUR,CA,AWP,WE,Towers with Radar,80,28,45,0,153,0,1,50,0,51,80,29,95,0,204,22,0,22,226
10/12/2014,BUR,CA,AWP,WE,Towers with Radar,109,40,48,0,197,0,0,48,0,48,109,40,96,0,245,120,0,120,365
10/13/2014,BUR,CA,AWP,WE,Towers with Radar,112,64,36,0,212,0,6,34,0,40,112,70,70,0,252,24,0,24,276
10/14/2014,BUR,CA,AWP,WE,Towers with Radar,116,73,42,1,232,0,8,39,2,49,116,81,81,3,281,2,0,2,283
10/15/2014,BUR,CA,AWP,WE,Towers with Radar,117,64,33,1,215,0,6,86,5,97,117,70,119,6,312,134,0,134,446
10/16/2014,BUR,CA,AWP,WE,Towers with Radar,117,63,34,1,215,0,4,82,2,88,117,67,116,3,303,66,0,66,369
10/17/2014,BUR,CA,AWP,WE,Towers with Radar,119,65,28,0,212,0,7,61,0,68,119,72,89,0,280,54,0,54,334
10/18/2014,BUR,CA,AWP,WE,Towers with Radar,77,24,23,0,124,0,1,48,0,49,77,25,71,0,173,54,0,54,227
10/19/2014,BUR,CA,AWP,WE,Towers with Radar,107,44,31,0,182,0,1,44,0,45,107,45,75,0,227,12,0,12,239
10/20/2014,BUR,CA,AWP,WE,Towers with Radar,116,64,30,0,210,0,3,40,0,43,116,67,70,0,253,90,0,90,343
10/21/2014,BUR,CA,AWP,WE,Towers with Radar,115,68,28,0,211,0,6,80,3,89,115,74,108,3,300,146,0,146,446
10/22/2014,BUR,CA,AWP,WE,Towers with Radar,118,58,37,0,213,0,4,82,3,89,118,62,119,3,302,30,0,30,332
10/23/2014,BUR,CA,AWP,WE,Towers with Radar,118,75,33,1,227,0,4,93,1,98,118,79,126,2,325,60,0,60,385
10/24/2014,BUR,CA,AWP,WE,Towers with Radar,117,77,37,0,231,0,4,78,2,84,117,81,115,2,315,70,0,70,385
10/25/2014,BUR,CA,AWP,WE,Towers with Radar,81,27,21,0,129,0,1,72,1,74,81,28,93,1,203,148,0,148,351
10/26/2014,BUR,CA,AWP,WE,Towers with Radar,110,51,36,0,197,0,1,55,0,56,110,52,91,0,253,78,0,78,331
10/27/2014,BUR,CA,AWP,WE,Towers with Radar,115,61,31,0,207,0,5,85,1,91,115,66,116,1,298,72,0,72,370
10/28/2014,BUR,CA,AWP,WE,Towers with Radar,119,71,31,1,222,0,2,73,3,78,119,73,104,4,300,42,0,42,342
10/29/2014,BUR,CA,AWP,WE,Towers with Radar,121,63,39,1,224,0,3,72,3,78,121,66,111,4,302,30,0,30,332
10/30/2014,BUR,CA,AWP,WE,Towers with Radar,117,73,60,1,251,0,5,73,4,82,117,78,133,5,333,8,0,8,341
10/31/2014,BUR,CA,AWP,WE,Towers with Radar,101,59,29,0,189,0,0,36,0,36,101,59,65,0,225,75,0,75,300
11/01/2014,BUR,CA,AWP,WE,Towers with Radar,73,42,31,0,146,0,1,31,0,32,73,43,62,0,178,64,0,64,242
11/02/2014,BUR,CA,AWP,WE,Towers with Radar,100,59,54,0,213,0,1,50,2,53,100,60,104,2,266,70,0,70,336
11/03/2014,BUR,CA,AWP,WE,Towers with Radar,118,63,24,0,205,0,5,73,0,78,118,68,97,0,283,60,0,60,343
11/04/2014,BUR,CA,AWP,WE,Towers with Radar,121,57,36,0,214,0,5,78,5,88,121,62,114,5,302,50,0,50,352
11/05/2014,BUR,CA,AWP,WE,Towers with Radar,122,61,50,2,235,0,2,67,1,70,122,63,117,3,305,47,0,47,352
11/06/2014,BUR,CA,AWP,WE,Towers with Radar,121,76,33,0,230,0,5,76,1,82,121,81,109,1,312,0,0,0,312
11/07/2014,BUR,CA,AWP,WE,Towers with Radar,121,65,44,0,230,0,3,108,1,112,121,68,152,1,342,8,0,8,350
11/08/2014,BUR,CA,AWP,WE,Towers with Radar,86,31,30,0,147,0,2,70,0,72,86,33,100,0,219,46,0,46,265
11/09/2014,BUR,CA,AWP,WE,Towers with Radar,103,42,48,0,193,0,4,67,1,72,103,46,115,1,265,68,0,68,333
11/10/2014,BUR,CA,AWP,WE,Towers with Radar,116,52,26,0,194,0,3,67,3,73,116,55,93,3,267,78,0,78,345
11/11/2014,BUR,CA,AWP,WE,Towers with Radar,117,71,40,0,228,0,3,50,3,56,117,74,90,3,284,68,0,68,352
11/12/2014,BUR,CA,AWP,WE,Towers with Radar,117,62,51,0,230,0,4,63,1,68,117,66,114,1,298,68,0,68,366
11/13/2014,BUR,CA,AWP,WE,Towers with Radar,118,61,38,1,218,0,4,61,0,65,118,65,99,1,283,48,0,48,331
11/14/2014,BUR,CA,AWP,WE,Towers with Radar,115,65,40,2,222,0,6,66,0,72,115,71,106,2,294,78,0,78,372
11/15/2014,BUR,CA,AWP,WE,Towers with Radar,83,30,20,1,134,0,2,42,1,45,83,32,62,2,179,4,0,4,183
11/16/2014,BUR,CA,AWP,WE,Towers with Radar,105,48,28,1,182,0,5,35,1,41,105,53,63,2,223,24,0,24,247
11/17/2014,BUR,CA,AWP,WE,Towers with Radar,113,74,37,1,225,0,5,67,3,75,113,79,104,4,300,76,0,76,376
11/18/2014,BUR,CA,AWP,WE,Towers with Radar,108,60,40,2,210,0,3,82,0,85,108,63,122,2,295,42,0,42,337
11/19/2014,BUR,CA,AWP,WE,Towers with Radar,108,67,44,0,219,0,5,57,5,67,108,72,101,5,286,14,0,14,300
11/20/2014,BUR,CA,AWP,WE,Towers with Radar,114,70,48,2,234,0,3,57,1,61,114,73,105,3,295,74,0,74,369
11/21/2014,BUR,CA,AWP,WE,Towers with Radar,116,81,38,0,235,0,5,55,2,62,116,86,93,2,297,24,0,24,321
11/22/2014,BUR,CA,AWP,WE,Towers with Radar,83,41,52,0,176,0,2,47,3,52,83,43,99,3,228,42,0,42,270
11/23/2014,BUR,CA,AWP,WE,Towers with Radar,96,39,26,0,161,0,2,26,0,28,96,41,52,0,189,26,0,26,215
11/24/2014,BUR,CA,AWP,WE,Towers with Radar,114,63,26,1,204,0,7,48,1,56,114,70,74,2,260,38,0,38,298
11/25/2014,BUR,CA,AWP,WE,Towers with Radar,126,64,31,0,221,0,4,51,1,56,126,68,82,1,277,90,0,90,367
11/26/2014,BUR,CA,AWP,WE,Towers with Radar,129,60,30,0,219,0,3,90,3,96,129,63,120,3,315,0,0,0,315
11/27/2014,BUR,CA,AWP,WE,Towers with Radar,77,22,11,0,110,0,4,29,1,34,77,26,40,1,144,0,0,0,144
11/28/2014,BUR,CA,AWP,WE,Towers with Radar,98,44,24,0,166,0,6,73,1,80,98,50,97,1,246,49,0,49,295
11/29/2014,BUR,CA,AWP,WE,Towers with Radar,91,44,46,0,181,0,0,48,2,50,91,44,94,2,231,71,0,71,302
11/30/2014,BUR,CA,AWP,WE,Towers with Radar,123,46,43,0,212,0,0,8,0,8,123,46,51,0,220,0,0,0,220
12/01/2014,BUR,CA,AWP,WE,Towers with Radar,124,59,42,0,225,0,4,46,1,51,124,63,88,1,276,70,0,70,346
12/02/2014,BUR,CA,AWP,WE,Towers with Radar,108,68,19,2,197,0,0,6,0,6,108,68,25,2,203,0,0,0,203
12/03/2014,BUR,CA,AWP,WE,Towers with Radar,112,56,40,0,208,0,0,13,0,13,112,56,53,0,221,0,0,0,221
12/04/2014,BUR,CA,AWP,WE,Towers with Radar,111,80,54,1,246,0,3,46,3,52,111,83,100,4,298,76,0,76,374
12/05/2014,BUR,CA,AWP,WE,Towers with Radar,114,51,39,1,205,0,3,57,8,68,114,54,96,9,273,128,0,128,401
12/06/2014,BUR,CA,AWP,WE,Towers with Radar,79,35,30,0,144,0,2,37,1,40,79,37,67,1,184,12,0,12,196
12/07/2014,BUR,CA,AWP,WE,Towers with Radar,98,39,38,0,175,0,3,60,4,67,98,42,98,4,242,58,0,58,300
12/08/2014,BUR,CA,AWP,WE,Towers with Radar,114,65,28,0,207,2,4,48,2,56,116,69,76,2,263,30,0,30,293
12/09/2014,BUR,CA,AWP,WE,Towers with Radar,112,71,39,0,222,0,8,80,3,91,112,79,119,3,313,82,26,108,421
12/10/2014,BUR,CA,AWP,WE,Towers with Radar,125,67,33,4,229,0,3,64,4,71,125,70,97,8,300,60,0,60,360
12/11/2014,BUR,CA,AWP,WE,Towers with Radar,109,70,32,0,211,0,2,35,2,39,109,72,67,2,250,74,0,74,324
12/12/2014,BUR,CA,AWP,WE,Towers with Radar,106,63,34,0,203,0,4,25,3,32,106,67,59,3,235,6,0,6,241
12/13/2014,BUR,CA,AWP,WE,Towers with Radar,81,34,41,0,156,0,2,52,4,58,81,36,93,4,214,47,0,47,261
12/14/2014,BUR,CA,AWP,WE,Towers with Radar,90,45,17,0,152,0,1,49,2,52,90,46,66,2,204,36,0,36,240
12/15/2014,BUR,CA,AWP,WE,Towers with Radar,105,58,21,0,184,0,7,38,7,52,105,65,59,7,236,46,0,46,282
12/16/2014,BUR,CA,AWP,WE,Towers with Radar,119,63,39,0,221,0,3,21,4,28,119,66,60,4,249,34,0,34,283
12/17/2014,BUR,CA,AWP,WE,Towers with Radar,119,69,32,0,220,0,2,40,3,45,119,71,72,3,265,64,0,64,329
12/18/2014,BUR,CA,AWP,WE,Towers with Radar,121,64,38,0,223,2,7,80,3,92,123,71,118,3,315,78,0,78,393
12/19/2014,BUR,CA,AWP,WE,Towers with Radar,115,49,27,0,191,0,3,49,1,53,115,52,76,1,244,0,0,0,244
12/20/2014,BUR,CA,AWP,WE,Towers with Radar,90,37,56,0,183,0,1,66,0,67,90,38,122,0,250,40,0,40,290
12/21/2014,BUR,CA,AWP,WE,Towers with Radar,98,46,29,0,173,0,3,42,3,48,98,49,71,3,221,26,0,26,247
12/22/2014,BUR,CA,AWP,WE,Towers with Radar,122,65,25,0,212,0,2,43,2,47,122,67,68,2,259,20,0,20,279
12/23/2014,BUR,CA,AWP,WE,Towers with Radar,119,66,21,0,206,0,4,60,2,66,119,70,81,2,272,46,0,46,318
12/24/2014,BUR,CA,AWP,WE,Towers with Radar,91,49,10,0,150,0,7,54,2,63,91,56,64,2,213,24,0,24,237
12/25/2014,BUR,CA,AWP,WE,Towers with Radar,75,29,12,0,116,0,2,12,2,16,75,31,24,2,132,0,0,0,132
12/26/2014,BUR,CA,AWP,WE,Towers with Radar,111,52,41,0,204,0,8,34,0,42,111,60,75,0,246,70,0,70,316
12/27/2014,BUR,CA,AWP,WE,Towers with Radar,86,34,47,0,167,0,1,64,0,65,86,35,111,0,232,58,0,58,290
12/28/2014,BUR,CA,AWP,WE,Towers with Radar,94,40,31,0,165,0,4,48,2,54,94,44,79,2,219,30,0,30,249
12/29/2014,BUR,CA,AWP,WE,Towers with Radar,113,43,28,0,184,0,8,78,3,89,113,51,106,3,273,98,0,98,371
12/30/2014,BUR,CA,AWP,WE,Towers with Radar,120,56,34,2,212,0,4,55,4,63,120,60,89,6,275,8,0,8,283
12/31/2014,BUR,CA,AWP,WE,Towers with Radar,79,52,24,0,155,0,3,41,2,46,79,55,65,2,201,18,0,18,219
01/01/2015,BUR,CA,AWP,WE,Towers with Radar,81,47,57,0,185,0,3,39,0,42,81,50,96,0,227,0,0,0,227
01/02/2015,BUR,CA,AWP,WE,Towers with Radar,116,65,63,0,244,0,3,51,1,55,116,68,114,1,299,10,0,10,309
01/03/2015,BUR,CA,AWP,WE,Towers with Radar,84,41,44,0,169,0,1,38,0,39,84,42,82,0,208,36,0,36,244
01/04/2015,BUR,CA,AWP,WE,Towers with Radar,101,39,39,0,179,0,0,54,3,57,101,39,93,3,236,12,0,12,248
01/05/2015,BUR,CA,AWP,WE,Towers with Radar,117,51,23,0,191,0,13,60,6,79,117,64,83,6,270,54,0,54,324
01/06/2015,BUR,CA,AWP,WE,Towers with Radar,111,43,35,1,190,0,6,60,4,70,111,49,95,5,260,90,0,90,350
01/07/2015,BUR,CA,AWP,WE,Towers with Radar,119,57,21,1,198,0,7,45,3,55,119,64,66,4,253,28,2,30,283
01/08/2015,BUR,CA,AWP,WE,Towers with Radar,115,44,31,0,190,0,8,65,6,79,115,52,96,6,269,58,0,58,327
01/09/2015,BUR,CA,AWP,WE,Towers with Radar,117,48,32,0,197,0,6,59,2,67,117,54,91,2,264,8,0,8,272
01/10/2015,BUR,CA,AWP,WE,Towers with Radar,84,27,22,0,133,0,2,30,0,32,84,29,52,0,165,60,0,60,225
01/11/2015,BUR,CA,AWP,WE,Towers with Radar,97,29,29,2,157,0,0,31,0,31,97,29,60,2,188,54,0,54,242
01/12/2015,BUR,CA,AWP,WE,Towers with Radar,109,42,20,0,171,1,2,53,1,57,110,44,73,1,228,22,0,22,250
01/13/2015,BUR,CA,AWP,WE,Towers with Radar,115,57,39,2,213,0,3,92,4,99,115,60,131,6,312,74,0,74,386
01/14/2015,BUR,CA,AWP,WE,Towers with Radar,114,59,41,0,214,0,7,77,10,94,114,66,118,10,308,100,0,100,408
01/15/2015,BUR,CA,AWP,WE,Towers with Radar,119,48,36,1,204,0,7,60,4,71,119,55,96,5,275,24,0,24,299
01/16/2015,BUR,CA,AWP,WE,Towers with Radar,116,58,40,2,216,1,7,85,5,98,117,65,125,7,314,58,0,58,372
01/17/2015,BUR,CA,AWP,WE,Towers with Radar,79,28,42,0,149,0,1,66,0,67,79,29,108,0,216,46,0,46,262
01/18/2015,BUR,CA,AWP,WE,Towers with Radar,95,34,35,0,164,0,1,94,3,98,95,35,129,3,262,120,0,120,382
01/19/2015,BUR,CA,AWP,WE,Towers with Radar,115,52,25,0,192,0,4,112,1,117,115,56,137,1,309,194,0,194,503
01/20/2015,BUR,CA,AWP,WE,Towers with Radar,113,52,38,3,206,0,0,41,4,45,113,52,79,7,251,166,0,166,417
01/21/2015,BUR,CA,AWP,WE,Towers with Radar,117,59,45,1,222,0,4,40,1,45,117,63,85,2,267,162,0,162,429
01/22/2015,BUR,CA,AWP,WE,Towers with Radar,120,64,34,0,218,0,10,63,1,74,120,74,97,1,292,84,0,84,376
01/23/2015,BUR,CA,AWP,WE,Towers with Radar,120,58,39,1,218,0,4,45,2,51,120,62,84,3,269,103,0,103,372
01/24/2015,BUR,CA,AWP,WE,Towers with Radar,84,26,17,1,128,0,1,41,1,43,84,27,58,2,171,10,0,10,181
01/25/2015,BUR,CA,AWP,WE,Towers with Radar,102,38,35,0,175,0,0,85,3,88,102,38,120,3,263,140,0,140,403
01/26/2015,BUR,CA,AWP,WE,Towers with Radar,113,48,37,0,198,0,6,49,4,59,113,54,86,4,257,146,0,146,403
01/27/2015,BUR,CA,AWP,WE,Towers with Radar,116,55,44,0,215,0,4,76,5,85,116,59,120,5,300,116,0,116,416
01/28/2015,BUR,CA,AWP,WE,Towers with Radar,123,53,48,0,224,0,10,115,2,127,123,63,163,2,351,192,0,192,543
01/29/2015,BUR,CA,AWP,WE,Towers with Radar,118,55,29,1,203,0,7,92,3,102,118,62,121,4,305,194,0,194,499
01/30/2015,BUR,CA,AWP,WE,Towers with Radar,118,56,29,0,203,0,2,87,1,90,118,58,116,1,293,116,0,116,409
01/31/2015,BUR,CA,AWP,WE,Towers with Radar,82,31,26,0,139,0,0,56,1,57,82,31,82,1,196,56,0,56,252
02/01/2015,BUR,CA,AWP,WE,Towers with Radar,89,38,35,0,162,0,0,80,1,81,89,38,115,1,243,54,0,54,297
02/02/2015,BUR,CA,AWP,WE,Towers with Radar,115,45,44,3,207,0,7,84,1,92,115,52,128,4,299,74,0,74,373
02/03/2015,BUR,CA,AWP,WE,Towers with Radar,119,56,30,1,206,0,4,94,4,102,119,60,124,5,308,78,0,78,386
02/04/2015,BUR,CA,AWP,WE,Towers with Radar,113,55,43,2,213,0,4,69,0,73,113,59,112,2,286,74,0,74,360
02/05/2015,BUR,CA,AWP,WE,Towers with Radar,123,48,50,1,222,0,7,96,3,106,123,55,146,4,328,132,0,132,460
02/06/2015,BUR,CA,AWP,WE,Towers with Radar,116,55,46,1,218,0,4,68,2,74,116,59,114,3,292,142,0,142,434
02/07/2015,BUR,CA,AWP,WE,Towers with Radar,81,38,40,1,160,0,1,55,0,56,81,39,95,1,216,66,0,66,282
02/08/2015,BUR,CA,AWP,WE,Towers with Radar,98,42,45,0,185,0,0,72,0,72,98,42,117,0,257,36,0,36,293
02/09/2015,BUR,CA,AWP,WE,Towers with Radar,113,54,40,1,208,0,3,68,5,76,113,57,108,6,284,66,0,66,350
02/10/2015,BUR,CA,AWP,WE,Towers with Radar,107,53,30,1,191,0,10,86,2,98,107,63,116,3,289,152,0,152,441
02/11/2015,BUR,CA,AWP,WE,Towers with Radar,115,57,44,0,216,0,7,81,0,88,115,64,125,0,304,116,0,116,420
02/12/2015,BUR,CA,AWP,WE,Towers with Radar,115,61,57,0,233,0,7,97,2,106,115,68,154,2,339,106,0,106,445
02/13/2015,BUR,CA,AWP,WE,Towers with Radar,113,61,42,0,216,0,8,91,0,99,113,69,133,0,315,36,0,36,351
02/14/2015,BUR,CA,AWP,WE,Towers with Radar,71,39,22,0,132,0,4,124,0,128,71,43,146,0,260,52,0,52,312
02/15/2015,BUR,CA,AWP,WE,Towers with Radar,84,42,26,1,153,0,2,124,3,129,84,44,150,4,282,202,0,202,484
02/16/2015,BUR,CA,AWP,WE,Towers with Radar,105,61,41,0,207,0,3,72,4,79,105,64,113,4,286,170,0,170,456
02/17/2015,BUR,CA,AWP,WE,Towers with Radar,109,65,27,2,203,0,6,104,2,112,109,71,131,4,315,246,0,246,561
02/18/2015,BUR,CA,AWP,WE,Towers with Radar,112,67,42,0,221,0,6,78,1,85,112,73,120,1,306,196,0,196,502
02/19/2015,BUR,CA,AWP,WE,Towers with Radar,114,67,27,0,208,0,7,39,1,47,114,74,66,1,255,94,0,94,349
02/20/2015,BUR,CA,AWP,WE,Towers with Radar,116,66,45,2,229,0,5,44,1,50,116,71,89,3,279,58,0,58,337
02/21/2015,BUR,CA,AWP,WE,Towers with Radar,78,31,30,0,139,0,1,78,1,80,78,32,108,1,219,22,0,22,241
02/22/2015,BUR,CA,AWP,WE,Towers with Radar,88,56,55,0,199,0,1,16,0,17,88,57,71,0,216,36,0,36,252
02/23/2015,BUR,CA,AWP,WE,Towers with Radar,109,66,47,0,222,0,2,79,2,83,109,68,126,2,305,26,0,26,331
02/24/2015,BUR,CA,AWP,WE,Towers with Radar,104,62,34,0,200,0,9,52,3,64,104,71,86,3,264,44,0,44,308
02/25/2015,BUR,CA,AWP,WE,Towers with Radar,103,73,39,0,215,0,7,109,1,117,103,80,148,1,332,108,0,108,440
02/26/2015,BUR,CA,AWP,WE,Towers with Radar,109,62,46,2,219,0,7,72,1,80,109,69,118,3,299,100,0,100,399
02/27/2015,BUR,CA,AWP,WE,Towers with Radar,108,78,33,0,219,0,2,61,1,64,108,80,94,1,283,104,0,104,387
02/28/2015,BUR,CA,AWP,WE,Towers with Radar,73,37,29,0,139,0,2,44,4,50,73,39,73,4,189,92,0,92,281
03/01/2015,BUR,CA,AWP,WE,Towers with Radar,91,50,29,0,170,0,1,28,1,30,91,51,57,1,200,16,0,16,216
03/02/2015,BUR,CA,AWP,WE,Towers with Radar,98,63,42,1,204,0,3,52,2,57,98,66,94,3,261,64,0,64,325
03/03/2015,BUR,CA,AWP,WE,Towers with Radar,105,73,40,2,220,0,8,95,6,109,105,81,135,8,329,184,0,184,513
03/04/2015,BUR,CA,AWP,WE,Towers with Radar,105,68,49,2,224,0,8,102,1,111,105,76,151,3,335,182,0,182,517
03/05/2015,BUR,CA,AWP,WE,Towers with Radar,108,66,39,2,215,0,10,68,3,81,108,76,107,5,296,8,0,8,304
03/06/2015,BUR,CA,AWP,WE,Towers with Radar,111,69,43,0,223,0,9,63,0,72,111,78,106,0,295,68,12,80,375
03/07/2015,BUR,CA,AWP,WE,Towers with Radar,79,33,32,0,144,0,5,49,0,54,79,38,81,0,198,96,0,96,294
03/08/2015,BUR,CA,AWP,WE,Towers with Radar,98,50,44,3,195,0,1,94,2,97,98,51,138,5,292,108,0,108,400
03/09/2015,BUR,CA,AWP,WE,Towers with Radar,112,58,40,4,214,1,6,63,4,74,113,64,103,8,288,58,0,58,346
03/10/2015,BUR,CA,AWP,WE,Towers with Radar,123,57,38,2,220,0,10,73,11,94,123,67,111,13,314,80,6,86,400
03/11/2015,BUR,CA,AWP,WE,Towers with Radar,124,64,37,0,225,0,9,58,0,67,124,73,95,0,292,26,0,26,318
03/12/2015,BUR,CA,AWP,WE,Towers with Radar,119,72,37,2,230,0,4,38,10,52,119,76,75,12,282,50,0,50,332
03/13/2015,BUR,CA,AWP,WE,Towers with Radar,120,74,44,4,242,0,7,52,5,64,120,81,96,9,306,0,0,0,306
03/14/2015,BUR,CA,AWP,WE,Towers with Radar,80,25,23,5,133,0,1,72,0,73,80,26,95,5,206,120,0,120,326
03/15/2015,BUR,CA,AWP,WE,Towers with Radar,105,48,32,0,185,0,1,45,2,48,105,49,77,2,233,138,0,138,371
03/16/2015,BUR,CA,AWP,WE,Towers with Radar,115,49,46,1,211,0,6,90,1,97,115,55,136,2,308,196,0,196,504
03/17/2015,BUR,CA,AWP,WE,Towers with Radar,118,54,41,0,213,0,7,121,6,134,118,61,162,6,347,234,0,234,581
03/18/2015,BUR,CA,AWP,WE,Towers with Radar,122,66,34,0,222,0,4,59,2,65,122,70,93,2,287,114,0,114,401
03/19/2015,BUR,CA,AWP,WE,Towers with Radar,119,58,40,0,217,0,6,73,1,80,119,64,113,1,297,84,0,84,381
03/20/2015,BUR,CA,AWP,WE,Towers with Radar,114,65,58,0,237,0,8,68,0,76,114,73,126,0,313,8,0,8,321
03/21/2015,BUR,CA,AWP,WE,Towers with Radar,83,30,28,0,141,0,2,53,1,56,83,32,81,1,197,26,0,26,223
03/22/2015,BUR,CA,AWP,WE,Towers with Radar,104,45,38,0,187,0,3,62,2,67,104,48,100,2,254,112,0,112,366
03/23/2015,BUR,CA,AWP,WE,Towers with Radar,112,54,37,0,203,0,7,77,1,85,112,61,114,1,288,78,0,78,366
03/24/2015,BUR,CA,AWP,WE,Towers with Radar,123,59,22,0,204,0,13,66,9,88,123,72,88,9,292,42,0,42,334
03/25/2015,BUR,CA,AWP,WE,Towers with Radar,122,63,36,0,221,0,10,80,4,94,122,73,116,4,315,46,4,50,365
03/26/2015,BUR,CA,AWP,WE,Towers with Radar,117,61,59,0,237,0,9,72,1,82,117,70,131,1,319,60,0,60,379
03/27/2015,BUR,CA,AWP,WE,Towers with Radar,116,65,39,0,220,0,14,93,2,109,116,79,132,2,329,47,0,47,376
03/28/2015,BUR,CA,AWP,WE,Towers with Radar,83,29,40,0,152,0,2,85,0,87,83,31,125,0,239,50,0,50,289
03/29/2015,BUR,CA,AWP,WE,Towers with Radar,103,48,34,0,185,0,0,72,0,72,103,48,106,0,257,42,0,42,299
03/30/2015,BUR,CA,AWP,WE,Towers with Radar,118,57,22,0,197,0,8,70,4,82,118,65,92,4,279,90,0,90,369
03/31/2015,BUR,CA,AWP,WE,Towers with Radar,119,50,39,1,209,0,9,92,8,109,119,59,131,9,318,144,0,144,462
04/01/2015,BUR,CA,AWP,WE,Towers with Radar,118,74,30,0,222,2,12,61,0,75,120,86,91,0,297,2,0,2,299
04/02/2015,BUR,CA,AWP,WE,Towers with Radar,121,58,32,0,211,0,11,74,3,88,121,69,106,3,299,60,0,60,359
04/03/2015,BUR,CA,AWP,WE,Towers with Radar,112,65,48,0,225,0,21,87,2,110,112,86,135,2,335,88,0,88,423
04/04/2015,BUR,CA,AWP,WE,Towers with Radar,74,33,31,0,138,0,7,93,4,104,74,40,124,4,242,106,0,106,348
04/05/2015,BUR,CA,AWP,WE,Towers with Radar,103,47,36,0,186,0,1,52,3,56,103,48,88,3,242,8,0,8,250
04/06/2015,BUR,CA,AWP,WE,Towers with Radar,110,53,33,0,196,0,7,60,5,72,110,60,93,5,268,42,0,42,310
04/07/2015,BUR,CA,AWP,WE,Towers with Radar,116,70,39,2,227,0,0,43,5,48,116,70,82,7,275,46,0,46,321
04/08/2015,BUR,CA,AWP,WE,Towers with Radar,115,54,38,0,207,0,13,59,4,76,115,67,97,4,283,14,0,14,297
04/09/2015,BUR,CA,AWP,WE,Towers with Radar,111,54,37,0,202,0,14,59,2,75,111,68,96,2,277,36,0,36,313
04/10/2015,BUR,CA,AWP,WE,Towers with Radar,115,62,31,0,208,0,13,83,1,97,115,75,114,1,305,0,0,0,305
04/11/2015,BUR,CA,AWP,WE,Towers with Radar,76,26,30,0,132,0,3,45,2,50,76,29,75,2,182,0,0,0,182
04/12/2015,BUR,CA,AWP,WE,Towers with Radar,99,48,39,0,186,0,1,84,1,86,99,49,123,1,272,40,0,40,312
04/13/2015,BUR,CA,AWP,WE,Towers with Radar,112,55,31,0,198,1,6,56,2,65,113,61,87,2,263,74,0,74,337
04/14/2015,BUR,CA,AWP,WE,Towers with Radar,116,65,45,0,226,0,12,53,2,67,116,77,98,2,293,36,0,36,329
04/15/2015,BUR,CA,AWP,WE,Towers with Radar,112,58,51,0,221,0,14,62,2,78,112,72,113,2,299,48,0,48,347
04/16/2015,BUR,CA,AWP,WE,Towers with Radar,116,56,37,0,209,0,18,70,1,89,116,74,107,1,298,28,0,28,326
04/17/2015,BUR,CA,AWP,WE,Towers with Radar,110,56,28,2,196,0,13,68,4,85,110,69,96,6,281,102,0,102,383
04/18/2015,BUR,CA,AWP,WE,Towers with Radar,82,28,27,1,138,0,3,92,1,96,82,31,119,2,234,132,0,132,366
04/19/2015,BUR,CA,AWP,WE,Towers with Radar,98,41,30,2,171,0,4,69,2,75,98,45,99,4,246,226,0,226,472
04/20/2015,BUR,CA,AWP,WE,Towers with Radar,114,50,33,1,198,0,7,52,1,60,114,57,85,2,258,84,0,84,342
04/21/2015,BUR,CA,AWP,WE,Towers with Radar,118,58,46,2,224,0,7,59,4,70,118,65,105,6,294,188,0,188,482
04/22/2015,BUR,CA,AWP,WE,Towers with Radar,120,64,45,0,229,0,2,34,3,39,120,66,79,3,268,88,0,88,356
04/23/2015,BUR,CA,AWP,WE,Towers with Radar,116,68,46,0,230,0,5,45,2,52,116,73,91,2,282,104,0,104,386
04/24/2015,BUR,CA,AWP,WE,Towers with Radar,111,72,40,0,223,0,3,61,3,67,111,75,101,3,290,72,0,72,362
04/25/2015,BUR,CA,AWP,WE,Towers with Radar,78,25,26,1,130,0,0,30,4,34,78,25,56,5,164,48,0,48,212
04/26/2015,BUR,CA,AWP,WE,Towers with Radar,93,56,39,1,189,0,2,39,1,42,93,58,78,2,231,0,0,0,231
04/27/2015,BUR,CA,AWP,WE,Towers with Radar,114,52,38,0,204,0,10,61,1,72,114,62,99,1,276,46,0,46,322
04/28/2015,BUR,CA,AWP,WE,Towers with Radar,119,43,52,0,214,0,12,92,3,107,119,55,144,3,321,80,0,80,401
04/29/2015,BUR,CA,AWP,WE,Towers with Radar,122,56,42,1,221,0,10,64,1,75,122,66,106,2,296,20,0,20,316
04/30/2015,BUR,CA,AWP,WE,Towers with Radar,121,60,54,0,235,1,11,90,1,103,122,71,144,1,338,30,0,30,368
05/01/2015,BUR,CA,AWP,WE,Towers with Radar,118,70,52,0,240,0,16,84,0,100,118,86,136,0,340,144,2,146,486
05/02/2015,BUR,CA,AWP,WE,Towers with Radar,80,25,48,0,153,0,2,70,5,77,80,27,118,5,230,16,0,16,246
05/03/2015,BUR,CA,AWP,WE,Towers with Radar,101,48,49,1,199,0,3,54,7,64,101,51,103,8,263,38,0,38,301
05/04/2015,BUR,CA,AWP,WE,Towers with Radar,115,51,36,1,203,0,8,38,3,49,115,59,74,4,252,8,0,8,260
05/05/2015,BUR,CA,AWP,WE,Towers with Radar,118,70,41,2,231,0,2,59,4,65,118,72,100,6,296,170,0,170,466
05/06/2015,BUR,CA,AWP,WE,Towers with Radar,119,65,45,0,229,0,3,72,4,79,119,68,117,4,308,124,0,124,432
05/07/2015,BUR,CA,AWP,WE,Towers with Radar,118,63,39,0,220,0,2,50,0,52,118,65,89,0,272,90,0,90,362
05/08/2015,BUR,CA,AWP,WE,Towers with Radar,111,54,38,0,203,0,0,33,1,34,111,54,71,1,237,68,0,68,305
05/09/2015,BUR,CA,AWP,WE,Towers with Radar,72,30,19,0,121,0,2,80,0,82,72,32,99,0,203,90,0,90,293
05/10/2015,BUR,CA,AWP,WE,Towers with Radar,96,43,23,0,162,0,1,87,0,88,96,44,110,0,250,82,0,82,332
05/11/2015,BUR,CA,AWP,WE,Towers with Radar,114,50,32,3,199,0,6,75,2,83,114,56,107,5,282,136,0,136,418
05/12/2015,BUR,CA,AWP,WE,Towers with Radar,113,51,38,1,203,0,7,76,3,86,113,58,114,4,289,242,0,242,531
05/13/2015,BUR,CA,AWP,WE,Towers with Radar,117,54,49,4,224,0,7,98,3,108,117,61,147,7,332,234,0,234,566
05/14/2015,BUR,CA,AWP,WE,Towers with Radar,119,61,52,0,232,0,2,17,0,19,119,63,69,0,251,68,0,68,319
05/15/2015,BUR,CA,AWP,WE,Towers with Radar,121,54,50,0,225,0,1,60,4,65,121,55,110,4,290,42,0,42,332
05/16/2015,BUR,CA,AWP,WE,Towers with Radar,76,31,32,1,140,0,1,63,0,64,76,32,95,1,204,94,0,94,298
05/17/2015,BUR,CA,AWP,WE,Towers with Radar,100,46,28,1,175,0,0,56,15,71,100,46,84,16,246,162,0,162,408
05/18/2015,BUR,CA,AWP,WE,Towers with Radar,113,58,36,2,209,0,3,51,0,54,113,61,87,2,263,140,0,140,403
05/19/2015,BUR,CA,AWP,WE,Towers with Radar,119,68,36,2,225,0,2,64,3,69,119,70,100,5,294,68,0,68,362
05/20/2015,BUR,CA,AWP,WE,Towers with Radar,121,54,46,1,222,0,6,73,4,83,121,60,119,5,305,156,0,156,461
05/21/2015,BUR,CA,AWP,WE,Towers with Radar,117,56,45,0,218,0,2,45,0,47,117,58,90,0,265,236,0,236,501
05/22/2015,BUR,CA,AWP,WE,Towers with Radar,117,53,40,0,210,0,5,44,1,50,117,58,84,1,260,170,0,170,430
05/23/2015,BUR,CA,AWP,WE,Towers with Radar,70,30,24,0,124,0,0,53,0,53,70,30,77,0,177,54,0,54,231
05/24/2015,BUR,CA,AWP,WE,Towers with Radar,67,38,18,0,123,0,1,43,2,46,67,39,61,2,169,16,0,16,185
05/25/2015,BUR,CA,AWP,WE,Towers with Radar,92,56,30,0,178,0,2,45,1,48,92,58,75,1,226,74,0,74,300
05/26/2015,BUR,CA,AWP,WE,Towers with Radar,116,63,35,0,214,0,0,62,3,65,116,63,97,3,279,118,0,118,397
05/27/2015,BUR,CA,AWP,WE,Towers with Radar,114,69,41,1,225,0,5,51,1,57,114,74,92,2,282,78,0,78,360
05/28/2015,BUR,CA,AWP,WE,Towers with Radar,118,69,54,2,243,0,8,80,2,90,118,77,134,4,333,138,0,138,471
05/29/2015,BUR,CA,AWP,WE,Towers with Radar,111,70,43,0,224,0,7,59,2,68,111,77,102,2,292,22,0,22,314
05/30/2015,BUR,CA,AWP,WE,Towers with Radar,71,47,38,0,156,0,1,93,2,96,71,48,131,2,252,40,0,40,292
05/31/2015,BUR,CA,AWP,WE,Towers with Radar,96,45,31,0,172,0,0,59,0,59,96,45,90,0,231,43,0,43,274
06/01/2015,BUR,CA,AWP,WE,Towers with Radar,111,61,36,0,208,0,5,46,2,53,111,66,82,2,261,22,0,22,283
06/02/2015,BUR,CA,AWP,WE,Towers with Radar,114,63,31,0,208,0,4,85,3,92,114,67,116,3,300,74,0,74,374
06/03/2015,BUR,CA,AWP,WE,Towers with Radar,117,65,28,2,212,0,4,36,7,47,117,69,64,9,259,30,0,30,289
06/04/2015,BUR,CA,AWP,WE,Towers with Radar,118,61,64,4,247,0,2,47,0,49,118,63,111,4,296,100,0,100,396
06/05/2015,BUR,CA,AWP,WE,Towers with Radar,124,53,22,0,199,0,6,44,0,50,124,59,66,0,249,47,0,47,296
06/06/2015,BUR,CA,AWP,WE,Towers with Radar,80,34,22,0,136,0,1,71,2,74,80,35,93,2,210,68,0,68,278
06/07/2015,BUR,CA,AWP,WE,Towers with Radar,107,53,36,0,196,0,2,72,1,75,107,55,108,1,271,92,0,92,363
06/08/2015,BUR,CA,AWP,WE,Towers with Radar,123,59,41,1,224,0,4,61,5,70,123,63,102,6,294,54,0,54,348
06/09/2015,BUR,CA,AWP,WE,Towers with Radar,125,61,36,0,222,0,2,54,2,58,125,63,90,2,280,42,0,42,322
06/10/2015,BUR,CA,AWP,WE,Towers with Radar,123,61,62,2,248,0,5,33,1,39,123,66,95,3,287,28,0,28,315
06/11/2015,BUR,CA,AWP,WE,Towers with Radar,117,65,54,0,236,0,4,38,0,42,117,69,92,0,278,98,0,98,376
06/12/2015,BUR,CA,AWP,WE,Towers with Radar,123,65,44,0,232,1,4,38,4,47,124,69,82,4,279,68,0,68,347
06/13/2015,BUR,CA,AWP,WE,Towers with Radar,85,29,27,1,142,0,1,39,0,40,85,30,66,1,182,46,0,46,228
06/14/2015,BUR,CA,AWP,WE,Towers with Radar,111,49,42,0,202,0,3,50,0,53,111,52,92,0,255,0,0,0,255
06/15/2015,BUR,CA,AWP,WE,Towers with Radar,122,62,28,8,220,1,6,81,2,90,123,68,109,10,310,136,0,136,446
06/16/2015,BUR,CA,AWP,WE,Towers with Radar,124,44,35,0,203,0,9,64,10,83,124,53,99,10,286,22,0,22,308
06/17/2015,BUR,CA,AWP,WE,Towers with Radar,129,43,48,0,220,0,8,55,3,66,129,51,103,3,286,70,0,70,356
06/18/2015,BUR,CA,AWP,WE,Towers with Radar,126,38,28,0,192,0,4,35,10,49,126,42,63,10,241,50,0,50,291
06/19/2015,BUR,CA,AWP,WE,Towers with Radar,123,43,28,5,199,0,6,61,7,74,123,49,89,12,273,16,0,16,289
06/20/2015,BUR,CA,AWP,WE,Towers with Radar,84,37,34,3,158,0,4,74,2,80,84,41,108,5,238,38,0,38,276
06/21/2015,BUR,CA,AWP,WE,Towers with Radar,106,43,37,0,186,0,3,62,0,65,106,46,99,0,251,40,0,40,291
06/22/2015,BUR,CA,AWP,WE,Towers with Radar,120,39,56,0,215,0,9,77,4,90,120,48,133,4,305,80,0,80,385
06/23/2015,BUR,CA,AWP,WE,Towers with Radar,123,45,31,0,199,0,9,62,3,74,123,54,93,3,273,18,0,18,291
06/24/2015,BUR,CA,AWP,WE,Towers with Radar,124,39,44,0,207,0,8,70,4,82,124,47,114,4,289,186,0,186,475
06/25/2015,BUR,CA,AWP,WE,Towers with Radar,122,41,33,0,196,0,7,56,4,67,122,48,89,4,263,102,0,102,365
06/26/2015,BUR,CA,AWP,WE,Towers with Radar,125,46,31,0,202,0,11,60,0,71,125,57,91,0,273,32,0,32,305
06/27/2015,BUR,CA,AWP,WE,Towers with Radar,89,27,18,0,134,0,2,82,1,85,89,29,100,1,219,54,0,54,273
06/28/2015,BUR,CA,AWP,WE,Towers with Radar,108,41,28,0,177,0,2,64,3,69,108,43,92,3,246,22,0,22,268
06/29/2015,BUR,CA,AWP,WE,Towers with Radar,121,44,32,0,197,0,10,90,3,103,121,54,122,3,300,90,0,90,390
06/30/2015,BUR,CA,AWP,WE,Towers with Radar,120,43,28,0,191,0,14,75,0,89,120,57,103,0,280,46,0,46,326
07/01/2015,BUR,CA,AWP,WE,Towers with Radar,114,40,34,0,188,0,11,66,0,77,114,51,100,0,265,124,0,124,389
07/02/2015,BUR,CA,AWP,WE,Towers with Radar,119,43,38,0,200,0,7,81,2,90,119,50,119,2,290,100,0,100,390
07/03/2015,BUR,CA,AWP,WE,Towers with Radar,99,45,40,0,184,0,6,42,0,48,99,51,82,0,232,60,0,60,292
07/04/2015,BUR,CA,AWP,WE,Towers with Radar,62,25,5,0,92,0,1,38,2,41,62,26,43,2,133,0,0,0,133
07/05/2015,BUR,CA,AWP,WE,Towers with Radar,112,31,41,0,184,0,2,59,0,61,112,33,100,0,245,56,0,56,301
07/06/2015,BUR,CA,AWP,WE,Towers with Radar,119,48,44,0,211,0,8,40,2,50,119,56,84,2,261,8,0,8,269
07/07/2015,BUR,CA,AWP,WE,Towers with Radar,123,55,35,0,213,0,9,60,3,72,123,64,95,3,285,108,0,108,393
07/08/2015,BUR,CA,AWP,WE,Towers with Radar,123,47,32,1,203,0,5,61,1,67,123,52,93,2,270,136,0,136,406
07/09/2015,BUR,CA,AWP,WE,Towers with Radar,122,67,36,0,225,0,2,50,1,53,122,69,86,1,278,14,0,14,292
07/10/2015,BUR,CA,AWP,WE,Towers with Radar,116,48,35,1,200,0,9,62,4,75,116,57,97,5,275,20,0,20,295
07/11/2015,BUR,CA,AWP,WE,Towers with Radar,83,36,40,1,160,0,5,58,2,65,83,41,98,3,225,158,0,158,383
07/12/2015,BUR,CA,AWP,WE,Towers with Radar,107,43,31,1,182,0,8,80,3,91,107,51,111,4,273,106,0,106,379
07/13/2015,BUR,CA,AWP,WE,Towers with Radar,113,44,35,0,192,0,13,66,4,83,113,57,101,4,275,192,0,192,467
07/14/2015,BUR,CA,AWP,WE,Towers with Radar,120,48,33,2,203,0,14,75,0,89,120,62,108,2,292,119,0,119,411
07/15/2015,BUR,CA,AWP,WE,Towers with Radar,126,58,46,0,230,0,5,72,1,78,126,63,118,1,308,120,0,120,428
07/16/2015,BUR,CA,AWP,WE,Towers with Radar,119,64,47,1,231,0,5,60,1,66,119,69,107,2,297,182,0,182,479
07/17/2015,BUR,CA,AWP,WE,Towers with Radar,118,54,41,0,213,0,10,74,0,84,118,64,115,0,297,130,0,130,427
07/18/2015,BUR,CA,AWP,WE,Towers with Radar,77,33,22,0,132,0,2,40,5,47,77,35,62,5,179,118,0,118,297
07/19/2015,BUR,CA,AWP,WE,Towers with Radar,111,34,38,0,183,0,5,73,1,79,111,39,111,1,262,68,0,68,330
07/20/2015,BUR,CA,AWP,WE,Towers with Radar,116,58,38,0,212,0,4,49,3,56,116,62,87,3,268,10,0,10,278
07/21/2015,BUR,CA,AWP,WE,Towers with Radar,124,59,30,2,215,0,0,69,2,71,124,59,99,4,286,210,0,210,496
07/22/2015,BUR,CA,AWP,WE,Towers with Radar,123,49,37,1,210,0,5,45,3,53,123,54,82,4,263,116,0,116,379
07/23/2015,BUR,CA,AWP,WE,Towers with Radar,119,56,49,0,224,0,5,72,1,78,119,61,121,1,302,210,0,210,512
07/24/2015,BUR,CA,AWP,WE,Towers with Radar,121,55,34,0,210,0,10,104,2,116,121,65,138,2,326,60,0,60,386
07/25/2015,BUR,CA,AWP,WE,Towers with Radar,83,31,33,0,147,0,3,105,1,109,83,34,138,1,256,128,0,128,384
07/26/2015,BUR,CA,AWP,WE,Towers with Radar,106,46,26,0,178,0,7,69,6,82,106,53,95,6,260,102,0,102,362
07/27/2015,BUR,CA,AWP,WE,Towers with Radar,118,51,21,0,190,0,7,65,2,74,118,58,86,2,264,126,0,126,390
07/28/2015,BUR,CA,AWP,WE,Towers with Radar,124,41,29,0,194,0,9,91,1,101,124,50,120,1,295,122,0,122,417
07/29/2015,BUR,CA,AWP,WE,Towers with Radar,121,57,35,0,213,0,10,63,1,74,121,67,98,1,287,68,0,68,355
07/30/2015,BUR,CA,AWP,WE,Towers with Radar,119,55,53,0,227,0,13,55,1,69,119,68,108,1,296,54,0,54,350
07/31/2015,BUR,CA,AWP,WE,Towers with Radar,120,67,39,0,226,0,9,78,0,87,120,76,117,0,313,42,0,42,355
08/01/2015,BUR,CA,AWP,WE,Towers with Radar,82,52,42,0,176,0,5,56,1,62,82,57,98,1,238,72,0,72,310
08/02/2015,BUR,CA,AWP,WE,Towers with Radar,110,50,28,0,188,0,3,53,3,59,110,53,81,3,247,18,0,18,265
08/03/2015,BUR,CA,AWP,WE,Towers with Radar,115,59,54,5,233,0,11,72,1,84,115,70,126,6,317,72,0,72,389
08/04/2015,BUR,CA,AWP,WE,Towers with Radar,125,56,38,6,225,0,10,62,0,72,125,66,100,6,297,110,0,110,407
08/05/2015,BUR,CA,AWP,WE,Towers with Radar,123,52,34,4,213,0,10,55,4,69,123,62,89,8,282,36,0,36,318
08/06/2015,BUR,CA,AWP,WE,Towers with Radar,123,58,37,3,221,0,18,71,1,90,123,76,108,4,311,54,0,54,365
08/07/2015,BUR,CA,AWP,WE,Towers with Radar,124,47,27,0,198,0,10,53,0,63,124,57,80,0,261,52,0,52,313
08/08/2015,BUR,CA,AWP,WE,Towers with Radar,85,27,22,0,134,0,4,96,0,100,85,31,118,0,234,106,0,106,340
08/09/2015,BUR,CA,AWP,WE,Towers with Radar,106,41,39,0,186,0,4,114,2,120,106,45,153,2,306,182,0,182,488
08/10/2015,BUR,CA,AWP,WE,Towers with Radar,115,56,49,0,220,0,6,65,3,74,115,62,114,3,294,60,0,60,354
08/11/2015,BUR,CA,AWP,WE,Towers with Radar,120,50,46,0,216,0,2,65,3,70,120,52,111,3,286,82,0,82,368
08/12/2015,BUR,CA,AWP,WE,Towers with Radar,126,54,36,0,216,0,5,85,1,91,126,59,121,1,307,144,0,144,451
08/13/2015,BUR,CA,AWP,WE,Towers with Radar,117,56,37,0,210,0,7,68,2,77,117,63,105,2,287,130,0,130,417
08/14/2015,BUR,CA,AWP,WE,Towers with Radar,121,58,37,0,216,0,10,52,1,63,121,68,89,1,279,34,0,34,313
08/15/2015,BUR,CA,AWP,WE,Towers with Radar,84,25,33,0,142,0,1,60,0,61,84,26,93,0,203,84,0,84,287
08/16/2015,BUR,CA,AWP,WE,Towers with Radar,108,42,38,0,188,0,4,77,1,82,108,46,115,1,270,44,0,44,314
08/17/2015,BUR,CA,AWP,WE,Towers with Radar,114,59,40,0,213,0,8,62,0,70,114,67,102,0,283,8,0,8,291
08/18/2015,BUR,CA,AWP,WE,Towers with Radar,121,56,33,0,210,0,5,84,1,90,121,61,117,1,300,150,0,150,450
08/19/2015,BUR,CA,AWP,WE,Towers with Radar,121,58,44,0,223,0,3,72,2,77,121,61,116,2,300,156,0,156,456
08/20/2015,BUR,CA,AWP,WE,Towers with Radar,124,74,52,0,250,0,8,67,3,78,124,82,119,3,328,186,0,186,514
08/21/2015,BUR,CA,AWP,WE,Towers with Radar,120,64,37,0,221,0,7,57,1,65,120,71,94,1,286,152,0,152,438
08/22/2015,BUR,CA,AWP,WE,Towers with Radar,80,38,32,0,150,0,0,106,0,106,80,38,138,0,256,170,0,170,426
08/23/2015,BUR,CA,AWP,WE,Towers with Radar,111,36,34,0,181,0,4,102,0,106,111,40,136,0,287,64,0,64,351
08/24/2015,BUR,CA,AWP,WE,Towers with Radar,118,44,36,2,200,0,10,72,2,84,118,54,108,4,284,80,0,80,364
08/25/2015,BUR,CA,AWP,WE,Towers with Radar,121,51,31,0,203,0,8,76,0,84,121,59,107,0,287,100,0,100,387
08/26/2015,BUR,CA,AWP,WE,Towers with Radar,129,50,31,0,210,0,10,104,0,114,129,60,135,0,324,100,0,100,424
08/27/2015,BUR,CA,AWP,WE,Towers with Radar,119,55,34,1,209,0,4,85,4,93,119,59,119,5,302,74,0,74,376
08/28/2015,BUR,CA,AWP,WE,Towers with Radar,121,53,25,0,199,0,12,67,1,80,121,65,92,1,279,26,0,26,305
08/29/2015,BUR,CA,AWP,WE,Towers with Radar,84,31,27,0,142,0,3,72,0,75,84,34,99,0,217,36,0,36,253
08/30/2015,BUR,CA,AWP,WE,Towers with Radar,109,30,45,0,184,0,5,91,3,99,109,35,136,3,283,132,0,132,415
08/31/2015,BUR,CA,AWP,WE,Towers with Radar,120,49,32,0,201,0,8,70,0,78,120,57,102,0,279,102,0,102,381
09/01/2015,BUR,CA,AWP,WE,Towers with Radar,120,53,31,1,205,0,5,35,3,43,120,58,66,4,248,26,0,26,274
09/02/2015,BUR,CA,AWP,WE,Towers with Radar,127,51,41,0,219,0,10,94,1,105,127,61,135,1,324,62,0,62,386
09/03/2015,BUR,CA,AWP,WE,Towers with Radar,127,74,46,0,247,0,8,47,1,56,127,82,93,1,303,22,0,22,325
09/04/2015,BUR,CA,AWP,WE,Towers with Radar,121,60,42,0,223,0,9,68,0,77,121,69,110,0,300,18,0,18,318
09/05/2015,BUR,CA,AWP,WE,Towers with Radar,68,27,12,0,107,0,5,57,1,63,68,32,69,1,170,40,0,40,210
09/06/2015,BUR,CA,AWP,WE,Towers with Radar,74,27,19,0,120,0,4,67,0,71,74,31,86,0,191,58,0,58,249
09/07/2015,BUR,CA,AWP,WE,Towers with Radar,104,48,43,0,195,0,10,87,1,98,104,58,130,1,293,32,0,32,325
09/08/2015,BUR,CA,AWP,WE,Towers with Radar,116,55,38,1,210,0,7,68,5,80,116,62,106,6,290,56,0,56,346
09/09/2015,BUR,CA,AWP,WE,Towers with Radar,123,53,35,0,211,0,10,55,3,68,123,63,90,3,279,36,0,36,315
09/10/2015,BUR,CA,AWP,WE,Towers with Radar,120,47,44,2,213,0,9,70,3,82,120,56,114,5,295,72,0,72,367
09/11/2015,BUR,CA,AWP,WE,Towers with Radar,121,65,30,0,216,0,5,64,0,69,121,70,94,0,285,31,0,31,316
09/12/2015,BUR,CA,AWP,WE,Towers with Radar,74,26,28,0,128,0,2,57,2,61,74,28,85,2,189,68,0,68,257
09/13/2015,BUR,CA,AWP,WE,Towers with Radar,107,40,27,0,174,0,6,59,0,65,107,46,86,0,239,72,0,72,311
09/14/2015,BUR,CA,AWP,WE,Towers with Radar,124,54,35,0,213,0,4,53,3,60,124,58,88,3,273,94,0,94,367
09/15/2015,BUR,CA,AWP,WE,Towers with Radar,117,59,44,1,221,0,2,45,0,47,117,61,89,1,268,104,0,104,372
09/16/2015,BUR,CA,AWP,WE,Towers with Radar,123,67,37,1,228,0,4,85,1,90,123,71,122,2,318,106,0,106,424
09/17/2015,BUR,CA,AWP,WE,Towers with Radar,128,51,32,1,212,0,6,92,0,98,128,57,124,1,310,74,0,74,384
09/18/2015,BUR,CA,AWP,WE,Towers with Radar,124,51,35,0,210,0,12,87,0,99,124,63,122,0,309,28,0,28,337
09/19/2015,BUR,CA,AWP,WE,Towers with Radar,74,31,30,0,135,0,3,148,2,153,74,34,178,2,288,108,0,108,396
09/20/2015,BUR,CA,AWP,WE,Towers with Radar,107,43,33,0,183,0,6,73,2,81,107,49,106,2,264,62,0,62,326
09/21/2015,BUR,CA,AWP,WE,Towers with Radar,127,40,38,0,205,0,12,91,2,105,127,52,129,2,310,166,0,166,476
09/22/2015,BUR,CA,AWP,WE,Towers with Radar,119,48,23,0,190,0,12,96,1,109,119,60,119,1,299,178,0,178,477
09/23/2015,BUR,CA,AWP,WE,Towers with Radar,124,52,26,0,202,0,10,63,1,74,124,62,89,1,276,94,0,94,370
09/24/2015,BUR,CA,AWP,WE,Towers with Radar,128,59,35,7,229,0,8,82,2,92,128,67,117,9,321,130,0,130,451
09/25/2015,BUR,CA,AWP,WE,Towers with Radar,119,61,40,1,221,0,10,99,5,114,119,71,139,6,335,138,0,138,473
09/26/2015,BUR,CA,AWP,WE,Towers with Radar,78,38,32,0,148,0,4,119,0,123,78,42,151,0,271,236,0,236,507
09/27/2015,BUR,CA,AWP,WE,Towers with Radar,109,47,42,3,201,0,8,83,2,93,109,55,125,5,294,42,0,42,336
09/28/2015,BUR,CA,AWP,WE,Towers with Radar,122,50,25,1,198,0,12,66,4,82,122,62,91,5,280,210,0,210,490
09/29/2015,BUR,CA,AWP,WE,Towers with Radar,116,59,34,0,209,0,8,103,0,111,116,67,137,0,320,130,0,130,450
09/30/2015,BUR,CA,AWP,WE,Towers with Radar,125,65,34,0,224,0,9,79,4,92,125,74,113,4,316,12,0,12,328
10/01/2015,BUR,CA,AWP,WE,Towers with Radar,121,64,46,0,231,0,11,60,0,71,121,75,106,0,302,50,0,50,352
10/02/2015,BUR,CA,AWP,WE,Towers with Radar,121,50,36,0,207,0,10,80,0,90,121,60,116,0,297,36,0,36,333
10/03/2015,BUR,CA,AWP,WE,Towers with Radar,78,34,25,0,137,0,5,46,0,51,78,39,71,0,188,2,0,2,190
10/04/2015,BUR,CA,AWP,WE,Towers with Radar,109,50,47,0,206,0,4,53,2,59,109,54,100,2,265,188,0,188,453
10/05/2015,BUR,CA,AWP,WE,Towers with Radar,118,65,31,2,216,0,5,58,1,64,118,70,89,3,280,92,0,92,372
10/06/2015,BUR,CA,AWP,WE,Towers with Radar,117,57,42,0,216,0,8,60,3,71,117,65,102,3,287,26,0,26,313
10/07/2015,BUR,CA,AWP,WE,Towers with Radar,128,54,40,5,227,0,5,82,1,88,128,59,122,6,315,130,0,130,445
10/08/2015,BUR,CA,AWP,WE,Towers with Radar,122,70,46,2,240,0,11,69,11,91,122,81,115,13,331,50,0,50,381
10/09/2015,BUR,CA,AWP,WE,Towers with Radar,120,56,49,2,227,0,12,74,1,87,120,68,123,3,314,44,0,44,358
10/10/2015,BUR,CA,AWP,WE,Towers with Radar,81,20,33,2,136,0,8,46,11,65,81,28,79,13,201,40,0,40,241
10/11/2015,BUR,CA,AWP,WE,Towers with Radar,110,32,34,7,183,0,5,84,1,90,110,37,118,8,273,6,0,6,279
10/12/2015,BUR,CA,AWP,WE,Towers with Radar,118,63,38,0,219,0,5,64,3,72,118,68,102,3,291,74,0,74,365
10/13/2015,BUR,CA,AWP,WE,Towers with Radar,123,70,32,3,228,0,2,74,2,78,123,72,106,5,306,44,0,44,350
10/14/2015,BUR,CA,AWP,WE,Towers with Radar,130,57,55,0,242,0,7,63,5,75,130,64,118,5,317,26,0,26,343
10/15/2015,BUR,CA,AWP,WE,Towers with Radar,124,59,52,0,235,0,1,61,0,62,124,60,113,0,297,58,0,58,355
10/16/2015,BUR,CA,AWP,WE,Towers with Radar,119,66,55,0,240,0,0,52,0,52,119,66,107,0,292,50,0,50,342
10/17/2015,BUR,CA,AWP,WE,Towers with Radar,79,28,25,0,132,0,1,58,0,59,79,29,83,0,191,20,0,20,211
10/18/2015,BUR,CA,AWP,WE,Towers with Radar,110,46,47,0,203,0,0,35,2,37,110,46,82,2,240,4,0,4,244
10/19/2015,BUR,CA,AWP,WE,Towers with Radar,120,69,29,1,219,0,1,66,2,69,120,70,95,3,288,144,0,144,432
10/20/2015,BUR,CA,AWP,WE,Towers with Radar,120,62,22,0,204,0,3,89,0,92,120,65,111,0,296,78,0,78,374
10/21/2015,BUR,CA,AWP,WE,Towers with Radar,130,56,36,0,222,0,6,74,1,81,130,62,110,1,303,76,0,76,379
10/22/2015,BUR,CA,AWP,WE,Towers with Radar,125,60,39,0,224,0,7,69,1,77,125,67,108,1,301,154,0,154,455
10/23/2015,BUR,CA,AWP,WE,Towers with Radar,122,68,39,0,229,0,8,63,1,72,122,76,102,1,301,58,0,58,359
10/24/2015,BUR,CA,AWP,WE,Towers with Radar,81,26,35,0,142,0,2,96,0,98,81,28,131,0,240,64,0,64,304
10/25/2015,BUR,CA,AWP,WE,Towers with Radar,111,43,54,0,208,0,3,56,0,59,111,46,110,0,267,2,0,2,269
10/26/2015,BUR,CA,AWP,WE,Towers with Radar,120,49,24,2,195,0,7,59,2,68,120,56,83,4,263,102,0,102,365
10/27/2015,BUR,CA,AWP,WE,Towers with Radar,124,70,36,1,231,0,4,85,3,92,124,74,121,4,323,56,0,56,379
10/28/2015,BUR,CA,AWP,WE,Towers with Radar,128,54,43,0,225,0,5,50,1,56,128,59,93,1,281,36,0,36,317
10/29/2015,BUR,CA,AWP,WE,Towers with Radar,132,58,34,0,224,0,7,55,3,65,132,65,89,3,289,2,0,2,291
10/30/2015,BUR,CA,AWP,WE,Towers with Radar,121,56,27,0,204,0,8,63,0,71,121,64,90,0,275,4,0,4,279
10/31/2015,BUR,CA,AWP,WE,Towers with Radar,70,26,24,0,120,0,4,84,3,91,70,30,108,3,211,96,0,96,307
11/01/2015,BUR,CA,AWP,WE,Towers with Radar,105,41,29,0,175,0,3,82,2,87,105,44,111,2,262,18,0,18,280
11/02/2015,BUR,CA,AWP,WE,Towers with Radar,120,74,31,0,225,0,0,53,3,56,120,74,84,3,281,74,0,74,355
11/03/2015,BUR,CA,AWP,WE,Towers with Radar,125,54,23,0,202,0,4,40,2,46,125,58,63,2,248,18,0,18,266
11/04/2015,BUR,CA,AWP,WE,Towers with Radar,126,56,16,0,198,0,9,74,0,83,126,65,90,0,281,72,0,72,353
11/05/2015,BUR,CA,AWP,WE,Towers with Radar,123,66,30,0,219,0,4,81,4,89,123,70,111,4,308,17,0,17,325
11/06/2015,BUR,CA,AWP,WE,Towers with Radar,120,67,38,1,226,0,7,64,13,84,120,74,102,14,310,42,0,42,352
11/07/2015,BUR,CA,AWP,WE,Towers with Radar,86,23,24,1,134,0,4,78,11,93,86,27,102,12,227,44,0,44,271
11/08/2015,BUR,CA,AWP,WE,Towers with Radar,104,42,53,1,200,0,4,90,2,96,104,46,143,3,296,22,0,22,318
11/09/2015,BUR,CA,AWP,WE,Towers with Radar,119,56,23,2,200,0,1,54,2,57,119,57,77,4,257,26,0,26,283
11/10/2015,BUR,CA,AWP,WE,Towers with Radar,123,59,34,0,216,0,6,81,5,92,123,65,115,5,308,62,0,62,370
11/11/2015,BUR,CA,AWP,WE,Towers with Radar,120,68,34,1,223,0,6,102,3,111,120,74,136,4,334,138,0,138,472
11/12/2015,BUR,CA,AWP,WE,Towers with Radar,124,59,49,0,232,0,6,66,0,72,124,65,115,0,304,100,0,100,404
11/13/2015,BUR,CA,AWP,WE,Towers with Radar,120,59,41,0,220,0,3,57,1,61,120,62,98,1,281,82,0,82,363
11/14/2015,BUR,CA,AWP,WE,Towers with Radar,84,31,24,0,139,0,3,86,4,93,84,34,110,4,232,88,0,88,320
11/15/2015,BUR,CA,AWP,WE,Towers with Radar,104,50,39,0,193,0,2,40,2,44,104,52,79,2,237,20,0,20,257
11/16/2015,BUR,CA,AWP,WE,Towers with Radar,118,50,21,0,189,0,3,22,3,28,118,53,43,3,217,2,0,2,219
11/17/2015,BUR,CA,AWP,WE,Towers with Radar,123,62,44,1,230,0,2,85,7,94,123,64,129,8,324,58,0,58,382
11/18/2015,BUR,CA,AWP,WE,Towers with Radar,118,66,49,2,235,0,6,58,3,67,118,72,107,5,302,44,0,44,346
11/19/2015,BUR,CA,AWP,WE,Towers with Radar,124,59,46,0,229,0,6,76,1,83,124,65,122,1,312,160,0,160,472
11/20/2015,BUR,CA,AWP,WE,Towers with Radar,117,57,55,0,229,0,7,75,3,85,117,64,130,3,314,83,0,83,397
11/21/2015,BUR,CA,AWP,WE,Towers with Radar,86,32,38,0,156,0,4,73,1,78,86,36,111,1,234,106,0,106,340
11/22/2015,BUR,CA,AWP,WE,Towers with Radar,101,40,35,0,176,0,7,65,3,75,101,47,100,3,251,112,0,112,363
11/23/2015,BUR,CA,AWP,WE,Towers with Radar,120,48,31,0,199,0,12,77,1,90,120,60,108,1,289,118,0,118,407
11/24/2015,BUR,CA,AWP,WE,Towers with Radar,125,64,48,2,239,0,0,43,3,46,125,64,91,5,285,14,0,14,299
11/25/2015,BUR,CA,AWP,WE,Towers with Radar,133,63,31,0,227,0,2,85,0,87,133,65,116,0,314,128,0,128,442
11/26/2015,BUR,CA,AWP,WE,Towers with Radar,72,19,13,0,104,0,5,11,0,16,72,24,24,0,120,0,0,0,120
11/27/2015,BUR,CA,AWP,WE,Towers with Radar,103,39,29,0,171,0,6,62,0,68,103,45,91,0,239,94,0,94,333
11/28/2015,BUR,CA,AWP,WE,Towers with Radar,97,45,33,0,175,0,2,54,2,58,97,47,87,2,233,60,0,60,293
11/29/2015,BUR,CA,AWP,WE,Towers with Radar,124,40,49,0,213,0,3,61,1,65,124,43,110,1,278,86,0,86,364
11/30/2015,BUR,CA,AWP,WE,Towers with Radar,130,50,32,0,212,0,7,59,0,66,130,57,91,0,278,60,0,60,338
12/01/2015,BUR,CA,AWP,WE,Towers with Radar,123,70,49,0,242,0,2,82,1,85,123,72,131,1,327,138,0,138,465
12/02/2015,BUR,CA,AWP,WE,Towers with Radar,119,72,44,0,235,0,6,47,1,54,119,78,91,1,289,28,0,28,317
12/03/2015,BUR,CA,AWP,WE,Towers with Radar,124,67,40,0,231,0,5,68,4,77,124,72,108,4,308,146,0,146,454
12/04/2015,BUR,CA,AWP,WE,Towers with Radar,120,62,35,0,217,0,5,61,3,69,120,67,96,3,286,35,0,35,321
12/05/2015,BUR,CA,AWP,WE,Towers with Radar,79,30,26,0,135,0,4,73,0,77,79,34,99,0,212,98,0,98,310
12/06/2015,BUR,CA,AWP,WE,Towers with Radar,103,46,23,0,172,0,2,59,5,66,103,48,82,5,238,26,0,26,264
12/07/2015,BUR,CA,AWP,WE,Towers with Radar,113,52,29,0,194,0,5,80,1,86,113,57,109,1,280,63,0,63,343
12/08/2015,BUR,CA,AWP,WE,Towers with Radar,124,69,40,0,233,0,4,92,2,98,124,73,132,2,331,130,0,130,461
12/09/2015,BUR,CA,AWP,WE,Towers with Radar,127,68,40,0,235,0,6,66,0,72,127,74,106,0,307,65,0,65,372
12/10/2015,BUR,CA,AWP,WE,Towers with Radar,125,77,43,0,245,0,1,44,1,46,125,78,87,1,291,40,0,40,331
12/11/2015,BUR,CA,AWP,WE,Towers with Radar,121,74,33,2,230,0,3,55,1,59,121,77,88,3,289,28,0,28,317
12/12/2015,BUR,CA,AWP,WE,Towers with Radar,83,35,16,2,136,0,2,48,0,50,83,37,64,2,186,10,0,10,196
12/13/2015,BUR,CA,AWP,WE,Towers with Radar,106,37,50,4,197,0,3,46,1,50,106,40,96,5,247,72,0,72,319
12/14/2015,BUR,CA,AWP,WE,Towers with Radar,115,59,36,1,211,0,4,32,1,37,115,63,68,2,248,0,0,0,248
12/15/2015,BUR,CA,AWP,WE,Towers with Radar,124,59,44,0,227,0,10,64,1,75,124,69,108,1,302,84,0,84,386
12/16/2015,BUR,CA,AWP,WE,Towers with Radar,129,52,36,0,217,0,8,49,1,58,129,60,85,1,275,60,0,60,335
12/17/2015,BUR,CA,AWP,WE,Towers with Radar,125,55,41,0,221,0,4,69,1,74,125,59,110,1,295,142,0,142,437
12/18/2015,BUR,CA,AWP,WE,Towers with Radar,116,55,33,2,206,0,6,44,0,50,116,61,77,2,256,66,0,66,322
12/19/2015,BUR,CA,AWP,WE,Towers with Radar,91,39,26,0,156,0,2,40,0,42,91,41,66,0,198,34,0,34,232
12/20/2015,BUR,CA,AWP,WE,Towers with Radar,105,39,40,0,184,0,3,52,2,57,105,42,92,2,241,36,0,36,277
12/21/2015,BUR,CA,AWP,WE,Towers with Radar,120,53,34,0,207,0,1,39,1,41,120,54,73,1,248,78,0,78,326
12/22/2015,BUR,CA,AWP,WE,Towers with Radar,129,62,21,0,212,0,0,8,0,8,129,62,29,0,220,0,0,0,220
12/23/2015,BUR,CA,AWP,WE,Towers with Radar,133,65,26,0,224,0,3,34,2,39,133,68,60,2,263,18,0,18,281
12/24/2015,BUR,CA,AWP,WE,Towers with Radar,102,50,25,0,177,0,5,45,1,51,102,55,70,1,228,44,0,44,272
12/25/2015,BUR,CA,AWP,WE,Towers with Radar,78,31,10,0,119,0,0,8,1,9,78,31,18,1,128,2,0,2,130
12/26/2015,BUR,CA,AWP,WE,Towers with Radar,95,36,38,0,169,0,2,21,0,23,95,38,59,0,192,0,0,0,192
12/27/2015,BUR,CA,AWP,WE,Towers with Radar,118,39,37,0,194,0,4,49,2,55,118,43,86,2,249,74,0,74,323
12/28/2015,BUR,CA,AWP,WE,Towers with Radar,113,61,31,0,205,0,6,94,0,100,113,67,125,0,305,123,0,123,428
12/29/2015,BUR,CA,AWP,WE,Towers with Radar,127,57,42,0,226,0,4,90,3,97,127,61,132,3,323,140,0,140,463
12/30/2015,BUR,CA,AWP,WE,Towers with Radar,123,63,48,1,235,0,8,76,0,84,123,71,124,1,319,22,0,22,341
12/31/2015,BUR,CA,AWP,WE,Towers with Radar,86,52,28,0,166,0,6,53,3,62,86,58,81,3,228,96,0,96,324
01/01/2016,BUR,CA,AWP,WE,Towers with Radar,81,61,61,0,203,0,2,55,0,57,81,63,116,0,260,4,0,4,264
01/02/2016,BUR,CA,AWP,WE,Towers with Radar,103,49,59,0,211,0,1,53,2,56,103,50,112,2,267,61,0,61,328
01/03/2016,BUR,CA,AWP,WE,Towers with Radar,115,49,44,0,208,0,2,73,2,77,115,51,117,2,285,28,0,28,313
01/04/2016,BUR,CA,AWP,WE,Towers with Radar,110,55,43,3,211,0,2,78,4,84,110,57,121,7,295,0,0,0,295
01/05/2016,BUR,CA,AWP,WE,Towers with Radar,115,57,37,0,209,0,0,30,1,31,115,57,67,1,240,14,0,14,254
01/06/2016,BUR,CA,AWP,WE,Towers with Radar,113,59,40,0,212,0,2,20,1,23,113,61,60,1,235,14,0,14,249
01/07/2016,BUR,CA,AWP,WE,Towers with Radar,111,67,48,0,226,0,1,52,3,56,111,68,100,3,282,198,0,198,480
01/08/2016,BUR,CA,AWP,WE,Towers with Radar,117,53,35,1,206,0,2,74,5,81,117,55,109,6,287,58,0,58,345
01/09/2016,BUR,CA,AWP,WE,Towers with Radar,78,33,24,0,135,0,1,43,1,45,78,34,67,1,180,12,0,12,192
01/10/2016,BUR,CA,AWP,WE,Towers with Radar,101,41,49,0,191,0,3,68,0,71,101,44,117,0,262,126,0,126,388
01/11/2016,BUR,CA,AWP,WE,Towers with Radar,114,58,45,0,217,0,1,66,1,68,114,59,111,1,285,74,0,74,359
01/12/2016,BUR,CA,AWP,WE,Towers with Radar,124,64,39,1,228,0,6,81,5,92,124,70,120,6,320,94,0,94,414
01/13/2016,BUR,CA,AWP,WE,Towers with Radar,119,61,41,2,223,0,3,41,3,47,119,64,82,5,270,100,0,100,370
01/14/2016,BUR,CA,AWP,WE,Towers with Radar,118,65,55,0,238,0,0,56,0,56,118,65,111,0,294,41,0,41,335
01/15/2016,BUR,CA,AWP,WE,Towers with Radar,117,74,54,1,246,0,4,67,2,73,117,78,121,3,319,56,0,56,375
01/16/2016,BUR,CA,AWP,WE,Towers with Radar,80,21,35,0,136,0,1,58,1,60,80,22,93,1,196,114,0,114,310
01/17/2016,BUR,CA,AWP,WE,Towers with Radar,96,33,34,0,163,0,4,76,2,82,96,37,110,2,245,208,0,208,453
01/18/2016,BUR,CA,AWP,WE,Towers with Radar,117,51,38,1,207,0,2,31,0,33,117,53,69,1,240,158,0,158,398
01/19/2016,BUR,CA,AWP,WE,Towers with Radar,115,49,42,0,206,0,2,60,0,62,115,51,102,0,268,152,0,152,420
01/20/2016,BUR,CA,AWP,WE,Towers with Radar,118,65,37,0,220,0,0,93,3,96,118,65,130,3,316,252,0,252,568
01/21/2016,BUR,CA,AWP,WE,Towers with Radar,131,60,58,1,250,0,1,81,2,84,131,61,139,3,334,112,0,112,446
01/22/2016,BUR,CA,AWP,WE,Towers with Radar,122,43,43,0,208,0,5,142,0,147,122,48,185,0,355,368,0,368,723
01/23/2016,BUR,CA,AWP,WE,Towers with Radar,75,33,30,0,138,0,2,70,2,74,75,35,100,2,212,138,0,138,350
01/24/2016,BUR,CA,AWP,WE,Towers with Radar,103,44,35,0,182,0,0,82,3,85,103,44,117,3,267,34,0,34,301
01/25/2016,BUR,CA,AWP,WE,Towers with Radar,121,58,44,2,225,0,7,77,4,88,121,65,121,6,313,142,0,142,455
01/26/2016,BUR,CA,AWP,WE,Towers with Radar,126,62,39,0,227,0,2,85,7,94,126,64,124,7,321,46,0,46,367
01/27/2016,BUR,CA,AWP,WE,Towers with Radar,130,73,51,0,254,0,3,85,3,91,130,76,136,3,345,62,0,62,407
01/28/2016,BUR,CA,AWP,WE,Towers with Radar,124,61,65,0,250,0,6,70,3,79,124,67,135,3,329,106,0,106,435
01/29/2016,BUR,CA,AWP,WE,Towers with Radar,121,73,42,0,236,0,3,89,2,94,121,76,131,2,330,150,0,150,480
01/30/2016,BUR,CA,AWP,WE,Towers with Radar,78,28,36,0,142,0,0,56,2,58,78,28,92,2,200,96,0,96,296
01/31/2016,BUR,CA,AWP,WE,Towers with Radar,86,31,29,0,146,0,0,9,0,9,86,31,38,0,155,0,0,0,155
02/01/2016,BUR,CA,AWP,WE,Towers with Radar,117,44,33,0,194,0,1,28,1,30,117,45,61,1,224,10,0,10,234
02/02/2016,BUR,CA,AWP,WE,Towers with Radar,126,51,31,0,208,0,2,78,3,83,126,53,109,3,291,58,0,58,349
02/03/2016,BUR,CA,AWP,WE,Towers with Radar,123,54,40,1,218,0,0,80,5,85,123,54,120,6,303,236,0,236,539
02/04/2016,BUR,CA,AWP,WE,Towers with Radar,122,63,38,0,223,0,3,82,1,86,122,66,120,1,309,104,0,104,413
02/05/2016,BUR,CA,AWP,WE,Towers with Radar,121,63,50,0,234,0,3,62,2,67,121,66,112,2,301,14,0,14,315
02/06/2016,BUR,CA,AWP,WE,Towers with Radar,83,25,32,0,140,0,2,81,2,85,83,27,113,2,225,182,0,182,407
02/07/2016,BUR,CA,AWP,WE,Towers with Radar,92,28,38,0,158,0,1,56,1,58,92,29,94,1,216,86,0,86,302
02/08/2016,BUR,CA,AWP,WE,Towers with Radar,116,58,47,2,223,0,2,67,5,74,116,60,114,7,297,62,0,62,359
02/09/2016,BUR,CA,AWP,WE,Towers with Radar,128,54,39,2,223,0,3,86,10,99,128,57,125,12,322,54,0,54,376
02/10/2016,BUR,CA,AWP,WE,Towers with Radar,125,62,37,0,224,0,1,84,3,88,125,63,121,3,312,66,0,66,378
02/11/2016,BUR,CA,AWP,WE,Towers with Radar,123,51,30,0,204,0,1,52,21,74,123,52,82,21,278,82,0,82,360
02/12/2016,BUR,CA,AWP,WE,Towers with Radar,116,66,41,2,225,0,0,71,2,73,116,66,112,4,298,46,0,46,344
02/13/2016,BUR,CA,AWP,WE,Towers with Radar,79,33,44,2,158,0,3,126,2,131,79,36,170,4,289,236,0,236,525
02/14/2016,BUR,CA,AWP,WE,Towers with Radar,98,35,30,0,163,0,1,154,1,156,98,36,184,1,319,294,0,294,613
02/15/2016,BUR,CA,AWP,WE,Towers with Radar,116,55,46,0,217,0,0,82,3,85,116,55,128,3,302,42,0,42,344
02/16/2016,BUR,CA,AWP,WE,Towers with Radar,119,61,52,0,232,0,2,62,2,66,119,63,114,2,298,90,0,90,388
02/17/2016,BUR,CA,AWP,WE,Towers with Radar,112,57,27,0,196,0,2,51,1,54,112,59,78,1,250,144,0,144,394
02/18/2016,BUR,CA,AWP,WE,Towers with Radar,119,66,24,0,209,0,3,96,0,99,119,69,120,0,308,318,0,318,626
02/19/2016,BUR,CA,AWP,WE,Towers with Radar,113,61,40,0,214,0,1,117,0,118,113,62,157,0,332,192,0,192,524
02/20/2016,BUR,CA,AWP,WE,Towers with Radar,78,28,23,0,129,0,0,67,1,68,78,28,90,1,197,32,0,32,229
02/21/2016,BUR,CA,AWP,WE,Towers with Radar,97,41,35,0,173,0,0,78,3,81,97,41,113,3,254,122,0,122,376
02/22/2016,BUR,CA,AWP,WE,Towers with Radar,114,58,28,1,201,0,1,74,8,83,114,59,102,9,284,42,0,42,326
02/23/2016,BUR,CA,AWP,WE,Towers with Radar,122,57,44,0,223,0,6,95,2,103,122,63,139,2,326,166,0,166,492
02/24/2016,BUR,CA,AWP,WE,Towers with Radar,124,69,44,0,237,0,3,97,6,106,124,72,141,6,343,106,0,106,449
02/25/2016,BUR,CA,AWP,WE,Towers with Radar,123,65,49,0,237,0,11,69,2,82,123,76,118,2,319,100,0,100,419
02/26/2016,BUR,CA,AWP,WE,Towers with Radar,117,59,31,5,212,0,2,72,1,75,117,61,103,6,287,134,0,134,421
02/27/2016,BUR,CA,AWP,WE,Towers with Radar,80,27,33,0,140,0,6,95,5,106,80,33,128,5,246,166,0,166,412
02/28/2016,BUR,CA,AWP,WE,Towers with Radar,97,46,36,0,179,0,0,66,4,70,97,46,102,4,249,234,0,234,483
02/29/2016,BUR,CA,AWP,WE,Towers with Radar,114,70,43,1,228,0,3,78,1,82,114,73,121,2,310,134,0,134,444
03/01/2016,BUR,CA,AWP,WE,Towers with Radar,115,64,43,0,222,0,4,68,3,75,115,68,111,3,297,44,0,44,341
03/02/2016,BUR,CA,AWP,WE,Towers with Radar,122,67,50,2,241,0,2,60,2,64,122,69,110,4,305,106,0,106,411
03/03/2016,BUR,CA,AWP,WE,Towers with Radar,118,60,31,0,209,0,2,73,2,77,118,62,104,2,286,96,0,96,382
03/04/2016,BUR,CA,AWP,WE,Towers with Radar,116,56,39,0,211,0,2,59,2,63,116,58,98,2,274,74,0,74,348
03/05/2016,BUR,CA,AWP,WE,Towers with Radar,81,29,49,0,159,0,0,41,1,42,81,29,90,1,201,180,0,180,381
03/06/2016,BUR,CA,AWP,WE,Towers with Radar,95,42,43,0,180,0,2,36,2,40,95,44,79,2,220,54,0,54,274
03/07/2016,BUR,CA,AWP,WE,Towers with Radar,115,52,43,0,210,0,1,36,1,38,115,53,79,1,248,52,0,52,300
03/08/2016,BUR,CA,AWP,WE,Towers with Radar,124,57,49,0,230,0,0,59,4,63,124,57,108,4,293,58,0,58,351
03/09/2016,BUR,CA,AWP,WE,Towers with Radar,117,50,36,0,203,0,3,65,5,73,117,53,101,5,276,84,1,85,361
03/10/2016,BUR,CA,AWP,WE,Towers with Radar,124,53,36,2,215,0,3,56,3,62,124,56,92,5,277,92,0,92,369
03/11/2016,BUR,CA,AWP,WE,Towers with Radar,121,47,29,0,197,0,0,22,3,25,121,47,51,3,222,22,0,22,244
03/12/2016,BUR,CA,AWP,WE,Towers with Radar,85,23,28,0,136,0,2,102,2,106,85,25,130,2,242,112,0,112,354
03/13/2016,BUR,CA,AWP,WE,Towers with Radar,108,38,46,0,192,0,1,47,1,49,108,39,93,1,241,22,0,22,263
03/14/2016,BUR,CA,AWP,WE,Towers with Radar,120,48,42,0,210,0,6,54,1,61,120,54,96,1,271,6,0,6,277
03/15/2016,BUR,CA,AWP,WE,Towers with Radar,126,71,49,0,246,0,2,96,1,99,126,73,145,1,345,48,0,48,393
03/16/2016,BUR,CA,AWP,WE,Towers with Radar,124,62,39,0,225,0,6,77,9,92,124,68,116,9,317,68,0,68,385
03/17/2016,BUR,CA,AWP,WE,Towers with Radar,124,53,48,2,227,0,3,104,2,109,124,56,152,4,336,174,0,174,510
03/18/2016,BUR,CA,AWP,WE,Towers with Radar,123,63,48,0,234,0,2,108,2,112,123,65,156,2,346,84,0,84,430
03/19/2016,BUR,CA,AWP,WE,Towers with Radar,84,29,42,0,155,0,0,85,2,87,84,29,127,2,242,110,0,110,352
03/20/2016,BUR,CA,AWP,WE,Towers with Radar,107,36,41,0,184,0,1,69,1,71,107,37,110,1,255,70,0,70,325
03/21/2016,BUR,CA,AWP,WE,Towers with Radar,129,62,39,0,230,0,1,38,1,40,129,63,77,1,270,4,0,4,274
03/22/2016,BUR,CA,AWP,WE,Towers with Radar,132,54,23,0,209,0,1,40,3,44,132,55,63,3,253,12,0,12,265
03/23/2016,BUR,CA,AWP,WE,Towers with Radar,119,56,34,0,209,0,1,79,7,87,119,57,113,7,296,79,0,79,375
03/24/2016,BUR,CA,AWP,WE,Towers with Radar,128,50,45,0,223,0,3,74,2,79,128,53,119,2,302,30,0,30,332
03/25/2016,BUR,CA,AWP,WE,Towers with Radar,122,55,53,0,230,0,0,82,8,90,122,55,135,8,320,136,0,136,456
03/26/2016,BUR,CA,AWP,WE,Towers with Radar,78,23,35,1,137,0,1,93,1,95,78,24,128,2,232,70,0,70,302
03/27/2016,BUR,CA,AWP,WE,Towers with Radar,110,40,27,0,177,0,0,76,1,77,110,40,103,1,254,110,0,110,364
03/28/2016,BUR,CA,AWP,WE,Towers with Radar,125,50,44,0,219,0,0,44,1,45,125,50,88,1,264,86,0,86,350
03/29/2016,BUR,CA,AWP,WE,Towers with Radar,125,41,41,0,207,0,2,61,2,65,125,43,102,2,272,120,0,120,392
03/30/2016,BUR,CA,AWP,WE,Towers with Radar,133,50,30,0,213,0,1,63,4,68,133,51,93,4,281,105,0,105,386
03/31/2016,BUR,CA,AWP,WE,Towers with Radar,127,56,29,0,212,0,7,66,2,75,127,63,95,2,287,84,0,84,371
04/01/2016,BUR,CA,AWP,WE,Towers with Radar,122,61,43,0,226,0,2,102,2,106,122,63,145,2,332,142,0,142,474
04/02/2016,BUR,CA,AWP,WE,Towers with Radar,81,28,26,0,135,0,4,71,0,75,81,32,97,0,210,38,0,38,248
04/03/2016,BUR,CA,AWP,WE,Towers with Radar,109,44,37,3,193,0,6,76,2,84,109,50,113,5,277,48,0,48,325
04/04/2016,BUR,CA,AWP,WE,Towers with Radar,121,51,39,3,214,0,1,82,4,87,121,52,121,7,301,120,0,120,421
04/05/2016,BUR,CA,AWP,WE,Towers with Radar,117,49,41,1,208,0,2,71,14,87,117,51,112,15,295,98,0,98,393
04/06/2016,BUR,CA,AWP,WE,Towers with Radar,128,62,43,0,233,0,3,60,3,66,128,65,103,3,299,68,0,68,367
04/07/2016,BUR,CA,AWP,WE,Towers with Radar,122,57,40,0,219,0,1,55,8,64,122,58,95,8,283,80,0,80,363
04/08/2016,BUR,CA,AWP,WE,Towers with Radar,122,54,46,4,226,0,0,20,9,29,122,54,66,13,255,0,0,0,255
04/09/2016,BUR,CA,AWP,WE,Towers with Radar,83,29,25,5,142,0,0,45,1,46,83,29,70,6,188,108,0,108,296
04/10/2016,BUR,CA,AWP,WE,Towers with Radar,112,41,50,0,203,0,1,93,2,96,112,42,143,2,299,194,0,194,493
04/11/2016,BUR,CA,AWP,WE,Towers with Radar,122,51,44,0,217,0,1,64,2,67,122,52,108,2,284,108,0,108,392
04/12/2016,BUR,CA,AWP,WE,Towers with Radar,129,59,54,0,242,0,3,76,6,85,129,62,130,6,327,134,0,134,461
04/13/2016,BUR,CA,AWP,WE,Towers with Radar,126,63,49,1,239,0,1,61,9,71,126,64,110,10,310,52,0,52,362
04/14/2016,BUR,CA,AWP,WE,Towers with Radar,132,57,50,0,239,0,2,72,1,75,132,59,122,1,314,166,0,166,480
04/15/2016,BUR,CA,AWP,WE,Towers with Radar,124,73,39,3,239,0,3,60,0,63,124,76,99,3,302,0,0,0,302
04/16/2016,BUR,CA,AWP,WE,Towers with Radar,83,27,28,0,138,0,0,72,1,73,83,27,100,1,211,102,0,102,313
04/17/2016,BUR,CA,AWP,WE,Towers with Radar,110,51,46,0,207,0,1,83,2,86,110,52,129,2,293,49,0,49,342
04/18/2016,BUR,CA,AWP,WE,Towers with Radar,124,61,49,0,234,0,1,89,8,98,124,62,138,8,332,98,0,98,430
04/19/2016,BUR,CA,AWP,WE,Towers with Radar,128,64,30,1,223,0,8,62,2,72,128,72,92,3,295,4,0,4,299
04/20/2016,BUR,CA,AWP,WE,Towers with Radar,128,68,33,0,229,0,4,84,2,90,128,72,117,2,319,102,0,102,421
04/21/2016,BUR,CA,AWP,WE,Towers with Radar,127,74,52,1,254,0,5,83,2,90,127,79,135,3,344,88,0,88,432
04/22/2016,BUR,CA,AWP,WE,Towers with Radar,125,73,38,0,236,0,2,88,3,93,125,75,126,3,329,100,0,100,429
04/23/2016,BUR,CA,AWP,WE,Towers with Radar,84,28,44,0,156,0,2,108,1,111,84,30,152,1,267,68,0,68,335
04/24/2016,BUR,CA,AWP,WE,Towers with Radar,111,45,41,0,197,0,1,73,1,75,111,46,114,1,272,192,0,192,464
04/25/2016,BUR,CA,AWP,WE,Towers with Radar,128,70,56,0,254,0,1,61,3,65,128,71,117,3,319,42,0,42,361
04/26/2016,BUR,CA,AWP,WE,Towers with Radar,129,64,38,1,232,0,3,72,5,80,129,67,110,6,312,114,0,114,426
04/27/2016,BUR,CA,AWP,WE,Towers with Radar,136,59,43,0,238,0,5,90,4,99,136,64,133,4,337,146,0,146,483
04/28/2016,BUR,CA,AWP,WE,Towers with Radar,128,58,45,0,231,0,6,62,5,73,128,64,107,5,304,108,0,108,412
04/29/2016,BUR,CA,AWP,WE,Towers with Radar,123,72,46,2,243,0,4,92,2,98,123,76,138,4,341,72,0,72,413
04/30/2016,BUR,CA,AWP,WE,Towers with Radar,84,30,35,0,149,0,0,48,1,49,84,30,83,1,198,52,0,52,250
05/01/2016,BUR,CA,AWP,WE,Towers with Radar,115,44,46,0,205,0,1,84,0,85,115,45,130,0,290,166,0,166,456
05/02/2016,BUR,CA,AWP,WE,Towers with Radar,127,59,38,1,225,0,1,78,2,81,127,60,116,3,306,118,0,118,424
05/03/2016,BUR,CA,AWP,WE,Towers with Radar,130,59,37,1,227,0,2,91,3,96,130,61,128,4,323,102,0,102,425
05/04/2016,BUR,CA,AWP,WE,Towers with Radar,130,58,56,0,244,0,1,52,4,57,130,59,108,4,301,116,0,116,417
05/05/2016,BUR,CA,AWP,WE,Towers with Radar,133,63,38,0,234,0,0,68,1,69,133,63,106,1,303,124,0,124,427
05/06/2016,BUR,CA,AWP,WE,Towers with Radar,128,52,47,0,227,0,0,44,7,51,128,52,91,7,278,18,0,18,296
05/07/2016,BUR,CA,AWP,WE,Towers with Radar,87,18,29,0,134,0,0,71,2,73,87,18,100,2,207,104,0,104,311
05/08/2016,BUR,CA,AWP,WE,Towers with Radar,115,38,40,0,193,0,1,70,6,77,115,39,110,6,270,36,0,36,306
05/09/2016,BUR,CA,AWP,WE,Towers with Radar,133,50,51,2,236,0,1,40,2,43,133,51,91,4,279,66,0,66,345
05/10/2016,BUR,CA,AWP,WE,Towers with Radar,133,48,55,0,236,0,1,86,2,89,133,49,141,2,325,218,0,218,543
05/11/2016,BUR,CA,AWP,WE,Towers with Radar,136,51,54,0,241,0,1,35,2,38,136,52,89,2,279,112,0,112,391
05/12/2016,BUR,CA,AWP,WE,Towers with Radar,136,67,60,0,263,0,6,90,0,96,136,73,150,0,359,166,0,166,525
05/13/2016,BUR,CA,AWP,WE,Towers with Radar,133,66,63,0,262,0,2,98,2,102,133,68,161,2,364,36,0,36,400
05/14/2016,BUR,CA,AWP,WE,Towers with Radar,87,35,42,4,168,0,1,57,1,59,87,36,99,5,227,12,0,12,239
05/15/2016,BUR,CA,AWP,WE,Towers with Radar,116,34,42,0,192,0,1,46,2,49,116,35,88,2,241,48,0,48,289
05/16/2016,BUR,CA,AWP,WE,Towers with Radar,132,44,59,0,235,0,3,58,3,64,132,47,117,3,299,18,0,18,317
05/17/2016,BUR,CA,AWP,WE,Towers with Radar,135,43,32,1,211,0,1,43,8,52,135,44,75,9,263,36,0,36,299
05/18/2016,BUR,CA,AWP,WE,Towers with Radar,137,38,46,1,222,0,0,37,4,41,137,38,83,5,263,40,0,40,303
05/19/2016,BUR,CA,AWP,WE,Towers with Radar,131,55,65,2,253,0,1,62,3,66,131,56,127,5,319,96,0,96,415
05/20/2016,BUR,CA,AWP,WE,Towers with Radar,134,46,55,0,235,0,2,85,0,87,134,48,140,0,322,140,0,140,462
05/21/2016,BUR,CA,AWP,WE,Towers with Radar,87,34,45,0,166,0,2,91,4,97,87,36,136,4,263,74,0,74,337
05/22/2016,BUR,CA,AWP,WE,Towers with Radar,115,42,45,0,202,0,0,70,3,73,115,42,115,3,275,76,0,76,351
05/23/2016,BUR,CA,AWP,WE,Towers with Radar,133,47,38,0,218,0,0,53,2,55,133,47,91,2,273,72,0,72,345
05/24/2016,BUR,CA,AWP,WE,Towers with Radar,133,56,65,0,254,0,2,47,4,53,133,58,112,4,307,34,0,34,341
05/25/2016,BUR,CA,AWP,WE,Towers with Radar,131,54,68,0,253,0,4,88,4,96,131,58,156,4,349,90,0,90,439
05/26/2016,BUR,CA,AWP,WE,Towers with Radar,134,51,60,1,246,0,2,88,4,94,134,53,148,5,340,134,0,134,474
05/27/2016,BUR,CA,AWP,WE,Towers with Radar,131,55,52,0,238,0,1,73,1,75,131,56,125,1,313,50,0,50,363
05/28/2016,BUR,CA,AWP,WE,Towers with Radar,82,27,35,0,144,0,0,86,1,87,82,27,121,1,231,22,0,22,253
05/29/2016,BUR,CA,AWP,WE,Towers with Radar,78,29,23,0,130,0,1,56,2,59,78,30,79,2,189,12,0,12,201
05/30/2016,BUR,CA,AWP,WE,Towers with Radar,112,32,38,0,182,0,1,66,1,68,112,33,104,1,250,6,0,6,256
05/31/2016,BUR,CA,AWP,WE,Towers with Radar,129,54,60,1,244,0,2,59,0,61,129,56,119,1,305,60,0,60,365
06/01/2016,BUR,CA,AWP,WE,Towers with Radar,138,47,45,0,230,0,1,41,3,45,138,48,86,3,275,42,0,42,317
06/02/2016,BUR,CA,AWP,WE,Towers with Radar,136,64,60,2,262,0,2,82,0,84,136,66,142,2,346,100,0,100,446
06/03/2016,BUR,CA,AWP,WE,Towers with Radar,135,62,48,0,245,0,3,102,3,108,135,65,150,3,353,102,0,102,455
06/04/2016,BUR,CA,AWP,WE,Towers with Radar,87,24,36,0,147,0,1,83,0,84,87,25,119,0,231,36,0,36,267
06/05/2016,BUR,CA,AWP,WE,Towers with Radar,118,45,46,1,210,0,1,91,1,93,118,46,137,2,303,90,0,90,393
06/06/2016,BUR,CA,AWP,WE,Towers with Radar,140,56,39,2,237,0,1,32,1,34,140,57,71,3,271,20,0,20,291
06/07/2016,BUR,CA,AWP,WE,Towers with Radar,139,56,37,0,232,0,3,67,10,80,139,59,104,10,312,128,0,128,440
06/08/2016,BUR,CA,AWP,WE,Towers with Radar,141,63,58,0,262,0,1,76,8,85,141,64,134,8,347,112,0,112,459
06/09/2016,BUR,CA,AWP,WE,Towers with Radar,133,70,53,0,256,0,1,89,5,95,133,71,142,5,351,150,0,150,501
06/10/2016,BUR,CA,AWP,WE,Towers with Radar,141,58,35,6,240,5,1,71,11,88,146,59,106,17,328,28,0,28,356
06/11/2016,BUR,CA,AWP,WE,Towers with Radar,99,26,45,14,184,0,0,15,0,15,99,26,60,14,199,0,0,0,199
06/12/2016,BUR,CA,AWP,WE,Towers with Radar,122,50,44,0,216,0,1,58,5,64,122,51,102,5,280,14,0,14,294
06/13/2016,BUR,CA,AWP,WE,Towers with Radar,134,58,40,0,232,0,0,71,2,73,134,58,111,2,305,60,0,60,365
06/14/2016,BUR,CA,AWP,WE,Towers with Radar,132,63,43,0,238,0,1,54,0,55,132,64,97,0,293,32,0,32,325
06/15/2016,BUR,CA,AWP,WE,Towers with Radar,134,68,48,0,250,0,3,56,0,59,134,71,104,0,309,68,0,68,377
06/16/2016,BUR,CA,AWP,WE,Towers with Radar,133,73,40,0,246,0,1,58,4,63,133,74,98,4,309,68,0,68,377
06/17/2016,BUR,CA,AWP,WE,Towers with Radar,131,64,48,0,243,0,2,62,3,67,131,66,110,3,310,70,0,70,380
06/18/2016,BUR,CA,AWP,WE,Towers with Radar,95,26,35,0,156,0,0,94,2,96,95,26,129,2,252,8,0,8,260
06/19/2016,BUR,CA,AWP,WE,Towers with Radar,116,57,35,0,208,0,1,89,1,91,116,58,124,1,299,18,0,18,317
06/20/2016,BUR,CA,AWP,WE,Towers with Radar,128,54,28,1,211,0,1,45,2,48,128,55,73,3,259,28,0,28,287
06/21/2016,BUR,CA,AWP,WE,Towers with Radar,132,65,59,1,257,0,3,70,0,73,132,68,129,1,330,70,0,70,400
06/22/2016,BUR,CA,AWP,WE,Towers with Radar,139,60,32,0,231,0,1,87,5,93,139,61,119,5,324,170,0,170,494
06/23/2016,BUR,CA,AWP,WE,Towers with Radar,130,63,50,0,243,0,1,57,2,60,130,64,107,2,303,100,0,100,403
06/24/2016,BUR,CA,AWP,WE,Towers with Radar,134,65,40,0,239,0,2,79,3,84,134,67,119,3,323,34,0,34,357
06/25/2016,BUR,CA,AWP,WE,Towers with Radar,95,26,29,0,150,0,3,57,2,62,95,29,86,2,212,62,0,62,274
06/26/2016,BUR,CA,AWP,WE,Towers with Radar,118,37,40,0,195,0,1,81,2,84,118,38,121,2,279,24,0,24,303
06/27/2016,BUR,CA,AWP,WE,Towers with Radar,128,54,39,1,222,0,3,63,4,70,128,57,102,5,292,80,0,80,372
06/28/2016,BUR,CA,AWP,WE,Towers with Radar,121,63,36,1,221,0,0,64,3,67,121,63,100,4,288,34,0,34,322
06/29/2016,BUR,CA,AWP,WE,Towers with Radar,124,59,39,0,222,0,1,67,3,71,124,60,106,3,293,64,0,64,357
06/30/2016,BUR,CA,AWP,WE,Towers with Radar,127,63,45,1,236,0,4,80,0,84,127,67,125,1,320,120,0,120,440
07/01/2016,BUR,CA,AWP,WE,Towers with Radar,129,54,36,0,219,0,4,85,2,91,129,58,121,2,310,68,0,68,378
07/02/2016,BUR,CA,AWP,WE,Towers with Radar,101,20,27,0,148,0,1,67,2,70,101,21,94,2,218,34,0,34,252
07/03/2016,BUR,CA,AWP,WE,Towers with Radar,85,17,29,0,131,0,0,48,0,48,85,17,77,0,179,28,0,28,207
07/04/2016,BUR,CA,AWP,WE,Towers with Radar,90,31,17,0,138,0,0,50,1,51,90,31,67,1,189,6,0,6,195
07/05/2016,BUR,CA,AWP,WE,Towers with Radar,125,62,35,0,222,0,1,51,3,55,125,63,86,3,277,74,0,74,351
07/06/2016,BUR,CA,AWP,WE,Towers with Radar,132,47,38,0,217,0,0,45,3,48,132,47,83,3,265,54,0,54,319
07/07/2016,BUR,CA,AWP,WE,Towers with Radar,136,50,39,0,225,0,0,63,1,64,136,50,102,1,289,68,0,68,357
07/08/2016,BUR,CA,AWP,WE,Towers with Radar,126,62,51,0,239,0,3,83,2,88,126,65,134,2,327,42,0,42,369
07/09/2016,BUR,CA,AWP,WE,Towers with Radar,95,29,26,2,152,0,2,76,0,78,95,31,102,2,230,52,0,52,282
07/10/2016,BUR,CA,AWP,WE,Towers with Radar,120,46,34,0,200,0,1,64,1,66,120,47,98,1,266,22,0,22,288
07/11/2016,BUR,CA,AWP,WE,Towers with Radar,127,55,46,1,229,0,1,54,1,56,127,56,100,2,285,10,0,10,295
07/12/2016,BUR,CA,AWP,WE,Towers with Radar,134,66,49,1,250,0,5,69,1,75,134,71,118,2,325,38,0,38,363
07/13/2016,BUR,CA,AWP,WE,Towers with Radar,134,53,49,0,236,0,0,75,3,78,134,53,124,3,314,58,0,58,372
07/14/2016,BUR,CA,AWP,WE,Towers with Radar,132,65,62,0,259,0,0,73,2,75,132,65,135,2,334,118,0,118,452
07/15/2016,BUR,CA,AWP,WE,Towers with Radar,128,55,54,2,239,0,3,81,3,87,128,58,135,5,326,72,0,72,398
07/16/2016,BUR,CA,AWP,WE,Towers with Radar,97,27,27,2,153,0,8,87,4,99,97,35,114,6,252,28,0,28,280
07/17/2016,BUR,CA,AWP,WE,Towers with Radar,118,41,41,0,200,0,2,80,2,84,118,43,121,2,284,40,0,40,324
07/18/2016,BUR,CA,AWP,WE,Towers with Radar,121,65,33,1,220,0,1,55,0,56,121,66,88,1,276,92,0,92,368
07/19/2016,BUR,CA,AWP,WE,Towers with Radar,141,54,31,0,226,0,2,73,3,78,141,56,104,3,304,74,0,74,378
07/20/2016,BUR,CA,AWP,WE,Towers with Radar,115,60,40,0,215,0,1,59,6,66,115,61,99,6,281,84,0,84,365
07/21/2016,BUR,CA,AWP,WE,Towers with Radar,115,56,53,2,226,0,3,85,1,89,115,59,138,3,315,8,0,8,323
07/22/2016,BUR,CA,AWP,WE,Towers with Radar,110,58,52,0,220,0,3,90,3,96,110,61,142,3,316,14,0,14,330
07/23/2016,BUR,CA,AWP,WE,Towers with Radar,94,23,53,0,170,0,1,58,2,61,94,24,111,2,231,50,0,50,281
07/24/2016,BUR,CA,AWP,WE,Towers with Radar,118,54,35,0,207,0,2,75,3,80,118,56,110,3,287,12,0,12,299
07/25/2016,BUR,CA,AWP,WE,Towers with Radar,123,59,27,0,209,0,0,52,4,56,123,59,79,4,265,30,0,30,295
07/26/2016,BUR,CA,AWP,WE,Towers with Radar,132,60,36,0,228,0,3,73,1,77,132,63,109,1,305,60,0,60,365
07/27/2016,BUR,CA,AWP,WE,Towers with Radar,126,62,27,0,215,0,10,67,0,77,126,72,94,0,292,66,0,66,358
07/28/2016,BUR,CA,AWP,WE,Towers with Radar,134,67,46,0,247,0,1,63,3,67,134,68,109,3,314,46,0,46,360
07/29/2016,BUR,CA,AWP,WE,Towers with Radar,129,63,29,0,221,0,3,108,5,116,129,66,137,5,337,74,0,74,411
07/30/2016,BUR,CA,AWP,WE,Towers with Radar,90,29,16,0,135,0,2,106,3,111,90,31,122,3,246,52,0,52,298
07/31/2016,BUR,CA,AWP,WE,Towers with Radar,118,49,26,0,193,0,6,139,3,148,118,55,165,3,341,76,0,76,417
08/01/2016,BUR,CA,AWP,WE,Towers with Radar,124,68,35,0,227,0,0,61,3,64,124,68,96,3,291,26,0,26,317
08/02/2016,BUR,CA,AWP,WE,Towers with Radar,128,66,37,0,231,0,2,58,6,66,128,68,95,6,297,56,2,58,355
08/03/2016,BUR,CA,AWP,WE,Towers with Radar,123,69,49,0,241,0,1,51,2,54,123,70,100,2,295,10,0,10,305
08/04/2016,BUR,CA,AWP,WE,Towers with Radar,127,72,41,0,240,0,1,61,8,70,127,73,102,8,310,8,0,8,318
08/05/2016,BUR,CA,AWP,WE,Towers with Radar,126,64,37,0,227,0,0,86,2,88,126,64,123,2,315,57,0,57,372
08/06/2016,BUR,CA,AWP,WE,Towers with Radar,88,29,25,0,142,0,0,77,1,78,88,29,102,1,220,56,0,56,276
08/07/2016,BUR,CA,AWP,WE,Towers with Radar,111,51,48,0,210,0,6,70,3,79,111,57,118,3,289,90,0,90,379
08/08/2016,BUR,CA,AWP,WE,Towers with Radar,124,56,30,0,210,0,1,55,4,60,124,57,85,4,270,24,0,24,294
08/09/2016,BUR,CA,AWP,WE,Towers with Radar,121,58,30,1,210,0,2,72,2,76,121,60,102,3,286,198,0,198,484
08/10/2016,BUR,CA,AWP,WE,Towers with Radar,126,58,32,3,219,0,1,55,4,60,126,59,87,7,279,192,0,192,471
08/11/2016,BUR,CA,AWP,WE,Towers with Radar,128,69,35,0,232,0,1,79,1,81,128,70,114,1,313,142,0,142,455
08/12/2016,BUR,CA,AWP,WE,Towers with Radar,125,65,32,0,222,0,1,90,3,94,125,66,122,3,316,46,0,46,362
08/13/2016,BUR,CA,AWP,WE,Towers with Radar,87,32,42,0,161,0,1,88,0,89,87,33,130,0,250,24,0,24,274
08/14/2016,BUR,CA,AWP,WE,Towers with Radar,104,62,35,0,201,0,1,83,1,85,104,63,118,1,286,22,0,22,308
08/15/2016,BUR,CA,AWP,WE,Towers with Radar,127,66,36,0,229,0,0,63,1,64,127,66,99,1,293,42,0,42,335
08/16/2016,BUR,CA,AWP,WE,Towers with Radar,128,89,37,0,254,0,5,80,3,88,128,94,117,3,342,104,0,104,446
08/17/2016,BUR,CA,AWP,WE,Towers with Radar,129,81,39,0,249,0,2,76,2,80,129,83,115,2,329,52,0,52,381
08/18/2016,BUR,CA,AWP,WE,Towers with Radar,131,68,44,0,243,0,1,109,1,111,131,69,153,1,354,114,0,114,468
08/19/2016,BUR,CA,AWP,WE,Towers with Radar,122,74,49,0,245,0,1,83,4,88,122,75,132,4,333,24,0,24,357
08/20/2016,BUR,CA,AWP,WE,Towers with Radar,87,34,43,0,164,0,4,68,4,76,87,38,111,4,240,106,0,106,346
08/21/2016,BUR,CA,AWP,WE,Towers with Radar,107,66,38,0,211,0,1,80,2,83,107,67,118,2,294,98,0,98,392
08/22/2016,BUR,CA,AWP,WE,Towers with Radar,123,71,34,1,229,0,4,64,2,70,123,75,98,3,299,70,0,70,369
08/23/2016,BUR,CA,AWP,WE,Towers with Radar,126,69,33,0,228,0,4,81,1,86,126,73,114,1,314,158,0,158,472
08/24/2016,BUR,CA,AWP,WE,Towers with Radar,125,68,34,0,227,0,3,70,3,76,125,71,104,3,303,138,0,138,441
08/25/2016,BUR,CA,AWP,WE,Towers with Radar,129,64,59,0,252,0,5,89,4,98,129,69,148,4,350,68,0,68,418
08/26/2016,BUR,CA,AWP,WE,Towers with Radar,125,71,52,0,248,0,4,82,4,90,125,75,134,4,338,78,0,78,416
08/27/2016,BUR,CA,AWP,WE,Towers with Radar,85,37,31,0,153,0,0,90,2,92,85,37,121,2,245,90,0,90,335
08/28/2016,BUR,CA,AWP,WE,Towers with Radar,115,47,27,0,189,0,2,61,2,65,115,49,88,2,254,58,0,58,312
08/29/2016,BUR,CA,AWP,WE,Towers with Radar,126,59,26,0,211,0,4,51,2,57,126,63,77,2,268,44,0,44,312
08/30/2016,BUR,CA,AWP,WE,Towers with Radar,133,61,38,0,232,0,5,75,2,82,133,66,113,2,314,125,0,125,439
08/31/2016,BUR,CA,AWP,WE,Towers with Radar,138,56,23,0,217,0,1,54,1,56,138,57,77,1,273,68,0,68,341
09/01/2016,BUR,CA,AWP,WE,Towers with Radar,142,61,39,0,242,0,1,56,3,60,142,62,95,3,302,33,0,33,335
09/02/2016,BUR,CA,AWP,WE,Towers with Radar,137,51,41,0,229,0,3,99,3,105,137,54,140,3,334,50,0,50,384
09/03/2016,BUR,CA,AWP,WE,Towers with Radar,79,14,31,0,124,0,1,65,2,68,79,15,96,2,192,24,0,24,216
09/04/2016,BUR,CA,AWP,WE,Towers with Radar,78,15,39,1,133,0,2,57,2,61,78,17,96,3,194,16,0,16,210
09/05/2016,BUR,CA,AWP,WE,Towers with Radar,119,40,63,0,222,0,2,69,1,72,119,42,132,1,294,48,0,48,342
09/06/2016,BUR,CA,AWP,WE,Towers with Radar,132,59,40,0,231,0,2,80,0,82,132,61,120,0,313,130,0,130,443
09/07/2016,BUR,CA,AWP,WE,Towers with Radar,145,51,48,0,244,0,1,70,2,73,145,52,118,2,317,40,0,40,357
09/08/2016,BUR,CA,AWP,WE,Towers with Radar,136,63,44,1,244,0,4,58,3,65,136,67,102,4,309,8,0,8,317
09/09/2016,BUR,CA,AWP,WE,Towers with Radar,137,45,49,0,231,0,2,75,3,80,137,47,124,3,311,44,0,44,355
09/10/2016,BUR,CA,AWP,WE,Towers with Radar,89,29,24,0,142,0,4,82,4,90,89,33,106,4,232,26,0,26,258
09/11/2016,BUR,CA,AWP,WE,Towers with Radar,126,35,26,0,187,0,1,84,4,89,126,36,110,4,276,82,0,82,358
09/12/2016,BUR,CA,AWP,WE,Towers with Radar,142,44,21,2,209,0,1,54,3,58,142,45,75,5,267,86,0,86,353
09/13/2016,BUR,CA,AWP,WE,Towers with Radar,143,50,32,0,225,0,1,44,6,51,143,51,76,6,276,56,0,56,332
09/14/2016,BUR,CA,AWP,WE,Towers with Radar,143,54,35,0,232,0,3,92,1,96,143,57,127,1,328,178,0,178,506
09/15/2016,BUR,CA,AWP,WE,Towers with Radar,144,52,40,0,236,0,2,65,2,69,144,54,105,2,305,168,0,168,473
09/16/2016,BUR,CA,AWP,WE,Towers with Radar,142,52,40,0,234,0,2,103,8,113,142,54,143,8,347,132,0,132,479
09/17/2016,BUR,CA,AWP,WE,Towers with Radar,88,38,28,0,154,0,2,80,2,84,88,40,108,2,238,34,0,34,272
09/18/2016,BUR,CA,AWP,WE,Towers with Radar,123,47,67,0,237,0,3,105,3,111,123,50,172,3,348,44,0,44,392
09/19/2016,BUR,CA,AWP,WE,Towers with Radar,144,43,44,0,231,0,6,70,0,76,144,49,114,0,307,57,0,57,364
09/20/2016,BUR,CA,AWP,WE,Towers with Radar,139,55,35,1,230,0,10,66,1,77,139,65,101,2,307,120,0,120,427
09/21/2016,BUR,CA,AWP,WE,Towers with Radar,148,44,41,3,236,0,4,47,3,54,148,48,88,6,290,0,0,0,290
09/22/2016,BUR,CA,AWP,WE,Towers with Radar,149,50,64,0,263,0,3,55,3,61,149,53,119,3,324,44,0,44,368
09/23/2016,BUR,CA,AWP,WE,Towers with Radar,142,58,57,0,257,0,2,76,2,80,142,60,133,2,337,42,0,42,379
09/24/2016,BUR,CA,AWP,WE,Towers with Radar,96,32,31,0,159,0,2,60,2,64,96,34,91,2,223,70,0,70,293
09/25/2016,BUR,CA,AWP,WE,Towers with Radar,123,53,45,0,221,0,1,61,0,62,123,54,106,0,283,38,0,38,321
09/26/2016,BUR,CA,AWP,WE,Towers with Radar,142,43,20,0,205,0,5,56,6,67,142,48,76,6,272,62,0,62,334
09/27/2016,BUR,CA,AWP,WE,Towers with Radar,147,58,46,0,251,0,7,63,3,73,147,65,109,3,324,36,0,36,360
09/28/2016,BUR,CA,AWP,WE,Towers with Radar,146,62,45,0,253,0,6,81,5,92,146,68,126,5,345,56,0,56,401
09/29/2016,BUR,CA,AWP,WE,Towers with Radar,146,48,47,0,241,0,3,76,3,82,146,51,123,3,323,104,0,104,427
09/30/2016,BUR,CA,AWP,WE,Towers with Radar,147,59,49,0,255,0,2,86,5,93,147,61,135,5,348,86,0,86,434
10/01/2016,BUR,CA,AWP,WE,Towers with Radar,94,29,31,0,154,0,1,93,3,97,94,30,124,3,251,52,0,52,303
10/02/2016,BUR,CA,AWP,WE,Towers with Radar,122,44,36,0,202,0,1,59,2,62,122,45,95,2,264,46,0,46,310
10/03/2016,BUR,CA,AWP,WE,Towers with Radar,140,43,30,2,215,0,6,29,2,37,140,49,59,4,252,47,0,47,299
10/04/2016,BUR,CA,AWP,WE,Towers with Radar,141,41,40,0,222,0,6,71,2,79,141,47,111,2,301,108,0,108,409
10/05/2016,BUR,CA,AWP,WE,Towers with Radar,143,61,43,0,247,0,6,79,2,87,143,67,122,2,334,108,0,108,442
10/06/2016,BUR,CA,AWP,WE,Towers with Radar,138,51,36,0,225,0,7,80,3,90,138,58,116,3,315,72,0,72,387
10/07/2016,BUR,CA,AWP,WE,Towers with Radar,132,53,47,0,232,0,5,89,1,95,132,58,136,1,327,68,0,68,395
10/08/2016,BUR,CA,AWP,WE,Towers with Radar,91,30,34,0,155,0,4,79,5,88,91,34,113,5,243,120,0,120,363
10/09/2016,BUR,CA,AWP,WE,Towers with Radar,123,51,46,0,220,0,2,78,3,83,123,53,124,3,303,26,0,26,329
10/10/2016,BUR,CA,AWP,WE,Towers with Radar,134,58,49,0,241,0,5,83,0,88,134,63,132,0,329,110,0,110,439
10/11/2016,BUR,CA,AWP,WE,Towers with Radar,138,58,43,0,239,0,4,65,3,72,138,62,108,3,311,80,0,80,391
10/12/2016,BUR,CA,AWP,WE,Towers with Radar,142,54,39,0,235,0,4,48,5,57,142,58,87,5,292,50,0,50,342
10/13/2016,BUR,CA,AWP,WE,Towers with Radar,140,73,71,0,284,0,7,62,2,71,140,80,133,2,355,36,0,36,391
10/14/2016,BUR,CA,AWP,WE,Towers with Radar,131,77,76,0,284,0,3,60,4,67,131,80,136,4,351,14,0,14,365
10/15/2016,BUR,CA,AWP,WE,Towers with Radar,88,30,40,1,159,0,1,61,3,65,88,31,101,4,224,90,0,90,314
10/16/2016,BUR,CA,AWP,WE,Towers with Radar,119,51,44,0,214,0,1,46,3,50,119,52,90,3,264,16,0,16,280
10/17/2016,BUR,CA,AWP,WE,Towers with Radar,136,49,44,0,229,0,0,45,4,49,136,49,89,4,278,42,0,42,320
10/18/2016,BUR,CA,AWP,WE,Towers with Radar,138,55,48,0,241,0,5,46,3,54,138,60,94,3,295,54,0,54,349
10/19/2016,BUR,CA,AWP,WE,Towers with Radar,139,54,48,2,243,0,4,62,1,67,139,58,110,3,310,92,0,92,402
10/20/2016,BUR,CA,AWP,WE,Towers with Radar,140,74,49,1,264,0,3,59,0,62,140,77,108,1,326,70,0,70,396
10/21/2016,BUR,CA,AWP,WE,Towers with Radar,138,75,49,5,267,0,2,82,2,86,138,77,131,7,353,54,0,54,407
10/22/2016,BUR,CA,AWP,WE,Towers with Radar,94,33,32,0,159,0,2,82,2,86,94,35,114,2,245,30,0,30,275
10/23/2016,BUR,CA,AWP,WE,Towers with Radar,119,52,46,0,217,0,0,67,4,71,119,52,113,4,288,80,0,80,368
10/24/2016,BUR,CA,AWP,WE,Towers with Radar,132,35,30,0,197,0,1,19,5,25,132,36,49,5,222,6,0,6,228
10/25/2016,BUR,CA,AWP,WE,Towers with Radar,131,48,33,2,214,0,5,58,6,69,131,53,91,8,283,10,0,10,293
10/26/2016,BUR,CA,AWP,WE,Towers with Radar,139,62,41,9,251,0,5,68,5,78,139,67,109,14,329,52,0,52,381
10/27/2016,BUR,CA,AWP,WE,Towers with Radar,139,58,37,5,239,0,3,62,7,72,139,61,99,12,311,96,0,96,407
10/28/2016,BUR,CA,AWP,WE,Towers with Radar,137,52,45,5,239,0,0,68,11,79,137,52,113,16,318,64,0,64,382
10/29/2016,BUR,CA,AWP,WE,Towers with Radar,94,21,53,1,169,0,2,70,10,82,94,23,123,11,251,20,0,20,271
10/30/2016,BUR,CA,AWP,WE,Towers with Radar,114,45,51,0,210,0,1,23,1,25,114,46,74,1,235,4,0,4,239
10/31/2016,BUR,CA,AWP,WE,Towers with Radar,110,57,38,0,205,0,2,71,5,78,110,59,109,5,283,65,0,65,348
11/01/2016,BUR,CA,AWP,WE,Towers with Radar,135,61,38,0,234,0,1,53,3,57,135,62,91,3,291,10,0,10,301
11/02/2016,BUR,CA,AWP,WE,Towers with Radar,129,63,33,0,225,0,0,75,4,79,129,63,108,4,304,56,0,56,360
11/03/2016,BUR,CA,AWP,WE,Towers with Radar,134,80,69,0,283,0,4,82,4,90,134,84,151,4,373,74,0,74,447
11/04/2016,BUR,CA,AWP,WE,Towers with Radar,131,68,50,0,249,0,3,80,0,83,131,71,130,0,332,106,0,106,438
11/05/2016,BUR,CA,AWP,WE,Towers with Radar,89,54,48,0,191,0,2,101,1,104,89,56,149,1,295,81,0,81,376
11/06/2016,BUR,CA,AWP,WE,Towers with Radar,116,68,72,0,256,0,4,111,4,119,116,72,183,4,375,204,0,204,579
11/07/2016,BUR,CA,AWP,WE,Towers with Radar,128,60,41,0,229,0,4,61,5,70,128,64,102,5,299,94,0,94,393
11/08/2016,BUR,CA,AWP,WE,Towers with Radar,115,62,17,0,194,0,2,65,3,70,115,64,82,3,264,26,0,26,290
11/09/2016,BUR,CA,AWP,WE,Towers with Radar,135,61,44,3,243,0,5,69,5,79,135,66,113,8,322,120,0,120,442
11/10/2016,BUR,CA,AWP,WE,Towers with Radar,138,49,37,0,224,0,2,98,2,102,138,51,135,2,326,22,0,22,348
11/11/2016,BUR,CA,AWP,WE,Towers with Radar,135,56,43,0,234,0,5,63,3,71,135,61,106,3,305,70,0,70,375
11/12/2016,BUR,CA,AWP,WE,Towers with Radar,94,26,23,0,143,0,3,87,1,91,94,29,110,1,234,75,0,75,309
11/13/2016,BUR,CA,AWP,WE,Towers with Radar,117,42,40,0,199,0,0,60,1,61,117,42,100,1,260,74,0,74,334
11/14/2016,BUR,CA,AWP,WE,Towers with Radar,129,60,42,1,232,0,2,78,1,81,129,62,120,2,313,134,0,134,447
11/15/2016,BUR,CA,AWP,WE,Towers with Radar,132,69,53,3,257,0,0,70,2,72,132,69,123,5,329,74,0,74,403
11/16/2016,BUR,CA,AWP,WE,Towers with Radar,137,70,47,0,254,0,1,81,1,83,137,71,128,1,337,84,0,84,421
11/17/2016,BUR,CA,AWP,WE,Towers with Radar,136,74,51,0,261,0,3,69,3,75,136,77,120,3,336,92,0,92,428
11/18/2016,BUR,CA,AWP,WE,Towers with Radar,133,69,44,0,246,0,1,99,3,103,133,70,143,3,349,154,0,154,503
11/19/2016,BUR,CA,AWP,WE,Towers with Radar,100,27,55,0,182,0,2,88,4,94,100,29,143,4,276,44,0,44,320
11/20/2016,BUR,CA,AWP,WE,Towers with Radar,121,46,30,0,197,0,1,49,0,50,121,47,79,0,247,24,0,24,271
11/21/2016,BUR,CA,AWP,WE,Towers with Radar,134,63,32,2,231,0,5,72,1,78,134,68,104,3,309,56,0,56,365
11/22/2016,BUR,CA,AWP,WE,Towers with Radar,150,73,45,2,270,0,1,72,5,78,150,74,117,7,348,46,0,46,394
11/23/2016,BUR,CA,AWP,WE,Towers with Radar,151,61,41,0,253,0,4,61,4,69,151,65,102,4,322,44,0,44,366
11/24/2016,BUR,CA,AWP,WE,Towers with Radar,81,18,9,0,108,0,1,19,1,21,81,19,28,1,129,10,0,10,139
11/25/2016,BUR,CA,AWP,WE,Towers with Radar,116,25,24,0,165,0,5,83,3,91,116,30,107,3,256,50,0,50,306
11/26/2016,BUR,CA,AWP,WE,Towers with Radar,109,36,24,0,169,0,4,26,2,32,109,40,50,2,201,6,0,6,207
11/27/2016,BUR,CA,AWP,WE,Towers with Radar,142,57,50,0,249,0,1,38,1,40,142,58,88,1,289,72,0,72,361
11/28/2016,BUR,CA,AWP,WE,Towers with Radar,145,57,39,0,241,0,1,43,5,49,145,58,82,5,290,92,0,92,382
11/29/2016,BUR,CA,AWP,WE,Towers with Radar,130,61,31,0,222,0,2,70,2,74,130,63,101,2,296,108,0,108,404
11/30/2016,BUR,CA,AWP,WE,Towers with Radar,129,59,30,0,218,0,5,69,2,76,129,64,99,2,294,122,0,122,416
12/01/2016,BUR,CA,AWP,WE,Towers with Radar,125,72,47,0,244,0,3,73,1,77,125,75,120,1,321,114,0,114,435
12/02/2016,BUR,CA,AWP,WE,Towers with Radar,125,68,34,0,227,0,1,21,3,25,125,69,55,3,252,86,0,86,338
12/03/2016,BUR,CA,AWP,WE,Towers with Radar,85,28,19,1,133,0,7,69,1,77,85,35,88,2,210,36,0,36,246
12/04/2016,BUR,CA,AWP,WE,Towers with Radar,107,53,35,0,195,0,2,89,2,93,107,55,124,2,288,86,0,86,374
12/05/2016,BUR,CA,AWP,WE,Towers with Radar,123,59,33,0,215,0,6,54,2,62,123,65,87,2,277,122,0,122,399
12/06/2016,BUR,CA,AWP,WE,Towers with Radar,124,69,41,0,234,0,5,53,6,64,124,74,94,6,298,56,0,56,354
12/07/2016,BUR,CA,AWP,WE,Towers with Radar,133,56,37,0,226,0,3,63,4,70,133,59,100,4,296,42,0,42,338
12/08/2016,BUR,CA,AWP,WE,Towers with Radar,124,70,50,0,244,0,0,84,4,88,124,70,134,4,332,144,0,144,476
12/09/2016,BUR,CA,AWP,WE,Towers with Radar,122,68,45,0,235,0,9,90,0,99,122,77,135,0,334,94,0,94,428
12/10/2016,BUR,CA,AWP,WE,Towers with Radar,92,27,25,0,144,0,0,29,1,30,92,27,54,1,174,28,0,28,202
12/11/2016,BUR,CA,AWP,WE,Towers with Radar,107,57,38,0,202,0,0,34,0,34,107,57,72,0,236,78,0,78,314
12/12/2016,BUR,CA,AWP,WE,Towers with Radar,128,59,44,1,232,0,2,36,2,40,128,61,80,3,272,90,0,90,362
12/13/2016,BUR,CA,AWP,WE,Towers with Radar,127,69,37,0,233,0,1,36,4,41,127,70,73,4,274,16,0,16,290
12/14/2016,BUR,CA,AWP,WE,Towers with Radar,132,71,31,0,234,0,5,50,2,57,132,76,81,2,291,106,0,106,397
12/15/2016,BUR,CA,AWP,WE,Towers with Radar,124,68,43,0,235,0,1,26,0,27,124,69,69,0,262,38,0,38,300
12/16/2016,BUR,CA,AWP,WE,Towers with Radar,120,79,45,0,244,0,1,34,3,38,120,80,79,3,282,4,0,4,286
12/17/2016,BUR,CA,AWP,WE,Towers with Radar,87,35,32,0,154,0,4,86,1,91,87,39,118,1,245,36,0,36,281
12/18/2016,BUR,CA,AWP,WE,Towers with Radar,106,50,39,0,195,0,1,58,3,62,106,51,97,3,257,24,0,24,281
12/19/2016,BUR,CA,AWP,WE,Towers with Radar,119,79,29,0,227,0,2,32,0,34,119,81,61,0,261,36,0,36,297
12/20/2016,BUR,CA,AWP,WE,Towers with Radar,127,74,35,0,236,0,5,59,0,64,127,79,94,0,300,26,0,26,326
12/21/2016,BUR,CA,AWP,WE,Towers with Radar,134,80,33,0,247,0,3,50,2,55,134,83,83,2,302,96,0,96,398
12/22/2016,BUR,CA,AWP,WE,Towers with Radar,137,88,33,0,258,0,2,38,0,40,137,90,71,0,298,36,0,36,334
12/23/2016,BUR,CA,AWP,WE,Towers with Radar,128,78,30,0,236,0,0,21,2,23,128,78,51,2,259,2,0,2,261
12/24/2016,BUR,CA,AWP,WE,Towers with Radar,78,49,20,0,147,0,4,36,2,42,78,53,56,2,189,6,0,6,195
12/25/2016,BUR,CA,AWP,WE,Towers with Radar,81,28,4,0,113,0,1,25,2,28,81,29,29,2,141,0,0,0,141
12/26/2016,BUR,CA,AWP,WE,Towers with Radar,129,61,38,0,228,0,0,52,1,53,129,61,90,1,281,36,0,36,317
12/27/2016,BUR,CA,AWP,WE,Towers with Radar,132,71,31,0,234,0,2,45,1,48,132,73,76,1,282,18,0,18,300
12/28/2016,BUR,CA,AWP,WE,Towers with Radar,138,67,31,0,236,0,4,92,4,100,138,71,123,4,336,56,0,56,392
12/29/2016,BUR,CA,AWP,WE,Towers with Radar,135,68,25,1,229,0,3,72,0,75,135,71,97,1,304,100,0,100,404
12/30/2016,BUR,CA,AWP,WE,Towers with Radar,141,69,27,1,238,0,1,41,4,46,141,70,68,5,284,26,0,26,310
12/31/2016,BUR,CA,AWP,WE,Towers with Radar,76,37,14,0,127,0,0,9,0,9,76,37,23,0,136,0,0,0,136
01/01/2017,BUR,CA,AWP,WE,Towers with Radar,95,60,43,0,198,0,2,44,0,46,95,62,87,0,244,10,0,10,254
01/02/2017,BUR,CA,AWP,WE,Towers with Radar,126,81,77,3,287,0,0,36,1,37,126,81,113,4,324,4,0,4,328
01/03/2017,BUR,CA,AWP,WE,Towers with Radar,129,68,35,1,233,0,2,62,3,67,129,70,97,4,300,14,0,14,314
01/04/2017,BUR,CA,AWP,WE,Towers with Radar,125,60,36,2,223,0,4,29,2,35,125,64,65,4,258,42,0,42,300
01/05/2017,BUR,CA,AWP,WE,Towers with Radar,127,82,37,0,246,0,0,26,2,28,127,82,63,2,274,12,0,12,286
01/06/2017,BUR,CA,AWP,WE,Towers with Radar,122,70,44,0,236,0,2,68,1,71,122,72,112,1,307,48,0,48,355
01/07/2017,BUR,CA,AWP,WE,Towers with Radar,80,29,21,0,130,0,1,76,3,80,80,30,97,3,210,48,0,48,258
01/08/2017,BUR,CA,AWP,WE,Towers with Radar,97,51,20,0,168,0,8,72,0,80,97,59,92,0,248,46,0,46,294
01/09/2017,BUR,CA,AWP,WE,Towers with Radar,130,52,35,0,217,0,1,21,0,22,130,53,56,0,239,94,0,94,333
01/10/2017,BUR,CA,AWP,WE,Towers with Radar,131,45,37,2,215,0,3,23,1,27,131,48,60,3,242,0,0,0,242
01/11/2017,BUR,CA,AWP,WE,Towers with Radar,134,54,42,0,230,0,2,28,3,33,134,56,70,3,263,14,0,14,277
01/12/2017,BUR,CA,AWP,WE,Towers with Radar,135,70,48,0,253,0,0,18,1,19,135,70,66,1,272,39,0,39,311
01/13/2017,BUR,CA,AWP,WE,Towers with Radar,135,64,49,0,248,0,0,56,0,56,135,64,105,0,304,92,0,92,396
01/14/2017,BUR,CA,AWP,WE,Towers with Radar,80,19,16,0,115,0,4,55,2,61,80,23,71,2,176,26,0,26,202
01/15/2017,BUR,CA,AWP,WE,Towers with Radar,104,36,31,0,171,0,2,51,2,55,104,38,82,2,226,170,0,170,396
01/16/2017,BUR,CA,AWP,WE,Towers with Radar,135,52,34,0,221,0,3,73,1,77,135,55,107,1,298,154,0,154,452
01/17/2017,BUR,CA,AWP,WE,Towers with Radar,135,60,51,0,246,0,2,77,2,81,135,62,128,2,327,134,0,134,461
01/18/2017,BUR,CA,AWP,WE,Towers with Radar,140,50,48,0,238,0,1,42,3,46,140,51,90,3,284,88,0,88,372
01/19/2017,BUR,CA,AWP,WE,Towers with Radar,138,63,37,0,238,0,1,25,1,27,138,64,62,1,265,40,0,40,305
01/20/2017,BUR,CA,AWP,WE,Towers with Radar,131,61,25,0,217,0,0,18,1,19,131,61,43,1,236,52,0,52,288
01/21/2017,BUR,CA,AWP,WE,Towers with Radar,83,30,31,0,144,0,3,54,1,58,83,33,85,1,202,32,0,32,234
01/22/2017,BUR,CA,AWP,WE,Towers with Radar,94,47,33,0,174,0,0,7,0,7,94,47,40,0,181,0,0,0,181
01/23/2017,BUR,CA,AWP,WE,Towers with Radar,133,48,21,0,202,0,1,22,0,23,133,49,43,0,225,20,0,20,245
01/24/2017,BUR,CA,AWP,WE,Towers with Radar,142,47,32,0,221,0,0,86,11,97,142,47,118,11,318,198,0,198,516
01/25/2017,BUR,CA,AWP,WE,Towers with Radar,142,54,39,4,239,0,3,95,7,105,142,57,134,11,344,138,0,138,482
01/26/2017,BUR,CA,AWP,WE,Towers with Radar,138,73,46,0,257,0,2,82,2,86,138,75,128,2,343,226,0,226,569
01/27/2017,BUR,CA,AWP,WE,Towers with Radar,133,63,42,0,238,0,3,55,1,59,133,66,97,1,297,102,0,102,399
01/28/2017,BUR,CA,AWP,WE,Towers with Radar,85,20,20,0,125,0,1,81,2,84,85,21,101,2,209,104,0,104,313
01/29/2017,BUR,CA,AWP,WE,Towers with Radar,104,45,50,0,199,0,2,81,1,84,104,47,131,1,283,60,0,60,343
01/30/2017,BUR,CA,AWP,WE,Towers with Radar,131,54,46,0,231,0,1,86,3,90,131,55,132,3,321,150,0,150,471
01/31/2017,BUR,CA,AWP,WE,Towers with Radar,142,54,41,0,237,0,4,92,1,97,142,58,133,1,334,138,0,138,472
02/01/2017,BUR,CA,AWP,WE,Towers with Radar,141,75,39,0,255,0,4,77,1,82,141,79,116,1,337,152,0,152,489
02/02/2017,BUR,CA,AWP,WE,Towers with Radar,137,72,49,0,258,0,2,64,3,69,137,74,113,3,327,18,0,18,345
02/03/2017,BUR,CA,AWP,WE,Towers with Radar,137,71,54,3,265,0,2,33,2,37,137,73,87,5,302,24,0,24,326
02/04/2017,BUR,CA,AWP,WE,Towers with Radar,83,25,29,1,138,0,0,63,0,63,83,25,92,1,201,32,0,32,233
02/05/2017,BUR,CA,AWP,WE,Towers with Radar,94,47,40,1,182,0,0,10,0,10,94,47,50,1,192,0,0,0,192
02/06/2017,BUR,CA,AWP,WE,Towers with Radar,130,56,44,0,230,0,1,15,0,16,130,57,59,0,246,6,0,6,252
02/07/2017,BUR,CA,AWP,WE,Towers with Radar,137,50,60,0,247,0,0,23,0,23,137,50,83,0,270,54,0,54,324
02/08/2017,BUR,CA,AWP,WE,Towers with Radar,139,51,45,0,235,0,2,68,1,71,139,53,113,1,306,130,0,130,436
02/09/2017,BUR,CA,AWP,WE,Towers with Radar,133,83,64,3,283,0,1,73,4,78,133,84,137,7,361,98,0,98,459
02/10/2017,BUR,CA,AWP,WE,Towers with Radar,134,64,53,0,251,0,1,17,3,21,134,65,70,3,272,32,0,32,304
02/11/2017,BUR,CA,AWP,WE,Towers with Radar,88,28,38,0,154,0,0,72,2,74,88,28,110,2,228,42,0,42,270
02/12/2017,BUR,CA,AWP,WE,Towers with Radar,102,51,42,0,195,0,4,67,1,72,102,55,109,1,267,20,0,20,287
02/13/2017,BUR,CA,AWP,WE,Towers with Radar,136,61,24,0,221,0,4,78,2,84,136,65,102,2,305,96,0,96,401
02/14/2017,BUR,CA,AWP,WE,Towers with Radar,123,68,24,1,216,0,3,123,3,129,123,71,147,4,345,71,0,71,416
02/15/2017,BUR,CA,AWP,WE,Towers with Radar,142,58,43,2,245,0,2,93,0,95,142,60,136,2,340,166,0,166,506
02/16/2017,BUR,CA,AWP,WE,Towers with Radar,142,69,51,1,263,0,1,72,2,75,142,70,123,3,338,50,0,50,388
02/17/2017,BUR,CA,AWP,WE,Towers with Radar,45,60,38,0,143,0,0,5,1,6,45,60,43,1,149,0,0,0,149
02/18/2017,BUR,CA,AWP,WE,Towers with Radar,79,29,36,0,144,0,1,46,1,48,79,30,82,1,192,18,0,18,210
02/19/2017,BUR,CA,AWP,WE,Towers with Radar,103,30,31,1,165,0,0,55,1,56,103,30,86,2,221,177,0,177,398
02/20/2017,BUR,CA,AWP,WE,Towers with Radar,137,57,55,2,251,0,0,23,0,23,137,57,78,2,274,62,0,62,336
02/21/2017,BUR,CA,AWP,WE,Towers with Radar,143,61,43,1,248,0,0,48,2,50,143,61,91,3,298,48,0,48,346
02/22/2017,BUR,CA,AWP,WE,Towers with Radar,140,56,45,0,241,0,4,62,1,67,140,60,107,1,308,156,0,156,464
02/23/2017,BUR,CA,AWP,WE,Towers with Radar,146,55,35,0,236,0,1,41,0,42,146,56,76,0,278,8,0,8,286
02/24/2017,BUR,CA,AWP,WE,Towers with Radar,142,52,50,0,244,0,0,70,0,70,142,52,120,0,314,0,0,0,314
02/25/2017,BUR,CA,AWP,WE,Towers with Radar,83,21,29,0,133,0,1,87,4,92,83,22,116,4,225,188,0,188,413
02/26/2017,BUR,CA,AWP,WE,Towers with Radar,109,37,44,0,190,0,1,53,1,55,109,38,97,1,245,112,0,112,357
02/27/2017,BUR,CA,AWP,WE,Towers with Radar,135,63,42,0,240,0,2,43,2,47,135,65,85,2,287,132,0,132,419
02/28/2017,BUR,CA,AWP,WE,Towers with Radar,145,57,39,1,242,0,0,81,3,84,145,57,120,4,326,78,0,78,404
03/01/2017,BUR,CA,AWP,WE,Towers with Radar,139,50,49,0,238,0,4,43,2,49,139,54,92,2,287,34,0,34,321
03/02/2017,BUR,CA,AWP,WE,Towers with Radar,143,53,39,0,235,0,1,63,2,66,143,54,102,2,301,46,0,46,347
03/03/2017,BUR,CA,AWP,WE,Towers with Radar,144,69,37,0,250,0,0,46,0,46,144,69,83,0,296,94,0,94,390
03/04/2017,BUR,CA,AWP,WE,Towers with Radar,86,25,39,0,150,0,0,60,4,64,86,25,99,4,214,0,0,0,214
03/05/2017,BUR,CA,AWP,WE,Towers with Radar,116,35,41,0,192,0,6,39,0,45,116,41,80,0,237,38,0,38,275
03/06/2017,BUR,CA,AWP,WE,Towers with Radar,135,42,31,0,208,0,3,47,1,51,135,45,78,1,259,34,0,34,293
03/07/2017,BUR,CA,AWP,WE,Towers with Radar,150,43,39,1,233,0,3,62,3,68,150,46,101,4,301,90,0,90,391
03/08/2017,BUR,CA,AWP,WE,Towers with Radar,142,56,35,1,234,0,2,51,1,54,142,58,86,2,288,2,0,2,290
03/09/2017,BUR,CA,AWP,WE,Towers with Radar,141,63,40,2,246,0,3,56,0,59,141,66,96,2,305,50,0,50,355
03/10/2017,BUR,CA,AWP,WE,Towers with Radar,139,53,40,0,232,0,2,57,2,61,139,55,97,2,293,46,0,46,339
03/11/2017,BUR,CA,AWP,WE,Towers with Radar,107,14,28,0,149,0,4,95,3,102,107,18,123,3,251,80,0,80,331
03/12/2017,BUR,CA,AWP,WE,Towers with Radar,128,54,63,2,247,0,1,65,3,69,128,55,128,5,316,50,0,50,366
03/13/2017,BUR,CA,AWP,WE,Towers with Radar,139,55,30,2,226,0,2,52,0,54,139,57,82,2,280,230,0,230,510
03/14/2017,BUR,CA,AWP,WE,Towers with Radar,141,79,38,0,258,0,1,64,4,69,141,80,102,4,327,198,0,198,525
03/15/2017,BUR,CA,AWP,WE,Towers with Radar,147,80,51,0,278,0,3,74,0,77,147,83,125,0,355,108,0,108,463
03/16/2017,BUR,CA,AWP,WE,Towers with Radar,147,67,46,0,260,0,3,68,5,76,147,70,114,5,336,88,0,88,424
03/17/2017,BUR,CA,AWP,WE,Towers with Radar,145,77,51,0,273,0,3,88,1,92,145,80,139,1,365,120,0,120,485
03/18/2017,BUR,CA,AWP,WE,Towers with Radar,106,32,47,0,185,0,1,101,0,102,106,33,148,0,287,180,0,180,467
03/19/2017,BUR,CA,AWP,WE,Towers with Radar,131,52,70,0,253,0,3,98,2,103,131,55,168,2,356,60,0,60,416
03/20/2017,BUR,CA,AWP,WE,Towers with Radar,144,56,42,2,244,0,2,49,4,55,144,58,91,6,299,112,0,112,411
03/21/2017,BUR,CA,AWP,WE,Towers with Radar,146,71,49,4,270,0,0,37,0,37,146,71,86,4,307,126,0,126,433
03/22/2017,BUR,CA,AWP,WE,Towers with Radar,143,64,35,2,244,0,1,36,3,40,143,65,71,5,284,142,0,142,426
03/23/2017,BUR,CA,AWP,WE,Towers with Radar,147,66,38,0,251,1,2,89,4,96,148,68,127,4,347,16,0,16,363
03/24/2017,BUR,CA,AWP,WE,Towers with Radar,141,61,47,1,250,0,3,90,2,95,141,64,137,3,345,58,0,58,403
03/25/2017,BUR,CA,AWP,WE,Towers with Radar,110,17,39,2,168,0,1,55,3,59,110,18,94,5,227,12,0,12,239
03/26/2017,BUR,CA,AWP,WE,Towers with Radar,134,46,40,2,222,0,1,61,1,63,134,47,101,3,285,24,0,24,309
03/27/2017,BUR,CA,AWP,WE,Towers with Radar,143,50,26,5,224,0,1,46,2,49,143,51,72,7,273,15,0,15,288
03/28/2017,BUR,CA,AWP,WE,Towers with Radar,143,65,42,0,250,0,2,48,6,56,143,67,90,6,306,12,0,12,318
03/29/2017,BUR,CA,AWP,WE,Towers with Radar,150,62,43,0,255,0,5,76,1,82,150,67,119,1,337,96,0,96,433
03/30/2017,BUR,CA,AWP,WE,Towers with Radar,143,61,36,0,240,0,3,42,4,49,143,64,78,4,289,0,0,0,289
03/31/2017,BUR,CA,AWP,WE,Towers with Radar,145,62,45,0,252,0,3,61,1,65,145,65,106,1,317,0,0,0,317
04/01/2017,BUR,CA,AWP,WE,Towers with Radar,103,26,31,0,160,0,3,88,2,93,103,29,119,2,253,96,0,96,349
04/02/2017,BUR,CA,AWP,WE,Towers with Radar,133,51,42,0,226,0,1,64,2,67,133,52,106,2,293,106,0,106,399
04/03/2017,BUR,CA,AWP,WE,Towers with Radar,148,57,34,0,239,0,3,41,2,46,148,60,75,2,285,122,0,122,407
04/04/2017,BUR,CA,AWP,WE,Towers with Radar,148,48,41,0,237,0,3,71,2,76,148,51,112,2,313,136,0,136,449
04/05/2017,BUR,CA,AWP,WE,Towers with Radar,155,60,54,0,269,2,5,91,0,98,157,65,145,0,367,156,0,156,523
04/06/2017,BUR,CA,AWP,WE,Towers with Radar,154,51,39,2,246,0,3,70,0,73,154,54,109,2,319,14,0,14,333
04/07/2017,BUR,CA,AWP,WE,Towers with Radar,150,52,42,1,245,0,2,85,0,87,150,54,127,1,332,86,0,86,418
04/08/2017,BUR,CA,AWP,WE,Towers with Radar,110,31,37,4,182,0,0,69,0,69,110,31,106,4,251,84,0,84,335
04/09/2017,BUR,CA,AWP,WE,Towers with Radar,135,35,46,1,217,0,0,85,1,86,135,35,131,2,303,24,0,24,327
04/10/2017,BUR,CA,AWP,WE,Towers with Radar,150,42,36,1,229,0,3,75,0,78,150,45,111,1,307,48,0,48,355
04/11/2017,BUR,CA,AWP,WE,Towers with Radar,155,48,32,2,237,0,2,68,4,74,155,50,100,6,311,58,0,58,369
04/12/2017,BUR,CA,AWP,WE,Towers with Radar,155,62,37,2,256,0,1,65,3,69,155,63,102,5,325,84,0,84,409
04/13/2017,BUR,CA,AWP,WE,Towers with Radar,150,48,46,2,246,0,1,72,9,82,150,49,118,11,328,96,0,96,424
04/14/2017,BUR,CA,AWP,WE,Towers with Radar,149,53,41,1,244,0,5,71,3,79,149,58,112,4,323,88,0,88,411
04/15/2017,BUR,CA,AWP,WE,Towers with Radar,111,19,24,1,155,0,0,85,0,85,111,19,109,1,240,76,0,76,316
04/16/2017,BUR,CA,AWP,WE,Towers with Radar,133,43,40,2,218,0,2,61,2,65,133,45,101,4,283,1,0,1,284
04/17/2017,BUR,CA,AWP,WE,Towers with Radar,144,55,55,2,256,0,3,88,4,95,144,58,143,6,351,44,0,44,395
04/18/2017,BUR,CA,AWP,WE,Towers with Radar,149,59,64,2,274,0,2,65,3,70,149,61,129,5,344,68,0,68,412
04/19/2017,BUR,CA,AWP,WE,Towers with Radar,154,59,42,0,255,0,5,76,4,85,154,64,118,4,340,16,0,16,356
04/20/2017,BUR,CA,AWP,WE,Towers with Radar,150,51,56,3,260,0,5,58,6,69,150,56,114,9,329,2,0,2,331
04/21/2017,BUR,CA,AWP,WE,Towers with Radar,147,67,53,0,267,0,4,77,3,84,147,71,130,3,351,60,0,60,411
04/22/2017,BUR,CA,AWP,WE,Towers with Radar,108,14,39,1,162,0,1,70,1,72,108,15,109,2,234,58,0,58,292
04/23/2017,BUR,CA,AWP,WE,Towers with Radar,129,46,30,0,205,0,4,81,4,89,129,50,111,4,294,38,0,38,332
04/24/2017,BUR,CA,AWP,WE,Towers with Radar,146,54,43,1,244,0,1,79,1,81,146,55,122,2,325,55,0,55,380
04/25/2017,BUR,CA,AWP,WE,Towers with Radar,145,47,37,0,229,0,1,47,3,51,145,48,84,3,280,32,0,32,312
04/26/2017,BUR,CA,AWP,WE,Towers with Radar,152,57,37,1,247,0,7,49,3,59,152,64,86,4,306,32,0,32,338
04/27/2017,BUR,CA,AWP,WE,Towers with Radar,152,44,46,0,242,0,4,42,0,46,152,48,88,0,288,0,0,0,288
04/28/2017,BUR,CA,AWP,WE,Towers with Radar,149,46,51,0,246,0,4,32,2,38,149,50,83,2,284,2,0,2,286
04/29/2017,BUR,CA,AWP,WE,Towers with Radar,111,18,18,0,147,0,4,68,2,74,111,22,86,2,221,74,0,74,295
04/30/2017,BUR,CA,AWP,WE,Towers with Radar,132,43,48,0,223,0,2,77,0,79,132,45,125,0,302,128,0,128,430
05/01/2017,BUR,CA,AWP,WE,Towers with Radar,153,54,30,1,238,0,3,59,4,66,153,57,89,5,304,56,0,56,360
05/02/2017,BUR,CA,AWP,WE,Towers with Radar,156,53,44,2,255,0,4,113,2,119,156,57,157,4,374,38,0,38,412
05/03/2017,BUR,CA,AWP,WE,Towers with Radar,155,52,47,0,254,0,3,61,6,70,155,55,108,6,324,54,0,54,378
05/04/2017,BUR,CA,AWP,WE,Towers with Radar,156,62,49,3,270,0,2,79,5,86,156,64,128,8,356,40,0,40,396
05/05/2017,BUR,CA,AWP,WE,Towers with Radar,150,48,34,3,235,0,3,66,1,70,150,51,100,4,305,30,0,30,335
05/06/2017,BUR,CA,AWP,WE,Towers with Radar,106,17,31,4,158,0,0,44,2,46,106,17,75,6,204,14,0,14,218
05/07/2017,BUR,CA,AWP,WE,Towers with Radar,129,48,50,2,229,0,1,26,2,29,129,49,76,4,258,0,0,0,258
05/08/2017,BUR,CA,AWP,WE,Towers with Radar,150,38,43,6,237,0,1,74,4,79,150,39,117,10,316,56,0,56,372
05/09/2017,BUR,CA,AWP,WE,Towers with Radar,153,50,37,2,242,0,1,39,3,43,153,51,76,5,285,32,0,32,317
05/10/2017,BUR,CA,AWP,WE,Towers with Radar,151,54,40,0,245,0,1,46,2,49,151,55,86,2,294,78,0,78,372
05/11/2017,BUR,CA,AWP,WE,Towers with Radar,151,56,54,3,264,0,1,81,3,85,151,57,135,6,349,52,0,52,401
05/12/2017,BUR,CA,AWP,WE,Towers with Radar,152,50,42,0,244,0,1,86,6,93,152,51,128,6,337,22,0,22,359
05/13/2017,BUR,CA,AWP,WE,Towers with Radar,108,25,25,0,158,0,1,92,0,93,108,26,117,0,251,34,0,34,285
05/14/2017,BUR,CA,AWP,WE,Towers with Radar,128,50,37,0,215,0,1,43,2,46,128,51,80,2,261,30,0,30,291
05/15/2017,BUR,CA,AWP,WE,Towers with Radar,150,48,42,2,242,0,2,49,4,55,150,50,91,6,297,77,0,77,374
05/16/2017,BUR,CA,AWP,WE,Towers with Radar,152,57,32,0,241,0,2,102,1,105,152,59,134,1,346,232,0,232,578
05/17/2017,BUR,CA,AWP,WE,Towers with Radar,150,56,37,0,243,0,2,70,0,72,150,58,107,0,315,30,0,30,345
05/18/2017,BUR,CA,AWP,WE,Towers with Radar,156,59,42,0,257,0,1,72,0,73,156,60,114,0,330,58,0,58,388
05/19/2017,BUR,CA,AWP,WE,Towers with Radar,152,64,33,0,249,0,5,103,3,111,152,69,136,3,360,348,0,348,708
05/20/2017,BUR,CA,AWP,WE,Towers with Radar,109,18,48,0,175,0,5,88,0,93,109,23,136,0,268,184,0,184,452
05/21/2017,BUR,CA,AWP,WE,Towers with Radar,132,51,53,0,236,0,2,75,0,77,132,53,128,0,313,162,0,162,475
05/22/2017,BUR,CA,AWP,WE,Towers with Radar,148,62,34,0,244,0,2,68,3,73,148,64,102,3,317,100,0,100,417
05/23/2017,BUR,CA,AWP,WE,Towers with Radar,151,68,40,2,261,0,3,59,2,64,151,71,99,4,325,38,0,38,363
05/24/2017,BUR,CA,AWP,WE,Towers with Radar,154,55,42,0,251,0,3,59,1,63,154,58,101,1,314,94,0,94,408
05/25/2017,BUR,CA,AWP,WE,Towers with Radar,148,60,54,0,262,0,2,54,5,61,148,62,108,5,323,52,0,52,375
05/26/2017,BUR,CA,AWP,WE,Towers with Radar,149,60,50,9,268,0,4,61,3,68,149,64,111,12,336,14,0,14,350
05/27/2017,BUR,CA,AWP,WE,Towers with Radar,105,17,28,2,152,0,3,91,8,102,105,20,119,10,254,24,0,24,278
05/28/2017,BUR,CA,AWP,WE,Towers with Radar,106,15,22,0,143,0,0,68,5,73,106,15,90,5,216,0,0,0,216
05/29/2017,BUR,CA,AWP,WE,Towers with Radar,128,49,33,0,210,0,0,67,2,69,128,49,100,2,279,40,0,40,319
05/30/2017,BUR,CA,AWP,WE,Towers with Radar,149,49,30,0,228,0,1,57,1,59,149,50,87,1,287,84,0,84,371
05/31/2017,BUR,CA,AWP,WE,Towers with Radar,154,53,37,1,245,0,3,39,1,43,154,56,76,2,288,4,0,4,292
06/01/2017,BUR,CA,AWP,WE,Towers with Radar,149,57,38,2,246,0,3,54,2,59,149,60,92,4,305,42,0,42,347
06/02/2017,BUR,CA,AWP,WE,Towers with Radar,151,64,29,4,248,0,3,69,1,73,151,67,98,5,321,60,0,60,381
06/03/2017,BUR,CA,AWP,WE,Towers with Radar,107,20,32,2,161,0,1,44,1,46,107,21,76,3,207,102,0,102,309
06/04/2017,BUR,CA,AWP,WE,Towers with Radar,137,38,33,2,210,0,0,41,0,41,137,38,74,2,251,0,0,0,251
06/05/2017,BUR,CA,AWP,WE,Towers with Radar,153,52,39,1,245,0,2,47,1,50,153,54,86,2,295,32,0,32,327
06/06/2017,BUR,CA,AWP,WE,Towers with Radar,151,49,35,0,235,0,2,55,5,62,151,51,90,5,297,32,0,32,329
06/07/2017,BUR,CA,AWP,WE,Towers with Radar,154,64,47,0,265,0,1,51,4,56,154,65,98,4,321,56,0,56,377
06/08/2017,BUR,CA,AWP,WE,Towers with Radar,155,68,41,0,264,0,1,49,3,53,155,69,90,3,317,62,0,62,379
06/09/2017,BUR,CA,AWP,WE,Towers with Radar,154,60,38,3,255,0,5,89,2,96,154,65,127,5,351,114,0,114,465
06/10/2017,BUR,CA,AWP,WE,Towers with Radar,107,27,34,1,169,0,0,67,1,68,107,27,101,2,237,12,0,12,249
06/11/2017,BUR,CA,AWP,WE,Towers with Radar,144,35,40,3,222,0,2,67,4,73,144,37,107,7,295,28,0,28,323
06/12/2017,BUR,CA,AWP,WE,Towers with Radar,157,51,47,1,256,0,2,75,1,78,157,53,122,2,334,76,0,76,410
06/13/2017,BUR,CA,AWP,WE,Towers with Radar,158,53,34,0,245,0,4,69,5,78,158,57,103,5,323,64,0,64,387
06/14/2017,BUR,CA,AWP,WE,Towers with Radar,158,55,41,0,254,0,7,82,2,91,158,62,123,2,345,110,0,110,455
06/15/2017,BUR,CA,AWP,WE,Towers with Radar,158,49,38,2,247,0,2,79,1,82,158,51,117,3,329,52,0,52,381
06/16/2017,BUR,CA,AWP,WE,Towers with Radar,157,59,38,0,254,0,1,97,1,99,157,60,135,1,353,42,0,42,395
06/17/2017,BUR,CA,AWP,WE,Towers with Radar,108,22,25,0,155,0,1,80,1,82,108,23,105,1,237,32,0,32,269
06/18/2017,BUR,CA,AWP,WE,Towers with Radar,146,45,27,0,218,0,0,78,0,78,146,45,105,0,296,24,0,24,320
06/19/2017,BUR,CA,AWP,WE,Towers with Radar,159,64,36,0,259,0,0,53,4,57,159,64,89,4,316,28,0,28,344
06/20/2017,BUR,CA,AWP,WE,Towers with Radar,158,49,46,1,254,0,3,69,4,76,158,52,115,5,330,118,0,118,448
06/21/2017,BUR,CA,AWP,WE,Towers with Radar,153,59,43,0,255,0,3,71,3,77,153,62,114,3,332,50,0,50,382
06/22/2017,BUR,CA,AWP,WE,Towers with Radar,159,49,48,0,256,0,2,59,5,66,159,51,107,5,322,146,0,146,468
06/23/2017,BUR,CA,AWP,WE,Towers with Radar,153,58,41,0,252,0,4,82,3,89,153,62,123,3,341,52,0,52,393
06/24/2017,BUR,CA,AWP,WE,Towers with Radar,111,25,31,0,167,0,1,88,3,92,111,26,119,3,259,94,0,94,353
06/25/2017,BUR,CA,AWP,WE,Towers with Radar,148,42,36,0,226,0,2,56,0,58,148,44,92,0,284,20,0,20,304
06/26/2017,BUR,CA,AWP,WE,Towers with Radar,157,46,28,0,231,0,3,68,6,77,157,49,96,6,308,92,0,92,400
06/27/2017,BUR,CA,AWP,WE,Towers with Radar,154,53,36,0,243,0,6,61,5,72,154,59,97,5,315,96,0,96,411
06/28/2017,BUR,CA,AWP,WE,Towers with Radar,156,44,35,0,235,0,3,80,1,84,156,47,115,1,319,60,0,60,379
06/29/2017,BUR,CA,AWP,WE,Towers with Radar,153,59,34,2,248,0,2,49,6,57,153,61,83,8,305,50,0,50,355
06/30/2017,BUR,CA,AWP,WE,Towers with Radar,159,58,39,0,256,0,1,69,3,73,159,59,108,3,329,8,0,8,337
07/01/2017,BUR,CA,AWP,WE,Towers with Radar,107,24,31,0,162,0,2,72,4,78,107,26,103,4,240,28,0,28,268
07/02/2017,BUR,CA,AWP,WE,Towers with Radar,132,27,39,1,199,0,2,74,3,79,132,29,113,4,278,108,0,108,386
07/03/2017,BUR,CA,AWP,WE,Towers with Radar,105,44,26,0,175,0,3,41,2,46,105,47,67,2,221,38,0,38,259
07/04/2017,BUR,CA,AWP,WE,Towers with Radar,101,17,17,1,136,0,1,63,1,65,101,18,80,2,201,18,0,18,219
07/05/2017,BUR,CA,AWP,WE,Towers with Radar,155,44,40,0,239,0,7,58,3,68,155,51,98,3,307,28,0,28,335
07/06/2017,BUR,CA,AWP,WE,Towers with Radar,155,53,30,1,239,0,2,68,5,75,155,55,98,6,314,32,0,32,346
07/07/2017,BUR,CA,AWP,WE,Towers with Radar,157,47,30,0,234,0,4,70,4,78,157,51,100,4,312,34,0,34,346
07/08/2017,BUR,CA,AWP,WE,Towers with Radar,108,28,32,0,168,0,0,64,1,65,108,28,96,1,233,30,0,30,263
07/09/2017,BUR,CA,AWP,WE,Towers with Radar,140,49,28,0,217,0,2,54,3,59,140,51,82,3,276,48,0,48,324
07/10/2017,BUR,CA,AWP,WE,Towers with Radar,153,48,40,1,242,0,4,71,5,80,153,52,111,6,322,0,0,0,322
07/11/2017,BUR,CA,AWP,WE,Towers with Radar,159,49,31,0,239,0,3,45,4,52,159,52,76,4,291,78,0,78,369
07/12/2017,BUR,CA,AWP,WE,Towers with Radar,161,56,55,0,272,0,3,57,0,60,161,59,112,0,332,32,0,32,364
07/13/2017,BUR,CA,AWP,WE,Towers with Radar,157,57,48,0,262,0,4,76,4,84,157,61,124,4,346,58,0,58,404
07/14/2017,BUR,CA,AWP,WE,Towers with Radar,159,61,37,0,257,0,2,63,1,66,159,63,100,1,323,8,0,8,331
07/15/2017,BUR,CA,AWP,WE,Towers with Radar,109,19,27,0,155,0,5,82,4,91,109,24,109,4,246,46,0,46,292
07/16/2017,BUR,CA,AWP,WE,Towers with Radar,139,48,42,0,229,0,1,60,3,64,139,49,102,3,293,14,0,14,307
07/17/2017,BUR,CA,AWP,WE,Towers with Radar,155,54,38,0,247,0,2,37,3,42,155,56,75,3,289,0,0,0,289
07/18/2017,BUR,CA,AWP,WE,Towers with Radar,165,46,24,1,236,0,1,51,5,57,165,47,75,6,293,20,0,20,313
07/19/2017,BUR,CA,AWP,WE,Towers with Radar,153,57,33,0,243,0,1,64,4,69,153,58,97,4,312,62,0,62,374
07/20/2017,BUR,CA,AWP,WE,Towers with Radar,160,58,35,0,253,0,1,58,4,63,160,59,93,4,316,24,0,24,340
07/21/2017,BUR,CA,AWP,WE,Towers with Radar,158,53,34,0,245,0,2,75,4,81,158,55,109,4,326,88,0,88,414
07/22/2017,BUR,CA,AWP,WE,Towers with Radar,106,19,44,0,169,0,0,86,4,90,106,19,130,4,259,82,0,82,341
07/23/2017,BUR,CA,AWP,WE,Towers with Radar,138,41,32,0,211,0,1,69,2,72,138,42,101,2,283,74,0,74,357
07/24/2017,BUR,CA,AWP,WE,Towers with Radar,150,54,30,0,234,0,6,58,6,70,150,60,88,6,304,46,0,46,350
07/25/2017,BUR,CA,AWP,WE,Towers with Radar,158,53,25,1,237,0,2,65,3,70,158,55,90,4,307,149,0,149,456
07/26/2017,BUR,CA,AWP,WE,Towers with Radar,160,52,19,1,232,0,3,94,10,107,160,55,113,11,339,90,0,90,429
07/27/2017,BUR,CA,AWP,WE,Towers with Radar,156,58,33,0,247,0,4,85,3,92,156,62,118,3,339,92,0,92,431
07/28/2017,BUR,CA,AWP,WE,Towers with Radar,159,52,25,0,236,0,2,55,3,60,159,54,80,3,296,36,0,36,332
07/29/2017,BUR,CA,AWP,WE,Towers with Radar,110,18,34,0,162,0,2,58,0,60,110,20,92,0,222,88,0,88,310
07/30/2017,BUR,CA,AWP,WE,Towers with Radar,136,57,30,3,226,0,1,60,2,63,136,58,90,5,289,24,0,24,313
07/31/2017,BUR,CA,AWP,WE,Towers with Radar,155,42,27,0,224,0,0,91,2,93,155,42,118,2,317,58,0,58,375
08/01/2017,BUR,CA,AWP,WE,Towers with Radar,162,42,18,0,222,0,1,50,5,56,162,43,68,5,278,8,0,8,286
08/02/2017,BUR,CA,AWP,WE,Towers with Radar,162,49,27,0,238,0,1,59,6,66,162,50,86,6,304,20,0,20,324
08/03/2017,BUR,CA,AWP,WE,Towers with Radar,157,51,36,0,244,0,2,59,3,64,157,53,95,3,308,34,0,34,342
08/04/2017,BUR,CA,AWP,WE,Towers with Radar,154,48,25,0,227,0,1,66,3,70,154,49,91,3,297,14,0,14,311
08/05/2017,BUR,CA,AWP,WE,Towers with Radar,110,8,29,0,147,0,3,73,6,82,110,11,102,6,229,58,0,58,287
08/06/2017,BUR,CA,AWP,WE,Towers with Radar,144,49,21,0,214,0,3,67,1,71,144,52,88,1,285,50,0,50,335
08/07/2017,BUR,CA,AWP,WE,Towers with Radar,159,42,27,4,232,0,4,64,3,71,159,46,91,7,303,42,0,42,345
08/08/2017,BUR,CA,AWP,WE,Towers with Radar,163,41,28,0,232,0,1,62,2,65,163,42,90,2,297,44,0,44,341
08/09/2017,BUR,CA,AWP,WE,Towers with Radar,156,45,29,0,230,0,5,62,1,68,156,50,91,1,298,118,0,118,416
08/10/2017,BUR,CA,AWP,WE,Towers with Radar,164,53,35,0,252,0,1,66,3,70,164,54,101,3,322,156,0,156,478
08/11/2017,BUR,CA,AWP,WE,Towers with Radar,163,51,31,0,245,0,3,94,2,99,163,54,125,2,344,112,0,112,456
08/12/2017,BUR,CA,AWP,WE,Towers with Radar,109,18,23,0,150,0,3,79,3,85,109,21,102,3,235,68,0,68,303
08/13/2017,BUR,CA,AWP,WE,Towers with Radar,142,37,42,0,221,1,3,73,4,81,143,40,115,4,302,112,0,112,414
08/14/2017,BUR,CA,AWP,WE,Towers with Radar,155,36,23,0,214,0,3,61,1,65,155,39,84,1,279,90,0,90,369
08/15/2017,BUR,CA,AWP,WE,Towers with Radar,164,45,48,2,259,0,2,64,3,69,164,47,112,5,328,70,0,70,398
08/16/2017,BUR,CA,AWP,WE,Towers with Radar,162,42,59,2,265,0,4,64,1,69,162,46,123,3,334,100,0,100,434
08/17/2017,BUR,CA,AWP,WE,Towers with Radar,158,56,35,0,249,0,1,94,3,98,158,57,129,3,347,92,0,92,439
08/18/2017,BUR,CA,AWP,WE,Towers with Radar,159,47,37,0,243,0,1,49,4,54,159,48,86,4,297,22,0,22,319
08/19/2017,BUR,CA,AWP,WE,Towers with Radar,105,27,24,0,156,0,0,80,2,82,105,27,104,2,238,18,0,18,256
08/20/2017,BUR,CA,AWP,WE,Towers with Radar,140,49,29,0,218,0,1,71,0,72,140,50,100,0,290,28,0,28,318
08/21/2017,BUR,CA,AWP,WE,Towers with Radar,152,52,38,1,243,0,4,45,2,51,152,56,83,3,294,6,0,6,300
08/22/2017,BUR,CA,AWP,WE,Towers with Radar,157,49,34,0,240,0,3,51,2,56,157,52,85,2,296,0,0,0,296
08/23/2017,BUR,CA,AWP,WE,Towers with Radar,160,52,33,2,247,0,2,68,1,71,160,54,101,3,318,54,0,54,372
08/24/2017,BUR,CA,AWP,WE,Towers with Radar,159,52,32,3,246,0,2,70,3,75,159,54,102,6,321,58,0,58,379
08/25/2017,BUR,CA,AWP,WE,Towers with Radar,159,53,64,0,276,0,2,59,3,64,159,55,123,3,340,0,0,0,340
08/26/2017,BUR,CA,AWP,WE,Towers with Radar,103,35,33,0,171,0,1,82,3,86,103,36,115,3,257,30,0,30,287
08/27/2017,BUR,CA,AWP,WE,Towers with Radar,140,52,50,0,242,0,2,66,0,68,140,54,116,0,310,4,0,4,314
08/28/2017,BUR,CA,AWP,WE,Towers with Radar,162,49,41,2,254,0,4,86,1,91,162,53,127,3,345,152,0,152,497
08/29/2017,BUR,CA,AWP,WE,Towers with Radar,166,39,34,0,239,0,2,64,2,68,166,41,98,2,307,78,0,78,385
08/30/2017,BUR,CA,AWP,WE,Towers with Radar,165,53,37,0,255,0,1,77,3,81,165,54,114,3,336,88,0,88,424
08/31/2017,BUR,CA,AWP,WE,Towers with Radar,168,52,30,0,250,0,1,71,3,75,168,53,101,3,325,78,0,78,403
09/01/2017,BUR,CA,AWP,WE,Towers with Radar,163,68,44,0,275,0,1,75,3,79,163,69,119,3,354,8,0,8,362
09/02/2017,BUR,CA,AWP,WE,Towers with Radar,94,25,35,1,155,0,1,91,2,94,94,26,126,3,249,0,0,0,249
09/03/2017,BUR,CA,AWP,WE,Towers with Radar,90,30,31,0,151,2,1,59,3,65,92,31,90,3,216,0,0,0,216
09/04/2017,BUR,CA,AWP,WE,Towers with Radar,145,50,47,2,244,0,0,52,0,52,145,50,99,2,296,0,0,0,296
09/05/2017,BUR,CA,AWP,WE,Towers with Radar,157,56,40,0,253,0,3,51,2,56,157,59,91,2,309,0,0,0,309
09/06/2017,BUR,CA,AWP,WE,Towers with Radar,166,55,23,0,244,0,5,62,2,69,166,60,85,2,313,86,0,86,399
09/07/2017,BUR,CA,AWP,WE,Towers with Radar,166,54,21,2,243,0,3,84,2,89,166,57,105,4,332,96,0,96,428
09/08/2017,BUR,CA,AWP,WE,Towers with Radar,154,68,42,1,265,0,1,83,4,88,154,69,125,5,353,56,0,56,409
09/09/2017,BUR,CA,AWP,WE,Towers with Radar,107,22,31,1,161,0,0,84,2,86,107,22,115,3,247,79,0,79,326
09/10/2017,BUR,CA,AWP,WE,Towers with Radar,143,54,42,0,239,0,7,60,1,68,143,61,102,1,307,42,0,42,349
09/11/2017,BUR,CA,AWP,WE,Towers with Radar,164,49,33,2,248,0,1,62,0,63,164,50,95,2,311,15,0,15,326
09/12/2017,BUR,CA,AWP,WE,Towers with Radar,171,63,38,0,272,0,6,61,2,69,171,69,99,2,341,92,0,92,433
09/13/2017,BUR,CA,AWP,WE,Towers with Radar,161,60,31,1,253,0,1,64,2,67,161,61,95,3,320,32,0,32,352
09/14/2017,BUR,CA,AWP,WE,Towers with Radar,165,55,54,0,274,0,2,38,1,41,165,57,92,1,315,50,0,50,365
09/15/2017,BUR,CA,AWP,WE,Towers with Radar,163,62,64,0,289,0,2,81,2,85,163,64,145,2,374,120,0,120,494
09/16/2017,BUR,CA,AWP,WE,Towers with Radar,103,22,32,0,157,0,0,65,1,66,103,22,97,1,223,34,0,34,257
09/17/2017,BUR,CA,AWP,WE,Towers with Radar,144,55,65,0,264,0,0,37,5,42,144,55,102,5,306,4,0,4,310
09/18/2017,BUR,CA,AWP,WE,Towers with Radar,162,65,54,0,281,0,0,64,3,67,162,65,118,3,348,90,0,90,438
09/19/2017,BUR,CA,AWP,WE,Towers with Radar,156,50,53,0,259,0,1,47,3,51,156,51,100,3,310,48,0,48,358
09/20/2017,BUR,CA,AWP,WE,Towers with Radar,163,66,42,0,271,0,0,55,2,57,163,66,97,2,328,58,0,58,386
09/21/2017,BUR,CA,AWP,WE,Towers with Radar,164,70,36,0,270,0,3,36,3,42,164,73,72,3,312,28,0,28,340
09/22/2017,BUR,CA,AWP,WE,Towers with Radar,164,67,42,0,273,0,4,80,4,88,164,71,122,4,361,8,0,8,369
09/23/2017,BUR,CA,AWP,WE,Towers with Radar,104,28,22,0,154,0,0,71,1,72,104,28,93,1,226,60,0,60,286
09/24/2017,BUR,CA,AWP,WE,Towers with Radar,147,58,37,0,242,0,2,58,1,61,147,60,95,1,303,0,0,0,303
09/25/2017,BUR,CA,AWP,WE,Towers with Radar,164,62,47,1,274,0,1,67,1,69,164,63,114,2,343,30,0,30,373
09/26/2017,BUR,CA,AWP,WE,Towers with Radar,169,57,24,2,252,0,1,61,1,63,169,58,85,3,315,46,0,46,361
09/27/2017,BUR,CA,AWP,WE,Towers with Radar,161,62,42,0,265,0,1,49,4,54,161,63,91,4,319,18,0,18,337
09/28/2017,BUR,CA,AWP,WE,Towers with Radar,164,63,53,0,280,0,1,98,2,101,164,64,151,2,381,74,0,74,455
09/29/2017,BUR,CA,AWP,WE,Towers with Radar,163,70,46,0,279,0,4,106,3,113,163,74,152,3,392,66,0,66,458
09/30/2017,BUR,CA,AWP,WE,Towers with Radar,100,30,19,0,149,0,2,57,0,59,100,32,76,0,208,19,0,19,227
10/01/2017,BUR,CA,AWP,WE,Towers with Radar,139,48,41,0,228,0,1,52,0,53,139,49,93,0,281,0,0,0,281
10/02/2017,BUR,CA,AWP,WE,Towers with Radar,159,64,31,1,255,0,5,36,3,44,159,69,67,4,299,4,0,4,303
10/03/2017,BUR,CA,AWP,WE,Towers with Radar,160,52,38,1,251,0,1,57,1,59,160,53,95,2,310,64,0,64,374
10/04/2017,BUR,CA,AWP,WE,Towers with Radar,166,48,38,2,254,0,3,53,3,59,166,51,91,5,313,62,0,62,375
10/05/2017,BUR,CA,AWP,WE,Towers with Radar,164,74,35,1,274,0,3,55,5,63,164,77,90,6,337,60,0,60,397
10/06/2017,BUR,CA,AWP,WE,Towers with Radar,167,72,49,0,288,0,3,62,1,66,167,75,111,1,354,10,0,10,364
10/07/2017,BUR,CA,AWP,WE,Towers with Radar,103,27,42,0,172,0,2,85,1,88,103,29,127,1,260,60,0,60,320
10/08/2017,BUR,CA,AWP,WE,Towers with Radar,140,61,39,0,240,0,3,58,0,61,140,64,97,0,301,4,0,4,305
10/09/2017,BUR,CA,AWP,WE,Towers with Radar,161,72,31,1,265,0,1,61,0,62,161,73,92,1,327,68,0,68,395
10/10/2017,BUR,CA,AWP,WE,Towers with Radar,165,56,36,0,257,0,2,53,1,56,165,58,89,1,313,68,0,68,381
10/11/2017,BUR,CA,AWP,WE,Towers with Radar,161,52,33,0,246,0,6,40,8,54,161,58,73,8,300,64,0,64,364
10/12/2017,BUR,CA,AWP,WE,Towers with Radar,161,59,41,0,261,0,6,85,2,93,161,65,126,2,354,134,0,134,488
10/13/2017,BUR,CA,AWP,WE,Towers with Radar,163,57,45,1,266,0,2,62,4,68,163,59,107,5,334,96,0,96,430
10/14/2017,BUR,CA,AWP,WE,Towers with Radar,106,21,32,3,162,0,6,80,2,88,106,27,112,5,250,78,0,78,328
10/15/2017,BUR,CA,AWP,WE,Towers with Radar,141,50,44,2,237,0,7,52,1,60,141,57,96,3,297,120,0,120,417
10/16/2017,BUR,CA,AWP,WE,Towers with Radar,160,60,36,0,256,0,4,68,1,73,160,64,104,1,329,38,0,38,367
10/17/2017,BUR,CA,AWP,WE,Towers with Radar,165,55,25,2,247,0,6,64,4,74,165,61,89,6,321,36,0,36,357
10/18/2017,BUR,CA,AWP,WE,Towers with Radar,163,56,40,0,259,0,3,65,3,71,163,59,105,3,330,38,0,38,368
10/19/2017,BUR,CA,AWP,WE,Towers with Radar,155,68,43,0,266,0,2,108,4,114,155,70,151,4,380,50,2,52,432
10/20/2017,BUR,CA,AWP,WE,Towers with Radar,164,70,35,0,269,0,1,80,1,82,164,71,115,1,351,50,0,50,401
10/21/2017,BUR,CA,AWP,WE,Towers with Radar,110,23,26,2,161,0,4,89,1,94,110,27,115,3,255,120,0,120,375
10/22/2017,BUR,CA,AWP,WE,Towers with Radar,141,54,46,1,242,0,5,54,2,61,141,59,100,3,303,0,0,0,303
10/23/2017,BUR,CA,AWP,WE,Towers with Radar,159,69,33,1,262,0,6,72,4,82,159,75,105,5,344,22,0,22,366
10/24/2017,BUR,CA,AWP,WE,Towers with Radar,166,64,61,0,291,0,7,92,1,100,166,71,153,1,391,86,0,86,477
10/25/2017,BUR,CA,AWP,WE,Towers with Radar,165,71,58,0,294,0,5,102,2,109,165,76,160,2,403,108,0,108,511
10/26/2017,BUR,CA,AWP,WE,Towers with Radar,164,74,56,0,294,0,7,91,4,102,164,81,147,4,396,88,0,88,484
10/27/2017,BUR,CA,AWP,WE,Towers with Radar,159,55,40,0,254,0,3,58,2,63,159,58,98,2,317,52,0,52,369
10/28/2017,BUR,CA,AWP,WE,Towers with Radar,110,23,39,0,172,0,2,66,1,69,110,25,105,1,241,34,0,34,275
10/29/2017,BUR,CA,AWP,WE,Towers with Radar,141,47,58,0,246,0,0,45,2,47,141,47,103,2,293,36,0,36,329
10/30/2017,BUR,CA,AWP,WE,Towers with Radar,157,58,50,2,267,0,2,53,3,58,157,60,103,5,325,40,0,40,365
10/31/2017,BUR,CA,AWP,WE,Towers with Radar,139,84,95,0,318,0,0,61,4,65,139,84,156,4,383,98,0,98,481
11/01/2017,BUR,CA,AWP,WE,Towers with Radar,157,75,83,2,317,0,1,60,2,63,157,76,143,4,380,12,0,12,392
11/02/2017,BUR,CA,AWP,WE,Towers with Radar,162,74,65,1,302,0,0,50,3,53,162,74,115,4,355,42,0,42,397
11/03/2017,BUR,CA,AWP,WE,Towers with Radar,158,62,55,0,275,0,2,70,0,72,158,64,125,0,347,40,0,40,387
11/04/2017,BUR,CA,AWP,WE,Towers with Radar,103,23,35,2,163,0,7,78,8,93,103,30,113,10,256,26,0,26,282
11/05/2017,BUR,CA,AWP,WE,Towers with Radar,137,47,49,0,233,0,2,62,0,64,137,49,111,0,297,76,0,76,373
11/06/2017,BUR,CA,AWP,WE,Towers with Radar,150,59,30,0,239,0,5,63,2,70,150,64,93,2,309,36,0,36,345
11/07/2017,BUR,CA,AWP,WE,Towers with Radar,156,57,29,0,242,0,4,72,4,80,156,61,101,4,322,108,0,108,430
11/08/2017,BUR,CA,AWP,WE,Towers with Radar,159,53,36,3,251,0,5,52,3,60,159,58,88,6,311,44,0,44,355
11/09/2017,BUR,CA,AWP,WE,Towers with Radar,159,60,55,0,274,0,2,85,5,92,159,62,140,5,366,98,0,98,464
11/10/2017,BUR,CA,AWP,WE,Towers with Radar,155,61,44,0,260,0,1,84,2,87,155,62,128,2,347,36,0,36,383
11/11/2017,BUR,CA,AWP,WE,Towers with Radar,106,27,45,0,178,0,4,98,4,106,106,31,143,4,284,41,0,41,325
11/12/2017,BUR,CA,AWP,WE,Towers with Radar,141,42,51,1,235,0,8,59,1,68,141,50,110,2,303,84,0,84,387
11/13/2017,BUR,CA,AWP,WE,Towers with Radar,161,67,59,3,290,0,2,58,2,62,161,69,117,5,352,42,0,42,394
11/14/2017,BUR,CA,AWP,WE,Towers with Radar,164,71,49,0,284,0,4,93,2,99,164,75,142,2,383,60,0,60,443
11/15/2017,BUR,CA,AWP,WE,Towers with Radar,159,70,44,2,275,0,5,90,5,100,159,75,134,7,375,86,0,86,461
11/16/2017,BUR,CA,AWP,WE,Towers with Radar,167,71,54,2,294,0,1,77,0,78,167,72,131,2,372,78,0,78,450
11/17/2017,BUR,CA,AWP,WE,Towers with Radar,166,71,34,3,274,0,3,86,5,94,166,74,120,8,368,18,0,18,386
11/18/2017,BUR,CA,AWP,WE,Towers with Radar,116,27,51,1,195,0,4,84,4,92,116,31,135,5,287,126,0,126,413
11/19/2017,BUR,CA,AWP,WE,Towers with Radar,139,51,43,3,236,0,4,68,8,80,139,55,111,11,316,88,0,88,404
11/20/2017,BUR,CA,AWP,WE,Towers with Radar,160,58,34,0,252,0,2,81,6,89,160,60,115,6,341,46,0,46,387
11/21/2017,BUR,CA,AWP,WE,Towers with Radar,174,62,51,1,288,0,2,68,1,71,174,64,119,2,359,84,0,84,443
11/22/2017,BUR,CA,AWP,WE,Towers with Radar,169,59,37,0,265,0,5,76,1,82,169,64,113,1,347,68,0,68,415
11/23/2017,BUR,CA,AWP,WE,Towers with Radar,102,17,11,0,130,0,8,26,2,36,102,25,37,2,166,4,0,4,170
11/24/2017,BUR,CA,AWP,WE,Towers with Radar,139,43,26,0,208,0,7,56,3,66,139,50,82,3,274,2,0,2,276
11/25/2017,BUR,CA,AWP,WE,Towers with Radar,136,26,33,0,195,0,3,53,1,57,136,29,86,1,252,46,0,46,298
11/26/2017,BUR,CA,AWP,WE,Towers with Radar,159,53,53,0,265,0,1,54,2,57,159,54,107,2,322,34,0,34,356
11/27/2017,BUR,CA,AWP,WE,Towers with Radar,175,64,29,2,270,0,1,47,4,52,175,65,76,6,322,39,0,39,361
11/28/2017,BUR,CA,AWP,WE,Towers with Radar,162,66,40,0,268,0,1,63,2,66,162,67,103,2,334,58,0,58,392
11/29/2017,BUR,CA,AWP,WE,Towers with Radar,163,61,46,0,270,0,1,75,2,78,163,62,121,2,348,32,0,32,380
11/30/2017,BUR,CA,AWP,WE,Towers with Radar,157,69,43,0,269,0,4,63,1,68,157,73,106,1,337,34,0,34,371
12/01/2017,BUR,CA,AWP,WE,Towers with Radar,159,74,35,0,268,0,1,65,2,68,159,75,100,2,336,4,0,4,340
12/02/2017,BUR,CA,AWP,WE,Towers with Radar,106,30,28,0,164,0,1,82,2,85,106,31,110,2,249,40,0,40,289
12/03/2017,BUR,CA,AWP,WE,Towers with Radar,130,46,24,0,200,0,1,74,1,76,130,47,98,1,276,28,0,28,304
12/04/2017,BUR,CA,AWP,WE,Towers with Radar,153,50,34,0,237,0,1,47,2,50,153,51,81,2,287,28,0,28,315
12/05/2017,BUR,CA,AWP,WE,Towers with Radar,158,48,47,0,253,0,5,29,2,36,158,53,76,2,289,6,0,6,295
12/06/2017,BUR,CA,AWP,WE,Towers with Radar,161,65,34,0,260,0,1,31,1,33,161,66,65,1,293,0,0,0,293
12/07/2017,BUR,CA,AWP,WE,Towers with Radar,158,61,29,0,248,0,0,31,0,31,158,61,60,0,279,24,0,24,303
12/08/2017,BUR,CA,AWP,WE,Towers with Radar,154,66,34,1,255,1,3,73,3,80,155,69,107,4,335,74,0,74,409
12/09/2017,BUR,CA,AWP,WE,Towers with Radar,106,21,15,0,142,0,2,82,1,85,106,23,97,1,227,78,0,78,305
12/10/2017,BUR,CA,AWP,WE,Towers with Radar,130,47,45,0,222,0,0,56,5,61,130,47,101,5,283,90,0,90,373
12/11/2017,BUR,CA,AWP,WE,Towers with Radar,154,63,32,0,249,0,3,71,2,76,154,66,103,2,325,162,0,162,487
12/12/2017,BUR,CA,AWP,WE,Towers with Radar,162,68,44,3,277,0,1,90,2,93,162,69,134,5,370,190,0,190,560
12/13/2017,BUR,CA,AWP,WE,Towers with Radar,161,54,59,0,274,0,1,94,3,98,161,55,153,3,372,134,0,134,506
12/14/2017,BUR,CA,AWP,WE,Towers with Radar,167,70,45,0,282,1,1,71,0,73,168,71,116,0,355,77,0,77,432
12/15/2017,BUR,CA,AWP,WE,Towers with Radar,160,77,42,0,279,0,2,63,5,70,160,79,105,5,349,72,0,72,421
12/16/2017,BUR,CA,AWP,WE,Towers with Radar,109,24,16,0,149,0,0,67,1,68,109,24,83,1,217,104,0,104,321
12/17/2017,BUR,CA,AWP,WE,Towers with Radar,140,40,28,0,208,0,0,56,1,57,140,40,84,1,265,22,0,22,287
12/18/2017,BUR,CA,AWP,WE,Towers with Radar,155,68,26,0,249,0,5,79,1,85,155,73,105,1,334,86,0,86,420
12/19/2017,BUR,CA,AWP,WE,Towers with Radar,163,70,30,0,263,0,1,58,3,62,163,71,88,3,325,48,0,48,373
12/20/2017,BUR,CA,AWP,WE,Towers with Radar,162,62,39,1,264,0,1,38,2,41,162,63,77,3,305,96,0,96,401
12/21/2017,BUR,CA,AWP,WE,Towers with Radar,158,83,24,2,267,0,3,53,1,57,158,86,77,3,324,32,0,32,356
12/22/2017,BUR,CA,AWP,WE,Towers with Radar,147,85,30,0,262,0,0,43,2,45,147,85,73,2,307,22,0,22,329
12/23/2017,BUR,CA,AWP,WE,Towers with Radar,108,66,40,0,214,0,2,69,0,71,108,68,109,0,285,146,0,146,431
12/24/2017,BUR,CA,AWP,WE,Towers with Radar,91,44,14,0,149,0,0,46,1,47,91,44,60,1,196,84,0,84,280
12/25/2017,BUR,CA,AWP,WE,Towers with Radar,107,40,14,0,161,0,2,4,0,6,107,42,18,0,167,0,0,0,167
12/26/2017,BUR,CA,AWP,WE,Towers with Radar,151,75,40,0,266,0,0,44,2,46,151,75,84,2,312,30,0,30,342
12/27/2017,BUR,CA,AWP,WE,Towers with Radar,150,75,39,0,264,0,1,64,2,67,150,76,103,2,331,62,0,62,393
12/28/2017,BUR,CA,AWP,WE,Towers with Radar,154,82,30,1,267,0,0,51,4,55,154,82,81,5,322,56,0,56,378
12/29/2017,BUR,CA,AWP,WE,Towers with Radar,145,84,54,0,283,0,0,69,0,69,145,84,123,0,352,38,0,38,390
12/30/2017,BUR,CA,AWP,WE,Towers with Radar,110,67,48,0,225,0,2,52,0,54,110,69,100,0,279,4,0,4,283
12/31/2017,BUR,CA,AWP,WE,Towers with Radar,94,52,36,0,182,0,0,47,0,47,94,52,83,0,229,86,0,86,315
01/01/2018,BUR,CA,AWP,WE,Towers with Radar,139,93,134,0,366,0,1,57,0,58,139,94,191,0,424,38,0,38,462
01/02/2018,BUR,CA,AWP,WE,Towers with Radar,154,90,93,2,339,0,0,69,5,74,154,90,162,7,413,46,0,46,459
01/03/2018,BUR,CA,AWP,WE,Towers with Radar,152,60,31,1,244,0,0,37,0,37,152,60,68,1,281,26,0,26,307
01/04/2018,BUR,CA,AWP,WE,Towers with Radar,147,65,33,0,245,0,0,61,0,61,147,65,94,0,306,32,0,32,338
01/05/2018,BUR,CA,AWP,WE,Towers with Radar,146,77,37,1,261,0,0,65,1,66,146,77,102,2,327,102,0,102,429
01/06/2018,BUR,CA,AWP,WE,Towers with Radar,99,38,27,0,164,0,4,63,2,69,99,42,90,2,233,52,0,52,285
01/07/2018,BUR,CA,AWP,WE,Towers with Radar,127,56,33,1,217,0,1,49,0,50,127,57,82,1,267,108,0,108,375
01/08/2018,BUR,CA,AWP,WE,Towers with Radar,149,62,37,0,248,0,0,29,0,29,149,62,66,0,277,58,0,58,335
01/09/2018,BUR,CA,AWP,WE,Towers with Radar,143,73,35,0,251,0,1,16,0,17,143,74,51,0,268,0,0,0,268
01/10/2018,BUR,CA,AWP,WE,Towers with Radar,152,51,44,1,248,0,3,88,0,91,152,54,132,1,339,166,0,166,505
01/11/2018,BUR,CA,AWP,WE,Towers with Radar,147,67,29,1,244,0,3,77,4,84,147,70,106,5,328,142,0,142,470
01/12/2018,BUR,CA,AWP,WE,Towers with Radar,145,68,53,1,267,0,5,71,0,76,145,73,124,1,343,154,0,154,497
01/13/2018,BUR,CA,AWP,WE,Towers with Radar,98,28,23,3,152,0,1,69,0,70,98,29,92,3,222,58,0,58,280
01/14/2018,BUR,CA,AWP,WE,Towers with Radar,123,33,30,2,188,0,0,66,1,67,123,33,96,3,255,52,0,52,307
01/15/2018,BUR,CA,AWP,WE,Towers with Radar,151,65,39,2,257,0,0,74,3,77,151,65,113,5,334,186,0,186,520
01/16/2018,BUR,CA,AWP,WE,Towers with Radar,151,73,41,1,266,0,1,72,1,74,151,74,113,2,340,216,0,216,556
01/17/2018,BUR,CA,AWP,WE,Towers with Radar,154,68,39,0,261,0,2,61,5,68,154,70,100,5,329,130,0,130,459
01/18/2018,BUR,CA,AWP,WE,Towers with Radar,148,82,39,4,273,0,1,70,5,76,148,83,109,9,349,212,0,212,561
01/19/2018,BUR,CA,AWP,WE,Towers with Radar,145,79,48,4,276,0,0,46,1,47,145,79,94,5,323,152,0,152,475
01/20/2018,BUR,CA,AWP,WE,Towers with Radar,95,43,41,2,181,0,7,60,0,67,95,50,101,2,248,114,0,114,362
01/21/2018,BUR,CA,AWP,WE,Towers with Radar,120,62,48,4,234,0,4,62,1,67,120,66,110,5,301,54,0,54,355
01/22/2018,BUR,CA,AWP,WE,Towers with Radar,146,66,41,0,253,0,0,51,2,53,146,66,92,2,306,12,0,12,318
01/23/2018,BUR,CA,AWP,WE,Towers with Radar,150,67,35,4,256,0,4,66,1,71,150,71,101,5,327,85,0,85,412
01/24/2018,BUR,CA,AWP,WE,Towers with Radar,152,50,44,0,246,0,0,47,1,48,152,50,91,1,294,122,0,122,416
01/25/2018,BUR,CA,AWP,WE,Towers with Radar,150,82,35,0,267,0,0,57,1,58,150,82,92,1,325,136,0,136,461
01/26/2018,BUR,CA,AWP,WE,Towers with Radar,150,63,44,0,257,0,0,59,2,61,150,63,103,2,318,100,0,100,418
01/27/2018,BUR,CA,AWP,WE,Towers with Radar,101,25,21,2,149,0,4,65,0,69,101,29,86,2,218,60,0,60,278
01/28/2018,BUR,CA,AWP,WE,Towers with Radar,122,53,37,1,213,0,0,22,0,22,122,53,59,1,235,0,0,0,235
01/29/2018,BUR,CA,AWP,WE,Towers with Radar,149,67,37,2,255,0,3,48,5,56,149,70,85,7,311,70,0,70,381
01/30/2018,BUR,CA,AWP,WE,Towers with Radar,149,64,44,1,258,0,0,47,0,47,149,64,91,1,305,84,0,84,389
01/31/2018,BUR,CA,AWP,WE,Towers with Radar,152,57,41,2,252,0,3,79,2,84,152,60,120,4,336,160,0,160,496
02/01/2018,BUR,CA,AWP,WE,Towers with Radar,148,77,45,0,270,0,4,60,2,66,148,81,105,2,336,44,0,44,380
02/02/2018,BUR,CA,AWP,WE,Towers with Radar,145,83,43,3,274,0,3,67,0,70,145,86,110,3,344,62,0,62,406
02/03/2018,BUR,CA,AWP,WE,Towers with Radar,98,34,28,2,162,0,1,62,0,63,98,35,90,2,225,92,0,92,317
02/04/2018,BUR,CA,AWP,WE,Towers with Radar,106,53,27,1,187,0,2,44,1,47,106,55,71,2,234,62,0,62,296
02/05/2018,BUR,CA,AWP,WE,Towers with Radar,150,81,40,4,275,0,4,51,4,59,150,85,91,8,334,88,0,88,422
02/06/2018,BUR,CA,AWP,WE,Towers with Radar,140,69,33,3,245,0,1,23,0,24,140,70,56,3,269,58,0,58,327
02/07/2018,BUR,CA,AWP,WE,Towers with Radar,148,65,43,0,256,0,3,44,2,49,148,68,87,2,305,60,0,60,365
02/08/2018,BUR,CA,AWP,WE,Towers with Radar,154,74,49,0,277,0,6,64,6,76,154,80,113,6,353,56,0,56,409
02/09/2018,BUR,CA,AWP,WE,Towers with Radar,152,81,54,0,287,0,0,59,0,59,152,81,113,0,346,68,0,68,414
02/10/2018,BUR,CA,AWP,WE,Towers with Radar,103,47,33,0,183,0,2,44,0,46,103,49,77,0,229,56,0,56,285
02/11/2018,BUR,CA,AWP,WE,Towers with Radar,126,62,48,0,236,0,3,68,1,72,126,65,116,1,308,62,0,62,370
02/12/2018,BUR,CA,AWP,WE,Towers with Radar,149,77,41,5,272,0,2,41,0,43,149,79,82,5,315,58,0,58,373
02/13/2018,BUR,CA,AWP,WE,Towers with Radar,154,72,39,0,265,0,0,38,0,38,154,72,77,0,303,140,0,140,443
02/14/2018,BUR,CA,AWP,WE,Towers with Radar,135,64,43,0,242,0,2,78,4,84,135,66,121,4,326,136,0,136,462
02/15/2018,BUR,CA,AWP,WE,Towers with Radar,156,91,49,0,296,0,1,58,0,59,156,92,107,0,355,156,0,156,511
02/16/2018,BUR,CA,AWP,WE,Towers with Radar,150,85,44,0,279,0,1,56,0,57,150,86,100,0,336,50,0,50,386
02/17/2018,BUR,CA,AWP,WE,Towers with Radar,101,38,49,0,188,0,0,52,0,52,101,38,101,0,240,22,0,22,262
02/18/2018,BUR,CA,AWP,WE,Towers with Radar,121,49,32,0,202,0,0,52,0,52,121,49,84,0,254,30,0,30,284
02/19/2018,BUR,CA,AWP,WE,Towers with Radar,150,71,50,0,271,0,0,26,1,27,150,71,76,1,298,40,0,40,338
02/20/2018,BUR,CA,AWP,WE,Towers with Radar,158,64,41,0,263,0,1,65,1,67,158,65,106,1,330,78,0,78,408
02/21/2018,BUR,CA,AWP,WE,Towers with Radar,151,59,38,0,248,0,1,69,0,70,151,60,107,0,318,66,0,66,384
02/22/2018,BUR,CA,AWP,WE,Towers with Radar,158,77,38,0,273,0,4,70,1,75,158,81,108,1,348,102,0,102,450
02/23/2018,BUR,CA,AWP,WE,Towers with Radar,144,61,29,0,234,0,2,34,0,36,144,63,63,0,270,0,0,0,270
02/24/2018,BUR,CA,AWP,WE,Towers with Radar,100,40,27,0,167,0,0,59,0,59,100,40,86,0,226,44,0,44,270
02/25/2018,BUR,CA,AWP,WE,Towers with Radar,129,64,40,0,233,0,0,57,0,57,129,64,97,0,290,0,0,0,290
02/26/2018,BUR,CA,AWP,WE,Towers with Radar,141,66,31,0,238,0,0,47,0,47,141,66,78,0,285,26,0,26,311
02/27/2018,BUR,CA,AWP,WE,Towers with Radar,149,74,49,0,272,0,3,58,0,61,149,77,107,0,333,76,0,76,409
02/28/2018,BUR,CA,AWP,WE,Towers with Radar,151,72,44,0,267,0,1,56,3,60,151,73,100,3,327,116,0,116,443
03/01/2018,BUR,CA,AWP,WE,Towers with Radar,146,69,37,0,252,0,2,50,1,53,146,71,87,1,305,86,0,86,391
03/02/2018,BUR,CA,AWP,WE,Towers with Radar,143,73,51,0,267,0,0,3,0,3,143,73,54,0,270,0,0,0,270
03/03/2018,BUR,CA,AWP,WE,Towers with Radar,102,34,34,0,170,0,0,26,1,27,102,34,60,1,197,48,0,48,245
03/04/2018,BUR,CA,AWP,WE,Towers with Radar,124,59,49,0,232,0,0,53,1,54,124,59,102,1,286,0,0,0,286
03/05/2018,BUR,CA,AWP,WE,Towers with Radar,151,72,30,4,257,0,3,59,0,62,151,75,89,4,319,60,0,60,379
03/06/2018,BUR,CA,AWP,WE,Towers with Radar,161,73,26,0,260,0,0,50,0,50,161,73,76,0,310,30,0,30,340
03/07/2018,BUR,CA,AWP,WE,Towers with Radar,156,64,26,0,246,0,4,53,5,62,156,68,79,5,308,38,0,38,346
03/08/2018,BUR,CA,AWP,WE,Towers with Radar,152,67,59,0,278,0,3,64,1,68,152,70,123,1,346,138,0,138,484
03/09/2018,BUR,CA,AWP,WE,Towers with Radar,149,77,53,0,279,0,0,62,0,62,149,77,115,0,341,143,0,143,484
03/10/2018,BUR,CA,AWP,WE,Towers with Radar,108,28,37,7,180,0,0,0,0,0,108,28,37,7,180,0,0,0,180
03/11/2018,BUR,CA,AWP,WE,Towers with Radar,131,65,52,3,251,0,0,43,0,43,131,65,95,3,294,158,0,158,452
03/12/2018,BUR,CA,AWP,WE,Towers with Radar,137,71,35,0,243,0,2,52,0,54,137,73,87,0,297,118,0,118,415
03/13/2018,BUR,CA,AWP,WE,Towers with Radar,156,69,21,1,247,0,0,13,4,17,156,69,34,5,264,32,0,32,296
03/14/2018,BUR,CA,AWP,WE,Towers with Radar,151,78,54,2,285,0,1,26,10,37,151,79,80,12,322,0,0,0,322
03/15/2018,BUR,CA,AWP,WE,Towers with Radar,151,77,36,3,267,0,3,41,3,47,151,80,77,6,314,48,0,48,362
03/16/2018,BUR,CA,AWP,WE,Towers with Radar,148,73,53,0,274,0,2,43,3,48,148,75,96,3,322,58,0,58,380
03/17/2018,BUR,CA,AWP,WE,Towers with Radar,103,38,42,0,183,0,2,48,4,54,103,40,90,4,237,48,0,48,285
03/18/2018,BUR,CA,AWP,WE,Towers with Radar,132,64,43,1,240,0,0,63,1,64,132,64,106,2,304,18,0,18,322
03/19/2018,BUR,CA,AWP,WE,Towers with Radar,150,70,34,0,254,0,2,52,1,55,150,72,86,1,309,50,0,50,359
03/20/2018,BUR,CA,AWP,WE,Towers with Radar,148,68,35,0,251,0,0,49,1,50,148,68,84,1,301,90,0,90,391
03/21/2018,BUR,CA,AWP,WE,Towers with Radar,148,60,45,2,255,0,0,12,1,13,148,60,57,3,268,0,0,0,268
03/22/2018,BUR,CA,AWP,WE,Towers with Radar,153,80,62,0,295,0,0,5,2,7,153,80,67,2,302,2,0,2,304
03/23/2018,BUR,CA,AWP,WE,Towers with Radar,148,62,68,1,279,0,3,44,1,48,148,65,112,2,327,72,0,72,399
03/24/2018,BUR,CA,AWP,WE,Towers with Radar,106,46,45,0,197,0,0,50,2,52,106,46,95,2,249,4,0,4,253
03/25/2018,BUR,CA,AWP,WE,Towers with Radar,129,59,45,0,233,0,2,53,1,56,129,61,98,1,289,0,0,0,289
03/26/2018,BUR,CA,AWP,WE,Towers with Radar,146,60,35,1,242,0,1,52,2,55,146,61,87,3,297,116,0,116,413
03/27/2018,BUR,CA,AWP,WE,Towers with Radar,157,68,29,0,254,0,6,52,2,60,157,74,81,2,314,82,0,82,396
03/28/2018,BUR,CA,AWP,WE,Towers with Radar,150,68,40,2,260,0,3,40,4,47,150,71,80,6,307,90,0,90,397
03/29/2018,BUR,CA,AWP,WE,Towers with Radar,154,72,46,2,274,0,4,53,0,57,154,76,99,2,331,90,0,90,421
03/30/2018,BUR,CA,AWP,WE,Towers with Radar,149,72,37,0,258,0,2,50,1,53,149,74,87,1,311,2,0,2,313
03/31/2018,BUR,CA,AWP,WE,Towers with Radar,106,30,27,0,163,0,1,47,2,50,106,31,74,2,213,0,0,0,213
04/01/2018,BUR,CA,AWP,WE,Towers with Radar,134,55,24,0,213,0,2,41,0,43,134,57,65,0,256,46,0,46,302
04/02/2018,BUR,CA,AWP,WE,Towers with Radar,150,69,46,2,267,0,0,39,0,39,150,69,85,2,306,32,0,32,338
04/03/2018,BUR,CA,AWP,WE,Towers with Radar,149,63,41,0,253,0,3,60,0,63,149,66,101,0,316,40,0,40,356
04/04/2018,BUR,CA,AWP,WE,Towers with Radar,147,64,37,0,248,0,0,42,2,44,147,64,79,2,292,82,0,82,374
04/05/2018,BUR,CA,AWP,WE,Towers with Radar,153,72,48,3,276,0,0,45,1,46,153,72,93,4,322,88,0,88,410
04/06/2018,BUR,CA,AWP,WE,Towers with Radar,146,67,36,0,249,0,1,54,1,56,146,68,90,1,305,220,0,220,525
04/07/2018,BUR,CA,AWP,WE,Towers with Radar,106,31,39,0,176,0,0,41,0,41,106,31,80,0,217,180,0,180,397
04/08/2018,BUR,CA,AWP,WE,Towers with Radar,138,58,32,0,228,0,0,47,2,49,138,58,79,2,277,44,0,44,321
04/09/2018,BUR,CA,AWP,WE,Towers with Radar,161,64,30,0,255,0,4,47,6,57,161,68,77,6,312,8,0,8,320
04/10/2018,BUR,CA,AWP,WE,Towers with Radar,159,47,43,2,251,0,2,50,0,52,159,49,93,2,303,106,0,106,409
04/11/2018,BUR,CA,AWP,WE,Towers with Radar,155,79,45,0,279,0,0,69,0,69,155,79,114,0,348,70,0,70,418
04/12/2018,BUR,CA,AWP,WE,Towers with Radar,160,63,48,0,271,0,2,31,1,34,160,65,79,1,305,64,0,64,369
04/13/2018,BUR,CA,AWP,WE,Towers with Radar,152,74,52,2,280,0,3,89,2,94,152,77,141,4,374,0,0,0,374
04/14/2018,BUR,CA,AWP,WE,Towers with Radar,105,29,28,0,162,0,5,44,2,51,105,34,72,2,213,26,0,26,239
04/15/2018,BUR,CA,AWP,WE,Towers with Radar,143,54,32,2,231,0,2,54,2,58,143,56,86,4,289,80,0,80,369
04/16/2018,BUR,CA,AWP,WE,Towers with Radar,152,82,59,2,295,0,3,59,12,74,152,85,118,14,369,108,0,108,477
04/17/2018,BUR,CA,AWP,WE,Towers with Radar,159,59,36,1,255,0,1,69,14,84,159,60,105,15,339,152,0,152,491
04/18/2018,BUR,CA,AWP,WE,Towers with Radar,159,58,41,6,264,0,0,65,21,86,159,58,106,27,350,82,0,82,432
04/19/2018,BUR,CA,AWP,WE,Towers with Radar,156,71,37,0,264,0,0,42,1,43,156,71,79,1,307,8,0,8,315
04/20/2018,BUR,CA,AWP,WE,Towers with Radar,156,73,47,2,278,0,0,74,1,75,156,73,121,3,353,48,0,48,401
04/21/2018,BUR,CA,AWP,WE,Towers with Radar,107,26,32,1,166,0,6,53,1,60,107,32,85,2,226,118,0,118,344
04/22/2018,BUR,CA,AWP,WE,Towers with Radar,139,55,31,0,225,0,1,83,2,86,139,56,114,2,311,62,0,62,373
04/23/2018,BUR,CA,AWP,WE,Towers with Radar,157,77,42,2,278,0,0,47,4,51,157,77,89,6,329,142,0,142,471
04/24/2018,BUR,CA,AWP,WE,Towers with Radar,157,67,57,1,282,0,9,64,1,74,157,76,121,2,356,48,0,48,404
04/25/2018,BUR,CA,AWP,WE,Towers with Radar,153,83,32,0,268,0,1,76,1,78,153,84,108,1,346,18,0,18,364
04/26/2018,BUR,CA,AWP,WE,Towers with Radar,158,74,32,0,264,0,1,67,4,72,158,75,99,4,336,132,0,132,468
04/27/2018,BUR,CA,AWP,WE,Towers with Radar,156,82,41,2,281,0,2,64,4,70,156,84,105,6,351,12,0,12,363
04/28/2018,BUR,CA,AWP,WE,Towers with Radar,101,38,37,0,176,0,1,38,0,39,101,39,75,0,215,40,0,40,255
04/29/2018,BUR,CA,AWP,WE,Towers with Radar,140,62,38,1,241,0,2,42,0,44,140,64,80,1,285,30,0,30,315
04/30/2018,BUR,CA,AWP,WE,Towers with Radar,155,75,42,1,273,0,4,29,1,34,155,79,71,2,307,16,0,16,323
05/01/2018,BUR,CA,AWP,WE,Towers with Radar,159,67,45,2,273,0,1,39,3,43,159,68,84,5,316,54,0,54,370
05/02/2018,BUR,CA,AWP,WE,Towers with Radar,154,79,47,2,282,0,1,24,0,25,154,80,71,2,307,20,0,20,327
05/03/2018,BUR,CA,AWP,WE,Towers with Radar,155,64,44,1,264,0,3,49,5,57,155,67,93,6,321,180,0,180,501
05/04/2018,BUR,CA,AWP,WE,Towers with Radar,155,74,39,0,268,0,0,53,7,60,155,74,92,7,328,54,0,54,382
05/05/2018,BUR,CA,AWP,WE,Towers with Radar,99,32,33,1,165,0,2,42,8,52,99,34,75,9,217,154,0,154,371
05/06/2018,BUR,CA,AWP,WE,Towers with Radar,140,60,37,1,238,0,2,61,0,63,140,62,98,1,301,50,0,50,351
05/07/2018,BUR,CA,AWP,WE,Towers with Radar,158,71,42,0,271,0,0,67,1,68,158,71,109,1,339,72,0,72,411
05/08/2018,BUR,CA,AWP,WE,Towers with Radar,154,68,28,0,250,0,3,52,2,57,154,71,80,2,307,50,0,50,357
05/09/2018,BUR,CA,AWP,WE,Towers with Radar,161,55,41,0,257,0,3,43,0,46,161,58,84,0,303,110,0,110,413
05/10/2018,BUR,CA,AWP,WE,Towers with Radar,159,79,46,1,285,0,3,47,2,52,159,82,93,3,337,14,0,14,351
05/11/2018,BUR,CA,AWP,WE,Towers with Radar,157,83,48,0,288,0,0,32,1,33,157,83,80,1,321,24,0,24,345
05/12/2018,BUR,CA,AWP,WE,Towers with Radar,101,44,46,0,191,0,2,46,1,49,101,46,92,1,240,72,0,72,312
05/13/2018,BUR,CA,AWP,WE,Towers with Radar,139,56,54,1,250,0,0,36,0,36,139,56,90,1,286,2,0,2,288
05/14/2018,BUR,CA,AWP,WE,Towers with Radar,154,76,53,4,287,0,2,37,2,41,154,78,90,6,328,128,0,128,456
05/15/2018,BUR,CA,AWP,WE,Towers with Radar,154,61,29,0,244,0,2,47,0,49,154,63,76,0,293,72,0,72,365
05/16/2018,BUR,CA,AWP,WE,Towers with Radar,152,63,45,1,261,0,3,36,0,39,152,66,81,1,300,92,0,92,392
05/17/2018,BUR,CA,AWP,WE,Towers with Radar,161,74,51,0,286,0,1,45,2,48,161,75,96,2,334,56,0,56,390
05/18/2018,BUR,CA,AWP,WE,Towers with Radar,159,74,57,1,291,0,1,59,2,62,159,75,116,3,353,256,0,256,609
05/19/2018,BUR,CA,AWP,WE,Towers with Radar,102,42,48,2,194,0,3,46,2,51,102,45,94,4,245,108,0,108,353
05/20/2018,BUR,CA,AWP,WE,Towers with Radar,134,60,55,1,250,0,2,40,0,42,134,62,95,1,292,2,0,2,294
05/21/2018,BUR,CA,AWP,WE,Towers with Radar,153,79,61,0,293,0,0,29,1,30,153,79,90,1,323,22,0,22,345
05/22/2018,BUR,CA,AWP,WE,Towers with Radar,160,74,55,0,289,0,0,50,0,50,160,74,105,0,339,88,0,88,427
05/23/2018,BUR,CA,AWP,WE,Towers with Radar,152,77,47,1,277,0,0,66,1,67,152,77,113,2,344,100,0,100,444
05/24/2018,BUR,CA,AWP,WE,Towers with Radar,159,64,52,0,275,0,1,32,0,33,159,65,84,0,308,38,0,38,346
05/25/2018,BUR,CA,AWP,WE,Towers with Radar,153,87,48,0,288,0,3,49,1,53,153,90,97,1,341,36,0,36,377
05/26/2018,BUR,CA,AWP,WE,Towers with Radar,102,40,25,0,167,0,0,56,0,56,102,40,81,0,223,66,0,66,289
05/27/2018,BUR,CA,AWP,WE,Towers with Radar,106,33,25,0,164,0,0,41,0,41,106,33,66,0,205,70,0,70,275
05/28/2018,BUR,CA,AWP,WE,Towers with Radar,131,69,41,0,241,0,1,51,0,52,131,70,92,0,293,14,0,14,307
05/29/2018,BUR,CA,AWP,WE,Towers with Radar,154,64,36,2,256,0,1,44,1,46,154,65,80,3,302,150,0,150,452
05/30/2018,BUR,CA,AWP,WE,Towers with Radar,150,68,50,1,269,0,3,27,2,32,150,71,77,3,301,62,0,62,363
05/31/2018,BUR,CA,AWP,WE,Towers with Radar,161,76,49,1,287,0,1,43,3,47,161,77,92,4,334,64,0,64,398
06/01/2018,BUR,CA,AWP,WE,Towers with Radar,151,67,29,1,248,0,0,56,0,56,151,67,85,1,304,84,0,84,388
06/02/2018,BUR,CA,AWP,WE,Towers with Radar,100,32,32,0,164,0,3,50,1,54,100,35,82,1,218,106,0,106,324
06/03/2018,BUR,CA,AWP,WE,Towers with Radar,138,56,21,2,217,0,0,52,1,53,138,56,73,3,270,64,0,64,334
06/04/2018,BUR,CA,AWP,WE,Towers with Radar,151,58,31,1,241,0,1,35,0,36,151,59,66,1,277,80,0,80,357
06/05/2018,BUR,CA,AWP,WE,Towers with Radar,159,70,39,0,268,0,1,59,0,60,159,71,98,0,328,74,0,74,402
06/06/2018,BUR,CA,AWP,WE,Towers with Radar,156,60,41,0,257,0,5,49,3,57,156,65,90,3,314,60,0,60,374
06/07/2018,BUR,CA,AWP,WE,Towers with Radar,159,50,22,0,231,0,2,58,1,61,159,52,80,1,292,102,0,102,394
06/08/2018,BUR,CA,AWP,WE,Towers with Radar,158,68,36,0,262,0,5,71,0,76,158,73,107,0,338,76,0,76,414
06/09/2018,BUR,CA,AWP,WE,Towers with Radar,106,38,23,0,167,0,1,66,1,68,106,39,89,1,235,86,0,86,321
06/10/2018,BUR,CA,AWP,WE,Towers with Radar,140,49,61,2,252,0,2,50,1,53,140,51,111,3,305,36,0,36,341
06/11/2018,BUR,CA,AWP,WE,Towers with Radar,163,60,43,2,268,0,1,49,0,50,163,61,92,2,318,52,0,52,370
06/12/2018,BUR,CA,AWP,WE,Towers with Radar,166,61,50,1,278,0,5,60,0,65,166,66,110,1,343,120,0,120,463
06/13/2018,BUR,CA,AWP,WE,Towers with Radar,154,63,43,0,260,0,1,48,0,49,154,64,91,0,309,72,0,72,381
06/14/2018,BUR,CA,AWP,WE,Towers with Radar,165,66,51,1,283,0,4,59,0,63,165,70,110,1,346,46,0,46,392
06/15/2018,BUR,CA,AWP,WE,Towers with Radar,161,56,53,0,270,0,2,53,1,56,161,58,106,1,326,88,0,88,414
06/16/2018,BUR,CA,AWP,WE,Towers with Radar,109,23,36,0,168,0,1,37,2,40,109,24,73,2,208,94,0,94,302
06/17/2018,BUR,CA,AWP,WE,Towers with Radar,140,49,48,0,237,0,1,38,0,39,140,50,86,0,276,6,0,6,282
06/18/2018,BUR,CA,AWP,WE,Towers with Radar,163,56,30,0,249,0,4,36,1,41,163,60,66,1,290,90,0,90,380
06/19/2018,BUR,CA,AWP,WE,Towers with Radar,159,55,28,1,243,0,2,51,4,57,159,57,79,5,300,72,0,72,372
06/20/2018,BUR,CA,AWP,WE,Towers with Radar,162,49,33,0,244,0,4,62,6,72,162,53,95,6,316,78,0,78,394
06/21/2018,BUR,CA,AWP,WE,Towers with Radar,164,60,47,0,271,0,4,46,1,51,164,64,93,1,322,44,0,44,366
06/22/2018,BUR,CA,AWP,WE,Towers with Radar,160,68,39,0,267,0,1,49,0,50,160,69,88,0,317,80,0,80,397
06/23/2018,BUR,CA,AWP,WE,Towers with Radar,107,26,32,0,165,0,0,45,0,45,107,26,77,0,210,60,0,60,270
06/24/2018,BUR,CA,AWP,WE,Towers with Radar,138,62,45,0,245,0,5,43,1,49,138,67,88,1,294,126,0,126,420
06/25/2018,BUR,CA,AWP,WE,Towers with Radar,163,50,52,0,265,0,2,42,2,46,163,52,94,2,311,86,0,86,397
06/26/2018,BUR,CA,AWP,WE,Towers with Radar,166,66,38,0,270,0,1,50,1,52,166,67,88,1,322,162,0,162,484
06/27/2018,BUR,CA,AWP,WE,Towers with Radar,162,55,41,0,258,0,0,58,6,64,162,55,99,6,322,128,0,128,450
06/28/2018,BUR,CA,AWP,WE,Towers with Radar,155,60,41,0,256,0,1,64,5,70,155,61,105,5,326,50,0,50,376
06/29/2018,BUR,CA,AWP,WE,Towers with Radar,159,66,47,1,273,0,2,39,4,45,159,68,86,5,318,22,0,22,340
06/30/2018,BUR,CA,AWP,WE,Towers with Radar,107,30,29,2,168,0,7,46,0,53,107,37,75,2,221,50,0,50,271
07/01/2018,BUR,CA,AWP,WE,Towers with Radar,136,56,31,0,223,0,0,47,1,48,136,56,78,1,271,106,0,106,377
07/02/2018,BUR,CA,AWP,WE,Towers with Radar,157,52,25,0,234,0,5,55,2,62,157,57,80,2,296,134,0,134,430
07/03/2018,BUR,CA,AWP,WE,Towers with Radar,122,44,30,1,197,0,1,43,0,44,122,45,73,1,241,16,0,16,257
07/04/2018,BUR,CA,AWP,WE,Towers with Radar,108,34,8,0,150,0,2,50,2,54,108,36,58,2,204,36,0,36,240
07/05/2018,BUR,CA,AWP,WE,Towers with Radar,156,44,27,0,227,0,0,43,2,45,156,44,70,2,272,154,0,154,426
07/06/2018,BUR,CA,AWP,WE,Towers with Radar,159,50,22,1,232,0,1,30,3,34,159,51,52,4,266,22,0,22,288
07/07/2018,BUR,CA,AWP,WE,Towers with Radar,107,37,19,0,163,0,0,53,2,55,107,37,72,2,218,22,0,22,240
07/08/2018,BUR,CA,AWP,WE,Towers with Radar,143,53,30,0,226,0,0,37,5,42,143,53,67,5,268,6,0,6,274
07/09/2018,BUR,CA,AWP,WE,Towers with Radar,166,56,36,0,258,0,1,38,3,42,166,57,74,3,300,88,0,88,388
07/10/2018,BUR,CA,AWP,WE,Towers with Radar,167,48,46,0,261,0,2,53,1,56,167,50,99,1,317,111,0,111,428
07/11/2018,BUR,CA,AWP,WE,Towers with Radar,166,54,46,0,266,0,1,32,2,35,166,55,78,2,301,60,0,60,361
07/12/2018,BUR,CA,AWP,WE,Towers with Radar,169,42,34,0,245,0,1,55,2,58,169,43,89,2,303,36,0,36,339
07/13/2018,BUR,CA,AWP,WE,Towers with Radar,167,47,32,1,247,0,0,47,0,47,167,47,79,1,294,76,0,76,370
07/14/2018,BUR,CA,AWP,WE,Towers with Radar,111,28,34,4,177,0,0,57,3,60,111,28,91,7,237,110,0,110,347
07/15/2018,BUR,CA,AWP,WE,Towers with Radar,142,59,51,3,255,0,2,44,1,47,142,61,95,4,302,196,0,196,498
07/16/2018,BUR,CA,AWP,WE,Towers with Radar,165,58,37,0,260,0,3,45,0,48,165,61,82,0,308,112,0,112,420
07/17/2018,BUR,CA,AWP,WE,Towers with Radar,168,53,34,0,255,0,2,46,1,49,168,55,80,1,304,82,0,82,386
07/18/2018,BUR,CA,AWP,WE,Towers with Radar,163,74,56,0,293,0,2,36,0,38,163,76,92,0,331,40,0,40,371
07/19/2018,BUR,CA,AWP,WE,Towers with Radar,171,62,42,0,275,0,1,37,1,39,171,63,79,1,314,56,0,56,370
07/20/2018,BUR,CA,AWP,WE,Towers with Radar,166,63,50,1,280,0,2,35,2,39,166,65,85,3,319,20,0,20,339
07/21/2018,BUR,CA,AWP,WE,Towers with Radar,108,38,35,4,185,0,3,44,1,48,108,41,79,5,233,34,0,34,267
07/22/2018,BUR,CA,AWP,WE,Towers with Radar,149,59,40,1,249,0,2,48,0,50,149,61,88,1,299,30,0,30,329
07/23/2018,BUR,CA,AWP,WE,Towers with Radar,165,55,33,0,253,0,1,49,1,51,165,56,82,1,304,24,0,24,328
07/24/2018,BUR,CA,AWP,WE,Towers with Radar,173,46,29,0,248,0,7,53,2,62,173,53,82,2,310,54,0,54,364
07/25/2018,BUR,CA,AWP,WE,Towers with Radar,166,50,36,0,252,0,4,45,2,51,166,54,81,2,303,82,0,82,385
07/26/2018,BUR,CA,AWP,WE,Towers with Radar,166,63,52,0,281,0,2,60,0,62,166,65,112,0,343,62,0,62,405
07/27/2018,BUR,CA,AWP,WE,Towers with Radar,164,64,36,1,265,0,3,53,0,56,164,67,89,1,321,48,0,48,369
07/28/2018,BUR,CA,AWP,WE,Towers with Radar,113,38,34,2,187,0,1,34,0,35,113,39,68,2,222,24,0,24,246
07/29/2018,BUR,CA,AWP,WE,Towers with Radar,146,53,45,2,246,0,2,39,2,43,146,55,84,4,289,4,0,4,293
07/30/2018,BUR,CA,AWP,WE,Towers with Radar,163,55,27,2,247,0,4,39,1,44,163,59,66,3,291,50,0,50,341
07/31/2018,BUR,CA,AWP,WE,Towers with Radar,163,50,27,0,240,0,2,37,1,40,163,52,64,1,280,46,0,46,326
08/01/2018,BUR,CA,AWP,WE,Towers with Radar,164,61,40,0,265,0,3,53,1,57,164,64,93,1,322,62,0,62,384
08/02/2018,BUR,CA,AWP,WE,Towers with Radar,162,55,32,0,249,0,3,42,4,49,162,58,74,4,298,18,0,18,316
08/03/2018,BUR,CA,AWP,WE,Towers with Radar,167,66,51,1,285,0,1,62,0,63,167,67,113,1,348,31,0,31,379
08/04/2018,BUR,CA,AWP,WE,Towers with Radar,107,26,26,2,161,0,4,55,0,59,107,30,81,2,220,46,0,46,266
08/05/2018,BUR,CA,AWP,WE,Towers with Radar,146,59,52,2,259,0,0,44,0,44,146,59,96,2,303,18,0,18,321
08/06/2018,BUR,CA,AWP,WE,Towers with Radar,165,53,29,1,248,0,1,40,1,42,165,54,69,2,290,22,0,22,312
08/07/2018,BUR,CA,AWP,WE,Towers with Radar,168,55,31,0,254,0,0,38,0,38,168,55,69,0,292,40,0,40,332
08/08/2018,BUR,CA,AWP,WE,Towers with Radar,156,50,29,2,237,0,2,37,3,42,156,52,66,5,279,114,0,114,393
08/09/2018,BUR,CA,AWP,WE,Towers with Radar,162,68,38,0,268,0,3,39,3,45,162,71,77,3,313,30,0,30,343
08/10/2018,BUR,CA,AWP,WE,Towers with Radar,163,64,43,1,271,0,1,69,1,71,163,65,112,2,342,184,0,184,526
08/11/2018,BUR,CA,AWP,WE,Towers with Radar,103,33,20,0,156,0,1,29,0,30,103,34,49,0,186,0,0,0,186
08/12/2018,BUR,CA,AWP,WE,Towers with Radar,139,51,26,2,218,0,0,39,1,40,139,51,65,3,258,24,0,24,282
08/13/2018,BUR,CA,AWP,WE,Towers with Radar,169,58,43,2,272,0,6,40,0,46,169,64,83,2,318,12,0,12,330
08/14/2018,BUR,CA,AWP,WE,Towers with Radar,165,54,43,0,262,0,2,48,0,50,165,56,91,0,312,62,0,62,374
08/15/2018,BUR,CA,AWP,WE,Towers with Radar,165,55,40,0,260,0,3,52,2,57,165,58,92,2,317,130,0,130,447
08/16/2018,BUR,CA,AWP,WE,Towers with Radar,171,82,39,0,292,0,3,60,2,65,171,85,99,2,357,152,0,152,509
08/17/2018,BUR,CA,AWP,WE,Towers with Radar,166,67,37,1,271,0,1,65,0,66,166,68,102,1,337,52,0,52,389
08/18/2018,BUR,CA,AWP,WE,Towers with Radar,105,27,23,0,155,0,2,48,0,50,105,29,71,0,205,56,0,56,261
08/19/2018,BUR,CA,AWP,WE,Towers with Radar,142,53,39,0,234,0,0,43,0,43,142,53,82,0,277,52,0,52,329
08/20/2018,BUR,CA,AWP,WE,Towers with Radar,161,56,41,0,258,0,1,64,1,66,161,57,105,1,324,172,0,172,496
08/21/2018,BUR,CA,AWP,WE,Towers with Radar,163,52,43,0,258,0,3,50,0,53,163,55,93,0,311,98,0,98,409
08/22/2018,BUR,CA,AWP,WE,Towers with Radar,155,66,44,0,265,0,3,46,3,52,155,69,90,3,317,64,0,64,381
08/23/2018,BUR,CA,AWP,WE,Towers with Radar,164,65,49,1,279,0,1,50,0,51,164,66,99,1,330,106,0,106,436
08/24/2018,BUR,CA,AWP,WE,Towers with Radar,159,67,40,1,267,0,1,49,2,52,159,68,89,3,319,62,0,62,381
08/25/2018,BUR,CA,AWP,WE,Towers with Radar,95,36,28,1,160,0,2,38,1,41,95,38,66,2,201,140,0,140,341
08/26/2018,BUR,CA,AWP,WE,Towers with Radar,137,66,34,0,237,0,1,47,0,48,137,67,81,0,285,0,0,0,285
08/27/2018,BUR,CA,AWP,WE,Towers with Radar,159,69,40,1,269,0,1,33,0,34,159,70,73,1,303,32,0,32,335
08/28/2018,BUR,CA,AWP,WE,Towers with Radar,162,53,28,0,243,0,3,44,0,47,162,56,72,0,290,12,0,12,302
08/29/2018,BUR,CA,AWP,WE,Towers with Radar,158,59,32,0,249,0,3,39,2,44,158,62,71,2,293,84,0,84,377
08/30/2018,BUR,CA,AWP,WE,Towers with Radar,166,68,37,0,271,0,4,49,2,55,166,72,86,2,326,82,0,82,408
08/31/2018,BUR,CA,AWP,WE,Towers with Radar,158,73,43,0,274,0,2,53,0,55,158,75,96,0,329,68,0,68,397
09/01/2018,BUR,CA,AWP,WE,Towers with Radar,97,39,39,0,175,0,3,49,1,53,97,42,88,1,228,16,0,16,244
09/02/2018,BUR,CA,AWP,WE,Towers with Radar,91,44,34,0,169,0,1,40,2,43,91,45,74,2,212,4,0,4,216
09/03/2018,BUR,CA,AWP,WE,Towers with Radar,149,66,56,0,271,0,3,57,0,60,149,69,113,0,331,22,0,22,353
09/04/2018,BUR,CA,AWP,WE,Towers with Radar,164,61,36,2,263,0,1,38,0,39,164,62,74,2,302,40,0,40,342
09/05/2018,BUR,CA,AWP,WE,Towers with Radar,162,51,31,0,244,0,1,28,2,31,162,52,59,2,275,52,0,52,327
09/06/2018,BUR,CA,AWP,WE,Towers with Radar,164,70,32,0,266,0,0,38,0,38,164,70,70,0,304,70,0,70,374
09/07/2018,BUR,CA,AWP,WE,Towers with Radar,165,66,42,0,273,0,5,36,0,41,165,71,78,0,314,80,0,80,394
09/08/2018,BUR,CA,AWP,WE,Towers with Radar,101,34,27,0,162,0,4,38,0,42,101,38,65,0,204,0,0,0,204
09/09/2018,BUR,CA,AWP,WE,Towers with Radar,145,49,39,0,233,0,2,30,4,36,145,51,69,4,269,6,0,6,275
09/10/2018,BUR,CA,AWP,WE,Towers with Radar,164,52,29,0,245,0,1,34,0,35,164,53,63,0,280,58,0,58,338
09/11/2018,BUR,CA,AWP,WE,Towers with Radar,167,55,32,0,254,0,7,54,0,61,167,62,86,0,315,54,0,54,369
09/12/2018,BUR,CA,AWP,WE,Towers with Radar,161,74,38,0,273,0,2,40,2,44,161,76,78,2,317,38,0,38,355
09/13/2018,BUR,CA,AWP,WE,Towers with Radar,166,66,41,0,273,0,7,57,0,64,166,73,98,0,337,38,0,38,375
09/14/2018,BUR,CA,AWP,WE,Towers with Radar,164,79,37,0,280,0,3,62,1,66,164,82,99,1,346,78,0,78,424
09/15/2018,BUR,CA,AWP,WE,Towers with Radar,106,34,40,0,180,0,1,38,0,39,106,35,78,0,219,4,0,4,223
09/16/2018,BUR,CA,AWP,WE,Towers with Radar,143,49,37,1,230,0,2,62,1,65,143,51,99,2,295,82,0,82,377
09/17/2018,BUR,CA,AWP,WE,Towers with Radar,169,60,38,0,267,0,1,25,0,26,169,61,63,0,293,90,0,90,383
09/18/2018,BUR,CA,AWP,WE,Towers with Radar,161,65,40,1,267,0,4,43,1,48,161,69,83,2,315,84,0,84,399
09/19/2018,BUR,CA,AWP,WE,Towers with Radar,161,61,33,2,257,0,4,59,1,64,161,65,92,3,321,76,0,76,397
09/20/2018,BUR,CA,AWP,WE,Towers with Radar,171,65,51,0,287,0,4,39,3,46,171,69,90,3,333,132,0,132,465
09/21/2018,BUR,CA,AWP,WE,Towers with Radar,167,60,34,2,263,0,2,48,2,52,167,62,82,4,315,48,0,48,363
09/22/2018,BUR,CA,AWP,WE,Towers with Radar,102,39,32,3,176,0,2,53,1,56,102,41,85,4,232,60,0,60,292
09/23/2018,BUR,CA,AWP,WE,Towers with Radar,142,41,31,2,216,0,1,66,0,67,142,42,97,2,283,54,0,54,337
09/24/2018,BUR,CA,AWP,WE,Towers with Radar,167,57,34,1,259,0,2,29,0,31,167,59,63,1,290,0,0,0,290
09/25/2018,BUR,CA,AWP,WE,Towers with Radar,158,49,50,0,257,0,2,37,0,39,158,51,87,0,296,76,0,76,372
09/26/2018,BUR,CA,AWP,WE,Towers with Radar,162,55,44,0,261,0,3,62,1,66,162,58,106,1,327,78,0,78,405
09/27/2018,BUR,CA,AWP,WE,Towers with Radar,160,70,55,0,285,0,6,51,0,57,160,76,106,0,342,76,0,76,418
09/28/2018,BUR,CA,AWP,WE,Towers with Radar,168,64,46,1,279,0,0,43,0,43,168,64,89,1,322,40,0,40,362
09/29/2018,BUR,CA,AWP,WE,Towers with Radar,104,50,25,0,179,0,0,39,0,39,104,50,64,0,218,66,0,66,284
09/30/2018,BUR,CA,AWP,WE,Towers with Radar,145,62,34,1,242,0,0,43,0,43,145,62,77,1,285,40,0,40,325
10/01/2018,BUR,CA,AWP,WE,Towers with Radar,169,59,30,0,258,0,6,59,0,65,169,65,89,0,323,26,0,26,349
10/02/2018,BUR,CA,AWP,WE,Towers with Radar,163,53,34,0,250,0,0,61,0,61,163,53,95,0,311,66,0,66,377
10/03/2018,BUR,CA,AWP,WE,Towers with Radar,163,70,37,0,270,0,0,27,0,27,163,70,64,0,297,24,0,24,321
10/04/2018,BUR,CA,AWP,WE,Towers with Radar,175,60,48,0,283,0,0,49,0,49,175,60,97,0,332,16,0,16,348
10/05/2018,BUR,CA,AWP,WE,Towers with Radar,169,61,47,0,277,0,5,48,1,54,169,66,95,1,331,32,0,32,363
10/06/2018,BUR,CA,AWP,WE,Towers with Radar,102,45,34,0,181,0,0,37,0,37,102,45,71,0,218,12,0,12,230
10/07/2018,BUR,CA,AWP,WE,Towers with Radar,149,62,45,0,256,0,2,49,0,51,149,64,94,0,307,48,0,48,355
10/08/2018,BUR,CA,AWP,WE,Towers with Radar,168,69,31,0,268,0,1,27,0,28,168,70,58,0,296,24,0,24,320
10/09/2018,BUR,CA,AWP,WE,Towers with Radar,166,49,40,1,256,0,1,38,1,40,166,50,78,2,296,42,0,42,338
10/10/2018,BUR,CA,AWP,WE,Towers with Radar,173,64,57,0,294,0,0,51,1,52,173,64,108,1,346,84,0,84,430
10/11/2018,BUR,CA,AWP,WE,Towers with Radar,168,56,47,0,271,0,0,51,3,54,168,56,98,3,325,66,0,66,391
10/12/2018,BUR,CA,AWP,WE,Towers with Radar,166,72,49,0,287,0,3,68,4,75,166,75,117,4,362,92,0,92,454
10/13/2018,BUR,CA,AWP,WE,Towers with Radar,101,42,32,0,175,0,1,24,0,25,101,43,56,0,200,88,0,88,288
10/14/2018,BUR,CA,AWP,WE,Towers with Radar,148,60,36,0,244,0,0,33,1,34,148,60,69,1,278,16,0,16,294
10/15/2018,BUR,CA,AWP,WE,Towers with Radar,161,56,47,0,264,0,6,18,1,25,161,62,65,1,289,0,0,0,289
10/16/2018,BUR,CA,AWP,WE,Towers with Radar,175,62,30,0,267,0,4,47,0,51,175,66,77,0,318,34,0,34,352
10/17/2018,BUR,CA,AWP,WE,Towers with Radar,166,57,31,0,254,0,1,60,4,65,166,58,91,4,319,92,0,92,411
10/18/2018,BUR,CA,AWP,WE,Towers with Radar,170,59,51,0,280,0,2,52,0,54,170,61,103,0,334,96,0,96,430
10/19/2018,BUR,CA,AWP,WE,Towers with Radar,168,67,44,0,279,0,1,49,1,51,168,68,93,1,330,98,0,98,428
10/20/2018,BUR,CA,AWP,WE,Towers with Radar,101,32,26,0,159,0,1,45,0,46,101,33,71,0,205,84,0,84,289
10/21/2018,BUR,CA,AWP,WE,Towers with Radar,149,50,38,0,237,0,5,59,0,64,149,55,97,0,301,82,0,82,383
10/22/2018,BUR,CA,AWP,WE,Towers with Radar,161,58,31,0,250,0,3,41,0,44,161,61,72,0,294,84,0,84,378
10/23/2018,BUR,CA,AWP,WE,Towers with Radar,176,58,34,0,268,0,1,56,0,57,176,59,90,0,325,108,0,108,433
10/24/2018,BUR,CA,AWP,WE,Towers with Radar,170,52,48,0,270,0,1,50,1,52,170,53,98,1,322,82,0,82,404
10/25/2018,BUR,CA,AWP,WE,Towers with Radar,164,61,47,0,272,0,4,37,0,41,164,65,84,0,313,88,0,88,401
10/26/2018,BUR,CA,AWP,WE,Towers with Radar,168,81,66,2,317,0,4,65,2,71,168,85,131,4,388,84,0,84,472
10/27/2018,BUR,CA,AWP,WE,Towers with Radar,101,52,65,0,218,0,4,71,3,78,101,56,136,3,296,12,0,12,308
10/28/2018,BUR,CA,AWP,WE,Towers with Radar,140,80,65,0,285,0,1,48,0,49,140,81,113,0,334,136,0,136,470
10/29/2018,BUR,CA,AWP,WE,Towers with Radar,158,72,54,0,284,0,1,49,1,51,158,73,103,1,335,60,0,60,395
10/30/2018,BUR,CA,AWP,WE,Towers with Radar,159,54,43,0,256,0,1,36,0,37,159,55,79,0,293,76,0,76,369
10/31/2018,BUR,CA,AWP,WE,Towers with Radar,125,51,43,1,220,0,1,55,1,57,125,52,98,2,277,96,0,96,373
11/01/2018,BUR,CA,AWP,WE,Towers with Radar,165,54,59,2,280,0,3,64,0,67,165,57,123,2,347,80,0,80,427
11/02/2018,BUR,CA,AWP,WE,Towers with Radar,158,62,42,1,263,0,4,47,5,56,158,66,89,6,319,30,0,30,349
11/03/2018,BUR,CA,AWP,WE,Towers with Radar,99,36,23,0,158,0,4,74,1,79,99,40,97,1,237,32,0,32,269
11/04/2018,BUR,CA,AWP,WE,Towers with Radar,144,62,42,0,248,0,0,46,0,46,144,62,88,0,294,84,0,84,378
11/05/2018,BUR,CA,AWP,WE,Towers with Radar,157,69,43,0,269,0,2,37,0,39,157,71,80,0,308,20,0,20,328
11/06/2018,BUR,CA,AWP,WE,Towers with Radar,162,71,31,0,264,0,0,46,0,46,162,71,77,0,310,46,0,46,356
11/07/2018,BUR,CA,AWP,WE,Towers with Radar,164,59,58,2,283,0,2,55,0,57,164,61,113,2,340,68,0,68,408
11/08/2018,BUR,CA,AWP,WE,Towers with Radar,164,66,52,1,283,0,4,43,0,47,164,70,95,1,330,46,0,46,376
11/09/2018,BUR,CA,AWP,WE,Towers with Radar,163,69,34,0,266,0,2,53,2,57,163,71,87,2,323,66,0,66,389
11/10/2018,BUR,CA,AWP,WE,Towers with Radar,99,44,35,0,178,0,0,33,0,33,99,44,68,0,211,0,0,0,211
11/11/2018,BUR,CA,AWP,WE,Towers with Radar,145,61,30,0,236,0,2,23,0,25,145,63,53,0,261,20,0,20,281
11/12/2018,BUR,CA,AWP,WE,Towers with Radar,162,54,20,0,236,0,2,29,0,31,162,56,49,0,267,72,0,72,339
11/13/2018,BUR,CA,AWP,WE,Towers with Radar,163,63,30,0,256,0,0,40,0,40,163,63,70,0,296,128,0,128,424
11/14/2018,BUR,CA,AWP,WE,Towers with Radar,162,65,28,0,255,0,3,32,0,35,162,68,60,0,290,46,0,46,336
11/15/2018,BUR,CA,AWP,WE,Towers with Radar,163,58,42,3,266,0,1,41,4,46,163,59,83,7,312,40,0,40,352
11/16/2018,BUR,CA,AWP,WE,Towers with Radar,167,73,41,3,284,6,1,55,0,62,173,74,96,3,346,54,0,54,400
11/17/2018,BUR,CA,AWP,WE,Towers with Radar,122,38,35,0,195,0,6,46,2,54,122,44,81,2,249,2,0,2,251
11/18/2018,BUR,CA,AWP,WE,Towers with Radar,147,56,26,1,230,0,0,40,1,41,147,56,66,2,271,86,0,86,357
11/19/2018,BUR,CA,AWP,WE,Towers with Radar,161,64,36,0,261,0,0,46,0,46,161,64,82,0,307,74,0,74,381
11/20/2018,BUR,CA,AWP,WE,Towers with Radar,172,61,41,0,274,0,0,55,0,55,172,61,96,0,329,106,0,106,435
11/21/2018,BUR,CA,AWP,WE,Towers with Radar,174,77,47,0,298,0,0,25,0,25,174,77,72,0,323,86,0,86,409
11/22/2018,BUR,CA,AWP,WE,Towers with Radar,104,24,14,1,143,0,0,10,0,10,104,24,24,1,153,4,0,4,157
11/23/2018,BUR,CA,AWP,WE,Towers with Radar,150,42,17,1,210,0,1,53,0,54,150,43,70,1,264,32,0,32,296
11/24/2018,BUR,CA,AWP,WE,Towers with Radar,142,37,19,0,198,0,1,40,0,41,142,38,59,0,239,72,0,72,311
11/25/2018,BUR,CA,AWP,WE,Towers with Radar,168,63,47,1,279,0,1,43,0,44,168,64,90,1,323,50,0,50,373
11/26/2018,BUR,CA,AWP,WE,Towers with Radar,175,65,53,0,293,0,0,25,0,25,175,65,78,0,318,44,0,44,362
11/27/2018,BUR,CA,AWP,WE,Towers with Radar,166,69,44,0,279,0,3,49,2,54,166,72,93,2,333,68,0,68,401
11/28/2018,BUR,CA,AWP,WE,Towers with Radar,159,74,47,0,280,0,1,38,0,39,159,75,85,0,319,70,0,70,389
11/29/2018,BUR,CA,AWP,WE,Towers with Radar,164,61,42,1,268,0,0,17,0,17,164,61,59,1,285,12,0,12,297
11/30/2018,BUR,CA,AWP,WE,Towers with Radar,157,75,50,0,282,0,3,53,1,57,157,78,103,1,339,114,0,114,453
12/01/2018,BUR,CA,AWP,WE,Towers with Radar,100,42,19,0,161,0,1,64,0,65,100,43,83,0,226,74,0,74,300
12/02/2018,BUR,CA,AWP,WE,Towers with Radar,128,64,23,3,218,0,4,41,2,47,128,68,64,5,265,20,0,20,285
12/03/2018,BUR,CA,AWP,WE,Towers with Radar,162,57,38,0,257,0,0,39,1,40,162,57,77,1,297,100,0,100,397
12/04/2018,BUR,CA,AWP,WE,Towers with Radar,160,68,39,0,267,0,1,59,0,60,160,69,98,0,327,78,0,78,405
12/05/2018,BUR,CA,AWP,WE,Towers with Radar,160,70,32,2,264,0,0,22,0,22,160,70,54,2,286,82,0,82,368
12/06/2018,BUR,CA,AWP,WE,Towers with Radar,111,77,42,2,232,0,0,25,0,25,111,77,67,2,257,4,0,4,261
12/07/2018,BUR,CA,AWP,WE,Towers with Radar,161,87,40,0,288,0,6,44,0,50,161,93,84,0,338,42,0,42,380
12/08/2018,BUR,CA,AWP,WE,Towers with Radar,99,44,22,0,165,0,0,38,0,38,99,44,60,0,203,22,0,22,225
12/09/2018,BUR,CA,AWP,WE,Towers with Radar,133,64,28,3,228,0,2,47,0,49,133,66,75,3,277,42,0,42,319
12/10/2018,BUR,CA,AWP,WE,Towers with Radar,161,70,41,4,276,0,2,36,2,40,161,72,77,6,316,120,0,120,436
12/11/2018,BUR,CA,AWP,WE,Towers with Radar,154,78,44,1,277,0,3,52,1,56,154,81,96,2,333,66,0,66,399
12/12/2018,BUR,CA,AWP,WE,Towers with Radar,162,72,51,1,286,0,3,50,2,55,162,75,101,3,341,46,0,46,387
12/13/2018,BUR,CA,AWP,WE,Towers with Radar,164,76,39,0,279,0,3,35,4,42,164,79,74,4,321,56,0,56,377
12/14/2018,BUR,CA,AWP,WE,Towers with Radar,162,73,48,1,284,0,0,32,0,32,162,73,80,1,316,24,0,24,340
12/15/2018,BUR,CA,AWP,WE,Towers with Radar,101,56,28,0,185,0,1,40,0,41,101,57,68,0,226,88,0,88,314
12/16/2018,BUR,CA,AWP,WE,Towers with Radar,129,51,28,0,208,0,0,34,0,34,129,51,62,0,242,24,0,24,266
12/17/2018,BUR,CA,AWP,WE,Towers with Radar,164,67,42,1,274,0,1,42,1,44,164,68,84,2,318,120,0,120,438
12/18/2018,BUR,CA,AWP,WE,Towers with Radar,168,63,32,0,263,0,0,30,3,33,168,63,62,3,296,62,0,62,358
12/19/2018,BUR,CA,AWP,WE,Towers with Radar,169,62,53,0,284,0,2,36,1,39,169,64,89,1,323,50,0,50,373
12/20/2018,BUR,CA,AWP,WE,Towers with Radar,173,73,40,0,286,0,1,40,5,46,173,74,80,5,332,30,0,30,362
12/21/2018,BUR,CA,AWP,WE,Towers with Radar,177,72,32,0,281,0,1,45,3,49,177,73,77,3,330,0,0,0,330
12/22/2018,BUR,CA,AWP,WE,Towers with Radar,144,45,42,0,231,0,1,47,0,48,144,46,89,0,279,18,0,18,297
12/23/2018,BUR,CA,AWP,WE,Towers with Radar,168,58,27,0,253,0,2,30,1,33,168,60,57,1,286,0,0,0,286
12/24/2018,BUR,CA,AWP,WE,Towers with Radar,132,54,7,0,193,0,1,19,1,21,132,55,26,1,214,8,0,8,222
12/25/2018,BUR,CA,AWP,WE,Towers with Radar,132,31,10,0,173,0,0,10,1,11,132,31,20,1,184,24,0,24,208
12/26/2018,BUR,CA,AWP,WE,Towers with Radar,169,66,44,0,279,0,3,38,1,42,169,69,82,1,321,32,0,32,353
12/27/2018,BUR,CA,AWP,WE,Towers with Radar,167,72,21,0,260,0,0,22,0,22,167,72,43,0,282,6,0,6,288
12/28/2018,BUR,CA,AWP,WE,Towers with Radar,169,80,27,0,276,0,2,35,0,37,169,82,62,0,313,4,0,4,317
12/29/2018,BUR,CA,AWP,WE,Towers with Radar,142,48,25,0,215,0,0,39,0,39,142,48,64,0,254,137,0,137,391
12/30/2018,BUR,CA,AWP,WE,Towers with Radar,161,62,20,0,243,0,2,40,2,44,161,64,60,2,287,38,0,38,325
12/31/2018,BUR,CA,AWP,WE,Towers with Radar,137,68,20,0,225,0,0,39,0,39,137,68,59,0,264,6,0,6,270
01/01/2019,BUR,CA,AWP,WE,Towers with Radar,151,69,53,0,273,0,0,33,0,33,151,69,86,0,306,12,0,12,318
01/02/2019,BUR,CA,AWP,WE,Towers with Radar,179,65,50,0,294,0,2,37,1,40,179,67,87,1,334,16,0,16,350
01/03/2019,BUR,CA,AWP,WE,Towers with Radar,166,76,43,0,285,0,2,45,0,47,166,78,88,0,332,50,0,50,382
01/04/2019,BUR,CA,AWP,WE,Towers with Radar,158,76,42,0,276,0,0,51,1,52,158,76,93,1,328,32,0,32,360
01/05/2019,BUR,CA,AWP,WE,Towers with Radar,103,37,17,0,157,0,0,20,0,20,103,37,37,0,177,48,0,48,225
01/06/2019,BUR,CA,AWP,WE,Towers with Radar,139,46,38,0,223,0,0,32,0,32,139,46,70,0,255,54,0,54,309
01/07/2019,BUR,CA,AWP,WE,Towers with Radar,168,78,43,0,289,0,0,21,0,21,168,78,64,0,310,12,0,12,322
01/08/2019,BUR,CA,AWP,WE,Towers with Radar,164,65,34,2,265,0,2,41,0,43,164,67,75,2,308,36,0,36,344
01/09/2019,BUR,CA,AWP,WE,Towers with Radar,161,75,48,0,284,0,3,34,3,40,161,78,82,3,324,24,0,24,348
01/10/2019,BUR,CA,AWP,WE,Towers with Radar,168,68,39,0,275,0,1,33,0,34,168,69,72,0,309,84,0,84,393
01/11/2019,BUR,CA,AWP,WE,Towers with Radar,169,84,41,0,294,0,1,49,0,50,169,85,90,0,344,122,0,122,466
01/12/2019,BUR,CA,AWP,WE,Towers with Radar,92,44,32,0,168,0,1,28,1,30,92,45,60,1,198,18,0,18,216
01/13/2019,BUR,CA,AWP,WE,Towers with Radar,135,80,31,0,246,0,1,34,1,36,135,81,65,1,282,62,0,62,344
01/14/2019,BUR,CA,AWP,WE,Towers with Radar,154,58,30,0,242,0,0,17,0,17,154,58,47,0,259,0,0,0,259
01/15/2019,BUR,CA,AWP,WE,Towers with Radar,161,70,33,0,264,0,0,18,0,18,161,70,51,0,282,164,0,164,446
01/16/2019,BUR,CA,AWP,WE,Towers with Radar,159,60,49,0,268,0,0,3,1,4,159,60,52,1,272,0,0,0,272
01/17/2019,BUR,CA,AWP,WE,Towers with Radar,171,59,23,0,253,0,0,13,0,13,171,59,36,0,266,0,0,0,266
01/18/2019,BUR,CA,AWP,WE,Towers with Radar,166,79,38,0,283,0,2,79,3,84,166,81,117,3,367,202,0,202,569
01/19/2019,BUR,CA,AWP,WE,Towers with Radar,89,43,33,0,165,0,5,36,2,43,89,48,69,2,208,24,0,24,232
01/20/2019,BUR,CA,AWP,WE,Towers with Radar,136,55,37,0,228,0,3,42,1,46,136,58,79,1,274,164,0,164,438
01/21/2019,BUR,CA,AWP,WE,Towers with Radar,155,68,36,0,259,0,2,19,2,23,155,70,55,2,282,72,0,72,354
01/22/2019,BUR,CA,AWP,WE,Towers with Radar,159,67,39,0,265,0,0,22,2,24,159,67,61,2,289,122,0,122,411
01/23/2019,BUR,CA,AWP,WE,Towers with Radar,168,61,33,0,262,0,4,59,1,64,168,65,92,1,326,290,0,290,616
01/24/2019,BUR,CA,AWP,WE,Towers with Radar,165,75,42,0,282,0,1,68,0,69,165,76,110,0,351,220,0,220,571
01/25/2019,BUR,CA,AWP,WE,Towers with Radar,161,71,28,0,260,0,1,60,0,61,161,72,88,0,321,170,0,170,491
01/26/2019,BUR,CA,AWP,WE,Towers with Radar,91,39,25,0,155,0,3,45,0,48,91,42,70,0,203,104,0,104,307
01/27/2019,BUR,CA,AWP,WE,Towers with Radar,135,68,38,0,241,0,1,31,2,34,135,69,69,2,275,42,0,42,317
01/28/2019,BUR,CA,AWP,WE,Towers with Radar,160,66,31,0,257,0,0,43,0,43,160,66,74,0,300,82,0,82,382
01/29/2019,BUR,CA,AWP,WE,Towers with Radar,158,67,29,2,256,0,0,64,0,64,158,67,93,2,320,176,0,176,496
01/30/2019,BUR,CA,AWP,WE,Towers with Radar,158,74,52,0,284,0,3,53,1,57,158,77,105,1,341,142,0,142,483
01/31/2019,BUR,CA,AWP,WE,Towers with Radar,163,77,52,2,294,0,2,28,1,31,163,79,80,3,325,122,0,122,447
02/01/2019,BUR,CA,AWP,WE,Towers with Radar,158,64,65,0,287,0,3,45,2,50,158,67,110,2,337,146,0,146,483
02/02/2019,BUR,CA,AWP,WE,Towers with Radar,73,41,16,1,131,0,1,15,1,17,73,42,31,2,148,98,0,98,246
02/03/2019,BUR,CA,AWP,WE,Towers with Radar,115,60,28,0,203,0,0,9,0,9,115,60,37,0,212,82,0,82,294
02/04/2019,BUR,CA,AWP,WE,Towers with Radar,159,75,45,0,279,2,0,9,0,11,161,75,54,0,290,132,0,132,422
02/05/2019,BUR,CA,AWP,WE,Towers with Radar,158,75,30,2,265,0,0,36,0,36,158,75,66,2,301,74,0,74,375
02/06/2019,BUR,CA,AWP,WE,Towers with Radar,157,73,40,0,270,0,0,37,2,39,157,73,77,2,309,44,0,44,353
02/07/2019,BUR,CA,AWP,WE,Towers with Radar,162,72,42,0,276,0,1,57,1,59,162,73,99,1,335,210,0,210,545
02/08/2019,BUR,CA,AWP,WE,Towers with Radar,159,86,35,0,280,0,2,55,0,57,159,88,90,0,337,112,0,112,449
02/09/2019,BUR,CA,AWP,WE,Towers with Radar,90,48,30,0,168,0,0,45,1,46,90,48,75,1,214,169,0,169,383
02/10/2019,BUR,CA,AWP,WE,Towers with Radar,130,72,50,2,254,0,2,20,0,22,130,74,70,2,276,122,0,122,398
02/11/2019,BUR,CA,AWP,WE,Towers with Radar,159,84,49,0,292,0,0,32,0,32,159,84,81,0,324,148,0,148,472
02/12/2019,BUR,CA,AWP,WE,Towers with Radar,151,69,43,2,265,0,0,44,1,45,151,69,87,3,310,124,0,124,434
02/13/2019,BUR,CA,AWP,WE,Towers with Radar,149,70,28,1,248,0,3,18,2,23,149,73,46,3,271,70,0,70,341
02/14/2019,BUR,CA,AWP,WE,Towers with Radar,138,96,36,0,270,0,0,33,1,34,138,96,69,1,304,0,0,0,304
02/15/2019,BUR,CA,AWP,WE,Towers with Radar,167,80,35,2,284,0,0,18,2,20,167,80,53,4,304,16,0,16,320
02/16/2019,BUR,CA,AWP,WE,Towers with Radar,92,44,21,3,160,0,2,56,0,58,92,46,77,3,218,84,0,84,302
02/17/2019,BUR,CA,AWP,WE,Towers with Radar,109,58,33,0,200,0,0,35,3,38,109,58,68,3,238,80,0,80,318
02/18/2019,BUR,CA,AWP,WE,Towers with Radar,160,85,42,1,288,0,2,58,2,62,160,87,100,3,350,54,0,54,404
02/19/2019,BUR,CA,AWP,WE,Towers with Radar,165,75,39,1,280,0,0,41,1,42,165,75,80,2,322,56,0,56,378
02/20/2019,BUR,CA,AWP,WE,Towers with Radar,159,75,49,1,284,0,3,33,0,36,159,78,82,1,320,70,0,70,390
02/21/2019,BUR,CA,AWP,WE,Towers with Radar,150,74,53,2,279,0,3,42,1,46,150,77,95,3,325,110,0,110,435
02/22/2019,BUR,CA,AWP,WE,Towers with Radar,159,86,41,1,287,0,5,64,1,70,159,91,105,2,357,104,0,104,461
02/23/2019,BUR,CA,AWP,WE,Towers with Radar,95,47,24,0,166,0,3,63,2,68,95,50,87,2,234,90,0,90,324
02/24/2019,BUR,CA,AWP,WE,Towers with Radar,141,69,49,0,259,0,1,57,1,59,141,70,106,1,318,44,0,44,362
02/25/2019,BUR,CA,AWP,WE,Towers with Radar,159,58,54,0,271,0,5,57,1,63,159,63,111,1,334,4,0,4,338
02/26/2019,BUR,CA,AWP,WE,Towers with Radar,167,67,43,0,277,0,3,50,0,53,167,70,93,0,330,32,0,32,362
02/27/2019,BUR,CA,AWP,WE,Towers with Radar,163,69,38,0,270,0,3,26,3,32,163,72,64,3,302,24,0,24,326
02/28/2019,BUR,CA,AWP,WE,Towers with Radar,167,79,35,1,282,0,2,34,2,38,167,81,69,3,320,68,0,68,388
03/01/2019,BUR,CA,AWP,WE,Towers with Radar,153,84,36,0,273,0,1,54,2,57,153,85,90,2,330,148,0,148,478
03/02/2019,BUR,CA,AWP,WE,Towers with Radar,100,42,11,0,153,0,0,13,0,13,100,42,24,0,166,4,0,4,170
03/03/2019,BUR,CA,AWP,WE,Towers with Radar,136,71,36,0,243,0,0,21,0,21,136,71,57,0,264,50,0,50,314
03/04/2019,BUR,CA,AWP,WE,Towers with Radar,166,71,42,0,279,0,0,33,1,34,166,71,75,1,313,36,0,36,349
03/05/2019,BUR,CA,AWP,WE,Towers with Radar,174,91,35,0,300,0,0,36,0,36,174,91,71,0,336,48,0,48,384
03/06/2019,BUR,CA,AWP,WE,Towers with Radar,152,69,49,4,274,0,0,7,0,7,152,69,56,4,281,0,0,0,281
03/07/2019,BUR,CA,AWP,WE,Towers with Radar,161,82,36,0,279,0,1,55,1,57,161,83,91,1,336,258,0,258,594
03/08/2019,BUR,CA,AWP,WE,Towers with Radar,162,74,32,0,268,1,3,55,2,61,163,77,87,2,329,172,0,172,501
03/09/2019,BUR,CA,AWP,WE,Towers with Radar,103,34,30,0,167,0,1,60,0,61,103,35,90,0,228,142,0,142,370
03/10/2019,BUR,CA,AWP,WE,Towers with Radar,143,59,29,0,231,0,1,38,0,39,143,60,67,0,270,26,0,26,296
03/11/2019,BUR,CA,AWP,WE,Towers with Radar,158,73,36,0,267,0,1,34,1,36,158,74,70,1,303,80,0,80,383
03/12/2019,BUR,CA,AWP,WE,Towers with Radar,168,63,46,0,277,0,3,45,1,49,168,66,91,1,326,50,0,50,376
03/13/2019,BUR,CA,AWP,WE,Towers with Radar,153,58,38,0,249,0,2,41,1,44,153,60,79,1,293,112,0,112,405
03/14/2019,BUR,CA,AWP,WE,Towers with Radar,169,71,38,0,278,0,1,47,0,48,169,72,85,0,326,226,0,226,552
03/15/2019,BUR,CA,AWP,WE,Towers with Radar,167,78,44,0,289,0,0,43,1,44,167,78,87,1,333,138,0,138,471
03/16/2019,BUR,CA,AWP,WE,Towers with Radar,102,36,21,0,159,0,0,34,1,35,102,36,55,1,194,38,0,38,232
03/17/2019,BUR,CA,AWP,WE,Towers with Radar,145,61,31,0,237,0,3,47,1,51,145,64,78,1,288,48,0,48,336
03/18/2019,BUR,CA,AWP,WE,Towers with Radar,168,61,40,0,269,0,1,57,0,58,168,62,97,0,327,86,0,86,413
03/19/2019,BUR,CA,AWP,WE,Towers with Radar,163,74,31,0,268,0,1,52,0,53,163,75,83,0,321,222,0,222,543
03/20/2019,BUR,CA,AWP,WE,Towers with Radar,159,75,32,0,266,0,1,21,2,24,159,76,53,2,290,90,0,90,380
03/21/2019,BUR,CA,AWP,WE,Towers with Radar,159,68,49,0,276,0,0,17,0,17,159,68,66,0,293,60,0,60,353
03/22/2019,BUR,CA,AWP,WE,Towers with Radar,161,73,39,1,274,2,4,53,0,59,163,77,92,1,333,98,0,98,431
03/23/2019,BUR,CA,AWP,WE,Towers with Radar,102,38,29,0,169,0,3,41,1,45,102,41,70,1,214,110,0,110,324
03/24/2019,BUR,CA,AWP,WE,Towers with Radar,147,64,42,1,254,0,5,38,0,43,147,69,80,1,297,40,0,40,337
03/25/2019,BUR,CA,AWP,WE,Towers with Radar,163,63,35,0,261,0,1,41,1,43,163,64,76,1,304,64,0,64,368
03/26/2019,BUR,CA,AWP,WE,Towers with Radar,163,62,34,1,260,0,0,41,0,41,163,62,75,1,301,146,0,146,447
03/27/2019,BUR,CA,AWP,WE,Towers with Radar,158,78,52,0,288,0,3,51,0,54,158,81,103,0,342,62,0,62,404
03/28/2019,BUR,CA,AWP,WE,Towers with Radar,167,90,55,0,312,0,3,66,1,70,167,93,121,1,382,110,0,110,492
03/29/2019,BUR,CA,AWP,WE,Towers with Radar,163,87,28,0,278,0,2,56,2,60,163,89,84,2,338,0,0,0,338
03/30/2019,BUR,CA,AWP,WE,Towers with Radar,106,44,18,0,168,0,5,50,0,55,106,49,68,0,223,26,0,26,249
03/31/2019,BUR,CA,AWP,WE,Towers with Radar,147,63,35,0,245,0,1,44,2,47,147,64,79,2,292,26,0,26,318
04/01/2019,BUR,CA,AWP,WE,Towers with Radar,157,74,38,2,271,0,2,42,1,45,157,76,80,3,316,18,0,18,334
04/02/2019,BUR,CA,AWP,WE,Towers with Radar,175,67,60,0,302,0,9,52,0,61,175,76,112,0,363,36,0,36,399
04/03/2019,BUR,CA,AWP,WE,Towers with Radar,165,78,70,2,315,0,4,44,0,48,165,82,114,2,363,76,0,76,439
04/04/2019,BUR,CA,AWP,WE,Towers with Radar,175,96,48,0,319,0,7,27,0,34,175,103,75,0,353,60,0,60,413
04/05/2019,BUR,CA,AWP,WE,Towers with Radar,174,95,49,1,319,0,1,31,0,32,174,96,80,1,351,56,0,56,407
04/06/2019,BUR,CA,AWP,WE,Towers with Radar,108,51,58,3,220,0,3,56,0,59,108,54,114,3,279,118,0,118,397
04/07/2019,BUR,CA,AWP,WE,Towers with Radar,151,89,53,0,293,0,1,50,1,52,151,90,103,1,345,36,0,36,381
04/08/2019,BUR,CA,AWP,WE,Towers with Radar,168,77,37,2,284,0,5,35,0,40,168,82,72,2,324,74,0,74,398
04/09/2019,BUR,CA,AWP,WE,Towers with Radar,161,73,31,0,265,0,6,25,0,31,161,79,56,0,296,30,0,30,326
04/10/2019,BUR,CA,AWP,WE,Towers with Radar,167,76,53,2,298,0,1,39,0,40,167,77,92,2,338,12,0,12,350
04/11/2019,BUR,CA,AWP,WE,Towers with Radar,172,87,51,3,313,0,6,37,2,45,172,93,88,5,358,62,0,62,420
04/12/2019,BUR,CA,AWP,WE,Towers with Radar,171,63,48,3,285,0,3,51,0,54,171,66,99,3,339,48,0,48,387
04/13/2019,BUR,CA,AWP,WE,Towers with Radar,105,42,36,2,185,0,4,71,1,76,105,46,107,3,261,50,0,50,311
04/14/2019,BUR,CA,AWP,WE,Towers with Radar,154,70,40,3,267,0,2,52,0,54,154,72,92,3,321,76,0,76,397
04/15/2019,BUR,CA,AWP,WE,Towers with Radar,170,81,47,1,299,0,1,69,1,71,170,82,116,2,370,76,0,76,446
04/16/2019,BUR,CA,AWP,WE,Towers with Radar,170,65,55,0,290,0,0,33,1,34,170,65,88,1,324,166,0,166,490
04/17/2019,BUR,CA,AWP,WE,Towers with Radar,175,71,49,0,295,0,4,72,0,76,175,75,121,0,371,274,0,274,645
04/18/2019,BUR,CA,AWP,WE,Towers with Radar,165,78,49,0,292,0,3,41,1,45,165,81,90,1,337,106,0,106,443
04/19/2019,BUR,CA,AWP,WE,Towers with Radar,167,74,35,3,279,0,1,53,0,54,167,75,88,3,333,58,0,58,391
04/20/2019,BUR,CA,AWP,WE,Towers with Radar,102,46,23,1,172,0,1,37,0,38,102,47,60,1,210,36,0,36,246
04/21/2019,BUR,CA,AWP,WE,Towers with Radar,157,61,48,1,267,0,5,40,0,45,157,66,88,1,312,32,0,32,344
04/22/2019,BUR,CA,AWP,WE,Towers with Radar,173,67,40,0,280,0,2,67,0,69,173,69,107,0,349,132,0,132,481
04/23/2019,BUR,CA,AWP,WE,Towers with Radar,174,64,47,0,285,0,4,34,0,38,174,68,81,0,323,28,0,28,351
04/24/2019,BUR,CA,AWP,WE,Towers with Radar,172,68,50,3,293,0,0,55,2,57,172,68,105,5,350,122,0,122,472
04/25/2019,BUR,CA,AWP,WE,Towers with Radar,169,75,57,0,301,0,1,46,2,49,169,76,103,2,350,68,0,68,418
04/26/2019,BUR,CA,AWP,WE,Towers with Radar,173,83,69,2,327,0,2,68,0,70,173,85,137,2,397,70,0,70,467
04/27/2019,BUR,CA,AWP,WE,Towers with Radar,107,49,41,0,197,0,3,39,4,46,107,52,80,4,243,60,0,60,303
04/28/2019,BUR,CA,AWP,WE,Towers with Radar,159,81,54,1,295,0,8,27,0,35,159,89,81,1,330,22,0,22,352
04/29/2019,BUR,CA,AWP,WE,Towers with Radar,165,70,38,0,273,0,1,71,0,72,165,71,109,0,345,104,0,104,449
04/30/2019,BUR,CA,AWP,WE,Towers with Radar,169,72,63,2,306,0,0,43,0,43,169,72,106,2,349,114,0,114,463
05/01/2019,BUR,CA,AWP,WE,Towers with Radar,170,83,69,0,322,0,5,48,3,56,170,88,117,3,378,138,0,138,516
05/02/2019,BUR,CA,AWP,WE,Towers with Radar,179,65,57,0,301,0,4,59,2,65,179,69,116,2,366,90,0,90,456
05/03/2019,BUR,CA,AWP,WE,Towers with Radar,174,75,62,14,325,0,0,55,1,56,174,75,117,15,381,10,0,10,391
05/04/2019,BUR,CA,AWP,WE,Towers with Radar,106,50,40,7,203,0,3,57,1,61,106,53,97,8,264,66,0,66,330
05/05/2019,BUR,CA,AWP,WE,Towers with Radar,154,67,53,0,274,0,1,52,0,53,154,68,105,0,327,84,0,84,411
05/06/2019,BUR,CA,AWP,WE,Towers with Radar,175,74,46,0,295,0,1,31,1,33,175,75,77,1,328,40,0,40,368
05/07/2019,BUR,CA,AWP,WE,Towers with Radar,178,67,45,1,291,0,2,37,0,39,178,69,82,1,330,38,0,38,368
05/08/2019,BUR,CA,AWP,WE,Towers with Radar,158,78,45,0,281,1,5,34,1,41,159,83,79,1,322,70,0,70,392
05/09/2019,BUR,CA,AWP,WE,Towers with Radar,170,86,57,0,313,1,1,27,0,29,171,87,84,0,342,80,0,80,422
05/10/2019,BUR,CA,AWP,WE,Towers with Radar,172,91,50,1,314,0,0,35,0,35,172,91,85,1,349,72,0,72,421
05/11/2019,BUR,CA,AWP,WE,Towers with Radar,108,59,29,3,199,0,0,42,1,43,108,59,71,4,242,78,0,78,320
05/12/2019,BUR,CA,AWP,WE,Towers with Radar,155,69,36,3,263,0,0,35,0,35,155,69,71,3,298,30,0,30,328
05/13/2019,BUR,CA,AWP,WE,Towers with Radar,171,71,55,0,297,0,4,35,0,39,171,75,90,0,336,86,0,86,422
05/14/2019,BUR,CA,AWP,WE,Towers with Radar,170,72,56,1,299,0,7,46,1,54,170,79,102,2,353,132,0,132,485
05/15/2019,BUR,CA,AWP,WE,Towers with Radar,167,65,57,0,289,0,2,31,1,34,167,67,88,1,323,276,0,276,599
05/16/2019,BUR,CA,AWP,WE,Towers with Radar,174,90,66,0,330,0,0,29,0,29,174,90,95,0,359,58,0,58,417
05/17/2019,BUR,CA,AWP,WE,Towers with Radar,160,79,47,0,286,0,4,59,0,63,160,83,106,0,349,16,0,16,365
05/18/2019,BUR,CA,AWP,WE,Towers with Radar,107,38,33,0,178,0,2,42,0,44,107,40,75,0,222,60,0,60,282
05/19/2019,BUR,CA,AWP,WE,Towers with Radar,155,79,49,0,283,0,2,17,2,21,155,81,66,2,304,0,0,0,304
05/20/2019,BUR,CA,AWP,WE,Towers with Radar,171,78,41,1,291,0,4,58,3,65,171,82,99,4,356,130,0,130,486
05/21/2019,BUR,CA,AWP,WE,Towers with Radar,179,78,41,0,298,0,0,47,0,47,179,78,88,0,345,52,0,52,397
05/22/2019,BUR,CA,AWP,WE,Towers with Radar,171,74,35,1,281,0,2,53,3,58,171,76,88,4,339,116,0,116,455
05/23/2019,BUR,CA,AWP,WE,Towers with Radar,173,75,49,0,297,0,0,22,0,22,173,75,71,0,319,20,0,20,339
05/24/2019,BUR,CA,AWP,WE,Towers with Radar,179,80,42,0,301,0,0,68,1,69,179,80,110,1,370,76,0,76,446
05/25/2019,BUR,CA,AWP,WE,Towers with Radar,107,45,32,0,184,0,3,49,0,52,107,48,81,0,236,90,0,90,326
05/26/2019,BUR,CA,AWP,WE,Towers with Radar,121,59,33,1,214,0,0,20,0,20,121,59,53,1,234,34,0,34,268
05/27/2019,BUR,CA,AWP,WE,Towers with Radar,160,66,34,0,260,0,4,40,1,45,160,70,74,1,305,46,0,46,351
05/28/2019,BUR,CA,AWP,WE,Towers with Radar,167,81,47,0,295,0,0,63,0,63,167,81,110,0,358,76,0,76,434
05/29/2019,BUR,CA,AWP,WE,Towers with Radar,169,66,56,0,291,0,2,64,2,68,169,68,120,2,359,98,0,98,457
05/30/2019,BUR,CA,AWP,WE,Towers with Radar,164,75,38,0,277,0,2,48,1,51,164,77,86,1,328,26,0,26,354
05/31/2019,BUR,CA,AWP,WE,Towers with Radar,170,85,51,1,307,0,1,40,0,41,170,86,91,1,348,112,0,112,460
06/01/2019,BUR,CA,AWP,WE,Towers with Radar,106,48,34,0,188,0,0,38,0,38,106,48,72,0,226,46,0,46,272
06/02/2019,BUR,CA,AWP,WE,Towers with Radar,162,61,30,1,254,0,2,31,1,34,162,63,61,2,288,46,0,46,334
06/03/2019,BUR,CA,AWP,WE,Towers with Radar,169,75,66,1,311,0,1,39,0,40,169,76,105,1,351,102,0,102,453
06/04/2019,BUR,CA,AWP,WE,Towers with Radar,178,78,63,0,319,0,1,49,1,51,178,79,112,1,370,54,0,54,424
06/05/2019,BUR,CA,AWP,WE,Towers with Radar,168,91,49,1,309,0,1,33,0,34,168,92,82,1,343,54,0,54,397
06/06/2019,BUR,CA,AWP,WE,Towers with Radar,171,81,62,0,314,0,1,40,2,43,171,82,102,2,357,86,0,86,443
06/07/2019,BUR,CA,AWP,WE,Towers with Radar,176,82,49,0,307,0,2,36,0,38,176,84,85,0,345,22,0,22,367
06/08/2019,BUR,CA,AWP,WE,Towers with Radar,118,47,32,1,198,0,3,46,1,50,118,50,78,2,248,74,0,74,322
06/09/2019,BUR,CA,AWP,WE,Towers with Radar,166,60,39,0,265,0,3,50,0,53,166,63,89,0,318,54,0,54,372
06/10/2019,BUR,CA,AWP,WE,Towers with Radar,200,71,64,0,335,0,5,56,1,62,200,76,120,1,397,0,0,0,397
06/11/2019,BUR,CA,AWP,WE,Towers with Radar,207,65,44,0,316,0,2,55,0,57,207,67,99,0,373,90,0,90,463
06/12/2019,BUR,CA,AWP,WE,Towers with Radar,211,75,64,0,350,0,3,67,2,72,211,78,131,2,422,38,0,38,460
06/13/2019,BUR,CA,AWP,WE,Towers with Radar,209,92,69,0,370,0,5,26,0,31,209,97,95,0,401,60,0,60,461
06/14/2019,BUR,CA,AWP,WE,Towers with Radar,202,90,72,2,366,0,2,50,1,53,202,92,122,3,419,16,0,16,435
06/15/2019,BUR,CA,AWP,WE,Towers with Radar,132,56,26,0,214,0,3,57,1,61,132,59,83,1,275,104,0,104,379
06/16/2019,BUR,CA,AWP,WE,Towers with Radar,158,67,45,3,273,0,0,25,0,25,158,67,70,3,298,12,0,12,310
06/17/2019,BUR,CA,AWP,WE,Towers with Radar,195,68,60,0,323,0,2,30,0,32,195,70,90,0,355,72,0,72,427
06/18/2019,BUR,CA,AWP,WE,Towers with Radar,199,68,41,2,310,0,1,29,2,32,199,69,70,4,342,70,0,70,412
06/19/2019,BUR,CA,AWP,WE,Towers with Radar,200,68,36,0,304,0,1,51,1,53,200,69,87,1,357,114,0,114,471
06/20/2019,BUR,CA,AWP,WE,Towers with Radar,212,81,60,0,353,0,0,44,2,46,212,81,104,2,399,150,0,150,549
06/21/2019,BUR,CA,AWP,WE,Towers with Radar,200,75,47,1,323,0,0,37,1,38,200,75,84,2,361,54,0,54,415
06/22/2019,BUR,CA,AWP,WE,Towers with Radar,132,47,23,0,202,0,0,55,0,55,132,47,78,0,257,126,0,126,383
06/23/2019,BUR,CA,AWP,WE,Towers with Radar,172,63,39,0,274,0,3,59,1,63,172,66,98,1,337,120,0,120,457
06/24/2019,BUR,CA,AWP,WE,Towers with Radar,196,68,45,0,309,0,0,40,2,42,196,68,85,2,351,150,0,150,501
06/25/2019,BUR,CA,AWP,WE,Towers with Radar,215,72,29,1,317,0,1,44,3,48,215,73,73,4,365,56,0,56,421
06/26/2019,BUR,CA,AWP,WE,Towers with Radar,206,66,27,1,300,0,3,36,6,45,206,69,63,7,345,114,0,114,459
06/27/2019,BUR,CA,AWP,WE,Towers with Radar,211,70,31,0,312,0,2,57,1,60,211,72,88,1,372,62,0,62,434
06/28/2019,BUR,CA,AWP,WE,Towers with Radar,209,71,36,0,316,0,4,49,0,53,209,75,85,0,369,62,0,62,431
06/29/2019,BUR,CA,AWP,WE,Towers with Radar,126,49,32,0,207,0,2,55,0,57,126,51,87,0,264,80,0,80,344
06/30/2019,BUR,CA,AWP,WE,Towers with Radar,170,51,35,0,256,0,2,42,1,45,170,53,77,1,301,100,0,100,401
07/01/2019,BUR,CA,AWP,WE,Towers with Radar,196,61,31,0,288,0,3,68,0,71,196,64,99,0,359,72,0,72,431
07/02/2019,BUR,CA,AWP,WE,Towers with Radar,205,64,40,1,310,0,5,68,0,73,205,69,108,1,383,262,0,262,645
07/03/2019,BUR,CA,AWP,WE,Towers with Radar,203,70,29,0,302,0,4,60,2,66,203,74,89,2,368,40,0,40,408
07/04/2019,BUR,CA,AWP,WE,Towers with Radar,131,45,22,0,198,0,0,32,1,33,131,45,54,1,231,18,0,18,249
07/05/2019,BUR,CA,AWP,WE,Towers with Radar,156,58,19,0,233,0,1,50,0,51,156,59,69,0,284,119,0,119,403
07/06/2019,BUR,CA,AWP,WE,Towers with Radar,128,36,32,0,196,0,1,42,1,44,128,37,74,1,240,86,0,86,326
07/07/2019,BUR,CA,AWP,WE,Towers with Radar,177,57,39,0,273,0,0,37,0,37,177,57,76,0,310,44,0,44,354
07/08/2019,BUR,CA,AWP,WE,Towers with Radar,202,69,29,0,300,0,3,19,1,23,202,72,48,1,323,62,0,62,385
07/09/2019,BUR,CA,AWP,WE,Towers with Radar,210,71,43,2,326,0,0,48,0,48,210,71,91,2,374,88,0,88,462
07/10/2019,BUR,CA,AWP,WE,Towers with Radar,207,76,48,0,331,0,2,49,3,54,207,78,97,3,385,108,0,108,493
07/11/2019,BUR,CA,AWP,WE,Towers with Radar,201,65,72,1,339,0,0,52,2,54,201,65,124,3,393,54,0,54,447
07/12/2019,BUR,CA,AWP,WE,Towers with Radar,215,65,40,2,322,0,3,79,1,83,215,68,119,3,405,72,0,72,477
07/13/2019,BUR,CA,AWP,WE,Towers with Radar,137,39,26,0,202,0,4,63,0,67,137,43,89,0,269,80,0,80,349
07/14/2019,BUR,CA,AWP,WE,Towers with Radar,176,55,44,0,275,0,2,43,0,45,176,57,87,0,320,30,0,30,350
07/15/2019,BUR,CA,AWP,WE,Towers with Radar,217,53,43,0,313,0,1,35,1,37,217,54,78,1,350,0,0,0,350
07/16/2019,BUR,CA,AWP,WE,Towers with Radar,206,69,42,1,318,0,3,57,0,60,206,72,99,1,378,26,0,26,404
07/17/2019,BUR,CA,AWP,WE,Towers with Radar,209,78,48,1,336,0,1,52,0,53,209,79,100,1,389,34,0,34,423
07/18/2019,BUR,CA,AWP,WE,Towers with Radar,213,98,63,0,374,0,3,47,1,51,213,101,110,1,425,106,0,106,531
07/19/2019,BUR,CA,AWP,WE,Towers with Radar,213,92,51,0,356,0,7,55,0,62,213,99,106,0,418,104,0,104,522
07/20/2019,BUR,CA,AWP,WE,Towers with Radar,132,56,29,0,217,0,4,72,0,76,132,60,101,0,293,120,0,120,413
07/21/2019,BUR,CA,AWP,WE,Towers with Radar,177,62,34,0,273,0,2,53,0,55,177,64,87,0,328,14,0,14,342
07/22/2019,BUR,CA,AWP,WE,Towers with Radar,201,74,38,0,313,0,1,37,0,38,201,75,75,0,351,74,0,74,425
07/23/2019,BUR,CA,AWP,WE,Towers with Radar,207,62,44,0,313,0,2,35,1,38,207,64,79,1,351,70,0,70,421
07/24/2019,BUR,CA,AWP,WE,Towers with Radar,212,71,38,0,321,0,2,49,1,52,212,73,87,1,373,54,0,54,427
07/25/2019,BUR,CA,AWP,WE,Towers with Radar,215,77,50,0,342,0,0,49,0,49,215,77,99,0,391,36,0,36,427
07/26/2019,BUR,CA,AWP,WE,Towers with Radar,214,68,41,0,323,0,1,45,2,48,214,69,86,2,371,68,0,68,439
07/27/2019,BUR,CA,AWP,WE,Towers with Radar,144,56,14,0,214,0,5,68,1,74,144,61,82,1,288,92,0,92,380
07/28/2019,BUR,CA,AWP,WE,Towers with Radar,174,67,32,0,273,0,3,45,2,50,174,70,77,2,323,66,0,66,389
07/29/2019,BUR,CA,AWP,WE,Towers with Radar,212,67,49,0,328,0,4,34,0,38,212,71,83,0,366,86,0,86,452
07/30/2019,BUR,CA,AWP,WE,Towers with Radar,206,66,58,2,332,0,1,44,2,47,206,67,102,4,379,36,0,36,415
07/31/2019,BUR,CA,AWP,WE,Towers with Radar,204,59,46,1,310,0,2,34,3,39,204,61,80,4,349,100,0,100,449
08/01/2019,BUR,CA,AWP,WE,Towers with Radar,208,84,52,0,344,0,1,68,1,70,208,85,120,1,414,86,0,86,500
08/02/2019,BUR,CA,AWP,WE,Towers with Radar,206,74,39,0,319,0,3,39,2,44,206,77,78,2,363,40,0,40,403
08/03/2019,BUR,CA,AWP,WE,Towers with Radar,133,50,14,0,197,0,3,66,1,70,133,53,80,1,267,8,0,8,275
08/04/2019,BUR,CA,AWP,WE,Towers with Radar,171,61,35,0,267,0,5,46,0,51,171,66,81,0,318,84,0,84,402
08/05/2019,BUR,CA,AWP,WE,Towers with Radar,210,74,36,0,320,0,3,28,0,31,210,77,64,0,351,114,0,114,465
08/06/2019,BUR,CA,AWP,WE,Towers with Radar,206,61,28,1,296,0,2,40,0,42,206,63,68,1,338,136,0,136,474
08/07/2019,BUR,CA,AWP,WE,Towers with Radar,202,76,44,1,323,0,4,43,0,47,202,80,87,1,370,48,0,48,418
08/08/2019,BUR,CA,AWP,WE,Towers with Radar,211,72,55,2,340,0,1,40,1,42,211,73,95,3,382,70,0,70,452
08/09/2019,BUR,CA,AWP,WE,Towers with Radar,208,71,29,0,308,0,4,67,2,73,208,75,96,2,381,18,0,18,399
08/10/2019,BUR,CA,AWP,WE,Towers with Radar,130,42,26,0,198,0,1,44,0,45,130,43,70,0,243,28,0,28,271
08/11/2019,BUR,CA,AWP,WE,Towers with Radar,179,61,27,0,267,0,2,45,0,47,179,63,72,0,314,60,0,60,374
08/12/2019,BUR,CA,AWP,WE,Towers with Radar,205,68,35,2,310,0,0,50,1,51,205,68,85,3,361,62,0,62,423
08/13/2019,BUR,CA,AWP,WE,Towers with Radar,202,71,57,0,330,0,0,58,1,59,202,71,115,1,389,86,0,86,475
08/14/2019,BUR,CA,AWP,WE,Towers with Radar,205,70,55,0,330,0,0,59,4,63,205,70,114,4,393,102,0,102,495
08/15/2019,BUR,CA,AWP,WE,Towers with Radar,203,77,43,1,324,0,1,52,0,53,203,78,95,1,377,32,0,32,409
08/16/2019,BUR,CA,AWP,WE,Towers with Radar,202,70,38,0,310,0,0,67,1,68,202,70,105,1,378,32,0,32,410
08/17/2019,BUR,CA,AWP,WE,Towers with Radar,122,44,19,0,185,0,1,68,0,69,122,45,87,0,254,48,0,48,302
08/18/2019,BUR,CA,AWP,WE,Towers with Radar,178,71,30,0,279,0,2,58,0,60,178,73,88,0,339,4,0,4,343
08/19/2019,BUR,CA,AWP,WE,Towers with Radar,204,79,45,0,328,0,1,69,1,71,204,80,114,1,399,180,0,180,579
08/20/2019,BUR,CA,AWP,WE,Towers with Radar,210,69,49,0,328,0,5,67,0,72,210,74,116,0,400,78,0,78,478
08/21/2019,BUR,CA,AWP,WE,Towers with Radar,200,78,42,2,322,0,4,79,1,84,200,82,121,3,406,258,0,258,664
08/22/2019,BUR,CA,AWP,WE,Towers with Radar,215,75,66,0,356,0,7,88,1,96,215,82,154,1,452,154,0,154,606
08/23/2019,BUR,CA,AWP,WE,Towers with Radar,216,71,51,0,338,0,1,68,1,70,216,72,119,1,408,86,0,86,494
08/24/2019,BUR,CA,AWP,WE,Towers with Radar,129,39,52,0,220,0,3,49,0,52,129,42,101,0,272,96,0,96,368
08/25/2019,BUR,CA,AWP,WE,Towers with Radar,179,85,46,0,310,0,1,74,1,76,179,86,120,1,386,20,0,20,406
08/26/2019,BUR,CA,AWP,WE,Towers with Radar,200,61,39,0,300,0,3,45,2,50,200,64,84,2,350,116,0,116,466
08/27/2019,BUR,CA,AWP,WE,Towers with Radar,206,74,50,1,331,0,2,55,0,57,206,76,105,1,388,62,0,62,450
08/28/2019,BUR,CA,AWP,WE,Towers with Radar,200,78,48,0,326,0,1,65,1,67,200,79,113,1,393,38,0,38,431
08/29/2019,BUR,CA,AWP,WE,Towers with Radar,211,79,55,0,345,0,2,61,0,63,211,81,116,0,408,18,0,18,426
08/30/2019,BUR,CA,AWP,WE,Towers with Radar,201,78,42,0,321,0,8,66,0,74,201,86,108,0,395,18,0,18,413
08/31/2019,BUR,CA,AWP,WE,Towers with Radar,111,55,34,0,200,0,1,78,0,79,111,56,112,0,279,68,0,68,347
09/01/2019,BUR,CA,AWP,WE,Towers with Radar,116,74,28,0,218,0,0,53,0,53,116,74,81,0,271,0,0,0,271
09/02/2019,BUR,CA,AWP,WE,Towers with Radar,188,90,51,1,330,0,1,70,0,71,188,91,121,1,401,56,0,56,457
09/03/2019,BUR,CA,AWP,WE,Towers with Radar,202,75,34,0,311,0,4,33,2,39,202,79,67,2,350,8,0,8,358
09/04/2019,BUR,CA,AWP,WE,Towers with Radar,187,64,39,3,293,0,1,37,1,39,187,65,76,4,332,66,0,66,398
09/05/2019,BUR,CA,AWP,WE,Towers with Radar,198,81,35,0,314,0,2,61,1,64,198,83,96,1,378,22,0,22,400
09/06/2019,BUR,CA,AWP,WE,Towers with Radar,203,80,54,0,337,0,2,57,0,59,203,82,111,0,396,46,0,46,442
09/07/2019,BUR,CA,AWP,WE,Towers with Radar,118,47,28,0,193,0,0,58,1,59,118,47,86,1,252,62,0,62,314
09/08/2019,BUR,CA,AWP,WE,Towers with Radar,166,68,32,0,266,0,0,46,0,46,166,68,78,0,312,26,0,26,338
09/09/2019,BUR,CA,AWP,WE,Towers with Radar,206,61,41,0,308,0,1,60,2,63,206,62,101,2,371,112,0,112,483
09/10/2019,BUR,CA,AWP,WE,Towers with Radar,184,77,46,0,307,0,0,53,0,53,184,77,99,0,360,33,0,33,393
09/11/2019,BUR,CA,AWP,WE,Towers with Radar,199,62,54,0,315,0,1,45,3,49,199,63,99,3,364,26,0,26,390
09/12/2019,BUR,CA,AWP,WE,Towers with Radar,199,71,53,0,323,0,0,52,0,52,199,71,105,0,375,26,0,26,401
09/13/2019,BUR,CA,AWP,WE,Towers with Radar,205,81,37,0,323,0,1,70,1,72,205,82,107,1,395,170,0,170,565
09/14/2019,BUR,CA,AWP,WE,Towers with Radar,124,51,41,2,218,0,3,52,0,55,124,54,93,2,273,8,0,8,281
09/15/2019,BUR,CA,AWP,WE,Towers with Radar,173,76,47,2,298,1,1,67,1,70,174,77,114,3,368,6,0,6,374
09/16/2019,BUR,CA,AWP,WE,Towers with Radar,207,78,48,0,333,0,0,53,3,56,207,78,101,3,389,75,0,75,464
09/17/2019,BUR,CA,AWP,WE,Towers with Radar,204,75,65,0,344,0,1,42,3,46,204,76,107,3,390,24,0,24,414
09/18/2019,BUR,CA,AWP,WE,Towers with Radar,199,91,49,2,341,0,1,49,2,52,199,92,98,4,393,48,0,48,441
09/19/2019,BUR,CA,AWP,WE,Towers with Radar,203,84,55,7,349,0,6,50,2,58,203,90,105,9,407,96,0,96,503
09/20/2019,BUR,CA,AWP,WE,Towers with Radar,204,80,44,4,332,0,0,56,1,57,204,80,100,5,389,78,0,78,467
09/21/2019,BUR,CA,AWP,WE,Towers with Radar,124,44,27,3,198,0,5,46,1,52,124,49,73,4,250,54,0,54,304
09/22/2019,BUR,CA,AWP,WE,Towers with Radar,182,70,45,0,297,0,1,60,1,62,182,71,105,1,359,92,0,92,451
09/23/2019,BUR,CA,AWP,WE,Towers with Radar,196,70,44,0,310,0,2,28,0,30,196,72,72,0,340,10,0,10,350
09/24/2019,BUR,CA,AWP,WE,Towers with Radar,207,63,33,0,303,0,4,55,1,60,207,67,88,1,363,34,0,34,397
09/25/2019,BUR,CA,AWP,WE,Towers with Radar,203,64,46,2,315,0,4,51,2,57,203,68,97,4,372,100,0,100,472
09/26/2019,BUR,CA,AWP,WE,Towers with Radar,207,79,51,0,337,0,0,27,2,29,207,79,78,2,366,0,0,0,366
09/27/2019,BUR,CA,AWP,WE,Towers with Radar,204,77,58,0,339,0,3,45,0,48,204,80,103,0,387,112,0,112,499
09/28/2019,BUR,CA,AWP,WE,Towers with Radar,124,47,26,0,197,0,0,31,2,33,124,47,57,2,230,48,0,48,278
09/29/2019,BUR,CA,AWP,WE,Towers with Radar,179,68,47,0,294,0,0,54,1,55,179,68,101,1,349,46,0,46,395
09/30/2019,BUR,CA,AWP,WE,Towers with Radar,203,67,41,0,311,0,2,38,1,41,203,69,79,1,352,12,0,12,364
10/01/2019,BUR,CA,AWP,WE,Towers with Radar,200,65,46,0,311,0,3,57,2,62,200,68,103,2,373,66,0,66,439
10/02/2019,BUR,CA,AWP,WE,Towers with Radar,200,71,45,0,316,0,4,39,0,43,200,75,84,0,359,10,0,10,369
10/03/2019,BUR,CA,AWP,WE,Towers with Radar,206,89,52,5,352,0,2,63,2,67,206,91,115,7,419,52,0,52,471
10/04/2019,BUR,CA,AWP,WE,Towers with Radar,209,83,51,0,343,0,3,73,2,78,209,86,124,2,421,80,0,80,501
10/05/2019,BUR,CA,AWP,WE,Towers with Radar,136,50,26,0,212,0,3,53,0,56,136,53,79,0,268,36,0,36,304
10/06/2019,BUR,CA,AWP,WE,Towers with Radar,182,67,32,0,281,0,4,62,1,67,182,71,94,1,348,66,0,66,414
10/07/2019,BUR,CA,AWP,WE,Towers with Radar,203,71,45,0,319,0,2,46,0,48,203,73,91,0,367,30,0,30,397
10/08/2019,BUR,CA,AWP,WE,Towers with Radar,209,62,51,0,322,0,3,43,1,47,209,65,94,1,369,28,0,28,397
10/09/2019,BUR,CA,AWP,WE,Towers with Radar,196,64,58,0,318,0,2,59,3,64,196,66,117,3,382,54,0,54,436
10/10/2019,BUR,CA,AWP,WE,Towers with Radar,208,77,35,2,322,0,0,58,0,58,208,77,93,2,380,8,0,8,388
10/11/2019,BUR,CA,AWP,WE,Towers with Radar,205,84,61,1,351,0,0,59,0,59,205,84,120,1,410,26,0,26,436
10/12/2019,BUR,CA,AWP,WE,Towers with Radar,133,49,25,0,207,0,2,60,0,62,133,51,85,0,269,120,0,120,389
10/13/2019,BUR,CA,AWP,WE,Towers with Radar,184,80,27,1,292,0,2,55,0,57,184,82,82,1,349,87,0,87,436
10/14/2019,BUR,CA,AWP,WE,Towers with Radar,204,77,33,0,314,0,0,46,1,47,204,77,79,1,361,72,0,72,433
10/15/2019,BUR,CA,AWP,WE,Towers with Radar,205,81,33,1,320,0,1,52,0,53,205,82,85,1,373,102,0,102,475
10/16/2019,BUR,CA,AWP,WE,Towers with Radar,198,85,43,1,327,0,4,63,3,70,198,89,106,4,397,112,0,112,509
10/17/2019,BUR,CA,AWP,WE,Towers with Radar,205,77,50,2,334,0,0,44,0,44,205,77,94,2,378,42,0,42,420
10/18/2019,BUR,CA,AWP,WE,Towers with Radar,208,79,42,1,330,0,2,42,0,44,208,81,84,1,374,110,0,110,484
10/19/2019,BUR,CA,AWP,WE,Towers with Radar,135,54,35,0,224,0,1,62,4,67,135,55,97,4,291,24,0,24,315
10/20/2019,BUR,CA,AWP,WE,Towers with Radar,184,66,33,0,283,0,2,53,0,55,184,68,86,0,338,64,0,64,402
10/21/2019,BUR,CA,AWP,WE,Towers with Radar,196,78,43,0,317,0,0,36,3,39,196,78,79,3,356,62,0,62,418
10/22/2019,BUR,CA,AWP,WE,Towers with Radar,203,67,46,0,316,0,4,64,0,68,203,71,110,0,384,90,0,90,474
10/23/2019,BUR,CA,AWP,WE,Towers with Radar,208,69,55,0,332,0,3,67,1,71,208,72,122,1,403,50,0,50,453
10/24/2019,BUR,CA,AWP,WE,Towers with Radar,210,77,54,0,341,0,0,54,0,54,210,77,108,0,395,8,0,8,403
10/25/2019,BUR,CA,AWP,WE,Towers with Radar,203,85,59,4,351,0,1,38,5,44,203,86,97,9,395,30,0,30,425
10/26/2019,BUR,CA,AWP,WE,Towers with Radar,129,41,29,3,202,0,0,71,5,76,129,41,100,8,278,116,0,116,394
10/27/2019,BUR,CA,AWP,WE,Towers with Radar,175,76,24,0,275,0,0,59,1,60,175,76,83,1,335,84,0,84,419
10/28/2019,BUR,CA,AWP,WE,Towers with Radar,193,105,44,0,342,0,6,52,0,58,193,111,96,0,400,28,0,28,428
10/29/2019,BUR,CA,AWP,WE,Towers with Radar,189,70,55,0,314,0,1,45,0,46,189,71,100,0,360,86,0,86,446
10/30/2019,BUR,CA,AWP,WE,Towers with Radar,181,81,61,0,323,0,1,29,1,31,181,82,90,1,354,80,0,80,434
10/31/2019,BUR,CA,AWP,WE,Towers with Radar,182,87,68,1,338,0,2,51,2,55,182,89,119,3,393,157,0,157,550
11/01/2019,BUR,CA,AWP,WE,Towers with Radar,194,74,62,3,333,0,4,50,0,54,194,78,112,3,387,66,0,66,453
11/02/2019,BUR,CA,AWP,WE,Towers with Radar,120,71,37,3,231,0,2,53,3,58,120,73,90,6,289,14,0,14,303
11/03/2019,BUR,CA,AWP,WE,Towers with Radar,178,94,83,3,358,0,1,46,0,47,178,95,129,3,405,68,0,68,473
11/04/2019,BUR,CA,AWP,WE,Towers with Radar,182,90,48,0,320,0,2,51,0,53,182,92,99,0,373,54,0,54,427
11/05/2019,BUR,CA,AWP,WE,Towers with Radar,172,89,49,0,310,0,0,50,0,50,172,89,99,0,360,90,0,90,450
11/06/2019,BUR,CA,AWP,WE,Towers with Radar,167,75,40,0,282,0,0,39,2,41,167,75,79,2,323,110,0,110,433
11/07/2019,BUR,CA,AWP,WE,Towers with Radar,180,70,80,2,332,0,3,64,0,67,180,73,144,2,399,84,0,84,483
11/08/2019,BUR,CA,AWP,WE,Towers with Radar,178,98,42,0,318,0,4,72,1,77,178,102,114,1,395,200,0,200,595
11/09/2019,BUR,CA,AWP,WE,Towers with Radar,125,54,20,0,199,0,1,79,2,82,125,55,99,2,281,46,0,46,327
11/10/2019,BUR,CA,AWP,WE,Towers with Radar,171,89,36,0,296,0,0,55,1,56,171,89,91,1,352,52,0,52,404
11/11/2019,BUR,CA,AWP,WE,Towers with Radar,180,84,52,0,316,0,1,53,4,58,180,85,105,4,374,96,0,96,470
11/12/2019,BUR,CA,AWP,WE,Towers with Radar,183,73,52,0,308,0,1,41,1,43,183,74,93,1,351,32,0,32,383
11/13/2019,BUR,CA,AWP,WE,Towers with Radar,168,88,72,2,330,0,1,53,0,54,168,89,125,2,384,74,0,74,458
11/14/2019,BUR,CA,AWP,WE,Towers with Radar,182,82,59,0,323,0,2,66,0,68,182,84,125,0,391,28,0,28,419
11/15/2019,BUR,CA,AWP,WE,Towers with Radar,184,85,53,0,322,0,2,58,1,61,184,87,111,1,383,60,0,60,443
11/16/2019,BUR,CA,AWP,WE,Towers with Radar,124,45,43,0,212,0,2,60,1,63,124,47,103,1,275,50,0,50,325
11/17/2019,BUR,CA,AWP,WE,Towers with Radar,178,79,19,0,276,0,4,62,2,68,178,83,81,2,344,32,0,32,376
11/18/2019,BUR,CA,AWP,WE,Towers with Radar,176,85,48,0,309,0,4,46,2,52,176,89,94,2,361,86,0,86,447
11/19/2019,BUR,CA,AWP,WE,Towers with Radar,176,85,52,2,315,0,3,48,0,51,176,88,100,2,366,36,0,36,402
11/20/2019,BUR,CA,AWP,WE,Towers with Radar,179,91,58,0,328,0,1,31,1,33,179,92,89,1,361,14,0,14,375
11/21/2019,BUR,CA,AWP,WE,Towers with Radar,178,103,57,1,339,0,6,51,0,57,178,109,108,1,396,46,0,46,442
11/22/2019,BUR,CA,AWP,WE,Towers with Radar,179,95,48,0,322,0,2,62,0,64,179,97,110,0,386,52,0,52,438
11/23/2019,BUR,CA,AWP,WE,Towers with Radar,135,57,36,0,228,0,3,66,1,70,135,60,102,1,298,58,0,58,356
11/24/2019,BUR,CA,AWP,WE,Towers with Radar,169,72,22,0,263,0,0,63,1,64,169,72,85,1,327,106,0,106,433
11/25/2019,BUR,CA,AWP,WE,Towers with Radar,167,81,36,0,284,0,2,37,2,41,167,83,73,2,325,68,0,68,393
11/26/2019,BUR,CA,AWP,WE,Towers with Radar,168,87,43,0,298,0,5,58,0,63,168,92,101,0,361,50,0,50,411
11/27/2019,BUR,CA,AWP,WE,Towers with Radar,196,77,34,0,307,0,0,34,1,35,196,77,68,1,342,0,0,0,342
11/28/2019,BUR,CA,AWP,WE,Towers with Radar,110,37,4,0,151,0,0,3,0,3,110,37,7,0,154,0,0,0,154
11/29/2019,BUR,CA,AWP,WE,Towers with Radar,140,56,14,0,210,0,2,42,0,44,140,58,56,0,254,32,0,32,286
11/30/2019,BUR,CA,AWP,WE,Towers with Radar,145,57,25,0,227,0,3,52,1,56,145,60,77,1,283,70,0,70,353
12/01/2019,BUR,CA,AWP,WE,Towers with Radar,172,58,34,0,264,0,0,41,2,43,172,58,75,2,307,72,0,72,379
12/02/2019,BUR,CA,AWP,WE,Towers with Radar,176,69,42,2,289,0,0,36,4,40,176,69,78,6,329,140,0,140,469
12/03/2019,BUR,CA,AWP,WE,Towers with Radar,172,85,34,0,291,0,0,36,0,36,172,85,70,0,327,80,0,80,407
12/04/2019,BUR,CA,AWP,WE,Towers with Radar,166,83,45,0,294,0,0,23,1,24,166,83,68,1,318,0,0,0,318
12/05/2019,BUR,CA,AWP,WE,Towers with Radar,173,88,48,1,310,0,1,50,1,52,173,89,98,2,362,108,0,108,470
12/06/2019,BUR,CA,AWP,WE,Towers with Radar,173,89,60,0,322,0,3,46,2,51,173,92,106,2,373,90,0,90,463
12/07/2019,BUR,CA,AWP,WE,Towers with Radar,121,37,27,2,187,0,1,32,0,33,121,38,59,2,220,82,0,82,302
12/08/2019,BUR,CA,AWP,WE,Towers with Radar,165,72,42,1,280,0,3,15,6,24,165,75,57,7,304,0,0,0,304
12/09/2019,BUR,CA,AWP,WE,Towers with Radar,177,82,51,3,313,0,4,65,2,71,177,86,116,5,384,46,0,46,430
12/10/2019,BUR,CA,AWP,WE,Towers with Radar,178,87,53,3,321,0,1,55,0,56,178,88,108,3,377,108,0,108,485
12/11/2019,BUR,CA,AWP,WE,Towers with Radar,176,69,47,0,292,0,1,67,1,69,176,70,114,1,361,103,0,103,464
12/12/2019,BUR,CA,AWP,WE,Towers with Radar,176,72,60,2,310,0,3,51,3,57,176,75,111,5,367,38,0,38,405
12/13/2019,BUR,CA,AWP,WE,Towers with Radar,187,91,45,1,324,0,2,59,0,61,187,93,104,1,385,132,0,132,517
12/14/2019,BUR,CA,AWP,WE,Towers with Radar,123,48,33,0,204,0,1,37,0,38,123,49,70,0,242,56,0,56,298
12/15/2019,BUR,CA,AWP,WE,Towers with Radar,159,65,35,3,262,0,1,27,0,28,159,66,62,3,290,30,0,30,320
12/16/2019,BUR,CA,AWP,WE,Towers with Radar,165,83,37,5,290,0,0,41,0,41,165,83,78,5,331,100,0,100,431
12/17/2019,BUR,CA,AWP,WE,Towers with Radar,176,80,52,1,309,0,1,48,1,50,176,81,100,2,359,82,0,82,441
12/18/2019,BUR,CA,AWP,WE,Towers with Radar,176,73,45,1,295,0,3,50,3,56,176,76,95,4,351,63,0,63,414
12/19/2019,BUR,CA,AWP,WE,Towers with Radar,174,84,56,0,314,0,1,46,0,47,174,85,102,0,361,28,0,28,389
12/20/2019,BUR,CA,AWP,WE,Towers with Radar,171,96,34,0,301,0,2,55,0,57,171,98,89,0,358,74,0,74,432
12/21/2019,BUR,CA,AWP,WE,Towers with Radar,141,85,35,0,261,0,0,57,0,57,141,85,92,0,318,62,0,62,380
12/22/2019,BUR,CA,AWP,WE,Towers with Radar,164,74,35,0,273,0,0,23,0,23,164,74,58,0,296,18,0,18,314
12/23/2019,BUR,CA,AWP,WE,Towers with Radar,177,88,27,0,292,0,0,26,0,26,177,88,53,0,318,8,0,8,326
12/24/2019,BUR,CA,AWP,WE,Towers with Radar,149,60,16,0,225,0,0,30,0,30,149,60,46,0,255,74,0,74,329
12/25/2019,BUR,CA,AWP,WE,Towers with Radar,144,44,7,0,195,0,0,11,1,12,144,44,18,1,207,0,0,0,207
12/26/2019,BUR,CA,AWP,WE,Towers with Radar,167,81,34,1,283,0,2,15,1,18,167,83,49,2,301,0,0,0,301
12/27/2019,BUR,CA,AWP,WE,Towers with Radar,167,90,27,0,284,0,3,50,1,54,167,93,77,1,338,6,0,6,344
12/28/2019,BUR,CA,AWP,WE,Towers with Radar,133,83,28,0,244,0,0,36,0,36,133,83,64,0,280,24,0,24,304
12/29/2019,BUR,CA,AWP,WE,Towers with Radar,169,82,35,1,287,0,2,28,1,31,169,84,63,2,318,0,0,0,318
12/30/2019,BUR,CA,AWP,WE,Towers with Radar,174,89,32,0,295,0,4,20,1,25,174,93,52,1,320,4,0,4,324
12/31/2019,BUR,CA,AWP,WE,Towers with Radar,163,70,17,0,250,0,0,34,0,34,163,70,51,0,284,8,0,8,292
01/01/2020,BUR,CA,AWP,WE,Towers with Radar,170,92,60,0,322,0,0,28,0,28,170,92,88,0,350,32,0,32,382
01/02/2020,BUR,CA,AWP,WE,Towers with Radar,170,93,51,0,314,0,5,27,0,32,170,98,78,0,346,72,0,72,418
01/03/2020,BUR,CA,AWP,WE,Towers with Radar,160,88,45,1,294,1,1,47,1,50,161,89,92,2,344,80,0,80,424
01/04/2020,BUR,CA,AWP,WE,Towers with Radar,121,75,25,0,221,0,4,45,0,49,121,79,70,0,270,56,0,56,326
01/05/2020,BUR,CA,AWP,WE,Towers with Radar,160,81,21,0,262,0,1,24,0,25,160,82,45,0,287,12,0,12,299
01/06/2020,BUR,CA,AWP,WE,Towers with Radar,186,76,40,0,302,0,4,34,0,38,186,80,74,0,340,56,0,56,396
01/07/2020,BUR,CA,AWP,WE,Towers with Radar,185,77,44,0,306,0,4,59,0,63,185,81,103,0,369,146,0,146,515
01/08/2020,BUR,CA,AWP,WE,Towers with Radar,186,78,46,2,312,0,0,35,2,37,186,78,81,4,349,52,0,52,401
01/09/2020,BUR,CA,AWP,WE,Towers with Radar,193,84,53,1,331,0,2,37,1,40,193,86,90,2,371,18,0,18,389
01/10/2020,BUR,CA,AWP,WE,Towers with Radar,182,84,49,0,315,0,1,53,0,54,182,85,102,0,369,104,0,104,473
01/11/2020,BUR,CA,AWP,WE,Towers with Radar,113,59,27,0,199,0,1,45,0,46,113,60,72,0,245,66,0,66,311
01/12/2020,BUR,CA,AWP,WE,Towers with Radar,162,70,33,0,265,0,1,56,0,57,162,71,89,0,322,98,0,98,420
01/13/2020,BUR,CA,AWP,WE,Towers with Radar,181,80,38,1,300,0,3,48,3,54,181,83,86,4,354,134,0,134,488
01/14/2020,BUR,CA,AWP,WE,Towers with Radar,181,68,45,0,294,0,5,41,3,49,181,73,86,3,343,178,0,178,521
01/15/2020,BUR,CA,AWP,WE,Towers with Radar,187,66,55,0,308,0,3,35,2,40,187,69,90,2,348,138,0,138,486
01/16/2020,BUR,CA,AWP,WE,Towers with Radar,189,76,41,0,306,0,0,25,1,26,189,76,66,1,332,54,0,54,386
01/17/2020,BUR,CA,AWP,WE,Towers with Radar,185,95,54,0,334,0,0,44,0,44,185,95,98,0,378,60,0,60,438
01/18/2020,BUR,CA,AWP,WE,Towers with Radar,113,54,36,0,203,0,5,35,0,40,113,59,71,0,243,20,0,20,263
01/19/2020,BUR,CA,AWP,WE,Towers with Radar,158,68,31,0,257,0,0,46,0,46,158,68,77,0,303,84,0,84,387
01/20/2020,BUR,CA,AWP,WE,Towers with Radar,187,81,60,1,329,0,2,41,2,45,187,83,101,3,374,68,0,68,442
01/21/2020,BUR,CA,AWP,WE,Towers with Radar,177,73,55,0,305,0,7,47,1,55,177,80,102,1,360,102,0,102,462
01/22/2020,BUR,CA,AWP,WE,Towers with Radar,196,65,55,0,316,0,0,49,0,49,196,65,104,0,365,20,0,20,385
01/23/2020,BUR,CA,AWP,WE,Towers with Radar,186,79,73,0,338,0,0,42,0,42,186,79,115,0,380,35,0,35,415
01/24/2020,BUR,CA,AWP,WE,Towers with Radar,184,108,49,0,341,0,0,29,0,29,184,108,78,0,370,70,0,70,440
01/25/2020,BUR,CA,AWP,WE,Towers with Radar,113,61,35,0,209,0,0,34,0,34,113,61,69,0,243,30,0,30,273
01/26/2020,BUR,CA,AWP,WE,Towers with Radar,166,80,62,2,310,0,2,3,1,6,166,82,65,3,316,0,0,0,316
01/27/2020,BUR,CA,AWP,WE,Towers with Radar,184,89,59,2,334,0,5,21,0,26,184,94,80,2,360,26,0,26,386
01/28/2020,BUR,CA,AWP,WE,Towers with Radar,172,72,48,0,292,0,0,37,3,40,172,72,85,3,332,110,0,110,442
01/29/2020,BUR,CA,AWP,WE,Towers with Radar,185,99,56,0,340,0,5,26,0,31,185,104,82,0,371,0,0,0,371
01/30/2020,BUR,CA,AWP,WE,Towers with Radar,196,98,53,0,347,0,4,56,3,63,196,102,109,3,410,50,0,50,460
01/31/2020,BUR,CA,AWP,WE,Towers with Radar,183,84,58,0,325,0,1,62,0,63,183,85,120,0,388,86,0,86,474
02/01/2020,BUR,CA,AWP,WE,Towers with Radar,110,50,36,0,196,0,2,45,1,48,110,52,81,1,244,144,0,144,388
02/02/2020,BUR,CA,AWP,WE,Towers with Radar,165,77,27,0,269,0,0,31,0,31,165,77,58,0,300,68,0,68,368
02/03/2020,BUR,CA,AWP,WE,Towers with Radar,174,87,57,0,318,0,0,18,0,18,174,87,75,0,336,0,0,0,336
02/04/2020,BUR,CA,AWP,WE,Towers with Radar,181,63,39,1,284,0,2,31,0,33,181,65,70,1,317,44,0,44,361
02/05/2020,BUR,CA,AWP,WE,Towers with Radar,191,65,62,1,319,0,0,60,0,60,191,65,122,1,379,128,0,128,507
02/06/2020,BUR,CA,AWP,WE,Towers with Radar,191,76,64,2,333,0,0,49,1,50,191,76,113,3,383,98,0,98,481
02/07/2020,BUR,CA,AWP,WE,Towers with Radar,183,85,65,2,335,0,4,67,1,72,183,89,132,3,407,58,0,58,465
02/08/2020,BUR,CA,AWP,WE,Towers with Radar,113,61,34,4,212,0,6,49,0,55,113,67,83,4,267,62,0,62,329
02/09/2020,BUR,CA,AWP,WE,Towers with Radar,159,72,28,2,261,0,0,16,0,16,159,72,44,2,277,0,0,0,277
02/10/2020,BUR,CA,AWP,WE,Towers with Radar,191,87,38,0,316,0,5,22,1,28,191,92,60,1,344,0,0,0,344
02/11/2020,BUR,CA,AWP,WE,Towers with Radar,182,63,63,0,308,0,4,28,0,32,182,67,91,0,340,26,0,26,366
02/12/2020,BUR,CA,AWP,WE,Towers with Radar,187,79,51,1,318,0,5,53,0,58,187,84,104,1,376,136,0,136,512
02/13/2020,BUR,CA,AWP,WE,Towers with Radar,188,89,70,0,347,0,3,72,1,76,188,92,142,1,423,182,0,182,605
02/14/2020,BUR,CA,AWP,WE,Towers with Radar,190,90,49,1,330,0,1,57,0,58,190,91,106,1,388,46,0,46,434
02/15/2020,BUR,CA,AWP,WE,Towers with Radar,105,59,22,5,191,0,3,55,2,60,105,62,77,7,251,68,0,68,319
02/16/2020,BUR,CA,AWP,WE,Towers with Radar,159,66,34,1,260,0,4,32,4,40,159,70,66,5,300,34,0,34,334
02/17/2020,BUR,CA,AWP,WE,Towers with Radar,189,77,53,1,320,0,4,72,0,76,189,81,125,1,396,92,0,92,488
02/18/2020,BUR,CA,AWP,WE,Towers with Radar,184,61,42,1,288,0,14,27,4,45,184,75,69,5,333,8,0,8,341
02/19/2020,BUR,CA,AWP,WE,Towers with Radar,189,70,36,3,298,0,1,49,1,51,189,71,85,4,349,96,0,96,445
02/20/2020,BUR,CA,AWP,WE,Towers with Radar,192,76,46,0,314,0,1,69,2,72,192,77,115,2,386,76,0,76,462
02/21/2020,BUR,CA,AWP,WE,Towers with Radar,185,82,59,0,326,0,3,54,0,57,185,85,113,0,383,34,0,34,417
02/22/2020,BUR,CA,AWP,WE,Towers with Radar,112,58,26,0,196,0,0,18,1,19,112,58,44,1,215,12,0,12,227
02/23/2020,BUR,CA,AWP,WE,Towers with Radar,166,71,32,0,269,0,0,41,2,43,166,71,73,2,312,24,0,24,336
02/24/2020,BUR,CA,AWP,WE,Towers with Radar,183,81,45,0,309,0,2,53,0,55,183,83,98,0,364,83,0,83,447
02/25/2020,BUR,CA,AWP,WE,Towers with Radar,185,70,31,2,288,0,2,38,0,40,185,72,69,2,328,88,0,88,416
02/26/2020,BUR,CA,AWP,WE,Towers with Radar,189,71,41,2,303,0,0,56,0,56,189,71,97,2,359,80,0,80,439
02/27/2020,BUR,CA,AWP,WE,Towers with Radar,188,95,49,1,333,0,0,62,0,62,188,95,111,1,395,86,0,86,481
02/28/2020,BUR,CA,AWP,WE,Towers with Radar,181,91,44,0,316,0,0,61,1,62,181,91,105,1,378,108,0,108,486
02/29/2020,BUR,CA,AWP,WE,Towers with Radar,112,63,25,0,200,0,1,32,1,34,112,64,57,1,234,54,0,54,288
03/01/2020,BUR,CA,AWP,WE,Towers with Radar,123,79,30,0,232,0,0,27,1,28,123,79,57,1,260,28,0,28,288
03/02/2020,BUR,CA,AWP,WE,Towers with Radar,189,75,37,2,303,0,1,19,0,20,189,76,56,2,323,0,0,0,323
03/03/2020,BUR,CA,AWP,WE,Towers with Radar,186,71,47,2,306,0,7,37,1,45,186,78,84,3,351,66,0,66,417
03/04/2020,BUR,CA,AWP,WE,Towers with Radar,186,75,58,2,321,0,4,72,2,78,186,79,130,4,399,48,0,48,447
03/05/2020,BUR,CA,AWP,WE,Towers with Radar,188,87,53,0,328,0,1,46,1,48,188,88,99,1,376,12,0,12,388
03/06/2020,BUR,CA,AWP,WE,Towers with Radar,180,93,55,1,329,0,3,57,0,60,180,96,112,1,389,0,0,0,389
03/07/2020,BUR,CA,AWP,WE,Towers with Radar,116,56,25,0,197,0,0,23,1,24,116,56,48,1,221,70,0,70,291
03/08/2020,BUR,CA,AWP,WE,Towers with Radar,160,81,43,3,287,0,3,28,1,32,160,84,71,4,319,54,0,54,373
03/09/2020,BUR,CA,AWP,WE,Towers with Radar,185,88,43,1,317,0,0,33,1,34,185,88,76,2,351,44,0,44,395
03/10/2020,BUR,CA,AWP,WE,Towers with Radar,171,82,45,1,299,0,0,8,0,8,171,82,53,1,307,0,0,0,307
03/11/2020,BUR,CA,AWP,WE,Towers with Radar,175,66,50,2,293,0,1,36,2,39,175,67,86,4,332,94,0,94,426
03/12/2020,BUR,CA,AWP,WE,Towers with Radar,188,79,54,0,321,0,1,17,0,18,188,80,71,0,339,12,0,12,351
03/13/2020,BUR,CA,AWP,WE,Towers with Radar,186,92,34,1,313,0,0,7,1,8,186,92,41,2,321,0,0,0,321
03/14/2020,BUR,CA,AWP,WE,Towers with Radar,120,53,21,0,194,0,0,11,4,15,120,53,32,4,209,22,0,22,231
03/15/2020,BUR,CA,AWP,WE,Towers with Radar,154,79,40,0,273,0,3,19,0,22,154,82,59,0,295,28,0,28,323
03/16/2020,BUR,CA,AWP,WE,Towers with Radar,187,83,14,0,284,0,2,13,0,15,187,85,27,0,299,60,0,60,359
03/17/2020,BUR,CA,AWP,WE,Towers with Radar,166,65,22,0,253,0,0,34,1,35,166,65,56,1,288,23,0,23,311
03/18/2020,BUR,CA,AWP,WE,Towers with Radar,153,56,27,0,236,0,2,35,0,37,153,58,62,0,273,32,0,32,305
03/19/2020,BUR,CA,AWP,WE,Towers with Radar,138,52,18,0,208,0,2,23,0,25,138,54,41,0,233,52,0,52,285
03/20/2020,BUR,CA,AWP,WE,Towers with Radar,141,47,12,2,202,0,0,41,1,42,141,47,53,3,244,30,0,30,274
03/21/2020,BUR,CA,AWP,WE,Towers with Radar,81,22,15,0,118,0,1,20,0,21,81,23,35,0,139,0,0,0,139
03/22/2020,BUR,CA,AWP,WE,Towers with Radar,93,21,9,0,123,0,0,14,0,14,93,21,23,0,137,78,0,78,215
03/23/2020,BUR,CA,AWP,WE,Towers with Radar,107,35,3,0,145,0,3,18,1,22,107,38,21,1,167,82,0,82,249
03/24/2020,BUR,CA,AWP,WE,Towers with Radar,105,30,5,0,140,0,4,25,2,31,105,34,30,2,171,54,0,54,225
03/25/2020,BUR,CA,AWP,WE,Towers with Radar,103,23,9,0,135,0,2,30,2,34,103,25,39,2,169,58,0,58,227
03/26/2020,BUR,CA,AWP,WE,Towers with Radar,101,20,11,0,132,0,5,21,3,29,101,25,32,3,161,114,0,114,275
03/27/2020,BUR,CA,AWP,WE,Towers with Radar,71,20,6,0,97,0,2,32,0,34,71,22,38,0,131,102,0,102,233
03/28/2020,BUR,CA,AWP,WE,Towers with Radar,44,13,6,0,63,0,4,24,0,28,44,17,30,0,91,54,0,54,145
03/29/2020,BUR,CA,AWP,WE,Towers with Radar,66,15,7,0,88,0,1,22,1,24,66,16,29,1,112,28,0,28,140
03/30/2020,BUR,CA,AWP,WE,Towers with Radar,75,24,10,0,109,0,1,25,0,26,75,25,35,0,135,16,0,16,151
03/31/2020,BUR,CA,AWP,WE,Towers with Radar,70,33,10,2,115,0,0,45,0,45,70,33,55,2,160,38,0,38,198
04/01/2020,BUR,CA,AWP,WE,Towers with Radar,85,22,4,0,111,0,1,26,0,27,85,23,30,0,138,42,0,42,180
04/02/2020,BUR,CA,AWP,WE,Towers with Radar,86,20,6,0,112,0,0,30,2,32,86,20,36,2,144,76,0,76,220
04/03/2020,BUR,CA,AWP,WE,Towers with Radar,76,25,11,0,112,0,1,31,0,32,76,26,42,0,144,16,0,16,160
04/04/2020,BUR,CA,AWP,WE,Towers with Radar,40,14,8,0,62,0,0,24,0,24,40,14,32,0,86,84,0,84,170
04/05/2020,BUR,CA,AWP,WE,Towers with Radar,51,17,7,0,75,0,0,12,0,12,51,17,19,0,87,2,0,2,89
04/06/2020,BUR,CA,AWP,WE,Towers with Radar,57,13,5,0,75,0,0,8,0,8,57,13,13,0,83,50,0,50,133
04/07/2020,BUR,CA,AWP,WE,Towers with Radar,61,19,5,2,87,0,2,17,0,19,61,21,22,2,106,58,0,58,164
04/08/2020,BUR,CA,AWP,WE,Towers with Radar,67,19,12,0,98,0,0,13,0,13,67,19,25,0,111,78,0,78,189
04/09/2020,BUR,CA,AWP,WE,Towers with Radar,65,25,2,0,92,0,0,6,0,6,65,25,8,0,98,24,0,24,122
04/10/2020,BUR,CA,AWP,WE,Towers with Radar,55,27,9,0,91,0,0,18,2,20,55,27,27,2,111,60,0,60,171
04/11/2020,BUR,CA,AWP,WE,Towers with Radar,34,14,11,0,59,0,0,29,0,29,34,14,40,0,88,50,0,50,138
04/12/2020,BUR,CA,AWP,WE,Towers with Radar,46,8,2,0,56,0,0,2,0,2,46,8,4,0,58,0,0,0,58
04/13/2020,BUR,CA,AWP,WE,Towers with Radar,60,19,12,0,91,0,1,18,0,19,60,20,30,0,110,130,0,130,240
04/14/2020,BUR,CA,AWP,WE,Towers with Radar,58,26,11,0,95,0,7,24,1,32,58,33,35,1,127,100,0,100,227
04/15/2020,BUR,CA,AWP,WE,Towers with Radar,56,27,16,0,99,0,8,34,0,42,56,35,50,0,141,214,0,214,355
04/16/2020,BUR,CA,AWP,WE,Towers with Radar,51,28,13,0,92,0,0,29,0,29,51,28,42,0,121,64,0,64,185
04/17/2020,BUR,CA,AWP,WE,Towers with Radar,58,20,17,5,100,0,0,32,6,38,58,20,49,11,138,82,0,82,220
04/18/2020,BUR,CA,AWP,WE,Towers with Radar,32,15,11,3,61,0,0,20,4,24,32,15,31,7,85,20,0,20,105
04/19/2020,BUR,CA,AWP,WE,Towers with Radar,41,17,10,2,70,0,1,15,0,16,41,18,25,2,86,24,0,24,110
04/20/2020,BUR,CA,AWP,WE,Towers with Radar,48,23,20,5,96,0,3,21,3,27,48,26,41,8,123,42,0,42,165
04/21/2020,BUR,CA,AWP,WE,Towers with Radar,54,15,16,0,85,0,0,37,0,37,54,15,53,0,122,98,0,98,220
04/22/2020,BUR,CA,AWP,WE,Towers with Radar,51,12,10,0,73,0,0,30,0,30,51,12,40,0,103,60,0,60,163
04/23/2020,BUR,CA,AWP,WE,Towers with Radar,59,30,6,2,97,0,0,34,0,34,59,30,40,2,131,60,0,60,191
04/24/2020,BUR,CA,AWP,WE,Towers with Radar,55,25,23,0,103,0,2,36,2,40,55,27,59,2,143,36,0,36,179
04/25/2020,BUR,CA,AWP,WE,Towers with Radar,27,15,12,0,54,0,0,28,0,28,27,15,40,0,82,26,0,26,108
04/26/2020,BUR,CA,AWP,WE,Towers with Radar,46,20,23,0,89,0,0,34,0,34,46,20,57,0,123,46,0,46,169
04/27/2020,BUR,CA,AWP,WE,Towers with Radar,56,22,15,0,93,0,0,38,0,38,56,22,53,0,131,72,0,72,203
04/28/2020,BUR,CA,AWP,WE,Towers with Radar,56,12,22,0,90,0,1,43,1,45,56,13,65,1,135,190,0,190,325
04/29/2020,BUR,CA,AWP,WE,Towers with Radar,49,14,19,0,82,0,1,33,0,34,49,15,52,0,116,182,0,182,298
04/30/2020,BUR,CA,AWP,WE,Towers with Radar,58,30,16,0,104,0,1,20,4,25,58,31,36,4,129,68,0,68,197
05/01/2020,BUR,CA,AWP,WE,Towers with Radar,48,26,27,0,101,0,9,34,1,44,48,35,61,1,145,16,0,16,161
05/02/2020,BUR,CA,AWP,WE,Towers with Radar,26,8,17,0,51,0,0,36,2,38,26,8,53,2,89,62,0,62,151
05/03/2020,BUR,CA,AWP,WE,Towers with Radar,43,16,13,0,72,0,2,25,0,27,43,18,38,0,99,58,0,58,157
05/04/2020,BUR,CA,AWP,WE,Towers with Radar,48,30,16,3,97,0,1,51,1,53,48,31,67,4,150,32,0,32,182
05/05/2020,BUR,CA,AWP,WE,Towers with Radar,49,18,10,1,78,0,2,46,1,49,49,20,56,2,127,138,0,138,265
05/06/2020,BUR,CA,AWP,WE,Towers with Radar,54,26,18,2,100,0,2,55,0,57,54,28,73,2,157,260,0,260,417
05/07/2020,BUR,CA,AWP,WE,Towers with Radar,54,30,20,0,104,0,2,50,0,52,54,32,70,0,156,172,0,172,328
05/08/2020,BUR,CA,AWP,WE,Towers with Radar,50,32,14,1,97,0,5,42,0,47,50,37,56,1,144,200,0,200,344
05/09/2020,BUR,CA,AWP,WE,Towers with Radar,44,16,12,1,73,0,2,39,0,41,44,18,51,1,114,212,0,212,326
05/10/2020,BUR,CA,AWP,WE,Towers with Radar,44,23,9,0,76,0,2,26,0,28,44,25,35,0,104,84,0,84,188
05/11/2020,BUR,CA,AWP,WE,Towers with Radar,48,31,16,0,95,0,3,30,0,33,48,34,46,0,128,140,0,140,268
05/12/2020,BUR,CA,AWP,WE,Towers with Radar,52,14,20,0,86,0,1,32,0,33,52,15,52,0,119,130,0,130,249
05/13/2020,BUR,CA,AWP,WE,Towers with Radar,51,20,11,4,86,0,1,35,0,36,51,21,46,4,122,190,0,190,312
05/14/2020,BUR,CA,AWP,WE,Towers with Radar,52,38,17,3,110,0,1,34,1,36,52,39,51,4,146,74,0,74,220
05/15/2020,BUR,CA,AWP,WE,Towers with Radar,44,34,32,1,111,0,2,53,0,55,44,36,85,1,166,202,0,202,368
05/16/2020,BUR,CA,AWP,WE,Towers with Radar,40,18,23,0,81,0,0,52,0,52,40,18,75,0,133,122,0,122,255
05/17/2020,BUR,CA,AWP,WE,Towers with Radar,42,35,19,1,97,0,0,35,0,35,42,35,54,1,132,86,0,86,218
05/18/2020,BUR,CA,AWP,WE,Towers with Radar,46,35,22,2,105,0,0,23,0,23,46,35,45,2,128,0,0,0,128
05/19/2020,BUR,CA,AWP,WE,Towers with Radar,46,19,18,0,83,0,2,52,0,54,46,21,70,0,137,232,0,232,369
05/20/2020,BUR,CA,AWP,WE,Towers with Radar,52,24,12,0,88,0,0,35,0,35,52,24,47,0,123,260,0,260,383
05/21/2020,BUR,CA,AWP,WE,Towers with Radar,50,31,28,0,109,0,0,38,0,38,50,31,66,0,147,56,0,56,203
05/22/2020,BUR,CA,AWP,WE,Towers with Radar,52,30,21,0,103,0,2,39,0,41,52,32,60,0,144,106,0,106,250
05/23/2020,BUR,CA,AWP,WE,Towers with Radar,42,31,19,0,92,0,1,30,0,31,42,32,49,0,123,34,0,34,157
05/24/2020,BUR,CA,AWP,WE,Towers with Radar,44,31,11,0,86,0,5,54,1,60,44,36,65,1,146,84,0,84,230
05/25/2020,BUR,CA,AWP,WE,Towers with Radar,44,27,15,0,86,0,0,31,0,31,44,27,46,0,117,96,0,96,213
05/26/2020,BUR,CA,AWP,WE,Towers with Radar,48,32,33,2,115,0,2,36,3,41,48,34,69,5,156,106,0,106,262
05/27/2020,BUR,CA,AWP,WE,Towers with Radar,50,23,24,0,97,0,2,48,1,51,50,25,72,1,148,266,0,266,414
05/28/2020,BUR,CA,AWP,WE,Towers with Radar,50,31,22,3,106,0,3,48,0,51,50,34,70,3,157,234,0,234,391
05/29/2020,BUR,CA,AWP,WE,Towers with Radar,46,33,43,0,122,0,0,31,0,31,46,33,74,0,153,172,0,172,325
05/30/2020,BUR,CA,AWP,WE,Towers with Radar,42,22,20,0,84,0,1,32,0,33,42,23,52,0,117,130,0,130,247
05/31/2020,BUR,CA,AWP,WE,Towers with Radar,43,27,28,0,98,0,3,44,0,47,43,30,72,0,145,34,0,34,179
06/01/2020,BUR,CA,AWP,WE,Towers with Radar,46,40,31,1,118,0,2,50,4,56,46,42,81,5,174,76,0,76,250
06/02/2020,BUR,CA,AWP,WE,Towers with Radar,50,37,26,1,114,0,3,45,6,54,50,40,71,7,168,98,0,98,266
06/03/2020,BUR,CA,AWP,WE,Towers with Radar,52,30,22,0,104,0,2,34,1,37,52,32,56,1,141,84,0,84,225
06/04/2020,BUR,CA,AWP,WE,Towers with Radar,52,52,32,0,136,0,1,47,0,48,52,53,79,0,184,78,0,78,262
06/05/2020,BUR,CA,AWP,WE,Towers with Radar,50,41,35,3,129,0,1,33,0,34,50,42,68,3,163,106,0,106,269
06/06/2020,BUR,CA,AWP,WE,Towers with Radar,43,18,26,0,87,0,1,30,0,31,43,19,56,0,118,108,0,108,226
06/07/2020,BUR,CA,AWP,WE,Towers with Radar,62,40,25,0,127,0,5,28,2,35,62,45,53,2,162,76,0,76,238
06/08/2020,BUR,CA,AWP,WE,Towers with Radar,74,54,21,0,149,0,2,33,0,35,74,56,54,0,184,92,0,92,276
06/09/2020,BUR,CA,AWP,WE,Towers with Radar,65,27,23,0,115,0,1,48,2,51,65,28,71,2,166,142,0,142,308
06/10/2020,BUR,CA,AWP,WE,Towers with Radar,66,45,52,0,163,0,0,36,0,36,66,45,88,0,199,144,0,144,343
06/11/2020,BUR,CA,AWP,WE,Towers with Radar,80,44,39,0,163,0,5,43,0,48,80,49,82,0,211,106,0,106,317
06/12/2020,BUR,CA,AWP,WE,Towers with Radar,78,51,34,0,163,0,3,59,0,62,78,54,93,0,225,182,0,182,407
06/13/2020,BUR,CA,AWP,WE,Towers with Radar,57,31,13,2,103,0,0,35,0,35,57,31,48,2,138,90,0,90,228
06/14/2020,BUR,CA,AWP,WE,Towers with Radar,67,43,41,0,151,0,1,42,0,43,67,44,83,0,194,46,0,46,240
06/15/2020,BUR,CA,AWP,WE,Towers with Radar,76,40,35,0,151,0,2,25,0,27,76,42,60,0,178,56,0,56,234
06/16/2020,BUR,CA,AWP,WE,Towers with Radar,67,42,22,0,131,0,1,32,0,33,67,43,54,0,164,72,0,72,236
06/17/2020,BUR,CA,AWP,WE,Towers with Radar,68,38,24,1,131,0,2,39,0,41,68,40,63,1,172,334,0,334,506
06/18/2020,BUR,CA,AWP,WE,Towers with Radar,82,57,39,2,180,0,4,35,1,40,82,61,74,3,220,198,0,198,418
06/19/2020,BUR,CA,AWP,WE,Towers with Radar,80,46,32,0,158,0,3,41,0,44,80,49,73,0,202,244,0,244,446
06/20/2020,BUR,CA,AWP,WE,Towers with Radar,60,41,26,0,127,0,0,35,0,35,60,41,61,0,162,74,0,74,236
06/21/2020,BUR,CA,AWP,WE,Towers with Radar,67,38,30,0,135,0,2,34,0,36,67,40,64,0,171,92,0,92,263
06/22/2020,BUR,CA,AWP,WE,Towers with Radar,77,53,50,0,180,0,1,41,0,42,77,54,91,0,222,14,0,14,236
06/23/2020,BUR,CA,AWP,WE,Towers with Radar,68,55,36,0,159,0,6,40,0,46,68,61,76,0,205,132,0,132,337
06/24/2020,BUR,CA,AWP,WE,Towers with Radar,68,42,26,0,136,0,1,30,3,34,68,43,56,3,170,196,0,196,366
06/25/2020,BUR,CA,AWP,WE,Towers with Radar,82,50,39,0,171,0,3,34,0,37,82,53,73,0,208,76,0,76,284
06/26/2020,BUR,CA,AWP,WE,Towers with Radar,80,63,34,0,177,0,3,47,0,50,80,66,81,0,227,68,0,68,295
06/27/2020,BUR,CA,AWP,WE,Towers with Radar,60,37,28,0,125,0,3,31,1,35,60,40,59,1,160,72,0,72,232
06/28/2020,BUR,CA,AWP,WE,Towers with Radar,76,46,30,0,152,0,0,23,0,23,76,46,53,0,175,34,0,34,209
06/29/2020,BUR,CA,AWP,WE,Towers with Radar,82,41,36,0,159,0,1,23,0,24,82,42,59,0,183,6,0,6,189
06/30/2020,BUR,CA,AWP,WE,Towers with Radar,84,47,42,1,174,0,0,34,1,35,84,47,76,2,209,96,0,96,305
07/01/2020,BUR,CA,AWP,WE,Towers with Radar,85,50,38,3,176,0,1,40,0,41,85,51,78,3,217,48,0,48,265
07/02/2020,BUR,CA,AWP,WE,Towers with Radar,87,51,43,0,181,0,1,27,0,28,87,52,70,0,209,44,0,44,253
07/03/2020,BUR,CA,AWP,WE,Towers with Radar,84,57,38,1,180,0,1,50,0,51,84,58,88,1,231,42,0,42,273
07/04/2020,BUR,CA,AWP,WE,Towers with Radar,62,19,9,0,90,0,0,33,2,35,62,19,42,2,125,8,0,8,133
07/05/2020,BUR,CA,AWP,WE,Towers with Radar,77,34,34,0,145,0,0,30,0,30,77,34,64,0,175,26,0,26,201
07/06/2020,BUR,CA,AWP,WE,Towers with Radar,81,47,38,0,166,0,5,36,0,41,81,52,74,0,207,40,0,40,247
07/07/2020,BUR,CA,AWP,WE,Towers with Radar,84,37,27,0,148,0,6,41,0,47,84,43,68,0,195,92,0,92,287
07/08/2020,BUR,CA,AWP,WE,Towers with Radar,86,42,33,0,161,0,8,35,1,44,86,50,68,1,205,44,0,44,249
07/09/2020,BUR,CA,AWP,WE,Towers with Radar,85,53,35,1,174,0,4,37,1,42,85,57,72,2,216,112,0,112,328
07/10/2020,BUR,CA,AWP,WE,Towers with Radar,82,54,25,0,161,0,6,37,0,43,82,60,62,0,204,24,0,24,228
07/11/2020,BUR,CA,AWP,WE,Towers with Radar,78,26,26,0,130,0,0,28,0,28,78,26,54,0,158,72,0,72,230
07/12/2020,BUR,CA,AWP,WE,Towers with Radar,77,42,24,0,143,0,1,29,0,30,77,43,53,0,173,112,0,112,285
07/13/2020,BUR,CA,AWP,WE,Towers with Radar,82,43,33,0,158,0,2,42,0,44,82,45,75,0,202,46,0,46,248
07/14/2020,BUR,CA,AWP,WE,Towers with Radar,88,39,22,2,151,0,0,31,0,31,88,39,53,2,182,90,0,90,272
07/15/2020,BUR,CA,AWP,WE,Towers with Radar,86,41,25,0,152,0,2,35,0,37,86,43,60,0,189,146,0,146,335
07/16/2020,BUR,CA,AWP,WE,Towers with Radar,88,38,24,2,152,0,4,26,0,30,88,42,50,2,182,80,0,80,262
07/17/2020,BUR,CA,AWP,WE,Towers with Radar,82,41,28,1,152,0,3,58,1,62,82,44,86,2,214,36,0,36,250
07/18/2020,BUR,CA,AWP,WE,Towers with Radar,78,30,18,0,126,0,0,64,1,65,78,30,82,1,191,212,0,212,403
07/19/2020,BUR,CA,AWP,WE,Towers with Radar,79,46,22,0,147,1,3,47,2,53,80,49,69,2,200,142,0,142,342
07/20/2020,BUR,CA,AWP,WE,Towers with Radar,81,55,26,0,162,0,3,53,0,56,81,58,79,0,218,148,0,148,366
07/21/2020,BUR,CA,AWP,WE,Towers with Radar,86,32,34,3,155,0,6,49,0,55,86,38,83,3,210,358,0,358,568
07/22/2020,BUR,CA,AWP,WE,Towers with Radar,88,46,35,3,172,0,7,30,1,38,88,53,65,4,210,154,0,154,364
07/23/2020,BUR,CA,AWP,WE,Towers with Radar,86,58,29,0,173,0,3,34,1,38,86,61,63,1,211,180,0,180,391
07/24/2020,BUR,CA,AWP,WE,Towers with Radar,84,50,32,6,172,0,6,47,4,57,84,56,79,10,229,136,0,136,365
07/25/2020,BUR,CA,AWP,WE,Towers with Radar,78,45,27,1,151,0,10,31,0,41,78,55,58,1,192,40,0,40,232
07/26/2020,BUR,CA,AWP,WE,Towers with Radar,85,43,26,0,154,0,4,37,0,41,85,47,63,0,195,90,0,90,285
07/27/2020,BUR,CA,AWP,WE,Towers with Radar,87,39,30,0,156,0,0,33,1,34,87,39,63,1,190,228,0,228,418
07/28/2020,BUR,CA,AWP,WE,Towers with Radar,88,37,32,0,157,0,3,48,0,51,88,40,80,0,208,148,0,148,356
07/29/2020,BUR,CA,AWP,WE,Towers with Radar,88,34,23,1,146,0,1,56,1,58,88,35,79,2,204,246,0,246,450
07/30/2020,BUR,CA,AWP,WE,Towers with Radar,90,38,23,2,153,0,1,47,3,51,90,39,70,5,204,152,0,152,356
07/31/2020,BUR,CA,AWP,WE,Towers with Radar,84,46,32,0,162,0,4,28,0,32,84,50,60,0,194,195,0,195,389
08/01/2020,BUR,CA,AWP,WE,Towers with Radar,85,23,22,0,130,0,2,29,0,31,85,25,51,0,161,106,0,106,267
08/02/2020,BUR,CA,AWP,WE,Towers with Radar,87,41,16,0,144,0,2,28,0,30,87,43,44,0,174,46,0,46,220
08/03/2020,BUR,CA,AWP,WE,Towers with Radar,89,35,22,0,146,0,2,44,1,47,89,37,66,1,193,112,0,112,305
08/04/2020,BUR,CA,AWP,WE,Towers with Radar,91,37,36,0,164,0,1,43,0,44,91,38,79,0,208,106,0,106,314
08/05/2020,BUR,CA,AWP,WE,Towers with Radar,87,40,51,1,179,0,2,42,0,44,87,42,93,1,223,156,0,156,379
08/06/2020,BUR,CA,AWP,WE,Towers with Radar,96,38,39,1,174,0,2,32,0,34,96,40,71,1,208,118,0,118,326
08/07/2020,BUR,CA,AWP,WE,Towers with Radar,88,43,28,0,159,0,2,45,0,47,88,45,73,0,206,54,0,54,260
08/08/2020,BUR,CA,AWP,WE,Towers with Radar,82,28,27,0,137,0,2,45,1,48,82,30,72,1,185,128,0,128,313
08/09/2020,BUR,CA,AWP,WE,Towers with Radar,84,35,21,0,140,0,0,36,0,36,84,35,57,0,176,84,0,84,260
08/10/2020,BUR,CA,AWP,WE,Towers with Radar,89,48,30,0,167,0,2,20,0,22,89,50,50,0,189,92,0,92,281
08/11/2020,BUR,CA,AWP,WE,Towers with Radar,77,33,34,0,144,0,2,31,0,33,77,35,65,0,177,88,0,88,265
08/12/2020,BUR,CA,AWP,WE,Towers with Radar,76,27,35,0,138,0,1,54,1,56,76,28,89,1,194,140,0,140,334
08/13/2020,BUR,CA,AWP,WE,Towers with Radar,80,47,38,0,165,0,4,45,0,49,80,51,83,0,214,108,0,108,322
08/14/2020,BUR,CA,AWP,WE,Towers with Radar,76,41,34,0,151,0,2,46,0,48,76,43,80,0,199,48,0,48,247
08/15/2020,BUR,CA,AWP,WE,Towers with Radar,65,32,24,4,125,0,0,37,0,37,65,32,61,4,162,68,0,68,230
08/16/2020,BUR,CA,AWP,WE,Towers with Radar,67,34,27,0,128,0,1,49,0,50,67,35,76,0,178,44,0,44,222
08/17/2020,BUR,CA,AWP,WE,Towers with Radar,79,40,16,0,135,0,4,35,0,39,79,44,51,0,174,118,0,118,292
08/18/2020,BUR,CA,AWP,WE,Towers with Radar,78,41,33,0,152,0,1,25,1,27,78,42,58,1,179,160,0,160,339
08/19/2020,BUR,CA,AWP,WE,Towers with Radar,75,30,22,0,127,0,1,27,0,28,75,31,49,0,155,172,0,172,327
08/20/2020,BUR,CA,AWP,WE,Towers with Radar,80,60,30,0,170,0,1,38,0,39,80,61,68,0,209,66,0,66,275
08/21/2020,BUR,CA,AWP,WE,Towers with Radar,78,41,31,0,150,0,3,50,0,53,78,44,81,0,203,106,0,106,309
08/22/2020,BUR,CA,AWP,WE,Towers with Radar,63,28,25,0,116,0,1,40,0,41,63,29,65,0,157,94,0,94,251
08/23/2020,BUR,CA,AWP,WE,Towers with Radar,65,44,31,0,140,0,0,44,0,44,65,44,75,0,184,90,0,90,274
08/24/2020,BUR,CA,AWP,WE,Towers with Radar,80,44,25,1,150,0,2,33,1,36,80,46,58,2,186,88,0,88,274
08/25/2020,BUR,CA,AWP,WE,Towers with Radar,80,48,31,0,159,0,1,45,0,46,80,49,76,0,205,180,0,180,385
08/26/2020,BUR,CA,AWP,WE,Towers with Radar,76,28,30,0,134,0,5,43,1,49,76,33,73,1,183,82,0,82,265
08/27/2020,BUR,CA,AWP,WE,Towers with Radar,80,41,40,0,161,0,0,53,0,53,80,41,93,0,214,194,0,194,408
08/28/2020,BUR,CA,AWP,WE,Towers with Radar,76,49,32,1,158,0,6,44,1,51,76,55,76,2,209,115,0,115,324
08/29/2020,BUR,CA,AWP,WE,Towers with Radar,63,25,26,0,114,0,0,44,0,44,63,25,70,0,158,74,0,74,232
08/30/2020,BUR,CA,AWP,WE,Towers with Radar,66,31,44,2,143,0,0,34,0,34,66,31,78,2,177,82,0,82,259
08/31/2020,BUR,CA,AWP,WE,Towers with Radar,77,44,35,0,156,0,0,36,2,38,77,44,71,2,194,52,0,52,246
09/01/2020,BUR,CA,AWP,WE,Towers with Radar,76,38,49,0,163,0,0,28,0,28,76,38,77,0,191,100,0,100,291
09/02/2020,BUR,CA,AWP,WE,Towers with Radar,75,29,34,0,138,0,1,35,0,36,75,30,69,0,174,126,0,126,300
09/03/2020,BUR,CA,AWP,WE,Towers with Radar,80,50,43,0,173,0,3,38,1,42,80,53,81,1,215,78,0,78,293
09/04/2020,BUR,CA,AWP,WE,Towers with Radar,76,47,39,0,162,0,2,55,3,60,76,49,94,3,222,80,0,80,302
09/05/2020,BUR,CA,AWP,WE,Towers with Radar,61,19,16,0,96,0,1,21,0,22,61,20,37,0,118,22,0,22,140
09/06/2020,BUR,CA,AWP,WE,Towers with Radar,64,30,24,0,118,0,0,25,1,26,64,30,49,1,144,20,0,20,164
09/07/2020,BUR,CA,AWP,WE,Towers with Radar,63,35,38,0,136,0,0,50,0,50,63,35,88,0,186,36,0,36,222
09/08/2020,BUR,CA,AWP,WE,Towers with Radar,65,34,29,1,129,0,4,29,3,36,65,38,58,4,165,64,0,64,229
09/09/2020,BUR,CA,AWP,WE,Towers with Radar,70,31,36,0,137,0,1,45,0,46,70,32,81,0,183,40,0,40,223
09/10/2020,BUR,CA,AWP,WE,Towers with Radar,70,47,34,2,153,0,4,24,0,28,70,51,58,2,181,42,0,42,223
09/11/2020,BUR,CA,AWP,WE,Towers with Radar,68,44,51,4,167,0,4,39,3,46,68,48,90,7,213,84,0,84,297
09/12/2020,BUR,CA,AWP,WE,Towers with Radar,60,37,25,1,123,0,1,17,1,19,60,38,42,2,142,0,0,0,142
09/13/2020,BUR,CA,AWP,WE,Towers with Radar,67,32,28,0,127,0,0,36,0,36,67,32,64,0,163,130,0,130,293
09/14/2020,BUR,CA,AWP,WE,Towers with Radar,67,44,24,3,138,0,3,36,1,40,67,47,60,4,178,98,0,98,276
09/15/2020,BUR,CA,AWP,WE,Towers with Radar,70,32,36,0,138,0,0,29,0,29,70,32,65,0,167,62,0,62,229
09/16/2020,BUR,CA,AWP,WE,Towers with Radar,73,26,32,0,131,0,2,39,0,41,73,28,71,0,172,82,0,82,254
09/17/2020,BUR,CA,AWP,WE,Towers with Radar,75,42,33,0,150,0,0,46,0,46,75,42,79,0,196,56,0,56,252
09/18/2020,BUR,CA,AWP,WE,Towers with Radar,70,57,38,0,165,0,2,47,3,52,70,59,85,3,217,88,0,88,305
09/19/2020,BUR,CA,AWP,WE,Towers with Radar,65,27,20,0,112,0,0,37,0,37,65,27,57,0,149,108,0,108,257
09/20/2020,BUR,CA,AWP,WE,Towers with Radar,70,36,30,0,136,0,0,33,0,33,70,36,63,0,169,76,0,76,245
09/21/2020,BUR,CA,AWP,WE,Towers with Radar,71,39,26,0,136,0,0,46,0,46,71,39,72,0,182,84,0,84,266
09/22/2020,BUR,CA,AWP,WE,Towers with Radar,76,37,33,0,146,0,1,32,0,33,76,38,65,0,179,106,0,106,285
09/23/2020,BUR,CA,AWP,WE,Towers with Radar,74,29,33,0,136,0,6,35,1,42,74,35,68,1,178,58,0,58,236
09/24/2020,BUR,CA,AWP,WE,Towers with Radar,74,38,29,0,141,0,2,47,0,49,74,40,76,0,190,76,0,76,266
09/25/2020,BUR,CA,AWP,WE,Towers with Radar,70,47,22,3,142,0,2,49,1,52,70,49,71,4,194,117,0,117,311
09/26/2020,BUR,CA,AWP,WE,Towers with Radar,62,25,29,0,116,0,0,43,0,43,62,25,72,0,159,154,0,154,313
09/27/2020,BUR,CA,AWP,WE,Towers with Radar,66,39,23,0,128,0,1,36,0,37,66,40,59,0,165,86,0,86,251
09/28/2020,BUR,CA,AWP,WE,Towers with Radar,71,37,25,0,133,0,2,44,0,46,71,39,69,0,179,112,0,112,291
09/29/2020,BUR,CA,AWP,WE,Towers with Radar,73,27,32,1,133,0,4,47,1,52,73,31,79,2,185,94,0,94,279
09/30/2020,BUR,CA,AWP,WE,Towers with Radar,73,34,31,2,140,0,2,42,1,45,73,36,73,3,185,158,0,158,343
10/01/2020,BUR,CA,AWP,WE,Towers with Radar,74,49,32,0,155,0,3,51,0,54,74,52,83,0,209,90,0,90,299
10/02/2020,BUR,CA,AWP,WE,Towers with Radar,70,46,34,0,150,0,2,31,0,33,70,48,65,0,183,68,0,68,251
10/03/2020,BUR,CA,AWP,WE,Towers with Radar,64,17,28,0,109,0,0,34,0,34,64,17,62,0,143,82,0,82,225
10/04/2020,BUR,CA,AWP,WE,Towers with Radar,67,38,23,0,128,0,0,22,0,22,67,38,45,0,150,44,0,44,194
10/05/2020,BUR,CA,AWP,WE,Towers with Radar,74,39,30,0,143,0,3,47,0,50,74,42,77,0,193,156,0,156,349
10/06/2020,BUR,CA,AWP,WE,Towers with Radar,72,31,19,0,122,0,0,35,2,37,72,31,54,2,159,58,0,58,217
10/07/2020,BUR,CA,AWP,WE,Towers with Radar,69,30,34,0,133,0,2,28,0,30,69,32,62,0,163,92,0,92,255
10/08/2020,BUR,CA,AWP,WE,Towers with Radar,71,50,46,1,168,0,0,41,0,41,71,50,87,1,209,64,0,64,273
10/09/2020,BUR,CA,AWP,WE,Towers with Radar,69,51,35,0,155,0,2,33,0,35,69,53,68,0,190,90,0,90,280
10/10/2020,BUR,CA,AWP,WE,Towers with Radar,58,29,28,0,115,0,2,25,0,27,58,31,53,0,142,84,0,84,226
10/11/2020,BUR,CA,AWP,WE,Towers with Radar,69,44,27,0,140,0,3,31,0,34,69,47,58,0,174,200,0,200,374
10/12/2020,BUR,CA,AWP,WE,Towers with Radar,71,40,31,0,142,0,2,45,0,47,71,42,76,0,189,152,0,152,341
10/13/2020,BUR,CA,AWP,WE,Towers with Radar,67,34,33,0,134,0,1,47,0,48,67,35,80,0,182,76,0,76,258
10/14/2020,BUR,CA,AWP,WE,Towers with Radar,69,49,33,0,151,0,6,59,0,65,69,55,92,0,216,26,0,26,242
10/15/2020,BUR,CA,AWP,WE,Towers with Radar,73,61,49,0,183,0,6,50,2,58,73,67,99,2,241,148,0,148,389
10/16/2020,BUR,CA,AWP,WE,Towers with Radar,67,67,37,0,171,0,4,66,1,71,67,71,103,1,242,84,0,84,326
10/17/2020,BUR,CA,AWP,WE,Towers with Radar,58,32,21,0,111,0,4,47,2,53,58,36,68,2,164,92,0,92,256
10/18/2020,BUR,CA,AWP,WE,Towers with Radar,65,52,26,0,143,0,2,38,0,40,65,54,64,0,183,82,0,82,265
10/19/2020,BUR,CA,AWP,WE,Towers with Radar,69,54,40,0,163,0,1,17,0,18,69,55,57,0,181,132,0,132,313
10/20/2020,BUR,CA,AWP,WE,Towers with Radar,71,40,28,1,140,0,1,27,0,28,71,41,55,1,168,178,0,178,346
10/21/2020,BUR,CA,AWP,WE,Towers with Radar,67,42,38,0,147,0,2,31,0,33,67,44,69,0,180,40,0,40,220
10/22/2020,BUR,CA,AWP,WE,Towers with Radar,71,51,54,0,176,0,3,41,0,44,71,54,95,0,220,134,0,134,354
10/23/2020,BUR,CA,AWP,WE,Towers with Radar,68,56,28,2,154,0,1,32,0,33,68,57,60,2,187,78,0,78,265
10/24/2020,BUR,CA,AWP,WE,Towers with Radar,58,30,30,0,118,0,1,21,0,22,58,31,51,0,140,60,0,60,200
10/25/2020,BUR,CA,AWP,WE,Towers with Radar,64,48,32,0,144,0,1,30,0,31,64,49,62,0,175,120,0,120,295
10/26/2020,BUR,CA,AWP,WE,Towers with Radar,69,61,24,1,155,0,3,13,0,16,69,64,37,1,171,0,0,0,171
10/27/2020,BUR,CA,AWP,WE,Towers with Radar,70,40,28,0,138,0,6,51,0,57,70,46,79,0,195,74,0,74,269
10/28/2020,BUR,CA,AWP,WE,Towers with Radar,67,37,35,0,139,0,4,58,1,63,67,41,93,1,202,160,0,160,362
10/29/2020,BUR,CA,AWP,WE,Towers with Radar,71,50,43,1,165,0,5,43,2,50,71,55,86,3,215,234,0,234,449
10/30/2020,BUR,CA,AWP,WE,Towers with Radar,67,58,59,2,186,0,7,49,0,56,67,65,108,2,242,126,0,126,368
10/31/2020,BUR,CA,AWP,WE,Towers with Radar,55,21,21,1,98,0,3,43,0,46,55,24,64,1,144,40,0,40,184
11/01/2020,BUR,CA,AWP,WE,Towers with Radar,64,40,34,1,139,0,0,35,0,35,64,40,69,1,174,124,0,124,298
11/02/2020,BUR,CA,AWP,WE,Towers with Radar,72,39,31,2,144,0,0,36,2,38,72,39,67,4,182,146,0,146,328
11/03/2020,BUR,CA,AWP,WE,Towers with Radar,69,33,32,1,135,0,6,29,0,35,69,39,61,1,170,62,0,62,232
11/04/2020,BUR,CA,AWP,WE,Towers with Radar,54,26,29,0,109,0,0,35,1,36,54,26,64,1,145,40,0,40,185
11/05/2020,BUR,CA,AWP,WE,Towers with Radar,77,43,37,1,158,0,0,56,0,56,77,43,93,1,214,170,0,170,384
11/06/2020,BUR,CA,AWP,WE,Towers with Radar,73,60,34,2,169,0,1,39,0,40,73,61,73,2,209,44,0,44,253
11/07/2020,BUR,CA,AWP,WE,Towers with Radar,45,20,14,2,81,0,4,22,0,26,45,24,36,2,107,54,0,54,161
11/08/2020,BUR,CA,AWP,WE,Towers with Radar,67,46,23,2,138,0,0,20,0,20,67,46,43,2,158,48,0,48,206
11/09/2020,BUR,CA,AWP,WE,Towers with Radar,73,49,32,0,154,0,2,41,0,43,73,51,73,0,197,96,0,96,293
11/10/2020,BUR,CA,AWP,WE,Towers with Radar,47,40,29,1,117,0,1,48,0,49,47,41,77,1,166,54,0,54,220
11/11/2020,BUR,CA,AWP,WE,Towers with Radar,49,36,23,0,108,0,0,44,0,44,49,36,67,0,152,44,0,44,196
11/12/2020,BUR,CA,AWP,WE,Towers with Radar,77,40,27,2,146,0,0,65,0,65,77,40,92,2,211,100,0,100,311
11/13/2020,BUR,CA,AWP,WE,Towers with Radar,71,53,32,0,156,0,7,59,0,66,71,60,91,0,222,120,0,120,342
11/14/2020,BUR,CA,AWP,WE,Towers with Radar,52,22,17,0,91,0,2,31,0,33,52,24,48,0,124,62,0,62,186
11/15/2020,BUR,CA,AWP,WE,Towers with Radar,71,46,29,1,147,0,1,32,1,34,71,47,61,2,181,50,0,50,231
11/16/2020,BUR,CA,AWP,WE,Towers with Radar,74,40,37,0,151,0,1,36,0,37,74,41,73,0,188,94,0,94,282
11/17/2020,BUR,CA,AWP,WE,Towers with Radar,50,30,30,0,110,0,2,48,2,52,50,32,78,2,162,48,0,48,210
11/18/2020,BUR,CA,AWP,WE,Towers with Radar,53,35,30,0,118,0,1,46,0,47,53,36,76,0,165,154,0,154,319
11/19/2020,BUR,CA,AWP,WE,Towers with Radar,80,57,23,0,160,0,1,37,6,44,80,58,60,6,204,84,0,84,288
11/20/2020,BUR,CA,AWP,WE,Towers with Radar,73,49,32,3,157,0,0,55,0,55,73,49,87,3,212,136,0,136,348
11/21/2020,BUR,CA,AWP,WE,Towers with Radar,69,26,26,0,121,0,6,41,0,47,69,32,67,0,168,128,0,128,296
11/22/2020,BUR,CA,AWP,WE,Towers with Radar,73,44,33,1,151,0,0,41,2,43,73,44,74,3,194,60,0,60,254
11/23/2020,BUR,CA,AWP,WE,Towers with Radar,86,53,15,3,157,0,1,39,1,41,86,54,54,4,198,88,0,88,286
11/24/2020,BUR,CA,AWP,WE,Towers with Radar,85,59,33,0,177,0,2,44,2,48,85,61,77,2,225,176,0,176,401
11/25/2020,BUR,CA,AWP,WE,Towers with Radar,86,60,28,0,174,0,3,47,0,50,86,63,75,0,224,80,0,80,304
11/26/2020,BUR,CA,AWP,WE,Towers with Radar,39,19,9,0,67,0,1,5,0,6,39,20,14,0,73,0,0,0,73
11/27/2020,BUR,CA,AWP,WE,Towers with Radar,73,41,10,0,124,0,6,19,0,25,73,47,29,0,149,12,0,12,161
11/28/2020,BUR,CA,AWP,WE,Towers with Radar,72,42,21,0,135,0,0,35,0,35,72,42,56,0,170,34,0,34,204
11/29/2020,BUR,CA,AWP,WE,Towers with Radar,77,63,35,2,177,0,3,34,0,37,77,66,69,2,214,100,0,100,314
11/30/2020,BUR,CA,AWP,WE,Towers with Radar,82,47,29,0,158,0,5,31,0,36,82,52,60,0,194,108,0,108,302
12/01/2020,BUR,CA,AWP,WE,Towers with Radar,84,40,30,0,154,0,3,29,0,32,84,43,59,0,186,72,0,72,258
12/02/2020,BUR,CA,AWP,WE,Towers with Radar,55,43,34,0,132,0,2,37,1,40,55,45,71,1,172,56,0,56,228
12/03/2020,BUR,CA,AWP,WE,Towers with Radar,57,43,20,0,120,0,5,30,0,35,57,48,50,0,155,68,0,68,223
12/04/2020,BUR,CA,AWP,WE,Towers with Radar,53,55,25,0,133,0,1,47,0,48,53,56,72,0,181,98,0,98,279
12/05/2020,BUR,CA,AWP,WE,Towers with Radar,50,23,21,0,94,0,2,40,0,42,50,25,61,0,136,36,0,36,172
12/06/2020,BUR,CA,AWP,WE,Towers with Radar,50,42,17,0,109,0,5,28,0,33,50,47,45,0,142,95,0,95,237
12/07/2020,BUR,CA,AWP,WE,Towers with Radar,54,35,27,0,116,0,1,44,2,47,54,36,71,2,163,88,0,88,251
12/08/2020,BUR,CA,AWP,WE,Towers with Radar,55,44,18,0,117,0,5,31,1,37,55,49,49,1,154,97,0,97,251
12/09/2020,BUR,CA,AWP,WE,Towers with Radar,55,42,39,0,136,0,3,48,0,51,55,45,87,0,187,50,0,50,237
12/10/2020,BUR,CA,AWP,WE,Towers with Radar,57,47,15,0,119,0,4,52,1,57,57,51,67,1,176,150,0,150,326
12/11/2020,BUR,CA,AWP,WE,Towers with Radar,51,48,42,0,141,0,1,30,0,31,51,49,72,0,172,18,0,18,190
12/12/2020,BUR,CA,AWP,WE,Towers with Radar,49,23,14,0,86,0,0,25,2,27,49,23,39,2,113,50,0,50,163
12/13/2020,BUR,CA,AWP,WE,Towers with Radar,50,34,30,0,114,0,0,54,1,55,50,34,84,1,169,88,0,88,257
12/14/2020,BUR,CA,AWP,WE,Towers with Radar,54,35,14,0,103,0,0,15,0,15,54,35,29,0,118,34,0,34,152
12/15/2020,BUR,CA,AWP,WE,Towers with Radar,58,40,29,0,127,0,2,33,0,35,58,42,62,0,162,46,0,46,208
12/16/2020,BUR,CA,AWP,WE,Towers with Radar,59,43,39,2,143,0,1,49,0,50,59,44,88,2,193,136,0,136,329
12/17/2020,BUR,CA,AWP,WE,Towers with Radar,82,58,18,1,159,0,4,25,2,31,82,62,43,3,190,106,0,106,296
12/18/2020,BUR,CA,AWP,WE,Towers with Radar,83,71,27,0,181,0,2,31,0,33,83,73,58,0,214,50,0,50,264
12/19/2020,BUR,CA,AWP,WE,Towers with Radar,81,38,25,2,146,0,8,43,0,51,81,46,68,2,197,96,0,96,293
12/20/2020,BUR,CA,AWP,WE,Towers with Radar,73,37,26,0,136,0,3,40,0,43,73,40,66,0,179,24,0,24,203
12/21/2020,BUR,CA,AWP,WE,Towers with Radar,80,53,29,0,162,0,1,24,0,25,80,54,53,0,187,36,0,36,223
12/22/2020,BUR,CA,AWP,WE,Towers with Radar,88,45,33,0,166,0,0,68,0,68,88,45,101,0,234,296,0,296,530
12/23/2020,BUR,CA,AWP,WE,Towers with Radar,88,59,24,2,173,0,2,31,0,33,88,61,55,2,206,84,0,84,290
12/24/2020,BUR,CA,AWP,WE,Towers with Radar,49,32,15,0,96,0,0,27,0,27,49,32,42,0,123,24,0,24,147
12/25/2020,BUR,CA,AWP,WE,Towers with Radar,36,19,8,0,63,0,1,7,0,8,36,20,15,0,71,0,0,0,71
12/26/2020,BUR,CA,AWP,WE,Towers with Radar,73,32,22,0,127,0,0,31,0,31,73,32,53,0,158,0,0,0,158
12/27/2020,BUR,CA,AWP,WE,Towers with Radar,78,38,19,0,135,0,0,29,0,29,78,38,48,0,164,50,0,50,214
12/28/2020,BUR,CA,AWP,WE,Towers with Radar,78,64,31,0,173,0,0,16,0,16,78,64,47,0,189,30,0,30,219
12/29/2020,BUR,CA,AWP,WE,Towers with Radar,79,61,16,1,157,0,5,30,0,35,79,66,46,1,192,28,0,28,220
12/30/2020,BUR,CA,AWP,WE,Towers with Radar,78,50,24,0,152,0,1,23,2,26,78,51,47,2,178,20,0,20,198
12/31/2020,BUR,CA,AWP,WE,Towers with Radar,45,35,14,0,94,0,0,20,0,20,45,35,34,0,114,16,0,16,130
01/01/2021,BUR,CA,AWP,WE,Towers with Radar,44,35,21,0,100,0,1,34,0,35,44,36,55,0,135,0,0,0,135
01/02/2021,BUR,CA,AWP,WE,Towers with Radar,72,38,21,1,132,0,0,57,0,57,72,38,78,1,189,160,0,160,349
01/03/2021,BUR,CA,AWP,WE,Towers with Radar,76,46,24,1,147,1,0,14,0,15,77,46,38,1,162,0,0,0,162
01/04/2021,BUR,CA,AWP,WE,Towers with Radar,80,34,26,0,140,0,3,32,0,35,80,37,58,0,175,48,0,48,223
01/05/2021,BUR,CA,AWP,WE,Towers with Radar,79,32,18,0,129,0,3,24,0,27,79,35,42,0,156,14,0,14,170
01/06/2021,BUR,CA,AWP,WE,Towers with Radar,74,31,22,0,127,0,1,36,0,37,74,32,58,0,164,98,0,98,262
01/07/2021,BUR,CA,AWP,WE,Towers with Radar,56,30,23,0,109,0,1,32,0,33,56,31,55,0,142,110,0,110,252
01/08/2021,BUR,CA,AWP,WE,Towers with Radar,51,38,24,1,114,0,3,45,0,48,51,41,69,1,162,110,0,110,272
01/09/2021,BUR,CA,AWP,WE,Towers with Radar,46,25,17,0,88,0,4,30,0,34,46,29,47,0,122,112,0,112,234
01/10/2021,BUR,CA,AWP,WE,Towers with Radar,47,44,28,0,119,0,0,45,2,47,47,44,73,2,166,102,0,102,268
01/11/2021,BUR,CA,AWP,WE,Towers with Radar,51,39,18,0,108,0,1,36,0,37,51,40,54,0,145,96,0,96,241
01/12/2021,BUR,CA,AWP,WE,Towers with Radar,54,31,28,0,113,0,1,41,3,45,54,32,69,3,158,36,0,36,194
01/13/2021,BUR,CA,AWP,WE,Towers with Radar,51,32,22,0,105,0,3,30,5,38,51,35,52,5,143,172,0,172,315
01/14/2021,BUR,CA,AWP,WE,Towers with Radar,56,40,19,0,115,0,1,40,3,44,56,41,59,3,159,234,0,234,393
01/15/2021,BUR,CA,AWP,WE,Towers with Radar,52,40,18,0,110,0,3,27,3,33,52,43,45,3,143,26,0,26,169
01/16/2021,BUR,CA,AWP,WE,Towers with Radar,46,26,15,0,87,0,1,28,1,30,46,27,43,1,117,184,0,184,301
01/17/2021,BUR,CA,AWP,WE,Towers with Radar,49,32,20,0,101,0,2,47,3,52,49,34,67,3,153,116,0,116,269
01/18/2021,BUR,CA,AWP,WE,Towers with Radar,51,41,24,0,116,0,1,45,2,48,51,42,69,2,164,232,0,232,396
01/19/2021,BUR,CA,AWP,WE,Towers with Radar,53,33,9,0,95,0,0,6,0,6,53,33,15,0,101,12,0,12,113
01/20/2021,BUR,CA,AWP,WE,Towers with Radar,53,48,9,0,110,0,0,30,0,30,53,48,39,0,140,118,0,118,258
01/21/2021,BUR,CA,AWP,WE,Towers with Radar,56,44,36,0,136,0,0,50,0,50,56,44,86,0,186,196,0,196,382
01/22/2021,BUR,CA,AWP,WE,Towers with Radar,52,55,26,0,133,0,2,33,0,35,52,57,59,0,168,105,0,105,273
01/23/2021,BUR,CA,AWP,WE,Towers with Radar,46,26,11,0,83,0,2,20,0,22,46,28,31,0,105,36,0,36,141
01/24/2021,BUR,CA,AWP,WE,Towers with Radar,46,43,32,0,121,0,2,29,1,32,46,45,61,1,153,54,0,54,207
01/25/2021,BUR,CA,AWP,WE,Towers with Radar,50,53,25,0,128,0,0,20,0,20,50,53,45,0,148,38,0,38,186
01/26/2021,BUR,CA,AWP,WE,Towers with Radar,56,36,20,0,112,0,1,43,0,44,56,37,63,0,156,110,0,110,266
01/27/2021,BUR,CA,AWP,WE,Towers with Radar,54,43,15,0,112,0,0,23,1,24,54,43,38,1,136,152,0,152,288
01/28/2021,BUR,CA,AWP,WE,Towers with Radar,56,46,19,0,121,0,0,17,0,17,56,46,36,0,138,86,0,86,224
01/29/2021,BUR,CA,AWP,WE,Towers with Radar,52,40,9,0,101,0,0,18,0,18,52,40,27,0,119,0,0,0,119
01/30/2021,BUR,CA,AWP,WE,Towers with Radar,46,39,22,0,107,0,2,49,0,51,46,41,71,0,158,114,0,114,272
01/31/2021,BUR,CA,AWP,WE,Towers with Radar,49,39,25,0,113,0,3,41,0,44,49,42,66,0,157,76,0,76,233
02/01/2021,BUR,CA,AWP,WE,Towers with Radar,53,38,18,2,111,0,6,36,1,43,53,44,54,3,154,142,0,142,296
02/02/2021,BUR,CA,AWP,WE,Towers with Radar,54,43,25,1,123,0,4,65,0,69,54,47,90,1,192,198,0,198,390
02/03/2021,BUR,CA,AWP,WE,Towers with Radar,54,41,31,0,126,0,4,58,0,62,54,45,89,0,188,254,0,254,442
02/04/2021,BUR,CA,AWP,WE,Towers with Radar,58,45,18,0,121,0,1,47,0,48,58,46,65,0,169,72,0,72,241
02/05/2021,BUR,CA,AWP,WE,Towers with Radar,53,42,44,0,139,0,1,65,0,66,53,43,109,0,205,16,0,16,221
02/06/2021,BUR,CA,AWP,WE,Towers with Radar,46,30,34,0,110,0,3,60,0,63,46,33,94,0,173,126,0,126,299
02/07/2021,BUR,CA,AWP,WE,Towers with Radar,50,42,24,1,117,0,2,27,0,29,50,44,51,1,146,168,0,168,314
02/08/2021,BUR,CA,AWP,WE,Towers with Radar,55,56,44,1,156,0,3,34,0,37,55,59,78,1,193,70,0,70,263
02/09/2021,BUR,CA,AWP,WE,Towers with Radar,54,28,35,0,117,0,0,47,0,47,54,28,82,0,164,96,0,96,260
02/10/2021,BUR,CA,AWP,WE,Towers with Radar,52,40,34,2,128,0,0,38,0,38,52,40,72,2,166,104,0,104,270
02/11/2021,BUR,CA,AWP,WE,Towers with Radar,52,42,43,0,137,0,3,45,0,48,52,45,88,0,185,84,0,84,269
02/12/2021,BUR,CA,AWP,WE,Towers with Radar,52,48,32,0,132,0,3,16,0,19,52,51,48,0,151,58,0,58,209
02/13/2021,BUR,CA,AWP,WE,Towers with Radar,39,35,20,0,94,0,0,40,0,40,39,35,60,0,134,20,0,20,154
02/14/2021,BUR,CA,AWP,WE,Towers with Radar,45,44,8,0,97,0,0,40,0,40,45,44,48,0,137,0,0,0,137
02/15/2021,BUR,CA,AWP,WE,Towers with Radar,48,50,36,0,134,0,0,58,0,58,48,50,94,0,192,120,0,120,312
02/16/2021,BUR,CA,AWP,WE,Towers with Radar,51,34,24,2,111,0,0,38,0,38,51,34,62,2,149,238,0,238,387
02/17/2021,BUR,CA,AWP,WE,Towers with Radar,53,41,15,0,109,0,1,40,1,42,53,42,55,1,151,206,0,206,357
02/18/2021,BUR,CA,AWP,WE,Towers with Radar,61,52,34,0,147,0,0,48,0,48,61,52,82,0,195,202,0,202,397
02/19/2021,BUR,CA,AWP,WE,Towers with Radar,53,51,33,0,137,0,1,55,0,56,53,52,88,0,193,4,0,4,197
02/20/2021,BUR,CA,AWP,WE,Towers with Radar,48,22,11,0,81,0,4,31,0,35,48,26,42,0,116,10,0,10,126
02/21/2021,BUR,CA,AWP,WE,Towers with Radar,55,36,34,0,125,0,0,49,2,51,55,36,83,2,176,102,0,102,278
02/22/2021,BUR,CA,AWP,WE,Towers with Radar,56,32,29,2,119,0,2,64,0,66,56,34,93,2,185,178,0,178,363
02/23/2021,BUR,CA,AWP,WE,Towers with Radar,58,38,22,2,120,0,2,64,3,69,58,40,86,5,189,66,0,66,255
02/24/2021,BUR,CA,AWP,WE,Towers with Radar,60,42,32,0,134,0,5,44,1,50,60,47,76,1,184,100,0,100,284
02/25/2021,BUR,CA,AWP,WE,Towers with Radar,62,39,17,0,118,0,2,26,0,28,62,41,43,0,146,86,0,86,232
02/26/2021,BUR,CA,AWP,WE,Towers with Radar,56,40,42,0,138,0,3,52,0,55,56,43,94,0,193,84,0,84,277
02/27/2021,BUR,CA,AWP,WE,Towers with Radar,50,28,15,0,93,0,2,31,0,33,50,30,46,0,126,50,0,50,176
02/28/2021,BUR,CA,AWP,WE,Towers with Radar,53,52,18,1,124,0,4,28,0,32,53,56,46,1,156,52,0,52,208
03/01/2021,BUR,CA,AWP,WE,Towers with Radar,57,49,28,0,134,0,1,50,0,51,57,50,78,0,185,174,0,174,359
03/02/2021,BUR,CA,AWP,WE,Towers with Radar,58,51,39,2,150,0,0,41,0,41,58,51,80,2,191,84,0,84,275
03/03/2021,BUR,CA,AWP,WE,Towers with Radar,58,42,21,0,121,0,1,26,0,27,58,43,47,0,148,104,0,104,252
03/04/2021,BUR,CA,AWP,WE,Towers with Radar,61,60,32,1,154,0,2,42,0,44,61,62,74,1,198,164,0,164,362
03/05/2021,BUR,CA,AWP,WE,Towers with Radar,58,52,46,2,158,0,2,40,1,43,58,54,86,3,201,132,0,132,333
03/06/2021,BUR,CA,AWP,WE,Towers with Radar,52,33,25,0,110,0,3,39,0,42,52,36,64,0,152,70,0,70,222
03/07/2021,BUR,CA,AWP,WE,Towers with Radar,79,44,34,0,157,0,1,32,0,33,79,45,66,0,190,58,0,58,248
03/08/2021,BUR,CA,AWP,WE,Towers with Radar,82,38,17,2,139,0,0,44,0,44,82,38,61,2,183,70,0,70,253
03/09/2021,BUR,CA,AWP,WE,Towers with Radar,59,36,29,0,124,0,0,24,0,24,59,36,53,0,148,122,0,122,270
03/10/2021,BUR,CA,AWP,WE,Towers with Radar,66,38,19,0,123,0,1,9,2,12,66,39,28,2,135,10,0,10,145
03/11/2021,BUR,CA,AWP,WE,Towers with Radar,86,44,29,0,159,0,1,25,0,26,86,45,54,0,185,152,0,152,337
03/12/2021,BUR,CA,AWP,WE,Towers with Radar,81,59,29,0,169,0,1,47,0,48,81,60,76,0,217,94,0,94,311
03/13/2021,BUR,CA,AWP,WE,Towers with Radar,53,35,25,0,113,0,1,72,0,73,53,36,97,0,186,110,0,110,296
03/14/2021,BUR,CA,AWP,WE,Towers with Radar,74,51,26,0,151,0,0,24,0,24,74,51,50,0,175,50,0,50,225
03/15/2021,BUR,CA,AWP,WE,Towers with Radar,71,34,27,4,136,0,0,28,0,28,71,34,55,4,164,26,0,26,190
03/16/2021,BUR,CA,AWP,WE,Towers with Radar,78,54,33,1,166,0,1,58,0,59,78,55,91,1,225,136,0,136,361
03/17/2021,BUR,CA,AWP,WE,Towers with Radar,75,53,24,2,154,0,3,54,3,60,75,56,78,5,214,168,0,168,382
03/18/2021,BUR,CA,AWP,WE,Towers with Radar,78,56,43,0,177,0,1,46,0,47,78,57,89,0,224,122,0,122,346
03/19/2021,BUR,CA,AWP,WE,Towers with Radar,81,53,48,0,182,0,2,62,0,64,81,55,110,0,246,92,0,92,338
03/20/2021,BUR,CA,AWP,WE,Towers with Radar,58,36,26,0,120,0,1,46,0,47,58,37,72,0,167,34,0,34,201
03/21/2021,BUR,CA,AWP,WE,Towers with Radar,79,50,38,0,167,0,0,35,0,35,79,50,73,0,202,114,0,114,316
03/22/2021,BUR,CA,AWP,WE,Towers with Radar,79,51,23,0,153,0,1,47,0,48,79,52,70,0,201,230,0,230,431
03/23/2021,BUR,CA,AWP,WE,Towers with Radar,78,41,20,0,139,0,0,23,0,23,78,41,43,0,162,0,0,0,162
03/24/2021,BUR,CA,AWP,WE,Towers with Radar,79,39,20,2,140,0,3,30,0,33,79,42,50,2,173,84,0,84,257
03/25/2021,BUR,CA,AWP,WE,Towers with Radar,84,56,27,0,167,0,0,30,0,30,84,56,57,0,197,74,0,74,271
03/26/2021,BUR,CA,AWP,WE,Towers with Radar,80,81,34,2,197,0,1,42,0,43,80,82,76,2,240,116,0,116,356
03/27/2021,BUR,CA,AWP,WE,Towers with Radar,60,44,21,0,125,0,0,54,0,54,60,44,75,0,179,104,0,104,283
03/28/2021,BUR,CA,AWP,WE,Towers with Radar,79,53,21,2,155,0,0,37,0,37,79,53,58,2,192,50,0,50,242
03/29/2021,BUR,CA,AWP,WE,Towers with Radar,81,41,28,3,153,0,0,52,1,53,81,41,80,4,206,248,0,248,454
03/30/2021,BUR,CA,AWP,WE,Towers with Radar,80,35,31,0,146,0,1,49,0,50,80,36,80,0,196,90,0,90,286
03/31/2021,BUR,CA,AWP,WE,Towers with Radar,81,37,26,0,144,0,1,55,0,56,81,38,81,0,200,212,0,212,412
04/01/2021,BUR,CA,AWP,WE,Towers with Radar,86,42,34,0,162,0,0,56,0,56,86,42,90,0,218,206,0,206,424
04/02/2021,BUR,CA,AWP,WE,Towers with Radar,84,73,40,0,197,0,4,46,0,50,84,77,86,0,247,32,0,32,279
04/03/2021,BUR,CA,AWP,WE,Towers with Radar,63,46,27,0,136,0,6,39,0,45,63,52,66,0,181,30,0,30,211
04/04/2021,BUR,CA,AWP,WE,Towers with Radar,83,56,17,0,156,0,2,37,0,39,83,58,54,0,195,90,0,90,285
04/05/2021,BUR,CA,AWP,WE,Towers with Radar,81,36,19,0,136,0,1,56,0,57,81,37,75,0,193,198,0,198,391
04/06/2021,BUR,CA,AWP,WE,Towers with Radar,80,36,27,2,145,0,5,21,0,26,80,41,48,2,171,24,0,24,195
04/07/2021,BUR,CA,AWP,WE,Towers with Radar,89,34,36,2,161,0,2,46,0,48,89,36,82,2,209,128,0,128,337
04/08/2021,BUR,CA,AWP,WE,Towers with Radar,84,59,28,0,171,0,2,34,0,36,84,61,62,0,207,108,0,108,315
04/09/2021,BUR,CA,AWP,WE,Towers with Radar,83,56,27,0,166,0,3,53,0,56,83,59,80,0,222,84,0,84,306
04/10/2021,BUR,CA,AWP,WE,Towers with Radar,62,35,32,0,129,0,2,42,0,44,62,37,74,0,173,72,0,72,245
04/11/2021,BUR,CA,AWP,WE,Towers with Radar,82,55,29,0,166,0,0,55,0,55,82,55,84,0,221,112,0,112,333
04/12/2021,BUR,CA,AWP,WE,Towers with Radar,65,53,28,0,146,0,7,46,0,53,65,60,74,0,199,146,0,146,345
04/13/2021,BUR,CA,AWP,WE,Towers with Radar,65,53,36,0,154,0,1,22,1,24,65,54,58,1,178,168,0,168,346
04/14/2021,BUR,CA,AWP,WE,Towers with Radar,64,49,35,0,148,0,2,46,1,49,64,51,81,1,197,156,0,156,353
04/15/2021,BUR,CA,AWP,WE,Towers with Radar,70,56,42,0,168,0,2,64,0,66,70,58,106,0,234,54,0,54,288
04/16/2021,BUR,CA,AWP,WE,Towers with Radar,64,56,31,4,155,0,0,53,3,56,64,56,84,7,211,58,0,58,269
04/17/2021,BUR,CA,AWP,WE,Towers with Radar,58,29,14,0,101,0,3,47,0,50,58,32,61,0,151,74,0,74,225
04/18/2021,BUR,CA,AWP,WE,Towers with Radar,64,47,18,0,129,0,0,33,0,33,64,47,51,0,162,10,0,10,172
04/19/2021,BUR,CA,AWP,WE,Towers with Radar,62,37,24,0,123,0,0,59,2,61,62,37,83,2,184,180,0,180,364
04/20/2021,BUR,CA,AWP,WE,Towers with Radar,64,38,28,3,133,0,1,49,0,50,64,39,77,3,183,134,0,134,317
04/21/2021,BUR,CA,AWP,WE,Towers with Radar,66,39,30,1,136,0,1,51,1,53,66,40,81,2,189,134,0,134,323
04/22/2021,BUR,CA,AWP,WE,Towers with Radar,75,57,42,0,174,0,0,35,0,35,75,57,77,0,209,144,0,144,353
04/23/2021,BUR,CA,AWP,WE,Towers with Radar,72,49,27,0,148,0,5,50,1,56,72,54,77,1,204,72,0,72,276
04/24/2021,BUR,CA,AWP,WE,Towers with Radar,65,37,15,2,119,0,1,32,0,33,65,38,47,2,152,104,0,104,256
04/25/2021,BUR,CA,AWP,WE,Towers with Radar,73,51,31,2,157,0,1,48,0,49,73,52,79,2,206,146,0,146,352
04/26/2021,BUR,CA,AWP,WE,Towers with Radar,71,42,31,0,144,0,0,45,0,45,71,42,76,0,189,228,0,228,417
04/27/2021,BUR,CA,AWP,WE,Towers with Radar,69,49,26,3,147,0,0,36,0,36,69,49,62,3,183,92,0,92,275
04/28/2021,BUR,CA,AWP,WE,Towers with Radar,71,52,32,4,159,0,3,48,1,52,71,55,80,5,211,126,0,126,337
04/29/2021,BUR,CA,AWP,WE,Towers with Radar,74,47,33,1,155,0,2,52,0,54,74,49,85,1,209,162,0,162,371
04/30/2021,BUR,CA,AWP,WE,Towers with Radar,74,62,27,1,164,0,2,60,2,64,74,64,87,3,228,110,0,110,338
05/01/2021,BUR,CA,AWP,WE,Towers with Radar,66,41,24,0,131,0,0,51,0,51,66,41,75,0,182,86,0,86,268
05/02/2021,BUR,CA,AWP,WE,Towers with Radar,71,58,32,0,161,0,2,52,1,55,71,60,84,1,216,88,0,88,304
05/03/2021,BUR,CA,AWP,WE,Towers with Radar,71,47,36,0,154,0,3,29,1,33,71,50,65,1,187,90,0,90,277
05/04/2021,BUR,CA,AWP,WE,Towers with Radar,74,36,29,0,139,0,0,66,0,66,74,36,95,0,205,228,0,228,433
05/05/2021,BUR,CA,AWP,WE,Towers with Radar,73,36,38,0,147,0,2,50,1,53,73,38,88,1,200,92,0,92,292
05/06/2021,BUR,CA,AWP,WE,Towers with Radar,81,44,28,1,154,0,2,56,0,58,81,46,84,1,212,98,0,98,310
05/07/2021,BUR,CA,AWP,WE,Towers with Radar,80,53,33,2,168,0,0,40,0,40,80,53,73,2,208,128,0,128,336
05/08/2021,BUR,CA,AWP,WE,Towers with Radar,77,39,19,1,136,0,1,51,0,52,77,40,70,1,188,62,0,62,250
05/09/2021,BUR,CA,AWP,WE,Towers with Radar,95,52,27,1,175,0,2,43,0,45,95,54,70,1,220,34,0,34,254
05/10/2021,BUR,CA,AWP,WE,Towers with Radar,95,43,33,0,171,0,1,48,0,49,95,44,81,0,220,184,0,184,404
05/11/2021,BUR,CA,AWP,WE,Towers with Radar,78,44,34,0,156,0,3,45,2,50,78,47,79,2,206,120,0,120,326
05/12/2021,BUR,CA,AWP,WE,Towers with Radar,80,43,50,0,173,0,0,56,2,58,80,43,106,2,231,278,0,278,509
05/13/2021,BUR,CA,AWP,WE,Towers with Radar,100,51,34,4,189,0,0,44,0,44,100,51,78,4,233,184,0,184,417
05/14/2021,BUR,CA,AWP,WE,Towers with Radar,98,60,43,5,206,0,1,46,0,47,98,61,89,5,253,102,0,102,355
05/15/2021,BUR,CA,AWP,WE,Towers with Radar,76,56,38,5,175,0,2,51,4,57,76,58,89,9,232,90,0,90,322
05/16/2021,BUR,CA,AWP,WE,Towers with Radar,96,57,48,1,202,0,2,35,0,37,96,59,83,1,239,50,0,50,289
05/17/2021,BUR,CA,AWP,WE,Towers with Radar,91,47,35,0,173,0,3,24,1,28,91,50,59,1,201,60,0,60,261
05/18/2021,BUR,CA,AWP,WE,Towers with Radar,82,48,34,0,164,0,0,60,0,60,82,48,94,0,224,113,0,113,337
05/19/2021,BUR,CA,AWP,WE,Towers with Radar,85,47,54,0,186,0,6,61,1,68,85,53,115,1,254,172,0,172,426
05/20/2021,BUR,CA,AWP,WE,Towers with Radar,103,56,36,0,195,0,2,51,0,53,103,58,87,0,248,206,0,206,454
05/21/2021,BUR,CA,AWP,WE,Towers with Radar,103,51,25,0,179,0,0,40,0,40,103,51,65,0,219,10,0,10,229
05/22/2021,BUR,CA,AWP,WE,Towers with Radar,80,37,23,0,140,0,0,45,0,45,80,37,68,0,185,34,0,34,219
05/23/2021,BUR,CA,AWP,WE,Towers with Radar,97,54,33,1,185,0,0,49,0,49,97,54,82,1,234,58,0,58,292
05/24/2021,BUR,CA,AWP,WE,Towers with Radar,104,52,36,1,193,0,3,53,0,56,104,55,89,1,249,114,0,114,363
05/25/2021,BUR,CA,AWP,WE,Towers with Radar,83,42,33,0,158,0,4,51,1,56,83,46,84,1,214,98,0,98,312
05/26/2021,BUR,CA,AWP,WE,Towers with Radar,84,61,33,1,179,0,2,62,1,65,84,63,95,2,244,146,0,146,390
05/27/2021,BUR,CA,AWP,WE,Towers with Radar,104,54,39,0,197,0,0,43,0,43,104,54,82,0,240,76,0,76,316
05/28/2021,BUR,CA,AWP,WE,Towers with Radar,101,62,53,0,216,0,2,79,0,81,101,64,132,0,297,144,0,144,441
05/29/2021,BUR,CA,AWP,WE,Towers with Radar,79,34,32,0,145,0,1,50,0,51,79,35,82,0,196,106,0,106,302
05/30/2021,BUR,CA,AWP,WE,Towers with Radar,96,52,16,1,165,0,2,47,0,49,96,54,63,1,214,62,0,62,276
05/31/2021,BUR,CA,AWP,WE,Towers with Radar,97,61,37,0,195,0,3,53,3,59,97,64,90,3,254,64,0,64,318
06/01/2021,BUR,CA,AWP,WE,Towers with Radar,97,61,50,0,208,0,1,55,2,58,97,62,105,2,266,204,0,204,470
06/02/2021,BUR,CA,AWP,WE,Towers with Radar,104,56,54,0,214,0,1,66,0,67,104,57,120,0,281,120,0,120,401
06/03/2021,BUR,CA,AWP,WE,Towers with Radar,107,63,45,0,215,0,2,46,2,50,107,65,91,2,265,240,0,240,505
06/04/2021,BUR,CA,AWP,WE,Towers with Radar,105,56,50,0,211,0,6,56,3,65,105,62,106,3,276,154,0,154,430
06/05/2021,BUR,CA,AWP,WE,Towers with Radar,80,33,28,0,141,0,2,48,0,50,80,35,76,0,191,38,0,38,229
06/06/2021,BUR,CA,AWP,WE,Towers with Radar,129,44,51,1,225,0,0,56,2,58,129,44,107,3,283,112,0,112,395
06/07/2021,BUR,CA,AWP,WE,Towers with Radar,122,41,42,1,206,0,2,23,2,27,122,43,65,3,233,26,0,26,259
06/08/2021,BUR,CA,AWP,WE,Towers with Radar,125,59,34,0,218,0,1,53,2,56,125,60,87,2,274,136,0,136,410
06/09/2021,BUR,CA,AWP,WE,Towers with Radar,126,48,42,0,216,0,2,50,2,54,126,50,92,2,270,106,0,106,376
06/10/2021,BUR,CA,AWP,WE,Towers with Radar,140,57,34,0,231,0,3,58,2,63,140,60,92,2,294,110,0,110,404
06/11/2021,BUR,CA,AWP,WE,Towers with Radar,134,61,44,0,239,0,2,51,3,56,134,63,95,3,295,2,0,2,297
06/12/2021,BUR,CA,AWP,WE,Towers with Radar,88,37,19,2,146,0,3,65,2,70,88,40,84,4,216,114,0,114,330
06/13/2021,BUR,CA,AWP,WE,Towers with Radar,132,59,45,0,236,0,0,78,2,80,132,59,123,2,316,56,0,56,372
06/14/2021,BUR,CA,AWP,WE,Towers with Radar,125,42,48,0,215,0,2,52,0,54,125,44,100,0,269,90,0,90,359
06/15/2021,BUR,CA,AWP,WE,Towers with Radar,120,46,56,2,224,0,0,60,2,62,120,46,116,4,286,94,0,94,380
06/16/2021,BUR,CA,AWP,WE,Towers with Radar,121,54,39,0,214,0,0,55,2,57,121,54,94,2,271,98,0,98,369
06/17/2021,BUR,CA,AWP,WE,Towers with Radar,138,68,44,2,252,0,3,72,0,75,138,71,116,2,327,160,0,160,487
06/18/2021,BUR,CA,AWP,WE,Towers with Radar,130,68,14,0,212,0,3,48,2,53,130,71,62,2,265,0,0,0,265
06/19/2021,BUR,CA,AWP,WE,Towers with Radar,86,52,19,1,158,0,0,38,4,42,86,52,57,5,200,68,0,68,268
06/20/2021,BUR,CA,AWP,WE,Towers with Radar,128,65,35,2,230,0,2,49,0,51,128,67,84,2,281,20,0,20,301
06/21/2021,BUR,CA,AWP,WE,Towers with Radar,130,60,50,2,242,0,1,40,2,43,130,61,90,4,285,118,0,118,403
06/22/2021,BUR,CA,AWP,WE,Towers with Radar,126,60,33,1,220,0,4,56,2,62,126,64,89,3,282,150,0,150,432
06/23/2021,BUR,CA,AWP,WE,Towers with Radar,125,60,43,0,228,0,2,55,1,58,125,62,98,1,286,172,0,172,458
06/24/2021,BUR,CA,AWP,WE,Towers with Radar,131,64,40,0,235,0,5,52,0,57,131,69,92,0,292,149,0,149,441
06/25/2021,BUR,CA,AWP,WE,Towers with Radar,127,56,38,0,221,0,4,67,1,72,127,60,105,1,293,64,0,64,357
06/26/2021,BUR,CA,AWP,WE,Towers with Radar,84,49,30,0,163,0,0,68,0,68,84,49,98,0,231,38,0,38,269
06/27/2021,BUR,CA,AWP,WE,Towers with Radar,132,52,33,0,217,0,0,44,0,44,132,52,77,0,261,0,0,0,261
06/28/2021,BUR,CA,AWP,WE,Towers with Radar,127,47,31,0,205,1,2,51,0,54,128,49,82,0,259,66,0,66,325
06/29/2021,BUR,CA,AWP,WE,Towers with Radar,122,54,34,0,210,0,3,49,1,53,122,57,83,1,263,92,0,92,355
06/30/2021,BUR,CA,AWP,WE,Towers with Radar,127,61,29,0,217,0,1,67,0,68,127,62,96,0,285,102,0,102,387
07/01/2021,BUR,CA,AWP,WE,Towers with Radar,136,69,44,0,249,0,5,75,0,80,136,74,119,0,329,254,0,254,583
07/02/2021,BUR,CA,AWP,WE,Towers with Radar,131,65,44,0,240,0,4,61,2,67,131,69,105,2,307,212,0,212,519
07/03/2021,BUR,CA,AWP,WE,Towers with Radar,82,46,25,0,153,0,5,40,0,45,82,51,65,0,198,20,0,20,218
07/04/2021,BUR,CA,AWP,WE,Towers with Radar,125,38,15,0,178,0,2,46,1,49,125,40,61,1,227,58,0,58,285
07/05/2021,BUR,CA,AWP,WE,Towers with Radar,130,61,42,0,233,0,2,42,1,45,130,63,84,1,278,112,0,112,390
07/06/2021,BUR,CA,AWP,WE,Towers with Radar,119,55,30,0,204,0,3,45,1,49,119,58,75,1,253,66,0,66,319
07/07/2021,BUR,CA,AWP,WE,Towers with Radar,122,43,43,0,208,0,1,62,1,64,122,44,105,1,272,336,0,336,608
07/08/2021,BUR,CA,AWP,WE,Towers with Radar,135,63,27,0,225,0,4,30,0,34,135,67,57,0,259,82,0,82,341
07/09/2021,BUR,CA,AWP,WE,Towers with Radar,126,68,45,0,239,0,4,57,0,61,126,72,102,0,300,82,0,82,382
07/10/2021,BUR,CA,AWP,WE,Towers with Radar,92,45,38,0,175,0,4,51,0,55,92,49,89,0,230,24,0,24,254
07/11/2021,BUR,CA,AWP,WE,Towers with Radar,137,59,38,0,234,0,7,37,0,44,137,66,75,0,278,136,0,136,414
07/12/2021,BUR,CA,AWP,WE,Towers with Radar,145,59,41,0,245,0,3,39,1,43,145,62,80,1,288,132,0,132,420
07/13/2021,BUR,CA,AWP,WE,Towers with Radar,132,51,38,0,221,0,1,52,0,53,132,52,90,0,274,22,0,22,296
07/14/2021,BUR,CA,AWP,WE,Towers with Radar,128,53,41,0,222,0,3,59,2,64,128,56,100,2,286,138,0,138,424
07/15/2021,BUR,CA,AWP,WE,Towers with Radar,164,60,28,1,253,0,1,48,2,51,164,61,76,3,304,90,0,90,394
07/16/2021,BUR,CA,AWP,WE,Towers with Radar,154,71,44,0,269,0,1,47,0,48,154,72,91,0,317,46,0,46,363
07/17/2021,BUR,CA,AWP,WE,Towers with Radar,116,50,20,0,186,0,0,53,0,53,116,50,73,0,239,60,0,60,299
07/18/2021,BUR,CA,AWP,WE,Towers with Radar,143,45,28,0,216,0,4,34,0,38,143,49,62,0,254,46,0,46,300
07/19/2021,BUR,CA,AWP,WE,Towers with Radar,152,62,40,0,254,0,0,37,0,37,152,62,77,0,291,64,0,64,355
07/20/2021,BUR,CA,AWP,WE,Towers with Radar,141,54,42,0,237,0,6,59,0,65,141,60,101,0,302,22,0,22,324
07/21/2021,BUR,CA,AWP,WE,Towers with Radar,148,58,48,0,254,0,5,66,0,71,148,63,114,0,325,136,0,136,461
07/22/2021,BUR,CA,AWP,WE,Towers with Radar,155,72,44,1,272,0,7,57,2,66,155,79,101,3,338,60,0,60,398
07/23/2021,BUR,CA,AWP,WE,Towers with Radar,156,69,30,1,256,0,2,67,2,71,156,71,97,3,327,90,0,90,417
07/24/2021,BUR,CA,AWP,WE,Towers with Radar,119,46,24,2,191,0,2,34,0,36,119,48,58,2,227,106,0,106,333
07/25/2021,BUR,CA,AWP,WE,Towers with Radar,141,50,44,2,237,0,2,50,0,52,141,52,94,2,289,14,0,14,303
07/26/2021,BUR,CA,AWP,WE,Towers with Radar,157,56,43,1,257,0,1,25,3,29,157,57,68,4,286,2,0,2,288
07/27/2021,BUR,CA,AWP,WE,Towers with Radar,143,52,49,1,245,0,2,48,0,50,143,54,97,1,295,170,0,170,465
07/28/2021,BUR,CA,AWP,WE,Towers with Radar,139,56,28,0,223,0,2,57,0,59,139,58,85,0,282,68,0,68,350
07/29/2021,BUR,CA,AWP,WE,Towers with Radar,156,56,48,0,260,0,3,52,0,55,156,59,100,0,315,86,0,86,401
07/30/2021,BUR,CA,AWP,WE,Towers with Radar,155,60,35,0,250,0,0,61,4,65,155,60,96,4,315,66,0,66,381
07/31/2021,BUR,CA,AWP,WE,Towers with Radar,115,38,26,0,179,0,0,48,0,48,115,38,74,0,227,94,0,94,321
08/01/2021,BUR,CA,AWP,WE,Towers with Radar,140,62,41,0,243,0,0,57,0,57,140,62,98,0,300,36,0,36,336
08/02/2021,BUR,CA,AWP,WE,Towers with Radar,146,53,40,1,240,0,0,44,1,45,146,53,84,2,285,82,0,82,367
08/03/2021,BUR,CA,AWP,WE,Towers with Radar,137,47,37,1,222,0,2,42,4,48,137,49,79,5,270,66,0,66,336
08/04/2021,BUR,CA,AWP,WE,Towers with Radar,136,50,52,0,238,0,2,56,0,58,136,52,108,0,296,76,0,76,372
08/05/2021,BUR,CA,AWP,WE,Towers with Radar,151,68,40,0,259,0,3,62,0,65,151,71,102,0,324,122,0,122,446
08/06/2021,BUR,CA,AWP,WE,Towers with Radar,152,65,33,0,250,0,0,56,0,56,152,65,89,0,306,20,0,20,326
08/07/2021,BUR,CA,AWP,WE,Towers with Radar,114,56,26,0,196,0,2,46,0,48,114,58,72,0,244,86,0,86,330
08/08/2021,BUR,CA,AWP,WE,Towers with Radar,141,59,37,0,237,0,3,47,0,50,141,62,84,0,287,18,0,18,305
08/09/2021,BUR,CA,AWP,WE,Towers with Radar,148,61,44,2,255,0,8,29,0,37,148,69,73,2,292,49,0,49,341
08/10/2021,BUR,CA,AWP,WE,Towers with Radar,139,47,34,0,220,0,3,41,0,44,139,50,75,0,264,60,0,60,324
08/11/2021,BUR,CA,AWP,WE,Towers with Radar,138,51,40,1,230,0,8,50,2,60,138,59,90,3,290,78,0,78,368
08/12/2021,BUR,CA,AWP,WE,Towers with Radar,159,74,47,0,280,0,3,65,3,71,159,77,112,3,351,140,0,140,491
08/13/2021,BUR,CA,AWP,WE,Towers with Radar,157,64,38,0,259,0,3,45,0,48,157,67,83,0,307,40,0,40,347
08/14/2021,BUR,CA,AWP,WE,Towers with Radar,112,42,29,2,185,0,1,40,0,41,112,43,69,2,226,8,0,8,234
08/15/2021,BUR,CA,AWP,WE,Towers with Radar,135,53,45,0,233,0,2,41,0,43,135,55,86,0,276,118,0,118,394
08/16/2021,BUR,CA,AWP,WE,Towers with Radar,145,47,25,0,217,0,2,30,2,34,145,49,55,2,251,38,0,38,289
08/17/2021,BUR,CA,AWP,WE,Towers with Radar,134,61,27,0,222,0,3,44,0,47,134,64,71,0,269,66,0,66,335
08/18/2021,BUR,CA,AWP,WE,Towers with Radar,131,61,29,0,221,0,1,28,4,33,131,62,57,4,254,143,0,143,397
08/19/2021,BUR,CA,AWP,WE,Towers with Radar,152,70,39,0,261,0,9,48,1,58,152,79,87,1,319,96,0,96,415
08/20/2021,BUR,CA,AWP,WE,Towers with Radar,139,47,33,0,219,0,6,39,1,46,139,53,72,1,265,32,0,32,297
08/21/2021,BUR,CA,AWP,WE,Towers with Radar,109,45,38,0,192,0,3,28,1,32,109,48,66,1,224,82,0,82,306
08/22/2021,BUR,CA,AWP,WE,Towers with Radar,138,62,39,0,239,0,2,50,0,52,138,64,89,0,291,196,0,196,487
08/23/2021,BUR,CA,AWP,WE,Towers with Radar,149,54,32,0,235,0,7,29,0,36,149,61,61,0,271,162,0,162,433
08/24/2021,BUR,CA,AWP,WE,Towers with Radar,139,59,31,0,229,0,4,36,0,40,139,63,67,0,269,128,0,128,397
08/25/2021,BUR,CA,AWP,WE,Towers with Radar,129,73,35,2,239,0,3,54,0,57,129,76,89,2,296,232,0,232,528
08/26/2021,BUR,CA,AWP,WE,Towers with Radar,151,66,45,0,262,0,3,40,0,43,151,69,85,0,305,194,0,194,499
08/27/2021,BUR,CA,AWP,WE,Towers with Radar,144,77,43,0,264,0,1,47,0,48,144,78,90,0,312,170,0,170,482
08/28/2021,BUR,CA,AWP,WE,Towers with Radar,112,40,28,0,180,0,4,43,0,47,112,44,71,0,227,54,0,54,281
08/29/2021,BUR,CA,AWP,WE,Towers with Radar,138,65,61,0,264,0,0,60,0,60,138,65,121,0,324,182,0,182,506
08/30/2021,BUR,CA,AWP,WE,Towers with Radar,142,69,52,2,265,0,2,57,1,60,142,71,109,3,325,182,0,182,507
08/31/2021,BUR,CA,AWP,WE,Towers with Radar,132,61,43,0,236,0,4,49,4,57,132,65,92,4,293,190,0,190,483
09/01/2021,BUR,CA,AWP,WE,Towers with Radar,129,55,32,0,216,0,5,35,0,40,129,60,67,0,256,282,0,282,538
09/02/2021,BUR,CA,AWP,WE,Towers with Radar,164,71,51,2,288,0,2,50,0,52,164,73,101,2,340,244,0,244,584
09/03/2021,BUR,CA,AWP,WE,Towers with Radar,161,71,42,1,275,0,4,68,0,72,161,75,110,1,347,142,0,142,489
09/04/2021,BUR,CA,AWP,WE,Towers with Radar,115,47,48,0,210,0,5,60,0,65,115,52,108,0,275,66,0,66,341
09/05/2021,BUR,CA,AWP,WE,Towers with Radar,146,42,37,2,227,0,1,38,0,39,146,43,75,2,266,78,0,78,344
09/06/2021,BUR,CA,AWP,WE,Towers with Radar,148,61,50,0,259,0,1,43,0,44,148,62,93,0,303,50,0,50,353
09/07/2021,BUR,CA,AWP,WE,Towers with Radar,152,54,39,0,245,0,1,43,0,44,152,55,82,0,289,54,0,54,343
09/08/2021,BUR,CA,AWP,WE,Towers with Radar,159,62,38,2,261,0,4,47,0,51,159,66,85,2,312,82,0,82,394
09/09/2021,BUR,CA,AWP,WE,Towers with Radar,159,67,39,0,265,0,2,36,1,39,159,69,75,1,304,72,0,72,376
09/10/2021,BUR,CA,AWP,WE,Towers with Radar,178,79,36,1,294,0,7,54,0,61,178,86,90,1,355,114,0,114,469
09/11/2021,BUR,CA,AWP,WE,Towers with Radar,138,56,23,1,218,0,3,47,2,52,138,59,70,3,270,14,0,14,284
09/12/2021,BUR,CA,AWP,WE,Towers with Radar,162,68,31,0,261,0,0,31,0,31,162,68,62,0,292,52,0,52,344
09/13/2021,BUR,CA,AWP,WE,Towers with Radar,164,70,46,1,281,0,1,48,1,50,164,71,94,2,331,0,0,0,331
09/14/2021,BUR,CA,AWP,WE,Towers with Radar,160,71,33,0,264,0,1,42,0,43,160,72,75,0,307,104,0,104,411
09/15/2021,BUR,CA,AWP,WE,Towers with Radar,162,77,39,0,278,0,0,44,0,44,162,77,83,0,322,38,0,38,360
09/16/2021,BUR,CA,AWP,WE,Towers with Radar,176,76,31,4,287,0,2,33,2,37,176,78,64,6,324,32,0,32,356
09/17/2021,BUR,CA,AWP,WE,Towers with Radar,179,85,56,5,325,0,3,51,1,55,179,88,107,6,380,60,0,60,440
09/18/2021,BUR,CA,AWP,WE,Towers with Radar,132,44,35,0,211,0,4,55,0,59,132,48,90,0,270,0,0,0,270
09/19/2021,BUR,CA,AWP,WE,Towers with Radar,162,71,54,0,287,0,2,44,0,46,162,73,98,0,333,68,0,68,401
09/20/2021,BUR,CA,AWP,WE,Towers with Radar,177,62,42,0,281,0,2,42,1,45,177,64,84,1,326,68,0,68,394
09/21/2021,BUR,CA,AWP,WE,Towers with Radar,156,58,35,1,250,0,3,34,0,37,156,61,69,1,287,42,0,42,329
09/22/2021,BUR,CA,AWP,WE,Towers with Radar,151,52,53,0,256,1,5,52,0,58,152,57,105,0,314,72,0,72,386
09/23/2021,BUR,CA,AWP,WE,Towers with Radar,173,73,45,2,293,0,7,64,1,72,173,80,109,3,365,66,0,66,431
09/24/2021,BUR,CA,AWP,WE,Towers with Radar,181,81,51,0,313,0,2,38,0,40,181,83,89,0,353,48,0,48,401
09/25/2021,BUR,CA,AWP,WE,Towers with Radar,127,52,37,0,216,0,2,61,0,63,127,54,98,0,279,40,0,40,319
09/26/2021,BUR,CA,AWP,WE,Towers with Radar,163,62,36,0,261,0,2,14,0,16,163,64,50,0,277,70,0,70,347
09/27/2021,BUR,CA,AWP,WE,Towers with Radar,176,74,27,0,277,0,3,20,0,23,176,77,47,0,300,30,0,30,330
09/28/2021,BUR,CA,AWP,WE,Towers with Radar,155,59,25,0,239,0,3,27,0,30,155,62,52,0,269,68,0,68,337
09/29/2021,BUR,CA,AWP,WE,Towers with Radar,158,60,58,0,276,0,2,52,0,54,158,62,110,0,330,28,0,28,358
09/30/2021,BUR,CA,AWP,WE,Towers with Radar,181,69,38,0,288,0,4,49,0,53,181,73,87,0,341,54,0,54,395
10/01/2021,BUR,CA,AWP,WE,Towers with Radar,178,68,43,0,289,0,1,55,0,56,178,69,98,0,345,80,0,80,425
10/02/2021,BUR,CA,AWP,WE,Towers with Radar,134,47,39,0,220,0,5,52,0,57,134,52,91,0,277,142,0,142,419
10/03/2021,BUR,CA,AWP,WE,Towers with Radar,166,66,40,0,272,0,6,27,0,33,166,72,67,0,305,18,0,18,323
10/04/2021,BUR,CA,AWP,WE,Towers with Radar,175,70,55,2,302,0,4,35,1,40,175,74,90,3,342,56,0,56,398
10/05/2021,BUR,CA,AWP,WE,Towers with Radar,156,51,30,0,237,0,5,46,1,52,156,56,76,1,289,182,0,182,471
10/06/2021,BUR,CA,AWP,WE,Towers with Radar,148,60,41,0,249,0,5,58,0,63,148,65,99,0,312,92,0,92,404
10/07/2021,BUR,CA,AWP,WE,Towers with Radar,196,79,49,2,326,0,2,37,0,39,196,81,86,2,365,70,0,70,435
10/08/2021,BUR,CA,AWP,WE,Towers with Radar,195,78,52,0,325,0,3,42,1,46,195,81,94,1,371,46,0,46,417
10/09/2021,BUR,CA,AWP,WE,Towers with Radar,111,50,24,0,185,0,8,37,1,46,111,58,61,1,231,68,0,68,299
10/10/2021,BUR,CA,AWP,WE,Towers with Radar,139,70,35,0,244,0,0,55,0,55,139,70,90,0,299,76,0,76,375
10/11/2021,BUR,CA,AWP,WE,Towers with Radar,153,70,50,1,274,0,5,36,0,41,153,75,86,1,315,98,0,98,413
10/12/2021,BUR,CA,AWP,WE,Towers with Radar,161,64,39,1,265,0,1,50,0,51,161,65,89,1,316,88,0,88,404
10/13/2021,BUR,CA,AWP,WE,Towers with Radar,169,64,47,1,281,0,3,43,0,46,169,67,90,1,327,14,0,14,341
10/14/2021,BUR,CA,AWP,WE,Towers with Radar,183,77,69,1,330,0,6,51,0,57,183,83,120,1,387,76,0,76,463
10/15/2021,BUR,CA,AWP,WE,Towers with Radar,188,76,37,0,301,0,1,65,0,66,188,77,102,0,367,162,0,162,529
10/16/2021,BUR,CA,AWP,WE,Towers with Radar,129,56,33,0,218,0,7,58,1,66,129,63,91,1,284,24,0,24,308
10/17/2021,BUR,CA,AWP,WE,Towers with Radar,161,64,42,0,267,0,0,59,0,59,161,64,101,0,326,58,0,58,384
10/18/2021,BUR,CA,AWP,WE,Towers with Radar,187,71,30,0,288,0,1,23,0,24,187,72,53,0,312,48,0,48,360
10/19/2021,BUR,CA,AWP,WE,Towers with Radar,169,68,46,0,283,0,1,54,0,55,169,69,100,0,338,43,0,43,381
10/20/2021,BUR,CA,AWP,WE,Towers with Radar,171,72,48,0,291,0,4,47,0,51,171,76,95,0,342,16,0,16,358
10/21/2021,BUR,CA,AWP,WE,Towers with Radar,182,65,47,1,295,0,4,42,1,47,182,69,89,2,342,88,0,88,430
10/22/2021,BUR,CA,AWP,WE,Towers with Radar,156,62,59,0,277,0,3,56,0,59,156,65,115,0,336,76,0,76,412
10/23/2021,BUR,CA,AWP,WE,Towers with Radar,129,60,28,0,217,0,0,39,0,39,129,60,67,0,256,158,0,158,414
10/24/2021,BUR,CA,AWP,WE,Towers with Radar,152,69,48,0,269,0,1,47,0,48,152,70,95,0,317,14,0,14,331
10/25/2021,BUR,CA,AWP,WE,Towers with Radar,144,73,38,0,255,0,1,7,0,8,144,74,45,0,263,0,0,0,263
10/26/2021,BUR,CA,AWP,WE,Towers with Radar,169,72,32,0,273,0,7,45,0,52,169,79,77,0,325,26,0,26,351
10/27/2021,BUR,CA,AWP,WE,Towers with Radar,177,59,36,0,272,0,2,52,0,54,177,61,88,0,326,106,0,106,432
10/28/2021,BUR,CA,AWP,WE,Towers with Radar,195,73,47,0,315,0,4,72,0,76,195,77,119,0,391,152,0,152,543
10/29/2021,BUR,CA,AWP,WE,Towers with Radar,183,69,38,0,290,0,4,56,4,64,183,73,94,4,354,102,0,102,456
10/30/2021,BUR,CA,AWP,WE,Towers with Radar,123,56,34,0,213,0,3,38,3,44,123,59,72,3,257,122,0,122,379
10/31/2021,BUR,CA,AWP,WE,Towers with Radar,151,64,31,1,247,0,2,25,0,27,151,66,56,1,274,92,0,92,366
11/01/2021,BUR,CA,AWP,WE,Towers with Radar,187,58,39,0,284,0,1,33,1,35,187,59,72,1,319,118,0,118,437
11/02/2021,BUR,CA,AWP,WE,Towers with Radar,166,60,37,0,263,0,2,34,0,36,166,62,71,0,299,102,0,102,401
11/03/2021,BUR,CA,AWP,WE,Towers with Radar,164,47,39,0,250,0,3,72,0,75,164,50,111,0,325,156,0,156,481
11/04/2021,BUR,CA,AWP,WE,Towers with Radar,175,80,53,0,308,0,5,37,1,43,175,85,90,1,351,32,0,32,383
11/05/2021,BUR,CA,AWP,WE,Towers with Radar,180,86,54,0,320,0,5,54,0,59,180,91,108,0,379,94,0,94,473
11/06/2021,BUR,CA,AWP,WE,Towers with Radar,113,60,41,0,214,0,0,25,0,25,113,60,66,0,239,114,0,114,353
11/07/2021,BUR,CA,AWP,WE,Towers with Radar,165,62,59,0,286,0,1,41,0,42,165,63,100,0,328,66,0,66,394
11/08/2021,BUR,CA,AWP,WE,Towers with Radar,178,63,40,0,281,0,4,38,3,45,178,67,78,3,326,100,0,100,426
11/09/2021,BUR,CA,AWP,WE,Towers with Radar,155,57,50,0,262,0,0,39,0,39,155,57,89,0,301,78,0,78,379
11/10/2021,BUR,CA,AWP,WE,Towers with Radar,160,58,48,2,268,0,1,43,0,44,160,59,91,2,312,76,0,76,388
11/11/2021,BUR,CA,AWP,WE,Towers with Radar,189,67,53,0,309,0,5,54,1,60,189,72,107,1,369,122,0,122,491
11/12/2021,BUR,CA,AWP,WE,Towers with Radar,192,80,55,0,327,0,2,46,0,48,192,82,101,0,375,216,0,216,591
11/13/2021,BUR,CA,AWP,WE,Towers with Radar,118,49,27,0,194,0,0,55,0,55,118,49,82,0,249,124,0,124,373
11/14/2021,BUR,CA,AWP,WE,Towers with Radar,165,66,53,0,284,0,5,50,0,55,165,71,103,0,339,110,0,110,449
11/15/2021,BUR,CA,AWP,WE,Towers with Radar,194,58,40,0,292,0,5,48,1,54,194,63,88,1,346,22,0,22,368
11/16/2021,BUR,CA,AWP,WE,Towers with Radar,150,55,39,1,245,0,0,46,3,49,150,55,85,4,294,114,0,114,408
11/17/2021,BUR,CA,AWP,WE,Towers with Radar,160,69,47,0,276,0,1,59,1,61,160,70,106,1,337,158,0,158,495
11/18/2021,BUR,CA,AWP,WE,Towers with Radar,196,80,65,1,342,0,1,50,2,53,196,81,115,3,395,84,0,84,479
11/19/2021,BUR,CA,AWP,WE,Towers with Radar,172,70,56,1,299,0,3,33,0,36,172,73,89,1,335,36,0,36,371
11/20/2021,BUR,CA,AWP,WE,Towers with Radar,123,52,32,0,207,0,2,34,0,36,123,54,66,0,243,96,0,96,339
11/21/2021,BUR,CA,AWP,WE,Towers with Radar,170,54,41,1,266,0,6,35,1,42,170,60,76,2,308,34,0,34,342
11/22/2021,BUR,CA,AWP,WE,Towers with Radar,198,70,48,0,316,0,0,60,0,60,198,70,108,0,376,48,0,48,424
11/23/2021,BUR,CA,AWP,WE,Towers with Radar,168,74,51,2,295,0,0,44,0,44,168,74,95,2,339,68,0,68,407
11/24/2021,BUR,CA,AWP,WE,Towers with Radar,178,79,25,2,284,0,2,57,0,59,178,81,82,2,343,141,0,141,484
11/25/2021,BUR,CA,AWP,WE,Towers with Radar,149,32,5,0,186,0,2,8,0,10,149,34,13,0,196,0,0,0,196
11/26/2021,BUR,CA,AWP,WE,Towers with Radar,166,60,29,0,255,0,3,49,0,52,166,63,78,0,307,12,0,12,319
11/27/2021,BUR,CA,AWP,WE,Towers with Radar,130,55,44,1,230,0,1,53,0,54,130,56,97,1,284,104,0,104,388
11/28/2021,BUR,CA,AWP,WE,Towers with Radar,173,72,47,0,292,0,1,50,0,51,173,73,97,0,343,24,0,24,367
11/29/2021,BUR,CA,AWP,WE,Towers with Radar,179,80,38,4,301,0,5,49,1,55,179,85,87,5,356,70,0,70,426
11/30/2021,BUR,CA,AWP,WE,Towers with Radar,181,65,49,0,295,0,2,58,0,60,181,67,107,0,355,102,0,102,457
12/01/2021,BUR,CA,AWP,WE,Towers with Radar,166,75,51,0,292,0,2,42,0,44,166,77,93,0,336,130,0,130,466
12/02/2021,BUR,CA,AWP,WE,Towers with Radar,169,68,37,0,274,0,0,36,0,36,169,68,73,0,310,38,0,38,348
12/03/2021,BUR,CA,AWP,WE,Towers with Radar,171,72,41,0,284,0,0,27,0,27,171,72,68,0,311,18,0,18,329
12/04/2021,BUR,CA,AWP,WE,Towers with Radar,116,63,24,0,203,0,4,36,0,40,116,67,60,0,243,24,0,24,267
12/05/2021,BUR,CA,AWP,WE,Towers with Radar,132,55,45,0,232,0,6,37,0,43,132,61,82,0,275,0,0,0,275
12/06/2021,BUR,CA,AWP,WE,Towers with Radar,168,56,55,0,279,0,0,28,0,28,168,56,83,0,307,38,0,38,345
12/07/2021,BUR,CA,AWP,WE,Towers with Radar,169,65,35,0,269,0,0,30,0,30,169,65,65,0,299,82,0,82,381
12/08/2021,BUR,CA,AWP,WE,Towers with Radar,165,57,33,0,255,0,2,70,1,73,165,59,103,1,328,196,0,196,524
12/09/2021,BUR,CA,AWP,WE,Towers with Radar,169,61,40,0,270,0,0,15,0,15,169,61,55,0,285,0,0,0,285
12/10/2021,BUR,CA,AWP,WE,Towers with Radar,173,86,51,0,310,0,2,40,0,42,173,88,91,0,352,36,0,36,388
12/11/2021,BUR,CA,AWP,WE,Towers with Radar,118,65,27,0,210,0,2,70,0,72,118,67,97,0,282,106,0,106,388
12/12/2021,BUR,CA,AWP,WE,Towers with Radar,165,65,53,0,283,0,2,52,0,54,165,67,105,0,337,32,0,32,369
12/13/2021,BUR,CA,AWP,WE,Towers with Radar,170,61,29,0,260,0,2,35,1,38,170,63,64,1,298,68,0,68,366
12/14/2021,BUR,CA,AWP,WE,Towers with Radar,63,45,18,0,126,0,2,20,0,22,63,47,38,0,148,0,0,0,148
12/15/2021,BUR,CA,AWP,WE,Towers with Radar,164,64,36,0,264,0,4,60,1,65,164,68,96,1,329,96,0,96,425
12/16/2021,BUR,CA,AWP,WE,Towers with Radar,194,79,40,0,313,0,2,26,0,28,194,81,66,0,341,102,0,102,443
12/17/2021,BUR,CA,AWP,WE,Towers with Radar,204,92,35,0,331,0,2,40,0,42,204,94,75,0,373,46,0,46,419
12/18/2021,BUR,CA,AWP,WE,Towers with Radar,117,71,37,0,225,0,0,50,0,50,117,71,87,0,275,94,0,94,369
12/19/2021,BUR,CA,AWP,WE,Towers with Radar,172,97,47,0,316,0,0,44,0,44,172,97,91,0,360,24,0,24,384
12/20/2021,BUR,CA,AWP,WE,Towers with Radar,193,64,36,0,293,0,3,41,0,44,193,67,77,0,337,48,0,48,385
12/21/2021,BUR,CA,AWP,WE,Towers with Radar,177,64,39,0,280,0,3,61,0,64,177,67,100,0,344,144,0,144,488
12/22/2021,BUR,CA,AWP,WE,Towers with Radar,186,57,23,0,266,0,0,35,1,36,186,57,58,1,302,70,0,70,372
12/23/2021,BUR,CA,AWP,WE,Towers with Radar,178,71,23,0,272,0,1,3,0,4,178,72,26,0,276,0,0,0,276
12/24/2021,BUR,CA,AWP,WE,Towers with Radar,169,66,17,0,252,0,0,11,0,11,169,66,28,0,263,0,0,0,263
12/25/2021,BUR,CA,AWP,WE,Towers with Radar,108,59,12,0,179,0,0,5,0,5,108,59,17,0,184,0,0,0,184
12/26/2021,BUR,CA,AWP,WE,Towers with Radar,156,62,43,0,261,0,0,27,0,27,156,62,70,0,288,64,0,64,352
12/27/2021,BUR,CA,AWP,WE,Towers with Radar,166,61,27,0,254,0,0,22,0,22,166,61,49,0,276,52,0,52,328
12/28/2021,BUR,CA,AWP,WE,Towers with Radar,158,69,22,1,250,0,4,30,0,34,158,73,52,1,284,28,0,28,312
12/29/2021,BUR,CA,AWP,WE,Towers with Radar,155,68,25,1,249,0,2,11,0,13,155,70,36,1,262,92,0,92,354
12/30/2021,BUR,CA,AWP,WE,Towers with Radar,169,74,35,2,280,0,0,9,0,9,169,74,44,2,289,0,0,0,289
12/31/2021,BUR,CA,AWP,WE,Towers with Radar,159,66,29,1,255,0,3,58,0,61,159,69,87,1,316,66,0,66,382
01/01/2022,BUR,CA,AWP,WE,Towers with Radar,105,74,76,1,256,0,2,32,0,34,105,76,108,1,290,35,0,35,325
01/02/2022,BUR,CA,AWP,WE,Towers with Radar,154,67,70,3,294,0,0,41,0,41,154,67,111,3,335,54,0,54,389
01/03/2022,BUR,CA,AWP,WE,Towers with Radar,156,50,30,0,236,0,0,32,0,32,156,50,62,0,268,86,0,86,354
01/04/2022,BUR,CA,AWP,WE,Towers with Radar,148,53,32,2,235,0,1,41,1,43,148,54,73,3,278,104,0,104,382
01/05/2022,BUR,CA,AWP,WE,Towers with Radar,140,49,25,0,214,0,3,48,0,51,140,52,73,0,265,102,0,102,367
01/06/2022,BUR,CA,AWP,WE,Towers with Radar,143,67,37,0,247,0,2,47,0,49,143,69,84,0,296,280,0,280,576
01/07/2022,BUR,CA,AWP,WE,Towers with Radar,148,54,20,0,222,0,0,42,0,42,148,54,62,0,264,58,0,58,322
01/08/2022,BUR,CA,AWP,WE,Towers with Radar,97,47,11,0,155,0,1,47,0,48,97,48,58,0,203,120,0,120,323
01/09/2022,BUR,CA,AWP,WE,Towers with Radar,155,59,31,0,245,0,3,40,8,51,155,62,71,8,296,76,0,76,372
01/10/2022,BUR,CA,AWP,WE,Towers with Radar,155,67,20,0,242,0,0,30,2,32,155,67,50,2,274,38,0,38,312
01/11/2022,BUR,CA,AWP,WE,Towers with Radar,142,56,25,2,225,0,6,32,4,42,142,62,57,6,267,118,0,118,385
01/12/2022,BUR,CA,AWP,WE,Towers with Radar,150,69,28,0,247,0,1,36,2,39,150,70,64,2,286,194,0,194,480
01/13/2022,BUR,CA,AWP,WE,Towers with Radar,153,75,32,0,260,0,3,31,3,37,153,78,63,3,297,134,0,134,431
01/14/2022,BUR,CA,AWP,WE,Towers with Radar,178,73,44,0,295,0,0,58,2,60,178,73,102,2,355,182,0,182,537
01/15/2022,BUR,CA,AWP,WE,Towers with Radar,102,42,21,0,165,0,0,33,0,33,102,42,54,0,198,128,0,128,326
01/16/2022,BUR,CA,AWP,WE,Towers with Radar,155,43,24,0,222,0,2,41,2,45,155,45,65,2,267,52,0,52,319
01/17/2022,BUR,CA,AWP,WE,Towers with Radar,174,59,36,0,269,0,2,16,0,18,174,61,52,0,287,56,0,56,343
01/18/2022,BUR,CA,AWP,WE,Towers with Radar,157,51,22,1,231,0,0,28,1,29,157,51,50,2,260,28,0,28,288
01/19/2022,BUR,CA,AWP,WE,Towers with Radar,163,55,44,0,262,0,2,38,0,40,163,57,82,0,302,78,0,78,380
01/20/2022,BUR,CA,AWP,WE,Towers with Radar,185,71,40,0,296,0,4,29,0,33,185,75,69,0,329,94,0,94,423
01/21/2022,BUR,CA,AWP,WE,Towers with Radar,179,66,24,2,271,0,1,17,0,18,179,67,41,2,289,18,0,18,307
01/22/2022,BUR,CA,AWP,WE,Towers with Radar,119,47,13,0,179,0,2,26,0,28,119,49,39,0,207,0,0,0,207
01/23/2022,BUR,CA,AWP,WE,Towers with Radar,175,67,22,0,264,0,1,43,0,44,175,68,65,0,308,82,0,82,390
01/24/2022,BUR,CA,AWP,WE,Towers with Radar,177,62,32,2,273,0,1,35,1,37,177,63,67,3,310,210,0,210,520
01/25/2022,BUR,CA,AWP,WE,Towers with Radar,165,61,26,0,252,0,0,45,0,45,165,61,71,0,297,132,0,132,429
01/26/2022,BUR,CA,AWP,WE,Towers with Radar,165,47,36,0,248,0,0,31,1,32,165,47,67,1,280,52,0,52,332
01/27/2022,BUR,CA,AWP,WE,Towers with Radar,176,62,34,2,274,0,2,34,0,36,176,64,68,2,310,0,0,0,310
01/28/2022,BUR,CA,AWP,WE,Towers with Radar,180,65,26,1,272,0,0,44,0,44,180,65,70,1,316,0,0,0,316
01/29/2022,BUR,CA,AWP,WE,Towers with Radar,114,47,28,0,189,0,2,49,0,51,114,49,77,0,240,0,0,0,240
01/30/2022,BUR,CA,AWP,WE,Towers with Radar,175,60,29,1,265,0,0,45,0,45,175,60,74,1,310,0,0,0,310
01/31/2022,BUR,CA,AWP,WE,Towers with Radar,176,69,37,0,282,0,2,27,1,30,176,71,64,1,312,0,0,0,312
02/01/2022,BUR,CA,AWP,WE,Towers with Radar,164,50,30,0,244,0,0,37,0,37,164,50,67,0,281,84,0,84,365
02/02/2022,BUR,CA,AWP,WE,Towers with Radar,151,63,21,1,236,0,0,25,0,25,151,63,46,1,261,80,0,80,341
02/03/2022,BUR,CA,AWP,WE,Towers with Radar,158,80,30,0,268,0,0,41,0,41,158,80,71,0,309,0,0,0,309
02/04/2022,BUR,CA,AWP,WE,Towers with Radar,166,73,58,0,297,0,1,42,1,44,166,74,100,1,341,104,0,104,445
02/05/2022,BUR,CA,AWP,WE,Towers with Radar,110,52,13,2,177,0,1,41,0,42,110,53,54,2,219,58,0,58,277
02/06/2022,BUR,CA,AWP,WE,Towers with Radar,165,60,55,0,280,0,1,32,1,34,165,61,87,1,314,108,0,108,422
02/07/2022,BUR,CA,AWP,WE,Towers with Radar,170,64,45,1,280,0,1,42,0,43,170,65,87,1,323,208,0,208,531
02/08/2022,BUR,CA,AWP,WE,Towers with Radar,166,48,30,0,244,0,1,43,1,45,166,49,73,1,289,2,0,2,291
02/09/2022,BUR,CA,AWP,WE,Towers with Radar,163,66,30,0,259,0,4,27,1,32,163,70,57,1,291,58,0,58,349
02/10/2022,BUR,CA,AWP,WE,Towers with Radar,173,91,51,0,315,0,2,34,0,36,173,93,85,0,351,0,0,0,351
02/11/2022,BUR,CA,AWP,WE,Towers with Radar,185,94,51,0,330,0,3,42,0,45,185,97,93,0,375,6,0,6,381
02/12/2022,BUR,CA,AWP,WE,Towers with Radar,124,64,45,0,233,0,1,35,0,36,124,65,80,0,269,12,0,12,281
02/13/2022,BUR,CA,AWP,WE,Towers with Radar,178,66,39,0,283,0,0,21,0,21,178,66,60,0,304,20,0,20,324
02/14/2022,BUR,CA,AWP,WE,Towers with Radar,188,84,72,0,344,0,0,38,0,38,188,84,110,0,382,0,0,0,382
02/15/2022,BUR,CA,AWP,WE,Towers with Radar,168,71,46,0,285,0,3,21,0,24,168,74,67,0,309,24,0,24,333
02/16/2022,BUR,CA,AWP,WE,Towers with Radar,164,66,56,0,286,0,5,37,0,42,164,71,93,0,328,42,0,42,370
02/17/2022,BUR,CA,AWP,WE,Towers with Radar,189,76,49,0,314,0,0,33,0,33,189,76,82,0,347,94,0,94,441
02/18/2022,BUR,CA,AWP,WE,Towers with Radar,187,72,65,0,324,0,0,62,0,62,187,72,127,0,386,66,0,66,452
02/19/2022,BUR,CA,AWP,WE,Towers with Radar,126,59,23,1,209,0,1,66,0,67,126,60,89,1,276,88,0,88,364
02/20/2022,BUR,CA,AWP,WE,Towers with Radar,177,51,34,1,263,0,0,39,1,40,177,51,73,2,303,12,0,12,315
02/21/2022,BUR,CA,AWP,WE,Towers with Radar,183,61,47,0,291,0,0,27,0,27,183,61,74,0,318,64,0,64,382
02/22/2022,BUR,CA,AWP,WE,Towers with Radar,182,76,22,2,282,0,3,39,0,42,182,79,61,2,324,146,0,146,470
02/23/2022,BUR,CA,AWP,WE,Towers with Radar,161,66,29,0,256,0,1,27,1,29,161,67,56,1,285,34,0,34,319
02/24/2022,BUR,CA,AWP,WE,Towers with Radar,182,74,37,0,293,0,2,54,0,56,182,76,91,0,349,124,0,124,473
02/25/2022,BUR,CA,AWP,WE,Towers with Radar,179,70,30,0,279,0,3,56,0,59,179,73,86,0,338,170,0,170,508
02/26/2022,BUR,CA,AWP,WE,Towers with Radar,124,60,32,0,216,0,2,56,0,58,124,62,88,0,274,164,0,164,438
02/27/2022,BUR,CA,AWP,WE,Towers with Radar,182,60,45,0,287,0,1,47,0,48,182,61,92,0,335,56,0,56,391
02/28/2022,BUR,CA,AWP,WE,Towers with Radar,184,64,25,0,273,0,1,38,0,39,184,65,63,0,312,132,0,132,444
03/01/2022,BUR,CA,AWP,WE,Towers with Radar,164,58,18,1,241,0,1,51,1,53,164,59,69,2,294,134,0,134,428
03/02/2022,BUR,CA,AWP,WE,Towers with Radar,155,62,40,1,258,0,1,47,0,48,155,63,87,1,306,184,0,184,490
03/03/2022,BUR,CA,AWP,WE,Towers with Radar,181,73,41,1,296,0,0,35,2,37,181,73,76,3,333,190,0,190,523
03/04/2022,BUR,CA,AWP,WE,Towers with Radar,180,68,45,0,293,0,1,41,0,42,180,69,86,0,335,144,0,144,479
03/05/2022,BUR,CA,AWP,WE,Towers with Radar,109,53,23,0,185,0,0,30,0,30,109,53,53,0,215,46,0,46,261
03/06/2022,BUR,CA,AWP,WE,Towers with Radar,173,62,33,0,268,0,0,48,0,48,173,62,81,0,316,14,0,14,330
03/07/2022,BUR,CA,AWP,WE,Towers with Radar,181,61,28,0,270,0,2,34,0,36,181,63,62,0,306,0,0,0,306
03/08/2022,BUR,CA,AWP,WE,Towers with Radar,158,55,32,0,245,0,1,35,0,36,158,56,67,0,281,38,0,38,319
03/09/2022,BUR,CA,AWP,WE,Towers with Radar,148,77,30,2,257,0,2,62,1,65,148,79,92,3,322,136,0,136,458
03/10/2022,BUR,CA,AWP,WE,Towers with Radar,177,69,22,0,268,0,1,36,2,39,177,70,58,2,307,66,0,66,373
03/11/2022,BUR,CA,AWP,WE,Towers with Radar,178,80,34,0,292,0,0,58,0,58,178,80,92,0,350,64,0,64,414
03/12/2022,BUR,CA,AWP,WE,Towers with Radar,113,57,24,0,194,0,0,35,0,35,113,57,59,0,229,0,0,0,229
03/13/2022,BUR,CA,AWP,WE,Towers with Radar,163,71,39,0,273,0,0,50,0,50,163,71,89,0,323,146,0,146,469
03/14/2022,BUR,CA,AWP,WE,Towers with Radar,170,76,36,0,282,0,2,48,0,50,170,78,84,0,332,44,0,44,376
03/15/2022,BUR,CA,AWP,WE,Towers with Radar,168,61,31,2,262,0,1,54,1,56,168,62,85,3,318,116,0,116,434
03/16/2022,BUR,CA,AWP,WE,Towers with Radar,166,66,34,2,268,0,4,32,0,36,166,70,66,2,304,14,0,14,318
03/17/2022,BUR,CA,AWP,WE,Towers with Radar,190,64,37,0,291,0,3,36,0,39,190,67,73,0,330,146,0,146,476
03/18/2022,BUR,CA,AWP,WE,Towers with Radar,180,75,38,0,293,0,1,46,0,47,180,76,84,0,340,78,0,78,418
03/19/2022,BUR,CA,AWP,WE,Towers with Radar,119,62,31,0,212,0,2,41,0,43,119,64,72,0,255,48,0,48,303
03/20/2022,BUR,CA,AWP,WE,Towers with Radar,166,67,44,0,277,0,2,40,0,42,166,69,84,0,319,64,0,64,383
03/21/2022,BUR,CA,AWP,WE,Towers with Radar,175,67,22,1,265,0,1,41,1,43,175,68,63,2,308,100,0,100,408
03/22/2022,BUR,CA,AWP,WE,Towers with Radar,171,69,32,1,273,0,1,51,0,52,171,70,83,1,325,66,0,66,391
03/23/2022,BUR,CA,AWP,WE,Towers with Radar,169,63,33,0,265,0,0,56,2,58,169,63,89,2,323,142,0,142,465
03/24/2022,BUR,CA,AWP,WE,Towers with Radar,182,83,31,0,296,0,1,44,0,45,182,84,75,0,341,138,0,138,479
03/25/2022,BUR,CA,AWP,WE,Towers with Radar,178,67,42,0,287,0,3,53,0,56,178,70,95,0,343,32,0,32,375
03/26/2022,BUR,CA,AWP,WE,Towers with Radar,118,61,24,0,203,0,6,51,0,57,118,67,75,0,260,234,0,234,494
03/27/2022,BUR,CA,AWP,WE,Towers with Radar,176,60,37,0,273,0,1,26,0,27,176,61,63,0,300,40,0,40,340
03/28/2022,BUR,CA,AWP,WE,Towers with Radar,166,62,45,0,273,0,0,6,0,6,166,62,51,0,279,18,0,18,297
03/29/2022,BUR,CA,AWP,WE,Towers with Radar,175,54,29,0,258,0,1,40,1,42,175,55,69,1,300,56,0,56,356
03/30/2022,BUR,CA,AWP,WE,Towers with Radar,173,55,36,0,264,0,0,39,0,39,173,55,75,0,303,69,0,69,372
03/31/2022,BUR,CA,AWP,WE,Towers with Radar,188,75,46,0,309,0,0,32,1,33,188,75,78,1,342,152,0,152,494
04/01/2022,BUR,CA,AWP,WE,Towers with Radar,176,72,40,1,289,0,1,51,0,52,176,73,91,1,341,48,0,48,389
04/02/2022,BUR,CA,AWP,WE,Towers with Radar,115,47,42,1,205,0,1,22,0,23,115,48,64,1,228,82,0,82,310
04/03/2022,BUR,CA,AWP,WE,Towers with Radar,188,66,34,0,288,0,2,37,0,39,188,68,71,0,327,52,0,52,379
04/04/2022,BUR,CA,AWP,WE,Towers with Radar,189,64,27,0,280,0,3,30,2,35,189,67,57,2,315,84,0,84,399
04/05/2022,BUR,CA,AWP,WE,Towers with Radar,187,69,34,1,291,0,3,38,0,41,187,72,72,1,332,44,0,44,376
04/06/2022,BUR,CA,AWP,WE,Towers with Radar,186,67,31,2,286,0,3,55,3,61,186,70,86,5,347,124,0,124,471
04/07/2022,BUR,CA,AWP,WE,Towers with Radar,206,89,39,0,334,0,2,43,0,45,206,91,82,0,379,54,0,54,433
04/08/2022,BUR,CA,AWP,WE,Towers with Radar,196,75,41,0,312,0,1,37,1,39,196,76,78,1,351,20,0,20,371
04/09/2022,BUR,CA,AWP,WE,Towers with Radar,116,48,30,0,194,0,1,33,0,34,116,49,63,0,228,70,0,70,298
04/10/2022,BUR,CA,AWP,WE,Towers with Radar,195,67,44,0,306,0,0,32,0,32,195,67,76,0,338,78,0,78,416
04/11/2022,BUR,CA,AWP,WE,Towers with Radar,192,58,28,0,278,0,4,27,0,31,192,62,55,0,309,90,0,90,399
04/12/2022,BUR,CA,AWP,WE,Towers with Radar,175,62,21,0,258,0,1,20,2,23,175,63,41,2,281,0,0,0,281
04/13/2022,BUR,CA,AWP,WE,Towers with Radar,184,76,34,3,297,0,1,48,0,49,184,77,82,3,346,80,0,80,426
04/14/2022,BUR,CA,AWP,WE,Towers with Radar,206,76,59,0,341,0,3,64,1,68,206,79,123,1,409,120,0,120,529
04/15/2022,BUR,CA,AWP,WE,Towers with Radar,194,70,48,0,312,0,3,55,0,58,194,73,103,0,370,62,0,62,432
04/16/2022,BUR,CA,AWP,WE,Towers with Radar,120,54,13,0,187,0,1,17,1,19,120,55,30,1,206,148,0,148,354
04/17/2022,BUR,CA,AWP,WE,Towers with Radar,197,65,27,0,289,0,3,46,0,49,197,68,73,0,338,44,0,44,382
04/18/2022,BUR,CA,AWP,WE,Towers with Radar,187,55,45,1,288,0,5,40,1,46,187,60,85,2,334,70,0,70,404
04/19/2022,BUR,CA,AWP,WE,Towers with Radar,186,68,32,0,286,0,0,54,1,55,186,68,86,1,341,81,0,81,422
04/20/2022,BUR,CA,AWP,WE,Towers with Radar,182,77,32,0,291,0,0,59,0,59,182,77,91,0,350,118,0,118,468
04/21/2022,BUR,CA,AWP,WE,Towers with Radar,205,77,40,2,324,0,0,35,4,39,205,77,75,6,363,116,0,116,479
04/22/2022,BUR,CA,AWP,WE,Towers with Radar,195,76,35,1,307,0,2,45,0,47,195,78,80,1,354,62,0,62,416
04/23/2022,BUR,CA,AWP,WE,Towers with Radar,121,57,23,0,201,0,4,42,0,46,121,61,65,0,247,70,0,70,317
04/24/2022,BUR,CA,AWP,WE,Towers with Radar,197,64,30,0,291,0,4,50,0,54,197,68,80,0,345,16,0,16,361
04/25/2022,BUR,CA,AWP,WE,Towers with Radar,186,52,39,2,279,0,1,45,1,47,186,53,84,3,326,74,0,74,400
04/26/2022,BUR,CA,AWP,WE,Towers with Radar,192,72,50,6,320,0,4,38,0,42,192,76,88,6,362,78,0,78,440
04/27/2022,BUR,CA,AWP,WE,Towers with Radar,186,64,50,2,302,0,1,60,3,64,186,65,110,5,366,134,0,134,500
04/28/2022,BUR,CA,AWP,WE,Towers with Radar,196,77,52,3,328,0,2,41,2,45,196,79,93,5,373,76,0,76,449
04/29/2022,BUR,CA,AWP,WE,Towers with Radar,199,75,31,1,306,0,2,47,1,50,199,77,78,2,356,34,0,34,390
04/30/2022,BUR,CA,AWP,WE,Towers with Radar,115,63,18,0,196,0,2,41,0,43,115,65,59,0,239,50,0,50,289
05/01/2022,BUR,CA,AWP,WE,Towers with Radar,194,79,43,0,316,0,0,31,0,31,194,79,74,0,347,16,0,16,363
05/02/2022,BUR,CA,AWP,WE,Towers with Radar,195,72,30,0,297,0,1,30,0,31,195,73,60,0,328,58,0,58,386
05/03/2022,BUR,CA,AWP,WE,Towers with Radar,182,76,45,0,303,0,0,45,0,45,182,76,90,0,348,92,0,92,440
05/04/2022,BUR,CA,AWP,WE,Towers with Radar,185,70,30,0,285,0,2,47,0,49,185,72,77,0,334,52,0,52,386
05/05/2022,BUR,CA,AWP,WE,Towers with Radar,197,76,46,1,320,0,1,55,0,56,197,77,101,1,376,90,0,90,466
05/06/2022,BUR,CA,AWP,WE,Towers with Radar,201,61,29,0,291,0,2,61,0,63,201,63,90,0,354,110,0,110,464
05/07/2022,BUR,CA,AWP,WE,Towers with Radar,116,43,13,0,172,0,0,45,0,45,116,43,58,0,217,98,0,98,315
05/08/2022,BUR,CA,AWP,WE,Towers with Radar,194,54,25,0,273,0,0,31,0,31,194,54,56,0,304,20,0,20,324
05/09/2022,BUR,CA,AWP,WE,Towers with Radar,197,68,26,0,291,0,1,17,0,18,197,69,43,0,309,56,0,56,365
05/10/2022,BUR,CA,AWP,WE,Towers with Radar,194,73,36,2,305,0,1,44,2,47,194,74,80,4,352,54,0,54,406
05/11/2022,BUR,CA,AWP,WE,Towers with Radar,183,68,19,2,272,0,1,36,1,38,183,69,55,3,310,4,0,4,314
05/12/2022,BUR,CA,AWP,WE,Towers with Radar,206,76,38,1,321,0,3,67,0,70,206,79,105,1,391,126,0,126,517
05/13/2022,BUR,CA,AWP,WE,Towers with Radar,193,79,34,0,306,0,1,43,0,44,193,80,77,0,350,74,0,74,424
05/14/2022,BUR,CA,AWP,WE,Towers with Radar,121,61,31,0,213,0,0,38,0,38,121,61,69,0,251,14,0,14,265
05/15/2022,BUR,CA,AWP,WE,Towers with Radar,200,69,39,1,309,0,1,37,0,38,200,70,76,1,347,42,0,42,389
05/16/2022,BUR,CA,AWP,WE,Towers with Radar,194,68,43,1,306,0,3,48,1,52,194,71,91,2,358,62,0,62,420
05/17/2022,BUR,CA,AWP,WE,Towers with Radar,199,75,36,0,310,0,3,40,3,46,199,78,76,3,356,38,0,38,394
05/18/2022,BUR,CA,AWP,WE,Towers with Radar,187,70,46,2,305,0,2,46,2,50,187,72,92,4,355,90,0,90,445
05/19/2022,BUR,CA,AWP,WE,Towers with Radar,208,74,49,1,332,0,0,32,1,33,208,74,81,2,365,58,0,58,423
05/20/2022,BUR,CA,AWP,WE,Towers with Radar,196,71,51,0,318,0,0,26,1,27,196,71,77,1,345,30,0,30,375
05/21/2022,BUR,CA,AWP,WE,Towers with Radar,113,60,33,0,206,0,0,35,4,39,113,60,68,4,245,40,0,40,285
05/22/2022,BUR,CA,AWP,WE,Towers with Radar,191,57,41,0,289,0,4,45,1,50,191,61,86,1,339,42,0,42,381
05/23/2022,BUR,CA,AWP,WE,Towers with Radar,198,58,27,2,285,0,1,26,3,30,198,59,53,5,315,0,0,0,315
05/24/2022,BUR,CA,AWP,WE,Towers with Radar,182,77,29,0,288,0,0,50,0,50,182,77,79,0,338,40,0,40,378
05/25/2022,BUR,CA,AWP,WE,Towers with Radar,188,60,35,0,283,0,4,50,0,54,188,64,85,0,337,68,0,68,405
05/26/2022,BUR,CA,AWP,WE,Towers with Radar,206,78,39,1,324,0,7,40,0,47,206,85,79,1,371,104,0,104,475
05/27/2022,BUR,CA,AWP,WE,Towers with Radar,206,65,33,0,304,1,6,65,0,72,207,71,98,0,376,48,0,48,424
05/28/2022,BUR,CA,AWP,WE,Towers with Radar,118,42,22,0,182,0,5,23,0,28,118,47,45,0,210,28,0,28,238
05/29/2022,BUR,CA,AWP,WE,Towers with Radar,196,40,20,0,256,0,3,41,0,44,196,43,61,0,300,75,0,75,375
05/30/2022,BUR,CA,AWP,WE,Towers with Radar,195,60,44,1,300,0,5,37,3,45,195,65,81,4,345,42,0,42,387
05/31/2022,BUR,CA,AWP,WE,Towers with Radar,195,67,30,1,293,0,2,45,3,50,195,69,75,4,343,110,0,110,453
06/01/2022,BUR,CA,AWP,WE,Towers with Radar,181,59,33,0,273,0,3,48,1,52,181,62,81,1,325,124,0,124,449
06/02/2022,BUR,CA,AWP,WE,Towers with Radar,204,70,23,0,297,0,0,39,3,42,204,70,62,3,339,40,0,40,379
06/03/2022,BUR,CA,AWP,WE,Towers with Radar,208,69,34,1,312,0,2,29,0,31,208,71,63,1,343,78,0,78,421
06/04/2022,BUR,CA,AWP,WE,Towers with Radar,119,56,23,2,200,0,0,42,2,44,119,56,65,4,244,118,0,118,362
06/05/2022,BUR,CA,AWP,WE,Towers with Radar,201,54,38,2,295,0,0,42,0,42,201,54,80,2,337,28,0,28,365
06/06/2022,BUR,CA,AWP,WE,Towers with Radar,202,65,42,2,311,0,2,51,5,58,202,67,93,7,369,48,0,48,417
06/07/2022,BUR,CA,AWP,WE,Towers with Radar,190,59,37,5,291,0,0,42,0,42,190,59,79,5,333,78,0,78,411
06/08/2022,BUR,CA,AWP,WE,Towers with Radar,191,74,59,0,324,0,2,12,0,14,191,76,71,0,338,22,0,22,360
06/09/2022,BUR,CA,AWP,WE,Towers with Radar,207,82,60,2,351,0,1,4,1,6,207,83,64,3,357,0,0,0,357
06/10/2022,BUR,CA,AWP,WE,Towers with Radar,207,76,30,2,315,0,0,11,4,15,207,76,41,6,330,0,0,0,330
06/11/2022,BUR,CA,AWP,WE,Towers with Radar,130,54,28,1,213,0,0,33,0,33,130,54,61,1,246,78,0,78,324
06/12/2022,BUR,CA,AWP,WE,Towers with Radar,200,52,25,4,281,0,4,38,1,43,200,56,63,5,324,96,0,96,420
06/13/2022,BUR,CA,AWP,WE,Towers with Radar,207,65,37,0,309,0,0,56,0,56,207,65,93,0,365,96,0,96,461
06/14/2022,BUR,CA,AWP,WE,Towers with Radar,190,70,35,0,295,0,0,49,0,49,190,70,84,0,344,46,0,46,390
06/15/2022,BUR,CA,AWP,WE,Towers with Radar,187,80,44,2,313,0,3,53,2,58,187,83,97,4,371,98,0,98,469
06/16/2022,BUR,CA,AWP,WE,Towers with Radar,211,63,28,0,302,0,0,57,0,57,211,63,85,0,359,180,0,180,539
06/17/2022,BUR,CA,AWP,WE,Towers with Radar,199,66,48,0,313,0,1,61,0,62,199,67,109,0,375,134,0,134,509
06/18/2022,BUR,CA,AWP,WE,Towers with Radar,141,49,12,0,202,0,5,50,0,55,141,54,62,0,257,148,0,148,405
06/19/2022,BUR,CA,AWP,WE,Towers with Radar,202,65,23,1,291,0,0,37,0,37,202,65,60,1,328,0,0,0,328
06/20/2022,BUR,CA,AWP,WE,Towers with Radar,202,55,32,1,290,0,2,52,0,54,202,57,84,1,344,72,0,72,416
06/21/2022,BUR,CA,AWP,WE,Towers with Radar,193,74,24,0,291,0,1,61,1,63,193,75,85,1,354,50,0,50,404
06/22/2022,BUR,CA,AWP,WE,Towers with Radar,170,63,18,1,252,0,2,31,0,33,170,65,49,1,285,16,0,16,301
06/23/2022,BUR,CA,AWP,WE,Towers with Radar,203,75,29,0,307,0,4,49,0,53,203,79,78,0,360,84,0,84,444
06/24/2022,BUR,CA,AWP,WE,Towers with Radar,205,62,34,0,301,0,0,54,0,54,205,62,88,0,355,80,0,80,435
06/25/2022,BUR,CA,AWP,WE,Towers with Radar,138,58,27,0,223,0,2,48,3,53,138,60,75,3,276,124,0,124,400
06/26/2022,BUR,CA,AWP,WE,Towers with Radar,206,47,22,0,275,0,4,54,0,58,206,51,76,0,333,84,0,84,417
06/27/2022,BUR,CA,AWP,WE,Towers with Radar,199,67,34,1,301,0,2,49,0,51,199,69,83,1,352,40,0,40,392
06/28/2022,BUR,CA,AWP,WE,Towers with Radar,190,70,23,0,283,0,0,57,3,60,190,70,80,3,343,84,0,84,427
06/29/2022,BUR,CA,AWP,WE,Towers with Radar,196,55,36,0,287,0,0,61,0,61,196,55,97,0,348,108,0,108,456
06/30/2022,BUR,CA,AWP,WE,Towers with Radar,212,82,40,0,334,0,1,47,0,48,212,83,87,0,382,58,0,58,440
07/01/2022,BUR,CA,AWP,WE,Towers with Radar,207,68,35,0,310,0,5,54,1,60,207,73,89,1,370,100,0,100,470
07/02/2022,BUR,CA,AWP,WE,Towers with Radar,132,40,24,1,197,0,0,52,0,52,132,40,76,1,249,184,0,184,433
07/03/2022,BUR,CA,AWP,WE,Towers with Radar,168,36,14,0,218,0,1,39,2,42,168,37,53,2,260,22,0,22,282
07/04/2022,BUR,CA,AWP,WE,Towers with Radar,164,49,13,0,226,0,0,25,1,26,164,49,38,1,252,28,0,28,280
07/05/2022,BUR,CA,AWP,WE,Towers with Radar,191,45,19,0,255,0,3,24,0,27,191,48,43,0,282,50,0,50,332
07/06/2022,BUR,CA,AWP,WE,Towers with Radar,186,60,19,0,265,0,3,36,0,39,186,63,55,0,304,128,0,128,432
07/07/2022,BUR,CA,AWP,WE,Towers with Radar,202,71,19,0,292,0,3,35,0,38,202,74,54,0,330,25,0,25,355
07/08/2022,BUR,CA,AWP,WE,Towers with Radar,196,56,41,0,293,0,0,57,0,57,196,56,98,0,350,128,0,128,478
07/09/2022,BUR,CA,AWP,WE,Towers with Radar,144,47,17,0,208,0,2,32,0,34,144,49,49,0,242,38,0,38,280
07/10/2022,BUR,CA,AWP,WE,Towers with Radar,197,64,22,0,283,0,2,44,0,46,197,66,66,0,329,84,0,84,413
07/11/2022,BUR,CA,AWP,WE,Towers with Radar,201,58,37,1,297,0,0,40,2,42,201,58,77,3,339,62,0,62,401
07/12/2022,BUR,CA,AWP,WE,Towers with Radar,187,47,19,1,254,0,0,47,2,49,187,47,66,3,303,38,0,38,341
07/13/2022,BUR,CA,AWP,WE,Towers with Radar,186,63,24,0,273,0,3,35,0,38,186,66,59,0,311,102,0,102,413
07/14/2022,BUR,CA,AWP,WE,Towers with Radar,198,71,24,0,293,0,3,52,0,55,198,74,76,0,348,152,0,152,500
07/15/2022,BUR,CA,AWP,WE,Towers with Radar,200,69,22,0,291,0,2,43,0,45,200,71,65,0,336,56,0,56,392
07/16/2022,BUR,CA,AWP,WE,Towers with Radar,140,48,32,0,220,0,3,47,0,50,140,51,79,0,270,62,0,62,332
07/17/2022,BUR,CA,AWP,WE,Towers with Radar,198,56,36,0,290,0,2,44,0,46,198,58,80,0,336,118,0,118,454
07/18/2022,BUR,CA,AWP,WE,Towers with Radar,201,63,30,0,294,0,0,42,1,43,201,63,72,1,337,30,0,30,367
07/19/2022,BUR,CA,AWP,WE,Towers with Radar,192,73,41,1,307,0,0,53,1,54,192,73,94,2,361,152,0,152,513
07/20/2022,BUR,CA,AWP,WE,Towers with Radar,194,67,48,0,309,0,3,61,2,66,194,70,109,2,375,82,0,82,457
07/21/2022,BUR,CA,AWP,WE,Towers with Radar,203,74,46,1,324,0,5,62,2,69,203,79,108,3,393,52,0,52,445
07/22/2022,BUR,CA,AWP,WE,Towers with Radar,205,68,31,0,304,0,2,59,1,62,205,70,90,1,366,80,0,80,446
07/23/2022,BUR,CA,AWP,WE,Towers with Radar,134,61,30,0,225,0,2,41,1,44,134,63,71,1,269,80,0,80,349
07/24/2022,BUR,CA,AWP,WE,Towers with Radar,195,71,29,0,295,0,4,51,1,56,195,75,80,1,351,174,0,174,525
07/25/2022,BUR,CA,AWP,WE,Towers with Radar,190,48,27,0,265,0,1,46,0,47,190,49,73,0,312,46,0,46,358
07/26/2022,BUR,CA,AWP,WE,Towers with Radar,203,61,21,0,285,0,0,54,2,56,203,61,75,2,341,42,0,42,383
07/27/2022,BUR,CA,AWP,WE,Towers with Radar,198,73,25,0,296,0,0,42,0,42,198,73,67,0,338,108,0,108,446
07/28/2022,BUR,CA,AWP,WE,Towers with Radar,192,83,39,2,316,0,0,41,1,42,192,83,80,3,358,50,0,50,408
07/29/2022,BUR,CA,AWP,WE,Towers with Radar,196,61,39,0,296,0,0,61,0,61,196,61,100,0,357,32,0,32,389
07/30/2022,BUR,CA,AWP,WE,Towers with Radar,137,53,18,0,208,0,2,36,0,38,137,55,54,0,246,18,0,18,264
07/31/2022,BUR,CA,AWP,WE,Towers with Radar,191,59,29,0,279,0,0,36,0,36,191,59,65,0,315,4,0,4,319
08/01/2022,BUR,CA,AWP,WE,Towers with Radar,197,56,19,0,272,0,1,45,0,46,197,57,64,0,318,60,0,60,378
08/02/2022,BUR,CA,AWP,WE,Towers with Radar,192,66,33,0,291,0,5,46,0,51,192,71,79,0,342,142,0,142,484
08/03/2022,BUR,CA,AWP,WE,Towers with Radar,192,71,47,0,310,0,2,59,1,62,192,73,106,1,372,120,0,120,492
08/04/2022,BUR,CA,AWP,WE,Towers with Radar,187,71,30,0,288,0,2,49,0,51,187,73,79,0,339,134,0,134,473
08/05/2022,BUR,CA,AWP,WE,Towers with Radar,197,72,31,0,300,0,1,59,2,62,197,73,90,2,362,130,0,130,492
08/06/2022,BUR,CA,AWP,WE,Towers with Radar,142,56,10,0,208,0,1,34,0,35,142,57,44,0,243,13,0,13,256
08/07/2022,BUR,CA,AWP,WE,Towers with Radar,185,86,38,0,309,0,3,39,0,42,185,89,77,0,351,44,0,44,395
08/08/2022,BUR,CA,AWP,WE,Towers with Radar,186,67,18,3,274,0,2,26,0,28,186,69,44,3,302,18,0,18,320
08/09/2022,BUR,CA,AWP,WE,Towers with Radar,174,71,35,4,284,0,5,64,0,69,174,76,99,4,353,90,0,90,443
08/10/2022,BUR,CA,AWP,WE,Towers with Radar,188,92,39,1,320,0,6,63,1,70,188,98,102,2,390,122,0,122,512
08/11/2022,BUR,CA,AWP,WE,Towers with Radar,190,100,46,0,336,0,5,47,0,52,190,105,93,0,388,18,0,18,406
08/12/2022,BUR,CA,AWP,WE,Towers with Radar,189,81,47,0,317,0,6,46,1,53,189,87,93,1,370,112,0,112,482
08/13/2022,BUR,CA,AWP,WE,Towers with Radar,137,69,22,0,228,0,4,39,1,44,137,73,61,1,272,40,0,40,312
08/14/2022,BUR,CA,AWP,WE,Towers with Radar,185,85,28,0,298,0,2,33,0,35,185,87,61,0,333,0,0,0,333
08/15/2022,BUR,CA,AWP,WE,Towers with Radar,202,74,32,0,308,0,2,30,1,33,202,76,62,1,341,0,0,0,341
08/16/2022,BUR,CA,AWP,WE,Towers with Radar,183,76,26,0,285,0,2,39,0,41,183,78,65,0,326,22,0,22,348
08/17/2022,BUR,CA,AWP,WE,Towers with Radar,185,66,41,0,292,0,5,68,0,73,185,71,109,0,365,104,0,104,469
08/18/2022,BUR,CA,AWP,WE,Towers with Radar,208,86,42,0,336,0,3,56,0,59,208,89,98,0,395,169,0,169,564
08/19/2022,BUR,CA,AWP,WE,Towers with Radar,198,87,42,0,327,0,7,58,1,66,198,94,100,1,393,84,0,84,477
08/20/2022,BUR,CA,AWP,WE,Towers with Radar,137,59,29,0,225,0,4,35,0,39,137,63,64,0,264,28,0,28,292
08/21/2022,BUR,CA,AWP,WE,Towers with Radar,194,77,55,0,326,0,3,38,0,41,194,80,93,0,367,0,0,0,367
08/22/2022,BUR,CA,AWP,WE,Towers with Radar,197,88,42,0,327,0,4,30,1,35,197,92,72,1,362,8,0,8,370
08/23/2022,BUR,CA,AWP,WE,Towers with Radar,189,108,80,0,377,0,3,70,0,73,189,111,150,0,450,82,0,82,532
08/24/2022,BUR,CA,AWP,WE,Towers with Radar,184,107,84,0,375,0,7,44,0,51,184,114,128,0,426,142,0,142,568
08/25/2022,BUR,CA,AWP,WE,Towers with Radar,200,97,54,0,351,0,2,50,0,52,200,99,104,0,403,64,0,64,467
08/26/2022,BUR,CA,AWP,WE,Towers with Radar,205,91,45,0,341,0,3,39,0,42,205,94,84,0,383,42,0,42,425
08/27/2022,BUR,CA,AWP,WE,Towers with Radar,136,74,32,0,242,0,2,42,0,44,136,76,74,0,286,58,0,58,344
08/28/2022,BUR,CA,AWP,WE,Towers with Radar,199,82,45,1,327,0,0,40,0,40,199,82,85,1,367,30,0,30,397
08/29/2022,BUR,CA,AWP,WE,Towers with Radar,200,99,59,0,358,0,5,51,0,56,200,104,110,0,414,26,0,26,440
08/30/2022,BUR,CA,AWP,WE,Towers with Radar,188,123,66,2,379,0,4,55,1,60,188,127,121,3,439,38,0,38,477
08/31/2022,BUR,CA,AWP,WE,Towers with Radar,188,129,79,4,400,0,7,55,1,63,188,136,134,5,463,38,0,38,501
09/01/2022,BUR,CA,AWP,WE,Towers with Radar,200,118,56,1,375,0,8,63,3,74,200,126,119,4,449,84,0,84,533
09/02/2022,BUR,CA,AWP,WE,Towers with Radar,206,77,37,1,321,0,8,55,8,71,206,85,92,9,392,16,0,16,408
09/03/2022,BUR,CA,AWP,WE,Towers with Radar,134,53,34,0,221,0,3,43,5,51,134,56,77,5,272,40,0,40,312
09/04/2022,BUR,CA,AWP,WE,Towers with Radar,149,83,35,1,268,0,3,49,1,53,149,86,84,2,321,4,0,4,325
09/05/2022,BUR,CA,AWP,WE,Towers with Radar,201,107,21,0,329,0,3,40,3,46,201,110,61,3,375,60,0,60,435
09/06/2022,BUR,CA,AWP,WE,Towers with Radar,183,75,31,0,289,0,3,48,0,51,183,78,79,0,340,60,0,60,400
09/07/2022,BUR,CA,AWP,WE,Towers with Radar,183,85,48,0,316,0,5,29,0,34,183,90,77,0,350,42,0,42,392
09/08/2022,BUR,CA,AWP,WE,Towers with Radar,186,91,62,0,339,0,7,55,0,62,186,98,117,0,401,6,0,6,407
09/09/2022,BUR,CA,AWP,WE,Towers with Radar,197,84,36,0,317,0,7,30,1,38,197,91,66,1,355,38,0,38,393
09/10/2022,BUR,CA,AWP,WE,Towers with Radar,144,66,33,1,244,0,1,19,0,20,144,67,52,1,264,56,0,56,320
09/11/2022,BUR,CA,AWP,WE,Towers with Radar,159,84,37,0,280,0,2,37,0,39,159,86,74,0,319,58,0,58,377
09/12/2022,BUR,CA,AWP,WE,Towers with Radar,203,79,40,1,323,0,6,37,1,44,203,85,77,2,367,36,0,36,403
09/13/2022,BUR,CA,AWP,WE,Towers with Radar,185,72,46,1,304,0,8,48,0,56,185,80,94,1,360,132,0,132,492
09/14/2022,BUR,CA,AWP,WE,Towers with Radar,196,88,39,0,323,0,6,44,1,51,196,94,83,1,374,116,0,116,490
09/15/2022,BUR,CA,AWP,WE,Towers with Radar,210,88,41,4,343,0,2,44,2,48,210,90,85,6,391,104,0,104,495
09/16/2022,BUR,CA,AWP,WE,Towers with Radar,206,75,32,2,315,0,0,63,2,65,206,75,95,4,380,96,0,96,476
09/17/2022,BUR,CA,AWP,WE,Towers with Radar,147,62,25,0,234,0,0,33,0,33,147,62,58,0,267,40,0,40,307
09/18/2022,BUR,CA,AWP,WE,Towers with Radar,159,73,31,0,263,0,0,40,0,40,159,73,71,0,303,36,0,36,339
09/19/2022,BUR,CA,AWP,WE,Towers with Radar,207,77,33,0,317,0,12,45,0,57,207,89,78,0,374,30,0,30,404
09/20/2022,BUR,CA,AWP,WE,Towers with Radar,190,78,46,0,314,0,2,33,2,37,190,80,79,2,351,40,0,40,391
09/21/2022,BUR,CA,AWP,WE,Towers with Radar,200,84,40,2,326,0,0,53,0,53,200,84,93,2,379,138,0,138,517
09/22/2022,BUR,CA,AWP,WE,Towers with Radar,206,101,36,0,343,0,5,40,0,45,206,106,76,0,388,18,0,18,406
09/23/2022,BUR,CA,AWP,WE,Towers with Radar,207,80,46,0,333,0,1,40,3,44,207,81,86,3,377,56,0,56,433
09/24/2022,BUR,CA,AWP,WE,Towers with Radar,148,55,34,0,237,0,1,54,0,55,148,56,88,0,292,40,0,40,332
09/25/2022,BUR,CA,AWP,WE,Towers with Radar,159,67,34,0,260,0,6,50,0,56,159,73,84,0,316,86,0,86,402
09/26/2022,BUR,CA,AWP,WE,Towers with Radar,210,70,26,0,306,0,2,44,1,47,210,72,70,1,353,32,0,32,385
09/27/2022,BUR,CA,AWP,WE,Towers with Radar,188,80,17,0,285,0,6,40,1,47,188,86,57,1,332,132,0,132,464
09/28/2022,BUR,CA,AWP,WE,Towers with Radar,179,83,40,0,302,0,5,55,0,60,179,88,95,0,362,74,0,74,436
09/29/2022,BUR,CA,AWP,WE,Towers with Radar,206,95,17,2,320,0,6,33,1,40,206,101,50,3,360,80,0,80,440
09/30/2022,BUR,CA,AWP,WE,Towers with Radar,207,88,42,0,337,0,8,30,0,38,207,96,72,0,375,66,0,66,441
10/01/2022,BUR,CA,AWP,WE,Towers with Radar,141,58,21,0,220,0,3,25,0,28,141,61,46,0,248,50,0,50,298
10/02/2022,BUR,CA,AWP,WE,Towers with Radar,160,75,40,0,275,0,4,38,0,42,160,79,78,0,317,10,0,10,327
10/03/2022,BUR,CA,AWP,WE,Towers with Radar,209,88,38,2,337,0,3,44,1,48,209,91,82,3,385,34,0,34,419
10/04/2022,BUR,CA,AWP,WE,Towers with Radar,193,84,38,0,315,1,7,56,0,64,194,91,94,0,379,104,0,104,483
10/05/2022,BUR,CA,AWP,WE,Towers with Radar,195,80,37,0,312,0,3,44,0,47,195,83,81,0,359,136,0,136,495
10/06/2022,BUR,CA,AWP,WE,Towers with Radar,202,93,43,2,340,0,1,41,0,42,202,94,84,2,382,134,0,134,516
10/07/2022,BUR,CA,AWP,WE,Towers with Radar,202,78,44,0,324,0,3,52,1,56,202,81,96,1,380,110,0,110,490
10/08/2022,BUR,CA,AWP,WE,Towers with Radar,146,61,39,2,248,0,4,42,0,46,146,65,81,2,294,28,0,28,322
10/09/2022,BUR,CA,AWP,WE,Towers with Radar,166,82,38,1,287,0,5,38,3,46,166,87,76,4,333,8,0,8,341
10/10/2022,BUR,CA,AWP,WE,Towers with Radar,202,79,48,1,330,0,0,26,0,26,202,79,74,1,356,12,0,12,368
10/11/2022,BUR,CA,AWP,WE,Towers with Radar,193,74,41,2,310,0,4,32,0,36,193,78,73,2,346,104,0,104,450
10/12/2022,BUR,CA,AWP,WE,Towers with Radar,184,75,51,0,310,0,3,19,0,22,184,78,70,0,332,28,0,28,360
10/13/2022,BUR,CA,AWP,WE,Towers with Radar,197,108,59,0,364,0,1,8,0,9,197,109,67,0,373,0,0,0,373
10/14/2022,BUR,CA,AWP,WE,Towers with Radar,202,95,72,0,369,0,9,30,4,43,202,104,102,4,412,4,0,4,416
10/15/2022,BUR,CA,AWP,WE,Towers with Radar,134,57,29,8,228,0,0,10,0,10,134,57,39,8,238,0,0,0,238
10/16/2022,BUR,CA,AWP,WE,Towers with Radar,152,73,54,0,279,0,3,36,0,39,152,76,90,0,318,22,0,22,340
10/17/2022,BUR,CA,AWP,WE,Towers with Radar,199,72,35,0,306,0,4,35,0,39,199,76,70,0,345,54,0,54,399
10/18/2022,BUR,CA,AWP,WE,Towers with Radar,183,67,21,2,273,0,2,38,0,40,183,69,59,2,313,40,0,40,353
10/19/2022,BUR,CA,AWP,WE,Towers with Radar,185,79,29,1,294,0,4,36,1,41,185,83,65,2,335,122,0,122,457
10/20/2022,BUR,CA,AWP,WE,Towers with Radar,200,83,37,2,322,0,5,63,0,68,200,88,100,2,390,90,0,90,480
10/21/2022,BUR,CA,AWP,WE,Towers with Radar,197,76,43,0,316,0,0,40,0,40,197,76,83,0,356,66,0,66,422
10/22/2022,BUR,CA,AWP,WE,Towers with Radar,139,50,25,0,214,0,4,24,2,30,139,54,49,2,244,52,0,52,296
10/23/2022,BUR,CA,AWP,WE,Towers with Radar,152,74,34,1,261,0,4,44,0,48,152,78,78,1,309,16,0,16,325
10/24/2022,BUR,CA,AWP,WE,Towers with Radar,195,67,29,0,291,0,1,37,1,39,195,68,66,1,330,108,0,108,438
10/25/2022,BUR,CA,AWP,WE,Towers with Radar,188,64,31,0,283,0,3,42,1,46,188,67,73,1,329,124,0,124,453
10/26/2022,BUR,CA,AWP,WE,Towers with Radar,189,84,32,0,305,0,4,47,0,51,189,88,79,0,356,162,0,162,518
10/27/2022,BUR,CA,AWP,WE,Towers with Radar,196,75,44,1,316,0,0,68,0,68,196,75,112,1,384,168,0,168,552
10/28/2022,BUR,CA,AWP,WE,Towers with Radar,196,81,34,0,311,0,0,50,2,52,196,81,84,2,363,152,0,152,515
10/29/2022,BUR,CA,AWP,WE,Towers with Radar,137,55,30,0,222,0,8,53,4,65,137,63,83,4,287,146,0,146,433
10/30/2022,BUR,CA,AWP,WE,Towers with Radar,157,63,23,0,243,0,11,23,0,34,157,74,46,0,277,56,0,56,333
10/31/2022,BUR,CA,AWP,WE,Towers with Radar,189,64,20,2,275,0,2,31,0,33,189,66,51,2,308,94,0,94,402
11/01/2022,BUR,CA,AWP,WE,Towers with Radar,197,70,38,1,306,0,2,13,0,15,197,72,51,1,321,20,0,20,341
11/02/2022,BUR,CA,AWP,WE,Towers with Radar,195,69,28,1,293,0,2,18,0,20,195,71,46,1,313,80,0,80,393
11/03/2022,BUR,CA,AWP,WE,Towers with Radar,197,73,25,1,296,0,4,27,0,31,197,77,52,1,327,6,0,6,333
11/04/2022,BUR,CA,AWP,WE,Towers with Radar,201,80,38,1,320,0,4,51,1,56,201,84,89,2,376,68,0,68,444
11/05/2022,BUR,CA,AWP,WE,Towers with Radar,150,59,22,0,231,0,2,23,2,27,150,61,45,2,258,12,0,12,270
11/06/2022,BUR,CA,AWP,WE,Towers with Radar,190,67,35,0,292,0,0,22,2,24,190,67,57,2,316,14,0,14,330
11/07/2022,BUR,CA,AWP,WE,Towers with Radar,200,69,31,0,300,0,1,8,0,9,200,70,39,0,309,8,0,8,317
11/08/2022,BUR,CA,AWP,WE,Towers with Radar,135,73,26,3,237,0,0,7,0,7,135,73,33,3,244,0,0,0,244
11/09/2022,BUR,CA,AWP,WE,Towers with Radar,175,60,27,0,262,0,2,51,0,53,175,62,78,0,315,56,0,56,371
11/10/2022,BUR,CA,AWP,WE,Towers with Radar,194,82,35,0,311,0,8,51,0,59,194,90,86,0,370,110,0,110,480
11/11/2022,BUR,CA,AWP,WE,Towers with Radar,194,60,27,0,281,0,2,52,2,56,194,62,79,2,337,18,0,18,355
11/12/2022,BUR,CA,AWP,WE,Towers with Radar,142,53,27,0,222,0,4,47,2,53,142,57,74,2,275,86,0,86,361
11/13/2022,BUR,CA,AWP,WE,Towers with Radar,188,60,33,0,281,0,2,28,0,30,188,62,61,0,311,18,0,18,329
11/14/2022,BUR,CA,AWP,WE,Towers with Radar,196,67,29,0,292,0,11,43,1,55,196,78,72,1,347,64,0,64,411
11/15/2022,BUR,CA,AWP,WE,Towers with Radar,169,81,29,0,279,0,6,34,1,41,169,87,63,1,320,78,0,78,398
11/16/2022,BUR,CA,AWP,WE,Towers with Radar,170,80,23,1,274,0,5,15,0,20,170,85,38,1,294,62,0,62,356
11/17/2022,BUR,CA,AWP,WE,Towers with Radar,189,81,40,1,311,0,4,60,5,69,189,85,100,6,380,160,0,160,540
11/18/2022,BUR,CA,AWP,WE,Towers with Radar,197,68,48,2,315,0,12,57,3,72,197,80,105,5,387,134,0,134,521
11/19/2022,BUR,CA,AWP,WE,Towers with Radar,144,59,35,0,238,0,3,29,5,37,144,62,64,5,275,108,0,108,383
11/20/2022,BUR,CA,AWP,WE,Towers with Radar,200,74,36,0,310,0,4,40,1,45,200,78,76,1,355,10,0,10,365
11/21/2022,BUR,CA,AWP,WE,Towers with Radar,207,54,34,1,296,0,3,44,0,47,207,57,78,1,343,86,0,86,429
11/22/2022,BUR,CA,AWP,WE,Towers with Radar,170,59,44,0,273,0,1,60,2,63,170,60,104,2,336,100,0,100,436
11/23/2022,BUR,CA,AWP,WE,Towers with Radar,171,70,33,1,275,0,2,50,1,53,171,72,83,2,328,54,0,54,382
11/24/2022,BUR,CA,AWP,WE,Towers with Radar,141,38,8,0,187,0,0,5,0,5,141,38,13,0,192,0,0,0,192
11/25/2022,BUR,CA,AWP,WE,Towers with Radar,186,66,22,0,274,0,3,36,0,39,186,69,58,0,313,28,0,28,341
11/26/2022,BUR,CA,AWP,WE,Towers with Radar,146,54,28,0,228,0,3,27,0,30,146,57,55,0,258,16,0,16,274
11/27/2022,BUR,CA,AWP,WE,Towers with Radar,170,64,45,0,279,0,10,30,0,40,170,74,75,0,319,22,0,22,341
11/28/2022,BUR,CA,AWP,WE,Towers with Radar,173,68,28,0,269,0,3,34,0,37,173,71,62,0,306,122,0,122,428
11/29/2022,BUR,CA,AWP,WE,Towers with Radar,199,86,39,1,325,0,9,45,0,54,199,95,84,1,379,130,0,130,509
11/30/2022,BUR,CA,AWP,WE,Towers with Radar,165,90,38,0,293,0,3,50,0,53,165,93,88,0,346,116,0,116,462
12/01/2022,BUR,CA,AWP,WE,Towers with Radar,163,83,35,0,281,0,2,24,0,26,163,85,59,0,307,22,0,22,329
12/02/2022,BUR,CA,AWP,WE,Towers with Radar,164,82,27,1,274,0,1,6,0,7,164,83,33,1,281,0,0,0,281
12/03/2022,BUR,CA,AWP,WE,Towers with Radar,134,55,38,1,228,0,1,39,2,42,134,56,77,3,270,36,0,36,306
12/04/2022,BUR,CA,AWP,WE,Towers with Radar,189,68,24,0,281,0,1,8,0,9,189,69,32,0,290,64,0,64,354
12/05/2022,BUR,CA,AWP,WE,Towers with Radar,170,83,37,1,291,0,2,27,0,29,170,85,64,1,320,72,0,72,392
12/06/2022,BUR,CA,AWP,WE,Towers with Radar,171,72,24,2,269,0,4,38,0,42,171,76,62,2,311,150,0,150,461
12/07/2022,BUR,CA,AWP,WE,Towers with Radar,170,74,41,0,285,0,5,43,0,48,170,79,84,0,333,156,0,156,489
12/08/2022,BUR,CA,AWP,WE,Towers with Radar,174,90,31,0,295,0,5,30,0,35,174,95,61,0,330,106,0,106,436
12/09/2022,BUR,CA,AWP,WE,Towers with Radar,170,77,28,1,276,0,7,27,0,34,170,84,55,1,310,8,0,8,318
12/10/2022,BUR,CA,AWP,WE,Towers with Radar,131,54,22,1,208,0,1,7,1,9,131,55,29,2,217,28,0,28,245
12/11/2022,BUR,CA,AWP,WE,Towers with Radar,185,72,32,1,290,0,0,14,0,14,185,72,46,1,304,0,0,0,304
12/12/2022,BUR,CA,AWP,WE,Towers with Radar,171,73,28,0,272,0,2,28,0,30,171,75,56,0,302,90,0,90,392
12/13/2022,BUR,CA,AWP,WE,Towers with Radar,173,77,27,0,277,0,5,48,0,53,173,82,75,0,330,74,0,74,404
12/14/2022,BUR,CA,AWP,WE,Towers with Radar,176,75,35,1,287,0,3,47,0,50,176,78,82,1,337,128,0,128,465
12/15/2022,BUR,CA,AWP,WE,Towers with Radar,182,88,29,4,303,0,1,36,1,38,182,89,65,5,341,118,0,118,459
12/16/2022,BUR,CA,AWP,WE,Towers with Radar,205,75,25,0,305,0,2,31,0,33,205,77,56,0,338,62,0,62,400
12/17/2022,BUR,CA,AWP,WE,Towers with Radar,143,56,32,0,231,0,5,30,0,35,143,61,62,0,266,36,0,36,302
12/18/2022,BUR,CA,AWP,WE,Towers with Radar,195,62,23,0,280,0,3,36,1,40,195,65,59,1,320,42,0,42,362
12/19/2022,BUR,CA,AWP,WE,Towers with Radar,189,55,33,3,280,0,3,21,0,24,189,58,54,3,304,26,0,26,330
12/20/2022,BUR,CA,AWP,WE,Towers with Radar,201,66,18,2,287,0,2,28,0,30,201,68,46,2,317,26,0,26,343
12/21/2022,BUR,CA,AWP,WE,Towers with Radar,155,60,29,1,245,0,2,37,2,41,155,62,66,3,286,74,0,74,360
12/22/2022,BUR,CA,AWP,WE,Towers with Radar,158,73,32,0,263,0,6,38,0,44,158,79,70,0,307,170,0,170,477
12/23/2022,BUR,CA,AWP,WE,Towers with Radar,127,74,21,0,222,0,4,30,0,34,127,78,51,0,256,12,0,12,268
12/24/2022,BUR,CA,AWP,WE,Towers with Radar,86,56,19,0,161,0,0,17,0,17,86,56,36,0,178,16,0,16,194
12/25/2022,BUR,CA,AWP,WE,Towers with Radar,112,42,10,0,164,0,4,13,1,18,112,46,23,1,182,24,0,24,206
12/26/2022,BUR,CA,AWP,WE,Towers with Radar,62,67,36,0,165,0,3,25,0,28,62,70,61,0,193,8,0,8,201
12/27/2022,BUR,CA,AWP,WE,Towers with Radar,68,68,34,0,170,0,0,31,1,32,68,68,65,1,202,108,0,108,310
12/28/2022,BUR,CA,AWP,WE,Towers with Radar,77,62,33,0,172,0,1,32,1,34,77,63,65,1,206,72,0,72,278
12/29/2022,BUR,CA,AWP,WE,Towers with Radar,83,66,30,0,179,0,0,23,0,23,83,66,53,0,202,32,0,32,234
12/30/2022,BUR,CA,AWP,WE,Towers with Radar,164,76,25,0,265,0,1,16,0,17,164,77,41,0,282,0,0,0,282
12/31/2022,BUR,CA,AWP,WE,Towers with Radar,130,52,11,0,193,0,0,0,0,0,130,52,11,0,193,0,0,0,193
01/01/2023,BUR,CA,AWP,WE,Towers with Radar,177,71,28,0,276,0,5,25,0,30,177,76,53,0,306,0,0,0,306
01/02/2023,BUR,CA,AWP,WE,Towers with Radar,149,73,113,0,335,0,4,23,0,27,149,77,136,0,362,32,0,32,394
01/03/2023,BUR,CA,AWP,WE,Towers with Radar,202,68,40,0,310,0,2,7,0,9,202,70,47,0,319,42,0,42,361
01/04/2023,BUR,CA,AWP,WE,Towers with Radar,165,66,20,0,251,0,0,2,0,2,165,66,22,0,253,0,0,0,253
01/05/2023,BUR,CA,AWP,WE,Towers with Radar,169,67,17,1,254,0,3,6,0,9,169,70,23,1,263,0,0,0,263
01/06/2023,BUR,CA,AWP,WE,Towers with Radar,178,90,34,0,302,0,5,39,1,45,178,95,73,1,347,68,0,68,415
01/07/2023,BUR,CA,AWP,WE,Towers with Radar,122,62,36,0,220,0,3,19,0,22,122,65,55,0,242,46,0,46,288
01/08/2023,BUR,CA,AWP,WE,Towers with Radar,154,79,51,0,284,0,2,15,0,17,154,81,66,0,301,86,0,86,387
01/09/2023,BUR,CA,AWP,WE,Towers with Radar,174,91,39,0,304,0,0,2,0,2,174,91,41,0,306,0,0,0,306
01/10/2023,BUR,CA,AWP,WE,Towers with Radar,129,64,65,0,258,0,0,10,0,10,129,64,75,0,268,52,0,52,320
01/11/2023,BUR,CA,AWP,WE,Towers with Radar,147,76,43,0,266,0,0,31,0,31,147,76,74,0,297,90,0,90,387
01/12/2023,BUR,CA,AWP,WE,Towers with Radar,185,81,35,0,301,0,1,24,0,25,185,82,59,0,326,36,0,36,362
01/13/2023,BUR,CA,AWP,WE,Towers with Radar,181,78,51,0,310,0,4,33,1,38,181,82,84,1,348,48,0,48,396
01/14/2023,BUR,CA,AWP,WE,Towers with Radar,113,58,15,0,186,0,1,3,0,4,113,59,18,0,190,0,0,0,190
01/15/2023,BUR,CA,AWP,WE,Towers with Radar,152,60,24,0,236,0,0,5,0,5,152,60,29,0,241,18,0,18,259
01/16/2023,BUR,CA,AWP,WE,Towers with Radar,187,69,27,1,284,0,2,12,0,14,187,71,39,1,298,24,0,24,322
01/17/2023,BUR,CA,AWP,WE,Towers with Radar,145,69,23,1,238,0,1,35,0,36,145,70,58,1,274,120,0,120,394
01/18/2023,BUR,CA,AWP,WE,Towers with Radar,157,72,25,0,254,0,6,48,0,54,157,78,73,0,308,68,0,68,376
01/19/2023,BUR,CA,AWP,WE,Towers with Radar,184,82,29,2,297,0,4,36,0,40,184,86,65,2,337,116,0,116,453
01/20/2023,BUR,CA,AWP,WE,Towers with Radar,181,72,30,0,283,0,4,40,0,44,181,76,70,0,327,96,0,96,423
01/21/2023,BUR,CA,AWP,WE,Towers with Radar,117,51,33,0,201,0,2,40,2,44,117,53,73,2,245,50,0,50,295
01/22/2023,BUR,CA,AWP,WE,Towers with Radar,150,65,29,0,244,0,0,29,0,29,150,65,58,0,273,2,0,2,275
01/23/2023,BUR,CA,AWP,WE,Towers with Radar,179,68,25,0,272,0,3,16,0,19,179,71,41,0,291,6,0,6,297
01/24/2023,BUR,CA,AWP,WE,Towers with Radar,156,74,29,0,259,0,2,35,0,37,156,76,64,0,296,84,0,84,380
01/25/2023,BUR,CA,AWP,WE,Towers with Radar,153,75,35,0,263,0,2,30,0,32,153,77,65,0,295,48,0,48,343
01/26/2023,BUR,CA,AWP,WE,Towers with Radar,186,71,36,0,293,0,4,18,2,24,186,75,54,2,317,18,0,18,335
01/27/2023,BUR,CA,AWP,WE,Towers with Radar,182,76,44,0,302,0,3,43,2,48,182,79,87,2,350,98,0,98,448
01/28/2023,BUR,CA,AWP,WE,Towers with Radar,114,55,23,0,192,0,1,31,0,32,114,56,54,0,224,50,0,50,274
01/29/2023,BUR,CA,AWP,WE,Towers with Radar,155,55,41,0,251,0,2,11,0,13,155,57,52,0,264,42,0,42,306
01/30/2023,BUR,CA,AWP,WE,Towers with Radar,174,60,25,0,259,0,1,18,0,19,174,61,43,0,278,77,0,77,355
01/31/2023,BUR,CA,AWP,WE,Towers with Radar,148,53,30,0,231,0,8,29,1,38,148,61,59,1,269,22,0,22,291
02/01/2023,BUR,CA,AWP,WE,Towers with Radar,152,62,30,2,246,2,1,28,1,32,154,63,58,3,278,138,0,138,416
02/02/2023,BUR,CA,AWP,WE,Towers with Radar,188,86,38,0,312,0,2,45,0,47,188,88,83,0,359,62,0,62,421
02/03/2023,BUR,CA,AWP,WE,Towers with Radar,183,78,24,1,286,0,4,39,0,43,183,82,63,1,329,42,0,42,371
02/04/2023,BUR,CA,AWP,WE,Towers with Radar,117,47,30,3,197,0,0,43,0,43,117,47,73,3,240,2,0,2,242
02/05/2023,BUR,CA,AWP,WE,Towers with Radar,158,68,32,2,260,0,0,13,0,13,158,68,45,2,273,92,0,92,365
02/06/2023,BUR,CA,AWP,WE,Towers with Radar,179,70,39,2,290,0,4,22,0,26,179,74,61,2,316,50,0,50,366
02/07/2023,BUR,CA,AWP,WE,Towers with Radar,159,64,37,2,262,0,9,46,0,55,159,73,83,2,317,108,0,108,425
02/08/2023,BUR,CA,AWP,WE,Towers with Radar,165,73,29,2,269,0,5,38,1,44,165,78,67,3,313,192,0,192,505
02/09/2023,BUR,CA,AWP,WE,Towers with Radar,192,76,42,1,311,0,4,38,1,43,192,80,80,2,354,156,0,156,510
02/10/2023,BUR,CA,AWP,WE,Towers with Radar,184,84,39,0,307,0,4,44,0,48,184,88,83,0,355,126,0,126,481
02/11/2023,BUR,CA,AWP,WE,Towers with Radar,121,57,33,0,211,0,1,39,0,40,121,58,72,0,251,114,0,114,365
02/12/2023,BUR,CA,AWP,WE,Towers with Radar,156,72,31,2,261,0,0,26,0,26,156,72,57,2,287,86,0,86,373
02/13/2023,BUR,CA,AWP,WE,Towers with Radar,182,74,45,1,302,0,3,21,0,24,182,77,66,1,326,38,0,38,364
02/14/2023,BUR,CA,AWP,WE,Towers with Radar,156,61,34,1,252,0,1,38,0,39,156,62,72,1,291,14,0,14,305
02/15/2023,BUR,CA,AWP,WE,Towers with Radar,155,81,34,0,270,0,3,19,0,22,155,84,53,0,292,4,0,4,296
02/16/2023,BUR,CA,AWP,WE,Towers with Radar,193,85,46,0,324,0,6,44,5,55,193,91,90,5,379,50,0,50,429
02/17/2023,BUR,CA,AWP,WE,Towers with Radar,190,73,45,0,308,0,4,48,0,52,190,77,93,0,360,110,0,110,470
02/18/2023,BUR,CA,AWP,WE,Towers with Radar,118,59,29,0,206,0,0,39,0,39,118,59,68,0,245,90,0,90,335
02/19/2023,BUR,CA,AWP,WE,Towers with Radar,158,71,32,0,261,0,7,32,1,40,158,78,64,1,301,38,0,38,339
02/20/2023,BUR,CA,AWP,WE,Towers with Radar,193,77,24,0,294,0,2,46,0,48,193,79,70,0,342,60,0,60,402
02/21/2023,BUR,CA,AWP,WE,Towers with Radar,167,69,40,0,276,0,6,36,0,42,167,75,76,0,318,94,0,94,412
02/22/2023,BUR,CA,AWP,WE,Towers with Radar,148,68,22,0,238,0,3,19,0,22,148,71,41,0,260,6,0,6,266
02/23/2023,BUR,CA,AWP,WE,Towers with Radar,192,61,30,0,283,0,0,12,0,12,192,61,42,0,295,56,0,56,351
02/24/2023,BUR,CA,AWP,WE,Towers with Radar,132,46,14,0,192,0,0,0,0,0,132,46,14,0,192,0,0,0,192
02/25/2023,BUR,CA,AWP,WE,Towers with Radar,114,45,13,0,172,0,0,2,0,2,114,45,15,0,174,0,0,0,174
02/26/2023,BUR,CA,AWP,WE,Towers with Radar,166,62,23,0,251,0,0,33,0,33,166,62,56,0,284,66,0,66,350
02/27/2023,BUR,CA,AWP,WE,Towers with Radar,188,64,24,1,277,0,0,2,0,2,188,64,26,1,279,0,0,0,279
02/28/2023,BUR,CA,AWP,WE,Towers with Radar,164,69,24,0,257,0,1,14,0,15,164,70,38,0,272,82,0,82,354
03/01/2023,BUR,CA,AWP,WE,Towers with Radar,154,54,29,0,237,0,0,17,0,17,154,54,46,0,254,84,0,84,338
03/02/2023,BUR,CA,AWP,WE,Towers with Radar,193,76,41,0,310,0,2,55,0,57,193,78,96,0,367,200,0,200,567
03/03/2023,BUR,CA,AWP,WE,Towers with Radar,190,82,33,0,305,0,4,61,0,65,190,86,94,0,370,160,0,160,530
03/04/2023,BUR,CA,AWP,WE,Towers with Radar,116,51,32,1,200,0,2,16,0,18,116,53,48,1,218,0,0,0,218
03/05/2023,BUR,CA,AWP,WE,Towers with Radar,160,80,28,0,268,0,0,18,0,18,160,80,46,0,286,0,0,0,286
03/06/2023,BUR,CA,AWP,WE,Towers with Radar,196,75,21,0,292,0,0,22,0,22,196,75,43,0,314,0,0,0,314
03/07/2023,BUR,CA,AWP,WE,Towers with Radar,169,71,33,0,273,0,1,32,0,33,169,72,65,0,306,0,0,0,306
03/08/2023,BUR,CA,AWP,WE,Towers with Radar,167,86,42,2,297,2,2,26,1,31,169,88,68,3,328,0,0,0,328
03/09/2023,BUR,CA,AWP,WE,Towers with Radar,187,104,39,0,330,0,2,11,0,13,187,106,50,0,343,2,0,2,345
03/10/2023,BUR,CA,AWP,WE,Towers with Radar,179,73,33,3,288,0,0,0,0,0,179,73,33,3,288,0,0,0,288
03/11/2023,BUR,CA,AWP,WE,Towers with Radar,122,56,26,6,210,0,0,0,0,0,122,56,26,6,210,0,0,0,210
03/12/2023,BUR,CA,AWP,WE,Towers with Radar,152,69,40,4,265,0,1,24,13,38,152,70,64,17,303,90,0,90,393
03/13/2023,BUR,CA,AWP,WE,Towers with Radar,181,71,30,0,282,0,3,24,0,27,181,74,54,0,309,154,0,154,463
03/14/2023,BUR,CA,AWP,WE,Towers with Radar,158,47,22,0,227,0,0,0,0,0,158,47,22,0,227,0,0,0,227
03/15/2023,BUR,CA,AWP,WE,Towers with Radar,174,61,30,14,279,0,0,18,0,18,174,61,48,14,297,114,0,114,411
03/16/2023,BUR,CA,AWP,WE,Towers with Radar,192,90,21,0,303,0,2,26,0,28,192,92,47,0,331,144,0,144,475
03/17/2023,BUR,CA,AWP,WE,Towers with Radar,189,87,25,0,301,0,2,38,0,40,189,89,63,0,341,54,0,54,395
03/18/2023,BUR,CA,AWP,WE,Towers with Radar,131,60,19,0,210,0,3,28,0,31,131,63,47,0,241,68,0,68,309
03/19/2023,BUR,CA,AWP,WE,Towers with Radar,153,78,28,0,259,0,2,21,0,23,153,80,49,0,282,200,0,200,482
03/20/2023,BUR,CA,AWP,WE,Towers with Radar,185,79,32,1,297,0,2,18,0,20,185,81,50,1,317,186,0,186,503
03/21/2023,BUR,CA,AWP,WE,Towers with Radar,144,54,16,0,214,0,0,0,0,0,144,54,16,0,214,0,0,0,214
03/22/2023,BUR,CA,AWP,WE,Towers with Radar,171,58,19,0,248,0,0,3,0,3,171,58,22,0,251,0,0,0,251
03/23/2023,BUR,CA,AWP,WE,Towers with Radar,194,92,36,0,322,0,3,37,1,41,194,95,73,1,363,186,0,186,549
03/24/2023,BUR,CA,AWP,WE,Towers with Radar,170,85,22,0,277,0,3,18,0,21,170,88,40,0,298,52,0,52,350
03/25/2023,BUR,CA,AWP,WE,Towers with Radar,121,49,22,0,192,0,1,29,0,30,121,50,51,0,222,92,0,92,314
03/26/2023,BUR,CA,AWP,WE,Towers with Radar,153,66,38,0,257,0,5,20,1,26,153,71,58,1,283,18,0,18,301
03/27/2023,BUR,CA,AWP,WE,Towers with Radar,183,73,34,0,290,0,6,52,1,59,183,79,86,1,349,118,0,118,467
03/28/2023,BUR,CA,AWP,WE,Towers with Radar,166,58,24,1,249,0,4,32,0,36,166,62,56,1,285,82,0,82,367
03/29/2023,BUR,CA,AWP,WE,Towers with Radar,170,77,18,0,265,0,2,14,0,16,170,79,32,0,281,60,0,60,341
03/30/2023,BUR,CA,AWP,WE,Towers with Radar,191,72,36,0,299,0,0,22,0,22,191,72,58,0,321,70,0,70,391
03/31/2023,BUR,CA,AWP,WE,Towers with Radar,186,77,35,0,298,0,1,31,0,32,186,78,66,0,330,56,0,56,386
04/01/2023,BUR,CA,AWP,WE,Towers with Radar,126,46,28,0,200,0,2,38,0,40,126,48,66,0,240,120,0,120,360
04/02/2023,BUR,CA,AWP,WE,Towers with Radar,149,68,30,0,247,0,4,27,0,31,149,72,57,0,278,110,0,110,388
04/03/2023,BUR,CA,AWP,WE,Towers with Radar,177,63,23,0,263,0,2,10,2,14,177,65,33,2,277,24,0,24,301
04/04/2023,BUR,CA,AWP,WE,Towers with Radar,162,59,20,1,242,0,4,27,3,34,162,63,47,4,276,28,0,28,304
04/05/2023,BUR,CA,AWP,WE,Towers with Radar,176,68,34,2,280,0,4,33,1,38,176,72,67,3,318,208,0,208,526
04/06/2023,BUR,CA,AWP,WE,Towers with Radar,192,73,35,0,300,0,3,36,0,39,192,76,71,0,339,30,0,30,369
04/07/2023,BUR,CA,AWP,WE,Towers with Radar,188,71,35,0,294,0,8,57,0,65,188,79,92,0,359,170,0,170,529
04/08/2023,BUR,CA,AWP,WE,Towers with Radar,132,48,19,0,199,0,5,44,0,49,132,53,63,0,248,128,0,128,376
04/09/2023,BUR,CA,AWP,WE,Towers with Radar,156,61,23,0,240,0,3,33,0,36,156,64,56,0,276,14,0,14,290
04/10/2023,BUR,CA,AWP,WE,Towers with Radar,188,54,27,0,269,0,4,34,1,39,188,58,61,1,308,68,0,68,376
04/11/2023,BUR,CA,AWP,WE,Towers with Radar,182,66,29,1,278,0,0,23,0,23,182,66,52,1,301,138,0,138,439
04/12/2023,BUR,CA,AWP,WE,Towers with Radar,189,67,24,1,281,0,0,4,0,4,189,67,28,1,285,0,0,0,285
04/13/2023,BUR,CA,AWP,WE,Towers with Radar,201,87,46,1,335,0,4,36,1,41,201,91,82,2,376,134,0,134,510
04/14/2023,BUR,CA,AWP,WE,Towers with Radar,188,80,51,4,323,0,3,41,1,45,188,83,92,5,368,118,0,118,486
04/15/2023,BUR,CA,AWP,WE,Towers with Radar,124,51,26,2,203,0,2,41,0,43,124,53,67,2,246,156,0,156,402
04/16/2023,BUR,CA,AWP,WE,Towers with Radar,151,82,49,1,283,0,0,39,0,39,151,82,88,1,322,154,0,154,476
04/17/2023,BUR,CA,AWP,WE,Towers with Radar,190,78,27,0,295,0,3,24,0,27,190,81,51,0,322,16,0,16,338
04/18/2023,BUR,CA,AWP,WE,Towers with Radar,187,76,36,0,299,0,3,32,0,35,187,79,68,0,334,156,0,156,490
04/19/2023,BUR,CA,AWP,WE,Towers with Radar,192,71,28,0,291,0,2,43,0,45,192,73,71,0,336,114,0,114,450
04/20/2023,BUR,CA,AWP,WE,Towers with Radar,189,77,35,0,301,0,4,55,3,62,189,81,90,3,363,102,0,102,465
04/21/2023,BUR,CA,AWP,WE,Towers with Radar,194,81,49,0,324,0,7,57,2,66,194,88,106,2,390,88,0,88,478
04/22/2023,BUR,CA,AWP,WE,Towers with Radar,122,60,18,0,200,0,1,43,0,44,122,61,61,0,244,40,0,40,284
04/23/2023,BUR,CA,AWP,WE,Towers with Radar,157,76,36,1,270,0,0,29,0,29,157,76,65,1,299,82,0,82,381
04/24/2023,BUR,CA,AWP,WE,Towers with Radar,196,63,36,0,295,0,2,32,0,34,196,65,68,0,329,66,0,66,395
04/25/2023,BUR,CA,AWP,WE,Towers with Radar,181,61,21,0,263,0,0,48,1,49,181,61,69,1,312,84,0,84,396
04/26/2023,BUR,CA,AWP,WE,Towers with Radar,190,73,49,1,313,0,9,29,0,38,190,82,78,1,351,132,0,132,483
04/27/2023,BUR,CA,AWP,WE,Towers with Radar,209,83,25,1,318,0,8,36,0,44,209,91,61,1,362,70,0,70,432
04/28/2023,BUR,CA,AWP,WE,Towers with Radar,194,80,31,5,310,0,8,34,5,47,194,88,65,10,357,110,0,110,467
04/29/2023,BUR,CA,AWP,WE,Towers with Radar,124,63,28,4,219,0,8,34,5,47,124,71,62,9,266,80,0,80,346
04/30/2023,BUR,CA,AWP,WE,Towers with Radar,154,83,42,0,279,0,2,23,2,27,154,85,65,2,306,16,0,16,322
05/01/2023,BUR,CA,AWP,WE,Towers with Radar,193,72,36,1,302,0,4,26,0,30,193,76,62,1,332,134,0,134,466
05/02/2023,BUR,CA,AWP,WE,Towers with Radar,184,79,26,1,290,0,1,21,0,22,184,80,47,1,312,50,0,50,362
05/03/2023,BUR,CA,AWP,WE,Towers with Radar,186,81,47,0,314,0,4,42,0,46,186,85,89,0,360,128,0,128,488
05/04/2023,BUR,CA,AWP,WE,Towers with Radar,195,70,33,0,298,0,1,21,0,22,195,71,54,0,320,38,0,38,358
05/05/2023,BUR,CA,AWP,WE,Towers with Radar,193,75,40,0,308,0,3,58,0,61,193,78,98,0,369,172,0,172,541
05/06/2023,BUR,CA,AWP,WE,Towers with Radar,118,40,18,0,176,0,6,36,0,42,118,46,54,0,218,52,0,52,270
05/07/2023,BUR,CA,AWP,WE,Towers with Radar,153,70,37,0,260,0,0,48,0,48,153,70,85,0,308,0,0,0,308
05/08/2023,BUR,CA,AWP,WE,Towers with Radar,192,68,47,2,309,0,3,33,1,37,192,71,80,3,346,14,0,14,360
05/09/2023,BUR,CA,AWP,WE,Towers with Radar,178,63,36,1,278,0,2,26,0,28,178,65,62,1,306,240,0,240,546
05/10/2023,BUR,CA,AWP,WE,Towers with Radar,188,73,60,0,321,0,5,44,0,49,188,78,104,0,370,190,0,190,560
05/11/2023,BUR,CA,AWP,WE,Towers with Radar,194,81,65,0,340,0,7,38,0,45,194,88,103,0,385,114,0,114,499
05/12/2023,BUR,CA,AWP,WE,Towers with Radar,188,93,42,0,323,0,4,38,0,42,188,97,80,0,365,42,0,42,407
05/13/2023,BUR,CA,AWP,WE,Towers with Radar,117,53,15,0,185,0,2,25,0,27,117,55,40,0,212,10,0,10,222
05/14/2023,BUR,CA,AWP,WE,Towers with Radar,151,72,30,0,253,0,1,15,0,16,151,73,45,0,269,28,0,28,297
05/15/2023,BUR,CA,AWP,WE,Towers with Radar,193,68,39,1,301,0,2,44,1,47,193,70,83,2,348,86,0,86,434
05/16/2023,BUR,CA,AWP,WE,Towers with Radar,180,68,25,2,275,0,3,46,0,49,180,71,71,2,324,90,0,90,414
05/17/2023,BUR,CA,AWP,WE,Towers with Radar,183,69,43,0,295,0,3,42,0,45,183,72,85,0,340,122,0,122,462
05/18/2023,BUR,CA,AWP,WE,Towers with Radar,199,70,41,0,310,0,4,30,1,35,199,74,71,1,345,62,0,62,407
05/19/2023,BUR,CA,AWP,WE,Towers with Radar,185,90,35,0,310,0,2,31,0,33,185,92,66,0,343,108,0,108,451
05/20/2023,BUR,CA,AWP,WE,Towers with Radar,123,51,36,0,210,0,2,30,0,32,123,53,66,0,242,16,0,16,258
05/21/2023,BUR,CA,AWP,WE,Towers with Radar,156,71,27,0,254,0,3,27,0,30,156,74,54,0,284,110,0,110,394
05/22/2023,BUR,CA,AWP,WE,Towers with Radar,196,78,32,0,306,0,1,17,0,18,196,79,49,0,324,30,0,30,354
05/23/2023,BUR,CA,AWP,WE,Towers with Radar,180,78,23,0,281,0,1,9,0,10,180,79,32,0,291,94,0,94,385
05/24/2023,BUR,CA,AWP,WE,Towers with Radar,188,87,32,0,307,0,6,25,0,31,188,93,57,0,338,158,0,158,496
05/25/2023,BUR,CA,AWP,WE,Towers with Radar,199,82,28,0,309,0,3,32,1,36,199,85,60,1,345,106,0,106,451
05/26/2023,BUR,CA,AWP,WE,Towers with Radar,189,81,27,0,297,0,2,30,0,32,189,83,57,0,329,46,0,46,375
05/27/2023,BUR,CA,AWP,WE,Towers with Radar,117,58,22,0,197,0,4,37,0,41,117,62,59,0,238,108,0,108,346
05/28/2023,BUR,CA,AWP,WE,Towers with Radar,139,84,15,0,238,0,7,17,2,26,139,91,32,2,264,94,0,94,358
05/29/2023,BUR,CA,AWP,WE,Towers with Radar,189,63,24,0,276,0,5,18,0,23,189,68,42,0,299,44,0,44,343
05/30/2023,BUR,CA,AWP,WE,Towers with Radar,187,82,39,0,308,0,6,23,0,29,187,88,62,0,337,152,0,152,489
05/31/2023,BUR,CA,AWP,WE,Towers with Radar,194,67,46,0,307,0,6,40,1,47,194,73,86,1,354,174,0,174,528
06/01/2023,BUR,CA,AWP,WE,Towers with Radar,200,79,30,2,311,0,2,18,2,22,200,81,48,4,333,92,0,92,425
06/02/2023,BUR,CA,AWP,WE,Towers with Radar,201,76,36,0,313,0,2,43,0,45,201,78,79,0,358,12,0,12,370
06/03/2023,BUR,CA,AWP,WE,Towers with Radar,123,52,37,0,212,0,3,46,0,49,123,55,83,0,261,54,0,54,315
06/04/2023,BUR,CA,AWP,WE,Towers with Radar,154,70,42,0,266,0,1,24,0,25,154,71,66,0,291,16,0,16,307
06/05/2023,BUR,CA,AWP,WE,Towers with Radar,188,62,27,2,279,0,3,11,0,14,188,65,38,2,293,60,0,60,353
06/06/2023,BUR,CA,AWP,WE,Towers with Radar,179,65,35,0,279,0,4,24,0,28,179,69,59,0,307,82,0,82,389
06/07/2023,BUR,CA,AWP,WE,Towers with Radar,182,68,39,0,289,0,4,33,1,38,182,72,72,1,327,130,0,130,457
06/08/2023,BUR,CA,AWP,WE,Towers with Radar,192,83,39,0,314,0,3,35,0,38,192,86,74,0,352,24,0,24,376
06/09/2023,BUR,CA,AWP,WE,Towers with Radar,187,76,27,0,290,0,0,17,1,18,187,76,44,1,308,26,0,26,334
06/10/2023,BUR,CA,AWP,WE,Towers with Radar,138,51,21,0,210,0,3,18,1,22,138,54,39,1,232,114,0,114,346
06/11/2023,BUR,CA,AWP,WE,Towers with Radar,155,68,32,0,255,0,4,19,0,23,155,72,51,0,278,34,0,34,312
06/12/2023,BUR,CA,AWP,WE,Towers with Radar,188,84,25,0,297,0,5,23,0,28,188,89,48,0,325,36,0,36,361
06/13/2023,BUR,CA,AWP,WE,Towers with Radar,179,65,34,1,279,0,3,21,1,25,179,68,55,2,304,66,0,66,370
06/14/2023,BUR,CA,AWP,WE,Towers with Radar,184,65,29,2,280,0,2,18,0,20,184,67,47,2,300,144,0,144,444
06/15/2023,BUR,CA,AWP,WE,Towers with Radar,187,79,53,0,319,0,3,18,0,21,187,82,71,0,340,86,0,86,426
06/16/2023,BUR,CA,AWP,WE,Towers with Radar,187,75,40,1,303,0,1,23,0,24,187,76,63,1,327,90,0,90,417
06/17/2023,BUR,CA,AWP,WE,Towers with Radar,142,59,26,0,227,0,1,31,0,32,142,60,57,0,259,60,0,60,319
06/18/2023,BUR,CA,AWP,WE,Towers with Radar,152,63,31,0,246,0,3,20,0,23,152,66,51,0,269,104,0,104,373
06/19/2023,BUR,CA,AWP,WE,Towers with Radar,183,70,35,0,288,0,1,27,0,28,183,71,62,0,316,84,0,84,400
06/20/2023,BUR,CA,AWP,WE,Towers with Radar,178,67,18,0,263,0,2,51,0,53,178,69,69,0,316,128,0,128,444
06/21/2023,BUR,CA,AWP,WE,Towers with Radar,175,63,24,2,264,0,5,34,0,39,175,68,58,2,303,48,0,48,351
06/22/2023,BUR,CA,AWP,WE,Towers with Radar,193,75,24,1,293,0,2,50,0,52,193,77,74,1,345,150,0,150,495
06/23/2023,BUR,CA,AWP,WE,Towers with Radar,196,74,26,0,296,0,0,35,0,35,196,74,61,0,331,42,0,42,373
06/24/2023,BUR,CA,AWP,WE,Towers with Radar,137,43,14,0,194,0,1,36,0,37,137,44,50,0,231,34,0,34,265
06/25/2023,BUR,CA,AWP,WE,Towers with Radar,160,63,17,1,241,0,1,31,0,32,160,64,48,1,273,14,0,14,287
06/26/2023,BUR,CA,AWP,WE,Towers with Radar,192,70,15,0,277,0,3,29,1,33,192,73,44,1,310,18,0,18,328
06/27/2023,BUR,CA,AWP,WE,Towers with Radar,174,55,29,0,258,2,2,38,0,42,176,57,67,0,300,94,0,94,394
06/28/2023,BUR,CA,AWP,WE,Towers with Radar,191,68,22,0,281,0,4,35,0,39,191,72,57,0,320,0,0,0,320
06/29/2023,BUR,CA,AWP,WE,Towers with Radar,190,75,29,0,294,0,5,32,1,38,190,80,61,1,332,42,0,42,374
06/30/2023,BUR,CA,AWP,WE,Towers with Radar,194,74,38,0,306,0,4,47,0,51,194,78,85,0,357,8,0,8,365
07/01/2023,BUR,CA,AWP,WE,Towers with Radar,142,58,17,0,217,0,3,49,0,52,142,61,66,0,269,42,0,42,311
07/02/2023,BUR,CA,AWP,WE,Towers with Radar,161,48,10,0,219,0,0,23,0,23,161,48,33,0,242,2,0,2,244
07/03/2023,BUR,CA,AWP,WE,Towers with Radar,188,42,19,0,249,0,3,36,0,39,188,45,55,0,288,42,0,42,330
07/04/2023,BUR,CA,AWP,WE,Towers with Radar,175,48,14,0,237,0,4,30,0,34,175,52,44,0,271,44,0,44,315
07/05/2023,BUR,CA,AWP,WE,Towers with Radar,197,60,21,2,280,0,3,29,0,32,197,63,50,2,312,44,0,44,356
07/06/2023,BUR,CA,AWP,WE,Towers with Radar,208,61,26,1,296,0,1,53,3,57,208,62,79,4,353,88,0,88,441
07/07/2023,BUR,CA,AWP,WE,Towers with Radar,206,61,35,2,304,0,1,38,0,39,206,62,73,2,343,6,0,6,349
07/08/2023,BUR,CA,AWP,WE,Towers with Radar,149,48,18,0,215,0,1,31,0,32,149,49,49,0,247,66,0,66,313
07/09/2023,BUR,CA,AWP,WE,Towers with Radar,161,65,21,0,247,0,1,30,0,31,161,66,51,0,278,10,0,10,288
07/10/2023,BUR,CA,AWP,WE,Towers with Radar,202,62,26,0,290,0,9,43,0,52,202,71,69,0,342,94,0,94,436
07/11/2023,BUR,CA,AWP,WE,Towers with Radar,183,58,24,0,265,0,3,53,0,56,183,61,77,0,321,90,0,90,411
07/12/2023,BUR,CA,AWP,WE,Towers with Radar,186,76,28,0,290,0,4,44,0,48,186,80,72,0,338,40,0,40,378
07/13/2023,BUR,CA,AWP,WE,Towers with Radar,197,77,36,1,311,0,2,38,1,41,197,79,74,2,352,100,0,100,452
07/14/2023,BUR,CA,AWP,WE,Towers with Radar,193,58,23,0,274,0,0,33,1,34,193,58,56,1,308,76,0,76,384
07/15/2023,BUR,CA,AWP,WE,Towers with Radar,146,49,26,0,221,0,1,27,0,28,146,50,53,0,249,106,0,106,355
07/16/2023,BUR,CA,AWP,WE,Towers with Radar,161,73,17,0,251,0,1,24,0,25,161,74,41,0,276,56,0,56,332
07/17/2023,BUR,CA,AWP,WE,Towers with Radar,195,75,24,1,295,0,3,39,1,43,195,78,63,2,338,76,0,76,414
07/18/2023,BUR,CA,AWP,WE,Towers with Radar,182,62,34,0,278,0,4,26,0,30,182,66,60,0,308,44,0,44,352
07/19/2023,BUR,CA,AWP,WE,Towers with Radar,185,64,28,0,277,0,4,30,0,34,185,68,58,0,311,132,0,132,443
07/20/2023,BUR,CA,AWP,WE,Towers with Radar,197,82,36,0,315,0,8,50,0,58,197,90,86,0,373,36,0,36,409
07/21/2023,BUR,CA,AWP,WE,Towers with Radar,200,73,20,0,293,0,1,47,1,49,200,74,67,1,342,96,0,96,438
07/22/2023,BUR,CA,AWP,WE,Towers with Radar,147,40,12,0,199,0,1,47,0,48,147,41,59,0,247,118,0,118,365
07/23/2023,BUR,CA,AWP,WE,Towers with Radar,163,51,21,0,235,0,0,37,0,37,163,51,58,0,272,58,0,58,330
07/24/2023,BUR,CA,AWP,WE,Towers with Radar,191,53,32,0,276,0,6,38,0,44,191,59,70,0,320,104,0,104,424
07/25/2023,BUR,CA,AWP,WE,Towers with Radar,182,47,34,0,263,0,2,52,0,54,182,49,86,0,317,36,0,36,353
07/26/2023,BUR,CA,AWP,WE,Towers with Radar,184,59,32,2,277,0,4,29,1,34,184,63,61,3,311,120,0,120,431
07/27/2023,BUR,CA,AWP,WE,Towers with Radar,194,77,34,0,305,0,7,47,2,56,194,84,81,2,361,86,0,86,447
07/28/2023,BUR,CA,AWP,WE,Towers with Radar,194,73,22,1,290,0,1,48,0,49,194,74,70,1,339,36,0,36,375
07/29/2023,BUR,CA,AWP,WE,Towers with Radar,145,44,25,0,214,0,0,54,0,54,145,44,79,0,268,86,0,86,354
07/30/2023,BUR,CA,AWP,WE,Towers with Radar,165,56,31,0,252,0,3,45,0,48,165,59,76,0,300,78,0,78,378
07/31/2023,BUR,CA,AWP,WE,Towers with Radar,187,56,28,0,271,0,10,40,0,50,187,66,68,0,321,48,0,48,369
08/01/2023,BUR,CA,AWP,WE,Towers with Radar,182,61,20,0,263,0,5,29,1,35,182,66,49,1,298,46,0,46,344
08/02/2023,BUR,CA,AWP,WE,Towers with Radar,183,79,43,1,306,0,7,52,0,59,183,86,95,1,365,66,0,66,431
08/03/2023,BUR,CA,AWP,WE,Towers with Radar,198,83,30,0,311,0,7,55,0,62,198,90,85,0,373,100,0,100,473
08/04/2023,BUR,CA,AWP,WE,Towers with Radar,196,62,28,0,286,0,3,42,0,45,196,65,70,0,331,64,0,64,395
08/05/2023,BUR,CA,AWP,WE,Towers with Radar,147,47,23,0,217,0,4,41,0,45,147,51,64,0,262,8,0,8,270
08/06/2023,BUR,CA,AWP,WE,Towers with Radar,161,69,34,0,264,0,2,56,0,58,161,71,90,0,322,108,0,108,430
08/07/2023,BUR,CA,AWP,WE,Towers with Radar,194,66,36,0,296,0,4,29,1,34,194,70,65,1,330,6,0,6,336
08/08/2023,BUR,CA,AWP,WE,Towers with Radar,178,63,32,0,273,0,5,39,0,44,178,68,71,0,317,92,0,92,409
08/09/2023,BUR,CA,AWP,WE,Towers with Radar,191,57,40,0,288,0,2,45,0,47,191,59,85,0,335,68,0,68,403
08/10/2023,BUR,CA,AWP,WE,Towers with Radar,200,75,35,0,310,0,0,43,0,43,200,75,78,0,353,86,0,86,439
08/11/2023,BUR,CA,AWP,WE,Towers with Radar,196,75,30,0,301,0,0,45,0,45,196,75,75,0,346,34,0,34,380
08/12/2023,BUR,CA,AWP,WE,Towers with Radar,143,54,18,2,217,0,2,59,2,63,143,56,77,4,280,82,0,82,362
08/13/2023,BUR,CA,AWP,WE,Towers with Radar,166,62,26,0,254,0,1,63,0,64,166,63,89,0,318,106,0,106,424
08/14/2023,BUR,CA,AWP,WE,Towers with Radar,188,78,25,2,293,0,5,46,0,51,188,83,71,2,344,150,0,150,494
08/15/2023,BUR,CA,AWP,WE,Towers with Radar,181,56,35,2,274,0,2,50,0,52,181,58,85,2,326,146,0,146,472
08/16/2023,BUR,CA,AWP,WE,Towers with Radar,177,69,31,3,280,0,5,32,0,37,177,74,63,3,317,131,0,131,448
08/17/2023,BUR,CA,AWP,WE,Towers with Radar,195,84,28,2,309,0,4,52,1,57,195,88,80,3,366,120,0,120,486
08/18/2023,BUR,CA,AWP,WE,Towers with Radar,183,86,37,4,310,0,6,35,1,42,183,92,72,5,352,90,0,90,442
08/19/2023,BUR,CA,AWP,WE,Towers with Radar,126,64,38,2,230,0,2,56,0,58,126,66,94,2,288,98,0,98,386
08/20/2023,BUR,CA,AWP,WE,Towers with Radar,68,56,24,0,148,0,0,0,0,0,68,56,24,0,148,0,0,0,148
08/21/2023,BUR,CA,AWP,WE,Towers with Radar,158,60,13,0,231,0,1,22,0,23,158,61,35,0,254,60,0,60,314
08/22/2023,BUR,CA,AWP,WE,Towers with Radar,180,64,32,0,276,0,3,61,0,64,180,67,93,0,340,150,0,150,490
08/23/2023,BUR,CA,AWP,WE,Towers with Radar,177,63,30,0,270,0,4,60,0,64,177,67,90,0,334,130,0,130,464
08/24/2023,BUR,CA,AWP,WE,Towers with Radar,198,80,29,1,308,0,3,29,4,36,198,83,58,5,344,94,0,94,438
08/25/2023,BUR,CA,AWP,WE,Towers with Radar,192,64,40,0,296,0,3,49,0,52,192,67,89,0,348,62,0,62,410
08/26/2023,BUR,CA,AWP,WE,Towers with Radar,127,51,25,0,203,0,2,33,0,35,127,53,58,0,238,158,0,158,396
08/27/2023,BUR,CA,AWP,WE,Towers with Radar,190,68,35,0,293,0,6,47,0,53,190,74,82,0,346,98,0,98,444
08/28/2023,BUR,CA,AWP,WE,Towers with Radar,183,71,36,3,293,0,3,57,0,60,183,74,93,3,353,22,0,22,375
08/29/2023,BUR,CA,AWP,WE,Towers with Radar,180,80,23,2,285,0,4,47,0,51,180,84,70,2,336,84,0,84,420
08/30/2023,BUR,CA,AWP,WE,Towers with Radar,173,84,33,2,292,0,1,46,0,47,173,85,79,2,339,146,0,146,485
08/31/2023,BUR,CA,AWP,WE,Towers with Radar,206,70,34,0,310,0,4,54,0,58,206,74,88,0,368,150,0,150,518
