01/01/2000,BWI,MD,AEA,EN,Towers with Radar,326,80,10,5,421,0,1,3,2,6,326,81,13,7,427,4,0,4,431
01/02/2000,BWI,MD,AEA,EN,Towers with Radar,480,140,14,0,634,1,6,15,0,22,481,146,29,0,656,30,0,30,686
01/03/2000,BWI,MD,AEA,EN,Towers with Radar,528,184,15,0,727,0,2,12,5,19,528,186,27,5,746,102,0,102,848
01/04/2000,BWI,MD,AEA,EN,Towers with Radar,587,206,23,1,817,0,0,0,3,3,587,206,23,4,820,10,0,10,830
01/05/2000,BWI,MD,AEA,EN,Towers with Radar,351,219,38,0,608,0,114,37,9,160,351,333,75,9,768,41,0,41,809
01/06/2000,BWI,MD,AEA,EN,Towers with Radar,542,201,34,4,781,0,12,63,8,83,542,213,97,12,864,0,0,0,864
01/07/2000,BWI,MD,AEA,EN,Towers with Radar,595,213,33,2,843,3,6,5,5,19,598,219,38,7,862,46,0,46,908
01/08/2000,BWI,MD,AEA,EN,Towers with Radar,468,144,22,10,644,1,14,19,0,34,469,158,41,10,678,22,0,22,700
01/09/2000,BWI,MD,AEA,EN,Towers with Radar,484,147,16,2,649,0,2,15,1,18,484,149,31,3,667,0,0,0,667
01/10/2000,BWI,MD,AEA,EN,Towers with Radar,540,172,24,0,736,0,0,4,0,4,540,172,28,0,740,0,0,0,740
01/11/2000,BWI,MD,AEA,EN,Towers with Radar,588,211,24,0,823,0,2,12,0,14,588,213,36,0,837,4,0,4,841
01/12/2000,BWI,MD,AEA,EN,Towers with Radar,559,214,64,0,837,2,6,26,6,40,561,220,90,6,877,0,0,0,877
01/13/2000,BWI,MD,AEA,EN,Towers with Radar,557,185,21,2,765,1,1,6,0,8,558,186,27,2,773,0,0,0,773
01/14/2000,BWI,MD,AEA,EN,Towers with Radar,564,210,28,2,804,1,2,19,0,22,565,212,47,2,826,6,0,6,832
01/15/2000,BWI,MD,AEA,EN,Towers with Radar,476,133,13,2,624,0,16,21,0,37,476,149,34,2,661,0,0,0,661
01/16/2000,BWI,MD,AEA,EN,Towers with Radar,477,158,15,2,652,1,3,7,0,11,478,161,22,2,663,17,0,17,680
01/17/2000,BWI,MD,AEA,EN,Towers with Radar,509,186,14,0,709,0,0,12,3,15,509,186,26,3,724,39,0,39,763
01/18/2000,BWI,MD,AEA,EN,Towers with Radar,555,187,26,0,768,3,4,8,6,21,558,191,34,6,789,2,0,2,791
01/19/2000,BWI,MD,AEA,EN,Towers with Radar,561,205,43,2,811,0,1,13,4,18,561,206,56,6,829,32,0,32,861
01/20/2000,BWI,MD,AEA,EN,Towers with Radar,402,133,12,3,550,0,0,0,1,1,402,133,12,4,551,0,0,0,551
01/21/2000,BWI,MD,AEA,EN,Towers with Radar,587,209,31,5,832,1,3,18,0,22,588,212,49,5,854,0,0,0,854
01/22/2000,BWI,MD,AEA,EN,Towers with Radar,479,144,27,4,654,1,6,20,0,27,480,150,47,4,681,6,0,6,687
01/23/2000,BWI,MD,AEA,EN,Towers with Radar,483,139,23,2,647,0,1,0,2,3,483,140,23,4,650,15,0,15,665
01/24/2000,BWI,MD,AEA,EN,Towers with Radar,540,203,36,7,786,0,1,10,0,11,540,204,46,7,797,5,0,5,802
01/25/2000,BWI,MD,AEA,EN,Towers with Radar,109,19,1,0,129,0,0,2,1,3,109,19,3,1,132,5,0,5,137
01/26/2000,BWI,MD,AEA,EN,Towers with Radar,376,136,6,1,519,3,8,3,3,17,379,144,9,4,536,8,0,8,544
01/27/2000,BWI,MD,AEA,EN,Towers with Radar,577,202,29,3,811,1,1,19,3,24,578,203,48,6,835,4,0,4,839
01/28/2000,BWI,MD,AEA,EN,Towers with Radar,576,192,26,5,799,1,0,24,0,25,577,192,50,5,824,0,0,0,824
01/29/2000,BWI,MD,AEA,EN,Towers with Radar,447,145,15,1,608,1,6,8,2,17,448,151,23,3,625,0,0,0,625
01/30/2000,BWI,MD,AEA,EN,Towers with Radar,306,47,4,2,359,1,0,1,0,2,307,47,5,2,361,0,0,0,361
01/31/2000,BWI,MD,AEA,EN,Towers with Radar,481,116,15,2,614,0,0,1,2,3,481,116,16,4,617,4,0,4,621
02/01/2000,BWI,MD,AEA,EN,Towers with Radar,563,197,35,2,797,0,13,23,1,37,563,210,58,3,834,24,0,24,858
02/02/2000,BWI,MD,AEA,EN,Towers with Radar,586,203,36,2,827,8,11,4,1,24,594,214,40,3,851,0,0,0,851
02/03/2000,BWI,MD,AEA,EN,Towers with Radar,573,207,36,1,817,0,11,31,0,42,573,218,67,1,859,0,0,0,859
02/04/2000,BWI,MD,AEA,EN,Towers with Radar,581,209,33,2,825,0,6,0,3,9,581,215,33,5,834,3,0,3,837
02/05/2000,BWI,MD,AEA,EN,Towers with Radar,444,154,27,1,626,36,2,31,1,70,480,156,58,2,696,4,0,4,700
02/06/2000,BWI,MD,AEA,EN,Towers with Radar,470,164,29,1,664,9,6,17,2,34,479,170,46,3,698,0,0,0,698
02/07/2000,BWI,MD,AEA,EN,Towers with Radar,546,190,33,2,771,6,16,10,7,39,552,206,43,9,810,11,0,11,821
02/08/2000,BWI,MD,AEA,EN,Towers with Radar,586,210,37,2,835,0,17,25,3,45,586,227,62,5,880,1,0,1,881
02/09/2000,BWI,MD,AEA,EN,Towers with Radar,577,209,36,2,824,0,16,22,4,42,577,225,58,6,866,21,0,21,887
02/10/2000,BWI,MD,AEA,EN,Towers with Radar,579,214,37,2,832,0,4,38,2,44,579,218,75,4,876,6,0,6,882
02/11/2000,BWI,MD,AEA,EN,Towers with Radar,565,208,36,0,809,0,7,23,0,30,565,215,59,0,839,26,0,26,865
02/12/2000,BWI,MD,AEA,EN,Towers with Radar,432,151,26,1,610,55,3,13,2,73,487,154,39,3,683,8,0,8,691
02/13/2000,BWI,MD,AEA,EN,Towers with Radar,443,154,26,2,625,34,6,0,0,40,477,160,26,2,665,22,0,22,687
02/14/2000,BWI,MD,AEA,EN,Towers with Radar,488,170,29,2,689,44,3,0,0,47,532,173,29,2,736,2,0,2,738
02/15/2000,BWI,MD,AEA,EN,Towers with Radar,584,215,37,3,839,0,12,12,16,40,584,227,49,19,879,5,0,5,884
02/16/2000,BWI,MD,AEA,EN,Towers with Radar,590,218,37,3,848,0,16,40,0,56,590,234,77,3,904,9,0,9,913
02/17/2000,BWI,MD,AEA,EN,Towers with Radar,606,224,38,3,871,0,3,40,11,54,606,227,78,14,925,34,0,34,959
02/18/2000,BWI,MD,AEA,EN,Towers with Radar,440,130,23,1,594,82,0,0,0,82,522,130,23,1,676,4,0,4,680
02/19/2000,BWI,MD,AEA,EN,Towers with Radar,439,125,18,2,584,73,0,0,0,73,512,125,18,2,657,10,0,10,667
02/20/2000,BWI,MD,AEA,EN,Towers with Radar,467,161,28,2,658,18,8,30,1,57,485,169,58,3,715,13,0,13,728
02/21/2000,BWI,MD,AEA,EN,Towers with Radar,546,189,32,0,767,9,26,9,0,44,555,215,41,0,811,4,0,4,815
02/22/2000,BWI,MD,AEA,EN,Towers with Radar,560,203,35,3,801,0,1,15,2,18,560,204,50,5,819,50,0,50,869
02/23/2000,BWI,MD,AEA,EN,Towers with Radar,591,215,37,3,846,0,9,14,2,25,591,224,51,5,871,23,0,23,894
02/24/2000,BWI,MD,AEA,EN,Towers with Radar,587,215,37,3,842,0,5,42,1,48,587,220,79,4,890,0,0,0,890
02/25/2000,BWI,MD,AEA,EN,Towers with Radar,560,199,35,3,797,0,0,29,2,31,560,199,64,5,828,24,0,24,852
02/26/2000,BWI,MD,AEA,EN,Towers with Radar,484,146,29,3,662,0,0,1,1,2,484,146,30,4,664,0,0,0,664
02/27/2000,BWI,MD,AEA,EN,Towers with Radar,445,146,22,2,615,43,0,0,0,43,488,146,22,2,658,0,0,0,658
02/28/2000,BWI,MD,AEA,EN,Towers with Radar,556,192,33,2,783,1,4,18,3,26,557,196,51,5,809,41,0,41,850
02/29/2000,BWI,MD,AEA,EN,Towers with Radar,602,212,36,2,852,0,11,41,6,58,602,223,77,8,910,78,0,78,988
03/01/2000,BWI,MD,AEA,EN,Towers with Radar,609,205,51,2,867,2,3,26,4,35,611,208,77,6,902,63,0,63,965
03/02/2000,BWI,MD,AEA,EN,Towers with Radar,587,197,43,5,832,3,0,10,3,16,590,197,53,8,848,49,0,49,897
03/03/2000,BWI,MD,AEA,EN,Towers with Radar,582,219,41,2,844,3,2,21,4,30,585,221,62,6,874,0,0,0,874
03/04/2000,BWI,MD,AEA,EN,Towers with Radar,479,148,37,2,666,2,8,31,3,44,481,156,68,5,710,39,0,39,749
03/05/2000,BWI,MD,AEA,EN,Towers with Radar,485,163,17,1,666,2,9,13,0,24,487,172,30,1,690,17,0,17,707
03/06/2000,BWI,MD,AEA,EN,Towers with Radar,553,202,24,0,779,3,9,29,2,43,556,211,53,2,822,2,0,2,824
03/07/2000,BWI,MD,AEA,EN,Towers with Radar,619,216,41,5,881,4,9,41,7,61,623,225,82,12,942,67,0,67,1009
03/08/2000,BWI,MD,AEA,EN,Towers with Radar,604,219,37,0,860,2,8,34,2,46,606,227,71,2,906,7,0,7,913
03/09/2000,BWI,MD,AEA,EN,Towers with Radar,610,209,101,4,924,3,3,19,4,29,613,212,120,8,953,19,0,19,972
03/10/2000,BWI,MD,AEA,EN,Towers with Radar,586,220,36,2,844,5,7,28,6,46,591,227,64,8,890,8,0,8,898
03/11/2000,BWI,MD,AEA,EN,Towers with Radar,493,146,16,3,658,3,0,2,2,7,496,146,18,5,665,4,0,4,669
03/12/2000,BWI,MD,AEA,EN,Towers with Radar,521,170,21,1,713,3,0,7,1,11,524,170,28,2,724,10,0,10,734
03/13/2000,BWI,MD,AEA,EN,Towers with Radar,570,200,30,1,801,2,12,25,2,41,572,212,55,3,842,9,0,9,851
03/14/2000,BWI,MD,AEA,EN,Towers with Radar,579,217,32,6,834,2,8,37,1,48,581,225,69,7,882,75,0,75,957
03/15/2000,BWI,MD,AEA,EN,Towers with Radar,584,216,30,0,830,3,3,42,2,50,587,219,72,2,880,2,0,2,882
03/16/2000,BWI,MD,AEA,EN,Towers with Radar,600,211,34,4,849,2,2,21,4,29,602,213,55,8,878,1,0,1,879
03/17/2000,BWI,MD,AEA,EN,Towers with Radar,616,208,23,2,849,2,0,5,2,9,618,208,28,4,858,0,0,0,858
03/18/2000,BWI,MD,AEA,EN,Towers with Radar,502,152,36,2,692,3,11,33,0,47,505,163,69,2,739,24,0,24,763
03/19/2000,BWI,MD,AEA,EN,Towers with Radar,525,167,29,4,725,1,5,15,2,23,526,172,44,6,748,24,0,24,772
03/20/2000,BWI,MD,AEA,EN,Towers with Radar,550,201,35,2,788,1,1,13,0,15,551,202,48,2,803,66,0,66,869
03/21/2000,BWI,MD,AEA,EN,Towers with Radar,0,0,0,0,0,0,0,0,0,0,0,0,0,0,0,0,0,0,0
03/22/2000,BWI,MD,AEA,EN,Towers with Radar,609,233,54,0,896,1,1,0,1,3,610,234,54,1,899,0,0,0,899
03/23/2000,BWI,MD,AEA,EN,Towers with Radar,593,221,40,2,856,0,10,24,3,37,593,231,64,5,893,56,0,56,949
03/24/2000,BWI,MD,AEA,EN,Towers with Radar,574,213,27,6,820,2,10,39,0,51,576,223,66,6,871,78,0,78,949
03/25/2000,BWI,MD,AEA,EN,Towers with Radar,522,156,23,3,704,3,4,19,0,26,525,160,42,3,730,53,0,53,783
03/26/2000,BWI,MD,AEA,EN,Towers with Radar,521,169,30,2,722,1,2,26,0,29,522,171,56,2,751,2,0,2,753
03/27/2000,BWI,MD,AEA,EN,Towers with Radar,578,199,40,0,817,1,0,25,1,27,579,199,65,1,844,0,0,0,844
03/28/2000,BWI,MD,AEA,EN,Towers with Radar,634,204,35,0,873,1,2,14,0,17,635,206,49,0,890,0,0,0,890
03/29/2000,BWI,MD,AEA,EN,Towers with Radar,631,211,38,0,880,1,2,30,15,48,632,213,68,15,928,0,0,0,928
03/30/2000,BWI,MD,AEA,EN,Towers with Radar,602,208,30,5,845,4,4,34,2,44,606,212,64,7,889,0,0,0,889
03/31/2000,BWI,MD,AEA,EN,Towers with Radar,615,210,44,1,870,1,16,51,2,70,616,226,95,3,940,80,0,80,1020
04/01/2000,BWI,MD,AEA,EN,Towers with Radar,488,138,35,2,663,0,15,52,2,69,488,153,87,4,732,44,0,44,776
04/02/2000,BWI,MD,AEA,EN,Towers with Radar,526,144,32,2,704,0,4,6,1,11,526,148,38,3,715,15,0,15,730
04/03/2000,BWI,MD,AEA,EN,Towers with Radar,572,185,35,4,796,0,2,6,0,8,572,187,41,4,804,1,0,1,805
04/04/2000,BWI,MD,AEA,EN,Towers with Radar,607,195,26,1,829,0,3,6,0,9,607,198,32,1,838,49,0,49,887
04/05/2000,BWI,MD,AEA,EN,Towers with Radar,599,193,46,0,838,0,10,17,2,29,599,203,63,2,867,10,0,10,877
04/06/2000,BWI,MD,AEA,EN,Towers with Radar,620,196,25,4,845,0,9,32,4,45,620,205,57,8,890,22,0,22,912
04/07/2000,BWI,MD,AEA,EN,Towers with Radar,596,200,50,2,848,0,8,25,3,36,596,208,75,5,884,11,0,11,895
04/08/2000,BWI,MD,AEA,EN,Towers with Radar,525,134,24,3,686,0,7,8,1,16,525,141,32,4,702,2,0,2,704
04/09/2000,BWI,MD,AEA,EN,Towers with Radar,537,114,18,3,672,0,1,6,0,7,537,115,24,3,679,4,0,4,683
04/10/2000,BWI,MD,AEA,EN,Towers with Radar,570,198,35,0,803,0,5,28,1,34,570,203,63,1,837,19,0,19,856
04/11/2000,BWI,MD,AEA,EN,Towers with Radar,603,196,51,2,852,0,9,19,1,29,603,205,70,3,881,0,0,0,881
04/12/2000,BWI,MD,AEA,EN,Towers with Radar,609,213,77,0,899,0,3,24,4,31,609,216,101,4,930,4,0,4,934
04/13/2000,BWI,MD,AEA,EN,Towers with Radar,604,207,53,7,871,0,9,31,5,45,604,216,84,12,916,17,0,17,933
04/14/2000,BWI,MD,AEA,EN,Towers with Radar,608,203,50,3,864,0,7,29,7,43,608,210,79,10,907,4,0,4,911
04/15/2000,BWI,MD,AEA,EN,Towers with Radar,518,135,21,2,676,0,4,0,0,4,518,139,21,2,680,0,0,0,680
04/16/2000,BWI,MD,AEA,EN,Towers with Radar,545,159,26,2,732,0,1,18,0,19,545,160,44,2,751,23,0,23,774
04/17/2000,BWI,MD,AEA,EN,Towers with Radar,556,179,22,0,757,0,1,0,0,1,556,180,22,0,758,0,0,0,758
04/18/2000,BWI,MD,AEA,EN,Towers with Radar,604,206,29,0,839,0,1,0,0,1,604,207,29,0,840,0,0,0,840
04/19/2000,BWI,MD,AEA,EN,Towers with Radar,593,221,56,1,871,0,4,11,2,17,593,225,67,3,888,10,0,10,898
04/20/2000,BWI,MD,AEA,EN,Towers with Radar,556,194,36,9,795,0,7,47,1,55,556,201,83,10,850,2,0,2,852
04/21/2000,BWI,MD,AEA,EN,Towers with Radar,484,144,28,0,656,49,0,0,0,49,533,144,28,0,705,0,0,0,705
04/22/2000,BWI,MD,AEA,EN,Towers with Radar,511,145,34,1,691,50,0,12,1,63,561,145,46,2,754,28,0,28,782
04/23/2000,BWI,MD,AEA,EN,Towers with Radar,498,147,31,1,677,31,0,0,1,32,529,147,31,2,709,2,0,2,711
04/24/2000,BWI,MD,AEA,EN,Towers with Radar,552,178,36,1,767,0,12,36,4,52,552,190,72,5,819,78,0,78,897
04/25/2000,BWI,MD,AEA,EN,Towers with Radar,609,200,29,1,839,0,4,6,0,10,609,204,35,1,849,26,0,26,875
04/26/2000,BWI,MD,AEA,EN,Towers with Radar,624,210,71,2,907,0,8,24,2,34,624,218,95,4,941,13,0,13,954
04/27/2000,BWI,MD,AEA,EN,Towers with Radar,644,211,46,9,910,0,3,1,0,4,644,214,47,9,914,6,0,6,920
04/28/2000,BWI,MD,AEA,EN,Towers with Radar,592,195,53,1,841,0,4,5,2,11,592,199,58,3,852,7,0,7,859
04/29/2000,BWI,MD,AEA,EN,Towers with Radar,522,140,51,2,715,0,13,27,3,43,522,153,78,5,758,28,0,28,786
04/30/2000,BWI,MD,AEA,EN,Towers with Radar,541,151,46,2,740,0,6,39,0,45,541,157,85,2,785,4,0,4,789
05/01/2000,BWI,MD,AEA,EN,Towers with Radar,587,189,43,2,821,2,6,24,7,39,589,195,67,9,860,32,0,32,892
05/02/2000,BWI,MD,AEA,EN,Towers with Radar,617,206,33,2,858,1,4,21,24,50,618,210,54,26,908,0,0,0,908
05/03/2000,BWI,MD,AEA,EN,Towers with Radar,610,201,40,0,851,2,16,28,3,49,612,217,68,3,900,0,0,0,900
05/04/2000,BWI,MD,AEA,EN,Towers with Radar,618,201,42,9,870,2,6,43,8,59,620,207,85,17,929,0,0,0,929
05/05/2000,BWI,MD,AEA,EN,Towers with Radar,621,199,55,0,875,2,11,32,4,49,623,210,87,4,924,0,0,0,924
05/06/2000,BWI,MD,AEA,EN,Towers with Radar,546,137,34,5,722,3,9,23,2,37,549,146,57,7,759,22,0,22,781
05/07/2000,BWI,MD,AEA,EN,Towers with Radar,533,138,27,3,701,1,10,32,1,44,534,148,59,4,745,41,0,41,786
05/08/2000,BWI,MD,AEA,EN,Towers with Radar,617,187,23,0,827,2,4,29,0,35,619,191,52,0,862,21,0,21,883
05/09/2000,BWI,MD,AEA,EN,Towers with Radar,632,193,40,0,865,2,14,41,0,57,634,207,81,0,922,1,0,1,923
05/10/2000,BWI,MD,AEA,EN,Towers with Radar,513,126,36,0,675,4,3,21,0,28,517,129,57,0,703,0,0,0,703
05/11/2000,BWI,MD,AEA,EN,Towers with Radar,416,114,47,4,581,0,0,10,1,11,416,114,57,5,592,0,0,0,592
05/12/2000,BWI,MD,AEA,EN,Towers with Radar,636,190,43,2,871,2,10,20,4,36,638,200,63,6,907,32,0,32,939
05/13/2000,BWI,MD,AEA,EN,Towers with Radar,174,52,12,1,239,321,80,27,0,428,495,132,39,1,667,0,0,0,667
05/14/2000,BWI,MD,AEA,EN,Towers with Radar,552,143,22,2,719,1,1,24,0,26,553,144,46,2,745,0,0,0,745
05/15/2000,BWI,MD,AEA,EN,Towers with Radar,591,185,39,2,817,0,8,25,1,34,591,193,64,3,851,9,0,9,860
05/16/2000,BWI,MD,AEA,EN,Towers with Radar,624,194,37,5,860,1,10,42,1,54,625,204,79,6,914,48,0,48,962
05/17/2000,BWI,MD,AEA,EN,Towers with Radar,627,190,71,3,891,0,10,37,2,49,627,200,108,5,940,21,0,21,961
05/18/2000,BWI,MD,AEA,EN,Towers with Radar,589,172,64,8,833,0,2,15,1,18,589,174,79,9,851,3,0,3,854
05/19/2000,BWI,MD,AEA,EN,Towers with Radar,597,174,37,1,809,0,5,10,3,18,597,179,47,4,827,1,0,1,828
05/20/2000,BWI,MD,AEA,EN,Towers with Radar,563,146,35,3,747,0,2,0,0,2,563,148,35,3,749,4,0,4,753
05/21/2000,BWI,MD,AEA,EN,Towers with Radar,556,141,49,3,749,0,3,1,0,4,556,144,50,3,753,0,0,0,753
05/22/2000,BWI,MD,AEA,EN,Towers with Radar,572,168,44,6,790,0,3,1,0,4,572,171,45,6,794,11,0,11,805
05/23/2000,BWI,MD,AEA,EN,Towers with Radar,604,196,81,6,887,0,2,8,0,10,604,198,89,6,897,1,0,1,898
05/24/2000,BWI,MD,AEA,EN,Towers with Radar,587,175,49,9,820,0,5,12,0,17,587,180,61,9,837,0,0,0,837
05/25/2000,BWI,MD,AEA,EN,Towers with Radar,633,203,48,3,887,0,0,24,23,47,633,203,72,26,934,99,0,99,1033
05/26/2000,BWI,MD,AEA,EN,Towers with Radar,625,213,36,1,875,1,11,57,3,72,626,224,93,4,947,31,0,31,978
05/27/2000,BWI,MD,AEA,EN,Towers with Radar,503,138,29,2,672,1,4,18,2,25,504,142,47,4,697,0,0,0,697
05/28/2000,BWI,MD,AEA,EN,Towers with Radar,457,124,25,2,608,48,0,0,0,48,505,124,25,2,656,8,0,8,664
05/29/2000,BWI,MD,AEA,EN,Towers with Radar,553,170,26,0,749,0,3,10,0,13,553,173,36,0,762,9,0,9,771
05/30/2000,BWI,MD,AEA,EN,Towers with Radar,621,186,37,0,844,2,3,12,0,17,623,189,49,0,861,33,0,33,894
05/31/2000,BWI,MD,AEA,EN,Towers with Radar,649,202,54,0,905,0,4,21,2,27,649,206,75,2,932,31,0,31,963
06/01/2000,BWI,MD,AEA,EN,Towers with Radar,636,196,52,5,889,0,4,38,12,54,636,200,90,17,943,2,0,2,945
06/02/2000,BWI,MD,AEA,EN,Towers with Radar,562,172,30,4,768,1,6,25,3,35,563,178,55,7,803,60,0,60,863
06/03/2000,BWI,MD,AEA,EN,Towers with Radar,539,147,40,2,728,21,0,54,0,75,560,147,94,2,803,23,0,23,826
06/04/2000,BWI,MD,AEA,EN,Towers with Radar,544,151,48,4,747,0,5,18,0,23,544,156,66,4,770,45,0,45,815
06/05/2000,BWI,MD,AEA,EN,Towers with Radar,587,184,42,0,813,0,0,14,0,14,587,184,56,0,827,58,0,58,885
06/06/2000,BWI,MD,AEA,EN,Towers with Radar,617,185,59,0,861,0,0,5,0,5,617,185,64,0,866,15,0,15,881
06/07/2000,BWI,MD,AEA,EN,Towers with Radar,636,205,40,3,884,0,6,52,0,58,636,211,92,3,942,88,0,88,1030
06/08/2000,BWI,MD,AEA,EN,Towers with Radar,637,179,48,4,868,4,33,33,27,97,641,212,81,31,965,38,0,38,1003
06/09/2000,BWI,MD,AEA,EN,Towers with Radar,623,197,36,1,857,0,6,39,0,45,623,203,75,1,902,4,0,4,906
06/10/2000,BWI,MD,AEA,EN,Towers with Radar,485,136,36,3,660,55,1,28,0,84,540,137,64,3,744,24,0,24,768
06/11/2000,BWI,MD,AEA,EN,Towers with Radar,544,124,28,3,699,0,3,35,0,38,544,127,63,3,737,21,0,21,758
06/12/2000,BWI,MD,AEA,EN,Towers with Radar,571,149,45,1,766,0,2,25,0,27,571,151,70,1,793,24,0,24,817
06/13/2000,BWI,MD,AEA,EN,Towers with Radar,594,203,72,1,870,0,0,1,0,1,594,203,73,1,871,4,0,4,875
06/14/2000,BWI,MD,AEA,EN,Towers with Radar,504,193,49,0,746,0,0,1,0,1,504,193,50,0,747,0,0,0,747
06/15/2000,BWI,MD,AEA,EN,Towers with Radar,498,146,40,7,691,0,0,8,0,8,498,146,48,7,699,0,0,0,699
06/16/2000,BWI,MD,AEA,EN,Towers with Radar,693,204,50,1,948,0,0,9,0,9,693,204,59,1,957,12,0,12,969
06/17/2000,BWI,MD,AEA,EN,Towers with Radar,549,72,15,0,636,0,3,13,1,17,549,75,28,1,653,0,0,0,653
06/18/2000,BWI,MD,AEA,EN,Towers with Radar,512,127,37,3,679,0,0,2,0,2,512,127,39,3,681,4,0,4,685
06/19/2000,BWI,MD,AEA,EN,Towers with Radar,579,180,48,0,807,0,1,10,0,11,579,181,58,0,818,29,0,29,847
06/20/2000,BWI,MD,AEA,EN,Towers with Radar,614,200,42,2,858,0,11,29,3,43,614,211,71,5,901,87,0,87,988
06/21/2000,BWI,MD,AEA,EN,Towers with Radar,570,112,41,1,724,0,5,15,4,24,570,117,56,5,748,79,0,79,827
06/22/2000,BWI,MD,AEA,EN,Towers with Radar,739,163,61,11,974,0,4,29,2,35,739,167,90,13,1009,51,0,51,1060
06/23/2000,BWI,MD,AEA,EN,Towers with Radar,607,108,31,3,749,2,13,60,3,78,609,121,91,6,827,66,0,66,893
06/24/2000,BWI,MD,AEA,EN,Towers with Radar,556,137,22,3,718,0,4,30,4,38,556,141,52,7,756,43,0,43,799
06/25/2000,BWI,MD,AEA,EN,Towers with Radar,517,125,21,2,665,0,2,24,3,29,517,127,45,5,694,49,0,49,743
06/26/2000,BWI,MD,AEA,EN,Towers with Radar,583,169,40,3,795,0,1,14,2,17,583,170,54,5,812,79,0,79,891
06/27/2000,BWI,MD,AEA,EN,Towers with Radar,564,198,62,1,825,0,6,21,3,30,564,204,83,4,855,277,0,277,1132
06/28/2000,BWI,MD,AEA,EN,Towers with Radar,636,212,110,1,959,0,1,11,0,12,636,213,121,1,971,47,0,47,1018
06/29/2000,BWI,MD,AEA,EN,Towers with Radar,606,185,68,9,868,0,0,12,0,12,606,185,80,9,880,175,0,175,1055
06/30/2000,BWI,MD,AEA,EN,Towers with Radar,633,200,49,2,884,0,11,41,2,54,633,211,90,4,938,123,0,123,1061
07/01/2000,BWI,MD,AEA,EN,Towers with Radar,554,141,36,2,733,1,5,39,2,47,555,146,75,4,780,20,0,20,800
07/02/2000,BWI,MD,AEA,EN,Towers with Radar,499,151,25,3,678,0,2,23,2,27,499,153,48,5,705,19,0,19,724
07/03/2000,BWI,MD,AEA,EN,Towers with Radar,496,144,21,2,663,0,4,24,0,28,496,148,45,2,691,66,0,66,757
07/04/2000,BWI,MD,AEA,EN,Towers with Radar,538,185,17,0,740,0,0,8,0,8,538,185,25,0,748,38,0,38,786
07/05/2000,BWI,MD,AEA,EN,Towers with Radar,585,192,38,0,815,0,6,39,3,48,585,198,77,3,863,195,0,195,1058
07/06/2000,BWI,MD,AEA,EN,Towers with Radar,623,104,44,9,780,0,6,35,1,42,623,110,79,10,822,42,0,42,864
07/07/2000,BWI,MD,AEA,EN,Towers with Radar,613,183,51,4,851,0,13,39,2,54,613,196,90,6,905,76,0,76,981
07/08/2000,BWI,MD,AEA,EN,Towers with Radar,564,139,43,2,748,1,6,30,2,39,565,145,73,4,787,32,0,32,819
07/09/2000,BWI,MD,AEA,EN,Towers with Radar,546,150,38,2,736,0,2,26,4,32,546,152,64,6,768,18,0,18,786
07/10/2000,BWI,MD,AEA,EN,Towers with Radar,511,178,29,3,721,0,8,5,11,24,511,186,34,14,745,64,0,64,809
07/11/2000,BWI,MD,AEA,EN,Towers with Radar,612,204,62,7,885,0,6,15,6,27,612,210,77,13,912,99,0,99,1011
07/12/2000,BWI,MD,AEA,EN,Towers with Radar,630,206,38,9,883,0,8,37,0,45,630,214,75,9,928,4,0,4,932
07/13/2000,BWI,MD,AEA,EN,Towers with Radar,611,203,36,8,858,1,8,32,3,44,612,211,68,11,902,161,0,161,1063
07/14/2000,BWI,MD,AEA,EN,Towers with Radar,530,165,40,0,735,0,6,16,7,29,530,171,56,7,764,148,0,148,912
07/15/2000,BWI,MD,AEA,EN,Towers with Radar,559,128,36,2,725,0,0,1,1,2,559,128,37,3,727,24,0,24,751
07/16/2000,BWI,MD,AEA,EN,Towers with Radar,482,98,21,3,604,2,2,10,0,14,484,100,31,3,618,18,0,18,636
07/17/2000,BWI,MD,AEA,EN,Towers with Radar,610,191,36,0,837,2,0,18,0,20,612,191,54,0,857,44,0,44,901
07/18/2000,BWI,MD,AEA,EN,Towers with Radar,634,200,37,4,875,0,4,26,4,34,634,204,63,8,909,72,0,72,981
07/19/2000,BWI,MD,AEA,EN,Towers with Radar,616,197,59,6,878,1,6,17,2,26,617,203,76,8,904,59,0,59,963
07/20/2000,BWI,MD,AEA,EN,Towers with Radar,601,205,60,6,872,0,7,29,4,40,601,212,89,10,912,56,0,56,968
07/21/2000,BWI,MD,AEA,EN,Towers with Radar,632,194,51,2,879,2,8,52,4,66,634,202,103,6,945,42,0,42,987
07/22/2000,BWI,MD,AEA,EN,Towers with Radar,543,149,52,1,745,0,7,21,1,29,543,156,73,2,774,46,0,46,820
07/23/2000,BWI,MD,AEA,EN,Towers with Radar,538,148,55,2,743,1,0,25,2,28,539,148,80,4,771,37,0,37,808
07/24/2000,BWI,MD,AEA,EN,Towers with Radar,581,188,86,0,855,0,0,5,0,5,581,188,91,0,860,87,0,87,947
07/25/2000,BWI,MD,AEA,EN,Towers with Radar,608,201,51,5,865,0,4,17,3,24,608,205,68,8,889,87,0,87,976
07/26/2000,BWI,MD,AEA,EN,Towers with Radar,633,203,48,4,888,1,0,3,1,5,634,203,51,5,893,2,0,2,895
07/27/2000,BWI,MD,AEA,EN,Towers with Radar,609,190,74,10,883,1,0,4,0,5,610,190,78,10,888,72,0,72,960
07/28/2000,BWI,MD,AEA,EN,Towers with Radar,487,161,64,6,718,0,9,7,0,16,487,170,71,6,734,52,0,52,786
07/29/2000,BWI,MD,AEA,EN,Towers with Radar,582,157,88,8,835,0,1,10,1,12,582,158,98,9,847,23,0,23,870
07/30/2000,BWI,MD,AEA,EN,Towers with Radar,528,131,43,2,704,1,0,3,0,4,529,131,46,2,708,7,0,7,715
07/31/2000,BWI,MD,AEA,EN,Towers with Radar,557,157,65,2,781,0,0,4,3,7,557,157,69,5,788,6,0,6,794
08/01/2000,BWI,MD,AEA,EN,Towers with Radar,592,194,78,4,868,4,0,5,0,9,596,194,83,4,877,12,0,12,889
08/02/2000,BWI,MD,AEA,EN,Towers with Radar,622,194,59,11,886,4,4,14,2,24,626,198,73,13,910,53,0,53,963
08/03/2000,BWI,MD,AEA,EN,Towers with Radar,535,174,58,8,775,4,1,2,4,11,539,175,60,12,786,54,0,54,840
08/04/2000,BWI,MD,AEA,EN,Towers with Radar,571,178,45,3,797,4,0,14,0,18,575,178,59,3,815,78,0,78,893
08/05/2000,BWI,MD,AEA,EN,Towers with Radar,575,142,56,3,776,4,7,27,0,38,579,149,83,3,814,80,0,80,894
08/06/2000,BWI,MD,AEA,EN,Towers with Radar,517,150,54,3,724,4,0,7,0,11,521,150,61,3,735,21,0,21,756
08/07/2000,BWI,MD,AEA,EN,Towers with Radar,575,166,26,0,767,5,0,14,0,19,580,166,40,0,786,57,0,57,843
08/08/2000,BWI,MD,AEA,EN,Towers with Radar,607,177,49,6,839,0,43,33,6,82,607,220,82,12,921,321,0,321,1242
08/09/2000,BWI,MD,AEA,EN,Towers with Radar,531,179,37,27,774,5,5,11,0,21,536,184,48,27,795,152,0,152,947
08/10/2000,BWI,MD,AEA,EN,Towers with Radar,643,214,65,8,930,4,7,28,5,44,647,221,93,13,974,78,0,78,1052
08/11/2000,BWI,MD,AEA,EN,Towers with Radar,633,198,59,1,891,4,8,21,5,38,637,206,80,6,929,107,0,107,1036
08/12/2000,BWI,MD,AEA,EN,Towers with Radar,559,132,20,6,717,4,10,15,4,33,563,142,35,10,750,86,0,86,836
08/13/2000,BWI,MD,AEA,EN,Towers with Radar,619,117,41,5,782,4,0,3,1,8,623,117,44,6,790,29,0,29,819
08/14/2000,BWI,MD,AEA,EN,Towers with Radar,699,148,46,1,894,4,0,11,2,17,703,148,57,3,911,102,0,102,1013
08/15/2000,BWI,MD,AEA,EN,Towers with Radar,626,103,38,1,768,4,9,28,7,48,630,112,66,8,816,91,0,91,907
08/16/2000,BWI,MD,AEA,EN,Towers with Radar,628,106,44,3,781,4,10,16,7,37,632,116,60,10,818,86,0,86,904
08/17/2000,BWI,MD,AEA,EN,Towers with Radar,606,106,46,6,764,5,12,50,6,73,611,118,96,12,837,128,0,128,965
08/18/2000,BWI,MD,AEA,EN,Towers with Radar,849,179,47,4,1079,5,2,0,1,8,854,181,47,5,1087,25,0,25,1112
08/19/2000,BWI,MD,AEA,EN,Towers with Radar,585,151,39,2,777,4,9,22,1,36,589,160,61,3,813,55,0,55,868
08/20/2000,BWI,MD,AEA,EN,Towers with Radar,549,151,36,2,738,3,12,26,3,44,552,163,62,5,782,59,0,59,841
08/21/2000,BWI,MD,AEA,EN,Towers with Radar,584,193,49,2,828,6,3,24,2,35,590,196,73,4,863,75,0,75,938
08/22/2000,BWI,MD,AEA,EN,Towers with Radar,609,208,60,11,888,4,9,33,6,52,613,217,93,17,940,49,0,49,989
08/23/2000,BWI,MD,AEA,EN,Towers with Radar,606,189,52,1,848,3,13,11,4,31,609,202,63,5,879,125,0,125,1004
08/24/2000,BWI,MD,AEA,EN,Towers with Radar,595,191,54,5,845,0,18,16,13,47,595,209,70,18,892,94,0,94,986
08/25/2000,BWI,MD,AEA,EN,Towers with Radar,569,195,68,4,836,4,3,31,4,42,573,198,99,8,878,83,0,83,961
08/26/2000,BWI,MD,AEA,EN,Towers with Radar,586,172,34,3,795,5,7,28,3,43,591,179,62,6,838,35,0,35,873
08/27/2000,BWI,MD,AEA,EN,Towers with Radar,476,115,30,1,622,3,0,13,2,18,479,115,43,3,640,29,0,29,669
08/28/2000,BWI,MD,AEA,EN,Towers with Radar,637,184,43,4,868,3,0,9,0,12,640,184,52,4,880,11,0,11,891
08/29/2000,BWI,MD,AEA,EN,Towers with Radar,624,208,41,1,874,3,0,0,1,4,627,208,41,2,878,10,0,10,888
08/30/2000,BWI,MD,AEA,EN,Towers with Radar,633,198,51,1,883,3,0,1,3,7,636,198,52,4,890,3,0,3,893
08/31/2000,BWI,MD,AEA,EN,Towers with Radar,631,206,57,13,907,3,0,4,4,11,634,206,61,17,918,21,0,21,939
09/01/2000,BWI,MD,AEA,EN,Towers with Radar,603,192,41,2,838,1,1,10,2,14,604,193,51,4,852,37,0,37,889
09/02/2000,BWI,MD,AEA,EN,Towers with Radar,541,150,21,1,713,0,3,0,4,7,541,153,21,5,720,11,0,11,731
09/03/2000,BWI,MD,AEA,EN,Towers with Radar,508,118,19,2,647,2,1,0,1,4,510,119,19,3,651,4,0,4,655
09/04/2000,BWI,MD,AEA,EN,Towers with Radar,574,145,24,0,743,2,1,0,2,5,576,146,24,2,748,21,0,21,769
09/05/2000,BWI,MD,AEA,EN,Towers with Radar,596,180,40,5,821,1,5,30,1,37,597,185,70,6,858,66,0,66,924
09/06/2000,BWI,MD,AEA,EN,Towers with Radar,636,199,40,1,876,1,11,31,1,44,637,210,71,2,920,141,0,141,1061
09/07/2000,BWI,MD,AEA,EN,Towers with Radar,625,196,55,10,886,0,14,38,3,55,625,210,93,13,941,80,0,80,1021
09/08/2000,BWI,MD,AEA,EN,Towers with Radar,658,203,50,0,911,3,13,25,0,41,661,216,75,0,952,57,0,57,1009
09/09/2000,BWI,MD,AEA,EN,Towers with Radar,569,129,40,1,739,1,11,28,5,45,570,140,68,6,784,70,0,70,854
09/10/2000,BWI,MD,AEA,EN,Towers with Radar,559,135,55,2,751,1,4,27,0,32,560,139,82,2,783,102,0,102,885
09/11/2000,BWI,MD,AEA,EN,Towers with Radar,603,183,35,2,823,0,0,16,2,18,603,183,51,4,841,39,0,39,880
09/12/2000,BWI,MD,AEA,EN,Towers with Radar,638,187,48,2,875,1,6,16,9,32,639,193,64,11,907,78,0,78,985
09/13/2000,BWI,MD,AEA,EN,Towers with Radar,684,197,64,1,946,0,10,23,4,37,684,207,87,5,983,75,0,75,1058
09/14/2000,BWI,MD,AEA,EN,Towers with Radar,618,197,64,9,888,1,11,38,8,58,619,208,102,17,946,112,0,112,1058
09/15/2000,BWI,MD,AEA,EN,Towers with Radar,653,201,43,8,905,0,7,26,2,35,653,208,69,10,940,65,15,80,1020
09/16/2000,BWI,MD,AEA,EN,Towers with Radar,575,135,15,3,728,0,6,46,7,59,575,141,61,10,787,69,4,73,860
09/17/2000,BWI,MD,AEA,EN,Towers with Radar,553,140,48,3,744,0,8,33,8,49,553,148,81,11,793,89,0,89,882
09/18/2000,BWI,MD,AEA,EN,Towers with Radar,630,182,54,2,868,1,3,27,11,42,631,185,81,13,910,110,0,110,1020
09/19/2000,BWI,MD,AEA,EN,Towers with Radar,611,175,83,0,869,0,5,5,0,10,611,180,88,0,879,10,0,10,889
09/20/2000,BWI,MD,AEA,EN,Towers with Radar,644,210,53,1,908,1,9,35,6,51,645,219,88,7,959,19,0,19,978
09/21/2000,BWI,MD,AEA,EN,Towers with Radar,631,189,49,24,893,4,7,18,0,29,635,196,67,24,922,104,0,104,1026
09/22/2000,BWI,MD,AEA,EN,Towers with Radar,629,196,52,2,879,5,14,32,5,56,634,210,84,7,935,130,0,130,1065
09/23/2000,BWI,MD,AEA,EN,Towers with Radar,560,135,37,2,734,0,4,0,2,6,560,139,37,4,740,16,0,16,756
09/24/2000,BWI,MD,AEA,EN,Towers with Radar,555,133,30,1,719,0,2,9,0,11,555,135,39,1,730,16,0,16,746
09/25/2000,BWI,MD,AEA,EN,Towers with Radar,596,172,43,0,811,0,0,13,0,13,596,172,56,0,824,7,0,7,831
09/26/2000,BWI,MD,AEA,EN,Towers with Radar,649,198,35,1,883,0,0,0,0,0,649,198,35,1,883,38,0,38,921
09/27/2000,BWI,MD,AEA,EN,Towers with Radar,652,202,50,2,906,5,15,37,7,64,657,217,87,9,970,82,0,82,1052
09/28/2000,BWI,MD,AEA,EN,Towers with Radar,652,200,47,11,910,4,4,49,7,64,656,204,96,18,974,143,0,143,1117
09/29/2000,BWI,MD,AEA,EN,Towers with Radar,639,204,40,0,883,4,12,46,2,64,643,216,86,2,947,149,0,149,1096
09/30/2000,BWI,MD,AEA,EN,Towers with Radar,558,128,49,2,737,1,12,22,2,37,559,140,71,4,774,65,0,65,839
10/01/2000,BWI,MD,AEA,EN,Towers with Radar,596,168,47,3,814,0,0,19,2,21,596,168,66,5,835,36,0,36,871
10/02/2000,BWI,MD,AEA,EN,Towers with Radar,615,187,59,0,861,0,4,15,0,19,615,191,74,0,880,71,0,71,951
10/03/2000,BWI,MD,AEA,EN,Towers with Radar,640,200,66,2,908,0,8,34,2,44,640,208,100,4,952,128,0,128,1080
10/04/2000,BWI,MD,AEA,EN,Towers with Radar,647,193,107,16,963,0,6,24,2,32,647,199,131,18,995,70,0,70,1065
10/05/2000,BWI,MD,AEA,EN,Towers with Radar,631,193,79,10,913,0,2,5,0,7,631,195,84,10,920,21,0,21,941
10/06/2000,BWI,MD,AEA,EN,Towers with Radar,580,144,47,3,774,0,0,32,3,35,580,144,79,6,809,0,0,0,809
10/07/2000,BWI,MD,AEA,EN,Towers with Radar,579,138,53,3,773,1,6,26,3,36,580,144,79,6,809,29,0,29,838
10/08/2000,BWI,MD,AEA,EN,Towers with Radar,559,139,34,6,738,0,0,12,0,12,559,139,46,6,750,39,0,39,789
10/09/2000,BWI,MD,AEA,EN,Towers with Radar,611,88,30,0,729,0,6,13,1,20,611,94,43,1,749,58,0,58,807
10/10/2000,BWI,MD,AEA,EN,Towers with Radar,626,188,65,10,889,0,5,25,2,32,626,193,90,12,921,129,0,129,1050
10/11/2000,BWI,MD,AEA,EN,Towers with Radar,659,203,54,2,918,1,10,31,4,46,660,213,85,6,964,54,0,54,1018
10/12/2000,BWI,MD,AEA,EN,Towers with Radar,660,190,62,4,916,2,11,44,6,63,662,201,106,10,979,168,0,168,1147
10/13/2000,BWI,MD,AEA,EN,Towers with Radar,683,190,36,6,915,1,7,32,5,45,684,197,68,11,960,89,0,89,1049
10/14/2000,BWI,MD,AEA,EN,Towers with Radar,590,140,38,8,776,0,10,35,5,50,590,150,73,13,826,25,0,25,851
10/15/2000,BWI,MD,AEA,EN,Towers with Radar,583,145,35,3,766,6,1,28,2,37,589,146,63,5,803,40,0,40,843
10/16/2000,BWI,MD,AEA,EN,Towers with Radar,611,175,21,2,809,0,2,16,5,23,611,177,37,7,832,52,0,52,884
10/17/2000,BWI,MD,AEA,EN,Towers with Radar,649,197,58,9,913,0,0,0,1,1,649,197,58,10,914,23,0,23,937
10/18/2000,BWI,MD,AEA,EN,Towers with Radar,681,189,72,3,945,0,0,11,0,11,681,189,83,3,956,0,0,0,956
10/19/2000,BWI,MD,AEA,EN,Towers with Radar,663,205,78,14,960,3,9,38,5,55,666,214,116,19,1015,31,0,31,1046
10/20/2000,BWI,MD,AEA,EN,Towers with Radar,659,201,55,0,915,1,11,47,1,60,660,212,102,1,975,0,0,0,975
10/21/2000,BWI,MD,AEA,EN,Towers with Radar,583,139,41,2,765,2,7,36,0,45,585,146,77,2,810,31,0,31,841
10/22/2000,BWI,MD,AEA,EN,Towers with Radar,569,136,60,4,769,1,0,24,1,26,570,136,84,5,795,59,0,59,854
10/23/2000,BWI,MD,AEA,EN,Towers with Radar,636,180,39,1,856,0,2,28,4,34,636,182,67,5,890,42,0,42,932
10/24/2000,BWI,MD,AEA,EN,Towers with Radar,643,204,47,1,895,0,5,20,5,30,643,209,67,6,925,57,0,57,982
10/25/2000,BWI,MD,AEA,EN,Towers with Radar,649,196,73,0,918,1,5,27,2,35,650,201,100,2,953,60,0,60,1013
10/26/2000,BWI,MD,AEA,EN,Towers with Radar,618,170,51,9,848,0,3,3,3,9,618,173,54,12,857,5,0,5,862
10/27/2000,BWI,MD,AEA,EN,Towers with Radar,612,186,49,1,848,0,1,24,0,25,612,187,73,1,873,22,0,22,895
10/28/2000,BWI,MD,AEA,EN,Towers with Radar,585,137,27,2,751,2,4,12,5,23,587,141,39,7,774,20,0,20,794
10/29/2000,BWI,MD,AEA,EN,Towers with Radar,535,129,32,3,699,1,2,18,1,22,536,131,50,4,721,32,0,32,753
10/30/2000,BWI,MD,AEA,EN,Towers with Radar,623,186,42,1,852,2,0,25,7,34,625,186,67,8,886,0,0,0,886
10/31/2000,BWI,MD,AEA,EN,Towers with Radar,633,193,45,1,872,1,9,26,6,42,634,202,71,7,914,57,0,57,971
11/01/2000,BWI,MD,AEA,EN,Towers with Radar,661,195,48,0,904,1,3,33,4,41,662,198,81,4,945,80,0,80,1025
11/02/2000,BWI,MD,AEA,EN,Towers with Radar,642,200,64,6,912,1,7,35,2,45,643,207,99,8,957,132,0,132,1089
11/03/2000,BWI,MD,AEA,EN,Towers with Radar,680,192,52,6,930,0,7,30,2,39,680,199,82,8,969,100,0,100,1069
11/04/2000,BWI,MD,AEA,EN,Towers with Radar,602,148,32,3,785,0,6,23,4,33,602,154,55,7,818,22,0,22,840
11/05/2000,BWI,MD,AEA,EN,Towers with Radar,565,128,21,5,719,1,6,15,1,23,566,134,36,6,742,29,0,29,771
11/06/2000,BWI,MD,AEA,EN,Towers with Radar,631,182,38,0,851,0,3,29,3,35,631,185,67,3,886,76,0,76,962
11/07/2000,BWI,MD,AEA,EN,Towers with Radar,655,193,37,4,889,3,5,22,0,30,658,198,59,4,919,27,0,27,946
11/08/2000,BWI,MD,AEA,EN,Towers with Radar,658,198,77,5,938,0,9,14,8,31,658,207,91,13,969,66,0,66,1035
11/09/2000,BWI,MD,AEA,EN,Towers with Radar,640,189,62,4,895,0,0,11,0,11,640,189,73,4,906,26,0,26,932
11/10/2000,BWI,MD,AEA,EN,Towers with Radar,677,195,36,0,908,1,0,13,0,14,678,195,49,0,922,96,0,96,1018
11/11/2000,BWI,MD,AEA,EN,Towers with Radar,594,150,34,2,780,0,2,21,1,24,594,152,55,3,804,56,0,56,860
11/12/2000,BWI,MD,AEA,EN,Towers with Radar,559,138,52,3,752,0,3,34,4,41,559,141,86,7,793,69,0,69,862
11/13/2000,BWI,MD,AEA,EN,Towers with Radar,627,188,37,0,852,0,0,20,0,20,627,188,57,0,872,39,0,39,911
11/14/2000,BWI,MD,AEA,EN,Towers with Radar,654,188,55,0,897,0,6,7,2,15,654,194,62,2,912,48,0,48,960
11/15/2000,BWI,MD,AEA,EN,Towers with Radar,678,200,63,17,958,0,11,23,6,40,678,211,86,23,998,127,0,127,1125
11/16/2000,BWI,MD,AEA,EN,Towers with Radar,643,199,58,12,912,2,11,25,1,39,645,210,83,13,951,92,0,92,1043
11/17/2000,BWI,MD,AEA,EN,Towers with Radar,652,195,66,23,936,0,3,22,9,34,652,198,88,32,970,110,0,110,1080
11/18/2000,BWI,MD,AEA,EN,Towers with Radar,604,150,59,3,816,0,8,25,14,47,604,158,84,17,863,8,0,8,871
11/19/2000,BWI,MD,AEA,EN,Towers with Radar,555,129,45,1,730,0,25,16,5,46,555,154,61,6,776,62,0,62,838
11/20/2000,BWI,MD,AEA,EN,Towers with Radar,600,164,64,16,844,3,0,15,2,20,603,164,79,18,864,46,0,46,910
11/21/2000,BWI,MD,AEA,EN,Towers with Radar,635,180,50,11,876,1,6,27,6,40,636,186,77,17,916,69,0,69,985
11/22/2000,BWI,MD,AEA,EN,Towers with Radar,690,189,44,4,927,0,3,29,2,34,690,192,73,6,961,27,0,27,988
11/23/2000,BWI,MD,AEA,EN,Towers with Radar,565,159,26,1,751,0,3,15,1,19,565,162,41,2,770,6,0,6,776
11/24/2000,BWI,MD,AEA,EN,Towers with Radar,472,127,24,7,630,0,4,25,3,32,472,131,49,10,662,21,0,21,683
11/25/2000,BWI,MD,AEA,EN,Towers with Radar,525,126,29,3,683,0,3,13,8,24,525,129,42,11,707,17,0,17,724
11/26/2000,BWI,MD,AEA,EN,Towers with Radar,586,130,29,1,746,0,0,5,3,8,586,130,34,4,754,27,0,27,781
11/27/2000,BWI,MD,AEA,EN,Towers with Radar,651,164,33,4,852,0,0,10,4,14,651,164,43,8,866,111,0,111,977
11/28/2000,BWI,MD,AEA,EN,Towers with Radar,661,196,27,3,887,0,7,39,9,55,661,203,66,12,942,20,0,20,962
11/29/2000,BWI,MD,AEA,EN,Towers with Radar,675,193,64,3,935,0,3,25,3,31,675,196,89,6,966,19,0,19,985
11/30/2000,BWI,MD,AEA,EN,Towers with Radar,662,190,35,6,893,1,1,10,5,17,663,191,45,11,910,66,0,66,976
12/01/2000,BWI,MD,AEA,EN,Towers with Radar,655,188,44,10,897,2,9,28,7,46,657,197,72,17,943,38,0,38,981
12/02/2000,BWI,MD,AEA,EN,Towers with Radar,594,152,33,12,791,0,31,32,6,69,594,183,65,18,860,51,0,51,911
12/03/2000,BWI,MD,AEA,EN,Towers with Radar,562,133,20,1,716,0,7,19,2,28,562,140,39,3,744,62,0,62,806
12/04/2000,BWI,MD,AEA,EN,Towers with Radar,626,88,16,1,731,0,2,36,2,40,626,90,52,3,771,25,0,25,796
12/05/2000,BWI,MD,AEA,EN,Towers with Radar,729,196,35,3,963,0,4,16,1,21,729,200,51,4,984,55,0,55,1039
12/06/2000,BWI,MD,AEA,EN,Towers with Radar,658,189,38,0,885,0,5,25,3,33,658,194,63,3,918,14,0,14,932
12/07/2000,BWI,MD,AEA,EN,Towers with Radar,641,199,50,6,896,0,8,26,1,35,641,207,76,7,931,0,0,0,931
12/08/2000,BWI,MD,AEA,EN,Towers with Radar,660,183,36,2,881,0,8,34,4,46,660,191,70,6,927,62,0,62,989
12/09/2000,BWI,MD,AEA,EN,Towers with Radar,574,142,25,1,742,0,11,30,3,44,574,153,55,4,786,23,0,23,809
12/10/2000,BWI,MD,AEA,EN,Towers with Radar,572,117,21,2,712,0,1,1,3,5,572,118,22,5,717,25,0,25,742
12/11/2000,BWI,MD,AEA,EN,Towers with Radar,603,170,55,5,833,0,1,6,1,8,603,171,61,6,841,25,0,25,866
12/12/2000,BWI,MD,AEA,EN,Towers with Radar,605,137,26,2,770,64,0,0,0,64,669,137,26,2,834,9,0,9,843
12/13/2000,BWI,MD,AEA,EN,Towers with Radar,644,188,42,4,878,0,8,26,3,37,644,196,68,7,915,14,0,14,929
12/14/2000,BWI,MD,AEA,EN,Towers with Radar,670,176,39,8,893,0,1,4,0,5,670,177,43,8,898,10,0,10,908
12/15/2000,BWI,MD,AEA,EN,Towers with Radar,657,191,39,3,890,0,7,39,1,47,657,198,78,4,937,96,0,96,1033
12/16/2000,BWI,MD,AEA,EN,Towers with Radar,531,118,17,2,668,0,0,2,2,4,531,118,19,4,672,0,0,0,672
12/17/2000,BWI,MD,AEA,EN,Towers with Radar,533,72,3,2,610,0,0,6,0,6,533,72,9,2,616,12,0,12,628
12/18/2000,BWI,MD,AEA,EN,Towers with Radar,633,168,36,3,840,0,0,32,4,36,633,168,68,7,876,0,0,0,876
12/19/2000,BWI,MD,AEA,EN,Towers with Radar,635,162,28,2,827,0,13,1,0,14,635,175,29,2,841,2,0,2,843
12/20/2000,BWI,MD,AEA,EN,Towers with Radar,677,189,55,7,928,0,3,18,2,23,677,192,73,9,951,19,0,19,970
12/21/2000,BWI,MD,AEA,EN,Towers with Radar,655,188,41,15,899,0,4,18,6,28,655,192,59,21,927,14,0,14,941
12/22/2000,BWI,MD,AEA,EN,Towers with Radar,634,190,34,2,860,0,1,8,2,11,634,191,42,4,871,8,0,8,879
12/23/2000,BWI,MD,AEA,EN,Towers with Radar,596,135,12,3,746,2,8,22,6,38,598,143,34,9,784,24,0,24,808
12/24/2000,BWI,MD,AEA,EN,Towers with Radar,519,97,4,1,621,0,4,17,0,21,519,101,21,1,642,4,0,4,646
12/25/2000,BWI,MD,AEA,EN,Towers with Radar,463,126,5,1,595,1,2,6,0,9,464,128,11,1,604,3,0,3,607
12/26/2000,BWI,MD,AEA,EN,Towers with Radar,581,163,29,4,777,1,5,13,0,19,582,168,42,4,796,4,0,4,800
12/27/2000,BWI,MD,AEA,EN,Towers with Radar,645,197,24,1,867,0,3,18,1,22,645,200,42,2,889,1,0,1,890
12/28/2000,BWI,MD,AEA,EN,Towers with Radar,645,189,18,16,868,0,1,10,0,11,645,190,28,16,879,6,0,6,885
12/29/2000,BWI,MD,AEA,EN,Towers with Radar,629,191,28,4,852,0,4,17,1,22,629,195,45,5,874,0,0,0,874
12/30/2000,BWI,MD,AEA,EN,Towers with Radar,547,78,4,0,629,0,0,7,3,10,547,78,11,3,639,8,0,8,647
12/31/2000,BWI,MD,AEA,EN,Towers with Radar,525,84,6,2,617,1,2,6,1,10,526,86,12,3,627,8,0,8,635
01/01/2001,BWI,MD,AEA,EN,Towers with Radar,524,132,9,3,668,0,0,12,0,12,524,132,21,3,680,2,0,2,682
01/02/2001,BWI,MD,AEA,EN,Towers with Radar,592,171,13,4,780,0,0,18,0,18,592,171,31,4,798,9,0,9,807
01/03/2001,BWI,MD,AEA,EN,Towers with Radar,664,194,34,7,899,0,6,32,5,43,664,200,66,12,942,17,0,17,959
01/04/2001,BWI,MD,AEA,EN,Towers with Radar,652,189,49,1,891,1,4,22,7,34,653,193,71,8,925,13,0,13,938
01/05/2001,BWI,MD,AEA,EN,Towers with Radar,637,188,41,7,873,0,2,4,1,7,637,190,45,8,880,12,0,12,892
01/06/2001,BWI,MD,AEA,EN,Towers with Radar,587,116,8,4,715,1,3,15,2,21,588,119,23,6,736,25,0,25,761
01/07/2001,BWI,MD,AEA,EN,Towers with Radar,600,139,32,5,776,1,3,18,2,24,601,142,50,7,800,6,0,6,806
01/08/2001,BWI,MD,AEA,EN,Towers with Radar,598,180,28,0,806,0,0,4,0,4,598,180,32,0,810,4,0,4,814
01/09/2001,BWI,MD,AEA,EN,Towers with Radar,656,203,38,26,923,2,1,10,3,16,658,204,48,29,939,28,0,28,967
01/10/2001,BWI,MD,AEA,EN,Towers with Radar,652,198,48,16,914,0,6,35,3,44,652,204,83,19,958,6,0,6,964
01/11/2001,BWI,MD,AEA,EN,Towers with Radar,649,202,47,5,903,0,7,39,2,48,649,209,86,7,951,10,0,10,961
01/12/2001,BWI,MD,AEA,EN,Towers with Radar,640,211,29,5,885,0,3,28,0,31,640,214,57,5,916,18,0,18,934
01/13/2001,BWI,MD,AEA,EN,Towers with Radar,581,125,46,2,754,1,6,38,3,48,582,131,84,5,802,18,0,18,820
01/14/2001,BWI,MD,AEA,EN,Towers with Radar,575,138,22,2,737,0,2,4,0,6,575,140,26,2,743,11,0,11,754
01/15/2001,BWI,MD,AEA,EN,Towers with Radar,606,181,40,4,831,0,0,0,0,0,606,181,40,4,831,3,0,3,834
01/16/2001,BWI,MD,AEA,EN,Towers with Radar,641,192,36,2,871,1,1,15,4,21,642,193,51,6,892,9,0,9,901
01/17/2001,BWI,MD,AEA,EN,Towers with Radar,715,206,64,4,989,1,4,27,6,38,716,210,91,10,1027,22,0,22,1049
01/18/2001,BWI,MD,AEA,EN,Towers with Radar,815,197,90,11,1113,0,1,0,0,1,815,198,90,11,1114,8,0,8,1122
01/19/2001,BWI,MD,AEA,EN,Towers with Radar,759,179,56,4,998,0,0,0,0,0,759,179,56,4,998,0,0,0,998
01/20/2001,BWI,MD,AEA,EN,Towers with Radar,626,131,8,4,769,1,0,0,0,1,627,131,8,4,770,1,0,1,771
01/21/2001,BWI,MD,AEA,EN,Towers with Radar,674,125,57,6,862,2,0,10,0,12,676,125,67,6,874,11,0,11,885
01/22/2001,BWI,MD,AEA,EN,Towers with Radar,655,190,26,3,874,2,5,18,8,33,657,195,44,11,907,23,0,23,930
01/23/2001,BWI,MD,AEA,EN,Towers with Radar,667,217,30,1,915,0,3,30,2,35,667,220,60,3,950,1,0,1,951
01/24/2001,BWI,MD,AEA,EN,Towers with Radar,707,200,28,14,949,0,10,30,2,42,707,210,58,16,991,53,0,53,1044
01/25/2001,BWI,MD,AEA,EN,Towers with Radar,673,193,42,6,914,5,3,16,2,26,678,196,58,8,940,9,0,9,949
01/26/2001,BWI,MD,AEA,EN,Towers with Radar,657,199,41,6,903,0,5,39,4,48,657,204,80,10,951,28,0,28,979
01/27/2001,BWI,MD,AEA,EN,Towers with Radar,579,118,18,1,716,0,3,6,0,9,579,121,24,1,725,2,0,2,727
01/28/2001,BWI,MD,AEA,EN,Towers with Radar,572,140,14,2,728,0,6,20,0,26,572,146,34,2,754,3,0,3,757
01/29/2001,BWI,MD,AEA,EN,Towers with Radar,651,191,37,1,880,0,4,10,6,20,651,195,47,7,900,55,0,55,955
01/30/2001,BWI,MD,AEA,EN,Towers with Radar,655,176,30,2,863,0,0,5,2,7,655,176,35,4,870,2,0,2,872
01/31/2001,BWI,MD,AEA,EN,Towers with Radar,642,197,51,2,892,1,4,18,5,28,643,201,69,7,920,16,0,16,936
02/01/2001,BWI,MD,AEA,EN,Towers with Radar,664,186,40,3,893,0,26,42,8,76,664,212,82,11,969,3,0,3,972
02/02/2001,BWI,MD,AEA,EN,Towers with Radar,655,202,27,1,885,3,7,15,2,27,658,209,42,3,912,10,0,10,922
02/03/2001,BWI,MD,AEA,EN,Towers with Radar,562,116,15,3,696,4,14,31,1,50,566,130,46,4,746,0,0,0,746
02/04/2001,BWI,MD,AEA,EN,Towers with Radar,573,130,27,4,734,3,8,21,2,34,576,138,48,6,768,8,0,8,776
02/05/2001,BWI,MD,AEA,EN,Towers with Radar,645,162,34,0,841,2,0,0,0,2,647,162,34,0,843,0,0,0,843
02/06/2001,BWI,MD,AEA,EN,Towers with Radar,653,171,31,0,855,4,6,23,2,35,657,177,54,2,890,8,0,8,898
02/07/2001,BWI,MD,AEA,EN,Towers with Radar,679,192,64,1,936,3,2,32,2,39,682,194,96,3,975,16,0,16,991
02/08/2001,BWI,MD,AEA,EN,Towers with Radar,657,179,62,5,903,5,3,29,1,38,662,182,91,6,941,8,0,8,949
02/09/2001,BWI,MD,AEA,EN,Towers with Radar,638,193,37,0,868,2,0,27,2,31,640,193,64,2,899,3,0,3,902
02/10/2001,BWI,MD,AEA,EN,Towers with Radar,589,111,9,3,712,3,1,10,9,23,592,112,19,12,735,1,0,1,736
02/11/2001,BWI,MD,AEA,EN,Towers with Radar,564,130,28,2,724,3,4,23,1,31,567,134,51,3,755,17,0,17,772
02/12/2001,BWI,MD,AEA,EN,Towers with Radar,629,186,26,0,841,2,0,20,2,24,631,186,46,2,865,22,0,22,887
02/13/2001,BWI,MD,AEA,EN,Towers with Radar,651,198,45,3,897,2,1,9,1,13,653,199,54,4,910,15,0,15,925
02/14/2001,BWI,MD,AEA,EN,Towers with Radar,708,185,36,1,930,2,0,0,0,2,710,185,36,1,932,14,0,14,946
02/15/2001,BWI,MD,AEA,EN,Towers with Radar,670,190,42,5,907,2,0,2,0,4,672,190,44,5,911,7,0,7,918
02/16/2001,BWI,MD,AEA,EN,Towers with Radar,669,177,33,3,882,2,0,2,0,4,671,177,35,3,886,0,0,0,886
02/17/2001,BWI,MD,AEA,EN,Towers with Radar,582,116,18,2,718,3,0,9,2,14,585,116,27,4,732,0,0,0,732
02/18/2001,BWI,MD,AEA,EN,Towers with Radar,571,129,27,1,728,2,0,33,1,36,573,129,60,2,764,36,0,36,800
02/19/2001,BWI,MD,AEA,EN,Towers with Radar,639,180,33,0,852,2,6,19,1,28,641,186,52,1,880,10,0,10,890
02/20/2001,BWI,MD,AEA,EN,Towers with Radar,656,186,55,2,899,3,4,30,2,39,659,190,85,4,938,9,0,9,947
02/21/2001,BWI,MD,AEA,EN,Towers with Radar,678,176,44,3,901,3,2,20,6,31,681,178,64,9,932,10,0,10,942
02/22/2001,BWI,MD,AEA,EN,Towers with Radar,607,131,31,6,775,2,0,8,0,10,609,131,39,6,785,1,0,1,786
02/23/2001,BWI,MD,AEA,EN,Towers with Radar,692,185,50,5,932,2,2,18,1,23,694,187,68,6,955,16,0,16,971
02/24/2001,BWI,MD,AEA,EN,Towers with Radar,577,107,30,4,718,3,11,29,2,45,580,118,59,6,763,4,0,4,767
02/25/2001,BWI,MD,AEA,EN,Towers with Radar,564,100,12,2,678,2,0,0,0,2,566,100,12,2,680,7,0,7,687
02/26/2001,BWI,MD,AEA,EN,Towers with Radar,638,159,34,16,847,2,5,30,1,38,640,164,64,17,885,9,0,9,894
02/27/2001,BWI,MD,AEA,EN,Towers with Radar,646,183,34,7,870,3,2,35,0,40,649,185,69,7,910,0,0,0,910
02/28/2001,BWI,MD,AEA,EN,Towers with Radar,679,181,47,4,911,2,4,26,1,33,681,185,73,5,944,11,0,11,955
03/01/2001,BWI,MD,AEA,EN,Towers with Radar,684,178,40,9,911,0,5,47,1,53,684,183,87,10,964,0,0,0,964
03/02/2001,BWI,MD,AEA,EN,Towers with Radar,684,164,28,1,877,0,8,23,1,32,684,172,51,2,909,0,0,0,909
03/03/2001,BWI,MD,AEA,EN,Towers with Radar,609,98,22,3,732,1,18,29,4,52,610,116,51,7,784,23,0,23,807
03/04/2001,BWI,MD,AEA,EN,Towers with Radar,564,92,7,2,665,0,2,3,1,6,564,94,10,3,671,9,0,9,680
03/05/2001,BWI,MD,AEA,EN,Towers with Radar,591,95,7,0,693,0,1,3,0,4,591,96,10,0,697,0,0,0,697
03/06/2001,BWI,MD,AEA,EN,Towers with Radar,606,109,15,3,733,0,2,1,0,3,606,111,16,3,736,5,0,5,741
03/07/2001,BWI,MD,AEA,EN,Towers with Radar,675,164,27,1,867,0,6,25,4,35,675,170,52,5,902,10,0,10,912
03/08/2001,BWI,MD,AEA,EN,Towers with Radar,695,185,31,9,920,1,9,33,5,48,696,194,64,14,968,25,0,25,993
03/09/2001,BWI,MD,AEA,EN,Towers with Radar,670,174,30,0,874,0,5,10,0,15,670,179,40,0,889,2,0,2,891
03/10/2001,BWI,MD,AEA,EN,Towers with Radar,598,120,20,2,740,2,7,22,2,33,600,127,42,4,773,28,0,28,801
03/11/2001,BWI,MD,AEA,EN,Towers with Radar,601,117,28,2,748,1,4,28,2,35,602,121,56,4,783,10,0,10,793
03/12/2001,BWI,MD,AEA,EN,Towers with Radar,636,179,33,0,848,0,5,32,0,37,636,184,65,0,885,10,0,10,895
03/13/2001,BWI,MD,AEA,EN,Towers with Radar,639,176,36,0,851,0,2,7,0,9,639,178,43,0,860,8,0,8,868
03/14/2001,BWI,MD,AEA,EN,Towers with Radar,680,188,40,0,908,0,4,23,2,29,680,192,63,2,937,22,0,22,959
03/15/2001,BWI,MD,AEA,EN,Towers with Radar,678,188,32,6,904,0,2,12,3,17,678,190,44,9,921,1,0,1,922
03/16/2001,BWI,MD,AEA,EN,Towers with Radar,651,193,40,0,884,0,4,9,0,13,651,197,49,0,897,9,0,9,906
03/17/2001,BWI,MD,AEA,EN,Towers with Radar,594,113,37,3,747,5,0,0,0,5,599,113,37,3,752,13,0,13,765
03/18/2001,BWI,MD,AEA,EN,Towers with Radar,579,130,30,4,743,1,6,19,2,28,580,136,49,6,771,6,0,6,777
03/19/2001,BWI,MD,AEA,EN,Towers with Radar,629,183,27,0,839,0,3,38,2,43,629,186,65,2,882,12,0,12,894
03/20/2001,BWI,MD,AEA,EN,Towers with Radar,697,194,39,4,934,1,10,25,0,36,698,204,64,4,970,20,0,20,990
03/21/2001,BWI,MD,AEA,EN,Towers with Radar,660,160,32,1,853,0,1,0,0,1,660,161,32,1,854,0,0,0,854
03/22/2001,BWI,MD,AEA,EN,Towers with Radar,678,180,51,12,921,0,2,1,3,6,678,182,52,15,927,14,0,14,941
03/23/2001,BWI,MD,AEA,EN,Towers with Radar,679,187,95,4,965,0,1,8,0,9,679,188,103,4,974,0,0,0,974
03/24/2001,BWI,MD,AEA,EN,Towers with Radar,576,113,58,3,750,1,2,4,1,8,577,115,62,4,758,8,0,8,766
03/25/2001,BWI,MD,AEA,EN,Towers with Radar,588,130,102,2,822,0,2,2,4,8,588,132,104,6,830,0,0,0,830
03/26/2001,BWI,MD,AEA,EN,Towers with Radar,606,164,47,4,821,1,4,3,1,9,607,168,50,5,830,9,0,9,839
03/27/2001,BWI,MD,AEA,EN,Towers with Radar,668,194,85,21,968,0,2,4,0,6,668,196,89,21,974,21,0,21,995
03/28/2001,BWI,MD,AEA,EN,Towers with Radar,668,211,128,15,1022,0,2,8,2,12,668,213,136,17,1034,0,0,0,1034
03/29/2001,BWI,MD,AEA,EN,Towers with Radar,644,193,52,11,900,0,2,0,0,2,644,195,52,11,902,7,0,7,909
03/30/2001,BWI,MD,AEA,EN,Towers with Radar,685,176,55,10,926,0,1,0,1,2,685,177,55,11,928,10,0,10,938
03/31/2001,BWI,MD,AEA,EN,Towers with Radar,599,123,49,6,777,1,1,0,1,3,600,124,49,7,780,12,0,12,792
04/01/2001,BWI,MD,AEA,EN,Towers with Radar,579,134,48,2,763,1,0,0,3,4,580,134,48,5,767,7,0,7,774
04/02/2001,BWI,MD,AEA,EN,Towers with Radar,605,191,66,9,871,1,0,0,0,1,606,191,66,9,872,3,0,3,875
04/03/2001,BWI,MD,AEA,EN,Towers with Radar,692,200,71,16,979,3,0,3,1,7,695,200,74,17,986,6,0,6,992
04/04/2001,BWI,MD,AEA,EN,Towers with Radar,682,208,116,4,1010,2,0,4,0,6,684,208,120,4,1016,0,0,0,1016
04/05/2001,BWI,MD,AEA,EN,Towers with Radar,700,218,98,13,1029,4,0,4,2,10,704,218,102,15,1039,0,0,0,1039
04/06/2001,BWI,MD,AEA,EN,Towers with Radar,669,198,42,1,910,1,1,0,1,3,670,199,42,2,913,5,0,5,918
04/07/2001,BWI,MD,AEA,EN,Towers with Radar,604,119,34,8,765,1,0,1,2,4,605,119,35,10,769,12,0,12,781
04/08/2001,BWI,MD,AEA,EN,Towers with Radar,563,152,28,3,746,0,0,0,0,0,563,152,28,3,746,11,0,11,757
04/09/2001,BWI,MD,AEA,EN,Towers with Radar,578,172,82,1,833,1,0,3,0,4,579,172,85,1,837,7,0,7,844
04/10/2001,BWI,MD,AEA,EN,Towers with Radar,710,207,64,12,993,0,0,2,0,2,710,207,66,12,995,0,0,0,995
04/11/2001,BWI,MD,AEA,EN,Towers with Radar,684,201,48,4,937,0,0,0,0,0,684,201,48,4,937,2,0,2,939
04/12/2001,BWI,MD,AEA,EN,Towers with Radar,679,174,59,4,916,0,1,0,0,1,679,175,59,4,917,0,0,0,917
04/13/2001,BWI,MD,AEA,EN,Towers with Radar,699,207,78,10,994,1,2,5,0,8,700,209,83,10,1002,2,0,2,1004
04/14/2001,BWI,MD,AEA,EN,Towers with Radar,586,118,154,2,860,1,4,1,4,10,587,122,155,6,870,1,0,1,871
04/15/2001,BWI,MD,AEA,EN,Towers with Radar,574,130,74,2,780,0,1,2,1,4,574,131,76,3,784,0,0,0,784
04/16/2001,BWI,MD,AEA,EN,Towers with Radar,666,190,87,2,945,0,0,0,0,0,666,190,87,2,945,0,0,0,945
04/17/2001,BWI,MD,AEA,EN,Towers with Radar,699,208,56,10,973,0,3,2,1,6,699,211,58,11,979,0,0,0,979
04/18/2001,BWI,MD,AEA,EN,Towers with Radar,707,207,82,5,1001,0,0,0,0,0,707,207,82,5,1001,0,0,0,1001
04/19/2001,BWI,MD,AEA,EN,Towers with Radar,676,198,160,16,1050,1,3,4,0,8,677,201,164,16,1058,17,0,17,1075
04/20/2001,BWI,MD,AEA,EN,Towers with Radar,673,212,102,4,991,0,2,4,0,6,673,214,106,4,997,8,0,8,1005
04/21/2001,BWI,MD,AEA,EN,Towers with Radar,584,122,70,10,786,1,1,3,1,6,585,123,73,11,792,0,0,0,792
04/22/2001,BWI,MD,AEA,EN,Towers with Radar,506,197,119,5,827,0,0,5,0,5,506,197,124,5,832,8,0,8,840
04/23/2001,BWI,MD,AEA,EN,Towers with Radar,644,188,91,4,927,0,0,6,1,7,644,188,97,5,934,26,0,26,960
04/24/2001,BWI,MD,AEA,EN,Towers with Radar,682,198,55,5,940,1,2,8,0,11,683,200,63,5,951,17,0,17,968
04/25/2001,BWI,MD,AEA,EN,Towers with Radar,682,198,128,9,1017,3,2,5,0,10,685,200,133,9,1027,4,0,4,1031
04/26/2001,BWI,MD,AEA,EN,Towers with Radar,694,207,103,19,1023,2,3,6,0,11,696,210,109,19,1034,28,0,28,1062
04/27/2001,BWI,MD,AEA,EN,Towers with Radar,700,219,111,10,1040,0,1,10,0,11,700,220,121,10,1051,0,0,0,1051
04/28/2001,BWI,MD,AEA,EN,Towers with Radar,615,113,113,4,845,1,3,13,0,17,616,116,126,4,862,0,0,0,862
04/29/2001,BWI,MD,AEA,EN,Towers with Radar,576,151,167,6,900,1,1,7,4,13,577,152,174,10,913,33,0,33,946
04/30/2001,BWI,MD,AEA,EN,Towers with Radar,638,181,87,6,912,0,11,12,1,24,638,192,99,7,936,0,0,0,936
05/01/2001,BWI,MD,AEA,EN,Towers with Radar,701,208,81,3,993,0,2,7,0,9,701,210,88,3,1002,28,0,28,1030
05/02/2001,BWI,MD,AEA,EN,Towers with Radar,705,206,116,4,1031,0,2,9,0,11,705,208,125,4,1042,6,0,6,1048
05/03/2001,BWI,MD,AEA,EN,Towers with Radar,705,198,119,15,1037,0,3,13,0,16,705,201,132,15,1053,12,0,12,1065
05/04/2001,BWI,MD,AEA,EN,Towers with Radar,706,208,127,8,1049,0,4,6,0,10,706,212,133,8,1059,13,0,13,1072
05/05/2001,BWI,MD,AEA,EN,Towers with Radar,607,119,90,5,821,0,1,3,1,5,607,120,93,6,826,18,0,18,844
05/06/2001,BWI,MD,AEA,EN,Towers with Radar,607,142,141,1,891,0,4,3,2,9,607,146,144,3,900,21,0,21,921
05/07/2001,BWI,MD,AEA,EN,Towers with Radar,672,189,105,6,972,0,2,5,1,8,672,191,110,7,980,38,0,38,1018
05/08/2001,BWI,MD,AEA,EN,Towers with Radar,742,217,100,18,1077,0,2,6,0,8,742,219,106,18,1085,47,0,47,1132
05/09/2001,BWI,MD,AEA,EN,Towers with Radar,734,212,96,11,1053,0,5,8,0,13,734,217,104,11,1066,12,0,12,1078
05/10/2001,BWI,MD,AEA,EN,Towers with Radar,710,218,93,18,1039,0,1,9,0,10,710,219,102,18,1049,16,0,16,1065
05/11/2001,BWI,MD,AEA,EN,Towers with Radar,616,195,111,11,933,0,1,12,0,13,616,196,123,11,946,14,0,14,960
05/12/2001,BWI,MD,AEA,EN,Towers with Radar,604,118,77,6,805,0,3,6,2,11,604,121,83,8,816,2,0,2,818
05/13/2001,BWI,MD,AEA,EN,Towers with Radar,598,143,88,2,831,0,1,6,2,9,598,144,94,4,840,20,0,20,860
05/14/2001,BWI,MD,AEA,EN,Towers with Radar,657,193,102,3,955,0,1,9,0,10,657,194,111,3,965,2,0,2,967
05/15/2001,BWI,MD,AEA,EN,Towers with Radar,694,216,89,17,1016,0,1,7,0,8,694,217,96,17,1024,10,0,10,1034
05/16/2001,BWI,MD,AEA,EN,Towers with Radar,715,222,123,16,1076,0,2,11,1,14,715,224,134,17,1090,68,0,68,1158
05/17/2001,BWI,MD,AEA,EN,Towers with Radar,695,204,74,18,991,0,2,1,0,3,695,206,75,18,994,18,0,18,1012
05/18/2001,BWI,MD,AEA,EN,Towers with Radar,694,211,67,11,983,0,0,1,0,1,694,211,68,11,984,3,0,3,987
05/19/2001,BWI,MD,AEA,EN,Towers with Radar,613,121,50,10,794,0,0,3,2,5,613,121,53,12,799,5,0,5,804
05/20/2001,BWI,MD,AEA,EN,Towers with Radar,611,150,42,2,805,0,0,1,1,2,611,150,43,3,807,2,0,2,809
05/21/2001,BWI,MD,AEA,EN,Towers with Radar,667,178,52,5,902,0,0,1,0,1,667,178,53,5,903,0,0,0,903
05/22/2001,BWI,MD,AEA,EN,Towers with Radar,591,159,43,7,800,0,0,2,0,2,591,159,45,7,802,0,0,0,802
05/23/2001,BWI,MD,AEA,EN,Towers with Radar,745,207,91,10,1053,0,1,6,1,8,745,208,97,11,1061,1,0,1,1062
05/24/2001,BWI,MD,AEA,EN,Towers with Radar,696,205,93,19,1013,0,2,2,1,5,696,207,95,20,1018,0,0,0,1018
05/25/2001,BWI,MD,AEA,EN,Towers with Radar,687,194,46,9,936,0,2,1,0,3,687,196,47,9,939,0,0,0,939
05/26/2001,BWI,MD,AEA,EN,Towers with Radar,598,125,31,2,756,0,0,1,1,2,598,125,32,3,758,0,0,0,758
05/27/2001,BWI,MD,AEA,EN,Towers with Radar,543,119,45,2,709,0,0,1,0,1,543,119,46,2,710,5,0,5,715
05/28/2001,BWI,MD,AEA,EN,Towers with Radar,573,149,53,4,779,49,0,0,0,49,622,149,53,4,828,0,0,0,828
05/29/2001,BWI,MD,AEA,EN,Towers with Radar,668,186,95,10,959,0,0,5,0,5,668,186,100,10,964,0,0,0,964
05/30/2001,BWI,MD,AEA,EN,Towers with Radar,699,214,104,12,1029,1,1,5,1,8,700,215,109,13,1037,0,0,0,1037
05/31/2001,BWI,MD,AEA,EN,Towers with Radar,705,208,144,10,1067,0,3,6,0,9,705,211,150,10,1076,4,0,4,1080
06/01/2001,BWI,MD,AEA,EN,Towers with Radar,674,198,47,10,929,1,1,1,0,3,675,199,48,10,932,7,0,7,939
06/02/2001,BWI,MD,AEA,EN,Towers with Radar,614,127,45,6,792,1,0,3,0,4,615,127,48,6,796,0,0,0,796
06/03/2001,BWI,MD,AEA,EN,Towers with Radar,595,145,63,2,805,1,0,1,0,2,596,145,64,2,807,2,0,2,809
06/04/2001,BWI,MD,AEA,EN,Towers with Radar,626,200,101,8,935,1,0,5,0,6,627,200,106,8,941,0,0,0,941
06/05/2001,BWI,MD,AEA,EN,Towers with Radar,639,215,74,4,932,2,1,4,0,7,641,216,78,4,939,3,0,3,942
06/06/2001,BWI,MD,AEA,EN,Towers with Radar,648,205,96,7,956,1,0,3,0,4,649,205,99,7,960,4,0,4,964
06/07/2001,BWI,MD,AEA,EN,Towers with Radar,698,209,72,18,997,2,3,2,2,9,700,212,74,20,1006,3,0,3,1009
06/08/2001,BWI,MD,AEA,EN,Towers with Radar,697,219,140,10,1066,2,1,7,0,10,699,220,147,10,1076,2,0,2,1078
06/09/2001,BWI,MD,AEA,EN,Towers with Radar,583,127,170,7,887,1,1,7,0,9,584,128,177,7,896,6,0,6,902
06/10/2001,BWI,MD,AEA,EN,Towers with Radar,619,143,127,12,901,2,0,5,2,9,621,143,132,14,910,2,0,2,912
06/11/2001,BWI,MD,AEA,EN,Towers with Radar,642,191,102,8,943,1,0,4,0,5,643,191,106,8,948,5,0,5,953
06/12/2001,BWI,MD,AEA,EN,Towers with Radar,695,204,91,10,1000,2,3,2,2,9,697,207,93,12,1009,4,0,4,1013
06/13/2001,BWI,MD,AEA,EN,Towers with Radar,604,207,92,5,908,1,3,0,0,4,605,210,92,5,912,0,0,0,912
06/14/2001,BWI,MD,AEA,EN,Towers with Radar,691,192,54,11,948,1,2,1,0,4,692,194,55,11,952,23,0,23,975
06/15/2001,BWI,MD,AEA,EN,Towers with Radar,650,174,58,2,884,0,1,1,0,2,650,175,59,2,886,0,0,0,886
06/16/2001,BWI,MD,AEA,EN,Towers with Radar,609,112,14,2,737,0,1,0,2,3,609,113,14,4,740,0,0,0,740
06/17/2001,BWI,MD,AEA,EN,Towers with Radar,611,130,78,4,823,0,0,4,1,5,611,130,82,5,828,0,0,0,828
06/18/2001,BWI,MD,AEA,EN,Towers with Radar,670,199,141,5,1015,0,1,9,0,10,670,200,150,5,1025,0,0,0,1025
06/19/2001,BWI,MD,AEA,EN,Towers with Radar,665,207,122,6,1000,1,2,4,0,7,666,209,126,6,1007,4,0,4,1011
06/20/2001,BWI,MD,AEA,EN,Towers with Radar,601,172,135,4,912,0,2,5,1,8,601,174,140,5,920,5,0,5,925
06/21/2001,BWI,MD,AEA,EN,Towers with Radar,653,212,77,12,954,1,1,2,0,4,654,213,79,12,958,4,0,4,962
06/22/2001,BWI,MD,AEA,EN,Towers with Radar,595,159,55,9,818,0,0,0,0,0,595,159,55,9,818,3,0,3,821
06/23/2001,BWI,MD,AEA,EN,Towers with Radar,667,122,21,3,813,0,1,0,0,1,667,123,21,3,814,0,0,0,814
06/24/2001,BWI,MD,AEA,EN,Towers with Radar,626,141,97,6,870,1,1,2,0,4,627,142,99,6,874,0,0,0,874
06/25/2001,BWI,MD,AEA,EN,Towers with Radar,676,202,108,7,993,1,0,1,0,2,677,202,109,7,995,0,0,0,995
06/26/2001,BWI,MD,AEA,EN,Towers with Radar,663,210,103,12,988,1,2,6,4,13,664,212,109,16,1001,0,0,0,1001
06/27/2001,BWI,MD,AEA,EN,Towers with Radar,666,209,120,11,1006,0,1,3,0,4,666,210,123,11,1010,0,0,0,1010
06/28/2001,BWI,MD,AEA,EN,Towers with Radar,687,213,127,12,1039,2,2,3,0,7,689,215,130,12,1046,21,0,21,1067
06/29/2001,BWI,MD,AEA,EN,Towers with Radar,694,197,100,8,999,0,12,21,2,35,694,209,121,10,1034,0,0,0,1034
06/30/2001,BWI,MD,AEA,EN,Towers with Radar,589,126,70,3,788,0,2,0,2,4,589,128,70,5,792,19,0,19,811
07/01/2001,BWI,MD,AEA,EN,Towers with Radar,509,96,82,2,689,0,0,3,0,3,509,96,85,2,692,0,0,0,692
07/02/2001,BWI,MD,AEA,EN,Towers with Radar,699,193,132,2,1026,0,0,6,2,8,699,193,138,4,1034,9,0,9,1043
07/03/2001,BWI,MD,AEA,EN,Towers with Radar,652,203,95,1,951,0,4,5,1,10,652,207,100,2,961,11,0,11,972
07/04/2001,BWI,MD,AEA,EN,Towers with Radar,519,143,22,2,686,77,28,0,0,105,596,171,22,2,791,0,0,0,791
07/05/2001,BWI,MD,AEA,EN,Towers with Radar,608,180,69,6,863,0,0,3,3,6,608,180,72,9,869,0,0,0,869
07/06/2001,BWI,MD,AEA,EN,Towers with Radar,668,215,146,5,1034,0,1,11,2,14,668,216,157,7,1048,1,0,1,1049
07/07/2001,BWI,MD,AEA,EN,Towers with Radar,601,122,124,7,854,0,2,2,0,4,601,124,126,7,858,0,0,0,858
07/08/2001,BWI,MD,AEA,EN,Towers with Radar,575,129,44,8,756,0,1,0,1,2,575,130,44,9,758,0,0,0,758
07/09/2001,BWI,MD,AEA,EN,Towers with Radar,643,193,101,7,944,0,0,5,0,5,643,193,106,7,949,3,0,3,952
07/10/2001,BWI,MD,AEA,EN,Towers with Radar,600,169,101,7,877,0,1,3,0,4,600,170,104,7,881,18,0,18,899
07/11/2001,BWI,MD,AEA,EN,Towers with Radar,720,204,107,18,1049,0,0,2,0,2,720,204,109,18,1051,2,0,2,1053
07/12/2001,BWI,MD,AEA,EN,Towers with Radar,679,204,127,16,1026,0,3,4,0,7,679,207,131,16,1033,0,0,0,1033
07/13/2001,BWI,MD,AEA,EN,Towers with Radar,685,204,143,7,1039,0,3,1,0,4,685,207,144,7,1043,0,0,0,1043
07/14/2001,BWI,MD,AEA,EN,Towers with Radar,609,136,125,8,878,0,3,2,0,5,609,139,127,8,883,0,0,0,883
07/15/2001,BWI,MD,AEA,EN,Towers with Radar,619,144,95,7,865,10,0,64,0,74,629,144,159,7,939,4,0,4,943
07/16/2001,BWI,MD,AEA,EN,Towers with Radar,668,186,119,5,978,0,0,8,0,8,668,186,127,5,986,2,0,2,988
07/17/2001,BWI,MD,AEA,EN,Towers with Radar,667,201,88,7,963,0,1,4,0,5,667,202,92,7,968,2,0,2,970
07/18/2001,BWI,MD,AEA,EN,Towers with Radar,674,203,52,8,937,0,0,0,0,0,674,203,52,8,937,0,0,0,937
07/19/2001,BWI,MD,AEA,EN,Towers with Radar,696,216,88,26,1026,0,3,2,0,5,696,219,90,26,1031,0,0,0,1031
07/20/2001,BWI,MD,AEA,EN,Towers with Radar,682,202,133,18,1035,0,2,3,0,5,682,204,136,18,1040,0,0,0,1040
07/21/2001,BWI,MD,AEA,EN,Towers with Radar,608,130,154,7,899,0,3,13,0,16,608,133,167,7,915,6,0,6,921
07/22/2001,BWI,MD,AEA,EN,Towers with Radar,619,137,174,3,933,0,2,8,0,10,619,139,182,3,943,1,0,1,944
07/23/2001,BWI,MD,AEA,EN,Towers with Radar,640,181,74,10,905,0,0,1,0,1,640,181,75,10,906,2,0,2,908
07/24/2001,BWI,MD,AEA,EN,Towers with Radar,680,206,76,10,972,0,2,1,0,3,680,208,77,10,975,1,0,1,976
07/25/2001,BWI,MD,AEA,EN,Towers with Radar,640,202,48,12,902,0,0,5,0,5,640,202,53,12,907,1,0,1,908
07/26/2001,BWI,MD,AEA,EN,Towers with Radar,657,178,54,11,900,0,5,1,1,7,657,183,55,12,907,0,0,0,907
07/27/2001,BWI,MD,AEA,EN,Towers with Radar,694,208,121,11,1034,0,1,2,1,4,694,209,123,12,1038,8,0,8,1046
07/28/2001,BWI,MD,AEA,EN,Towers with Radar,617,135,103,7,862,0,2,7,0,9,617,137,110,7,871,1,0,1,872
07/29/2001,BWI,MD,AEA,EN,Towers with Radar,591,147,31,1,770,0,0,0,0,0,591,147,31,1,770,1,0,1,771
07/30/2001,BWI,MD,AEA,EN,Towers with Radar,668,201,69,8,946,0,0,0,0,0,668,201,69,8,946,2,0,2,948
07/31/2001,BWI,MD,AEA,EN,Towers with Radar,675,215,97,13,1000,0,0,3,1,4,675,215,100,14,1004,4,0,4,1008
08/01/2001,BWI,MD,AEA,EN,Towers with Radar,694,212,108,7,1021,0,0,0,1,1,694,212,108,8,1022,0,0,0,1022
08/02/2001,BWI,MD,AEA,EN,Towers with Radar,699,207,136,9,1051,0,2,6,0,8,699,209,142,9,1059,1,0,1,1060
08/03/2001,BWI,MD,AEA,EN,Towers with Radar,681,203,113,7,1004,0,1,11,0,12,681,204,124,7,1016,0,0,0,1016
08/04/2001,BWI,MD,AEA,EN,Towers with Radar,579,136,62,2,779,0,0,1,0,1,579,136,63,2,780,2,0,2,782
08/05/2001,BWI,MD,AEA,EN,Towers with Radar,619,147,85,4,855,0,0,1,0,1,619,147,86,4,856,0,0,0,856
08/06/2001,BWI,MD,AEA,EN,Towers with Radar,655,188,79,1,923,0,1,1,0,2,655,189,80,1,925,6,0,6,931
08/07/2001,BWI,MD,AEA,EN,Towers with Radar,670,207,89,9,975,0,3,2,0,5,670,210,91,9,980,0,0,0,980
08/08/2001,BWI,MD,AEA,EN,Towers with Radar,691,202,84,7,984,2,2,2,0,6,693,204,86,7,990,0,0,0,990
08/09/2001,BWI,MD,AEA,EN,Towers with Radar,662,212,83,12,969,0,0,7,0,7,662,212,90,12,976,0,0,0,976
08/10/2001,BWI,MD,AEA,EN,Towers with Radar,661,165,59,4,889,0,0,1,0,1,661,165,60,4,890,0,0,0,890
08/11/2001,BWI,MD,AEA,EN,Towers with Radar,562,130,26,6,724,0,0,0,0,0,562,130,26,6,724,0,0,0,724
08/12/2001,BWI,MD,AEA,EN,Towers with Radar,589,113,26,3,731,0,0,0,0,0,589,113,26,3,731,0,0,0,731
08/13/2001,BWI,MD,AEA,EN,Towers with Radar,594,149,71,17,831,0,0,1,0,1,594,149,72,17,832,0,0,0,832
08/14/2001,BWI,MD,AEA,EN,Towers with Radar,685,208,72,7,972,0,0,4,0,4,685,208,76,7,976,2,0,2,978
08/15/2001,BWI,MD,AEA,EN,Towers with Radar,674,209,116,3,1002,2,0,10,0,12,676,209,126,3,1014,0,0,0,1014
08/16/2001,BWI,MD,AEA,EN,Towers with Radar,701,203,146,15,1065,0,0,5,0,5,701,203,151,15,1070,0,0,0,1070
08/17/2001,BWI,MD,AEA,EN,Towers with Radar,667,207,80,15,969,0,0,1,0,1,667,207,81,15,970,0,0,0,970
08/18/2001,BWI,MD,AEA,EN,Towers with Radar,601,140,115,3,859,0,0,10,2,12,601,140,125,5,871,2,0,2,873
08/19/2001,BWI,MD,AEA,EN,Towers with Radar,598,135,41,3,777,0,0,0,0,0,598,135,41,3,777,0,0,0,777
08/20/2001,BWI,MD,AEA,EN,Towers with Radar,641,179,84,5,909,0,0,1,0,1,641,179,85,5,910,0,0,0,910
08/21/2001,BWI,MD,AEA,EN,Towers with Radar,691,194,97,2,984,1,1,0,0,2,692,195,97,2,986,0,0,0,986
08/22/2001,BWI,MD,AEA,EN,Towers with Radar,683,203,125,10,1021,0,1,5,2,8,683,204,130,12,1029,0,0,0,1029
08/23/2001,BWI,MD,AEA,EN,Towers with Radar,678,205,80,10,973,0,2,2,1,5,678,207,82,11,978,0,0,0,978
08/24/2001,BWI,MD,AEA,EN,Towers with Radar,592,145,96,7,840,0,0,28,3,31,592,145,124,10,871,2,0,2,873
08/25/2001,BWI,MD,AEA,EN,Towers with Radar,591,144,121,0,856,1,1,3,0,5,592,145,124,0,861,2,0,2,863
08/26/2001,BWI,MD,AEA,EN,Towers with Radar,592,135,136,9,872,1,2,3,2,8,593,137,139,11,880,0,0,0,880
08/27/2001,BWI,MD,AEA,EN,Towers with Radar,607,174,59,8,848,0,0,0,0,0,607,174,59,8,848,5,0,5,853
08/28/2001,BWI,MD,AEA,EN,Towers with Radar,668,181,69,10,928,0,2,0,0,2,668,183,69,10,930,4,0,4,934
08/29/2001,BWI,MD,AEA,EN,Towers with Radar,660,202,101,5,968,0,0,5,1,6,660,202,106,6,974,1,0,1,975
08/30/2001,BWI,MD,AEA,EN,Towers with Radar,505,159,49,4,717,0,1,0,0,1,505,160,49,4,718,0,0,0,718
08/31/2001,BWI,MD,AEA,EN,Towers with Radar,663,181,55,5,904,0,1,1,0,2,663,182,56,5,906,2,0,2,908
09/01/2001,BWI,MD,AEA,EN,Towers with Radar,628,135,146,1,910,0,0,1,0,1,628,135,147,1,911,9,0,9,920
09/02/2001,BWI,MD,AEA,EN,Towers with Radar,535,97,130,0,762,0,2,1,1,4,535,99,131,1,766,1,0,1,767
09/03/2001,BWI,MD,AEA,EN,Towers with Radar,604,145,134,4,887,0,0,6,0,6,604,145,140,4,893,2,0,2,895
09/04/2001,BWI,MD,AEA,EN,Towers with Radar,625,164,61,10,860,0,1,1,0,2,625,165,62,10,862,0,0,0,862
09/05/2001,BWI,MD,AEA,EN,Towers with Radar,682,211,109,3,1005,1,3,10,0,14,683,214,119,3,1019,0,0,0,1019
09/06/2001,BWI,MD,AEA,EN,Towers with Radar,669,203,120,18,1010,2,3,8,0,13,671,206,128,18,1023,2,2,4,1027
09/07/2001,BWI,MD,AEA,EN,Towers with Radar,664,197,114,19,994,0,2,6,1,9,664,199,120,20,1003,2,0,2,1005
09/08/2001,BWI,MD,AEA,EN,Towers with Radar,617,130,109,6,862,0,1,3,0,4,617,131,112,6,866,0,0,0,866
09/09/2001,BWI,MD,AEA,EN,Towers with Radar,593,146,132,3,874,0,0,4,2,6,593,146,136,5,880,0,0,0,880
09/10/2001,BWI,MD,AEA,EN,Towers with Radar,606,170,43,7,826,1,0,2,0,3,607,170,45,7,829,0,0,0,829
09/11/2001,BWI,MD,AEA,EN,Towers with Radar,230,62,25,5,322,1,2,1,0,4,231,64,26,5,326,0,0,0,326
09/12/2001,BWI,MD,AEA,EN,Towers with Radar,2,1,3,1,7,0,0,0,1,1,2,1,3,2,8,0,0,0,8
09/13/2001,BWI,MD,AEA,EN,Towers with Radar,44,22,15,7,88,0,0,0,0,0,44,22,15,7,88,0,0,0,88
09/14/2001,BWI,MD,AEA,EN,Towers with Radar,320,117,12,10,459,0,0,0,0,0,320,117,12,10,459,0,0,0,459
09/15/2001,BWI,MD,AEA,EN,Towers with Radar,450,109,27,1,587,0,0,0,2,2,450,109,27,3,589,0,0,0,589
09/16/2001,BWI,MD,AEA,EN,Towers with Radar,505,128,10,5,648,0,0,0,0,0,505,128,10,5,648,0,0,0,648
09/17/2001,BWI,MD,AEA,EN,Towers with Radar,579,181,37,8,805,0,0,0,0,0,579,181,37,8,805,0,0,0,805
09/18/2001,BWI,MD,AEA,EN,Towers with Radar,633,199,33,5,870,0,0,0,0,0,633,199,33,5,870,0,0,0,870
09/19/2001,BWI,MD,AEA,EN,Towers with Radar,659,207,56,10,932,0,0,0,5,5,659,207,56,15,937,0,0,0,937
09/20/2001,BWI,MD,AEA,EN,Towers with Radar,678,194,49,10,931,0,0,0,1,1,678,194,49,11,932,6,0,6,938
09/21/2001,BWI,MD,AEA,EN,Towers with Radar,666,193,59,8,926,0,1,0,2,3,666,194,59,10,929,1,0,1,930
09/22/2001,BWI,MD,AEA,EN,Towers with Radar,536,124,64,7,731,0,0,1,0,1,536,124,65,7,732,0,0,0,732
09/23/2001,BWI,MD,AEA,EN,Towers with Radar,574,144,81,13,812,0,0,0,0,0,574,144,81,13,812,2,0,2,814
09/24/2001,BWI,MD,AEA,EN,Towers with Radar,626,182,35,6,849,0,0,0,0,0,626,182,35,6,849,0,0,0,849
09/25/2001,BWI,MD,AEA,EN,Towers with Radar,661,201,57,8,927,0,0,0,0,0,661,201,57,8,927,2,0,2,929
09/26/2001,BWI,MD,AEA,EN,Towers with Radar,653,206,106,18,983,0,0,0,1,1,653,206,106,19,984,1,0,1,985
09/27/2001,BWI,MD,AEA,EN,Towers with Radar,661,215,72,14,962,0,0,0,1,1,661,215,72,15,963,0,0,0,963
09/28/2001,BWI,MD,AEA,EN,Towers with Radar,670,194,80,11,955,0,0,0,2,2,670,194,80,13,957,0,0,0,957
09/29/2001,BWI,MD,AEA,EN,Towers with Radar,542,124,69,13,748,0,1,0,3,4,542,125,69,16,752,0,0,0,752
09/30/2001,BWI,MD,AEA,EN,Towers with Radar,557,162,69,8,796,0,0,0,0,0,557,162,69,8,796,0,0,0,796
10/01/2001,BWI,MD,AEA,EN,Towers with Radar,600,182,55,8,845,0,0,2,1,3,600,182,57,9,848,0,0,0,848
10/02/2001,BWI,MD,AEA,EN,Towers with Radar,634,211,89,10,944,0,0,0,1,1,634,211,89,11,945,0,0,0,945
10/03/2001,BWI,MD,AEA,EN,Towers with Radar,652,219,106,15,992,0,1,1,1,3,652,220,107,16,995,8,0,8,1003
10/04/2001,BWI,MD,AEA,EN,Towers with Radar,683,231,73,21,1008,0,0,0,0,0,683,231,73,21,1008,0,0,0,1008
10/05/2001,BWI,MD,AEA,EN,Towers with Radar,651,215,94,11,971,0,0,0,1,1,651,215,94,12,972,0,0,0,972
10/06/2001,BWI,MD,AEA,EN,Towers with Radar,572,131,35,7,745,0,0,2,0,2,572,131,37,7,747,0,0,0,747
10/07/2001,BWI,MD,AEA,EN,Towers with Radar,561,135,56,14,766,0,0,0,0,0,561,135,56,14,766,0,0,0,766
10/08/2001,BWI,MD,AEA,EN,Towers with Radar,602,186,61,7,856,0,1,1,2,4,602,187,62,9,860,0,0,0,860
10/09/2001,BWI,MD,AEA,EN,Towers with Radar,620,200,85,13,918,0,0,0,4,4,620,200,85,17,922,0,0,0,922
10/10/2001,BWI,MD,AEA,EN,Towers with Radar,667,223,92,24,1006,0,2,2,0,4,667,225,94,24,1010,0,0,0,1010
10/11/2001,BWI,MD,AEA,EN,Towers with Radar,624,209,110,16,959,0,2,0,0,2,624,211,110,16,961,0,0,0,961
10/12/2001,BWI,MD,AEA,EN,Towers with Radar,614,208,90,17,929,0,0,1,2,3,614,208,91,19,932,1,0,1,933
10/13/2001,BWI,MD,AEA,EN,Towers with Radar,543,140,70,10,763,0,0,0,0,0,543,140,70,10,763,1,0,1,764
10/14/2001,BWI,MD,AEA,EN,Towers with Radar,524,144,48,5,721,0,1,0,2,3,524,145,48,7,724,0,0,0,724
10/15/2001,BWI,MD,AEA,EN,Towers with Radar,602,183,75,23,883,0,0,0,0,0,602,183,75,23,883,0,0,0,883
10/16/2001,BWI,MD,AEA,EN,Towers with Radar,628,198,46,4,876,0,0,0,0,0,628,198,46,4,876,0,0,0,876
10/17/2001,BWI,MD,AEA,EN,Towers with Radar,608,217,51,6,882,0,3,1,0,4,608,220,52,6,886,0,0,0,886
10/18/2001,BWI,MD,AEA,EN,Towers with Radar,609,206,92,18,925,0,1,0,2,3,609,207,92,20,928,0,0,0,928
10/19/2001,BWI,MD,AEA,EN,Towers with Radar,629,210,93,22,954,2,0,0,2,4,631,210,93,24,958,0,0,0,958
10/20/2001,BWI,MD,AEA,EN,Towers with Radar,541,132,85,7,765,0,0,1,2,3,541,132,86,9,768,0,0,0,768
10/21/2001,BWI,MD,AEA,EN,Towers with Radar,540,147,79,10,776,0,0,0,1,1,540,147,79,11,777,0,0,0,777
10/22/2001,BWI,MD,AEA,EN,Towers with Radar,599,190,100,12,901,0,1,0,1,2,599,191,100,13,903,0,0,0,903
10/23/2001,BWI,MD,AEA,EN,Towers with Radar,622,216,56,10,904,0,4,0,0,4,622,220,56,10,908,0,0,0,908
10/24/2001,BWI,MD,AEA,EN,Towers with Radar,618,213,108,12,951,1,0,6,2,9,619,213,114,14,960,2,0,2,962
10/25/2001,BWI,MD,AEA,EN,Towers with Radar,631,216,76,13,936,0,0,1,0,1,631,216,77,13,937,6,0,6,943
10/26/2001,BWI,MD,AEA,EN,Towers with Radar,631,208,67,13,919,0,0,1,0,1,631,208,68,13,920,0,0,0,920
10/27/2001,BWI,MD,AEA,EN,Towers with Radar,514,129,48,8,699,0,1,0,0,1,514,130,48,8,700,2,0,2,702
10/28/2001,BWI,MD,AEA,EN,Towers with Radar,483,129,97,5,714,0,0,0,2,2,483,129,97,7,716,3,0,3,719
10/29/2001,BWI,MD,AEA,EN,Towers with Radar,602,190,86,11,889,0,0,1,1,2,602,190,87,12,891,1,0,1,892
10/30/2001,BWI,MD,AEA,EN,Towers with Radar,588,212,79,15,894,0,0,0,0,0,588,212,79,15,894,0,0,0,894
10/31/2001,BWI,MD,AEA,EN,Towers with Radar,607,214,66,15,902,0,1,0,3,4,607,215,66,18,906,0,0,0,906
11/01/2001,BWI,MD,AEA,EN,Towers with Radar,602,215,69,16,902,1,0,0,0,1,603,215,69,16,903,0,0,0,903
11/02/2001,BWI,MD,AEA,EN,Towers with Radar,626,211,66,22,925,0,1,0,1,2,626,212,66,23,927,0,0,0,927
11/03/2001,BWI,MD,AEA,EN,Towers with Radar,523,135,64,14,736,0,0,1,1,2,523,135,65,15,738,4,0,4,742
11/04/2001,BWI,MD,AEA,EN,Towers with Radar,510,141,45,5,701,0,0,3,0,3,510,141,48,5,704,0,0,0,704
11/05/2001,BWI,MD,AEA,EN,Towers with Radar,583,198,42,8,831,0,1,1,1,3,583,199,43,9,834,0,0,0,834
11/06/2001,BWI,MD,AEA,EN,Towers with Radar,650,209,50,15,924,1,1,1,3,6,651,210,51,18,930,1,0,1,931
11/07/2001,BWI,MD,AEA,EN,Towers with Radar,673,234,80,20,1007,0,3,0,1,4,673,237,80,21,1011,2,0,2,1013
11/08/2001,BWI,MD,AEA,EN,Towers with Radar,612,225,73,15,925,0,1,2,0,3,612,226,75,15,928,4,0,4,932
11/09/2001,BWI,MD,AEA,EN,Towers with Radar,640,223,60,16,939,0,2,0,0,2,640,225,60,16,941,0,0,0,941
11/10/2001,BWI,MD,AEA,EN,Towers with Radar,532,141,63,9,745,0,3,0,0,3,532,144,63,9,748,2,0,2,750
11/11/2001,BWI,MD,AEA,EN,Towers with Radar,534,144,77,7,762,0,1,3,4,8,534,145,80,11,770,8,0,8,778
11/12/2001,BWI,MD,AEA,EN,Towers with Radar,609,192,64,4,869,0,0,2,0,2,609,192,66,4,871,3,0,3,874
11/13/2001,BWI,MD,AEA,EN,Towers with Radar,647,244,58,17,966,0,5,1,1,7,647,249,59,18,973,6,0,6,979
11/14/2001,BWI,MD,AEA,EN,Towers with Radar,631,225,74,15,945,0,5,0,0,5,631,230,74,15,950,0,0,0,950
11/15/2001,BWI,MD,AEA,EN,Towers with Radar,616,224,93,9,942,0,4,2,0,6,616,228,95,9,948,0,0,0,948
11/16/2001,BWI,MD,AEA,EN,Towers with Radar,611,227,77,6,921,1,4,1,3,9,612,231,78,9,930,2,0,2,932
11/17/2001,BWI,MD,AEA,EN,Towers with Radar,528,131,45,6,710,0,2,0,0,2,528,133,45,6,712,0,0,0,712
11/18/2001,BWI,MD,AEA,EN,Towers with Radar,548,151,74,2,775,0,2,1,0,3,548,153,75,2,778,11,0,11,789
11/19/2001,BWI,MD,AEA,EN,Towers with Radar,590,171,49,11,821,0,5,1,0,6,590,176,50,11,827,4,0,4,831
11/20/2001,BWI,MD,AEA,EN,Towers with Radar,649,226,70,11,956,0,6,0,1,7,649,232,70,12,963,3,0,3,966
11/21/2001,BWI,MD,AEA,EN,Towers with Radar,635,224,72,18,949,0,5,0,0,5,635,229,72,18,954,0,0,0,954
11/22/2001,BWI,MD,AEA,EN,Towers with Radar,481,130,33,0,644,0,3,1,0,4,481,133,34,0,648,1,0,1,649
11/23/2001,BWI,MD,AEA,EN,Towers with Radar,449,112,56,9,626,0,6,0,0,6,449,118,56,9,632,12,0,12,644
11/24/2001,BWI,MD,AEA,EN,Towers with Radar,498,128,12,0,638,0,0,0,0,0,498,128,12,0,638,0,0,0,638
11/25/2001,BWI,MD,AEA,EN,Towers with Radar,530,171,36,2,739,0,0,0,0,0,530,171,36,2,739,0,0,0,739
11/26/2001,BWI,MD,AEA,EN,Towers with Radar,626,215,95,13,949,0,4,0,1,5,626,219,95,14,954,7,0,7,961
11/27/2001,BWI,MD,AEA,EN,Towers with Radar,639,214,35,7,895,0,5,0,0,5,639,219,35,7,900,2,0,2,902
11/28/2001,BWI,MD,AEA,EN,Towers with Radar,654,216,64,8,942,0,0,1,2,3,654,216,65,10,945,0,0,0,945
11/29/2001,BWI,MD,AEA,EN,Towers with Radar,629,210,26,6,871,0,0,0,0,0,629,210,26,6,871,0,0,0,871
11/30/2001,BWI,MD,AEA,EN,Towers with Radar,640,217,34,13,904,0,0,0,0,0,640,217,34,13,904,1,0,1,905
12/01/2001,BWI,MD,AEA,EN,Towers with Radar,524,136,80,16,756,1,0,0,0,1,525,136,80,16,757,2,0,2,759
12/02/2001,BWI,MD,AEA,EN,Towers with Radar,520,145,84,11,760,0,0,0,1,1,520,145,84,12,761,1,0,1,762
12/03/2001,BWI,MD,AEA,EN,Towers with Radar,571,201,60,12,844,0,2,0,0,2,571,203,60,12,846,1,0,1,847
12/04/2001,BWI,MD,AEA,EN,Towers with Radar,607,210,60,16,893,0,3,2,1,6,607,213,62,17,899,1,0,1,900
12/05/2001,BWI,MD,AEA,EN,Towers with Radar,623,222,95,14,954,0,5,2,0,7,623,227,97,14,961,1,0,1,962
12/06/2001,BWI,MD,AEA,EN,Towers with Radar,631,214,55,13,913,1,3,3,0,7,632,217,58,13,920,2,0,2,922
12/07/2001,BWI,MD,AEA,EN,Towers with Radar,614,210,60,15,899,0,1,0,1,2,614,211,60,16,901,4,0,4,905
12/08/2001,BWI,MD,AEA,EN,Towers with Radar,494,133,25,3,655,0,1,0,0,1,494,134,25,3,656,3,0,3,659
12/09/2001,BWI,MD,AEA,EN,Towers with Radar,516,146,31,9,702,0,0,2,0,2,516,146,33,9,704,0,0,0,704
12/10/2001,BWI,MD,AEA,EN,Towers with Radar,587,201,65,24,877,0,1,2,3,6,587,202,67,27,883,0,0,0,883
12/11/2001,BWI,MD,AEA,EN,Towers with Radar,588,231,53,10,882,0,0,2,1,3,588,231,55,11,885,9,0,9,894
12/12/2001,BWI,MD,AEA,EN,Towers with Radar,611,235,55,7,908,0,0,0,0,0,611,235,55,7,908,8,0,8,916
12/13/2001,BWI,MD,AEA,EN,Towers with Radar,623,222,45,2,892,1,0,0,0,1,624,222,45,2,893,0,0,0,893
12/14/2001,BWI,MD,AEA,EN,Towers with Radar,601,223,21,11,856,0,0,0,0,0,601,223,21,11,856,0,0,0,856
12/15/2001,BWI,MD,AEA,EN,Towers with Radar,515,143,68,9,735,0,1,4,0,5,515,144,72,9,740,6,0,6,746
12/16/2001,BWI,MD,AEA,EN,Towers with Radar,530,161,89,7,787,0,0,1,0,1,530,161,90,7,788,0,0,0,788
12/17/2001,BWI,MD,AEA,EN,Towers with Radar,577,206,42,20,845,0,1,0,2,3,577,207,42,22,848,7,0,7,855
12/18/2001,BWI,MD,AEA,EN,Towers with Radar,611,208,29,8,856,0,2,0,1,3,611,210,29,9,859,0,0,0,859
12/19/2001,BWI,MD,AEA,EN,Towers with Radar,610,229,66,9,914,0,6,2,0,8,610,235,68,9,922,5,0,5,927
12/20/2001,BWI,MD,AEA,EN,Towers with Radar,609,222,51,8,890,0,6,5,2,13,609,228,56,10,903,4,0,4,907
12/21/2001,BWI,MD,AEA,EN,Towers with Radar,620,224,62,11,917,0,2,5,0,7,620,226,67,11,924,2,0,2,926
12/22/2001,BWI,MD,AEA,EN,Towers with Radar,541,139,109,5,794,0,4,3,0,7,541,143,112,5,801,0,0,0,801
12/23/2001,BWI,MD,AEA,EN,Towers with Radar,477,148,58,2,685,0,0,2,0,2,477,148,60,2,687,2,0,2,689
12/24/2001,BWI,MD,AEA,EN,Towers with Radar,434,143,37,2,616,0,2,5,0,7,434,145,42,2,623,2,0,2,625
12/25/2001,BWI,MD,AEA,EN,Towers with Radar,427,135,20,1,583,0,1,1,0,2,427,136,21,1,585,2,0,2,587
12/26/2001,BWI,MD,AEA,EN,Towers with Radar,562,192,78,4,836,0,2,0,0,2,562,194,78,4,838,1,0,1,839
12/27/2001,BWI,MD,AEA,EN,Towers with Radar,577,191,80,15,863,0,6,3,0,9,577,197,83,15,872,6,0,6,878
12/28/2001,BWI,MD,AEA,EN,Towers with Radar,575,191,71,7,844,1,7,1,0,9,576,198,72,7,853,0,0,0,853
12/29/2001,BWI,MD,AEA,EN,Towers with Radar,509,139,73,2,723,0,2,0,0,2,509,141,73,2,725,2,0,2,727
12/30/2001,BWI,MD,AEA,EN,Towers with Radar,470,143,37,4,654,0,0,5,0,5,470,143,42,4,659,0,0,0,659
12/31/2001,BWI,MD,AEA,EN,Towers with Radar,456,148,49,5,658,1,4,4,0,9,457,152,53,5,667,6,0,6,673
01/01/2002,BWI,MD,AEA,EN,Towers with Radar,434,150,46,3,633,40,0,9,0,49,474,150,55,3,682,0,0,0,682
01/02/2002,BWI,MD,AEA,EN,Towers with Radar,534,194,60,5,793,0,0,32,0,32,534,194,92,5,825,0,0,0,825
01/03/2002,BWI,MD,AEA,EN,Towers with Radar,550,185,37,6,778,57,0,0,0,57,607,185,37,6,835,0,0,0,835
01/04/2002,BWI,MD,AEA,EN,Towers with Radar,590,208,56,8,862,21,8,0,7,36,611,216,56,15,898,3,0,3,901
01/05/2002,BWI,MD,AEA,EN,Towers with Radar,484,171,50,7,712,127,45,6,8,186,611,216,56,15,898,0,0,0,898
01/06/2002,BWI,MD,AEA,EN,Towers with Radar,414,138,13,2,567,56,0,0,0,56,470,138,13,2,623,1,0,1,624
01/07/2002,BWI,MD,AEA,EN,Towers with Radar,499,176,28,7,710,48,13,0,0,61,547,189,28,7,771,0,0,0,771
01/08/2002,BWI,MD,AEA,EN,Towers with Radar,555,210,61,8,834,0,16,0,3,19,555,226,61,11,853,0,0,0,853
01/09/2002,BWI,MD,AEA,EN,Towers with Radar,583,212,62,8,865,0,11,13,0,24,583,223,75,8,889,2,0,2,891
01/10/2002,BWI,MD,AEA,EN,Towers with Radar,569,217,66,9,861,0,0,8,5,13,569,217,74,14,874,1,0,1,875
01/11/2002,BWI,MD,AEA,EN,Towers with Radar,574,203,37,8,822,16,21,0,5,42,590,224,37,13,864,2,0,2,866
01/12/2002,BWI,MD,AEA,EN,Towers with Radar,460,138,49,6,653,0,0,34,1,35,460,138,83,7,688,0,0,0,688
01/13/2002,BWI,MD,AEA,EN,Towers with Radar,425,149,30,5,609,49,0,0,0,49,474,149,30,5,658,0,0,0,658
01/14/2002,BWI,MD,AEA,EN,Towers with Radar,568,209,63,5,845,0,19,27,0,46,568,228,90,5,891,0,0,0,891
01/15/2002,BWI,MD,AEA,EN,Towers with Radar,575,206,62,5,848,0,21,5,0,26,575,227,67,5,874,0,0,0,874
01/16/2002,BWI,MD,AEA,EN,Towers with Radar,578,218,65,8,869,0,9,6,5,20,578,227,71,13,889,0,0,0,889
01/17/2002,BWI,MD,AEA,EN,Towers with Radar,584,220,62,8,874,0,0,0,15,15,584,220,62,23,889,8,0,8,897
01/18/2002,BWI,MD,AEA,EN,Towers with Radar,568,215,64,6,853,0,7,8,0,15,568,222,72,6,868,0,0,0,868
01/19/2002,BWI,MD,AEA,EN,Towers with Radar,324,114,6,2,446,116,17,0,0,133,440,131,6,2,579,0,0,0,579
01/20/2002,BWI,MD,AEA,EN,Towers with Radar,464,163,47,2,676,5,0,2,0,7,469,163,49,2,683,0,0,0,683
01/21/2002,BWI,MD,AEA,EN,Towers with Radar,526,191,50,2,769,0,11,0,0,11,526,202,50,2,780,1,0,1,781
01/22/2002,BWI,MD,AEA,EN,Towers with Radar,578,219,63,8,868,0,10,28,1,39,578,229,91,9,907,2,0,2,909
01/23/2002,BWI,MD,AEA,EN,Towers with Radar,594,213,26,7,840,0,12,0,3,15,594,225,26,10,855,0,0,0,855
01/24/2002,BWI,MD,AEA,EN,Towers with Radar,588,208,41,5,842,3,3,0,0,6,591,211,41,5,848,0,0,0,848
01/25/2002,BWI,MD,AEA,EN,Towers with Radar,590,235,71,12,908,0,4,1,0,5,590,239,72,12,913,0,0,0,913
01/26/2002,BWI,MD,AEA,EN,Towers with Radar,479,135,50,6,670,0,0,71,0,71,479,135,121,6,741,4,0,4,745
01/27/2002,BWI,MD,AEA,EN,Towers with Radar,475,166,53,2,696,0,0,22,0,22,475,166,75,2,718,0,0,0,718
01/28/2002,BWI,MD,AEA,EN,Towers with Radar,549,205,60,8,822,0,4,20,8,32,549,209,80,16,854,3,0,3,857
01/29/2002,BWI,MD,AEA,EN,Towers with Radar,590,222,65,8,885,0,21,30,0,51,590,243,95,8,936,2,0,2,938
01/30/2002,BWI,MD,AEA,EN,Towers with Radar,562,212,64,1,839,0,0,4,0,4,562,212,68,1,843,0,0,0,843
01/31/2002,BWI,MD,AEA,EN,Towers with Radar,534,190,21,4,749,23,6,0,0,29,557,196,21,4,778,0,0,0,778
02/01/2002,BWI,MD,AEA,EN,Towers with Radar,588,170,27,6,791,0,1,1,0,2,588,171,28,6,793,0,0,0,793
02/02/2002,BWI,MD,AEA,EN,Towers with Radar,475,144,62,4,685,0,0,4,0,4,475,144,66,4,689,7,0,7,696
02/03/2002,BWI,MD,AEA,EN,Towers with Radar,460,156,97,8,721,0,0,3,0,3,460,156,100,8,724,0,0,0,724
02/04/2002,BWI,MD,AEA,EN,Towers with Radar,532,195,26,10,763,0,0,1,0,1,532,195,27,10,764,0,0,0,764
02/05/2002,BWI,MD,AEA,EN,Towers with Radar,589,212,68,12,881,0,4,3,0,7,589,216,71,12,888,3,0,3,891
02/06/2002,BWI,MD,AEA,EN,Towers with Radar,577,213,89,11,890,0,3,3,0,6,577,216,92,11,896,2,0,2,898
02/07/2002,BWI,MD,AEA,EN,Towers with Radar,568,241,31,5,845,0,1,1,0,2,568,242,32,5,847,0,0,0,847
02/08/2002,BWI,MD,AEA,EN,Towers with Radar,593,232,89,16,930,0,2,8,0,10,593,234,97,16,940,0,0,0,940
02/09/2002,BWI,MD,AEA,EN,Towers with Radar,472,136,112,5,725,0,3,8,0,11,472,139,120,5,736,0,0,0,736
02/10/2002,BWI,MD,AEA,EN,Towers with Radar,478,154,32,3,667,0,0,1,0,1,478,154,33,3,668,2,0,2,670
02/11/2002,BWI,MD,AEA,EN,Towers with Radar,561,200,41,4,806,0,3,4,0,7,561,203,45,4,813,1,0,1,814
02/12/2002,BWI,MD,AEA,EN,Towers with Radar,574,216,80,12,882,0,5,6,0,11,574,221,86,12,893,5,0,5,898
02/13/2002,BWI,MD,AEA,EN,Towers with Radar,591,228,60,9,888,0,5,5,1,11,591,233,65,10,899,0,0,0,899
02/14/2002,BWI,MD,AEA,EN,Towers with Radar,599,225,62,10,896,0,5,4,1,10,599,230,66,11,906,5,0,5,911
02/15/2002,BWI,MD,AEA,EN,Towers with Radar,599,223,59,9,890,0,3,7,0,10,599,226,66,9,900,1,0,1,901
02/16/2002,BWI,MD,AEA,EN,Towers with Radar,488,160,94,5,747,0,1,3,0,4,488,161,97,5,751,8,0,8,759
02/17/2002,BWI,MD,AEA,EN,Towers with Radar,483,158,22,3,666,0,0,1,0,1,483,158,23,3,667,0,0,0,667
02/18/2002,BWI,MD,AEA,EN,Towers with Radar,562,211,80,3,856,0,0,7,0,7,562,211,87,3,863,0,0,0,863
02/19/2002,BWI,MD,AEA,EN,Towers with Radar,572,223,76,18,889,0,7,7,0,14,572,230,83,18,903,0,0,0,903
02/20/2002,BWI,MD,AEA,EN,Towers with Radar,597,224,58,9,888,0,6,0,1,7,597,230,58,10,895,0,0,0,895
02/21/2002,BWI,MD,AEA,EN,Towers with Radar,612,238,75,9,934,0,2,1,0,3,612,240,76,9,937,20,0,20,957
02/22/2002,BWI,MD,AEA,EN,Towers with Radar,604,220,56,13,893,0,3,5,0,8,604,223,61,13,901,6,0,6,907
02/23/2002,BWI,MD,AEA,EN,Towers with Radar,480,145,89,6,720,0,1,1,1,3,480,146,90,7,723,4,0,4,727
02/24/2002,BWI,MD,AEA,EN,Towers with Radar,492,156,149,5,802,0,2,4,0,6,492,158,153,5,808,8,0,8,816
02/25/2002,BWI,MD,AEA,EN,Towers with Radar,564,206,62,10,842,0,3,3,0,6,564,209,65,10,848,0,0,0,848
02/26/2002,BWI,MD,AEA,EN,Towers with Radar,574,206,54,7,841,12,9,0,0,21,586,215,54,7,862,0,0,0,862
02/27/2002,BWI,MD,AEA,EN,Towers with Radar,588,237,33,6,864,0,1,0,0,1,588,238,33,6,865,6,0,6,871
02/28/2002,BWI,MD,AEA,EN,Towers with Radar,602,231,80,7,920,0,5,3,0,8,602,236,83,7,928,9,0,9,937
03/01/2002,BWI,MD,AEA,EN,Towers with Radar,584,228,94,11,917,1,5,1,0,7,585,233,95,11,924,2,0,2,926
03/02/2002,BWI,MD,AEA,EN,Towers with Radar,472,139,34,2,647,1,3,0,0,4,473,142,34,2,651,2,0,2,653
03/03/2002,BWI,MD,AEA,EN,Towers with Radar,468,141,26,2,637,0,0,1,0,1,468,141,27,2,638,0,0,0,638
03/04/2002,BWI,MD,AEA,EN,Towers with Radar,562,184,36,3,785,1,4,3,0,8,563,188,39,3,793,0,0,0,793
03/05/2002,BWI,MD,AEA,EN,Towers with Radar,592,198,100,6,896,0,2,3,0,5,592,200,103,6,901,5,0,5,906
03/06/2002,BWI,MD,AEA,EN,Towers with Radar,596,217,80,7,900,0,5,5,0,10,596,222,85,7,910,4,0,4,914
03/07/2002,BWI,MD,AEA,EN,Towers with Radar,585,202,99,13,899,0,3,8,0,11,585,205,107,13,910,7,0,7,917
03/08/2002,BWI,MD,AEA,EN,Towers with Radar,596,203,107,17,923,1,5,6,0,12,597,208,113,17,935,10,0,10,945
03/09/2002,BWI,MD,AEA,EN,Towers with Radar,488,132,44,5,669,1,1,5,0,7,489,133,49,5,676,0,0,0,676
03/10/2002,BWI,MD,AEA,EN,Towers with Radar,496,144,29,7,676,0,0,1,0,1,496,144,30,7,677,0,0,0,677
03/11/2002,BWI,MD,AEA,EN,Towers with Radar,579,194,94,5,872,0,3,2,0,5,579,197,96,5,877,7,0,7,884
03/12/2002,BWI,MD,AEA,EN,Towers with Radar,604,206,66,8,884,0,4,6,0,10,604,210,72,8,894,0,0,0,894
03/13/2002,BWI,MD,AEA,EN,Towers with Radar,597,201,28,0,826,0,0,0,0,0,597,201,28,0,826,0,0,0,826
03/14/2002,BWI,MD,AEA,EN,Towers with Radar,602,206,101,13,922,0,4,6,0,10,602,210,107,13,932,3,0,3,935
03/15/2002,BWI,MD,AEA,EN,Towers with Radar,610,220,79,9,918,0,3,4,1,8,610,223,83,10,926,0,0,0,926
03/16/2002,BWI,MD,AEA,EN,Towers with Radar,483,153,63,7,706,1,3,1,0,5,484,156,64,7,711,1,0,1,712
03/17/2002,BWI,MD,AEA,EN,Towers with Radar,516,155,30,5,706,0,0,2,0,2,516,155,32,5,708,0,0,0,708
03/18/2002,BWI,MD,AEA,EN,Towers with Radar,543,166,32,4,745,0,0,0,0,0,543,166,32,4,745,3,0,3,748
03/19/2002,BWI,MD,AEA,EN,Towers with Radar,595,220,51,6,872,0,0,0,0,0,595,220,51,6,872,0,0,0,872
03/20/2002,BWI,MD,AEA,EN,Towers with Radar,604,193,34,0,831,0,0,0,0,0,604,193,34,0,831,1,0,1,832
03/21/2002,BWI,MD,AEA,EN,Towers with Radar,630,211,126,10,977,0,1,2,1,4,630,212,128,11,981,1,0,1,982
03/22/2002,BWI,MD,AEA,EN,Towers with Radar,607,217,58,11,893,1,2,4,0,7,608,219,62,11,900,2,0,2,902
03/23/2002,BWI,MD,AEA,EN,Towers with Radar,492,153,88,5,738,1,2,3,0,6,493,155,91,5,744,9,0,9,753
03/24/2002,BWI,MD,AEA,EN,Towers with Radar,498,154,112,7,771,0,0,5,0,5,498,154,117,7,776,3,0,3,779
03/25/2002,BWI,MD,AEA,EN,Towers with Radar,579,197,48,6,830,0,1,3,0,4,579,198,51,6,834,3,0,3,837
03/26/2002,BWI,MD,AEA,EN,Towers with Radar,557,171,15,6,749,0,0,0,0,0,557,171,15,6,749,0,0,0,749
03/27/2002,BWI,MD,AEA,EN,Towers with Radar,595,218,43,10,866,0,1,3,0,4,595,219,46,10,870,0,0,0,870
03/28/2002,BWI,MD,AEA,EN,Towers with Radar,586,217,110,17,930,0,0,10,0,10,586,217,120,17,940,6,0,6,946
03/29/2002,BWI,MD,AEA,EN,Towers with Radar,589,225,90,12,916,0,1,8,0,9,589,226,98,12,925,1,0,1,926
03/30/2002,BWI,MD,AEA,EN,Towers with Radar,476,150,61,5,692,1,0,2,0,3,477,150,63,5,695,0,0,0,695
03/31/2002,BWI,MD,AEA,EN,Towers with Radar,469,147,42,5,663,0,2,1,0,3,469,149,43,5,666,0,0,0,666
04/01/2002,BWI,MD,AEA,EN,Towers with Radar,564,202,88,3,857,0,0,0,0,0,564,202,88,3,857,3,0,3,860
04/02/2002,BWI,MD,AEA,EN,Towers with Radar,625,212,75,9,921,0,0,3,1,4,625,212,78,10,925,0,0,0,925
04/03/2002,BWI,MD,AEA,EN,Towers with Radar,614,219,39,3,875,0,1,5,0,6,614,220,44,3,881,0,0,0,881
04/04/2002,BWI,MD,AEA,EN,Towers with Radar,619,215,102,17,953,1,1,5,0,7,620,216,107,17,960,2,0,2,962
04/05/2002,BWI,MD,AEA,EN,Towers with Radar,616,212,87,22,937,0,2,12,1,15,616,214,99,23,952,0,0,0,952
04/06/2002,BWI,MD,AEA,EN,Towers with Radar,497,146,103,6,752,1,1,3,0,5,498,147,106,6,757,0,0,0,757
04/07/2002,BWI,MD,AEA,EN,Towers with Radar,511,154,113,6,784,0,2,3,1,6,511,156,116,7,790,0,0,0,790
04/08/2002,BWI,MD,AEA,EN,Towers with Radar,593,200,75,7,875,0,3,5,0,8,593,203,80,7,883,2,0,2,885
04/09/2002,BWI,MD,AEA,EN,Towers with Radar,620,200,54,13,887,1,2,0,0,3,621,202,54,13,890,0,0,0,890
04/10/2002,BWI,MD,AEA,EN,Towers with Radar,635,222,90,10,957,0,1,5,2,8,635,223,95,12,965,1,0,1,966
04/11/2002,BWI,MD,AEA,EN,Towers with Radar,620,205,102,27,954,0,0,6,0,6,620,205,108,27,960,2,0,2,962
04/12/2002,BWI,MD,AEA,EN,Towers with Radar,624,205,44,7,880,0,1,1,0,2,624,206,45,7,882,2,0,2,884
04/13/2002,BWI,MD,AEA,EN,Towers with Radar,507,153,82,7,749,1,0,2,0,3,508,153,84,7,752,4,0,4,756
04/14/2002,BWI,MD,AEA,EN,Towers with Radar,516,159,65,3,743,0,0,2,1,3,516,159,67,4,746,0,0,0,746
04/15/2002,BWI,MD,AEA,EN,Towers with Radar,609,197,63,11,880,0,1,4,1,6,609,198,67,12,886,0,0,0,886
04/16/2002,BWI,MD,AEA,EN,Towers with Radar,619,219,112,5,955,0,1,10,3,14,619,220,122,8,969,3,0,3,972
04/17/2002,BWI,MD,AEA,EN,Towers with Radar,608,209,103,12,932,1,1,7,1,10,609,210,110,13,942,0,0,0,942
04/18/2002,BWI,MD,AEA,EN,Towers with Radar,567,176,67,9,819,1,1,3,1,6,568,177,70,10,825,2,0,2,827
04/19/2002,BWI,MD,AEA,EN,Towers with Radar,614,188,73,15,890,0,3,2,0,5,614,191,75,15,895,0,0,0,895
04/20/2002,BWI,MD,AEA,EN,Towers with Radar,536,156,50,3,745,0,1,2,0,3,536,157,52,3,748,0,0,0,748
04/21/2002,BWI,MD,AEA,EN,Towers with Radar,498,150,60,5,713,0,0,1,0,1,498,150,61,5,714,2,0,2,716
04/22/2002,BWI,MD,AEA,EN,Towers with Radar,607,204,41,8,860,0,0,2,0,2,607,204,43,8,862,0,0,0,862
04/23/2002,BWI,MD,AEA,EN,Towers with Radar,619,215,90,18,942,0,3,6,0,9,619,218,96,18,951,0,0,0,951
04/24/2002,BWI,MD,AEA,EN,Towers with Radar,606,213,125,14,958,1,4,13,0,18,607,217,138,14,976,5,0,5,981
04/25/2002,BWI,MD,AEA,EN,Towers with Radar,650,208,65,5,928,0,3,5,0,8,650,211,70,5,936,14,0,14,950
04/26/2002,BWI,MD,AEA,EN,Towers with Radar,631,227,117,18,993,0,3,4,0,7,631,230,121,18,1000,0,0,0,1000
04/27/2002,BWI,MD,AEA,EN,Towers with Radar,507,143,147,3,800,0,2,2,1,5,507,145,149,4,805,0,0,0,805
04/28/2002,BWI,MD,AEA,EN,Towers with Radar,435,128,11,4,578,0,1,0,0,1,435,129,11,4,579,0,0,0,579
04/29/2002,BWI,MD,AEA,EN,Towers with Radar,629,210,50,5,894,0,0,5,0,5,629,210,55,5,899,0,0,0,899
04/30/2002,BWI,MD,AEA,EN,Towers with Radar,631,202,72,7,912,0,2,7,2,11,631,204,79,9,923,2,0,2,925
05/01/2002,BWI,MD,AEA,EN,Towers with Radar,613,216,76,13,918,0,2,1,1,4,613,218,77,14,922,0,0,0,922
05/02/2002,BWI,MD,AEA,EN,Towers with Radar,505,164,9,9,687,0,0,0,0,0,505,164,9,9,687,0,0,0,687
05/03/2002,BWI,MD,AEA,EN,Towers with Radar,641,203,86,15,945,0,3,9,1,13,641,206,95,16,958,0,0,0,958
05/04/2002,BWI,MD,AEA,EN,Towers with Radar,519,148,135,8,810,0,0,0,0,0,519,148,135,8,810,0,0,0,810
05/05/2002,BWI,MD,AEA,EN,Towers with Radar,530,149,121,4,804,0,0,2,0,2,530,149,123,4,806,2,0,2,808
05/06/2002,BWI,MD,AEA,EN,Towers with Radar,601,188,100,5,894,1,1,5,0,7,602,189,105,5,901,1,0,1,902
05/07/2002,BWI,MD,AEA,EN,Towers with Radar,637,193,67,9,906,0,0,5,2,7,637,193,72,11,913,0,0,0,913
05/08/2002,BWI,MD,AEA,EN,Towers with Radar,674,207,63,13,957,1,1,3,0,5,675,208,66,13,962,0,0,0,962
05/09/2002,BWI,MD,AEA,EN,Towers with Radar,576,188,51,8,823,0,2,0,0,2,576,190,51,8,825,0,0,0,825
05/10/2002,BWI,MD,AEA,EN,Towers with Radar,659,206,124,11,1000,0,2,2,0,4,659,208,126,11,1004,10,0,10,1014
05/11/2002,BWI,MD,AEA,EN,Towers with Radar,510,140,150,5,805,0,1,2,0,3,510,141,152,5,808,4,0,4,812
05/12/2002,BWI,MD,AEA,EN,Towers with Radar,470,132,51,6,659,0,0,1,2,3,470,132,52,8,662,6,0,6,668
05/13/2002,BWI,MD,AEA,EN,Towers with Radar,585,162,33,2,782,0,0,0,0,0,585,162,33,2,782,2,0,2,784
05/14/2002,BWI,MD,AEA,EN,Towers with Radar,636,199,62,18,915,1,0,1,2,4,637,199,63,20,919,2,0,2,921
05/15/2002,BWI,MD,AEA,EN,Towers with Radar,630,199,103,15,947,0,4,17,0,21,630,203,120,15,968,0,0,0,968
05/16/2002,BWI,MD,AEA,EN,Towers with Radar,648,196,125,10,979,0,3,6,1,10,648,199,131,11,989,3,0,3,992
05/17/2002,BWI,MD,AEA,EN,Towers with Radar,642,210,71,9,932,0,1,1,0,2,642,211,72,9,934,5,0,5,939
05/18/2002,BWI,MD,AEA,EN,Towers with Radar,547,142,40,10,739,1,0,2,0,3,548,142,42,10,742,3,0,3,745
05/19/2002,BWI,MD,AEA,EN,Towers with Radar,549,150,139,11,849,0,0,6,0,6,549,150,145,11,855,0,0,0,855
05/20/2002,BWI,MD,AEA,EN,Towers with Radar,595,184,94,9,882,0,0,3,0,3,595,184,97,9,885,2,0,2,887
05/21/2002,BWI,MD,AEA,EN,Towers with Radar,628,198,80,8,914,0,3,5,0,8,628,201,85,8,922,2,0,2,924
05/22/2002,BWI,MD,AEA,EN,Towers with Radar,628,189,123,9,949,0,2,10,0,12,628,191,133,9,961,0,0,0,961
05/23/2002,BWI,MD,AEA,EN,Towers with Radar,647,201,101,5,954,0,3,9,0,12,647,204,110,5,966,0,0,0,966
05/24/2002,BWI,MD,AEA,EN,Towers with Radar,630,201,124,11,966,0,2,7,2,11,630,203,131,13,977,1,0,1,978
05/25/2002,BWI,MD,AEA,EN,Towers with Radar,503,142,139,11,795,0,1,2,0,3,503,143,141,11,798,3,0,3,801
05/26/2002,BWI,MD,AEA,EN,Towers with Radar,448,125,37,3,613,0,2,1,0,3,448,127,38,3,616,0,0,0,616
05/27/2002,BWI,MD,AEA,EN,Towers with Radar,489,157,54,4,704,0,0,1,0,1,489,157,55,4,705,6,0,6,711
05/28/2002,BWI,MD,AEA,EN,Towers with Radar,593,181,68,8,850,0,0,0,0,0,593,181,68,8,850,0,0,0,850
05/29/2002,BWI,MD,AEA,EN,Towers with Radar,661,207,70,11,949,0,1,2,1,4,661,208,72,12,953,0,0,0,953
05/30/2002,BWI,MD,AEA,EN,Towers with Radar,620,196,105,11,932,0,0,4,0,4,620,196,109,11,936,0,0,0,936
05/31/2002,BWI,MD,AEA,EN,Towers with Radar,600,183,89,16,888,0,0,4,0,4,600,183,93,16,892,6,0,6,898
06/01/2002,BWI,MD,AEA,EN,Towers with Radar,546,131,249,2,928,1,0,6,1,8,547,131,255,3,936,5,0,5,941
06/02/2002,BWI,MD,AEA,EN,Towers with Radar,516,127,108,4,755,0,1,5,0,6,516,128,113,4,761,0,0,0,761
06/03/2002,BWI,MD,AEA,EN,Towers with Radar,591,183,102,7,883,0,2,6,0,8,591,185,108,7,891,6,0,6,897
06/04/2002,BWI,MD,AEA,EN,Towers with Radar,592,191,71,7,861,0,1,2,0,3,592,192,73,7,864,4,0,4,868
06/05/2002,BWI,MD,AEA,EN,Towers with Radar,573,200,85,8,866,0,0,5,0,5,573,200,90,8,871,9,0,9,880
06/06/2002,BWI,MD,AEA,EN,Towers with Radar,567,166,61,7,801,0,0,0,2,2,567,166,61,9,803,0,0,0,803
06/07/2002,BWI,MD,AEA,EN,Towers with Radar,680,197,85,7,969,1,0,2,0,3,681,197,87,7,972,4,0,4,976
06/08/2002,BWI,MD,AEA,EN,Towers with Radar,542,139,144,8,833,0,2,3,0,5,542,141,147,8,838,1,0,1,839
06/09/2002,BWI,MD,AEA,EN,Towers with Radar,539,152,140,8,839,0,2,5,1,8,539,154,145,9,847,0,0,0,847
06/10/2002,BWI,MD,AEA,EN,Towers with Radar,589,180,93,2,864,0,0,5,2,7,589,180,98,4,871,2,0,2,873
06/11/2002,BWI,MD,AEA,EN,Towers with Radar,623,191,100,25,939,0,2,3,0,5,623,193,103,25,944,1,0,1,945
06/12/2002,BWI,MD,AEA,EN,Towers with Radar,625,189,92,14,920,2,4,3,0,9,627,193,95,14,929,0,0,0,929
06/13/2002,BWI,MD,AEA,EN,Towers with Radar,654,199,52,9,914,0,2,0,0,2,654,201,52,9,916,0,0,0,916
06/14/2002,BWI,MD,AEA,EN,Towers with Radar,628,183,37,11,859,0,0,0,0,0,628,183,37,11,859,0,0,0,859
06/15/2002,BWI,MD,AEA,EN,Towers with Radar,570,143,45,8,766,0,0,1,0,1,570,143,46,8,767,0,0,0,767
06/16/2002,BWI,MD,AEA,EN,Towers with Radar,524,136,93,4,757,0,1,5,0,6,524,137,98,4,763,10,0,10,773
06/17/2002,BWI,MD,AEA,EN,Towers with Radar,559,159,102,8,828,0,2,8,0,10,559,161,110,8,838,2,0,2,840
06/18/2002,BWI,MD,AEA,EN,Towers with Radar,624,200,120,16,960,0,3,13,0,16,624,203,133,16,976,5,0,5,981
06/19/2002,BWI,MD,AEA,EN,Towers with Radar,620,198,101,5,924,0,6,8,0,14,620,204,109,5,938,0,0,0,938
06/20/2002,BWI,MD,AEA,EN,Towers with Radar,670,186,92,10,958,0,1,2,0,3,670,187,94,10,961,0,0,0,961
06/21/2002,BWI,MD,AEA,EN,Towers with Radar,642,192,122,20,976,1,1,3,1,6,643,193,125,21,982,6,0,6,988
06/22/2002,BWI,MD,AEA,EN,Towers with Radar,540,137,122,12,811,0,1,3,4,8,540,138,125,16,819,5,0,5,824
06/23/2002,BWI,MD,AEA,EN,Towers with Radar,551,132,137,8,828,0,1,4,0,5,551,133,141,8,833,15,0,15,848
06/24/2002,BWI,MD,AEA,EN,Towers with Radar,598,166,73,13,850,0,1,2,0,3,598,167,75,13,853,0,0,0,853
06/25/2002,BWI,MD,AEA,EN,Towers with Radar,631,190,75,7,903,0,0,4,0,4,631,190,79,7,907,2,0,2,909
06/26/2002,BWI,MD,AEA,EN,Towers with Radar,608,181,103,6,898,0,1,3,0,4,608,182,106,6,902,0,0,0,902
06/27/2002,BWI,MD,AEA,EN,Towers with Radar,521,163,101,11,796,1,2,3,0,6,522,165,104,11,802,6,0,6,808
06/28/2002,BWI,MD,AEA,EN,Towers with Radar,681,218,114,14,1027,0,1,0,1,2,681,219,114,15,1029,0,0,0,1029
06/29/2002,BWI,MD,AEA,EN,Towers with Radar,555,152,186,6,899,0,0,7,0,7,555,152,193,6,906,0,0,0,906
06/30/2002,BWI,MD,AEA,EN,Towers with Radar,572,132,121,9,834,0,0,5,0,5,572,132,126,9,839,0,0,0,839
07/01/2002,BWI,MD,AEA,EN,Towers with Radar,602,163,90,11,866,0,0,3,0,3,602,163,93,11,869,0,0,0,869
07/02/2002,BWI,MD,AEA,EN,Towers with Radar,590,172,72,10,844,0,0,2,1,3,590,172,74,11,847,0,0,0,847
07/03/2002,BWI,MD,AEA,EN,Towers with Radar,623,174,89,3,889,1,1,3,1,6,624,175,92,4,895,0,0,0,895
07/04/2002,BWI,MD,AEA,EN,Towers with Radar,526,128,56,7,717,0,2,5,1,8,526,130,61,8,725,0,0,0,725
07/05/2002,BWI,MD,AEA,EN,Towers with Radar,463,140,83,11,697,0,0,3,0,3,463,140,86,11,700,5,0,5,705
07/06/2002,BWI,MD,AEA,EN,Towers with Radar,513,120,106,4,743,0,0,3,0,3,513,120,109,4,746,0,0,0,746
07/07/2002,BWI,MD,AEA,EN,Towers with Radar,546,119,91,5,761,0,2,0,0,2,546,121,91,5,763,0,0,0,763
07/08/2002,BWI,MD,AEA,EN,Towers with Radar,597,165,90,9,861,0,2,0,0,2,597,167,90,9,863,4,0,4,867
07/09/2002,BWI,MD,AEA,EN,Towers with Radar,559,159,64,11,793,0,3,5,0,8,559,162,69,11,801,0,0,0,801
07/10/2002,BWI,MD,AEA,EN,Towers with Radar,654,192,80,3,929,0,0,6,0,6,654,192,86,3,935,0,0,0,935
07/11/2002,BWI,MD,AEA,EN,Towers with Radar,647,179,158,20,1004,1,3,7,1,12,648,182,165,21,1016,0,0,0,1016
07/12/2002,BWI,MD,AEA,EN,Towers with Radar,621,200,176,11,1008,0,3,9,0,12,621,203,185,11,1020,0,0,0,1020
07/13/2002,BWI,MD,AEA,EN,Towers with Radar,553,138,145,8,844,0,1,11,0,12,553,139,156,8,856,0,0,0,856
07/14/2002,BWI,MD,AEA,EN,Towers with Radar,549,119,32,7,707,0,0,2,0,2,549,119,34,7,709,0,0,0,709
07/15/2002,BWI,MD,AEA,EN,Towers with Radar,601,173,109,12,895,0,0,4,3,7,601,173,113,15,902,0,0,0,902
07/16/2002,BWI,MD,AEA,EN,Towers with Radar,644,179,97,15,935,2,1,6,3,12,646,180,103,18,947,0,0,0,947
07/17/2002,BWI,MD,AEA,EN,Towers with Radar,643,182,113,8,946,1,1,5,0,7,644,183,118,8,953,0,0,0,953
07/18/2002,BWI,MD,AEA,EN,Towers with Radar,600,190,79,10,879,0,4,1,3,8,600,194,80,13,887,0,0,0,887
07/19/2002,BWI,MD,AEA,EN,Towers with Radar,604,176,79,11,870,0,0,4,0,4,604,176,83,11,874,0,0,0,874
07/20/2002,BWI,MD,AEA,EN,Towers with Radar,564,137,105,2,808,0,0,1,0,1,564,137,106,2,809,1,0,1,810
07/21/2002,BWI,MD,AEA,EN,Towers with Radar,525,122,95,6,748,0,1,2,0,3,525,123,97,6,751,0,0,0,751
07/22/2002,BWI,MD,AEA,EN,Towers with Radar,596,161,68,10,835,0,0,2,1,3,596,161,70,11,838,0,0,0,838
07/23/2002,BWI,MD,AEA,EN,Towers with Radar,521,146,53,11,731,0,0,5,1,6,521,146,58,12,737,0,0,0,737
07/24/2002,BWI,MD,AEA,EN,Towers with Radar,684,181,84,6,955,1,0,2,0,3,685,181,86,6,958,0,0,0,958
07/25/2002,BWI,MD,AEA,EN,Towers with Radar,624,198,80,12,914,0,0,5,0,5,624,198,85,12,919,0,0,0,919
07/26/2002,BWI,MD,AEA,EN,Towers with Radar,614,190,38,7,849,0,0,3,0,3,614,190,41,7,852,0,0,0,852
07/27/2002,BWI,MD,AEA,EN,Towers with Radar,591,163,77,5,836,0,0,2,0,2,591,163,79,5,838,6,0,6,844
07/28/2002,BWI,MD,AEA,EN,Towers with Radar,576,126,104,4,810,0,2,7,0,9,576,128,111,4,819,13,0,13,832
07/29/2002,BWI,MD,AEA,EN,Towers with Radar,574,176,123,10,883,0,0,3,0,3,574,176,126,10,886,8,0,8,894
07/30/2002,BWI,MD,AEA,EN,Towers with Radar,602,190,109,11,912,0,1,4,0,5,602,191,113,11,917,8,0,8,925
07/31/2002,BWI,MD,AEA,EN,Towers with Radar,629,170,113,10,922,0,2,10,0,12,629,172,123,10,934,0,0,0,934
08/01/2002,BWI,MD,AEA,EN,Towers with Radar,634,181,138,13,966,1,0,7,1,9,635,181,145,14,975,0,0,0,975
08/02/2002,BWI,MD,AEA,EN,Towers with Radar,578,162,101,9,850,0,0,9,1,10,578,162,110,10,860,0,0,0,860
08/03/2002,BWI,MD,AEA,EN,Towers with Radar,523,118,96,2,739,0,1,2,0,3,523,119,98,2,742,1,0,1,743
08/04/2002,BWI,MD,AEA,EN,Towers with Radar,541,118,98,8,765,0,0,9,2,11,541,118,107,10,776,0,0,0,776
08/05/2002,BWI,MD,AEA,EN,Towers with Radar,518,147,62,5,732,0,0,0,0,0,518,147,62,5,732,2,0,2,734
08/06/2002,BWI,MD,AEA,EN,Towers with Radar,637,179,87,9,912,0,1,3,0,4,637,180,90,9,916,0,0,0,916
08/07/2002,BWI,MD,AEA,EN,Towers with Radar,628,178,110,4,920,0,0,5,0,5,628,178,115,4,925,0,0,0,925
08/08/2002,BWI,MD,AEA,EN,Towers with Radar,628,182,133,12,955,2,1,11,0,14,630,183,144,12,969,0,0,0,969
08/09/2002,BWI,MD,AEA,EN,Towers with Radar,622,193,125,16,956,2,1,11,0,14,624,194,136,16,970,0,0,0,970
08/10/2002,BWI,MD,AEA,EN,Towers with Radar,537,138,134,12,821,1,1,7,0,9,538,139,141,12,830,0,0,0,830
08/11/2002,BWI,MD,AEA,EN,Towers with Radar,530,126,134,7,797,1,2,6,0,9,531,128,140,7,806,0,0,0,806
08/12/2002,BWI,MD,AEA,EN,Towers with Radar,583,172,118,10,883,0,0,5,1,6,583,172,123,11,889,0,0,0,889
08/13/2002,BWI,MD,AEA,EN,Towers with Radar,618,177,98,15,908,1,2,3,0,6,619,179,101,15,914,0,0,0,914
08/14/2002,BWI,MD,AEA,EN,Towers with Radar,629,176,109,12,926,0,1,2,0,3,629,177,111,12,929,0,0,0,929
08/15/2002,BWI,MD,AEA,EN,Towers with Radar,621,171,101,17,910,0,1,1,1,3,621,172,102,18,913,0,0,0,913
08/16/2002,BWI,MD,AEA,EN,Towers with Radar,644,179,90,17,930,0,0,3,1,4,644,179,93,18,934,0,0,0,934
08/17/2002,BWI,MD,AEA,EN,Towers with Radar,550,121,115,4,790,1,0,1,1,3,551,121,116,5,793,3,0,3,796
08/18/2002,BWI,MD,AEA,EN,Towers with Radar,493,126,94,7,720,0,0,2,0,2,493,126,96,7,722,5,0,5,727
08/19/2002,BWI,MD,AEA,EN,Towers with Radar,579,158,99,11,847,0,0,6,0,6,579,158,105,11,853,0,0,0,853
08/20/2002,BWI,MD,AEA,EN,Towers with Radar,628,181,107,9,925,0,1,6,0,7,628,182,113,9,932,0,0,0,932
08/21/2002,BWI,MD,AEA,EN,Towers with Radar,628,173,105,7,913,0,3,11,0,14,628,176,116,7,927,6,0,6,933
08/22/2002,BWI,MD,AEA,EN,Towers with Radar,623,175,122,17,937,0,1,3,1,5,623,176,125,18,942,14,0,14,956
08/23/2002,BWI,MD,AEA,EN,Towers with Radar,584,173,97,13,867,0,0,6,1,7,584,173,103,14,874,0,0,0,874
08/24/2002,BWI,MD,AEA,EN,Towers with Radar,524,138,26,5,693,0,0,0,0,0,524,138,26,5,693,0,0,0,693
08/25/2002,BWI,MD,AEA,EN,Towers with Radar,543,124,134,13,814,3,0,10,1,14,546,124,144,14,828,3,0,3,831
08/26/2002,BWI,MD,AEA,EN,Towers with Radar,596,162,56,4,818,1,0,6,0,7,597,162,62,4,825,0,0,0,825
08/27/2002,BWI,MD,AEA,EN,Towers with Radar,647,178,113,11,949,0,1,0,1,2,647,179,113,12,951,9,0,9,960
08/28/2002,BWI,MD,AEA,EN,Towers with Radar,609,176,38,2,825,0,1,0,0,1,609,177,38,2,826,0,0,0,826
08/29/2002,BWI,MD,AEA,EN,Towers with Radar,646,172,41,5,864,0,0,0,0,0,646,172,41,5,864,2,0,2,866
08/30/2002,BWI,MD,AEA,EN,Towers with Radar,630,181,90,6,907,0,0,1,0,1,630,181,91,6,908,0,0,0,908
08/31/2002,BWI,MD,AEA,EN,Towers with Radar,520,129,77,4,730,0,0,2,0,2,520,129,79,4,732,4,0,4,736
09/01/2002,BWI,MD,AEA,EN,Towers with Radar,475,94,14,1,584,0,1,0,0,1,475,95,14,1,585,0,0,0,585
09/02/2002,BWI,MD,AEA,EN,Towers with Radar,511,123,43,4,681,0,1,0,0,1,511,124,43,4,682,2,0,2,684
09/03/2002,BWI,MD,AEA,EN,Towers with Radar,577,149,87,9,822,0,1,3,2,6,577,150,90,11,828,6,0,6,834
09/04/2002,BWI,MD,AEA,EN,Towers with Radar,629,171,83,13,896,0,2,5,1,8,629,173,88,14,904,0,0,0,904
09/05/2002,BWI,MD,AEA,EN,Towers with Radar,620,163,132,9,924,0,2,6,0,8,620,165,138,9,932,3,0,3,935
09/06/2002,BWI,MD,AEA,EN,Towers with Radar,631,172,145,8,956,1,2,7,0,10,632,174,152,8,966,2,0,2,968
09/07/2002,BWI,MD,AEA,EN,Towers with Radar,539,123,142,7,811,0,2,4,1,7,539,125,146,8,818,0,0,0,818
09/08/2002,BWI,MD,AEA,EN,Towers with Radar,521,124,118,12,775,0,1,7,0,8,521,125,125,12,783,0,0,0,783
09/09/2002,BWI,MD,AEA,EN,Towers with Radar,572,148,125,5,850,0,0,6,0,6,572,148,131,5,856,3,0,3,859
09/10/2002,BWI,MD,AEA,EN,Towers with Radar,579,163,91,5,838,0,0,5,1,6,579,163,96,6,844,0,0,0,844
09/11/2002,BWI,MD,AEA,EN,Towers with Radar,561,154,31,11,757,0,0,2,3,5,561,154,33,14,762,2,0,2,764
09/12/2002,BWI,MD,AEA,EN,Towers with Radar,614,177,112,17,920,0,0,6,0,6,614,177,118,17,926,0,0,0,926
09/13/2002,BWI,MD,AEA,EN,Towers with Radar,615,177,135,12,939,0,2,0,2,4,615,179,135,14,943,0,0,0,943
09/14/2002,BWI,MD,AEA,EN,Towers with Radar,488,119,84,7,698,17,0,15,0,32,505,119,99,7,730,0,0,0,730
09/15/2002,BWI,MD,AEA,EN,Towers with Radar,507,120,29,6,662,0,0,0,0,0,507,120,29,6,662,0,0,0,662
09/16/2002,BWI,MD,AEA,EN,Towers with Radar,584,162,62,9,817,0,0,5,1,6,584,162,67,10,823,2,0,2,825
09/17/2002,BWI,MD,AEA,EN,Towers with Radar,614,158,123,10,905,0,2,6,0,8,614,160,129,10,913,2,0,2,915
09/18/2002,BWI,MD,AEA,EN,Towers with Radar,602,171,116,11,900,0,2,7,0,9,602,173,123,11,909,3,0,3,912
09/19/2002,BWI,MD,AEA,EN,Towers with Radar,583,158,79,15,835,0,0,1,4,5,583,158,80,19,840,0,0,0,840
09/20/2002,BWI,MD,AEA,EN,Towers with Radar,625,167,131,16,939,1,0,8,0,9,626,167,139,16,948,0,0,0,948
09/21/2002,BWI,MD,AEA,EN,Towers with Radar,539,127,148,5,819,1,2,5,0,8,540,129,153,5,827,16,0,16,843
09/22/2002,BWI,MD,AEA,EN,Towers with Radar,515,111,113,6,745,0,1,5,1,7,515,112,118,7,752,2,0,2,754
09/23/2002,BWI,MD,AEA,EN,Towers with Radar,572,144,99,9,824,0,0,4,0,4,572,144,103,9,828,5,0,5,833
09/24/2002,BWI,MD,AEA,EN,Towers with Radar,604,163,134,11,912,0,1,7,0,8,604,164,141,11,920,1,0,1,921
09/25/2002,BWI,MD,AEA,EN,Towers with Radar,593,175,113,11,892,1,2,6,0,9,594,177,119,11,901,0,0,0,901
09/26/2002,BWI,MD,AEA,EN,Towers with Radar,605,161,28,9,803,0,0,0,0,0,605,161,28,9,803,0,0,0,803
09/27/2002,BWI,MD,AEA,EN,Towers with Radar,598,165,31,10,804,0,0,0,0,0,598,165,31,10,804,0,0,0,804
09/28/2002,BWI,MD,AEA,EN,Towers with Radar,525,141,113,5,784,0,1,10,0,11,525,142,123,5,795,0,0,0,795
09/29/2002,BWI,MD,AEA,EN,Towers with Radar,537,117,191,5,850,0,1,11,0,12,537,118,202,5,862,1,0,1,863
09/30/2002,BWI,MD,AEA,EN,Towers with Radar,561,156,80,10,807,0,0,0,1,1,561,156,80,11,808,0,0,0,808
10/01/2002,BWI,MD,AEA,EN,Towers with Radar,622,172,114,4,912,0,1,4,1,6,622,173,118,5,918,3,0,3,921
10/02/2002,BWI,MD,AEA,EN,Towers with Radar,621,170,102,7,900,0,2,8,1,11,621,172,110,8,911,6,0,6,917
10/03/2002,BWI,MD,AEA,EN,Towers with Radar,630,167,126,12,935,1,0,5,0,6,631,167,131,12,941,2,0,2,943
10/04/2002,BWI,MD,AEA,EN,Towers with Radar,600,167,72,15,854,1,1,0,0,2,601,168,72,15,856,2,0,2,858
10/05/2002,BWI,MD,AEA,EN,Towers with Radar,523,123,95,3,744,1,0,5,0,6,524,123,100,3,750,1,0,1,751
10/06/2002,BWI,MD,AEA,EN,Towers with Radar,510,116,130,4,760,1,0,12,0,13,511,116,142,4,773,2,0,2,775
10/07/2002,BWI,MD,AEA,EN,Towers with Radar,572,145,83,6,806,0,0,3,0,3,572,145,86,6,809,10,0,10,819
10/08/2002,BWI,MD,AEA,EN,Towers with Radar,593,174,112,12,891,1,3,10,1,15,594,177,122,13,906,2,0,2,908
10/09/2002,BWI,MD,AEA,EN,Towers with Radar,611,171,94,17,893,0,0,5,0,5,611,171,99,17,898,2,0,2,900
10/10/2002,BWI,MD,AEA,EN,Towers with Radar,599,170,46,1,816,0,0,0,0,0,599,170,46,1,816,0,0,0,816
10/11/2002,BWI,MD,AEA,EN,Towers with Radar,622,171,45,2,840,0,0,0,0,0,622,171,45,2,840,0,0,0,840
10/12/2002,BWI,MD,AEA,EN,Towers with Radar,531,133,30,4,698,0,0,0,0,0,531,133,30,4,698,0,0,0,698
10/13/2002,BWI,MD,AEA,EN,Towers with Radar,551,111,33,3,698,0,0,0,0,0,551,111,33,3,698,0,0,0,698
10/14/2002,BWI,MD,AEA,EN,Towers with Radar,567,151,117,6,841,4,0,11,0,15,571,151,128,6,856,0,0,0,856
10/15/2002,BWI,MD,AEA,EN,Towers with Radar,584,160,93,4,841,1,0,3,0,4,585,160,96,4,845,3,0,3,848
10/16/2002,BWI,MD,AEA,EN,Towers with Radar,611,163,33,2,809,0,0,0,0,0,611,163,33,2,809,0,0,0,809
10/17/2002,BWI,MD,AEA,EN,Towers with Radar,604,170,124,8,906,1,0,2,0,3,605,170,126,8,909,8,0,8,917
10/18/2002,BWI,MD,AEA,EN,Towers with Radar,584,171,136,11,902,1,0,8,1,10,585,171,144,12,912,0,0,0,912
10/19/2002,BWI,MD,AEA,EN,Towers with Radar,529,128,86,8,751,0,0,4,0,4,529,128,90,8,755,0,0,0,755
10/20/2002,BWI,MD,AEA,EN,Towers with Radar,511,119,118,3,751,0,0,1,0,1,511,119,119,3,752,2,0,2,754
10/21/2002,BWI,MD,AEA,EN,Towers with Radar,568,153,132,17,870,0,0,2,1,3,568,153,134,18,873,21,0,21,894
10/22/2002,BWI,MD,AEA,EN,Towers with Radar,590,177,115,19,901,0,1,7,1,9,590,178,122,20,910,4,0,4,914
10/23/2002,BWI,MD,AEA,EN,Towers with Radar,591,172,117,4,884,0,0,9,2,11,591,172,126,6,895,2,0,2,897
10/24/2002,BWI,MD,AEA,EN,Towers with Radar,612,166,102,9,889,1,1,6,0,8,613,167,108,9,897,0,0,0,897
10/25/2002,BWI,MD,AEA,EN,Towers with Radar,595,169,60,12,836,0,0,0,0,0,595,169,60,12,836,0,0,0,836
10/26/2002,BWI,MD,AEA,EN,Towers with Radar,504,124,55,4,687,0,0,1,0,1,504,124,56,4,688,0,0,0,688
10/27/2002,BWI,MD,AEA,EN,Towers with Radar,485,118,171,4,778,1,0,5,0,6,486,118,176,4,784,5,0,5,789
10/28/2002,BWI,MD,AEA,EN,Towers with Radar,567,140,70,10,787,1,0,3,0,4,568,140,73,10,791,2,0,2,793
10/29/2002,BWI,MD,AEA,EN,Towers with Radar,591,170,26,6,793,0,0,1,7,8,591,170,27,13,801,2,0,2,803
10/30/2002,BWI,MD,AEA,EN,Towers with Radar,578,166,31,0,775,0,0,0,0,0,578,166,31,0,775,1,0,1,776
10/31/2002,BWI,MD,AEA,EN,Towers with Radar,592,171,82,5,850,0,0,3,0,3,592,171,85,5,853,0,0,0,853
11/01/2002,BWI,MD,AEA,EN,Towers with Radar,571,165,108,8,852,0,0,2,0,2,571,165,110,8,854,4,0,4,858
11/02/2002,BWI,MD,AEA,EN,Towers with Radar,478,116,106,8,708,0,0,5,0,5,478,116,111,8,713,5,0,5,718
11/03/2002,BWI,MD,AEA,EN,Towers with Radar,484,117,129,7,737,0,0,8,0,8,484,117,137,7,745,4,0,4,749
11/04/2002,BWI,MD,AEA,EN,Towers with Radar,556,140,82,7,785,1,1,3,1,6,557,141,85,8,791,3,0,3,794
11/05/2002,BWI,MD,AEA,EN,Towers with Radar,568,174,83,11,836,1,0,0,0,1,569,174,83,11,837,0,0,0,837
11/06/2002,BWI,MD,AEA,EN,Towers with Radar,586,170,48,2,806,0,1,3,0,4,586,171,51,2,810,2,0,2,812
11/07/2002,BWI,MD,AEA,EN,Towers with Radar,586,176,126,8,896,0,1,3,0,4,586,177,129,8,900,2,0,2,902
11/08/2002,BWI,MD,AEA,EN,Towers with Radar,587,189,145,0,921,0,1,16,1,18,587,190,161,1,939,0,0,0,939
11/09/2002,BWI,MD,AEA,EN,Towers with Radar,488,123,178,2,791,0,0,9,0,9,488,123,187,2,800,24,0,24,824
11/10/2002,BWI,MD,AEA,EN,Towers with Radar,456,115,65,5,641,0,0,6,0,6,456,115,71,5,647,19,0,19,666
11/11/2002,BWI,MD,AEA,EN,Towers with Radar,541,153,47,0,741,0,0,2,0,2,541,153,49,0,743,13,0,13,756
11/12/2002,BWI,MD,AEA,EN,Towers with Radar,582,154,36,0,772,0,0,0,0,0,582,154,36,0,772,14,0,14,786
11/13/2002,BWI,MD,AEA,EN,Towers with Radar,595,176,73,5,849,0,1,1,0,2,595,177,74,5,851,1,0,1,852
11/14/2002,BWI,MD,AEA,EN,Towers with Radar,607,173,122,2,904,0,0,10,1,11,607,173,132,3,915,9,0,9,924
11/15/2002,BWI,MD,AEA,EN,Towers with Radar,619,182,156,9,966,1,1,3,1,6,620,183,159,10,972,15,0,15,987
11/16/2002,BWI,MD,AEA,EN,Towers with Radar,462,115,24,3,604,0,0,0,0,0,462,115,24,3,604,2,0,2,606
11/17/2002,BWI,MD,AEA,EN,Towers with Radar,465,100,14,1,580,0,0,0,0,0,465,100,14,1,580,0,0,0,580
11/18/2002,BWI,MD,AEA,EN,Towers with Radar,564,152,95,7,818,1,0,7,0,8,565,152,102,7,826,13,0,13,839
11/19/2002,BWI,MD,AEA,EN,Towers with Radar,603,175,144,10,932,0,0,3,0,3,603,175,147,10,935,14,0,14,949
11/20/2002,BWI,MD,AEA,EN,Towers with Radar,589,171,132,12,904,0,1,6,0,7,589,172,138,12,911,8,0,8,919
11/21/2002,BWI,MD,AEA,EN,Towers with Radar,596,174,49,5,824,0,0,4,0,4,596,174,53,5,828,4,0,4,832
11/22/2002,BWI,MD,AEA,EN,Towers with Radar,605,175,38,7,825,0,0,0,0,0,605,175,38,7,825,0,0,0,825
11/23/2002,BWI,MD,AEA,EN,Towers with Radar,488,116,70,3,677,2,0,3,1,6,490,116,73,4,683,0,0,0,683
11/24/2002,BWI,MD,AEA,EN,Towers with Radar,492,118,149,2,761,0,1,12,0,13,492,119,161,2,774,19,0,19,793
11/25/2002,BWI,MD,AEA,EN,Towers with Radar,555,153,89,9,806,0,0,3,0,3,555,153,92,9,809,0,0,0,809
11/26/2002,BWI,MD,AEA,EN,Towers with Radar,587,173,134,7,901,1,0,1,1,3,588,173,135,8,904,6,0,6,910
11/27/2002,BWI,MD,AEA,EN,Towers with Radar,604,186,77,2,869,0,0,2,0,2,604,186,79,2,871,5,0,5,876
11/28/2002,BWI,MD,AEA,EN,Towers with Radar,425,120,35,2,582,1,0,2,0,3,426,120,37,2,585,0,0,0,585
11/29/2002,BWI,MD,AEA,EN,Towers with Radar,401,102,58,2,563,0,1,8,0,9,401,103,66,2,572,2,0,2,574
11/30/2002,BWI,MD,AEA,EN,Towers with Radar,464,111,56,1,632,0,0,4,0,4,464,111,60,1,636,0,0,0,636
12/01/2002,BWI,MD,AEA,EN,Towers with Radar,479,129,50,2,660,3,0,4,0,7,482,129,54,2,667,0,0,0,667
12/02/2002,BWI,MD,AEA,EN,Towers with Radar,535,154,73,6,768,0,5,20,2,27,535,159,93,8,795,4,0,4,799
12/03/2002,BWI,MD,AEA,EN,Towers with Radar,627,173,84,6,890,3,0,5,0,8,630,173,89,6,898,0,0,0,898
12/04/2002,BWI,MD,AEA,EN,Towers with Radar,597,156,113,5,871,2,0,4,1,7,599,156,117,6,878,0,0,0,878
12/05/2002,BWI,MD,AEA,EN,Towers with Radar,260,76,13,1,350,1,0,1,0,2,261,76,14,1,352,0,0,0,352
12/06/2002,BWI,MD,AEA,EN,Towers with Radar,623,163,59,3,848,3,0,5,0,8,626,163,64,3,856,0,0,0,856
12/07/2002,BWI,MD,AEA,EN,Towers with Radar,489,120,59,7,675,2,0,6,0,8,491,120,65,7,683,0,0,0,683
12/08/2002,BWI,MD,AEA,EN,Towers with Radar,494,116,84,4,698,4,0,2,0,6,498,116,86,4,704,16,0,16,720
12/09/2002,BWI,MD,AEA,EN,Towers with Radar,568,154,132,10,864,2,0,2,2,6,570,154,134,12,870,3,0,3,873
12/10/2002,BWI,MD,AEA,EN,Towers with Radar,616,166,66,11,859,3,1,3,0,7,619,167,69,11,866,2,0,2,868
12/11/2002,BWI,MD,AEA,EN,Towers with Radar,583,133,25,0,741,2,0,0,0,2,585,133,25,0,743,0,0,0,743
12/12/2002,BWI,MD,AEA,EN,Towers with Radar,598,157,79,4,838,3,0,2,0,5,601,157,81,4,843,0,0,0,843
12/13/2002,BWI,MD,AEA,EN,Towers with Radar,593,166,34,4,797,3,0,0,0,3,596,166,34,4,800,0,0,0,800
12/14/2002,BWI,MD,AEA,EN,Towers with Radar,494,115,9,3,621,2,0,0,0,2,496,115,9,3,623,0,0,0,623
12/15/2002,BWI,MD,AEA,EN,Towers with Radar,486,113,91,6,696,3,0,5,0,8,489,113,96,6,704,6,0,6,710
12/16/2002,BWI,MD,AEA,EN,Towers with Radar,544,149,41,8,742,3,0,3,1,7,547,149,44,9,749,0,0,0,749
12/17/2002,BWI,MD,AEA,EN,Towers with Radar,595,161,124,11,891,2,0,9,1,12,597,161,133,12,903,2,0,2,905
12/18/2002,BWI,MD,AEA,EN,Towers with Radar,579,161,97,20,857,3,0,3,0,6,582,161,100,20,863,6,0,6,869
12/19/2002,BWI,MD,AEA,EN,Towers with Radar,591,151,91,16,849,2,1,0,0,3,593,152,91,16,852,10,0,10,862
12/20/2002,BWI,MD,AEA,EN,Towers with Radar,626,158,53,1,838,2,0,0,0,2,628,158,53,1,840,0,0,0,840
12/21/2002,BWI,MD,AEA,EN,Towers with Radar,507,125,80,10,722,2,1,1,0,4,509,126,81,10,726,6,0,6,732
12/22/2002,BWI,MD,AEA,EN,Towers with Radar,489,120,91,5,705,2,0,6,0,8,491,120,97,5,713,0,0,0,713
12/23/2002,BWI,MD,AEA,EN,Towers with Radar,551,150,52,6,759,3,1,6,0,10,554,151,58,6,769,0,0,0,769
12/24/2002,BWI,MD,AEA,EN,Towers with Radar,496,122,22,6,646,2,0,1,0,3,498,122,23,6,649,0,0,0,649
12/25/2002,BWI,MD,AEA,EN,Towers with Radar,376,76,1,1,454,2,0,0,0,2,378,76,1,1,456,0,0,0,456
12/26/2002,BWI,MD,AEA,EN,Towers with Radar,554,126,39,1,720,2,0,2,0,4,556,126,41,1,724,3,0,3,727
12/27/2002,BWI,MD,AEA,EN,Towers with Radar,569,153,76,3,801,3,1,5,0,9,572,154,81,3,810,0,0,0,810
12/28/2002,BWI,MD,AEA,EN,Towers with Radar,478,110,87,6,681,3,1,1,1,6,481,111,88,7,687,0,0,0,687
12/29/2002,BWI,MD,AEA,EN,Towers with Radar,487,116,63,7,673,2,1,1,0,4,489,117,64,7,677,1,0,1,678
12/30/2002,BWI,MD,AEA,EN,Towers with Radar,505,140,75,10,730,2,0,6,1,9,507,140,81,11,739,5,0,5,744
12/31/2002,BWI,MD,AEA,EN,Towers with Radar,506,138,49,4,697,2,1,2,0,5,508,139,51,4,702,5,0,5,707
01/01/2003,BWI,MD,AEA,EN,Towers with Radar,431,103,8,1,543,0,0,0,0,0,431,103,8,1,543,0,0,0,543
01/02/2003,BWI,MD,AEA,EN,Towers with Radar,545,143,24,1,713,0,0,0,0,0,545,143,24,1,713,6,0,6,719
01/03/2003,BWI,MD,AEA,EN,Towers with Radar,563,127,4,0,694,0,0,0,0,0,563,127,4,0,694,0,0,0,694
01/04/2003,BWI,MD,AEA,EN,Towers with Radar,508,101,29,10,648,1,0,1,0,2,509,101,30,10,650,0,0,0,650
01/05/2003,BWI,MD,AEA,EN,Towers with Radar,427,81,25,6,539,0,0,1,0,1,427,81,26,6,540,0,0,0,540
01/06/2003,BWI,MD,AEA,EN,Towers with Radar,559,128,15,1,703,2,1,0,1,4,561,129,15,2,707,0,0,0,707
01/07/2003,BWI,MD,AEA,EN,Towers with Radar,580,163,48,9,800,2,0,7,0,9,582,163,55,9,809,0,0,0,809
01/08/2003,BWI,MD,AEA,EN,Towers with Radar,599,152,38,12,801,3,0,3,0,6,602,152,41,12,807,4,0,4,811
01/09/2003,BWI,MD,AEA,EN,Towers with Radar,583,150,68,13,814,0,2,4,0,6,583,152,72,13,820,0,0,0,820
01/10/2003,BWI,MD,AEA,EN,Towers with Radar,606,159,62,15,842,0,1,3,2,6,606,160,65,17,848,1,0,1,849
01/11/2003,BWI,MD,AEA,EN,Towers with Radar,476,104,56,15,651,1,0,2,1,4,477,104,58,16,655,3,0,3,658
01/12/2003,BWI,MD,AEA,EN,Towers with Radar,486,102,83,13,684,0,0,4,2,6,486,102,87,15,690,16,0,16,706
01/13/2003,BWI,MD,AEA,EN,Towers with Radar,579,142,61,17,799,0,0,7,0,7,579,142,68,17,806,0,0,0,806
01/14/2003,BWI,MD,AEA,EN,Towers with Radar,608,159,66,18,851,0,1,3,2,6,608,160,69,20,857,14,0,14,871
01/15/2003,BWI,MD,AEA,EN,Towers with Radar,627,149,68,11,855,0,0,2,0,2,627,149,70,11,857,0,0,0,857
01/16/2003,BWI,MD,AEA,EN,Towers with Radar,577,154,86,35,852,1,2,5,1,9,578,156,91,36,861,4,0,4,865
01/17/2003,BWI,MD,AEA,EN,Towers with Radar,625,145,45,14,829,0,0,2,1,3,625,145,47,15,832,6,0,6,838
01/18/2003,BWI,MD,AEA,EN,Towers with Radar,498,107,80,21,706,1,1,8,0,10,499,108,88,21,716,3,0,3,719
01/19/2003,BWI,MD,AEA,EN,Towers with Radar,494,98,39,9,640,0,0,1,1,2,494,98,40,10,642,4,0,4,646
01/20/2003,BWI,MD,AEA,EN,Towers with Radar,550,132,40,8,730,0,0,3,0,3,550,132,43,8,733,0,0,0,733
01/21/2003,BWI,MD,AEA,EN,Towers with Radar,577,148,32,2,759,0,1,0,3,4,577,149,32,5,763,2,0,2,765
01/22/2003,BWI,MD,AEA,EN,Towers with Radar,603,152,78,23,856,0,0,3,1,4,603,152,81,24,860,6,0,6,866
01/23/2003,BWI,MD,AEA,EN,Towers with Radar,614,157,36,11,818,0,2,2,0,4,614,159,38,11,822,0,0,0,822
01/24/2003,BWI,MD,AEA,EN,Towers with Radar,592,158,36,9,795,1,1,1,1,4,593,159,37,10,799,0,0,0,799
01/25/2003,BWI,MD,AEA,EN,Towers with Radar,484,108,112,20,724,3,0,12,4,19,487,108,124,24,743,4,0,4,747
01/26/2003,BWI,MD,AEA,EN,Towers with Radar,498,105,41,21,665,0,0,3,3,6,498,105,44,24,671,1,0,1,672
01/27/2003,BWI,MD,AEA,EN,Towers with Radar,571,135,32,10,748,0,0,4,0,4,571,135,36,10,752,2,0,2,754
01/28/2003,BWI,MD,AEA,EN,Towers with Radar,587,147,50,19,803,1,1,9,0,11,588,148,59,19,814,0,0,0,814
01/29/2003,BWI,MD,AEA,EN,Towers with Radar,583,143,19,4,749,0,1,0,0,1,583,144,19,4,750,1,0,1,751
01/30/2003,BWI,MD,AEA,EN,Towers with Radar,615,150,28,11,804,0,0,2,0,2,615,150,30,11,806,5,0,5,811
01/31/2003,BWI,MD,AEA,EN,Towers with Radar,604,152,23,5,784,0,0,0,0,0,604,152,23,5,784,4,0,4,788
02/01/2003,BWI,MD,AEA,EN,Combined TRACON& Tower with Radar,480,105,6,3,594,0,0,0,0,0,480,105,6,3,594,0,0,0,594
02/02/2003,BWI,MD,AEA,EN,Combined TRACON& Tower with Radar,477,102,90,26,695,0,0,0,0,0,477,102,90,26,695,5,0,5,700
02/03/2003,BWI,MD,AEA,EN,Combined TRACON& Tower with Radar,556,142,87,26,811,0,0,0,0,0,556,142,87,26,811,1,0,1,812
02/04/2003,BWI,MD,AEA,EN,Combined TRACON& Tower with Radar,601,142,23,3,769,0,0,0,0,0,601,142,23,3,769,0,0,0,769
02/05/2003,BWI,MD,AEA,EN,Combined TRACON& Tower with Radar,619,162,78,16,875,0,0,0,0,0,619,162,78,16,875,0,0,0,875
02/06/2003,BWI,MD,AEA,EN,Combined TRACON& Tower with Radar,587,153,84,20,844,0,0,0,0,0,587,153,84,20,844,4,0,4,848
02/07/2003,BWI,MD,AEA,EN,Combined TRACON& Tower with Radar,528,122,11,3,664,0,0,0,0,0,528,122,11,3,664,1,0,1,665
02/08/2003,BWI,MD,AEA,EN,Combined TRACON& Tower with Radar,513,100,108,21,742,0,0,0,0,0,513,100,108,21,742,7,0,7,749
02/09/2003,BWI,MD,AEA,EN,Combined TRACON& Tower with Radar,504,102,78,17,701,0,0,0,0,0,504,102,78,17,701,6,0,6,707
02/10/2003,BWI,MD,AEA,EN,Combined TRACON& Tower with Radar,556,126,15,2,699,0,0,0,0,0,556,126,15,2,699,0,0,0,699
02/11/2003,BWI,MD,AEA,EN,Combined TRACON& Tower with Radar,630,172,65,7,874,0,0,0,0,0,630,172,65,7,874,1,0,1,875
02/12/2003,BWI,MD,AEA,EN,Combined TRACON& Tower with Radar,608,157,41,4,810,0,0,0,0,0,608,157,41,4,810,0,0,0,810
02/13/2003,BWI,MD,AEA,EN,Combined TRACON& Tower with Radar,643,164,55,4,866,0,0,0,0,0,643,164,55,4,866,0,0,0,866
02/14/2003,BWI,MD,AEA,EN,Combined TRACON& Tower with Radar,613,169,89,7,878,0,0,0,0,0,613,169,89,7,878,4,0,4,882
02/15/2003,BWI,MD,AEA,EN,Combined TRACON& Tower with Radar,464,106,3,1,574,0,0,0,0,0,464,106,3,1,574,0,0,0,574
02/16/2003,BWI,MD,AEA,EN,Combined TRACON& Tower with Radar,23,4,1,0,28,0,0,0,0,0,23,4,1,0,28,0,0,0,28
02/17/2003,BWI,MD,AEA,EN,Combined TRACON& Tower with Radar,0,0,0,0,0,0,0,0,0,0,0,0,0,0,0,0,0,0,0
02/18/2003,BWI,MD,AEA,EN,Combined TRACON& Tower with Radar,222,54,3,2,281,0,0,0,0,0,222,54,3,2,281,0,0,0,281
02/19/2003,BWI,MD,AEA,EN,Combined TRACON& Tower with Radar,600,156,13,1,770,0,0,0,0,0,600,156,13,1,770,1,0,1,771
02/20/2003,BWI,MD,AEA,EN,Combined TRACON& Tower with Radar,613,167,59,6,845,0,0,0,0,0,613,167,59,6,845,0,0,0,845
02/21/2003,BWI,MD,AEA,EN,Combined TRACON& Tower with Radar,596,166,39,5,806,0,0,0,0,0,596,166,39,5,806,0,0,0,806
02/22/2003,BWI,MD,AEA,EN,Combined TRACON& Tower with Radar,479,82,2,2,565,0,0,0,0,0,479,82,2,2,565,0,0,0,565
02/23/2003,BWI,MD,AEA,EN,Combined TRACON& Tower with Radar,498,82,14,0,594,0,0,0,0,0,498,82,14,0,594,0,0,0,594
02/24/2003,BWI,MD,AEA,EN,Combined TRACON& Tower with Radar,580,152,75,18,825,0,0,0,0,0,580,152,75,18,825,0,0,0,825
02/25/2003,BWI,MD,AEA,EN,Combined TRACON& Tower with Radar,592,160,66,1,819,0,0,0,0,0,592,160,66,1,819,0,0,0,819
02/26/2003,BWI,MD,AEA,EN,Combined TRACON& Tower with Radar,571,145,20,4,740,0,0,0,0,0,571,145,20,4,740,0,0,0,740
02/27/2003,BWI,MD,AEA,EN,Combined TRACON& Tower with Radar,586,144,14,5,749,0,0,0,0,0,586,144,14,5,749,0,0,0,749
02/28/2003,BWI,MD,AEA,EN,Combined TRACON& Tower with Radar,579,161,20,0,760,0,0,0,0,0,579,161,20,0,760,1,0,1,761
03/01/2003,BWI,MD,AEA,EN,Combined TRACON& Tower with Radar,440,108,14,1,563,63,0,0,0,63,503,108,14,1,626,0,0,0,626
03/02/2003,BWI,MD,AEA,EN,Combined TRACON& Tower with Radar,431,103,33,1,568,55,0,0,0,55,486,103,33,1,623,0,0,0,623
03/03/2003,BWI,MD,AEA,EN,Combined TRACON& Tower with Radar,559,139,63,4,765,39,8,0,0,47,598,147,63,4,812,2,0,2,814
03/04/2003,BWI,MD,AEA,EN,Combined TRACON& Tower with Radar,616,153,84,7,860,13,22,0,5,40,629,175,84,12,900,0,0,0,900
03/05/2003,BWI,MD,AEA,EN,Combined TRACON& Tower with Radar,595,148,55,7,805,37,15,0,4,56,632,163,55,11,861,1,0,1,862
03/06/2003,BWI,MD,AEA,EN,Combined TRACON& Tower with Radar,569,141,41,1,752,49,7,0,0,56,618,148,41,1,808,0,0,0,808
03/07/2003,BWI,MD,AEA,EN,Combined TRACON& Tower with Radar,646,170,108,8,932,0,4,48,1,53,646,174,156,9,985,0,0,0,985
03/08/2003,BWI,MD,AEA,EN,Combined TRACON& Tower with Radar,490,117,93,7,707,0,0,140,4,144,490,117,233,11,851,13,0,13,864
03/09/2003,BWI,MD,AEA,EN,Combined TRACON& Tower with Radar,494,110,78,6,688,0,0,20,4,24,494,110,98,10,712,0,0,0,712
03/10/2003,BWI,MD,AEA,EN,Combined TRACON& Tower with Radar,594,156,99,6,855,0,5,36,0,41,594,161,135,6,896,1,0,1,897
03/11/2003,BWI,MD,AEA,EN,Combined TRACON& Tower with Radar,643,160,91,7,901,0,2,0,13,15,643,162,91,20,916,0,0,0,916
03/12/2003,BWI,MD,AEA,EN,Combined TRACON& Tower with Radar,611,163,103,9,886,0,14,42,0,56,611,177,145,9,942,2,0,2,944
03/13/2003,BWI,MD,AEA,EN,Combined TRACON& Tower with Radar,631,160,101,8,900,0,1,17,2,20,631,161,118,10,920,7,0,7,927
03/14/2003,BWI,MD,AEA,EN,Combined TRACON& Tower with Radar,650,170,113,9,942,0,0,86,7,93,650,170,199,16,1035,5,0,5,1040
03/15/2003,BWI,MD,AEA,EN,Combined TRACON& Tower with Radar,505,116,107,8,736,0,0,257,0,257,505,116,364,8,993,10,0,10,1003
03/16/2003,BWI,MD,AEA,EN,Combined TRACON& Tower with Radar,504,105,91,8,708,0,0,125,6,131,504,105,216,14,839,0,0,0,839
03/17/2003,BWI,MD,AEA,EN,Combined TRACON& Tower with Radar,553,137,66,7,763,18,0,0,3,21,571,137,66,10,784,0,0,0,784
03/18/2003,BWI,MD,AEA,EN,Combined TRACON& Tower with Radar,606,157,99,8,870,0,17,20,7,44,606,174,119,15,914,0,0,0,914
03/19/2003,BWI,MD,AEA,EN,Combined TRACON& Tower with Radar,601,148,70,5,824,17,17,0,0,34,618,165,70,5,858,0,0,0,858
03/20/2003,BWI,MD,AEA,EN,Combined TRACON& Tower with Radar,549,135,24,2,710,57,10,0,0,67,606,145,24,2,777,0,0,0,777
03/21/2003,BWI,MD,AEA,EN,Combined TRACON& Tower with Radar,569,141,41,1,752,42,12,0,0,54,611,153,41,1,806,0,0,0,806
03/22/2003,BWI,MD,AEA,EN,Combined TRACON& Tower with Radar,516,123,80,7,726,15,0,24,4,43,531,123,104,11,769,4,0,4,773
03/23/2003,BWI,MD,AEA,EN,Combined TRACON& Tower with Radar,502,114,78,5,699,6,0,43,0,49,508,114,121,5,748,0,0,0,748
03/24/2003,BWI,MD,AEA,EN,Combined TRACON& Tower with Radar,578,140,90,6,814,12,0,5,0,17,590,140,95,6,831,0,0,0,831
03/25/2003,BWI,MD,AEA,EN,Combined TRACON& Tower with Radar,591,145,65,7,808,23,22,0,0,45,614,167,65,7,853,0,0,0,853
03/26/2003,BWI,MD,AEA,EN,Combined TRACON& Tower with Radar,596,147,61,8,812,22,22,0,2,46,618,169,61,10,858,0,0,0,858
03/27/2003,BWI,MD,AEA,EN,Combined TRACON& Tower with Radar,608,151,94,7,860,9,16,4,9,38,617,167,98,16,898,0,0,0,898
03/28/2003,BWI,MD,AEA,EN,Combined TRACON& Tower with Radar,586,145,59,7,797,30,8,0,7,45,616,153,59,14,842,0,0,0,842
03/29/2003,BWI,MD,AEA,EN,Combined TRACON& Tower with Radar,442,109,29,3,583,48,0,0,0,48,490,109,29,3,631,0,0,0,631
03/30/2003,BWI,MD,AEA,EN,Combined TRACON& Tower with Radar,439,104,7,3,553,68,0,0,0,68,507,104,7,3,621,10,0,10,631
03/31/2003,BWI,MD,AEA,EN,Combined TRACON& Tower with Radar,286,71,44,3,404,294,80,9,4,387,580,151,53,7,791,3,0,3,794
04/01/2003,BWI,MD,AEA,EN,Combined TRACON& Tower with Radar,617,158,38,2,815,1,1,12,1,15,618,159,50,3,830,2,0,2,832
04/02/2003,BWI,MD,AEA,EN,Combined TRACON& Tower with Radar,603,173,73,10,859,5,0,22,3,30,608,173,95,13,889,2,0,2,891
04/03/2003,BWI,MD,AEA,EN,Combined TRACON& Tower with Radar,619,160,79,8,866,3,1,26,0,30,622,161,105,8,896,6,0,6,902
04/04/2003,BWI,MD,AEA,EN,Combined TRACON& Tower with Radar,612,138,37,0,787,1,0,0,0,1,613,138,37,0,788,0,0,0,788
04/05/2003,BWI,MD,AEA,EN,Combined TRACON& Tower with Radar,490,65,35,3,593,0,0,15,0,15,490,65,50,3,608,0,0,0,608
04/06/2003,BWI,MD,AEA,EN,Combined TRACON& Tower with Radar,526,69,40,0,635,0,0,17,0,17,526,69,57,0,652,0,0,0,652
04/07/2003,BWI,MD,AEA,EN,Combined TRACON& Tower with Radar,586,87,25,0,698,0,1,1,0,2,586,88,26,0,700,0,0,0,700
04/08/2003,BWI,MD,AEA,EN,Combined TRACON& Tower with Radar,629,167,61,3,860,0,0,1,0,1,629,167,62,3,861,0,0,0,861
04/09/2003,BWI,MD,AEA,EN,Combined TRACON& Tower with Radar,603,139,77,2,821,0,0,2,0,2,603,139,79,2,823,0,0,0,823
04/10/2003,BWI,MD,AEA,EN,Combined TRACON& Tower with Radar,629,142,63,2,836,0,0,0,0,0,629,142,63,2,836,0,0,0,836
04/11/2003,BWI,MD,AEA,EN,Combined TRACON& Tower with Radar,632,129,35,3,799,0,0,0,0,0,632,129,35,3,799,0,0,0,799
04/12/2003,BWI,MD,AEA,EN,Combined TRACON& Tower with Radar,519,69,45,0,633,0,0,58,0,58,519,69,103,0,691,0,0,0,691
04/13/2003,BWI,MD,AEA,EN,Combined TRACON& Tower with Radar,543,72,84,0,699,0,0,65,0,65,543,72,149,0,764,0,0,0,764
04/14/2003,BWI,MD,AEA,EN,Combined TRACON& Tower with Radar,640,109,92,5,846,0,0,20,0,20,640,109,112,5,866,0,0,0,866
04/15/2003,BWI,MD,AEA,EN,Combined TRACON& Tower with Radar,567,131,91,0,789,0,0,66,5,71,567,131,157,5,860,27,0,27,887
04/16/2003,BWI,MD,AEA,EN,Combined TRACON& Tower with Radar,616,127,102,2,847,0,0,62,0,62,616,127,164,2,909,20,0,20,929
04/17/2003,BWI,MD,AEA,EN,Combined TRACON& Tower with Radar,646,165,106,0,917,0,0,6,0,6,646,165,112,0,923,2,0,2,925
04/18/2003,BWI,MD,AEA,EN,Combined TRACON& Tower with Radar,622,140,58,0,820,0,0,0,0,0,622,140,58,0,820,0,0,0,820
04/19/2003,BWI,MD,AEA,EN,Combined TRACON& Tower with Radar,549,66,54,4,673,0,0,9,0,9,549,66,63,4,682,20,0,20,702
04/20/2003,BWI,MD,AEA,EN,Combined TRACON& Tower with Radar,538,66,48,2,654,0,0,12,0,12,538,66,60,2,666,17,0,17,683
04/21/2003,BWI,MD,AEA,EN,Combined TRACON& Tower with Radar,607,107,64,1,779,0,0,3,0,3,607,107,67,1,782,2,0,2,784
04/22/2003,BWI,MD,AEA,EN,Combined TRACON& Tower with Radar,615,142,75,1,833,0,0,56,0,56,615,142,131,1,889,24,0,24,913
04/23/2003,BWI,MD,AEA,EN,Combined TRACON& Tower with Radar,617,142,88,2,849,0,0,23,0,23,617,142,111,2,872,35,0,35,907
04/24/2003,BWI,MD,AEA,EN,Combined TRACON& Tower with Radar,632,143,60,3,838,0,0,57,0,57,632,143,117,3,895,29,2,31,926
04/25/2003,BWI,MD,AEA,EN,Combined TRACON& Tower with Radar,638,137,85,3,863,0,0,72,0,72,638,137,157,3,935,19,0,19,954
04/26/2003,BWI,MD,AEA,EN,Combined TRACON& Tower with Radar,516,65,34,1,616,0,0,0,0,0,516,65,34,1,616,0,0,0,616
04/27/2003,BWI,MD,AEA,EN,Combined TRACON& Tower with Radar,534,72,69,3,678,0,0,67,0,67,534,72,136,3,745,30,1,31,776
04/28/2003,BWI,MD,AEA,EN,Combined TRACON& Tower with Radar,621,140,84,1,846,0,0,79,0,79,621,140,163,1,925,6,0,6,931
04/29/2003,BWI,MD,AEA,EN,Combined TRACON& Tower with Radar,611,132,83,3,829,0,0,50,0,50,611,132,133,3,879,20,0,20,899
04/30/2003,BWI,MD,AEA,EN,Combined TRACON& Tower with Radar,611,150,85,3,849,0,0,64,0,64,611,150,149,3,913,7,0,7,920
05/01/2003,BWI,MD,AEA,EN,Towers with Radar,667,136,102,1,906,0,0,36,0,36,667,136,138,1,942,6,0,6,948
05/02/2003,BWI,MD,AEA,EN,Towers with Radar,632,133,79,0,844,0,0,69,0,69,632,133,148,0,913,0,0,0,913
05/03/2003,BWI,MD,AEA,EN,Towers with Radar,569,74,68,7,718,0,0,47,0,47,569,74,115,7,765,50,0,50,815
05/04/2003,BWI,MD,AEA,EN,Towers with Radar,535,77,76,4,692,0,0,93,0,93,535,77,169,4,785,74,0,74,859
05/05/2003,BWI,MD,AEA,EN,Towers with Radar,612,105,57,1,775,0,0,53,0,53,612,105,110,1,828,4,0,4,832
05/06/2003,BWI,MD,AEA,EN,Towers with Radar,609,143,100,4,856,0,0,0,0,0,609,143,100,4,856,0,0,0,856
05/07/2003,BWI,MD,AEA,EN,Towers with Radar,618,133,79,0,830,0,36,66,4,106,618,169,145,4,936,6,0,6,942
05/08/2003,BWI,MD,AEA,EN,Towers with Radar,668,175,78,0,921,0,0,14,1,15,668,175,92,1,936,72,0,72,1008
05/09/2003,BWI,MD,AEA,EN,Towers with Radar,594,158,59,1,812,0,0,0,0,0,594,158,59,1,812,0,0,0,812
05/10/2003,BWI,MD,AEA,EN,Towers with Radar,550,58,19,3,630,0,0,0,0,0,550,58,19,3,630,2,2,4,634
05/11/2003,BWI,MD,AEA,EN,Towers with Radar,538,64,30,3,635,0,0,0,1,1,538,64,30,4,636,0,1,1,637
05/12/2003,BWI,MD,AEA,EN,Towers with Radar,615,115,91,10,831,0,0,59,2,61,615,115,150,12,892,2,0,2,894
05/13/2003,BWI,MD,AEA,EN,Towers with Radar,610,149,74,8,841,0,0,69,0,69,610,149,143,8,910,4,0,4,914
05/14/2003,BWI,MD,AEA,EN,Towers with Radar,613,149,98,1,861,0,0,80,0,80,613,149,178,1,941,8,0,8,949
05/15/2003,BWI,MD,AEA,EN,Towers with Radar,624,147,87,10,868,0,0,63,0,63,624,147,150,10,931,4,0,4,935
05/16/2003,BWI,MD,AEA,EN,Towers with Radar,611,131,71,9,822,0,0,0,0,0,611,131,71,9,822,0,0,0,822
05/17/2003,BWI,MD,AEA,EN,Towers with Radar,531,74,51,8,664,0,0,2,0,2,531,74,53,8,666,14,1,15,681
05/18/2003,BWI,MD,AEA,EN,Towers with Radar,544,73,79,5,701,0,1,3,2,6,544,74,82,7,707,2,0,2,709
05/19/2003,BWI,MD,AEA,EN,Towers with Radar,567,112,58,7,744,0,0,88,1,89,567,112,146,8,833,20,0,20,853
05/20/2003,BWI,MD,AEA,EN,Towers with Radar,609,149,85,4,847,0,0,85,0,85,609,149,170,4,932,1,0,1,933
05/21/2003,BWI,MD,AEA,EN,Towers with Radar,617,156,78,8,859,0,0,8,0,8,617,156,86,8,867,12,0,12,879
05/22/2003,BWI,MD,AEA,EN,Towers with Radar,613,148,102,1,864,0,0,6,0,6,613,148,108,1,870,3,0,3,873
05/23/2003,BWI,MD,AEA,EN,Towers with Radar,612,133,73,3,821,0,0,0,0,0,612,133,73,3,821,0,2,2,823
05/24/2003,BWI,MD,AEA,EN,Towers with Radar,516,68,47,1,632,0,0,0,0,0,516,68,47,1,632,0,0,0,632
05/25/2003,BWI,MD,AEA,EN,Towers with Radar,506,67,21,0,594,0,0,0,0,0,506,67,21,0,594,0,0,0,594
05/26/2003,BWI,MD,AEA,EN,Towers with Radar,571,78,58,1,708,0,0,9,0,9,571,78,67,1,717,8,0,8,725
05/27/2003,BWI,MD,AEA,EN,Towers with Radar,574,110,88,10,782,0,0,25,0,25,574,110,113,10,807,68,0,68,875
05/28/2003,BWI,MD,AEA,EN,Towers with Radar,634,143,75,0,852,0,0,46,0,46,634,143,121,0,898,28,0,28,926
05/29/2003,BWI,MD,AEA,EN,Towers with Radar,631,173,93,1,898,0,0,80,1,81,631,173,173,2,979,8,0,8,987
05/30/2003,BWI,MD,AEA,EN,Towers with Radar,636,133,99,2,870,0,4,66,0,70,636,137,165,2,940,2,2,4,944
05/31/2003,BWI,MD,AEA,EN,Towers with Radar,511,72,29,2,614,0,0,21,0,21,511,72,50,2,635,16,0,16,651
06/01/2003,BWI,MD,AEA,EN,Towers with Radar,519,66,38,8,631,0,0,4,0,4,519,66,42,8,635,12,0,12,647
06/02/2003,BWI,MD,AEA,EN,Towers with Radar,603,97,85,1,786,0,0,102,0,102,603,97,187,1,888,11,0,11,899
06/03/2003,BWI,MD,AEA,EN,Towers with Radar,611,139,75,1,826,0,0,34,0,34,611,139,109,1,860,32,0,32,892
06/04/2003,BWI,MD,AEA,EN,Towers with Radar,626,139,65,0,830,0,0,0,0,0,626,139,65,0,830,1,0,1,831
06/05/2003,BWI,MD,AEA,EN,Towers with Radar,612,149,126,0,887,0,0,41,0,41,612,149,167,0,928,0,0,0,928
06/06/2003,BWI,MD,AEA,EN,Towers with Radar,651,146,93,3,893,0,0,88,0,88,651,146,181,3,981,34,0,34,1015
06/07/2003,BWI,MD,AEA,EN,Towers with Radar,575,81,32,0,688,0,1,0,0,1,575,82,32,0,689,0,0,0,689
06/08/2003,BWI,MD,AEA,EN,Towers with Radar,562,67,39,3,671,0,0,14,0,14,562,67,53,3,685,53,0,53,738
06/09/2003,BWI,MD,AEA,EN,Towers with Radar,630,97,62,3,792,0,0,55,0,55,630,97,117,3,847,54,0,54,901
06/10/2003,BWI,MD,AEA,EN,Towers with Radar,603,131,98,5,837,0,0,86,0,86,603,131,184,5,923,16,0,16,939
06/11/2003,BWI,MD,AEA,EN,Towers with Radar,580,147,78,6,811,0,0,30,0,30,580,147,108,6,841,5,0,5,846
06/12/2003,BWI,MD,AEA,EN,Towers with Radar,643,121,53,0,817,0,1,37,0,38,643,122,90,0,855,12,1,13,868
06/13/2003,BWI,MD,AEA,EN,Towers with Radar,656,127,77,2,862,0,0,15,1,16,656,127,92,3,878,34,0,34,912
06/14/2003,BWI,MD,AEA,EN,Towers with Radar,537,66,26,4,633,0,0,22,0,22,537,66,48,4,655,2,1,3,658
06/15/2003,BWI,MD,AEA,EN,Towers with Radar,592,80,49,2,723,0,0,82,0,82,592,80,131,2,805,72,0,72,877
06/16/2003,BWI,MD,AEA,EN,Towers with Radar,579,99,70,4,752,0,0,58,0,58,579,99,128,4,810,18,0,18,828
06/17/2003,BWI,MD,AEA,EN,Towers with Radar,625,144,64,5,838,0,1,18,0,19,625,145,82,5,857,71,2,73,930
06/18/2003,BWI,MD,AEA,EN,Towers with Radar,620,132,91,0,843,0,0,16,0,16,620,132,107,0,859,3,0,3,862
06/19/2003,BWI,MD,AEA,EN,Towers with Radar,618,135,81,1,835,0,0,1,0,1,618,135,82,1,836,0,0,0,836
06/20/2003,BWI,MD,AEA,EN,Towers with Radar,660,112,56,1,829,0,0,2,0,2,660,112,58,1,831,4,2,6,837
06/21/2003,BWI,MD,AEA,EN,Towers with Radar,640,95,61,0,796,0,0,57,0,57,640,95,118,0,853,26,0,26,879
06/22/2003,BWI,MD,AEA,EN,Towers with Radar,574,77,45,2,698,0,0,72,0,72,574,77,117,2,770,58,0,58,828
06/23/2003,BWI,MD,AEA,EN,Towers with Radar,621,124,99,0,844,0,0,77,2,79,621,124,176,2,923,30,14,44,967
06/24/2003,BWI,MD,AEA,EN,Towers with Radar,635,123,54,4,816,0,0,108,13,121,635,123,162,17,937,2,0,2,939
06/25/2003,BWI,MD,AEA,EN,Towers with Radar,622,127,89,3,841,0,0,83,0,83,622,127,172,3,924,46,0,46,970
06/26/2003,BWI,MD,AEA,EN,Towers with Radar,640,144,95,0,879,0,1,31,0,32,640,145,126,0,911,72,0,72,983
06/27/2003,BWI,MD,AEA,EN,Towers with Radar,690,154,91,2,937,0,1,7,5,13,690,155,98,7,950,27,0,27,977
06/28/2003,BWI,MD,AEA,EN,Towers with Radar,549,74,62,2,687,0,2,85,0,87,549,76,147,2,774,33,0,33,807
06/29/2003,BWI,MD,AEA,EN,Towers with Radar,568,73,46,4,691,0,0,61,0,61,568,73,107,4,752,33,2,35,787
06/30/2003,BWI,MD,AEA,EN,Towers with Radar,619,90,92,6,807,0,0,74,0,74,619,90,166,6,881,34,0,34,915
07/01/2003,BWI,MD,AEA,EN,Towers with Radar,641,126,65,4,836,0,0,91,0,91,641,126,156,4,927,3,4,7,934
07/02/2003,BWI,MD,AEA,EN,Towers with Radar,616,125,61,2,804,0,0,18,0,18,616,125,79,2,822,20,2,22,844
07/03/2003,BWI,MD,AEA,EN,Towers with Radar,644,131,82,1,858,0,0,9,0,9,644,131,91,1,867,0,0,0,867
07/04/2003,BWI,MD,AEA,EN,Towers with Radar,522,68,21,1,612,0,0,18,0,18,522,68,39,1,630,22,0,22,652
07/05/2003,BWI,MD,AEA,EN,Towers with Radar,482,46,27,3,558,0,0,25,0,25,482,46,52,3,583,42,0,42,625
07/06/2003,BWI,MD,AEA,EN,Towers with Radar,547,63,59,2,671,0,0,69,0,69,547,63,128,2,740,39,0,39,779
07/07/2003,BWI,MD,AEA,EN,Towers with Radar,630,100,72,4,806,0,0,35,0,35,630,100,107,4,841,4,0,4,845
07/08/2003,BWI,MD,AEA,EN,Towers with Radar,630,137,59,1,827,0,0,62,0,62,630,137,121,1,889,44,0,44,933
07/09/2003,BWI,MD,AEA,EN,Towers with Radar,639,114,54,1,808,0,0,53,0,53,639,114,107,1,861,0,0,0,861
07/10/2003,BWI,MD,AEA,EN,Towers with Radar,614,124,74,4,816,0,0,0,0,0,614,124,74,4,816,0,0,0,816
07/11/2003,BWI,MD,AEA,EN,Towers with Radar,582,88,94,3,767,0,4,60,0,64,582,92,154,3,831,0,0,0,831
07/12/2003,BWI,MD,AEA,EN,Towers with Radar,518,59,57,7,641,0,1,58,0,59,518,60,115,7,700,0,0,0,700
07/13/2003,BWI,MD,AEA,EN,Towers with Radar,537,66,33,3,639,0,0,43,2,45,537,66,76,5,684,12,0,12,696
07/14/2003,BWI,MD,AEA,EN,Towers with Radar,627,83,60,2,772,0,0,46,0,46,627,83,106,2,818,31,0,31,849
07/15/2003,BWI,MD,AEA,EN,Towers with Radar,621,135,103,1,860,0,0,48,0,48,621,135,151,1,908,24,0,24,932
07/16/2003,BWI,MD,AEA,EN,Towers with Radar,615,129,78,3,825,16,0,43,0,59,631,129,121,3,884,26,2,28,912
07/17/2003,BWI,MD,AEA,EN,Towers with Radar,623,137,92,4,856,0,0,99,0,99,623,137,191,4,955,28,0,28,983
07/18/2003,BWI,MD,AEA,EN,Towers with Radar,634,125,68,6,833,0,0,28,0,28,634,125,96,6,861,4,0,4,865
07/19/2003,BWI,MD,AEA,EN,Towers with Radar,615,64,36,6,721,0,0,62,0,62,615,64,98,6,783,48,0,48,831
07/20/2003,BWI,MD,AEA,EN,Towers with Radar,565,89,76,1,731,0,1,82,0,83,565,90,158,1,814,12,0,12,826
07/21/2003,BWI,MD,AEA,EN,Towers with Radar,616,90,43,2,751,0,0,20,0,20,616,90,63,2,771,0,0,0,771
07/22/2003,BWI,MD,AEA,EN,Towers with Radar,617,124,87,1,829,0,0,15,5,20,617,124,102,6,849,0,0,0,849
07/23/2003,BWI,MD,AEA,EN,Towers with Radar,699,125,96,1,921,0,0,4,0,4,699,125,100,1,925,42,0,42,967
07/24/2003,BWI,MD,AEA,EN,Towers with Radar,633,153,100,2,888,0,0,72,0,72,633,153,172,2,960,2,0,2,962
07/25/2003,BWI,MD,AEA,EN,Towers with Radar,623,126,71,10,830,0,0,89,0,89,623,126,160,10,919,40,6,46,965
07/26/2003,BWI,MD,AEA,EN,Towers with Radar,567,72,62,6,707,0,0,37,0,37,567,72,99,6,744,36,0,36,780
07/27/2003,BWI,MD,AEA,EN,Towers with Radar,530,62,73,5,670,0,0,54,0,54,530,62,127,5,724,12,0,12,736
07/28/2003,BWI,MD,AEA,EN,Towers with Radar,625,96,66,1,788,0,0,32,0,32,625,96,98,1,820,4,0,4,824
07/29/2003,BWI,MD,AEA,EN,Towers with Radar,624,134,71,6,835,0,0,44,0,44,624,134,115,6,879,22,0,22,901
07/30/2003,BWI,MD,AEA,EN,Towers with Radar,626,150,99,1,876,0,2,47,0,49,626,152,146,1,925,34,0,34,959
07/31/2003,BWI,MD,AEA,EN,Towers with Radar,600,145,88,1,834,0,0,8,0,8,600,145,96,1,842,2,0,2,844
08/01/2003,BWI,MD,AEA,EN,Towers with Radar,636,131,57,2,826,0,0,2,0,2,636,131,59,2,828,4,0,4,832
08/02/2003,BWI,MD,AEA,EN,Towers with Radar,614,105,60,2,781,0,0,20,0,20,614,105,80,2,801,28,0,28,829
08/03/2003,BWI,MD,AEA,EN,Towers with Radar,496,66,53,3,618,0,0,1,0,1,496,66,54,3,619,8,0,8,627
08/04/2003,BWI,MD,AEA,EN,Towers with Radar,644,89,64,2,799,0,0,11,0,11,644,89,75,2,810,14,0,14,824
08/05/2003,BWI,MD,AEA,EN,Towers with Radar,639,121,54,2,816,0,0,12,0,12,639,121,66,2,828,0,0,0,828
08/06/2003,BWI,MD,AEA,EN,Towers with Radar,637,135,70,0,842,0,0,62,2,64,637,135,132,2,906,62,0,62,968
08/07/2003,BWI,MD,AEA,EN,Towers with Radar,682,145,81,2,910,0,0,0,0,0,682,145,81,2,910,0,0,0,910
08/08/2003,BWI,MD,AEA,EN,Towers with Radar,638,125,80,7,850,0,0,15,9,24,638,125,95,16,874,26,0,26,900
08/09/2003,BWI,MD,AEA,EN,Towers with Radar,561,82,49,8,700,0,0,3,0,3,561,82,52,8,703,4,0,4,707
08/10/2003,BWI,MD,AEA,EN,Towers with Radar,580,70,60,8,718,0,0,12,0,12,580,70,72,8,730,12,0,12,742
08/11/2003,BWI,MD,AEA,EN,Towers with Radar,609,103,69,1,782,0,0,2,0,2,609,103,71,1,784,10,0,10,794
08/12/2003,BWI,MD,AEA,EN,Towers with Radar,609,163,108,3,883,0,0,45,0,45,609,163,153,3,928,42,0,42,970
08/13/2003,BWI,MD,AEA,EN,Towers with Radar,622,140,82,8,852,0,0,32,0,32,622,140,114,8,884,8,14,22,906
08/14/2003,BWI,MD,AEA,EN,Towers with Radar,631,124,78,0,833,0,4,40,0,44,631,128,118,0,877,58,0,58,935
08/15/2003,BWI,MD,AEA,EN,Towers with Radar,679,129,102,15,925,0,0,44,0,44,679,129,146,15,969,0,26,26,995
08/16/2003,BWI,MD,AEA,EN,Towers with Radar,560,66,56,6,688,0,0,4,2,6,560,66,60,8,694,6,0,6,700
08/17/2003,BWI,MD,AEA,EN,Towers with Radar,586,68,63,14,731,0,0,71,5,76,586,68,134,19,807,32,30,62,869
08/18/2003,BWI,MD,AEA,EN,Towers with Radar,625,103,91,2,821,0,0,72,33,105,625,103,163,35,926,14,89,103,1029
08/19/2003,BWI,MD,AEA,EN,Towers with Radar,629,142,93,0,864,0,0,100,18,118,629,142,193,18,982,0,18,18,1000
08/20/2003,BWI,MD,AEA,EN,Towers with Radar,620,129,96,2,847,0,0,54,38,92,620,129,150,40,939,6,22,28,967
08/21/2003,BWI,MD,AEA,EN,Towers with Radar,640,139,105,5,889,0,0,45,8,53,640,139,150,13,942,2,4,6,948
08/22/2003,BWI,MD,AEA,EN,Towers with Radar,613,103,64,0,780,0,0,14,0,14,613,103,78,0,794,14,0,14,808
08/23/2003,BWI,MD,AEA,EN,Towers with Radar,659,123,80,4,866,0,0,71,45,116,659,123,151,49,982,56,8,64,1046
08/24/2003,BWI,MD,AEA,EN,Towers with Radar,565,85,68,5,723,0,0,77,9,86,565,85,145,14,809,14,10,24,833
08/25/2003,BWI,MD,AEA,EN,Towers with Radar,635,129,99,7,870,0,0,65,24,89,635,129,164,31,959,12,8,20,979
08/26/2003,BWI,MD,AEA,EN,Towers with Radar,568,156,55,0,779,0,0,17,15,32,568,156,72,15,811,0,7,7,818
08/27/2003,BWI,MD,AEA,EN,Towers with Radar,583,116,75,2,776,0,1,12,4,17,583,117,87,6,793,34,0,34,827
08/28/2003,BWI,MD,AEA,EN,Towers with Radar,692,152,97,3,944,0,0,46,14,60,692,152,143,17,1004,40,0,40,1044
08/29/2003,BWI,MD,AEA,EN,Towers with Radar,638,128,54,2,822,0,0,6,1,7,638,128,60,3,829,12,0,12,841
08/30/2003,BWI,MD,AEA,EN,Towers with Radar,584,71,39,2,696,0,1,19,8,28,584,72,58,10,724,12,2,14,738
08/31/2003,BWI,MD,AEA,EN,Towers with Radar,501,66,80,3,650,0,0,49,0,49,501,66,129,3,699,18,2,20,719
09/01/2003,BWI,MD,AEA,EN,Towers with Radar,529,74,27,0,630,0,0,3,0,3,529,74,30,0,633,0,2,2,635
09/02/2003,BWI,MD,AEA,EN,Towers with Radar,633,94,54,2,783,0,0,31,0,31,633,94,85,2,814,22,18,40,854
09/03/2003,BWI,MD,AEA,EN,Towers with Radar,580,137,61,1,779,0,0,1,0,1,580,137,62,1,780,8,0,8,788
09/04/2003,BWI,MD,AEA,EN,Towers with Radar,620,143,70,4,837,0,0,13,0,13,620,143,83,4,850,0,0,0,850
09/05/2003,BWI,MD,AEA,EN,Towers with Radar,649,132,104,6,891,0,1,88,1,90,649,133,192,7,981,28,2,30,1011
09/06/2003,BWI,MD,AEA,EN,Towers with Radar,531,135,60,6,732,0,0,90,0,90,531,135,150,6,822,46,2,48,870
09/07/2003,BWI,MD,AEA,EN,Towers with Radar,559,76,60,4,699,0,0,72,1,73,559,76,132,5,772,24,2,26,798
09/08/2003,BWI,MD,AEA,EN,Towers with Radar,607,99,65,8,779,0,0,82,0,82,607,99,147,8,861,6,4,10,871
09/09/2003,BWI,MD,AEA,EN,Towers with Radar,579,171,129,1,880,0,3,47,3,53,579,174,176,4,933,34,0,34,967
09/10/2003,BWI,MD,AEA,EN,Towers with Radar,615,175,145,4,939,0,0,69,4,73,615,175,214,8,1012,46,0,46,1058
09/11/2003,BWI,MD,AEA,EN,Towers with Radar,614,175,86,2,877,0,1,56,2,59,614,176,142,4,936,48,0,48,984
09/12/2003,BWI,MD,AEA,EN,Towers with Radar,639,178,89,3,909,0,0,29,3,32,639,178,118,6,941,8,0,8,949
09/13/2003,BWI,MD,AEA,EN,Towers with Radar,543,74,64,6,687,0,0,6,0,6,543,74,70,6,693,0,2,2,695
09/14/2003,BWI,MD,AEA,EN,Towers with Radar,531,83,96,3,713,0,0,20,0,20,531,83,116,3,733,18,0,18,751
09/15/2003,BWI,MD,AEA,EN,Towers with Radar,622,92,88,1,803,0,0,11,0,11,622,92,99,1,814,8,0,8,822
09/16/2003,BWI,MD,AEA,EN,Towers with Radar,598,161,131,3,893,0,0,61,8,69,598,161,192,11,962,31,0,31,993
09/17/2003,BWI,MD,AEA,EN,Towers with Radar,618,137,92,2,849,0,4,73,0,77,618,141,165,2,926,28,0,28,954
09/18/2003,BWI,MD,AEA,EN,Towers with Radar,389,57,13,0,459,0,0,0,0,0,389,57,13,0,459,0,0,0,459
09/19/2003,BWI,MD,AEA,EN,Towers with Radar,476,101,18,7,602,0,0,6,0,6,476,101,24,7,608,2,1,3,611
09/20/2003,BWI,MD,AEA,EN,Towers with Radar,483,93,33,1,610,0,0,37,0,37,483,93,70,1,647,0,0,0,647
09/21/2003,BWI,MD,AEA,EN,Towers with Radar,548,88,76,3,715,0,0,66,0,66,548,88,142,3,781,14,6,20,801
09/22/2003,BWI,MD,AEA,EN,Towers with Radar,598,96,47,1,742,0,0,7,0,7,598,96,54,1,749,4,2,6,755
09/23/2003,BWI,MD,AEA,EN,Towers with Radar,610,124,71,0,805,0,0,32,0,32,610,124,103,0,837,7,0,7,844
09/24/2003,BWI,MD,AEA,EN,Towers with Radar,606,150,103,8,867,0,0,61,2,63,606,150,164,10,930,20,3,23,953
09/25/2003,BWI,MD,AEA,EN,Towers with Radar,634,153,131,0,918,0,0,42,2,44,634,153,173,2,962,12,2,14,976
09/26/2003,BWI,MD,AEA,EN,Towers with Radar,604,164,92,2,862,0,0,17,0,17,604,164,109,2,879,24,0,24,903
09/27/2003,BWI,MD,AEA,EN,Towers with Radar,510,104,57,6,677,0,0,35,0,35,510,104,92,6,712,20,0,20,732
09/28/2003,BWI,MD,AEA,EN,Towers with Radar,553,88,76,1,718,0,0,64,0,64,553,88,140,1,782,38,0,38,820
09/29/2003,BWI,MD,AEA,EN,Towers with Radar,594,108,77,2,781,0,0,83,1,84,594,108,160,3,865,22,0,22,887
09/30/2003,BWI,MD,AEA,EN,Towers with Radar,605,127,135,2,869,0,0,95,2,97,605,127,230,4,966,32,4,36,1002
10/01/2003,BWI,MD,AEA,EN,Towers with Radar,592,174,95,6,867,0,0,48,2,50,592,174,143,8,917,14,1,15,932
10/02/2003,BWI,MD,AEA,EN,Towers with Radar,607,162,112,0,881,0,0,96,2,98,607,162,208,2,979,2,0,2,981
10/03/2003,BWI,MD,AEA,EN,Towers with Radar,559,169,112,0,840,0,0,74,0,74,559,169,186,0,914,26,0,26,940
10/04/2003,BWI,MD,AEA,EN,Towers with Radar,532,101,54,0,687,0,0,63,0,63,532,101,117,0,750,32,2,34,784
10/05/2003,BWI,MD,AEA,EN,Towers with Radar,551,101,58,1,711,0,0,52,0,52,551,101,110,1,763,8,0,8,771
10/06/2003,BWI,MD,AEA,EN,Towers with Radar,573,135,94,2,804,0,0,63,8,71,573,135,157,10,875,30,1,31,906
10/07/2003,BWI,MD,AEA,EN,Towers with Radar,598,186,89,4,877,0,2,63,4,69,598,188,152,8,946,36,0,36,982
10/08/2003,BWI,MD,AEA,EN,Towers with Radar,606,141,69,0,816,0,0,41,0,41,606,141,110,0,857,44,0,44,901
10/09/2003,BWI,MD,AEA,EN,Towers with Radar,601,165,98,6,870,0,0,48,0,48,601,165,146,6,918,6,0,6,924
10/10/2003,BWI,MD,AEA,EN,Towers with Radar,612,160,90,6,868,0,0,0,4,4,612,160,90,10,872,0,0,0,872
10/11/2003,BWI,MD,AEA,EN,Towers with Radar,530,114,79,6,729,0,0,32,0,32,530,114,111,6,761,8,0,8,769
10/12/2003,BWI,MD,AEA,EN,Towers with Radar,549,95,80,8,732,0,1,48,4,53,549,96,128,12,785,22,0,22,807
10/13/2003,BWI,MD,AEA,EN,Towers with Radar,585,124,86,3,798,0,0,86,0,86,585,124,172,3,884,14,0,14,898
10/14/2003,BWI,MD,AEA,EN,Towers with Radar,589,154,102,5,850,0,0,35,3,38,589,154,137,8,888,24,0,24,912
10/15/2003,BWI,MD,AEA,EN,Towers with Radar,607,158,77,1,843,0,0,1,0,1,607,158,78,1,844,0,0,0,844
10/16/2003,BWI,MD,AEA,EN,Towers with Radar,609,169,98,6,882,0,0,76,1,77,609,169,174,7,959,24,2,26,985
10/17/2003,BWI,MD,AEA,EN,Towers with Radar,638,144,114,12,908,0,0,64,0,64,638,144,178,12,972,2,0,2,974
10/18/2003,BWI,MD,AEA,EN,Towers with Radar,490,79,44,1,614,0,0,55,2,57,490,79,99,3,671,40,0,40,711
10/19/2003,BWI,MD,AEA,EN,Towers with Radar,544,108,52,4,708,0,0,55,0,55,544,108,107,4,763,8,0,8,771
10/20/2003,BWI,MD,AEA,EN,Towers with Radar,589,135,110,0,834,0,0,60,2,62,589,135,170,2,896,34,2,36,932
10/21/2003,BWI,MD,AEA,EN,Towers with Radar,581,159,101,4,845,0,0,70,1,71,581,159,171,5,916,12,2,14,930
10/22/2003,BWI,MD,AEA,EN,Towers with Radar,590,163,94,4,851,0,0,35,1,36,590,163,129,5,887,20,0,20,907
10/23/2003,BWI,MD,AEA,EN,Towers with Radar,595,177,74,1,847,0,0,43,0,43,595,177,117,1,890,0,0,0,890
10/24/2003,BWI,MD,AEA,EN,Towers with Radar,647,192,143,5,987,0,10,102,0,112,647,202,245,5,1099,14,4,18,1117
10/25/2003,BWI,MD,AEA,EN,Towers with Radar,525,116,79,5,725,0,1,83,0,84,525,117,162,5,809,62,4,66,875
10/26/2003,BWI,MD,AEA,EN,Towers with Radar,516,102,71,4,693,0,0,12,1,13,516,102,83,5,706,4,0,4,710
10/27/2003,BWI,MD,AEA,EN,Towers with Radar,592,130,55,2,779,0,0,0,0,0,592,130,55,2,779,0,0,0,779
10/28/2003,BWI,MD,AEA,EN,Towers with Radar,621,170,89,0,880,0,0,39,0,39,621,170,128,0,919,38,1,39,958
10/29/2003,BWI,MD,AEA,EN,Towers with Radar,615,180,103,1,899,0,0,28,0,28,615,180,131,1,927,47,0,47,974
10/30/2003,BWI,MD,AEA,EN,Towers with Radar,605,183,106,7,901,0,0,92,2,94,605,183,198,9,995,38,2,40,1035
10/31/2003,BWI,MD,AEA,EN,Towers with Radar,620,170,63,3,856,0,1,72,0,73,620,171,135,3,929,38,2,40,969
11/01/2003,BWI,MD,AEA,EN,Towers with Radar,528,91,39,4,662,0,0,52,1,53,528,91,91,5,715,18,0,18,733
11/02/2003,BWI,MD,AEA,EN,Towers with Radar,534,90,72,7,703,0,0,53,0,53,534,90,125,7,756,6,0,6,762
11/03/2003,BWI,MD,AEA,EN,Towers with Radar,579,119,84,1,783,0,0,42,0,42,579,119,126,1,825,72,0,72,897
11/04/2003,BWI,MD,AEA,EN,Towers with Radar,563,173,69,4,809,0,0,46,0,46,563,173,115,4,855,19,2,21,876
11/05/2003,BWI,MD,AEA,EN,Towers with Radar,568,205,83,3,859,0,0,5,2,7,568,205,88,5,866,6,0,6,872
11/06/2003,BWI,MD,AEA,EN,Towers with Radar,645,181,71,2,899,0,0,0,0,0,645,181,71,2,899,0,0,0,899
11/07/2003,BWI,MD,AEA,EN,Towers with Radar,579,148,84,9,820,0,0,65,1,66,579,148,149,10,886,19,0,19,905
11/08/2003,BWI,MD,AEA,EN,Towers with Radar,484,83,49,1,617,0,0,58,0,58,484,83,107,1,675,6,0,6,681
11/09/2003,BWI,MD,AEA,EN,Towers with Radar,524,104,98,1,727,0,0,36,0,36,524,104,134,1,763,24,0,24,787
11/10/2003,BWI,MD,AEA,EN,Towers with Radar,582,155,109,1,847,0,0,60,3,63,582,155,169,4,910,38,0,38,948
11/11/2003,BWI,MD,AEA,EN,Towers with Radar,582,167,80,5,834,0,0,27,0,27,582,167,107,5,861,6,0,6,867
11/12/2003,BWI,MD,AEA,EN,Towers with Radar,570,159,84,1,814,0,0,0,0,0,570,159,84,1,814,0,0,0,814
11/13/2003,BWI,MD,AEA,EN,Towers with Radar,621,187,60,2,870,0,0,0,0,0,621,187,60,2,870,0,0,0,870
11/14/2003,BWI,MD,AEA,EN,Towers with Radar,587,150,55,0,792,0,0,5,0,5,587,150,60,0,797,0,0,0,797
11/15/2003,BWI,MD,AEA,EN,Towers with Radar,466,77,39,5,587,0,0,58,0,58,466,77,97,5,645,31,0,31,676
11/16/2003,BWI,MD,AEA,EN,Towers with Radar,545,93,54,5,697,0,0,31,1,32,545,93,85,6,729,4,0,4,733
11/17/2003,BWI,MD,AEA,EN,Towers with Radar,562,143,82,4,791,0,0,36,0,36,562,143,118,4,827,22,0,22,849
11/18/2003,BWI,MD,AEA,EN,Towers with Radar,573,166,97,2,838,0,0,0,0,0,573,166,97,2,838,0,0,0,838
11/19/2003,BWI,MD,AEA,EN,Towers with Radar,596,175,67,0,838,0,0,0,0,0,596,175,67,0,838,0,0,0,838
11/20/2003,BWI,MD,AEA,EN,Towers with Radar,600,173,82,1,856,0,0,32,0,32,600,173,114,1,888,14,0,14,902
11/21/2003,BWI,MD,AEA,EN,Towers with Radar,592,160,105,1,858,0,0,79,0,79,592,160,184,1,937,7,0,7,944
11/22/2003,BWI,MD,AEA,EN,Towers with Radar,497,83,76,0,656,0,0,89,0,89,497,83,165,0,745,72,10,82,827
11/23/2003,BWI,MD,AEA,EN,Towers with Radar,541,87,79,10,717,0,0,20,0,20,541,87,99,10,737,2,0,2,739
11/24/2003,BWI,MD,AEA,EN,Towers with Radar,580,132,98,1,811,0,0,18,0,18,580,132,116,1,829,10,0,10,839
11/25/2003,BWI,MD,AEA,EN,Towers with Radar,574,175,88,4,841,0,0,51,0,51,574,175,139,4,892,24,0,24,916
11/26/2003,BWI,MD,AEA,EN,Towers with Radar,604,186,77,1,868,0,0,44,0,44,604,186,121,1,912,24,2,26,938
11/27/2003,BWI,MD,AEA,EN,Towers with Radar,429,97,14,0,540,0,0,15,0,15,429,97,29,0,555,22,0,22,577
11/28/2003,BWI,MD,AEA,EN,Towers with Radar,450,81,18,3,552,0,0,0,0,0,450,81,18,3,552,4,0,4,556
11/29/2003,BWI,MD,AEA,EN,Towers with Radar,508,100,31,0,639,0,0,18,0,18,508,100,49,0,657,18,3,21,678
11/30/2003,BWI,MD,AEA,EN,Towers with Radar,567,121,109,1,798,0,0,44,0,44,567,121,153,1,842,14,0,14,856
12/01/2003,BWI,MD,AEA,EN,Towers with Radar,579,140,55,0,774,0,0,5,1,6,579,140,60,1,780,12,0,12,792
12/02/2003,BWI,MD,AEA,EN,Towers with Radar,600,158,56,1,815,0,0,26,0,26,600,158,82,1,841,2,0,2,843
12/03/2003,BWI,MD,AEA,EN,Towers with Radar,603,164,117,1,885,0,0,37,0,37,603,164,154,1,922,22,0,22,944
12/04/2003,BWI,MD,AEA,EN,Towers with Radar,609,166,94,4,873,0,0,36,0,36,609,166,130,4,909,16,0,16,925
12/05/2003,BWI,MD,AEA,EN,Towers with Radar,596,120,25,0,741,0,0,0,0,0,596,120,25,0,741,0,0,0,741
12/06/2003,BWI,MD,AEA,EN,Towers with Radar,522,81,31,0,634,0,0,0,0,0,522,81,31,0,634,0,0,0,634
12/07/2003,BWI,MD,AEA,EN,Towers with Radar,529,79,37,0,645,0,0,10,0,10,529,79,47,0,655,6,0,6,661
12/08/2003,BWI,MD,AEA,EN,Towers with Radar,591,125,80,4,800,0,0,53,0,53,591,125,133,4,853,10,0,10,863
12/09/2003,BWI,MD,AEA,EN,Towers with Radar,578,168,87,1,834,0,0,40,0,40,578,168,127,1,874,4,0,4,878
12/10/2003,BWI,MD,AEA,EN,Towers with Radar,579,133,88,5,805,0,0,4,1,5,579,133,92,6,810,2,0,2,812
12/11/2003,BWI,MD,AEA,EN,Towers with Radar,633,156,79,3,871,0,0,14,0,14,633,156,93,3,885,2,0,2,887
12/12/2003,BWI,MD,AEA,EN,Towers with Radar,595,181,79,2,857,0,2,57,2,61,595,183,136,4,918,2,0,2,920
12/13/2003,BWI,MD,AEA,EN,Towers with Radar,536,125,83,3,747,0,0,70,0,70,536,125,153,3,817,35,0,35,852
12/14/2003,BWI,MD,AEA,EN,Towers with Radar,493,70,27,3,593,0,0,0,0,0,493,70,27,3,593,0,0,0,593
12/15/2003,BWI,MD,AEA,EN,Towers with Radar,605,126,55,4,790,0,1,18,0,19,605,127,73,4,809,6,0,6,815
12/16/2003,BWI,MD,AEA,EN,Towers with Radar,619,182,73,2,876,0,0,56,0,56,619,182,129,2,932,14,0,14,946
12/17/2003,BWI,MD,AEA,EN,Towers with Radar,591,166,85,2,844,0,0,7,0,7,591,166,92,2,851,0,0,0,851
12/18/2003,BWI,MD,AEA,EN,Towers with Radar,619,167,81,4,871,0,0,39,0,39,619,167,120,4,910,14,0,14,924
12/19/2003,BWI,MD,AEA,EN,Towers with Radar,609,154,65,2,830,0,0,26,0,26,609,154,91,2,856,34,0,34,890
12/20/2003,BWI,MD,AEA,EN,Towers with Radar,482,70,33,7,592,0,0,19,2,21,482,70,52,9,613,2,0,2,615
12/21/2003,BWI,MD,AEA,EN,Towers with Radar,573,100,13,1,687,0,0,22,0,22,573,100,35,1,709,10,0,10,719
12/22/2003,BWI,MD,AEA,EN,Towers with Radar,596,131,36,1,764,0,0,28,0,28,596,131,64,1,792,4,0,4,796
12/23/2003,BWI,MD,AEA,EN,Towers with Radar,604,159,55,0,818,0,0,25,2,27,604,159,80,2,845,10,2,12,857
12/24/2003,BWI,MD,AEA,EN,Towers with Radar,546,133,16,1,696,0,0,0,0,0,546,133,16,1,696,0,0,0,696
12/25/2003,BWI,MD,AEA,EN,Towers with Radar,464,77,9,0,550,0,0,2,0,2,464,77,11,0,552,0,0,0,552
12/26/2003,BWI,MD,AEA,EN,Towers with Radar,542,86,34,0,662,0,0,16,0,16,542,86,50,0,678,0,0,0,678
12/27/2003,BWI,MD,AEA,EN,Towers with Radar,560,84,79,1,724,0,0,21,0,21,560,84,100,1,745,0,0,0,745
12/28/2003,BWI,MD,AEA,EN,Towers with Radar,556,88,53,2,699,0,0,29,0,29,556,88,82,2,728,12,6,18,746
12/29/2003,BWI,MD,AEA,EN,Towers with Radar,598,129,38,3,768,0,0,27,0,27,598,129,65,3,795,30,0,30,825
12/30/2003,BWI,MD,AEA,EN,Towers with Radar,593,147,44,2,786,0,0,10,0,10,593,147,54,2,796,0,0,0,796
12/31/2003,BWI,MD,AEA,EN,Towers with Radar,532,120,37,2,691,0,0,27,1,28,532,120,64,3,719,14,0,14,733
01/01/2004,BWI,MD,AEA,EN,Towers with Radar,471,90,16,1,578,0,0,26,0,26,471,90,42,1,604,4,0,4,608
01/02/2004,BWI,MD,AEA,EN,Towers with Radar,543,83,34,2,662,0,0,4,0,4,543,83,38,2,666,0,0,0,666
01/03/2004,BWI,MD,AEA,EN,Towers with Radar,550,98,74,1,723,0,0,26,0,26,550,98,100,1,749,6,0,6,755
01/04/2004,BWI,MD,AEA,EN,Towers with Radar,521,107,41,3,672,0,0,10,0,10,521,107,51,3,682,2,0,2,684
01/05/2004,BWI,MD,AEA,EN,Towers with Radar,585,133,43,2,763,0,0,0,0,0,585,133,43,2,763,0,0,0,763
01/06/2004,BWI,MD,AEA,EN,Towers with Radar,594,158,42,0,794,0,0,21,0,21,594,158,63,0,815,4,0,4,819
01/07/2004,BWI,MD,AEA,EN,Towers with Radar,570,152,75,2,799,0,0,45,0,45,570,152,120,2,844,2,0,2,846
01/08/2004,BWI,MD,AEA,EN,Towers with Radar,607,163,69,0,839,0,0,19,0,19,607,163,88,0,858,24,0,24,882
01/09/2004,BWI,MD,AEA,EN,Towers with Radar,614,141,61,3,819,0,0,21,0,21,614,141,82,3,840,16,0,16,856
01/10/2004,BWI,MD,AEA,EN,Towers with Radar,528,89,40,7,664,0,0,42,0,42,528,89,82,7,706,30,0,30,736
01/11/2004,BWI,MD,AEA,EN,Towers with Radar,556,93,36,2,687,0,0,47,0,47,556,93,83,2,734,24,0,24,758
01/12/2004,BWI,MD,AEA,EN,Towers with Radar,582,138,73,2,795,0,0,22,0,22,582,138,95,2,817,4,2,6,823
01/13/2004,BWI,MD,AEA,EN,Towers with Radar,582,159,65,6,812,0,0,39,0,39,582,159,104,6,851,2,2,4,855
01/14/2004,BWI,MD,AEA,EN,Towers with Radar,580,158,87,5,830,0,0,11,0,11,580,158,98,5,841,9,0,9,850
01/15/2004,BWI,MD,AEA,EN,Towers with Radar,590,162,74,2,828,0,0,6,0,6,590,162,80,2,834,1,0,1,835
01/16/2004,BWI,MD,AEA,EN,Towers with Radar,609,151,61,8,829,0,0,18,0,18,609,151,79,8,847,0,0,0,847
01/17/2004,BWI,MD,AEA,EN,Towers with Radar,525,91,47,1,664,0,0,58,1,59,525,91,105,2,723,29,0,29,752
01/18/2004,BWI,MD,AEA,EN,Towers with Radar,558,83,18,2,661,0,0,0,0,0,558,83,18,2,661,0,0,0,661
01/19/2004,BWI,MD,AEA,EN,Towers with Radar,581,117,66,2,766,0,0,35,0,35,581,117,101,2,801,24,2,26,827
01/20/2004,BWI,MD,AEA,EN,Towers with Radar,583,147,71,1,802,0,0,30,0,30,583,147,101,1,832,6,0,6,838
01/21/2004,BWI,MD,AEA,EN,Towers with Radar,558,199,118,2,877,0,0,51,0,51,558,199,169,2,928,28,0,28,956
01/22/2004,BWI,MD,AEA,EN,Towers with Radar,597,178,75,8,858,0,0,51,0,51,597,178,126,8,909,0,0,0,909
01/23/2004,BWI,MD,AEA,EN,Towers with Radar,594,172,57,5,828,0,0,46,0,46,594,172,103,5,874,8,4,12,886
01/24/2004,BWI,MD,AEA,EN,Towers with Radar,527,87,25,0,639,0,0,7,0,7,527,87,32,0,646,0,0,0,646
01/25/2004,BWI,MD,AEA,EN,Towers with Radar,512,95,17,1,625,0,0,31,0,31,512,95,48,1,656,0,0,0,656
01/26/2004,BWI,MD,AEA,EN,Towers with Radar,475,75,24,0,574,0,0,1,0,1,475,75,25,0,575,0,0,0,575
01/27/2004,BWI,MD,AEA,EN,Towers with Radar,442,106,26,2,576,0,0,0,0,0,442,106,26,2,576,0,0,0,576
01/28/2004,BWI,MD,AEA,EN,Towers with Radar,607,146,51,4,808,0,0,6,0,6,607,146,57,4,814,0,0,0,814
01/29/2004,BWI,MD,AEA,EN,Towers with Radar,590,155,71,7,823,0,0,30,0,30,590,155,101,7,853,26,0,26,879
01/30/2004,BWI,MD,AEA,EN,Towers with Radar,614,152,56,1,823,0,0,24,0,24,614,152,80,1,847,16,0,16,863
01/31/2004,BWI,MD,AEA,EN,Towers with Radar,488,81,60,4,633,0,0,17,1,18,488,81,77,5,651,10,0,10,661
02/01/2004,BWI,MD,AEA,EN,Towers with Radar,549,94,49,0,692,0,0,57,0,57,549,94,106,0,749,14,0,14,763
02/02/2004,BWI,MD,AEA,EN,Towers with Radar,579,128,75,1,783,0,0,38,0,38,579,128,113,1,821,18,0,18,839
02/03/2004,BWI,MD,AEA,EN,Towers with Radar,583,154,34,5,776,0,0,4,0,4,583,154,38,5,780,2,0,2,782
02/04/2004,BWI,MD,AEA,EN,Towers with Radar,586,176,68,5,835,0,0,47,0,47,586,176,115,5,882,8,6,14,896
02/05/2004,BWI,MD,AEA,EN,Towers with Radar,566,137,76,6,785,0,0,43,0,43,566,137,119,6,828,34,0,34,862
02/06/2004,BWI,MD,AEA,EN,Towers with Radar,598,129,32,1,760,0,0,0,0,0,598,129,32,1,760,0,0,0,760
02/07/2004,BWI,MD,AEA,EN,Towers with Radar,538,92,18,6,654,0,0,9,0,9,538,92,27,6,663,14,1,15,678
02/08/2004,BWI,MD,AEA,EN,Towers with Radar,541,97,37,4,679,0,0,34,1,35,541,97,71,5,714,20,0,20,734
02/09/2004,BWI,MD,AEA,EN,Towers with Radar,592,113,58,1,764,0,0,28,0,28,592,113,86,1,792,20,0,20,812
02/10/2004,BWI,MD,AEA,EN,Towers with Radar,582,166,113,1,862,0,0,46,1,47,582,166,159,2,909,14,0,14,923
02/11/2004,BWI,MD,AEA,EN,Towers with Radar,598,186,114,15,913,0,12,49,1,62,598,198,163,16,975,16,0,16,991
02/12/2004,BWI,MD,AEA,EN,Towers with Radar,608,171,104,7,890,0,0,67,0,67,608,171,171,7,957,14,0,14,971
02/13/2004,BWI,MD,AEA,EN,Towers with Radar,607,155,62,3,827,0,0,29,0,29,607,155,91,3,856,0,2,2,858
02/14/2004,BWI,MD,AEA,EN,Towers with Radar,529,97,23,2,651,0,0,21,0,21,529,97,44,2,672,4,0,4,676
02/15/2004,BWI,MD,AEA,EN,Towers with Radar,532,86,54,5,677,0,0,40,0,40,532,86,94,5,717,0,0,0,717
02/16/2004,BWI,MD,AEA,EN,Towers with Radar,594,149,82,1,826,0,0,39,0,39,594,149,121,1,865,19,0,19,884
02/17/2004,BWI,MD,AEA,EN,Towers with Radar,594,140,70,8,812,0,0,34,2,36,594,140,104,10,848,12,7,19,867
02/18/2004,BWI,MD,AEA,EN,Towers with Radar,596,180,57,5,838,0,0,33,0,33,596,180,90,5,871,28,0,28,899
02/19/2004,BWI,MD,AEA,EN,Towers with Radar,608,161,67,1,837,0,0,25,0,25,608,161,92,1,862,5,2,7,869
02/20/2004,BWI,MD,AEA,EN,Towers with Radar,611,159,67,0,837,0,0,20,0,20,611,159,87,0,857,24,0,24,881
02/21/2004,BWI,MD,AEA,EN,Towers with Radar,522,96,52,2,672,0,0,17,0,17,522,96,69,2,689,2,14,16,705
02/22/2004,BWI,MD,AEA,EN,Towers with Radar,532,93,41,3,669,0,0,23,2,25,532,93,64,5,694,6,0,6,700
02/23/2004,BWI,MD,AEA,EN,Towers with Radar,587,122,62,3,774,0,0,41,0,41,587,122,103,3,815,10,0,10,825
02/24/2004,BWI,MD,AEA,EN,Towers with Radar,595,168,56,1,820,0,0,7,0,7,595,168,63,1,827,0,0,0,827
02/25/2004,BWI,MD,AEA,EN,Towers with Radar,615,161,78,0,854,0,0,30,0,30,615,161,108,0,884,4,2,6,890
02/26/2004,BWI,MD,AEA,EN,Towers with Radar,599,171,98,5,873,0,0,45,0,45,599,171,143,5,918,26,0,26,944
02/27/2004,BWI,MD,AEA,EN,Towers with Radar,600,164,72,5,841,0,0,53,2,55,600,164,125,7,896,8,0,8,904
02/28/2004,BWI,MD,AEA,EN,Towers with Radar,546,92,63,1,702,0,0,66,0,66,546,92,129,1,768,26,0,26,794
02/29/2004,BWI,MD,AEA,EN,Towers with Radar,545,106,53,2,706,0,0,50,0,50,545,106,103,2,756,18,0,18,774
03/01/2004,BWI,MD,AEA,EN,Towers with Radar,589,140,66,1,796,0,0,43,1,44,589,140,109,2,840,5,0,5,845
03/02/2004,BWI,MD,AEA,EN,Towers with Radar,614,167,49,3,833,0,0,17,0,17,614,167,66,3,850,8,0,8,858
03/03/2004,BWI,MD,AEA,EN,Towers with Radar,594,157,91,3,845,0,0,52,0,52,594,157,143,3,897,8,0,8,905
03/04/2004,BWI,MD,AEA,EN,Towers with Radar,604,184,76,1,865,0,0,5,0,5,604,184,81,1,870,10,0,10,880
03/05/2004,BWI,MD,AEA,EN,Towers with Radar,630,161,73,1,865,0,0,4,1,5,630,161,77,2,870,0,0,0,870
03/06/2004,BWI,MD,AEA,EN,Towers with Radar,582,121,34,2,739,0,0,0,0,0,582,121,34,2,739,6,0,6,745
03/07/2004,BWI,MD,AEA,EN,Towers with Radar,537,100,41,5,683,0,0,37,0,37,537,100,78,5,720,8,0,8,728
03/08/2004,BWI,MD,AEA,EN,Towers with Radar,603,133,64,3,803,0,0,9,0,9,603,133,73,3,812,0,0,0,812
03/09/2004,BWI,MD,AEA,EN,Towers with Radar,594,159,56,1,810,0,0,42,1,43,594,159,98,2,853,18,2,20,873
03/10/2004,BWI,MD,AEA,EN,Towers with Radar,607,159,60,4,830,0,0,13,0,13,607,159,73,4,843,2,0,2,845
03/11/2004,BWI,MD,AEA,EN,Towers with Radar,603,164,85,1,853,0,0,50,2,52,603,164,135,3,905,17,1,18,923
03/12/2004,BWI,MD,AEA,EN,Towers with Radar,627,147,55,1,830,0,0,14,0,14,627,147,69,1,844,2,0,2,846
03/13/2004,BWI,MD,AEA,EN,Towers with Radar,539,101,39,1,680,0,0,14,2,16,539,101,53,3,696,4,0,4,700
03/14/2004,BWI,MD,AEA,EN,Towers with Radar,542,88,53,1,684,0,0,42,1,43,542,88,95,2,727,32,0,32,759
03/15/2004,BWI,MD,AEA,EN,Towers with Radar,611,123,49,1,784,0,0,44,2,46,611,123,93,3,830,14,0,14,844
03/16/2004,BWI,MD,AEA,EN,Towers with Radar,615,138,34,2,789,0,0,0,0,0,615,138,34,2,789,0,0,0,789
03/17/2004,BWI,MD,AEA,EN,Towers with Radar,605,154,58,2,819,0,0,23,0,23,605,154,81,2,842,16,0,16,858
03/18/2004,BWI,MD,AEA,EN,Towers with Radar,612,166,70,3,851,0,0,30,0,30,612,166,100,3,881,10,0,10,891
03/19/2004,BWI,MD,AEA,EN,Towers with Radar,624,160,106,1,891,0,0,13,0,13,624,160,119,1,904,16,0,16,920
03/20/2004,BWI,MD,AEA,EN,Towers with Radar,532,89,48,2,671,0,0,32,0,32,532,89,80,2,703,4,0,4,707
03/21/2004,BWI,MD,AEA,EN,Towers with Radar,551,98,48,3,700,0,0,0,0,0,551,98,48,3,700,2,0,2,702
03/22/2004,BWI,MD,AEA,EN,Towers with Radar,596,136,39,3,774,0,0,23,0,23,596,136,62,3,797,2,0,2,799
03/23/2004,BWI,MD,AEA,EN,Towers with Radar,597,171,67,1,836,0,0,45,2,47,597,171,112,3,883,28,3,31,914
03/24/2004,BWI,MD,AEA,EN,Towers with Radar,589,177,81,3,850,0,0,29,0,29,589,177,110,3,879,40,4,44,923
03/25/2004,BWI,MD,AEA,EN,Towers with Radar,616,179,70,11,876,0,0,41,0,41,616,179,111,11,917,16,0,16,933
03/26/2004,BWI,MD,AEA,EN,Towers with Radar,607,160,75,1,843,0,0,50,2,52,607,160,125,3,895,8,0,8,903
03/27/2004,BWI,MD,AEA,EN,Towers with Radar,539,97,30,2,668,0,0,3,0,3,539,97,33,2,671,0,0,0,671
03/28/2004,BWI,MD,AEA,EN,Towers with Radar,565,109,64,4,742,0,0,59,0,59,565,109,123,4,801,22,0,22,823
03/29/2004,BWI,MD,AEA,EN,Towers with Radar,593,134,67,2,796,0,0,28,0,28,593,134,95,2,824,12,0,12,836
03/30/2004,BWI,MD,AEA,EN,Towers with Radar,604,165,69,0,838,0,0,1,0,1,604,165,70,0,839,0,0,0,839
03/31/2004,BWI,MD,AEA,EN,Towers with Radar,602,189,67,2,860,0,0,1,0,1,602,189,68,2,861,0,0,0,861
04/01/2004,BWI,MD,AEA,EN,Towers with Radar,609,164,61,6,840,0,0,0,0,0,609,164,61,6,840,0,0,0,840
04/02/2004,BWI,MD,AEA,EN,Towers with Radar,607,150,33,0,790,0,0,0,0,0,607,150,33,0,790,0,0,0,790
04/03/2004,BWI,MD,AEA,EN,Towers with Radar,563,94,35,6,698,0,0,9,0,9,563,94,44,6,707,18,0,18,725
04/04/2004,BWI,MD,AEA,EN,Towers with Radar,538,108,42,3,691,0,0,8,0,8,538,108,50,3,699,6,0,6,705
04/05/2004,BWI,MD,AEA,EN,Towers with Radar,599,138,54,0,791,0,0,1,0,1,599,138,55,0,792,0,0,0,792
04/06/2004,BWI,MD,AEA,EN,Towers with Radar,608,175,86,1,870,0,0,34,1,35,608,175,120,2,905,2,0,2,907
04/07/2004,BWI,MD,AEA,EN,Towers with Radar,618,171,105,6,900,0,2,30,0,32,618,173,135,6,932,22,0,22,954
04/08/2004,BWI,MD,AEA,EN,Towers with Radar,620,162,76,5,863,0,0,24,0,24,620,162,100,5,887,10,0,10,897
04/09/2004,BWI,MD,AEA,EN,Towers with Radar,626,158,55,4,843,0,0,60,0,60,626,158,115,4,903,18,0,18,921
04/10/2004,BWI,MD,AEA,EN,Towers with Radar,551,90,40,0,681,0,0,43,0,43,551,90,83,0,724,18,0,18,742
04/11/2004,BWI,MD,AEA,EN,Towers with Radar,547,98,19,0,664,0,0,2,0,2,547,98,21,0,666,2,2,4,670
04/12/2004,BWI,MD,AEA,EN,Towers with Radar,583,127,67,3,780,0,0,0,0,0,583,127,67,3,780,2,0,2,782
04/13/2004,BWI,MD,AEA,EN,Towers with Radar,604,144,46,2,796,0,0,0,0,0,604,144,46,2,796,0,0,0,796
04/14/2004,BWI,MD,AEA,EN,Towers with Radar,624,149,80,1,854,0,0,1,0,1,624,149,81,1,855,16,0,16,871
04/15/2004,BWI,MD,AEA,EN,Towers with Radar,620,157,94,5,876,0,0,42,0,42,620,157,136,5,918,6,0,6,924
04/16/2004,BWI,MD,AEA,EN,Towers with Radar,602,174,66,1,843,0,0,69,0,69,602,174,135,1,912,26,0,26,938
04/17/2004,BWI,MD,AEA,EN,Towers with Radar,552,98,60,1,711,0,0,46,0,46,552,98,106,1,757,10,0,10,767
04/18/2004,BWI,MD,AEA,EN,Towers with Radar,553,102,87,5,747,0,0,60,6,66,553,102,147,11,813,34,2,36,849
04/19/2004,BWI,MD,AEA,EN,Towers with Radar,593,128,71,7,799,0,0,31,1,32,593,128,102,8,831,6,0,6,837
04/20/2004,BWI,MD,AEA,EN,Towers with Radar,610,185,70,2,867,0,0,48,0,48,610,185,118,2,915,16,2,18,933
04/21/2004,BWI,MD,AEA,EN,Towers with Radar,604,176,85,0,865,0,0,48,0,48,604,176,133,0,913,38,0,38,951
04/22/2004,BWI,MD,AEA,EN,Towers with Radar,617,176,90,1,884,0,0,45,0,45,617,176,135,1,929,4,0,4,933
04/23/2004,BWI,MD,AEA,EN,Towers with Radar,591,157,85,2,835,0,0,37,0,37,591,157,122,2,872,12,0,12,884
04/24/2004,BWI,MD,AEA,EN,Towers with Radar,612,111,65,2,790,0,0,54,0,54,612,111,119,2,844,18,0,18,862
04/25/2004,BWI,MD,AEA,EN,Towers with Radar,541,91,51,1,684,0,0,24,1,25,541,91,75,2,709,16,0,16,725
04/26/2004,BWI,MD,AEA,EN,Towers with Radar,600,122,72,4,798,0,0,0,0,0,600,122,72,4,798,0,0,0,798
04/27/2004,BWI,MD,AEA,EN,Towers with Radar,595,183,89,0,867,0,0,22,0,22,595,183,111,0,889,0,0,0,889
04/28/2004,BWI,MD,AEA,EN,Towers with Radar,603,177,96,3,879,0,0,41,0,41,603,177,137,3,920,11,0,11,931
04/29/2004,BWI,MD,AEA,EN,Towers with Radar,619,194,82,0,895,0,0,31,0,31,619,194,113,0,926,12,0,12,938
04/30/2004,BWI,MD,AEA,EN,Towers with Radar,620,177,81,5,883,0,0,52,0,52,620,177,133,5,935,4,0,4,939
05/01/2004,BWI,MD,AEA,EN,Towers with Radar,552,103,43,3,701,0,0,27,0,27,552,103,70,3,728,10,0,10,738
05/02/2004,BWI,MD,AEA,EN,Towers with Radar,510,96,51,2,659,0,0,5,2,7,510,96,56,4,666,12,0,12,678
05/03/2004,BWI,MD,AEA,EN,Towers with Radar,649,137,64,1,851,0,0,1,0,1,649,137,65,1,852,6,0,6,858
05/04/2004,BWI,MD,AEA,EN,Towers with Radar,614,184,95,7,900,0,0,56,1,57,614,184,151,8,957,10,0,10,967
05/05/2004,BWI,MD,AEA,EN,Towers with Radar,612,200,126,2,940,0,0,35,5,40,612,200,161,7,980,6,0,6,986
05/06/2004,BWI,MD,AEA,EN,Towers with Radar,616,195,95,1,907,0,0,63,0,63,616,195,158,1,970,15,0,15,985
05/07/2004,BWI,MD,AEA,EN,Towers with Radar,598,159,74,3,834,0,0,26,0,26,598,159,100,3,860,5,0,5,865
05/08/2004,BWI,MD,AEA,EN,Towers with Radar,578,109,60,1,748,0,0,37,0,37,578,109,97,1,785,12,0,12,797
05/09/2004,BWI,MD,AEA,EN,Towers with Radar,542,114,30,1,687,0,0,24,0,24,542,114,54,1,711,8,0,8,719
05/10/2004,BWI,MD,AEA,EN,Towers with Radar,605,149,66,0,820,0,0,39,0,39,605,149,105,0,859,28,0,28,887
05/11/2004,BWI,MD,AEA,EN,Towers with Radar,607,175,73,1,856,0,0,48,0,48,607,175,121,1,904,24,0,24,928
05/12/2004,BWI,MD,AEA,EN,Towers with Radar,602,174,76,1,853,0,0,33,0,33,602,174,109,1,886,28,0,28,914
05/13/2004,BWI,MD,AEA,EN,Towers with Radar,604,173,84,6,867,0,0,35,0,35,604,173,119,6,902,26,2,28,930
05/14/2004,BWI,MD,AEA,EN,Towers with Radar,633,170,95,7,905,0,0,28,1,29,633,170,123,8,934,12,0,12,946
05/15/2004,BWI,MD,AEA,EN,Towers with Radar,570,123,53,7,753,0,1,29,0,30,570,124,82,7,783,35,0,35,818
05/16/2004,BWI,MD,AEA,EN,Towers with Radar,554,112,95,10,771,0,0,10,0,10,554,112,105,10,781,22,2,24,805
05/17/2004,BWI,MD,AEA,EN,Towers with Radar,592,145,93,8,838,0,0,14,0,14,592,145,107,8,852,2,0,2,854
05/18/2004,BWI,MD,AEA,EN,Towers with Radar,595,176,77,0,848,0,0,13,0,13,595,176,90,0,861,2,0,2,863
05/19/2004,BWI,MD,AEA,EN,Towers with Radar,658,214,97,7,976,0,0,9,0,9,658,214,106,7,985,22,0,22,1007
05/20/2004,BWI,MD,AEA,EN,Towers with Radar,612,179,79,2,872,0,0,17,0,17,612,179,96,2,889,20,0,20,909
05/21/2004,BWI,MD,AEA,EN,Towers with Radar,612,179,62,0,853,0,0,21,0,21,612,179,83,0,874,20,0,20,894
05/22/2004,BWI,MD,AEA,EN,Towers with Radar,574,93,35,5,707,0,0,48,0,48,574,93,83,5,755,16,6,22,777
05/23/2004,BWI,MD,AEA,EN,Towers with Radar,528,115,35,5,683,0,0,29,0,29,528,115,64,5,712,15,4,19,731
05/24/2004,BWI,MD,AEA,EN,Towers with Radar,607,136,74,3,820,0,0,17,0,17,607,136,91,3,837,2,0,2,839
05/25/2004,BWI,MD,AEA,EN,Towers with Radar,576,188,85,6,855,0,0,23,0,23,576,188,108,6,878,6,0,6,884
05/26/2004,BWI,MD,AEA,EN,Towers with Radar,659,172,81,2,914,0,0,5,0,5,659,172,86,2,919,0,0,0,919
05/27/2004,BWI,MD,AEA,EN,Towers with Radar,643,200,90,0,933,0,0,33,0,33,643,200,123,0,966,24,0,24,990
05/28/2004,BWI,MD,AEA,EN,Towers with Radar,617,179,78,1,875,0,0,33,1,34,617,179,111,2,909,12,0,12,921
05/29/2004,BWI,MD,AEA,EN,Towers with Radar,543,101,57,5,706,0,0,21,0,21,543,101,78,5,727,16,2,18,745
05/30/2004,BWI,MD,AEA,EN,Towers with Radar,492,76,44,5,617,0,0,15,0,15,492,76,59,5,632,8,0,8,640
05/31/2004,BWI,MD,AEA,EN,Towers with Radar,570,113,44,0,727,0,0,0,0,0,570,113,44,0,727,0,0,0,727
06/01/2004,BWI,MD,AEA,EN,Towers with Radar,603,152,64,1,820,0,0,20,0,20,603,152,84,1,840,26,4,30,870
06/02/2004,BWI,MD,AEA,EN,Towers with Radar,623,173,64,6,866,0,0,41,0,41,623,173,105,6,907,10,0,10,917
06/03/2004,BWI,MD,AEA,EN,Towers with Radar,645,185,75,0,905,0,0,52,0,52,645,185,127,0,957,8,1,9,966
06/04/2004,BWI,MD,AEA,EN,Towers with Radar,622,177,94,5,898,0,0,42,3,45,622,177,136,8,943,24,0,24,967
06/05/2004,BWI,MD,AEA,EN,Towers with Radar,571,96,33,3,703,0,0,0,0,0,571,96,33,3,703,0,0,0,703
06/06/2004,BWI,MD,AEA,EN,Towers with Radar,566,90,42,1,699,0,0,9,0,9,566,90,51,1,708,0,0,0,708
06/07/2004,BWI,MD,AEA,EN,Towers with Radar,630,148,86,2,866,0,0,17,0,17,630,148,103,2,883,36,0,36,919
06/08/2004,BWI,MD,AEA,EN,Towers with Radar,630,180,90,2,902,0,0,44,1,45,630,180,134,3,947,16,2,18,965
06/09/2004,BWI,MD,AEA,EN,Towers with Radar,614,171,85,3,873,0,0,16,0,16,614,171,101,3,889,16,0,16,905
06/10/2004,BWI,MD,AEA,EN,Towers with Radar,634,181,77,1,893,0,0,7,1,8,634,181,84,2,901,16,2,18,919
06/11/2004,BWI,MD,AEA,EN,Towers with Radar,652,182,76,1,911,0,0,0,0,0,652,182,76,1,911,0,0,0,911
06/12/2004,BWI,MD,AEA,EN,Towers with Radar,570,106,45,13,734,0,0,49,0,49,570,106,94,13,783,18,0,18,801
06/13/2004,BWI,MD,AEA,EN,Towers with Radar,551,108,48,5,712,0,0,18,1,19,551,108,66,6,731,8,0,8,739
06/14/2004,BWI,MD,AEA,EN,Towers with Radar,629,124,74,4,831,0,0,24,0,24,629,124,98,4,855,14,2,16,871
06/15/2004,BWI,MD,AEA,EN,Towers with Radar,633,165,85,5,888,0,0,13,4,17,633,165,98,9,905,6,0,6,911
06/16/2004,BWI,MD,AEA,EN,Towers with Radar,592,190,89,0,871,0,0,5,0,5,592,190,94,0,876,7,2,9,885
06/17/2004,BWI,MD,AEA,EN,Towers with Radar,588,143,92,1,824,0,1,12,0,13,588,144,104,1,837,7,0,7,844
06/18/2004,BWI,MD,AEA,EN,Towers with Radar,734,162,82,4,982,0,0,14,0,14,734,162,96,4,996,4,2,6,1002
06/19/2004,BWI,MD,AEA,EN,Towers with Radar,584,97,44,4,729,0,0,19,0,19,584,97,63,4,748,14,0,14,762
06/20/2004,BWI,MD,AEA,EN,Towers with Radar,565,105,48,0,718,0,0,8,1,9,565,105,56,1,727,2,0,2,729
06/21/2004,BWI,MD,AEA,EN,Towers with Radar,615,137,75,5,832,0,0,42,2,44,615,137,117,7,876,0,0,0,876
06/22/2004,BWI,MD,AEA,EN,Towers with Radar,610,168,74,0,852,0,0,12,0,12,610,168,86,0,864,10,0,10,874
06/23/2004,BWI,MD,AEA,EN,Towers with Radar,642,168,66,1,877,0,0,32,0,32,642,168,98,1,909,10,0,10,919
06/24/2004,BWI,MD,AEA,EN,Towers with Radar,649,191,111,0,951,0,0,28,3,31,649,191,139,3,982,10,0,10,992
06/25/2004,BWI,MD,AEA,EN,Towers with Radar,639,164,59,8,870,0,0,14,0,14,639,164,73,8,884,26,0,26,910
06/26/2004,BWI,MD,AEA,EN,Towers with Radar,539,89,35,4,667,0,0,36,0,36,539,89,71,4,703,66,0,66,769
06/27/2004,BWI,MD,AEA,EN,Towers with Radar,600,92,69,3,764,0,0,36,0,36,600,92,105,3,800,30,0,30,830
06/28/2004,BWI,MD,AEA,EN,Towers with Radar,626,142,70,9,847,0,0,22,0,22,626,142,92,9,869,12,0,12,881
06/29/2004,BWI,MD,AEA,EN,Towers with Radar,650,189,102,2,943,0,0,45,0,45,650,189,147,2,988,16,0,16,1004
06/30/2004,BWI,MD,AEA,EN,Towers with Radar,610,185,93,2,890,0,0,34,0,34,610,185,127,2,924,10,0,10,934
07/01/2004,BWI,MD,AEA,EN,Towers with Radar,637,160,93,1,891,0,0,17,0,17,637,160,110,1,908,29,1,30,938
07/02/2004,BWI,MD,AEA,EN,Towers with Radar,647,157,56,0,860,0,0,40,0,40,647,157,96,0,900,32,0,32,932
07/03/2004,BWI,MD,AEA,EN,Towers with Radar,566,82,24,3,675,0,0,42,0,42,566,82,66,3,717,26,0,26,743
07/04/2004,BWI,MD,AEA,EN,Towers with Radar,504,63,14,1,582,0,0,2,0,2,504,63,16,1,584,0,0,0,584
07/05/2004,BWI,MD,AEA,EN,Towers with Radar,565,107,54,2,728,0,0,30,0,30,565,107,84,2,758,10,0,10,768
07/06/2004,BWI,MD,AEA,EN,Towers with Radar,623,128,52,2,805,0,0,40,1,41,623,128,92,3,846,10,0,10,856
07/07/2004,BWI,MD,AEA,EN,Towers with Radar,558,139,75,7,779,0,0,14,0,14,558,139,89,7,793,0,0,0,793
07/08/2004,BWI,MD,AEA,EN,Towers with Radar,720,167,77,2,966,0,0,33,0,33,720,167,110,2,999,10,0,10,1009
07/09/2004,BWI,MD,AEA,EN,Towers with Radar,630,161,53,1,845,0,0,42,0,42,630,161,95,1,887,6,2,8,895
07/10/2004,BWI,MD,AEA,EN,Towers with Radar,580,95,36,2,713,0,0,25,0,25,580,95,61,2,738,6,4,10,748
07/11/2004,BWI,MD,AEA,EN,Towers with Radar,511,91,41,1,644,0,1,6,0,7,511,92,47,1,651,4,0,4,655
07/12/2004,BWI,MD,AEA,EN,Towers with Radar,627,133,71,3,834,0,0,0,0,0,627,133,71,3,834,0,0,0,834
07/13/2004,BWI,MD,AEA,EN,Towers with Radar,653,174,93,1,921,0,0,3,0,3,653,174,96,1,924,6,0,6,930
07/14/2004,BWI,MD,AEA,EN,Towers with Radar,550,133,58,4,745,0,0,1,0,1,550,133,59,4,746,0,0,0,746
07/15/2004,BWI,MD,AEA,EN,Towers with Radar,700,162,80,4,946,0,0,62,0,62,700,162,142,4,1008,30,2,32,1040
07/16/2004,BWI,MD,AEA,EN,Towers with Radar,662,154,71,2,889,0,0,46,0,46,662,154,117,2,935,12,0,12,947
07/17/2004,BWI,MD,AEA,EN,Towers with Radar,585,94,62,2,743,0,0,24,0,24,585,94,86,2,767,38,0,38,805
07/18/2004,BWI,MD,AEA,EN,Towers with Radar,566,86,41,1,694,0,0,0,0,0,566,86,41,1,694,2,0,2,696
07/19/2004,BWI,MD,AEA,EN,Towers with Radar,613,126,66,0,805,0,0,21,0,21,613,126,87,0,826,30,0,30,856
07/20/2004,BWI,MD,AEA,EN,Towers with Radar,636,173,77,3,889,0,0,53,0,53,636,173,130,3,942,14,0,14,956
07/21/2004,BWI,MD,AEA,EN,Towers with Radar,624,175,89,3,891,0,1,64,0,65,624,176,153,3,956,0,0,0,956
07/22/2004,BWI,MD,AEA,EN,Towers with Radar,605,165,84,2,856,0,0,14,0,14,605,165,98,2,870,0,0,0,870
07/23/2004,BWI,MD,AEA,EN,Towers with Radar,648,122,70,0,840,0,0,0,0,0,648,122,70,0,840,12,0,12,852
07/24/2004,BWI,MD,AEA,EN,Towers with Radar,530,73,32,5,640,0,0,23,0,23,530,73,55,5,663,14,0,14,677
07/25/2004,BWI,MD,AEA,EN,Towers with Radar,575,95,45,1,716,0,0,7,0,7,575,95,52,1,723,3,0,3,726
07/26/2004,BWI,MD,AEA,EN,Towers with Radar,615,140,78,2,835,0,0,40,2,42,615,140,118,4,877,50,0,50,927
07/27/2004,BWI,MD,AEA,EN,Towers with Radar,567,176,74,5,822,0,0,2,0,2,567,176,76,5,824,0,0,0,824
07/28/2004,BWI,MD,AEA,EN,Towers with Radar,688,167,64,1,920,0,0,18,0,18,688,167,82,1,938,22,2,24,962
07/29/2004,BWI,MD,AEA,EN,Towers with Radar,651,179,93,13,936,0,0,57,0,57,651,179,150,13,993,10,0,10,1003
07/30/2004,BWI,MD,AEA,EN,Towers with Radar,637,168,88,0,893,0,0,40,0,40,637,168,128,0,933,56,0,56,989
07/31/2004,BWI,MD,AEA,EN,Towers with Radar,575,113,47,2,737,0,0,33,0,33,575,113,80,2,770,61,0,61,831
08/01/2004,BWI,MD,AEA,EN,Towers with Radar,563,81,36,2,682,0,0,2,0,2,563,81,38,2,684,4,0,4,688
08/02/2004,BWI,MD,AEA,EN,Towers with Radar,636,128,67,1,832,0,0,22,0,22,636,128,89,1,854,16,0,16,870
08/03/2004,BWI,MD,AEA,EN,Towers with Radar,663,156,87,0,906,0,0,30,2,32,663,156,117,2,938,42,2,44,982
08/04/2004,BWI,MD,AEA,EN,Towers with Radar,585,144,85,2,816,0,0,74,0,74,585,144,159,2,890,37,0,37,927
08/05/2004,BWI,MD,AEA,EN,Towers with Radar,680,164,68,0,912,0,0,49,0,49,680,164,117,0,961,88,0,88,1049
08/06/2004,BWI,MD,AEA,EN,Towers with Radar,644,158,92,2,896,0,0,63,0,63,644,158,155,2,959,72,0,72,1031
08/07/2004,BWI,MD,AEA,EN,Towers with Radar,582,96,39,1,718,0,0,0,0,0,582,96,39,1,718,44,2,46,764
08/08/2004,BWI,MD,AEA,EN,Towers with Radar,568,93,46,1,708,0,0,29,0,29,568,93,75,1,737,10,0,10,747
08/09/2004,BWI,MD,AEA,EN,Towers with Radar,643,128,77,0,848,0,0,58,0,58,643,128,135,0,906,32,2,34,940
08/10/2004,BWI,MD,AEA,EN,Towers with Radar,629,159,75,3,866,0,0,24,0,24,629,159,99,3,890,46,13,59,949
08/11/2004,BWI,MD,AEA,EN,Towers with Radar,599,142,70,6,817,0,0,25,0,25,599,142,95,6,842,16,0,16,858
08/12/2004,BWI,MD,AEA,EN,Towers with Radar,659,158,72,2,891,0,0,6,0,6,659,158,78,2,897,12,0,12,909
08/13/2004,BWI,MD,AEA,EN,Towers with Radar,667,144,58,3,872,0,0,9,0,9,667,144,67,3,881,18,0,18,899
08/14/2004,BWI,MD,AEA,EN,Towers with Radar,568,84,25,0,677,0,0,5,0,5,568,84,30,0,682,0,0,0,682
08/15/2004,BWI,MD,AEA,EN,Towers with Radar,574,99,50,3,726,0,0,25,0,25,574,99,75,3,751,26,0,26,777
08/16/2004,BWI,MD,AEA,EN,Towers with Radar,636,122,64,5,827,0,0,27,0,27,636,122,91,5,854,24,6,30,884
08/17/2004,BWI,MD,AEA,EN,Towers with Radar,635,157,60,0,852,0,0,23,0,23,635,157,83,0,875,0,0,0,875
08/18/2004,BWI,MD,AEA,EN,Towers with Radar,653,152,80,2,887,0,0,33,0,33,653,152,113,2,920,28,0,28,948
08/19/2004,BWI,MD,AEA,EN,Towers with Radar,639,149,72,1,861,0,3,42,2,47,639,152,114,3,908,20,0,20,928
08/20/2004,BWI,MD,AEA,EN,Towers with Radar,641,150,64,2,857,0,0,47,0,47,641,150,111,2,904,34,0,34,938
08/21/2004,BWI,MD,AEA,EN,Towers with Radar,584,87,17,6,694,0,0,1,0,1,584,87,18,6,695,0,0,0,695
08/22/2004,BWI,MD,AEA,EN,Towers with Radar,578,89,55,1,723,0,0,43,0,43,578,89,98,1,766,22,0,22,788
08/23/2004,BWI,MD,AEA,EN,Towers with Radar,629,121,66,2,818,0,0,55,0,55,629,121,121,2,873,34,0,34,907
08/24/2004,BWI,MD,AEA,EN,Towers with Radar,619,162,61,0,842,0,0,39,0,39,619,162,100,0,881,28,2,30,911
08/25/2004,BWI,MD,AEA,EN,Towers with Radar,648,176,81,0,905,0,0,11,0,11,648,176,92,0,916,2,0,2,918
08/26/2004,BWI,MD,AEA,EN,Towers with Radar,650,162,97,0,909,0,0,37,0,37,650,162,134,0,946,30,0,30,976
08/27/2004,BWI,MD,AEA,EN,Towers with Radar,634,161,68,4,867,0,0,28,0,28,634,161,96,4,895,12,0,12,907
08/28/2004,BWI,MD,AEA,EN,Towers with Radar,580,100,57,2,739,0,0,28,0,28,580,100,85,2,767,2,4,6,773
08/29/2004,BWI,MD,AEA,EN,Towers with Radar,558,91,62,3,714,0,0,43,1,44,558,91,105,4,758,32,0,32,790
08/30/2004,BWI,MD,AEA,EN,Towers with Radar,614,105,48,4,771,0,0,0,0,0,614,105,48,4,771,8,0,8,779
08/31/2004,BWI,MD,AEA,EN,Towers with Radar,625,179,53,4,861,0,0,51,0,51,625,179,104,4,912,12,0,12,924
09/01/2004,BWI,MD,AEA,EN,Towers with Radar,650,161,55,1,867,0,0,63,0,63,650,161,118,1,930,36,2,38,968
09/02/2004,BWI,MD,AEA,EN,Towers with Radar,646,158,83,0,887,0,1,42,0,43,646,159,125,0,930,10,0,10,940
09/03/2004,BWI,MD,AEA,EN,Towers with Radar,606,158,77,2,843,0,0,45,0,45,606,158,122,2,888,32,0,32,920
09/04/2004,BWI,MD,AEA,EN,Towers with Radar,505,83,81,1,670,0,0,28,0,28,505,83,109,1,698,12,0,12,710
09/05/2004,BWI,MD,AEA,EN,Towers with Radar,450,69,40,2,561,0,0,13,1,14,450,69,53,3,575,0,0,0,575
09/06/2004,BWI,MD,AEA,EN,Towers with Radar,518,92,58,1,669,0,0,3,0,3,518,92,61,1,672,4,0,4,676
09/07/2004,BWI,MD,AEA,EN,Towers with Radar,603,140,54,2,799,0,0,26,0,26,603,140,80,2,825,34,0,34,859
09/08/2004,BWI,MD,AEA,EN,Towers with Radar,604,163,57,0,824,0,0,0,0,0,604,163,57,0,824,0,0,0,824
09/09/2004,BWI,MD,AEA,EN,Towers with Radar,647,186,79,0,912,0,0,3,0,3,647,186,82,0,915,6,0,6,921
09/10/2004,BWI,MD,AEA,EN,Towers with Radar,644,185,112,4,945,0,0,51,0,51,644,185,163,4,996,40,0,40,1036
09/11/2004,BWI,MD,AEA,EN,Towers with Radar,581,104,45,1,731,0,0,50,0,50,581,104,95,1,781,40,2,42,823
09/12/2004,BWI,MD,AEA,EN,Towers with Radar,557,97,96,0,750,0,0,9,0,9,557,97,105,0,759,2,0,2,761
09/13/2004,BWI,MD,AEA,EN,Towers with Radar,605,146,69,7,827,0,0,27,0,27,605,146,96,7,854,42,0,42,896
09/14/2004,BWI,MD,AEA,EN,Towers with Radar,616,182,88,0,886,0,0,6,0,6,616,182,94,0,892,6,2,8,900
09/15/2004,BWI,MD,AEA,EN,Towers with Radar,594,175,85,1,855,0,0,0,0,0,594,175,85,1,855,0,0,0,855
09/16/2004,BWI,MD,AEA,EN,Towers with Radar,619,173,70,3,865,0,0,17,0,17,619,173,87,3,882,36,0,36,918
09/17/2004,BWI,MD,AEA,EN,Towers with Radar,591,142,54,1,788,0,0,1,0,1,591,142,55,1,789,0,0,0,789
09/18/2004,BWI,MD,AEA,EN,Towers with Radar,594,96,32,2,724,0,0,0,0,0,594,96,32,2,724,0,0,0,724
09/19/2004,BWI,MD,AEA,EN,Towers with Radar,562,93,47,1,703,0,0,28,1,29,562,93,75,2,732,22,0,22,754
09/20/2004,BWI,MD,AEA,EN,Towers with Radar,603,142,53,1,799,0,1,48,0,49,603,143,101,1,848,46,0,46,894
09/21/2004,BWI,MD,AEA,EN,Towers with Radar,611,188,68,1,868,0,0,50,0,50,611,188,118,1,918,22,2,24,942
09/22/2004,BWI,MD,AEA,EN,Towers with Radar,609,195,87,1,892,0,0,40,2,42,609,195,127,3,934,72,0,72,1006
09/23/2004,BWI,MD,AEA,EN,Towers with Radar,637,171,90,3,901,0,0,25,0,25,637,171,115,3,926,36,0,36,962
09/24/2004,BWI,MD,AEA,EN,Towers with Radar,637,165,81,2,885,0,0,36,1,37,637,165,117,3,922,26,0,26,948
09/25/2004,BWI,MD,AEA,EN,Towers with Radar,542,90,24,2,658,0,0,20,0,20,542,90,44,2,678,12,0,12,690
09/26/2004,BWI,MD,AEA,EN,Towers with Radar,522,99,62,1,684,0,0,18,0,18,522,99,80,1,702,8,0,8,710
09/27/2004,BWI,MD,AEA,EN,Towers with Radar,599,140,91,0,830,0,1,9,0,10,599,141,100,0,840,0,0,0,840
09/28/2004,BWI,MD,AEA,EN,Towers with Radar,633,164,69,1,867,0,0,0,0,0,633,164,69,1,867,0,0,0,867
09/29/2004,BWI,MD,AEA,EN,Towers with Radar,618,159,78,5,860,0,0,14,1,15,618,159,92,6,875,14,0,14,889
09/30/2004,BWI,MD,AEA,EN,Towers with Radar,636,171,69,4,880,0,0,17,0,17,636,171,86,4,897,9,0,9,906
10/01/2004,BWI,MD,AEA,EN,Towers with Radar,625,171,81,3,880,0,0,34,0,34,625,171,115,3,914,0,0,0,914
10/02/2004,BWI,MD,AEA,EN,Towers with Radar,554,91,33,4,682,0,0,1,1,2,554,91,34,5,684,0,0,0,684
10/03/2004,BWI,MD,AEA,EN,Towers with Radar,566,112,80,4,762,0,0,18,2,20,566,112,98,6,782,2,0,2,784
10/04/2004,BWI,MD,AEA,EN,Towers with Radar,619,140,83,3,845,0,0,40,2,42,619,140,123,5,887,30,6,36,923
10/05/2004,BWI,MD,AEA,EN,Towers with Radar,619,185,77,2,883,0,0,40,1,41,619,185,117,3,924,6,0,6,930
10/06/2004,BWI,MD,AEA,EN,Towers with Radar,609,170,96,0,875,0,0,17,0,17,609,170,113,0,892,0,0,0,892
10/07/2004,BWI,MD,AEA,EN,Towers with Radar,643,189,112,2,946,0,0,43,0,43,643,189,155,2,989,44,0,44,1033
10/08/2004,BWI,MD,AEA,EN,Towers with Radar,627,166,81,1,875,0,0,29,0,29,627,166,110,1,904,4,0,4,908
10/09/2004,BWI,MD,AEA,EN,Towers with Radar,541,116,76,2,735,0,0,19,0,19,541,116,95,2,754,12,0,12,766
10/10/2004,BWI,MD,AEA,EN,Towers with Radar,563,119,81,2,765,0,0,23,0,23,563,119,104,2,788,0,0,0,788
10/11/2004,BWI,MD,AEA,EN,Towers with Radar,603,135,90,0,828,0,0,25,0,25,603,135,115,0,853,30,0,30,883
10/12/2004,BWI,MD,AEA,EN,Towers with Radar,634,150,53,4,841,0,0,25,0,25,634,150,78,4,866,20,0,20,886
10/13/2004,BWI,MD,AEA,EN,Towers with Radar,629,169,66,1,865,0,0,18,0,18,629,169,84,1,883,2,0,2,885
10/14/2004,BWI,MD,AEA,EN,Towers with Radar,640,155,70,2,867,0,0,12,0,12,640,155,82,2,879,22,2,24,903
10/15/2004,BWI,MD,AEA,EN,Towers with Radar,660,179,82,4,925,0,0,17,0,17,660,179,99,4,942,24,0,24,966
10/16/2004,BWI,MD,AEA,EN,Towers with Radar,573,112,23,1,709,0,0,8,0,8,573,112,31,1,717,26,0,26,743
10/17/2004,BWI,MD,AEA,EN,Towers with Radar,564,101,75,0,740,0,0,14,0,14,564,101,89,0,754,14,0,14,768
10/18/2004,BWI,MD,AEA,EN,Towers with Radar,604,145,64,2,815,0,0,37,0,37,604,145,101,2,852,6,0,6,858
10/19/2004,BWI,MD,AEA,EN,Towers with Radar,633,167,70,0,870,0,0,0,0,0,633,167,70,0,870,0,0,0,870
10/20/2004,BWI,MD,AEA,EN,Towers with Radar,623,172,84,2,881,0,0,0,0,0,623,172,84,2,881,0,0,0,881
10/21/2004,BWI,MD,AEA,EN,Towers with Radar,635,166,86,1,888,0,0,0,0,0,635,166,86,1,888,0,0,0,888
10/22/2004,BWI,MD,AEA,EN,Towers with Radar,645,161,88,2,896,0,0,17,0,17,645,161,105,2,913,2,0,2,915
10/23/2004,BWI,MD,AEA,EN,Towers with Radar,581,96,57,1,735,0,0,30,0,30,581,96,87,1,765,8,1,9,774
10/24/2004,BWI,MD,AEA,EN,Towers with Radar,560,107,53,2,722,0,0,3,0,3,560,107,56,2,725,0,0,0,725
10/25/2004,BWI,MD,AEA,EN,Towers with Radar,613,138,74,0,825,0,0,5,0,5,613,138,79,0,830,6,0,6,836
10/26/2004,BWI,MD,AEA,EN,Towers with Radar,620,173,66,0,859,0,0,34,0,34,620,173,100,0,893,32,0,32,925
10/27/2004,BWI,MD,AEA,EN,Towers with Radar,607,178,120,0,905,0,0,48,0,48,607,178,168,0,953,34,0,34,987
10/28/2004,BWI,MD,AEA,EN,Towers with Radar,653,151,77,1,882,0,0,51,0,51,653,151,128,1,933,26,0,26,959
10/29/2004,BWI,MD,AEA,EN,Towers with Radar,636,188,80,1,905,0,0,8,0,8,636,188,88,1,913,6,0,6,919
10/30/2004,BWI,MD,AEA,EN,Towers with Radar,566,95,36,2,699,0,0,2,0,2,566,95,38,2,701,0,0,0,701
10/31/2004,BWI,MD,AEA,EN,Towers with Radar,542,108,61,1,712,0,0,21,0,21,542,108,82,1,733,16,0,16,749
11/01/2004,BWI,MD,AEA,EN,Towers with Radar,613,141,74,0,828,0,0,40,1,41,613,141,114,1,869,10,0,10,879
11/02/2004,BWI,MD,AEA,EN,Towers with Radar,621,174,77,4,876,0,0,33,0,33,621,174,110,4,909,24,3,27,936
11/03/2004,BWI,MD,AEA,EN,Towers with Radar,639,182,63,0,884,0,0,27,1,28,639,182,90,1,912,8,0,8,920
11/04/2004,BWI,MD,AEA,EN,Towers with Radar,620,175,69,1,865,0,0,3,0,3,620,175,72,1,868,0,0,0,868
11/05/2004,BWI,MD,AEA,EN,Towers with Radar,648,160,52,4,864,0,0,8,0,8,648,160,60,4,872,10,0,10,882
11/06/2004,BWI,MD,AEA,EN,Towers with Radar,552,102,30,2,686,0,0,36,0,36,552,102,66,2,722,10,0,10,732
11/07/2004,BWI,MD,AEA,EN,Towers with Radar,551,117,63,1,732,0,0,30,0,30,551,117,93,1,762,16,0,16,778
11/08/2004,BWI,MD,AEA,EN,Towers with Radar,597,140,52,6,795,0,0,33,0,33,597,140,85,6,828,30,0,30,858
11/09/2004,BWI,MD,AEA,EN,Towers with Radar,604,168,70,6,848,0,0,46,4,50,604,168,116,10,898,10,0,10,908
11/10/2004,BWI,MD,AEA,EN,Towers with Radar,617,180,70,0,867,0,0,38,0,38,617,180,108,0,905,30,0,30,935
11/11/2004,BWI,MD,AEA,EN,Towers with Radar,621,180,69,2,872,0,0,33,0,33,621,180,102,2,905,20,0,20,925
11/12/2004,BWI,MD,AEA,EN,Towers with Radar,612,125,65,1,803,0,0,0,0,0,612,125,65,1,803,0,0,0,803
11/13/2004,BWI,MD,AEA,EN,Towers with Radar,532,111,36,2,681,0,0,21,0,21,532,111,57,2,702,8,0,8,710
11/14/2004,BWI,MD,AEA,EN,Towers with Radar,554,120,66,2,742,0,0,16,1,17,554,120,82,3,759,10,0,10,769
11/15/2004,BWI,MD,AEA,EN,Towers with Radar,614,151,91,0,856,0,0,46,1,47,614,151,137,1,903,54,0,54,957
11/16/2004,BWI,MD,AEA,EN,Towers with Radar,605,163,74,1,843,0,0,57,0,57,605,163,131,1,900,12,0,12,912
11/17/2004,BWI,MD,AEA,EN,Towers with Radar,639,188,115,0,942,0,0,35,0,35,639,188,150,0,977,16,0,16,993
11/18/2004,BWI,MD,AEA,EN,Towers with Radar,646,173,105,3,927,0,0,41,0,41,646,173,146,3,968,8,0,8,976
11/19/2004,BWI,MD,AEA,EN,Towers with Radar,619,173,97,1,890,0,0,20,0,20,619,173,117,1,910,36,0,36,946
11/20/2004,BWI,MD,AEA,EN,Towers with Radar,544,111,51,2,708,0,0,4,1,5,544,111,55,3,713,6,0,6,719
11/21/2004,BWI,MD,AEA,EN,Towers with Radar,555,113,61,2,731,0,0,10,1,11,555,113,71,3,742,9,1,10,752
11/22/2004,BWI,MD,AEA,EN,Towers with Radar,585,151,54,3,793,0,0,6,0,6,585,151,60,3,799,8,0,8,807
11/23/2004,BWI,MD,AEA,EN,Towers with Radar,616,170,48,0,834,0,0,1,0,1,616,170,49,0,835,0,0,0,835
11/24/2004,BWI,MD,AEA,EN,Towers with Radar,629,191,56,2,878,0,0,0,0,0,629,191,56,2,878,0,0,0,878
11/25/2004,BWI,MD,AEA,EN,Towers with Radar,518,114,23,0,655,0,0,0,0,0,518,114,23,0,655,0,0,0,655
11/26/2004,BWI,MD,AEA,EN,Towers with Radar,457,83,63,2,605,0,0,17,0,17,457,83,80,2,622,2,0,2,624
11/27/2004,BWI,MD,AEA,EN,Towers with Radar,556,104,24,2,686,0,0,16,0,16,556,104,40,2,702,46,0,46,748
11/28/2004,BWI,MD,AEA,EN,Towers with Radar,561,108,71,1,741,0,0,2,0,2,561,108,73,1,743,2,2,4,747
11/29/2004,BWI,MD,AEA,EN,Towers with Radar,610,157,61,2,830,0,0,33,0,33,610,157,94,2,863,20,0,20,883
11/30/2004,BWI,MD,AEA,EN,Towers with Radar,616,188,66,1,871,0,0,23,1,24,616,188,89,2,895,10,3,13,908
12/01/2004,BWI,MD,AEA,EN,Towers with Radar,631,187,88,2,908,0,0,0,0,0,631,187,88,2,908,0,0,0,908
12/02/2004,BWI,MD,AEA,EN,Towers with Radar,643,182,76,1,902,0,0,42,0,42,643,182,118,1,944,16,0,16,960
12/03/2004,BWI,MD,AEA,EN,Towers with Radar,642,190,69,5,906,0,0,23,0,23,642,190,92,5,929,30,0,30,959
12/04/2004,BWI,MD,AEA,EN,Towers with Radar,516,113,39,2,670,0,0,17,1,18,516,113,56,3,688,22,0,22,710
12/05/2004,BWI,MD,AEA,EN,Towers with Radar,552,125,121,5,803,0,0,15,0,15,552,125,136,5,818,14,4,18,836
12/06/2004,BWI,MD,AEA,EN,Towers with Radar,598,134,88,2,822,0,0,8,0,8,598,134,96,2,830,0,4,4,834
12/07/2004,BWI,MD,AEA,EN,Towers with Radar,635,160,68,5,868,0,0,0,0,0,635,160,68,5,868,0,0,0,868
12/08/2004,BWI,MD,AEA,EN,Towers with Radar,652,199,78,1,930,0,0,38,0,38,652,199,116,1,968,32,0,32,1000
12/09/2004,BWI,MD,AEA,EN,Towers with Radar,641,167,77,3,888,0,0,23,0,23,641,167,100,3,911,4,0,4,915
12/10/2004,BWI,MD,AEA,EN,Towers with Radar,655,173,62,4,894,0,0,0,0,0,655,173,62,4,894,0,0,0,894
12/11/2004,BWI,MD,AEA,EN,Towers with Radar,545,108,22,2,677,0,0,8,1,9,545,108,30,3,686,0,0,0,686
12/12/2004,BWI,MD,AEA,EN,Towers with Radar,549,111,45,1,706,0,0,19,1,20,549,111,64,2,726,38,2,40,766
12/13/2004,BWI,MD,AEA,EN,Towers with Radar,624,142,57,2,825,0,0,10,0,10,624,142,67,2,835,2,0,2,837
12/14/2004,BWI,MD,AEA,EN,Towers with Radar,624,179,65,0,868,0,0,49,1,50,624,179,114,1,918,10,4,14,932
12/15/2004,BWI,MD,AEA,EN,Towers with Radar,636,176,78,2,892,0,0,45,0,45,636,176,123,2,937,14,0,14,951
12/16/2004,BWI,MD,AEA,EN,Towers with Radar,634,195,61,1,891,0,0,52,0,52,634,195,113,1,943,30,0,30,973
12/17/2004,BWI,MD,AEA,EN,Towers with Radar,649,187,68,5,909,0,0,28,0,28,649,187,96,5,937,6,0,6,943
12/18/2004,BWI,MD,AEA,EN,Towers with Radar,545,117,34,2,698,0,0,36,1,37,545,117,70,3,735,26,0,26,761
12/19/2004,BWI,MD,AEA,EN,Towers with Radar,538,103,22,3,666,0,0,0,0,0,538,103,22,3,666,0,0,0,666
12/20/2004,BWI,MD,AEA,EN,Towers with Radar,612,157,36,1,806,0,0,3,0,3,612,157,39,1,809,2,0,2,811
12/21/2004,BWI,MD,AEA,EN,Towers with Radar,664,192,68,1,925,0,0,26,0,26,664,192,94,1,951,16,4,20,971
12/22/2004,BWI,MD,AEA,EN,Towers with Radar,635,186,69,2,892,0,0,41,0,41,635,186,110,2,933,44,0,44,977
12/23/2004,BWI,MD,AEA,EN,Towers with Radar,650,160,26,1,837,0,0,1,0,1,650,160,27,1,838,0,0,0,838
12/24/2004,BWI,MD,AEA,EN,Towers with Radar,608,128,21,1,758,0,0,10,0,10,608,128,31,1,768,0,2,2,770
12/25/2004,BWI,MD,AEA,EN,Towers with Radar,522,81,12,0,615,0,0,0,0,0,522,81,12,0,615,0,0,0,615
12/26/2004,BWI,MD,AEA,EN,Towers with Radar,594,93,31,0,718,0,0,6,0,6,594,93,37,0,724,4,0,4,728
12/27/2004,BWI,MD,AEA,EN,Towers with Radar,625,139,43,3,810,0,0,16,0,16,625,139,59,3,826,26,0,26,852
12/28/2004,BWI,MD,AEA,EN,Towers with Radar,635,170,47,4,856,0,0,19,0,19,635,170,66,4,875,8,0,8,883
12/29/2004,BWI,MD,AEA,EN,Towers with Radar,608,159,32,3,802,0,0,16,2,18,608,159,48,5,820,4,0,4,824
12/30/2004,BWI,MD,AEA,EN,Towers with Radar,646,173,37,1,857,0,0,19,0,19,646,173,56,1,876,14,0,14,890
12/31/2004,BWI,MD,AEA,EN,Towers with Radar,589,108,17,1,715,0,0,14,0,14,589,108,31,1,729,6,0,6,735
01/01/2005,BWI,MD,AEA,EN,Towers with Radar,517,96,29,0,642,0,0,15,0,15,517,96,44,0,657,14,0,14,671
01/02/2005,BWI,MD,AEA,EN,Towers with Radar,588,104,48,0,740,0,0,11,0,11,588,104,59,0,751,14,0,14,765
01/03/2005,BWI,MD,AEA,EN,Towers with Radar,609,147,29,1,786,0,0,4,0,4,609,147,33,1,790,6,0,6,796
01/04/2005,BWI,MD,AEA,EN,Towers with Radar,633,162,43,0,838,0,0,19,0,19,633,162,62,0,857,8,0,8,865
01/05/2005,BWI,MD,AEA,EN,Towers with Radar,614,159,45,0,818,0,0,0,0,0,614,159,45,0,818,2,0,2,820
01/06/2005,BWI,MD,AEA,EN,Towers with Radar,637,138,52,1,828,0,0,0,0,0,637,138,52,1,828,0,0,0,828
01/07/2005,BWI,MD,AEA,EN,Towers with Radar,612,179,52,6,849,0,0,33,1,34,612,179,85,7,883,46,0,46,929
01/08/2005,BWI,MD,AEA,EN,Towers with Radar,559,120,21,1,701,0,0,0,0,0,559,120,21,1,701,0,0,0,701
01/09/2005,BWI,MD,AEA,EN,Towers with Radar,543,113,34,1,691,0,0,29,1,30,543,113,63,2,721,24,0,24,745
01/10/2005,BWI,MD,AEA,EN,Towers with Radar,578,134,38,0,750,0,0,12,0,12,578,134,50,0,762,2,2,4,766
01/11/2005,BWI,MD,AEA,EN,Towers with Radar,609,145,70,1,825,0,0,27,5,32,609,145,97,6,857,18,4,22,879
01/12/2005,BWI,MD,AEA,EN,Towers with Radar,615,168,35,0,818,0,0,0,0,0,615,168,35,0,818,0,0,0,818
01/13/2005,BWI,MD,AEA,EN,Towers with Radar,597,128,49,3,777,0,0,3,0,3,597,128,52,3,780,0,0,0,780
01/14/2005,BWI,MD,AEA,EN,Towers with Radar,651,170,56,3,880,0,0,16,2,18,651,170,72,5,898,6,0,6,904
01/15/2005,BWI,MD,AEA,EN,Towers with Radar,576,101,33,1,711,0,0,34,0,34,576,101,67,1,745,48,4,52,797
01/16/2005,BWI,MD,AEA,EN,Towers with Radar,506,99,32,2,639,0,0,19,4,23,506,99,51,6,662,10,0,10,672
01/17/2005,BWI,MD,AEA,EN,Towers with Radar,603,134,51,0,788,0,0,18,0,18,603,134,69,0,806,18,0,18,824
01/18/2005,BWI,MD,AEA,EN,Towers with Radar,600,163,51,9,823,0,0,22,0,22,600,163,73,9,845,32,0,32,877
01/19/2005,BWI,MD,AEA,EN,Towers with Radar,590,157,87,0,834,0,0,4,0,4,590,157,91,0,838,0,0,0,838
01/20/2005,BWI,MD,AEA,EN,Towers with Radar,640,173,60,1,874,0,0,2,0,2,640,173,62,1,876,0,0,0,876
01/21/2005,BWI,MD,AEA,EN,Towers with Radar,636,183,95,1,915,0,0,42,3,45,636,183,137,4,960,24,0,24,984
01/22/2005,BWI,MD,AEA,EN,Towers with Radar,376,66,9,2,453,0,0,0,0,0,376,66,9,2,453,0,0,0,453
01/23/2005,BWI,MD,AEA,EN,Towers with Radar,420,60,16,1,497,0,0,5,0,5,420,60,21,1,502,0,0,0,502
01/24/2005,BWI,MD,AEA,EN,Towers with Radar,593,116,47,1,757,0,0,6,0,6,593,116,53,1,763,14,0,14,777
01/25/2005,BWI,MD,AEA,EN,Towers with Radar,628,176,69,5,878,0,0,33,0,33,628,176,102,5,911,42,0,42,953
01/26/2005,BWI,MD,AEA,EN,Towers with Radar,634,169,44,2,849,0,0,38,1,39,634,169,82,3,888,42,4,46,934
01/27/2005,BWI,MD,AEA,EN,Towers with Radar,635,173,92,4,904,0,0,35,0,35,635,173,127,4,939,26,0,26,965
01/28/2005,BWI,MD,AEA,EN,Towers with Radar,618,167,62,1,848,0,0,40,0,40,618,167,102,1,888,44,0,44,932
01/29/2005,BWI,MD,AEA,EN,Towers with Radar,480,87,27,3,597,0,0,39,2,41,480,87,66,5,638,12,8,20,658
01/30/2005,BWI,MD,AEA,EN,Towers with Radar,483,111,17,4,615,0,0,0,0,0,483,111,17,4,615,4,0,4,619
01/31/2005,BWI,MD,AEA,EN,Towers with Radar,631,153,69,0,853,0,0,35,0,35,631,153,104,0,888,26,2,28,916
02/01/2005,BWI,MD,AEA,EN,Towers with Radar,601,180,64,0,845,0,0,60,0,60,601,180,124,0,905,54,0,54,959
02/02/2005,BWI,MD,AEA,EN,Towers with Radar,602,159,66,1,828,0,0,48,0,48,602,159,114,1,876,90,0,90,966
02/03/2005,BWI,MD,AEA,EN,Towers with Radar,629,191,64,1,885,0,0,17,0,17,629,191,81,1,902,36,2,38,940
02/04/2005,BWI,MD,AEA,EN,Towers with Radar,605,185,60,1,851,0,0,21,0,21,605,185,81,1,872,18,0,18,890
02/05/2005,BWI,MD,AEA,EN,Towers with Radar,530,103,45,5,683,0,0,45,0,45,530,103,90,5,728,18,0,18,746
02/06/2005,BWI,MD,AEA,EN,Towers with Radar,548,96,40,6,690,0,0,33,0,33,548,96,73,6,723,48,0,48,771
02/07/2005,BWI,MD,AEA,EN,Towers with Radar,614,147,61,3,825,0,0,43,0,43,614,147,104,3,868,50,0,50,918
02/08/2005,BWI,MD,AEA,EN,Towers with Radar,601,170,62,0,833,0,0,54,0,54,601,170,116,0,887,60,0,60,947
02/09/2005,BWI,MD,AEA,EN,Towers with Radar,615,190,54,2,861,0,0,47,1,48,615,190,101,3,909,0,0,0,909
02/10/2005,BWI,MD,AEA,EN,Towers with Radar,621,170,54,0,845,0,0,8,0,8,621,170,62,0,853,0,0,0,853
02/11/2005,BWI,MD,AEA,EN,Towers with Radar,612,169,51,2,834,0,0,10,0,10,612,169,61,2,844,8,2,10,854
02/12/2005,BWI,MD,AEA,EN,Towers with Radar,543,107,47,2,699,0,0,18,0,18,543,107,65,2,717,0,0,0,717
02/13/2005,BWI,MD,AEA,EN,Towers with Radar,539,101,30,2,672,0,0,59,0,59,539,101,89,2,731,4,2,6,737
02/14/2005,BWI,MD,AEA,EN,Towers with Radar,588,141,48,4,781,0,0,1,0,1,588,141,49,4,782,2,0,2,784
02/15/2005,BWI,MD,AEA,EN,Towers with Radar,617,153,62,2,834,0,0,39,0,39,617,153,101,2,873,114,0,114,987
02/16/2005,BWI,MD,AEA,EN,Towers with Radar,621,164,49,0,834,0,0,25,0,25,621,164,74,0,859,14,0,14,873
02/17/2005,BWI,MD,AEA,EN,Towers with Radar,644,181,80,0,905,0,0,35,0,35,644,181,115,0,940,10,0,10,950
02/18/2005,BWI,MD,AEA,EN,Towers with Radar,633,172,53,2,860,0,0,4,0,4,633,172,57,2,864,0,0,0,864
02/19/2005,BWI,MD,AEA,EN,Towers with Radar,543,95,48,1,687,0,0,74,0,74,543,95,122,1,761,52,0,52,813
02/20/2005,BWI,MD,AEA,EN,Towers with Radar,545,98,45,1,689,0,1,31,0,32,545,99,76,1,721,28,0,28,749
02/21/2005,BWI,MD,AEA,EN,Towers with Radar,615,115,44,0,774,0,0,1,0,1,615,115,45,0,775,0,0,0,775
02/22/2005,BWI,MD,AEA,EN,Towers with Radar,639,153,47,0,839,0,0,27,0,27,639,153,74,0,866,28,0,28,894
02/23/2005,BWI,MD,AEA,EN,Towers with Radar,616,173,68,1,858,0,0,34,0,34,616,173,102,1,892,26,0,26,918
02/24/2005,BWI,MD,AEA,EN,Towers with Radar,581,126,52,0,759,0,0,1,0,1,581,126,53,0,760,0,0,0,760
02/25/2005,BWI,MD,AEA,EN,Towers with Radar,665,160,74,1,900,0,0,28,0,28,665,160,102,1,928,10,0,10,938
02/26/2005,BWI,MD,AEA,EN,Towers with Radar,555,100,51,2,708,0,0,67,0,67,555,100,118,2,775,72,0,72,847
02/27/2005,BWI,MD,AEA,EN,Towers with Radar,485,129,52,1,667,0,0,41,1,42,485,129,93,2,709,2,0,2,711
02/28/2005,BWI,MD,AEA,EN,Towers with Radar,566,112,23,0,701,0,0,0,0,0,566,112,23,0,701,0,0,0,701
03/01/2005,BWI,MD,AEA,EN,Towers with Radar,640,149,58,0,847,0,0,6,0,6,640,149,64,0,853,0,0,0,853
03/02/2005,BWI,MD,AEA,EN,Towers with Radar,619,187,53,2,861,0,0,3,0,3,619,187,56,2,864,0,0,0,864
03/03/2005,BWI,MD,AEA,EN,Towers with Radar,639,174,73,2,888,0,0,11,0,11,639,174,84,2,899,2,0,2,901
03/04/2005,BWI,MD,AEA,EN,Towers with Radar,650,179,60,3,892,0,0,55,0,55,650,179,115,3,947,56,0,56,1003
03/05/2005,BWI,MD,AEA,EN,Towers with Radar,547,107,22,0,676,0,0,36,1,37,547,107,58,1,713,86,0,86,799
03/06/2005,BWI,MD,AEA,EN,Towers with Radar,554,118,38,3,713,0,0,25,0,25,554,118,63,3,738,14,0,14,752
03/07/2005,BWI,MD,AEA,EN,Towers with Radar,636,139,43,3,821,0,1,26,0,27,636,140,69,3,848,8,0,8,856
03/08/2005,BWI,MD,AEA,EN,Towers with Radar,639,149,35,0,823,0,0,0,0,0,639,149,35,0,823,0,0,0,823
03/09/2005,BWI,MD,AEA,EN,Towers with Radar,649,174,59,1,883,0,0,20,0,20,649,174,79,1,903,20,0,20,923
03/10/2005,BWI,MD,AEA,EN,Towers with Radar,636,180,65,1,882,0,0,42,0,42,636,180,107,1,924,22,0,22,946
03/11/2005,BWI,MD,AEA,EN,Towers with Radar,628,166,64,2,860,0,0,17,0,17,628,166,81,2,877,8,0,8,885
03/12/2005,BWI,MD,AEA,EN,Towers with Radar,566,96,29,3,694,0,0,28,2,30,566,96,57,5,724,36,0,36,760
03/13/2005,BWI,MD,AEA,EN,Towers with Radar,561,127,41,1,730,0,0,20,0,20,561,127,61,1,750,4,0,4,754
03/14/2005,BWI,MD,AEA,EN,Towers with Radar,605,139,50,1,795,0,0,26,1,27,605,139,76,2,822,32,0,32,854
03/15/2005,BWI,MD,AEA,EN,Towers with Radar,635,164,74,2,875,0,0,33,0,33,635,164,107,2,908,0,0,0,908
03/16/2005,BWI,MD,AEA,EN,Towers with Radar,606,183,85,0,874,0,0,9,0,9,606,183,94,0,883,0,0,0,883
03/17/2005,BWI,MD,AEA,EN,Towers with Radar,620,171,66,3,860,0,0,39,0,39,620,171,105,3,899,12,0,12,911
03/18/2005,BWI,MD,AEA,EN,Towers with Radar,635,173,49,1,858,0,0,31,0,31,635,173,80,1,889,16,0,16,905
03/19/2005,BWI,MD,AEA,EN,Towers with Radar,544,100,27,2,673,0,0,31,0,31,544,100,58,2,704,16,0,16,720
03/20/2005,BWI,MD,AEA,EN,Towers with Radar,550,98,42,0,690,0,0,2,0,2,550,98,44,0,692,0,0,0,692
03/21/2005,BWI,MD,AEA,EN,Towers with Radar,619,145,74,8,846,0,0,25,1,26,619,145,99,9,872,14,0,14,886
03/22/2005,BWI,MD,AEA,EN,Towers with Radar,602,165,73,0,840,0,0,49,1,50,602,165,122,1,890,50,0,50,940
03/23/2005,BWI,MD,AEA,EN,Towers with Radar,626,143,60,1,830,0,0,0,0,0,626,143,60,1,830,0,0,0,830
03/24/2005,BWI,MD,AEA,EN,Towers with Radar,640,180,76,12,908,0,0,7,0,7,640,180,83,12,915,30,0,30,945
03/25/2005,BWI,MD,AEA,EN,Towers with Radar,596,167,31,1,795,0,0,5,0,5,596,167,36,1,800,24,0,24,824
03/26/2005,BWI,MD,AEA,EN,Towers with Radar,577,102,32,2,713,0,0,18,0,18,577,102,50,2,731,0,0,0,731
03/27/2005,BWI,MD,AEA,EN,Towers with Radar,548,114,17,1,680,0,0,0,0,0,548,114,17,1,680,2,0,2,682
03/28/2005,BWI,MD,AEA,EN,Towers with Radar,579,119,44,2,744,0,0,0,0,0,579,119,44,2,744,0,0,0,744
03/29/2005,BWI,MD,AEA,EN,Towers with Radar,674,165,59,1,899,0,0,36,0,36,674,165,95,1,935,46,0,46,981
03/30/2005,BWI,MD,AEA,EN,Towers with Radar,622,188,62,1,873,0,0,62,0,62,622,188,124,1,935,8,0,8,943
03/31/2005,BWI,MD,AEA,EN,Towers with Radar,636,178,71,1,886,0,0,13,0,13,636,178,84,1,899,16,0,16,915
04/01/2005,BWI,MD,AEA,EN,Towers with Radar,623,175,50,6,854,0,0,35,0,35,623,175,85,6,889,0,0,0,889
04/02/2005,BWI,MD,AEA,EN,Towers with Radar,551,98,24,2,675,0,0,0,0,0,551,98,24,2,675,0,0,0,675
04/03/2005,BWI,MD,AEA,EN,Towers with Radar,564,111,45,3,723,0,0,0,0,0,564,111,45,3,723,0,0,0,723
04/04/2005,BWI,MD,AEA,EN,Towers with Radar,616,148,59,2,825,0,0,0,0,0,616,148,59,2,825,0,0,0,825
04/05/2005,BWI,MD,AEA,EN,Towers with Radar,627,167,97,3,894,0,0,66,0,66,627,167,163,3,960,28,0,28,988
04/06/2005,BWI,MD,AEA,EN,Towers with Radar,627,173,96,2,898,0,0,46,0,46,627,173,142,2,944,14,0,14,958
04/07/2005,BWI,MD,AEA,EN,Towers with Radar,619,177,62,2,860,0,0,32,0,32,619,177,94,2,892,24,0,24,916
04/08/2005,BWI,MD,AEA,EN,Towers with Radar,635,179,46,5,865,0,0,21,0,21,635,179,67,5,886,8,0,8,894
04/09/2005,BWI,MD,AEA,EN,Towers with Radar,564,92,53,3,712,0,0,50,0,50,564,92,103,3,762,30,2,32,794
04/10/2005,BWI,MD,AEA,EN,Towers with Radar,545,99,58,1,703,0,0,42,0,42,545,99,100,1,745,22,0,22,767
04/11/2005,BWI,MD,AEA,EN,Towers with Radar,594,139,64,2,799,0,0,22,0,22,594,139,86,2,821,0,0,0,821
04/12/2005,BWI,MD,AEA,EN,Towers with Radar,614,193,69,4,880,0,0,52,0,52,614,193,121,4,932,0,0,0,932
04/13/2005,BWI,MD,AEA,EN,Towers with Radar,613,179,66,0,858,0,0,46,0,46,613,179,112,0,904,10,0,10,914
04/14/2005,BWI,MD,AEA,EN,Towers with Radar,632,177,61,4,874,0,0,53,0,53,632,177,114,4,927,20,0,20,947
04/15/2005,BWI,MD,AEA,EN,Towers with Radar,645,179,54,7,885,0,0,33,0,33,645,179,87,7,918,34,0,34,952
04/16/2005,BWI,MD,AEA,EN,Towers with Radar,563,113,52,1,729,0,0,23,0,23,563,113,75,1,752,8,0,8,760
04/17/2005,BWI,MD,AEA,EN,Towers with Radar,556,106,50,2,714,0,0,53,0,53,556,106,103,2,767,4,0,4,771
04/18/2005,BWI,MD,AEA,EN,Towers with Radar,607,145,47,4,803,0,0,49,0,49,607,145,96,4,852,76,0,76,928
04/19/2005,BWI,MD,AEA,EN,Towers with Radar,622,172,66,5,865,0,0,48,0,48,622,172,114,5,913,6,0,6,919
04/20/2005,BWI,MD,AEA,EN,Towers with Radar,631,172,88,0,891,0,0,54,1,55,631,172,142,1,946,56,6,62,1008
04/21/2005,BWI,MD,AEA,EN,Towers with Radar,644,182,78,0,904,0,0,51,0,51,644,182,129,0,955,70,2,72,1027
04/22/2005,BWI,MD,AEA,EN,Towers with Radar,657,166,77,2,902,0,0,8,2,10,657,166,85,4,912,16,2,18,930
04/23/2005,BWI,MD,AEA,EN,Towers with Radar,552,98,18,3,671,0,0,6,0,6,552,98,24,3,677,6,0,6,683
04/24/2005,BWI,MD,AEA,EN,Towers with Radar,573,121,38,2,734,0,0,15,0,15,573,121,53,2,749,28,0,28,777
04/25/2005,BWI,MD,AEA,EN,Towers with Radar,621,138,71,1,831,0,0,15,0,15,621,138,86,1,846,24,0,24,870
04/26/2005,BWI,MD,AEA,EN,Towers with Radar,623,170,69,3,865,0,0,47,2,49,623,170,116,5,914,36,0,36,950
04/27/2005,BWI,MD,AEA,EN,Towers with Radar,630,174,71,8,883,0,0,60,0,60,630,174,131,8,943,50,2,52,995
04/28/2005,BWI,MD,AEA,EN,Towers with Radar,664,175,93,5,937,0,0,49,0,49,664,175,142,5,986,34,1,35,1021
04/29/2005,BWI,MD,AEA,EN,Towers with Radar,621,161,70,4,856,0,0,24,0,24,621,161,94,4,880,4,14,18,898
04/30/2005,BWI,MD,AEA,EN,Towers with Radar,561,102,17,4,684,0,0,0,0,0,561,102,17,4,684,0,0,0,684
05/01/2005,BWI,MD,AEA,EN,Towers with Radar,593,118,38,1,750,0,0,14,0,14,593,118,52,1,764,2,0,2,766
05/02/2005,BWI,MD,AEA,EN,Towers with Radar,632,146,57,3,838,0,0,43,0,43,632,146,100,3,881,62,0,62,943
05/03/2005,BWI,MD,AEA,EN,Towers with Radar,633,171,95,2,901,0,0,61,0,61,633,171,156,2,962,24,4,28,990
05/04/2005,BWI,MD,AEA,EN,Towers with Radar,654,168,74,0,896,0,0,41,16,57,654,168,115,16,953,50,0,50,1003
05/05/2005,BWI,MD,AEA,EN,Towers with Radar,646,175,101,2,924,0,0,40,0,40,646,175,141,2,964,36,8,44,1008
05/06/2005,BWI,MD,AEA,EN,Towers with Radar,627,175,52,3,857,0,0,14,0,14,627,175,66,3,871,0,0,0,871
05/07/2005,BWI,MD,AEA,EN,Towers with Radar,553,98,43,8,702,0,0,27,0,27,553,98,70,8,729,0,0,0,729
05/08/2005,BWI,MD,AEA,EN,Towers with Radar,557,106,45,2,710,0,0,8,1,9,557,106,53,3,719,0,0,0,719
05/09/2005,BWI,MD,AEA,EN,Towers with Radar,616,141,75,4,836,0,0,62,0,62,616,141,137,4,898,10,0,10,908
05/10/2005,BWI,MD,AEA,EN,Towers with Radar,624,176,67,1,868,0,0,64,1,65,624,176,131,2,933,34,0,34,967
05/11/2005,BWI,MD,AEA,EN,Towers with Radar,650,174,71,0,895,0,0,47,1,48,650,174,118,1,943,6,0,6,949
05/12/2005,BWI,MD,AEA,EN,Towers with Radar,669,183,62,8,922,0,0,54,3,57,669,183,116,11,979,34,0,34,1013
05/13/2005,BWI,MD,AEA,EN,Towers with Radar,636,175,60,5,876,0,0,46,3,49,636,175,106,8,925,0,0,0,925
05/14/2005,BWI,MD,AEA,EN,Towers with Radar,570,114,29,2,715,0,0,39,0,39,570,114,68,2,754,36,0,36,790
05/15/2005,BWI,MD,AEA,EN,Towers with Radar,569,117,39,1,726,0,0,8,0,8,569,117,47,1,734,6,5,11,745
05/16/2005,BWI,MD,AEA,EN,Towers with Radar,610,137,78,1,826,0,0,27,0,27,610,137,105,1,853,0,0,0,853
05/17/2005,BWI,MD,AEA,EN,Towers with Radar,623,176,89,2,890,0,0,43,0,43,623,176,132,2,933,44,0,44,977
05/18/2005,BWI,MD,AEA,EN,Towers with Radar,626,188,63,5,882,0,0,51,0,51,626,188,114,5,933,42,6,48,981
05/19/2005,BWI,MD,AEA,EN,Towers with Radar,619,170,79,5,873,0,0,30,2,32,619,170,109,7,905,10,2,12,917
05/20/2005,BWI,MD,AEA,EN,Towers with Radar,610,170,66,6,852,0,0,1,0,1,610,170,67,6,853,0,0,0,853
05/21/2005,BWI,MD,AEA,EN,Towers with Radar,536,102,78,4,720,0,0,15,0,15,536,102,93,4,735,5,0,5,740
05/22/2005,BWI,MD,AEA,EN,Towers with Radar,563,127,83,2,775,0,0,15,0,15,563,127,98,2,790,22,0,22,812
05/23/2005,BWI,MD,AEA,EN,Towers with Radar,599,145,53,5,802,0,0,16,0,16,599,145,69,5,818,24,0,24,842
05/24/2005,BWI,MD,AEA,EN,Towers with Radar,615,180,93,1,889,0,0,0,0,0,615,180,93,1,889,4,0,4,893
05/25/2005,BWI,MD,AEA,EN,Towers with Radar,621,167,77,0,865,0,0,20,0,20,621,167,97,0,885,34,0,34,919
05/26/2005,BWI,MD,AEA,EN,Towers with Radar,643,188,77,0,908,0,0,69,1,70,643,188,146,1,978,50,0,50,1028
05/27/2005,BWI,MD,AEA,EN,Towers with Radar,651,175,78,5,909,0,0,46,0,46,651,175,124,5,955,36,0,36,991
05/28/2005,BWI,MD,AEA,EN,Towers with Radar,557,103,34,1,695,0,0,29,1,30,557,103,63,2,725,8,0,8,733
05/29/2005,BWI,MD,AEA,EN,Towers with Radar,505,95,30,0,630,0,0,30,0,30,505,95,60,0,660,13,0,13,673
05/30/2005,BWI,MD,AEA,EN,Towers with Radar,570,110,66,2,748,0,0,42,0,42,570,110,108,2,790,82,0,82,872
05/31/2005,BWI,MD,AEA,EN,Towers with Radar,608,157,72,2,839,0,0,50,0,50,608,157,122,2,889,30,6,36,925
06/01/2005,BWI,MD,AEA,EN,Towers with Radar,625,197,72,0,894,0,0,57,0,57,625,197,129,0,951,68,0,68,1019
06/02/2005,BWI,MD,AEA,EN,Towers with Radar,620,185,70,2,877,0,0,12,0,12,620,185,82,2,889,4,0,4,893
06/03/2005,BWI,MD,AEA,EN,Towers with Radar,618,172,60,3,853,0,0,0,0,0,618,172,60,3,853,0,0,0,853
06/04/2005,BWI,MD,AEA,EN,Towers with Radar,551,104,38,2,695,0,0,6,0,6,551,104,44,2,701,0,0,0,701
06/05/2005,BWI,MD,AEA,EN,Towers with Radar,547,115,51,1,714,0,0,29,3,32,547,115,80,4,746,32,0,32,778
06/06/2005,BWI,MD,AEA,EN,Towers with Radar,509,120,69,0,698,0,0,33,0,33,509,120,102,0,731,18,0,18,749
06/07/2005,BWI,MD,AEA,EN,Towers with Radar,700,177,88,1,966,0,0,57,0,57,700,177,145,1,1023,0,0,0,1023
06/08/2005,BWI,MD,AEA,EN,Towers with Radar,611,183,92,4,890,0,0,50,1,51,611,183,142,5,941,16,0,16,957
06/09/2005,BWI,MD,AEA,EN,Towers with Radar,641,175,89,5,910,0,0,32,0,32,641,175,121,5,942,0,0,0,942
06/10/2005,BWI,MD,AEA,EN,Towers with Radar,639,167,66,5,877,0,0,17,1,18,639,167,83,6,895,18,0,18,913
06/11/2005,BWI,MD,AEA,EN,Towers with Radar,593,111,29,4,737,0,0,21,1,22,593,111,50,5,759,6,2,8,767
06/12/2005,BWI,MD,AEA,EN,Towers with Radar,563,111,53,2,729,0,0,22,0,22,563,111,75,2,751,2,0,2,753
06/13/2005,BWI,MD,AEA,EN,Towers with Radar,614,150,63,3,830,0,0,27,0,27,614,150,90,3,857,10,2,12,869
06/14/2005,BWI,MD,AEA,EN,Towers with Radar,634,174,74,2,884,0,0,33,2,35,634,174,107,4,919,26,2,28,947
06/15/2005,BWI,MD,AEA,EN,Towers with Radar,642,182,71,8,903,0,0,43,0,43,642,182,114,8,946,41,0,41,987
06/16/2005,BWI,MD,AEA,EN,Towers with Radar,633,178,72,1,884,0,0,26,0,26,633,178,98,1,910,0,0,0,910
06/17/2005,BWI,MD,AEA,EN,Towers with Radar,649,185,93,3,930,0,0,48,0,48,649,185,141,3,978,14,0,14,992
06/18/2005,BWI,MD,AEA,EN,Towers with Radar,579,121,41,3,744,0,0,50,0,50,579,121,91,3,794,32,0,32,826
06/19/2005,BWI,MD,AEA,EN,Towers with Radar,561,110,33,0,704,0,0,9,0,9,561,110,42,0,713,2,0,2,715
06/20/2005,BWI,MD,AEA,EN,Towers with Radar,626,156,68,0,850,0,0,36,0,36,626,156,104,0,886,10,0,10,896
06/21/2005,BWI,MD,AEA,EN,Towers with Radar,622,181,91,0,894,0,0,61,0,61,622,181,152,0,955,22,0,22,977
06/22/2005,BWI,MD,AEA,EN,Towers with Radar,627,185,81,0,893,0,0,21,0,21,627,185,102,0,914,6,0,6,920
06/23/2005,BWI,MD,AEA,EN,Towers with Radar,646,193,103,2,944,0,0,75,1,76,646,193,178,3,1020,26,0,26,1046
06/24/2005,BWI,MD,AEA,EN,Towers with Radar,632,175,84,4,895,0,0,43,0,43,632,175,127,4,938,36,0,36,974
06/25/2005,BWI,MD,AEA,EN,Towers with Radar,579,113,38,0,730,0,0,39,0,39,579,113,77,0,769,30,0,30,799
06/26/2005,BWI,MD,AEA,EN,Towers with Radar,559,132,66,3,760,0,0,21,0,21,559,132,87,3,781,14,0,14,795
06/27/2005,BWI,MD,AEA,EN,Towers with Radar,610,137,79,1,827,0,0,6,0,6,610,137,85,1,833,10,0,10,843
06/28/2005,BWI,MD,AEA,EN,Towers with Radar,599,155,94,2,850,0,0,25,0,25,599,155,119,2,875,4,0,4,879
06/29/2005,BWI,MD,AEA,EN,Towers with Radar,568,158,85,0,811,0,0,5,0,5,568,158,90,0,816,0,0,0,816
06/30/2005,BWI,MD,AEA,EN,Towers with Radar,719,191,133,3,1046,0,0,21,0,21,719,191,154,3,1067,30,0,30,1097
07/01/2005,BWI,MD,AEA,EN,Towers with Radar,642,155,58,5,860,0,0,11,0,11,642,155,69,5,871,24,0,24,895
07/02/2005,BWI,MD,AEA,EN,Towers with Radar,572,102,55,2,731,0,0,31,0,31,572,102,86,2,762,34,0,34,796
07/03/2005,BWI,MD,AEA,EN,Towers with Radar,504,93,33,1,631,0,0,17,0,17,504,93,50,1,648,2,0,2,650
07/04/2005,BWI,MD,AEA,EN,Towers with Radar,540,99,29,0,668,0,0,29,1,30,540,99,58,1,698,24,0,24,722
07/05/2005,BWI,MD,AEA,EN,Towers with Radar,579,131,61,0,771,0,0,6,0,6,579,131,67,0,777,16,0,16,793
07/06/2005,BWI,MD,AEA,EN,Towers with Radar,666,175,55,0,896,0,0,22,0,22,666,175,77,0,918,18,0,18,936
07/07/2005,BWI,MD,AEA,EN,Towers with Radar,651,181,77,2,911,0,0,0,0,0,651,181,77,2,911,0,0,0,911
07/08/2005,BWI,MD,AEA,EN,Towers with Radar,639,172,49,4,864,0,0,14,0,14,639,172,63,4,878,2,0,2,880
07/09/2005,BWI,MD,AEA,EN,Towers with Radar,583,105,29,2,719,0,0,28,0,28,583,105,57,2,747,0,0,0,747
07/10/2005,BWI,MD,AEA,EN,Towers with Radar,564,128,53,2,747,0,0,24,0,24,564,128,77,2,771,2,0,2,773
07/11/2005,BWI,MD,AEA,EN,Towers with Radar,616,152,69,1,838,0,0,38,5,43,616,152,107,6,881,34,0,34,915
07/12/2005,BWI,MD,AEA,EN,Towers with Radar,668,162,62,2,894,0,0,27,1,28,668,162,89,3,922,32,0,32,954
07/13/2005,BWI,MD,AEA,EN,Towers with Radar,598,185,87,5,875,0,0,15,0,15,598,185,102,5,890,10,0,10,900
07/14/2005,BWI,MD,AEA,EN,Towers with Radar,623,191,101,0,915,0,0,11,0,11,623,191,112,0,926,36,0,36,962
07/15/2005,BWI,MD,AEA,EN,Towers with Radar,637,155,90,3,885,0,0,1,0,1,637,155,91,3,886,0,0,0,886
07/16/2005,BWI,MD,AEA,EN,Towers with Radar,553,84,24,2,663,0,0,1,0,1,553,84,25,2,664,0,0,0,664
07/17/2005,BWI,MD,AEA,EN,Towers with Radar,600,98,39,2,739,0,0,4,0,4,600,98,43,2,743,26,0,26,769
07/18/2005,BWI,MD,AEA,EN,Towers with Radar,611,139,49,0,799,0,0,7,0,7,611,139,56,0,806,7,0,7,813
07/19/2005,BWI,MD,AEA,EN,Towers with Radar,619,165,88,0,872,0,0,36,0,36,619,165,124,0,908,4,0,4,912
07/20/2005,BWI,MD,AEA,EN,Towers with Radar,631,178,66,0,875,0,0,32,0,32,631,178,98,0,907,2,0,2,909
07/21/2005,BWI,MD,AEA,EN,Towers with Radar,629,181,76,1,887,0,0,31,0,31,629,181,107,1,918,14,0,14,932
07/22/2005,BWI,MD,AEA,EN,Towers with Radar,632,168,85,2,887,0,0,21,1,22,632,168,106,3,909,20,0,20,929
07/23/2005,BWI,MD,AEA,EN,Towers with Radar,584,106,41,4,735,0,0,45,0,45,584,106,86,4,780,22,0,22,802
07/24/2005,BWI,MD,AEA,EN,Towers with Radar,574,121,62,0,757,0,0,46,0,46,574,121,108,0,803,47,0,47,850
07/25/2005,BWI,MD,AEA,EN,Towers with Radar,622,141,46,4,813,0,0,25,0,25,622,141,71,4,838,10,0,10,848
07/26/2005,BWI,MD,AEA,EN,Towers with Radar,648,178,73,1,900,0,0,58,0,58,648,178,131,1,958,26,2,28,986
07/27/2005,BWI,MD,AEA,EN,Towers with Radar,552,149,72,3,776,0,0,22,0,22,552,149,94,3,798,18,0,18,816
07/28/2005,BWI,MD,AEA,EN,Towers with Radar,736,185,87,4,1012,0,0,50,0,50,736,185,137,4,1062,36,0,36,1098
07/29/2005,BWI,MD,AEA,EN,Towers with Radar,629,182,68,2,881,0,0,7,0,7,629,182,75,2,888,10,0,10,898
07/30/2005,BWI,MD,AEA,EN,Towers with Radar,585,109,38,4,736,0,0,17,0,17,585,109,55,4,753,6,0,6,759
07/31/2005,BWI,MD,AEA,EN,Towers with Radar,560,120,56,2,738,0,0,12,1,13,560,120,68,3,751,0,0,0,751
08/01/2005,BWI,MD,AEA,EN,Towers with Radar,606,143,63,1,813,0,0,14,0,14,606,143,77,1,827,0,0,0,827
08/02/2005,BWI,MD,AEA,EN,Towers with Radar,646,184,64,0,894,0,0,43,0,43,646,184,107,0,937,24,0,24,961
08/03/2005,BWI,MD,AEA,EN,Towers with Radar,628,165,47,0,840,0,0,35,0,35,628,165,82,0,875,14,0,14,889
08/04/2005,BWI,MD,AEA,EN,Towers with Radar,623,175,59,1,858,0,0,55,0,55,623,175,114,1,913,10,0,10,923
08/05/2005,BWI,MD,AEA,EN,Towers with Radar,633,164,68,0,865,0,0,19,0,19,633,164,87,0,884,0,0,0,884
08/06/2005,BWI,MD,AEA,EN,Towers with Radar,621,105,41,1,768,0,0,21,1,22,621,105,62,2,790,0,2,2,792
08/07/2005,BWI,MD,AEA,EN,Towers with Radar,554,105,41,1,701,0,0,5,0,5,554,105,46,1,706,16,0,16,722
08/08/2005,BWI,MD,AEA,EN,Towers with Radar,639,139,49,1,828,0,0,15,0,15,639,139,64,1,843,0,0,0,843
08/09/2005,BWI,MD,AEA,EN,Towers with Radar,650,183,74,2,909,0,0,4,0,4,650,183,78,2,913,2,0,2,915
08/10/2005,BWI,MD,AEA,EN,Towers with Radar,645,178,86,0,909,0,0,37,0,37,645,178,123,0,946,36,0,36,982
08/11/2005,BWI,MD,AEA,EN,Towers with Radar,640,187,92,0,919,0,0,54,0,54,640,187,146,0,973,30,0,30,1003
08/12/2005,BWI,MD,AEA,EN,Towers with Radar,639,166,79,3,887,0,0,14,2,16,639,166,93,5,903,26,0,26,929
08/13/2005,BWI,MD,AEA,EN,Towers with Radar,600,108,48,2,758,0,0,11,0,11,600,108,59,2,769,24,0,24,793
08/14/2005,BWI,MD,AEA,EN,Towers with Radar,537,98,65,2,702,0,0,6,0,6,537,98,71,2,708,24,0,24,732
08/15/2005,BWI,MD,AEA,EN,Towers with Radar,641,151,57,0,849,0,0,22,0,22,641,151,79,0,871,2,0,2,873
08/16/2005,BWI,MD,AEA,EN,Towers with Radar,630,167,59,1,857,0,0,0,0,0,630,167,59,1,857,0,0,0,857
08/17/2005,BWI,MD,AEA,EN,Towers with Radar,634,176,83,2,895,0,0,56,1,57,634,176,139,3,952,64,2,66,1018
08/18/2005,BWI,MD,AEA,EN,Towers with Radar,607,175,65,3,850,0,0,41,0,41,607,175,106,3,891,18,0,18,909
08/19/2005,BWI,MD,AEA,EN,Towers with Radar,631,165,61,1,858,0,0,11,0,11,631,165,72,1,869,18,0,18,887
08/20/2005,BWI,MD,AEA,EN,Towers with Radar,564,101,42,2,709,0,0,17,1,18,564,101,59,3,727,24,2,26,753
08/21/2005,BWI,MD,AEA,EN,Towers with Radar,555,113,31,1,700,0,0,9,0,9,555,113,40,1,709,18,0,18,727
08/22/2005,BWI,MD,AEA,EN,Towers with Radar,610,124,68,2,804,0,0,51,2,53,610,124,119,4,857,34,0,34,891
08/23/2005,BWI,MD,AEA,EN,Towers with Radar,622,151,68,2,843,0,0,55,0,55,622,151,123,2,898,10,0,10,908
08/24/2005,BWI,MD,AEA,EN,Towers with Radar,626,173,83,5,887,0,0,47,0,47,626,173,130,5,934,44,0,44,978
08/25/2005,BWI,MD,AEA,EN,Towers with Radar,624,163,59,2,848,0,0,50,0,50,624,163,109,2,898,50,0,50,948
08/26/2005,BWI,MD,AEA,EN,Towers with Radar,592,153,70,1,816,0,1,13,0,14,592,154,83,1,830,0,0,0,830
08/27/2005,BWI,MD,AEA,EN,Towers with Radar,550,106,49,2,707,0,0,28,1,29,550,106,77,3,736,48,1,49,785
08/28/2005,BWI,MD,AEA,EN,Towers with Radar,521,102,40,6,669,0,0,5,0,5,521,102,45,6,674,14,0,14,688
08/29/2005,BWI,MD,AEA,EN,Towers with Radar,594,144,60,2,800,0,0,33,1,34,594,144,93,3,834,52,0,52,886
08/30/2005,BWI,MD,AEA,EN,Towers with Radar,608,168,72,0,848,0,0,16,0,16,608,168,88,0,864,30,0,30,894
08/31/2005,BWI,MD,AEA,EN,Towers with Radar,598,168,43,4,813,0,0,17,0,17,598,168,60,4,830,6,0,6,836
09/01/2005,BWI,MD,AEA,EN,Towers with Radar,617,168,84,0,869,0,0,40,0,40,617,168,124,0,909,26,0,26,935
09/02/2005,BWI,MD,AEA,EN,Towers with Radar,586,162,70,2,820,0,0,31,0,31,586,162,101,2,851,3,0,3,854
09/03/2005,BWI,MD,AEA,EN,Towers with Radar,530,87,33,6,656,0,0,29,1,30,530,87,62,7,686,10,0,10,696
09/04/2005,BWI,MD,AEA,EN,Towers with Radar,475,98,32,1,606,0,0,10,0,10,475,98,42,1,616,0,0,0,616
09/05/2005,BWI,MD,AEA,EN,Towers with Radar,547,116,41,1,705,0,0,38,0,38,547,116,79,1,743,38,0,38,781
09/06/2005,BWI,MD,AEA,EN,Towers with Radar,590,137,77,0,804,0,0,40,0,40,590,137,117,0,844,8,0,8,852
09/07/2005,BWI,MD,AEA,EN,Towers with Radar,600,186,67,3,856,0,0,41,0,41,600,186,108,3,897,48,0,48,945
09/08/2005,BWI,MD,AEA,EN,Towers with Radar,639,176,65,5,885,0,0,49,2,51,639,176,114,7,936,40,0,40,976
09/09/2005,BWI,MD,AEA,EN,Towers with Radar,609,165,81,1,856,0,0,36,0,36,609,165,117,1,892,10,0,10,902
09/10/2005,BWI,MD,AEA,EN,Towers with Radar,544,106,51,4,705,0,0,41,0,41,544,106,92,4,746,0,0,0,746
09/11/2005,BWI,MD,AEA,EN,Towers with Radar,525,135,63,8,731,0,0,34,0,34,525,135,97,8,765,4,0,4,769
09/12/2005,BWI,MD,AEA,EN,Towers with Radar,600,145,100,0,845,0,0,27,0,27,600,145,127,0,872,2,0,2,874
09/13/2005,BWI,MD,AEA,EN,Towers with Radar,606,162,87,0,855,0,0,52,0,52,606,162,139,0,907,8,0,8,915
09/14/2005,BWI,MD,AEA,EN,Towers with Radar,608,179,91,4,882,0,0,15,0,15,608,179,106,4,897,2,0,2,899
09/15/2005,BWI,MD,AEA,EN,Towers with Radar,614,181,82,6,883,0,0,30,2,32,614,181,112,8,915,10,0,10,925
09/16/2005,BWI,MD,AEA,EN,Towers with Radar,606,180,85,1,872,0,0,9,0,9,606,180,94,1,881,14,0,14,895
09/17/2005,BWI,MD,AEA,EN,Towers with Radar,528,107,40,0,675,0,0,24,0,24,528,107,64,0,699,6,0,6,705
09/18/2005,BWI,MD,AEA,EN,Towers with Radar,555,136,68,3,762,0,0,21,0,21,555,136,89,3,783,16,0,16,799
09/19/2005,BWI,MD,AEA,EN,Towers with Radar,578,165,94,0,837,0,0,21,0,21,578,165,115,0,858,18,0,18,876
09/20/2005,BWI,MD,AEA,EN,Towers with Radar,593,190,73,0,856,0,0,12,0,12,593,190,85,0,868,0,2,2,870
09/21/2005,BWI,MD,AEA,EN,Towers with Radar,611,184,110,1,906,0,0,40,1,41,611,184,150,2,947,48,2,50,997
09/22/2005,BWI,MD,AEA,EN,Towers with Radar,607,201,107,5,920,0,0,60,0,60,607,201,167,5,980,16,0,16,996
09/23/2005,BWI,MD,AEA,EN,Towers with Radar,628,186,83,6,903,0,0,25,2,27,628,186,108,8,930,0,0,0,930
09/24/2005,BWI,MD,AEA,EN,Towers with Radar,522,108,69,2,701,0,0,34,0,34,522,108,103,2,735,41,0,41,776
09/25/2005,BWI,MD,AEA,EN,Towers with Radar,547,119,51,1,718,0,0,7,0,7,547,119,58,1,725,4,0,4,729
09/26/2005,BWI,MD,AEA,EN,Towers with Radar,595,136,66,1,798,0,0,11,0,11,595,136,77,1,809,14,0,14,823
09/27/2005,BWI,MD,AEA,EN,Towers with Radar,601,170,101,3,875,0,0,51,0,51,601,170,152,3,926,29,0,29,955
09/28/2005,BWI,MD,AEA,EN,Towers with Radar,600,178,85,2,865,0,0,57,0,57,600,178,142,2,922,40,0,40,962
09/29/2005,BWI,MD,AEA,EN,Towers with Radar,602,174,84,6,866,0,0,19,0,19,602,174,103,6,885,6,0,6,891
09/30/2005,BWI,MD,AEA,EN,Towers with Radar,626,166,87,2,881,0,0,86,1,87,626,166,173,3,968,64,0,64,1032
10/01/2005,BWI,MD,AEA,EN,Towers with Radar,521,103,55,2,681,0,0,27,0,27,521,103,82,2,708,4,0,4,712
10/02/2005,BWI,MD,AEA,EN,Towers with Radar,541,140,87,1,769,0,0,35,0,35,541,140,122,1,804,4,0,4,808
10/03/2005,BWI,MD,AEA,EN,Towers with Radar,577,148,60,4,789,0,1,19,0,20,577,149,79,4,809,0,0,0,809
10/04/2005,BWI,MD,AEA,EN,Towers with Radar,596,180,80,1,857,0,0,6,0,6,596,180,86,1,863,0,0,0,863
10/05/2005,BWI,MD,AEA,EN,Towers with Radar,597,198,92,1,888,0,0,51,0,51,597,198,143,1,939,26,0,26,965
10/06/2005,BWI,MD,AEA,EN,Towers with Radar,620,197,101,5,923,0,0,6,0,6,620,197,107,5,929,8,0,8,937
10/07/2005,BWI,MD,AEA,EN,Towers with Radar,660,192,89,1,942,0,0,0,0,0,660,192,89,1,942,1,0,1,943
10/08/2005,BWI,MD,AEA,EN,Towers with Radar,528,110,46,2,686,0,0,0,0,0,528,110,46,2,686,4,0,4,690
10/09/2005,BWI,MD,AEA,EN,Towers with Radar,563,142,78,1,784,0,0,7,0,7,563,142,85,1,791,12,0,12,803
10/10/2005,BWI,MD,AEA,EN,Towers with Radar,604,140,75,0,819,0,0,4,0,4,604,140,79,0,823,0,0,0,823
10/11/2005,BWI,MD,AEA,EN,Towers with Radar,609,157,70,5,841,0,0,4,0,4,609,157,74,5,845,0,2,2,847
10/12/2005,BWI,MD,AEA,EN,Towers with Radar,616,186,81,0,883,0,0,5,0,5,616,186,86,0,888,6,0,6,894
10/13/2005,BWI,MD,AEA,EN,Towers with Radar,639,182,58,0,879,0,0,0,0,0,639,182,58,0,879,0,0,0,879
10/14/2005,BWI,MD,AEA,EN,Towers with Radar,600,167,69,0,836,0,0,5,0,5,600,167,74,0,841,2,0,2,843
10/15/2005,BWI,MD,AEA,EN,Towers with Radar,523,113,40,1,677,0,0,24,0,24,523,113,64,1,701,12,0,12,713
10/16/2005,BWI,MD,AEA,EN,Towers with Radar,573,120,66,1,760,0,0,27,0,27,573,120,93,1,787,0,0,0,787
10/17/2005,BWI,MD,AEA,EN,Towers with Radar,597,138,98,0,833,0,0,53,0,53,597,138,151,0,886,0,0,0,886
10/18/2005,BWI,MD,AEA,EN,Towers with Radar,608,192,58,1,859,0,0,37,0,37,608,192,95,1,896,8,0,8,904
10/19/2005,BWI,MD,AEA,EN,Towers with Radar,608,207,75,1,891,0,0,41,0,41,608,207,116,1,932,8,0,8,940
10/20/2005,BWI,MD,AEA,EN,Towers with Radar,617,180,109,4,910,0,0,26,0,26,617,180,135,4,936,8,0,8,944
10/21/2005,BWI,MD,AEA,EN,Towers with Radar,605,203,91,4,903,0,0,5,0,5,605,203,96,4,908,4,0,4,912
10/22/2005,BWI,MD,AEA,EN,Towers with Radar,516,114,42,2,674,0,0,0,0,0,516,114,42,2,674,0,0,0,674
10/23/2005,BWI,MD,AEA,EN,Towers with Radar,537,125,93,3,758,0,0,13,0,13,537,125,106,3,771,0,0,0,771
10/24/2005,BWI,MD,AEA,EN,Towers with Radar,566,147,55,1,769,0,2,11,0,13,566,149,66,1,782,10,0,10,792
10/25/2005,BWI,MD,AEA,EN,Towers with Radar,567,174,46,1,788,0,0,0,0,0,567,174,46,1,788,0,0,0,788
10/26/2005,BWI,MD,AEA,EN,Towers with Radar,580,188,79,8,855,0,0,34,0,34,580,188,113,8,889,4,0,4,893
10/27/2005,BWI,MD,AEA,EN,Towers with Radar,608,191,100,1,900,0,0,41,0,41,608,191,141,1,941,24,0,24,965
10/28/2005,BWI,MD,AEA,EN,Towers with Radar,605,183,97,2,887,0,0,39,1,40,605,183,136,3,927,6,0,6,933
10/29/2005,BWI,MD,AEA,EN,Towers with Radar,520,105,62,1,688,0,0,30,0,30,520,105,92,1,718,30,0,30,748
10/30/2005,BWI,MD,AEA,EN,Towers with Radar,527,129,68,2,726,0,0,28,0,28,527,129,96,2,754,2,0,2,756
10/31/2005,BWI,MD,AEA,EN,Towers with Radar,615,153,49,0,817,0,0,23,0,23,615,153,72,0,840,0,0,0,840
11/01/2005,BWI,MD,AEA,EN,Towers with Radar,651,192,66,3,912,0,0,28,0,28,651,192,94,3,940,2,0,2,942
11/02/2005,BWI,MD,AEA,EN,Towers with Radar,623,200,67,3,893,0,0,42,1,43,623,200,109,4,936,28,0,28,964
11/03/2005,BWI,MD,AEA,EN,Towers with Radar,638,204,88,4,934,0,0,50,0,50,638,204,138,4,984,38,2,40,1024
11/04/2005,BWI,MD,AEA,EN,Towers with Radar,591,188,80,0,859,0,0,41,0,41,591,188,121,0,900,38,0,38,938
11/05/2005,BWI,MD,AEA,EN,Towers with Radar,496,110,41,5,652,0,2,39,1,42,496,112,80,6,694,0,0,0,694
11/06/2005,BWI,MD,AEA,EN,Towers with Radar,529,126,55,0,710,0,0,8,0,8,529,126,63,0,718,6,0,6,724
11/07/2005,BWI,MD,AEA,EN,Towers with Radar,590,160,76,0,826,0,0,26,1,27,590,160,102,1,853,0,0,0,853
11/08/2005,BWI,MD,AEA,EN,Towers with Radar,584,181,62,0,827,0,0,30,1,31,584,181,92,1,858,2,0,2,860
11/09/2005,BWI,MD,AEA,EN,Towers with Radar,578,186,79,3,846,0,0,4,0,4,578,186,83,3,850,4,0,4,854
11/10/2005,BWI,MD,AEA,EN,Towers with Radar,614,196,89,4,903,0,0,5,0,5,614,196,94,4,908,0,0,0,908
11/11/2005,BWI,MD,AEA,EN,Towers with Radar,601,167,60,2,830,0,0,33,1,34,601,167,93,3,864,0,0,0,864
11/12/2005,BWI,MD,AEA,EN,Towers with Radar,489,104,33,1,627,0,0,35,0,35,489,104,68,1,662,2,0,2,664
11/13/2005,BWI,MD,AEA,EN,Towers with Radar,523,132,51,2,708,0,0,23,0,23,523,132,74,2,731,12,0,12,743
11/14/2005,BWI,MD,AEA,EN,Towers with Radar,574,160,64,1,799,0,0,31,0,31,574,160,95,1,830,32,0,32,862
11/15/2005,BWI,MD,AEA,EN,Towers with Radar,580,198,65,2,845,0,0,2,0,2,580,198,67,2,847,2,0,2,849
11/16/2005,BWI,MD,AEA,EN,Towers with Radar,602,211,61,1,875,0,0,0,0,0,602,211,61,1,875,4,0,4,879
11/17/2005,BWI,MD,AEA,EN,Towers with Radar,605,210,88,0,903,0,0,39,1,40,605,210,127,1,943,0,0,0,943
11/18/2005,BWI,MD,AEA,EN,Towers with Radar,585,192,90,0,867,0,0,31,1,32,585,192,121,1,899,0,0,0,899
11/19/2005,BWI,MD,AEA,EN,Towers with Radar,515,107,56,0,678,0,0,22,0,22,515,107,78,0,700,10,0,10,710
11/20/2005,BWI,MD,AEA,EN,Towers with Radar,512,138,66,0,716,0,0,33,0,33,512,138,99,0,749,8,0,8,757
11/21/2005,BWI,MD,AEA,EN,Towers with Radar,581,153,51,4,789,0,0,0,0,0,581,153,51,4,789,2,4,6,795
11/22/2005,BWI,MD,AEA,EN,Towers with Radar,607,182,60,3,852,0,0,0,0,0,607,182,60,3,852,0,0,0,852
11/23/2005,BWI,MD,AEA,EN,Towers with Radar,617,210,74,2,903,0,0,38,0,38,617,210,112,2,941,16,0,16,957
11/24/2005,BWI,MD,AEA,EN,Towers with Radar,445,133,24,0,602,0,2,5,0,7,445,135,29,0,609,0,0,0,609
11/25/2005,BWI,MD,AEA,EN,Towers with Radar,455,112,39,1,607,0,0,26,0,26,455,112,65,1,633,0,0,0,633
11/26/2005,BWI,MD,AEA,EN,Towers with Radar,494,114,40,4,652,0,0,20,2,22,494,114,60,6,674,0,0,0,674
11/27/2005,BWI,MD,AEA,EN,Towers with Radar,534,141,103,2,780,0,0,8,0,8,534,141,111,2,788,4,0,4,792
11/28/2005,BWI,MD,AEA,EN,Towers with Radar,574,155,56,1,786,0,0,9,1,10,574,155,65,2,796,2,0,2,798
11/29/2005,BWI,MD,AEA,EN,Towers with Radar,564,181,40,1,786,0,0,0,0,0,564,181,40,1,786,4,0,4,790
11/30/2005,BWI,MD,AEA,EN,Towers with Radar,644,207,61,0,912,0,0,16,0,16,644,207,77,0,928,6,0,6,934
12/01/2005,BWI,MD,AEA,EN,Towers with Radar,585,202,104,0,891,0,0,50,0,50,585,202,154,0,941,0,0,0,941
12/02/2005,BWI,MD,AEA,EN,Towers with Radar,602,189,76,0,867,0,0,5,0,5,602,189,81,0,872,2,0,2,874
12/03/2005,BWI,MD,AEA,EN,Towers with Radar,501,101,40,1,643,0,0,17,0,17,501,101,57,1,660,10,0,10,670
12/04/2005,BWI,MD,AEA,EN,Towers with Radar,505,110,41,1,657,0,0,6,0,6,505,110,47,1,663,8,0,8,671
12/05/2005,BWI,MD,AEA,EN,Towers with Radar,563,129,39,2,733,0,0,3,0,3,563,129,42,2,736,14,0,14,750
12/06/2005,BWI,MD,AEA,EN,Towers with Radar,581,176,59,1,817,0,0,24,0,24,581,176,83,1,841,0,0,0,841
12/07/2005,BWI,MD,AEA,EN,Towers with Radar,578,189,71,2,840,0,0,21,0,21,578,189,92,2,861,0,0,0,861
12/08/2005,BWI,MD,AEA,EN,Towers with Radar,587,178,94,1,860,0,0,27,0,27,587,178,121,1,887,10,0,10,897
12/09/2005,BWI,MD,AEA,EN,Towers with Radar,548,130,44,2,724,0,0,2,0,2,548,130,46,2,726,0,0,0,726
12/10/2005,BWI,MD,AEA,EN,Towers with Radar,522,101,33,3,659,0,0,32,0,32,522,101,65,3,691,6,0,6,697
12/11/2005,BWI,MD,AEA,EN,Towers with Radar,512,128,32,9,681,0,0,15,4,19,512,128,47,13,700,0,0,0,700
12/12/2005,BWI,MD,AEA,EN,Towers with Radar,574,155,66,2,797,0,0,9,0,9,574,155,75,2,806,8,0,8,814
12/13/2005,BWI,MD,AEA,EN,Towers with Radar,583,178,54,2,817,0,0,31,0,31,583,178,85,2,848,16,0,16,864
12/14/2005,BWI,MD,AEA,EN,Towers with Radar,577,167,77,3,824,0,0,28,0,28,577,167,105,3,852,18,0,18,870
12/15/2005,BWI,MD,AEA,EN,Towers with Radar,558,149,47,2,756,0,0,1,0,1,558,149,48,2,757,0,0,0,757
12/16/2005,BWI,MD,AEA,EN,Towers with Radar,621,151,67,2,841,0,0,29,0,29,621,151,96,2,870,14,0,14,884
12/17/2005,BWI,MD,AEA,EN,Towers with Radar,520,106,31,1,658,0,0,22,0,22,520,106,53,1,680,30,0,30,710
12/18/2005,BWI,MD,AEA,EN,Towers with Radar,519,113,83,1,716,0,0,10,0,10,519,113,93,1,726,0,0,0,726
12/19/2005,BWI,MD,AEA,EN,Towers with Radar,580,134,66,5,785,0,0,14,0,14,580,134,80,5,799,0,0,0,799
12/20/2005,BWI,MD,AEA,EN,Towers with Radar,590,162,89,1,842,0,0,36,0,36,590,162,125,1,878,18,0,18,896
12/21/2005,BWI,MD,AEA,EN,Towers with Radar,604,174,77,0,855,0,0,48,0,48,604,174,125,0,903,18,0,18,921
12/22/2005,BWI,MD,AEA,EN,Towers with Radar,607,184,37,0,828,0,0,56,0,56,607,184,93,0,884,22,0,22,906
12/23/2005,BWI,MD,AEA,EN,Towers with Radar,632,162,33,3,830,0,0,24,0,24,632,162,57,3,854,20,0,20,874
12/24/2005,BWI,MD,AEA,EN,Towers with Radar,539,111,36,2,688,0,0,9,0,9,539,111,45,2,697,0,0,0,697
12/25/2005,BWI,MD,AEA,EN,Towers with Radar,503,89,7,0,599,0,0,0,0,0,503,89,7,0,599,0,0,0,599
12/26/2005,BWI,MD,AEA,EN,Towers with Radar,551,128,45,5,729,0,0,9,0,9,551,128,54,5,738,0,0,0,738
12/27/2005,BWI,MD,AEA,EN,Towers with Radar,585,128,34,4,751,0,0,26,0,26,585,128,60,4,777,0,0,0,777
12/28/2005,BWI,MD,AEA,EN,Towers with Radar,603,167,43,1,814,0,0,28,0,28,603,167,71,1,842,2,0,2,844
12/29/2005,BWI,MD,AEA,EN,Towers with Radar,614,151,25,0,790,0,0,2,0,2,614,151,27,0,792,0,0,0,792
12/30/2005,BWI,MD,AEA,EN,Towers with Radar,594,165,19,0,778,0,0,22,0,22,594,165,41,0,800,7,0,7,807
12/31/2005,BWI,MD,AEA,EN,Towers with Radar,483,95,18,2,598,0,0,2,0,2,483,95,20,2,600,16,0,16,616
01/01/2006,BWI,MD,AEA,EN,Towers with Radar,481,104,20,0,605,0,0,8,1,9,481,104,28,1,614,2,0,2,616
01/02/2006,BWI,MD,AEA,EN,Towers with Radar,551,122,29,0,702,0,0,4,0,4,551,122,33,0,706,0,0,0,706
01/03/2006,BWI,MD,AEA,EN,Towers with Radar,603,119,37,3,762,0,0,0,0,0,603,119,37,3,762,0,0,0,762
01/04/2006,BWI,MD,AEA,EN,Towers with Radar,596,161,65,1,823,0,0,27,0,27,596,161,92,1,850,10,0,10,860
01/05/2006,BWI,MD,AEA,EN,Towers with Radar,595,193,72,0,860,0,0,18,0,18,595,193,90,0,878,6,0,6,884
01/06/2006,BWI,MD,AEA,EN,Towers with Radar,604,152,37,0,793,0,0,10,0,10,604,152,47,0,803,0,0,0,803
01/07/2006,BWI,MD,AEA,EN,Towers with Radar,486,99,55,2,642,0,0,27,0,27,486,99,82,2,669,10,0,10,679
01/08/2006,BWI,MD,AEA,EN,Towers with Radar,512,126,43,2,683,0,0,34,2,36,512,126,77,4,719,16,8,24,743
01/09/2006,BWI,MD,AEA,EN,Towers with Radar,581,136,27,3,747,0,0,22,0,22,581,136,49,3,769,8,0,8,777
01/10/2006,BWI,MD,AEA,EN,Towers with Radar,565,178,47,3,793,0,0,35,1,36,565,178,82,4,829,0,0,0,829
01/11/2006,BWI,MD,AEA,EN,Towers with Radar,574,173,40,6,793,0,0,0,0,0,574,173,40,6,793,0,0,0,793
01/12/2006,BWI,MD,AEA,EN,Towers with Radar,626,213,79,0,918,0,0,21,0,21,626,213,100,0,939,0,0,0,939
01/13/2006,BWI,MD,AEA,EN,Towers with Radar,572,143,62,1,778,0,0,0,0,0,572,143,62,1,778,0,0,0,778
01/14/2006,BWI,MD,AEA,EN,Towers with Radar,523,109,23,2,657,0,0,4,1,5,523,109,27,3,662,0,0,0,662
01/15/2006,BWI,MD,AEA,EN,Towers with Radar,506,98,20,5,629,0,1,8,0,9,506,99,28,5,638,4,0,4,642
01/16/2006,BWI,MD,AEA,EN,Towers with Radar,562,135,52,0,749,0,0,37,0,37,562,135,89,0,786,2,0,2,788
01/17/2006,BWI,MD,AEA,EN,Towers with Radar,575,141,49,5,770,0,0,14,0,14,575,141,63,5,784,10,0,10,794
01/18/2006,BWI,MD,AEA,EN,Towers with Radar,587,156,42,3,788,0,0,3,0,3,587,156,45,3,791,0,0,0,791
01/19/2006,BWI,MD,AEA,EN,Towers with Radar,599,183,81,4,867,0,0,43,0,43,599,183,124,4,910,8,0,8,918
01/20/2006,BWI,MD,AEA,EN,Towers with Radar,584,160,59,5,808,0,0,51,0,51,584,160,110,5,859,14,0,14,873
01/21/2006,BWI,MD,AEA,EN,Towers with Radar,490,106,32,1,629,0,0,8,0,8,490,106,40,1,637,4,2,6,643
01/22/2006,BWI,MD,AEA,EN,Towers with Radar,499,114,42,1,656,0,0,40,1,41,499,114,82,2,697,16,0,16,713
01/23/2006,BWI,MD,AEA,EN,Towers with Radar,587,131,53,3,774,0,0,0,0,0,587,131,53,3,774,0,0,0,774
01/24/2006,BWI,MD,AEA,EN,Towers with Radar,579,176,42,1,798,0,0,44,0,44,579,176,86,1,842,6,0,6,848
01/25/2006,BWI,MD,AEA,EN,Towers with Radar,582,192,75,1,850,0,0,0,0,0,582,192,75,1,850,2,0,2,852
01/26/2006,BWI,MD,AEA,EN,Towers with Radar,588,179,59,8,834,0,0,0,0,0,588,179,59,8,834,0,2,2,836
01/27/2006,BWI,MD,AEA,EN,Towers with Radar,586,167,51,1,805,0,0,39,0,39,586,167,90,1,844,32,0,32,876
01/28/2006,BWI,MD,AEA,EN,Towers with Radar,483,89,82,0,654,0,0,46,0,46,483,89,128,0,700,16,0,16,716
01/29/2006,BWI,MD,AEA,EN,Towers with Radar,506,116,39,1,662,0,0,18,0,18,506,116,57,1,680,10,0,10,690
01/30/2006,BWI,MD,AEA,EN,Towers with Radar,579,134,49,0,762,0,0,19,0,19,579,134,68,0,781,6,0,6,787
01/31/2006,BWI,MD,AEA,EN,Towers with Radar,572,162,72,1,807,0,0,4,0,4,572,162,76,1,811,2,0,2,813
02/01/2006,BWI,MD,AEA,EN,Towers with Radar,586,164,67,3,820,0,0,37,0,37,586,164,104,3,857,2,0,2,859
02/02/2006,BWI,MD,AEA,EN,Towers with Radar,585,179,66,1,831,0,0,37,0,37,585,179,103,1,868,12,0,12,880
02/03/2006,BWI,MD,AEA,EN,Towers with Radar,546,162,65,0,773,0,0,35,0,35,546,162,100,0,808,6,0,6,814
02/04/2006,BWI,MD,AEA,EN,Towers with Radar,491,104,26,1,622,0,0,3,0,3,491,104,29,1,625,14,0,14,639
02/05/2006,BWI,MD,AEA,EN,Towers with Radar,497,112,23,1,633,0,0,10,0,10,497,112,33,1,643,14,2,16,659
02/06/2006,BWI,MD,AEA,EN,Towers with Radar,556,149,76,1,782,0,0,1,0,1,556,149,77,1,783,0,0,0,783
02/07/2006,BWI,MD,AEA,EN,Towers with Radar,558,160,54,4,776,0,0,38,1,39,558,160,92,5,815,10,0,10,825
02/08/2006,BWI,MD,AEA,EN,Towers with Radar,571,189,77,1,838,0,0,37,0,37,571,189,114,1,875,12,0,12,887
02/09/2006,BWI,MD,AEA,EN,Towers with Radar,582,174,62,1,819,0,0,44,0,44,582,174,106,1,863,18,0,18,881
02/10/2006,BWI,MD,AEA,EN,Towers with Radar,579,168,63,2,812,0,0,41,0,41,579,168,104,2,853,14,0,14,867
02/11/2006,BWI,MD,AEA,EN,Towers with Radar,457,90,13,1,561,0,0,0,0,0,457,90,13,1,561,26,0,26,587
02/12/2006,BWI,MD,AEA,EN,Towers with Radar,372,66,18,1,457,0,0,1,4,5,372,66,19,5,462,0,0,0,462
02/13/2006,BWI,MD,AEA,EN,Towers with Radar,568,121,62,2,753,0,0,18,0,18,568,121,80,2,771,4,0,4,775
02/14/2006,BWI,MD,AEA,EN,Towers with Radar,585,167,57,2,811,0,0,33,0,33,585,167,90,2,844,18,0,18,862
02/15/2006,BWI,MD,AEA,EN,Towers with Radar,566,178,71,6,821,0,0,42,0,42,566,178,113,6,863,6,0,6,869
02/16/2006,BWI,MD,AEA,EN,Towers with Radar,571,171,95,0,837,0,0,57,0,57,571,171,152,0,894,32,0,32,926
02/17/2006,BWI,MD,AEA,EN,Towers with Radar,573,152,50,0,775,0,0,4,0,4,573,152,54,0,779,0,0,0,779
02/18/2006,BWI,MD,AEA,EN,Towers with Radar,496,114,25,1,636,0,0,25,0,25,496,114,50,1,661,36,6,42,703
02/19/2006,BWI,MD,AEA,EN,Towers with Radar,501,91,42,1,635,0,0,35,1,36,501,91,77,2,671,54,0,54,725
02/20/2006,BWI,MD,AEA,EN,Towers with Radar,568,144,66,4,782,0,0,37,1,38,568,144,103,5,820,20,0,20,840
02/21/2006,BWI,MD,AEA,EN,Towers with Radar,586,159,77,5,827,0,0,56,1,57,586,159,133,6,884,52,0,52,936
02/22/2006,BWI,MD,AEA,EN,Towers with Radar,565,183,49,2,799,0,0,2,0,2,565,183,51,2,801,0,0,0,801
02/23/2006,BWI,MD,AEA,EN,Towers with Radar,586,189,78,5,858,0,0,0,0,0,586,189,78,5,858,0,0,0,858
02/24/2006,BWI,MD,AEA,EN,Towers with Radar,588,163,54,0,805,0,0,13,1,14,588,163,67,1,819,30,0,30,849
02/25/2006,BWI,MD,AEA,EN,Towers with Radar,491,111,26,4,632,0,0,34,0,34,491,111,60,4,666,46,0,46,712
02/26/2006,BWI,MD,AEA,EN,Towers with Radar,517,95,31,1,644,0,0,13,0,13,517,95,44,1,657,36,0,36,693
02/27/2006,BWI,MD,AEA,EN,Towers with Radar,579,136,59,2,776,0,0,15,2,17,579,136,74,4,793,44,4,48,841
02/28/2006,BWI,MD,AEA,EN,Towers with Radar,569,172,63,2,806,0,0,51,0,51,569,172,114,2,857,8,0,8,865
03/01/2006,BWI,MD,AEA,EN,Towers with Radar,582,193,88,3,866,0,0,35,0,35,582,193,123,3,901,16,0,16,917
03/02/2006,BWI,MD,AEA,EN,Towers with Radar,577,159,48,4,788,0,0,4,0,4,577,159,52,4,792,0,0,0,792
03/03/2006,BWI,MD,AEA,EN,Towers with Radar,599,163,40,1,803,0,0,30,0,30,599,163,70,1,833,24,0,24,857
03/04/2006,BWI,MD,AEA,EN,Towers with Radar,505,111,26,1,643,0,0,20,0,20,505,111,46,1,663,8,0,8,671
03/05/2006,BWI,MD,AEA,EN,Towers with Radar,500,120,31,1,652,0,0,22,0,22,500,120,53,1,674,12,0,12,686
03/06/2006,BWI,MD,AEA,EN,Towers with Radar,577,138,62,3,780,0,0,15,0,15,577,138,77,3,795,24,0,24,819
03/07/2006,BWI,MD,AEA,EN,Towers with Radar,563,166,54,5,788,0,0,35,0,35,563,166,89,5,823,30,0,30,853
03/08/2006,BWI,MD,AEA,EN,Towers with Radar,603,201,64,5,873,0,0,37,3,40,603,201,101,8,913,52,2,54,967
03/09/2006,BWI,MD,AEA,EN,Towers with Radar,591,177,51,0,819,0,0,34,0,34,591,177,85,0,853,46,0,46,899
03/10/2006,BWI,MD,AEA,EN,Towers with Radar,584,186,69,4,843,0,0,5,0,5,584,186,74,4,848,18,0,18,866
03/11/2006,BWI,MD,AEA,EN,Towers with Radar,518,118,49,3,688,0,0,26,0,26,518,118,75,3,714,23,0,23,737
03/12/2006,BWI,MD,AEA,EN,Towers with Radar,502,120,33,1,656,0,0,8,0,8,502,120,41,1,664,12,0,12,676
03/13/2006,BWI,MD,AEA,EN,Towers with Radar,579,148,49,1,777,0,0,5,0,5,579,148,54,1,782,0,0,0,782
03/14/2006,BWI,MD,AEA,EN,Towers with Radar,589,166,58,1,814,0,0,7,0,7,589,166,65,1,821,0,0,0,821
03/15/2006,BWI,MD,AEA,EN,Towers with Radar,597,175,74,1,847,0,0,0,0,0,597,175,74,1,847,0,0,0,847
03/16/2006,BWI,MD,AEA,EN,Towers with Radar,583,180,77,7,847,0,1,45,0,46,583,181,122,7,893,61,0,61,954
03/17/2006,BWI,MD,AEA,EN,Towers with Radar,601,168,59,3,831,0,0,36,0,36,601,168,95,3,867,46,0,46,913
03/18/2006,BWI,MD,AEA,EN,Towers with Radar,505,115,39,3,662,0,0,11,0,11,505,115,50,3,673,8,0,8,681
03/19/2006,BWI,MD,AEA,EN,Towers with Radar,501,132,41,2,676,0,0,15,0,15,501,132,56,2,691,24,2,26,717
03/20/2006,BWI,MD,AEA,EN,Towers with Radar,573,143,81,0,797,0,0,54,0,54,573,143,135,0,851,64,0,64,915
03/21/2006,BWI,MD,AEA,EN,Towers with Radar,587,191,46,5,829,0,0,52,0,52,587,191,98,5,881,36,0,36,917
03/22/2006,BWI,MD,AEA,EN,Towers with Radar,595,170,99,3,867,0,0,50,0,50,595,170,149,3,917,0,0,0,917
03/23/2006,BWI,MD,AEA,EN,Towers with Radar,584,170,55,2,811,0,0,55,0,55,584,170,110,2,866,40,0,40,906
03/24/2006,BWI,MD,AEA,EN,Towers with Radar,597,153,59,2,811,0,0,41,1,42,597,153,100,3,853,0,0,0,853
03/25/2006,BWI,MD,AEA,EN,Towers with Radar,493,115,30,1,639,0,0,6,0,6,493,115,36,1,645,29,0,29,674
03/26/2006,BWI,MD,AEA,EN,Towers with Radar,499,113,33,1,646,0,1,16,1,18,499,114,49,2,664,4,0,4,668
03/27/2006,BWI,MD,AEA,EN,Towers with Radar,575,156,55,5,791,0,0,47,0,47,575,156,102,5,838,42,0,42,880
03/28/2006,BWI,MD,AEA,EN,Towers with Radar,590,167,62,3,822,0,0,37,0,37,590,167,99,3,859,1,2,3,862
03/29/2006,BWI,MD,AEA,EN,Towers with Radar,597,189,69,3,858,0,0,57,0,57,597,189,126,3,915,32,0,32,947
03/30/2006,BWI,MD,AEA,EN,Towers with Radar,585,186,54,0,825,0,0,48,0,48,585,186,102,0,873,42,0,42,915
03/31/2006,BWI,MD,AEA,EN,Towers with Radar,594,164,45,3,806,0,0,32,0,32,594,164,77,3,838,4,0,4,842
04/01/2006,BWI,MD,AEA,EN,Towers with Radar,508,107,28,0,643,0,0,20,0,20,508,107,48,0,663,4,0,4,667
04/02/2006,BWI,MD,AEA,EN,Towers with Radar,550,112,46,2,710,0,0,58,0,58,550,112,104,2,768,30,0,30,798
04/03/2006,BWI,MD,AEA,EN,Towers with Radar,487,134,62,1,684,0,0,12,0,12,487,134,74,1,696,0,8,8,704
04/04/2006,BWI,MD,AEA,EN,Towers with Radar,653,204,91,1,949,0,0,21,0,21,653,204,112,1,970,13,0,13,983
04/05/2006,BWI,MD,AEA,EN,Towers with Radar,595,175,75,0,845,0,0,9,0,9,595,175,84,0,854,4,0,4,858
04/06/2006,BWI,MD,AEA,EN,Towers with Radar,598,188,68,1,855,0,0,41,0,41,598,188,109,1,896,20,0,20,916
04/07/2006,BWI,MD,AEA,EN,Towers with Radar,578,163,66,3,810,0,0,18,4,22,578,163,84,7,832,0,0,0,832
04/08/2006,BWI,MD,AEA,EN,Towers with Radar,534,122,24,6,686,0,0,2,0,2,534,122,26,6,688,0,0,0,688
04/09/2006,BWI,MD,AEA,EN,Towers with Radar,543,122,35,0,700,0,0,30,0,30,543,122,65,0,730,16,0,16,746
04/10/2006,BWI,MD,AEA,EN,Towers with Radar,580,142,59,3,784,0,0,45,0,45,580,142,104,3,829,2,0,2,831
04/11/2006,BWI,MD,AEA,EN,Towers with Radar,580,199,70,3,852,0,0,28,0,28,580,199,98,3,880,0,0,0,880
04/12/2006,BWI,MD,AEA,EN,Towers with Radar,588,186,79,0,853,0,0,33,0,33,588,186,112,0,886,19,0,19,905
04/13/2006,BWI,MD,AEA,EN,Towers with Radar,591,175,80,3,849,0,0,49,0,49,591,175,129,3,898,36,0,36,934
04/14/2006,BWI,MD,AEA,EN,Towers with Radar,605,179,47,3,834,0,0,15,0,15,605,179,62,3,849,4,0,4,853
04/15/2006,BWI,MD,AEA,EN,Towers with Radar,518,119,37,1,675,0,0,43,0,43,518,119,80,1,718,37,0,37,755
04/16/2006,BWI,MD,AEA,EN,Towers with Radar,535,117,19,3,674,0,0,27,0,27,535,117,46,3,701,30,0,30,731
04/17/2006,BWI,MD,AEA,EN,Towers with Radar,627,149,100,4,880,0,0,23,1,24,627,149,123,5,904,16,2,18,922
04/18/2006,BWI,MD,AEA,EN,Towers with Radar,575,168,80,13,836,0,0,57,0,57,575,168,137,13,893,26,0,26,919
04/19/2006,BWI,MD,AEA,EN,Towers with Radar,582,205,86,3,876,0,0,37,0,37,582,205,123,3,913,24,0,24,937
04/20/2006,BWI,MD,AEA,EN,Towers with Radar,603,178,64,1,846,0,0,44,0,44,603,178,108,1,890,50,2,52,942
04/21/2006,BWI,MD,AEA,EN,Towers with Radar,580,178,48,5,811,0,0,26,0,26,580,178,74,5,837,0,0,0,837
04/22/2006,BWI,MD,AEA,EN,Towers with Radar,524,123,25,0,672,0,0,0,0,0,524,123,25,0,672,0,0,0,672
04/23/2006,BWI,MD,AEA,EN,Towers with Radar,527,118,39,0,684,0,0,10,0,10,527,118,49,0,694,20,0,20,714
04/24/2006,BWI,MD,AEA,EN,Towers with Radar,575,147,73,2,797,0,0,18,0,18,575,147,91,2,815,17,4,21,836
04/25/2006,BWI,MD,AEA,EN,Towers with Radar,579,198,93,6,876,0,0,52,0,52,579,198,145,6,928,50,0,50,978
04/26/2006,BWI,MD,AEA,EN,Towers with Radar,577,186,70,1,834,0,0,57,0,57,577,186,127,1,891,50,0,50,941
04/27/2006,BWI,MD,AEA,EN,Towers with Radar,586,195,89,2,872,0,0,51,0,51,586,195,140,2,923,36,0,36,959
04/28/2006,BWI,MD,AEA,EN,Towers with Radar,589,177,76,1,843,0,0,47,0,47,589,177,123,1,890,12,0,12,902
04/29/2006,BWI,MD,AEA,EN,Towers with Radar,518,122,54,1,695,0,1,42,0,43,518,123,96,1,738,66,0,66,804
04/30/2006,BWI,MD,AEA,EN,Towers with Radar,525,126,50,6,707,0,0,45,0,45,525,126,95,6,752,22,0,22,774
05/01/2006,BWI,MD,AEA,EN,Towers with Radar,575,136,58,4,773,0,0,36,0,36,575,136,94,4,809,6,0,6,815
05/02/2006,BWI,MD,AEA,EN,Towers with Radar,581,172,65,1,819,0,0,62,0,62,581,172,127,1,881,36,0,36,917
05/03/2006,BWI,MD,AEA,EN,Towers with Radar,590,180,56,4,830,0,0,47,0,47,590,180,103,4,877,38,0,38,915
05/04/2006,BWI,MD,AEA,EN,Towers with Radar,604,189,74,0,867,0,0,52,0,52,604,189,126,0,919,28,0,28,947
05/05/2006,BWI,MD,AEA,EN,Towers with Radar,594,162,42,1,799,0,0,27,0,27,594,162,69,1,826,0,0,0,826
05/06/2006,BWI,MD,AEA,EN,Towers with Radar,537,106,44,3,690,0,0,35,0,35,537,106,79,3,725,10,0,10,735
05/07/2006,BWI,MD,AEA,EN,Towers with Radar,532,129,55,1,717,0,0,38,0,38,532,129,93,1,755,10,0,10,765
05/08/2006,BWI,MD,AEA,EN,Towers with Radar,571,146,56,2,775,0,0,18,1,19,571,146,74,3,794,8,0,8,802
05/09/2006,BWI,MD,AEA,EN,Towers with Radar,591,177,80,2,850,0,0,52,0,52,591,177,132,2,902,38,0,38,940
05/10/2006,BWI,MD,AEA,EN,Towers with Radar,587,174,69,6,836,0,0,58,0,58,587,174,127,6,894,14,0,14,908
05/11/2006,BWI,MD,AEA,EN,Towers with Radar,543,165,75,0,783,0,0,5,0,5,543,165,80,0,788,1,0,1,789
05/12/2006,BWI,MD,AEA,EN,Towers with Radar,652,182,55,0,889,0,0,30,0,30,652,182,85,0,919,3,0,3,922
05/13/2006,BWI,MD,AEA,EN,Towers with Radar,537,132,52,5,726,0,0,23,0,23,537,132,75,5,749,16,0,16,765
05/14/2006,BWI,MD,AEA,EN,Towers with Radar,522,125,34,3,684,0,0,0,0,0,522,125,34,3,684,0,0,0,684
05/15/2006,BWI,MD,AEA,EN,Towers with Radar,580,153,78,3,814,0,0,8,0,8,580,153,86,3,822,16,2,18,840
05/16/2006,BWI,MD,AEA,EN,Towers with Radar,590,191,96,4,881,0,0,35,0,35,590,191,131,4,916,10,0,10,926
05/17/2006,BWI,MD,AEA,EN,Towers with Radar,594,183,77,6,860,0,0,29,0,29,594,183,106,6,889,10,0,10,899
05/18/2006,BWI,MD,AEA,EN,Towers with Radar,591,185,75,8,859,0,0,23,0,23,591,185,98,8,882,0,0,0,882
05/19/2006,BWI,MD,AEA,EN,Towers with Radar,615,172,68,8,863,0,0,19,0,19,615,172,87,8,882,0,0,0,882
05/20/2006,BWI,MD,AEA,EN,Towers with Radar,522,133,67,4,726,0,0,30,0,30,522,133,97,4,756,16,2,18,774
05/21/2006,BWI,MD,AEA,EN,Towers with Radar,537,136,67,3,743,0,0,26,0,26,537,136,93,3,769,0,0,0,769
05/22/2006,BWI,MD,AEA,EN,Towers with Radar,566,161,72,7,806,0,0,54,0,54,566,161,126,7,860,6,0,6,866
05/23/2006,BWI,MD,AEA,EN,Towers with Radar,574,182,81,3,840,0,0,35,0,35,574,182,116,3,875,24,0,24,899
05/24/2006,BWI,MD,AEA,EN,Towers with Radar,578,200,90,3,871,0,0,59,0,59,578,200,149,3,930,18,0,18,948
05/25/2006,BWI,MD,AEA,EN,Towers with Radar,609,210,85,0,904,0,0,43,0,43,609,210,128,0,947,4,0,4,951
05/26/2006,BWI,MD,AEA,EN,Towers with Radar,591,182,52,0,825,0,0,6,0,6,591,182,58,0,831,4,0,4,835
05/27/2006,BWI,MD,AEA,EN,Towers with Radar,539,137,33,1,710,0,0,30,0,30,539,137,63,1,740,0,0,0,740
05/28/2006,BWI,MD,AEA,EN,Towers with Radar,478,103,28,3,612,0,0,44,2,46,478,103,72,5,658,20,0,20,678
05/29/2006,BWI,MD,AEA,EN,Towers with Radar,480,125,42,0,647,0,0,57,0,57,480,125,99,0,704,0,0,0,704
05/30/2006,BWI,MD,AEA,EN,Towers with Radar,576,143,56,3,778,0,0,35,0,35,576,143,91,3,813,0,0,0,813
05/31/2006,BWI,MD,AEA,EN,Towers with Radar,579,196,70,1,846,0,0,21,4,25,579,196,91,5,871,0,0,0,871
06/01/2006,BWI,MD,AEA,EN,Towers with Radar,548,176,61,0,785,0,0,30,0,30,548,176,91,0,815,2,0,2,817
06/02/2006,BWI,MD,AEA,EN,Towers with Radar,646,180,46,0,872,0,0,0,0,0,646,180,46,0,872,2,0,2,874
06/03/2006,BWI,MD,AEA,EN,Towers with Radar,584,105,36,1,726,0,0,13,0,13,584,105,49,1,739,10,0,10,749
06/04/2006,BWI,MD,AEA,EN,Towers with Radar,545,131,47,1,724,0,0,31,0,31,545,131,78,1,755,17,0,17,772
06/05/2006,BWI,MD,AEA,EN,Towers with Radar,578,165,97,1,841,0,0,43,0,43,578,165,140,1,884,44,0,44,928
06/06/2006,BWI,MD,AEA,EN,Towers with Radar,589,190,79,3,861,0,0,29,0,29,589,190,108,3,890,14,0,14,904
06/07/2006,BWI,MD,AEA,EN,Towers with Radar,595,183,72,1,851,0,0,44,0,44,595,183,116,1,895,26,0,26,921
06/08/2006,BWI,MD,AEA,EN,Towers with Radar,612,178,92,6,888,0,0,37,4,41,612,178,129,10,929,32,0,32,961
06/09/2006,BWI,MD,AEA,EN,Towers with Radar,636,181,71,5,893,0,0,28,2,30,636,181,99,7,923,41,0,41,964
06/10/2006,BWI,MD,AEA,EN,Towers with Radar,525,129,45,0,699,0,0,29,0,29,525,129,74,0,728,14,0,14,742
06/11/2006,BWI,MD,AEA,EN,Towers with Radar,557,126,44,2,729,0,0,42,1,43,557,126,86,3,772,12,0,12,784
06/12/2006,BWI,MD,AEA,EN,Towers with Radar,599,177,66,0,842,0,0,17,0,17,599,177,83,0,859,22,0,22,881
06/13/2006,BWI,MD,AEA,EN,Towers with Radar,613,197,66,1,877,0,0,48,0,48,613,197,114,1,925,11,0,11,936
06/14/2006,BWI,MD,AEA,EN,Towers with Radar,616,187,92,1,896,0,0,26,0,26,616,187,118,1,922,68,0,68,990
06/15/2006,BWI,MD,AEA,EN,Towers with Radar,615,200,68,2,885,0,0,63,0,63,615,200,131,2,948,44,0,44,992
06/16/2006,BWI,MD,AEA,EN,Towers with Radar,605,192,64,3,864,0,0,52,0,52,605,192,116,3,916,23,0,23,939
06/17/2006,BWI,MD,AEA,EN,Towers with Radar,533,130,34,3,700,0,0,29,0,29,533,130,63,3,729,6,0,6,735
06/18/2006,BWI,MD,AEA,EN,Towers with Radar,541,131,53,3,728,0,0,48,0,48,541,131,101,3,776,18,0,18,794
06/19/2006,BWI,MD,AEA,EN,Towers with Radar,553,143,74,3,773,0,0,37,0,37,553,143,111,3,810,10,0,10,820
06/20/2006,BWI,MD,AEA,EN,Towers with Radar,657,212,69,3,941,0,0,46,0,46,657,212,115,3,987,0,0,0,987
06/21/2006,BWI,MD,AEA,EN,Towers with Radar,600,194,50,2,846,0,0,59,0,59,600,194,109,2,905,16,0,16,921
06/22/2006,BWI,MD,AEA,EN,Towers with Radar,620,209,92,1,922,0,0,29,0,29,620,209,121,1,951,0,0,0,951
06/23/2006,BWI,MD,AEA,EN,Towers with Radar,609,175,82,4,870,0,0,33,0,33,609,175,115,4,903,18,0,18,921
06/24/2006,BWI,MD,AEA,EN,Towers with Radar,605,126,30,0,761,0,0,9,0,9,605,126,39,0,770,8,0,8,778
06/25/2006,BWI,MD,AEA,EN,Towers with Radar,474,114,29,5,622,0,0,0,0,0,474,114,29,5,622,0,0,0,622
06/26/2006,BWI,MD,AEA,EN,Towers with Radar,666,136,59,0,861,0,0,0,0,0,666,136,59,0,861,0,0,0,861
06/27/2006,BWI,MD,AEA,EN,Towers with Radar,620,180,65,3,868,0,0,0,0,0,620,180,65,3,868,0,0,0,868
06/28/2006,BWI,MD,AEA,EN,Towers with Radar,651,181,77,11,920,0,0,19,0,19,651,181,96,11,939,6,0,6,945
06/29/2006,BWI,MD,AEA,EN,Towers with Radar,633,195,76,0,904,0,0,27,0,27,633,195,103,0,931,6,0,6,937
06/30/2006,BWI,MD,AEA,EN,Towers with Radar,623,193,65,2,883,0,0,45,0,45,623,193,110,2,928,32,0,32,960
07/01/2006,BWI,MD,AEA,EN,Towers with Radar,551,138,38,8,735,0,0,27,0,27,551,138,65,8,762,2,6,8,770
07/02/2006,BWI,MD,AEA,EN,Towers with Radar,527,118,35,0,680,0,0,21,0,21,527,118,56,0,701,12,0,12,713
07/03/2006,BWI,MD,AEA,EN,Towers with Radar,533,124,20,1,678,0,0,37,0,37,533,124,57,1,715,8,0,8,723
07/04/2006,BWI,MD,AEA,EN,Towers with Radar,522,129,29,2,682,0,0,16,0,16,522,129,45,2,698,0,0,0,698
07/05/2006,BWI,MD,AEA,EN,Towers with Radar,570,143,44,1,758,0,0,5,0,5,570,143,49,1,763,0,0,0,763
07/06/2006,BWI,MD,AEA,EN,Towers with Radar,647,188,85,4,924,0,0,39,0,39,647,188,124,4,963,2,0,2,965
07/07/2006,BWI,MD,AEA,EN,Towers with Radar,597,195,75,2,869,0,0,36,0,36,597,195,111,2,905,34,2,36,941
07/08/2006,BWI,MD,AEA,EN,Towers with Radar,548,132,29,0,709,0,0,33,0,33,548,132,62,0,742,8,0,8,750
07/09/2006,BWI,MD,AEA,EN,Towers with Radar,557,129,45,0,731,0,0,36,6,42,557,129,81,6,773,20,0,20,793
07/10/2006,BWI,MD,AEA,EN,Towers with Radar,593,157,61,2,813,0,0,38,0,38,593,157,99,2,851,16,0,16,867
07/11/2006,BWI,MD,AEA,EN,Towers with Radar,606,181,71,0,858,0,0,11,0,11,606,181,82,0,869,10,0,10,879
07/12/2006,BWI,MD,AEA,EN,Towers with Radar,616,176,76,2,870,0,0,18,0,18,616,176,94,2,888,4,0,4,892
07/13/2006,BWI,MD,AEA,EN,Towers with Radar,637,194,92,1,924,0,0,14,0,14,637,194,106,1,938,2,0,2,940
07/14/2006,BWI,MD,AEA,EN,Towers with Radar,604,181,90,0,875,0,0,28,0,28,604,181,118,0,903,4,0,4,907
07/15/2006,BWI,MD,AEA,EN,Towers with Radar,557,141,29,0,727,0,0,11,0,11,557,141,40,0,738,0,0,0,738
07/16/2006,BWI,MD,AEA,EN,Towers with Radar,545,136,49,0,730,0,0,37,0,37,545,136,86,0,767,0,0,0,767
07/17/2006,BWI,MD,AEA,EN,Towers with Radar,583,153,82,1,819,0,0,44,0,44,583,153,126,1,863,8,0,8,871
07/18/2006,BWI,MD,AEA,EN,Towers with Radar,561,181,69,0,811,0,0,33,0,33,561,181,102,0,844,2,0,2,846
07/19/2006,BWI,MD,AEA,EN,Towers with Radar,674,209,89,1,973,0,0,72,0,72,674,209,161,1,1045,46,0,46,1091
07/20/2006,BWI,MD,AEA,EN,Towers with Radar,592,185,89,1,867,0,0,47,0,47,592,185,136,1,914,0,0,0,914
07/21/2006,BWI,MD,AEA,EN,Towers with Radar,612,159,70,2,843,0,0,21,0,21,612,159,91,2,864,0,0,0,864
07/22/2006,BWI,MD,AEA,EN,Towers with Radar,582,140,19,0,741,0,0,3,0,3,582,140,22,0,744,0,0,0,744
07/23/2006,BWI,MD,AEA,EN,Towers with Radar,583,143,65,0,791,0,0,32,0,32,583,143,97,0,823,19,0,19,842
07/24/2006,BWI,MD,AEA,EN,Towers with Radar,596,159,100,0,855,0,0,53,0,53,596,159,153,0,908,0,0,0,908
07/25/2006,BWI,MD,AEA,EN,Towers with Radar,627,183,47,4,861,0,0,39,0,39,627,183,86,4,900,8,0,8,908
07/26/2006,BWI,MD,AEA,EN,Towers with Radar,621,191,73,0,885,0,0,52,0,52,621,191,125,0,937,10,0,10,947
07/27/2006,BWI,MD,AEA,EN,Towers with Radar,580,171,54,0,805,0,0,40,0,40,580,171,94,0,845,20,0,20,865
07/28/2006,BWI,MD,AEA,EN,Towers with Radar,656,188,78,1,923,0,0,27,0,27,656,188,105,1,950,0,0,0,950
07/29/2006,BWI,MD,AEA,EN,Towers with Radar,570,139,27,5,741,0,0,29,0,29,570,139,56,5,770,0,0,0,770
07/30/2006,BWI,MD,AEA,EN,Towers with Radar,543,135,32,4,714,0,0,29,3,32,543,135,61,7,746,18,8,26,772
07/31/2006,BWI,MD,AEA,EN,Towers with Radar,597,157,57,3,814,0,0,39,0,39,597,157,96,3,853,16,2,18,871
08/01/2006,BWI,MD,AEA,EN,Towers with Radar,603,187,66,0,856,0,0,31,1,32,603,187,97,1,888,18,4,22,910
08/02/2006,BWI,MD,AEA,EN,Towers with Radar,607,192,91,2,892,0,0,34,0,34,607,192,125,2,926,24,2,26,952
08/03/2006,BWI,MD,AEA,EN,Towers with Radar,589,188,75,1,853,0,0,51,0,51,589,188,126,1,904,22,0,22,926
08/04/2006,BWI,MD,AEA,EN,Towers with Radar,694,154,77,2,927,0,0,53,0,53,694,154,130,2,980,36,4,40,1020
08/05/2006,BWI,MD,AEA,EN,Towers with Radar,558,128,29,0,715,0,0,33,0,33,558,128,62,0,748,14,0,14,762
08/06/2006,BWI,MD,AEA,EN,Towers with Radar,552,148,83,2,785,0,0,60,0,60,552,148,143,2,845,38,0,38,883
08/07/2006,BWI,MD,AEA,EN,Towers with Radar,536,138,36,2,712,0,0,30,0,30,536,138,66,2,742,10,0,10,752
08/08/2006,BWI,MD,AEA,EN,Towers with Radar,678,200,68,0,946,0,0,66,0,66,678,200,134,0,1012,26,0,26,1038
08/09/2006,BWI,MD,AEA,EN,Towers with Radar,607,186,68,5,866,0,0,65,0,65,607,186,133,5,931,46,0,46,977
08/10/2006,BWI,MD,AEA,EN,Towers with Radar,588,189,84,4,865,0,0,9,0,9,588,189,93,4,874,20,0,20,894
08/11/2006,BWI,MD,AEA,EN,Towers with Radar,639,197,76,1,913,0,0,46,0,46,639,197,122,1,959,16,0,16,975
08/12/2006,BWI,MD,AEA,EN,Towers with Radar,560,140,43,2,745,0,0,57,0,57,560,140,100,2,802,40,0,40,842
08/13/2006,BWI,MD,AEA,EN,Towers with Radar,542,134,76,0,752,0,0,48,0,48,542,134,124,0,800,4,0,4,804
08/14/2006,BWI,MD,AEA,EN,Towers with Radar,595,141,80,2,818,0,0,36,0,36,595,141,116,2,854,20,0,20,874
08/15/2006,BWI,MD,AEA,EN,Towers with Radar,618,190,65,0,873,0,0,36,0,36,618,190,101,0,909,30,0,30,939
08/16/2006,BWI,MD,AEA,EN,Towers with Radar,597,198,74,0,869,0,0,49,0,49,597,198,123,0,918,14,0,14,932
08/17/2006,BWI,MD,AEA,EN,Towers with Radar,605,194,88,0,887,0,0,43,0,43,605,194,131,0,930,6,0,6,936
08/18/2006,BWI,MD,AEA,EN,Towers with Radar,600,191,77,0,868,0,0,66,1,67,600,191,143,1,935,26,0,26,961
08/19/2006,BWI,MD,AEA,EN,Towers with Radar,549,139,46,0,734,0,0,23,0,23,549,139,69,0,757,18,0,18,775
08/20/2006,BWI,MD,AEA,EN,Towers with Radar,561,127,52,0,740,0,0,32,0,32,561,127,84,0,772,20,0,20,792
08/21/2006,BWI,MD,AEA,EN,Towers with Radar,593,164,58,1,816,0,0,48,0,48,593,164,106,1,864,14,0,14,878
08/22/2006,BWI,MD,AEA,EN,Towers with Radar,624,191,64,0,879,0,0,46,0,46,624,191,110,0,925,4,0,4,929
08/23/2006,BWI,MD,AEA,EN,Towers with Radar,616,207,64,0,887,0,0,85,0,85,616,207,149,0,972,52,0,52,1024
08/24/2006,BWI,MD,AEA,EN,Towers with Radar,599,198,86,2,885,0,0,68,1,69,599,198,154,3,954,10,0,10,964
08/25/2006,BWI,MD,AEA,EN,Towers with Radar,602,143,76,5,826,0,0,42,2,44,602,143,118,7,870,24,0,24,894
08/26/2006,BWI,MD,AEA,EN,Towers with Radar,603,162,63,0,828,0,0,17,0,17,603,162,80,0,845,0,0,0,845
08/27/2006,BWI,MD,AEA,EN,Towers with Radar,557,136,65,0,758,0,0,24,0,24,557,136,89,0,782,6,0,6,788
08/28/2006,BWI,MD,AEA,EN,Towers with Radar,610,165,55,5,835,0,0,45,0,45,610,165,100,5,880,66,0,66,946
08/29/2006,BWI,MD,AEA,EN,Towers with Radar,607,175,63,1,846,0,0,17,0,17,607,175,80,1,863,0,0,0,863
08/30/2006,BWI,MD,AEA,EN,Towers with Radar,589,193,88,8,878,0,0,5,0,5,589,193,93,8,883,0,0,0,883
08/31/2006,BWI,MD,AEA,EN,Towers with Radar,608,196,61,1,866,0,0,19,0,19,608,196,80,1,885,0,0,0,885
09/01/2006,BWI,MD,AEA,EN,Towers with Radar,596,179,24,0,799,0,0,0,0,0,596,179,24,0,799,0,0,0,799
09/02/2006,BWI,MD,AEA,EN,Towers with Radar,561,133,38,0,732,0,0,0,0,0,561,133,38,0,732,0,0,0,732
09/03/2006,BWI,MD,AEA,EN,Towers with Radar,469,106,29,2,606,0,0,35,0,35,469,106,64,2,641,34,0,34,675
09/04/2006,BWI,MD,AEA,EN,Towers with Radar,553,136,53,0,742,0,0,52,1,53,553,136,105,1,795,18,0,18,813
09/05/2006,BWI,MD,AEA,EN,Towers with Radar,593,156,47,0,796,0,0,0,0,0,593,156,47,0,796,0,0,0,796
09/06/2006,BWI,MD,AEA,EN,Towers with Radar,610,209,46,4,869,0,0,38,0,38,610,209,84,4,907,34,0,34,941
09/07/2006,BWI,MD,AEA,EN,Towers with Radar,601,202,64,1,868,0,0,65,0,65,601,202,129,1,933,68,0,68,1001
09/08/2006,BWI,MD,AEA,EN,Towers with Radar,629,174,86,2,891,0,0,42,0,42,629,174,128,2,933,18,2,20,953
09/09/2006,BWI,MD,AEA,EN,Towers with Radar,572,124,47,0,743,0,0,28,0,28,572,124,75,0,771,22,0,22,793
09/10/2006,BWI,MD,AEA,EN,Towers with Radar,567,153,60,0,780,0,0,37,0,37,567,153,97,0,817,52,0,52,869
09/11/2006,BWI,MD,AEA,EN,Towers with Radar,599,184,73,0,856,0,0,46,0,46,599,184,119,0,902,18,0,18,920
09/12/2006,BWI,MD,AEA,EN,Towers with Radar,605,214,85,4,908,0,0,35,0,35,605,214,120,4,943,24,0,24,967
09/13/2006,BWI,MD,AEA,EN,Towers with Radar,577,207,83,5,872,0,0,27,0,27,577,207,110,5,899,24,0,24,923
09/14/2006,BWI,MD,AEA,EN,Towers with Radar,606,196,85,3,890,0,0,0,0,0,606,196,85,3,890,0,0,0,890
09/15/2006,BWI,MD,AEA,EN,Towers with Radar,592,181,84,1,858,0,0,6,0,6,592,181,90,1,864,0,0,0,864
09/16/2006,BWI,MD,AEA,EN,Towers with Radar,541,138,33,0,712,0,0,3,0,3,541,138,36,0,715,2,0,2,717
09/17/2006,BWI,MD,AEA,EN,Towers with Radar,538,145,63,1,747,0,0,57,0,57,538,145,120,1,804,50,0,50,854
09/18/2006,BWI,MD,AEA,EN,Towers with Radar,591,164,67,0,822,0,0,34,0,34,591,164,101,0,856,9,0,9,865
09/19/2006,BWI,MD,AEA,EN,Towers with Radar,576,194,81,1,852,0,0,19,0,19,576,194,100,1,871,0,0,0,871
09/20/2006,BWI,MD,AEA,EN,Towers with Radar,613,206,66,0,885,0,0,63,1,64,613,206,129,1,949,34,0,34,983
09/21/2006,BWI,MD,AEA,EN,Towers with Radar,607,219,96,5,927,0,0,57,0,57,607,219,153,5,984,22,0,22,1006
09/22/2006,BWI,MD,AEA,EN,Towers with Radar,599,198,73,0,870,0,0,71,2,73,599,198,144,2,943,2,0,2,945
09/23/2006,BWI,MD,AEA,EN,Towers with Radar,538,143,35,1,717,0,0,38,2,40,538,143,73,3,757,10,0,10,767
09/24/2006,BWI,MD,AEA,EN,Towers with Radar,540,131,51,3,725,0,1,18,0,19,540,132,69,3,744,7,0,7,751
09/25/2006,BWI,MD,AEA,EN,Towers with Radar,592,165,75,3,835,0,0,57,0,57,592,165,132,3,892,12,0,12,904
09/26/2006,BWI,MD,AEA,EN,Towers with Radar,591,199,59,0,849,0,0,61,0,61,591,199,120,0,910,24,0,24,934
09/27/2006,BWI,MD,AEA,EN,Towers with Radar,608,198,76,0,882,0,0,26,0,26,608,198,102,0,908,4,0,4,912
09/28/2006,BWI,MD,AEA,EN,Towers with Radar,528,174,81,0,783,0,0,61,0,61,528,174,142,0,844,43,0,43,887
09/29/2006,BWI,MD,AEA,EN,Towers with Radar,671,190,59,1,921,0,0,70,1,71,671,190,129,2,992,18,0,18,1010
09/30/2006,BWI,MD,AEA,EN,Towers with Radar,533,146,78,0,757,0,0,50,0,50,533,146,128,0,807,8,0,8,815
10/01/2006,BWI,MD,AEA,EN,Towers with Radar,552,148,99,4,803,0,0,41,0,41,552,148,140,4,844,52,2,54,898
10/02/2006,BWI,MD,AEA,EN,Towers with Radar,579,163,49,1,792,0,0,46,0,46,579,163,95,1,838,4,0,4,842
10/03/2006,BWI,MD,AEA,EN,Towers with Radar,596,212,85,0,893,0,0,31,0,31,596,212,116,0,924,44,2,46,970
10/04/2006,BWI,MD,AEA,EN,Towers with Radar,605,191,72,4,872,0,0,57,0,57,605,191,129,4,929,0,0,0,929
10/05/2006,BWI,MD,AEA,EN,Towers with Radar,620,217,88,2,927,0,0,54,0,54,620,217,142,2,981,14,0,14,995
10/06/2006,BWI,MD,AEA,EN,Towers with Radar,592,200,79,1,872,0,0,0,0,0,592,200,79,1,872,0,0,0,872
10/07/2006,BWI,MD,AEA,EN,Towers with Radar,514,148,40,0,702,0,0,0,0,0,514,148,40,0,702,0,0,0,702
10/08/2006,BWI,MD,AEA,EN,Towers with Radar,550,151,43,1,745,0,0,22,0,22,550,151,65,1,767,20,0,20,787
10/09/2006,BWI,MD,AEA,EN,Towers with Radar,592,149,80,0,821,0,0,34,0,34,592,149,114,0,855,2,0,2,857
10/10/2006,BWI,MD,AEA,EN,Towers with Radar,593,189,59,0,841,0,0,54,0,54,593,189,113,0,895,72,2,74,969
10/11/2006,BWI,MD,AEA,EN,Towers with Radar,597,212,73,1,883,0,0,2,0,2,597,212,75,1,885,10,0,10,895
10/12/2006,BWI,MD,AEA,EN,Towers with Radar,597,215,62,5,879,0,0,24,0,24,597,215,86,5,903,28,0,28,931
10/13/2006,BWI,MD,AEA,EN,Towers with Radar,601,199,62,1,863,0,3,47,0,50,601,202,109,1,913,24,0,24,937
10/14/2006,BWI,MD,AEA,EN,Towers with Radar,521,150,54,0,725,0,0,31,0,31,521,150,85,0,756,2,0,2,758
10/15/2006,BWI,MD,AEA,EN,Towers with Radar,552,135,81,2,770,0,0,48,0,48,552,135,129,2,818,12,0,12,830
10/16/2006,BWI,MD,AEA,EN,Towers with Radar,600,180,82,2,864,0,0,47,0,47,600,180,129,2,911,54,0,54,965
10/17/2006,BWI,MD,AEA,EN,Towers with Radar,622,212,65,1,900,0,0,1,0,1,622,212,66,1,901,0,0,0,901
10/18/2006,BWI,MD,AEA,EN,Towers with Radar,592,224,80,1,897,0,0,32,0,32,592,224,112,1,929,56,0,56,985
10/19/2006,BWI,MD,AEA,EN,Towers with Radar,622,206,95,0,923,0,0,2,0,2,622,206,97,0,925,0,0,0,925
10/20/2006,BWI,MD,AEA,EN,Towers with Radar,606,202,70,4,882,0,0,6,0,6,606,202,76,4,888,0,0,0,888
10/21/2006,BWI,MD,AEA,EN,Towers with Radar,536,150,40,0,726,0,0,35,0,35,536,150,75,0,761,16,0,16,777
10/22/2006,BWI,MD,AEA,EN,Towers with Radar,545,143,49,0,737,0,0,34,0,34,545,143,83,0,771,0,0,0,771
10/23/2006,BWI,MD,AEA,EN,Towers with Radar,593,178,67,0,838,0,0,34,0,34,593,178,101,0,872,8,0,8,880
10/24/2006,BWI,MD,AEA,EN,Towers with Radar,612,196,59,1,868,0,0,25,1,26,612,196,84,2,894,0,0,0,894
10/25/2006,BWI,MD,AEA,EN,Towers with Radar,585,198,90,4,877,0,0,41,0,41,585,198,131,4,918,20,0,20,938
10/26/2006,BWI,MD,AEA,EN,Towers with Radar,599,212,93,0,904,0,0,52,0,52,599,212,145,0,956,20,0,20,976
10/27/2006,BWI,MD,AEA,EN,Towers with Radar,580,219,55,0,854,0,0,13,0,13,580,219,68,0,867,14,0,14,881
10/28/2006,BWI,MD,AEA,EN,Towers with Radar,544,145,30,1,720,0,0,4,0,4,544,145,34,1,724,0,0,0,724
10/29/2006,BWI,MD,AEA,EN,Towers with Radar,535,125,39,2,701,0,0,6,0,6,535,125,45,2,707,0,2,2,709
10/30/2006,BWI,MD,AEA,EN,Towers with Radar,582,177,90,2,851,0,0,52,1,53,582,177,142,3,904,58,0,58,962
10/31/2006,BWI,MD,AEA,EN,Towers with Radar,584,208,61,1,854,0,0,51,0,51,584,208,112,1,905,30,0,30,935
11/01/2006,BWI,MD,AEA,EN,Towers with Radar,575,222,80,1,878,0,0,49,0,49,575,222,129,1,927,28,0,28,955
11/02/2006,BWI,MD,AEA,EN,Towers with Radar,611,187,64,4,866,0,0,35,0,35,611,187,99,4,901,8,0,8,909
11/03/2006,BWI,MD,AEA,EN,Towers with Radar,598,201,87,0,886,0,0,23,0,23,598,201,110,0,909,6,0,6,915
11/04/2006,BWI,MD,AEA,EN,Towers with Radar,505,157,53,1,716,0,0,41,0,41,505,157,94,1,757,32,0,32,789
11/05/2006,BWI,MD,AEA,EN,Towers with Radar,528,147,94,0,769,0,0,50,1,51,528,147,144,1,820,32,0,32,852
11/06/2006,BWI,MD,AEA,EN,Towers with Radar,586,180,78,0,844,0,0,40,0,40,586,180,118,0,884,2,0,2,886
11/07/2006,BWI,MD,AEA,EN,Towers with Radar,584,199,67,2,852,0,0,12,0,12,584,199,79,2,864,16,0,16,880
11/08/2006,BWI,MD,AEA,EN,Towers with Radar,601,200,77,3,881,0,0,0,0,0,601,200,77,3,881,0,0,0,881
11/09/2006,BWI,MD,AEA,EN,Towers with Radar,600,213,107,0,920,0,0,53,0,53,600,213,160,0,973,6,0,6,979
11/10/2006,BWI,MD,AEA,EN,Towers with Radar,594,200,85,0,879,0,0,39,0,39,594,200,124,0,918,20,0,20,938
11/11/2006,BWI,MD,AEA,EN,Towers with Radar,513,133,39,0,685,0,0,19,0,19,513,133,58,0,704,0,0,0,704
11/12/2006,BWI,MD,AEA,EN,Towers with Radar,528,125,37,0,690,0,0,0,0,0,528,125,37,0,690,4,0,4,694
11/13/2006,BWI,MD,AEA,EN,Towers with Radar,590,154,77,5,826,0,0,0,0,0,590,154,77,5,826,0,0,0,826
11/14/2006,BWI,MD,AEA,EN,Towers with Radar,592,193,87,0,872,0,0,14,5,19,592,193,101,5,891,16,0,16,907
11/15/2006,BWI,MD,AEA,EN,Towers with Radar,582,203,64,1,850,0,0,12,0,12,582,203,76,1,862,0,0,0,862
11/16/2006,BWI,MD,AEA,EN,Towers with Radar,582,160,58,1,801,0,0,0,0,0,582,160,58,1,801,0,0,0,801
11/17/2006,BWI,MD,AEA,EN,Towers with Radar,662,200,76,5,943,0,0,45,0,45,662,200,121,5,988,12,0,12,1000
11/18/2006,BWI,MD,AEA,EN,Towers with Radar,507,136,37,0,680,0,0,58,1,59,507,136,95,1,739,26,2,28,767
11/19/2006,BWI,MD,AEA,EN,Towers with Radar,522,137,53,0,712,0,0,35,0,35,522,137,88,0,747,10,0,10,757
11/20/2006,BWI,MD,AEA,EN,Towers with Radar,578,169,47,2,796,0,0,26,0,26,578,169,73,2,822,14,0,14,836
11/21/2006,BWI,MD,AEA,EN,Towers with Radar,600,213,86,1,900,0,0,28,0,28,600,213,114,1,928,10,0,10,938
11/22/2006,BWI,MD,AEA,EN,Towers with Radar,599,191,63,1,854,0,0,0,0,0,599,191,63,1,854,0,0,0,854
11/23/2006,BWI,MD,AEA,EN,Towers with Radar,489,130,7,2,628,0,0,0,0,0,489,130,7,2,628,0,0,0,628
11/24/2006,BWI,MD,AEA,EN,Towers with Radar,493,97,41,0,631,0,0,23,0,23,493,97,64,0,654,16,0,16,670
11/25/2006,BWI,MD,AEA,EN,Towers with Radar,497,142,44,0,683,0,0,36,0,36,497,142,80,0,719,10,2,12,731
11/26/2006,BWI,MD,AEA,EN,Towers with Radar,568,164,105,0,837,0,0,21,0,21,568,164,126,0,858,8,0,8,866
11/27/2006,BWI,MD,AEA,EN,Towers with Radar,594,179,60,2,835,0,0,20,0,20,594,179,80,2,855,2,0,2,857
11/28/2006,BWI,MD,AEA,EN,Towers with Radar,623,206,52,3,884,0,0,23,0,23,623,206,75,3,907,8,0,8,915
11/29/2006,BWI,MD,AEA,EN,Towers with Radar,599,202,69,7,877,0,2,0,0,2,599,204,69,7,879,0,0,0,879
11/30/2006,BWI,MD,AEA,EN,Towers with Radar,605,182,59,9,855,0,0,10,0,10,605,182,69,9,865,0,0,0,865
12/01/2006,BWI,MD,AEA,EN,Towers with Radar,586,174,47,4,811,0,0,0,0,0,586,174,47,4,811,4,0,4,815
12/02/2006,BWI,MD,AEA,EN,Towers with Radar,542,135,27,1,705,0,0,21,0,21,542,135,48,1,726,10,0,10,736
12/03/2006,BWI,MD,AEA,EN,Towers with Radar,527,136,71,0,734,0,0,42,0,42,527,136,113,0,776,32,0,32,808
12/04/2006,BWI,MD,AEA,EN,Towers with Radar,581,169,55,0,805,0,0,21,0,21,581,169,76,0,826,18,0,18,844
12/05/2006,BWI,MD,AEA,EN,Towers with Radar,592,200,94,1,887,0,0,32,0,32,592,200,126,1,919,40,0,40,959
12/06/2006,BWI,MD,AEA,EN,Towers with Radar,605,203,73,4,885,0,0,42,0,42,605,203,115,4,927,16,0,16,943
12/07/2006,BWI,MD,AEA,EN,Towers with Radar,582,203,58,0,843,0,6,19,0,25,582,209,77,0,868,6,0,6,874
12/08/2006,BWI,MD,AEA,EN,Towers with Radar,599,201,71,1,872,0,0,20,0,20,599,201,91,1,892,12,0,12,904
12/09/2006,BWI,MD,AEA,EN,Towers with Radar,521,141,51,0,713,0,0,49,0,49,521,141,100,0,762,32,0,32,794
12/10/2006,BWI,MD,AEA,EN,Towers with Radar,537,148,71,10,766,0,0,42,0,42,537,148,113,10,808,28,0,28,836
12/11/2006,BWI,MD,AEA,EN,Towers with Radar,586,165,61,3,815,0,0,41,0,41,586,165,102,3,856,20,0,20,876
12/12/2006,BWI,MD,AEA,EN,Towers with Radar,593,208,71,6,878,0,0,32,0,32,593,208,103,6,910,0,0,0,910
12/13/2006,BWI,MD,AEA,EN,Towers with Radar,603,207,74,12,896,0,0,14,0,14,603,207,88,12,910,0,0,0,910
12/14/2006,BWI,MD,AEA,EN,Towers with Radar,570,100,57,5,732,0,0,3,0,3,570,100,60,5,735,0,0,0,735
12/15/2006,BWI,MD,AEA,EN,Towers with Radar,612,142,59,4,817,0,0,26,0,26,612,142,85,4,843,18,0,18,861
12/16/2006,BWI,MD,AEA,EN,Towers with Radar,512,137,37,5,691,0,0,17,0,17,512,137,54,5,708,0,0,0,708
12/17/2006,BWI,MD,AEA,EN,Towers with Radar,529,128,26,0,683,0,0,27,0,27,529,128,53,0,710,4,0,4,714
12/18/2006,BWI,MD,AEA,EN,Towers with Radar,585,167,40,1,793,0,0,38,0,38,585,167,78,1,831,20,0,20,851
12/19/2006,BWI,MD,AEA,EN,Towers with Radar,600,190,63,1,854,0,0,40,0,40,600,190,103,1,894,6,0,6,900
12/20/2006,BWI,MD,AEA,EN,Towers with Radar,602,186,57,2,847,0,0,32,0,32,602,186,89,2,879,14,0,14,893
12/21/2006,BWI,MD,AEA,EN,Towers with Radar,592,200,52,2,846,0,0,34,0,34,592,200,86,2,880,18,0,18,898
12/22/2006,BWI,MD,AEA,EN,Towers with Radar,580,177,44,5,806,0,0,0,0,0,580,177,44,5,806,0,0,0,806
12/23/2006,BWI,MD,AEA,EN,Towers with Radar,537,138,42,0,717,0,0,18,0,18,537,138,60,0,735,4,0,4,739
12/24/2006,BWI,MD,AEA,EN,Towers with Radar,464,106,17,0,587,0,0,15,0,15,464,106,32,0,602,0,0,0,602
12/25/2006,BWI,MD,AEA,EN,Towers with Radar,445,100,9,0,554,0,0,0,0,0,445,100,9,0,554,0,0,0,554
12/26/2006,BWI,MD,AEA,EN,Towers with Radar,550,145,27,2,724,0,0,1,0,1,550,145,28,2,725,0,0,0,725
12/27/2006,BWI,MD,AEA,EN,Towers with Radar,585,189,37,2,813,0,0,36,0,36,585,189,73,2,849,16,0,16,865
12/28/2006,BWI,MD,AEA,EN,Towers with Radar,593,178,46,0,817,0,0,47,0,47,593,178,93,0,864,28,0,28,892
12/29/2006,BWI,MD,AEA,EN,Towers with Radar,568,165,30,0,763,0,0,27,0,27,568,165,57,0,790,14,0,14,804
12/30/2006,BWI,MD,AEA,EN,Towers with Radar,550,148,48,0,746,0,0,20,0,20,550,148,68,0,766,20,0,20,786
12/31/2006,BWI,MD,AEA,EN,Towers with Radar,478,105,29,0,612,0,0,14,0,14,478,105,43,0,626,16,0,16,642
01/01/2007,BWI,MD,AEA,EN,Towers with Radar,462,107,19,0,588,0,0,0,0,0,462,107,19,0,588,0,0,0,588
01/02/2007,BWI,MD,AEA,EN,Towers with Radar,568,151,55,4,778,0,0,16,0,16,568,151,71,4,794,0,0,0,794
01/03/2007,BWI,MD,AEA,EN,Towers with Radar,590,192,42,2,826,0,0,32,0,32,590,192,74,2,858,18,0,18,876
01/04/2007,BWI,MD,AEA,EN,Towers with Radar,580,174,42,1,797,0,0,32,0,32,580,174,74,1,829,4,0,4,833
01/05/2007,BWI,MD,AEA,EN,Towers with Radar,566,162,37,0,765,0,0,0,0,0,566,162,37,0,765,0,0,0,765
01/06/2007,BWI,MD,AEA,EN,Towers with Radar,479,125,36,0,640,0,0,11,0,11,479,125,47,0,651,0,0,0,651
01/07/2007,BWI,MD,AEA,EN,Towers with Radar,499,137,29,0,665,0,0,18,0,18,499,137,47,0,683,10,0,10,693
01/08/2007,BWI,MD,AEA,EN,Towers with Radar,566,142,36,1,745,0,0,0,0,0,566,142,36,1,745,0,0,0,745
01/09/2007,BWI,MD,AEA,EN,Towers with Radar,557,176,48,1,782,0,0,13,0,13,557,176,61,1,795,26,0,26,821
01/10/2007,BWI,MD,AEA,EN,Towers with Radar,570,184,62,0,816,0,0,26,0,26,570,184,88,0,842,30,0,30,872
01/11/2007,BWI,MD,AEA,EN,Towers with Radar,576,201,65,1,843,0,0,37,0,37,576,201,102,1,880,10,0,10,890
01/12/2007,BWI,MD,AEA,EN,Towers with Radar,568,191,57,5,821,0,0,16,0,16,568,191,73,5,837,0,0,0,837
01/13/2007,BWI,MD,AEA,EN,Towers with Radar,470,134,33,5,642,0,0,7,0,7,470,134,40,5,649,6,0,6,655
01/14/2007,BWI,MD,AEA,EN,Towers with Radar,506,118,22,0,646,0,0,16,0,16,506,118,38,0,662,24,0,24,686
01/15/2007,BWI,MD,AEA,EN,Towers with Radar,549,125,43,1,718,0,0,16,0,16,549,125,59,1,734,0,0,0,734
01/16/2007,BWI,MD,AEA,EN,Towers with Radar,574,174,62,1,811,0,0,18,0,18,574,174,80,1,829,14,0,14,843
01/17/2007,BWI,MD,AEA,EN,Towers with Radar,572,188,77,4,841,0,0,42,0,42,572,188,119,4,883,34,0,34,917
01/18/2007,BWI,MD,AEA,EN,Towers with Radar,570,183,58,2,813,0,0,18,0,18,570,183,76,2,831,0,0,0,831
01/19/2007,BWI,MD,AEA,EN,Towers with Radar,576,184,45,0,805,0,0,5,0,5,576,184,50,0,810,8,0,8,818
01/20/2007,BWI,MD,AEA,EN,Towers with Radar,482,132,20,0,634,0,0,3,0,3,482,132,23,0,637,0,0,0,637
01/21/2007,BWI,MD,AEA,EN,Towers with Radar,479,107,38,0,624,0,0,7,0,7,479,107,45,0,631,0,0,0,631
01/22/2007,BWI,MD,AEA,EN,Towers with Radar,582,148,48,2,780,0,0,1,0,1,582,148,49,2,781,0,0,0,781
01/23/2007,BWI,MD,AEA,EN,Towers with Radar,577,192,51,0,820,0,0,20,0,20,577,192,71,0,840,6,0,6,846
01/24/2007,BWI,MD,AEA,EN,Towers with Radar,579,185,56,8,828,0,0,25,0,25,579,185,81,8,853,8,0,8,861
01/25/2007,BWI,MD,AEA,EN,Towers with Radar,555,187,81,2,825,0,0,18,0,18,555,187,99,2,843,0,0,0,843
01/26/2007,BWI,MD,AEA,EN,Towers with Radar,589,170,58,3,820,0,0,25,0,25,589,170,83,3,845,0,0,0,845
01/27/2007,BWI,MD,AEA,EN,Towers with Radar,473,139,38,2,652,0,0,38,0,38,473,139,76,2,690,2,0,2,692
01/28/2007,BWI,MD,AEA,EN,Towers with Radar,496,123,29,0,648,0,0,4,0,4,496,123,33,0,652,0,0,0,652
01/29/2007,BWI,MD,AEA,EN,Towers with Radar,564,152,47,1,764,0,0,24,0,24,564,152,71,1,788,0,0,0,788
01/30/2007,BWI,MD,AEA,EN,Towers with Radar,570,178,52,0,800,0,0,24,0,24,570,178,76,0,824,4,0,4,828
01/31/2007,BWI,MD,AEA,EN,Towers with Radar,566,187,57,1,811,0,0,39,0,39,566,187,96,1,850,14,0,14,864
02/01/2007,BWI,MD,AEA,EN,Towers with Radar,577,190,58,2,827,0,0,15,0,15,577,190,73,2,842,10,0,10,852
02/02/2007,BWI,MD,AEA,EN,Towers with Radar,563,181,36,2,782,0,0,0,0,0,563,181,36,2,782,0,0,0,782
02/03/2007,BWI,MD,AEA,EN,Towers with Radar,478,129,28,0,635,0,0,21,0,21,478,129,49,0,656,8,0,8,664
02/04/2007,BWI,MD,AEA,EN,Towers with Radar,498,117,19,0,634,0,0,24,0,24,498,117,43,0,658,8,0,8,666
02/05/2007,BWI,MD,AEA,EN,Towers with Radar,545,130,59,0,734,0,0,12,0,12,545,130,71,0,746,2,0,2,748
02/06/2007,BWI,MD,AEA,EN,Towers with Radar,571,177,70,0,818,0,0,13,0,13,571,177,83,0,831,0,0,0,831
02/07/2007,BWI,MD,AEA,EN,Towers with Radar,562,200,48,1,811,0,0,15,0,15,562,200,63,1,826,6,0,6,832
02/08/2007,BWI,MD,AEA,EN,Towers with Radar,569,183,64,4,820,0,0,13,0,13,569,183,77,4,833,2,0,2,835
02/09/2007,BWI,MD,AEA,EN,Towers with Radar,565,175,44,1,785,0,0,32,0,32,565,175,76,1,817,12,0,12,829
02/10/2007,BWI,MD,AEA,EN,Towers with Radar,480,130,21,0,631,0,0,27,0,27,480,130,48,0,658,4,0,4,662
02/11/2007,BWI,MD,AEA,EN,Towers with Radar,496,125,36,0,657,0,0,17,0,17,496,125,53,0,674,22,0,22,696
02/12/2007,BWI,MD,AEA,EN,Towers with Radar,548,143,54,5,750,0,0,24,0,24,548,143,78,5,774,0,0,0,774
02/13/2007,BWI,MD,AEA,EN,Towers with Radar,359,114,23,2,498,0,0,0,0,0,359,114,23,2,498,0,0,0,498
02/14/2007,BWI,MD,AEA,EN,Towers with Radar,319,79,34,1,433,0,0,0,0,0,319,79,34,1,433,0,0,0,433
02/15/2007,BWI,MD,AEA,EN,Towers with Radar,561,155,53,1,770,0,0,0,0,0,561,155,53,1,770,0,0,0,770
02/16/2007,BWI,MD,AEA,EN,Towers with Radar,601,169,70,1,841,0,0,17,0,17,601,169,87,1,858,6,0,6,864
02/17/2007,BWI,MD,AEA,EN,Towers with Radar,488,121,35,0,644,0,0,39,2,41,488,121,74,2,685,10,2,12,697
02/18/2007,BWI,MD,AEA,EN,Towers with Radar,501,115,34,0,650,0,0,2,0,2,501,115,36,0,652,0,0,0,652
02/19/2007,BWI,MD,AEA,EN,Towers with Radar,570,143,32,0,745,0,0,34,0,34,570,143,66,0,779,8,0,8,787
02/20/2007,BWI,MD,AEA,EN,Towers with Radar,574,174,44,5,797,0,0,29,0,29,574,174,73,5,826,30,0,30,856
02/21/2007,BWI,MD,AEA,EN,Towers with Radar,545,193,60,0,798,0,0,41,0,41,545,193,101,0,839,30,0,30,869
02/22/2007,BWI,MD,AEA,EN,Towers with Radar,574,183,70,3,830,0,0,6,0,6,574,183,76,3,836,0,0,0,836
02/23/2007,BWI,MD,AEA,EN,Towers with Radar,571,190,47,3,811,0,0,5,0,5,571,190,52,3,816,0,0,0,816
02/24/2007,BWI,MD,AEA,EN,Towers with Radar,483,136,37,1,657,0,0,30,0,30,483,136,67,1,687,8,0,8,695
02/25/2007,BWI,MD,AEA,EN,Towers with Radar,435,83,27,0,545,0,0,2,0,2,435,83,29,0,547,0,0,0,547
02/26/2007,BWI,MD,AEA,EN,Towers with Radar,585,145,42,5,777,0,0,5,0,5,585,145,47,5,782,0,0,0,782
02/27/2007,BWI,MD,AEA,EN,Towers with Radar,592,211,74,1,878,0,0,32,0,32,592,211,106,1,910,16,0,16,926
02/28/2007,BWI,MD,AEA,EN,Towers with Radar,569,191,62,3,825,0,0,46,0,46,569,191,108,3,871,0,0,0,871
03/01/2007,BWI,MD,AEA,EN,Towers with Radar,568,174,65,2,809,0,0,33,0,33,568,174,98,2,842,26,0,26,868
03/02/2007,BWI,MD,AEA,EN,Towers with Radar,575,164,64,1,804,0,0,8,0,8,575,164,72,1,812,0,0,0,812
03/03/2007,BWI,MD,AEA,EN,Towers with Radar,483,131,51,0,665,0,0,20,0,20,483,131,71,0,685,18,0,18,703
03/04/2007,BWI,MD,AEA,EN,Towers with Radar,510,110,43,2,665,0,0,7,0,7,510,110,50,2,672,8,0,8,680
03/05/2007,BWI,MD,AEA,EN,Towers with Radar,555,153,48,5,761,0,0,5,0,5,555,153,53,5,766,0,0,0,766
03/06/2007,BWI,MD,AEA,EN,Towers with Radar,585,176,41,3,805,0,0,12,0,12,585,176,53,3,817,0,0,0,817
03/07/2007,BWI,MD,AEA,EN,Towers with Radar,571,180,40,3,794,0,0,0,0,0,571,180,40,3,794,0,0,0,794
03/08/2007,BWI,MD,AEA,EN,Towers with Radar,586,198,92,6,882,0,0,32,0,32,586,198,124,6,914,34,0,34,948
03/09/2007,BWI,MD,AEA,EN,Towers with Radar,579,196,87,4,866,0,0,42,0,42,579,196,129,4,908,12,0,12,920
03/10/2007,BWI,MD,AEA,EN,Towers with Radar,493,129,27,0,649,0,0,31,0,31,493,129,58,0,680,12,0,12,692
03/11/2007,BWI,MD,AEA,EN,Towers with Radar,527,129,40,0,696,0,0,25,0,25,527,129,65,0,721,48,0,48,769
03/12/2007,BWI,MD,AEA,EN,Towers with Radar,584,159,46,1,790,0,0,25,0,25,584,159,71,1,815,15,0,15,830
03/13/2007,BWI,MD,AEA,EN,Towers with Radar,597,191,37,4,829,0,0,29,0,29,597,191,66,4,858,2,0,2,860
03/14/2007,BWI,MD,AEA,EN,Towers with Radar,590,192,46,4,832,0,0,24,0,24,590,192,70,4,856,0,0,0,856
03/15/2007,BWI,MD,AEA,EN,Towers with Radar,607,180,46,2,835,0,0,13,0,13,607,180,59,2,848,0,0,0,848
03/16/2007,BWI,MD,AEA,EN,Towers with Radar,408,122,42,0,572,0,0,0,0,0,408,122,42,0,572,0,0,0,572
03/17/2007,BWI,MD,AEA,EN,Towers with Radar,443,101,44,0,588,0,0,13,0,13,443,101,57,0,601,0,0,0,601
03/18/2007,BWI,MD,AEA,EN,Towers with Radar,568,123,51,0,742,0,0,8,0,8,568,123,59,0,750,0,0,0,750
03/19/2007,BWI,MD,AEA,EN,Towers with Radar,586,165,51,3,805,0,0,24,0,24,586,165,75,3,829,0,0,0,829
03/20/2007,BWI,MD,AEA,EN,Towers with Radar,595,190,66,3,854,0,0,57,0,57,595,190,123,3,911,35,0,35,946
03/21/2007,BWI,MD,AEA,EN,Towers with Radar,617,185,46,3,851,0,0,44,0,44,617,185,90,3,895,10,0,10,905
03/22/2007,BWI,MD,AEA,EN,Towers with Radar,598,183,74,2,857,0,0,28,0,28,598,183,102,2,885,9,0,9,894
03/23/2007,BWI,MD,AEA,EN,Towers with Radar,600,175,79,2,856,0,0,24,0,24,600,175,103,2,880,22,0,22,902
03/24/2007,BWI,MD,AEA,EN,Towers with Radar,516,119,30,0,665,0,0,1,0,1,516,119,31,0,666,0,0,0,666
03/25/2007,BWI,MD,AEA,EN,Towers with Radar,534,121,42,3,700,0,0,34,0,34,534,121,76,3,734,44,0,44,778
03/26/2007,BWI,MD,AEA,EN,Towers with Radar,562,166,64,4,796,0,0,26,0,26,562,166,90,4,822,60,0,60,882
03/27/2007,BWI,MD,AEA,EN,Towers with Radar,590,187,48,5,830,0,0,51,0,51,590,187,99,5,881,18,0,18,899
03/28/2007,BWI,MD,AEA,EN,Towers with Radar,594,190,72,2,858,0,0,39,0,39,594,190,111,2,897,40,0,40,937
03/29/2007,BWI,MD,AEA,EN,Towers with Radar,590,196,67,0,853,0,0,69,0,69,590,196,136,0,922,10,0,10,932
03/30/2007,BWI,MD,AEA,EN,Towers with Radar,597,194,68,1,860,0,0,55,0,55,597,194,123,1,915,4,0,4,919
03/31/2007,BWI,MD,AEA,EN,Towers with Radar,503,140,36,1,680,0,0,47,0,47,503,140,83,1,727,8,0,8,735
04/01/2007,BWI,MD,AEA,EN,Towers with Radar,530,110,49,0,689,0,0,31,0,31,530,110,80,0,720,38,0,38,758
04/02/2007,BWI,MD,AEA,EN,Towers with Radar,581,146,58,2,787,0,0,31,2,33,581,146,89,4,820,2,0,2,822
04/03/2007,BWI,MD,AEA,EN,Towers with Radar,588,181,49,1,819,0,0,26,2,28,588,181,75,3,847,20,0,20,867
04/04/2007,BWI,MD,AEA,EN,Towers with Radar,590,184,68,2,844,0,0,1,0,1,590,184,69,2,845,0,0,0,845
04/05/2007,BWI,MD,AEA,EN,Towers with Radar,604,203,69,6,882,0,0,26,1,27,604,203,95,7,909,0,0,0,909
04/06/2007,BWI,MD,AEA,EN,Towers with Radar,594,190,55,0,839,0,0,29,0,29,594,190,84,0,868,13,0,13,881
04/07/2007,BWI,MD,AEA,EN,Towers with Radar,511,126,22,0,659,0,0,1,0,1,511,126,23,0,660,0,0,0,660
04/08/2007,BWI,MD,AEA,EN,Towers with Radar,559,120,30,0,709,0,0,14,0,14,559,120,44,0,723,2,0,2,725
04/09/2007,BWI,MD,AEA,EN,Towers with Radar,569,163,44,3,779,0,0,28,0,28,569,163,72,3,807,34,0,34,841
04/10/2007,BWI,MD,AEA,EN,Towers with Radar,596,190,66,1,853,0,0,55,1,56,596,190,121,2,909,10,0,10,919
04/11/2007,BWI,MD,AEA,EN,Towers with Radar,577,192,64,5,838,0,0,40,0,40,577,192,104,5,878,0,0,0,878
04/12/2007,BWI,MD,AEA,EN,Towers with Radar,623,176,49,7,855,0,0,11,2,13,623,176,60,9,868,0,0,0,868
04/13/2007,BWI,MD,AEA,EN,Towers with Radar,589,189,62,1,841,0,0,11,0,11,589,189,73,1,852,0,0,0,852
04/14/2007,BWI,MD,AEA,EN,Towers with Radar,511,140,44,0,695,0,0,38,0,38,511,140,82,0,733,26,0,26,759
04/15/2007,BWI,MD,AEA,EN,Towers with Radar,540,84,32,0,656,0,0,0,0,0,540,84,32,0,656,2,0,2,658
04/16/2007,BWI,MD,AEA,EN,Towers with Radar,629,143,50,1,823,0,0,0,0,0,629,143,50,1,823,0,0,0,823
04/17/2007,BWI,MD,AEA,EN,Towers with Radar,599,190,71,2,862,0,0,10,0,10,599,190,81,2,872,0,0,0,872
04/18/2007,BWI,MD,AEA,EN,Towers with Radar,580,202,65,14,861,0,0,27,1,28,580,202,92,15,889,14,0,14,903
04/19/2007,BWI,MD,AEA,EN,Towers with Radar,601,202,69,2,874,0,0,27,0,27,601,202,96,2,901,0,0,0,901
04/20/2007,BWI,MD,AEA,EN,Towers with Radar,595,188,91,4,878,0,0,58,1,59,595,188,149,5,937,4,0,4,941
04/21/2007,BWI,MD,AEA,EN,Towers with Radar,515,133,36,2,686,0,0,50,0,50,515,133,86,2,736,30,0,30,766
04/22/2007,BWI,MD,AEA,EN,Towers with Radar,546,115,31,0,692,0,0,50,0,50,546,115,81,0,742,17,0,17,759
04/23/2007,BWI,MD,AEA,EN,Towers with Radar,588,156,63,2,809,0,0,43,5,48,588,156,106,7,857,13,0,13,870
04/24/2007,BWI,MD,AEA,EN,Towers with Radar,585,182,64,1,832,0,0,30,1,31,585,182,94,2,863,16,0,16,879
04/25/2007,BWI,MD,AEA,EN,Towers with Radar,584,192,53,8,837,0,0,30,0,30,584,192,83,8,867,0,0,0,867
04/26/2007,BWI,MD,AEA,EN,Towers with Radar,597,183,79,0,859,0,0,15,0,15,597,183,94,0,874,18,0,18,892
04/27/2007,BWI,MD,AEA,EN,Towers with Radar,579,191,53,4,827,0,0,1,0,1,579,191,54,4,828,2,0,2,830
04/28/2007,BWI,MD,AEA,EN,Towers with Radar,582,131,42,0,755,0,0,65,1,66,582,131,107,1,821,18,0,18,839
04/29/2007,BWI,MD,AEA,EN,Towers with Radar,537,129,57,0,723,0,0,40,0,40,537,129,97,0,763,12,0,12,775
04/30/2007,BWI,MD,AEA,EN,Towers with Radar,575,147,50,0,772,0,0,39,0,39,575,147,89,0,811,12,0,12,823
05/01/2007,BWI,MD,AEA,EN,Towers with Radar,585,175,58,1,819,0,0,31,0,31,585,175,89,1,850,0,0,0,850
05/02/2007,BWI,MD,AEA,EN,Towers with Radar,606,180,83,1,870,0,0,33,0,33,606,180,116,1,903,0,0,0,903
05/03/2007,BWI,MD,AEA,EN,Towers with Radar,609,186,84,0,879,0,0,54,0,54,609,186,138,0,933,20,0,20,953
05/04/2007,BWI,MD,AEA,EN,Towers with Radar,598,170,82,0,850,0,0,73,0,73,598,170,155,0,923,16,0,16,939
05/05/2007,BWI,MD,AEA,EN,Towers with Radar,516,129,39,0,684,0,0,47,0,47,516,129,86,0,731,2,0,2,733
05/06/2007,BWI,MD,AEA,EN,Towers with Radar,519,108,51,1,679,0,0,24,0,24,519,108,75,1,703,0,0,0,703
05/07/2007,BWI,MD,AEA,EN,Towers with Radar,538,110,52,0,700,0,0,29,0,29,538,110,81,0,729,6,0,6,735
05/08/2007,BWI,MD,AEA,EN,Towers with Radar,628,187,57,2,874,0,2,42,0,44,628,189,99,2,918,28,0,28,946
05/09/2007,BWI,MD,AEA,EN,Towers with Radar,618,186,74,0,878,0,0,1,0,1,618,186,75,0,879,2,0,2,881
05/10/2007,BWI,MD,AEA,EN,Towers with Radar,602,183,53,1,839,0,0,13,0,13,602,183,66,1,852,0,0,0,852
05/11/2007,BWI,MD,AEA,EN,Towers with Radar,625,194,61,2,882,0,0,34,0,34,625,194,95,2,916,26,0,26,942
05/12/2007,BWI,MD,AEA,EN,Towers with Radar,535,130,41,1,707,0,0,32,0,32,535,130,73,1,739,0,0,0,739
05/13/2007,BWI,MD,AEA,EN,Towers with Radar,548,128,32,0,708,0,0,17,0,17,548,128,49,0,725,0,0,0,725
05/14/2007,BWI,MD,AEA,EN,Towers with Radar,592,142,55,1,790,0,0,25,1,26,592,142,80,2,816,0,0,0,816
05/15/2007,BWI,MD,AEA,EN,Towers with Radar,607,174,74,3,858,0,0,28,0,28,607,174,102,3,886,8,0,8,894
05/16/2007,BWI,MD,AEA,EN,Towers with Radar,571,175,82,3,831,0,0,15,0,15,571,175,97,3,846,0,0,0,846
05/17/2007,BWI,MD,AEA,EN,Towers with Radar,664,200,84,6,954,0,1,37,0,38,664,201,121,6,992,44,0,44,1036
05/18/2007,BWI,MD,AEA,EN,Towers with Radar,586,192,72,6,856,0,0,11,0,11,586,192,83,6,867,4,0,4,871
05/19/2007,BWI,MD,AEA,EN,Towers with Radar,571,141,54,7,773,0,0,15,2,17,571,141,69,9,790,0,0,0,790
05/20/2007,BWI,MD,AEA,EN,Towers with Radar,548,131,41,3,723,0,0,18,3,21,548,131,59,6,744,0,0,0,744
05/21/2007,BWI,MD,AEA,EN,Towers with Radar,592,156,83,6,837,0,0,28,1,29,592,156,111,7,866,2,0,2,868
05/22/2007,BWI,MD,AEA,EN,Towers with Radar,601,214,81,4,900,0,1,22,0,23,601,215,103,4,923,4,0,4,927
05/23/2007,BWI,MD,AEA,EN,Towers with Radar,600,192,67,6,865,0,0,27,0,27,600,192,94,6,892,4,0,4,896
05/24/2007,BWI,MD,AEA,EN,Towers with Radar,618,193,92,0,903,0,0,29,0,29,618,193,121,0,932,2,2,4,936
05/25/2007,BWI,MD,AEA,EN,Towers with Radar,617,193,68,1,879,0,0,30,1,31,617,193,98,2,910,2,0,2,912
05/26/2007,BWI,MD,AEA,EN,Towers with Radar,548,144,52,1,745,0,0,21,0,21,548,144,73,1,766,14,0,14,780
05/27/2007,BWI,MD,AEA,EN,Towers with Radar,465,113,34,3,615,0,0,23,0,23,465,113,57,3,638,0,0,0,638
05/28/2007,BWI,MD,AEA,EN,Towers with Radar,561,156,54,1,772,0,0,31,1,32,561,156,85,2,804,8,0,8,812
05/29/2007,BWI,MD,AEA,EN,Towers with Radar,601,160,59,1,821,0,0,37,0,37,601,160,96,1,858,16,0,16,874
05/30/2007,BWI,MD,AEA,EN,Towers with Radar,585,195,66,2,848,0,1,32,0,33,585,196,98,2,881,12,0,12,893
05/31/2007,BWI,MD,AEA,EN,Towers with Radar,609,182,73,0,864,0,0,26,0,26,609,182,99,0,890,10,0,10,900
06/01/2007,BWI,MD,AEA,EN,Towers with Radar,608,133,49,3,793,0,0,83,1,84,608,133,132,4,877,4,0,4,881
06/02/2007,BWI,MD,AEA,EN,Towers with Radar,537,121,28,1,687,10,8,35,0,53,547,129,63,1,740,0,0,0,740
06/03/2007,BWI,MD,AEA,EN,Towers with Radar,536,104,33,0,673,0,0,10,0,10,536,104,43,0,683,0,0,0,683
06/04/2007,BWI,MD,AEA,EN,Towers with Radar,607,156,47,2,812,0,0,4,0,4,607,156,51,2,816,0,0,0,816
06/05/2007,BWI,MD,AEA,EN,Towers with Radar,603,177,66,3,849,0,0,16,0,16,603,177,82,3,865,0,0,0,865
06/06/2007,BWI,MD,AEA,EN,Towers with Radar,614,187,60,1,862,0,0,35,0,35,614,187,95,1,897,0,0,0,897
06/07/2007,BWI,MD,AEA,EN,Towers with Radar,616,191,73,1,881,0,0,27,0,27,616,191,100,1,908,0,0,0,908
06/08/2007,BWI,MD,AEA,EN,Towers with Radar,520,144,52,0,716,0,0,24,0,24,520,144,76,0,740,6,0,6,746
06/09/2007,BWI,MD,AEA,EN,Towers with Radar,578,124,30,0,732,48,9,47,0,104,626,133,77,0,836,6,0,6,842
06/10/2007,BWI,MD,AEA,EN,Towers with Radar,575,137,69,0,781,0,0,12,0,12,575,137,81,0,793,4,0,4,797
06/11/2007,BWI,MD,AEA,EN,Towers with Radar,605,158,67,2,832,0,0,21,0,21,605,158,88,2,853,0,0,0,853
06/12/2007,BWI,MD,AEA,EN,Towers with Radar,580,154,52,3,789,0,0,15,0,15,580,154,67,3,804,0,0,0,804
06/13/2007,BWI,MD,AEA,EN,Towers with Radar,626,181,95,2,904,0,0,12,0,12,626,181,107,2,916,0,0,0,916
06/14/2007,BWI,MD,AEA,EN,Towers with Radar,634,203,91,3,931,0,2,18,0,20,634,205,109,3,951,0,0,0,951
06/15/2007,BWI,MD,AEA,EN,Towers with Radar,615,185,63,1,864,0,0,30,0,30,615,185,93,1,894,0,0,0,894
06/16/2007,BWI,MD,AEA,EN,Towers with Radar,559,114,26,0,699,0,0,31,0,31,559,114,57,0,730,28,0,28,758
06/17/2007,BWI,MD,AEA,EN,Towers with Radar,566,125,51,0,742,0,1,20,0,21,566,126,71,0,763,0,0,0,763
06/18/2007,BWI,MD,AEA,EN,Towers with Radar,607,143,48,1,799,0,0,27,0,27,607,143,75,1,826,0,0,0,826
06/19/2007,BWI,MD,AEA,EN,Towers with Radar,584,159,71,1,815,0,0,15,0,15,584,159,86,1,830,0,0,0,830
06/20/2007,BWI,MD,AEA,EN,Towers with Radar,642,178,72,5,897,0,0,20,0,20,642,178,92,5,917,16,0,16,933
06/21/2007,BWI,MD,AEA,EN,Towers with Radar,628,182,102,2,914,0,1,17,0,18,628,183,119,2,932,12,0,12,944
06/22/2007,BWI,MD,AEA,EN,Towers with Radar,618,174,60,1,853,0,0,28,0,28,618,174,88,1,881,6,0,6,887
06/23/2007,BWI,MD,AEA,EN,Towers with Radar,548,124,41,0,713,0,0,26,0,26,548,124,67,0,739,8,0,8,747
06/24/2007,BWI,MD,AEA,EN,Towers with Radar,571,117,51,0,739,0,0,22,0,22,571,117,73,0,761,0,0,0,761
06/25/2007,BWI,MD,AEA,EN,Towers with Radar,601,148,62,1,812,0,2,6,0,8,601,150,68,1,820,14,4,18,838
06/26/2007,BWI,MD,AEA,EN,Towers with Radar,613,183,68,5,869,0,3,19,0,22,613,186,87,5,891,14,0,14,905
06/27/2007,BWI,MD,AEA,EN,Towers with Radar,590,161,64,0,815,0,0,19,0,19,590,161,83,0,834,12,0,12,846
06/28/2007,BWI,MD,AEA,EN,Towers with Radar,650,181,64,2,897,0,0,11,0,11,650,181,75,2,908,0,0,0,908
06/29/2007,BWI,MD,AEA,EN,Towers with Radar,665,190,65,4,924,0,0,7,0,7,665,190,72,4,931,0,0,0,931
06/30/2007,BWI,MD,AEA,EN,Towers with Radar,553,114,35,1,703,0,0,23,0,23,553,114,58,1,726,0,0,0,726
07/01/2007,BWI,MD,AEA,EN,Towers with Radar,580,124,58,0,762,0,0,37,1,38,580,124,95,1,800,18,0,18,818
07/02/2007,BWI,MD,AEA,EN,Towers with Radar,604,141,40,1,786,0,0,36,0,36,604,141,76,1,822,0,0,0,822
07/03/2007,BWI,MD,AEA,EN,Towers with Radar,604,160,62,3,829,0,0,32,0,32,604,160,94,3,861,28,0,28,889
07/04/2007,BWI,MD,AEA,EN,Towers with Radar,539,113,23,0,675,0,0,12,0,12,539,113,35,0,687,0,0,0,687
07/05/2007,BWI,MD,AEA,EN,Towers with Radar,597,134,60,0,791,0,0,8,0,8,597,134,68,0,799,0,0,0,799
07/06/2007,BWI,MD,AEA,EN,Towers with Radar,608,161,61,2,832,0,0,35,2,37,608,161,96,4,869,0,0,0,869
07/07/2007,BWI,MD,AEA,EN,Towers with Radar,551,116,16,2,685,0,0,43,0,43,551,116,59,2,728,8,0,8,736
07/08/2007,BWI,MD,AEA,EN,Towers with Radar,432,98,31,0,561,0,0,12,0,12,432,98,43,0,573,14,0,14,587
07/09/2007,BWI,MD,AEA,EN,Towers with Radar,596,128,45,1,770,0,0,13,0,13,596,128,58,1,783,28,0,28,811
07/10/2007,BWI,MD,AEA,EN,Towers with Radar,591,130,55,1,777,0,0,11,0,11,591,130,66,1,788,40,0,40,828
07/11/2007,BWI,MD,AEA,EN,Towers with Radar,651,153,74,2,880,1,0,6,0,7,652,153,80,2,887,0,0,0,887
07/12/2007,BWI,MD,AEA,EN,Towers with Radar,624,186,104,3,917,0,0,28,0,28,624,186,132,3,945,0,0,0,945
07/13/2007,BWI,MD,AEA,EN,Towers with Radar,619,162,76,2,859,0,1,28,2,31,619,163,104,4,890,0,0,0,890
07/14/2007,BWI,MD,AEA,EN,Towers with Radar,553,113,49,1,716,0,0,33,0,33,553,113,82,1,749,0,0,0,749
07/15/2007,BWI,MD,AEA,EN,Towers with Radar,567,113,66,1,747,0,0,22,0,22,567,113,88,1,769,0,0,0,769
07/16/2007,BWI,MD,AEA,EN,Towers with Radar,613,144,68,0,825,0,0,11,0,11,613,144,79,0,836,0,0,0,836
07/17/2007,BWI,MD,AEA,EN,Towers with Radar,615,186,73,1,875,0,0,27,0,27,615,186,100,1,902,14,0,14,916
07/18/2007,BWI,MD,AEA,EN,Towers with Radar,635,160,82,1,878,0,0,22,0,22,635,160,104,1,900,0,0,0,900
07/19/2007,BWI,MD,AEA,EN,Towers with Radar,626,150,79,2,857,0,0,16,3,19,626,150,95,5,876,14,0,14,890
07/20/2007,BWI,MD,AEA,EN,Towers with Radar,635,164,57,0,856,0,0,21,0,21,635,164,78,0,877,4,2,6,883
07/21/2007,BWI,MD,AEA,EN,Towers with Radar,549,110,43,0,702,0,0,29,0,29,549,110,72,0,731,8,0,8,739
07/22/2007,BWI,MD,AEA,EN,Towers with Radar,564,117,60,1,742,0,0,35,0,35,564,117,95,1,777,20,0,20,797
07/23/2007,BWI,MD,AEA,EN,Towers with Radar,606,136,58,2,802,0,0,29,2,31,606,136,87,4,833,0,0,0,833
07/24/2007,BWI,MD,AEA,EN,Towers with Radar,618,170,57,2,847,0,0,23,1,24,618,170,80,3,871,0,0,0,871
07/25/2007,BWI,MD,AEA,EN,Towers with Radar,611,185,77,1,874,0,0,19,0,19,611,185,96,1,893,6,0,6,899
07/26/2007,BWI,MD,AEA,EN,Towers with Radar,622,175,57,2,856,0,0,16,0,16,622,175,73,2,872,16,0,16,888
07/27/2007,BWI,MD,AEA,EN,Towers with Radar,607,164,76,1,848,0,0,20,0,20,607,164,96,1,868,0,0,0,868
07/28/2007,BWI,MD,AEA,EN,Towers with Radar,579,119,50,0,748,0,0,24,1,25,579,119,74,1,773,0,0,0,773
07/29/2007,BWI,MD,AEA,EN,Towers with Radar,539,125,51,1,716,0,0,6,0,6,539,125,57,1,722,0,0,0,722
07/30/2007,BWI,MD,AEA,EN,Towers with Radar,630,128,81,0,839,0,0,7,0,7,630,128,88,0,846,0,0,0,846
07/31/2007,BWI,MD,AEA,EN,Towers with Radar,620,176,70,1,867,0,0,29,0,29,620,176,99,1,896,24,0,24,920
08/01/2007,BWI,MD,AEA,EN,Towers with Radar,603,184,51,3,841,0,0,22,2,24,603,184,73,5,865,44,4,48,913
08/02/2007,BWI,MD,AEA,EN,Towers with Radar,628,175,58,2,863,0,0,33,0,33,628,175,91,2,896,14,0,14,910
08/03/2007,BWI,MD,AEA,EN,Towers with Radar,633,149,77,4,863,0,0,25,0,25,633,149,102,4,888,14,0,14,902
08/04/2007,BWI,MD,AEA,EN,Towers with Radar,569,113,32,0,714,0,0,29,0,29,569,113,61,0,743,0,0,0,743
08/05/2007,BWI,MD,AEA,EN,Towers with Radar,568,122,56,1,747,0,0,17,0,17,568,122,73,1,764,4,0,4,768
08/06/2007,BWI,MD,AEA,EN,Towers with Radar,613,146,50,2,811,0,0,3,0,3,613,146,53,2,814,12,0,12,826
08/07/2007,BWI,MD,AEA,EN,Towers with Radar,621,164,57,2,844,0,0,29,0,29,621,164,86,2,873,18,0,18,891
08/08/2007,BWI,MD,AEA,EN,Towers with Radar,627,180,64,3,874,0,0,15,0,15,627,180,79,3,889,28,0,28,917
08/09/2007,BWI,MD,AEA,EN,Towers with Radar,469,130,69,1,669,0,0,24,0,24,469,130,93,1,693,0,0,0,693
08/10/2007,BWI,MD,AEA,EN,Towers with Radar,734,162,72,1,969,0,0,19,0,19,734,162,91,1,988,0,0,0,988
08/11/2007,BWI,MD,AEA,EN,Towers with Radar,556,118,44,0,718,0,0,23,0,23,556,118,67,0,741,0,0,0,741
08/12/2007,BWI,MD,AEA,EN,Towers with Radar,579,136,47,0,762,0,0,41,0,41,579,136,88,0,803,0,0,0,803
08/13/2007,BWI,MD,AEA,EN,Towers with Radar,615,156,47,1,819,0,0,32,0,32,615,156,79,1,851,20,0,20,871
08/14/2007,BWI,MD,AEA,EN,Towers with Radar,629,173,74,5,881,0,0,32,1,33,629,173,106,6,914,48,0,48,962
08/15/2007,BWI,MD,AEA,EN,Towers with Radar,616,182,65,3,866,0,0,42,0,42,616,182,107,3,908,42,0,42,950
08/16/2007,BWI,MD,AEA,EN,Towers with Radar,611,172,83,4,870,0,0,14,0,14,611,172,97,4,884,6,0,6,890
08/17/2007,BWI,MD,AEA,EN,Towers with Radar,646,159,64,2,871,0,0,17,0,17,646,159,81,2,888,0,0,0,888
08/18/2007,BWI,MD,AEA,EN,Towers with Radar,563,121,47,0,731,0,0,29,0,29,563,121,76,0,760,22,0,22,782
08/19/2007,BWI,MD,AEA,EN,Towers with Radar,572,123,41,0,736,0,0,7,0,7,572,123,48,0,743,0,0,0,743
08/20/2007,BWI,MD,AEA,EN,Towers with Radar,609,141,45,1,796,0,0,0,0,0,609,141,45,1,796,0,0,0,796
08/21/2007,BWI,MD,AEA,EN,Towers with Radar,619,174,61,2,856,0,0,0,0,0,619,174,61,2,856,0,0,0,856
08/22/2007,BWI,MD,AEA,EN,Towers with Radar,625,183,62,2,872,0,0,0,0,0,625,183,62,2,872,0,0,0,872
08/23/2007,BWI,MD,AEA,EN,Towers with Radar,607,174,79,3,863,0,0,3,1,4,607,174,82,4,867,0,0,0,867
08/24/2007,BWI,MD,AEA,EN,Towers with Radar,620,162,64,5,851,0,0,15,0,15,620,162,79,5,866,14,2,16,882
08/25/2007,BWI,MD,AEA,EN,Towers with Radar,553,111,30,1,695,0,0,25,0,25,553,111,55,1,720,0,0,0,720
08/26/2007,BWI,MD,AEA,EN,Towers with Radar,584,131,45,0,760,0,0,21,0,21,584,131,66,0,781,38,0,38,819
08/27/2007,BWI,MD,AEA,EN,Towers with Radar,612,142,50,0,804,0,0,38,0,38,612,142,88,0,842,26,0,26,868
08/28/2007,BWI,MD,AEA,EN,Towers with Radar,606,170,62,3,841,0,1,36,0,37,606,171,98,3,878,0,0,0,878
08/29/2007,BWI,MD,AEA,EN,Towers with Radar,603,179,74,2,858,0,0,30,0,30,603,179,104,2,888,18,0,18,906
08/30/2007,BWI,MD,AEA,EN,Towers with Radar,613,170,63,0,846,0,0,32,0,32,613,170,95,0,878,4,0,4,882
08/31/2007,BWI,MD,AEA,EN,Towers with Radar,623,158,54,0,835,0,1,31,0,32,623,159,85,0,867,14,0,14,881
09/01/2007,BWI,MD,AEA,EN,Towers with Radar,511,108,33,1,653,0,0,15,0,15,511,108,48,1,668,0,0,0,668
09/02/2007,BWI,MD,AEA,EN,Towers with Radar,453,98,25,0,576,0,0,20,0,20,453,98,45,0,596,10,0,10,606
09/03/2007,BWI,MD,AEA,EN,Towers with Radar,579,125,50,0,754,0,0,31,0,31,579,125,81,0,785,10,0,10,795
09/04/2007,BWI,MD,AEA,EN,Towers with Radar,607,140,47,1,795,0,0,21,0,21,607,140,68,1,816,18,0,18,834
09/05/2007,BWI,MD,AEA,EN,Towers with Radar,595,171,52,1,819,0,0,42,0,42,595,171,94,1,861,12,0,12,873
09/06/2007,BWI,MD,AEA,EN,Towers with Radar,615,169,83,1,868,0,0,35,1,36,615,169,118,2,904,0,0,0,904
09/07/2007,BWI,MD,AEA,EN,Towers with Radar,617,165,64,0,846,0,1,41,0,42,617,166,105,0,888,6,8,14,902
09/08/2007,BWI,MD,AEA,EN,Towers with Radar,516,116,18,3,653,0,0,41,0,41,516,116,59,3,694,0,0,0,694
09/09/2007,BWI,MD,AEA,EN,Towers with Radar,575,112,58,0,745,0,0,18,0,18,575,112,76,0,763,2,0,2,765
09/10/2007,BWI,MD,AEA,EN,Towers with Radar,594,130,61,1,786,0,0,12,0,12,594,130,73,1,798,0,0,0,798
09/11/2007,BWI,MD,AEA,EN,Towers with Radar,604,167,63,1,835,0,0,0,0,0,604,167,63,1,835,4,0,4,839
09/12/2007,BWI,MD,AEA,EN,Towers with Radar,603,175,54,1,833,0,0,29,0,29,603,175,83,1,862,46,0,46,908
09/13/2007,BWI,MD,AEA,EN,Towers with Radar,609,179,70,0,858,0,2,34,0,36,609,181,104,0,894,14,0,14,908
09/14/2007,BWI,MD,AEA,EN,Towers with Radar,610,159,59,2,830,0,0,20,0,20,610,159,79,2,850,6,0,6,856
09/15/2007,BWI,MD,AEA,EN,Towers with Radar,526,123,40,0,689,0,0,18,0,18,526,123,58,0,707,0,0,0,707
09/16/2007,BWI,MD,AEA,EN,Towers with Radar,569,122,50,1,742,0,0,26,0,26,569,122,76,1,768,0,0,0,768
09/17/2007,BWI,MD,AEA,EN,Towers with Radar,600,160,73,2,835,0,0,27,0,27,600,160,100,2,862,28,0,28,890
09/18/2007,BWI,MD,AEA,EN,Towers with Radar,596,183,92,1,872,0,0,28,0,28,596,183,120,1,900,34,0,34,934
09/19/2007,BWI,MD,AEA,EN,Towers with Radar,604,168,83,4,859,0,2,15,0,17,604,170,98,4,876,12,0,12,888
09/20/2007,BWI,MD,AEA,EN,Towers with Radar,609,173,81,0,863,0,0,22,0,22,609,173,103,0,885,26,0,26,911
09/21/2007,BWI,MD,AEA,EN,Towers with Radar,624,167,69,0,860,0,0,18,0,18,624,167,87,0,878,4,0,4,882
09/22/2007,BWI,MD,AEA,EN,Towers with Radar,529,112,31,0,672,0,0,16,0,16,529,112,47,0,688,0,0,0,688
09/23/2007,BWI,MD,AEA,EN,Towers with Radar,568,135,69,2,774,0,0,34,0,34,568,135,103,2,808,8,2,10,818
09/24/2007,BWI,MD,AEA,EN,Towers with Radar,602,159,51,1,813,0,0,24,1,25,602,159,75,2,838,6,0,6,844
09/25/2007,BWI,MD,AEA,EN,Towers with Radar,608,169,78,3,858,0,0,41,0,41,608,169,119,3,899,38,0,38,937
09/26/2007,BWI,MD,AEA,EN,Towers with Radar,603,177,64,1,845,0,0,15,0,15,603,177,79,1,860,38,0,38,898
09/27/2007,BWI,MD,AEA,EN,Towers with Radar,610,178,89,0,877,0,0,19,0,19,610,178,108,0,896,14,0,14,910
09/28/2007,BWI,MD,AEA,EN,Towers with Radar,624,156,57,1,838,0,0,23,0,23,624,156,80,1,861,0,0,0,861
09/29/2007,BWI,MD,AEA,EN,Towers with Radar,519,118,37,0,674,0,0,24,0,24,519,118,61,0,698,0,0,0,698
09/30/2007,BWI,MD,AEA,EN,Towers with Radar,567,125,56,0,748,0,0,31,0,31,567,125,87,0,779,24,0,24,803
10/01/2007,BWI,MD,AEA,EN,Towers with Radar,605,149,63,0,817,0,1,24,0,25,605,150,87,0,842,22,0,22,914
10/02/2007,BWI,MD,AEA,EN,Towers with Radar,607,181,84,1,873,0,0,22,0,22,607,181,106,1,895,24,0,24,971
10/03/2007,BWI,MD,AEA,EN,Towers with Radar,598,164,60,0,822,0,0,13,0,13,598,164,73,0,835,30,0,30,913
10/04/2007,BWI,MD,AEA,EN,Towers with Radar,605,182,92,1,880,0,0,15,1,16,605,184,107,2,898,40,0,40,981
10/05/2007,BWI,MD,AEA,EN,Towers with Radar,610,154,70,1,835,0,0,4,0,4,610,154,74,1,839,50,0,50,933
10/06/2007,BWI,MD,AEA,EN,Towers with Radar,512,125,54,0,691,0,0,8,1,9,515,128,62,1,706,0,0,0,750
10/07/2007,BWI,MD,AEA,EN,Towers with Radar,534,123,74,0,731,0,0,36,0,36,534,123,110,0,767,28,0,28,838
10/08/2007,BWI,MD,AEA,EN,Towers with Radar,603,136,73,1,813,0,0,19,0,19,603,137,92,1,833,0,0,0,873
10/09/2007,BWI,MD,AEA,EN,Towers with Radar,617,135,79,0,831,0,2,30,0,32,617,137,109,0,863,0,0,0,900
10/10/2007,BWI,MD,AEA,EN,Towers with Radar,604,161,64,0,829,0,0,30,0,30,605,162,94,0,861,26,0,26,931
10/11/2007,BWI,MD,AEA,EN,Towers with Radar,619,156,52,0,827,0,0,11,0,11,622,157,63,0,842,24,0,24,944
10/12/2007,BWI,MD,AEA,EN,Towers with Radar,613,153,60,0,826,0,0,14,0,14,613,153,74,0,840,0,0,0,898
10/13/2007,BWI,MD,AEA,EN,Towers with Radar,499,114,22,0,635,0,0,36,0,36,499,114,58,0,671,20,0,20,757
10/14/2007,BWI,MD,AEA,EN,Towers with Radar,532,130,58,0,720,0,0,31,1,32,532,131,89,1,753,0,0,0,785
10/15/2007,BWI,MD,AEA,EN,Towers with Radar,590,149,49,4,792,0,0,39,0,39,590,149,88,4,831,0,0,0,882
10/16/2007,BWI,MD,AEA,EN,Towers with Radar,601,160,84,0,845,0,0,31,0,31,601,161,115,0,877,0,0,0,929
10/17/2007,BWI,MD,AEA,EN,Towers with Radar,597,172,92,3,864,0,0,18,0,18,597,172,110,3,882,20,0,20,946
10/18/2007,BWI,MD,AEA,EN,Towers with Radar,602,195,68,2,867,0,0,14,1,15,603,195,82,3,883,32,0,32,959
10/19/2007,BWI,MD,AEA,EN,Towers with Radar,621,162,67,1,851,0,0,1,0,1,623,163,68,1,855,0,0,0,883
10/20/2007,BWI,MD,AEA,EN,Towers with Radar,530,134,49,0,713,0,0,15,0,15,530,134,64,0,728,0,0,0,768
10/21/2007,BWI,MD,AEA,EN,Towers with Radar,547,138,63,1,749,0,0,32,0,32,547,138,95,1,781,0,0,0,819
10/22/2007,BWI,MD,AEA,EN,Towers with Radar,596,140,52,3,791,0,0,24,0,24,596,140,76,3,815,0,0,0,867
10/23/2007,BWI,MD,AEA,EN,Towers with Radar,603,159,63,1,826,0,0,5,1,6,603,159,68,2,832,0,0,0,879
10/24/2007,BWI,MD,AEA,EN,Towers with Radar,599,171,46,0,816,0,0,0,0,0,599,172,46,0,817,0,0,0,834
10/25/2007,BWI,MD,AEA,EN,Towers with Radar,612,179,58,3,852,0,0,1,0,1,613,179,59,3,854,0,0,0,863
10/26/2007,BWI,MD,AEA,EN,Towers with Radar,606,162,55,2,825,0,0,0,0,0,607,162,55,2,826,0,0,0,828
10/27/2007,BWI,MD,AEA,EN,Towers with Radar,510,109,42,2,663,0,0,13,0,13,513,111,55,2,681,0,0,0,714
10/28/2007,BWI,MD,AEA,EN,Towers with Radar,531,131,40,0,702,0,0,20,0,20,531,131,60,0,722,38,0,38,793
10/29/2007,BWI,MD,AEA,EN,Towers with Radar,603,129,58,0,790,0,0,36,0,36,603,129,94,0,826,24,0,24,887
10/30/2007,BWI,MD,AEA,EN,Towers with Radar,591,163,52,0,806,0,0,32,0,32,591,164,84,0,839,0,0,0,905
10/31/2007,BWI,MD,AEA,EN,Towers with Radar,581,165,56,0,802,0,0,21,0,21,581,165,77,0,823,0,0,0,885
11/01/2007,BWI,MD,AEA,EN,Towers with Radar,597,170,73,2,842,0,0,17,0,17,598,170,90,2,860,0,0,0,910
11/02/2007,BWI,MD,AEA,EN,Towers with Radar,616,161,47,0,824,0,0,32,0,32,616,161,79,0,856,0,0,0,918
11/03/2007,BWI,MD,AEA,EN,Towers with Radar,499,107,41,0,647,0,1,28,0,29,499,108,69,0,676,14,0,14,724
11/04/2007,BWI,MD,AEA,EN,Towers with Radar,553,112,38,0,703,0,0,19,0,19,553,112,57,0,722,0,0,0,756
11/05/2007,BWI,MD,AEA,EN,Towers with Radar,580,151,68,1,800,0,1,27,0,28,581,152,95,1,829,0,0,0,871
11/06/2007,BWI,MD,AEA,EN,Towers with Radar,589,180,59,1,829,0,0,11,0,11,589,180,70,1,840,0,0,0,876
11/07/2007,BWI,MD,AEA,EN,Towers with Radar,588,168,61,3,820,0,0,24,0,24,588,168,85,3,844,0,0,0,907
11/08/2007,BWI,MD,AEA,EN,Towers with Radar,594,160,53,5,812,0,0,24,0,24,596,161,77,5,839,0,0,0,896
11/09/2007,BWI,MD,AEA,EN,Towers with Radar,593,166,63,1,823,0,0,11,0,11,593,167,74,1,835,0,0,0,880
11/10/2007,BWI,MD,AEA,EN,Towers with Radar,517,117,29,0,663,0,0,14,0,14,517,118,43,0,678,0,0,0,697
11/11/2007,BWI,MD,AEA,EN,Towers with Radar,547,118,56,0,721,0,0,30,0,30,547,118,86,0,751,4,0,4,785
11/12/2007,BWI,MD,AEA,EN,Towers with Radar,584,130,62,2,778,0,0,12,0,12,584,131,74,2,791,0,0,0,824
11/13/2007,BWI,MD,AEA,EN,Towers with Radar,577,153,79,2,811,0,0,17,0,17,578,155,96,2,831,0,0,0,884
11/14/2007,BWI,MD,AEA,EN,Towers with Radar,591,160,69,2,822,0,0,3,0,3,591,160,72,2,825,0,0,0,843
11/15/2007,BWI,MD,AEA,EN,Towers with Radar,600,168,67,2,837,0,0,0,0,0,600,168,67,2,837,0,0,0,859
11/16/2007,BWI,MD,AEA,EN,Towers with Radar,598,147,80,3,828,0,0,14,0,14,598,147,94,3,842,38,0,38,940
11/17/2007,BWI,MD,AEA,EN,Towers with Radar,520,127,54,1,702,0,2,33,4,39,521,129,87,5,742,44,0,44,824
11/18/2007,BWI,MD,AEA,EN,Towers with Radar,552,121,33,2,708,0,0,7,0,7,553,121,40,2,716,16,0,16,775
11/19/2007,BWI,MD,AEA,EN,Towers with Radar,581,125,43,0,749,0,0,1,0,1,586,125,44,0,755,0,0,0,765
11/20/2007,BWI,MD,AEA,EN,Towers with Radar,600,172,60,0,832,0,0,9,0,9,601,172,69,0,842,0,0,0,894
11/21/2007,BWI,MD,AEA,EN,Towers with Radar,609,171,69,0,849,0,0,27,0,27,609,171,96,0,876,0,0,0,930
11/22/2007,BWI,MD,AEA,EN,Towers with Radar,432,98,17,0,547,0,0,6,0,6,432,98,23,0,553,14,0,14,597
11/23/2007,BWI,MD,AEA,EN,Towers with Radar,498,87,30,0,615,0,0,8,0,8,500,87,38,0,625,18,0,18,683
11/24/2007,BWI,MD,AEA,EN,Towers with Radar,500,117,45,1,663,0,0,31,0,31,500,117,76,1,694,18,0,18,758
11/25/2007,BWI,MD,AEA,EN,Towers with Radar,582,136,63,0,781,0,0,23,0,23,583,137,86,0,806,0,0,0,838
11/26/2007,BWI,MD,AEA,EN,Towers with Radar,628,169,39,1,837,0,0,0,0,0,630,172,39,1,842,0,0,0,846
11/27/2007,BWI,MD,AEA,EN,Towers with Radar,607,189,47,0,843,0,0,18,0,18,607,190,65,0,862,0,0,0,902
11/28/2007,BWI,MD,AEA,EN,Towers with Radar,584,161,73,3,821,0,0,33,0,33,584,161,106,3,854,24,0,24,929
11/29/2007,BWI,MD,AEA,EN,Towers with Radar,603,164,73,5,845,0,0,29,1,30,603,165,102,6,876,0,0,0,924
11/30/2007,BWI,MD,AEA,EN,Towers with Radar,589,155,66,3,813,0,0,23,0,23,589,156,89,3,837,0,0,0,900
12/01/2007,BWI,MD,AEA,EN,Towers with Radar,490,105,55,5,655,0,2,49,2,53,491,107,104,7,709,0,0,0,767
12/02/2007,BWI,MD,AEA,EN,Towers with Radar,549,90,54,0,693,0,0,9,1,10,550,91,63,1,705,0,0,0,722
12/03/2007,BWI,MD,AEA,EN,Towers with Radar,588,148,60,5,801,0,0,8,0,8,589,149,68,5,811,0,0,0,819
12/04/2007,BWI,MD,AEA,EN,Towers with Radar,586,157,60,1,804,0,0,5,0,5,587,158,65,1,811,28,0,28,871
12/05/2007,BWI,MD,AEA,EN,Towers with Radar,577,150,53,0,780,0,0,4,0,4,578,150,57,0,785,0,0,0,796
12/06/2007,BWI,MD,AEA,EN,Towers with Radar,596,177,80,0,853,0,0,12,0,12,597,177,92,0,866,0,0,0,922
12/07/2007,BWI,MD,AEA,EN,Towers with Radar,606,152,62,0,820,0,0,1,0,1,606,152,63,0,821,0,0,0,853
12/08/2007,BWI,MD,AEA,EN,Towers with Radar,492,99,40,1,632,0,0,15,0,15,492,99,55,1,647,0,0,0,665
12/09/2007,BWI,MD,AEA,EN,Towers with Radar,541,118,42,0,701,0,0,0,0,0,542,118,42,0,702,0,0,0,708
12/10/2007,BWI,MD,AEA,EN,Towers with Radar,579,144,49,3,775,0,0,0,0,0,580,145,49,3,777,0,0,0,783
12/11/2007,BWI,MD,AEA,EN,Towers with Radar,567,142,58,2,769,0,0,0,0,0,568,145,58,2,773,0,0,0,783
12/12/2007,BWI,MD,AEA,EN,Towers with Radar,587,156,80,7,830,0,0,19,0,19,587,156,99,7,849,0,0,0,880
12/13/2007,BWI,MD,AEA,EN,Towers with Radar,558,138,57,1,754,0,0,9,0,9,559,139,66,1,765,0,0,0,779
12/14/2007,BWI,MD,AEA,EN,Towers with Radar,600,161,78,1,840,0,0,19,0,19,600,161,97,1,859,0,0,0,915
12/15/2007,BWI,MD,AEA,EN,Towers with Radar,490,100,38,0,628,0,0,15,2,17,490,100,53,2,645,0,0,0,673
12/16/2007,BWI,MD,AEA,EN,Towers with Radar,530,95,22,5,652,0,0,0,0,0,530,95,22,5,652,0,0,0,658
12/17/2007,BWI,MD,AEA,EN,Towers with Radar,590,137,70,1,798,0,1,3,0,4,591,138,73,1,803,0,0,0,826
12/18/2007,BWI,MD,AEA,EN,Towers with Radar,595,156,67,0,818,0,1,34,0,35,595,157,101,0,853,34,0,34,946
12/19/2007,BWI,MD,AEA,EN,Towers with Radar,596,159,58,0,813,0,0,20,2,22,596,160,78,2,836,24,0,24,913
12/20/2007,BWI,MD,AEA,EN,Towers with Radar,595,152,32,0,779,0,0,22,0,22,596,152,54,0,802,4,0,4,878
12/21/2007,BWI,MD,AEA,EN,Towers with Radar,609,142,44,2,797,0,0,14,0,14,609,144,58,2,813,0,0,0,865
12/22/2007,BWI,MD,AEA,EN,Towers with Radar,513,124,31,0,668,0,0,2,0,2,513,124,33,0,670,0,0,0,697
12/23/2007,BWI,MD,AEA,EN,Towers with Radar,561,81,15,0,657,0,0,0,0,0,561,82,15,0,658,0,0,0,661
12/24/2007,BWI,MD,AEA,EN,Towers with Radar,475,87,20,0,582,0,0,13,0,13,476,87,33,0,596,20,0,20,658
12/25/2007,BWI,MD,AEA,EN,Towers with Radar,459,98,11,0,568,0,0,11,0,11,459,98,22,0,579,0,0,0,592
12/26/2007,BWI,MD,AEA,EN,Towers with Radar,579,134,39,2,754,0,0,1,0,1,579,134,40,2,755,22,0,22,808
12/27/2007,BWI,MD,AEA,EN,Towers with Radar,599,141,49,0,789,0,0,18,0,18,599,141,67,0,807,8,0,8,857
12/28/2007,BWI,MD,AEA,EN,Towers with Radar,584,136,26,1,747,0,0,20,0,20,584,136,46,1,767,0,0,0,798
12/29/2007,BWI,MD,AEA,EN,Towers with Radar,541,104,18,0,663,0,0,13,1,14,541,104,31,1,677,22,0,22,722
12/30/2007,BWI,MD,AEA,EN,Towers with Radar,523,94,49,0,666,0,0,2,0,2,523,94,51,0,668,0,0,0,687
12/31/2007,BWI,MD,AEA,EN,Towers with Radar,459,109,17,1,586,0,0,24,0,24,459,109,41,1,610,0,0,0,680
01/01/2008,BWI,MD,AEA,EN,Towers with Radar,507,116,16,1,640,0,0,3,1,4,507,116,19,2,644,0,0,0,673
01/02/2008,BWI,MD,AEA,EN,Towers with Radar,589,114,31,5,739,0,0,6,1,7,589,114,37,6,746,0,0,0,769
01/03/2008,BWI,MD,AEA,EN,Towers with Radar,593,153,40,0,786,0,1,8,0,9,593,154,48,0,795,0,0,0,854
01/04/2008,BWI,MD,AEA,EN,Towers with Radar,589,145,41,2,777,1,1,20,0,22,590,146,61,2,799,20,0,20,870
01/05/2008,BWI,MD,AEA,EN,Towers with Radar,508,103,55,4,670,0,0,41,0,41,508,103,96,4,711,0,0,0,757
01/06/2008,BWI,MD,AEA,EN,Towers with Radar,536,117,35,3,691,0,0,28,0,28,536,117,63,3,719,0,0,0,762
01/07/2008,BWI,MD,AEA,EN,Towers with Radar,570,129,46,2,747,0,0,25,3,28,572,129,71,5,777,66,0,66,902
01/08/2008,BWI,MD,AEA,EN,Towers with Radar,555,156,45,1,757,0,0,22,0,22,555,156,67,1,779,10,0,10,869
01/09/2008,BWI,MD,AEA,EN,Towers with Radar,551,156,51,0,758,0,0,10,0,10,551,159,61,0,771,0,0,0,823
01/10/2008,BWI,MD,AEA,EN,Towers with Radar,567,175,65,3,810,0,0,13,0,13,567,175,78,3,823,0,0,0,885
01/11/2008,BWI,MD,AEA,EN,Towers with Radar,578,156,40,3,777,0,0,5,0,5,580,156,45,3,784,0,0,0,822
01/12/2008,BWI,MD,AEA,EN,Towers with Radar,478,98,36,2,614,0,0,32,0,32,478,98,68,2,646,6,0,6,695
01/13/2008,BWI,MD,AEA,EN,Towers with Radar,491,114,36,0,641,0,0,14,0,14,491,115,50,0,656,22,0,22,710
01/14/2008,BWI,MD,AEA,EN,Towers with Radar,559,131,41,3,734,0,0,9,0,9,560,131,50,3,744,0,0,0,794
01/15/2008,BWI,MD,AEA,EN,Towers with Radar,554,157,49,1,761,0,0,11,1,12,554,157,60,2,773,34,0,34,860
01/16/2008,BWI,MD,AEA,EN,Towers with Radar,551,164,55,3,773,0,0,22,0,22,551,165,77,3,796,40,0,40,917
01/17/2008,BWI,MD,AEA,EN,Towers with Radar,563,176,33,4,776,0,0,1,0,1,564,176,34,4,778,0,0,0,792
01/18/2008,BWI,MD,AEA,EN,Towers with Radar,569,180,38,3,790,0,0,22,0,22,570,181,60,3,814,4,0,4,861
01/19/2008,BWI,MD,AEA,EN,Towers with Radar,428,94,16,0,538,0,0,35,0,35,428,94,51,0,573,0,0,0,594
01/20/2008,BWI,MD,AEA,EN,Towers with Radar,502,101,17,1,621,0,0,17,0,17,503,102,34,1,640,0,0,0,668
01/21/2008,BWI,MD,AEA,EN,Towers with Radar,547,147,43,2,739,0,0,28,0,28,547,147,71,2,767,0,0,0,823
01/22/2008,BWI,MD,AEA,EN,Towers with Radar,375,97,31,2,505,189,50,17,0,256,565,147,48,2,762,48,0,48,839
01/23/2008,BWI,MD,AEA,EN,Towers with Radar,554,168,55,1,778,0,0,30,0,30,554,168,85,1,808,48,0,48,922
01/24/2008,BWI,MD,AEA,EN,Towers with Radar,577,170,54,1,802,0,0,25,0,25,577,171,79,1,828,30,0,30,915
01/25/2008,BWI,MD,AEA,EN,Towers with Radar,559,170,45,1,775,0,0,33,0,33,560,170,78,1,809,8,0,8,881
01/26/2008,BWI,MD,AEA,EN,Towers with Radar,438,89,27,1,555,0,0,28,0,28,438,90,55,1,584,0,0,0,612
01/27/2008,BWI,MD,AEA,EN,Towers with Radar,496,116,23,3,638,0,0,27,0,27,496,117,50,3,666,0,0,0,693
01/28/2008,BWI,MD,AEA,EN,Towers with Radar,562,148,49,4,763,0,0,26,0,26,562,148,75,4,789,0,0,0,844
01/29/2008,BWI,MD,AEA,EN,Towers with Radar,547,144,40,4,735,0,0,3,2,5,548,144,43,6,741,2,0,2,797
01/30/2008,BWI,MD,AEA,EN,Towers with Radar,560,174,45,5,784,0,0,2,0,2,560,174,47,5,786,0,0,0,818
01/31/2008,BWI,MD,AEA,EN,Towers with Radar,555,167,41,1,764,0,0,17,0,17,555,167,58,1,781,8,0,8,855
02/01/2008,BWI,MD,AEA,EN,Towers with Radar,575,146,27,1,749,0,0,0,0,0,577,148,27,1,753,0,0,0,772
02/02/2008,BWI,MD,AEA,EN,Towers with Radar,452,103,37,3,595,0,0,36,0,36,452,103,73,3,631,0,0,0,671
02/03/2008,BWI,MD,AEA,EN,Towers with Radar,490,110,27,0,627,0,0,21,0,21,491,110,48,0,649,32,0,32,730
02/04/2008,BWI,MD,AEA,EN,Towers with Radar,545,132,45,3,725,0,0,4,1,5,545,132,49,4,730,6,0,6,795
02/05/2008,BWI,MD,AEA,EN,Towers with Radar,553,147,57,1,758,0,0,4,0,4,554,148,61,1,764,0,0,0,803
02/06/2008,BWI,MD,AEA,EN,Towers with Radar,544,134,54,4,736,0,0,4,0,4,544,135,58,4,741,0,0,0,781
02/07/2008,BWI,MD,AEA,EN,Towers with Radar,575,160,60,2,797,0,0,13,0,13,577,160,73,2,812,0,0,0,867
02/08/2008,BWI,MD,AEA,EN,Towers with Radar,573,155,51,1,780,0,0,38,0,38,573,155,89,1,818,6,0,6,894
02/09/2008,BWI,MD,AEA,EN,Towers with Radar,443,84,33,1,561,0,0,17,0,17,443,84,50,1,578,14,0,14,629
02/10/2008,BWI,MD,AEA,EN,Towers with Radar,505,104,30,2,641,0,0,1,0,1,505,104,31,2,642,0,0,0,655
02/11/2008,BWI,MD,AEA,EN,Towers with Radar,563,130,44,3,740,0,0,25,2,27,563,130,69,5,767,0,0,0,831
02/12/2008,BWI,MD,AEA,EN,Towers with Radar,532,116,36,1,685,0,0,6,0,6,532,116,42,1,691,20,0,20,730
02/13/2008,BWI,MD,AEA,EN,Towers with Radar,562,140,42,3,747,0,0,1,0,1,565,142,43,3,753,0,0,0,761
02/14/2008,BWI,MD,AEA,EN,Towers with Radar,591,161,59,3,814,0,0,22,0,22,591,161,81,3,836,0,0,0,901
02/15/2008,BWI,MD,AEA,EN,Towers with Radar,581,156,51,1,789,0,0,23,0,23,581,156,74,1,812,6,0,6,872
02/16/2008,BWI,MD,AEA,EN,Towers with Radar,461,95,32,0,588,0,0,29,0,29,461,95,61,0,617,14,0,14,675
02/17/2008,BWI,MD,AEA,EN,Towers with Radar,510,97,26,3,636,0,0,7,1,8,510,97,33,4,644,0,0,0,678
02/18/2008,BWI,MD,AEA,EN,Towers with Radar,593,123,46,2,764,0,0,5,0,5,593,123,51,2,769,0,0,0,805
02/19/2008,BWI,MD,AEA,EN,Towers with Radar,583,141,53,1,778,0,0,4,0,4,584,141,57,1,783,0,0,0,834
02/20/2008,BWI,MD,AEA,EN,Towers with Radar,582,154,31,3,770,0,1,2,0,3,583,155,33,3,774,0,0,0,810
02/21/2008,BWI,MD,AEA,EN,Towers with Radar,571,162,57,0,790,0,0,26,0,26,572,162,83,0,817,0,0,0,882
02/22/2008,BWI,MD,AEA,EN,Towers with Radar,516,101,9,1,627,0,1,1,0,2,517,103,10,1,631,0,0,0,632
02/23/2008,BWI,MD,AEA,EN,Towers with Radar,476,91,16,0,583,0,0,3,0,3,477,92,19,0,588,0,0,0,600
02/24/2008,BWI,MD,AEA,EN,Towers with Radar,514,104,47,0,665,0,0,44,0,44,515,104,91,0,710,20,0,20,761
02/25/2008,BWI,MD,AEA,EN,Towers with Radar,573,129,63,2,767,0,0,23,0,23,574,130,86,2,792,18,0,18,862
02/26/2008,BWI,MD,AEA,EN,Towers with Radar,568,142,37,2,749,1,0,1,0,2,572,142,38,2,754,0,0,0,772
02/27/2008,BWI,MD,AEA,EN,Towers with Radar,590,156,66,0,812,0,1,5,0,6,591,157,71,0,819,0,0,0,863
02/28/2008,BWI,MD,AEA,EN,Towers with Radar,591,157,52,2,802,0,0,28,0,28,591,157,80,2,830,0,0,0,882
02/29/2008,BWI,MD,AEA,EN,Towers with Radar,580,138,38,6,762,0,2,18,2,22,580,141,56,8,785,6,0,6,855
03/01/2008,BWI,MD,AEA,EN,Towers with Radar,467,96,22,0,585,0,0,11,0,11,467,96,33,0,596,4,0,4,625
03/02/2008,BWI,MD,AEA,EN,Towers with Radar,508,107,37,0,652,0,0,34,0,34,508,108,71,0,687,12,0,12,743
03/03/2008,BWI,MD,AEA,EN,Towers with Radar,577,126,50,2,755,0,0,18,1,19,577,126,68,3,774,4,0,4,858
03/04/2008,BWI,MD,AEA,EN,Towers with Radar,569,130,49,1,749,0,0,3,0,3,569,130,52,1,752,32,0,32,823
03/05/2008,BWI,MD,AEA,EN,Towers with Radar,603,150,51,0,804,0,1,11,0,12,605,152,62,0,819,26,0,26,873
03/06/2008,BWI,MD,AEA,EN,Towers with Radar,576,155,50,3,784,1,0,30,1,32,577,156,80,4,817,12,0,12,898
03/07/2008,BWI,MD,AEA,EN,Towers with Radar,572,158,29,0,759,0,0,0,0,0,574,158,29,0,761,18,0,18,786
03/08/2008,BWI,MD,AEA,EN,Towers with Radar,565,79,21,2,667,0,0,0,0,0,569,80,21,2,672,14,0,14,695
03/09/2008,BWI,MD,AEA,EN,Towers with Radar,540,111,39,1,691,0,1,6,0,7,540,112,45,1,698,32,0,32,750
03/10/2008,BWI,MD,AEA,EN,Towers with Radar,574,133,49,0,756,0,0,21,0,21,574,133,70,0,777,44,0,44,875
03/11/2008,BWI,MD,AEA,EN,Towers with Radar,583,146,41,4,774,0,0,28,0,28,583,146,69,4,802,28,0,28,894
03/12/2008,BWI,MD,AEA,EN,Towers with Radar,563,151,63,2,779,0,0,11,0,11,564,151,74,2,791,14,0,14,863
03/13/2008,BWI,MD,AEA,EN,Towers with Radar,595,160,54,1,810,0,0,20,0,20,596,160,74,1,831,22,0,22,910
03/14/2008,BWI,MD,AEA,EN,Towers with Radar,585,160,71,2,818,0,0,14,0,14,586,160,85,2,833,0,0,0,905
03/15/2008,BWI,MD,AEA,EN,Towers with Radar,504,95,30,0,629,0,0,14,0,14,504,95,44,0,643,0,0,0,676
03/16/2008,BWI,MD,AEA,EN,Towers with Radar,544,107,25,0,676,0,0,0,0,0,545,107,25,0,677,0,0,0,707
03/17/2008,BWI,MD,AEA,EN,Towers with Radar,575,141,32,5,753,0,1,17,0,18,575,142,49,5,771,58,0,58,888
03/18/2008,BWI,MD,AEA,EN,Towers with Radar,569,146,41,2,758,0,0,14,1,15,569,146,55,3,773,0,0,0,818
03/19/2008,BWI,MD,AEA,EN,Towers with Radar,581,150,35,2,768,0,0,0,0,0,584,151,35,2,772,0,0,0,800
03/20/2008,BWI,MD,AEA,EN,Towers with Radar,581,164,46,8,799,0,0,2,0,2,582,165,48,8,803,0,0,0,817
03/21/2008,BWI,MD,AEA,EN,Towers with Radar,580,136,32,5,753,0,3,19,0,22,580,139,51,5,775,32,0,32,859
03/22/2008,BWI,MD,AEA,EN,Towers with Radar,513,89,20,0,622,0,0,29,2,31,513,89,49,2,653,36,0,36,724
03/23/2008,BWI,MD,AEA,EN,Towers with Radar,532,121,41,0,694,0,0,16,0,16,533,122,57,0,712,36,0,36,783
03/24/2008,BWI,MD,AEA,EN,Towers with Radar,569,149,33,1,752,0,0,27,0,27,569,149,60,1,779,32,0,32,872
03/25/2008,BWI,MD,AEA,EN,Towers with Radar,569,152,48,2,771,0,0,28,0,28,569,152,76,2,799,62,0,62,925
03/26/2008,BWI,MD,AEA,EN,Towers with Radar,581,162,60,2,805,0,0,8,1,9,583,162,68,3,816,24,0,24,900
03/27/2008,BWI,MD,AEA,EN,Towers with Radar,575,147,57,1,780,0,0,9,1,10,575,147,66,2,790,10,0,10,854
03/28/2008,BWI,MD,AEA,EN,Towers with Radar,587,145,41,1,774,0,0,18,0,18,587,145,59,1,792,0,0,0,856
03/29/2008,BWI,MD,AEA,EN,Towers with Radar,498,89,32,0,619,0,0,22,0,22,498,89,54,0,641,12,0,12,693
03/30/2008,BWI,MD,AEA,EN,Towers with Radar,530,101,36,2,669,0,1,23,0,24,530,102,59,2,693,14,0,14,745
03/31/2008,BWI,MD,AEA,EN,Towers with Radar,569,120,43,2,734,0,0,0,0,0,570,120,43,2,735,0,0,0,755
04/01/2008,BWI,MD,AEA,EN,Towers with Radar,572,137,30,1,740,0,0,1,0,1,577,137,31,1,746,18,0,18,799
04/02/2008,BWI,MD,AEA,EN,Towers with Radar,589,155,58,3,805,0,0,19,0,19,589,155,77,3,824,20,0,20,900
04/03/2008,BWI,MD,AEA,EN,Towers with Radar,573,163,46,1,783,0,0,20,0,20,573,163,66,1,803,32,0,32,872
04/04/2008,BWI,MD,AEA,EN,Towers with Radar,583,144,36,1,764,0,0,6,1,7,586,145,42,2,775,26,0,26,834
04/05/2008,BWI,MD,AEA,EN,Towers with Radar,501,85,18,0,604,0,0,22,0,22,501,85,40,0,626,32,0,32,692
04/06/2008,BWI,MD,AEA,EN,Towers with Radar,532,107,45,1,685,0,0,1,0,1,533,107,46,1,687,26,0,26,741
04/07/2008,BWI,MD,AEA,EN,Towers with Radar,590,139,60,2,791,0,0,4,0,4,591,139,64,2,796,0,0,0,843
04/08/2008,BWI,MD,AEA,EN,Towers with Radar,580,155,56,1,792,0,0,0,0,0,580,155,56,1,792,14,0,14,836
04/09/2008,BWI,MD,AEA,EN,Towers with Radar,575,154,71,1,801,0,0,6,0,6,575,154,77,1,807,12,0,12,866
04/10/2008,BWI,MD,AEA,EN,Towers with Radar,573,164,41,1,779,0,2,17,0,19,573,166,58,1,798,34,0,34,872
04/11/2008,BWI,MD,AEA,EN,Towers with Radar,583,141,60,2,786,0,0,11,0,11,585,141,71,2,799,0,0,0,847
04/12/2008,BWI,MD,AEA,EN,Towers with Radar,514,99,26,1,640,0,0,13,1,14,515,99,39,2,655,0,0,0,699
04/13/2008,BWI,MD,AEA,EN,Towers with Radar,550,108,40,2,700,0,1,25,0,26,551,109,65,2,727,20,0,20,771
04/14/2008,BWI,MD,AEA,EN,Towers with Radar,577,131,48,0,756,0,2,22,1,25,577,133,70,1,781,14,0,14,858
04/15/2008,BWI,MD,AEA,EN,Towers with Radar,585,152,54,1,792,0,1,21,0,22,586,153,75,1,815,0,0,0,879
04/16/2008,BWI,MD,AEA,EN,Towers with Radar,590,151,47,1,789,0,0,34,0,34,590,152,81,1,824,14,0,14,892
04/17/2008,BWI,MD,AEA,EN,Towers with Radar,594,157,55,3,809,0,1,21,0,22,594,158,76,3,831,0,0,0,894
04/18/2008,BWI,MD,AEA,EN,Towers with Radar,597,144,64,4,809,0,2,14,0,16,597,147,78,4,826,0,0,0,892
04/19/2008,BWI,MD,AEA,EN,Towers with Radar,510,97,42,0,649,0,0,22,0,22,511,98,64,0,673,0,0,0,723
04/20/2008,BWI,MD,AEA,EN,Towers with Radar,554,106,29,0,689,0,0,2,0,2,558,107,31,0,696,0,0,0,715
04/21/2008,BWI,MD,AEA,EN,Towers with Radar,587,133,38,2,760,0,0,0,0,0,587,134,38,2,761,34,0,34,818
04/22/2008,BWI,MD,AEA,EN,Towers with Radar,582,149,47,0,778,0,2,14,0,16,582,151,61,0,794,34,0,34,872
04/23/2008,BWI,MD,AEA,EN,Towers with Radar,584,148,51,2,785,0,0,14,1,15,584,148,65,3,800,52,0,52,909
04/24/2008,BWI,MD,AEA,EN,Towers with Radar,592,158,73,4,827,0,0,28,0,28,592,158,101,4,855,46,0,46,947
04/25/2008,BWI,MD,AEA,EN,Towers with Radar,581,141,43,2,767,0,1,35,0,36,581,142,78,2,803,78,2,80,959
04/26/2008,BWI,MD,AEA,EN,Towers with Radar,521,91,24,0,636,0,3,30,0,33,521,95,54,0,670,16,0,16,733
04/27/2008,BWI,MD,AEA,EN,Towers with Radar,527,103,40,1,671,0,0,0,0,0,527,103,40,1,671,0,0,0,689
04/28/2008,BWI,MD,AEA,EN,Towers with Radar,585,120,39,0,744,0,0,0,0,0,586,121,39,0,746,0,0,0,760
04/29/2008,BWI,MD,AEA,EN,Towers with Radar,583,148,46,0,777,0,0,22,0,22,583,148,68,0,799,34,0,34,877
04/30/2008,BWI,MD,AEA,EN,Towers with Radar,584,158,72,0,814,0,0,45,2,47,586,159,117,2,864,22,0,22,950
05/01/2008,BWI,MD,AEA,EN,Towers with Radar,597,159,71,1,828,0,0,22,0,22,597,159,93,1,850,14,0,14,917
05/02/2008,BWI,MD,AEA,EN,Towers with Radar,586,146,42,2,776,0,0,31,3,34,586,146,73,5,810,0,0,0,901
05/03/2008,BWI,MD,AEA,EN,Towers with Radar,515,88,36,1,640,0,0,7,0,7,515,89,43,1,648,50,0,50,730
05/04/2008,BWI,MD,AEA,EN,Towers with Radar,541,106,37,1,685,0,0,23,0,23,541,106,60,1,708,36,0,36,771
05/05/2008,BWI,MD,AEA,EN,Towers with Radar,588,134,66,0,788,0,1,37,0,38,588,135,103,0,826,26,0,26,935
05/06/2008,BWI,MD,AEA,EN,Towers with Radar,602,153,74,3,832,0,0,33,0,33,602,153,107,3,865,28,0,28,954
05/07/2008,BWI,MD,AEA,EN,Towers with Radar,598,153,56,1,808,0,1,33,0,34,598,154,89,1,842,52,0,52,964
05/08/2008,BWI,MD,AEA,EN,Towers with Radar,607,159,50,3,819,0,1,22,0,23,609,160,72,3,844,28,0,28,926
05/09/2008,BWI,MD,AEA,EN,Towers with Radar,610,151,64,3,828,0,0,0,0,0,613,151,64,3,831,24,0,24,878
05/10/2008,BWI,MD,AEA,EN,Towers with Radar,549,88,43,2,682,0,0,9,0,9,550,89,52,2,693,26,0,26,758
05/11/2008,BWI,MD,AEA,EN,Towers with Radar,559,95,39,0,693,0,0,11,0,11,559,95,50,0,704,20,0,20,739
05/12/2008,BWI,MD,AEA,EN,Towers with Radar,583,120,52,3,758,0,1,3,0,4,584,125,55,3,767,0,0,0,796
05/13/2008,BWI,MD,AEA,EN,Towers with Radar,600,149,53,3,805,0,3,34,2,39,600,153,87,5,845,30,0,30,938
05/14/2008,BWI,MD,AEA,EN,Towers with Radar,592,148,82,14,836,0,0,39,2,41,592,149,121,16,878,20,0,20,962
05/15/2008,BWI,MD,AEA,EN,Towers with Radar,594,165,73,21,853,0,0,35,0,35,594,165,108,21,888,18,0,18,978
05/16/2008,BWI,MD,AEA,EN,Towers with Radar,590,151,47,22,810,0,0,0,0,0,591,152,47,22,812,0,0,0,842
05/17/2008,BWI,MD,AEA,EN,Towers with Radar,558,94,42,17,711,0,0,33,0,33,558,94,75,17,744,30,0,30,804
05/18/2008,BWI,MD,AEA,EN,Towers with Radar,550,110,31,16,707,0,0,12,1,13,550,110,43,17,720,26,0,26,793
05/19/2008,BWI,MD,AEA,EN,Towers with Radar,593,142,39,9,783,0,0,9,4,13,593,143,48,13,797,18,0,18,858
05/20/2008,BWI,MD,AEA,EN,Towers with Radar,589,150,52,1,792,0,0,0,0,0,589,150,52,1,792,24,0,24,845
05/21/2008,BWI,MD,AEA,EN,Towers with Radar,599,152,79,3,833,0,0,16,0,16,600,153,95,3,851,26,0,26,936
05/22/2008,BWI,MD,AEA,EN,Towers with Radar,606,158,54,5,823,0,0,16,0,16,606,159,70,5,840,26,0,26,904
05/23/2008,BWI,MD,AEA,EN,Towers with Radar,606,141,59,1,807,0,0,42,0,42,606,142,101,1,850,38,0,38,949
05/24/2008,BWI,MD,AEA,EN,Towers with Radar,521,78,32,2,633,0,0,25,0,25,521,78,57,2,658,38,0,38,736
05/25/2008,BWI,MD,AEA,EN,Towers with Radar,476,80,12,0,568,0,0,30,0,30,476,80,42,0,598,62,0,62,701
05/26/2008,BWI,MD,AEA,EN,Towers with Radar,540,104,51,2,697,0,1,47,1,49,540,105,98,3,746,40,0,40,839
05/27/2008,BWI,MD,AEA,EN,Towers with Radar,590,127,57,0,774,0,0,15,0,15,590,127,72,0,789,54,0,54,875
05/28/2008,BWI,MD,AEA,EN,Towers with Radar,604,169,53,3,829,0,0,35,2,37,605,169,88,5,867,32,0,32,958
05/29/2008,BWI,MD,AEA,EN,Towers with Radar,606,159,56,4,825,0,1,32,0,33,606,160,88,4,858,34,0,34,944
05/30/2008,BWI,MD,AEA,EN,Towers with Radar,600,133,56,2,791,0,1,38,2,41,600,134,94,4,832,52,0,52,956
05/31/2008,BWI,MD,AEA,EN,Towers with Radar,546,76,18,1,641,0,0,7,0,7,546,76,25,1,648,0,0,0,681
06/01/2008,BWI,MD,AEA,EN,Towers with Radar,555,121,50,1,727,0,0,23,0,23,556,122,73,1,752,0,0,0,798
06/02/2008,BWI,MD,AEA,EN,Towers with Radar,596,126,38,5,765,0,0,26,0,26,596,126,64,5,791,22,0,22,884
06/03/2008,BWI,MD,AEA,EN,Towers with Radar,584,143,53,3,783,0,0,26,0,26,586,143,79,3,811,22,0,22,874
06/04/2008,BWI,MD,AEA,EN,Towers with Radar,540,135,47,3,725,0,0,10,0,10,540,135,57,3,735,22,0,22,799
06/05/2008,BWI,MD,AEA,EN,Towers with Radar,646,151,63,1,861,0,0,23,0,23,646,151,86,1,884,22,0,22,960
06/06/2008,BWI,MD,AEA,EN,Towers with Radar,599,137,40,11,787,0,0,7,0,7,600,137,47,11,795,16,0,16,858
06/07/2008,BWI,MD,AEA,EN,Towers with Radar,560,97,22,3,682,0,1,11,0,12,562,98,33,3,696,22,0,22,760
06/08/2008,BWI,MD,AEA,EN,Towers with Radar,565,105,22,1,693,0,0,34,0,34,566,105,56,1,728,12,0,12,794
06/09/2008,BWI,MD,AEA,EN,Towers with Radar,0,0,0,0,0,589,161,95,10,855,589,161,95,10,855,0,20,20,875
06/10/2008,BWI,MD,AEA,EN,Towers with Radar,562,127,53,2,744,0,0,23,0,23,562,127,76,2,767,24,0,24,817
06/11/2008,BWI,MD,AEA,EN,Towers with Radar,623,149,54,4,830,0,0,30,0,30,623,149,84,4,860,0,0,0,922
06/12/2008,BWI,MD,AEA,EN,Towers with Radar,611,160,71,6,848,0,0,30,0,30,611,163,101,6,881,18,0,18,968
06/13/2008,BWI,MD,AEA,EN,Towers with Radar,591,141,44,1,777,0,3,27,0,30,592,145,71,1,809,0,0,0,859
06/14/2008,BWI,MD,AEA,EN,Towers with Radar,577,97,23,0,697,0,0,14,0,14,579,97,37,0,713,0,0,0,737
06/15/2008,BWI,MD,AEA,EN,Towers with Radar,575,110,36,1,722,0,0,12,0,12,575,110,48,1,734,0,0,0,774
06/16/2008,BWI,MD,AEA,EN,Towers with Radar,579,115,56,0,750,0,1,29,0,30,579,116,85,0,780,0,0,0,830
06/17/2008,BWI,MD,AEA,EN,Towers with Radar,616,167,67,1,851,0,0,34,4,38,616,167,101,5,889,0,0,0,943
06/18/2008,BWI,MD,AEA,EN,Towers with Radar,617,153,49,1,820,0,0,23,0,23,617,153,72,1,843,38,0,38,936
06/19/2008,BWI,MD,AEA,EN,Towers with Radar,607,162,48,2,819,0,2,30,0,32,607,164,78,2,851,32,0,32,943
06/20/2008,BWI,MD,AEA,EN,Towers with Radar,608,144,47,2,801,0,0,43,0,43,608,144,90,2,844,28,0,28,941
06/21/2008,BWI,MD,AEA,EN,Towers with Radar,554,79,17,0,650,1,0,36,0,37,555,79,53,0,687,0,0,0,721
06/22/2008,BWI,MD,AEA,EN,Towers with Radar,549,107,50,0,706,0,0,31,0,31,549,107,81,0,737,0,0,0,771
06/23/2008,BWI,MD,AEA,EN,Towers with Radar,614,138,46,4,802,0,0,18,0,18,614,138,64,4,820,0,0,0,861
06/24/2008,BWI,MD,AEA,EN,Towers with Radar,603,158,52,1,814,0,0,38,0,38,603,158,90,1,852,22,0,22,964
06/25/2008,BWI,MD,AEA,EN,Towers with Radar,595,166,64,3,828,0,0,32,0,32,595,166,96,3,860,0,0,0,929
06/26/2008,BWI,MD,AEA,EN,Towers with Radar,587,164,50,4,805,0,0,25,0,25,587,164,75,4,830,0,0,0,892
06/27/2008,BWI,MD,AEA,EN,Towers with Radar,611,134,51,1,797,0,0,30,0,30,612,135,81,1,829,0,0,0,871
06/28/2008,BWI,MD,AEA,EN,Towers with Radar,557,99,37,2,695,0,0,17,0,17,557,99,54,2,712,0,0,0,752
06/29/2008,BWI,MD,AEA,EN,Towers with Radar,582,97,28,2,709,0,0,8,0,8,582,97,36,2,717,0,0,0,749
06/30/2008,BWI,MD,AEA,EN,Towers with Radar,610,136,45,1,792,0,0,15,0,15,610,136,60,1,807,0,0,0,856
07/01/2008,BWI,MD,AEA,EN,Towers with Radar,593,151,62,0,806,0,0,25,0,25,593,151,87,0,831,28,0,28,859
07/02/2008,BWI,MD,AEA,EN,Towers with Radar,592,152,68,1,813,0,0,28,0,28,592,152,96,1,841,28,2,30,871
07/03/2008,BWI,MD,AEA,EN,Towers with Radar,607,140,45,1,793,0,1,21,0,22,607,141,66,1,815,26,0,26,841
07/04/2008,BWI,MD,AEA,EN,Towers with Radar,481,84,15,0,580,0,0,14,0,14,481,84,29,0,594,26,0,26,620
07/05/2008,BWI,MD,AEA,EN,Towers with Radar,529,81,20,1,631,0,0,1,0,1,529,81,21,1,632,44,0,44,676
07/06/2008,BWI,MD,AEA,EN,Towers with Radar,565,118,42,1,726,0,0,6,0,6,565,118,48,1,732,32,0,32,764
07/07/2008,BWI,MD,AEA,EN,Towers with Radar,614,152,61,1,828,0,2,18,0,20,614,154,79,1,848,30,0,30,878
07/08/2008,BWI,MD,AEA,EN,Towers with Radar,584,166,67,3,820,1,0,16,1,18,585,166,83,4,838,22,0,22,860
07/09/2008,BWI,MD,AEA,EN,Towers with Radar,595,135,49,0,779,0,0,18,0,18,595,135,67,0,797,22,8,30,827
07/10/2008,BWI,MD,AEA,EN,Towers with Radar,599,158,66,0,823,0,0,29,0,29,599,158,95,0,852,54,0,54,906
07/11/2008,BWI,MD,AEA,EN,Towers with Radar,610,140,46,4,800,0,1,35,0,36,610,141,81,4,836,72,0,72,908
07/12/2008,BWI,MD,AEA,EN,Towers with Radar,559,87,53,3,702,0,0,25,0,25,559,87,78,3,727,52,0,52,779
07/13/2008,BWI,MD,AEA,EN,Towers with Radar,492,86,33,1,612,0,0,20,0,20,492,86,53,1,632,26,0,26,658
07/14/2008,BWI,MD,AEA,EN,Towers with Radar,624,138,38,3,803,0,0,14,0,14,624,138,52,3,817,36,0,36,853
07/15/2008,BWI,MD,AEA,EN,Towers with Radar,605,143,51,0,799,0,0,24,0,24,605,143,75,0,823,50,0,50,873
07/16/2008,BWI,MD,AEA,EN,Towers with Radar,600,156,91,2,849,0,1,19,0,20,600,157,110,2,869,24,0,24,893
07/17/2008,BWI,MD,AEA,EN,Towers with Radar,597,136,89,4,826,0,0,27,0,27,597,136,116,4,853,32,0,32,885
07/18/2008,BWI,MD,AEA,EN,Towers with Radar,605,142,67,3,817,0,0,22,0,22,605,142,89,3,839,24,0,24,863
07/19/2008,BWI,MD,AEA,EN,Towers with Radar,558,95,17,2,672,0,0,23,0,23,558,95,40,2,695,16,0,16,711
07/20/2008,BWI,MD,AEA,EN,Towers with Radar,584,105,34,0,723,0,0,14,0,14,584,105,48,0,737,2,0,2,739
07/21/2008,BWI,MD,AEA,EN,Towers with Radar,600,124,35,2,761,0,2,16,0,18,600,126,51,2,779,0,0,0,779
07/22/2008,BWI,MD,AEA,EN,Towers with Radar,603,149,46,2,800,0,1,27,0,28,603,150,73,2,828,20,0,20,848
07/23/2008,BWI,MD,AEA,EN,Towers with Radar,489,119,38,2,648,1,0,4,0,5,490,119,42,2,653,0,0,0,653
07/24/2008,BWI,MD,AEA,EN,Towers with Radar,691,150,58,1,900,0,0,30,0,30,691,150,88,1,930,2,0,2,932
07/25/2008,BWI,MD,AEA,EN,Towers with Radar,603,153,47,6,809,0,2,40,0,42,603,155,87,6,851,32,0,32,883
07/26/2008,BWI,MD,AEA,EN,Towers with Radar,557,87,22,1,667,0,1,13,0,14,557,88,35,1,681,10,0,10,691
07/27/2008,BWI,MD,AEA,EN,Towers with Radar,556,87,22,5,670,0,0,5,0,5,556,87,27,5,675,28,0,28,703
07/28/2008,BWI,MD,AEA,EN,Towers with Radar,606,135,50,2,793,0,2,20,1,23,606,137,70,3,816,0,0,0,816
07/29/2008,BWI,MD,AEA,EN,Towers with Radar,602,154,54,1,811,0,0,14,0,14,602,154,68,1,825,24,0,24,849
07/30/2008,BWI,MD,AEA,EN,Towers with Radar,613,146,48,2,809,0,0,11,0,11,613,146,59,2,820,14,0,14,834
07/31/2008,BWI,MD,AEA,EN,Towers with Radar,590,147,46,2,785,1,0,19,0,20,591,147,65,2,805,0,0,0,805
08/01/2008,BWI,MD,AEA,EN,Towers with Radar,614,137,28,1,780,0,1,36,0,37,614,138,64,1,817,72,0,72,889
08/02/2008,BWI,MD,AEA,EN,Towers with Radar,543,84,18,6,651,0,0,6,0,6,543,84,24,6,657,34,0,34,691
08/03/2008,BWI,MD,AEA,EN,Towers with Radar,574,100,24,1,699,0,0,25,0,25,574,100,49,1,724,48,0,48,772
08/04/2008,BWI,MD,AEA,EN,Towers with Radar,593,126,50,2,771,0,0,22,0,22,593,126,72,2,793,44,0,44,837
08/05/2008,BWI,MD,AEA,EN,Towers with Radar,598,138,52,0,788,0,0,15,0,15,598,138,67,0,803,56,0,56,859
08/06/2008,BWI,MD,AEA,EN,Towers with Radar,595,151,53,0,799,0,0,14,0,14,595,151,67,0,813,44,0,44,857
08/07/2008,BWI,MD,AEA,EN,Towers with Radar,605,144,37,0,786,0,1,19,0,20,605,145,56,0,806,46,0,46,852
08/08/2008,BWI,MD,AEA,EN,Towers with Radar,621,137,52,4,814,0,0,21,0,21,621,137,73,4,835,28,8,36,871
08/09/2008,BWI,MD,AEA,EN,Towers with Radar,555,85,42,0,682,0,1,19,0,20,555,86,61,0,702,50,0,50,752
08/10/2008,BWI,MD,AEA,EN,Towers with Radar,593,88,42,4,727,0,0,7,0,7,593,88,49,4,734,26,0,26,760
08/11/2008,BWI,MD,AEA,EN,Towers with Radar,475,96,40,0,611,1,0,11,0,12,476,96,51,0,623,26,0,26,649
08/12/2008,BWI,MD,AEA,EN,Towers with Radar,592,136,44,1,773,0,3,19,0,22,592,139,63,1,795,36,0,36,831
08/13/2008,BWI,MD,AEA,EN,Towers with Radar,606,139,59,0,804,0,0,27,1,28,606,139,86,1,832,14,0,14,846
08/14/2008,BWI,MD,AEA,EN,Towers with Radar,596,124,52,0,772,0,0,25,0,25,596,124,77,0,797,0,0,0,797
08/15/2008,BWI,MD,AEA,EN,Towers with Radar,618,134,37,0,789,0,0,17,1,18,618,134,54,1,807,0,0,0,807
08/16/2008,BWI,MD,AEA,EN,Towers with Radar,568,85,36,0,689,0,0,23,1,24,568,85,59,1,713,0,0,0,713
08/17/2008,BWI,MD,AEA,EN,Towers with Radar,574,96,38,0,708,0,3,31,0,34,574,99,69,0,742,16,0,16,758
08/18/2008,BWI,MD,AEA,EN,Towers with Radar,590,133,34,2,759,0,0,21,0,21,590,133,55,2,780,8,0,8,788
08/19/2008,BWI,MD,AEA,EN,Towers with Radar,575,138,46,0,759,0,0,31,0,31,575,138,77,0,790,16,0,16,806
08/20/2008,BWI,MD,AEA,EN,Towers with Radar,579,151,73,1,804,0,0,37,0,37,579,151,110,1,841,16,0,16,857
08/21/2008,BWI,MD,AEA,EN,Towers with Radar,595,149,63,0,807,0,0,31,0,31,595,149,94,0,838,22,0,22,860
08/22/2008,BWI,MD,AEA,EN,Towers with Radar,603,132,37,6,778,0,0,18,0,18,603,132,55,6,796,36,0,36,832
08/23/2008,BWI,MD,AEA,EN,Towers with Radar,504,81,26,3,614,0,2,20,0,22,504,83,46,3,636,0,0,0,636
08/24/2008,BWI,MD,AEA,EN,Towers with Radar,532,99,31,0,662,0,0,24,0,24,532,99,55,0,686,0,0,0,686
08/25/2008,BWI,MD,AEA,EN,Towers with Radar,574,115,54,1,744,0,0,12,0,12,574,115,66,1,756,0,0,0,756
08/26/2008,BWI,MD,AEA,EN,Towers with Radar,580,133,48,0,761,0,2,23,0,25,580,135,71,0,786,14,0,14,800
08/27/2008,BWI,MD,AEA,EN,Towers with Radar,578,146,68,0,792,0,2,21,0,23,578,148,89,0,815,34,0,34,849
08/28/2008,BWI,MD,AEA,EN,Towers with Radar,591,148,53,0,792,0,0,0,0,0,591,148,53,0,792,0,0,0,792
08/29/2008,BWI,MD,AEA,EN,Towers with Radar,583,140,52,1,776,0,0,0,0,0,583,140,52,1,776,0,0,0,776
08/30/2008,BWI,MD,AEA,EN,Towers with Radar,465,80,31,0,576,0,0,10,0,10,465,80,41,0,586,47,0,47,633
08/31/2008,BWI,MD,AEA,EN,Towers with Radar,428,82,21,2,533,0,0,18,0,18,428,82,39,2,551,30,0,30,581
09/01/2008,BWI,MD,AEA,EN,Towers with Radar,522,94,28,1,645,0,0,32,0,32,522,94,60,1,677,12,0,12,689
09/02/2008,BWI,MD,AEA,EN,Towers with Radar,569,122,49,3,743,0,0,31,0,31,569,122,80,3,774,0,0,0,774
09/03/2008,BWI,MD,AEA,EN,Towers with Radar,578,139,48,4,769,0,0,30,0,30,578,139,78,4,799,0,0,0,799
09/04/2008,BWI,MD,AEA,EN,Towers with Radar,573,134,59,1,767,0,0,22,0,22,573,134,81,1,789,20,0,20,809
09/05/2008,BWI,MD,AEA,EN,Towers with Radar,576,140,51,1,768,0,0,23,0,23,576,140,74,1,791,40,0,40,831
09/06/2008,BWI,MD,AEA,EN,Towers with Radar,470,62,1,2,535,0,0,2,0,2,470,62,3,2,537,0,0,0,537
09/07/2008,BWI,MD,AEA,EN,Towers with Radar,527,94,39,1,661,0,0,17,0,17,527,94,56,1,678,38,0,38,716
09/08/2008,BWI,MD,AEA,EN,Towers with Radar,549,113,40,0,702,1,1,13,2,17,550,114,53,2,719,16,0,16,735
09/09/2008,BWI,MD,AEA,EN,Towers with Radar,560,124,61,1,746,0,0,6,1,7,560,124,67,2,753,0,0,0,753
09/10/2008,BWI,MD,AEA,EN,Towers with Radar,559,127,71,0,757,0,2,16,0,18,559,129,87,0,775,8,0,8,783
09/11/2008,BWI,MD,AEA,EN,Towers with Radar,572,125,42,4,743,0,0,28,0,28,572,125,70,4,771,0,0,0,771
09/12/2008,BWI,MD,AEA,EN,Towers with Radar,574,130,49,1,754,0,0,4,0,4,574,130,53,1,758,10,0,10,768
09/13/2008,BWI,MD,AEA,EN,Towers with Radar,462,80,51,2,595,0,1,22,0,23,462,81,73,2,618,0,0,0,618
09/14/2008,BWI,MD,AEA,EN,Towers with Radar,503,93,51,0,647,0,1,19,0,20,503,94,70,0,667,0,0,0,667
09/15/2008,BWI,MD,AEA,EN,Towers with Radar,543,118,50,4,715,0,0,17,0,17,543,118,67,4,732,16,0,16,748
09/16/2008,BWI,MD,AEA,EN,Towers with Radar,553,118,63,3,737,0,0,19,0,19,553,118,82,3,756,28,0,28,784
09/17/2008,BWI,MD,AEA,EN,Towers with Radar,560,130,75,3,768,0,0,21,0,21,560,130,96,3,789,34,0,34,823
09/18/2008,BWI,MD,AEA,EN,Towers with Radar,567,134,89,6,796,0,0,10,0,10,567,134,99,6,806,0,0,0,806
09/19/2008,BWI,MD,AEA,EN,Towers with Radar,576,133,62,7,778,0,1,18,0,19,576,134,80,7,797,0,0,0,797
09/20/2008,BWI,MD,AEA,EN,Towers with Radar,474,80,36,5,595,0,0,27,0,27,474,80,63,5,622,28,0,28,650
09/21/2008,BWI,MD,AEA,EN,Towers with Radar,518,89,53,6,666,0,0,19,0,19,518,89,72,6,685,22,0,22,707
09/22/2008,BWI,MD,AEA,EN,Towers with Radar,565,120,50,10,745,0,0,18,0,18,565,120,68,10,763,0,0,0,763
09/23/2008,BWI,MD,AEA,EN,Towers with Radar,553,130,45,7,735,0,0,16,0,16,553,130,61,7,751,30,0,30,781
09/24/2008,BWI,MD,AEA,EN,Towers with Radar,558,130,70,3,761,0,0,15,0,15,558,130,85,3,776,28,0,28,804
09/25/2008,BWI,MD,AEA,EN,Towers with Radar,578,129,41,3,751,0,0,0,0,0,578,129,41,3,751,0,0,0,751
09/26/2008,BWI,MD,AEA,EN,Towers with Radar,583,131,45,3,762,0,0,0,0,0,583,131,45,3,762,0,0,0,762
09/27/2008,BWI,MD,AEA,EN,Towers with Radar,483,85,21,3,592,0,0,0,1,1,483,85,21,4,593,0,0,0,593
09/28/2008,BWI,MD,AEA,EN,Towers with Radar,537,98,30,0,665,1,0,0,0,1,538,98,30,0,666,0,0,0,666
09/29/2008,BWI,MD,AEA,EN,Towers with Radar,552,117,33,2,704,1,0,9,0,10,553,117,42,2,714,0,0,0,714
09/30/2008,BWI,MD,AEA,EN,Towers with Radar,550,121,39,2,712,0,0,10,2,12,550,121,49,4,724,18,0,18,742
10/01/2008,BWI,MD,AEA,EN,Towers with Radar,567,132,51,0,750,0,0,6,0,6,567,132,57,0,756,0,0,0,756
10/02/2008,BWI,MD,AEA,EN,Towers with Radar,575,136,63,2,776,0,0,15,0,15,575,136,78,2,791,18,0,18,809
10/03/2008,BWI,MD,AEA,EN,Towers with Radar,574,129,46,1,750,0,0,16,0,16,574,129,62,1,766,6,0,6,772
10/04/2008,BWI,MD,AEA,EN,Towers with Radar,471,82,39,1,593,0,0,10,0,10,471,82,49,1,603,0,0,0,603
10/05/2008,BWI,MD,AEA,EN,Towers with Radar,525,111,37,1,674,0,0,17,0,17,525,111,54,1,691,18,0,18,709
10/06/2008,BWI,MD,AEA,EN,Towers with Radar,551,111,53,2,717,0,0,20,0,20,551,111,73,2,737,18,0,18,755
10/07/2008,BWI,MD,AEA,EN,Towers with Radar,555,129,75,0,759,0,0,8,1,9,555,129,83,1,768,26,0,26,794
10/08/2008,BWI,MD,AEA,EN,Towers with Radar,561,133,63,2,759,0,0,18,0,18,561,133,81,2,777,22,0,22,799
10/09/2008,BWI,MD,AEA,EN,Towers with Radar,580,135,34,0,749,0,0,14,0,14,580,135,48,0,763,12,0,12,775
10/10/2008,BWI,MD,AEA,EN,Towers with Radar,577,136,59,0,772,0,0,11,2,13,577,136,70,2,785,0,0,0,785
10/11/2008,BWI,MD,AEA,EN,Towers with Radar,473,87,33,0,593,0,0,21,0,21,473,87,54,0,614,20,0,20,634
10/12/2008,BWI,MD,AEA,EN,Towers with Radar,512,104,50,0,666,1,1,11,0,13,513,105,61,0,679,12,0,12,691
10/13/2008,BWI,MD,AEA,EN,Towers with Radar,565,118,44,1,728,0,0,16,0,16,565,118,60,1,744,32,0,32,776
10/14/2008,BWI,MD,AEA,EN,Towers with Radar,557,112,48,0,717,0,1,16,0,17,557,113,64,0,734,34,0,34,768
10/15/2008,BWI,MD,AEA,EN,Towers with Radar,562,133,52,3,750,0,0,19,0,19,562,133,71,3,769,36,12,48,817
10/16/2008,BWI,MD,AEA,EN,Towers with Radar,572,122,52,3,749,0,0,18,0,18,572,122,70,3,767,16,0,16,783
10/17/2008,BWI,MD,AEA,EN,Towers with Radar,579,131,56,1,767,0,1,15,1,17,579,132,71,2,784,8,0,8,792
10/18/2008,BWI,MD,AEA,EN,Towers with Radar,474,79,43,0,596,0,0,21,0,21,474,79,64,0,617,0,0,0,617
10/19/2008,BWI,MD,AEA,EN,Towers with Radar,518,98,38,1,655,0,0,9,0,9,518,98,47,1,664,0,0,0,664
10/20/2008,BWI,MD,AEA,EN,Towers with Radar,565,122,44,0,731,0,0,14,0,14,565,122,58,0,745,0,0,0,745
10/21/2008,BWI,MD,AEA,EN,Towers with Radar,557,114,40,2,713,0,2,11,0,13,557,116,51,2,726,32,0,32,758
10/22/2008,BWI,MD,AEA,EN,Towers with Radar,559,127,55,2,743,0,2,8,0,10,559,129,63,2,753,30,0,30,783
10/23/2008,BWI,MD,AEA,EN,Towers with Radar,573,124,55,0,752,0,0,13,0,13,573,124,68,0,765,22,0,22,787
10/24/2008,BWI,MD,AEA,EN,Towers with Radar,584,128,36,0,748,0,0,13,0,13,584,128,49,0,761,0,0,0,761
10/25/2008,BWI,MD,AEA,EN,Towers with Radar,496,76,18,2,592,0,0,0,0,0,496,76,18,2,592,0,0,0,592
10/26/2008,BWI,MD,AEA,EN,Towers with Radar,512,96,48,1,657,0,0,10,0,10,512,96,58,1,667,18,0,18,685
10/27/2008,BWI,MD,AEA,EN,Towers with Radar,564,115,39,4,722,0,0,4,0,4,564,115,43,4,726,0,0,0,726
10/28/2008,BWI,MD,AEA,EN,Towers with Radar,564,116,34,1,715,0,0,0,0,0,564,116,34,1,715,0,0,0,715
10/29/2008,BWI,MD,AEA,EN,Towers with Radar,566,129,50,2,747,0,3,4,0,7,566,132,54,2,754,0,0,0,754
10/30/2008,BWI,MD,AEA,EN,Towers with Radar,574,117,70,3,764,0,0,14,0,14,574,117,84,3,778,18,0,18,796
10/31/2008,BWI,MD,AEA,EN,Towers with Radar,565,126,42,1,734,0,1,16,0,17,565,127,58,1,751,22,0,22,773
11/01/2008,BWI,MD,AEA,EN,Towers with Radar,481,74,29,1,585,0,0,19,1,20,481,74,48,2,605,30,0,30,635
11/02/2008,BWI,MD,AEA,EN,Towers with Radar,507,81,38,0,626,0,0,6,0,6,507,81,44,0,632,0,0,0,632
11/03/2008,BWI,MD,AEA,EN,Towers with Radar,564,110,59,3,736,0,0,2,0,2,564,110,61,3,738,0,0,0,738
11/04/2008,BWI,MD,AEA,EN,Towers with Radar,560,109,55,2,726,0,0,0,0,0,560,109,55,2,726,16,0,16,742
11/05/2008,BWI,MD,AEA,EN,Towers with Radar,559,120,49,0,728,0,0,7,0,7,559,120,56,0,735,0,0,0,735
11/06/2008,BWI,MD,AEA,EN,Towers with Radar,570,112,67,1,750,0,0,0,0,0,570,112,67,1,750,16,0,16,766
11/07/2008,BWI,MD,AEA,EN,Towers with Radar,576,124,56,2,758,0,0,13,0,13,576,124,69,2,771,0,0,0,771
11/08/2008,BWI,MD,AEA,EN,Towers with Radar,478,76,30,1,585,0,0,5,0,5,478,76,35,1,590,0,0,0,590
11/09/2008,BWI,MD,AEA,EN,Towers with Radar,508,92,34,2,636,0,0,21,0,21,508,92,55,2,657,0,0,0,657
11/10/2008,BWI,MD,AEA,EN,Towers with Radar,570,99,44,1,714,0,0,17,0,17,570,99,61,1,731,0,0,0,731
11/11/2008,BWI,MD,AEA,EN,Towers with Radar,557,117,62,0,736,0,0,18,0,18,557,117,80,0,754,36,0,36,790
11/12/2008,BWI,MD,AEA,EN,Towers with Radar,556,113,54,1,724,0,0,18,0,18,556,113,72,1,742,22,0,22,764
11/13/2008,BWI,MD,AEA,EN,Towers with Radar,566,108,61,2,737,0,0,0,0,0,566,108,61,2,737,4,0,4,741
11/14/2008,BWI,MD,AEA,EN,Towers with Radar,576,126,43,5,750,0,0,0,0,0,576,126,43,5,750,6,0,6,756
11/15/2008,BWI,MD,AEA,EN,Towers with Radar,493,77,23,1,594,0,0,0,0,0,493,77,23,1,594,0,0,0,594
11/16/2008,BWI,MD,AEA,EN,Towers with Radar,508,92,42,0,642,0,2,2,0,4,508,94,44,0,646,10,0,10,656
11/17/2008,BWI,MD,AEA,EN,Towers with Radar,571,116,64,2,753,0,0,11,0,11,571,116,75,2,764,4,0,4,768
11/18/2008,BWI,MD,AEA,EN,Towers with Radar,555,117,31,1,704,0,0,5,0,5,555,117,36,1,709,0,0,0,709
11/19/2008,BWI,MD,AEA,EN,Towers with Radar,565,131,33,2,731,0,3,9,0,12,565,134,42,2,743,14,0,14,757
11/20/2008,BWI,MD,AEA,EN,Towers with Radar,575,130,51,1,757,0,2,11,0,13,575,132,62,1,770,0,0,0,770
11/21/2008,BWI,MD,AEA,EN,Towers with Radar,572,120,46,7,745,0,2,4,0,6,572,122,50,7,751,0,0,0,751
11/22/2008,BWI,MD,AEA,EN,Towers with Radar,481,81,27,1,590,0,0,15,0,15,481,81,42,1,605,6,0,6,611
11/23/2008,BWI,MD,AEA,EN,Towers with Radar,516,84,57,2,659,0,0,10,0,10,516,84,67,2,669,0,0,0,669
11/24/2008,BWI,MD,AEA,EN,Towers with Radar,557,111,32,0,700,0,0,6,0,6,557,111,38,0,706,0,0,0,706
11/25/2008,BWI,MD,AEA,EN,Towers with Radar,578,127,40,2,747,0,2,4,1,7,578,129,44,3,754,0,0,0,754
11/26/2008,BWI,MD,AEA,EN,Towers with Radar,575,133,54,0,762,1,0,6,0,7,576,133,60,0,769,6,0,6,775
11/27/2008,BWI,MD,AEA,EN,Towers with Radar,399,60,16,2,477,0,1,2,0,3,399,61,18,2,480,0,0,0,480
11/28/2008,BWI,MD,AEA,EN,Towers with Radar,491,75,17,0,583,0,0,6,0,6,491,75,23,0,589,0,0,0,589
11/29/2008,BWI,MD,AEA,EN,Towers with Radar,518,88,40,0,646,0,1,13,0,14,518,89,53,0,660,0,0,0,660
11/30/2008,BWI,MD,AEA,EN,Towers with Radar,559,96,65,2,722,0,0,2,0,2,559,96,67,2,724,0,0,0,724
12/01/2008,BWI,MD,AEA,EN,Towers with Radar,576,109,41,2,728,0,1,9,0,10,576,110,50,2,738,0,0,0,738
12/02/2008,BWI,MD,AEA,EN,Towers with Radar,577,116,49,0,742,0,0,6,0,6,577,116,55,0,748,0,0,0,748
12/03/2008,BWI,MD,AEA,EN,Towers with Radar,551,124,62,0,737,0,2,14,0,16,551,126,76,0,753,0,0,0,753
12/04/2008,BWI,MD,AEA,EN,Towers with Radar,547,121,65,0,733,0,5,8,0,13,547,126,73,0,746,12,0,12,758
12/05/2008,BWI,MD,AEA,EN,Towers with Radar,563,112,37,2,714,0,0,1,0,1,563,112,38,2,715,0,0,0,715
12/06/2008,BWI,MD,AEA,EN,Towers with Radar,470,79,30,0,579,0,0,14,0,14,470,79,44,0,593,0,0,0,593
12/07/2008,BWI,MD,AEA,EN,Towers with Radar,505,86,33,4,628,0,0,2,0,2,505,86,35,4,630,0,0,0,630
12/08/2008,BWI,MD,AEA,EN,Towers with Radar,547,110,61,0,718,0,0,4,0,4,547,110,65,0,722,16,0,16,738
12/09/2008,BWI,MD,AEA,EN,Towers with Radar,543,115,43,2,703,0,0,15,0,15,543,115,58,2,718,0,0,0,718
12/10/2008,BWI,MD,AEA,EN,Towers with Radar,535,113,38,1,687,0,0,1,0,1,535,113,39,1,688,0,0,0,688
12/11/2008,BWI,MD,AEA,EN,Towers with Radar,552,115,41,2,710,1,0,0,0,1,553,115,41,2,711,0,0,0,711
12/12/2008,BWI,MD,AEA,EN,Towers with Radar,557,115,32,2,706,0,0,2,0,2,557,115,34,2,708,0,0,0,708
12/13/2008,BWI,MD,AEA,EN,Towers with Radar,474,83,27,0,584,0,0,8,0,8,474,83,35,0,592,0,0,0,592
12/14/2008,BWI,MD,AEA,EN,Towers with Radar,521,92,24,2,639,0,0,12,0,12,521,92,36,2,651,0,0,0,651
12/15/2008,BWI,MD,AEA,EN,Towers with Radar,545,119,47,1,712,0,0,9,0,9,545,119,56,1,721,0,0,0,721
12/16/2008,BWI,MD,AEA,EN,Towers with Radar,534,114,56,2,706,0,0,2,0,2,534,114,58,2,708,0,0,0,708
12/17/2008,BWI,MD,AEA,EN,Towers with Radar,552,134,45,0,731,0,0,0,0,0,552,134,45,0,731,0,0,0,731
12/18/2008,BWI,MD,AEA,EN,Towers with Radar,551,130,47,2,730,0,0,17,0,17,551,130,64,2,747,0,0,0,747
12/19/2008,BWI,MD,AEA,EN,Towers with Radar,526,114,33,1,674,0,0,0,0,0,526,114,33,1,674,0,0,0,674
12/20/2008,BWI,MD,AEA,EN,Towers with Radar,497,76,36,0,609,0,1,2,0,3,497,77,38,0,612,0,0,0,612
12/21/2008,BWI,MD,AEA,EN,Towers with Radar,494,72,38,0,604,0,0,3,0,3,494,72,41,0,607,0,0,0,607
12/22/2008,BWI,MD,AEA,EN,Towers with Radar,544,113,27,2,686,0,0,7,0,7,544,113,34,2,693,0,0,0,693
12/23/2008,BWI,MD,AEA,EN,Towers with Radar,553,126,50,1,730,0,0,13,0,13,553,126,63,1,743,0,0,0,743
12/24/2008,BWI,MD,AEA,EN,Towers with Radar,475,94,6,1,576,0,0,2,2,4,475,94,8,3,580,0,0,0,580
12/25/2008,BWI,MD,AEA,EN,Towers with Radar,451,58,14,0,523,0,0,0,0,0,451,58,14,0,523,0,0,0,523
12/26/2008,BWI,MD,AEA,EN,Towers with Radar,540,92,16,1,649,0,0,6,0,6,540,92,22,1,655,0,0,0,655
12/27/2008,BWI,MD,AEA,EN,Towers with Radar,518,83,23,2,626,0,0,0,0,0,518,83,23,2,626,0,0,0,626
12/28/2008,BWI,MD,AEA,EN,Towers with Radar,504,86,13,0,603,0,0,1,0,1,504,86,14,0,604,0,0,0,604
12/29/2008,BWI,MD,AEA,EN,Towers with Radar,556,89,24,0,669,0,0,6,0,6,556,89,30,0,675,0,0,0,675
12/30/2008,BWI,MD,AEA,EN,Towers with Radar,567,111,17,3,698,0,0,9,0,9,567,111,26,3,707,0,0,0,707
12/31/2008,BWI,MD,AEA,EN,Towers with Radar,442,94,4,0,540,0,0,1,0,1,442,94,5,0,541,0,0,0,541
01/01/2009,BWI,MD,AEA,EN,Towers with Radar,473,66,9,2,550,0,0,12,0,12,473,66,21,2,562,16,0,16,578
01/02/2009,BWI,MD,AEA,EN,Towers with Radar,545,93,16,1,655,0,0,3,0,3,545,93,19,1,658,0,0,0,658
01/03/2009,BWI,MD,AEA,EN,Towers with Radar,510,94,34,1,639,0,0,10,0,10,510,94,44,1,649,0,0,0,649
01/04/2009,BWI,MD,AEA,EN,Towers with Radar,528,93,31,3,655,0,0,2,0,2,528,93,33,3,657,0,0,0,657
01/05/2009,BWI,MD,AEA,EN,Towers with Radar,541,119,15,1,676,0,4,4,0,8,541,123,19,1,684,0,0,0,684
01/06/2009,BWI,MD,AEA,EN,Towers with Radar,517,110,16,3,646,0,0,0,0,0,517,110,16,3,646,0,0,0,646
01/07/2009,BWI,MD,AEA,EN,Towers with Radar,516,126,37,1,680,0,0,0,0,0,516,126,37,1,680,0,0,0,680
01/08/2009,BWI,MD,AEA,EN,Towers with Radar,536,129,29,2,696,1,2,7,0,10,537,131,36,2,706,0,0,0,706
01/09/2009,BWI,MD,AEA,EN,Towers with Radar,548,136,40,0,724,0,0,11,1,12,548,136,51,1,736,0,0,0,736
01/10/2009,BWI,MD,AEA,EN,Towers with Radar,454,75,8,0,537,0,0,9,0,9,454,75,17,0,546,0,0,0,546
01/11/2009,BWI,MD,AEA,EN,Towers with Radar,474,89,18,1,582,0,0,5,1,6,474,89,23,2,588,0,0,0,588
01/12/2009,BWI,MD,AEA,EN,Towers with Radar,516,116,44,1,677,0,0,9,0,9,516,116,53,1,686,0,0,0,686
01/13/2009,BWI,MD,AEA,EN,Towers with Radar,498,127,35,3,663,0,1,4,0,5,498,128,39,3,668,16,0,16,684
01/14/2009,BWI,MD,AEA,EN,Towers with Radar,513,140,42,0,695,0,0,4,0,4,513,140,46,0,699,0,0,0,699
01/15/2009,BWI,MD,AEA,EN,Towers with Radar,519,121,33,0,673,0,0,2,0,2,519,121,35,0,675,0,0,0,675
01/16/2009,BWI,MD,AEA,EN,Towers with Radar,529,126,26,3,684,0,0,13,0,13,529,126,39,3,697,0,0,0,697
01/17/2009,BWI,MD,AEA,EN,Towers with Radar,466,92,20,2,580,0,0,2,0,2,466,92,22,2,582,0,0,0,582
01/18/2009,BWI,MD,AEA,EN,Towers with Radar,469,85,25,1,580,0,0,0,0,0,469,85,25,1,580,0,0,0,580
01/19/2009,BWI,MD,AEA,EN,Towers with Radar,526,123,44,1,694,0,0,2,0,2,526,123,46,1,696,0,0,0,696
01/20/2009,BWI,MD,AEA,EN,Towers with Radar,507,142,27,1,677,0,0,7,0,7,507,142,34,1,684,0,0,0,684
01/21/2009,BWI,MD,AEA,EN,Towers with Radar,538,158,62,0,758,0,0,11,0,11,538,158,73,0,769,0,0,0,769
01/22/2009,BWI,MD,AEA,EN,Towers with Radar,528,132,50,7,717,0,4,9,1,14,528,136,59,8,731,0,0,0,731
01/23/2009,BWI,MD,AEA,EN,Towers with Radar,527,127,45,0,699,0,0,17,0,17,527,127,62,0,716,0,0,0,716
01/24/2009,BWI,MD,AEA,EN,Towers with Radar,434,78,20,0,532,0,2,10,0,12,434,80,30,0,544,14,0,14,558
01/25/2009,BWI,MD,AEA,EN,Towers with Radar,467,89,25,2,583,0,0,9,0,9,467,89,34,2,592,22,0,22,614
01/26/2009,BWI,MD,AEA,EN,Towers with Radar,511,115,31,4,661,0,0,11,0,11,511,115,42,4,672,0,0,0,672
01/27/2009,BWI,MD,AEA,EN,Towers with Radar,474,122,11,1,608,0,0,0,0,0,474,122,11,1,608,0,0,0,608
01/28/2009,BWI,MD,AEA,EN,Towers with Radar,430,79,27,1,537,0,0,0,0,0,430,79,27,1,537,0,0,0,537
01/29/2009,BWI,MD,AEA,EN,Towers with Radar,525,135,45,1,706,0,0,8,0,8,525,135,53,1,714,0,0,0,714
01/30/2009,BWI,MD,AEA,EN,Towers with Radar,531,126,37,0,694,0,3,7,0,10,531,129,44,0,704,0,0,0,704
01/31/2009,BWI,MD,AEA,EN,Towers with Radar,430,82,14,1,527,0,0,3,0,3,430,82,17,1,530,0,0,0,530
02/01/2009,BWI,MD,AEA,EN,Towers with Radar,470,97,31,2,600,0,0,11,0,11,470,97,42,2,611,16,0,16,627
02/02/2009,BWI,MD,AEA,EN,Towers with Radar,508,124,45,1,678,0,0,5,0,5,508,124,50,1,683,14,0,14,697
02/03/2009,BWI,MD,AEA,EN,Towers with Radar,509,112,29,2,652,0,0,1,0,1,509,112,30,2,653,14,0,14,667
02/04/2009,BWI,MD,AEA,EN,Towers with Radar,514,130,38,6,688,0,1,5,1,7,514,131,43,7,695,22,0,22,717
02/05/2009,BWI,MD,AEA,EN,Towers with Radar,523,130,44,1,698,0,0,5,0,5,523,130,49,1,703,18,0,18,721
02/06/2009,BWI,MD,AEA,EN,Towers with Radar,527,123,39,2,691,0,1,12,0,13,527,124,51,2,704,8,0,8,712
02/07/2009,BWI,MD,AEA,EN,Towers with Radar,435,79,36,1,551,0,0,10,0,10,435,79,46,1,561,14,0,14,575
02/08/2009,BWI,MD,AEA,EN,Towers with Radar,454,86,10,3,553,0,0,5,0,5,454,86,15,3,558,14,0,14,572
02/09/2009,BWI,MD,AEA,EN,Towers with Radar,517,118,54,2,691,0,0,5,0,5,517,118,59,2,696,20,0,20,716
02/10/2009,BWI,MD,AEA,EN,Towers with Radar,512,121,54,2,689,0,0,11,0,11,512,121,65,2,700,26,0,26,726
02/11/2009,BWI,MD,AEA,EN,Towers with Radar,507,127,34,0,668,0,0,4,0,4,507,127,38,0,672,28,0,28,700
02/12/2009,BWI,MD,AEA,EN,Towers with Radar,538,138,39,8,723,0,0,0,0,0,538,138,39,8,723,18,0,18,741
02/13/2009,BWI,MD,AEA,EN,Towers with Radar,538,132,40,1,711,0,0,0,0,0,538,132,40,1,711,26,0,26,737
02/14/2009,BWI,MD,AEA,EN,Towers with Radar,444,87,23,2,556,0,1,0,0,1,444,88,23,2,557,34,0,34,591
02/15/2009,BWI,MD,AEA,EN,Towers with Radar,480,96,23,0,599,0,0,0,0,0,480,96,23,0,599,26,0,26,625
02/16/2009,BWI,MD,AEA,EN,Towers with Radar,529,115,32,0,676,0,0,1,0,1,529,115,33,0,677,0,0,0,677
02/17/2009,BWI,MD,AEA,EN,Towers with Radar,535,125,35,0,695,0,0,0,0,0,535,125,35,0,695,0,0,0,695
02/18/2009,BWI,MD,AEA,EN,Towers with Radar,523,138,29,0,690,0,0,0,0,0,523,138,29,0,690,12,0,12,702
02/19/2009,BWI,MD,AEA,EN,Towers with Radar,545,134,35,5,719,0,0,2,0,2,545,134,37,5,721,0,0,0,721
02/20/2009,BWI,MD,AEA,EN,Towers with Radar,541,125,27,5,698,0,0,0,0,0,541,125,27,5,698,0,0,0,698
02/21/2009,BWI,MD,AEA,EN,Towers with Radar,440,86,45,6,577,0,0,1,0,1,440,86,46,6,578,0,0,0,578
02/22/2009,BWI,MD,AEA,EN,Towers with Radar,483,89,9,1,582,0,0,1,0,1,483,89,10,1,583,24,0,24,607
02/23/2009,BWI,MD,AEA,EN,Towers with Radar,520,119,39,2,680,0,0,0,0,0,520,119,39,2,680,0,0,0,680
02/24/2009,BWI,MD,AEA,EN,Towers with Radar,531,128,54,0,713,0,0,0,0,0,531,128,54,0,713,10,0,10,723
02/25/2009,BWI,MD,AEA,EN,Towers with Radar,532,127,46,1,706,0,0,0,0,0,532,127,46,1,706,28,0,28,734
02/26/2009,BWI,MD,AEA,EN,Towers with Radar,535,133,48,2,718,0,0,0,0,0,535,133,48,2,718,0,0,0,718
02/27/2009,BWI,MD,AEA,EN,Towers with Radar,548,129,40,1,718,0,0,0,0,0,548,129,40,1,718,0,0,0,718
02/28/2009,BWI,MD,AEA,EN,Towers with Radar,447,88,34,2,571,0,0,0,0,0,447,88,34,2,571,0,0,0,571
03/01/2009,BWI,MD,AEA,EN,Towers with Radar,431,88,22,1,542,0,0,0,0,0,431,88,22,1,542,0,0,0,542
03/02/2009,BWI,MD,AEA,EN,Towers with Radar,414,62,23,7,506,0,0,0,0,0,414,62,23,7,506,0,0,0,506
03/03/2009,BWI,MD,AEA,EN,Towers with Radar,543,115,38,0,696,0,0,1,1,2,543,115,39,1,698,0,0,0,698
03/04/2009,BWI,MD,AEA,EN,Towers with Radar,533,124,59,0,716,0,0,1,2,3,533,124,60,2,719,12,0,12,731
03/05/2009,BWI,MD,AEA,EN,Towers with Radar,553,128,60,3,744,0,0,3,0,3,553,128,63,3,747,2,0,2,749
03/06/2009,BWI,MD,AEA,EN,Towers with Radar,547,125,52,6,730,0,0,0,0,0,547,125,52,6,730,14,0,14,744
03/07/2009,BWI,MD,AEA,EN,Towers with Radar,492,85,45,2,624,0,1,0,0,1,492,86,45,2,625,10,0,10,635
03/08/2009,BWI,MD,AEA,EN,Towers with Radar,528,85,48,2,663,0,0,2,0,2,528,85,50,2,665,8,0,8,673
03/09/2009,BWI,MD,AEA,EN,Towers with Radar,552,108,27,4,691,0,0,0,1,1,552,108,27,5,692,8,0,8,700
03/10/2009,BWI,MD,AEA,EN,Towers with Radar,552,120,51,0,723,0,0,0,0,0,552,120,51,0,723,6,0,6,729
03/11/2009,BWI,MD,AEA,EN,Towers with Radar,560,110,40,4,714,0,0,0,0,0,560,110,40,4,714,2,0,2,716
03/12/2009,BWI,MD,AEA,EN,Towers with Radar,569,139,67,0,775,0,0,2,0,2,569,139,69,0,777,8,0,8,785
03/13/2009,BWI,MD,AEA,EN,Towers with Radar,562,135,53,1,751,0,0,1,0,1,562,135,54,1,752,0,0,0,752
03/14/2009,BWI,MD,AEA,EN,Towers with Radar,495,85,29,0,609,0,0,0,0,0,495,85,29,0,609,0,0,0,609
03/15/2009,BWI,MD,AEA,EN,Towers with Radar,529,95,25,1,650,0,0,0,0,0,529,95,25,1,650,0,0,0,650
03/16/2009,BWI,MD,AEA,EN,Towers with Radar,561,114,37,1,713,0,0,0,1,1,561,114,37,2,714,0,0,0,714
03/17/2009,BWI,MD,AEA,EN,Towers with Radar,571,126,59,0,756,0,0,1,0,1,571,126,60,0,757,0,0,0,757
03/18/2009,BWI,MD,AEA,EN,Towers with Radar,558,129,48,2,737,0,0,1,0,1,558,129,49,2,738,0,0,0,738
03/19/2009,BWI,MD,AEA,EN,Towers with Radar,566,130,41,3,740,0,0,0,0,0,566,130,41,3,740,0,0,0,740
03/20/2009,BWI,MD,AEA,EN,Towers with Radar,572,123,57,2,754,0,1,6,1,8,572,124,63,3,762,22,0,22,784
03/21/2009,BWI,MD,AEA,EN,Towers with Radar,488,84,50,1,623,0,0,2,0,2,488,84,52,1,625,22,0,22,647
03/22/2009,BWI,MD,AEA,EN,Towers with Radar,532,97,42,0,671,0,0,3,0,3,532,97,45,0,674,0,0,0,674
03/23/2009,BWI,MD,AEA,EN,Towers with Radar,556,116,47,1,720,0,0,1,0,1,556,116,48,1,721,0,0,0,721
03/24/2009,BWI,MD,AEA,EN,Towers with Radar,559,151,55,2,767,0,0,4,1,5,559,151,59,3,772,0,0,0,772
03/25/2009,BWI,MD,AEA,EN,Towers with Radar,562,141,80,0,783,0,1,2,0,3,562,142,82,0,786,10,0,10,796
03/26/2009,BWI,MD,AEA,EN,Towers with Radar,560,141,42,0,743,0,0,0,0,0,560,141,42,0,743,0,0,0,743
03/27/2009,BWI,MD,AEA,EN,Towers with Radar,578,151,60,3,792,0,0,1,0,1,578,151,61,3,793,0,0,0,793
03/28/2009,BWI,MD,AEA,EN,Towers with Radar,500,96,29,0,625,0,0,0,0,0,500,96,29,0,625,0,0,0,625
03/29/2009,BWI,MD,AEA,EN,Towers with Radar,557,99,33,2,691,0,0,0,0,0,557,99,33,2,691,0,0,0,691
03/30/2009,BWI,MD,AEA,EN,Towers with Radar,555,132,23,0,710,0,0,2,0,2,555,132,25,0,712,0,0,0,712
03/31/2009,BWI,MD,AEA,EN,Towers with Radar,566,138,59,0,763,0,0,1,2,3,566,138,60,2,766,0,0,0,766
04/01/2009,BWI,MD,AEA,EN,Towers with Radar,560,144,25,2,731,0,0,0,0,0,560,144,25,2,731,0,0,0,731
04/02/2009,BWI,MD,AEA,EN,Towers with Radar,560,148,36,4,748,0,0,0,0,0,560,148,36,4,748,0,0,0,748
04/03/2009,BWI,MD,AEA,EN,Towers with Radar,576,141,34,5,756,0,0,0,0,0,576,141,34,5,756,0,0,0,756
04/04/2009,BWI,MD,AEA,EN,Towers with Radar,494,105,19,4,622,0,0,0,0,0,494,105,19,4,622,0,0,0,622
04/05/2009,BWI,MD,AEA,EN,Towers with Radar,520,107,48,0,675,0,0,2,0,2,520,107,50,0,677,20,0,20,697
04/06/2009,BWI,MD,AEA,EN,Towers with Radar,573,135,16,1,725,0,0,0,0,0,573,135,16,1,725,0,0,0,725
04/07/2009,BWI,MD,AEA,EN,Towers with Radar,571,142,49,4,766,0,0,1,0,1,571,142,50,4,767,34,0,34,801
04/08/2009,BWI,MD,AEA,EN,Towers with Radar,571,159,48,1,779,0,0,2,0,2,571,159,50,1,781,0,0,0,781
04/09/2009,BWI,MD,AEA,EN,Towers with Radar,576,171,72,1,820,0,0,2,1,3,576,171,74,2,823,0,0,0,823
04/10/2009,BWI,MD,AEA,EN,Towers with Radar,572,146,31,4,753,0,0,0,0,0,572,146,31,4,753,0,0,0,753
04/11/2009,BWI,MD,AEA,EN,Towers with Radar,492,106,13,0,611,0,0,0,0,0,492,106,13,0,611,0,0,0,611
04/12/2009,BWI,MD,AEA,EN,Towers with Radar,525,124,20,0,669,0,0,0,0,0,525,124,20,0,669,0,0,0,669
04/13/2009,BWI,MD,AEA,EN,Towers with Radar,557,148,51,0,756,0,0,1,0,1,557,148,52,0,757,0,0,0,757
04/14/2009,BWI,MD,AEA,EN,Towers with Radar,572,146,33,0,751,0,0,0,0,0,572,146,33,0,751,0,0,0,751
04/15/2009,BWI,MD,AEA,EN,Towers with Radar,567,146,38,1,752,0,1,0,0,1,567,147,38,1,753,16,0,16,769
04/16/2009,BWI,MD,AEA,EN,Towers with Radar,570,147,65,1,783,0,0,3,2,5,570,147,68,3,788,16,0,16,804
04/17/2009,BWI,MD,AEA,EN,Towers with Radar,564,149,63,2,778,0,0,3,2,5,564,149,66,4,783,0,0,0,783
04/18/2009,BWI,MD,AEA,EN,Towers with Radar,488,101,34,1,624,0,2,13,0,15,488,103,47,1,639,0,0,0,639
04/19/2009,BWI,MD,AEA,EN,Towers with Radar,521,109,18,0,648,0,0,12,0,12,521,109,30,0,660,16,0,16,676
04/20/2009,BWI,MD,AEA,EN,Towers with Radar,576,117,42,3,738,0,0,0,0,0,576,117,42,3,738,0,0,0,738
04/21/2009,BWI,MD,AEA,EN,Towers with Radar,575,148,51,0,774,0,3,5,0,8,575,151,56,0,782,0,0,0,782
04/22/2009,BWI,MD,AEA,EN,Towers with Radar,575,145,54,1,775,0,0,2,1,3,575,145,56,2,778,0,0,0,778
04/23/2009,BWI,MD,AEA,EN,Towers with Radar,579,146,42,2,769,0,0,8,0,8,579,146,50,2,777,0,0,0,777
04/24/2009,BWI,MD,AEA,EN,Towers with Radar,580,141,52,1,774,0,0,6,1,7,580,141,58,2,781,0,0,0,781
04/25/2009,BWI,MD,AEA,EN,Towers with Radar,489,94,13,0,596,0,0,11,0,11,489,94,24,0,607,0,0,0,607
04/26/2009,BWI,MD,AEA,EN,Towers with Radar,522,107,47,1,677,0,0,12,0,12,522,107,59,1,689,0,0,0,689
04/27/2009,BWI,MD,AEA,EN,Towers with Radar,570,128,27,2,727,0,0,14,1,15,570,128,41,3,742,0,0,0,742
04/28/2009,BWI,MD,AEA,EN,Towers with Radar,574,138,48,0,760,0,1,12,0,13,574,139,60,0,773,0,0,0,773
04/29/2009,BWI,MD,AEA,EN,Towers with Radar,576,147,41,0,764,0,0,7,0,7,576,147,48,0,771,0,0,0,771
04/30/2009,BWI,MD,AEA,EN,Towers with Radar,581,151,44,0,776,0,0,18,0,18,581,151,62,0,794,0,0,0,794
05/01/2009,BWI,MD,AEA,EN,Towers with Radar,584,147,32,3,766,0,0,2,1,3,584,147,34,4,769,0,0,0,769
05/02/2009,BWI,MD,AEA,EN,Towers with Radar,502,93,26,0,621,0,4,11,0,15,502,97,37,0,636,0,0,0,636
05/03/2009,BWI,MD,AEA,EN,Towers with Radar,520,122,22,1,665,0,0,0,0,0,520,122,22,1,665,0,0,0,665
05/04/2009,BWI,MD,AEA,EN,Towers with Radar,560,131,48,1,740,0,0,0,0,0,560,131,48,1,740,0,0,0,740
05/05/2009,BWI,MD,AEA,EN,Towers with Radar,582,142,54,1,779,0,2,0,2,4,582,144,54,3,783,0,0,0,783
05/06/2009,BWI,MD,AEA,EN,Towers with Radar,583,155,51,3,792,0,0,2,0,2,583,155,53,3,794,0,0,0,794
05/07/2009,BWI,MD,AEA,EN,Towers with Radar,605,144,27,1,777,0,0,7,0,7,605,144,34,1,784,0,0,0,784
05/08/2009,BWI,MD,AEA,EN,Towers with Radar,597,152,42,0,791,0,4,16,0,20,597,156,58,0,811,0,0,0,811
05/09/2009,BWI,MD,AEA,EN,Towers with Radar,507,99,15,1,622,0,4,6,0,10,507,103,21,1,632,0,0,0,632
05/10/2009,BWI,MD,AEA,EN,Towers with Radar,541,111,21,10,683,0,4,11,0,15,541,115,32,10,698,8,0,8,706
05/11/2009,BWI,MD,AEA,EN,Towers with Radar,578,137,70,1,786,0,4,16,0,20,578,141,86,1,806,0,0,0,806
05/12/2009,BWI,MD,AEA,EN,Towers with Radar,573,147,65,3,788,0,6,27,0,33,573,153,92,3,821,0,0,0,821
05/13/2009,BWI,MD,AEA,EN,Towers with Radar,575,154,59,18,806,0,0,8,1,9,575,154,67,19,815,8,0,8,823
05/14/2009,BWI,MD,AEA,EN,Towers with Radar,591,155,49,25,820,0,2,7,0,9,591,157,56,25,829,0,0,0,829
05/15/2009,BWI,MD,AEA,EN,Towers with Radar,577,157,40,35,809,0,0,1,0,1,577,157,41,35,810,0,0,0,810
05/16/2009,BWI,MD,AEA,EN,Towers with Radar,521,110,36,25,692,0,0,2,0,2,521,110,38,25,694,6,0,6,700
05/17/2009,BWI,MD,AEA,EN,Towers with Radar,524,129,54,7,714,0,0,6,0,6,524,129,60,7,720,0,0,0,720
05/18/2009,BWI,MD,AEA,EN,Towers with Radar,579,138,60,20,797,1,2,6,0,9,580,140,66,20,806,0,0,0,806
05/19/2009,BWI,MD,AEA,EN,Towers with Radar,573,144,42,2,761,0,1,15,0,16,573,145,57,2,777,0,0,0,777
05/20/2009,BWI,MD,AEA,EN,Towers with Radar,583,157,59,1,800,0,0,12,0,12,583,157,71,1,812,0,0,0,812
05/21/2009,BWI,MD,AEA,EN,Towers with Radar,605,157,66,3,831,0,0,16,0,16,605,157,82,3,847,0,0,0,847
05/22/2009,BWI,MD,AEA,EN,Towers with Radar,598,166,59,1,824,0,2,16,0,18,598,168,75,1,842,22,0,22,864
05/23/2009,BWI,MD,AEA,EN,Towers with Radar,496,99,27,2,624,0,0,6,0,6,496,99,33,2,630,0,0,0,630
05/24/2009,BWI,MD,AEA,EN,Towers with Radar,462,93,28,1,584,0,0,14,0,14,462,93,42,1,598,0,0,0,598
05/25/2009,BWI,MD,AEA,EN,Towers with Radar,545,126,37,1,709,0,0,2,0,2,545,126,39,1,711,10,0,10,721
05/26/2009,BWI,MD,AEA,EN,Towers with Radar,580,141,30,2,753,0,0,0,0,0,580,141,30,2,753,0,0,0,753
05/27/2009,BWI,MD,AEA,EN,Towers with Radar,598,144,31,1,774,0,0,2,0,2,598,144,33,1,776,0,0,0,776
05/28/2009,BWI,MD,AEA,EN,Towers with Radar,604,158,52,4,818,0,0,0,0,0,604,158,52,4,818,0,0,0,818
05/29/2009,BWI,MD,AEA,EN,Towers with Radar,595,150,36,6,787,0,0,0,1,1,595,150,36,7,788,0,0,0,788
05/30/2009,BWI,MD,AEA,EN,Towers with Radar,512,103,47,1,663,0,0,14,0,14,512,103,61,1,677,0,0,0,677
05/31/2009,BWI,MD,AEA,EN,Towers with Radar,538,106,28,0,672,0,0,13,0,13,538,106,41,0,685,0,0,0,685
06/01/2009,BWI,MD,AEA,EN,Towers with Radar,581,140,54,1,776,0,0,13,0,13,581,140,67,1,789,0,0,0,789
06/02/2009,BWI,MD,AEA,EN,Towers with Radar,593,148,54,2,797,0,0,23,0,23,593,148,77,2,820,0,0,0,820
06/03/2009,BWI,MD,AEA,EN,Towers with Radar,551,142,59,4,756,1,0,6,0,7,552,142,65,4,763,0,0,0,763
06/04/2009,BWI,MD,AEA,EN,Towers with Radar,639,168,41,1,849,0,0,0,0,0,639,168,41,1,849,0,0,0,849
06/05/2009,BWI,MD,AEA,EN,Towers with Radar,600,139,54,1,794,0,0,0,0,0,600,139,54,1,794,0,0,0,794
06/06/2009,BWI,MD,AEA,EN,Towers with Radar,519,106,31,1,657,0,0,12,1,13,519,106,43,2,670,0,0,0,670
06/07/2009,BWI,MD,AEA,EN,Towers with Radar,549,120,34,0,703,0,0,18,0,18,549,120,52,0,721,0,0,0,721
06/08/2009,BWI,MD,AEA,EN,Towers with Radar,604,139,50,4,797,0,0,10,0,10,604,139,60,4,807,0,0,0,807
06/09/2009,BWI,MD,AEA,EN,Towers with Radar,533,139,47,8,727,0,0,7,0,7,533,139,54,8,734,0,0,0,734
06/10/2009,BWI,MD,AEA,EN,Towers with Radar,620,154,57,3,834,0,0,2,0,2,620,154,59,3,836,10,0,10,846
06/11/2009,BWI,MD,AEA,EN,Towers with Radar,589,144,55,4,792,0,0,1,0,1,589,144,56,4,793,0,0,0,793
06/12/2009,BWI,MD,AEA,EN,Towers with Radar,605,146,49,4,804,0,0,7,0,7,605,146,56,4,811,10,0,10,821
06/13/2009,BWI,MD,AEA,EN,Towers with Radar,546,102,58,1,707,0,0,7,0,7,546,102,65,1,714,20,0,20,734
06/14/2009,BWI,MD,AEA,EN,Towers with Radar,560,126,45,0,731,0,1,5,0,6,560,127,50,0,737,0,0,0,737
06/15/2009,BWI,MD,AEA,EN,Towers with Radar,603,138,52,0,793,0,0,7,0,7,603,138,59,0,800,0,0,0,800
06/16/2009,BWI,MD,AEA,EN,Towers with Radar,587,165,31,1,784,0,0,3,1,4,587,165,34,2,788,0,0,0,788
06/17/2009,BWI,MD,AEA,EN,Towers with Radar,596,169,62,2,829,0,0,2,0,2,596,169,64,2,831,0,0,0,831
06/18/2009,BWI,MD,AEA,EN,Towers with Radar,595,155,41,1,792,0,0,2,0,2,595,155,43,1,794,0,0,0,794
06/19/2009,BWI,MD,AEA,EN,Towers with Radar,607,136,42,1,786,0,0,14,1,15,607,136,56,2,801,0,0,0,801
06/20/2009,BWI,MD,AEA,EN,Towers with Radar,535,102,20,0,657,0,0,3,0,3,535,102,23,0,660,10,0,10,670
06/21/2009,BWI,MD,AEA,EN,Towers with Radar,545,117,25,0,687,0,0,0,0,0,545,117,25,0,687,0,0,0,687
06/22/2009,BWI,MD,AEA,EN,Towers with Radar,590,134,49,1,774,0,1,9,0,10,590,135,58,1,784,0,0,0,784
06/23/2009,BWI,MD,AEA,EN,Towers with Radar,601,164,50,2,817,0,2,9,0,11,601,166,59,2,828,16,0,16,844
06/24/2009,BWI,MD,AEA,EN,Towers with Radar,593,154,69,2,818,0,0,16,0,16,593,154,85,2,834,16,0,16,850
06/25/2009,BWI,MD,AEA,EN,Towers with Radar,598,158,49,2,807,0,0,10,0,10,598,158,59,2,817,6,0,6,823
06/26/2009,BWI,MD,AEA,EN,Towers with Radar,622,147,34,2,805,0,0,10,0,10,622,147,44,2,815,0,0,0,815
06/27/2009,BWI,MD,AEA,EN,Towers with Radar,525,103,28,0,656,0,0,15,0,15,525,103,43,0,671,12,0,12,683
06/28/2009,BWI,MD,AEA,EN,Towers with Radar,562,126,36,0,724,0,2,5,0,7,562,128,41,0,731,50,0,50,781
06/29/2009,BWI,MD,AEA,EN,Towers with Radar,597,137,34,0,768,0,0,7,0,7,597,137,41,0,775,0,0,0,775
06/30/2009,BWI,MD,AEA,EN,Towers with Radar,598,142,33,0,773,0,0,10,1,11,598,142,43,1,784,0,0,0,784
07/01/2009,BWI,MD,AEA,EN,Towers with Radar,605,152,50,2,809,0,0,10,2,12,605,152,60,4,821,10,0,10,831
07/02/2009,BWI,MD,AEA,EN,Towers with Radar,609,148,48,3,808,0,0,8,1,9,609,148,56,4,817,0,0,0,817
07/03/2009,BWI,MD,AEA,EN,Towers with Radar,590,128,40,0,758,0,0,20,0,20,590,128,60,0,778,28,0,28,806
07/04/2009,BWI,MD,AEA,EN,Towers with Radar,414,77,5,0,496,0,0,4,0,4,414,77,9,0,500,0,0,0,500
07/05/2009,BWI,MD,AEA,EN,Towers with Radar,550,102,9,0,661,0,0,2,0,2,550,102,11,0,663,0,0,0,663
07/06/2009,BWI,MD,AEA,EN,Towers with Radar,593,143,39,1,776,0,0,7,0,7,593,143,46,1,783,0,0,0,783
07/07/2009,BWI,MD,AEA,EN,Towers with Radar,614,144,28,2,788,0,1,6,0,7,614,145,34,2,795,10,0,10,805
07/08/2009,BWI,MD,AEA,EN,Towers with Radar,602,156,55,1,814,0,0,14,2,16,602,156,69,3,830,30,0,30,860
07/09/2009,BWI,MD,AEA,EN,Towers with Radar,607,161,45,2,815,0,0,11,0,11,607,161,56,2,826,0,0,0,826
07/10/2009,BWI,MD,AEA,EN,Towers with Radar,605,140,41,6,792,0,1,24,1,26,605,141,65,7,818,22,0,22,840
07/11/2009,BWI,MD,AEA,EN,Towers with Radar,525,94,16,1,636,0,0,5,0,5,525,94,21,1,641,0,0,0,641
07/12/2009,BWI,MD,AEA,EN,Towers with Radar,567,102,30,0,699,0,2,6,0,8,567,104,36,0,707,10,0,10,717
07/13/2009,BWI,MD,AEA,EN,Towers with Radar,602,133,31,0,766,0,1,17,0,18,602,134,48,0,784,14,0,14,798
07/14/2009,BWI,MD,AEA,EN,Towers with Radar,603,152,33,0,788,0,0,11,0,11,603,152,44,0,799,0,0,0,799
07/15/2009,BWI,MD,AEA,EN,Towers with Radar,601,159,55,0,815,0,0,4,0,4,601,159,59,0,819,0,0,0,819
07/16/2009,BWI,MD,AEA,EN,Towers with Radar,615,154,50,2,821,0,2,10,0,12,615,156,60,2,833,6,0,6,839
07/17/2009,BWI,MD,AEA,EN,Towers with Radar,607,156,36,1,800,0,0,2,0,2,607,156,38,1,802,0,0,0,802
07/18/2009,BWI,MD,AEA,EN,Towers with Radar,528,104,21,2,655,0,0,6,0,6,528,104,27,2,661,0,0,0,661
07/19/2009,BWI,MD,AEA,EN,Towers with Radar,562,106,35,2,705,0,0,10,0,10,562,106,45,2,715,12,0,12,727
07/20/2009,BWI,MD,AEA,EN,Towers with Radar,595,138,34,2,769,0,0,8,2,10,595,138,42,4,779,8,0,8,787
07/21/2009,BWI,MD,AEA,EN,Towers with Radar,600,156,35,0,791,0,0,7,0,7,600,156,42,0,798,0,0,0,798
07/22/2009,BWI,MD,AEA,EN,Towers with Radar,595,166,44,1,806,0,0,39,0,39,595,166,83,1,845,18,0,18,863
07/23/2009,BWI,MD,AEA,EN,Towers with Radar,610,154,47,0,811,0,0,10,0,10,610,154,57,0,821,0,0,0,821
07/24/2009,BWI,MD,AEA,EN,Towers with Radar,626,170,56,1,853,0,0,13,0,13,626,170,69,1,866,22,0,22,888
07/25/2009,BWI,MD,AEA,EN,Towers with Radar,526,100,28,0,654,0,0,10,0,10,526,100,38,0,664,0,0,0,664
07/26/2009,BWI,MD,AEA,EN,Towers with Radar,571,110,25,0,706,0,0,4,0,4,571,110,29,0,710,0,0,0,710
07/27/2009,BWI,MD,AEA,EN,Towers with Radar,601,149,35,1,786,0,0,3,0,3,601,149,38,1,789,0,0,0,789
07/28/2009,BWI,MD,AEA,EN,Towers with Radar,599,154,29,5,787,1,0,11,0,12,600,154,40,5,799,0,0,0,799
07/29/2009,BWI,MD,AEA,EN,Towers with Radar,615,135,54,2,806,0,0,4,0,4,615,135,58,2,810,0,0,0,810
07/30/2009,BWI,MD,AEA,EN,Towers with Radar,624,163,55,3,845,0,2,10,0,12,624,165,65,3,857,0,0,0,857
07/31/2009,BWI,MD,AEA,EN,Towers with Radar,611,133,46,4,794,0,0,3,0,3,611,133,49,4,797,22,0,22,819
08/01/2009,BWI,MD,AEA,EN,Towers with Radar,525,98,42,1,666,0,0,13,0,13,525,98,55,1,679,16,0,16,695
08/02/2009,BWI,MD,AEA,EN,Towers with Radar,568,85,33,1,687,0,0,4,0,4,568,85,37,1,691,26,0,26,717
08/03/2009,BWI,MD,AEA,EN,Towers with Radar,600,125,32,1,758,0,1,10,0,11,600,126,42,1,769,14,0,14,783
08/04/2009,BWI,MD,AEA,EN,Towers with Radar,599,151,52,0,802,0,1,8,0,9,599,152,60,0,811,8,0,8,819
08/05/2009,BWI,MD,AEA,EN,Towers with Radar,601,148,64,1,814,0,0,16,0,16,601,148,80,1,830,24,0,24,854
08/06/2009,BWI,MD,AEA,EN,Towers with Radar,601,141,59,2,803,0,1,2,0,3,601,142,61,2,806,10,0,10,816
08/07/2009,BWI,MD,AEA,EN,Towers with Radar,600,151,45,0,796,0,0,22,1,23,600,151,67,1,819,14,0,14,833
08/08/2009,BWI,MD,AEA,EN,Towers with Radar,525,97,17,6,645,0,0,20,0,20,525,97,37,6,665,32,0,32,697
08/09/2009,BWI,MD,AEA,EN,Towers with Radar,574,96,29,0,699,0,0,5,0,5,574,96,34,0,704,26,0,26,730
08/10/2009,BWI,MD,AEA,EN,Towers with Radar,590,120,35,1,746,0,2,9,1,12,590,122,44,2,758,16,0,16,774
08/11/2009,BWI,MD,AEA,EN,Towers with Radar,594,154,43,2,793,0,0,9,0,9,594,154,52,2,802,2,0,2,804
08/12/2009,BWI,MD,AEA,EN,Towers with Radar,604,151,27,7,789,0,2,7,0,9,604,153,34,7,798,4,0,4,802
08/13/2009,BWI,MD,AEA,EN,Towers with Radar,620,153,50,4,827,0,0,4,1,5,620,153,54,5,832,8,0,8,840
08/14/2009,BWI,MD,AEA,EN,Towers with Radar,600,148,29,1,778,0,0,6,0,6,600,148,35,1,784,6,0,6,790
08/15/2009,BWI,MD,AEA,EN,Towers with Radar,528,103,25,6,662,0,1,10,0,11,528,104,35,6,673,40,0,40,713
08/16/2009,BWI,MD,AEA,EN,Towers with Radar,537,111,34,0,682,0,0,13,0,13,537,111,47,0,695,12,0,12,707
08/17/2009,BWI,MD,AEA,EN,Towers with Radar,586,122,54,1,763,0,1,4,0,5,586,123,58,1,768,2,0,2,770
08/18/2009,BWI,MD,AEA,EN,Towers with Radar,606,143,45,0,794,0,0,5,0,5,606,143,50,0,799,10,0,10,809
08/19/2009,BWI,MD,AEA,EN,Towers with Radar,584,142,55,1,782,0,0,6,0,6,584,142,61,1,788,6,0,6,794
08/20/2009,BWI,MD,AEA,EN,Towers with Radar,602,129,61,3,795,0,0,10,0,10,602,129,71,3,805,30,0,30,835
08/21/2009,BWI,MD,AEA,EN,Towers with Radar,588,125,42,0,755,0,0,18,0,18,588,125,60,0,773,0,0,0,773
08/22/2009,BWI,MD,AEA,EN,Towers with Radar,517,90,26,0,633,0,0,0,0,0,517,90,26,0,633,4,0,4,637
08/23/2009,BWI,MD,AEA,EN,Towers with Radar,535,108,34,1,678,0,0,12,0,12,535,108,46,1,690,36,0,36,726
08/24/2009,BWI,MD,AEA,EN,Towers with Radar,584,134,32,2,752,0,2,15,0,17,584,136,47,2,769,58,0,58,827
08/25/2009,BWI,MD,AEA,EN,Towers with Radar,590,143,47,1,781,0,0,11,0,11,590,143,58,1,792,34,0,34,826
08/26/2009,BWI,MD,AEA,EN,Towers with Radar,592,139,32,3,766,0,0,12,0,12,592,139,44,3,778,10,0,10,788
08/27/2009,BWI,MD,AEA,EN,Towers with Radar,597,132,46,2,777,0,0,7,0,7,597,132,53,2,784,18,0,18,802
08/28/2009,BWI,MD,AEA,EN,Towers with Radar,596,128,29,4,757,0,0,1,0,1,596,128,30,4,758,0,0,0,758
08/29/2009,BWI,MD,AEA,EN,Towers with Radar,496,90,10,1,597,0,0,1,0,1,496,90,11,1,598,0,0,0,598
08/30/2009,BWI,MD,AEA,EN,Towers with Radar,539,102,42,0,683,0,0,5,0,5,539,102,47,0,688,94,0,94,782
08/31/2009,BWI,MD,AEA,EN,Towers with Radar,587,124,43,0,754,0,0,8,1,9,587,124,51,1,763,96,0,96,859
09/01/2009,BWI,MD,AEA,EN,Towers with Radar,582,126,57,0,765,0,0,18,0,18,582,126,75,0,783,34,0,34,817
09/02/2009,BWI,MD,AEA,EN,Towers with Radar,592,133,42,2,769,0,1,4,0,5,592,134,46,2,774,38,0,38,812
09/03/2009,BWI,MD,AEA,EN,Towers with Radar,603,132,38,1,774,0,0,9,0,9,603,132,47,1,783,58,0,58,841
09/04/2009,BWI,MD,AEA,EN,Towers with Radar,602,138,27,1,768,0,1,10,1,12,602,139,37,2,780,34,0,34,814
09/05/2009,BWI,MD,AEA,EN,Towers with Radar,454,88,22,1,565,0,0,9,0,9,454,88,31,1,574,50,0,50,624
09/06/2009,BWI,MD,AEA,EN,Towers with Radar,417,88,24,0,529,0,0,11,0,11,417,88,35,0,540,38,0,38,578
09/07/2009,BWI,MD,AEA,EN,Towers with Radar,532,111,32,2,677,0,0,3,0,3,532,111,35,2,680,44,0,44,724
09/08/2009,BWI,MD,AEA,EN,Towers with Radar,578,114,42,2,736,0,1,1,1,3,578,115,43,3,739,20,0,20,759
09/09/2009,BWI,MD,AEA,EN,Towers with Radar,562,140,60,3,765,0,1,5,1,7,562,141,65,4,772,32,0,32,804
09/10/2009,BWI,MD,AEA,EN,Towers with Radar,575,133,45,3,756,0,0,8,2,10,575,133,53,5,766,48,0,48,814
09/11/2009,BWI,MD,AEA,EN,Towers with Radar,574,123,38,0,735,0,0,0,0,0,574,123,38,0,735,0,0,0,735
09/12/2009,BWI,MD,AEA,EN,Towers with Radar,490,79,23,1,593,0,1,2,0,3,490,80,25,1,596,0,0,0,596
09/13/2009,BWI,MD,AEA,EN,Towers with Radar,524,100,41,0,665,0,0,8,0,8,524,100,49,0,673,26,0,26,699
09/14/2009,BWI,MD,AEA,EN,Towers with Radar,568,129,56,0,753,0,1,10,0,11,568,130,66,0,764,60,0,60,824
09/15/2009,BWI,MD,AEA,EN,Towers with Radar,559,133,67,3,762,0,0,10,0,10,559,133,77,3,772,18,0,18,790
09/16/2009,BWI,MD,AEA,EN,Towers with Radar,559,138,45,4,746,0,0,2,0,2,559,138,47,4,748,0,0,0,748
09/17/2009,BWI,MD,AEA,EN,Towers with Radar,577,128,63,4,772,0,0,1,0,1,577,128,64,4,773,18,0,18,791
09/18/2009,BWI,MD,AEA,EN,Towers with Radar,592,136,54,2,784,0,0,1,0,1,592,136,55,2,785,12,0,12,797
09/19/2009,BWI,MD,AEA,EN,Towers with Radar,485,82,24,1,592,0,0,12,0,12,485,82,36,1,604,36,0,36,640
09/20/2009,BWI,MD,AEA,EN,Towers with Radar,515,97,33,1,646,0,0,13,1,14,515,97,46,2,660,26,0,26,686
09/21/2009,BWI,MD,AEA,EN,Towers with Radar,565,117,27,2,711,0,1,12,0,13,565,118,39,2,724,34,0,34,758
09/22/2009,BWI,MD,AEA,EN,Towers with Radar,566,141,40,0,747,0,0,3,2,5,566,141,43,2,752,34,0,34,786
09/23/2009,BWI,MD,AEA,EN,Towers with Radar,563,134,60,0,757,0,0,8,0,8,563,134,68,0,765,16,0,16,781
09/24/2009,BWI,MD,AEA,EN,Towers with Radar,579,144,51,1,775,0,0,8,0,8,579,144,59,1,783,0,0,0,783
09/25/2009,BWI,MD,AEA,EN,Towers with Radar,578,147,37,1,763,0,3,9,0,12,578,150,46,1,775,6,0,6,781
09/26/2009,BWI,MD,AEA,EN,Towers with Radar,501,87,39,3,630,0,0,6,0,6,501,87,45,3,636,0,0,0,636
09/27/2009,BWI,MD,AEA,EN,Towers with Radar,519,104,39,1,663,0,0,2,0,2,519,104,41,1,665,0,0,0,665
09/28/2009,BWI,MD,AEA,EN,Towers with Radar,571,127,41,2,741,0,1,5,0,6,571,128,46,2,747,12,0,12,759
09/29/2009,BWI,MD,AEA,EN,Towers with Radar,557,135,52,0,744,0,0,14,0,14,557,135,66,0,758,26,0,26,784
09/30/2009,BWI,MD,AEA,EN,Towers with Radar,554,128,64,1,747,0,0,17,0,17,554,128,81,1,764,54,0,54,818
10/01/2009,BWI,MD,AEA,EN,Towers with Radar,576,130,55,4,765,0,0,26,0,26,576,130,81,4,791,36,0,36,827
10/02/2009,BWI,MD,AEA,EN,Towers with Radar,574,141,47,1,763,0,0,13,0,13,574,141,60,1,776,10,0,10,786
10/03/2009,BWI,MD,AEA,EN,Towers with Radar,489,83,31,1,604,1,0,20,0,21,490,83,51,1,625,46,0,46,671
10/04/2009,BWI,MD,AEA,EN,Towers with Radar,525,113,47,1,686,3,0,11,0,14,528,113,58,1,700,16,0,16,716
10/05/2009,BWI,MD,AEA,EN,Towers with Radar,560,125,43,1,729,0,1,17,0,18,560,126,60,1,747,10,0,10,757
10/06/2009,BWI,MD,AEA,EN,Towers with Radar,563,135,50,0,748,0,0,24,0,24,563,135,74,0,772,0,0,0,772
10/07/2009,BWI,MD,AEA,EN,Towers with Radar,574,140,29,3,746,0,0,13,0,13,574,140,42,3,759,30,0,30,789
10/08/2009,BWI,MD,AEA,EN,Towers with Radar,590,151,87,1,829,0,1,23,0,24,590,152,110,1,853,98,0,98,951
10/09/2009,BWI,MD,AEA,EN,Towers with Radar,582,140,36,0,758,0,0,13,0,13,582,140,49,0,771,18,0,18,789
10/10/2009,BWI,MD,AEA,EN,Towers with Radar,503,87,15,0,605,0,0,14,0,14,503,87,29,0,619,36,0,36,655
10/11/2009,BWI,MD,AEA,EN,Towers with Radar,520,98,35,1,654,0,0,13,0,13,520,98,48,1,667,36,0,36,703
10/12/2009,BWI,MD,AEA,EN,Towers with Radar,569,124,49,1,743,0,2,14,0,16,569,126,63,1,759,56,0,56,815
10/13/2009,BWI,MD,AEA,EN,Towers with Radar,569,147,47,1,764,0,0,12,0,12,569,147,59,1,776,34,0,34,810
10/14/2009,BWI,MD,AEA,EN,Towers with Radar,566,136,59,1,762,0,0,25,0,25,566,136,84,1,787,28,0,28,815
10/15/2009,BWI,MD,AEA,EN,Towers with Radar,580,140,66,0,786,0,0,7,0,7,580,140,73,0,793,0,0,0,793
10/16/2009,BWI,MD,AEA,EN,Towers with Radar,591,142,49,5,787,0,0,6,0,6,591,142,55,5,793,0,0,0,793
10/17/2009,BWI,MD,AEA,EN,Towers with Radar,492,83,15,2,592,0,0,10,0,10,492,83,25,2,602,0,0,0,602
10/18/2009,BWI,MD,AEA,EN,Towers with Radar,524,91,41,0,656,0,0,5,0,5,524,91,46,0,661,32,0,32,693
10/19/2009,BWI,MD,AEA,EN,Towers with Radar,582,123,77,0,782,0,0,13,0,13,582,123,90,0,795,34,0,34,829
10/20/2009,BWI,MD,AEA,EN,Towers with Radar,566,127,70,3,766,0,1,23,1,25,566,128,93,4,791,18,0,18,809
10/21/2009,BWI,MD,AEA,EN,Towers with Radar,566,125,49,3,743,0,1,27,2,30,566,126,76,5,773,48,0,48,821
10/22/2009,BWI,MD,AEA,EN,Towers with Radar,584,136,62,0,782,0,3,24,0,27,584,139,86,0,809,46,0,46,855
10/23/2009,BWI,MD,AEA,EN,Towers with Radar,575,135,41,1,752,0,3,20,0,23,575,138,61,1,775,0,0,0,775
10/24/2009,BWI,MD,AEA,EN,Towers with Radar,495,94,28,1,618,0,0,7,0,7,495,94,35,1,625,0,0,0,625
10/25/2009,BWI,MD,AEA,EN,Towers with Radar,517,118,38,0,673,0,0,19,0,19,517,118,57,0,692,0,0,0,692
10/26/2009,BWI,MD,AEA,EN,Towers with Radar,570,115,47,3,735,0,1,20,4,25,570,116,67,7,760,26,0,26,786
10/27/2009,BWI,MD,AEA,EN,Towers with Radar,564,139,42,1,746,0,0,6,0,6,564,139,48,1,752,0,0,0,752
10/28/2009,BWI,MD,AEA,EN,Towers with Radar,571,132,59,2,764,0,0,8,2,10,571,132,67,4,774,8,0,8,782
10/29/2009,BWI,MD,AEA,EN,Towers with Radar,583,143,41,3,770,0,0,7,0,7,583,143,48,3,777,14,0,14,791
10/30/2009,BWI,MD,AEA,EN,Towers with Radar,585,133,41,5,764,0,0,10,0,10,585,133,51,5,774,16,0,16,790
10/31/2009,BWI,MD,AEA,EN,Towers with Radar,494,92,13,2,601,0,0,10,0,10,494,92,23,2,611,0,0,0,611
11/01/2009,BWI,MD,AEA,EN,Towers with Radar,512,100,21,0,633,0,0,5,0,5,512,100,26,0,638,12,0,12,650
11/02/2009,BWI,MD,AEA,EN,Towers with Radar,550,121,37,2,710,0,0,19,2,21,550,121,56,4,731,32,0,32,763
11/03/2009,BWI,MD,AEA,EN,Towers with Radar,533,142,51,0,726,0,1,21,3,25,533,143,72,3,751,16,0,16,767
11/04/2009,BWI,MD,AEA,EN,Towers with Radar,560,126,41,2,729,0,2,24,0,26,560,128,65,2,755,0,0,0,755
11/05/2009,BWI,MD,AEA,EN,Towers with Radar,579,134,48,0,761,0,1,21,1,23,579,135,69,1,784,36,0,36,820
11/06/2009,BWI,MD,AEA,EN,Towers with Radar,580,132,42,1,755,0,2,20,4,26,580,134,62,5,781,30,0,30,811
11/07/2009,BWI,MD,AEA,EN,Towers with Radar,480,90,15,1,586,0,2,12,0,14,480,92,27,1,600,20,0,20,620
11/08/2009,BWI,MD,AEA,EN,Towers with Radar,524,98,47,0,669,0,2,7,0,9,524,100,54,0,678,32,0,32,710
11/09/2009,BWI,MD,AEA,EN,Towers with Radar,563,122,48,0,733,0,0,13,1,14,563,122,61,1,747,50,0,50,797
11/10/2009,BWI,MD,AEA,EN,Towers with Radar,554,128,60,1,743,0,0,18,2,20,554,128,78,3,763,0,0,0,763
11/11/2009,BWI,MD,AEA,EN,Towers with Radar,555,142,61,1,759,0,0,8,0,8,555,142,69,1,767,0,0,0,767
11/12/2009,BWI,MD,AEA,EN,Towers with Radar,581,131,55,0,767,0,0,7,0,7,581,131,62,0,774,0,0,0,774
11/13/2009,BWI,MD,AEA,EN,Towers with Radar,575,112,33,2,722,0,1,6,0,7,575,113,39,2,729,0,0,0,729
11/14/2009,BWI,MD,AEA,EN,Towers with Radar,480,81,19,0,580,0,0,8,0,8,480,81,27,0,588,0,0,0,588
11/15/2009,BWI,MD,AEA,EN,Towers with Radar,514,100,59,0,673,0,0,19,0,19,514,100,78,0,692,74,0,74,766
11/16/2009,BWI,MD,AEA,EN,Towers with Radar,570,116,60,6,752,0,0,12,1,13,570,116,72,7,765,48,0,48,813
11/17/2009,BWI,MD,AEA,EN,Towers with Radar,560,133,60,0,753,0,2,17,0,19,560,135,77,0,772,68,0,68,840
11/18/2009,BWI,MD,AEA,EN,Towers with Radar,546,151,47,0,744,0,0,12,0,12,546,151,59,0,756,20,0,20,776
11/19/2009,BWI,MD,AEA,EN,Towers with Radar,563,137,52,0,752,0,0,10,0,10,563,137,62,0,762,0,0,0,762
11/20/2009,BWI,MD,AEA,EN,Towers with Radar,582,139,47,1,769,0,0,14,0,14,582,139,61,1,783,40,0,40,823
11/21/2009,BWI,MD,AEA,EN,Towers with Radar,493,90,51,0,634,0,0,23,0,23,493,90,74,0,657,46,0,46,703
11/22/2009,BWI,MD,AEA,EN,Towers with Radar,519,98,48,1,666,0,0,8,0,8,519,98,56,1,674,10,0,10,684
11/23/2009,BWI,MD,AEA,EN,Towers with Radar,558,110,27,2,697,0,0,8,0,8,558,110,35,2,705,0,0,0,705
11/24/2009,BWI,MD,AEA,EN,Towers with Radar,576,141,56,0,773,0,0,6,0,6,576,141,62,0,779,0,0,0,779
11/25/2009,BWI,MD,AEA,EN,Towers with Radar,581,148,40,0,769,0,0,7,0,7,581,148,47,0,776,0,0,0,776
11/26/2009,BWI,MD,AEA,EN,Towers with Radar,403,64,8,0,475,0,0,4,0,4,403,64,12,0,479,0,0,0,479
11/27/2009,BWI,MD,AEA,EN,Towers with Radar,488,93,10,1,592,0,0,11,0,11,488,93,21,1,603,0,0,0,603
11/28/2009,BWI,MD,AEA,EN,Towers with Radar,538,101,17,0,656,0,1,11,0,12,538,102,28,0,668,20,0,20,688
11/29/2009,BWI,MD,AEA,EN,Towers with Radar,608,116,48,0,772,0,0,10,0,10,608,116,58,0,782,22,0,22,804
11/30/2009,BWI,MD,AEA,EN,Towers with Radar,588,134,58,2,782,0,2,11,0,13,588,136,69,2,795,0,0,0,795
12/01/2009,BWI,MD,AEA,EN,Towers with Radar,575,134,36,0,745,0,2,17,0,19,575,136,53,0,764,0,0,0,764
12/02/2009,BWI,MD,AEA,EN,Towers with Radar,555,136,37,0,728,0,2,14,3,19,555,138,51,3,747,0,0,0,747
12/03/2009,BWI,MD,AEA,EN,Towers with Radar,575,138,46,2,761,0,2,12,1,15,575,140,58,3,776,54,0,54,830
12/04/2009,BWI,MD,AEA,EN,Towers with Radar,568,130,60,2,760,0,2,27,0,29,568,132,87,2,789,52,0,52,841
12/05/2009,BWI,MD,AEA,EN,Towers with Radar,422,81,29,0,532,0,0,8,0,8,422,81,37,0,540,0,0,0,540
12/06/2009,BWI,MD,AEA,EN,Towers with Radar,514,106,41,0,661,0,0,9,0,9,514,106,50,0,670,0,0,0,670
12/07/2009,BWI,MD,AEA,EN,Towers with Radar,555,126,58,1,740,0,0,17,0,17,555,126,75,1,757,16,0,16,773
12/08/2009,BWI,MD,AEA,EN,Towers with Radar,535,141,64,1,741,0,0,15,0,15,535,141,79,1,756,40,0,40,796
12/09/2009,BWI,MD,AEA,EN,Towers with Radar,553,135,43,1,732,0,0,8,0,8,553,135,51,1,740,54,0,54,794
12/10/2009,BWI,MD,AEA,EN,Towers with Radar,564,131,52,0,747,0,0,19,0,19,564,131,71,0,766,44,0,44,810
12/11/2009,BWI,MD,AEA,EN,Towers with Radar,565,132,34,1,732,0,2,10,4,16,565,134,44,5,748,46,0,46,794
12/12/2009,BWI,MD,AEA,EN,Towers with Radar,471,87,43,1,602,0,4,28,0,32,471,91,71,1,634,0,0,0,634
12/13/2009,BWI,MD,AEA,EN,Towers with Radar,517,98,18,0,633,0,0,3,0,3,517,98,21,0,636,0,0,0,636
12/14/2009,BWI,MD,AEA,EN,Towers with Radar,609,145,46,1,801,0,0,27,3,30,609,145,73,4,831,0,0,0,831
12/15/2009,BWI,MD,AEA,EN,Towers with Radar,544,145,58,2,749,0,0,31,0,31,544,145,89,2,780,26,0,26,806
12/16/2009,BWI,MD,AEA,EN,Towers with Radar,560,148,43,0,751,0,0,17,4,21,560,148,60,4,772,44,0,44,816
12/17/2009,BWI,MD,AEA,EN,Towers with Radar,573,140,53,0,766,0,3,22,1,26,573,143,75,1,792,36,0,36,828
12/18/2009,BWI,MD,AEA,EN,Towers with Radar,563,153,42,2,760,0,0,20,1,21,563,153,62,3,781,0,0,0,781
12/19/2009,BWI,MD,AEA,EN,Towers with Radar,46,15,1,0,62,0,0,0,0,0,46,15,1,0,62,0,0,0,62
12/20/2009,BWI,MD,AEA,EN,Towers with Radar,395,48,24,0,467,0,0,2,0,2,395,48,26,0,469,0,0,0,469
12/21/2009,BWI,MD,AEA,EN,Towers with Radar,588,125,44,0,757,0,0,10,0,10,588,125,54,0,767,18,0,18,785
12/22/2009,BWI,MD,AEA,EN,Towers with Radar,586,144,46,2,778,0,1,10,0,11,586,145,56,2,789,14,0,14,803
12/23/2009,BWI,MD,AEA,EN,Towers with Radar,584,141,20,0,745,0,0,5,0,5,584,141,25,0,750,0,0,0,750
12/24/2009,BWI,MD,AEA,EN,Towers with Radar,496,92,13,7,608,0,1,7,0,8,496,93,20,7,616,0,0,0,616
12/25/2009,BWI,MD,AEA,EN,Towers with Radar,433,64,5,0,502,0,0,4,0,4,433,64,9,0,506,0,0,0,506
12/26/2009,BWI,MD,AEA,EN,Towers with Radar,533,88,15,3,639,0,0,7,0,7,533,88,22,3,646,0,0,0,646
12/27/2009,BWI,MD,AEA,EN,Towers with Radar,561,84,29,0,674,0,0,6,0,6,561,84,35,0,680,0,0,0,680
12/28/2009,BWI,MD,AEA,EN,Towers with Radar,574,102,15,0,691,0,1,10,0,11,574,103,25,0,702,0,0,0,702
12/29/2009,BWI,MD,AEA,EN,Towers with Radar,579,104,16,3,702,0,2,7,1,10,579,106,23,4,712,0,0,0,712
12/30/2009,BWI,MD,AEA,EN,Towers with Radar,567,108,25,0,700,0,0,20,0,20,567,108,45,0,720,32,0,32,752
12/31/2009,BWI,MD,AEA,EN,Towers with Radar,445,73,12,0,530,0,0,7,0,7,445,73,19,0,537,0,0,0,537
01/01/2010,BWI,MD,AEA,EN,Towers with Radar,442,86,8,0,536,0,0,4,0,4,442,86,12,0,540,22,0,22,562
01/02/2010,BWI,MD,AEA,EN,Towers with Radar,518,89,15,0,622,0,0,6,0,6,518,89,21,0,628,4,0,4,632
01/03/2010,BWI,MD,AEA,EN,Towers with Radar,559,95,15,3,672,0,0,6,0,6,559,95,21,3,678,4,0,4,682
01/04/2010,BWI,MD,AEA,EN,Towers with Radar,585,120,34,2,741,0,0,12,1,13,585,120,46,3,754,32,0,32,786
01/05/2010,BWI,MD,AEA,EN,Towers with Radar,550,128,38,0,716,0,0,15,1,16,550,128,53,1,732,26,0,26,758
01/06/2010,BWI,MD,AEA,EN,Towers with Radar,539,121,34,1,695,0,0,21,2,23,539,121,55,3,718,46,0,46,764
01/07/2010,BWI,MD,AEA,EN,Towers with Radar,534,125,45,0,704,0,4,15,7,26,534,129,60,7,730,56,0,56,786
01/08/2010,BWI,MD,AEA,EN,Towers with Radar,552,121,17,3,693,0,0,12,0,12,552,121,29,3,705,0,0,0,705
01/09/2010,BWI,MD,AEA,EN,Towers with Radar,463,82,12,0,557,0,0,6,0,6,463,82,18,0,563,0,0,0,563
01/10/2010,BWI,MD,AEA,EN,Towers with Radar,482,93,21,0,596,0,0,12,0,12,482,93,33,0,608,18,0,18,626
01/11/2010,BWI,MD,AEA,EN,Towers with Radar,548,114,38,2,702,0,0,6,1,7,548,114,44,3,709,28,0,28,737
01/12/2010,BWI,MD,AEA,EN,Towers with Radar,527,140,27,2,696,0,3,17,1,21,527,143,44,3,717,48,0,48,765
01/13/2010,BWI,MD,AEA,EN,Towers with Radar,542,136,38,2,718,0,0,17,3,20,542,136,55,5,738,68,0,68,806
01/14/2010,BWI,MD,AEA,EN,Towers with Radar,586,106,60,2,754,0,1,12,1,14,586,107,72,3,768,58,0,58,826
01/15/2010,BWI,MD,AEA,EN,Towers with Radar,552,131,31,4,718,0,1,19,1,21,552,132,50,5,739,54,0,54,793
01/16/2010,BWI,MD,AEA,EN,Towers with Radar,423,84,20,1,528,0,0,22,0,22,423,84,42,1,550,58,0,58,608
01/17/2010,BWI,MD,AEA,EN,Towers with Radar,486,82,8,1,577,0,0,6,0,6,486,82,14,1,583,0,0,0,583
01/18/2010,BWI,MD,AEA,EN,Towers with Radar,526,110,24,0,660,0,0,12,1,13,526,110,36,1,673,104,0,104,777
01/19/2010,BWI,MD,AEA,EN,Towers with Radar,531,125,46,0,702,0,3,21,0,24,531,128,67,0,726,44,0,44,770
01/20/2010,BWI,MD,AEA,EN,Towers with Radar,529,132,42,0,703,0,0,13,0,13,529,132,55,0,716,52,0,52,768
01/21/2010,BWI,MD,AEA,EN,Towers with Radar,538,119,49,1,707,0,2,12,2,16,538,121,61,3,723,16,0,16,739
01/22/2010,BWI,MD,AEA,EN,Towers with Radar,560,128,43,3,734,0,0,7,0,7,560,128,50,3,741,22,0,22,763
01/23/2010,BWI,MD,AEA,EN,Towers with Radar,411,99,30,1,541,0,1,13,0,14,411,100,43,1,555,36,0,36,591
01/24/2010,BWI,MD,AEA,EN,Towers with Radar,480,97,11,0,588,0,0,9,0,9,480,97,20,0,597,0,0,0,597
01/25/2010,BWI,MD,AEA,EN,Towers with Radar,557,105,32,2,696,1,0,8,0,9,558,105,40,2,705,16,0,16,721
01/26/2010,BWI,MD,AEA,EN,Towers with Radar,530,140,48,1,719,0,0,15,2,17,530,140,63,3,736,34,0,34,770
01/27/2010,BWI,MD,AEA,EN,Towers with Radar,534,142,60,2,738,0,0,19,0,19,534,142,79,2,757,24,0,24,781
01/28/2010,BWI,MD,AEA,EN,Towers with Radar,558,124,22,2,706,0,2,11,1,14,558,126,33,3,720,32,0,32,752
01/29/2010,BWI,MD,AEA,EN,Towers with Radar,530,146,31,4,711,0,0,8,1,9,530,146,39,5,720,12,0,12,732
01/30/2010,BWI,MD,AEA,EN,Towers with Radar,393,65,13,1,472,0,1,3,0,4,393,66,16,1,476,0,0,0,476
01/31/2010,BWI,MD,AEA,EN,Towers with Radar,488,94,27,7,616,0,0,6,0,6,488,94,33,7,622,10,0,10,632
02/01/2010,BWI,MD,AEA,EN,Towers with Radar,531,123,48,0,702,0,0,20,0,20,531,123,68,0,722,36,0,36,758
02/02/2010,BWI,MD,AEA,EN,Towers with Radar,531,132,31,0,694,0,0,11,0,11,531,132,42,0,705,18,0,18,723
02/03/2010,BWI,MD,AEA,EN,Towers with Radar,538,128,37,3,706,0,1,9,0,10,538,129,46,3,716,60,0,60,776
02/04/2010,BWI,MD,AEA,EN,Towers with Radar,545,136,54,2,737,0,3,8,0,11,545,139,62,2,748,56,0,56,804
02/05/2010,BWI,MD,AEA,EN,Towers with Radar,280,70,44,2,396,0,0,7,0,7,280,70,51,2,403,0,0,0,403
02/06/2010,BWI,MD,AEA,EN,Towers with Radar,0,0,0,0,0,0,0,0,0,0,0,0,0,0,0,0,0,0,0
02/07/2010,BWI,MD,AEA,EN,Towers with Radar,35,7,4,0,46,0,0,0,0,0,35,7,4,0,46,0,0,0,46
02/08/2010,BWI,MD,AEA,EN,Towers with Radar,417,131,34,4,586,0,1,15,0,16,417,132,49,4,602,0,0,0,602
02/09/2010,BWI,MD,AEA,EN,Towers with Radar,271,85,39,0,395,0,1,8,0,9,271,86,47,0,404,0,0,0,404
02/10/2010,BWI,MD,AEA,EN,Towers with Radar,10,6,0,0,16,0,0,0,0,0,10,6,0,0,16,0,0,0,16
02/11/2010,BWI,MD,AEA,EN,Towers with Radar,194,70,21,0,285,0,0,6,0,6,194,70,27,0,291,0,0,0,291
02/12/2010,BWI,MD,AEA,EN,Towers with Radar,547,141,37,3,728,0,0,20,0,20,547,141,57,3,748,0,0,0,748
02/13/2010,BWI,MD,AEA,EN,Towers with Radar,441,95,14,6,556,0,0,12,0,12,441,95,26,6,568,0,0,0,568
02/14/2010,BWI,MD,AEA,EN,Towers with Radar,502,95,10,3,610,0,0,8,0,8,502,95,18,3,618,0,0,0,618
02/15/2010,BWI,MD,AEA,EN,Towers with Radar,550,112,24,0,686,0,0,14,1,15,550,112,38,1,701,0,0,0,701
02/16/2010,BWI,MD,AEA,EN,Towers with Radar,555,111,39,1,706,0,1,7,0,8,555,112,46,1,714,0,0,0,714
02/17/2010,BWI,MD,AEA,EN,Towers with Radar,570,141,41,3,755,0,2,16,2,20,570,143,57,5,775,0,0,0,775
02/18/2010,BWI,MD,AEA,EN,Towers with Radar,566,139,54,1,760,0,4,19,1,24,566,143,73,2,784,0,0,0,784
02/19/2010,BWI,MD,AEA,EN,Towers with Radar,560,138,53,3,754,0,2,17,0,19,560,140,70,3,773,16,0,16,789
02/20/2010,BWI,MD,AEA,EN,Towers with Radar,459,83,29,0,571,0,2,8,0,10,459,85,37,0,581,0,0,0,581
02/21/2010,BWI,MD,AEA,EN,Towers with Radar,507,88,49,1,645,0,0,15,0,15,507,88,64,1,660,60,0,60,720
02/22/2010,BWI,MD,AEA,EN,Towers with Radar,558,116,38,5,717,0,0,6,0,6,558,116,44,5,723,78,0,78,801
02/23/2010,BWI,MD,AEA,EN,Towers with Radar,569,114,50,0,733,0,0,3,0,3,569,114,53,0,736,0,0,0,736
02/24/2010,BWI,MD,AEA,EN,Towers with Radar,566,138,54,6,764,0,0,14,1,15,566,138,68,7,779,50,0,50,829
02/25/2010,BWI,MD,AEA,EN,Towers with Radar,523,116,22,7,668,0,0,8,0,8,523,116,30,7,676,16,0,16,692
02/26/2010,BWI,MD,AEA,EN,Towers with Radar,420,93,18,12,543,0,0,2,0,2,420,93,20,12,545,0,0,0,545
02/27/2010,BWI,MD,AEA,EN,Towers with Radar,466,80,18,2,566,0,1,11,0,12,466,81,29,2,578,26,0,26,604
02/28/2010,BWI,MD,AEA,EN,Towers with Radar,513,103,21,2,639,0,0,2,0,2,513,103,23,2,641,0,0,0,641
03/01/2010,BWI,MD,AEA,EN,Towers with Radar,560,120,29,2,711,0,0,12,0,12,560,120,41,2,723,36,0,36,759
03/02/2010,BWI,MD,AEA,EN,Towers with Radar,565,121,29,2,717,0,1,5,0,6,565,122,34,2,723,60,0,60,783
03/03/2010,BWI,MD,AEA,EN,Towers with Radar,569,134,54,0,757,0,0,0,1,1,569,134,54,1,758,0,0,0,758
03/04/2010,BWI,MD,AEA,EN,Towers with Radar,568,128,60,2,758,0,2,9,1,12,568,130,69,3,770,72,0,72,842
03/05/2010,BWI,MD,AEA,EN,Towers with Radar,570,125,41,5,741,0,1,7,0,8,570,126,48,5,749,66,0,66,815
03/06/2010,BWI,MD,AEA,EN,Towers with Radar,459,84,22,1,566,0,1,7,0,8,459,85,29,1,574,52,0,52,626
03/07/2010,BWI,MD,AEA,EN,Towers with Radar,510,91,37,0,638,1,1,16,0,18,511,92,53,0,656,48,0,48,704
03/08/2010,BWI,MD,AEA,EN,Towers with Radar,565,120,47,1,733,0,0,14,0,14,565,120,61,1,747,44,0,44,791
03/09/2010,BWI,MD,AEA,EN,Towers with Radar,567,126,45,3,741,0,2,10,1,13,567,128,55,4,754,0,0,0,754
03/10/2010,BWI,MD,AEA,EN,Towers with Radar,564,141,45,2,752,0,0,4,3,7,564,141,49,5,759,0,0,0,759
03/11/2010,BWI,MD,AEA,EN,Towers with Radar,559,128,48,0,735,0,1,2,2,5,559,129,50,2,740,0,0,0,740
03/12/2010,BWI,MD,AEA,EN,Towers with Radar,571,134,33,1,739,0,0,0,0,0,571,134,33,1,739,0,0,0,739
03/13/2010,BWI,MD,AEA,EN,Towers with Radar,487,93,8,0,588,0,0,0,0,0,487,93,8,0,588,0,0,0,588
03/14/2010,BWI,MD,AEA,EN,Towers with Radar,550,87,27,0,664,0,0,0,0,0,550,87,27,0,664,0,0,0,664
03/15/2010,BWI,MD,AEA,EN,Towers with Radar,606,111,29,0,746,0,0,0,0,0,606,111,29,0,746,10,0,10,756
03/16/2010,BWI,MD,AEA,EN,Towers with Radar,602,127,28,1,758,0,0,11,3,14,602,127,39,4,772,60,0,60,832
03/17/2010,BWI,MD,AEA,EN,Towers with Radar,600,137,46,0,783,1,0,12,1,14,601,137,58,1,797,34,0,34,831
03/18/2010,BWI,MD,AEA,EN,Towers with Radar,607,123,68,1,799,0,2,24,0,26,607,125,92,1,825,72,0,72,897
03/19/2010,BWI,MD,AEA,EN,Towers with Radar,612,133,48,3,796,0,0,11,0,11,612,133,59,3,807,84,0,84,891
03/20/2010,BWI,MD,AEA,EN,Towers with Radar,511,77,32,0,620,0,3,14,0,17,511,80,46,0,637,34,0,34,671
03/21/2010,BWI,MD,AEA,EN,Towers with Radar,543,93,43,2,681,0,0,4,0,4,543,93,47,2,685,52,0,52,737
03/22/2010,BWI,MD,AEA,EN,Towers with Radar,617,117,41,1,776,0,0,0,0,0,617,117,41,1,776,0,0,0,776
03/23/2010,BWI,MD,AEA,EN,Towers with Radar,607,127,46,0,780,0,2,4,2,8,607,129,50,2,788,0,0,0,788
03/24/2010,BWI,MD,AEA,EN,Towers with Radar,601,123,45,0,769,0,2,7,5,14,601,125,52,5,783,36,0,36,819
03/25/2010,BWI,MD,AEA,EN,Towers with Radar,616,137,46,0,799,1,0,12,1,14,617,137,58,1,813,0,0,0,813
03/26/2010,BWI,MD,AEA,EN,Towers with Radar,607,136,36,2,781,0,0,6,0,6,607,136,42,2,787,0,0,0,787
03/27/2010,BWI,MD,AEA,EN,Towers with Radar,507,92,29,3,631,0,1,11,0,12,507,93,40,3,643,0,0,0,643
03/28/2010,BWI,MD,AEA,EN,Towers with Radar,535,95,25,0,655,0,0,1,0,1,535,95,26,0,656,0,0,0,656
03/29/2010,BWI,MD,AEA,EN,Towers with Radar,620,112,52,0,784,0,0,0,0,0,620,112,52,0,784,0,0,0,784
03/30/2010,BWI,MD,AEA,EN,Towers with Radar,598,115,44,0,757,0,0,2,1,3,598,115,46,1,760,0,0,0,760
03/31/2010,BWI,MD,AEA,EN,Towers with Radar,607,144,61,0,812,0,0,8,0,8,607,144,69,0,820,44,0,44,864
04/01/2010,BWI,MD,AEA,EN,Towers with Radar,611,143,50,1,805,0,0,7,3,10,611,143,57,4,815,60,0,60,875
04/02/2010,BWI,MD,AEA,EN,Towers with Radar,608,125,42,1,776,0,0,20,0,20,608,125,62,1,796,58,0,58,854
04/03/2010,BWI,MD,AEA,EN,Towers with Radar,513,86,16,4,619,1,1,7,0,9,514,87,23,4,628,14,0,14,642
04/04/2010,BWI,MD,AEA,EN,Towers with Radar,544,105,26,0,675,0,1,0,0,1,544,106,26,0,676,0,0,0,676
04/05/2010,BWI,MD,AEA,EN,Towers with Radar,593,133,36,0,762,1,0,4,0,5,594,133,40,0,767,48,0,48,815
04/06/2010,BWI,MD,AEA,EN,Towers with Radar,601,136,43,0,780,0,0,4,1,5,601,136,47,1,785,50,0,50,835
04/07/2010,BWI,MD,AEA,EN,Towers with Radar,595,140,63,2,800,0,1,8,0,9,595,141,71,2,809,0,0,0,809
04/08/2010,BWI,MD,AEA,EN,Towers with Radar,607,131,45,0,783,0,1,5,5,11,607,132,50,5,794,0,0,0,794
04/09/2010,BWI,MD,AEA,EN,Towers with Radar,599,139,44,1,783,0,0,7,1,8,599,139,51,2,791,52,0,52,843
04/10/2010,BWI,MD,AEA,EN,Towers with Radar,505,85,37,2,629,0,1,7,0,8,505,86,44,2,637,0,0,0,637
04/11/2010,BWI,MD,AEA,EN,Towers with Radar,541,106,31,9,687,0,0,21,0,21,541,106,52,9,708,10,0,10,718
04/12/2010,BWI,MD,AEA,EN,Towers with Radar,602,117,72,6,797,0,0,0,0,0,602,117,72,6,797,0,0,0,797
04/13/2010,BWI,MD,AEA,EN,Towers with Radar,601,135,53,8,797,0,1,5,8,14,601,136,58,16,811,38,0,38,849
04/14/2010,BWI,MD,AEA,EN,Towers with Radar,620,135,58,9,822,0,0,15,0,15,620,135,73,9,837,64,0,64,901
04/15/2010,BWI,MD,AEA,EN,Towers with Radar,602,140,47,3,792,0,2,11,0,13,602,142,58,3,805,50,0,50,855
04/16/2010,BWI,MD,AEA,EN,Towers with Radar,606,141,47,3,797,0,0,7,0,7,606,141,54,3,804,14,0,14,818
04/17/2010,BWI,MD,AEA,EN,Towers with Radar,501,88,25,1,615,0,1,2,1,4,501,89,27,2,619,14,0,14,633
04/18/2010,BWI,MD,AEA,EN,Towers with Radar,534,97,24,1,656,0,0,7,1,8,534,97,31,2,664,22,0,22,686
04/19/2010,BWI,MD,AEA,EN,Towers with Radar,602,132,43,2,779,1,1,12,6,20,603,133,55,8,799,32,0,32,831
04/20/2010,BWI,MD,AEA,EN,Towers with Radar,591,133,52,1,777,0,1,10,0,11,591,134,62,1,788,44,0,44,832
04/21/2010,BWI,MD,AEA,EN,Towers with Radar,612,144,49,2,807,0,0,3,1,4,612,144,52,3,811,0,0,0,811
04/22/2010,BWI,MD,AEA,EN,Towers with Radar,617,131,55,4,807,0,1,3,0,4,617,132,58,4,811,0,0,0,811
04/23/2010,BWI,MD,AEA,EN,Towers with Radar,612,138,65,3,818,0,0,15,0,15,612,138,80,3,833,80,0,80,913
04/24/2010,BWI,MD,AEA,EN,Towers with Radar,511,88,23,4,626,1,1,16,0,18,512,89,39,4,644,42,0,42,686
04/25/2010,BWI,MD,AEA,EN,Towers with Radar,479,86,40,2,607,0,0,0,0,0,479,86,40,2,607,54,0,54,661
04/26/2010,BWI,MD,AEA,EN,Towers with Radar,663,131,38,5,837,0,0,0,0,0,663,131,38,5,837,0,0,0,837
04/27/2010,BWI,MD,AEA,EN,Towers with Radar,596,134,58,1,789,0,1,10,0,11,596,135,68,1,800,54,0,54,854
04/28/2010,BWI,MD,AEA,EN,Towers with Radar,612,137,62,0,811,0,0,2,0,2,612,137,64,0,813,52,0,52,865
04/29/2010,BWI,MD,AEA,EN,Towers with Radar,611,151,61,2,825,0,3,13,5,21,611,154,74,7,846,48,0,48,894
04/30/2010,BWI,MD,AEA,EN,Towers with Radar,607,151,48,4,810,0,0,23,0,23,607,151,71,4,833,56,0,56,889
05/01/2010,BWI,MD,AEA,EN,Towers with Radar,508,90,23,2,623,0,1,6,1,8,508,91,29,3,631,0,0,0,631
05/02/2010,BWI,MD,AEA,EN,Towers with Radar,536,104,34,3,677,0,0,3,1,4,536,104,37,4,681,0,0,0,681
05/03/2010,BWI,MD,AEA,EN,Towers with Radar,605,124,37,6,772,0,0,0,0,0,605,124,37,6,772,0,0,0,772
05/04/2010,BWI,MD,AEA,EN,Towers with Radar,613,132,47,1,793,0,2,9,0,11,613,134,56,1,804,0,0,0,804
05/05/2010,BWI,MD,AEA,EN,Towers with Radar,632,144,67,2,845,1,0,15,1,17,633,144,82,3,862,0,0,0,862
05/06/2010,BWI,MD,AEA,EN,Towers with Radar,630,145,60,2,837,0,2,1,1,4,630,147,61,3,841,0,0,0,841
05/07/2010,BWI,MD,AEA,EN,Towers with Radar,621,143,44,2,810,0,0,14,0,14,621,143,58,2,824,0,0,0,824
05/08/2010,BWI,MD,AEA,EN,Towers with Radar,533,94,20,1,648,0,1,0,0,1,533,95,20,1,649,0,0,0,649
05/09/2010,BWI,MD,AEA,EN,Towers with Radar,574,103,15,0,692,0,0,4,0,4,574,103,19,0,696,0,0,0,696
05/10/2010,BWI,MD,AEA,EN,Towers with Radar,629,125,45,0,799,0,0,13,0,13,629,125,58,0,812,32,0,32,844
05/11/2010,BWI,MD,AEA,EN,Towers with Radar,630,134,50,2,816,0,2,4,0,6,630,136,54,2,822,0,0,0,822
05/12/2010,BWI,MD,AEA,EN,Towers with Radar,630,140,56,3,829,0,1,5,0,6,630,141,61,3,835,0,0,0,835
05/13/2010,BWI,MD,AEA,EN,Towers with Radar,654,140,70,13,877,0,0,5,5,10,654,140,75,18,887,0,0,0,887
05/14/2010,BWI,MD,AEA,EN,Towers with Radar,619,152,60,17,848,0,0,6,1,7,619,152,66,18,855,0,0,0,855
05/15/2010,BWI,MD,AEA,EN,Towers with Radar,559,99,34,10,702,0,1,13,1,15,559,100,47,11,717,0,0,0,717
05/16/2010,BWI,MD,AEA,EN,Towers with Radar,576,100,45,4,725,0,0,7,0,7,576,100,52,4,732,0,0,0,732
05/17/2010,BWI,MD,AEA,EN,Towers with Radar,631,140,35,10,816,0,0,2,0,2,631,140,37,10,818,0,0,0,818
05/18/2010,BWI,MD,AEA,EN,Towers with Radar,632,143,40,0,815,0,0,0,0,0,632,143,40,0,815,0,0,0,815
05/19/2010,BWI,MD,AEA,EN,Towers with Radar,642,144,64,0,850,0,0,8,0,8,642,144,72,0,858,0,0,0,858
05/20/2010,BWI,MD,AEA,EN,Towers with Radar,644,144,61,4,853,0,1,13,0,14,644,145,74,4,867,0,0,0,867
05/21/2010,BWI,MD,AEA,EN,Towers with Radar,635,140,41,4,820,0,0,13,0,13,635,140,54,4,833,0,0,0,833
05/22/2010,BWI,MD,AEA,EN,Towers with Radar,542,87,21,5,655,0,0,11,0,11,542,87,32,5,666,0,0,0,666
05/23/2010,BWI,MD,AEA,EN,Towers with Radar,567,92,29,2,690,0,0,2,0,2,567,92,31,2,692,0,0,0,692
05/24/2010,BWI,MD,AEA,EN,Towers with Radar,632,139,38,9,818,0,0,0,0,0,632,139,38,9,818,0,0,0,818
05/25/2010,BWI,MD,AEA,EN,Towers with Radar,647,142,56,0,845,0,0,4,0,4,647,142,60,0,849,0,0,0,849
05/26/2010,BWI,MD,AEA,EN,Towers with Radar,634,141,33,1,809,0,0,8,0,8,634,141,41,1,817,10,0,10,827
05/27/2010,BWI,MD,AEA,EN,Towers with Radar,664,126,52,6,848,0,3,7,0,10,664,129,59,6,858,0,0,0,858
05/28/2010,BWI,MD,AEA,EN,Towers with Radar,659,141,43,0,843,0,0,1,0,1,659,141,44,0,844,0,0,0,844
05/29/2010,BWI,MD,AEA,EN,Towers with Radar,539,83,35,1,658,0,0,11,0,11,539,83,46,1,669,0,0,0,669
05/30/2010,BWI,MD,AEA,EN,Towers with Radar,501,89,15,4,609,0,0,10,0,10,501,89,25,4,619,0,0,0,619
05/31/2010,BWI,MD,AEA,EN,Towers with Radar,605,113,42,0,760,0,0,12,0,12,605,113,54,0,772,16,0,16,788
06/01/2010,BWI,MD,AEA,EN,Towers with Radar,641,121,39,1,802,0,0,11,0,11,641,121,50,1,813,0,0,0,813
06/02/2010,BWI,MD,AEA,EN,Towers with Radar,652,127,52,1,832,1,0,18,8,27,653,127,70,9,859,0,0,0,859
06/03/2010,BWI,MD,AEA,EN,Towers with Radar,651,146,56,0,853,0,1,10,1,12,651,147,66,1,865,10,0,10,875
06/04/2010,BWI,MD,AEA,EN,Towers with Radar,662,146,54,1,863,0,0,8,0,8,662,146,62,1,871,10,0,10,881
06/05/2010,BWI,MD,AEA,EN,Towers with Radar,555,80,18,0,653,0,5,4,0,9,555,85,22,0,662,0,0,0,662
06/06/2010,BWI,MD,AEA,EN,Towers with Radar,581,90,27,4,702,0,0,0,0,0,581,90,27,4,702,0,0,0,702
06/07/2010,BWI,MD,AEA,EN,Towers with Radar,651,146,63,7,867,0,0,22,0,22,651,146,85,7,889,10,0,10,899
06/08/2010,BWI,MD,AEA,EN,Towers with Radar,645,131,71,1,848,1,2,14,0,17,646,133,85,1,865,14,0,14,879
06/09/2010,BWI,MD,AEA,EN,Towers with Radar,645,130,53,2,830,0,0,3,0,3,645,130,56,2,833,8,0,8,841
06/10/2010,BWI,MD,AEA,EN,Towers with Radar,664,135,59,1,859,0,0,11,1,12,664,135,70,2,871,0,0,0,871
06/11/2010,BWI,MD,AEA,EN,Towers with Radar,657,143,53,3,856,0,0,7,0,7,657,143,60,3,863,0,0,0,863
06/12/2010,BWI,MD,AEA,EN,Towers with Radar,565,72,30,1,668,0,4,18,3,25,565,76,48,4,693,12,0,12,705
06/13/2010,BWI,MD,AEA,EN,Towers with Radar,613,86,20,1,720,1,0,2,0,3,614,86,22,1,723,0,0,0,723
06/14/2010,BWI,MD,AEA,EN,Towers with Radar,653,124,36,0,813,1,0,9,0,10,654,124,45,0,823,0,0,0,823
06/15/2010,BWI,MD,AEA,EN,Towers with Radar,654,129,60,0,843,0,1,4,0,5,654,130,64,0,848,0,0,0,848
06/16/2010,BWI,MD,AEA,EN,Towers with Radar,652,147,51,0,850,0,0,0,1,1,652,147,51,1,851,0,0,0,851
06/17/2010,BWI,MD,AEA,EN,Towers with Radar,661,135,72,1,869,0,0,13,0,13,661,135,85,1,882,0,0,0,882
06/18/2010,BWI,MD,AEA,EN,Towers with Radar,654,140,39,0,833,0,0,33,0,33,654,140,72,0,866,0,0,0,866
06/19/2010,BWI,MD,AEA,EN,Towers with Radar,564,81,31,0,676,0,1,15,1,17,564,82,46,1,693,0,0,0,693
06/20/2010,BWI,MD,AEA,EN,Towers with Radar,599,89,33,0,721,0,0,11,0,11,599,89,44,0,732,0,0,0,732
06/21/2010,BWI,MD,AEA,EN,Towers with Radar,653,119,59,3,834,0,0,6,0,6,653,119,65,3,840,26,0,26,866
06/22/2010,BWI,MD,AEA,EN,Towers with Radar,666,132,60,0,858,0,3,16,0,19,666,135,76,0,877,0,0,0,877
06/23/2010,BWI,MD,AEA,EN,Towers with Radar,644,131,45,3,823,0,0,13,1,14,644,131,58,4,837,0,0,0,837
06/24/2010,BWI,MD,AEA,EN,Towers with Radar,694,129,69,4,896,0,1,17,0,18,694,130,86,4,914,0,0,0,914
06/25/2010,BWI,MD,AEA,EN,Towers with Radar,661,148,52,1,862,1,0,18,0,19,662,148,70,1,881,0,0,0,881
06/26/2010,BWI,MD,AEA,EN,Towers with Radar,567,76,26,0,669,1,1,17,0,19,568,77,43,0,688,0,0,0,688
06/27/2010,BWI,MD,AEA,EN,Towers with Radar,593,99,16,2,710,1,0,25,0,26,594,99,41,2,736,0,0,0,736
06/28/2010,BWI,MD,AEA,EN,Towers with Radar,648,131,51,3,833,0,2,6,0,8,648,133,57,3,841,0,0,0,841
06/29/2010,BWI,MD,AEA,EN,Towers with Radar,668,147,59,0,874,0,0,12,2,14,668,147,71,2,888,0,0,0,888
06/30/2010,BWI,MD,AEA,EN,Towers with Radar,658,149,43,1,851,0,0,3,0,3,658,149,46,1,854,0,0,0,854
07/01/2010,BWI,MD,AEA,EN,Towers with Radar,663,152,52,2,869,1,0,9,0,10,664,152,61,2,879,0,0,0,879
07/02/2010,BWI,MD,AEA,EN,Towers with Radar,648,137,53,0,838,0,0,23,0,23,648,137,76,0,861,0,0,0,861
07/03/2010,BWI,MD,AEA,EN,Towers with Radar,570,76,18,0,664,1,1,22,1,25,571,77,40,1,689,34,0,34,723
07/04/2010,BWI,MD,AEA,EN,Towers with Radar,471,71,7,0,549,0,1,12,0,13,471,72,19,0,562,0,0,0,562
07/05/2010,BWI,MD,AEA,EN,Towers with Radar,603,110,40,3,756,0,0,10,0,10,603,110,50,3,766,0,0,0,766
07/06/2010,BWI,MD,AEA,EN,Towers with Radar,629,149,35,1,814,0,0,3,1,4,629,149,38,2,818,0,0,0,818
07/07/2010,BWI,MD,AEA,EN,Towers with Radar,651,133,51,1,836,0,2,5,0,7,651,135,56,1,843,0,0,0,843
07/08/2010,BWI,MD,AEA,EN,Towers with Radar,654,145,60,5,864,0,1,8,0,9,654,146,68,5,873,0,0,0,873
07/09/2010,BWI,MD,AEA,EN,Towers with Radar,660,123,38,0,821,0,0,4,1,5,660,123,42,1,826,0,0,0,826
07/10/2010,BWI,MD,AEA,EN,Towers with Radar,568,78,15,1,662,0,0,0,0,0,568,78,15,1,662,0,0,0,662
07/11/2010,BWI,MD,AEA,EN,Towers with Radar,603,87,37,0,727,1,0,7,0,8,604,87,44,0,735,0,0,0,735
07/12/2010,BWI,MD,AEA,EN,Towers with Radar,643,116,20,2,781,0,0,10,0,10,643,116,30,2,791,0,0,0,791
07/13/2010,BWI,MD,AEA,EN,Towers with Radar,674,117,42,0,833,0,0,6,0,6,674,117,48,0,839,0,0,0,839
07/14/2010,BWI,MD,AEA,EN,Towers with Radar,678,124,62,5,869,1,0,2,1,4,679,124,64,6,873,0,0,0,873
07/15/2010,BWI,MD,AEA,EN,Towers with Radar,663,137,45,3,848,0,0,21,0,21,663,137,66,3,869,0,0,0,869
07/16/2010,BWI,MD,AEA,EN,Towers with Radar,649,124,54,0,827,1,0,12,2,15,650,124,66,2,842,8,0,8,850
07/17/2010,BWI,MD,AEA,EN,Towers with Radar,558,73,19,2,652,0,0,13,0,13,558,73,32,2,665,0,0,0,665
07/18/2010,BWI,MD,AEA,EN,Towers with Radar,608,90,43,0,741,0,0,20,0,20,608,90,63,0,761,4,0,4,765
07/19/2010,BWI,MD,AEA,EN,Towers with Radar,664,121,37,5,827,0,0,5,2,7,664,121,42,7,834,0,0,0,834
07/20/2010,BWI,MD,AEA,EN,Towers with Radar,643,131,54,0,828,0,2,15,0,17,643,133,69,0,845,20,0,20,865
07/21/2010,BWI,MD,AEA,EN,Towers with Radar,670,136,48,0,854,0,0,17,1,18,670,136,65,1,872,0,0,0,872
07/22/2010,BWI,MD,AEA,EN,Towers with Radar,661,139,62,2,864,0,0,15,2,17,661,139,77,4,881,14,0,14,895
07/23/2010,BWI,MD,AEA,EN,Towers with Radar,642,134,36,3,815,0,0,9,0,9,642,134,45,3,824,0,0,0,824
07/24/2010,BWI,MD,AEA,EN,Towers with Radar,571,85,43,2,701,0,1,6,0,7,571,86,49,2,708,0,0,0,708
07/25/2010,BWI,MD,AEA,EN,Towers with Radar,595,75,28,0,698,0,0,2,0,2,595,75,30,0,700,0,0,0,700
07/26/2010,BWI,MD,AEA,EN,Towers with Radar,651,132,55,0,838,0,1,15,0,16,651,133,70,0,854,0,0,0,854
07/27/2010,BWI,MD,AEA,EN,Towers with Radar,667,126,49,0,842,2,2,17,5,26,669,128,66,5,868,0,0,0,868
07/28/2010,BWI,MD,AEA,EN,Towers with Radar,661,145,70,0,876,0,1,8,1,10,661,146,78,1,886,0,0,0,886
07/29/2010,BWI,MD,AEA,EN,Towers with Radar,628,139,54,0,821,0,5,16,1,22,628,144,70,1,843,0,0,0,843
07/30/2010,BWI,MD,AEA,EN,Towers with Radar,689,133,53,0,875,0,3,23,0,26,689,136,76,0,901,0,0,0,901
07/31/2010,BWI,MD,AEA,EN,Towers with Radar,562,82,33,3,680,0,0,10,0,10,562,82,43,3,690,0,0,0,690
08/01/2010,BWI,MD,AEA,EN,Towers with Radar,603,89,22,2,716,0,0,1,0,1,603,89,23,2,717,0,0,0,717
08/02/2010,BWI,MD,AEA,EN,Towers with Radar,654,122,49,0,825,0,0,3,0,3,654,122,52,0,828,0,0,0,828
08/03/2010,BWI,MD,AEA,EN,Towers with Radar,660,140,40,0,840,0,0,6,0,6,660,140,46,0,846,10,0,10,856
08/04/2010,BWI,MD,AEA,EN,Towers with Radar,642,135,61,0,838,0,0,3,1,4,642,135,64,1,842,0,0,0,842
08/05/2010,BWI,MD,AEA,EN,Towers with Radar,646,141,59,0,846,0,2,11,1,14,646,143,70,1,860,0,0,0,860
08/06/2010,BWI,MD,AEA,EN,Towers with Radar,678,145,56,0,879,0,0,13,0,13,678,145,69,0,892,0,0,0,892
08/07/2010,BWI,MD,AEA,EN,Towers with Radar,567,87,42,1,697,1,2,15,0,18,568,89,57,1,715,12,0,12,727
08/08/2010,BWI,MD,AEA,EN,Towers with Radar,594,90,36,5,725,1,0,19,0,20,595,90,55,5,745,0,0,0,745
08/09/2010,BWI,MD,AEA,EN,Towers with Radar,648,126,37,1,812,0,0,11,0,11,648,126,48,1,823,0,0,0,823
08/10/2010,BWI,MD,AEA,EN,Towers with Radar,654,134,38,0,826,1,1,12,0,14,655,135,50,0,840,0,0,0,840
08/11/2010,BWI,MD,AEA,EN,Towers with Radar,650,137,48,3,838,0,1,12,0,13,650,138,60,3,851,0,0,0,851
08/12/2010,BWI,MD,AEA,EN,Towers with Radar,636,124,48,1,809,0,0,1,5,6,636,124,49,6,815,0,0,0,815
08/13/2010,BWI,MD,AEA,EN,Towers with Radar,666,138,42,1,847,0,0,7,0,7,666,138,49,1,854,0,0,0,854
08/14/2010,BWI,MD,AEA,EN,Towers with Radar,551,90,25,1,667,0,0,16,0,16,551,90,41,1,683,0,0,0,683
08/15/2010,BWI,MD,AEA,EN,Towers with Radar,577,79,22,1,679,0,0,1,0,1,577,79,23,1,680,0,0,0,680
08/16/2010,BWI,MD,AEA,EN,Towers with Radar,622,122,63,0,807,0,0,14,1,15,622,122,77,1,822,0,0,0,822
08/17/2010,BWI,MD,AEA,EN,Towers with Radar,631,132,51,0,814,0,0,21,1,22,631,132,72,1,836,0,0,0,836
08/18/2010,BWI,MD,AEA,EN,Towers with Radar,629,143,25,0,797,0,0,0,0,0,629,143,25,0,797,10,0,10,807
08/19/2010,BWI,MD,AEA,EN,Towers with Radar,636,135,49,0,820,0,0,16,0,16,636,135,65,0,836,24,0,24,860
08/20/2010,BWI,MD,AEA,EN,Towers with Radar,637,132,52,1,822,0,0,17,0,17,637,132,69,1,839,0,0,0,839
08/21/2010,BWI,MD,AEA,EN,Towers with Radar,533,81,39,0,653,0,2,16,0,18,533,83,55,0,671,20,0,20,691
08/22/2010,BWI,MD,AEA,EN,Towers with Radar,567,90,37,0,694,0,1,2,0,3,567,91,39,0,697,0,0,0,697
08/23/2010,BWI,MD,AEA,EN,Towers with Radar,632,124,37,1,794,0,0,7,0,7,632,124,44,1,801,0,0,0,801
08/24/2010,BWI,MD,AEA,EN,Towers with Radar,631,125,43,1,800,0,0,4,0,4,631,125,47,1,804,0,0,0,804
08/25/2010,BWI,MD,AEA,EN,Towers with Radar,628,147,54,2,831,0,0,3,0,3,628,147,57,2,834,0,0,0,834
08/26/2010,BWI,MD,AEA,EN,Towers with Radar,643,140,63,2,848,0,2,7,0,9,643,142,70,2,857,0,0,0,857
08/27/2010,BWI,MD,AEA,EN,Towers with Radar,640,134,40,4,818,0,0,18,1,19,640,134,58,5,837,0,0,0,837
08/28/2010,BWI,MD,AEA,EN,Towers with Radar,526,85,25,1,637,0,2,11,0,13,526,87,36,1,650,0,0,0,650
08/29/2010,BWI,MD,AEA,EN,Towers with Radar,558,97,32,0,687,0,1,16,0,17,558,98,48,0,704,0,0,0,704
08/30/2010,BWI,MD,AEA,EN,Towers with Radar,630,134,57,2,823,0,0,13,0,13,630,134,70,2,836,0,0,0,836
08/31/2010,BWI,MD,AEA,EN,Towers with Radar,634,132,53,0,819,0,1,22,0,23,634,133,75,0,842,0,0,0,842
09/01/2010,BWI,MD,AEA,EN,Towers with Radar,618,135,45,2,800,0,0,12,0,12,618,135,57,2,812,16,0,16,828
09/02/2010,BWI,MD,AEA,EN,Towers with Radar,634,138,64,0,836,0,1,9,0,10,634,139,73,0,846,14,0,14,860
09/03/2010,BWI,MD,AEA,EN,Towers with Radar,626,139,37,0,802,0,0,12,0,12,626,139,49,0,814,20,0,20,834
09/04/2010,BWI,MD,AEA,EN,Towers with Radar,497,83,31,0,611,0,2,8,0,10,497,85,39,0,621,12,0,12,633
09/05/2010,BWI,MD,AEA,EN,Towers with Radar,450,71,16,1,538,0,0,11,0,11,450,71,27,1,549,28,0,28,577
09/06/2010,BWI,MD,AEA,EN,Towers with Radar,568,104,68,1,741,0,0,18,0,18,568,104,86,1,759,0,0,0,759
09/07/2010,BWI,MD,AEA,EN,Towers with Radar,625,124,59,4,812,0,1,10,1,12,625,125,69,5,824,0,0,0,824
09/08/2010,BWI,MD,AEA,EN,Towers with Radar,593,131,58,2,784,0,1,7,1,9,593,132,65,3,793,0,0,0,793
09/09/2010,BWI,MD,AEA,EN,Towers with Radar,619,147,45,2,813,0,1,8,0,9,619,148,53,2,822,6,0,6,828
09/10/2010,BWI,MD,AEA,EN,Towers with Radar,620,127,50,2,799,0,1,18,0,19,620,128,68,2,818,0,0,0,818
09/11/2010,BWI,MD,AEA,EN,Towers with Radar,517,81,27,2,627,0,2,20,0,22,517,83,47,2,649,0,0,0,649
09/12/2010,BWI,MD,AEA,EN,Towers with Radar,560,90,39,0,689,0,0,0,0,0,560,90,39,0,689,0,0,0,689
09/13/2010,BWI,MD,AEA,EN,Towers with Radar,612,129,67,0,808,0,0,21,0,21,612,129,88,0,829,14,0,14,843
09/14/2010,BWI,MD,AEA,EN,Towers with Radar,591,138,71,2,802,2,0,11,1,14,593,138,82,3,816,0,0,0,816
09/15/2010,BWI,MD,AEA,EN,Towers with Radar,594,129,68,2,793,2,0,11,0,13,596,129,79,2,806,0,0,0,806
09/16/2010,BWI,MD,AEA,EN,Towers with Radar,641,130,62,2,835,0,1,6,1,8,641,131,68,3,843,0,0,0,843
09/17/2010,BWI,MD,AEA,EN,Towers with Radar,620,141,56,1,818,0,1,11,0,12,620,142,67,1,830,0,0,0,830
09/18/2010,BWI,MD,AEA,EN,Towers with Radar,513,71,24,1,609,0,1,19,1,21,513,72,43,2,630,0,0,0,630
09/19/2010,BWI,MD,AEA,EN,Towers with Radar,563,85,49,0,697,1,0,17,0,18,564,85,66,0,715,16,0,16,731
09/20/2010,BWI,MD,AEA,EN,Towers with Radar,604,122,66,0,792,0,0,18,3,21,604,122,84,3,813,0,0,0,813
09/21/2010,BWI,MD,AEA,EN,Towers with Radar,594,126,46,0,766,0,0,16,0,16,594,126,62,0,782,0,0,0,782
09/22/2010,BWI,MD,AEA,EN,Towers with Radar,607,148,59,2,816,0,0,13,1,14,607,148,72,3,830,0,0,0,830
09/23/2010,BWI,MD,AEA,EN,Towers with Radar,616,136,60,0,812,0,3,18,0,21,616,139,78,0,833,0,0,0,833
09/24/2010,BWI,MD,AEA,EN,Towers with Radar,624,120,52,0,796,0,0,26,0,26,624,120,78,0,822,0,0,0,822
09/25/2010,BWI,MD,AEA,EN,Towers with Radar,513,86,56,3,658,1,3,22,0,26,514,89,78,3,684,0,0,0,684
09/26/2010,BWI,MD,AEA,EN,Towers with Radar,564,94,40,1,699,0,0,10,0,10,564,94,50,1,709,0,0,0,709
09/27/2010,BWI,MD,AEA,EN,Towers with Radar,605,114,44,2,765,0,0,0,0,0,605,114,44,2,765,0,0,0,765
09/28/2010,BWI,MD,AEA,EN,Towers with Radar,601,129,44,1,775,1,1,14,0,16,602,130,58,1,791,14,0,14,805
09/29/2010,BWI,MD,AEA,EN,Towers with Radar,597,132,33,0,762,0,0,8,0,8,597,132,41,0,770,8,0,8,778
09/30/2010,BWI,MD,AEA,EN,Towers with Radar,609,110,38,1,758,0,0,0,0,0,609,110,38,1,758,0,0,0,758
10/01/2010,BWI,MD,AEA,EN,Towers with Radar,628,133,41,1,803,0,0,8,0,8,628,133,49,1,811,0,0,0,811
10/02/2010,BWI,MD,AEA,EN,Towers with Radar,526,76,32,2,636,0,0,14,3,17,526,76,46,5,653,0,0,0,653
10/03/2010,BWI,MD,AEA,EN,Towers with Radar,576,96,37,2,711,0,0,7,0,7,576,96,44,2,718,24,0,24,742
10/04/2010,BWI,MD,AEA,EN,Towers with Radar,612,116,39,1,768,0,0,0,0,0,612,116,39,1,768,0,0,0,768
10/05/2010,BWI,MD,AEA,EN,Towers with Radar,604,142,53,0,799,0,0,3,1,4,604,142,56,1,803,0,0,0,803
10/06/2010,BWI,MD,AEA,EN,Towers with Radar,607,134,62,3,806,0,0,4,0,4,607,134,66,3,810,0,0,0,810
10/07/2010,BWI,MD,AEA,EN,Towers with Radar,619,137,56,5,817,0,0,12,2,14,619,137,68,7,831,0,0,0,831
10/08/2010,BWI,MD,AEA,EN,Towers with Radar,630,137,62,0,829,1,1,16,0,18,631,138,78,0,847,0,0,0,847
10/09/2010,BWI,MD,AEA,EN,Towers with Radar,521,83,30,1,635,0,1,11,0,12,521,84,41,1,647,0,0,0,647
10/10/2010,BWI,MD,AEA,EN,Towers with Radar,582,94,49,0,725,0,0,12,0,12,582,94,61,0,737,14,0,14,751
10/11/2010,BWI,MD,AEA,EN,Towers with Radar,625,120,57,0,802,1,0,16,0,17,626,120,73,0,819,0,0,0,819
10/12/2010,BWI,MD,AEA,EN,Towers with Radar,623,124,64,0,811,1,0,13,1,15,624,124,77,1,826,0,0,0,826
10/13/2010,BWI,MD,AEA,EN,Towers with Radar,613,133,72,0,818,0,0,22,0,22,613,133,94,0,840,0,0,0,840
10/14/2010,BWI,MD,AEA,EN,Towers with Radar,632,134,43,0,809,0,0,0,0,0,632,134,43,0,809,0,0,0,809
10/15/2010,BWI,MD,AEA,EN,Towers with Radar,635,123,43,1,802,0,0,9,0,9,635,123,52,1,811,0,0,0,811
10/16/2010,BWI,MD,AEA,EN,Towers with Radar,531,70,34,1,636,0,0,13,0,13,531,70,47,1,649,0,0,0,649
10/17/2010,BWI,MD,AEA,EN,Towers with Radar,583,103,68,0,754,0,0,15,0,15,583,103,83,0,769,0,0,0,769
10/18/2010,BWI,MD,AEA,EN,Towers with Radar,626,123,57,1,807,0,0,18,0,18,626,123,75,1,825,0,0,0,825
10/19/2010,BWI,MD,AEA,EN,Towers with Radar,614,125,42,4,785,0,0,2,0,2,614,125,44,4,787,0,0,0,787
10/20/2010,BWI,MD,AEA,EN,Towers with Radar,614,140,55,0,809,0,0,5,2,7,614,140,60,2,816,0,0,0,816
10/21/2010,BWI,MD,AEA,EN,Towers with Radar,635,136,59,0,830,0,0,5,2,7,635,136,64,2,837,0,0,0,837
10/22/2010,BWI,MD,AEA,EN,Towers with Radar,643,123,43,1,810,0,0,14,0,14,643,123,57,1,824,0,0,0,824
10/23/2010,BWI,MD,AEA,EN,Towers with Radar,527,84,28,0,639,0,1,14,0,15,527,85,42,0,654,0,0,0,654
10/24/2010,BWI,MD,AEA,EN,Towers with Radar,578,82,37,0,697,1,0,12,0,13,579,82,49,0,710,0,0,0,710
10/25/2010,BWI,MD,AEA,EN,Towers with Radar,636,108,44,0,788,0,0,4,0,4,636,108,48,0,792,0,0,0,792
10/26/2010,BWI,MD,AEA,EN,Towers with Radar,606,125,44,7,782,0,0,4,0,4,606,125,48,7,786,0,0,0,786
10/27/2010,BWI,MD,AEA,EN,Towers with Radar,623,118,45,0,786,0,0,2,0,2,623,118,47,0,788,0,0,0,788
10/28/2010,BWI,MD,AEA,EN,Towers with Radar,633,128,67,0,828,0,0,33,0,33,633,128,100,0,861,0,0,0,861
10/29/2010,BWI,MD,AEA,EN,Towers with Radar,628,141,43,5,817,1,0,4,0,5,629,141,47,5,822,14,0,14,836
10/30/2010,BWI,MD,AEA,EN,Towers with Radar,539,73,22,0,634,0,2,20,0,22,539,75,42,0,656,12,0,12,668
10/31/2010,BWI,MD,AEA,EN,Towers with Radar,556,83,37,3,679,0,1,8,0,9,556,84,45,3,688,0,0,0,688
11/01/2010,BWI,MD,AEA,EN,Towers with Radar,624,108,50,1,783,1,0,7,1,9,625,108,57,2,792,0,0,0,792
11/02/2010,BWI,MD,AEA,EN,Towers with Radar,614,127,38,0,779,1,3,11,0,15,615,130,49,0,794,0,0,0,794
11/03/2010,BWI,MD,AEA,EN,Towers with Radar,620,119,43,1,783,1,1,33,0,35,621,120,76,1,818,0,0,0,818
11/04/2010,BWI,MD,AEA,EN,Towers with Radar,625,122,58,3,808,0,0,0,0,0,625,122,58,3,808,0,0,0,808
11/05/2010,BWI,MD,AEA,EN,Towers with Radar,646,132,75,3,856,1,0,7,1,9,647,132,82,4,865,0,0,0,865
11/06/2010,BWI,MD,AEA,EN,Towers with Radar,535,68,24,4,631,0,2,15,0,17,535,70,39,4,648,0,0,0,648
11/07/2010,BWI,MD,AEA,EN,Towers with Radar,553,90,44,0,687,0,0,9,0,9,553,90,53,0,696,0,0,0,696
11/08/2010,BWI,MD,AEA,EN,Towers with Radar,588,105,50,5,748,0,0,12,0,12,588,105,62,5,760,0,0,0,760
11/09/2010,BWI,MD,AEA,EN,Towers with Radar,578,120,32,0,730,0,0,10,0,10,578,120,42,0,740,0,0,0,740
11/10/2010,BWI,MD,AEA,EN,Towers with Radar,589,133,60,4,786,0,0,5,1,6,589,133,65,5,792,0,0,0,792
11/11/2010,BWI,MD,AEA,EN,Towers with Radar,608,114,52,1,775,0,3,12,1,16,608,117,64,2,791,0,0,0,791
11/12/2010,BWI,MD,AEA,EN,Towers with Radar,619,109,38,4,770,0,0,13,0,13,619,109,51,4,783,4,0,4,787
11/13/2010,BWI,MD,AEA,EN,Towers with Radar,507,68,18,0,593,0,2,18,0,20,507,70,36,0,613,60,0,60,673
11/14/2010,BWI,MD,AEA,EN,Towers with Radar,553,88,49,1,691,0,0,10,0,10,553,88,59,1,701,0,0,0,701
11/15/2010,BWI,MD,AEA,EN,Towers with Radar,603,115,56,0,774,2,0,10,0,12,605,115,66,0,786,0,0,0,786
11/16/2010,BWI,MD,AEA,EN,Towers with Radar,580,127,40,2,749,0,0,0,0,0,580,127,40,2,749,0,0,0,749
11/17/2010,BWI,MD,AEA,EN,Towers with Radar,592,122,43,10,767,0,0,5,0,5,592,122,48,10,772,0,0,0,772
11/18/2010,BWI,MD,AEA,EN,Towers with Radar,603,128,40,4,775,0,2,21,0,23,603,130,61,4,798,0,0,0,798
11/19/2010,BWI,MD,AEA,EN,Towers with Radar,629,129,46,2,806,0,0,17,0,17,629,129,63,2,823,0,0,0,823
11/20/2010,BWI,MD,AEA,EN,Towers with Radar,516,63,39,1,619,0,2,19,0,21,516,65,58,1,640,0,0,0,640
11/21/2010,BWI,MD,AEA,EN,Towers with Radar,562,73,42,0,677,0,2,15,0,17,562,75,57,0,694,0,0,0,694
11/22/2010,BWI,MD,AEA,EN,Towers with Radar,592,113,34,1,740,0,0,8,0,8,592,113,42,1,748,10,0,10,758
11/23/2010,BWI,MD,AEA,EN,Towers with Radar,622,128,43,0,793,0,0,9,0,9,622,128,52,0,802,0,0,0,802
11/24/2010,BWI,MD,AEA,EN,Towers with Radar,637,137,44,0,818,1,1,4,0,6,638,138,48,0,824,0,0,0,824
11/25/2010,BWI,MD,AEA,EN,Towers with Radar,420,67,4,0,491,0,0,1,0,1,420,67,5,0,492,0,0,0,492
11/26/2010,BWI,MD,AEA,EN,Towers with Radar,503,76,24,1,604,0,0,2,0,2,503,76,26,1,606,0,0,0,606
11/27/2010,BWI,MD,AEA,EN,Towers with Radar,564,75,22,0,661,0,2,1,0,3,564,77,23,0,664,0,0,0,664
11/28/2010,BWI,MD,AEA,EN,Towers with Radar,644,101,68,0,813,0,1,15,0,16,644,102,83,0,829,0,0,0,829
11/29/2010,BWI,MD,AEA,EN,Towers with Radar,619,110,51,0,780,0,0,19,0,19,619,110,70,0,799,0,0,0,799
11/30/2010,BWI,MD,AEA,EN,Towers with Radar,589,135,49,1,774,0,1,0,0,1,589,136,49,1,775,0,0,0,775
12/01/2010,BWI,MD,AEA,EN,Towers with Radar,615,105,38,1,759,0,0,1,0,1,615,105,39,1,760,0,0,0,760
12/02/2010,BWI,MD,AEA,EN,Towers with Radar,610,125,48,2,785,0,1,14,0,15,610,126,62,2,800,8,0,8,808
12/03/2010,BWI,MD,AEA,EN,Towers with Radar,607,115,39,0,761,1,0,10,0,11,608,115,49,0,772,12,0,12,784
12/04/2010,BWI,MD,AEA,EN,Towers with Radar,506,63,20,0,589,0,2,8,0,10,506,65,28,0,599,18,0,18,617
12/05/2010,BWI,MD,AEA,EN,Towers with Radar,541,89,32,0,662,0,0,9,0,9,541,89,41,0,671,6,0,6,677
12/06/2010,BWI,MD,AEA,EN,Towers with Radar,599,106,45,1,751,1,0,5,0,6,600,106,50,1,757,0,0,0,757
12/07/2010,BWI,MD,AEA,EN,Towers with Radar,573,118,66,0,757,0,1,13,0,14,573,119,79,0,771,0,0,0,771
12/08/2010,BWI,MD,AEA,EN,Towers with Radar,584,129,52,1,766,0,0,6,1,7,584,129,58,2,773,0,0,0,773
12/09/2010,BWI,MD,AEA,EN,Towers with Radar,597,114,37,1,749,0,1,9,0,10,597,115,46,1,759,0,0,0,759
12/10/2010,BWI,MD,AEA,EN,Towers with Radar,605,120,51,0,776,0,0,20,1,21,605,120,71,1,797,0,0,0,797
12/11/2010,BWI,MD,AEA,EN,Towers with Radar,496,64,20,3,583,0,2,5,0,7,496,66,25,3,590,0,0,0,590
12/12/2010,BWI,MD,AEA,EN,Towers with Radar,519,72,26,2,619,0,0,0,0,0,519,72,26,2,619,0,0,0,619
12/13/2010,BWI,MD,AEA,EN,Towers with Radar,575,115,51,1,742,0,0,1,0,1,575,115,52,1,743,0,0,0,743
12/14/2010,BWI,MD,AEA,EN,Towers with Radar,580,119,46,3,748,0,0,2,0,2,580,119,48,3,750,6,0,6,756
12/15/2010,BWI,MD,AEA,EN,Towers with Radar,569,119,60,0,748,0,0,16,10,26,569,119,76,10,774,4,0,4,778
12/16/2010,BWI,MD,AEA,EN,Towers with Radar,596,135,46,1,778,0,1,16,0,17,596,136,62,1,795,0,0,0,795
12/17/2010,BWI,MD,AEA,EN,Towers with Radar,629,136,45,3,813,0,0,9,0,9,629,136,54,3,822,2,0,2,824
12/18/2010,BWI,MD,AEA,EN,Towers with Radar,520,70,19,1,610,0,1,44,0,45,520,71,63,1,655,16,0,16,671
12/19/2010,BWI,MD,AEA,EN,Towers with Radar,546,74,30,0,650,0,0,26,0,26,546,74,56,0,676,2,0,2,678
12/20/2010,BWI,MD,AEA,EN,Towers with Radar,576,114,38,0,728,0,0,3,0,3,576,114,41,0,731,8,0,8,739
12/21/2010,BWI,MD,AEA,EN,Towers with Radar,597,121,37,0,755,0,4,35,0,39,597,125,72,0,794,14,0,14,808
12/22/2010,BWI,MD,AEA,EN,Towers with Radar,624,137,37,2,800,0,0,7,0,7,624,137,44,2,807,10,0,10,817
12/23/2010,BWI,MD,AEA,EN,Towers with Radar,623,117,20,1,761,0,0,2,0,2,623,117,22,1,763,12,0,12,775
12/24/2010,BWI,MD,AEA,EN,Towers with Radar,498,86,12,0,596,0,0,7,0,7,498,86,19,0,603,2,0,2,605
12/25/2010,BWI,MD,AEA,EN,Towers with Radar,454,55,3,0,512,0,0,0,0,0,454,55,3,0,512,0,0,0,512
12/26/2010,BWI,MD,AEA,EN,Towers with Radar,322,43,32,0,397,0,0,0,0,0,322,43,32,0,397,0,0,0,397
12/27/2010,BWI,MD,AEA,EN,Towers with Radar,508,71,16,0,595,0,0,1,0,1,508,71,17,0,596,0,0,0,596
12/28/2010,BWI,MD,AEA,EN,Towers with Radar,614,95,23,2,734,0,0,15,0,15,614,95,38,2,749,8,0,8,757
12/29/2010,BWI,MD,AEA,EN,Towers with Radar,620,103,31,0,754,0,4,6,0,10,620,107,37,0,764,8,0,8,772
12/30/2010,BWI,MD,AEA,EN,Towers with Radar,604,96,30,0,730,1,1,2,0,4,605,97,32,0,734,2,0,2,736
12/31/2010,BWI,MD,AEA,EN,Towers with Radar,486,92,16,0,594,1,0,22,0,23,487,92,38,0,617,4,0,4,621
01/01/2011,BWI,MD,AEA,EN,Towers with Radar,454,66,13,0,533,0,0,3,0,3,454,66,16,0,536,2,0,2,538
01/02/2011,BWI,MD,AEA,EN,Towers with Radar,599,85,48,0,732,0,0,3,0,3,599,85,51,0,735,0,0,0,735
01/03/2011,BWI,MD,AEA,EN,Towers with Radar,609,107,16,0,732,0,1,4,0,5,609,108,20,0,737,0,0,0,737
01/04/2011,BWI,MD,AEA,EN,Towers with Radar,585,108,42,0,735,0,2,7,0,9,585,110,49,0,744,0,0,0,744
01/05/2011,BWI,MD,AEA,EN,Towers with Radar,565,116,44,4,729,0,1,7,0,8,565,117,51,4,737,0,0,0,737
01/06/2011,BWI,MD,AEA,EN,Towers with Radar,582,114,33,2,731,0,3,9,0,12,582,117,42,2,743,0,0,0,743
01/07/2011,BWI,MD,AEA,EN,Towers with Radar,583,104,31,0,718,0,0,4,0,4,583,104,35,0,722,0,0,0,722
01/08/2011,BWI,MD,AEA,EN,Towers with Radar,485,68,21,0,574,0,0,1,0,1,485,68,22,0,575,0,0,0,575
01/09/2011,BWI,MD,AEA,EN,Towers with Radar,499,84,20,0,603,0,0,8,0,8,499,84,28,0,611,0,0,0,611
01/10/2011,BWI,MD,AEA,EN,Towers with Radar,515,112,33,1,661,0,1,8,0,9,515,113,41,1,670,0,0,0,670
01/11/2011,BWI,MD,AEA,EN,Towers with Radar,458,107,19,0,584,0,4,12,1,17,458,111,31,1,601,0,0,0,601
01/12/2011,BWI,MD,AEA,EN,Towers with Radar,445,95,23,0,563,0,0,0,0,0,445,95,23,0,563,0,0,0,563
01/13/2011,BWI,MD,AEA,EN,Towers with Radar,563,117,53,3,736,0,1,13,0,14,563,118,66,3,750,0,0,0,750
01/14/2011,BWI,MD,AEA,EN,Towers with Radar,572,130,42,1,745,0,0,10,0,10,572,130,52,1,755,0,0,0,755
01/15/2011,BWI,MD,AEA,EN,Towers with Radar,471,71,30,1,573,1,0,16,0,17,472,71,46,1,590,0,0,0,590
01/16/2011,BWI,MD,AEA,EN,Towers with Radar,502,91,22,0,615,1,0,9,0,10,503,91,31,0,625,0,0,0,625
01/17/2011,BWI,MD,AEA,EN,Towers with Radar,562,95,29,0,686,0,4,13,0,17,562,99,42,0,703,0,0,0,703
01/18/2011,BWI,MD,AEA,EN,Towers with Radar,534,98,34,0,666,0,0,0,0,0,534,98,34,0,666,0,0,0,666
01/19/2011,BWI,MD,AEA,EN,Towers with Radar,556,132,45,0,733,0,0,4,0,4,556,132,49,0,737,0,0,0,737
01/20/2011,BWI,MD,AEA,EN,Towers with Radar,579,124,63,1,767,0,4,11,0,15,579,128,74,1,782,0,0,0,782
01/21/2011,BWI,MD,AEA,EN,Towers with Radar,566,120,29,2,717,0,0,7,0,7,566,120,36,2,724,0,0,0,724
01/22/2011,BWI,MD,AEA,EN,Towers with Radar,476,67,21,0,564,1,1,1,0,3,477,68,22,0,567,0,0,0,567
01/23/2011,BWI,MD,AEA,EN,Towers with Radar,506,83,39,0,628,0,0,8,0,8,506,83,47,0,636,0,0,0,636
01/24/2011,BWI,MD,AEA,EN,Towers with Radar,568,108,47,5,728,0,0,8,0,8,568,108,55,5,736,0,0,0,736
01/25/2011,BWI,MD,AEA,EN,Towers with Radar,549,118,49,2,718,0,1,12,1,14,549,119,61,3,732,0,0,0,732
01/26/2011,BWI,MD,AEA,EN,Towers with Radar,321,71,31,0,423,0,0,0,0,0,321,71,31,0,423,0,0,0,423
01/27/2011,BWI,MD,AEA,EN,Towers with Radar,500,89,57,2,648,0,0,3,0,3,500,89,60,2,651,0,0,0,651
01/28/2011,BWI,MD,AEA,EN,Towers with Radar,567,122,46,0,735,0,0,0,0,0,567,122,46,0,735,0,0,0,735
01/29/2011,BWI,MD,AEA,EN,Towers with Radar,468,68,25,0,561,0,0,4,0,4,468,68,29,0,565,0,0,0,565
01/30/2011,BWI,MD,AEA,EN,Towers with Radar,508,87,18,0,613,0,0,2,1,3,508,87,20,1,616,0,0,0,616
01/31/2011,BWI,MD,AEA,EN,Towers with Radar,554,101,39,0,694,1,1,9,0,11,555,102,48,0,705,0,0,0,705
02/01/2011,BWI,MD,AEA,EN,Towers with Radar,388,77,12,1,478,0,0,0,0,0,388,77,12,1,478,0,0,0,478
02/02/2011,BWI,MD,AEA,EN,Towers with Radar,392,78,27,0,497,0,0,0,0,0,392,78,27,0,497,0,0,0,497
02/03/2011,BWI,MD,AEA,EN,Towers with Radar,558,107,52,0,717,0,2,1,1,4,558,109,53,1,721,0,0,0,721
02/04/2011,BWI,MD,AEA,EN,Towers with Radar,561,127,31,0,719,1,0,18,0,19,562,127,49,0,738,0,0,0,738
02/05/2011,BWI,MD,AEA,EN,Towers with Radar,489,51,5,2,547,0,0,1,0,1,489,51,6,2,548,0,0,0,548
02/06/2011,BWI,MD,AEA,EN,Towers with Radar,517,77,26,0,620,0,0,20,0,20,517,77,46,0,640,0,0,0,640
02/07/2011,BWI,MD,AEA,EN,Towers with Radar,568,106,39,1,714,0,1,15,0,16,568,107,54,1,730,0,0,0,730
02/08/2011,BWI,MD,AEA,EN,Towers with Radar,565,114,26,2,707,0,0,2,0,2,565,114,28,2,709,0,0,0,709
02/09/2011,BWI,MD,AEA,EN,Towers with Radar,541,111,48,0,700,0,0,7,0,7,541,111,55,0,707,0,0,0,707
02/10/2011,BWI,MD,AEA,EN,Towers with Radar,577,112,39,0,728,0,0,4,0,4,577,112,43,0,732,0,0,0,732
02/11/2011,BWI,MD,AEA,EN,Towers with Radar,580,125,54,1,760,1,1,7,0,9,581,126,61,1,769,0,0,0,769
02/12/2011,BWI,MD,AEA,EN,Towers with Radar,473,77,11,0,561,0,1,4,0,5,473,78,15,0,566,0,0,0,566
02/13/2011,BWI,MD,AEA,EN,Towers with Radar,540,80,26,0,646,0,0,5,0,5,540,80,31,0,651,0,0,0,651
02/14/2011,BWI,MD,AEA,EN,Towers with Radar,587,111,34,1,733,1,0,3,0,4,588,111,37,1,737,0,0,0,737
02/15/2011,BWI,MD,AEA,EN,Towers with Radar,558,114,43,0,715,0,0,11,2,13,558,114,54,2,728,0,0,0,728
02/16/2011,BWI,MD,AEA,EN,Towers with Radar,563,126,54,0,743,0,0,9,1,10,563,126,63,1,753,0,0,0,753
02/17/2011,BWI,MD,AEA,EN,Towers with Radar,588,135,35,0,758,0,0,4,0,4,588,135,39,0,762,0,0,0,762
02/18/2011,BWI,MD,AEA,EN,Towers with Radar,590,114,37,2,743,0,1,14,0,15,590,115,51,2,758,0,0,0,758
02/19/2011,BWI,MD,AEA,EN,Towers with Radar,509,61,17,0,587,0,0,0,0,0,509,61,17,0,587,0,0,0,587
02/20/2011,BWI,MD,AEA,EN,Towers with Radar,514,72,24,0,610,0,0,16,0,16,514,72,40,0,626,0,0,0,626
02/21/2011,BWI,MD,AEA,EN,Towers with Radar,559,89,24,2,674,1,0,4,0,5,560,89,28,2,679,0,0,0,679
02/22/2011,BWI,MD,AEA,EN,Towers with Radar,601,103,39,4,747,0,1,5,0,6,601,104,44,4,753,0,0,0,753
02/23/2011,BWI,MD,AEA,EN,Towers with Radar,579,131,48,2,760,0,0,5,0,5,579,131,53,2,765,0,0,0,765
02/24/2011,BWI,MD,AEA,EN,Towers with Radar,591,124,50,2,767,0,1,8,0,9,591,125,58,2,776,0,0,0,776
02/25/2011,BWI,MD,AEA,EN,Towers with Radar,594,90,32,6,722,0,0,1,0,1,594,90,33,6,723,0,0,0,723
02/26/2011,BWI,MD,AEA,EN,Towers with Radar,494,86,21,0,601,0,1,4,0,5,494,87,25,0,606,0,0,0,606
02/27/2011,BWI,MD,AEA,EN,Towers with Radar,536,76,38,0,650,0,0,11,0,11,536,76,49,0,661,0,0,0,661
02/28/2011,BWI,MD,AEA,EN,Towers with Radar,582,100,20,2,704,0,0,0,0,0,582,100,20,2,704,0,0,0,704
03/01/2011,BWI,MD,AEA,EN,Towers with Radar,590,116,49,0,755,0,2,12,0,14,590,118,61,0,769,0,0,0,769
03/02/2011,BWI,MD,AEA,EN,Towers with Radar,584,124,43,0,751,0,0,11,0,11,584,124,54,0,762,0,0,0,762
03/03/2011,BWI,MD,AEA,EN,Towers with Radar,591,122,37,1,751,0,1,9,1,11,591,123,46,2,762,10,0,10,772
03/04/2011,BWI,MD,AEA,EN,Towers with Radar,587,131,59,2,779,0,0,20,2,22,587,131,79,4,801,0,0,0,801
03/05/2011,BWI,MD,AEA,EN,Towers with Radar,499,75,26,1,601,0,0,3,0,3,499,75,29,1,604,14,0,14,618
03/06/2011,BWI,MD,AEA,EN,Towers with Radar,545,78,17,3,643,0,0,1,0,1,545,78,18,3,644,0,0,0,644
03/07/2011,BWI,MD,AEA,EN,Towers with Radar,585,113,44,2,744,0,0,4,2,6,585,113,48,4,750,10,0,10,760
03/08/2011,BWI,MD,AEA,EN,Towers with Radar,584,117,48,4,753,0,4,12,0,16,584,121,60,4,769,0,0,0,769
03/09/2011,BWI,MD,AEA,EN,Towers with Radar,579,122,60,2,763,0,0,0,0,0,579,122,60,2,763,0,0,0,763
03/10/2011,BWI,MD,AEA,EN,Towers with Radar,587,126,37,0,750,0,0,0,0,0,587,126,37,0,750,0,0,0,750
03/11/2011,BWI,MD,AEA,EN,Towers with Radar,593,125,43,1,762,0,0,8,4,12,593,125,51,5,774,0,0,0,774
03/12/2011,BWI,MD,AEA,EN,Towers with Radar,540,93,20,1,654,0,1,9,0,10,540,94,29,1,664,6,0,6,670
03/13/2011,BWI,MD,AEA,EN,Towers with Radar,587,88,20,0,695,0,0,5,0,5,587,88,25,0,700,0,0,0,700
03/14/2011,BWI,MD,AEA,EN,Towers with Radar,632,113,26,6,777,0,0,12,0,12,632,113,38,6,789,0,0,0,789
03/15/2011,BWI,MD,AEA,EN,Towers with Radar,630,115,27,0,772,0,2,12,0,14,630,117,39,0,786,0,0,0,786
03/16/2011,BWI,MD,AEA,EN,Towers with Radar,624,131,32,3,790,0,0,8,0,8,624,131,40,3,798,0,0,0,798
03/17/2011,BWI,MD,AEA,EN,Towers with Radar,633,125,36,7,801,0,1,11,1,13,633,126,47,8,814,0,0,0,814
03/18/2011,BWI,MD,AEA,EN,Towers with Radar,640,122,43,0,805,0,0,10,0,10,640,122,53,0,815,6,0,6,821
03/19/2011,BWI,MD,AEA,EN,Towers with Radar,561,77,16,0,654,0,1,7,0,8,561,78,23,0,662,0,0,0,662
03/20/2011,BWI,MD,AEA,EN,Towers with Radar,583,84,25,0,692,0,0,9,0,9,583,84,34,0,701,0,0,0,701
03/21/2011,BWI,MD,AEA,EN,Towers with Radar,635,103,22,1,761,0,0,4,0,4,635,103,26,1,765,0,0,0,765
03/22/2011,BWI,MD,AEA,EN,Towers with Radar,629,120,47,1,797,0,0,15,3,18,629,120,62,4,815,0,0,0,815
03/23/2011,BWI,MD,AEA,EN,Towers with Radar,598,117,43,1,759,0,0,0,0,0,598,117,43,1,759,0,0,0,759
03/24/2011,BWI,MD,AEA,EN,Towers with Radar,658,119,48,1,826,0,0,3,0,3,658,119,51,1,829,0,0,0,829
03/25/2011,BWI,MD,AEA,EN,Towers with Radar,635,129,39,0,803,0,0,11,0,11,635,129,50,0,814,0,0,0,814
03/26/2011,BWI,MD,AEA,EN,Towers with Radar,565,79,33,1,678,0,1,6,0,7,565,80,39,1,685,0,0,0,685
03/27/2011,BWI,MD,AEA,EN,Towers with Radar,592,86,23,0,701,0,0,0,0,0,592,86,23,0,701,0,0,0,701
03/28/2011,BWI,MD,AEA,EN,Towers with Radar,642,121,38,1,802,0,0,8,0,8,642,121,46,1,810,0,0,0,810
03/29/2011,BWI,MD,AEA,EN,Towers with Radar,634,117,45,4,800,0,0,25,0,25,634,117,70,4,825,0,0,0,825
03/30/2011,BWI,MD,AEA,EN,Towers with Radar,633,128,25,0,786,0,0,4,0,4,633,128,29,0,790,0,0,0,790
03/31/2011,BWI,MD,AEA,EN,Towers with Radar,611,117,42,2,772,0,0,0,0,0,611,117,42,2,772,0,0,0,772
04/01/2011,BWI,MD,AEA,EN,Towers with Radar,665,120,38,2,825,0,0,0,2,2,665,120,38,4,827,0,0,0,827
04/02/2011,BWI,MD,AEA,EN,Towers with Radar,540,76,34,0,650,0,1,0,2,3,540,77,34,2,653,0,0,0,653
04/03/2011,BWI,MD,AEA,EN,Towers with Radar,566,89,38,0,693,0,0,6,0,6,566,89,44,0,699,0,0,0,699
04/04/2011,BWI,MD,AEA,EN,Towers with Radar,622,114,34,2,772,0,0,5,0,5,622,114,39,2,777,0,0,0,777
04/05/2011,BWI,MD,AEA,EN,Towers with Radar,642,110,45,3,800,0,0,4,0,4,642,110,49,3,804,0,0,0,804
04/06/2011,BWI,MD,AEA,EN,Towers with Radar,640,127,53,5,825,0,0,12,0,12,640,127,65,5,837,0,0,0,837
04/07/2011,BWI,MD,AEA,EN,Towers with Radar,652,129,57,2,840,0,1,12,0,13,652,130,69,2,853,0,0,0,853
04/08/2011,BWI,MD,AEA,EN,Towers with Radar,640,126,38,3,807,0,0,0,0,0,640,126,38,3,807,0,0,0,807
04/09/2011,BWI,MD,AEA,EN,Towers with Radar,567,85,29,1,682,0,0,2,0,2,567,85,31,1,684,0,0,0,684
04/10/2011,BWI,MD,AEA,EN,Towers with Radar,602,92,17,1,712,0,0,1,0,1,602,92,18,1,713,0,0,0,713
04/11/2011,BWI,MD,AEA,EN,Towers with Radar,644,115,36,6,801,0,0,12,1,13,644,115,48,7,814,0,0,0,814
04/12/2011,BWI,MD,AEA,EN,Towers with Radar,646,124,31,0,801,0,0,1,0,1,646,124,32,0,802,0,0,0,802
04/13/2011,BWI,MD,AEA,EN,Towers with Radar,635,144,48,4,831,0,1,0,1,2,635,145,48,5,833,0,0,0,833
04/14/2011,BWI,MD,AEA,EN,Towers with Radar,649,139,46,0,834,0,0,16,0,16,649,139,62,0,850,0,0,0,850
04/15/2011,BWI,MD,AEA,EN,Towers with Radar,643,132,49,2,826,0,1,13,0,14,643,133,62,2,840,0,0,0,840
04/16/2011,BWI,MD,AEA,EN,Towers with Radar,522,79,13,1,615,0,0,0,0,0,522,79,13,1,615,0,0,0,615
04/17/2011,BWI,MD,AEA,EN,Towers with Radar,649,101,13,1,764,0,0,2,0,2,649,101,15,1,766,0,0,0,766
04/18/2011,BWI,MD,AEA,EN,Towers with Radar,645,124,52,1,822,0,0,13,0,13,645,124,65,1,835,0,0,0,835
04/19/2011,BWI,MD,AEA,EN,Towers with Radar,635,114,43,4,796,0,1,7,0,8,635,115,50,4,804,0,0,0,804
04/20/2011,BWI,MD,AEA,EN,Towers with Radar,663,131,62,1,857,0,0,14,0,14,663,131,76,1,871,0,0,0,871
04/21/2011,BWI,MD,AEA,EN,Towers with Radar,648,137,55,1,841,0,2,18,0,20,648,139,73,1,861,0,0,0,861
04/22/2011,BWI,MD,AEA,EN,Towers with Radar,646,117,32,1,796,0,0,0,0,0,646,117,32,1,796,0,0,0,796
04/23/2011,BWI,MD,AEA,EN,Towers with Radar,558,78,15,0,651,0,0,3,0,3,558,78,18,0,654,0,0,0,654
04/24/2011,BWI,MD,AEA,EN,Towers with Radar,595,84,17,1,697,0,0,1,0,1,595,84,18,1,698,0,0,0,698
04/25/2011,BWI,MD,AEA,EN,Towers with Radar,647,109,41,4,801,0,0,6,0,6,647,109,47,4,807,0,0,0,807
04/26/2011,BWI,MD,AEA,EN,Towers with Radar,654,123,36,2,815,0,1,0,2,3,654,124,36,4,818,0,0,0,818
04/27/2011,BWI,MD,AEA,EN,Towers with Radar,643,129,74,1,847,0,0,1,0,1,643,129,75,1,848,0,0,0,848
04/28/2011,BWI,MD,AEA,EN,Towers with Radar,662,103,67,1,833,0,0,3,0,3,662,103,70,1,836,0,0,0,836
04/29/2011,BWI,MD,AEA,EN,Towers with Radar,658,129,55,2,844,0,0,8,0,8,658,129,63,2,852,0,0,0,852
04/30/2011,BWI,MD,AEA,EN,Towers with Radar,562,69,27,1,659,0,1,11,0,12,562,70,38,1,671,0,0,0,671
05/01/2011,BWI,MD,AEA,EN,Towers with Radar,600,81,37,0,718,0,0,9,0,9,600,81,46,0,727,16,0,16,743
05/02/2011,BWI,MD,AEA,EN,Towers with Radar,645,107,31,3,786,0,0,1,0,1,645,107,32,3,787,0,0,0,787
05/03/2011,BWI,MD,AEA,EN,Towers with Radar,645,117,56,1,819,0,0,6,1,7,645,117,62,2,826,0,0,0,826
05/04/2011,BWI,MD,AEA,EN,Towers with Radar,652,135,56,0,843,0,0,1,0,1,652,135,57,0,844,0,0,0,844
05/05/2011,BWI,MD,AEA,EN,Towers with Radar,672,144,61,0,877,0,0,10,0,10,672,144,71,0,887,0,0,0,887
05/06/2011,BWI,MD,AEA,EN,Towers with Radar,671,132,36,0,839,0,1,6,0,7,671,133,42,0,846,0,0,0,846
05/07/2011,BWI,MD,AEA,EN,Towers with Radar,570,75,13,1,659,0,0,5,0,5,570,75,18,1,664,0,0,0,664
05/08/2011,BWI,MD,AEA,EN,Towers with Radar,619,80,19,1,719,0,0,6,0,6,619,80,25,1,725,0,0,0,725
05/09/2011,BWI,MD,AEA,EN,Towers with Radar,662,135,29,3,829,1,1,11,0,13,663,136,40,3,842,0,0,0,842
05/10/2011,BWI,MD,AEA,EN,Towers with Radar,660,125,33,0,818,0,1,36,1,38,660,126,69,1,856,0,0,0,856
05/11/2011,BWI,MD,AEA,EN,Towers with Radar,640,133,76,0,849,0,0,18,0,18,640,133,94,0,867,0,0,0,867
05/12/2011,BWI,MD,AEA,EN,Towers with Radar,654,128,72,0,854,0,0,19,0,19,654,128,91,0,873,0,0,0,873
05/13/2011,BWI,MD,AEA,EN,Towers with Radar,667,126,43,1,837,0,0,2,0,2,667,126,45,1,839,0,0,0,839
05/14/2011,BWI,MD,AEA,EN,Towers with Radar,556,77,15,1,649,0,0,0,0,0,556,77,15,1,649,0,0,0,649
05/15/2011,BWI,MD,AEA,EN,Towers with Radar,610,79,23,1,713,0,0,1,0,1,610,79,24,1,714,0,0,0,714
05/16/2011,BWI,MD,AEA,EN,Towers with Radar,674,112,48,0,834,1,0,5,0,6,675,112,53,0,840,0,0,0,840
05/17/2011,BWI,MD,AEA,EN,Towers with Radar,647,118,36,5,806,0,0,2,0,2,647,118,38,5,808,0,0,0,808
05/18/2011,BWI,MD,AEA,EN,Towers with Radar,658,135,55,5,853,0,0,2,0,2,658,135,57,5,855,0,0,0,855
05/19/2011,BWI,MD,AEA,EN,Towers with Radar,661,131,47,14,853,0,0,7,0,7,661,131,54,14,860,0,0,0,860
05/20/2011,BWI,MD,AEA,EN,Towers with Radar,663,128,52,26,869,0,0,17,0,17,663,128,69,26,886,0,0,0,886
05/21/2011,BWI,MD,AEA,EN,Towers with Radar,571,91,45,20,727,0,0,12,2,14,571,91,57,22,741,0,0,0,741
05/22/2011,BWI,MD,AEA,EN,Towers with Radar,616,74,41,12,743,0,0,18,0,18,616,74,59,12,761,0,0,0,761
05/23/2011,BWI,MD,AEA,EN,Towers with Radar,649,110,45,4,808,0,1,8,0,9,649,111,53,4,817,0,0,0,817
05/24/2011,BWI,MD,AEA,EN,Towers with Radar,659,138,60,0,857,1,0,13,0,14,660,138,73,0,871,0,0,0,871
05/25/2011,BWI,MD,AEA,EN,Towers with Radar,627,123,42,0,792,0,2,5,0,7,627,125,47,0,799,0,0,0,799
05/26/2011,BWI,MD,AEA,EN,Towers with Radar,680,124,60,0,864,0,0,11,0,11,680,124,71,0,875,0,0,0,875
05/27/2011,BWI,MD,AEA,EN,Towers with Radar,677,138,43,0,858,0,1,8,0,9,677,139,51,0,867,0,0,0,867
05/28/2011,BWI,MD,AEA,EN,Towers with Radar,561,85,29,1,676,0,0,7,0,7,561,85,36,1,683,4,0,4,687
05/29/2011,BWI,MD,AEA,EN,Towers with Radar,491,64,24,0,579,0,1,4,0,5,491,65,28,0,584,0,0,0,584
05/30/2011,BWI,MD,AEA,EN,Towers with Radar,595,104,33,1,733,0,0,26,0,26,595,104,59,1,759,0,0,0,759
05/31/2011,BWI,MD,AEA,EN,Towers with Radar,659,113,36,0,808,0,1,9,0,10,659,114,45,0,818,0,0,0,818
06/01/2011,BWI,MD,AEA,EN,Towers with Radar,659,113,51,2,825,0,1,11,0,12,659,114,62,2,837,0,0,0,837
06/02/2011,BWI,MD,AEA,EN,Towers with Radar,668,121,60,1,850,0,3,11,0,14,668,124,71,1,864,0,0,0,864
06/03/2011,BWI,MD,AEA,EN,Towers with Radar,669,131,45,1,846,0,0,14,0,14,669,131,59,1,860,0,0,0,860
06/04/2011,BWI,MD,AEA,EN,Towers with Radar,586,73,26,1,686,0,1,5,3,9,586,74,31,4,695,0,0,0,695
06/05/2011,BWI,MD,AEA,EN,Towers with Radar,632,85,27,1,745,0,0,6,0,6,632,85,33,1,751,0,0,0,751
06/06/2011,BWI,MD,AEA,EN,Towers with Radar,678,117,47,1,843,0,0,16,0,16,678,117,63,1,859,0,0,0,859
06/07/2011,BWI,MD,AEA,EN,Towers with Radar,677,136,41,0,854,0,0,13,0,13,677,136,54,0,867,0,0,0,867
06/08/2011,BWI,MD,AEA,EN,Towers with Radar,670,137,56,1,864,0,0,18,0,18,670,137,74,1,882,0,0,0,882
06/09/2011,BWI,MD,AEA,EN,Towers with Radar,649,116,42,4,811,1,0,12,0,13,650,116,54,4,824,0,0,0,824
06/10/2011,BWI,MD,AEA,EN,Towers with Radar,735,134,47,0,916,0,0,15,0,15,735,134,62,0,931,0,0,0,931
06/11/2011,BWI,MD,AEA,EN,Towers with Radar,617,83,20,3,723,0,0,0,0,0,617,83,20,3,723,0,0,0,723
06/12/2011,BWI,MD,AEA,EN,Towers with Radar,628,85,33,0,746,0,0,12,0,12,628,85,45,0,758,0,0,0,758
06/13/2011,BWI,MD,AEA,EN,Towers with Radar,680,115,46,4,845,0,0,11,0,11,680,115,57,4,856,0,0,0,856
06/14/2011,BWI,MD,AEA,EN,Towers with Radar,684,125,69,5,883,0,0,12,0,12,684,125,81,5,895,0,0,0,895
06/15/2011,BWI,MD,AEA,EN,Towers with Radar,682,129,68,1,880,0,0,7,0,7,682,129,75,1,887,0,0,0,887
06/16/2011,BWI,MD,AEA,EN,Towers with Radar,692,137,49,1,879,0,0,7,0,7,692,137,56,1,886,0,0,0,886
06/17/2011,BWI,MD,AEA,EN,Towers with Radar,732,133,37,0,902,0,1,5,0,6,732,134,42,0,908,0,0,0,908
06/18/2011,BWI,MD,AEA,EN,Towers with Radar,618,81,18,0,717,0,0,16,0,16,618,81,34,0,733,0,0,0,733
06/19/2011,BWI,MD,AEA,EN,Towers with Radar,636,82,28,1,747,0,1,6,1,8,636,83,34,2,755,0,0,0,755
06/20/2011,BWI,MD,AEA,EN,Towers with Radar,674,115,29,1,819,0,0,14,3,17,674,115,43,4,836,0,0,0,836
06/21/2011,BWI,MD,AEA,EN,Towers with Radar,670,125,40,0,835,0,0,8,0,8,670,125,48,0,843,0,0,0,843
06/22/2011,BWI,MD,AEA,EN,Towers with Radar,707,111,59,0,877,0,1,12,0,13,707,112,71,0,890,0,0,0,890
06/23/2011,BWI,MD,AEA,EN,Towers with Radar,695,112,62,0,869,0,0,12,0,12,695,112,74,0,881,0,0,0,881
06/24/2011,BWI,MD,AEA,EN,Towers with Radar,688,113,44,2,847,0,0,9,0,9,688,113,53,2,856,0,0,0,856
06/25/2011,BWI,MD,AEA,EN,Towers with Radar,629,73,29,0,731,0,0,12,0,12,629,73,41,0,743,2,0,2,745
06/26/2011,BWI,MD,AEA,EN,Towers with Radar,632,87,27,1,747,0,0,24,0,24,632,87,51,1,771,0,0,0,771
06/27/2011,BWI,MD,AEA,EN,Towers with Radar,678,133,36,3,850,0,0,6,0,6,678,133,42,3,856,0,0,0,856
06/28/2011,BWI,MD,AEA,EN,Towers with Radar,685,131,42,6,864,0,0,8,0,8,685,131,50,6,872,0,0,0,872
06/29/2011,BWI,MD,AEA,EN,Towers with Radar,691,140,53,2,886,0,0,6,0,6,691,140,59,2,892,0,0,0,892
06/30/2011,BWI,MD,AEA,EN,Towers with Radar,682,132,64,0,878,0,0,21,0,21,682,132,85,0,899,0,0,0,899
07/01/2011,BWI,MD,AEA,EN,Towers with Radar,697,123,36,1,857,0,0,16,0,16,697,123,52,1,873,0,0,0,873
07/02/2011,BWI,MD,AEA,EN,Towers with Radar,620,71,26,0,717,0,0,6,0,6,620,71,32,0,723,0,0,0,723
07/03/2011,BWI,MD,AEA,EN,Towers with Radar,526,70,17,0,613,0,0,3,0,3,526,70,20,0,616,0,0,0,616
07/04/2011,BWI,MD,AEA,EN,Towers with Radar,608,92,18,0,718,0,1,15,0,16,608,93,33,0,734,0,0,0,734
07/05/2011,BWI,MD,AEA,EN,Towers with Radar,695,108,36,0,839,0,1,6,0,7,695,109,42,0,846,0,0,0,846
07/06/2011,BWI,MD,AEA,EN,Towers with Radar,692,124,35,0,851,0,2,12,0,14,692,126,47,0,865,0,0,0,865
07/07/2011,BWI,MD,AEA,EN,Towers with Radar,719,110,45,0,874,0,0,9,0,9,719,110,54,0,883,0,0,0,883
07/08/2011,BWI,MD,AEA,EN,Towers with Radar,644,117,22,0,783,0,2,0,0,2,644,119,22,0,785,0,0,0,785
07/09/2011,BWI,MD,AEA,EN,Towers with Radar,633,81,24,0,738,0,0,14,0,14,633,81,38,0,752,0,0,0,752
07/10/2011,BWI,MD,AEA,EN,Towers with Radar,644,72,22,0,738,0,0,17,0,17,644,72,39,0,755,0,0,0,755
07/11/2011,BWI,MD,AEA,EN,Towers with Radar,667,102,74,2,845,1,0,8,0,9,668,102,82,2,854,0,0,0,854
07/12/2011,BWI,MD,AEA,EN,Towers with Radar,719,123,44,1,887,0,0,6,0,6,719,123,50,1,893,0,0,0,893
07/13/2011,BWI,MD,AEA,EN,Towers with Radar,692,134,49,1,876,0,0,12,1,13,692,134,61,2,889,0,0,0,889
07/14/2011,BWI,MD,AEA,EN,Towers with Radar,684,136,69,1,890,0,0,11,1,12,684,136,80,2,902,0,0,0,902
07/15/2011,BWI,MD,AEA,EN,Towers with Radar,696,133,50,0,879,0,0,11,0,11,696,133,61,0,890,0,0,0,890
07/16/2011,BWI,MD,AEA,EN,Towers with Radar,625,66,21,1,713,0,0,11,0,11,625,66,32,1,724,0,0,0,724
07/17/2011,BWI,MD,AEA,EN,Towers with Radar,647,73,24,0,744,0,0,16,0,16,647,73,40,0,760,0,0,0,760
07/18/2011,BWI,MD,AEA,EN,Towers with Radar,685,107,31,3,826,0,0,7,0,7,685,107,38,3,833,0,0,0,833
07/19/2011,BWI,MD,AEA,EN,Towers with Radar,692,118,43,2,855,0,0,5,0,5,692,118,48,2,860,0,0,0,860
07/20/2011,BWI,MD,AEA,EN,Towers with Radar,702,126,57,2,887,0,0,7,0,7,702,126,64,2,894,0,0,0,894
07/21/2011,BWI,MD,AEA,EN,Towers with Radar,698,120,46,3,867,0,0,7,0,7,698,120,53,3,874,0,0,0,874
07/22/2011,BWI,MD,AEA,EN,Towers with Radar,700,116,40,1,857,0,0,9,0,9,700,116,49,1,866,0,0,0,866
07/23/2011,BWI,MD,AEA,EN,Towers with Radar,632,76,25,0,733,0,0,3,0,3,632,76,28,0,736,0,0,0,736
07/24/2011,BWI,MD,AEA,EN,Towers with Radar,637,72,26,1,736,0,0,15,0,15,637,72,41,1,751,0,0,0,751
07/25/2011,BWI,MD,AEA,EN,Towers with Radar,655,96,31,2,784,1,0,5,1,7,656,96,36,3,791,0,0,0,791
07/26/2011,BWI,MD,AEA,EN,Towers with Radar,703,112,40,0,855,0,0,9,0,9,703,112,49,0,864,0,0,0,864
07/27/2011,BWI,MD,AEA,EN,Towers with Radar,687,118,41,0,846,0,0,16,2,18,687,118,57,2,864,0,0,0,864
07/28/2011,BWI,MD,AEA,EN,Towers with Radar,694,136,52,0,882,0,0,11,0,11,694,136,63,0,893,0,0,0,893
07/29/2011,BWI,MD,AEA,EN,Towers with Radar,714,111,40,1,866,0,0,10,0,10,714,111,50,1,876,0,0,0,876
07/30/2011,BWI,MD,AEA,EN,Towers with Radar,624,82,36,0,742,0,1,10,0,11,624,83,46,0,753,0,0,0,753
07/31/2011,BWI,MD,AEA,EN,Towers with Radar,643,74,38,1,756,0,0,8,0,8,643,74,46,1,764,0,0,0,764
08/01/2011,BWI,MD,AEA,EN,Towers with Radar,640,105,30,2,777,0,0,5,0,5,640,105,35,2,782,0,0,0,782
08/02/2011,BWI,MD,AEA,EN,Towers with Radar,733,117,34,5,889,0,0,12,0,12,733,117,46,5,901,0,0,0,901
08/03/2011,BWI,MD,AEA,EN,Towers with Radar,683,131,29,0,843,0,0,6,1,7,683,131,35,1,850,0,0,0,850
08/04/2011,BWI,MD,AEA,EN,Towers with Radar,697,128,44,1,870,0,0,2,0,2,697,128,46,1,872,0,0,0,872
08/05/2011,BWI,MD,AEA,EN,Towers with Radar,687,123,42,1,853,0,0,5,0,5,687,123,47,1,858,0,0,0,858
08/06/2011,BWI,MD,AEA,EN,Towers with Radar,626,80,27,2,735,0,0,9,0,9,626,80,36,2,744,0,0,0,744
08/07/2011,BWI,MD,AEA,EN,Towers with Radar,622,76,25,0,723,0,0,2,0,2,622,76,27,0,725,6,0,6,731
08/08/2011,BWI,MD,AEA,EN,Towers with Radar,696,114,50,3,863,1,0,6,1,8,697,114,56,4,871,0,0,0,871
08/09/2011,BWI,MD,AEA,EN,Towers with Radar,715,127,31,2,875,0,0,9,0,9,715,127,40,2,884,0,0,0,884
08/10/2011,BWI,MD,AEA,EN,Towers with Radar,699,128,49,5,881,0,0,9,1,10,699,128,58,6,891,0,0,0,891
08/11/2011,BWI,MD,AEA,EN,Towers with Radar,691,115,44,3,853,0,0,13,2,15,691,115,57,5,868,0,0,0,868
08/12/2011,BWI,MD,AEA,EN,Towers with Radar,697,112,49,3,861,0,0,17,0,17,697,112,66,3,878,2,0,2,880
08/13/2011,BWI,MD,AEA,EN,Towers with Radar,620,74,13,0,707,0,0,4,0,4,620,74,17,0,711,6,0,6,717
08/14/2011,BWI,MD,AEA,EN,Towers with Radar,569,73,10,0,652,0,0,0,0,0,569,73,10,0,652,0,0,0,652
08/15/2011,BWI,MD,AEA,EN,Towers with Radar,676,105,46,2,829,1,0,3,1,5,677,105,49,3,834,0,0,0,834
08/16/2011,BWI,MD,AEA,EN,Towers with Radar,651,123,33,4,811,0,1,13,0,14,651,124,46,4,825,0,0,0,825
08/17/2011,BWI,MD,AEA,EN,Towers with Radar,641,151,34,3,829,0,0,12,2,14,641,151,46,5,843,0,0,0,843
08/18/2011,BWI,MD,AEA,EN,Towers with Radar,591,105,41,1,738,0,0,8,0,8,591,105,49,1,746,0,0,0,746
08/19/2011,BWI,MD,AEA,EN,Towers with Radar,649,119,45,10,823,0,0,5,1,6,649,119,50,11,829,0,0,0,829
08/20/2011,BWI,MD,AEA,EN,Towers with Radar,591,73,31,0,695,0,0,6,0,6,591,73,37,0,701,0,0,0,701
08/21/2011,BWI,MD,AEA,EN,Towers with Radar,548,85,26,1,660,0,0,3,0,3,548,85,29,1,663,0,0,0,663
08/22/2011,BWI,MD,AEA,EN,Towers with Radar,662,112,38,5,817,0,0,6,2,8,662,112,44,7,825,0,0,0,825
08/23/2011,BWI,MD,AEA,EN,Towers with Radar,639,120,26,0,785,0,0,7,0,7,639,120,33,0,792,0,0,0,792
08/24/2011,BWI,MD,AEA,EN,Towers with Radar,642,118,23,5,788,0,0,19,2,21,642,118,42,7,809,0,0,0,809
08/25/2011,BWI,MD,AEA,EN,Towers with Radar,639,104,35,3,781,0,0,9,2,11,639,104,44,5,792,0,0,0,792
08/26/2011,BWI,MD,AEA,EN,Towers with Radar,663,130,43,3,839,1,0,15,0,16,664,130,58,3,855,0,0,0,855
08/27/2011,BWI,MD,AEA,EN,Towers with Radar,258,28,5,0,291,0,0,0,0,0,258,28,5,0,291,0,0,0,291
08/28/2011,BWI,MD,AEA,EN,Towers with Radar,281,14,12,2,309,0,0,0,0,0,281,14,12,2,309,0,0,0,309
08/29/2011,BWI,MD,AEA,EN,Towers with Radar,602,101,37,2,742,0,0,4,0,4,602,101,41,2,746,0,0,0,746
08/30/2011,BWI,MD,AEA,EN,Towers with Radar,630,116,37,5,788,0,0,10,2,12,630,116,47,7,800,0,0,0,800
08/31/2011,BWI,MD,AEA,EN,Towers with Radar,643,123,43,1,810,0,0,12,3,15,643,123,55,4,825,0,0,0,825
09/01/2011,BWI,MD,AEA,EN,Towers with Radar,651,124,61,1,837,0,0,5,1,6,651,124,66,2,843,8,0,8,851
09/02/2011,BWI,MD,AEA,EN,Towers with Radar,653,126,54,1,834,0,0,11,1,12,653,126,65,2,846,0,0,0,846
09/03/2011,BWI,MD,AEA,EN,Towers with Radar,522,67,20,0,609,0,0,12,0,12,522,67,32,0,621,0,0,0,621
09/04/2011,BWI,MD,AEA,EN,Towers with Radar,480,75,36,0,591,0,1,7,1,9,480,76,43,1,600,0,0,0,600
09/05/2011,BWI,MD,AEA,EN,Towers with Radar,588,98,28,2,716,0,0,3,1,4,588,98,31,3,720,0,0,0,720
09/06/2011,BWI,MD,AEA,EN,Towers with Radar,629,97,20,2,748,0,0,0,0,0,629,97,20,2,748,0,0,0,748
09/07/2011,BWI,MD,AEA,EN,Towers with Radar,537,98,40,0,675,0,0,2,0,2,537,98,42,0,677,0,0,0,677
09/08/2011,BWI,MD,AEA,EN,Towers with Radar,620,121,35,10,786,0,0,0,0,0,620,121,35,10,786,0,0,0,786
09/09/2011,BWI,MD,AEA,EN,Towers with Radar,627,136,60,7,830,0,0,2,0,2,627,136,62,7,832,0,0,0,832
09/10/2011,BWI,MD,AEA,EN,Towers with Radar,537,90,21,1,649,0,0,6,0,6,537,90,27,1,655,0,0,0,655
09/11/2011,BWI,MD,AEA,EN,Towers with Radar,484,90,50,2,626,0,0,4,0,4,484,90,54,2,630,0,0,0,630
09/12/2011,BWI,MD,AEA,EN,Towers with Radar,669,125,43,3,840,0,1,11,3,15,669,126,54,6,855,0,0,0,855
09/13/2011,BWI,MD,AEA,EN,Towers with Radar,591,123,42,2,758,0,0,17,0,17,591,123,59,2,775,0,0,0,775
09/14/2011,BWI,MD,AEA,EN,Towers with Radar,586,138,58,0,782,0,0,7,1,8,586,138,65,1,790,0,0,0,790
09/15/2011,BWI,MD,AEA,EN,Towers with Radar,633,133,57,1,824,0,0,4,1,5,633,133,61,2,829,0,0,0,829
09/16/2011,BWI,MD,AEA,EN,Towers with Radar,622,130,47,3,802,0,2,7,3,12,622,132,54,6,814,0,0,0,814
09/17/2011,BWI,MD,AEA,EN,Towers with Radar,523,85,17,3,628,0,2,11,0,13,523,87,28,3,641,0,0,0,641
09/18/2011,BWI,MD,AEA,EN,Towers with Radar,557,92,50,3,702,0,0,8,0,8,557,92,58,3,710,0,0,0,710
09/19/2011,BWI,MD,AEA,EN,Towers with Radar,609,123,65,2,799,1,0,4,1,6,610,123,69,3,805,0,0,0,805
09/20/2011,BWI,MD,AEA,EN,Towers with Radar,585,124,50,1,760,0,0,0,0,0,585,124,50,1,760,0,0,0,760
09/21/2011,BWI,MD,AEA,EN,Towers with Radar,598,131,58,8,795,0,0,1,0,1,598,131,59,8,796,0,0,0,796
09/22/2011,BWI,MD,AEA,EN,Towers with Radar,617,133,56,2,808,0,0,11,0,11,617,133,67,2,819,0,0,0,819
09/23/2011,BWI,MD,AEA,EN,Towers with Radar,625,148,36,1,810,0,0,1,0,1,625,148,37,1,811,0,0,0,811
09/24/2011,BWI,MD,AEA,EN,Towers with Radar,529,74,28,0,631,0,0,1,0,1,529,74,29,0,632,0,0,0,632
09/25/2011,BWI,MD,AEA,EN,Towers with Radar,548,84,35,6,673,0,0,2,0,2,548,84,37,6,675,0,0,0,675
09/26/2011,BWI,MD,AEA,EN,Towers with Radar,618,129,44,5,796,0,0,5,0,5,618,129,49,5,801,6,0,6,807
09/27/2011,BWI,MD,AEA,EN,Towers with Radar,586,123,45,4,758,0,0,0,0,0,586,123,45,4,758,0,0,0,758
09/28/2011,BWI,MD,AEA,EN,Towers with Radar,589,130,32,6,757,0,0,5,0,5,589,130,37,6,762,0,0,0,762
09/29/2011,BWI,MD,AEA,EN,Towers with Radar,623,129,25,4,781,0,0,19,0,19,623,129,44,4,800,0,0,0,800
09/30/2011,BWI,MD,AEA,EN,Towers with Radar,638,135,50,2,825,0,0,17,3,20,638,135,67,5,845,0,0,0,845
10/01/2011,BWI,MD,AEA,EN,Towers with Radar,531,79,27,0,637,0,0,6,0,6,531,79,33,0,643,0,0,0,643
10/02/2011,BWI,MD,AEA,EN,Towers with Radar,570,107,36,0,713,0,0,5,0,5,570,107,41,0,718,0,0,0,718
10/03/2011,BWI,MD,AEA,EN,Towers with Radar,616,131,35,1,783,1,0,4,0,5,617,131,39,1,788,0,0,0,788
10/04/2011,BWI,MD,AEA,EN,Towers with Radar,614,132,39,2,787,0,0,9,2,11,614,132,48,4,798,0,0,0,798
10/05/2011,BWI,MD,AEA,EN,Towers with Radar,613,125,42,2,782,0,0,18,1,19,613,125,60,3,801,0,0,0,801
10/06/2011,BWI,MD,AEA,EN,Towers with Radar,627,136,49,5,817,1,0,19,1,21,628,136,68,6,838,0,0,0,838
10/07/2011,BWI,MD,AEA,EN,Towers with Radar,643,139,57,0,839,0,0,15,0,15,643,139,72,0,854,0,0,0,854
10/08/2011,BWI,MD,AEA,EN,Towers with Radar,541,71,33,1,646,0,1,12,0,13,541,72,45,1,659,0,0,0,659
10/09/2011,BWI,MD,AEA,EN,Towers with Radar,571,95,42,0,708,0,0,17,0,17,571,95,59,0,725,0,0,0,725
10/10/2011,BWI,MD,AEA,EN,Towers with Radar,623,136,35,2,796,1,0,12,1,14,624,136,47,3,810,0,0,0,810
10/11/2011,BWI,MD,AEA,EN,Towers with Radar,602,136,28,1,767,0,0,8,0,8,602,136,36,1,775,0,0,0,775
10/12/2011,BWI,MD,AEA,EN,Towers with Radar,609,146,65,2,822,0,0,1,0,1,609,146,66,2,823,0,0,0,823
10/13/2011,BWI,MD,AEA,EN,Towers with Radar,619,119,45,8,791,0,0,1,0,1,619,119,46,8,792,0,0,0,792
10/14/2011,BWI,MD,AEA,EN,Towers with Radar,642,129,38,3,812,0,0,3,0,3,642,129,41,3,815,0,0,0,815
10/15/2011,BWI,MD,AEA,EN,Towers with Radar,544,82,28,1,655,0,0,5,0,5,544,82,33,1,660,0,0,0,660
10/16/2011,BWI,MD,AEA,EN,Towers with Radar,580,90,48,0,718,0,0,15,0,15,580,90,63,0,733,0,0,0,733
10/17/2011,BWI,MD,AEA,EN,Towers with Radar,620,121,41,0,782,1,0,12,0,13,621,121,53,0,795,0,0,0,795
10/18/2011,BWI,MD,AEA,EN,Towers with Radar,601,122,46,2,771,0,0,8,1,9,601,122,54,3,780,0,0,0,780
10/19/2011,BWI,MD,AEA,EN,Towers with Radar,610,127,32,0,769,0,0,0,0,0,610,127,32,0,769,0,0,0,769
10/20/2011,BWI,MD,AEA,EN,Towers with Radar,632,123,60,1,816,0,0,5,2,7,632,123,65,3,823,0,0,0,823
10/21/2011,BWI,MD,AEA,EN,Towers with Radar,647,139,44,3,833,0,0,15,0,15,647,139,59,3,848,0,0,0,848
10/22/2011,BWI,MD,AEA,EN,Towers with Radar,549,81,45,0,675,0,0,4,0,4,549,81,49,0,679,0,0,0,679
10/23/2011,BWI,MD,AEA,EN,Towers with Radar,575,84,30,0,689,0,0,12,0,12,575,84,42,0,701,0,0,0,701
10/24/2011,BWI,MD,AEA,EN,Towers with Radar,622,129,57,1,809,0,0,12,0,12,622,129,69,1,821,0,0,0,821
10/25/2011,BWI,MD,AEA,EN,Towers with Radar,608,115,63,7,793,0,0,11,2,13,608,115,74,9,806,2,0,2,808
10/26/2011,BWI,MD,AEA,EN,Towers with Radar,599,142,65,3,809,0,0,14,1,15,599,142,79,4,824,10,0,10,834
10/27/2011,BWI,MD,AEA,EN,Towers with Radar,625,119,61,1,806,0,0,7,0,7,625,119,68,1,813,4,0,4,817
10/28/2011,BWI,MD,AEA,EN,Towers with Radar,639,139,48,3,829,0,1,11,1,13,639,140,59,4,842,0,0,0,842
10/29/2011,BWI,MD,AEA,EN,Towers with Radar,542,50,15,1,608,0,0,0,0,0,542,50,15,1,608,0,0,0,608
10/30/2011,BWI,MD,AEA,EN,Towers with Radar,569,83,26,0,678,0,0,13,0,13,569,83,39,0,691,0,0,0,691
10/31/2011,BWI,MD,AEA,EN,Towers with Radar,603,121,38,2,764,0,0,11,3,14,603,121,49,5,778,6,0,6,784
11/01/2011,BWI,MD,AEA,EN,Towers with Radar,602,136,47,0,785,0,0,21,2,23,602,136,68,2,808,0,0,0,808
11/02/2011,BWI,MD,AEA,EN,Towers with Radar,611,132,38,2,783,0,0,15,0,15,611,132,53,2,798,6,0,6,804
11/03/2011,BWI,MD,AEA,EN,Towers with Radar,635,139,50,2,826,0,1,6,1,8,635,140,56,3,834,0,0,0,834
11/04/2011,BWI,MD,AEA,EN,Towers with Radar,636,131,44,4,815,0,0,9,0,9,636,131,53,4,824,0,0,0,824
11/05/2011,BWI,MD,AEA,EN,Towers with Radar,549,72,30,0,651,0,0,14,1,15,549,72,44,1,666,0,0,0,666
11/06/2011,BWI,MD,AEA,EN,Towers with Radar,524,97,53,1,675,0,0,6,0,6,524,97,59,1,681,0,0,0,681
11/07/2011,BWI,MD,AEA,EN,Towers with Radar,584,109,39,1,733,0,0,8,1,9,584,109,47,2,742,0,0,0,742
11/08/2011,BWI,MD,AEA,EN,Towers with Radar,572,121,44,4,741,0,0,5,2,7,572,121,49,6,748,0,0,0,748
11/09/2011,BWI,MD,AEA,EN,Towers with Radar,583,123,57,3,766,0,2,16,1,19,583,125,73,4,785,0,0,0,785
11/10/2011,BWI,MD,AEA,EN,Towers with Radar,600,120,63,2,785,0,0,2,0,2,600,120,65,2,787,0,0,0,787
11/11/2011,BWI,MD,AEA,EN,Towers with Radar,599,123,35,2,759,0,0,8,0,8,599,123,43,2,767,0,0,0,767
11/12/2011,BWI,MD,AEA,EN,Towers with Radar,504,66,22,0,592,0,0,16,0,16,504,66,38,0,608,0,0,0,608
11/13/2011,BWI,MD,AEA,EN,Towers with Radar,529,100,42,0,671,0,0,7,0,7,529,100,49,0,678,0,0,0,678
11/14/2011,BWI,MD,AEA,EN,Towers with Radar,584,123,61,5,773,0,0,11,2,13,584,123,72,7,786,0,0,0,786
11/15/2011,BWI,MD,AEA,EN,Towers with Radar,571,119,46,5,741,0,0,12,0,12,571,119,58,5,753,0,0,0,753
11/16/2011,BWI,MD,AEA,EN,Towers with Radar,566,137,44,2,749,0,0,0,0,0,566,137,44,2,749,0,0,0,749
11/17/2011,BWI,MD,AEA,EN,Towers with Radar,598,139,52,4,793,0,0,2,0,2,598,139,54,4,795,0,0,0,795
11/18/2011,BWI,MD,AEA,EN,Towers with Radar,593,120,43,4,760,0,0,5,3,8,593,120,48,7,768,0,0,0,768
11/19/2011,BWI,MD,AEA,EN,Towers with Radar,508,71,30,0,609,0,0,1,0,1,508,71,31,0,610,0,0,0,610
11/20/2011,BWI,MD,AEA,EN,Towers with Radar,529,83,51,2,665,0,0,8,0,8,529,83,59,2,673,0,0,0,673
11/21/2011,BWI,MD,AEA,EN,Towers with Radar,575,114,28,0,717,0,0,0,0,0,575,114,28,0,717,0,0,0,717
11/22/2011,BWI,MD,AEA,EN,Towers with Radar,599,133,21,0,753,0,0,0,0,0,599,133,21,0,753,0,0,0,753
11/23/2011,BWI,MD,AEA,EN,Towers with Radar,620,128,27,6,781,0,1,2,0,3,620,129,29,6,784,0,0,0,784
11/24/2011,BWI,MD,AEA,EN,Towers with Radar,399,64,18,0,481,0,0,3,0,3,399,64,21,0,484,0,0,0,484
11/25/2011,BWI,MD,AEA,EN,Towers with Radar,488,68,20,0,576,0,0,11,0,11,488,68,31,0,587,18,0,18,605
11/26/2011,BWI,MD,AEA,EN,Towers with Radar,529,81,20,0,630,0,0,8,0,8,529,81,28,0,638,0,0,0,638
11/27/2011,BWI,MD,AEA,EN,Towers with Radar,624,90,35,0,749,0,0,3,0,3,624,90,38,0,752,0,0,0,752
11/28/2011,BWI,MD,AEA,EN,Towers with Radar,621,120,38,3,782,0,0,7,0,7,621,120,45,3,789,0,0,0,789
11/29/2011,BWI,MD,AEA,EN,Towers with Radar,563,120,37,2,722,0,0,2,0,2,563,120,39,2,724,0,0,0,724
11/30/2011,BWI,MD,AEA,EN,Towers with Radar,566,123,34,1,724,0,1,11,1,13,566,124,45,2,737,0,0,0,737
12/01/2011,BWI,MD,AEA,EN,Towers with Radar,577,120,38,3,738,0,0,13,1,14,577,120,51,4,752,0,0,0,752
12/02/2011,BWI,MD,AEA,EN,Towers with Radar,579,134,37,6,756,0,0,8,3,11,579,134,45,9,767,0,0,0,767
12/03/2011,BWI,MD,AEA,EN,Towers with Radar,484,63,29,0,576,0,0,9,0,9,484,63,38,0,585,0,0,0,585
12/04/2011,BWI,MD,AEA,EN,Towers with Radar,501,104,49,3,657,0,0,18,1,19,501,104,67,4,676,0,0,0,676
12/05/2011,BWI,MD,AEA,EN,Towers with Radar,554,125,41,3,723,0,0,11,2,13,554,125,52,5,736,0,0,0,736
12/06/2011,BWI,MD,AEA,EN,Towers with Radar,546,134,37,0,717,0,0,1,0,1,546,134,38,0,718,0,0,0,718
12/07/2011,BWI,MD,AEA,EN,Towers with Radar,552,132,51,2,737,0,0,0,0,0,552,132,51,2,737,0,0,0,737
12/08/2011,BWI,MD,AEA,EN,Towers with Radar,567,143,46,3,759,0,0,12,6,18,567,143,58,9,777,0,0,0,777
12/09/2011,BWI,MD,AEA,EN,Towers with Radar,571,130,44,3,748,0,3,23,2,28,571,133,67,5,776,0,0,0,776
12/10/2011,BWI,MD,AEA,EN,Towers with Radar,467,75,54,1,597,0,0,26,0,26,467,75,80,1,623,16,0,16,639
12/11/2011,BWI,MD,AEA,EN,Towers with Radar,503,110,59,1,673,0,0,11,0,11,503,110,70,1,684,0,0,0,684
12/12/2011,BWI,MD,AEA,EN,Towers with Radar,549,140,53,2,744,1,0,7,1,9,550,140,60,3,753,0,0,0,753
12/13/2011,BWI,MD,AEA,EN,Towers with Radar,540,137,52,5,734,0,0,9,0,9,540,137,61,5,743,0,0,0,743
12/14/2011,BWI,MD,AEA,EN,Towers with Radar,546,135,56,3,740,0,0,10,1,11,546,135,66,4,751,20,0,20,771
12/15/2011,BWI,MD,AEA,EN,Towers with Radar,574,132,35,6,747,0,0,12,1,13,574,132,47,7,760,0,0,0,760
12/16/2011,BWI,MD,AEA,EN,Towers with Radar,570,137,38,4,749,0,0,6,3,9,570,137,44,7,758,0,0,0,758
12/17/2011,BWI,MD,AEA,EN,Towers with Radar,498,79,27,0,604,0,0,13,0,13,498,79,40,0,617,0,0,0,617
12/18/2011,BWI,MD,AEA,EN,Towers with Radar,504,95,16,2,617,0,0,3,0,3,504,95,19,2,620,0,0,0,620
12/19/2011,BWI,MD,AEA,EN,Towers with Radar,554,134,38,3,729,0,2,5,2,9,554,136,43,5,738,0,0,0,738
12/20/2011,BWI,MD,AEA,EN,Towers with Radar,561,130,24,3,718,0,0,4,0,4,561,130,28,3,722,0,0,0,722
12/21/2011,BWI,MD,AEA,EN,Towers with Radar,578,132,26,5,741,0,0,3,0,3,578,132,29,5,744,0,0,0,744
12/22/2011,BWI,MD,AEA,EN,Towers with Radar,604,134,38,0,776,0,0,5,0,5,604,134,43,0,781,0,0,0,781
12/23/2011,BWI,MD,AEA,EN,Towers with Radar,618,127,22,0,767,0,0,8,0,8,618,127,30,0,775,0,0,0,775
12/24/2011,BWI,MD,AEA,EN,Towers with Radar,472,67,20,0,559,0,0,5,0,5,472,67,25,0,564,0,0,0,564
12/25/2011,BWI,MD,AEA,EN,Towers with Radar,447,60,8,0,515,0,0,3,1,4,447,60,11,1,519,0,0,0,519
12/26/2011,BWI,MD,AEA,EN,Towers with Radar,578,93,30,0,701,0,0,6,0,6,578,93,36,0,707,0,0,0,707
12/27/2011,BWI,MD,AEA,EN,Towers with Radar,598,95,16,0,709,0,0,4,0,4,598,95,20,0,713,0,0,0,713
12/28/2011,BWI,MD,AEA,EN,Towers with Radar,604,107,6,0,717,0,0,2,0,2,604,107,8,0,719,0,0,0,719
12/29/2011,BWI,MD,AEA,EN,Towers with Radar,582,103,24,0,709,0,0,2,0,2,582,103,26,0,711,0,0,0,711
12/30/2011,BWI,MD,AEA,EN,Towers with Radar,604,107,14,0,725,0,0,5,0,5,604,107,19,0,730,0,0,0,730
12/31/2011,BWI,MD,AEA,EN,Towers with Radar,458,63,12,0,533,0,0,5,0,5,458,63,17,0,538,0,0,0,538
01/01/2012,BWI,MD,AEA,EN,Towers with Radar,461,65,11,0,537,0,4,4,0,8,461,69,15,0,545,0,0,0,545
01/02/2012,BWI,MD,AEA,EN,Towers with Radar,576,91,27,0,694,0,0,3,0,3,576,91,30,0,697,0,0,0,697
01/03/2012,BWI,MD,AEA,EN,Towers with Radar,561,92,11,0,664,0,2,1,0,3,561,94,12,0,667,0,0,0,667
01/04/2012,BWI,MD,AEA,EN,Towers with Radar,560,120,34,0,714,0,2,5,0,7,560,122,39,0,721,0,0,0,721
01/05/2012,BWI,MD,AEA,EN,Towers with Radar,564,118,35,0,717,0,0,4,0,4,564,118,39,0,721,0,0,0,721
01/06/2012,BWI,MD,AEA,EN,Towers with Radar,565,131,27,4,727,0,0,11,1,12,565,131,38,5,739,0,0,0,739
01/07/2012,BWI,MD,AEA,EN,Towers with Radar,448,78,36,0,562,1,0,11,0,12,449,78,47,0,574,0,0,0,574
01/08/2012,BWI,MD,AEA,EN,Towers with Radar,484,97,26,0,607,0,0,13,0,13,484,97,39,0,620,0,0,0,620
01/09/2012,BWI,MD,AEA,EN,Towers with Radar,544,118,31,1,694,1,0,9,0,10,545,118,40,1,704,0,0,0,704
01/10/2012,BWI,MD,AEA,EN,Towers with Radar,528,141,42,0,711,0,2,17,0,19,528,143,59,0,730,0,0,0,730
01/11/2012,BWI,MD,AEA,EN,Towers with Radar,533,129,37,3,702,0,2,4,0,6,533,131,41,3,708,0,0,0,708
01/12/2012,BWI,MD,AEA,EN,Towers with Radar,540,117,38,2,697,0,0,3,0,3,540,117,41,2,700,0,0,0,700
01/13/2012,BWI,MD,AEA,EN,Towers with Radar,545,142,33,2,722,0,0,1,0,1,545,142,34,2,723,0,0,0,723
01/14/2012,BWI,MD,AEA,EN,Towers with Radar,433,88,16,5,542,0,0,17,3,20,433,88,33,8,562,0,0,0,562
01/15/2012,BWI,MD,AEA,EN,Towers with Radar,485,110,42,0,637,0,0,6,0,6,485,110,48,0,643,0,0,0,643
01/16/2012,BWI,MD,AEA,EN,Towers with Radar,546,119,30,0,695,0,0,14,0,14,546,119,44,0,709,0,0,0,709
01/17/2012,BWI,MD,AEA,EN,Towers with Radar,522,120,26,0,668,0,1,2,0,3,522,121,28,0,671,0,0,0,671
01/18/2012,BWI,MD,AEA,EN,Towers with Radar,534,137,41,0,712,0,0,2,2,4,534,137,43,2,716,0,0,0,716
01/19/2012,BWI,MD,AEA,EN,Towers with Radar,549,130,43,4,726,0,0,6,2,8,549,130,49,6,734,0,0,0,734
01/20/2012,BWI,MD,AEA,EN,Towers with Radar,535,118,35,0,688,0,0,10,0,10,535,118,45,0,698,0,0,0,698
01/21/2012,BWI,MD,AEA,EN,Towers with Radar,419,51,9,0,479,0,0,0,0,0,419,51,9,0,479,0,0,0,479
01/22/2012,BWI,MD,AEA,EN,Towers with Radar,487,88,18,0,593,0,0,0,0,0,487,88,18,0,593,0,0,0,593
01/23/2012,BWI,MD,AEA,EN,Towers with Radar,541,93,34,1,669,1,0,0,0,1,542,93,34,1,670,0,0,0,670
01/24/2012,BWI,MD,AEA,EN,Towers with Radar,539,137,52,2,730,0,0,8,0,8,539,137,60,2,738,0,0,0,738
01/25/2012,BWI,MD,AEA,EN,Towers with Radar,534,127,42,2,705,0,0,8,0,8,534,127,50,2,713,0,0,0,713
01/26/2012,BWI,MD,AEA,EN,Towers with Radar,551,124,28,0,703,0,0,0,0,0,551,124,28,0,703,0,0,0,703
01/27/2012,BWI,MD,AEA,EN,Towers with Radar,555,127,27,2,711,0,0,0,2,2,555,127,27,4,713,0,0,0,713
01/28/2012,BWI,MD,AEA,EN,Towers with Radar,443,82,16,0,541,0,0,9,0,9,443,82,25,0,550,0,0,0,550
01/29/2012,BWI,MD,AEA,EN,Towers with Radar,492,92,25,0,609,0,0,2,0,2,492,92,27,0,611,0,0,0,611
01/30/2012,BWI,MD,AEA,EN,Towers with Radar,536,109,27,3,675,0,0,10,5,15,536,109,37,8,690,0,0,0,690
01/31/2012,BWI,MD,AEA,EN,Towers with Radar,529,121,32,2,684,0,1,8,2,11,529,122,40,4,695,0,0,0,695
02/01/2012,BWI,MD,AEA,EN,Towers with Radar,530,132,49,0,711,0,0,6,2,8,530,132,55,2,719,0,0,0,719
02/02/2012,BWI,MD,AEA,EN,Towers with Radar,558,140,42,3,743,0,0,5,0,5,558,140,47,3,748,0,0,0,748
02/03/2012,BWI,MD,AEA,EN,Towers with Radar,539,127,28,2,696,0,0,8,2,10,539,127,36,4,706,0,0,0,706
02/04/2012,BWI,MD,AEA,EN,Towers with Radar,440,80,11,5,536,1,0,6,0,7,441,80,17,5,543,0,0,0,543
02/05/2012,BWI,MD,AEA,EN,Towers with Radar,482,94,16,0,592,0,0,0,0,0,482,94,16,0,592,0,0,0,592
02/06/2012,BWI,MD,AEA,EN,Towers with Radar,539,129,38,2,708,0,0,7,0,7,539,129,45,2,715,0,0,0,715
02/07/2012,BWI,MD,AEA,EN,Towers with Radar,527,124,52,2,705,0,2,15,1,18,527,126,67,3,723,36,0,36,759
02/08/2012,BWI,MD,AEA,EN,Towers with Radar,536,122,37,4,699,0,0,5,0,5,536,122,42,4,704,0,0,0,704
02/09/2012,BWI,MD,AEA,EN,Towers with Radar,550,144,45,2,741,0,0,6,0,6,550,144,51,2,747,0,0,0,747
02/10/2012,BWI,MD,AEA,EN,Towers with Radar,540,141,40,1,722,0,0,5,1,6,540,141,45,2,728,0,0,0,728
02/11/2012,BWI,MD,AEA,EN,Towers with Radar,442,72,15,2,531,0,0,0,0,0,442,72,15,2,531,0,0,0,531
02/12/2012,BWI,MD,AEA,EN,Towers with Radar,529,101,21,0,651,0,0,3,0,3,529,101,24,0,654,0,0,0,654
02/13/2012,BWI,MD,AEA,EN,Towers with Radar,565,120,48,1,734,1,1,2,1,5,566,121,50,2,739,0,0,0,739
02/14/2012,BWI,MD,AEA,EN,Towers with Radar,570,121,30,0,721,0,0,15,0,15,570,121,45,0,736,6,0,6,742
02/15/2012,BWI,MD,AEA,EN,Towers with Radar,562,133,28,1,724,0,0,1,0,1,562,133,29,1,725,0,0,0,725
02/16/2012,BWI,MD,AEA,EN,Towers with Radar,580,138,30,1,749,0,0,3,0,3,580,138,33,1,752,0,0,0,752
02/17/2012,BWI,MD,AEA,EN,Towers with Radar,589,155,34,3,781,0,0,8,3,11,589,155,42,6,792,0,0,0,792
02/18/2012,BWI,MD,AEA,EN,Towers with Radar,487,84,36,1,608,0,0,9,0,9,487,84,45,1,617,0,0,0,617
02/19/2012,BWI,MD,AEA,EN,Towers with Radar,519,91,18,0,628,0,0,1,0,1,519,91,19,0,629,0,0,0,629
02/20/2012,BWI,MD,AEA,EN,Towers with Radar,578,131,24,5,738,0,1,5,1,7,578,132,29,6,745,10,0,10,755
02/21/2012,BWI,MD,AEA,EN,Towers with Radar,579,135,27,1,742,0,0,5,1,6,579,135,32,2,748,0,0,0,748
02/22/2012,BWI,MD,AEA,EN,Towers with Radar,575,132,53,0,760,0,0,13,0,13,575,132,66,0,773,0,0,0,773
02/23/2012,BWI,MD,AEA,EN,Towers with Radar,577,133,40,1,751,0,0,9,2,11,577,133,49,3,762,0,0,0,762
02/24/2012,BWI,MD,AEA,EN,Towers with Radar,575,127,22,5,729,0,0,1,0,1,575,127,23,5,730,0,0,0,730
02/25/2012,BWI,MD,AEA,EN,Towers with Radar,491,79,8,4,582,0,0,2,0,2,491,79,10,4,584,0,0,0,584
02/26/2012,BWI,MD,AEA,EN,Towers with Radar,534,91,23,2,650,0,0,9,0,9,534,91,32,2,659,0,0,0,659
02/27/2012,BWI,MD,AEA,EN,Towers with Radar,579,129,16,4,728,0,1,9,1,11,579,130,25,5,739,0,0,0,739
02/28/2012,BWI,MD,AEA,EN,Towers with Radar,572,125,32,1,730,0,0,5,1,6,572,125,37,2,736,0,0,0,736
02/29/2012,BWI,MD,AEA,EN,Towers with Radar,586,135,27,0,748,0,0,2,0,2,586,135,29,0,750,0,0,0,750
03/01/2012,BWI,MD,AEA,EN,Towers with Radar,583,138,48,5,774,1,0,6,4,11,584,138,54,9,785,0,0,0,785
03/02/2012,BWI,MD,AEA,EN,Towers with Radar,580,148,29,3,760,0,2,4,0,6,580,150,33,3,766,0,0,0,766
03/03/2012,BWI,MD,AEA,EN,Towers with Radar,492,84,15,2,593,0,0,0,0,0,492,84,15,2,593,0,0,0,593
03/04/2012,BWI,MD,AEA,EN,Towers with Radar,525,104,37,4,670,0,0,7,0,7,525,104,44,4,677,16,0,16,693
03/05/2012,BWI,MD,AEA,EN,Towers with Radar,586,128,18,1,733,0,0,7,0,7,586,128,25,1,740,0,0,0,740
03/06/2012,BWI,MD,AEA,EN,Towers with Radar,580,137,26,1,744,0,2,11,1,14,580,139,37,2,758,0,0,0,758
03/07/2012,BWI,MD,AEA,EN,Towers with Radar,582,130,37,2,751,0,0,11,3,14,582,130,48,5,765,0,0,0,765
03/08/2012,BWI,MD,AEA,EN,Towers with Radar,594,125,33,0,752,0,0,4,0,4,594,125,37,0,756,0,0,0,756
03/09/2012,BWI,MD,AEA,EN,Towers with Radar,585,131,39,1,756,0,0,3,0,3,585,131,42,1,759,0,0,0,759
03/10/2012,BWI,MD,AEA,EN,Towers with Radar,526,77,20,2,625,0,0,13,0,13,526,77,33,2,638,0,0,0,638
03/11/2012,BWI,MD,AEA,EN,Towers with Radar,551,106,38,3,698,0,0,11,0,11,551,106,49,3,709,0,0,0,709
03/12/2012,BWI,MD,AEA,EN,Towers with Radar,604,121,27,2,754,0,1,7,0,8,604,122,34,2,762,0,0,0,762
03/13/2012,BWI,MD,AEA,EN,Towers with Radar,601,120,37,0,758,0,1,6,0,7,601,121,43,0,765,0,0,0,765
03/14/2012,BWI,MD,AEA,EN,Towers with Radar,598,126,46,4,774,0,0,6,4,10,598,126,52,8,784,0,0,0,784
03/15/2012,BWI,MD,AEA,EN,Towers with Radar,586,132,44,1,763,0,0,11,2,13,586,132,55,3,776,0,0,0,776
03/16/2012,BWI,MD,AEA,EN,Towers with Radar,618,136,35,7,796,0,1,3,0,4,618,137,38,7,800,0,0,0,800
03/17/2012,BWI,MD,AEA,EN,Towers with Radar,537,84,20,2,643,0,1,7,2,10,537,85,27,4,653,0,0,0,653
03/18/2012,BWI,MD,AEA,EN,Towers with Radar,556,95,30,1,682,0,2,3,0,5,556,97,33,1,687,0,0,0,687
03/19/2012,BWI,MD,AEA,EN,Towers with Radar,597,114,37,10,758,0,1,7,1,9,597,115,44,11,767,0,0,0,767
03/20/2012,BWI,MD,AEA,EN,Towers with Radar,589,129,53,4,775,0,0,5,1,6,589,129,58,5,781,0,0,0,781
03/21/2012,BWI,MD,AEA,EN,Towers with Radar,596,132,33,4,765,0,0,5,2,7,596,132,38,6,772,0,0,0,772
03/22/2012,BWI,MD,AEA,EN,Towers with Radar,606,126,24,2,758,0,0,3,0,3,606,126,27,2,761,0,0,0,761
03/23/2012,BWI,MD,AEA,EN,Towers with Radar,612,131,28,4,775,0,1,12,2,15,612,132,40,6,790,14,0,14,804
03/24/2012,BWI,MD,AEA,EN,Towers with Radar,540,94,5,0,639,0,0,1,0,1,540,94,6,0,640,0,0,0,640
03/25/2012,BWI,MD,AEA,EN,Towers with Radar,557,92,23,2,674,0,0,1,0,1,557,92,24,2,675,0,0,0,675
03/26/2012,BWI,MD,AEA,EN,Towers with Radar,605,101,31,1,738,0,1,4,2,7,605,102,35,3,745,0,0,0,745
03/27/2012,BWI,MD,AEA,EN,Towers with Radar,597,103,24,4,728,0,0,10,0,10,597,103,34,4,738,0,0,0,738
03/28/2012,BWI,MD,AEA,EN,Towers with Radar,592,113,40,1,746,0,0,3,0,3,592,113,43,1,749,0,0,0,749
03/29/2012,BWI,MD,AEA,EN,Towers with Radar,594,127,39,2,762,0,0,2,1,3,594,127,41,3,765,0,0,0,765
03/30/2012,BWI,MD,AEA,EN,Towers with Radar,605,118,50,0,773,0,2,10,0,12,605,120,60,0,785,0,0,0,785
03/31/2012,BWI,MD,AEA,EN,Towers with Radar,538,89,28,2,657,0,0,4,0,4,538,89,32,2,661,0,0,0,661
04/01/2012,BWI,MD,AEA,EN,Towers with Radar,564,89,36,0,689,0,0,11,0,11,564,89,47,0,700,0,0,0,700
04/02/2012,BWI,MD,AEA,EN,Towers with Radar,611,111,42,3,767,0,1,3,0,4,611,112,45,3,771,0,0,0,771
04/03/2012,BWI,MD,AEA,EN,Towers with Radar,596,121,39,4,760,0,1,17,0,18,596,122,56,4,778,0,0,0,778
04/04/2012,BWI,MD,AEA,EN,Towers with Radar,603,130,37,2,772,0,0,8,0,8,603,130,45,2,780,0,0,0,780
04/05/2012,BWI,MD,AEA,EN,Towers with Radar,610,122,49,3,784,0,0,2,0,2,610,122,51,3,786,0,0,0,786
04/06/2012,BWI,MD,AEA,EN,Towers with Radar,603,109,30,6,748,0,2,13,0,15,603,111,43,6,763,0,0,0,763
04/07/2012,BWI,MD,AEA,EN,Towers with Radar,545,66,31,0,642,0,2,13,0,15,545,68,44,0,657,0,0,0,657
04/08/2012,BWI,MD,AEA,EN,Towers with Radar,558,85,21,0,664,0,0,2,0,2,558,85,23,0,666,0,0,0,666
04/09/2012,BWI,MD,AEA,EN,Towers with Radar,605,114,31,1,751,0,1,3,0,4,605,115,34,1,755,0,0,0,755
04/10/2012,BWI,MD,AEA,EN,Towers with Radar,627,122,35,3,787,0,0,14,0,14,627,122,49,3,801,0,0,0,801
04/11/2012,BWI,MD,AEA,EN,Towers with Radar,619,119,47,2,787,0,1,11,0,12,619,120,58,2,799,0,0,0,799
04/12/2012,BWI,MD,AEA,EN,Towers with Radar,629,117,44,0,790,0,0,9,0,9,629,117,53,0,799,0,0,0,799
04/13/2012,BWI,MD,AEA,EN,Towers with Radar,627,121,40,5,793,0,0,16,4,20,627,121,56,9,813,10,0,10,823
04/14/2012,BWI,MD,AEA,EN,Towers with Radar,545,76,35,0,656,0,0,8,0,8,545,76,43,0,664,0,0,0,664
04/15/2012,BWI,MD,AEA,EN,Towers with Radar,574,84,19,0,677,0,3,9,0,12,574,87,28,0,689,0,0,0,689
04/16/2012,BWI,MD,AEA,EN,Towers with Radar,629,122,34,0,785,0,1,5,0,6,629,123,39,0,791,0,0,0,791
04/17/2012,BWI,MD,AEA,EN,Towers with Radar,622,125,48,0,795,0,0,8,1,9,622,125,56,1,804,0,0,0,804
04/18/2012,BWI,MD,AEA,EN,Towers with Radar,619,131,53,2,805,0,0,2,1,3,619,131,55,3,808,0,0,0,808
04/19/2012,BWI,MD,AEA,EN,Towers with Radar,621,134,50,1,806,0,0,8,0,8,621,134,58,1,814,0,0,0,814
04/20/2012,BWI,MD,AEA,EN,Towers with Radar,623,126,27,2,778,1,1,8,1,11,624,127,35,3,789,0,0,0,789
04/21/2012,BWI,MD,AEA,EN,Towers with Radar,562,77,17,0,656,0,1,5,0,6,562,78,22,0,662,0,0,0,662
04/22/2012,BWI,MD,AEA,EN,Towers with Radar,570,89,19,0,678,0,1,1,0,2,570,90,20,0,680,0,0,0,680
04/23/2012,BWI,MD,AEA,EN,Towers with Radar,629,103,28,11,771,0,0,1,2,3,629,103,29,13,774,0,0,0,774
04/24/2012,BWI,MD,AEA,EN,Towers with Radar,623,113,44,4,784,0,0,7,1,8,623,113,51,5,792,0,0,0,792
04/25/2012,BWI,MD,AEA,EN,Towers with Radar,630,118,52,3,803,0,0,19,2,21,630,118,71,5,824,0,0,0,824
04/26/2012,BWI,MD,AEA,EN,Towers with Radar,628,117,43,3,791,0,0,1,0,1,628,117,44,3,792,0,0,0,792
04/27/2012,BWI,MD,AEA,EN,Towers with Radar,626,114,44,1,785,0,0,6,1,7,626,114,50,2,792,0,0,0,792
04/28/2012,BWI,MD,AEA,EN,Towers with Radar,544,68,32,1,645,0,1,2,0,3,544,69,34,1,648,0,0,0,648
04/29/2012,BWI,MD,AEA,EN,Towers with Radar,578,86,41,0,705,0,2,10,0,12,578,88,51,0,717,0,0,0,717
04/30/2012,BWI,MD,AEA,EN,Towers with Radar,619,121,43,1,784,0,1,11,0,12,619,122,54,1,796,0,0,0,796
05/01/2012,BWI,MD,AEA,EN,Towers with Radar,627,110,50,0,787,0,0,3,0,3,627,110,53,0,790,0,0,0,790
05/02/2012,BWI,MD,AEA,EN,Towers with Radar,628,128,42,2,800,0,0,1,1,2,628,128,43,3,802,0,0,0,802
05/03/2012,BWI,MD,AEA,EN,Towers with Radar,626,133,59,2,820,0,0,7,0,7,626,133,66,2,827,0,0,0,827
05/04/2012,BWI,MD,AEA,EN,Towers with Radar,643,122,36,0,801,0,0,10,0,10,643,122,46,0,811,0,0,0,811
05/05/2012,BWI,MD,AEA,EN,Towers with Radar,541,81,26,0,648,0,0,11,0,11,541,81,37,0,659,0,0,0,659
05/06/2012,BWI,MD,AEA,EN,Towers with Radar,580,98,34,0,712,0,1,9,0,10,580,99,43,0,722,0,0,0,722
05/07/2012,BWI,MD,AEA,EN,Towers with Radar,631,114,23,5,773,0,1,2,0,3,631,115,25,5,776,0,0,0,776
05/08/2012,BWI,MD,AEA,EN,Towers with Radar,629,120,44,1,794,1,0,17,0,18,630,120,61,1,812,0,0,0,812
05/09/2012,BWI,MD,AEA,EN,Towers with Radar,624,124,30,3,781,0,0,2,1,3,624,124,32,4,784,0,0,0,784
05/10/2012,BWI,MD,AEA,EN,Towers with Radar,640,142,35,3,820,0,0,7,0,7,640,142,42,3,827,0,0,0,827
05/11/2012,BWI,MD,AEA,EN,Towers with Radar,643,133,43,3,822,0,1,9,1,11,643,134,52,4,833,0,0,0,833
05/12/2012,BWI,MD,AEA,EN,Towers with Radar,542,81,33,3,659,0,0,11,1,12,542,81,44,4,671,0,0,0,671
05/13/2012,BWI,MD,AEA,EN,Towers with Radar,586,93,19,3,701,0,0,3,0,3,586,93,22,3,704,0,0,0,704
05/14/2012,BWI,MD,AEA,EN,Towers with Radar,635,124,46,3,808,0,0,1,1,2,635,124,47,4,810,0,0,0,810
05/15/2012,BWI,MD,AEA,EN,Towers with Radar,632,128,34,3,797,0,0,6,0,6,632,128,40,3,803,0,0,0,803
05/16/2012,BWI,MD,AEA,EN,Towers with Radar,634,132,61,1,828,0,1,16,0,17,634,133,77,1,845,0,0,0,845
05/17/2012,BWI,MD,AEA,EN,Towers with Radar,637,137,61,15,850,0,0,11,5,16,637,137,72,20,866,0,0,0,866
05/18/2012,BWI,MD,AEA,EN,Towers with Radar,637,125,59,18,839,0,0,9,1,10,637,125,68,19,849,0,0,0,849
05/19/2012,BWI,MD,AEA,EN,Towers with Radar,544,96,50,8,698,0,0,17,0,17,544,96,67,8,715,0,0,0,715
05/20/2012,BWI,MD,AEA,EN,Towers with Radar,586,98,29,7,720,0,0,7,1,8,586,98,36,8,728,0,0,0,728
05/21/2012,BWI,MD,AEA,EN,Towers with Radar,624,125,39,13,801,0,0,1,0,1,624,125,40,13,802,0,0,0,802
05/22/2012,BWI,MD,AEA,EN,Towers with Radar,618,124,23,2,767,0,0,3,0,3,618,124,26,2,770,0,0,0,770
05/23/2012,BWI,MD,AEA,EN,Towers with Radar,637,124,31,6,798,0,0,0,0,0,637,124,31,6,798,0,0,0,798
05/24/2012,BWI,MD,AEA,EN,Towers with Radar,656,142,32,4,834,0,0,9,0,9,656,142,41,4,843,0,0,0,843
05/25/2012,BWI,MD,AEA,EN,Towers with Radar,636,130,49,0,815,0,0,7,0,7,636,130,56,0,822,0,0,0,822
05/26/2012,BWI,MD,AEA,EN,Towers with Radar,513,71,23,3,610,0,0,5,0,5,513,71,28,3,615,0,0,0,615
05/27/2012,BWI,MD,AEA,EN,Towers with Radar,487,72,13,0,572,0,0,3,0,3,487,72,16,0,575,0,0,0,575
05/28/2012,BWI,MD,AEA,EN,Towers with Radar,561,99,34,0,694,0,0,12,0,12,561,99,46,0,706,0,0,0,706
05/29/2012,BWI,MD,AEA,EN,Towers with Radar,555,89,45,2,691,0,0,6,2,8,555,89,51,4,699,0,0,0,699
05/30/2012,BWI,MD,AEA,EN,Towers with Radar,677,123,49,5,854,0,0,8,1,9,677,123,57,6,863,0,0,0,863
05/31/2012,BWI,MD,AEA,EN,Towers with Radar,631,122,53,2,808,0,0,12,1,13,631,122,65,3,821,0,0,0,821
06/01/2012,BWI,MD,AEA,EN,Towers with Radar,519,92,29,0,640,0,0,3,0,3,519,92,32,0,643,0,0,0,643
06/02/2012,BWI,MD,AEA,EN,Towers with Radar,609,79,22,0,710,0,0,11,0,11,609,79,33,0,721,0,0,0,721
06/03/2012,BWI,MD,AEA,EN,Towers with Radar,593,98,33,1,725,0,0,9,0,9,593,98,42,1,734,0,0,0,734
06/04/2012,BWI,MD,AEA,EN,Towers with Radar,649,114,35,2,800,0,0,7,1,8,649,114,42,3,808,0,0,0,808
06/05/2012,BWI,MD,AEA,EN,Towers with Radar,641,119,31,2,793,0,0,9,1,10,641,119,40,3,803,0,0,0,803
06/06/2012,BWI,MD,AEA,EN,Towers with Radar,651,115,33,1,800,0,0,14,1,15,651,115,47,2,815,0,0,0,815
06/07/2012,BWI,MD,AEA,EN,Towers with Radar,658,121,39,6,824,1,0,15,0,16,659,121,54,6,840,0,0,0,840
06/08/2012,BWI,MD,AEA,EN,Towers with Radar,668,124,42,1,835,0,2,18,0,20,668,126,60,1,855,38,0,38,893
06/09/2012,BWI,MD,AEA,EN,Towers with Radar,594,86,19,0,699,0,1,6,0,7,594,87,25,0,706,0,0,0,706
06/10/2012,BWI,MD,AEA,EN,Towers with Radar,616,85,30,0,731,0,0,8,0,8,616,85,38,0,739,0,0,0,739
06/11/2012,BWI,MD,AEA,EN,Towers with Radar,651,114,49,1,815,0,1,3,0,4,651,115,52,1,819,0,0,0,819
06/12/2012,BWI,MD,AEA,EN,Towers with Radar,647,118,27,2,794,0,0,3,2,5,647,118,30,4,799,0,0,0,799
06/13/2012,BWI,MD,AEA,EN,Towers with Radar,669,140,58,3,870,0,0,3,3,6,669,140,61,6,876,4,0,4,880
06/14/2012,BWI,MD,AEA,EN,Towers with Radar,660,138,68,6,872,0,0,15,3,18,660,138,83,9,890,0,0,0,890
06/15/2012,BWI,MD,AEA,EN,Towers with Radar,666,119,38,2,825,0,0,10,2,12,666,119,48,4,837,0,0,0,837
06/16/2012,BWI,MD,AEA,EN,Towers with Radar,591,95,34,0,720,0,0,17,0,17,591,95,51,0,737,0,0,0,737
06/17/2012,BWI,MD,AEA,EN,Towers with Radar,616,90,28,2,736,0,0,15,2,17,616,90,43,4,753,0,0,0,753
06/18/2012,BWI,MD,AEA,EN,Towers with Radar,660,114,47,3,824,0,0,8,0,8,660,114,55,3,832,0,0,0,832
06/19/2012,BWI,MD,AEA,EN,Towers with Radar,658,133,36,1,828,0,0,3,1,4,658,133,39,2,832,0,0,0,832
06/20/2012,BWI,MD,AEA,EN,Towers with Radar,659,129,63,0,851,0,0,13,0,13,659,129,76,0,864,0,0,0,864
06/21/2012,BWI,MD,AEA,EN,Towers with Radar,664,125,71,2,862,0,0,14,0,14,664,125,85,2,876,0,0,0,876
06/22/2012,BWI,MD,AEA,EN,Towers with Radar,613,101,36,0,750,0,2,9,0,11,613,103,45,0,761,0,0,0,761
06/23/2012,BWI,MD,AEA,EN,Towers with Radar,631,95,24,0,750,0,0,5,1,6,631,95,29,1,756,8,0,8,764
06/24/2012,BWI,MD,AEA,EN,Towers with Radar,621,94,34,0,749,0,0,10,0,10,621,94,44,0,759,18,0,18,777
06/25/2012,BWI,MD,AEA,EN,Towers with Radar,667,130,46,0,843,1,0,5,0,6,668,130,51,0,849,0,0,0,849
06/26/2012,BWI,MD,AEA,EN,Towers with Radar,663,143,37,1,844,0,0,18,1,19,663,143,55,2,863,0,0,0,863
06/27/2012,BWI,MD,AEA,EN,Towers with Radar,656,130,65,5,856,0,1,5,3,9,656,131,70,8,865,0,0,0,865
06/28/2012,BWI,MD,AEA,EN,Towers with Radar,673,129,63,3,868,0,0,9,3,12,673,129,72,6,880,12,0,12,892
06/29/2012,BWI,MD,AEA,EN,Towers with Radar,627,123,32,4,786,0,0,6,2,8,627,123,38,6,794,0,0,0,794
06/30/2012,BWI,MD,AEA,EN,Towers with Radar,626,91,24,0,741,0,0,2,0,2,626,91,26,0,743,0,0,0,743
07/01/2012,BWI,MD,AEA,EN,Towers with Radar,606,99,45,0,750,0,0,16,0,16,606,99,61,0,766,0,0,0,766
07/02/2012,BWI,MD,AEA,EN,Towers with Radar,648,105,28,1,782,0,0,3,0,3,648,105,31,1,785,0,0,0,785
07/03/2012,BWI,MD,AEA,EN,Towers with Radar,629,115,32,1,777,0,0,5,0,5,629,115,37,1,782,0,0,0,782
07/04/2012,BWI,MD,AEA,EN,Towers with Radar,577,66,24,0,667,0,1,5,0,6,577,67,29,0,673,0,0,0,673
07/05/2012,BWI,MD,AEA,EN,Towers with Radar,630,107,12,1,750,0,0,5,1,6,630,107,17,2,756,0,0,0,756
07/06/2012,BWI,MD,AEA,EN,Towers with Radar,637,106,22,1,766,0,0,25,0,25,637,106,47,1,791,0,0,0,791
07/07/2012,BWI,MD,AEA,EN,Towers with Radar,594,92,22,1,709,0,0,3,0,3,594,92,25,1,712,0,0,0,712
07/08/2012,BWI,MD,AEA,EN,Towers with Radar,597,115,24,0,736,0,0,2,0,2,597,115,26,0,738,0,0,0,738
07/09/2012,BWI,MD,AEA,EN,Towers with Radar,649,124,40,1,814,0,0,12,0,12,649,124,52,1,826,0,0,0,826
07/10/2012,BWI,MD,AEA,EN,Towers with Radar,664,146,55,2,867,0,0,14,0,14,664,146,69,2,881,0,0,0,881
07/11/2012,BWI,MD,AEA,EN,Towers with Radar,650,130,48,4,832,0,0,12,4,16,650,130,60,8,848,0,0,0,848
07/12/2012,BWI,MD,AEA,EN,Towers with Radar,676,132,52,0,860,0,0,4,0,4,676,132,56,0,864,0,0,0,864
07/13/2012,BWI,MD,AEA,EN,Towers with Radar,654,122,50,4,830,0,0,10,3,13,654,122,60,7,843,0,0,0,843
07/14/2012,BWI,MD,AEA,EN,Towers with Radar,583,98,31,0,712,0,0,0,0,0,583,98,31,0,712,0,0,0,712
07/15/2012,BWI,MD,AEA,EN,Towers with Radar,605,95,31,1,732,0,2,4,0,6,605,97,35,1,738,0,0,0,738
07/16/2012,BWI,MD,AEA,EN,Towers with Radar,658,124,42,0,824,1,0,8,0,9,659,124,50,0,833,0,0,0,833
07/17/2012,BWI,MD,AEA,EN,Towers with Radar,647,130,33,1,811,0,0,10,1,11,647,130,43,2,822,0,0,0,822
07/18/2012,BWI,MD,AEA,EN,Towers with Radar,547,92,33,1,673,0,0,5,1,6,547,92,38,2,679,0,0,0,679
07/19/2012,BWI,MD,AEA,EN,Towers with Radar,628,113,49,1,791,0,0,7,0,7,628,113,56,1,798,0,0,0,798
07/20/2012,BWI,MD,AEA,EN,Towers with Radar,705,136,50,6,897,0,0,0,0,0,705,136,50,6,897,0,0,0,897
07/21/2012,BWI,MD,AEA,EN,Towers with Radar,574,85,17,0,676,0,0,0,0,0,574,85,17,0,676,0,0,0,676
07/22/2012,BWI,MD,AEA,EN,Towers with Radar,612,89,36,0,737,0,0,2,0,2,612,89,38,0,739,0,0,0,739
07/23/2012,BWI,MD,AEA,EN,Towers with Radar,639,106,43,4,792,0,0,6,1,7,639,106,49,5,799,0,0,0,799
07/24/2012,BWI,MD,AEA,EN,Towers with Radar,661,121,51,1,834,0,0,3,0,3,661,121,54,1,837,0,0,0,837
07/25/2012,BWI,MD,AEA,EN,Towers with Radar,662,136,40,4,842,0,0,11,0,11,662,136,51,4,853,0,0,0,853
07/26/2012,BWI,MD,AEA,EN,Towers with Radar,624,107,46,5,782,0,0,4,2,6,624,107,50,7,788,0,0,0,788
07/27/2012,BWI,MD,AEA,EN,Towers with Radar,696,116,32,11,855,0,0,2,1,3,696,116,34,12,858,0,0,0,858
07/28/2012,BWI,MD,AEA,EN,Towers with Radar,607,81,19,4,711,0,0,11,2,13,607,81,30,6,724,0,0,0,724
07/29/2012,BWI,MD,AEA,EN,Towers with Radar,608,103,26,0,737,0,0,8,0,8,608,103,34,0,745,0,0,0,745
07/30/2012,BWI,MD,AEA,EN,Towers with Radar,638,117,35,4,794,0,0,6,0,6,638,117,41,4,800,0,0,0,800
07/31/2012,BWI,MD,AEA,EN,Towers with Radar,643,117,36,0,796,0,0,5,0,5,643,117,41,0,801,0,0,0,801
08/01/2012,BWI,MD,AEA,EN,Towers with Radar,664,128,39,0,831,0,0,3,0,3,664,128,42,0,834,0,0,0,834
08/02/2012,BWI,MD,AEA,EN,Towers with Radar,663,134,31,0,828,1,0,5,1,7,664,134,36,1,835,0,0,0,835
08/03/2012,BWI,MD,AEA,EN,Towers with Radar,654,110,45,0,809,1,0,9,0,10,655,110,54,0,819,0,0,0,819
08/04/2012,BWI,MD,AEA,EN,Towers with Radar,588,89,18,0,695,0,0,11,0,11,588,89,29,0,706,20,0,20,726
08/05/2012,BWI,MD,AEA,EN,Towers with Radar,598,84,23,0,705,0,0,2,0,2,598,84,25,0,707,0,0,0,707
08/06/2012,BWI,MD,AEA,EN,Towers with Radar,662,114,34,3,813,1,1,4,2,8,663,115,38,5,821,0,0,0,821
08/07/2012,BWI,MD,AEA,EN,Towers with Radar,652,133,53,4,842,1,0,16,2,19,653,133,69,6,861,0,0,0,861
08/08/2012,BWI,MD,AEA,EN,Towers with Radar,657,119,35,2,813,0,0,4,2,6,657,119,39,4,819,0,0,0,819
08/09/2012,BWI,MD,AEA,EN,Towers with Radar,608,124,48,1,781,0,1,6,1,8,608,125,54,2,789,0,0,0,789
08/10/2012,BWI,MD,AEA,EN,Towers with Radar,652,119,42,1,814,0,0,5,1,6,652,119,47,2,820,0,0,0,820
08/11/2012,BWI,MD,AEA,EN,Towers with Radar,589,74,21,0,684,0,0,4,0,4,589,74,25,0,688,0,0,0,688
08/12/2012,BWI,MD,AEA,EN,Towers with Radar,581,92,32,0,705,0,0,9,0,9,581,92,41,0,714,0,0,0,714
08/13/2012,BWI,MD,AEA,EN,Towers with Radar,610,118,45,5,778,0,1,5,1,7,610,119,50,6,785,0,0,0,785
08/14/2012,BWI,MD,AEA,EN,Towers with Radar,602,123,40,1,766,0,0,7,1,8,602,123,47,2,774,0,0,0,774
08/15/2012,BWI,MD,AEA,EN,Towers with Radar,612,125,33,2,772,0,0,9,3,12,612,125,42,5,784,0,0,0,784
08/16/2012,BWI,MD,AEA,EN,Towers with Radar,612,109,52,2,775,0,0,8,2,10,612,109,60,4,785,0,0,0,785
08/17/2012,BWI,MD,AEA,EN,Towers with Radar,619,127,34,0,780,0,0,5,0,5,619,127,39,0,785,0,0,0,785
08/18/2012,BWI,MD,AEA,EN,Towers with Radar,523,84,16,0,623,0,0,9,0,9,523,84,25,0,632,0,0,0,632
08/19/2012,BWI,MD,AEA,EN,Towers with Radar,571,92,22,0,685,0,0,7,0,7,571,92,29,0,692,0,0,0,692
08/20/2012,BWI,MD,AEA,EN,Towers with Radar,608,120,28,2,758,0,0,6,0,6,608,120,34,2,764,0,0,0,764
08/21/2012,BWI,MD,AEA,EN,Towers with Radar,593,139,44,1,777,0,0,13,2,15,593,139,57,3,792,0,0,0,792
08/22/2012,BWI,MD,AEA,EN,Towers with Radar,608,135,29,1,773,0,0,6,1,7,608,135,35,2,780,0,0,0,780
08/23/2012,BWI,MD,AEA,EN,Towers with Radar,621,118,32,1,772,0,0,5,0,5,621,118,37,1,777,0,0,0,777
08/24/2012,BWI,MD,AEA,EN,Towers with Radar,613,128,35,3,779,0,0,23,0,23,613,128,58,3,802,0,0,0,802
08/25/2012,BWI,MD,AEA,EN,Towers with Radar,511,90,30,1,632,0,0,11,0,11,511,90,41,1,643,0,0,0,643
08/26/2012,BWI,MD,AEA,EN,Towers with Radar,503,76,26,0,605,0,0,4,0,4,503,76,30,0,609,0,0,0,609
08/27/2012,BWI,MD,AEA,EN,Towers with Radar,623,121,39,8,791,1,0,3,1,5,624,121,42,9,796,2,0,2,798
08/28/2012,BWI,MD,AEA,EN,Towers with Radar,584,124,39,4,751,0,2,6,2,10,584,126,45,6,761,0,0,0,761
08/29/2012,BWI,MD,AEA,EN,Towers with Radar,590,138,55,5,788,0,0,8,4,12,590,138,63,9,800,0,0,0,800
08/30/2012,BWI,MD,AEA,EN,Towers with Radar,618,124,59,4,805,0,1,6,1,8,618,125,65,5,813,0,0,0,813
08/31/2012,BWI,MD,AEA,EN,Towers with Radar,603,132,39,0,774,0,0,1,0,1,603,132,40,0,775,0,0,0,775
09/01/2012,BWI,MD,AEA,EN,Towers with Radar,442,92,30,1,565,0,0,9,0,9,442,92,39,1,574,0,0,0,574
09/02/2012,BWI,MD,AEA,EN,Towers with Radar,469,65,24,0,558,0,1,8,0,9,469,66,32,0,567,0,0,0,567
09/03/2012,BWI,MD,AEA,EN,Towers with Radar,547,91,28,0,666,0,0,6,0,6,547,91,34,0,672,0,0,0,672
09/04/2012,BWI,MD,AEA,EN,Towers with Radar,600,101,28,4,733,0,0,1,2,3,600,101,29,6,736,0,0,0,736
09/05/2012,BWI,MD,AEA,EN,Towers with Radar,582,127,48,3,760,0,0,1,2,3,582,127,49,5,763,0,0,0,763
09/06/2012,BWI,MD,AEA,EN,Towers with Radar,602,139,39,5,785,0,0,1,1,2,602,139,40,6,787,0,0,0,787
09/07/2012,BWI,MD,AEA,EN,Towers with Radar,121,25,5,0,151,0,0,0,0,0,121,25,5,0,151,0,0,0,151
09/08/2012,BWI,MD,AEA,EN,Towers with Radar,499,81,14,0,594,0,0,5,0,5,499,81,19,0,599,0,0,0,599
09/09/2012,BWI,MD,AEA,EN,Towers with Radar,558,107,43,5,713,1,0,12,0,13,559,107,55,5,726,0,0,0,726
09/10/2012,BWI,MD,AEA,EN,Towers with Radar,606,132,48,1,787,0,0,13,0,13,606,132,61,1,800,0,0,0,800
09/11/2012,BWI,MD,AEA,EN,Towers with Radar,595,152,45,4,796,0,0,18,0,18,595,152,63,4,814,0,0,0,814
09/12/2012,BWI,MD,AEA,EN,Towers with Radar,590,125,36,6,757,0,0,7,1,8,590,125,43,7,765,0,0,0,765
09/13/2012,BWI,MD,AEA,EN,Towers with Radar,610,134,53,3,800,0,0,6,2,8,610,134,59,5,808,0,0,0,808
09/14/2012,BWI,MD,AEA,EN,Towers with Radar,606,125,36,5,772,0,0,7,0,7,606,125,43,5,779,0,0,0,779
09/15/2012,BWI,MD,AEA,EN,Towers with Radar,498,91,25,1,615,0,0,6,0,6,498,91,31,1,621,0,0,0,621
09/16/2012,BWI,MD,AEA,EN,Towers with Radar,557,117,25,0,699,0,0,12,0,12,557,117,37,0,711,0,0,0,711
09/17/2012,BWI,MD,AEA,EN,Towers with Radar,597,143,33,2,775,0,0,9,2,11,597,143,42,4,786,0,0,0,786
09/18/2012,BWI,MD,AEA,EN,Towers with Radar,573,92,25,0,690,0,0,2,0,2,573,92,27,0,692,0,0,0,692
09/19/2012,BWI,MD,AEA,EN,Towers with Radar,634,162,62,3,861,0,0,3,6,9,634,162,65,9,870,0,0,0,870
09/20/2012,BWI,MD,AEA,EN,Towers with Radar,604,129,42,3,778,0,0,5,2,7,604,129,47,5,785,0,0,0,785
09/21/2012,BWI,MD,AEA,EN,Towers with Radar,600,133,61,5,799,0,0,16,2,18,600,133,77,7,817,0,0,0,817
09/22/2012,BWI,MD,AEA,EN,Towers with Radar,495,92,32,0,619,0,0,2,0,2,495,92,34,0,621,0,0,0,621
09/23/2012,BWI,MD,AEA,EN,Towers with Radar,571,121,43,0,735,0,0,9,1,10,571,121,52,1,745,0,0,0,745
09/24/2012,BWI,MD,AEA,EN,Towers with Radar,594,126,56,2,778,1,0,12,2,15,595,126,68,4,793,0,0,0,793
09/25/2012,BWI,MD,AEA,EN,Towers with Radar,592,125,49,2,768,0,1,23,2,26,592,126,72,4,794,0,0,0,794
09/26/2012,BWI,MD,AEA,EN,Towers with Radar,594,116,42,3,755,0,0,13,2,15,594,116,55,5,770,0,0,0,770
09/27/2012,BWI,MD,AEA,EN,Towers with Radar,599,123,49,2,773,0,0,12,1,13,599,123,61,3,786,0,0,0,786
09/28/2012,BWI,MD,AEA,EN,Towers with Radar,624,133,35,1,793,0,2,10,1,13,624,135,45,2,806,0,0,0,806
09/29/2012,BWI,MD,AEA,EN,Towers with Radar,492,78,25,0,595,0,4,16,0,20,492,82,41,0,615,0,0,0,615
09/30/2012,BWI,MD,AEA,EN,Towers with Radar,560,101,35,0,696,0,7,13,0,20,560,108,48,0,716,0,0,0,716
10/01/2012,BWI,MD,AEA,EN,Towers with Radar,591,131,37,1,760,0,2,4,0,6,591,133,41,1,766,0,0,0,766
10/02/2012,BWI,MD,AEA,EN,Towers with Radar,590,141,45,0,776,0,0,1,0,1,590,141,46,0,777,0,0,0,777
10/03/2012,BWI,MD,AEA,EN,Towers with Radar,566,117,60,3,746,0,0,1,0,1,566,117,61,3,747,0,0,0,747
10/04/2012,BWI,MD,AEA,EN,Towers with Radar,606,135,70,2,813,0,2,4,0,6,606,137,74,2,819,0,0,0,819
10/05/2012,BWI,MD,AEA,EN,Towers with Radar,609,135,53,2,799,0,4,9,2,15,609,139,62,4,814,0,0,0,814
10/06/2012,BWI,MD,AEA,EN,Towers with Radar,528,84,24,0,636,0,1,6,0,7,528,85,30,0,643,0,0,0,643
10/07/2012,BWI,MD,AEA,EN,Towers with Radar,564,115,36,0,715,0,2,3,0,5,564,117,39,0,720,0,0,0,720
10/08/2012,BWI,MD,AEA,EN,Towers with Radar,605,131,42,2,780,0,1,9,2,12,605,132,51,4,792,0,0,0,792
10/09/2012,BWI,MD,AEA,EN,Towers with Radar,588,125,62,4,779,0,0,3,0,3,588,125,65,4,782,0,0,0,782
10/10/2012,BWI,MD,AEA,EN,Towers with Radar,584,134,37,0,755,0,0,4,0,4,584,134,41,0,759,0,0,0,759
10/11/2012,BWI,MD,AEA,EN,Towers with Radar,599,132,38,2,771,0,0,15,1,16,599,132,53,3,787,0,0,0,787
10/12/2012,BWI,MD,AEA,EN,Towers with Radar,621,123,34,4,782,0,3,12,1,16,621,126,46,5,798,0,0,0,798
10/13/2012,BWI,MD,AEA,EN,Towers with Radar,511,86,36,1,634,0,2,16,0,18,511,88,52,1,652,0,0,0,652
10/14/2012,BWI,MD,AEA,EN,Towers with Radar,566,120,40,0,726,1,2,7,0,10,567,122,47,0,736,0,0,0,736
10/15/2012,BWI,MD,AEA,EN,Towers with Radar,598,120,42,1,761,0,2,2,0,4,598,122,44,1,765,0,0,0,765
10/16/2012,BWI,MD,AEA,EN,Towers with Radar,589,128,43,3,763,0,0,12,1,13,589,128,55,4,776,0,0,0,776
10/17/2012,BWI,MD,AEA,EN,Towers with Radar,592,127,65,5,789,0,1,15,2,18,592,128,80,7,807,0,0,0,807
10/18/2012,BWI,MD,AEA,EN,Towers with Radar,605,129,50,2,786,0,0,3,0,3,605,129,53,2,789,0,0,0,789
10/19/2012,BWI,MD,AEA,EN,Towers with Radar,622,135,46,2,805,0,0,3,1,4,622,135,49,3,809,0,0,0,809
10/20/2012,BWI,MD,AEA,EN,Towers with Radar,528,87,32,1,648,0,3,7,0,10,528,90,39,1,658,0,0,0,658
10/21/2012,BWI,MD,AEA,EN,Towers with Radar,574,119,25,0,718,0,3,22,0,25,574,122,47,0,743,0,0,0,743
10/22/2012,BWI,MD,AEA,EN,Towers with Radar,590,124,36,0,750,0,0,8,0,8,590,124,44,0,758,0,0,0,758
10/23/2012,BWI,MD,AEA,EN,Towers with Radar,594,123,36,5,758,0,0,15,3,18,594,123,51,8,776,12,0,12,788
10/24/2012,BWI,MD,AEA,EN,Towers with Radar,587,131,40,2,760,0,2,2,3,7,587,133,42,5,767,0,0,0,767
10/25/2012,BWI,MD,AEA,EN,Towers with Radar,594,140,36,4,774,0,0,1,0,1,594,140,37,4,775,0,0,0,775
10/26/2012,BWI,MD,AEA,EN,Towers with Radar,617,142,34,1,794,0,0,3,0,3,617,142,37,1,797,0,0,0,797
10/27/2012,BWI,MD,AEA,EN,Towers with Radar,512,74,23,2,611,0,2,5,0,7,512,76,28,2,618,0,0,0,618
10/28/2012,BWI,MD,AEA,EN,Towers with Radar,553,96,10,2,661,0,4,2,0,6,553,100,12,2,667,0,0,0,667
10/29/2012,BWI,MD,AEA,EN,Towers with Radar,15,3,0,0,18,0,0,0,0,0,15,3,0,0,18,0,0,0,18
10/30/2012,BWI,MD,AEA,EN,Towers with Radar,44,17,4,0,65,0,0,3,0,3,44,17,7,0,68,0,0,0,68
10/31/2012,BWI,MD,AEA,EN,Towers with Radar,510,90,34,3,637,0,0,9,0,9,510,90,43,3,646,0,0,0,646
11/01/2012,BWI,MD,AEA,EN,Towers with Radar,587,120,40,4,751,0,0,9,1,10,587,120,49,5,761,0,0,0,761
11/02/2012,BWI,MD,AEA,EN,Towers with Radar,614,112,39,1,766,0,0,5,1,6,614,112,44,2,772,0,0,0,772
11/03/2012,BWI,MD,AEA,EN,Towers with Radar,516,76,26,2,620,0,0,9,0,9,516,76,35,2,629,0,0,0,629
11/04/2012,BWI,MD,AEA,EN,Towers with Radar,532,87,37,0,656,0,0,8,0,8,532,87,45,0,664,0,0,0,664
11/05/2012,BWI,MD,AEA,EN,Towers with Radar,582,91,34,0,707,0,0,9,0,9,582,91,43,0,716,0,0,0,716
11/06/2012,BWI,MD,AEA,EN,Towers with Radar,538,101,30,2,671,0,0,11,1,12,538,101,41,3,683,0,0,0,683
11/07/2012,BWI,MD,AEA,EN,Towers with Radar,573,95,35,2,705,0,0,2,0,2,573,95,37,2,707,0,0,0,707
11/08/2012,BWI,MD,AEA,EN,Towers with Radar,589,106,35,1,731,0,0,2,1,3,589,106,37,2,734,0,0,0,734
11/09/2012,BWI,MD,AEA,EN,Towers with Radar,588,104,37,2,731,0,0,10,2,12,588,104,47,4,743,0,0,0,743
11/10/2012,BWI,MD,AEA,EN,Towers with Radar,496,71,34,0,601,0,0,16,0,16,496,71,50,0,617,0,0,0,617
11/11/2012,BWI,MD,AEA,EN,Towers with Radar,521,100,55,0,676,0,0,21,0,21,521,100,76,0,697,0,0,0,697
11/12/2012,BWI,MD,AEA,EN,Towers with Radar,576,91,32,1,700,1,0,6,0,7,577,91,38,1,707,0,0,0,707
11/13/2012,BWI,MD,AEA,EN,Towers with Radar,589,112,40,2,743,0,0,4,0,4,589,112,44,2,747,0,0,0,747
11/14/2012,BWI,MD,AEA,EN,Towers with Radar,581,114,53,3,751,0,0,22,1,23,581,114,75,4,774,0,0,0,774
11/15/2012,BWI,MD,AEA,EN,Towers with Radar,584,120,61,3,768,1,3,18,0,22,585,123,79,3,790,0,0,0,790
11/16/2012,BWI,MD,AEA,EN,Towers with Radar,604,118,40,2,764,0,0,5,2,7,604,118,45,4,771,0,0,0,771
11/17/2012,BWI,MD,AEA,EN,Towers with Radar,487,80,34,0,601,0,0,16,0,16,487,80,50,0,617,0,0,0,617
11/18/2012,BWI,MD,AEA,EN,Towers with Radar,519,101,46,0,666,0,0,10,0,10,519,101,56,0,676,0,0,0,676
11/19/2012,BWI,MD,AEA,EN,Towers with Radar,579,94,33,6,712,0,0,16,2,18,579,94,49,8,730,0,0,0,730
11/20/2012,BWI,MD,AEA,EN,Towers with Radar,587,105,26,5,723,1,1,9,4,15,588,106,35,9,738,0,0,0,738
11/21/2012,BWI,MD,AEA,EN,Towers with Radar,612,119,39,0,770,0,0,10,1,11,612,119,49,1,781,0,0,0,781
11/22/2012,BWI,MD,AEA,EN,Towers with Radar,380,45,10,0,435,0,0,5,0,5,380,45,15,0,440,0,0,0,440
11/23/2012,BWI,MD,AEA,EN,Towers with Radar,460,67,20,0,547,0,0,10,0,10,460,67,30,0,557,0,0,0,557
11/24/2012,BWI,MD,AEA,EN,Towers with Radar,511,97,14,0,622,0,0,7,1,8,511,97,21,1,630,0,0,0,630
11/25/2012,BWI,MD,AEA,EN,Towers with Radar,616,105,38,1,760,0,0,6,0,6,616,105,44,1,766,0,0,0,766
11/26/2012,BWI,MD,AEA,EN,Towers with Radar,632,103,23,1,759,0,1,5,1,7,632,104,28,2,766,0,0,0,766
11/27/2012,BWI,MD,AEA,EN,Towers with Radar,579,103,41,11,734,0,0,2,0,2,579,103,43,11,736,0,0,0,736
11/28/2012,BWI,MD,AEA,EN,Towers with Radar,571,107,46,3,727,0,0,7,3,10,571,107,53,6,737,0,0,0,737
11/29/2012,BWI,MD,AEA,EN,Towers with Radar,582,111,55,2,750,0,1,8,2,11,582,112,63,4,761,0,0,0,761
11/30/2012,BWI,MD,AEA,EN,Towers with Radar,588,111,41,2,742,0,0,12,2,14,588,111,53,4,756,12,0,12,768
12/01/2012,BWI,MD,AEA,EN,Towers with Radar,475,75,31,2,583,0,0,2,1,3,475,75,33,3,586,0,0,0,586
12/02/2012,BWI,MD,AEA,EN,Towers with Radar,501,76,57,0,634,0,0,2,0,2,501,76,59,0,636,0,0,0,636
12/03/2012,BWI,MD,AEA,EN,Towers with Radar,572,99,69,4,744,0,0,10,2,12,572,99,79,6,756,0,0,0,756
12/04/2012,BWI,MD,AEA,EN,Towers with Radar,569,109,66,2,746,0,0,9,3,12,569,109,75,5,758,0,0,0,758
12/05/2012,BWI,MD,AEA,EN,Towers with Radar,572,108,59,4,743,0,1,18,2,21,572,109,77,6,764,0,0,0,764
12/06/2012,BWI,MD,AEA,EN,Towers with Radar,585,109,55,1,750,1,0,18,2,21,586,109,73,3,771,0,0,0,771
12/07/2012,BWI,MD,AEA,EN,Towers with Radar,580,113,35,5,733,0,0,11,2,13,580,113,46,7,746,0,0,0,746
12/08/2012,BWI,MD,AEA,EN,Towers with Radar,469,93,21,0,583,0,0,3,0,3,469,93,24,0,586,0,0,0,586
12/09/2012,BWI,MD,AEA,EN,Towers with Radar,518,80,34,0,632,0,0,0,0,0,518,80,34,0,632,0,0,0,632
12/10/2012,BWI,MD,AEA,EN,Towers with Radar,528,83,29,1,641,1,0,0,1,2,529,83,29,2,643,0,0,0,643
12/11/2012,BWI,MD,AEA,EN,Towers with Radar,587,118,38,10,753,0,0,16,0,16,587,118,54,10,769,6,0,6,775
12/12/2012,BWI,MD,AEA,EN,Towers with Radar,570,108,49,4,731,0,0,7,3,10,570,108,56,7,741,10,0,10,751
12/13/2012,BWI,MD,AEA,EN,Towers with Radar,589,111,45,4,749,0,1,25,0,26,589,112,70,4,775,0,0,0,775
12/14/2012,BWI,MD,AEA,EN,Towers with Radar,574,105,37,6,722,0,0,20,5,25,574,105,57,11,747,0,0,0,747
12/15/2012,BWI,MD,AEA,EN,Towers with Radar,478,82,18,2,580,0,0,14,2,16,478,82,32,4,596,10,0,10,606
12/16/2012,BWI,MD,AEA,EN,Towers with Radar,529,73,26,0,628,0,0,3,0,3,529,73,29,0,631,0,0,0,631
12/17/2012,BWI,MD,AEA,EN,Towers with Radar,165,26,16,0,207,0,0,0,0,0,165,26,16,0,207,0,0,0,207
12/18/2012,BWI,MD,AEA,EN,Towers with Radar,565,110,34,9,718,0,1,6,5,12,565,111,40,14,730,0,0,0,730
12/19/2012,BWI,MD,AEA,EN,Towers with Radar,578,116,39,6,739,0,0,14,4,18,578,116,53,10,757,0,0,0,757
12/20/2012,BWI,MD,AEA,EN,Towers with Radar,583,105,39,5,732,0,0,9,3,12,583,105,48,8,744,0,0,0,744
12/21/2012,BWI,MD,AEA,EN,Towers with Radar,608,99,33,1,741,0,0,1,0,1,608,99,34,1,742,0,0,0,742
12/22/2012,BWI,MD,AEA,EN,Towers with Radar,575,89,7,0,671,0,0,3,1,4,575,89,10,1,675,0,0,0,675
12/23/2012,BWI,MD,AEA,EN,Towers with Radar,535,71,25,0,631,0,0,17,0,17,535,71,42,0,648,0,0,0,648
12/24/2012,BWI,MD,AEA,EN,Towers with Radar,463,56,6,1,526,0,0,1,0,1,463,56,7,1,527,0,0,0,527
12/25/2012,BWI,MD,AEA,EN,Towers with Radar,439,60,6,0,505,0,0,3,0,3,439,60,9,0,508,0,0,0,508
12/26/2012,BWI,MD,AEA,EN,Towers with Radar,549,78,28,0,655,0,0,0,0,0,549,78,28,0,655,0,0,0,655
12/27/2012,BWI,MD,AEA,EN,Towers with Radar,633,92,23,0,748,0,0,4,0,4,633,92,27,0,752,0,0,0,752
12/28/2012,BWI,MD,AEA,EN,Towers with Radar,590,95,20,0,705,0,0,13,0,13,590,95,33,0,718,0,0,0,718
12/29/2012,BWI,MD,AEA,EN,Towers with Radar,487,63,0,2,552,0,0,1,0,1,487,63,1,2,553,0,0,0,553
12/30/2012,BWI,MD,AEA,EN,Towers with Radar,533,83,21,0,637,0,0,9,0,9,533,83,30,0,646,0,0,0,646
12/31/2012,BWI,MD,AEA,EN,Towers with Radar,467,66,22,0,555,0,0,15,0,15,467,66,37,0,570,0,0,0,570
01/01/2013,BWI,MD,AEA,EN,Towers with Radar,458,68,8,0,534,0,0,0,0,0,458,68,8,0,534,0,0,0,534
01/02/2013,BWI,MD,AEA,EN,Towers with Radar,581,102,28,0,711,0,0,2,0,2,581,102,30,0,713,0,0,0,713
01/03/2013,BWI,MD,AEA,EN,Towers with Radar,583,114,22,0,719,0,0,4,0,4,583,114,26,0,723,0,0,0,723
01/04/2013,BWI,MD,AEA,EN,Towers with Radar,558,100,21,3,682,0,0,5,1,6,558,100,26,4,688,0,0,0,688
01/05/2013,BWI,MD,AEA,EN,Towers with Radar,446,72,26,0,544,0,0,8,0,8,446,72,34,0,552,0,0,0,552
01/06/2013,BWI,MD,AEA,EN,Towers with Radar,464,97,58,0,619,0,0,12,0,12,464,97,70,0,631,0,0,0,631
01/07/2013,BWI,MD,AEA,EN,Towers with Radar,514,97,38,2,651,0,0,10,2,12,514,97,48,4,663,0,0,0,663
01/08/2013,BWI,MD,AEA,EN,Towers with Radar,530,104,30,3,667,0,0,13,1,14,530,104,43,4,681,0,0,0,681
01/09/2013,BWI,MD,AEA,EN,Towers with Radar,517,104,42,2,665,0,0,2,1,3,517,104,44,3,668,0,0,0,668
01/10/2013,BWI,MD,AEA,EN,Towers with Radar,533,118,39,1,691,0,3,16,1,20,533,121,55,2,711,0,0,0,711
01/11/2013,BWI,MD,AEA,EN,Towers with Radar,537,102,27,2,668,0,0,9,2,11,537,102,36,4,679,0,0,0,679
01/12/2013,BWI,MD,AEA,EN,Towers with Radar,436,68,22,0,526,0,0,7,2,9,436,68,29,2,535,0,0,0,535
01/13/2013,BWI,MD,AEA,EN,Towers with Radar,473,75,17,0,565,0,0,0,0,0,473,75,17,0,565,0,0,0,565
01/14/2013,BWI,MD,AEA,EN,Towers with Radar,533,92,30,0,655,0,0,9,4,13,533,92,39,4,668,0,0,0,668
01/15/2013,BWI,MD,AEA,EN,Towers with Radar,510,101,32,2,645,0,0,0,0,0,510,101,32,2,645,0,0,0,645
01/16/2013,BWI,MD,AEA,EN,Towers with Radar,520,97,18,0,635,0,0,0,0,0,520,97,18,0,635,0,0,0,635
01/17/2013,BWI,MD,AEA,EN,Towers with Radar,535,114,32,2,683,0,0,5,2,7,535,114,37,4,690,0,0,0,690
01/18/2013,BWI,MD,AEA,EN,Towers with Radar,536,107,20,1,664,0,0,9,2,11,536,107,29,3,675,0,0,0,675
01/19/2013,BWI,MD,AEA,EN,Towers with Radar,433,61,17,0,511,0,0,14,0,14,433,61,31,0,525,0,0,0,525
01/20/2013,BWI,MD,AEA,EN,Towers with Radar,450,64,23,0,537,0,0,10,0,10,450,64,33,0,547,0,0,0,547
01/21/2013,BWI,MD,AEA,EN,Towers with Radar,515,88,37,1,641,0,0,4,0,4,515,88,41,1,645,0,0,0,645
01/22/2013,BWI,MD,AEA,EN,Towers with Radar,520,106,43,0,669,0,0,3,0,3,520,106,46,0,672,0,0,0,672
01/23/2013,BWI,MD,AEA,EN,Towers with Radar,521,108,45,0,674,0,1,5,1,7,521,109,50,1,681,0,0,0,681
01/24/2013,BWI,MD,AEA,EN,Towers with Radar,532,116,39,7,694,0,0,2,0,2,532,116,41,7,696,0,0,0,696
01/25/2013,BWI,MD,AEA,EN,Towers with Radar,531,96,35,2,664,0,0,6,1,7,531,96,41,3,671,0,0,0,671
01/26/2013,BWI,MD,AEA,EN,Towers with Radar,422,60,19,2,503,0,0,2,0,2,422,60,21,2,505,0,0,0,505
01/27/2013,BWI,MD,AEA,EN,Towers with Radar,464,86,30,0,580,0,0,6,1,7,464,86,36,1,587,0,0,0,587
01/28/2013,BWI,MD,AEA,EN,Towers with Radar,523,96,27,4,650,0,0,0,0,0,523,96,27,4,650,0,0,0,650
01/29/2013,BWI,MD,AEA,EN,Towers with Radar,522,98,46,2,668,0,0,7,3,10,522,98,53,5,678,0,0,0,678
01/30/2013,BWI,MD,AEA,EN,Towers with Radar,518,110,30,6,664,0,0,3,1,4,518,110,33,7,668,0,0,0,668
01/31/2013,BWI,MD,AEA,EN,Towers with Radar,551,106,50,2,709,0,0,0,0,0,551,106,50,2,709,0,0,0,709
02/01/2013,BWI,MD,AEA,EN,Towers with Radar,551,125,45,0,721,0,0,3,0,3,551,125,48,0,724,0,0,0,724
02/02/2013,BWI,MD,AEA,EN,Towers with Radar,424,67,21,2,514,0,0,8,1,9,424,67,29,3,523,0,0,0,523
02/03/2013,BWI,MD,AEA,EN,Towers with Radar,446,82,35,0,563,2,0,2,0,4,448,82,37,0,567,0,0,0,567
02/04/2013,BWI,MD,AEA,EN,Towers with Radar,564,136,56,2,758,0,0,10,2,12,564,136,66,4,770,0,0,0,770
02/05/2013,BWI,MD,AEA,EN,Towers with Radar,523,104,42,1,670,0,0,19,2,21,523,104,61,3,691,0,0,0,691
02/06/2013,BWI,MD,AEA,EN,Towers with Radar,523,114,54,4,695,0,0,10,1,11,523,114,64,5,706,0,0,0,706
02/07/2013,BWI,MD,AEA,EN,Towers with Radar,526,128,56,1,711,0,0,9,3,12,526,128,65,4,723,0,0,0,723
02/08/2013,BWI,MD,AEA,EN,Towers with Radar,475,85,25,0,585,0,0,0,0,0,475,85,25,0,585,0,0,0,585
02/09/2013,BWI,MD,AEA,EN,Towers with Radar,353,55,18,1,427,0,0,3,0,3,353,55,21,1,430,0,0,0,430
02/10/2013,BWI,MD,AEA,EN,Towers with Radar,442,91,27,1,561,0,0,25,1,26,442,91,52,2,587,0,0,0,587
02/11/2013,BWI,MD,AEA,EN,Towers with Radar,540,88,22,1,651,0,0,3,0,3,540,88,25,1,654,0,0,0,654
02/12/2013,BWI,MD,AEA,EN,Towers with Radar,522,98,37,6,663,0,0,13,2,15,522,98,50,8,678,0,0,0,678
02/13/2013,BWI,MD,AEA,EN,Towers with Radar,527,102,30,2,661,0,0,7,3,10,527,102,37,5,671,0,0,0,671
02/14/2013,BWI,MD,AEA,EN,Towers with Radar,559,113,41,4,717,0,0,20,4,24,559,113,61,8,741,0,0,0,741
02/15/2013,BWI,MD,AEA,EN,Towers with Radar,571,101,25,3,700,0,0,25,3,28,571,101,50,6,728,0,0,0,728
02/16/2013,BWI,MD,AEA,EN,Towers with Radar,465,71,9,0,545,0,0,6,0,6,465,71,15,0,551,0,0,0,551
02/17/2013,BWI,MD,AEA,EN,Towers with Radar,495,76,18,0,589,0,0,3,0,3,495,76,21,0,592,0,0,0,592
02/18/2013,BWI,MD,AEA,EN,Towers with Radar,562,106,31,3,702,0,0,9,2,11,562,106,40,5,713,0,0,0,713
02/19/2013,BWI,MD,AEA,EN,Towers with Radar,569,100,31,3,703,0,0,10,1,11,569,100,41,4,714,0,0,0,714
02/20/2013,BWI,MD,AEA,EN,Towers with Radar,560,115,28,6,709,0,0,7,2,9,560,115,35,8,718,0,0,0,718
02/21/2013,BWI,MD,AEA,EN,Towers with Radar,552,105,32,2,691,0,0,8,2,10,552,105,40,4,701,0,0,0,701
02/22/2013,BWI,MD,AEA,EN,Towers with Radar,565,103,23,1,692,0,0,8,1,9,565,103,31,2,701,0,0,0,701
02/23/2013,BWI,MD,AEA,EN,Towers with Radar,460,76,14,0,550,0,0,2,0,2,460,76,16,0,552,0,0,0,552
02/24/2013,BWI,MD,AEA,EN,Towers with Radar,503,93,13,0,609,0,0,7,1,8,503,93,20,1,617,0,0,0,617
02/25/2013,BWI,MD,AEA,EN,Towers with Radar,560,107,32,9,708,0,0,10,5,15,560,107,42,14,723,0,0,0,723
02/26/2013,BWI,MD,AEA,EN,Towers with Radar,552,102,33,1,688,0,0,4,1,5,552,102,37,2,693,0,0,0,693
02/27/2013,BWI,MD,AEA,EN,Towers with Radar,576,105,37,2,720,0,0,4,2,6,576,105,41,4,726,6,0,6,732
02/28/2013,BWI,MD,AEA,EN,Towers with Radar,567,122,38,3,730,0,0,11,4,15,567,122,49,7,745,0,0,0,745
03/01/2013,BWI,MD,AEA,EN,Towers with Radar,582,114,27,5,728,0,0,16,0,16,582,114,43,5,744,0,0,0,744
03/02/2013,BWI,MD,AEA,EN,Towers with Radar,473,74,16,0,563,0,0,17,0,17,473,74,33,0,580,0,0,0,580
03/03/2013,BWI,MD,AEA,EN,Towers with Radar,516,88,22,1,627,0,0,8,0,8,516,88,30,1,635,0,0,0,635
03/04/2013,BWI,MD,AEA,EN,Towers with Radar,571,95,51,2,719,0,0,3,4,7,571,95,54,6,726,0,0,0,726
03/05/2013,BWI,MD,AEA,EN,Towers with Radar,538,98,51,4,691,0,0,15,1,16,538,98,66,5,707,0,0,0,707
03/06/2013,BWI,MD,AEA,EN,Towers with Radar,434,49,8,3,494,0,0,0,0,0,434,49,8,3,494,0,0,0,494
03/07/2013,BWI,MD,AEA,EN,Towers with Radar,580,103,33,2,718,0,0,3,2,5,580,103,36,4,723,0,0,0,723
03/08/2013,BWI,MD,AEA,EN,Towers with Radar,584,104,48,2,738,0,0,7,0,7,584,104,55,2,745,0,0,0,745
03/09/2013,BWI,MD,AEA,EN,Towers with Radar,501,83,26,0,610,0,0,18,0,18,501,83,44,0,628,0,0,0,628
03/10/2013,BWI,MD,AEA,EN,Towers with Radar,550,82,21,1,654,0,0,23,0,23,550,82,44,1,677,0,0,0,677
03/11/2013,BWI,MD,AEA,EN,Towers with Radar,580,97,40,5,722,0,0,18,4,22,580,97,58,9,744,0,0,0,744
03/12/2013,BWI,MD,AEA,EN,Towers with Radar,583,92,55,4,734,0,0,3,0,3,583,92,58,4,737,0,0,0,737
03/13/2013,BWI,MD,AEA,EN,Towers with Radar,591,106,41,5,743,0,0,10,3,13,591,106,51,8,756,0,0,0,756
03/14/2013,BWI,MD,AEA,EN,Towers with Radar,597,101,46,3,747,0,0,6,5,11,597,101,52,8,758,0,0,0,758
03/15/2013,BWI,MD,AEA,EN,Towers with Radar,601,104,48,2,755,0,0,10,1,11,601,104,58,3,766,0,0,0,766
03/16/2013,BWI,MD,AEA,EN,Towers with Radar,515,75,16,4,610,0,0,8,0,8,515,75,24,4,618,0,0,0,618
03/17/2013,BWI,MD,AEA,EN,Towers with Radar,550,98,36,1,685,0,0,0,0,0,550,98,36,1,685,0,0,0,685
03/18/2013,BWI,MD,AEA,EN,Towers with Radar,582,95,40,10,727,0,0,1,0,1,582,95,41,10,728,0,0,0,728
03/19/2013,BWI,MD,AEA,EN,Towers with Radar,602,107,30,5,744,0,0,6,3,9,602,107,36,8,753,0,0,0,753
03/20/2013,BWI,MD,AEA,EN,Towers with Radar,597,118,31,4,750,0,0,5,3,8,597,118,36,7,758,0,0,0,758
03/21/2013,BWI,MD,AEA,EN,Towers with Radar,600,114,38,2,754,0,0,3,0,3,600,114,41,2,757,0,0,0,757
03/22/2013,BWI,MD,AEA,EN,Towers with Radar,598,115,38,4,755,0,0,8,3,11,598,115,46,7,766,0,0,0,766
03/23/2013,BWI,MD,AEA,EN,Towers with Radar,507,84,23,1,615,0,0,12,2,14,507,84,35,3,629,0,0,0,629
03/24/2013,BWI,MD,AEA,EN,Towers with Radar,528,94,16,0,638,0,0,5,0,5,528,94,21,0,643,0,0,0,643
03/25/2013,BWI,MD,AEA,EN,Towers with Radar,603,89,18,1,711,0,0,0,0,0,603,89,18,1,711,0,0,0,711
03/26/2013,BWI,MD,AEA,EN,Towers with Radar,597,114,45,3,759,0,0,14,1,15,597,114,59,4,774,0,0,0,774
03/27/2013,BWI,MD,AEA,EN,Towers with Radar,598,105,34,5,742,0,0,4,2,6,598,105,38,7,748,0,0,0,748
03/28/2013,BWI,MD,AEA,EN,Towers with Radar,596,116,31,4,747,0,0,6,1,7,596,116,37,5,754,0,0,0,754
03/29/2013,BWI,MD,AEA,EN,Towers with Radar,598,115,31,5,749,0,0,12,0,12,598,115,43,5,761,0,0,0,761
03/30/2013,BWI,MD,AEA,EN,Towers with Radar,502,72,31,0,605,0,0,18,0,18,502,72,49,0,623,0,0,0,623
03/31/2013,BWI,MD,AEA,EN,Towers with Radar,540,71,28,0,639,0,0,4,0,4,540,71,32,0,643,0,0,0,643
04/01/2013,BWI,MD,AEA,EN,Towers with Radar,601,115,36,2,754,0,0,9,1,10,601,115,45,3,764,0,0,0,764
04/02/2013,BWI,MD,AEA,EN,Towers with Radar,596,105,39,4,744,0,0,10,3,13,596,105,49,7,757,0,0,0,757
04/03/2013,BWI,MD,AEA,EN,Towers with Radar,597,102,38,1,738,0,0,4,1,5,597,102,42,2,743,0,0,0,743
04/04/2013,BWI,MD,AEA,EN,Towers with Radar,606,104,41,3,754,0,0,23,3,26,606,104,64,6,780,0,0,0,780
04/05/2013,BWI,MD,AEA,EN,Towers with Radar,604,116,33,0,753,0,0,10,1,11,604,116,43,1,764,0,0,0,764
04/06/2013,BWI,MD,AEA,EN,Towers with Radar,506,79,38,1,624,0,0,13,1,14,506,79,51,2,638,0,0,0,638
04/07/2013,BWI,MD,AEA,EN,Towers with Radar,551,86,27,1,665,0,0,12,0,12,551,86,39,1,677,0,0,0,677
04/08/2013,BWI,MD,AEA,EN,Towers with Radar,595,96,35,1,727,0,0,8,0,8,595,96,43,1,735,0,0,0,735
04/09/2013,BWI,MD,AEA,EN,Towers with Radar,603,105,42,0,750,0,1,14,4,19,603,106,56,4,769,0,0,0,769
04/10/2013,BWI,MD,AEA,EN,Towers with Radar,621,85,61,3,770,1,0,17,2,20,622,85,78,5,790,0,0,0,790
04/11/2013,BWI,MD,AEA,EN,Towers with Radar,621,107,35,1,764,0,0,7,2,9,621,107,42,3,773,0,0,0,773
04/12/2013,BWI,MD,AEA,EN,Towers with Radar,609,96,34,1,740,0,0,0,0,0,609,96,34,1,740,0,0,0,740
04/13/2013,BWI,MD,AEA,EN,Towers with Radar,503,65,27,0,595,0,0,17,0,17,503,65,44,0,612,0,0,0,612
04/14/2013,BWI,MD,AEA,EN,Towers with Radar,571,80,36,3,690,0,1,11,0,12,571,81,47,3,702,0,0,0,702
04/15/2013,BWI,MD,AEA,EN,Towers with Radar,621,94,24,2,741,0,0,5,3,8,621,94,29,5,749,0,0,0,749
04/16/2013,BWI,MD,AEA,EN,Towers with Radar,625,99,38,3,765,0,0,12,4,16,625,99,50,7,781,0,0,0,781
04/17/2013,BWI,MD,AEA,EN,Towers with Radar,615,102,57,6,780,0,0,1,4,5,615,102,58,10,785,0,0,0,785
04/18/2013,BWI,MD,AEA,EN,Towers with Radar,616,91,45,4,756,0,2,6,3,11,616,93,51,7,767,0,0,0,767
04/19/2013,BWI,MD,AEA,EN,Towers with Radar,634,88,27,2,751,0,1,1,3,5,634,89,28,5,756,0,0,0,756
04/20/2013,BWI,MD,AEA,EN,Towers with Radar,532,84,21,0,637,0,0,10,0,10,532,84,31,0,647,0,0,0,647
04/21/2013,BWI,MD,AEA,EN,Towers with Radar,582,85,42,0,709,0,1,7,1,9,582,86,49,1,718,0,0,0,718
04/22/2013,BWI,MD,AEA,EN,Towers with Radar,618,87,26,4,735,0,3,8,3,14,618,90,34,7,749,0,0,0,749
04/23/2013,BWI,MD,AEA,EN,Towers with Radar,629,109,51,9,798,0,2,5,2,9,629,111,56,11,807,0,0,0,807
04/24/2013,BWI,MD,AEA,EN,Towers with Radar,627,100,44,11,782,1,4,3,4,12,628,104,47,15,794,0,0,0,794
04/25/2013,BWI,MD,AEA,EN,Towers with Radar,640,117,37,3,797,0,0,4,3,7,640,117,41,6,804,0,0,0,804
04/26/2013,BWI,MD,AEA,EN,Towers with Radar,639,100,37,1,777,0,1,16,1,18,639,101,53,2,795,0,0,0,795
04/27/2013,BWI,MD,AEA,EN,Towers with Radar,528,70,31,1,630,0,0,18,0,18,528,70,49,1,648,0,0,0,648
04/28/2013,BWI,MD,AEA,EN,Towers with Radar,584,80,22,0,686,0,1,6,0,7,584,81,28,0,693,0,0,0,693
04/29/2013,BWI,MD,AEA,EN,Towers with Radar,625,82,33,6,746,0,0,0,0,0,625,82,33,6,746,0,0,0,746
04/30/2013,BWI,MD,AEA,EN,Towers with Radar,637,99,35,1,772,0,0,0,2,2,637,99,35,3,774,0,0,0,774
05/01/2013,BWI,MD,AEA,EN,Towers with Radar,629,99,52,7,787,0,0,13,2,15,629,99,65,9,802,0,0,0,802
05/02/2013,BWI,MD,AEA,EN,Towers with Radar,619,107,47,6,779,0,1,11,4,16,619,108,58,10,795,0,0,0,795
05/03/2013,BWI,MD,AEA,EN,Towers with Radar,628,115,44,4,791,1,4,16,2,23,629,119,60,6,814,0,0,0,814
05/04/2013,BWI,MD,AEA,EN,Towers with Radar,524,62,15,0,601,0,0,22,0,22,524,62,37,0,623,0,0,0,623
05/05/2013,BWI,MD,AEA,EN,Towers with Radar,571,78,40,0,689,0,5,4,0,9,571,83,44,0,698,0,0,0,698
05/06/2013,BWI,MD,AEA,EN,Towers with Radar,626,79,48,3,756,0,0,4,0,4,626,79,52,3,760,0,0,0,760
05/07/2013,BWI,MD,AEA,EN,Towers with Radar,632,102,57,4,795,0,0,0,0,0,632,102,57,4,795,0,0,0,795
05/08/2013,BWI,MD,AEA,EN,Towers with Radar,650,113,49,6,818,0,1,5,4,10,650,114,54,10,828,0,0,0,828
05/09/2013,BWI,MD,AEA,EN,Towers with Radar,633,104,61,4,802,0,1,18,3,22,633,105,79,7,824,0,0,0,824
05/10/2013,BWI,MD,AEA,EN,Towers with Radar,619,120,46,2,787,0,3,32,3,38,619,123,78,5,825,0,0,0,825
05/11/2013,BWI,MD,AEA,EN,Towers with Radar,543,66,21,0,630,0,0,3,0,3,543,66,24,0,633,0,0,0,633
05/12/2013,BWI,MD,AEA,EN,Towers with Radar,576,92,25,2,695,0,2,4,0,6,576,94,29,2,701,0,0,0,701
05/13/2013,BWI,MD,AEA,EN,Towers with Radar,624,101,37,6,768,0,0,13,2,15,624,101,50,8,783,0,0,0,783
05/14/2013,BWI,MD,AEA,EN,Towers with Radar,640,101,52,5,798,0,1,18,1,20,640,102,70,6,818,0,0,0,818
05/15/2013,BWI,MD,AEA,EN,Towers with Radar,641,116,38,3,798,0,0,14,3,17,641,116,52,6,815,0,0,0,815
05/16/2013,BWI,MD,AEA,EN,Towers with Radar,640,110,46,5,801,0,0,4,1,5,640,110,50,6,806,0,0,0,806
05/17/2013,BWI,MD,AEA,EN,Towers with Radar,637,120,47,5,809,0,4,16,5,25,637,124,63,10,834,0,0,0,834
05/18/2013,BWI,MD,AEA,EN,Towers with Radar,533,87,36,0,656,0,2,8,1,11,533,89,44,1,667,0,0,0,667
05/19/2013,BWI,MD,AEA,EN,Towers with Radar,589,90,49,0,728,0,1,0,0,1,589,91,49,0,729,0,0,0,729
05/20/2013,BWI,MD,AEA,EN,Towers with Radar,630,99,36,2,767,0,1,3,1,5,630,100,39,3,772,0,0,0,772
05/21/2013,BWI,MD,AEA,EN,Towers with Radar,628,100,49,1,778,0,1,8,5,14,628,101,57,6,792,0,0,0,792
05/22/2013,BWI,MD,AEA,EN,Towers with Radar,629,108,48,1,786,0,1,13,3,17,629,109,61,4,803,0,0,0,803
05/23/2013,BWI,MD,AEA,EN,Towers with Radar,588,97,34,3,722,0,0,2,1,3,588,97,36,4,725,0,0,0,725
05/24/2013,BWI,MD,AEA,EN,Towers with Radar,715,103,38,1,857,0,2,3,0,5,715,105,41,1,862,0,0,0,862
05/25/2013,BWI,MD,AEA,EN,Towers with Radar,489,72,19,1,581,1,1,11,0,13,490,73,30,1,594,0,0,0,594
05/26/2013,BWI,MD,AEA,EN,Towers with Radar,474,47,22,0,543,0,3,16,0,19,474,50,38,0,562,0,0,0,562
05/27/2013,BWI,MD,AEA,EN,Towers with Radar,567,75,28,1,671,0,0,17,1,18,567,75,45,2,689,0,0,0,689
05/28/2013,BWI,MD,AEA,EN,Towers with Radar,644,84,49,4,781,0,2,13,1,16,644,86,62,5,797,0,0,0,797
05/29/2013,BWI,MD,AEA,EN,Towers with Radar,636,102,35,0,773,0,1,17,4,22,636,103,52,4,795,0,0,0,795
05/30/2013,BWI,MD,AEA,EN,Towers with Radar,641,100,52,1,794,0,0,15,4,19,641,100,67,5,813,0,0,0,813
05/31/2013,BWI,MD,AEA,EN,Towers with Radar,633,99,38,1,771,0,0,9,3,12,633,99,47,4,783,0,0,0,783
06/01/2013,BWI,MD,AEA,EN,Towers with Radar,535,67,16,0,618,0,1,12,0,13,535,68,28,0,631,0,0,0,631
06/02/2013,BWI,MD,AEA,EN,Towers with Radar,578,75,31,0,684,0,2,6,0,8,578,77,37,0,692,0,0,0,692
06/03/2013,BWI,MD,AEA,EN,Towers with Radar,657,101,34,2,794,0,5,4,1,10,657,106,38,3,804,0,0,0,804
06/04/2013,BWI,MD,AEA,EN,Towers with Radar,639,102,31,10,782,0,0,16,5,21,639,102,47,15,803,0,0,0,803
06/05/2013,BWI,MD,AEA,EN,Towers with Radar,636,116,34,4,790,0,0,10,1,11,636,116,44,5,801,0,0,0,801
06/06/2013,BWI,MD,AEA,EN,Towers with Radar,644,114,36,2,796,0,0,8,3,11,644,114,44,5,807,0,0,0,807
06/07/2013,BWI,MD,AEA,EN,Towers with Radar,642,97,17,0,756,0,1,1,0,2,642,98,18,0,758,0,0,0,758
06/08/2013,BWI,MD,AEA,EN,Towers with Radar,566,76,28,0,670,0,0,18,0,18,566,76,46,0,688,16,0,16,704
06/09/2013,BWI,MD,AEA,EN,Towers with Radar,592,90,24,2,708,0,0,15,0,15,592,90,39,2,723,10,0,10,733
06/10/2013,BWI,MD,AEA,EN,Towers with Radar,615,86,41,2,744,0,3,0,0,3,615,89,41,2,747,0,0,0,747
06/11/2013,BWI,MD,AEA,EN,Towers with Radar,664,124,52,3,843,0,0,7,2,9,664,124,59,5,852,0,0,0,852
06/12/2013,BWI,MD,AEA,EN,Towers with Radar,628,103,53,2,786,0,2,17,5,24,628,105,70,7,810,0,0,0,810
06/13/2013,BWI,MD,AEA,EN,Towers with Radar,581,87,31,0,699,0,1,7,0,8,581,88,38,0,707,0,0,0,707
06/14/2013,BWI,MD,AEA,EN,Towers with Radar,661,118,56,6,841,0,1,11,3,15,661,119,67,9,856,0,0,0,856
06/15/2013,BWI,MD,AEA,EN,Towers with Radar,582,73,27,1,683,0,1,18,1,20,582,74,45,2,703,0,0,0,703
06/16/2013,BWI,MD,AEA,EN,Towers with Radar,600,91,33,0,724,0,0,9,0,9,600,91,42,0,733,0,0,0,733
06/17/2013,BWI,MD,AEA,EN,Towers with Radar,631,109,27,0,767,0,2,14,0,16,631,111,41,0,783,0,0,0,783
06/18/2013,BWI,MD,AEA,EN,Towers with Radar,646,106,28,0,780,0,0,4,1,5,646,106,32,1,785,0,0,0,785
06/19/2013,BWI,MD,AEA,EN,Towers with Radar,648,122,64,1,835,0,2,7,3,12,648,124,71,4,847,0,0,0,847
06/20/2013,BWI,MD,AEA,EN,Towers with Radar,647,107,59,4,817,0,0,13,2,15,647,107,72,6,832,0,0,0,832
06/21/2013,BWI,MD,AEA,EN,Towers with Radar,635,100,48,1,784,0,4,24,1,29,635,104,72,2,813,0,0,0,813
06/22/2013,BWI,MD,AEA,EN,Towers with Radar,572,81,18,0,671,1,3,13,2,19,573,84,31,2,690,0,0,0,690
06/23/2013,BWI,MD,AEA,EN,Towers with Radar,594,86,23,0,703,0,2,4,0,6,594,88,27,0,709,0,0,0,709
06/24/2013,BWI,MD,AEA,EN,Towers with Radar,618,103,30,7,758,0,1,9,3,13,618,104,39,10,771,0,0,0,771
06/25/2013,BWI,MD,AEA,EN,Towers with Radar,653,111,44,2,810,0,1,10,3,14,653,112,54,5,824,0,0,0,824
06/26/2013,BWI,MD,AEA,EN,Towers with Radar,633,102,42,4,781,0,4,12,4,20,633,106,54,8,801,0,0,0,801
06/27/2013,BWI,MD,AEA,EN,Towers with Radar,671,97,32,3,803,0,2,10,3,15,671,99,42,6,818,0,0,0,818
06/28/2013,BWI,MD,AEA,EN,Towers with Radar,617,104,28,1,750,0,1,10,1,12,617,105,38,2,762,0,0,0,762
06/29/2013,BWI,MD,AEA,EN,Towers with Radar,608,86,30,2,726,0,6,23,0,29,608,92,53,2,755,0,0,0,755
06/30/2013,BWI,MD,AEA,EN,Towers with Radar,590,75,29,0,694,0,2,4,0,6,590,77,33,0,700,0,0,0,700
07/01/2013,BWI,MD,AEA,EN,Towers with Radar,640,78,20,0,738,0,3,8,0,11,640,81,28,0,749,0,0,0,749
07/02/2013,BWI,MD,AEA,EN,Towers with Radar,621,91,39,2,753,0,1,14,1,16,621,92,53,3,769,0,0,0,769
07/03/2013,BWI,MD,AEA,EN,Towers with Radar,636,106,46,5,793,0,0,13,1,14,636,106,59,6,807,0,0,0,807
07/04/2013,BWI,MD,AEA,EN,Towers with Radar,470,55,9,0,534,0,2,7,0,9,470,57,16,0,543,0,0,0,543
07/05/2013,BWI,MD,AEA,EN,Towers with Radar,533,77,7,0,617,0,2,19,1,22,533,79,26,1,639,0,0,0,639
07/06/2013,BWI,MD,AEA,EN,Towers with Radar,561,61,16,0,638,0,0,10,1,11,561,61,26,1,649,0,0,0,649
07/07/2013,BWI,MD,AEA,EN,Towers with Radar,596,104,27,0,727,0,1,8,0,9,596,105,35,0,736,0,0,0,736
07/08/2013,BWI,MD,AEA,EN,Towers with Radar,640,110,35,2,787,0,0,9,2,11,640,110,44,4,798,0,0,0,798
07/09/2013,BWI,MD,AEA,EN,Towers with Radar,644,107,26,2,779,0,1,13,3,17,644,108,39,5,796,0,0,0,796
07/10/2013,BWI,MD,AEA,EN,Towers with Radar,572,88,47,6,713,0,0,7,2,9,572,88,54,8,722,0,0,0,722
07/11/2013,BWI,MD,AEA,EN,Towers with Radar,664,131,52,2,849,0,1,7,5,13,664,132,59,7,862,0,0,0,862
07/12/2013,BWI,MD,AEA,EN,Towers with Radar,656,105,19,7,787,0,2,1,1,4,656,107,20,8,791,0,0,0,791
07/13/2013,BWI,MD,AEA,EN,Towers with Radar,575,71,27,1,674,0,2,6,1,9,575,73,33,2,683,0,0,0,683
07/14/2013,BWI,MD,AEA,EN,Towers with Radar,601,97,26,0,724,0,2,4,1,7,601,99,30,1,731,0,0,0,731
07/15/2013,BWI,MD,AEA,EN,Towers with Radar,633,91,41,1,766,0,1,15,0,16,633,92,56,1,782,0,0,0,782
07/16/2013,BWI,MD,AEA,EN,Towers with Radar,635,103,49,2,789,0,3,25,2,30,635,106,74,4,819,0,0,0,819
07/17/2013,BWI,MD,AEA,EN,Towers with Radar,634,124,64,3,825,0,2,17,2,21,634,126,81,5,846,0,0,0,846
07/18/2013,BWI,MD,AEA,EN,Towers with Radar,655,109,51,3,818,0,1,13,3,17,655,110,64,6,835,4,0,4,839
07/19/2013,BWI,MD,AEA,EN,Towers with Radar,630,106,26,1,763,0,0,5,2,7,630,106,31,3,770,0,0,0,770
07/20/2013,BWI,MD,AEA,EN,Towers with Radar,568,68,22,0,658,0,2,8,1,11,568,70,30,1,669,0,0,0,669
07/21/2013,BWI,MD,AEA,EN,Towers with Radar,596,78,22,0,696,0,0,4,2,6,596,78,26,2,702,0,0,0,702
07/22/2013,BWI,MD,AEA,EN,Towers with Radar,655,99,37,1,792,1,2,4,6,13,656,101,41,7,805,0,0,0,805
07/23/2013,BWI,MD,AEA,EN,Towers with Radar,650,120,35,2,807,0,1,11,0,12,650,121,46,2,819,0,0,0,819
07/24/2013,BWI,MD,AEA,EN,Towers with Radar,639,112,43,4,798,0,4,11,7,22,639,116,54,11,820,0,0,0,820
07/25/2013,BWI,MD,AEA,EN,Towers with Radar,652,114,40,11,817,0,1,14,5,20,652,115,54,16,837,0,0,0,837
07/26/2013,BWI,MD,AEA,EN,Towers with Radar,648,90,49,1,788,0,0,8,2,10,648,90,57,3,798,0,0,0,798
07/27/2013,BWI,MD,AEA,EN,Towers with Radar,570,65,24,1,660,0,2,6,1,9,570,67,30,2,669,0,0,0,669
07/28/2013,BWI,MD,AEA,EN,Towers with Radar,617,99,29,1,746,0,4,4,0,8,617,103,33,1,754,0,0,0,754
07/29/2013,BWI,MD,AEA,EN,Towers with Radar,641,99,26,4,770,0,0,16,2,18,641,99,42,6,788,0,0,0,788
07/30/2013,BWI,MD,AEA,EN,Towers with Radar,635,120,45,4,804,1,2,9,4,16,636,122,54,8,820,0,0,0,820
07/31/2013,BWI,MD,AEA,EN,Towers with Radar,634,121,57,1,813,0,1,7,7,15,634,122,64,8,828,0,0,0,828
08/01/2013,BWI,MD,AEA,EN,Towers with Radar,657,111,39,0,807,0,1,5,2,8,657,112,44,2,815,0,0,0,815
08/02/2013,BWI,MD,AEA,EN,Towers with Radar,650,115,36,3,804,0,2,12,2,16,650,117,48,5,820,0,0,0,820
08/03/2013,BWI,MD,AEA,EN,Towers with Radar,562,69,26,1,658,0,2,4,0,6,562,71,30,1,664,0,0,0,664
08/04/2013,BWI,MD,AEA,EN,Towers with Radar,601,79,27,1,708,0,2,11,2,15,601,81,38,3,723,0,0,0,723
08/05/2013,BWI,MD,AEA,EN,Towers with Radar,635,96,27,2,760,0,2,8,4,14,635,98,35,6,774,0,0,0,774
08/06/2013,BWI,MD,AEA,EN,Towers with Radar,637,104,24,9,774,0,2,1,2,5,637,106,25,11,779,0,0,0,779
08/07/2013,BWI,MD,AEA,EN,Towers with Radar,637,97,26,3,763,0,1,6,4,11,637,98,32,7,774,0,0,0,774
08/08/2013,BWI,MD,AEA,EN,Towers with Radar,665,107,39,1,812,0,6,2,1,9,665,113,41,2,821,0,0,0,821
08/09/2013,BWI,MD,AEA,EN,Towers with Radar,646,122,31,1,800,0,1,3,2,6,646,123,34,3,806,0,0,0,806
08/10/2013,BWI,MD,AEA,EN,Towers with Radar,564,64,27,0,655,0,1,5,0,6,564,65,32,0,661,0,0,0,661
08/11/2013,BWI,MD,AEA,EN,Towers with Radar,568,74,24,0,666,0,4,13,1,18,568,78,37,1,684,0,0,0,684
08/12/2013,BWI,MD,AEA,EN,Towers with Radar,597,117,31,2,747,0,2,1,1,4,597,119,32,3,751,0,0,0,751
08/13/2013,BWI,MD,AEA,EN,Towers with Radar,619,113,34,2,768,0,1,3,0,4,619,114,37,2,772,0,0,0,772
08/14/2013,BWI,MD,AEA,EN,Towers with Radar,602,105,35,0,742,0,2,5,2,9,602,107,40,2,751,0,0,0,751
08/15/2013,BWI,MD,AEA,EN,Towers with Radar,624,106,35,3,768,0,1,7,1,9,624,107,42,4,777,0,0,0,777
08/16/2013,BWI,MD,AEA,EN,Towers with Radar,618,98,32,0,748,0,1,14,1,16,618,99,46,1,764,0,0,0,764
08/17/2013,BWI,MD,AEA,EN,Towers with Radar,509,62,23,1,595,0,4,22,0,26,509,66,45,1,621,0,0,0,621
08/18/2013,BWI,MD,AEA,EN,Towers with Radar,566,82,20,0,668,0,1,2,1,4,566,83,22,1,672,0,0,0,672
08/19/2013,BWI,MD,AEA,EN,Towers with Radar,611,91,33,3,738,0,2,3,0,5,611,93,36,3,743,0,0,0,743
08/20/2013,BWI,MD,AEA,EN,Towers with Radar,606,104,28,8,746,0,0,11,2,13,606,104,39,10,759,0,0,0,759
08/21/2013,BWI,MD,AEA,EN,Towers with Radar,604,103,52,10,769,0,1,10,5,16,604,104,62,15,785,0,0,0,785
08/22/2013,BWI,MD,AEA,EN,Towers with Radar,620,102,34,5,761,0,0,10,3,13,620,102,44,8,774,0,0,0,774
08/23/2013,BWI,MD,AEA,EN,Towers with Radar,618,124,33,4,779,0,2,9,3,14,618,126,42,7,793,0,0,0,793
08/24/2013,BWI,MD,AEA,EN,Towers with Radar,499,76,32,2,609,0,2,13,1,16,499,78,45,3,625,22,0,22,647
08/25/2013,BWI,MD,AEA,EN,Towers with Radar,554,87,29,1,671,0,2,14,0,16,554,89,43,1,687,0,0,0,687
08/26/2013,BWI,MD,AEA,EN,Towers with Radar,607,97,30,10,744,0,1,9,6,16,607,98,39,16,760,0,0,0,760
08/27/2013,BWI,MD,AEA,EN,Towers with Radar,602,99,17,2,720,0,0,18,1,19,602,99,35,3,739,0,0,0,739
08/28/2013,BWI,MD,AEA,EN,Towers with Radar,619,107,34,5,765,0,3,3,2,8,619,110,37,7,773,0,0,0,773
08/29/2013,BWI,MD,AEA,EN,Towers with Radar,607,99,44,1,751,0,2,15,2,19,607,101,59,3,770,0,0,0,770
08/30/2013,BWI,MD,AEA,EN,Towers with Radar,609,104,49,0,762,0,0,7,0,7,609,104,56,0,769,0,0,0,769
08/31/2013,BWI,MD,AEA,EN,Towers with Radar,442,71,20,0,533,0,2,21,1,24,442,73,41,1,557,0,0,0,557
09/01/2013,BWI,MD,AEA,EN,Towers with Radar,443,58,29,0,530,0,1,10,0,11,443,59,39,0,541,0,0,0,541
09/02/2013,BWI,MD,AEA,EN,Towers with Radar,547,86,24,3,660,0,4,9,0,13,547,90,33,3,673,0,0,0,673
09/03/2013,BWI,MD,AEA,EN,Towers with Radar,574,100,26,5,705,0,0,8,0,8,574,100,34,5,713,0,0,0,713
09/04/2013,BWI,MD,AEA,EN,Towers with Radar,568,116,36,7,727,0,2,9,2,13,568,118,45,9,740,0,0,0,740
09/05/2013,BWI,MD,AEA,EN,Towers with Radar,587,102,31,1,721,0,0,8,4,12,587,102,39,5,733,0,0,0,733
09/06/2013,BWI,MD,AEA,EN,Towers with Radar,576,97,43,4,720,0,4,16,2,22,576,101,59,6,742,0,0,0,742
09/07/2013,BWI,MD,AEA,EN,Towers with Radar,460,66,25,2,553,0,2,20,1,23,460,68,45,3,576,0,0,0,576
09/08/2013,BWI,MD,AEA,EN,Towers with Radar,543,88,25,0,656,0,0,6,1,7,543,88,31,1,663,0,0,0,663
09/09/2013,BWI,MD,AEA,EN,Towers with Radar,569,105,41,5,720,0,0,10,2,12,569,105,51,7,732,0,0,0,732
09/10/2013,BWI,MD,AEA,EN,Towers with Radar,565,105,40,6,716,0,1,15,4,20,565,106,55,10,736,0,0,0,736
09/11/2013,BWI,MD,AEA,EN,Towers with Radar,548,101,41,3,693,0,1,14,2,17,548,102,55,5,710,0,0,0,710
09/12/2013,BWI,MD,AEA,EN,Towers with Radar,428,89,42,2,561,0,3,4,2,9,428,92,46,4,570,0,0,0,570
09/13/2013,BWI,MD,AEA,EN,Towers with Radar,596,111,27,2,736,0,2,4,3,9,596,113,31,5,745,0,0,0,745
09/14/2013,BWI,MD,AEA,EN,Towers with Radar,447,79,26,0,552,0,0,14,0,14,447,79,40,0,566,30,0,30,596
09/15/2013,BWI,MD,AEA,EN,Towers with Radar,543,103,47,0,693,0,1,11,0,12,543,104,58,0,705,0,0,0,705
09/16/2013,BWI,MD,AEA,EN,Towers with Radar,576,105,40,1,722,0,4,4,2,10,576,109,44,3,732,0,0,0,732
09/17/2013,BWI,MD,AEA,EN,Towers with Radar,565,109,49,2,725,0,2,7,13,22,565,111,56,15,747,0,0,0,747
09/18/2013,BWI,MD,AEA,EN,Towers with Radar,556,118,77,2,753,0,2,15,3,20,556,120,92,5,773,0,0,0,773
09/19/2013,BWI,MD,AEA,EN,Towers with Radar,578,105,25,4,712,1,3,9,3,16,579,108,34,7,728,0,0,0,728
09/20/2013,BWI,MD,AEA,EN,Towers with Radar,579,121,49,5,754,0,4,8,5,17,579,125,57,10,771,0,0,0,771
09/21/2013,BWI,MD,AEA,EN,Towers with Radar,465,78,19,0,562,0,0,15,0,15,465,78,34,0,577,0,0,0,577
09/22/2013,BWI,MD,AEA,EN,Towers with Radar,543,103,44,1,691,0,3,7,0,10,543,106,51,1,701,0,0,0,701
09/23/2013,BWI,MD,AEA,EN,Towers with Radar,571,98,31,1,701,0,0,16,1,17,571,98,47,2,718,0,0,0,718
09/24/2013,BWI,MD,AEA,EN,Towers with Radar,563,94,39,1,697,0,3,7,1,11,563,97,46,2,708,0,0,0,708
09/25/2013,BWI,MD,AEA,EN,Towers with Radar,560,102,52,2,716,0,6,18,4,28,560,108,70,6,744,0,0,0,744
09/26/2013,BWI,MD,AEA,EN,Towers with Radar,580,107,43,5,735,0,0,7,4,11,580,107,50,9,746,0,0,0,746
09/27/2013,BWI,MD,AEA,EN,Towers with Radar,577,110,53,0,740,0,0,7,1,8,577,110,60,1,748,0,0,0,748
09/28/2013,BWI,MD,AEA,EN,Towers with Radar,472,82,22,1,577,0,3,12,0,15,472,85,34,1,592,0,0,0,592
09/29/2013,BWI,MD,AEA,EN,Towers with Radar,551,94,44,0,689,0,3,13,0,16,551,97,57,0,705,0,0,0,705
09/30/2013,BWI,MD,AEA,EN,Towers with Radar,575,107,45,3,730,0,2,11,1,14,575,109,56,4,744,0,0,0,744
10/01/2013,BWI,MD,AEA,EN,Towers with Radar,560,105,38,0,703,1,1,10,0,12,561,106,48,0,715,0,0,0,715
10/02/2013,BWI,MD,AEA,EN,Towers with Radar,565,106,56,0,727,0,2,12,0,14,565,108,68,0,741,0,0,0,741
10/03/2013,BWI,MD,AEA,EN,Towers with Radar,589,115,34,1,739,0,1,4,1,6,589,116,38,2,745,0,0,0,745
10/04/2013,BWI,MD,AEA,EN,Towers with Radar,590,105,45,3,743,0,3,12,1,16,590,108,57,4,759,0,0,0,759
10/05/2013,BWI,MD,AEA,EN,Towers with Radar,500,72,21,0,593,0,2,9,0,11,500,74,30,0,604,0,0,0,604
10/06/2013,BWI,MD,AEA,EN,Towers with Radar,556,98,26,0,680,0,5,11,1,17,556,103,37,1,697,0,0,0,697
10/07/2013,BWI,MD,AEA,EN,Towers with Radar,581,100,22,1,704,0,1,0,0,1,581,101,22,1,705,0,0,0,705
10/08/2013,BWI,MD,AEA,EN,Towers with Radar,586,107,46,2,741,0,2,5,2,9,586,109,51,4,750,0,0,0,750
10/09/2013,BWI,MD,AEA,EN,Towers with Radar,575,98,46,2,721,0,2,3,6,11,575,100,49,8,732,0,0,0,732
10/10/2013,BWI,MD,AEA,EN,Towers with Radar,587,96,39,2,724,0,0,0,0,0,587,96,39,2,724,0,0,0,724
10/11/2013,BWI,MD,AEA,EN,Towers with Radar,587,111,43,0,741,0,0,0,0,0,587,111,43,0,741,0,0,0,741
10/12/2013,BWI,MD,AEA,EN,Towers with Radar,505,70,17,0,592,0,2,1,0,3,505,72,18,0,595,0,0,0,595
10/13/2013,BWI,MD,AEA,EN,Towers with Radar,541,82,26,0,649,0,1,8,0,9,541,83,34,0,658,0,0,0,658
10/14/2013,BWI,MD,AEA,EN,Towers with Radar,585,97,38,5,725,0,2,9,2,13,585,99,47,7,738,0,0,0,738
10/15/2013,BWI,MD,AEA,EN,Towers with Radar,572,93,39,1,705,0,4,7,2,13,572,97,46,3,718,0,0,0,718
10/16/2013,BWI,MD,AEA,EN,Towers with Radar,578,108,39,4,729,0,0,6,2,8,578,108,45,6,737,0,0,0,737
10/17/2013,BWI,MD,AEA,EN,Towers with Radar,589,106,48,0,743,0,5,14,3,22,589,111,62,3,765,0,0,0,765
10/18/2013,BWI,MD,AEA,EN,Towers with Radar,604,113,43,3,763,0,1,11,4,16,604,114,54,7,779,0,0,0,779
10/19/2013,BWI,MD,AEA,EN,Towers with Radar,502,78,35,2,617,0,0,15,0,15,502,78,50,2,632,20,0,20,652
10/20/2013,BWI,MD,AEA,EN,Towers with Radar,546,94,35,0,675,0,3,11,0,14,546,97,46,0,689,12,0,12,701
10/21/2013,BWI,MD,AEA,EN,Towers with Radar,581,96,38,2,717,0,1,8,4,13,581,97,46,6,730,12,0,12,742
10/22/2013,BWI,MD,AEA,EN,Towers with Radar,571,85,42,2,700,0,0,15,3,18,571,85,57,5,718,14,0,14,732
10/23/2013,BWI,MD,AEA,EN,Towers with Radar,568,111,36,3,718,0,0,8,2,10,568,111,44,5,728,15,0,15,743
10/24/2013,BWI,MD,AEA,EN,Towers with Radar,591,100,52,4,747,0,0,4,5,9,591,100,56,9,756,0,0,0,756
10/25/2013,BWI,MD,AEA,EN,Towers with Radar,586,104,36,1,727,0,0,12,2,14,586,104,48,3,741,0,0,0,741
10/26/2013,BWI,MD,AEA,EN,Towers with Radar,501,59,31,0,591,0,3,13,0,16,501,62,44,0,607,18,0,18,625
10/27/2013,BWI,MD,AEA,EN,Towers with Radar,536,95,45,0,676,0,1,9,0,10,536,96,54,0,686,19,0,19,705
10/28/2013,BWI,MD,AEA,EN,Towers with Radar,572,88,21,2,683,0,0,15,3,18,572,88,36,5,701,20,0,20,721
10/29/2013,BWI,MD,AEA,EN,Towers with Radar,576,99,44,2,721,1,2,7,7,17,577,101,51,9,738,21,0,21,759
10/30/2013,BWI,MD,AEA,EN,Towers with Radar,570,105,42,13,730,0,3,8,2,13,570,108,50,15,743,13,0,13,756
10/31/2013,BWI,MD,AEA,EN,Towers with Radar,558,90,29,6,683,0,1,4,5,10,558,91,33,11,693,0,0,0,693
11/01/2013,BWI,MD,AEA,EN,Towers with Radar,593,109,30,3,735,0,1,4,1,6,593,110,34,4,741,0,0,0,741
11/02/2013,BWI,MD,AEA,EN,Towers with Radar,490,62,26,4,582,0,1,13,0,14,490,63,39,4,596,14,0,14,610
11/03/2013,BWI,MD,AEA,EN,Towers with Radar,519,78,42,1,640,0,2,7,0,9,519,80,49,1,649,14,0,14,663
11/04/2013,BWI,MD,AEA,EN,Towers with Radar,556,93,39,2,690,0,3,15,3,21,556,96,54,5,711,15,0,15,726
11/05/2013,BWI,MD,AEA,EN,Towers with Radar,552,103,43,2,700,0,0,6,0,6,552,103,49,2,706,16,0,16,722
11/06/2013,BWI,MD,AEA,EN,Towers with Radar,551,101,42,2,696,0,2,13,3,18,551,103,55,5,714,17,0,17,731
11/07/2013,BWI,MD,AEA,EN,Towers with Radar,561,104,43,0,708,0,1,1,2,4,561,105,44,2,712,0,0,0,712
11/08/2013,BWI,MD,AEA,EN,Towers with Radar,558,106,41,1,706,0,2,12,0,14,558,108,53,1,720,0,0,0,720
11/09/2013,BWI,MD,AEA,EN,Towers with Radar,449,65,28,1,543,0,1,12,0,13,449,66,40,1,556,12,0,12,568
11/10/2013,BWI,MD,AEA,EN,Towers with Radar,510,87,26,1,624,0,1,5,1,7,510,88,31,2,631,12,0,12,643
11/11/2013,BWI,MD,AEA,EN,Towers with Radar,548,93,36,3,680,0,3,16,0,19,548,96,52,3,699,13,0,13,712
11/12/2013,BWI,MD,AEA,EN,Towers with Radar,554,118,26,1,699,0,0,3,1,4,554,118,29,2,703,14,0,14,717
11/13/2013,BWI,MD,AEA,EN,Towers with Radar,546,108,37,7,698,0,1,18,6,25,546,109,55,13,723,15,0,15,738
11/14/2013,BWI,MD,AEA,EN,Towers with Radar,559,112,42,11,724,0,1,23,9,33,559,113,65,20,757,0,0,0,757
11/15/2013,BWI,MD,AEA,EN,Towers with Radar,564,94,51,4,713,0,0,31,3,34,564,94,82,7,747,0,0,0,747
11/16/2013,BWI,MD,AEA,EN,Towers with Radar,454,56,17,2,529,0,0,3,0,3,454,56,20,2,532,18,0,18,550
11/17/2013,BWI,MD,AEA,EN,Towers with Radar,501,75,28,3,607,0,0,4,2,6,501,75,32,5,613,19,0,19,632
11/18/2013,BWI,MD,AEA,EN,Towers with Radar,560,107,33,1,701,0,5,10,1,16,560,112,43,2,717,12,0,12,729
11/19/2013,BWI,MD,AEA,EN,Towers with Radar,557,94,45,6,702,0,1,6,2,9,557,95,51,8,711,21,0,21,732
11/20/2013,BWI,MD,AEA,EN,Towers with Radar,549,101,54,1,705,0,1,6,2,9,549,102,60,3,714,14,0,14,728
11/21/2013,BWI,MD,AEA,EN,Towers with Radar,564,103,38,2,707,0,7,12,5,24,564,110,50,7,731,30,0,30,761
11/22/2013,BWI,MD,AEA,EN,Towers with Radar,605,103,32,3,743,0,0,14,5,19,605,103,46,8,762,0,0,0,762
11/23/2013,BWI,MD,AEA,EN,Towers with Radar,466,69,15,0,550,0,1,18,1,20,466,70,33,1,570,24,0,24,594
11/24/2013,BWI,MD,AEA,EN,Towers with Radar,487,75,29,0,591,0,0,4,0,4,487,75,33,0,595,17,0,17,612
11/25/2013,BWI,MD,AEA,EN,Towers with Radar,538,91,62,5,696,0,0,10,2,12,538,91,72,7,708,18,0,18,726
11/26/2013,BWI,MD,AEA,EN,Towers with Radar,590,110,33,2,735,0,1,4,0,5,590,111,37,2,740,19,0,19,759
11/27/2013,BWI,MD,AEA,EN,Towers with Radar,618,108,18,2,746,0,0,0,0,0,618,108,18,2,746,20,0,20,766
11/28/2013,BWI,MD,AEA,EN,Towers with Radar,362,49,12,0,423,0,1,1,0,2,362,50,13,0,425,0,0,0,425
11/29/2013,BWI,MD,AEA,EN,Towers with Radar,458,58,16,0,532,0,2,9,0,11,458,60,25,0,543,2,0,2,545
11/30/2013,BWI,MD,AEA,EN,Towers with Radar,569,80,31,1,681,0,1,13,0,14,569,81,44,1,695,14,0,14,709
12/01/2013,BWI,MD,AEA,EN,Towers with Radar,612,95,42,0,749,0,1,7,0,8,612,96,49,0,757,13,0,13,770
12/02/2013,BWI,MD,AEA,EN,Towers with Radar,620,91,32,1,744,0,1,3,1,5,620,92,35,2,749,14,0,14,763
12/03/2013,BWI,MD,AEA,EN,Towers with Radar,559,95,42,4,700,0,1,13,4,18,559,96,55,8,718,15,0,15,733
12/04/2013,BWI,MD,AEA,EN,Towers with Radar,557,100,60,3,720,0,3,3,0,6,557,103,63,3,726,16,0,16,742
12/05/2013,BWI,MD,AEA,EN,Towers with Radar,560,94,42,2,698,0,0,3,1,4,560,94,45,3,702,0,0,0,702
12/06/2013,BWI,MD,AEA,EN,Towers with Radar,536,98,36,4,674,0,0,0,0,0,536,98,36,4,674,0,0,0,674
12/07/2013,BWI,MD,AEA,EN,Towers with Radar,440,70,29,0,539,0,0,8,0,8,440,70,37,0,547,19,0,19,566
12/08/2013,BWI,MD,AEA,EN,Towers with Radar,431,45,22,0,498,0,0,1,0,1,431,45,23,0,499,0,0,0,499
12/09/2013,BWI,MD,AEA,EN,Towers with Radar,540,89,33,3,665,0,0,0,0,0,540,89,33,3,665,21,0,21,686
12/10/2013,BWI,MD,AEA,EN,Towers with Radar,507,78,28,0,613,0,0,3,0,3,507,78,31,0,616,13,0,13,629
12/11/2013,BWI,MD,AEA,EN,Towers with Radar,547,110,48,4,709,0,2,11,4,17,547,112,59,8,726,0,0,0,726
12/12/2013,BWI,MD,AEA,EN,Towers with Radar,558,99,42,3,702,0,0,9,2,11,558,99,51,5,713,0,0,0,713
12/13/2013,BWI,MD,AEA,EN,Towers with Radar,560,99,41,6,706,0,1,9,2,12,560,100,50,8,718,12,0,12,730
12/14/2013,BWI,MD,AEA,EN,Towers with Radar,423,51,12,0,486,0,0,1,0,1,423,51,13,0,487,17,0,17,504
12/15/2013,BWI,MD,AEA,EN,Towers with Radar,490,75,16,0,581,0,0,3,0,3,490,75,19,0,584,18,0,18,602
12/16/2013,BWI,MD,AEA,EN,Towers with Radar,543,83,47,1,674,0,3,16,1,20,543,86,63,2,694,19,0,19,713
12/17/2013,BWI,MD,AEA,EN,Towers with Radar,537,94,45,0,676,0,0,2,0,2,537,94,47,0,678,20,0,20,698
12/18/2013,BWI,MD,AEA,EN,Towers with Radar,552,105,41,3,701,0,0,12,2,14,552,105,53,5,715,0,0,0,715
12/19/2013,BWI,MD,AEA,EN,Towers with Radar,551,99,36,2,688,0,0,12,1,13,551,99,48,3,701,0,0,0,701
12/20/2013,BWI,MD,AEA,EN,Towers with Radar,599,81,32,2,714,0,1,18,2,21,599,82,50,4,735,0,0,0,735
12/21/2013,BWI,MD,AEA,EN,Towers with Radar,560,69,25,0,654,0,0,10,0,10,560,69,35,0,664,15,0,15,679
12/22/2013,BWI,MD,AEA,EN,Towers with Radar,501,69,30,0,600,0,0,2,0,2,501,69,32,0,602,16,0,16,618
12/23/2013,BWI,MD,AEA,EN,Towers with Radar,533,68,26,0,627,0,0,1,1,2,533,68,27,1,629,0,0,0,629
12/24/2013,BWI,MD,AEA,EN,Towers with Radar,455,61,12,0,528,0,1,4,0,5,455,62,16,0,533,18,0,18,551
12/25/2013,BWI,MD,AEA,EN,Towers with Radar,419,52,13,0,484,0,0,5,0,5,419,52,18,0,489,19,0,19,508
12/26/2013,BWI,MD,AEA,EN,Towers with Radar,588,76,24,0,688,0,1,8,0,9,588,77,32,0,697,4,0,4,701
12/27/2013,BWI,MD,AEA,EN,Towers with Radar,601,84,28,0,713,0,0,7,0,7,601,84,35,0,720,0,0,0,720
12/28/2013,BWI,MD,AEA,EN,Towers with Radar,555,70,12,0,637,0,0,12,0,12,555,70,24,0,649,22,0,22,671
12/29/2013,BWI,MD,AEA,EN,Towers with Radar,496,57,19,0,572,0,0,1,0,1,496,57,20,0,573,23,0,23,596
12/30/2013,BWI,MD,AEA,EN,Towers with Radar,526,65,15,0,606,0,0,11,0,11,526,65,26,0,617,15,0,15,632
12/31/2013,BWI,MD,AEA,EN,Towers with Radar,449,57,19,0,525,0,0,10,0,10,449,57,29,0,535,16,0,16,551
01/01/2014,BWI,MD,AEA,EN,Towers with Radar,429,44,13,0,486,0,0,8,0,8,429,44,21,0,494,2,0,2,496
01/02/2014,BWI,MD,AEA,EN,Towers with Radar,478,65,14,0,557,0,1,1,0,2,478,66,15,0,559,0,0,0,559
01/03/2014,BWI,MD,AEA,EN,Towers with Radar,491,81,14,0,586,0,0,4,0,4,491,81,18,0,590,0,0,0,590
01/04/2014,BWI,MD,AEA,EN,Towers with Radar,457,78,24,0,559,0,0,5,0,5,457,78,29,0,564,5,0,5,569
01/05/2014,BWI,MD,AEA,EN,Towers with Radar,442,52,19,0,513,0,0,1,0,1,442,52,20,0,514,6,0,6,520
01/06/2014,BWI,MD,AEA,EN,Towers with Radar,483,67,30,3,583,0,0,2,0,2,483,67,32,3,585,7,0,7,592
01/07/2014,BWI,MD,AEA,EN,Towers with Radar,478,75,21,1,575,0,0,4,1,5,478,75,25,2,580,8,0,8,588
01/08/2014,BWI,MD,AEA,EN,Towers with Radar,509,92,55,4,660,0,2,6,1,9,509,94,61,5,669,9,0,9,678
01/09/2014,BWI,MD,AEA,EN,Towers with Radar,520,82,34,1,637,0,1,14,0,15,520,83,48,1,652,0,0,0,652
01/10/2014,BWI,MD,AEA,EN,Towers with Radar,513,88,26,2,629,0,0,0,0,0,513,88,26,2,629,0,0,0,629
01/11/2014,BWI,MD,AEA,EN,Towers with Radar,412,37,10,1,460,0,0,0,0,0,412,37,10,1,460,3,0,3,463
01/12/2014,BWI,MD,AEA,EN,Towers with Radar,440,79,34,1,554,0,0,8,0,8,440,79,42,1,562,4,0,4,566
01/13/2014,BWI,MD,AEA,EN,Towers with Radar,509,89,33,5,636,0,0,10,1,11,509,89,43,6,647,5,0,5,652
01/14/2014,BWI,MD,AEA,EN,Towers with Radar,508,82,33,2,625,0,0,3,0,3,508,82,36,2,628,6,0,6,634
01/15/2014,BWI,MD,AEA,EN,Towers with Radar,517,88,24,0,629,0,0,2,0,2,517,88,26,0,631,7,0,7,638
01/16/2014,BWI,MD,AEA,EN,Towers with Radar,518,90,44,3,655,0,0,16,6,22,518,90,60,9,677,0,0,0,677
01/17/2014,BWI,MD,AEA,EN,Towers with Radar,511,89,38,2,640,0,4,14,1,19,511,93,52,3,659,0,0,0,659
01/18/2014,BWI,MD,AEA,EN,Towers with Radar,411,49,17,0,477,0,0,2,0,2,411,49,19,0,479,10,0,10,489
01/19/2014,BWI,MD,AEA,EN,Towers with Radar,433,59,13,0,505,0,0,7,0,7,433,59,20,0,512,11,0,11,523
01/20/2014,BWI,MD,AEA,EN,Towers with Radar,510,87,40,5,642,0,0,14,2,16,510,87,54,7,658,3,0,3,661
01/21/2014,BWI,MD,AEA,EN,Towers with Radar,288,55,17,1,361,0,0,0,0,0,288,55,17,1,361,4,0,4,365
01/22/2014,BWI,MD,AEA,EN,Towers with Radar,489,77,38,1,605,0,1,6,0,7,489,78,44,1,612,5,0,5,617
01/23/2014,BWI,MD,AEA,EN,Towers with Radar,518,104,30,2,654,0,1,5,0,6,518,105,35,2,660,0,0,0,660
01/24/2014,BWI,MD,AEA,EN,Towers with Radar,513,87,20,3,623,0,0,12,2,14,513,87,32,5,637,0,0,0,637
01/25/2014,BWI,MD,AEA,EN,Towers with Radar,409,58,2,0,469,0,0,1,0,1,409,58,3,0,470,8,0,8,478
01/26/2014,BWI,MD,AEA,EN,Towers with Radar,434,74,20,1,529,0,0,5,1,6,434,74,25,2,535,9,0,9,544
01/27/2014,BWI,MD,AEA,EN,Towers with Radar,500,82,27,2,611,0,0,3,0,3,500,82,30,2,614,10,0,10,624
01/28/2014,BWI,MD,AEA,EN,Towers with Radar,461,88,36,1,586,0,0,5,0,5,461,88,41,1,591,11,0,11,602
01/29/2014,BWI,MD,AEA,EN,Towers with Radar,463,99,26,0,588,0,0,5,0,5,463,99,31,0,593,12,0,12,605
01/30/2014,BWI,MD,AEA,EN,Towers with Radar,492,88,20,1,601,0,0,7,0,7,492,88,27,1,608,0,0,0,608
01/31/2014,BWI,MD,AEA,EN,Towers with Radar,507,85,34,1,627,0,0,15,1,16,507,85,49,2,643,0,0,0,643
02/01/2014,BWI,MD,AEA,EN,Towers with Radar,401,46,20,0,467,0,0,5,0,5,401,46,25,0,472,3,0,3,475
02/02/2014,BWI,MD,AEA,EN,Towers with Radar,397,62,8,0,467,0,0,0,0,0,397,62,8,0,467,4,0,4,471
02/03/2014,BWI,MD,AEA,EN,Towers with Radar,501,65,29,0,595,0,0,0,0,0,501,65,29,0,595,5,0,5,600
02/04/2014,BWI,MD,AEA,EN,Towers with Radar,480,88,36,6,610,0,1,3,3,7,480,89,39,9,617,6,0,6,623
02/05/2014,BWI,MD,AEA,EN,Towers with Radar,445,49,32,4,530,0,0,0,0,0,445,49,32,4,530,7,0,7,537
02/06/2014,BWI,MD,AEA,EN,Towers with Radar,517,93,39,7,656,0,0,4,5,9,517,93,43,12,665,0,0,0,665
02/07/2014,BWI,MD,AEA,EN,Towers with Radar,523,87,47,4,661,0,0,8,3,11,523,87,55,7,672,0,0,0,672
02/08/2014,BWI,MD,AEA,EN,Towers with Radar,416,50,13,0,479,0,0,7,0,7,416,50,20,0,486,10,0,10,496
02/09/2014,BWI,MD,AEA,EN,Towers with Radar,447,74,28,0,549,0,0,2,1,3,447,74,30,1,552,11,0,11,563
02/10/2014,BWI,MD,AEA,EN,Towers with Radar,507,80,25,4,616,0,0,22,2,24,507,80,47,6,640,3,0,3,643
02/11/2014,BWI,MD,AEA,EN,Towers with Radar,490,100,26,5,621,0,0,5,5,10,490,100,31,10,631,4,0,4,635
02/12/2014,BWI,MD,AEA,EN,Towers with Radar,433,101,54,1,589,0,0,5,2,7,433,101,59,3,596,5,0,5,601
02/13/2014,BWI,MD,AEA,EN,Towers with Radar,54,25,12,0,91,0,0,0,0,0,54,25,12,0,91,0,0,0,91
02/14/2014,BWI,MD,AEA,EN,Towers with Radar,498,92,44,1,635,0,1,2,3,6,498,93,46,4,641,0,0,0,641
02/15/2014,BWI,MD,AEA,EN,Towers with Radar,444,59,11,0,514,0,0,2,0,2,444,59,13,0,516,8,0,8,524
02/16/2014,BWI,MD,AEA,EN,Towers with Radar,473,63,23,3,562,0,2,0,0,2,473,65,23,3,564,9,0,9,573
02/17/2014,BWI,MD,AEA,EN,Towers with Radar,515,82,30,1,628,0,2,10,1,13,515,84,40,2,641,10,0,10,651
02/18/2014,BWI,MD,AEA,EN,Towers with Radar,520,96,28,3,647,0,1,1,3,5,520,97,29,6,652,11,0,11,663
02/19/2014,BWI,MD,AEA,EN,Towers with Radar,527,113,27,4,671,0,2,5,5,12,527,115,32,9,683,12,0,12,695
02/20/2014,BWI,MD,AEA,EN,Towers with Radar,524,96,28,5,653,0,0,11,2,13,524,96,39,7,666,12,0,12,678
02/21/2014,BWI,MD,AEA,EN,Towers with Radar,562,70,37,0,669,0,1,2,0,3,562,71,39,0,672,0,0,0,672
02/22/2014,BWI,MD,AEA,EN,Towers with Radar,469,72,27,1,569,0,1,11,1,13,469,73,38,2,582,6,0,6,588
02/23/2014,BWI,MD,AEA,EN,Towers with Radar,485,63,18,1,567,0,1,7,2,10,485,64,25,3,577,19,0,19,596
02/24/2014,BWI,MD,AEA,EN,Towers with Radar,522,96,37,1,656,1,0,2,4,7,523,96,39,5,663,8,0,8,671
02/25/2014,BWI,MD,AEA,EN,Towers with Radar,524,82,39,0,645,0,2,3,3,8,524,84,42,3,653,9,0,9,662
02/26/2014,BWI,MD,AEA,EN,Towers with Radar,515,104,31,2,652,0,0,2,0,2,515,104,33,2,654,10,0,10,664
02/27/2014,BWI,MD,AEA,EN,Towers with Radar,530,98,30,5,663,0,1,6,2,9,530,99,36,7,672,0,0,0,672
02/28/2014,BWI,MD,AEA,EN,Towers with Radar,527,83,30,3,643,0,3,7,4,14,527,86,37,7,657,0,0,0,657
03/01/2014,BWI,MD,AEA,EN,Towers with Radar,457,66,25,0,548,0,0,11,1,12,457,66,36,1,560,4,0,4,564
03/02/2014,BWI,MD,AEA,EN,Towers with Radar,443,58,24,5,530,0,0,4,0,4,443,58,28,5,534,5,0,5,539
03/03/2014,BWI,MD,AEA,EN,Towers with Radar,283,34,19,2,338,0,1,1,0,2,283,35,20,2,340,6,0,6,346
03/04/2014,BWI,MD,AEA,EN,Towers with Radar,530,80,37,3,650,0,2,2,3,7,530,82,39,6,657,0,0,0,657
03/05/2014,BWI,MD,AEA,EN,Towers with Radar,530,80,37,9,656,0,1,4,5,10,530,81,41,14,666,8,0,8,674
03/06/2014,BWI,MD,AEA,EN,Towers with Radar,544,77,33,9,663,0,5,16,3,24,544,82,49,12,687,0,0,0,687
03/07/2014,BWI,MD,AEA,EN,Towers with Radar,547,71,30,3,651,0,2,4,1,7,547,73,34,4,658,0,0,0,658
03/08/2014,BWI,MD,AEA,EN,Towers with Radar,494,58,20,0,572,0,0,18,0,18,494,58,38,0,590,11,0,11,601
03/09/2014,BWI,MD,AEA,EN,Towers with Radar,537,62,35,0,634,0,0,12,0,12,537,62,47,0,646,12,0,12,658
03/10/2014,BWI,MD,AEA,EN,Towers with Radar,571,82,36,10,699,1,2,10,4,17,572,84,46,14,716,13,0,13,729
03/11/2014,BWI,MD,AEA,EN,Towers with Radar,578,82,31,3,694,0,0,8,3,11,578,82,39,6,705,5,0,5,710
03/12/2014,BWI,MD,AEA,EN,Towers with Radar,561,85,35,3,684,0,3,2,7,12,561,88,37,10,696,0,0,0,696
03/13/2014,BWI,MD,AEA,EN,Towers with Radar,587,84,28,3,702,0,0,4,4,8,587,84,32,7,710,0,0,0,710
03/14/2014,BWI,MD,AEA,EN,Towers with Radar,594,83,30,3,710,0,3,9,2,14,594,86,39,5,724,0,0,0,724
03/15/2014,BWI,MD,AEA,EN,Towers with Radar,505,61,16,1,583,0,2,6,2,10,505,63,22,3,593,9,0,9,602
03/16/2014,BWI,MD,AEA,EN,Towers with Radar,526,56,28,4,614,0,2,8,2,12,526,58,36,6,626,10,0,10,636
03/17/2014,BWI,MD,AEA,EN,Towers with Radar,525,72,21,0,618,0,0,3,0,3,525,72,24,0,621,0,0,0,621
03/18/2014,BWI,MD,AEA,EN,Towers with Radar,588,87,35,10,720,0,1,5,1,7,588,88,40,11,727,12,0,12,739
03/19/2014,BWI,MD,AEA,EN,Towers with Radar,584,88,24,4,700,0,0,0,0,0,584,88,24,4,700,13,0,13,713
03/20/2014,BWI,MD,AEA,EN,Towers with Radar,587,85,47,1,720,0,1,5,0,6,587,86,52,1,726,0,0,0,726
03/21/2014,BWI,MD,AEA,EN,Towers with Radar,596,102,35,6,739,0,3,14,1,18,596,105,49,7,757,0,0,0,757
03/22/2014,BWI,MD,AEA,EN,Towers with Radar,496,50,21,0,567,0,1,10,1,12,496,51,31,1,579,7,0,7,586
03/23/2014,BWI,MD,AEA,EN,Towers with Radar,537,59,22,4,622,0,1,12,0,13,537,60,34,4,635,8,0,8,643
03/24/2014,BWI,MD,AEA,EN,Towers with Radar,581,89,28,8,706,0,1,9,3,13,581,90,37,11,719,19,0,19,738
03/25/2014,BWI,MD,AEA,EN,Towers with Radar,578,73,23,2,676,0,0,0,0,0,578,73,23,2,676,10,0,10,686
03/26/2014,BWI,MD,AEA,EN,Towers with Radar,587,72,28,4,691,0,1,0,2,3,587,73,28,6,694,11,0,11,705
03/27/2014,BWI,MD,AEA,EN,Towers with Radar,583,83,46,3,715,0,1,11,4,16,583,84,57,7,731,0,0,0,731
03/28/2014,BWI,MD,AEA,EN,Towers with Radar,584,97,38,1,720,0,2,0,1,3,584,99,38,2,723,0,0,0,723
03/29/2014,BWI,MD,AEA,EN,Towers with Radar,485,49,4,0,538,0,0,0,0,0,485,49,4,0,538,14,0,14,552
03/30/2014,BWI,MD,AEA,EN,Towers with Radar,545,58,14,0,617,0,0,0,0,0,545,58,14,0,617,6,0,6,623
03/31/2014,BWI,MD,AEA,EN,Towers with Radar,578,76,48,4,706,0,2,7,1,10,578,78,55,5,716,7,0,7,723
04/01/2014,BWI,MD,AEA,EN,Towers with Radar,579,96,36,3,714,0,2,20,0,22,579,98,56,3,736,5,0,5,741
04/02/2014,BWI,MD,AEA,EN,Towers with Radar,577,89,48,6,720,0,3,20,2,25,577,92,68,8,745,6,0,6,751
04/03/2014,BWI,MD,AEA,EN,Towers with Radar,577,82,45,1,705,0,2,9,5,16,577,84,54,6,721,0,0,0,721
04/04/2014,BWI,MD,AEA,EN,Towers with Radar,587,82,40,4,713,0,1,1,0,2,587,83,41,4,715,0,0,0,715
04/05/2014,BWI,MD,AEA,EN,Towers with Radar,505,60,23,1,589,0,2,12,1,15,505,62,35,2,604,9,0,9,613
04/06/2014,BWI,MD,AEA,EN,Towers with Radar,538,77,46,1,662,0,1,16,2,19,538,78,62,3,681,0,0,0,681
04/07/2014,BWI,MD,AEA,EN,Towers with Radar,568,84,37,3,692,0,2,1,0,3,568,86,38,3,695,11,0,11,706
04/08/2014,BWI,MD,AEA,EN,Towers with Radar,602,108,42,0,752,0,0,7,0,7,602,108,49,0,759,12,0,12,771
04/09/2014,BWI,MD,AEA,EN,Towers with Radar,588,103,59,4,754,0,2,11,3,16,588,105,70,7,770,13,0,13,783
04/10/2014,BWI,MD,AEA,EN,Towers with Radar,600,118,50,3,771,0,1,13,4,18,600,119,63,7,789,0,0,0,789
04/11/2014,BWI,MD,AEA,EN,Towers with Radar,608,101,52,0,761,1,3,3,0,7,609,104,55,0,768,0,0,0,768
04/12/2014,BWI,MD,AEA,EN,Towers with Radar,498,66,25,2,591,0,1,16,2,19,498,67,41,4,610,7,0,7,617
04/13/2014,BWI,MD,AEA,EN,Towers with Radar,535,74,33,0,642,0,2,7,2,11,535,76,40,2,653,8,0,8,661
04/14/2014,BWI,MD,AEA,EN,Towers with Radar,592,82,28,2,704,0,3,7,2,12,592,85,35,4,716,9,0,9,725
04/15/2014,BWI,MD,AEA,EN,Towers with Radar,605,97,31,0,733,0,1,2,1,4,605,98,33,1,737,10,0,10,747
04/16/2014,BWI,MD,AEA,EN,Towers with Radar,604,114,33,3,754,0,1,9,1,11,604,115,42,4,765,11,0,11,776
04/17/2014,BWI,MD,AEA,EN,Towers with Radar,598,95,26,4,723,0,0,5,3,8,598,95,31,7,731,0,0,0,731
04/18/2014,BWI,MD,AEA,EN,Towers with Radar,595,85,20,0,700,0,1,11,0,12,595,86,31,0,712,0,0,0,712
04/19/2014,BWI,MD,AEA,EN,Towers with Radar,486,52,14,0,552,0,0,19,0,19,486,52,33,0,571,14,0,14,585
04/20/2014,BWI,MD,AEA,EN,Towers with Radar,528,65,21,1,615,0,3,9,0,12,528,68,30,1,627,6,0,6,633
04/21/2014,BWI,MD,AEA,EN,Towers with Radar,581,85,44,3,713,0,1,11,2,14,581,86,55,5,727,7,0,7,734
04/22/2014,BWI,MD,AEA,EN,Towers with Radar,596,96,38,3,733,0,1,7,2,10,596,97,45,5,743,8,0,8,751
04/23/2014,BWI,MD,AEA,EN,Towers with Radar,593,102,32,4,731,0,1,9,2,12,593,103,41,6,743,9,0,9,752
04/24/2014,BWI,MD,AEA,EN,Towers with Radar,592,98,54,1,745,0,1,7,3,11,592,99,61,4,756,0,0,0,756
04/25/2014,BWI,MD,AEA,EN,Towers with Radar,602,94,31,6,733,0,2,1,0,3,602,96,32,6,736,0,0,0,736
04/26/2014,BWI,MD,AEA,EN,Towers with Radar,496,69,16,3,584,0,0,6,0,6,496,69,22,3,590,12,0,12,602
04/27/2014,BWI,MD,AEA,EN,Towers with Radar,540,69,39,4,652,0,1,23,0,24,540,70,62,4,676,13,0,13,689
04/28/2014,BWI,MD,AEA,EN,Towers with Radar,596,82,45,1,724,0,1,10,0,11,596,83,55,1,735,14,0,14,749
04/29/2014,BWI,MD,AEA,EN,Towers with Radar,597,90,34,3,724,0,0,0,0,0,597,90,34,3,724,15,0,15,739
04/30/2014,BWI,MD,AEA,EN,Towers with Radar,582,94,34,0,710,0,0,0,0,0,582,94,34,0,710,7,0,7,717
05/01/2014,BWI,MD,AEA,EN,Towers with Radar,617,102,44,3,766,0,0,11,2,13,617,102,55,5,779,0,0,0,779
05/02/2014,BWI,MD,AEA,EN,Towers with Radar,612,96,49,3,760,0,1,10,2,13,612,97,59,5,773,0,0,0,773
05/03/2014,BWI,MD,AEA,EN,Towers with Radar,484,63,27,4,578,0,2,17,0,19,484,65,44,4,597,8,0,8,605
05/04/2014,BWI,MD,AEA,EN,Towers with Radar,552,69,22,1,644,0,1,6,1,8,552,70,28,2,652,9,0,9,661
05/05/2014,BWI,MD,AEA,EN,Towers with Radar,592,83,42,9,726,0,1,6,6,13,592,84,48,15,739,10,0,10,749
05/06/2014,BWI,MD,AEA,EN,Towers with Radar,609,85,37,5,736,0,1,12,3,16,609,86,49,8,752,11,0,11,763
05/07/2014,BWI,MD,AEA,EN,Towers with Radar,604,88,39,5,736,0,0,9,4,13,604,88,48,9,749,12,0,12,761
05/08/2014,BWI,MD,AEA,EN,Towers with Radar,589,84,43,8,724,0,4,17,2,23,589,88,60,10,747,0,0,0,747
05/09/2014,BWI,MD,AEA,EN,Towers with Radar,608,87,40,2,737,0,1,2,1,4,608,88,42,3,741,0,0,0,741
05/10/2014,BWI,MD,AEA,EN,Towers with Radar,481,68,17,1,567,0,4,17,0,21,481,72,34,1,588,6,0,6,594
05/11/2014,BWI,MD,AEA,EN,Towers with Radar,532,68,26,0,626,0,2,15,0,17,532,70,41,0,643,7,0,7,650
05/12/2014,BWI,MD,AEA,EN,Towers with Radar,588,81,55,3,727,0,1,10,5,16,588,82,65,8,743,8,0,8,751
05/13/2014,BWI,MD,AEA,EN,Towers with Radar,579,83,45,4,711,0,0,19,4,23,579,83,64,8,734,9,0,9,743
05/14/2014,BWI,MD,AEA,EN,Towers with Radar,615,84,63,6,768,0,0,0,1,1,615,84,63,7,769,10,0,10,779
05/15/2014,BWI,MD,AEA,EN,Towers with Radar,588,99,43,3,733,0,1,20,3,24,588,100,63,6,757,0,0,0,757
05/16/2014,BWI,MD,AEA,EN,Towers with Radar,612,90,51,0,753,0,0,3,2,5,612,90,54,2,758,0,0,0,758
05/17/2014,BWI,MD,AEA,EN,Towers with Radar,481,73,44,0,598,0,1,16,0,17,481,74,60,0,615,13,0,13,628
05/18/2014,BWI,MD,AEA,EN,Towers with Radar,536,87,44,0,667,0,1,8,0,9,536,88,52,0,676,14,0,14,690
05/19/2014,BWI,MD,AEA,EN,Towers with Radar,599,89,29,6,723,0,3,6,2,11,599,92,35,8,734,15,0,15,749
05/20/2014,BWI,MD,AEA,EN,Towers with Radar,606,95,37,4,742,0,4,12,3,19,606,99,49,7,761,7,0,7,768
05/21/2014,BWI,MD,AEA,EN,Towers with Radar,605,106,41,1,753,0,0,3,3,6,605,106,44,4,759,8,0,8,767
05/22/2014,BWI,MD,AEA,EN,Towers with Radar,616,110,43,5,774,0,1,6,2,9,616,111,49,7,783,0,0,0,783
05/23/2014,BWI,MD,AEA,EN,Towers with Radar,617,87,42,3,749,0,2,13,0,15,617,89,55,3,764,0,0,0,764
05/24/2014,BWI,MD,AEA,EN,Towers with Radar,456,65,22,2,545,0,1,12,0,13,456,66,34,2,558,11,0,11,569
05/25/2014,BWI,MD,AEA,EN,Towers with Radar,467,46,18,0,531,0,4,4,0,8,467,50,22,0,539,12,0,12,551
05/26/2014,BWI,MD,AEA,EN,Towers with Radar,542,83,40,1,666,0,3,13,0,16,542,86,53,1,682,13,0,13,695
05/27/2014,BWI,MD,AEA,EN,Towers with Radar,557,76,41,2,676,0,1,11,4,16,557,77,52,6,692,14,0,14,706
05/28/2014,BWI,MD,AEA,EN,Towers with Radar,583,88,39,3,713,0,1,10,2,13,583,89,49,5,726,0,0,0,726
05/29/2014,BWI,MD,AEA,EN,Towers with Radar,600,97,25,2,724,0,2,1,0,3,600,99,26,2,727,0,0,0,727
05/30/2014,BWI,MD,AEA,EN,Towers with Radar,605,99,57,6,767,0,3,8,3,14,605,102,65,9,781,0,0,0,781
05/31/2014,BWI,MD,AEA,EN,Towers with Radar,480,65,21,0,566,0,0,8,1,9,480,65,29,1,575,9,0,9,584
06/01/2014,BWI,MD,AEA,EN,Towers with Radar,538,68,44,0,650,0,1,13,0,14,538,69,57,0,664,7,0,7,671
06/02/2014,BWI,MD,AEA,EN,Towers with Radar,600,80,49,0,729,0,3,11,1,15,600,83,60,1,744,8,0,8,752
06/03/2014,BWI,MD,AEA,EN,Towers with Radar,602,90,21,1,714,0,2,8,1,11,602,92,29,2,725,0,0,0,725
06/04/2014,BWI,MD,AEA,EN,Towers with Radar,592,96,58,4,750,0,1,12,5,18,592,97,70,9,768,0,0,0,768
06/05/2014,BWI,MD,AEA,EN,Towers with Radar,597,100,36,1,734,0,3,13,2,18,597,103,49,3,752,0,0,0,752
06/06/2014,BWI,MD,AEA,EN,Towers with Radar,605,99,55,0,759,0,3,23,3,29,605,102,78,3,788,0,0,0,788
06/07/2014,BWI,MD,AEA,EN,Towers with Radar,483,58,38,0,579,0,3,24,1,28,483,61,62,1,607,13,0,13,620
06/08/2014,BWI,MD,AEA,EN,Towers with Radar,545,70,27,0,642,0,3,7,0,10,545,73,34,0,652,14,0,14,666
06/09/2014,BWI,MD,AEA,EN,Towers with Radar,598,83,42,1,724,0,2,8,0,10,598,85,50,1,734,15,0,15,749
06/10/2014,BWI,MD,AEA,EN,Towers with Radar,600,94,50,4,748,0,0,6,3,9,600,94,56,7,757,0,0,0,757
06/11/2014,BWI,MD,AEA,EN,Towers with Radar,523,80,49,0,652,0,0,15,0,15,523,80,64,0,667,0,0,0,667
06/12/2014,BWI,MD,AEA,EN,Towers with Radar,624,98,56,2,780,0,0,2,0,2,624,98,58,2,782,0,0,0,782
06/13/2014,BWI,MD,AEA,EN,Towers with Radar,596,73,40,3,712,0,2,7,0,9,596,75,47,3,721,0,0,0,721
06/14/2014,BWI,MD,AEA,EN,Towers with Radar,535,73,30,0,638,0,0,12,1,13,535,73,42,1,651,11,0,11,662
06/15/2014,BWI,MD,AEA,EN,Towers with Radar,560,76,27,2,665,0,0,12,1,13,560,76,39,3,678,12,0,12,690
06/16/2014,BWI,MD,AEA,EN,Towers with Radar,593,82,42,1,718,0,1,13,1,15,593,83,55,2,733,13,0,13,746
06/17/2014,BWI,MD,AEA,EN,Towers with Radar,609,93,34,2,738,0,0,8,0,8,609,93,42,2,746,0,0,0,746
06/18/2014,BWI,MD,AEA,EN,Towers with Radar,598,93,59,0,750,0,1,12,1,14,598,94,71,1,764,0,0,0,764
06/19/2014,BWI,MD,AEA,EN,Towers with Radar,589,95,46,0,730,0,0,4,0,4,589,95,50,0,734,0,0,0,734
06/20/2014,BWI,MD,AEA,EN,Towers with Radar,612,98,36,4,750,0,0,10,0,10,612,98,46,4,760,0,0,0,760
06/21/2014,BWI,MD,AEA,EN,Towers with Radar,528,72,27,2,629,0,0,3,0,3,528,72,30,2,632,9,0,9,641
06/22/2014,BWI,MD,AEA,EN,Towers with Radar,560,65,43,0,668,0,0,16,0,16,560,65,59,0,684,10,0,10,694
06/23/2014,BWI,MD,AEA,EN,Towers with Radar,587,84,30,1,702,0,2,10,2,14,587,86,40,3,716,11,0,11,727
06/24/2014,BWI,MD,AEA,EN,Towers with Radar,606,92,42,3,743,0,2,10,2,14,606,94,52,5,757,0,0,0,757
06/25/2014,BWI,MD,AEA,EN,Towers with Radar,549,75,48,3,675,0,1,13,1,15,549,76,61,4,690,0,0,0,690
06/26/2014,BWI,MD,AEA,EN,Towers with Radar,647,122,35,1,805,0,0,16,1,17,647,122,51,2,822,0,0,0,822
06/27/2014,BWI,MD,AEA,EN,Towers with Radar,599,92,43,1,735,0,1,18,0,19,599,93,61,1,754,0,0,0,754
06/28/2014,BWI,MD,AEA,EN,Towers with Radar,525,55,25,0,605,0,0,13,0,13,525,55,38,0,618,16,0,16,634
06/29/2014,BWI,MD,AEA,EN,Towers with Radar,552,66,37,0,655,0,1,10,0,11,552,67,47,0,666,17,0,17,683
06/30/2014,BWI,MD,AEA,EN,Towers with Radar,575,64,44,2,685,0,0,7,1,8,575,64,51,3,693,9,0,9,702
07/01/2014,BWI,MD,AEA,EN,Towers with Radar,596,72,37,6,711,0,0,13,4,17,596,72,50,10,728,8,0,8,736
07/02/2014,BWI,MD,AEA,EN,Towers with Radar,589,69,40,2,700,0,0,5,0,5,589,69,45,2,705,9,0,9,714
07/03/2014,BWI,MD,AEA,EN,Towers with Radar,554,66,24,0,644,0,0,4,0,4,554,66,28,0,648,0,0,0,648
07/04/2014,BWI,MD,AEA,EN,Towers with Radar,448,50,10,0,508,0,0,2,0,2,448,50,12,0,510,0,0,0,510
07/05/2014,BWI,MD,AEA,EN,Towers with Radar,527,51,16,0,594,0,0,13,0,13,527,51,29,0,607,12,0,12,619
07/06/2014,BWI,MD,AEA,EN,Towers with Radar,567,70,42,2,681,0,0,2,0,2,567,70,44,2,683,13,0,13,696
07/07/2014,BWI,MD,AEA,EN,Towers with Radar,601,85,36,1,723,0,0,6,1,7,601,85,42,2,730,14,0,14,744
07/08/2014,BWI,MD,AEA,EN,Towers with Radar,563,84,37,1,685,0,0,9,1,10,563,84,46,2,695,15,0,15,710
07/09/2014,BWI,MD,AEA,EN,Towers with Radar,631,82,28,7,748,0,1,9,0,10,631,83,37,7,758,0,0,0,758
07/10/2014,BWI,MD,AEA,EN,Towers with Radar,610,89,40,3,742,0,0,6,0,6,610,89,46,3,748,0,0,0,748
07/11/2014,BWI,MD,AEA,EN,Towers with Radar,599,88,41,3,731,0,0,11,0,11,599,88,52,3,742,0,0,0,742
07/12/2014,BWI,MD,AEA,EN,Towers with Radar,530,59,32,0,621,0,1,12,0,13,530,60,44,0,634,10,0,10,644
07/13/2014,BWI,MD,AEA,EN,Towers with Radar,561,72,15,0,648,0,1,10,0,11,561,73,25,0,659,11,0,11,670
07/14/2014,BWI,MD,AEA,EN,Towers with Radar,591,77,45,4,717,0,0,5,2,7,591,77,50,6,724,12,0,12,736
07/15/2014,BWI,MD,AEA,EN,Towers with Radar,604,80,28,0,712,0,0,4,3,7,604,80,32,3,719,13,0,13,732
07/16/2014,BWI,MD,AEA,EN,Towers with Radar,602,95,55,5,757,0,0,11,2,13,602,95,66,7,770,0,0,0,770
07/17/2014,BWI,MD,AEA,EN,Towers with Radar,620,91,33,1,745,0,0,2,1,3,620,91,35,2,748,0,0,0,748
07/18/2014,BWI,MD,AEA,EN,Towers with Radar,602,76,32,2,712,0,0,23,0,23,602,76,55,2,735,0,0,0,735
07/19/2014,BWI,MD,AEA,EN,Towers with Radar,533,65,20,4,622,0,0,17,0,17,533,65,37,4,639,17,0,17,656
07/20/2014,BWI,MD,AEA,EN,Towers with Radar,563,64,26,1,654,0,0,9,0,9,563,64,35,1,663,9,0,9,672
07/21/2014,BWI,MD,AEA,EN,Towers with Radar,602,80,38,1,721,0,1,17,0,18,602,81,55,1,739,10,0,10,749
07/22/2014,BWI,MD,AEA,EN,Towers with Radar,607,90,31,4,732,0,1,8,0,9,607,91,39,4,741,11,0,11,752
07/23/2014,BWI,MD,AEA,EN,Towers with Radar,573,78,40,6,697,0,0,1,0,1,573,78,41,6,698,0,0,0,698
07/24/2014,BWI,MD,AEA,EN,Towers with Radar,629,96,54,1,780,0,0,11,0,11,629,96,65,1,791,0,0,0,791
07/25/2014,BWI,MD,AEA,EN,Towers with Radar,615,85,49,4,753,0,0,14,0,14,615,85,63,4,767,0,0,0,767
07/26/2014,BWI,MD,AEA,EN,Towers with Radar,539,62,27,0,628,0,1,12,0,13,539,63,39,0,641,15,0,15,656
07/27/2014,BWI,MD,AEA,EN,Towers with Radar,559,71,40,0,670,0,0,5,0,5,559,71,45,0,675,0,0,0,675
07/28/2014,BWI,MD,AEA,EN,Towers with Radar,624,85,62,0,771,0,0,3,1,4,624,85,65,1,775,0,0,0,775
07/29/2014,BWI,MD,AEA,EN,Towers with Radar,617,113,35,2,767,0,0,9,1,10,617,113,44,3,777,0,0,0,777
07/30/2014,BWI,MD,AEA,EN,Towers with Radar,617,82,45,1,745,0,0,12,0,12,617,82,57,1,757,0,0,0,757
07/31/2014,BWI,MD,AEA,EN,Towers with Radar,616,75,28,4,723,0,0,9,2,11,616,75,37,6,734,0,0,0,734
08/01/2014,BWI,MD,AEA,EN,Towers with Radar,610,74,37,1,722,0,0,6,0,6,610,74,43,1,728,0,0,0,728
08/02/2014,BWI,MD,AEA,EN,Towers with Radar,535,68,20,2,625,0,0,1,0,1,535,68,21,2,626,10,0,10,636
08/03/2014,BWI,MD,AEA,EN,Towers with Radar,556,57,21,2,636,0,0,5,0,5,556,57,26,2,641,11,0,11,652
08/04/2014,BWI,MD,AEA,EN,Towers with Radar,607,65,55,1,728,0,0,3,0,3,607,65,58,1,731,12,0,12,743
08/05/2014,BWI,MD,AEA,EN,Towers with Radar,619,82,26,1,728,0,0,8,1,9,619,82,34,2,737,13,0,13,750
08/06/2014,BWI,MD,AEA,EN,Towers with Radar,605,79,46,4,734,0,0,12,0,12,605,79,58,4,746,14,0,14,760
08/07/2014,BWI,MD,AEA,EN,Towers with Radar,611,86,45,4,746,0,0,14,0,14,611,86,59,4,760,0,0,0,760
08/08/2014,BWI,MD,AEA,EN,Towers with Radar,615,73,41,3,732,1,3,11,1,16,616,76,52,4,748,0,0,0,748
08/09/2014,BWI,MD,AEA,EN,Towers with Radar,518,51,26,0,595,0,0,8,0,8,518,51,34,0,603,17,0,17,620
08/10/2014,BWI,MD,AEA,EN,Towers with Radar,540,67,20,0,627,0,0,9,0,9,540,67,29,0,636,9,0,9,645
08/11/2014,BWI,MD,AEA,EN,Towers with Radar,570,83,38,2,693,0,1,7,0,8,570,84,45,2,701,10,0,10,711
08/12/2014,BWI,MD,AEA,EN,Towers with Radar,587,84,31,3,705,0,0,0,0,0,587,84,31,3,705,11,0,11,716
08/13/2014,BWI,MD,AEA,EN,Towers with Radar,589,90,49,3,731,0,0,7,4,11,589,90,56,7,742,0,0,0,742
08/14/2014,BWI,MD,AEA,EN,Towers with Radar,584,98,51,2,735,0,0,15,2,17,584,98,66,4,752,0,0,0,752
08/15/2014,BWI,MD,AEA,EN,Towers with Radar,588,77,33,1,699,0,0,3,0,3,588,77,36,1,702,0,0,0,702
08/16/2014,BWI,MD,AEA,EN,Towers with Radar,469,68,14,0,551,0,0,15,0,15,469,68,29,0,566,15,0,15,581
08/17/2014,BWI,MD,AEA,EN,Towers with Radar,527,59,36,0,622,0,0,6,0,6,527,59,42,0,628,16,0,16,644
08/18/2014,BWI,MD,AEA,EN,Towers with Radar,579,83,31,2,695,0,0,5,0,5,579,83,36,2,700,17,0,17,717
08/19/2014,BWI,MD,AEA,EN,Towers with Radar,570,92,33,3,698,0,0,6,1,7,570,92,39,4,705,18,0,18,723
08/20/2014,BWI,MD,AEA,EN,Towers with Radar,570,93,44,3,710,0,0,17,0,17,570,93,61,3,727,0,0,0,727
08/21/2014,BWI,MD,AEA,EN,Towers with Radar,575,103,37,0,715,0,0,12,0,12,575,103,49,0,727,0,0,0,727
08/22/2014,BWI,MD,AEA,EN,Towers with Radar,582,89,45,2,718,0,0,7,1,8,582,89,52,3,726,0,0,0,726
08/23/2014,BWI,MD,AEA,EN,Towers with Radar,487,66,18,0,571,1,0,1,0,2,488,66,19,0,573,13,0,13,586
08/24/2014,BWI,MD,AEA,EN,Towers with Radar,532,73,30,0,635,0,0,16,0,16,532,73,46,0,651,14,0,14,665
08/25/2014,BWI,MD,AEA,EN,Towers with Radar,561,90,26,4,681,0,0,14,1,15,561,90,40,5,696,15,0,15,711
08/26/2014,BWI,MD,AEA,EN,Towers with Radar,582,99,53,4,738,0,0,10,2,12,582,99,63,6,750,16,0,16,766
08/27/2014,BWI,MD,AEA,EN,Towers with Radar,561,92,42,9,704,0,0,12,3,15,561,92,54,12,719,0,0,0,719
08/28/2014,BWI,MD,AEA,EN,Towers with Radar,583,84,32,7,706,0,0,6,4,10,583,84,38,11,716,0,0,0,716
08/29/2014,BWI,MD,AEA,EN,Towers with Radar,584,86,34,0,704,0,0,5,0,5,584,86,39,0,709,0,0,0,709
08/30/2014,BWI,MD,AEA,EN,Towers with Radar,438,60,31,2,531,0,0,11,0,11,438,60,42,2,542,11,0,11,553
08/31/2014,BWI,MD,AEA,EN,Towers with Radar,442,52,20,0,514,0,0,9,0,9,442,52,29,0,523,12,0,12,535
09/01/2014,BWI,MD,AEA,EN,Towers with Radar,537,53,28,0,618,0,0,2,0,2,537,53,30,0,620,10,0,10,630
09/02/2014,BWI,MD,AEA,EN,Towers with Radar,550,68,53,8,679,0,0,10,1,11,550,68,63,9,690,0,0,0,690
09/03/2014,BWI,MD,AEA,EN,Towers with Radar,551,81,40,2,674,0,0,6,2,8,551,81,46,4,682,0,0,0,682
09/04/2014,BWI,MD,AEA,EN,Towers with Radar,555,74,52,4,685,0,0,9,0,9,555,74,61,4,694,0,0,0,694
09/05/2014,BWI,MD,AEA,EN,Towers with Radar,542,66,38,4,650,0,3,5,1,9,542,69,43,5,659,0,0,0,659
09/06/2014,BWI,MD,AEA,EN,Towers with Radar,462,46,22,0,530,0,0,8,0,8,462,46,30,0,538,15,0,15,553
09/07/2014,BWI,MD,AEA,EN,Towers with Radar,511,66,25,0,602,0,1,14,1,16,511,67,39,1,618,16,0,16,634
09/08/2014,BWI,MD,AEA,EN,Towers with Radar,562,83,49,2,696,0,1,4,0,5,562,84,53,2,701,17,0,17,718
09/09/2014,BWI,MD,AEA,EN,Towers with Radar,545,92,50,2,689,0,0,1,0,1,545,92,51,2,690,0,0,0,690
09/10/2014,BWI,MD,AEA,EN,Towers with Radar,552,99,52,1,704,0,0,16,1,17,552,99,68,2,721,0,0,0,721
09/11/2014,BWI,MD,AEA,EN,Towers with Radar,554,96,60,4,714,0,1,20,0,21,554,97,80,4,735,0,0,0,735
09/12/2014,BWI,MD,AEA,EN,Towers with Radar,571,99,37,0,707,0,1,7,5,13,571,100,44,5,720,0,0,0,720
09/13/2014,BWI,MD,AEA,EN,Towers with Radar,456,55,30,1,542,0,0,6,3,9,456,55,36,4,551,13,0,13,564
09/14/2014,BWI,MD,AEA,EN,Towers with Radar,517,79,49,0,645,0,0,12,6,18,517,79,61,6,663,14,0,14,677
09/15/2014,BWI,MD,AEA,EN,Towers with Radar,562,89,40,6,697,0,0,5,2,7,562,89,45,8,704,15,0,15,719
09/16/2014,BWI,MD,AEA,EN,Towers with Radar,541,101,38,1,681,0,0,3,0,3,541,101,41,1,684,0,0,0,684
09/17/2014,BWI,MD,AEA,EN,Towers with Radar,550,99,67,1,717,0,0,5,2,7,550,99,72,3,724,0,0,0,724
09/18/2014,BWI,MD,AEA,EN,Towers with Radar,559,97,49,3,708,0,0,12,1,13,559,97,61,4,721,0,0,0,721
09/19/2014,BWI,MD,AEA,EN,Towers with Radar,567,92,51,0,710,0,0,6,1,7,567,92,57,1,717,0,0,0,717
09/20/2014,BWI,MD,AEA,EN,Towers with Radar,465,51,30,0,546,0,0,10,0,10,465,51,40,0,556,11,0,11,567
09/21/2014,BWI,MD,AEA,EN,Towers with Radar,519,64,20,1,604,0,0,7,0,7,519,64,27,1,611,12,0,12,623
09/22/2014,BWI,MD,AEA,EN,Towers with Radar,555,77,45,3,680,0,0,4,0,4,555,77,49,3,684,13,0,13,697
09/23/2014,BWI,MD,AEA,EN,Towers with Radar,542,78,29,1,650,0,0,4,2,6,542,78,33,3,656,0,0,0,656
09/24/2014,BWI,MD,AEA,EN,Towers with Radar,557,75,39,2,673,0,1,5,0,6,557,76,44,2,679,0,0,0,679
09/25/2014,BWI,MD,AEA,EN,Towers with Radar,558,87,28,0,673,1,0,0,0,1,559,87,28,0,674,0,0,0,674
09/26/2014,BWI,MD,AEA,EN,Towers with Radar,537,78,44,2,661,0,1,14,0,15,537,79,58,2,676,0,0,0,676
09/27/2014,BWI,MD,AEA,EN,Towers with Radar,458,40,19,0,517,2,0,28,0,30,460,40,47,0,547,18,0,18,565
09/28/2014,BWI,MD,AEA,EN,Towers with Radar,500,58,47,0,605,3,0,45,0,48,503,58,92,0,653,19,0,19,672
09/29/2014,BWI,MD,AEA,EN,Towers with Radar,556,68,33,5,662,2,0,9,1,12,558,68,42,6,674,20,0,20,694
09/30/2014,BWI,MD,AEA,EN,Towers with Radar,553,82,44,6,685,0,0,2,2,4,553,82,46,8,689,0,0,0,689
10/01/2014,BWI,MD,AEA,EN,Towers with Radar,544,85,37,10,676,3,0,6,2,11,547,85,43,12,687,0,0,0,687
10/02/2014,BWI,MD,AEA,EN,Towers with Radar,550,86,69,1,706,0,0,4,1,5,550,86,73,2,711,0,0,0,711
10/03/2014,BWI,MD,AEA,EN,Towers with Radar,577,81,53,4,715,0,0,12,0,12,577,81,65,4,727,0,0,0,727
10/04/2014,BWI,MD,AEA,EN,Towers with Radar,461,54,34,0,549,1,0,4,0,5,462,54,38,0,554,14,0,14,568
10/05/2014,BWI,MD,AEA,EN,Towers with Radar,513,65,41,0,619,2,1,6,1,10,515,66,47,1,629,15,0,15,644
10/06/2014,BWI,MD,AEA,EN,Towers with Radar,564,78,56,5,703,0,2,5,2,9,564,80,61,7,712,16,0,16,728
10/07/2014,BWI,MD,AEA,EN,Towers with Radar,554,86,34,3,677,0,0,5,3,8,554,86,39,6,685,17,0,17,702
10/08/2014,BWI,MD,AEA,EN,Towers with Radar,567,90,32,4,693,1,0,2,0,3,568,90,34,4,696,0,0,0,696
10/09/2014,BWI,MD,AEA,EN,Towers with Radar,564,83,35,2,684,0,0,8,3,11,564,83,43,5,695,0,0,0,695
10/10/2014,BWI,MD,AEA,EN,Towers with Radar,562,84,45,2,693,0,1,7,0,8,562,85,52,2,701,0,0,0,701
10/11/2014,BWI,MD,AEA,EN,Towers with Radar,471,57,24,0,552,1,0,2,0,3,472,57,26,0,555,12,0,12,567
10/12/2014,BWI,MD,AEA,EN,Towers with Radar,516,65,27,0,608,0,0,9,0,9,516,65,36,0,617,13,0,13,630
10/13/2014,BWI,MD,AEA,EN,Towers with Radar,550,88,38,2,678,0,0,1,0,1,550,88,39,2,679,14,0,14,693
10/14/2014,BWI,MD,AEA,EN,Towers with Radar,568,87,43,5,703,0,0,6,0,6,568,87,49,5,709,15,0,15,724
10/15/2014,BWI,MD,AEA,EN,Towers with Radar,558,86,35,4,683,0,0,0,0,0,558,86,35,4,683,16,0,16,699
10/16/2014,BWI,MD,AEA,EN,Towers with Radar,564,84,35,1,684,0,0,0,0,0,564,84,35,1,684,0,0,0,684
10/17/2014,BWI,MD,AEA,EN,Towers with Radar,569,87,46,3,705,0,1,12,2,15,569,88,58,5,720,0,0,0,720
10/18/2014,BWI,MD,AEA,EN,Towers with Radar,465,50,28,4,547,0,0,5,0,5,465,50,33,4,552,19,0,19,571
10/19/2014,BWI,MD,AEA,EN,Towers with Radar,516,61,55,1,633,0,0,8,0,8,516,61,63,1,641,20,0,20,661
10/20/2014,BWI,MD,AEA,EN,Towers with Radar,559,81,31,2,673,0,0,15,1,16,559,81,46,3,689,12,0,12,701
10/21/2014,BWI,MD,AEA,EN,Towers with Radar,557,92,47,3,699,0,2,14,1,17,557,94,61,4,716,13,0,13,729
10/22/2014,BWI,MD,AEA,EN,Towers with Radar,560,86,37,2,685,0,1,0,0,1,560,87,37,2,686,14,0,14,700
10/23/2014,BWI,MD,AEA,EN,Towers with Radar,563,83,40,2,688,0,1,9,0,10,563,84,49,2,698,0,0,0,698
10/24/2014,BWI,MD,AEA,EN,Towers with Radar,570,86,47,0,703,0,0,12,0,12,570,86,59,0,715,0,0,0,715
10/25/2014,BWI,MD,AEA,EN,Towers with Radar,459,55,22,0,536,0,0,7,0,7,459,55,29,0,543,17,0,17,560
10/26/2014,BWI,MD,AEA,EN,Towers with Radar,510,63,23,0,596,0,0,8,0,8,510,63,31,0,604,18,0,18,622
10/27/2014,BWI,MD,AEA,EN,Towers with Radar,567,69,68,5,709,0,0,11,3,14,567,69,79,8,723,19,0,19,742
10/28/2014,BWI,MD,AEA,EN,Towers with Radar,553,77,42,12,684,0,1,8,2,11,553,78,50,14,695,20,0,20,715
10/29/2014,BWI,MD,AEA,EN,Towers with Radar,553,79,33,6,671,0,1,3,0,4,553,80,36,6,675,21,0,21,696
10/30/2014,BWI,MD,AEA,EN,Towers with Radar,554,79,61,3,697,0,0,4,3,7,554,79,65,6,704,0,0,0,704
10/31/2014,BWI,MD,AEA,EN,Towers with Radar,498,74,37,3,612,0,1,12,0,13,498,75,49,3,625,0,0,0,625
11/01/2014,BWI,MD,AEA,EN,Towers with Radar,457,47,20,0,524,0,0,0,0,0,457,47,20,0,524,12,0,12,536
11/02/2014,BWI,MD,AEA,EN,Towers with Radar,490,69,21,0,580,0,0,7,0,7,490,69,28,0,587,13,0,13,600
11/03/2014,BWI,MD,AEA,EN,Towers with Radar,558,71,33,0,662,0,0,12,0,12,558,71,45,0,674,14,0,14,688
11/04/2014,BWI,MD,AEA,EN,Towers with Radar,545,84,45,1,675,0,1,7,0,8,545,85,52,1,683,15,0,15,698
11/05/2014,BWI,MD,AEA,EN,Towers with Radar,561,73,51,4,689,0,0,3,6,9,561,73,54,10,698,16,0,16,714
11/06/2014,BWI,MD,AEA,EN,Towers with Radar,559,82,46,1,688,0,0,0,0,0,559,82,46,1,688,0,0,0,688
11/07/2014,BWI,MD,AEA,EN,Towers with Radar,571,79,49,0,699,0,0,3,0,3,571,79,52,0,702,0,0,0,702
11/08/2014,BWI,MD,AEA,EN,Towers with Radar,444,57,28,0,529,0,1,16,0,17,444,58,44,0,546,19,0,19,565
11/09/2014,BWI,MD,AEA,EN,Towers with Radar,496,59,37,0,592,1,0,14,0,15,497,59,51,0,607,20,0,20,627
11/10/2014,BWI,MD,AEA,EN,Towers with Radar,564,76,37,2,679,0,0,7,1,8,564,76,44,3,687,12,0,12,699
11/11/2014,BWI,MD,AEA,EN,Towers with Radar,557,96,35,3,691,0,0,1,3,4,557,96,36,6,695,13,0,13,708
11/12/2014,BWI,MD,AEA,EN,Towers with Radar,565,84,65,3,717,0,0,0,1,1,565,84,65,4,718,14,0,14,732
11/13/2014,BWI,MD,AEA,EN,Towers with Radar,554,88,47,2,691,0,0,2,0,2,554,88,49,2,693,0,0,0,693
11/14/2014,BWI,MD,AEA,EN,Towers with Radar,567,91,41,3,702,0,0,14,0,14,567,91,55,3,716,0,0,0,716
11/15/2014,BWI,MD,AEA,EN,Towers with Radar,440,50,30,0,520,0,0,25,0,25,440,50,55,0,545,17,0,17,562
11/16/2014,BWI,MD,AEA,EN,Towers with Radar,499,66,28,0,593,0,1,9,0,10,499,67,37,0,603,18,0,18,621
11/17/2014,BWI,MD,AEA,EN,Towers with Radar,557,67,52,4,680,0,0,0,0,0,557,67,52,4,680,19,0,19,699
11/18/2014,BWI,MD,AEA,EN,Towers with Radar,555,88,34,2,679,0,0,3,0,3,555,88,37,2,682,20,0,20,702
11/19/2014,BWI,MD,AEA,EN,Towers with Radar,547,84,62,1,694,0,0,7,1,8,547,84,69,2,702,21,0,21,723
11/20/2014,BWI,MD,AEA,EN,Towers with Radar,552,84,27,3,666,0,0,10,1,11,552,84,37,4,677,0,0,0,677
11/21/2014,BWI,MD,AEA,EN,Towers with Radar,572,86,29,1,688,0,1,11,1,13,572,87,40,2,701,0,0,0,701
11/22/2014,BWI,MD,AEA,EN,Towers with Radar,460,44,16,0,520,0,0,22,0,22,460,44,38,0,542,15,0,15,557
11/23/2014,BWI,MD,AEA,EN,Towers with Radar,499,55,20,0,574,0,0,5,0,5,499,55,25,0,579,16,0,16,595
11/24/2014,BWI,MD,AEA,EN,Towers with Radar,513,57,26,4,600,0,0,9,0,9,513,57,35,4,609,17,0,17,626
11/25/2014,BWI,MD,AEA,EN,Towers with Radar,598,95,46,4,743,0,0,6,0,6,598,95,52,4,749,18,0,18,767
11/26/2014,BWI,MD,AEA,EN,Towers with Radar,647,81,19,0,747,0,0,0,0,0,647,81,19,0,747,19,0,19,766
11/27/2014,BWI,MD,AEA,EN,Towers with Radar,371,26,13,0,410,0,0,0,0,0,371,26,13,0,410,0,0,0,410
11/28/2014,BWI,MD,AEA,EN,Towers with Radar,455,42,20,0,517,0,0,7,0,7,455,42,27,0,524,0,0,0,524
11/29/2014,BWI,MD,AEA,EN,Towers with Radar,529,60,13,0,602,0,0,6,0,6,529,60,19,0,608,0,0,0,608
11/30/2014,BWI,MD,AEA,EN,Towers with Radar,612,72,41,0,725,0,0,16,0,16,612,72,57,0,741,14,0,14,755
12/01/2014,BWI,MD,AEA,EN,Towers with Radar,644,68,60,0,772,0,0,4,0,4,644,68,64,0,776,13,0,13,789
12/02/2014,BWI,MD,AEA,EN,Towers with Radar,561,69,41,0,671,0,0,0,0,0,561,69,41,0,671,14,0,14,685
12/03/2014,BWI,MD,AEA,EN,Towers with Radar,552,79,25,2,658,0,0,2,0,2,552,79,27,2,660,15,0,15,675
12/04/2014,BWI,MD,AEA,EN,Towers with Radar,543,74,35,5,657,1,0,13,4,18,544,74,48,9,675,0,0,0,675
12/05/2014,BWI,MD,AEA,EN,Towers with Radar,559,79,38,2,678,0,0,3,0,3,559,79,41,2,681,0,0,0,681
12/06/2014,BWI,MD,AEA,EN,Towers with Radar,440,42,10,3,495,0,0,0,0,0,440,42,10,3,495,18,0,18,513
12/07/2014,BWI,MD,AEA,EN,Towers with Radar,494,52,20,0,566,0,0,5,0,5,494,52,25,0,571,19,0,19,590
12/08/2014,BWI,MD,AEA,EN,Towers with Radar,549,73,36,5,663,0,0,4,0,4,549,73,40,5,667,20,0,20,687
12/09/2014,BWI,MD,AEA,EN,Towers with Radar,535,84,31,2,652,0,0,0,0,0,535,84,31,2,652,21,0,21,673
12/10/2014,BWI,MD,AEA,EN,Towers with Radar,557,89,54,6,706,1,0,0,3,4,558,89,54,9,710,13,0,13,723
12/11/2014,BWI,MD,AEA,EN,Towers with Radar,560,87,33,4,684,0,0,1,0,1,560,87,34,4,685,0,0,0,685
12/12/2014,BWI,MD,AEA,EN,Towers with Radar,556,93,50,5,704,0,4,11,3,18,556,97,61,8,722,0,0,0,722
12/13/2014,BWI,MD,AEA,EN,Towers with Radar,432,48,40,3,523,0,2,19,0,21,432,50,59,3,544,16,0,16,560
12/14/2014,BWI,MD,AEA,EN,Towers with Radar,494,62,26,3,585,0,0,8,1,9,494,62,34,4,594,17,0,17,611
12/15/2014,BWI,MD,AEA,EN,Towers with Radar,546,68,30,7,651,0,0,6,3,9,546,68,36,10,660,18,0,18,678
12/16/2014,BWI,MD,AEA,EN,Towers with Radar,541,73,43,2,659,0,0,0,0,0,541,73,43,2,659,19,0,19,678
12/17/2014,BWI,MD,AEA,EN,Towers with Radar,558,97,31,2,688,0,1,34,3,38,558,98,65,5,726,20,0,20,746
12/18/2014,BWI,MD,AEA,EN,Towers with Radar,551,81,60,2,694,0,0,24,0,24,551,81,84,2,718,0,0,0,718
12/19/2014,BWI,MD,AEA,EN,Towers with Radar,560,99,58,4,721,0,1,4,0,5,560,100,62,4,726,0,0,0,726
12/20/2014,BWI,MD,AEA,EN,Towers with Radar,544,60,25,0,629,0,0,15,0,15,544,60,40,0,644,14,0,14,658
12/21/2014,BWI,MD,AEA,EN,Towers with Radar,508,56,9,0,573,0,0,8,1,9,508,56,17,1,582,15,0,15,597
12/22/2014,BWI,MD,AEA,EN,Towers with Radar,546,60,23,3,632,0,0,0,2,2,546,60,23,5,634,16,0,16,650
12/23/2014,BWI,MD,AEA,EN,Towers with Radar,559,62,20,1,642,0,0,0,0,0,559,62,20,1,642,17,0,17,659
12/24/2014,BWI,MD,AEA,EN,Towers with Radar,488,53,10,0,551,0,0,0,0,0,488,53,10,0,551,18,0,18,569
12/25/2014,BWI,MD,AEA,EN,Towers with Radar,448,29,6,0,483,0,0,1,0,1,448,29,7,0,484,0,0,0,484
12/26/2014,BWI,MD,AEA,EN,Towers with Radar,539,61,42,0,642,0,1,4,0,5,539,62,46,0,647,0,0,0,647
12/27/2014,BWI,MD,AEA,EN,Towers with Radar,535,53,26,0,614,0,2,10,0,12,535,55,36,0,626,21,0,21,647
12/28/2014,BWI,MD,AEA,EN,Towers with Radar,553,65,20,0,638,0,0,5,0,5,553,65,25,0,643,22,0,22,665
12/29/2014,BWI,MD,AEA,EN,Towers with Radar,531,57,19,1,608,1,0,2,0,3,532,57,21,1,611,23,0,23,634
12/30/2014,BWI,MD,AEA,EN,Towers with Radar,553,70,20,2,645,0,0,2,0,2,553,70,22,2,647,15,0,15,662
12/31/2014,BWI,MD,AEA,EN,Towers with Radar,449,41,5,2,497,0,0,6,0,6,449,41,11,2,503,16,0,16,519
01/01/2015,BWI,MD,AEA,EN,Towers with Radar,433,27,14,0,474,0,0,2,0,2,433,27,16,0,476,0,0,0,476
01/02/2015,BWI,MD,AEA,EN,Towers with Radar,552,69,17,0,638,0,1,11,0,12,552,70,28,0,650,0,0,0,650
01/03/2015,BWI,MD,AEA,EN,Towers with Radar,519,53,17,0,589,0,0,0,0,0,519,53,17,0,589,4,0,4,593
01/04/2015,BWI,MD,AEA,EN,Towers with Radar,531,63,17,1,612,0,0,2,0,2,531,63,19,1,614,5,0,5,619
01/05/2015,BWI,MD,AEA,EN,Towers with Radar,547,53,15,1,616,0,0,0,0,0,547,53,15,1,616,6,0,6,622
01/06/2015,BWI,MD,AEA,EN,Towers with Radar,488,54,12,0,554,0,0,0,0,0,488,54,12,0,554,7,0,7,561
01/07/2015,BWI,MD,AEA,EN,Towers with Radar,498,77,28,1,604,0,0,0,1,1,498,77,28,2,605,8,0,8,613
01/08/2015,BWI,MD,AEA,EN,Towers with Radar,486,62,25,3,576,0,0,4,1,5,486,62,29,4,581,0,0,0,581
01/09/2015,BWI,MD,AEA,EN,Towers with Radar,512,75,34,4,625,0,0,10,1,11,512,75,44,5,636,0,0,0,636
01/10/2015,BWI,MD,AEA,EN,Towers with Radar,436,50,20,2,508,0,0,3,6,9,436,50,23,8,517,2,0,2,519
01/11/2015,BWI,MD,AEA,EN,Towers with Radar,429,58,20,0,507,0,0,2,1,3,429,58,22,1,510,3,0,3,513
01/12/2015,BWI,MD,AEA,EN,Towers with Radar,499,77,23,0,599,0,0,0,0,0,499,77,23,0,599,4,0,4,603
01/13/2015,BWI,MD,AEA,EN,Towers with Radar,498,72,41,0,611,0,1,28,0,29,498,73,69,0,640,5,0,5,645
01/14/2015,BWI,MD,AEA,EN,Towers with Radar,487,73,36,4,600,0,0,2,6,8,487,73,38,10,608,6,0,6,614
01/15/2015,BWI,MD,AEA,EN,Towers with Radar,509,78,28,4,619,0,1,20,4,25,509,79,48,8,644,0,0,0,644
01/16/2015,BWI,MD,AEA,EN,Towers with Radar,509,77,24,1,611,0,0,36,1,37,509,77,60,2,648,0,0,0,648
01/17/2015,BWI,MD,AEA,EN,Towers with Radar,433,34,20,0,487,0,0,7,4,11,433,34,27,4,498,9,0,9,507
01/18/2015,BWI,MD,AEA,EN,Towers with Radar,419,32,11,0,462,0,0,2,1,3,419,32,13,1,465,10,0,10,475
01/19/2015,BWI,MD,AEA,EN,Towers with Radar,500,65,41,4,610,0,0,8,1,9,500,65,49,5,619,11,0,11,630
01/20/2015,BWI,MD,AEA,EN,Towers with Radar,505,74,30,1,610,0,10,20,1,31,505,84,50,2,641,3,0,3,644
01/21/2015,BWI,MD,AEA,EN,Towers with Radar,502,82,35,3,622,0,0,0,0,0,502,82,35,3,622,4,0,4,626
01/22/2015,BWI,MD,AEA,EN,Towers with Radar,513,72,51,3,639,0,0,3,1,4,513,72,54,4,643,0,0,0,643
01/23/2015,BWI,MD,AEA,EN,Towers with Radar,507,74,35,5,621,0,0,4,2,6,507,74,39,7,627,0,0,0,627
01/24/2015,BWI,MD,AEA,EN,Towers with Radar,422,40,12,0,474,0,0,0,0,0,422,40,12,0,474,7,0,7,481
01/25/2015,BWI,MD,AEA,EN,Towers with Radar,421,53,17,0,491,0,1,14,3,18,421,54,31,3,509,8,0,8,517
01/26/2015,BWI,MD,AEA,EN,Towers with Radar,440,43,17,2,502,0,0,0,0,0,440,43,17,2,502,9,0,9,511
01/27/2015,BWI,MD,AEA,EN,Towers with Radar,417,36,15,5,473,0,0,0,2,2,417,36,15,7,475,10,0,10,485
01/28/2015,BWI,MD,AEA,EN,Towers with Radar,489,85,41,4,619,0,0,7,4,11,489,85,48,8,630,11,0,11,641
01/29/2015,BWI,MD,AEA,EN,Towers with Radar,512,74,37,1,624,0,0,0,1,1,512,74,37,2,625,0,0,0,625
01/30/2015,BWI,MD,AEA,EN,Towers with Radar,514,68,36,0,618,0,1,2,0,3,514,69,38,0,621,0,0,0,621
01/31/2015,BWI,MD,AEA,EN,Towers with Radar,433,31,7,0,471,0,0,1,0,1,433,31,8,0,472,5,0,5,477
02/01/2015,BWI,MD,AEA,EN,Towers with Radar,369,33,10,0,412,0,0,0,0,0,369,33,10,0,412,3,0,3,415
02/02/2015,BWI,MD,AEA,EN,Towers with Radar,433,47,30,0,510,0,0,1,0,1,433,47,31,0,511,4,0,4,515
02/03/2015,BWI,MD,AEA,EN,Towers with Radar,505,67,28,2,602,0,1,4,0,5,505,68,32,2,607,5,0,5,612
02/04/2015,BWI,MD,AEA,EN,Towers with Radar,516,77,34,3,630,0,0,8,3,11,516,77,42,6,641,6,0,6,647
02/05/2015,BWI,MD,AEA,EN,Towers with Radar,515,65,33,4,617,1,0,3,4,8,516,65,36,8,625,0,2,2,627
02/06/2015,BWI,MD,AEA,EN,Towers with Radar,499,79,42,3,623,0,0,9,1,10,499,79,51,4,633,0,0,0,633
02/07/2015,BWI,MD,AEA,EN,Towers with Radar,438,40,30,2,510,0,0,9,0,9,438,40,39,2,519,9,0,9,528
02/08/2015,BWI,MD,AEA,EN,Towers with Radar,430,68,20,0,518,0,0,7,0,7,430,68,27,0,525,10,0,10,535
02/09/2015,BWI,MD,AEA,EN,Towers with Radar,477,61,20,5,563,0,0,0,0,0,477,61,20,5,563,11,0,11,574
02/10/2015,BWI,MD,AEA,EN,Towers with Radar,503,68,32,6,609,0,0,1,0,1,503,68,33,6,610,3,0,3,613
02/11/2015,BWI,MD,AEA,EN,Towers with Radar,513,69,36,2,620,0,0,3,2,5,513,69,39,4,625,4,0,4,629
02/12/2015,BWI,MD,AEA,EN,Towers with Radar,502,92,32,8,634,0,1,1,2,4,502,93,33,10,638,0,0,0,638
02/13/2015,BWI,MD,AEA,EN,Towers with Radar,516,87,29,2,634,0,0,1,2,3,516,87,30,4,637,0,0,0,637
02/14/2015,BWI,MD,AEA,EN,Towers with Radar,420,36,19,0,475,0,0,2,9,11,420,36,21,9,486,7,0,7,493
02/15/2015,BWI,MD,AEA,EN,Towers with Radar,344,54,10,2,410,0,0,0,0,0,344,54,10,2,410,8,0,8,418
02/16/2015,BWI,MD,AEA,EN,Towers with Radar,438,75,29,2,544,0,0,3,4,7,438,75,32,6,551,9,0,9,560
02/17/2015,BWI,MD,AEA,EN,Towers with Radar,461,68,18,1,548,0,0,4,0,4,461,68,22,1,552,10,0,10,562
02/18/2015,BWI,MD,AEA,EN,Towers with Radar,514,68,28,3,613,0,0,5,0,5,514,68,33,3,618,11,0,11,629
02/19/2015,BWI,MD,AEA,EN,Towers with Radar,510,65,20,6,601,0,0,2,0,2,510,65,22,6,603,0,0,0,603
02/20/2015,BWI,MD,AEA,EN,Towers with Radar,504,73,33,2,612,0,0,5,0,5,504,73,38,2,617,0,0,0,617
02/21/2015,BWI,MD,AEA,EN,Towers with Radar,298,25,5,0,328,0,0,0,0,0,298,25,5,0,328,5,0,5,333
02/22/2015,BWI,MD,AEA,EN,Towers with Radar,418,46,13,0,477,0,0,5,0,5,418,46,18,0,482,6,0,6,488
02/23/2015,BWI,MD,AEA,EN,Towers with Radar,502,67,24,3,596,0,0,14,0,14,502,67,38,3,610,7,0,7,617
02/24/2015,BWI,MD,AEA,EN,Towers with Radar,498,72,38,0,608,0,0,13,0,13,498,72,51,0,621,8,0,8,629
02/25/2015,BWI,MD,AEA,EN,Towers with Radar,493,86,49,1,629,0,0,6,1,7,493,86,55,2,636,0,0,0,636
02/26/2015,BWI,MD,AEA,EN,Towers with Radar,504,80,37,2,623,0,0,2,0,2,504,80,39,2,625,0,0,0,625
02/27/2015,BWI,MD,AEA,EN,Towers with Radar,518,75,45,0,638,0,0,10,0,10,518,75,55,0,648,0,0,0,648
02/28/2015,BWI,MD,AEA,EN,Towers with Radar,434,50,21,0,505,0,1,14,0,15,434,51,35,0,520,0,0,0,520
03/01/2015,BWI,MD,AEA,EN,Towers with Radar,238,41,9,0,288,0,0,2,0,2,238,41,11,0,290,0,0,0,290
03/02/2015,BWI,MD,AEA,EN,Towers with Radar,501,60,36,4,601,0,0,1,3,4,501,60,37,7,605,5,0,5,610
03/03/2015,BWI,MD,AEA,EN,Towers with Radar,494,51,39,0,584,0,0,5,0,5,494,51,44,0,589,6,0,6,595
03/04/2015,BWI,MD,AEA,EN,Towers with Radar,499,71,35,6,611,0,0,0,0,0,499,71,35,6,611,7,0,7,618
03/05/2015,BWI,MD,AEA,EN,Towers with Radar,246,23,8,0,277,0,0,0,0,0,246,23,8,0,277,0,0,0,277
03/06/2015,BWI,MD,AEA,EN,Towers with Radar,523,70,23,3,619,0,0,2,5,7,523,70,25,8,626,0,0,0,626
03/07/2015,BWI,MD,AEA,EN,Towers with Radar,500,55,22,2,579,0,0,10,1,11,500,55,32,3,590,10,0,10,600
03/08/2015,BWI,MD,AEA,EN,Towers with Radar,533,45,16,0,594,0,0,12,2,14,533,45,28,2,608,11,0,11,619
03/09/2015,BWI,MD,AEA,EN,Towers with Radar,559,58,43,1,661,0,2,7,0,9,559,60,50,1,670,12,0,12,682
03/10/2015,BWI,MD,AEA,EN,Towers with Radar,570,78,26,9,683,0,0,4,0,4,570,78,30,9,687,4,0,4,691
03/11/2015,BWI,MD,AEA,EN,Towers with Radar,578,65,48,1,692,0,0,6,1,7,578,65,54,2,699,0,0,0,699
03/12/2015,BWI,MD,AEA,EN,Towers with Radar,579,79,28,2,688,0,0,7,3,10,579,79,35,5,698,0,0,0,698
03/13/2015,BWI,MD,AEA,EN,Towers with Radar,581,77,42,1,701,0,0,11,1,12,581,77,53,2,713,0,0,0,713
03/14/2015,BWI,MD,AEA,EN,Towers with Radar,524,45,17,0,586,0,0,1,0,1,524,45,18,0,587,8,0,8,595
03/15/2015,BWI,MD,AEA,EN,Towers with Radar,527,52,17,2,598,0,0,3,0,3,527,52,20,2,601,9,0,9,610
03/16/2015,BWI,MD,AEA,EN,Towers with Radar,575,66,39,4,684,0,1,14,1,16,575,67,53,5,700,10,0,10,710
03/17/2015,BWI,MD,AEA,EN,Towers with Radar,579,59,28,4,670,0,0,5,2,7,579,59,33,6,677,11,0,11,688
03/18/2015,BWI,MD,AEA,EN,Towers with Radar,577,74,45,2,698,0,0,5,0,5,577,74,50,2,703,12,0,12,715
03/19/2015,BWI,MD,AEA,EN,Towers with Radar,577,73,46,6,702,0,2,13,1,16,577,75,59,7,718,0,0,0,718
03/20/2015,BWI,MD,AEA,EN,Towers with Radar,522,62,31,0,615,0,0,0,0,0,522,62,31,0,615,0,0,0,615
03/21/2015,BWI,MD,AEA,EN,Towers with Radar,511,47,22,0,580,0,0,3,0,3,511,47,25,0,583,6,0,6,589
03/22/2015,BWI,MD,AEA,EN,Towers with Radar,540,48,33,0,621,0,0,16,2,18,540,48,49,2,639,7,0,7,646
03/23/2015,BWI,MD,AEA,EN,Towers with Radar,551,58,43,2,654,0,0,12,1,13,551,58,55,3,667,8,0,8,675
03/24/2015,BWI,MD,AEA,EN,Towers with Radar,540,84,31,2,657,0,0,6,0,6,540,84,37,2,663,9,0,9,672
03/25/2015,BWI,MD,AEA,EN,Towers with Radar,572,64,43,4,683,0,1,4,0,5,572,65,47,4,688,10,0,10,698
03/26/2015,BWI,MD,AEA,EN,Towers with Radar,576,84,45,0,705,0,0,1,0,1,576,84,46,0,706,11,0,11,717
03/27/2015,BWI,MD,AEA,EN,Towers with Radar,579,69,38,3,689,0,0,10,1,11,579,69,48,4,700,0,0,0,700
03/28/2015,BWI,MD,AEA,EN,Towers with Radar,503,44,17,3,567,0,0,2,3,5,503,44,19,6,572,13,0,13,585
03/29/2015,BWI,MD,AEA,EN,Towers with Radar,542,52,29,0,623,0,0,5,0,5,542,52,34,0,628,14,0,14,642
03/30/2015,BWI,MD,AEA,EN,Towers with Radar,571,71,32,0,674,0,1,5,0,6,571,72,37,0,680,6,0,6,686
03/31/2015,BWI,MD,AEA,EN,Towers with Radar,599,90,40,0,729,0,0,5,0,5,599,90,45,0,734,7,0,7,741
04/01/2015,BWI,MD,AEA,EN,Towers with Radar,585,72,34,2,693,0,0,14,0,14,585,72,48,2,707,5,0,5,712
04/02/2015,BWI,MD,AEA,EN,Towers with Radar,585,80,37,3,705,0,0,5,6,11,585,80,42,9,716,0,0,0,716
04/03/2015,BWI,MD,AEA,EN,Towers with Radar,578,87,22,0,687,0,0,3,0,3,578,87,25,0,690,0,0,0,690
04/04/2015,BWI,MD,AEA,EN,Towers with Radar,509,54,18,1,582,0,1,3,2,6,509,55,21,3,588,8,0,8,596
04/05/2015,BWI,MD,AEA,EN,Towers with Radar,523,36,26,0,585,0,0,10,0,10,523,36,36,0,595,9,0,9,604
04/06/2015,BWI,MD,AEA,EN,Towers with Radar,583,77,48,3,711,0,0,9,2,11,583,77,57,5,722,10,0,10,732
04/07/2015,BWI,MD,AEA,EN,Towers with Radar,577,78,46,4,705,0,0,3,0,3,577,78,49,4,708,11,0,11,719
04/08/2015,BWI,MD,AEA,EN,Towers with Radar,593,66,35,3,697,0,0,0,0,0,593,66,35,3,697,12,0,12,709
04/09/2015,BWI,MD,AEA,EN,Towers with Radar,613,73,49,4,739,0,0,0,0,0,613,73,49,4,739,0,0,0,739
04/10/2015,BWI,MD,AEA,EN,Towers with Radar,617,67,22,5,711,0,1,0,0,1,617,68,22,5,712,0,0,0,712
04/11/2015,BWI,MD,AEA,EN,Towers with Radar,503,41,16,1,561,0,1,8,1,10,503,42,24,2,571,6,0,6,577
04/12/2015,BWI,MD,AEA,EN,Towers with Radar,553,47,50,0,650,0,0,13,3,16,553,47,63,3,666,7,0,7,673
04/13/2015,BWI,MD,AEA,EN,Towers with Radar,607,59,43,0,709,0,0,14,0,14,607,59,57,0,723,8,0,8,731
04/14/2015,BWI,MD,AEA,EN,Towers with Radar,610,64,36,1,711,0,0,1,0,1,610,64,37,1,712,9,0,9,721
04/15/2015,BWI,MD,AEA,EN,Towers with Radar,608,70,36,2,716,0,0,14,0,14,608,70,50,2,730,10,0,10,740
04/16/2015,BWI,MD,AEA,EN,Towers with Radar,607,73,29,3,712,0,0,15,1,16,607,73,44,4,728,0,0,0,728
04/17/2015,BWI,MD,AEA,EN,Towers with Radar,603,70,32,2,707,0,0,2,2,4,603,70,34,4,711,0,0,0,711
04/18/2015,BWI,MD,AEA,EN,Towers with Radar,509,47,29,3,588,0,1,11,4,16,509,48,40,7,604,13,0,13,617
04/19/2015,BWI,MD,AEA,EN,Towers with Radar,557,52,27,0,636,0,1,6,4,11,557,53,33,4,647,14,0,14,661
04/20/2015,BWI,MD,AEA,EN,Towers with Radar,584,54,21,1,660,0,0,0,0,0,584,54,21,1,660,6,0,6,666
04/21/2015,BWI,MD,AEA,EN,Towers with Radar,610,66,56,2,734,0,0,7,2,9,610,66,63,4,743,7,0,7,750
04/22/2015,BWI,MD,AEA,EN,Towers with Radar,612,64,41,0,717,0,0,4,0,4,612,64,45,0,721,8,0,8,729
04/23/2015,BWI,MD,AEA,EN,Towers with Radar,594,73,43,0,710,0,0,4,0,4,594,73,47,0,714,0,0,0,714
04/24/2015,BWI,MD,AEA,EN,Towers with Radar,598,66,36,1,701,0,0,4,0,4,598,66,40,1,705,0,0,0,705
04/25/2015,BWI,MD,AEA,EN,Towers with Radar,507,38,18,0,563,0,0,21,0,21,507,38,39,0,584,11,0,11,595
04/26/2015,BWI,MD,AEA,EN,Towers with Radar,546,48,35,0,629,0,0,3,3,6,546,48,38,3,635,12,0,12,647
04/27/2015,BWI,MD,AEA,EN,Towers with Radar,603,54,32,0,689,0,0,6,1,7,603,54,38,1,696,13,0,13,709
04/28/2015,BWI,MD,AEA,EN,Towers with Radar,600,82,33,7,722,0,1,16,3,20,600,83,49,10,742,14,0,14,756
04/29/2015,BWI,MD,AEA,EN,Towers with Radar,617,60,53,6,736,0,1,5,1,7,617,61,58,7,743,15,0,15,758
04/30/2015,BWI,MD,AEA,EN,Towers with Radar,600,74,38,3,715,0,1,11,3,15,600,75,49,6,730,7,0,7,737
05/01/2015,BWI,MD,AEA,EN,Towers with Radar,615,71,26,1,713,0,0,6,0,6,615,71,32,1,719,0,0,0,719
05/02/2015,BWI,MD,AEA,EN,Towers with Radar,505,44,33,0,582,0,0,15,2,17,505,44,48,2,599,7,0,7,606
05/03/2015,BWI,MD,AEA,EN,Towers with Radar,555,68,33,3,659,0,0,13,2,15,555,68,46,5,674,8,0,8,682
05/04/2015,BWI,MD,AEA,EN,Towers with Radar,618,54,31,1,704,0,0,7,0,7,618,54,38,1,711,9,0,9,720
05/05/2015,BWI,MD,AEA,EN,Towers with Radar,617,64,29,1,711,0,0,11,0,11,617,64,40,1,722,10,0,10,732
05/06/2015,BWI,MD,AEA,EN,Towers with Radar,621,73,62,2,758,0,0,7,1,8,621,73,69,3,766,11,0,11,777
05/07/2015,BWI,MD,AEA,EN,Towers with Radar,613,90,43,1,747,0,0,16,1,17,613,90,59,2,764,0,0,0,764
05/08/2015,BWI,MD,AEA,EN,Towers with Radar,636,83,44,3,766,0,1,13,5,19,636,84,57,8,785,0,0,0,785
05/09/2015,BWI,MD,AEA,EN,Towers with Radar,519,47,16,0,582,0,0,8,4,12,519,47,24,4,594,14,0,14,608
05/10/2015,BWI,MD,AEA,EN,Towers with Radar,545,51,12,0,608,0,0,0,0,0,545,51,12,0,608,6,0,6,614
05/11/2015,BWI,MD,AEA,EN,Towers with Radar,607,83,51,3,744,0,0,7,1,8,607,83,58,4,752,7,0,7,759
05/12/2015,BWI,MD,AEA,EN,Towers with Radar,614,88,56,2,760,0,0,12,1,13,614,88,68,3,773,8,0,8,781
05/13/2015,BWI,MD,AEA,EN,Towers with Radar,621,86,64,6,777,0,0,8,0,8,621,86,72,6,785,9,0,9,794
05/14/2015,BWI,MD,AEA,EN,Towers with Radar,608,92,67,1,768,0,1,21,0,22,608,93,88,1,790,0,0,0,790
05/15/2015,BWI,MD,AEA,EN,Towers with Radar,629,75,69,3,776,0,0,17,7,24,629,75,86,10,800,0,0,0,800
05/16/2015,BWI,MD,AEA,EN,Towers with Radar,508,62,20,1,591,0,1,14,0,15,508,63,34,1,606,12,0,12,618
05/17/2015,BWI,MD,AEA,EN,Towers with Radar,563,79,49,0,691,0,2,6,1,9,563,81,55,1,700,13,0,13,713
05/18/2015,BWI,MD,AEA,EN,Towers with Radar,543,59,41,1,644,0,0,6,0,6,543,59,47,1,650,14,0,14,664
05/19/2015,BWI,MD,AEA,EN,Towers with Radar,640,87,48,2,777,0,1,10,0,11,640,88,58,2,788,15,0,15,803
05/20/2015,BWI,MD,AEA,EN,Towers with Radar,617,88,49,4,758,0,0,9,1,10,617,88,58,5,768,7,0,7,775
05/21/2015,BWI,MD,AEA,EN,Towers with Radar,614,84,48,1,747,0,0,6,0,6,614,84,54,1,753,0,0,0,753
05/22/2015,BWI,MD,AEA,EN,Towers with Radar,636,85,38,2,761,0,0,10,0,10,636,85,48,2,771,0,0,0,771
05/23/2015,BWI,MD,AEA,EN,Towers with Radar,481,51,25,0,557,1,0,11,0,12,482,51,36,0,569,10,0,10,579
05/24/2015,BWI,MD,AEA,EN,Towers with Radar,458,37,21,3,519,0,0,8,0,8,458,37,29,3,527,11,0,11,538
05/25/2015,BWI,MD,AEA,EN,Towers with Radar,552,61,19,1,633,0,0,14,2,16,552,61,33,3,649,12,0,12,661
05/26/2015,BWI,MD,AEA,EN,Towers with Radar,611,59,44,6,720,0,3,9,0,12,611,62,53,6,732,13,0,13,745
05/27/2015,BWI,MD,AEA,EN,Towers with Radar,626,66,33,5,730,0,1,2,3,6,626,67,35,8,736,14,0,14,750
05/28/2015,BWI,MD,AEA,EN,Towers with Radar,627,92,36,6,761,0,3,5,3,11,627,95,41,9,772,0,0,0,772
05/29/2015,BWI,MD,AEA,EN,Towers with Radar,614,77,54,5,750,0,0,13,3,16,614,77,67,8,766,0,0,0,766
05/30/2015,BWI,MD,AEA,EN,Towers with Radar,524,49,18,1,592,0,0,15,2,17,524,49,33,3,609,8,0,8,617
05/31/2015,BWI,MD,AEA,EN,Towers with Radar,575,54,18,0,647,0,0,8,3,11,575,54,26,3,658,9,0,9,667
06/01/2015,BWI,MD,AEA,EN,Towers with Radar,502,49,27,2,580,0,0,4,7,11,502,49,31,9,591,7,0,7,598
06/02/2015,BWI,MD,AEA,EN,Towers with Radar,622,100,25,8,755,0,0,0,0,0,622,100,25,8,755,8,0,8,763
06/03/2015,BWI,MD,AEA,EN,Towers with Radar,624,77,42,5,748,0,0,0,0,0,624,77,42,5,748,9,0,9,757
06/04/2015,BWI,MD,AEA,EN,Towers with Radar,622,80,27,3,732,1,0,0,4,5,623,80,27,7,737,0,0,0,737
06/05/2015,BWI,MD,AEA,EN,Towers with Radar,623,74,34,0,731,0,0,2,4,6,623,74,36,4,737,0,0,0,737
06/06/2015,BWI,MD,AEA,EN,Towers with Radar,513,73,26,0,612,0,0,9,1,10,513,73,35,1,622,12,0,12,634
06/07/2015,BWI,MD,AEA,EN,Towers with Radar,584,62,39,0,685,0,0,13,0,13,584,62,52,0,698,13,0,13,711
06/08/2015,BWI,MD,AEA,EN,Towers with Radar,520,75,44,5,644,0,0,4,1,5,520,75,48,6,649,14,0,14,663
06/09/2015,BWI,MD,AEA,EN,Towers with Radar,632,89,42,8,771,0,0,10,5,15,632,89,52,13,786,15,0,15,801
06/10/2015,BWI,MD,AEA,EN,Towers with Radar,624,87,47,2,760,0,0,7,0,7,624,87,54,2,767,7,0,7,774
06/11/2015,BWI,MD,AEA,EN,Towers with Radar,626,86,39,5,756,0,0,7,1,8,626,86,46,6,764,0,0,0,764
06/12/2015,BWI,MD,AEA,EN,Towers with Radar,629,73,48,4,754,0,0,10,3,13,629,73,58,7,767,0,0,0,767
06/13/2015,BWI,MD,AEA,EN,Towers with Radar,566,58,23,1,648,0,0,9,2,11,566,58,32,3,659,10,0,10,669
06/14/2015,BWI,MD,AEA,EN,Towers with Radar,595,76,41,2,714,0,1,8,0,9,595,77,49,2,723,11,0,11,734
06/15/2015,BWI,MD,AEA,EN,Towers with Radar,621,91,37,0,749,0,0,4,1,5,621,91,41,1,754,12,0,12,766
06/16/2015,BWI,MD,AEA,EN,Towers with Radar,629,75,29,1,734,0,0,1,3,4,629,75,30,4,738,13,0,13,751
06/17/2015,BWI,MD,AEA,EN,Towers with Radar,615,83,53,0,751,0,1,5,1,7,615,84,58,1,758,14,0,14,772
06/18/2015,BWI,MD,AEA,EN,Towers with Radar,615,95,35,2,747,8,0,3,0,11,623,95,38,2,758,0,0,0,758
06/19/2015,BWI,MD,AEA,EN,Towers with Radar,647,85,43,1,776,0,0,2,2,4,647,85,45,3,780,0,0,0,780
06/20/2015,BWI,MD,AEA,EN,Towers with Radar,473,55,20,1,549,0,0,18,3,21,473,55,38,4,570,8,0,8,578
06/21/2015,BWI,MD,AEA,EN,Towers with Radar,578,60,28,0,666,0,1,5,14,20,578,61,33,14,686,9,0,9,695
06/22/2015,BWI,MD,AEA,EN,Towers with Radar,624,73,43,1,741,0,1,8,2,11,624,74,51,3,752,10,0,10,762
06/23/2015,BWI,MD,AEA,EN,Towers with Radar,547,79,40,3,669,0,0,7,4,11,547,79,47,7,680,11,0,11,691
06/24/2015,BWI,MD,AEA,EN,Towers with Radar,656,102,43,3,804,0,1,15,3,19,656,103,58,6,823,12,0,12,835
06/25/2015,BWI,MD,AEA,EN,Towers with Radar,606,88,48,2,744,1,0,9,0,10,607,88,57,2,754,0,0,0,754
06/26/2015,BWI,MD,AEA,EN,Towers with Radar,636,92,40,4,772,0,0,7,7,14,636,92,47,11,786,0,0,0,786
06/27/2015,BWI,MD,AEA,EN,Towers with Radar,565,62,11,0,638,0,0,0,0,0,565,62,11,0,638,15,0,15,653
06/28/2015,BWI,MD,AEA,EN,Towers with Radar,590,68,32,0,690,0,2,18,0,20,590,70,50,0,710,16,0,16,726
06/29/2015,BWI,MD,AEA,EN,Towers with Radar,623,73,35,2,733,0,0,7,4,11,623,73,42,6,744,17,0,17,761
06/30/2015,BWI,MD,AEA,EN,Towers with Radar,624,80,39,3,746,0,1,3,1,5,624,81,42,4,751,9,0,9,760
07/01/2015,BWI,MD,AEA,EN,Towers with Radar,630,90,39,0,759,0,0,3,0,3,630,90,42,0,762,8,0,8,770
07/02/2015,BWI,MD,AEA,EN,Towers with Radar,652,81,39,0,772,0,1,16,0,17,652,82,55,0,789,0,0,0,789
07/03/2015,BWI,MD,AEA,EN,Towers with Radar,597,59,9,0,665,0,0,7,6,13,597,59,16,6,678,0,0,0,678
07/04/2015,BWI,MD,AEA,EN,Towers with Radar,455,41,5,0,501,0,0,1,0,1,455,41,6,0,502,11,0,11,513
07/05/2015,BWI,MD,AEA,EN,Towers with Radar,582,56,37,0,675,1,0,5,8,14,583,56,42,8,689,12,0,12,701
07/06/2015,BWI,MD,AEA,EN,Towers with Radar,633,78,27,3,741,0,0,3,0,3,633,78,30,3,744,13,0,13,757
07/07/2015,BWI,MD,AEA,EN,Towers with Radar,640,80,37,6,763,0,0,2,1,3,640,80,39,7,766,14,0,14,780
07/08/2015,BWI,MD,AEA,EN,Towers with Radar,618,79,45,2,744,0,0,10,0,10,618,79,55,2,754,15,0,15,769
07/09/2015,BWI,MD,AEA,EN,Towers with Radar,643,78,33,3,757,0,0,7,3,10,643,78,40,6,767,0,0,0,767
07/10/2015,BWI,MD,AEA,EN,Towers with Radar,637,70,37,5,749,0,1,9,0,10,637,71,46,5,759,0,0,0,759
07/11/2015,BWI,MD,AEA,EN,Towers with Radar,574,50,21,0,645,0,0,9,5,14,574,50,30,5,659,9,0,9,668
07/12/2015,BWI,MD,AEA,EN,Towers with Radar,598,57,41,1,697,0,0,15,1,16,598,57,56,2,713,10,0,10,723
07/13/2015,BWI,MD,AEA,EN,Towers with Radar,628,68,42,0,738,0,1,10,2,13,628,69,52,2,751,11,0,11,762
07/14/2015,BWI,MD,AEA,EN,Towers with Radar,596,66,40,3,705,0,0,9,5,14,596,66,49,8,719,12,0,12,731
07/15/2015,BWI,MD,AEA,EN,Towers with Radar,655,95,47,4,801,0,0,5,1,6,655,95,52,5,807,13,0,13,820
07/16/2015,BWI,MD,AEA,EN,Towers with Radar,651,84,47,1,783,0,0,12,4,16,651,84,59,5,799,0,0,0,799
07/17/2015,BWI,MD,AEA,EN,Towers with Radar,634,80,37,2,753,0,1,5,4,10,634,81,42,6,763,0,0,0,763
07/18/2015,BWI,MD,AEA,EN,Towers with Radar,563,51,24,0,638,0,0,3,6,9,563,51,27,6,647,16,0,16,663
07/19/2015,BWI,MD,AEA,EN,Towers with Radar,604,53,35,0,692,0,0,8,5,13,604,53,43,5,705,17,0,17,722
07/20/2015,BWI,MD,AEA,EN,Towers with Radar,640,75,41,4,760,0,0,9,2,11,640,75,50,6,771,9,0,9,780
07/21/2015,BWI,MD,AEA,EN,Towers with Radar,629,91,43,3,766,0,0,3,1,4,629,91,46,4,770,10,0,10,780
07/22/2015,BWI,MD,AEA,EN,Towers with Radar,640,88,48,5,781,0,1,14,6,21,640,89,62,11,802,11,0,11,813
07/23/2015,BWI,MD,AEA,EN,Towers with Radar,630,92,44,0,766,0,0,15,0,15,630,92,59,0,781,0,0,0,781
07/24/2015,BWI,MD,AEA,EN,Towers with Radar,631,86,33,0,750,0,0,11,0,11,631,86,44,0,761,0,0,0,761
07/25/2015,BWI,MD,AEA,EN,Towers with Radar,576,55,15,0,646,0,0,11,0,11,576,55,26,0,657,14,0,14,671
07/26/2015,BWI,MD,AEA,EN,Towers with Radar,612,59,36,0,707,0,1,8,0,9,612,60,44,0,716,15,0,15,731
07/27/2015,BWI,MD,AEA,EN,Towers with Radar,637,76,13,4,730,0,0,9,1,10,637,76,22,5,740,16,0,16,756
07/28/2015,BWI,MD,AEA,EN,Towers with Radar,624,83,52,2,761,0,1,6,2,9,624,84,58,4,770,17,0,17,787
07/29/2015,BWI,MD,AEA,EN,Towers with Radar,644,84,46,3,777,0,1,10,0,11,644,85,56,3,788,18,0,18,806
07/30/2015,BWI,MD,AEA,EN,Towers with Radar,623,71,43,9,746,0,0,5,1,6,623,71,48,10,752,0,0,0,752
07/31/2015,BWI,MD,AEA,EN,Towers with Radar,642,73,40,0,755,0,1,8,4,13,642,74,48,4,768,0,0,0,768
08/01/2015,BWI,MD,AEA,EN,Towers with Radar,571,59,22,1,653,0,0,10,5,15,571,59,32,6,668,9,0,9,677
08/02/2015,BWI,MD,AEA,EN,Towers with Radar,604,56,26,2,688,0,2,10,0,12,604,58,36,2,700,10,0,10,710
08/03/2015,BWI,MD,AEA,EN,Towers with Radar,630,78,37,1,746,0,0,7,0,7,630,78,44,1,753,11,0,11,764
08/04/2015,BWI,MD,AEA,EN,Towers with Radar,634,91,40,4,769,0,0,22,2,24,634,91,62,6,793,12,0,12,805
08/05/2015,BWI,MD,AEA,EN,Towers with Radar,639,76,37,9,761,0,0,15,5,20,639,76,52,14,781,13,0,13,794
08/06/2015,BWI,MD,AEA,EN,Towers with Radar,637,77,42,2,758,0,0,47,2,49,637,77,89,4,807,0,0,0,807
08/07/2015,BWI,MD,AEA,EN,Towers with Radar,652,82,32,3,769,0,1,19,1,21,652,83,51,4,790,0,0,0,790
08/08/2015,BWI,MD,AEA,EN,Towers with Radar,565,59,19,0,643,0,0,10,3,13,565,59,29,3,656,16,0,16,672
08/09/2015,BWI,MD,AEA,EN,Towers with Radar,556,58,29,1,644,0,0,5,1,6,556,58,34,2,650,17,0,17,667
08/10/2015,BWI,MD,AEA,EN,Towers with Radar,579,71,40,1,691,0,0,1,3,4,579,71,41,4,695,9,0,9,704
08/11/2015,BWI,MD,AEA,EN,Towers with Radar,599,70,41,0,710,0,0,0,0,0,599,70,41,0,710,10,0,10,720
08/12/2015,BWI,MD,AEA,EN,Towers with Radar,599,85,68,1,753,0,0,10,4,14,599,85,78,5,767,11,0,11,778
08/13/2015,BWI,MD,AEA,EN,Towers with Radar,594,86,47,5,732,0,0,11,5,16,594,86,58,10,748,0,0,0,748
08/14/2015,BWI,MD,AEA,EN,Towers with Radar,599,86,42,1,728,0,0,5,2,7,599,86,47,3,735,0,0,0,735
08/15/2015,BWI,MD,AEA,EN,Towers with Radar,328,43,14,0,385,0,0,5,1,6,328,43,19,1,391,14,0,14,405
08/16/2015,BWI,MD,AEA,EN,Towers with Radar,552,53,32,2,639,0,0,8,3,11,552,53,40,5,650,15,0,15,665
08/17/2015,BWI,MD,AEA,EN,Towers with Radar,598,73,37,3,711,0,0,6,1,7,598,73,43,4,718,16,0,16,734
08/18/2015,BWI,MD,AEA,EN,Towers with Radar,583,87,39,1,710,0,0,2,0,2,583,87,41,1,712,17,0,17,729
08/19/2015,BWI,MD,AEA,EN,Towers with Radar,588,95,39,3,725,0,1,3,2,6,588,96,42,5,731,18,0,18,749
08/20/2015,BWI,MD,AEA,EN,Towers with Radar,556,81,32,3,672,0,1,0,0,1,556,82,32,3,673,0,0,0,673
08/21/2015,BWI,MD,AEA,EN,Towers with Radar,607,88,28,6,729,0,0,7,5,12,607,88,35,11,741,0,0,0,741
08/22/2015,BWI,MD,AEA,EN,Towers with Radar,501,47,19,0,567,0,1,11,11,23,501,48,30,11,590,12,0,12,602
08/23/2015,BWI,MD,AEA,EN,Towers with Radar,542,53,38,2,635,0,1,16,1,18,542,54,54,3,653,13,0,13,666
08/24/2015,BWI,MD,AEA,EN,Towers with Radar,572,66,40,2,680,0,1,5,4,10,572,67,45,6,690,14,0,14,704
08/25/2015,BWI,MD,AEA,EN,Towers with Radar,598,77,38,1,714,0,0,22,1,23,598,77,60,2,737,15,0,15,752
08/26/2015,BWI,MD,AEA,EN,Towers with Radar,575,89,62,1,727,0,0,41,1,42,575,89,103,2,769,16,0,16,785
08/27/2015,BWI,MD,AEA,EN,Towers with Radar,583,73,42,0,698,1,0,30,0,31,584,73,72,0,729,0,0,0,729
08/28/2015,BWI,MD,AEA,EN,Towers with Radar,574,75,44,2,695,0,0,15,11,26,574,75,59,13,721,0,0,0,721
08/29/2015,BWI,MD,AEA,EN,Towers with Radar,508,54,29,1,592,0,0,13,1,14,508,54,42,2,606,19,0,19,625
08/30/2015,BWI,MD,AEA,EN,Towers with Radar,530,52,16,0,598,0,0,10,0,10,530,52,26,0,608,11,0,11,619
08/31/2015,BWI,MD,AEA,EN,Towers with Radar,581,65,26,0,672,0,0,8,0,8,581,65,34,0,680,12,0,12,692
09/01/2015,BWI,MD,AEA,EN,Towers with Radar,582,83,13,1,679,0,0,8,1,9,582,83,21,2,688,14,0,14,702
09/02/2015,BWI,MD,AEA,EN,Towers with Radar,579,88,40,2,709,0,0,6,2,8,579,88,46,4,717,11,0,11,728
09/03/2015,BWI,MD,AEA,EN,Towers with Radar,588,93,46,5,732,0,0,7,4,11,588,93,53,9,743,4,0,4,747
09/04/2015,BWI,MD,AEA,EN,Towers with Radar,579,76,37,0,692,0,0,2,0,2,579,76,39,0,694,13,0,13,707
09/05/2015,BWI,MD,AEA,EN,Towers with Radar,441,51,20,0,512,0,1,7,8,16,441,52,27,8,528,14,0,14,542
09/06/2015,BWI,MD,AEA,EN,Towers with Radar,449,29,17,0,495,0,1,4,4,9,449,30,21,4,504,15,0,15,519
09/07/2015,BWI,MD,AEA,EN,Towers with Radar,534,47,31,1,613,0,0,9,0,9,534,47,40,1,622,16,0,16,638
09/08/2015,BWI,MD,AEA,EN,Towers with Radar,565,71,34,2,672,0,1,6,3,10,565,72,40,5,682,17,0,17,699
09/09/2015,BWI,MD,AEA,EN,Towers with Radar,557,81,29,1,668,0,1,5,1,7,557,82,34,2,675,18,0,18,693
09/10/2015,BWI,MD,AEA,EN,Towers with Radar,540,71,35,0,646,0,0,0,0,0,540,71,35,0,646,8,0,8,654
09/11/2015,BWI,MD,AEA,EN,Towers with Radar,567,73,44,1,685,0,0,12,1,13,567,73,56,2,698,0,0,0,698
09/12/2015,BWI,MD,AEA,EN,Towers with Radar,473,58,7,1,539,0,0,1,0,1,473,58,8,1,540,12,0,12,552
09/13/2015,BWI,MD,AEA,EN,Towers with Radar,533,60,32,0,625,0,0,7,1,8,533,60,39,1,633,13,0,13,646
09/14/2015,BWI,MD,AEA,EN,Towers with Radar,565,79,24,2,670,0,1,6,1,8,565,80,30,3,678,14,0,14,692
09/15/2015,BWI,MD,AEA,EN,Towers with Radar,567,96,36,2,701,0,0,5,0,5,567,96,41,2,706,15,0,15,721
09/16/2015,BWI,MD,AEA,EN,Towers with Radar,576,95,55,5,731,0,0,9,2,11,576,95,64,7,742,16,0,16,758
09/17/2015,BWI,MD,AEA,EN,Towers with Radar,579,81,43,13,716,0,0,5,0,5,579,81,48,13,721,0,0,0,721
09/18/2015,BWI,MD,AEA,EN,Towers with Radar,565,92,46,8,711,0,0,12,3,15,565,92,58,11,726,0,0,0,726
09/19/2015,BWI,MD,AEA,EN,Towers with Radar,487,57,22,4,570,0,0,7,8,15,487,57,29,12,585,19,0,19,604
09/20/2015,BWI,MD,AEA,EN,Towers with Radar,531,49,44,4,628,0,0,6,2,8,531,49,50,6,636,12,0,12,648
09/21/2015,BWI,MD,AEA,EN,Towers with Radar,582,74,36,9,701,0,0,8,4,12,582,74,44,13,713,6,4,10,723
09/22/2015,BWI,MD,AEA,EN,Towers with Radar,571,86,35,4,696,0,0,0,0,0,571,86,35,4,696,6,0,6,702
09/23/2015,BWI,MD,AEA,EN,Towers with Radar,572,85,37,2,696,0,0,10,1,11,572,85,47,3,707,0,0,0,707
09/24/2015,BWI,MD,AEA,EN,Towers with Radar,590,98,58,4,750,0,0,15,3,18,590,98,73,7,768,4,0,4,772
09/25/2015,BWI,MD,AEA,EN,Towers with Radar,583,74,29,1,687,1,0,3,5,9,584,74,32,6,696,12,0,12,708
09/26/2015,BWI,MD,AEA,EN,Towers with Radar,484,50,9,0,543,0,0,6,2,8,484,50,15,2,551,16,0,16,567
09/27/2015,BWI,MD,AEA,EN,Towers with Radar,540,70,26,0,636,0,0,10,0,10,540,70,36,0,646,2,0,2,648
09/28/2015,BWI,MD,AEA,EN,Towers with Radar,571,78,27,5,681,0,0,5,2,7,571,78,32,7,688,6,0,6,694
09/29/2015,BWI,MD,AEA,EN,Towers with Radar,564,82,32,8,686,0,0,0,4,4,564,82,32,12,690,0,0,0,690
09/30/2015,BWI,MD,AEA,EN,Towers with Radar,576,87,54,8,725,0,0,1,0,1,576,87,55,8,726,0,0,0,726
10/01/2015,BWI,MD,AEA,EN,Towers with Radar,585,102,47,1,735,0,0,0,0,0,585,102,47,1,735,0,0,0,735
10/02/2015,BWI,MD,AEA,EN,Towers with Radar,588,78,38,0,704,0,0,0,0,0,588,78,38,0,704,0,0,0,704
10/03/2015,BWI,MD,AEA,EN,Towers with Radar,478,55,17,0,550,0,0,0,0,0,478,55,17,0,550,0,0,0,550
10/04/2015,BWI,MD,AEA,EN,Towers with Radar,537,56,26,0,619,0,1,0,1,2,537,57,26,1,621,0,0,0,621
10/05/2015,BWI,MD,AEA,EN,Towers with Radar,565,71,24,2,662,0,0,4,2,6,565,71,28,4,668,0,0,0,668
10/06/2015,BWI,MD,AEA,EN,Towers with Radar,569,87,47,0,703,0,1,12,2,15,569,88,59,2,718,0,0,0,718
10/07/2015,BWI,MD,AEA,EN,Towers with Radar,572,81,46,2,701,0,0,3,4,7,572,81,49,6,708,0,0,0,708
10/08/2015,BWI,MD,AEA,EN,Towers with Radar,587,87,61,0,735,0,0,16,0,16,587,87,77,0,751,0,0,0,751
10/09/2015,BWI,MD,AEA,EN,Towers with Radar,573,99,47,1,720,0,1,3,0,4,573,100,50,1,724,0,0,0,724
10/10/2015,BWI,MD,AEA,EN,Towers with Radar,512,68,27,0,607,0,1,11,7,19,512,69,38,7,626,0,0,0,626
10/11/2015,BWI,MD,AEA,EN,Towers with Radar,536,62,37,0,635,0,0,8,5,13,536,62,45,5,648,0,0,0,648
10/12/2015,BWI,MD,AEA,EN,Towers with Radar,566,78,41,2,687,0,0,8,8,16,566,78,49,10,703,0,0,0,703
10/13/2015,BWI,MD,AEA,EN,Towers with Radar,567,86,58,0,711,0,0,4,0,4,567,86,62,0,715,0,0,0,715
10/14/2015,BWI,MD,AEA,EN,Towers with Radar,566,88,61,0,715,0,0,4,0,4,566,88,65,0,719,0,0,0,719
10/15/2015,BWI,MD,AEA,EN,Towers with Radar,580,90,65,0,735,0,0,9,8,17,580,90,74,8,752,0,0,0,752
10/16/2015,BWI,MD,AEA,EN,Towers with Radar,581,81,48,2,712,0,0,11,2,13,581,81,59,4,725,0,0,0,725
10/17/2015,BWI,MD,AEA,EN,Towers with Radar,482,48,21,2,553,0,0,14,4,18,482,48,35,6,571,0,0,0,571
10/18/2015,BWI,MD,AEA,EN,Towers with Radar,530,52,18,0,600,0,0,6,0,6,530,52,24,0,606,0,0,0,606
10/19/2015,BWI,MD,AEA,EN,Towers with Radar,576,75,36,5,692,0,0,13,6,19,576,75,49,11,711,0,0,0,711
10/20/2015,BWI,MD,AEA,EN,Towers with Radar,573,71,40,1,685,0,0,11,2,13,573,71,51,3,698,0,0,0,698
10/21/2015,BWI,MD,AEA,EN,Towers with Radar,577,87,52,2,718,0,0,9,1,10,577,87,61,3,728,0,0,0,728
10/22/2015,BWI,MD,AEA,EN,Towers with Radar,586,88,57,2,733,0,1,10,0,11,586,89,67,2,744,0,0,0,744
10/23/2015,BWI,MD,AEA,EN,Towers with Radar,564,100,44,3,711,0,1,14,11,26,564,101,58,14,737,0,0,0,737
10/24/2015,BWI,MD,AEA,EN,Towers with Radar,489,50,24,4,567,0,0,7,2,9,489,50,31,6,576,0,0,0,576
10/25/2015,BWI,MD,AEA,EN,Towers with Radar,536,77,31,1,645,0,0,0,5,5,536,77,31,6,650,0,0,0,650
10/26/2015,BWI,MD,AEA,EN,Towers with Radar,563,72,44,1,680,0,0,17,0,17,563,72,61,1,697,0,0,0,697
10/27/2015,BWI,MD,AEA,EN,Towers with Radar,562,83,27,4,676,0,0,6,0,6,562,83,33,4,682,0,0,0,682
10/28/2015,BWI,MD,AEA,EN,Towers with Radar,560,88,28,0,676,0,0,0,0,0,560,88,28,0,676,0,0,0,676
10/29/2015,BWI,MD,AEA,EN,Towers with Radar,574,100,43,1,718,0,0,15,1,16,574,100,58,2,734,0,0,0,734
10/30/2015,BWI,MD,AEA,EN,Towers with Radar,576,90,26,3,695,0,2,15,2,19,576,92,41,5,714,0,0,0,714
10/31/2015,BWI,MD,AEA,EN,Towers with Radar,433,37,28,0,498,0,0,12,6,18,433,37,40,6,516,0,0,0,516
11/01/2015,BWI,MD,AEA,EN,Towers with Radar,540,78,17,1,636,0,0,7,2,9,540,78,24,3,645,0,0,0,645
11/02/2015,BWI,MD,AEA,EN,Towers with Radar,582,79,26,0,687,0,1,15,0,16,582,80,41,0,703,0,0,0,703
11/03/2015,BWI,MD,AEA,EN,Towers with Radar,570,99,49,1,719,0,0,13,2,15,570,99,62,3,734,0,0,0,734
11/04/2015,BWI,MD,AEA,EN,Towers with Radar,566,100,43,7,716,0,1,9,4,14,566,101,52,11,730,0,0,0,730
11/05/2015,BWI,MD,AEA,EN,Towers with Radar,593,113,36,0,742,1,0,1,0,2,594,113,37,0,744,0,0,0,744
11/06/2015,BWI,MD,AEA,EN,Towers with Radar,600,95,39,3,737,0,1,7,2,10,600,96,46,5,747,0,0,0,747
11/07/2015,BWI,MD,AEA,EN,Towers with Radar,478,57,26,0,561,0,0,7,0,7,478,57,33,0,568,0,0,0,568
11/08/2015,BWI,MD,AEA,EN,Towers with Radar,547,76,30,3,656,0,0,5,0,5,547,76,35,3,661,0,0,0,661
11/09/2015,BWI,MD,AEA,EN,Towers with Radar,587,75,30,3,695,0,0,7,0,7,587,75,37,3,702,0,0,0,702
11/10/2015,BWI,MD,AEA,EN,Towers with Radar,582,85,23,2,692,0,0,0,0,0,582,85,23,2,692,0,0,0,692
11/11/2015,BWI,MD,AEA,EN,Towers with Radar,590,92,37,3,722,0,0,9,3,12,590,92,46,6,734,0,0,0,734
11/12/2015,BWI,MD,AEA,EN,Towers with Radar,588,92,33,1,714,0,3,3,1,7,588,95,36,2,721,0,0,0,721
11/13/2015,BWI,MD,AEA,EN,Towers with Radar,590,91,41,4,726,0,0,10,3,13,590,91,51,7,739,0,0,0,739
11/14/2015,BWI,MD,AEA,EN,Towers with Radar,469,52,20,0,541,0,0,10,0,10,469,52,30,0,551,0,0,0,551
11/15/2015,BWI,MD,AEA,EN,Towers with Radar,553,78,35,0,666,0,2,8,0,10,553,80,43,0,676,0,0,0,676
11/16/2015,BWI,MD,AEA,EN,Towers with Radar,584,73,39,1,697,0,1,12,2,15,584,74,51,3,712,0,0,0,712
11/17/2015,BWI,MD,AEA,EN,Towers with Radar,565,86,55,5,711,0,0,9,1,10,565,86,64,6,721,0,0,0,721
11/18/2015,BWI,MD,AEA,EN,Towers with Radar,587,91,57,0,735,0,1,13,0,14,587,92,70,0,749,0,0,0,749
11/19/2015,BWI,MD,AEA,EN,Towers with Radar,597,86,38,0,721,0,0,0,0,0,597,86,38,0,721,0,0,0,721
11/20/2015,BWI,MD,AEA,EN,Towers with Radar,586,88,37,0,711,0,2,12,0,14,586,90,49,0,725,0,0,0,725
11/21/2015,BWI,MD,AEA,EN,Towers with Radar,466,54,15,0,535,0,3,21,0,24,466,57,36,0,559,0,0,0,559
11/22/2015,BWI,MD,AEA,EN,Towers with Radar,550,59,19,0,628,0,2,6,0,8,550,61,25,0,636,0,0,0,636
11/23/2015,BWI,MD,AEA,EN,Towers with Radar,564,66,35,3,668,0,0,13,0,13,564,66,48,3,681,0,0,0,681
11/24/2015,BWI,MD,AEA,EN,Towers with Radar,618,113,45,1,777,0,0,5,0,5,618,113,50,1,782,0,0,0,782
11/25/2015,BWI,MD,AEA,EN,Towers with Radar,636,88,23,1,748,0,1,13,2,16,636,89,36,3,764,0,0,0,764
11/26/2015,BWI,MD,AEA,EN,Towers with Radar,366,35,15,1,417,0,0,3,0,3,366,35,18,1,420,0,0,0,420
11/27/2015,BWI,MD,AEA,EN,Towers with Radar,484,47,12,1,544,0,1,6,0,7,484,48,18,1,551,0,0,0,551
11/28/2015,BWI,MD,AEA,EN,Towers with Radar,579,69,20,0,668,0,2,6,0,8,579,71,26,0,676,0,0,0,676
11/29/2015,BWI,MD,AEA,EN,Towers with Radar,640,71,46,0,757,0,0,2,0,2,640,71,48,0,759,0,0,0,759
11/30/2015,BWI,MD,AEA,EN,Towers with Radar,636,87,44,2,769,0,0,1,0,1,636,87,45,2,770,0,0,0,770
12/01/2015,BWI,MD,AEA,EN,Towers with Radar,585,100,25,3,713,0,0,1,0,1,585,100,26,3,714,0,0,0,714
12/02/2015,BWI,MD,AEA,EN,Towers with Radar,596,85,33,3,717,0,0,0,0,0,596,85,33,3,717,0,0,0,717
12/03/2015,BWI,MD,AEA,EN,Towers with Radar,585,96,38,0,719,0,2,10,0,12,585,98,48,0,731,0,0,0,731
12/04/2015,BWI,MD,AEA,EN,Towers with Radar,575,84,46,3,708,0,2,29,2,33,575,86,75,5,741,0,0,0,741
12/05/2015,BWI,MD,AEA,EN,Towers with Radar,458,45,18,0,521,0,2,8,0,10,458,47,26,0,531,0,0,0,531
12/06/2015,BWI,MD,AEA,EN,Towers with Radar,553,64,20,0,637,0,1,4,0,5,553,65,24,0,642,0,0,0,642
12/07/2015,BWI,MD,AEA,EN,Towers with Radar,566,66,55,2,689,0,2,9,1,12,566,68,64,3,701,0,0,0,701
12/08/2015,BWI,MD,AEA,EN,Towers with Radar,580,81,52,6,719,0,0,7,0,7,580,81,59,6,726,6,4,10,736
12/09/2015,BWI,MD,AEA,EN,Towers with Radar,572,96,67,9,744,0,1,1,0,2,572,97,68,9,746,0,0,0,746
12/10/2015,BWI,MD,AEA,EN,Towers with Radar,587,73,63,4,727,0,0,5,4,9,587,73,68,8,736,12,0,12,748
12/11/2015,BWI,MD,AEA,EN,Towers with Radar,574,94,34,0,702,1,1,7,0,9,575,95,41,0,711,0,0,0,711
12/12/2015,BWI,MD,AEA,EN,Towers with Radar,455,55,23,1,534,0,2,8,0,10,455,57,31,1,544,28,0,28,572
12/13/2015,BWI,MD,AEA,EN,Towers with Radar,535,47,24,0,606,1,0,5,0,6,536,47,29,0,612,6,0,6,618
12/14/2015,BWI,MD,AEA,EN,Towers with Radar,576,75,33,2,686,0,0,0,1,1,576,75,33,3,687,0,0,0,687
12/15/2015,BWI,MD,AEA,EN,Towers with Radar,588,83,35,2,708,0,0,5,3,8,588,83,40,5,716,12,0,12,728
12/16/2015,BWI,MD,AEA,EN,Towers with Radar,588,77,39,2,706,0,0,7,2,9,588,77,46,4,715,0,0,0,715
12/17/2015,BWI,MD,AEA,EN,Towers with Radar,596,96,27,4,723,0,0,0,0,0,596,96,27,4,723,0,0,0,723
12/18/2015,BWI,MD,AEA,EN,Towers with Radar,597,86,32,2,717,0,0,4,2,6,597,86,36,4,723,0,0,0,723
12/19/2015,BWI,MD,AEA,EN,Towers with Radar,492,75,24,0,591,0,3,6,1,10,492,78,30,1,601,0,0,0,601
12/20/2015,BWI,MD,AEA,EN,Towers with Radar,538,66,31,0,635,0,1,9,0,10,538,67,40,0,645,0,0,0,645
12/21/2015,BWI,MD,AEA,EN,Towers with Radar,573,74,34,0,681,0,0,8,0,8,573,74,42,0,689,0,0,0,689
12/22/2015,BWI,MD,AEA,EN,Towers with Radar,584,84,15,6,689,0,0,0,2,2,584,84,15,8,691,0,0,0,691
12/23/2015,BWI,MD,AEA,EN,Towers with Radar,635,85,9,1,730,0,0,0,0,0,635,85,9,1,730,0,0,0,730
12/24/2015,BWI,MD,AEA,EN,Towers with Radar,505,61,10,1,577,0,0,0,0,0,505,61,10,1,577,0,0,0,577
12/25/2015,BWI,MD,AEA,EN,Towers with Radar,459,41,2,0,502,0,0,0,0,0,459,41,2,0,502,0,0,0,502
12/26/2015,BWI,MD,AEA,EN,Towers with Radar,554,67,16,0,637,0,0,1,0,1,554,67,17,0,638,0,0,0,638
12/27/2015,BWI,MD,AEA,EN,Towers with Radar,600,62,24,0,686,0,0,0,0,0,600,62,24,0,686,0,0,0,686
12/28/2015,BWI,MD,AEA,EN,Towers with Radar,549,54,16,0,619,0,0,4,0,4,549,54,20,0,623,0,0,0,623
12/29/2015,BWI,MD,AEA,EN,Towers with Radar,556,74,17,2,649,0,0,0,0,0,556,74,17,2,649,0,0,0,649
12/30/2015,BWI,MD,AEA,EN,Towers with Radar,574,76,9,0,659,0,0,0,0,0,574,76,9,0,659,0,0,0,659
12/31/2015,BWI,MD,AEA,EN,Towers with Radar,465,49,14,0,528,0,0,2,0,2,465,49,16,0,530,0,0,0,530
01/01/2016,BWI,MD,AEA,EN,Towers with Radar,435,44,14,0,493,0,0,0,0,0,435,44,14,0,493,0,0,0,493
01/02/2016,BWI,MD,AEA,EN,Towers with Radar,578,50,32,0,660,0,0,10,0,10,578,50,42,0,670,0,0,0,670
01/03/2016,BWI,MD,AEA,EN,Towers with Radar,616,63,30,0,709,0,0,2,0,2,616,63,32,0,711,16,16,32,743
01/04/2016,BWI,MD,AEA,EN,Towers with Radar,564,72,11,1,648,0,2,3,0,5,564,74,14,1,653,0,0,0,653
01/05/2016,BWI,MD,AEA,EN,Towers with Radar,551,73,11,0,635,0,2,6,0,8,551,75,17,0,643,0,0,0,643
01/06/2016,BWI,MD,AEA,EN,Towers with Radar,519,64,36,0,619,0,3,3,0,6,519,67,39,0,625,0,0,0,625
01/07/2016,BWI,MD,AEA,EN,Towers with Radar,523,77,17,2,619,0,0,9,0,9,523,77,26,2,628,0,0,0,628
01/08/2016,BWI,MD,AEA,EN,Towers with Radar,529,67,22,3,621,0,0,0,0,0,529,67,22,3,621,0,0,0,621
01/09/2016,BWI,MD,AEA,EN,Towers with Radar,481,41,13,0,535,0,0,0,0,0,481,41,13,0,535,0,0,0,535
01/10/2016,BWI,MD,AEA,EN,Towers with Radar,459,59,21,3,542,0,1,2,0,3,459,60,23,3,545,0,0,0,545
01/11/2016,BWI,MD,AEA,EN,Towers with Radar,526,54,19,1,600,0,0,7,1,8,526,54,26,2,608,0,0,0,608
01/12/2016,BWI,MD,AEA,EN,Towers with Radar,524,59,28,2,613,0,0,7,1,8,524,59,35,3,621,0,0,0,621
01/13/2016,BWI,MD,AEA,EN,Towers with Radar,533,71,49,0,653,0,0,4,1,5,533,71,53,1,658,0,0,0,658
01/14/2016,BWI,MD,AEA,EN,Towers with Radar,530,59,42,5,636,0,2,18,1,21,530,61,60,6,657,0,0,0,657
01/15/2016,BWI,MD,AEA,EN,Towers with Radar,535,72,38,0,645,0,1,10,1,12,535,73,48,1,657,0,0,0,657
01/16/2016,BWI,MD,AEA,EN,Towers with Radar,470,44,17,0,531,0,3,4,4,11,470,47,21,4,542,0,0,0,542
01/17/2016,BWI,MD,AEA,EN,Towers with Radar,440,40,10,0,490,0,0,0,0,0,440,40,10,0,490,0,0,0,490
01/18/2016,BWI,MD,AEA,EN,Towers with Radar,523,56,24,0,603,0,0,2,0,2,523,56,26,0,605,0,0,0,605
01/19/2016,BWI,MD,AEA,EN,Towers with Radar,513,78,28,1,620,0,2,1,3,6,513,80,29,4,626,0,0,0,626
01/20/2016,BWI,MD,AEA,EN,Towers with Radar,523,64,32,5,624,0,1,4,2,7,523,65,36,7,631,0,0,0,631
01/21/2016,BWI,MD,AEA,EN,Towers with Radar,529,82,35,0,646,0,0,18,2,20,529,82,53,2,666,0,0,0,666
01/22/2016,BWI,MD,AEA,EN,Towers with Radar,262,41,15,1,319,0,1,0,1,2,262,42,15,2,321,0,0,0,321
01/23/2016,BWI,MD,AEA,EN,Towers with Radar,1,0,0,0,1,0,0,0,0,0,1,0,0,0,1,0,0,0,1
01/24/2016,BWI,MD,AEA,EN,Towers with Radar,32,5,8,0,45,0,0,0,0,0,32,5,8,0,45,0,0,0,45
01/25/2016,BWI,MD,AEA,EN,Towers with Radar,406,76,45,4,531,0,0,2,0,2,406,76,47,4,533,0,0,0,533
01/26/2016,BWI,MD,AEA,EN,Towers with Radar,502,74,32,2,610,0,0,0,2,2,502,74,32,4,612,0,0,0,612
01/27/2016,BWI,MD,AEA,EN,Towers with Radar,534,89,29,7,659,0,0,1,8,9,534,89,30,15,668,0,0,0,668
01/28/2016,BWI,MD,AEA,EN,Towers with Radar,533,60,36,3,632,0,1,6,5,12,533,61,42,8,644,0,0,0,644
01/29/2016,BWI,MD,AEA,EN,Towers with Radar,533,83,44,6,666,0,1,2,0,3,533,84,46,6,669,0,0,0,669
01/30/2016,BWI,MD,AEA,EN,Towers with Radar,486,49,23,1,559,0,2,14,1,17,486,51,37,2,576,0,0,0,576
01/31/2016,BWI,MD,AEA,EN,Towers with Radar,453,54,12,1,520,0,2,6,0,8,453,56,18,1,528,0,0,0,528
02/01/2016,BWI,MD,AEA,EN,Towers with Radar,522,57,26,3,608,0,0,1,3,4,522,57,27,6,612,0,0,0,612
02/02/2016,BWI,MD,AEA,EN,Towers with Radar,511,85,34,0,630,0,2,7,3,12,511,87,41,3,642,0,0,0,642
02/03/2016,BWI,MD,AEA,EN,Towers with Radar,529,92,30,0,651,0,0,0,0,0,529,92,30,0,651,0,0,0,651
02/04/2016,BWI,MD,AEA,EN,Towers with Radar,538,93,53,2,686,0,1,17,3,21,538,94,70,5,707,0,0,0,707
02/05/2016,BWI,MD,AEA,EN,Towers with Radar,524,79,38,2,643,0,4,8,2,14,524,83,46,4,657,0,0,0,657
02/06/2016,BWI,MD,AEA,EN,Towers with Radar,479,52,16,0,547,0,1,11,0,12,479,53,27,0,559,0,0,0,559
02/07/2016,BWI,MD,AEA,EN,Towers with Radar,383,44,29,0,456,0,0,8,0,8,383,44,37,0,464,0,0,0,464
02/08/2016,BWI,MD,AEA,EN,Towers with Radar,493,66,19,4,582,0,0,8,4,12,493,66,27,8,594,0,0,0,594
02/09/2016,BWI,MD,AEA,EN,Towers with Radar,481,77,18,0,576,0,0,0,0,0,481,77,18,0,576,0,0,0,576
02/10/2016,BWI,MD,AEA,EN,Towers with Radar,534,74,21,2,631,0,0,7,1,8,534,74,28,3,639,0,0,0,639
02/11/2016,BWI,MD,AEA,EN,Towers with Radar,529,85,34,1,649,0,1,1,2,4,529,86,35,3,653,0,0,0,653
02/12/2016,BWI,MD,AEA,EN,Towers with Radar,539,75,21,0,635,0,2,0,0,2,539,77,21,0,637,0,0,0,637
02/13/2016,BWI,MD,AEA,EN,Towers with Radar,484,43,10,1,538,0,0,0,1,1,484,43,10,2,539,0,0,0,539
02/14/2016,BWI,MD,AEA,EN,Towers with Radar,436,38,14,0,488,0,3,15,5,23,436,41,29,5,511,0,0,0,511
02/15/2016,BWI,MD,AEA,EN,Towers with Radar,356,34,14,0,404,0,0,0,0,0,356,34,14,0,404,0,0,0,404
02/16/2016,BWI,MD,AEA,EN,Towers with Radar,516,73,44,0,633,0,0,0,0,0,516,73,44,0,633,0,0,0,633
02/17/2016,BWI,MD,AEA,EN,Towers with Radar,539,75,33,4,651,0,0,13,5,18,539,75,46,9,669,0,0,0,669
02/18/2016,BWI,MD,AEA,EN,Towers with Radar,528,72,48,4,652,0,4,13,2,19,528,76,61,6,671,0,0,0,671
02/19/2016,BWI,MD,AEA,EN,Towers with Radar,543,65,26,0,634,0,1,15,0,16,543,66,41,0,650,0,0,0,650
02/20/2016,BWI,MD,AEA,EN,Towers with Radar,481,49,17,0,547,0,2,20,6,28,481,51,37,6,575,0,0,0,575
02/21/2016,BWI,MD,AEA,EN,Towers with Radar,458,43,25,0,526,0,2,4,3,9,458,45,29,3,535,0,0,0,535
02/22/2016,BWI,MD,AEA,EN,Towers with Radar,528,62,27,2,619,0,0,14,3,17,528,62,41,5,636,0,0,0,636
02/23/2016,BWI,MD,AEA,EN,Towers with Radar,525,66,22,0,613,0,0,0,0,0,525,66,22,0,613,0,0,0,613
02/24/2016,BWI,MD,AEA,EN,Towers with Radar,479,57,18,0,554,0,0,0,1,1,479,57,18,1,555,0,0,0,555
02/25/2016,BWI,MD,AEA,EN,Towers with Radar,547,95,35,5,682,0,1,3,1,5,547,96,38,6,687,0,0,0,687
02/26/2016,BWI,MD,AEA,EN,Towers with Radar,537,76,38,4,655,0,2,5,1,8,537,78,43,5,663,0,0,0,663
02/27/2016,BWI,MD,AEA,EN,Towers with Radar,484,39,23,0,546,0,0,5,0,5,484,39,28,0,551,0,0,0,551
02/28/2016,BWI,MD,AEA,EN,Towers with Radar,467,60,32,0,559,9,1,10,0,20,476,61,42,0,579,0,0,0,579
02/29/2016,BWI,MD,AEA,EN,Towers with Radar,531,54,19,3,607,0,0,4,4,8,531,54,23,7,615,0,0,0,615
03/01/2016,BWI,MD,AEA,EN,Towers with Radar,524,68,45,0,637,0,1,6,0,7,524,69,51,0,644,0,0,0,644
03/02/2016,BWI,MD,AEA,EN,Towers with Radar,536,71,38,1,646,0,0,0,1,1,536,71,38,2,647,0,0,0,647
03/03/2016,BWI,MD,AEA,EN,Towers with Radar,524,86,58,8,676,0,0,11,3,14,524,86,69,11,690,0,0,0,690
03/04/2016,BWI,MD,AEA,EN,Towers with Radar,547,76,31,0,654,0,1,0,0,1,547,77,31,0,655,0,0,0,655
03/05/2016,BWI,MD,AEA,EN,Towers with Radar,484,50,18,0,552,0,1,11,2,14,484,51,29,2,566,0,0,0,566
03/06/2016,BWI,MD,AEA,EN,Towers with Radar,454,52,22,0,528,0,2,7,2,11,454,54,29,2,539,0,0,0,539
03/07/2016,BWI,MD,AEA,EN,Towers with Radar,528,74,35,6,643,0,0,5,3,8,528,74,40,9,651,0,0,0,651
03/08/2016,BWI,MD,AEA,EN,Towers with Radar,526,87,35,1,649,0,1,9,1,11,526,88,44,2,660,0,0,0,660
03/09/2016,BWI,MD,AEA,EN,Towers with Radar,516,91,47,1,655,0,0,4,3,7,516,91,51,4,662,0,0,0,662
03/10/2016,BWI,MD,AEA,EN,Towers with Radar,574,86,38,2,700,0,2,8,0,10,574,88,46,2,710,0,0,0,710
03/11/2016,BWI,MD,AEA,EN,Towers with Radar,581,83,39,1,704,0,0,16,3,19,581,83,55,4,723,0,0,0,723
03/12/2016,BWI,MD,AEA,EN,Towers with Radar,506,59,16,0,581,0,0,13,0,13,506,59,29,0,594,0,0,0,594
03/13/2016,BWI,MD,AEA,EN,Towers with Radar,563,73,17,0,653,0,0,3,0,3,563,73,20,0,656,0,0,0,656
03/14/2016,BWI,MD,AEA,EN,Towers with Radar,576,61,24,0,661,0,0,0,0,0,576,61,24,0,661,0,0,0,661
03/15/2016,BWI,MD,AEA,EN,Towers with Radar,574,76,41,0,691,2,0,3,0,5,576,76,44,0,696,0,0,0,696
03/16/2016,BWI,MD,AEA,EN,Towers with Radar,579,79,36,5,699,0,1,10,1,12,579,80,46,6,711,0,0,0,711
03/17/2016,BWI,MD,AEA,EN,Towers with Radar,583,75,38,2,698,0,0,15,2,17,583,75,53,4,715,0,0,0,715
03/18/2016,BWI,MD,AEA,EN,Towers with Radar,585,84,40,1,710,0,0,7,0,7,585,84,47,1,717,0,0,0,717
03/19/2016,BWI,MD,AEA,EN,Towers with Radar,512,62,19,1,594,0,0,5,0,5,512,62,24,1,599,0,0,0,599
03/20/2016,BWI,MD,AEA,EN,Towers with Radar,533,55,28,0,616,0,0,1,0,1,533,55,29,0,617,0,0,0,617
03/21/2016,BWI,MD,AEA,EN,Towers with Radar,571,75,30,2,678,0,0,13,2,15,571,75,43,4,693,0,0,0,693
03/22/2016,BWI,MD,AEA,EN,Towers with Radar,573,84,30,2,689,0,0,11,4,15,573,84,41,6,704,0,0,0,704
03/23/2016,BWI,MD,AEA,EN,Towers with Radar,570,81,34,1,686,0,3,22,5,30,570,84,56,6,716,0,0,0,716
03/24/2016,BWI,MD,AEA,EN,Towers with Radar,580,81,21,3,685,0,6,15,5,26,580,87,36,8,711,0,0,0,711
03/25/2016,BWI,MD,AEA,EN,Towers with Radar,584,76,11,0,671,0,1,1,3,5,584,77,12,3,676,0,0,0,676
03/26/2016,BWI,MD,AEA,EN,Towers with Radar,501,57,25,2,585,0,2,18,2,22,501,59,43,4,607,0,0,0,607
03/27/2016,BWI,MD,AEA,EN,Towers with Radar,534,61,10,0,605,0,0,1,0,1,534,61,11,0,606,0,0,0,606
03/28/2016,BWI,MD,AEA,EN,Towers with Radar,575,71,26,3,675,0,0,3,0,3,575,71,29,3,678,0,0,0,678
03/29/2016,BWI,MD,AEA,EN,Towers with Radar,571,73,35,4,683,0,3,3,5,11,571,76,38,9,694,0,0,0,694
03/30/2016,BWI,MD,AEA,EN,Towers with Radar,569,77,37,3,686,0,3,11,6,20,569,80,48,9,706,0,0,0,706
03/31/2016,BWI,MD,AEA,EN,Towers with Radar,586,82,30,11,709,0,2,11,3,16,586,84,41,14,725,0,0,0,725
04/01/2016,BWI,MD,AEA,EN,Towers with Radar,575,90,26,5,696,0,2,3,1,6,575,92,29,6,702,0,0,0,702
04/02/2016,BWI,MD,AEA,EN,Towers with Radar,493,63,22,1,579,0,2,11,5,18,493,65,33,6,597,0,0,0,597
04/03/2016,BWI,MD,AEA,EN,Towers with Radar,537,79,14,0,630,0,2,1,0,3,537,81,15,0,633,0,0,0,633
04/04/2016,BWI,MD,AEA,EN,Towers with Radar,558,84,17,1,660,1,3,14,2,20,559,87,31,3,680,0,0,0,680
04/05/2016,BWI,MD,AEA,EN,Towers with Radar,582,86,27,0,695,1,0,8,4,13,583,86,35,4,708,0,0,0,708
04/06/2016,BWI,MD,AEA,EN,Towers with Radar,576,90,38,3,707,0,1,8,6,15,576,91,46,9,722,0,0,0,722
04/07/2016,BWI,MD,AEA,EN,Towers with Radar,594,84,50,2,730,0,1,2,0,3,594,85,52,2,733,0,0,0,733
04/08/2016,BWI,MD,AEA,EN,Towers with Radar,577,89,40,5,711,0,3,9,3,15,577,92,49,8,726,0,0,0,726
04/09/2016,BWI,MD,AEA,EN,Towers with Radar,505,51,20,0,576,0,0,1,0,1,505,51,21,0,577,0,0,0,577
04/10/2016,BWI,MD,AEA,EN,Towers with Radar,544,75,34,0,653,0,2,10,2,14,544,77,44,2,667,0,0,0,667
04/11/2016,BWI,MD,AEA,EN,Towers with Radar,576,71,25,2,674,0,2,7,0,9,576,73,32,2,683,0,0,0,683
04/12/2016,BWI,MD,AEA,EN,Towers with Radar,574,82,46,2,704,0,2,5,3,10,574,84,51,5,714,0,0,0,714
04/13/2016,BWI,MD,AEA,EN,Towers with Radar,589,75,40,4,708,0,1,12,2,15,589,76,52,6,723,0,0,0,723
04/14/2016,BWI,MD,AEA,EN,Towers with Radar,599,89,43,3,734,0,2,16,6,24,599,91,59,9,758,0,0,0,758
04/15/2016,BWI,MD,AEA,EN,Towers with Radar,592,68,30,2,692,0,1,19,3,23,592,69,49,5,715,0,0,0,715
04/16/2016,BWI,MD,AEA,EN,Towers with Radar,492,43,27,0,562,0,3,25,2,30,492,46,52,2,592,0,0,0,592
04/17/2016,BWI,MD,AEA,EN,Towers with Radar,537,58,22,0,617,0,2,23,2,27,537,60,45,2,644,0,0,0,644
04/18/2016,BWI,MD,AEA,EN,Towers with Radar,599,71,39,3,712,0,1,11,4,16,599,72,50,7,728,0,0,0,728
04/19/2016,BWI,MD,AEA,EN,Towers with Radar,599,80,34,1,714,0,2,9,0,11,599,82,43,1,725,0,0,0,725
04/20/2016,BWI,MD,AEA,EN,Towers with Radar,600,86,51,2,739,0,0,10,2,12,600,86,61,4,751,0,0,0,751
04/21/2016,BWI,MD,AEA,EN,Towers with Radar,603,91,29,2,725,0,1,14,4,19,603,92,43,6,744,0,0,0,744
04/22/2016,BWI,MD,AEA,EN,Towers with Radar,601,86,35,2,724,0,0,4,2,6,601,86,39,4,730,0,0,0,730
04/23/2016,BWI,MD,AEA,EN,Towers with Radar,509,46,16,0,571,0,1,11,0,12,509,47,27,0,583,0,0,0,583
04/24/2016,BWI,MD,AEA,EN,Towers with Radar,545,60,20,0,625,0,2,21,1,24,545,62,41,1,649,0,0,0,649
04/25/2016,BWI,MD,AEA,EN,Towers with Radar,600,73,41,1,715,0,0,17,2,19,600,73,58,3,734,0,0,0,734
04/26/2016,BWI,MD,AEA,EN,Towers with Radar,604,75,29,2,710,0,1,7,3,11,604,76,36,5,721,0,0,0,721
04/27/2016,BWI,MD,AEA,EN,Towers with Radar,609,78,51,1,739,0,0,1,1,2,609,78,52,2,741,0,0,0,741
04/28/2016,BWI,MD,AEA,EN,Towers with Radar,610,88,30,1,729,1,0,0,0,1,611,88,30,1,730,0,0,0,730
04/29/2016,BWI,MD,AEA,EN,Towers with Radar,602,80,30,4,716,0,0,1,1,2,602,80,31,5,718,0,0,0,718
04/30/2016,BWI,MD,AEA,EN,Towers with Radar,503,46,18,0,567,0,1,4,0,5,503,47,22,0,572,0,0,0,572
05/01/2016,BWI,MD,AEA,EN,Towers with Radar,545,52,16,6,619,0,0,0,0,0,545,52,16,6,619,0,0,0,619
05/02/2016,BWI,MD,AEA,EN,Towers with Radar,564,49,30,4,647,0,0,0,0,0,564,49,30,4,647,0,0,0,647
05/03/2016,BWI,MD,AEA,EN,Towers with Radar,648,78,47,2,775,0,0,0,1,1,648,78,47,3,776,0,0,0,776
05/04/2016,BWI,MD,AEA,EN,Towers with Radar,596,93,42,2,733,1,1,0,0,2,597,94,42,2,735,0,0,0,735
05/05/2016,BWI,MD,AEA,EN,Towers with Radar,610,93,51,4,758,0,0,4,0,4,610,93,55,4,762,0,0,0,762
05/06/2016,BWI,MD,AEA,EN,Towers with Radar,616,75,28,1,720,0,1,1,0,2,616,76,29,1,722,0,0,0,722
05/07/2016,BWI,MD,AEA,EN,Towers with Radar,516,63,22,9,610,0,0,15,1,16,516,63,37,10,626,0,0,0,626
05/08/2016,BWI,MD,AEA,EN,Towers with Radar,558,57,19,0,634,0,2,6,0,8,558,59,25,0,642,0,0,0,642
05/09/2016,BWI,MD,AEA,EN,Towers with Radar,609,67,50,4,730,1,1,15,3,20,610,68,65,7,750,0,0,0,750
05/10/2016,BWI,MD,AEA,EN,Towers with Radar,606,74,31,3,714,0,1,3,6,10,606,75,34,9,724,0,0,0,724
05/11/2016,BWI,MD,AEA,EN,Towers with Radar,618,93,40,6,757,0,0,1,0,1,618,93,41,6,758,0,0,0,758
05/12/2016,BWI,MD,AEA,EN,Towers with Radar,603,76,49,3,731,0,0,3,0,3,603,76,52,3,734,0,0,0,734
05/13/2016,BWI,MD,AEA,EN,Towers with Radar,626,76,33,0,735,0,2,4,0,6,626,78,37,0,741,0,0,0,741
05/14/2016,BWI,MD,AEA,EN,Towers with Radar,510,56,15,2,583,1,2,8,2,13,511,58,23,4,596,0,0,0,596
05/15/2016,BWI,MD,AEA,EN,Towers with Radar,557,64,27,2,650,0,0,2,1,3,557,64,29,3,653,0,0,0,653
05/16/2016,BWI,MD,AEA,EN,Towers with Radar,611,69,51,7,738,0,2,14,10,26,611,71,65,17,764,0,0,0,764
05/17/2016,BWI,MD,AEA,EN,Towers with Radar,614,83,36,7,740,0,0,4,0,4,614,83,40,7,744,0,0,0,744
05/18/2016,BWI,MD,AEA,EN,Towers with Radar,611,77,59,4,751,0,3,6,1,10,611,80,65,5,761,0,0,0,761
05/19/2016,BWI,MD,AEA,EN,Towers with Radar,629,95,41,3,768,0,1,7,4,12,629,96,48,7,780,0,0,0,780
05/20/2016,BWI,MD,AEA,EN,Towers with Radar,620,92,55,0,767,0,0,16,0,16,620,92,71,0,783,0,0,0,783
05/21/2016,BWI,MD,AEA,EN,Towers with Radar,512,60,35,0,607,0,0,1,2,3,512,60,36,2,610,0,0,0,610
05/22/2016,BWI,MD,AEA,EN,Towers with Radar,571,75,43,3,692,0,0,0,0,0,571,75,43,3,692,0,0,0,692
05/23/2016,BWI,MD,AEA,EN,Towers with Radar,613,64,37,3,717,0,4,4,0,8,613,68,41,3,725,0,0,0,725
05/24/2016,BWI,MD,AEA,EN,Towers with Radar,617,76,44,8,745,0,7,30,2,39,617,83,74,10,784,0,0,0,784
05/25/2016,BWI,MD,AEA,EN,Towers with Radar,613,78,45,7,743,0,6,16,3,25,613,84,61,10,768,0,0,0,768
05/26/2016,BWI,MD,AEA,EN,Towers with Radar,617,79,40,1,737,0,2,5,1,8,617,81,45,2,745,0,0,0,745
05/27/2016,BWI,MD,AEA,EN,Towers with Radar,636,84,32,4,756,0,4,14,5,23,636,88,46,9,779,0,0,0,779
05/28/2016,BWI,MD,AEA,EN,Towers with Radar,510,47,17,0,574,0,6,15,3,24,510,53,32,3,598,0,0,0,598
05/29/2016,BWI,MD,AEA,EN,Towers with Radar,480,42,10,3,535,0,0,2,0,2,480,42,12,3,537,0,0,0,537
05/30/2016,BWI,MD,AEA,EN,Towers with Radar,556,58,18,1,633,0,2,2,0,4,556,60,20,1,637,0,0,0,637
05/31/2016,BWI,MD,AEA,EN,Towers with Radar,595,58,33,7,693,0,2,13,7,22,595,60,46,14,715,0,0,0,715
06/01/2016,BWI,MD,AEA,EN,Towers with Radar,622,73,30,3,728,0,5,8,3,16,622,78,38,6,744,0,0,0,744
06/02/2016,BWI,MD,AEA,EN,Towers with Radar,622,78,28,3,731,0,5,10,1,16,622,83,38,4,747,0,0,0,747
06/03/2016,BWI,MD,AEA,EN,Towers with Radar,628,84,25,4,741,0,0,0,0,0,628,84,25,4,741,0,0,0,741
06/04/2016,BWI,MD,AEA,EN,Towers with Radar,519,53,24,1,597,0,0,8,1,9,519,53,32,2,606,0,0,0,606
06/05/2016,BWI,MD,AEA,EN,Towers with Radar,603,60,36,2,701,0,0,1,1,2,603,60,37,3,703,0,0,0,703
06/06/2016,BWI,MD,AEA,EN,Towers with Radar,647,82,40,4,773,0,2,6,4,12,647,84,46,8,785,0,0,0,785
06/07/2016,BWI,MD,AEA,EN,Towers with Radar,664,81,37,6,788,0,6,8,3,17,664,87,45,9,805,0,0,0,805
06/08/2016,BWI,MD,AEA,EN,Towers with Radar,659,74,53,5,791,0,1,5,4,10,659,75,58,9,801,0,0,0,801
06/09/2016,BWI,MD,AEA,EN,Towers with Radar,648,79,38,4,769,0,3,3,7,13,648,82,41,11,782,0,0,0,782
06/10/2016,BWI,MD,AEA,EN,Towers with Radar,630,90,44,7,771,0,0,20,5,25,630,90,64,12,796,0,0,0,796
06/11/2016,BWI,MD,AEA,EN,Towers with Radar,572,61,11,0,644,0,0,14,0,14,572,61,25,0,658,0,0,0,658
06/12/2016,BWI,MD,AEA,EN,Towers with Radar,603,61,22,0,686,0,0,12,0,12,603,61,34,0,698,0,0,0,698
06/13/2016,BWI,MD,AEA,EN,Towers with Radar,635,75,24,3,737,0,4,16,1,21,635,79,40,4,758,0,0,0,758
06/14/2016,BWI,MD,AEA,EN,Towers with Radar,630,91,26,2,749,0,2,22,5,29,630,93,48,7,778,0,0,0,778
06/15/2016,BWI,MD,AEA,EN,Towers with Radar,638,84,43,1,766,1,1,10,0,12,639,85,53,1,778,0,0,0,778
06/16/2016,BWI,MD,AEA,EN,Towers with Radar,567,87,41,0,695,0,0,3,0,3,567,87,44,0,698,0,0,0,698
06/17/2016,BWI,MD,AEA,EN,Towers with Radar,662,87,41,1,791,0,0,9,0,9,662,87,50,1,800,0,0,0,800
06/18/2016,BWI,MD,AEA,EN,Towers with Radar,582,61,17,1,661,0,3,11,0,14,582,64,28,1,675,0,0,0,675
06/19/2016,BWI,MD,AEA,EN,Towers with Radar,617,62,23,1,703,0,2,16,2,20,617,64,39,3,723,0,0,0,723
06/20/2016,BWI,MD,AEA,EN,Towers with Radar,647,73,37,6,763,0,2,21,5,28,647,75,58,11,791,0,0,0,791
06/21/2016,BWI,MD,AEA,EN,Towers with Radar,499,66,28,0,593,0,2,7,0,9,499,68,35,0,602,0,0,0,602
06/22/2016,BWI,MD,AEA,EN,Towers with Radar,631,91,46,4,772,0,3,16,4,23,631,94,62,8,795,0,0,0,795
06/23/2016,BWI,MD,AEA,EN,Towers with Radar,573,74,35,4,686,0,0,9,0,9,573,74,44,4,695,0,0,0,695
06/24/2016,BWI,MD,AEA,EN,Towers with Radar,681,89,47,2,819,0,0,9,3,12,681,89,56,5,831,0,0,0,831
06/25/2016,BWI,MD,AEA,EN,Towers with Radar,576,59,14,0,649,1,1,8,1,11,577,60,22,1,660,0,0,0,660
06/26/2016,BWI,MD,AEA,EN,Towers with Radar,607,65,35,0,707,0,0,11,1,12,607,65,46,1,719,0,0,0,719
06/27/2016,BWI,MD,AEA,EN,Towers with Radar,633,85,37,3,758,0,1,13,1,15,633,86,50,4,773,0,0,0,773
06/28/2016,BWI,MD,AEA,EN,Towers with Radar,626,78,25,4,733,0,0,2,0,2,626,78,27,4,735,0,0,0,735
06/29/2016,BWI,MD,AEA,EN,Towers with Radar,631,92,27,2,752,0,3,23,1,27,631,95,50,3,779,0,0,0,779
06/30/2016,BWI,MD,AEA,EN,Towers with Radar,649,81,34,1,765,0,2,17,2,21,649,83,51,3,786,0,0,0,786
07/01/2016,BWI,MD,AEA,EN,Towers with Radar,626,72,37,0,735,0,1,16,0,17,626,73,53,0,752,0,0,0,752
07/02/2016,BWI,MD,AEA,EN,Towers with Radar,595,60,16,1,672,0,6,9,2,17,595,66,25,3,689,0,0,0,689
07/03/2016,BWI,MD,AEA,EN,Towers with Radar,522,58,15,1,596,0,4,7,1,12,522,62,22,2,608,0,0,0,608
07/04/2016,BWI,MD,AEA,EN,Towers with Radar,538,54,11,0,603,0,0,3,0,3,538,54,14,0,606,0,0,0,606
07/05/2016,BWI,MD,AEA,EN,Towers with Radar,625,68,29,0,722,0,5,19,0,24,625,73,48,0,746,0,0,0,746
07/06/2016,BWI,MD,AEA,EN,Towers with Radar,641,77,41,1,760,1,3,13,0,17,642,80,54,1,777,0,0,0,777
07/07/2016,BWI,MD,AEA,EN,Towers with Radar,663,71,25,0,759,0,0,10,0,10,663,71,35,0,769,0,0,0,769
07/08/2016,BWI,MD,AEA,EN,Towers with Radar,629,72,26,1,728,0,1,7,2,10,629,73,33,3,738,0,0,0,738
07/09/2016,BWI,MD,AEA,EN,Towers with Radar,599,61,25,0,685,0,5,9,1,15,599,66,34,1,700,0,0,0,700
07/10/2016,BWI,MD,AEA,EN,Towers with Radar,622,69,18,0,709,0,4,5,1,10,622,73,23,1,719,0,0,0,719
07/11/2016,BWI,MD,AEA,EN,Towers with Radar,632,82,24,1,739,0,2,15,3,20,632,84,39,4,759,0,0,0,759
07/12/2016,BWI,MD,AEA,EN,Towers with Radar,643,83,45,1,772,0,3,13,2,18,643,86,58,3,790,0,0,0,790
07/13/2016,BWI,MD,AEA,EN,Towers with Radar,610,87,35,4,736,0,0,4,0,4,610,87,39,4,740,0,0,0,740
07/14/2016,BWI,MD,AEA,EN,Towers with Radar,665,84,66,2,817,0,6,12,2,20,665,90,78,4,837,0,0,0,837
07/15/2016,BWI,MD,AEA,EN,Towers with Radar,646,90,26,0,762,0,2,18,2,22,646,92,44,2,784,0,0,0,784
07/16/2016,BWI,MD,AEA,EN,Towers with Radar,593,45,24,0,662,0,1,10,0,11,593,46,34,0,673,0,0,0,673
07/17/2016,BWI,MD,AEA,EN,Towers with Radar,616,64,35,0,715,1,5,20,0,26,617,69,55,0,741,0,0,0,741
07/18/2016,BWI,MD,AEA,EN,Towers with Radar,601,63,36,1,701,0,1,12,1,14,601,64,48,2,715,0,0,0,715
07/19/2016,BWI,MD,AEA,EN,Towers with Radar,643,82,32,1,758,0,5,11,1,17,643,87,43,2,775,0,0,0,775
07/20/2016,BWI,MD,AEA,EN,Towers with Radar,582,83,45,3,713,0,1,27,3,31,582,84,72,6,744,0,0,0,744
07/21/2016,BWI,MD,AEA,EN,Towers with Radar,580,74,32,3,689,0,0,16,2,18,580,74,48,5,707,0,0,0,707
07/22/2016,BWI,MD,AEA,EN,Towers with Radar,600,84,33,4,721,0,4,15,3,22,600,88,48,7,743,0,0,0,743
07/23/2016,BWI,MD,AEA,EN,Towers with Radar,583,51,21,4,659,0,2,12,2,16,583,53,33,6,675,0,0,0,675
07/24/2016,BWI,MD,AEA,EN,Towers with Radar,613,55,27,0,695,0,2,11,1,14,613,57,38,1,709,0,0,0,709
07/25/2016,BWI,MD,AEA,EN,Towers with Radar,653,59,30,4,746,0,0,11,4,15,653,59,41,8,761,0,0,0,761
07/26/2016,BWI,MD,AEA,EN,Towers with Radar,667,93,35,5,800,0,1,9,1,11,667,94,44,6,811,0,0,0,811
07/27/2016,BWI,MD,AEA,EN,Towers with Radar,643,87,31,5,766,0,5,16,4,25,643,92,47,9,791,0,0,0,791
07/28/2016,BWI,MD,AEA,EN,Towers with Radar,563,57,34,1,655,2,4,6,3,15,565,61,40,4,670,0,0,0,670
07/29/2016,BWI,MD,AEA,EN,Towers with Radar,668,71,27,1,767,1,1,8,1,11,669,72,35,2,778,0,0,0,778
07/30/2016,BWI,MD,AEA,EN,Towers with Radar,469,47,9,3,528,0,0,1,1,2,469,47,10,4,530,0,0,0,530
07/31/2016,BWI,MD,AEA,EN,Towers with Radar,632,57,22,1,712,0,0,10,0,10,632,57,32,1,722,0,0,0,722
08/01/2016,BWI,MD,AEA,EN,Towers with Radar,620,73,19,6,718,0,1,4,2,7,620,74,23,8,725,0,0,0,725
08/02/2016,BWI,MD,AEA,EN,Towers with Radar,638,80,36,6,760,0,1,16,5,22,638,81,52,11,782,0,0,0,782
08/03/2016,BWI,MD,AEA,EN,Towers with Radar,653,78,41,7,779,0,2,21,3,26,653,80,62,10,805,0,0,0,805
08/04/2016,BWI,MD,AEA,EN,Towers with Radar,646,90,29,4,769,0,1,13,3,17,646,91,42,7,786,0,0,0,786
08/05/2016,BWI,MD,AEA,EN,Towers with Radar,645,84,46,3,778,1,1,6,1,9,646,85,52,4,787,0,0,0,787
08/06/2016,BWI,MD,AEA,EN,Towers with Radar,560,59,14,2,635,0,3,6,5,14,560,62,20,7,649,0,0,0,649
08/07/2016,BWI,MD,AEA,EN,Towers with Radar,568,60,28,1,657,0,3,8,1,12,568,63,36,2,669,0,0,0,669
08/08/2016,BWI,MD,AEA,EN,Towers with Radar,567,64,44,3,678,0,3,14,1,18,567,67,58,4,696,0,0,0,696
08/09/2016,BWI,MD,AEA,EN,Towers with Radar,580,75,37,6,698,0,3,10,2,15,580,78,47,8,713,0,0,0,713
08/10/2016,BWI,MD,AEA,EN,Towers with Radar,586,76,45,1,708,0,1,7,3,11,586,77,52,4,719,0,0,0,719
08/11/2016,BWI,MD,AEA,EN,Towers with Radar,593,80,39,3,715,1,3,12,5,21,594,83,51,8,736,0,0,0,736
08/12/2016,BWI,MD,AEA,EN,Towers with Radar,600,76,24,2,702,0,2,17,0,19,600,78,41,2,721,0,0,0,721
08/13/2016,BWI,MD,AEA,EN,Towers with Radar,511,58,14,0,583,0,2,9,0,11,511,60,23,0,594,0,0,0,594
08/14/2016,BWI,MD,AEA,EN,Towers with Radar,552,67,33,0,652,0,4,8,1,13,552,71,41,1,665,0,0,0,665
08/15/2016,BWI,MD,AEA,EN,Towers with Radar,566,69,38,0,673,0,0,6,2,8,566,69,44,2,681,0,0,0,681
08/16/2016,BWI,MD,AEA,EN,Towers with Radar,584,78,34,4,700,0,1,10,1,12,584,79,44,5,712,0,0,0,712
08/17/2016,BWI,MD,AEA,EN,Towers with Radar,551,77,37,2,667,1,1,11,1,14,552,78,48,3,681,0,0,0,681
08/18/2016,BWI,MD,AEA,EN,Towers with Radar,624,82,57,3,766,0,2,6,3,11,624,84,63,6,777,0,0,0,777
08/19/2016,BWI,MD,AEA,EN,Towers with Radar,571,77,44,2,694,0,0,15,2,17,571,77,59,4,711,0,0,0,711
08/20/2016,BWI,MD,AEA,EN,Towers with Radar,503,47,24,1,575,0,5,16,0,21,503,52,40,1,596,0,0,0,596
08/21/2016,BWI,MD,AEA,EN,Towers with Radar,551,61,15,0,627,0,1,2,0,3,551,62,17,0,630,0,0,0,630
08/22/2016,BWI,MD,AEA,EN,Towers with Radar,568,72,28,3,671,0,3,13,0,16,568,75,41,3,687,0,0,0,687
08/23/2016,BWI,MD,AEA,EN,Towers with Radar,595,61,31,0,687,0,2,13,0,15,595,63,44,0,702,0,0,0,702
08/24/2016,BWI,MD,AEA,EN,Towers with Radar,589,63,46,3,701,0,2,23,2,27,589,65,69,5,728,0,0,0,728
08/25/2016,BWI,MD,AEA,EN,Towers with Radar,607,61,43,2,713,0,3,16,0,19,607,64,59,2,732,0,0,0,732
08/26/2016,BWI,MD,AEA,EN,Towers with Radar,598,56,28,2,684,0,0,21,1,22,598,56,49,3,706,0,0,0,706
08/27/2016,BWI,MD,AEA,EN,Towers with Radar,503,55,13,0,571,0,1,15,6,22,503,56,28,6,593,0,0,0,593
08/28/2016,BWI,MD,AEA,EN,Towers with Radar,559,40,26,0,625,0,0,9,3,12,559,40,35,3,637,0,0,0,637
08/29/2016,BWI,MD,AEA,EN,Towers with Radar,583,55,37,0,675,0,2,13,1,16,583,57,50,1,691,0,0,0,691
08/30/2016,BWI,MD,AEA,EN,Towers with Radar,582,67,42,3,694,0,1,12,1,14,582,68,54,4,708,0,0,0,708
08/31/2016,BWI,MD,AEA,EN,Towers with Radar,590,61,35,4,690,0,1,12,3,16,590,62,47,7,706,0,0,0,706
09/01/2016,BWI,MD,AEA,EN,Towers with Radar,593,76,28,2,699,0,0,14,1,15,593,76,42,3,714,0,0,0,714
09/02/2016,BWI,MD,AEA,EN,Towers with Radar,593,75,32,1,701,0,2,8,6,16,593,77,40,7,717,0,0,0,717
09/03/2016,BWI,MD,AEA,EN,Towers with Radar,451,49,13,0,513,0,3,3,0,6,451,52,16,0,519,0,0,0,519
09/04/2016,BWI,MD,AEA,EN,Towers with Radar,435,35,7,0,477,0,0,3,2,5,435,35,10,2,482,0,0,0,482
09/05/2016,BWI,MD,AEA,EN,Towers with Radar,534,41,24,1,600,0,0,8,1,9,534,41,32,2,609,0,0,0,609
09/06/2016,BWI,MD,AEA,EN,Towers with Radar,581,59,30,4,674,0,4,16,1,21,581,63,46,5,695,0,0,0,695
09/07/2016,BWI,MD,AEA,EN,Towers with Radar,591,63,30,3,687,0,0,8,0,8,591,63,38,3,695,0,0,0,695
09/08/2016,BWI,MD,AEA,EN,Towers with Radar,605,68,37,4,714,0,1,10,3,14,605,69,47,7,728,0,0,0,728
09/09/2016,BWI,MD,AEA,EN,Towers with Radar,593,80,47,0,720,0,1,8,1,10,593,81,55,1,730,0,0,0,730
09/10/2016,BWI,MD,AEA,EN,Towers with Radar,515,45,21,1,582,0,3,8,1,12,515,48,29,2,594,0,0,0,594
09/11/2016,BWI,MD,AEA,EN,Towers with Radar,566,58,26,0,650,0,2,17,2,21,566,60,43,2,671,0,0,0,671
09/12/2016,BWI,MD,AEA,EN,Towers with Radar,593,72,54,1,720,0,2,17,2,21,593,74,71,3,741,0,0,0,741
09/13/2016,BWI,MD,AEA,EN,Towers with Radar,598,64,39,5,706,0,5,14,8,27,598,69,53,13,733,0,0,0,733
09/14/2016,BWI,MD,AEA,EN,Towers with Radar,591,64,39,3,697,0,3,12,7,22,591,67,51,10,719,0,0,0,719
09/15/2016,BWI,MD,AEA,EN,Towers with Radar,607,69,55,5,736,0,0,9,1,10,607,69,64,6,746,0,0,0,746
09/16/2016,BWI,MD,AEA,EN,Towers with Radar,593,77,38,2,710,0,1,13,4,18,593,78,51,6,728,0,0,0,728
09/17/2016,BWI,MD,AEA,EN,Towers with Radar,518,48,19,0,585,0,1,8,0,9,518,49,27,0,594,0,0,0,594
09/18/2016,BWI,MD,AEA,EN,Towers with Radar,564,60,33,0,657,0,0,2,0,2,564,60,35,0,659,0,0,0,659
09/19/2016,BWI,MD,AEA,EN,Towers with Radar,582,57,27,2,668,0,0,0,0,0,582,57,27,2,668,0,0,0,668
09/20/2016,BWI,MD,AEA,EN,Towers with Radar,594,70,40,2,706,0,0,3,1,4,594,70,43,3,710,0,0,0,710
09/21/2016,BWI,MD,AEA,EN,Towers with Radar,586,74,40,3,703,0,1,10,7,18,586,75,50,10,721,0,0,0,721
09/22/2016,BWI,MD,AEA,EN,Towers with Radar,607,87,47,1,742,0,1,7,2,10,607,88,54,3,752,0,0,0,752
09/23/2016,BWI,MD,AEA,EN,Towers with Radar,593,67,47,0,707,0,2,11,0,13,593,69,58,0,720,0,0,0,720
09/24/2016,BWI,MD,AEA,EN,Towers with Radar,517,47,24,0,588,0,2,3,0,5,517,49,27,0,593,0,0,0,593
09/25/2016,BWI,MD,AEA,EN,Towers with Radar,561,49,30,4,644,0,3,12,1,16,561,52,42,5,660,0,0,0,660
09/26/2016,BWI,MD,AEA,EN,Towers with Radar,588,50,23,1,662,0,0,6,1,7,588,50,29,2,669,0,0,0,669
09/27/2016,BWI,MD,AEA,EN,Towers with Radar,595,69,39,3,706,0,0,7,5,12,595,69,46,8,718,0,0,0,718
09/28/2016,BWI,MD,AEA,EN,Towers with Radar,590,73,38,4,705,0,1,0,0,1,590,74,38,4,706,0,0,0,706
09/29/2016,BWI,MD,AEA,EN,Towers with Radar,611,71,32,0,714,0,0,0,0,0,611,71,32,0,714,0,0,0,714
09/30/2016,BWI,MD,AEA,EN,Towers with Radar,603,88,39,4,734,0,0,0,0,0,603,88,39,4,734,0,0,0,734
10/01/2016,BWI,MD,AEA,EN,Towers with Radar,523,53,21,0,597,0,0,0,0,0,523,53,21,0,597,0,0,0,597
10/02/2016,BWI,MD,AEA,EN,Towers with Radar,570,71,24,0,665,0,0,0,0,0,570,71,24,0,665,0,0,0,665
10/03/2016,BWI,MD,AEA,EN,Towers with Radar,590,69,30,4,693,0,2,8,3,13,590,71,38,7,706,0,0,0,706
10/04/2016,BWI,MD,AEA,EN,Towers with Radar,594,95,33,5,727,0,3,10,3,16,594,98,43,8,743,0,0,0,743
10/05/2016,BWI,MD,AEA,EN,Towers with Radar,602,81,50,4,737,0,1,7,5,13,602,82,57,9,750,0,0,0,750
10/06/2016,BWI,MD,AEA,EN,Towers with Radar,568,85,55,8,716,0,2,4,1,7,568,87,59,9,723,0,0,0,723
10/07/2016,BWI,MD,AEA,EN,Towers with Radar,539,84,46,5,674,0,0,8,1,9,539,84,54,6,683,0,0,0,683
10/08/2016,BWI,MD,AEA,EN,Towers with Radar,476,41,25,1,543,0,0,0,0,0,476,41,25,1,543,0,0,0,543
10/09/2016,BWI,MD,AEA,EN,Towers with Radar,545,61,30,0,636,0,2,3,0,5,545,63,33,0,641,0,0,0,641
10/10/2016,BWI,MD,AEA,EN,Towers with Radar,598,68,34,3,703,0,0,10,6,16,598,68,44,9,719,0,0,0,719
10/11/2016,BWI,MD,AEA,EN,Towers with Radar,592,75,37,3,707,0,2,19,11,32,592,77,56,14,739,0,0,0,739
10/12/2016,BWI,MD,AEA,EN,Towers with Radar,603,70,25,1,699,0,0,5,2,7,603,70,30,3,706,0,0,0,706
10/13/2016,BWI,MD,AEA,EN,Towers with Radar,615,63,37,3,718,0,2,10,0,12,615,65,47,3,730,0,0,0,730
10/14/2016,BWI,MD,AEA,EN,Towers with Radar,603,75,48,3,729,0,1,7,1,9,603,76,55,4,738,0,0,0,738
10/15/2016,BWI,MD,AEA,EN,Towers with Radar,509,52,35,2,598,0,2,7,0,9,509,54,42,2,607,0,0,0,607
10/16/2016,BWI,MD,AEA,EN,Towers with Radar,567,58,31,0,656,0,1,9,1,11,567,59,40,1,667,0,0,0,667
10/17/2016,BWI,MD,AEA,EN,Towers with Radar,609,58,40,7,714,0,0,10,1,11,609,58,50,8,725,0,0,0,725
10/18/2016,BWI,MD,AEA,EN,Towers with Radar,598,66,46,2,712,0,1,6,1,8,598,67,52,3,720,0,0,0,720
10/19/2016,BWI,MD,AEA,EN,Towers with Radar,598,68,40,0,706,0,0,11,1,12,598,68,51,1,718,0,0,0,718
10/20/2016,BWI,MD,AEA,EN,Towers with Radar,610,78,35,2,725,0,0,7,1,8,610,78,42,3,733,0,0,0,733
10/21/2016,BWI,MD,AEA,EN,Towers with Radar,616,68,33,3,720,0,1,2,0,3,616,69,35,3,723,0,0,0,723
10/22/2016,BWI,MD,AEA,EN,Towers with Radar,519,46,16,0,581,0,1,2,7,10,519,47,18,7,591,0,0,0,591
10/23/2016,BWI,MD,AEA,EN,Towers with Radar,570,63,20,0,653,0,0,10,2,12,570,63,30,2,665,0,0,0,665
10/24/2016,BWI,MD,AEA,EN,Towers with Radar,595,47,32,2,676,0,0,14,0,14,595,47,46,2,690,0,0,0,690
10/25/2016,BWI,MD,AEA,EN,Towers with Radar,593,67,30,3,693,0,0,7,4,11,593,67,37,7,704,0,0,0,704
10/26/2016,BWI,MD,AEA,EN,Towers with Radar,591,69,44,2,706,0,0,9,3,12,591,69,53,5,718,0,0,0,718
10/27/2016,BWI,MD,AEA,EN,Towers with Radar,597,94,33,1,725,0,1,1,2,4,597,95,34,3,729,0,0,0,729
10/28/2016,BWI,MD,AEA,EN,Towers with Radar,581,84,39,1,705,0,1,7,0,8,581,85,46,1,713,0,0,0,713
10/29/2016,BWI,MD,AEA,EN,Towers with Radar,516,54,22,1,593,0,2,11,0,13,516,56,33,1,606,0,0,0,606
10/30/2016,BWI,MD,AEA,EN,Towers with Radar,577,61,24,2,664,0,2,6,0,8,577,63,30,2,672,0,0,0,672
10/31/2016,BWI,MD,AEA,EN,Towers with Radar,515,73,25,5,618,0,1,4,6,11,515,74,29,11,629,0,0,0,629
11/01/2016,BWI,MD,AEA,EN,Towers with Radar,567,81,38,2,688,0,4,10,0,14,567,85,48,2,702,0,0,0,702
11/02/2016,BWI,MD,AEA,EN,Towers with Radar,574,91,20,1,686,0,2,12,1,15,574,93,32,2,701,0,0,0,701
11/03/2016,BWI,MD,AEA,EN,Towers with Radar,593,83,42,4,722,0,0,11,2,13,593,83,53,6,735,0,0,0,735
11/04/2016,BWI,MD,AEA,EN,Towers with Radar,584,74,39,3,700,0,1,8,2,11,584,75,47,5,711,0,0,0,711
11/05/2016,BWI,MD,AEA,EN,Towers with Radar,513,54,24,0,591,0,3,14,0,17,513,57,38,0,608,0,0,0,608
11/06/2016,BWI,MD,AEA,EN,Towers with Radar,563,58,38,0,659,0,0,15,2,17,563,58,53,2,676,0,0,0,676
11/07/2016,BWI,MD,AEA,EN,Towers with Radar,567,68,30,3,668,0,1,13,2,16,567,69,43,5,684,0,0,0,684
11/08/2016,BWI,MD,AEA,EN,Towers with Radar,492,70,35,4,601,0,2,8,2,12,492,72,43,6,613,0,0,0,613
11/09/2016,BWI,MD,AEA,EN,Towers with Radar,594,98,34,0,726,0,1,4,3,8,594,99,38,3,734,0,0,0,734
11/10/2016,BWI,MD,AEA,EN,Towers with Radar,620,95,40,5,760,0,0,12,0,12,620,95,52,5,772,0,0,0,772
11/11/2016,BWI,MD,AEA,EN,Towers with Radar,616,80,42,2,740,0,4,9,0,13,616,84,51,2,753,0,0,0,753
11/12/2016,BWI,MD,AEA,EN,Towers with Radar,475,56,25,1,557,0,4,8,1,13,475,60,33,2,570,0,0,0,570
11/13/2016,BWI,MD,AEA,EN,Towers with Radar,565,65,30,2,662,0,5,13,2,20,565,70,43,4,682,0,0,0,682
11/14/2016,BWI,MD,AEA,EN,Towers with Radar,602,73,35,2,712,0,3,7,0,10,602,76,42,2,722,0,0,0,722
11/15/2016,BWI,MD,AEA,EN,Towers with Radar,597,73,47,3,720,0,0,9,2,11,597,73,56,5,731,0,0,0,731
11/16/2016,BWI,MD,AEA,EN,Towers with Radar,602,87,34,5,728,0,1,10,6,17,602,88,44,11,745,0,0,0,745
11/17/2016,BWI,MD,AEA,EN,Towers with Radar,607,85,28,3,723,0,0,7,2,9,607,85,35,5,732,0,0,0,732
11/18/2016,BWI,MD,AEA,EN,Towers with Radar,609,80,47,2,738,0,2,11,0,13,609,82,58,2,751,0,0,0,751
11/19/2016,BWI,MD,AEA,EN,Towers with Radar,550,55,20,1,626,0,1,9,3,13,550,56,29,4,639,0,0,0,639
11/20/2016,BWI,MD,AEA,EN,Towers with Radar,573,47,24,3,647,0,0,4,0,4,573,47,28,3,651,0,0,0,651
11/21/2016,BWI,MD,AEA,EN,Towers with Radar,594,69,45,6,714,0,0,2,6,8,594,69,47,12,722,0,0,0,722
11/22/2016,BWI,MD,AEA,EN,Towers with Radar,643,86,32,2,763,0,0,13,5,18,643,86,45,7,781,0,0,0,781
11/23/2016,BWI,MD,AEA,EN,Towers with Radar,649,101,35,0,785,0,0,16,1,17,649,101,51,1,802,0,0,0,802
11/24/2016,BWI,MD,AEA,EN,Towers with Radar,394,51,9,0,454,0,0,1,0,1,394,51,10,0,455,0,0,0,455
11/25/2016,BWI,MD,AEA,EN,Towers with Radar,498,64,12,0,574,0,1,3,2,6,498,65,15,2,580,0,0,0,580
11/26/2016,BWI,MD,AEA,EN,Towers with Radar,583,77,9,0,669,0,2,4,0,6,583,79,13,0,675,0,0,0,675
11/27/2016,BWI,MD,AEA,EN,Towers with Radar,658,85,33,0,776,0,0,12,0,12,658,85,45,0,788,0,0,0,788
11/28/2016,BWI,MD,AEA,EN,Towers with Radar,649,82,29,2,762,0,2,9,4,15,649,84,38,6,777,0,0,0,777
11/29/2016,BWI,MD,AEA,EN,Towers with Radar,606,95,27,0,728,0,1,0,0,1,606,96,27,0,729,0,0,0,729
11/30/2016,BWI,MD,AEA,EN,Towers with Radar,603,99,38,1,741,0,0,0,0,0,603,99,38,1,741,0,0,0,741
12/01/2016,BWI,MD,AEA,EN,Towers with Radar,601,90,43,5,739,0,1,11,5,17,601,91,54,10,756,0,0,0,756
12/02/2016,BWI,MD,AEA,EN,Towers with Radar,596,94,36,0,726,0,1,4,0,5,596,95,40,0,731,0,0,0,731
12/03/2016,BWI,MD,AEA,EN,Towers with Radar,460,56,11,1,528,0,3,7,4,14,460,59,18,5,542,0,0,0,542
12/04/2016,BWI,MD,AEA,EN,Towers with Radar,552,69,19,0,640,0,3,12,1,16,552,72,31,1,656,0,0,0,656
12/05/2016,BWI,MD,AEA,EN,Towers with Radar,593,87,29,4,713,0,0,9,3,12,593,87,38,7,725,0,0,0,725
12/06/2016,BWI,MD,AEA,EN,Towers with Radar,585,98,29,0,712,0,0,2,0,2,585,98,31,0,714,0,0,0,714
12/07/2016,BWI,MD,AEA,EN,Towers with Radar,587,83,28,3,701,0,0,19,2,21,587,83,47,5,722,0,0,0,722
12/08/2016,BWI,MD,AEA,EN,Towers with Radar,595,100,34,6,735,0,1,20,7,28,595,101,54,13,763,0,0,0,763
12/09/2016,BWI,MD,AEA,EN,Towers with Radar,593,94,45,5,737,0,2,5,0,7,593,96,50,5,744,0,0,0,744
12/10/2016,BWI,MD,AEA,EN,Towers with Radar,462,71,36,0,569,0,2,11,2,15,462,73,47,2,584,0,0,0,584
12/11/2016,BWI,MD,AEA,EN,Towers with Radar,536,66,29,1,632,0,0,11,0,11,536,66,40,1,643,0,0,0,643
12/12/2016,BWI,MD,AEA,EN,Towers with Radar,590,83,36,0,709,0,1,1,1,3,590,84,37,1,712,0,0,0,712
12/13/2016,BWI,MD,AEA,EN,Towers with Radar,584,92,28,1,705,0,2,19,3,24,584,94,47,4,729,0,0,0,729
12/14/2016,BWI,MD,AEA,EN,Towers with Radar,587,94,26,1,708,0,1,12,3,16,587,95,38,4,724,0,0,0,724
12/15/2016,BWI,MD,AEA,EN,Towers with Radar,603,76,14,2,695,0,0,3,0,3,603,76,17,2,698,0,0,0,698
12/16/2016,BWI,MD,AEA,EN,Towers with Radar,597,89,29,2,717,0,1,14,3,18,597,90,43,5,735,0,0,0,735
12/17/2016,BWI,MD,AEA,EN,Towers with Radar,385,43,13,2,443,0,0,1,1,2,385,43,14,3,445,0,0,0,445
12/18/2016,BWI,MD,AEA,EN,Towers with Radar,551,60,13,0,624,0,1,4,0,5,551,61,17,0,629,0,0,0,629
12/19/2016,BWI,MD,AEA,EN,Towers with Radar,608,72,19,2,701,0,1,6,2,9,608,73,25,4,710,0,0,0,710
12/20/2016,BWI,MD,AEA,EN,Towers with Radar,611,86,18,4,719,1,0,9,4,14,612,86,27,8,733,0,0,0,733
12/21/2016,BWI,MD,AEA,EN,Towers with Radar,636,77,35,1,749,0,0,3,1,4,636,77,38,2,753,0,0,0,753
12/22/2016,BWI,MD,AEA,EN,Towers with Radar,651,81,19,0,751,0,0,13,4,17,651,81,32,4,768,0,0,0,768
12/23/2016,BWI,MD,AEA,EN,Towers with Radar,654,70,12,1,737,0,3,5,2,10,654,73,17,3,747,0,0,0,747
12/24/2016,BWI,MD,AEA,EN,Towers with Radar,466,57,10,0,533,0,1,0,0,1,466,58,10,0,534,0,0,0,534
12/25/2016,BWI,MD,AEA,EN,Towers with Radar,468,36,4,0,508,0,0,4,0,4,468,36,8,0,512,0,0,0,512
12/26/2016,BWI,MD,AEA,EN,Towers with Radar,613,60,17,0,690,0,0,0,1,1,613,60,17,1,691,0,0,0,691
12/27/2016,BWI,MD,AEA,EN,Towers with Radar,647,71,12,0,730,0,0,1,0,1,647,71,13,0,731,0,0,0,731
12/28/2016,BWI,MD,AEA,EN,Towers with Radar,640,77,23,0,740,0,1,5,2,8,640,78,28,2,748,0,0,0,748
12/29/2016,BWI,MD,AEA,EN,Towers with Radar,644,59,6,0,709,0,0,0,0,0,644,59,6,0,709,0,0,0,709
12/30/2016,BWI,MD,AEA,EN,Towers with Radar,658,63,15,0,736,0,2,3,0,5,658,65,18,0,741,0,0,0,741
12/31/2016,BWI,MD,AEA,EN,Towers with Radar,446,55,3,0,504,0,3,2,0,5,446,58,5,0,509,0,0,0,509
01/01/2017,BWI,MD,AEA,EN,Towers with Radar,537,45,20,0,602,0,0,6,0,6,537,45,26,0,608,0,0,0,608
01/02/2017,BWI,MD,AEA,EN,Towers with Radar,599,60,18,0,677,0,0,0,0,0,599,60,18,0,677,0,0,0,677
01/03/2017,BWI,MD,AEA,EN,Towers with Radar,628,72,18,0,718,0,0,0,0,0,628,72,18,0,718,0,0,0,718
01/04/2017,BWI,MD,AEA,EN,Towers with Radar,590,66,28,0,684,0,0,6,0,6,590,66,34,0,690,0,0,0,690
01/05/2017,BWI,MD,AEA,EN,Towers with Radar,540,73,30,0,643,0,1,9,2,12,540,74,39,2,655,0,0,0,655
01/06/2017,BWI,MD,AEA,EN,Towers with Radar,512,71,23,0,606,0,0,6,0,6,512,71,29,0,612,0,0,0,612
01/07/2017,BWI,MD,AEA,EN,Towers with Radar,435,50,9,0,494,0,1,0,0,1,435,51,9,0,495,0,0,0,495
01/08/2017,BWI,MD,AEA,EN,Towers with Radar,473,59,14,0,546,0,0,2,0,2,473,59,16,0,548,0,0,0,548
01/09/2017,BWI,MD,AEA,EN,Towers with Radar,525,69,12,2,608,0,0,8,2,10,525,69,20,4,618,0,0,0,618
01/10/2017,BWI,MD,AEA,EN,Towers with Radar,531,71,31,1,634,0,0,6,1,7,531,71,37,2,641,0,0,0,641
01/11/2017,BWI,MD,AEA,EN,Towers with Radar,533,79,25,0,637,0,0,6,0,6,533,79,31,0,643,0,0,0,643
01/12/2017,BWI,MD,AEA,EN,Towers with Radar,552,87,36,1,676,0,3,5,3,11,552,90,41,4,687,0,0,0,687
01/13/2017,BWI,MD,AEA,EN,Towers with Radar,538,88,25,1,652,0,2,12,1,15,538,90,37,2,667,0,0,0,667
01/14/2017,BWI,MD,AEA,EN,Towers with Radar,358,40,9,0,407,0,0,0,0,0,358,40,9,0,407,0,0,0,407
01/15/2017,BWI,MD,AEA,EN,Towers with Radar,463,53,16,0,532,0,1,4,0,5,463,54,20,0,537,0,0,0,537
01/16/2017,BWI,MD,AEA,EN,Towers with Radar,532,79,16,0,627,0,0,7,0,7,532,79,23,0,634,0,0,0,634
01/17/2017,BWI,MD,AEA,EN,Towers with Radar,543,86,36,4,669,0,0,0,0,0,543,86,36,4,669,0,0,0,669
01/18/2017,BWI,MD,AEA,EN,Towers with Radar,536,68,37,0,641,0,3,8,1,12,536,71,45,1,653,0,0,0,653
01/19/2017,BWI,MD,AEA,EN,Towers with Radar,553,89,47,3,692,0,2,5,1,8,553,91,52,4,700,0,0,0,700
01/20/2017,BWI,MD,AEA,EN,Towers with Radar,552,102,14,3,671,0,1,0,0,1,552,103,14,3,672,0,0,0,672
01/21/2017,BWI,MD,AEA,EN,Towers with Radar,488,81,28,0,597,0,0,0,0,0,488,81,28,0,597,0,0,0,597
01/22/2017,BWI,MD,AEA,EN,Towers with Radar,444,77,20,0,541,0,0,0,0,0,444,77,20,0,541,0,0,0,541
01/23/2017,BWI,MD,AEA,EN,Towers with Radar,554,75,23,1,653,0,0,0,0,0,554,75,23,1,653,0,0,0,653
01/24/2017,BWI,MD,AEA,EN,Towers with Radar,533,89,29,2,653,0,0,2,2,4,533,89,31,4,657,0,0,0,657
01/25/2017,BWI,MD,AEA,EN,Towers with Radar,538,81,41,2,662,0,0,8,3,11,538,81,49,5,673,0,0,0,673
01/26/2017,BWI,MD,AEA,EN,Towers with Radar,548,85,29,3,665,0,1,3,1,5,548,86,32,4,670,0,0,0,670
01/27/2017,BWI,MD,AEA,EN,Towers with Radar,545,84,15,3,647,0,0,7,1,8,545,84,22,4,655,0,0,0,655
01/28/2017,BWI,MD,AEA,EN,Towers with Radar,480,57,16,0,553,0,1,8,0,9,480,58,24,0,562,0,0,0,562
01/29/2017,BWI,MD,AEA,EN,Towers with Radar,475,54,13,0,542,0,1,9,0,10,475,55,22,0,552,0,0,0,552
01/30/2017,BWI,MD,AEA,EN,Towers with Radar,536,80,34,3,653,0,2,0,0,2,536,82,34,3,655,0,0,0,655
01/31/2017,BWI,MD,AEA,EN,Towers with Radar,531,67,20,3,621,0,1,3,3,7,531,68,23,6,628,0,0,0,628
02/01/2017,BWI,MD,AEA,EN,Towers with Radar,541,81,47,1,670,0,0,10,4,14,541,81,57,5,684,0,0,0,684
02/02/2017,BWI,MD,AEA,EN,Towers with Radar,549,79,30,0,658,0,0,12,0,12,549,79,42,0,670,0,0,0,670
02/03/2017,BWI,MD,AEA,EN,Towers with Radar,542,72,17,3,634,0,2,4,0,6,542,74,21,3,640,0,0,0,640
02/04/2017,BWI,MD,AEA,EN,Towers with Radar,484,62,10,0,556,0,1,18,3,22,484,63,28,3,578,0,0,0,578
02/05/2017,BWI,MD,AEA,EN,Towers with Radar,385,63,16,0,464,0,0,3,0,3,385,63,19,0,467,0,0,0,467
02/06/2017,BWI,MD,AEA,EN,Towers with Radar,528,75,34,3,640,0,4,9,4,17,528,79,43,7,657,0,0,0,657
02/07/2017,BWI,MD,AEA,EN,Towers with Radar,536,72,35,1,644,0,0,4,2,6,536,72,39,3,650,0,0,0,650
02/08/2017,BWI,MD,AEA,EN,Towers with Radar,530,89,44,2,665,0,1,9,4,14,530,90,53,6,679,0,0,0,679
02/09/2017,BWI,MD,AEA,EN,Towers with Radar,478,51,26,7,562,0,0,1,1,2,478,51,27,8,564,0,0,0,564
02/10/2017,BWI,MD,AEA,EN,Towers with Radar,531,76,35,1,643,0,4,10,0,14,531,80,45,1,657,0,0,0,657
02/11/2017,BWI,MD,AEA,EN,Towers with Radar,482,53,10,0,545,0,3,6,0,9,482,56,16,0,554,0,0,0,554
02/12/2017,BWI,MD,AEA,EN,Towers with Radar,463,59,23,2,547,0,0,3,0,3,463,59,26,2,550,0,0,0,550
02/13/2017,BWI,MD,AEA,EN,Towers with Radar,481,64,26,7,578,0,0,0,2,2,481,64,26,9,580,0,0,0,580
02/14/2017,BWI,MD,AEA,EN,Towers with Radar,487,88,30,5,610,0,2,8,6,16,487,90,38,11,626,0,0,0,626
02/15/2017,BWI,MD,AEA,EN,Towers with Radar,529,96,40,5,670,0,0,4,3,7,529,96,44,8,677,0,0,0,677
02/16/2017,BWI,MD,AEA,EN,Towers with Radar,548,87,35,3,673,0,1,0,4,5,548,88,35,7,678,0,0,0,678
02/17/2017,BWI,MD,AEA,EN,Towers with Radar,552,89,25,3,669,0,0,14,2,16,552,89,39,5,685,0,0,0,685
02/18/2017,BWI,MD,AEA,EN,Towers with Radar,486,58,11,0,555,0,3,11,4,18,486,61,22,4,573,0,0,0,573
02/19/2017,BWI,MD,AEA,EN,Towers with Radar,471,59,15,2,547,0,0,10,0,10,471,59,25,2,557,0,0,0,557
02/20/2017,BWI,MD,AEA,EN,Towers with Radar,539,85,39,1,664,0,6,10,4,20,539,91,49,5,684,0,0,0,684
02/21/2017,BWI,MD,AEA,EN,Towers with Radar,539,95,32,1,667,0,1,9,3,13,539,96,41,4,680,0,0,0,680
02/22/2017,BWI,MD,AEA,EN,Towers with Radar,543,100,29,0,672,0,2,5,4,11,543,102,34,4,683,0,0,0,683
02/23/2017,BWI,MD,AEA,EN,Towers with Radar,553,94,50,1,698,0,2,11,4,17,553,96,61,5,715,0,0,0,715
02/24/2017,BWI,MD,AEA,EN,Towers with Radar,549,90,46,2,687,0,0,18,4,22,549,90,64,6,709,0,0,0,709
02/25/2017,BWI,MD,AEA,EN,Towers with Radar,505,48,7,0,560,0,0,4,1,5,505,48,11,1,565,0,0,0,565
02/26/2017,BWI,MD,AEA,EN,Towers with Radar,487,69,14,0,570,0,1,4,0,5,487,70,18,0,575,0,0,0,575
02/27/2017,BWI,MD,AEA,EN,Towers with Radar,544,85,44,1,674,0,0,10,1,11,544,85,54,2,685,0,0,0,685
02/28/2017,BWI,MD,AEA,EN,Towers with Radar,541,85,41,3,670,0,1,9,3,13,541,86,50,6,683,0,0,0,683
03/01/2017,BWI,MD,AEA,EN,Towers with Radar,543,82,28,5,658,0,0,2,2,4,543,82,30,7,662,0,0,0,662
03/02/2017,BWI,MD,AEA,EN,Towers with Radar,562,98,33,5,698,0,1,2,2,5,562,99,35,7,703,0,0,0,703
03/03/2017,BWI,MD,AEA,EN,Towers with Radar,558,88,27,0,673,0,0,2,3,5,558,88,29,3,678,0,0,0,678
03/04/2017,BWI,MD,AEA,EN,Towers with Radar,487,55,18,1,561,0,2,10,1,13,487,57,28,2,574,0,0,0,574
03/05/2017,BWI,MD,AEA,EN,Towers with Radar,488,52,17,1,558,0,2,6,1,9,488,54,23,2,567,0,0,0,567
03/06/2017,BWI,MD,AEA,EN,Towers with Radar,545,74,34,4,657,0,1,7,1,9,545,75,41,5,666,0,0,0,666
03/07/2017,BWI,MD,AEA,EN,Towers with Radar,538,78,27,4,647,0,2,0,0,2,538,80,27,4,649,0,0,0,649
03/08/2017,BWI,MD,AEA,EN,Towers with Radar,549,93,27,3,672,0,2,8,1,11,549,95,35,4,683,0,0,0,683
03/09/2017,BWI,MD,AEA,EN,Towers with Radar,584,94,26,2,706,0,1,8,5,14,584,95,34,7,720,0,0,0,720
03/10/2017,BWI,MD,AEA,EN,Towers with Radar,594,78,25,0,697,0,0,2,0,2,594,78,27,0,699,0,0,0,699
03/11/2017,BWI,MD,AEA,EN,Towers with Radar,550,61,13,1,625,0,3,3,1,7,550,64,16,2,632,0,0,0,632
03/12/2017,BWI,MD,AEA,EN,Towers with Radar,549,54,16,0,619,0,1,12,0,13,549,55,28,0,632,0,0,0,632
03/13/2017,BWI,MD,AEA,EN,Towers with Radar,510,65,29,2,606,0,3,5,1,9,510,68,34,3,615,0,0,0,615
03/14/2017,BWI,MD,AEA,EN,Towers with Radar,115,15,6,0,136,0,0,0,0,0,115,15,6,0,136,0,0,0,136
03/15/2017,BWI,MD,AEA,EN,Towers with Radar,486,70,29,4,589,0,0,0,0,0,486,70,29,4,589,0,0,0,589
03/16/2017,BWI,MD,AEA,EN,Towers with Radar,604,78,27,4,713,0,0,4,4,8,604,78,31,8,721,0,0,0,721
03/17/2017,BWI,MD,AEA,EN,Towers with Radar,601,77,23,4,705,0,1,11,2,14,601,78,34,6,719,0,0,0,719
03/18/2017,BWI,MD,AEA,EN,Towers with Radar,547,53,20,2,622,0,0,7,0,7,547,53,27,2,629,0,0,0,629
03/19/2017,BWI,MD,AEA,EN,Towers with Radar,555,64,27,0,646,0,0,5,1,6,555,64,32,1,652,0,0,0,652
03/20/2017,BWI,MD,AEA,EN,Towers with Radar,585,79,38,1,703,0,2,24,2,28,585,81,62,3,731,0,0,0,731
03/21/2017,BWI,MD,AEA,EN,Towers with Radar,601,85,26,2,714,0,1,9,1,11,601,86,35,3,725,0,0,0,725
03/22/2017,BWI,MD,AEA,EN,Towers with Radar,591,86,31,1,709,0,2,7,2,11,591,88,38,3,720,0,0,0,720
03/23/2017,BWI,MD,AEA,EN,Towers with Radar,606,94,32,1,733,0,0,11,0,11,606,94,43,1,744,0,0,0,744
03/24/2017,BWI,MD,AEA,EN,Towers with Radar,595,94,19,0,708,1,1,5,3,10,596,95,24,3,718,0,0,0,718
03/25/2017,BWI,MD,AEA,EN,Towers with Radar,553,54,14,0,621,0,3,17,3,23,553,57,31,3,644,0,0,0,644
03/26/2017,BWI,MD,AEA,EN,Towers with Radar,556,59,19,0,634,0,0,0,0,0,556,59,19,0,634,0,0,0,634
03/27/2017,BWI,MD,AEA,EN,Towers with Radar,600,72,22,1,695,0,0,3,1,4,600,72,25,2,699,0,0,0,699
03/28/2017,BWI,MD,AEA,EN,Towers with Radar,607,72,25,0,704,0,2,7,0,9,607,74,32,0,713,0,0,0,713
03/29/2017,BWI,MD,AEA,EN,Towers with Radar,596,84,52,1,733,0,1,18,1,20,596,85,70,2,753,0,0,0,753
03/30/2017,BWI,MD,AEA,EN,Towers with Radar,605,89,29,2,725,0,0,13,2,15,605,89,42,4,740,0,0,0,740
03/31/2017,BWI,MD,AEA,EN,Towers with Radar,604,72,31,1,708,0,0,0,0,0,604,72,31,1,708,0,0,0,708
04/01/2017,BWI,MD,AEA,EN,Towers with Radar,554,62,8,2,626,0,1,2,0,3,554,63,10,2,629,0,0,0,629
04/02/2017,BWI,MD,AEA,EN,Towers with Radar,556,72,16,2,646,0,0,10,0,10,556,72,26,2,656,0,0,0,656
04/03/2017,BWI,MD,AEA,EN,Towers with Radar,592,80,35,2,709,0,2,10,0,12,592,82,45,2,721,0,0,0,721
04/04/2017,BWI,MD,AEA,EN,Towers with Radar,612,92,35,0,739,0,0,0,0,0,612,92,35,0,739,0,0,0,739
04/05/2017,BWI,MD,AEA,EN,Towers with Radar,571,106,55,1,733,0,3,12,2,17,571,109,67,3,750,0,0,0,750
04/06/2017,BWI,MD,AEA,EN,Towers with Radar,590,70,18,0,678,0,0,2,0,2,590,70,20,0,680,0,0,0,680
04/07/2017,BWI,MD,AEA,EN,Towers with Radar,588,97,34,0,719,0,0,0,0,0,588,97,34,0,719,0,0,0,719
04/08/2017,BWI,MD,AEA,EN,Towers with Radar,537,79,26,0,642,0,1,8,0,9,537,80,34,0,651,0,0,0,651
04/09/2017,BWI,MD,AEA,EN,Towers with Radar,559,76,27,0,662,0,0,7,0,7,559,76,34,0,669,0,0,0,669
04/10/2017,BWI,MD,AEA,EN,Towers with Radar,603,91,13,2,709,0,1,7,9,17,603,92,20,11,726,0,0,0,726
04/11/2017,BWI,MD,AEA,EN,Towers with Radar,612,91,37,4,744,0,0,6,3,9,612,91,43,7,753,0,0,0,753
04/12/2017,BWI,MD,AEA,EN,Towers with Radar,599,98,37,2,736,0,0,5,3,8,599,98,42,5,744,0,0,0,744
04/13/2017,BWI,MD,AEA,EN,Towers with Radar,604,106,27,3,740,0,3,17,1,21,604,109,44,4,761,0,0,0,761
04/14/2017,BWI,MD,AEA,EN,Towers with Radar,611,95,20,2,728,0,3,11,2,16,611,98,31,4,744,0,0,0,744
04/15/2017,BWI,MD,AEA,EN,Towers with Radar,548,59,13,0,620,0,0,5,1,6,548,59,18,1,626,0,0,0,626
04/16/2017,BWI,MD,AEA,EN,Towers with Radar,553,65,22,1,641,0,1,2,0,3,553,66,24,1,644,0,0,0,644
04/17/2017,BWI,MD,AEA,EN,Towers with Radar,590,112,42,5,749,0,1,6,1,8,590,113,48,6,757,0,0,0,757
04/18/2017,BWI,MD,AEA,EN,Towers with Radar,607,103,44,3,757,0,1,7,4,12,607,104,51,7,769,0,0,0,769
04/19/2017,BWI,MD,AEA,EN,Towers with Radar,615,96,38,4,753,0,2,6,0,8,615,98,44,4,761,0,0,0,761
04/20/2017,BWI,MD,AEA,EN,Towers with Radar,607,98,28,2,735,0,1,4,1,6,607,99,32,3,741,0,0,0,741
04/21/2017,BWI,MD,AEA,EN,Towers with Radar,630,98,26,5,759,0,2,2,2,6,630,100,28,7,765,0,0,0,765
04/22/2017,BWI,MD,AEA,EN,Towers with Radar,544,66,16,2,628,0,0,1,0,1,544,66,17,2,629,0,0,0,629
04/23/2017,BWI,MD,AEA,EN,Towers with Radar,562,66,24,3,655,0,1,6,2,9,562,67,30,5,664,0,0,0,664
04/24/2017,BWI,MD,AEA,EN,Towers with Radar,599,83,29,2,713,0,0,6,0,6,599,83,35,2,719,0,0,0,719
04/25/2017,BWI,MD,AEA,EN,Towers with Radar,613,89,33,3,738,0,0,0,0,0,613,89,33,3,738,0,0,0,738
04/26/2017,BWI,MD,AEA,EN,Towers with Radar,615,103,43,2,763,0,0,1,0,1,615,103,44,2,764,0,0,0,764
04/27/2017,BWI,MD,AEA,EN,Towers with Radar,643,95,43,1,782,0,0,9,1,10,643,95,52,2,792,0,0,0,792
04/28/2017,BWI,MD,AEA,EN,Towers with Radar,630,99,27,3,759,0,2,20,1,23,630,101,47,4,782,0,0,0,782
04/29/2017,BWI,MD,AEA,EN,Towers with Radar,519,59,21,0,599,0,3,15,0,18,519,62,36,0,617,0,0,0,617
04/30/2017,BWI,MD,AEA,EN,Towers with Radar,567,82,26,0,675,0,0,5,1,6,567,82,31,1,681,0,0,0,681
05/01/2017,BWI,MD,AEA,EN,Towers with Radar,648,81,32,0,761,0,0,6,0,6,648,81,38,0,767,0,0,0,767
05/02/2017,BWI,MD,AEA,EN,Towers with Radar,632,85,31,0,748,0,0,12,1,13,632,85,43,1,761,0,0,0,761
05/03/2017,BWI,MD,AEA,EN,Towers with Radar,630,100,41,0,771,0,0,7,1,8,630,100,48,1,779,0,0,0,779
05/04/2017,BWI,MD,AEA,EN,Towers with Radar,633,106,50,1,790,0,0,13,3,16,633,106,63,4,806,0,0,0,806
05/05/2017,BWI,MD,AEA,EN,Towers with Radar,641,78,25,0,744,0,0,2,2,4,641,78,27,2,748,0,0,0,748
05/06/2017,BWI,MD,AEA,EN,Towers with Radar,530,69,21,2,622,0,1,2,0,3,530,70,23,2,625,0,0,0,625
05/07/2017,BWI,MD,AEA,EN,Towers with Radar,573,81,25,0,679,0,0,4,0,4,573,81,29,0,683,0,0,0,683
05/08/2017,BWI,MD,AEA,EN,Towers with Radar,633,77,44,2,756,0,0,13,3,16,633,77,57,5,772,0,0,0,772
05/09/2017,BWI,MD,AEA,EN,Towers with Radar,637,87,36,0,760,0,2,5,0,7,637,89,41,0,767,0,0,0,767
05/10/2017,BWI,MD,AEA,EN,Towers with Radar,627,105,54,1,787,0,1,12,1,14,627,106,66,2,801,0,0,0,801
05/11/2017,BWI,MD,AEA,EN,Towers with Radar,627,93,45,2,767,0,0,0,1,1,627,93,45,3,768,0,0,0,768
05/12/2017,BWI,MD,AEA,EN,Towers with Radar,654,100,22,1,777,0,1,2,1,4,654,101,24,2,781,0,0,0,781
05/13/2017,BWI,MD,AEA,EN,Towers with Radar,539,54,12,1,606,0,0,0,0,0,539,54,12,1,606,0,0,0,606
05/14/2017,BWI,MD,AEA,EN,Towers with Radar,588,61,17,0,666,0,0,0,0,0,588,61,17,0,666,0,0,0,666
05/15/2017,BWI,MD,AEA,EN,Towers with Radar,637,76,41,3,757,0,0,17,5,22,637,76,58,8,779,0,0,0,779
05/16/2017,BWI,MD,AEA,EN,Towers with Radar,633,82,32,3,750,0,3,19,3,25,633,85,51,6,775,0,0,0,775
05/17/2017,BWI,MD,AEA,EN,Towers with Radar,631,92,34,0,757,0,1,11,1,13,631,93,45,1,770,0,0,0,770
05/18/2017,BWI,MD,AEA,EN,Towers with Radar,646,95,46,2,789,0,0,13,2,15,646,95,59,4,804,0,0,0,804
05/19/2017,BWI,MD,AEA,EN,Towers with Radar,610,100,55,1,766,0,2,7,0,9,610,102,62,1,775,0,0,0,775
05/20/2017,BWI,MD,AEA,EN,Towers with Radar,540,85,33,0,658,0,1,8,1,10,540,86,41,1,668,0,0,0,668
05/21/2017,BWI,MD,AEA,EN,Towers with Radar,596,78,42,0,716,0,2,5,0,7,596,80,47,0,723,0,0,0,723
05/22/2017,BWI,MD,AEA,EN,Towers with Radar,634,77,30,0,741,0,0,0,0,0,634,77,30,0,741,0,0,0,741
05/23/2017,BWI,MD,AEA,EN,Towers with Radar,636,101,34,1,772,0,0,3,0,3,636,101,37,1,775,0,0,0,775
05/24/2017,BWI,MD,AEA,EN,Towers with Radar,634,114,32,0,780,0,0,5,0,5,634,114,37,0,785,0,0,0,785
05/25/2017,BWI,MD,AEA,EN,Towers with Radar,634,84,42,1,761,0,0,3,1,4,634,84,45,2,765,0,0,0,765
05/26/2017,BWI,MD,AEA,EN,Towers with Radar,682,105,41,0,828,0,0,10,3,13,682,105,51,3,841,0,0,0,841
05/27/2017,BWI,MD,AEA,EN,Towers with Radar,527,56,12,1,596,0,0,10,0,10,527,56,22,1,606,0,0,0,606
05/28/2017,BWI,MD,AEA,EN,Towers with Radar,505,43,12,0,560,0,1,4,0,5,505,44,16,0,565,0,0,0,565
05/29/2017,BWI,MD,AEA,EN,Towers with Radar,597,75,24,0,696,0,1,5,1,7,597,76,29,1,703,0,0,0,703
05/30/2017,BWI,MD,AEA,EN,Towers with Radar,633,75,23,3,734,0,0,0,0,0,633,75,23,3,734,0,0,0,734
05/31/2017,BWI,MD,AEA,EN,Towers with Radar,656,97,22,1,776,0,0,4,3,7,656,97,26,4,783,0,0,0,783
06/01/2017,BWI,MD,AEA,EN,Towers with Radar,662,94,36,1,793,0,0,27,4,31,662,94,63,5,824,0,0,0,824
06/02/2017,BWI,MD,AEA,EN,Towers with Radar,647,90,45,1,783,0,0,12,1,13,647,90,57,2,796,0,0,0,796
06/03/2017,BWI,MD,AEA,EN,Towers with Radar,533,70,14,1,618,0,1,13,0,14,533,71,27,1,632,0,0,0,632
06/04/2017,BWI,MD,AEA,EN,Towers with Radar,619,78,22,0,719,0,0,17,0,17,619,78,39,0,736,0,0,0,736
06/05/2017,BWI,MD,AEA,EN,Towers with Radar,658,84,21,0,763,0,0,6,1,7,658,84,27,1,770,0,0,0,770
06/06/2017,BWI,MD,AEA,EN,Towers with Radar,661,83,27,1,772,0,0,8,1,9,661,83,35,2,781,0,0,0,781
06/07/2017,BWI,MD,AEA,EN,Towers with Radar,668,86,19,0,773,0,1,1,1,3,668,87,20,1,776,0,0,0,776
06/08/2017,BWI,MD,AEA,EN,Towers with Radar,678,85,42,0,805,0,1,23,2,26,678,86,65,2,831,0,0,0,831
06/09/2017,BWI,MD,AEA,EN,Towers with Radar,683,95,35,2,815,0,1,8,2,11,683,96,43,4,826,0,0,0,826
06/10/2017,BWI,MD,AEA,EN,Towers with Radar,609,51,8,0,668,0,0,19,0,19,609,51,27,0,687,0,0,0,687
06/11/2017,BWI,MD,AEA,EN,Towers with Radar,624,65,30,0,719,0,2,7,0,9,624,67,37,0,728,0,0,0,728
06/12/2017,BWI,MD,AEA,EN,Towers with Radar,684,81,30,0,795,0,6,8,0,14,684,87,38,0,809,0,0,0,809
06/13/2017,BWI,MD,AEA,EN,Towers with Radar,674,86,41,1,802,0,0,13,5,18,674,86,54,6,820,0,0,0,820
06/14/2017,BWI,MD,AEA,EN,Towers with Radar,653,84,35,2,774,0,0,11,0,11,653,84,46,2,785,0,0,0,785
06/15/2017,BWI,MD,AEA,EN,Towers with Radar,632,90,23,3,748,0,0,10,4,14,632,90,33,7,762,0,0,0,762
06/16/2017,BWI,MD,AEA,EN,Towers with Radar,673,97,40,2,812,0,4,6,0,10,673,101,46,2,822,0,0,0,822
06/17/2017,BWI,MD,AEA,EN,Towers with Radar,625,57,13,1,696,0,1,1,0,2,625,58,14,1,698,0,0,0,698
06/18/2017,BWI,MD,AEA,EN,Towers with Radar,636,65,19,0,720,0,0,9,0,9,636,65,28,0,729,0,0,0,729
06/19/2017,BWI,MD,AEA,EN,Towers with Radar,566,51,28,0,645,0,0,2,0,2,566,51,30,0,647,0,0,0,647
06/20/2017,BWI,MD,AEA,EN,Towers with Radar,689,79,34,7,809,0,4,6,6,16,689,83,40,13,825,0,0,0,825
06/21/2017,BWI,MD,AEA,EN,Towers with Radar,687,101,47,1,836,0,1,2,3,6,687,102,49,4,842,0,0,0,842
06/22/2017,BWI,MD,AEA,EN,Towers with Radar,693,90,45,2,830,0,0,11,3,14,693,90,56,5,844,0,0,0,844
06/23/2017,BWI,MD,AEA,EN,Towers with Radar,683,80,20,1,784,0,0,0,0,0,683,80,20,1,784,0,0,0,784
06/24/2017,BWI,MD,AEA,EN,Towers with Radar,612,61,10,0,683,0,0,9,0,9,612,61,19,0,692,0,0,0,692
06/25/2017,BWI,MD,AEA,EN,Towers with Radar,638,75,25,1,739,0,1,8,1,10,638,76,33,2,749,0,0,0,749
06/26/2017,BWI,MD,AEA,EN,Towers with Radar,681,76,32,4,793,0,3,7,4,14,681,79,39,8,807,0,0,0,807
06/27/2017,BWI,MD,AEA,EN,Towers with Radar,675,83,31,3,792,0,1,10,3,14,675,84,41,6,806,0,0,0,806
06/28/2017,BWI,MD,AEA,EN,Towers with Radar,682,84,54,4,824,0,1,6,6,13,682,85,60,10,837,0,0,0,837
06/29/2017,BWI,MD,AEA,EN,Towers with Radar,690,95,33,2,820,0,0,13,4,17,690,95,46,6,837,0,0,0,837
06/30/2017,BWI,MD,AEA,EN,Towers with Radar,666,80,33,0,779,0,0,5,4,9,666,80,38,4,788,0,0,0,788
07/01/2017,BWI,MD,AEA,EN,Towers with Radar,615,62,22,0,699,0,0,5,1,6,615,62,27,1,705,0,0,0,705
07/02/2017,BWI,MD,AEA,EN,Towers with Radar,617,66,8,0,691,0,0,8,0,8,617,66,16,0,699,0,0,0,699
07/03/2017,BWI,MD,AEA,EN,Towers with Radar,591,47,7,1,646,0,2,6,0,8,591,49,13,1,654,0,0,0,654
07/04/2017,BWI,MD,AEA,EN,Towers with Radar,553,49,14,0,616,0,1,2,0,3,553,50,16,0,619,0,0,0,619
07/05/2017,BWI,MD,AEA,EN,Towers with Radar,667,79,26,2,774,0,0,3,0,3,667,79,29,2,777,0,0,0,777
07/06/2017,BWI,MD,AEA,EN,Towers with Radar,690,78,38,1,807,0,0,0,0,0,690,78,38,1,807,0,0,0,807
07/07/2017,BWI,MD,AEA,EN,Towers with Radar,694,71,28,2,795,0,2,12,2,16,694,73,40,4,811,0,0,0,811
07/08/2017,BWI,MD,AEA,EN,Towers with Radar,607,61,19,2,689,0,1,23,5,29,607,62,42,7,718,0,0,0,718
07/09/2017,BWI,MD,AEA,EN,Towers with Radar,631,76,35,0,742,0,0,4,1,5,631,76,39,1,747,0,0,0,747
07/10/2017,BWI,MD,AEA,EN,Towers with Radar,571,68,31,3,673,0,0,9,3,12,571,68,40,6,685,0,0,0,685
07/11/2017,BWI,MD,AEA,EN,Towers with Radar,680,92,36,9,817,0,1,8,0,9,680,93,44,9,826,0,0,0,826
07/12/2017,BWI,MD,AEA,EN,Towers with Radar,688,97,50,1,836,0,1,2,0,3,688,98,52,1,839,0,0,0,839
07/13/2017,BWI,MD,AEA,EN,Towers with Radar,718,85,49,2,854,0,0,8,1,9,718,85,57,3,863,0,0,0,863
07/14/2017,BWI,MD,AEA,EN,Towers with Radar,652,74,39,2,767,0,1,7,0,8,652,75,46,2,775,0,0,0,775
07/15/2017,BWI,MD,AEA,EN,Towers with Radar,639,67,19,3,728,0,0,15,0,15,639,67,34,3,743,0,0,0,743
07/16/2017,BWI,MD,AEA,EN,Towers with Radar,638,71,33,0,742,0,0,16,3,19,638,71,49,3,761,0,0,0,761
07/17/2017,BWI,MD,AEA,EN,Towers with Radar,667,67,32,1,767,0,0,2,1,3,667,67,34,2,770,0,0,0,770
07/18/2017,BWI,MD,AEA,EN,Towers with Radar,703,100,39,3,845,0,1,2,3,6,703,101,41,6,851,0,0,0,851
07/19/2017,BWI,MD,AEA,EN,Towers with Radar,687,98,30,1,816,0,2,10,3,15,687,100,40,4,831,0,0,0,831
07/20/2017,BWI,MD,AEA,EN,Towers with Radar,700,110,62,3,875,0,0,10,3,13,700,110,72,6,888,0,0,0,888
07/21/2017,BWI,MD,AEA,EN,Towers with Radar,687,95,34,1,817,0,3,26,2,31,687,98,60,3,848,0,0,0,848
07/22/2017,BWI,MD,AEA,EN,Towers with Radar,608,66,21,1,696,0,2,4,2,8,608,68,25,3,704,0,0,0,704
07/23/2017,BWI,MD,AEA,EN,Towers with Radar,624,73,31,0,728,0,0,4,0,4,624,73,35,0,732,0,0,0,732
07/24/2017,BWI,MD,AEA,EN,Towers with Radar,674,78,32,3,787,0,0,5,2,7,674,78,37,5,794,0,0,0,794
07/25/2017,BWI,MD,AEA,EN,Towers with Radar,702,88,32,5,827,0,1,11,4,16,702,89,43,9,843,0,0,0,843
07/26/2017,BWI,MD,AEA,EN,Towers with Radar,690,83,49,1,823,0,1,6,2,9,690,84,55,3,832,0,0,0,832
07/27/2017,BWI,MD,AEA,EN,Towers with Radar,692,95,34,2,823,0,2,1,1,4,692,97,35,3,827,0,0,0,827
07/28/2017,BWI,MD,AEA,EN,Towers with Radar,625,74,30,0,729,0,0,0,0,0,625,74,30,0,729,0,0,0,729
07/29/2017,BWI,MD,AEA,EN,Towers with Radar,658,73,11,0,742,0,0,0,0,0,658,73,11,0,742,0,0,0,742
07/30/2017,BWI,MD,AEA,EN,Towers with Radar,636,75,26,0,737,0,4,7,0,11,636,79,33,0,748,0,0,0,748
07/31/2017,BWI,MD,AEA,EN,Towers with Radar,691,77,39,1,808,0,0,8,0,8,691,77,47,1,816,0,0,0,816
08/01/2017,BWI,MD,AEA,EN,Towers with Radar,678,93,39,0,810,0,2,14,0,16,678,95,53,0,826,0,0,0,826
08/02/2017,BWI,MD,AEA,EN,Towers with Radar,675,88,44,5,812,0,0,15,2,17,675,88,59,7,829,0,0,0,829
08/03/2017,BWI,MD,AEA,EN,Towers with Radar,666,102,43,5,816,0,1,3,2,6,666,103,46,7,822,0,0,0,822
08/04/2017,BWI,MD,AEA,EN,Towers with Radar,565,84,30,2,681,0,0,14,2,16,565,84,44,4,697,0,0,0,697
08/05/2017,BWI,MD,AEA,EN,Towers with Radar,620,80,23,1,724,0,3,13,0,16,620,83,36,1,740,0,0,0,740
08/06/2017,BWI,MD,AEA,EN,Towers with Radar,633,92,31,0,756,0,1,16,0,17,633,93,47,0,773,0,0,0,773
08/07/2017,BWI,MD,AEA,EN,Towers with Radar,674,76,24,5,779,0,0,0,0,0,674,76,24,5,779,0,0,0,779
08/08/2017,BWI,MD,AEA,EN,Towers with Radar,686,100,54,8,848,0,3,5,3,11,686,103,59,11,859,0,0,0,859
08/09/2017,BWI,MD,AEA,EN,Towers with Radar,688,89,35,11,823,0,0,18,3,21,688,89,53,14,844,0,0,0,844
08/10/2017,BWI,MD,AEA,EN,Towers with Radar,679,96,24,10,809,0,3,15,2,20,679,99,39,12,829,0,0,0,829
08/11/2017,BWI,MD,AEA,EN,Towers with Radar,623,92,21,5,741,0,0,7,1,8,623,92,28,6,749,0,0,0,749
08/12/2017,BWI,MD,AEA,EN,Towers with Radar,616,68,15,0,699,0,0,2,2,4,616,68,17,2,703,0,0,0,703
08/13/2017,BWI,MD,AEA,EN,Towers with Radar,635,74,24,0,733,0,4,4,0,8,635,78,28,0,741,0,0,0,741
08/14/2017,BWI,MD,AEA,EN,Towers with Radar,689,82,27,2,800,0,1,12,1,14,689,83,39,3,814,0,0,0,814
08/15/2017,BWI,MD,AEA,EN,Towers with Radar,636,104,35,0,775,0,0,1,0,1,636,104,36,0,776,0,0,0,776
08/16/2017,BWI,MD,AEA,EN,Towers with Radar,641,103,37,7,788,0,0,7,6,13,641,103,44,13,801,0,0,0,801
08/17/2017,BWI,MD,AEA,EN,Towers with Radar,639,111,45,6,801,0,0,9,1,10,639,111,54,7,811,0,0,0,811
08/18/2017,BWI,MD,AEA,EN,Towers with Radar,584,83,27,8,702,0,0,3,2,5,584,83,30,10,707,0,0,0,707
08/19/2017,BWI,MD,AEA,EN,Towers with Radar,561,69,17,0,647,0,1,9,0,10,561,70,26,0,657,0,0,0,657
08/20/2017,BWI,MD,AEA,EN,Towers with Radar,591,78,38,0,707,0,1,12,0,13,591,79,50,0,720,0,0,0,720
08/21/2017,BWI,MD,AEA,EN,Towers with Radar,621,83,45,1,750,0,1,6,7,14,621,84,51,8,764,0,0,0,764
08/22/2017,BWI,MD,AEA,EN,Towers with Radar,563,92,20,1,676,0,0,18,2,20,563,92,38,3,696,0,0,0,696
08/23/2017,BWI,MD,AEA,EN,Towers with Radar,662,110,34,0,806,0,0,8,0,8,662,110,42,0,814,0,0,0,814
08/24/2017,BWI,MD,AEA,EN,Towers with Radar,646,101,23,1,771,0,0,12,5,17,646,101,35,6,788,0,0,0,788
08/25/2017,BWI,MD,AEA,EN,Towers with Radar,630,89,18,1,738,0,0,19,1,20,630,89,37,2,758,0,0,0,758
08/26/2017,BWI,MD,AEA,EN,Towers with Radar,528,79,12,0,619,0,2,21,2,25,528,81,33,2,644,0,0,0,644
08/27/2017,BWI,MD,AEA,EN,Towers with Radar,569,69,20,1,659,0,2,6,0,8,569,71,26,1,667,0,0,0,667
08/28/2017,BWI,MD,AEA,EN,Towers with Radar,597,77,27,1,702,0,0,10,1,11,597,77,37,2,713,0,0,0,713
08/29/2017,BWI,MD,AEA,EN,Towers with Radar,619,92,29,0,740,0,0,1,0,1,619,92,30,0,741,0,0,0,741
08/30/2017,BWI,MD,AEA,EN,Towers with Radar,616,102,33,2,753,0,0,2,2,4,616,102,35,4,757,0,0,0,757
08/31/2017,BWI,MD,AEA,EN,Towers with Radar,631,99,42,2,774,0,2,17,1,20,631,101,59,3,794,0,0,0,794
09/01/2017,BWI,MD,AEA,EN,Towers with Radar,618,99,41,0,758,0,0,6,2,8,618,99,47,2,766,0,0,0,766
09/02/2017,BWI,MD,AEA,EN,Towers with Radar,470,66,6,0,542,0,0,0,0,0,470,66,6,0,542,0,0,0,542
09/03/2017,BWI,MD,AEA,EN,Towers with Radar,440,63,19,0,522,0,1,8,0,9,440,64,27,0,531,0,0,0,531
09/04/2017,BWI,MD,AEA,EN,Towers with Radar,586,71,47,1,705,0,0,20,0,20,586,71,67,1,725,0,0,0,725
09/05/2017,BWI,MD,AEA,EN,Towers with Radar,604,74,22,1,701,0,0,5,2,7,604,74,27,3,708,0,0,0,708
09/06/2017,BWI,MD,AEA,EN,Towers with Radar,593,107,44,0,744,0,0,1,1,2,593,107,45,1,746,0,0,0,746
09/07/2017,BWI,MD,AEA,EN,Towers with Radar,617,124,48,3,792,0,0,8,3,11,617,124,56,6,803,0,0,0,803
09/08/2017,BWI,MD,AEA,EN,Towers with Radar,590,110,37,2,739,0,0,9,4,13,590,110,46,6,752,0,0,0,752
09/09/2017,BWI,MD,AEA,EN,Towers with Radar,469,69,23,2,563,0,2,10,0,12,469,71,33,2,575,0,0,0,575
09/10/2017,BWI,MD,AEA,EN,Towers with Radar,496,77,37,0,610,0,1,8,0,9,496,78,45,0,619,0,0,0,619
09/11/2017,BWI,MD,AEA,EN,Towers with Radar,493,78,25,2,598,0,0,8,4,12,493,78,33,6,610,0,0,0,610
09/12/2017,BWI,MD,AEA,EN,Towers with Radar,535,94,49,7,685,0,2,10,3,15,535,96,59,10,700,0,0,0,700
09/13/2017,BWI,MD,AEA,EN,Towers with Radar,577,99,45,3,724,0,0,1,2,3,577,99,46,5,727,0,0,0,727
09/14/2017,BWI,MD,AEA,EN,Towers with Radar,615,112,42,7,776,0,2,8,1,11,615,114,50,8,787,0,0,0,787
09/15/2017,BWI,MD,AEA,EN,Towers with Radar,629,94,59,3,785,0,2,17,3,22,629,96,76,6,807,0,0,0,807
09/16/2017,BWI,MD,AEA,EN,Towers with Radar,528,72,17,0,617,0,1,17,2,20,528,73,34,2,637,0,0,0,637
09/17/2017,BWI,MD,AEA,EN,Towers with Radar,591,66,29,2,688,0,2,5,0,7,591,68,34,2,695,0,0,0,695
09/18/2017,BWI,MD,AEA,EN,Towers with Radar,604,93,50,4,751,0,0,1,0,1,604,93,51,4,752,0,0,0,752
09/19/2017,BWI,MD,AEA,EN,Towers with Radar,618,103,41,1,763,0,0,9,1,10,618,103,50,2,773,0,0,0,773
09/20/2017,BWI,MD,AEA,EN,Towers with Radar,619,91,49,1,760,0,0,13,2,15,619,91,62,3,775,0,0,0,775
09/21/2017,BWI,MD,AEA,EN,Towers with Radar,633,96,45,4,778,0,0,5,4,9,633,96,50,8,787,0,0,0,787
09/22/2017,BWI,MD,AEA,EN,Towers with Radar,623,98,47,2,770,0,0,13,1,14,623,98,60,3,784,0,0,0,784
09/23/2017,BWI,MD,AEA,EN,Towers with Radar,525,74,21,0,620,0,2,16,2,20,525,76,37,2,640,0,0,0,640
09/24/2017,BWI,MD,AEA,EN,Towers with Radar,581,75,43,4,703,0,1,15,0,16,581,76,58,4,719,0,0,0,719
09/25/2017,BWI,MD,AEA,EN,Towers with Radar,626,85,46,0,757,0,2,4,0,6,626,87,50,0,763,0,0,0,763
09/26/2017,BWI,MD,AEA,EN,Towers with Radar,614,97,28,0,739,0,0,4,0,4,614,97,32,0,743,0,0,0,743
09/27/2017,BWI,MD,AEA,EN,Towers with Radar,620,104,35,1,760,0,0,13,4,17,620,104,48,5,777,0,0,0,777
09/28/2017,BWI,MD,AEA,EN,Towers with Radar,640,99,36,4,779,0,0,7,0,7,640,99,43,4,786,0,0,0,786
09/29/2017,BWI,MD,AEA,EN,Towers with Radar,634,100,24,1,759,0,1,11,0,12,634,101,35,1,771,0,0,0,771
09/30/2017,BWI,MD,AEA,EN,Towers with Radar,517,79,12,0,608,0,1,8,1,10,517,80,20,1,618,0,0,0,618
10/01/2017,BWI,MD,AEA,EN,Towers with Radar,585,84,40,0,709,0,3,20,0,23,585,87,60,0,732,0,0,0,732
10/02/2017,BWI,MD,AEA,EN,Towers with Radar,610,82,41,5,738,0,0,13,7,20,610,82,54,12,758,0,0,0,758
10/03/2017,BWI,MD,AEA,EN,Towers with Radar,608,101,31,3,743,0,4,9,1,14,608,105,40,4,757,0,0,0,757
10/04/2017,BWI,MD,AEA,EN,Towers with Radar,615,103,36,4,758,0,0,12,4,16,615,103,48,8,774,0,0,0,774
10/05/2017,BWI,MD,AEA,EN,Towers with Radar,635,123,51,4,813,0,5,12,4,21,635,128,63,8,834,0,0,0,834
10/06/2017,BWI,MD,AEA,EN,Towers with Radar,615,119,52,4,790,0,2,9,0,11,615,121,61,4,801,0,0,0,801
10/07/2017,BWI,MD,AEA,EN,Towers with Radar,537,70,35,0,642,0,3,12,1,16,537,73,47,1,658,0,0,0,658
10/08/2017,BWI,MD,AEA,EN,Towers with Radar,561,97,28,0,686,0,0,1,1,2,561,97,29,1,688,0,0,0,688
10/09/2017,BWI,MD,AEA,EN,Towers with Radar,606,89,26,2,723,0,1,1,1,3,606,90,27,3,726,0,0,0,726
10/10/2017,BWI,MD,AEA,EN,Towers with Radar,608,98,37,3,746,0,0,10,5,15,608,98,47,8,761,0,0,0,761
10/11/2017,BWI,MD,AEA,EN,Towers with Radar,609,109,34,2,754,0,0,0,0,0,609,109,34,2,754,0,0,0,754
10/12/2017,BWI,MD,AEA,EN,Towers with Radar,618,105,45,1,769,0,0,0,1,1,618,105,45,2,770,0,0,0,770
10/13/2017,BWI,MD,AEA,EN,Towers with Radar,625,113,30,3,771,0,0,2,0,2,625,113,32,3,773,0,0,0,773
10/14/2017,BWI,MD,AEA,EN,Towers with Radar,529,68,30,0,627,0,1,2,2,5,529,69,32,2,632,0,0,0,632
10/15/2017,BWI,MD,AEA,EN,Towers with Radar,586,89,32,0,707,0,1,2,0,3,586,90,34,0,710,0,0,0,710
10/16/2017,BWI,MD,AEA,EN,Towers with Radar,612,92,55,0,759,0,0,8,1,9,612,92,63,1,768,0,0,0,768
10/17/2017,BWI,MD,AEA,EN,Towers with Radar,608,102,35,6,751,0,1,6,4,11,608,103,41,10,762,0,0,0,762
10/18/2017,BWI,MD,AEA,EN,Towers with Radar,609,97,36,1,743,0,1,15,6,22,609,98,51,7,765,0,0,0,765
10/19/2017,BWI,MD,AEA,EN,Towers with Radar,618,107,46,3,774,0,0,14,1,15,618,107,60,4,789,0,0,0,789
10/20/2017,BWI,MD,AEA,EN,Towers with Radar,617,109,30,1,757,0,2,4,3,9,617,111,34,4,766,0,0,0,766
10/21/2017,BWI,MD,AEA,EN,Towers with Radar,547,73,22,0,642,0,2,21,2,25,547,75,43,2,667,0,0,0,667
10/22/2017,BWI,MD,AEA,EN,Towers with Radar,583,94,25,0,702,0,2,6,0,8,583,96,31,0,710,0,0,0,710
10/23/2017,BWI,MD,AEA,EN,Towers with Radar,604,101,26,0,731,0,0,6,1,7,604,101,32,1,738,0,0,0,738
10/24/2017,BWI,MD,AEA,EN,Towers with Radar,608,97,27,2,734,0,0,8,2,10,608,97,35,4,744,0,0,0,744
10/25/2017,BWI,MD,AEA,EN,Towers with Radar,613,107,27,4,751,0,0,14,2,16,613,107,41,6,767,0,0,0,767
10/26/2017,BWI,MD,AEA,EN,Towers with Radar,628,131,38,6,803,0,1,13,5,19,628,132,51,11,822,0,0,0,822
10/27/2017,BWI,MD,AEA,EN,Towers with Radar,615,124,43,4,786,0,1,14,2,17,615,125,57,6,803,0,0,0,803
10/28/2017,BWI,MD,AEA,EN,Towers with Radar,537,73,19,0,629,0,4,7,2,13,537,77,26,2,642,0,0,0,642
10/29/2017,BWI,MD,AEA,EN,Towers with Radar,544,76,39,0,659,0,1,0,0,1,544,77,39,0,660,0,0,0,660
10/30/2017,BWI,MD,AEA,EN,Towers with Radar,594,73,28,1,696,0,0,1,0,1,594,73,29,1,697,0,0,0,697
10/31/2017,BWI,MD,AEA,EN,Towers with Radar,563,102,20,0,685,0,2,8,4,14,563,104,28,4,699,0,0,0,699
11/01/2017,BWI,MD,AEA,EN,Towers with Radar,604,98,53,0,755,0,1,8,1,10,604,99,61,1,765,0,0,0,765
11/02/2017,BWI,MD,AEA,EN,Towers with Radar,629,104,26,2,761,0,0,10,5,15,629,104,36,7,776,0,0,0,776
11/03/2017,BWI,MD,AEA,EN,Towers with Radar,614,102,39,2,757,0,1,9,1,11,614,103,48,3,768,0,0,0,768
11/04/2017,BWI,MD,AEA,EN,Towers with Radar,532,71,12,1,616,0,0,13,1,14,532,71,25,2,630,0,0,0,630
11/05/2017,BWI,MD,AEA,EN,Towers with Radar,594,68,30,0,692,0,0,1,0,1,594,68,31,0,693,0,0,0,693
11/06/2017,BWI,MD,AEA,EN,Towers with Radar,648,92,17,1,758,0,0,2,0,2,648,92,19,1,760,0,0,0,760
11/07/2017,BWI,MD,AEA,EN,Towers with Radar,626,92,34,0,752,0,0,0,0,0,626,92,34,0,752,0,0,0,752
11/08/2017,BWI,MD,AEA,EN,Towers with Radar,649,104,34,1,788,0,1,5,0,6,649,105,39,1,794,0,0,0,794
11/09/2017,BWI,MD,AEA,EN,Towers with Radar,658,106,38,0,802,0,0,4,0,4,658,106,42,0,806,0,0,0,806
11/10/2017,BWI,MD,AEA,EN,Towers with Radar,639,105,33,4,781,0,0,9,2,11,639,105,42,6,792,0,0,0,792
11/11/2017,BWI,MD,AEA,EN,Towers with Radar,509,76,31,0,616,0,3,13,3,19,509,79,44,3,635,0,0,0,635
11/12/2017,BWI,MD,AEA,EN,Towers with Radar,603,84,27,3,717,0,1,6,1,8,603,85,33,4,725,0,0,0,725
11/13/2017,BWI,MD,AEA,EN,Towers with Radar,627,93,19,0,739,0,1,3,5,9,627,94,22,5,748,0,0,0,748
11/14/2017,BWI,MD,AEA,EN,Towers with Radar,637,101,29,0,767,0,0,11,0,11,637,101,40,0,778,0,0,0,778
11/15/2017,BWI,MD,AEA,EN,Towers with Radar,655,113,46,1,815,0,1,3,1,5,655,114,49,2,820,0,0,0,820
11/16/2017,BWI,MD,AEA,EN,Towers with Radar,647,113,29,3,792,0,1,4,8,13,647,114,33,11,805,0,0,0,805
11/17/2017,BWI,MD,AEA,EN,Towers with Radar,674,96,30,3,803,0,3,12,3,18,674,99,42,6,821,0,0,0,821
11/18/2017,BWI,MD,AEA,EN,Towers with Radar,603,72,13,2,690,0,0,11,2,13,603,72,24,4,703,0,0,0,703
11/19/2017,BWI,MD,AEA,EN,Towers with Radar,603,70,18,1,692,0,0,0,0,0,603,70,18,1,692,0,0,0,692
11/20/2017,BWI,MD,AEA,EN,Towers with Radar,627,74,46,1,748,0,1,6,5,12,627,75,52,6,760,0,0,0,760
11/21/2017,BWI,MD,AEA,EN,Towers with Radar,671,101,28,3,803,0,0,4,4,8,671,101,32,7,811,0,0,0,811
11/22/2017,BWI,MD,AEA,EN,Towers with Radar,693,102,36,1,832,0,0,4,1,5,693,102,40,2,837,0,0,0,837
11/23/2017,BWI,MD,AEA,EN,Towers with Radar,429,61,12,0,502,0,0,5,0,5,429,61,17,0,507,0,0,0,507
11/24/2017,BWI,MD,AEA,EN,Towers with Radar,545,62,21,0,628,0,0,10,0,10,545,62,31,0,638,0,0,0,638
11/25/2017,BWI,MD,AEA,EN,Towers with Radar,618,82,14,0,714,0,1,11,0,12,618,83,25,0,726,0,0,0,726
11/26/2017,BWI,MD,AEA,EN,Towers with Radar,686,94,21,0,801,0,0,4,0,4,686,94,25,0,805,0,0,0,805
11/27/2017,BWI,MD,AEA,EN,Towers with Radar,690,92,33,1,816,0,1,12,0,13,690,93,45,1,829,0,0,0,829
11/28/2017,BWI,MD,AEA,EN,Towers with Radar,643,97,44,1,785,0,1,7,2,10,643,98,51,3,795,0,0,0,795
11/29/2017,BWI,MD,AEA,EN,Towers with Radar,606,107,42,4,759,0,3,11,9,23,606,110,53,13,782,0,0,0,782
11/30/2017,BWI,MD,AEA,EN,Towers with Radar,623,111,35,2,771,0,2,5,2,9,623,113,40,4,780,0,0,0,780
12/01/2017,BWI,MD,AEA,EN,Towers with Radar,617,103,33,4,757,0,0,2,3,5,617,103,35,7,762,0,0,0,762
12/02/2017,BWI,MD,AEA,EN,Towers with Radar,485,76,27,0,588,0,0,9,0,9,485,76,36,0,597,0,0,0,597
12/03/2017,BWI,MD,AEA,EN,Towers with Radar,566,68,14,1,649,0,0,8,0,8,566,68,22,1,657,0,0,0,657
12/04/2017,BWI,MD,AEA,EN,Towers with Radar,610,92,15,2,719,0,0,8,3,11,610,92,23,5,730,0,0,0,730
12/05/2017,BWI,MD,AEA,EN,Towers with Radar,594,113,18,2,727,0,0,1,1,2,594,113,19,3,729,0,0,0,729
12/06/2017,BWI,MD,AEA,EN,Towers with Radar,596,113,26,2,737,0,4,7,1,12,596,117,33,3,749,0,0,0,749
12/07/2017,BWI,MD,AEA,EN,Towers with Radar,621,116,23,1,761,0,5,3,5,13,621,121,26,6,774,0,0,0,774
12/08/2017,BWI,MD,AEA,EN,Towers with Radar,572,101,30,1,704,0,0,7,1,8,572,101,37,2,712,0,0,0,712
12/09/2017,BWI,MD,AEA,EN,Towers with Radar,406,52,13,1,472,0,0,0,0,0,406,52,13,1,472,0,0,0,472
12/10/2017,BWI,MD,AEA,EN,Towers with Radar,561,66,11,0,638,0,1,2,0,3,561,67,13,0,641,0,0,0,641
12/11/2017,BWI,MD,AEA,EN,Towers with Radar,597,100,21,0,718,0,2,7,0,9,597,102,28,0,727,0,0,0,727
12/12/2017,BWI,MD,AEA,EN,Towers with Radar,592,101,31,8,732,0,1,9,0,10,592,102,40,8,742,0,0,0,742
12/13/2017,BWI,MD,AEA,EN,Towers with Radar,590,111,35,1,737,0,1,3,1,5,590,112,38,2,742,0,0,0,742
12/14/2017,BWI,MD,AEA,EN,Towers with Radar,623,112,25,0,760,0,0,5,2,7,623,112,30,2,767,0,0,0,767
12/15/2017,BWI,MD,AEA,EN,Towers with Radar,647,71,26,3,747,0,1,3,0,4,647,72,29,3,751,0,0,0,751
12/16/2017,BWI,MD,AEA,EN,Towers with Radar,524,69,14,0,607,0,0,3,0,3,524,69,17,0,610,0,0,0,610
12/17/2017,BWI,MD,AEA,EN,Towers with Radar,559,69,23,1,652,0,0,3,0,3,559,69,26,1,655,0,0,0,655
12/18/2017,BWI,MD,AEA,EN,Towers with Radar,638,79,14,0,731,0,0,8,1,9,638,79,22,1,740,0,0,0,740
12/19/2017,BWI,MD,AEA,EN,Towers with Radar,632,106,19,2,759,0,0,13,4,17,632,106,32,6,776,0,0,0,776
12/20/2017,BWI,MD,AEA,EN,Towers with Radar,654,102,29,0,785,0,1,3,1,5,654,103,32,1,790,0,0,0,790
12/21/2017,BWI,MD,AEA,EN,Towers with Radar,693,99,36,1,829,0,3,9,1,13,693,102,45,2,842,0,0,0,842
12/22/2017,BWI,MD,AEA,EN,Towers with Radar,700,101,17,0,818,0,0,16,2,18,700,101,33,2,836,0,0,0,836
12/23/2017,BWI,MD,AEA,EN,Towers with Radar,634,53,17,0,704,0,2,1,0,3,634,55,18,0,707,0,0,0,707
12/24/2017,BWI,MD,AEA,EN,Towers with Radar,514,51,10,0,575,0,0,2,0,2,514,51,12,0,577,0,0,0,577
12/25/2017,BWI,MD,AEA,EN,Towers with Radar,514,58,7,0,579,0,0,2,0,2,514,58,9,0,581,0,0,0,581
12/26/2017,BWI,MD,AEA,EN,Towers with Radar,658,79,22,0,759,0,1,5,2,8,658,80,27,2,767,0,0,0,767
12/27/2017,BWI,MD,AEA,EN,Towers with Radar,689,88,17,0,794,0,6,2,1,9,689,94,19,1,803,0,0,0,803
12/28/2017,BWI,MD,AEA,EN,Towers with Radar,684,88,30,0,802,0,0,9,0,9,684,88,39,0,811,0,0,0,811
12/29/2017,BWI,MD,AEA,EN,Towers with Radar,678,75,4,0,757,0,1,11,0,12,678,76,15,0,769,0,0,0,769
12/30/2017,BWI,MD,AEA,EN,Towers with Radar,614,56,8,0,678,0,1,3,2,6,614,57,11,2,684,0,0,0,684
12/31/2017,BWI,MD,AEA,EN,Towers with Radar,533,63,11,0,607,0,1,2,0,3,533,64,13,0,610,0,0,0,610
01/01/2018,BWI,MD,AEA,EN,Towers with Radar,595,68,14,0,677,0,2,1,0,3,595,70,15,0,680,0,0,0,680
01/02/2018,BWI,MD,AEA,EN,Towers with Radar,655,89,10,0,754,0,2,5,0,7,655,91,15,0,761,0,0,0,761
01/03/2018,BWI,MD,AEA,EN,Towers with Radar,638,85,32,0,755,0,0,8,0,8,638,85,40,0,763,0,0,0,763
01/04/2018,BWI,MD,AEA,EN,Towers with Radar,552,53,12,0,617,0,0,0,0,0,552,53,12,0,617,0,0,0,617
01/05/2018,BWI,MD,AEA,EN,Towers with Radar,600,78,20,0,698,0,0,1,0,1,600,78,21,0,699,0,0,0,699
01/06/2018,BWI,MD,AEA,EN,Towers with Radar,502,65,5,0,572,0,1,3,1,5,502,66,8,1,577,0,0,0,577
01/07/2018,BWI,MD,AEA,EN,Towers with Radar,588,76,30,0,694,0,1,3,0,4,588,77,33,0,698,0,0,0,698
01/08/2018,BWI,MD,AEA,EN,Towers with Radar,555,46,19,1,621,0,3,2,0,5,555,49,21,1,626,0,0,0,626
01/09/2018,BWI,MD,AEA,EN,Towers with Radar,590,95,18,0,703,0,0,11,4,15,590,95,29,4,718,0,0,0,718
01/10/2018,BWI,MD,AEA,EN,Towers with Radar,578,99,36,4,717,0,3,8,4,15,578,102,44,8,732,0,0,0,732
01/11/2018,BWI,MD,AEA,EN,Towers with Radar,586,107,23,0,716,0,0,2,0,2,586,107,25,0,718,0,0,0,718
01/12/2018,BWI,MD,AEA,EN,Towers with Radar,568,99,34,1,702,0,0,0,0,0,568,99,34,1,702,0,0,0,702
01/13/2018,BWI,MD,AEA,EN,Towers with Radar,511,49,11,0,571,0,1,3,1,5,511,50,14,1,576,0,0,0,576
01/14/2018,BWI,MD,AEA,EN,Towers with Radar,507,58,22,2,589,0,1,14,0,15,507,59,36,2,604,0,0,0,604
01/15/2018,BWI,MD,AEA,EN,Towers with Radar,566,83,14,0,663,0,0,3,0,3,566,83,17,0,666,0,0,0,666
01/16/2018,BWI,MD,AEA,EN,Towers with Radar,562,87,34,0,683,0,0,4,2,6,562,87,38,2,689,0,0,0,689
01/17/2018,BWI,MD,AEA,EN,Towers with Radar,539,98,11,0,648,0,1,5,1,7,539,99,16,1,655,0,0,0,655
01/18/2018,BWI,MD,AEA,EN,Towers with Radar,580,110,27,2,719,0,1,8,1,10,580,111,35,3,729,0,0,0,729
01/19/2018,BWI,MD,AEA,EN,Towers with Radar,598,100,22,0,720,0,1,19,0,20,598,101,41,0,740,0,0,0,740
01/20/2018,BWI,MD,AEA,EN,Towers with Radar,509,61,16,0,586,0,0,7,1,8,509,61,23,1,594,0,0,0,594
01/21/2018,BWI,MD,AEA,EN,Towers with Radar,516,61,18,0,595,0,1,6,0,7,516,62,24,0,602,0,0,0,602
01/22/2018,BWI,MD,AEA,EN,Towers with Radar,580,92,28,1,701,0,1,4,3,8,580,93,32,4,709,0,0,0,709
01/23/2018,BWI,MD,AEA,EN,Towers with Radar,584,101,29,1,715,0,1,5,1,7,584,102,34,2,722,0,0,0,722
01/24/2018,BWI,MD,AEA,EN,Towers with Radar,587,97,38,0,722,0,0,16,1,17,587,97,54,1,739,0,0,0,739
01/25/2018,BWI,MD,AEA,EN,Towers with Radar,583,102,26,1,712,0,0,20,2,22,583,102,46,3,734,0,0,0,734
01/26/2018,BWI,MD,AEA,EN,Towers with Radar,581,95,24,1,701,0,0,9,1,10,581,95,33,2,711,0,0,0,711
01/27/2018,BWI,MD,AEA,EN,Towers with Radar,518,57,11,0,586,0,2,14,1,17,518,59,25,1,603,0,0,0,603
01/28/2018,BWI,MD,AEA,EN,Towers with Radar,518,69,11,0,598,0,0,0,0,0,518,69,11,0,598,0,0,0,598
01/29/2018,BWI,MD,AEA,EN,Towers with Radar,577,87,32,1,697,0,0,3,1,4,577,87,35,2,701,0,0,0,701
01/30/2018,BWI,MD,AEA,EN,Towers with Radar,573,108,28,2,711,0,0,2,1,3,573,108,30,3,714,0,0,0,714
01/31/2018,BWI,MD,AEA,EN,Towers with Radar,587,92,24,3,706,0,0,16,1,17,587,92,40,4,723,0,0,0,723
02/01/2018,BWI,MD,AEA,EN,Towers with Radar,594,108,18,4,724,0,1,10,0,11,594,109,28,4,735,0,0,0,735
02/02/2018,BWI,MD,AEA,EN,Towers with Radar,590,98,15,4,707,0,0,1,1,2,590,98,16,5,709,0,0,0,709
02/03/2018,BWI,MD,AEA,EN,Towers with Radar,506,49,15,0,570,0,0,6,0,6,506,49,21,0,576,0,0,0,576
02/04/2018,BWI,MD,AEA,EN,Towers with Radar,445,52,4,0,501,0,0,0,0,0,445,52,4,0,501,0,0,0,501
02/05/2018,BWI,MD,AEA,EN,Towers with Radar,574,81,29,3,687,0,2,2,0,4,574,83,31,3,691,0,0,0,691
02/06/2018,BWI,MD,AEA,EN,Towers with Radar,571,101,37,2,711,0,0,14,0,14,571,101,51,2,725,0,0,0,725
02/07/2018,BWI,MD,AEA,EN,Towers with Radar,509,77,20,1,607,0,0,0,0,0,509,77,20,1,607,0,0,0,607
02/08/2018,BWI,MD,AEA,EN,Towers with Radar,580,100,31,3,714,0,1,8,1,10,580,101,39,4,724,0,0,0,724
02/09/2018,BWI,MD,AEA,EN,Towers with Radar,555,98,32,1,686,0,1,9,6,16,555,99,41,7,702,0,0,0,702
02/10/2018,BWI,MD,AEA,EN,Towers with Radar,514,75,9,0,598,0,1,1,1,3,514,76,10,1,601,0,0,0,601
02/11/2018,BWI,MD,AEA,EN,Towers with Radar,503,48,21,0,572,0,0,0,0,0,503,48,21,0,572,0,0,0,572
02/12/2018,BWI,MD,AEA,EN,Towers with Radar,579,82,33,0,694,0,2,6,0,8,579,84,39,0,702,0,0,0,702
02/13/2018,BWI,MD,AEA,EN,Towers with Radar,569,107,28,2,706,0,1,8,0,9,569,108,36,2,715,0,0,0,715
02/14/2018,BWI,MD,AEA,EN,Towers with Radar,525,96,40,1,662,0,3,12,3,18,525,99,52,4,680,0,0,0,680
02/15/2018,BWI,MD,AEA,EN,Towers with Radar,572,100,30,5,707,0,0,11,2,13,572,100,41,7,720,0,0,0,720
02/16/2018,BWI,MD,AEA,EN,Towers with Radar,589,107,41,0,737,0,0,6,2,8,589,107,47,2,745,0,0,0,745
02/17/2018,BWI,MD,AEA,EN,Towers with Radar,505,44,10,0,559,0,0,9,0,9,505,44,19,0,568,0,0,0,568
02/18/2018,BWI,MD,AEA,EN,Towers with Radar,506,67,19,0,592,0,2,11,0,13,506,69,30,0,605,0,0,0,605
02/19/2018,BWI,MD,AEA,EN,Towers with Radar,578,84,36,0,698,0,0,2,2,4,578,84,38,2,702,0,0,0,702
02/20/2018,BWI,MD,AEA,EN,Towers with Radar,585,100,21,4,710,0,0,4,6,10,585,100,25,10,720,0,0,0,720
02/21/2018,BWI,MD,AEA,EN,Towers with Radar,579,105,39,5,728,0,1,14,6,21,579,106,53,11,749,0,0,0,749
02/22/2018,BWI,MD,AEA,EN,Towers with Radar,584,103,35,0,722,0,0,0,0,0,584,103,35,0,722,0,0,0,722
02/23/2018,BWI,MD,AEA,EN,Towers with Radar,584,92,23,1,700,0,0,0,0,0,584,92,23,1,700,0,0,0,700
02/24/2018,BWI,MD,AEA,EN,Towers with Radar,517,46,20,0,583,0,0,0,0,0,517,46,20,0,583,0,0,0,583
02/25/2018,BWI,MD,AEA,EN,Towers with Radar,515,62,20,0,597,0,0,0,0,0,515,62,20,0,597,0,0,0,597
02/26/2018,BWI,MD,AEA,EN,Towers with Radar,581,89,23,1,694,0,3,18,2,23,581,92,41,3,717,0,0,0,717
02/27/2018,BWI,MD,AEA,EN,Towers with Radar,576,97,42,3,718,0,0,14,6,20,576,97,56,9,738,0,0,0,738
02/28/2018,BWI,MD,AEA,EN,Towers with Radar,583,95,32,3,713,0,1,20,3,24,583,96,52,6,737,0,0,0,737
03/01/2018,BWI,MD,AEA,EN,Towers with Radar,575,98,47,0,720,0,2,1,0,3,575,100,48,0,723,0,0,0,723
03/02/2018,BWI,MD,AEA,EN,Towers with Radar,532,33,16,2,583,0,0,0,0,0,532,33,16,2,583,0,0,0,583
03/03/2018,BWI,MD,AEA,EN,Towers with Radar,503,64,16,1,584,0,0,0,1,1,503,64,16,2,585,0,0,0,585
03/04/2018,BWI,MD,AEA,EN,Towers with Radar,510,68,21,1,600,0,1,4,0,5,510,69,25,1,605,0,0,0,605
03/05/2018,BWI,MD,AEA,EN,Towers with Radar,582,85,15,2,684,0,1,9,0,10,582,86,24,2,694,0,0,0,694
03/06/2018,BWI,MD,AEA,EN,Towers with Radar,586,83,29,2,700,0,0,12,2,14,586,83,41,4,714,0,0,0,714
03/07/2018,BWI,MD,AEA,EN,Towers with Radar,576,47,18,0,641,0,0,0,0,0,576,47,18,0,641,0,0,0,641
03/08/2018,BWI,MD,AEA,EN,Towers with Radar,593,98,16,3,710,0,0,4,2,6,593,98,20,5,716,0,0,0,716
03/09/2018,BWI,MD,AEA,EN,Towers with Radar,642,100,41,1,784,0,1,9,1,11,642,101,50,2,795,0,0,0,795
03/10/2018,BWI,MD,AEA,EN,Towers with Radar,570,65,14,0,649,0,2,18,0,20,570,67,32,0,669,0,0,0,669
03/11/2018,BWI,MD,AEA,EN,Towers with Radar,594,86,15,0,695,0,3,8,0,11,594,89,23,0,706,0,0,0,706
03/12/2018,BWI,MD,AEA,EN,Towers with Radar,614,83,20,0,717,0,2,6,0,8,614,85,26,0,725,0,0,0,725
03/13/2018,BWI,MD,AEA,EN,Towers with Radar,557,92,21,0,670,0,3,6,2,11,557,95,27,2,681,0,0,0,681
03/14/2018,BWI,MD,AEA,EN,Towers with Radar,607,100,27,1,735,0,0,2,1,3,607,100,29,2,738,0,0,0,738
03/15/2018,BWI,MD,AEA,EN,Towers with Radar,637,97,33,1,768,0,0,4,3,7,637,97,37,4,775,0,0,0,775
03/16/2018,BWI,MD,AEA,EN,Towers with Radar,642,99,20,1,762,0,3,4,1,8,642,102,24,2,770,0,0,0,770
03/17/2018,BWI,MD,AEA,EN,Towers with Radar,573,54,12,0,639,0,2,7,1,10,573,56,19,1,649,0,0,0,649
03/18/2018,BWI,MD,AEA,EN,Towers with Radar,593,63,22,0,678,0,2,16,0,18,593,65,38,0,696,0,0,0,696
03/19/2018,BWI,MD,AEA,EN,Towers with Radar,609,106,27,0,742,0,1,19,1,21,609,107,46,1,763,0,0,0,763
03/20/2018,BWI,MD,AEA,EN,Towers with Radar,534,66,18,0,618,0,1,0,0,1,534,67,18,0,619,0,0,0,619
03/21/2018,BWI,MD,AEA,EN,Towers with Radar,274,15,6,0,295,0,0,0,0,0,274,15,6,0,295,0,0,0,295
03/22/2018,BWI,MD,AEA,EN,Towers with Radar,614,97,30,2,743,0,2,8,2,12,614,99,38,4,755,0,0,0,755
03/23/2018,BWI,MD,AEA,EN,Towers with Radar,652,98,47,1,798,0,0,29,3,32,652,98,76,4,830,0,0,0,830
03/24/2018,BWI,MD,AEA,EN,Towers with Radar,578,66,27,0,671,0,2,20,0,22,578,68,47,0,693,0,0,0,693
03/25/2018,BWI,MD,AEA,EN,Towers with Radar,597,70,26,0,693,0,0,2,0,2,597,70,28,0,695,0,0,0,695
03/26/2018,BWI,MD,AEA,EN,Towers with Radar,635,85,35,1,756,0,0,5,0,5,635,85,40,1,761,0,0,0,761
03/27/2018,BWI,MD,AEA,EN,Towers with Radar,646,98,52,5,801,0,1,2,1,4,646,99,54,6,805,0,0,0,805
03/28/2018,BWI,MD,AEA,EN,Towers with Radar,641,100,45,1,787,0,1,0,0,1,641,101,45,1,788,0,0,0,788
03/29/2018,BWI,MD,AEA,EN,Towers with Radar,635,87,24,2,748,0,0,9,2,11,635,87,33,4,759,0,0,0,759
03/30/2018,BWI,MD,AEA,EN,Towers with Radar,656,95,27,3,781,0,0,5,5,10,656,95,32,8,791,0,0,0,791
03/31/2018,BWI,MD,AEA,EN,Towers with Radar,573,57,21,0,651,0,1,18,0,19,573,58,39,0,670,0,0,0,670
04/01/2018,BWI,MD,AEA,EN,Towers with Radar,606,69,7,0,682,0,0,5,0,5,606,69,12,0,687,0,0,0,687
04/02/2018,BWI,MD,AEA,EN,Towers with Radar,626,72,24,0,722,0,0,1,1,2,626,72,25,1,724,0,0,0,724
04/03/2018,BWI,MD,AEA,EN,Towers with Radar,632,90,21,4,747,0,1,3,3,7,632,91,24,7,754,0,0,0,754
04/04/2018,BWI,MD,AEA,EN,Towers with Radar,660,98,36,0,794,0,0,0,0,0,660,98,36,0,794,0,0,0,794
04/05/2018,BWI,MD,AEA,EN,Towers with Radar,651,94,42,4,791,0,2,3,3,8,651,96,45,7,799,0,0,0,799
04/06/2018,BWI,MD,AEA,EN,Towers with Radar,625,96,32,0,753,0,2,10,1,13,625,98,42,1,766,0,0,0,766
04/07/2018,BWI,MD,AEA,EN,Towers with Radar,582,64,7,0,653,0,1,7,0,8,582,65,14,0,661,0,0,0,661
04/08/2018,BWI,MD,AEA,EN,Towers with Radar,614,76,24,0,714,0,2,7,3,12,614,78,31,3,726,0,0,0,726
04/09/2018,BWI,MD,AEA,EN,Towers with Radar,653,83,32,3,771,0,0,5,2,7,653,83,37,5,778,0,0,0,778
04/10/2018,BWI,MD,AEA,EN,Towers with Radar,640,86,29,0,755,0,0,13,0,13,640,86,42,0,768,0,0,0,768
04/11/2018,BWI,MD,AEA,EN,Towers with Radar,668,115,38,1,822,0,0,18,1,19,668,115,56,2,841,0,0,0,841
04/12/2018,BWI,MD,AEA,EN,Towers with Radar,660,113,36,4,813,0,0,10,4,14,660,113,46,8,827,0,0,0,827
04/13/2018,BWI,MD,AEA,EN,Towers with Radar,656,98,40,5,799,0,0,10,1,11,656,98,50,6,810,0,0,0,810
04/14/2018,BWI,MD,AEA,EN,Towers with Radar,549,72,20,0,641,0,1,5,0,6,549,73,25,0,647,0,0,0,647
04/15/2018,BWI,MD,AEA,EN,Towers with Radar,580,80,18,0,678,0,0,0,0,0,580,80,18,0,678,0,0,0,678
04/16/2018,BWI,MD,AEA,EN,Towers with Radar,686,85,29,0,800,0,0,0,0,0,686,85,29,0,800,0,0,0,800
04/17/2018,BWI,MD,AEA,EN,Towers with Radar,655,93,26,2,776,0,0,8,5,13,655,93,34,7,789,0,0,0,789
04/18/2018,BWI,MD,AEA,EN,Towers with Radar,633,100,34,1,768,0,0,16,2,18,633,100,50,3,786,0,0,0,786
04/19/2018,BWI,MD,AEA,EN,Towers with Radar,657,106,29,0,792,0,1,0,0,1,657,107,29,0,793,0,0,0,793
04/20/2018,BWI,MD,AEA,EN,Towers with Radar,668,100,23,3,794,0,1,14,0,15,668,101,37,3,809,0,0,0,809
04/21/2018,BWI,MD,AEA,EN,Towers with Radar,546,72,29,0,647,0,1,13,0,14,546,73,42,0,661,0,0,0,661
04/22/2018,BWI,MD,AEA,EN,Towers with Radar,609,80,22,1,712,0,3,7,0,10,609,83,29,1,722,0,0,0,722
04/23/2018,BWI,MD,AEA,EN,Towers with Radar,651,88,30,1,770,0,0,8,1,9,651,88,38,2,779,0,0,0,779
04/24/2018,BWI,MD,AEA,EN,Towers with Radar,645,102,28,1,776,0,0,11,4,15,645,102,39,5,791,0,0,0,791
04/25/2018,BWI,MD,AEA,EN,Towers with Radar,627,95,40,2,764,0,0,0,0,0,627,95,40,2,764,0,0,0,764
04/26/2018,BWI,MD,AEA,EN,Towers with Radar,656,103,41,2,802,0,0,23,2,25,656,103,64,4,827,0,0,0,827
04/27/2018,BWI,MD,AEA,EN,Towers with Radar,662,98,31,2,793,0,1,2,0,3,662,99,33,2,796,0,0,0,796
04/28/2018,BWI,MD,AEA,EN,Towers with Radar,580,83,11,0,674,0,0,3,0,3,580,83,14,0,677,0,0,0,677
04/29/2018,BWI,MD,AEA,EN,Towers with Radar,614,65,10,0,689,0,0,2,0,2,614,65,12,0,691,0,0,0,691
04/30/2018,BWI,MD,AEA,EN,Towers with Radar,650,94,29,4,777,0,2,6,1,9,650,96,35,5,786,0,0,0,786
05/01/2018,BWI,MD,AEA,EN,Towers with Radar,643,86,25,1,755,0,0,16,4,20,643,86,41,5,775,0,0,0,775
05/02/2018,BWI,MD,AEA,EN,Towers with Radar,633,93,44,4,774,0,1,8,5,14,633,94,52,9,788,0,0,0,788
05/03/2018,BWI,MD,AEA,EN,Towers with Radar,666,96,47,5,814,0,0,15,2,17,666,96,62,7,831,0,0,0,831
05/04/2018,BWI,MD,AEA,EN,Towers with Radar,672,95,38,2,807,0,0,11,0,11,672,95,49,2,818,0,0,0,818
05/05/2018,BWI,MD,AEA,EN,Towers with Radar,567,56,21,1,645,0,0,11,0,11,567,56,32,1,656,0,0,0,656
05/06/2018,BWI,MD,AEA,EN,Towers with Radar,625,76,36,1,738,0,0,0,0,0,625,76,36,1,738,0,0,0,738
05/07/2018,BWI,MD,AEA,EN,Towers with Radar,673,91,36,0,800,0,1,12,9,22,673,92,48,9,822,0,0,0,822
05/08/2018,BWI,MD,AEA,EN,Towers with Radar,648,99,51,3,801,0,0,19,3,22,648,99,70,6,823,0,0,0,823
05/09/2018,BWI,MD,AEA,EN,Towers with Radar,647,101,32,2,782,0,0,6,1,7,647,101,38,3,789,0,0,0,789
05/10/2018,BWI,MD,AEA,EN,Towers with Radar,660,99,36,0,795,0,0,3,2,5,660,99,39,2,800,0,0,0,800
05/11/2018,BWI,MD,AEA,EN,Towers with Radar,685,105,44,1,835,0,0,14,3,17,685,105,58,4,852,0,0,0,852
05/12/2018,BWI,MD,AEA,EN,Towers with Radar,560,55,7,0,622,0,0,12,0,12,560,55,19,0,634,0,0,0,634
05/13/2018,BWI,MD,AEA,EN,Towers with Radar,598,66,32,1,697,0,0,0,0,0,598,66,32,1,697,0,0,0,697
05/14/2018,BWI,MD,AEA,EN,Towers with Radar,607,87,26,0,720,0,0,4,0,4,607,87,30,0,724,0,0,0,724
05/15/2018,BWI,MD,AEA,EN,Towers with Radar,514,73,23,2,612,1,0,6,0,7,515,73,29,2,619,0,0,0,619
05/16/2018,BWI,MD,AEA,EN,Towers with Radar,681,97,38,0,816,0,0,0,0,0,681,97,38,0,816,0,0,0,816
05/17/2018,BWI,MD,AEA,EN,Towers with Radar,659,95,57,0,811,0,0,0,0,0,659,95,57,0,811,0,0,0,811
05/18/2018,BWI,MD,AEA,EN,Towers with Radar,673,107,40,1,821,0,0,2,0,2,673,107,42,1,823,0,0,0,823
05/19/2018,BWI,MD,AEA,EN,Towers with Radar,568,76,38,2,684,0,0,0,0,0,568,76,38,2,684,0,0,0,684
05/20/2018,BWI,MD,AEA,EN,Towers with Radar,613,90,44,0,747,0,0,1,0,1,613,90,45,0,748,0,0,0,748
05/21/2018,BWI,MD,AEA,EN,Towers with Radar,673,96,30,0,799,0,2,16,3,21,673,98,46,3,820,0,0,0,820
05/22/2018,BWI,MD,AEA,EN,Towers with Radar,656,103,27,2,788,0,1,1,0,2,656,104,28,2,790,0,0,0,790
05/23/2018,BWI,MD,AEA,EN,Towers with Radar,674,117,47,5,843,0,0,12,4,16,674,117,59,9,859,0,0,0,859
05/24/2018,BWI,MD,AEA,EN,Towers with Radar,678,119,53,3,853,0,0,12,4,16,678,119,65,7,869,0,0,0,869
05/25/2018,BWI,MD,AEA,EN,Towers with Radar,676,103,36,6,821,0,1,11,3,15,676,104,47,9,836,0,0,0,836
05/26/2018,BWI,MD,AEA,EN,Towers with Radar,566,57,16,0,639,0,0,7,0,7,566,57,23,0,646,0,0,0,646
05/27/2018,BWI,MD,AEA,EN,Towers with Radar,462,43,8,0,513,0,0,0,0,0,462,43,8,0,513,0,0,0,513
05/28/2018,BWI,MD,AEA,EN,Towers with Radar,634,76,17,1,728,0,0,0,1,1,634,76,17,2,729,0,0,0,729
05/29/2018,BWI,MD,AEA,EN,Towers with Radar,669,91,21,0,781,0,0,0,0,0,669,91,21,0,781,0,0,0,781
05/30/2018,BWI,MD,AEA,EN,Towers with Radar,675,117,22,0,814,0,0,4,1,5,675,117,26,1,819,0,0,0,819
05/31/2018,BWI,MD,AEA,EN,Towers with Radar,587,91,17,0,695,0,0,1,1,2,587,91,18,1,697,0,0,0,697
06/01/2018,BWI,MD,AEA,EN,Towers with Radar,664,108,29,1,802,0,0,3,2,5,664,108,32,3,807,0,0,0,807
06/02/2018,BWI,MD,AEA,EN,Towers with Radar,501,43,11,0,555,0,1,4,0,5,501,44,15,0,560,0,0,0,560
06/03/2018,BWI,MD,AEA,EN,Towers with Radar,597,70,18,0,685,0,0,0,0,0,597,70,18,0,685,0,0,0,685
06/04/2018,BWI,MD,AEA,EN,Towers with Radar,672,96,29,0,797,0,0,8,0,8,672,96,37,0,805,0,0,0,805
06/05/2018,BWI,MD,AEA,EN,Towers with Radar,681,108,41,1,831,0,1,9,1,11,681,109,50,2,842,0,0,0,842
06/06/2018,BWI,MD,AEA,EN,Towers with Radar,675,93,25,0,793,0,1,8,0,9,675,94,33,0,802,0,0,0,802
06/07/2018,BWI,MD,AEA,EN,Towers with Radar,671,104,33,0,808,0,2,5,0,7,671,106,38,0,815,0,0,0,815
06/08/2018,BWI,MD,AEA,EN,Towers with Radar,692,96,32,1,821,0,0,8,0,8,692,96,40,1,829,0,0,0,829
06/09/2018,BWI,MD,AEA,EN,Towers with Radar,602,56,16,1,675,0,0,10,0,10,602,56,26,1,685,0,0,0,685
06/10/2018,BWI,MD,AEA,EN,Towers with Radar,630,86,27,0,743,0,0,0,0,0,630,86,27,0,743,0,0,0,743
06/11/2018,BWI,MD,AEA,EN,Towers with Radar,683,96,30,1,810,0,0,0,1,1,683,96,30,2,811,0,0,0,811
06/12/2018,BWI,MD,AEA,EN,Towers with Radar,693,98,32,1,824,0,0,11,2,13,693,98,43,3,837,0,0,0,837
06/13/2018,BWI,MD,AEA,EN,Towers with Radar,673,102,24,1,800,0,0,2,0,2,673,102,26,1,802,0,0,0,802
06/14/2018,BWI,MD,AEA,EN,Towers with Radar,689,102,30,0,821,0,0,6,1,7,689,102,36,1,828,0,0,0,828
06/15/2018,BWI,MD,AEA,EN,Towers with Radar,693,96,34,2,825,0,0,10,1,11,693,96,44,3,836,0,0,0,836
06/16/2018,BWI,MD,AEA,EN,Towers with Radar,635,63,26,0,724,0,3,12,0,15,635,66,38,0,739,0,0,0,739
06/17/2018,BWI,MD,AEA,EN,Towers with Radar,635,76,10,0,721,0,0,9,0,9,635,76,19,0,730,0,0,0,730
06/18/2018,BWI,MD,AEA,EN,Towers with Radar,704,89,36,2,831,0,0,6,7,13,704,89,42,9,844,0,0,0,844
06/19/2018,BWI,MD,AEA,EN,Towers with Radar,667,112,27,3,809,0,0,3,1,4,667,112,30,4,813,0,0,0,813
06/20/2018,BWI,MD,AEA,EN,Towers with Radar,633,98,33,6,770,0,0,3,2,5,633,98,36,8,775,0,0,0,775
06/21/2018,BWI,MD,AEA,EN,Towers with Radar,691,111,31,6,839,0,0,8,1,9,691,111,39,7,848,0,0,0,848
06/22/2018,BWI,MD,AEA,EN,Towers with Radar,687,97,20,7,811,0,0,1,0,1,687,97,21,7,812,0,0,0,812
06/23/2018,BWI,MD,AEA,EN,Towers with Radar,633,80,15,1,729,0,1,0,0,1,633,81,15,1,730,0,0,0,730
06/24/2018,BWI,MD,AEA,EN,Towers with Radar,633,85,19,1,738,0,0,12,0,12,633,85,31,1,750,0,0,0,750
06/25/2018,BWI,MD,AEA,EN,Towers with Radar,692,90,25,3,810,0,0,12,4,16,692,90,37,7,826,0,0,0,826
06/26/2018,BWI,MD,AEA,EN,Towers with Radar,677,122,33,0,832,0,1,14,3,18,677,123,47,3,850,0,0,0,850
06/27/2018,BWI,MD,AEA,EN,Towers with Radar,635,123,39,1,798,0,1,7,1,9,635,124,46,2,807,0,0,0,807
06/28/2018,BWI,MD,AEA,EN,Towers with Radar,670,117,51,2,840,0,0,18,6,24,670,117,69,8,864,0,0,0,864
06/29/2018,BWI,MD,AEA,EN,Towers with Radar,720,103,35,4,862,0,1,11,6,18,720,104,46,10,880,0,0,0,880
06/30/2018,BWI,MD,AEA,EN,Towers with Radar,649,70,14,1,734,0,1,9,0,10,649,71,23,1,744,0,0,0,744
07/01/2018,BWI,MD,AEA,EN,Towers with Radar,640,75,21,0,736,0,0,6,0,6,640,75,27,0,742,0,0,0,742
07/02/2018,BWI,MD,AEA,EN,Towers with Radar,658,66,22,1,747,0,0,12,3,15,658,66,34,4,762,0,0,0,762
07/03/2018,BWI,MD,AEA,EN,Towers with Radar,615,86,29,1,731,0,0,14,6,20,615,86,43,7,751,0,0,0,751
07/04/2018,BWI,MD,AEA,EN,Towers with Radar,550,65,10,0,625,0,0,5,0,5,550,65,15,0,630,0,0,0,630
07/05/2018,BWI,MD,AEA,EN,Towers with Radar,632,93,15,0,740,0,0,10,5,15,632,93,25,5,755,0,0,0,755
07/06/2018,BWI,MD,AEA,EN,Towers with Radar,657,92,13,0,762,0,1,11,0,12,657,93,24,0,774,0,0,0,774
07/07/2018,BWI,MD,AEA,EN,Towers with Radar,638,72,14,0,724,0,0,14,3,17,638,72,28,3,741,0,0,0,741
07/08/2018,BWI,MD,AEA,EN,Towers with Radar,649,87,27,0,763,0,4,6,2,12,649,91,33,2,775,0,0,0,775
07/09/2018,BWI,MD,AEA,EN,Towers with Radar,683,97,35,3,818,0,0,15,0,15,683,97,50,3,833,0,0,0,833
07/10/2018,BWI,MD,AEA,EN,Towers with Radar,691,103,24,0,818,0,0,10,1,11,691,103,34,1,829,0,0,0,829
07/11/2018,BWI,MD,AEA,EN,Towers with Radar,689,99,19,1,808,0,0,14,3,17,689,99,33,4,825,0,0,0,825
07/12/2018,BWI,MD,AEA,EN,Towers with Radar,686,105,36,2,829,0,0,15,7,22,686,105,51,9,851,0,0,0,851
07/13/2018,BWI,MD,AEA,EN,Towers with Radar,703,106,20,1,830,0,0,13,0,13,703,106,33,1,843,0,0,0,843
07/14/2018,BWI,MD,AEA,EN,Towers with Radar,658,63,9,0,730,0,0,14,2,16,658,63,23,2,746,0,0,0,746
07/15/2018,BWI,MD,AEA,EN,Towers with Radar,601,82,26,0,709,0,0,1,0,1,601,82,27,0,710,0,0,0,710
07/16/2018,BWI,MD,AEA,EN,Towers with Radar,674,84,21,0,779,0,0,10,5,15,674,84,31,5,794,0,0,0,794
07/17/2018,BWI,MD,AEA,EN,Towers with Radar,568,93,23,1,685,0,0,5,1,6,568,93,28,2,691,0,0,0,691
07/18/2018,BWI,MD,AEA,EN,Towers with Radar,695,117,25,3,840,0,0,23,2,25,695,117,48,5,865,0,0,0,865
07/19/2018,BWI,MD,AEA,EN,Towers with Radar,697,100,30,2,829,0,3,18,1,22,697,103,48,3,851,0,0,0,851
07/20/2018,BWI,MD,AEA,EN,Towers with Radar,667,98,34,1,800,0,0,13,1,14,667,98,47,2,814,0,0,0,814
07/21/2018,BWI,MD,AEA,EN,Towers with Radar,635,67,18,0,720,0,0,0,0,0,635,67,18,0,720,0,0,0,720
07/22/2018,BWI,MD,AEA,EN,Towers with Radar,612,66,20,0,698,0,0,0,0,0,612,66,20,0,698,0,0,0,698
07/23/2018,BWI,MD,AEA,EN,Towers with Radar,618,85,26,2,731,0,0,0,4,4,618,85,26,6,735,0,0,0,735
07/24/2018,BWI,MD,AEA,EN,Towers with Radar,634,92,13,0,739,0,0,0,2,2,634,92,13,2,741,0,0,0,741
07/25/2018,BWI,MD,AEA,EN,Towers with Radar,589,90,34,3,716,0,0,0,0,0,589,90,34,3,716,0,0,0,716
07/26/2018,BWI,MD,AEA,EN,Towers with Radar,713,111,23,2,849,0,1,8,2,11,713,112,31,4,860,0,0,0,860
07/27/2018,BWI,MD,AEA,EN,Towers with Radar,545,80,26,4,655,0,1,3,1,5,545,81,29,5,660,0,0,0,660
07/28/2018,BWI,MD,AEA,EN,Towers with Radar,636,64,25,0,725,0,3,17,0,20,636,67,42,0,745,0,0,0,745
07/29/2018,BWI,MD,AEA,EN,Towers with Radar,663,72,19,0,754,0,1,11,0,12,663,73,30,0,766,0,0,0,766
07/30/2018,BWI,MD,AEA,EN,Towers with Radar,647,90,27,3,767,0,0,3,2,5,647,90,30,5,772,0,0,0,772
07/31/2018,BWI,MD,AEA,EN,Towers with Radar,680,95,21,3,799,0,0,7,2,9,680,95,28,5,808,0,0,0,808
08/01/2018,BWI,MD,AEA,EN,Towers with Radar,665,101,26,8,800,0,0,4,3,7,665,101,30,11,807,0,0,0,807
08/02/2018,BWI,MD,AEA,EN,Towers with Radar,590,87,16,1,694,1,0,7,0,8,591,87,23,1,702,0,0,0,702
08/03/2018,BWI,MD,AEA,EN,Towers with Radar,599,82,37,4,722,0,2,2,1,5,599,84,39,5,727,0,0,0,727
08/04/2018,BWI,MD,AEA,EN,Towers with Radar,655,63,24,0,742,0,1,7,0,8,655,64,31,0,750,0,0,0,750
08/05/2018,BWI,MD,AEA,EN,Towers with Radar,655,79,24,0,758,0,0,7,0,7,655,79,31,0,765,0,0,0,765
08/06/2018,BWI,MD,AEA,EN,Towers with Radar,685,86,17,4,792,0,1,6,1,8,685,87,23,5,800,0,0,0,800
08/07/2018,BWI,MD,AEA,EN,Towers with Radar,617,89,39,1,746,0,1,10,1,12,617,90,49,2,758,0,0,0,758
08/08/2018,BWI,MD,AEA,EN,Towers with Radar,583,97,37,1,718,0,0,9,1,10,583,97,46,2,728,0,0,0,728
08/09/2018,BWI,MD,AEA,EN,Towers with Radar,633,108,31,1,773,0,3,13,1,17,633,111,44,2,790,0,0,0,790
08/10/2018,BWI,MD,AEA,EN,Towers with Radar,665,102,24,2,793,0,0,9,1,10,665,102,33,3,803,0,0,0,803
08/11/2018,BWI,MD,AEA,EN,Towers with Radar,573,58,9,2,642,0,0,9,0,9,573,58,18,2,651,0,0,0,651
08/12/2018,BWI,MD,AEA,EN,Towers with Radar,502,80,22,0,604,0,0,3,3,6,502,80,25,3,610,0,0,0,610
08/13/2018,BWI,MD,AEA,EN,Towers with Radar,607,89,26,2,724,0,0,4,2,6,607,89,30,4,730,0,0,0,730
08/14/2018,BWI,MD,AEA,EN,Towers with Radar,648,92,30,3,773,0,3,6,6,15,648,95,36,9,788,0,0,0,788
08/15/2018,BWI,MD,AEA,EN,Towers with Radar,646,90,28,1,765,0,0,15,1,16,646,90,43,2,781,0,0,0,781
08/16/2018,BWI,MD,AEA,EN,Towers with Radar,648,109,37,2,796,0,0,5,3,8,648,109,42,5,804,0,0,0,804
08/17/2018,BWI,MD,AEA,EN,Towers with Radar,620,101,23,2,746,0,0,4,2,6,620,101,27,4,752,0,0,0,752
08/18/2018,BWI,MD,AEA,EN,Towers with Radar,558,66,14,0,638,0,0,6,0,6,558,66,20,0,644,0,0,0,644
08/19/2018,BWI,MD,AEA,EN,Towers with Radar,597,82,19,0,698,0,0,0,0,0,597,82,19,0,698,0,0,0,698
08/20/2018,BWI,MD,AEA,EN,Towers with Radar,632,84,29,2,747,0,2,1,1,4,632,86,30,3,751,0,0,0,751
08/21/2018,BWI,MD,AEA,EN,Towers with Radar,561,90,31,0,682,0,0,0,1,1,561,90,31,1,683,0,0,0,683
08/22/2018,BWI,MD,AEA,EN,Towers with Radar,647,96,20,7,770,0,1,23,3,27,647,97,43,10,797,0,0,0,797
08/23/2018,BWI,MD,AEA,EN,Towers with Radar,642,90,40,1,773,0,0,19,1,20,642,90,59,2,793,0,0,0,793
08/24/2018,BWI,MD,AEA,EN,Towers with Radar,648,116,45,2,811,0,1,18,2,21,648,117,63,4,832,0,0,0,832
08/25/2018,BWI,MD,AEA,EN,Towers with Radar,553,70,21,0,644,0,2,13,2,17,553,72,34,2,661,0,0,0,661
08/26/2018,BWI,MD,AEA,EN,Towers with Radar,601,65,19,0,685,0,1,21,0,22,601,66,40,0,707,0,0,0,707
08/27/2018,BWI,MD,AEA,EN,Towers with Radar,616,83,29,3,731,0,0,15,4,19,616,83,44,7,750,0,0,0,750
08/28/2018,BWI,MD,AEA,EN,Towers with Radar,630,98,31,4,763,0,0,10,1,11,630,98,41,5,774,0,0,0,774
08/29/2018,BWI,MD,AEA,EN,Towers with Radar,629,91,40,3,763,0,0,9,3,12,629,91,49,6,775,0,0,0,775
08/30/2018,BWI,MD,AEA,EN,Towers with Radar,643,96,40,4,783,0,0,7,5,12,643,96,47,9,795,0,0,0,795
08/31/2018,BWI,MD,AEA,EN,Towers with Radar,631,104,34,1,770,0,0,6,0,6,631,104,40,1,776,0,0,0,776
09/01/2018,BWI,MD,AEA,EN,Towers with Radar,516,64,10,0,590,0,1,0,3,4,516,65,10,3,594,0,0,0,594
09/02/2018,BWI,MD,AEA,EN,Towers with Radar,471,52,27,2,552,0,2,5,0,7,471,54,32,2,559,0,0,0,559
09/03/2018,BWI,MD,AEA,EN,Towers with Radar,582,89,19,2,692,0,0,14,3,17,582,89,33,5,709,0,0,0,709
09/04/2018,BWI,MD,AEA,EN,Towers with Radar,615,76,29,0,720,0,1,7,0,8,615,77,36,0,728,0,0,0,728
09/05/2018,BWI,MD,AEA,EN,Towers with Radar,624,98,38,0,760,0,1,3,0,4,624,99,41,0,764,0,0,0,764
09/06/2018,BWI,MD,AEA,EN,Towers with Radar,620,97,22,0,739,0,0,9,0,9,620,97,31,0,748,0,0,0,748
09/07/2018,BWI,MD,AEA,EN,Towers with Radar,589,89,16,1,695,0,1,6,0,7,589,90,22,1,702,0,0,0,702
09/08/2018,BWI,MD,AEA,EN,Towers with Radar,570,59,13,0,642,0,0,0,0,0,570,59,13,0,642,0,0,0,642
09/09/2018,BWI,MD,AEA,EN,Towers with Radar,592,74,19,0,685,0,0,1,0,1,592,74,20,0,686,0,0,0,686
09/10/2018,BWI,MD,AEA,EN,Towers with Radar,612,85,35,0,732,0,0,0,0,0,612,85,35,0,732,0,0,0,732
09/11/2018,BWI,MD,AEA,EN,Towers with Radar,614,105,47,2,768,0,0,0,0,0,614,105,47,2,768,0,0,0,768
09/12/2018,BWI,MD,AEA,EN,Towers with Radar,596,105,49,4,754,0,0,2,0,2,596,105,51,4,756,0,0,0,756
09/13/2018,BWI,MD,AEA,EN,Towers with Radar,586,102,27,0,715,0,0,2,0,2,586,102,29,0,717,0,0,0,717
09/14/2018,BWI,MD,AEA,EN,Towers with Radar,600,99,35,1,735,0,0,0,0,0,600,99,35,1,735,0,0,0,735
09/15/2018,BWI,MD,AEA,EN,Towers with Radar,537,66,11,0,614,0,0,2,0,2,537,66,13,0,616,0,0,0,616
09/16/2018,BWI,MD,AEA,EN,Towers with Radar,587,74,32,1,694,0,0,2,0,2,587,74,34,1,696,0,0,0,696
09/17/2018,BWI,MD,AEA,EN,Towers with Radar,620,94,33,0,747,0,0,0,0,0,620,94,33,0,747,0,0,0,747
09/18/2018,BWI,MD,AEA,EN,Towers with Radar,615,107,42,0,764,0,1,8,1,10,615,108,50,1,774,0,0,0,774
09/19/2018,BWI,MD,AEA,EN,Towers with Radar,603,92,43,7,745,0,0,7,5,12,603,92,50,12,757,0,0,0,757
09/20/2018,BWI,MD,AEA,EN,Towers with Radar,624,108,36,4,772,0,2,7,0,9,624,110,43,4,781,0,0,0,781
09/21/2018,BWI,MD,AEA,EN,Towers with Radar,617,98,42,3,760,0,0,2,1,3,617,98,44,4,763,0,0,0,763
09/22/2018,BWI,MD,AEA,EN,Towers with Radar,540,79,15,0,634,0,4,17,0,21,540,83,32,0,655,0,0,0,655
09/23/2018,BWI,MD,AEA,EN,Towers with Radar,594,71,36,0,701,0,0,0,0,0,594,71,36,0,701,0,0,0,701
09/24/2018,BWI,MD,AEA,EN,Towers with Radar,615,85,32,3,735,0,0,1,0,1,615,85,33,3,736,0,0,0,736
09/25/2018,BWI,MD,AEA,EN,Towers with Radar,608,95,38,2,743,0,0,2,1,3,608,95,40,3,746,0,0,0,746
09/26/2018,BWI,MD,AEA,EN,Towers with Radar,583,100,24,0,707,0,0,3,1,4,583,100,27,1,711,0,0,0,711
09/27/2018,BWI,MD,AEA,EN,Towers with Radar,633,107,49,0,789,0,2,3,0,5,633,109,52,0,794,0,0,0,794
09/28/2018,BWI,MD,AEA,EN,Towers with Radar,630,93,39,1,763,0,0,10,2,12,630,93,49,3,775,0,0,0,775
09/29/2018,BWI,MD,AEA,EN,Towers with Radar,548,69,14,0,631,0,0,8,0,8,548,69,22,0,639,0,0,0,639
09/30/2018,BWI,MD,AEA,EN,Towers with Radar,597,95,31,1,724,0,1,12,0,13,597,96,43,1,737,0,0,0,737
10/01/2018,BWI,MD,AEA,EN,Towers with Radar,618,91,21,0,730,0,0,10,0,10,618,91,31,0,740,0,0,0,740
10/02/2018,BWI,MD,AEA,EN,Towers with Radar,593,115,28,1,737,0,0,16,4,20,593,115,44,5,757,0,0,0,757
10/03/2018,BWI,MD,AEA,EN,Towers with Radar,613,108,48,6,775,0,0,11,7,18,613,108,59,13,793,0,0,0,793
10/04/2018,BWI,MD,AEA,EN,Towers with Radar,638,108,35,3,784,0,0,10,7,17,638,108,45,10,801,0,0,0,801
10/05/2018,BWI,MD,AEA,EN,Towers with Radar,642,109,34,6,791,0,0,6,9,15,642,109,40,15,806,0,0,0,806
10/06/2018,BWI,MD,AEA,EN,Towers with Radar,544,66,22,0,632,0,0,1,6,7,544,66,23,6,639,0,0,0,639
10/07/2018,BWI,MD,AEA,EN,Towers with Radar,588,89,15,0,692,0,3,3,0,6,588,92,18,0,698,0,0,0,698
10/08/2018,BWI,MD,AEA,EN,Towers with Radar,612,87,33,1,733,0,0,2,0,2,612,87,35,1,735,0,0,0,735
10/09/2018,BWI,MD,AEA,EN,Towers with Radar,613,102,36,6,757,0,0,5,0,5,613,102,41,6,762,0,0,0,762
10/10/2018,BWI,MD,AEA,EN,Towers with Radar,604,105,31,5,745,0,0,10,1,11,604,105,41,6,756,0,0,0,756
10/11/2018,BWI,MD,AEA,EN,Towers with Radar,617,74,21,1,713,0,0,5,1,6,617,74,26,2,719,0,0,0,719
10/12/2018,BWI,MD,AEA,EN,Towers with Radar,650,101,39,5,795,0,0,5,4,9,650,101,44,9,804,0,0,0,804
10/13/2018,BWI,MD,AEA,EN,Towers with Radar,550,76,10,2,638,0,0,12,0,12,550,76,22,2,650,0,0,0,650
10/14/2018,BWI,MD,AEA,EN,Towers with Radar,595,73,37,4,709,0,0,12,0,12,595,73,49,4,721,0,0,0,721
10/15/2018,BWI,MD,AEA,EN,Towers with Radar,626,86,21,0,733,0,1,1,0,2,626,87,22,0,735,0,0,0,735
10/16/2018,BWI,MD,AEA,EN,Towers with Radar,601,104,18,0,723,0,0,6,0,6,601,104,24,0,729,0,0,0,729
10/17/2018,BWI,MD,AEA,EN,Towers with Radar,607,94,30,3,734,0,0,8,0,8,607,94,38,3,742,0,0,0,742
10/18/2018,BWI,MD,AEA,EN,Towers with Radar,634,97,27,1,759,0,3,11,0,14,634,100,38,1,773,0,0,0,773
10/19/2018,BWI,MD,AEA,EN,Towers with Radar,632,107,38,2,779,0,0,14,1,15,632,107,52,3,794,0,0,0,794
10/20/2018,BWI,MD,AEA,EN,Towers with Radar,548,58,39,4,649,0,0,13,0,13,548,58,52,4,662,0,0,0,662
10/21/2018,BWI,MD,AEA,EN,Towers with Radar,588,82,32,1,703,0,0,13,0,13,588,82,45,1,716,0,0,0,716
10/22/2018,BWI,MD,AEA,EN,Towers with Radar,625,76,32,1,734,0,0,11,2,13,625,76,43,3,747,0,0,0,747
10/23/2018,BWI,MD,AEA,EN,Towers with Radar,600,95,30,2,727,0,3,12,0,15,600,98,42,2,742,0,0,0,742
10/24/2018,BWI,MD,AEA,EN,Towers with Radar,596,92,34,2,724,0,2,14,0,16,596,94,48,2,740,0,0,0,740
10/25/2018,BWI,MD,AEA,EN,Towers with Radar,635,97,36,3,771,0,1,12,1,14,635,98,48,4,785,0,0,0,785
10/26/2018,BWI,MD,AEA,EN,Towers with Radar,632,89,22,0,743,0,0,7,1,8,632,89,29,1,751,0,0,0,751
10/27/2018,BWI,MD,AEA,EN,Towers with Radar,545,55,11,0,611,0,0,0,0,0,545,55,11,0,611,0,0,0,611
10/28/2018,BWI,MD,AEA,EN,Towers with Radar,590,60,15,0,665,0,1,7,0,8,590,61,22,0,673,0,0,0,673
10/29/2018,BWI,MD,AEA,EN,Towers with Radar,602,77,32,6,717,0,1,8,3,12,602,78,40,9,729,0,0,0,729
10/30/2018,BWI,MD,AEA,EN,Towers with Radar,586,78,33,2,699,0,1,11,6,18,586,79,44,8,717,0,0,0,717
10/31/2018,BWI,MD,AEA,EN,Towers with Radar,519,70,23,1,613,0,0,16,5,21,519,70,39,6,634,0,0,0,634
11/01/2018,BWI,MD,AEA,EN,Towers with Radar,618,92,55,0,765,0,1,7,1,9,618,93,62,1,774,0,0,0,774
11/02/2018,BWI,MD,AEA,EN,Towers with Radar,603,81,34,3,721,0,1,4,0,5,603,82,38,3,726,0,0,0,726
11/03/2018,BWI,MD,AEA,EN,Towers with Radar,589,66,19,0,674,0,2,5,0,7,589,68,24,0,681,0,0,0,681
11/04/2018,BWI,MD,AEA,EN,Towers with Radar,596,93,51,0,740,0,0,10,2,12,596,93,61,2,752,0,0,0,752
11/05/2018,BWI,MD,AEA,EN,Towers with Radar,639,93,20,1,753,0,0,0,1,1,639,93,20,2,754,0,0,0,754
11/06/2018,BWI,MD,AEA,EN,Towers with Radar,612,104,32,1,749,0,0,3,1,4,612,104,35,2,753,0,0,0,753
11/07/2018,BWI,MD,AEA,EN,Towers with Radar,613,94,35,1,743,0,0,14,3,17,613,94,49,4,760,0,0,0,760
11/08/2018,BWI,MD,AEA,EN,Towers with Radar,649,95,41,0,785,0,0,15,1,16,649,95,56,1,801,0,0,0,801
11/09/2018,BWI,MD,AEA,EN,Towers with Radar,638,111,21,2,772,0,0,6,0,6,638,111,27,2,778,0,0,0,778
11/10/2018,BWI,MD,AEA,EN,Towers with Radar,519,65,12,0,596,0,0,0,0,0,519,65,12,0,596,0,0,0,596
11/11/2018,BWI,MD,AEA,EN,Towers with Radar,594,78,20,0,692,0,0,16,2,18,594,78,36,2,710,0,0,0,710
11/12/2018,BWI,MD,AEA,EN,Towers with Radar,637,91,19,0,747,0,1,4,0,5,637,92,23,0,752,0,0,0,752
11/13/2018,BWI,MD,AEA,EN,Towers with Radar,631,83,28,3,745,0,0,2,1,3,631,83,30,4,748,0,0,0,748
11/14/2018,BWI,MD,AEA,EN,Towers with Radar,626,90,34,6,756,0,0,7,4,11,626,90,41,10,767,0,0,0,767
11/15/2018,BWI,MD,AEA,EN,Towers with Radar,492,46,28,0,566,0,0,0,0,0,492,46,28,0,566,0,0,0,566
11/16/2018,BWI,MD,AEA,EN,Towers with Radar,685,92,51,3,831,0,1,6,3,10,685,93,57,6,841,0,0,0,841
11/17/2018,BWI,MD,AEA,EN,Towers with Radar,634,66,32,1,733,0,1,13,2,16,634,67,45,3,749,0,0,0,749
11/18/2018,BWI,MD,AEA,EN,Towers with Radar,597,70,27,2,696,0,0,5,0,5,597,70,32,2,701,0,0,0,701
11/19/2018,BWI,MD,AEA,EN,Towers with Radar,610,72,32,1,715,0,2,9,0,11,610,74,41,1,726,0,0,0,726
11/20/2018,BWI,MD,AEA,EN,Towers with Radar,680,87,29,1,797,0,1,13,1,15,680,88,42,2,812,0,0,0,812
11/21/2018,BWI,MD,AEA,EN,Towers with Radar,711,92,34,0,837,0,1,6,3,10,711,93,40,3,847,0,0,0,847
11/22/2018,BWI,MD,AEA,EN,Towers with Radar,412,47,14,0,473,0,0,1,2,3,412,47,15,2,476,0,0,0,476
11/23/2018,BWI,MD,AEA,EN,Towers with Radar,539,61,10,1,611,0,1,11,0,12,539,62,21,1,623,0,0,0,623
11/24/2018,BWI,MD,AEA,EN,Towers with Radar,633,84,7,0,724,0,1,0,0,1,633,85,7,0,725,0,0,0,725
11/25/2018,BWI,MD,AEA,EN,Towers with Radar,698,75,41,1,815,0,2,11,0,13,698,77,52,1,828,0,0,0,828
11/26/2018,BWI,MD,AEA,EN,Towers with Radar,693,90,42,2,827,0,0,0,1,1,693,90,42,3,828,0,0,0,828
11/27/2018,BWI,MD,AEA,EN,Towers with Radar,633,103,33,1,770,0,1,4,1,6,633,104,37,2,776,0,0,0,776
11/28/2018,BWI,MD,AEA,EN,Towers with Radar,588,90,39,1,718,0,1,0,0,1,588,91,39,1,719,0,0,0,719
11/29/2018,BWI,MD,AEA,EN,Towers with Radar,615,93,23,3,734,0,8,12,6,26,615,101,35,9,760,0,0,0,760
11/30/2018,BWI,MD,AEA,EN,Towers with Radar,609,81,30,0,720,0,0,3,1,4,609,81,33,1,724,0,0,0,724
12/01/2018,BWI,MD,AEA,EN,Towers with Radar,502,63,11,1,577,0,0,4,1,5,502,63,15,2,582,0,0,0,582
12/02/2018,BWI,MD,AEA,EN,Towers with Radar,548,72,23,0,643,0,0,0,0,0,548,72,23,0,643,0,0,0,643
12/03/2018,BWI,MD,AEA,EN,Towers with Radar,592,83,33,7,715,0,1,5,2,8,592,84,38,9,723,0,0,0,723
12/04/2018,BWI,MD,AEA,EN,Towers with Radar,574,83,31,0,688,0,3,14,3,20,574,86,45,3,708,0,0,0,708
12/05/2018,BWI,MD,AEA,EN,Towers with Radar,590,105,20,0,715,0,1,10,0,11,590,106,30,0,726,0,0,0,726
12/06/2018,BWI,MD,AEA,EN,Towers with Radar,607,86,28,4,725,0,0,24,2,26,607,86,52,6,751,0,0,0,751
12/07/2018,BWI,MD,AEA,EN,Towers with Radar,609,99,26,1,735,0,2,10,0,12,609,101,36,1,747,0,0,0,747
12/08/2018,BWI,MD,AEA,EN,Towers with Radar,492,61,23,0,576,0,1,9,4,14,492,62,32,4,590,0,0,0,590
12/09/2018,BWI,MD,AEA,EN,Towers with Radar,506,65,14,1,586,0,0,4,2,6,506,65,18,3,592,0,0,0,592
12/10/2018,BWI,MD,AEA,EN,Towers with Radar,585,83,32,2,702,0,1,2,2,5,585,84,34,4,707,0,0,0,707
12/11/2018,BWI,MD,AEA,EN,Towers with Radar,580,96,35,0,711,0,1,4,0,5,580,97,39,0,716,0,0,0,716
12/12/2018,BWI,MD,AEA,EN,Towers with Radar,579,84,48,1,712,0,3,2,4,9,579,87,50,5,721,0,0,0,721
12/13/2018,BWI,MD,AEA,EN,Towers with Radar,597,95,31,1,724,0,1,9,3,13,597,96,40,4,737,0,0,0,737
12/14/2018,BWI,MD,AEA,EN,Towers with Radar,606,85,26,5,722,0,0,0,1,1,606,85,26,6,723,0,0,0,723
12/15/2018,BWI,MD,AEA,EN,Towers with Radar,502,69,8,0,579,0,0,0,0,0,502,69,8,0,579,0,0,0,579
12/16/2018,BWI,MD,AEA,EN,Towers with Radar,539,71,18,0,628,0,0,0,0,0,539,71,18,0,628,0,0,0,628
12/17/2018,BWI,MD,AEA,EN,Towers with Radar,596,89,32,3,720,0,0,7,1,8,596,89,39,4,728,0,0,0,728
12/18/2018,BWI,MD,AEA,EN,Towers with Radar,586,109,21,2,718,0,1,6,2,9,586,110,27,4,727,0,0,0,727
12/19/2018,BWI,MD,AEA,EN,Towers with Radar,623,94,30,6,753,0,1,16,3,20,623,95,46,9,773,0,0,0,773
12/20/2018,BWI,MD,AEA,EN,Towers with Radar,659,95,33,0,787,0,0,0,0,0,659,95,33,0,787,0,0,0,787
12/21/2018,BWI,MD,AEA,EN,Towers with Radar,715,87,16,2,820,0,0,0,1,1,715,87,16,3,821,0,0,0,821
12/22/2018,BWI,MD,AEA,EN,Towers with Radar,641,66,16,0,723,0,0,1,1,2,641,66,17,1,725,0,0,0,725
12/23/2018,BWI,MD,AEA,EN,Towers with Radar,680,61,17,0,758,0,1,8,0,9,680,62,25,0,767,0,0,0,767
12/24/2018,BWI,MD,AEA,EN,Towers with Radar,495,50,10,0,555,0,0,0,0,0,495,50,10,0,555,0,0,0,555
12/25/2018,BWI,MD,AEA,EN,Towers with Radar,499,58,2,0,559,0,0,1,0,1,499,58,3,0,560,0,0,0,560
12/26/2018,BWI,MD,AEA,EN,Towers with Radar,675,75,24,2,776,0,0,8,1,9,675,75,32,3,785,0,0,0,785
12/27/2018,BWI,MD,AEA,EN,Towers with Radar,658,77,16,4,755,0,0,10,1,11,658,77,26,5,766,0,0,0,766
12/28/2018,BWI,MD,AEA,EN,Towers with Radar,689,77,13,0,779,0,0,0,0,0,689,77,13,0,779,0,0,0,779
12/29/2018,BWI,MD,AEA,EN,Towers with Radar,645,61,20,0,726,0,0,11,0,11,645,61,31,0,737,0,0,0,737
12/30/2018,BWI,MD,AEA,EN,Towers with Radar,673,69,10,1,753,0,0,17,0,17,673,69,27,1,770,0,0,0,770
12/31/2018,BWI,MD,AEA,EN,Towers with Radar,514,52,14,0,580,0,0,0,0,0,514,52,14,0,580,0,0,0,580
01/01/2019,BWI,MD,AEA,EN,Towers with Radar,570,64,18,0,652,0,0,2,0,2,570,64,20,0,654,0,0,0,654
01/02/2019,BWI,MD,AEA,EN,Towers with Radar,671,70,13,2,756,0,1,10,1,12,671,71,23,3,768,0,0,0,768
01/03/2019,BWI,MD,AEA,EN,Towers with Radar,621,81,24,2,728,0,0,2,0,2,621,81,26,2,730,0,0,0,730
01/04/2019,BWI,MD,AEA,EN,Towers with Radar,591,73,20,0,684,0,1,9,0,10,591,74,29,0,694,0,0,0,694
01/05/2019,BWI,MD,AEA,EN,Towers with Radar,501,56,15,0,572,0,4,0,0,4,501,60,15,0,576,0,0,0,576
01/06/2019,BWI,MD,AEA,EN,Towers with Radar,575,69,19,0,663,0,0,19,0,19,575,69,38,0,682,0,0,0,682
01/07/2019,BWI,MD,AEA,EN,Towers with Radar,553,82,18,1,654,0,1,4,0,5,553,83,22,1,659,0,0,0,659
01/08/2019,BWI,MD,AEA,EN,Towers with Radar,544,91,8,0,643,0,1,8,0,9,544,92,16,0,652,0,0,0,652
01/09/2019,BWI,MD,AEA,EN,Towers with Radar,552,83,26,2,663,0,0,1,1,2,552,83,27,3,665,0,0,0,665
01/10/2019,BWI,MD,AEA,EN,Towers with Radar,548,93,21,0,662,0,1,5,0,6,548,94,26,0,668,0,0,0,668
01/11/2019,BWI,MD,AEA,EN,Towers with Radar,544,98,29,1,672,0,3,13,0,16,544,101,42,1,688,0,0,0,688
01/12/2019,BWI,MD,AEA,EN,Towers with Radar,461,59,2,2,524,0,0,8,0,8,461,59,10,2,532,0,0,0,532
01/13/2019,BWI,MD,AEA,EN,Towers with Radar,418,55,7,0,480,0,0,0,0,0,418,55,7,0,480,0,0,0,480
01/14/2019,BWI,MD,AEA,EN,Towers with Radar,540,86,12,0,638,0,0,4,0,4,540,86,16,0,642,0,0,0,642
01/15/2019,BWI,MD,AEA,EN,Towers with Radar,445,97,51,0,593,0,0,4,1,5,445,97,55,1,598,0,0,0,598
01/16/2019,BWI,MD,AEA,EN,Towers with Radar,534,79,31,2,646,0,0,6,0,6,534,79,37,2,652,0,0,0,652
01/17/2019,BWI,MD,AEA,EN,Towers with Radar,544,108,25,0,677,0,0,3,1,4,544,108,28,1,681,0,0,0,681
01/18/2019,BWI,MD,AEA,EN,Towers with Radar,547,96,17,4,664,0,1,0,0,1,547,97,17,4,665,0,0,0,665
01/19/2019,BWI,MD,AEA,EN,Towers with Radar,410,34,7,0,451,0,1,3,0,4,410,35,10,0,455,0,0,0,455
01/20/2019,BWI,MD,AEA,EN,Towers with Radar,377,53,6,0,436,0,0,0,0,0,377,53,6,0,436,0,0,0,436
01/21/2019,BWI,MD,AEA,EN,Towers with Radar,508,76,21,0,605,0,1,3,0,4,508,77,24,0,609,0,0,0,609
01/22/2019,BWI,MD,AEA,EN,Towers with Radar,521,97,34,5,657,0,2,7,6,15,521,99,41,11,672,0,0,0,672
01/23/2019,BWI,MD,AEA,EN,Towers with Radar,528,88,20,6,642,0,0,1,3,4,528,88,21,9,646,0,0,0,646
01/24/2019,BWI,MD,AEA,EN,Towers with Radar,559,98,16,0,673,0,0,1,1,2,559,98,17,1,675,0,0,0,675
01/25/2019,BWI,MD,AEA,EN,Towers with Radar,553,87,35,12,687,0,2,11,2,15,553,89,46,14,702,0,0,0,702
01/26/2019,BWI,MD,AEA,EN,Towers with Radar,479,51,17,1,548,0,1,15,1,17,479,52,32,2,565,0,0,0,565
01/27/2019,BWI,MD,AEA,EN,Towers with Radar,464,63,17,0,544,0,1,3,1,5,464,64,20,1,549,0,0,0,549
01/28/2019,BWI,MD,AEA,EN,Towers with Radar,519,79,42,1,641,0,0,9,0,9,519,79,51,1,650,0,0,0,650
01/29/2019,BWI,MD,AEA,EN,Towers with Radar,481,86,21,0,588,0,0,0,0,0,481,86,21,0,588,0,0,0,588
01/30/2019,BWI,MD,AEA,EN,Towers with Radar,475,87,24,7,593,0,0,1,1,2,475,87,25,8,595,0,0,0,595
01/31/2019,BWI,MD,AEA,EN,Towers with Radar,509,83,28,0,620,0,0,3,0,3,509,83,31,0,623,0,0,0,623
02/01/2019,BWI,MD,AEA,EN,Towers with Radar,540,93,22,1,656,0,0,0,0,0,540,93,22,1,656,0,0,0,656
02/02/2019,BWI,MD,AEA,EN,Towers with Radar,479,58,17,0,554,0,1,7,0,8,479,59,24,0,562,0,0,0,562
02/03/2019,BWI,MD,AEA,EN,Towers with Radar,391,59,16,1,467,0,0,7,2,9,391,59,23,3,476,0,0,0,476
02/04/2019,BWI,MD,AEA,EN,Towers with Radar,536,83,42,1,662,0,0,14,0,14,536,83,56,1,676,0,0,0,676
02/05/2019,BWI,MD,AEA,EN,Towers with Radar,525,94,41,6,666,0,0,11,0,11,525,94,52,6,677,0,0,0,677
02/06/2019,BWI,MD,AEA,EN,Towers with Radar,509,89,41,6,645,0,1,6,0,7,509,90,47,6,652,0,0,0,652
02/07/2019,BWI,MD,AEA,EN,Towers with Radar,547,85,44,8,684,0,0,2,0,2,547,85,46,8,686,0,0,0,686
02/08/2019,BWI,MD,AEA,EN,Towers with Radar,549,90,30,10,679,0,1,0,1,2,549,91,30,11,681,0,0,0,681
02/09/2019,BWI,MD,AEA,EN,Towers with Radar,473,55,18,0,546,0,1,9,0,10,473,56,27,0,556,0,0,0,556
02/10/2019,BWI,MD,AEA,EN,Towers with Radar,424,65,12,1,502,0,2,10,0,12,424,67,22,1,514,0,0,0,514
02/11/2019,BWI,MD,AEA,EN,Towers with Radar,437,46,20,0,503,0,0,0,0,0,437,46,20,0,503,0,0,0,503
02/12/2019,BWI,MD,AEA,EN,Towers with Radar,454,44,19,0,517,0,0,0,0,0,454,44,19,0,517,0,0,0,517
02/13/2019,BWI,MD,AEA,EN,Towers with Radar,519,82,33,2,636,0,2,3,1,6,519,84,36,3,642,0,0,0,642
02/14/2019,BWI,MD,AEA,EN,Towers with Radar,553,102,28,4,687,0,1,9,3,13,553,103,37,7,700,0,0,0,700
02/15/2019,BWI,MD,AEA,EN,Towers with Radar,567,85,13,8,673,0,3,8,0,11,567,88,21,8,684,0,0,0,684
02/16/2019,BWI,MD,AEA,EN,Towers with Radar,493,56,15,2,566,0,4,8,2,14,493,60,23,4,580,0,0,0,580
02/17/2019,BWI,MD,AEA,EN,Towers with Radar,464,63,16,0,543,0,1,6,1,8,464,64,22,1,551,0,0,0,551
02/18/2019,BWI,MD,AEA,EN,Towers with Radar,541,76,21,0,638,0,1,4,0,5,541,77,25,0,643,0,0,0,643
02/19/2019,BWI,MD,AEA,EN,Towers with Radar,537,107,39,2,685,0,2,7,2,11,537,109,46,4,696,0,0,0,696
02/20/2019,BWI,MD,AEA,EN,Towers with Radar,358,35,7,0,400,0,0,1,0,1,358,35,8,0,401,0,0,0,401
02/21/2019,BWI,MD,AEA,EN,Towers with Radar,548,111,25,2,686,0,0,6,3,9,548,111,31,5,695,0,0,0,695
02/22/2019,BWI,MD,AEA,EN,Towers with Radar,566,88,30,3,687,0,1,8,4,13,566,89,38,7,700,0,0,0,700
02/23/2019,BWI,MD,AEA,EN,Towers with Radar,489,57,19,1,566,0,0,4,0,4,489,57,23,1,570,0,0,0,570
02/24/2019,BWI,MD,AEA,EN,Towers with Radar,477,76,17,1,571,0,1,0,1,2,477,77,17,2,573,0,0,0,573
02/25/2019,BWI,MD,AEA,EN,Towers with Radar,539,91,18,5,653,0,1,1,0,2,539,92,19,5,655,0,0,0,655
02/26/2019,BWI,MD,AEA,EN,Towers with Radar,557,95,32,1,685,0,0,11,1,12,557,95,43,2,697,0,0,0,697
02/27/2019,BWI,MD,AEA,EN,Towers with Radar,538,93,30,3,664,0,2,3,0,5,538,95,33,3,669,0,0,0,669
02/28/2019,BWI,MD,AEA,EN,Towers with Radar,561,94,46,8,709,0,1,4,2,7,561,95,50,10,716,0,0,0,716
03/01/2019,BWI,MD,AEA,EN,Towers with Radar,537,78,24,0,639,0,0,0,0,0,537,78,24,0,639,0,0,0,639
03/02/2019,BWI,MD,AEA,EN,Towers with Radar,497,65,10,0,572,0,0,0,0,0,497,65,10,0,572,0,0,0,572
03/03/2019,BWI,MD,AEA,EN,Towers with Radar,428,64,11,0,503,0,1,0,0,1,428,65,11,0,504,0,0,0,504
03/04/2019,BWI,MD,AEA,EN,Towers with Radar,542,80,25,1,648,0,0,4,1,5,542,80,29,2,653,0,0,0,653
03/05/2019,BWI,MD,AEA,EN,Towers with Radar,561,99,22,0,682,0,0,13,2,15,561,99,35,2,697,0,0,0,697
03/06/2019,BWI,MD,AEA,EN,Towers with Radar,566,98,26,1,691,0,0,6,3,9,566,98,32,4,700,0,0,0,700
03/07/2019,BWI,MD,AEA,EN,Towers with Radar,612,97,33,0,742,0,0,5,1,6,612,97,38,1,748,0,0,0,748
03/08/2019,BWI,MD,AEA,EN,Towers with Radar,621,97,19,1,738,0,0,8,1,9,621,97,27,2,747,0,0,0,747
03/09/2019,BWI,MD,AEA,EN,Towers with Radar,550,67,5,1,623,0,2,3,0,5,550,69,8,1,628,0,0,0,628
03/10/2019,BWI,MD,AEA,EN,Towers with Radar,572,73,15,0,660,0,0,1,0,1,572,73,16,0,661,0,0,0,661
03/11/2019,BWI,MD,AEA,EN,Towers with Radar,620,84,34,5,743,0,0,11,3,14,620,84,45,8,757,0,0,0,757
03/12/2019,BWI,MD,AEA,EN,Towers with Radar,596,96,27,6,725,0,0,16,5,21,596,96,43,11,746,0,0,0,746
03/13/2019,BWI,MD,AEA,EN,Towers with Radar,605,100,34,6,745,0,1,11,2,14,605,101,45,8,759,0,0,0,759
03/14/2019,BWI,MD,AEA,EN,Towers with Radar,590,109,25,10,734,0,0,10,6,16,590,109,35,16,750,0,0,0,750
03/15/2019,BWI,MD,AEA,EN,Towers with Radar,601,102,29,8,740,0,0,4,2,6,601,102,33,10,746,0,0,0,746
03/16/2019,BWI,MD,AEA,EN,Towers with Radar,558,61,19,0,638,0,2,6,0,8,558,63,25,0,646,0,0,0,646
03/17/2019,BWI,MD,AEA,EN,Towers with Radar,559,72,30,0,661,0,0,6,0,6,559,72,36,0,667,0,0,0,667
03/18/2019,BWI,MD,AEA,EN,Towers with Radar,602,83,34,2,721,0,2,8,0,10,602,85,42,2,731,0,0,0,731
03/19/2019,BWI,MD,AEA,EN,Towers with Radar,587,90,27,4,708,0,1,9,2,12,587,91,36,6,720,0,0,0,720
03/20/2019,BWI,MD,AEA,EN,Towers with Radar,599,104,41,4,748,0,3,17,0,20,599,107,58,4,768,0,0,0,768
03/21/2019,BWI,MD,AEA,EN,Towers with Radar,594,101,25,0,720,0,0,0,0,0,594,101,25,0,720,0,0,0,720
03/22/2019,BWI,MD,AEA,EN,Towers with Radar,614,93,28,3,738,0,0,3,2,5,614,93,31,5,743,0,0,0,743
03/23/2019,BWI,MD,AEA,EN,Towers with Radar,536,59,16,0,611,0,0,0,0,0,536,59,16,0,611,0,0,0,611
03/24/2019,BWI,MD,AEA,EN,Towers with Radar,570,81,27,3,681,0,4,7,0,11,570,85,34,3,692,0,0,0,692
03/25/2019,BWI,MD,AEA,EN,Towers with Radar,597,99,22,1,719,0,0,9,0,9,597,99,31,1,728,0,0,0,728
03/26/2019,BWI,MD,AEA,EN,Towers with Radar,597,98,27,4,726,0,0,12,1,13,597,98,39,5,739,0,0,0,739
03/27/2019,BWI,MD,AEA,EN,Towers with Radar,592,107,35,4,738,0,0,21,1,22,592,107,56,5,760,0,0,0,760
03/28/2019,BWI,MD,AEA,EN,Towers with Radar,600,106,31,4,741,0,1,22,2,25,600,107,53,6,766,0,0,0,766
03/29/2019,BWI,MD,AEA,EN,Towers with Radar,610,100,26,6,742,0,2,15,3,20,610,102,41,9,762,0,0,0,762
03/30/2019,BWI,MD,AEA,EN,Towers with Radar,525,54,11,0,590,0,2,11,2,15,525,56,22,2,605,0,0,0,605
03/31/2019,BWI,MD,AEA,EN,Towers with Radar,563,67,21,1,652,0,1,1,0,2,563,68,22,1,654,0,0,0,654
04/01/2019,BWI,MD,AEA,EN,Towers with Radar,583,68,32,1,684,0,0,8,1,9,583,68,40,2,693,0,0,0,693
04/02/2019,BWI,MD,AEA,EN,Towers with Radar,600,90,24,0,714,0,1,9,0,10,600,91,33,0,724,0,0,0,724
04/03/2019,BWI,MD,AEA,EN,Towers with Radar,605,80,24,5,714,0,0,7,4,11,605,80,31,9,725,0,0,0,725
04/04/2019,BWI,MD,AEA,EN,Towers with Radar,614,104,36,2,756,0,4,19,2,25,614,108,55,4,781,0,0,0,781
04/05/2019,BWI,MD,AEA,EN,Towers with Radar,611,99,35,3,748,0,0,5,0,5,611,99,40,3,753,0,0,0,753
04/06/2019,BWI,MD,AEA,EN,Towers with Radar,542,50,14,0,606,0,1,10,0,11,542,51,24,0,617,0,0,0,617
04/07/2019,BWI,MD,AEA,EN,Towers with Radar,567,77,28,0,672,0,0,11,0,11,567,77,39,0,683,0,0,0,683
04/08/2019,BWI,MD,AEA,EN,Towers with Radar,634,78,26,2,740,0,0,14,2,16,634,78,40,4,756,0,0,0,756
04/09/2019,BWI,MD,AEA,EN,Towers with Radar,639,88,22,1,750,0,1,11,1,13,639,89,33,2,763,0,0,0,763
04/10/2019,BWI,MD,AEA,EN,Towers with Radar,644,108,44,3,799,0,0,14,1,15,644,108,58,4,814,0,0,0,814
04/11/2019,BWI,MD,AEA,EN,Towers with Radar,643,99,41,6,789,0,2,17,1,20,643,101,58,7,809,0,0,0,809
04/12/2019,BWI,MD,AEA,EN,Towers with Radar,610,102,30,5,747,0,0,4,0,4,610,102,34,5,751,0,0,0,751
04/13/2019,BWI,MD,AEA,EN,Towers with Radar,523,60,16,0,599,0,2,10,0,12,523,62,26,0,611,0,0,0,611
04/14/2019,BWI,MD,AEA,EN,Towers with Radar,555,80,19,0,654,0,0,0,0,0,555,80,19,0,654,0,0,0,654
04/15/2019,BWI,MD,AEA,EN,Towers with Radar,648,87,20,1,756,0,0,0,0,0,648,87,20,1,756,0,0,0,756
04/16/2019,BWI,MD,AEA,EN,Towers with Radar,649,94,33,0,776,0,2,15,4,21,649,96,48,4,797,0,0,0,797
04/17/2019,BWI,MD,AEA,EN,Towers with Radar,641,96,29,6,772,0,1,16,3,20,641,97,45,9,792,0,0,0,792
04/18/2019,BWI,MD,AEA,EN,Towers with Radar,640,102,21,7,770,0,1,4,0,5,640,103,25,7,775,0,0,0,775
04/19/2019,BWI,MD,AEA,EN,Towers with Radar,561,90,20,2,673,0,2,1,0,3,561,92,21,2,676,0,0,0,676
04/20/2019,BWI,MD,AEA,EN,Towers with Radar,544,58,8,2,612,0,0,3,1,4,544,58,11,3,616,0,0,0,616
04/21/2019,BWI,MD,AEA,EN,Towers with Radar,578,76,6,1,661,0,0,3,0,3,578,76,9,1,664,0,0,0,664
04/22/2019,BWI,MD,AEA,EN,Towers with Radar,623,103,39,3,768,0,2,7,1,10,623,105,46,4,778,0,0,0,778
04/23/2019,BWI,MD,AEA,EN,Towers with Radar,645,91,29,9,774,0,1,17,3,21,645,92,46,12,795,0,0,0,795
04/24/2019,BWI,MD,AEA,EN,Towers with Radar,644,94,26,6,770,0,2,19,0,21,644,96,45,6,791,0,0,0,791
04/25/2019,BWI,MD,AEA,EN,Towers with Radar,647,96,31,1,775,0,3,5,3,11,647,99,36,4,786,0,0,0,786
04/26/2019,BWI,MD,AEA,EN,Towers with Radar,572,92,14,2,680,0,1,1,1,3,572,93,15,3,683,0,0,0,683
04/27/2019,BWI,MD,AEA,EN,Towers with Radar,531,69,12,0,612,0,4,2,0,6,531,73,14,0,618,0,0,0,618
04/28/2019,BWI,MD,AEA,EN,Towers with Radar,572,81,24,0,677,0,0,4,0,4,572,81,28,0,681,0,0,0,681
04/29/2019,BWI,MD,AEA,EN,Towers with Radar,626,96,22,5,749,0,0,6,0,6,626,96,28,5,755,0,0,0,755
04/30/2019,BWI,MD,AEA,EN,Towers with Radar,635,102,27,2,766,0,1,8,1,10,635,103,35,3,776,0,0,0,776
05/01/2019,BWI,MD,AEA,EN,Towers with Radar,642,105,42,4,793,0,1,2,2,5,642,106,44,6,798,0,0,0,798
05/02/2019,BWI,MD,AEA,EN,Towers with Radar,610,98,40,3,751,0,0,14,1,15,610,98,54,4,766,0,0,0,766
05/03/2019,BWI,MD,AEA,EN,Towers with Radar,658,105,19,1,783,0,0,0,0,0,658,105,19,1,783,0,0,0,783
05/04/2019,BWI,MD,AEA,EN,Towers with Radar,554,58,15,0,627,0,0,0,0,0,554,58,15,0,627,0,0,0,627
05/05/2019,BWI,MD,AEA,EN,Towers with Radar,592,73,30,0,695,0,0,0,0,0,592,73,30,0,695,0,0,0,695
05/06/2019,BWI,MD,AEA,EN,Towers with Radar,636,86,34,10,766,0,0,7,1,8,636,86,41,11,774,0,0,0,774
05/07/2019,BWI,MD,AEA,EN,Towers with Radar,657,86,40,5,788,0,1,8,4,13,657,87,48,9,801,0,0,0,801
05/08/2019,BWI,MD,AEA,EN,Towers with Radar,645,91,40,8,784,0,1,3,0,4,645,92,43,8,788,0,0,0,788
05/09/2019,BWI,MD,AEA,EN,Towers with Radar,663,103,32,4,802,0,0,1,0,1,663,103,33,4,803,0,0,0,803
05/10/2019,BWI,MD,AEA,EN,Towers with Radar,626,102,29,13,770,0,0,4,1,5,626,102,33,14,775,0,0,0,775
05/11/2019,BWI,MD,AEA,EN,Towers with Radar,576,66,11,1,654,0,2,24,1,27,576,68,35,2,681,0,0,0,681
05/12/2019,BWI,MD,AEA,EN,Towers with Radar,581,72,16,0,669,0,0,0,0,0,581,72,16,0,669,0,0,0,669
05/13/2019,BWI,MD,AEA,EN,Towers with Radar,620,91,32,4,747,0,1,0,1,2,620,92,32,5,749,0,0,0,749
05/14/2019,BWI,MD,AEA,EN,Towers with Radar,644,92,36,0,772,0,2,7,2,11,644,94,43,2,783,0,0,0,783
05/15/2019,BWI,MD,AEA,EN,Towers with Radar,643,98,31,1,773,0,1,10,2,13,643,99,41,3,786,0,0,0,786
05/16/2019,BWI,MD,AEA,EN,Towers with Radar,653,94,43,5,795,0,0,15,3,18,653,94,58,8,813,0,0,0,813
05/17/2019,BWI,MD,AEA,EN,Towers with Radar,651,106,44,1,802,0,0,2,3,5,651,106,46,4,807,0,0,0,807
05/18/2019,BWI,MD,AEA,EN,Towers with Radar,531,91,31,0,653,0,2,9,0,11,531,93,40,0,664,0,0,0,664
05/19/2019,BWI,MD,AEA,EN,Towers with Radar,582,82,29,2,695,0,0,8,0,8,582,82,37,2,703,0,0,0,703
05/20/2019,BWI,MD,AEA,EN,Towers with Radar,630,88,44,0,762,0,1,4,1,6,630,89,48,1,768,0,0,0,768
05/21/2019,BWI,MD,AEA,EN,Towers with Radar,642,101,36,0,779,0,2,10,0,12,642,103,46,0,791,0,0,0,791
05/22/2019,BWI,MD,AEA,EN,Towers with Radar,650,97,48,6,801,0,1,11,2,14,650,98,59,8,815,0,0,0,815
05/23/2019,BWI,MD,AEA,EN,Towers with Radar,636,106,32,0,774,0,0,7,3,10,636,106,39,3,784,0,0,0,784
05/24/2019,BWI,MD,AEA,EN,Towers with Radar,667,94,33,3,797,0,1,6,2,9,667,95,39,5,806,0,0,0,806
05/25/2019,BWI,MD,AEA,EN,Towers with Radar,535,56,16,1,608,0,1,8,0,9,535,57,24,1,617,0,0,0,617
05/26/2019,BWI,MD,AEA,EN,Towers with Radar,459,45,22,1,527,0,1,5,0,6,459,46,27,1,533,0,0,0,533
05/27/2019,BWI,MD,AEA,EN,Towers with Radar,585,77,22,0,684,0,0,9,2,11,585,77,31,2,695,0,0,0,695
05/28/2019,BWI,MD,AEA,EN,Towers with Radar,629,71,39,0,739,0,2,5,0,7,629,73,44,0,746,0,0,0,746
05/29/2019,BWI,MD,AEA,EN,Towers with Radar,627,64,41,2,734,0,0,13,3,16,627,64,54,5,750,0,0,0,750
05/30/2019,BWI,MD,AEA,EN,Towers with Radar,602,76,39,0,717,0,1,9,0,10,602,77,48,0,727,0,0,0,727
05/31/2019,BWI,MD,AEA,EN,Towers with Radar,646,99,34,1,780,0,1,7,1,9,646,100,41,2,789,0,0,0,789
06/01/2019,BWI,MD,AEA,EN,Towers with Radar,534,58,7,0,599,0,1,11,1,13,534,59,18,1,612,0,0,0,612
06/02/2019,BWI,MD,AEA,EN,Towers with Radar,562,74,15,1,652,0,1,4,1,6,562,75,19,2,658,0,0,0,658
06/03/2019,BWI,MD,AEA,EN,Towers with Radar,615,85,27,1,728,0,3,10,0,13,615,88,37,1,741,0,0,0,741
06/04/2019,BWI,MD,AEA,EN,Towers with Radar,633,90,36,2,761,0,0,14,0,14,633,90,50,2,775,0,0,0,775
06/05/2019,BWI,MD,AEA,EN,Towers with Radar,628,91,22,0,741,0,1,6,0,7,628,92,28,0,748,0,0,0,748
06/06/2019,BWI,MD,AEA,EN,Towers with Radar,652,87,32,8,779,0,0,7,0,7,652,87,39,8,786,0,0,0,786
06/07/2019,BWI,MD,AEA,EN,Towers with Radar,650,86,28,3,767,0,0,19,0,19,650,86,47,3,786,0,0,0,786
06/08/2019,BWI,MD,AEA,EN,Towers with Radar,547,59,18,1,625,0,1,19,1,21,547,60,37,2,646,0,0,0,646
06/09/2019,BWI,MD,AEA,EN,Towers with Radar,595,78,34,0,707,0,0,2,1,3,595,78,36,1,710,0,0,0,710
06/10/2019,BWI,MD,AEA,EN,Towers with Radar,650,74,29,5,758,0,0,1,0,1,650,74,30,5,759,0,0,0,759
06/11/2019,BWI,MD,AEA,EN,Towers with Radar,673,103,31,3,810,0,2,8,3,13,673,105,39,6,823,0,0,0,823
06/12/2019,BWI,MD,AEA,EN,Towers with Radar,656,95,67,4,822,0,0,15,5,20,656,95,82,9,842,0,0,0,842
06/13/2019,BWI,MD,AEA,EN,Towers with Radar,684,109,28,4,825,0,0,2,0,2,684,109,30,4,827,0,0,0,827
06/14/2019,BWI,MD,AEA,EN,Towers with Radar,675,92,23,0,790,0,0,2,0,2,675,92,25,0,792,0,0,0,792
06/15/2019,BWI,MD,AEA,EN,Towers with Radar,617,63,16,2,698,0,0,11,7,18,617,63,27,9,716,0,0,0,716
06/16/2019,BWI,MD,AEA,EN,Towers with Radar,574,65,23,0,662,0,0,7,1,8,574,65,30,1,670,0,0,0,670
06/17/2019,BWI,MD,AEA,EN,Towers with Radar,646,79,32,2,759,0,2,5,3,10,646,81,37,5,769,0,0,0,769
06/18/2019,BWI,MD,AEA,EN,Towers with Radar,650,90,28,2,770,0,0,2,3,5,650,90,30,5,775,0,0,0,775
06/19/2019,BWI,MD,AEA,EN,Towers with Radar,662,106,46,3,817,0,0,4,1,5,662,106,50,4,822,0,0,0,822
06/20/2019,BWI,MD,AEA,EN,Towers with Radar,671,106,34,0,811,0,2,1,0,3,671,108,35,0,814,0,0,0,814
06/21/2019,BWI,MD,AEA,EN,Towers with Radar,684,90,38,0,812,0,2,8,0,10,684,92,46,0,822,0,0,0,822
06/22/2019,BWI,MD,AEA,EN,Towers with Radar,607,55,23,0,685,1,0,14,1,16,608,55,37,1,701,0,0,0,701
06/23/2019,BWI,MD,AEA,EN,Towers with Radar,600,84,26,0,710,0,2,13,2,17,600,86,39,2,727,0,0,0,727
06/24/2019,BWI,MD,AEA,EN,Towers with Radar,669,89,19,1,778,0,0,5,5,10,669,89,24,6,788,0,0,0,788
06/25/2019,BWI,MD,AEA,EN,Towers with Radar,672,100,32,2,806,0,3,8,4,15,672,103,40,6,821,0,0,0,821
06/26/2019,BWI,MD,AEA,EN,Towers with Radar,685,107,48,0,840,0,0,20,4,24,685,107,68,4,864,0,0,0,864
06/27/2019,BWI,MD,AEA,EN,Towers with Radar,674,107,38,0,819,0,0,8,0,8,674,107,46,0,827,0,0,0,827
06/28/2019,BWI,MD,AEA,EN,Towers with Radar,676,114,43,1,834,0,0,8,2,10,676,114,51,3,844,0,0,0,844
06/29/2019,BWI,MD,AEA,EN,Towers with Radar,627,58,15,1,701,0,0,5,1,6,627,58,20,2,707,0,0,0,707
06/30/2019,BWI,MD,AEA,EN,Towers with Radar,603,69,20,1,693,0,1,4,2,7,603,70,24,3,700,0,0,0,700
07/01/2019,BWI,MD,AEA,EN,Towers with Radar,652,63,11,1,727,0,1,11,1,13,652,64,22,2,740,0,0,0,740
07/02/2019,BWI,MD,AEA,EN,Towers with Radar,632,70,23,4,729,0,2,4,5,11,632,72,27,9,740,0,0,0,740
07/03/2019,BWI,MD,AEA,EN,Towers with Radar,641,80,20,2,743,0,0,12,2,14,641,80,32,4,757,0,0,0,757
07/04/2019,BWI,MD,AEA,EN,Towers with Radar,454,51,10,0,515,0,1,2,0,3,454,52,12,0,518,0,0,0,518
07/05/2019,BWI,MD,AEA,EN,Towers with Radar,563,64,8,0,635,0,0,0,0,0,563,64,8,0,635,0,0,0,635
07/06/2019,BWI,MD,AEA,EN,Towers with Radar,575,48,15,0,638,0,4,4,2,10,575,52,19,2,648,0,0,0,648
07/07/2019,BWI,MD,AEA,EN,Towers with Radar,595,77,24,0,696,0,0,2,0,2,595,77,26,0,698,0,0,0,698
07/08/2019,BWI,MD,AEA,EN,Towers with Radar,676,88,25,4,793,0,0,0,0,0,676,88,25,4,793,0,0,0,793
07/09/2019,BWI,MD,AEA,EN,Towers with Radar,675,104,41,1,821,0,3,12,0,15,675,107,53,1,836,0,0,0,836
07/10/2019,BWI,MD,AEA,EN,Towers with Radar,676,98,22,3,799,0,4,8,1,13,676,102,30,4,812,0,0,0,812
07/11/2019,BWI,MD,AEA,EN,Towers with Radar,564,78,17,4,663,0,0,3,0,3,564,78,20,4,666,0,0,0,666
07/12/2019,BWI,MD,AEA,EN,Towers with Radar,686,110,31,0,827,0,1,3,2,6,686,111,34,2,833,0,0,0,833
07/13/2019,BWI,MD,AEA,EN,Towers with Radar,624,59,14,0,697,0,1,18,0,19,624,60,32,0,716,0,0,0,716
07/14/2019,BWI,MD,AEA,EN,Towers with Radar,619,83,20,2,724,0,0,9,0,9,619,83,29,2,733,0,0,0,733
07/15/2019,BWI,MD,AEA,EN,Towers with Radar,662,96,23,2,783,0,1,15,0,16,662,97,38,2,799,0,0,0,799
07/16/2019,BWI,MD,AEA,EN,Towers with Radar,669,99,27,0,795,0,1,7,4,12,669,100,34,4,807,0,0,0,807
07/17/2019,BWI,MD,AEA,EN,Towers with Radar,637,76,42,5,760,0,2,6,3,11,637,78,48,8,771,0,0,0,771
07/18/2019,BWI,MD,AEA,EN,Towers with Radar,683,106,36,2,827,0,3,12,0,15,683,109,48,2,842,0,0,0,842
07/19/2019,BWI,MD,AEA,EN,Towers with Radar,679,104,34,2,819,0,2,15,1,18,679,106,49,3,837,0,0,0,837
07/20/2019,BWI,MD,AEA,EN,Towers with Radar,634,53,15,2,704,0,1,4,1,6,634,54,19,3,710,0,0,0,710
07/21/2019,BWI,MD,AEA,EN,Towers with Radar,600,67,25,0,692,0,0,4,0,4,600,67,29,0,696,0,0,0,696
07/22/2019,BWI,MD,AEA,EN,Towers with Radar,680,78,22,2,782,0,0,2,3,5,680,78,24,5,787,0,0,0,787
07/23/2019,BWI,MD,AEA,EN,Towers with Radar,679,107,33,2,821,0,0,7,1,8,679,107,40,3,829,0,0,0,829
07/24/2019,BWI,MD,AEA,EN,Towers with Radar,676,101,36,7,820,0,0,7,1,8,676,101,43,8,828,0,0,0,828
07/25/2019,BWI,MD,AEA,EN,Towers with Radar,673,98,28,7,806,0,2,10,8,20,673,100,38,15,826,0,0,0,826
07/26/2019,BWI,MD,AEA,EN,Towers with Radar,682,120,27,1,830,0,3,9,1,13,682,123,36,2,843,0,0,0,843
07/27/2019,BWI,MD,AEA,EN,Towers with Radar,631,73,17,0,721,0,1,12,0,13,631,74,29,0,734,0,0,0,734
07/28/2019,BWI,MD,AEA,EN,Towers with Radar,624,72,23,1,720,0,2,8,0,10,624,74,31,1,730,0,0,0,730
07/29/2019,BWI,MD,AEA,EN,Towers with Radar,672,90,22,5,789,0,0,10,2,12,672,90,32,7,801,0,0,0,801
07/30/2019,BWI,MD,AEA,EN,Towers with Radar,671,101,16,8,796,0,0,11,5,16,671,101,27,13,812,0,0,0,812
07/31/2019,BWI,MD,AEA,EN,Towers with Radar,672,96,19,1,788,0,0,5,1,6,672,96,24,2,794,0,0,0,794
08/01/2019,BWI,MD,AEA,EN,Towers with Radar,677,100,37,1,815,0,1,5,4,10,677,101,42,5,825,0,0,0,825
08/02/2019,BWI,MD,AEA,EN,Towers with Radar,682,92,31,1,806,0,0,7,2,9,682,92,38,3,815,0,0,0,815
08/03/2019,BWI,MD,AEA,EN,Towers with Radar,611,74,15,0,700,0,0,6,0,6,611,74,21,0,706,0,0,0,706
08/04/2019,BWI,MD,AEA,EN,Towers with Radar,631,85,25,0,741,0,1,12,0,13,631,86,37,0,754,0,0,0,754
08/05/2019,BWI,MD,AEA,EN,Towers with Radar,673,98,28,3,802,0,0,13,1,14,673,98,41,4,816,0,0,0,816
08/06/2019,BWI,MD,AEA,EN,Towers with Radar,660,103,29,3,795,0,0,6,4,10,660,103,35,7,805,0,0,0,805
08/07/2019,BWI,MD,AEA,EN,Towers with Radar,581,76,39,0,696,0,0,5,0,5,581,76,44,0,701,0,0,0,701
08/08/2019,BWI,MD,AEA,EN,Towers with Radar,687,95,57,4,843,0,2,10,3,15,687,97,67,7,858,0,0,0,858
08/09/2019,BWI,MD,AEA,EN,Towers with Radar,672,97,28,1,798,0,0,7,3,10,672,97,35,4,808,0,0,0,808
08/10/2019,BWI,MD,AEA,EN,Towers with Radar,570,62,13,0,645,0,0,7,2,9,570,62,20,2,654,0,0,0,654
08/11/2019,BWI,MD,AEA,EN,Towers with Radar,627,85,12,0,724,0,0,6,0,6,627,85,18,0,730,0,0,0,730
08/12/2019,BWI,MD,AEA,EN,Towers with Radar,652,91,24,0,767,0,1,8,0,9,652,92,32,0,776,0,0,0,776
08/13/2019,BWI,MD,AEA,EN,Towers with Radar,640,94,18,4,756,0,1,4,2,7,640,95,22,6,763,0,0,0,763
08/14/2019,BWI,MD,AEA,EN,Towers with Radar,652,93,27,6,778,0,1,4,2,7,652,94,31,8,785,0,0,0,785
08/15/2019,BWI,MD,AEA,EN,Towers with Radar,662,100,40,8,810,0,0,12,0,12,662,100,52,8,822,0,0,0,822
08/16/2019,BWI,MD,AEA,EN,Towers with Radar,646,95,32,8,781,0,0,2,0,2,646,95,34,8,783,0,0,0,783
08/17/2019,BWI,MD,AEA,EN,Towers with Radar,561,67,5,2,635,0,0,5,2,7,561,67,10,4,642,0,0,0,642
08/18/2019,BWI,MD,AEA,EN,Towers with Radar,618,63,25,0,706,0,0,9,0,9,618,63,34,0,715,0,0,0,715
08/19/2019,BWI,MD,AEA,EN,Towers with Radar,650,74,36,0,760,0,0,6,0,6,650,74,42,0,766,0,0,0,766
08/20/2019,BWI,MD,AEA,EN,Towers with Radar,549,81,17,0,647,0,2,5,0,7,549,83,22,0,654,0,0,0,654
08/21/2019,BWI,MD,AEA,EN,Towers with Radar,690,86,28,7,811,0,1,2,2,5,690,87,30,9,816,0,0,0,816
08/22/2019,BWI,MD,AEA,EN,Towers with Radar,604,89,35,5,733,0,1,10,1,12,604,90,45,6,745,0,0,0,745
08/23/2019,BWI,MD,AEA,EN,Towers with Radar,662,93,29,2,786,0,0,5,0,5,662,93,34,2,791,0,0,0,791
08/24/2019,BWI,MD,AEA,EN,Towers with Radar,567,62,9,3,641,0,0,18,3,21,567,62,27,6,662,0,0,0,662
08/25/2019,BWI,MD,AEA,EN,Towers with Radar,619,67,14,0,700,0,1,8,0,9,619,68,22,0,709,0,0,0,709
08/26/2019,BWI,MD,AEA,EN,Towers with Radar,637,86,27,2,752,0,5,4,0,9,637,91,31,2,761,0,0,0,761
08/27/2019,BWI,MD,AEA,EN,Towers with Radar,629,94,26,3,752,0,2,1,1,4,629,96,27,4,756,0,0,0,756
08/28/2019,BWI,MD,AEA,EN,Towers with Radar,646,85,24,4,759,0,1,1,0,2,646,86,25,4,761,0,0,0,761
08/29/2019,BWI,MD,AEA,EN,Towers with Radar,653,100,35,4,792,0,0,12,2,14,653,100,47,6,806,0,0,0,806
08/30/2019,BWI,MD,AEA,EN,Towers with Radar,644,87,38,1,770,0,1,10,0,11,644,88,48,1,781,0,0,0,781
08/31/2019,BWI,MD,AEA,EN,Towers with Radar,520,62,27,0,609,0,1,17,2,20,520,63,44,2,629,0,0,0,629
09/01/2019,BWI,MD,AEA,EN,Towers with Radar,491,53,9,0,553,0,0,3,0,3,491,53,12,0,556,0,0,0,556
09/02/2019,BWI,MD,AEA,EN,Towers with Radar,588,66,35,0,689,0,0,6,2,8,588,66,41,2,697,0,0,0,697
09/03/2019,BWI,MD,AEA,EN,Towers with Radar,568,78,29,0,675,0,0,6,1,7,568,78,35,1,682,0,0,0,682
09/04/2019,BWI,MD,AEA,EN,Towers with Radar,578,81,31,4,694,0,1,8,2,11,578,82,39,6,705,0,0,0,705
09/05/2019,BWI,MD,AEA,EN,Towers with Radar,610,92,27,0,729,0,1,4,1,6,610,93,31,1,735,0,0,0,735
09/06/2019,BWI,MD,AEA,EN,Towers with Radar,598,102,39,2,741,0,0,0,0,0,598,102,39,2,741,0,0,0,741
09/07/2019,BWI,MD,AEA,EN,Towers with Radar,551,58,23,0,632,0,3,11,2,16,551,61,34,2,648,0,0,0,648
09/08/2019,BWI,MD,AEA,EN,Towers with Radar,599,80,28,0,707,0,0,2,0,2,599,80,30,0,709,0,0,0,709
09/09/2019,BWI,MD,AEA,EN,Towers with Radar,613,94,37,1,745,0,1,8,1,10,613,95,45,2,755,0,0,0,755
09/10/2019,BWI,MD,AEA,EN,Towers with Radar,596,98,47,5,746,0,0,12,3,15,596,98,59,8,761,0,0,0,761
09/11/2019,BWI,MD,AEA,EN,Towers with Radar,604,92,34,1,731,0,6,7,2,15,604,98,41,3,746,0,0,0,746
09/12/2019,BWI,MD,AEA,EN,Towers with Radar,614,95,26,4,739,0,1,6,8,15,614,96,32,12,754,0,0,0,754
09/13/2019,BWI,MD,AEA,EN,Towers with Radar,625,92,56,5,778,0,0,0,1,1,625,92,56,6,779,0,0,0,779
09/14/2019,BWI,MD,AEA,EN,Towers with Radar,548,65,20,0,633,0,4,8,1,13,548,69,28,1,646,0,0,0,646
09/15/2019,BWI,MD,AEA,EN,Towers with Radar,610,75,31,2,718,0,4,12,1,17,610,79,43,3,735,0,0,0,735
09/16/2019,BWI,MD,AEA,EN,Towers with Radar,616,87,30,0,733,0,3,8,0,11,616,90,38,0,744,0,0,0,744
09/17/2019,BWI,MD,AEA,EN,Towers with Radar,594,97,34,0,725,0,0,8,0,8,594,97,42,0,733,0,0,0,733
09/18/2019,BWI,MD,AEA,EN,Towers with Radar,592,113,39,0,744,0,3,16,1,20,592,116,55,1,764,0,0,0,764
09/19/2019,BWI,MD,AEA,EN,Towers with Radar,603,103,40,1,747,0,3,7,2,12,603,106,47,3,759,0,0,0,759
09/20/2019,BWI,MD,AEA,EN,Towers with Radar,621,102,38,2,763,0,1,5,1,7,621,103,43,3,770,0,0,0,770
09/21/2019,BWI,MD,AEA,EN,Towers with Radar,547,55,19,0,621,0,1,3,0,4,547,56,22,0,625,0,0,0,625
09/22/2019,BWI,MD,AEA,EN,Towers with Radar,617,69,23,1,710,0,0,7,1,8,617,69,30,2,718,0,0,0,718
09/23/2019,BWI,MD,AEA,EN,Towers with Radar,623,84,51,3,761,0,1,11,0,12,623,85,62,3,773,0,0,0,773
09/24/2019,BWI,MD,AEA,EN,Towers with Radar,598,96,31,6,731,0,2,14,1,17,598,98,45,7,748,0,0,0,748
09/25/2019,BWI,MD,AEA,EN,Towers with Radar,599,91,31,4,725,0,0,12,0,12,599,91,43,4,737,0,0,0,737
09/26/2019,BWI,MD,AEA,EN,Towers with Radar,627,108,25,6,766,0,1,8,2,11,627,109,33,8,777,0,0,0,777
09/27/2019,BWI,MD,AEA,EN,Towers with Radar,610,111,40,3,764,0,0,14,0,14,610,111,54,3,778,0,0,0,778
09/28/2019,BWI,MD,AEA,EN,Towers with Radar,563,80,23,0,666,0,2,6,0,8,563,82,29,0,674,0,0,0,674
09/29/2019,BWI,MD,AEA,EN,Towers with Radar,593,88,25,0,706,0,1,14,0,15,593,89,39,0,721,0,0,0,721
09/30/2019,BWI,MD,AEA,EN,Towers with Radar,609,86,27,0,722,0,0,4,0,4,609,86,31,0,726,0,0,0,726
10/01/2019,BWI,MD,AEA,EN,Towers with Radar,593,86,37,1,717,1,0,10,3,14,594,86,47,4,731,0,0,0,731
10/02/2019,BWI,MD,AEA,EN,Towers with Radar,604,106,30,5,745,0,0,19,4,23,604,106,49,9,768,0,0,0,768
10/03/2019,BWI,MD,AEA,EN,Towers with Radar,635,112,41,7,795,0,3,0,1,4,635,115,41,8,799,0,0,0,799
10/04/2019,BWI,MD,AEA,EN,Towers with Radar,630,110,28,5,773,0,1,5,3,9,630,111,33,8,782,0,0,0,782
10/05/2019,BWI,MD,AEA,EN,Towers with Radar,569,88,30,1,688,0,0,14,2,16,569,88,44,3,704,0,0,0,704
10/06/2019,BWI,MD,AEA,EN,Towers with Radar,616,107,42,0,765,0,1,10,0,11,616,108,52,0,776,0,0,0,776
10/07/2019,BWI,MD,AEA,EN,Towers with Radar,627,80,19,0,726,0,0,3,1,4,627,80,22,1,730,0,0,0,730
10/08/2019,BWI,MD,AEA,EN,Towers with Radar,609,86,27,6,728,0,0,6,2,8,609,86,33,8,736,0,0,0,736
10/09/2019,BWI,MD,AEA,EN,Towers with Radar,607,93,41,7,748,0,2,10,1,13,607,95,51,8,761,0,0,0,761
10/10/2019,BWI,MD,AEA,EN,Towers with Radar,632,94,34,1,761,0,0,11,1,12,632,94,45,2,773,0,0,0,773
10/11/2019,BWI,MD,AEA,EN,Towers with Radar,626,92,40,2,760,0,2,4,0,6,626,94,44,2,766,0,0,0,766
10/12/2019,BWI,MD,AEA,EN,Towers with Radar,569,58,21,0,648,0,1,7,0,8,569,59,28,0,656,0,0,0,656
10/13/2019,BWI,MD,AEA,EN,Towers with Radar,618,90,16,0,724,0,0,12,0,12,618,90,28,0,736,0,0,0,736
10/14/2019,BWI,MD,AEA,EN,Towers with Radar,624,86,33,0,743,0,2,6,0,8,624,88,39,0,751,0,0,0,751
10/15/2019,BWI,MD,AEA,EN,Towers with Radar,615,91,29,2,737,0,1,10,1,12,615,92,39,3,749,0,0,0,749
10/16/2019,BWI,MD,AEA,EN,Towers with Radar,619,95,38,4,756,0,6,1,0,7,619,101,39,4,763,0,0,0,763
10/17/2019,BWI,MD,AEA,EN,Towers with Radar,653,106,32,2,793,0,0,0,2,2,653,106,32,4,795,0,0,0,795
10/18/2019,BWI,MD,AEA,EN,Towers with Radar,642,101,22,1,766,0,1,4,0,5,642,102,26,1,771,0,0,0,771
10/19/2019,BWI,MD,AEA,EN,Towers with Radar,584,67,21,2,674,0,1,10,0,11,584,68,31,2,685,0,0,0,685
10/20/2019,BWI,MD,AEA,EN,Towers with Radar,620,81,23,1,725,0,0,0,0,0,620,81,23,1,725,0,0,0,725
10/21/2019,BWI,MD,AEA,EN,Towers with Radar,633,79,29,4,745,0,1,4,0,5,633,80,33,4,750,0,0,0,750
10/22/2019,BWI,MD,AEA,EN,Towers with Radar,623,75,19,4,721,0,0,0,0,0,623,75,19,4,721,0,0,0,721
10/23/2019,BWI,MD,AEA,EN,Towers with Radar,611,84,31,1,727,0,0,16,3,19,611,84,47,4,746,0,0,0,746
10/24/2019,BWI,MD,AEA,EN,Towers with Radar,634,88,43,7,772,0,2,12,2,16,634,90,55,9,788,0,0,0,788
10/25/2019,BWI,MD,AEA,EN,Towers with Radar,636,97,36,1,770,0,2,11,2,15,636,99,47,3,785,0,0,0,785
10/26/2019,BWI,MD,AEA,EN,Towers with Radar,564,47,12,4,627,0,1,11,1,13,564,48,23,5,640,0,0,0,640
10/27/2019,BWI,MD,AEA,EN,Towers with Radar,608,74,28,3,713,0,0,1,1,2,608,74,29,4,715,0,0,0,715
10/28/2019,BWI,MD,AEA,EN,Towers with Radar,628,70,27,4,729,0,0,7,2,9,628,70,34,6,738,0,0,0,738
10/29/2019,BWI,MD,AEA,EN,Towers with Radar,602,79,14,7,702,0,0,6,0,6,602,79,20,7,708,0,0,0,708
10/30/2019,BWI,MD,AEA,EN,Towers with Radar,597,77,16,5,695,0,0,1,0,1,597,77,17,5,696,0,0,0,696
10/31/2019,BWI,MD,AEA,EN,Towers with Radar,518,75,26,1,620,0,0,0,0,0,518,75,26,1,620,0,0,0,620
11/01/2019,BWI,MD,AEA,EN,Towers with Radar,657,77,27,1,762,0,0,6,1,7,657,77,33,2,769,0,0,0,769
11/02/2019,BWI,MD,AEA,EN,Towers with Radar,569,55,23,2,649,0,0,6,1,7,569,55,29,3,656,0,0,0,656
11/03/2019,BWI,MD,AEA,EN,Towers with Radar,611,77,30,0,718,0,0,8,0,8,611,77,38,0,726,0,0,0,726
11/04/2019,BWI,MD,AEA,EN,Towers with Radar,682,87,34,3,806,0,0,7,2,9,682,87,41,5,815,0,0,0,815
11/05/2019,BWI,MD,AEA,EN,Towers with Radar,651,81,26,0,758,0,3,5,0,8,651,84,31,0,766,0,0,0,766
11/06/2019,BWI,MD,AEA,EN,Towers with Radar,648,83,35,2,768,0,0,8,3,11,648,83,43,5,779,0,0,0,779
11/07/2019,BWI,MD,AEA,EN,Towers with Radar,686,93,26,4,809,0,0,6,7,13,686,93,32,11,822,0,0,0,822
11/08/2019,BWI,MD,AEA,EN,Towers with Radar,688,93,25,4,810,0,0,8,1,9,688,93,33,5,819,0,0,0,819
11/09/2019,BWI,MD,AEA,EN,Towers with Radar,531,62,16,0,609,0,0,14,4,18,531,62,30,4,627,0,0,0,627
11/10/2019,BWI,MD,AEA,EN,Towers with Radar,599,74,32,0,705,0,0,8,1,9,599,74,40,1,714,0,0,0,714
11/11/2019,BWI,MD,AEA,EN,Towers with Radar,650,77,11,1,739,0,0,12,0,12,650,77,23,1,751,0,0,0,751
11/12/2019,BWI,MD,AEA,EN,Towers with Radar,667,82,25,0,774,0,1,4,0,5,667,83,29,0,779,0,0,0,779
11/13/2019,BWI,MD,AEA,EN,Towers with Radar,649,85,25,6,765,0,5,9,5,19,649,90,34,11,784,0,0,0,784
11/14/2019,BWI,MD,AEA,EN,Towers with Radar,676,81,48,3,808,0,2,9,2,13,676,83,57,5,821,0,0,0,821
11/15/2019,BWI,MD,AEA,EN,Towers with Radar,684,93,34,2,813,0,0,4,3,7,684,93,38,5,820,0,0,0,820
11/16/2019,BWI,MD,AEA,EN,Towers with Radar,530,61,10,0,601,0,2,7,0,9,530,63,17,0,610,0,0,0,610
11/17/2019,BWI,MD,AEA,EN,Towers with Radar,603,81,25,1,710,0,3,9,0,12,603,84,34,1,722,0,0,0,722
11/18/2019,BWI,MD,AEA,EN,Towers with Radar,674,83,27,0,784,0,0,1,0,1,674,83,28,0,785,0,0,0,785
11/19/2019,BWI,MD,AEA,EN,Towers with Radar,660,92,37,0,789,0,0,7,1,8,660,92,44,1,797,0,0,0,797
11/20/2019,BWI,MD,AEA,EN,Towers with Radar,663,90,42,2,797,0,2,13,7,22,663,92,55,9,819,0,0,0,819
11/21/2019,BWI,MD,AEA,EN,Towers with Radar,678,86,39,2,805,0,3,7,0,10,678,89,46,2,815,0,0,0,815
11/22/2019,BWI,MD,AEA,EN,Towers with Radar,686,87,31,6,810,0,0,4,4,8,686,87,35,10,818,0,0,0,818
11/23/2019,BWI,MD,AEA,EN,Towers with Radar,624,59,25,5,713,0,2,4,2,8,624,61,29,7,721,0,0,0,721
11/24/2019,BWI,MD,AEA,EN,Towers with Radar,610,68,24,0,702,0,0,0,0,0,610,68,24,0,702,0,0,0,702
11/25/2019,BWI,MD,AEA,EN,Towers with Radar,656,61,31,4,752,0,2,13,0,15,656,63,44,4,767,0,0,0,767
11/26/2019,BWI,MD,AEA,EN,Towers with Radar,672,85,20,1,778,0,0,19,2,21,672,85,39,3,799,0,0,0,799
11/27/2019,BWI,MD,AEA,EN,Towers with Radar,682,89,18,0,789,0,1,4,0,5,682,90,22,0,794,0,0,0,794
11/28/2019,BWI,MD,AEA,EN,Towers with Radar,425,40,8,0,473,0,1,0,0,1,425,41,8,0,474,0,0,0,474
11/29/2019,BWI,MD,AEA,EN,Towers with Radar,522,54,17,1,594,0,0,7,1,8,522,54,24,2,602,0,0,0,602
11/30/2019,BWI,MD,AEA,EN,Towers with Radar,625,83,23,0,731,0,0,11,0,11,625,83,34,0,742,0,0,0,742
12/01/2019,BWI,MD,AEA,EN,Towers with Radar,652,76,39,0,767,0,0,0,0,0,652,76,39,0,767,0,0,0,767
12/02/2019,BWI,MD,AEA,EN,Towers with Radar,680,76,40,1,797,0,0,0,0,0,680,76,40,1,797,0,0,0,797
12/03/2019,BWI,MD,AEA,EN,Towers with Radar,638,92,29,3,762,0,1,7,2,10,638,93,36,5,772,0,0,0,772
12/04/2019,BWI,MD,AEA,EN,Towers with Radar,637,79,27,2,745,0,0,6,0,6,637,79,33,2,751,0,0,0,751
12/05/2019,BWI,MD,AEA,EN,Towers with Radar,666,105,29,1,801,0,1,5,1,7,666,106,34,2,808,0,0,0,808
12/06/2019,BWI,MD,AEA,EN,Towers with Radar,674,83,28,3,788,0,0,9,1,10,674,83,37,4,798,0,0,0,798
12/07/2019,BWI,MD,AEA,EN,Towers with Radar,517,48,24,2,591,0,0,9,0,9,517,48,33,2,600,0,0,0,600
12/08/2019,BWI,MD,AEA,EN,Towers with Radar,586,64,29,1,680,0,2,1,0,3,586,66,30,1,683,0,0,0,683
12/09/2019,BWI,MD,AEA,EN,Towers with Radar,664,93,44,0,801,0,0,0,0,0,664,93,44,0,801,0,0,0,801
12/10/2019,BWI,MD,AEA,EN,Towers with Radar,639,91,43,0,773,0,0,0,3,3,639,91,43,3,776,0,0,0,776
12/11/2019,BWI,MD,AEA,EN,Towers with Radar,634,92,26,6,758,0,2,4,3,9,634,94,30,9,767,0,0,0,767
12/12/2019,BWI,MD,AEA,EN,Towers with Radar,664,97,31,8,800,0,3,13,1,17,664,100,44,9,817,0,0,0,817
12/13/2019,BWI,MD,AEA,EN,Towers with Radar,671,105,28,0,804,0,0,0,0,0,671,105,28,0,804,0,0,0,804
12/14/2019,BWI,MD,AEA,EN,Towers with Radar,522,56,16,0,594,0,1,0,0,1,522,57,16,0,595,0,0,0,595
12/15/2019,BWI,MD,AEA,EN,Towers with Radar,586,73,22,0,681,0,0,1,0,1,586,73,23,0,682,0,0,0,682
12/16/2019,BWI,MD,AEA,EN,Towers with Radar,644,61,17,1,723,0,0,0,0,0,644,61,17,1,723,0,0,0,723
12/17/2019,BWI,MD,AEA,EN,Towers with Radar,619,80,27,0,726,0,0,0,0,0,619,80,27,0,726,0,0,0,726
12/18/2019,BWI,MD,AEA,EN,Towers with Radar,658,81,26,7,772,0,2,2,2,6,658,83,28,9,778,0,0,0,778
12/19/2019,BWI,MD,AEA,EN,Towers with Radar,673,90,27,1,791,0,4,7,1,12,673,94,34,2,803,0,0,0,803
12/20/2019,BWI,MD,AEA,EN,Towers with Radar,674,87,25,5,791,0,2,2,4,8,674,89,27,9,799,0,0,0,799
12/21/2019,BWI,MD,AEA,EN,Towers with Radar,627,67,14,0,708,0,5,6,0,11,627,72,20,0,719,0,0,0,719
12/22/2019,BWI,MD,AEA,EN,Towers with Radar,644,61,23,2,730,0,0,1,0,1,644,61,24,2,731,0,0,0,731
12/23/2019,BWI,MD,AEA,EN,Towers with Radar,661,56,14,6,737,0,0,7,1,8,661,56,21,7,745,0,0,0,745
12/24/2019,BWI,MD,AEA,EN,Towers with Radar,526,42,10,1,579,0,1,2,0,3,526,43,12,1,582,0,0,0,582
12/25/2019,BWI,MD,AEA,EN,Towers with Radar,500,45,8,0,553,0,0,3,0,3,500,45,11,0,556,0,0,0,556
12/26/2019,BWI,MD,AEA,EN,Towers with Radar,635,69,20,0,724,0,1,4,0,5,635,70,24,0,729,0,0,0,729
12/27/2019,BWI,MD,AEA,EN,Towers with Radar,669,73,20,4,766,0,0,6,0,6,669,73,26,4,772,0,0,0,772
12/28/2019,BWI,MD,AEA,EN,Towers with Radar,615,57,15,0,687,0,1,11,0,12,615,58,26,0,699,0,0,0,699
12/29/2019,BWI,MD,AEA,EN,Towers with Radar,636,57,10,0,703,0,0,0,0,0,636,57,10,0,703,0,0,0,703
12/30/2019,BWI,MD,AEA,EN,Towers with Radar,670,64,11,0,745,0,0,0,0,0,670,64,11,0,745,0,0,0,745
12/31/2019,BWI,MD,AEA,EN,Towers with Radar,541,49,3,2,595,0,0,1,0,1,541,49,4,2,596,0,0,0,596
01/01/2020,BWI,MD,AEA,EN,Towers with Radar,511,42,12,0,565,0,0,1,0,1,511,42,13,0,566,0,0,0,566
01/02/2020,BWI,MD,AEA,EN,Towers with Radar,639,67,14,0,720,0,2,3,0,5,639,69,17,0,725,0,0,0,725
01/03/2020,BWI,MD,AEA,EN,Towers with Radar,657,62,9,4,732,0,0,0,0,0,657,62,9,4,732,0,0,0,732
01/04/2020,BWI,MD,AEA,EN,Towers with Radar,533,80,14,0,627,0,0,0,0,0,533,80,14,0,627,0,0,0,627
01/05/2020,BWI,MD,AEA,EN,Towers with Radar,589,52,23,0,664,0,0,2,0,2,589,52,25,0,666,0,0,0,666
01/06/2020,BWI,MD,AEA,EN,Towers with Radar,585,79,27,0,691,0,0,6,2,8,585,79,33,2,699,0,0,0,699
01/07/2020,BWI,MD,AEA,EN,Towers with Radar,530,80,20,0,630,0,0,1,0,1,530,80,21,0,631,0,0,0,631
01/08/2020,BWI,MD,AEA,EN,Towers with Radar,564,77,35,2,678,0,2,6,0,8,564,79,41,2,686,0,0,0,686
01/09/2020,BWI,MD,AEA,EN,Towers with Radar,560,91,19,0,670,0,0,7,1,8,560,91,26,1,678,0,0,0,678
01/10/2020,BWI,MD,AEA,EN,Towers with Radar,565,79,24,0,668,0,1,11,1,13,565,80,35,1,681,0,0,0,681
01/11/2020,BWI,MD,AEA,EN,Towers with Radar,458,61,29,0,548,0,0,11,2,13,458,61,40,2,561,0,0,0,561
01/12/2020,BWI,MD,AEA,EN,Towers with Radar,523,69,23,0,615,0,0,7,0,7,523,69,30,0,622,0,0,0,622
01/13/2020,BWI,MD,AEA,EN,Towers with Radar,563,70,18,6,657,0,0,1,1,2,563,70,19,7,659,0,0,0,659
01/14/2020,BWI,MD,AEA,EN,Towers with Radar,556,75,26,2,659,0,0,0,0,0,556,75,26,2,659,0,0,0,659
01/15/2020,BWI,MD,AEA,EN,Towers with Radar,557,69,40,5,671,0,0,9,1,10,557,69,49,6,681,0,0,0,681
01/16/2020,BWI,MD,AEA,EN,Towers with Radar,547,99,26,0,672,0,0,0,2,2,547,99,26,2,674,0,0,0,674
01/17/2020,BWI,MD,AEA,EN,Towers with Radar,556,94,19,4,673,0,0,4,0,4,556,94,23,4,677,0,0,0,677
01/18/2020,BWI,MD,AEA,EN,Towers with Radar,465,42,5,0,512,0,0,0,0,0,465,42,5,0,512,0,0,0,512
01/19/2020,BWI,MD,AEA,EN,Towers with Radar,509,51,14,0,574,0,0,2,0,2,509,51,16,0,576,0,0,0,576
01/20/2020,BWI,MD,AEA,EN,Towers with Radar,548,84,20,1,653,0,0,2,2,4,548,84,22,3,657,0,0,0,657
01/21/2020,BWI,MD,AEA,EN,Towers with Radar,550,92,23,0,665,0,1,6,3,10,550,93,29,3,675,0,0,0,675
01/22/2020,BWI,MD,AEA,EN,Towers with Radar,550,94,24,4,672,0,2,9,0,11,550,96,33,4,683,0,0,0,683
01/23/2020,BWI,MD,AEA,EN,Towers with Radar,559,98,29,5,691,0,1,10,0,11,559,99,39,5,702,0,0,0,702
01/24/2020,BWI,MD,AEA,EN,Towers with Radar,570,91,21,1,683,0,0,7,2,9,570,91,28,3,692,0,0,0,692
01/25/2020,BWI,MD,AEA,EN,Towers with Radar,474,60,6,0,540,0,0,2,1,3,474,60,8,1,543,0,0,0,543
01/26/2020,BWI,MD,AEA,EN,Towers with Radar,514,61,12,1,588,0,0,2,0,2,514,61,14,1,590,0,0,0,590
01/27/2020,BWI,MD,AEA,EN,Towers with Radar,553,76,33,0,662,0,0,5,1,6,553,76,38,1,668,0,0,0,668
01/28/2020,BWI,MD,AEA,EN,Towers with Radar,542,90,29,0,661,0,2,5,1,8,542,92,34,1,669,0,0,0,669
01/29/2020,BWI,MD,AEA,EN,Towers with Radar,557,89,31,2,679,0,1,8,2,11,557,90,39,4,690,0,0,0,690
01/30/2020,BWI,MD,AEA,EN,Towers with Radar,570,88,38,0,696,0,4,16,2,22,570,92,54,2,718,0,0,0,718
01/31/2020,BWI,MD,AEA,EN,Towers with Radar,557,75,30,1,663,0,0,3,0,3,557,75,33,1,666,0,0,0,666
02/01/2020,BWI,MD,AEA,EN,Towers with Radar,466,46,10,0,522,0,1,2,0,3,466,47,12,0,525,0,0,0,525
02/02/2020,BWI,MD,AEA,EN,Towers with Radar,505,58,20,0,583,0,1,5,0,6,505,59,25,0,589,0,0,0,589
02/03/2020,BWI,MD,AEA,EN,Towers with Radar,545,76,30,1,652,0,0,4,0,4,545,76,34,1,656,0,0,0,656
02/04/2020,BWI,MD,AEA,EN,Towers with Radar,544,80,29,0,653,0,0,1,0,1,544,80,30,0,654,0,0,0,654
02/05/2020,BWI,MD,AEA,EN,Towers with Radar,541,74,20,3,638,0,1,3,2,6,541,75,23,5,644,0,0,0,644
02/06/2020,BWI,MD,AEA,EN,Towers with Radar,533,80,28,0,641,0,0,0,0,0,533,80,28,0,641,0,0,0,641
02/07/2020,BWI,MD,AEA,EN,Towers with Radar,563,83,20,3,669,0,2,0,0,2,563,85,20,3,671,0,0,0,671
02/08/2020,BWI,MD,AEA,EN,Towers with Radar,470,68,15,0,553,0,0,5,1,6,470,68,20,1,559,0,0,0,559
02/09/2020,BWI,MD,AEA,EN,Towers with Radar,508,63,27,1,599,0,0,17,1,18,508,63,44,2,617,0,0,0,617
02/10/2020,BWI,MD,AEA,EN,Towers with Radar,553,71,23,4,651,0,0,2,0,2,553,71,25,4,653,0,0,0,653
02/11/2020,BWI,MD,AEA,EN,Towers with Radar,530,88,35,0,653,0,0,6,1,7,530,88,41,1,660,0,0,0,660
02/12/2020,BWI,MD,AEA,EN,Towers with Radar,532,88,11,11,642,0,1,4,1,6,532,89,15,12,648,0,0,0,648
02/13/2020,BWI,MD,AEA,EN,Towers with Radar,564,97,21,3,685,0,0,0,0,0,564,97,21,3,685,0,0,0,685
02/14/2020,BWI,MD,AEA,EN,Towers with Radar,570,83,20,2,675,0,4,6,1,11,570,87,26,3,686,0,0,0,686
02/15/2020,BWI,MD,AEA,EN,Towers with Radar,484,61,1,0,546,0,1,3,1,5,484,62,4,1,551,0,0,0,551
02/16/2020,BWI,MD,AEA,EN,Towers with Radar,524,63,10,1,598,0,2,4,1,7,524,65,14,2,605,0,0,0,605
02/17/2020,BWI,MD,AEA,EN,Towers with Radar,560,88,26,2,676,0,3,7,2,12,560,91,33,4,688,0,0,0,688
02/18/2020,BWI,MD,AEA,EN,Towers with Radar,563,91,19,0,673,0,0,4,3,7,563,91,23,3,680,0,0,0,680
02/19/2020,BWI,MD,AEA,EN,Towers with Radar,561,93,29,5,688,0,0,8,3,11,561,93,37,8,699,0,0,0,699
02/20/2020,BWI,MD,AEA,EN,Towers with Radar,555,94,17,0,666,0,0,10,0,10,555,94,27,0,676,0,0,0,676
02/21/2020,BWI,MD,AEA,EN,Towers with Radar,562,85,22,1,670,0,0,2,1,3,562,85,24,2,673,0,0,0,673
02/22/2020,BWI,MD,AEA,EN,Towers with Radar,475,63,17,2,557,0,4,8,1,13,475,67,25,3,570,0,0,0,570
02/23/2020,BWI,MD,AEA,EN,Towers with Radar,536,73,21,0,630,0,0,4,0,4,536,73,25,0,634,0,0,0,634
02/24/2020,BWI,MD,AEA,EN,Towers with Radar,559,78,38,11,686,0,0,11,3,14,559,78,49,14,700,0,0,0,700
02/25/2020,BWI,MD,AEA,EN,Towers with Radar,545,90,30,2,667,0,0,0,0,0,545,90,30,2,667,0,0,0,667
02/26/2020,BWI,MD,AEA,EN,Towers with Radar,558,89,32,1,680,0,0,0,0,0,558,89,32,1,680,0,0,0,680
02/27/2020,BWI,MD,AEA,EN,Towers with Radar,566,92,22,2,682,0,0,0,1,1,566,92,22,3,683,0,0,0,683
02/28/2020,BWI,MD,AEA,EN,Towers with Radar,568,92,31,8,699,0,2,11,3,16,568,94,42,11,715,0,0,0,715
02/29/2020,BWI,MD,AEA,EN,Towers with Radar,483,67,9,0,559,0,1,0,1,2,483,68,9,1,561,0,0,0,561
03/01/2020,BWI,MD,AEA,EN,Towers with Radar,531,70,23,0,624,0,0,6,0,6,531,70,29,0,630,0,0,0,630
03/02/2020,BWI,MD,AEA,EN,Towers with Radar,581,75,37,0,693,0,0,7,0,7,581,75,44,0,700,0,0,0,700
03/03/2020,BWI,MD,AEA,EN,Towers with Radar,557,82,26,0,665,0,2,3,1,6,557,84,29,1,671,0,0,0,671
03/04/2020,BWI,MD,AEA,EN,Towers with Radar,565,90,28,0,683,0,3,10,0,13,565,93,38,0,696,0,0,0,696
03/05/2020,BWI,MD,AEA,EN,Towers with Radar,568,93,33,8,702,0,0,6,4,10,568,93,39,12,712,0,0,0,712
03/06/2020,BWI,MD,AEA,EN,Towers with Radar,571,85,16,2,674,0,0,0,0,0,571,85,16,2,674,0,0,0,674
03/07/2020,BWI,MD,AEA,EN,Towers with Radar,503,65,18,0,586,0,3,3,0,6,503,68,21,0,592,0,0,0,592
03/08/2020,BWI,MD,AEA,EN,Towers with Radar,550,77,13,0,640,0,1,9,0,10,550,78,22,0,650,0,0,0,650
03/09/2020,BWI,MD,AEA,EN,Towers with Radar,612,85,29,5,731,0,2,6,0,8,612,87,35,5,739,0,0,0,739
03/10/2020,BWI,MD,AEA,EN,Towers with Radar,603,83,21,0,707,0,0,3,0,3,603,83,24,0,710,0,0,0,710
03/11/2020,BWI,MD,AEA,EN,Towers with Radar,613,84,29,0,726,0,1,5,0,6,613,85,34,0,732,0,0,0,732
03/12/2020,BWI,MD,AEA,EN,Towers with Radar,621,89,33,1,744,0,0,3,0,3,621,89,36,1,747,0,0,0,747
03/13/2020,BWI,MD,AEA,EN,Towers with Radar,622,99,30,6,757,0,0,2,0,2,622,99,32,6,759,0,0,0,759
03/14/2020,BWI,MD,AEA,EN,Towers with Radar,506,71,21,0,598,0,1,10,0,11,506,72,31,0,609,0,0,0,609
03/15/2020,BWI,MD,AEA,EN,Towers with Radar,546,65,9,0,620,0,0,2,1,3,546,65,11,1,623,0,0,0,623
03/16/2020,BWI,MD,AEA,EN,Towers with Radar,596,78,25,8,707,0,0,9,2,11,596,78,34,10,718,0,0,0,718
03/17/2020,BWI,MD,AEA,EN,Towers with Radar,583,83,16,6,688,0,1,4,0,5,583,84,20,6,693,0,0,0,693
03/18/2020,BWI,MD,AEA,EN,Towers with Radar,567,81,16,3,667,0,0,5,1,6,567,81,21,4,673,0,0,0,673
03/19/2020,BWI,MD,AEA,EN,Towers with Radar,529,78,19,2,628,0,0,2,2,4,529,78,21,4,632,0,0,0,632
03/20/2020,BWI,MD,AEA,EN,Towers with Radar,491,73,10,0,574,0,0,0,0,0,491,73,10,0,574,0,0,0,574
03/21/2020,BWI,MD,AEA,EN,Towers with Radar,451,56,17,0,524,0,0,3,0,3,451,56,20,0,527,0,0,0,527
03/22/2020,BWI,MD,AEA,EN,Towers with Radar,413,53,8,0,474,0,1,3,0,4,413,54,11,0,478,0,0,0,478
03/23/2020,BWI,MD,AEA,EN,Towers with Radar,403,52,5,0,460,0,0,0,0,0,403,52,5,0,460,0,0,0,460
03/24/2020,BWI,MD,AEA,EN,Towers with Radar,432,63,13,0,508,0,0,0,0,0,432,63,13,0,508,0,0,0,508
03/25/2020,BWI,MD,AEA,EN,Towers with Radar,437,55,0,1,493,0,0,0,0,0,437,55,0,1,493,0,0,0,493
03/26/2020,BWI,MD,AEA,EN,Towers with Radar,418,53,12,0,483,0,1,4,1,6,418,54,16,1,489,0,0,0,489
03/27/2020,BWI,MD,AEA,EN,Towers with Radar,370,55,9,2,436,0,0,1,1,2,370,55,10,3,438,0,0,0,438
03/28/2020,BWI,MD,AEA,EN,Towers with Radar,301,36,5,0,342,0,1,0,0,1,301,37,5,0,343,0,0,0,343
03/29/2020,BWI,MD,AEA,EN,Towers with Radar,336,46,0,0,382,0,0,0,0,0,336,46,0,0,382,0,0,0,382
03/30/2020,BWI,MD,AEA,EN,Towers with Radar,340,47,8,0,395,0,0,3,0,3,340,47,11,0,398,0,0,0,398
03/31/2020,BWI,MD,AEA,EN,Towers with Radar,343,55,1,0,399,0,0,0,0,0,343,55,1,0,399,0,0,0,399
04/01/2020,BWI,MD,AEA,EN,Towers with Radar,365,47,3,0,415,0,0,0,2,2,365,47,3,2,417,0,0,0,417
04/02/2020,BWI,MD,AEA,EN,Towers with Radar,315,51,8,0,374,0,2,3,0,5,315,53,11,0,379,0,0,0,379
04/03/2020,BWI,MD,AEA,EN,Towers with Radar,313,43,3,3,362,0,1,0,0,1,313,44,3,3,363,0,0,0,363
04/04/2020,BWI,MD,AEA,EN,Towers with Radar,259,32,2,0,293,0,0,5,0,5,259,32,7,0,298,0,0,0,298
04/05/2020,BWI,MD,AEA,EN,Towers with Radar,282,28,5,2,317,0,0,3,0,3,282,28,8,2,320,0,0,0,320
04/06/2020,BWI,MD,AEA,EN,Towers with Radar,302,36,5,2,345,0,2,7,0,9,302,38,12,2,354,0,0,0,354
04/07/2020,BWI,MD,AEA,EN,Towers with Radar,307,44,2,0,353,0,1,7,0,8,307,45,9,0,361,0,0,0,361
04/08/2020,BWI,MD,AEA,EN,Towers with Radar,277,49,6,2,334,0,2,5,2,9,277,51,11,4,343,0,0,0,343
04/09/2020,BWI,MD,AEA,EN,Towers with Radar,284,45,4,4,337,0,0,5,3,8,284,45,9,7,345,0,0,0,345
04/10/2020,BWI,MD,AEA,EN,Towers with Radar,285,36,5,0,326,0,0,0,0,0,285,36,5,0,326,0,0,0,326
04/11/2020,BWI,MD,AEA,EN,Towers with Radar,218,27,5,1,251,0,0,2,0,2,218,27,7,1,253,0,0,0,253
04/12/2020,BWI,MD,AEA,EN,Towers with Radar,216,31,2,0,249,0,0,6,0,6,216,31,8,0,255,0,0,0,255
04/13/2020,BWI,MD,AEA,EN,Towers with Radar,253,34,0,0,287,0,0,0,0,0,253,34,0,0,287,0,0,0,287
04/14/2020,BWI,MD,AEA,EN,Towers with Radar,230,39,17,1,287,0,0,3,1,4,230,39,20,2,291,0,0,0,291
04/15/2020,BWI,MD,AEA,EN,Towers with Radar,235,40,7,0,282,0,3,3,1,7,235,43,10,1,289,0,0,0,289
04/16/2020,BWI,MD,AEA,EN,Towers with Radar,206,45,10,3,264,0,0,4,1,5,206,45,14,4,269,0,0,0,269
04/17/2020,BWI,MD,AEA,EN,Towers with Radar,213,35,22,0,270,0,1,4,0,5,213,36,26,0,275,0,0,0,275
04/18/2020,BWI,MD,AEA,EN,Towers with Radar,176,26,7,0,209,0,0,0,0,0,176,26,7,0,209,0,0,0,209
04/19/2020,BWI,MD,AEA,EN,Towers with Radar,159,25,9,0,193,0,0,4,1,5,159,25,13,1,198,0,0,0,198
04/20/2020,BWI,MD,AEA,EN,Towers with Radar,191,31,15,0,237,0,0,4,0,4,191,31,19,0,241,0,0,0,241
04/21/2020,BWI,MD,AEA,EN,Towers with Radar,190,39,2,3,234,0,0,0,1,1,190,39,2,4,235,0,0,0,235
04/22/2020,BWI,MD,AEA,EN,Towers with Radar,205,44,8,4,261,0,3,3,5,11,205,47,11,9,272,0,0,0,272
04/23/2020,BWI,MD,AEA,EN,Towers with Radar,193,42,16,1,252,0,0,8,1,9,193,42,24,2,261,0,0,0,261
04/24/2020,BWI,MD,AEA,EN,Towers with Radar,186,43,4,0,233,0,0,0,0,0,186,43,4,0,233,0,0,0,233
04/25/2020,BWI,MD,AEA,EN,Towers with Radar,146,31,5,2,184,0,3,10,0,13,146,34,15,2,197,0,0,0,197
04/26/2020,BWI,MD,AEA,EN,Towers with Radar,164,34,3,0,201,0,0,0,0,0,164,34,3,0,201,0,0,0,201
04/27/2020,BWI,MD,AEA,EN,Towers with Radar,176,35,4,15,230,0,0,0,1,1,176,35,4,16,231,0,0,0,231
04/28/2020,BWI,MD,AEA,EN,Towers with Radar,179,38,9,4,230,0,1,23,2,26,179,39,32,6,256,0,0,0,256
04/29/2020,BWI,MD,AEA,EN,Towers with Radar,187,42,11,3,243,0,0,5,4,9,187,42,16,7,252,0,0,0,252
04/30/2020,BWI,MD,AEA,EN,Towers with Radar,178,44,5,0,227,0,0,0,0,0,178,44,5,0,227,0,0,0,227
05/01/2020,BWI,MD,AEA,EN,Towers with Radar,179,40,6,1,226,0,1,5,1,7,179,41,11,2,233,0,0,0,233
05/02/2020,BWI,MD,AEA,EN,Towers with Radar,166,23,18,2,209,0,1,9,2,12,166,24,27,4,221,0,0,0,221
05/03/2020,BWI,MD,AEA,EN,Towers with Radar,214,27,8,0,249,0,1,1,0,2,214,28,9,0,251,0,0,0,251
05/04/2020,BWI,MD,AEA,EN,Towers with Radar,211,33,16,1,261,0,5,6,6,17,211,38,22,7,278,0,0,0,278
05/05/2020,BWI,MD,AEA,EN,Towers with Radar,233,42,11,3,289,0,0,11,1,12,233,42,22,4,301,0,0,0,301
05/06/2020,BWI,MD,AEA,EN,Towers with Radar,232,43,15,4,294,0,0,0,0,0,232,43,15,4,294,0,0,0,294
05/07/2020,BWI,MD,AEA,EN,Towers with Radar,230,45,11,2,288,0,0,7,2,9,230,45,18,4,297,0,0,0,297
05/08/2020,BWI,MD,AEA,EN,Towers with Radar,231,45,15,0,291,0,1,3,0,4,231,46,18,0,295,0,0,0,295
05/09/2020,BWI,MD,AEA,EN,Towers with Radar,214,27,4,0,245,0,0,2,0,2,214,27,6,0,247,0,0,0,247
05/10/2020,BWI,MD,AEA,EN,Towers with Radar,219,33,4,1,257,0,0,5,2,7,219,33,9,3,264,0,0,0,264
05/11/2020,BWI,MD,AEA,EN,Towers with Radar,223,35,11,0,269,0,1,2,0,3,223,36,13,0,272,0,0,0,272
05/12/2020,BWI,MD,AEA,EN,Towers with Radar,233,42,6,7,288,0,2,6,1,9,233,44,12,8,297,0,0,0,297
05/13/2020,BWI,MD,AEA,EN,Towers with Radar,229,43,15,5,292,0,4,27,3,34,229,47,42,8,326,0,0,0,326
05/14/2020,BWI,MD,AEA,EN,Towers with Radar,232,46,13,4,295,0,0,5,1,6,232,46,18,5,301,0,0,0,301
05/15/2020,BWI,MD,AEA,EN,Towers with Radar,230,40,11,3,284,0,0,8,1,9,230,40,19,4,293,0,0,0,293
05/16/2020,BWI,MD,AEA,EN,Towers with Radar,212,27,9,0,248,0,1,7,1,9,212,28,16,1,257,0,0,0,257
05/17/2020,BWI,MD,AEA,EN,Towers with Radar,224,36,15,0,275,0,0,1,2,3,224,36,16,2,278,0,0,0,278
05/18/2020,BWI,MD,AEA,EN,Towers with Radar,230,42,9,1,282,0,0,2,0,2,230,42,11,1,284,0,0,0,284
05/19/2020,BWI,MD,AEA,EN,Towers with Radar,242,49,22,2,315,0,0,3,2,5,242,49,25,4,320,0,0,0,320
05/20/2020,BWI,MD,AEA,EN,Towers with Radar,240,59,8,10,317,0,0,5,6,11,240,59,13,16,328,0,0,0,328
05/21/2020,BWI,MD,AEA,EN,Towers with Radar,252,49,21,4,326,0,1,3,3,7,252,50,24,7,333,0,0,0,333
05/22/2020,BWI,MD,AEA,EN,Towers with Radar,250,55,18,2,325,0,0,0,0,0,250,55,18,2,325,0,0,0,325
05/23/2020,BWI,MD,AEA,EN,Towers with Radar,237,28,4,2,271,0,0,5,0,5,237,28,9,2,276,0,0,0,276
05/24/2020,BWI,MD,AEA,EN,Towers with Radar,226,35,10,1,272,0,0,0,0,0,226,35,10,1,272,0,0,0,272
05/25/2020,BWI,MD,AEA,EN,Towers with Radar,240,31,11,0,282,0,2,9,4,15,240,33,20,4,297,0,0,0,297
05/26/2020,BWI,MD,AEA,EN,Towers with Radar,235,35,18,6,294,0,0,6,0,6,235,35,24,6,300,0,0,0,300
05/27/2020,BWI,MD,AEA,EN,Towers with Radar,241,46,13,6,306,0,0,2,1,3,241,46,15,7,309,0,0,0,309
05/28/2020,BWI,MD,AEA,EN,Towers with Radar,242,44,11,5,302,0,0,0,0,0,242,44,11,5,302,0,0,0,302
05/29/2020,BWI,MD,AEA,EN,Towers with Radar,248,51,13,4,316,0,0,2,0,2,248,51,15,4,318,0,0,0,318
05/30/2020,BWI,MD,AEA,EN,Towers with Radar,236,33,16,0,285,0,1,6,0,7,236,34,22,0,292,0,0,0,292
05/31/2020,BWI,MD,AEA,EN,Towers with Radar,250,35,28,0,313,0,0,5,0,5,250,35,33,0,318,0,0,0,318
06/01/2020,BWI,MD,AEA,EN,Towers with Radar,244,49,11,1,305,0,0,3,0,3,244,49,14,1,308,0,0,0,308
06/02/2020,BWI,MD,AEA,EN,Towers with Radar,244,48,10,7,309,0,0,7,1,8,244,48,17,8,317,0,0,0,317
06/03/2020,BWI,MD,AEA,EN,Towers with Radar,249,48,13,2,312,0,0,3,1,4,249,48,16,3,316,0,0,0,316
06/04/2020,BWI,MD,AEA,EN,Towers with Radar,267,47,20,3,337,0,0,7,2,9,267,47,27,5,346,0,0,0,346
06/05/2020,BWI,MD,AEA,EN,Towers with Radar,270,48,13,0,331,0,0,3,0,3,270,48,16,0,334,0,0,0,334
06/06/2020,BWI,MD,AEA,EN,Towers with Radar,261,35,18,1,315,0,0,7,0,7,261,35,25,1,322,0,0,0,322
06/07/2020,BWI,MD,AEA,EN,Towers with Radar,327,36,12,0,375,0,0,11,0,11,327,36,23,0,386,0,0,0,386
06/08/2020,BWI,MD,AEA,EN,Towers with Radar,337,46,22,2,407,0,0,6,2,8,337,46,28,4,415,0,0,0,415
06/09/2020,BWI,MD,AEA,EN,Towers with Radar,310,50,17,1,378,0,2,8,0,10,310,52,25,1,388,0,0,0,388
06/10/2020,BWI,MD,AEA,EN,Towers with Radar,330,58,20,3,411,0,4,2,2,8,330,62,22,5,419,0,0,0,419
06/11/2020,BWI,MD,AEA,EN,Towers with Radar,362,56,32,3,453,0,0,4,1,5,362,56,36,4,458,0,0,0,458
06/12/2020,BWI,MD,AEA,EN,Towers with Radar,358,56,22,1,437,0,1,8,0,9,358,57,30,1,446,0,0,0,446
06/13/2020,BWI,MD,AEA,EN,Towers with Radar,334,35,11,0,380,0,0,9,1,10,334,35,20,1,390,0,0,0,390
06/14/2020,BWI,MD,AEA,EN,Towers with Radar,382,42,16,3,443,0,0,6,0,6,382,42,22,3,449,0,0,0,449
06/15/2020,BWI,MD,AEA,EN,Towers with Radar,369,46,17,1,433,0,0,2,1,3,369,46,19,2,436,0,0,0,436
06/16/2020,BWI,MD,AEA,EN,Towers with Radar,346,50,19,7,422,0,0,5,3,8,346,50,24,10,430,0,0,0,430
06/17/2020,BWI,MD,AEA,EN,Towers with Radar,348,47,18,6,419,0,0,0,0,0,348,47,18,6,419,0,0,0,419
06/18/2020,BWI,MD,AEA,EN,Towers with Radar,391,60,15,10,476,0,1,10,1,12,391,61,25,11,488,0,0,0,488
06/19/2020,BWI,MD,AEA,EN,Towers with Radar,375,48,23,8,454,0,0,0,0,0,375,48,23,8,454,0,0,0,454
06/20/2020,BWI,MD,AEA,EN,Towers with Radar,376,31,16,0,423,0,0,1,0,1,376,31,17,0,424,0,0,0,424
06/21/2020,BWI,MD,AEA,EN,Towers with Radar,413,36,17,0,466,0,0,2,0,2,413,36,19,0,468,0,0,0,468
06/22/2020,BWI,MD,AEA,EN,Towers with Radar,410,55,20,9,494,0,0,5,2,7,410,55,25,11,501,0,0,0,501
06/23/2020,BWI,MD,AEA,EN,Towers with Radar,397,43,20,6,466,0,0,2,2,4,397,43,22,8,470,0,0,0,470
06/24/2020,BWI,MD,AEA,EN,Towers with Radar,406,54,28,2,490,0,0,13,1,14,406,54,41,3,504,0,0,0,504
06/25/2020,BWI,MD,AEA,EN,Towers with Radar,441,64,18,3,526,0,0,2,2,4,441,64,20,5,530,0,0,0,530
06/26/2020,BWI,MD,AEA,EN,Towers with Radar,432,44,21,1,498,0,0,9,2,11,432,44,30,3,509,0,0,0,509
06/27/2020,BWI,MD,AEA,EN,Towers with Radar,422,35,6,1,464,0,1,6,4,11,422,36,12,5,475,0,0,0,475
06/28/2020,BWI,MD,AEA,EN,Towers with Radar,422,42,25,3,492,0,0,2,0,2,422,42,27,3,494,0,0,0,494
06/29/2020,BWI,MD,AEA,EN,Towers with Radar,442,49,23,0,514,0,0,2,2,4,442,49,25,2,518,0,0,0,518
06/30/2020,BWI,MD,AEA,EN,Towers with Radar,401,49,18,2,470,0,0,2,5,7,401,49,20,7,477,0,0,0,477
07/01/2020,BWI,MD,AEA,EN,Towers with Radar,453,60,21,0,534,0,0,8,0,8,453,60,29,0,542,0,0,0,542
07/02/2020,BWI,MD,AEA,EN,Towers with Radar,481,56,33,1,571,0,0,8,2,10,481,56,41,3,581,0,0,0,581
07/03/2020,BWI,MD,AEA,EN,Towers with Radar,461,49,12,1,523,0,0,1,0,1,461,49,13,1,524,0,0,0,524
07/04/2020,BWI,MD,AEA,EN,Towers with Radar,327,26,5,0,358,0,1,3,2,6,327,27,8,2,364,0,0,0,364
07/05/2020,BWI,MD,AEA,EN,Towers with Radar,446,44,22,2,514,0,0,4,0,4,446,44,26,2,518,0,0,0,518
07/06/2020,BWI,MD,AEA,EN,Towers with Radar,488,57,16,3,564,0,0,5,1,6,488,57,21,4,570,0,0,0,570
07/07/2020,BWI,MD,AEA,EN,Towers with Radar,452,47,28,4,531,0,1,1,3,5,452,48,29,7,536,0,0,0,536
07/08/2020,BWI,MD,AEA,EN,Towers with Radar,459,53,21,4,537,0,1,6,4,11,459,54,27,8,548,0,0,0,548
07/09/2020,BWI,MD,AEA,EN,Towers with Radar,493,56,22,2,573,0,0,6,2,8,493,56,28,4,581,0,0,0,581
07/10/2020,BWI,MD,AEA,EN,Towers with Radar,487,44,10,1,542,0,0,2,1,3,487,44,12,2,545,0,0,0,545
07/11/2020,BWI,MD,AEA,EN,Towers with Radar,451,34,10,0,495,0,0,8,0,8,451,34,18,0,503,0,0,0,503
07/12/2020,BWI,MD,AEA,EN,Towers with Radar,487,43,21,0,551,0,1,2,0,3,487,44,23,0,554,0,0,0,554
07/13/2020,BWI,MD,AEA,EN,Towers with Radar,490,40,12,2,544,0,2,9,3,14,490,42,21,5,558,0,0,0,558
07/14/2020,BWI,MD,AEA,EN,Towers with Radar,456,55,26,4,541,0,2,12,4,18,456,57,38,8,559,0,0,0,559
07/15/2020,BWI,MD,AEA,EN,Towers with Radar,460,60,21,0,541,0,0,15,0,15,460,60,36,0,556,0,0,0,556
07/16/2020,BWI,MD,AEA,EN,Towers with Radar,507,51,31,1,590,0,0,5,1,6,507,51,36,2,596,0,0,0,596
07/17/2020,BWI,MD,AEA,EN,Towers with Radar,504,42,24,0,570,0,0,4,0,4,504,42,28,0,574,0,0,0,574
07/18/2020,BWI,MD,AEA,EN,Towers with Radar,456,47,24,0,527,0,0,8,2,10,456,47,32,2,537,0,0,0,537
07/19/2020,BWI,MD,AEA,EN,Towers with Radar,479,39,27,1,546,0,0,3,0,3,479,39,30,1,549,0,0,0,549
07/20/2020,BWI,MD,AEA,EN,Towers with Radar,491,49,28,2,570,0,0,7,2,9,491,49,35,4,579,0,0,0,579
07/21/2020,BWI,MD,AEA,EN,Towers with Radar,449,50,22,1,522,0,2,5,0,7,449,52,27,1,529,0,0,0,529
07/22/2020,BWI,MD,AEA,EN,Towers with Radar,461,58,25,4,548,0,1,2,1,4,461,59,27,5,552,0,0,0,552
07/23/2020,BWI,MD,AEA,EN,Towers with Radar,499,54,14,2,569,0,2,5,0,7,499,56,19,2,576,0,0,0,576
07/24/2020,BWI,MD,AEA,EN,Towers with Radar,490,59,14,2,565,0,0,2,2,4,490,59,16,4,569,0,0,0,569
07/25/2020,BWI,MD,AEA,EN,Towers with Radar,447,31,19,0,497,0,3,9,0,12,447,34,28,0,509,0,0,0,509
07/26/2020,BWI,MD,AEA,EN,Towers with Radar,472,37,24,2,535,0,0,7,2,9,472,37,31,4,544,0,0,0,544
07/27/2020,BWI,MD,AEA,EN,Towers with Radar,466,38,24,3,531,0,0,7,0,7,466,38,31,3,538,0,0,0,538
07/28/2020,BWI,MD,AEA,EN,Towers with Radar,450,54,15,5,524,0,0,5,3,8,450,54,20,8,532,0,0,0,532
07/29/2020,BWI,MD,AEA,EN,Towers with Radar,447,51,26,6,530,0,0,10,4,14,447,51,36,10,544,0,0,0,544
07/30/2020,BWI,MD,AEA,EN,Towers with Radar,483,66,32,2,583,0,1,8,4,13,483,67,40,6,596,0,0,0,596
07/31/2020,BWI,MD,AEA,EN,Towers with Radar,486,58,46,2,592,0,0,0,0,0,486,58,46,2,592,0,0,0,592
08/01/2020,BWI,MD,AEA,EN,Towers with Radar,432,48,17,2,499,0,0,12,0,12,432,48,29,2,511,0,0,0,511
08/02/2020,BWI,MD,AEA,EN,Towers with Radar,465,36,20,0,521,0,0,2,0,2,465,36,22,0,523,0,0,0,523
08/03/2020,BWI,MD,AEA,EN,Towers with Radar,479,45,24,4,552,0,0,7,0,7,479,45,31,4,559,0,0,0,559
08/04/2020,BWI,MD,AEA,EN,Towers with Radar,307,32,15,0,354,0,1,1,0,2,307,33,16,0,356,0,0,0,356
08/05/2020,BWI,MD,AEA,EN,Towers with Radar,422,59,23,1,505,0,1,9,3,13,422,60,32,4,518,0,0,0,518
08/06/2020,BWI,MD,AEA,EN,Towers with Radar,469,73,18,5,565,0,0,0,0,0,469,73,18,5,565,0,0,0,565
08/07/2020,BWI,MD,AEA,EN,Towers with Radar,473,48,8,8,537,0,0,6,0,6,473,48,14,8,543,0,0,0,543
08/08/2020,BWI,MD,AEA,EN,Towers with Radar,420,33,15,0,468,0,2,8,1,11,420,35,23,1,479,0,0,0,479
08/09/2020,BWI,MD,AEA,EN,Towers with Radar,458,45,31,0,534,0,1,5,0,6,458,46,36,0,540,0,0,0,540
08/10/2020,BWI,MD,AEA,EN,Towers with Radar,461,36,18,0,515,0,0,8,0,8,461,36,26,0,523,0,0,0,523
08/11/2020,BWI,MD,AEA,EN,Towers with Radar,438,51,22,0,511,0,0,7,2,9,438,51,29,2,520,0,0,0,520
08/12/2020,BWI,MD,AEA,EN,Towers with Radar,447,54,17,1,519,0,0,3,0,3,447,54,20,1,522,0,0,0,522
08/13/2020,BWI,MD,AEA,EN,Towers with Radar,481,68,23,4,576,0,1,0,0,1,481,69,23,4,577,0,0,0,577
08/14/2020,BWI,MD,AEA,EN,Towers with Radar,481,49,20,4,554,0,0,1,1,2,481,49,21,5,556,0,0,0,556
08/15/2020,BWI,MD,AEA,EN,Towers with Radar,457,41,8,0,506,0,0,9,0,9,457,41,17,0,515,0,0,0,515
08/16/2020,BWI,MD,AEA,EN,Towers with Radar,474,41,31,1,547,0,1,0,0,1,474,42,31,1,548,0,0,0,548
08/17/2020,BWI,MD,AEA,EN,Towers with Radar,467,33,22,2,524,0,1,8,1,10,467,34,30,3,534,0,0,0,534
08/18/2020,BWI,MD,AEA,EN,Towers with Radar,444,59,29,2,534,0,0,13,3,16,444,59,42,5,550,0,0,0,550
08/19/2020,BWI,MD,AEA,EN,Towers with Radar,446,53,23,0,522,0,0,6,0,6,446,53,29,0,528,0,0,0,528
08/20/2020,BWI,MD,AEA,EN,Towers with Radar,486,62,11,2,561,0,0,12,3,15,486,62,23,5,576,0,0,0,576
08/21/2020,BWI,MD,AEA,EN,Towers with Radar,480,55,15,6,556,0,1,6,4,11,480,56,21,10,567,0,0,0,567
08/22/2020,BWI,MD,AEA,EN,Towers with Radar,452,33,12,0,497,0,3,6,1,10,452,36,18,1,507,0,0,0,507
08/23/2020,BWI,MD,AEA,EN,Towers with Radar,478,49,21,0,548,0,6,3,2,11,478,55,24,2,559,0,0,0,559
08/24/2020,BWI,MD,AEA,EN,Towers with Radar,465,47,16,4,532,0,2,7,0,9,465,49,23,4,541,0,0,0,541
08/25/2020,BWI,MD,AEA,EN,Towers with Radar,436,47,16,3,502,0,1,12,3,16,436,48,28,6,518,0,0,0,518
08/26/2020,BWI,MD,AEA,EN,Towers with Radar,439,55,25,3,522,0,0,9,2,11,439,55,34,5,533,0,0,0,533
08/27/2020,BWI,MD,AEA,EN,Towers with Radar,488,60,39,0,587,0,0,6,0,6,488,60,45,0,593,0,0,0,593
08/28/2020,BWI,MD,AEA,EN,Towers with Radar,448,60,23,4,535,0,1,2,0,3,448,61,25,4,538,0,0,0,538
08/29/2020,BWI,MD,AEA,EN,Towers with Radar,453,37,15,1,506,0,0,2,2,4,453,37,17,3,510,0,0,0,510
08/30/2020,BWI,MD,AEA,EN,Towers with Radar,471,48,36,1,556,0,0,10,0,10,471,48,46,1,566,0,0,0,566
08/31/2020,BWI,MD,AEA,EN,Towers with Radar,467,42,30,1,540,0,0,7,1,8,467,42,37,2,548,0,0,0,548
09/01/2020,BWI,MD,AEA,EN,Towers with Radar,442,60,20,2,524,0,1,0,0,1,442,61,20,2,525,0,0,0,525
09/02/2020,BWI,MD,AEA,EN,Towers with Radar,425,57,20,3,505,0,0,0,2,2,425,57,20,5,507,0,0,0,507
09/03/2020,BWI,MD,AEA,EN,Towers with Radar,484,55,11,0,550,0,0,10,0,10,484,55,21,0,560,0,0,0,560
09/04/2020,BWI,MD,AEA,EN,Towers with Radar,477,50,17,0,544,0,1,9,2,12,477,51,26,2,556,0,0,0,556
09/05/2020,BWI,MD,AEA,EN,Towers with Radar,442,36,17,0,495,0,2,7,1,10,442,38,24,1,505,0,0,0,505
09/06/2020,BWI,MD,AEA,EN,Towers with Radar,386,28,6,0,420,0,1,5,2,8,386,29,11,2,428,0,0,0,428
09/07/2020,BWI,MD,AEA,EN,Towers with Radar,401,33,25,1,460,0,0,10,0,10,401,33,35,1,470,0,0,0,470
09/08/2020,BWI,MD,AEA,EN,Towers with Radar,371,38,27,0,436,0,0,3,1,4,371,38,30,1,440,0,0,0,440
09/09/2020,BWI,MD,AEA,EN,Towers with Radar,382,62,32,1,477,0,0,4,0,4,382,62,36,1,481,0,0,0,481
09/10/2020,BWI,MD,AEA,EN,Towers with Radar,396,68,24,0,488,0,0,2,0,2,396,68,26,0,490,0,0,0,490
09/11/2020,BWI,MD,AEA,EN,Towers with Radar,390,51,32,2,475,0,1,3,4,8,390,52,35,6,483,0,0,0,483
09/12/2020,BWI,MD,AEA,EN,Towers with Radar,377,41,14,0,432,0,2,2,0,4,377,43,16,0,436,0,0,0,436
09/13/2020,BWI,MD,AEA,EN,Towers with Radar,386,41,24,0,451,0,0,2,0,2,386,41,26,0,453,0,0,0,453
09/14/2020,BWI,MD,AEA,EN,Towers with Radar,380,50,23,2,455,0,2,13,3,18,380,52,36,5,473,0,0,0,473
09/15/2020,BWI,MD,AEA,EN,Towers with Radar,364,70,28,0,462,0,1,12,5,18,364,71,40,5,480,0,0,0,480
09/16/2020,BWI,MD,AEA,EN,Towers with Radar,374,63,31,4,472,0,3,15,4,22,374,66,46,8,494,0,0,0,494
09/17/2020,BWI,MD,AEA,EN,Towers with Radar,390,63,23,6,482,0,1,3,0,4,390,64,26,6,486,0,0,0,486
09/18/2020,BWI,MD,AEA,EN,Towers with Radar,389,72,19,2,482,0,0,3,0,3,389,72,22,2,485,0,0,0,485
09/19/2020,BWI,MD,AEA,EN,Towers with Radar,363,33,5,0,401,0,0,7,3,10,363,33,12,3,411,0,0,0,411
09/20/2020,BWI,MD,AEA,EN,Towers with Radar,376,50,21,1,448,0,0,2,2,4,376,50,23,3,452,0,0,0,452
09/21/2020,BWI,MD,AEA,EN,Towers with Radar,388,46,26,1,461,0,0,5,2,7,388,46,31,3,468,0,0,0,468
09/22/2020,BWI,MD,AEA,EN,Towers with Radar,367,56,23,3,449,0,2,17,2,21,367,58,40,5,470,0,0,0,470
09/23/2020,BWI,MD,AEA,EN,Towers with Radar,368,57,14,5,444,0,0,12,6,18,368,57,26,11,462,0,0,0,462
09/24/2020,BWI,MD,AEA,EN,Towers with Radar,392,65,28,2,487,0,0,14,1,15,392,65,42,3,502,0,0,0,502
09/25/2020,BWI,MD,AEA,EN,Towers with Radar,395,65,15,3,478,0,0,1,0,1,395,65,16,3,479,0,0,0,479
09/26/2020,BWI,MD,AEA,EN,Towers with Radar,362,42,12,2,418,0,0,0,0,0,362,42,12,2,418,0,0,0,418
09/27/2020,BWI,MD,AEA,EN,Towers with Radar,384,43,17,0,444,0,0,2,0,2,384,43,19,0,446,0,0,0,446
09/28/2020,BWI,MD,AEA,EN,Towers with Radar,383,45,25,2,455,0,0,5,2,7,383,45,30,4,462,0,0,0,462
09/29/2020,BWI,MD,AEA,EN,Towers with Radar,367,50,19,4,440,0,0,0,2,2,367,50,19,6,442,0,0,0,442
09/30/2020,BWI,MD,AEA,EN,Towers with Radar,371,61,22,0,454,0,0,4,2,6,371,61,26,2,460,0,0,0,460
10/01/2020,BWI,MD,AEA,EN,Towers with Radar,392,74,22,3,491,0,1,9,2,12,392,75,31,5,503,0,0,0,503
10/02/2020,BWI,MD,AEA,EN,Towers with Radar,399,64,25,0,488,0,0,10,7,17,399,64,35,7,505,0,0,0,505
10/03/2020,BWI,MD,AEA,EN,Towers with Radar,358,45,18,1,422,0,0,10,0,10,358,45,28,1,432,0,0,0,432
10/04/2020,BWI,MD,AEA,EN,Towers with Radar,382,43,23,0,448,0,4,6,0,10,382,47,29,0,458,0,0,0,458
10/05/2020,BWI,MD,AEA,EN,Towers with Radar,380,44,28,1,453,0,3,12,7,22,380,47,40,8,475,0,0,0,475
10/06/2020,BWI,MD,AEA,EN,Towers with Radar,366,59,11,1,437,0,1,9,5,15,366,60,20,6,452,0,0,0,452
10/07/2020,BWI,MD,AEA,EN,Towers with Radar,363,57,16,0,436,0,4,5,4,13,363,61,21,4,449,0,0,0,449
10/08/2020,BWI,MD,AEA,EN,Towers with Radar,432,67,41,1,541,0,0,16,3,19,432,67,57,4,560,0,0,0,560
10/09/2020,BWI,MD,AEA,EN,Towers with Radar,416,57,33,1,507,0,0,10,2,12,416,57,43,3,519,0,0,0,519
10/10/2020,BWI,MD,AEA,EN,Towers with Radar,386,43,15,0,444,0,5,5,0,10,386,48,20,0,454,0,0,0,454
10/11/2020,BWI,MD,AEA,EN,Towers with Radar,423,47,24,0,494,0,2,0,0,2,423,49,24,0,496,0,0,0,496
10/12/2020,BWI,MD,AEA,EN,Towers with Radar,412,50,23,4,489,0,0,0,0,0,412,50,23,4,489,0,0,0,489
10/13/2020,BWI,MD,AEA,EN,Towers with Radar,376,71,24,10,481,0,0,2,0,2,376,71,26,10,483,0,0,0,483
10/14/2020,BWI,MD,AEA,EN,Towers with Radar,388,49,14,0,451,0,0,13,1,14,388,49,27,1,465,0,0,0,465
10/15/2020,BWI,MD,AEA,EN,Towers with Radar,416,74,35,2,527,0,3,11,0,14,416,77,46,2,541,0,0,0,541
10/16/2020,BWI,MD,AEA,EN,Towers with Radar,412,66,21,3,502,0,1,1,0,2,412,67,22,3,504,0,0,0,504
10/17/2020,BWI,MD,AEA,EN,Towers with Radar,384,45,15,1,445,0,1,5,1,7,384,46,20,2,452,0,0,0,452
10/18/2020,BWI,MD,AEA,EN,Towers with Radar,422,64,21,1,508,0,0,13,0,13,422,64,34,1,521,0,0,0,521
10/19/2020,BWI,MD,AEA,EN,Towers with Radar,390,55,26,1,472,0,1,8,2,11,390,56,34,3,483,0,0,0,483
10/20/2020,BWI,MD,AEA,EN,Towers with Radar,370,63,13,0,446,0,1,7,2,10,370,64,20,2,456,0,0,0,456
10/21/2020,BWI,MD,AEA,EN,Towers with Radar,363,60,25,5,453,0,0,7,3,10,363,60,32,8,463,0,0,0,463
10/22/2020,BWI,MD,AEA,EN,Towers with Radar,395,56,42,1,494,0,2,2,2,6,395,58,44,3,500,0,0,0,500
10/23/2020,BWI,MD,AEA,EN,Towers with Radar,408,68,24,2,502,0,1,7,0,8,408,69,31,2,510,0,0,0,510
10/24/2020,BWI,MD,AEA,EN,Towers with Radar,360,44,19,0,423,0,0,7,0,7,360,44,26,0,430,0,0,0,430
10/25/2020,BWI,MD,AEA,EN,Towers with Radar,392,53,24,2,471,0,1,0,2,3,392,54,24,4,474,0,0,0,474
10/26/2020,BWI,MD,AEA,EN,Towers with Radar,379,36,17,0,432,0,0,0,0,0,379,36,17,0,432,0,0,0,432
10/27/2020,BWI,MD,AEA,EN,Towers with Radar,366,60,19,2,447,0,2,5,3,10,366,62,24,5,457,0,0,0,457
10/28/2020,BWI,MD,AEA,EN,Towers with Radar,354,67,29,10,460,0,1,2,0,3,354,68,31,10,463,0,0,0,463
10/29/2020,BWI,MD,AEA,EN,Towers with Radar,390,61,10,0,461,0,0,0,0,0,390,61,10,0,461,0,0,0,461
10/30/2020,BWI,MD,AEA,EN,Towers with Radar,395,66,37,8,506,0,2,2,1,5,395,68,39,9,511,0,0,0,511
10/31/2020,BWI,MD,AEA,EN,Towers with Radar,339,38,17,0,394,0,0,9,3,12,339,38,26,3,406,0,0,0,406
11/01/2020,BWI,MD,AEA,EN,Towers with Radar,386,65,11,0,462,0,0,0,0,0,386,65,11,0,462,0,0,0,462
11/02/2020,BWI,MD,AEA,EN,Towers with Radar,389,45,19,2,455,0,3,2,2,7,389,48,21,4,462,0,0,0,462
11/03/2020,BWI,MD,AEA,EN,Towers with Radar,348,51,28,3,430,0,4,4,3,11,348,55,32,6,441,0,0,0,441
11/04/2020,BWI,MD,AEA,EN,Towers with Radar,339,66,33,3,441,0,0,12,4,16,339,66,45,7,457,0,0,0,457
11/05/2020,BWI,MD,AEA,EN,Towers with Radar,416,63,35,2,516,0,0,10,3,13,416,63,45,5,529,0,0,0,529
11/06/2020,BWI,MD,AEA,EN,Towers with Radar,418,60,29,4,511,0,1,7,3,11,418,61,36,7,522,0,0,0,522
11/07/2020,BWI,MD,AEA,EN,Towers with Radar,295,55,20,2,372,0,0,23,0,23,295,55,43,2,395,0,0,0,395
11/08/2020,BWI,MD,AEA,EN,Towers with Radar,418,49,29,1,497,0,0,5,0,5,418,49,34,1,502,0,0,0,502
11/09/2020,BWI,MD,AEA,EN,Towers with Radar,407,45,31,2,485,0,3,7,3,13,407,48,38,5,498,0,0,0,498
11/10/2020,BWI,MD,AEA,EN,Towers with Radar,343,61,17,1,422,0,3,7,2,12,343,64,24,3,434,0,0,0,434
11/11/2020,BWI,MD,AEA,EN,Towers with Radar,349,58,14,0,421,0,0,0,0,0,349,58,14,0,421,0,0,0,421
11/12/2020,BWI,MD,AEA,EN,Towers with Radar,422,58,17,5,502,0,0,4,0,4,422,58,21,5,506,0,0,0,506
11/13/2020,BWI,MD,AEA,EN,Towers with Radar,428,63,30,1,522,0,2,2,0,4,428,65,32,1,526,0,0,0,526
11/14/2020,BWI,MD,AEA,EN,Towers with Radar,301,50,12,3,366,0,1,24,2,27,301,51,36,5,393,0,0,0,393
11/15/2020,BWI,MD,AEA,EN,Towers with Radar,428,41,8,0,477,0,0,0,1,1,428,41,8,1,478,0,0,0,478
11/16/2020,BWI,MD,AEA,EN,Towers with Radar,423,54,14,5,496,0,2,1,2,5,423,56,15,7,501,0,0,0,501
11/17/2020,BWI,MD,AEA,EN,Towers with Radar,344,63,9,5,421,0,0,6,1,7,344,63,15,6,428,0,0,0,428
11/18/2020,BWI,MD,AEA,EN,Towers with Radar,366,52,17,6,441,0,0,4,2,6,366,52,21,8,447,0,0,0,447
11/19/2020,BWI,MD,AEA,EN,Towers with Radar,438,64,26,3,531,0,1,8,5,14,438,65,34,8,545,0,0,0,545
11/20/2020,BWI,MD,AEA,EN,Towers with Radar,439,64,15,0,518,0,1,13,1,15,439,65,28,1,533,0,0,0,533
11/21/2020,BWI,MD,AEA,EN,Towers with Radar,459,62,11,2,534,0,2,17,1,20,459,64,28,3,554,0,0,0,554
11/22/2020,BWI,MD,AEA,EN,Towers with Radar,445,40,12,0,497,0,0,1,0,1,445,40,13,0,498,0,0,0,498
11/23/2020,BWI,MD,AEA,EN,Towers with Radar,447,59,6,5,517,0,0,0,0,0,447,59,6,5,517,0,0,0,517
11/24/2020,BWI,MD,AEA,EN,Towers with Radar,466,65,12,4,547,0,0,12,6,18,466,65,24,10,565,0,0,0,565
11/25/2020,BWI,MD,AEA,EN,Towers with Radar,467,50,8,1,526,0,1,2,2,5,467,51,10,3,531,0,0,0,531
11/26/2020,BWI,MD,AEA,EN,Towers with Radar,325,32,4,0,361,0,0,1,0,1,325,32,5,0,362,0,0,0,362
11/27/2020,BWI,MD,AEA,EN,Towers with Radar,417,44,8,1,470,0,3,7,2,12,417,47,15,3,482,0,0,0,482
11/28/2020,BWI,MD,AEA,EN,Towers with Radar,469,43,8,0,520,0,1,14,0,15,469,44,22,0,535,0,0,0,535
11/29/2020,BWI,MD,AEA,EN,Towers with Radar,474,64,20,1,559,0,1,3,1,5,474,65,23,2,564,0,0,0,564
11/30/2020,BWI,MD,AEA,EN,Towers with Radar,431,49,23,0,503,0,1,1,0,2,431,50,24,0,505,0,0,0,505
12/01/2020,BWI,MD,AEA,EN,Towers with Radar,428,54,19,5,506,0,1,1,4,6,428,55,20,9,512,0,0,0,512
12/02/2020,BWI,MD,AEA,EN,Towers with Radar,340,43,14,6,403,0,0,3,7,10,340,43,17,13,413,0,0,0,413
12/03/2020,BWI,MD,AEA,EN,Towers with Radar,360,64,17,5,446,0,1,14,1,16,360,65,31,6,462,0,0,0,462
12/04/2020,BWI,MD,AEA,EN,Towers with Radar,362,52,7,2,423,0,1,4,2,7,362,53,11,4,430,0,0,0,430
12/05/2020,BWI,MD,AEA,EN,Towers with Radar,283,54,11,0,348,0,0,3,0,3,283,54,14,0,351,0,0,0,351
12/06/2020,BWI,MD,AEA,EN,Towers with Radar,342,42,16,1,401,0,0,9,0,9,342,42,25,1,410,0,0,0,410
12/07/2020,BWI,MD,AEA,EN,Towers with Radar,353,46,15,0,414,0,0,9,0,9,353,46,24,0,423,0,0,0,423
12/08/2020,BWI,MD,AEA,EN,Towers with Radar,324,63,15,1,403,0,0,10,2,12,324,63,25,3,415,0,0,0,415
12/09/2020,BWI,MD,AEA,EN,Towers with Radar,335,61,12,2,410,0,2,11,2,15,335,63,23,4,425,0,0,0,425
12/10/2020,BWI,MD,AEA,EN,Towers with Radar,365,61,25,3,454,0,5,14,4,23,365,66,39,7,477,0,0,0,477
12/11/2020,BWI,MD,AEA,EN,Towers with Radar,361,61,16,8,446,0,0,11,0,11,361,61,27,8,457,0,0,0,457
12/12/2020,BWI,MD,AEA,EN,Towers with Radar,294,53,15,1,363,0,0,3,0,3,294,53,18,1,366,0,0,0,366
12/13/2020,BWI,MD,AEA,EN,Towers with Radar,356,49,27,1,433,0,2,3,0,5,356,51,30,1,438,0,0,0,438
12/14/2020,BWI,MD,AEA,EN,Towers with Radar,348,38,20,3,409,0,1,2,0,3,348,39,22,3,412,0,0,0,412
12/15/2020,BWI,MD,AEA,EN,Towers with Radar,331,59,22,4,416,0,0,12,3,15,331,59,34,7,431,0,0,0,431
12/16/2020,BWI,MD,AEA,EN,Towers with Radar,249,40,3,1,293,0,1,0,0,1,249,41,3,1,294,0,0,0,294
12/17/2020,BWI,MD,AEA,EN,Towers with Radar,361,45,21,2,429,0,0,5,2,7,361,45,26,4,436,0,0,0,436
12/18/2020,BWI,MD,AEA,EN,Towers with Radar,428,57,23,1,509,0,1,8,0,9,428,58,31,1,518,0,0,0,518
12/19/2020,BWI,MD,AEA,EN,Towers with Radar,444,70,14,0,528,0,2,15,0,17,444,72,29,0,545,0,0,0,545
12/20/2020,BWI,MD,AEA,EN,Towers with Radar,434,46,11,1,492,0,1,0,0,1,434,47,11,1,493,0,0,0,493
12/21/2020,BWI,MD,AEA,EN,Towers with Radar,415,56,28,9,508,0,0,4,0,4,415,56,32,9,512,0,0,0,512
12/22/2020,BWI,MD,AEA,EN,Towers with Radar,432,62,14,3,511,0,3,4,0,7,432,65,18,3,518,0,0,0,518
12/23/2020,BWI,MD,AEA,EN,Towers with Radar,462,61,27,4,554,0,1,15,1,17,462,62,42,5,571,0,0,0,571
12/24/2020,BWI,MD,AEA,EN,Towers with Radar,348,50,5,1,404,0,1,0,0,1,348,51,5,1,405,0,0,0,405
12/25/2020,BWI,MD,AEA,EN,Towers with Radar,303,40,9,1,353,0,0,0,0,0,303,40,9,1,353,0,0,0,353
12/26/2020,BWI,MD,AEA,EN,Towers with Radar,423,52,21,1,497,0,0,0,0,0,423,52,21,1,497,0,0,0,497
12/27/2020,BWI,MD,AEA,EN,Towers with Radar,449,53,31,1,534,0,0,0,0,0,449,53,31,1,534,0,0,0,534
12/28/2020,BWI,MD,AEA,EN,Towers with Radar,415,54,24,0,493,0,3,9,0,12,415,57,33,0,505,0,0,0,505
12/29/2020,BWI,MD,AEA,EN,Towers with Radar,426,64,16,4,510,0,1,6,1,8,426,65,22,5,518,0,0,0,518
12/30/2020,BWI,MD,AEA,EN,Towers with Radar,428,53,27,4,512,0,1,4,2,7,428,54,31,6,519,0,0,0,519
12/31/2020,BWI,MD,AEA,EN,Towers with Radar,349,47,7,0,403,0,0,0,0,0,349,47,7,0,403,0,0,0,403
01/01/2021,BWI,MD,AEA,EN,Towers with Radar,315,32,10,0,357,0,1,2,0,3,315,33,12,0,360,0,0,0,360
01/02/2021,BWI,MD,AEA,EN,Towers with Radar,432,48,22,0,502,0,0,2,0,2,432,48,24,0,504,0,0,0,504
01/03/2021,BWI,MD,AEA,EN,Towers with Radar,458,68,13,0,539,0,0,0,0,0,458,68,13,0,539,0,0,0,539
01/04/2021,BWI,MD,AEA,EN,Towers with Radar,396,47,23,0,466,0,0,7,0,7,396,47,30,0,473,0,0,0,473
01/05/2021,BWI,MD,AEA,EN,Towers with Radar,416,49,14,2,481,0,0,6,0,6,416,49,20,2,487,0,0,0,487
01/06/2021,BWI,MD,AEA,EN,Towers with Radar,389,51,19,0,459,0,0,5,0,5,389,51,24,0,464,0,0,0,464
01/07/2021,BWI,MD,AEA,EN,Towers with Radar,369,55,30,3,457,0,3,7,0,10,369,58,37,3,467,0,0,0,467
01/08/2021,BWI,MD,AEA,EN,Towers with Radar,359,54,19,0,432,0,0,3,0,3,359,54,22,0,435,0,0,0,435
01/09/2021,BWI,MD,AEA,EN,Towers with Radar,292,51,23,0,366,0,1,8,2,11,292,52,31,2,377,0,0,0,377
01/10/2021,BWI,MD,AEA,EN,Towers with Radar,354,57,23,0,434,0,0,9,0,9,354,57,32,0,443,0,0,0,443
01/11/2021,BWI,MD,AEA,EN,Towers with Radar,347,56,13,0,416,0,1,9,0,10,347,57,22,0,426,0,0,0,426
01/12/2021,BWI,MD,AEA,EN,Towers with Radar,331,60,21,0,412,0,0,6,0,6,331,60,27,0,418,0,0,0,418
01/13/2021,BWI,MD,AEA,EN,Towers with Radar,327,63,13,4,407,0,1,9,1,11,327,64,22,5,418,0,0,0,418
01/14/2021,BWI,MD,AEA,EN,Towers with Radar,365,76,39,0,480,0,2,3,0,5,365,78,42,0,485,0,0,0,485
01/15/2021,BWI,MD,AEA,EN,Towers with Radar,369,61,23,0,453,0,0,3,0,3,369,61,26,0,456,0,0,0,456
01/16/2021,BWI,MD,AEA,EN,Towers with Radar,281,38,16,2,337,0,0,4,0,4,281,38,20,2,341,0,0,0,341
01/17/2021,BWI,MD,AEA,EN,Towers with Radar,360,40,11,0,411,0,1,10,0,11,360,41,21,0,422,0,0,0,422
01/18/2021,BWI,MD,AEA,EN,Towers with Radar,355,65,21,4,445,0,1,4,2,7,355,66,25,6,452,0,0,0,452
01/19/2021,BWI,MD,AEA,EN,Towers with Radar,337,62,24,1,424,0,0,11,2,13,337,62,35,3,437,0,0,0,437
01/20/2021,BWI,MD,AEA,EN,Towers with Radar,335,73,15,0,423,0,0,2,0,2,335,73,17,0,425,0,0,0,425
01/21/2021,BWI,MD,AEA,EN,Towers with Radar,367,76,38,2,483,0,3,6,0,9,367,79,44,2,492,0,0,0,492
01/22/2021,BWI,MD,AEA,EN,Towers with Radar,369,60,20,3,452,0,2,7,0,9,369,62,27,3,461,0,0,0,461
01/23/2021,BWI,MD,AEA,EN,Towers with Radar,287,48,10,2,347,0,0,2,0,2,287,48,12,2,349,0,0,0,349
01/24/2021,BWI,MD,AEA,EN,Towers with Radar,369,37,15,0,421,0,0,10,4,14,369,37,25,4,435,0,0,0,435
01/25/2021,BWI,MD,AEA,EN,Towers with Radar,345,54,11,3,413,0,0,2,0,2,345,54,13,3,415,0,0,0,415
01/26/2021,BWI,MD,AEA,EN,Towers with Radar,320,45,16,0,381,0,0,0,0,0,320,45,16,0,381,0,0,0,381
01/27/2021,BWI,MD,AEA,EN,Towers with Radar,335,60,26,5,426,0,0,15,2,17,335,60,41,7,443,0,0,0,443
01/28/2021,BWI,MD,AEA,EN,Towers with Radar,365,62,19,8,454,0,0,2,4,6,365,62,21,12,460,0,0,0,460
01/29/2021,BWI,MD,AEA,EN,Towers with Radar,361,73,26,1,461,0,0,1,0,1,361,73,27,1,462,0,0,0,462
01/30/2021,BWI,MD,AEA,EN,Towers with Radar,284,51,29,1,365,0,2,10,0,12,284,53,39,1,377,0,0,0,377
01/31/2021,BWI,MD,AEA,EN,Towers with Radar,223,41,8,0,272,0,0,0,0,0,223,41,8,0,272,0,0,0,272
02/01/2021,BWI,MD,AEA,EN,Towers with Radar,233,21,1,0,255,0,0,0,0,0,233,21,1,0,255,0,0,0,255
02/02/2021,BWI,MD,AEA,EN,Towers with Radar,297,39,3,1,340,0,0,0,0,0,297,39,3,1,340,0,0,0,340
02/03/2021,BWI,MD,AEA,EN,Towers with Radar,333,60,15,3,411,0,2,4,0,6,333,62,19,3,417,0,0,0,417
02/04/2021,BWI,MD,AEA,EN,Towers with Radar,360,65,13,3,441,0,1,20,4,25,360,66,33,7,466,0,0,0,466
02/05/2021,BWI,MD,AEA,EN,Towers with Radar,358,62,14,1,435,0,1,7,0,8,358,63,21,1,443,0,0,0,443
02/06/2021,BWI,MD,AEA,EN,Towers with Radar,280,52,20,0,352,0,4,5,0,9,280,56,25,0,361,0,0,0,361
02/07/2021,BWI,MD,AEA,EN,Towers with Radar,275,42,19,0,336,0,0,0,0,0,275,42,19,0,336,0,0,0,336
02/08/2021,BWI,MD,AEA,EN,Towers with Radar,350,63,15,2,430,0,0,6,2,8,350,63,21,4,438,0,0,0,438
02/09/2021,BWI,MD,AEA,EN,Towers with Radar,326,64,15,2,407,0,3,4,3,10,326,67,19,5,417,0,0,0,417
02/10/2021,BWI,MD,AEA,EN,Towers with Radar,322,77,35,2,436,0,1,13,0,14,322,78,48,2,450,0,0,0,450
02/11/2021,BWI,MD,AEA,EN,Towers with Radar,340,66,22,1,429,0,0,0,0,0,340,66,22,1,429,0,0,0,429
02/12/2021,BWI,MD,AEA,EN,Towers with Radar,375,64,14,3,456,0,0,0,0,0,375,64,14,3,456,0,0,0,456
02/13/2021,BWI,MD,AEA,EN,Towers with Radar,199,24,5,0,228,0,0,0,0,0,199,24,5,0,228,0,0,0,228
02/14/2021,BWI,MD,AEA,EN,Towers with Radar,242,48,19,0,309,0,0,0,0,0,242,48,19,0,309,0,0,0,309
02/15/2021,BWI,MD,AEA,EN,Towers with Radar,311,46,30,2,389,0,0,0,0,0,311,46,30,2,389,0,0,0,389
02/16/2021,BWI,MD,AEA,EN,Towers with Radar,289,31,17,4,341,0,0,1,0,1,289,31,18,4,342,0,0,0,342
02/17/2021,BWI,MD,AEA,EN,Towers with Radar,302,69,43,11,425,0,3,12,5,20,302,72,55,16,445,0,0,0,445
02/18/2021,BWI,MD,AEA,EN,Towers with Radar,147,17,14,0,178,0,0,0,0,0,147,17,14,0,178,0,0,0,178
02/19/2021,BWI,MD,AEA,EN,Towers with Radar,331,35,17,5,388,0,0,2,0,2,331,35,19,5,390,0,0,0,390
02/20/2021,BWI,MD,AEA,EN,Towers with Radar,315,48,8,5,376,0,4,7,0,11,315,52,15,5,387,0,0,0,387
02/21/2021,BWI,MD,AEA,EN,Towers with Radar,362,46,17,2,427,0,2,7,0,9,362,48,24,2,436,0,0,0,436
02/22/2021,BWI,MD,AEA,EN,Towers with Radar,342,44,13,4,403,0,1,0,0,1,342,45,13,4,404,0,0,0,404
02/23/2021,BWI,MD,AEA,EN,Towers with Radar,357,54,31,0,442,0,0,6,6,12,357,54,37,6,454,0,0,0,454
02/24/2021,BWI,MD,AEA,EN,Towers with Radar,345,59,46,1,451,0,0,18,0,18,345,59,64,1,469,0,0,0,469
02/25/2021,BWI,MD,AEA,EN,Towers with Radar,378,56,44,0,478,0,4,9,7,20,378,60,53,7,498,0,0,0,498
02/26/2021,BWI,MD,AEA,EN,Towers with Radar,372,59,22,7,460,0,2,6,7,15,372,61,28,14,475,0,0,0,475
02/27/2021,BWI,MD,AEA,EN,Towers with Radar,314,46,9,0,369,0,0,0,0,0,314,46,9,0,369,0,0,0,369
02/28/2021,BWI,MD,AEA,EN,Towers with Radar,369,39,33,3,444,0,0,1,0,1,369,39,34,3,445,0,0,0,445
03/01/2021,BWI,MD,AEA,EN,Towers with Radar,368,33,20,0,421,0,1,1,0,2,368,34,21,0,423,0,0,0,423
03/02/2021,BWI,MD,AEA,EN,Towers with Radar,350,50,25,4,429,0,1,10,3,14,350,51,35,7,443,0,0,0,443
03/03/2021,BWI,MD,AEA,EN,Towers with Radar,348,62,17,2,429,0,0,14,0,14,348,62,31,2,443,0,0,0,443
03/04/2021,BWI,MD,AEA,EN,Towers with Radar,395,64,31,5,495,0,0,5,1,6,395,64,36,6,501,0,0,0,501
03/05/2021,BWI,MD,AEA,EN,Towers with Radar,389,50,29,6,474,0,0,9,4,13,389,50,38,10,487,0,0,0,487
03/06/2021,BWI,MD,AEA,EN,Towers with Radar,317,33,22,2,374,0,1,5,0,6,317,34,27,2,380,0,0,0,380
03/07/2021,BWI,MD,AEA,EN,Towers with Radar,430,42,28,0,500,0,1,11,2,14,430,43,39,2,514,0,0,0,514
03/08/2021,BWI,MD,AEA,EN,Towers with Radar,434,44,19,5,502,0,0,8,5,13,434,44,27,10,515,0,0,0,515
03/09/2021,BWI,MD,AEA,EN,Towers with Radar,368,55,18,0,441,0,1,1,0,2,368,56,19,0,443,0,0,0,443
03/10/2021,BWI,MD,AEA,EN,Towers with Radar,379,44,23,1,447,0,5,5,1,11,379,49,28,2,458,0,0,0,458
03/11/2021,BWI,MD,AEA,EN,Towers with Radar,463,56,18,5,542,0,1,4,4,9,463,57,22,9,551,0,0,0,551
03/12/2021,BWI,MD,AEA,EN,Towers with Radar,472,65,36,1,574,0,0,14,5,19,472,65,50,6,593,0,0,0,593
03/13/2021,BWI,MD,AEA,EN,Towers with Radar,401,44,15,0,460,0,0,12,0,12,401,44,27,0,472,0,0,0,472
03/14/2021,BWI,MD,AEA,EN,Towers with Radar,446,48,15,0,509,0,1,2,3,6,446,49,17,3,515,0,0,0,515
03/15/2021,BWI,MD,AEA,EN,Towers with Radar,435,41,19,2,497,0,1,8,2,11,435,42,27,4,508,0,0,0,508
03/16/2021,BWI,MD,AEA,EN,Towers with Radar,457,55,17,7,536,0,0,2,0,2,457,55,19,7,538,0,0,0,538
03/17/2021,BWI,MD,AEA,EN,Towers with Radar,453,58,29,2,542,0,0,0,0,0,453,58,29,2,542,0,0,0,542
03/18/2021,BWI,MD,AEA,EN,Towers with Radar,458,75,27,1,561,0,0,0,0,0,458,75,27,1,561,0,0,0,561
03/19/2021,BWI,MD,AEA,EN,Towers with Radar,482,56,16,4,558,0,0,1,3,4,482,56,17,7,562,0,0,0,562
03/20/2021,BWI,MD,AEA,EN,Towers with Radar,405,56,32,2,495,0,1,6,0,7,405,57,38,2,502,0,0,0,502
03/21/2021,BWI,MD,AEA,EN,Towers with Radar,462,52,45,0,559,0,3,9,0,12,462,55,54,0,571,0,0,0,571
03/22/2021,BWI,MD,AEA,EN,Towers with Radar,452,48,26,3,529,0,1,3,0,4,452,49,29,3,533,0,0,0,533
03/23/2021,BWI,MD,AEA,EN,Towers with Radar,460,61,28,5,554,0,0,8,0,8,460,61,36,5,562,0,0,0,562
03/24/2021,BWI,MD,AEA,EN,Towers with Radar,455,63,34,2,554,0,1,0,0,1,455,64,34,2,555,0,0,0,555
03/25/2021,BWI,MD,AEA,EN,Towers with Radar,480,64,29,2,575,0,1,0,1,2,480,65,29,3,577,0,0,0,577
03/26/2021,BWI,MD,AEA,EN,Towers with Radar,478,54,31,4,567,0,0,2,0,2,478,54,33,4,569,0,0,0,569
03/27/2021,BWI,MD,AEA,EN,Towers with Radar,411,46,16,0,473,0,2,10,0,12,411,48,26,0,485,0,0,0,485
03/28/2021,BWI,MD,AEA,EN,Towers with Radar,474,44,13,0,531,0,0,0,0,0,474,44,13,0,531,0,0,0,531
03/29/2021,BWI,MD,AEA,EN,Towers with Radar,457,50,31,2,540,0,1,7,2,10,457,51,38,4,550,0,0,0,550
03/30/2021,BWI,MD,AEA,EN,Towers with Radar,464,61,24,2,551,0,2,10,4,16,464,63,34,6,567,0,0,0,567
03/31/2021,BWI,MD,AEA,EN,Towers with Radar,454,56,27,10,547,0,0,0,0,0,454,56,27,10,547,0,0,0,547
04/01/2021,BWI,MD,AEA,EN,Towers with Radar,483,71,33,5,592,0,0,2,0,2,483,71,35,5,594,0,0,0,594
04/02/2021,BWI,MD,AEA,EN,Towers with Radar,466,66,28,4,564,0,0,4,1,5,466,66,32,5,569,0,0,0,569
04/03/2021,BWI,MD,AEA,EN,Towers with Radar,427,46,38,1,512,0,1,6,5,12,427,47,44,6,524,0,0,0,524
04/04/2021,BWI,MD,AEA,EN,Towers with Radar,455,44,7,0,506,0,0,9,0,9,455,44,16,0,515,0,0,0,515
04/05/2021,BWI,MD,AEA,EN,Towers with Radar,463,47,44,1,555,0,0,4,0,4,463,47,48,1,559,0,0,0,559
04/06/2021,BWI,MD,AEA,EN,Towers with Radar,460,53,29,2,544,0,0,8,2,10,460,53,37,4,554,0,0,0,554
04/07/2021,BWI,MD,AEA,EN,Towers with Radar,462,61,28,1,552,0,2,7,1,10,462,63,35,2,562,0,0,0,562
04/08/2021,BWI,MD,AEA,EN,Towers with Radar,484,62,36,2,584,0,1,5,3,9,484,63,41,5,593,0,0,0,593
04/09/2021,BWI,MD,AEA,EN,Towers with Radar,475,55,22,4,556,0,1,0,0,1,475,56,22,4,557,0,0,0,557
04/10/2021,BWI,MD,AEA,EN,Towers with Radar,412,39,11,1,463,0,0,3,0,3,412,39,14,1,466,0,0,0,466
04/11/2021,BWI,MD,AEA,EN,Towers with Radar,436,50,19,1,506,0,1,2,1,4,436,51,21,2,510,0,0,0,510
04/12/2021,BWI,MD,AEA,EN,Towers with Radar,442,62,21,0,525,0,0,2,0,2,442,62,23,0,527,0,0,0,527
04/13/2021,BWI,MD,AEA,EN,Towers with Radar,433,55,32,3,523,0,0,9,1,10,433,55,41,4,533,0,0,0,533
04/14/2021,BWI,MD,AEA,EN,Towers with Radar,413,43,23,4,483,0,0,0,2,2,413,43,23,6,485,0,0,0,485
04/15/2021,BWI,MD,AEA,EN,Towers with Radar,469,57,30,1,557,0,0,5,3,8,469,57,35,4,565,0,0,0,565
04/16/2021,BWI,MD,AEA,EN,Towers with Radar,468,50,8,1,527,0,0,7,0,7,468,50,15,1,534,0,0,0,534
04/17/2021,BWI,MD,AEA,EN,Towers with Radar,400,34,19,1,454,0,5,19,0,24,400,39,38,1,478,0,0,0,478
04/18/2021,BWI,MD,AEA,EN,Towers with Radar,446,35,26,0,507,0,4,15,13,32,446,39,41,13,539,0,0,0,539
04/19/2021,BWI,MD,AEA,EN,Towers with Radar,446,46,35,11,538,0,0,11,8,19,446,46,46,19,557,0,0,0,557
04/20/2021,BWI,MD,AEA,EN,Towers with Radar,411,58,28,1,498,0,3,37,7,47,411,61,65,8,545,0,0,0,545
04/21/2021,BWI,MD,AEA,EN,Towers with Radar,421,65,11,4,501,0,2,11,2,15,421,67,22,6,516,0,0,0,516
04/22/2021,BWI,MD,AEA,EN,Towers with Radar,465,61,36,0,562,0,2,5,2,9,465,63,41,2,571,0,0,0,571
04/23/2021,BWI,MD,AEA,EN,Towers with Radar,462,62,22,1,547,0,0,34,0,34,462,62,56,1,581,0,0,0,581
04/24/2021,BWI,MD,AEA,EN,Towers with Radar,393,35,16,0,444,0,1,10,1,12,393,36,26,1,456,0,0,0,456
04/25/2021,BWI,MD,AEA,EN,Towers with Radar,461,51,32,0,544,0,1,5,1,7,461,52,37,1,551,0,0,0,551
04/26/2021,BWI,MD,AEA,EN,Towers with Radar,451,43,35,5,534,0,0,11,2,13,451,43,46,7,547,0,0,0,547
04/27/2021,BWI,MD,AEA,EN,Towers with Radar,420,66,23,0,509,0,4,14,0,18,420,70,37,0,527,0,0,0,527
04/28/2021,BWI,MD,AEA,EN,Towers with Radar,421,53,30,2,506,0,0,12,1,13,421,53,42,3,519,0,0,0,519
04/29/2021,BWI,MD,AEA,EN,Towers with Radar,483,56,29,0,568,0,0,6,2,8,483,56,35,2,576,0,0,0,576
04/30/2021,BWI,MD,AEA,EN,Towers with Radar,471,45,31,2,549,0,0,1,0,1,471,45,32,2,550,0,0,0,550
05/01/2021,BWI,MD,AEA,EN,Towers with Radar,395,44,16,0,455,0,0,3,0,3,395,44,19,0,458,0,0,0,458
05/02/2021,BWI,MD,AEA,EN,Towers with Radar,455,44,21,2,522,0,1,3,0,4,455,45,24,2,526,0,0,0,526
05/03/2021,BWI,MD,AEA,EN,Towers with Radar,445,55,34,2,536,0,0,9,2,11,445,55,43,4,547,0,0,0,547
05/04/2021,BWI,MD,AEA,EN,Towers with Radar,426,64,29,0,519,0,1,4,0,5,426,65,33,0,524,0,0,0,524
05/05/2021,BWI,MD,AEA,EN,Towers with Radar,429,74,31,1,535,0,5,2,0,7,429,79,33,1,542,0,0,0,542
05/06/2021,BWI,MD,AEA,EN,Towers with Radar,472,67,32,3,574,0,1,12,1,14,472,68,44,4,588,0,0,0,588
05/07/2021,BWI,MD,AEA,EN,Towers with Radar,475,50,25,5,555,0,0,3,0,3,475,50,28,5,558,0,0,0,558
05/08/2021,BWI,MD,AEA,EN,Towers with Radar,410,46,8,1,465,0,1,1,1,3,410,47,9,2,468,0,0,0,468
05/09/2021,BWI,MD,AEA,EN,Towers with Radar,478,45,23,0,546,0,1,9,1,11,478,46,32,1,557,0,0,0,557
05/10/2021,BWI,MD,AEA,EN,Towers with Radar,485,48,49,6,588,0,1,7,1,9,485,49,56,7,597,0,0,0,597
05/11/2021,BWI,MD,AEA,EN,Towers with Radar,454,55,26,2,537,0,1,6,1,8,454,56,32,3,545,0,0,0,545
05/12/2021,BWI,MD,AEA,EN,Towers with Radar,456,74,25,3,558,0,2,14,2,18,456,76,39,5,576,0,0,0,576
05/13/2021,BWI,MD,AEA,EN,Towers with Radar,494,64,43,2,603,0,2,8,1,11,494,66,51,3,614,0,0,0,614
05/14/2021,BWI,MD,AEA,EN,Towers with Radar,508,53,27,3,591,0,1,11,0,12,508,54,38,3,603,0,0,0,603
05/15/2021,BWI,MD,AEA,EN,Towers with Radar,417,54,31,0,502,0,0,20,0,20,417,54,51,0,522,0,0,0,522
05/16/2021,BWI,MD,AEA,EN,Towers with Radar,472,54,25,2,553,0,0,3,0,3,472,54,28,2,556,0,0,0,556
05/17/2021,BWI,MD,AEA,EN,Towers with Radar,499,57,23,5,584,0,0,4,1,5,499,57,27,6,589,0,0,0,589
05/18/2021,BWI,MD,AEA,EN,Towers with Radar,465,65,31,4,565,0,2,9,4,15,465,67,40,8,580,0,0,0,580
05/19/2021,BWI,MD,AEA,EN,Towers with Radar,456,62,21,0,539,0,3,9,1,13,456,65,30,1,552,0,0,0,552
05/20/2021,BWI,MD,AEA,EN,Towers with Radar,493,55,36,3,587,0,0,11,5,16,493,55,47,8,603,0,0,0,603
05/21/2021,BWI,MD,AEA,EN,Towers with Radar,497,59,27,2,585,0,4,6,0,10,497,63,33,2,595,0,0,0,595
05/22/2021,BWI,MD,AEA,EN,Towers with Radar,433,33,28,4,498,0,0,6,0,6,433,33,34,4,504,0,0,0,504
05/23/2021,BWI,MD,AEA,EN,Towers with Radar,487,52,23,0,562,0,1,8,0,9,487,53,31,0,571,0,0,0,571
05/24/2021,BWI,MD,AEA,EN,Towers with Radar,502,57,12,5,576,0,1,0,0,1,502,58,12,5,577,0,0,0,577
05/25/2021,BWI,MD,AEA,EN,Towers with Radar,470,61,30,6,567,0,0,6,0,6,470,61,36,6,573,0,0,0,573
05/26/2021,BWI,MD,AEA,EN,Towers with Radar,442,65,41,2,550,0,1,6,3,10,442,66,47,5,560,0,0,0,560
05/27/2021,BWI,MD,AEA,EN,Towers with Radar,521,79,48,1,649,0,1,9,3,13,521,80,57,4,662,0,0,0,662
05/28/2021,BWI,MD,AEA,EN,Towers with Radar,499,79,20,1,599,0,0,2,0,2,499,79,22,1,601,0,0,0,601
05/29/2021,BWI,MD,AEA,EN,Towers with Radar,432,32,13,2,479,0,0,0,0,0,432,32,13,2,479,0,0,0,479
05/30/2021,BWI,MD,AEA,EN,Towers with Radar,469,51,16,0,536,0,1,0,0,1,469,52,16,0,537,0,0,0,537
05/31/2021,BWI,MD,AEA,EN,Towers with Radar,487,51,30,0,568,0,2,3,1,6,487,53,33,1,574,0,0,0,574
06/01/2021,BWI,MD,AEA,EN,Towers with Radar,476,71,24,3,574,0,1,10,2,13,476,72,34,5,587,0,0,0,587
06/02/2021,BWI,MD,AEA,EN,Towers with Radar,481,74,38,6,599,0,0,8,2,10,481,74,46,8,609,0,0,0,609
06/03/2021,BWI,MD,AEA,EN,Towers with Radar,518,76,22,3,619,0,0,0,1,1,518,76,22,4,620,0,0,0,620
06/04/2021,BWI,MD,AEA,EN,Towers with Radar,524,72,37,10,643,0,2,1,3,6,524,74,38,13,649,0,0,0,649
06/05/2021,BWI,MD,AEA,EN,Towers with Radar,450,43,24,4,521,0,3,5,0,8,450,46,29,4,529,0,0,0,529
06/06/2021,BWI,MD,AEA,EN,Towers with Radar,499,48,34,2,583,0,1,12,0,13,499,49,46,2,596,0,0,0,596
06/07/2021,BWI,MD,AEA,EN,Towers with Radar,476,54,24,11,565,0,1,10,7,18,476,55,34,18,583,0,0,0,583
06/08/2021,BWI,MD,AEA,EN,Towers with Radar,514,58,47,3,622,0,0,7,0,7,514,58,54,3,629,0,0,0,629
06/09/2021,BWI,MD,AEA,EN,Towers with Radar,449,68,33,5,555,0,2,5,0,7,449,70,38,5,562,0,0,0,562
06/10/2021,BWI,MD,AEA,EN,Towers with Radar,441,67,29,2,539,0,0,1,2,3,441,67,30,4,542,0,0,0,542
06/11/2021,BWI,MD,AEA,EN,Towers with Radar,512,90,23,2,627,0,0,0,0,0,512,90,23,2,627,0,0,0,627
06/12/2021,BWI,MD,AEA,EN,Towers with Radar,458,40,25,1,524,0,0,6,0,6,458,40,31,1,530,0,0,0,530
06/13/2021,BWI,MD,AEA,EN,Towers with Radar,472,51,20,3,546,0,3,5,2,10,472,54,25,5,556,0,0,0,556
06/14/2021,BWI,MD,AEA,EN,Towers with Radar,454,52,23,3,532,0,0,4,1,5,454,52,27,4,537,0,0,0,537
06/15/2021,BWI,MD,AEA,EN,Towers with Radar,448,76,19,2,545,0,0,11,0,11,448,76,30,2,556,0,0,0,556
06/16/2021,BWI,MD,AEA,EN,Towers with Radar,444,63,33,3,543,0,1,17,1,19,444,64,50,4,562,0,0,0,562
06/17/2021,BWI,MD,AEA,EN,Towers with Radar,500,75,35,1,611,0,1,16,1,18,500,76,51,2,629,0,0,0,629
06/18/2021,BWI,MD,AEA,EN,Towers with Radar,498,69,29,4,600,0,0,11,2,13,498,69,40,6,613,0,0,0,613
06/19/2021,BWI,MD,AEA,EN,Towers with Radar,460,47,18,0,525,0,1,9,0,10,460,48,27,0,535,0,0,0,535
06/20/2021,BWI,MD,AEA,EN,Towers with Radar,500,45,25,0,570,0,4,9,2,15,500,49,34,2,585,0,0,0,585
06/21/2021,BWI,MD,AEA,EN,Towers with Radar,421,55,31,2,509,0,1,2,0,3,421,56,33,2,512,0,0,0,512
06/22/2021,BWI,MD,AEA,EN,Towers with Radar,501,68,32,0,601,0,3,1,0,4,501,71,33,0,605,0,0,0,605
06/23/2021,BWI,MD,AEA,EN,Towers with Radar,486,68,33,3,590,0,2,18,3,23,486,70,51,6,613,0,0,0,613
06/24/2021,BWI,MD,AEA,EN,Towers with Radar,497,75,29,1,602,0,2,2,1,5,497,77,31,2,607,0,0,0,607
06/25/2021,BWI,MD,AEA,EN,Towers with Radar,503,89,35,1,628,0,0,5,1,6,503,89,40,2,634,0,0,0,634
06/26/2021,BWI,MD,AEA,EN,Towers with Radar,443,57,32,3,535,0,1,5,0,6,443,58,37,3,541,0,0,0,541
06/27/2021,BWI,MD,AEA,EN,Towers with Radar,491,59,33,3,586,0,0,4,0,4,491,59,37,3,590,0,0,0,590
06/28/2021,BWI,MD,AEA,EN,Towers with Radar,505,39,34,8,586,0,1,16,2,19,505,40,50,10,605,0,0,0,605
06/29/2021,BWI,MD,AEA,EN,Towers with Radar,483,64,42,0,589,0,4,9,0,13,483,68,51,0,602,0,0,0,602
06/30/2021,BWI,MD,AEA,EN,Towers with Radar,459,68,20,1,548,0,0,16,0,16,459,68,36,1,564,0,0,0,564
07/01/2021,BWI,MD,AEA,EN,Towers with Radar,439,58,19,2,518,0,0,7,2,9,439,58,26,4,527,0,0,0,527
07/02/2021,BWI,MD,AEA,EN,Towers with Radar,529,49,19,0,597,0,0,3,0,3,529,49,22,0,600,0,0,0,600
07/03/2021,BWI,MD,AEA,EN,Towers with Radar,468,30,21,0,519,0,1,3,0,4,468,31,24,0,523,0,0,0,523
07/04/2021,BWI,MD,AEA,EN,Towers with Radar,472,37,16,2,527,0,0,7,0,7,472,37,23,2,534,0,0,0,534
07/05/2021,BWI,MD,AEA,EN,Towers with Radar,481,24,12,1,518,0,0,5,0,5,481,24,17,1,523,0,0,0,523
07/06/2021,BWI,MD,AEA,EN,Towers with Radar,498,42,31,4,575,0,1,15,0,16,498,43,46,4,591,0,0,0,591
07/07/2021,BWI,MD,AEA,EN,Towers with Radar,482,49,27,5,563,0,2,11,3,16,482,51,38,8,579,0,0,0,579
07/08/2021,BWI,MD,AEA,EN,Towers with Radar,509,44,24,1,578,0,0,5,1,6,509,44,29,2,584,0,0,0,584
07/09/2021,BWI,MD,AEA,EN,Towers with Radar,516,50,35,1,602,0,0,7,0,7,516,50,42,1,609,0,0,0,609
07/10/2021,BWI,MD,AEA,EN,Towers with Radar,478,31,26,0,535,0,1,11,0,12,478,32,37,0,547,0,0,0,547
07/11/2021,BWI,MD,AEA,EN,Towers with Radar,505,44,35,2,586,0,4,3,0,7,505,48,38,2,593,0,0,0,593
07/12/2021,BWI,MD,AEA,EN,Towers with Radar,532,51,27,1,611,0,0,4,0,4,532,51,31,1,615,0,0,0,615
07/13/2021,BWI,MD,AEA,EN,Towers with Radar,514,41,33,0,588,0,2,7,0,9,514,43,40,0,597,0,0,0,597
07/14/2021,BWI,MD,AEA,EN,Towers with Radar,505,56,28,1,590,0,3,15,1,19,505,59,43,2,609,0,0,0,609
07/15/2021,BWI,MD,AEA,EN,Towers with Radar,525,68,50,0,643,0,1,21,1,23,525,69,71,1,666,0,0,0,666
07/16/2021,BWI,MD,AEA,EN,Towers with Radar,532,56,28,4,620,0,2,12,0,14,532,58,40,4,634,0,0,0,634
07/17/2021,BWI,MD,AEA,EN,Towers with Radar,423,43,17,0,483,0,1,3,0,4,423,44,20,0,487,0,0,0,487
07/18/2021,BWI,MD,AEA,EN,Towers with Radar,514,41,41,0,596,0,7,5,0,12,514,48,46,0,608,0,0,0,608
07/19/2021,BWI,MD,AEA,EN,Towers with Radar,508,56,47,6,617,0,4,3,0,7,508,60,50,6,624,0,0,0,624
07/20/2021,BWI,MD,AEA,EN,Towers with Radar,511,49,31,0,591,0,1,13,0,14,511,50,44,0,605,0,0,0,605
07/21/2021,BWI,MD,AEA,EN,Towers with Radar,517,51,41,2,611,0,2,6,0,8,517,53,47,2,619,0,0,0,619
07/22/2021,BWI,MD,AEA,EN,Towers with Radar,528,68,38,0,634,0,1,11,0,12,528,69,49,0,646,0,0,0,646
07/23/2021,BWI,MD,AEA,EN,Towers with Radar,525,49,15,3,592,0,2,15,0,17,525,51,30,3,609,0,0,0,609
07/24/2021,BWI,MD,AEA,EN,Towers with Radar,476,26,20,0,522,0,1,8,0,9,476,27,28,0,531,0,0,0,531
07/25/2021,BWI,MD,AEA,EN,Towers with Radar,518,29,33,0,580,0,0,4,0,4,518,29,37,0,584,0,0,0,584
07/26/2021,BWI,MD,AEA,EN,Towers with Radar,524,40,30,4,598,0,1,4,1,6,524,41,34,5,604,0,0,0,604
07/27/2021,BWI,MD,AEA,EN,Towers with Radar,499,57,35,5,596,0,1,12,2,15,499,58,47,7,611,0,0,0,611
07/28/2021,BWI,MD,AEA,EN,Towers with Radar,518,50,23,5,596,0,1,8,1,10,518,51,31,6,606,0,0,0,606
07/29/2021,BWI,MD,AEA,EN,Towers with Radar,534,56,32,3,625,0,0,4,1,5,534,56,36,4,630,0,0,0,630
07/30/2021,BWI,MD,AEA,EN,Towers with Radar,526,51,37,4,618,0,1,1,1,3,526,52,38,5,621,0,0,0,621
07/31/2021,BWI,MD,AEA,EN,Towers with Radar,471,29,28,1,529,0,0,3,0,3,471,29,31,1,532,0,0,0,532
08/01/2021,BWI,MD,AEA,EN,Towers with Radar,494,39,28,0,561,0,0,0,0,0,494,39,28,0,561,0,0,0,561
08/02/2021,BWI,MD,AEA,EN,Towers with Radar,490,57,20,3,570,0,5,5,3,13,490,62,25,6,583,0,0,0,583
08/03/2021,BWI,MD,AEA,EN,Towers with Radar,481,59,23,4,567,0,3,7,1,11,481,62,30,5,578,0,0,0,578
08/04/2021,BWI,MD,AEA,EN,Towers with Radar,484,63,33,1,581,0,1,4,0,5,484,64,37,1,586,0,0,0,586
08/05/2021,BWI,MD,AEA,EN,Towers with Radar,506,61,50,3,620,0,4,14,1,19,506,65,64,4,639,0,0,0,639
08/06/2021,BWI,MD,AEA,EN,Towers with Radar,502,49,37,3,591,0,4,4,1,9,502,53,41,4,600,0,0,0,600
08/07/2021,BWI,MD,AEA,EN,Towers with Radar,457,24,33,2,516,0,1,3,0,4,457,25,36,2,520,0,0,0,520
08/08/2021,BWI,MD,AEA,EN,Towers with Radar,509,35,36,0,580,0,2,4,0,6,509,37,40,0,586,0,0,0,586
08/09/2021,BWI,MD,AEA,EN,Towers with Radar,537,47,20,6,610,0,0,3,0,3,537,47,23,6,613,0,0,0,613
08/10/2021,BWI,MD,AEA,EN,Towers with Radar,520,50,27,1,598,0,0,7,0,7,520,50,34,1,605,0,0,0,605
08/11/2021,BWI,MD,AEA,EN,Towers with Radar,458,52,34,2,546,0,0,14,1,15,458,52,48,3,561,0,0,0,561
08/12/2021,BWI,MD,AEA,EN,Towers with Radar,546,63,45,5,659,0,0,8,2,10,546,63,53,7,669,0,0,0,669
08/13/2021,BWI,MD,AEA,EN,Towers with Radar,475,41,31,3,550,0,0,7,1,8,475,41,38,4,558,0,0,0,558
08/14/2021,BWI,MD,AEA,EN,Towers with Radar,449,39,14,0,502,0,4,3,1,8,449,43,17,1,510,0,0,0,510
08/15/2021,BWI,MD,AEA,EN,Towers with Radar,512,38,16,0,566,0,4,12,0,16,512,42,28,0,582,0,0,0,582
08/16/2021,BWI,MD,AEA,EN,Towers with Radar,522,49,26,8,605,0,1,5,0,6,522,50,31,8,611,0,0,0,611
08/17/2021,BWI,MD,AEA,EN,Towers with Radar,497,49,21,2,569,0,0,0,0,0,497,49,21,2,569,0,0,0,569
08/18/2021,BWI,MD,AEA,EN,Towers with Radar,489,44,33,1,567,0,1,1,0,2,489,45,34,1,569,0,0,0,569
08/19/2021,BWI,MD,AEA,EN,Towers with Radar,529,56,36,8,629,0,0,9,0,9,529,56,45,8,638,0,0,0,638
08/20/2021,BWI,MD,AEA,EN,Towers with Radar,498,48,22,0,568,0,1,0,0,1,498,49,22,0,569,0,0,0,569
08/21/2021,BWI,MD,AEA,EN,Towers with Radar,484,48,28,2,562,0,1,5,0,6,484,49,33,2,568,0,0,0,568
08/22/2021,BWI,MD,AEA,EN,Towers with Radar,504,29,20,0,553,0,1,0,0,1,504,30,20,0,554,0,0,0,554
08/23/2021,BWI,MD,AEA,EN,Towers with Radar,525,43,26,0,594,0,2,7,0,9,525,45,33,0,603,0,0,0,603
08/24/2021,BWI,MD,AEA,EN,Towers with Radar,508,48,33,0,589,0,1,6,0,7,508,49,39,0,596,0,0,0,596
08/25/2021,BWI,MD,AEA,EN,Towers with Radar,506,54,37,3,600,0,0,8,3,11,506,54,45,6,611,0,0,0,611
08/26/2021,BWI,MD,AEA,EN,Towers with Radar,486,64,33,1,584,0,2,12,1,15,486,66,45,2,599,0,0,0,599
08/27/2021,BWI,MD,AEA,EN,Towers with Radar,527,48,32,0,607,0,1,6,0,7,527,49,38,0,614,0,0,0,614
08/28/2021,BWI,MD,AEA,EN,Towers with Radar,519,37,29,2,587,0,0,21,0,21,519,37,50,2,608,0,0,0,608
08/29/2021,BWI,MD,AEA,EN,Towers with Radar,522,61,33,3,619,0,0,5,0,5,522,61,38,3,624,0,0,0,624
08/30/2021,BWI,MD,AEA,EN,Towers with Radar,477,36,36,2,551,0,0,2,0,2,477,36,38,2,553,0,0,0,553
08/31/2021,BWI,MD,AEA,EN,Towers with Radar,504,38,25,6,573,0,2,11,1,14,504,40,36,7,587,0,0,0,587
09/01/2021,BWI,MD,AEA,EN,Towers with Radar,465,30,22,2,519,0,0,4,0,4,465,30,26,2,523,0,0,0,523
09/02/2021,BWI,MD,AEA,EN,Towers with Radar,552,53,42,2,649,0,4,11,0,15,552,57,53,2,664,0,0,0,664
09/03/2021,BWI,MD,AEA,EN,Towers with Radar,547,59,42,0,648,0,3,10,0,13,547,62,52,0,661,0,0,0,661
09/04/2021,BWI,MD,AEA,EN,Towers with Radar,497,30,30,2,559,0,4,8,0,12,497,34,38,2,571,0,0,0,571
09/05/2021,BWI,MD,AEA,EN,Towers with Radar,510,34,19,0,563,0,3,3,0,6,510,37,22,0,569,0,0,0,569
09/06/2021,BWI,MD,AEA,EN,Towers with Radar,515,21,22,1,559,0,2,12,0,14,515,23,34,1,573,0,0,0,573
09/07/2021,BWI,MD,AEA,EN,Towers with Radar,472,33,28,2,535,0,2,5,0,7,472,35,33,2,542,0,0,0,542
09/08/2021,BWI,MD,AEA,EN,Towers with Radar,467,34,24,3,528,0,0,10,0,10,467,34,34,3,538,0,0,0,538
09/09/2021,BWI,MD,AEA,EN,Towers with Radar,535,64,38,3,640,0,6,18,0,24,535,70,56,3,664,0,0,0,664
09/10/2021,BWI,MD,AEA,EN,Towers with Radar,537,51,29,4,621,0,2,8,2,12,537,53,37,6,633,0,0,0,633
09/11/2021,BWI,MD,AEA,EN,Towers with Radar,484,43,27,2,556,0,2,12,2,16,484,45,39,4,572,0,0,0,572
09/12/2021,BWI,MD,AEA,EN,Towers with Radar,522,50,34,1,607,0,1,11,2,14,522,51,45,3,621,0,0,0,621
09/13/2021,BWI,MD,AEA,EN,Towers with Radar,513,31,27,6,577,0,2,14,2,18,513,33,41,8,595,0,0,0,595
09/14/2021,BWI,MD,AEA,EN,Towers with Radar,465,41,21,0,527,0,0,7,1,8,465,41,28,1,535,0,0,0,535
09/15/2021,BWI,MD,AEA,EN,Towers with Radar,473,63,32,0,568,0,0,8,2,10,473,63,40,2,578,0,0,0,578
09/16/2021,BWI,MD,AEA,EN,Towers with Radar,523,62,32,4,621,0,0,1,5,6,523,62,33,9,627,0,0,0,627
09/17/2021,BWI,MD,AEA,EN,Towers with Radar,546,56,37,0,639,0,1,7,4,12,546,57,44,4,651,0,0,0,651
09/18/2021,BWI,MD,AEA,EN,Towers with Radar,463,33,31,1,528,0,2,9,0,11,463,35,40,1,539,0,0,0,539
09/19/2021,BWI,MD,AEA,EN,Towers with Radar,520,47,41,1,609,0,0,9,0,9,520,47,50,1,618,0,0,0,618
09/20/2021,BWI,MD,AEA,EN,Towers with Radar,524,60,41,9,634,0,1,16,0,17,524,61,57,9,651,0,0,0,651
09/21/2021,BWI,MD,AEA,EN,Towers with Radar,473,60,26,5,564,0,3,10,2,15,473,63,36,7,579,0,0,0,579
09/22/2021,BWI,MD,AEA,EN,Towers with Radar,470,61,35,1,567,0,1,1,0,2,470,62,36,1,569,0,0,0,569
09/23/2021,BWI,MD,AEA,EN,Towers with Radar,511,67,52,0,630,0,1,3,0,4,511,68,55,0,634,0,0,0,634
09/24/2021,BWI,MD,AEA,EN,Towers with Radar,535,58,53,1,647,0,1,24,0,25,535,59,77,1,672,0,0,0,672
09/25/2021,BWI,MD,AEA,EN,Towers with Radar,470,38,16,0,524,0,2,10,0,12,470,40,26,0,536,0,0,0,536
09/26/2021,BWI,MD,AEA,EN,Towers with Radar,523,41,39,7,610,0,1,14,0,15,523,42,53,7,625,0,0,0,625
09/27/2021,BWI,MD,AEA,EN,Towers with Radar,523,37,28,6,594,0,2,26,2,30,523,39,54,8,624,0,0,0,624
09/28/2021,BWI,MD,AEA,EN,Towers with Radar,405,41,39,7,492,0,0,4,2,6,405,41,43,9,498,0,0,0,498
09/29/2021,BWI,MD,AEA,EN,Towers with Radar,469,69,43,2,583,0,1,4,0,5,469,70,47,2,588,0,0,0,588
09/30/2021,BWI,MD,AEA,EN,Towers with Radar,531,55,37,8,631,0,2,10,4,16,531,57,47,12,647,0,0,0,647
10/01/2021,BWI,MD,AEA,EN,Towers with Radar,524,62,56,3,645,0,1,16,2,19,524,63,72,5,664,0,0,0,664
10/02/2021,BWI,MD,AEA,EN,Towers with Radar,467,56,27,0,550,0,1,9,0,10,467,57,36,0,560,0,0,0,560
10/03/2021,BWI,MD,AEA,EN,Towers with Radar,517,47,43,0,607,0,0,5,0,5,517,47,48,0,612,0,0,0,612
10/04/2021,BWI,MD,AEA,EN,Towers with Radar,531,55,30,4,620,0,1,5,0,6,531,56,35,4,626,0,0,0,626
10/05/2021,BWI,MD,AEA,EN,Towers with Radar,470,66,56,0,592,0,0,4,0,4,470,66,60,0,596,0,0,0,596
10/06/2021,BWI,MD,AEA,EN,Towers with Radar,467,68,44,3,582,0,0,4,0,4,467,68,48,3,586,0,0,0,586
10/07/2021,BWI,MD,AEA,EN,Towers with Radar,544,75,47,1,667,0,1,15,1,17,544,76,62,2,684,0,0,0,684
10/08/2021,BWI,MD,AEA,EN,Towers with Radar,521,82,43,3,649,0,1,10,1,12,521,83,53,4,661,0,0,0,661
10/09/2021,BWI,MD,AEA,EN,Towers with Radar,404,46,26,1,477,0,0,3,0,3,404,46,29,1,480,0,0,0,480
10/10/2021,BWI,MD,AEA,EN,Towers with Radar,418,76,39,1,534,0,0,6,0,6,418,76,45,1,540,0,0,0,540
10/11/2021,BWI,MD,AEA,EN,Towers with Radar,491,65,30,1,587,0,0,10,0,10,491,65,40,1,597,0,0,0,597
10/12/2021,BWI,MD,AEA,EN,Towers with Radar,494,62,29,8,593,0,2,5,2,9,494,64,34,10,602,0,0,0,602
10/13/2021,BWI,MD,AEA,EN,Towers with Radar,492,52,24,6,574,0,0,2,0,2,492,52,26,6,576,0,0,0,576
10/14/2021,BWI,MD,AEA,EN,Towers with Radar,544,63,40,3,650,0,0,28,3,31,544,63,68,6,681,0,0,0,681
10/15/2021,BWI,MD,AEA,EN,Towers with Radar,555,58,37,4,654,0,8,21,3,32,555,66,58,7,686,0,0,0,686
10/16/2021,BWI,MD,AEA,EN,Towers with Radar,503,57,14,0,574,0,0,7,0,7,503,57,21,0,581,0,0,0,581
10/17/2021,BWI,MD,AEA,EN,Towers with Radar,523,51,57,2,633,0,2,7,2,11,523,53,64,4,644,0,0,0,644
10/18/2021,BWI,MD,AEA,EN,Towers with Radar,535,48,36,1,620,0,3,10,0,13,535,51,46,1,633,0,0,0,633
10/19/2021,BWI,MD,AEA,EN,Towers with Radar,488,53,30,3,574,0,4,19,3,26,488,57,49,6,600,0,0,0,600
10/20/2021,BWI,MD,AEA,EN,Towers with Radar,497,55,49,2,603,0,0,33,0,33,497,55,82,2,636,0,0,0,636
10/21/2021,BWI,MD,AEA,EN,Towers with Radar,542,61,32,2,637,0,1,29,2,32,542,62,61,4,669,0,0,0,669
10/22/2021,BWI,MD,AEA,EN,Towers with Radar,546,63,39,3,651,0,1,16,3,20,546,64,55,6,671,0,0,0,671
10/23/2021,BWI,MD,AEA,EN,Towers with Radar,476,49,20,0,545,0,1,9,0,10,476,50,29,0,555,0,0,0,555
10/24/2021,BWI,MD,AEA,EN,Towers with Radar,514,53,51,2,620,0,0,20,0,20,514,53,71,2,640,0,0,0,640
10/25/2021,BWI,MD,AEA,EN,Towers with Radar,533,38,39,3,613,0,0,9,3,12,533,38,48,6,625,0,0,0,625
10/26/2021,BWI,MD,AEA,EN,Towers with Radar,503,51,28,7,589,0,0,0,1,1,503,51,28,8,590,0,0,0,590
10/27/2021,BWI,MD,AEA,EN,Towers with Radar,486,58,21,5,570,0,1,8,3,12,486,59,29,8,582,0,0,0,582
10/28/2021,BWI,MD,AEA,EN,Towers with Radar,529,66,28,6,629,0,1,24,2,27,529,67,52,8,656,0,0,0,656
10/29/2021,BWI,MD,AEA,EN,Towers with Radar,537,58,33,4,632,0,0,0,0,0,537,58,33,4,632,0,0,0,632
10/30/2021,BWI,MD,AEA,EN,Towers with Radar,456,32,15,2,505,0,1,3,0,4,456,33,18,2,509,0,0,0,509
10/31/2021,BWI,MD,AEA,EN,Towers with Radar,472,44,30,0,546,0,0,2,0,2,472,44,32,0,548,0,0,0,548
11/01/2021,BWI,MD,AEA,EN,Towers with Radar,511,48,30,5,594,0,2,7,0,9,511,50,37,5,603,0,0,0,603
11/02/2021,BWI,MD,AEA,EN,Towers with Radar,501,70,26,5,602,0,0,16,0,16,501,70,42,5,618,0,0,0,618
11/03/2021,BWI,MD,AEA,EN,Towers with Radar,500,57,45,2,604,0,0,9,3,12,500,57,54,5,616,0,0,0,616
11/04/2021,BWI,MD,AEA,EN,Towers with Radar,549,65,28,9,651,0,0,38,1,39,549,65,66,10,690,0,0,0,690
11/05/2021,BWI,MD,AEA,EN,Towers with Radar,556,60,43,1,660,0,6,13,1,20,556,66,56,2,680,0,0,0,680
11/06/2021,BWI,MD,AEA,EN,Towers with Radar,504,42,17,1,564,0,1,15,0,16,504,43,32,1,580,0,0,0,580
11/07/2021,BWI,MD,AEA,EN,Towers with Radar,481,48,51,1,581,0,2,21,0,23,481,50,72,1,604,0,0,0,604
11/08/2021,BWI,MD,AEA,EN,Towers with Radar,511,52,29,9,601,0,1,19,0,20,511,53,48,9,621,0,0,0,621
11/09/2021,BWI,MD,AEA,EN,Towers with Radar,470,57,26,1,554,0,2,32,1,35,470,59,58,2,589,0,0,0,589
11/10/2021,BWI,MD,AEA,EN,Towers with Radar,465,55,32,1,553,0,0,16,2,18,465,55,48,3,571,0,0,0,571
11/11/2021,BWI,MD,AEA,EN,Towers with Radar,522,53,54,1,630,0,0,13,1,14,522,53,67,2,644,0,0,0,644
11/12/2021,BWI,MD,AEA,EN,Towers with Radar,524,52,24,3,603,0,4,7,0,11,524,56,31,3,614,0,0,0,614
11/13/2021,BWI,MD,AEA,EN,Towers with Radar,461,43,29,0,533,0,0,5,0,5,461,43,34,0,538,0,0,0,538
11/14/2021,BWI,MD,AEA,EN,Towers with Radar,493,56,39,0,588,0,1,12,1,14,493,57,51,1,602,0,0,0,602
11/15/2021,BWI,MD,AEA,EN,Towers with Radar,512,41,20,3,576,0,2,2,0,4,512,43,22,3,580,0,0,0,580
11/16/2021,BWI,MD,AEA,EN,Towers with Radar,467,67,36,1,571,0,0,7,0,7,467,67,43,1,578,0,0,0,578
11/17/2021,BWI,MD,AEA,EN,Towers with Radar,484,70,39,2,595,0,0,10,2,12,484,70,49,4,607,0,0,0,607
11/18/2021,BWI,MD,AEA,EN,Towers with Radar,538,69,34,4,645,0,4,4,1,9,538,73,38,5,654,0,0,0,654
11/19/2021,BWI,MD,AEA,EN,Towers with Radar,541,66,38,4,649,0,0,6,0,6,541,66,44,4,655,0,0,0,655
11/20/2021,BWI,MD,AEA,EN,Towers with Radar,518,41,32,0,591,0,3,8,0,11,518,44,40,0,602,0,0,0,602
11/21/2021,BWI,MD,AEA,EN,Towers with Radar,490,34,38,0,562,0,1,5,0,6,490,35,43,0,568,0,0,0,568
11/22/2021,BWI,MD,AEA,EN,Towers with Radar,533,44,19,7,603,0,0,2,2,4,533,44,21,9,607,0,0,0,607
11/23/2021,BWI,MD,AEA,EN,Towers with Radar,545,50,37,3,635,0,3,5,1,9,545,53,42,4,644,0,0,0,644
11/24/2021,BWI,MD,AEA,EN,Towers with Radar,571,62,24,5,662,0,0,6,1,7,571,62,30,6,669,0,0,0,669
11/25/2021,BWI,MD,AEA,EN,Towers with Radar,422,15,4,0,441,0,2,0,0,2,422,17,4,0,443,0,0,0,443
11/26/2021,BWI,MD,AEA,EN,Towers with Radar,454,47,11,1,513,0,0,0,0,0,454,47,11,1,513,0,0,0,513
11/27/2021,BWI,MD,AEA,EN,Towers with Radar,520,48,19,0,587,0,0,7,2,9,520,48,26,2,596,0,0,0,596
11/28/2021,BWI,MD,AEA,EN,Towers with Radar,564,54,36,0,654,0,1,2,0,3,564,55,38,0,657,0,0,0,657
11/29/2021,BWI,MD,AEA,EN,Towers with Radar,556,64,43,3,666,0,0,12,0,12,556,64,55,3,678,0,0,0,678
11/30/2021,BWI,MD,AEA,EN,Towers with Radar,543,58,41,4,646,0,1,4,2,7,543,59,45,6,653,0,0,0,653
12/01/2021,BWI,MD,AEA,EN,Towers with Radar,473,62,28,2,565,0,2,18,2,22,473,64,46,4,587,0,0,0,587
12/02/2021,BWI,MD,AEA,EN,Towers with Radar,494,55,32,3,584,0,0,7,1,8,494,55,39,4,592,0,0,0,592
12/03/2021,BWI,MD,AEA,EN,Towers with Radar,500,56,28,5,589,0,0,16,2,18,500,56,44,7,607,0,0,0,607
12/04/2021,BWI,MD,AEA,EN,Towers with Radar,462,32,16,0,510,0,1,12,2,15,462,33,28,2,525,0,0,0,525
12/05/2021,BWI,MD,AEA,EN,Towers with Radar,494,37,27,3,561,0,0,22,0,22,494,37,49,3,583,0,0,0,583
12/06/2021,BWI,MD,AEA,EN,Towers with Radar,489,36,45,6,576,0,1,3,2,6,489,37,48,8,582,0,0,0,582
12/07/2021,BWI,MD,AEA,EN,Towers with Radar,464,62,50,0,576,0,3,20,0,23,464,65,70,0,599,0,0,0,599
12/08/2021,BWI,MD,AEA,EN,Towers with Radar,470,65,31,0,566,0,1,20,2,23,470,66,51,2,589,0,0,0,589
12/09/2021,BWI,MD,AEA,EN,Towers with Radar,496,56,32,1,585,0,1,12,2,15,496,57,44,3,600,0,0,0,600
12/10/2021,BWI,MD,AEA,EN,Towers with Radar,492,50,32,0,574,0,2,5,0,7,492,52,37,0,581,0,0,0,581
12/11/2021,BWI,MD,AEA,EN,Towers with Radar,473,34,18,0,525,0,1,2,0,3,473,35,20,0,528,0,0,0,528
12/12/2021,BWI,MD,AEA,EN,Towers with Radar,504,33,46,1,584,0,2,10,0,12,504,35,56,1,596,0,0,0,596
12/13/2021,BWI,MD,AEA,EN,Towers with Radar,484,43,43,4,574,0,0,10,1,11,484,43,53,5,585,0,0,0,585
12/14/2021,BWI,MD,AEA,EN,Towers with Radar,466,43,36,4,549,0,2,9,4,15,466,45,45,8,564,0,0,0,564
12/15/2021,BWI,MD,AEA,EN,Towers with Radar,469,41,46,4,560,0,1,8,3,12,469,42,54,7,572,0,0,0,572
12/16/2021,BWI,MD,AEA,EN,Towers with Radar,527,59,42,2,630,0,1,14,2,17,527,60,56,4,647,0,0,0,647
12/17/2021,BWI,MD,AEA,EN,Towers with Radar,537,62,26,2,627,0,1,8,2,11,537,63,34,4,638,0,0,0,638
12/18/2021,BWI,MD,AEA,EN,Towers with Radar,502,39,31,1,573,0,0,2,0,2,502,39,33,1,575,0,0,0,575
12/19/2021,BWI,MD,AEA,EN,Towers with Radar,497,38,14,0,549,0,0,1,0,1,497,38,15,0,550,0,0,0,550
12/20/2021,BWI,MD,AEA,EN,Towers with Radar,518,41,28,1,588,0,1,4,1,6,518,42,32,2,594,0,0,0,594
12/21/2021,BWI,MD,AEA,EN,Towers with Radar,523,41,28,3,595,0,1,2,1,4,523,42,30,4,599,0,0,0,599
12/22/2021,BWI,MD,AEA,EN,Towers with Radar,536,53,20,2,611,0,0,5,2,7,536,53,25,4,618,0,0,0,618
12/23/2021,BWI,MD,AEA,EN,Towers with Radar,538,46,21,0,605,0,1,13,0,14,538,47,34,0,619,0,0,0,619
12/24/2021,BWI,MD,AEA,EN,Towers with Radar,432,29,15,0,476,0,3,3,0,6,432,32,18,0,482,0,0,0,482
12/25/2021,BWI,MD,AEA,EN,Towers with Radar,396,24,11,0,431,0,0,0,0,0,396,24,11,0,431,0,0,0,431
12/26/2021,BWI,MD,AEA,EN,Towers with Radar,482,29,36,0,547,0,2,5,0,7,482,31,41,0,554,0,0,0,554
12/27/2021,BWI,MD,AEA,EN,Towers with Radar,506,48,22,1,577,0,1,0,0,1,506,49,22,1,578,0,0,0,578
12/28/2021,BWI,MD,AEA,EN,Towers with Radar,515,47,25,1,588,0,1,5,0,6,515,48,30,1,594,0,0,0,594
12/29/2021,BWI,MD,AEA,EN,Towers with Radar,535,43,17,0,595,0,0,0,0,0,535,43,17,0,595,0,0,0,595
12/30/2021,BWI,MD,AEA,EN,Towers with Radar,517,44,28,2,591,0,0,0,0,0,517,44,28,2,591,0,0,0,591
12/31/2021,BWI,MD,AEA,EN,Towers with Radar,436,25,32,0,493,0,1,0,0,1,436,26,32,0,494,0,0,0,494
01/01/2022,BWI,MD,AEA,EN,Towers with Radar,406,15,9,2,432,0,0,0,0,0,406,15,9,2,432,0,0,0,432
01/02/2022,BWI,MD,AEA,EN,Towers with Radar,483,34,38,1,556,0,1,1,0,2,483,35,39,1,558,0,0,0,558
01/03/2022,BWI,MD,AEA,EN,Towers with Radar,217,38,20,1,276,0,0,2,0,2,217,38,22,1,278,0,0,0,278
01/04/2022,BWI,MD,AEA,EN,Towers with Radar,379,43,26,0,448,0,0,5,0,5,379,43,31,0,453,0,0,0,453
01/05/2022,BWI,MD,AEA,EN,Towers with Radar,396,46,14,0,456,0,0,1,0,1,396,46,15,0,457,0,0,0,457
01/06/2022,BWI,MD,AEA,EN,Towers with Radar,398,56,29,4,487,0,0,4,3,7,398,56,33,7,494,0,0,0,494
01/07/2022,BWI,MD,AEA,EN,Towers with Radar,385,31,27,0,443,0,0,0,2,2,385,31,27,2,445,0,0,0,445
01/08/2022,BWI,MD,AEA,EN,Towers with Radar,422,28,12,1,463,0,2,10,0,12,422,30,22,1,475,0,0,0,475
01/09/2022,BWI,MD,AEA,EN,Towers with Radar,449,31,24,0,504,0,0,1,0,1,449,31,25,0,505,0,0,0,505
01/10/2022,BWI,MD,AEA,EN,Towers with Radar,458,36,25,2,521,0,0,0,0,0,458,36,25,2,521,0,0,0,521
01/11/2022,BWI,MD,AEA,EN,Towers with Radar,442,36,19,4,501,0,0,14,0,14,442,36,33,4,515,0,0,0,515
01/12/2022,BWI,MD,AEA,EN,Towers with Radar,453,37,22,3,515,0,1,15,1,17,453,38,37,4,532,0,0,0,532
01/13/2022,BWI,MD,AEA,EN,Towers with Radar,469,47,44,4,564,0,2,12,3,17,469,49,56,7,581,0,0,0,581
01/14/2022,BWI,MD,AEA,EN,Towers with Radar,513,41,12,2,568,0,1,3,0,4,513,42,15,2,572,0,0,0,572
01/15/2022,BWI,MD,AEA,EN,Towers with Radar,444,35,17,4,500,0,0,5,0,5,444,35,22,4,505,0,0,0,505
01/16/2022,BWI,MD,AEA,EN,Towers with Radar,335,20,6,0,361,0,1,0,0,1,335,21,6,0,362,0,0,0,362
01/17/2022,BWI,MD,AEA,EN,Towers with Radar,434,33,17,1,485,0,0,0,0,0,434,33,17,1,485,0,0,0,485
01/18/2022,BWI,MD,AEA,EN,Towers with Radar,458,36,16,2,512,0,1,2,0,3,458,37,18,2,515,0,0,0,515
01/19/2022,BWI,MD,AEA,EN,Towers with Radar,466,52,18,1,537,0,1,8,1,10,466,53,26,2,547,0,0,0,547
01/20/2022,BWI,MD,AEA,EN,Towers with Radar,467,51,12,2,532,0,1,2,3,6,467,52,14,5,538,0,0,0,538
01/21/2022,BWI,MD,AEA,EN,Towers with Radar,499,42,18,0,559,0,0,12,0,12,499,42,30,0,571,0,0,0,571
01/22/2022,BWI,MD,AEA,EN,Towers with Radar,439,20,16,0,475,0,2,9,0,11,439,22,25,0,486,0,0,0,486
01/23/2022,BWI,MD,AEA,EN,Towers with Radar,472,28,24,0,524,0,1,5,0,6,472,29,29,0,530,0,0,0,530
01/24/2022,BWI,MD,AEA,EN,Towers with Radar,484,41,24,1,550,0,1,5,0,6,484,42,29,1,556,0,0,0,556
01/25/2022,BWI,MD,AEA,EN,Towers with Radar,456,53,26,0,535,0,0,8,0,8,456,53,34,0,543,0,0,0,543
01/26/2022,BWI,MD,AEA,EN,Towers with Radar,468,59,20,2,549,0,1,7,0,8,468,60,27,2,557,0,0,0,557
01/27/2022,BWI,MD,AEA,EN,Towers with Radar,498,55,31,2,586,0,0,7,1,8,498,55,38,3,594,0,0,0,594
01/28/2022,BWI,MD,AEA,EN,Towers with Radar,454,53,20,1,528,0,0,2,0,2,454,53,22,1,530,0,0,0,530
01/29/2022,BWI,MD,AEA,EN,Towers with Radar,348,19,4,0,371,0,1,1,0,2,348,20,5,0,373,0,0,0,373
01/30/2022,BWI,MD,AEA,EN,Towers with Radar,440,36,23,0,499,0,1,5,0,6,440,37,28,0,505,0,0,0,505
01/31/2022,BWI,MD,AEA,EN,Towers with Radar,479,42,20,3,544,0,2,7,1,10,479,44,27,4,554,0,0,0,554
02/01/2022,BWI,MD,AEA,EN,Towers with Radar,456,43,18,1,518,1,2,4,2,9,457,45,22,3,527,0,0,0,527
02/02/2022,BWI,MD,AEA,EN,Towers with Radar,425,39,23,0,487,0,0,4,2,6,425,39,27,2,493,0,0,0,493
02/03/2022,BWI,MD,AEA,EN,Towers with Radar,412,35,20,1,468,0,1,0,0,1,412,36,20,1,469,0,0,0,469
02/04/2022,BWI,MD,AEA,EN,Towers with Radar,427,36,20,3,486,0,0,0,0,0,427,36,20,3,486,0,0,0,486
02/05/2022,BWI,MD,AEA,EN,Towers with Radar,428,32,16,1,477,0,2,2,1,5,428,34,18,2,482,0,0,0,482
02/06/2022,BWI,MD,AEA,EN,Towers with Radar,479,39,22,0,540,0,0,8,1,9,479,39,30,1,549,0,0,0,549
02/07/2022,BWI,MD,AEA,EN,Towers with Radar,485,32,27,6,550,0,0,0,0,0,485,32,27,6,550,0,0,0,550
02/08/2022,BWI,MD,AEA,EN,Towers with Radar,469,56,34,8,567,0,2,14,3,19,469,58,48,11,586,0,0,0,586
02/09/2022,BWI,MD,AEA,EN,Towers with Radar,459,49,27,3,538,0,0,9,2,11,459,49,36,5,549,0,0,0,549
02/10/2022,BWI,MD,AEA,EN,Towers with Radar,500,51,23,2,576,0,3,4,1,8,500,54,27,3,584,0,0,0,584
02/11/2022,BWI,MD,AEA,EN,Towers with Radar,503,54,29,7,593,0,0,4,3,7,503,54,33,10,600,0,0,0,600
02/12/2022,BWI,MD,AEA,EN,Towers with Radar,446,22,11,3,482,0,6,13,0,19,446,28,24,3,501,0,0,0,501
02/13/2022,BWI,MD,AEA,EN,Towers with Radar,443,35,19,0,497,0,0,0,0,0,443,35,19,0,497,0,0,0,497
02/14/2022,BWI,MD,AEA,EN,Towers with Radar,502,33,25,1,561,0,2,3,0,5,502,35,28,1,566,0,0,0,566
02/15/2022,BWI,MD,AEA,EN,Towers with Radar,467,49,30,9,555,0,1,9,4,14,467,50,39,13,569,0,0,0,569
02/16/2022,BWI,MD,AEA,EN,Towers with Radar,466,47,32,4,549,0,0,3,4,7,466,47,35,8,556,0,0,0,556
02/17/2022,BWI,MD,AEA,EN,Towers with Radar,484,41,28,2,555,0,2,0,1,3,484,43,28,3,558,0,0,0,558
02/18/2022,BWI,MD,AEA,EN,Towers with Radar,515,56,33,1,605,0,1,4,1,6,515,57,37,2,611,0,0,0,611
02/19/2022,BWI,MD,AEA,EN,Towers with Radar,469,28,15,0,512,0,1,0,0,1,469,29,15,0,513,0,0,0,513
02/20/2022,BWI,MD,AEA,EN,Towers with Radar,499,27,21,0,547,0,4,7,0,11,499,31,28,0,558,0,0,0,558
02/21/2022,BWI,MD,AEA,EN,Towers with Radar,512,41,43,3,599,0,1,9,1,11,512,42,52,4,610,0,0,0,610
02/22/2022,BWI,MD,AEA,EN,Towers with Radar,488,52,10,0,550,0,0,0,1,1,488,52,10,1,551,0,0,0,551
02/23/2022,BWI,MD,AEA,EN,Towers with Radar,481,42,26,7,556,0,1,0,2,3,481,43,26,9,559,0,0,0,559
02/24/2022,BWI,MD,AEA,EN,Towers with Radar,486,52,31,2,571,0,0,3,0,3,486,52,34,2,574,0,0,0,574
02/25/2022,BWI,MD,AEA,EN,Towers with Radar,503,39,20,3,565,0,0,6,2,8,503,39,26,5,573,0,0,0,573
02/26/2022,BWI,MD,AEA,EN,Towers with Radar,470,36,27,0,533,0,0,15,0,15,470,36,42,0,548,0,0,0,548
02/27/2022,BWI,MD,AEA,EN,Towers with Radar,496,35,13,0,544,0,2,6,0,8,496,37,19,0,552,0,0,0,552
02/28/2022,BWI,MD,AEA,EN,Towers with Radar,509,45,31,3,588,0,1,12,0,13,509,46,43,3,601,0,0,0,601
03/01/2022,BWI,MD,AEA,EN,Towers with Radar,495,41,24,2,562,0,3,9,1,13,495,44,33,3,575,0,0,0,575
03/02/2022,BWI,MD,AEA,EN,Towers with Radar,490,41,25,4,560,0,0,4,2,6,490,41,29,6,566,0,0,0,566
03/03/2022,BWI,MD,AEA,EN,Towers with Radar,536,66,27,0,629,0,6,9,3,18,536,72,36,3,647,0,0,0,647
03/04/2022,BWI,MD,AEA,EN,Towers with Radar,496,46,29,1,572,0,2,7,0,9,496,48,36,1,581,0,0,0,581
03/05/2022,BWI,MD,AEA,EN,Towers with Radar,450,22,19,0,491,0,2,5,1,8,450,24,24,1,499,0,0,0,499
03/06/2022,BWI,MD,AEA,EN,Towers with Radar,472,43,24,0,539,0,0,0,0,0,472,43,24,0,539,0,0,0,539
03/07/2022,BWI,MD,AEA,EN,Towers with Radar,505,38,18,2,563,0,1,0,0,1,505,39,18,2,564,0,0,0,564
03/08/2022,BWI,MD,AEA,EN,Towers with Radar,458,57,25,2,542,0,2,3,2,7,458,59,28,4,549,0,0,0,549
03/09/2022,BWI,MD,AEA,EN,Towers with Radar,443,57,29,0,529,0,0,0,0,0,443,57,29,0,529,0,0,0,529
03/10/2022,BWI,MD,AEA,EN,Towers with Radar,513,56,41,1,611,0,2,16,4,22,513,58,57,5,633,0,0,0,633
03/11/2022,BWI,MD,AEA,EN,Towers with Radar,515,54,36,2,607,0,1,10,4,15,515,55,46,6,622,0,0,0,622
03/12/2022,BWI,MD,AEA,EN,Towers with Radar,405,27,15,1,448,0,0,0,0,0,405,27,15,1,448,0,0,0,448
03/13/2022,BWI,MD,AEA,EN,Towers with Radar,480,54,26,4,564,0,2,3,0,5,480,56,29,4,569,0,0,0,569
03/14/2022,BWI,MD,AEA,EN,Towers with Radar,514,59,28,6,607,0,1,6,3,10,514,60,34,9,617,0,0,0,617
03/15/2022,BWI,MD,AEA,EN,Towers with Radar,493,39,21,0,553,0,2,5,0,7,493,41,26,0,560,0,0,0,560
03/16/2022,BWI,MD,AEA,EN,Towers with Radar,487,48,29,3,567,0,0,10,1,11,487,48,39,4,578,0,0,0,578
03/17/2022,BWI,MD,AEA,EN,Towers with Radar,539,46,26,8,619,0,0,0,0,0,539,46,26,8,619,0,0,0,619
03/18/2022,BWI,MD,AEA,EN,Towers with Radar,537,43,38,2,620,0,0,12,0,12,537,43,50,2,632,0,0,0,632
03/19/2022,BWI,MD,AEA,EN,Towers with Radar,483,36,11,0,530,0,0,5,0,5,483,36,16,0,535,0,0,0,535
03/20/2022,BWI,MD,AEA,EN,Towers with Radar,520,25,19,2,566,0,1,2,0,3,520,26,21,2,569,0,0,0,569
03/21/2022,BWI,MD,AEA,EN,Towers with Radar,510,49,25,1,585,0,0,6,1,7,510,49,31,2,592,0,0,0,592
03/22/2022,BWI,MD,AEA,EN,Towers with Radar,487,46,20,1,554,0,0,18,0,18,487,46,38,1,572,0,0,0,572
03/23/2022,BWI,MD,AEA,EN,Towers with Radar,479,56,28,1,564,0,2,6,0,8,479,58,34,1,572,0,0,0,572
03/24/2022,BWI,MD,AEA,EN,Towers with Radar,528,52,29,0,609,0,1,0,0,1,528,53,29,0,610,0,0,0,610
03/25/2022,BWI,MD,AEA,EN,Towers with Radar,540,53,27,2,622,0,0,3,0,3,540,53,30,2,625,0,0,0,625
03/26/2022,BWI,MD,AEA,EN,Towers with Radar,479,23,23,1,526,0,0,5,0,5,479,23,28,1,531,0,0,0,531
03/27/2022,BWI,MD,AEA,EN,Towers with Radar,520,40,13,0,573,0,1,1,2,4,520,41,14,2,577,0,0,0,577
03/28/2022,BWI,MD,AEA,EN,Towers with Radar,513,32,25,1,571,0,0,4,0,4,513,32,29,1,575,0,0,0,575
03/29/2022,BWI,MD,AEA,EN,Towers with Radar,486,47,30,1,564,0,1,6,5,12,486,48,36,6,576,0,0,0,576
03/30/2022,BWI,MD,AEA,EN,Towers with Radar,483,51,42,2,578,0,0,6,1,7,483,51,48,3,585,0,0,0,585
03/31/2022,BWI,MD,AEA,EN,Towers with Radar,495,49,29,2,575,0,0,0,0,0,495,49,29,2,575,0,0,0,575
04/01/2022,BWI,MD,AEA,EN,Towers with Radar,504,48,34,4,590,0,0,5,3,8,504,48,39,7,598,0,0,0,598
04/02/2022,BWI,MD,AEA,EN,Towers with Radar,398,19,34,1,452,0,3,18,0,21,398,22,52,1,473,0,0,0,473
04/03/2022,BWI,MD,AEA,EN,Towers with Radar,451,33,28,0,512,0,0,8,0,8,451,33,36,0,520,0,0,0,520
04/04/2022,BWI,MD,AEA,EN,Towers with Radar,518,52,35,8,613,0,0,10,2,12,518,52,45,10,625,0,0,0,625
04/05/2022,BWI,MD,AEA,EN,Towers with Radar,499,62,28,2,591,0,0,3,0,3,499,62,31,2,594,0,0,0,594
04/06/2022,BWI,MD,AEA,EN,Towers with Radar,522,63,34,5,624,0,0,0,0,0,522,63,34,5,624,0,0,0,624
04/07/2022,BWI,MD,AEA,EN,Towers with Radar,505,55,46,2,608,0,0,0,0,0,505,55,46,2,608,0,0,0,608
04/08/2022,BWI,MD,AEA,EN,Towers with Radar,552,53,38,5,648,0,3,1,3,7,552,56,39,8,655,0,0,0,655
04/09/2022,BWI,MD,AEA,EN,Towers with Radar,485,29,31,0,545,0,0,6,0,6,485,29,37,0,551,0,0,0,551
04/10/2022,BWI,MD,AEA,EN,Towers with Radar,506,30,16,2,554,0,0,1,0,1,506,30,17,2,555,0,0,0,555
04/11/2022,BWI,MD,AEA,EN,Towers with Radar,538,55,21,6,620,0,1,9,3,13,538,56,30,9,633,0,0,0,633
04/12/2022,BWI,MD,AEA,EN,Towers with Radar,514,43,34,2,593,0,4,3,4,11,514,47,37,6,604,0,0,0,604
04/13/2022,BWI,MD,AEA,EN,Towers with Radar,514,58,37,1,610,0,0,20,0,20,514,58,57,1,630,0,0,0,630
04/14/2022,BWI,MD,AEA,EN,Towers with Radar,544,74,31,1,650,0,0,2,1,3,544,74,33,2,653,0,0,0,653
04/15/2022,BWI,MD,AEA,EN,Towers with Radar,538,55,20,1,614,0,2,6,0,8,538,57,26,1,622,0,0,0,622
04/16/2022,BWI,MD,AEA,EN,Towers with Radar,489,33,13,0,535,0,3,7,0,10,489,36,20,0,545,0,0,0,545
04/17/2022,BWI,MD,AEA,EN,Towers with Radar,516,35,28,0,579,0,0,7,0,7,516,35,35,0,586,0,0,0,586
04/18/2022,BWI,MD,AEA,EN,Towers with Radar,522,63,28,4,617,0,0,2,1,3,522,63,30,5,620,0,0,0,620
04/19/2022,BWI,MD,AEA,EN,Towers with Radar,529,55,19,2,605,0,0,1,0,1,529,55,20,2,606,0,0,0,606
04/20/2022,BWI,MD,AEA,EN,Towers with Radar,529,58,25,1,613,0,3,9,2,14,529,61,34,3,627,0,0,0,627
04/21/2022,BWI,MD,AEA,EN,Towers with Radar,535,57,37,0,629,0,0,7,2,9,535,57,44,2,638,0,0,0,638
04/22/2022,BWI,MD,AEA,EN,Towers with Radar,537,50,38,2,627,0,0,6,0,6,537,50,44,2,633,0,0,0,633
04/23/2022,BWI,MD,AEA,EN,Towers with Radar,492,28,31,1,552,0,1,19,0,20,492,29,50,1,572,0,0,0,572
04/24/2022,BWI,MD,AEA,EN,Towers with Radar,519,36,30,1,586,0,1,10,0,11,519,37,40,1,597,0,0,0,597
04/25/2022,BWI,MD,AEA,EN,Towers with Radar,522,55,31,0,608,0,6,1,1,8,522,61,32,1,616,0,0,0,616
04/26/2022,BWI,MD,AEA,EN,Towers with Radar,524,51,31,0,606,0,1,0,0,1,524,52,31,0,607,0,0,0,607
04/27/2022,BWI,MD,AEA,EN,Towers with Radar,516,55,28,3,602,0,1,2,2,5,516,56,30,5,607,0,0,0,607
04/28/2022,BWI,MD,AEA,EN,Towers with Radar,554,54,48,2,658,0,1,6,4,11,554,55,54,6,669,0,0,0,669
04/29/2022,BWI,MD,AEA,EN,Towers with Radar,537,67,26,1,631,0,1,16,3,20,537,68,42,4,651,0,0,0,651
04/30/2022,BWI,MD,AEA,EN,Towers with Radar,477,30,37,0,544,0,3,10,0,13,477,33,47,0,557,0,0,0,557
05/01/2022,BWI,MD,AEA,EN,Towers with Radar,517,39,15,1,572,0,1,3,0,4,517,40,18,1,576,0,0,0,576
05/02/2022,BWI,MD,AEA,EN,Towers with Radar,533,41,35,0,609,0,0,3,0,3,533,41,38,0,612,0,0,0,612
05/03/2022,BWI,MD,AEA,EN,Towers with Radar,523,57,38,2,620,0,2,0,0,2,523,59,38,2,622,0,0,0,622
05/04/2022,BWI,MD,AEA,EN,Towers with Radar,518,63,28,3,612,0,0,0,0,0,518,63,28,3,612,0,0,0,612
05/05/2022,BWI,MD,AEA,EN,Towers with Radar,547,58,33,0,638,0,1,2,2,5,547,59,35,2,643,0,0,0,643
05/06/2022,BWI,MD,AEA,EN,Towers with Radar,523,32,34,2,591,0,0,0,0,0,523,32,34,2,591,0,0,0,591
05/07/2022,BWI,MD,AEA,EN,Towers with Radar,488,28,15,0,531,0,0,0,0,0,488,28,15,0,531,0,0,0,531
05/08/2022,BWI,MD,AEA,EN,Towers with Radar,523,45,25,1,594,0,3,0,0,3,523,48,25,1,597,0,0,0,597
05/09/2022,BWI,MD,AEA,EN,Towers with Radar,541,34,41,2,618,0,1,3,1,5,541,35,44,3,623,0,0,0,623
05/10/2022,BWI,MD,AEA,EN,Towers with Radar,535,57,42,1,635,0,0,1,1,2,535,57,43,2,637,0,0,0,637
05/11/2022,BWI,MD,AEA,EN,Towers with Radar,526,58,41,0,625,0,0,9,1,10,526,58,50,1,635,0,0,0,635
05/12/2022,BWI,MD,AEA,EN,Towers with Radar,537,65,42,3,647,0,4,3,0,7,537,69,45,3,654,0,0,0,654
05/13/2022,BWI,MD,AEA,EN,Towers with Radar,537,79,23,2,641,0,0,0,0,0,537,79,23,2,641,0,0,0,641
05/14/2022,BWI,MD,AEA,EN,Towers with Radar,475,42,13,0,530,0,0,0,0,0,475,42,13,0,530,0,0,0,530
05/15/2022,BWI,MD,AEA,EN,Towers with Radar,523,59,20,2,604,0,0,0,0,0,523,59,20,2,604,0,0,0,604
05/16/2022,BWI,MD,AEA,EN,Towers with Radar,495,47,26,3,571,0,0,3,0,3,495,47,29,3,574,0,0,0,574
05/17/2022,BWI,MD,AEA,EN,Towers with Radar,545,46,26,3,620,0,5,15,1,21,545,51,41,4,641,0,0,0,641
05/18/2022,BWI,MD,AEA,EN,Towers with Radar,539,61,42,4,646,0,1,22,2,25,539,62,64,6,671,0,0,0,671
05/19/2022,BWI,MD,AEA,EN,Towers with Radar,537,72,45,0,654,0,0,12,0,12,537,72,57,0,666,0,0,0,666
05/20/2022,BWI,MD,AEA,EN,Towers with Radar,549,66,43,0,658,0,3,26,0,29,549,69,69,0,687,0,0,0,687
05/21/2022,BWI,MD,AEA,EN,Towers with Radar,507,39,38,0,584,0,1,12,0,13,507,40,50,0,597,0,0,0,597
05/22/2022,BWI,MD,AEA,EN,Towers with Radar,457,49,42,1,549,0,0,6,0,6,457,49,48,1,555,0,0,0,555
05/23/2022,BWI,MD,AEA,EN,Towers with Radar,555,47,45,2,649,0,7,17,4,28,555,54,62,6,677,0,0,0,677
05/24/2022,BWI,MD,AEA,EN,Towers with Radar,535,42,44,0,621,0,1,2,0,3,535,43,46,0,624,0,0,0,624
05/25/2022,BWI,MD,AEA,EN,Towers with Radar,533,51,57,6,647,0,2,21,0,23,533,53,78,6,670,0,0,0,670
05/26/2022,BWI,MD,AEA,EN,Towers with Radar,545,50,40,2,637,0,0,0,0,0,545,50,40,2,637,0,0,0,637
05/27/2022,BWI,MD,AEA,EN,Towers with Radar,457,55,31,1,544,0,0,0,0,0,457,55,31,1,544,0,0,0,544
05/28/2022,BWI,MD,AEA,EN,Towers with Radar,490,32,13,0,535,0,0,1,0,1,490,32,14,0,536,0,0,0,536
05/29/2022,BWI,MD,AEA,EN,Towers with Radar,514,28,24,0,566,0,3,7,1,11,514,31,31,1,577,0,0,0,577
05/30/2022,BWI,MD,AEA,EN,Towers with Radar,546,37,42,1,626,0,2,8,0,10,546,39,50,1,636,0,0,0,636
05/31/2022,BWI,MD,AEA,EN,Towers with Radar,537,44,33,0,614,0,1,14,0,15,537,45,47,0,629,0,0,0,629
06/01/2022,BWI,MD,AEA,EN,Towers with Radar,539,69,27,1,636,0,2,10,1,13,539,71,37,2,649,0,0,0,649
06/02/2022,BWI,MD,AEA,EN,Towers with Radar,522,62,24,0,608,0,0,0,0,0,522,62,24,0,608,0,0,0,608
06/03/2022,BWI,MD,AEA,EN,Towers with Radar,544,73,30,1,648,0,4,3,1,8,544,77,33,2,656,0,0,0,656
06/04/2022,BWI,MD,AEA,EN,Towers with Radar,476,30,21,1,528,0,0,9,0,9,476,30,30,1,537,0,0,0,537
06/05/2022,BWI,MD,AEA,EN,Towers with Radar,526,40,31,0,597,0,1,10,0,11,526,41,41,0,608,0,0,0,608
06/06/2022,BWI,MD,AEA,EN,Towers with Radar,522,34,35,0,591,0,2,5,0,7,522,36,40,0,598,0,0,0,598
06/07/2022,BWI,MD,AEA,EN,Towers with Radar,566,62,34,2,664,0,1,0,0,1,566,63,34,2,665,0,0,0,665
06/08/2022,BWI,MD,AEA,EN,Towers with Radar,509,62,32,5,608,0,0,3,1,4,509,62,35,6,612,0,0,0,612
06/09/2022,BWI,MD,AEA,EN,Towers with Radar,558,58,35,2,653,0,1,8,2,11,558,59,43,4,664,0,0,0,664
06/10/2022,BWI,MD,AEA,EN,Towers with Radar,525,54,54,1,634,0,0,7,1,8,525,54,61,2,642,0,0,0,642
06/11/2022,BWI,MD,AEA,EN,Towers with Radar,505,27,20,0,552,0,2,5,0,7,505,29,25,0,559,0,0,0,559
06/12/2022,BWI,MD,AEA,EN,Towers with Radar,536,46,35,0,617,0,0,2,0,2,536,46,37,0,619,0,0,0,619
06/13/2022,BWI,MD,AEA,EN,Towers with Radar,533,39,43,1,616,0,1,4,1,6,533,40,47,2,622,0,0,0,622
06/14/2022,BWI,MD,AEA,EN,Towers with Radar,544,58,36,0,638,0,0,3,0,3,544,58,39,0,641,0,0,0,641
06/15/2022,BWI,MD,AEA,EN,Towers with Radar,555,75,49,3,682,0,1,7,4,12,555,76,56,7,694,0,0,0,694
06/16/2022,BWI,MD,AEA,EN,Towers with Radar,521,56,28,4,609,0,1,2,0,3,521,57,30,4,612,0,0,0,612
06/17/2022,BWI,MD,AEA,EN,Towers with Radar,526,48,41,2,617,0,4,9,0,13,526,52,50,2,630,0,0,0,630
06/18/2022,BWI,MD,AEA,EN,Towers with Radar,512,49,19,1,581,0,2,6,0,8,512,51,25,1,589,0,0,0,589
06/19/2022,BWI,MD,AEA,EN,Towers with Radar,524,51,38,0,613,0,2,5,0,7,524,53,43,0,620,0,0,0,620
06/20/2022,BWI,MD,AEA,EN,Towers with Radar,545,47,26,0,618,0,1,5,0,6,545,48,31,0,624,0,0,0,624
06/21/2022,BWI,MD,AEA,EN,Towers with Radar,551,51,32,3,637,0,0,7,2,9,551,51,39,5,646,0,0,0,646
06/22/2022,BWI,MD,AEA,EN,Towers with Radar,372,52,21,4,449,0,1,4,5,10,372,53,25,9,459,0,0,0,459
06/23/2022,BWI,MD,AEA,EN,Towers with Radar,559,66,44,0,669,0,0,3,0,3,559,66,47,0,672,0,0,0,672
06/24/2022,BWI,MD,AEA,EN,Towers with Radar,532,63,32,3,630,0,4,16,0,20,532,67,48,3,650,0,0,0,650
06/25/2022,BWI,MD,AEA,EN,Towers with Radar,505,42,25,0,572,0,1,7,0,8,505,43,32,0,580,0,0,0,580
06/26/2022,BWI,MD,AEA,EN,Towers with Radar,472,34,33,0,539,0,0,5,0,5,472,34,38,0,544,0,0,0,544
06/27/2022,BWI,MD,AEA,EN,Towers with Radar,519,51,21,0,591,0,1,4,2,7,519,52,25,2,598,0,0,0,598
06/28/2022,BWI,MD,AEA,EN,Towers with Radar,532,56,26,6,620,0,0,9,2,11,532,56,35,8,631,0,0,0,631
06/29/2022,BWI,MD,AEA,EN,Towers with Radar,538,65,52,2,657,0,2,4,0,6,538,67,56,2,663,0,0,0,663
06/30/2022,BWI,MD,AEA,EN,Towers with Radar,556,48,29,1,634,0,0,7,1,8,556,48,36,2,642,0,0,0,642
07/01/2022,BWI,MD,AEA,EN,Towers with Radar,545,45,20,0,610,0,1,6,0,7,545,46,26,0,617,0,0,0,617
07/02/2022,BWI,MD,AEA,EN,Towers with Radar,499,31,27,0,557,0,0,5,0,5,499,31,32,0,562,0,0,0,562
07/03/2022,BWI,MD,AEA,EN,Towers with Radar,525,25,17,0,567,0,0,4,0,4,525,25,21,0,571,0,0,0,571
07/04/2022,BWI,MD,AEA,EN,Towers with Radar,509,36,11,0,556,0,3,8,3,14,509,39,19,3,570,0,0,0,570
07/05/2022,BWI,MD,AEA,EN,Towers with Radar,531,37,38,1,607,0,1,3,1,5,531,38,41,2,612,0,0,0,612
07/06/2022,BWI,MD,AEA,EN,Towers with Radar,558,41,29,2,630,0,0,4,1,5,558,41,33,3,635,0,0,0,635
07/07/2022,BWI,MD,AEA,EN,Towers with Radar,575,53,27,4,659,0,2,5,0,7,575,55,32,4,666,0,0,0,666
07/08/2022,BWI,MD,AEA,EN,Towers with Radar,588,50,42,3,683,0,1,8,2,11,588,51,50,5,694,0,0,0,694
07/09/2022,BWI,MD,AEA,EN,Towers with Radar,527,34,24,0,585,0,0,2,0,2,527,34,26,0,587,0,0,0,587
07/10/2022,BWI,MD,AEA,EN,Towers with Radar,573,41,21,0,635,0,2,16,1,19,573,43,37,1,654,0,0,0,654
07/11/2022,BWI,MD,AEA,EN,Towers with Radar,577,57,18,3,655,0,5,8,1,14,577,62,26,4,669,0,0,0,669
07/12/2022,BWI,MD,AEA,EN,Towers with Radar,548,54,27,0,629,0,1,8,0,9,548,55,35,0,638,0,0,0,638
07/13/2022,BWI,MD,AEA,EN,Towers with Radar,591,59,29,3,682,0,3,8,2,13,591,62,37,5,695,0,0,0,695
07/14/2022,BWI,MD,AEA,EN,Towers with Radar,599,60,37,4,700,0,1,10,5,16,599,61,47,9,716,0,0,0,716
07/15/2022,BWI,MD,AEA,EN,Towers with Radar,589,64,40,5,698,0,1,23,3,27,589,65,63,8,725,0,0,0,725
07/16/2022,BWI,MD,AEA,EN,Towers with Radar,516,41,19,2,578,0,1,7,4,12,516,42,26,6,590,0,0,0,590
07/17/2022,BWI,MD,AEA,EN,Towers with Radar,553,47,24,1,625,0,0,5,0,5,553,47,29,1,630,0,0,0,630
07/18/2022,BWI,MD,AEA,EN,Towers with Radar,575,53,18,5,651,0,1,6,2,9,575,54,24,7,660,0,0,0,660
07/19/2022,BWI,MD,AEA,EN,Towers with Radar,599,57,33,2,691,0,0,7,2,9,599,57,40,4,700,0,0,0,700
07/20/2022,BWI,MD,AEA,EN,Towers with Radar,574,53,34,6,667,0,0,15,2,17,574,53,49,8,684,0,0,0,684
07/21/2022,BWI,MD,AEA,EN,Towers with Radar,606,58,29,0,693,0,0,6,0,6,606,58,35,0,699,0,0,0,699
07/22/2022,BWI,MD,AEA,EN,Towers with Radar,588,47,41,0,676,0,0,8,1,9,588,47,49,1,685,0,0,0,685
07/23/2022,BWI,MD,AEA,EN,Towers with Radar,526,35,15,1,577,0,8,12,0,20,526,43,27,1,597,0,0,0,597
07/24/2022,BWI,MD,AEA,EN,Towers with Radar,562,49,23,0,634,0,0,1,0,1,562,49,24,0,635,0,0,0,635
07/25/2022,BWI,MD,AEA,EN,Towers with Radar,525,51,36,3,615,0,1,7,0,8,525,52,43,3,623,0,0,0,623
07/26/2022,BWI,MD,AEA,EN,Towers with Radar,590,57,44,4,695,0,0,4,0,4,590,57,48,4,699,0,0,0,699
07/27/2022,BWI,MD,AEA,EN,Towers with Radar,585,62,53,7,707,0,2,5,1,8,585,64,58,8,715,0,0,0,715
07/28/2022,BWI,MD,AEA,EN,Towers with Radar,599,55,27,1,682,0,1,6,4,11,599,56,33,5,693,0,0,0,693
07/29/2022,BWI,MD,AEA,EN,Towers with Radar,589,61,27,6,683,0,0,8,1,9,589,61,35,7,692,0,0,0,692
07/30/2022,BWI,MD,AEA,EN,Towers with Radar,538,32,22,2,594,0,3,11,1,15,538,35,33,3,609,0,0,0,609
07/31/2022,BWI,MD,AEA,EN,Towers with Radar,565,49,24,0,638,0,0,8,0,8,565,49,32,0,646,0,0,0,646
08/01/2022,BWI,MD,AEA,EN,Towers with Radar,584,46,35,1,666,0,2,11,4,17,584,48,46,5,683,0,0,0,683
08/02/2022,BWI,MD,AEA,EN,Towers with Radar,579,41,25,1,646,0,6,10,1,17,579,47,35,2,663,0,0,0,663
08/03/2022,BWI,MD,AEA,EN,Towers with Radar,549,56,29,4,638,0,0,12,1,13,549,56,41,5,651,0,0,0,651
08/04/2022,BWI,MD,AEA,EN,Towers with Radar,468,50,34,3,555,0,0,6,2,8,468,50,40,5,563,0,0,0,563
08/05/2022,BWI,MD,AEA,EN,Towers with Radar,529,49,31,0,609,0,0,1,0,1,529,49,32,0,610,0,0,0,610
08/06/2022,BWI,MD,AEA,EN,Towers with Radar,540,37,23,0,600,0,0,1,0,1,540,37,24,0,601,0,0,0,601
08/07/2022,BWI,MD,AEA,EN,Towers with Radar,573,32,18,0,623,0,2,7,2,11,573,34,25,2,634,0,0,0,634
08/08/2022,BWI,MD,AEA,EN,Towers with Radar,567,46,26,4,643,0,4,2,2,8,567,50,28,6,651,0,0,0,651
08/09/2022,BWI,MD,AEA,EN,Towers with Radar,592,50,32,1,675,0,0,2,1,3,592,50,34,2,678,0,0,0,678
08/10/2022,BWI,MD,AEA,EN,Towers with Radar,477,59,22,8,566,0,1,5,2,8,477,60,27,10,574,0,0,0,574
08/11/2022,BWI,MD,AEA,EN,Towers with Radar,583,74,40,2,699,0,0,6,0,6,583,74,46,2,705,0,0,0,705
08/12/2022,BWI,MD,AEA,EN,Towers with Radar,606,41,32,2,681,0,2,13,0,15,606,43,45,2,696,0,0,0,696
08/13/2022,BWI,MD,AEA,EN,Towers with Radar,545,26,24,1,596,0,0,12,0,12,545,26,36,1,608,0,0,0,608
08/14/2022,BWI,MD,AEA,EN,Towers with Radar,565,65,25,0,655,0,0,2,0,2,565,65,27,0,657,0,0,0,657
08/15/2022,BWI,MD,AEA,EN,Towers with Radar,589,54,46,0,689,0,0,4,0,4,589,54,50,0,693,0,0,0,693
08/16/2022,BWI,MD,AEA,EN,Towers with Radar,583,48,35,2,668,0,1,12,4,17,583,49,47,6,685,0,0,0,685
08/17/2022,BWI,MD,AEA,EN,Towers with Radar,592,39,33,6,670,0,1,2,2,5,592,40,35,8,675,0,0,0,675
08/18/2022,BWI,MD,AEA,EN,Towers with Radar,590,45,36,0,671,0,0,8,0,8,590,45,44,0,679,0,0,0,679
08/19/2022,BWI,MD,AEA,EN,Towers with Radar,596,49,24,0,669,0,0,5,0,5,596,49,29,0,674,0,0,0,674
08/20/2022,BWI,MD,AEA,EN,Towers with Radar,542,20,14,0,576,0,2,9,0,11,542,22,23,0,587,0,0,0,587
08/21/2022,BWI,MD,AEA,EN,Towers with Radar,543,40,24,0,607,0,0,0,0,0,543,40,24,0,607,0,0,0,607
08/22/2022,BWI,MD,AEA,EN,Towers with Radar,560,33,22,3,618,0,0,0,0,0,560,33,22,3,618,0,0,0,618
08/23/2022,BWI,MD,AEA,EN,Towers with Radar,597,58,32,1,688,0,0,5,1,6,597,58,37,2,694,0,0,0,694
08/24/2022,BWI,MD,AEA,EN,Towers with Radar,593,64,29,2,688,0,0,6,0,6,593,64,35,2,694,0,0,0,694
08/25/2022,BWI,MD,AEA,EN,Towers with Radar,597,63,28,5,693,0,1,11,1,13,597,64,39,6,706,0,0,0,706
08/26/2022,BWI,MD,AEA,EN,Towers with Radar,589,33,28,2,652,0,0,12,0,12,589,33,40,2,664,0,0,0,664
08/27/2022,BWI,MD,AEA,EN,Towers with Radar,551,28,17,1,597,0,0,4,0,4,551,28,21,1,601,0,0,0,601
08/28/2022,BWI,MD,AEA,EN,Towers with Radar,573,29,22,0,624,0,1,5,0,6,573,30,27,0,630,0,0,0,630
08/29/2022,BWI,MD,AEA,EN,Towers with Radar,556,45,25,1,627,0,1,9,1,11,556,46,34,2,638,0,0,0,638
08/30/2022,BWI,MD,AEA,EN,Towers with Radar,519,58,23,1,601,0,3,3,3,9,519,61,26,4,610,0,0,0,610
08/31/2022,BWI,MD,AEA,EN,Towers with Radar,583,50,42,1,676,0,1,5,3,9,583,51,47,4,685,0,0,0,685
09/01/2022,BWI,MD,AEA,EN,Towers with Radar,583,53,41,5,682,0,2,4,1,7,583,55,45,6,689,0,0,0,689
09/02/2022,BWI,MD,AEA,EN,Towers with Radar,600,53,28,1,682,0,1,8,1,10,600,54,36,2,692,0,0,0,692
09/03/2022,BWI,MD,AEA,EN,Towers with Radar,542,25,13,0,580,0,2,4,0,6,542,27,17,0,586,0,0,0,586
09/04/2022,BWI,MD,AEA,EN,Towers with Radar,502,29,22,0,553,0,0,2,0,2,502,29,24,0,555,0,0,0,555
09/05/2022,BWI,MD,AEA,EN,Towers with Radar,580,26,24,0,630,0,0,2,0,2,580,26,26,0,632,0,0,0,632
09/06/2022,BWI,MD,AEA,EN,Towers with Radar,526,35,25,1,587,0,0,0,0,0,526,35,25,1,587,0,0,0,587
09/07/2022,BWI,MD,AEA,EN,Towers with Radar,519,47,20,2,588,0,0,2,0,2,519,47,22,2,590,0,0,0,590
09/08/2022,BWI,MD,AEA,EN,Towers with Radar,569,58,39,5,671,0,1,8,0,9,569,59,47,5,680,0,0,0,680
09/09/2022,BWI,MD,AEA,EN,Towers with Radar,575,59,30,5,669,0,2,1,4,7,575,61,31,9,676,0,0,0,676
09/10/2022,BWI,MD,AEA,EN,Towers with Radar,538,36,21,0,595,0,2,1,1,4,538,38,22,1,599,0,0,0,599
09/11/2022,BWI,MD,AEA,EN,Towers with Radar,566,42,25,2,635,0,0,0,0,0,566,42,25,2,635,0,0,0,635
09/12/2022,BWI,MD,AEA,EN,Towers with Radar,525,57,28,0,610,0,0,3,0,3,525,57,31,0,613,0,0,0,613
09/13/2022,BWI,MD,AEA,EN,Towers with Radar,547,49,30,2,628,0,1,14,0,15,547,50,44,2,643,0,0,0,643
09/14/2022,BWI,MD,AEA,EN,Towers with Radar,519,53,20,4,596,0,2,8,0,10,519,55,28,4,606,0,0,0,606
09/15/2022,BWI,MD,AEA,EN,Towers with Radar,578,66,30,7,681,0,0,17,5,22,578,66,47,12,703,0,0,0,703
09/16/2022,BWI,MD,AEA,EN,Towers with Radar,577,60,16,6,659,0,0,8,0,8,577,60,24,6,667,0,0,0,667
09/17/2022,BWI,MD,AEA,EN,Towers with Radar,525,36,29,6,596,0,0,10,0,10,525,36,39,6,606,0,0,0,606
09/18/2022,BWI,MD,AEA,EN,Towers with Radar,565,39,47,3,654,0,1,11,0,12,565,40,58,3,666,0,0,0,666
09/19/2022,BWI,MD,AEA,EN,Towers with Radar,566,30,29,3,628,0,0,17,0,17,566,30,46,3,645,0,0,0,645
09/20/2022,BWI,MD,AEA,EN,Towers with Radar,529,60,35,2,626,0,1,4,1,6,529,61,39,3,632,0,0,0,632
09/21/2022,BWI,MD,AEA,EN,Towers with Radar,537,63,41,1,642,0,2,6,1,9,537,65,47,2,651,0,0,0,651
09/22/2022,BWI,MD,AEA,EN,Towers with Radar,568,79,52,0,699,0,0,1,0,1,568,79,53,0,700,0,0,0,700
09/23/2022,BWI,MD,AEA,EN,Towers with Radar,584,55,27,1,667,0,0,1,2,3,584,55,28,3,670,0,0,0,670
09/24/2022,BWI,MD,AEA,EN,Towers with Radar,532,32,15,2,581,0,0,9,0,9,532,32,24,2,590,0,0,0,590
09/25/2022,BWI,MD,AEA,EN,Towers with Radar,573,33,28,0,634,0,0,0,0,0,573,33,28,0,634,0,0,0,634
09/26/2022,BWI,MD,AEA,EN,Towers with Radar,571,42,28,2,643,0,0,8,0,8,571,42,36,2,651,0,0,0,651
09/27/2022,BWI,MD,AEA,EN,Towers with Radar,512,57,27,1,597,0,0,5,1,6,512,57,32,2,603,0,0,0,603
09/28/2022,BWI,MD,AEA,EN,Towers with Radar,473,51,20,1,545,0,1,9,1,11,473,52,29,2,556,0,0,0,556
09/29/2022,BWI,MD,AEA,EN,Towers with Radar,503,50,28,1,582,0,1,8,1,10,503,51,36,2,592,0,0,0,592
09/30/2022,BWI,MD,AEA,EN,Towers with Radar,507,44,19,2,572,0,0,0,0,0,507,44,19,2,572,0,0,0,572
10/01/2022,BWI,MD,AEA,EN,Towers with Radar,507,38,12,0,557,0,0,0,0,0,507,38,12,0,557,0,0,0,557
10/02/2022,BWI,MD,AEA,EN,Towers with Radar,549,42,24,0,615,0,0,0,0,0,549,42,24,0,615,0,0,0,615
10/03/2022,BWI,MD,AEA,EN,Towers with Radar,561,53,35,1,650,0,0,1,0,1,561,53,36,1,651,0,0,0,651
10/04/2022,BWI,MD,AEA,EN,Towers with Radar,522,52,41,0,615,0,0,1,0,1,522,52,42,0,616,0,0,0,616
10/05/2022,BWI,MD,AEA,EN,Towers with Radar,524,53,32,6,615,0,0,2,0,2,524,53,34,6,617,0,0,0,617
10/06/2022,BWI,MD,AEA,EN,Towers with Radar,579,52,47,10,688,0,1,8,3,12,579,53,55,13,700,0,0,0,700
10/07/2022,BWI,MD,AEA,EN,Towers with Radar,578,71,33,2,684,0,0,4,4,8,578,71,37,6,692,0,0,0,692
10/08/2022,BWI,MD,AEA,EN,Towers with Radar,522,41,28,1,592,0,3,0,0,3,522,44,28,1,595,0,0,0,595
10/09/2022,BWI,MD,AEA,EN,Towers with Radar,568,50,42,0,660,0,0,0,2,2,568,50,42,2,662,0,0,0,662
10/10/2022,BWI,MD,AEA,EN,Towers with Radar,564,53,24,0,641,0,1,2,0,3,564,54,26,0,644,0,0,0,644
10/11/2022,BWI,MD,AEA,EN,Towers with Radar,559,50,27,4,640,0,1,7,0,8,559,51,34,4,648,0,0,0,648
10/12/2022,BWI,MD,AEA,EN,Towers with Radar,551,50,46,2,649,0,0,6,2,8,551,50,52,4,657,0,0,0,657
10/13/2022,BWI,MD,AEA,EN,Towers with Radar,572,46,25,4,647,0,0,0,0,0,572,46,25,4,647,0,0,0,647
10/14/2022,BWI,MD,AEA,EN,Towers with Radar,583,61,22,3,669,0,0,5,1,6,583,61,27,4,675,0,0,0,675
10/15/2022,BWI,MD,AEA,EN,Towers with Radar,530,48,12,0,590,0,1,4,0,5,530,49,16,0,595,0,0,0,595
10/16/2022,BWI,MD,AEA,EN,Towers with Radar,554,40,32,0,626,0,2,3,0,5,554,42,35,0,631,0,0,0,631
10/17/2022,BWI,MD,AEA,EN,Towers with Radar,564,37,18,1,620,0,1,0,1,2,564,38,18,2,622,0,0,0,622
10/18/2022,BWI,MD,AEA,EN,Towers with Radar,551,48,26,3,628,0,0,6,1,7,551,48,32,4,635,0,0,0,635
10/19/2022,BWI,MD,AEA,EN,Towers with Radar,565,47,24,3,639,0,2,5,1,8,565,49,29,4,647,0,0,0,647
10/20/2022,BWI,MD,AEA,EN,Towers with Radar,564,50,38,1,653,0,1,7,1,9,564,51,45,2,662,0,0,0,662
10/21/2022,BWI,MD,AEA,EN,Towers with Radar,587,45,29,1,662,0,0,3,0,3,587,45,32,1,665,0,0,0,665
10/22/2022,BWI,MD,AEA,EN,Towers with Radar,530,29,25,0,584,0,0,4,0,4,530,29,29,0,588,0,0,0,588
10/23/2022,BWI,MD,AEA,EN,Towers with Radar,558,55,41,2,656,0,0,4,0,4,558,55,45,2,660,0,0,0,660
10/24/2022,BWI,MD,AEA,EN,Towers with Radar,569,42,30,0,641,0,0,0,0,0,569,42,30,0,641,0,0,0,641
10/25/2022,BWI,MD,AEA,EN,Towers with Radar,572,46,29,5,652,0,0,0,0,0,572,46,29,5,652,0,0,0,652
10/26/2022,BWI,MD,AEA,EN,Towers with Radar,568,54,38,10,670,0,0,0,0,0,568,54,38,10,670,0,0,0,670
10/27/2022,BWI,MD,AEA,EN,Towers with Radar,564,65,25,1,655,0,4,6,1,11,564,69,31,2,666,0,0,0,666
10/28/2022,BWI,MD,AEA,EN,Towers with Radar,560,64,24,1,649,0,0,3,3,6,560,64,27,4,655,0,0,0,655
10/29/2022,BWI,MD,AEA,EN,Towers with Radar,524,32,22,0,578,0,0,3,0,3,524,32,25,0,581,0,0,0,581
10/30/2022,BWI,MD,AEA,EN,Towers with Radar,556,31,22,1,610,0,1,2,0,3,556,32,24,1,613,0,0,0,613
10/31/2022,BWI,MD,AEA,EN,Towers with Radar,533,42,17,2,594,0,0,2,0,2,533,42,19,2,596,0,0,0,596
11/01/2022,BWI,MD,AEA,EN,Towers with Radar,555,40,42,6,643,0,2,0,2,4,555,42,42,8,647,0,0,0,647
11/02/2022,BWI,MD,AEA,EN,Towers with Radar,549,58,34,1,642,0,0,6,3,9,549,58,40,4,651,0,0,0,651
11/03/2022,BWI,MD,AEA,EN,Towers with Radar,562,53,39,0,654,0,4,6,0,10,562,57,45,0,664,0,0,0,664
11/04/2022,BWI,MD,AEA,EN,Towers with Radar,564,39,33,3,639,0,0,4,2,6,564,39,37,5,645,0,0,0,645
11/05/2022,BWI,MD,AEA,EN,Towers with Radar,519,23,18,0,560,0,1,4,0,5,519,24,22,0,565,0,0,0,565
11/06/2022,BWI,MD,AEA,EN,Towers with Radar,533,38,31,0,602,0,0,10,0,10,533,38,41,0,612,0,0,0,612
11/07/2022,BWI,MD,AEA,EN,Towers with Radar,532,40,20,6,598,0,0,13,1,14,532,40,33,7,612,0,0,0,612
11/08/2022,BWI,MD,AEA,EN,Towers with Radar,524,44,28,0,596,0,2,4,0,6,524,46,32,0,602,0,0,0,602
11/09/2022,BWI,MD,AEA,EN,Towers with Radar,490,53,22,4,569,0,2,9,1,12,490,55,31,5,581,0,0,0,581
11/10/2022,BWI,MD,AEA,EN,Towers with Radar,516,52,39,3,610,0,0,12,0,12,516,52,51,3,622,0,0,0,622
11/11/2022,BWI,MD,AEA,EN,Towers with Radar,551,51,21,1,624,0,0,0,0,0,551,51,21,1,624,0,0,0,624
11/12/2022,BWI,MD,AEA,EN,Towers with Radar,537,52,18,0,607,0,1,7,0,8,537,53,25,0,615,0,0,0,615
11/13/2022,BWI,MD,AEA,EN,Towers with Radar,529,59,24,0,612,0,0,0,2,2,529,59,24,2,614,0,0,0,614
11/14/2022,BWI,MD,AEA,EN,Towers with Radar,540,45,30,3,618,0,0,5,2,7,540,45,35,5,625,0,0,0,625
11/15/2022,BWI,MD,AEA,EN,Towers with Radar,524,51,27,4,606,0,0,6,2,8,524,51,33,6,614,0,0,0,614
11/16/2022,BWI,MD,AEA,EN,Towers with Radar,527,55,44,3,629,0,2,15,3,20,527,57,59,6,649,0,0,0,649
11/17/2022,BWI,MD,AEA,EN,Towers with Radar,544,57,41,8,650,0,0,7,3,10,544,57,48,11,660,0,0,0,660
11/18/2022,BWI,MD,AEA,EN,Towers with Radar,549,52,29,4,634,0,0,5,2,7,549,52,34,6,641,0,0,0,641
11/19/2022,BWI,MD,AEA,EN,Towers with Radar,529,37,29,0,595,0,0,8,0,8,529,37,37,0,603,0,0,0,603
11/20/2022,BWI,MD,AEA,EN,Towers with Radar,528,28,30,2,588,0,0,6,0,6,528,28,36,2,594,0,0,0,594
11/21/2022,BWI,MD,AEA,EN,Towers with Radar,545,42,20,8,615,0,3,7,0,10,545,45,27,8,625,0,0,0,625
11/22/2022,BWI,MD,AEA,EN,Towers with Radar,546,65,23,0,634,0,0,7,0,7,546,65,30,0,641,0,0,0,641
11/23/2022,BWI,MD,AEA,EN,Towers with Radar,557,49,14,2,622,0,2,10,0,12,557,51,24,2,634,0,0,0,634
11/24/2022,BWI,MD,AEA,EN,Towers with Radar,396,17,10,0,423,0,1,3,0,4,396,18,13,0,427,0,0,0,427
11/25/2022,BWI,MD,AEA,EN,Towers with Radar,494,38,9,1,542,0,0,0,0,0,494,38,9,1,542,0,0,0,542
11/26/2022,BWI,MD,AEA,EN,Towers with Radar,548,43,24,1,616,0,0,11,0,11,548,43,35,1,627,0,0,0,627
11/27/2022,BWI,MD,AEA,EN,Towers with Radar,531,51,33,3,618,0,0,1,0,1,531,51,34,3,619,0,0,0,619
11/28/2022,BWI,MD,AEA,EN,Towers with Radar,553,48,15,1,617,0,2,6,1,9,553,50,21,2,626,0,0,0,626
11/29/2022,BWI,MD,AEA,EN,Towers with Radar,546,54,22,2,624,0,0,7,2,9,546,54,29,4,633,0,0,0,633
11/30/2022,BWI,MD,AEA,EN,Towers with Radar,532,45,16,1,594,0,0,0,0,0,532,45,16,1,594,0,0,0,594
12/01/2022,BWI,MD,AEA,EN,Towers with Radar,532,70,38,1,641,0,1,9,1,11,532,71,47,2,652,0,0,0,652
12/02/2022,BWI,MD,AEA,EN,Towers with Radar,538,50,28,1,617,0,0,4,1,5,538,50,32,2,622,0,0,0,622
12/03/2022,BWI,MD,AEA,EN,Towers with Radar,533,23,19,1,576,0,2,0,0,2,533,25,19,1,578,0,0,0,578
12/04/2022,BWI,MD,AEA,EN,Towers with Radar,536,36,37,0,609,0,0,1,0,1,536,36,38,0,610,0,0,0,610
12/05/2022,BWI,MD,AEA,EN,Towers with Radar,551,40,21,6,618,0,0,5,0,5,551,40,26,6,623,0,0,0,623
12/06/2022,BWI,MD,AEA,EN,Towers with Radar,550,50,29,2,631,0,1,0,0,1,550,51,29,2,632,0,0,0,632
12/07/2022,BWI,MD,AEA,EN,Towers with Radar,548,44,30,4,626,0,0,0,0,0,548,44,30,4,626,0,0,0,626
12/08/2022,BWI,MD,AEA,EN,Towers with Radar,555,41,27,7,630,0,1,8,4,13,555,42,35,11,643,0,0,0,643
12/09/2022,BWI,MD,AEA,EN,Towers with Radar,556,46,23,2,627,0,0,10,2,12,556,46,33,4,639,0,0,0,639
12/10/2022,BWI,MD,AEA,EN,Towers with Radar,531,31,10,3,575,0,0,3,0,3,531,31,13,3,578,0,0,0,578
12/11/2022,BWI,MD,AEA,EN,Towers with Radar,543,26,16,0,585,0,0,0,0,0,543,26,16,0,585,0,0,0,585
12/12/2022,BWI,MD,AEA,EN,Towers with Radar,546,41,29,3,619,0,0,3,0,3,546,41,32,3,622,0,0,0,622
12/13/2022,BWI,MD,AEA,EN,Towers with Radar,550,46,28,2,626,0,1,8,2,11,550,47,36,4,637,0,0,0,637
12/14/2022,BWI,MD,AEA,EN,Towers with Radar,555,53,28,2,638,0,1,8,3,12,555,54,36,5,650,0,0,0,650
12/15/2022,BWI,MD,AEA,EN,Towers with Radar,525,60,24,0,609,0,0,0,0,0,525,60,24,0,609,0,0,0,609
12/16/2022,BWI,MD,AEA,EN,Towers with Radar,575,53,20,1,649,0,1,4,0,5,575,54,24,1,654,0,0,0,654
12/17/2022,BWI,MD,AEA,EN,Towers with Radar,544,26,23,0,593,0,1,0,0,1,544,27,23,0,594,0,0,0,594
12/18/2022,BWI,MD,AEA,EN,Towers with Radar,538,27,26,0,591,0,2,0,0,2,538,29,26,0,593,0,0,0,593
12/19/2022,BWI,MD,AEA,EN,Towers with Radar,549,35,19,1,604,0,0,7,0,7,549,35,26,1,611,0,0,0,611
12/20/2022,BWI,MD,AEA,EN,Towers with Radar,560,36,41,1,638,0,0,11,3,14,560,36,52,4,652,0,0,0,652
12/21/2022,BWI,MD,AEA,EN,Towers with Radar,542,39,31,1,613,0,1,11,1,13,542,40,42,2,626,0,0,0,626
12/22/2022,BWI,MD,AEA,EN,Towers with Radar,509,36,11,0,556,0,0,0,0,0,509,36,11,0,556,0,0,0,556
12/23/2022,BWI,MD,AEA,EN,Towers with Radar,394,31,12,0,437,0,0,0,0,0,394,31,12,0,437,0,0,0,437
12/24/2022,BWI,MD,AEA,EN,Towers with Radar,342,24,26,0,392,0,1,0,0,1,342,25,26,0,393,0,0,0,393
12/25/2022,BWI,MD,AEA,EN,Towers with Radar,295,13,7,0,315,0,0,0,0,0,295,13,7,0,315,0,0,0,315
12/26/2022,BWI,MD,AEA,EN,Towers with Radar,247,37,24,0,308,0,0,3,0,3,247,37,27,0,311,0,0,0,311
12/27/2022,BWI,MD,AEA,EN,Towers with Radar,309,37,42,0,388,0,0,4,0,4,309,37,46,0,392,0,0,0,392
12/28/2022,BWI,MD,AEA,EN,Towers with Radar,374,66,43,0,483,0,1,7,0,8,374,67,50,0,491,0,0,0,491
12/29/2022,BWI,MD,AEA,EN,Towers with Radar,370,46,17,0,433,0,2,6,1,9,370,48,23,1,442,0,0,0,442
12/30/2022,BWI,MD,AEA,EN,Towers with Radar,553,40,18,0,611,0,0,5,0,5,553,40,23,0,616,0,0,0,616
12/31/2022,BWI,MD,AEA,EN,Towers with Radar,490,19,9,0,518,0,0,2,0,2,490,19,11,0,520,0,0,0,520
01/01/2023,BWI,MD,AEA,EN,Towers with Radar,491,25,24,0,540,0,0,2,0,2,491,25,26,0,542,0,0,0,542
01/02/2023,BWI,MD,AEA,EN,Towers with Radar,497,36,25,0,558,0,2,11,0,13,497,38,36,0,571,0,0,0,571
01/03/2023,BWI,MD,AEA,EN,Towers with Radar,564,41,16,0,621,0,0,2,0,2,564,41,18,0,623,0,0,0,623
01/04/2023,BWI,MD,AEA,EN,Towers with Radar,533,39,28,4,604,0,2,1,0,3,533,41,29,4,607,0,0,0,607
01/05/2023,BWI,MD,AEA,EN,Towers with Radar,538,43,32,3,616,0,0,4,1,5,538,43,36,4,621,0,0,0,621
01/06/2023,BWI,MD,AEA,EN,Towers with Radar,545,51,17,0,613,0,0,1,0,1,545,51,18,0,614,0,0,0,614
01/07/2023,BWI,MD,AEA,EN,Towers with Radar,481,22,14,0,517,0,0,6,1,7,481,22,20,1,524,0,0,0,524
01/08/2023,BWI,MD,AEA,EN,Towers with Radar,520,28,19,0,567,0,1,2,0,3,520,29,21,0,570,0,0,0,570
01/09/2023,BWI,MD,AEA,EN,Towers with Radar,544,31,22,4,601,0,0,4,1,5,544,31,26,5,606,0,0,0,606
01/10/2023,BWI,MD,AEA,EN,Towers with Radar,539,33,16,1,589,0,1,4,1,6,539,34,20,2,595,0,0,0,595
01/11/2023,BWI,MD,AEA,EN,Towers with Radar,490,40,6,1,537,0,1,15,1,17,490,41,21,2,554,0,0,0,554
01/12/2023,BWI,MD,AEA,EN,Towers with Radar,560,51,23,6,640,0,0,3,0,3,560,51,26,6,643,0,0,0,643
01/13/2023,BWI,MD,AEA,EN,Towers with Radar,550,53,9,2,614,0,0,1,2,3,550,53,10,4,617,0,0,0,617
01/14/2023,BWI,MD,AEA,EN,Towers with Radar,479,29,15,3,526,0,0,2,0,2,479,29,17,3,528,0,0,0,528
01/15/2023,BWI,MD,AEA,EN,Towers with Radar,515,26,16,0,557,0,0,4,0,4,515,26,20,0,561,0,0,0,561
01/16/2023,BWI,MD,AEA,EN,Towers with Radar,540,41,27,2,610,0,0,9,2,11,540,41,36,4,621,0,0,0,621
01/17/2023,BWI,MD,AEA,EN,Towers with Radar,545,63,29,2,639,0,1,0,0,1,545,64,29,2,640,0,0,0,640
01/18/2023,BWI,MD,AEA,EN,Towers with Radar,537,51,39,1,628,0,0,6,1,7,537,51,45,2,635,0,0,0,635
01/19/2023,BWI,MD,AEA,EN,Towers with Radar,538,51,13,0,602,0,0,0,0,0,538,51,13,0,602,0,0,0,602
01/20/2023,BWI,MD,AEA,EN,Towers with Radar,556,47,8,0,611,0,0,0,0,0,556,47,8,0,611,0,0,0,611
01/21/2023,BWI,MD,AEA,EN,Towers with Radar,470,31,20,0,521,0,0,3,0,3,470,31,23,0,524,0,0,0,524
01/22/2023,BWI,MD,AEA,EN,Towers with Radar,517,26,10,0,553,0,0,0,0,0,517,26,10,0,553,0,0,0,553
01/23/2023,BWI,MD,AEA,EN,Towers with Radar,533,36,22,2,593,0,0,0,1,1,533,36,22,3,594,0,0,0,594
01/24/2023,BWI,MD,AEA,EN,Towers with Radar,546,39,31,1,617,0,1,2,1,4,546,40,33,2,621,0,0,0,621
01/25/2023,BWI,MD,AEA,EN,Towers with Radar,524,48,11,0,583,0,0,0,0,0,524,48,11,0,583,0,0,0,583
01/26/2023,BWI,MD,AEA,EN,Towers with Radar,540,47,32,2,621,0,2,0,1,3,540,49,32,3,624,0,0,0,624
01/27/2023,BWI,MD,AEA,EN,Towers with Radar,552,46,22,2,622,0,0,6,1,7,552,46,28,3,629,0,0,0,629
01/28/2023,BWI,MD,AEA,EN,Towers with Radar,476,29,25,1,531,0,1,11,0,12,476,30,36,1,543,0,0,0,543
01/29/2023,BWI,MD,AEA,EN,Towers with Radar,513,27,21,0,561,0,0,2,0,2,513,27,23,0,563,0,0,0,563
01/30/2023,BWI,MD,AEA,EN,Towers with Radar,536,31,11,1,579,0,0,3,0,3,536,31,14,1,582,0,0,0,582
01/31/2023,BWI,MD,AEA,EN,Towers with Radar,507,48,19,2,576,0,0,0,2,2,507,48,19,4,578,0,0,0,578
02/01/2023,BWI,MD,AEA,EN,Towers with Radar,513,49,38,3,603,0,0,0,1,1,513,49,38,4,604,0,0,0,604
02/02/2023,BWI,MD,AEA,EN,Towers with Radar,526,42,24,5,597,0,0,2,0,2,526,42,26,5,599,0,0,0,599
02/03/2023,BWI,MD,AEA,EN,Towers with Radar,558,47,15,2,622,0,0,0,0,0,558,47,15,2,622,0,0,0,622
02/04/2023,BWI,MD,AEA,EN,Towers with Radar,457,29,23,2,511,0,1,3,0,4,457,30,26,2,515,0,0,0,515
02/05/2023,BWI,MD,AEA,EN,Towers with Radar,526,26,22,7,581,0,2,0,1,3,526,28,22,8,584,0,0,0,584
02/06/2023,BWI,MD,AEA,EN,Towers with Radar,543,37,21,5,606,0,2,1,2,5,543,39,22,7,611,0,0,0,611
02/07/2023,BWI,MD,AEA,EN,Towers with Radar,537,52,25,2,616,0,0,12,1,13,537,52,37,3,629,0,0,0,629
02/08/2023,BWI,MD,AEA,EN,Towers with Radar,539,43,29,1,612,0,2,12,0,14,539,45,41,1,626,0,0,0,626
02/09/2023,BWI,MD,AEA,EN,Towers with Radar,539,59,24,5,627,0,0,8,2,10,539,59,32,7,637,0,0,0,637
02/10/2023,BWI,MD,AEA,EN,Towers with Radar,554,45,17,1,617,0,0,14,0,14,554,45,31,1,631,0,0,0,631
02/11/2023,BWI,MD,AEA,EN,Towers with Radar,466,33,13,2,514,0,0,6,2,8,466,33,19,4,522,0,0,0,522
02/12/2023,BWI,MD,AEA,EN,Towers with Radar,507,28,10,0,545,0,1,0,0,1,507,29,10,0,546,0,0,0,546
02/13/2023,BWI,MD,AEA,EN,Towers with Radar,546,36,16,5,603,0,0,3,0,3,546,36,19,5,606,0,0,0,606
02/14/2023,BWI,MD,AEA,EN,Towers with Radar,540,46,15,3,604,0,0,5,1,6,540,46,20,4,610,0,0,0,610
02/15/2023,BWI,MD,AEA,EN,Towers with Radar,528,48,24,3,603,0,0,4,0,4,528,48,28,3,607,0,0,0,607
02/16/2023,BWI,MD,AEA,EN,Towers with Radar,535,51,28,3,617,0,0,0,3,3,535,51,28,6,620,0,0,0,620
02/17/2023,BWI,MD,AEA,EN,Towers with Radar,557,43,11,0,611,0,2,0,0,2,557,45,11,0,613,0,0,0,613
02/18/2023,BWI,MD,AEA,EN,Towers with Radar,477,27,17,0,521,0,0,4,0,4,477,27,21,0,525,0,0,0,525
02/19/2023,BWI,MD,AEA,EN,Towers with Radar,515,23,9,2,549,0,1,4,0,5,515,24,13,2,554,0,0,0,554
02/20/2023,BWI,MD,AEA,EN,Towers with Radar,548,41,26,2,617,0,1,5,1,7,548,42,31,3,624,0,0,0,624
02/21/2023,BWI,MD,AEA,EN,Towers with Radar,541,40,11,0,592,0,0,0,0,0,541,40,11,0,592,0,0,0,592
02/22/2023,BWI,MD,AEA,EN,Towers with Radar,517,43,15,0,575,0,0,0,0,0,517,43,15,0,575,0,0,0,575
02/23/2023,BWI,MD,AEA,EN,Towers with Radar,524,50,33,4,611,0,0,7,2,9,524,50,40,6,620,0,0,0,620
02/24/2023,BWI,MD,AEA,EN,Towers with Radar,544,60,25,1,630,0,0,0,1,1,544,60,25,2,631,0,0,0,631
02/25/2023,BWI,MD,AEA,EN,Towers with Radar,482,28,6,1,517,0,0,0,0,0,482,28,6,1,517,0,0,0,517
02/26/2023,BWI,MD,AEA,EN,Towers with Radar,515,23,24,0,562,0,0,1,0,1,515,23,25,0,563,0,0,0,563
02/27/2023,BWI,MD,AEA,EN,Towers with Radar,544,22,17,0,583,0,0,3,0,3,544,22,20,0,586,0,0,0,586
02/28/2023,BWI,MD,AEA,EN,Towers with Radar,544,37,17,1,599,0,0,0,1,1,544,37,17,2,600,0,0,0,600
03/01/2023,BWI,MD,AEA,EN,Towers with Radar,532,51,29,9,621,0,0,6,3,9,532,51,35,12,630,0,0,0,630
03/02/2023,BWI,MD,AEA,EN,Towers with Radar,538,38,34,6,616,0,2,1,2,5,538,40,35,8,621,0,0,0,621
03/03/2023,BWI,MD,AEA,EN,Towers with Radar,536,39,18,0,593,0,1,1,0,2,536,40,19,0,595,0,0,0,595
03/04/2023,BWI,MD,AEA,EN,Towers with Radar,473,21,7,0,501,0,2,0,0,2,473,23,7,0,503,0,0,0,503
03/05/2023,BWI,MD,AEA,EN,Towers with Radar,519,26,23,0,568,0,1,2,0,3,519,27,25,0,571,0,0,0,571
03/06/2023,BWI,MD,AEA,EN,Towers with Radar,549,32,27,1,609,0,0,6,0,6,549,32,33,1,615,0,0,0,615
03/07/2023,BWI,MD,AEA,EN,Towers with Radar,529,40,18,4,591,0,3,0,4,7,529,43,18,8,598,0,0,0,598
03/08/2023,BWI,MD,AEA,EN,Towers with Radar,532,56,32,4,624,0,1,2,3,6,532,57,34,7,630,0,0,0,630
03/09/2023,BWI,MD,AEA,EN,Towers with Radar,550,46,32,6,634,0,0,4,6,10,550,46,36,12,644,0,0,0,644
03/10/2023,BWI,MD,AEA,EN,Towers with Radar,573,43,17,5,638,0,0,0,0,0,573,43,17,5,638,0,0,0,638
03/11/2023,BWI,MD,AEA,EN,Towers with Radar,496,35,14,0,545,0,0,2,0,2,496,35,16,0,547,0,0,0,547
03/12/2023,BWI,MD,AEA,EN,Towers with Radar,507,26,22,0,555,0,1,1,0,2,507,27,23,0,557,0,0,0,557
03/13/2023,BWI,MD,AEA,EN,Towers with Radar,568,35,13,1,617,0,0,0,2,2,568,35,13,3,619,0,0,0,619
03/14/2023,BWI,MD,AEA,EN,Towers with Radar,528,40,8,1,577,0,1,2,1,4,528,41,10,2,581,0,0,0,581
03/15/2023,BWI,MD,AEA,EN,Towers with Radar,557,44,11,5,617,0,0,0,0,0,557,44,11,5,617,0,0,0,617
03/16/2023,BWI,MD,AEA,EN,Towers with Radar,562,55,22,5,644,0,0,14,2,16,562,55,36,7,660,0,0,0,660
03/17/2023,BWI,MD,AEA,EN,Towers with Radar,584,38,17,0,639,0,1,2,0,3,584,39,19,0,642,0,0,0,642
03/18/2023,BWI,MD,AEA,EN,Towers with Radar,500,33,15,0,548,0,0,3,0,3,500,33,18,0,551,0,0,0,551
03/19/2023,BWI,MD,AEA,EN,Towers with Radar,525,37,23,0,585,0,2,2,0,4,525,39,25,0,589,0,0,0,589
03/20/2023,BWI,MD,AEA,EN,Towers with Radar,575,31,26,1,633,0,1,9,0,10,575,32,35,1,643,0,0,0,643
03/21/2023,BWI,MD,AEA,EN,Towers with Radar,571,45,27,2,645,0,0,16,2,18,571,45,43,4,663,0,0,0,663
03/22/2023,BWI,MD,AEA,EN,Towers with Radar,560,41,22,3,626,0,1,12,3,16,560,42,34,6,642,0,0,0,642
03/23/2023,BWI,MD,AEA,EN,Towers with Radar,570,51,22,3,646,0,0,2,1,3,570,51,24,4,649,0,0,0,649
03/24/2023,BWI,MD,AEA,EN,Towers with Radar,575,39,27,4,645,0,0,1,0,1,575,39,28,4,646,0,0,0,646
03/25/2023,BWI,MD,AEA,EN,Towers with Radar,511,27,17,1,556,0,0,0,0,0,511,27,17,1,556,0,0,0,556
03/26/2023,BWI,MD,AEA,EN,Towers with Radar,500,33,16,0,549,0,0,3,0,3,500,33,19,0,552,0,0,0,552
03/27/2023,BWI,MD,AEA,EN,Towers with Radar,581,36,19,1,637,0,1,2,2,5,581,37,21,3,642,0,0,0,642
03/28/2023,BWI,MD,AEA,EN,Towers with Radar,570,45,32,2,649,0,2,5,0,7,570,47,37,2,656,0,0,0,656
03/29/2023,BWI,MD,AEA,EN,Towers with Radar,572,44,21,4,641,0,1,6,0,7,572,45,27,4,648,0,0,0,648
03/30/2023,BWI,MD,AEA,EN,Towers with Radar,562,37,26,2,627,0,0,12,4,16,562,37,38,6,643,0,0,0,643
03/31/2023,BWI,MD,AEA,EN,Towers with Radar,558,41,18,0,617,0,0,3,1,4,558,41,21,1,621,0,0,0,621
04/01/2023,BWI,MD,AEA,EN,Towers with Radar,458,18,6,0,482,0,0,0,0,0,458,18,6,0,482,0,0,0,482
04/02/2023,BWI,MD,AEA,EN,Towers with Radar,522,33,17,2,574,0,4,0,0,4,522,37,17,2,578,0,0,0,578
04/03/2023,BWI,MD,AEA,EN,Towers with Radar,570,32,17,2,621,0,0,3,0,3,570,32,20,2,624,0,0,0,624
04/04/2023,BWI,MD,AEA,EN,Towers with Radar,567,40,31,0,638,0,0,7,0,7,567,40,38,0,645,0,0,0,645
04/05/2023,BWI,MD,AEA,EN,Towers with Radar,562,42,29,3,636,0,1,5,2,8,562,43,34,5,644,0,0,0,644
04/06/2023,BWI,MD,AEA,EN,Towers with Radar,574,55,38,0,667,0,2,0,0,2,574,57,38,0,669,0,0,0,669
04/07/2023,BWI,MD,AEA,EN,Towers with Radar,595,45,27,2,669,0,1,6,0,7,595,46,33,2,676,0,0,0,676
04/08/2023,BWI,MD,AEA,EN,Towers with Radar,531,33,12,2,578,0,3,4,1,8,531,36,16,3,586,0,0,0,586
04/09/2023,BWI,MD,AEA,EN,Towers with Radar,529,27,17,0,573,0,0,0,0,0,529,27,17,0,573,0,0,0,573
04/10/2023,BWI,MD,AEA,EN,Towers with Radar,583,45,25,3,656,0,1,3,1,5,583,46,28,4,661,0,0,0,661
04/11/2023,BWI,MD,AEA,EN,Towers with Radar,596,52,24,1,673,0,0,10,1,11,596,52,34,2,684,0,0,0,684
04/12/2023,BWI,MD,AEA,EN,Towers with Radar,590,73,31,2,696,0,0,10,2,12,590,73,41,4,708,0,0,0,708
04/13/2023,BWI,MD,AEA,EN,Towers with Radar,587,60,23,0,670,0,2,6,0,8,587,62,29,0,678,0,0,0,678
04/14/2023,BWI,MD,AEA,EN,Towers with Radar,602,66,25,4,697,0,3,6,0,9,602,69,31,4,706,0,0,0,706
04/15/2023,BWI,MD,AEA,EN,Towers with Radar,516,49,6,0,571,0,0,0,0,0,516,49,6,0,571,0,0,0,571
04/16/2023,BWI,MD,AEA,EN,Towers with Radar,579,49,24,2,654,0,1,1,0,2,579,50,25,2,656,0,0,0,656
04/17/2023,BWI,MD,AEA,EN,Towers with Radar,611,41,27,9,688,0,0,7,2,9,611,41,34,11,697,0,0,0,697
04/18/2023,BWI,MD,AEA,EN,Towers with Radar,600,52,23,3,678,0,2,8,2,12,600,54,31,5,690,0,0,0,690
04/19/2023,BWI,MD,AEA,EN,Towers with Radar,604,44,25,2,675,0,1,10,4,15,604,45,35,6,690,0,0,0,690
04/20/2023,BWI,MD,AEA,EN,Towers with Radar,591,50,36,3,680,0,2,11,2,15,591,52,47,5,695,0,0,0,695
04/21/2023,BWI,MD,AEA,EN,Towers with Radar,618,53,30,2,703,0,0,5,0,5,618,53,35,2,708,0,0,0,708
04/22/2023,BWI,MD,AEA,EN,Towers with Radar,528,28,17,1,574,0,3,0,0,3,528,31,17,1,577,0,0,0,577
04/23/2023,BWI,MD,AEA,EN,Towers with Radar,604,43,28,0,675,0,0,14,0,14,604,43,42,0,689,0,0,0,689
04/24/2023,BWI,MD,AEA,EN,Towers with Radar,606,35,24,2,667,0,0,7,3,10,606,35,31,5,677,0,0,0,677
04/25/2023,BWI,MD,AEA,EN,Towers with Radar,598,33,39,0,670,0,0,9,0,9,598,33,48,0,679,0,0,0,679
04/26/2023,BWI,MD,AEA,EN,Towers with Radar,594,42,25,2,663,0,1,5,7,13,594,43,30,9,676,0,0,0,676
04/27/2023,BWI,MD,AEA,EN,Towers with Radar,588,50,23,0,661,0,1,10,0,11,588,51,33,0,672,0,0,0,672
04/28/2023,BWI,MD,AEA,EN,Towers with Radar,601,45,13,0,659,0,0,0,0,0,601,45,13,0,659,0,0,0,659
04/29/2023,BWI,MD,AEA,EN,Towers with Radar,536,32,17,0,585,0,0,0,0,0,536,32,17,0,585,0,0,0,585
04/30/2023,BWI,MD,AEA,EN,Towers with Radar,585,39,18,0,642,0,0,0,0,0,585,39,18,0,642,0,0,0,642
05/01/2023,BWI,MD,AEA,EN,Towers with Radar,622,40,17,5,684,0,0,1,0,1,622,40,18,5,685,0,0,0,685
05/02/2023,BWI,MD,AEA,EN,Towers with Radar,605,47,23,2,677,0,1,1,0,2,605,48,24,2,679,0,0,0,679
05/03/2023,BWI,MD,AEA,EN,Towers with Radar,601,54,39,1,695,0,0,5,0,5,601,54,44,1,700,0,0,0,700
05/04/2023,BWI,MD,AEA,EN,Towers with Radar,601,57,35,0,693,0,0,7,0,7,601,57,42,0,700,0,0,0,700
05/05/2023,BWI,MD,AEA,EN,Towers with Radar,615,47,27,0,689,0,0,7,1,8,615,47,34,1,697,0,0,0,697
05/06/2023,BWI,MD,AEA,EN,Towers with Radar,539,29,20,0,588,0,1,8,0,9,539,30,28,0,597,0,0,0,597
05/07/2023,BWI,MD,AEA,EN,Towers with Radar,581,38,14,0,633,0,0,4,0,4,581,38,18,0,637,0,0,0,637
05/08/2023,BWI,MD,AEA,EN,Towers with Radar,613,54,25,3,695,0,0,1,2,3,613,54,26,5,698,0,0,0,698
05/09/2023,BWI,MD,AEA,EN,Towers with Radar,606,48,19,3,676,0,2,1,0,3,606,50,20,3,679,0,0,0,679
05/10/2023,BWI,MD,AEA,EN,Towers with Radar,603,42,37,1,683,0,0,13,1,14,603,42,50,2,697,0,0,0,697
05/11/2023,BWI,MD,AEA,EN,Towers with Radar,603,58,29,1,691,0,2,18,0,20,603,60,47,1,711,0,0,0,711
05/12/2023,BWI,MD,AEA,EN,Towers with Radar,619,59,18,1,697,0,2,8,0,10,619,61,26,1,707,0,0,0,707
05/13/2023,BWI,MD,AEA,EN,Towers with Radar,531,19,10,1,561,0,2,0,0,2,531,21,10,1,563,0,0,0,563
05/14/2023,BWI,MD,AEA,EN,Towers with Radar,584,30,22,0,636,0,0,9,0,9,584,30,31,0,645,0,0,0,645
05/15/2023,BWI,MD,AEA,EN,Towers with Radar,615,61,31,1,708,0,1,3,2,6,615,62,34,3,714,0,0,0,714
05/16/2023,BWI,MD,AEA,EN,Towers with Radar,607,56,30,0,693,0,0,2,0,2,607,56,32,0,695,0,0,0,695
05/17/2023,BWI,MD,AEA,EN,Towers with Radar,609,72,31,6,718,0,0,5,2,7,609,72,36,8,725,0,0,0,725
05/18/2023,BWI,MD,AEA,EN,Towers with Radar,606,63,21,0,690,0,0,4,0,4,606,63,25,0,694,0,0,0,694
05/19/2023,BWI,MD,AEA,EN,Towers with Radar,613,56,50,0,719,0,1,4,0,5,613,57,54,0,724,0,0,0,724
05/20/2023,BWI,MD,AEA,EN,Towers with Radar,540,48,26,1,615,0,1,0,0,1,540,49,26,1,616,0,0,0,616
05/21/2023,BWI,MD,AEA,EN,Towers with Radar,584,45,36,0,665,0,3,5,0,8,584,48,41,0,673,0,0,0,673
05/22/2023,BWI,MD,AEA,EN,Towers with Radar,612,47,32,0,691,0,1,7,0,8,612,48,39,0,699,0,0,0,699
05/23/2023,BWI,MD,AEA,EN,Towers with Radar,611,63,35,2,711,0,1,5,5,11,611,64,40,7,722,0,0,0,722
05/24/2023,BWI,MD,AEA,EN,Towers with Radar,596,64,42,4,706,0,1,11,1,13,596,65,53,5,719,0,0,0,719
05/25/2023,BWI,MD,AEA,EN,Towers with Radar,628,63,32,2,725,0,0,3,2,5,628,63,35,4,730,0,0,0,730
05/26/2023,BWI,MD,AEA,EN,Towers with Radar,613,46,28,1,688,0,0,5,0,5,613,46,33,1,693,0,0,0,693
05/27/2023,BWI,MD,AEA,EN,Towers with Radar,531,28,20,0,579,0,0,8,0,8,531,28,28,0,587,0,0,0,587
05/28/2023,BWI,MD,AEA,EN,Towers with Radar,552,27,11,0,590,0,0,0,0,0,552,27,11,0,590,0,0,0,590
05/29/2023,BWI,MD,AEA,EN,Towers with Radar,605,38,19,0,662,0,0,0,2,2,605,38,19,2,664,0,0,0,664
05/30/2023,BWI,MD,AEA,EN,Towers with Radar,600,24,19,0,643,0,2,4,0,6,600,26,23,0,649,0,0,0,649
05/31/2023,BWI,MD,AEA,EN,Towers with Radar,612,42,25,3,682,0,2,11,2,15,612,44,36,5,697,0,0,0,697
06/01/2023,BWI,MD,AEA,EN,Towers with Radar,599,43,26,2,670,0,0,10,2,12,599,43,36,4,682,0,0,0,682
06/02/2023,BWI,MD,AEA,EN,Towers with Radar,616,53,30,2,701,0,0,5,0,5,616,53,35,2,706,0,0,0,706
06/03/2023,BWI,MD,AEA,EN,Towers with Radar,545,23,19,0,587,0,0,4,0,4,545,23,23,0,591,0,0,0,591
06/04/2023,BWI,MD,AEA,EN,Towers with Radar,574,35,22,1,632,0,1,3,0,4,574,36,25,1,636,0,0,0,636
06/05/2023,BWI,MD,AEA,EN,Towers with Radar,605,35,22,1,663,0,0,6,1,7,605,35,28,2,670,0,0,0,670
06/06/2023,BWI,MD,AEA,EN,Towers with Radar,600,33,25,0,658,0,2,4,0,6,600,35,29,0,664,0,0,0,664
06/07/2023,BWI,MD,AEA,EN,Towers with Radar,605,56,43,5,709,0,0,3,0,3,605,56,46,5,712,0,0,0,712
06/08/2023,BWI,MD,AEA,EN,Towers with Radar,606,44,38,3,691,0,0,0,0,0,606,44,38,3,691,0,0,0,691
06/09/2023,BWI,MD,AEA,EN,Towers with Radar,611,40,26,0,677,0,0,2,4,6,611,40,28,4,683,0,0,0,683
06/10/2023,BWI,MD,AEA,EN,Towers with Radar,556,36,20,1,613,0,0,3,0,3,556,36,23,1,616,0,0,0,616
06/11/2023,BWI,MD,AEA,EN,Towers with Radar,592,54,32,0,678,0,2,6,0,8,592,56,38,0,686,0,0,0,686
06/12/2023,BWI,MD,AEA,EN,Towers with Radar,613,38,17,0,668,0,0,0,0,0,613,38,17,0,668,0,0,0,668
06/13/2023,BWI,MD,AEA,EN,Towers with Radar,607,38,25,2,672,0,0,7,0,7,607,38,32,2,679,0,0,0,679
06/14/2023,BWI,MD,AEA,EN,Towers with Radar,622,39,31,1,693,0,0,3,1,4,622,39,34,2,697,0,0,0,697
06/15/2023,BWI,MD,AEA,EN,Towers with Radar,609,45,30,3,687,0,2,12,2,16,609,47,42,5,703,0,0,0,703
06/16/2023,BWI,MD,AEA,EN,Towers with Radar,631,52,24,3,710,0,0,1,0,1,631,52,25,3,711,0,0,0,711
06/17/2023,BWI,MD,AEA,EN,Towers with Radar,548,40,26,1,615,0,0,4,0,4,548,40,30,1,619,0,0,0,619
06/18/2023,BWI,MD,AEA,EN,Towers with Radar,588,32,18,0,638,0,1,9,0,10,588,33,27,0,648,0,0,0,648
06/19/2023,BWI,MD,AEA,EN,Towers with Radar,607,36,29,2,674,0,2,4,0,6,607,38,33,2,680,0,0,0,680
06/20/2023,BWI,MD,AEA,EN,Towers with Radar,611,47,17,1,676,0,0,5,1,6,611,47,22,2,682,0,0,0,682
06/21/2023,BWI,MD,AEA,EN,Towers with Radar,597,61,28,1,687,0,1,0,0,1,597,62,28,1,688,0,0,0,688
06/22/2023,BWI,MD,AEA,EN,Towers with Radar,605,68,17,8,698,0,0,0,0,0,605,68,17,8,698,0,0,0,698
06/23/2023,BWI,MD,AEA,EN,Towers with Radar,610,31,21,0,662,0,0,0,0,0,610,31,21,0,662,0,0,0,662
06/24/2023,BWI,MD,AEA,EN,Towers with Radar,555,41,18,0,614,0,0,0,0,0,555,41,18,0,614,0,0,0,614
06/25/2023,BWI,MD,AEA,EN,Towers with Radar,522,38,33,0,593,0,0,9,0,9,522,38,42,0,602,0,0,0,602
06/26/2023,BWI,MD,AEA,EN,Towers with Radar,580,44,21,1,646,0,1,3,2,6,580,45,24,3,652,0,0,0,652
06/27/2023,BWI,MD,AEA,EN,Towers with Radar,595,35,36,2,668,0,0,0,0,0,595,35,36,2,668,0,0,0,668
06/28/2023,BWI,MD,AEA,EN,Towers with Radar,619,49,29,0,697,0,0,6,0,6,619,49,35,0,703,0,0,0,703
06/29/2023,BWI,MD,AEA,EN,Towers with Radar,602,50,33,3,688,0,0,0,0,0,602,50,33,3,688,0,0,0,688
06/30/2023,BWI,MD,AEA,EN,Towers with Radar,582,51,18,0,651,0,0,2,0,2,582,51,20,0,653,0,0,0,653
07/01/2023,BWI,MD,AEA,EN,Towers with Radar,554,31,19,0,604,0,0,3,0,3,554,31,22,0,607,0,0,0,607
07/02/2023,BWI,MD,AEA,EN,Towers with Radar,599,15,8,0,622,0,0,0,0,0,599,15,8,0,622,0,0,0,622
07/03/2023,BWI,MD,AEA,EN,Towers with Radar,580,31,16,1,628,0,0,3,0,3,580,31,19,1,631,0,0,0,631
07/04/2023,BWI,MD,AEA,EN,Towers with Radar,563,18,11,0,592,0,0,5,0,5,563,18,16,0,597,0,0,0,597
07/05/2023,BWI,MD,AEA,EN,Towers with Radar,561,35,21,1,618,0,0,5,0,5,561,35,26,1,623,0,0,0,623
07/06/2023,BWI,MD,AEA,EN,Towers with Radar,636,50,23,1,710,0,0,6,1,7,636,50,29,2,717,0,0,0,717
07/07/2023,BWI,MD,AEA,EN,Towers with Radar,582,51,17,3,653,0,0,8,0,8,582,51,25,3,661,0,0,0,661
07/08/2023,BWI,MD,AEA,EN,Towers with Radar,580,33,13,0,626,0,0,4,0,4,580,33,17,0,630,0,0,0,630
07/09/2023,BWI,MD,AEA,EN,Towers with Radar,549,30,19,0,598,0,0,0,0,0,549,30,19,0,598,0,0,0,598
07/10/2023,BWI,MD,AEA,EN,Towers with Radar,625,35,37,1,698,0,1,6,0,7,625,36,43,1,705,0,0,0,705
07/11/2023,BWI,MD,AEA,EN,Towers with Radar,617,53,41,0,711,0,1,5,0,6,617,54,46,0,717,0,0,0,717
07/12/2023,BWI,MD,AEA,EN,Towers with Radar,625,56,28,2,711,0,1,3,2,6,625,57,31,4,717,0,0,0,717
07/13/2023,BWI,MD,AEA,EN,Towers with Radar,640,49,27,0,716,0,2,9,0,11,640,51,36,0,727,0,0,0,727
07/14/2023,BWI,MD,AEA,EN,Towers with Radar,586,35,27,2,650,0,0,8,1,9,586,35,35,3,659,0,0,0,659
07/15/2023,BWI,MD,AEA,EN,Towers with Radar,610,29,17,0,656,0,1,9,0,10,610,30,26,0,666,0,0,0,666
07/16/2023,BWI,MD,AEA,EN,Towers with Radar,575,36,27,0,638,0,0,2,0,2,575,36,29,0,640,0,0,0,640
07/17/2023,BWI,MD,AEA,EN,Towers with Radar,648,42,23,3,716,0,1,5,0,6,648,43,28,3,722,0,0,0,722
07/18/2023,BWI,MD,AEA,EN,Towers with Radar,624,29,32,2,687,0,0,11,0,11,624,29,43,2,698,0,0,0,698
07/19/2023,BWI,MD,AEA,EN,Towers with Radar,646,52,28,0,726,0,0,2,0,2,646,52,30,0,728,0,0,0,728
07/20/2023,BWI,MD,AEA,EN,Towers with Radar,633,49,27,3,712,0,1,10,4,15,633,50,37,7,727,0,0,0,727
07/21/2023,BWI,MD,AEA,EN,Towers with Radar,624,66,41,3,734,0,1,2,0,3,624,67,43,3,737,0,0,0,737
07/22/2023,BWI,MD,AEA,EN,Towers with Radar,598,27,18,3,646,0,1,4,0,5,598,28,22,3,651,0,0,0,651
07/23/2023,BWI,MD,AEA,EN,Towers with Radar,587,35,33,0,655,0,0,7,1,8,587,35,40,1,663,0,0,0,663
07/24/2023,BWI,MD,AEA,EN,Towers with Radar,630,40,29,0,699,0,0,5,0,5,630,40,34,0,704,0,0,0,704
07/25/2023,BWI,MD,AEA,EN,Towers with Radar,624,38,17,2,681,0,1,2,0,3,624,39,19,2,684,0,0,0,684
07/26/2023,BWI,MD,AEA,EN,Towers with Radar,646,34,23,2,705,0,1,4,2,7,646,35,27,4,712,0,0,0,712
07/27/2023,BWI,MD,AEA,EN,Towers with Radar,626,51,18,2,697,0,0,0,0,0,626,51,18,2,697,0,0,0,697
07/28/2023,BWI,MD,AEA,EN,Towers with Radar,574,45,20,4,643,0,1,1,0,2,574,46,21,4,645,0,0,0,645
07/29/2023,BWI,MD,AEA,EN,Towers with Radar,570,34,25,1,630,0,1,2,0,3,570,35,27,1,633,0,0,0,633
07/30/2023,BWI,MD,AEA,EN,Towers with Radar,621,39,22,1,683,0,0,2,0,2,621,39,24,1,685,0,0,0,685
07/31/2023,BWI,MD,AEA,EN,Towers with Radar,643,25,26,0,694,0,0,8,0,8,643,25,34,0,702,0,0,0,702
08/01/2023,BWI,MD,AEA,EN,Towers with Radar,633,42,19,2,696,0,1,13,0,14,633,43,32,2,710,0,0,0,710
08/02/2023,BWI,MD,AEA,EN,Towers with Radar,624,42,34,3,703,0,2,8,3,13,624,44,42,6,716,0,0,0,716
08/03/2023,BWI,MD,AEA,EN,Towers with Radar,647,45,32,6,730,0,0,2,0,2,647,45,34,6,732,0,0,0,732
08/04/2023,BWI,MD,AEA,EN,Towers with Radar,640,44,18,0,702,0,2,2,0,4,640,46,20,0,706,0,0,0,706
08/05/2023,BWI,MD,AEA,EN,Towers with Radar,600,28,15,0,643,0,0,2,0,2,600,28,17,0,645,0,0,0,645
08/06/2023,BWI,MD,AEA,EN,Towers with Radar,574,31,22,0,627,0,0,2,0,2,574,31,24,0,629,0,0,0,629
08/07/2023,BWI,MD,AEA,EN,Towers with Radar,466,26,15,3,510,0,0,0,0,0,466,26,15,3,510,0,0,0,510
08/08/2023,BWI,MD,AEA,EN,Towers with Radar,670,41,35,3,749,0,1,0,1,2,670,42,35,4,751,0,0,0,751
08/09/2023,BWI,MD,AEA,EN,Towers with Radar,633,39,30,4,706,0,0,9,2,11,633,39,39,6,717,0,0,0,717
08/10/2023,BWI,MD,AEA,EN,Towers with Radar,647,48,15,0,710,0,1,17,2,20,647,49,32,2,730,0,0,0,730
08/11/2023,BWI,MD,AEA,EN,Towers with Radar,647,34,30,2,713,0,1,20,1,22,647,35,50,3,735,0,0,0,735
08/12/2023,BWI,MD,AEA,EN,Towers with Radar,599,30,23,0,652,0,0,6,0,6,599,30,29,0,658,0,0,0,658
08/13/2023,BWI,MD,AEA,EN,Towers with Radar,598,29,20,0,647,0,0,2,0,2,598,29,22,0,649,0,0,0,649
08/14/2023,BWI,MD,AEA,EN,Towers with Radar,611,40,20,7,678,0,1,9,0,10,611,41,29,7,688,0,0,0,688
08/15/2023,BWI,MD,AEA,EN,Towers with Radar,632,37,31,0,700,0,0,3,0,3,632,37,34,0,703,0,0,0,703
08/16/2023,BWI,MD,AEA,EN,Towers with Radar,613,38,32,3,686,0,1,3,3,7,613,39,35,6,693,0,0,0,693
08/17/2023,BWI,MD,AEA,EN,Towers with Radar,619,48,40,3,710,0,0,3,3,6,619,48,43,6,716,0,0,0,716
08/18/2023,BWI,MD,AEA,EN,Towers with Radar,628,43,22,1,694,0,0,7,3,10,628,43,29,4,704,0,0,0,704
08/19/2023,BWI,MD,AEA,EN,Towers with Radar,556,25,19,0,600,0,0,9,0,9,556,25,28,0,609,0,0,0,609
08/20/2023,BWI,MD,AEA,EN,Towers with Radar,610,28,33,0,671,0,0,5,0,5,610,28,38,0,676,0,0,0,676
08/21/2023,BWI,MD,AEA,EN,Towers with Radar,619,30,24,3,676,0,0,10,0,10,619,30,34,3,686,0,0,0,686
08/22/2023,BWI,MD,AEA,EN,Towers with Radar,608,34,20,4,666,0,3,10,0,13,608,37,30,4,679,0,0,0,679
08/23/2023,BWI,MD,AEA,EN,Towers with Radar,604,42,38,3,687,0,1,7,1,9,604,43,45,4,696,0,0,0,696
08/24/2023,BWI,MD,AEA,EN,Towers with Radar,618,37,20,6,681,0,1,8,0,9,618,38,28,6,690,0,0,0,690
08/25/2023,BWI,MD,AEA,EN,Towers with Radar,641,36,24,0,701,0,0,8,0,8,641,36,32,0,709,0,0,0,709
08/26/2023,BWI,MD,AEA,EN,Towers with Radar,563,28,30,1,622,0,0,6,2,8,563,28,36,3,630,0,0,0,630
08/27/2023,BWI,MD,AEA,EN,Towers with Radar,603,22,28,0,653,0,0,10,0,10,603,22,38,0,663,0,0,0,663
08/28/2023,BWI,MD,AEA,EN,Towers with Radar,613,27,31,1,672,0,0,5,0,5,613,27,36,1,677,0,0,0,677
08/29/2023,BWI,MD,AEA,EN,Towers with Radar,582,47,17,2,648,0,1,0,0,1,582,48,17,2,649,0,0,0,649
08/30/2023,BWI,MD,AEA,EN,Towers with Radar,569,39,29,0,637,0,0,2,0,2,569,39,31,0,639,0,0,0,639
08/31/2023,BWI,MD,AEA,EN,Towers with Radar,615,37,31,2,685,0,2,6,2,10,615,39,37,4,695,0,0,0,695
