01/01/2000,BZN,MT,ANM,WE,Federal Contract Tower,12,9,9,0,30,5,0,31,0,36,17,9,40,0,66,66,0,66,132
01/02/2000,BZN,MT,ANM,WE,Federal Contract Tower,14,8,10,0,32,3,0,35,0,38,17,8,45,0,70,16,0,16,86
01/03/2000,BZN,MT,ANM,WE,Federal Contract Tower,14,12,11,0,37,0,0,20,2,22,14,12,31,2,59,28,0,28,87
01/04/2000,BZN,MT,ANM,WE,Federal Contract Tower,12,9,9,0,30,1,5,11,0,17,13,14,20,0,47,14,0,14,61
01/05/2000,BZN,MT,ANM,WE,Federal Contract Tower,13,13,11,0,37,0,1,15,0,16,13,14,26,0,53,12,0,12,65
01/06/2000,BZN,MT,ANM,WE,Federal Contract Tower,11,11,10,0,32,0,7,35,2,44,11,18,45,2,76,62,0,62,138
01/07/2000,BZN,MT,ANM,WE,Federal Contract Tower,12,9,9,0,30,1,8,41,6,56,13,17,50,6,86,60,0,60,146
01/08/2000,BZN,MT,ANM,WE,Federal Contract Tower,13,10,9,0,32,4,4,20,0,28,17,14,29,0,60,55,0,55,115
01/09/2000,BZN,MT,ANM,WE,Federal Contract Tower,11,6,8,0,25,3,0,25,0,28,14,6,33,0,53,36,0,36,89
01/10/2000,BZN,MT,ANM,WE,Federal Contract Tower,12,10,9,0,31,1,1,26,0,28,13,11,35,0,59,54,0,54,113
01/11/2000,BZN,MT,ANM,WE,Federal Contract Tower,14,12,8,0,34,0,6,0,0,6,14,18,8,0,40,4,0,4,44
01/12/2000,BZN,MT,ANM,WE,Federal Contract Tower,13,11,9,0,33,0,5,10,0,15,13,16,19,0,48,30,0,30,78
01/13/2000,BZN,MT,ANM,WE,Federal Contract Tower,12,12,10,0,34,0,4,26,0,30,12,16,36,0,64,17,0,17,81
01/14/2000,BZN,MT,ANM,WE,Federal Contract Tower,13,13,12,0,38,0,2,17,0,19,13,15,29,0,57,50,0,50,107
01/15/2000,BZN,MT,ANM,WE,Federal Contract Tower,18,11,11,0,40,1,0,16,0,17,19,11,27,0,57,36,0,36,93
01/16/2000,BZN,MT,ANM,WE,Federal Contract Tower,14,6,9,0,29,4,0,21,0,25,18,6,30,0,54,32,0,32,86
01/17/2000,BZN,MT,ANM,WE,Federal Contract Tower,13,11,8,0,32,0,6,25,0,31,13,17,33,0,63,42,0,42,105
01/18/2000,BZN,MT,ANM,WE,Federal Contract Tower,13,10,8,0,31,0,5,36,0,41,13,15,44,0,72,46,0,46,118
01/19/2000,BZN,MT,ANM,WE,Federal Contract Tower,13,13,10,0,36,0,5,35,0,40,13,18,45,0,76,26,0,26,102
01/20/2000,BZN,MT,ANM,WE,Federal Contract Tower,14,14,12,0,40,0,5,30,0,35,14,19,42,0,75,12,0,12,87
01/21/2000,BZN,MT,ANM,WE,Federal Contract Tower,14,13,10,0,37,0,7,26,0,33,14,20,36,0,70,20,0,20,90
01/22/2000,BZN,MT,ANM,WE,Federal Contract Tower,14,11,9,0,34,4,3,32,0,39,18,14,41,0,73,52,0,52,125
01/23/2000,BZN,MT,ANM,WE,Federal Contract Tower,16,4,10,0,30,3,0,94,0,97,19,4,104,0,127,54,0,54,181
01/24/2000,BZN,MT,ANM,WE,Federal Contract Tower,14,11,9,0,34,1,3,17,0,21,15,14,26,0,55,26,0,26,81
01/25/2000,BZN,MT,ANM,WE,Federal Contract Tower,12,10,7,0,29,1,4,9,0,14,13,14,16,0,43,16,0,16,59
01/26/2000,BZN,MT,ANM,WE,Federal Contract Tower,14,11,9,0,34,1,3,12,0,16,15,14,21,0,50,20,0,20,70
01/27/2000,BZN,MT,ANM,WE,Federal Contract Tower,14,11,10,0,35,0,6,6,0,12,14,17,16,0,47,4,0,4,51
01/28/2000,BZN,MT,ANM,WE,Federal Contract Tower,14,10,8,0,32,3,4,91,0,98,17,14,99,0,130,68,0,68,198
01/29/2000,BZN,MT,ANM,WE,Federal Contract Tower,14,14,12,0,40,0,1,39,2,42,14,15,51,2,82,48,0,48,130
01/30/2000,BZN,MT,ANM,WE,Federal Contract Tower,11,6,7,0,24,3,0,55,0,58,14,6,62,0,82,38,0,38,120
01/31/2000,BZN,MT,ANM,WE,Federal Contract Tower,14,14,12,0,40,0,0,34,0,34,14,14,46,0,74,22,0,22,96
02/01/2000,BZN,MT,ANM,WE,Federal Contract Tower,12,13,9,0,34,0,3,19,0,22,12,16,28,0,56,48,0,48,104
02/02/2000,BZN,MT,ANM,WE,Federal Contract Tower,14,18,13,0,45,0,1,23,0,24,14,19,36,0,69,6,0,6,75
02/03/2000,BZN,MT,ANM,WE,Federal Contract Tower,11,15,11,0,37,0,4,21,0,25,11,19,32,0,62,106,0,106,168
02/04/2000,BZN,MT,ANM,WE,Federal Contract Tower,11,11,8,0,30,3,4,32,0,39,14,15,40,0,69,120,0,120,189
02/05/2000,BZN,MT,ANM,WE,Federal Contract Tower,12,12,9,0,33,5,2,55,0,62,17,14,64,0,95,42,0,42,137
02/06/2000,BZN,MT,ANM,WE,Federal Contract Tower,17,12,12,0,41,2,0,53,0,55,19,12,65,0,96,76,0,76,172
02/07/2000,BZN,MT,ANM,WE,Federal Contract Tower,12,11,9,0,32,0,0,51,0,51,12,11,60,0,83,66,0,66,149
02/08/2000,BZN,MT,ANM,WE,Federal Contract Tower,13,13,9,0,35,1,4,16,0,21,14,17,25,0,56,64,0,64,120
02/09/2000,BZN,MT,ANM,WE,Federal Contract Tower,12,12,9,0,33,2,2,31,0,35,14,14,40,0,68,72,0,72,140
02/10/2000,BZN,MT,ANM,WE,Federal Contract Tower,13,16,11,0,40,0,3,27,0,30,13,19,38,0,70,108,0,108,178
02/11/2000,BZN,MT,ANM,WE,Federal Contract Tower,14,15,12,0,41,0,0,20,0,20,14,15,32,0,61,82,0,82,143
02/12/2000,BZN,MT,ANM,WE,Federal Contract Tower,15,16,11,0,42,3,1,0,0,4,18,17,11,0,46,42,0,42,88
02/13/2000,BZN,MT,ANM,WE,Federal Contract Tower,13,5,9,0,27,7,0,23,0,30,20,5,32,0,57,54,0,54,111
02/14/2000,BZN,MT,ANM,WE,Federal Contract Tower,13,10,7,0,30,3,4,0,0,7,16,14,7,0,37,55,0,55,92
02/15/2000,BZN,MT,ANM,WE,Federal Contract Tower,12,12,10,0,34,0,6,4,0,10,12,18,14,0,44,104,0,104,148
02/16/2000,BZN,MT,ANM,WE,Federal Contract Tower,11,11,7,0,29,0,14,37,0,51,11,25,44,0,80,68,0,68,148
02/17/2000,BZN,MT,ANM,WE,Federal Contract Tower,15,15,10,0,40,0,1,54,0,55,15,16,64,0,95,50,0,50,145
02/18/2000,BZN,MT,ANM,WE,Federal Contract Tower,15,16,10,0,41,0,5,45,0,50,15,21,55,0,91,128,0,128,219
02/19/2000,BZN,MT,ANM,WE,Federal Contract Tower,16,15,10,0,41,1,6,72,0,79,17,21,82,0,120,28,0,28,148
02/20/2000,BZN,MT,ANM,WE,Federal Contract Tower,14,11,9,0,34,2,0,64,0,66,16,11,73,0,100,38,0,38,138
02/21/2000,BZN,MT,ANM,WE,Federal Contract Tower,15,15,10,0,40,0,3,22,0,25,15,18,32,0,65,70,0,70,135
02/22/2000,BZN,MT,ANM,WE,Federal Contract Tower,14,16,10,0,40,0,5,20,0,25,14,21,30,0,65,99,0,99,164
02/23/2000,BZN,MT,ANM,WE,Federal Contract Tower,14,13,8,0,35,2,4,34,0,40,16,17,42,0,75,100,0,100,175
02/24/2000,BZN,MT,ANM,WE,Federal Contract Tower,11,15,10,0,36,0,4,15,0,19,11,19,25,0,55,93,0,93,148
02/25/2000,BZN,MT,ANM,WE,Federal Contract Tower,12,15,11,0,38,0,16,12,0,28,12,31,23,0,66,40,0,40,106
02/26/2000,BZN,MT,ANM,WE,Federal Contract Tower,16,15,10,0,41,3,3,38,0,44,19,18,48,0,85,66,0,66,151
02/27/2000,BZN,MT,ANM,WE,Federal Contract Tower,18,12,11,0,41,1,0,26,0,27,19,12,37,0,68,26,0,26,94
02/28/2000,BZN,MT,ANM,WE,Federal Contract Tower,13,11,8,0,32,1,3,30,0,34,14,14,38,0,66,114,0,114,180
02/29/2000,BZN,MT,ANM,WE,Federal Contract Tower,15,14,9,0,38,0,7,32,0,39,15,21,41,0,77,106,0,106,183
03/01/2000,BZN,MT,ANM,WE,Federal Contract Tower,14,15,13,0,42,0,9,33,0,42,14,24,46,0,84,96,0,96,180
03/02/2000,BZN,MT,ANM,WE,Federal Contract Tower,13,14,12,0,39,0,3,70,2,75,13,17,82,2,114,82,0,82,196
03/03/2000,BZN,MT,ANM,WE,Federal Contract Tower,13,13,11,0,37,0,7,49,3,59,13,20,60,3,96,150,0,150,246
03/04/2000,BZN,MT,ANM,WE,Federal Contract Tower,15,15,12,0,42,4,2,78,0,84,19,17,90,0,126,80,0,80,206
03/05/2000,BZN,MT,ANM,WE,Federal Contract Tower,12,9,10,0,31,7,0,58,0,65,19,9,68,0,96,44,0,44,140
03/06/2000,BZN,MT,ANM,WE,Federal Contract Tower,15,16,13,0,44,0,4,27,1,32,15,20,40,1,76,16,0,16,92
03/07/2000,BZN,MT,ANM,WE,Federal Contract Tower,10,14,12,0,36,0,4,33,1,38,10,18,45,1,74,50,0,50,124
03/08/2000,BZN,MT,ANM,WE,Federal Contract Tower,13,16,12,0,41,0,5,0,0,5,13,21,12,0,46,20,0,20,66
03/09/2000,BZN,MT,ANM,WE,Federal Contract Tower,14,15,13,0,42,0,2,10,0,12,14,17,23,0,54,32,0,32,86
03/10/2000,BZN,MT,ANM,WE,Federal Contract Tower,13,13,11,0,37,0,8,32,0,40,13,21,43,0,77,84,0,84,161
03/11/2000,BZN,MT,ANM,WE,Federal Contract Tower,15,15,13,0,43,4,1,10,0,15,19,16,23,0,58,14,0,14,72
03/12/2000,BZN,MT,ANM,WE,Federal Contract Tower,12,9,10,0,31,7,0,66,0,73,19,9,76,0,104,118,0,118,222
03/13/2000,BZN,MT,ANM,WE,Federal Contract Tower,13,13,9,0,35,0,0,19,0,19,13,13,28,0,54,24,0,24,78
03/14/2000,BZN,MT,ANM,WE,Federal Contract Tower,12,11,9,0,32,1,7,9,0,17,13,18,18,0,49,6,0,6,55
03/15/2000,BZN,MT,ANM,WE,Federal Contract Tower,12,10,8,0,30,0,9,33,0,42,12,19,41,0,72,48,0,48,120
03/16/2000,BZN,MT,ANM,WE,Federal Contract Tower,12,14,12,0,38,0,6,34,0,40,12,20,46,0,78,47,0,47,125
03/17/2000,BZN,MT,ANM,WE,Federal Contract Tower,15,13,11,0,39,0,6,20,0,26,15,19,31,0,65,18,0,18,83
03/18/2000,BZN,MT,ANM,WE,Federal Contract Tower,16,14,11,0,41,1,3,53,0,57,17,17,64,0,98,50,0,50,148
03/19/2000,BZN,MT,ANM,WE,Federal Contract Tower,15,13,11,0,39,0,0,4,0,4,15,13,15,0,43,0,0,0,43
03/20/2000,BZN,MT,ANM,WE,Federal Contract Tower,13,10,9,1,33,0,1,34,1,36,13,11,43,2,69,66,0,66,135
03/21/2000,BZN,MT,ANM,WE,Federal Contract Tower,11,12,9,0,32,0,10,69,4,83,11,22,78,4,115,104,0,104,219
03/22/2000,BZN,MT,ANM,WE,Federal Contract Tower,15,14,10,0,39,1,1,86,2,90,16,15,96,2,129,161,0,161,290
03/23/2000,BZN,MT,ANM,WE,Federal Contract Tower,13,15,11,0,39,0,6,20,0,26,13,21,31,0,65,92,0,92,157
03/24/2000,BZN,MT,ANM,WE,Federal Contract Tower,13,11,9,0,33,0,7,59,0,66,13,18,68,0,99,136,0,136,235
03/25/2000,BZN,MT,ANM,WE,Federal Contract Tower,18,17,13,0,48,0,0,53,0,53,18,17,66,0,101,64,0,64,165
03/26/2000,BZN,MT,ANM,WE,Federal Contract Tower,15,14,10,0,39,2,20,67,0,89,17,34,77,0,128,162,0,162,290
03/27/2000,BZN,MT,ANM,WE,Federal Contract Tower,11,9,7,0,27,2,2,45,0,49,13,11,52,0,76,72,0,72,148
03/28/2000,BZN,MT,ANM,WE,Federal Contract Tower,15,16,12,0,43,0,1,3,0,4,15,17,15,0,47,12,0,12,59
03/29/2000,BZN,MT,ANM,WE,Federal Contract Tower,14,13,10,0,37,0,4,17,0,21,14,17,27,0,58,52,0,52,110
03/30/2000,BZN,MT,ANM,WE,Federal Contract Tower,15,14,11,0,40,0,7,19,0,26,15,21,30,0,66,76,0,76,142
03/31/2000,BZN,MT,ANM,WE,Federal Contract Tower,13,11,9,0,33,1,8,56,0,65,14,19,65,0,98,92,0,92,190
04/01/2000,BZN,MT,ANM,WE,Federal Contract Tower,13,12,9,0,34,6,4,34,0,44,19,16,43,0,78,48,0,48,126
04/02/2000,BZN,MT,ANM,WE,Federal Contract Tower,13,11,9,0,33,3,0,15,0,18,16,11,24,0,51,22,0,22,73
04/03/2000,BZN,MT,ANM,WE,Federal Contract Tower,11,12,9,0,32,0,1,80,0,81,11,13,89,0,113,76,0,76,189
04/04/2000,BZN,MT,ANM,WE,Federal Contract Tower,12,12,9,0,33,0,4,35,0,39,12,16,44,0,72,16,0,16,88
04/05/2000,BZN,MT,ANM,WE,Federal Contract Tower,11,12,8,0,31,0,6,31,0,37,11,18,39,0,68,43,0,43,111
04/06/2000,BZN,MT,ANM,WE,Federal Contract Tower,12,12,7,0,31,0,8,0,0,8,12,20,7,0,39,22,0,22,61
04/07/2000,BZN,MT,ANM,WE,Federal Contract Tower,12,14,10,0,36,0,6,56,2,64,12,20,66,2,100,72,0,72,172
04/08/2000,BZN,MT,ANM,WE,Federal Contract Tower,9,9,7,0,25,3,7,92,0,102,12,16,99,0,127,196,0,196,323
04/09/2000,BZN,MT,ANM,WE,Federal Contract Tower,12,11,9,0,32,0,0,87,2,89,12,11,96,2,121,64,0,64,185
04/10/2000,BZN,MT,ANM,WE,Federal Contract Tower,12,12,9,0,33,2,3,37,0,42,14,15,46,0,75,44,0,44,119
04/11/2000,BZN,MT,ANM,WE,Federal Contract Tower,11,11,8,0,30,2,11,53,0,66,13,22,61,0,96,72,0,72,168
04/12/2000,BZN,MT,ANM,WE,Federal Contract Tower,13,12,8,0,33,0,6,30,0,36,13,18,38,0,69,38,0,38,107
04/13/2000,BZN,MT,ANM,WE,Federal Contract Tower,13,13,9,0,35,0,5,23,0,28,13,18,32,0,63,37,0,37,100
04/14/2000,BZN,MT,ANM,WE,Federal Contract Tower,13,16,10,0,39,0,6,5,0,11,13,22,15,0,50,10,0,10,60
04/15/2000,BZN,MT,ANM,WE,Federal Contract Tower,11,12,8,0,31,0,4,68,0,72,11,16,76,0,103,94,0,94,197
04/16/2000,BZN,MT,ANM,WE,Federal Contract Tower,15,7,9,0,31,0,0,49,0,49,15,7,58,0,80,16,0,16,96
04/17/2000,BZN,MT,ANM,WE,Federal Contract Tower,12,12,7,0,31,2,4,26,0,32,14,16,33,0,63,48,0,48,111
04/18/2000,BZN,MT,ANM,WE,Federal Contract Tower,11,10,7,0,28,0,9,15,0,24,11,19,22,0,52,38,0,38,90
04/19/2000,BZN,MT,ANM,WE,Federal Contract Tower,13,14,9,0,36,0,15,40,11,66,13,29,49,11,102,70,0,70,172
04/20/2000,BZN,MT,ANM,WE,Federal Contract Tower,12,12,7,0,31,2,4,69,0,75,14,16,76,0,106,66,0,66,172
04/21/2000,BZN,MT,ANM,WE,Federal Contract Tower,12,12,7,0,31,0,5,60,0,65,12,17,67,0,96,53,0,53,149
04/22/2000,BZN,MT,ANM,WE,Federal Contract Tower,12,10,7,0,29,2,7,41,0,50,14,17,48,0,79,88,0,88,167
04/23/2000,BZN,MT,ANM,WE,Federal Contract Tower,13,12,8,0,33,2,0,29,0,31,15,12,37,0,64,18,0,18,82
04/24/2000,BZN,MT,ANM,WE,Federal Contract Tower,13,12,8,0,33,0,0,25,0,25,13,12,33,0,58,24,0,24,82
04/25/2000,BZN,MT,ANM,WE,Federal Contract Tower,13,12,8,0,33,0,8,10,0,18,13,20,18,0,51,12,0,12,63
04/26/2000,BZN,MT,ANM,WE,Federal Contract Tower,14,14,9,0,37,0,5,53,0,58,14,19,62,0,95,78,0,78,173
04/27/2000,BZN,MT,ANM,WE,Federal Contract Tower,15,15,9,0,39,0,4,63,2,69,15,19,72,2,108,42,0,42,150
04/28/2000,BZN,MT,ANM,WE,Federal Contract Tower,12,12,7,0,31,1,5,16,4,26,13,17,23,4,57,68,0,68,125
04/29/2000,BZN,MT,ANM,WE,Federal Contract Tower,10,11,7,0,28,0,5,36,6,47,10,16,43,6,75,44,0,44,119
04/30/2000,BZN,MT,ANM,WE,Federal Contract Tower,12,9,7,0,28,2,0,102,0,104,14,9,109,0,132,62,0,62,194
05/01/2000,BZN,MT,ANM,WE,Federal Contract Tower,12,12,7,0,31,1,2,53,0,56,13,14,60,0,87,68,0,68,155
05/02/2000,BZN,MT,ANM,WE,Federal Contract Tower,11,13,8,0,32,2,6,35,0,43,13,19,43,0,75,8,0,8,83
05/03/2000,BZN,MT,ANM,WE,Federal Contract Tower,8,11,6,0,25,5,5,47,0,57,13,16,53,0,82,101,0,101,183
05/04/2000,BZN,MT,ANM,WE,Federal Contract Tower,12,12,8,0,32,1,7,14,2,24,13,19,22,2,56,30,0,30,86
05/05/2000,BZN,MT,ANM,WE,Federal Contract Tower,13,16,10,0,39,0,5,21,0,26,13,21,31,0,65,18,0,18,83
05/06/2000,BZN,MT,ANM,WE,Federal Contract Tower,12,12,7,0,31,1,4,19,0,24,13,16,26,0,55,68,0,68,123
05/07/2000,BZN,MT,ANM,WE,Federal Contract Tower,11,7,7,0,25,3,0,37,0,40,14,7,44,0,65,58,0,58,123
05/08/2000,BZN,MT,ANM,WE,Federal Contract Tower,12,12,8,0,32,0,1,30,0,31,12,13,38,0,63,96,0,96,159
05/09/2000,BZN,MT,ANM,WE,Federal Contract Tower,13,13,8,0,34,2,5,21,0,28,15,18,29,0,62,36,0,36,98
05/10/2000,BZN,MT,ANM,WE,Federal Contract Tower,15,14,10,0,39,0,0,23,2,25,15,14,33,2,64,38,0,38,102
05/11/2000,BZN,MT,ANM,WE,Federal Contract Tower,12,13,8,0,33,1,4,17,0,22,13,17,25,0,55,52,0,52,107
05/12/2000,BZN,MT,ANM,WE,Federal Contract Tower,13,13,8,0,34,1,4,25,0,30,14,17,33,0,64,78,0,78,142
05/13/2000,BZN,MT,ANM,WE,Federal Contract Tower,11,11,7,0,29,2,6,57,2,67,13,17,64,2,96,86,0,86,182
05/14/2000,BZN,MT,ANM,WE,Federal Contract Tower,11,9,7,0,27,3,4,50,0,57,14,13,57,0,84,42,0,42,126
05/15/2000,BZN,MT,ANM,WE,Federal Contract Tower,9,8,5,0,22,3,4,45,0,52,12,12,50,0,74,80,0,80,154
05/16/2000,BZN,MT,ANM,WE,Federal Contract Tower,12,14,8,1,35,0,7,19,1,27,12,21,27,2,62,32,0,32,94
05/17/2000,BZN,MT,ANM,WE,Federal Contract Tower,12,13,7,0,32,0,9,18,0,27,12,22,25,0,59,32,0,32,91
05/18/2000,BZN,MT,ANM,WE,Federal Contract Tower,12,15,8,0,35,0,5,77,2,84,12,20,85,2,119,112,0,112,231
05/19/2000,BZN,MT,ANM,WE,Federal Contract Tower,11,10,5,0,26,1,6,59,0,66,12,16,64,0,92,96,0,96,188
05/20/2000,BZN,MT,ANM,WE,Federal Contract Tower,11,10,5,0,26,1,8,75,0,84,12,18,80,0,110,62,0,62,172
05/21/2000,BZN,MT,ANM,WE,Federal Contract Tower,11,9,6,0,26,4,0,82,0,86,15,9,88,0,112,64,0,64,176
05/22/2000,BZN,MT,ANM,WE,Federal Contract Tower,12,14,7,0,33,0,5,26,0,31,12,19,33,0,64,24,0,24,88
05/23/2000,BZN,MT,ANM,WE,Federal Contract Tower,11,10,6,0,27,0,6,27,2,35,11,16,33,2,62,22,0,22,84
05/24/2000,BZN,MT,ANM,WE,Federal Contract Tower,12,11,6,0,29,0,5,69,0,74,12,16,75,0,103,68,0,68,171
05/25/2000,BZN,MT,ANM,WE,Federal Contract Tower,12,13,7,0,32,0,4,64,0,68,12,17,71,0,100,46,0,46,146
05/26/2000,BZN,MT,ANM,WE,Federal Contract Tower,12,12,7,0,31,0,6,25,0,31,12,18,32,0,62,68,0,68,130
05/27/2000,BZN,MT,ANM,WE,Federal Contract Tower,12,13,7,0,32,0,4,64,0,68,12,17,71,0,100,126,0,126,226
05/28/2000,BZN,MT,ANM,WE,Federal Contract Tower,11,7,6,0,24,1,0,35,0,36,12,7,41,0,60,42,0,42,102
05/29/2000,BZN,MT,ANM,WE,Federal Contract Tower,12,15,8,0,35,0,0,37,0,37,12,15,45,0,72,10,0,10,82
05/30/2000,BZN,MT,ANM,WE,Federal Contract Tower,12,11,6,0,29,0,0,37,0,37,12,11,43,0,66,34,0,34,100
05/31/2000,BZN,MT,ANM,WE,Federal Contract Tower,12,16,9,0,37,0,11,9,0,20,12,27,18,0,57,12,0,12,69
06/01/2000,BZN,MT,ANM,WE,Federal Contract Tower,10,10,8,0,28,2,6,77,0,85,12,16,85,0,113,106,0,106,219
06/02/2000,BZN,MT,ANM,WE,Federal Contract Tower,12,13,10,0,35,0,6,73,2,81,12,19,83,2,116,108,0,108,224
06/03/2000,BZN,MT,ANM,WE,Federal Contract Tower,8,10,7,0,25,3,6,110,0,119,11,16,117,0,144,134,0,134,278
06/04/2000,BZN,MT,ANM,WE,Federal Contract Tower,10,10,9,0,29,6,0,97,0,103,16,10,106,0,132,88,0,88,220
06/05/2000,BZN,MT,ANM,WE,Federal Contract Tower,10,11,9,0,30,2,1,62,2,67,12,12,71,2,97,40,0,40,137
06/06/2000,BZN,MT,ANM,WE,Federal Contract Tower,11,13,10,0,34,1,7,38,0,46,12,20,48,0,80,38,0,38,118
06/07/2000,BZN,MT,ANM,WE,Federal Contract Tower,9,10,8,0,27,3,5,57,0,65,12,15,65,0,92,65,0,65,157
06/08/2000,BZN,MT,ANM,WE,Federal Contract Tower,9,9,7,0,25,3,7,24,0,34,12,16,31,0,59,40,0,40,99
06/09/2000,BZN,MT,ANM,WE,Federal Contract Tower,11,11,9,0,31,1,8,23,0,32,12,19,32,0,63,38,0,38,101
06/10/2000,BZN,MT,ANM,WE,Federal Contract Tower,10,9,8,0,27,2,8,60,0,70,12,17,68,0,97,25,0,25,122
06/11/2000,BZN,MT,ANM,WE,Federal Contract Tower,12,8,10,0,30,3,0,82,0,85,15,8,92,0,115,74,0,74,189
06/12/2000,BZN,MT,ANM,WE,Federal Contract Tower,12,10,9,0,31,0,2,24,0,26,12,12,33,0,57,74,0,74,131
06/13/2000,BZN,MT,ANM,WE,Federal Contract Tower,12,10,9,0,31,0,6,23,0,29,12,16,32,0,60,60,0,60,120
06/14/2000,BZN,MT,ANM,WE,Federal Contract Tower,12,10,10,0,32,0,6,43,0,49,12,16,53,0,81,114,0,114,195
06/15/2000,BZN,MT,ANM,WE,Federal Contract Tower,12,14,12,0,38,0,12,17,0,29,12,26,29,0,67,38,0,38,105
06/16/2000,BZN,MT,ANM,WE,Federal Contract Tower,11,11,10,1,33,0,7,37,2,46,11,18,47,3,79,53,0,53,132
06/17/2000,BZN,MT,ANM,WE,Federal Contract Tower,13,10,9,0,32,1,6,69,0,76,14,16,78,0,108,130,0,130,238
06/18/2000,BZN,MT,ANM,WE,Federal Contract Tower,17,15,12,0,44,0,1,111,1,113,17,16,123,1,157,74,0,74,231
06/19/2000,BZN,MT,ANM,WE,Federal Contract Tower,14,12,9,0,35,0,3,8,0,11,14,15,17,0,46,54,0,54,100
06/20/2000,BZN,MT,ANM,WE,Federal Contract Tower,14,14,11,0,39,0,10,34,0,44,14,24,45,0,83,62,0,62,145
06/21/2000,BZN,MT,ANM,WE,Federal Contract Tower,12,10,8,0,30,5,7,71,0,83,17,17,79,0,113,146,0,146,259
06/22/2000,BZN,MT,ANM,WE,Federal Contract Tower,12,10,8,0,30,1,6,45,0,52,13,16,53,0,82,57,0,57,139
06/23/2000,BZN,MT,ANM,WE,Federal Contract Tower,14,12,9,0,35,0,6,87,4,97,14,18,96,4,132,89,0,89,221
06/24/2000,BZN,MT,ANM,WE,Federal Contract Tower,13,11,9,0,33,2,6,82,0,90,15,17,91,0,123,86,0,86,209
06/25/2000,BZN,MT,ANM,WE,Federal Contract Tower,16,9,14,0,39,0,0,104,0,104,16,9,118,0,143,62,0,62,205
06/26/2000,BZN,MT,ANM,WE,Federal Contract Tower,15,12,10,0,37,0,1,73,0,74,15,13,83,0,111,68,0,68,179
06/27/2000,BZN,MT,ANM,WE,Federal Contract Tower,14,12,9,0,35,0,5,71,4,80,14,17,80,4,115,124,0,124,239
06/28/2000,BZN,MT,ANM,WE,Federal Contract Tower,15,13,11,0,39,0,6,78,1,85,15,19,89,1,124,122,0,122,246
06/29/2000,BZN,MT,ANM,WE,Federal Contract Tower,13,13,9,0,35,0,9,70,0,79,13,22,79,0,114,94,0,94,208
06/30/2000,BZN,MT,ANM,WE,Federal Contract Tower,13,14,11,0,38,0,9,83,0,92,13,23,94,0,130,116,0,116,246
07/01/2000,BZN,MT,ANM,WE,Federal Contract Tower,15,11,11,0,37,5,7,55,0,67,20,18,66,0,104,94,0,94,198
07/02/2000,BZN,MT,ANM,WE,Federal Contract Tower,17,9,12,0,38,3,0,79,0,82,20,9,91,0,120,36,0,36,156
07/03/2000,BZN,MT,ANM,WE,Federal Contract Tower,17,12,13,0,42,1,2,48,0,51,18,14,61,0,93,18,0,18,111
07/04/2000,BZN,MT,ANM,WE,Federal Contract Tower,15,11,12,0,38,3,3,42,0,48,18,14,54,0,86,44,0,44,130
07/05/2000,BZN,MT,ANM,WE,Federal Contract Tower,17,16,15,0,48,0,4,81,0,85,17,20,96,0,133,28,0,28,161
07/06/2000,BZN,MT,ANM,WE,Federal Contract Tower,18,15,15,0,48,0,10,48,6,64,18,25,63,6,112,41,0,41,153
07/07/2000,BZN,MT,ANM,WE,Federal Contract Tower,19,14,15,0,48,0,6,76,6,88,19,20,91,6,136,121,0,121,257
07/08/2000,BZN,MT,ANM,WE,Federal Contract Tower,14,11,11,0,36,6,9,53,0,68,20,20,64,0,104,122,0,122,226
07/09/2000,BZN,MT,ANM,WE,Federal Contract Tower,19,14,14,0,47,0,4,46,0,50,19,18,60,0,97,54,0,54,151
07/10/2000,BZN,MT,ANM,WE,Federal Contract Tower,17,12,13,0,42,2,6,54,2,64,19,18,67,2,106,62,0,62,168
07/11/2000,BZN,MT,ANM,WE,Federal Contract Tower,18,13,14,0,45,0,7,51,0,58,18,20,65,0,103,56,0,56,159
07/12/2000,BZN,MT,ANM,WE,Federal Contract Tower,18,15,15,0,48,0,9,58,0,67,18,24,73,0,115,56,0,56,171
07/13/2000,BZN,MT,ANM,WE,Federal Contract Tower,18,13,14,0,45,0,11,96,0,107,18,24,110,0,152,71,0,71,223
07/14/2000,BZN,MT,ANM,WE,Federal Contract Tower,14,11,11,0,36,4,9,90,0,103,18,20,101,0,139,40,0,40,179
07/15/2000,BZN,MT,ANM,WE,Federal Contract Tower,16,11,11,0,38,4,9,71,0,84,20,20,82,0,122,74,0,74,196
07/16/2000,BZN,MT,ANM,WE,Federal Contract Tower,18,12,12,0,42,1,4,71,0,76,19,16,83,0,118,74,0,74,192
07/17/2000,BZN,MT,ANM,WE,Federal Contract Tower,18,11,11,0,40,2,4,61,0,67,20,15,72,0,107,22,0,22,129
07/18/2000,BZN,MT,ANM,WE,Federal Contract Tower,18,13,14,0,45,0,5,45,0,50,18,18,59,0,95,50,0,50,145
07/19/2000,BZN,MT,ANM,WE,Federal Contract Tower,18,15,14,0,47,0,7,73,0,80,18,22,87,0,127,40,0,40,167
07/20/2000,BZN,MT,ANM,WE,Federal Contract Tower,18,11,11,0,40,0,7,56,0,63,18,18,67,0,103,117,0,117,220
07/21/2000,BZN,MT,ANM,WE,Federal Contract Tower,18,12,13,0,43,0,13,91,0,104,18,25,104,0,147,104,0,104,251
07/22/2000,BZN,MT,ANM,WE,Federal Contract Tower,17,11,12,0,40,3,12,76,0,91,20,23,88,0,131,114,0,114,245
07/23/2000,BZN,MT,ANM,WE,Federal Contract Tower,17,8,12,0,37,2,0,100,1,103,19,8,112,1,140,94,0,94,234
07/24/2000,BZN,MT,ANM,WE,Federal Contract Tower,16,10,12,0,38,2,3,114,1,120,18,13,126,1,158,70,0,70,228
07/25/2000,BZN,MT,ANM,WE,Federal Contract Tower,17,12,13,0,42,0,10,81,0,91,17,22,94,0,133,124,0,124,257
07/26/2000,BZN,MT,ANM,WE,Federal Contract Tower,18,13,14,0,45,0,9,73,0,82,18,22,87,0,127,64,0,64,191
07/27/2000,BZN,MT,ANM,WE,Federal Contract Tower,18,11,12,0,41,0,8,61,6,75,18,19,73,6,116,71,0,71,187
07/28/2000,BZN,MT,ANM,WE,Federal Contract Tower,18,13,14,0,45,0,7,83,0,90,18,20,97,0,135,67,0,67,202
07/29/2000,BZN,MT,ANM,WE,Federal Contract Tower,18,11,12,0,41,2,10,88,0,100,20,21,100,0,141,48,0,48,189
07/30/2000,BZN,MT,ANM,WE,Federal Contract Tower,20,11,15,0,46,0,0,95,0,95,20,11,110,0,141,14,0,14,155
07/31/2000,BZN,MT,ANM,WE,Federal Contract Tower,18,11,12,0,41,0,4,81,2,87,18,15,93,2,128,30,0,30,158
08/01/2000,BZN,MT,ANM,WE,Federal Contract Tower,12,11,12,0,35,4,8,92,0,104,16,19,104,0,139,34,0,34,173
08/02/2000,BZN,MT,ANM,WE,Federal Contract Tower,15,15,15,0,45,3,5,107,2,117,18,20,122,2,162,64,0,64,226
08/03/2000,BZN,MT,ANM,WE,Federal Contract Tower,16,14,15,0,45,1,6,61,0,68,17,20,76,0,113,94,0,94,207
08/04/2000,BZN,MT,ANM,WE,Federal Contract Tower,17,17,18,0,52,0,4,100,5,109,17,21,118,5,161,86,0,86,247
08/05/2000,BZN,MT,ANM,WE,Federal Contract Tower,18,16,16,0,50,2,10,154,8,174,20,26,170,8,224,92,0,92,316
08/06/2000,BZN,MT,ANM,WE,Federal Contract Tower,16,13,16,0,45,4,0,133,1,138,20,13,149,1,183,48,0,48,231
08/07/2000,BZN,MT,ANM,WE,Federal Contract Tower,17,16,17,0,50,0,3,39,1,43,17,19,56,1,93,76,0,76,169
08/08/2000,BZN,MT,ANM,WE,Federal Contract Tower,18,17,23,0,58,0,0,32,0,32,18,17,55,0,90,22,0,22,112
08/09/2000,BZN,MT,ANM,WE,Federal Contract Tower,18,22,26,0,66,0,0,39,0,39,18,22,65,0,105,2,0,2,107
08/10/2000,BZN,MT,ANM,WE,Federal Contract Tower,17,15,16,0,48,0,8,50,0,58,17,23,66,0,106,99,0,99,205
08/11/2000,BZN,MT,ANM,WE,Federal Contract Tower,17,15,15,0,47,1,4,63,0,68,18,19,78,0,115,76,0,76,191
08/12/2000,BZN,MT,ANM,WE,Federal Contract Tower,15,12,14,0,41,5,6,57,0,68,20,18,71,0,109,74,0,74,183
08/13/2000,BZN,MT,ANM,WE,Federal Contract Tower,18,15,16,0,49,1,1,100,0,102,19,16,116,0,151,50,0,50,201
08/14/2000,BZN,MT,ANM,WE,Federal Contract Tower,16,13,14,0,43,0,7,78,2,87,16,20,92,2,130,58,0,58,188
08/15/2000,BZN,MT,ANM,WE,Federal Contract Tower,17,13,15,0,45,1,7,68,0,76,18,20,83,0,121,66,0,66,187
08/16/2000,BZN,MT,ANM,WE,Federal Contract Tower,18,17,19,0,54,0,2,54,0,56,18,19,73,0,110,48,0,48,158
08/17/2000,BZN,MT,ANM,WE,Federal Contract Tower,18,16,18,0,52,0,10,52,2,64,18,26,70,2,116,30,0,30,146
08/18/2000,BZN,MT,ANM,WE,Federal Contract Tower,20,15,17,0,52,0,8,85,0,93,20,23,102,0,145,52,0,52,197
08/19/2000,BZN,MT,ANM,WE,Federal Contract Tower,21,17,19,0,57,0,2,51,0,53,21,19,70,0,110,32,0,32,142
08/20/2000,BZN,MT,ANM,WE,Federal Contract Tower,19,15,18,0,52,0,0,87,0,87,19,15,105,0,139,50,0,50,189
08/21/2000,BZN,MT,ANM,WE,Federal Contract Tower,17,13,16,0,46,1,6,59,0,66,18,19,75,0,112,54,0,54,166
08/22/2000,BZN,MT,ANM,WE,Federal Contract Tower,17,13,14,0,44,1,4,48,0,53,18,17,62,0,97,54,0,54,151
08/23/2000,BZN,MT,ANM,WE,Federal Contract Tower,17,13,16,0,46,0,5,73,0,78,17,18,89,0,124,34,0,34,158
08/24/2000,BZN,MT,ANM,WE,Federal Contract Tower,17,15,18,0,50,0,6,57,0,63,17,21,75,0,113,52,0,52,165
08/25/2000,BZN,MT,ANM,WE,Federal Contract Tower,16,12,14,0,42,3,6,68,2,79,19,18,82,2,121,91,0,91,212
08/26/2000,BZN,MT,ANM,WE,Federal Contract Tower,16,12,14,0,42,4,9,55,0,68,20,21,69,0,110,96,0,96,206
08/27/2000,BZN,MT,ANM,WE,Federal Contract Tower,20,15,18,0,53,0,0,49,0,49,20,15,67,0,102,90,0,90,192
08/28/2000,BZN,MT,ANM,WE,Federal Contract Tower,16,12,13,0,41,2,3,39,0,44,18,15,52,0,85,92,0,92,177
08/29/2000,BZN,MT,ANM,WE,Federal Contract Tower,17,13,16,0,46,3,9,33,0,45,20,22,49,0,91,34,0,34,125
08/30/2000,BZN,MT,ANM,WE,Federal Contract Tower,18,15,17,0,50,0,5,52,0,57,18,20,69,0,107,74,0,74,181
08/31/2000,BZN,MT,ANM,WE,Federal Contract Tower,13,10,11,0,34,5,10,52,0,67,18,20,63,0,101,56,0,56,157
09/01/2000,BZN,MT,ANM,WE,Federal Contract Tower,17,14,10,0,41,1,8,52,0,61,18,22,62,0,102,36,0,36,138
09/02/2000,BZN,MT,ANM,WE,Federal Contract Tower,16,13,9,0,38,3,6,41,0,50,19,19,50,0,88,64,0,64,152
09/03/2000,BZN,MT,ANM,WE,Federal Contract Tower,16,9,9,0,34,3,0,77,0,80,19,9,86,0,114,76,0,76,190
09/04/2000,BZN,MT,ANM,WE,Federal Contract Tower,17,11,10,0,38,1,0,110,0,111,18,11,120,0,149,68,0,68,217
09/05/2000,BZN,MT,ANM,WE,Federal Contract Tower,16,14,9,0,39,0,5,49,0,54,16,19,58,0,93,58,0,58,151
09/06/2000,BZN,MT,ANM,WE,Federal Contract Tower,18,18,13,0,49,0,6,48,0,54,18,24,61,0,103,30,0,30,133
09/07/2000,BZN,MT,ANM,WE,Federal Contract Tower,16,13,9,0,38,0,11,80,2,93,16,24,89,2,131,22,0,22,153
09/08/2000,BZN,MT,ANM,WE,Federal Contract Tower,15,13,9,0,37,1,13,44,0,58,16,26,53,0,95,58,0,58,153
09/09/2000,BZN,MT,ANM,WE,Federal Contract Tower,15,12,9,0,36,3,9,43,0,55,18,21,52,0,91,24,0,24,115
09/10/2000,BZN,MT,ANM,WE,Federal Contract Tower,18,14,10,0,42,1,0,33,1,35,19,14,43,1,77,33,0,33,110
09/11/2000,BZN,MT,ANM,WE,Federal Contract Tower,17,15,10,0,42,1,1,45,3,50,18,16,55,3,92,80,0,80,172
09/12/2000,BZN,MT,ANM,WE,Federal Contract Tower,15,12,9,0,36,3,5,70,0,78,18,17,79,0,114,102,0,102,216
09/13/2000,BZN,MT,ANM,WE,Federal Contract Tower,17,14,9,0,40,1,7,87,2,97,18,21,96,2,137,80,0,80,217
09/14/2000,BZN,MT,ANM,WE,Federal Contract Tower,17,15,9,1,42,1,5,74,13,93,18,20,83,14,135,118,0,118,253
09/15/2000,BZN,MT,ANM,WE,Federal Contract Tower,18,13,8,1,40,0,8,88,1,97,18,21,96,2,137,92,0,92,229
09/16/2000,BZN,MT,ANM,WE,Federal Contract Tower,18,14,9,1,42,2,10,56,1,69,20,24,65,2,111,46,0,46,157
09/17/2000,BZN,MT,ANM,WE,Federal Contract Tower,16,15,10,0,41,0,7,67,0,74,16,22,77,0,115,70,0,70,185
09/18/2000,BZN,MT,ANM,WE,Federal Contract Tower,19,15,9,0,43,0,2,32,0,34,19,17,41,0,77,108,0,108,185
09/19/2000,BZN,MT,ANM,WE,Federal Contract Tower,18,16,11,1,46,0,7,16,3,26,18,23,27,4,72,48,0,48,120
09/20/2000,BZN,MT,ANM,WE,Federal Contract Tower,18,15,9,0,42,0,7,75,0,82,18,22,84,0,124,66,0,66,190
09/21/2000,BZN,MT,ANM,WE,Federal Contract Tower,18,18,11,0,47,0,7,2,2,11,18,25,13,2,58,8,0,8,66
09/22/2000,BZN,MT,ANM,WE,Federal Contract Tower,19,16,10,0,45,0,5,1,0,6,19,21,11,0,51,36,0,36,87
09/23/2000,BZN,MT,ANM,WE,Federal Contract Tower,16,13,8,0,37,1,9,30,4,44,17,22,38,4,81,28,0,28,109
09/24/2000,BZN,MT,ANM,WE,Federal Contract Tower,18,10,10,0,38,0,0,148,0,148,18,10,158,0,186,43,0,43,229
09/25/2000,BZN,MT,ANM,WE,Federal Contract Tower,18,15,9,0,42,0,0,96,0,96,18,15,105,0,138,90,0,90,228
09/26/2000,BZN,MT,ANM,WE,Federal Contract Tower,14,11,6,0,31,4,6,51,0,61,18,17,57,0,92,130,0,130,222
09/27/2000,BZN,MT,ANM,WE,Federal Contract Tower,16,13,8,0,37,2,4,82,2,90,18,17,90,2,127,106,0,106,233
09/28/2000,BZN,MT,ANM,WE,Federal Contract Tower,17,14,8,0,39,0,8,77,0,85,17,22,85,0,124,46,0,46,170
09/29/2000,BZN,MT,ANM,WE,Federal Contract Tower,15,12,7,0,34,0,11,63,2,76,15,23,70,2,110,66,0,66,176
09/30/2000,BZN,MT,ANM,WE,Federal Contract Tower,14,11,7,0,32,2,4,33,0,39,16,15,40,0,71,30,0,30,101
10/01/2000,BZN,MT,ANM,WE,Federal Contract Tower,14,8,10,0,32,4,0,36,0,40,18,8,46,0,72,71,0,71,143
10/02/2000,BZN,MT,ANM,WE,Federal Contract Tower,14,13,11,0,38,2,4,46,0,52,16,17,57,0,90,46,0,46,136
10/03/2000,BZN,MT,ANM,WE,Federal Contract Tower,20,14,14,0,48,0,4,34,0,38,20,18,48,0,86,58,0,58,144
10/04/2000,BZN,MT,ANM,WE,Federal Contract Tower,18,15,14,0,47,0,10,45,4,59,18,25,59,4,106,94,0,94,200
10/05/2000,BZN,MT,ANM,WE,Federal Contract Tower,18,16,15,0,49,0,5,30,0,35,18,21,45,0,84,82,0,82,166
10/06/2000,BZN,MT,ANM,WE,Federal Contract Tower,18,16,14,0,48,0,3,100,4,107,18,19,114,4,155,190,0,190,345
10/07/2000,BZN,MT,ANM,WE,Federal Contract Tower,15,11,10,0,36,1,11,93,1,106,16,22,103,1,142,40,0,40,182
10/08/2000,BZN,MT,ANM,WE,Federal Contract Tower,17,12,12,0,41,1,0,89,0,90,18,12,101,0,131,97,0,97,228
10/09/2000,BZN,MT,ANM,WE,Federal Contract Tower,15,13,13,0,41,0,0,83,0,83,15,13,96,0,124,116,0,116,240
10/10/2000,BZN,MT,ANM,WE,Federal Contract Tower,15,11,11,0,37,2,7,31,0,40,17,18,42,0,77,112,0,112,189
10/11/2000,BZN,MT,ANM,WE,Federal Contract Tower,18,15,13,0,46,0,2,7,0,9,18,17,20,0,55,180,0,180,235
10/12/2000,BZN,MT,ANM,WE,Federal Contract Tower,17,12,6,0,35,0,6,0,0,6,17,18,6,0,41,0,0,0,41
10/13/2000,BZN,MT,ANM,WE,Federal Contract Tower,13,15,14,0,42,0,8,0,0,8,13,23,14,0,50,48,0,48,98
10/14/2000,BZN,MT,ANM,WE,Federal Contract Tower,13,10,9,0,32,1,6,23,2,32,14,16,32,2,64,94,0,94,158
10/15/2000,BZN,MT,ANM,WE,Federal Contract Tower,11,6,8,0,25,7,0,84,0,91,18,6,92,0,116,76,0,76,192
10/16/2000,BZN,MT,ANM,WE,Federal Contract Tower,16,10,11,0,37,2,3,47,0,52,18,13,58,0,89,24,0,24,113
10/17/2000,BZN,MT,ANM,WE,Federal Contract Tower,14,9,9,0,32,4,6,75,0,85,18,15,84,0,117,120,0,120,237
10/18/2000,BZN,MT,ANM,WE,Federal Contract Tower,14,9,8,0,31,4,9,42,0,55,18,18,50,0,86,64,0,64,150
10/19/2000,BZN,MT,ANM,WE,Federal Contract Tower,18,12,11,0,41,0,8,62,0,70,18,20,73,0,111,118,0,118,229
10/20/2000,BZN,MT,ANM,WE,Federal Contract Tower,16,12,10,1,39,0,8,115,1,124,16,20,125,2,163,70,0,70,233
10/21/2000,BZN,MT,ANM,WE,Federal Contract Tower,14,10,9,0,33,0,5,5,0,10,14,15,14,0,43,4,0,4,47
10/22/2000,BZN,MT,ANM,WE,Federal Contract Tower,14,6,8,0,28,4,0,97,0,101,18,6,105,0,129,64,0,64,193
10/23/2000,BZN,MT,ANM,WE,Federal Contract Tower,14,8,8,0,30,1,9,70,0,80,15,17,78,0,110,104,0,104,214
10/24/2000,BZN,MT,ANM,WE,Federal Contract Tower,15,11,9,0,35,3,6,45,0,54,18,17,54,0,89,54,0,54,143
10/25/2000,BZN,MT,ANM,WE,Federal Contract Tower,17,13,11,0,41,0,6,45,0,51,17,19,56,0,92,72,0,72,164
10/26/2000,BZN,MT,ANM,WE,Federal Contract Tower,18,14,12,0,44,0,2,46,0,48,18,16,58,0,92,98,0,98,190
10/27/2000,BZN,MT,ANM,WE,Federal Contract Tower,18,13,11,0,42,2,1,51,0,54,20,14,62,0,96,105,0,105,201
10/28/2000,BZN,MT,ANM,WE,Federal Contract Tower,16,12,10,0,38,0,6,86,0,92,16,18,96,0,130,86,0,86,216
10/29/2000,BZN,MT,ANM,WE,Federal Contract Tower,14,8,8,0,30,5,0,49,0,54,19,8,57,0,84,32,0,32,116
10/30/2000,BZN,MT,ANM,WE,Federal Contract Tower,17,14,12,0,43,0,0,4,0,4,17,14,16,0,47,16,0,16,63
10/31/2000,BZN,MT,ANM,WE,Federal Contract Tower,18,14,9,0,41,0,7,0,0,7,18,21,9,0,48,4,0,4,52
11/01/2000,BZN,MT,ANM,WE,Federal Contract Tower,17,17,11,0,45,1,1,7,0,9,18,18,18,0,54,20,0,20,74
11/02/2000,BZN,MT,ANM,WE,Federal Contract Tower,16,16,10,0,42,2,4,57,2,65,18,20,67,2,107,119,0,119,226
11/03/2000,BZN,MT,ANM,WE,Federal Contract Tower,17,17,11,0,45,3,9,68,0,80,20,26,79,0,125,158,0,158,283
11/04/2000,BZN,MT,ANM,WE,Federal Contract Tower,12,13,8,0,33,5,6,61,0,72,17,19,69,0,105,158,0,158,263
11/05/2000,BZN,MT,ANM,WE,Federal Contract Tower,14,14,9,0,37,0,0,2,2,4,14,14,11,2,41,0,0,0,41
11/06/2000,BZN,MT,ANM,WE,Federal Contract Tower,16,14,10,0,40,2,0,3,0,5,18,14,13,0,45,8,0,8,53
11/07/2000,BZN,MT,ANM,WE,Federal Contract Tower,16,17,10,0,43,2,6,40,0,48,18,23,50,0,91,108,0,108,199
11/08/2000,BZN,MT,ANM,WE,Federal Contract Tower,13,13,8,0,34,0,8,17,0,25,13,21,25,0,59,52,0,52,111
11/09/2000,BZN,MT,ANM,WE,Federal Contract Tower,14,20,13,0,47,0,1,7,0,8,14,21,20,0,55,0,0,0,55
11/10/2000,BZN,MT,ANM,WE,Federal Contract Tower,18,21,13,0,52,0,3,18,0,21,18,24,31,0,73,18,0,18,91
11/11/2000,BZN,MT,ANM,WE,Federal Contract Tower,11,10,7,0,28,4,7,28,0,39,15,17,35,0,67,36,0,36,103
11/12/2000,BZN,MT,ANM,WE,Federal Contract Tower,12,7,8,0,27,5,0,53,0,58,17,7,61,0,85,70,0,70,155
11/13/2000,BZN,MT,ANM,WE,Federal Contract Tower,14,15,9,0,38,4,1,25,0,30,18,16,34,0,68,36,0,36,104
11/14/2000,BZN,MT,ANM,WE,Federal Contract Tower,15,19,11,0,45,0,8,26,0,34,15,27,37,0,79,46,0,46,125
11/15/2000,BZN,MT,ANM,WE,Federal Contract Tower,18,20,11,0,49,0,7,0,0,7,18,27,11,0,56,0,0,0,56
11/16/2000,BZN,MT,ANM,WE,Federal Contract Tower,18,15,11,0,44,0,0,32,0,32,18,15,43,0,76,34,0,34,110
11/17/2000,BZN,MT,ANM,WE,Federal Contract Tower,18,16,9,0,43,0,2,27,0,29,18,18,36,0,72,64,0,64,136
11/18/2000,BZN,MT,ANM,WE,Federal Contract Tower,13,11,7,1,32,3,5,22,1,31,16,16,29,2,63,16,10,26,89
11/19/2000,BZN,MT,ANM,WE,Federal Contract Tower,15,10,8,0,33,4,0,43,0,47,19,10,51,0,80,58,0,58,138
11/20/2000,BZN,MT,ANM,WE,Federal Contract Tower,16,14,9,1,40,0,6,39,3,48,16,20,48,4,88,61,0,61,149
11/21/2000,BZN,MT,ANM,WE,Federal Contract Tower,18,19,11,0,48,0,0,41,0,41,18,19,52,0,89,30,0,30,119
11/22/2000,BZN,MT,ANM,WE,Federal Contract Tower,17,19,11,0,47,0,0,45,0,45,17,19,56,0,92,92,0,92,184
11/23/2000,BZN,MT,ANM,WE,Federal Contract Tower,11,12,6,0,29,0,2,39,0,41,11,14,45,0,70,36,0,36,106
11/24/2000,BZN,MT,ANM,WE,Federal Contract Tower,13,15,8,0,36,0,6,30,0,36,13,21,38,0,72,52,0,52,124
11/25/2000,BZN,MT,ANM,WE,Federal Contract Tower,14,13,7,0,34,1,7,45,0,53,15,20,52,0,87,156,0,156,243
11/26/2000,BZN,MT,ANM,WE,Federal Contract Tower,17,11,12,0,40,0,0,54,0,54,17,11,66,0,94,87,0,87,181
11/27/2000,BZN,MT,ANM,WE,Federal Contract Tower,17,16,9,0,42,1,2,10,0,13,18,18,19,0,55,40,0,40,95
11/28/2000,BZN,MT,ANM,WE,Federal Contract Tower,18,18,10,0,46,0,5,25,0,30,18,23,35,0,76,48,0,48,124
11/29/2000,BZN,MT,ANM,WE,Federal Contract Tower,15,15,8,0,38,0,16,20,0,36,15,31,28,0,74,66,0,66,140
11/30/2000,BZN,MT,ANM,WE,Federal Contract Tower,15,13,8,0,36,0,5,29,2,36,15,18,37,2,72,92,0,92,164
12/01/2000,BZN,MT,ANM,WE,Federal Contract Tower,16,22,10,0,48,0,8,31,0,39,16,30,41,0,87,120,0,120,207
12/02/2000,BZN,MT,ANM,WE,Federal Contract Tower,10,14,6,0,30,6,4,35,2,47,16,18,41,2,77,68,0,68,145
12/03/2000,BZN,MT,ANM,WE,Federal Contract Tower,13,9,7,0,29,4,0,46,0,50,17,9,53,0,79,82,0,82,161
12/04/2000,BZN,MT,ANM,WE,Federal Contract Tower,13,17,8,0,38,5,0,19,0,24,18,17,27,0,62,61,0,61,123
12/05/2000,BZN,MT,ANM,WE,Federal Contract Tower,17,21,9,0,47,0,4,27,0,31,17,25,36,0,78,53,0,53,131
12/06/2000,BZN,MT,ANM,WE,Federal Contract Tower,18,20,9,0,47,0,5,58,0,63,18,25,67,0,110,46,0,46,156
12/07/2000,BZN,MT,ANM,WE,Federal Contract Tower,16,22,10,0,48,0,1,35,0,36,16,23,45,0,84,40,0,40,124
12/08/2000,BZN,MT,ANM,WE,Federal Contract Tower,13,16,8,0,37,0,2,7,0,9,13,18,15,0,46,78,0,78,124
12/09/2000,BZN,MT,ANM,WE,Federal Contract Tower,13,14,7,0,34,1,4,5,0,10,14,18,12,0,44,18,0,18,62
12/10/2000,BZN,MT,ANM,WE,Federal Contract Tower,13,8,7,0,28,4,0,10,0,14,17,8,17,0,42,34,0,34,76
12/11/2000,BZN,MT,ANM,WE,Federal Contract Tower,14,16,8,0,38,2,0,13,0,15,16,16,21,0,53,25,0,25,78
12/12/2000,BZN,MT,ANM,WE,Federal Contract Tower,13,18,8,0,39,0,1,16,0,17,13,19,24,0,56,14,0,14,70
12/13/2000,BZN,MT,ANM,WE,Federal Contract Tower,14,17,8,0,39,3,6,8,0,17,17,23,16,0,56,16,0,16,72
12/14/2000,BZN,MT,ANM,WE,Federal Contract Tower,14,17,8,0,39,0,7,32,0,39,14,24,40,0,78,70,0,70,148
12/15/2000,BZN,MT,ANM,WE,Federal Contract Tower,12,18,8,0,38,0,6,9,0,15,12,24,17,0,53,22,0,22,75
12/16/2000,BZN,MT,ANM,WE,Federal Contract Tower,14,16,6,0,36,6,2,15,0,23,20,18,21,0,59,100,0,100,159
12/17/2000,BZN,MT,ANM,WE,Federal Contract Tower,13,15,6,1,35,2,0,6,0,8,15,15,12,1,43,52,0,52,95
12/18/2000,BZN,MT,ANM,WE,Federal Contract Tower,14,16,7,0,37,0,5,49,0,54,14,21,56,0,91,50,0,50,141
12/19/2000,BZN,MT,ANM,WE,Federal Contract Tower,15,21,9,0,45,0,13,13,0,26,15,34,22,0,71,31,0,31,102
12/20/2000,BZN,MT,ANM,WE,Federal Contract Tower,17,24,10,1,52,0,1,58,1,60,17,25,68,2,112,96,0,96,208
12/21/2000,BZN,MT,ANM,WE,Federal Contract Tower,17,24,10,0,51,0,4,37,0,41,17,28,47,0,92,60,0,60,152
12/22/2000,BZN,MT,ANM,WE,Federal Contract Tower,16,23,9,0,48,0,1,40,0,41,16,24,49,0,89,40,0,40,129
12/23/2000,BZN,MT,ANM,WE,Federal Contract Tower,19,24,9,0,52,0,5,42,0,47,19,29,51,0,99,52,0,52,151
12/24/2000,BZN,MT,ANM,WE,Federal Contract Tower,12,14,1,0,27,6,0,0,0,6,18,14,1,0,33,0,0,0,33
12/25/2000,BZN,MT,ANM,WE,Federal Contract Tower,9,8,4,0,21,7,0,15,0,22,16,8,19,0,43,0,0,0,43
12/26/2000,BZN,MT,ANM,WE,Federal Contract Tower,17,16,8,0,41,0,0,68,2,70,17,16,76,2,111,20,0,20,131
12/27/2000,BZN,MT,ANM,WE,Federal Contract Tower,16,21,8,0,45,0,2,29,0,31,16,23,37,0,76,59,0,59,135
12/28/2000,BZN,MT,ANM,WE,Federal Contract Tower,15,19,7,0,41,0,8,38,0,46,15,27,45,0,87,120,0,120,207
12/29/2000,BZN,MT,ANM,WE,Federal Contract Tower,15,18,7,0,40,0,2,43,0,45,15,20,50,0,85,48,0,48,133
12/30/2000,BZN,MT,ANM,WE,Federal Contract Tower,16,18,7,0,41,0,0,5,0,5,16,18,12,0,46,16,0,16,62
12/31/2000,BZN,MT,ANM,WE,Federal Contract Tower,5,6,2,0,13,0,0,5,0,5,5,6,7,0,18,0,0,0,18
01/01/2001,BZN,MT,ANM,WE,Federal Contract Tower,14,16,9,0,39,0,1,55,0,56,14,17,64,0,95,38,0,38,133
01/02/2001,BZN,MT,ANM,WE,Federal Contract Tower,19,19,11,0,49,0,0,26,0,26,19,19,37,0,75,76,0,76,151
01/03/2001,BZN,MT,ANM,WE,Federal Contract Tower,16,17,9,0,42,0,3,35,0,38,16,20,44,0,80,63,0,63,143
01/04/2001,BZN,MT,ANM,WE,Federal Contract Tower,15,16,9,0,40,0,3,28,0,31,15,19,37,0,71,63,0,63,134
01/05/2001,BZN,MT,ANM,WE,Federal Contract Tower,15,17,9,0,41,0,3,27,0,30,15,20,36,0,71,54,0,54,125
01/06/2001,BZN,MT,ANM,WE,Federal Contract Tower,12,13,7,0,32,4,4,73,0,81,16,17,80,0,113,163,0,163,276
01/07/2001,BZN,MT,ANM,WE,Federal Contract Tower,14,12,8,0,34,3,0,96,0,99,17,12,104,0,133,70,0,70,203
01/08/2001,BZN,MT,ANM,WE,Federal Contract Tower,12,13,8,0,33,5,3,16,0,24,17,16,24,0,57,54,0,54,111
01/09/2001,BZN,MT,ANM,WE,Federal Contract Tower,18,18,10,0,46,0,4,12,0,16,18,22,22,0,62,68,0,68,130
01/10/2001,BZN,MT,ANM,WE,Federal Contract Tower,15,19,10,0,44,0,2,40,0,42,15,21,50,0,86,72,0,72,158
01/11/2001,BZN,MT,ANM,WE,Federal Contract Tower,16,16,9,0,41,2,3,25,0,30,18,19,34,0,71,62,0,62,133
01/12/2001,BZN,MT,ANM,WE,Federal Contract Tower,17,20,11,0,48,0,2,27,0,29,17,22,38,0,77,120,0,120,197
01/13/2001,BZN,MT,ANM,WE,Federal Contract Tower,18,21,12,0,51,0,4,5,0,9,18,25,17,0,60,56,0,56,116
01/14/2001,BZN,MT,ANM,WE,Federal Contract Tower,13,8,8,0,29,5,0,33,0,38,18,8,41,0,67,98,0,98,165
01/15/2001,BZN,MT,ANM,WE,Federal Contract Tower,16,14,10,0,40,0,0,38,0,38,16,14,48,0,78,33,0,33,111
01/16/2001,BZN,MT,ANM,WE,Federal Contract Tower,17,17,9,0,43,1,3,57,0,61,18,20,66,0,104,51,0,51,155
01/17/2001,BZN,MT,ANM,WE,Federal Contract Tower,17,16,9,1,43,1,5,13,1,20,18,21,22,2,63,38,0,38,101
01/18/2001,BZN,MT,ANM,WE,Federal Contract Tower,18,17,9,0,44,0,7,22,0,29,18,24,31,0,73,65,0,65,138
01/19/2001,BZN,MT,ANM,WE,Federal Contract Tower,17,15,8,0,40,0,4,7,0,11,17,19,15,0,51,110,0,110,161
01/20/2001,BZN,MT,ANM,WE,Federal Contract Tower,14,13,7,0,34,5,3,62,0,70,19,16,69,0,104,104,4,108,212
01/21/2001,BZN,MT,ANM,WE,Federal Contract Tower,12,10,6,0,28,4,0,54,0,58,16,10,60,0,86,80,0,80,166
01/22/2001,BZN,MT,ANM,WE,Federal Contract Tower,15,13,7,1,36,2,0,29,0,31,17,13,36,1,67,52,0,52,119
01/23/2001,BZN,MT,ANM,WE,Federal Contract Tower,14,19,10,0,43,0,4,36,2,42,14,23,46,2,85,44,0,44,129
01/24/2001,BZN,MT,ANM,WE,Federal Contract Tower,15,15,7,0,37,1,3,18,0,22,16,18,25,0,59,0,0,0,59
01/25/2001,BZN,MT,ANM,WE,Federal Contract Tower,17,17,8,0,42,0,1,0,0,1,17,18,8,0,43,35,0,35,78
01/26/2001,BZN,MT,ANM,WE,Federal Contract Tower,15,15,8,0,38,0,0,16,0,16,15,15,24,0,54,4,0,4,58
01/27/2001,BZN,MT,ANM,WE,Federal Contract Tower,17,17,9,0,43,0,0,32,0,32,17,17,41,0,75,40,0,40,115
01/28/2001,BZN,MT,ANM,WE,Federal Contract Tower,14,7,7,0,28,2,0,42,0,44,16,7,49,0,72,68,0,68,140
01/29/2001,BZN,MT,ANM,WE,Federal Contract Tower,16,15,9,0,40,0,0,42,0,42,16,15,51,0,82,94,0,94,176
01/30/2001,BZN,MT,ANM,WE,Federal Contract Tower,17,17,8,0,42,1,3,7,0,11,18,20,15,0,53,32,0,32,85
01/31/2001,BZN,MT,ANM,WE,Federal Contract Tower,18,20,10,0,48,0,0,11,2,13,18,20,21,2,61,51,0,51,112
02/01/2001,BZN,MT,ANM,WE,Federal Contract Tower,17,17,13,0,47,1,0,41,8,50,18,17,54,8,97,55,0,55,152
02/02/2001,BZN,MT,ANM,WE,Federal Contract Tower,18,18,14,0,50,0,5,11,0,16,18,23,25,0,66,26,0,26,92
02/03/2001,BZN,MT,ANM,WE,Federal Contract Tower,13,13,10,0,36,6,7,38,4,55,19,20,48,4,91,135,0,135,226
02/04/2001,BZN,MT,ANM,WE,Federal Contract Tower,14,14,11,0,39,2,0,36,0,38,16,14,47,0,77,80,0,80,157
02/05/2001,BZN,MT,ANM,WE,Federal Contract Tower,13,12,10,0,35,1,4,12,0,17,14,16,22,0,52,37,0,37,89
02/06/2001,BZN,MT,ANM,WE,Federal Contract Tower,13,16,12,0,41,0,3,1,0,4,13,19,13,0,45,0,0,0,45
02/07/2001,BZN,MT,ANM,WE,Federal Contract Tower,14,15,11,0,40,2,2,35,0,39,16,17,46,0,79,76,0,76,155
02/08/2001,BZN,MT,ANM,WE,Federal Contract Tower,15,15,11,0,41,1,9,34,0,44,16,24,45,0,85,95,0,95,180
02/09/2001,BZN,MT,ANM,WE,Federal Contract Tower,18,18,14,0,50,2,4,26,2,34,20,22,40,2,84,80,0,80,164
02/10/2001,BZN,MT,ANM,WE,Federal Contract Tower,12,13,9,0,34,7,7,44,0,58,19,20,53,0,92,82,0,82,174
02/11/2001,BZN,MT,ANM,WE,Federal Contract Tower,13,8,10,0,31,4,0,42,1,47,17,8,52,1,78,92,0,92,170
02/12/2001,BZN,MT,ANM,WE,Federal Contract Tower,14,13,11,0,38,4,1,15,0,20,18,14,26,0,58,22,0,22,80
02/13/2001,BZN,MT,ANM,WE,Federal Contract Tower,18,18,14,0,50,0,0,5,0,5,18,18,19,0,55,35,0,35,90
02/14/2001,BZN,MT,ANM,WE,Federal Contract Tower,13,14,10,0,37,2,3,27,0,32,15,17,37,0,69,82,0,82,151
02/15/2001,BZN,MT,ANM,WE,Federal Contract Tower,17,19,14,0,50,0,0,7,0,7,17,19,21,0,57,40,0,40,97
02/16/2001,BZN,MT,ANM,WE,Federal Contract Tower,19,20,14,0,53,0,2,8,0,10,19,22,22,0,63,21,0,21,84
02/17/2001,BZN,MT,ANM,WE,Federal Contract Tower,16,15,11,0,42,3,4,80,0,87,19,19,91,0,129,96,0,96,225
02/18/2001,BZN,MT,ANM,WE,Federal Contract Tower,17,11,11,0,39,2,0,41,0,43,19,11,52,0,82,147,0,147,229
02/19/2001,BZN,MT,ANM,WE,Federal Contract Tower,17,16,12,0,45,0,0,39,0,39,17,16,51,0,84,14,0,14,98
02/20/2001,BZN,MT,ANM,WE,Federal Contract Tower,18,16,12,0,46,0,5,4,0,9,18,21,16,0,55,42,0,42,97
02/21/2001,BZN,MT,ANM,WE,Federal Contract Tower,17,19,13,0,49,0,2,43,0,45,17,21,56,0,94,81,0,81,175
02/22/2001,BZN,MT,ANM,WE,Federal Contract Tower,17,20,14,0,51,0,3,29,0,32,17,23,43,0,83,98,0,98,181
02/23/2001,BZN,MT,ANM,WE,Federal Contract Tower,19,22,16,0,57,0,1,43,0,44,19,23,59,0,101,171,0,171,272
02/24/2001,BZN,MT,ANM,WE,Federal Contract Tower,19,18,13,0,50,0,7,41,0,48,19,25,54,0,98,137,0,137,235
02/25/2001,BZN,MT,ANM,WE,Federal Contract Tower,19,15,13,0,47,0,0,49,0,49,19,15,62,0,96,60,0,60,156
02/26/2001,BZN,MT,ANM,WE,Federal Contract Tower,15,13,10,0,38,3,0,26,0,29,18,13,36,0,67,80,0,80,147
02/27/2001,BZN,MT,ANM,WE,Federal Contract Tower,11,11,7,0,29,6,8,56,0,70,17,19,63,0,99,62,0,62,161
02/28/2001,BZN,MT,ANM,WE,Federal Contract Tower,14,12,9,0,35,4,9,50,0,63,18,21,59,0,98,102,0,102,200
03/01/2001,BZN,MT,ANM,WE,Federal Contract Tower,15,16,10,0,41,0,7,57,0,64,15,23,67,0,105,78,0,78,183
03/02/2001,BZN,MT,ANM,WE,Federal Contract Tower,17,16,9,0,42,0,9,20,0,29,17,25,29,0,71,58,0,58,129
03/03/2001,BZN,MT,ANM,WE,Federal Contract Tower,20,18,11,0,49,0,2,34,2,38,20,20,45,2,87,38,0,38,125
03/04/2001,BZN,MT,ANM,WE,Federal Contract Tower,16,14,9,0,39,2,0,70,0,72,18,14,79,0,111,97,0,97,208
03/05/2001,BZN,MT,ANM,WE,Federal Contract Tower,17,17,9,0,43,1,3,36,0,40,18,20,45,0,83,62,0,62,145
03/06/2001,BZN,MT,ANM,WE,Federal Contract Tower,16,16,9,0,41,0,5,64,0,69,16,21,73,0,110,53,0,53,163
03/07/2001,BZN,MT,ANM,WE,Federal Contract Tower,14,13,8,0,35,2,9,48,0,59,16,22,56,0,94,60,0,60,154
03/08/2001,BZN,MT,ANM,WE,Federal Contract Tower,16,16,9,0,41,2,5,75,0,82,18,21,84,0,123,51,0,51,174
03/09/2001,BZN,MT,ANM,WE,Federal Contract Tower,19,17,10,0,46,0,0,29,0,29,19,17,39,0,75,104,0,104,179
03/10/2001,BZN,MT,ANM,WE,Federal Contract Tower,17,16,9,0,42,2,5,38,0,45,19,21,47,0,87,54,0,54,141
03/11/2001,BZN,MT,ANM,WE,Federal Contract Tower,13,8,7,0,28,7,0,63,0,70,20,8,70,0,98,59,0,59,157
03/12/2001,BZN,MT,ANM,WE,Federal Contract Tower,16,15,9,0,40,1,5,6,0,12,17,20,15,0,52,44,0,44,96
03/13/2001,BZN,MT,ANM,WE,Federal Contract Tower,16,16,10,0,42,0,7,7,0,14,16,23,17,0,56,0,0,0,56
03/14/2001,BZN,MT,ANM,WE,Federal Contract Tower,15,16,6,0,37,0,4,0,0,4,15,20,6,0,41,9,0,9,50
03/15/2001,BZN,MT,ANM,WE,Federal Contract Tower,14,13,7,1,35,3,10,52,1,66,17,23,59,2,101,73,0,73,174
03/16/2001,BZN,MT,ANM,WE,Federal Contract Tower,14,11,6,0,31,3,10,61,0,74,17,21,67,0,105,134,0,134,239
03/17/2001,BZN,MT,ANM,WE,Federal Contract Tower,19,18,9,0,46,0,7,81,0,88,19,25,90,0,134,132,0,132,266
03/18/2001,BZN,MT,ANM,WE,Federal Contract Tower,17,11,8,0,36,0,0,73,0,73,17,11,81,0,109,134,0,134,243
03/19/2001,BZN,MT,ANM,WE,Federal Contract Tower,14,15,9,0,38,0,4,24,0,28,14,19,33,0,66,80,0,80,146
03/20/2001,BZN,MT,ANM,WE,Federal Contract Tower,17,18,9,0,44,0,8,33,0,41,17,26,42,0,85,60,0,60,145
03/21/2001,BZN,MT,ANM,WE,Federal Contract Tower,18,18,9,0,45,0,2,52,2,56,18,20,61,2,101,93,0,93,194
03/22/2001,BZN,MT,ANM,WE,Federal Contract Tower,17,16,8,0,41,1,3,50,2,56,18,19,58,2,97,138,0,138,235
03/23/2001,BZN,MT,ANM,WE,Federal Contract Tower,18,19,10,0,47,0,5,53,0,58,18,24,63,0,105,96,0,96,201
03/24/2001,BZN,MT,ANM,WE,Federal Contract Tower,18,18,10,0,46,0,0,32,2,34,18,18,42,2,80,34,0,34,114
03/25/2001,BZN,MT,ANM,WE,Federal Contract Tower,19,14,9,0,42,0,0,27,2,29,19,14,36,2,71,68,0,68,139
03/26/2001,BZN,MT,ANM,WE,Federal Contract Tower,14,12,6,0,32,3,0,11,0,14,17,12,17,0,46,61,0,61,107
03/27/2001,BZN,MT,ANM,WE,Federal Contract Tower,16,15,7,0,38,1,9,33,0,43,17,24,40,0,81,52,0,52,133
03/28/2001,BZN,MT,ANM,WE,Federal Contract Tower,16,15,8,0,39,0,1,30,0,31,16,16,38,0,70,76,0,76,146
03/29/2001,BZN,MT,ANM,WE,Federal Contract Tower,17,16,8,0,41,1,7,33,0,41,18,23,41,0,82,24,0,24,106
03/30/2001,BZN,MT,ANM,WE,Federal Contract Tower,18,20,11,0,49,0,7,0,0,7,18,27,11,0,56,8,0,8,64
03/31/2001,BZN,MT,ANM,WE,Federal Contract Tower,18,17,8,0,43,0,3,43,6,52,18,20,51,6,95,49,0,49,144
04/01/2001,BZN,MT,ANM,WE,Federal Contract Tower,17,12,13,0,42,0,0,52,0,52,17,12,65,0,94,44,0,44,138
04/02/2001,BZN,MT,ANM,WE,Federal Contract Tower,14,19,9,0,42,0,3,26,0,29,14,22,35,0,71,52,0,52,123
04/03/2001,BZN,MT,ANM,WE,Federal Contract Tower,15,16,11,0,42,0,2,41,0,43,15,18,52,0,85,64,0,64,149
04/04/2001,BZN,MT,ANM,WE,Federal Contract Tower,15,16,11,0,42,0,1,21,0,22,15,17,32,0,64,60,0,60,124
04/05/2001,BZN,MT,ANM,WE,Federal Contract Tower,14,17,6,0,37,0,2,32,0,34,14,19,38,0,71,112,0,112,183
04/06/2001,BZN,MT,ANM,WE,Federal Contract Tower,15,11,1,0,27,0,5,44,2,51,15,16,45,2,78,82,0,82,160
04/07/2001,BZN,MT,ANM,WE,Federal Contract Tower,14,13,3,0,30,0,4,37,0,41,14,17,40,0,71,120,0,120,191
04/08/2001,BZN,MT,ANM,WE,Federal Contract Tower,16,15,7,0,38,0,0,0,0,0,16,15,7,0,38,8,0,8,46
04/09/2001,BZN,MT,ANM,WE,Federal Contract Tower,15,14,7,4,40,0,1,9,0,10,15,15,16,4,50,28,0,28,78
04/10/2001,BZN,MT,ANM,WE,Federal Contract Tower,16,17,10,0,43,0,1,26,0,27,16,18,36,0,70,54,0,54,124
04/11/2001,BZN,MT,ANM,WE,Federal Contract Tower,15,19,6,2,42,0,4,7,0,11,15,23,13,2,53,40,0,40,93
04/12/2001,BZN,MT,ANM,WE,Federal Contract Tower,16,20,13,0,49,0,4,2,0,6,16,24,15,0,55,46,0,46,101
04/13/2001,BZN,MT,ANM,WE,Federal Contract Tower,16,17,7,0,40,0,0,22,0,22,16,17,29,0,62,86,0,86,148
04/14/2001,BZN,MT,ANM,WE,Federal Contract Tower,14,13,4,0,31,0,2,21,0,23,14,15,25,0,54,26,0,26,80
04/15/2001,BZN,MT,ANM,WE,Federal Contract Tower,16,12,4,0,32,0,0,77,0,77,16,12,81,0,109,30,0,30,139
04/16/2001,BZN,MT,ANM,WE,Federal Contract Tower,16,12,14,0,42,0,3,32,0,35,16,15,46,0,77,56,0,56,133
04/17/2001,BZN,MT,ANM,WE,Federal Contract Tower,15,14,5,0,34,1,5,60,0,66,16,19,65,0,100,178,0,178,278
04/18/2001,BZN,MT,ANM,WE,Federal Contract Tower,16,15,7,0,38,0,3,49,0,52,16,18,56,0,90,108,0,108,198
04/19/2001,BZN,MT,ANM,WE,Federal Contract Tower,16,16,17,0,49,0,1,20,2,23,16,17,37,2,72,60,0,60,132
04/20/2001,BZN,MT,ANM,WE,Federal Contract Tower,15,21,9,0,45,0,0,5,0,5,15,21,14,0,50,55,0,55,105
04/21/2001,BZN,MT,ANM,WE,Federal Contract Tower,14,19,4,0,37,0,2,6,0,8,14,21,10,0,45,11,0,11,56
04/22/2001,BZN,MT,ANM,WE,Federal Contract Tower,16,8,7,2,33,0,0,72,0,72,16,8,79,2,105,66,0,66,171
04/23/2001,BZN,MT,ANM,WE,Federal Contract Tower,15,12,7,0,34,1,1,24,0,26,16,13,31,0,60,192,0,192,252
04/24/2001,BZN,MT,ANM,WE,Federal Contract Tower,15,11,11,0,37,1,6,55,0,62,16,17,66,0,99,186,0,186,285
04/25/2001,BZN,MT,ANM,WE,Federal Contract Tower,16,13,11,0,40,0,10,77,0,87,16,23,88,0,127,193,0,193,320
04/26/2001,BZN,MT,ANM,WE,Federal Contract Tower,16,10,10,0,36,0,10,71,5,86,16,20,81,5,122,82,0,82,204
04/27/2001,BZN,MT,ANM,WE,Federal Contract Tower,16,10,5,0,31,0,7,57,3,67,16,17,62,3,98,104,0,104,202
04/28/2001,BZN,MT,ANM,WE,Federal Contract Tower,0,0,0,0,0,14,18,48,0,80,14,18,48,0,80,134,0,134,214
04/29/2001,BZN,MT,ANM,WE,Federal Contract Tower,16,8,7,0,31,0,0,62,0,62,16,8,69,0,93,55,0,55,148
04/30/2001,BZN,MT,ANM,WE,Federal Contract Tower,16,11,9,0,36,0,1,16,0,17,16,12,25,0,53,81,0,81,134
05/01/2001,BZN,MT,ANM,WE,Federal Contract Tower,16,10,6,0,32,0,8,9,0,17,16,18,15,0,49,24,0,24,73
05/02/2001,BZN,MT,ANM,WE,Federal Contract Tower,17,14,6,0,37,0,8,24,0,32,17,22,30,0,69,115,0,115,184
05/03/2001,BZN,MT,ANM,WE,Federal Contract Tower,16,11,8,0,35,0,10,80,0,90,16,21,88,0,125,182,0,182,307
05/04/2001,BZN,MT,ANM,WE,Federal Contract Tower,16,11,2,0,29,0,11,61,22,94,16,22,63,22,123,92,0,92,215
05/05/2001,BZN,MT,ANM,WE,Federal Contract Tower,14,11,2,0,27,0,3,44,2,49,14,14,46,2,76,170,10,180,256
05/06/2001,BZN,MT,ANM,WE,Federal Contract Tower,16,7,4,0,27,0,2,46,0,48,16,9,50,0,75,124,0,124,199
05/07/2001,BZN,MT,ANM,WE,Federal Contract Tower,15,11,5,0,31,1,3,43,0,47,16,14,48,0,78,104,0,104,182
05/08/2001,BZN,MT,ANM,WE,Federal Contract Tower,16,11,8,2,37,0,8,26,0,34,16,19,34,2,71,86,0,86,157
05/09/2001,BZN,MT,ANM,WE,Federal Contract Tower,15,12,6,2,35,0,6,49,0,55,15,18,55,2,90,112,0,112,202
05/10/2001,BZN,MT,ANM,WE,Federal Contract Tower,16,13,12,0,41,0,9,45,0,54,16,22,57,0,95,94,0,94,189
05/11/2001,BZN,MT,ANM,WE,Federal Contract Tower,16,11,13,0,40,0,10,101,0,111,16,21,114,0,151,106,0,106,257
05/12/2001,BZN,MT,ANM,WE,Federal Contract Tower,14,11,3,0,28,0,5,75,0,80,14,16,78,0,108,118,0,118,226
05/13/2001,BZN,MT,ANM,WE,Federal Contract Tower,16,8,5,0,29,0,1,66,0,67,16,9,71,0,96,60,0,60,156
05/14/2001,BZN,MT,ANM,WE,Federal Contract Tower,16,14,5,0,35,0,3,47,0,50,16,17,52,0,85,102,0,102,187
05/15/2001,BZN,MT,ANM,WE,Federal Contract Tower,14,18,7,0,39,0,7,10,0,17,14,25,17,0,56,48,0,48,104
05/16/2001,BZN,MT,ANM,WE,Federal Contract Tower,16,14,8,0,38,0,3,28,0,31,16,17,36,0,69,30,0,30,99
05/17/2001,BZN,MT,ANM,WE,Federal Contract Tower,16,11,3,0,30,0,8,56,0,64,16,19,59,0,94,162,0,162,256
05/18/2001,BZN,MT,ANM,WE,Federal Contract Tower,18,10,14,0,42,0,7,61,0,68,18,17,75,0,110,146,0,146,256
05/19/2001,BZN,MT,ANM,WE,Federal Contract Tower,14,14,6,0,34,0,7,66,2,75,14,21,72,2,109,74,0,74,183
05/20/2001,BZN,MT,ANM,WE,Federal Contract Tower,15,8,5,0,28,1,0,15,0,16,16,8,20,0,44,19,0,19,63
05/21/2001,BZN,MT,ANM,WE,Federal Contract Tower,16,9,10,0,35,0,4,66,0,70,16,13,76,0,105,113,0,113,218
05/22/2001,BZN,MT,ANM,WE,Federal Contract Tower,15,11,3,0,29,1,7,64,0,72,16,18,67,0,101,117,0,117,218
05/23/2001,BZN,MT,ANM,WE,Federal Contract Tower,15,11,12,0,38,1,9,76,0,86,16,20,88,0,124,149,0,149,273
05/24/2001,BZN,MT,ANM,WE,Federal Contract Tower,16,12,9,0,37,0,10,74,2,86,16,22,83,2,123,124,0,124,247
05/25/2001,BZN,MT,ANM,WE,Federal Contract Tower,15,10,8,0,33,1,10,55,0,66,16,20,63,0,99,94,0,94,193
05/26/2001,BZN,MT,ANM,WE,Federal Contract Tower,12,12,5,0,29,0,6,100,0,106,12,18,105,0,135,124,0,124,259
05/27/2001,BZN,MT,ANM,WE,Federal Contract Tower,14,9,0,0,23,0,0,36,0,36,14,9,36,0,59,78,0,78,137
05/28/2001,BZN,MT,ANM,WE,Federal Contract Tower,15,7,5,0,27,1,0,89,0,90,16,7,94,0,117,61,0,61,178
05/29/2001,BZN,MT,ANM,WE,Federal Contract Tower,15,10,7,0,32,0,4,37,0,41,15,14,44,0,73,37,0,37,110
05/30/2001,BZN,MT,ANM,WE,Federal Contract Tower,11,7,4,0,22,5,7,75,0,87,16,14,79,0,109,98,0,98,207
05/31/2001,BZN,MT,ANM,WE,Federal Contract Tower,14,10,4,0,28,0,8,65,0,73,14,18,69,0,101,125,0,125,226
06/01/2001,BZN,MT,ANM,WE,Federal Contract Tower,17,10,11,0,38,0,10,63,0,73,17,20,74,0,111,68,0,68,179
06/02/2001,BZN,MT,ANM,WE,Federal Contract Tower,15,14,8,0,37,0,2,33,0,35,15,16,41,0,72,14,0,14,86
06/03/2001,BZN,MT,ANM,WE,Federal Contract Tower,18,10,13,0,41,0,0,2,0,2,18,10,15,0,43,0,0,0,43
06/04/2001,BZN,MT,ANM,WE,Federal Contract Tower,15,16,10,0,41,0,3,15,0,18,15,19,25,0,59,26,0,26,85
06/05/2001,BZN,MT,ANM,WE,Federal Contract Tower,16,20,8,0,44,0,6,46,0,52,16,26,54,0,96,60,0,60,156
06/06/2001,BZN,MT,ANM,WE,Federal Contract Tower,15,12,8,0,35,2,7,56,0,65,17,19,64,0,100,44,0,44,144
06/07/2001,BZN,MT,ANM,WE,Federal Contract Tower,16,18,9,0,43,2,8,40,0,50,18,26,49,0,93,88,0,88,181
06/08/2001,BZN,MT,ANM,WE,Federal Contract Tower,15,22,8,0,45,0,4,62,0,66,15,26,70,0,111,85,0,85,196
06/09/2001,BZN,MT,ANM,WE,Federal Contract Tower,15,11,8,0,34,0,5,61,0,66,15,16,69,0,100,96,0,96,196
06/10/2001,BZN,MT,ANM,WE,Federal Contract Tower,17,13,8,0,38,0,0,70,0,70,17,13,78,0,108,50,0,50,158
06/11/2001,BZN,MT,ANM,WE,Federal Contract Tower,15,15,9,0,39,0,2,42,0,44,15,17,51,0,83,68,0,68,151
06/12/2001,BZN,MT,ANM,WE,Federal Contract Tower,15,18,8,0,41,0,12,13,0,25,15,30,21,0,66,46,0,46,112
06/13/2001,BZN,MT,ANM,WE,Federal Contract Tower,14,20,7,0,41,0,1,2,0,3,14,21,9,0,44,0,0,0,44
06/14/2001,BZN,MT,ANM,WE,Federal Contract Tower,15,17,13,0,45,0,6,35,0,41,15,23,48,0,86,41,0,41,127
06/15/2001,BZN,MT,ANM,WE,Federal Contract Tower,16,15,7,0,38,1,9,62,0,72,17,24,69,0,110,59,0,59,169
06/16/2001,BZN,MT,ANM,WE,Federal Contract Tower,0,0,0,0,0,16,17,97,0,130,16,17,97,0,130,89,0,89,219
06/17/2001,BZN,MT,ANM,WE,Federal Contract Tower,21,10,9,0,40,0,0,103,0,103,21,10,112,0,143,52,0,52,195
06/18/2001,BZN,MT,ANM,WE,Federal Contract Tower,18,12,10,0,40,0,9,40,0,49,18,21,50,0,89,146,0,146,235
06/19/2001,BZN,MT,ANM,WE,Federal Contract Tower,18,14,9,0,41,0,9,76,0,85,18,23,85,0,126,59,0,59,185
06/20/2001,BZN,MT,ANM,WE,Federal Contract Tower,15,13,14,0,42,1,9,113,2,125,16,22,127,2,167,122,0,122,289
06/21/2001,BZN,MT,ANM,WE,Federal Contract Tower,18,9,8,2,37,6,6,88,6,106,24,15,96,8,143,40,2,42,185
06/22/2001,BZN,MT,ANM,WE,Federal Contract Tower,18,18,15,0,51,0,17,99,2,118,18,35,114,2,169,28,0,28,197
06/23/2001,BZN,MT,ANM,WE,Federal Contract Tower,21,14,3,0,38,2,9,65,0,76,23,23,68,0,114,12,0,12,126
06/24/2001,BZN,MT,ANM,WE,Federal Contract Tower,19,11,16,2,48,0,0,69,0,69,19,11,85,2,117,99,0,99,216
06/25/2001,BZN,MT,ANM,WE,Federal Contract Tower,16,12,13,0,41,0,3,48,0,51,16,15,61,0,92,116,0,116,208
06/26/2001,BZN,MT,ANM,WE,Federal Contract Tower,18,13,14,0,45,0,8,45,0,53,18,21,59,0,98,38,0,38,136
06/27/2001,BZN,MT,ANM,WE,Federal Contract Tower,19,17,14,0,50,1,7,61,0,69,20,24,75,0,119,100,0,100,219
06/28/2001,BZN,MT,ANM,WE,Federal Contract Tower,15,13,12,0,40,3,8,57,2,70,18,21,69,2,110,46,0,46,156
06/29/2001,BZN,MT,ANM,WE,Federal Contract Tower,18,17,16,0,51,0,9,98,0,107,18,26,114,0,158,74,0,74,232
06/30/2001,BZN,MT,ANM,WE,Federal Contract Tower,17,15,18,0,50,0,2,70,0,72,17,17,88,0,122,78,0,78,200
07/01/2001,BZN,MT,ANM,WE,Federal Contract Tower,18,11,17,0,46,1,0,79,0,80,19,11,96,0,126,49,0,49,175
07/02/2001,BZN,MT,ANM,WE,Federal Contract Tower,18,14,18,0,50,0,4,75,0,79,18,18,93,0,129,30,0,30,159
07/03/2001,BZN,MT,ANM,WE,Federal Contract Tower,18,19,7,0,44,0,6,95,0,101,18,25,102,0,145,20,0,20,165
07/04/2001,BZN,MT,ANM,WE,Federal Contract Tower,16,13,7,0,36,3,0,75,0,78,19,13,82,0,114,54,0,54,168
07/05/2001,BZN,MT,ANM,WE,Federal Contract Tower,17,15,7,0,39,1,6,32,0,39,18,21,39,0,78,18,0,18,96
07/06/2001,BZN,MT,ANM,WE,Federal Contract Tower,17,20,6,0,43,0,10,53,0,63,17,30,59,0,106,52,0,52,158
07/07/2001,BZN,MT,ANM,WE,Federal Contract Tower,20,14,8,0,42,1,7,97,0,105,21,21,105,0,147,53,0,53,200
07/08/2001,BZN,MT,ANM,WE,Federal Contract Tower,18,21,14,0,53,0,0,94,0,94,18,21,108,0,147,84,0,84,231
07/09/2001,BZN,MT,ANM,WE,Federal Contract Tower,11,12,10,0,33,2,2,66,0,70,13,14,76,0,103,49,0,49,152
07/10/2001,BZN,MT,ANM,WE,Federal Contract Tower,19,16,14,0,49,0,9,51,0,60,19,25,65,0,109,28,0,28,137
07/11/2001,BZN,MT,ANM,WE,Federal Contract Tower,18,17,22,3,60,0,7,60,1,68,18,24,82,4,128,40,1,41,169
07/12/2001,BZN,MT,ANM,WE,Federal Contract Tower,17,12,20,1,50,4,7,54,1,66,21,19,74,2,116,79,0,79,195
07/13/2001,BZN,MT,ANM,WE,Federal Contract Tower,15,14,16,0,45,0,8,61,0,69,15,22,77,0,114,46,0,46,160
07/14/2001,BZN,MT,ANM,WE,Federal Contract Tower,21,15,14,0,50,0,9,67,0,76,21,24,81,0,126,62,0,62,188
07/15/2001,BZN,MT,ANM,WE,Federal Contract Tower,18,8,21,0,47,0,0,68,0,68,18,8,89,0,115,86,0,86,201
07/16/2001,BZN,MT,ANM,WE,Federal Contract Tower,18,14,14,0,46,0,0,35,0,35,18,14,49,0,81,32,0,32,113
07/17/2001,BZN,MT,ANM,WE,Federal Contract Tower,15,10,15,1,41,0,7,33,9,49,15,17,48,10,90,58,0,58,148
07/18/2001,BZN,MT,ANM,WE,Federal Contract Tower,17,10,22,1,50,1,14,79,26,120,18,24,101,27,170,48,0,48,218
07/19/2001,BZN,MT,ANM,WE,Federal Contract Tower,18,11,13,5,47,1,13,76,12,102,19,24,89,17,149,53,57,110,259
07/20/2001,BZN,MT,ANM,WE,Federal Contract Tower,18,18,20,11,67,0,8,112,127,247,18,26,132,138,314,90,18,108,422
07/21/2001,BZN,MT,ANM,WE,Federal Contract Tower,17,10,11,1,39,2,1,87,43,133,19,11,98,44,172,54,0,54,226
07/22/2001,BZN,MT,ANM,WE,Federal Contract Tower,21,11,10,2,44,1,1,125,52,179,22,12,135,54,223,106,0,106,329
07/23/2001,BZN,MT,ANM,WE,Federal Contract Tower,16,13,12,0,41,1,12,74,37,124,17,25,86,37,165,17,0,17,182
07/24/2001,BZN,MT,ANM,WE,Federal Contract Tower,13,15,13,0,41,0,5,88,4,97,13,20,101,4,138,36,0,36,174
07/25/2001,BZN,MT,ANM,WE,Federal Contract Tower,17,20,9,4,50,0,11,95,5,111,17,31,104,9,161,48,0,48,209
07/26/2001,BZN,MT,ANM,WE,Federal Contract Tower,15,15,16,0,46,3,3,84,0,90,18,18,100,0,136,73,0,73,209
07/27/2001,BZN,MT,ANM,WE,Federal Contract Tower,19,23,18,0,60,0,2,114,0,116,19,25,132,0,176,82,0,82,258
07/28/2001,BZN,MT,ANM,WE,Federal Contract Tower,19,11,10,0,40,3,9,81,0,93,22,20,91,0,133,22,0,22,155
07/29/2001,BZN,MT,ANM,WE,Federal Contract Tower,21,14,16,0,51,0,0,75,0,75,21,14,91,0,126,45,0,45,171
07/30/2001,BZN,MT,ANM,WE,Federal Contract Tower,10,9,7,0,26,16,5,54,0,75,26,14,61,0,101,104,0,104,205
07/31/2001,BZN,MT,ANM,WE,Federal Contract Tower,13,11,9,0,33,5,13,39,0,57,18,24,48,0,90,22,0,22,112
08/01/2001,BZN,MT,ANM,WE,Federal Contract Tower,17,15,12,0,44,1,4,100,2,107,18,19,112,2,151,106,0,106,257
08/02/2001,BZN,MT,ANM,WE,Federal Contract Tower,18,14,9,0,41,4,12,111,2,129,22,26,120,2,170,52,0,52,222
08/03/2001,BZN,MT,ANM,WE,Federal Contract Tower,17,12,13,0,42,1,9,94,0,104,18,21,107,0,146,123,0,123,269
08/04/2001,BZN,MT,ANM,WE,Federal Contract Tower,20,11,11,0,42,0,7,127,0,134,20,18,138,0,176,82,0,82,258
08/05/2001,BZN,MT,ANM,WE,Federal Contract Tower,21,14,14,0,49,2,0,103,0,105,23,14,117,0,154,85,0,85,239
08/06/2001,BZN,MT,ANM,WE,Federal Contract Tower,11,11,5,0,27,3,9,97,0,109,14,20,102,0,136,103,0,103,239
08/07/2001,BZN,MT,ANM,WE,Federal Contract Tower,16,20,9,0,45,0,7,51,0,58,16,27,60,0,103,114,0,114,217
08/08/2001,BZN,MT,ANM,WE,Federal Contract Tower,15,17,12,0,44,0,2,70,0,72,15,19,82,0,116,68,0,68,184
08/09/2001,BZN,MT,ANM,WE,Federal Contract Tower,16,25,12,0,53,0,1,62,0,63,16,26,74,0,116,72,0,72,188
08/10/2001,BZN,MT,ANM,WE,Federal Contract Tower,12,26,15,0,53,3,5,134,0,142,15,31,149,0,195,79,0,79,274
08/11/2001,BZN,MT,ANM,WE,Federal Contract Tower,19,18,5,0,42,0,2,101,0,103,19,20,106,0,145,73,0,73,218
08/12/2001,BZN,MT,ANM,WE,Federal Contract Tower,19,20,11,2,52,0,1,104,0,105,19,21,115,2,157,91,0,91,248
08/13/2001,BZN,MT,ANM,WE,Federal Contract Tower,13,13,5,0,31,0,6,54,0,60,13,19,59,0,91,46,0,46,137
08/14/2001,BZN,MT,ANM,WE,Federal Contract Tower,12,12,4,0,28,0,13,82,0,95,12,25,86,0,123,48,0,48,171
08/15/2001,BZN,MT,ANM,WE,Federal Contract Tower,14,12,5,0,31,0,21,79,2,102,14,33,84,2,133,34,0,34,167
08/16/2001,BZN,MT,ANM,WE,Federal Contract Tower,15,15,11,0,41,0,7,60,0,67,15,22,71,0,108,88,0,88,196
08/17/2001,BZN,MT,ANM,WE,Federal Contract Tower,15,16,14,2,47,0,7,96,1,104,15,23,110,3,151,100,0,100,251
08/18/2001,BZN,MT,ANM,WE,Federal Contract Tower,21,17,5,0,43,0,6,87,1,94,21,23,92,1,137,72,2,74,211
08/19/2001,BZN,MT,ANM,WE,Federal Contract Tower,20,19,15,0,54,0,0,77,0,77,20,19,92,0,131,30,0,30,161
08/20/2001,BZN,MT,ANM,WE,Federal Contract Tower,15,14,6,0,35,4,9,87,0,100,19,23,93,0,135,98,0,98,233
08/21/2001,BZN,MT,ANM,WE,Federal Contract Tower,13,12,5,0,30,4,15,90,0,109,17,27,95,0,139,219,0,219,358
08/22/2001,BZN,MT,ANM,WE,Federal Contract Tower,13,17,13,0,43,0,7,87,0,94,13,24,100,0,137,116,0,116,253
08/23/2001,BZN,MT,ANM,WE,Federal Contract Tower,14,15,14,1,44,0,9,45,0,54,14,24,59,1,98,85,0,85,183
08/24/2001,BZN,MT,ANM,WE,Federal Contract Tower,16,22,7,0,45,0,6,112,2,120,16,28,119,2,165,145,0,145,310
08/25/2001,BZN,MT,ANM,WE,Federal Contract Tower,21,11,1,0,33,0,8,115,2,125,21,19,116,2,158,204,0,204,362
08/26/2001,BZN,MT,ANM,WE,Federal Contract Tower,21,15,18,1,55,1,0,134,0,135,22,15,152,1,190,82,0,82,272
08/27/2001,BZN,MT,ANM,WE,Federal Contract Tower,20,15,8,0,43,0,3,75,2,80,20,18,83,2,123,230,0,230,353
08/28/2001,BZN,MT,ANM,WE,Federal Contract Tower,14,18,12,0,44,0,10,78,0,88,14,28,90,0,132,110,0,110,242
08/29/2001,BZN,MT,ANM,WE,Federal Contract Tower,17,10,12,0,39,1,12,91,0,104,18,22,103,0,143,219,0,219,362
08/30/2001,BZN,MT,ANM,WE,Federal Contract Tower,17,14,10,0,41,0,9,90,0,99,17,23,100,0,140,137,0,137,277
08/31/2001,BZN,MT,ANM,WE,Federal Contract Tower,15,10,19,0,44,0,13,70,0,83,15,23,89,0,127,215,0,215,342
09/01/2001,BZN,MT,ANM,WE,Federal Contract Tower,17,15,9,0,41,1,8,71,0,80,18,23,80,0,121,79,0,79,200
09/02/2001,BZN,MT,ANM,WE,Federal Contract Tower,16,14,5,0,35,0,0,92,5,97,16,14,97,5,132,56,0,56,188
09/03/2001,BZN,MT,ANM,WE,Federal Contract Tower,18,12,4,0,34,0,0,73,0,73,18,12,77,0,107,19,0,19,126
09/04/2001,BZN,MT,ANM,WE,Federal Contract Tower,15,16,9,0,40,2,2,70,0,74,17,18,79,0,114,168,0,168,282
09/05/2001,BZN,MT,ANM,WE,Federal Contract Tower,10,13,6,0,29,2,9,54,0,65,12,22,60,0,94,58,0,58,152
09/06/2001,BZN,MT,ANM,WE,Federal Contract Tower,14,25,23,0,62,0,3,7,0,10,14,28,30,0,72,29,0,29,101
09/07/2001,BZN,MT,ANM,WE,Federal Contract Tower,12,13,6,0,31,1,8,31,0,40,13,21,37,0,71,38,0,38,109
09/08/2001,BZN,MT,ANM,WE,Federal Contract Tower,18,14,13,0,45,0,0,80,0,80,18,14,93,0,125,61,0,61,186
09/09/2001,BZN,MT,ANM,WE,Federal Contract Tower,18,8,8,0,34,0,0,84,0,84,18,8,92,0,118,36,0,36,154
09/10/2001,BZN,MT,ANM,WE,Federal Contract Tower,16,13,9,4,42,0,4,71,0,75,16,17,80,4,117,102,0,102,219
09/11/2001,BZN,MT,ANM,WE,Federal Contract Tower,3,1,1,10,15,0,5,11,0,16,3,6,12,10,31,24,0,24,55
09/12/2001,BZN,MT,ANM,WE,Federal Contract Tower,0,0,0,0,0,0,0,4,0,4,0,0,4,0,4,0,0,0,4
09/13/2001,BZN,MT,ANM,WE,Federal Contract Tower,1,13,0,0,14,1,0,5,0,6,2,13,5,0,20,0,0,0,20
09/14/2001,BZN,MT,ANM,WE,Federal Contract Tower,7,15,7,0,29,0,12,7,0,19,7,27,14,0,48,0,0,0,48
09/15/2001,BZN,MT,ANM,WE,Federal Contract Tower,12,17,8,0,37,0,10,19,2,31,12,27,27,2,68,0,0,0,68
09/16/2001,BZN,MT,ANM,WE,Federal Contract Tower,14,17,17,0,48,0,5,4,0,9,14,22,21,0,57,0,0,0,57
09/17/2001,BZN,MT,ANM,WE,Federal Contract Tower,14,15,28,0,57,0,0,1,0,1,14,15,29,0,58,0,0,0,58
09/18/2001,BZN,MT,ANM,WE,Federal Contract Tower,14,20,21,0,55,0,0,11,1,12,14,20,32,1,67,0,0,0,67
09/19/2001,BZN,MT,ANM,WE,Federal Contract Tower,10,13,6,0,29,0,5,16,0,21,10,18,22,0,50,3,0,3,53
09/20/2001,BZN,MT,ANM,WE,Federal Contract Tower,16,22,18,1,57,0,9,59,0,68,16,31,77,1,125,13,1,14,139
09/21/2001,BZN,MT,ANM,WE,Federal Contract Tower,18,18,12,0,48,0,10,37,0,47,18,28,49,0,95,46,0,46,141
09/22/2001,BZN,MT,ANM,WE,Federal Contract Tower,14,14,1,0,29,0,5,88,0,93,14,19,89,0,122,63,0,63,185
09/23/2001,BZN,MT,ANM,WE,Federal Contract Tower,16,10,8,0,34,1,0,111,0,112,17,10,119,0,146,18,0,18,164
09/24/2001,BZN,MT,ANM,WE,Federal Contract Tower,16,13,6,0,35,1,0,64,0,65,17,13,70,0,100,109,0,109,209
09/25/2001,BZN,MT,ANM,WE,Federal Contract Tower,16,14,12,0,42,1,7,62,0,70,17,21,74,0,112,144,0,144,256
09/26/2001,BZN,MT,ANM,WE,Federal Contract Tower,16,17,2,0,35,0,15,96,0,111,16,32,98,0,146,183,0,183,329
09/27/2001,BZN,MT,ANM,WE,Federal Contract Tower,17,19,7,0,43,0,4,68,0,72,17,23,75,0,115,192,0,192,307
09/28/2001,BZN,MT,ANM,WE,Federal Contract Tower,16,16,21,0,53,0,4,145,0,149,16,20,166,0,202,140,0,140,342
09/29/2001,BZN,MT,ANM,WE,Federal Contract Tower,13,12,4,0,29,0,5,112,0,117,13,17,116,0,146,94,0,94,240
09/30/2001,BZN,MT,ANM,WE,Federal Contract Tower,16,16,8,0,40,0,0,86,0,86,16,16,94,0,126,68,0,68,194
10/01/2001,BZN,MT,ANM,WE,Federal Contract Tower,16,12,11,0,39,0,4,72,0,76,16,16,83,0,115,218,0,218,333
10/02/2001,BZN,MT,ANM,WE,Federal Contract Tower,14,12,7,0,33,0,8,70,0,78,14,20,77,0,111,119,0,119,230
10/03/2001,BZN,MT,ANM,WE,Federal Contract Tower,12,12,5,0,29,2,7,109,0,118,14,19,114,0,147,245,0,245,392
10/04/2001,BZN,MT,ANM,WE,Federal Contract Tower,16,17,5,0,38,0,3,15,0,18,16,20,20,0,56,110,0,110,166
10/05/2001,BZN,MT,ANM,WE,Federal Contract Tower,0,0,0,0,0,14,38,97,0,149,14,38,97,0,149,219,0,219,368
10/06/2001,BZN,MT,ANM,WE,Federal Contract Tower,14,16,7,0,37,0,4,110,2,116,14,20,117,2,153,154,0,154,307
10/07/2001,BZN,MT,ANM,WE,Federal Contract Tower,16,18,14,0,48,0,0,67,0,67,16,18,81,0,115,94,0,94,209
10/08/2001,BZN,MT,ANM,WE,Federal Contract Tower,16,16,14,0,46,0,2,30,0,32,16,18,44,0,78,157,0,157,235
10/09/2001,BZN,MT,ANM,WE,Federal Contract Tower,16,21,8,0,45,0,0,28,0,28,16,21,36,0,73,38,0,38,111
10/10/2001,BZN,MT,ANM,WE,Federal Contract Tower,12,15,6,0,33,0,18,62,2,82,12,33,68,2,115,147,0,147,262
10/11/2001,BZN,MT,ANM,WE,Federal Contract Tower,14,19,15,0,48,0,0,2,0,2,14,19,17,0,50,45,0,45,95
10/12/2001,BZN,MT,ANM,WE,Federal Contract Tower,17,16,10,0,43,1,4,30,0,35,18,20,40,0,78,102,0,102,180
10/13/2001,BZN,MT,ANM,WE,Federal Contract Tower,15,13,7,0,35,0,7,16,0,23,15,20,23,0,58,54,0,54,112
10/14/2001,BZN,MT,ANM,WE,Federal Contract Tower,17,14,8,0,39,2,1,23,0,26,19,15,31,0,65,122,0,122,187
10/15/2001,BZN,MT,ANM,WE,Federal Contract Tower,16,15,1,2,34,0,2,91,2,95,16,17,92,4,129,157,0,157,286
10/16/2001,BZN,MT,ANM,WE,Federal Contract Tower,16,13,7,2,38,0,6,46,0,52,16,19,53,2,90,173,0,173,263
10/17/2001,BZN,MT,ANM,WE,Federal Contract Tower,16,27,13,0,56,3,2,27,4,36,19,29,40,4,92,144,2,146,238
10/18/2001,BZN,MT,ANM,WE,Federal Contract Tower,12,14,7,0,33,3,14,37,0,54,15,28,44,0,87,111,0,111,198
10/19/2001,BZN,MT,ANM,WE,Federal Contract Tower,14,21,8,0,43,0,0,29,0,29,14,21,37,0,72,101,0,101,173
10/20/2001,BZN,MT,ANM,WE,Federal Contract Tower,14,15,4,0,33,0,10,20,0,30,14,25,24,0,63,125,0,125,188
10/21/2001,BZN,MT,ANM,WE,Federal Contract Tower,16,14,7,0,37,0,0,65,0,65,16,14,72,0,102,135,0,135,237
10/22/2001,BZN,MT,ANM,WE,Federal Contract Tower,16,19,12,0,47,0,0,29,0,29,16,19,41,0,76,55,0,55,131
10/23/2001,BZN,MT,ANM,WE,Federal Contract Tower,16,23,20,0,59,1,7,7,0,15,17,30,27,0,74,16,0,16,90
10/24/2001,BZN,MT,ANM,WE,Federal Contract Tower,14,22,13,0,49,2,6,18,0,26,16,28,31,0,75,47,0,47,122
10/25/2001,BZN,MT,ANM,WE,Federal Contract Tower,9,21,15,0,45,0,4,54,2,60,9,25,69,2,105,135,0,135,240
10/26/2001,BZN,MT,ANM,WE,Federal Contract Tower,16,19,8,0,43,0,7,71,0,78,16,26,79,0,121,196,0,196,317
10/27/2001,BZN,MT,ANM,WE,Federal Contract Tower,13,13,10,0,36,0,1,40,0,41,13,14,50,0,77,89,0,89,166
10/28/2001,BZN,MT,ANM,WE,Federal Contract Tower,14,12,13,0,39,1,0,32,0,33,15,12,45,0,72,100,0,100,172
10/29/2001,BZN,MT,ANM,WE,Federal Contract Tower,16,16,6,0,38,0,1,48,0,49,16,17,54,0,87,107,0,107,194
10/30/2001,BZN,MT,ANM,WE,Federal Contract Tower,16,19,11,0,46,0,5,31,0,36,16,24,42,0,82,59,0,59,141
10/31/2001,BZN,MT,ANM,WE,Federal Contract Tower,14,17,11,0,42,1,7,28,0,36,15,24,39,0,78,29,2,31,109
11/01/2001,BZN,MT,ANM,WE,Federal Contract Tower,19,15,6,0,40,0,17,48,0,65,19,32,54,0,105,106,0,106,211
11/02/2001,BZN,MT,ANM,WE,Federal Contract Tower,19,13,7,0,39,0,3,61,0,64,19,16,68,0,103,186,0,186,289
11/03/2001,BZN,MT,ANM,WE,Federal Contract Tower,15,10,7,0,32,0,4,64,0,68,15,14,71,0,100,104,0,104,204
11/04/2001,BZN,MT,ANM,WE,Federal Contract Tower,17,9,5,0,31,0,0,115,0,115,17,9,120,0,146,97,0,97,243
11/05/2001,BZN,MT,ANM,WE,Federal Contract Tower,18,10,7,0,35,0,2,52,0,54,18,12,59,0,89,103,0,103,192
11/06/2001,BZN,MT,ANM,WE,Federal Contract Tower,18,13,17,0,48,0,5,41,0,46,18,18,58,0,94,13,0,13,107
11/07/2001,BZN,MT,ANM,WE,Federal Contract Tower,19,10,4,0,33,0,7,54,0,61,19,17,58,0,94,141,0,141,235
11/08/2001,BZN,MT,ANM,WE,Federal Contract Tower,17,18,5,0,40,11,5,60,0,76,28,23,65,0,116,159,0,159,275
11/09/2001,BZN,MT,ANM,WE,Federal Contract Tower,19,15,12,0,46,0,5,79,4,88,19,20,91,4,134,174,0,174,308
11/10/2001,BZN,MT,ANM,WE,Federal Contract Tower,15,8,7,0,30,2,7,117,0,126,17,15,124,0,156,61,0,61,217
11/11/2001,BZN,MT,ANM,WE,Federal Contract Tower,18,13,15,0,46,0,0,77,0,77,18,13,92,0,123,55,0,55,178
11/12/2001,BZN,MT,ANM,WE,Federal Contract Tower,18,11,6,0,35,0,3,48,0,51,18,14,54,0,86,83,0,83,169
11/13/2001,BZN,MT,ANM,WE,Federal Contract Tower,18,12,8,0,38,0,5,42,0,47,18,17,50,0,85,75,0,75,160
11/14/2001,BZN,MT,ANM,WE,Federal Contract Tower,17,12,8,0,37,0,3,31,1,35,17,15,39,1,72,78,0,78,150
11/15/2001,BZN,MT,ANM,WE,Federal Contract Tower,18,11,6,0,35,0,7,71,1,79,18,18,77,1,114,136,0,136,250
11/16/2001,BZN,MT,ANM,WE,Federal Contract Tower,0,0,0,0,0,15,16,101,4,136,15,16,101,4,136,143,0,143,279
11/17/2001,BZN,MT,ANM,WE,Federal Contract Tower,15,11,8,0,34,0,5,51,0,56,15,16,59,0,90,76,0,76,166
11/18/2001,BZN,MT,ANM,WE,Federal Contract Tower,18,8,7,0,33,0,3,23,0,26,18,11,30,0,59,105,0,105,164
11/19/2001,BZN,MT,ANM,WE,Federal Contract Tower,18,12,6,2,38,0,1,47,0,48,18,13,53,2,86,125,0,125,211
11/20/2001,BZN,MT,ANM,WE,Federal Contract Tower,18,13,10,2,43,0,6,44,0,50,18,19,54,2,93,120,0,120,213
11/21/2001,BZN,MT,ANM,WE,Federal Contract Tower,18,16,12,4,50,0,5,23,0,28,18,21,35,4,78,17,0,17,95
11/22/2001,BZN,MT,ANM,WE,Federal Contract Tower,15,4,2,0,21,0,1,41,0,42,15,5,43,0,63,34,0,34,97
11/23/2001,BZN,MT,ANM,WE,Federal Contract Tower,13,18,4,0,35,1,1,10,0,12,14,19,14,0,47,42,0,42,89
11/24/2001,BZN,MT,ANM,WE,Federal Contract Tower,17,9,6,0,32,0,1,29,1,31,17,10,35,1,63,53,0,53,116
11/25/2001,BZN,MT,ANM,WE,Federal Contract Tower,17,13,24,0,54,0,0,1,0,1,17,13,25,0,55,0,0,0,55
11/26/2001,BZN,MT,ANM,WE,Federal Contract Tower,15,18,12,0,45,0,0,1,0,1,15,18,13,0,46,25,0,25,71
11/27/2001,BZN,MT,ANM,WE,Federal Contract Tower,17,19,6,0,42,0,0,13,0,13,17,19,19,0,55,38,0,38,93
11/28/2001,BZN,MT,ANM,WE,Federal Contract Tower,18,14,4,0,36,0,3,26,6,35,18,17,30,6,71,29,0,29,100
11/29/2001,BZN,MT,ANM,WE,Federal Contract Tower,18,11,9,0,38,0,3,23,0,26,18,14,32,0,64,66,0,66,130
11/30/2001,BZN,MT,ANM,WE,Federal Contract Tower,16,11,7,0,34,2,8,22,0,32,18,19,29,0,66,135,0,135,201
12/01/2001,BZN,MT,ANM,WE,Federal Contract Tower,15,6,5,0,26,2,4,28,0,34,17,10,33,0,60,92,0,92,152
12/02/2001,BZN,MT,ANM,WE,Federal Contract Tower,16,9,7,0,32,2,0,32,0,34,18,9,39,0,66,24,0,24,90
12/03/2001,BZN,MT,ANM,WE,Federal Contract Tower,16,17,1,0,34,2,0,15,0,17,18,17,16,0,51,91,0,91,142
12/04/2001,BZN,MT,ANM,WE,Federal Contract Tower,14,23,8,0,45,2,0,46,0,48,16,23,54,0,93,68,0,68,161
12/05/2001,BZN,MT,ANM,WE,Federal Contract Tower,16,21,9,0,46,2,10,21,0,33,18,31,30,0,79,120,0,120,199
12/06/2001,BZN,MT,ANM,WE,Federal Contract Tower,15,16,6,0,37,2,3,23,0,28,17,19,29,0,65,129,0,129,194
12/07/2001,BZN,MT,ANM,WE,Federal Contract Tower,14,14,3,0,31,0,4,13,0,17,14,18,16,0,48,90,0,90,138
12/08/2001,BZN,MT,ANM,WE,Federal Contract Tower,17,11,7,0,35,1,4,65,2,72,18,15,72,2,107,188,0,188,295
12/09/2001,BZN,MT,ANM,WE,Federal Contract Tower,20,8,4,0,32,2,2,28,0,32,22,10,32,0,64,86,0,86,150
12/10/2001,BZN,MT,ANM,WE,Federal Contract Tower,16,19,6,0,41,5,0,32,1,38,21,19,38,1,79,62,0,62,141
12/11/2001,BZN,MT,ANM,WE,Federal Contract Tower,17,16,10,0,43,1,1,1,0,3,18,17,11,0,46,19,0,19,65
12/12/2001,BZN,MT,ANM,WE,Federal Contract Tower,17,18,6,2,43,1,7,17,2,27,18,25,23,4,70,106,0,106,176
12/13/2001,BZN,MT,ANM,WE,Federal Contract Tower,18,25,9,0,52,1,2,4,0,7,19,27,13,0,59,41,0,41,100
12/14/2001,BZN,MT,ANM,WE,Federal Contract Tower,15,19,9,0,43,0,4,9,0,13,15,23,18,0,56,51,0,51,107
12/15/2001,BZN,MT,ANM,WE,Federal Contract Tower,13,13,7,0,33,1,0,52,1,54,14,13,59,1,87,30,0,30,117
12/16/2001,BZN,MT,ANM,WE,Federal Contract Tower,10,11,4,0,25,4,4,46,0,54,14,15,50,0,79,84,0,84,163
12/17/2001,BZN,MT,ANM,WE,Federal Contract Tower,16,17,7,0,40,0,7,16,0,23,16,24,23,0,63,37,0,37,100
12/18/2001,BZN,MT,ANM,WE,Federal Contract Tower,18,16,7,0,41,0,0,48,0,48,18,16,55,0,89,57,0,57,146
12/19/2001,BZN,MT,ANM,WE,Federal Contract Tower,20,28,11,1,60,3,3,29,1,36,23,31,40,2,96,26,0,26,122
12/20/2001,BZN,MT,ANM,WE,Federal Contract Tower,16,15,6,0,37,1,2,18,1,22,17,17,24,1,59,62,0,62,121
12/21/2001,BZN,MT,ANM,WE,Federal Contract Tower,17,34,4,0,55,0,3,4,0,7,17,37,8,0,62,5,0,5,67
12/22/2001,BZN,MT,ANM,WE,Federal Contract Tower,16,15,12,0,43,0,2,54,0,56,16,17,66,0,99,49,0,49,148
12/23/2001,BZN,MT,ANM,WE,Federal Contract Tower,20,12,4,0,36,0,1,50,0,51,20,13,54,0,87,64,0,64,151
12/24/2001,BZN,MT,ANM,WE,Federal Contract Tower,18,21,4,0,43,2,2,41,0,45,20,23,45,0,88,42,0,42,130
12/25/2001,BZN,MT,ANM,WE,Federal Contract Tower,21,7,3,0,31,0,0,40,0,40,21,7,43,0,71,6,0,6,77
12/26/2001,BZN,MT,ANM,WE,Federal Contract Tower,18,25,11,0,54,0,4,45,0,49,18,29,56,0,103,19,0,19,122
12/27/2001,BZN,MT,ANM,WE,Federal Contract Tower,19,20,16,2,57,0,6,38,0,44,19,26,54,2,101,28,0,28,129
12/28/2001,BZN,MT,ANM,WE,Federal Contract Tower,19,18,7,0,44,1,6,13,0,20,20,24,20,0,64,0,0,0,64
12/29/2001,BZN,MT,ANM,WE,Federal Contract Tower,17,24,10,0,51,0,2,4,0,6,17,26,14,0,57,0,0,0,57
12/30/2001,BZN,MT,ANM,WE,Federal Contract Tower,20,8,21,0,49,1,1,9,0,11,21,9,30,0,60,37,0,37,97
12/31/2001,BZN,MT,ANM,WE,Federal Contract Tower,14,16,4,0,34,0,0,9,0,9,14,16,13,0,43,8,0,8,51
01/01/2002,BZN,MT,ANM,WE,Federal Contract Tower,13,23,13,0,49,1,0,0,0,1,14,23,13,0,50,0,0,0,50
01/02/2002,BZN,MT,ANM,WE,Federal Contract Tower,16,29,21,0,66,2,0,33,0,35,18,29,54,0,101,30,0,30,131
01/03/2002,BZN,MT,ANM,WE,Federal Contract Tower,15,15,9,0,39,1,0,5,0,6,16,15,14,0,45,10,0,10,55
01/04/2002,BZN,MT,ANM,WE,Federal Contract Tower,15,20,9,0,44,0,6,19,0,25,15,26,28,0,69,40,0,40,109
01/05/2002,BZN,MT,ANM,WE,Federal Contract Tower,12,20,10,1,43,0,4,1,0,5,12,24,11,1,48,1,0,1,49
01/06/2002,BZN,MT,ANM,WE,Federal Contract Tower,18,10,23,1,52,0,3,21,0,24,18,13,44,1,76,18,0,18,94
01/07/2002,BZN,MT,ANM,WE,Federal Contract Tower,17,15,5,0,37,0,4,8,0,12,17,19,13,0,49,42,0,42,91
01/08/2002,BZN,MT,ANM,WE,Federal Contract Tower,14,19,9,0,42,0,4,19,0,23,14,23,28,0,65,35,0,35,100
01/09/2002,BZN,MT,ANM,WE,Federal Contract Tower,10,15,7,0,32,0,2,17,0,19,10,17,24,0,51,31,0,31,82
01/10/2002,BZN,MT,ANM,WE,Federal Contract Tower,16,25,19,0,60,0,3,49,0,52,16,28,68,0,112,50,0,50,162
01/11/2002,BZN,MT,ANM,WE,Federal Contract Tower,14,21,7,3,45,0,2,54,0,56,14,23,61,3,101,70,0,70,171
01/12/2002,BZN,MT,ANM,WE,Federal Contract Tower,13,12,9,0,34,1,5,28,0,34,14,17,37,0,68,37,0,37,105
01/13/2002,BZN,MT,ANM,WE,Federal Contract Tower,16,13,7,0,36,0,1,6,0,7,16,14,13,0,43,23,0,23,66
01/14/2002,BZN,MT,ANM,WE,Federal Contract Tower,17,20,3,0,40,0,0,24,0,24,17,20,27,0,64,84,0,84,148
01/15/2002,BZN,MT,ANM,WE,Federal Contract Tower,16,18,9,0,43,0,3,7,0,10,16,21,16,0,53,1,0,1,54
01/16/2002,BZN,MT,ANM,WE,Federal Contract Tower,14,17,6,0,37,0,0,34,2,36,14,17,40,2,73,60,0,60,133
01/17/2002,BZN,MT,ANM,WE,Federal Contract Tower,16,22,11,0,49,0,2,6,0,8,16,24,17,0,57,10,0,10,67
01/18/2002,BZN,MT,ANM,WE,Federal Contract Tower,13,22,8,0,43,0,1,38,0,39,13,23,46,0,82,16,0,16,98
01/19/2002,BZN,MT,ANM,WE,Federal Contract Tower,12,15,7,0,34,0,7,30,0,37,12,22,37,0,71,24,0,24,95
01/20/2002,BZN,MT,ANM,WE,Federal Contract Tower,16,10,5,0,31,0,1,7,0,8,16,11,12,0,39,27,0,27,66
01/21/2002,BZN,MT,ANM,WE,Federal Contract Tower,15,15,6,0,36,1,2,7,0,10,16,17,13,0,46,58,0,58,104
01/22/2002,BZN,MT,ANM,WE,Federal Contract Tower,14,22,9,0,45,0,0,37,0,37,14,22,46,0,82,5,0,5,87
01/23/2002,BZN,MT,ANM,WE,Federal Contract Tower,16,16,8,0,40,0,2,36,0,38,16,18,44,0,78,38,0,38,116
01/24/2002,BZN,MT,ANM,WE,Federal Contract Tower,15,28,13,0,56,0,4,16,0,20,15,32,29,0,76,12,0,12,88
01/25/2002,BZN,MT,ANM,WE,Federal Contract Tower,13,20,18,0,51,0,7,22,0,29,13,27,40,0,80,41,0,41,121
01/26/2002,BZN,MT,ANM,WE,Federal Contract Tower,14,17,4,0,35,0,2,27,0,29,14,19,31,0,64,46,0,46,110
01/27/2002,BZN,MT,ANM,WE,Federal Contract Tower,16,16,18,0,50,0,0,7,0,7,16,16,25,0,57,9,0,9,66
01/28/2002,BZN,MT,ANM,WE,Federal Contract Tower,17,19,9,0,45,0,1,8,0,9,17,20,17,0,54,13,0,13,67
01/29/2002,BZN,MT,ANM,WE,Federal Contract Tower,12,25,8,0,45,0,5,19,0,24,12,30,27,0,69,33,0,33,102
01/30/2002,BZN,MT,ANM,WE,Federal Contract Tower,14,21,12,0,47,0,4,28,0,32,14,25,40,0,79,38,0,38,117
01/31/2002,BZN,MT,ANM,WE,Federal Contract Tower,16,20,12,0,48,0,4,38,0,42,16,24,50,0,90,144,0,144,234
02/01/2002,BZN,MT,ANM,WE,Federal Contract Tower,20,17,9,0,46,0,8,22,0,30,20,25,31,0,76,47,0,47,123
02/02/2002,BZN,MT,ANM,WE,Federal Contract Tower,18,14,7,0,39,0,1,75,0,76,18,15,82,0,115,136,0,136,251
02/03/2002,BZN,MT,ANM,WE,Federal Contract Tower,18,15,3,0,36,0,8,72,0,80,18,23,75,0,116,53,0,53,169
02/04/2002,BZN,MT,ANM,WE,Federal Contract Tower,18,14,5,0,37,0,3,36,0,39,18,17,41,0,76,79,0,79,155
02/05/2002,BZN,MT,ANM,WE,Federal Contract Tower,18,18,9,0,45,0,2,27,0,29,18,20,36,0,74,35,0,35,109
02/06/2002,BZN,MT,ANM,WE,Federal Contract Tower,17,19,16,0,52,0,5,21,0,26,17,24,37,0,78,59,0,59,137
02/07/2002,BZN,MT,ANM,WE,Federal Contract Tower,15,20,8,0,43,0,6,15,0,21,15,26,23,0,64,90,0,90,154
02/08/2002,BZN,MT,ANM,WE,Federal Contract Tower,16,21,10,0,47,0,2,1,0,3,16,23,11,0,50,29,0,29,79
02/09/2002,BZN,MT,ANM,WE,Federal Contract Tower,21,13,7,0,41,0,10,46,0,56,21,23,53,0,97,88,0,88,185
02/10/2002,BZN,MT,ANM,WE,Federal Contract Tower,18,11,11,0,40,0,0,63,0,63,18,11,74,0,103,112,0,112,215
02/11/2002,BZN,MT,ANM,WE,Federal Contract Tower,15,19,11,0,45,0,0,6,0,6,15,19,17,0,51,38,0,38,89
02/12/2002,BZN,MT,ANM,WE,Federal Contract Tower,18,20,10,0,48,0,0,58,0,58,18,20,68,0,106,34,0,34,140
02/13/2002,BZN,MT,ANM,WE,Federal Contract Tower,18,22,12,0,52,3,3,18,0,24,21,25,30,0,76,53,0,53,129
02/14/2002,BZN,MT,ANM,WE,Federal Contract Tower,16,27,11,0,54,0,3,28,0,31,16,30,39,0,85,100,0,100,185
02/15/2002,BZN,MT,ANM,WE,Federal Contract Tower,23,23,15,5,66,0,6,39,0,45,23,29,54,5,111,96,0,96,207
02/16/2002,BZN,MT,ANM,WE,Federal Contract Tower,16,23,12,0,51,2,1,73,0,76,18,24,85,0,127,124,0,124,251
02/17/2002,BZN,MT,ANM,WE,Federal Contract Tower,17,21,7,1,46,2,5,39,0,46,19,26,46,1,92,60,0,60,152
02/18/2002,BZN,MT,ANM,WE,Federal Contract Tower,20,29,21,0,70,0,0,19,0,19,20,29,40,0,89,92,0,92,181
02/19/2002,BZN,MT,ANM,WE,Federal Contract Tower,16,17,18,0,51,0,0,20,0,20,16,17,38,0,71,25,0,25,96
02/20/2002,BZN,MT,ANM,WE,Federal Contract Tower,18,14,3,0,35,0,8,23,0,31,18,22,26,0,66,89,0,89,155
02/21/2002,BZN,MT,ANM,WE,Federal Contract Tower,16,20,12,0,48,0,0,48,0,48,16,20,60,0,96,85,0,85,181
02/22/2002,BZN,MT,ANM,WE,Federal Contract Tower,20,31,11,0,62,1,6,24,0,31,21,37,35,0,93,68,0,68,161
02/23/2002,BZN,MT,ANM,WE,Federal Contract Tower,15,16,16,0,47,2,3,9,0,14,17,19,25,0,61,58,0,58,119
02/24/2002,BZN,MT,ANM,WE,Federal Contract Tower,20,18,23,0,61,0,0,0,0,0,20,18,23,0,61,0,0,0,61
02/25/2002,BZN,MT,ANM,WE,Federal Contract Tower,17,20,11,0,48,0,4,11,0,15,17,24,22,0,63,16,0,16,79
02/26/2002,BZN,MT,ANM,WE,Federal Contract Tower,18,23,18,0,59,0,3,26,0,29,18,26,44,0,88,12,0,12,100
02/27/2002,BZN,MT,ANM,WE,Federal Contract Tower,16,21,21,0,58,0,4,27,0,31,16,25,48,0,89,76,0,76,165
02/28/2002,BZN,MT,ANM,WE,Federal Contract Tower,17,21,15,0,53,2,1,7,0,10,19,22,22,0,63,49,0,49,112
03/01/2002,BZN,MT,ANM,WE,Federal Contract Tower,13,21,16,0,50,1,7,19,0,27,14,28,35,0,77,56,0,56,133
03/02/2002,BZN,MT,ANM,WE,Federal Contract Tower,13,15,15,0,43,1,10,87,0,98,14,25,102,0,141,187,0,187,328
03/03/2002,BZN,MT,ANM,WE,Federal Contract Tower,16,14,24,0,54,1,2,62,0,65,17,16,86,0,119,82,0,82,201
03/04/2002,BZN,MT,ANM,WE,Federal Contract Tower,17,12,15,0,44,1,2,13,0,16,18,14,28,0,60,24,0,24,84
03/05/2002,BZN,MT,ANM,WE,Federal Contract Tower,17,22,14,0,53,1,4,16,0,21,18,26,30,0,74,50,0,50,124
03/06/2002,BZN,MT,ANM,WE,Federal Contract Tower,17,19,14,0,50,0,0,4,0,4,17,19,18,0,54,21,0,21,75
03/07/2002,BZN,MT,ANM,WE,Federal Contract Tower,15,21,7,0,43,0,0,0,0,0,15,21,7,0,43,25,0,25,68
03/08/2002,BZN,MT,ANM,WE,Federal Contract Tower,17,26,14,0,57,0,6,29,0,35,17,32,43,0,92,99,0,99,191
03/09/2002,BZN,MT,ANM,WE,Federal Contract Tower,17,12,11,0,40,0,9,39,0,48,17,21,50,0,88,124,0,124,212
03/10/2002,BZN,MT,ANM,WE,Federal Contract Tower,19,14,17,0,50,0,4,43,0,47,19,18,60,0,97,124,0,124,221
03/11/2002,BZN,MT,ANM,WE,Federal Contract Tower,18,13,4,0,35,1,5,14,0,20,19,18,18,0,55,24,0,24,79
03/12/2002,BZN,MT,ANM,WE,Federal Contract Tower,18,22,8,0,48,0,2,1,0,3,18,24,9,0,51,0,0,0,51
03/13/2002,BZN,MT,ANM,WE,Federal Contract Tower,18,19,7,0,44,0,3,22,0,25,18,22,29,0,69,104,0,104,173
03/14/2002,BZN,MT,ANM,WE,Federal Contract Tower,18,24,13,0,55,0,4,7,0,11,18,28,20,0,66,30,0,30,96
03/15/2002,BZN,MT,ANM,WE,Federal Contract Tower,18,20,13,0,51,0,9,60,8,77,18,29,73,8,128,48,0,48,176
03/16/2002,BZN,MT,ANM,WE,Federal Contract Tower,17,18,13,0,48,0,2,36,0,38,17,20,49,0,86,64,0,64,150
03/17/2002,BZN,MT,ANM,WE,Federal Contract Tower,20,20,18,0,58,0,6,22,0,28,20,26,40,0,86,78,0,78,164
03/18/2002,BZN,MT,ANM,WE,Federal Contract Tower,15,18,8,0,41,1,1,35,0,37,16,19,43,0,78,50,0,50,128
03/19/2002,BZN,MT,ANM,WE,Federal Contract Tower,18,27,10,0,55,0,1,3,0,4,18,28,13,0,59,22,0,22,81
03/20/2002,BZN,MT,ANM,WE,Federal Contract Tower,15,29,12,0,56,0,0,2,0,2,15,29,14,0,58,32,0,32,90
03/21/2002,BZN,MT,ANM,WE,Federal Contract Tower,18,29,16,0,63,0,2,35,2,39,18,31,51,2,102,105,0,105,207
03/22/2002,BZN,MT,ANM,WE,Federal Contract Tower,12,25,15,0,52,2,5,63,8,78,14,30,78,8,130,69,0,69,199
03/23/2002,BZN,MT,ANM,WE,Federal Contract Tower,14,22,12,0,48,0,4,45,0,49,14,26,57,0,97,91,0,91,188
03/24/2002,BZN,MT,ANM,WE,Federal Contract Tower,16,17,14,2,49,0,0,11,0,11,16,17,25,2,60,76,0,76,136
03/25/2002,BZN,MT,ANM,WE,Federal Contract Tower,18,22,7,2,49,0,0,35,2,37,18,22,42,4,86,57,0,57,143
03/26/2002,BZN,MT,ANM,WE,Federal Contract Tower,16,21,11,0,48,0,0,43,0,43,16,21,54,0,91,42,0,42,133
03/27/2002,BZN,MT,ANM,WE,Federal Contract Tower,17,29,6,1,53,0,0,16,1,17,17,29,22,2,70,11,0,11,81
03/28/2002,BZN,MT,ANM,WE,Federal Contract Tower,16,27,13,2,58,0,1,7,3,11,16,28,20,5,69,42,0,42,111
03/29/2002,BZN,MT,ANM,WE,Federal Contract Tower,17,25,18,0,60,0,0,9,0,9,17,25,27,0,69,80,0,80,149
03/30/2002,BZN,MT,ANM,WE,Federal Contract Tower,16,24,9,0,49,0,1,30,0,31,16,25,39,0,80,160,0,160,240
03/31/2002,BZN,MT,ANM,WE,Federal Contract Tower,17,18,11,0,46,0,0,29,0,29,17,18,40,0,75,31,0,31,106
04/01/2002,BZN,MT,ANM,WE,Federal Contract Tower,18,20,7,0,45,1,0,1,0,2,19,20,8,0,47,14,0,14,61
04/02/2002,BZN,MT,ANM,WE,Federal Contract Tower,18,17,8,0,43,0,7,24,0,31,18,24,32,0,74,65,0,65,139
04/03/2002,BZN,MT,ANM,WE,Federal Contract Tower,18,18,8,0,44,0,4,36,0,40,18,22,44,0,84,94,9,103,187
04/04/2002,BZN,MT,ANM,WE,Federal Contract Tower,16,17,8,2,43,0,9,64,0,73,16,26,72,2,116,153,0,153,269
04/05/2002,BZN,MT,ANM,WE,Federal Contract Tower,18,17,8,2,45,0,8,62,0,70,18,25,70,2,115,101,10,111,226
04/06/2002,BZN,MT,ANM,WE,Federal Contract Tower,14,12,3,0,29,0,12,53,0,65,14,24,56,0,94,99,0,99,193
04/07/2002,BZN,MT,ANM,WE,Federal Contract Tower,16,20,4,0,40,0,6,52,0,58,16,26,56,0,98,74,0,74,172
04/08/2002,BZN,MT,ANM,WE,Federal Contract Tower,19,11,4,0,34,0,2,38,0,40,19,13,42,0,74,88,0,88,162
04/09/2002,BZN,MT,ANM,WE,Federal Contract Tower,16,24,7,0,47,0,0,36,0,36,16,24,43,0,83,41,0,41,124
04/10/2002,BZN,MT,ANM,WE,Federal Contract Tower,18,18,8,0,44,0,2,26,2,30,18,20,34,2,74,45,0,45,119
04/11/2002,BZN,MT,ANM,WE,Federal Contract Tower,18,17,5,0,40,0,8,40,0,48,18,25,45,0,88,120,0,120,208
04/12/2002,BZN,MT,ANM,WE,Federal Contract Tower,16,14,3,0,33,0,3,33,0,36,16,17,36,0,69,66,0,66,135
04/13/2002,BZN,MT,ANM,WE,Federal Contract Tower,14,14,5,4,37,0,8,29,0,37,14,22,34,4,74,48,0,48,122
04/14/2002,BZN,MT,ANM,WE,Federal Contract Tower,17,9,6,0,32,0,2,11,0,13,17,11,17,0,45,26,0,26,71
04/15/2002,BZN,MT,ANM,WE,Federal Contract Tower,18,20,10,0,48,0,5,9,0,14,18,25,19,0,62,24,0,24,86
04/16/2002,BZN,MT,ANM,WE,Federal Contract Tower,17,23,13,0,53,0,0,26,0,26,17,23,39,0,79,14,0,14,93
04/17/2002,BZN,MT,ANM,WE,Federal Contract Tower,18,20,12,0,50,0,0,0,0,0,18,20,12,0,50,56,0,56,106
04/18/2002,BZN,MT,ANM,WE,Federal Contract Tower,15,18,5,0,38,0,1,4,0,5,15,19,9,0,43,83,0,83,126
04/19/2002,BZN,MT,ANM,WE,Federal Contract Tower,16,14,5,1,36,0,5,35,1,41,16,19,40,2,77,70,0,70,147
04/20/2002,BZN,MT,ANM,WE,Federal Contract Tower,12,11,6,0,29,0,7,68,0,75,12,18,74,0,104,65,0,65,169
04/21/2002,BZN,MT,ANM,WE,Federal Contract Tower,16,9,6,0,31,0,3,51,0,54,16,12,57,0,85,38,0,38,123
04/22/2002,BZN,MT,ANM,WE,Federal Contract Tower,14,12,3,0,29,0,4,15,2,21,14,16,18,2,50,8,2,10,60
04/23/2002,BZN,MT,ANM,WE,Federal Contract Tower,16,22,6,0,44,1,6,9,0,16,17,28,15,0,60,8,0,8,68
04/24/2002,BZN,MT,ANM,WE,Federal Contract Tower,16,15,5,0,36,0,5,41,0,46,16,20,46,0,82,30,0,30,112
04/25/2002,BZN,MT,ANM,WE,Federal Contract Tower,16,17,3,0,36,0,5,50,0,55,16,22,53,0,91,202,0,202,293
04/26/2002,BZN,MT,ANM,WE,Federal Contract Tower,16,20,18,0,54,0,4,41,0,45,16,24,59,0,99,116,0,116,215
04/27/2002,BZN,MT,ANM,WE,Federal Contract Tower,14,18,1,0,33,0,7,17,0,24,14,25,18,0,57,101,0,101,158
04/28/2002,BZN,MT,ANM,WE,Federal Contract Tower,17,12,11,0,40,0,4,42,0,46,17,16,53,0,86,51,0,51,137
04/29/2002,BZN,MT,ANM,WE,Federal Contract Tower,16,14,4,0,34,0,4,50,2,56,16,18,54,2,90,150,0,150,240
04/30/2002,BZN,MT,ANM,WE,Federal Contract Tower,14,20,7,0,41,0,4,34,0,38,14,24,41,0,79,83,0,83,162
05/01/2002,BZN,MT,ANM,WE,Federal Contract Tower,15,22,6,0,43,0,7,58,0,65,15,29,64,0,108,74,0,74,182
05/02/2002,BZN,MT,ANM,WE,Federal Contract Tower,15,15,6,2,38,0,5,35,0,40,15,20,41,2,78,110,0,110,188
05/03/2002,BZN,MT,ANM,WE,Federal Contract Tower,16,16,5,2,39,0,6,31,0,37,16,22,36,2,76,76,0,76,152
05/04/2002,BZN,MT,ANM,WE,Federal Contract Tower,14,16,6,0,36,0,8,57,2,67,14,24,63,2,103,58,0,58,161
05/05/2002,BZN,MT,ANM,WE,Federal Contract Tower,16,11,7,0,34,0,5,19,0,24,16,16,26,0,58,82,0,82,140
05/06/2002,BZN,MT,ANM,WE,Federal Contract Tower,18,13,4,0,35,0,1,13,0,14,18,14,17,0,49,15,0,15,64
05/07/2002,BZN,MT,ANM,WE,Federal Contract Tower,16,19,9,0,44,0,1,2,0,3,16,20,11,0,47,0,0,0,47
05/08/2002,BZN,MT,ANM,WE,Federal Contract Tower,13,24,17,0,54,0,1,0,0,1,13,25,17,0,55,43,0,43,98
05/09/2002,BZN,MT,ANM,WE,Federal Contract Tower,13,16,10,0,39,0,5,51,0,56,13,21,61,0,95,189,0,189,284
05/10/2002,BZN,MT,ANM,WE,Federal Contract Tower,15,21,14,0,50,0,4,13,0,17,15,25,27,0,67,56,0,56,123
05/11/2002,BZN,MT,ANM,WE,Federal Contract Tower,13,12,3,0,28,0,5,91,0,96,13,17,94,0,124,141,0,141,265
05/12/2002,BZN,MT,ANM,WE,Federal Contract Tower,16,14,5,0,35,0,1,83,0,84,16,15,88,0,119,109,0,109,228
05/13/2002,BZN,MT,ANM,WE,Federal Contract Tower,17,17,10,0,44,0,1,57,0,58,17,18,67,0,102,102,0,102,204
05/14/2002,BZN,MT,ANM,WE,Federal Contract Tower,17,19,7,0,43,0,5,31,0,36,17,24,38,0,79,47,0,47,126
05/15/2002,BZN,MT,ANM,WE,Federal Contract Tower,16,14,8,0,38,0,7,45,0,52,16,21,53,0,90,65,0,65,155
05/16/2002,BZN,MT,ANM,WE,Federal Contract Tower,16,18,10,1,45,0,6,26,1,33,16,24,36,2,78,114,0,114,192
05/17/2002,BZN,MT,ANM,WE,Federal Contract Tower,17,21,8,0,46,0,2,44,0,46,17,23,52,0,92,85,0,85,177
05/18/2002,BZN,MT,ANM,WE,Federal Contract Tower,11,14,5,0,30,3,7,71,0,81,14,21,76,0,111,112,0,112,223
05/19/2002,BZN,MT,ANM,WE,Federal Contract Tower,8,10,4,0,22,7,6,70,0,83,15,16,74,0,105,54,0,54,159
05/20/2002,BZN,MT,ANM,WE,Federal Contract Tower,16,15,9,0,40,2,0,21,0,23,18,15,30,0,63,46,0,46,109
05/21/2002,BZN,MT,ANM,WE,Federal Contract Tower,16,26,4,0,46,0,2,18,0,20,16,28,22,0,66,6,0,6,72
05/22/2002,BZN,MT,ANM,WE,Federal Contract Tower,14,29,3,0,46,0,0,0,0,0,14,29,3,0,46,0,0,0,46
05/23/2002,BZN,MT,ANM,WE,Federal Contract Tower,15,29,10,0,54,0,0,20,0,20,15,29,30,0,74,35,0,35,109
05/24/2002,BZN,MT,ANM,WE,Federal Contract Tower,16,23,13,0,52,0,4,80,0,84,16,27,93,0,136,38,0,38,174
05/25/2002,BZN,MT,ANM,WE,Federal Contract Tower,14,14,3,0,31,0,3,45,0,48,14,17,48,0,79,14,0,14,93
05/26/2002,BZN,MT,ANM,WE,Federal Contract Tower,9,8,4,0,21,5,0,24,0,29,14,8,28,0,50,22,0,22,72
05/27/2002,BZN,MT,ANM,WE,Federal Contract Tower,16,26,9,0,51,0,0,54,0,54,16,26,63,0,105,128,0,128,233
05/28/2002,BZN,MT,ANM,WE,Federal Contract Tower,16,17,4,0,37,0,4,39,0,43,16,21,43,0,80,62,0,62,142
05/29/2002,BZN,MT,ANM,WE,Federal Contract Tower,17,18,8,0,43,0,6,54,0,60,17,24,62,0,103,52,0,52,155
05/30/2002,BZN,MT,ANM,WE,Federal Contract Tower,16,22,9,0,47,0,6,38,0,44,16,28,47,0,91,122,0,122,213
05/31/2002,BZN,MT,ANM,WE,Federal Contract Tower,17,23,13,0,53,0,2,54,0,56,17,25,67,0,109,84,0,84,193
06/01/2002,BZN,MT,ANM,WE,Federal Contract Tower,13,16,4,0,33,1,5,75,0,81,14,21,79,0,114,32,0,32,146
06/02/2002,BZN,MT,ANM,WE,Federal Contract Tower,16,16,17,0,49,0,0,7,0,7,16,16,24,0,56,5,0,5,61
06/03/2002,BZN,MT,ANM,WE,Federal Contract Tower,13,12,6,0,31,2,7,32,0,41,15,19,38,0,72,56,0,56,128
06/04/2002,BZN,MT,ANM,WE,Federal Contract Tower,14,12,6,0,32,5,12,82,0,99,19,24,88,0,131,117,0,117,248
06/05/2002,BZN,MT,ANM,WE,Federal Contract Tower,15,16,10,0,41,2,1,55,0,58,17,17,65,0,99,116,0,116,215
06/06/2002,BZN,MT,ANM,WE,Federal Contract Tower,18,17,14,0,49,0,12,56,0,68,18,29,70,0,117,155,0,155,272
06/07/2002,BZN,MT,ANM,WE,Federal Contract Tower,18,18,4,0,40,0,14,86,2,102,18,32,90,2,142,101,0,101,243
06/08/2002,BZN,MT,ANM,WE,Federal Contract Tower,17,20,1,0,38,0,0,18,0,18,17,20,19,0,56,58,0,58,114
06/09/2002,BZN,MT,ANM,WE,Federal Contract Tower,18,15,14,0,47,0,0,4,0,4,18,15,18,0,51,38,0,38,89
06/10/2002,BZN,MT,ANM,WE,Federal Contract Tower,16,14,8,0,38,1,7,18,0,26,17,21,26,0,64,3,0,3,67
06/11/2002,BZN,MT,ANM,WE,Federal Contract Tower,18,17,4,0,39,0,4,44,0,48,18,21,48,0,87,50,0,50,137
06/12/2002,BZN,MT,ANM,WE,Federal Contract Tower,20,15,15,0,50,0,12,63,2,77,20,27,78,2,127,143,0,143,270
06/13/2002,BZN,MT,ANM,WE,Federal Contract Tower,17,15,13,0,45,1,5,70,3,79,18,20,83,3,124,45,0,45,169
06/14/2002,BZN,MT,ANM,WE,Federal Contract Tower,20,17,17,0,54,1,10,85,0,96,21,27,102,0,150,83,0,83,233
06/15/2002,BZN,MT,ANM,WE,Federal Contract Tower,19,17,1,0,37,0,10,68,0,78,19,27,69,0,115,89,0,89,204
06/16/2002,BZN,MT,ANM,WE,Federal Contract Tower,20,13,11,0,44,0,0,95,0,95,20,13,106,0,139,52,0,52,191
06/17/2002,BZN,MT,ANM,WE,Federal Contract Tower,19,12,14,0,45,0,0,55,0,55,19,12,69,0,100,84,0,84,184
06/18/2002,BZN,MT,ANM,WE,Federal Contract Tower,19,16,13,0,48,0,5,33,0,38,19,21,46,0,86,52,0,52,138
06/19/2002,BZN,MT,ANM,WE,Federal Contract Tower,18,16,16,0,50,2,3,66,0,71,20,19,82,0,121,123,0,123,244
06/20/2002,BZN,MT,ANM,WE,Federal Contract Tower,20,15,13,1,49,0,6,100,0,106,20,21,113,1,155,37,0,37,192
06/21/2002,BZN,MT,ANM,WE,Federal Contract Tower,15,16,11,0,42,0,13,84,2,99,15,29,95,2,141,66,0,66,207
06/22/2002,BZN,MT,ANM,WE,Federal Contract Tower,20,17,7,2,46,0,8,48,6,62,20,25,55,8,108,64,0,64,172
06/23/2002,BZN,MT,ANM,WE,Federal Contract Tower,23,11,16,0,50,0,0,56,0,56,23,11,72,0,106,93,0,93,199
06/24/2002,BZN,MT,ANM,WE,Federal Contract Tower,19,13,16,0,48,0,4,52,3,59,19,17,68,3,107,78,0,78,185
06/25/2002,BZN,MT,ANM,WE,Federal Contract Tower,18,20,9,0,47,0,8,83,0,91,18,28,92,0,138,196,0,196,334
06/26/2002,BZN,MT,ANM,WE,Federal Contract Tower,18,18,19,0,55,1,3,76,0,80,19,21,95,0,135,163,0,163,298
06/27/2002,BZN,MT,ANM,WE,Federal Contract Tower,22,17,13,0,52,0,2,46,0,48,22,19,59,0,100,158,0,158,258
06/28/2002,BZN,MT,ANM,WE,Federal Contract Tower,22,17,15,0,54,0,7,80,2,89,22,24,95,2,143,57,0,57,200
06/29/2002,BZN,MT,ANM,WE,Federal Contract Tower,21,13,14,1,49,0,7,58,0,65,21,20,72,1,114,44,0,44,158
06/30/2002,BZN,MT,ANM,WE,Federal Contract Tower,23,10,10,0,43,0,2,81,0,83,23,12,91,0,126,19,0,19,145
07/01/2002,BZN,MT,ANM,WE,Federal Contract Tower,19,14,5,0,38,0,2,98,0,100,19,16,103,0,138,105,0,105,243
07/02/2002,BZN,MT,ANM,WE,Federal Contract Tower,20,15,11,0,46,1,12,67,0,80,21,27,78,0,126,103,0,103,229
07/03/2002,BZN,MT,ANM,WE,Federal Contract Tower,20,18,16,0,54,1,3,51,0,55,21,21,67,0,109,124,0,124,233
07/04/2002,BZN,MT,ANM,WE,Federal Contract Tower,21,9,10,0,40,1,3,79,0,83,22,12,89,0,123,18,0,18,141
07/05/2002,BZN,MT,ANM,WE,Federal Contract Tower,18,11,11,0,40,1,16,91,0,108,19,27,102,0,148,18,0,18,166
07/06/2002,BZN,MT,ANM,WE,Federal Contract Tower,23,15,13,0,51,1,3,71,0,75,24,18,84,0,126,44,0,44,170
07/07/2002,BZN,MT,ANM,WE,Federal Contract Tower,24,21,21,0,66,0,0,94,0,94,24,21,115,0,160,0,0,0,160
07/08/2002,BZN,MT,ANM,WE,Federal Contract Tower,21,15,9,0,45,0,6,58,0,64,21,21,67,0,109,51,0,51,160
07/09/2002,BZN,MT,ANM,WE,Federal Contract Tower,22,11,3,0,36,0,8,93,2,103,22,19,96,2,139,92,0,92,231
07/10/2002,BZN,MT,ANM,WE,Federal Contract Tower,18,19,14,1,52,0,4,100,1,105,18,23,114,2,157,201,0,201,358
07/11/2002,BZN,MT,ANM,WE,Federal Contract Tower,20,12,5,0,37,0,11,76,0,87,20,23,81,0,124,126,0,126,250
07/12/2002,BZN,MT,ANM,WE,Federal Contract Tower,23,16,12,0,51,1,5,129,0,135,24,21,141,0,186,136,0,136,322
07/13/2002,BZN,MT,ANM,WE,Federal Contract Tower,25,16,9,0,50,0,8,79,0,87,25,24,88,0,137,133,0,133,270
07/14/2002,BZN,MT,ANM,WE,Federal Contract Tower,24,13,15,0,52,0,0,76,0,76,24,13,91,0,128,21,0,21,149
07/15/2002,BZN,MT,ANM,WE,Federal Contract Tower,20,17,10,0,47,5,5,66,0,76,25,22,76,0,123,108,0,108,231
07/16/2002,BZN,MT,ANM,WE,Federal Contract Tower,18,19,12,0,49,1,2,72,0,75,19,21,84,0,124,104,0,104,228
07/17/2002,BZN,MT,ANM,WE,Federal Contract Tower,21,21,10,0,52,3,11,59,0,73,24,32,69,0,125,200,0,200,325
07/18/2002,BZN,MT,ANM,WE,Federal Contract Tower,22,11,24,0,57,1,6,79,0,86,23,17,103,0,143,191,0,191,334
07/19/2002,BZN,MT,ANM,WE,Federal Contract Tower,22,11,10,0,43,0,13,93,0,106,22,24,103,0,149,90,0,90,239
07/20/2002,BZN,MT,ANM,WE,Federal Contract Tower,22,10,13,1,46,0,11,105,0,116,22,21,118,1,162,44,0,44,206
07/21/2002,BZN,MT,ANM,WE,Federal Contract Tower,24,19,9,0,52,0,0,69,0,69,24,19,78,0,121,15,0,15,136
07/22/2002,BZN,MT,ANM,WE,Federal Contract Tower,23,15,7,0,45,0,2,83,0,85,23,17,90,0,130,47,0,47,177
07/23/2002,BZN,MT,ANM,WE,Federal Contract Tower,20,22,16,0,58,0,9,47,0,56,20,31,63,0,114,28,0,28,142
07/24/2002,BZN,MT,ANM,WE,Federal Contract Tower,22,19,14,0,55,0,15,78,0,93,22,34,92,0,148,107,0,107,255
07/25/2002,BZN,MT,ANM,WE,Federal Contract Tower,20,13,20,1,54,0,11,69,0,80,20,24,89,1,134,84,0,84,218
07/26/2002,BZN,MT,ANM,WE,Federal Contract Tower,21,13,15,0,49,0,12,105,0,117,21,25,120,0,166,137,0,137,303
07/27/2002,BZN,MT,ANM,WE,Federal Contract Tower,26,14,16,0,56,0,10,46,0,56,26,24,62,0,112,66,0,66,178
07/28/2002,BZN,MT,ANM,WE,Federal Contract Tower,24,13,19,0,56,0,0,104,0,104,24,13,123,0,160,15,0,15,175
07/29/2002,BZN,MT,ANM,WE,Federal Contract Tower,21,15,11,0,47,0,2,56,2,60,21,17,67,2,107,43,0,43,150
07/30/2002,BZN,MT,ANM,WE,Federal Contract Tower,22,14,14,0,50,1,2,74,0,77,23,16,88,0,127,184,0,184,311
07/31/2002,BZN,MT,ANM,WE,Federal Contract Tower,20,21,8,0,49,0,1,70,0,71,20,22,78,0,120,130,0,130,250
08/01/2002,BZN,MT,ANM,WE,Federal Contract Tower,20,22,12,0,54,1,9,84,0,94,21,31,96,0,148,100,0,100,248
08/02/2002,BZN,MT,ANM,WE,Federal Contract Tower,21,15,13,2,51,0,4,141,0,145,21,19,154,2,196,92,0,92,288
08/03/2002,BZN,MT,ANM,WE,Federal Contract Tower,19,17,14,0,50,0,7,220,2,229,19,24,234,2,279,102,0,102,381
08/04/2002,BZN,MT,ANM,WE,Federal Contract Tower,25,21,28,2,76,0,0,97,0,97,25,21,125,2,173,14,0,14,187
08/05/2002,BZN,MT,ANM,WE,Federal Contract Tower,16,14,6,0,36,5,5,62,0,72,21,19,68,0,108,148,0,148,256
08/06/2002,BZN,MT,ANM,WE,Federal Contract Tower,15,13,6,0,34,7,5,79,0,91,22,18,85,0,125,105,0,105,230
08/07/2002,BZN,MT,ANM,WE,Federal Contract Tower,21,16,19,0,56,0,10,63,6,79,21,26,82,6,135,216,0,216,351
08/08/2002,BZN,MT,ANM,WE,Federal Contract Tower,21,23,26,1,71,0,0,22,2,24,21,23,48,3,95,26,0,26,121
08/09/2002,BZN,MT,ANM,WE,Federal Contract Tower,23,16,7,1,47,0,8,67,5,80,23,24,74,6,127,41,0,41,168
08/10/2002,BZN,MT,ANM,WE,Federal Contract Tower,25,25,10,0,60,0,6,76,0,82,25,31,86,0,142,81,0,81,223
08/11/2002,BZN,MT,ANM,WE,Federal Contract Tower,25,19,16,0,60,0,0,96,0,96,25,19,112,0,156,16,0,16,172
08/12/2002,BZN,MT,ANM,WE,Federal Contract Tower,22,18,17,0,57,0,0,90,0,90,22,18,107,0,147,121,0,121,268
08/13/2002,BZN,MT,ANM,WE,Federal Contract Tower,21,20,15,0,56,0,10,77,0,87,21,30,92,0,143,75,0,75,218
08/14/2002,BZN,MT,ANM,WE,Federal Contract Tower,22,19,25,0,66,0,7,91,0,98,22,26,116,0,164,86,0,86,250
08/15/2002,BZN,MT,ANM,WE,Federal Contract Tower,22,13,16,1,52,0,9,88,3,100,22,22,104,4,152,64,0,64,216
08/16/2002,BZN,MT,ANM,WE,Federal Contract Tower,23,28,21,0,72,0,8,47,2,57,23,36,68,2,129,32,0,32,161
08/17/2002,BZN,MT,ANM,WE,Federal Contract Tower,23,16,11,0,50,0,6,98,0,104,23,22,109,0,154,64,0,64,218
08/18/2002,BZN,MT,ANM,WE,Federal Contract Tower,23,24,20,0,67,0,0,121,0,121,23,24,141,0,188,54,0,54,242
08/19/2002,BZN,MT,ANM,WE,Federal Contract Tower,19,15,9,0,43,2,14,73,0,89,21,29,82,0,132,67,0,67,199
08/20/2002,BZN,MT,ANM,WE,Federal Contract Tower,20,16,9,0,45,4,9,67,0,80,24,25,76,0,125,44,0,44,169
08/21/2002,BZN,MT,ANM,WE,Federal Contract Tower,22,18,13,2,55,0,1,59,0,60,22,19,72,2,115,191,0,191,306
08/22/2002,BZN,MT,ANM,WE,Federal Contract Tower,21,24,18,0,63,0,7,58,0,65,21,31,76,0,128,49,0,49,177
08/23/2002,BZN,MT,ANM,WE,Federal Contract Tower,20,18,8,0,46,0,9,48,0,57,20,27,56,0,103,44,0,44,147
08/24/2002,BZN,MT,ANM,WE,Federal Contract Tower,25,19,12,0,56,0,7,64,0,71,25,26,76,0,127,114,0,114,241
08/25/2002,BZN,MT,ANM,WE,Federal Contract Tower,24,26,7,0,57,0,1,78,0,79,24,27,85,0,136,127,0,127,263
08/26/2002,BZN,MT,ANM,WE,Federal Contract Tower,16,12,7,0,35,5,10,55,0,70,21,22,62,0,105,118,0,118,223
08/27/2002,BZN,MT,ANM,WE,Federal Contract Tower,22,18,9,0,49,0,1,47,0,48,22,19,56,0,97,44,0,44,141
08/28/2002,BZN,MT,ANM,WE,Federal Contract Tower,23,18,4,0,45,0,11,43,0,54,23,29,47,0,99,43,0,43,142
08/29/2002,BZN,MT,ANM,WE,Federal Contract Tower,22,15,13,0,50,0,13,47,0,60,22,28,60,0,110,38,0,38,148
08/30/2002,BZN,MT,ANM,WE,Federal Contract Tower,24,16,9,0,49,0,9,58,0,67,24,25,67,0,116,71,0,71,187
08/31/2002,BZN,MT,ANM,WE,Federal Contract Tower,23,14,8,0,45,0,4,66,0,70,23,18,74,0,115,100,0,100,215
09/01/2002,BZN,MT,ANM,WE,Federal Contract Tower,20,12,8,0,40,1,2,59,0,62,21,14,67,0,102,30,0,30,132
09/02/2002,BZN,MT,ANM,WE,Federal Contract Tower,19,21,10,0,50,1,0,84,0,85,20,21,94,0,135,78,0,78,213
09/03/2002,BZN,MT,ANM,WE,Federal Contract Tower,18,16,9,0,43,1,3,61,0,65,19,19,70,0,108,116,0,116,224
09/04/2002,BZN,MT,ANM,WE,Federal Contract Tower,18,15,24,0,57,1,7,42,0,50,19,22,66,0,107,40,0,40,147
09/05/2002,BZN,MT,ANM,WE,Federal Contract Tower,19,11,10,0,40,0,7,59,0,66,19,18,69,0,106,70,0,70,176
09/06/2002,BZN,MT,ANM,WE,Federal Contract Tower,16,31,21,0,68,3,3,2,0,8,19,34,23,0,76,29,0,29,105
09/07/2002,BZN,MT,ANM,WE,Federal Contract Tower,16,14,13,0,43,0,0,24,0,24,16,14,37,0,67,56,0,56,123
09/08/2002,BZN,MT,ANM,WE,Federal Contract Tower,18,13,13,0,44,0,0,68,0,68,18,13,81,0,112,87,0,87,199
09/09/2002,BZN,MT,ANM,WE,Federal Contract Tower,19,18,12,2,51,0,3,80,0,83,19,21,92,2,134,117,0,117,251
09/10/2002,BZN,MT,ANM,WE,Federal Contract Tower,18,15,18,0,51,0,8,90,2,100,18,23,108,2,151,107,0,107,258
09/11/2002,BZN,MT,ANM,WE,Federal Contract Tower,18,18,18,0,54,0,5,126,2,133,18,23,144,2,187,173,0,173,360
09/12/2002,BZN,MT,ANM,WE,Federal Contract Tower,21,18,13,0,52,0,10,69,0,79,21,28,82,0,131,57,0,57,188
09/13/2002,BZN,MT,ANM,WE,Federal Contract Tower,18,19,13,0,50,0,5,58,0,63,18,24,71,0,113,96,0,96,209
09/14/2002,BZN,MT,ANM,WE,Federal Contract Tower,15,18,15,1,49,0,2,97,5,104,15,20,112,6,153,83,0,83,236
09/15/2002,BZN,MT,ANM,WE,Federal Contract Tower,16,18,9,2,45,1,1,93,6,101,17,19,102,8,146,44,0,44,190
09/16/2002,BZN,MT,ANM,WE,Federal Contract Tower,17,15,12,0,44,0,5,38,0,43,17,20,50,0,87,133,0,133,220
09/17/2002,BZN,MT,ANM,WE,Federal Contract Tower,20,17,18,0,55,0,7,14,0,21,20,24,32,0,76,34,0,34,110
09/18/2002,BZN,MT,ANM,WE,Federal Contract Tower,18,18,15,0,51,0,0,43,0,43,18,18,58,0,94,113,0,113,207
09/19/2002,BZN,MT,ANM,WE,Federal Contract Tower,18,13,17,0,48,2,14,58,0,74,20,27,75,0,122,111,0,111,233
09/20/2002,BZN,MT,ANM,WE,Federal Contract Tower,18,10,15,0,43,0,12,59,0,71,18,22,74,0,114,101,0,101,215
09/21/2002,BZN,MT,ANM,WE,Federal Contract Tower,16,14,6,0,36,0,5,53,2,60,16,19,59,2,96,92,0,92,188
09/22/2002,BZN,MT,ANM,WE,Federal Contract Tower,19,12,9,0,40,0,1,84,0,85,19,13,93,0,125,33,0,33,158
09/23/2002,BZN,MT,ANM,WE,Federal Contract Tower,18,17,11,0,46,0,4,66,0,70,18,21,77,0,116,155,0,155,271
09/24/2002,BZN,MT,ANM,WE,Federal Contract Tower,17,20,9,0,46,0,6,55,0,61,17,26,64,0,107,50,0,50,157
09/25/2002,BZN,MT,ANM,WE,Federal Contract Tower,19,20,15,0,54,0,10,44,2,56,19,30,59,2,110,85,0,85,195
09/26/2002,BZN,MT,ANM,WE,Federal Contract Tower,19,19,14,0,52,0,6,60,2,68,19,25,74,2,120,126,0,126,246
09/27/2002,BZN,MT,ANM,WE,Federal Contract Tower,20,22,17,1,60,0,0,10,0,10,20,22,27,1,70,65,0,65,135
09/28/2002,BZN,MT,ANM,WE,Federal Contract Tower,16,25,12,0,53,0,3,62,0,65,16,28,74,0,118,100,0,100,218
09/29/2002,BZN,MT,ANM,WE,Federal Contract Tower,17,12,16,0,45,0,4,68,0,72,17,16,84,0,117,48,0,48,165
09/30/2002,BZN,MT,ANM,WE,Federal Contract Tower,18,18,7,1,44,0,3,23,0,26,18,21,30,1,70,28,0,28,98
10/01/2002,BZN,MT,ANM,WE,Federal Contract Tower,17,19,15,0,51,0,7,17,2,26,17,26,32,2,77,74,0,74,151
10/02/2002,BZN,MT,ANM,WE,Federal Contract Tower,16,18,9,0,43,0,3,46,0,49,16,21,55,0,92,124,0,124,216
10/03/2002,BZN,MT,ANM,WE,Federal Contract Tower,18,25,6,0,49,0,3,20,0,23,18,28,26,0,72,114,0,114,186
10/04/2002,BZN,MT,ANM,WE,Federal Contract Tower,18,29,10,0,57,0,3,27,2,32,18,32,37,2,89,52,2,54,143
10/05/2002,BZN,MT,ANM,WE,Federal Contract Tower,16,20,7,0,43,0,5,20,4,29,16,25,27,4,72,19,0,19,91
10/06/2002,BZN,MT,ANM,WE,Federal Contract Tower,16,17,14,0,47,0,0,43,0,43,16,17,57,0,90,51,0,51,141
10/07/2002,BZN,MT,ANM,WE,Federal Contract Tower,15,17,5,0,37,0,1,34,0,35,15,18,39,0,72,98,0,98,170
10/08/2002,BZN,MT,ANM,WE,Federal Contract Tower,15,13,7,0,35,1,7,73,0,81,16,20,80,0,116,102,0,102,218
10/09/2002,BZN,MT,ANM,WE,Federal Contract Tower,16,23,11,0,50,0,1,61,6,68,16,24,72,6,118,154,0,154,272
10/10/2002,BZN,MT,ANM,WE,Federal Contract Tower,14,21,5,0,40,1,6,50,0,57,15,27,55,0,97,134,0,134,231
10/11/2002,BZN,MT,ANM,WE,Federal Contract Tower,16,19,10,0,45,0,8,11,1,20,16,27,21,1,65,74,0,74,139
10/12/2002,BZN,MT,ANM,WE,Federal Contract Tower,15,14,7,0,36,1,6,75,0,82,16,20,82,0,118,148,0,148,266
10/13/2002,BZN,MT,ANM,WE,Federal Contract Tower,16,10,8,0,34,0,4,95,0,99,16,14,103,0,133,38,0,38,171
10/14/2002,BZN,MT,ANM,WE,Federal Contract Tower,18,13,8,0,39,0,5,63,0,68,18,18,71,0,107,216,0,216,323
10/15/2002,BZN,MT,ANM,WE,Federal Contract Tower,16,18,10,0,44,0,2,70,0,72,16,20,80,0,116,194,0,194,310
10/16/2002,BZN,MT,ANM,WE,Federal Contract Tower,20,14,11,0,45,0,2,79,0,81,20,16,90,0,126,115,0,115,241
10/17/2002,BZN,MT,ANM,WE,Federal Contract Tower,18,18,5,2,43,0,3,114,4,121,18,21,119,6,164,102,0,102,266
10/18/2002,BZN,MT,ANM,WE,Federal Contract Tower,16,17,8,0,41,0,8,63,0,71,16,25,71,0,112,60,0,60,172
10/19/2002,BZN,MT,ANM,WE,Federal Contract Tower,16,15,8,0,39,2,5,64,0,71,18,20,72,0,110,21,0,21,131
10/20/2002,BZN,MT,ANM,WE,Federal Contract Tower,16,10,19,0,45,0,6,93,0,99,16,16,112,0,144,50,0,50,194
10/21/2002,BZN,MT,ANM,WE,Federal Contract Tower,16,18,8,0,42,0,3,83,0,86,16,21,91,0,128,133,0,133,261
10/22/2002,BZN,MT,ANM,WE,Federal Contract Tower,16,28,11,0,55,0,4,14,0,18,16,32,25,0,73,31,0,31,104
10/23/2002,BZN,MT,ANM,WE,Federal Contract Tower,15,25,6,0,46,0,4,20,0,24,15,29,26,0,70,88,0,88,158
10/24/2002,BZN,MT,ANM,WE,Federal Contract Tower,15,16,22,0,53,1,5,85,0,91,16,21,107,0,144,54,0,54,198
10/25/2002,BZN,MT,ANM,WE,Federal Contract Tower,17,16,9,0,42,1,8,104,0,113,18,24,113,0,155,78,0,78,233
10/26/2002,BZN,MT,ANM,WE,Federal Contract Tower,14,11,6,0,31,0,3,105,0,108,14,14,111,0,139,91,0,91,230
10/27/2002,BZN,MT,ANM,WE,Federal Contract Tower,15,13,3,0,31,0,1,74,0,75,15,14,77,0,106,24,0,24,130
10/28/2002,BZN,MT,ANM,WE,Federal Contract Tower,15,17,21,0,53,0,2,6,0,8,15,19,27,0,61,15,0,15,76
10/29/2002,BZN,MT,ANM,WE,Federal Contract Tower,14,28,14,0,56,1,6,0,0,7,15,34,14,0,63,0,0,0,63
10/30/2002,BZN,MT,ANM,WE,Federal Contract Tower,17,24,9,0,50,0,6,5,0,11,17,30,14,0,61,16,0,16,77
10/31/2002,BZN,MT,ANM,WE,Federal Contract Tower,16,19,10,1,46,0,4,36,0,40,16,23,46,1,86,50,0,50,136
11/01/2002,BZN,MT,ANM,WE,Federal Contract Tower,15,19,11,0,45,1,6,52,3,62,16,25,63,3,107,94,0,94,201
11/02/2002,BZN,MT,ANM,WE,Federal Contract Tower,15,13,10,0,38,0,3,68,1,72,15,16,78,1,110,71,0,71,181
11/03/2002,BZN,MT,ANM,WE,Federal Contract Tower,15,19,10,0,44,0,1,129,0,130,15,20,139,0,174,76,0,76,250
11/04/2002,BZN,MT,ANM,WE,Federal Contract Tower,17,20,5,0,42,0,1,48,3,52,17,21,53,3,94,97,0,97,191
11/05/2002,BZN,MT,ANM,WE,Federal Contract Tower,17,19,5,0,41,0,9,54,2,65,17,28,59,2,106,115,0,115,221
11/06/2002,BZN,MT,ANM,WE,Federal Contract Tower,15,22,3,2,42,2,0,43,0,45,17,22,46,2,87,57,0,57,144
11/07/2002,BZN,MT,ANM,WE,Federal Contract Tower,16,21,19,0,56,0,1,23,2,26,16,22,42,2,82,77,0,77,159
11/08/2002,BZN,MT,ANM,WE,Federal Contract Tower,17,22,10,0,49,0,7,16,0,23,17,29,26,0,72,30,0,30,102
11/09/2002,BZN,MT,ANM,WE,Federal Contract Tower,15,16,5,0,36,0,1,42,6,49,15,17,47,6,85,44,0,44,129
11/10/2002,BZN,MT,ANM,WE,Federal Contract Tower,16,16,12,0,44,0,1,25,1,27,16,17,37,1,71,33,0,33,104
11/11/2002,BZN,MT,ANM,WE,Federal Contract Tower,16,17,12,0,45,1,1,33,0,35,17,18,45,0,80,51,0,51,131
11/12/2002,BZN,MT,ANM,WE,Federal Contract Tower,16,22,10,0,48,0,3,8,0,11,16,25,18,0,59,60,0,60,119
11/13/2002,BZN,MT,ANM,WE,Federal Contract Tower,16,27,14,0,57,0,6,11,0,17,16,33,25,0,74,72,0,72,146
11/14/2002,BZN,MT,ANM,WE,Federal Contract Tower,16,26,15,0,57,0,9,22,0,31,16,35,37,0,88,78,0,78,166
11/15/2002,BZN,MT,ANM,WE,Federal Contract Tower,17,17,7,0,41,1,3,42,4,50,18,20,49,4,91,72,0,72,163
11/16/2002,BZN,MT,ANM,WE,Federal Contract Tower,16,14,6,0,36,1,8,61,0,70,17,22,67,0,106,129,0,129,235
11/17/2002,BZN,MT,ANM,WE,Federal Contract Tower,16,10,6,0,32,0,0,18,0,18,16,10,24,0,50,78,0,78,128
11/18/2002,BZN,MT,ANM,WE,Federal Contract Tower,16,17,8,0,41,0,0,24,4,28,16,17,32,4,69,40,0,40,109
11/19/2002,BZN,MT,ANM,WE,Federal Contract Tower,16,19,8,0,43,0,3,22,2,27,16,22,30,2,70,121,8,129,199
11/20/2002,BZN,MT,ANM,WE,Federal Contract Tower,16,21,7,0,44,0,7,44,0,51,16,28,51,0,95,166,0,166,261
11/21/2002,BZN,MT,ANM,WE,Federal Contract Tower,17,19,12,0,48,0,6,93,0,99,17,25,105,0,147,111,0,111,258
11/22/2002,BZN,MT,ANM,WE,Federal Contract Tower,15,21,13,0,49,0,3,61,2,66,15,24,74,2,115,101,0,101,216
11/23/2002,BZN,MT,ANM,WE,Federal Contract Tower,16,22,2,0,40,0,0,1,0,1,16,22,3,0,41,9,0,9,50
11/24/2002,BZN,MT,ANM,WE,Federal Contract Tower,16,13,10,0,39,0,1,58,0,59,16,14,68,0,98,47,0,47,145
11/25/2002,BZN,MT,ANM,WE,Federal Contract Tower,16,20,11,0,47,0,0,29,2,31,16,20,40,2,78,100,0,100,178
11/26/2002,BZN,MT,ANM,WE,Federal Contract Tower,15,24,7,0,46,0,0,54,0,54,15,24,61,0,100,77,0,77,177
11/27/2002,BZN,MT,ANM,WE,Federal Contract Tower,13,24,17,0,54,0,8,14,0,22,13,32,31,0,76,6,0,6,82
11/28/2002,BZN,MT,ANM,WE,Federal Contract Tower,16,13,3,0,32,0,0,13,0,13,16,13,16,0,45,0,0,0,45
11/29/2002,BZN,MT,ANM,WE,Federal Contract Tower,17,17,3,0,37,0,1,25,0,26,17,18,28,0,63,16,0,16,79
11/30/2002,BZN,MT,ANM,WE,Federal Contract Tower,14,11,3,0,28,0,2,25,0,27,14,13,28,0,55,0,0,0,55
12/01/2002,BZN,MT,ANM,WE,Federal Contract Tower,15,25,14,0,54,1,1,85,0,87,16,26,99,0,141,44,0,44,185
12/02/2002,BZN,MT,ANM,WE,Federal Contract Tower,15,23,12,0,50,2,0,19,0,21,17,23,31,0,71,42,0,42,113
12/03/2002,BZN,MT,ANM,WE,Federal Contract Tower,15,26,11,0,52,1,1,0,0,2,16,27,11,0,54,12,0,12,66
12/04/2002,BZN,MT,ANM,WE,Federal Contract Tower,15,30,9,0,54,1,2,5,0,8,16,32,14,0,62,19,0,19,81
12/05/2002,BZN,MT,ANM,WE,Federal Contract Tower,14,16,8,0,38,2,8,45,0,55,16,24,53,0,93,134,0,134,227
12/06/2002,BZN,MT,ANM,WE,Federal Contract Tower,14,20,7,0,41,2,4,43,8,57,16,24,50,8,98,78,0,78,176
12/07/2002,BZN,MT,ANM,WE,Federal Contract Tower,15,10,5,0,30,1,6,75,0,82,16,16,80,0,112,94,0,94,206
12/08/2002,BZN,MT,ANM,WE,Federal Contract Tower,15,16,2,0,33,1,3,69,0,73,16,19,71,0,106,170,0,170,276
12/09/2002,BZN,MT,ANM,WE,Federal Contract Tower,16,21,7,0,44,0,3,28,0,31,16,24,35,0,75,78,0,78,153
12/10/2002,BZN,MT,ANM,WE,Federal Contract Tower,15,21,7,0,43,0,6,21,2,29,15,27,28,2,72,96,0,96,168
12/11/2002,BZN,MT,ANM,WE,Federal Contract Tower,16,22,6,0,44,0,5,16,0,21,16,27,22,0,65,97,0,97,162
12/12/2002,BZN,MT,ANM,WE,Federal Contract Tower,15,20,7,0,42,0,2,21,7,30,15,22,28,7,72,136,0,136,208
12/13/2002,BZN,MT,ANM,WE,Federal Contract Tower,16,19,3,0,38,0,0,16,0,16,16,19,19,0,54,50,0,50,104
12/14/2002,BZN,MT,ANM,WE,Federal Contract Tower,16,13,2,0,31,0,7,20,0,27,16,20,22,0,58,109,0,109,167
12/15/2002,BZN,MT,ANM,WE,Federal Contract Tower,18,14,2,1,35,0,1,14,0,15,18,15,16,1,50,30,0,30,80
12/16/2002,BZN,MT,ANM,WE,Federal Contract Tower,17,20,5,0,42,1,2,11,2,16,18,22,16,2,58,28,0,28,86
12/17/2002,BZN,MT,ANM,WE,Federal Contract Tower,16,28,9,0,53,0,0,15,0,15,16,28,24,0,68,16,0,16,84
12/18/2002,BZN,MT,ANM,WE,Federal Contract Tower,18,25,6,1,50,0,4,60,0,64,18,29,66,1,114,98,0,98,212
12/19/2002,BZN,MT,ANM,WE,Federal Contract Tower,18,21,5,4,48,0,0,59,0,59,18,21,64,4,107,184,0,184,291
12/20/2002,BZN,MT,ANM,WE,Federal Contract Tower,20,27,10,0,57,0,0,20,1,21,20,27,30,1,78,29,0,29,107
12/21/2002,BZN,MT,ANM,WE,Federal Contract Tower,24,22,15,0,61,0,1,18,0,19,24,23,33,0,80,70,0,70,150
12/22/2002,BZN,MT,ANM,WE,Federal Contract Tower,22,15,11,0,48,0,0,5,0,5,22,15,16,0,53,8,0,8,61
12/23/2002,BZN,MT,ANM,WE,Federal Contract Tower,18,18,9,0,45,1,0,13,0,14,19,18,22,0,59,6,0,6,65
12/24/2002,BZN,MT,ANM,WE,Federal Contract Tower,19,22,2,0,43,1,2,60,0,63,20,24,62,0,106,24,0,24,130
12/25/2002,BZN,MT,ANM,WE,Federal Contract Tower,19,16,2,0,37,0,1,4,0,5,19,17,6,0,42,2,0,2,44
12/26/2002,BZN,MT,ANM,WE,Federal Contract Tower,22,35,14,0,71,0,4,21,0,25,22,39,35,0,96,56,0,56,152
12/27/2002,BZN,MT,ANM,WE,Federal Contract Tower,20,22,9,2,53,0,8,5,0,13,20,30,14,2,66,12,0,12,78
12/28/2002,BZN,MT,ANM,WE,Federal Contract Tower,26,21,8,0,55,0,7,24,0,31,26,28,32,0,86,27,0,27,113
12/29/2002,BZN,MT,ANM,WE,Federal Contract Tower,24,18,9,0,51,0,2,17,0,19,24,20,26,0,70,32,0,32,102
12/30/2002,BZN,MT,ANM,WE,Federal Contract Tower,22,20,10,0,52,0,2,22,0,24,22,22,32,0,76,39,0,39,115
12/31/2002,BZN,MT,ANM,WE,Federal Contract Tower,19,23,6,0,48,0,4,20,0,24,19,27,26,0,72,40,0,40,112
01/01/2003,BZN,MT,ANM,WE,Federal Contract Tower,19,23,8,0,50,1,0,73,0,74,20,23,81,0,124,89,0,89,213
01/02/2003,BZN,MT,ANM,WE,Federal Contract Tower,19,27,15,0,61,1,0,14,0,15,20,27,29,0,76,73,0,73,149
01/03/2003,BZN,MT,ANM,WE,Federal Contract Tower,19,24,11,0,54,0,15,12,0,27,19,39,23,0,81,18,0,18,99
01/04/2003,BZN,MT,ANM,WE,Federal Contract Tower,22,22,16,1,61,1,0,26,0,27,23,22,42,1,88,64,0,64,152
01/05/2003,BZN,MT,ANM,WE,Federal Contract Tower,20,22,19,1,62,1,1,55,0,57,21,23,74,1,119,64,0,64,183
01/06/2003,BZN,MT,ANM,WE,Federal Contract Tower,19,17,4,0,40,1,0,55,0,56,20,17,59,0,96,113,0,113,209
01/07/2003,BZN,MT,ANM,WE,Federal Contract Tower,17,21,7,0,45,1,3,65,0,69,18,24,72,0,114,124,0,124,238
01/08/2003,BZN,MT,ANM,WE,Federal Contract Tower,16,21,7,0,44,1,4,59,0,64,17,25,66,0,108,72,0,72,180
01/09/2003,BZN,MT,ANM,WE,Federal Contract Tower,17,17,8,1,43,1,5,32,1,39,18,22,40,2,82,44,0,44,126
01/10/2003,BZN,MT,ANM,WE,Federal Contract Tower,17,21,9,0,47,1,7,39,2,49,18,28,48,2,96,84,0,84,180
01/11/2003,BZN,MT,ANM,WE,Federal Contract Tower,21,11,4,0,36,1,4,101,0,106,22,15,105,0,142,254,0,254,396
01/12/2003,BZN,MT,ANM,WE,Federal Contract Tower,18,17,8,0,43,1,2,28,0,31,19,19,36,0,74,42,0,42,116
01/13/2003,BZN,MT,ANM,WE,Federal Contract Tower,17,19,6,4,46,1,0,12,0,13,18,19,18,4,59,44,0,44,103
01/14/2003,BZN,MT,ANM,WE,Federal Contract Tower,16,18,8,1,43,2,6,9,3,20,18,24,17,4,63,12,0,12,75
01/15/2003,BZN,MT,ANM,WE,Federal Contract Tower,18,20,9,0,47,0,3,9,0,12,18,23,18,0,59,8,0,8,67
01/16/2003,BZN,MT,ANM,WE,Federal Contract Tower,18,23,10,1,52,0,2,21,4,27,18,25,31,5,79,96,0,96,175
01/17/2003,BZN,MT,ANM,WE,Federal Contract Tower,19,21,9,1,50,1,6,23,0,30,20,27,32,1,80,76,0,76,156
01/18/2003,BZN,MT,ANM,WE,Federal Contract Tower,15,17,7,0,39,3,3,80,1,87,18,20,87,1,126,124,0,124,250
01/19/2003,BZN,MT,ANM,WE,Federal Contract Tower,15,16,7,0,38,3,0,44,0,47,18,16,51,0,85,125,0,125,210
01/20/2003,BZN,MT,ANM,WE,Federal Contract Tower,20,18,9,0,47,0,0,25,0,25,20,18,34,0,72,68,0,68,140
01/21/2003,BZN,MT,ANM,WE,Federal Contract Tower,17,20,5,0,42,0,6,0,2,8,17,26,5,2,50,6,0,6,56
01/22/2003,BZN,MT,ANM,WE,Federal Contract Tower,17,21,9,0,47,0,2,3,0,5,17,23,12,0,52,40,0,40,92
01/23/2003,BZN,MT,ANM,WE,Federal Contract Tower,16,25,11,0,52,0,0,10,0,10,16,25,21,0,62,20,0,20,82
01/24/2003,BZN,MT,ANM,WE,Federal Contract Tower,16,18,7,0,41,2,7,20,0,29,18,25,27,0,70,32,0,32,102
01/25/2003,BZN,MT,ANM,WE,Federal Contract Tower,16,19,8,0,43,4,7,13,0,24,20,26,21,0,67,111,11,122,189
01/26/2003,BZN,MT,ANM,WE,Federal Contract Tower,21,25,11,0,57,0,0,4,0,4,21,25,15,0,61,6,0,6,67
01/27/2003,BZN,MT,ANM,WE,Federal Contract Tower,18,23,10,0,51,0,0,5,0,5,18,23,15,0,56,24,0,24,80
01/28/2003,BZN,MT,ANM,WE,Federal Contract Tower,17,21,9,0,47,0,3,27,0,30,17,24,36,0,77,47,0,47,124
01/29/2003,BZN,MT,ANM,WE,Federal Contract Tower,18,22,9,0,49,0,2,30,0,32,18,24,39,0,81,93,0,93,174
01/30/2003,BZN,MT,ANM,WE,Federal Contract Tower,19,28,19,0,66,0,3,9,0,12,19,31,28,0,78,96,0,96,174
01/31/2003,BZN,MT,ANM,WE,Federal Contract Tower,16,25,8,1,50,0,0,33,9,42,16,25,41,10,92,96,2,98,190
02/01/2003,BZN,MT,ANM,WE,Federal Contract Tower,23,14,10,0,47,0,4,15,0,19,23,18,25,0,66,71,0,71,137
02/02/2003,BZN,MT,ANM,WE,Federal Contract Tower,19,21,17,0,57,0,9,47,4,60,19,30,64,4,117,29,0,29,146
02/03/2003,BZN,MT,ANM,WE,Federal Contract Tower,19,21,7,0,47,0,1,20,0,21,19,22,27,0,68,8,0,8,76
02/04/2003,BZN,MT,ANM,WE,Federal Contract Tower,18,22,7,0,47,0,0,7,0,7,18,22,14,0,54,34,0,34,88
02/05/2003,BZN,MT,ANM,WE,Federal Contract Tower,19,32,3,0,54,0,2,1,0,3,19,34,4,0,57,3,0,3,60
02/06/2003,BZN,MT,ANM,WE,Federal Contract Tower,19,24,10,0,53,0,0,37,0,37,19,24,47,0,90,55,0,55,145
02/07/2003,BZN,MT,ANM,WE,Federal Contract Tower,18,28,13,2,61,0,2,29,10,41,18,30,42,12,102,53,0,53,155
02/08/2003,BZN,MT,ANM,WE,Federal Contract Tower,23,22,16,0,61,0,5,7,0,12,23,27,23,0,73,14,0,14,87
02/09/2003,BZN,MT,ANM,WE,Federal Contract Tower,21,17,14,0,52,0,3,38,0,41,21,20,52,0,93,56,0,56,149
02/10/2003,BZN,MT,ANM,WE,Federal Contract Tower,18,24,15,0,57,0,0,15,0,15,18,24,30,0,72,23,0,23,95
02/11/2003,BZN,MT,ANM,WE,Federal Contract Tower,18,21,10,0,49,0,7,56,6,69,18,28,66,6,118,86,0,86,204
02/12/2003,BZN,MT,ANM,WE,Federal Contract Tower,17,18,15,0,50,0,4,54,0,58,17,22,69,0,108,60,0,60,168
02/13/2003,BZN,MT,ANM,WE,Federal Contract Tower,17,23,18,0,58,0,3,36,0,39,17,26,54,0,97,78,0,78,175
02/14/2003,BZN,MT,ANM,WE,Federal Contract Tower,15,34,12,0,61,0,0,1,1,2,15,34,13,1,63,0,0,0,63
02/15/2003,BZN,MT,ANM,WE,Federal Contract Tower,23,17,7,0,47,0,7,78,0,85,23,24,85,0,132,81,0,81,213
02/16/2003,BZN,MT,ANM,WE,Federal Contract Tower,19,20,10,0,49,0,0,20,0,20,19,20,30,0,69,41,0,41,110
02/17/2003,BZN,MT,ANM,WE,Federal Contract Tower,17,27,11,0,55,0,2,13,0,15,17,29,24,0,70,62,0,62,132
02/18/2003,BZN,MT,ANM,WE,Federal Contract Tower,16,23,23,0,62,0,5,27,0,32,16,28,50,0,94,56,0,56,150
02/19/2003,BZN,MT,ANM,WE,Federal Contract Tower,18,28,12,0,58,0,0,32,2,34,18,28,44,2,92,120,0,120,212
02/20/2003,BZN,MT,ANM,WE,Federal Contract Tower,17,22,8,0,47,0,5,34,2,41,17,27,42,2,88,94,0,94,182
02/21/2003,BZN,MT,ANM,WE,Federal Contract Tower,18,22,10,0,50,0,5,6,0,11,18,27,16,0,61,61,0,61,122
02/22/2003,BZN,MT,ANM,WE,Federal Contract Tower,20,27,5,0,52,0,0,6,0,6,20,27,11,0,58,0,0,0,58
02/23/2003,BZN,MT,ANM,WE,Federal Contract Tower,24,23,13,0,60,0,10,13,0,23,24,33,26,0,83,50,0,50,133
02/24/2003,BZN,MT,ANM,WE,Federal Contract Tower,20,20,12,1,53,0,0,27,1,28,20,20,39,2,81,31,0,31,112
02/25/2003,BZN,MT,ANM,WE,Federal Contract Tower,16,19,8,0,43,0,0,44,0,44,16,19,52,0,87,92,0,92,179
02/26/2003,BZN,MT,ANM,WE,Federal Contract Tower,18,21,2,0,41,0,4,41,0,45,18,25,43,0,86,73,0,73,159
02/27/2003,BZN,MT,ANM,WE,Federal Contract Tower,18,19,13,1,51,0,9,22,0,31,18,28,35,1,82,58,0,58,140
02/28/2003,BZN,MT,ANM,WE,Federal Contract Tower,20,22,14,0,56,0,0,28,0,28,20,22,42,0,84,98,0,98,182
03/01/2003,BZN,MT,ANM,WE,Federal Contract Tower,23,21,11,0,55,1,0,39,0,40,24,21,50,0,95,54,0,54,149
03/02/2003,BZN,MT,ANM,WE,Federal Contract Tower,19,20,17,0,56,1,0,45,0,46,20,20,62,0,102,52,0,52,154
03/03/2003,BZN,MT,ANM,WE,Federal Contract Tower,19,26,17,0,62,1,1,4,0,6,20,27,21,0,68,0,0,0,68
03/04/2003,BZN,MT,ANM,WE,Federal Contract Tower,16,28,9,0,53,1,0,2,0,3,17,28,11,0,56,2,0,2,58
03/05/2003,BZN,MT,ANM,WE,Federal Contract Tower,18,29,10,0,57,1,3,20,0,24,19,32,30,0,81,66,0,66,147
03/06/2003,BZN,MT,ANM,WE,Federal Contract Tower,17,28,10,0,55,0,0,2,0,2,17,28,12,0,57,40,0,40,97
03/07/2003,BZN,MT,ANM,WE,Federal Contract Tower,17,32,13,0,62,0,5,5,0,10,17,37,18,0,72,47,0,47,119
03/08/2003,BZN,MT,ANM,WE,Federal Contract Tower,23,23,6,0,52,0,1,12,0,13,23,24,18,0,65,68,0,68,133
03/09/2003,BZN,MT,ANM,WE,Federal Contract Tower,21,29,13,0,63,0,0,6,0,6,21,29,19,0,69,36,0,36,105
03/10/2003,BZN,MT,ANM,WE,Federal Contract Tower,17,21,17,0,55,0,0,19,0,19,17,21,36,0,74,18,0,18,92
03/11/2003,BZN,MT,ANM,WE,Federal Contract Tower,19,20,7,0,46,0,0,29,0,29,19,20,36,0,75,64,0,64,139
03/12/2003,BZN,MT,ANM,WE,Federal Contract Tower,19,29,7,0,55,0,0,21,0,21,19,29,28,0,76,84,0,84,160
03/13/2003,BZN,MT,ANM,WE,Federal Contract Tower,16,22,8,0,46,2,11,24,9,46,18,33,32,9,92,51,0,51,143
03/14/2003,BZN,MT,ANM,WE,Federal Contract Tower,18,29,11,0,58,0,1,12,0,13,18,30,23,0,71,57,0,57,128
03/15/2003,BZN,MT,ANM,WE,Federal Contract Tower,23,16,7,0,46,0,2,47,0,49,23,18,54,0,95,174,0,174,269
03/16/2003,BZN,MT,ANM,WE,Federal Contract Tower,21,20,13,0,54,0,0,3,0,3,21,20,16,0,57,45,0,45,102
03/17/2003,BZN,MT,ANM,WE,Federal Contract Tower,19,26,10,0,55,0,0,19,0,19,19,26,29,0,74,19,0,19,93
03/18/2003,BZN,MT,ANM,WE,Federal Contract Tower,17,18,4,0,39,1,3,7,2,13,18,21,11,2,52,17,0,17,69
03/19/2003,BZN,MT,ANM,WE,Federal Contract Tower,16,21,12,0,49,0,6,72,0,78,16,27,84,0,127,137,0,137,264
03/20/2003,BZN,MT,ANM,WE,Federal Contract Tower,16,25,20,0,61,0,5,30,0,35,16,30,50,0,96,122,0,122,218
03/21/2003,BZN,MT,ANM,WE,Federal Contract Tower,18,31,8,2,59,0,6,26,11,43,18,37,34,13,102,85,0,85,187
03/22/2003,BZN,MT,ANM,WE,Federal Contract Tower,23,22,14,0,59,0,4,14,0,18,23,26,28,0,77,71,0,71,148
03/23/2003,BZN,MT,ANM,WE,Federal Contract Tower,19,22,20,0,61,0,2,12,0,14,19,24,32,0,75,35,0,35,110
03/24/2003,BZN,MT,ANM,WE,Federal Contract Tower,17,27,9,0,53,0,0,46,2,48,17,27,55,2,101,61,0,61,162
03/25/2003,BZN,MT,ANM,WE,Federal Contract Tower,19,27,9,0,55,0,4,32,0,36,19,31,41,0,91,30,0,30,121
03/26/2003,BZN,MT,ANM,WE,Federal Contract Tower,18,24,9,0,51,0,6,11,0,17,18,30,20,0,68,92,0,92,160
03/27/2003,BZN,MT,ANM,WE,Federal Contract Tower,18,26,12,0,56,0,0,5,4,9,18,26,17,4,65,21,0,21,86
03/28/2003,BZN,MT,ANM,WE,Federal Contract Tower,18,25,12,1,56,0,1,28,9,38,18,26,40,10,94,141,0,141,235
03/29/2003,BZN,MT,ANM,WE,Federal Contract Tower,21,17,10,0,48,0,3,67,0,70,21,20,77,0,118,180,0,180,298
03/30/2003,BZN,MT,ANM,WE,Federal Contract Tower,20,18,13,0,51,0,1,25,0,26,20,19,38,0,77,107,0,107,184
03/31/2003,BZN,MT,ANM,WE,Federal Contract Tower,18,19,3,0,40,0,3,16,0,19,18,22,19,0,59,8,0,8,67
04/01/2003,BZN,MT,ANM,WE,Federal Contract Tower,19,18,10,2,49,0,6,12,0,18,19,24,22,2,67,38,0,38,105
04/02/2003,BZN,MT,ANM,WE,Federal Contract Tower,20,26,5,0,51,0,1,2,0,3,20,27,7,0,54,45,0,45,99
04/03/2003,BZN,MT,ANM,WE,Federal Contract Tower,16,24,17,1,58,2,0,4,1,7,18,24,21,2,65,78,0,78,143
04/04/2003,BZN,MT,ANM,WE,Federal Contract Tower,18,23,11,1,53,0,5,32,4,41,18,28,43,5,94,121,0,121,215
04/05/2003,BZN,MT,ANM,WE,Federal Contract Tower,16,15,4,0,35,0,6,46,0,52,16,21,50,0,87,169,0,169,256
04/06/2003,BZN,MT,ANM,WE,Federal Contract Tower,14,16,18,0,48,0,0,19,8,27,14,16,37,8,75,27,0,27,102
04/07/2003,BZN,MT,ANM,WE,Federal Contract Tower,13,21,7,0,41,0,0,34,0,34,13,21,41,0,75,30,0,30,105
04/08/2003,BZN,MT,ANM,WE,Federal Contract Tower,14,20,5,0,39,0,0,68,0,68,14,20,73,0,107,49,0,49,156
04/09/2003,BZN,MT,ANM,WE,Federal Contract Tower,14,28,4,0,46,2,2,29,0,33,16,30,33,0,79,64,0,64,143
04/10/2003,BZN,MT,ANM,WE,Federal Contract Tower,14,23,2,0,39,0,2,51,0,53,14,25,53,0,92,74,0,74,166
04/11/2003,BZN,MT,ANM,WE,Federal Contract Tower,14,22,9,0,45,0,2,40,0,42,14,24,49,0,87,99,0,99,186
04/12/2003,BZN,MT,ANM,WE,Federal Contract Tower,14,16,5,0,35,0,6,66,0,72,14,22,71,0,107,95,0,95,202
04/13/2003,BZN,MT,ANM,WE,Federal Contract Tower,14,17,6,0,37,0,0,25,0,25,14,17,31,0,62,61,0,61,123
04/14/2003,BZN,MT,ANM,WE,Federal Contract Tower,13,19,6,0,38,0,0,19,0,19,13,19,25,0,57,4,0,4,61
04/15/2003,BZN,MT,ANM,WE,Federal Contract Tower,14,28,6,0,48,0,0,4,0,4,14,28,10,0,52,8,0,8,60
04/16/2003,BZN,MT,ANM,WE,Federal Contract Tower,14,24,7,0,45,0,3,38,0,41,14,27,45,0,86,96,0,96,182
04/17/2003,BZN,MT,ANM,WE,Federal Contract Tower,14,28,9,0,51,0,0,24,5,29,14,28,33,5,80,57,0,57,137
04/18/2003,BZN,MT,ANM,WE,Federal Contract Tower,15,24,9,0,48,0,5,0,0,5,15,29,9,0,53,36,0,36,89
04/19/2003,BZN,MT,ANM,WE,Federal Contract Tower,14,17,1,0,32,0,3,82,0,85,14,20,83,0,117,122,0,122,239
04/20/2003,BZN,MT,ANM,WE,Federal Contract Tower,14,20,2,0,36,0,0,80,0,80,14,20,82,0,116,54,0,54,170
04/21/2003,BZN,MT,ANM,WE,Federal Contract Tower,14,18,4,0,36,0,9,38,0,47,14,27,42,0,83,94,0,94,177
04/22/2003,BZN,MT,ANM,WE,Federal Contract Tower,14,17,12,0,43,0,5,64,4,73,14,22,76,4,116,113,0,113,229
04/23/2003,BZN,MT,ANM,WE,Federal Contract Tower,14,28,14,0,56,0,1,0,0,1,14,29,14,0,57,35,0,35,92
04/24/2003,BZN,MT,ANM,WE,Federal Contract Tower,14,26,8,0,48,0,2,25,0,27,14,28,33,0,75,139,0,139,214
04/25/2003,BZN,MT,ANM,WE,Federal Contract Tower,18,21,7,1,47,0,1,13,1,15,18,22,20,2,62,112,0,112,174
04/26/2003,BZN,MT,ANM,WE,Federal Contract Tower,14,15,1,0,30,0,2,39,0,41,14,17,40,0,71,39,0,39,110
04/27/2003,BZN,MT,ANM,WE,Federal Contract Tower,14,7,5,0,26,0,4,54,0,58,14,11,59,0,84,56,0,56,140
04/28/2003,BZN,MT,ANM,WE,Federal Contract Tower,14,15,12,0,41,0,0,30,2,32,14,15,42,2,73,46,0,46,119
04/29/2003,BZN,MT,ANM,WE,Federal Contract Tower,15,18,7,0,40,0,1,13,0,14,15,19,20,0,54,104,0,104,158
04/30/2003,BZN,MT,ANM,WE,Federal Contract Tower,13,19,10,0,42,1,7,7,0,15,14,26,17,0,57,34,0,34,91
05/01/2003,BZN,MT,ANM,WE,Federal Contract Tower,10,17,11,2,40,1,0,23,2,26,11,17,34,4,66,86,0,86,152
05/02/2003,BZN,MT,ANM,WE,Federal Contract Tower,11,16,3,0,30,1,4,42,4,51,12,20,45,4,81,66,0,66,147
05/03/2003,BZN,MT,ANM,WE,Federal Contract Tower,11,10,6,0,27,1,4,33,0,38,12,14,39,0,65,59,0,59,124
05/04/2003,BZN,MT,ANM,WE,Federal Contract Tower,10,6,4,0,20,1,1,31,0,33,11,7,35,0,53,64,0,64,117
05/05/2003,BZN,MT,ANM,WE,Federal Contract Tower,12,16,10,0,38,1,7,8,0,16,13,23,18,0,54,24,0,24,78
05/06/2003,BZN,MT,ANM,WE,Federal Contract Tower,10,14,11,0,35,1,0,16,0,17,11,14,27,0,52,132,0,132,184
05/07/2003,BZN,MT,ANM,WE,Federal Contract Tower,10,16,10,0,36,0,2,30,0,32,10,18,40,0,68,90,0,90,158
05/08/2003,BZN,MT,ANM,WE,Federal Contract Tower,11,17,11,0,39,1,0,13,0,14,12,17,24,0,53,87,0,87,140
05/09/2003,BZN,MT,ANM,WE,Federal Contract Tower,12,16,9,0,37,0,3,22,0,25,12,19,31,0,62,78,0,78,140
05/10/2003,BZN,MT,ANM,WE,Federal Contract Tower,11,10,8,0,29,1,5,40,0,46,12,15,48,0,75,175,0,175,250
05/11/2003,BZN,MT,ANM,WE,Federal Contract Tower,12,8,12,0,32,1,2,59,0,62,13,10,71,0,94,95,0,95,189
05/12/2003,BZN,MT,ANM,WE,Federal Contract Tower,12,11,9,0,32,0,6,37,0,43,12,17,46,0,75,60,0,60,135
05/13/2003,BZN,MT,ANM,WE,Federal Contract Tower,11,13,6,0,30,0,6,63,0,69,11,19,69,0,99,91,0,91,190
05/14/2003,BZN,MT,ANM,WE,Federal Contract Tower,12,10,12,0,34,0,8,76,0,84,12,18,88,0,118,143,0,143,261
05/15/2003,BZN,MT,ANM,WE,Federal Contract Tower,12,15,14,0,41,0,2,32,2,36,12,17,46,2,77,106,0,106,183
05/16/2003,BZN,MT,ANM,WE,Federal Contract Tower,12,15,8,0,35,0,5,27,2,34,12,20,35,2,69,87,0,87,156
05/17/2003,BZN,MT,ANM,WE,Federal Contract Tower,12,8,1,0,21,0,7,50,0,57,12,15,51,0,78,22,0,22,100
05/18/2003,BZN,MT,ANM,WE,Federal Contract Tower,12,6,4,0,22,0,0,2,0,2,12,6,6,0,24,0,0,0,24
05/19/2003,BZN,MT,ANM,WE,Federal Contract Tower,12,14,4,0,30,0,1,40,0,41,12,15,44,0,71,38,0,38,109
05/20/2003,BZN,MT,ANM,WE,Federal Contract Tower,12,21,9,0,42,0,0,81,0,81,12,21,90,0,123,66,0,66,189
05/21/2003,BZN,MT,ANM,WE,Federal Contract Tower,12,14,8,0,34,0,11,35,0,46,12,25,43,0,80,59,0,59,139
05/22/2003,BZN,MT,ANM,WE,Federal Contract Tower,10,13,11,0,34,3,9,69,0,81,13,22,80,0,115,100,0,100,215
05/23/2003,BZN,MT,ANM,WE,Federal Contract Tower,12,23,9,2,46,0,6,72,2,80,12,29,81,4,126,128,0,128,254
05/24/2003,BZN,MT,ANM,WE,Federal Contract Tower,12,12,2,0,26,0,1,86,0,87,12,13,88,0,113,76,0,76,189
05/25/2003,BZN,MT,ANM,WE,Federal Contract Tower,12,6,3,0,21,0,1,45,0,46,12,7,48,0,67,58,0,58,125
05/26/2003,BZN,MT,ANM,WE,Federal Contract Tower,12,12,8,2,34,0,0,83,0,83,12,12,91,2,117,122,0,122,239
05/27/2003,BZN,MT,ANM,WE,Federal Contract Tower,12,8,6,0,26,0,4,75,0,79,12,12,81,0,105,28,0,28,133
05/28/2003,BZN,MT,ANM,WE,Federal Contract Tower,12,16,8,1,37,0,4,80,1,85,12,20,88,2,122,34,0,34,156
05/29/2003,BZN,MT,ANM,WE,Federal Contract Tower,12,10,6,0,28,0,7,78,8,93,12,17,84,8,121,81,0,81,202
05/30/2003,BZN,MT,ANM,WE,Federal Contract Tower,12,16,4,0,32,0,11,44,0,55,12,27,48,0,87,30,0,30,117
05/31/2003,BZN,MT,ANM,WE,Federal Contract Tower,12,9,4,0,25,0,3,79,0,82,12,12,83,0,107,95,0,95,202
06/01/2003,BZN,MT,ANM,WE,Federal Contract Tower,13,24,6,0,43,0,0,73,0,73,13,24,79,0,116,24,0,24,140
06/02/2003,BZN,MT,ANM,WE,Federal Contract Tower,14,18,8,0,40,0,2,45,0,47,14,20,53,0,87,36,0,36,123
06/03/2003,BZN,MT,ANM,WE,Federal Contract Tower,14,21,9,0,44,0,6,82,0,88,14,27,91,0,132,142,0,142,274
06/04/2003,BZN,MT,ANM,WE,Federal Contract Tower,14,22,13,0,49,0,5,68,0,73,14,27,81,0,122,96,0,96,218
06/05/2003,BZN,MT,ANM,WE,Federal Contract Tower,14,22,10,0,46,2,5,44,0,51,16,27,54,0,97,114,0,114,211
06/06/2003,BZN,MT,ANM,WE,Federal Contract Tower,14,22,22,0,58,0,1,35,0,36,14,23,57,0,94,80,0,80,174
06/07/2003,BZN,MT,ANM,WE,Federal Contract Tower,17,11,7,1,36,0,7,102,0,109,17,18,109,1,145,194,0,194,339
06/08/2003,BZN,MT,ANM,WE,Federal Contract Tower,21,15,11,1,48,0,0,104,2,106,21,15,115,3,154,132,0,132,286
06/09/2003,BZN,MT,ANM,WE,Federal Contract Tower,17,15,7,0,39,1,0,41,2,44,18,15,48,2,83,58,0,58,141
06/10/2003,BZN,MT,ANM,WE,Federal Contract Tower,18,18,10,0,46,0,5,47,0,52,18,23,57,0,98,140,0,140,238
06/11/2003,BZN,MT,ANM,WE,Federal Contract Tower,12,19,8,0,39,0,6,66,0,72,12,25,74,0,111,134,0,134,245
06/12/2003,BZN,MT,ANM,WE,Federal Contract Tower,18,25,15,0,58,0,1,84,0,85,18,26,99,0,143,120,0,120,263
06/13/2003,BZN,MT,ANM,WE,Federal Contract Tower,15,27,7,0,49,0,2,101,0,103,15,29,108,0,152,168,0,168,320
06/14/2003,BZN,MT,ANM,WE,Federal Contract Tower,19,20,6,0,45,1,3,72,0,76,20,23,78,0,121,100,0,100,221
06/15/2003,BZN,MT,ANM,WE,Federal Contract Tower,20,25,10,0,55,0,1,62,0,63,20,26,72,0,118,52,0,52,170
06/16/2003,BZN,MT,ANM,WE,Federal Contract Tower,18,17,11,0,46,0,8,34,0,42,18,25,45,0,88,178,0,178,266
06/17/2003,BZN,MT,ANM,WE,Federal Contract Tower,18,24,7,0,49,0,6,70,2,78,18,30,77,2,127,125,0,125,252
06/18/2003,BZN,MT,ANM,WE,Federal Contract Tower,18,21,11,0,50,0,5,70,0,75,18,26,81,0,125,108,0,108,233
06/19/2003,BZN,MT,ANM,WE,Federal Contract Tower,18,23,8,1,50,0,7,39,5,51,18,30,47,6,101,101,0,101,202
06/20/2003,BZN,MT,ANM,WE,Federal Contract Tower,19,23,20,0,62,0,5,41,0,46,19,28,61,0,108,34,0,34,142
06/21/2003,BZN,MT,ANM,WE,Federal Contract Tower,21,26,11,0,58,0,2,46,0,48,21,28,57,0,106,70,0,70,176
06/22/2003,BZN,MT,ANM,WE,Federal Contract Tower,21,26,18,0,65,0,0,41,0,41,21,26,59,0,106,44,0,44,150
06/23/2003,BZN,MT,ANM,WE,Federal Contract Tower,15,24,15,0,54,0,1,55,0,56,15,25,70,0,110,134,0,134,244
06/24/2003,BZN,MT,ANM,WE,Federal Contract Tower,18,20,15,0,53,0,7,13,0,20,18,27,28,0,73,72,0,72,145
06/25/2003,BZN,MT,ANM,WE,Federal Contract Tower,16,22,10,0,48,0,7,62,4,73,16,29,72,4,121,118,0,118,239
06/26/2003,BZN,MT,ANM,WE,Federal Contract Tower,17,19,16,0,52,2,7,112,2,123,19,26,128,2,175,116,0,116,291
06/27/2003,BZN,MT,ANM,WE,Federal Contract Tower,16,26,14,0,56,0,7,97,4,108,16,33,111,4,164,312,0,312,476
06/28/2003,BZN,MT,ANM,WE,Federal Contract Tower,21,16,10,0,47,0,11,89,0,100,21,27,99,0,147,99,0,99,246
06/29/2003,BZN,MT,ANM,WE,Federal Contract Tower,20,21,28,0,69,0,0,143,0,143,20,21,171,0,212,52,0,52,264
06/30/2003,BZN,MT,ANM,WE,Federal Contract Tower,18,20,10,0,48,0,4,47,0,51,18,24,57,0,99,58,0,58,157
07/01/2003,BZN,MT,ANM,WE,Federal Contract Tower,17,33,22,0,72,0,7,49,0,56,17,40,71,0,128,230,0,230,358
07/02/2003,BZN,MT,ANM,WE,Federal Contract Tower,18,18,16,0,52,0,14,60,0,74,18,32,76,0,126,146,0,146,272
07/03/2003,BZN,MT,ANM,WE,Federal Contract Tower,18,23,12,0,53,0,7,84,0,91,18,30,96,0,144,78,0,78,222
07/04/2003,BZN,MT,ANM,WE,Federal Contract Tower,16,19,9,0,44,0,8,100,0,108,16,27,109,0,152,58,0,58,210
07/05/2003,BZN,MT,ANM,WE,Federal Contract Tower,21,25,13,0,59,0,11,66,0,77,21,36,79,0,136,110,0,110,246
07/06/2003,BZN,MT,ANM,WE,Federal Contract Tower,19,26,33,0,78,0,0,113,0,113,19,26,146,0,191,52,0,52,243
07/07/2003,BZN,MT,ANM,WE,Federal Contract Tower,18,23,8,0,49,0,5,65,0,70,18,28,73,0,119,26,0,26,145
07/08/2003,BZN,MT,ANM,WE,Federal Contract Tower,18,25,8,0,51,0,12,34,1,47,18,37,42,1,98,210,0,210,308
07/09/2003,BZN,MT,ANM,WE,Federal Contract Tower,15,25,7,1,48,0,7,99,0,106,15,32,106,1,154,150,0,150,304
07/10/2003,BZN,MT,ANM,WE,Federal Contract Tower,18,23,12,0,53,0,6,108,0,114,18,29,120,0,167,244,0,244,411
07/11/2003,BZN,MT,ANM,WE,Federal Contract Tower,18,22,11,0,51,0,4,93,0,97,18,26,104,0,148,112,0,112,260
07/12/2003,BZN,MT,ANM,WE,Federal Contract Tower,20,25,7,0,52,0,0,66,0,66,20,25,73,0,118,60,0,60,178
07/13/2003,BZN,MT,ANM,WE,Federal Contract Tower,19,29,17,1,66,0,0,73,0,73,19,29,90,1,139,64,0,64,203
07/14/2003,BZN,MT,ANM,WE,Federal Contract Tower,17,20,10,0,47,0,2,73,0,75,17,22,83,0,122,228,0,228,350
07/15/2003,BZN,MT,ANM,WE,Federal Contract Tower,18,25,8,0,51,0,9,82,0,91,18,34,90,0,142,152,0,152,294
07/16/2003,BZN,MT,ANM,WE,Federal Contract Tower,18,25,13,0,56,0,6,66,2,74,18,31,79,2,130,106,0,106,236
07/17/2003,BZN,MT,ANM,WE,Federal Contract Tower,18,26,17,1,62,0,9,91,1,101,18,35,108,2,163,78,0,78,241
07/18/2003,BZN,MT,ANM,WE,Federal Contract Tower,17,30,15,0,62,1,7,147,0,155,18,37,162,0,217,124,0,124,341
07/19/2003,BZN,MT,ANM,WE,Federal Contract Tower,21,17,9,0,47,0,3,94,0,97,21,20,103,0,144,122,0,122,266
07/20/2003,BZN,MT,ANM,WE,Federal Contract Tower,20,22,22,0,64,0,2,89,0,91,20,24,111,0,155,82,0,82,237
07/21/2003,BZN,MT,ANM,WE,Federal Contract Tower,18,21,9,1,49,0,7,83,0,90,18,28,92,1,139,118,0,118,257
07/22/2003,BZN,MT,ANM,WE,Federal Contract Tower,16,27,4,0,47,0,4,92,0,96,16,31,96,0,143,242,0,242,385
07/23/2003,BZN,MT,ANM,WE,Federal Contract Tower,16,27,12,2,57,1,4,117,0,122,17,31,129,2,179,168,0,168,347
07/24/2003,BZN,MT,ANM,WE,Federal Contract Tower,16,26,13,1,56,1,2,78,0,81,17,28,91,1,137,172,0,172,309
07/25/2003,BZN,MT,ANM,WE,Federal Contract Tower,16,29,15,1,61,2,9,62,0,73,18,38,77,1,134,128,0,128,262
07/26/2003,BZN,MT,ANM,WE,Federal Contract Tower,21,19,18,0,58,0,2,95,0,97,21,21,113,0,155,90,0,90,245
07/27/2003,BZN,MT,ANM,WE,Federal Contract Tower,21,21,12,0,54,0,1,84,0,85,21,22,96,0,139,96,0,96,235
07/28/2003,BZN,MT,ANM,WE,Federal Contract Tower,16,28,8,0,52,0,5,97,0,102,16,33,105,0,154,100,0,100,254
07/29/2003,BZN,MT,ANM,WE,Federal Contract Tower,17,19,10,1,47,0,8,79,0,87,17,27,89,1,134,226,0,226,360
07/30/2003,BZN,MT,ANM,WE,Federal Contract Tower,18,20,17,0,55,0,17,98,0,115,18,37,115,0,170,212,0,212,382
07/31/2003,BZN,MT,ANM,WE,Federal Contract Tower,18,21,21,1,61,0,12,71,0,83,18,33,92,1,144,150,0,150,294
08/01/2003,BZN,MT,ANM,WE,Federal Contract Tower,18,24,10,0,52,0,11,109,0,120,18,35,119,0,172,134,0,134,306
08/02/2003,BZN,MT,ANM,WE,Federal Contract Tower,21,24,11,0,56,0,13,184,0,197,21,37,195,0,253,122,0,122,375
08/03/2003,BZN,MT,ANM,WE,Federal Contract Tower,21,32,22,0,75,0,0,77,0,77,21,32,99,0,152,80,0,80,232
08/04/2003,BZN,MT,ANM,WE,Federal Contract Tower,18,29,14,0,61,0,3,55,0,58,18,32,69,0,119,52,0,52,171
08/05/2003,BZN,MT,ANM,WE,Federal Contract Tower,18,20,10,0,48,0,11,67,0,78,18,31,77,0,126,130,0,130,256
08/06/2003,BZN,MT,ANM,WE,Federal Contract Tower,16,27,21,0,64,0,7,84,0,91,16,34,105,0,155,134,0,134,289
08/07/2003,BZN,MT,ANM,WE,Federal Contract Tower,18,23,19,3,63,1,9,145,0,155,19,32,164,3,218,144,0,144,362
08/08/2003,BZN,MT,ANM,WE,Federal Contract Tower,18,23,13,0,54,1,7,135,0,143,19,30,148,0,197,48,0,48,245
08/09/2003,BZN,MT,ANM,WE,Federal Contract Tower,23,19,11,0,53,3,3,149,0,155,26,22,160,0,208,30,0,30,238
08/10/2003,BZN,MT,ANM,WE,Federal Contract Tower,21,25,21,0,67,0,3,92,0,95,21,28,113,0,162,16,0,16,178
08/11/2003,BZN,MT,ANM,WE,Federal Contract Tower,18,23,9,2,52,0,0,67,0,67,18,23,76,2,119,70,0,70,189
08/12/2003,BZN,MT,ANM,WE,Federal Contract Tower,18,29,14,0,61,0,4,66,8,78,18,33,80,8,139,148,0,148,287
08/13/2003,BZN,MT,ANM,WE,Federal Contract Tower,17,28,24,0,69,0,3,72,0,75,17,31,96,0,144,80,0,80,224
08/14/2003,BZN,MT,ANM,WE,Federal Contract Tower,17,35,16,0,68,1,5,41,1,48,18,40,57,1,116,94,0,94,210
08/15/2003,BZN,MT,ANM,WE,Federal Contract Tower,18,27,29,4,78,1,4,67,1,73,19,31,96,5,151,54,0,54,205
08/16/2003,BZN,MT,ANM,WE,Federal Contract Tower,21,22,17,0,60,0,2,47,0,49,21,24,64,0,109,98,0,98,207
08/17/2003,BZN,MT,ANM,WE,Federal Contract Tower,21,31,30,0,82,0,0,38,0,38,21,31,68,0,120,32,0,32,152
08/18/2003,BZN,MT,ANM,WE,Federal Contract Tower,18,31,12,1,62,0,2,45,2,49,18,33,57,3,111,48,0,48,159
08/19/2003,BZN,MT,ANM,WE,Federal Contract Tower,18,24,21,0,63,0,8,56,0,64,18,32,77,0,127,80,0,80,207
08/20/2003,BZN,MT,ANM,WE,Federal Contract Tower,14,27,15,0,56,0,14,69,2,85,14,41,84,2,141,52,0,52,193
08/21/2003,BZN,MT,ANM,WE,Federal Contract Tower,18,27,13,1,59,0,4,64,0,68,18,31,77,1,127,66,0,66,193
08/22/2003,BZN,MT,ANM,WE,Federal Contract Tower,18,30,10,3,61,0,4,57,0,61,18,34,67,3,122,64,0,64,186
08/23/2003,BZN,MT,ANM,WE,Federal Contract Tower,20,22,10,0,52,0,5,33,0,38,20,27,43,0,90,28,0,28,118
08/24/2003,BZN,MT,ANM,WE,Federal Contract Tower,20,28,16,0,64,0,0,66,0,66,20,28,82,0,130,50,0,50,180
08/25/2003,BZN,MT,ANM,WE,Federal Contract Tower,18,18,7,0,43,0,2,48,0,50,18,20,55,0,93,52,0,52,145
08/26/2003,BZN,MT,ANM,WE,Federal Contract Tower,17,27,12,1,57,0,8,76,2,86,17,35,88,3,143,86,0,86,229
08/27/2003,BZN,MT,ANM,WE,Federal Contract Tower,18,21,13,1,53,0,5,73,1,79,18,26,86,2,132,116,0,116,248
08/28/2003,BZN,MT,ANM,WE,Federal Contract Tower,18,20,10,0,48,0,3,70,0,73,18,23,80,0,121,71,0,71,192
08/29/2003,BZN,MT,ANM,WE,Federal Contract Tower,19,30,16,0,65,0,9,74,2,85,19,39,90,2,150,86,0,86,236
08/30/2003,BZN,MT,ANM,WE,Federal Contract Tower,20,28,16,0,64,4,3,112,0,119,24,31,128,0,183,96,0,96,279
08/31/2003,BZN,MT,ANM,WE,Federal Contract Tower,18,25,8,0,51,0,2,112,0,114,18,27,120,0,165,36,0,36,201
09/01/2003,BZN,MT,ANM,WE,Federal Contract Tower,15,27,13,0,55,0,0,79,0,79,15,27,92,0,134,44,0,44,178
09/02/2003,BZN,MT,ANM,WE,Federal Contract Tower,15,27,13,0,55,0,4,39,0,43,15,31,52,0,98,106,0,106,204
09/03/2003,BZN,MT,ANM,WE,Federal Contract Tower,16,22,6,0,44,0,4,88,0,92,16,26,94,0,136,46,0,46,182
09/04/2003,BZN,MT,ANM,WE,Federal Contract Tower,15,27,9,0,51,0,0,49,0,49,15,27,58,0,100,120,0,120,220
09/05/2003,BZN,MT,ANM,WE,Federal Contract Tower,18,24,10,0,52,0,5,39,0,44,18,29,49,0,96,38,0,38,134
09/06/2003,BZN,MT,ANM,WE,Federal Contract Tower,19,20,15,0,54,1,10,86,8,105,20,30,101,8,159,124,0,124,283
09/07/2003,BZN,MT,ANM,WE,Federal Contract Tower,14,24,4,0,42,0,3,71,10,84,14,27,75,10,126,48,0,48,174
09/08/2003,BZN,MT,ANM,WE,Federal Contract Tower,14,25,10,0,49,0,1,18,0,19,14,26,28,0,68,44,0,44,112
09/09/2003,BZN,MT,ANM,WE,Federal Contract Tower,14,21,6,0,41,0,5,45,0,50,14,26,51,0,91,180,0,180,271
09/10/2003,BZN,MT,ANM,WE,Federal Contract Tower,14,24,7,0,45,0,3,40,0,43,14,27,47,0,88,88,0,88,176
09/11/2003,BZN,MT,ANM,WE,Federal Contract Tower,14,30,18,0,62,0,7,42,0,49,14,37,60,0,111,98,0,98,209
09/12/2003,BZN,MT,ANM,WE,Federal Contract Tower,11,26,9,0,46,0,7,24,0,31,11,33,33,0,77,50,0,50,127
09/13/2003,BZN,MT,ANM,WE,Federal Contract Tower,14,19,14,0,47,0,9,74,0,83,14,28,88,0,130,100,0,100,230
09/14/2003,BZN,MT,ANM,WE,Federal Contract Tower,14,26,26,0,66,0,1,117,0,118,14,27,143,0,184,58,0,58,242
09/15/2003,BZN,MT,ANM,WE,Federal Contract Tower,12,27,24,2,65,0,5,50,2,57,12,32,74,4,122,96,0,96,218
09/16/2003,BZN,MT,ANM,WE,Federal Contract Tower,14,23,19,0,56,0,6,10,0,16,14,29,29,0,72,94,0,94,166
09/17/2003,BZN,MT,ANM,WE,Federal Contract Tower,14,21,7,0,42,0,8,26,0,34,14,29,33,0,76,80,0,80,156
09/18/2003,BZN,MT,ANM,WE,Federal Contract Tower,13,27,21,0,61,0,9,63,0,72,13,36,84,0,133,138,0,138,271
09/19/2003,BZN,MT,ANM,WE,Federal Contract Tower,14,19,10,0,43,0,9,46,0,55,14,28,56,0,98,82,0,82,180
09/20/2003,BZN,MT,ANM,WE,Federal Contract Tower,13,16,5,0,34,0,5,107,0,112,13,21,112,0,146,80,0,80,226
09/21/2003,BZN,MT,ANM,WE,Federal Contract Tower,14,23,17,1,55,0,2,74,1,77,14,25,91,2,132,78,0,78,210
09/22/2003,BZN,MT,ANM,WE,Federal Contract Tower,14,20,5,0,39,0,3,53,0,56,14,23,58,0,95,108,0,108,203
09/23/2003,BZN,MT,ANM,WE,Federal Contract Tower,14,29,8,2,53,0,3,51,0,54,14,32,59,2,107,105,0,105,212
09/24/2003,BZN,MT,ANM,WE,Federal Contract Tower,13,33,12,2,60,1,5,99,1,106,14,38,111,3,166,104,0,104,270
09/25/2003,BZN,MT,ANM,WE,Federal Contract Tower,14,26,13,0,53,0,7,54,0,61,14,33,67,0,114,90,0,90,204
09/26/2003,BZN,MT,ANM,WE,Federal Contract Tower,16,23,14,0,53,0,5,65,0,70,16,28,79,0,123,106,0,106,229
09/27/2003,BZN,MT,ANM,WE,Federal Contract Tower,15,13,14,0,42,0,7,153,0,160,15,20,167,0,202,120,0,120,322
09/28/2003,BZN,MT,ANM,WE,Federal Contract Tower,14,22,7,2,45,0,0,96,0,96,14,22,103,2,141,60,0,60,201
09/29/2003,BZN,MT,ANM,WE,Federal Contract Tower,14,22,11,0,47,0,3,34,0,37,14,25,45,0,84,64,0,64,148
09/30/2003,BZN,MT,ANM,WE,Federal Contract Tower,14,20,4,0,38,0,15,57,0,72,14,35,61,0,110,168,0,168,278
10/01/2003,BZN,MT,ANM,WE,Federal Contract Tower,13,22,11,0,46,1,6,100,0,107,14,28,111,0,153,92,0,92,245
10/02/2003,BZN,MT,ANM,WE,Federal Contract Tower,14,25,13,0,52,0,6,81,8,95,14,31,94,8,147,90,0,90,237
10/03/2003,BZN,MT,ANM,WE,Federal Contract Tower,11,21,11,0,43,0,5,104,17,126,11,26,115,17,169,158,0,158,327
10/04/2003,BZN,MT,ANM,WE,Federal Contract Tower,11,19,10,0,40,4,3,137,0,144,15,22,147,0,184,92,0,92,276
10/05/2003,BZN,MT,ANM,WE,Federal Contract Tower,11,16,10,0,37,2,0,80,0,82,13,16,90,0,119,82,0,82,201
10/06/2003,BZN,MT,ANM,WE,Federal Contract Tower,11,19,10,0,40,3,1,54,0,58,14,20,64,0,98,106,0,106,204
10/07/2003,BZN,MT,ANM,WE,Federal Contract Tower,14,22,12,0,48,0,0,30,0,30,14,22,42,0,78,36,0,36,114
10/08/2003,BZN,MT,ANM,WE,Federal Contract Tower,13,22,11,0,46,1,10,68,0,79,14,32,79,0,125,126,0,126,251
10/09/2003,BZN,MT,ANM,WE,Federal Contract Tower,13,20,11,0,44,0,4,69,0,73,13,24,80,0,117,128,0,128,245
10/10/2003,BZN,MT,ANM,WE,Federal Contract Tower,13,26,14,0,53,0,1,32,2,35,13,27,46,2,88,34,0,34,122
10/11/2003,BZN,MT,ANM,WE,Federal Contract Tower,13,18,10,0,41,1,8,75,0,84,14,26,85,0,125,60,0,60,185
10/12/2003,BZN,MT,ANM,WE,Federal Contract Tower,13,18,10,0,41,1,1,32,0,34,14,19,42,0,75,6,0,6,81
10/13/2003,BZN,MT,ANM,WE,Federal Contract Tower,14,22,12,0,48,0,2,26,0,28,14,24,38,0,76,96,0,96,172
10/14/2003,BZN,MT,ANM,WE,Federal Contract Tower,14,26,14,0,54,0,2,48,0,50,14,28,62,0,104,158,0,158,262
10/15/2003,BZN,MT,ANM,WE,Federal Contract Tower,14,21,11,0,46,0,8,44,0,52,14,29,55,0,98,146,0,146,244
10/16/2003,BZN,MT,ANM,WE,Federal Contract Tower,14,22,12,0,48,0,7,56,0,63,14,29,68,0,111,108,0,108,219
10/17/2003,BZN,MT,ANM,WE,Federal Contract Tower,11,18,9,0,38,3,5,35,0,43,14,23,44,0,81,28,0,28,109
10/18/2003,BZN,MT,ANM,WE,Federal Contract Tower,11,16,8,0,35,3,10,77,0,90,14,26,85,0,125,104,0,104,229
10/19/2003,BZN,MT,ANM,WE,Federal Contract Tower,14,22,11,1,48,0,0,57,0,57,14,22,68,1,105,14,0,14,119
10/20/2003,BZN,MT,ANM,WE,Federal Contract Tower,11,17,8,1,37,0,2,24,0,26,11,19,32,1,63,48,0,48,111
10/21/2003,BZN,MT,ANM,WE,Federal Contract Tower,12,17,8,0,37,2,7,66,0,75,14,24,74,0,112,108,0,108,220
10/22/2003,BZN,MT,ANM,WE,Federal Contract Tower,14,26,13,1,54,0,6,99,1,106,14,32,112,2,160,188,0,188,348
10/23/2003,BZN,MT,ANM,WE,Federal Contract Tower,14,22,11,1,48,0,6,27,1,34,14,28,38,2,82,116,0,116,198
10/24/2003,BZN,MT,ANM,WE,Federal Contract Tower,15,22,11,1,49,0,13,66,9,88,15,35,77,10,137,92,6,98,235
10/25/2003,BZN,MT,ANM,WE,Federal Contract Tower,12,18,8,0,38,2,0,125,2,129,14,18,133,2,167,110,0,110,277
10/26/2003,BZN,MT,ANM,WE,Federal Contract Tower,14,21,10,0,45,0,0,74,0,74,14,21,84,0,119,76,0,76,195
10/27/2003,BZN,MT,ANM,WE,Federal Contract Tower,12,22,11,0,45,0,0,32,0,32,12,22,43,0,77,22,0,22,99
10/28/2003,BZN,MT,ANM,WE,Federal Contract Tower,13,21,10,0,44,1,4,20,0,25,14,25,30,0,69,64,0,64,133
10/29/2003,BZN,MT,ANM,WE,Federal Contract Tower,14,21,10,0,45,0,5,6,0,11,14,26,16,0,56,34,0,34,90
10/30/2003,BZN,MT,ANM,WE,Federal Contract Tower,14,20,12,0,46,0,0,7,0,7,14,20,19,0,53,42,0,42,95
10/31/2003,BZN,MT,ANM,WE,Federal Contract Tower,15,23,11,0,49,2,4,23,0,29,17,27,34,0,78,82,0,82,160
11/01/2003,BZN,MT,ANM,WE,Federal Contract Tower,14,20,7,0,41,2,0,59,10,71,16,20,66,10,112,40,0,40,152
11/02/2003,BZN,MT,ANM,WE,Federal Contract Tower,14,18,6,0,38,2,3,43,0,48,16,21,49,0,86,22,0,22,108
11/03/2003,BZN,MT,ANM,WE,Federal Contract Tower,13,20,7,0,40,0,2,4,0,6,13,22,11,0,46,70,0,70,116
11/04/2003,BZN,MT,ANM,WE,Federal Contract Tower,12,21,9,0,42,0,3,18,0,21,12,24,27,0,63,72,0,72,135
11/05/2003,BZN,MT,ANM,WE,Federal Contract Tower,15,25,10,0,50,0,5,29,0,34,15,30,39,0,84,68,0,68,152
11/06/2003,BZN,MT,ANM,WE,Federal Contract Tower,13,21,8,0,42,1,4,44,0,49,14,25,52,0,91,66,0,66,157
11/07/2003,BZN,MT,ANM,WE,Federal Contract Tower,11,18,7,0,36,3,7,56,0,66,14,25,63,0,102,92,0,92,194
11/08/2003,BZN,MT,ANM,WE,Federal Contract Tower,11,18,7,0,36,3,1,49,0,53,14,19,56,0,89,84,0,84,173
11/09/2003,BZN,MT,ANM,WE,Federal Contract Tower,11,16,7,0,34,3,0,43,0,46,14,16,50,0,80,22,0,22,102
11/10/2003,BZN,MT,ANM,WE,Federal Contract Tower,14,23,9,0,46,0,1,21,4,26,14,24,30,4,72,62,0,62,134
11/11/2003,BZN,MT,ANM,WE,Federal Contract Tower,12,23,9,0,44,0,5,14,0,19,12,28,23,0,63,12,0,12,75
11/12/2003,BZN,MT,ANM,WE,Federal Contract Tower,14,24,9,0,47,0,3,44,2,49,14,27,53,2,96,142,0,142,238
11/13/2003,BZN,MT,ANM,WE,Federal Contract Tower,10,17,7,0,34,2,4,68,0,74,12,21,75,0,108,212,0,212,320
11/14/2003,BZN,MT,ANM,WE,Federal Contract Tower,13,20,8,0,41,1,7,55,0,63,14,27,63,0,104,106,0,106,210
11/15/2003,BZN,MT,ANM,WE,Federal Contract Tower,12,18,7,0,37,2,6,59,0,67,14,24,66,0,104,112,0,112,216
11/16/2003,BZN,MT,ANM,WE,Federal Contract Tower,12,19,8,0,39,2,0,39,0,41,14,19,47,0,80,36,0,36,116
11/17/2003,BZN,MT,ANM,WE,Federal Contract Tower,13,21,8,0,42,1,5,2,8,16,14,26,10,8,58,54,0,54,112
11/18/2003,BZN,MT,ANM,WE,Federal Contract Tower,13,20,7,0,40,1,10,12,0,23,14,30,19,0,63,46,0,46,109
11/19/2003,BZN,MT,ANM,WE,Federal Contract Tower,13,20,7,0,40,0,10,4,0,14,13,30,11,0,54,38,0,38,92
11/20/2003,BZN,MT,ANM,WE,Federal Contract Tower,13,24,8,0,45,0,7,22,0,29,13,31,30,0,74,46,0,46,120
11/21/2003,BZN,MT,ANM,WE,Federal Contract Tower,14,32,11,0,57,0,0,7,0,7,14,32,18,0,64,0,0,0,64
11/22/2003,BZN,MT,ANM,WE,Federal Contract Tower,14,23,8,1,46,0,0,9,8,17,14,23,17,9,63,20,0,20,83
11/23/2003,BZN,MT,ANM,WE,Federal Contract Tower,12,19,7,0,38,2,0,30,0,32,14,19,37,0,70,18,0,18,88
11/24/2003,BZN,MT,ANM,WE,Federal Contract Tower,14,19,8,0,41,0,0,11,0,11,14,19,19,0,52,48,0,48,100
11/25/2003,BZN,MT,ANM,WE,Federal Contract Tower,14,25,8,0,47,0,7,19,5,31,14,32,27,5,78,100,0,100,178
11/26/2003,BZN,MT,ANM,WE,Federal Contract Tower,14,29,10,0,53,0,3,22,0,25,14,32,32,0,78,78,0,78,156
11/27/2003,BZN,MT,ANM,WE,Federal Contract Tower,9,13,4,0,26,4,0,40,0,44,13,13,44,0,70,86,0,86,156
11/28/2003,BZN,MT,ANM,WE,Federal Contract Tower,12,19,6,0,37,2,4,24,0,30,14,23,30,0,67,48,0,48,115
11/29/2003,BZN,MT,ANM,WE,Federal Contract Tower,12,26,8,0,46,0,0,10,1,11,12,26,18,1,57,30,0,30,87
11/30/2003,BZN,MT,ANM,WE,Federal Contract Tower,14,20,8,0,42,1,0,63,0,64,15,20,71,0,106,64,0,64,170
12/01/2003,BZN,MT,ANM,WE,Federal Contract Tower,14,25,10,0,49,0,2,33,0,35,14,27,43,0,84,48,0,48,132
12/02/2003,BZN,MT,ANM,WE,Federal Contract Tower,13,25,10,0,48,1,2,23,0,26,14,27,33,0,74,50,0,50,124
12/03/2003,BZN,MT,ANM,WE,Federal Contract Tower,13,24,10,0,47,0,0,9,0,9,13,24,19,0,56,116,0,116,172
12/04/2003,BZN,MT,ANM,WE,Federal Contract Tower,12,23,9,0,44,2,6,57,0,65,14,29,66,0,109,172,0,172,281
12/05/2003,BZN,MT,ANM,WE,Federal Contract Tower,11,23,9,0,43,0,7,12,0,19,11,30,21,0,62,50,0,50,112
12/06/2003,BZN,MT,ANM,WE,Federal Contract Tower,13,21,10,0,44,2,0,26,0,28,15,21,36,0,72,60,0,60,132
12/07/2003,BZN,MT,ANM,WE,Federal Contract Tower,12,23,9,0,44,0,3,1,0,4,12,26,10,0,48,0,0,0,48
12/08/2003,BZN,MT,ANM,WE,Federal Contract Tower,11,22,9,0,42,2,1,29,0,32,13,23,38,0,74,52,0,52,126
12/09/2003,BZN,MT,ANM,WE,Federal Contract Tower,12,23,9,0,44,1,7,43,0,51,13,30,52,0,95,80,0,80,175
12/10/2003,BZN,MT,ANM,WE,Federal Contract Tower,14,31,12,0,57,0,3,1,0,4,14,34,13,0,61,8,0,8,69
12/11/2003,BZN,MT,ANM,WE,Federal Contract Tower,14,26,9,0,49,0,7,7,0,14,14,33,16,0,63,24,0,24,87
12/12/2003,BZN,MT,ANM,WE,Federal Contract Tower,14,22,8,0,44,0,9,28,0,37,14,31,36,0,81,84,0,84,165
12/13/2003,BZN,MT,ANM,WE,Federal Contract Tower,14,26,9,1,50,0,0,15,0,15,14,26,24,1,65,14,0,14,79
12/14/2003,BZN,MT,ANM,WE,Federal Contract Tower,11,16,7,1,35,1,0,3,0,4,12,16,10,1,39,22,2,24,63
12/15/2003,BZN,MT,ANM,WE,Federal Contract Tower,14,22,8,0,44,0,2,29,0,31,14,24,37,0,75,64,0,64,139
12/16/2003,BZN,MT,ANM,WE,Federal Contract Tower,14,25,9,1,49,0,4,33,1,38,14,29,42,2,87,53,0,53,140
12/17/2003,BZN,MT,ANM,WE,Federal Contract Tower,17,29,10,1,57,0,0,19,1,20,17,29,29,2,77,178,0,178,255
12/18/2003,BZN,MT,ANM,WE,Federal Contract Tower,16,27,10,1,54,2,3,41,1,47,18,30,51,2,101,92,0,92,193
12/19/2003,BZN,MT,ANM,WE,Federal Contract Tower,18,30,11,0,59,0,2,59,0,61,18,32,70,0,120,70,0,70,190
12/20/2003,BZN,MT,ANM,WE,Federal Contract Tower,18,27,11,1,57,0,0,52,3,55,18,27,63,4,112,58,0,58,170
12/21/2003,BZN,MT,ANM,WE,Federal Contract Tower,16,27,10,0,53,1,3,71,0,75,17,30,81,0,128,28,0,28,156
12/22/2003,BZN,MT,ANM,WE,Federal Contract Tower,17,24,11,1,53,1,0,61,6,68,18,24,72,7,121,102,0,102,223
12/23/2003,BZN,MT,ANM,WE,Federal Contract Tower,17,29,11,0,57,1,2,58,0,61,18,31,69,0,118,56,0,56,174
12/24/2003,BZN,MT,ANM,WE,Federal Contract Tower,14,22,8,0,44,3,4,34,0,41,17,26,42,0,85,48,0,48,133
12/25/2003,BZN,MT,ANM,WE,Federal Contract Tower,12,18,8,0,38,3,0,3,0,6,15,18,11,0,44,0,0,0,44
12/26/2003,BZN,MT,ANM,WE,Federal Contract Tower,15,37,15,0,67,0,0,14,0,14,15,37,29,0,81,0,0,0,81
12/27/2003,BZN,MT,ANM,WE,Federal Contract Tower,19,37,13,0,69,0,0,0,0,0,19,37,13,0,69,0,0,0,69
12/28/2003,BZN,MT,ANM,WE,Federal Contract Tower,16,27,10,0,53,2,0,17,0,19,18,27,27,0,72,0,0,0,72
12/29/2003,BZN,MT,ANM,WE,Federal Contract Tower,14,22,9,0,45,2,0,1,1,4,16,22,10,1,49,6,0,6,55
12/30/2003,BZN,MT,ANM,WE,Federal Contract Tower,16,30,11,0,57,0,8,8,0,16,16,38,19,0,73,38,0,38,111
12/31/2003,BZN,MT,ANM,WE,Federal Contract Tower,16,28,10,0,54,0,1,15,0,16,16,29,25,0,70,26,0,26,96
01/01/2004,BZN,MT,ANM,WE,Federal Contract Tower,13,22,9,0,44,3,0,13,0,16,16,22,22,0,60,38,0,38,98
01/02/2004,BZN,MT,ANM,WE,Federal Contract Tower,18,41,13,0,72,0,2,10,0,12,18,43,23,0,84,0,0,0,84
01/03/2004,BZN,MT,ANM,WE,Federal Contract Tower,18,42,15,0,75,0,0,34,1,35,18,42,49,1,110,14,0,14,124
01/04/2004,BZN,MT,ANM,WE,Federal Contract Tower,16,32,11,0,59,2,0,7,1,10,18,32,18,1,69,0,0,0,69
01/05/2004,BZN,MT,ANM,WE,Federal Contract Tower,13,29,9,0,51,4,3,12,0,19,17,32,21,0,70,18,0,18,88
01/06/2004,BZN,MT,ANM,WE,Federal Contract Tower,11,23,8,0,42,3,0,7,0,10,14,23,15,0,52,8,0,8,60
01/07/2004,BZN,MT,ANM,WE,Federal Contract Tower,10,30,10,0,50,0,5,2,0,7,10,35,12,0,57,40,0,40,97
01/08/2004,BZN,MT,ANM,WE,Federal Contract Tower,12,27,9,0,48,0,2,21,0,23,12,29,30,0,71,130,0,130,201
01/09/2004,BZN,MT,ANM,WE,Federal Contract Tower,11,24,8,0,43,1,5,28,0,34,12,29,36,0,77,90,0,90,167
01/10/2004,BZN,MT,ANM,WE,Federal Contract Tower,13,27,9,0,49,1,2,57,20,80,14,29,66,20,129,132,0,132,261
01/11/2004,BZN,MT,ANM,WE,Federal Contract Tower,14,27,10,0,51,0,0,51,0,51,14,27,61,0,102,124,0,124,226
01/12/2004,BZN,MT,ANM,WE,Federal Contract Tower,12,24,8,0,44,2,0,38,3,43,14,24,46,3,87,56,0,56,143
01/13/2004,BZN,MT,ANM,WE,Federal Contract Tower,13,27,9,0,49,1,4,38,0,43,14,31,47,0,92,92,0,92,184
01/14/2004,BZN,MT,ANM,WE,Federal Contract Tower,16,32,11,0,59,0,1,40,0,41,16,33,51,0,100,86,0,86,186
01/15/2004,BZN,MT,ANM,WE,Federal Contract Tower,14,28,10,0,52,0,0,39,0,39,14,28,49,0,91,88,0,88,179
01/16/2004,BZN,MT,ANM,WE,Federal Contract Tower,14,32,11,0,57,0,11,27,0,38,14,43,38,0,95,110,0,110,205
01/17/2004,BZN,MT,ANM,WE,Federal Contract Tower,13,25,7,0,45,1,1,73,0,75,14,26,80,0,120,100,0,100,220
01/18/2004,BZN,MT,ANM,WE,Federal Contract Tower,13,25,8,0,46,4,0,49,0,53,17,25,57,0,99,78,0,78,177
01/19/2004,BZN,MT,ANM,WE,Federal Contract Tower,14,27,9,0,50,0,0,18,0,18,14,27,27,0,68,38,0,38,106
01/20/2004,BZN,MT,ANM,WE,Federal Contract Tower,15,30,9,0,54,1,6,27,0,34,16,36,36,0,88,84,0,84,172
01/21/2004,BZN,MT,ANM,WE,Federal Contract Tower,13,27,8,1,49,1,4,34,1,40,14,31,42,2,89,68,0,68,157
01/22/2004,BZN,MT,ANM,WE,Federal Contract Tower,14,33,10,0,57,0,7,27,0,34,14,40,37,0,91,110,0,110,201
01/23/2004,BZN,MT,ANM,WE,Federal Contract Tower,15,33,10,0,58,0,0,11,0,11,15,33,21,0,69,56,0,56,125
01/24/2004,BZN,MT,ANM,WE,Federal Contract Tower,11,20,2,0,33,1,0,0,0,1,12,20,2,0,34,0,0,0,34
01/25/2004,BZN,MT,ANM,WE,Federal Contract Tower,15,30,9,0,54,2,0,6,0,8,17,30,15,0,62,6,0,6,68
01/26/2004,BZN,MT,ANM,WE,Federal Contract Tower,11,23,6,0,40,3,1,2,0,6,14,24,8,0,46,42,0,42,88
01/27/2004,BZN,MT,ANM,WE,Federal Contract Tower,12,27,8,0,47,2,5,22,0,29,14,32,30,0,76,52,0,52,128
01/28/2004,BZN,MT,ANM,WE,Federal Contract Tower,14,28,8,0,50,1,4,9,0,14,15,32,17,0,64,38,0,38,102
01/29/2004,BZN,MT,ANM,WE,Federal Contract Tower,14,34,10,0,58,0,5,22,0,27,14,39,32,0,85,54,0,54,139
01/30/2004,BZN,MT,ANM,WE,Federal Contract Tower,14,39,12,0,65,0,0,8,2,10,14,39,20,2,75,20,0,20,95
01/31/2004,BZN,MT,ANM,WE,Federal Contract Tower,14,32,12,0,58,0,0,19,0,19,14,32,31,0,77,54,0,54,131
02/01/2004,BZN,MT,ANM,WE,Federal Contract Tower,14,31,13,0,58,3,6,15,0,24,17,37,28,0,82,58,0,58,140
02/02/2004,BZN,MT,ANM,WE,Federal Contract Tower,14,26,11,0,51,0,1,28,0,29,14,27,39,0,80,14,0,14,94
02/03/2004,BZN,MT,ANM,WE,Federal Contract Tower,13,25,11,0,49,1,8,29,0,38,14,33,40,0,87,63,0,63,150
02/04/2004,BZN,MT,ANM,WE,Federal Contract Tower,13,29,12,0,54,0,15,10,0,25,13,44,22,0,79,38,0,38,117
02/05/2004,BZN,MT,ANM,WE,Federal Contract Tower,17,38,16,0,71,0,2,6,0,8,17,40,22,0,79,18,0,18,97
02/06/2004,BZN,MT,ANM,WE,Federal Contract Tower,14,30,13,0,57,0,5,42,2,49,14,35,55,2,106,134,0,134,240
02/07/2004,BZN,MT,ANM,WE,Federal Contract Tower,14,32,14,0,60,0,0,6,4,10,14,32,20,4,70,10,0,10,80
02/08/2004,BZN,MT,ANM,WE,Federal Contract Tower,14,24,12,0,50,4,0,3,0,7,18,24,15,0,57,30,0,30,87
02/09/2004,BZN,MT,ANM,WE,Federal Contract Tower,12,23,10,0,45,3,0,34,0,37,15,23,44,0,82,46,0,46,128
02/10/2004,BZN,MT,ANM,WE,Federal Contract Tower,0,0,0,0,0,17,29,15,0,61,17,29,15,0,61,10,0,10,71
02/11/2004,BZN,MT,ANM,WE,Federal Contract Tower,16,28,13,0,57,0,0,39,0,39,16,28,52,0,96,66,0,66,162
02/12/2004,BZN,MT,ANM,WE,Federal Contract Tower,19,41,17,0,77,0,2,40,2,44,19,43,57,2,121,126,0,126,247
02/13/2004,BZN,MT,ANM,WE,Federal Contract Tower,18,45,19,0,82,0,5,62,0,67,18,50,81,0,149,118,0,118,267
02/14/2004,BZN,MT,ANM,WE,Federal Contract Tower,15,31,12,0,58,2,10,60,0,72,17,41,72,0,130,102,0,102,232
02/15/2004,BZN,MT,ANM,WE,Federal Contract Tower,15,25,11,0,51,5,0,58,0,63,20,25,69,0,114,6,0,6,120
02/16/2004,BZN,MT,ANM,WE,Federal Contract Tower,20,42,16,0,78,0,6,75,0,81,20,48,91,0,159,150,0,150,309
02/17/2004,BZN,MT,ANM,WE,Federal Contract Tower,16,37,14,0,67,0,0,28,0,28,16,37,42,0,95,33,0,33,128
02/18/2004,BZN,MT,ANM,WE,Federal Contract Tower,17,35,13,0,65,0,3,5,0,8,17,38,18,0,73,70,0,70,143
02/19/2004,BZN,MT,ANM,WE,Federal Contract Tower,19,35,14,0,68,0,0,24,0,24,19,35,38,0,92,84,0,84,176
02/20/2004,BZN,MT,ANM,WE,Federal Contract Tower,16,32,12,0,60,0,4,55,0,59,16,36,67,0,119,100,0,100,219
02/21/2004,BZN,MT,ANM,WE,Federal Contract Tower,17,33,12,0,62,0,0,96,0,96,17,33,108,0,158,62,0,62,220
02/22/2004,BZN,MT,ANM,WE,Federal Contract Tower,17,27,12,0,56,4,0,102,0,106,21,27,114,0,162,86,0,86,248
02/23/2004,BZN,MT,ANM,WE,Federal Contract Tower,14,27,10,0,51,4,0,59,0,63,18,27,69,0,114,64,0,64,178
02/24/2004,BZN,MT,ANM,WE,Federal Contract Tower,15,27,11,0,53,2,0,34,0,36,17,27,45,0,89,62,0,62,151
02/25/2004,BZN,MT,ANM,WE,Federal Contract Tower,18,40,15,0,73,0,0,41,0,41,18,40,56,0,114,65,0,65,179
02/26/2004,BZN,MT,ANM,WE,Federal Contract Tower,19,39,17,0,75,0,0,18,0,18,19,39,35,0,93,24,0,24,117
02/27/2004,BZN,MT,ANM,WE,Federal Contract Tower,15,29,11,0,55,3,2,43,1,49,18,31,54,1,104,96,0,96,200
02/28/2004,BZN,MT,ANM,WE,Federal Contract Tower,15,31,8,0,54,2,4,0,0,6,17,35,8,0,60,0,0,0,60
02/29/2004,BZN,MT,ANM,WE,Federal Contract Tower,18,26,13,0,57,3,0,21,0,24,21,26,34,0,81,6,0,6,87
03/01/2004,BZN,MT,ANM,WE,Federal Contract Tower,16,27,12,0,55,1,0,31,0,32,17,27,43,0,87,102,0,102,189
03/02/2004,BZN,MT,ANM,WE,Federal Contract Tower,16,35,13,0,64,0,0,37,2,39,16,35,50,2,103,112,0,112,215
03/03/2004,BZN,MT,ANM,WE,Federal Contract Tower,17,34,13,0,64,1,2,44,5,52,18,36,57,5,116,42,0,42,158
03/04/2004,BZN,MT,ANM,WE,Federal Contract Tower,19,37,14,0,70,0,0,25,0,25,19,37,39,0,95,54,0,54,149
03/05/2004,BZN,MT,ANM,WE,Federal Contract Tower,16,41,15,0,72,0,8,22,4,34,16,49,37,4,106,56,0,56,162
03/06/2004,BZN,MT,ANM,WE,Federal Contract Tower,15,32,12,0,59,2,2,1,0,5,17,34,13,0,64,40,0,40,104
03/07/2004,BZN,MT,ANM,WE,Federal Contract Tower,17,24,12,0,53,4,0,36,2,42,21,24,48,2,95,58,0,58,153
03/08/2004,BZN,MT,ANM,WE,Federal Contract Tower,17,28,12,0,57,0,0,57,0,57,17,28,69,0,114,95,0,95,209
03/09/2004,BZN,MT,ANM,WE,Federal Contract Tower,14,30,11,0,55,0,4,37,0,41,14,34,48,0,96,70,0,70,166
03/10/2004,BZN,MT,ANM,WE,Federal Contract Tower,17,31,13,0,61,0,0,46,6,52,17,31,59,6,113,77,0,77,190
03/11/2004,BZN,MT,ANM,WE,Federal Contract Tower,19,35,13,0,67,1,0,68,0,69,20,35,81,0,136,166,0,166,302
03/12/2004,BZN,MT,ANM,WE,Federal Contract Tower,19,38,14,0,71,0,2,34,0,36,19,40,48,0,107,110,0,110,217
03/13/2004,BZN,MT,ANM,WE,Federal Contract Tower,17,32,12,0,61,0,7,54,0,61,17,39,66,0,122,56,0,56,178
03/14/2004,BZN,MT,ANM,WE,Federal Contract Tower,18,31,13,0,62,3,0,34,0,37,21,31,47,0,99,80,0,80,179
03/15/2004,BZN,MT,ANM,WE,Federal Contract Tower,14,22,10,0,46,4,0,21,0,25,18,22,31,0,71,180,0,180,251
03/16/2004,BZN,MT,ANM,WE,Federal Contract Tower,17,28,11,0,56,1,0,19,0,20,18,28,30,0,76,34,0,34,110
03/17/2004,BZN,MT,ANM,WE,Federal Contract Tower,18,35,12,0,65,0,3,28,0,31,18,38,40,0,96,52,0,52,148
03/18/2004,BZN,MT,ANM,WE,Federal Contract Tower,18,39,14,0,71,0,8,10,0,18,18,47,24,0,89,10,0,10,99
03/19/2004,BZN,MT,ANM,WE,Federal Contract Tower,16,34,12,1,63,0,6,11,14,31,16,40,23,15,94,48,0,48,142
03/20/2004,BZN,MT,ANM,WE,Federal Contract Tower,17,37,13,1,68,0,1,78,3,82,17,38,91,4,150,110,0,110,260
03/21/2004,BZN,MT,ANM,WE,Federal Contract Tower,18,33,12,1,64,6,3,55,6,70,24,36,67,7,134,30,0,30,164
03/22/2004,BZN,MT,ANM,WE,Federal Contract Tower,17,32,11,0,60,0,7,39,0,46,17,39,50,0,106,76,0,76,182
03/23/2004,BZN,MT,ANM,WE,Federal Contract Tower,19,35,12,0,66,0,3,49,0,52,19,38,61,0,118,91,0,91,209
03/24/2004,BZN,MT,ANM,WE,Federal Contract Tower,17,37,12,0,66,0,4,57,0,61,17,41,69,0,127,38,0,38,165
03/25/2004,BZN,MT,ANM,WE,Federal Contract Tower,18,35,12,0,65,0,1,37,0,38,18,36,49,0,103,75,0,75,178
03/26/2004,BZN,MT,ANM,WE,Federal Contract Tower,18,37,13,0,68,0,5,7,6,18,18,42,20,6,86,50,0,50,136
03/27/2004,BZN,MT,ANM,WE,Federal Contract Tower,15,29,10,0,54,3,2,47,0,52,18,31,57,0,106,24,0,24,130
03/28/2004,BZN,MT,ANM,WE,Federal Contract Tower,18,30,12,0,60,3,0,48,0,51,21,30,60,0,111,61,0,61,172
03/29/2004,BZN,MT,ANM,WE,Federal Contract Tower,16,31,10,0,57,2,1,118,0,121,18,32,128,0,178,142,0,142,320
03/30/2004,BZN,MT,ANM,WE,Federal Contract Tower,14,25,8,0,47,1,17,79,0,97,15,42,87,0,144,75,0,75,219
03/31/2004,BZN,MT,ANM,WE,Federal Contract Tower,16,31,10,0,57,3,11,44,0,58,19,42,54,0,115,80,0,80,195
04/01/2004,BZN,MT,ANM,WE,Federal Contract Tower,17,32,11,0,60,0,0,21,0,21,17,32,32,0,81,76,0,76,157
04/02/2004,BZN,MT,ANM,WE,Federal Contract Tower,14,29,9,0,52,0,4,8,0,12,14,33,17,0,64,58,0,58,122
04/03/2004,BZN,MT,ANM,WE,Federal Contract Tower,13,28,9,0,50,0,5,67,0,72,13,33,76,0,122,198,0,198,320
04/04/2004,BZN,MT,ANM,WE,Federal Contract Tower,12,19,8,0,39,3,0,43,0,46,15,19,51,0,85,52,0,52,137
04/05/2004,BZN,MT,ANM,WE,Federal Contract Tower,14,26,9,0,49,0,0,50,2,52,14,26,59,2,101,160,0,160,261
04/06/2004,BZN,MT,ANM,WE,Federal Contract Tower,14,29,9,0,52,0,3,28,0,31,14,32,37,0,83,97,0,97,180
04/07/2004,BZN,MT,ANM,WE,Federal Contract Tower,14,28,9,0,51,0,0,64,0,64,14,28,73,0,115,82,0,82,197
04/08/2004,BZN,MT,ANM,WE,Federal Contract Tower,14,26,8,0,48,0,2,22,0,24,14,28,30,0,72,116,0,116,188
04/09/2004,BZN,MT,ANM,WE,Federal Contract Tower,13,23,8,0,44,0,4,9,0,13,13,27,17,0,57,100,0,100,157
04/10/2004,BZN,MT,ANM,WE,Federal Contract Tower,11,20,7,0,38,3,5,70,0,78,14,25,77,0,116,160,0,160,276
04/11/2004,BZN,MT,ANM,WE,Federal Contract Tower,10,16,6,0,32,4,0,53,0,57,14,16,59,0,89,64,0,64,153
04/12/2004,BZN,MT,ANM,WE,Federal Contract Tower,12,22,7,0,41,2,0,69,0,71,14,22,76,0,112,160,0,160,272
04/13/2004,BZN,MT,ANM,WE,Federal Contract Tower,12,23,8,0,43,0,8,51,0,59,12,31,59,0,102,152,0,152,254
04/14/2004,BZN,MT,ANM,WE,Federal Contract Tower,14,25,8,0,47,0,1,40,1,42,14,26,48,1,89,68,0,68,157
04/15/2004,BZN,MT,ANM,WE,Federal Contract Tower,14,25,7,0,46,0,3,12,0,15,14,28,19,0,61,28,0,28,89
04/16/2004,BZN,MT,ANM,WE,Federal Contract Tower,13,24,7,1,45,0,5,41,0,46,13,29,48,1,91,134,0,134,225
04/17/2004,BZN,MT,ANM,WE,Federal Contract Tower,12,21,6,0,39,0,1,9,0,10,12,22,15,0,49,78,0,78,127
04/18/2004,BZN,MT,ANM,WE,Federal Contract Tower,11,20,6,0,37,3,0,20,0,23,14,20,26,0,60,6,0,6,66
04/19/2004,BZN,MT,ANM,WE,Federal Contract Tower,14,20,7,0,41,0,0,39,0,39,14,20,46,0,80,66,0,66,146
04/20/2004,BZN,MT,ANM,WE,Federal Contract Tower,14,29,8,0,51,0,1,27,0,28,14,30,35,0,79,192,0,192,271
04/21/2004,BZN,MT,ANM,WE,Federal Contract Tower,15,29,8,0,52,0,0,37,0,37,15,29,45,0,89,146,0,146,235
04/22/2004,BZN,MT,ANM,WE,Federal Contract Tower,14,27,7,0,48,0,3,29,4,36,14,30,36,4,84,110,0,110,194
04/23/2004,BZN,MT,ANM,WE,Federal Contract Tower,14,30,9,0,53,0,7,54,2,63,14,37,63,2,116,148,0,148,264
04/24/2004,BZN,MT,ANM,WE,Federal Contract Tower,12,22,7,0,41,2,0,60,0,62,14,22,67,0,103,82,0,82,185
04/25/2004,BZN,MT,ANM,WE,Federal Contract Tower,13,19,6,0,38,2,0,78,0,80,15,19,84,0,118,50,0,50,168
04/26/2004,BZN,MT,ANM,WE,Federal Contract Tower,12,21,6,0,39,2,0,60,0,62,14,21,66,0,101,122,0,122,223
04/27/2004,BZN,MT,ANM,WE,Federal Contract Tower,14,29,8,0,51,0,1,52,0,53,14,30,60,0,104,100,0,100,204
04/28/2004,BZN,MT,ANM,WE,Federal Contract Tower,15,31,9,0,55,0,0,12,0,12,15,31,21,0,67,2,0,2,69
04/29/2004,BZN,MT,ANM,WE,Federal Contract Tower,12,29,8,0,49,0,3,28,4,35,12,32,36,4,84,142,0,142,226
04/30/2004,BZN,MT,ANM,WE,Federal Contract Tower,13,26,7,0,46,0,0,46,1,47,13,26,53,1,93,114,0,114,207
05/01/2004,BZN,MT,ANM,WE,Federal Contract Tower,11,23,7,0,41,3,3,105,1,112,14,26,112,1,153,186,0,186,339
05/02/2004,BZN,MT,ANM,WE,Federal Contract Tower,9,16,7,0,32,6,0,78,0,84,15,16,85,0,116,24,0,24,140
05/03/2004,BZN,MT,ANM,WE,Federal Contract Tower,11,18,7,0,36,3,0,40,0,43,14,18,47,0,79,95,0,95,174
05/04/2004,BZN,MT,ANM,WE,Federal Contract Tower,14,26,8,0,48,1,3,37,0,41,15,29,45,0,89,104,0,104,193
05/05/2004,BZN,MT,ANM,WE,Federal Contract Tower,15,28,9,0,52,0,4,54,0,58,15,32,63,0,110,184,0,184,294
05/06/2004,BZN,MT,ANM,WE,Federal Contract Tower,12,28,9,0,49,0,6,77,2,85,12,34,86,2,134,156,0,156,290
05/07/2004,BZN,MT,ANM,WE,Federal Contract Tower,13,29,9,0,51,0,0,59,0,59,13,29,68,0,110,98,0,98,208
05/08/2004,BZN,MT,ANM,WE,Federal Contract Tower,14,29,9,0,52,0,1,36,6,43,14,30,45,6,95,55,0,55,150
05/09/2004,BZN,MT,ANM,WE,Federal Contract Tower,14,22,9,0,45,1,0,77,0,78,15,22,86,0,123,66,0,66,189
05/10/2004,BZN,MT,ANM,WE,Federal Contract Tower,14,29,9,0,52,0,0,18,0,18,14,29,27,0,70,68,0,68,138
05/11/2004,BZN,MT,ANM,WE,Federal Contract Tower,14,29,9,0,52,0,5,4,2,11,14,34,13,2,63,68,0,68,131
05/12/2004,BZN,MT,ANM,WE,Federal Contract Tower,13,36,11,0,60,0,4,2,0,6,13,40,13,0,66,66,0,66,132
05/13/2004,BZN,MT,ANM,WE,Federal Contract Tower,13,27,9,0,49,0,3,33,2,38,13,30,42,2,87,148,0,148,235
05/14/2004,BZN,MT,ANM,WE,Federal Contract Tower,15,30,9,0,54,0,6,50,2,58,15,36,59,2,112,62,0,62,174
05/15/2004,BZN,MT,ANM,WE,Federal Contract Tower,13,24,8,0,45,1,4,87,4,96,14,28,95,4,141,48,0,48,189
05/16/2004,BZN,MT,ANM,WE,Federal Contract Tower,13,19,6,0,38,1,0,7,0,8,14,19,13,0,46,0,0,0,46
05/17/2004,BZN,MT,ANM,WE,Federal Contract Tower,14,27,7,0,48,2,3,34,0,39,16,30,41,0,87,54,0,54,141
05/18/2004,BZN,MT,ANM,WE,Federal Contract Tower,14,31,8,0,53,0,3,18,0,21,14,34,26,0,74,74,0,74,148
05/19/2004,BZN,MT,ANM,WE,Federal Contract Tower,13,29,8,1,51,0,3,37,1,41,13,32,45,2,92,109,0,109,201
05/20/2004,BZN,MT,ANM,WE,Federal Contract Tower,14,29,8,0,51,0,4,41,0,45,14,33,49,0,96,112,0,112,208
05/21/2004,BZN,MT,ANM,WE,Federal Contract Tower,14,26,8,0,48,0,0,48,0,48,14,26,56,0,96,78,0,78,174
05/22/2004,BZN,MT,ANM,WE,Federal Contract Tower,11,23,6,0,40,1,4,6,0,11,12,27,12,0,51,38,0,38,89
05/23/2004,BZN,MT,ANM,WE,Federal Contract Tower,14,24,7,0,45,1,0,9,0,10,15,24,16,0,55,4,0,4,59
05/24/2004,BZN,MT,ANM,WE,Federal Contract Tower,12,25,7,0,44,2,0,19,0,21,14,25,26,0,65,58,0,58,123
05/25/2004,BZN,MT,ANM,WE,Federal Contract Tower,15,30,8,0,53,0,2,62,2,66,15,32,70,2,119,151,0,151,270
05/26/2004,BZN,MT,ANM,WE,Federal Contract Tower,14,29,8,0,51,0,7,27,0,34,14,36,35,0,85,22,0,22,107
05/27/2004,BZN,MT,ANM,WE,Federal Contract Tower,14,30,8,0,52,0,3,45,2,50,14,33,53,2,102,149,0,149,251
05/28/2004,BZN,MT,ANM,WE,Federal Contract Tower,14,31,8,0,53,0,2,21,0,23,14,33,29,0,76,78,0,78,154
05/29/2004,BZN,MT,ANM,WE,Federal Contract Tower,12,23,6,0,41,2,0,4,0,6,14,23,10,0,47,42,0,42,89
05/30/2004,BZN,MT,ANM,WE,Federal Contract Tower,9,19,5,0,33,5,0,41,0,46,14,19,46,0,79,58,0,58,137
05/31/2004,BZN,MT,ANM,WE,Federal Contract Tower,13,21,7,0,41,2,0,59,2,63,15,21,66,2,104,76,0,76,180
06/01/2004,BZN,MT,ANM,WE,Federal Contract Tower,13,25,12,0,50,1,0,92,0,93,14,25,104,0,143,63,0,63,206
06/02/2004,BZN,MT,ANM,WE,Federal Contract Tower,14,30,13,0,57,0,0,82,0,82,14,30,95,0,139,81,0,81,220
06/03/2004,BZN,MT,ANM,WE,Federal Contract Tower,14,31,13,0,58,0,1,64,1,66,14,32,77,1,124,163,0,163,287
06/04/2004,BZN,MT,ANM,WE,Federal Contract Tower,14,28,12,0,54,1,0,74,1,76,15,28,86,1,130,167,0,167,297
06/05/2004,BZN,MT,ANM,WE,Federal Contract Tower,11,26,11,0,48,3,1,93,0,97,14,27,104,0,145,112,0,112,257
06/06/2004,BZN,MT,ANM,WE,Federal Contract Tower,10,22,10,0,42,4,0,15,0,19,14,22,25,0,61,50,0,50,111
06/07/2004,BZN,MT,ANM,WE,Federal Contract Tower,13,28,12,0,53,0,1,77,0,78,13,29,89,0,131,124,0,124,255
06/08/2004,BZN,MT,ANM,WE,Federal Contract Tower,12,27,11,0,50,2,4,12,0,18,14,31,23,0,68,38,0,38,106
06/09/2004,BZN,MT,ANM,WE,Federal Contract Tower,15,32,14,0,61,0,0,28,0,28,15,32,42,0,89,80,0,80,169
06/10/2004,BZN,MT,ANM,WE,Federal Contract Tower,12,35,15,0,62,0,3,5,0,8,12,38,20,0,70,0,0,0,70
06/11/2004,BZN,MT,ANM,WE,Federal Contract Tower,16,35,15,0,66,0,2,33,0,35,16,37,48,0,101,40,0,40,141
06/12/2004,BZN,MT,ANM,WE,Federal Contract Tower,13,27,12,0,52,4,1,132,0,137,17,28,144,0,189,120,0,120,309
06/13/2004,BZN,MT,ANM,WE,Federal Contract Tower,16,30,13,0,59,1,0,27,0,28,17,30,40,0,87,38,0,38,125
06/14/2004,BZN,MT,ANM,WE,Federal Contract Tower,13,26,12,0,51,4,5,40,1,50,17,31,52,1,101,46,0,46,147
06/15/2004,BZN,MT,ANM,WE,Federal Contract Tower,16,33,14,0,63,0,7,59,0,66,16,40,73,0,129,46,0,46,175
06/16/2004,BZN,MT,ANM,WE,Federal Contract Tower,13,27,12,0,52,2,10,84,2,98,15,37,96,2,150,125,0,125,275
06/17/2004,BZN,MT,ANM,WE,Federal Contract Tower,15,34,16,0,65,0,0,59,0,59,15,34,75,0,124,126,0,126,250
06/18/2004,BZN,MT,ANM,WE,Federal Contract Tower,16,34,17,0,67,0,0,42,3,45,16,34,59,3,112,111,0,111,223
06/19/2004,BZN,MT,ANM,WE,Federal Contract Tower,16,30,12,0,58,0,1,57,0,58,16,31,69,0,116,44,0,44,160
06/20/2004,BZN,MT,ANM,WE,Federal Contract Tower,13,24,10,0,47,4,0,104,0,108,17,24,114,0,155,44,0,44,199
06/21/2004,BZN,MT,ANM,WE,Federal Contract Tower,15,30,12,0,57,0,10,87,0,97,15,40,99,0,154,60,0,60,214
06/22/2004,BZN,MT,ANM,WE,Federal Contract Tower,15,33,13,0,61,0,6,76,0,82,15,39,89,0,143,216,0,216,359
06/23/2004,BZN,MT,ANM,WE,Federal Contract Tower,14,28,11,0,53,1,2,88,0,91,15,30,99,0,144,150,0,150,294
06/24/2004,BZN,MT,ANM,WE,Federal Contract Tower,16,33,13,0,62,0,2,88,0,90,16,35,101,0,152,82,0,82,234
06/25/2004,BZN,MT,ANM,WE,Federal Contract Tower,16,36,14,0,66,0,2,62,0,64,16,38,76,0,130,96,0,96,226
06/26/2004,BZN,MT,ANM,WE,Federal Contract Tower,15,32,13,0,60,2,0,129,0,131,17,32,142,0,191,40,0,40,231
06/27/2004,BZN,MT,ANM,WE,Federal Contract Tower,16,26,13,0,55,0,0,69,0,69,16,26,82,0,124,54,0,54,178
06/28/2004,BZN,MT,ANM,WE,Federal Contract Tower,16,34,13,0,63,0,0,67,0,67,16,34,80,0,130,34,0,34,164
06/29/2004,BZN,MT,ANM,WE,Federal Contract Tower,15,31,12,0,58,1,8,64,6,79,16,39,76,6,137,104,0,104,241
06/30/2004,BZN,MT,ANM,WE,Federal Contract Tower,16,40,16,0,72,0,17,97,2,116,16,57,113,2,188,89,2,91,279
07/01/2004,BZN,MT,ANM,WE,Federal Contract Tower,19,36,19,0,74,0,10,83,0,93,19,46,102,0,167,112,0,112,279
07/02/2004,BZN,MT,ANM,WE,Federal Contract Tower,16,34,18,0,68,0,7,91,1,99,16,41,109,1,167,146,0,146,313
07/03/2004,BZN,MT,ANM,WE,Federal Contract Tower,17,29,16,0,62,0,7,122,0,129,17,36,138,0,191,84,0,84,275
07/04/2004,BZN,MT,ANM,WE,Federal Contract Tower,14,20,12,0,46,3,6,33,0,42,17,26,45,0,88,2,0,2,90
07/05/2004,BZN,MT,ANM,WE,Federal Contract Tower,17,36,20,0,73,0,1,62,0,63,17,37,82,0,136,22,0,22,158
07/06/2004,BZN,MT,ANM,WE,Federal Contract Tower,16,31,17,0,64,0,8,86,0,94,16,39,103,0,158,192,0,192,350
07/07/2004,BZN,MT,ANM,WE,Federal Contract Tower,18,28,16,0,62,0,12,80,0,92,18,40,96,0,154,64,0,64,218
07/08/2004,BZN,MT,ANM,WE,Federal Contract Tower,18,32,18,0,68,0,6,88,0,94,18,38,106,0,162,114,0,114,276
07/09/2004,BZN,MT,ANM,WE,Federal Contract Tower,20,34,19,0,73,0,10,83,5,98,20,44,102,5,171,112,0,112,283
07/10/2004,BZN,MT,ANM,WE,Federal Contract Tower,18,27,15,0,60,0,4,69,0,73,18,31,84,0,133,26,0,26,159
07/11/2004,BZN,MT,ANM,WE,Federal Contract Tower,17,17,14,0,48,4,0,86,0,90,21,17,100,0,138,104,0,104,242
07/12/2004,BZN,MT,ANM,WE,Federal Contract Tower,18,26,14,0,58,2,2,86,0,90,20,28,100,0,148,98,0,98,246
07/13/2004,BZN,MT,ANM,WE,Federal Contract Tower,20,30,17,0,67,1,2,50,0,53,21,32,67,0,120,100,0,100,220
07/14/2004,BZN,MT,ANM,WE,Federal Contract Tower,18,30,17,0,65,0,10,58,0,68,18,40,75,0,133,89,0,89,222
07/15/2004,BZN,MT,ANM,WE,Federal Contract Tower,21,36,19,0,76,0,15,98,0,113,21,51,117,0,189,122,0,122,311
07/16/2004,BZN,MT,ANM,WE,Federal Contract Tower,20,28,15,0,63,0,12,100,0,112,20,40,115,0,175,76,0,76,251
07/17/2004,BZN,MT,ANM,WE,Federal Contract Tower,20,29,15,0,64,2,1,85,0,88,22,30,100,0,152,64,0,64,216
07/18/2004,BZN,MT,ANM,WE,Federal Contract Tower,21,32,16,0,69,3,6,76,1,86,24,38,92,1,155,72,0,72,227
07/19/2004,BZN,MT,ANM,WE,Federal Contract Tower,21,22,16,0,59,0,0,80,1,81,21,22,96,1,140,92,0,92,232
07/20/2004,BZN,MT,ANM,WE,Federal Contract Tower,18,26,13,0,57,4,3,86,0,93,22,29,99,0,150,96,0,96,246
07/21/2004,BZN,MT,ANM,WE,Federal Contract Tower,19,29,15,0,63,4,4,89,0,97,23,33,104,0,160,126,0,126,286
07/22/2004,BZN,MT,ANM,WE,Federal Contract Tower,18,27,14,0,59,2,3,90,0,95,20,30,104,0,154,86,0,86,240
07/23/2004,BZN,MT,ANM,WE,Federal Contract Tower,17,26,13,0,56,5,0,93,0,98,22,26,106,0,154,70,0,70,224
07/24/2004,BZN,MT,ANM,WE,Federal Contract Tower,18,28,14,0,60,4,6,118,2,130,22,34,132,2,190,132,0,132,322
07/25/2004,BZN,MT,ANM,WE,Federal Contract Tower,19,21,14,0,54,3,0,111,2,116,22,21,125,2,170,70,0,70,240
07/26/2004,BZN,MT,ANM,WE,Federal Contract Tower,17,23,12,0,52,6,0,80,0,86,23,23,92,0,138,122,0,122,260
07/27/2004,BZN,MT,ANM,WE,Federal Contract Tower,15,24,12,0,51,6,2,86,0,94,21,26,98,0,145,96,0,96,241
07/28/2004,BZN,MT,ANM,WE,Federal Contract Tower,19,29,15,0,63,1,0,96,0,97,20,29,111,0,160,119,0,119,279
07/29/2004,BZN,MT,ANM,WE,Federal Contract Tower,22,31,16,0,69,0,0,120,2,122,22,31,136,2,191,115,0,115,306
07/30/2004,BZN,MT,ANM,WE,Federal Contract Tower,21,34,17,0,72,0,2,136,0,138,21,36,153,0,210,60,0,60,270
07/31/2004,BZN,MT,ANM,WE,Federal Contract Tower,20,28,15,0,63,2,0,121,0,123,22,28,136,0,186,52,0,52,238
08/01/2004,BZN,MT,ANM,WE,Federal Contract Tower,22,29,16,0,67,0,2,138,0,140,22,31,154,0,207,64,0,64,271
08/02/2004,BZN,MT,ANM,WE,Federal Contract Tower,21,17,16,0,54,0,4,73,0,77,21,21,89,0,131,118,0,118,249
08/03/2004,BZN,MT,ANM,WE,Federal Contract Tower,20,22,10,0,52,0,8,76,0,84,20,30,86,0,136,105,0,105,241
08/04/2004,BZN,MT,ANM,WE,Federal Contract Tower,20,33,17,0,70,0,5,77,0,82,20,38,94,0,152,116,0,116,268
08/05/2004,BZN,MT,ANM,WE,Federal Contract Tower,21,20,27,0,68,1,4,60,0,65,22,24,87,0,133,54,0,54,187
08/06/2004,BZN,MT,ANM,WE,Federal Contract Tower,21,25,20,0,66,1,5,133,0,139,22,30,153,0,205,104,0,104,309
08/07/2004,BZN,MT,ANM,WE,Federal Contract Tower,22,35,18,0,75,0,0,191,0,191,22,35,209,0,266,56,0,56,322
08/08/2004,BZN,MT,ANM,WE,Federal Contract Tower,22,20,13,0,55,0,1,114,0,115,22,21,127,0,170,32,0,32,202
08/09/2004,BZN,MT,ANM,WE,Federal Contract Tower,22,25,12,0,59,0,3,90,0,93,22,28,102,0,152,146,0,146,298
08/10/2004,BZN,MT,ANM,WE,Federal Contract Tower,22,25,21,0,68,0,1,118,0,119,22,26,139,0,187,146,0,146,333
08/11/2004,BZN,MT,ANM,WE,Federal Contract Tower,21,31,7,0,59,1,1,104,0,106,22,32,111,0,165,60,0,60,225
08/12/2004,BZN,MT,ANM,WE,Federal Contract Tower,23,27,13,0,63,0,2,90,0,92,23,29,103,0,155,86,0,86,241
08/13/2004,BZN,MT,ANM,WE,Federal Contract Tower,21,25,17,0,63,1,1,89,0,91,22,26,106,0,154,50,0,50,204
08/14/2004,BZN,MT,ANM,WE,Federal Contract Tower,25,23,9,0,57,0,10,96,0,106,25,33,105,0,163,36,0,36,199
08/15/2004,BZN,MT,ANM,WE,Federal Contract Tower,22,27,26,0,75,0,0,88,0,88,22,27,114,0,163,12,0,12,175
08/16/2004,BZN,MT,ANM,WE,Federal Contract Tower,21,23,17,0,61,0,1,47,0,48,21,24,64,0,109,82,0,82,191
08/17/2004,BZN,MT,ANM,WE,Federal Contract Tower,22,26,10,2,60,0,3,60,0,63,22,29,70,2,123,170,0,170,293
08/18/2004,BZN,MT,ANM,WE,Federal Contract Tower,21,37,26,0,84,0,0,4,0,4,21,37,30,0,88,52,0,52,140
08/19/2004,BZN,MT,ANM,WE,Federal Contract Tower,24,29,16,0,69,0,7,76,0,83,24,36,92,0,152,72,0,72,224
08/20/2004,BZN,MT,ANM,WE,Federal Contract Tower,22,27,15,0,64,0,0,87,0,87,22,27,102,0,151,81,0,81,232
08/21/2004,BZN,MT,ANM,WE,Federal Contract Tower,22,28,11,0,61,0,0,79,0,79,22,28,90,0,140,112,0,112,252
08/22/2004,BZN,MT,ANM,WE,Federal Contract Tower,23,23,20,0,66,0,0,62,0,62,23,23,82,0,128,24,0,24,152
08/23/2004,BZN,MT,ANM,WE,Federal Contract Tower,22,24,19,0,65,0,0,13,0,13,22,24,32,0,78,26,0,26,104
08/24/2004,BZN,MT,ANM,WE,Federal Contract Tower,20,27,15,0,62,0,2,62,0,64,20,29,77,0,126,66,0,66,192
08/25/2004,BZN,MT,ANM,WE,Federal Contract Tower,21,23,19,0,63,1,2,31,0,34,22,25,50,0,97,56,0,56,153
08/26/2004,BZN,MT,ANM,WE,Federal Contract Tower,22,19,11,0,52,0,0,32,0,32,22,19,43,0,84,104,0,104,188
08/27/2004,BZN,MT,ANM,WE,Federal Contract Tower,20,28,23,0,71,0,1,62,0,63,20,29,85,0,134,80,0,80,214
08/28/2004,BZN,MT,ANM,WE,Federal Contract Tower,22,25,10,0,57,1,0,86,0,87,23,25,96,0,144,74,0,74,218
08/29/2004,BZN,MT,ANM,WE,Federal Contract Tower,24,15,19,0,58,0,3,130,0,133,24,18,149,0,191,54,0,54,245
08/30/2004,BZN,MT,ANM,WE,Federal Contract Tower,22,14,12,0,48,0,0,79,0,79,22,14,91,0,127,80,0,80,207
08/31/2004,BZN,MT,ANM,WE,Federal Contract Tower,21,23,11,3,58,0,2,100,0,102,21,25,111,3,160,186,0,186,346
09/01/2004,BZN,MT,ANM,WE,Federal Contract Tower,21,20,11,0,52,0,3,76,0,79,21,23,87,0,131,88,0,88,219
09/02/2004,BZN,MT,ANM,WE,Federal Contract Tower,20,26,16,0,62,0,0,42,0,42,20,26,58,0,104,30,0,30,134
09/03/2004,BZN,MT,ANM,WE,Federal Contract Tower,17,29,10,0,56,0,3,66,0,69,17,32,76,0,125,94,0,94,219
09/04/2004,BZN,MT,ANM,WE,Federal Contract Tower,20,22,5,0,47,0,0,96,0,96,20,22,101,0,143,62,0,62,205
09/05/2004,BZN,MT,ANM,WE,Federal Contract Tower,20,15,8,0,43,0,10,56,0,66,20,25,64,0,109,44,0,44,153
09/06/2004,BZN,MT,ANM,WE,Federal Contract Tower,18,32,10,0,60,0,0,146,5,151,18,32,156,5,211,50,0,50,261
09/07/2004,BZN,MT,ANM,WE,Federal Contract Tower,20,21,11,0,52,0,3,67,5,75,20,24,78,5,127,148,0,148,275
09/08/2004,BZN,MT,ANM,WE,Federal Contract Tower,16,25,11,0,52,0,3,96,0,99,16,28,107,0,151,74,0,74,225
09/09/2004,BZN,MT,ANM,WE,Federal Contract Tower,15,24,12,0,51,1,6,79,0,86,16,30,91,0,137,126,0,126,263
09/10/2004,BZN,MT,ANM,WE,Federal Contract Tower,16,29,5,0,50,0,0,79,0,79,16,29,84,0,129,122,0,122,251
09/11/2004,BZN,MT,ANM,WE,Federal Contract Tower,16,28,7,1,52,0,0,136,11,147,16,28,143,12,199,102,0,102,301
09/12/2004,BZN,MT,ANM,WE,Federal Contract Tower,15,25,12,2,54,1,0,50,0,51,16,25,62,2,105,30,0,30,135
09/13/2004,BZN,MT,ANM,WE,Federal Contract Tower,17,24,13,1,55,0,0,28,0,28,17,24,41,1,83,42,0,42,125
09/14/2004,BZN,MT,ANM,WE,Federal Contract Tower,16,32,15,0,63,0,2,25,0,27,16,34,40,0,90,12,0,12,102
09/15/2004,BZN,MT,ANM,WE,Federal Contract Tower,16,25,14,2,57,1,5,80,0,86,17,30,94,2,143,44,0,44,187
09/16/2004,BZN,MT,ANM,WE,Federal Contract Tower,14,28,8,0,50,0,1,64,0,65,14,29,72,0,115,104,0,104,219
09/17/2004,BZN,MT,ANM,WE,Federal Contract Tower,16,33,13,0,62,0,1,75,0,76,16,34,88,0,138,34,0,34,172
09/18/2004,BZN,MT,ANM,WE,Federal Contract Tower,15,24,11,0,50,2,3,54,0,59,17,27,65,0,109,38,0,38,147
09/19/2004,BZN,MT,ANM,WE,Federal Contract Tower,17,25,21,0,63,0,0,11,0,11,17,25,32,0,74,12,0,12,86
09/20/2004,BZN,MT,ANM,WE,Federal Contract Tower,16,21,9,0,46,0,1,5,0,6,16,22,14,0,52,4,0,4,56
09/21/2004,BZN,MT,ANM,WE,Federal Contract Tower,14,29,16,0,59,1,3,68,0,72,15,32,84,0,131,30,0,30,161
09/22/2004,BZN,MT,ANM,WE,Federal Contract Tower,15,29,20,0,64,1,5,48,0,54,16,34,68,0,118,37,0,37,155
09/23/2004,BZN,MT,ANM,WE,Federal Contract Tower,16,29,12,0,57,0,2,36,0,38,16,31,48,0,95,50,0,50,145
09/24/2004,BZN,MT,ANM,WE,Federal Contract Tower,17,25,9,0,51,0,4,103,0,107,17,29,112,0,158,179,0,179,337
09/25/2004,BZN,MT,ANM,WE,Federal Contract Tower,17,28,4,0,49,0,0,155,0,155,17,28,159,0,204,42,0,42,246
09/26/2004,BZN,MT,ANM,WE,Federal Contract Tower,16,21,12,2,51,0,0,137,0,137,16,21,149,2,188,58,0,58,246
09/27/2004,BZN,MT,ANM,WE,Federal Contract Tower,15,25,11,0,51,0,1,57,0,58,15,26,68,0,109,32,0,32,141
09/28/2004,BZN,MT,ANM,WE,Federal Contract Tower,15,26,11,1,53,1,1,61,1,64,16,27,72,2,117,84,0,84,201
09/29/2004,BZN,MT,ANM,WE,Federal Contract Tower,16,31,6,0,53,0,6,94,0,100,16,37,100,0,153,112,0,112,265
09/30/2004,BZN,MT,ANM,WE,Federal Contract Tower,16,24,6,3,49,0,3,70,7,80,16,27,76,10,129,58,2,60,189
10/01/2004,BZN,MT,ANM,WE,Federal Contract Tower,16,29,9,1,55,0,5,74,0,79,16,34,83,1,134,62,0,62,196
10/02/2004,BZN,MT,ANM,WE,Federal Contract Tower,16,21,11,0,48,0,6,130,0,136,16,27,141,0,184,87,0,87,271
10/03/2004,BZN,MT,ANM,WE,Federal Contract Tower,16,18,8,2,44,0,0,88,0,88,16,18,96,2,132,68,0,68,200
10/04/2004,BZN,MT,ANM,WE,Federal Contract Tower,14,20,6,0,40,0,4,62,0,66,14,24,68,0,106,34,0,34,140
10/05/2004,BZN,MT,ANM,WE,Federal Contract Tower,14,26,12,0,52,0,3,47,0,50,14,29,59,0,102,48,0,48,150
10/06/2004,BZN,MT,ANM,WE,Federal Contract Tower,14,24,18,0,56,0,7,83,0,90,14,31,101,0,146,54,0,54,200
10/07/2004,BZN,MT,ANM,WE,Federal Contract Tower,14,25,13,0,52,0,0,63,0,63,14,25,76,0,115,34,0,34,149
10/08/2004,BZN,MT,ANM,WE,Federal Contract Tower,14,32,14,0,60,0,3,100,0,103,14,35,114,0,163,78,0,78,241
10/09/2004,BZN,MT,ANM,WE,Federal Contract Tower,14,19,10,0,43,0,0,42,0,42,14,19,52,0,85,21,0,21,106
10/10/2004,BZN,MT,ANM,WE,Federal Contract Tower,14,22,11,0,47,0,5,46,0,51,14,27,57,0,98,16,0,16,114
10/11/2004,BZN,MT,ANM,WE,Federal Contract Tower,14,33,7,0,54,0,2,42,0,44,14,35,49,0,98,80,0,80,178
10/12/2004,BZN,MT,ANM,WE,Federal Contract Tower,14,26,12,0,52,0,0,45,0,45,14,26,57,0,97,72,0,72,169
10/13/2004,BZN,MT,ANM,WE,Federal Contract Tower,15,30,10,0,55,0,4,67,0,71,15,34,77,0,126,80,0,80,206
10/14/2004,BZN,MT,ANM,WE,Federal Contract Tower,15,29,14,0,58,0,2,50,0,52,15,31,64,0,110,58,0,58,168
10/15/2004,BZN,MT,ANM,WE,Federal Contract Tower,17,25,19,0,61,0,6,37,0,43,17,31,56,0,104,68,0,68,172
10/16/2004,BZN,MT,ANM,WE,Federal Contract Tower,17,28,2,0,47,0,0,71,0,71,17,28,73,0,118,52,0,52,170
10/17/2004,BZN,MT,ANM,WE,Federal Contract Tower,16,26,12,0,54,0,0,6,0,6,16,26,18,0,60,0,0,0,60
10/18/2004,BZN,MT,ANM,WE,Federal Contract Tower,15,21,9,0,45,0,0,3,0,3,15,21,12,0,48,0,0,0,48
10/19/2004,BZN,MT,ANM,WE,Federal Contract Tower,14,24,8,0,46,0,2,42,0,44,14,26,50,0,90,50,0,50,140
10/20/2004,BZN,MT,ANM,WE,Federal Contract Tower,16,25,7,0,48,0,1,28,0,29,16,26,35,0,77,78,0,78,155
10/21/2004,BZN,MT,ANM,WE,Federal Contract Tower,15,26,15,0,56,0,1,38,0,39,15,27,53,0,95,100,0,100,195
10/22/2004,BZN,MT,ANM,WE,Federal Contract Tower,18,27,11,0,56,0,1,39,2,42,18,28,50,2,98,16,0,16,114
10/23/2004,BZN,MT,ANM,WE,Federal Contract Tower,15,28,11,0,54,0,0,6,0,6,15,28,17,0,60,34,0,34,94
10/24/2004,BZN,MT,ANM,WE,Federal Contract Tower,16,23,9,0,48,0,0,34,0,34,16,23,43,0,82,16,0,16,98
10/25/2004,BZN,MT,ANM,WE,Federal Contract Tower,16,23,16,0,55,0,0,54,0,54,16,23,70,0,109,92,0,92,201
10/26/2004,BZN,MT,ANM,WE,Federal Contract Tower,16,25,8,0,49,0,7,36,5,48,16,32,44,5,97,112,0,112,209
10/27/2004,BZN,MT,ANM,WE,Federal Contract Tower,16,27,13,0,56,0,2,40,0,42,16,29,53,0,98,122,0,122,220
10/28/2004,BZN,MT,ANM,WE,Federal Contract Tower,14,27,12,0,53,0,6,42,0,48,14,33,54,0,101,108,0,108,209
10/29/2004,BZN,MT,ANM,WE,Federal Contract Tower,16,26,17,0,59,0,0,36,4,40,16,26,53,4,99,68,0,68,167
10/30/2004,BZN,MT,ANM,WE,Federal Contract Tower,14,23,11,0,48,0,1,35,0,36,14,24,46,0,84,56,0,56,140
10/31/2004,BZN,MT,ANM,WE,Federal Contract Tower,14,18,8,0,40,0,0,15,0,15,14,18,23,0,55,10,0,10,65
11/01/2004,BZN,MT,ANM,WE,Federal Contract Tower,14,23,4,0,41,0,0,35,0,35,14,23,39,0,76,42,0,42,118
11/02/2004,BZN,MT,ANM,WE,Federal Contract Tower,13,26,11,0,50,0,0,43,0,43,13,26,54,0,93,80,0,80,173
11/03/2004,BZN,MT,ANM,WE,Federal Contract Tower,12,32,14,0,58,0,2,4,0,6,12,34,18,0,64,16,0,16,80
11/04/2004,BZN,MT,ANM,WE,Federal Contract Tower,12,28,8,0,48,0,8,40,0,48,12,36,48,0,96,120,0,120,216
11/05/2004,BZN,MT,ANM,WE,Federal Contract Tower,14,27,9,0,50,0,8,62,0,70,14,35,71,0,120,104,0,104,224
11/06/2004,BZN,MT,ANM,WE,Federal Contract Tower,13,24,6,0,43,0,0,71,0,71,13,24,77,0,114,88,0,88,202
11/07/2004,BZN,MT,ANM,WE,Federal Contract Tower,13,25,6,0,44,0,0,113,0,113,13,25,119,0,157,68,0,68,225
11/08/2004,BZN,MT,ANM,WE,Federal Contract Tower,14,25,4,0,43,0,0,86,0,86,14,25,90,0,129,46,0,46,175
11/09/2004,BZN,MT,ANM,WE,Federal Contract Tower,15,24,10,0,49,0,0,72,2,74,15,24,82,2,123,54,0,54,177
11/10/2004,BZN,MT,ANM,WE,Federal Contract Tower,16,26,13,0,55,0,1,23,0,24,16,27,36,0,79,26,0,26,105
11/11/2004,BZN,MT,ANM,WE,Federal Contract Tower,13,29,12,0,54,0,0,90,0,90,13,29,102,0,144,101,0,101,245
11/12/2004,BZN,MT,ANM,WE,Federal Contract Tower,15,26,13,1,55,0,1,85,1,87,15,27,98,2,142,106,0,106,248
11/13/2004,BZN,MT,ANM,WE,Federal Contract Tower,15,27,6,0,48,6,0,141,0,147,21,27,147,0,195,74,0,74,269
11/14/2004,BZN,MT,ANM,WE,Federal Contract Tower,15,24,13,0,52,0,0,95,0,95,15,24,108,0,147,59,0,59,206
11/15/2004,BZN,MT,ANM,WE,Federal Contract Tower,13,22,11,0,46,0,0,45,0,45,13,22,56,0,91,58,0,58,149
11/16/2004,BZN,MT,ANM,WE,Federal Contract Tower,15,22,15,0,52,0,3,35,2,40,15,25,50,2,92,40,0,40,132
11/17/2004,BZN,MT,ANM,WE,Federal Contract Tower,16,24,19,0,59,0,4,40,0,44,16,28,59,0,103,59,0,59,162
11/18/2004,BZN,MT,ANM,WE,Federal Contract Tower,15,34,13,0,62,0,2,63,0,65,15,36,76,0,127,90,0,90,217
11/19/2004,BZN,MT,ANM,WE,Federal Contract Tower,14,39,10,0,63,0,2,12,2,16,14,41,22,2,79,54,0,54,133
11/20/2004,BZN,MT,ANM,WE,Federal Contract Tower,16,30,7,0,53,0,0,39,0,39,16,30,46,0,92,50,0,50,142
11/21/2004,BZN,MT,ANM,WE,Federal Contract Tower,15,19,8,0,42,2,0,108,0,110,17,19,116,0,152,66,0,66,218
11/22/2004,BZN,MT,ANM,WE,Federal Contract Tower,14,28,6,0,48,0,0,28,0,28,14,28,34,0,76,82,0,82,158
11/23/2004,BZN,MT,ANM,WE,Federal Contract Tower,16,29,21,0,66,0,0,40,0,40,16,29,61,0,106,34,0,34,140
11/24/2004,BZN,MT,ANM,WE,Federal Contract Tower,18,37,20,0,75,0,0,5,0,5,18,37,25,0,80,6,0,6,86
11/25/2004,BZN,MT,ANM,WE,Federal Contract Tower,11,18,5,0,34,0,1,9,0,10,11,19,14,0,44,6,0,6,50
11/26/2004,BZN,MT,ANM,WE,Federal Contract Tower,12,31,9,0,52,0,1,12,0,13,12,32,21,0,65,76,0,76,141
11/27/2004,BZN,MT,ANM,WE,Federal Contract Tower,14,29,10,0,53,0,5,45,0,50,14,34,55,0,103,21,0,21,124
11/28/2004,BZN,MT,ANM,WE,Federal Contract Tower,16,25,19,0,60,0,2,31,0,33,16,27,50,0,93,14,0,14,107
11/29/2004,BZN,MT,ANM,WE,Federal Contract Tower,15,26,4,0,45,0,3,34,0,37,15,29,38,0,82,50,0,50,132
11/30/2004,BZN,MT,ANM,WE,Federal Contract Tower,15,26,11,0,52,0,0,20,0,20,15,26,31,0,72,36,0,36,108
12/01/2004,BZN,MT,ANM,WE,Federal Contract Tower,15,26,36,0,77,0,0,0,0,0,15,26,36,0,77,32,0,32,109
12/02/2004,BZN,MT,ANM,WE,Federal Contract Tower,19,29,16,0,64,0,3,35,0,38,19,32,51,0,102,54,0,54,156
12/03/2004,BZN,MT,ANM,WE,Federal Contract Tower,16,27,7,0,50,0,9,29,0,38,16,36,36,0,88,98,0,98,186
12/04/2004,BZN,MT,ANM,WE,Federal Contract Tower,15,21,5,0,41,0,6,60,0,66,15,27,65,0,107,92,0,92,199
12/05/2004,BZN,MT,ANM,WE,Federal Contract Tower,15,16,2,0,33,0,0,45,0,45,15,16,47,0,78,52,0,52,130
12/06/2004,BZN,MT,ANM,WE,Federal Contract Tower,18,17,7,0,42,0,6,14,0,20,18,23,21,0,62,90,0,90,152
12/07/2004,BZN,MT,ANM,WE,Federal Contract Tower,18,23,4,0,45,0,0,6,0,6,18,23,10,0,51,44,0,44,95
12/08/2004,BZN,MT,ANM,WE,Federal Contract Tower,18,28,4,0,50,0,0,8,0,8,18,28,12,0,58,4,0,4,62
12/09/2004,BZN,MT,ANM,WE,Federal Contract Tower,18,24,11,0,53,0,5,25,0,30,18,29,36,0,83,55,0,55,138
12/10/2004,BZN,MT,ANM,WE,Federal Contract Tower,16,23,11,0,50,0,6,30,0,36,16,29,41,0,86,126,0,126,212
12/11/2004,BZN,MT,ANM,WE,Federal Contract Tower,15,23,9,1,48,0,0,11,7,18,15,23,20,8,66,30,0,30,96
12/12/2004,BZN,MT,ANM,WE,Federal Contract Tower,15,19,8,0,42,0,0,33,0,33,15,19,41,0,75,12,0,12,87
12/13/2004,BZN,MT,ANM,WE,Federal Contract Tower,15,23,6,0,44,0,3,48,0,51,15,26,54,0,95,85,0,85,180
12/14/2004,BZN,MT,ANM,WE,Federal Contract Tower,16,31,14,0,61,0,0,41,0,41,16,31,55,0,102,48,0,48,150
12/15/2004,BZN,MT,ANM,WE,Federal Contract Tower,18,32,13,0,63,0,0,7,0,7,18,32,20,0,70,36,0,36,106
12/16/2004,BZN,MT,ANM,WE,Federal Contract Tower,22,28,14,0,64,0,3,52,0,55,22,31,66,0,119,92,0,92,211
12/17/2004,BZN,MT,ANM,WE,Federal Contract Tower,22,33,15,0,70,0,5,43,0,48,22,38,58,0,118,60,0,60,178
12/18/2004,BZN,MT,ANM,WE,Federal Contract Tower,21,26,8,0,55,0,0,43,0,43,21,26,51,0,98,54,0,54,152
12/19/2004,BZN,MT,ANM,WE,Federal Contract Tower,21,29,14,1,65,0,0,43,0,43,21,29,57,1,108,86,0,86,194
12/20/2004,BZN,MT,ANM,WE,Federal Contract Tower,17,35,9,0,61,0,1,6,0,7,17,36,15,0,68,0,0,0,68
12/21/2004,BZN,MT,ANM,WE,Federal Contract Tower,21,37,15,0,73,0,0,9,0,9,21,37,24,0,82,0,0,0,82
12/22/2004,BZN,MT,ANM,WE,Federal Contract Tower,22,36,11,0,69,0,0,0,0,0,22,36,11,0,69,2,0,2,71
12/23/2004,BZN,MT,ANM,WE,Federal Contract Tower,21,28,12,0,61,0,0,20,0,20,21,28,32,0,81,72,0,72,153
12/24/2004,BZN,MT,ANM,WE,Federal Contract Tower,20,28,3,0,51,0,0,24,0,24,20,28,27,0,75,24,0,24,99
12/25/2004,BZN,MT,ANM,WE,Federal Contract Tower,19,23,4,0,46,0,0,0,0,0,19,23,4,0,46,0,0,0,46
12/26/2004,BZN,MT,ANM,WE,Federal Contract Tower,21,26,20,0,67,0,0,33,0,33,21,26,53,0,100,20,0,20,120
12/27/2004,BZN,MT,ANM,WE,Federal Contract Tower,22,45,23,0,90,0,0,64,0,64,22,45,87,0,154,52,0,52,206
12/28/2004,BZN,MT,ANM,WE,Federal Contract Tower,21,32,12,0,65,0,4,63,0,67,21,36,75,0,132,20,0,20,152
12/29/2004,BZN,MT,ANM,WE,Federal Contract Tower,20,39,14,0,73,0,0,39,0,39,20,39,53,0,112,18,0,18,130
12/30/2004,BZN,MT,ANM,WE,Federal Contract Tower,22,32,6,0,60,0,1,12,0,13,22,33,18,0,73,48,0,48,121
12/31/2004,BZN,MT,ANM,WE,Federal Contract Tower,19,36,16,0,71,0,0,0,0,0,19,36,16,0,71,0,0,0,71
01/01/2005,BZN,MT,ANM,WE,Federal Contract Tower,20,27,10,0,57,0,0,26,0,26,20,27,36,0,83,0,0,0,83
01/02/2005,BZN,MT,ANM,WE,Federal Contract Tower,23,44,37,0,104,1,0,18,0,19,24,44,55,0,123,22,0,22,145
01/03/2005,BZN,MT,ANM,WE,Federal Contract Tower,20,35,15,0,70,0,0,32,4,36,20,35,47,4,106,22,0,22,128
01/04/2005,BZN,MT,ANM,WE,Federal Contract Tower,18,27,10,0,55,0,0,0,0,0,18,27,10,0,55,2,0,2,57
01/05/2005,BZN,MT,ANM,WE,Federal Contract Tower,16,29,15,0,60,0,0,33,0,33,16,29,48,0,93,50,0,50,143
01/06/2005,BZN,MT,ANM,WE,Federal Contract Tower,17,31,17,0,65,0,5,15,0,20,17,36,32,0,85,24,0,24,109
01/07/2005,BZN,MT,ANM,WE,Federal Contract Tower,16,30,16,0,62,0,0,15,0,15,16,30,31,0,77,36,0,36,113
01/08/2005,BZN,MT,ANM,WE,Federal Contract Tower,17,24,4,0,45,0,0,19,0,19,17,24,23,0,64,0,0,0,64
01/09/2005,BZN,MT,ANM,WE,Federal Contract Tower,16,27,9,0,52,0,0,20,0,20,16,27,29,0,72,6,0,6,78
01/10/2005,BZN,MT,ANM,WE,Federal Contract Tower,16,28,10,0,54,0,0,52,0,52,16,28,62,0,106,34,0,34,140
01/11/2005,BZN,MT,ANM,WE,Federal Contract Tower,16,26,8,0,50,0,0,63,2,65,16,26,71,2,115,70,0,70,185
01/12/2005,BZN,MT,ANM,WE,Federal Contract Tower,16,32,3,0,51,0,0,12,0,12,16,32,15,0,63,20,0,20,83
01/13/2005,BZN,MT,ANM,WE,Federal Contract Tower,15,41,10,0,66,0,0,0,0,0,15,41,10,0,66,0,0,0,66
01/14/2005,BZN,MT,ANM,WE,Federal Contract Tower,15,36,15,0,66,0,3,11,0,14,15,39,26,0,80,6,0,6,86
01/15/2005,BZN,MT,ANM,WE,Federal Contract Tower,15,31,0,0,46,0,0,26,0,26,15,31,26,0,72,26,0,26,98
01/16/2005,BZN,MT,ANM,WE,Federal Contract Tower,12,21,4,0,37,0,0,14,1,15,12,21,18,1,52,8,0,8,60
01/17/2005,BZN,MT,ANM,WE,Federal Contract Tower,15,39,16,0,70,0,1,56,0,57,15,40,72,0,127,48,0,48,175
01/18/2005,BZN,MT,ANM,WE,Federal Contract Tower,16,35,10,0,61,0,2,20,0,22,16,37,30,0,83,36,0,36,119
01/19/2005,BZN,MT,ANM,WE,Federal Contract Tower,17,31,7,0,55,0,0,33,0,33,17,31,40,0,88,26,0,26,114
01/20/2005,BZN,MT,ANM,WE,Federal Contract Tower,16,24,12,0,52,0,4,34,0,38,16,28,46,0,90,84,0,84,174
01/21/2005,BZN,MT,ANM,WE,Federal Contract Tower,16,31,16,0,63,0,5,37,0,42,16,36,53,0,105,38,0,38,143
01/22/2005,BZN,MT,ANM,WE,Federal Contract Tower,18,30,9,0,57,0,0,62,0,62,18,30,71,0,119,94,0,94,213
01/23/2005,BZN,MT,ANM,WE,Federal Contract Tower,13,28,7,0,48,0,0,82,0,82,13,28,89,0,130,88,0,88,218
01/24/2005,BZN,MT,ANM,WE,Federal Contract Tower,16,28,14,0,58,0,0,87,0,87,16,28,101,0,145,104,0,104,249
01/25/2005,BZN,MT,ANM,WE,Federal Contract Tower,16,24,8,0,48,0,1,91,0,92,16,25,99,0,140,102,0,102,242
01/26/2005,BZN,MT,ANM,WE,Federal Contract Tower,16,31,12,0,59,0,0,46,0,46,16,31,58,0,105,40,0,40,145
01/27/2005,BZN,MT,ANM,WE,Federal Contract Tower,16,35,24,0,75,0,1,18,0,19,16,36,42,0,94,60,0,60,154
01/28/2005,BZN,MT,ANM,WE,Federal Contract Tower,16,33,17,0,66,0,5,30,0,35,16,38,47,0,101,102,0,102,203
01/29/2005,BZN,MT,ANM,WE,Federal Contract Tower,19,30,5,0,54,0,8,82,0,90,19,38,87,0,144,128,0,128,272
01/30/2005,BZN,MT,ANM,WE,Federal Contract Tower,13,36,26,0,75,0,3,27,0,30,13,39,53,0,105,54,0,54,159
01/31/2005,BZN,MT,ANM,WE,Federal Contract Tower,15,34,14,0,63,0,0,55,0,55,15,34,69,0,118,42,0,42,160
02/01/2005,BZN,MT,ANM,WE,Federal Contract Tower,16,33,10,0,59,0,0,47,4,51,16,33,57,4,110,104,0,104,214
02/02/2005,BZN,MT,ANM,WE,Federal Contract Tower,15,33,8,0,56,0,0,45,0,45,15,33,53,0,101,60,0,60,161
02/03/2005,BZN,MT,ANM,WE,Federal Contract Tower,16,31,24,0,71,0,11,58,4,73,16,42,82,4,144,96,0,96,240
02/04/2005,BZN,MT,ANM,WE,Federal Contract Tower,16,27,17,0,60,0,4,26,0,30,16,31,43,0,90,14,0,14,104
02/05/2005,BZN,MT,ANM,WE,Federal Contract Tower,21,23,8,0,52,0,2,6,0,8,21,25,14,0,60,32,0,32,92
02/06/2005,BZN,MT,ANM,WE,Federal Contract Tower,14,29,12,0,55,0,2,35,0,37,14,31,47,0,92,72,0,72,164
02/07/2005,BZN,MT,ANM,WE,Federal Contract Tower,16,30,12,0,58,0,0,11,0,11,16,30,23,0,69,46,0,46,115
02/08/2005,BZN,MT,ANM,WE,Federal Contract Tower,16,26,14,0,56,0,0,44,0,44,16,26,58,0,100,100,0,100,200
02/09/2005,BZN,MT,ANM,WE,Federal Contract Tower,16,34,16,0,66,0,4,90,0,94,16,38,106,0,160,134,0,134,294
02/10/2005,BZN,MT,ANM,WE,Federal Contract Tower,16,34,12,0,62,0,4,92,0,96,16,38,104,0,158,152,0,152,310
02/11/2005,BZN,MT,ANM,WE,Federal Contract Tower,16,33,24,0,73,0,2,66,4,72,16,35,90,4,145,50,0,50,195
02/12/2005,BZN,MT,ANM,WE,Federal Contract Tower,21,27,8,0,56,0,7,56,0,63,21,34,64,0,119,54,0,54,173
02/13/2005,BZN,MT,ANM,WE,Federal Contract Tower,14,34,10,0,58,0,2,11,0,13,14,36,21,0,71,2,0,2,73
02/14/2005,BZN,MT,ANM,WE,Federal Contract Tower,17,26,12,0,55,0,0,24,0,24,17,26,36,0,79,62,0,62,141
02/15/2005,BZN,MT,ANM,WE,Federal Contract Tower,14,33,14,0,61,0,1,34,0,35,14,34,48,0,96,74,0,74,170
02/16/2005,BZN,MT,ANM,WE,Federal Contract Tower,15,31,10,0,56,0,0,58,0,58,15,31,68,0,114,108,0,108,222
02/17/2005,BZN,MT,ANM,WE,Federal Contract Tower,16,49,28,0,93,0,3,86,0,89,16,52,114,0,182,178,0,178,360
02/18/2005,BZN,MT,ANM,WE,Federal Contract Tower,18,38,34,0,90,0,4,99,0,103,18,42,133,0,193,156,0,156,349
02/19/2005,BZN,MT,ANM,WE,Federal Contract Tower,19,38,19,0,76,0,2,52,0,54,19,40,71,0,130,66,0,66,196
02/20/2005,BZN,MT,ANM,WE,Federal Contract Tower,17,32,15,0,64,0,0,40,0,40,17,32,55,0,104,92,0,92,196
02/21/2005,BZN,MT,ANM,WE,Federal Contract Tower,13,36,26,0,75,3,3,20,0,26,16,39,46,0,101,18,0,18,119
02/22/2005,BZN,MT,ANM,WE,Federal Contract Tower,16,39,10,0,65,0,0,68,0,68,16,39,78,0,133,56,0,56,189
02/23/2005,BZN,MT,ANM,WE,Federal Contract Tower,15,31,20,0,66,0,0,85,0,85,15,31,105,0,151,140,0,140,291
02/24/2005,BZN,MT,ANM,WE,Federal Contract Tower,16,34,14,0,64,0,3,85,0,88,16,37,99,0,152,122,0,122,274
02/25/2005,BZN,MT,ANM,WE,Federal Contract Tower,16,28,20,0,64,0,9,94,0,103,16,37,114,0,167,178,0,178,345
02/26/2005,BZN,MT,ANM,WE,Federal Contract Tower,19,32,4,0,55,0,0,112,0,112,19,32,116,0,167,100,0,100,267
02/27/2005,BZN,MT,ANM,WE,Federal Contract Tower,17,34,29,0,80,0,0,101,2,103,17,34,130,2,183,48,0,48,231
02/28/2005,BZN,MT,ANM,WE,Federal Contract Tower,15,30,6,0,51,0,0,57,0,57,15,30,63,0,108,70,0,70,178
03/01/2005,BZN,MT,ANM,WE,Federal Contract Tower,17,35,9,0,61,0,1,52,0,53,17,36,61,0,114,158,0,158,272
03/02/2005,BZN,MT,ANM,WE,Federal Contract Tower,16,36,15,0,67,2,1,64,0,67,18,37,79,0,134,62,0,62,196
03/03/2005,BZN,MT,ANM,WE,Federal Contract Tower,16,28,8,0,52,0,1,95,0,96,16,29,103,0,148,130,0,130,278
03/04/2005,BZN,MT,ANM,WE,Federal Contract Tower,16,38,26,0,80,0,0,74,0,74,16,38,100,0,154,108,0,108,262
03/05/2005,BZN,MT,ANM,WE,Federal Contract Tower,19,30,8,0,57,0,0,112,0,112,19,30,120,0,169,74,0,74,243
03/06/2005,BZN,MT,ANM,WE,Federal Contract Tower,16,26,18,0,60,2,1,28,0,31,18,27,46,0,91,28,0,28,119
03/07/2005,BZN,MT,ANM,WE,Federal Contract Tower,16,28,20,0,64,0,0,9,0,9,16,28,29,0,73,40,0,40,113
03/08/2005,BZN,MT,ANM,WE,Federal Contract Tower,16,27,15,2,60,0,0,52,14,66,16,27,67,16,126,168,12,180,306
03/09/2005,BZN,MT,ANM,WE,Federal Contract Tower,16,32,21,0,69,0,0,74,0,74,16,32,95,0,143,74,0,74,217
03/10/2005,BZN,MT,ANM,WE,Federal Contract Tower,17,33,13,0,63,0,2,45,0,47,17,35,58,0,110,106,0,106,216
03/11/2005,BZN,MT,ANM,WE,Federal Contract Tower,17,40,15,0,72,0,0,78,4,82,17,40,93,4,154,128,0,128,282
03/12/2005,BZN,MT,ANM,WE,Federal Contract Tower,19,36,6,0,61,0,0,4,0,4,19,36,10,0,65,2,0,2,67
03/13/2005,BZN,MT,ANM,WE,Federal Contract Tower,17,28,20,0,65,0,0,31,0,31,17,28,51,0,96,112,0,112,208
03/14/2005,BZN,MT,ANM,WE,Federal Contract Tower,16,29,14,2,61,0,0,3,0,3,16,29,17,2,64,0,0,0,64
03/15/2005,BZN,MT,ANM,WE,Federal Contract Tower,16,31,22,2,71,0,0,4,0,4,16,31,26,2,75,80,0,80,155
03/16/2005,BZN,MT,ANM,WE,Federal Contract Tower,16,34,6,0,56,0,4,24,0,28,16,38,30,0,84,10,0,10,94
03/17/2005,BZN,MT,ANM,WE,Federal Contract Tower,15,32,17,0,64,0,0,2,0,2,15,32,19,0,66,0,0,0,66
03/18/2005,BZN,MT,ANM,WE,Federal Contract Tower,16,60,17,0,93,0,0,43,0,43,16,60,60,0,136,38,0,38,174
03/19/2005,BZN,MT,ANM,WE,Federal Contract Tower,20,34,14,0,68,0,4,24,0,28,20,38,38,0,96,50,0,50,146
03/20/2005,BZN,MT,ANM,WE,Federal Contract Tower,17,34,20,0,71,0,0,8,0,8,17,34,28,0,79,36,0,36,115
03/21/2005,BZN,MT,ANM,WE,Federal Contract Tower,16,27,17,0,60,0,6,39,0,45,16,33,56,0,105,84,0,84,189
03/22/2005,BZN,MT,ANM,WE,Federal Contract Tower,14,33,10,1,58,2,1,45,0,48,16,34,55,1,106,84,0,84,190
03/23/2005,BZN,MT,ANM,WE,Federal Contract Tower,16,36,23,0,75,0,0,0,0,0,16,36,23,0,75,0,0,0,75
03/24/2005,BZN,MT,ANM,WE,Federal Contract Tower,15,45,18,1,79,0,0,6,0,6,15,45,24,1,85,42,0,42,127
03/25/2005,BZN,MT,ANM,WE,Federal Contract Tower,16,40,22,0,78,0,7,79,0,86,16,47,101,0,164,127,0,127,291
03/26/2005,BZN,MT,ANM,WE,Federal Contract Tower,19,30,12,0,61,0,2,83,0,85,19,32,95,0,146,128,0,128,274
03/27/2005,BZN,MT,ANM,WE,Federal Contract Tower,17,34,13,0,64,1,0,15,0,16,18,34,28,0,80,12,0,12,92
03/28/2005,BZN,MT,ANM,WE,Federal Contract Tower,14,47,20,0,81,0,0,15,0,15,14,47,35,0,96,16,0,16,112
03/29/2005,BZN,MT,ANM,WE,Federal Contract Tower,16,32,5,0,53,0,1,29,0,30,16,33,34,0,83,60,0,60,143
03/30/2005,BZN,MT,ANM,WE,Federal Contract Tower,15,25,9,0,49,0,6,15,0,21,15,31,24,0,70,32,0,32,102
03/31/2005,BZN,MT,ANM,WE,Federal Contract Tower,16,29,13,0,58,0,2,70,0,72,16,31,83,0,130,145,0,145,275
04/01/2005,BZN,MT,ANM,WE,Federal Contract Tower,15,39,10,0,64,0,1,47,0,48,15,40,57,0,112,94,0,94,206
04/02/2005,BZN,MT,ANM,WE,Federal Contract Tower,15,40,10,0,65,0,2,32,0,34,15,42,42,0,99,66,0,66,165
04/03/2005,BZN,MT,ANM,WE,Federal Contract Tower,15,29,20,0,64,1,3,28,0,32,16,32,48,0,96,32,0,32,128
04/04/2005,BZN,MT,ANM,WE,Federal Contract Tower,14,25,14,0,53,0,0,0,0,0,14,25,14,0,53,10,0,10,63
04/05/2005,BZN,MT,ANM,WE,Federal Contract Tower,15,33,8,0,56,0,1,62,0,63,15,34,70,0,119,150,0,150,269
04/06/2005,BZN,MT,ANM,WE,Federal Contract Tower,14,33,11,0,58,0,2,127,0,129,14,35,138,0,187,142,0,142,329
04/07/2005,BZN,MT,ANM,WE,Federal Contract Tower,13,34,17,0,64,0,0,83,0,83,13,34,100,0,147,142,0,142,289
04/08/2005,BZN,MT,ANM,WE,Federal Contract Tower,12,30,17,0,59,0,0,34,0,34,12,30,51,0,93,24,0,24,117
04/09/2005,BZN,MT,ANM,WE,Federal Contract Tower,13,26,7,0,46,0,1,32,0,33,13,27,39,0,79,34,0,34,113
04/10/2005,BZN,MT,ANM,WE,Federal Contract Tower,13,22,12,0,47,0,1,43,0,44,13,23,55,0,91,42,0,42,133
04/11/2005,BZN,MT,ANM,WE,Federal Contract Tower,14,29,12,0,55,0,0,104,0,104,14,29,116,0,159,146,0,146,305
04/12/2005,BZN,MT,ANM,WE,Federal Contract Tower,14,28,14,0,56,2,8,63,0,73,16,36,77,0,129,142,0,142,271
04/13/2005,BZN,MT,ANM,WE,Federal Contract Tower,14,35,17,0,66,0,3,22,0,25,14,38,39,0,91,37,0,37,128
04/14/2005,BZN,MT,ANM,WE,Federal Contract Tower,13,41,16,0,70,0,1,4,0,5,13,42,20,0,75,12,0,12,87
04/15/2005,BZN,MT,ANM,WE,Federal Contract Tower,14,31,5,0,50,0,1,80,0,81,14,32,85,0,131,156,0,156,287
04/16/2005,BZN,MT,ANM,WE,Federal Contract Tower,11,27,3,0,41,0,4,94,0,98,11,31,97,0,139,70,0,70,209
04/17/2005,BZN,MT,ANM,WE,Federal Contract Tower,13,21,2,0,36,0,0,40,0,40,13,21,42,0,76,38,0,38,114
04/18/2005,BZN,MT,ANM,WE,Federal Contract Tower,13,26,5,0,44,0,0,0,0,0,13,26,5,0,44,0,0,0,44
04/19/2005,BZN,MT,ANM,WE,Federal Contract Tower,12,31,13,0,56,0,0,18,0,18,12,31,31,0,74,44,0,44,118
04/20/2005,BZN,MT,ANM,WE,Federal Contract Tower,16,27,14,0,57,0,0,15,0,15,16,27,29,0,72,68,0,68,140
04/21/2005,BZN,MT,ANM,WE,Federal Contract Tower,15,31,13,0,59,0,0,43,0,43,15,31,56,0,102,128,0,128,230
04/22/2005,BZN,MT,ANM,WE,Federal Contract Tower,14,36,10,0,60,0,0,87,0,87,14,36,97,0,147,188,0,188,335
04/23/2005,BZN,MT,ANM,WE,Federal Contract Tower,13,31,6,0,50,0,2,119,1,122,13,33,125,1,172,122,0,122,294
04/24/2005,BZN,MT,ANM,WE,Federal Contract Tower,12,25,12,0,49,1,0,58,0,59,13,25,70,0,108,2,0,2,110
04/25/2005,BZN,MT,ANM,WE,Federal Contract Tower,14,26,9,0,49,0,0,105,0,105,14,26,114,0,154,100,0,100,254
04/26/2005,BZN,MT,ANM,WE,Federal Contract Tower,14,26,7,0,47,0,0,37,0,37,14,26,44,0,84,60,0,60,144
04/27/2005,BZN,MT,ANM,WE,Federal Contract Tower,14,31,19,0,64,0,0,5,0,5,14,31,24,0,69,4,0,4,73
04/28/2005,BZN,MT,ANM,WE,Federal Contract Tower,13,33,14,0,60,0,1,12,0,13,13,34,26,0,73,24,0,24,97
04/29/2005,BZN,MT,ANM,WE,Federal Contract Tower,14,28,16,0,58,0,7,71,0,78,14,35,87,0,136,93,0,93,229
04/30/2005,BZN,MT,ANM,WE,Federal Contract Tower,11,30,5,0,46,2,0,59,0,61,13,30,64,0,107,102,0,102,209
05/01/2005,BZN,MT,ANM,WE,Federal Contract Tower,12,24,14,0,50,0,5,87,4,96,12,29,101,4,146,119,2,121,267
05/02/2005,BZN,MT,ANM,WE,Federal Contract Tower,14,24,5,0,43,0,1,62,0,63,14,25,67,0,106,81,0,81,187
05/03/2005,BZN,MT,ANM,WE,Federal Contract Tower,14,26,6,0,46,0,1,41,0,42,14,27,47,0,88,90,0,90,178
05/04/2005,BZN,MT,ANM,WE,Federal Contract Tower,12,31,8,0,51,0,1,77,0,78,12,32,85,0,129,84,0,84,213
05/05/2005,BZN,MT,ANM,WE,Federal Contract Tower,14,30,10,0,54,0,0,57,0,57,14,30,67,0,111,98,0,98,209
05/06/2005,BZN,MT,ANM,WE,Federal Contract Tower,14,30,13,0,57,0,0,56,0,56,14,30,69,0,113,11,0,11,124
05/07/2005,BZN,MT,ANM,WE,Federal Contract Tower,13,26,6,0,45,0,4,57,0,61,13,30,63,0,106,54,0,54,160
05/08/2005,BZN,MT,ANM,WE,Federal Contract Tower,12,22,18,0,52,0,0,32,0,32,12,22,50,0,84,44,0,44,128
05/09/2005,BZN,MT,ANM,WE,Federal Contract Tower,14,29,16,0,59,0,0,17,0,17,14,29,33,0,76,38,0,38,114
05/10/2005,BZN,MT,ANM,WE,Federal Contract Tower,14,32,18,0,64,0,0,4,0,4,14,32,22,0,68,4,0,4,72
05/11/2005,BZN,MT,ANM,WE,Federal Contract Tower,14,32,12,0,58,0,0,9,0,9,14,32,21,0,67,15,0,15,82
05/12/2005,BZN,MT,ANM,WE,Federal Contract Tower,14,31,11,0,56,0,0,6,0,6,14,31,17,0,62,16,0,16,78
05/13/2005,BZN,MT,ANM,WE,Federal Contract Tower,12,26,16,0,54,0,7,73,0,80,12,33,89,0,134,122,4,126,260
05/14/2005,BZN,MT,ANM,WE,Federal Contract Tower,13,27,4,0,44,0,0,97,0,97,13,27,101,0,141,68,0,68,209
05/15/2005,BZN,MT,ANM,WE,Federal Contract Tower,11,21,2,0,34,0,0,69,0,69,11,21,71,0,103,80,0,80,183
05/16/2005,BZN,MT,ANM,WE,Federal Contract Tower,13,33,11,0,57,1,0,30,0,31,14,33,41,0,88,21,0,21,109
05/17/2005,BZN,MT,ANM,WE,Federal Contract Tower,14,30,13,0,57,0,1,23,0,24,14,31,36,0,81,44,0,44,125
05/18/2005,BZN,MT,ANM,WE,Federal Contract Tower,12,24,14,0,50,0,4,61,0,65,12,28,75,0,115,80,0,80,195
05/19/2005,BZN,MT,ANM,WE,Federal Contract Tower,12,29,10,0,51,0,5,29,0,34,12,34,39,0,85,16,0,16,101
05/20/2005,BZN,MT,ANM,WE,Federal Contract Tower,13,30,10,0,53,0,8,54,0,62,13,38,64,0,115,36,0,36,151
05/21/2005,BZN,MT,ANM,WE,Federal Contract Tower,12,29,9,0,50,0,1,94,0,95,12,30,103,0,145,64,0,64,209
05/22/2005,BZN,MT,ANM,WE,Federal Contract Tower,13,25,11,0,49,0,0,77,0,77,13,25,88,0,126,26,0,26,152
05/23/2005,BZN,MT,ANM,WE,Federal Contract Tower,13,24,8,0,45,1,0,55,0,56,14,24,63,0,101,62,0,62,163
05/24/2005,BZN,MT,ANM,WE,Federal Contract Tower,14,30,8,0,52,0,2,69,0,71,14,32,77,0,123,60,0,60,183
05/25/2005,BZN,MT,ANM,WE,Federal Contract Tower,12,26,12,0,50,0,3,80,0,83,12,29,92,0,133,46,0,46,179
05/26/2005,BZN,MT,ANM,WE,Federal Contract Tower,10,34,10,0,54,0,3,92,0,95,10,37,102,0,149,32,0,32,181
05/27/2005,BZN,MT,ANM,WE,Federal Contract Tower,14,30,7,0,51,0,5,100,0,105,14,35,107,0,156,62,0,62,218
05/28/2005,BZN,MT,ANM,WE,Federal Contract Tower,13,29,6,0,48,0,2,101,0,103,13,31,107,0,151,58,0,58,209
05/29/2005,BZN,MT,ANM,WE,Federal Contract Tower,11,17,3,0,31,0,0,51,0,51,11,17,54,0,82,46,0,46,128
05/30/2005,BZN,MT,ANM,WE,Federal Contract Tower,13,33,8,0,54,0,0,64,0,64,13,33,72,0,118,38,0,38,156
05/31/2005,BZN,MT,ANM,WE,Federal Contract Tower,13,32,8,0,53,1,0,35,0,36,14,32,43,0,89,44,0,44,133
06/01/2005,BZN,MT,ANM,WE,Federal Contract Tower,13,36,15,0,64,0,0,1,0,1,13,36,16,0,65,0,0,0,65
06/02/2005,BZN,MT,ANM,WE,Federal Contract Tower,12,40,13,0,65,0,1,20,0,21,12,41,33,0,86,4,0,4,90
06/03/2005,BZN,MT,ANM,WE,Federal Contract Tower,14,34,14,0,62,0,1,11,0,12,14,35,25,0,74,16,4,20,94
06/04/2005,BZN,MT,ANM,WE,Federal Contract Tower,14,27,12,0,53,0,0,97,0,97,14,27,109,0,150,74,0,74,224
06/05/2005,BZN,MT,ANM,WE,Federal Contract Tower,14,22,8,0,44,0,0,73,0,73,14,22,81,0,117,52,0,52,169
06/06/2005,BZN,MT,ANM,WE,Federal Contract Tower,14,33,13,0,60,0,0,26,0,26,14,33,39,0,86,0,0,0,86
06/07/2005,BZN,MT,ANM,WE,Federal Contract Tower,12,28,14,0,54,0,2,71,0,73,12,30,85,0,127,80,0,80,207
06/08/2005,BZN,MT,ANM,WE,Federal Contract Tower,14,35,9,0,58,0,0,54,0,54,14,35,63,0,112,66,0,66,178
06/09/2005,BZN,MT,ANM,WE,Federal Contract Tower,15,42,20,0,77,0,0,44,2,46,15,42,64,2,123,88,0,88,211
06/10/2005,BZN,MT,ANM,WE,Federal Contract Tower,16,32,14,0,62,0,3,111,0,114,16,35,125,0,176,74,0,74,250
06/11/2005,BZN,MT,ANM,WE,Federal Contract Tower,17,28,11,0,56,0,0,124,0,124,17,28,135,0,180,36,0,36,216
06/12/2005,BZN,MT,ANM,WE,Federal Contract Tower,17,27,15,0,59,0,0,6,0,6,17,27,21,0,65,0,0,0,65
06/13/2005,BZN,MT,ANM,WE,Federal Contract Tower,16,26,20,0,62,0,3,88,0,91,16,29,108,0,153,44,0,44,197
06/14/2005,BZN,MT,ANM,WE,Federal Contract Tower,16,28,9,0,53,0,2,126,0,128,16,30,135,0,181,116,0,116,297
06/15/2005,BZN,MT,ANM,WE,Federal Contract Tower,16,33,7,0,56,0,2,120,0,122,16,35,127,0,178,108,0,108,286
06/16/2005,BZN,MT,ANM,WE,Federal Contract Tower,16,33,6,0,55,0,0,59,0,59,16,33,65,0,114,32,0,32,146
06/17/2005,BZN,MT,ANM,WE,Federal Contract Tower,16,32,14,0,62,1,3,60,0,64,17,35,74,0,126,62,0,62,188
06/18/2005,BZN,MT,ANM,WE,Federal Contract Tower,17,30,12,0,59,0,3,76,0,79,17,33,88,0,138,96,0,96,234
06/19/2005,BZN,MT,ANM,WE,Federal Contract Tower,17,24,15,0,56,1,2,106,0,109,18,26,121,0,165,10,0,10,175
06/20/2005,BZN,MT,ANM,WE,Federal Contract Tower,18,28,13,0,59,0,8,31,0,39,18,36,44,0,98,80,0,80,178
06/21/2005,BZN,MT,ANM,WE,Federal Contract Tower,18,35,16,0,69,0,1,106,0,107,18,36,122,0,176,164,0,164,340
06/22/2005,BZN,MT,ANM,WE,Federal Contract Tower,18,33,16,0,67,0,0,81,0,81,18,33,97,0,148,118,0,118,266
06/23/2005,BZN,MT,ANM,WE,Federal Contract Tower,15,37,14,0,66,0,0,61,0,61,15,37,75,0,127,60,0,60,187
06/24/2005,BZN,MT,ANM,WE,Federal Contract Tower,16,32,17,0,65,0,0,99,0,99,16,32,116,0,164,80,0,80,244
06/25/2005,BZN,MT,ANM,WE,Federal Contract Tower,18,33,16,0,67,0,0,74,0,74,18,33,90,0,141,106,0,106,247
06/26/2005,BZN,MT,ANM,WE,Federal Contract Tower,19,32,26,0,77,3,3,33,0,39,22,35,59,0,116,64,0,64,180
06/27/2005,BZN,MT,ANM,WE,Federal Contract Tower,18,34,11,0,63,0,2,56,0,58,18,36,67,0,121,28,0,28,149
06/28/2005,BZN,MT,ANM,WE,Federal Contract Tower,17,37,11,0,65,4,1,22,0,27,21,38,33,0,92,108,0,108,200
06/29/2005,BZN,MT,ANM,WE,Federal Contract Tower,17,33,12,0,62,0,2,71,0,73,17,35,83,0,135,68,0,68,203
06/30/2005,BZN,MT,ANM,WE,Federal Contract Tower,14,34,28,0,76,1,4,90,0,95,15,38,118,0,171,100,0,100,271
07/01/2005,BZN,MT,ANM,WE,Federal Contract Tower,18,44,26,0,88,0,4,81,0,85,18,48,107,0,173,102,0,102,275
07/02/2005,BZN,MT,ANM,WE,Federal Contract Tower,21,40,23,0,84,0,1,89,2,92,21,41,112,2,176,133,2,135,311
07/03/2005,BZN,MT,ANM,WE,Federal Contract Tower,16,29,14,0,59,0,2,112,0,114,16,31,126,0,173,77,0,77,250
07/04/2005,BZN,MT,ANM,WE,Federal Contract Tower,15,38,11,0,64,0,0,106,0,106,15,38,117,0,170,84,0,84,254
07/05/2005,BZN,MT,ANM,WE,Federal Contract Tower,16,44,22,0,82,1,1,115,0,117,17,45,137,0,199,90,0,90,289
07/06/2005,BZN,MT,ANM,WE,Federal Contract Tower,13,38,19,0,70,5,13,113,1,132,18,51,132,1,202,98,0,98,300
07/07/2005,BZN,MT,ANM,WE,Federal Contract Tower,17,39,29,0,85,0,5,90,0,95,17,44,119,0,180,74,0,74,254
07/08/2005,BZN,MT,ANM,WE,Federal Contract Tower,19,40,13,0,72,0,8,82,0,90,19,48,95,0,162,145,0,145,307
07/09/2005,BZN,MT,ANM,WE,Federal Contract Tower,19,45,22,0,86,0,0,63,0,63,19,45,85,0,149,82,0,82,231
07/10/2005,BZN,MT,ANM,WE,Federal Contract Tower,19,37,22,0,78,0,1,37,0,38,19,38,59,0,116,36,0,36,152
07/11/2005,BZN,MT,ANM,WE,Federal Contract Tower,18,38,17,0,73,0,2,80,0,82,18,40,97,0,155,46,0,46,201
07/12/2005,BZN,MT,ANM,WE,Federal Contract Tower,17,42,20,0,79,1,0,79,0,80,18,42,99,0,159,34,0,34,193
07/13/2005,BZN,MT,ANM,WE,Federal Contract Tower,19,46,17,0,82,0,0,81,0,81,19,46,98,0,163,83,0,83,246
07/14/2005,BZN,MT,ANM,WE,Federal Contract Tower,18,43,30,0,91,0,5,87,0,92,18,48,117,0,183,98,0,98,281
07/15/2005,BZN,MT,ANM,WE,Federal Contract Tower,21,46,22,0,89,0,0,68,0,68,21,46,90,0,157,68,0,68,225
07/16/2005,BZN,MT,ANM,WE,Federal Contract Tower,19,50,10,0,79,0,0,53,0,53,19,50,63,0,132,50,0,50,182
07/17/2005,BZN,MT,ANM,WE,Federal Contract Tower,19,35,17,0,71,0,19,93,0,112,19,54,110,0,183,50,0,50,233
07/18/2005,BZN,MT,ANM,WE,Federal Contract Tower,18,37,13,0,68,0,14,87,0,101,18,51,100,0,169,6,0,6,175
07/19/2005,BZN,MT,ANM,WE,Federal Contract Tower,18,45,14,0,77,0,11,73,0,84,18,56,87,0,161,26,0,26,187
07/20/2005,BZN,MT,ANM,WE,Federal Contract Tower,17,44,12,0,73,0,12,106,0,118,17,56,118,0,191,148,0,148,339
07/21/2005,BZN,MT,ANM,WE,Federal Contract Tower,19,41,21,0,81,0,4,78,0,82,19,45,99,0,163,70,0,70,233
07/22/2005,BZN,MT,ANM,WE,Federal Contract Tower,18,44,13,0,75,0,2,71,0,73,18,46,84,0,148,55,0,55,203
07/23/2005,BZN,MT,ANM,WE,Federal Contract Tower,19,40,18,0,77,0,3,130,0,133,19,43,148,0,210,181,0,181,391
07/24/2005,BZN,MT,ANM,WE,Federal Contract Tower,18,41,25,0,84,0,6,77,0,83,18,47,102,0,167,83,0,83,250
07/25/2005,BZN,MT,ANM,WE,Federal Contract Tower,19,42,19,0,80,0,0,49,0,49,19,42,68,0,129,6,0,6,135
07/26/2005,BZN,MT,ANM,WE,Federal Contract Tower,20,40,15,0,75,0,0,106,0,106,20,40,121,0,181,126,0,126,307
07/27/2005,BZN,MT,ANM,WE,Federal Contract Tower,19,44,13,0,76,0,1,142,0,143,19,45,155,0,219,100,0,100,319
07/28/2005,BZN,MT,ANM,WE,Federal Contract Tower,19,45,25,0,89,0,1,91,0,92,19,46,116,0,181,77,0,77,258
07/29/2005,BZN,MT,ANM,WE,Federal Contract Tower,18,48,23,0,89,1,8,107,0,116,19,56,130,0,205,80,0,80,285
07/30/2005,BZN,MT,ANM,WE,Federal Contract Tower,20,38,17,2,77,1,0,77,0,78,21,38,94,2,155,74,0,74,229
07/31/2005,BZN,MT,ANM,WE,Federal Contract Tower,18,33,21,0,72,0,0,96,0,96,18,33,117,0,168,28,0,28,196
08/01/2005,BZN,MT,ANM,WE,Federal Contract Tower,18,30,8,0,56,0,1,74,0,75,18,31,82,0,131,34,0,34,165
08/02/2005,BZN,MT,ANM,WE,Federal Contract Tower,18,39,18,0,75,0,0,72,0,72,18,39,90,0,147,64,0,64,211
08/03/2005,BZN,MT,ANM,WE,Federal Contract Tower,18,39,18,0,75,0,3,110,0,113,18,42,128,0,188,86,0,86,274
08/04/2005,BZN,MT,ANM,WE,Federal Contract Tower,19,49,25,0,93,0,11,126,1,138,19,60,151,1,231,186,0,186,417
08/05/2005,BZN,MT,ANM,WE,Federal Contract Tower,18,42,23,1,84,2,18,149,1,170,20,60,172,2,254,188,0,188,442
08/06/2005,BZN,MT,ANM,WE,Federal Contract Tower,19,55,14,0,88,0,1,169,0,170,19,56,183,0,258,121,0,121,379
08/07/2005,BZN,MT,ANM,WE,Federal Contract Tower,18,56,36,0,110,0,0,118,0,118,18,56,154,0,228,80,0,80,308
08/08/2005,BZN,MT,ANM,WE,Federal Contract Tower,18,43,20,0,81,0,1,66,0,67,18,44,86,0,148,62,0,62,210
08/09/2005,BZN,MT,ANM,WE,Federal Contract Tower,14,47,16,2,79,0,13,82,0,95,14,60,98,2,174,72,0,72,246
08/10/2005,BZN,MT,ANM,WE,Federal Contract Tower,20,44,26,0,90,0,4,104,0,108,20,48,130,0,198,148,0,148,346
08/11/2005,BZN,MT,ANM,WE,Federal Contract Tower,18,47,24,0,89,1,4,89,0,94,19,51,113,0,183,136,0,136,319
08/12/2005,BZN,MT,ANM,WE,Federal Contract Tower,20,40,27,0,87,0,6,57,0,63,20,46,84,0,150,96,0,96,246
08/13/2005,BZN,MT,ANM,WE,Federal Contract Tower,19,38,19,0,76,0,2,53,0,55,19,40,72,0,131,48,0,48,179
08/14/2005,BZN,MT,ANM,WE,Federal Contract Tower,20,42,29,0,91,0,0,130,0,130,20,42,159,0,221,92,0,92,313
08/15/2005,BZN,MT,ANM,WE,Federal Contract Tower,19,36,14,0,69,0,0,115,0,115,19,36,129,0,184,154,0,154,338
08/16/2005,BZN,MT,ANM,WE,Federal Contract Tower,20,41,18,0,79,0,3,59,0,62,20,44,77,0,141,58,0,58,199
08/17/2005,BZN,MT,ANM,WE,Federal Contract Tower,20,38,15,0,73,0,1,72,0,73,20,39,87,0,146,42,0,42,188
08/18/2005,BZN,MT,ANM,WE,Federal Contract Tower,22,49,30,0,101,0,11,54,0,65,22,60,84,0,166,118,0,118,284
08/19/2005,BZN,MT,ANM,WE,Federal Contract Tower,20,40,30,1,91,0,7,117,5,129,20,47,147,6,220,102,0,102,322
08/20/2005,BZN,MT,ANM,WE,Federal Contract Tower,18,37,26,0,81,0,8,141,0,149,18,45,167,0,230,95,0,95,325
08/21/2005,BZN,MT,ANM,WE,Federal Contract Tower,19,50,41,0,110,0,0,714,0,714,19,50,755,0,824,28,0,28,852
08/22/2005,BZN,MT,ANM,WE,Federal Contract Tower,20,42,15,0,77,0,0,70,0,70,20,42,85,0,147,94,0,94,241
08/23/2005,BZN,MT,ANM,WE,Federal Contract Tower,18,44,26,0,88,0,0,85,0,85,18,44,111,0,173,30,0,30,203
08/24/2005,BZN,MT,ANM,WE,Federal Contract Tower,14,53,21,0,88,5,8,74,0,87,19,61,95,0,175,116,0,116,291
08/25/2005,BZN,MT,ANM,WE,Federal Contract Tower,16,48,16,0,80,0,9,87,0,96,16,57,103,0,176,200,0,200,376
08/26/2005,BZN,MT,ANM,WE,Federal Contract Tower,17,45,10,0,72,0,22,123,0,145,17,67,133,0,217,187,0,187,404
08/27/2005,BZN,MT,ANM,WE,Federal Contract Tower,18,43,17,0,78,0,6,142,5,153,18,49,159,5,231,98,0,98,329
08/28/2005,BZN,MT,ANM,WE,Federal Contract Tower,19,45,20,0,84,0,0,93,0,93,19,45,113,0,177,50,0,50,227
08/29/2005,BZN,MT,ANM,WE,Federal Contract Tower,18,38,13,0,69,0,0,47,0,47,18,38,60,0,116,46,0,46,162
08/30/2005,BZN,MT,ANM,WE,Federal Contract Tower,15,36,13,0,64,0,1,9,0,10,15,37,22,0,74,0,0,0,74
08/31/2005,BZN,MT,ANM,WE,Federal Contract Tower,14,38,18,0,70,0,1,74,0,75,14,39,92,0,145,90,0,90,235
09/01/2005,BZN,MT,ANM,WE,Federal Contract Tower,18,33,10,0,61,0,4,94,0,98,18,37,104,0,159,80,0,80,239
09/02/2005,BZN,MT,ANM,WE,Federal Contract Tower,20,38,15,0,73,0,5,112,0,117,20,43,127,0,190,116,0,116,306
09/03/2005,BZN,MT,ANM,WE,Federal Contract Tower,16,33,13,0,62,0,0,74,0,74,16,33,87,0,136,64,0,64,200
09/04/2005,BZN,MT,ANM,WE,Federal Contract Tower,16,30,9,0,55,0,0,73,0,73,16,30,82,0,128,2,0,2,130
09/05/2005,BZN,MT,ANM,WE,Federal Contract Tower,17,30,22,0,69,0,0,84,0,84,17,30,106,0,153,0,0,0,153
09/06/2005,BZN,MT,ANM,WE,Federal Contract Tower,17,33,19,0,69,0,0,67,0,67,17,33,86,0,136,42,0,42,178
09/07/2005,BZN,MT,ANM,WE,Federal Contract Tower,19,34,21,0,74,0,2,77,0,79,19,36,98,0,153,88,0,88,241
09/08/2005,BZN,MT,ANM,WE,Federal Contract Tower,17,31,16,0,64,0,2,111,0,113,17,33,127,0,177,92,0,92,269
09/09/2005,BZN,MT,ANM,WE,Federal Contract Tower,18,35,14,0,67,0,5,63,0,68,18,40,77,0,135,56,0,56,191
09/10/2005,BZN,MT,ANM,WE,Federal Contract Tower,18,33,12,0,63,0,0,13,0,13,18,33,25,0,76,0,0,0,76
09/11/2005,BZN,MT,ANM,WE,Federal Contract Tower,17,33,15,0,65,0,0,88,0,88,17,33,103,0,153,48,0,48,201
09/12/2005,BZN,MT,ANM,WE,Federal Contract Tower,17,30,14,1,62,0,0,51,0,51,17,30,65,1,113,10,0,10,123
09/13/2005,BZN,MT,ANM,WE,Federal Contract Tower,16,35,19,0,70,0,0,60,0,60,16,35,79,0,130,152,0,152,282
09/14/2005,BZN,MT,ANM,WE,Federal Contract Tower,17,32,18,0,67,0,0,94,0,94,17,32,112,0,161,145,0,145,306
09/15/2005,BZN,MT,ANM,WE,Federal Contract Tower,15,40,13,2,70,0,4,82,0,86,15,44,95,2,156,110,0,110,266
09/16/2005,BZN,MT,ANM,WE,Federal Contract Tower,17,40,12,0,69,0,13,121,0,134,17,53,133,0,203,86,0,86,289
09/17/2005,BZN,MT,ANM,WE,Federal Contract Tower,16,30,12,0,58,0,1,11,0,12,16,31,23,0,70,24,0,24,94
09/18/2005,BZN,MT,ANM,WE,Federal Contract Tower,16,29,16,0,61,0,0,52,0,52,16,29,68,0,113,10,0,10,123
09/19/2005,BZN,MT,ANM,WE,Federal Contract Tower,16,40,6,0,62,0,0,71,0,71,16,40,77,0,133,50,0,50,183
09/20/2005,BZN,MT,ANM,WE,Federal Contract Tower,15,41,21,0,77,1,13,76,0,90,16,54,97,0,167,90,0,90,257
09/21/2005,BZN,MT,ANM,WE,Federal Contract Tower,14,35,18,0,67,0,0,58,0,58,14,35,76,0,125,54,0,54,179
09/22/2005,BZN,MT,ANM,WE,Federal Contract Tower,16,36,11,0,63,0,3,94,0,97,16,39,105,0,160,120,0,120,280
09/23/2005,BZN,MT,ANM,WE,Federal Contract Tower,16,37,23,0,76,0,3,15,0,18,16,40,38,0,94,28,0,28,122
09/24/2005,BZN,MT,ANM,WE,Federal Contract Tower,15,26,18,0,59,0,0,3,0,3,15,26,21,0,62,18,0,18,80
09/25/2005,BZN,MT,ANM,WE,Federal Contract Tower,15,31,9,0,55,0,0,60,2,62,15,31,69,2,117,94,0,94,211
09/26/2005,BZN,MT,ANM,WE,Federal Contract Tower,16,31,10,0,57,0,0,62,0,62,16,31,72,0,119,64,0,64,183
09/27/2005,BZN,MT,ANM,WE,Federal Contract Tower,15,29,23,0,67,0,0,91,0,91,15,29,114,0,158,100,0,100,258
09/28/2005,BZN,MT,ANM,WE,Federal Contract Tower,16,38,16,0,70,0,3,131,0,134,16,41,147,0,204,230,0,230,434
09/29/2005,BZN,MT,ANM,WE,Federal Contract Tower,14,33,13,0,60,0,2,81,0,83,14,35,94,0,143,100,0,100,243
09/30/2005,BZN,MT,ANM,WE,Federal Contract Tower,15,34,23,2,74,0,4,46,1,51,15,38,69,3,125,46,0,46,171
10/01/2005,BZN,MT,ANM,WE,Federal Contract Tower,15,29,7,0,51,0,0,33,0,33,15,29,40,0,84,16,0,16,100
10/02/2005,BZN,MT,ANM,WE,Federal Contract Tower,17,34,15,1,67,0,0,20,0,20,17,34,35,1,87,0,0,0,87
10/03/2005,BZN,MT,ANM,WE,Federal Contract Tower,16,34,19,0,69,0,0,13,0,13,16,34,32,0,82,34,0,34,116
10/04/2005,BZN,MT,ANM,WE,Federal Contract Tower,16,36,28,0,80,0,2,0,0,2,16,38,28,0,82,0,0,0,82
10/05/2005,BZN,MT,ANM,WE,Federal Contract Tower,14,39,12,0,65,0,0,61,0,61,14,39,73,0,126,142,0,142,268
10/06/2005,BZN,MT,ANM,WE,Federal Contract Tower,14,38,19,0,71,0,6,81,0,87,14,44,100,0,158,184,0,184,342
10/07/2005,BZN,MT,ANM,WE,Federal Contract Tower,15,34,10,0,59,0,19,101,0,120,15,53,111,0,179,158,0,158,337
10/08/2005,BZN,MT,ANM,WE,Federal Contract Tower,18,26,7,6,57,0,0,4,0,4,18,26,11,6,61,8,0,8,69
10/09/2005,BZN,MT,ANM,WE,Federal Contract Tower,16,26,16,0,58,0,0,48,0,48,16,26,64,0,106,32,0,32,138
10/10/2005,BZN,MT,ANM,WE,Federal Contract Tower,13,34,9,0,56,0,0,111,0,111,13,34,120,0,167,84,0,84,251
10/11/2005,BZN,MT,ANM,WE,Federal Contract Tower,14,35,15,0,64,0,0,98,1,99,14,35,113,1,163,148,0,148,311
10/12/2005,BZN,MT,ANM,WE,Federal Contract Tower,13,38,19,0,70,0,0,94,0,94,13,38,113,0,164,152,0,152,316
10/13/2005,BZN,MT,ANM,WE,Federal Contract Tower,14,37,10,0,61,0,0,55,0,55,14,37,65,0,116,110,0,110,226
10/14/2005,BZN,MT,ANM,WE,Federal Contract Tower,16,37,6,0,59,0,5,128,3,136,16,42,134,3,195,116,0,116,311
10/15/2005,BZN,MT,ANM,WE,Federal Contract Tower,16,26,3,0,45,0,0,63,0,63,16,26,66,0,108,58,0,58,166
10/16/2005,BZN,MT,ANM,WE,Federal Contract Tower,14,24,7,0,45,0,0,49,0,49,14,24,56,0,94,46,0,46,140
10/17/2005,BZN,MT,ANM,WE,Federal Contract Tower,14,31,15,0,60,0,0,35,0,35,14,31,50,0,95,54,0,54,149
10/18/2005,BZN,MT,ANM,WE,Federal Contract Tower,13,32,19,0,64,0,4,49,1,54,13,36,68,1,118,86,0,86,204
10/19/2005,BZN,MT,ANM,WE,Federal Contract Tower,14,34,23,0,71,0,2,84,0,86,14,36,107,0,157,161,0,161,318
10/20/2005,BZN,MT,ANM,WE,Federal Contract Tower,13,34,13,0,60,0,0,79,0,79,13,34,92,0,139,126,0,126,265
10/21/2005,BZN,MT,ANM,WE,Federal Contract Tower,15,29,13,0,57,0,6,95,4,105,15,35,108,4,162,114,4,118,280
10/22/2005,BZN,MT,ANM,WE,Federal Contract Tower,14,21,4,0,39,0,1,116,0,117,14,22,120,0,156,124,0,124,280
10/23/2005,BZN,MT,ANM,WE,Federal Contract Tower,14,26,14,0,54,0,0,88,0,88,14,26,102,0,142,102,0,102,244
10/24/2005,BZN,MT,ANM,WE,Federal Contract Tower,14,28,8,0,50,0,1,74,0,75,14,29,82,0,125,102,0,102,227
10/25/2005,BZN,MT,ANM,WE,Federal Contract Tower,14,32,9,0,55,0,1,56,0,57,14,33,65,0,112,78,0,78,190
10/26/2005,BZN,MT,ANM,WE,Federal Contract Tower,14,32,13,0,59,0,0,54,0,54,14,32,67,0,113,112,0,112,225
10/27/2005,BZN,MT,ANM,WE,Federal Contract Tower,14,35,16,0,65,0,0,43,0,43,14,35,59,0,108,82,0,82,190
10/28/2005,BZN,MT,ANM,WE,Federal Contract Tower,14,37,16,0,67,0,0,25,0,25,14,37,41,0,92,136,0,136,228
10/29/2005,BZN,MT,ANM,WE,Federal Contract Tower,16,24,16,0,56,0,1,41,0,42,16,25,57,0,98,46,0,46,144
10/30/2005,BZN,MT,ANM,WE,Federal Contract Tower,15,28,11,0,54,0,0,40,0,40,15,28,51,0,94,36,0,36,130
10/31/2005,BZN,MT,ANM,WE,Federal Contract Tower,14,30,9,0,53,0,0,45,0,45,14,30,54,0,98,90,0,90,188
11/01/2005,BZN,MT,ANM,WE,Federal Contract Tower,14,21,15,0,50,0,5,15,0,20,14,26,30,0,70,66,0,66,136
11/02/2005,BZN,MT,ANM,WE,Federal Contract Tower,11,30,9,0,50,0,4,3,0,7,11,34,12,0,57,38,0,38,95
11/03/2005,BZN,MT,ANM,WE,Federal Contract Tower,13,30,5,0,48,0,0,43,0,43,13,30,48,0,91,90,0,90,181
11/04/2005,BZN,MT,ANM,WE,Federal Contract Tower,15,28,14,0,57,0,1,21,0,22,15,29,35,0,79,42,0,42,121
11/05/2005,BZN,MT,ANM,WE,Federal Contract Tower,14,24,7,0,45,0,0,25,0,25,14,24,32,0,70,42,0,42,112
11/06/2005,BZN,MT,ANM,WE,Federal Contract Tower,14,24,9,0,47,0,0,28,0,28,14,24,37,0,75,78,0,78,153
11/07/2005,BZN,MT,ANM,WE,Federal Contract Tower,13,34,6,0,53,0,0,0,0,0,13,34,6,0,53,0,0,0,53
11/08/2005,BZN,MT,ANM,WE,Federal Contract Tower,11,24,17,0,52,1,1,26,0,28,12,25,43,0,80,26,0,26,106
11/09/2005,BZN,MT,ANM,WE,Federal Contract Tower,12,31,15,0,58,4,6,82,0,92,16,37,97,0,150,134,0,134,284
11/10/2005,BZN,MT,ANM,WE,Federal Contract Tower,15,30,14,0,59,0,0,98,0,98,15,30,112,0,157,126,0,126,283
11/11/2005,BZN,MT,ANM,WE,Federal Contract Tower,13,32,8,0,53,0,3,74,0,77,13,35,82,0,130,106,0,106,236
11/12/2005,BZN,MT,ANM,WE,Federal Contract Tower,12,23,7,0,42,0,0,18,0,18,12,23,25,0,60,42,0,42,102
11/13/2005,BZN,MT,ANM,WE,Federal Contract Tower,11,26,8,0,45,0,0,38,0,38,11,26,46,0,83,20,0,20,103
11/14/2005,BZN,MT,ANM,WE,Federal Contract Tower,14,31,9,0,54,0,0,15,0,15,14,31,24,0,69,48,0,48,117
11/15/2005,BZN,MT,ANM,WE,Federal Contract Tower,14,22,15,0,51,0,3,49,0,52,14,25,64,0,103,120,0,120,223
11/16/2005,BZN,MT,ANM,WE,Federal Contract Tower,12,33,11,0,56,0,0,20,0,20,12,33,31,0,76,128,0,128,204
11/17/2005,BZN,MT,ANM,WE,Federal Contract Tower,14,38,14,0,66,0,3,86,0,89,14,41,100,0,155,166,0,166,321
11/18/2005,BZN,MT,ANM,WE,Federal Contract Tower,13,33,20,0,66,0,2,60,4,66,13,35,80,4,132,134,0,134,266
11/19/2005,BZN,MT,ANM,WE,Federal Contract Tower,13,22,4,0,39,0,3,96,0,99,13,25,100,0,138,100,0,100,238
11/20/2005,BZN,MT,ANM,WE,Federal Contract Tower,15,21,13,0,49,0,0,94,0,94,15,21,107,0,143,86,0,86,229
11/21/2005,BZN,MT,ANM,WE,Federal Contract Tower,19,27,13,0,59,0,0,70,0,70,19,27,83,0,129,90,0,90,219
11/22/2005,BZN,MT,ANM,WE,Federal Contract Tower,18,35,17,0,70,0,0,68,0,68,18,35,85,0,138,108,0,108,246
11/23/2005,BZN,MT,ANM,WE,Federal Contract Tower,17,36,21,0,74,0,5,97,0,102,17,41,118,0,176,158,0,158,334
11/24/2005,BZN,MT,ANM,WE,Federal Contract Tower,14,19,6,0,39,0,0,37,0,37,14,19,43,0,76,4,0,4,80
11/25/2005,BZN,MT,ANM,WE,Federal Contract Tower,15,30,6,0,51,0,0,62,0,62,15,30,68,0,113,74,0,74,187
11/26/2005,BZN,MT,ANM,WE,Federal Contract Tower,13,28,8,0,49,0,0,0,0,0,13,28,8,0,49,0,0,0,49
11/27/2005,BZN,MT,ANM,WE,Federal Contract Tower,14,28,21,0,63,0,0,0,0,0,14,28,21,0,63,0,0,0,63
11/28/2005,BZN,MT,ANM,WE,Federal Contract Tower,15,35,17,0,67,0,0,21,0,21,15,35,38,0,88,44,0,44,132
11/29/2005,BZN,MT,ANM,WE,Federal Contract Tower,14,30,13,0,57,0,2,16,0,18,14,32,29,0,75,32,0,32,107
11/30/2005,BZN,MT,ANM,WE,Federal Contract Tower,12,38,20,0,70,0,0,27,0,27,12,38,47,0,97,68,0,68,165
12/01/2005,BZN,MT,ANM,WE,Federal Contract Tower,13,32,12,0,57,0,1,23,0,24,13,33,35,0,81,46,0,46,127
12/02/2005,BZN,MT,ANM,WE,Federal Contract Tower,13,30,14,0,57,0,1,4,0,5,13,31,18,0,62,10,0,10,72
12/03/2005,BZN,MT,ANM,WE,Federal Contract Tower,8,22,6,0,36,4,0,51,0,55,12,22,57,0,91,74,0,74,165
12/04/2005,BZN,MT,ANM,WE,Federal Contract Tower,14,20,8,0,42,0,0,15,0,15,14,20,23,0,57,16,0,16,73
12/05/2005,BZN,MT,ANM,WE,Federal Contract Tower,13,22,11,0,46,0,0,14,0,14,13,22,25,0,60,38,0,38,98
12/06/2005,BZN,MT,ANM,WE,Federal Contract Tower,13,27,20,0,60,0,0,10,0,10,13,27,30,0,70,44,0,44,114
12/07/2005,BZN,MT,ANM,WE,Federal Contract Tower,16,25,14,0,55,0,2,44,0,46,16,27,58,0,101,22,0,22,123
12/08/2005,BZN,MT,ANM,WE,Federal Contract Tower,15,31,11,2,59,0,2,42,1,45,15,33,53,3,104,106,0,106,210
12/09/2005,BZN,MT,ANM,WE,Federal Contract Tower,13,34,7,0,54,0,3,70,0,73,13,37,77,0,127,112,0,112,239
12/10/2005,BZN,MT,ANM,WE,Federal Contract Tower,16,22,5,1,44,0,1,52,0,53,16,23,57,1,97,75,0,75,172
12/11/2005,BZN,MT,ANM,WE,Federal Contract Tower,16,19,2,2,39,0,0,63,0,63,16,19,65,2,102,76,0,76,178
12/12/2005,BZN,MT,ANM,WE,Federal Contract Tower,14,25,19,0,58,0,0,47,0,47,14,25,66,0,105,70,0,70,175
12/13/2005,BZN,MT,ANM,WE,Federal Contract Tower,14,34,16,0,64,0,2,26,0,28,14,36,42,0,92,112,0,112,204
12/14/2005,BZN,MT,ANM,WE,Federal Contract Tower,13,37,18,0,68,0,1,39,0,40,13,38,57,0,108,138,0,138,246
12/15/2005,BZN,MT,ANM,WE,Federal Contract Tower,18,34,12,0,64,0,3,46,0,49,18,37,58,0,113,464,0,464,577
12/16/2005,BZN,MT,ANM,WE,Federal Contract Tower,20,38,11,0,69,0,4,9,0,13,20,42,20,0,82,30,0,30,112
12/17/2005,BZN,MT,ANM,WE,Federal Contract Tower,20,33,14,0,67,0,0,47,4,51,20,33,61,4,118,66,0,66,184
12/18/2005,BZN,MT,ANM,WE,Federal Contract Tower,24,22,11,1,58,0,0,39,0,39,24,22,50,1,97,36,0,36,133
12/19/2005,BZN,MT,ANM,WE,Federal Contract Tower,20,36,18,0,74,0,0,27,0,27,20,36,45,0,101,88,0,88,189
12/20/2005,BZN,MT,ANM,WE,Federal Contract Tower,20,33,22,0,75,0,2,49,0,51,20,35,71,0,126,186,0,186,312
12/21/2005,BZN,MT,ANM,WE,Federal Contract Tower,20,42,16,0,78,0,5,43,0,48,20,47,59,0,126,84,0,84,210
12/22/2005,BZN,MT,ANM,WE,Federal Contract Tower,20,39,10,0,69,0,1,48,0,49,20,40,58,0,118,98,0,98,216
12/23/2005,BZN,MT,ANM,WE,Federal Contract Tower,20,35,14,0,69,0,2,22,0,24,20,37,36,0,93,30,0,30,123
12/24/2005,BZN,MT,ANM,WE,Federal Contract Tower,22,33,8,0,63,0,0,30,0,30,22,33,38,0,93,58,0,58,151
12/25/2005,BZN,MT,ANM,WE,Federal Contract Tower,19,20,3,0,42,0,0,15,0,15,19,20,18,0,57,6,0,6,63
12/26/2005,BZN,MT,ANM,WE,Federal Contract Tower,20,43,45,0,108,0,0,17,0,17,20,43,62,0,125,0,0,0,125
12/27/2005,BZN,MT,ANM,WE,Federal Contract Tower,20,39,26,0,85,0,0,37,0,37,20,39,63,0,122,106,0,106,228
12/28/2005,BZN,MT,ANM,WE,Federal Contract Tower,17,49,13,0,79,0,0,8,0,8,17,49,21,0,87,30,0,30,117
12/29/2005,BZN,MT,ANM,WE,Federal Contract Tower,17,38,7,0,62,0,0,6,0,6,17,38,13,0,68,18,0,18,86
12/30/2005,BZN,MT,ANM,WE,Federal Contract Tower,19,39,25,0,83,0,0,47,0,47,19,39,72,0,130,100,0,100,230
12/31/2005,BZN,MT,ANM,WE,Federal Contract Tower,23,34,15,0,72,0,3,29,0,32,23,37,44,0,104,22,0,22,126
01/01/2006,BZN,MT,ANM,WE,Federal Contract Tower,18,44,32,0,94,0,0,31,0,31,18,44,63,0,125,32,0,32,157
01/02/2006,BZN,MT,ANM,WE,Federal Contract Tower,18,39,46,0,103,0,0,51,0,51,18,39,97,0,154,56,0,56,210
01/03/2006,BZN,MT,ANM,WE,Federal Contract Tower,19,32,22,0,73,0,0,20,0,20,19,32,42,0,93,96,0,96,189
01/04/2006,BZN,MT,ANM,WE,Federal Contract Tower,20,33,16,0,69,0,1,18,0,19,20,34,34,0,88,54,0,54,142
01/05/2006,BZN,MT,ANM,WE,Federal Contract Tower,18,27,12,0,57,0,0,70,0,70,18,27,82,0,127,206,0,206,333
01/06/2006,BZN,MT,ANM,WE,Federal Contract Tower,16,26,9,0,51,1,3,60,0,64,17,29,69,0,115,140,0,140,255
01/07/2006,BZN,MT,ANM,WE,Federal Contract Tower,21,29,9,1,60,0,0,43,0,43,21,29,52,1,103,48,0,48,151
01/08/2006,BZN,MT,ANM,WE,Federal Contract Tower,20,20,9,0,49,0,0,0,0,0,20,20,9,0,49,0,0,0,49
01/09/2006,BZN,MT,ANM,WE,Federal Contract Tower,18,24,6,1,49,0,0,64,0,64,18,24,70,1,113,138,0,138,251
01/10/2006,BZN,MT,ANM,WE,Federal Contract Tower,17,24,10,0,51,0,0,14,0,14,17,24,24,0,65,62,0,62,127
01/11/2006,BZN,MT,ANM,WE,Federal Contract Tower,18,23,9,0,50,0,0,19,0,19,18,23,28,0,69,38,0,38,107
01/12/2006,BZN,MT,ANM,WE,Federal Contract Tower,17,33,16,0,66,0,0,53,0,53,17,33,69,0,119,172,0,172,291
01/13/2006,BZN,MT,ANM,WE,Federal Contract Tower,15,40,23,0,78,0,3,85,10,98,15,43,108,10,176,178,10,188,364
01/14/2006,BZN,MT,ANM,WE,Federal Contract Tower,21,30,11,0,62,0,5,86,0,91,21,35,97,0,153,238,0,238,391
01/15/2006,BZN,MT,ANM,WE,Federal Contract Tower,19,23,22,0,64,0,0,3,0,3,19,23,25,0,67,6,0,6,73
01/16/2006,BZN,MT,ANM,WE,Federal Contract Tower,18,35,31,0,84,0,0,83,0,83,18,35,114,0,167,136,0,136,303
01/17/2006,BZN,MT,ANM,WE,Federal Contract Tower,18,26,6,0,50,0,0,48,0,48,18,26,54,0,98,128,0,128,226
01/18/2006,BZN,MT,ANM,WE,Federal Contract Tower,17,21,16,0,54,0,0,21,0,21,17,21,37,0,75,34,0,34,109
01/19/2006,BZN,MT,ANM,WE,Federal Contract Tower,16,26,26,0,68,0,0,32,0,32,16,26,58,0,100,98,0,98,198
01/20/2006,BZN,MT,ANM,WE,Federal Contract Tower,18,32,10,0,60,0,0,50,0,50,18,32,60,0,110,106,0,106,216
01/21/2006,BZN,MT,ANM,WE,Federal Contract Tower,22,23,7,0,52,0,0,39,0,39,22,23,46,0,91,70,0,70,161
01/22/2006,BZN,MT,ANM,WE,Federal Contract Tower,20,26,18,0,64,0,0,48,0,48,20,26,66,0,112,104,0,104,216
01/23/2006,BZN,MT,ANM,WE,Federal Contract Tower,19,27,12,0,58,0,0,55,0,55,19,27,67,0,113,104,0,104,217
01/24/2006,BZN,MT,ANM,WE,Federal Contract Tower,18,26,8,0,52,0,2,78,0,80,18,28,86,0,132,166,0,166,298
01/25/2006,BZN,MT,ANM,WE,Federal Contract Tower,17,39,21,0,77,0,2,82,0,84,17,41,103,0,161,196,0,196,357
01/26/2006,BZN,MT,ANM,WE,Federal Contract Tower,21,40,24,1,86,0,0,63,1,64,21,40,87,2,150,102,0,102,252
01/27/2006,BZN,MT,ANM,WE,Federal Contract Tower,21,35,22,0,78,0,0,47,0,47,21,35,69,0,125,92,0,92,217
01/28/2006,BZN,MT,ANM,WE,Federal Contract Tower,22,19,7,0,48,0,0,39,0,39,22,19,46,0,87,72,0,72,159
01/29/2006,BZN,MT,ANM,WE,Federal Contract Tower,18,37,18,0,73,0,0,47,0,47,18,37,65,0,120,88,0,88,208
01/30/2006,BZN,MT,ANM,WE,Federal Contract Tower,18,22,7,0,47,0,0,38,0,38,18,22,45,0,85,92,0,92,177
01/31/2006,BZN,MT,ANM,WE,Federal Contract Tower,19,29,14,0,62,0,1,34,0,35,19,30,48,0,97,110,0,110,207
02/01/2006,BZN,MT,ANM,WE,Federal Contract Tower,16,28,20,0,64,0,0,13,0,13,16,28,33,0,77,16,0,16,93
02/02/2006,BZN,MT,ANM,WE,Federal Contract Tower,19,27,22,0,68,0,0,35,0,35,19,27,57,0,103,66,0,66,169
02/03/2006,BZN,MT,ANM,WE,Federal Contract Tower,18,31,22,0,71,0,0,57,2,59,18,31,79,2,130,170,0,170,300
02/04/2006,BZN,MT,ANM,WE,Federal Contract Tower,22,25,14,0,61,0,1,64,0,65,22,26,78,0,126,82,0,82,208
02/05/2006,BZN,MT,ANM,WE,Federal Contract Tower,17,18,14,0,49,0,0,20,0,20,17,18,34,0,69,54,0,54,123
02/06/2006,BZN,MT,ANM,WE,Federal Contract Tower,18,30,13,0,61,0,0,63,2,65,18,30,76,2,126,50,0,50,176
02/07/2006,BZN,MT,ANM,WE,Federal Contract Tower,17,25,10,0,52,0,0,106,0,106,17,25,116,0,158,156,0,156,314
02/08/2006,BZN,MT,ANM,WE,Federal Contract Tower,18,26,16,0,60,0,1,55,0,56,18,27,71,0,116,182,0,182,298
02/09/2006,BZN,MT,ANM,WE,Federal Contract Tower,18,30,11,0,59,0,0,26,0,26,18,30,37,0,85,94,0,94,179
02/10/2006,BZN,MT,ANM,WE,Federal Contract Tower,18,33,19,0,70,0,0,35,0,35,18,33,54,0,105,36,0,36,141
02/11/2006,BZN,MT,ANM,WE,Federal Contract Tower,20,24,15,0,59,0,0,79,0,79,20,24,94,0,138,106,0,106,244
02/12/2006,BZN,MT,ANM,WE,Federal Contract Tower,18,26,11,0,55,0,0,53,0,53,18,26,64,0,108,70,0,70,178
02/13/2006,BZN,MT,ANM,WE,Federal Contract Tower,19,27,11,0,57,0,0,86,0,86,19,27,97,0,143,140,0,140,283
02/14/2006,BZN,MT,ANM,WE,Federal Contract Tower,19,24,11,0,54,0,0,32,0,32,19,24,43,0,86,90,0,90,176
02/15/2006,BZN,MT,ANM,WE,Federal Contract Tower,18,34,23,0,75,0,0,32,0,32,18,34,55,0,107,58,0,58,165
02/16/2006,BZN,MT,ANM,WE,Federal Contract Tower,16,47,23,0,86,0,0,7,0,7,16,47,30,0,93,28,0,28,121
02/17/2006,BZN,MT,ANM,WE,Federal Contract Tower,20,38,39,0,97,0,0,15,0,15,20,38,54,0,112,4,0,4,116
02/18/2006,BZN,MT,ANM,WE,Federal Contract Tower,25,34,21,0,80,0,0,15,0,15,25,34,36,0,95,10,0,10,105
02/19/2006,BZN,MT,ANM,WE,Federal Contract Tower,18,20,15,0,53,0,0,26,0,26,18,20,41,0,79,11,0,11,90
02/20/2006,BZN,MT,ANM,WE,Federal Contract Tower,18,52,32,0,102,0,0,54,0,54,18,52,86,0,156,102,0,102,258
02/21/2006,BZN,MT,ANM,WE,Federal Contract Tower,18,39,19,0,76,0,0,8,0,8,18,39,27,0,84,58,0,58,142
02/22/2006,BZN,MT,ANM,WE,Federal Contract Tower,18,39,35,0,92,0,0,8,0,8,18,39,43,0,100,40,0,40,140
02/23/2006,BZN,MT,ANM,WE,Federal Contract Tower,18,34,16,0,68,0,0,31,0,31,18,34,47,0,99,66,0,66,165
02/24/2006,BZN,MT,ANM,WE,Federal Contract Tower,19,34,24,0,77,0,0,43,0,43,19,34,67,0,120,68,0,68,188
02/25/2006,BZN,MT,ANM,WE,Federal Contract Tower,21,29,16,0,66,0,0,92,3,95,21,29,108,3,161,112,0,112,273
02/26/2006,BZN,MT,ANM,WE,Federal Contract Tower,19,22,43,0,84,0,0,52,0,52,19,22,95,0,136,74,0,74,210
02/27/2006,BZN,MT,ANM,WE,Federal Contract Tower,17,34,16,0,67,0,0,29,0,29,17,34,45,0,96,4,0,4,100
02/28/2006,BZN,MT,ANM,WE,Federal Contract Tower,19,29,22,0,70,0,0,8,1,9,19,29,30,1,79,48,0,48,127
03/01/2006,BZN,MT,ANM,WE,Federal Contract Tower,15,39,22,2,78,0,0,31,0,31,15,39,53,2,109,82,0,82,191
03/02/2006,BZN,MT,ANM,WE,Federal Contract Tower,15,43,17,0,75,0,0,67,0,67,15,43,84,0,142,104,0,104,246
03/03/2006,BZN,MT,ANM,WE,Federal Contract Tower,19,33,30,1,83,0,0,67,0,67,19,33,97,1,150,52,0,52,202
03/04/2006,BZN,MT,ANM,WE,Federal Contract Tower,23,34,9,0,66,0,0,12,0,12,23,34,21,0,78,8,0,8,86
03/05/2006,BZN,MT,ANM,WE,Federal Contract Tower,23,35,20,0,78,0,0,97,0,97,23,35,117,0,175,88,0,88,263
03/06/2006,BZN,MT,ANM,WE,Federal Contract Tower,20,30,15,0,65,0,0,60,0,60,20,30,75,0,125,116,0,116,241
03/07/2006,BZN,MT,ANM,WE,Federal Contract Tower,20,32,21,0,73,0,0,61,0,61,20,32,82,0,134,194,0,194,328
03/08/2006,BZN,MT,ANM,WE,Federal Contract Tower,21,41,15,0,77,0,0,63,0,63,21,41,78,0,140,168,0,168,308
03/09/2006,BZN,MT,ANM,WE,Federal Contract Tower,24,42,22,0,88,0,0,14,0,14,24,42,36,0,102,2,0,2,104
03/10/2006,BZN,MT,ANM,WE,Federal Contract Tower,20,42,23,2,87,0,0,71,0,71,20,42,94,2,158,152,0,152,310
03/11/2006,BZN,MT,ANM,WE,Federal Contract Tower,23,25,21,0,69,0,0,65,0,65,23,25,86,0,134,90,0,90,224
03/12/2006,BZN,MT,ANM,WE,Federal Contract Tower,25,27,22,0,74,0,0,16,0,16,25,27,38,0,90,76,0,76,166
03/13/2006,BZN,MT,ANM,WE,Federal Contract Tower,18,33,18,0,69,0,0,34,0,34,18,33,52,0,103,136,0,136,239
03/14/2006,BZN,MT,ANM,WE,Federal Contract Tower,23,25,36,0,84,0,0,20,0,20,23,25,56,0,104,66,0,66,170
03/15/2006,BZN,MT,ANM,WE,Federal Contract Tower,22,28,21,0,71,0,0,6,0,6,22,28,27,0,77,36,0,36,113
03/16/2006,BZN,MT,ANM,WE,Federal Contract Tower,25,31,25,0,81,0,0,52,0,52,25,31,77,0,133,84,0,84,217
03/17/2006,BZN,MT,ANM,WE,Federal Contract Tower,22,47,23,0,92,0,0,65,0,65,22,47,88,0,157,114,0,114,271
03/18/2006,BZN,MT,ANM,WE,Federal Contract Tower,23,24,15,0,62,0,0,3,0,3,23,24,18,0,65,0,0,0,65
03/19/2006,BZN,MT,ANM,WE,Federal Contract Tower,25,22,30,0,77,0,0,0,0,0,25,22,30,0,77,0,0,0,77
03/20/2006,BZN,MT,ANM,WE,Federal Contract Tower,22,27,25,0,74,0,0,14,0,14,22,27,39,0,88,46,0,46,134
03/21/2006,BZN,MT,ANM,WE,Federal Contract Tower,24,25,24,0,73,0,0,51,0,51,24,25,75,0,124,138,0,138,262
03/22/2006,BZN,MT,ANM,WE,Federal Contract Tower,20,34,24,0,78,0,0,35,0,35,20,34,59,0,113,106,0,106,219
03/23/2006,BZN,MT,ANM,WE,Federal Contract Tower,22,33,13,0,68,0,0,52,0,52,22,33,65,0,120,46,0,46,166
03/24/2006,BZN,MT,ANM,WE,Federal Contract Tower,22,28,26,0,76,0,0,72,0,72,22,28,98,0,148,90,0,90,238
03/25/2006,BZN,MT,ANM,WE,Federal Contract Tower,23,32,14,0,69,1,0,70,0,71,24,32,84,0,140,96,0,96,236
03/26/2006,BZN,MT,ANM,WE,Federal Contract Tower,24,29,21,0,74,0,0,5,0,5,24,29,26,0,79,2,0,2,81
03/27/2006,BZN,MT,ANM,WE,Federal Contract Tower,22,29,19,0,70,0,0,78,0,78,22,29,97,0,148,118,0,118,266
03/28/2006,BZN,MT,ANM,WE,Federal Contract Tower,19,25,25,0,69,0,0,32,0,32,19,25,57,0,101,60,0,60,161
03/29/2006,BZN,MT,ANM,WE,Federal Contract Tower,22,29,20,0,71,0,0,17,0,17,22,29,37,0,88,6,0,6,94
03/30/2006,BZN,MT,ANM,WE,Federal Contract Tower,21,31,19,0,71,0,0,45,0,45,21,31,64,0,116,66,0,66,182
03/31/2006,BZN,MT,ANM,WE,Federal Contract Tower,21,30,13,0,64,0,0,81,0,81,21,30,94,0,145,104,0,104,249
04/01/2006,BZN,MT,ANM,WE,Federal Contract Tower,27,22,12,0,61,0,0,69,0,69,27,22,81,0,130,118,0,118,248
04/02/2006,BZN,MT,ANM,WE,Federal Contract Tower,19,27,17,0,63,0,0,56,0,56,19,27,73,0,119,90,0,90,209
04/03/2006,BZN,MT,ANM,WE,Federal Contract Tower,19,22,21,0,62,0,0,68,0,68,19,22,89,0,130,104,0,104,234
04/04/2006,BZN,MT,ANM,WE,Federal Contract Tower,20,22,13,0,55,0,0,39,0,39,20,22,52,0,94,88,0,88,182
04/05/2006,BZN,MT,ANM,WE,Federal Contract Tower,19,24,10,0,53,0,0,7,0,7,19,24,17,0,60,24,0,24,84
04/06/2006,BZN,MT,ANM,WE,Federal Contract Tower,16,25,9,0,50,0,0,0,0,0,16,25,9,0,50,0,0,0,50
04/07/2006,BZN,MT,ANM,WE,Federal Contract Tower,19,33,27,0,79,0,0,60,0,60,19,33,87,0,139,112,0,112,251
04/08/2006,BZN,MT,ANM,WE,Federal Contract Tower,20,24,21,0,65,0,0,106,0,106,20,24,127,0,171,128,0,128,299
04/09/2006,BZN,MT,ANM,WE,Federal Contract Tower,18,18,12,0,48,0,0,69,0,69,18,18,81,0,117,82,0,82,199
04/10/2006,BZN,MT,ANM,WE,Federal Contract Tower,22,24,6,0,52,0,0,14,0,14,22,24,20,0,66,50,0,50,116
04/11/2006,BZN,MT,ANM,WE,Federal Contract Tower,20,23,11,1,55,0,0,37,0,37,20,23,48,1,92,60,0,60,152
04/12/2006,BZN,MT,ANM,WE,Federal Contract Tower,20,24,18,0,62,0,0,54,0,54,20,24,72,0,116,66,0,66,182
04/13/2006,BZN,MT,ANM,WE,Federal Contract Tower,19,27,17,0,63,0,0,33,0,33,19,27,50,0,96,28,0,28,124
04/14/2006,BZN,MT,ANM,WE,Federal Contract Tower,19,26,8,0,53,0,0,42,0,42,19,26,50,0,95,32,0,32,127
04/15/2006,BZN,MT,ANM,WE,Federal Contract Tower,17,21,12,0,50,0,1,63,0,64,17,22,75,0,114,96,0,96,210
04/16/2006,BZN,MT,ANM,WE,Federal Contract Tower,20,18,4,0,42,0,0,31,0,31,20,18,35,0,73,30,0,30,103
04/17/2006,BZN,MT,ANM,WE,Federal Contract Tower,17,24,14,0,55,0,0,0,0,0,17,24,14,0,55,0,0,0,55
04/18/2006,BZN,MT,ANM,WE,Federal Contract Tower,18,22,21,0,61,0,0,52,0,52,18,22,73,0,113,162,0,162,275
04/19/2006,BZN,MT,ANM,WE,Federal Contract Tower,18,23,11,0,52,0,0,112,0,112,18,23,123,0,164,176,0,176,340
04/20/2006,BZN,MT,ANM,WE,Federal Contract Tower,18,24,7,0,49,0,0,115,0,115,18,24,122,0,164,194,0,194,358
04/21/2006,BZN,MT,ANM,WE,Federal Contract Tower,18,33,10,1,62,0,0,100,1,101,18,33,110,2,163,160,0,160,323
04/22/2006,BZN,MT,ANM,WE,Federal Contract Tower,21,18,5,0,44,0,0,105,0,105,21,18,110,0,149,160,0,160,309
04/23/2006,BZN,MT,ANM,WE,Federal Contract Tower,18,17,6,0,41,0,0,0,0,0,18,17,6,0,41,0,0,0,41
04/24/2006,BZN,MT,ANM,WE,Federal Contract Tower,16,21,22,0,59,0,0,10,0,10,16,21,32,0,69,12,0,12,81
04/25/2006,BZN,MT,ANM,WE,Federal Contract Tower,18,27,17,0,62,1,2,65,0,68,19,29,82,0,130,190,0,190,320
04/26/2006,BZN,MT,ANM,WE,Federal Contract Tower,18,25,13,0,56,0,0,82,0,82,18,25,95,0,138,204,0,204,342
04/27/2006,BZN,MT,ANM,WE,Federal Contract Tower,18,23,20,0,61,0,0,69,0,69,18,23,89,0,130,148,0,148,278
04/28/2006,BZN,MT,ANM,WE,Federal Contract Tower,18,23,8,0,49,0,0,123,0,123,18,23,131,0,172,128,0,128,300
04/29/2006,BZN,MT,ANM,WE,Federal Contract Tower,20,25,4,0,49,0,0,148,0,148,20,25,152,0,197,170,0,170,367
04/30/2006,BZN,MT,ANM,WE,Federal Contract Tower,18,18,3,0,39,0,0,42,0,42,18,18,45,0,81,24,0,24,105
05/01/2006,BZN,MT,ANM,WE,Federal Contract Tower,20,24,12,0,56,0,0,55,0,55,20,24,67,0,111,62,0,62,173
05/02/2006,BZN,MT,ANM,WE,Federal Contract Tower,20,25,4,0,49,0,1,51,0,52,20,26,55,0,101,66,0,66,167
05/03/2006,BZN,MT,ANM,WE,Federal Contract Tower,24,27,13,0,64,0,0,71,0,71,24,27,84,0,135,180,0,180,315
05/04/2006,BZN,MT,ANM,WE,Federal Contract Tower,22,28,12,0,62,0,0,81,2,83,22,28,93,2,145,118,0,118,263
05/05/2006,BZN,MT,ANM,WE,Federal Contract Tower,22,26,15,0,63,0,0,148,0,148,22,26,163,0,211,204,0,204,415
05/06/2006,BZN,MT,ANM,WE,Federal Contract Tower,21,17,6,0,44,0,0,108,0,108,21,17,114,0,152,106,0,106,258
05/07/2006,BZN,MT,ANM,WE,Federal Contract Tower,18,16,14,0,48,0,0,47,0,47,18,16,61,0,95,96,0,96,191
05/08/2006,BZN,MT,ANM,WE,Federal Contract Tower,22,26,16,0,64,0,0,44,0,44,22,26,60,0,108,88,0,88,196
05/09/2006,BZN,MT,ANM,WE,Federal Contract Tower,22,18,20,0,60,0,0,33,0,33,22,18,53,0,93,26,0,26,119
05/10/2006,BZN,MT,ANM,WE,Federal Contract Tower,22,21,11,0,54,0,0,104,0,104,22,21,115,0,158,160,0,160,318
05/11/2006,BZN,MT,ANM,WE,Federal Contract Tower,19,22,24,0,65,0,0,84,0,84,19,22,108,0,149,76,0,76,225
05/12/2006,BZN,MT,ANM,WE,Federal Contract Tower,23,22,10,0,55,0,0,95,0,95,23,22,105,0,150,120,0,120,270
05/13/2006,BZN,MT,ANM,WE,Federal Contract Tower,21,21,1,0,43,0,0,92,0,92,21,21,93,0,135,82,0,82,217
05/14/2006,BZN,MT,ANM,WE,Federal Contract Tower,19,15,5,0,39,0,0,68,0,68,19,15,73,0,107,24,0,24,131
05/15/2006,BZN,MT,ANM,WE,Federal Contract Tower,22,18,6,0,46,0,0,83,0,83,22,18,89,0,129,132,0,132,261
05/16/2006,BZN,MT,ANM,WE,Federal Contract Tower,19,21,4,0,44,0,0,86,0,86,19,21,90,0,130,76,0,76,206
05/17/2006,BZN,MT,ANM,WE,Federal Contract Tower,19,26,23,0,68,0,0,118,0,118,19,26,141,0,186,114,0,114,300
05/18/2006,BZN,MT,ANM,WE,Federal Contract Tower,19,28,9,0,56,0,0,100,1,101,19,28,109,1,157,78,0,78,235
05/19/2006,BZN,MT,ANM,WE,Federal Contract Tower,22,21,14,0,57,0,0,106,0,106,22,21,120,0,163,116,0,116,279
05/20/2006,BZN,MT,ANM,WE,Federal Contract Tower,21,20,2,4,47,0,0,47,0,47,21,20,49,4,94,44,0,44,138
05/21/2006,BZN,MT,ANM,WE,Federal Contract Tower,19,18,11,0,48,0,0,110,0,110,19,18,121,0,158,110,0,110,268
05/22/2006,BZN,MT,ANM,WE,Federal Contract Tower,23,21,5,0,49,0,0,66,0,66,23,21,71,0,115,134,0,134,249
05/23/2006,BZN,MT,ANM,WE,Federal Contract Tower,20,23,21,0,64,0,3,49,0,52,20,26,70,0,116,110,0,110,226
05/24/2006,BZN,MT,ANM,WE,Federal Contract Tower,22,23,17,0,62,0,0,101,0,101,22,23,118,0,163,84,0,84,247
05/25/2006,BZN,MT,ANM,WE,Federal Contract Tower,21,24,9,0,54,0,0,67,1,68,21,24,76,1,122,70,0,70,192
05/26/2006,BZN,MT,ANM,WE,Federal Contract Tower,20,38,15,1,74,0,0,52,0,52,20,38,67,1,126,108,0,108,234
05/27/2006,BZN,MT,ANM,WE,Federal Contract Tower,19,26,7,0,52,0,0,0,0,0,19,26,7,0,52,0,0,0,52
05/28/2006,BZN,MT,ANM,WE,Federal Contract Tower,20,15,9,1,45,0,0,8,0,8,20,15,17,1,53,28,0,28,81
05/29/2006,BZN,MT,ANM,WE,Federal Contract Tower,23,20,15,2,60,0,0,35,0,35,23,20,50,2,95,50,0,50,145
05/30/2006,BZN,MT,ANM,WE,Federal Contract Tower,24,21,12,1,58,0,1,91,1,93,24,22,103,2,151,108,0,108,259
05/31/2006,BZN,MT,ANM,WE,Federal Contract Tower,23,30,10,2,65,0,0,115,0,115,23,30,125,2,180,108,0,108,288
06/01/2006,BZN,MT,ANM,WE,Federal Contract Tower,22,26,10,0,58,0,0,110,0,110,22,26,120,0,168,130,0,130,298
06/02/2006,BZN,MT,ANM,WE,Federal Contract Tower,23,23,8,0,54,0,0,99,0,99,23,23,107,0,153,84,0,84,237
06/03/2006,BZN,MT,ANM,WE,Federal Contract Tower,21,17,6,0,44,0,0,112,0,112,21,17,118,0,156,126,0,126,282
06/04/2006,BZN,MT,ANM,WE,Federal Contract Tower,19,18,7,0,44,0,0,69,0,69,19,18,76,0,113,36,0,36,149
06/05/2006,BZN,MT,ANM,WE,Federal Contract Tower,25,21,9,0,55,0,0,109,0,109,25,21,118,0,164,156,0,156,320
06/06/2006,BZN,MT,ANM,WE,Federal Contract Tower,21,26,20,2,69,0,0,114,0,114,21,26,134,2,183,94,0,94,277
06/07/2006,BZN,MT,ANM,WE,Federal Contract Tower,21,24,10,0,55,0,0,59,0,59,21,24,69,0,114,50,0,50,164
06/08/2006,BZN,MT,ANM,WE,Federal Contract Tower,25,32,25,0,82,0,0,64,0,64,25,32,89,0,146,74,0,74,220
06/09/2006,BZN,MT,ANM,WE,Federal Contract Tower,24,24,17,0,65,0,0,47,0,47,24,24,64,0,112,50,0,50,162
06/10/2006,BZN,MT,ANM,WE,Federal Contract Tower,23,21,19,0,63,0,0,45,0,45,23,21,64,0,108,40,0,40,148
06/11/2006,BZN,MT,ANM,WE,Federal Contract Tower,27,18,11,0,56,0,0,79,0,79,27,18,90,0,135,142,0,142,277
06/12/2006,BZN,MT,ANM,WE,Federal Contract Tower,24,25,16,0,65,0,0,92,0,92,24,25,108,0,157,170,0,170,327
06/13/2006,BZN,MT,ANM,WE,Federal Contract Tower,24,33,14,0,71,0,0,74,0,74,24,33,88,0,145,76,0,76,221
06/14/2006,BZN,MT,ANM,WE,Federal Contract Tower,28,22,19,0,69,0,0,37,0,37,28,22,56,0,106,68,0,68,174
06/15/2006,BZN,MT,ANM,WE,Federal Contract Tower,25,32,14,0,71,0,0,66,0,66,25,32,80,0,137,74,0,74,211
06/16/2006,BZN,MT,ANM,WE,Federal Contract Tower,26,28,25,0,79,0,0,75,0,75,26,28,100,0,154,64,0,64,218
06/17/2006,BZN,MT,ANM,WE,Federal Contract Tower,25,27,15,0,67,0,0,119,0,119,25,27,134,0,186,108,0,108,294
06/18/2006,BZN,MT,ANM,WE,Federal Contract Tower,27,20,15,0,62,0,0,175,0,175,27,20,190,0,237,132,0,132,369
06/19/2006,BZN,MT,ANM,WE,Federal Contract Tower,24,30,14,0,68,0,0,50,0,50,24,30,64,0,118,26,0,26,144
06/20/2006,BZN,MT,ANM,WE,Federal Contract Tower,28,27,17,0,72,0,0,78,0,78,28,27,95,0,150,84,0,84,234
06/21/2006,BZN,MT,ANM,WE,Federal Contract Tower,28,20,16,0,64,0,1,128,0,129,28,21,144,0,193,134,0,134,327
06/22/2006,BZN,MT,ANM,WE,Federal Contract Tower,25,30,10,2,67,0,0,103,2,105,25,30,113,4,172,148,0,148,320
06/23/2006,BZN,MT,ANM,WE,Federal Contract Tower,25,28,13,0,66,0,0,116,3,119,25,28,129,3,185,108,0,108,293
06/24/2006,BZN,MT,ANM,WE,Federal Contract Tower,31,28,11,0,70,0,0,126,0,126,31,28,137,0,196,66,0,66,262
06/25/2006,BZN,MT,ANM,WE,Federal Contract Tower,27,30,22,0,79,0,0,126,0,126,27,30,148,0,205,62,0,62,267
06/26/2006,BZN,MT,ANM,WE,Federal Contract Tower,24,25,9,0,58,0,0,100,0,100,24,25,109,0,158,114,0,114,272
06/27/2006,BZN,MT,ANM,WE,Federal Contract Tower,27,23,16,0,66,0,0,91,0,91,27,23,107,0,157,122,0,122,279
06/28/2006,BZN,MT,ANM,WE,Federal Contract Tower,28,36,21,2,87,0,0,116,0,116,28,36,137,2,203,72,0,72,275
06/29/2006,BZN,MT,ANM,WE,Federal Contract Tower,24,39,29,2,94,0,0,62,0,62,24,39,91,2,156,86,0,86,242
06/30/2006,BZN,MT,ANM,WE,Federal Contract Tower,26,35,36,0,97,0,0,139,0,139,26,35,175,0,236,158,0,158,394
07/01/2006,BZN,MT,ANM,WE,Federal Contract Tower,32,33,38,0,103,0,0,134,0,134,32,33,172,0,237,50,0,50,287
07/02/2006,BZN,MT,ANM,WE,Federal Contract Tower,27,36,38,0,101,0,0,76,0,76,27,36,114,0,177,14,0,14,191
07/03/2006,BZN,MT,ANM,WE,Federal Contract Tower,24,23,11,0,58,0,0,62,0,62,24,23,73,0,120,48,0,48,168
07/04/2006,BZN,MT,ANM,WE,Federal Contract Tower,25,23,15,0,63,0,0,103,0,103,25,23,118,0,166,132,0,132,298
07/05/2006,BZN,MT,ANM,WE,Federal Contract Tower,29,33,27,1,90,0,0,65,0,65,29,33,92,1,155,80,0,80,235
07/06/2006,BZN,MT,ANM,WE,Federal Contract Tower,24,29,17,0,70,0,0,81,0,81,24,29,98,0,151,124,0,124,275
07/07/2006,BZN,MT,ANM,WE,Federal Contract Tower,26,28,21,0,75,0,0,123,0,123,26,28,144,0,198,82,0,82,280
07/08/2006,BZN,MT,ANM,WE,Federal Contract Tower,31,28,16,0,75,0,0,159,0,159,31,28,175,0,234,126,0,126,360
07/09/2006,BZN,MT,ANM,WE,Federal Contract Tower,28,38,33,0,99,0,0,118,0,118,28,38,151,0,217,64,0,64,281
07/10/2006,BZN,MT,ANM,WE,Federal Contract Tower,24,30,11,0,65,0,0,81,0,81,24,30,92,0,146,82,0,82,228
07/11/2006,BZN,MT,ANM,WE,Federal Contract Tower,26,24,25,0,75,0,3,89,0,92,26,27,114,0,167,118,0,118,285
07/12/2006,BZN,MT,ANM,WE,Federal Contract Tower,31,27,32,0,90,0,2,64,0,66,31,29,96,0,156,128,0,128,284
07/13/2006,BZN,MT,ANM,WE,Federal Contract Tower,26,30,35,0,91,0,0,92,0,92,26,30,127,0,183,168,0,168,351
07/14/2006,BZN,MT,ANM,WE,Federal Contract Tower,26,48,15,4,93,0,0,122,0,122,26,48,137,4,215,152,0,152,367
07/15/2006,BZN,MT,ANM,WE,Federal Contract Tower,33,33,22,0,88,0,0,121,0,121,33,33,143,0,209,56,0,56,265
07/16/2006,BZN,MT,ANM,WE,Federal Contract Tower,26,30,21,0,77,0,0,83,0,83,26,30,104,0,160,48,0,48,208
07/17/2006,BZN,MT,ANM,WE,Federal Contract Tower,23,31,24,0,78,0,0,118,0,118,23,31,142,0,196,158,0,158,354
07/18/2006,BZN,MT,ANM,WE,Federal Contract Tower,29,31,21,0,81,0,6,107,2,115,29,37,128,2,196,164,0,164,360
07/19/2006,BZN,MT,ANM,WE,Federal Contract Tower,28,37,28,0,93,0,0,87,0,87,28,37,115,0,180,180,0,180,360
07/20/2006,BZN,MT,ANM,WE,Federal Contract Tower,24,33,20,0,77,0,0,87,0,87,24,33,107,0,164,114,0,114,278
07/21/2006,BZN,MT,ANM,WE,Federal Contract Tower,26,34,28,0,88,0,0,139,0,139,26,34,167,0,227,118,0,118,345
07/22/2006,BZN,MT,ANM,WE,Federal Contract Tower,33,32,24,0,89,0,0,97,0,97,33,32,121,0,186,122,0,122,308
07/23/2006,BZN,MT,ANM,WE,Federal Contract Tower,27,30,31,0,88,0,0,108,0,108,27,30,139,0,196,28,0,28,224
07/24/2006,BZN,MT,ANM,WE,Federal Contract Tower,24,35,24,0,83,0,0,57,0,57,24,35,81,0,140,50,0,50,190
07/25/2006,BZN,MT,ANM,WE,Federal Contract Tower,28,26,27,0,81,0,0,89,0,89,28,26,116,0,170,146,0,146,316
07/26/2006,BZN,MT,ANM,WE,Federal Contract Tower,30,31,14,1,76,0,0,119,1,120,30,31,133,2,196,108,0,108,304
07/27/2006,BZN,MT,ANM,WE,Federal Contract Tower,26,32,33,0,91,0,0,86,0,86,26,32,119,0,177,118,0,118,295
07/28/2006,BZN,MT,ANM,WE,Federal Contract Tower,27,34,21,0,82,0,0,89,0,89,27,34,110,0,171,156,0,156,327
07/29/2006,BZN,MT,ANM,WE,Federal Contract Tower,33,24,18,0,75,0,0,110,0,110,33,24,128,0,185,196,0,196,381
07/30/2006,BZN,MT,ANM,WE,Federal Contract Tower,26,34,24,0,84,0,0,101,0,101,26,34,125,0,185,26,0,26,211
07/31/2006,BZN,MT,ANM,WE,Federal Contract Tower,24,30,25,0,79,0,0,110,0,110,24,30,135,0,189,182,0,182,371
08/01/2006,BZN,MT,ANM,WE,Federal Contract Tower,28,33,22,0,83,0,1,84,0,85,28,34,106,0,168,116,0,116,284
08/02/2006,BZN,MT,ANM,WE,Federal Contract Tower,30,32,18,0,80,0,0,111,0,111,30,32,129,0,191,254,0,254,445
08/03/2006,BZN,MT,ANM,WE,Federal Contract Tower,23,30,25,0,78,0,0,97,0,97,23,30,122,0,175,100,0,100,275
08/04/2006,BZN,MT,ANM,WE,Federal Contract Tower,28,26,27,0,81,0,0,117,0,117,28,26,144,0,198,94,0,94,292
08/05/2006,BZN,MT,ANM,WE,Federal Contract Tower,33,31,13,0,77,0,2,201,0,203,33,33,214,0,280,104,0,104,384
08/06/2006,BZN,MT,ANM,WE,Federal Contract Tower,29,23,36,0,88,0,0,120,0,120,29,23,156,0,208,208,0,208,416
08/07/2006,BZN,MT,ANM,WE,Federal Contract Tower,24,26,17,0,67,0,0,81,0,81,24,26,98,0,148,108,0,108,256
08/08/2006,BZN,MT,ANM,WE,Federal Contract Tower,26,29,16,0,71,0,21,70,0,91,26,50,86,0,162,46,0,46,208
08/09/2006,BZN,MT,ANM,WE,Federal Contract Tower,31,31,31,0,93,0,0,92,0,92,31,31,123,0,185,164,0,164,349
08/10/2006,BZN,MT,ANM,WE,Federal Contract Tower,25,31,25,0,81,0,0,106,0,106,25,31,131,0,187,148,0,148,335
08/11/2006,BZN,MT,ANM,WE,Federal Contract Tower,29,35,26,0,90,0,0,107,0,107,29,35,133,0,197,96,0,96,293
08/12/2006,BZN,MT,ANM,WE,Federal Contract Tower,33,35,22,0,90,0,0,97,0,97,33,35,119,0,187,16,0,16,203
08/13/2006,BZN,MT,ANM,WE,Federal Contract Tower,27,35,22,0,84,0,0,117,0,117,27,35,139,0,201,146,0,146,347
08/14/2006,BZN,MT,ANM,WE,Federal Contract Tower,26,50,16,0,92,0,0,94,0,94,26,50,110,0,186,62,0,62,248
08/15/2006,BZN,MT,ANM,WE,Federal Contract Tower,28,32,27,0,87,0,0,77,0,77,28,32,104,0,164,118,0,118,282
08/16/2006,BZN,MT,ANM,WE,Federal Contract Tower,30,33,29,0,92,0,1,74,0,75,30,34,103,0,167,124,0,124,291
08/17/2006,BZN,MT,ANM,WE,Federal Contract Tower,25,40,28,0,93,0,0,60,0,60,25,40,88,0,153,112,0,112,265
08/18/2006,BZN,MT,ANM,WE,Federal Contract Tower,28,42,18,0,88,0,0,132,0,132,28,42,150,0,220,240,0,240,460
08/19/2006,BZN,MT,ANM,WE,Federal Contract Tower,33,39,25,0,97,0,0,129,0,129,33,39,154,0,226,72,0,72,298
08/20/2006,BZN,MT,ANM,WE,Federal Contract Tower,29,41,23,1,94,0,0,106,0,106,29,41,129,1,200,104,0,104,304
08/21/2006,BZN,MT,ANM,WE,Federal Contract Tower,22,31,30,0,83,0,0,113,0,113,22,31,143,0,196,152,0,152,348
08/22/2006,BZN,MT,ANM,WE,Federal Contract Tower,26,31,13,0,70,0,1,62,0,63,26,32,75,0,133,56,0,56,189
08/23/2006,BZN,MT,ANM,WE,Federal Contract Tower,28,32,19,0,79,0,0,89,0,89,28,32,108,0,168,132,0,132,300
08/24/2006,BZN,MT,ANM,WE,Federal Contract Tower,27,30,22,0,79,0,0,71,0,71,27,30,93,0,150,112,0,112,262
08/25/2006,BZN,MT,ANM,WE,Federal Contract Tower,26,30,30,0,86,0,0,90,0,90,26,30,120,0,176,84,0,84,260
08/26/2006,BZN,MT,ANM,WE,Federal Contract Tower,30,31,29,0,90,0,0,141,0,141,30,31,170,0,231,86,0,86,317
08/27/2006,BZN,MT,ANM,WE,Federal Contract Tower,26,35,40,0,101,0,0,82,0,82,26,35,122,0,183,84,0,84,267
08/28/2006,BZN,MT,ANM,WE,Federal Contract Tower,24,26,18,0,68,0,0,84,0,84,24,26,102,0,152,76,0,76,228
08/29/2006,BZN,MT,ANM,WE,Federal Contract Tower,26,33,25,0,84,0,0,91,0,91,26,33,116,0,175,104,0,104,279
08/30/2006,BZN,MT,ANM,WE,Federal Contract Tower,25,31,20,1,77,0,10,61,1,72,25,41,81,2,149,100,0,100,249
08/31/2006,BZN,MT,ANM,WE,Federal Contract Tower,26,25,30,0,81,0,0,90,0,90,26,25,120,0,171,104,0,104,275
09/01/2006,BZN,MT,ANM,WE,Federal Contract Tower,28,30,22,0,80,0,0,112,0,112,28,30,134,0,192,120,0,120,312
09/02/2006,BZN,MT,ANM,WE,Federal Contract Tower,25,30,14,0,69,0,0,94,0,94,25,30,108,0,163,36,0,36,199
09/03/2006,BZN,MT,ANM,WE,Federal Contract Tower,26,20,10,0,56,0,0,29,0,29,26,20,39,0,85,26,0,26,111
09/04/2006,BZN,MT,ANM,WE,Federal Contract Tower,25,28,21,0,74,0,0,14,0,14,25,28,35,0,88,0,0,0,88
09/05/2006,BZN,MT,ANM,WE,Federal Contract Tower,26,27,34,1,88,0,0,16,0,16,26,27,50,1,104,0,0,0,104
09/06/2006,BZN,MT,ANM,WE,Federal Contract Tower,15,31,26,0,72,0,0,42,0,42,15,31,68,0,114,6,0,6,120
09/07/2006,BZN,MT,ANM,WE,Federal Contract Tower,15,35,20,0,70,0,0,54,0,54,15,35,74,0,124,94,0,94,218
09/08/2006,BZN,MT,ANM,WE,Federal Contract Tower,16,44,15,0,75,0,0,89,0,89,16,44,104,0,164,96,0,96,260
09/09/2006,BZN,MT,ANM,WE,Federal Contract Tower,16,31,10,0,57,0,0,106,0,106,16,31,116,0,163,176,0,176,339
09/10/2006,BZN,MT,ANM,WE,Federal Contract Tower,15,33,17,0,65,0,0,99,0,99,15,33,116,0,164,92,0,92,256
09/11/2006,BZN,MT,ANM,WE,Federal Contract Tower,14,28,21,0,63,0,0,104,0,104,14,28,125,0,167,178,0,178,345
09/12/2006,BZN,MT,ANM,WE,Federal Contract Tower,14,31,18,0,63,0,0,94,0,94,14,31,112,0,157,160,0,160,317
09/13/2006,BZN,MT,ANM,WE,Federal Contract Tower,14,39,21,0,74,0,0,139,0,139,14,39,160,0,213,188,0,188,401
09/14/2006,BZN,MT,ANM,WE,Federal Contract Tower,14,44,26,0,84,0,1,84,0,85,14,45,110,0,169,176,0,176,345
09/15/2006,BZN,MT,ANM,WE,Federal Contract Tower,15,35,33,0,83,0,0,43,0,43,15,35,76,0,126,140,0,140,266
09/16/2006,BZN,MT,ANM,WE,Federal Contract Tower,16,32,21,0,69,0,0,3,0,3,16,32,24,0,72,0,0,0,72
09/17/2006,BZN,MT,ANM,WE,Federal Contract Tower,14,36,23,0,73,0,0,24,0,24,14,36,47,0,97,8,0,8,105
09/18/2006,BZN,MT,ANM,WE,Federal Contract Tower,14,29,26,0,69,0,0,103,0,103,14,29,129,0,172,162,0,162,334
09/19/2006,BZN,MT,ANM,WE,Federal Contract Tower,12,47,21,0,80,0,0,56,0,56,12,47,77,0,136,218,0,218,354
09/20/2006,BZN,MT,ANM,WE,Federal Contract Tower,12,33,16,0,61,0,25,22,0,47,12,58,38,0,108,84,0,84,192
09/21/2006,BZN,MT,ANM,WE,Federal Contract Tower,15,32,17,0,64,0,0,39,0,39,15,32,56,0,103,90,0,90,193
09/22/2006,BZN,MT,ANM,WE,Federal Contract Tower,13,42,16,2,73,0,0,17,0,17,13,42,33,2,90,66,0,66,156
09/23/2006,BZN,MT,ANM,WE,Federal Contract Tower,14,30,17,3,64,0,2,99,6,107,14,32,116,9,171,72,0,72,243
09/24/2006,BZN,MT,ANM,WE,Federal Contract Tower,13,35,27,2,77,0,0,115,0,115,13,35,142,2,192,124,0,124,316
09/25/2006,BZN,MT,ANM,WE,Federal Contract Tower,14,29,23,3,69,0,0,113,0,113,14,29,136,3,182,134,0,134,316
09/26/2006,BZN,MT,ANM,WE,Federal Contract Tower,14,31,24,0,69,0,0,106,0,106,14,31,130,0,175,214,0,214,389
09/27/2006,BZN,MT,ANM,WE,Federal Contract Tower,14,34,15,0,63,0,0,79,0,79,14,34,94,0,142,116,0,116,258
09/28/2006,BZN,MT,ANM,WE,Federal Contract Tower,14,35,13,0,62,0,0,89,0,89,14,35,102,0,151,184,0,184,335
09/29/2006,BZN,MT,ANM,WE,Federal Contract Tower,16,32,13,2,63,0,2,93,0,95,16,34,106,2,158,122,0,122,280
09/30/2006,BZN,MT,ANM,WE,Federal Contract Tower,16,32,13,0,61,0,1,148,0,149,16,33,161,0,210,78,0,78,288
10/01/2006,BZN,MT,ANM,WE,Federal Contract Tower,14,32,12,0,58,0,0,117,0,117,14,32,129,0,175,100,0,100,275
10/02/2006,BZN,MT,ANM,WE,Federal Contract Tower,11,31,9,0,51,0,0,79,0,79,11,31,88,0,130,98,0,98,228
10/03/2006,BZN,MT,ANM,WE,Federal Contract Tower,12,36,17,0,65,0,0,61,0,61,12,36,78,0,126,88,0,88,214
10/04/2006,BZN,MT,ANM,WE,Federal Contract Tower,12,33,11,0,56,0,0,70,0,70,12,33,81,0,126,164,0,164,290
10/05/2006,BZN,MT,ANM,WE,Federal Contract Tower,10,29,14,0,53,0,0,77,0,77,10,29,91,0,130,154,0,154,284
10/06/2006,BZN,MT,ANM,WE,Federal Contract Tower,11,33,16,0,60,0,15,74,0,89,11,48,90,0,149,156,0,156,305
10/07/2006,BZN,MT,ANM,WE,Federal Contract Tower,12,34,14,3,63,0,3,8,2,13,12,37,22,5,76,38,0,38,114
10/08/2006,BZN,MT,ANM,WE,Federal Contract Tower,12,28,20,0,60,0,0,50,0,50,12,28,70,0,110,90,0,90,200
10/09/2006,BZN,MT,ANM,WE,Federal Contract Tower,10,36,18,0,64,0,0,23,0,23,10,36,41,0,87,46,0,46,133
10/10/2006,BZN,MT,ANM,WE,Federal Contract Tower,12,31,28,0,71,0,25,99,0,124,12,56,127,0,195,200,0,200,395
10/11/2006,BZN,MT,ANM,WE,Federal Contract Tower,12,34,18,0,64,0,14,77,0,91,12,48,95,0,155,146,0,146,301
10/12/2006,BZN,MT,ANM,WE,Federal Contract Tower,11,33,12,0,56,0,0,97,0,97,11,33,109,0,153,150,0,150,303
10/13/2006,BZN,MT,ANM,WE,Federal Contract Tower,14,31,8,0,53,0,0,130,0,130,14,31,138,0,183,172,0,172,355
10/14/2006,BZN,MT,ANM,WE,Federal Contract Tower,13,28,12,0,53,0,0,158,0,158,13,28,170,0,211,142,0,142,353
10/15/2006,BZN,MT,ANM,WE,Federal Contract Tower,11,26,16,0,53,0,0,51,0,51,11,26,67,0,104,44,0,44,148
10/16/2006,BZN,MT,ANM,WE,Federal Contract Tower,13,33,9,0,55,0,0,5,0,5,13,33,14,0,60,18,0,18,78
10/17/2006,BZN,MT,ANM,WE,Federal Contract Tower,12,33,6,0,51,0,0,45,0,45,12,33,51,0,96,144,0,144,240
10/18/2006,BZN,MT,ANM,WE,Federal Contract Tower,12,31,15,0,58,0,0,63,2,65,12,31,78,2,123,88,0,88,211
10/19/2006,BZN,MT,ANM,WE,Federal Contract Tower,9,35,19,0,63,0,0,50,0,50,9,35,69,0,113,142,0,142,255
10/20/2006,BZN,MT,ANM,WE,Federal Contract Tower,10,36,10,0,56,0,0,21,0,21,10,36,31,0,77,94,0,94,171
10/21/2006,BZN,MT,ANM,WE,Federal Contract Tower,9,32,12,0,53,0,0,5,0,5,9,32,17,0,58,6,0,6,64
10/22/2006,BZN,MT,ANM,WE,Federal Contract Tower,12,34,5,0,51,0,0,97,0,97,12,34,102,0,148,140,0,140,288
10/23/2006,BZN,MT,ANM,WE,Federal Contract Tower,12,37,18,0,67,0,0,111,0,111,12,37,129,0,178,134,0,134,312
10/24/2006,BZN,MT,ANM,WE,Federal Contract Tower,12,38,28,0,78,0,0,114,0,114,12,38,142,0,192,170,0,170,362
10/25/2006,BZN,MT,ANM,WE,Federal Contract Tower,10,31,22,0,63,0,0,36,0,36,10,31,58,0,99,118,0,118,217
10/26/2006,BZN,MT,ANM,WE,Federal Contract Tower,10,32,20,0,62,0,0,70,0,70,10,32,90,0,132,136,0,136,268
10/27/2006,BZN,MT,ANM,WE,Federal Contract Tower,12,34,18,1,65,0,0,88,11,99,12,34,106,12,164,104,0,104,268
10/28/2006,BZN,MT,ANM,WE,Federal Contract Tower,12,37,12,0,61,0,0,83,5,88,12,37,95,5,149,62,0,62,211
10/29/2006,BZN,MT,ANM,WE,Federal Contract Tower,13,27,11,0,51,0,0,63,0,63,13,27,74,0,114,28,0,28,142
10/30/2006,BZN,MT,ANM,WE,Federal Contract Tower,12,31,7,1,51,0,0,40,0,40,12,31,47,1,91,70,0,70,161
10/31/2006,BZN,MT,ANM,WE,Federal Contract Tower,12,30,15,0,57,0,0,86,0,86,12,30,101,0,143,108,0,108,251
11/01/2006,BZN,MT,ANM,WE,Federal Contract Tower,12,29,17,0,58,0,0,98,0,98,12,29,115,0,156,106,0,106,262
11/02/2006,BZN,MT,ANM,WE,Federal Contract Tower,12,27,9,0,48,0,1,58,0,59,12,28,67,0,107,124,0,124,231
11/03/2006,BZN,MT,ANM,WE,Federal Contract Tower,12,28,9,0,49,0,0,53,0,53,12,28,62,0,102,92,0,92,194
11/04/2006,BZN,MT,ANM,WE,Federal Contract Tower,10,26,9,0,45,0,0,55,11,66,10,26,64,11,111,102,0,102,213
11/05/2006,BZN,MT,ANM,WE,Federal Contract Tower,10,26,11,0,47,0,0,20,0,20,10,26,31,0,67,26,0,26,93
11/06/2006,BZN,MT,ANM,WE,Federal Contract Tower,11,29,16,0,56,0,0,25,0,25,11,29,41,0,81,70,0,70,151
11/07/2006,BZN,MT,ANM,WE,Federal Contract Tower,12,25,13,1,51,0,0,10,0,10,12,25,23,1,61,46,0,46,107
11/08/2006,BZN,MT,ANM,WE,Federal Contract Tower,12,28,10,0,50,0,0,36,0,36,12,28,46,0,86,72,0,72,158
11/09/2006,BZN,MT,ANM,WE,Federal Contract Tower,12,33,14,0,59,0,0,54,0,54,12,33,68,0,113,118,0,118,231
11/10/2006,BZN,MT,ANM,WE,Federal Contract Tower,12,31,9,0,52,0,0,91,0,91,12,31,100,0,143,150,0,150,293
11/11/2006,BZN,MT,ANM,WE,Federal Contract Tower,11,29,3,0,43,0,0,33,0,33,11,29,36,0,76,84,0,84,160
11/12/2006,BZN,MT,ANM,WE,Federal Contract Tower,11,29,11,0,51,0,0,69,0,69,11,29,80,0,120,126,0,126,246
11/13/2006,BZN,MT,ANM,WE,Federal Contract Tower,10,28,7,0,45,0,0,7,0,7,10,28,14,0,52,0,0,0,52
11/14/2006,BZN,MT,ANM,WE,Federal Contract Tower,12,32,16,0,60,0,0,38,0,38,12,32,54,0,98,88,0,88,186
11/15/2006,BZN,MT,ANM,WE,Federal Contract Tower,12,26,20,0,58,0,0,73,0,73,12,26,93,0,131,140,0,140,271
11/16/2006,BZN,MT,ANM,WE,Federal Contract Tower,11,36,15,0,62,0,19,36,0,55,11,55,51,0,117,88,0,88,205
11/17/2006,BZN,MT,ANM,WE,Federal Contract Tower,12,42,21,2,77,0,29,104,2,135,12,71,125,4,212,214,0,214,426
11/18/2006,BZN,MT,ANM,WE,Federal Contract Tower,12,32,13,2,59,0,20,116,8,144,12,52,129,10,203,166,0,166,369
11/19/2006,BZN,MT,ANM,WE,Federal Contract Tower,12,28,11,3,54,0,0,86,0,86,12,28,97,3,140,108,0,108,248
11/20/2006,BZN,MT,ANM,WE,Federal Contract Tower,12,28,18,0,58,0,0,64,0,64,12,28,82,0,122,152,0,152,274
11/21/2006,BZN,MT,ANM,WE,Federal Contract Tower,9,34,27,0,70,0,0,49,0,49,9,34,76,0,119,130,0,130,249
11/22/2006,BZN,MT,ANM,WE,Federal Contract Tower,11,39,17,0,67,0,0,73,0,73,11,39,90,0,140,152,0,152,292
11/23/2006,BZN,MT,ANM,WE,Federal Contract Tower,12,13,2,0,27,0,0,0,0,0,12,13,2,0,27,0,0,0,27
11/24/2006,BZN,MT,ANM,WE,Federal Contract Tower,13,28,7,0,48,0,0,14,0,14,13,28,21,0,62,8,0,8,70
11/25/2006,BZN,MT,ANM,WE,Federal Contract Tower,18,40,8,0,66,0,0,12,0,12,18,40,20,0,78,12,0,12,90
11/26/2006,BZN,MT,ANM,WE,Federal Contract Tower,4,32,25,0,61,0,0,0,0,0,4,32,25,0,61,0,0,0,61
11/27/2006,BZN,MT,ANM,WE,Federal Contract Tower,12,33,11,0,56,0,0,8,0,8,12,33,19,0,64,8,0,8,72
11/28/2006,BZN,MT,ANM,WE,Federal Contract Tower,11,30,20,0,61,0,0,13,0,13,11,30,33,0,74,26,0,26,100
11/29/2006,BZN,MT,ANM,WE,Federal Contract Tower,10,27,18,0,55,0,0,18,0,18,10,27,36,0,73,44,0,44,117
11/30/2006,BZN,MT,ANM,WE,Federal Contract Tower,12,36,11,0,59,0,0,43,0,43,12,36,54,0,102,116,0,116,218
12/01/2006,BZN,MT,ANM,WE,Federal Contract Tower,11,28,14,0,53,0,0,41,0,41,11,28,55,0,94,112,0,112,206
12/02/2006,BZN,MT,ANM,WE,Federal Contract Tower,12,29,8,0,49,0,0,41,0,41,12,29,49,0,90,88,0,88,178
12/03/2006,BZN,MT,ANM,WE,Federal Contract Tower,12,28,6,0,46,0,0,47,0,47,12,28,53,0,93,72,0,72,165
12/04/2006,BZN,MT,ANM,WE,Federal Contract Tower,12,27,22,0,61,0,0,54,0,54,12,27,76,0,115,72,0,72,187
12/05/2006,BZN,MT,ANM,WE,Federal Contract Tower,12,31,10,0,53,0,2,32,0,34,12,33,42,0,87,98,0,98,185
12/06/2006,BZN,MT,ANM,WE,Federal Contract Tower,12,28,17,0,57,0,0,40,0,40,12,28,57,0,97,76,0,76,173
12/07/2006,BZN,MT,ANM,WE,Federal Contract Tower,12,30,15,2,59,0,0,79,0,79,12,30,94,2,138,158,0,158,296
12/08/2006,BZN,MT,ANM,WE,Federal Contract Tower,12,31,8,1,52,0,0,88,0,88,12,31,96,1,140,192,6,198,338
12/09/2006,BZN,MT,ANM,WE,Federal Contract Tower,10,31,7,1,49,0,0,89,0,89,10,31,96,1,138,146,0,146,284
12/10/2006,BZN,MT,ANM,WE,Federal Contract Tower,11,31,1,2,45,0,0,52,0,52,11,31,53,2,97,26,0,26,123
12/11/2006,BZN,MT,ANM,WE,Federal Contract Tower,11,32,13,0,56,0,0,49,0,49,11,32,62,0,105,40,0,40,145
12/12/2006,BZN,MT,ANM,WE,Federal Contract Tower,12,36,14,0,62,0,0,42,0,42,12,36,56,0,104,110,0,110,214
12/13/2006,BZN,MT,ANM,WE,Federal Contract Tower,12,29,12,0,53,0,0,18,0,18,12,29,30,0,71,48,0,48,119
12/14/2006,BZN,MT,ANM,WE,Federal Contract Tower,10,34,12,0,56,0,0,27,0,27,10,34,39,0,83,40,0,40,123
12/15/2006,BZN,MT,ANM,WE,Federal Contract Tower,14,27,10,0,51,0,0,3,0,3,14,27,13,0,54,10,0,10,64
12/16/2006,BZN,MT,ANM,WE,Federal Contract Tower,15,35,15,0,65,0,0,36,2,38,15,35,51,2,103,42,0,42,145
12/17/2006,BZN,MT,ANM,WE,Federal Contract Tower,18,25,15,1,59,0,0,85,0,85,18,25,100,1,144,68,0,68,212
12/18/2006,BZN,MT,ANM,WE,Federal Contract Tower,18,30,18,0,66,0,0,58,0,58,18,30,76,0,124,106,0,106,230
12/19/2006,BZN,MT,ANM,WE,Federal Contract Tower,16,36,25,0,77,0,0,78,0,78,16,36,103,0,155,120,0,120,275
12/20/2006,BZN,MT,ANM,WE,Federal Contract Tower,18,30,24,0,72,0,0,100,0,100,18,30,124,0,172,158,0,158,330
12/21/2006,BZN,MT,ANM,WE,Federal Contract Tower,16,47,27,2,92,0,0,59,0,59,16,47,86,2,151,76,0,76,227
12/22/2006,BZN,MT,ANM,WE,Federal Contract Tower,15,36,29,0,80,0,0,4,0,4,15,36,33,0,84,12,0,12,96
12/23/2006,BZN,MT,ANM,WE,Federal Contract Tower,14,42,19,0,75,0,0,24,0,24,14,42,43,0,99,50,0,50,149
12/24/2006,BZN,MT,ANM,WE,Federal Contract Tower,16,21,11,0,48,0,0,41,0,41,16,21,52,0,89,10,0,10,99
12/25/2006,BZN,MT,ANM,WE,Federal Contract Tower,13,26,10,0,49,0,0,3,0,3,13,26,13,0,52,10,0,10,62
12/26/2006,BZN,MT,ANM,WE,Federal Contract Tower,17,51,49,0,117,0,0,16,0,16,17,51,65,0,133,74,0,74,207
12/27/2006,BZN,MT,ANM,WE,Federal Contract Tower,18,42,41,0,101,0,0,39,0,39,18,42,80,0,140,40,0,40,180
12/28/2006,BZN,MT,ANM,WE,Federal Contract Tower,17,38,19,0,74,0,0,0,0,0,17,38,19,0,74,0,0,0,74
12/29/2006,BZN,MT,ANM,WE,Federal Contract Tower,17,34,18,0,69,0,0,66,0,66,17,34,84,0,135,88,0,88,223
12/30/2006,BZN,MT,ANM,WE,Federal Contract Tower,22,40,11,0,73,0,0,52,0,52,22,40,63,0,125,42,0,42,167
12/31/2006,BZN,MT,ANM,WE,Federal Contract Tower,20,22,18,0,60,0,0,35,0,35,20,22,53,0,95,4,0,4,99
01/01/2007,BZN,MT,ANM,WE,Federal Contract Tower,14,66,33,0,113,0,0,55,0,55,14,66,88,0,168,32,0,32,200
01/02/2007,BZN,MT,ANM,WE,Federal Contract Tower,20,43,49,1,113,0,0,43,0,43,20,43,92,1,156,28,0,28,184
01/03/2007,BZN,MT,ANM,WE,Federal Contract Tower,19,33,20,3,75,0,0,20,0,20,19,33,40,3,95,52,8,60,155
01/04/2007,BZN,MT,ANM,WE,Federal Contract Tower,18,32,7,0,57,0,0,28,0,28,18,32,35,0,85,46,0,46,131
01/05/2007,BZN,MT,ANM,WE,Federal Contract Tower,18,21,19,2,60,0,0,43,0,43,18,21,62,2,103,48,0,48,151
01/06/2007,BZN,MT,ANM,WE,Federal Contract Tower,26,30,20,0,76,0,0,2,0,2,26,30,22,0,78,0,0,0,78
01/07/2007,BZN,MT,ANM,WE,Federal Contract Tower,20,37,14,2,73,0,0,19,0,19,20,37,33,2,92,70,0,70,162
01/08/2007,BZN,MT,ANM,WE,Federal Contract Tower,19,30,13,0,62,0,0,34,0,34,19,30,47,0,96,72,0,72,168
01/09/2007,BZN,MT,ANM,WE,Federal Contract Tower,19,24,8,0,51,0,0,54,0,54,19,24,62,0,105,72,0,72,177
01/10/2007,BZN,MT,ANM,WE,Federal Contract Tower,20,20,13,0,53,0,0,13,0,13,20,20,26,0,66,2,0,2,68
01/11/2007,BZN,MT,ANM,WE,Federal Contract Tower,21,28,22,0,71,0,0,2,0,2,21,28,24,0,73,0,0,0,73
01/12/2007,BZN,MT,ANM,WE,Federal Contract Tower,24,33,24,0,81,0,0,28,0,28,24,33,52,0,109,0,0,0,109
01/13/2007,BZN,MT,ANM,WE,Federal Contract Tower,24,25,9,0,58,0,0,54,0,54,24,25,63,0,112,44,0,44,156
01/14/2007,BZN,MT,ANM,WE,Federal Contract Tower,25,16,13,0,54,0,0,36,0,36,25,16,49,0,90,44,0,44,134
01/15/2007,BZN,MT,ANM,WE,Federal Contract Tower,23,45,35,0,103,0,0,72,0,72,23,45,107,0,175,70,0,70,245
01/16/2007,BZN,MT,ANM,WE,Federal Contract Tower,20,20,14,0,54,0,0,76,0,76,20,20,90,0,130,68,0,68,198
01/17/2007,BZN,MT,ANM,WE,Federal Contract Tower,22,18,17,0,57,0,1,25,0,26,22,19,42,0,83,30,0,30,113
01/18/2007,BZN,MT,ANM,WE,Federal Contract Tower,24,27,17,0,68,0,0,57,0,57,24,27,74,0,125,122,0,122,247
01/19/2007,BZN,MT,ANM,WE,Federal Contract Tower,22,29,14,0,65,0,0,59,0,59,22,29,73,0,124,100,0,100,224
01/20/2007,BZN,MT,ANM,WE,Federal Contract Tower,22,32,16,0,70,0,0,7,0,7,22,32,23,0,77,24,0,24,101
01/21/2007,BZN,MT,ANM,WE,Federal Contract Tower,20,29,13,0,62,0,0,40,0,40,20,29,53,0,102,40,0,40,142
01/22/2007,BZN,MT,ANM,WE,Federal Contract Tower,25,17,9,0,51,0,0,52,0,52,25,17,61,0,103,58,0,58,161
01/23/2007,BZN,MT,ANM,WE,Federal Contract Tower,21,24,10,0,55,0,2,52,0,54,21,26,62,0,109,44,0,44,153
01/24/2007,BZN,MT,ANM,WE,Federal Contract Tower,19,28,19,0,66,0,0,61,0,61,19,28,80,0,127,118,0,118,245
01/25/2007,BZN,MT,ANM,WE,Federal Contract Tower,22,29,23,0,74,0,0,71,0,71,22,29,94,0,145,158,0,158,303
01/26/2007,BZN,MT,ANM,WE,Federal Contract Tower,23,27,17,0,67,0,0,94,0,94,23,27,111,0,161,126,0,126,287
01/27/2007,BZN,MT,ANM,WE,Federal Contract Tower,27,20,12,0,59,0,0,108,0,108,27,20,120,0,167,114,0,114,281
01/28/2007,BZN,MT,ANM,WE,Federal Contract Tower,24,30,24,0,78,0,0,55,0,55,24,30,79,0,133,50,0,50,183
01/29/2007,BZN,MT,ANM,WE,Federal Contract Tower,25,19,13,0,57,0,0,88,0,88,25,19,101,0,145,98,0,98,243
01/30/2007,BZN,MT,ANM,WE,Federal Contract Tower,21,19,13,0,53,0,0,46,0,46,21,19,59,0,99,78,0,78,177
01/31/2007,BZN,MT,ANM,WE,Federal Contract Tower,21,26,25,0,72,0,0,36,0,36,21,26,61,0,108,40,0,40,148
02/01/2007,BZN,MT,ANM,WE,Federal Contract Tower,24,30,20,0,74,0,0,8,0,8,24,30,28,0,82,8,0,8,90
02/02/2007,BZN,MT,ANM,WE,Federal Contract Tower,24,35,23,0,82,0,0,30,0,30,24,35,53,0,112,90,0,90,202
02/03/2007,BZN,MT,ANM,WE,Federal Contract Tower,25,23,15,0,63,0,1,29,0,30,25,24,44,0,93,56,0,56,149
02/04/2007,BZN,MT,ANM,WE,Federal Contract Tower,27,24,14,0,65,0,0,13,0,13,27,24,27,0,78,8,0,8,86
02/05/2007,BZN,MT,ANM,WE,Federal Contract Tower,24,23,18,0,65,0,0,50,0,50,24,23,68,0,115,54,0,54,169
02/06/2007,BZN,MT,ANM,WE,Federal Contract Tower,20,29,19,0,68,0,3,40,0,43,20,32,59,0,111,96,0,96,207
02/07/2007,BZN,MT,ANM,WE,Federal Contract Tower,19,14,8,0,41,0,0,0,0,0,19,14,8,0,41,0,0,0,41
02/08/2007,BZN,MT,ANM,WE,Federal Contract Tower,22,26,20,0,68,0,0,0,0,0,22,26,20,0,68,0,0,0,68
02/09/2007,BZN,MT,ANM,WE,Federal Contract Tower,24,27,25,0,76,0,0,0,0,0,24,27,25,0,76,0,0,0,76
02/10/2007,BZN,MT,ANM,WE,Federal Contract Tower,24,22,10,0,56,0,1,41,10,52,24,23,51,10,108,70,0,70,178
02/11/2007,BZN,MT,ANM,WE,Federal Contract Tower,24,20,21,0,65,0,0,19,0,19,24,20,40,0,84,46,0,46,130
02/12/2007,BZN,MT,ANM,WE,Federal Contract Tower,24,23,10,0,57,0,0,0,0,0,24,23,10,0,57,4,0,4,61
02/13/2007,BZN,MT,ANM,WE,Federal Contract Tower,20,30,23,0,73,0,0,19,0,19,20,30,42,0,92,60,0,60,152
02/14/2007,BZN,MT,ANM,WE,Federal Contract Tower,22,22,15,0,59,0,0,3,0,3,22,22,18,0,62,8,0,8,70
02/15/2007,BZN,MT,ANM,WE,Federal Contract Tower,25,40,43,0,108,0,0,26,0,26,25,40,69,0,134,70,0,70,204
02/16/2007,BZN,MT,ANM,WE,Federal Contract Tower,25,45,36,0,106,0,0,31,0,31,25,45,67,0,137,56,0,56,193
02/17/2007,BZN,MT,ANM,WE,Federal Contract Tower,31,28,18,0,77,0,0,91,0,91,31,28,109,0,168,48,0,48,216
02/18/2007,BZN,MT,ANM,WE,Federal Contract Tower,28,25,22,0,75,0,0,40,0,40,28,25,62,0,115,4,0,4,119
02/19/2007,BZN,MT,ANM,WE,Federal Contract Tower,27,40,51,0,118,0,0,47,0,47,27,40,98,0,165,94,0,94,259
02/20/2007,BZN,MT,ANM,WE,Federal Contract Tower,24,31,24,0,79,0,0,30,0,30,24,31,54,0,109,74,0,74,183
02/21/2007,BZN,MT,ANM,WE,Federal Contract Tower,27,29,22,0,78,0,0,58,0,58,27,29,80,0,136,164,0,164,300
02/22/2007,BZN,MT,ANM,WE,Federal Contract Tower,29,24,23,0,76,0,0,85,0,85,29,24,108,0,161,138,0,138,299
02/23/2007,BZN,MT,ANM,WE,Federal Contract Tower,23,27,31,0,81,0,0,0,0,0,23,27,31,0,81,0,0,0,81
02/24/2007,BZN,MT,ANM,WE,Federal Contract Tower,32,31,24,0,87,0,0,105,0,105,32,31,129,0,192,128,0,128,320
02/25/2007,BZN,MT,ANM,WE,Federal Contract Tower,29,33,26,0,88,0,0,39,0,39,29,33,65,0,127,56,0,56,183
02/26/2007,BZN,MT,ANM,WE,Federal Contract Tower,29,16,18,0,63,0,0,16,0,16,29,16,34,0,79,22,0,22,101
02/27/2007,BZN,MT,ANM,WE,Federal Contract Tower,26,22,28,0,76,0,0,15,0,15,26,22,43,0,91,22,0,22,113
02/28/2007,BZN,MT,ANM,WE,Federal Contract Tower,29,32,19,0,80,0,0,53,0,53,29,32,72,0,133,74,0,74,207
03/01/2007,BZN,MT,ANM,WE,Federal Contract Tower,26,26,21,0,73,0,0,18,0,18,26,26,39,0,91,42,0,42,133
03/02/2007,BZN,MT,ANM,WE,Federal Contract Tower,26,22,19,0,67,0,0,60,0,60,26,22,79,0,127,80,0,80,207
03/03/2007,BZN,MT,ANM,WE,Federal Contract Tower,30,23,18,0,71,0,0,68,0,68,30,23,86,0,139,124,0,124,263
03/04/2007,BZN,MT,ANM,WE,Federal Contract Tower,27,26,28,0,81,0,0,80,0,80,27,26,108,0,161,126,0,126,287
03/05/2007,BZN,MT,ANM,WE,Federal Contract Tower,28,18,14,0,60,0,0,84,0,84,28,18,98,0,144,116,0,116,260
03/06/2007,BZN,MT,ANM,WE,Federal Contract Tower,31,20,17,2,70,0,0,85,0,85,31,20,102,2,155,202,0,202,357
03/07/2007,BZN,MT,ANM,WE,Federal Contract Tower,27,24,7,0,58,0,1,76,0,77,27,25,83,0,135,126,0,126,261
03/08/2007,BZN,MT,ANM,WE,Federal Contract Tower,28,23,21,0,72,0,0,41,0,41,28,23,62,0,113,136,0,136,249
03/09/2007,BZN,MT,ANM,WE,Federal Contract Tower,26,33,38,0,97,0,0,76,0,76,26,33,114,0,173,134,0,134,307
03/10/2007,BZN,MT,ANM,WE,Federal Contract Tower,32,24,15,0,71,0,3,97,0,100,32,27,112,0,171,104,0,104,275
03/11/2007,BZN,MT,ANM,WE,Federal Contract Tower,27,24,32,0,83,0,0,27,0,27,27,24,59,0,110,30,0,30,140
03/12/2007,BZN,MT,ANM,WE,Federal Contract Tower,26,21,9,0,56,0,0,53,0,53,26,21,62,0,109,44,0,44,153
03/13/2007,BZN,MT,ANM,WE,Federal Contract Tower,26,22,17,0,65,0,1,40,0,41,26,23,57,0,106,62,0,62,168
03/14/2007,BZN,MT,ANM,WE,Federal Contract Tower,30,23,13,0,66,0,0,31,0,31,30,23,44,0,97,34,0,34,131
03/15/2007,BZN,MT,ANM,WE,Federal Contract Tower,28,22,20,0,70,0,0,93,0,93,28,22,113,0,163,138,0,138,301
03/16/2007,BZN,MT,ANM,WE,Federal Contract Tower,26,33,19,0,78,0,0,58,0,58,26,33,77,0,136,92,0,92,228
03/17/2007,BZN,MT,ANM,WE,Federal Contract Tower,33,34,19,0,86,0,0,92,0,92,33,34,111,0,178,42,0,42,220
03/18/2007,BZN,MT,ANM,WE,Federal Contract Tower,29,33,22,0,84,0,0,63,0,63,29,33,85,0,147,10,0,10,157
03/19/2007,BZN,MT,ANM,WE,Federal Contract Tower,28,27,18,0,73,0,0,83,0,83,28,27,101,0,156,92,0,92,248
03/20/2007,BZN,MT,ANM,WE,Federal Contract Tower,28,19,18,0,65,0,0,25,0,25,28,19,43,0,90,0,0,0,90
03/21/2007,BZN,MT,ANM,WE,Federal Contract Tower,30,23,22,0,75,0,0,91,0,91,30,23,113,0,166,170,0,170,336
03/22/2007,BZN,MT,ANM,WE,Federal Contract Tower,28,25,22,0,75,0,0,94,0,94,28,25,116,0,169,106,0,106,275
03/23/2007,BZN,MT,ANM,WE,Federal Contract Tower,25,27,20,0,72,0,0,91,0,91,25,27,111,0,163,134,0,134,297
03/24/2007,BZN,MT,ANM,WE,Federal Contract Tower,33,23,9,0,65,0,0,111,0,111,33,23,120,0,176,60,0,60,236
03/25/2007,BZN,MT,ANM,WE,Federal Contract Tower,26,21,25,0,72,0,0,58,0,58,26,21,83,0,130,28,0,28,158
03/26/2007,BZN,MT,ANM,WE,Federal Contract Tower,28,19,21,0,68,0,0,59,0,59,28,19,80,0,127,100,0,100,227
03/27/2007,BZN,MT,ANM,WE,Federal Contract Tower,28,24,15,0,67,0,2,9,0,11,28,26,24,0,78,18,0,18,96
03/28/2007,BZN,MT,ANM,WE,Federal Contract Tower,29,26,14,0,69,0,0,5,0,5,29,26,19,0,74,28,0,28,102
03/29/2007,BZN,MT,ANM,WE,Federal Contract Tower,28,28,21,0,77,0,0,54,0,54,28,28,75,0,131,84,0,84,215
03/30/2007,BZN,MT,ANM,WE,Federal Contract Tower,24,28,26,0,78,0,0,89,0,89,24,28,115,0,167,144,0,144,311
03/31/2007,BZN,MT,ANM,WE,Federal Contract Tower,31,21,11,0,63,0,0,110,0,110,31,21,121,0,173,70,0,70,243
04/01/2007,BZN,MT,ANM,WE,Federal Contract Tower,27,12,21,0,60,0,0,6,0,6,27,12,27,0,66,16,0,16,82
04/02/2007,BZN,MT,ANM,WE,Federal Contract Tower,28,18,8,0,54,0,0,1,0,1,28,18,9,0,55,0,0,0,55
04/03/2007,BZN,MT,ANM,WE,Federal Contract Tower,26,25,10,0,61,0,0,65,0,65,26,25,75,0,126,128,0,128,254
04/04/2007,BZN,MT,ANM,WE,Federal Contract Tower,21,31,22,0,74,0,2,43,0,45,21,33,65,0,119,90,0,90,209
04/05/2007,BZN,MT,ANM,WE,Federal Contract Tower,27,20,10,0,57,0,0,8,0,8,27,20,18,0,65,22,0,22,87
04/06/2007,BZN,MT,ANM,WE,Federal Contract Tower,24,27,17,0,68,0,0,27,0,27,24,27,44,0,95,10,0,10,105
04/07/2007,BZN,MT,ANM,WE,Federal Contract Tower,31,19,12,0,62,0,0,43,0,43,31,19,55,0,105,148,0,148,253
04/08/2007,BZN,MT,ANM,WE,Federal Contract Tower,25,15,9,0,49,0,0,51,0,51,25,15,60,0,100,54,0,54,154
04/09/2007,BZN,MT,ANM,WE,Federal Contract Tower,24,23,7,0,54,0,0,18,0,18,24,23,25,0,72,20,0,20,92
04/10/2007,BZN,MT,ANM,WE,Federal Contract Tower,24,22,19,0,65,0,0,13,0,13,24,22,32,0,78,54,0,54,132
04/11/2007,BZN,MT,ANM,WE,Federal Contract Tower,24,16,16,0,56,0,0,42,0,42,24,16,58,0,98,70,0,70,168
04/12/2007,BZN,MT,ANM,WE,Federal Contract Tower,26,19,17,0,62,0,0,60,0,60,26,19,77,0,122,92,0,92,214
04/13/2007,BZN,MT,ANM,WE,Federal Contract Tower,25,15,7,1,48,0,0,103,1,104,25,15,110,2,152,150,0,150,302
04/14/2007,BZN,MT,ANM,WE,Federal Contract Tower,28,12,12,0,52,0,0,119,0,119,28,12,131,0,171,96,0,96,267
04/15/2007,BZN,MT,ANM,WE,Federal Contract Tower,22,14,11,0,47,0,0,19,0,19,22,14,30,0,66,28,0,28,94
04/16/2007,BZN,MT,ANM,WE,Federal Contract Tower,25,14,12,0,51,0,0,44,3,47,25,14,56,3,98,50,0,50,148
04/17/2007,BZN,MT,ANM,WE,Federal Contract Tower,22,17,9,0,48,0,0,63,0,63,22,17,72,0,111,125,0,125,236
04/18/2007,BZN,MT,ANM,WE,Federal Contract Tower,22,18,9,0,49,0,0,1,0,1,22,18,10,0,50,0,0,0,50
04/19/2007,BZN,MT,ANM,WE,Federal Contract Tower,22,19,14,0,55,0,0,2,0,2,22,19,16,0,57,10,0,10,67
04/20/2007,BZN,MT,ANM,WE,Federal Contract Tower,20,21,9,0,50,0,0,75,0,75,20,21,84,0,125,60,0,60,185
04/21/2007,BZN,MT,ANM,WE,Federal Contract Tower,22,15,6,0,43,0,0,72,3,75,22,15,78,3,118,120,0,120,238
04/22/2007,BZN,MT,ANM,WE,Federal Contract Tower,20,13,16,0,49,0,0,98,0,98,20,13,114,0,147,106,0,106,253
04/23/2007,BZN,MT,ANM,WE,Federal Contract Tower,22,16,17,0,55,0,0,29,0,29,22,16,46,0,84,48,0,48,132
04/24/2007,BZN,MT,ANM,WE,Federal Contract Tower,19,23,10,0,52,0,0,100,1,101,19,23,110,1,153,216,0,216,369
04/25/2007,BZN,MT,ANM,WE,Federal Contract Tower,22,18,10,0,50,0,0,83,0,83,22,18,93,0,133,178,4,182,315
04/26/2007,BZN,MT,ANM,WE,Federal Contract Tower,22,20,7,0,49,0,0,49,0,49,22,20,56,0,98,132,0,132,230
04/27/2007,BZN,MT,ANM,WE,Federal Contract Tower,20,19,10,0,49,0,0,88,2,90,20,19,98,2,139,140,0,140,279
04/28/2007,BZN,MT,ANM,WE,Federal Contract Tower,19,20,8,0,47,0,0,83,0,83,19,20,91,0,130,30,0,30,160
04/29/2007,BZN,MT,ANM,WE,Federal Contract Tower,20,18,6,0,44,0,0,56,0,56,20,18,62,0,100,24,0,24,124
04/30/2007,BZN,MT,ANM,WE,Federal Contract Tower,21,18,9,0,48,0,0,79,0,79,21,18,88,0,127,116,0,116,243
05/01/2007,BZN,MT,ANM,WE,Federal Contract Tower,19,23,10,0,52,0,2,120,0,122,19,25,130,0,174,80,0,80,254
05/02/2007,BZN,MT,ANM,WE,Federal Contract Tower,20,22,8,0,50,0,0,55,0,55,20,22,63,0,105,36,0,36,141
05/03/2007,BZN,MT,ANM,WE,Federal Contract Tower,20,23,12,0,55,0,0,16,0,16,20,23,28,0,71,88,0,88,159
05/04/2007,BZN,MT,ANM,WE,Federal Contract Tower,21,22,10,0,53,0,0,63,0,63,21,22,73,0,116,32,0,32,148
05/05/2007,BZN,MT,ANM,WE,Federal Contract Tower,17,18,8,4,47,0,1,46,0,47,17,19,54,4,94,64,0,64,158
05/06/2007,BZN,MT,ANM,WE,Federal Contract Tower,20,17,7,0,44,0,0,60,0,60,20,17,67,0,104,64,0,64,168
05/07/2007,BZN,MT,ANM,WE,Federal Contract Tower,20,23,13,0,56,0,0,99,0,99,20,23,112,0,155,94,0,94,249
05/08/2007,BZN,MT,ANM,WE,Federal Contract Tower,20,24,16,2,62,0,0,115,2,117,20,24,131,4,179,200,0,200,379
05/09/2007,BZN,MT,ANM,WE,Federal Contract Tower,17,23,11,0,51,0,2,91,0,93,17,25,102,0,144,144,0,144,288
05/10/2007,BZN,MT,ANM,WE,Federal Contract Tower,20,20,17,2,59,0,0,63,0,63,20,20,80,2,122,44,6,50,172
05/11/2007,BZN,MT,ANM,WE,Federal Contract Tower,20,21,12,0,53,0,0,98,0,98,20,21,110,0,151,98,0,98,249
05/12/2007,BZN,MT,ANM,WE,Federal Contract Tower,18,24,2,0,44,0,0,69,0,69,18,24,71,0,113,36,0,36,149
05/13/2007,BZN,MT,ANM,WE,Federal Contract Tower,20,15,13,0,48,0,0,51,0,51,20,15,64,0,99,22,0,22,121
05/14/2007,BZN,MT,ANM,WE,Federal Contract Tower,20,24,10,0,54,0,0,82,0,82,20,24,92,0,136,170,0,170,306
05/15/2007,BZN,MT,ANM,WE,Federal Contract Tower,18,19,14,0,51,0,1,125,0,126,18,20,139,0,177,156,0,156,333
05/16/2007,BZN,MT,ANM,WE,Federal Contract Tower,18,20,21,0,59,0,0,120,0,120,18,20,141,0,179,124,0,124,303
05/17/2007,BZN,MT,ANM,WE,Federal Contract Tower,20,27,13,0,60,0,0,90,0,90,20,27,103,0,150,174,0,174,324
05/18/2007,BZN,MT,ANM,WE,Federal Contract Tower,20,26,17,0,63,0,0,53,0,53,20,26,70,0,116,54,0,54,170
05/19/2007,BZN,MT,ANM,WE,Federal Contract Tower,19,22,10,0,51,0,1,60,0,61,19,23,70,0,112,76,0,76,188
05/20/2007,BZN,MT,ANM,WE,Federal Contract Tower,18,28,4,0,50,0,0,38,0,38,18,28,42,0,88,16,0,16,104
05/21/2007,BZN,MT,ANM,WE,Federal Contract Tower,18,24,16,0,58,0,0,46,0,46,18,24,62,0,104,44,0,44,148
05/22/2007,BZN,MT,ANM,WE,Federal Contract Tower,19,24,18,0,61,0,0,1,0,1,19,24,19,0,62,0,0,0,62
05/23/2007,BZN,MT,ANM,WE,Federal Contract Tower,19,21,15,0,55,0,0,70,0,70,19,21,85,0,125,126,0,126,251
05/24/2007,BZN,MT,ANM,WE,Federal Contract Tower,19,24,8,2,53,0,0,63,0,63,19,24,71,2,116,82,0,82,198
05/25/2007,BZN,MT,ANM,WE,Federal Contract Tower,19,27,25,0,71,0,0,56,0,56,19,27,81,0,127,66,0,66,193
05/26/2007,BZN,MT,ANM,WE,Federal Contract Tower,19,23,8,0,50,0,0,150,0,150,19,23,158,0,200,52,0,52,252
05/27/2007,BZN,MT,ANM,WE,Federal Contract Tower,22,12,12,0,46,0,0,111,0,111,22,12,123,0,157,56,0,56,213
05/28/2007,BZN,MT,ANM,WE,Federal Contract Tower,22,22,20,0,64,0,0,24,0,24,22,22,44,0,88,32,0,32,120
05/29/2007,BZN,MT,ANM,WE,Federal Contract Tower,22,24,23,0,69,0,0,18,0,18,22,24,41,0,87,18,0,18,105
05/30/2007,BZN,MT,ANM,WE,Federal Contract Tower,21,19,18,0,58,0,2,97,0,99,21,21,115,0,157,148,0,148,305
05/31/2007,BZN,MT,ANM,WE,Federal Contract Tower,22,25,14,0,61,0,0,81,0,81,22,25,95,0,142,136,0,136,278
06/01/2007,BZN,MT,ANM,WE,Federal Contract Tower,21,25,9,0,55,0,0,105,0,105,21,25,114,0,160,134,0,134,294
06/02/2007,BZN,MT,ANM,WE,Federal Contract Tower,19,25,10,0,54,0,0,154,0,154,19,25,164,0,208,76,0,76,284
06/03/2007,BZN,MT,ANM,WE,Federal Contract Tower,23,16,10,0,49,0,0,78,0,78,23,16,88,0,127,40,0,40,167
06/04/2007,BZN,MT,ANM,WE,Federal Contract Tower,22,21,21,0,64,0,0,94,0,94,22,21,115,0,158,92,0,92,250
06/05/2007,BZN,MT,ANM,WE,Federal Contract Tower,21,18,26,0,65,0,2,52,0,54,21,20,78,0,119,60,0,60,179
06/06/2007,BZN,MT,ANM,WE,Federal Contract Tower,19,21,17,0,57,0,0,5,0,5,19,21,22,0,62,0,0,0,62
06/07/2007,BZN,MT,ANM,WE,Federal Contract Tower,20,32,25,0,77,0,0,54,0,54,20,32,79,0,131,136,0,136,267
06/08/2007,BZN,MT,ANM,WE,Federal Contract Tower,22,32,18,0,72,0,0,88,4,92,22,32,106,4,164,202,0,202,366
06/10/2007,BZN,MT,ANM,WE,Federal Contract Tower,27,28,20,0,75,0,0,21,0,21,27,28,41,0,96,14,0,14,110
06/11/2007,BZN,MT,ANM,WE,Federal Contract Tower,24,27,20,0,71,0,0,41,0,41,24,27,61,0,112,84,0,84,196
06/12/2007,BZN,MT,ANM,WE,Federal Contract Tower,25,37,18,0,80,0,1,85,1,87,25,38,103,1,167,206,0,206,373
06/13/2007,BZN,MT,ANM,WE,Federal Contract Tower,22,39,23,0,84,0,0,76,0,76,22,39,99,0,160,160,0,160,320
06/14/2007,BZN,MT,ANM,WE,Federal Contract Tower,23,32,33,0,88,0,0,70,0,70,23,32,103,0,158,88,0,88,246
06/15/2007,BZN,MT,ANM,WE,Federal Contract Tower,22,37,26,0,85,0,0,126,0,126,22,37,152,0,211,48,0,48,259
06/16/2007,BZN,MT,ANM,WE,Federal Contract Tower,25,38,10,1,74,0,0,83,0,83,25,38,93,1,157,26,0,26,183
06/17/2007,BZN,MT,ANM,WE,Federal Contract Tower,28,26,25,0,79,0,0,44,0,44,28,26,69,0,123,18,0,18,141
06/18/2007,BZN,MT,ANM,WE,Federal Contract Tower,19,32,13,0,64,0,0,71,0,71,19,32,84,0,135,58,0,58,193
06/19/2007,BZN,MT,ANM,WE,Federal Contract Tower,24,38,12,0,74,0,0,136,0,136,24,38,148,0,210,140,0,140,350
06/20/2007,BZN,MT,ANM,WE,Federal Contract Tower,22,35,16,0,73,0,1,101,0,102,22,36,117,0,175,92,0,92,267
06/21/2007,BZN,MT,ANM,WE,Federal Contract Tower,21,32,18,0,71,0,0,95,0,95,21,32,113,0,166,94,0,94,260
06/22/2007,BZN,MT,ANM,WE,Federal Contract Tower,22,32,20,0,74,0,0,137,0,137,22,32,157,0,211,84,0,84,295
06/23/2007,BZN,MT,ANM,WE,Federal Contract Tower,23,34,13,0,70,0,0,115,0,115,23,34,128,0,185,80,0,80,265
06/24/2007,BZN,MT,ANM,WE,Federal Contract Tower,27,31,21,0,79,0,0,76,0,76,27,31,97,0,155,104,0,104,259
06/26/2007,BZN,MT,ANM,WE,Federal Contract Tower,26,29,22,0,77,0,2,88,0,90,26,31,110,0,167,164,0,164,331
06/27/2007,BZN,MT,ANM,WE,Federal Contract Tower,24,32,28,0,84,0,0,73,0,73,24,32,101,0,157,26,0,26,183
06/28/2007,BZN,MT,ANM,WE,Federal Contract Tower,21,35,18,0,74,0,0,72,0,72,21,35,90,0,146,160,0,160,306
06/29/2007,BZN,MT,ANM,WE,Federal Contract Tower,23,43,28,3,97,0,0,92,0,92,23,43,120,3,189,106,0,106,295
06/30/2007,BZN,MT,ANM,WE,Federal Contract Tower,24,49,29,1,103,0,0,90,0,90,24,49,119,1,193,42,0,42,235
07/01/2007,BZN,MT,ANM,WE,Federal Contract Tower,28,28,30,2,88,0,1,115,0,116,28,29,145,2,204,58,0,58,262
07/02/2007,BZN,MT,ANM,WE,Federal Contract Tower,24,35,14,0,73,0,0,100,0,100,24,35,114,0,173,106,0,106,279
07/03/2007,BZN,MT,ANM,WE,Federal Contract Tower,27,31,15,1,74,0,0,155,0,155,27,31,170,1,229,94,0,94,323
07/04/2007,BZN,MT,ANM,WE,Federal Contract Tower,21,17,8,0,46,0,0,145,0,145,21,17,153,0,191,110,0,110,301
07/05/2007,BZN,MT,ANM,WE,Federal Contract Tower,22,30,24,0,76,0,2,75,0,77,22,32,99,0,153,44,0,44,197
07/06/2007,BZN,MT,ANM,WE,Federal Contract Tower,21,40,11,0,72,0,0,66,0,66,21,40,77,0,138,22,0,22,160
07/07/2007,BZN,MT,ANM,WE,Federal Contract Tower,26,40,22,0,88,0,0,47,0,47,26,40,69,0,135,14,0,14,149
07/08/2007,BZN,MT,ANM,WE,Federal Contract Tower,28,42,34,0,104,0,0,106,2,108,28,42,140,2,212,14,0,14,226
07/09/2007,BZN,MT,ANM,WE,Federal Contract Tower,22,29,16,0,67,0,0,106,0,106,22,29,122,0,173,64,0,64,237
07/10/2007,BZN,MT,ANM,WE,Federal Contract Tower,28,43,10,0,81,0,0,132,0,132,28,43,142,0,213,160,0,160,373
07/11/2007,BZN,MT,ANM,WE,Federal Contract Tower,24,33,19,0,76,0,3,140,0,143,24,36,159,0,219,110,0,110,329
07/12/2007,BZN,MT,ANM,WE,Federal Contract Tower,23,34,18,1,76,0,0,147,0,147,23,34,165,1,223,166,0,166,389
07/13/2007,BZN,MT,ANM,WE,Federal Contract Tower,22,34,21,0,77,0,0,137,0,137,22,34,158,0,214,62,0,62,276
07/14/2007,BZN,MT,ANM,WE,Federal Contract Tower,26,37,18,0,81,0,0,127,0,127,26,37,145,0,208,64,0,64,272
07/15/2007,BZN,MT,ANM,WE,Federal Contract Tower,29,35,35,0,99,0,0,92,0,92,29,35,127,0,191,18,0,18,209
07/16/2007,BZN,MT,ANM,WE,Federal Contract Tower,25,37,22,0,84,0,0,132,0,132,25,37,154,0,216,110,0,110,326
07/17/2007,BZN,MT,ANM,WE,Federal Contract Tower,26,33,36,0,95,0,0,121,0,121,26,33,157,0,216,148,0,148,364
07/18/2007,BZN,MT,ANM,WE,Federal Contract Tower,25,37,32,0,94,0,3,147,18,168,25,40,179,18,262,148,0,148,410
07/19/2007,BZN,MT,ANM,WE,Federal Contract Tower,22,13,43,0,78,0,23,118,0,141,22,36,161,0,219,138,0,138,357
07/20/2007,BZN,MT,ANM,WE,Federal Contract Tower,23,34,28,0,85,0,0,155,3,158,23,34,183,3,243,100,0,100,343
07/21/2007,BZN,MT,ANM,WE,Federal Contract Tower,24,32,18,0,74,0,0,110,0,110,24,32,128,0,184,78,2,80,264
07/22/2007,BZN,MT,ANM,WE,Federal Contract Tower,31,30,20,0,81,0,0,68,2,70,31,30,88,2,151,18,0,18,169
07/23/2007,BZN,MT,ANM,WE,Federal Contract Tower,28,34,25,0,87,0,0,124,0,124,28,34,149,0,211,98,0,98,309
07/24/2007,BZN,MT,ANM,WE,Federal Contract Tower,30,37,37,2,106,0,0,132,1,133,30,37,169,3,239,116,0,116,355
07/25/2007,BZN,MT,ANM,WE,Federal Contract Tower,29,40,22,13,104,0,0,161,1,162,29,40,183,14,266,92,0,92,358
07/26/2007,BZN,MT,ANM,WE,Federal Contract Tower,31,43,29,3,106,0,0,122,39,161,31,43,151,42,267,70,30,100,367
07/27/2007,BZN,MT,ANM,WE,Federal Contract Tower,26,36,20,13,95,0,2,104,7,113,26,38,124,20,208,102,74,176,384
07/28/2007,BZN,MT,ANM,WE,Federal Contract Tower,30,28,8,0,66,0,0,71,6,77,30,28,79,6,143,80,70,150,293
07/29/2007,BZN,MT,ANM,WE,Federal Contract Tower,31,36,12,1,80,0,0,74,7,81,31,36,86,8,161,8,30,38,199
07/30/2007,BZN,MT,ANM,WE,Federal Contract Tower,30,36,15,7,88,0,0,93,18,111,30,36,108,25,199,50,0,50,249
07/31/2007,BZN,MT,ANM,WE,Federal Contract Tower,30,40,23,1,94,0,0,140,0,140,30,40,163,1,234,196,0,196,430
08/01/2007,BZN,MT,ANM,WE,Federal Contract Tower,28,44,22,2,96,0,0,109,0,109,28,44,131,2,205,154,0,154,359
08/02/2007,BZN,MT,ANM,WE,Federal Contract Tower,26,34,20,6,86,0,0,138,0,138,26,34,158,6,224,154,0,154,378
08/03/2007,BZN,MT,ANM,WE,Federal Contract Tower,28,38,26,0,92,0,0,135,0,135,28,38,161,0,227,72,0,72,299
08/04/2007,BZN,MT,ANM,WE,Federal Contract Tower,29,36,25,0,90,0,0,181,0,181,29,36,206,0,271,34,0,34,305
08/05/2007,BZN,MT,ANM,WE,Federal Contract Tower,33,38,27,0,98,0,0,85,0,85,33,38,112,0,183,28,0,28,211
08/06/2007,BZN,MT,ANM,WE,Federal Contract Tower,26,32,21,0,79,0,0,127,0,127,26,32,148,0,206,154,0,154,360
08/07/2007,BZN,MT,ANM,WE,Federal Contract Tower,30,39,15,0,84,0,1,104,0,105,30,40,119,0,189,148,0,148,337
08/08/2007,BZN,MT,ANM,WE,Federal Contract Tower,28,32,24,0,84,0,0,124,0,124,28,32,148,0,208,118,0,118,326
08/09/2007,BZN,MT,ANM,WE,Federal Contract Tower,30,39,25,0,94,0,0,123,0,123,30,39,148,0,217,96,0,96,313
08/10/2007,BZN,MT,ANM,WE,Federal Contract Tower,29,44,28,0,101,0,0,113,0,113,29,44,141,0,214,48,0,48,262
08/11/2007,BZN,MT,ANM,WE,Federal Contract Tower,29,40,17,0,86,0,0,170,0,170,29,40,187,0,256,58,0,58,314
08/12/2007,BZN,MT,ANM,WE,Federal Contract Tower,34,41,12,0,87,0,2,101,0,103,34,43,113,0,190,30,0,30,220
08/13/2007,BZN,MT,ANM,WE,Federal Contract Tower,27,34,35,2,98,0,0,25,0,25,27,34,60,2,123,22,0,22,145
08/14/2007,BZN,MT,ANM,WE,Federal Contract Tower,30,39,23,0,92,0,0,73,0,73,30,39,96,0,165,126,0,126,291
08/15/2007,BZN,MT,ANM,WE,Federal Contract Tower,28,44,41,0,113,0,0,66,0,66,28,44,107,0,179,70,0,70,249
08/16/2007,BZN,MT,ANM,WE,Federal Contract Tower,31,35,24,0,90,0,0,71,0,71,31,35,95,0,161,50,0,50,211
08/17/2007,BZN,MT,ANM,WE,Federal Contract Tower,28,37,20,0,85,0,1,55,0,56,28,38,75,0,141,66,0,66,207
08/18/2007,BZN,MT,ANM,WE,Federal Contract Tower,27,41,20,0,88,0,0,57,0,57,27,41,77,0,145,56,0,56,201
08/19/2007,BZN,MT,ANM,WE,Federal Contract Tower,33,36,27,0,96,0,0,93,0,93,33,36,120,0,189,72,0,72,261
08/20/2007,BZN,MT,ANM,WE,Federal Contract Tower,29,27,27,0,83,0,0,79,0,79,29,27,106,0,162,118,0,118,280
08/21/2007,BZN,MT,ANM,WE,Federal Contract Tower,24,30,18,0,72,0,1,100,0,101,24,31,118,0,173,132,0,132,305
08/22/2007,BZN,MT,ANM,WE,Federal Contract Tower,25,37,29,0,91,0,2,125,0,127,25,39,154,0,218,114,0,114,332
08/23/2007,BZN,MT,ANM,WE,Federal Contract Tower,24,38,22,0,84,0,1,124,2,127,24,39,146,2,211,136,0,136,347
08/24/2007,BZN,MT,ANM,WE,Federal Contract Tower,23,35,30,0,88,0,1,124,0,125,23,36,154,0,213,138,0,138,351
08/25/2007,BZN,MT,ANM,WE,Federal Contract Tower,24,45,14,0,83,0,0,103,0,103,24,45,117,0,186,106,0,106,292
08/26/2007,BZN,MT,ANM,WE,Federal Contract Tower,27,34,23,0,84,0,0,71,0,71,27,34,94,0,155,6,0,6,161
08/27/2007,BZN,MT,ANM,WE,Federal Contract Tower,27,31,15,1,74,1,0,64,0,65,28,31,79,1,139,38,0,38,177
08/28/2007,BZN,MT,ANM,WE,Federal Contract Tower,27,29,10,0,66,0,6,75,1,82,27,35,85,1,148,110,0,110,258
08/29/2007,BZN,MT,ANM,WE,Federal Contract Tower,25,34,16,0,75,0,5,99,2,106,25,39,115,2,181,182,2,184,365
08/30/2007,BZN,MT,ANM,WE,Federal Contract Tower,26,46,28,4,104,0,1,118,2,121,26,47,146,6,225,140,0,140,365
08/31/2007,BZN,MT,ANM,WE,Federal Contract Tower,28,37,28,2,95,0,0,99,0,99,28,37,127,2,194,142,0,142,336
09/01/2007,BZN,MT,ANM,WE,Federal Contract Tower,22,30,12,0,64,0,0,92,0,92,22,30,104,0,156,130,0,130,286
09/02/2007,BZN,MT,ANM,WE,Federal Contract Tower,21,22,10,0,53,0,0,78,0,78,21,22,88,0,131,48,0,48,179
09/03/2007,BZN,MT,ANM,WE,Federal Contract Tower,25,43,20,0,88,0,0,118,0,118,25,43,138,0,206,78,0,78,284
09/04/2007,BZN,MT,ANM,WE,Federal Contract Tower,26,32,13,2,73,0,0,73,0,73,26,32,86,2,146,66,0,66,212
09/05/2007,BZN,MT,ANM,WE,Federal Contract Tower,22,30,35,0,87,0,5,110,0,115,22,35,145,0,202,160,0,160,362
09/06/2007,BZN,MT,ANM,WE,Federal Contract Tower,22,37,18,0,77,0,4,67,0,71,22,41,85,0,148,44,0,44,192
09/07/2007,BZN,MT,ANM,WE,Federal Contract Tower,19,39,29,0,87,0,0,121,0,121,19,39,150,0,208,146,0,146,354
09/08/2007,BZN,MT,ANM,WE,Federal Contract Tower,27,22,12,0,61,0,1,92,0,93,27,23,104,0,154,130,0,130,284
09/09/2007,BZN,MT,ANM,WE,Federal Contract Tower,21,27,18,0,66,0,0,58,0,58,21,27,76,0,124,14,0,14,138
09/10/2007,BZN,MT,ANM,WE,Federal Contract Tower,22,27,14,1,64,0,1,124,1,126,22,28,138,2,190,104,2,106,296
09/11/2007,BZN,MT,ANM,WE,Federal Contract Tower,22,35,33,1,91,0,1,110,0,111,22,36,143,1,202,124,0,124,326
09/12/2007,BZN,MT,ANM,WE,Federal Contract Tower,16,32,19,0,67,0,1,81,5,87,16,33,100,5,154,132,2,134,288
09/13/2007,BZN,MT,ANM,WE,Federal Contract Tower,19,30,29,1,79,0,0,103,0,103,19,30,132,1,182,114,0,114,296
09/14/2007,BZN,MT,ANM,WE,Federal Contract Tower,17,37,23,0,77,0,1,104,0,105,17,38,127,0,182,102,0,102,284
09/15/2007,BZN,MT,ANM,WE,Federal Contract Tower,29,24,9,0,62,0,0,86,0,86,29,24,95,0,148,106,0,106,254
09/16/2007,BZN,MT,ANM,WE,Federal Contract Tower,18,26,18,0,62,2,0,71,0,73,20,26,89,0,135,100,0,100,235
09/17/2007,BZN,MT,ANM,WE,Federal Contract Tower,21,31,20,0,72,0,8,93,0,101,21,39,113,0,173,132,0,132,305
09/18/2007,BZN,MT,ANM,WE,Federal Contract Tower,21,34,20,2,77,0,1,99,0,100,21,35,119,2,177,158,2,160,337
09/19/2007,BZN,MT,ANM,WE,Federal Contract Tower,20,32,26,0,78,0,0,15,0,15,20,32,41,0,93,34,0,34,127
09/20/2007,BZN,MT,ANM,WE,Federal Contract Tower,22,34,17,0,73,0,0,94,0,94,22,34,111,0,167,46,0,46,213
09/21/2007,BZN,MT,ANM,WE,Federal Contract Tower,21,30,26,0,77,0,1,114,0,115,21,31,140,0,192,90,0,90,282
09/22/2007,BZN,MT,ANM,WE,Federal Contract Tower,20,26,14,0,60,0,0,85,0,85,20,26,99,0,145,100,0,100,245
09/23/2007,BZN,MT,ANM,WE,Federal Contract Tower,22,27,29,2,80,0,0,2,0,2,22,27,31,2,82,0,0,0,82
09/24/2007,BZN,MT,ANM,WE,Federal Contract Tower,22,31,24,0,77,0,0,66,0,66,22,31,90,0,143,78,0,78,221
09/25/2007,BZN,MT,ANM,WE,Federal Contract Tower,21,29,11,0,61,0,0,98,0,98,21,29,109,0,159,94,0,94,253
09/26/2007,BZN,MT,ANM,WE,Federal Contract Tower,22,33,27,2,84,0,0,107,3,110,22,33,134,5,194,108,2,110,304
09/27/2007,BZN,MT,ANM,WE,Federal Contract Tower,21,32,25,0,78,0,0,118,0,118,21,32,143,0,196,150,0,150,346
09/28/2007,BZN,MT,ANM,WE,Federal Contract Tower,22,29,18,0,69,0,0,83,2,85,22,29,101,2,154,104,0,104,258
09/29/2007,BZN,MT,ANM,WE,Federal Contract Tower,25,19,12,0,56,0,0,0,0,0,25,19,12,0,56,0,0,0,56
09/30/2007,BZN,MT,ANM,WE,Federal Contract Tower,23,27,17,0,67,0,4,124,0,128,23,31,141,0,195,68,0,68,263
10/01/2007,BZN,MT,ANM,WE,Federal Contract Tower,24,27,13,0,64,0,0,53,0,53,24,27,66,0,117,114,0,114,231
10/02/2007,BZN,MT,ANM,WE,Federal Contract Tower,24,26,17,0,67,0,0,57,0,57,24,26,74,0,124,82,0,82,206
10/03/2007,BZN,MT,ANM,WE,Federal Contract Tower,23,30,9,0,62,0,0,46,0,46,23,30,55,0,108,96,0,96,204
10/04/2007,BZN,MT,ANM,WE,Federal Contract Tower,22,24,22,0,68,0,0,115,0,115,22,24,137,0,183,110,0,110,293
10/05/2007,BZN,MT,ANM,WE,Federal Contract Tower,24,28,9,0,61,0,0,0,0,0,24,28,9,0,61,0,0,0,61
10/06/2007,BZN,MT,ANM,WE,Federal Contract Tower,29,31,8,0,68,0,0,1,0,1,29,31,9,0,69,0,0,0,69
10/07/2007,BZN,MT,ANM,WE,Federal Contract Tower,24,24,18,0,66,0,0,88,0,88,24,24,106,0,154,88,0,88,242
10/08/2007,BZN,MT,ANM,WE,Federal Contract Tower,24,26,18,0,68,0,0,100,0,100,24,26,118,0,168,160,0,160,328
10/09/2007,BZN,MT,ANM,WE,Federal Contract Tower,24,24,8,0,56,0,0,153,0,153,24,24,161,0,209,124,0,124,333
10/10/2007,BZN,MT,ANM,WE,Federal Contract Tower,23,29,23,0,75,0,0,114,0,114,23,29,137,0,189,146,0,146,335
10/11/2007,BZN,MT,ANM,WE,Federal Contract Tower,24,29,28,0,81,0,0,111,0,111,24,29,139,0,192,128,0,128,320
10/12/2007,BZN,MT,ANM,WE,Federal Contract Tower,23,25,14,0,62,0,0,146,2,148,23,25,160,2,210,144,0,144,354
10/13/2007,BZN,MT,ANM,WE,Federal Contract Tower,26,20,13,0,59,0,0,92,0,92,26,20,105,0,151,86,0,86,237
10/14/2007,BZN,MT,ANM,WE,Federal Contract Tower,23,20,16,0,59,0,0,120,2,122,23,20,136,2,181,90,0,90,271
10/15/2007,BZN,MT,ANM,WE,Federal Contract Tower,26,19,20,0,65,0,1,145,0,146,26,20,165,0,211,162,0,162,373
10/16/2007,BZN,MT,ANM,WE,Federal Contract Tower,24,27,13,0,64,0,13,113,0,126,24,40,126,0,190,106,0,106,296
10/17/2007,BZN,MT,ANM,WE,Federal Contract Tower,24,33,19,0,76,0,0,4,0,4,24,33,23,0,80,6,0,6,86
10/18/2007,BZN,MT,ANM,WE,Federal Contract Tower,21,35,16,0,72,0,0,76,0,76,21,35,92,0,148,124,0,124,272
10/19/2007,BZN,MT,ANM,WE,Federal Contract Tower,22,29,25,0,76,0,0,27,0,27,22,29,52,0,103,44,0,44,147
10/20/2007,BZN,MT,ANM,WE,Federal Contract Tower,37,15,8,0,60,0,1,20,0,21,37,16,28,0,81,12,0,12,93
10/21/2007,BZN,MT,ANM,WE,Federal Contract Tower,24,22,7,0,53,0,0,46,0,46,24,22,53,0,99,48,0,48,147
10/22/2007,BZN,MT,ANM,WE,Federal Contract Tower,24,21,6,0,51,0,0,92,0,92,24,21,98,0,143,184,0,184,327
10/23/2007,BZN,MT,ANM,WE,Federal Contract Tower,23,26,13,0,62,0,0,90,0,90,23,26,103,0,152,70,0,70,222
10/24/2007,BZN,MT,ANM,WE,Federal Contract Tower,23,29,16,0,68,0,0,145,0,145,23,29,161,0,213,220,0,220,433
10/25/2007,BZN,MT,ANM,WE,Federal Contract Tower,24,26,19,0,69,0,0,99,0,99,24,26,118,0,168,166,0,166,334
10/26/2007,BZN,MT,ANM,WE,Federal Contract Tower,26,29,11,0,66,0,0,10,0,10,26,29,21,0,76,14,0,14,90
10/27/2007,BZN,MT,ANM,WE,Federal Contract Tower,27,17,3,0,47,0,2,86,0,88,27,19,89,0,135,103,0,103,238
10/28/2007,BZN,MT,ANM,WE,Federal Contract Tower,23,18,4,0,45,0,0,89,0,89,23,18,93,0,134,58,0,58,192
10/29/2007,BZN,MT,ANM,WE,Federal Contract Tower,22,22,6,0,50,0,0,78,0,78,22,22,84,0,128,156,0,156,284
10/30/2007,BZN,MT,ANM,WE,Federal Contract Tower,22,23,13,2,60,0,0,36,0,36,22,23,49,2,96,42,0,42,138
10/31/2007,BZN,MT,ANM,WE,Federal Contract Tower,18,28,11,0,57,0,1,110,0,111,18,29,121,0,168,136,0,136,304
11/01/2007,BZN,MT,ANM,WE,Federal Contract Tower,20,27,12,0,59,0,0,84,2,86,20,27,96,2,145,136,0,136,281
11/02/2007,BZN,MT,ANM,WE,Federal Contract Tower,22,28,10,0,60,0,0,105,0,105,22,28,115,0,165,136,0,136,301
11/03/2007,BZN,MT,ANM,WE,Federal Contract Tower,23,24,9,0,56,0,2,43,4,49,23,26,52,4,105,70,0,70,175
11/04/2007,BZN,MT,ANM,WE,Federal Contract Tower,21,25,10,0,56,0,0,33,0,33,21,25,43,0,89,8,0,8,97
11/05/2007,BZN,MT,ANM,WE,Federal Contract Tower,19,28,14,0,61,0,0,87,0,87,19,28,101,0,148,146,0,146,294
11/06/2007,BZN,MT,ANM,WE,Federal Contract Tower,19,48,9,0,76,1,2,98,0,101,20,50,107,0,177,103,0,103,280
11/07/2007,BZN,MT,ANM,WE,Federal Contract Tower,17,27,21,0,65,2,2,70,0,74,19,29,91,0,139,66,0,66,205
11/08/2007,BZN,MT,ANM,WE,Federal Contract Tower,19,27,17,0,63,1,0,79,6,86,20,27,96,6,149,150,6,156,305
11/09/2007,BZN,MT,ANM,WE,Federal Contract Tower,17,25,11,0,53,5,4,73,0,82,22,29,84,0,135,100,0,100,235
11/10/2007,BZN,MT,ANM,WE,Federal Contract Tower,19,25,10,0,54,4,0,70,0,74,23,25,80,0,128,52,0,52,180
11/11/2007,BZN,MT,ANM,WE,Federal Contract Tower,21,25,19,0,65,1,0,47,0,48,22,25,66,0,113,34,0,34,147
11/12/2007,BZN,MT,ANM,WE,Federal Contract Tower,18,26,21,0,65,0,0,25,0,25,18,26,46,0,90,36,0,36,126
11/13/2007,BZN,MT,ANM,WE,Federal Contract Tower,20,23,14,0,57,0,0,34,0,34,20,23,48,0,91,72,0,72,163
11/14/2007,BZN,MT,ANM,WE,Federal Contract Tower,20,25,13,0,58,0,0,143,0,143,20,25,156,0,201,150,0,150,351
11/15/2007,BZN,MT,ANM,WE,Federal Contract Tower,20,29,19,1,69,0,0,64,0,64,20,29,83,1,133,102,0,102,235
11/16/2007,BZN,MT,ANM,WE,Federal Contract Tower,20,31,19,0,70,0,1,57,2,60,20,32,76,2,130,84,0,84,214
11/17/2007,BZN,MT,ANM,WE,Federal Contract Tower,21,21,14,0,56,0,0,44,8,52,21,21,58,8,108,68,0,68,176
11/18/2007,BZN,MT,ANM,WE,Federal Contract Tower,20,19,20,1,60,2,0,27,14,43,22,19,47,15,103,30,0,30,133
11/19/2007,BZN,MT,ANM,WE,Federal Contract Tower,15,15,8,0,38,0,0,5,0,5,15,15,13,0,43,24,0,24,67
11/20/2007,BZN,MT,ANM,WE,Federal Contract Tower,20,38,19,0,77,0,0,1,1,2,20,38,20,1,79,0,0,0,79
11/21/2007,BZN,MT,ANM,WE,Federal Contract Tower,21,31,32,0,84,0,1,41,0,42,21,32,73,0,126,66,0,66,192
11/22/2007,BZN,MT,ANM,WE,Federal Contract Tower,14,15,1,0,30,0,0,26,0,26,14,15,27,0,56,12,0,12,68
11/23/2007,BZN,MT,ANM,WE,Federal Contract Tower,18,19,5,0,42,0,0,48,0,48,18,19,53,0,90,16,0,16,106
11/24/2007,BZN,MT,ANM,WE,Federal Contract Tower,19,25,11,0,55,0,2,56,0,58,19,27,67,0,113,22,0,22,135
11/25/2007,BZN,MT,ANM,WE,Federal Contract Tower,23,21,30,0,74,0,1,70,0,71,23,22,100,0,145,40,0,40,185
11/26/2007,BZN,MT,ANM,WE,Federal Contract Tower,21,30,13,0,64,2,13,53,2,70,23,43,66,2,134,120,2,122,256
11/27/2007,BZN,MT,ANM,WE,Federal Contract Tower,21,31,14,0,66,1,0,24,0,25,22,31,38,0,91,40,0,40,131
11/28/2007,BZN,MT,ANM,WE,Federal Contract Tower,20,21,17,2,60,0,0,75,0,75,20,21,92,2,135,96,0,96,231
11/29/2007,BZN,MT,ANM,WE,Federal Contract Tower,20,27,13,0,60,0,0,0,0,0,20,27,13,0,60,0,0,0,60
11/30/2007,BZN,MT,ANM,WE,Federal Contract Tower,20,24,16,2,62,0,0,76,0,76,20,24,92,2,138,92,0,92,230
12/01/2007,BZN,MT,ANM,WE,Federal Contract Tower,20,20,1,2,43,0,1,36,0,37,20,21,37,2,80,56,0,56,136
12/02/2007,BZN,MT,ANM,WE,Federal Contract Tower,17,22,8,2,49,0,0,29,0,29,17,22,37,2,78,76,0,76,154
12/03/2007,BZN,MT,ANM,WE,Federal Contract Tower,18,27,12,0,57,0,0,14,1,15,18,27,26,1,72,40,0,40,112
12/04/2007,BZN,MT,ANM,WE,Federal Contract Tower,19,30,18,0,67,0,0,34,0,34,19,30,52,0,101,106,0,106,207
12/05/2007,BZN,MT,ANM,WE,Federal Contract Tower,18,27,30,1,76,1,5,59,0,65,19,32,89,1,141,158,0,158,299
12/06/2007,BZN,MT,ANM,WE,Federal Contract Tower,18,29,14,1,62,0,0,36,0,36,18,29,50,1,98,105,0,105,203
12/07/2007,BZN,MT,ANM,WE,Federal Contract Tower,17,28,23,0,68,1,0,38,0,39,18,28,61,0,107,194,0,194,301
12/08/2007,BZN,MT,ANM,WE,Federal Contract Tower,17,22,5,2,46,0,1,40,0,41,17,23,45,2,87,48,0,48,135
12/09/2007,BZN,MT,ANM,WE,Federal Contract Tower,15,26,10,3,54,2,0,60,0,62,17,26,70,3,116,27,0,27,143
12/10/2007,BZN,MT,ANM,WE,Federal Contract Tower,16,31,5,0,52,0,0,29,0,29,16,31,34,0,81,78,0,78,159
12/11/2007,BZN,MT,ANM,WE,Federal Contract Tower,15,37,12,0,64,0,0,131,0,131,15,37,143,0,195,160,0,160,355
12/12/2007,BZN,MT,ANM,WE,Federal Contract Tower,18,36,19,0,73,0,1,83,0,84,18,37,102,0,157,132,0,132,289
12/13/2007,BZN,MT,ANM,WE,Federal Contract Tower,18,33,17,0,68,0,0,38,0,38,18,33,55,0,106,78,0,78,184
12/14/2007,BZN,MT,ANM,WE,Federal Contract Tower,17,37,9,4,67,0,0,148,0,148,17,37,157,4,215,182,0,182,397
12/15/2007,BZN,MT,ANM,WE,Federal Contract Tower,18,34,12,2,66,0,0,46,0,46,18,34,58,2,112,132,0,132,244
12/16/2007,BZN,MT,ANM,WE,Federal Contract Tower,19,27,22,1,69,0,0,72,0,72,19,27,94,1,141,68,0,68,209
12/17/2007,BZN,MT,ANM,WE,Federal Contract Tower,17,38,6,0,61,0,0,28,0,28,17,38,34,0,89,36,0,36,125
12/18/2007,BZN,MT,ANM,WE,Federal Contract Tower,17,44,14,0,75,0,0,87,0,87,17,44,101,0,162,156,0,156,318
12/19/2007,BZN,MT,ANM,WE,Federal Contract Tower,17,40,23,0,80,0,0,74,7,81,17,40,97,7,161,92,0,92,253
12/20/2007,BZN,MT,ANM,WE,Federal Contract Tower,18,39,18,0,75,0,0,39,0,39,18,39,57,0,114,50,0,50,164
12/21/2007,BZN,MT,ANM,WE,Federal Contract Tower,21,54,37,0,112,6,2,20,0,28,27,56,57,0,140,8,0,8,148
12/22/2007,BZN,MT,ANM,WE,Federal Contract Tower,26,44,40,0,110,0,0,29,0,29,26,44,69,0,139,28,0,28,167
12/23/2007,BZN,MT,ANM,WE,Federal Contract Tower,22,28,16,0,66,0,0,36,0,36,22,28,52,0,102,46,0,46,148
12/24/2007,BZN,MT,ANM,WE,Federal Contract Tower,20,20,8,0,48,0,1,1,0,2,20,21,9,0,50,0,0,0,50
12/25/2007,BZN,MT,ANM,WE,Federal Contract Tower,15,24,7,0,46,0,0,4,0,4,15,24,11,0,50,0,0,0,50
12/26/2007,BZN,MT,ANM,WE,Federal Contract Tower,22,30,54,0,106,0,0,13,0,13,22,30,67,0,119,32,0,32,151
12/27/2007,BZN,MT,ANM,WE,Federal Contract Tower,22,50,53,0,125,0,0,43,0,43,22,50,96,0,168,24,0,24,192
12/28/2007,BZN,MT,ANM,WE,Federal Contract Tower,24,42,32,0,98,0,0,51,0,51,24,42,83,0,149,84,0,84,233
12/29/2007,BZN,MT,ANM,WE,Federal Contract Tower,26,35,18,2,81,0,0,27,0,27,26,35,45,2,108,60,0,60,168
12/30/2007,BZN,MT,ANM,WE,Federal Contract Tower,21,36,18,0,75,0,0,14,0,14,21,36,32,0,89,24,0,24,113
12/31/2007,BZN,MT,ANM,WE,Federal Contract Tower,14,53,14,0,81,0,0,8,0,8,14,53,22,0,89,2,0,2,91
01/01/2008,BZN,MT,ANM,WE,Federal Contract Tower,18,55,40,0,113,0,0,87,0,87,18,55,127,0,200,86,0,86,286
01/02/2008,BZN,MT,ANM,WE,Federal Contract Tower,23,47,44,0,114,0,3,46,0,49,23,50,90,0,163,106,0,106,269
01/03/2008,BZN,MT,ANM,WE,Federal Contract Tower,26,38,28,0,92,0,0,67,0,67,26,38,95,0,159,108,0,108,267
01/04/2008,BZN,MT,ANM,WE,Federal Contract Tower,21,37,24,0,82,0,7,49,4,60,21,44,73,4,142,84,6,90,232
01/05/2008,BZN,MT,ANM,WE,Federal Contract Tower,29,39,37,2,107,0,0,25,0,25,29,39,62,2,132,42,0,42,174
01/06/2008,BZN,MT,ANM,WE,Federal Contract Tower,24,30,31,0,85,0,1,16,0,17,24,31,47,0,102,56,0,56,158
01/07/2008,BZN,MT,ANM,WE,Federal Contract Tower,25,27,8,0,60,0,0,65,0,65,25,27,73,0,125,90,0,90,215
01/08/2008,BZN,MT,ANM,WE,Federal Contract Tower,26,23,12,1,62,0,0,57,0,57,26,23,69,1,119,114,0,114,233
01/09/2008,BZN,MT,ANM,WE,Federal Contract Tower,26,24,12,0,62,0,0,34,2,36,26,24,46,2,98,64,0,64,162
01/10/2008,BZN,MT,ANM,WE,Federal Contract Tower,26,29,16,1,72,0,0,56,0,56,26,29,72,1,128,70,1,71,199
01/11/2008,BZN,MT,ANM,WE,Federal Contract Tower,25,37,12,0,74,0,0,47,0,47,25,37,59,0,121,84,0,84,205
01/12/2008,BZN,MT,ANM,WE,Federal Contract Tower,31,21,2,0,54,0,4,55,0,59,31,25,57,0,113,86,0,86,199
01/13/2008,BZN,MT,ANM,WE,Federal Contract Tower,26,22,13,0,61,0,0,66,0,66,26,22,79,0,127,42,0,42,169
01/14/2008,BZN,MT,ANM,WE,Federal Contract Tower,25,21,13,0,59,0,0,103,0,103,25,21,116,0,162,76,0,76,238
01/15/2008,BZN,MT,ANM,WE,Federal Contract Tower,26,24,17,0,67,0,0,17,0,17,26,24,34,0,84,54,0,54,138
01/16/2008,BZN,MT,ANM,WE,Federal Contract Tower,24,29,16,0,69,0,1,75,0,76,24,30,91,0,145,104,0,104,249
01/17/2008,BZN,MT,ANM,WE,Federal Contract Tower,24,28,15,0,67,0,0,6,0,6,24,28,21,0,73,18,0,18,91
01/18/2008,BZN,MT,ANM,WE,Federal Contract Tower,25,33,34,0,92,0,0,17,2,19,25,33,51,2,111,54,0,54,165
01/19/2008,BZN,MT,ANM,WE,Federal Contract Tower,28,26,16,0,70,0,0,22,0,22,28,26,38,0,92,38,0,38,130
01/20/2008,BZN,MT,ANM,WE,Federal Contract Tower,25,28,6,0,59,0,0,0,0,0,25,28,6,0,59,0,0,0,59
01/21/2008,BZN,MT,ANM,WE,Federal Contract Tower,21,37,30,0,88,0,0,11,0,11,21,37,41,0,99,0,0,0,99
01/22/2008,BZN,MT,ANM,WE,Federal Contract Tower,24,28,22,0,74,0,0,34,0,34,24,28,56,0,108,34,0,34,142
01/23/2008,BZN,MT,ANM,WE,Federal Contract Tower,26,30,9,0,65,0,0,56,0,56,26,30,65,0,121,86,0,86,207
01/24/2008,BZN,MT,ANM,WE,Federal Contract Tower,26,28,24,0,78,0,2,55,0,57,26,30,79,0,135,64,0,64,199
01/25/2008,BZN,MT,ANM,WE,Federal Contract Tower,24,29,10,0,63,0,0,61,0,61,24,29,71,0,124,92,0,92,216
01/26/2008,BZN,MT,ANM,WE,Federal Contract Tower,31,20,12,0,63,0,4,65,0,69,31,24,77,0,132,48,0,48,180
01/27/2008,BZN,MT,ANM,WE,Federal Contract Tower,26,40,23,0,89,0,0,19,0,19,26,40,42,0,108,48,0,48,156
01/28/2008,BZN,MT,ANM,WE,Federal Contract Tower,24,22,20,0,66,0,0,0,0,0,24,22,20,0,66,0,0,0,66
01/29/2008,BZN,MT,ANM,WE,Federal Contract Tower,26,26,13,0,65,0,0,42,0,42,26,26,55,0,107,68,0,68,175
01/30/2008,BZN,MT,ANM,WE,Federal Contract Tower,25,23,21,0,69,0,1,31,0,32,25,24,52,0,101,68,0,68,169
01/31/2008,BZN,MT,ANM,WE,Federal Contract Tower,24,27,24,0,75,0,0,27,0,27,24,27,51,0,102,78,0,78,180
02/01/2008,BZN,MT,ANM,WE,Federal Contract Tower,25,22,26,0,73,0,0,46,0,46,25,22,72,0,119,62,0,62,181
02/02/2008,BZN,MT,ANM,WE,Federal Contract Tower,31,18,12,0,61,0,2,95,0,97,31,20,107,0,158,92,0,92,250
02/03/2008,BZN,MT,ANM,WE,Federal Contract Tower,26,24,16,0,66,0,0,46,0,46,26,24,62,0,112,80,0,80,192
02/04/2008,BZN,MT,ANM,WE,Federal Contract Tower,25,26,22,0,73,0,0,18,0,18,25,26,40,0,91,60,0,60,151
02/05/2008,BZN,MT,ANM,WE,Federal Contract Tower,26,24,14,0,64,0,0,90,0,90,26,24,104,0,154,128,0,128,282
02/06/2008,BZN,MT,ANM,WE,Federal Contract Tower,25,26,22,0,73,0,0,32,0,32,25,26,54,0,105,70,0,70,175
02/07/2008,BZN,MT,ANM,WE,Federal Contract Tower,26,24,19,2,71,0,0,19,0,19,26,24,38,2,90,44,0,44,134
02/08/2008,BZN,MT,ANM,WE,Federal Contract Tower,25,34,24,0,83,0,0,11,0,11,25,34,35,0,94,20,0,20,114
02/09/2008,BZN,MT,ANM,WE,Federal Contract Tower,31,21,11,0,63,0,0,66,0,66,31,21,77,0,129,176,0,176,305
02/10/2008,BZN,MT,ANM,WE,Federal Contract Tower,26,27,16,0,69,1,3,62,6,72,27,30,78,6,141,74,6,80,221
02/11/2008,BZN,MT,ANM,WE,Federal Contract Tower,26,18,21,0,65,0,0,51,0,51,26,18,72,0,116,116,0,116,232
02/12/2008,BZN,MT,ANM,WE,Federal Contract Tower,25,22,17,0,64,0,0,39,0,39,25,22,56,0,103,104,0,104,207
02/13/2008,BZN,MT,ANM,WE,Federal Contract Tower,24,30,19,0,73,0,0,38,0,38,24,30,57,0,111,88,0,88,199
02/14/2008,BZN,MT,ANM,WE,Federal Contract Tower,24,40,27,0,91,0,1,107,0,108,24,41,134,0,199,174,0,174,373
02/15/2008,BZN,MT,ANM,WE,Federal Contract Tower,24,48,55,0,127,0,1,99,0,100,24,49,154,0,227,144,0,144,371
02/16/2008,BZN,MT,ANM,WE,Federal Contract Tower,32,29,22,0,83,0,1,63,0,64,32,30,85,0,147,60,0,60,207
02/17/2008,BZN,MT,ANM,WE,Federal Contract Tower,29,25,15,0,69,0,0,80,0,80,29,25,95,0,149,114,0,114,263
02/18/2008,BZN,MT,ANM,WE,Federal Contract Tower,24,43,68,0,135,0,0,96,0,96,24,43,164,0,231,48,0,48,279
02/19/2008,BZN,MT,ANM,WE,Federal Contract Tower,28,31,37,2,98,0,0,115,4,119,28,31,152,6,217,150,12,162,379
02/20/2008,BZN,MT,ANM,WE,Federal Contract Tower,24,37,17,1,79,0,0,113,0,113,24,37,130,1,192,232,0,232,424
02/21/2008,BZN,MT,ANM,WE,Federal Contract Tower,21,31,26,0,78,0,0,120,0,120,21,31,146,0,198,180,0,180,378
02/22/2008,BZN,MT,ANM,WE,Federal Contract Tower,23,34,33,1,91,0,0,122,2,124,23,34,155,3,215,102,0,102,317
02/23/2008,BZN,MT,ANM,WE,Federal Contract Tower,29,29,19,0,77,0,2,63,0,65,29,31,82,0,142,84,0,84,226
02/24/2008,BZN,MT,ANM,WE,Federal Contract Tower,27,33,20,0,80,0,0,3,0,3,27,33,23,0,83,0,0,0,83
02/25/2008,BZN,MT,ANM,WE,Federal Contract Tower,23,18,12,0,53,0,0,0,0,0,23,18,12,0,53,0,0,0,53
02/26/2008,BZN,MT,ANM,WE,Federal Contract Tower,22,25,24,0,71,0,0,68,0,68,22,25,92,0,139,146,0,146,285
02/27/2008,BZN,MT,ANM,WE,Federal Contract Tower,24,33,13,0,70,0,0,74,0,74,24,33,87,0,144,156,0,156,300
02/28/2008,BZN,MT,ANM,WE,Federal Contract Tower,29,28,23,0,80,0,0,45,0,45,29,28,68,0,125,120,0,120,245
02/29/2008,BZN,MT,ANM,WE,Federal Contract Tower,23,30,21,0,74,0,0,101,1,102,23,30,122,1,176,110,4,114,290
03/01/2008,BZN,MT,ANM,WE,Federal Contract Tower,26,24,25,0,75,0,0,4,0,4,26,24,29,0,79,4,0,4,83
03/02/2008,BZN,MT,ANM,WE,Federal Contract Tower,26,37,23,0,86,0,0,49,0,49,26,37,72,0,135,108,0,108,243
03/03/2008,BZN,MT,ANM,WE,Federal Contract Tower,25,27,18,0,70,0,0,40,0,40,25,27,58,0,110,78,0,78,188
03/04/2008,BZN,MT,ANM,WE,Federal Contract Tower,25,20,15,0,60,0,0,4,0,4,25,20,19,0,64,2,0,2,66
03/05/2008,BZN,MT,ANM,WE,Federal Contract Tower,24,28,18,0,70,0,0,52,0,52,24,28,70,0,122,142,0,142,264
03/06/2008,BZN,MT,ANM,WE,Federal Contract Tower,24,33,22,0,79,0,0,97,0,97,24,33,119,0,176,100,0,100,276
03/07/2008,BZN,MT,ANM,WE,Federal Contract Tower,22,39,18,0,79,6,0,81,0,87,28,39,99,0,166,76,0,76,242
03/08/2008,BZN,MT,ANM,WE,Federal Contract Tower,30,27,16,0,73,0,0,104,0,104,30,27,120,0,177,46,0,46,223
03/09/2008,BZN,MT,ANM,WE,Federal Contract Tower,26,32,19,0,77,0,0,67,0,67,26,32,86,0,144,106,0,106,250
03/10/2008,BZN,MT,ANM,WE,Federal Contract Tower,26,25,9,0,60,0,0,86,2,88,26,25,95,2,148,122,2,124,272
03/11/2008,BZN,MT,ANM,WE,Federal Contract Tower,25,32,20,0,77,0,0,54,3,57,25,32,74,3,134,68,2,70,204
03/12/2008,BZN,MT,ANM,WE,Federal Contract Tower,24,32,29,0,85,0,7,71,0,78,24,39,100,0,163,122,0,122,285
03/13/2008,BZN,MT,ANM,WE,Federal Contract Tower,25,29,23,0,77,0,0,65,0,65,25,29,88,0,142,112,0,112,254
03/14/2008,BZN,MT,ANM,WE,Federal Contract Tower,24,41,14,0,79,0,0,30,0,30,24,41,44,0,109,90,0,90,199
03/15/2008,BZN,MT,ANM,WE,Federal Contract Tower,29,30,14,0,73,0,0,53,0,53,29,30,67,0,126,64,0,64,190
03/16/2008,BZN,MT,ANM,WE,Federal Contract Tower,26,28,44,0,98,0,0,18,0,18,26,28,62,0,116,34,0,34,150
03/17/2008,BZN,MT,ANM,WE,Federal Contract Tower,24,29,14,0,67,0,0,44,0,44,24,29,58,0,111,26,0,26,137
03/18/2008,BZN,MT,ANM,WE,Federal Contract Tower,24,28,21,0,73,0,0,36,2,38,24,28,57,2,111,28,2,30,141
03/19/2008,BZN,MT,ANM,WE,Federal Contract Tower,24,25,25,0,74,0,2,98,0,100,24,27,123,0,174,116,0,116,290
03/20/2008,BZN,MT,ANM,WE,Federal Contract Tower,26,31,30,0,87,0,0,36,0,36,26,31,66,0,123,26,0,26,149
03/21/2008,BZN,MT,ANM,WE,Federal Contract Tower,24,31,30,0,85,0,0,26,0,26,24,31,56,0,111,64,0,64,175
03/22/2008,BZN,MT,ANM,WE,Federal Contract Tower,29,28,32,0,89,0,2,110,0,112,29,30,142,0,201,90,0,90,291
03/23/2008,BZN,MT,ANM,WE,Federal Contract Tower,30,25,18,0,73,0,0,39,0,39,30,25,57,0,112,26,0,26,138
03/24/2008,BZN,MT,ANM,WE,Federal Contract Tower,24,36,26,1,87,0,0,4,0,4,24,36,30,1,91,16,0,16,107
03/25/2008,BZN,MT,ANM,WE,Federal Contract Tower,24,20,26,0,70,0,0,81,0,81,24,20,107,0,151,148,0,148,299
03/26/2008,BZN,MT,ANM,WE,Federal Contract Tower,23,31,24,0,78,0,0,23,0,23,23,31,47,0,101,90,0,90,191
03/27/2008,BZN,MT,ANM,WE,Federal Contract Tower,24,38,14,0,76,0,0,32,0,32,24,38,46,0,108,38,0,38,146
03/28/2008,BZN,MT,ANM,WE,Federal Contract Tower,24,26,31,0,81,0,0,84,2,86,24,26,115,2,167,76,0,76,243
03/29/2008,BZN,MT,ANM,WE,Federal Contract Tower,29,28,23,0,80,0,0,15,0,15,29,28,38,0,95,14,0,14,109
03/30/2008,BZN,MT,ANM,WE,Federal Contract Tower,24,39,31,0,94,0,0,72,2,74,24,39,103,2,168,68,0,68,236
03/31/2008,BZN,MT,ANM,WE,Federal Contract Tower,20,28,10,0,58,0,0,0,0,0,20,28,10,0,58,0,0,0,58
04/01/2008,BZN,MT,ANM,WE,Federal Contract Tower,20,29,11,0,60,0,0,85,0,85,20,29,96,0,145,152,0,152,297
04/02/2008,BZN,MT,ANM,WE,Federal Contract Tower,21,30,18,0,69,0,0,72,0,72,21,30,90,0,141,166,0,166,307
04/03/2008,BZN,MT,ANM,WE,Federal Contract Tower,17,28,24,0,69,0,2,116,0,118,17,30,140,0,187,132,0,132,319
04/04/2008,BZN,MT,ANM,WE,Federal Contract Tower,20,34,19,0,73,0,0,86,2,88,20,34,105,2,161,132,0,132,293
04/05/2008,BZN,MT,ANM,WE,Federal Contract Tower,23,19,9,0,51,0,0,0,0,0,23,19,9,0,51,0,0,0,51
04/06/2008,BZN,MT,ANM,WE,Federal Contract Tower,16,25,16,0,57,1,0,65,0,66,17,25,81,0,123,82,0,82,205
04/07/2008,BZN,MT,ANM,WE,Federal Contract Tower,15,21,11,0,47,0,0,39,0,39,15,21,50,0,86,94,0,94,180
04/08/2008,BZN,MT,ANM,WE,Federal Contract Tower,14,21,14,0,49,0,0,48,0,48,14,21,62,0,97,94,0,94,191
04/09/2008,BZN,MT,ANM,WE,Federal Contract Tower,13,26,9,0,48,0,0,88,0,88,13,26,97,0,136,172,0,172,308
04/10/2008,BZN,MT,ANM,WE,Federal Contract Tower,12,24,12,0,48,0,0,19,0,19,12,24,31,0,67,14,0,14,81
04/11/2008,BZN,MT,ANM,WE,Federal Contract Tower,12,29,11,0,52,0,4,95,0,99,12,33,106,0,151,104,0,104,255
04/12/2008,BZN,MT,ANM,WE,Federal Contract Tower,17,17,8,0,42,0,0,97,0,97,17,17,105,0,139,72,0,72,211
04/13/2008,BZN,MT,ANM,WE,Federal Contract Tower,10,19,14,0,43,2,3,104,0,109,12,22,118,0,152,26,0,26,178
04/14/2008,BZN,MT,ANM,WE,Federal Contract Tower,13,21,18,0,52,0,0,57,0,57,13,21,75,0,109,86,0,86,195
04/15/2008,BZN,MT,ANM,WE,Federal Contract Tower,15,24,9,0,48,0,0,12,0,12,15,24,21,0,60,38,0,38,98
04/16/2008,BZN,MT,ANM,WE,Federal Contract Tower,17,24,18,2,61,0,0,44,0,44,17,24,62,2,105,78,0,78,183
04/17/2008,BZN,MT,ANM,WE,Federal Contract Tower,10,27,15,0,52,0,0,106,0,106,10,27,121,0,158,80,0,80,238
04/18/2008,BZN,MT,ANM,WE,Federal Contract Tower,12,28,14,0,54,0,0,45,0,45,12,28,59,0,99,42,0,42,141
04/19/2008,BZN,MT,ANM,WE,Federal Contract Tower,15,18,6,0,39,0,0,21,0,21,15,18,27,0,60,50,0,50,110
04/20/2008,BZN,MT,ANM,WE,Federal Contract Tower,13,20,7,0,40,0,0,3,0,3,13,20,10,0,43,2,0,2,45
04/21/2008,BZN,MT,ANM,WE,Federal Contract Tower,13,23,10,0,46,0,0,27,0,27,13,23,37,0,73,14,0,14,87
04/22/2008,BZN,MT,ANM,WE,Federal Contract Tower,14,20,6,0,40,0,0,58,0,58,14,20,64,0,98,108,0,108,206
04/23/2008,BZN,MT,ANM,WE,Federal Contract Tower,11,22,13,0,46,0,0,39,0,39,11,22,52,0,85,124,0,124,209
04/24/2008,BZN,MT,ANM,WE,Federal Contract Tower,11,29,12,0,52,0,0,10,0,10,11,29,22,0,62,26,0,26,88
04/25/2008,BZN,MT,ANM,WE,Federal Contract Tower,12,28,6,0,46,0,0,14,2,16,12,28,20,2,62,54,0,54,116
04/26/2008,BZN,MT,ANM,WE,Federal Contract Tower,14,19,6,0,39,0,1,100,0,101,14,20,106,0,140,188,0,188,328
04/27/2008,BZN,MT,ANM,WE,Federal Contract Tower,12,21,15,0,48,0,12,104,0,116,12,33,119,0,164,92,0,92,256
04/28/2008,BZN,MT,ANM,WE,Federal Contract Tower,18,22,8,0,48,0,0,53,0,53,18,22,61,0,101,74,0,74,175
04/29/2008,BZN,MT,ANM,WE,Federal Contract Tower,14,20,6,2,42,0,0,50,0,50,14,20,56,2,92,66,0,66,158
04/30/2008,BZN,MT,ANM,WE,Federal Contract Tower,15,25,16,0,56,0,0,18,0,18,15,25,34,0,74,34,0,34,108
05/01/2008,BZN,MT,ANM,WE,Federal Contract Tower,12,30,10,0,52,0,0,66,0,66,12,30,76,0,118,94,0,94,212
05/02/2008,BZN,MT,ANM,WE,Federal Contract Tower,10,33,10,0,53,0,0,60,0,60,10,33,70,0,113,56,0,56,169
05/03/2008,BZN,MT,ANM,WE,Federal Contract Tower,13,19,0,0,32,0,3,100,0,103,13,22,100,0,135,112,0,112,247
05/04/2008,BZN,MT,ANM,WE,Federal Contract Tower,13,25,8,1,47,0,0,56,1,57,13,25,64,2,104,44,0,44,148
05/05/2008,BZN,MT,ANM,WE,Federal Contract Tower,12,23,1,0,36,0,0,84,0,84,12,23,85,0,120,98,0,98,218
05/06/2008,BZN,MT,ANM,WE,Federal Contract Tower,14,19,4,0,37,0,0,65,0,65,14,19,69,0,102,106,0,106,208
05/07/2008,BZN,MT,ANM,WE,Federal Contract Tower,13,29,15,0,57,0,0,21,0,21,13,29,36,0,78,50,0,50,128
05/08/2008,BZN,MT,ANM,WE,Federal Contract Tower,12,26,25,0,63,0,0,71,0,71,12,26,96,0,134,96,0,96,230
05/09/2008,BZN,MT,ANM,WE,Federal Contract Tower,11,31,19,0,61,0,0,9,0,9,11,31,28,0,70,22,0,22,92
05/10/2008,BZN,MT,ANM,WE,Federal Contract Tower,11,22,7,0,40,0,3,74,0,77,11,25,81,0,117,54,0,54,171
05/11/2008,BZN,MT,ANM,WE,Federal Contract Tower,12,25,9,0,46,0,0,32,0,32,12,25,41,0,78,26,0,26,104
05/12/2008,BZN,MT,ANM,WE,Federal Contract Tower,13,38,32,0,83,0,0,18,0,18,13,38,50,0,101,24,0,24,125
05/13/2008,BZN,MT,ANM,WE,Federal Contract Tower,14,22,16,0,52,0,3,70,0,73,14,25,86,0,125,98,0,98,223
05/14/2008,BZN,MT,ANM,WE,Federal Contract Tower,13,34,25,0,72,0,0,29,0,29,13,34,54,0,101,104,0,104,205
05/15/2008,BZN,MT,ANM,WE,Federal Contract Tower,12,30,12,0,54,0,0,103,0,103,12,30,115,0,157,104,0,104,261
05/16/2008,BZN,MT,ANM,WE,Federal Contract Tower,11,32,6,11,60,0,0,120,0,120,11,32,126,11,180,148,0,148,328
05/17/2008,BZN,MT,ANM,WE,Federal Contract Tower,16,17,4,0,37,0,2,94,0,96,16,19,98,0,133,156,0,156,289
05/18/2008,BZN,MT,ANM,WE,Federal Contract Tower,12,24,6,0,42,0,0,72,0,72,12,24,78,0,114,120,0,120,234
05/19/2008,BZN,MT,ANM,WE,Federal Contract Tower,15,29,15,8,67,0,0,70,0,70,15,29,85,8,137,140,0,140,277
05/20/2008,BZN,MT,ANM,WE,Federal Contract Tower,17,23,18,2,60,0,0,58,5,63,17,23,76,7,123,214,0,214,337
05/21/2008,BZN,MT,ANM,WE,Federal Contract Tower,12,24,18,1,55,0,0,2,0,2,12,24,20,1,57,6,0,6,63
05/22/2008,BZN,MT,ANM,WE,Federal Contract Tower,14,29,16,0,59,0,0,0,0,0,14,29,16,0,59,10,0,10,69
05/23/2008,BZN,MT,ANM,WE,Federal Contract Tower,17,31,25,0,73,0,0,18,0,18,17,31,43,0,91,28,0,28,119
05/24/2008,BZN,MT,ANM,WE,Federal Contract Tower,22,24,6,0,52,0,0,0,0,0,22,24,6,0,52,0,0,0,52
05/25/2008,BZN,MT,ANM,WE,Federal Contract Tower,18,20,13,0,51,0,0,23,0,23,18,20,36,0,74,30,0,30,104
05/26/2008,BZN,MT,ANM,WE,Federal Contract Tower,19,34,18,0,71,0,0,26,0,26,19,34,44,0,97,44,0,44,141
05/27/2008,BZN,MT,ANM,WE,Federal Contract Tower,22,28,12,0,62,0,0,46,0,46,22,28,58,0,108,76,0,76,184
05/28/2008,BZN,MT,ANM,WE,Federal Contract Tower,18,27,15,0,60,0,0,71,0,71,18,27,86,0,131,144,0,144,275
05/29/2008,BZN,MT,ANM,WE,Federal Contract Tower,18,33,10,0,61,0,0,66,0,66,18,33,76,0,127,176,0,176,303
05/30/2008,BZN,MT,ANM,WE,Federal Contract Tower,18,28,16,0,62,0,0,56,6,62,18,28,72,6,124,114,8,122,246
05/31/2008,BZN,MT,ANM,WE,Federal Contract Tower,21,22,8,0,51,0,1,144,0,145,21,23,152,0,196,104,0,104,300
06/01/2008,BZN,MT,ANM,WE,Federal Contract Tower,18,32,10,0,60,0,0,59,0,59,18,32,69,0,119,58,0,58,177
06/02/2008,BZN,MT,ANM,WE,Federal Contract Tower,18,28,15,0,61,0,0,40,0,40,18,28,55,0,101,73,0,73,174
06/03/2008,BZN,MT,ANM,WE,Federal Contract Tower,19,25,10,0,54,0,0,79,0,79,19,25,89,0,133,104,0,104,237
06/04/2008,BZN,MT,ANM,WE,Federal Contract Tower,18,32,11,0,61,0,0,3,0,3,18,32,14,0,64,6,0,6,70
06/05/2008,BZN,MT,ANM,WE,Federal Contract Tower,23,29,15,0,67,0,0,76,0,76,23,29,91,0,143,222,0,222,365
06/06/2008,BZN,MT,ANM,WE,Federal Contract Tower,26,26,19,0,71,0,0,28,0,28,26,26,47,0,99,86,0,86,185
06/07/2008,BZN,MT,ANM,WE,Federal Contract Tower,27,21,12,0,60,0,1,48,0,49,27,22,60,0,109,54,0,54,163
06/08/2008,BZN,MT,ANM,WE,Federal Contract Tower,28,25,13,0,66,0,0,17,0,17,28,25,30,0,83,48,0,48,131
06/09/2008,BZN,MT,ANM,WE,Federal Contract Tower,25,25,17,0,67,0,0,91,4,95,25,25,108,4,162,136,2,138,300
06/10/2008,BZN,MT,ANM,WE,Federal Contract Tower,26,19,12,0,57,0,0,38,0,38,26,19,50,0,95,90,0,90,185
06/11/2008,BZN,MT,ANM,WE,Federal Contract Tower,22,30,22,0,74,0,0,4,0,4,22,30,26,0,78,0,0,0,78
06/12/2008,BZN,MT,ANM,WE,Federal Contract Tower,23,31,10,0,64,0,0,30,0,30,23,31,40,0,94,94,0,94,188
06/13/2008,BZN,MT,ANM,WE,Federal Contract Tower,26,28,29,0,83,0,0,87,0,87,26,28,116,0,170,112,0,112,282
06/14/2008,BZN,MT,ANM,WE,Federal Contract Tower,25,25,11,0,61,0,0,100,0,100,25,25,111,0,161,124,0,124,285
06/15/2008,BZN,MT,ANM,WE,Federal Contract Tower,30,22,24,0,76,0,0,106,0,106,30,22,130,0,182,96,0,96,278
06/16/2008,BZN,MT,ANM,WE,Federal Contract Tower,27,19,11,0,57,1,0,109,0,110,28,19,120,0,167,162,0,162,329
06/17/2008,BZN,MT,ANM,WE,Federal Contract Tower,25,22,11,2,60,0,0,103,1,104,25,22,114,3,164,104,0,104,268
06/18/2008,BZN,MT,ANM,WE,Federal Contract Tower,23,21,14,0,58,0,0,112,0,112,23,21,126,0,170,140,0,140,310
06/19/2008,BZN,MT,ANM,WE,Federal Contract Tower,23,24,25,0,72,0,1,134,0,135,23,25,159,0,207,106,0,106,313
06/20/2008,BZN,MT,ANM,WE,Federal Contract Tower,25,32,19,0,76,0,0,124,0,124,25,32,143,0,200,125,0,125,325
06/21/2008,BZN,MT,ANM,WE,Federal Contract Tower,27,28,11,2,68,0,0,109,0,109,27,28,120,2,177,58,0,58,235
06/22/2008,BZN,MT,ANM,WE,Federal Contract Tower,33,25,25,2,85,0,0,60,0,60,33,25,85,2,145,40,0,40,185
06/23/2008,BZN,MT,ANM,WE,Federal Contract Tower,30,21,24,0,75,0,0,103,0,103,30,21,127,0,178,90,0,90,268
06/24/2008,BZN,MT,ANM,WE,Federal Contract Tower,30,27,15,0,72,0,0,139,0,139,30,27,154,0,211,116,0,116,327
06/25/2008,BZN,MT,ANM,WE,Federal Contract Tower,27,27,14,0,68,0,0,108,0,108,27,27,122,0,176,100,0,100,276
06/26/2008,BZN,MT,ANM,WE,Federal Contract Tower,29,27,15,0,71,0,0,73,0,73,29,27,88,0,144,112,0,112,256
06/27/2008,BZN,MT,ANM,WE,Federal Contract Tower,30,30,33,0,93,0,3,107,0,110,30,33,140,0,203,122,0,122,325
06/28/2008,BZN,MT,ANM,WE,Federal Contract Tower,34,30,16,0,80,0,2,85,0,87,34,32,101,0,167,68,0,68,235
06/29/2008,BZN,MT,ANM,WE,Federal Contract Tower,31,30,23,0,84,0,0,109,0,109,31,30,132,0,193,64,0,64,257
06/30/2008,BZN,MT,ANM,WE,Federal Contract Tower,30,22,11,0,63,0,0,69,0,69,30,22,80,0,132,86,0,86,218
07/01/2008,BZN,MT,ANM,WE,Federal Contract Tower,31,27,13,2,73,0,0,70,0,70,31,27,83,2,143,104,0,104,247
07/02/2008,BZN,MT,ANM,WE,Federal Contract Tower,27,33,25,0,85,0,0,79,0,79,27,33,104,0,164,100,0,100,264
07/03/2008,BZN,MT,ANM,WE,Federal Contract Tower,30,26,29,0,85,0,0,85,0,85,30,26,114,0,170,76,0,76,246
07/04/2008,BZN,MT,ANM,WE,Federal Contract Tower,22,22,8,0,52,0,0,66,0,66,22,22,74,0,118,8,0,8,126
07/05/2008,BZN,MT,ANM,WE,Federal Contract Tower,28,28,16,0,72,0,1,43,0,44,28,29,59,0,116,26,0,26,142
07/06/2008,BZN,MT,ANM,WE,Federal Contract Tower,31,34,22,0,87,0,0,60,0,60,31,34,82,0,147,108,0,108,255
07/07/2008,BZN,MT,ANM,WE,Federal Contract Tower,30,32,31,0,93,0,0,95,0,95,30,32,126,0,188,118,0,118,306
07/08/2008,BZN,MT,ANM,WE,Federal Contract Tower,31,20,24,0,75,0,0,95,0,95,31,20,119,0,170,112,0,112,282
07/09/2008,BZN,MT,ANM,WE,Federal Contract Tower,30,28,15,0,73,0,0,96,0,96,30,28,111,0,169,130,0,130,299
07/10/2008,BZN,MT,ANM,WE,Federal Contract Tower,29,34,19,0,82,0,3,85,0,88,29,37,104,0,170,66,0,66,236
07/11/2008,BZN,MT,ANM,WE,Federal Contract Tower,32,29,19,0,80,32,29,97,0,158,64,58,116,0,238,118,0,118,356
07/12/2008,BZN,MT,ANM,WE,Federal Contract Tower,33,23,13,0,69,0,2,74,2,78,33,25,87,2,147,20,0,20,167
07/13/2008,BZN,MT,ANM,WE,Federal Contract Tower,35,25,26,0,86,0,0,100,0,100,35,25,126,0,186,70,0,70,256
07/14/2008,BZN,MT,ANM,WE,Federal Contract Tower,29,31,34,0,94,0,0,78,0,78,29,31,112,0,172,78,0,78,250
07/15/2008,BZN,MT,ANM,WE,Federal Contract Tower,32,27,26,1,86,0,0,101,0,101,32,27,127,1,187,104,0,104,291
07/16/2008,BZN,MT,ANM,WE,Federal Contract Tower,28,30,25,0,83,0,0,89,0,89,28,30,114,0,172,56,0,56,228
07/17/2008,BZN,MT,ANM,WE,Federal Contract Tower,30,25,20,0,75,0,0,80,0,80,30,25,100,0,155,60,0,60,215
07/18/2008,BZN,MT,ANM,WE,Federal Contract Tower,32,27,23,0,82,0,0,53,0,53,32,27,76,0,135,76,0,76,211
07/19/2008,BZN,MT,ANM,WE,Federal Contract Tower,33,28,14,0,75,0,0,100,0,100,33,28,114,0,175,72,0,72,247
07/20/2008,BZN,MT,ANM,WE,Federal Contract Tower,34,25,15,0,74,0,0,113,0,113,34,25,128,0,187,128,0,128,315
07/21/2008,BZN,MT,ANM,WE,Federal Contract Tower,29,19,8,0,56,0,0,66,0,66,29,19,74,0,122,68,0,68,190
07/22/2008,BZN,MT,ANM,WE,Federal Contract Tower,32,24,13,0,69,0,1,72,1,74,32,25,85,1,143,102,0,102,245
07/23/2008,BZN,MT,ANM,WE,Federal Contract Tower,31,24,23,0,78,0,0,121,0,121,31,24,144,0,199,92,0,92,291
07/24/2008,BZN,MT,ANM,WE,Federal Contract Tower,30,21,15,0,66,0,0,94,0,94,30,21,109,0,160,156,0,156,316
07/25/2008,BZN,MT,ANM,WE,Federal Contract Tower,32,24,15,0,71,0,0,62,2,64,32,24,77,2,135,54,4,58,193
07/26/2008,BZN,MT,ANM,WE,Federal Contract Tower,33,26,21,2,82,0,0,100,0,100,33,26,121,2,182,106,8,114,296
07/27/2008,BZN,MT,ANM,WE,Federal Contract Tower,35,26,33,0,94,0,0,118,0,118,35,26,151,0,212,152,0,152,364
07/28/2008,BZN,MT,ANM,WE,Federal Contract Tower,29,22,16,0,67,0,0,96,0,96,29,22,112,0,163,140,0,140,303
07/29/2008,BZN,MT,ANM,WE,Federal Contract Tower,32,21,15,0,68,0,0,85,0,85,32,21,100,0,153,84,0,84,237
07/30/2008,BZN,MT,ANM,WE,Federal Contract Tower,30,30,20,0,80,0,4,104,0,108,30,34,124,0,188,168,0,168,356
07/31/2008,BZN,MT,ANM,WE,Federal Contract Tower,31,25,25,0,81,0,1,75,0,76,31,26,100,0,157,80,0,80,237
08/01/2008,BZN,MT,ANM,WE,Federal Contract Tower,32,31,31,0,94,0,0,76,0,76,32,31,107,0,170,84,0,84,254
08/02/2008,BZN,MT,ANM,WE,Federal Contract Tower,31,35,19,0,85,0,0,98,0,98,31,35,117,0,183,126,0,126,309
08/03/2008,BZN,MT,ANM,WE,Federal Contract Tower,36,23,19,0,78,0,0,101,0,101,36,23,120,0,179,54,0,54,233
08/04/2008,BZN,MT,ANM,WE,Federal Contract Tower,28,16,19,0,63,0,0,92,0,92,28,16,111,0,155,96,0,96,251
08/05/2008,BZN,MT,ANM,WE,Federal Contract Tower,33,25,16,0,74,0,1,118,0,119,33,26,134,0,193,62,0,62,255
08/06/2008,BZN,MT,ANM,WE,Federal Contract Tower,30,26,27,0,83,0,0,85,0,85,30,26,112,0,168,72,0,72,240
08/07/2008,BZN,MT,ANM,WE,Federal Contract Tower,30,23,24,0,77,0,1,68,0,69,30,24,92,0,146,126,0,126,272
08/08/2008,BZN,MT,ANM,WE,Federal Contract Tower,31,32,20,0,83,0,0,78,2,80,31,32,98,2,163,130,0,130,293
08/09/2008,BZN,MT,ANM,WE,Federal Contract Tower,32,32,10,0,74,0,0,109,0,109,32,32,119,0,183,44,0,44,227
08/10/2008,BZN,MT,ANM,WE,Federal Contract Tower,38,36,41,0,115,0,0,72,0,72,38,36,113,0,187,60,0,60,247
08/11/2008,BZN,MT,ANM,WE,Federal Contract Tower,30,25,16,0,71,0,0,96,0,96,30,25,112,0,167,148,0,148,315
08/12/2008,BZN,MT,ANM,WE,Federal Contract Tower,33,25,26,2,86,0,0,150,0,150,33,25,176,2,236,118,0,118,354
08/13/2008,BZN,MT,ANM,WE,Federal Contract Tower,30,27,19,0,76,0,0,99,0,99,30,27,118,0,175,138,0,138,313
08/14/2008,BZN,MT,ANM,WE,Federal Contract Tower,30,36,26,0,92,0,2,73,2,77,30,38,99,2,169,118,0,118,287
08/15/2008,BZN,MT,ANM,WE,Federal Contract Tower,32,40,24,0,96,0,0,80,0,80,32,40,104,0,176,124,0,124,300
08/16/2008,BZN,MT,ANM,WE,Federal Contract Tower,32,36,14,0,82,0,0,101,0,101,32,36,115,0,183,64,0,64,247
08/17/2008,BZN,MT,ANM,WE,Federal Contract Tower,34,26,26,1,87,0,5,90,0,95,34,31,116,1,182,18,0,18,200
08/18/2008,BZN,MT,ANM,WE,Federal Contract Tower,29,24,23,0,76,0,0,96,0,96,29,24,119,0,172,108,0,108,280
08/19/2008,BZN,MT,ANM,WE,Federal Contract Tower,29,31,16,0,76,0,0,91,0,91,29,31,107,0,167,102,0,102,269
08/20/2008,BZN,MT,ANM,WE,Federal Contract Tower,24,30,19,0,73,0,0,85,0,85,24,30,104,0,158,108,0,108,266
08/21/2008,BZN,MT,ANM,WE,Federal Contract Tower,25,22,19,0,66,1,1,57,0,59,26,23,76,0,125,82,0,82,207
08/22/2008,BZN,MT,ANM,WE,Federal Contract Tower,24,27,13,0,64,0,0,107,0,107,24,27,120,0,171,178,0,178,349
08/23/2008,BZN,MT,ANM,WE,Federal Contract Tower,30,29,11,0,70,0,2,96,0,98,30,31,107,0,168,38,0,38,206
08/24/2008,BZN,MT,ANM,WE,Federal Contract Tower,29,23,16,0,68,0,0,131,0,131,29,23,147,0,199,68,0,68,267
08/25/2008,BZN,MT,ANM,WE,Federal Contract Tower,20,23,20,0,63,0,0,98,0,98,20,23,118,0,161,106,0,106,267
08/26/2008,BZN,MT,ANM,WE,Federal Contract Tower,20,27,12,0,59,0,0,90,0,90,20,27,102,0,149,98,0,98,247
08/27/2008,BZN,MT,ANM,WE,Federal Contract Tower,19,29,18,0,66,0,0,94,0,94,19,29,112,0,160,118,0,118,278
08/28/2008,BZN,MT,ANM,WE,Federal Contract Tower,21,28,23,0,72,0,1,108,0,109,21,29,131,0,181,106,0,106,287
08/29/2008,BZN,MT,ANM,WE,Federal Contract Tower,22,38,14,0,74,0,0,136,0,136,22,38,150,0,210,90,0,90,300
08/30/2008,BZN,MT,ANM,WE,Federal Contract Tower,22,19,13,0,54,0,3,109,0,112,22,22,122,0,166,32,0,32,198
08/31/2008,BZN,MT,ANM,WE,Federal Contract Tower,16,27,14,0,57,0,0,18,0,18,16,27,32,0,75,6,0,6,81
09/01/2008,BZN,MT,ANM,WE,Federal Contract Tower,20,25,17,0,62,0,0,3,0,3,20,25,20,0,65,0,0,0,65
09/02/2008,BZN,MT,ANM,WE,Federal Contract Tower,19,22,16,2,59,0,0,71,0,71,19,22,87,2,130,48,0,48,178
09/03/2008,BZN,MT,ANM,WE,Federal Contract Tower,20,25,10,0,55,0,1,74,0,75,20,26,84,0,130,88,0,88,218
09/04/2008,BZN,MT,ANM,WE,Federal Contract Tower,20,24,23,0,67,0,0,95,2,97,20,24,118,2,164,104,0,104,268
09/05/2008,BZN,MT,ANM,WE,Federal Contract Tower,22,19,22,0,63,0,0,114,4,118,22,19,136,4,181,80,6,86,267
09/06/2008,BZN,MT,ANM,WE,Federal Contract Tower,17,20,6,0,43,0,0,53,0,53,17,20,59,0,96,90,0,90,186
09/07/2008,BZN,MT,ANM,WE,Federal Contract Tower,20,14,14,0,48,0,0,22,0,22,20,14,36,0,70,8,0,8,78
09/08/2008,BZN,MT,ANM,WE,Federal Contract Tower,20,20,26,0,66,0,0,124,0,124,20,20,150,0,190,94,0,94,284
09/09/2008,BZN,MT,ANM,WE,Federal Contract Tower,19,22,9,0,50,0,0,116,0,116,19,22,125,0,166,122,0,122,288
09/10/2008,BZN,MT,ANM,WE,Federal Contract Tower,20,19,32,0,71,0,2,62,0,64,20,21,94,0,135,186,0,186,321
09/11/2008,BZN,MT,ANM,WE,Federal Contract Tower,20,25,25,0,70,0,0,110,0,110,20,25,135,0,180,156,0,156,336
09/12/2008,BZN,MT,ANM,WE,Federal Contract Tower,21,16,19,0,56,0,1,116,0,117,21,17,135,0,173,86,0,86,259
09/13/2008,BZN,MT,ANM,WE,Federal Contract Tower,21,19,7,0,47,0,1,73,0,74,21,20,80,0,121,50,0,50,171
09/14/2008,BZN,MT,ANM,WE,Federal Contract Tower,20,20,13,0,53,0,0,125,0,125,20,20,138,0,178,138,0,138,316
09/15/2008,BZN,MT,ANM,WE,Federal Contract Tower,20,22,16,0,58,0,0,103,0,103,20,22,119,0,161,114,0,114,275
09/16/2008,BZN,MT,ANM,WE,Federal Contract Tower,20,23,21,0,64,0,1,121,0,122,20,24,142,0,186,120,0,120,306
09/17/2008,BZN,MT,ANM,WE,Federal Contract Tower,20,24,19,0,63,0,0,114,1,115,20,24,133,1,178,114,0,114,292
09/18/2008,BZN,MT,ANM,WE,Federal Contract Tower,20,28,18,0,66,0,0,89,0,89,20,28,107,0,155,130,0,130,285
09/19/2008,BZN,MT,ANM,WE,Federal Contract Tower,18,22,26,0,66,0,0,106,2,108,18,22,132,2,174,126,0,126,300
09/20/2008,BZN,MT,ANM,WE,Federal Contract Tower,19,16,10,0,45,0,0,99,2,101,19,16,109,2,146,68,0,68,214
09/21/2008,BZN,MT,ANM,WE,Federal Contract Tower,20,17,19,0,56,0,0,36,0,36,20,17,55,0,92,10,0,10,102
09/22/2008,BZN,MT,ANM,WE,Federal Contract Tower,20,17,11,0,48,0,0,53,0,53,20,17,64,0,101,84,0,84,185
09/23/2008,BZN,MT,ANM,WE,Federal Contract Tower,18,19,7,2,46,0,1,74,0,75,18,20,81,2,121,98,0,98,219
09/24/2008,BZN,MT,ANM,WE,Federal Contract Tower,20,22,16,0,58,0,0,73,0,73,20,22,89,0,131,116,0,116,247
09/25/2008,BZN,MT,ANM,WE,Federal Contract Tower,20,25,10,0,55,0,0,57,0,57,20,25,67,0,112,132,0,132,244
09/26/2008,BZN,MT,ANM,WE,Federal Contract Tower,22,25,19,0,66,0,0,121,0,121,22,25,140,0,187,162,0,162,349
09/27/2008,BZN,MT,ANM,WE,Federal Contract Tower,19,15,15,0,49,0,2,75,0,77,19,17,90,0,126,50,0,50,176
09/28/2008,BZN,MT,ANM,WE,Federal Contract Tower,20,11,15,0,46,0,0,93,0,93,20,11,108,0,139,72,0,72,211
09/29/2008,BZN,MT,ANM,WE,Federal Contract Tower,20,20,6,2,48,0,0,73,4,77,20,20,79,6,125,96,0,96,221
09/30/2008,BZN,MT,ANM,WE,Federal Contract Tower,20,18,6,0,44,0,1,53,0,54,20,19,59,0,98,82,0,82,180
10/01/2008,BZN,MT,ANM,WE,Federal Contract Tower,20,17,8,0,45,0,1,60,0,61,20,18,68,0,106,122,0,122,228
10/02/2008,BZN,MT,ANM,WE,Federal Contract Tower,18,19,14,0,51,0,0,87,2,89,18,19,101,2,140,106,0,106,246
10/03/2008,BZN,MT,ANM,WE,Federal Contract Tower,19,18,13,1,51,0,1,68,1,70,19,19,81,2,121,112,0,112,233
10/04/2008,BZN,MT,ANM,WE,Federal Contract Tower,17,13,2,0,32,0,0,26,0,26,17,13,28,0,58,42,0,42,100
10/05/2008,BZN,MT,ANM,WE,Federal Contract Tower,19,14,11,0,44,0,0,38,0,38,19,14,49,0,82,30,0,30,112
10/06/2008,BZN,MT,ANM,WE,Federal Contract Tower,18,17,11,0,46,0,0,60,2,62,18,17,71,2,108,106,0,106,214
10/07/2008,BZN,MT,ANM,WE,Federal Contract Tower,20,16,12,0,48,0,0,38,0,38,20,16,50,0,86,62,0,62,148
10/08/2008,BZN,MT,ANM,WE,Federal Contract Tower,20,20,16,0,56,0,1,72,0,73,20,21,88,0,129,132,0,132,261
10/09/2008,BZN,MT,ANM,WE,Federal Contract Tower,22,20,9,0,51,0,0,83,0,83,22,20,92,0,134,172,0,172,306
10/10/2008,BZN,MT,ANM,WE,Federal Contract Tower,20,21,16,0,57,0,0,12,0,12,20,21,28,0,69,80,0,80,149
10/11/2008,BZN,MT,ANM,WE,Federal Contract Tower,20,19,7,0,46,0,0,0,0,0,20,19,7,0,46,0,0,0,46
10/12/2008,BZN,MT,ANM,WE,Federal Contract Tower,21,26,11,0,58,0,0,0,0,0,21,26,11,0,58,0,0,0,58
10/13/2008,BZN,MT,ANM,WE,Federal Contract Tower,18,26,13,0,57,0,0,57,0,57,18,26,70,0,114,170,0,170,284
10/14/2008,BZN,MT,ANM,WE,Federal Contract Tower,21,22,8,0,51,0,0,59,4,63,21,22,67,4,114,118,0,118,232
10/15/2008,BZN,MT,ANM,WE,Federal Contract Tower,19,18,16,0,53,0,1,65,0,66,19,19,81,0,119,76,0,76,195
10/16/2008,BZN,MT,ANM,WE,Federal Contract Tower,22,20,21,0,63,0,1,51,0,52,22,21,72,0,115,132,0,132,247
10/17/2008,BZN,MT,ANM,WE,Federal Contract Tower,19,21,12,0,52,0,0,117,8,125,19,21,129,8,177,208,0,208,385
10/18/2008,BZN,MT,ANM,WE,Federal Contract Tower,20,14,6,0,40,0,2,63,0,65,20,16,69,0,105,60,0,60,165
10/19/2008,BZN,MT,ANM,WE,Federal Contract Tower,22,17,18,0,57,0,0,76,0,76,22,17,94,0,133,50,0,50,183
10/20/2008,BZN,MT,ANM,WE,Federal Contract Tower,17,22,5,0,44,0,0,39,0,39,17,22,44,0,83,34,0,34,117
10/21/2008,BZN,MT,ANM,WE,Federal Contract Tower,16,32,13,0,61,0,2,0,0,2,16,34,13,0,63,10,0,10,73
10/22/2008,BZN,MT,ANM,WE,Federal Contract Tower,16,31,10,0,57,0,0,70,0,70,16,31,80,0,127,108,0,108,235
10/23/2008,BZN,MT,ANM,WE,Federal Contract Tower,17,30,15,0,62,0,0,85,8,93,17,30,100,8,155,84,0,84,239
10/24/2008,BZN,MT,ANM,WE,Federal Contract Tower,22,30,17,0,69,0,0,118,0,118,22,30,135,0,187,180,0,180,367
10/25/2008,BZN,MT,ANM,WE,Federal Contract Tower,19,17,13,0,49,0,2,31,0,33,19,19,44,0,82,30,0,30,112
10/26/2008,BZN,MT,ANM,WE,Federal Contract Tower,18,23,12,0,53,0,0,94,0,94,18,23,106,0,147,84,0,84,231
10/27/2008,BZN,MT,ANM,WE,Federal Contract Tower,14,24,5,0,43,0,0,62,0,62,14,24,67,0,105,61,0,61,166
10/28/2008,BZN,MT,ANM,WE,Federal Contract Tower,17,25,5,0,47,0,1,71,0,72,17,26,76,0,119,78,0,78,197
10/29/2008,BZN,MT,ANM,WE,Federal Contract Tower,16,25,25,0,66,0,0,95,0,95,16,25,120,0,161,114,0,114,275
10/30/2008,BZN,MT,ANM,WE,Federal Contract Tower,18,26,26,0,70,0,0,76,0,76,18,26,102,0,146,94,0,94,240
10/31/2008,BZN,MT,ANM,WE,Federal Contract Tower,17,23,18,0,58,0,0,79,0,79,17,23,97,0,137,88,0,88,225
11/01/2008,BZN,MT,ANM,WE,Federal Contract Tower,18,17,9,0,44,0,0,61,0,61,18,17,70,0,105,94,0,94,199
11/02/2008,BZN,MT,ANM,WE,Federal Contract Tower,18,15,9,0,42,0,0,41,0,41,18,15,50,0,83,90,0,90,173
11/03/2008,BZN,MT,ANM,WE,Federal Contract Tower,15,21,5,0,41,0,0,42,0,42,15,21,47,0,83,52,0,52,135
11/04/2008,BZN,MT,ANM,WE,Federal Contract Tower,15,27,9,0,51,0,1,13,0,14,15,28,22,0,65,54,0,54,119
11/05/2008,BZN,MT,ANM,WE,Federal Contract Tower,16,25,7,0,48,0,2,42,0,44,16,27,49,0,92,68,0,68,160
11/06/2008,BZN,MT,ANM,WE,Federal Contract Tower,16,25,8,0,49,0,0,79,0,79,16,25,87,0,128,122,0,122,250
11/07/2008,BZN,MT,ANM,WE,Federal Contract Tower,15,34,7,0,56,0,0,1,0,1,15,34,8,0,57,0,0,0,57
11/08/2008,BZN,MT,ANM,WE,Federal Contract Tower,14,20,8,0,42,0,0,30,0,30,14,20,38,0,72,32,0,32,104
11/09/2008,BZN,MT,ANM,WE,Federal Contract Tower,18,23,14,0,55,0,1,69,0,70,18,24,83,0,125,82,0,82,207
11/10/2008,BZN,MT,ANM,WE,Federal Contract Tower,14,26,10,0,50,0,0,13,0,13,14,26,23,0,63,16,0,16,79
11/11/2008,BZN,MT,ANM,WE,Federal Contract Tower,16,31,7,0,54,0,0,50,0,50,16,31,57,0,104,62,0,62,166
11/12/2008,BZN,MT,ANM,WE,Federal Contract Tower,16,24,13,0,53,0,0,28,0,28,16,24,41,0,81,82,0,82,163
11/13/2008,BZN,MT,ANM,WE,Federal Contract Tower,16,27,6,0,49,0,0,21,0,21,16,27,27,0,70,30,0,30,100
11/14/2008,BZN,MT,ANM,WE,Federal Contract Tower,16,22,14,2,54,0,0,148,0,148,16,22,162,2,202,222,0,222,424
11/15/2008,BZN,MT,ANM,WE,Federal Contract Tower,18,16,11,0,45,0,0,54,2,56,18,16,65,2,101,152,0,152,253
11/16/2008,BZN,MT,ANM,WE,Federal Contract Tower,17,15,8,0,40,1,0,69,0,70,18,15,77,0,110,76,0,76,186
11/17/2008,BZN,MT,ANM,WE,Federal Contract Tower,13,24,15,0,52,0,0,69,0,69,13,24,84,0,121,56,2,58,179
11/18/2008,BZN,MT,ANM,WE,Federal Contract Tower,15,22,11,0,48,0,1,59,0,60,15,23,70,0,108,92,0,92,200
11/19/2008,BZN,MT,ANM,WE,Federal Contract Tower,16,23,4,0,43,0,0,55,2,57,16,23,59,2,100,98,0,98,198
11/20/2008,BZN,MT,ANM,WE,Federal Contract Tower,17,25,19,0,61,0,1,78,0,79,17,26,97,0,140,90,0,90,230
11/21/2008,BZN,MT,ANM,WE,Federal Contract Tower,13,24,12,0,49,0,0,65,0,65,13,24,77,0,114,120,0,120,234
11/22/2008,BZN,MT,ANM,WE,Federal Contract Tower,17,18,11,0,46,0,2,79,0,81,17,20,90,0,127,90,0,90,217
11/23/2008,BZN,MT,ANM,WE,Federal Contract Tower,17,15,14,0,46,0,0,97,0,97,17,15,111,0,143,102,0,102,245
11/24/2008,BZN,MT,ANM,WE,Federal Contract Tower,15,25,10,0,50,0,0,75,0,75,15,25,85,0,125,88,0,88,213
11/25/2008,BZN,MT,ANM,WE,Federal Contract Tower,16,26,12,0,54,0,0,61,0,61,16,26,73,0,115,104,0,104,219
11/26/2008,BZN,MT,ANM,WE,Federal Contract Tower,16,26,20,0,62,0,0,62,0,62,16,26,82,0,124,20,0,20,144
11/27/2008,BZN,MT,ANM,WE,Federal Contract Tower,13,8,1,0,22,0,0,33,0,33,13,8,34,0,55,10,0,10,65
11/28/2008,BZN,MT,ANM,WE,Federal Contract Tower,14,13,5,0,32,0,0,29,0,29,14,13,34,0,61,16,0,16,77
11/29/2008,BZN,MT,ANM,WE,Federal Contract Tower,16,26,6,0,48,0,2,28,0,30,16,28,34,0,78,70,0,70,148
11/30/2008,BZN,MT,ANM,WE,Federal Contract Tower,18,26,22,0,66,0,0,38,2,40,18,26,60,2,106,70,0,70,176
12/01/2008,BZN,MT,ANM,WE,Federal Contract Tower,15,30,13,0,58,0,2,24,0,26,15,32,37,0,84,88,0,88,172
12/02/2008,BZN,MT,ANM,WE,Federal Contract Tower,16,22,7,0,45,0,0,8,0,8,16,22,15,0,53,10,0,10,63
12/03/2008,BZN,MT,ANM,WE,Federal Contract Tower,16,23,16,0,55,0,1,32,0,33,16,24,48,0,88,98,0,98,186
12/04/2008,BZN,MT,ANM,WE,Federal Contract Tower,14,23,18,0,55,0,0,67,0,67,14,23,85,0,122,82,0,82,204
12/05/2008,BZN,MT,ANM,WE,Federal Contract Tower,12,23,6,0,41,0,0,37,0,37,12,23,43,0,78,54,0,54,132
12/06/2008,BZN,MT,ANM,WE,Federal Contract Tower,16,14,2,0,32,0,2,52,0,54,16,16,54,0,86,118,0,118,204
12/07/2008,BZN,MT,ANM,WE,Federal Contract Tower,18,15,1,0,34,0,0,24,0,24,18,15,25,0,58,60,0,60,118
12/08/2008,BZN,MT,ANM,WE,Federal Contract Tower,14,17,12,0,43,0,0,25,0,25,14,17,37,0,68,34,0,34,102
12/09/2008,BZN,MT,ANM,WE,Federal Contract Tower,16,23,0,0,39,0,0,57,0,57,16,23,57,0,96,164,0,164,260
12/10/2008,BZN,MT,ANM,WE,Federal Contract Tower,16,23,11,0,50,0,0,46,0,46,16,23,57,0,96,84,0,84,180
12/11/2008,BZN,MT,ANM,WE,Federal Contract Tower,18,26,14,0,58,0,0,103,0,103,18,26,117,0,161,152,0,152,313
12/12/2008,BZN,MT,ANM,WE,Federal Contract Tower,15,21,6,1,43,0,0,79,1,80,15,21,85,2,123,128,0,128,251
12/13/2008,BZN,MT,ANM,WE,Federal Contract Tower,9,7,2,0,18,0,0,0,0,0,9,7,2,0,18,0,0,0,18
12/14/2008,BZN,MT,ANM,WE,Federal Contract Tower,18,25,7,0,50,0,0,2,0,2,18,25,9,0,52,0,0,0,52
12/15/2008,BZN,MT,ANM,WE,Federal Contract Tower,15,20,16,0,51,0,0,5,0,5,15,20,21,0,56,0,0,0,56
12/16/2008,BZN,MT,ANM,WE,Federal Contract Tower,14,28,7,0,49,0,0,13,0,13,14,28,20,0,62,2,0,2,64
12/17/2008,BZN,MT,ANM,WE,Federal Contract Tower,15,28,30,0,73,0,0,48,0,48,15,28,78,0,121,54,0,54,175
12/18/2008,BZN,MT,ANM,WE,Federal Contract Tower,18,30,17,0,65,0,0,44,0,44,18,30,61,0,109,92,0,92,201
12/19/2008,BZN,MT,ANM,WE,Federal Contract Tower,17,42,17,0,76,0,0,2,0,2,17,42,19,0,78,8,0,8,86
12/20/2008,BZN,MT,ANM,WE,Federal Contract Tower,21,44,29,0,94,0,2,8,0,10,21,46,37,0,104,0,0,0,104
12/21/2008,BZN,MT,ANM,WE,Federal Contract Tower,21,37,13,0,71,0,2,7,0,9,21,39,20,0,80,0,0,0,80
12/22/2008,BZN,MT,ANM,WE,Federal Contract Tower,16,33,19,0,68,0,0,0,0,0,16,33,19,0,68,0,0,0,68
12/23/2008,BZN,MT,ANM,WE,Federal Contract Tower,19,40,21,0,80,0,0,0,0,0,19,40,21,0,80,0,0,0,80
12/24/2008,BZN,MT,ANM,WE,Federal Contract Tower,17,29,9,0,55,0,1,12,0,13,17,30,21,0,68,18,0,18,86
12/25/2008,BZN,MT,ANM,WE,Federal Contract Tower,16,30,5,0,51,0,0,3,0,3,16,30,8,0,54,2,0,2,56
12/26/2008,BZN,MT,ANM,WE,Federal Contract Tower,17,46,29,0,92,0,0,2,0,2,17,46,31,0,94,0,0,0,94
12/27/2008,BZN,MT,ANM,WE,Federal Contract Tower,23,45,36,0,104,0,1,30,0,31,23,46,66,0,135,62,0,62,197
12/28/2008,BZN,MT,ANM,WE,Federal Contract Tower,24,37,19,2,82,0,0,8,0,8,24,37,27,2,90,0,0,0,90
12/29/2008,BZN,MT,ANM,WE,Federal Contract Tower,20,36,17,0,73,0,0,13,0,13,20,36,30,0,86,56,0,56,142
12/30/2008,BZN,MT,ANM,WE,Federal Contract Tower,21,40,15,0,76,0,0,33,0,33,21,40,48,0,109,98,0,98,207
12/31/2008,BZN,MT,ANM,WE,Federal Contract Tower,21,29,4,0,54,0,0,21,0,21,21,29,25,0,75,48,0,48,123
01/01/2009,BZN,MT,ANM,WE,Federal Contract Tower,22,31,11,0,64,0,0,7,0,7,22,31,18,0,71,30,0,30,101
01/02/2009,BZN,MT,ANM,WE,Federal Contract Tower,19,51,33,0,103,0,1,2,0,3,19,52,35,0,106,0,0,0,106
01/03/2009,BZN,MT,ANM,WE,Federal Contract Tower,25,46,35,0,106,0,0,71,0,71,25,46,106,0,177,70,0,70,247
01/04/2009,BZN,MT,ANM,WE,Federal Contract Tower,25,44,33,2,104,0,0,62,0,62,25,44,95,2,166,52,0,52,218
01/05/2009,BZN,MT,ANM,WE,Federal Contract Tower,19,26,13,0,58,0,0,20,0,20,19,26,33,0,78,134,0,134,212
01/06/2009,BZN,MT,ANM,WE,Federal Contract Tower,19,23,3,0,45,0,0,4,0,4,19,23,7,0,49,12,0,12,61
01/07/2009,BZN,MT,ANM,WE,Federal Contract Tower,15,28,13,0,56,0,4,40,0,44,15,32,53,0,100,106,0,106,206
01/08/2009,BZN,MT,ANM,WE,Federal Contract Tower,18,25,13,0,56,0,0,24,0,24,18,25,37,0,80,4,0,4,84
01/09/2009,BZN,MT,ANM,WE,Federal Contract Tower,18,24,10,0,52,0,1,54,0,55,18,25,64,0,107,88,0,88,195
01/10/2009,BZN,MT,ANM,WE,Federal Contract Tower,23,26,9,0,58,0,0,59,0,59,23,26,68,0,117,120,0,120,237
01/11/2009,BZN,MT,ANM,WE,Federal Contract Tower,21,25,9,0,55,0,0,17,0,17,21,25,26,0,72,56,0,56,128
01/12/2009,BZN,MT,ANM,WE,Federal Contract Tower,18,22,10,2,52,0,0,47,0,47,18,22,57,2,99,98,0,98,197
01/13/2009,BZN,MT,ANM,WE,Federal Contract Tower,19,25,10,0,54,0,0,42,2,44,19,25,52,2,98,100,0,100,198
01/14/2009,BZN,MT,ANM,WE,Federal Contract Tower,17,27,10,0,54,0,0,52,0,52,17,27,62,0,106,84,0,84,190
01/15/2009,BZN,MT,ANM,WE,Federal Contract Tower,18,32,14,0,64,0,0,73,0,73,18,32,87,0,137,74,0,74,211
01/16/2009,BZN,MT,ANM,WE,Federal Contract Tower,18,37,26,0,81,0,83,2,0,85,18,120,28,0,166,140,0,140,306
01/17/2009,BZN,MT,ANM,WE,Federal Contract Tower,24,24,10,0,58,1,1,109,0,111,25,25,119,0,169,68,0,68,237
01/18/2009,BZN,MT,ANM,WE,Federal Contract Tower,23,21,5,0,49,0,0,94,0,94,23,21,99,0,143,54,0,54,197
01/19/2009,BZN,MT,ANM,WE,Federal Contract Tower,18,41,19,0,78,0,0,99,0,99,18,41,118,0,177,140,0,140,317
01/20/2009,BZN,MT,ANM,WE,Federal Contract Tower,18,28,7,0,53,0,0,80,0,80,18,28,87,0,133,170,0,170,303
01/21/2009,BZN,MT,ANM,WE,Federal Contract Tower,19,22,15,0,56,0,0,88,0,88,19,22,103,0,144,195,0,195,339
01/22/2009,BZN,MT,ANM,WE,Federal Contract Tower,20,26,15,0,61,0,0,46,0,46,20,26,61,0,107,170,0,170,277
01/23/2009,BZN,MT,ANM,WE,Federal Contract Tower,16,29,16,0,61,0,0,37,0,37,16,29,53,0,98,114,0,114,212
01/24/2009,BZN,MT,ANM,WE,Federal Contract Tower,22,25,5,0,52,0,0,2,0,2,22,25,7,0,54,22,0,22,76
01/25/2009,BZN,MT,ANM,WE,Federal Contract Tower,22,29,16,1,68,0,0,0,0,0,22,29,16,1,68,0,0,0,68
01/26/2009,BZN,MT,ANM,WE,Federal Contract Tower,18,24,6,1,49,0,0,45,0,45,18,24,51,1,94,50,0,50,144
01/27/2009,BZN,MT,ANM,WE,Federal Contract Tower,19,22,12,0,53,0,0,52,0,52,19,22,64,0,105,107,0,107,212
01/28/2009,BZN,MT,ANM,WE,Federal Contract Tower,18,29,10,0,57,0,0,18,2,20,18,29,28,2,77,62,4,66,143
01/29/2009,BZN,MT,ANM,WE,Federal Contract Tower,20,26,17,0,63,0,0,41,0,41,20,26,58,0,104,120,0,120,224
01/30/2009,BZN,MT,ANM,WE,Federal Contract Tower,17,28,11,0,56,0,1,85,0,86,17,29,96,0,142,141,0,141,283
01/31/2009,BZN,MT,ANM,WE,Federal Contract Tower,22,26,6,0,54,0,2,53,0,55,22,28,59,0,109,66,0,66,175
02/01/2009,BZN,MT,ANM,WE,Federal Contract Tower,20,27,6,0,53,0,0,72,0,72,20,27,78,0,125,102,0,102,227
02/02/2009,BZN,MT,ANM,WE,Federal Contract Tower,18,28,13,0,59,0,0,42,1,43,18,28,55,1,102,90,0,90,192
02/03/2009,BZN,MT,ANM,WE,Federal Contract Tower,20,27,4,0,51,0,0,85,0,85,20,27,89,0,136,114,0,114,250
02/04/2009,BZN,MT,ANM,WE,Federal Contract Tower,21,29,12,0,62,0,0,106,0,106,21,29,118,0,168,204,0,204,372
02/05/2009,BZN,MT,ANM,WE,Federal Contract Tower,20,28,10,0,58,0,0,96,0,96,20,28,106,0,154,145,0,145,299
02/06/2009,BZN,MT,ANM,WE,Federal Contract Tower,17,30,19,2,68,0,0,46,0,46,17,30,65,2,114,144,0,144,258
02/07/2009,BZN,MT,ANM,WE,Federal Contract Tower,23,27,8,0,58,0,0,72,0,72,23,27,80,0,130,106,0,106,236
02/08/2009,BZN,MT,ANM,WE,Federal Contract Tower,21,24,9,0,54,0,0,106,0,106,21,24,115,0,160,56,0,56,216
02/09/2009,BZN,MT,ANM,WE,Federal Contract Tower,21,26,7,0,54,0,0,20,0,20,21,26,27,0,74,38,0,38,112
02/10/2009,BZN,MT,ANM,WE,Federal Contract Tower,18,31,9,0,58,0,0,63,0,63,18,31,72,0,121,146,0,146,267
02/11/2009,BZN,MT,ANM,WE,Federal Contract Tower,18,26,13,0,57,0,0,66,0,66,18,26,79,0,123,180,0,180,303
02/12/2009,BZN,MT,ANM,WE,Federal Contract Tower,22,40,28,0,90,0,0,92,0,92,22,40,120,0,182,162,0,162,344
02/13/2009,BZN,MT,ANM,WE,Federal Contract Tower,23,41,38,2,104,0,0,63,1,64,23,41,101,3,168,136,4,140,308
02/14/2009,BZN,MT,ANM,WE,Federal Contract Tower,30,33,14,0,77,0,0,28,0,28,30,33,42,0,105,60,0,60,165
02/15/2009,BZN,MT,ANM,WE,Federal Contract Tower,28,23,22,0,73,0,0,37,0,37,28,23,59,0,110,22,0,22,132
02/16/2009,BZN,MT,ANM,WE,Federal Contract Tower,22,40,52,0,114,0,0,53,0,53,22,40,105,0,167,104,0,104,271
02/17/2009,BZN,MT,ANM,WE,Federal Contract Tower,19,32,16,0,67,0,0,61,0,61,19,32,77,0,128,60,0,60,188
02/18/2009,BZN,MT,ANM,WE,Federal Contract Tower,21,28,23,0,72,0,0,49,0,49,21,28,72,0,121,184,0,184,305
02/19/2009,BZN,MT,ANM,WE,Federal Contract Tower,24,28,12,0,64,0,0,92,0,92,24,28,104,0,156,110,0,110,266
02/20/2009,BZN,MT,ANM,WE,Federal Contract Tower,21,34,15,0,70,0,0,37,2,39,21,34,52,2,109,127,0,127,236
02/21/2009,BZN,MT,ANM,WE,Federal Contract Tower,30,28,10,0,68,0,0,111,0,111,30,28,121,0,179,76,0,76,255
02/22/2009,BZN,MT,ANM,WE,Federal Contract Tower,28,25,16,0,69,0,0,90,0,90,28,25,106,0,159,130,0,130,289
02/23/2009,BZN,MT,ANM,WE,Federal Contract Tower,22,25,8,0,55,0,0,71,0,71,22,25,79,0,126,100,0,100,226
02/24/2009,BZN,MT,ANM,WE,Federal Contract Tower,20,24,8,0,52,0,0,42,0,42,20,24,50,0,94,44,0,44,138
02/25/2009,BZN,MT,ANM,WE,Federal Contract Tower,24,29,21,0,74,0,0,49,0,49,24,29,70,0,123,176,0,176,299
02/26/2009,BZN,MT,ANM,WE,Federal Contract Tower,30,36,20,0,86,0,0,0,0,0,30,36,20,0,86,0,0,0,86
02/27/2009,BZN,MT,ANM,WE,Federal Contract Tower,22,21,16,0,59,0,0,39,0,39,22,21,55,0,98,32,0,32,130
02/28/2009,BZN,MT,ANM,WE,Federal Contract Tower,30,17,10,0,57,0,0,78,0,78,30,17,88,0,135,126,0,126,261
03/01/2009,BZN,MT,ANM,WE,Federal Contract Tower,30,18,22,0,70,0,0,80,0,80,30,18,102,0,150,102,0,102,252
03/02/2009,BZN,MT,ANM,WE,Federal Contract Tower,23,24,14,0,61,0,0,87,2,89,23,24,101,2,150,194,0,194,344
03/03/2009,BZN,MT,ANM,WE,Federal Contract Tower,23,28,15,0,66,0,6,52,0,58,23,34,67,0,124,128,0,128,252
03/04/2009,BZN,MT,ANM,WE,Federal Contract Tower,22,27,17,0,66,0,0,33,0,33,22,27,50,0,99,76,0,76,175
03/05/2009,BZN,MT,ANM,WE,Federal Contract Tower,23,23,20,0,66,0,0,20,0,20,23,23,40,0,86,16,0,16,102
03/06/2009,BZN,MT,ANM,WE,Federal Contract Tower,26,26,9,0,61,0,0,22,0,22,26,26,31,0,83,42,0,42,125
03/07/2009,BZN,MT,ANM,WE,Federal Contract Tower,33,21,10,1,65,0,0,64,3,67,33,21,74,4,132,86,0,86,218
03/08/2009,BZN,MT,ANM,WE,Federal Contract Tower,28,23,19,0,70,0,0,8,0,8,28,23,27,0,78,58,0,58,136
03/09/2009,BZN,MT,ANM,WE,Federal Contract Tower,21,22,8,0,51,0,0,34,4,38,21,22,42,4,89,42,0,42,131
03/10/2009,BZN,MT,ANM,WE,Federal Contract Tower,22,22,17,0,61,0,0,16,2,18,22,22,33,2,79,50,0,50,129
03/11/2009,BZN,MT,ANM,WE,Federal Contract Tower,22,26,17,0,65,0,0,65,0,65,22,26,82,0,130,218,0,218,348
03/12/2009,BZN,MT,ANM,WE,Federal Contract Tower,24,27,16,0,67,0,0,106,0,106,24,27,122,0,173,290,0,290,463
03/13/2009,BZN,MT,ANM,WE,Federal Contract Tower,22,33,34,0,89,0,0,106,0,106,22,33,140,0,195,122,0,122,317
03/14/2009,BZN,MT,ANM,WE,Federal Contract Tower,35,24,21,0,80,0,2,80,0,82,35,26,101,0,162,86,0,86,248
03/15/2009,BZN,MT,ANM,WE,Federal Contract Tower,30,20,21,0,71,0,0,16,0,16,30,20,37,0,87,38,0,38,125
03/16/2009,BZN,MT,ANM,WE,Federal Contract Tower,23,26,8,0,57,0,0,16,0,16,23,26,24,0,73,94,0,94,167
03/17/2009,BZN,MT,ANM,WE,Federal Contract Tower,23,26,17,1,67,0,0,33,0,33,23,26,50,1,100,96,0,96,196
03/18/2009,BZN,MT,ANM,WE,Federal Contract Tower,22,32,17,0,71,0,0,88,0,88,22,32,105,0,159,180,0,180,339
03/19/2009,BZN,MT,ANM,WE,Federal Contract Tower,23,32,16,0,71,0,0,76,0,76,23,32,92,0,147,218,0,218,365
03/20/2009,BZN,MT,ANM,WE,Federal Contract Tower,21,26,26,0,73,0,0,79,0,79,21,26,105,0,152,106,0,106,258
03/21/2009,BZN,MT,ANM,WE,Federal Contract Tower,30,21,26,0,77,0,0,44,0,44,30,21,70,0,121,52,0,52,173
03/22/2009,BZN,MT,ANM,WE,Federal Contract Tower,28,29,32,0,89,0,0,38,0,38,28,29,70,0,127,66,0,66,193
03/23/2009,BZN,MT,ANM,WE,Federal Contract Tower,25,24,11,0,60,0,0,11,0,11,25,24,22,0,71,104,0,104,175
03/24/2009,BZN,MT,ANM,WE,Federal Contract Tower,22,19,10,0,51,0,0,38,0,38,22,19,48,0,89,132,0,132,221
03/25/2009,BZN,MT,ANM,WE,Federal Contract Tower,20,28,14,0,62,0,0,12,0,12,20,28,26,0,74,74,0,74,148
03/26/2009,BZN,MT,ANM,WE,Federal Contract Tower,20,25,22,0,67,0,0,30,0,30,20,25,52,0,97,100,0,100,197
03/27/2009,BZN,MT,ANM,WE,Federal Contract Tower,21,31,21,0,73,0,0,62,0,62,21,31,83,0,135,98,2,100,235
03/28/2009,BZN,MT,ANM,WE,Federal Contract Tower,29,27,23,0,79,0,1,23,0,24,29,28,46,0,103,50,0,50,153
03/29/2009,BZN,MT,ANM,WE,Federal Contract Tower,22,13,8,0,43,0,0,0,0,0,22,13,8,0,43,0,0,0,43
03/30/2009,BZN,MT,ANM,WE,Federal Contract Tower,19,32,16,0,67,0,0,46,0,46,19,32,62,0,113,144,0,144,257
03/31/2009,BZN,MT,ANM,WE,Federal Contract Tower,18,32,8,0,58,0,0,38,0,38,18,32,46,0,96,86,0,86,182
04/01/2009,BZN,MT,ANM,WE,Federal Contract Tower,18,26,8,0,52,0,0,13,0,13,18,26,21,0,65,0,0,0,65
04/02/2009,BZN,MT,ANM,WE,Federal Contract Tower,25,21,6,0,52,0,0,29,0,29,25,21,35,0,81,74,0,74,155
04/03/2009,BZN,MT,ANM,WE,Federal Contract Tower,21,35,19,0,75,0,0,9,2,11,21,35,28,2,86,10,0,10,96
04/04/2009,BZN,MT,ANM,WE,Federal Contract Tower,17,20,20,0,57,0,0,3,0,3,17,20,23,0,60,50,0,50,110
04/05/2009,BZN,MT,ANM,WE,Federal Contract Tower,20,27,9,0,56,0,0,105,0,105,20,27,114,0,161,54,0,54,215
04/06/2009,BZN,MT,ANM,WE,Federal Contract Tower,16,28,11,0,55,0,0,81,0,81,16,28,92,0,136,190,0,190,326
04/07/2009,BZN,MT,ANM,WE,Federal Contract Tower,16,22,12,0,50,0,0,142,0,142,16,22,154,0,192,258,0,258,450
04/08/2009,BZN,MT,ANM,WE,Federal Contract Tower,16,24,11,0,51,0,0,56,0,56,16,24,67,0,107,102,0,102,209
04/09/2009,BZN,MT,ANM,WE,Federal Contract Tower,19,22,11,0,52,0,0,18,0,18,19,22,29,0,70,78,0,78,148
04/10/2009,BZN,MT,ANM,WE,Federal Contract Tower,17,24,19,0,60,0,0,69,0,69,17,24,88,0,129,130,0,130,259
04/11/2009,BZN,MT,ANM,WE,Federal Contract Tower,17,20,8,0,45,0,0,63,0,63,17,20,71,0,108,48,0,48,156
04/12/2009,BZN,MT,ANM,WE,Federal Contract Tower,19,22,11,0,52,0,0,45,0,45,19,22,56,0,97,16,0,16,113
04/13/2009,BZN,MT,ANM,WE,Federal Contract Tower,17,22,9,2,50,0,0,15,0,15,17,22,24,2,65,36,0,36,101
04/14/2009,BZN,MT,ANM,WE,Federal Contract Tower,16,24,4,0,44,0,0,0,0,0,16,24,4,0,44,0,0,0,44
04/15/2009,BZN,MT,ANM,WE,Federal Contract Tower,16,25,11,0,52,0,0,3,0,3,16,25,14,0,55,2,0,2,57
04/16/2009,BZN,MT,ANM,WE,Federal Contract Tower,19,21,17,0,57,0,0,35,0,35,19,21,52,0,92,102,0,102,194
04/17/2009,BZN,MT,ANM,WE,Federal Contract Tower,16,19,7,0,42,0,0,59,0,59,16,19,66,0,101,90,0,90,191
04/18/2009,BZN,MT,ANM,WE,Federal Contract Tower,17,12,9,0,38,0,2,81,2,85,17,14,90,2,123,38,0,38,161
04/19/2009,BZN,MT,ANM,WE,Federal Contract Tower,20,16,3,0,39,0,0,77,0,77,20,16,80,0,116,56,0,56,172
04/20/2009,BZN,MT,ANM,WE,Federal Contract Tower,16,30,16,0,62,0,0,72,0,72,16,30,88,0,134,46,0,46,180
04/21/2009,BZN,MT,ANM,WE,Federal Contract Tower,16,20,10,0,46,0,1,111,0,112,16,21,121,0,158,194,0,194,352
04/22/2009,BZN,MT,ANM,WE,Federal Contract Tower,15,24,7,0,46,0,0,43,0,43,15,24,50,0,89,52,0,52,141
04/23/2009,BZN,MT,ANM,WE,Federal Contract Tower,18,21,7,0,46,0,0,24,0,24,18,21,31,0,70,46,0,46,116
04/24/2009,BZN,MT,ANM,WE,Federal Contract Tower,16,23,9,0,48,0,0,36,0,36,16,23,45,0,84,70,0,70,154
04/25/2009,BZN,MT,ANM,WE,Federal Contract Tower,18,13,2,0,33,0,1,102,0,103,18,14,104,0,136,82,0,82,218
04/26/2009,BZN,MT,ANM,WE,Federal Contract Tower,21,12,9,0,42,0,0,2,0,2,21,12,11,0,44,0,0,0,44
04/27/2009,BZN,MT,ANM,WE,Federal Contract Tower,19,25,11,0,55,0,0,34,0,34,19,25,45,0,89,78,0,78,167
04/28/2009,BZN,MT,ANM,WE,Federal Contract Tower,16,17,11,0,44,0,0,1,0,1,16,17,12,0,45,0,0,0,45
04/29/2009,BZN,MT,ANM,WE,Federal Contract Tower,16,18,9,0,43,0,0,10,0,10,16,18,19,0,53,8,0,8,61
04/30/2009,BZN,MT,ANM,WE,Federal Contract Tower,18,24,8,0,50,0,0,7,0,7,18,24,15,0,57,0,0,0,57
05/01/2009,BZN,MT,ANM,WE,Federal Contract Tower,15,22,13,0,50,0,0,51,0,51,15,22,64,0,101,30,0,30,131
05/02/2009,BZN,MT,ANM,WE,Federal Contract Tower,17,15,8,0,40,0,4,76,0,80,17,19,84,0,120,94,0,94,214
05/03/2009,BZN,MT,ANM,WE,Federal Contract Tower,19,13,6,0,38,0,2,29,0,31,19,15,35,0,69,44,0,44,113
05/04/2009,BZN,MT,ANM,WE,Federal Contract Tower,16,20,3,0,39,0,0,35,0,35,16,20,38,0,74,106,0,106,180
05/05/2009,BZN,MT,ANM,WE,Federal Contract Tower,15,16,6,2,39,0,0,37,0,37,15,16,43,2,76,52,0,52,128
05/06/2009,BZN,MT,ANM,WE,Federal Contract Tower,19,19,11,0,49,0,0,34,0,34,19,19,45,0,83,60,0,60,143
05/07/2009,BZN,MT,ANM,WE,Federal Contract Tower,17,22,6,0,45,0,0,22,0,22,17,22,28,0,67,40,0,40,107
05/08/2009,BZN,MT,ANM,WE,Federal Contract Tower,18,20,12,0,50,0,0,37,0,37,18,20,49,0,87,44,0,44,131
05/09/2009,BZN,MT,ANM,WE,Federal Contract Tower,19,15,4,0,38,0,0,89,0,89,19,15,93,0,127,64,0,64,191
05/10/2009,BZN,MT,ANM,WE,Federal Contract Tower,22,15,9,2,48,0,0,87,0,87,22,15,96,2,135,40,0,40,175
05/11/2009,BZN,MT,ANM,WE,Federal Contract Tower,17,23,11,0,51,0,0,57,0,57,17,23,68,0,108,114,0,114,222
05/12/2009,BZN,MT,ANM,WE,Federal Contract Tower,16,23,8,0,47,0,0,9,0,9,16,23,17,0,56,4,0,4,60
05/13/2009,BZN,MT,ANM,WE,Federal Contract Tower,16,25,22,0,63,0,0,76,0,76,16,25,98,0,139,122,0,122,261
05/14/2009,BZN,MT,ANM,WE,Federal Contract Tower,18,27,17,0,62,0,0,22,0,22,18,27,39,0,84,22,0,22,106
05/15/2009,BZN,MT,ANM,WE,Federal Contract Tower,17,26,17,0,60,0,0,68,0,68,17,26,85,0,128,78,0,78,206
05/16/2009,BZN,MT,ANM,WE,Federal Contract Tower,19,14,2,0,35,0,2,79,2,83,19,16,81,2,118,80,0,80,198
05/17/2009,BZN,MT,ANM,WE,Federal Contract Tower,22,21,10,0,53,0,0,93,16,109,22,21,103,16,162,44,24,68,230
05/18/2009,BZN,MT,ANM,WE,Federal Contract Tower,16,21,17,0,54,0,0,75,0,75,16,21,92,0,129,74,0,74,203
05/19/2009,BZN,MT,ANM,WE,Federal Contract Tower,14,27,16,0,57,0,0,46,2,48,14,27,62,2,105,64,2,66,171
05/20/2009,BZN,MT,ANM,WE,Federal Contract Tower,17,28,10,0,55,0,0,64,0,64,17,28,74,0,119,134,0,134,253
05/21/2009,BZN,MT,ANM,WE,Federal Contract Tower,18,26,21,0,65,0,0,87,0,87,18,26,108,0,152,104,0,104,256
05/22/2009,BZN,MT,ANM,WE,Federal Contract Tower,17,25,16,0,58,0,0,88,0,88,17,25,104,0,146,118,0,118,264
05/23/2009,BZN,MT,ANM,WE,Federal Contract Tower,19,16,4,0,39,0,2,67,0,69,19,18,71,0,108,44,0,44,152
05/24/2009,BZN,MT,ANM,WE,Federal Contract Tower,21,10,2,0,33,0,0,33,0,33,21,10,35,0,66,50,0,50,116
05/25/2009,BZN,MT,ANM,WE,Federal Contract Tower,17,19,9,0,45,0,0,62,0,62,17,19,71,0,107,56,0,56,163
05/26/2009,BZN,MT,ANM,WE,Federal Contract Tower,16,22,10,0,48,0,2,73,0,75,16,24,83,0,123,58,0,58,181
05/27/2009,BZN,MT,ANM,WE,Federal Contract Tower,16,24,14,0,54,0,1,69,2,72,16,25,83,2,126,54,0,54,180
05/28/2009,BZN,MT,ANM,WE,Federal Contract Tower,17,27,17,0,61,0,0,103,0,103,17,27,120,0,164,84,0,84,248
05/29/2009,BZN,MT,ANM,WE,Federal Contract Tower,16,25,9,2,52,0,0,107,2,109,16,25,116,4,161,72,0,72,233
05/30/2009,BZN,MT,ANM,WE,Federal Contract Tower,19,14,7,0,40,0,3,82,3,88,19,17,89,3,128,124,0,124,252
05/31/2009,BZN,MT,ANM,WE,Federal Contract Tower,17,17,13,0,47,0,0,66,0,66,17,17,79,0,113,48,0,48,161
06/01/2009,BZN,MT,ANM,WE,Federal Contract Tower,16,26,11,2,55,0,0,27,0,27,16,26,38,2,82,40,0,40,122
06/02/2009,BZN,MT,ANM,WE,Federal Contract Tower,16,24,5,2,47,0,0,25,0,25,16,24,30,2,72,56,0,56,128
06/03/2009,BZN,MT,ANM,WE,Federal Contract Tower,16,29,19,0,64,0,0,40,0,40,16,29,59,0,104,54,2,56,160
06/04/2009,BZN,MT,ANM,WE,Federal Contract Tower,25,21,8,0,54,0,0,88,2,90,25,21,96,2,144,64,0,64,208
06/05/2009,BZN,MT,ANM,WE,Federal Contract Tower,24,18,8,0,50,0,0,60,2,62,24,18,68,2,112,100,0,100,212
06/06/2009,BZN,MT,ANM,WE,Federal Contract Tower,30,21,11,0,62,0,0,8,0,8,30,21,19,0,70,52,0,52,122
06/07/2009,BZN,MT,ANM,WE,Federal Contract Tower,27,15,11,0,53,0,0,2,0,2,27,15,13,0,55,0,0,0,55
06/08/2009,BZN,MT,ANM,WE,Federal Contract Tower,25,23,16,0,64,0,0,54,0,54,25,23,70,0,118,118,0,118,236
06/09/2009,BZN,MT,ANM,WE,Federal Contract Tower,23,20,18,0,61,0,0,58,0,58,23,20,76,0,119,94,0,94,213
06/10/2009,BZN,MT,ANM,WE,Federal Contract Tower,24,24,22,0,70,0,0,68,0,68,24,24,90,0,138,150,0,150,288
06/11/2009,BZN,MT,ANM,WE,Federal Contract Tower,23,21,5,0,49,0,0,92,0,92,23,21,97,0,141,138,0,138,279
06/12/2009,BZN,MT,ANM,WE,Federal Contract Tower,26,20,20,3,69,0,0,107,0,107,26,20,127,3,176,74,0,74,250
06/13/2009,BZN,MT,ANM,WE,Federal Contract Tower,32,17,2,0,51,0,1,111,0,112,32,18,113,0,163,54,0,54,217
06/14/2009,BZN,MT,ANM,WE,Federal Contract Tower,27,19,12,0,58,0,0,79,0,79,27,19,91,0,137,68,0,68,205
06/15/2009,BZN,MT,ANM,WE,Federal Contract Tower,21,25,17,0,63,0,1,29,0,30,21,26,46,0,93,22,0,22,115
06/16/2009,BZN,MT,ANM,WE,Federal Contract Tower,23,20,15,4,62,0,2,51,2,55,23,22,66,6,117,150,0,150,267
06/17/2009,BZN,MT,ANM,WE,Federal Contract Tower,24,24,12,0,60,0,0,47,0,47,24,24,59,0,107,32,0,32,139
06/18/2009,BZN,MT,ANM,WE,Federal Contract Tower,26,29,12,0,67,0,0,48,0,48,26,29,60,0,115,86,0,86,201
06/19/2009,BZN,MT,ANM,WE,Federal Contract Tower,25,22,12,0,59,0,0,110,0,110,25,22,122,0,169,32,0,32,201
06/20/2009,BZN,MT,ANM,WE,Federal Contract Tower,32,23,10,0,65,0,0,35,0,35,32,23,45,0,100,66,0,66,166
06/21/2009,BZN,MT,ANM,WE,Federal Contract Tower,28,27,14,2,71,0,0,54,0,54,28,27,68,2,125,40,0,40,165
06/22/2009,BZN,MT,ANM,WE,Federal Contract Tower,24,27,20,0,71,0,0,41,12,53,24,27,61,12,124,22,0,22,146
06/23/2009,BZN,MT,ANM,WE,Federal Contract Tower,24,22,12,0,58,0,0,76,0,76,24,22,88,0,134,92,0,92,226
06/24/2009,BZN,MT,ANM,WE,Federal Contract Tower,26,31,8,0,65,0,0,104,4,108,26,31,112,4,173,78,0,78,251
06/25/2009,BZN,MT,ANM,WE,Federal Contract Tower,26,26,13,0,65,0,1,97,0,98,26,27,110,0,163,98,0,98,261
06/26/2009,BZN,MT,ANM,WE,Federal Contract Tower,22,23,17,0,62,0,1,69,4,74,22,24,86,4,136,52,0,52,188
06/27/2009,BZN,MT,ANM,WE,Federal Contract Tower,32,23,12,4,71,0,4,101,0,105,32,27,113,4,176,42,6,48,224
06/28/2009,BZN,MT,ANM,WE,Federal Contract Tower,29,27,14,4,74,0,0,85,0,85,29,27,99,4,159,90,0,90,249
06/29/2009,BZN,MT,ANM,WE,Federal Contract Tower,24,21,17,0,62,0,2,106,0,108,24,23,123,0,170,136,0,136,306
06/30/2009,BZN,MT,ANM,WE,Federal Contract Tower,24,18,20,0,62,0,2,95,2,99,24,20,115,2,161,118,0,118,279
07/01/2009,BZN,MT,ANM,WE,Federal Contract Tower,26,26,19,0,71,0,2,81,0,83,26,28,100,0,154,74,0,74,228
07/02/2009,BZN,MT,ANM,WE,Federal Contract Tower,30,28,26,0,84,0,0,67,0,67,30,28,93,0,151,24,0,24,175
07/03/2009,BZN,MT,ANM,WE,Federal Contract Tower,26,24,12,0,62,0,3,47,0,50,26,27,59,0,112,48,0,48,160
07/04/2009,BZN,MT,ANM,WE,Federal Contract Tower,29,10,5,0,44,0,0,87,2,89,29,10,92,2,133,52,0,52,185
07/05/2009,BZN,MT,ANM,WE,Federal Contract Tower,32,23,8,0,63,0,0,65,0,65,32,23,73,0,128,50,0,50,178
07/06/2009,BZN,MT,ANM,WE,Federal Contract Tower,24,25,18,0,67,0,0,67,0,67,24,25,85,0,134,86,0,86,220
07/07/2009,BZN,MT,ANM,WE,Federal Contract Tower,26,24,14,0,64,0,0,88,0,88,26,24,102,0,152,84,0,84,236
07/08/2009,BZN,MT,ANM,WE,Federal Contract Tower,28,22,17,0,67,0,0,44,0,44,28,22,61,0,111,76,0,76,187
07/09/2009,BZN,MT,ANM,WE,Federal Contract Tower,28,21,14,0,63,0,0,87,0,87,28,21,101,0,150,34,0,34,184
07/10/2009,BZN,MT,ANM,WE,Federal Contract Tower,28,12,19,0,59,0,3,119,6,128,28,15,138,6,187,224,0,224,411
07/11/2009,BZN,MT,ANM,WE,Federal Contract Tower,34,14,15,4,67,0,4,94,2,100,34,18,109,6,167,64,0,64,231
07/12/2009,BZN,MT,ANM,WE,Federal Contract Tower,32,17,16,0,65,0,0,67,0,67,32,17,83,0,132,6,0,6,138
07/13/2009,BZN,MT,ANM,WE,Federal Contract Tower,25,20,16,0,61,0,1,20,0,21,25,21,36,0,82,4,0,4,86
07/14/2009,BZN,MT,ANM,WE,Federal Contract Tower,27,20,19,0,66,0,0,64,1,65,27,20,83,1,131,56,0,56,187
07/15/2009,BZN,MT,ANM,WE,Federal Contract Tower,28,30,22,0,80,0,0,112,0,112,28,30,134,0,192,100,0,100,292
07/16/2009,BZN,MT,ANM,WE,Federal Contract Tower,27,23,13,0,63,0,1,91,0,92,27,24,104,0,155,72,0,72,227
07/17/2009,BZN,MT,ANM,WE,Federal Contract Tower,28,16,11,0,55,0,0,132,0,132,28,16,143,0,187,106,0,106,293
07/18/2009,BZN,MT,ANM,WE,Federal Contract Tower,35,22,8,0,65,0,0,98,0,98,35,22,106,0,163,70,0,70,233
07/19/2009,BZN,MT,ANM,WE,Federal Contract Tower,30,28,22,0,80,0,0,96,0,96,30,28,118,0,176,122,0,122,298
07/20/2009,BZN,MT,ANM,WE,Federal Contract Tower,23,21,12,4,60,0,2,75,0,77,23,23,87,4,137,108,0,108,245
07/21/2009,BZN,MT,ANM,WE,Federal Contract Tower,25,20,14,0,59,0,1,93,2,96,25,21,107,2,155,86,0,86,241
07/22/2009,BZN,MT,ANM,WE,Federal Contract Tower,27,24,11,0,62,0,0,97,2,99,27,24,108,2,161,132,0,132,293
07/23/2009,BZN,MT,ANM,WE,Federal Contract Tower,28,24,20,0,72,0,0,86,0,86,28,24,106,0,158,144,0,144,302
07/24/2009,BZN,MT,ANM,WE,Federal Contract Tower,29,18,15,0,62,0,0,91,0,91,29,18,106,0,153,58,0,58,211
07/25/2009,BZN,MT,ANM,WE,Federal Contract Tower,35,22,15,2,74,0,1,96,0,97,35,23,111,2,171,62,0,62,233
07/26/2009,BZN,MT,ANM,WE,Federal Contract Tower,31,19,21,0,71,0,0,73,0,73,31,19,94,0,144,34,0,34,178
07/27/2009,BZN,MT,ANM,WE,Federal Contract Tower,25,20,15,0,60,0,0,22,0,22,25,20,37,0,82,12,0,12,94
07/28/2009,BZN,MT,ANM,WE,Federal Contract Tower,24,22,18,0,64,0,1,61,0,62,24,23,79,0,126,54,0,54,180
07/29/2009,BZN,MT,ANM,WE,Federal Contract Tower,30,27,9,0,66,0,0,84,0,84,30,27,93,0,150,72,0,72,222
07/30/2009,BZN,MT,ANM,WE,Federal Contract Tower,26,32,26,0,84,0,0,124,2,126,26,32,150,2,210,126,0,126,336
07/31/2009,BZN,MT,ANM,WE,Federal Contract Tower,25,20,25,0,70,0,0,71,0,71,25,20,96,0,141,84,0,84,225
08/01/2009,BZN,MT,ANM,WE,Federal Contract Tower,32,20,18,0,70,2,151,0,0,153,34,171,18,0,223,62,0,62,285
08/02/2009,BZN,MT,ANM,WE,Federal Contract Tower,29,22,13,0,64,0,0,62,0,62,29,22,75,0,126,62,0,62,188
08/03/2009,BZN,MT,ANM,WE,Federal Contract Tower,22,21,11,0,54,0,3,82,0,85,22,24,93,0,139,74,0,74,213
08/04/2009,BZN,MT,ANM,WE,Federal Contract Tower,23,31,14,0,68,1,0,103,0,104,24,31,117,0,172,96,0,96,268
08/05/2009,BZN,MT,ANM,WE,Federal Contract Tower,26,29,18,0,73,0,0,71,0,71,26,29,89,0,144,22,0,22,166
08/06/2009,BZN,MT,ANM,WE,Federal Contract Tower,24,29,17,0,70,0,2,83,0,85,24,31,100,0,155,58,0,58,213
08/07/2009,BZN,MT,ANM,WE,Federal Contract Tower,28,23,28,1,80,0,0,53,0,53,28,23,81,1,133,28,0,28,161
08/08/2009,BZN,MT,ANM,WE,Federal Contract Tower,32,19,27,0,78,0,3,80,0,83,32,22,107,0,161,70,0,70,231
08/09/2009,BZN,MT,ANM,WE,Federal Contract Tower,29,23,28,1,81,0,0,75,0,75,29,23,103,1,156,50,0,50,206
08/10/2009,BZN,MT,ANM,WE,Federal Contract Tower,23,22,20,0,65,0,0,94,2,96,23,22,114,2,161,66,0,66,227
08/11/2009,BZN,MT,ANM,WE,Federal Contract Tower,24,24,23,3,74,0,0,72,3,75,24,24,95,6,149,48,0,48,197
08/12/2009,BZN,MT,ANM,WE,Federal Contract Tower,26,35,22,2,85,0,1,89,14,104,26,36,111,16,189,36,0,36,225
08/13/2009,BZN,MT,ANM,WE,Federal Contract Tower,28,33,14,5,80,0,0,60,0,60,28,33,74,5,140,14,0,14,154
08/14/2009,BZN,MT,ANM,WE,Federal Contract Tower,27,26,18,1,72,0,2,30,5,37,27,28,48,6,109,36,0,36,145
08/15/2009,BZN,MT,ANM,WE,Federal Contract Tower,36,24,18,2,80,0,6,51,12,69,36,30,69,14,149,54,0,54,203
08/16/2009,BZN,MT,ANM,WE,Federal Contract Tower,29,26,21,5,81,0,0,35,2,37,29,26,56,7,118,8,0,8,126
08/17/2009,BZN,MT,ANM,WE,Federal Contract Tower,22,27,15,0,64,0,0,96,0,96,22,27,111,0,160,60,0,60,220
08/18/2009,BZN,MT,ANM,WE,Federal Contract Tower,22,25,25,0,72,0,0,101,0,101,22,25,126,0,173,136,0,136,309
08/19/2009,BZN,MT,ANM,WE,Federal Contract Tower,21,25,25,0,71,0,0,94,0,94,21,25,119,0,165,52,0,52,217
08/20/2009,BZN,MT,ANM,WE,Federal Contract Tower,24,28,24,0,76,0,1,97,5,103,24,29,121,5,179,48,0,48,227
08/21/2009,BZN,MT,ANM,WE,Federal Contract Tower,26,23,21,0,70,0,1,108,0,109,26,24,129,0,179,38,0,38,217
08/22/2009,BZN,MT,ANM,WE,Federal Contract Tower,22,24,22,0,68,0,2,76,0,78,22,26,98,0,146,26,0,26,172
08/23/2009,BZN,MT,ANM,WE,Federal Contract Tower,23,32,25,0,80,0,1,45,0,46,23,33,70,0,126,26,0,26,152
08/24/2009,BZN,MT,ANM,WE,Federal Contract Tower,19,17,16,0,52,0,2,95,0,97,19,19,111,0,149,58,0,58,207
08/25/2009,BZN,MT,ANM,WE,Federal Contract Tower,20,22,13,0,55,0,0,117,0,117,20,22,130,0,172,64,0,64,236
08/26/2009,BZN,MT,ANM,WE,Federal Contract Tower,20,26,13,0,59,0,0,112,0,112,20,26,125,0,171,82,0,82,253
08/27/2009,BZN,MT,ANM,WE,Federal Contract Tower,22,27,21,0,70,0,0,91,0,91,22,27,112,0,161,110,0,110,271
08/28/2009,BZN,MT,ANM,WE,Federal Contract Tower,22,21,25,0,68,0,0,103,0,103,22,21,128,0,171,76,0,76,247
08/29/2009,BZN,MT,ANM,WE,Federal Contract Tower,22,14,13,1,50,0,7,60,0,67,22,21,73,1,117,44,0,44,161
08/30/2009,BZN,MT,ANM,WE,Federal Contract Tower,23,19,6,0,48,0,0,41,0,41,23,19,47,0,89,22,0,22,111
08/31/2009,BZN,MT,ANM,WE,Federal Contract Tower,20,18,19,1,58,0,1,34,0,35,20,19,53,1,93,42,0,42,135
09/01/2009,BZN,MT,ANM,WE,Federal Contract Tower,19,23,16,0,58,0,1,65,0,66,19,24,81,0,124,112,0,112,236
09/02/2009,BZN,MT,ANM,WE,Federal Contract Tower,16,27,13,0,56,0,0,104,0,104,16,27,117,0,160,22,0,22,182
09/03/2009,BZN,MT,ANM,WE,Federal Contract Tower,18,31,16,0,65,0,1,105,0,106,18,32,121,0,171,148,0,148,319
09/04/2009,BZN,MT,ANM,WE,Federal Contract Tower,18,28,23,0,69,0,0,105,0,105,18,28,128,0,174,64,0,64,238
09/05/2009,BZN,MT,ANM,WE,Federal Contract Tower,19,16,5,0,40,0,2,63,0,65,19,18,68,0,105,20,0,20,125
09/06/2009,BZN,MT,ANM,WE,Federal Contract Tower,20,15,13,0,48,0,0,30,0,30,20,15,43,0,78,32,0,32,110
09/07/2009,BZN,MT,ANM,WE,Federal Contract Tower,17,26,19,0,62,0,0,87,2,89,17,26,106,2,151,94,0,94,245
09/08/2009,BZN,MT,ANM,WE,Federal Contract Tower,16,21,23,2,62,0,2,77,0,79,16,23,100,2,141,96,0,96,237
09/09/2009,BZN,MT,ANM,WE,Federal Contract Tower,16,25,16,0,57,0,1,95,4,100,16,26,111,4,157,80,0,80,237
09/10/2009,BZN,MT,ANM,WE,Federal Contract Tower,18,32,17,2,69,0,3,92,2,97,18,35,109,4,166,126,0,126,292
09/11/2009,BZN,MT,ANM,WE,Federal Contract Tower,16,30,27,1,74,0,4,85,0,89,16,34,112,1,163,0,0,0,163
09/12/2009,BZN,MT,ANM,WE,Federal Contract Tower,17,16,11,0,44,0,1,89,1,91,17,17,100,1,135,68,0,68,203
09/13/2009,BZN,MT,ANM,WE,Federal Contract Tower,22,20,20,0,62,0,0,98,0,98,22,20,118,0,160,58,0,58,218
09/14/2009,BZN,MT,ANM,WE,Federal Contract Tower,14,29,13,0,56,0,1,48,1,50,14,30,61,1,106,59,0,59,165
09/15/2009,BZN,MT,ANM,WE,Federal Contract Tower,14,36,13,1,64,0,1,91,0,92,14,37,104,1,156,90,0,90,246
09/16/2009,BZN,MT,ANM,WE,Federal Contract Tower,14,27,7,1,49,0,1,70,0,71,14,28,77,1,120,92,0,92,212
09/17/2009,BZN,MT,ANM,WE,Federal Contract Tower,17,29,9,0,55,0,2,120,0,122,17,31,129,0,177,78,0,78,255
09/18/2009,BZN,MT,ANM,WE,Federal Contract Tower,16,30,14,0,60,0,0,131,0,131,16,30,145,0,191,126,0,126,317
09/19/2009,BZN,MT,ANM,WE,Federal Contract Tower,17,14,3,0,34,1,4,81,0,86,18,18,84,0,120,26,0,26,146
09/20/2009,BZN,MT,ANM,WE,Federal Contract Tower,18,23,19,0,60,0,0,45,0,45,18,23,64,0,105,86,0,86,191
09/21/2009,BZN,MT,ANM,WE,Federal Contract Tower,14,25,13,0,52,0,0,85,2,87,14,25,98,2,139,26,4,30,169
09/22/2009,BZN,MT,ANM,WE,Federal Contract Tower,15,22,16,0,53,0,1,99,0,100,15,23,115,0,153,124,0,124,277
09/23/2009,BZN,MT,ANM,WE,Federal Contract Tower,17,18,17,0,52,0,3,122,0,125,17,21,139,0,177,170,0,170,347
09/24/2009,BZN,MT,ANM,WE,Federal Contract Tower,15,31,18,0,64,0,0,118,0,118,15,31,136,0,182,96,0,96,278
09/25/2009,BZN,MT,ANM,WE,Federal Contract Tower,16,22,17,0,55,0,1,120,0,121,16,23,137,0,176,130,0,130,306
09/26/2009,BZN,MT,ANM,WE,Federal Contract Tower,20,18,14,0,52,0,1,83,0,84,20,19,97,0,136,8,0,8,144
09/27/2009,BZN,MT,ANM,WE,Federal Contract Tower,20,22,6,0,48,0,0,70,0,70,20,22,76,0,118,36,0,36,154
09/28/2009,BZN,MT,ANM,WE,Federal Contract Tower,14,20,12,0,46,0,1,71,0,72,14,21,83,0,118,50,0,50,168
09/29/2009,BZN,MT,ANM,WE,Federal Contract Tower,14,26,7,0,47,0,0,36,0,36,14,26,43,0,83,46,0,46,129
09/30/2009,BZN,MT,ANM,WE,Federal Contract Tower,16,27,14,0,57,0,0,0,0,0,16,27,14,0,57,0,0,0,57
10/01/2009,BZN,MT,ANM,WE,Federal Contract Tower,15,33,13,0,61,0,0,44,0,44,15,33,57,0,105,70,0,70,175
10/02/2009,BZN,MT,ANM,WE,Federal Contract Tower,18,24,10,0,52,0,1,64,2,67,18,25,74,2,119,48,0,48,167
10/03/2009,BZN,MT,ANM,WE,Federal Contract Tower,16,24,9,0,49,0,1,72,0,73,16,25,81,0,122,14,0,14,136
10/04/2009,BZN,MT,ANM,WE,Federal Contract Tower,17,23,9,0,49,0,0,13,0,13,17,23,22,0,62,80,0,80,142
10/05/2009,BZN,MT,ANM,WE,Federal Contract Tower,18,16,15,0,49,0,1,1,0,2,18,17,16,0,51,0,0,0,51
10/06/2009,BZN,MT,ANM,WE,Federal Contract Tower,16,17,15,0,48,0,0,72,4,76,16,17,87,4,124,92,0,92,216
10/07/2009,BZN,MT,ANM,WE,Federal Contract Tower,15,27,15,0,57,0,1,1,0,2,15,28,16,0,59,0,0,0,59
10/08/2009,BZN,MT,ANM,WE,Federal Contract Tower,16,23,12,0,51,0,1,49,0,50,16,24,61,0,101,74,0,74,175
10/09/2009,BZN,MT,ANM,WE,Federal Contract Tower,20,22,8,0,50,0,0,0,0,0,20,22,8,0,50,0,0,0,50
10/10/2009,BZN,MT,ANM,WE,Federal Contract Tower,19,16,11,0,46,0,1,10,2,13,19,17,21,2,59,26,0,26,85
10/11/2009,BZN,MT,ANM,WE,Federal Contract Tower,15,13,17,0,45,0,1,8,0,9,15,14,25,0,54,0,10,10,64
10/12/2009,BZN,MT,ANM,WE,Federal Contract Tower,18,17,7,0,42,0,1,48,0,49,18,18,55,0,91,102,0,102,193
10/13/2009,BZN,MT,ANM,WE,Federal Contract Tower,16,27,4,2,49,0,0,36,0,36,16,27,40,2,85,60,0,60,145
10/14/2009,BZN,MT,ANM,WE,Federal Contract Tower,19,16,26,0,61,0,0,36,0,36,19,16,62,0,97,40,0,40,137
10/15/2009,BZN,MT,ANM,WE,Federal Contract Tower,16,25,22,0,63,0,0,61,0,61,16,25,83,0,124,96,0,96,220
10/16/2009,BZN,MT,ANM,WE,Federal Contract Tower,19,21,18,0,58,0,0,91,0,91,19,21,109,0,149,158,0,158,307
10/17/2009,BZN,MT,ANM,WE,Federal Contract Tower,21,14,6,0,41,0,2,94,0,96,21,16,100,0,137,54,0,54,191
10/18/2009,BZN,MT,ANM,WE,Federal Contract Tower,18,15,13,0,46,0,0,73,0,73,18,15,86,0,119,82,0,82,201
10/19/2009,BZN,MT,ANM,WE,Federal Contract Tower,17,20,9,2,48,0,0,0,0,0,17,20,9,2,48,0,0,0,48
10/20/2009,BZN,MT,ANM,WE,Federal Contract Tower,15,18,16,0,49,0,0,11,0,11,15,18,27,0,60,20,0,20,80
10/21/2009,BZN,MT,ANM,WE,Federal Contract Tower,13,20,20,1,54,0,2,70,2,74,13,22,90,3,128,70,0,70,198
10/22/2009,BZN,MT,ANM,WE,Federal Contract Tower,16,24,13,0,53,0,0,57,0,57,16,24,70,0,110,68,0,68,178
10/23/2009,BZN,MT,ANM,WE,Federal Contract Tower,18,22,20,0,60,0,1,87,0,88,18,23,107,0,148,150,0,150,298
10/24/2009,BZN,MT,ANM,WE,Federal Contract Tower,17,16,3,2,38,0,0,4,0,4,17,16,7,2,42,12,0,12,54
10/25/2009,BZN,MT,ANM,WE,Federal Contract Tower,10,20,11,0,41,0,0,34,0,34,10,20,45,0,75,34,0,34,109
10/26/2009,BZN,MT,ANM,WE,Federal Contract Tower,15,19,10,0,44,0,2,37,0,39,15,21,47,0,83,60,0,60,143
10/27/2009,BZN,MT,ANM,WE,Federal Contract Tower,13,27,8,0,48,0,0,6,0,6,13,27,14,0,54,16,0,16,70
10/28/2009,BZN,MT,ANM,WE,Federal Contract Tower,12,19,17,3,51,0,2,8,0,10,12,21,25,3,61,40,0,40,101
10/29/2009,BZN,MT,ANM,WE,Federal Contract Tower,15,21,8,0,44,0,0,62,0,62,15,21,70,0,106,112,0,112,218
10/30/2009,BZN,MT,ANM,WE,Federal Contract Tower,15,22,14,0,51,0,0,22,0,22,15,22,36,0,73,76,0,76,149
10/31/2009,BZN,MT,ANM,WE,Federal Contract Tower,11,13,6,2,32,0,3,28,0,31,11,16,34,2,63,52,0,52,115
11/01/2009,BZN,MT,ANM,WE,Federal Contract Tower,11,21,7,0,39,0,0,42,0,42,11,21,49,0,81,46,0,46,127
11/02/2009,BZN,MT,ANM,WE,Federal Contract Tower,15,19,8,0,42,0,0,66,0,66,15,19,74,0,108,78,0,78,186
11/03/2009,BZN,MT,ANM,WE,Federal Contract Tower,14,17,10,0,41,0,0,54,0,54,14,17,64,0,95,80,0,80,175
11/04/2009,BZN,MT,ANM,WE,Federal Contract Tower,14,18,10,0,42,0,0,96,2,98,14,18,106,2,140,74,0,74,214
11/05/2009,BZN,MT,ANM,WE,Federal Contract Tower,16,22,11,0,49,0,0,97,0,97,16,22,108,0,146,108,0,108,254
11/06/2009,BZN,MT,ANM,WE,Federal Contract Tower,21,19,6,0,46,0,0,24,0,24,21,19,30,0,70,14,0,14,84
11/07/2009,BZN,MT,ANM,WE,Federal Contract Tower,14,13,0,2,29,0,5,71,0,76,14,18,71,2,105,50,0,50,155
11/08/2009,BZN,MT,ANM,WE,Federal Contract Tower,14,16,5,0,35,0,0,37,0,37,14,16,42,0,72,30,0,30,102
11/09/2009,BZN,MT,ANM,WE,Federal Contract Tower,18,18,5,0,41,0,0,98,0,98,18,18,103,0,139,66,0,66,205
11/10/2009,BZN,MT,ANM,WE,Federal Contract Tower,14,16,10,0,40,0,0,48,0,48,14,16,58,0,88,62,0,62,150
11/11/2009,BZN,MT,ANM,WE,Federal Contract Tower,17,18,4,0,39,0,0,84,0,84,17,18,88,0,123,84,0,84,207
11/12/2009,BZN,MT,ANM,WE,Federal Contract Tower,16,22,11,0,49,0,0,0,0,0,16,22,11,0,49,0,0,0,49
11/13/2009,BZN,MT,ANM,WE,Federal Contract Tower,20,18,9,0,47,0,0,31,0,31,20,18,40,0,78,32,0,32,110
11/14/2009,BZN,MT,ANM,WE,Federal Contract Tower,14,12,16,0,42,0,1,31,0,32,14,13,47,0,74,34,0,34,108
11/15/2009,BZN,MT,ANM,WE,Federal Contract Tower,12,19,11,0,42,0,0,52,0,52,12,19,63,0,94,36,0,36,130
11/16/2009,BZN,MT,ANM,WE,Federal Contract Tower,17,19,8,0,44,0,0,57,0,57,17,19,65,0,101,28,0,28,129
11/17/2009,BZN,MT,ANM,WE,Federal Contract Tower,14,17,8,0,39,0,0,60,0,60,14,17,68,0,99,56,0,56,155
11/18/2009,BZN,MT,ANM,WE,Federal Contract Tower,16,23,15,0,54,0,2,54,0,56,16,25,69,0,110,108,0,108,218
11/19/2009,BZN,MT,ANM,WE,Federal Contract Tower,16,26,8,0,50,0,0,83,0,83,16,26,91,0,133,82,0,82,215
11/20/2009,BZN,MT,ANM,WE,Federal Contract Tower,18,21,20,0,59,0,0,74,0,74,18,21,94,0,133,108,0,108,241
11/21/2009,BZN,MT,ANM,WE,Federal Contract Tower,13,15,14,0,42,0,1,16,6,23,13,16,30,6,65,16,0,16,81
11/22/2009,BZN,MT,ANM,WE,Federal Contract Tower,13,20,5,0,38,0,1,15,0,16,13,21,20,0,54,16,0,16,70
11/23/2009,BZN,MT,ANM,WE,Federal Contract Tower,18,21,8,0,47,0,0,30,0,30,18,21,38,0,77,20,0,20,97
11/24/2009,BZN,MT,ANM,WE,Federal Contract Tower,16,23,14,0,53,0,0,35,0,35,16,23,49,0,88,46,0,46,134
11/25/2009,BZN,MT,ANM,WE,Federal Contract Tower,16,23,25,1,65,0,2,71,22,95,16,25,96,23,160,58,0,58,218
11/26/2009,BZN,MT,ANM,WE,Federal Contract Tower,8,12,4,0,24,0,0,21,0,21,8,12,25,0,45,8,0,8,53
11/27/2009,BZN,MT,ANM,WE,Federal Contract Tower,13,17,6,0,36,0,0,37,0,37,13,17,43,0,73,16,0,16,89
11/28/2009,BZN,MT,ANM,WE,Federal Contract Tower,15,25,5,0,45,0,1,57,0,58,15,26,62,0,103,28,0,28,131
11/29/2009,BZN,MT,ANM,WE,Federal Contract Tower,15,29,24,0,68,0,0,52,0,52,15,29,76,0,120,32,0,32,152
11/30/2009,BZN,MT,ANM,WE,Federal Contract Tower,18,20,7,0,45,0,0,57,0,57,18,20,64,0,102,66,0,66,168
12/01/2009,BZN,MT,ANM,WE,Federal Contract Tower,13,28,8,0,49,0,0,17,0,17,13,28,25,0,66,16,0,16,82
12/02/2009,BZN,MT,ANM,WE,Federal Contract Tower,14,25,19,0,58,0,1,70,0,71,14,26,89,0,129,90,0,90,219
12/03/2009,BZN,MT,ANM,WE,Federal Contract Tower,17,25,18,0,60,0,0,59,0,59,17,25,77,0,119,64,0,64,183
12/04/2009,BZN,MT,ANM,WE,Federal Contract Tower,17,20,6,2,45,0,0,70,0,70,17,20,76,2,115,106,0,106,221
12/05/2009,BZN,MT,ANM,WE,Federal Contract Tower,14,12,6,0,32,0,0,0,0,0,14,12,6,0,32,0,0,0,32
12/06/2009,BZN,MT,ANM,WE,Federal Contract Tower,10,19,6,0,35,0,0,2,0,2,10,19,8,0,37,0,0,0,37
12/07/2009,BZN,MT,ANM,WE,Federal Contract Tower,16,17,8,0,41,0,0,7,0,7,16,17,15,0,48,0,0,0,48
12/08/2009,BZN,MT,ANM,WE,Federal Contract Tower,13,17,4,0,34,0,0,10,0,10,13,17,14,0,44,0,0,0,44
12/09/2009,BZN,MT,ANM,WE,Federal Contract Tower,16,23,9,0,48,0,0,4,0,4,16,23,13,0,52,0,0,0,52
12/10/2009,BZN,MT,ANM,WE,Federal Contract Tower,16,20,11,0,47,0,1,26,0,27,16,21,37,0,74,30,0,30,104
12/11/2009,BZN,MT,ANM,WE,Federal Contract Tower,18,24,6,2,50,0,0,58,0,58,18,24,64,2,108,76,0,76,184
12/12/2009,BZN,MT,ANM,WE,Federal Contract Tower,11,16,3,1,31,0,0,53,0,53,11,16,56,1,84,114,0,114,198
12/13/2009,BZN,MT,ANM,WE,Federal Contract Tower,11,21,3,0,35,0,0,16,0,16,11,21,19,0,51,74,0,74,125
12/14/2009,BZN,MT,ANM,WE,Federal Contract Tower,18,20,12,1,51,0,0,12,0,12,18,20,24,1,63,26,0,26,89
12/15/2009,BZN,MT,ANM,WE,Federal Contract Tower,14,22,10,0,46,0,3,38,0,41,14,25,48,0,87,82,0,82,169
12/16/2009,BZN,MT,ANM,WE,Federal Contract Tower,14,25,15,0,54,0,0,51,0,51,14,25,66,0,105,92,0,92,197
12/17/2009,BZN,MT,ANM,WE,Federal Contract Tower,23,24,22,1,70,0,0,41,0,41,23,24,63,1,111,60,0,60,171
12/18/2009,BZN,MT,ANM,WE,Federal Contract Tower,22,42,30,0,94,0,0,86,0,86,22,42,116,0,180,98,0,98,278
12/19/2009,BZN,MT,ANM,WE,Federal Contract Tower,26,25,17,0,68,0,0,50,0,50,26,25,67,0,118,30,0,30,148
12/20/2009,BZN,MT,ANM,WE,Federal Contract Tower,27,28,14,1,70,0,2,24,0,26,27,30,38,1,96,34,0,34,130
12/21/2009,BZN,MT,ANM,WE,Federal Contract Tower,24,37,21,0,82,0,0,34,0,34,24,37,55,0,116,52,0,52,168
12/22/2009,BZN,MT,ANM,WE,Federal Contract Tower,30,30,14,0,74,0,8,35,0,43,30,38,49,0,117,62,0,62,179
12/23/2009,BZN,MT,ANM,WE,Federal Contract Tower,21,32,22,0,75,0,1,2,0,3,21,33,24,0,78,16,0,16,94
12/24/2009,BZN,MT,ANM,WE,Federal Contract Tower,20,22,12,0,54,0,1,20,0,21,20,23,32,0,75,20,0,20,95
12/25/2009,BZN,MT,ANM,WE,Federal Contract Tower,23,18,7,0,48,0,0,2,0,2,23,18,9,0,50,0,0,0,50
12/26/2009,BZN,MT,ANM,WE,Federal Contract Tower,28,35,39,0,102,0,0,54,0,54,28,35,93,0,156,42,0,42,198
12/27/2009,BZN,MT,ANM,WE,Federal Contract Tower,24,36,39,1,100,0,0,57,0,57,24,36,96,1,157,6,0,6,163
12/28/2009,BZN,MT,ANM,WE,Federal Contract Tower,26,25,13,1,65,0,0,38,0,38,26,25,51,1,103,20,0,20,123
12/29/2009,BZN,MT,ANM,WE,Federal Contract Tower,23,33,14,1,71,0,0,70,0,70,23,33,84,1,141,116,0,116,257
12/30/2009,BZN,MT,ANM,WE,Federal Contract Tower,25,35,20,0,80,0,0,43,2,45,25,35,63,2,125,116,0,116,241
12/31/2009,BZN,MT,ANM,WE,Federal Contract Tower,22,29,7,0,58,0,0,33,0,33,22,29,40,0,91,80,0,80,171
01/01/2010,BZN,MT,ANM,WE,Federal Contract Tower,25,31,12,0,68,0,0,17,0,17,25,31,29,0,85,30,0,30,115
01/02/2010,BZN,MT,ANM,WE,Federal Contract Tower,26,53,41,1,121,0,0,51,0,51,26,53,92,1,172,166,0,166,338
01/03/2010,BZN,MT,ANM,WE,Federal Contract Tower,26,36,33,1,96,0,2,77,0,79,26,38,110,1,175,52,0,52,227
01/04/2010,BZN,MT,ANM,WE,Federal Contract Tower,22,33,30,0,85,0,0,13,0,13,22,33,43,0,98,68,0,68,166
01/05/2010,BZN,MT,ANM,WE,Federal Contract Tower,15,38,13,0,66,0,1,1,0,2,15,39,14,0,68,0,0,0,68
01/06/2010,BZN,MT,ANM,WE,Federal Contract Tower,14,28,11,0,53,0,1,16,0,17,14,29,27,0,70,10,0,10,80
01/07/2010,BZN,MT,ANM,WE,Federal Contract Tower,18,27,5,0,50,0,1,17,0,18,18,28,22,0,68,0,0,0,68
01/08/2010,BZN,MT,ANM,WE,Federal Contract Tower,22,29,4,0,55,0,0,42,0,42,22,29,46,0,97,76,0,76,173
01/09/2010,BZN,MT,ANM,WE,Federal Contract Tower,23,22,9,0,54,0,0,42,0,42,23,22,51,0,96,32,0,32,128
01/10/2010,BZN,MT,ANM,WE,Federal Contract Tower,21,21,7,0,49,0,0,73,0,73,21,21,80,0,122,118,0,118,240
01/11/2010,BZN,MT,ANM,WE,Federal Contract Tower,20,27,13,2,62,0,14,52,0,66,20,41,65,2,128,60,0,60,188
01/12/2010,BZN,MT,ANM,WE,Federal Contract Tower,14,29,12,0,55,0,23,42,2,67,14,52,54,2,122,88,0,88,210
01/13/2010,BZN,MT,ANM,WE,Federal Contract Tower,14,29,8,0,51,0,0,60,0,60,14,29,68,0,111,56,0,56,167
01/14/2010,BZN,MT,ANM,WE,Federal Contract Tower,20,33,16,0,69,0,0,40,0,40,20,33,56,0,109,72,0,72,181
01/15/2010,BZN,MT,ANM,WE,Federal Contract Tower,22,46,24,0,92,0,0,64,2,66,22,46,88,2,158,74,0,74,232
01/16/2010,BZN,MT,ANM,WE,Federal Contract Tower,23,24,5,0,52,0,1,51,0,52,23,25,56,0,104,78,0,78,182
01/17/2010,BZN,MT,ANM,WE,Federal Contract Tower,18,25,7,0,50,0,0,55,0,55,18,25,62,0,105,84,0,84,189
01/18/2010,BZN,MT,ANM,WE,Federal Contract Tower,22,48,22,0,92,0,0,34,0,34,22,48,56,0,126,42,0,42,168
01/19/2010,BZN,MT,ANM,WE,Federal Contract Tower,16,30,12,0,58,0,0,21,0,21,16,30,33,0,79,70,0,70,149
01/20/2010,BZN,MT,ANM,WE,Federal Contract Tower,14,35,11,0,60,0,0,73,0,73,14,35,84,0,133,118,0,118,251
01/21/2010,BZN,MT,ANM,WE,Federal Contract Tower,18,31,13,0,62,0,0,68,0,68,18,31,81,0,130,94,0,94,224
01/22/2010,BZN,MT,ANM,WE,Federal Contract Tower,20,30,25,0,75,0,0,0,0,0,20,30,25,0,75,0,0,0,75
01/23/2010,BZN,MT,ANM,WE,Federal Contract Tower,23,27,4,0,54,0,0,0,0,0,23,27,4,0,54,0,0,0,54
01/24/2010,BZN,MT,ANM,WE,Federal Contract Tower,17,25,8,0,50,0,0,5,0,5,17,25,13,0,55,33,0,33,88
01/25/2010,BZN,MT,ANM,WE,Federal Contract Tower,17,28,10,0,55,0,0,21,0,21,17,28,31,0,76,30,0,30,106
01/26/2010,BZN,MT,ANM,WE,Federal Contract Tower,17,26,8,0,51,0,3,1,0,4,17,29,9,0,55,6,0,6,61
01/27/2010,BZN,MT,ANM,WE,Federal Contract Tower,11,32,13,0,56,0,1,31,0,32,11,33,44,0,88,78,0,78,166
01/28/2010,BZN,MT,ANM,WE,Federal Contract Tower,20,28,16,0,64,0,0,48,0,48,20,28,64,0,112,36,0,36,148
01/29/2010,BZN,MT,ANM,WE,Federal Contract Tower,19,28,11,0,58,0,0,60,0,60,19,28,71,0,118,108,0,108,226
01/30/2010,BZN,MT,ANM,WE,Federal Contract Tower,21,21,10,0,52,0,0,36,0,36,21,21,46,0,88,4,0,4,92
01/31/2010,BZN,MT,ANM,WE,Federal Contract Tower,18,28,12,0,58,0,0,0,0,0,18,28,12,0,58,0,0,0,58
02/01/2010,BZN,MT,ANM,WE,Federal Contract Tower,19,23,16,0,58,0,0,24,0,24,19,23,40,0,82,22,0,22,104
02/02/2010,BZN,MT,ANM,WE,Federal Contract Tower,14,30,6,0,50,0,0,34,0,34,14,30,40,0,84,48,0,48,132
02/03/2010,BZN,MT,ANM,WE,Federal Contract Tower,14,36,18,0,68,0,0,77,0,77,14,36,95,0,145,112,0,112,257
02/04/2010,BZN,MT,ANM,WE,Federal Contract Tower,16,33,12,0,61,0,0,20,0,20,16,33,32,0,81,10,0,10,91
02/05/2010,BZN,MT,ANM,WE,Federal Contract Tower,23,32,12,0,67,0,0,29,0,29,23,32,41,0,96,53,2,55,151
02/06/2010,BZN,MT,ANM,WE,Federal Contract Tower,20,17,6,2,45,0,0,13,0,13,20,17,19,2,58,6,0,6,64
02/07/2010,BZN,MT,ANM,WE,Federal Contract Tower,22,16,10,0,48,0,0,4,0,4,22,16,14,0,52,0,0,0,52
02/08/2010,BZN,MT,ANM,WE,Federal Contract Tower,19,27,27,0,73,0,0,5,0,5,19,27,32,0,78,14,0,14,92
02/09/2010,BZN,MT,ANM,WE,Federal Contract Tower,14,32,13,0,59,0,0,75,0,75,14,32,88,0,134,158,0,158,292
02/10/2010,BZN,MT,ANM,WE,Federal Contract Tower,15,32,12,0,59,0,0,70,0,70,15,32,82,0,129,102,0,102,231
02/11/2010,BZN,MT,ANM,WE,Federal Contract Tower,24,47,23,0,94,0,0,47,2,49,24,47,70,2,143,48,0,48,191
02/12/2010,BZN,MT,ANM,WE,Federal Contract Tower,30,62,26,0,118,0,0,30,0,30,30,62,56,0,148,66,0,66,214
02/13/2010,BZN,MT,ANM,WE,Federal Contract Tower,30,26,15,0,71,0,0,41,0,41,30,26,56,0,112,36,0,36,148
02/14/2010,BZN,MT,ANM,WE,Federal Contract Tower,24,18,13,0,55,0,0,74,0,74,24,18,87,0,129,46,0,46,175
02/15/2010,BZN,MT,ANM,WE,Federal Contract Tower,30,36,42,0,108,0,0,4,0,4,30,36,46,0,112,4,0,4,116
02/16/2010,BZN,MT,ANM,WE,Federal Contract Tower,25,31,17,0,73,0,0,49,0,49,25,31,66,0,122,48,0,48,170
02/17/2010,BZN,MT,ANM,WE,Federal Contract Tower,24,38,7,0,69,0,0,20,0,20,24,38,27,0,89,34,0,34,123
02/18/2010,BZN,MT,ANM,WE,Federal Contract Tower,25,31,22,2,80,0,0,22,0,22,25,31,44,2,102,30,0,30,132
02/19/2010,BZN,MT,ANM,WE,Federal Contract Tower,29,33,19,0,81,0,0,24,0,24,29,33,43,0,105,30,0,30,135
02/20/2010,BZN,MT,ANM,WE,Federal Contract Tower,30,30,10,0,70,0,0,30,0,30,30,30,40,0,100,100,0,100,200
02/21/2010,BZN,MT,ANM,WE,Federal Contract Tower,28,27,24,0,79,0,0,60,0,60,28,27,84,0,139,90,0,90,229
02/22/2010,BZN,MT,ANM,WE,Federal Contract Tower,28,28,15,0,71,0,0,72,0,72,28,28,87,0,143,74,0,74,217
02/23/2010,BZN,MT,ANM,WE,Federal Contract Tower,26,24,7,0,57,0,0,109,0,109,26,24,116,0,166,80,0,80,246
02/24/2010,BZN,MT,ANM,WE,Federal Contract Tower,25,30,12,0,67,0,0,63,0,63,25,30,75,0,130,122,0,122,252
02/25/2010,BZN,MT,ANM,WE,Federal Contract Tower,27,33,22,0,82,0,0,48,0,48,27,33,70,0,130,42,0,42,172
02/26/2010,BZN,MT,ANM,WE,Federal Contract Tower,27,25,24,0,76,0,0,103,0,103,27,25,127,0,179,154,0,154,333
02/27/2010,BZN,MT,ANM,WE,Federal Contract Tower,29,20,9,0,58,0,2,55,0,57,29,22,64,0,115,80,0,80,195
02/28/2010,BZN,MT,ANM,WE,Federal Contract Tower,26,18,25,0,69,0,0,81,0,81,26,18,106,0,150,84,0,84,234
03/01/2010,BZN,MT,ANM,WE,Federal Contract Tower,28,18,19,0,65,0,0,88,0,88,28,18,107,0,153,120,0,120,273
03/02/2010,BZN,MT,ANM,WE,Federal Contract Tower,26,24,10,0,60,0,0,82,1,83,26,24,92,1,143,96,0,96,239
03/03/2010,BZN,MT,ANM,WE,Federal Contract Tower,25,24,10,0,59,0,0,80,0,80,25,24,90,0,139,90,0,90,229
03/04/2010,BZN,MT,ANM,WE,Federal Contract Tower,25,26,11,0,62,0,0,72,0,72,25,26,83,0,134,38,0,38,172
03/05/2010,BZN,MT,ANM,WE,Federal Contract Tower,26,27,20,0,73,0,0,38,0,38,26,27,58,0,111,54,0,54,165
03/06/2010,BZN,MT,ANM,WE,Federal Contract Tower,30,23,16,0,69,0,0,122,0,122,30,23,138,0,191,142,0,142,333
03/07/2010,BZN,MT,ANM,WE,Federal Contract Tower,24,28,20,2,74,0,0,93,1,94,24,28,113,3,168,70,0,70,238
03/08/2010,BZN,MT,ANM,WE,Federal Contract Tower,29,18,11,0,58,0,0,69,2,71,29,18,80,2,129,116,0,116,245
03/09/2010,BZN,MT,ANM,WE,Federal Contract Tower,24,23,7,0,54,0,0,41,0,41,24,23,48,0,95,64,0,64,159
03/10/2010,BZN,MT,ANM,WE,Federal Contract Tower,26,28,10,0,64,0,0,25,0,25,26,28,35,0,89,20,0,20,109
03/11/2010,BZN,MT,ANM,WE,Federal Contract Tower,26,34,18,0,78,0,0,91,0,91,26,34,109,0,169,84,0,84,253
03/12/2010,BZN,MT,ANM,WE,Federal Contract Tower,29,34,25,0,88,0,0,96,0,96,29,34,121,0,184,74,0,74,258
03/13/2010,BZN,MT,ANM,WE,Federal Contract Tower,30,29,9,0,68,0,0,11,0,11,30,29,20,0,79,4,0,4,83
03/14/2010,BZN,MT,ANM,WE,Federal Contract Tower,24,36,19,0,79,0,0,60,0,60,24,36,79,0,139,64,0,64,203
03/15/2010,BZN,MT,ANM,WE,Federal Contract Tower,28,20,8,0,56,0,0,92,0,92,28,20,100,0,148,68,0,68,216
03/16/2010,BZN,MT,ANM,WE,Federal Contract Tower,24,31,8,0,63,0,0,114,0,114,24,31,122,0,177,104,0,104,281
03/17/2010,BZN,MT,ANM,WE,Federal Contract Tower,26,29,18,0,73,0,0,96,0,96,26,29,114,0,169,80,0,80,249
03/18/2010,BZN,MT,ANM,WE,Federal Contract Tower,26,30,12,0,68,0,0,46,0,46,26,30,58,0,114,54,0,54,168
03/19/2010,BZN,MT,ANM,WE,Federal Contract Tower,29,33,8,0,70,0,0,25,0,25,29,33,33,0,95,50,0,50,145
03/20/2010,BZN,MT,ANM,WE,Federal Contract Tower,29,37,12,0,78,0,2,89,0,91,29,39,101,0,169,66,0,66,235
03/21/2010,BZN,MT,ANM,WE,Federal Contract Tower,25,35,21,0,81,0,0,101,0,101,25,35,122,0,182,70,0,70,252
03/22/2010,BZN,MT,ANM,WE,Federal Contract Tower,29,24,20,0,73,0,0,5,0,5,29,24,25,0,78,32,0,32,110
03/23/2010,BZN,MT,ANM,WE,Federal Contract Tower,27,25,13,0,65,0,0,59,0,59,27,25,72,0,124,114,0,114,238
03/24/2010,BZN,MT,ANM,WE,Federal Contract Tower,23,25,15,0,63,0,0,139,0,139,23,25,154,0,202,108,0,108,310
03/25/2010,BZN,MT,ANM,WE,Federal Contract Tower,27,31,10,0,68,0,0,85,0,85,27,31,95,0,153,48,0,48,201
03/26/2010,BZN,MT,ANM,WE,Federal Contract Tower,30,38,6,0,74,0,0,31,2,33,30,38,37,2,107,46,0,46,153
03/27/2010,BZN,MT,ANM,WE,Federal Contract Tower,29,32,16,0,77,0,0,103,2,105,29,32,119,2,182,76,0,76,258
03/28/2010,BZN,MT,ANM,WE,Federal Contract Tower,18,30,14,0,62,0,0,84,0,84,18,30,98,0,146,108,0,108,254
03/29/2010,BZN,MT,ANM,WE,Federal Contract Tower,20,23,8,0,51,0,0,26,0,26,20,23,34,0,77,28,0,28,105
03/30/2010,BZN,MT,ANM,WE,Federal Contract Tower,18,25,7,0,50,0,0,0,0,0,18,25,7,0,50,0,0,0,50
03/31/2010,BZN,MT,ANM,WE,Federal Contract Tower,19,37,8,0,64,0,0,79,0,79,19,37,87,0,143,96,0,96,239
04/01/2010,BZN,MT,ANM,WE,Federal Contract Tower,18,32,18,2,70,0,0,25,0,25,18,32,43,2,95,56,0,56,151
04/02/2010,BZN,MT,ANM,WE,Federal Contract Tower,20,38,12,0,70,0,0,77,0,77,20,38,89,0,147,44,0,44,191
04/03/2010,BZN,MT,ANM,WE,Federal Contract Tower,24,30,9,0,63,0,0,5,0,5,24,30,14,0,68,0,0,0,68
04/04/2010,BZN,MT,ANM,WE,Federal Contract Tower,16,24,16,0,56,0,0,37,0,37,16,24,53,0,93,20,0,20,113
04/05/2010,BZN,MT,ANM,WE,Federal Contract Tower,19,28,18,0,65,0,0,33,0,33,19,28,51,0,98,100,0,100,198
04/06/2010,BZN,MT,ANM,WE,Federal Contract Tower,15,31,7,0,53,0,0,0,0,0,15,31,7,0,53,0,0,0,53
04/07/2010,BZN,MT,ANM,WE,Federal Contract Tower,16,25,10,0,51,0,0,107,0,107,16,25,117,0,158,128,0,128,286
04/08/2010,BZN,MT,ANM,WE,Federal Contract Tower,14,26,15,0,55,0,1,44,0,45,14,27,59,0,100,78,0,78,178
04/09/2010,BZN,MT,ANM,WE,Federal Contract Tower,15,35,15,0,65,0,0,99,0,99,15,35,114,0,164,100,0,100,264
04/10/2010,BZN,MT,ANM,WE,Federal Contract Tower,12,19,7,0,38,0,1,108,0,109,12,20,115,0,147,84,0,84,231
04/11/2010,BZN,MT,ANM,WE,Federal Contract Tower,14,31,26,0,71,0,0,19,2,21,14,31,45,2,92,12,0,12,104
04/12/2010,BZN,MT,ANM,WE,Federal Contract Tower,15,25,11,0,51,0,0,57,0,57,15,25,68,0,108,46,0,46,154
04/13/2010,BZN,MT,ANM,WE,Federal Contract Tower,12,25,5,0,42,0,0,0,0,0,12,25,5,0,42,0,0,0,42
04/14/2010,BZN,MT,ANM,WE,Federal Contract Tower,18,25,8,0,51,0,0,64,0,64,18,25,72,0,115,74,0,74,189
04/15/2010,BZN,MT,ANM,WE,Federal Contract Tower,12,33,13,0,58,0,0,111,0,111,12,33,124,0,169,170,0,170,339
04/16/2010,BZN,MT,ANM,WE,Federal Contract Tower,14,26,7,0,47,0,0,119,0,119,14,26,126,0,166,112,0,112,278
04/17/2010,BZN,MT,ANM,WE,Federal Contract Tower,12,17,4,0,33,0,0,60,0,60,12,17,64,0,93,70,0,70,163
04/18/2010,BZN,MT,ANM,WE,Federal Contract Tower,13,17,2,0,32,0,0,87,0,87,13,17,89,0,119,112,0,112,231
04/19/2010,BZN,MT,ANM,WE,Federal Contract Tower,15,24,4,0,43,0,0,53,5,58,15,24,57,5,101,100,0,100,201
04/20/2010,BZN,MT,ANM,WE,Federal Contract Tower,16,26,7,0,49,0,0,78,0,78,16,26,85,0,127,86,0,86,213
04/21/2010,BZN,MT,ANM,WE,Federal Contract Tower,12,23,9,0,44,0,0,42,0,42,12,23,51,0,86,126,0,126,212
04/22/2010,BZN,MT,ANM,WE,Federal Contract Tower,12,22,14,0,48,0,0,30,0,30,12,22,44,0,78,4,0,4,82
04/23/2010,BZN,MT,ANM,WE,Federal Contract Tower,15,27,8,0,50,0,0,55,2,57,15,27,63,2,107,110,0,110,217
04/24/2010,BZN,MT,ANM,WE,Federal Contract Tower,13,19,5,0,37,0,0,58,0,58,13,19,63,0,95,54,0,54,149
04/25/2010,BZN,MT,ANM,WE,Federal Contract Tower,13,17,8,0,38,0,0,42,0,42,13,17,50,0,80,50,0,50,130
04/26/2010,BZN,MT,ANM,WE,Federal Contract Tower,14,20,10,0,44,0,0,68,0,68,14,20,78,0,112,146,0,146,258
04/27/2010,BZN,MT,ANM,WE,Federal Contract Tower,13,21,3,0,37,0,0,35,0,35,13,21,38,0,72,72,0,72,144
04/28/2010,BZN,MT,ANM,WE,Federal Contract Tower,12,26,8,0,46,0,1,1,0,2,12,27,9,0,48,0,0,0,48
04/29/2010,BZN,MT,ANM,WE,Federal Contract Tower,10,24,2,0,36,0,0,0,0,0,10,24,2,0,36,0,0,0,36
04/30/2010,BZN,MT,ANM,WE,Federal Contract Tower,18,24,6,0,48,0,0,4,0,4,18,24,10,0,52,30,0,30,82
05/01/2010,BZN,MT,ANM,WE,Federal Contract Tower,16,17,5,0,38,0,0,10,0,10,16,17,15,0,48,10,0,10,58
05/02/2010,BZN,MT,ANM,WE,Federal Contract Tower,16,16,4,2,38,0,0,16,0,16,16,16,20,2,54,10,0,10,64
05/03/2010,BZN,MT,ANM,WE,Federal Contract Tower,18,15,13,0,46,0,0,16,0,16,18,15,29,0,62,26,0,26,88
05/04/2010,BZN,MT,ANM,WE,Federal Contract Tower,14,26,12,0,52,0,0,6,0,6,14,26,18,0,58,0,0,0,58
05/05/2010,BZN,MT,ANM,WE,Federal Contract Tower,16,22,12,0,50,0,0,46,0,46,16,22,58,0,96,100,0,100,196
05/06/2010,BZN,MT,ANM,WE,Federal Contract Tower,15,22,19,0,56,0,0,0,0,0,15,22,19,0,56,0,0,0,56
05/07/2010,BZN,MT,ANM,WE,Federal Contract Tower,14,29,5,0,48,0,1,81,0,82,14,30,86,0,130,130,0,130,260
05/08/2010,BZN,MT,ANM,WE,Federal Contract Tower,16,14,3,0,33,0,0,81,0,81,16,14,84,0,114,84,0,84,198
05/09/2010,BZN,MT,ANM,WE,Federal Contract Tower,17,17,10,0,44,0,0,65,0,65,17,17,75,0,109,66,0,66,175
05/10/2010,BZN,MT,ANM,WE,Federal Contract Tower,19,25,9,0,53,0,0,49,0,49,19,25,58,0,102,44,0,44,146
05/11/2010,BZN,MT,ANM,WE,Federal Contract Tower,13,29,10,2,54,0,0,19,0,19,13,29,29,2,73,30,0,30,103
05/12/2010,BZN,MT,ANM,WE,Federal Contract Tower,13,27,8,0,48,0,0,56,0,56,13,27,64,0,104,112,0,112,216
05/13/2010,BZN,MT,ANM,WE,Federal Contract Tower,14,22,11,0,47,0,0,122,0,122,14,22,133,0,169,192,0,192,361
05/14/2010,BZN,MT,ANM,WE,Federal Contract Tower,16,26,4,0,46,0,0,132,0,132,16,26,136,0,178,174,0,174,352
05/15/2010,BZN,MT,ANM,WE,Federal Contract Tower,17,16,6,5,44,0,2,211,0,213,17,18,217,5,257,6,0,6,263
05/16/2010,BZN,MT,ANM,WE,Federal Contract Tower,17,13,6,1,37,0,0,100,0,100,17,13,106,1,137,68,0,68,205
05/17/2010,BZN,MT,ANM,WE,Federal Contract Tower,16,18,8,0,42,0,0,103,0,103,16,18,111,0,145,116,0,116,261
05/18/2010,BZN,MT,ANM,WE,Federal Contract Tower,14,24,7,0,45,0,0,98,0,98,14,24,105,0,143,88,0,88,231
05/19/2010,BZN,MT,ANM,WE,Federal Contract Tower,14,20,17,0,51,0,0,80,0,80,14,20,97,0,131,150,0,150,281
05/20/2010,BZN,MT,ANM,WE,Federal Contract Tower,15,26,8,0,49,0,0,19,0,19,15,26,27,0,68,76,0,76,144
05/21/2010,BZN,MT,ANM,WE,Federal Contract Tower,16,29,14,2,61,0,1,88,0,89,16,30,102,2,150,176,0,176,326
05/22/2010,BZN,MT,ANM,WE,Federal Contract Tower,17,17,0,0,34,0,0,0,0,0,17,17,0,0,34,6,0,6,40
05/23/2010,BZN,MT,ANM,WE,Federal Contract Tower,17,20,7,0,44,0,0,44,0,44,17,20,51,0,88,64,0,64,152
05/24/2010,BZN,MT,ANM,WE,Federal Contract Tower,15,24,15,0,54,0,0,6,0,6,15,24,21,0,60,26,0,26,86
05/25/2010,BZN,MT,ANM,WE,Federal Contract Tower,14,31,11,0,56,0,0,60,0,60,14,31,71,0,116,102,0,102,218
05/26/2010,BZN,MT,ANM,WE,Federal Contract Tower,14,26,10,0,50,0,4,111,0,115,14,30,121,0,165,232,0,232,397
05/27/2010,BZN,MT,ANM,WE,Federal Contract Tower,18,26,11,1,56,0,1,41,0,42,18,27,52,1,98,184,0,184,282
05/28/2010,BZN,MT,ANM,WE,Federal Contract Tower,15,27,29,0,71,0,0,1,0,1,15,27,30,0,72,0,0,0,72
05/29/2010,BZN,MT,ANM,WE,Federal Contract Tower,17,12,8,0,37,0,0,4,0,4,17,12,12,0,41,0,0,0,41
05/30/2010,BZN,MT,ANM,WE,Federal Contract Tower,20,9,3,2,34,0,0,43,1,44,20,9,46,3,78,14,0,14,92
05/31/2010,BZN,MT,ANM,WE,Federal Contract Tower,17,15,12,0,44,0,0,69,0,69,17,15,81,0,113,58,0,58,171
06/01/2010,BZN,MT,ANM,WE,Federal Contract Tower,14,20,11,0,45,0,0,39,0,39,14,20,50,0,84,122,0,122,206
06/02/2010,BZN,MT,ANM,WE,Federal Contract Tower,16,24,18,0,58,0,0,70,1,71,16,24,88,1,129,110,0,110,239
06/03/2010,BZN,MT,ANM,WE,Federal Contract Tower,13,29,11,0,53,0,1,47,0,48,13,30,58,0,101,54,0,54,155
06/04/2010,BZN,MT,ANM,WE,Federal Contract Tower,17,29,9,0,55,0,0,43,0,43,17,29,52,0,98,66,0,66,164
06/05/2010,BZN,MT,ANM,WE,Federal Contract Tower,17,16,7,0,40,0,2,115,0,117,17,18,122,0,157,40,0,40,197
06/06/2010,BZN,MT,ANM,WE,Federal Contract Tower,19,22,7,0,48,0,0,61,0,61,19,22,68,0,109,36,0,36,145
06/07/2010,BZN,MT,ANM,WE,Federal Contract Tower,20,23,17,0,60,0,0,51,0,51,20,23,68,0,111,46,0,46,157
06/08/2010,BZN,MT,ANM,WE,Federal Contract Tower,16,30,12,0,58,0,0,146,2,148,16,30,158,2,206,144,0,144,350
06/09/2010,BZN,MT,ANM,WE,Federal Contract Tower,17,30,9,0,56,0,0,84,0,84,17,30,93,0,140,166,0,166,306
06/10/2010,BZN,MT,ANM,WE,Federal Contract Tower,22,31,9,4,66,0,0,64,0,64,22,31,73,4,130,62,0,62,192
06/11/2010,BZN,MT,ANM,WE,Federal Contract Tower,21,30,20,0,71,0,0,31,0,31,21,30,51,0,102,44,0,44,146
06/12/2010,BZN,MT,ANM,WE,Federal Contract Tower,28,17,13,0,58,0,1,93,0,94,28,18,106,0,152,54,0,54,206
06/13/2010,BZN,MT,ANM,WE,Federal Contract Tower,28,21,19,0,68,0,0,136,0,136,28,21,155,0,204,52,0,52,256
06/14/2010,BZN,MT,ANM,WE,Federal Contract Tower,22,29,14,0,65,0,0,125,2,127,22,29,139,2,192,180,0,180,372
06/15/2010,BZN,MT,ANM,WE,Federal Contract Tower,19,33,1,2,55,0,0,84,1,85,19,33,85,3,140,82,0,82,222
06/16/2010,BZN,MT,ANM,WE,Federal Contract Tower,20,36,16,0,72,0,0,32,0,32,20,36,48,0,104,68,0,68,172
06/17/2010,BZN,MT,ANM,WE,Federal Contract Tower,20,35,15,0,70,0,0,41,0,41,20,35,56,0,111,42,0,42,153
06/18/2010,BZN,MT,ANM,WE,Federal Contract Tower,22,28,14,1,65,0,0,137,0,137,22,28,151,1,202,110,0,110,312
06/19/2010,BZN,MT,ANM,WE,Federal Contract Tower,28,20,8,0,56,0,0,75,2,77,28,20,83,2,133,92,0,92,225
06/20/2010,BZN,MT,ANM,WE,Federal Contract Tower,27,27,7,0,61,0,0,79,0,79,27,27,86,0,140,102,0,102,242
06/21/2010,BZN,MT,ANM,WE,Federal Contract Tower,22,28,16,0,66,0,0,83,0,83,22,28,99,0,149,128,0,128,277
06/22/2010,BZN,MT,ANM,WE,Federal Contract Tower,19,28,16,0,63,0,0,120,0,120,19,28,136,0,183,130,0,130,313
06/23/2010,BZN,MT,ANM,WE,Federal Contract Tower,20,36,22,2,80,0,0,144,0,144,20,36,166,2,224,162,0,162,386
06/24/2010,BZN,MT,ANM,WE,Federal Contract Tower,20,34,11,0,65,0,0,122,0,122,20,34,133,0,187,216,0,216,403
06/25/2010,BZN,MT,ANM,WE,Federal Contract Tower,21,32,9,0,62,0,0,84,0,84,21,32,93,0,146,74,0,74,220
06/26/2010,BZN,MT,ANM,WE,Federal Contract Tower,26,25,15,0,66,0,0,130,0,130,26,25,145,0,196,74,0,74,270
06/27/2010,BZN,MT,ANM,WE,Federal Contract Tower,24,20,12,1,57,0,0,118,0,118,24,20,130,1,175,118,0,118,293
06/28/2010,BZN,MT,ANM,WE,Federal Contract Tower,22,33,11,0,66,0,0,115,0,115,22,33,126,0,181,72,0,72,253
06/29/2010,BZN,MT,ANM,WE,Federal Contract Tower,18,31,15,0,64,0,0,67,0,67,18,31,82,0,131,98,0,98,229
06/30/2010,BZN,MT,ANM,WE,Federal Contract Tower,22,40,14,0,76,0,0,72,0,72,22,40,86,0,148,98,0,98,246
07/01/2010,BZN,MT,ANM,WE,Federal Contract Tower,25,45,13,0,83,0,0,65,0,65,25,45,78,0,148,82,0,82,230
07/02/2010,BZN,MT,ANM,WE,Federal Contract Tower,27,52,12,0,91,0,0,97,1,98,27,52,109,1,189,114,0,114,303
07/03/2010,BZN,MT,ANM,WE,Federal Contract Tower,24,34,13,0,71,0,0,95,0,95,24,34,108,0,166,34,0,34,200
07/04/2010,BZN,MT,ANM,WE,Federal Contract Tower,23,13,5,0,41,0,0,120,0,120,23,13,125,0,161,38,0,38,199
07/05/2010,BZN,MT,ANM,WE,Federal Contract Tower,23,36,22,0,81,0,2,92,0,94,23,38,114,0,175,92,0,92,267
07/06/2010,BZN,MT,ANM,WE,Federal Contract Tower,20,36,16,0,72,0,0,58,0,58,20,36,74,0,130,76,0,76,206
07/07/2010,BZN,MT,ANM,WE,Federal Contract Tower,21,43,11,0,75,0,0,132,2,134,21,43,143,2,209,104,2,106,315
07/08/2010,BZN,MT,ANM,WE,Federal Contract Tower,21,40,19,0,80,0,0,150,0,150,21,40,169,0,230,96,0,96,326
07/09/2010,BZN,MT,ANM,WE,Federal Contract Tower,22,47,11,0,80,0,0,127,1,128,22,47,138,1,208,84,0,84,292
07/10/2010,BZN,MT,ANM,WE,Federal Contract Tower,30,29,12,0,71,0,1,93,1,95,30,30,105,1,166,40,0,40,206
07/11/2010,BZN,MT,ANM,WE,Federal Contract Tower,28,36,24,0,88,0,0,102,0,102,28,36,126,0,190,102,0,102,292
07/12/2010,BZN,MT,ANM,WE,Federal Contract Tower,22,40,17,1,80,0,0,66,0,66,22,40,83,1,146,44,0,44,190
07/13/2010,BZN,MT,ANM,WE,Federal Contract Tower,20,45,13,0,78,0,0,81,0,81,20,45,94,0,159,108,0,108,267
07/14/2010,BZN,MT,ANM,WE,Federal Contract Tower,19,43,16,0,78,0,0,109,0,109,19,43,125,0,187,168,0,168,355
07/15/2010,BZN,MT,ANM,WE,Federal Contract Tower,21,44,12,0,77,0,4,143,0,147,21,48,155,0,224,190,0,190,414
07/16/2010,BZN,MT,ANM,WE,Federal Contract Tower,23,41,11,0,75,0,0,82,0,82,23,41,93,0,157,90,0,90,247
07/17/2010,BZN,MT,ANM,WE,Federal Contract Tower,26,27,7,0,60,0,1,115,2,118,26,28,122,2,178,52,0,52,230
07/18/2010,BZN,MT,ANM,WE,Federal Contract Tower,24,26,21,0,71,0,0,123,0,123,24,26,144,0,194,86,0,86,280
07/19/2010,BZN,MT,ANM,WE,Federal Contract Tower,24,38,14,0,76,0,0,73,0,73,24,38,87,0,149,90,0,90,239
07/20/2010,BZN,MT,ANM,WE,Federal Contract Tower,22,36,8,0,66,0,0,95,0,95,22,36,103,0,161,108,0,108,269
07/21/2010,BZN,MT,ANM,WE,Federal Contract Tower,25,40,13,2,80,0,1,107,0,108,25,41,120,2,188,96,0,96,284
07/22/2010,BZN,MT,ANM,WE,Federal Contract Tower,25,40,16,1,82,0,1,113,0,114,25,41,129,1,196,84,0,84,280
07/23/2010,BZN,MT,ANM,WE,Federal Contract Tower,24,39,24,2,89,0,0,107,0,107,24,39,131,2,196,50,0,50,246
07/24/2010,BZN,MT,ANM,WE,Federal Contract Tower,29,31,12,0,72,0,2,110,0,112,29,33,122,0,184,66,0,66,250
07/25/2010,BZN,MT,ANM,WE,Federal Contract Tower,31,27,25,1,84,0,0,87,0,87,31,27,112,1,171,80,0,80,251
07/26/2010,BZN,MT,ANM,WE,Federal Contract Tower,23,38,18,0,79,0,0,93,2,95,23,38,111,2,174,92,0,92,266
07/27/2010,BZN,MT,ANM,WE,Federal Contract Tower,21,39,16,3,79,0,2,53,3,58,21,41,69,6,137,146,0,146,283
07/28/2010,BZN,MT,ANM,WE,Federal Contract Tower,23,38,16,1,78,0,0,99,0,99,23,38,115,1,177,176,0,176,353
07/29/2010,BZN,MT,ANM,WE,Federal Contract Tower,23,33,17,0,73,0,2,130,0,132,23,35,147,0,205,66,0,66,271
07/30/2010,BZN,MT,ANM,WE,Federal Contract Tower,24,37,17,2,80,0,0,139,0,139,24,37,156,2,219,56,0,56,275
07/31/2010,BZN,MT,ANM,WE,Federal Contract Tower,31,28,20,0,79,0,0,110,1,111,31,28,130,1,190,72,0,72,262
08/01/2010,BZN,MT,ANM,WE,Federal Contract Tower,30,27,20,2,79,0,1,138,0,139,30,28,158,2,218,62,0,62,280
08/02/2010,BZN,MT,ANM,WE,Federal Contract Tower,26,38,8,0,72,0,0,96,0,96,26,38,104,0,168,70,0,70,238
08/03/2010,BZN,MT,ANM,WE,Federal Contract Tower,22,41,14,0,77,0,0,98,0,98,22,41,112,0,175,64,0,64,239
08/04/2010,BZN,MT,ANM,WE,Federal Contract Tower,19,45,22,0,86,0,6,99,0,105,19,51,121,0,191,166,0,166,357
08/05/2010,BZN,MT,ANM,WE,Federal Contract Tower,24,54,14,0,92,4,1,123,0,128,28,55,137,0,220,104,0,104,324
08/06/2010,BZN,MT,ANM,WE,Federal Contract Tower,23,48,10,0,81,0,1,100,0,101,23,49,110,0,182,78,0,78,260
08/07/2010,BZN,MT,ANM,WE,Federal Contract Tower,31,43,11,0,85,0,0,117,0,117,31,43,128,0,202,108,0,108,310
08/08/2010,BZN,MT,ANM,WE,Federal Contract Tower,30,44,20,2,96,0,0,90,0,90,30,44,110,2,186,102,0,102,288
08/09/2010,BZN,MT,ANM,WE,Federal Contract Tower,24,38,13,0,75,0,0,58,0,58,24,38,71,0,133,128,0,128,261
08/10/2010,BZN,MT,ANM,WE,Federal Contract Tower,21,42,15,0,78,0,0,84,0,84,21,42,99,0,162,86,0,86,248
08/11/2010,BZN,MT,ANM,WE,Federal Contract Tower,19,55,14,0,88,0,0,91,0,91,19,55,105,0,179,150,0,150,329
08/12/2010,BZN,MT,ANM,WE,Federal Contract Tower,23,48,16,0,87,0,5,74,0,79,23,53,90,0,166,68,0,68,234
08/13/2010,BZN,MT,ANM,WE,Federal Contract Tower,23,53,14,0,90,0,0,39,0,39,23,53,53,0,129,38,0,38,167
08/14/2010,BZN,MT,ANM,WE,Federal Contract Tower,30,32,23,0,85,0,0,65,0,65,30,32,88,0,150,60,0,60,210
08/15/2010,BZN,MT,ANM,WE,Federal Contract Tower,28,38,32,0,98,0,0,134,0,134,28,38,166,0,232,24,0,24,256
08/16/2010,BZN,MT,ANM,WE,Federal Contract Tower,24,32,25,0,81,0,0,122,0,122,24,32,147,0,203,82,0,82,285
08/17/2010,BZN,MT,ANM,WE,Federal Contract Tower,22,42,10,0,74,0,0,111,0,111,22,42,121,0,185,136,0,136,321
08/18/2010,BZN,MT,ANM,WE,Federal Contract Tower,24,35,19,0,78,0,0,121,0,121,24,35,140,0,199,42,0,42,241
08/19/2010,BZN,MT,ANM,WE,Federal Contract Tower,25,41,18,0,84,0,2,79,2,83,25,43,97,2,167,106,0,106,273
08/20/2010,BZN,MT,ANM,WE,Federal Contract Tower,25,40,11,0,76,0,1,122,0,123,25,41,133,0,199,100,0,100,299
08/21/2010,BZN,MT,ANM,WE,Federal Contract Tower,29,26,18,0,73,0,0,41,0,41,29,26,59,0,114,16,0,16,130
08/22/2010,BZN,MT,ANM,WE,Federal Contract Tower,29,30,16,0,75,0,0,49,0,49,29,30,65,0,124,42,0,42,166
08/23/2010,BZN,MT,ANM,WE,Federal Contract Tower,22,34,19,2,77,0,0,74,0,74,22,34,93,2,151,88,0,88,239
08/24/2010,BZN,MT,ANM,WE,Federal Contract Tower,29,31,16,0,76,0,0,119,0,119,29,31,135,0,195,152,0,152,347
08/25/2010,BZN,MT,ANM,WE,Federal Contract Tower,24,35,12,0,71,0,2,96,0,98,24,37,108,0,169,98,0,98,267
08/26/2010,BZN,MT,ANM,WE,Federal Contract Tower,25,35,24,0,84,0,1,91,0,92,25,36,115,0,176,100,0,100,276
08/27/2010,BZN,MT,ANM,WE,Federal Contract Tower,26,34,9,0,69,0,0,86,0,86,26,34,95,0,155,88,0,88,243
08/28/2010,BZN,MT,ANM,WE,Federal Contract Tower,27,21,12,0,60,0,0,34,0,34,27,21,46,0,94,4,0,4,98
08/29/2010,BZN,MT,ANM,WE,Federal Contract Tower,25,22,23,0,70,0,0,28,0,28,25,22,51,0,98,0,0,0,98
08/30/2010,BZN,MT,ANM,WE,Federal Contract Tower,26,30,30,0,86,0,0,26,0,26,26,30,56,0,112,6,0,6,118
08/31/2010,BZN,MT,ANM,WE,Federal Contract Tower,24,30,12,0,66,0,0,91,0,91,24,30,103,0,157,110,0,110,267
09/01/2010,BZN,MT,ANM,WE,Federal Contract Tower,23,35,15,0,73,0,0,68,0,68,23,35,83,0,141,80,0,80,221
09/02/2010,BZN,MT,ANM,WE,Federal Contract Tower,25,31,18,0,74,0,0,119,0,119,25,31,137,0,193,60,0,60,253
09/03/2010,BZN,MT,ANM,WE,Federal Contract Tower,27,40,18,0,85,0,0,90,0,90,27,40,108,0,175,76,0,76,251
09/04/2010,BZN,MT,ANM,WE,Federal Contract Tower,26,29,11,0,66,0,0,100,0,100,26,29,111,0,166,16,0,16,182
09/05/2010,BZN,MT,ANM,WE,Federal Contract Tower,24,22,7,0,53,0,0,17,0,17,24,22,24,0,70,24,0,24,94
09/06/2010,BZN,MT,ANM,WE,Federal Contract Tower,27,28,16,0,71,0,0,75,0,75,27,28,91,0,146,34,0,34,180
09/07/2010,BZN,MT,ANM,WE,Federal Contract Tower,22,21,21,0,64,0,2,84,0,86,22,23,105,0,150,75,0,75,225
09/08/2010,BZN,MT,ANM,WE,Federal Contract Tower,21,32,26,0,79,0,0,68,0,68,21,32,94,0,147,82,0,82,229
09/09/2010,BZN,MT,ANM,WE,Federal Contract Tower,23,37,21,0,81,0,0,12,0,12,23,37,33,0,93,16,0,16,109
09/10/2010,BZN,MT,ANM,WE,Federal Contract Tower,21,32,18,0,71,0,0,56,0,56,21,32,74,0,127,50,0,50,177
09/11/2010,BZN,MT,ANM,WE,Federal Contract Tower,23,26,16,0,65,0,2,95,0,97,23,28,111,0,162,42,0,42,204
09/12/2010,BZN,MT,ANM,WE,Federal Contract Tower,20,32,13,0,65,0,0,119,0,119,20,32,132,0,184,78,0,78,262
09/13/2010,BZN,MT,ANM,WE,Federal Contract Tower,22,29,17,0,68,0,0,89,0,89,22,29,106,0,157,88,0,88,245
09/14/2010,BZN,MT,ANM,WE,Federal Contract Tower,22,29,9,2,62,0,1,84,2,87,22,30,93,4,149,142,2,144,293
09/15/2010,BZN,MT,ANM,WE,Federal Contract Tower,21,29,16,0,66,0,2,112,2,116,21,31,128,2,182,178,0,178,360
09/16/2010,BZN,MT,ANM,WE,Federal Contract Tower,22,29,20,0,71,0,0,63,2,65,22,29,83,2,136,136,0,136,272
09/17/2010,BZN,MT,ANM,WE,Federal Contract Tower,32,40,26,0,98,0,0,14,0,14,32,40,40,0,112,0,0,0,112
09/18/2010,BZN,MT,ANM,WE,Federal Contract Tower,27,21,14,0,62,0,0,50,0,50,27,21,64,0,112,16,0,16,128
09/19/2010,BZN,MT,ANM,WE,Federal Contract Tower,22,38,25,1,86,0,0,77,0,77,22,38,102,1,163,50,0,50,213
09/20/2010,BZN,MT,ANM,WE,Federal Contract Tower,21,25,12,0,58,0,0,73,0,73,21,25,85,0,131,90,0,90,221
09/21/2010,BZN,MT,ANM,WE,Federal Contract Tower,21,25,14,0,60,0,1,72,0,73,21,26,86,0,133,140,0,140,273
09/22/2010,BZN,MT,ANM,WE,Federal Contract Tower,19,36,17,0,72,0,1,18,0,19,19,37,35,0,91,32,0,32,123
09/23/2010,BZN,MT,ANM,WE,Federal Contract Tower,22,27,11,0,60,0,0,88,0,88,22,27,99,0,148,170,0,170,318
09/24/2010,BZN,MT,ANM,WE,Federal Contract Tower,24,25,13,0,62,0,0,113,0,113,24,25,126,0,175,78,0,78,253
09/25/2010,BZN,MT,ANM,WE,Federal Contract Tower,24,21,15,0,60,0,2,84,0,86,24,23,99,0,146,62,0,62,208
09/26/2010,BZN,MT,ANM,WE,Federal Contract Tower,22,18,16,0,56,0,2,93,0,95,22,20,109,0,151,20,0,20,171
09/27/2010,BZN,MT,ANM,WE,Federal Contract Tower,22,22,9,0,53,0,0,73,6,79,22,22,82,6,132,54,0,54,186
09/28/2010,BZN,MT,ANM,WE,Federal Contract Tower,22,26,5,0,53,0,1,86,0,87,22,27,91,0,140,146,0,146,286
09/29/2010,BZN,MT,ANM,WE,Federal Contract Tower,20,27,12,0,59,0,1,100,0,101,20,28,112,0,160,160,0,160,320
09/30/2010,BZN,MT,ANM,WE,Federal Contract Tower,23,24,16,0,63,0,0,72,0,72,23,24,88,0,135,91,0,91,226
10/01/2010,BZN,MT,ANM,WE,Federal Contract Tower,25,27,15,0,67,0,0,97,0,97,25,27,112,0,164,96,0,96,260
10/02/2010,BZN,MT,ANM,WE,Federal Contract Tower,28,15,6,0,49,0,3,68,0,71,28,18,74,0,120,50,0,50,170
10/03/2010,BZN,MT,ANM,WE,Federal Contract Tower,24,23,20,0,67,0,0,86,0,86,24,23,106,0,153,36,0,36,189
10/04/2010,BZN,MT,ANM,WE,Federal Contract Tower,23,23,13,2,61,0,0,61,0,61,23,23,74,2,122,72,0,72,194
10/05/2010,BZN,MT,ANM,WE,Federal Contract Tower,22,28,13,2,65,0,1,45,0,46,22,29,58,2,111,124,0,124,235
10/06/2010,BZN,MT,ANM,WE,Federal Contract Tower,20,22,16,0,58,0,0,85,0,85,20,22,101,0,143,140,0,140,283
10/07/2010,BZN,MT,ANM,WE,Federal Contract Tower,22,25,12,0,59,0,2,70,0,72,22,27,82,0,131,64,0,64,195
10/08/2010,BZN,MT,ANM,WE,Federal Contract Tower,25,23,13,0,61,0,0,57,0,57,25,23,70,0,118,50,0,50,168
10/09/2010,BZN,MT,ANM,WE,Federal Contract Tower,27,17,8,0,52,0,0,95,0,95,27,17,103,0,147,92,0,92,239
10/10/2010,BZN,MT,ANM,WE,Federal Contract Tower,22,14,7,0,43,0,0,66,0,66,22,14,73,0,109,70,0,70,179
10/11/2010,BZN,MT,ANM,WE,Federal Contract Tower,21,21,12,2,56,0,0,27,0,27,21,21,39,2,83,62,0,62,145
10/12/2010,BZN,MT,ANM,WE,Federal Contract Tower,22,22,6,0,50,0,0,68,0,68,22,22,74,0,118,150,0,150,268
10/13/2010,BZN,MT,ANM,WE,Federal Contract Tower,20,22,17,0,59,0,1,98,0,99,20,23,115,0,158,90,0,90,248
10/14/2010,BZN,MT,ANM,WE,Federal Contract Tower,22,26,13,0,61,0,0,78,0,78,22,26,91,0,139,148,0,148,287
10/15/2010,BZN,MT,ANM,WE,Federal Contract Tower,24,22,4,0,50,0,0,40,2,42,24,22,44,2,92,58,0,58,150
10/16/2010,BZN,MT,ANM,WE,Federal Contract Tower,24,13,9,0,46,0,2,66,0,68,24,15,75,0,114,66,0,66,180
10/17/2010,BZN,MT,ANM,WE,Federal Contract Tower,22,15,8,0,45,0,0,55,0,55,22,15,63,0,100,64,0,64,164
10/18/2010,BZN,MT,ANM,WE,Federal Contract Tower,22,25,8,0,55,0,0,64,0,64,22,25,72,0,119,180,0,180,299
10/19/2010,BZN,MT,ANM,WE,Federal Contract Tower,22,19,11,0,52,0,1,86,0,87,22,20,97,0,139,172,0,172,311
10/20/2010,BZN,MT,ANM,WE,Federal Contract Tower,20,23,12,0,55,0,0,79,0,79,20,23,91,0,134,112,0,112,246
10/21/2010,BZN,MT,ANM,WE,Federal Contract Tower,22,28,12,0,62,0,2,109,0,111,22,30,121,0,173,148,0,148,321
10/22/2010,BZN,MT,ANM,WE,Federal Contract Tower,25,26,12,1,64,0,0,127,1,128,25,26,139,2,192,192,0,192,384
10/23/2010,BZN,MT,ANM,WE,Federal Contract Tower,29,17,5,0,51,0,0,38,0,38,29,17,43,0,89,42,0,42,131
10/24/2010,BZN,MT,ANM,WE,Federal Contract Tower,22,23,11,0,56,0,0,15,0,15,22,23,26,0,71,28,0,28,99
10/25/2010,BZN,MT,ANM,WE,Federal Contract Tower,22,25,14,0,61,0,1,16,0,17,22,26,30,0,78,52,0,52,130
10/26/2010,BZN,MT,ANM,WE,Federal Contract Tower,24,22,8,0,54,0,2,34,0,36,24,24,42,0,90,62,0,62,152
10/27/2010,BZN,MT,ANM,WE,Federal Contract Tower,18,25,15,1,59,0,2,40,1,43,18,27,55,2,102,78,0,78,180
10/28/2010,BZN,MT,ANM,WE,Federal Contract Tower,22,25,11,0,58,0,0,73,0,73,22,25,84,0,131,120,0,120,251
10/29/2010,BZN,MT,ANM,WE,Federal Contract Tower,24,19,10,0,53,0,0,38,0,38,24,19,48,0,91,80,0,80,171
10/30/2010,BZN,MT,ANM,WE,Federal Contract Tower,26,21,4,0,51,0,2,56,0,58,26,23,60,0,109,34,0,34,143
10/31/2010,BZN,MT,ANM,WE,Federal Contract Tower,24,10,1,0,35,0,0,6,0,6,24,10,7,0,41,0,0,0,41
11/01/2010,BZN,MT,ANM,WE,Federal Contract Tower,22,20,8,0,50,0,0,33,0,33,22,20,41,0,83,100,0,100,183
11/02/2010,BZN,MT,ANM,WE,Federal Contract Tower,21,23,6,0,50,0,0,33,0,33,21,23,39,0,83,82,0,82,165
11/03/2010,BZN,MT,ANM,WE,Federal Contract Tower,17,28,7,0,52,0,0,106,0,106,17,28,113,0,158,158,0,158,316
11/04/2010,BZN,MT,ANM,WE,Federal Contract Tower,14,30,12,0,56,0,0,117,0,117,14,30,129,0,173,148,0,148,321
11/05/2010,BZN,MT,ANM,WE,Federal Contract Tower,12,33,7,2,54,0,0,99,4,103,12,33,106,6,157,166,0,166,323
11/06/2010,BZN,MT,ANM,WE,Federal Contract Tower,12,20,10,0,42,0,1,61,0,62,12,21,71,0,104,82,0,82,186
11/07/2010,BZN,MT,ANM,WE,Federal Contract Tower,14,20,14,0,48,0,0,28,0,28,14,20,42,0,76,48,0,48,124
11/08/2010,BZN,MT,ANM,WE,Federal Contract Tower,12,24,18,0,54,0,0,0,0,0,12,24,18,0,54,0,0,0,54
11/09/2010,BZN,MT,ANM,WE,Federal Contract Tower,13,34,13,0,60,0,0,24,0,24,13,34,37,0,84,64,0,64,148
11/10/2010,BZN,MT,ANM,WE,Federal Contract Tower,10,37,10,0,57,0,1,44,0,45,10,38,54,0,102,60,0,60,162
11/11/2010,BZN,MT,ANM,WE,Federal Contract Tower,10,30,13,0,53,0,0,64,0,64,10,30,77,0,117,98,0,98,215
11/12/2010,BZN,MT,ANM,WE,Federal Contract Tower,15,28,17,0,60,0,0,35,0,35,15,28,52,0,95,80,0,80,175
11/13/2010,BZN,MT,ANM,WE,Federal Contract Tower,15,28,12,0,55,0,0,61,0,61,15,28,73,0,116,110,0,110,226
11/14/2010,BZN,MT,ANM,WE,Federal Contract Tower,12,29,8,2,51,0,0,4,0,4,12,29,12,2,55,30,0,30,85
11/15/2010,BZN,MT,ANM,WE,Federal Contract Tower,13,29,7,0,49,0,0,36,0,36,13,29,43,0,85,58,0,58,143
11/16/2010,BZN,MT,ANM,WE,Federal Contract Tower,12,36,5,0,53,0,0,2,0,2,12,36,7,0,55,8,0,8,63
11/17/2010,BZN,MT,ANM,WE,Federal Contract Tower,10,37,12,2,61,0,2,55,0,57,10,39,67,2,118,154,0,154,272
11/18/2010,BZN,MT,ANM,WE,Federal Contract Tower,13,27,15,0,55,0,6,21,0,27,13,33,36,0,82,32,0,32,114
11/19/2010,BZN,MT,ANM,WE,Federal Contract Tower,14,35,27,0,76,0,0,1,0,1,14,35,28,0,77,24,0,24,101
11/20/2010,BZN,MT,ANM,WE,Federal Contract Tower,10,29,11,0,50,0,0,0,0,0,10,29,11,0,50,0,0,0,50
11/21/2010,BZN,MT,ANM,WE,Federal Contract Tower,11,24,11,0,46,0,0,18,0,18,11,24,29,0,64,172,0,172,236
11/22/2010,BZN,MT,ANM,WE,Federal Contract Tower,14,27,8,0,49,0,0,10,0,10,14,27,18,0,59,112,0,112,171
11/23/2010,BZN,MT,ANM,WE,Federal Contract Tower,12,29,16,0,57,0,0,0,0,0,12,29,16,0,57,0,0,0,57
11/24/2010,BZN,MT,ANM,WE,Federal Contract Tower,10,35,23,0,68,0,0,3,2,5,10,35,26,2,73,0,0,0,73
11/25/2010,BZN,MT,ANM,WE,Federal Contract Tower,11,11,7,0,29,0,0,2,0,2,11,11,9,0,31,0,0,0,31
11/26/2010,BZN,MT,ANM,WE,Federal Contract Tower,20,15,5,0,40,0,0,25,0,25,20,15,30,0,65,8,0,8,73
11/27/2010,BZN,MT,ANM,WE,Federal Contract Tower,14,27,7,0,48,0,0,26,0,26,14,27,33,0,74,16,0,16,90
11/28/2010,BZN,MT,ANM,WE,Federal Contract Tower,12,35,21,0,68,0,0,3,0,3,12,35,24,0,71,0,0,0,71
11/29/2010,BZN,MT,ANM,WE,Federal Contract Tower,15,25,8,0,48,0,0,38,0,38,15,25,46,0,86,60,0,60,146
11/30/2010,BZN,MT,ANM,WE,Federal Contract Tower,14,36,8,0,58,0,0,52,0,52,14,36,60,0,110,72,0,72,182
12/01/2010,BZN,MT,ANM,WE,Federal Contract Tower,9,30,12,0,51,0,1,40,0,41,9,31,52,0,92,66,0,66,158
12/02/2010,BZN,MT,ANM,WE,Federal Contract Tower,11,26,7,0,44,0,0,33,0,33,11,26,40,0,77,82,0,82,159
12/03/2010,BZN,MT,ANM,WE,Federal Contract Tower,13,30,2,0,45,0,0,19,0,19,13,30,21,0,64,66,0,66,130
12/04/2010,BZN,MT,ANM,WE,Federal Contract Tower,20,23,24,0,67,0,0,28,0,28,20,23,52,0,95,46,0,46,141
12/05/2010,BZN,MT,ANM,WE,Federal Contract Tower,12,19,8,0,39,0,0,36,10,46,12,19,44,10,85,24,0,24,109
12/06/2010,BZN,MT,ANM,WE,Federal Contract Tower,13,31,9,2,55,0,0,47,0,47,13,31,56,2,102,94,0,94,196
12/07/2010,BZN,MT,ANM,WE,Federal Contract Tower,12,28,11,0,51,0,1,66,0,67,12,29,77,0,118,126,0,126,244
12/08/2010,BZN,MT,ANM,WE,Federal Contract Tower,9,26,10,0,45,0,0,41,0,41,9,26,51,0,86,52,0,52,138
12/09/2010,BZN,MT,ANM,WE,Federal Contract Tower,11,30,9,0,50,0,0,48,0,48,11,30,57,0,98,64,0,64,162
12/10/2010,BZN,MT,ANM,WE,Federal Contract Tower,15,29,13,0,57,0,1,30,0,31,15,30,43,0,88,82,0,82,170
12/11/2010,BZN,MT,ANM,WE,Federal Contract Tower,12,20,5,1,38,0,0,57,0,57,12,20,62,1,95,84,0,84,179
12/12/2010,BZN,MT,ANM,WE,Federal Contract Tower,7,25,9,1,42,0,0,19,0,19,7,25,28,1,61,16,0,16,77
12/13/2010,BZN,MT,ANM,WE,Federal Contract Tower,12,29,15,0,56,0,0,32,2,34,12,29,47,2,90,60,4,64,154
12/14/2010,BZN,MT,ANM,WE,Federal Contract Tower,12,28,11,0,51,0,2,37,0,39,12,30,48,0,90,92,0,92,182
12/15/2010,BZN,MT,ANM,WE,Federal Contract Tower,10,29,12,0,51,0,1,45,0,46,10,30,57,0,97,58,0,58,155
12/16/2010,BZN,MT,ANM,WE,Federal Contract Tower,12,31,15,0,58,0,0,64,0,64,12,31,79,0,122,108,0,108,230
12/17/2010,BZN,MT,ANM,WE,Federal Contract Tower,23,43,26,0,92,0,0,83,0,83,23,43,109,0,175,138,0,138,313
12/18/2010,BZN,MT,ANM,WE,Federal Contract Tower,27,26,15,1,69,0,0,2,0,2,27,26,17,1,71,0,0,0,71
12/19/2010,BZN,MT,ANM,WE,Federal Contract Tower,25,31,11,1,68,0,0,14,0,14,25,31,25,1,82,18,0,18,100
12/20/2010,BZN,MT,ANM,WE,Federal Contract Tower,22,38,19,0,79,0,0,36,0,36,22,38,55,0,115,106,0,106,221
12/21/2010,BZN,MT,ANM,WE,Federal Contract Tower,20,43,15,0,78,0,0,60,0,60,20,43,75,0,138,104,0,104,242
12/22/2010,BZN,MT,ANM,WE,Federal Contract Tower,21,40,20,0,81,1,2,66,0,69,22,42,86,0,150,96,0,96,246
12/23/2010,BZN,MT,ANM,WE,Federal Contract Tower,18,42,10,0,70,0,0,2,0,2,18,42,12,0,72,20,0,20,92
12/24/2010,BZN,MT,ANM,WE,Federal Contract Tower,22,29,6,0,57,0,0,36,0,36,22,29,42,0,93,84,0,84,177
12/25/2010,BZN,MT,ANM,WE,Federal Contract Tower,23,14,7,0,44,0,0,14,0,14,23,14,21,0,58,4,0,4,62
12/26/2010,BZN,MT,ANM,WE,Federal Contract Tower,28,37,44,0,109,0,1,40,0,41,28,38,84,0,150,26,0,26,176
12/27/2010,BZN,MT,ANM,WE,Federal Contract Tower,24,43,31,1,99,0,1,10,0,11,24,44,41,1,110,0,0,0,110
12/28/2010,BZN,MT,ANM,WE,Federal Contract Tower,20,38,19,1,78,0,2,29,0,31,20,40,48,1,109,46,0,46,155
12/29/2010,BZN,MT,ANM,WE,Federal Contract Tower,17,29,8,0,54,0,0,0,0,0,17,29,8,0,54,0,0,0,54
12/30/2010,BZN,MT,ANM,WE,Federal Contract Tower,22,37,12,0,71,0,0,0,0,0,22,37,12,0,71,0,0,0,71
12/31/2010,BZN,MT,ANM,WE,Federal Contract Tower,23,46,10,0,79,0,1,12,0,13,23,47,22,0,92,12,0,12,104
01/01/2011,BZN,MT,ANM,WE,Federal Contract Tower,27,50,36,0,113,0,1,21,0,22,27,51,57,0,135,98,0,98,233
01/02/2011,BZN,MT,ANM,WE,Federal Contract Tower,27,39,60,0,126,0,1,17,0,18,27,40,77,0,144,38,0,38,182
01/03/2011,BZN,MT,ANM,WE,Federal Contract Tower,25,32,17,2,76,0,0,43,0,43,25,32,60,2,119,54,0,54,173
01/04/2011,BZN,MT,ANM,WE,Federal Contract Tower,14,27,12,0,53,0,0,26,0,26,14,27,38,0,79,46,0,46,125
01/05/2011,BZN,MT,ANM,WE,Federal Contract Tower,16,31,16,0,63,0,0,29,0,29,16,31,45,0,92,58,0,58,150
01/06/2011,BZN,MT,ANM,WE,Federal Contract Tower,17,24,8,0,49,0,2,35,0,37,17,26,43,0,86,32,0,32,118
01/07/2011,BZN,MT,ANM,WE,Federal Contract Tower,18,24,10,0,52,0,0,41,2,43,18,24,51,2,95,92,0,92,187
01/08/2011,BZN,MT,ANM,WE,Federal Contract Tower,23,26,15,0,64,0,2,2,0,4,23,28,17,0,68,0,0,0,68
01/09/2011,BZN,MT,ANM,WE,Federal Contract Tower,18,19,11,0,48,0,0,0,0,0,18,19,11,0,48,0,0,0,48
01/10/2011,BZN,MT,ANM,WE,Federal Contract Tower,19,22,14,0,55,0,0,8,0,8,19,22,22,0,63,24,0,24,87
01/11/2011,BZN,MT,ANM,WE,Federal Contract Tower,11,30,11,0,52,0,1,87,0,88,11,31,98,0,140,80,0,80,220
01/12/2011,BZN,MT,ANM,WE,Federal Contract Tower,15,26,11,0,52,0,0,47,2,49,15,26,58,2,101,118,0,118,219
01/13/2011,BZN,MT,ANM,WE,Federal Contract Tower,17,31,15,0,63,0,0,49,0,49,17,31,64,0,112,104,0,104,216
01/14/2011,BZN,MT,ANM,WE,Federal Contract Tower,19,38,27,0,84,0,0,40,0,40,19,38,67,0,124,132,0,132,256
01/15/2011,BZN,MT,ANM,WE,Federal Contract Tower,22,22,4,0,48,0,0,33,0,33,22,22,37,0,81,112,0,112,193
01/16/2011,BZN,MT,ANM,WE,Federal Contract Tower,17,20,7,2,46,0,0,9,0,9,17,20,16,2,55,40,0,40,95
01/17/2011,BZN,MT,ANM,WE,Federal Contract Tower,25,37,19,0,81,0,0,41,0,41,25,37,60,0,122,64,0,64,186
01/18/2011,BZN,MT,ANM,WE,Federal Contract Tower,14,27,15,0,56,0,2,29,2,33,14,29,44,2,89,56,0,56,145
01/19/2011,BZN,MT,ANM,WE,Federal Contract Tower,16,26,15,0,57,0,0,29,0,29,16,26,44,0,86,64,0,64,150
01/20/2011,BZN,MT,ANM,WE,Federal Contract Tower,15,27,19,0,61,0,1,42,0,43,15,28,61,0,104,106,0,106,210
01/21/2011,BZN,MT,ANM,WE,Federal Contract Tower,17,30,10,0,57,0,1,62,0,63,17,31,72,0,120,118,0,118,238
01/22/2011,BZN,MT,ANM,WE,Federal Contract Tower,21,23,14,0,58,0,0,32,0,32,21,23,46,0,90,52,0,52,142
01/23/2011,BZN,MT,ANM,WE,Federal Contract Tower,17,26,15,0,58,0,0,26,0,26,17,26,41,0,84,8,0,8,92
01/24/2011,BZN,MT,ANM,WE,Federal Contract Tower,18,20,10,0,48,0,0,74,0,74,18,20,84,0,122,76,0,76,198
01/25/2011,BZN,MT,ANM,WE,Federal Contract Tower,15,28,8,0,51,0,0,50,0,50,15,28,58,0,101,116,0,116,217
01/26/2011,BZN,MT,ANM,WE,Federal Contract Tower,16,25,9,0,50,0,0,94,0,94,16,25,103,0,144,144,0,144,288
01/27/2011,BZN,MT,ANM,WE,Federal Contract Tower,15,31,16,0,62,0,0,82,0,82,15,31,98,0,144,108,0,108,252
01/28/2011,BZN,MT,ANM,WE,Federal Contract Tower,18,34,16,0,68,0,0,61,0,61,18,34,77,0,129,74,0,74,203
01/29/2011,BZN,MT,ANM,WE,Federal Contract Tower,19,28,13,0,60,0,0,54,0,54,19,28,67,0,114,190,0,190,304
01/30/2011,BZN,MT,ANM,WE,Federal Contract Tower,19,28,13,0,60,0,0,0,0,0,19,28,13,0,60,0,0,0,60
01/31/2011,BZN,MT,ANM,WE,Federal Contract Tower,17,31,12,0,60,0,0,25,0,25,17,31,37,0,85,44,0,44,129
02/01/2011,BZN,MT,ANM,WE,Federal Contract Tower,14,26,11,0,51,0,0,28,0,28,14,26,39,0,79,16,0,16,95
02/02/2011,BZN,MT,ANM,WE,Federal Contract Tower,15,27,16,0,58,0,0,55,0,55,15,27,71,0,113,22,0,22,135
02/03/2011,BZN,MT,ANM,WE,Federal Contract Tower,17,36,21,0,74,0,9,70,0,79,17,45,91,0,153,118,0,118,271
02/04/2011,BZN,MT,ANM,WE,Federal Contract Tower,21,35,14,2,72,0,0,64,2,66,21,35,78,4,138,124,0,124,262
02/05/2011,BZN,MT,ANM,WE,Federal Contract Tower,25,27,15,0,67,0,0,2,0,2,25,27,17,0,69,10,0,10,79
02/06/2011,BZN,MT,ANM,WE,Federal Contract Tower,19,22,16,0,57,0,0,2,0,2,19,22,18,0,59,22,0,22,81
02/07/2011,BZN,MT,ANM,WE,Federal Contract Tower,17,21,15,0,53,0,0,0,0,0,17,21,15,0,53,0,0,0,53
02/08/2011,BZN,MT,ANM,WE,Federal Contract Tower,15,32,13,0,60,0,1,34,0,35,15,33,47,0,95,36,0,36,131
02/09/2011,BZN,MT,ANM,WE,Federal Contract Tower,18,33,16,0,67,0,0,28,0,28,18,33,44,0,95,32,0,32,127
02/10/2011,BZN,MT,ANM,WE,Federal Contract Tower,16,25,18,0,59,0,1,63,0,64,16,26,81,0,123,110,0,110,233
02/11/2011,BZN,MT,ANM,WE,Federal Contract Tower,18,33,25,0,76,0,2,93,0,95,18,35,118,0,171,98,0,98,269
02/12/2011,BZN,MT,ANM,WE,Federal Contract Tower,23,22,8,0,53,0,0,20,0,20,23,22,28,0,73,24,0,24,97
02/13/2011,BZN,MT,ANM,WE,Federal Contract Tower,19,18,16,0,53,0,0,20,0,20,19,18,36,0,73,0,0,0,73
02/14/2011,BZN,MT,ANM,WE,Federal Contract Tower,20,21,22,0,63,0,0,104,3,107,20,21,126,3,170,118,0,118,288
02/15/2011,BZN,MT,ANM,WE,Federal Contract Tower,16,14,17,0,47,0,0,25,0,25,16,14,42,0,72,0,0,0,72
02/16/2011,BZN,MT,ANM,WE,Federal Contract Tower,15,27,9,0,51,0,5,35,0,40,15,32,44,0,91,46,0,46,137
02/17/2011,BZN,MT,ANM,WE,Federal Contract Tower,30,30,26,0,86,0,0,42,0,42,30,30,68,0,128,32,0,32,160
02/18/2011,BZN,MT,ANM,WE,Federal Contract Tower,26,41,57,0,124,0,2,66,1,69,26,43,123,1,193,48,0,48,241
02/19/2011,BZN,MT,ANM,WE,Federal Contract Tower,24,31,18,0,73,0,0,2,0,2,24,31,20,0,75,0,0,0,75
02/20/2011,BZN,MT,ANM,WE,Federal Contract Tower,20,28,27,1,76,0,0,0,0,0,20,28,27,1,76,0,0,0,76
02/21/2011,BZN,MT,ANM,WE,Federal Contract Tower,24,36,40,1,101,0,0,91,0,91,24,36,131,1,192,110,0,110,302
02/22/2011,BZN,MT,ANM,WE,Federal Contract Tower,22,40,20,0,82,0,2,46,0,48,22,42,66,0,130,54,0,54,184
02/23/2011,BZN,MT,ANM,WE,Federal Contract Tower,22,29,31,0,82,0,0,40,0,40,22,29,71,0,122,98,0,98,220
02/24/2011,BZN,MT,ANM,WE,Federal Contract Tower,22,33,42,0,97,0,0,0,0,0,22,33,42,0,97,0,0,0,97
02/25/2011,BZN,MT,ANM,WE,Federal Contract Tower,25,30,22,0,77,0,0,15,0,15,25,30,37,0,92,10,0,10,102
02/26/2011,BZN,MT,ANM,WE,Federal Contract Tower,26,38,20,0,84,0,0,60,2,62,26,38,80,2,146,54,0,54,200
02/27/2011,BZN,MT,ANM,WE,Federal Contract Tower,26,37,39,0,102,0,0,68,0,68,26,37,107,0,170,34,0,34,204
02/28/2011,BZN,MT,ANM,WE,Federal Contract Tower,26,21,16,0,63,0,0,20,0,20,26,21,36,0,83,26,0,26,109
03/01/2011,BZN,MT,ANM,WE,Federal Contract Tower,22,22,13,1,58,0,0,44,0,44,22,22,57,1,102,72,0,72,174
03/02/2011,BZN,MT,ANM,WE,Federal Contract Tower,21,25,6,0,52,0,0,56,0,56,21,25,62,0,108,98,0,98,206
03/03/2011,BZN,MT,ANM,WE,Federal Contract Tower,21,30,20,0,71,0,0,3,0,3,21,30,23,0,74,6,0,6,80
03/04/2011,BZN,MT,ANM,WE,Federal Contract Tower,27,24,17,0,68,0,0,84,0,84,27,24,101,0,152,76,0,76,228
03/05/2011,BZN,MT,ANM,WE,Federal Contract Tower,21,26,10,0,57,0,0,19,0,19,21,26,29,0,76,66,0,66,142
03/06/2011,BZN,MT,ANM,WE,Federal Contract Tower,28,22,6,0,56,0,0,1,0,1,28,22,7,0,57,0,0,0,57
03/07/2011,BZN,MT,ANM,WE,Federal Contract Tower,24,24,13,0,61,0,0,46,0,46,24,24,59,0,107,84,0,84,191
03/08/2011,BZN,MT,ANM,WE,Federal Contract Tower,20,29,9,0,58,0,0,48,0,48,20,29,57,0,106,88,0,88,194
03/09/2011,BZN,MT,ANM,WE,Federal Contract Tower,20,28,12,0,60,0,2,84,0,86,20,30,96,0,146,104,0,104,250
03/10/2011,BZN,MT,ANM,WE,Federal Contract Tower,28,31,26,0,85,0,0,60,0,60,28,31,86,0,145,42,0,42,187
03/11/2011,BZN,MT,ANM,WE,Federal Contract Tower,27,34,21,1,83,0,0,68,1,69,27,34,89,2,152,76,0,76,228
03/12/2011,BZN,MT,ANM,WE,Federal Contract Tower,27,22,15,0,64,0,0,123,0,123,27,22,138,0,187,98,0,98,285
03/13/2011,BZN,MT,ANM,WE,Federal Contract Tower,25,23,26,0,74,0,0,134,0,134,25,23,160,0,208,184,0,184,392
03/14/2011,BZN,MT,ANM,WE,Federal Contract Tower,25,25,16,0,66,0,1,41,0,42,25,26,57,0,108,66,0,66,174
03/15/2011,BZN,MT,ANM,WE,Federal Contract Tower,20,32,13,0,65,0,0,81,0,81,20,32,94,0,146,104,0,104,250
03/16/2011,BZN,MT,ANM,WE,Federal Contract Tower,20,25,16,0,61,0,0,10,0,10,20,25,26,0,71,34,0,34,105
03/17/2011,BZN,MT,ANM,WE,Federal Contract Tower,19,27,18,0,64,0,0,45,0,45,19,27,63,0,109,62,0,62,171
03/18/2011,BZN,MT,ANM,WE,Federal Contract Tower,24,38,17,0,79,0,0,89,0,89,24,38,106,0,168,164,0,164,332
03/19/2011,BZN,MT,ANM,WE,Federal Contract Tower,26,35,17,0,78,0,0,42,0,42,26,35,59,0,120,90,0,90,210
03/20/2011,BZN,MT,ANM,WE,Federal Contract Tower,26,28,33,0,87,0,0,74,0,74,26,28,107,0,161,62,0,62,223
03/21/2011,BZN,MT,ANM,WE,Federal Contract Tower,24,27,18,0,69,0,0,24,0,24,24,27,42,0,93,38,0,38,131
03/22/2011,BZN,MT,ANM,WE,Federal Contract Tower,18,36,7,0,61,0,0,0,0,0,18,36,7,0,61,0,0,0,61
03/23/2011,BZN,MT,ANM,WE,Federal Contract Tower,21,34,10,0,65,0,0,70,0,70,21,34,80,0,135,76,0,76,211
03/24/2011,BZN,MT,ANM,WE,Federal Contract Tower,18,34,14,0,66,0,2,56,0,58,18,36,70,0,124,70,0,70,194
03/25/2011,BZN,MT,ANM,WE,Federal Contract Tower,24,34,22,1,81,0,0,48,0,48,24,34,70,1,129,90,0,90,219
03/26/2011,BZN,MT,ANM,WE,Federal Contract Tower,26,31,14,0,71,0,0,64,0,64,26,31,78,0,135,32,0,32,167
03/27/2011,BZN,MT,ANM,WE,Federal Contract Tower,27,28,22,0,77,0,0,0,0,0,27,28,22,0,77,0,0,0,77
03/28/2011,BZN,MT,ANM,WE,Federal Contract Tower,24,27,16,1,68,0,0,13,0,13,24,27,29,1,81,42,0,42,123
03/29/2011,BZN,MT,ANM,WE,Federal Contract Tower,21,27,11,0,59,0,0,55,0,55,21,27,66,0,114,44,0,44,158
03/30/2011,BZN,MT,ANM,WE,Federal Contract Tower,20,21,6,0,47,0,0,33,0,33,20,21,39,0,80,48,0,48,128
03/31/2011,BZN,MT,ANM,WE,Federal Contract Tower,21,35,13,0,69,0,0,20,0,20,21,35,33,0,89,22,0,22,111
04/01/2011,BZN,MT,ANM,WE,Federal Contract Tower,22,29,21,0,72,0,0,56,0,56,22,29,77,0,128,100,0,100,228
04/02/2011,BZN,MT,ANM,WE,Federal Contract Tower,22,26,5,0,53,0,0,21,0,21,22,26,26,0,74,30,0,30,104
04/03/2011,BZN,MT,ANM,WE,Federal Contract Tower,18,27,10,0,55,0,0,5,0,5,18,27,15,0,60,22,0,22,82
04/04/2011,BZN,MT,ANM,WE,Federal Contract Tower,19,29,10,0,58,0,0,52,0,52,19,29,62,0,110,46,0,46,156
04/05/2011,BZN,MT,ANM,WE,Federal Contract Tower,16,25,9,0,50,0,0,7,0,7,16,25,16,0,57,2,0,2,59
04/06/2011,BZN,MT,ANM,WE,Federal Contract Tower,18,24,12,0,54,0,0,55,0,55,18,24,67,0,109,64,0,64,173
04/07/2011,BZN,MT,ANM,WE,Federal Contract Tower,16,23,17,0,56,0,0,0,0,0,16,23,17,0,56,0,0,0,56
04/08/2011,BZN,MT,ANM,WE,Federal Contract Tower,20,32,17,0,69,0,0,0,0,0,20,32,17,0,69,0,0,0,69
04/09/2011,BZN,MT,ANM,WE,Federal Contract Tower,18,18,10,0,46,0,0,40,0,40,18,18,50,0,86,82,0,82,168
04/10/2011,BZN,MT,ANM,WE,Federal Contract Tower,16,23,17,0,56,0,0,43,0,43,16,23,60,0,99,78,0,78,177
04/11/2011,BZN,MT,ANM,WE,Federal Contract Tower,20,20,11,0,51,0,0,40,0,40,20,20,51,0,91,38,0,38,129
04/12/2011,BZN,MT,ANM,WE,Federal Contract Tower,16,23,2,0,41,0,6,51,0,57,16,29,53,0,98,54,0,54,152
04/13/2011,BZN,MT,ANM,WE,Federal Contract Tower,18,24,13,0,55,0,5,55,0,60,18,29,68,0,115,92,0,92,207
04/14/2011,BZN,MT,ANM,WE,Federal Contract Tower,21,20,13,0,54,0,0,39,0,39,21,20,52,0,93,78,0,78,171
04/15/2011,BZN,MT,ANM,WE,Federal Contract Tower,19,23,10,0,52,0,0,59,0,59,19,23,69,0,111,60,0,60,171
04/16/2011,BZN,MT,ANM,WE,Federal Contract Tower,19,15,4,0,38,0,0,39,0,39,19,15,43,0,77,46,0,46,123
04/17/2011,BZN,MT,ANM,WE,Federal Contract Tower,18,19,11,0,48,0,0,21,0,21,18,19,32,0,69,74,0,74,143
04/18/2011,BZN,MT,ANM,WE,Federal Contract Tower,20,18,15,0,53,0,0,10,0,10,20,18,25,0,63,12,0,12,75
04/19/2011,BZN,MT,ANM,WE,Federal Contract Tower,14,21,9,0,44,0,0,27,0,27,14,21,36,0,71,70,0,70,141
04/20/2011,BZN,MT,ANM,WE,Federal Contract Tower,19,22,12,0,53,0,0,87,0,87,19,22,99,0,140,96,0,96,236
04/21/2011,BZN,MT,ANM,WE,Federal Contract Tower,15,26,20,0,61,0,0,41,0,41,15,26,61,0,102,108,0,108,210
04/22/2011,BZN,MT,ANM,WE,Federal Contract Tower,23,21,12,0,56,0,1,30,0,31,23,22,42,0,87,90,0,90,177
04/23/2011,BZN,MT,ANM,WE,Federal Contract Tower,18,13,7,0,38,0,0,92,0,92,18,13,99,0,130,50,0,50,180
04/24/2011,BZN,MT,ANM,WE,Federal Contract Tower,14,19,15,0,48,0,0,47,0,47,14,19,62,0,95,20,0,20,115
04/25/2011,BZN,MT,ANM,WE,Federal Contract Tower,20,24,13,0,57,0,0,39,0,39,20,24,52,0,96,50,0,50,146
04/26/2011,BZN,MT,ANM,WE,Federal Contract Tower,17,23,7,1,48,0,2,11,0,13,17,25,18,1,61,66,0,66,127
04/27/2011,BZN,MT,ANM,WE,Federal Contract Tower,18,23,11,0,52,0,5,51,0,56,18,28,62,0,108,68,0,68,176
04/28/2011,BZN,MT,ANM,WE,Federal Contract Tower,15,23,15,0,53,0,0,10,0,10,15,23,25,0,63,16,0,16,79
04/29/2011,BZN,MT,ANM,WE,Federal Contract Tower,16,18,9,0,43,0,0,16,0,16,16,18,25,0,59,44,0,44,103
04/30/2011,BZN,MT,ANM,WE,Federal Contract Tower,16,14,6,0,36,0,0,48,0,48,16,14,54,0,84,112,0,112,196
05/01/2011,BZN,MT,ANM,WE,Federal Contract Tower,14,14,10,0,38,0,0,27,0,27,14,14,37,0,65,32,0,32,97
05/02/2011,BZN,MT,ANM,WE,Federal Contract Tower,20,17,3,0,40,0,0,97,0,97,20,17,100,0,137,218,0,218,355
05/03/2011,BZN,MT,ANM,WE,Federal Contract Tower,18,21,9,2,50,0,0,38,0,38,18,21,47,2,88,86,0,86,174
05/04/2011,BZN,MT,ANM,WE,Federal Contract Tower,21,17,13,0,51,0,0,66,0,66,21,17,79,0,117,126,0,126,243
05/05/2011,BZN,MT,ANM,WE,Federal Contract Tower,18,23,9,0,50,0,1,80,0,81,18,24,89,0,131,96,0,96,227
05/06/2011,BZN,MT,ANM,WE,Federal Contract Tower,22,22,13,0,57,0,2,95,2,99,22,24,108,2,156,106,0,106,262
05/07/2011,BZN,MT,ANM,WE,Federal Contract Tower,20,20,3,1,44,0,0,16,2,18,20,20,19,3,62,44,0,44,106
05/08/2011,BZN,MT,ANM,WE,Federal Contract Tower,20,13,9,3,45,0,0,4,0,4,20,13,13,3,49,0,0,0,49
05/09/2011,BZN,MT,ANM,WE,Federal Contract Tower,24,18,14,0,56,0,0,0,0,0,24,18,14,0,56,0,0,0,56
05/10/2011,BZN,MT,ANM,WE,Federal Contract Tower,18,20,18,0,56,0,0,44,0,44,18,20,62,0,100,130,0,130,230
05/11/2011,BZN,MT,ANM,WE,Federal Contract Tower,20,19,13,0,52,0,0,121,0,121,20,19,134,0,173,150,0,150,323
05/12/2011,BZN,MT,ANM,WE,Federal Contract Tower,18,16,5,0,39,0,0,93,2,95,18,16,98,2,134,164,0,164,298
05/13/2011,BZN,MT,ANM,WE,Federal Contract Tower,22,19,8,1,50,0,0,88,3,91,22,19,96,4,141,140,0,140,281
05/14/2011,BZN,MT,ANM,WE,Federal Contract Tower,18,15,11,0,44,0,0,16,0,16,18,15,27,0,60,0,0,0,60
05/15/2011,BZN,MT,ANM,WE,Federal Contract Tower,20,17,5,1,43,0,0,19,0,19,20,17,24,1,62,14,0,14,76
05/16/2011,BZN,MT,ANM,WE,Federal Contract Tower,25,14,9,0,48,0,0,15,0,15,25,14,24,0,63,26,0,26,89
05/17/2011,BZN,MT,ANM,WE,Federal Contract Tower,17,20,15,0,52,0,0,98,0,98,17,20,113,0,150,272,0,272,422
05/18/2011,BZN,MT,ANM,WE,Federal Contract Tower,20,19,17,2,58,0,0,76,0,76,20,19,93,2,134,212,0,212,346
05/19/2011,BZN,MT,ANM,WE,Federal Contract Tower,20,23,21,0,64,0,0,64,0,64,20,23,85,0,128,120,0,120,248
05/20/2011,BZN,MT,ANM,WE,Federal Contract Tower,22,18,18,0,58,0,0,1,0,1,22,18,19,0,59,0,0,0,59
05/21/2011,BZN,MT,ANM,WE,Federal Contract Tower,22,13,8,0,43,0,1,107,0,108,22,14,115,0,151,102,0,102,253
05/22/2011,BZN,MT,ANM,WE,Federal Contract Tower,22,20,13,0,55,0,0,70,0,70,22,20,83,0,125,80,0,80,205
05/23/2011,BZN,MT,ANM,WE,Federal Contract Tower,22,17,9,0,48,0,1,49,2,52,22,18,58,2,100,78,0,78,178
05/24/2011,BZN,MT,ANM,WE,Federal Contract Tower,18,19,6,0,43,0,0,8,0,8,18,19,14,0,51,14,0,14,65
05/25/2011,BZN,MT,ANM,WE,Federal Contract Tower,21,25,18,0,64,0,0,91,0,91,21,25,109,0,155,160,0,160,315
05/26/2011,BZN,MT,ANM,WE,Federal Contract Tower,20,24,17,0,61,0,0,25,0,25,20,24,42,0,86,32,0,32,118
05/27/2011,BZN,MT,ANM,WE,Federal Contract Tower,20,19,9,0,48,0,1,42,0,43,20,20,51,0,91,84,0,84,175
05/28/2011,BZN,MT,ANM,WE,Federal Contract Tower,17,19,3,0,39,0,0,30,0,30,17,19,33,0,69,50,0,50,119
05/29/2011,BZN,MT,ANM,WE,Federal Contract Tower,18,14,7,0,39,0,0,4,0,4,18,14,11,0,43,0,0,0,43
05/30/2011,BZN,MT,ANM,WE,Federal Contract Tower,15,14,8,0,37,0,0,2,0,2,15,14,10,0,39,0,0,0,39
05/31/2011,BZN,MT,ANM,WE,Federal Contract Tower,17,18,6,0,41,0,0,84,0,84,17,18,90,0,125,154,0,154,279
06/01/2011,BZN,MT,ANM,WE,Federal Contract Tower,20,19,13,0,52,0,1,111,0,112,20,20,124,0,164,140,0,140,304
06/02/2011,BZN,MT,ANM,WE,Federal Contract Tower,19,21,9,0,49,0,2,21,0,23,19,23,30,0,72,32,0,32,104
06/03/2011,BZN,MT,ANM,WE,Federal Contract Tower,21,20,12,0,53,0,1,38,0,39,21,21,50,0,92,50,0,50,142
06/04/2011,BZN,MT,ANM,WE,Federal Contract Tower,18,15,6,1,40,0,0,125,0,125,18,15,131,1,165,96,0,96,261
06/05/2011,BZN,MT,ANM,WE,Federal Contract Tower,20,19,15,0,54,0,1,88,6,95,20,20,103,6,149,16,0,16,165
06/06/2011,BZN,MT,ANM,WE,Federal Contract Tower,21,17,12,0,50,0,0,85,1,86,21,17,97,1,136,78,0,78,214
06/07/2011,BZN,MT,ANM,WE,Federal Contract Tower,18,19,6,0,43,0,0,8,0,8,18,19,14,0,51,0,0,0,51
06/08/2011,BZN,MT,ANM,WE,Federal Contract Tower,19,23,17,0,59,0,0,19,0,19,19,23,36,0,78,80,0,80,158
06/09/2011,BZN,MT,ANM,WE,Federal Contract Tower,32,21,22,0,75,0,0,22,0,22,32,21,44,0,97,28,0,28,125
06/10/2011,BZN,MT,ANM,WE,Federal Contract Tower,22,24,19,0,65,0,1,124,0,125,22,25,143,0,190,176,0,176,366
06/11/2011,BZN,MT,ANM,WE,Federal Contract Tower,26,32,2,0,60,0,0,49,0,49,26,32,51,0,109,10,0,10,119
06/12/2011,BZN,MT,ANM,WE,Federal Contract Tower,27,21,17,0,65,0,0,19,0,19,27,21,36,0,84,38,0,38,122
06/13/2011,BZN,MT,ANM,WE,Federal Contract Tower,22,27,9,0,58,0,0,61,0,61,22,27,70,0,119,102,0,102,221
06/14/2011,BZN,MT,ANM,WE,Federal Contract Tower,22,26,6,1,55,0,0,60,0,60,22,26,66,1,115,74,0,74,189
06/15/2011,BZN,MT,ANM,WE,Federal Contract Tower,23,24,20,0,67,0,0,73,2,75,23,24,93,2,142,130,0,130,272
06/16/2011,BZN,MT,ANM,WE,Federal Contract Tower,24,31,23,0,78,0,4,77,0,81,24,35,100,0,159,84,0,84,243
06/17/2011,BZN,MT,ANM,WE,Federal Contract Tower,22,35,8,0,65,0,1,47,0,48,22,36,55,0,113,110,0,110,223
06/18/2011,BZN,MT,ANM,WE,Federal Contract Tower,26,25,12,0,63,0,1,70,0,71,26,26,82,0,134,36,0,36,170
06/19/2011,BZN,MT,ANM,WE,Federal Contract Tower,28,24,12,2,66,0,1,23,0,24,28,25,35,2,90,28,0,28,118
06/20/2011,BZN,MT,ANM,WE,Federal Contract Tower,26,27,13,0,66,0,0,60,0,60,26,27,73,0,126,46,0,46,172
06/21/2011,BZN,MT,ANM,WE,Federal Contract Tower,23,28,5,0,56,0,3,138,0,141,23,31,143,0,197,190,0,190,387
06/22/2011,BZN,MT,ANM,WE,Federal Contract Tower,24,25,17,0,66,0,0,104,0,104,24,25,121,0,170,176,0,176,346
06/23/2011,BZN,MT,ANM,WE,Federal Contract Tower,28,29,16,0,73,0,0,66,0,66,28,29,82,0,139,76,0,76,215
06/24/2011,BZN,MT,ANM,WE,Federal Contract Tower,26,27,23,1,77,0,0,78,0,78,26,27,101,1,155,50,6,56,211
06/25/2011,BZN,MT,ANM,WE,Federal Contract Tower,26,31,6,1,64,0,2,82,0,84,26,33,88,1,148,28,0,28,176
06/26/2011,BZN,MT,ANM,WE,Federal Contract Tower,28,21,8,0,57,0,0,60,0,60,28,21,68,0,117,36,0,36,153
06/27/2011,BZN,MT,ANM,WE,Federal Contract Tower,26,30,11,0,67,0,0,72,0,72,26,30,83,0,139,36,0,36,175
06/28/2011,BZN,MT,ANM,WE,Federal Contract Tower,23,27,13,0,63,0,0,108,2,110,23,27,121,2,173,60,0,60,233
06/29/2011,BZN,MT,ANM,WE,Federal Contract Tower,24,31,23,0,78,0,3,63,0,66,24,34,86,0,144,68,0,68,212
06/30/2011,BZN,MT,ANM,WE,Federal Contract Tower,25,40,19,0,84,0,0,100,0,100,25,40,119,0,184,98,0,98,282
07/01/2011,BZN,MT,ANM,WE,Federal Contract Tower,29,38,26,0,93,0,2,103,0,105,29,40,129,0,198,82,0,82,280
07/02/2011,BZN,MT,ANM,WE,Federal Contract Tower,26,34,18,0,78,0,1,75,0,76,26,35,93,0,154,18,0,18,172
07/03/2011,BZN,MT,ANM,WE,Federal Contract Tower,27,20,8,0,55,0,1,58,0,59,27,21,66,0,114,28,0,28,142
07/04/2011,BZN,MT,ANM,WE,Federal Contract Tower,24,27,6,0,57,0,0,80,0,80,24,27,86,0,137,24,0,24,161
07/05/2011,BZN,MT,ANM,WE,Federal Contract Tower,22,47,13,0,82,0,1,73,0,74,22,48,86,0,156,24,0,24,180
07/06/2011,BZN,MT,ANM,WE,Federal Contract Tower,21,30,13,0,64,0,0,89,0,89,21,30,102,0,153,106,0,106,259
07/07/2011,BZN,MT,ANM,WE,Federal Contract Tower,27,39,28,2,96,0,0,79,1,80,27,39,107,3,176,124,0,124,300
07/08/2011,BZN,MT,ANM,WE,Federal Contract Tower,27,42,17,0,86,0,1,71,1,73,27,43,88,1,159,18,0,18,177
07/09/2011,BZN,MT,ANM,WE,Federal Contract Tower,28,29,24,0,81,0,3,117,0,120,28,32,141,0,201,74,0,74,275
07/10/2011,BZN,MT,ANM,WE,Federal Contract Tower,27,27,19,0,73,0,0,87,0,87,27,27,106,0,160,51,0,51,211
07/11/2011,BZN,MT,ANM,WE,Federal Contract Tower,29,27,17,0,73,0,0,52,0,52,29,27,69,0,125,50,0,50,175
07/12/2011,BZN,MT,ANM,WE,Federal Contract Tower,26,25,15,0,66,0,1,77,0,78,26,26,92,0,144,138,0,138,282
07/13/2011,BZN,MT,ANM,WE,Federal Contract Tower,21,30,26,2,79,0,0,70,0,70,21,30,96,2,149,118,0,118,267
07/14/2011,BZN,MT,ANM,WE,Federal Contract Tower,26,34,30,0,90,0,1,91,0,92,26,35,121,0,182,154,0,154,336
07/15/2011,BZN,MT,ANM,WE,Federal Contract Tower,27,21,8,0,56,0,0,94,4,98,27,21,102,4,154,42,0,42,196
07/16/2011,BZN,MT,ANM,WE,Federal Contract Tower,28,42,6,0,76,0,1,76,0,77,28,43,82,0,153,18,0,18,171
07/17/2011,BZN,MT,ANM,WE,Federal Contract Tower,30,36,15,0,81,0,0,68,0,68,30,36,83,0,149,60,0,60,209
07/18/2011,BZN,MT,ANM,WE,Federal Contract Tower,26,33,14,0,73,0,0,67,0,67,26,33,81,0,140,74,0,74,214
07/19/2011,BZN,MT,ANM,WE,Federal Contract Tower,25,34,15,0,74,0,2,36,0,38,25,36,51,0,112,26,0,26,138
07/20/2011,BZN,MT,ANM,WE,Federal Contract Tower,22,27,21,0,70,0,0,85,0,85,22,27,106,0,155,134,0,134,289
07/21/2011,BZN,MT,ANM,WE,Federal Contract Tower,27,38,19,0,84,0,3,93,0,96,27,41,112,0,180,112,0,112,292
07/22/2011,BZN,MT,ANM,WE,Federal Contract Tower,28,36,27,2,93,2,8,103,1,114,30,44,130,3,207,112,0,112,319
07/23/2011,BZN,MT,ANM,WE,Federal Contract Tower,28,29,27,1,85,0,0,98,1,99,28,29,125,2,184,32,0,32,216
07/24/2011,BZN,MT,ANM,WE,Federal Contract Tower,29,29,18,1,77,0,0,69,0,69,29,29,87,1,146,34,0,34,180
07/25/2011,BZN,MT,ANM,WE,Federal Contract Tower,28,33,19,0,80,0,1,70,0,71,28,34,89,0,151,96,0,96,247
07/26/2011,BZN,MT,ANM,WE,Federal Contract Tower,23,31,22,0,76,0,0,82,0,82,23,31,104,0,158,150,0,150,308
07/27/2011,BZN,MT,ANM,WE,Federal Contract Tower,22,34,18,4,78,0,0,86,1,87,22,34,104,5,165,40,0,40,205
07/28/2011,BZN,MT,ANM,WE,Federal Contract Tower,27,28,16,4,75,0,0,88,0,88,27,28,104,4,163,84,0,84,247
07/29/2011,BZN,MT,ANM,WE,Federal Contract Tower,28,31,11,0,70,0,0,129,0,129,28,31,140,0,199,206,0,206,405
07/30/2011,BZN,MT,ANM,WE,Federal Contract Tower,28,33,23,0,84,0,2,103,1,106,28,35,126,1,190,8,0,8,198
07/31/2011,BZN,MT,ANM,WE,Federal Contract Tower,31,30,25,0,86,0,0,68,0,68,31,30,93,0,154,16,0,16,170
08/01/2011,BZN,MT,ANM,WE,Federal Contract Tower,26,30,18,0,74,0,1,54,0,55,26,31,72,0,129,30,0,30,159
08/02/2011,BZN,MT,ANM,WE,Federal Contract Tower,26,27,22,0,75,0,3,66,1,70,26,30,88,1,145,82,0,82,227
08/03/2011,BZN,MT,ANM,WE,Federal Contract Tower,23,39,19,0,81,0,4,88,0,92,23,43,107,0,173,80,0,80,253
08/04/2011,BZN,MT,ANM,WE,Federal Contract Tower,25,51,17,0,93,0,0,92,2,94,25,51,109,2,187,80,0,80,267
08/05/2011,BZN,MT,ANM,WE,Federal Contract Tower,27,35,19,0,81,0,0,86,0,86,27,35,105,0,167,76,0,76,243
08/06/2011,BZN,MT,ANM,WE,Federal Contract Tower,29,40,26,0,95,0,0,119,0,119,29,40,145,0,214,12,0,12,226
08/07/2011,BZN,MT,ANM,WE,Federal Contract Tower,29,52,28,0,109,0,1,80,0,81,29,53,108,0,190,18,0,18,208
08/08/2011,BZN,MT,ANM,WE,Federal Contract Tower,26,30,24,0,80,0,0,73,0,73,26,30,97,0,153,74,0,74,227
08/09/2011,BZN,MT,ANM,WE,Federal Contract Tower,26,31,22,2,81,0,0,103,1,104,26,31,125,3,185,134,0,134,319
08/10/2011,BZN,MT,ANM,WE,Federal Contract Tower,22,36,33,0,91,0,2,102,0,104,22,38,135,0,195,150,0,150,345
08/11/2011,BZN,MT,ANM,WE,Federal Contract Tower,27,36,17,0,80,0,3,77,0,80,27,39,94,0,160,76,0,76,236
08/12/2011,BZN,MT,ANM,WE,Federal Contract Tower,27,40,21,0,88,0,0,125,0,125,27,40,146,0,213,120,0,120,333
08/13/2011,BZN,MT,ANM,WE,Federal Contract Tower,27,30,16,0,73,0,0,98,2,100,27,30,114,2,173,44,0,44,217
08/14/2011,BZN,MT,ANM,WE,Federal Contract Tower,28,48,22,1,99,0,0,76,3,79,28,48,98,4,178,36,0,36,214
08/15/2011,BZN,MT,ANM,WE,Federal Contract Tower,26,34,22,0,82,0,0,51,0,51,26,34,73,0,133,18,0,18,151
08/16/2011,BZN,MT,ANM,WE,Federal Contract Tower,20,33,22,0,75,0,1,84,0,85,20,34,106,0,160,160,0,160,320
08/17/2011,BZN,MT,ANM,WE,Federal Contract Tower,22,38,20,0,80,0,1,113,0,114,22,39,133,0,194,136,0,136,330
08/18/2011,BZN,MT,ANM,WE,Federal Contract Tower,22,38,21,2,83,0,0,75,0,75,22,38,96,2,158,50,0,50,208
08/19/2011,BZN,MT,ANM,WE,Federal Contract Tower,27,32,23,0,82,1,3,79,1,84,28,35,102,1,166,38,0,38,204
08/20/2011,BZN,MT,ANM,WE,Federal Contract Tower,23,38,19,0,80,0,1,89,0,90,23,39,108,0,170,64,0,64,234
08/21/2011,BZN,MT,ANM,WE,Federal Contract Tower,26,36,23,1,86,0,0,68,0,68,26,36,91,1,154,60,0,60,214
08/22/2011,BZN,MT,ANM,WE,Federal Contract Tower,26,33,10,0,69,0,1,55,0,56,26,34,65,0,125,100,0,100,225
08/23/2011,BZN,MT,ANM,WE,Federal Contract Tower,22,33,10,0,65,0,1,98,0,99,22,34,108,0,164,106,0,106,270
08/24/2011,BZN,MT,ANM,WE,Federal Contract Tower,22,36,16,0,74,0,0,78,0,78,22,36,94,0,152,126,0,126,278
08/25/2011,BZN,MT,ANM,WE,Federal Contract Tower,22,40,23,0,85,0,3,91,0,94,22,43,114,0,179,178,0,178,357
08/26/2011,BZN,MT,ANM,WE,Federal Contract Tower,26,36,17,2,81,0,0,103,0,103,26,36,120,2,184,100,0,100,284
08/27/2011,BZN,MT,ANM,WE,Federal Contract Tower,21,26,10,0,57,0,2,92,0,94,21,28,102,0,151,30,0,30,181
08/28/2011,BZN,MT,ANM,WE,Federal Contract Tower,26,22,15,0,63,0,0,65,0,65,26,22,80,0,128,0,0,0,128
08/29/2011,BZN,MT,ANM,WE,Federal Contract Tower,26,30,21,0,77,0,0,66,0,66,26,30,87,0,143,122,0,122,265
08/30/2011,BZN,MT,ANM,WE,Federal Contract Tower,19,33,23,0,75,0,0,108,0,108,19,33,131,0,183,126,0,126,309
08/31/2011,BZN,MT,ANM,WE,Federal Contract Tower,18,34,9,0,61,0,4,79,2,85,18,38,88,2,146,114,6,120,266
09/01/2011,BZN,MT,ANM,WE,Federal Contract Tower,22,36,27,0,85,0,0,63,0,63,22,36,90,0,148,106,0,106,254
09/02/2011,BZN,MT,ANM,WE,Federal Contract Tower,26,39,11,0,76,0,0,121,0,121,26,39,132,0,197,126,0,126,323
09/03/2011,BZN,MT,ANM,WE,Federal Contract Tower,21,28,7,0,56,0,1,103,0,104,21,29,110,0,160,48,0,48,208
09/04/2011,BZN,MT,ANM,WE,Federal Contract Tower,21,19,12,0,52,0,1,75,0,76,21,20,87,0,128,24,0,24,152
09/05/2011,BZN,MT,ANM,WE,Federal Contract Tower,23,37,10,0,70,0,0,98,0,98,23,37,108,0,168,88,0,88,256
09/06/2011,BZN,MT,ANM,WE,Federal Contract Tower,19,31,10,2,62,0,0,82,0,82,19,31,92,2,144,108,0,108,252
09/07/2011,BZN,MT,ANM,WE,Federal Contract Tower,16,29,17,0,62,0,3,111,0,114,16,32,128,0,176,118,0,118,294
09/08/2011,BZN,MT,ANM,WE,Federal Contract Tower,20,20,15,0,55,0,0,94,0,94,20,20,109,0,149,90,0,90,239
09/09/2011,BZN,MT,ANM,WE,Federal Contract Tower,27,26,15,0,68,0,0,92,0,92,27,26,107,0,160,136,0,136,296
09/10/2011,BZN,MT,ANM,WE,Federal Contract Tower,20,18,11,0,49,0,3,102,0,105,20,21,113,0,154,82,0,82,236
09/11/2011,BZN,MT,ANM,WE,Federal Contract Tower,24,23,27,0,74,0,0,66,2,68,24,23,93,2,142,22,0,22,164
09/12/2011,BZN,MT,ANM,WE,Federal Contract Tower,25,22,12,2,61,0,1,104,0,105,25,23,116,2,166,194,0,194,360
09/13/2011,BZN,MT,ANM,WE,Federal Contract Tower,17,28,22,0,67,0,0,96,0,96,17,28,118,0,163,174,0,174,337
09/14/2011,BZN,MT,ANM,WE,Federal Contract Tower,20,29,21,2,72,0,1,92,0,93,20,30,113,2,165,150,0,150,315
09/15/2011,BZN,MT,ANM,WE,Federal Contract Tower,21,31,17,0,69,0,1,133,0,134,21,32,150,0,203,124,0,124,327
09/16/2011,BZN,MT,ANM,WE,Federal Contract Tower,25,27,25,0,77,0,0,74,5,79,25,27,99,5,156,104,0,104,260
09/17/2011,BZN,MT,ANM,WE,Federal Contract Tower,20,25,16,0,61,0,0,56,0,56,20,25,72,0,117,12,0,12,129
09/18/2011,BZN,MT,ANM,WE,Federal Contract Tower,21,28,30,0,79,0,0,45,0,45,21,28,75,0,124,38,0,38,162
09/19/2011,BZN,MT,ANM,WE,Federal Contract Tower,24,21,16,0,61,0,0,61,0,61,24,21,77,0,122,88,0,88,210
09/20/2011,BZN,MT,ANM,WE,Federal Contract Tower,16,26,15,0,57,0,2,102,0,104,16,28,117,0,161,158,0,158,319
09/21/2011,BZN,MT,ANM,WE,Federal Contract Tower,16,36,20,0,72,0,0,133,0,133,16,36,153,0,205,186,0,186,391
09/22/2011,BZN,MT,ANM,WE,Federal Contract Tower,19,27,15,0,61,1,0,111,2,114,20,27,126,2,175,142,0,142,317
09/23/2011,BZN,MT,ANM,WE,Federal Contract Tower,24,20,25,0,69,0,4,101,0,105,24,24,126,0,174,172,0,172,346
09/24/2011,BZN,MT,ANM,WE,Federal Contract Tower,19,21,11,0,51,0,0,62,4,66,19,21,73,4,117,54,0,54,171
09/25/2011,BZN,MT,ANM,WE,Federal Contract Tower,19,19,11,0,49,0,0,86,1,87,19,19,97,1,136,82,0,82,218
09/26/2011,BZN,MT,ANM,WE,Federal Contract Tower,24,20,14,0,58,0,1,104,0,105,24,21,118,0,163,128,0,128,291
09/27/2011,BZN,MT,ANM,WE,Federal Contract Tower,15,23,15,0,53,0,0,103,0,103,15,23,118,0,156,178,0,178,334
09/28/2011,BZN,MT,ANM,WE,Federal Contract Tower,19,24,19,0,62,0,0,125,0,125,19,24,144,0,187,238,0,238,425
09/29/2011,BZN,MT,ANM,WE,Federal Contract Tower,20,23,21,0,64,0,1,122,0,123,20,24,143,0,187,172,0,172,359
09/30/2011,BZN,MT,ANM,WE,Federal Contract Tower,23,21,11,0,55,0,0,126,0,126,23,21,137,0,181,180,0,180,361
10/01/2011,BZN,MT,ANM,WE,Federal Contract Tower,18,12,12,0,42,0,2,77,0,79,18,14,89,0,121,66,0,66,187
10/02/2011,BZN,MT,ANM,WE,Federal Contract Tower,18,20,12,0,50,0,1,52,0,53,18,21,64,0,103,40,0,40,143
10/03/2011,BZN,MT,ANM,WE,Federal Contract Tower,22,14,12,0,48,0,0,90,0,90,22,14,102,0,138,154,0,154,292
10/04/2011,BZN,MT,ANM,WE,Federal Contract Tower,14,22,13,0,49,0,0,49,0,49,14,22,62,0,98,116,0,116,214
10/05/2011,BZN,MT,ANM,WE,Federal Contract Tower,16,23,12,0,51,0,0,67,0,67,16,23,79,0,118,148,0,148,266
10/06/2011,BZN,MT,ANM,WE,Federal Contract Tower,18,24,24,0,66,0,1,51,0,52,18,25,75,0,118,164,0,164,282
10/07/2011,BZN,MT,ANM,WE,Federal Contract Tower,24,19,19,0,62,0,0,20,0,20,24,19,39,0,82,0,40,40,122
10/08/2011,BZN,MT,ANM,WE,Federal Contract Tower,19,10,8,0,37,0,1,16,0,17,19,11,24,0,54,80,0,80,134
10/09/2011,BZN,MT,ANM,WE,Federal Contract Tower,19,13,11,0,43,0,0,96,0,96,19,13,107,0,139,76,0,76,215
10/10/2011,BZN,MT,ANM,WE,Federal Contract Tower,22,19,9,0,50,0,0,65,0,65,22,19,74,0,115,102,0,102,217
10/11/2011,BZN,MT,ANM,WE,Federal Contract Tower,14,21,5,0,40,0,1,28,0,29,14,22,33,0,69,88,0,88,157
10/12/2011,BZN,MT,ANM,WE,Federal Contract Tower,16,21,13,0,50,0,3,43,0,46,16,24,56,0,96,96,0,96,192
10/13/2011,BZN,MT,ANM,WE,Federal Contract Tower,16,24,16,0,56,0,1,89,0,90,16,25,105,0,146,200,0,200,346
10/14/2011,BZN,MT,ANM,WE,Federal Contract Tower,24,18,12,0,54,0,2,93,0,95,24,20,105,0,149,250,0,250,399
10/15/2011,BZN,MT,ANM,WE,Federal Contract Tower,18,20,9,0,47,0,1,35,0,36,18,21,44,0,83,30,0,30,113
10/16/2011,BZN,MT,ANM,WE,Federal Contract Tower,17,16,12,0,45,0,0,20,0,20,17,16,32,0,65,2,0,2,67
10/17/2011,BZN,MT,ANM,WE,Federal Contract Tower,21,24,8,0,53,0,0,94,0,94,21,24,102,0,147,208,0,208,355
10/18/2011,BZN,MT,ANM,WE,Federal Contract Tower,18,27,15,0,60,0,1,120,2,123,18,28,135,2,183,198,0,198,381
10/19/2011,BZN,MT,ANM,WE,Federal Contract Tower,18,22,13,0,53,0,0,93,0,93,18,22,106,0,146,200,0,200,346
10/20/2011,BZN,MT,ANM,WE,Federal Contract Tower,16,17,19,0,52,0,0,95,0,95,16,17,114,0,147,236,0,236,383
10/21/2011,BZN,MT,ANM,WE,Federal Contract Tower,24,23,17,0,64,0,0,52,0,52,24,23,69,0,116,91,0,91,207
10/22/2011,BZN,MT,ANM,WE,Federal Contract Tower,18,21,5,0,44,0,0,61,0,61,18,21,66,0,105,78,0,78,183
10/23/2011,BZN,MT,ANM,WE,Federal Contract Tower,18,19,12,0,49,0,1,32,0,33,18,20,44,0,82,47,0,47,129
10/24/2011,BZN,MT,ANM,WE,Federal Contract Tower,21,21,14,0,56,0,0,34,0,34,21,21,48,0,90,60,0,60,150
10/25/2011,BZN,MT,ANM,WE,Federal Contract Tower,14,22,10,0,46,0,1,84,0,85,14,23,94,0,131,142,0,142,273
10/26/2011,BZN,MT,ANM,WE,Federal Contract Tower,16,22,19,0,57,0,0,79,0,79,16,22,98,0,136,144,0,144,280
10/27/2011,BZN,MT,ANM,WE,Federal Contract Tower,18,24,13,0,55,0,0,82,0,82,18,24,95,0,137,76,0,76,213
10/28/2011,BZN,MT,ANM,WE,Federal Contract Tower,22,22,18,0,62,0,1,91,0,92,22,23,109,0,154,126,0,126,280
10/29/2011,BZN,MT,ANM,WE,Federal Contract Tower,16,8,5,0,29,0,2,18,0,20,16,10,23,0,49,46,0,46,95
10/30/2011,BZN,MT,ANM,WE,Federal Contract Tower,17,18,13,0,48,0,1,76,0,77,17,19,89,0,125,100,0,100,225
10/31/2011,BZN,MT,ANM,WE,Federal Contract Tower,20,14,3,0,37,0,0,46,0,46,20,14,49,0,83,88,0,88,171
11/01/2011,BZN,MT,ANM,WE,Federal Contract Tower,13,21,10,0,44,0,0,56,0,56,13,21,66,0,100,178,0,178,278
11/02/2011,BZN,MT,ANM,WE,Federal Contract Tower,14,21,14,0,49,0,1,126,0,127,14,22,140,0,176,238,0,238,414
11/03/2011,BZN,MT,ANM,WE,Federal Contract Tower,16,14,10,0,40,0,1,83,0,84,16,15,93,0,124,144,0,144,268
11/04/2011,BZN,MT,ANM,WE,Federal Contract Tower,20,17,7,0,44,0,0,66,0,66,20,17,73,0,110,116,0,116,226
11/05/2011,BZN,MT,ANM,WE,Federal Contract Tower,16,16,2,0,34,0,0,0,0,0,16,16,2,0,34,0,0,0,34
11/06/2011,BZN,MT,ANM,WE,Federal Contract Tower,16,13,8,0,37,0,0,53,0,53,16,13,61,0,90,96,0,96,186
11/07/2011,BZN,MT,ANM,WE,Federal Contract Tower,18,16,15,0,49,0,0,90,0,90,18,16,105,0,139,192,0,192,331
11/08/2011,BZN,MT,ANM,WE,Federal Contract Tower,12,21,6,0,39,0,0,55,0,55,12,21,61,0,94,88,0,88,182
11/09/2011,BZN,MT,ANM,WE,Federal Contract Tower,14,20,2,0,36,0,0,104,0,104,14,20,106,0,140,188,0,188,328
11/10/2011,BZN,MT,ANM,WE,Federal Contract Tower,14,22,15,0,51,0,1,65,0,66,14,23,80,0,117,152,0,152,269
11/11/2011,BZN,MT,ANM,WE,Federal Contract Tower,21,22,9,0,52,0,0,73,0,73,21,22,82,0,125,134,0,134,259
11/12/2011,BZN,MT,ANM,WE,Federal Contract Tower,16,13,1,0,30,0,0,12,0,12,16,13,13,0,42,14,0,14,56
11/13/2011,BZN,MT,ANM,WE,Federal Contract Tower,16,20,7,0,43,0,0,3,0,3,16,20,10,0,46,10,0,10,56
11/14/2011,BZN,MT,ANM,WE,Federal Contract Tower,21,21,12,0,54,0,1,9,0,10,21,22,21,0,64,14,0,14,78
11/15/2011,BZN,MT,ANM,WE,Federal Contract Tower,12,20,10,0,42,0,0,48,2,50,12,20,58,2,92,162,0,162,254
11/16/2011,BZN,MT,ANM,WE,Federal Contract Tower,15,13,15,0,43,0,0,121,0,121,15,13,136,0,164,258,4,262,426
11/17/2011,BZN,MT,ANM,WE,Federal Contract Tower,15,29,14,0,58,0,0,14,0,14,15,29,28,0,72,10,0,10,82
11/18/2011,BZN,MT,ANM,WE,Federal Contract Tower,18,24,7,0,49,0,0,17,0,17,18,24,24,0,66,26,0,26,92
11/19/2011,BZN,MT,ANM,WE,Federal Contract Tower,16,19,7,0,42,0,0,35,4,39,16,19,42,4,81,68,0,68,149
11/20/2011,BZN,MT,ANM,WE,Federal Contract Tower,16,14,4,0,34,0,0,53,0,53,16,14,57,0,87,84,0,84,171
11/21/2011,BZN,MT,ANM,WE,Federal Contract Tower,16,25,9,0,50,0,0,65,0,65,16,25,74,0,115,130,0,130,245
11/22/2011,BZN,MT,ANM,WE,Federal Contract Tower,15,19,15,0,49,0,1,26,0,27,15,20,41,0,76,56,0,56,132
11/23/2011,BZN,MT,ANM,WE,Federal Contract Tower,17,31,16,0,64,0,3,61,0,64,17,34,77,0,128,154,0,154,282
11/24/2011,BZN,MT,ANM,WE,Federal Contract Tower,10,7,3,0,20,0,0,20,0,20,10,7,23,0,40,0,0,0,40
11/25/2011,BZN,MT,ANM,WE,Federal Contract Tower,16,11,5,0,32,0,0,3,0,3,16,11,8,0,35,0,0,0,35
11/26/2011,BZN,MT,ANM,WE,Federal Contract Tower,17,20,4,0,41,0,1,43,0,44,17,21,47,0,85,34,0,34,119
11/27/2011,BZN,MT,ANM,WE,Federal Contract Tower,14,30,26,0,70,0,1,35,0,36,14,31,61,0,106,52,0,52,158
11/28/2011,BZN,MT,ANM,WE,Federal Contract Tower,19,19,10,0,48,0,0,81,0,81,19,19,91,0,129,186,0,186,315
11/29/2011,BZN,MT,ANM,WE,Federal Contract Tower,10,27,9,0,46,0,0,124,0,124,10,27,133,0,170,352,0,352,522
11/30/2011,BZN,MT,ANM,WE,Federal Contract Tower,15,27,15,0,57,0,1,22,0,23,15,28,37,0,80,34,0,34,114
12/01/2011,BZN,MT,ANM,WE,Federal Contract Tower,13,24,10,0,47,0,3,106,0,109,13,27,116,0,156,142,0,142,298
12/02/2011,BZN,MT,ANM,WE,Federal Contract Tower,16,20,10,0,46,0,1,50,0,51,16,21,60,0,97,130,0,130,227
12/03/2011,BZN,MT,ANM,WE,Federal Contract Tower,16,15,6,0,37,0,0,47,2,49,16,15,53,2,86,46,0,46,132
12/04/2011,BZN,MT,ANM,WE,Federal Contract Tower,14,21,3,0,38,0,0,3,0,3,14,21,6,0,41,4,0,4,45
12/05/2011,BZN,MT,ANM,WE,Federal Contract Tower,16,19,7,0,42,0,1,50,0,51,16,20,57,0,93,98,0,98,191
12/06/2011,BZN,MT,ANM,WE,Federal Contract Tower,13,20,10,0,43,0,0,82,2,84,13,20,92,2,127,184,0,184,311
12/07/2011,BZN,MT,ANM,WE,Federal Contract Tower,14,22,10,0,46,0,2,63,0,65,14,24,73,0,111,134,0,134,245
12/08/2011,BZN,MT,ANM,WE,Federal Contract Tower,14,33,9,0,56,0,0,40,0,40,14,33,49,0,96,32,0,32,128
12/09/2011,BZN,MT,ANM,WE,Federal Contract Tower,19,23,11,0,53,0,3,98,0,101,19,26,109,0,154,254,0,254,408
12/10/2011,BZN,MT,ANM,WE,Federal Contract Tower,18,13,9,4,44,0,0,72,1,73,18,13,81,5,117,44,0,44,161
12/11/2011,BZN,MT,ANM,WE,Federal Contract Tower,14,20,4,0,38,0,0,54,0,54,14,20,58,0,92,58,0,58,150
12/12/2011,BZN,MT,ANM,WE,Federal Contract Tower,20,19,23,0,62,0,0,42,0,42,20,19,65,0,104,266,0,266,370
12/13/2011,BZN,MT,ANM,WE,Federal Contract Tower,12,21,7,0,40,0,0,18,0,18,12,21,25,0,58,36,0,36,94
12/14/2011,BZN,MT,ANM,WE,Federal Contract Tower,14,28,8,0,50,0,0,24,0,24,14,28,32,0,74,80,0,80,154
12/15/2011,BZN,MT,ANM,WE,Federal Contract Tower,14,27,6,0,47,0,0,51,0,51,14,27,57,0,98,158,0,158,256
12/16/2011,BZN,MT,ANM,WE,Federal Contract Tower,22,41,16,1,80,0,1,107,2,110,22,42,123,3,190,164,0,164,354
12/17/2011,BZN,MT,ANM,WE,Federal Contract Tower,18,28,18,0,64,0,2,76,0,78,18,30,94,0,142,102,0,102,244
12/18/2011,BZN,MT,ANM,WE,Federal Contract Tower,19,38,14,3,74,0,0,70,0,70,19,38,84,3,144,116,0,116,260
12/19/2011,BZN,MT,ANM,WE,Federal Contract Tower,23,34,6,0,63,0,1,13,0,14,23,35,19,0,77,28,0,28,105
12/20/2011,BZN,MT,ANM,WE,Federal Contract Tower,18,35,32,0,85,0,2,65,0,67,18,37,97,0,152,82,0,82,234
12/21/2011,BZN,MT,ANM,WE,Federal Contract Tower,18,41,21,0,80,0,0,2,0,2,18,41,23,0,82,28,0,28,110
12/22/2011,BZN,MT,ANM,WE,Federal Contract Tower,18,31,21,0,70,0,0,43,0,43,18,31,64,0,113,68,0,68,181
12/23/2011,BZN,MT,ANM,WE,Federal Contract Tower,22,36,21,0,79,0,0,33,0,33,22,36,54,0,112,52,0,52,164
12/24/2011,BZN,MT,ANM,WE,Federal Contract Tower,20,27,6,0,53,0,2,23,0,25,20,29,29,0,78,32,0,32,110
12/25/2011,BZN,MT,ANM,WE,Federal Contract Tower,16,30,12,0,58,0,0,17,0,17,16,30,29,0,75,18,0,18,93
12/26/2011,BZN,MT,ANM,WE,Federal Contract Tower,25,36,39,0,100,0,0,39,0,39,25,36,78,0,139,16,0,16,155
12/27/2011,BZN,MT,ANM,WE,Federal Contract Tower,18,39,25,0,82,0,0,34,0,34,18,39,59,0,116,28,0,28,144
12/28/2011,BZN,MT,ANM,WE,Federal Contract Tower,22,27,12,0,61,0,1,17,0,18,22,28,29,0,79,24,0,24,103
12/29/2011,BZN,MT,ANM,WE,Federal Contract Tower,18,40,9,0,67,0,0,7,0,7,18,40,16,0,74,10,0,10,84
12/30/2011,BZN,MT,ANM,WE,Federal Contract Tower,23,35,8,0,66,0,0,24,0,24,23,35,32,0,90,54,0,54,144
12/31/2011,BZN,MT,ANM,WE,Federal Contract Tower,21,31,22,0,74,0,3,5,0,8,21,34,27,0,82,2,0,2,84
01/01/2012,BZN,MT,ANM,WE,Federal Contract Tower,20,46,26,0,92,0,0,8,0,8,20,46,34,0,100,0,0,0,100
01/02/2012,BZN,MT,ANM,WE,Federal Contract Tower,25,49,37,0,111,0,0,93,0,93,25,49,130,0,204,110,0,110,314
01/03/2012,BZN,MT,ANM,WE,Federal Contract Tower,20,25,22,0,67,0,0,46,0,46,20,25,68,0,113,84,0,84,197
01/04/2012,BZN,MT,ANM,WE,Federal Contract Tower,19,26,10,0,55,0,1,72,0,73,19,27,82,0,128,150,0,150,278
01/05/2012,BZN,MT,ANM,WE,Federal Contract Tower,16,25,12,0,53,0,0,29,0,29,16,25,41,0,82,50,0,50,132
01/06/2012,BZN,MT,ANM,WE,Federal Contract Tower,25,23,12,1,61,0,2,78,0,80,25,25,90,1,141,118,20,138,279
01/07/2012,BZN,MT,ANM,WE,Federal Contract Tower,21,20,7,1,49,0,3,67,2,72,21,23,74,3,121,66,0,66,187
01/08/2012,BZN,MT,ANM,WE,Federal Contract Tower,20,14,10,0,44,0,0,35,0,35,20,14,45,0,79,18,0,18,97
01/09/2012,BZN,MT,ANM,WE,Federal Contract Tower,23,20,14,0,57,0,0,79,0,79,23,20,93,0,136,130,0,130,266
01/10/2012,BZN,MT,ANM,WE,Federal Contract Tower,17,21,6,0,44,0,0,17,0,17,17,21,23,0,61,56,0,56,117
01/11/2012,BZN,MT,ANM,WE,Federal Contract Tower,17,22,16,0,55,0,0,42,0,42,17,22,58,0,97,75,0,75,172
01/12/2012,BZN,MT,ANM,WE,Federal Contract Tower,19,28,13,0,60,0,0,67,0,67,19,28,80,0,127,122,0,122,249
01/13/2012,BZN,MT,ANM,WE,Federal Contract Tower,22,37,19,3,81,0,0,71,0,71,22,37,90,3,152,140,0,140,292
01/14/2012,BZN,MT,ANM,WE,Federal Contract Tower,20,23,14,0,57,0,1,38,0,39,20,24,52,0,96,72,0,72,168
01/15/2012,BZN,MT,ANM,WE,Federal Contract Tower,21,18,7,0,46,0,0,0,0,0,21,18,7,0,46,0,0,0,46
01/16/2012,BZN,MT,ANM,WE,Federal Contract Tower,23,38,21,2,84,0,0,21,0,21,23,38,42,2,105,14,0,14,119
01/17/2012,BZN,MT,ANM,WE,Federal Contract Tower,17,21,9,3,50,0,0,39,0,39,17,21,48,3,89,70,0,70,159
01/18/2012,BZN,MT,ANM,WE,Federal Contract Tower,20,26,6,0,52,0,0,30,0,30,20,26,36,0,82,120,0,120,202
01/19/2012,BZN,MT,ANM,WE,Federal Contract Tower,14,27,8,0,49,0,0,43,0,43,14,27,51,0,92,94,0,94,186
01/20/2012,BZN,MT,ANM,WE,Federal Contract Tower,21,22,13,1,57,0,0,49,0,49,21,22,62,1,106,136,0,136,242
01/21/2012,BZN,MT,ANM,WE,Federal Contract Tower,18,19,7,0,44,0,0,12,0,12,18,19,19,0,56,30,0,30,86
01/22/2012,BZN,MT,ANM,WE,Federal Contract Tower,20,18,10,0,48,0,0,41,0,41,20,18,51,0,89,12,0,12,101
01/23/2012,BZN,MT,ANM,WE,Federal Contract Tower,23,19,16,0,58,0,0,67,0,67,23,19,83,0,125,164,0,164,289
01/24/2012,BZN,MT,ANM,WE,Federal Contract Tower,16,26,5,0,47,0,0,101,0,101,16,26,106,0,148,176,0,176,324
01/25/2012,BZN,MT,ANM,WE,Federal Contract Tower,17,20,10,0,47,0,2,1,0,3,17,22,11,0,50,0,0,0,50
01/26/2012,BZN,MT,ANM,WE,Federal Contract Tower,16,26,10,0,52,0,0,46,0,46,16,26,56,0,98,116,0,116,214
01/27/2012,BZN,MT,ANM,WE,Federal Contract Tower,22,31,11,0,64,0,0,66,0,66,22,31,77,0,130,122,0,122,252
01/28/2012,BZN,MT,ANM,WE,Federal Contract Tower,19,19,13,0,51,0,1,67,0,68,19,20,80,0,119,78,0,78,197
01/29/2012,BZN,MT,ANM,WE,Federal Contract Tower,19,21,17,0,57,0,0,10,0,10,19,21,27,0,67,8,0,8,75
01/30/2012,BZN,MT,ANM,WE,Federal Contract Tower,21,24,5,0,50,0,0,17,0,17,21,24,22,0,67,40,0,40,107
01/31/2012,BZN,MT,ANM,WE,Federal Contract Tower,16,21,5,0,42,0,0,86,0,86,16,21,91,0,128,102,0,102,230
02/01/2012,BZN,MT,ANM,WE,Federal Contract Tower,18,23,18,0,59,0,0,91,0,91,18,23,109,0,150,230,0,230,380
02/02/2012,BZN,MT,ANM,WE,Federal Contract Tower,17,24,21,0,62,0,0,36,0,36,17,24,57,0,98,36,0,36,134
02/03/2012,BZN,MT,ANM,WE,Federal Contract Tower,22,23,8,0,53,0,2,102,0,104,22,25,110,0,157,124,0,124,281
02/04/2012,BZN,MT,ANM,WE,Federal Contract Tower,20,14,6,0,40,0,3,140,0,143,20,17,146,0,183,172,0,172,355
02/05/2012,BZN,MT,ANM,WE,Federal Contract Tower,20,18,13,0,51,0,0,62,0,62,20,18,75,0,113,40,0,40,153
02/06/2012,BZN,MT,ANM,WE,Federal Contract Tower,22,23,24,0,69,0,2,58,0,60,22,25,82,0,129,108,0,108,237
02/07/2012,BZN,MT,ANM,WE,Federal Contract Tower,16,20,4,0,40,0,0,72,2,74,16,20,76,2,114,196,0,196,310
02/08/2012,BZN,MT,ANM,WE,Federal Contract Tower,18,22,11,0,51,0,0,110,0,110,18,22,121,0,161,180,0,180,341
02/09/2012,BZN,MT,ANM,WE,Federal Contract Tower,17,25,20,1,63,0,0,67,1,68,17,25,87,2,131,164,0,164,295
02/10/2012,BZN,MT,ANM,WE,Federal Contract Tower,22,23,11,0,56,0,0,9,0,9,22,23,20,0,65,16,0,16,81
02/11/2012,BZN,MT,ANM,WE,Federal Contract Tower,20,20,15,0,55,0,1,15,0,16,20,21,30,0,71,14,0,14,85
02/12/2012,BZN,MT,ANM,WE,Federal Contract Tower,22,25,7,0,54,0,0,50,0,50,22,25,57,0,104,58,0,58,162
02/13/2012,BZN,MT,ANM,WE,Federal Contract Tower,23,25,10,0,58,0,0,58,0,58,23,25,68,0,116,122,0,122,238
02/14/2012,BZN,MT,ANM,WE,Federal Contract Tower,17,22,5,0,44,0,0,21,0,21,17,22,26,0,65,28,0,28,93
02/15/2012,BZN,MT,ANM,WE,Federal Contract Tower,18,23,14,2,57,0,0,108,0,108,18,23,122,2,165,225,0,225,390
02/16/2012,BZN,MT,ANM,WE,Federal Contract Tower,24,44,34,1,103,0,0,78,0,78,24,44,112,1,181,126,0,126,307
02/17/2012,BZN,MT,ANM,WE,Federal Contract Tower,26,55,41,0,122,0,2,105,0,107,26,57,146,0,229,156,0,156,385
02/18/2012,BZN,MT,ANM,WE,Federal Contract Tower,34,36,14,0,84,0,1,40,0,41,34,37,54,0,125,42,0,42,167
02/19/2012,BZN,MT,ANM,WE,Federal Contract Tower,26,27,16,1,70,0,0,63,0,63,26,27,79,1,133,2,0,2,135
02/20/2012,BZN,MT,ANM,WE,Federal Contract Tower,29,60,52,0,141,0,0,23,0,23,29,60,75,0,164,36,0,36,200
02/21/2012,BZN,MT,ANM,WE,Federal Contract Tower,21,31,14,0,66,0,0,42,0,42,21,31,56,0,108,90,0,90,198
02/22/2012,BZN,MT,ANM,WE,Federal Contract Tower,22,27,13,0,62,0,1,19,0,20,22,28,32,0,82,72,0,72,154
02/23/2012,BZN,MT,ANM,WE,Federal Contract Tower,22,27,18,0,67,0,0,42,0,42,22,27,60,0,109,110,0,110,219
02/24/2012,BZN,MT,ANM,WE,Federal Contract Tower,25,33,18,0,76,0,0,77,0,77,25,33,95,0,153,186,0,186,339
02/25/2012,BZN,MT,ANM,WE,Federal Contract Tower,29,22,9,0,60,0,0,3,0,3,29,22,12,0,63,16,0,16,79
02/26/2012,BZN,MT,ANM,WE,Federal Contract Tower,27,35,15,0,77,0,0,20,0,20,27,35,35,0,97,70,0,70,167
02/27/2012,BZN,MT,ANM,WE,Federal Contract Tower,26,20,19,0,65,0,0,145,0,145,26,20,164,0,210,194,0,194,404
02/28/2012,BZN,MT,ANM,WE,Federal Contract Tower,20,24,9,0,53,0,0,70,0,70,20,24,79,0,123,174,0,174,297
02/29/2012,BZN,MT,ANM,WE,Federal Contract Tower,21,26,20,0,67,0,0,98,0,98,21,26,118,0,165,206,0,206,371
03/01/2012,BZN,MT,ANM,WE,Federal Contract Tower,22,30,21,0,73,0,1,33,0,34,22,31,54,0,107,80,0,80,187
03/02/2012,BZN,MT,ANM,WE,Federal Contract Tower,25,24,17,0,66,0,3,52,0,55,25,27,69,0,121,118,0,118,239
03/03/2012,BZN,MT,ANM,WE,Federal Contract Tower,28,19,11,0,58,0,5,48,0,53,28,24,59,0,111,110,0,110,221
03/04/2012,BZN,MT,ANM,WE,Federal Contract Tower,22,24,17,0,63,0,1,56,0,57,22,25,73,0,120,46,0,46,166
03/05/2012,BZN,MT,ANM,WE,Federal Contract Tower,24,26,23,0,73,0,1,43,0,44,24,27,66,0,117,46,0,46,163
03/06/2012,BZN,MT,ANM,WE,Federal Contract Tower,18,20,5,0,43,0,0,6,0,6,18,20,11,0,49,56,0,56,105
03/07/2012,BZN,MT,ANM,WE,Federal Contract Tower,21,25,12,0,58,0,0,98,0,98,21,25,110,0,156,172,0,172,328
03/08/2012,BZN,MT,ANM,WE,Federal Contract Tower,22,23,15,0,60,0,2,137,0,139,22,25,152,0,199,152,0,152,351
03/09/2012,BZN,MT,ANM,WE,Federal Contract Tower,26,31,18,0,75,0,2,113,0,115,26,33,131,0,190,150,0,150,340
03/10/2012,BZN,MT,ANM,WE,Federal Contract Tower,29,20,13,0,62,0,1,105,0,106,29,21,118,0,168,128,0,128,296
03/11/2012,BZN,MT,ANM,WE,Federal Contract Tower,23,25,18,0,66,0,0,49,0,49,23,25,67,0,115,28,0,28,143
03/12/2012,BZN,MT,ANM,WE,Federal Contract Tower,24,28,14,0,66,0,0,60,0,60,24,28,74,0,126,92,0,92,218
03/13/2012,BZN,MT,ANM,WE,Federal Contract Tower,16,18,9,0,43,0,1,18,0,19,16,19,27,0,62,14,0,14,76
03/14/2012,BZN,MT,ANM,WE,Federal Contract Tower,25,28,19,0,72,0,0,7,0,7,25,28,26,0,79,44,0,44,123
03/15/2012,BZN,MT,ANM,WE,Federal Contract Tower,19,36,19,0,74,0,0,63,0,63,19,36,82,0,137,148,0,148,285
03/16/2012,BZN,MT,ANM,WE,Federal Contract Tower,24,35,22,0,81,0,0,40,2,42,24,35,62,2,123,80,0,80,203
03/17/2012,BZN,MT,ANM,WE,Federal Contract Tower,29,24,22,0,75,0,0,20,0,20,29,24,42,0,95,4,0,4,99
03/18/2012,BZN,MT,ANM,WE,Federal Contract Tower,22,36,33,0,91,0,0,2,0,2,22,36,35,0,93,0,0,0,93
03/19/2012,BZN,MT,ANM,WE,Federal Contract Tower,23,29,15,0,67,0,2,0,0,2,23,31,15,0,69,0,0,0,69
03/20/2012,BZN,MT,ANM,WE,Federal Contract Tower,18,25,15,0,58,0,1,65,0,66,18,26,80,0,124,196,0,196,320
03/21/2012,BZN,MT,ANM,WE,Federal Contract Tower,24,24,23,0,71,0,2,112,0,114,24,26,135,0,185,292,0,292,477
03/22/2012,BZN,MT,ANM,WE,Federal Contract Tower,20,35,10,0,65,0,2,92,0,94,20,37,102,0,159,244,0,244,403
03/23/2012,BZN,MT,ANM,WE,Federal Contract Tower,24,31,19,0,74,0,0,73,0,73,24,31,92,0,147,296,0,296,443
03/24/2012,BZN,MT,ANM,WE,Federal Contract Tower,30,29,14,0,73,0,0,50,0,50,30,29,64,0,123,50,0,50,173
03/25/2012,BZN,MT,ANM,WE,Federal Contract Tower,25,28,24,0,77,0,0,59,0,59,25,28,83,0,136,62,0,62,198
03/26/2012,BZN,MT,ANM,WE,Federal Contract Tower,25,23,18,2,68,0,1,76,3,80,25,24,94,5,148,213,18,231,379
03/27/2012,BZN,MT,ANM,WE,Federal Contract Tower,21,21,14,0,56,0,0,81,4,85,21,21,95,4,141,176,8,184,325
03/28/2012,BZN,MT,ANM,WE,Federal Contract Tower,26,14,18,2,60,0,0,68,1,69,26,14,86,3,129,110,8,118,247
03/29/2012,BZN,MT,ANM,WE,Federal Contract Tower,20,30,12,0,62,0,0,76,0,76,20,30,88,0,138,170,0,170,308
03/30/2012,BZN,MT,ANM,WE,Federal Contract Tower,25,31,11,6,73,0,2,28,1,31,25,33,39,7,104,60,0,60,164
03/31/2012,BZN,MT,ANM,WE,Federal Contract Tower,30,20,13,0,63,0,3,13,0,16,30,23,26,0,79,40,0,40,119
04/01/2012,BZN,MT,ANM,WE,Federal Contract Tower,20,13,17,0,50,0,0,5,0,5,20,13,22,0,55,0,0,0,55
04/02/2012,BZN,MT,ANM,WE,Federal Contract Tower,23,14,18,0,55,0,0,86,2,88,23,14,104,2,143,304,0,304,447
04/03/2012,BZN,MT,ANM,WE,Federal Contract Tower,19,24,9,1,53,0,0,146,12,158,19,24,155,13,211,208,0,208,419
04/04/2012,BZN,MT,ANM,WE,Federal Contract Tower,23,19,14,0,56,0,1,76,14,91,23,20,90,14,147,162,0,162,309
04/05/2012,BZN,MT,ANM,WE,Federal Contract Tower,19,20,12,0,51,0,1,22,0,23,19,21,34,0,74,194,0,194,268
04/06/2012,BZN,MT,ANM,WE,Federal Contract Tower,22,16,5,0,43,0,0,0,0,0,22,16,5,0,43,0,0,0,43
04/07/2012,BZN,MT,ANM,WE,Federal Contract Tower,19,15,11,0,45,0,2,36,0,38,19,17,47,0,83,24,0,24,107
04/08/2012,BZN,MT,ANM,WE,Federal Contract Tower,21,12,7,0,40,0,0,58,0,58,21,12,65,0,98,98,0,98,196
04/09/2012,BZN,MT,ANM,WE,Federal Contract Tower,20,22,18,1,61,0,2,93,1,96,20,24,111,2,157,194,0,194,351
04/10/2012,BZN,MT,ANM,WE,Federal Contract Tower,17,15,11,0,43,0,1,125,6,132,17,16,136,6,175,210,0,210,385
04/11/2012,BZN,MT,ANM,WE,Federal Contract Tower,19,19,20,2,60,0,1,105,0,106,19,20,125,2,166,258,0,258,424
04/12/2012,BZN,MT,ANM,WE,Federal Contract Tower,17,17,14,0,48,0,0,18,2,20,17,17,32,2,68,62,0,62,130
04/13/2012,BZN,MT,ANM,WE,Federal Contract Tower,23,21,15,1,60,0,5,104,0,109,23,26,119,1,169,294,0,294,463
04/14/2012,BZN,MT,ANM,WE,Federal Contract Tower,18,15,4,0,37,0,5,81,2,88,18,20,85,2,125,66,0,66,191
04/15/2012,BZN,MT,ANM,WE,Federal Contract Tower,17,17,15,0,49,0,0,31,0,31,17,17,46,0,80,114,0,114,194
04/16/2012,BZN,MT,ANM,WE,Federal Contract Tower,21,18,5,0,44,0,0,103,0,103,21,18,108,0,147,258,0,258,405
04/17/2012,BZN,MT,ANM,WE,Federal Contract Tower,17,17,10,0,44,0,0,47,0,47,17,17,57,0,91,218,0,218,309
04/18/2012,BZN,MT,ANM,WE,Federal Contract Tower,19,18,7,0,44,0,0,22,0,22,19,18,29,0,66,116,0,116,182
04/19/2012,BZN,MT,ANM,WE,Federal Contract Tower,18,22,10,0,50,0,0,48,0,48,18,22,58,0,98,180,0,180,278
04/20/2012,BZN,MT,ANM,WE,Federal Contract Tower,21,19,6,0,46,0,2,35,0,37,21,21,41,0,83,54,0,54,137
04/21/2012,BZN,MT,ANM,WE,Federal Contract Tower,20,9,4,0,33,0,7,70,0,77,20,16,74,0,110,82,0,82,192
04/22/2012,BZN,MT,ANM,WE,Federal Contract Tower,18,17,8,0,43,0,0,68,0,68,18,17,76,0,111,96,0,96,207
04/23/2012,BZN,MT,ANM,WE,Federal Contract Tower,20,18,4,0,42,0,2,67,0,69,20,20,71,0,111,160,0,160,271
04/24/2012,BZN,MT,ANM,WE,Federal Contract Tower,20,17,4,0,41,0,1,76,0,77,20,18,80,0,118,172,0,172,290
04/25/2012,BZN,MT,ANM,WE,Federal Contract Tower,19,16,11,0,46,0,0,67,0,67,19,16,78,0,113,156,0,156,269
04/26/2012,BZN,MT,ANM,WE,Federal Contract Tower,16,21,11,0,48,0,0,51,0,51,16,21,62,0,99,122,0,122,221
04/27/2012,BZN,MT,ANM,WE,Federal Contract Tower,24,20,5,1,50,0,0,1,0,1,24,20,6,1,51,0,0,0,51
04/28/2012,BZN,MT,ANM,WE,Federal Contract Tower,20,14,3,0,37,0,1,11,0,12,20,15,14,0,49,8,0,8,57
04/29/2012,BZN,MT,ANM,WE,Federal Contract Tower,18,13,5,1,37,0,0,18,0,18,18,13,23,1,55,122,0,122,177
04/30/2012,BZN,MT,ANM,WE,Federal Contract Tower,22,16,10,0,48,0,0,34,0,34,22,16,44,0,82,130,0,130,212
05/01/2012,BZN,MT,ANM,WE,Federal Contract Tower,16,15,6,0,37,0,0,20,0,20,16,15,26,0,57,72,0,72,129
05/02/2012,BZN,MT,ANM,WE,Federal Contract Tower,18,18,13,0,49,0,1,63,0,64,18,19,76,0,113,224,0,224,337
05/03/2012,BZN,MT,ANM,WE,Federal Contract Tower,15,17,11,0,43,0,0,47,0,47,15,17,58,0,90,188,0,188,278
05/04/2012,BZN,MT,ANM,WE,Federal Contract Tower,24,17,6,1,48,0,0,97,0,97,24,17,103,1,145,244,0,244,389
05/05/2012,BZN,MT,ANM,WE,Federal Contract Tower,20,12,6,1,39,0,0,9,0,9,20,12,15,1,48,8,0,8,56
05/06/2012,BZN,MT,ANM,WE,Federal Contract Tower,19,16,11,0,46,0,0,61,0,61,19,16,72,0,107,80,0,80,187
05/07/2012,BZN,MT,ANM,WE,Federal Contract Tower,24,16,4,0,44,0,0,75,4,79,24,16,79,4,123,134,0,134,257
05/08/2012,BZN,MT,ANM,WE,Federal Contract Tower,15,22,9,0,46,0,4,84,0,88,15,26,93,0,134,244,0,244,378
05/09/2012,BZN,MT,ANM,WE,Federal Contract Tower,19,20,12,0,51,0,1,82,2,85,19,21,94,2,136,198,0,198,334
05/10/2012,BZN,MT,ANM,WE,Federal Contract Tower,17,24,12,0,53,0,0,20,0,20,17,24,32,0,73,56,0,56,129
05/11/2012,BZN,MT,ANM,WE,Federal Contract Tower,26,21,12,5,64,0,0,106,1,107,26,21,118,6,171,294,0,294,465
05/12/2012,BZN,MT,ANM,WE,Federal Contract Tower,20,11,6,4,41,0,0,80,0,80,20,11,86,4,121,28,0,28,149
05/13/2012,BZN,MT,ANM,WE,Federal Contract Tower,21,15,3,0,39,0,2,34,0,36,21,17,37,0,75,2,0,2,77
05/14/2012,BZN,MT,ANM,WE,Federal Contract Tower,24,14,14,0,52,0,1,85,0,86,24,15,99,0,138,88,0,88,226
05/15/2012,BZN,MT,ANM,WE,Federal Contract Tower,16,19,11,0,46,0,0,92,0,92,16,19,103,0,138,98,0,98,236
05/16/2012,BZN,MT,ANM,WE,Federal Contract Tower,17,20,12,0,49,0,2,49,0,51,17,22,61,0,100,112,0,112,212
05/17/2012,BZN,MT,ANM,WE,Federal Contract Tower,23,18,26,0,67,0,1,52,0,53,23,19,78,0,120,86,0,86,206
05/18/2012,BZN,MT,ANM,WE,Federal Contract Tower,27,19,12,0,58,0,1,32,2,35,27,20,44,2,93,46,0,46,139
05/19/2012,BZN,MT,ANM,WE,Federal Contract Tower,20,13,3,0,36,0,3,68,0,71,20,16,71,0,107,44,0,44,151
05/20/2012,BZN,MT,ANM,WE,Federal Contract Tower,21,15,7,0,43,0,0,50,0,50,21,15,57,0,93,154,0,154,247
05/21/2012,BZN,MT,ANM,WE,Federal Contract Tower,21,16,6,0,43,0,3,62,0,65,21,19,68,0,108,74,0,74,182
05/22/2012,BZN,MT,ANM,WE,Federal Contract Tower,18,21,8,0,47,0,8,23,0,31,18,29,31,0,78,60,0,60,138
05/23/2012,BZN,MT,ANM,WE,Federal Contract Tower,18,22,15,4,59,0,2,31,1,34,18,24,46,5,93,70,0,70,163
05/24/2012,BZN,MT,ANM,WE,Federal Contract Tower,24,17,18,3,62,0,3,50,0,53,24,20,68,3,115,98,0,98,213
05/25/2012,BZN,MT,ANM,WE,Federal Contract Tower,22,18,17,0,57,0,1,25,0,26,22,19,42,0,83,92,0,92,175
05/26/2012,BZN,MT,ANM,WE,Federal Contract Tower,21,13,6,0,40,0,0,0,0,0,21,13,6,0,40,0,0,0,40
05/27/2012,BZN,MT,ANM,WE,Federal Contract Tower,24,6,7,0,37,0,1,5,0,6,24,7,12,0,43,0,0,0,43
05/28/2012,BZN,MT,ANM,WE,Federal Contract Tower,22,12,10,1,45,0,0,45,2,47,22,12,55,3,92,92,0,92,184
05/29/2012,BZN,MT,ANM,WE,Federal Contract Tower,20,19,4,0,43,0,0,60,0,60,20,19,64,0,103,98,0,98,201
05/30/2012,BZN,MT,ANM,WE,Federal Contract Tower,18,26,21,2,67,0,0,74,0,74,18,26,95,2,141,138,8,146,287
05/31/2012,BZN,MT,ANM,WE,Federal Contract Tower,22,16,11,0,49,0,5,78,0,83,22,21,89,0,132,104,0,104,236
06/01/2012,BZN,MT,ANM,WE,Federal Contract Tower,22,23,8,0,53,0,1,75,0,76,22,24,83,0,129,168,0,168,297
06/02/2012,BZN,MT,ANM,WE,Federal Contract Tower,20,8,7,0,35,0,4,38,0,42,20,12,45,0,77,46,0,46,123
06/03/2012,BZN,MT,ANM,WE,Federal Contract Tower,22,15,8,0,45,0,0,37,0,37,22,15,45,0,82,76,0,76,158
06/04/2012,BZN,MT,ANM,WE,Federal Contract Tower,24,22,10,0,56,0,5,53,0,58,24,27,63,0,114,62,0,62,176
06/05/2012,BZN,MT,ANM,WE,Federal Contract Tower,20,15,6,0,41,0,0,59,0,59,20,15,65,0,100,130,0,130,230
06/06/2012,BZN,MT,ANM,WE,Federal Contract Tower,20,21,8,0,49,0,2,35,0,37,20,23,43,0,86,68,0,68,154
06/07/2012,BZN,MT,ANM,WE,Federal Contract Tower,39,27,13,0,79,0,7,110,0,117,39,34,123,0,196,134,0,134,330
06/08/2012,BZN,MT,ANM,WE,Federal Contract Tower,28,36,7,0,71,1,0,63,0,64,29,36,70,0,135,98,0,98,233
06/09/2012,BZN,MT,ANM,WE,Federal Contract Tower,34,30,6,0,70,0,0,15,0,15,34,30,21,0,85,12,0,12,97
06/10/2012,BZN,MT,ANM,WE,Federal Contract Tower,36,22,10,0,68,0,3,3,0,6,36,25,13,0,74,10,0,10,84
06/11/2012,BZN,MT,ANM,WE,Federal Contract Tower,29,26,13,0,68,0,2,93,0,95,29,28,106,0,163,92,0,92,255
06/12/2012,BZN,MT,ANM,WE,Federal Contract Tower,26,25,18,0,69,0,0,70,0,70,26,25,88,0,139,100,0,100,239
06/13/2012,BZN,MT,ANM,WE,Federal Contract Tower,50,27,14,0,91,0,0,94,0,94,50,27,108,0,185,112,0,112,297
06/14/2012,BZN,MT,ANM,WE,Federal Contract Tower,34,29,12,0,75,0,1,129,0,130,34,30,141,0,205,130,0,130,335
06/15/2012,BZN,MT,ANM,WE,Federal Contract Tower,29,33,6,0,68,0,5,68,0,73,29,38,74,0,141,76,0,76,217
06/16/2012,BZN,MT,ANM,WE,Federal Contract Tower,32,26,6,0,64,0,3,80,0,83,32,29,86,0,147,72,0,72,219
06/17/2012,BZN,MT,ANM,WE,Federal Contract Tower,34,25,6,0,65,0,0,41,0,41,34,25,47,0,106,6,0,6,112
06/18/2012,BZN,MT,ANM,WE,Federal Contract Tower,29,24,15,0,68,0,1,52,0,53,29,25,67,0,121,60,0,60,181
06/19/2012,BZN,MT,ANM,WE,Federal Contract Tower,26,31,7,0,64,0,1,27,0,28,26,32,34,0,92,56,0,56,148
06/20/2012,BZN,MT,ANM,WE,Federal Contract Tower,33,27,9,0,69,0,4,71,0,75,33,31,80,0,144,128,0,128,272
06/21/2012,BZN,MT,ANM,WE,Federal Contract Tower,41,26,13,0,80,0,2,109,0,111,41,28,122,0,191,128,0,128,319
06/22/2012,BZN,MT,ANM,WE,Federal Contract Tower,28,34,9,0,71,0,4,59,1,64,28,38,68,1,135,26,0,26,161
06/23/2012,BZN,MT,ANM,WE,Federal Contract Tower,32,21,9,0,62,0,6,74,0,80,32,27,83,0,142,92,0,92,234
06/24/2012,BZN,MT,ANM,WE,Federal Contract Tower,34,22,10,0,66,0,0,63,0,63,34,22,73,0,129,28,0,28,157
06/25/2012,BZN,MT,ANM,WE,Federal Contract Tower,30,25,10,0,65,0,3,52,0,55,30,28,62,0,120,64,0,64,184
06/26/2012,BZN,MT,ANM,WE,Federal Contract Tower,25,29,9,0,63,0,1,32,0,33,25,30,41,0,96,4,0,4,100
06/27/2012,BZN,MT,ANM,WE,Federal Contract Tower,27,30,22,0,79,1,4,106,0,111,28,34,128,0,190,108,0,108,298
06/28/2012,BZN,MT,ANM,WE,Federal Contract Tower,36,29,23,0,88,0,5,99,0,104,36,34,122,0,192,86,0,86,278
06/29/2012,BZN,MT,ANM,WE,Federal Contract Tower,31,35,26,0,92,0,3,110,0,113,31,38,136,0,205,50,0,50,255
06/30/2012,BZN,MT,ANM,WE,Federal Contract Tower,32,46,24,0,102,0,4,109,0,113,32,50,133,0,215,46,0,46,261
07/01/2012,BZN,MT,ANM,WE,Federal Contract Tower,34,29,22,1,86,0,0,44,0,44,34,29,66,1,130,44,0,44,174
07/02/2012,BZN,MT,ANM,WE,Federal Contract Tower,32,25,14,2,73,0,5,85,1,91,32,30,99,3,164,22,0,22,186
07/03/2012,BZN,MT,ANM,WE,Federal Contract Tower,27,35,10,7,79,0,2,54,12,68,27,37,64,19,147,46,0,46,193
07/04/2012,BZN,MT,ANM,WE,Federal Contract Tower,22,17,2,0,41,0,2,91,0,93,22,19,93,0,134,52,0,52,186
07/05/2012,BZN,MT,ANM,WE,Federal Contract Tower,31,28,18,0,77,0,2,72,0,74,31,30,90,0,151,86,0,86,237
07/06/2012,BZN,MT,ANM,WE,Federal Contract Tower,31,42,16,2,91,0,7,122,0,129,31,49,138,2,220,152,0,152,372
07/07/2012,BZN,MT,ANM,WE,Federal Contract Tower,36,26,16,0,78,0,8,98,0,106,36,34,114,0,184,60,0,60,244
07/08/2012,BZN,MT,ANM,WE,Federal Contract Tower,37,38,28,0,103,0,1,74,0,75,37,39,102,0,178,72,0,72,250
07/09/2012,BZN,MT,ANM,WE,Federal Contract Tower,30,31,15,0,76,0,1,77,0,78,30,32,92,0,154,54,0,54,208
07/10/2012,BZN,MT,ANM,WE,Federal Contract Tower,24,33,8,0,65,0,4,54,0,58,24,37,62,0,123,122,0,122,245
07/11/2012,BZN,MT,ANM,WE,Federal Contract Tower,25,39,15,0,79,0,1,70,0,71,25,40,85,0,150,68,0,68,218
07/12/2012,BZN,MT,ANM,WE,Federal Contract Tower,30,38,15,0,83,0,1,106,0,107,30,39,121,0,190,70,0,70,260
07/13/2012,BZN,MT,ANM,WE,Federal Contract Tower,27,35,20,0,82,0,2,53,2,57,27,37,73,2,139,40,0,40,179
07/14/2012,BZN,MT,ANM,WE,Federal Contract Tower,33,23,18,0,74,0,2,38,0,40,33,25,56,0,114,60,0,60,174
07/15/2012,BZN,MT,ANM,WE,Federal Contract Tower,36,23,16,0,75,0,0,34,0,34,36,23,50,0,109,34,0,34,143
07/16/2012,BZN,MT,ANM,WE,Federal Contract Tower,25,35,24,2,86,0,8,62,0,70,25,43,86,2,156,98,0,98,254
07/17/2012,BZN,MT,ANM,WE,Federal Contract Tower,26,31,16,0,73,0,2,51,0,53,26,33,67,0,126,64,0,64,190
07/18/2012,BZN,MT,ANM,WE,Federal Contract Tower,25,35,20,0,80,0,0,85,0,85,25,35,105,0,165,88,0,88,253
07/19/2012,BZN,MT,ANM,WE,Federal Contract Tower,36,41,20,0,97,0,7,133,0,140,36,48,153,0,237,194,0,194,431
07/20/2012,BZN,MT,ANM,WE,Federal Contract Tower,30,32,31,0,93,0,4,76,0,80,30,36,107,0,173,142,0,142,315
07/21/2012,BZN,MT,ANM,WE,Federal Contract Tower,34,32,15,0,81,0,2,82,0,84,34,34,97,0,165,18,0,18,183
07/22/2012,BZN,MT,ANM,WE,Federal Contract Tower,37,33,27,0,97,0,0,81,0,81,37,33,108,0,178,38,0,38,216
07/23/2012,BZN,MT,ANM,WE,Federal Contract Tower,30,24,12,0,66,0,2,68,2,72,30,26,80,2,138,54,0,54,192
07/24/2012,BZN,MT,ANM,WE,Federal Contract Tower,26,34,23,0,83,0,0,70,0,70,26,34,93,0,153,86,0,86,239
07/25/2012,BZN,MT,ANM,WE,Federal Contract Tower,31,33,25,0,89,0,5,87,0,92,31,38,112,0,181,200,0,200,381
07/26/2012,BZN,MT,ANM,WE,Federal Contract Tower,40,29,22,0,91,0,1,101,0,102,40,30,123,0,193,154,0,154,347
07/27/2012,BZN,MT,ANM,WE,Federal Contract Tower,35,30,22,0,87,0,5,91,0,96,35,35,113,0,183,104,0,104,287
07/28/2012,BZN,MT,ANM,WE,Federal Contract Tower,33,26,15,4,78,0,5,75,1,81,33,31,90,5,159,72,0,72,231
07/29/2012,BZN,MT,ANM,WE,Federal Contract Tower,36,23,23,0,82,0,1,58,0,59,36,24,81,0,141,28,0,28,169
07/30/2012,BZN,MT,ANM,WE,Federal Contract Tower,30,31,29,0,90,0,0,79,3,82,30,31,108,3,172,145,0,145,317
07/31/2012,BZN,MT,ANM,WE,Federal Contract Tower,25,35,25,2,87,0,1,98,0,99,25,36,123,2,186,226,0,226,412
08/01/2012,BZN,MT,ANM,WE,Federal Contract Tower,25,38,25,2,90,0,2,76,2,80,25,40,101,4,170,114,0,114,284
08/02/2012,BZN,MT,ANM,WE,Federal Contract Tower,32,42,27,0,101,0,7,97,0,104,32,49,124,0,205,48,0,48,253
08/03/2012,BZN,MT,ANM,WE,Federal Contract Tower,27,40,20,6,93,0,0,53,1,54,27,40,73,7,147,36,0,36,183
08/04/2012,BZN,MT,ANM,WE,Federal Contract Tower,32,22,17,0,71,0,5,126,0,131,32,27,143,0,202,114,0,114,316
08/05/2012,BZN,MT,ANM,WE,Federal Contract Tower,39,29,24,0,92,0,0,64,2,66,39,29,88,2,158,58,0,58,216
08/06/2012,BZN,MT,ANM,WE,Federal Contract Tower,28,34,17,0,79,0,2,72,0,74,28,36,89,0,153,64,0,64,217
08/07/2012,BZN,MT,ANM,WE,Federal Contract Tower,25,38,13,0,76,0,1,90,0,91,25,39,103,0,167,116,0,116,283
08/08/2012,BZN,MT,ANM,WE,Federal Contract Tower,26,39,21,0,86,0,8,92,2,102,26,47,113,2,188,124,0,124,312
08/09/2012,BZN,MT,ANM,WE,Federal Contract Tower,33,39,29,0,101,0,5,97,0,102,33,44,126,0,203,146,0,146,349
08/10/2012,BZN,MT,ANM,WE,Federal Contract Tower,28,34,19,1,82,0,2,45,2,49,28,36,64,3,131,48,0,48,179
08/11/2012,BZN,MT,ANM,WE,Federal Contract Tower,30,28,17,0,75,0,1,89,0,90,30,29,106,0,165,104,0,104,269
08/12/2012,BZN,MT,ANM,WE,Federal Contract Tower,37,32,18,1,88,0,4,75,0,79,37,36,93,1,167,64,0,64,231
08/13/2012,BZN,MT,ANM,WE,Federal Contract Tower,29,33,16,0,78,0,6,77,0,83,29,39,93,0,161,164,0,164,325
08/14/2012,BZN,MT,ANM,WE,Federal Contract Tower,25,34,10,0,69,0,3,63,0,66,25,37,73,0,135,86,0,86,221
08/15/2012,BZN,MT,ANM,WE,Federal Contract Tower,24,33,18,0,75,0,2,49,0,51,24,35,67,0,126,106,0,106,232
08/16/2012,BZN,MT,ANM,WE,Federal Contract Tower,31,45,19,0,95,0,0,75,0,75,31,45,94,0,170,26,0,26,196
08/17/2012,BZN,MT,ANM,WE,Federal Contract Tower,26,36,27,0,89,0,8,86,0,94,26,44,113,0,183,40,0,40,223
08/18/2012,BZN,MT,ANM,WE,Federal Contract Tower,26,32,16,4,78,0,5,117,0,122,26,37,133,4,200,36,0,36,236
08/19/2012,BZN,MT,ANM,WE,Federal Contract Tower,28,33,21,0,82,0,3,49,0,52,28,36,70,0,134,16,0,16,150
08/20/2012,BZN,MT,ANM,WE,Federal Contract Tower,28,32,13,0,73,0,4,62,0,66,28,36,75,0,139,80,0,80,219
08/21/2012,BZN,MT,ANM,WE,Federal Contract Tower,24,41,10,0,75,0,2,90,0,92,24,43,100,0,167,90,0,90,257
08/22/2012,BZN,MT,ANM,WE,Federal Contract Tower,26,33,20,0,79,0,1,109,0,110,26,34,129,0,189,134,0,134,323
08/23/2012,BZN,MT,ANM,WE,Federal Contract Tower,30,36,30,0,96,0,3,94,0,97,30,39,124,0,193,96,0,96,289
08/24/2012,BZN,MT,ANM,WE,Federal Contract Tower,28,37,24,0,89,0,3,70,0,73,28,40,94,0,162,80,0,80,242
08/25/2012,BZN,MT,ANM,WE,Federal Contract Tower,28,18,12,0,58,0,4,61,6,71,28,22,73,6,129,72,0,72,201
08/26/2012,BZN,MT,ANM,WE,Federal Contract Tower,26,22,24,0,72,0,1,62,0,63,26,23,86,0,135,34,0,34,169
08/27/2012,BZN,MT,ANM,WE,Federal Contract Tower,26,28,9,0,63,0,1,104,0,105,26,29,113,0,168,74,0,74,242
08/28/2012,BZN,MT,ANM,WE,Federal Contract Tower,20,27,7,0,54,0,6,120,0,126,20,33,127,0,180,106,0,106,286
08/29/2012,BZN,MT,ANM,WE,Federal Contract Tower,22,33,18,0,73,0,2,63,0,65,22,35,81,0,138,80,0,80,218
08/30/2012,BZN,MT,ANM,WE,Federal Contract Tower,29,35,20,1,85,0,2,122,0,124,29,37,142,1,209,82,0,82,291
08/31/2012,BZN,MT,ANM,WE,Federal Contract Tower,28,27,22,1,78,0,3,98,0,101,28,30,120,1,179,158,0,158,337
09/01/2012,BZN,MT,ANM,WE,Federal Contract Tower,26,23,8,0,57,0,6,77,0,83,26,29,85,0,140,22,0,22,162
09/02/2012,BZN,MT,ANM,WE,Federal Contract Tower,24,18,13,0,55,0,3,56,0,59,24,21,69,0,114,10,0,10,124
09/03/2012,BZN,MT,ANM,WE,Federal Contract Tower,26,27,21,0,74,0,0,64,0,64,26,27,85,0,138,34,0,34,172
09/04/2012,BZN,MT,ANM,WE,Federal Contract Tower,22,28,8,0,58,0,3,85,0,88,22,31,93,0,146,94,0,94,240
09/05/2012,BZN,MT,ANM,WE,Federal Contract Tower,23,20,22,0,65,0,1,104,0,105,23,21,126,0,170,158,0,158,328
09/06/2012,BZN,MT,ANM,WE,Federal Contract Tower,24,26,17,0,67,0,1,90,0,91,24,27,107,0,158,74,0,74,232
09/07/2012,BZN,MT,ANM,WE,Federal Contract Tower,30,20,12,0,62,0,2,113,6,121,30,22,125,6,183,148,0,148,331
09/08/2012,BZN,MT,ANM,WE,Federal Contract Tower,24,18,16,0,58,0,2,114,0,116,24,20,130,0,174,52,0,52,226
09/09/2012,BZN,MT,ANM,WE,Federal Contract Tower,24,19,9,0,52,1,2,80,0,83,25,21,89,0,135,44,0,44,179
09/10/2012,BZN,MT,ANM,WE,Federal Contract Tower,26,20,26,0,72,0,2,64,0,66,26,22,90,0,138,112,0,112,250
09/11/2012,BZN,MT,ANM,WE,Federal Contract Tower,24,18,16,0,58,0,0,99,0,99,24,18,115,0,157,174,0,174,331
09/12/2012,BZN,MT,ANM,WE,Federal Contract Tower,25,17,26,1,69,0,1,137,0,138,25,18,163,1,207,134,0,134,341
09/13/2012,BZN,MT,ANM,WE,Federal Contract Tower,27,29,18,0,74,0,1,144,0,145,27,30,162,0,219,174,0,174,393
09/14/2012,BZN,MT,ANM,WE,Federal Contract Tower,30,22,15,0,67,0,1,125,0,126,30,23,140,0,193,120,0,120,313
09/15/2012,BZN,MT,ANM,WE,Federal Contract Tower,26,19,14,0,59,0,0,105,0,105,26,19,119,0,164,114,0,114,278
09/16/2012,BZN,MT,ANM,WE,Federal Contract Tower,28,26,21,0,75,0,0,41,0,41,28,26,62,0,116,14,0,14,130
09/17/2012,BZN,MT,ANM,WE,Federal Contract Tower,28,17,18,0,63,0,2,88,0,90,28,19,106,0,153,28,0,28,181
09/18/2012,BZN,MT,ANM,WE,Federal Contract Tower,27,22,13,0,62,0,0,102,0,102,27,22,115,0,164,202,0,202,366
09/19/2012,BZN,MT,ANM,WE,Federal Contract Tower,24,19,16,0,59,0,0,105,0,105,24,19,121,0,164,160,0,160,324
09/20/2012,BZN,MT,ANM,WE,Federal Contract Tower,28,28,15,0,71,0,0,69,0,69,28,28,84,0,140,132,0,132,272
09/21/2012,BZN,MT,ANM,WE,Federal Contract Tower,30,21,17,1,69,0,2,107,0,109,30,23,124,1,178,206,0,206,384
09/22/2012,BZN,MT,ANM,WE,Federal Contract Tower,25,16,11,1,53,0,2,72,0,74,25,18,83,1,127,28,0,28,155
09/23/2012,BZN,MT,ANM,WE,Federal Contract Tower,28,16,16,0,60,0,2,60,0,62,28,18,76,0,122,46,0,46,168
09/24/2012,BZN,MT,ANM,WE,Federal Contract Tower,28,15,11,0,54,0,3,107,0,110,28,18,118,0,164,156,0,156,320
09/25/2012,BZN,MT,ANM,WE,Federal Contract Tower,24,18,7,0,49,0,2,109,0,111,24,20,116,0,160,176,0,176,336
09/26/2012,BZN,MT,ANM,WE,Federal Contract Tower,22,18,17,0,57,0,0,105,0,105,22,18,122,0,162,236,0,236,398
09/27/2012,BZN,MT,ANM,WE,Federal Contract Tower,27,17,10,0,54,0,3,84,0,87,27,20,94,0,141,140,0,140,281
09/28/2012,BZN,MT,ANM,WE,Federal Contract Tower,30,17,17,0,64,0,5,110,0,115,30,22,127,0,179,206,0,206,385
09/29/2012,BZN,MT,ANM,WE,Federal Contract Tower,25,15,6,0,46,0,5,50,1,56,25,20,56,1,102,36,0,36,138
09/30/2012,BZN,MT,ANM,WE,Federal Contract Tower,25,19,17,0,61,0,0,57,0,57,25,19,74,0,118,60,0,60,178
10/01/2012,BZN,MT,ANM,WE,Federal Contract Tower,27,20,19,0,66,0,1,112,0,113,27,21,131,0,179,190,0,190,369
10/02/2012,BZN,MT,ANM,WE,Federal Contract Tower,23,20,13,0,56,0,2,94,1,97,23,22,107,1,153,178,0,178,331
10/03/2012,BZN,MT,ANM,WE,Federal Contract Tower,23,21,13,0,57,0,0,15,0,15,23,21,28,0,72,40,0,40,112
10/04/2012,BZN,MT,ANM,WE,Federal Contract Tower,28,14,12,0,54,0,3,91,0,94,28,17,103,0,148,248,0,248,396
10/05/2012,BZN,MT,ANM,WE,Federal Contract Tower,28,15,16,0,59,0,2,72,0,74,28,17,88,0,133,172,0,172,305
10/06/2012,BZN,MT,ANM,WE,Federal Contract Tower,20,11,5,0,36,0,8,100,0,108,20,19,105,0,144,56,0,56,200
10/07/2012,BZN,MT,ANM,WE,Federal Contract Tower,26,13,10,0,49,0,0,53,0,53,26,13,63,0,102,24,0,24,126
10/08/2012,BZN,MT,ANM,WE,Federal Contract Tower,25,11,6,0,42,0,1,58,0,59,25,12,64,0,101,162,0,162,263
10/09/2012,BZN,MT,ANM,WE,Federal Contract Tower,21,16,13,0,50,0,1,74,0,75,21,17,87,0,125,144,0,144,269
10/10/2012,BZN,MT,ANM,WE,Federal Contract Tower,22,26,9,0,57,0,2,118,0,120,22,28,127,0,177,218,0,218,395
10/11/2012,BZN,MT,ANM,WE,Federal Contract Tower,24,21,9,0,54,0,0,76,0,76,24,21,85,0,130,232,0,232,362
10/12/2012,BZN,MT,ANM,WE,Federal Contract Tower,24,19,17,1,61,0,3,123,0,126,24,22,140,1,187,206,0,206,393
10/13/2012,BZN,MT,ANM,WE,Federal Contract Tower,20,11,1,1,33,0,5,54,0,59,20,16,55,1,92,104,0,104,196
10/14/2012,BZN,MT,ANM,WE,Federal Contract Tower,26,12,11,0,49,0,0,47,0,47,26,12,58,0,96,40,0,40,136
10/15/2012,BZN,MT,ANM,WE,Federal Contract Tower,26,9,14,1,50,0,3,33,1,37,26,12,47,2,87,30,0,30,117
10/16/2012,BZN,MT,ANM,WE,Federal Contract Tower,25,15,7,1,48,0,2,30,0,32,25,17,37,1,80,64,0,64,144
10/17/2012,BZN,MT,ANM,WE,Federal Contract Tower,24,14,14,0,52,0,2,52,0,54,24,16,66,0,106,68,0,68,174
10/18/2012,BZN,MT,ANM,WE,Federal Contract Tower,30,20,22,1,73,0,5,118,0,123,30,25,140,1,196,152,0,152,348
10/19/2012,BZN,MT,ANM,WE,Federal Contract Tower,29,18,13,4,64,3,6,76,1,86,32,24,89,5,150,74,0,74,224
10/20/2012,BZN,MT,ANM,WE,Federal Contract Tower,22,10,9,0,41,0,8,22,0,30,22,18,31,0,71,10,0,10,81
10/21/2012,BZN,MT,ANM,WE,Federal Contract Tower,27,22,11,1,61,0,0,32,0,32,27,22,43,1,93,26,0,26,119
10/22/2012,BZN,MT,ANM,WE,Federal Contract Tower,28,13,9,0,50,0,0,51,0,51,28,13,60,0,101,62,0,62,163
10/23/2012,BZN,MT,ANM,WE,Federal Contract Tower,23,18,14,0,55,0,0,11,0,11,23,18,25,0,66,22,0,22,88
10/24/2012,BZN,MT,ANM,WE,Federal Contract Tower,26,16,14,0,56,0,0,1,0,1,26,16,15,0,57,0,0,0,57
10/25/2012,BZN,MT,ANM,WE,Federal Contract Tower,28,11,13,0,52,0,0,2,0,2,28,11,15,0,54,0,0,0,54
10/26/2012,BZN,MT,ANM,WE,Federal Contract Tower,29,18,18,0,65,0,3,105,0,108,29,21,123,0,173,132,0,132,305
10/27/2012,BZN,MT,ANM,WE,Federal Contract Tower,23,16,7,8,54,0,0,23,0,23,23,16,30,8,77,40,0,40,117
10/28/2012,BZN,MT,ANM,WE,Federal Contract Tower,29,11,10,0,50,0,9,10,0,19,29,20,20,0,69,32,0,32,101
10/29/2012,BZN,MT,ANM,WE,Federal Contract Tower,27,9,14,0,50,0,2,44,0,46,27,11,58,0,96,42,0,42,138
10/30/2012,BZN,MT,ANM,WE,Federal Contract Tower,23,11,3,0,37,0,0,94,0,94,23,11,97,0,131,160,0,160,291
10/31/2012,BZN,MT,ANM,WE,Federal Contract Tower,23,12,13,0,48,0,2,147,0,149,23,14,160,0,197,280,0,280,477
11/01/2012,BZN,MT,ANM,WE,Federal Contract Tower,26,18,11,0,55,0,2,61,0,63,26,20,72,0,118,98,0,98,216
11/02/2012,BZN,MT,ANM,WE,Federal Contract Tower,29,14,10,2,55,0,3,85,2,90,29,17,95,4,145,158,0,158,303
11/03/2012,BZN,MT,ANM,WE,Federal Contract Tower,24,10,5,0,39,0,2,100,4,106,24,12,105,4,145,96,0,96,241
11/04/2012,BZN,MT,ANM,WE,Federal Contract Tower,25,10,2,0,37,0,1,16,0,17,25,11,18,0,54,12,0,12,66
11/05/2012,BZN,MT,ANM,WE,Federal Contract Tower,16,17,6,0,39,0,1,60,0,61,16,18,66,0,100,100,0,100,200
11/06/2012,BZN,MT,ANM,WE,Federal Contract Tower,18,15,13,0,46,0,3,134,0,137,18,18,147,0,183,314,0,314,497
11/07/2012,BZN,MT,ANM,WE,Federal Contract Tower,16,19,21,0,56,0,2,49,0,51,16,21,70,0,107,56,0,56,163
11/08/2012,BZN,MT,ANM,WE,Federal Contract Tower,18,21,17,0,56,0,0,0,0,0,18,21,17,0,56,0,0,0,56
11/09/2012,BZN,MT,ANM,WE,Federal Contract Tower,16,25,2,0,43,0,0,0,0,0,16,25,2,0,43,0,0,0,43
11/10/2012,BZN,MT,ANM,WE,Federal Contract Tower,17,16,5,0,38,0,1,1,0,2,17,17,6,0,40,0,0,0,40
11/11/2012,BZN,MT,ANM,WE,Federal Contract Tower,23,12,9,0,44,0,0,19,0,19,23,12,28,0,63,28,0,28,91
11/12/2012,BZN,MT,ANM,WE,Federal Contract Tower,16,22,17,0,55,0,0,89,0,89,16,22,106,0,144,168,0,168,312
11/13/2012,BZN,MT,ANM,WE,Federal Contract Tower,16,22,9,0,47,0,0,62,0,62,16,22,71,0,109,128,0,128,237
11/14/2012,BZN,MT,ANM,WE,Federal Contract Tower,18,21,17,0,56,0,6,73,0,79,18,27,90,0,135,196,0,196,331
11/15/2012,BZN,MT,ANM,WE,Federal Contract Tower,17,27,8,0,52,0,6,148,0,154,17,33,156,0,206,202,0,202,408
11/16/2012,BZN,MT,ANM,WE,Federal Contract Tower,19,21,10,1,51,0,4,111,0,115,19,25,121,1,166,122,14,136,302
11/17/2012,BZN,MT,ANM,WE,Federal Contract Tower,18,17,10,0,45,0,3,75,0,78,18,20,85,0,123,106,4,110,233
11/18/2012,BZN,MT,ANM,WE,Federal Contract Tower,24,9,12,0,45,0,0,13,0,13,24,9,25,0,58,26,0,26,84
11/19/2012,BZN,MT,ANM,WE,Federal Contract Tower,20,14,13,0,47,0,1,61,0,62,20,15,74,0,109,88,0,88,197
11/20/2012,BZN,MT,ANM,WE,Federal Contract Tower,18,21,10,0,49,0,4,41,0,45,18,25,51,0,94,88,0,88,182
11/21/2012,BZN,MT,ANM,WE,Federal Contract Tower,20,29,25,0,74,0,3,3,0,6,20,32,28,0,80,4,0,4,84
11/22/2012,BZN,MT,ANM,WE,Federal Contract Tower,12,5,1,0,18,0,2,16,0,18,12,7,17,0,36,30,0,30,66
11/23/2012,BZN,MT,ANM,WE,Federal Contract Tower,11,14,11,0,36,0,2,28,0,30,11,16,39,0,66,34,0,34,100
11/24/2012,BZN,MT,ANM,WE,Federal Contract Tower,17,22,6,0,45,0,0,10,0,10,17,22,16,0,55,11,0,11,66
11/25/2012,BZN,MT,ANM,WE,Federal Contract Tower,22,21,29,0,72,0,0,6,0,6,22,21,35,0,78,0,0,0,78
11/26/2012,BZN,MT,ANM,WE,Federal Contract Tower,17,17,8,0,42,0,0,60,0,60,17,17,68,0,102,202,0,202,304
11/27/2012,BZN,MT,ANM,WE,Federal Contract Tower,19,16,12,0,47,0,2,89,0,91,19,18,101,0,138,138,0,138,276
11/28/2012,BZN,MT,ANM,WE,Federal Contract Tower,19,22,11,0,52,0,1,110,0,111,19,23,121,0,163,156,0,156,319
11/29/2012,BZN,MT,ANM,WE,Federal Contract Tower,18,24,10,2,54,0,3,89,2,94,18,27,99,4,148,144,0,144,292
11/30/2012,BZN,MT,ANM,WE,Federal Contract Tower,20,18,10,2,50,0,4,36,0,40,20,22,46,2,90,78,0,78,168
12/01/2012,BZN,MT,ANM,WE,Federal Contract Tower,18,12,6,0,36,0,1,25,0,26,18,13,31,0,62,16,0,16,78
12/02/2012,BZN,MT,ANM,WE,Federal Contract Tower,43,11,9,0,63,0,0,1,0,1,43,11,10,0,64,0,0,0,64
12/03/2012,BZN,MT,ANM,WE,Federal Contract Tower,17,19,12,0,48,0,1,65,0,66,17,20,77,0,114,134,0,134,248
12/04/2012,BZN,MT,ANM,WE,Federal Contract Tower,17,22,8,0,47,0,0,105,0,105,17,22,113,0,152,242,0,242,394
12/05/2012,BZN,MT,ANM,WE,Federal Contract Tower,21,14,15,0,50,0,10,65,0,75,21,24,80,0,125,102,0,102,227
12/06/2012,BZN,MT,ANM,WE,Federal Contract Tower,21,18,6,0,45,0,1,40,0,41,21,19,46,0,86,114,0,114,200
12/07/2012,BZN,MT,ANM,WE,Federal Contract Tower,19,22,8,2,51,0,1,56,2,59,19,23,64,4,110,102,0,102,212
12/08/2012,BZN,MT,ANM,WE,Federal Contract Tower,16,13,5,0,34,0,0,0,0,0,16,13,5,0,34,0,0,0,34
12/09/2012,BZN,MT,ANM,WE,Federal Contract Tower,20,10,5,1,36,0,1,23,0,24,20,11,28,1,60,36,0,36,96
12/10/2012,BZN,MT,ANM,WE,Federal Contract Tower,16,22,9,0,47,0,1,36,0,37,16,23,45,0,84,102,0,102,186
12/11/2012,BZN,MT,ANM,WE,Federal Contract Tower,18,18,4,1,41,0,0,44,0,44,18,18,48,1,85,141,0,141,226
12/12/2012,BZN,MT,ANM,WE,Federal Contract Tower,19,20,21,0,60,0,0,0,0,0,19,20,21,0,60,0,0,0,60
12/13/2012,BZN,MT,ANM,WE,Federal Contract Tower,19,22,7,0,48,0,2,63,0,65,19,24,70,0,113,166,0,166,279
12/14/2012,BZN,MT,ANM,WE,Federal Contract Tower,17,24,10,1,52,0,1,48,0,49,17,25,58,1,101,100,0,100,201
12/15/2012,BZN,MT,ANM,WE,Federal Contract Tower,19,11,13,0,43,0,0,14,0,14,19,11,27,0,57,14,0,14,71
12/16/2012,BZN,MT,ANM,WE,Federal Contract Tower,25,13,11,1,50,0,0,28,0,28,25,13,39,1,78,28,0,28,106
12/17/2012,BZN,MT,ANM,WE,Federal Contract Tower,18,26,9,2,55,0,0,13,0,13,18,26,22,2,68,34,0,34,102
12/18/2012,BZN,MT,ANM,WE,Federal Contract Tower,20,18,14,0,52,0,0,54,0,54,20,18,68,0,106,112,0,112,218
12/19/2012,BZN,MT,ANM,WE,Federal Contract Tower,24,27,14,0,65,0,0,114,0,114,24,27,128,0,179,216,0,216,395
12/20/2012,BZN,MT,ANM,WE,Federal Contract Tower,29,39,19,0,87,0,7,55,0,62,29,46,74,0,149,124,0,124,273
12/21/2012,BZN,MT,ANM,WE,Federal Contract Tower,22,46,27,0,95,1,6,77,0,84,23,52,104,0,179,118,0,118,297
12/22/2012,BZN,MT,ANM,WE,Federal Contract Tower,34,28,34,0,96,0,5,39,0,44,34,33,73,0,140,34,0,34,174
12/23/2012,BZN,MT,ANM,WE,Federal Contract Tower,30,21,9,0,60,0,2,21,0,23,30,23,30,0,83,14,0,14,97
12/24/2012,BZN,MT,ANM,WE,Federal Contract Tower,23,17,5,0,45,0,0,0,0,0,23,17,5,0,45,0,0,0,45
12/25/2012,BZN,MT,ANM,WE,Federal Contract Tower,20,22,14,0,56,0,0,6,0,6,20,22,20,0,62,0,0,0,62
12/26/2012,BZN,MT,ANM,WE,Federal Contract Tower,25,41,52,0,118,0,3,10,0,13,25,44,62,0,131,48,0,48,179
12/27/2012,BZN,MT,ANM,WE,Federal Contract Tower,27,58,45,0,130,0,1,13,0,14,27,59,58,0,144,30,0,30,174
12/28/2012,BZN,MT,ANM,WE,Federal Contract Tower,24,39,19,1,83,0,4,39,0,43,24,43,58,1,126,44,0,44,170
12/29/2012,BZN,MT,ANM,WE,Federal Contract Tower,30,26,20,0,76,0,2,46,0,48,30,28,66,0,124,26,0,26,150
12/30/2012,BZN,MT,ANM,WE,Federal Contract Tower,26,32,18,0,76,0,1,26,0,27,26,33,44,0,103,16,0,16,119
12/31/2012,BZN,MT,ANM,WE,Federal Contract Tower,27,24,17,0,68,0,5,39,0,44,27,29,56,0,112,42,0,42,154
01/01/2013,BZN,MT,ANM,WE,Federal Contract Tower,23,35,30,0,88,0,1,9,0,10,23,36,39,0,98,4,0,4,102
01/02/2013,BZN,MT,ANM,WE,Federal Contract Tower,25,44,31,0,100,0,0,51,0,51,25,44,82,0,151,48,0,48,199
01/03/2013,BZN,MT,ANM,WE,Federal Contract Tower,24,32,14,0,70,0,1,27,0,28,24,33,41,0,98,66,0,66,164
01/04/2013,BZN,MT,ANM,WE,Federal Contract Tower,25,30,21,0,76,0,2,69,0,71,25,32,90,0,147,54,0,54,201
01/05/2013,BZN,MT,ANM,WE,Federal Contract Tower,29,22,30,2,83,0,6,65,0,71,29,28,95,2,154,36,0,36,190
01/06/2013,BZN,MT,ANM,WE,Federal Contract Tower,26,17,25,0,68,0,0,17,0,17,26,17,42,0,85,36,0,36,121
01/07/2013,BZN,MT,ANM,WE,Federal Contract Tower,18,27,11,0,56,0,5,24,0,29,18,32,35,0,85,30,0,30,115
01/08/2013,BZN,MT,ANM,WE,Federal Contract Tower,20,16,6,0,42,0,0,31,0,31,20,16,37,0,73,22,0,22,95
01/09/2013,BZN,MT,ANM,WE,Federal Contract Tower,16,21,11,0,48,0,4,73,0,77,16,25,84,0,125,154,0,154,279
01/10/2013,BZN,MT,ANM,WE,Federal Contract Tower,19,25,11,0,55,0,0,0,0,0,19,25,11,0,55,34,0,34,89
01/11/2013,BZN,MT,ANM,WE,Federal Contract Tower,21,23,23,0,67,0,0,0,0,0,21,23,23,0,67,0,0,0,67
01/12/2013,BZN,MT,ANM,WE,Federal Contract Tower,29,12,5,0,46,0,1,8,0,9,29,13,13,0,55,8,0,8,63
01/13/2013,BZN,MT,ANM,WE,Federal Contract Tower,24,21,18,0,63,0,0,19,0,19,24,21,37,0,82,16,0,16,98
01/14/2013,BZN,MT,ANM,WE,Federal Contract Tower,20,19,11,0,50,0,0,22,0,22,20,19,33,0,72,8,0,8,80
01/15/2013,BZN,MT,ANM,WE,Federal Contract Tower,20,21,15,0,56,0,2,59,0,61,20,23,74,0,117,90,0,90,207
01/16/2013,BZN,MT,ANM,WE,Federal Contract Tower,18,21,11,0,50,0,4,115,0,119,18,25,126,0,169,132,0,132,301
01/17/2013,BZN,MT,ANM,WE,Federal Contract Tower,24,27,22,0,73,0,1,93,0,94,24,28,115,0,167,136,0,136,303
01/18/2013,BZN,MT,ANM,WE,Federal Contract Tower,22,45,35,0,102,0,2,101,0,103,22,47,136,0,205,144,0,144,349
01/19/2013,BZN,MT,ANM,WE,Federal Contract Tower,29,10,14,0,53,0,2,63,0,65,29,12,77,0,118,44,0,44,162
01/20/2013,BZN,MT,ANM,WE,Federal Contract Tower,26,14,14,0,54,0,6,43,0,49,26,20,57,0,103,120,0,120,223
01/21/2013,BZN,MT,ANM,WE,Federal Contract Tower,24,41,45,0,110,0,4,93,0,97,24,45,138,0,207,66,0,66,273
01/22/2013,BZN,MT,ANM,WE,Federal Contract Tower,20,22,15,0,57,0,0,83,0,83,20,22,98,0,140,106,0,106,246
01/23/2013,BZN,MT,ANM,WE,Federal Contract Tower,18,19,15,0,52,0,0,70,0,70,18,19,85,0,122,116,0,116,238
01/24/2013,BZN,MT,ANM,WE,Federal Contract Tower,24,23,9,0,56,0,1,64,0,65,24,24,73,0,121,108,0,108,229
01/25/2013,BZN,MT,ANM,WE,Federal Contract Tower,17,24,5,0,46,0,1,61,0,62,17,25,66,0,108,48,4,52,160
01/26/2013,BZN,MT,ANM,WE,Federal Contract Tower,27,11,9,0,47,0,4,52,0,56,27,15,61,0,103,58,0,58,161
01/27/2013,BZN,MT,ANM,WE,Federal Contract Tower,25,11,8,0,44,0,0,4,0,4,25,11,12,0,48,0,0,0,48
01/28/2013,BZN,MT,ANM,WE,Federal Contract Tower,19,29,3,0,51,0,0,40,0,40,19,29,43,0,91,72,0,72,163
01/29/2013,BZN,MT,ANM,WE,Federal Contract Tower,20,21,9,0,50,0,0,19,0,19,20,21,28,0,69,58,0,58,127
01/30/2013,BZN,MT,ANM,WE,Federal Contract Tower,18,24,13,0,55,0,0,8,0,8,18,24,21,0,63,20,0,20,83
01/31/2013,BZN,MT,ANM,WE,Federal Contract Tower,20,33,14,0,67,0,2,23,5,30,20,35,37,5,97,66,0,66,163
02/01/2013,BZN,MT,ANM,WE,Federal Contract Tower,18,24,17,0,59,0,3,75,0,78,18,27,92,0,137,82,4,86,223
02/02/2013,BZN,MT,ANM,WE,Federal Contract Tower,29,13,19,0,61,0,1,61,0,62,29,14,80,0,123,14,0,14,137
02/03/2013,BZN,MT,ANM,WE,Federal Contract Tower,25,20,11,0,56,0,0,33,0,33,25,20,44,0,89,24,0,24,113
02/04/2013,BZN,MT,ANM,WE,Federal Contract Tower,18,20,14,0,52,0,1,57,0,58,18,21,71,0,110,112,0,112,222
02/05/2013,BZN,MT,ANM,WE,Federal Contract Tower,20,14,12,0,46,0,0,96,0,96,20,14,108,0,142,248,0,248,390
02/06/2013,BZN,MT,ANM,WE,Federal Contract Tower,18,16,14,0,48,0,1,101,0,102,18,17,115,0,150,144,0,144,294
02/07/2013,BZN,MT,ANM,WE,Federal Contract Tower,20,27,23,4,74,0,1,103,0,104,20,28,126,4,178,90,0,90,268
02/08/2013,BZN,MT,ANM,WE,Federal Contract Tower,17,24,16,0,57,0,5,63,0,68,17,29,79,0,125,95,4,99,224
02/09/2013,BZN,MT,ANM,WE,Federal Contract Tower,27,16,14,0,57,0,3,29,0,32,27,19,43,0,89,12,0,12,101
02/10/2013,BZN,MT,ANM,WE,Federal Contract Tower,26,15,17,0,58,0,1,11,0,12,26,16,28,0,70,0,0,0,70
02/11/2013,BZN,MT,ANM,WE,Federal Contract Tower,18,24,14,0,56,0,0,84,0,84,18,24,98,0,140,102,0,102,242
02/12/2013,BZN,MT,ANM,WE,Federal Contract Tower,22,21,13,0,56,0,1,75,0,76,22,22,88,0,132,100,0,100,232
02/13/2013,BZN,MT,ANM,WE,Federal Contract Tower,21,28,11,0,60,0,1,30,0,31,21,29,41,0,91,42,0,42,133
02/14/2013,BZN,MT,ANM,WE,Federal Contract Tower,25,44,41,0,110,0,1,30,0,31,25,45,71,0,141,60,0,60,201
02/15/2013,BZN,MT,ANM,WE,Federal Contract Tower,25,49,39,0,113,0,1,84,0,85,25,50,123,0,198,114,0,114,312
02/16/2013,BZN,MT,ANM,WE,Federal Contract Tower,29,20,12,0,61,0,5,99,0,104,29,25,111,0,165,112,0,112,277
02/17/2013,BZN,MT,ANM,WE,Federal Contract Tower,27,28,20,0,75,0,0,0,0,0,27,28,20,0,75,6,0,6,81
02/18/2013,BZN,MT,ANM,WE,Federal Contract Tower,35,50,50,0,135,0,0,87,0,87,35,50,137,0,222,44,0,44,266
02/19/2013,BZN,MT,ANM,WE,Federal Contract Tower,22,33,21,0,76,0,2,80,2,84,22,35,101,2,160,128,0,128,288
02/20/2013,BZN,MT,ANM,WE,Federal Contract Tower,24,22,20,0,66,0,0,19,0,19,24,22,39,0,85,50,0,50,135
02/21/2013,BZN,MT,ANM,WE,Federal Contract Tower,26,33,22,0,81,0,1,67,0,68,26,34,89,0,149,102,0,102,251
02/22/2013,BZN,MT,ANM,WE,Federal Contract Tower,22,21,24,0,67,0,2,64,0,66,22,23,88,0,133,104,0,104,237
02/23/2013,BZN,MT,ANM,WE,Federal Contract Tower,31,28,17,0,76,0,0,3,0,3,31,28,20,0,79,0,0,0,79
02/24/2013,BZN,MT,ANM,WE,Federal Contract Tower,27,22,18,0,67,0,0,44,0,44,27,22,62,0,111,22,0,22,133
02/25/2013,BZN,MT,ANM,WE,Federal Contract Tower,23,27,20,0,70,0,2,51,0,53,23,29,71,0,123,100,0,100,223
02/26/2013,BZN,MT,ANM,WE,Federal Contract Tower,20,24,10,0,54,0,1,76,0,77,20,25,86,0,131,60,0,60,191
02/27/2013,BZN,MT,ANM,WE,Federal Contract Tower,23,23,11,0,57,0,0,86,0,86,23,23,97,0,143,162,0,162,305
02/28/2013,BZN,MT,ANM,WE,Federal Contract Tower,26,26,12,0,64,0,1,95,0,96,26,27,107,0,160,112,0,112,272
03/01/2013,BZN,MT,ANM,WE,Federal Contract Tower,22,23,15,0,60,0,4,93,0,97,22,27,108,0,157,86,0,86,243
03/02/2013,BZN,MT,ANM,WE,Federal Contract Tower,30,18,17,0,65,0,6,65,0,71,30,24,82,0,136,32,0,32,168
03/03/2013,BZN,MT,ANM,WE,Federal Contract Tower,28,24,20,0,72,0,1,3,0,4,28,25,23,0,76,0,0,0,76
03/04/2013,BZN,MT,ANM,WE,Federal Contract Tower,22,27,8,0,57,0,1,34,0,35,22,28,42,0,92,50,0,50,142
03/05/2013,BZN,MT,ANM,WE,Federal Contract Tower,19,33,8,0,60,0,1,102,0,103,19,34,110,0,163,112,0,112,275
03/06/2013,BZN,MT,ANM,WE,Federal Contract Tower,21,21,18,0,60,0,1,38,0,39,21,22,56,0,99,134,0,134,233
03/07/2013,BZN,MT,ANM,WE,Federal Contract Tower,24,28,19,0,71,0,3,89,0,92,24,31,108,0,163,102,0,102,265
03/08/2013,BZN,MT,ANM,WE,Federal Contract Tower,23,32,19,0,74,0,1,72,7,80,23,33,91,7,154,76,0,76,230
03/09/2013,BZN,MT,ANM,WE,Federal Contract Tower,26,29,15,0,70,0,9,62,0,71,26,38,77,0,141,66,0,66,207
03/10/2013,BZN,MT,ANM,WE,Federal Contract Tower,27,22,24,0,73,0,2,52,0,54,27,24,76,0,127,52,0,52,179
03/11/2013,BZN,MT,ANM,WE,Federal Contract Tower,22,27,12,0,61,0,3,42,0,45,22,30,54,0,106,48,0,48,154
03/12/2013,BZN,MT,ANM,WE,Federal Contract Tower,22,21,21,0,64,0,1,67,0,68,22,22,88,0,132,80,0,80,212
03/13/2013,BZN,MT,ANM,WE,Federal Contract Tower,21,32,15,0,68,0,0,62,6,68,21,32,77,6,136,62,0,62,198
03/14/2013,BZN,MT,ANM,WE,Federal Contract Tower,26,36,26,0,88,0,0,87,0,87,26,36,113,0,175,160,0,160,335
03/15/2013,BZN,MT,ANM,WE,Federal Contract Tower,21,24,27,0,72,0,1,49,0,50,21,25,76,0,122,46,0,46,168
03/16/2013,BZN,MT,ANM,WE,Federal Contract Tower,31,19,14,0,64,0,5,54,0,59,31,24,68,0,123,64,0,64,187
03/17/2013,BZN,MT,ANM,WE,Federal Contract Tower,27,32,27,0,86,0,0,7,0,7,27,32,34,0,93,0,0,0,93
03/18/2013,BZN,MT,ANM,WE,Federal Contract Tower,22,24,15,0,61,0,2,25,1,28,22,26,40,1,89,46,0,46,135
03/19/2013,BZN,MT,ANM,WE,Federal Contract Tower,22,22,13,0,57,0,0,113,0,113,22,22,126,0,170,136,0,136,306
03/20/2013,BZN,MT,ANM,WE,Federal Contract Tower,21,32,13,0,66,0,1,74,6,81,21,33,87,6,147,192,0,192,339
03/21/2013,BZN,MT,ANM,WE,Federal Contract Tower,24,33,16,0,73,0,3,43,0,46,24,36,59,0,119,70,0,70,189
03/22/2013,BZN,MT,ANM,WE,Federal Contract Tower,26,27,11,1,65,0,1,35,0,36,26,28,46,1,101,104,0,104,205
03/23/2013,BZN,MT,ANM,WE,Federal Contract Tower,28,24,25,0,77,1,1,45,0,47,29,25,70,0,124,86,0,86,210
03/24/2013,BZN,MT,ANM,WE,Federal Contract Tower,27,25,27,0,79,0,0,29,0,29,27,25,56,0,108,8,0,8,116
03/25/2013,BZN,MT,ANM,WE,Federal Contract Tower,23,25,17,0,65,0,1,104,0,105,23,26,121,0,170,134,0,134,304
03/26/2013,BZN,MT,ANM,WE,Federal Contract Tower,22,34,10,0,66,0,2,116,0,118,22,36,126,0,184,244,0,244,428
03/27/2013,BZN,MT,ANM,WE,Federal Contract Tower,21,30,11,0,62,0,3,110,0,113,21,33,121,0,175,160,0,160,335
03/28/2013,BZN,MT,ANM,WE,Federal Contract Tower,27,31,28,4,90,0,0,148,0,148,27,31,176,4,238,148,0,148,386
03/29/2013,BZN,MT,ANM,WE,Federal Contract Tower,22,34,17,0,73,0,2,81,0,83,22,36,98,0,156,194,0,194,350
03/30/2013,BZN,MT,ANM,WE,Federal Contract Tower,31,25,23,0,79,0,2,68,0,70,31,27,91,0,149,80,0,80,229
03/31/2013,BZN,MT,ANM,WE,Federal Contract Tower,29,21,13,0,63,0,0,45,0,45,29,21,58,0,108,20,0,20,128
04/01/2013,BZN,MT,ANM,WE,Federal Contract Tower,21,25,30,0,76,0,3,103,0,106,21,28,133,0,182,198,0,198,380
04/02/2013,BZN,MT,ANM,WE,Federal Contract Tower,20,29,10,0,59,0,1,96,0,97,20,30,106,0,156,172,0,172,328
04/03/2013,BZN,MT,ANM,WE,Federal Contract Tower,20,30,13,0,63,0,10,96,0,106,20,40,109,0,169,166,0,166,335
04/04/2013,BZN,MT,ANM,WE,Federal Contract Tower,24,27,10,0,61,0,0,80,0,80,24,27,90,0,141,124,0,124,265
04/05/2013,BZN,MT,ANM,WE,Federal Contract Tower,20,26,5,0,51,0,0,55,0,55,20,26,60,0,106,164,0,164,270
04/06/2013,BZN,MT,ANM,WE,Federal Contract Tower,21,18,8,0,47,0,4,18,0,22,21,22,26,0,69,32,0,32,101
04/07/2013,BZN,MT,ANM,WE,Federal Contract Tower,24,21,21,0,66,0,0,18,0,18,24,21,39,0,84,18,0,18,102
04/08/2013,BZN,MT,ANM,WE,Federal Contract Tower,16,21,15,0,52,0,1,6,0,7,16,22,21,0,59,0,0,0,59
04/09/2013,BZN,MT,ANM,WE,Federal Contract Tower,16,16,15,0,47,0,1,86,0,87,16,17,101,0,134,190,0,190,324
04/10/2013,BZN,MT,ANM,WE,Federal Contract Tower,17,20,7,0,44,0,3,82,0,85,17,23,89,0,129,126,0,126,255
04/11/2013,BZN,MT,ANM,WE,Federal Contract Tower,23,22,6,0,51,0,0,84,0,84,23,22,90,0,135,78,0,78,213
04/12/2013,BZN,MT,ANM,WE,Federal Contract Tower,18,24,17,0,59,0,0,77,0,77,18,24,94,0,136,186,0,186,322
04/13/2013,BZN,MT,ANM,WE,Federal Contract Tower,17,16,4,0,37,0,0,9,0,9,17,16,13,0,46,24,0,24,70
04/14/2013,BZN,MT,ANM,WE,Federal Contract Tower,24,16,9,0,49,0,0,4,0,4,24,16,13,0,53,0,0,0,53
04/15/2013,BZN,MT,ANM,WE,Federal Contract Tower,18,19,9,0,46,0,4,8,0,12,18,23,17,0,58,10,0,10,68
04/16/2013,BZN,MT,ANM,WE,Federal Contract Tower,16,27,5,0,48,0,7,31,0,38,16,34,36,0,86,156,0,156,242
04/17/2013,BZN,MT,ANM,WE,Federal Contract Tower,13,23,12,0,48,0,0,29,0,29,13,23,41,0,77,78,0,78,155
04/18/2013,BZN,MT,ANM,WE,Federal Contract Tower,20,19,8,0,47,0,0,104,0,104,20,19,112,0,151,120,0,120,271
04/19/2013,BZN,MT,ANM,WE,Federal Contract Tower,18,15,20,0,53,0,0,47,0,47,18,15,67,0,100,100,0,100,200
04/20/2013,BZN,MT,ANM,WE,Federal Contract Tower,15,17,8,0,40,0,3,16,0,19,15,20,24,0,59,6,0,6,65
04/21/2013,BZN,MT,ANM,WE,Federal Contract Tower,22,12,6,0,40,0,1,11,0,12,22,13,17,0,52,6,0,6,58
04/22/2013,BZN,MT,ANM,WE,Federal Contract Tower,17,17,12,0,46,0,0,18,0,18,17,17,30,0,64,22,0,22,86
04/23/2013,BZN,MT,ANM,WE,Federal Contract Tower,19,19,16,1,55,0,3,89,1,93,19,22,105,2,148,126,4,130,278
04/24/2013,BZN,MT,ANM,WE,Federal Contract Tower,18,19,12,2,51,0,1,106,0,107,18,20,118,2,158,152,0,152,310
04/25/2013,BZN,MT,ANM,WE,Federal Contract Tower,21,22,11,2,56,0,0,66,0,66,21,22,77,2,122,164,0,164,286
04/26/2013,BZN,MT,ANM,WE,Federal Contract Tower,16,27,11,2,56,0,2,102,0,104,16,29,113,2,160,272,0,272,432
04/27/2013,BZN,MT,ANM,WE,Federal Contract Tower,18,11,0,0,29,0,2,22,0,24,18,13,22,0,53,16,0,16,69
04/28/2013,BZN,MT,ANM,WE,Federal Contract Tower,20,15,8,1,44,0,0,36,0,36,20,15,44,1,80,30,0,30,110
04/29/2013,BZN,MT,ANM,WE,Federal Contract Tower,16,18,6,1,41,0,0,18,0,18,16,18,24,1,59,2,0,2,61
04/30/2013,BZN,MT,ANM,WE,Federal Contract Tower,16,20,10,4,50,0,0,52,0,52,16,20,62,4,102,88,0,88,190
05/01/2013,BZN,MT,ANM,WE,Federal Contract Tower,20,16,7,2,45,0,2,45,0,47,20,18,52,2,92,108,0,108,200
05/02/2013,BZN,MT,ANM,WE,Federal Contract Tower,24,21,19,2,66,0,0,110,0,110,24,21,129,2,176,136,0,136,312
05/03/2013,BZN,MT,ANM,WE,Federal Contract Tower,18,19,17,0,54,0,2,45,2,49,18,21,62,2,103,108,0,108,211
05/04/2013,BZN,MT,ANM,WE,Federal Contract Tower,18,13,14,0,45,0,1,25,0,26,18,14,39,0,71,20,0,20,91
05/05/2013,BZN,MT,ANM,WE,Federal Contract Tower,23,12,13,0,48,0,0,62,0,62,23,12,75,0,110,32,0,32,142
05/06/2013,BZN,MT,ANM,WE,Federal Contract Tower,20,16,9,0,45,0,3,91,0,94,20,19,100,0,139,148,0,148,287
05/07/2013,BZN,MT,ANM,WE,Federal Contract Tower,21,16,18,0,55,0,2,81,0,83,21,18,99,0,138,102,0,102,240
05/08/2013,BZN,MT,ANM,WE,Federal Contract Tower,21,17,23,0,61,0,0,72,0,72,21,17,95,0,133,120,0,120,253
05/09/2013,BZN,MT,ANM,WE,Federal Contract Tower,27,19,7,0,53,0,0,48,0,48,27,19,55,0,101,140,0,140,241
05/10/2013,BZN,MT,ANM,WE,Federal Contract Tower,20,19,14,2,55,0,2,63,8,73,20,21,77,10,128,86,0,86,214
05/11/2013,BZN,MT,ANM,WE,Federal Contract Tower,18,11,8,0,37,0,4,49,0,53,18,15,57,0,90,76,0,76,166
05/12/2013,BZN,MT,ANM,WE,Federal Contract Tower,24,14,5,0,43,0,0,50,1,51,24,14,55,1,94,42,0,42,136
05/13/2013,BZN,MT,ANM,WE,Federal Contract Tower,21,15,6,0,42,0,1,39,1,41,21,16,45,1,83,44,0,44,127
05/14/2013,BZN,MT,ANM,WE,Federal Contract Tower,19,19,13,0,51,0,0,61,0,61,19,19,74,0,112,146,0,146,258
05/15/2013,BZN,MT,ANM,WE,Federal Contract Tower,19,14,11,0,44,0,3,79,0,82,19,17,90,0,126,84,0,84,210
05/16/2013,BZN,MT,ANM,WE,Federal Contract Tower,24,18,10,0,52,0,0,42,0,42,24,18,52,0,94,106,0,106,200
05/17/2013,BZN,MT,ANM,WE,Federal Contract Tower,20,18,7,0,45,0,0,27,0,27,20,18,34,0,72,62,0,62,134
05/18/2013,BZN,MT,ANM,WE,Federal Contract Tower,22,10,3,0,35,0,0,15,0,15,22,10,18,0,50,24,0,24,74
05/19/2013,BZN,MT,ANM,WE,Federal Contract Tower,23,14,8,0,45,0,0,0,0,0,23,14,8,0,45,0,0,0,45
05/20/2013,BZN,MT,ANM,WE,Federal Contract Tower,20,20,10,0,50,0,0,18,0,18,20,20,28,0,68,22,0,22,90
05/21/2013,BZN,MT,ANM,WE,Federal Contract Tower,20,22,22,0,64,0,8,88,0,96,20,30,110,0,160,96,0,96,256
05/22/2013,BZN,MT,ANM,WE,Federal Contract Tower,20,17,11,0,48,0,0,33,0,33,20,17,44,0,81,80,0,80,161
05/23/2013,BZN,MT,ANM,WE,Federal Contract Tower,22,27,11,0,60,0,0,28,0,28,22,27,39,0,88,156,0,156,244
05/24/2013,BZN,MT,ANM,WE,Federal Contract Tower,20,20,17,2,59,0,0,69,0,69,20,20,86,2,128,106,0,106,234
05/25/2013,BZN,MT,ANM,WE,Federal Contract Tower,16,16,2,0,34,0,1,73,0,74,16,17,75,0,108,40,0,40,148
05/26/2013,BZN,MT,ANM,WE,Federal Contract Tower,21,5,3,2,31,0,1,34,0,35,21,6,37,2,66,40,0,40,106
05/27/2013,BZN,MT,ANM,WE,Federal Contract Tower,20,19,5,2,46,0,6,30,0,36,20,25,35,2,82,44,0,44,126
05/28/2013,BZN,MT,ANM,WE,Federal Contract Tower,22,20,16,0,58,0,0,35,0,35,22,20,51,0,93,80,0,80,173
05/29/2013,BZN,MT,ANM,WE,Federal Contract Tower,20,21,19,0,60,0,3,21,0,24,20,24,40,0,84,66,0,66,150
05/30/2013,BZN,MT,ANM,WE,Federal Contract Tower,21,20,13,0,54,0,1,5,0,6,21,21,18,0,60,30,0,30,90
05/31/2013,BZN,MT,ANM,WE,Federal Contract Tower,21,20,14,1,56,0,1,34,0,35,21,21,48,1,91,44,10,54,145
06/01/2013,BZN,MT,ANM,WE,Federal Contract Tower,20,9,4,0,33,0,0,99,0,99,20,9,103,0,132,80,0,80,212
06/02/2013,BZN,MT,ANM,WE,Federal Contract Tower,21,12,18,1,52,0,0,45,0,45,21,12,63,1,97,40,0,40,137
06/03/2013,BZN,MT,ANM,WE,Federal Contract Tower,20,18,9,0,47,0,0,20,0,20,20,18,29,0,67,72,0,72,139
06/04/2013,BZN,MT,ANM,WE,Federal Contract Tower,19,20,12,0,51,0,8,44,2,54,19,28,56,2,105,42,0,42,147
06/05/2013,BZN,MT,ANM,WE,Federal Contract Tower,20,25,17,0,62,0,3,105,0,108,20,28,122,0,170,98,0,98,268
06/06/2013,BZN,MT,ANM,WE,Federal Contract Tower,22,24,12,0,58,0,2,74,0,76,22,26,86,0,134,74,0,74,208
06/07/2013,BZN,MT,ANM,WE,Federal Contract Tower,20,25,24,0,69,0,2,63,0,65,20,27,87,0,134,76,0,76,210
06/08/2013,BZN,MT,ANM,WE,Federal Contract Tower,19,16,19,0,54,0,2,72,0,74,19,18,91,0,128,44,0,44,172
06/09/2013,BZN,MT,ANM,WE,Federal Contract Tower,27,17,16,0,60,0,2,71,0,73,27,19,87,0,133,72,0,72,205
06/10/2013,BZN,MT,ANM,WE,Federal Contract Tower,26,24,10,0,60,0,2,49,0,51,26,26,59,0,111,108,0,108,219
06/11/2013,BZN,MT,ANM,WE,Federal Contract Tower,27,23,16,0,66,0,2,55,0,57,27,25,71,0,123,54,0,54,177
06/12/2013,BZN,MT,ANM,WE,Federal Contract Tower,21,29,11,0,61,0,2,42,0,44,21,31,53,0,105,38,0,38,143
06/13/2013,BZN,MT,ANM,WE,Federal Contract Tower,27,27,17,0,71,0,0,35,0,35,27,27,52,0,106,40,0,40,146
06/14/2013,BZN,MT,ANM,WE,Federal Contract Tower,24,30,12,0,66,0,1,32,0,33,24,31,44,0,99,44,0,44,143
06/15/2013,BZN,MT,ANM,WE,Federal Contract Tower,23,16,3,0,42,0,0,102,0,102,23,16,105,0,144,82,0,82,226
06/16/2013,BZN,MT,ANM,WE,Federal Contract Tower,30,18,9,0,57,0,0,93,0,93,30,18,102,0,150,36,0,36,186
06/17/2013,BZN,MT,ANM,WE,Federal Contract Tower,25,23,13,0,61,0,4,79,0,83,25,27,92,0,144,68,0,68,212
06/18/2013,BZN,MT,ANM,WE,Federal Contract Tower,21,31,22,0,74,1,0,70,0,71,22,31,92,0,145,112,0,112,257
06/19/2013,BZN,MT,ANM,WE,Federal Contract Tower,22,29,9,0,60,0,7,47,0,54,22,36,56,0,114,86,0,86,200
06/20/2013,BZN,MT,ANM,WE,Federal Contract Tower,27,30,17,0,74,0,4,50,0,54,27,34,67,0,128,88,0,88,216
06/21/2013,BZN,MT,ANM,WE,Federal Contract Tower,24,34,18,0,76,0,3,57,0,60,24,37,75,0,136,66,0,66,202
06/22/2013,BZN,MT,ANM,WE,Federal Contract Tower,30,25,9,0,64,0,0,32,0,32,30,25,41,0,96,62,0,62,158
06/23/2013,BZN,MT,ANM,WE,Federal Contract Tower,29,25,9,0,63,0,4,60,0,64,29,29,69,0,127,28,0,28,155
06/24/2013,BZN,MT,ANM,WE,Federal Contract Tower,22,23,12,0,57,0,2,60,2,64,22,25,72,2,121,64,0,64,185
06/25/2013,BZN,MT,ANM,WE,Federal Contract Tower,24,26,14,1,65,1,2,56,2,61,25,28,70,3,126,58,0,58,184
06/26/2013,BZN,MT,ANM,WE,Federal Contract Tower,22,38,31,1,92,0,7,56,0,63,22,45,87,1,155,88,0,88,243
06/27/2013,BZN,MT,ANM,WE,Federal Contract Tower,26,31,14,1,72,0,1,68,0,69,26,32,82,1,141,46,0,46,187
06/28/2013,BZN,MT,ANM,WE,Federal Contract Tower,24,43,20,2,89,0,1,105,0,106,24,44,125,2,195,52,0,52,247
06/29/2013,BZN,MT,ANM,WE,Federal Contract Tower,30,26,18,0,74,0,0,58,0,58,30,26,76,0,132,42,0,42,174
06/30/2013,BZN,MT,ANM,WE,Federal Contract Tower,36,25,11,0,72,0,6,69,0,75,36,31,80,0,147,38,0,38,185
07/01/2013,BZN,MT,ANM,WE,Federal Contract Tower,23,28,23,0,74,0,2,85,0,87,23,30,108,0,161,54,0,54,215
07/02/2013,BZN,MT,ANM,WE,Federal Contract Tower,29,29,36,0,94,0,9,103,0,112,29,38,139,0,206,150,0,150,356
07/03/2013,BZN,MT,ANM,WE,Federal Contract Tower,33,38,21,0,92,0,2,93,0,95,33,40,114,0,187,110,0,110,297
07/04/2013,BZN,MT,ANM,WE,Federal Contract Tower,25,11,13,0,49,0,0,69,0,69,25,11,82,0,118,0,0,0,118
07/05/2013,BZN,MT,ANM,WE,Federal Contract Tower,25,37,10,0,72,0,2,39,0,41,25,39,49,0,113,60,0,60,173
07/06/2013,BZN,MT,ANM,WE,Federal Contract Tower,34,23,8,0,65,0,5,64,0,69,34,28,72,0,134,24,0,24,158
07/07/2013,BZN,MT,ANM,WE,Federal Contract Tower,39,35,25,0,99,0,2,68,0,70,39,37,93,0,169,38,0,38,207
07/08/2013,BZN,MT,ANM,WE,Federal Contract Tower,32,31,14,0,77,0,3,56,0,59,32,34,70,0,136,68,0,68,204
07/09/2013,BZN,MT,ANM,WE,Federal Contract Tower,30,28,16,0,74,0,8,122,0,130,30,36,138,0,204,128,0,128,332
07/10/2013,BZN,MT,ANM,WE,Federal Contract Tower,33,37,22,0,92,0,4,139,0,143,33,41,161,0,235,112,0,112,347
07/11/2013,BZN,MT,ANM,WE,Federal Contract Tower,32,31,15,0,78,0,2,87,0,89,32,33,102,0,167,42,0,42,209
07/12/2013,BZN,MT,ANM,WE,Federal Contract Tower,35,31,17,1,84,0,4,73,3,80,35,35,90,4,164,82,0,82,246
07/13/2013,BZN,MT,ANM,WE,Federal Contract Tower,37,20,23,0,80,0,4,80,0,84,37,24,103,0,164,16,0,16,180
07/14/2013,BZN,MT,ANM,WE,Federal Contract Tower,39,25,23,0,87,0,0,121,1,122,39,25,144,1,209,14,2,16,225
07/15/2013,BZN,MT,ANM,WE,Federal Contract Tower,31,27,25,0,83,0,5,116,0,121,31,32,141,0,204,68,0,68,272
07/16/2013,BZN,MT,ANM,WE,Federal Contract Tower,31,31,23,0,85,0,7,57,0,64,31,38,80,0,149,80,0,80,229
07/17/2013,BZN,MT,ANM,WE,Federal Contract Tower,33,37,28,0,98,0,1,68,6,75,33,38,96,6,173,72,12,84,257
07/18/2013,BZN,MT,ANM,WE,Federal Contract Tower,36,41,29,0,106,0,1,115,0,116,36,42,144,0,222,110,0,110,332
07/19/2013,BZN,MT,ANM,WE,Federal Contract Tower,32,47,30,0,109,0,5,111,0,116,32,52,141,0,225,46,0,46,271
07/20/2013,BZN,MT,ANM,WE,Federal Contract Tower,37,26,13,0,76,0,3,111,1,115,37,29,124,1,191,68,2,70,261
07/21/2013,BZN,MT,ANM,WE,Federal Contract Tower,40,25,26,0,91,0,4,61,1,66,40,29,87,1,157,12,0,12,169
07/22/2013,BZN,MT,ANM,WE,Federal Contract Tower,34,25,15,1,75,0,4,86,0,90,34,29,101,1,165,100,0,100,265
07/23/2013,BZN,MT,ANM,WE,Federal Contract Tower,29,28,19,0,76,0,2,105,0,107,29,30,124,0,183,200,0,200,383
07/24/2013,BZN,MT,ANM,WE,Federal Contract Tower,33,37,21,0,91,0,2,87,0,89,33,39,108,0,180,118,0,118,298
07/25/2013,BZN,MT,ANM,WE,Federal Contract Tower,35,34,20,0,89,0,4,83,3,90,35,38,103,3,179,40,0,40,219
07/26/2013,BZN,MT,ANM,WE,Federal Contract Tower,34,37,17,0,88,0,4,75,2,81,34,41,92,2,169,86,0,86,255
07/27/2013,BZN,MT,ANM,WE,Federal Contract Tower,35,32,10,0,77,0,2,56,0,58,35,34,66,0,135,40,0,40,175
07/28/2013,BZN,MT,ANM,WE,Federal Contract Tower,40,33,25,0,98,0,0,58,0,58,40,33,83,0,156,12,0,12,168
07/29/2013,BZN,MT,ANM,WE,Federal Contract Tower,31,31,10,1,73,0,0,69,0,69,31,31,79,1,142,30,0,30,172
07/30/2013,BZN,MT,ANM,WE,Federal Contract Tower,34,39,19,0,92,0,7,61,0,68,34,46,80,0,160,68,0,68,228
07/31/2013,BZN,MT,ANM,WE,Federal Contract Tower,31,42,16,0,89,0,0,100,0,100,31,42,116,0,189,56,0,56,245
08/01/2013,BZN,MT,ANM,WE,Federal Contract Tower,35,32,25,3,95,0,3,88,0,91,35,35,113,3,186,82,0,82,268
08/02/2013,BZN,MT,ANM,WE,Federal Contract Tower,33,39,19,3,94,0,3,84,0,87,33,42,103,3,181,86,0,86,267
08/03/2013,BZN,MT,ANM,WE,Federal Contract Tower,34,35,22,0,91,0,2,105,0,107,34,37,127,0,198,106,0,106,304
08/04/2013,BZN,MT,ANM,WE,Federal Contract Tower,39,29,30,0,98,0,0,65,0,65,39,29,95,0,163,22,0,22,185
08/05/2013,BZN,MT,ANM,WE,Federal Contract Tower,30,31,10,0,71,0,0,78,0,78,30,31,88,0,149,46,0,46,195
08/06/2013,BZN,MT,ANM,WE,Federal Contract Tower,31,31,12,0,74,0,4,96,0,100,31,35,108,0,174,38,0,38,212
08/07/2013,BZN,MT,ANM,WE,Federal Contract Tower,33,36,19,0,88,0,1,105,12,118,33,37,124,12,206,80,0,80,286
08/08/2013,BZN,MT,ANM,WE,Federal Contract Tower,34,44,19,0,97,0,2,113,0,115,34,46,132,0,212,74,0,74,286
08/09/2013,BZN,MT,ANM,WE,Federal Contract Tower,33,40,23,0,96,0,1,83,2,86,33,41,106,2,182,84,0,84,266
08/10/2013,BZN,MT,ANM,WE,Federal Contract Tower,36,31,19,0,86,0,2,54,0,56,36,33,73,0,142,72,0,72,214
08/11/2013,BZN,MT,ANM,WE,Federal Contract Tower,39,27,27,0,93,0,4,63,0,67,39,31,90,0,160,98,0,98,258
08/12/2013,BZN,MT,ANM,WE,Federal Contract Tower,31,27,13,0,71,0,3,59,0,62,31,30,72,0,133,50,0,50,183
08/13/2013,BZN,MT,ANM,WE,Federal Contract Tower,28,35,14,0,77,0,3,63,0,66,28,38,77,0,143,56,0,56,199
08/14/2013,BZN,MT,ANM,WE,Federal Contract Tower,31,34,15,0,80,0,3,79,0,82,31,37,94,0,162,84,0,84,246
08/15/2013,BZN,MT,ANM,WE,Federal Contract Tower,32,29,23,2,86,0,0,76,0,76,32,29,99,2,162,154,0,154,316
08/16/2013,BZN,MT,ANM,WE,Federal Contract Tower,33,31,24,1,89,0,1,58,1,60,33,32,82,2,149,50,0,50,199
08/17/2013,BZN,MT,ANM,WE,Federal Contract Tower,37,35,9,0,81,0,2,61,0,63,37,37,70,0,144,36,0,36,180
08/18/2013,BZN,MT,ANM,WE,Federal Contract Tower,34,33,23,0,90,0,0,76,2,78,34,33,99,2,168,28,0,28,196
08/19/2013,BZN,MT,ANM,WE,Federal Contract Tower,31,28,28,0,87,0,2,80,0,82,31,30,108,0,169,42,0,42,211
08/20/2013,BZN,MT,ANM,WE,Federal Contract Tower,25,31,18,0,74,0,2,45,0,47,25,33,63,0,121,42,0,42,163
08/21/2013,BZN,MT,ANM,WE,Federal Contract Tower,24,33,22,0,79,0,0,98,0,98,24,33,120,0,177,94,0,94,271
08/22/2013,BZN,MT,ANM,WE,Federal Contract Tower,24,26,20,0,70,0,0,54,0,54,24,26,74,0,124,72,0,72,196
08/23/2013,BZN,MT,ANM,WE,Federal Contract Tower,30,33,16,0,79,0,6,60,0,66,30,39,76,0,145,76,0,76,221
08/24/2013,BZN,MT,ANM,WE,Federal Contract Tower,33,28,12,0,73,0,2,45,0,47,33,30,57,0,120,60,0,60,180
08/25/2013,BZN,MT,ANM,WE,Federal Contract Tower,31,22,20,0,73,0,2,64,0,66,31,24,84,0,139,18,0,18,157
08/26/2013,BZN,MT,ANM,WE,Federal Contract Tower,25,26,17,0,68,0,4,79,0,83,25,30,96,0,151,78,0,78,229
08/27/2013,BZN,MT,ANM,WE,Federal Contract Tower,21,22,13,0,56,0,2,84,0,86,21,24,97,0,142,98,0,98,240
08/28/2013,BZN,MT,ANM,WE,Federal Contract Tower,20,28,7,0,55,1,3,102,0,106,21,31,109,0,161,52,0,52,213
08/29/2013,BZN,MT,ANM,WE,Federal Contract Tower,21,34,22,0,77,1,0,120,0,121,22,34,142,0,198,76,0,76,274
08/30/2013,BZN,MT,ANM,WE,Federal Contract Tower,20,40,13,0,73,0,2,153,0,155,20,42,166,0,228,226,0,226,454
08/31/2013,BZN,MT,ANM,WE,Federal Contract Tower,23,20,7,0,50,0,0,90,0,90,23,20,97,0,140,34,0,34,174
09/01/2013,BZN,MT,ANM,WE,Federal Contract Tower,20,16,9,0,45,0,2,49,0,51,20,18,58,0,96,30,0,30,126
09/02/2013,BZN,MT,ANM,WE,Federal Contract Tower,23,27,20,0,70,0,1,53,0,54,23,28,73,0,124,24,0,24,148
09/03/2013,BZN,MT,ANM,WE,Federal Contract Tower,19,28,5,0,52,0,2,113,0,115,19,30,118,0,167,78,0,78,245
09/04/2013,BZN,MT,ANM,WE,Federal Contract Tower,24,31,20,0,75,0,3,135,0,138,24,34,155,0,213,82,0,82,295
09/05/2013,BZN,MT,ANM,WE,Federal Contract Tower,21,29,22,1,73,0,1,91,0,92,21,30,113,1,165,88,0,88,253
09/06/2013,BZN,MT,ANM,WE,Federal Contract Tower,24,31,17,4,76,0,5,129,0,134,24,36,146,4,210,112,0,112,322
09/07/2013,BZN,MT,ANM,WE,Federal Contract Tower,20,16,20,0,56,0,3,62,2,67,20,19,82,2,123,44,0,44,167
09/08/2013,BZN,MT,ANM,WE,Federal Contract Tower,21,22,12,0,55,0,1,54,0,55,21,23,66,0,110,36,0,36,146
09/09/2013,BZN,MT,ANM,WE,Federal Contract Tower,21,28,7,0,56,0,2,80,0,82,21,30,87,0,138,98,0,98,236
09/10/2013,BZN,MT,ANM,WE,Federal Contract Tower,20,22,22,0,64,0,3,157,0,160,20,25,179,0,224,124,0,124,348
09/11/2013,BZN,MT,ANM,WE,Federal Contract Tower,21,27,17,0,65,0,0,102,2,104,21,27,119,2,169,188,0,188,357
09/12/2013,BZN,MT,ANM,WE,Federal Contract Tower,23,26,10,0,59,0,0,89,0,89,23,26,99,0,148,152,0,152,300
09/13/2013,BZN,MT,ANM,WE,Federal Contract Tower,21,34,11,3,69,0,1,107,0,108,21,35,118,3,177,162,0,162,339
09/14/2013,BZN,MT,ANM,WE,Federal Contract Tower,16,23,10,1,50,0,0,44,0,44,16,23,54,1,94,66,0,66,160
09/15/2013,BZN,MT,ANM,WE,Federal Contract Tower,22,25,22,1,70,0,0,84,1,85,22,25,106,2,155,56,0,56,211
09/16/2013,BZN,MT,ANM,WE,Federal Contract Tower,22,24,10,0,56,0,4,90,0,94,22,28,100,0,150,160,0,160,310
09/17/2013,BZN,MT,ANM,WE,Federal Contract Tower,18,22,6,0,46,0,0,17,0,17,18,22,23,0,63,30,0,30,93
09/18/2013,BZN,MT,ANM,WE,Federal Contract Tower,21,36,17,0,74,0,2,13,0,15,21,38,30,0,89,42,0,42,131
09/19/2013,BZN,MT,ANM,WE,Federal Contract Tower,21,45,17,0,83,0,3,106,0,109,21,48,123,0,192,170,0,170,362
09/20/2013,BZN,MT,ANM,WE,Federal Contract Tower,23,38,14,0,75,0,1,148,0,149,23,39,162,0,224,194,0,194,418
09/21/2013,BZN,MT,ANM,WE,Federal Contract Tower,18,19,11,0,48,0,2,72,0,74,18,21,83,0,122,102,0,102,224
09/22/2013,BZN,MT,ANM,WE,Federal Contract Tower,24,28,18,0,70,0,2,38,0,40,24,30,56,0,110,64,0,64,174
09/23/2013,BZN,MT,ANM,WE,Federal Contract Tower,23,24,9,0,56,0,4,80,0,84,23,28,89,0,140,154,0,154,294
09/24/2013,BZN,MT,ANM,WE,Federal Contract Tower,20,28,12,0,60,0,0,61,0,61,20,28,73,0,121,176,0,176,297
09/25/2013,BZN,MT,ANM,WE,Federal Contract Tower,19,20,14,0,53,0,0,6,0,6,19,20,20,0,59,20,0,20,79
09/26/2013,BZN,MT,ANM,WE,Federal Contract Tower,21,34,26,0,81,0,2,13,0,15,21,36,39,0,96,38,0,38,134
09/27/2013,BZN,MT,ANM,WE,Federal Contract Tower,20,30,22,4,76,0,2,97,0,99,20,32,119,4,175,188,0,188,363
09/28/2013,BZN,MT,ANM,WE,Federal Contract Tower,17,16,12,0,45,0,1,52,0,53,17,17,64,0,98,88,0,88,186
09/29/2013,BZN,MT,ANM,WE,Federal Contract Tower,18,22,20,0,60,0,0,11,0,11,18,22,31,0,71,28,0,28,99
09/30/2013,BZN,MT,ANM,WE,Federal Contract Tower,18,24,9,0,51,0,1,17,0,18,18,25,26,0,69,36,0,36,105
10/01/2013,BZN,MT,ANM,WE,Federal Contract Tower,15,24,12,1,52,0,3,111,0,114,15,27,123,1,166,204,0,204,370
10/02/2013,BZN,MT,ANM,WE,Federal Contract Tower,15,23,15,0,53,0,0,111,0,111,15,23,126,0,164,136,0,136,300
10/03/2013,BZN,MT,ANM,WE,Federal Contract Tower,20,23,18,0,61,0,0,0,0,0,20,23,18,0,61,0,0,0,61
10/04/2013,BZN,MT,ANM,WE,Federal Contract Tower,19,20,30,0,69,0,0,87,0,87,19,20,117,0,156,144,0,144,300
10/05/2013,BZN,MT,ANM,WE,Federal Contract Tower,18,16,13,0,47,0,1,83,0,84,18,17,96,0,131,114,0,114,245
10/06/2013,BZN,MT,ANM,WE,Federal Contract Tower,19,18,13,0,50,0,3,69,0,72,19,21,82,0,122,42,0,42,164
10/07/2013,BZN,MT,ANM,WE,Federal Contract Tower,16,20,23,0,59,0,6,95,0,101,16,26,118,0,160,208,0,208,368
10/08/2013,BZN,MT,ANM,WE,Federal Contract Tower,15,17,12,0,44,0,0,99,0,99,15,17,111,0,143,206,0,206,349
10/09/2013,BZN,MT,ANM,WE,Federal Contract Tower,15,17,11,0,43,0,5,95,0,100,15,22,106,0,143,102,0,102,245
10/10/2013,BZN,MT,ANM,WE,Federal Contract Tower,21,20,6,0,47,0,3,102,0,105,21,23,108,0,152,216,0,216,368
10/11/2013,BZN,MT,ANM,WE,Federal Contract Tower,16,21,15,4,56,0,1,71,0,72,16,22,86,4,128,136,0,136,264
10/12/2013,BZN,MT,ANM,WE,Federal Contract Tower,15,15,8,1,39,0,7,77,0,84,15,22,85,1,123,98,0,98,221
10/13/2013,BZN,MT,ANM,WE,Federal Contract Tower,21,18,13,0,52,0,2,8,0,10,21,20,21,0,62,34,0,34,96
10/14/2013,BZN,MT,ANM,WE,Federal Contract Tower,16,27,3,0,46,0,0,3,0,3,16,27,6,0,49,0,0,0,49
10/15/2013,BZN,MT,ANM,WE,Federal Contract Tower,15,26,26,0,67,0,2,95,0,97,15,28,121,0,164,182,0,182,346
10/16/2013,BZN,MT,ANM,WE,Federal Contract Tower,15,23,10,0,48,0,1,74,0,75,15,24,84,0,123,130,0,130,253
10/17/2013,BZN,MT,ANM,WE,Federal Contract Tower,20,28,14,0,62,0,0,27,0,27,20,28,41,0,89,126,0,126,215
10/18/2013,BZN,MT,ANM,WE,Federal Contract Tower,16,29,11,0,56,0,1,101,0,102,16,30,112,0,158,208,0,208,366
10/19/2013,BZN,MT,ANM,WE,Federal Contract Tower,15,19,4,0,38,0,3,84,0,87,15,22,88,0,125,114,0,114,239
10/20/2013,BZN,MT,ANM,WE,Federal Contract Tower,19,17,11,2,49,0,6,29,0,35,19,23,40,2,84,44,0,44,128
10/21/2013,BZN,MT,ANM,WE,Federal Contract Tower,16,19,13,2,50,0,2,97,0,99,16,21,110,2,149,144,0,144,293
10/22/2013,BZN,MT,ANM,WE,Federal Contract Tower,16,18,51,0,85,0,0,115,0,115,16,18,166,0,200,266,0,266,466
10/23/2013,BZN,MT,ANM,WE,Federal Contract Tower,15,22,26,2,65,0,0,105,0,105,15,22,131,2,170,238,0,238,408
10/24/2013,BZN,MT,ANM,WE,Federal Contract Tower,20,18,22,0,60,0,2,100,0,102,20,20,122,0,162,172,0,172,334
10/25/2013,BZN,MT,ANM,WE,Federal Contract Tower,17,29,13,0,59,0,3,115,0,118,17,32,128,0,177,154,0,154,331
10/26/2013,BZN,MT,ANM,WE,Federal Contract Tower,16,14,2,0,32,0,5,68,0,73,16,19,70,0,105,50,0,50,155
10/27/2013,BZN,MT,ANM,WE,Federal Contract Tower,18,15,16,0,49,0,0,35,0,35,18,15,51,0,84,48,0,48,132
10/28/2013,BZN,MT,ANM,WE,Federal Contract Tower,15,19,12,0,46,0,0,1,0,1,15,19,13,0,47,0,0,0,47
10/29/2013,BZN,MT,ANM,WE,Federal Contract Tower,15,26,12,0,53,0,0,42,0,42,15,26,54,0,95,144,0,144,239
10/30/2013,BZN,MT,ANM,WE,Federal Contract Tower,15,19,33,0,67,0,1,96,0,97,15,20,129,0,164,168,0,168,332
10/31/2013,BZN,MT,ANM,WE,Federal Contract Tower,16,18,11,2,47,0,1,40,0,41,16,19,51,2,88,64,0,64,152
11/01/2013,BZN,MT,ANM,WE,Federal Contract Tower,18,18,19,0,55,0,2,73,0,75,18,20,92,0,130,100,0,100,230
11/02/2013,BZN,MT,ANM,WE,Federal Contract Tower,19,15,2,0,36,0,0,54,0,54,19,15,56,0,90,104,0,104,194
11/03/2013,BZN,MT,ANM,WE,Federal Contract Tower,19,18,9,0,46,0,0,12,0,12,19,18,21,0,58,30,0,30,88
11/04/2013,BZN,MT,ANM,WE,Federal Contract Tower,15,24,7,0,46,0,0,1,2,3,15,24,8,2,49,0,0,0,49
11/05/2013,BZN,MT,ANM,WE,Federal Contract Tower,12,24,13,0,49,0,1,107,0,108,12,25,120,0,157,252,0,252,409
11/06/2013,BZN,MT,ANM,WE,Federal Contract Tower,11,24,29,0,64,0,7,48,0,55,11,31,77,0,119,132,0,132,251
11/07/2013,BZN,MT,ANM,WE,Federal Contract Tower,15,31,24,0,70,0,1,59,0,60,15,32,83,0,130,180,0,180,310
11/08/2013,BZN,MT,ANM,WE,Federal Contract Tower,15,23,16,4,58,0,0,58,0,58,15,23,74,4,116,84,0,84,200
11/09/2013,BZN,MT,ANM,WE,Federal Contract Tower,14,15,7,0,36,0,2,72,0,74,14,17,79,0,110,42,0,42,152
11/10/2013,BZN,MT,ANM,WE,Federal Contract Tower,17,12,12,0,41,0,4,27,0,31,17,16,39,0,72,6,0,6,78
11/11/2013,BZN,MT,ANM,WE,Federal Contract Tower,13,18,16,0,47,0,8,67,0,75,13,26,83,0,122,106,0,106,228
11/12/2013,BZN,MT,ANM,WE,Federal Contract Tower,13,20,30,0,63,0,0,105,0,105,13,20,135,0,168,174,0,174,342
11/13/2013,BZN,MT,ANM,WE,Federal Contract Tower,11,20,18,0,49,0,2,71,0,73,11,22,89,0,122,132,0,132,254
11/14/2013,BZN,MT,ANM,WE,Federal Contract Tower,18,19,21,1,59,0,3,67,0,70,18,22,88,1,129,102,0,102,231
11/15/2013,BZN,MT,ANM,WE,Federal Contract Tower,15,20,13,1,49,0,6,51,6,63,15,26,64,7,112,152,0,152,264
11/16/2013,BZN,MT,ANM,WE,Federal Contract Tower,16,16,3,0,35,0,0,22,4,26,16,16,25,4,61,20,0,20,81
11/17/2013,BZN,MT,ANM,WE,Federal Contract Tower,16,13,9,2,40,0,4,5,0,9,16,17,14,2,49,0,0,0,49
11/18/2013,BZN,MT,ANM,WE,Federal Contract Tower,12,21,7,0,40,0,3,60,2,65,12,24,67,2,105,58,14,72,177
11/19/2013,BZN,MT,ANM,WE,Federal Contract Tower,11,24,20,1,56,0,0,66,0,66,11,24,86,1,122,170,0,170,292
11/20/2013,BZN,MT,ANM,WE,Federal Contract Tower,11,21,14,0,46,0,0,5,0,5,11,21,19,0,51,12,0,12,63
11/21/2013,BZN,MT,ANM,WE,Federal Contract Tower,15,22,45,0,82,0,2,87,0,89,15,24,132,0,171,174,0,174,345
11/22/2013,BZN,MT,ANM,WE,Federal Contract Tower,13,28,26,0,67,0,4,94,0,98,13,32,120,0,165,118,0,118,283
11/23/2013,BZN,MT,ANM,WE,Federal Contract Tower,14,15,14,0,43,0,4,82,0,86,14,19,96,0,129,46,0,46,175
11/24/2013,BZN,MT,ANM,WE,Federal Contract Tower,15,13,16,0,44,0,6,55,0,61,15,19,71,0,105,10,0,10,115
11/25/2013,BZN,MT,ANM,WE,Federal Contract Tower,13,18,18,0,49,0,3,97,0,100,13,21,115,0,149,112,0,112,261
11/26/2013,BZN,MT,ANM,WE,Federal Contract Tower,12,29,26,0,67,0,2,95,0,97,12,31,121,0,164,148,0,148,312
11/27/2013,BZN,MT,ANM,WE,Federal Contract Tower,15,29,24,0,68,0,1,77,0,78,15,30,101,0,146,56,0,56,202
11/28/2013,BZN,MT,ANM,WE,Federal Contract Tower,9,7,4,0,20,0,1,21,0,22,9,8,25,0,42,2,0,2,44
11/29/2013,BZN,MT,ANM,WE,Federal Contract Tower,9,20,15,0,44,0,5,48,0,53,9,25,63,0,97,50,0,50,147
11/30/2013,BZN,MT,ANM,WE,Federal Contract Tower,12,19,12,0,43,0,5,28,0,33,12,24,40,0,76,28,0,28,104
12/01/2013,BZN,MT,ANM,WE,Federal Contract Tower,17,32,24,0,73,0,2,10,0,12,17,34,34,0,85,18,0,18,103
12/02/2013,BZN,MT,ANM,WE,Federal Contract Tower,6,21,12,0,39,0,0,23,0,23,6,21,35,0,62,20,0,20,82
12/03/2013,BZN,MT,ANM,WE,Federal Contract Tower,9,29,14,0,52,0,0,2,0,2,9,29,16,0,54,0,0,0,54
12/04/2013,BZN,MT,ANM,WE,Federal Contract Tower,13,20,15,0,48,0,1,5,0,6,13,21,20,0,54,14,0,14,68
12/05/2013,BZN,MT,ANM,WE,Federal Contract Tower,20,24,13,0,57,0,0,30,2,32,20,24,43,2,89,72,0,72,161
12/06/2013,BZN,MT,ANM,WE,Federal Contract Tower,12,19,9,0,40,0,0,15,0,15,12,19,24,0,55,16,0,16,71
12/07/2013,BZN,MT,ANM,WE,Federal Contract Tower,11,12,7,1,31,0,0,5,0,5,11,12,12,1,36,6,0,6,42
12/08/2013,BZN,MT,ANM,WE,Federal Contract Tower,17,14,8,0,39,0,0,2,0,2,17,14,10,0,41,4,0,4,45
12/09/2013,BZN,MT,ANM,WE,Federal Contract Tower,15,19,11,5,50,0,0,6,0,6,15,19,17,5,56,20,0,20,76
12/10/2013,BZN,MT,ANM,WE,Federal Contract Tower,15,17,11,0,43,0,0,13,0,13,15,17,24,0,56,42,0,42,98
12/11/2013,BZN,MT,ANM,WE,Federal Contract Tower,13,21,6,0,40,0,3,63,0,66,13,24,69,0,106,146,0,146,252
12/12/2013,BZN,MT,ANM,WE,Federal Contract Tower,20,27,28,0,75,0,0,105,0,105,20,27,133,0,180,158,0,158,338
12/13/2013,BZN,MT,ANM,WE,Federal Contract Tower,16,25,5,0,46,0,2,37,0,39,16,27,42,0,85,116,0,116,201
12/14/2013,BZN,MT,ANM,WE,Federal Contract Tower,12,18,7,0,37,0,0,15,0,15,12,18,22,0,52,26,0,26,78
12/15/2013,BZN,MT,ANM,WE,Federal Contract Tower,18,18,9,0,45,0,5,15,0,20,18,23,24,0,65,32,0,32,97
12/16/2013,BZN,MT,ANM,WE,Federal Contract Tower,18,19,17,0,54,0,0,61,0,61,18,19,78,0,115,130,0,130,245
12/17/2013,BZN,MT,ANM,WE,Federal Contract Tower,15,23,22,0,60,0,2,56,0,58,15,25,78,0,118,74,0,74,192
12/18/2013,BZN,MT,ANM,WE,Federal Contract Tower,13,27,11,0,51,0,2,49,0,51,13,29,60,0,102,136,0,136,238
12/19/2013,BZN,MT,ANM,WE,Federal Contract Tower,31,35,12,0,78,0,2,6,2,10,31,37,18,2,88,18,0,18,106
12/20/2013,BZN,MT,ANM,WE,Federal Contract Tower,34,42,40,0,116,0,3,47,0,50,34,45,87,0,166,58,0,58,224
12/21/2013,BZN,MT,ANM,WE,Federal Contract Tower,36,39,17,2,94,0,0,6,0,6,36,39,23,2,100,0,0,0,100
12/22/2013,BZN,MT,ANM,WE,Federal Contract Tower,36,32,16,0,84,0,6,5,0,11,36,38,21,0,95,2,0,2,97
12/23/2013,BZN,MT,ANM,WE,Federal Contract Tower,29,28,14,0,71,0,0,16,0,16,29,28,30,0,87,16,58,74,161
12/24/2013,BZN,MT,ANM,WE,Federal Contract Tower,31,27,13,0,71,0,1,16,0,17,31,28,29,0,88,4,0,4,92
12/25/2013,BZN,MT,ANM,WE,Federal Contract Tower,23,24,7,0,54,0,4,21,0,25,23,28,28,0,79,6,0,6,85
12/26/2013,BZN,MT,ANM,WE,Federal Contract Tower,43,46,39,0,128,0,1,50,0,51,43,47,89,0,179,82,0,82,261
12/27/2013,BZN,MT,ANM,WE,Federal Contract Tower,35,43,0,0,78,0,1,45,0,46,35,44,45,0,124,12,0,12,136
12/28/2013,BZN,MT,ANM,WE,Federal Contract Tower,37,37,18,0,92,0,2,3,0,5,37,39,21,0,97,0,0,0,97
12/29/2013,BZN,MT,ANM,WE,Federal Contract Tower,38,19,22,0,79,0,2,15,0,17,38,21,37,0,96,4,0,4,100
12/30/2013,BZN,MT,ANM,WE,Federal Contract Tower,36,17,32,0,85,0,2,49,0,51,36,19,81,0,136,14,0,14,150
12/31/2013,BZN,MT,ANM,WE,Federal Contract Tower,34,31,8,0,73,0,0,8,0,8,34,31,16,0,81,0,0,0,81
01/01/2014,BZN,MT,ANM,WE,Federal Contract Tower,31,35,10,0,76,0,0,17,0,17,31,35,27,0,93,30,0,30,123
01/02/2014,BZN,MT,ANM,WE,Federal Contract Tower,40,46,39,0,125,0,1,40,0,41,40,47,79,0,166,98,0,98,264
01/03/2014,BZN,MT,ANM,WE,Federal Contract Tower,33,49,29,0,111,0,3,2,0,5,33,52,31,0,116,0,0,0,116
01/04/2014,BZN,MT,ANM,WE,Federal Contract Tower,31,42,38,0,111,0,0,8,0,8,31,42,46,0,119,18,0,18,137
01/05/2014,BZN,MT,ANM,WE,Federal Contract Tower,32,28,29,0,89,0,0,18,0,18,32,28,47,0,107,0,0,0,107
01/06/2014,BZN,MT,ANM,WE,Federal Contract Tower,24,21,36,0,81,0,2,93,0,95,24,23,129,0,176,134,0,134,310
01/07/2014,BZN,MT,ANM,WE,Federal Contract Tower,20,21,16,1,58,0,0,21,12,33,20,21,37,13,91,110,0,110,201
01/08/2014,BZN,MT,ANM,WE,Federal Contract Tower,18,21,12,1,52,0,0,61,0,61,18,21,73,1,113,146,0,146,259
01/09/2014,BZN,MT,ANM,WE,Federal Contract Tower,22,22,5,0,49,0,0,27,0,27,22,22,32,0,76,110,0,110,186
01/10/2014,BZN,MT,ANM,WE,Federal Contract Tower,19,25,23,0,67,0,0,51,0,51,19,25,74,0,118,86,0,86,204
01/11/2014,BZN,MT,ANM,WE,Federal Contract Tower,30,21,9,0,60,0,0,8,0,8,30,21,17,0,68,22,0,22,90
01/12/2014,BZN,MT,ANM,WE,Federal Contract Tower,25,29,3,0,57,0,2,2,0,4,25,31,5,0,61,6,0,6,67
01/13/2014,BZN,MT,ANM,WE,Federal Contract Tower,22,13,10,0,45,0,2,27,0,29,22,15,37,0,74,46,0,46,120
01/14/2014,BZN,MT,ANM,WE,Federal Contract Tower,18,20,29,0,67,0,1,74,0,75,18,21,103,0,142,112,0,112,254
01/15/2014,BZN,MT,ANM,WE,Federal Contract Tower,19,17,20,0,56,0,0,67,0,67,19,17,87,0,123,168,0,168,291
01/16/2014,BZN,MT,ANM,WE,Federal Contract Tower,27,31,20,1,79,0,2,93,0,95,27,33,113,1,174,240,0,240,414
01/17/2014,BZN,MT,ANM,WE,Federal Contract Tower,21,45,47,1,114,0,0,99,1,100,21,45,146,2,214,176,0,176,390
01/18/2014,BZN,MT,ANM,WE,Federal Contract Tower,30,19,7,1,57,0,0,88,3,91,30,19,95,4,148,46,0,46,194
01/19/2014,BZN,MT,ANM,WE,Federal Contract Tower,27,27,14,1,69,0,0,44,0,44,27,27,58,1,113,10,0,10,123
01/20/2014,BZN,MT,ANM,WE,Federal Contract Tower,18,44,41,0,103,0,0,77,0,77,18,44,118,0,180,190,0,190,370
01/21/2014,BZN,MT,ANM,WE,Federal Contract Tower,20,20,15,0,55,0,1,62,0,63,20,21,77,0,118,152,0,152,270
01/22/2014,BZN,MT,ANM,WE,Federal Contract Tower,18,25,18,0,61,0,0,4,0,4,18,25,22,0,65,44,0,44,109
01/23/2014,BZN,MT,ANM,WE,Federal Contract Tower,24,30,22,0,76,0,0,73,0,73,24,30,95,0,149,198,0,198,347
01/24/2014,BZN,MT,ANM,WE,Federal Contract Tower,19,20,30,0,69,0,2,120,0,122,19,22,150,0,191,246,0,246,437
01/25/2014,BZN,MT,ANM,WE,Federal Contract Tower,31,12,9,0,52,0,2,66,2,70,31,14,75,2,122,76,0,76,198
01/26/2014,BZN,MT,ANM,WE,Federal Contract Tower,18,27,24,0,69,0,0,7,0,7,18,27,31,0,76,6,0,6,82
01/27/2014,BZN,MT,ANM,WE,Federal Contract Tower,15,21,44,0,80,0,0,81,0,81,15,21,125,0,161,148,0,148,309
01/28/2014,BZN,MT,ANM,WE,Federal Contract Tower,19,15,49,0,83,0,0,86,0,86,19,15,135,0,169,172,0,172,341
01/29/2014,BZN,MT,ANM,WE,Federal Contract Tower,19,22,15,0,56,0,0,4,0,4,19,22,19,0,60,20,0,20,80
01/30/2014,BZN,MT,ANM,WE,Federal Contract Tower,22,26,17,0,65,0,0,0,0,0,22,26,17,0,65,0,0,0,65
01/31/2014,BZN,MT,ANM,WE,Federal Contract Tower,18,28,17,0,63,0,0,48,0,48,18,28,65,0,111,176,0,176,287
02/01/2014,BZN,MT,ANM,WE,Federal Contract Tower,32,15,11,0,58,0,0,28,0,28,32,15,39,0,86,40,0,40,126
02/02/2014,BZN,MT,ANM,WE,Federal Contract Tower,23,24,15,0,62,0,0,25,0,25,23,24,40,0,87,16,0,16,103
02/03/2014,BZN,MT,ANM,WE,Federal Contract Tower,20,25,17,0,62,0,0,0,0,0,20,25,17,0,62,0,0,0,62
02/04/2014,BZN,MT,ANM,WE,Federal Contract Tower,19,14,17,0,50,0,1,20,0,21,19,15,37,0,71,40,0,40,111
02/05/2014,BZN,MT,ANM,WE,Federal Contract Tower,18,19,32,0,69,0,1,35,0,36,18,20,67,0,105,98,0,98,203
02/06/2014,BZN,MT,ANM,WE,Federal Contract Tower,23,21,15,0,59,0,2,11,0,13,23,23,26,0,72,10,0,10,82
02/07/2014,BZN,MT,ANM,WE,Federal Contract Tower,19,25,17,0,61,0,0,28,0,28,19,25,45,0,89,62,0,62,151
02/08/2014,BZN,MT,ANM,WE,Federal Contract Tower,30,14,8,0,52,0,0,0,0,0,30,14,8,0,52,0,0,0,52
02/09/2014,BZN,MT,ANM,WE,Federal Contract Tower,26,24,26,0,76,0,0,8,0,8,26,24,34,0,84,22,0,22,106
02/10/2014,BZN,MT,ANM,WE,Federal Contract Tower,20,26,28,0,74,0,0,86,0,86,20,26,114,0,160,94,0,94,254
02/11/2014,BZN,MT,ANM,WE,Federal Contract Tower,19,22,13,3,57,0,0,18,0,18,19,22,31,3,75,34,0,34,109
02/12/2014,BZN,MT,ANM,WE,Federal Contract Tower,18,25,25,0,68,0,1,15,0,16,18,26,40,0,84,22,0,22,106
02/13/2014,BZN,MT,ANM,WE,Federal Contract Tower,27,41,46,0,114,0,1,20,0,21,27,42,66,0,135,32,0,32,167
02/14/2014,BZN,MT,ANM,WE,Federal Contract Tower,25,52,37,0,114,0,2,80,2,84,25,54,117,2,198,222,0,222,420
02/15/2014,BZN,MT,ANM,WE,Federal Contract Tower,31,32,23,0,86,0,0,68,0,68,31,32,91,0,154,62,0,62,216
02/16/2014,BZN,MT,ANM,WE,Federal Contract Tower,29,22,11,0,62,0,4,2,0,6,29,26,13,0,68,6,0,6,74
02/17/2014,BZN,MT,ANM,WE,Federal Contract Tower,26,46,50,0,122,0,2,20,0,22,26,48,70,0,144,38,0,38,182
02/18/2014,BZN,MT,ANM,WE,Federal Contract Tower,22,45,36,0,103,0,0,103,0,103,22,45,139,0,206,172,0,172,378
02/19/2014,BZN,MT,ANM,WE,Federal Contract Tower,20,30,17,0,67,0,1,53,4,58,20,31,70,4,125,54,0,54,179
02/20/2014,BZN,MT,ANM,WE,Federal Contract Tower,25,27,38,0,90,0,3,88,4,95,25,30,126,4,185,180,0,180,365
02/21/2014,BZN,MT,ANM,WE,Federal Contract Tower,22,26,26,0,74,0,2,12,0,14,22,28,38,0,88,32,0,32,120
02/22/2014,BZN,MT,ANM,WE,Federal Contract Tower,33,33,15,0,81,0,0,22,0,22,33,33,37,0,103,60,0,60,163
02/23/2014,BZN,MT,ANM,WE,Federal Contract Tower,34,24,30,0,88,0,0,0,0,0,34,24,30,0,88,0,0,0,88
02/24/2014,BZN,MT,ANM,WE,Federal Contract Tower,25,20,20,1,66,0,0,1,0,1,25,20,21,1,67,0,0,0,67
02/25/2014,BZN,MT,ANM,WE,Federal Contract Tower,20,21,17,5,63,0,0,32,0,32,20,21,49,5,95,48,0,48,143
02/26/2014,BZN,MT,ANM,WE,Federal Contract Tower,21,22,27,0,70,0,2,105,0,107,21,24,132,0,177,110,0,110,287
02/27/2014,BZN,MT,ANM,WE,Federal Contract Tower,28,31,27,0,86,0,0,75,0,75,28,31,102,0,161,144,0,144,305
02/28/2014,BZN,MT,ANM,WE,Federal Contract Tower,22,27,20,2,71,0,0,0,0,0,22,27,20,2,71,8,0,8,79
03/01/2014,BZN,MT,ANM,WE,Federal Contract Tower,30,24,5,0,59,0,0,0,0,0,30,24,5,0,59,0,0,0,59
03/02/2014,BZN,MT,ANM,WE,Federal Contract Tower,33,21,14,2,70,0,0,22,0,22,33,21,36,2,92,32,0,32,124
03/03/2014,BZN,MT,ANM,WE,Federal Contract Tower,24,28,19,0,71,0,0,58,0,58,24,28,77,0,129,108,0,108,237
03/04/2014,BZN,MT,ANM,WE,Federal Contract Tower,22,23,18,0,63,0,1,95,0,96,22,24,113,0,159,214,0,214,373
03/05/2014,BZN,MT,ANM,WE,Federal Contract Tower,23,25,20,0,68,0,5,70,0,75,23,30,90,0,143,186,0,186,329
03/06/2014,BZN,MT,ANM,WE,Federal Contract Tower,28,23,21,0,72,0,2,21,0,23,28,25,42,0,95,22,0,22,117
03/07/2014,BZN,MT,ANM,WE,Federal Contract Tower,23,25,36,0,84,0,0,72,0,72,23,25,108,0,156,286,0,286,442
03/08/2014,BZN,MT,ANM,WE,Federal Contract Tower,32,25,28,0,85,0,2,107,0,109,32,27,135,0,194,108,0,108,302
03/09/2014,BZN,MT,ANM,WE,Federal Contract Tower,32,15,33,0,80,0,0,14,0,14,32,15,47,0,94,44,0,44,138
03/10/2014,BZN,MT,ANM,WE,Federal Contract Tower,24,22,13,0,59,0,0,0,0,0,24,22,13,0,59,22,0,22,81
03/11/2014,BZN,MT,ANM,WE,Federal Contract Tower,23,26,18,0,67,0,5,53,0,58,23,31,71,0,125,156,0,156,281
03/12/2014,BZN,MT,ANM,WE,Federal Contract Tower,23,36,31,0,90,0,2,106,8,116,23,38,137,8,206,198,0,198,404
03/13/2014,BZN,MT,ANM,WE,Federal Contract Tower,27,33,24,0,84,0,3,104,1,108,27,36,128,1,192,162,0,162,354
03/14/2014,BZN,MT,ANM,WE,Federal Contract Tower,29,33,31,0,93,0,3,61,0,64,29,36,92,0,157,124,0,124,281
03/15/2014,BZN,MT,ANM,WE,Federal Contract Tower,32,30,23,0,85,0,1,32,0,33,32,31,55,0,118,56,0,56,174
03/16/2014,BZN,MT,ANM,WE,Federal Contract Tower,32,21,29,0,82,0,1,30,0,31,32,22,59,0,113,22,0,22,135
03/17/2014,BZN,MT,ANM,WE,Federal Contract Tower,23,20,17,0,60,0,0,2,0,2,23,20,19,0,62,0,0,0,62
03/18/2014,BZN,MT,ANM,WE,Federal Contract Tower,24,22,17,0,63,0,1,33,0,34,24,23,50,0,97,134,0,134,231
03/19/2014,BZN,MT,ANM,WE,Federal Contract Tower,24,23,30,2,79,0,1,98,0,99,24,24,128,2,178,184,0,184,362
03/20/2014,BZN,MT,ANM,WE,Federal Contract Tower,28,29,24,0,81,0,0,28,0,28,28,29,52,0,109,70,0,70,179
03/21/2014,BZN,MT,ANM,WE,Federal Contract Tower,24,38,22,2,86,0,1,52,0,53,24,39,74,2,139,140,0,140,279
03/22/2014,BZN,MT,ANM,WE,Federal Contract Tower,32,34,23,0,89,0,2,65,0,67,32,36,88,0,156,98,0,98,254
03/23/2014,BZN,MT,ANM,WE,Federal Contract Tower,32,32,19,2,85,0,1,13,0,14,32,33,32,2,99,8,0,8,107
03/24/2014,BZN,MT,ANM,WE,Federal Contract Tower,25,29,18,0,72,0,0,69,0,69,25,29,87,0,141,94,0,94,235
03/25/2014,BZN,MT,ANM,WE,Federal Contract Tower,20,28,22,0,70,0,4,83,0,87,20,32,105,0,157,170,0,170,327
03/26/2014,BZN,MT,ANM,WE,Federal Contract Tower,23,35,26,0,84,0,0,34,0,34,23,35,60,0,118,96,0,96,214
03/27/2014,BZN,MT,ANM,WE,Federal Contract Tower,28,36,18,1,83,0,1,35,0,36,28,37,53,1,119,46,0,46,165
03/28/2014,BZN,MT,ANM,WE,Federal Contract Tower,26,35,25,1,87,0,3,47,0,50,26,38,72,1,137,44,0,44,181
03/29/2014,BZN,MT,ANM,WE,Federal Contract Tower,33,29,22,0,84,0,1,11,0,12,33,30,33,0,96,14,0,14,110
03/30/2014,BZN,MT,ANM,WE,Federal Contract Tower,33,30,30,0,93,0,0,0,0,0,33,30,30,0,93,0,0,0,93
03/31/2014,BZN,MT,ANM,WE,Federal Contract Tower,24,19,30,0,73,0,0,25,0,25,24,19,55,0,98,40,0,40,138
04/01/2014,BZN,MT,ANM,WE,Federal Contract Tower,18,21,24,0,63,0,0,0,0,0,18,21,24,0,63,152,0,152,215
04/02/2014,BZN,MT,ANM,WE,Federal Contract Tower,15,19,21,0,55,0,0,27,0,27,15,19,48,0,82,52,0,52,134
04/03/2014,BZN,MT,ANM,WE,Federal Contract Tower,18,26,48,0,92,0,1,112,0,113,18,27,160,0,205,228,0,228,433
04/04/2014,BZN,MT,ANM,WE,Federal Contract Tower,16,18,16,0,50,0,0,74,0,74,16,18,90,0,124,146,0,146,270
04/05/2014,BZN,MT,ANM,WE,Federal Contract Tower,16,23,11,0,50,0,0,51,0,51,16,23,62,0,101,72,0,72,173
04/06/2014,BZN,MT,ANM,WE,Federal Contract Tower,20,14,16,0,50,0,0,8,0,8,20,14,24,0,58,20,0,20,78
04/07/2014,BZN,MT,ANM,WE,Federal Contract Tower,16,12,23,2,53,0,1,95,1,97,16,13,118,3,150,158,0,158,308
04/08/2014,BZN,MT,ANM,WE,Federal Contract Tower,16,17,27,0,60,0,3,70,0,73,16,20,97,0,133,210,0,210,343
04/09/2014,BZN,MT,ANM,WE,Federal Contract Tower,16,18,24,0,58,0,2,52,0,54,16,20,76,0,112,112,0,112,224
04/10/2014,BZN,MT,ANM,WE,Federal Contract Tower,18,29,29,0,76,0,1,99,0,100,18,30,128,0,176,232,0,232,408
04/11/2014,BZN,MT,ANM,WE,Federal Contract Tower,15,27,36,2,80,0,4,94,0,98,15,31,130,2,178,170,0,170,348
04/12/2014,BZN,MT,ANM,WE,Federal Contract Tower,16,18,14,0,48,0,2,48,0,50,16,20,62,0,98,70,0,70,168
04/13/2014,BZN,MT,ANM,WE,Federal Contract Tower,20,18,13,0,51,0,1,9,0,10,20,19,22,0,61,12,0,12,73
04/14/2014,BZN,MT,ANM,WE,Federal Contract Tower,16,18,30,0,64,0,0,97,0,97,16,18,127,0,161,192,0,192,353
04/15/2014,BZN,MT,ANM,WE,Federal Contract Tower,16,19,4,0,39,0,2,41,3,46,16,21,45,3,85,160,0,160,245
04/16/2014,BZN,MT,ANM,WE,Federal Contract Tower,15,18,25,0,58,0,0,40,0,40,15,18,65,0,98,80,0,80,178
04/17/2014,BZN,MT,ANM,WE,Federal Contract Tower,20,35,21,0,76,0,2,97,0,99,20,37,118,0,175,188,0,188,363
04/18/2014,BZN,MT,ANM,WE,Federal Contract Tower,15,17,10,0,42,0,2,13,0,15,15,19,23,0,57,48,0,48,105
04/19/2014,BZN,MT,ANM,WE,Federal Contract Tower,13,20,7,0,40,0,3,87,0,90,13,23,94,0,130,82,0,82,212
04/20/2014,BZN,MT,ANM,WE,Federal Contract Tower,17,20,13,0,50,0,0,42,0,42,17,20,55,0,92,4,0,4,96
04/21/2014,BZN,MT,ANM,WE,Federal Contract Tower,18,15,31,0,64,0,2,116,0,118,18,17,147,0,182,266,0,266,448
04/22/2014,BZN,MT,ANM,WE,Federal Contract Tower,16,18,9,0,43,0,1,36,0,37,16,19,45,0,80,108,0,108,188
04/23/2014,BZN,MT,ANM,WE,Federal Contract Tower,15,17,11,0,43,0,0,24,0,24,15,17,35,0,67,72,0,72,139
04/24/2014,BZN,MT,ANM,WE,Federal Contract Tower,19,22,23,0,64,0,0,42,0,42,19,22,65,0,106,148,0,148,254
04/25/2014,BZN,MT,ANM,WE,Federal Contract Tower,16,21,29,0,66,0,1,85,2,88,16,22,114,2,154,198,0,198,352
04/26/2014,BZN,MT,ANM,WE,Federal Contract Tower,16,14,1,0,31,0,0,14,0,14,16,14,15,0,45,70,0,70,115
04/27/2014,BZN,MT,ANM,WE,Federal Contract Tower,16,14,12,0,42,0,0,19,0,19,16,14,31,0,61,58,0,58,119
04/28/2014,BZN,MT,ANM,WE,Federal Contract Tower,13,18,27,0,58,0,0,52,0,52,13,18,79,0,110,172,0,172,282
04/29/2014,BZN,MT,ANM,WE,Federal Contract Tower,15,19,18,0,52,0,0,71,0,71,15,19,89,0,123,314,0,314,437
04/30/2014,BZN,MT,ANM,WE,Federal Contract Tower,16,19,20,0,55,0,1,109,0,110,16,20,129,0,165,216,0,216,381
05/01/2014,BZN,MT,ANM,WE,Federal Contract Tower,20,21,5,0,46,0,4,93,0,97,20,25,98,0,143,136,0,136,279
05/02/2014,BZN,MT,ANM,WE,Federal Contract Tower,16,25,15,0,56,0,1,52,0,53,16,26,67,0,109,118,0,118,227
05/03/2014,BZN,MT,ANM,WE,Federal Contract Tower,16,18,25,0,59,0,0,47,0,47,16,18,72,0,106,84,0,84,190
05/04/2014,BZN,MT,ANM,WE,Federal Contract Tower,20,24,10,0,54,0,1,14,0,15,20,25,24,0,69,42,0,42,111
05/05/2014,BZN,MT,ANM,WE,Federal Contract Tower,17,14,16,0,47,0,1,46,0,47,17,15,62,0,94,120,0,120,214
05/06/2014,BZN,MT,ANM,WE,Federal Contract Tower,22,16,7,0,45,0,1,25,0,26,22,17,32,0,71,132,0,132,203
05/07/2014,BZN,MT,ANM,WE,Federal Contract Tower,23,16,12,0,51,0,0,11,0,11,23,16,23,0,62,0,0,0,62
05/08/2014,BZN,MT,ANM,WE,Federal Contract Tower,27,21,27,0,75,0,2,105,0,107,27,23,132,0,182,162,0,162,344
05/09/2014,BZN,MT,ANM,WE,Federal Contract Tower,23,19,13,0,55,0,0,19,0,19,23,19,32,0,74,86,0,86,160
05/10/2014,BZN,MT,ANM,WE,Federal Contract Tower,21,14,9,0,44,0,2,31,0,33,21,16,40,0,77,32,0,32,109
05/11/2014,BZN,MT,ANM,WE,Federal Contract Tower,24,12,9,0,45,0,0,18,0,18,24,12,27,0,63,32,0,32,95
05/12/2014,BZN,MT,ANM,WE,Federal Contract Tower,21,16,24,0,61,0,0,59,0,59,21,16,83,0,120,124,0,124,244
05/13/2014,BZN,MT,ANM,WE,Federal Contract Tower,20,18,24,0,62,0,0,107,0,107,20,18,131,0,169,240,0,240,409
05/14/2014,BZN,MT,ANM,WE,Federal Contract Tower,21,15,46,0,82,0,4,118,0,122,21,19,164,0,204,242,0,242,446
05/15/2014,BZN,MT,ANM,WE,Federal Contract Tower,27,19,18,0,64,0,5,67,0,72,27,24,85,0,136,120,0,120,256
05/16/2014,BZN,MT,ANM,WE,Federal Contract Tower,22,18,27,0,67,0,0,47,0,47,22,18,74,0,114,170,0,170,284
05/17/2014,BZN,MT,ANM,WE,Federal Contract Tower,22,12,10,0,44,0,1,52,0,53,22,13,62,0,97,62,0,62,159
05/18/2014,BZN,MT,ANM,WE,Federal Contract Tower,27,12,5,0,44,0,2,8,0,10,27,14,13,0,54,18,0,18,72
05/19/2014,BZN,MT,ANM,WE,Federal Contract Tower,24,8,21,0,53,0,2,59,0,61,24,10,80,0,114,142,0,142,256
05/20/2014,BZN,MT,ANM,WE,Federal Contract Tower,23,17,25,0,65,0,0,77,0,77,23,17,102,0,142,144,0,144,286
05/21/2014,BZN,MT,ANM,WE,Federal Contract Tower,25,12,23,0,60,0,3,98,0,101,25,15,121,0,161,126,0,126,287
05/22/2014,BZN,MT,ANM,WE,Federal Contract Tower,25,15,39,0,79,0,1,94,0,95,25,16,133,0,174,146,0,146,320
05/23/2014,BZN,MT,ANM,WE,Federal Contract Tower,25,15,15,0,55,0,1,89,4,94,25,16,104,4,149,98,0,98,247
05/24/2014,BZN,MT,ANM,WE,Federal Contract Tower,25,12,7,0,44,0,2,66,0,68,25,14,73,0,112,40,0,40,152
05/25/2014,BZN,MT,ANM,WE,Federal Contract Tower,25,5,8,0,38,0,2,75,0,77,25,7,83,0,115,44,0,44,159
05/26/2014,BZN,MT,ANM,WE,Federal Contract Tower,29,9,14,0,52,0,0,86,0,86,29,9,100,0,138,106,0,106,244
05/27/2014,BZN,MT,ANM,WE,Federal Contract Tower,23,16,29,2,70,0,5,69,0,74,23,21,98,2,144,78,0,78,222
05/28/2014,BZN,MT,ANM,WE,Federal Contract Tower,23,18,28,0,69,0,1,92,0,93,23,19,120,0,162,156,0,156,318
05/29/2014,BZN,MT,ANM,WE,Federal Contract Tower,27,19,11,0,57,0,2,80,0,82,27,21,91,0,139,168,0,168,307
05/30/2014,BZN,MT,ANM,WE,Federal Contract Tower,24,16,10,0,50,0,0,88,2,90,24,16,98,2,140,116,0,116,256
05/31/2014,BZN,MT,ANM,WE,Federal Contract Tower,22,12,8,0,42,0,0,37,0,37,22,12,45,0,79,96,0,96,175
06/01/2014,BZN,MT,ANM,WE,Federal Contract Tower,27,8,6,0,41,0,4,12,0,16,27,12,18,0,57,26,0,26,83
06/02/2014,BZN,MT,ANM,WE,Federal Contract Tower,23,12,14,0,49,0,2,78,0,80,23,14,92,0,129,118,0,118,247
06/03/2014,BZN,MT,ANM,WE,Federal Contract Tower,24,13,12,0,49,0,0,39,0,39,24,13,51,0,88,98,0,98,186
06/04/2014,BZN,MT,ANM,WE,Federal Contract Tower,26,10,18,0,54,0,6,57,0,63,26,16,75,0,117,66,0,66,183
06/05/2014,BZN,MT,ANM,WE,Federal Contract Tower,30,19,20,0,69,0,0,88,0,88,30,19,108,0,157,120,0,120,277
06/06/2014,BZN,MT,ANM,WE,Federal Contract Tower,25,26,14,1,66,0,0,66,0,66,25,26,80,1,132,142,0,142,274
06/07/2014,BZN,MT,ANM,WE,Federal Contract Tower,31,15,3,0,49,0,1,57,3,61,31,16,60,3,110,44,0,44,154
06/08/2014,BZN,MT,ANM,WE,Federal Contract Tower,38,18,8,8,72,0,0,44,2,46,38,18,52,10,118,54,0,54,172
06/09/2014,BZN,MT,ANM,WE,Federal Contract Tower,31,24,22,0,77,0,0,48,0,48,31,24,70,0,125,66,0,66,191
06/10/2014,BZN,MT,ANM,WE,Federal Contract Tower,32,25,11,0,68,0,3,71,8,82,32,28,82,8,150,86,0,86,236
06/11/2014,BZN,MT,ANM,WE,Federal Contract Tower,32,32,36,1,101,0,0,115,0,115,32,32,151,1,216,174,0,174,390
06/12/2014,BZN,MT,ANM,WE,Federal Contract Tower,38,21,33,2,94,0,4,79,0,83,38,25,112,2,177,110,0,110,287
06/13/2014,BZN,MT,ANM,WE,Federal Contract Tower,32,26,22,0,80,0,0,38,0,38,32,26,60,0,118,41,2,43,161
06/14/2014,BZN,MT,ANM,WE,Federal Contract Tower,34,19,9,1,63,0,0,26,0,26,34,19,35,1,89,38,0,38,127
06/15/2014,BZN,MT,ANM,WE,Federal Contract Tower,40,18,13,1,72,0,6,46,0,52,40,24,59,1,124,50,0,50,174
06/16/2014,BZN,MT,ANM,WE,Federal Contract Tower,31,17,17,0,65,0,1,29,0,30,31,18,46,0,95,18,0,18,113
06/17/2014,BZN,MT,ANM,WE,Federal Contract Tower,31,22,15,0,68,0,0,18,0,18,31,22,33,0,86,26,0,26,112
06/18/2014,BZN,MT,ANM,WE,Federal Contract Tower,29,24,19,0,72,0,0,27,0,27,29,24,46,0,99,26,0,26,125
06/19/2014,BZN,MT,ANM,WE,Federal Contract Tower,32,21,33,0,86,0,0,51,0,51,32,21,84,0,137,98,0,98,235
06/20/2014,BZN,MT,ANM,WE,Federal Contract Tower,29,23,22,0,74,0,2,89,0,91,29,25,111,0,165,148,0,148,313
06/21/2014,BZN,MT,ANM,WE,Federal Contract Tower,43,17,7,0,67,0,0,77,0,77,43,17,84,0,144,38,0,38,182
06/22/2014,BZN,MT,ANM,WE,Federal Contract Tower,41,16,15,0,72,0,1,21,0,22,41,17,36,0,94,0,0,0,94
06/23/2014,BZN,MT,ANM,WE,Federal Contract Tower,33,16,21,0,70,0,0,96,2,98,33,16,117,2,168,56,0,56,224
06/24/2014,BZN,MT,ANM,WE,Federal Contract Tower,33,23,10,0,66,0,0,69,0,69,33,23,79,0,135,66,0,66,201
06/25/2014,BZN,MT,ANM,WE,Federal Contract Tower,33,25,35,0,93,0,2,73,0,75,33,27,108,0,168,76,0,76,244
06/26/2014,BZN,MT,ANM,WE,Federal Contract Tower,35,31,24,0,90,0,4,57,0,61,35,35,81,0,151,90,0,90,241
06/27/2014,BZN,MT,ANM,WE,Federal Contract Tower,32,19,32,0,83,0,2,72,0,74,32,21,104,0,157,56,0,56,213
06/28/2014,BZN,MT,ANM,WE,Federal Contract Tower,44,21,13,0,78,0,0,35,0,35,44,21,48,0,113,58,0,58,171
06/29/2014,BZN,MT,ANM,WE,Federal Contract Tower,43,30,22,0,95,0,2,44,0,46,43,32,66,0,141,16,0,16,157
06/30/2014,BZN,MT,ANM,WE,Federal Contract Tower,32,27,21,0,80,0,0,86,0,86,32,27,107,0,166,142,0,142,308
07/01/2014,BZN,MT,ANM,WE,Federal Contract Tower,30,25,23,0,78,0,3,78,2,83,30,28,101,2,161,114,0,114,275
07/02/2014,BZN,MT,ANM,WE,Federal Contract Tower,35,31,31,0,97,0,2,90,0,92,35,33,121,0,189,94,0,94,283
07/03/2014,BZN,MT,ANM,WE,Federal Contract Tower,41,28,25,0,94,0,1,98,0,99,41,29,123,0,193,102,0,102,295
07/04/2014,BZN,MT,ANM,WE,Federal Contract Tower,35,7,5,0,47,0,4,105,0,109,35,11,110,0,156,12,0,12,168
07/05/2014,BZN,MT,ANM,WE,Federal Contract Tower,51,20,9,0,80,0,3,57,0,60,51,23,66,0,140,34,0,34,174
07/06/2014,BZN,MT,ANM,WE,Federal Contract Tower,44,33,28,0,105,0,4,70,0,74,44,37,98,0,179,28,0,28,207
07/07/2014,BZN,MT,ANM,WE,Federal Contract Tower,37,22,23,0,82,0,0,77,0,77,37,22,100,0,159,66,0,66,225
07/08/2014,BZN,MT,ANM,WE,Federal Contract Tower,43,22,26,0,91,0,0,97,0,97,43,22,123,0,188,116,0,116,304
07/09/2014,BZN,MT,ANM,WE,Federal Contract Tower,39,25,21,0,85,0,3,84,0,87,39,28,105,0,172,48,0,48,220
07/10/2014,BZN,MT,ANM,WE,Federal Contract Tower,39,14,12,0,65,0,1,68,0,69,39,15,80,0,134,58,0,58,192
07/11/2014,BZN,MT,ANM,WE,Federal Contract Tower,38,20,11,0,69,0,4,76,0,80,38,24,87,0,149,48,0,48,197
07/12/2014,BZN,MT,ANM,WE,Federal Contract Tower,53,24,8,0,85,0,4,63,0,67,53,28,71,0,152,24,0,24,176
07/13/2014,BZN,MT,ANM,WE,Federal Contract Tower,45,25,19,0,89,0,0,56,0,56,45,25,75,0,145,40,0,40,185
07/14/2014,BZN,MT,ANM,WE,Federal Contract Tower,39,18,22,0,79,0,3,69,0,72,39,21,91,0,151,96,0,96,247
07/15/2014,BZN,MT,ANM,WE,Federal Contract Tower,38,27,14,0,79,0,0,64,0,64,38,27,78,0,143,68,0,68,211
07/16/2014,BZN,MT,ANM,WE,Federal Contract Tower,39,25,33,0,97,0,3,82,0,85,39,28,115,0,182,64,0,64,246
07/17/2014,BZN,MT,ANM,WE,Federal Contract Tower,41,29,30,0,100,0,6,91,0,97,41,35,121,0,197,92,0,92,289
07/18/2014,BZN,MT,ANM,WE,Federal Contract Tower,38,22,24,0,84,0,3,106,0,109,38,25,130,0,193,66,0,66,259
07/19/2014,BZN,MT,ANM,WE,Federal Contract Tower,50,25,19,0,94,0,2,47,0,49,50,27,66,0,143,48,0,48,191
07/20/2014,BZN,MT,ANM,WE,Federal Contract Tower,47,30,37,0,114,0,2,61,0,63,47,32,98,0,177,32,0,32,209
07/21/2014,BZN,MT,ANM,WE,Federal Contract Tower,36,24,15,0,75,0,2,50,2,54,36,26,65,2,129,60,0,60,189
07/22/2014,BZN,MT,ANM,WE,Federal Contract Tower,36,26,19,0,81,0,1,69,0,70,36,27,88,0,151,102,0,102,253
07/23/2014,BZN,MT,ANM,WE,Federal Contract Tower,40,30,25,0,95,0,0,137,0,137,40,30,162,0,232,162,0,162,394
07/24/2014,BZN,MT,ANM,WE,Federal Contract Tower,41,28,35,1,105,0,0,85,2,87,41,28,120,3,192,130,0,130,322
07/25/2014,BZN,MT,ANM,WE,Federal Contract Tower,40,22,39,2,103,0,0,97,0,97,40,22,136,2,200,104,0,104,304
07/26/2014,BZN,MT,ANM,WE,Federal Contract Tower,50,18,22,0,90,0,2,68,0,70,50,20,90,0,160,74,0,74,234
07/27/2014,BZN,MT,ANM,WE,Federal Contract Tower,47,24,19,0,90,0,1,67,1,69,47,25,86,1,159,40,0,40,199
07/28/2014,BZN,MT,ANM,WE,Federal Contract Tower,42,27,23,1,93,0,0,50,1,51,42,27,73,2,144,44,0,44,188
07/29/2014,BZN,MT,ANM,WE,Federal Contract Tower,37,24,24,0,85,0,5,62,0,67,37,29,86,0,152,118,0,118,270
07/30/2014,BZN,MT,ANM,WE,Federal Contract Tower,40,24,32,0,96,0,0,64,0,64,40,24,96,0,160,54,0,54,214
07/31/2014,BZN,MT,ANM,WE,Federal Contract Tower,42,30,25,1,98,0,1,120,0,121,42,31,145,1,219,152,0,152,371
08/01/2014,BZN,MT,ANM,WE,Federal Contract Tower,37,33,43,3,116,0,0,83,0,83,37,33,126,3,199,112,0,112,311
08/02/2014,BZN,MT,ANM,WE,Federal Contract Tower,53,23,10,0,86,0,2,60,0,62,53,25,70,0,148,64,0,64,212
08/03/2014,BZN,MT,ANM,WE,Federal Contract Tower,49,31,22,0,102,0,0,0,0,0,49,31,22,0,102,28,0,28,130
08/04/2014,BZN,MT,ANM,WE,Federal Contract Tower,34,22,15,0,71,0,1,66,0,67,34,23,81,0,138,196,0,196,334
08/05/2014,BZN,MT,ANM,WE,Federal Contract Tower,39,22,26,0,87,0,5,83,0,88,39,27,109,0,175,134,0,134,309
08/06/2014,BZN,MT,ANM,WE,Federal Contract Tower,42,29,36,0,107,0,0,67,0,67,42,29,103,0,174,98,0,98,272
08/07/2014,BZN,MT,ANM,WE,Federal Contract Tower,43,34,16,0,93,0,6,100,0,106,43,40,116,0,199,76,0,76,275
08/08/2014,BZN,MT,ANM,WE,Federal Contract Tower,41,25,25,0,91,0,0,66,0,66,41,25,91,0,157,44,0,44,201
08/09/2014,BZN,MT,ANM,WE,Federal Contract Tower,51,30,20,0,101,0,1,70,0,71,51,31,90,0,172,8,0,8,180
08/10/2014,BZN,MT,ANM,WE,Federal Contract Tower,51,22,24,0,97,0,2,56,0,58,51,24,80,0,155,70,0,70,225
08/11/2014,BZN,MT,ANM,WE,Federal Contract Tower,40,20,19,0,79,0,2,92,0,94,40,22,111,0,173,182,0,182,355
08/12/2014,BZN,MT,ANM,WE,Federal Contract Tower,43,22,17,0,82,0,2,81,0,83,43,24,98,0,165,74,0,74,239
08/13/2014,BZN,MT,ANM,WE,Federal Contract Tower,40,20,27,0,87,0,0,75,0,75,40,20,102,0,162,156,0,156,318
08/14/2014,BZN,MT,ANM,WE,Federal Contract Tower,40,28,25,1,94,0,0,62,0,62,40,28,87,1,156,144,0,144,300
08/15/2014,BZN,MT,ANM,WE,Federal Contract Tower,43,25,28,3,99,0,3,95,0,98,43,28,123,3,197,108,0,108,305
08/16/2014,BZN,MT,ANM,WE,Federal Contract Tower,53,27,19,0,99,0,4,44,0,48,53,31,63,0,147,32,0,32,179
08/17/2014,BZN,MT,ANM,WE,Federal Contract Tower,45,24,29,0,98,0,6,63,0,69,45,30,92,0,167,16,0,16,183
08/18/2014,BZN,MT,ANM,WE,Federal Contract Tower,40,18,36,0,94,0,1,97,0,98,40,19,133,0,192,108,0,108,300
08/19/2014,BZN,MT,ANM,WE,Federal Contract Tower,25,38,24,0,87,0,3,66,0,69,25,41,90,0,156,126,0,126,282
08/20/2014,BZN,MT,ANM,WE,Federal Contract Tower,32,33,36,3,104,0,2,122,0,124,32,35,158,3,228,70,0,70,298
08/21/2014,BZN,MT,ANM,WE,Federal Contract Tower,43,23,30,0,96,0,0,45,0,45,43,23,75,0,141,74,0,74,215
08/22/2014,BZN,MT,ANM,WE,Federal Contract Tower,35,28,15,1,79,0,3,17,0,20,35,31,32,1,99,44,0,44,143
08/23/2014,BZN,MT,ANM,WE,Federal Contract Tower,52,26,14,0,92,0,0,0,0,0,52,26,14,0,92,0,0,0,92
08/24/2014,BZN,MT,ANM,WE,Federal Contract Tower,44,21,21,0,86,0,2,26,0,28,44,23,47,0,114,6,0,6,120
08/25/2014,BZN,MT,ANM,WE,Federal Contract Tower,28,28,13,0,69,0,0,133,0,133,28,28,146,0,202,68,0,68,270
08/26/2014,BZN,MT,ANM,WE,Federal Contract Tower,29,32,14,0,75,0,2,117,0,119,29,34,131,0,194,146,0,146,340
08/27/2014,BZN,MT,ANM,WE,Federal Contract Tower,28,24,19,0,71,0,6,121,0,127,28,30,140,0,198,115,0,115,313
08/28/2014,BZN,MT,ANM,WE,Federal Contract Tower,30,29,35,0,94,0,4,134,0,138,30,33,169,0,232,98,0,98,330
08/29/2014,BZN,MT,ANM,WE,Federal Contract Tower,31,35,24,0,90,0,0,123,0,123,31,35,147,0,213,124,0,124,337
08/30/2014,BZN,MT,ANM,WE,Federal Contract Tower,46,19,10,0,75,0,1,14,0,15,46,20,24,0,90,18,0,18,108
08/31/2014,BZN,MT,ANM,WE,Federal Contract Tower,32,14,11,0,57,0,1,26,0,27,32,15,37,0,84,26,0,26,110
09/01/2014,BZN,MT,ANM,WE,Federal Contract Tower,37,18,31,0,86,0,0,66,0,66,37,18,97,0,152,64,0,64,216
09/02/2014,BZN,MT,ANM,WE,Federal Contract Tower,25,25,20,0,70,0,1,112,0,113,25,26,132,0,183,88,0,88,271
09/03/2014,BZN,MT,ANM,WE,Federal Contract Tower,24,24,21,0,69,0,0,94,0,94,24,24,115,0,163,82,0,82,245
09/04/2014,BZN,MT,ANM,WE,Federal Contract Tower,24,29,27,0,80,0,2,141,0,143,24,31,168,0,223,122,0,122,345
09/05/2014,BZN,MT,ANM,WE,Federal Contract Tower,24,26,24,0,74,0,1,109,0,110,24,27,133,0,184,118,0,118,302
09/06/2014,BZN,MT,ANM,WE,Federal Contract Tower,34,23,14,0,71,0,5,106,0,111,34,28,120,0,182,58,0,58,240
09/07/2014,BZN,MT,ANM,WE,Federal Contract Tower,36,21,15,0,72,0,0,66,0,66,36,21,81,0,138,34,0,34,172
09/08/2014,BZN,MT,ANM,WE,Federal Contract Tower,24,23,25,0,72,0,0,97,0,97,24,23,122,0,169,92,0,92,261
09/09/2014,BZN,MT,ANM,WE,Federal Contract Tower,25,23,29,0,77,0,6,57,0,63,25,29,86,0,140,142,0,142,282
09/10/2014,BZN,MT,ANM,WE,Federal Contract Tower,26,25,22,0,73,0,0,57,0,57,26,25,79,0,130,110,0,110,240
09/11/2014,BZN,MT,ANM,WE,Federal Contract Tower,32,27,21,4,84,0,1,59,2,62,32,28,80,6,146,96,0,96,242
09/12/2014,BZN,MT,ANM,WE,Federal Contract Tower,30,32,20,0,82,0,0,132,0,132,30,32,152,0,214,122,0,122,336
09/13/2014,BZN,MT,ANM,WE,Federal Contract Tower,43,23,16,8,90,0,2,75,0,77,43,25,91,8,167,58,0,58,225
09/14/2014,BZN,MT,ANM,WE,Federal Contract Tower,38,14,18,2,72,0,2,61,0,63,38,16,79,2,135,36,0,36,171
09/15/2014,BZN,MT,ANM,WE,Federal Contract Tower,27,17,12,0,56,0,0,101,0,101,27,17,113,0,157,142,0,142,299
09/16/2014,BZN,MT,ANM,WE,Federal Contract Tower,26,20,19,0,65,0,2,102,0,104,26,22,121,0,169,160,0,160,329
09/17/2014,BZN,MT,ANM,WE,Federal Contract Tower,30,28,23,0,81,0,0,74,2,76,30,28,97,2,157,134,2,136,293
09/18/2014,BZN,MT,ANM,WE,Federal Contract Tower,30,27,21,0,78,0,1,46,0,47,30,28,67,0,125,76,0,76,201
09/19/2014,BZN,MT,ANM,WE,Federal Contract Tower,27,30,24,0,81,0,3,91,0,94,27,33,115,0,175,108,0,108,283
09/20/2014,BZN,MT,ANM,WE,Federal Contract Tower,34,19,8,0,61,0,3,70,0,73,34,22,78,0,134,44,0,44,178
09/21/2014,BZN,MT,ANM,WE,Federal Contract Tower,28,22,28,0,78,0,1,52,0,53,28,23,80,0,131,28,0,28,159
09/22/2014,BZN,MT,ANM,WE,Federal Contract Tower,27,17,23,0,67,0,0,70,0,70,27,17,93,0,137,134,0,134,271
09/23/2014,BZN,MT,ANM,WE,Federal Contract Tower,26,16,19,0,61,0,3,97,0,100,26,19,116,0,161,160,0,160,321
09/24/2014,BZN,MT,ANM,WE,Federal Contract Tower,28,15,27,0,70,0,0,110,0,110,28,15,137,0,180,96,0,96,276
09/25/2014,BZN,MT,ANM,WE,Federal Contract Tower,29,17,14,0,60,0,2,87,0,89,29,19,101,0,149,148,0,148,297
09/26/2014,BZN,MT,ANM,WE,Federal Contract Tower,25,16,26,6,73,0,0,99,0,99,25,16,125,6,172,144,0,144,316
09/27/2014,BZN,MT,ANM,WE,Federal Contract Tower,35,15,14,0,64,0,0,0,0,0,35,15,14,0,64,22,0,22,86
09/28/2014,BZN,MT,ANM,WE,Federal Contract Tower,30,23,19,0,72,0,0,2,0,2,30,23,21,0,74,12,0,12,86
09/29/2014,BZN,MT,ANM,WE,Federal Contract Tower,27,14,10,0,51,0,0,64,0,64,27,14,74,0,115,162,0,162,277
09/30/2014,BZN,MT,ANM,WE,Federal Contract Tower,28,14,11,0,53,0,0,37,0,37,28,14,48,0,90,168,0,168,258
10/01/2014,BZN,MT,ANM,WE,Federal Contract Tower,22,23,34,1,80,0,0,78,0,78,22,23,112,1,158,122,0,122,280
10/02/2014,BZN,MT,ANM,WE,Federal Contract Tower,25,28,12,0,65,0,0,82,4,86,25,28,94,4,151,184,0,184,335
10/03/2014,BZN,MT,ANM,WE,Federal Contract Tower,31,18,24,1,74,0,2,112,1,115,31,20,136,2,189,176,0,176,365
10/04/2014,BZN,MT,ANM,WE,Federal Contract Tower,21,20,14,1,56,0,2,52,2,56,21,22,66,3,112,68,0,68,180
10/05/2014,BZN,MT,ANM,WE,Federal Contract Tower,25,28,14,1,68,0,2,48,5,55,25,30,62,6,123,18,4,22,145
10/06/2014,BZN,MT,ANM,WE,Federal Contract Tower,27,16,22,0,65,0,0,78,0,78,27,16,100,0,143,122,0,122,265
10/07/2014,BZN,MT,ANM,WE,Federal Contract Tower,22,22,15,0,59,0,3,101,0,104,22,25,116,0,163,166,0,166,329
10/08/2014,BZN,MT,ANM,WE,Federal Contract Tower,23,23,22,0,68,0,0,75,0,75,23,23,97,0,143,144,0,144,287
10/09/2014,BZN,MT,ANM,WE,Federal Contract Tower,26,16,26,0,68,0,0,114,0,114,26,16,140,0,182,226,0,226,408
10/10/2014,BZN,MT,ANM,WE,Federal Contract Tower,25,23,20,0,68,0,1,113,0,114,25,24,133,0,182,232,0,232,414
10/11/2014,BZN,MT,ANM,WE,Federal Contract Tower,21,11,7,0,39,0,0,37,0,37,21,11,44,0,76,40,0,40,116
10/12/2014,BZN,MT,ANM,WE,Federal Contract Tower,25,16,7,0,48,0,0,17,0,17,25,16,24,0,65,32,0,32,97
10/13/2014,BZN,MT,ANM,WE,Federal Contract Tower,25,20,13,0,58,0,0,98,0,98,25,20,111,0,156,148,0,148,304
10/14/2014,BZN,MT,ANM,WE,Federal Contract Tower,22,16,15,0,53,0,2,85,0,87,22,18,100,0,140,142,0,142,282
10/15/2014,BZN,MT,ANM,WE,Federal Contract Tower,24,21,20,0,65,0,1,53,0,54,24,22,73,0,119,110,0,110,229
10/16/2014,BZN,MT,ANM,WE,Federal Contract Tower,26,21,26,2,75,0,1,88,0,89,26,22,114,2,164,180,0,180,344
10/17/2014,BZN,MT,ANM,WE,Federal Contract Tower,27,20,16,0,63,0,0,121,0,121,27,20,137,0,184,188,0,188,372
10/18/2014,BZN,MT,ANM,WE,Federal Contract Tower,22,10,6,0,38,0,0,51,0,51,22,10,57,0,89,64,0,64,153
10/19/2014,BZN,MT,ANM,WE,Federal Contract Tower,24,16,12,1,53,0,1,60,1,62,24,17,72,2,115,12,0,12,127
10/20/2014,BZN,MT,ANM,WE,Federal Contract Tower,26,15,17,0,58,0,0,97,0,97,26,15,114,0,155,200,0,200,355
10/21/2014,BZN,MT,ANM,WE,Federal Contract Tower,22,19,31,0,72,0,2,58,2,62,22,21,89,2,134,144,0,144,278
10/22/2014,BZN,MT,ANM,WE,Federal Contract Tower,24,22,15,0,61,0,0,118,0,118,24,22,133,0,179,156,0,156,335
10/23/2014,BZN,MT,ANM,WE,Federal Contract Tower,26,16,21,0,63,0,2,85,0,87,26,18,106,0,150,134,0,134,284
10/24/2014,BZN,MT,ANM,WE,Federal Contract Tower,25,19,18,0,62,0,0,78,0,78,25,19,96,0,140,172,0,172,312
10/25/2014,BZN,MT,ANM,WE,Federal Contract Tower,20,17,6,0,43,0,0,46,0,46,20,17,52,0,89,36,0,36,125
10/26/2014,BZN,MT,ANM,WE,Federal Contract Tower,24,15,7,0,46,0,2,6,0,8,24,17,13,0,54,0,0,0,54
10/27/2014,BZN,MT,ANM,WE,Federal Contract Tower,24,13,17,0,54,0,0,68,0,68,24,13,85,0,122,148,0,148,270
10/28/2014,BZN,MT,ANM,WE,Federal Contract Tower,23,16,22,1,62,0,0,98,1,99,23,16,120,2,161,0,222,222,383
10/29/2014,BZN,MT,ANM,WE,Federal Contract Tower,20,18,11,2,51,0,16,80,0,96,20,34,91,2,147,106,0,106,253
10/30/2014,BZN,MT,ANM,WE,Federal Contract Tower,24,23,13,0,60,0,3,97,0,100,24,26,110,0,160,200,0,200,360
10/31/2014,BZN,MT,ANM,WE,Federal Contract Tower,24,18,8,0,50,0,1,88,0,89,24,19,96,0,139,102,0,102,241
11/01/2014,BZN,MT,ANM,WE,Federal Contract Tower,18,13,7,0,38,0,0,34,0,34,18,13,41,0,72,76,0,76,148
11/02/2014,BZN,MT,ANM,WE,Federal Contract Tower,23,11,9,2,45,0,0,1,0,1,23,11,10,2,46,0,4,4,50
11/03/2014,BZN,MT,ANM,WE,Federal Contract Tower,24,12,23,0,59,0,0,62,0,62,24,12,85,0,121,128,0,128,249
11/04/2014,BZN,MT,ANM,WE,Federal Contract Tower,19,17,19,0,55,0,2,64,0,66,19,19,83,0,121,58,0,58,179
11/05/2014,BZN,MT,ANM,WE,Federal Contract Tower,24,18,19,0,61,0,3,114,0,117,24,21,133,0,178,192,0,192,370
11/06/2014,BZN,MT,ANM,WE,Federal Contract Tower,22,18,39,0,79,0,2,113,0,115,22,20,152,0,194,190,0,190,384
11/07/2014,BZN,MT,ANM,WE,Federal Contract Tower,25,22,20,0,67,0,4,79,0,83,25,26,99,0,150,178,0,178,328
11/08/2014,BZN,MT,ANM,WE,Federal Contract Tower,16,10,9,0,35,0,3,85,0,88,16,13,94,0,123,102,0,102,225
11/09/2014,BZN,MT,ANM,WE,Federal Contract Tower,23,20,11,2,56,0,0,13,0,13,23,20,24,2,69,20,0,20,89
11/10/2014,BZN,MT,ANM,WE,Federal Contract Tower,26,13,7,0,46,0,0,14,0,14,26,13,21,0,60,22,0,22,82
11/11/2014,BZN,MT,ANM,WE,Federal Contract Tower,19,20,8,0,47,0,1,37,0,38,19,21,45,0,85,62,0,62,147
11/12/2014,BZN,MT,ANM,WE,Federal Contract Tower,17,12,15,0,44,0,2,79,0,81,17,14,94,0,125,84,0,84,209
11/13/2014,BZN,MT,ANM,WE,Federal Contract Tower,24,17,22,0,63,0,1,68,0,69,24,18,90,0,132,50,0,50,182
11/14/2014,BZN,MT,ANM,WE,Federal Contract Tower,24,15,18,0,57,0,0,0,0,0,24,15,18,0,57,0,0,0,57
11/15/2014,BZN,MT,ANM,WE,Federal Contract Tower,15,8,24,0,47,0,2,45,0,47,15,10,69,0,94,84,0,84,178
11/16/2014,BZN,MT,ANM,WE,Federal Contract Tower,24,12,17,0,53,0,1,18,0,19,24,13,35,0,72,14,0,14,86
11/17/2014,BZN,MT,ANM,WE,Federal Contract Tower,24,18,20,1,63,0,0,72,1,73,24,18,92,2,136,130,0,130,266
11/18/2014,BZN,MT,ANM,WE,Federal Contract Tower,18,18,17,0,53,0,2,72,0,74,18,20,89,0,127,72,0,72,199
11/19/2014,BZN,MT,ANM,WE,Federal Contract Tower,19,22,19,0,60,0,0,93,0,93,19,22,112,0,153,114,0,114,267
11/20/2014,BZN,MT,ANM,WE,Federal Contract Tower,26,20,22,0,68,0,1,88,0,89,26,21,110,0,157,158,0,158,315
11/21/2014,BZN,MT,ANM,WE,Federal Contract Tower,22,16,18,0,56,0,1,96,2,99,22,17,114,2,155,130,0,130,285
11/22/2014,BZN,MT,ANM,WE,Federal Contract Tower,16,14,11,0,41,0,1,9,0,10,16,15,20,0,51,12,0,12,63
11/23/2014,BZN,MT,ANM,WE,Federal Contract Tower,26,12,13,0,51,0,0,19,0,19,26,12,32,0,70,46,0,46,116
11/24/2014,BZN,MT,ANM,WE,Federal Contract Tower,20,13,16,0,49,0,0,59,0,59,20,13,75,0,108,132,0,132,240
11/25/2014,BZN,MT,ANM,WE,Federal Contract Tower,21,24,8,0,53,0,0,9,0,9,21,24,17,0,62,36,0,36,98
11/26/2014,BZN,MT,ANM,WE,Federal Contract Tower,26,27,17,0,70,0,0,5,0,5,26,27,22,0,75,0,0,0,75
11/27/2014,BZN,MT,ANM,WE,Federal Contract Tower,15,9,3,0,27,0,1,3,0,4,15,10,6,0,31,3,0,3,34
11/28/2014,BZN,MT,ANM,WE,Federal Contract Tower,18,16,7,0,41,0,0,15,0,15,18,16,22,0,56,40,0,40,96
11/29/2014,BZN,MT,ANM,WE,Federal Contract Tower,22,14,8,0,44,0,0,0,0,0,22,14,8,0,44,0,0,0,44
11/30/2014,BZN,MT,ANM,WE,Federal Contract Tower,24,21,30,0,75,0,1,11,0,12,24,22,41,0,87,4,0,4,91
12/01/2014,BZN,MT,ANM,WE,Federal Contract Tower,21,12,23,0,56,0,0,42,0,42,21,12,65,0,98,60,0,60,158
12/02/2014,BZN,MT,ANM,WE,Federal Contract Tower,22,17,18,0,57,0,2,83,0,85,22,19,101,0,142,102,0,102,244
12/03/2014,BZN,MT,ANM,WE,Federal Contract Tower,21,17,19,0,57,0,0,81,0,81,21,17,100,0,138,116,0,116,254
12/04/2014,BZN,MT,ANM,WE,Federal Contract Tower,25,22,7,0,54,0,0,44,0,44,25,22,51,0,98,124,0,124,222
12/05/2014,BZN,MT,ANM,WE,Federal Contract Tower,26,17,27,3,73,0,0,84,0,84,26,17,111,3,157,190,0,190,347
12/06/2014,BZN,MT,ANM,WE,Federal Contract Tower,18,9,11,3,41,0,2,47,0,49,18,11,58,3,90,102,0,102,192
12/07/2014,BZN,MT,ANM,WE,Federal Contract Tower,27,10,19,0,56,0,2,50,0,52,27,12,69,0,108,52,0,52,160
12/08/2014,BZN,MT,ANM,WE,Federal Contract Tower,26,14,25,2,67,0,7,75,0,82,26,21,100,2,149,82,0,82,231
12/09/2014,BZN,MT,ANM,WE,Federal Contract Tower,22,17,15,1,55,0,2,86,0,88,22,19,101,1,143,142,0,142,285
12/10/2014,BZN,MT,ANM,WE,Federal Contract Tower,21,21,16,0,58,0,1,101,0,102,21,22,117,0,160,160,0,160,320
12/11/2014,BZN,MT,ANM,WE,Federal Contract Tower,24,18,11,0,53,0,0,65,0,65,24,18,76,0,118,98,0,98,216
12/12/2014,BZN,MT,ANM,WE,Federal Contract Tower,24,24,19,2,69,0,1,66,0,67,24,25,85,2,136,118,0,118,254
12/13/2014,BZN,MT,ANM,WE,Federal Contract Tower,20,11,5,0,36,0,0,6,0,6,20,11,11,0,42,30,0,30,72
12/14/2014,BZN,MT,ANM,WE,Federal Contract Tower,25,24,9,0,58,0,0,0,0,0,25,24,9,0,58,0,0,0,58
12/15/2014,BZN,MT,ANM,WE,Federal Contract Tower,21,15,15,0,51,0,0,57,0,57,21,15,72,0,108,114,0,114,222
12/16/2014,BZN,MT,ANM,WE,Federal Contract Tower,22,27,23,0,72,0,0,64,0,64,22,27,87,0,136,106,0,106,242
12/17/2014,BZN,MT,ANM,WE,Federal Contract Tower,21,29,24,0,74,0,2,37,0,39,21,31,61,0,113,70,0,70,183
12/18/2014,BZN,MT,ANM,WE,Federal Contract Tower,30,38,10,0,78,0,0,68,0,68,30,38,78,0,146,126,0,126,272
12/19/2014,BZN,MT,ANM,WE,Federal Contract Tower,27,38,41,0,106,0,1,71,0,72,27,39,112,0,178,92,0,92,270
12/20/2014,BZN,MT,ANM,WE,Federal Contract Tower,44,44,34,0,122,0,2,36,0,38,44,46,70,0,160,82,0,82,242
12/21/2014,BZN,MT,ANM,WE,Federal Contract Tower,46,32,20,0,98,0,0,4,0,4,46,32,24,0,102,16,0,16,118
12/22/2014,BZN,MT,ANM,WE,Federal Contract Tower,37,35,24,0,96,0,0,16,0,16,37,35,40,0,112,20,0,20,132
12/23/2014,BZN,MT,ANM,WE,Federal Contract Tower,38,41,24,0,103,0,0,48,0,48,38,41,72,0,151,52,0,52,203
12/24/2014,BZN,MT,ANM,WE,Federal Contract Tower,31,41,15,0,87,0,0,15,0,15,31,41,30,0,102,14,0,14,116
12/25/2014,BZN,MT,ANM,WE,Federal Contract Tower,36,12,4,0,52,0,0,0,0,0,36,12,4,0,52,0,0,0,52
12/26/2014,BZN,MT,ANM,WE,Federal Contract Tower,33,48,40,0,121,0,0,8,0,8,33,48,48,0,129,0,0,0,129
12/27/2014,BZN,MT,ANM,WE,Federal Contract Tower,44,56,44,0,144,0,0,11,0,11,44,56,55,0,155,0,0,0,155
12/28/2014,BZN,MT,ANM,WE,Federal Contract Tower,38,37,26,0,101,0,0,0,0,0,38,37,26,0,101,0,0,0,101
12/29/2014,BZN,MT,ANM,WE,Federal Contract Tower,34,36,17,0,87,0,0,2,0,2,34,36,19,0,89,6,0,6,95
12/30/2014,BZN,MT,ANM,WE,Federal Contract Tower,39,33,16,0,88,0,0,20,0,20,39,33,36,0,108,0,0,0,108
12/31/2014,BZN,MT,ANM,WE,Federal Contract Tower,34,31,13,0,78,0,0,24,0,24,34,31,37,0,102,12,0,12,114
01/01/2015,BZN,MT,ANM,WE,Federal Contract Tower,29,35,8,0,72,0,0,32,0,32,29,35,40,0,104,20,0,20,124
01/02/2015,BZN,MT,ANM,WE,Federal Contract Tower,38,52,41,0,131,0,0,52,0,52,38,52,93,0,183,108,0,108,291
01/03/2015,BZN,MT,ANM,WE,Federal Contract Tower,45,48,43,0,136,0,0,12,0,12,45,48,55,0,148,14,0,14,162
01/04/2015,BZN,MT,ANM,WE,Federal Contract Tower,41,48,40,0,129,0,0,0,0,0,41,48,40,0,129,0,0,0,129
01/05/2015,BZN,MT,ANM,WE,Federal Contract Tower,25,25,15,0,65,0,0,10,0,10,25,25,25,0,75,16,0,16,91
01/06/2015,BZN,MT,ANM,WE,Federal Contract Tower,22,19,30,0,71,0,0,44,0,44,22,19,74,0,115,86,0,86,201
01/07/2015,BZN,MT,ANM,WE,Federal Contract Tower,22,20,23,0,65,0,0,59,0,59,22,20,82,0,124,104,0,104,228
01/08/2015,BZN,MT,ANM,WE,Federal Contract Tower,29,23,16,0,68,0,2,16,0,18,29,25,32,0,86,46,0,46,132
01/09/2015,BZN,MT,ANM,WE,Federal Contract Tower,23,24,13,1,61,0,0,9,1,10,23,24,22,2,71,0,0,0,71
01/10/2015,BZN,MT,ANM,WE,Federal Contract Tower,32,23,7,0,62,0,0,45,0,45,32,23,52,0,107,84,0,84,191
01/11/2015,BZN,MT,ANM,WE,Federal Contract Tower,24,12,15,0,51,0,2,0,0,2,24,14,15,0,53,0,0,0,53
01/12/2015,BZN,MT,ANM,WE,Federal Contract Tower,25,12,10,0,47,0,3,27,0,30,25,15,37,0,77,84,0,84,161
01/13/2015,BZN,MT,ANM,WE,Federal Contract Tower,21,15,32,0,68,0,0,53,0,53,21,15,85,0,121,36,0,36,157
01/14/2015,BZN,MT,ANM,WE,Federal Contract Tower,21,22,37,0,80,0,0,86,0,86,21,22,123,0,166,140,0,140,306
01/15/2015,BZN,MT,ANM,WE,Federal Contract Tower,25,28,19,0,72,0,2,52,0,54,25,30,71,0,126,122,0,122,248
01/16/2015,BZN,MT,ANM,WE,Federal Contract Tower,25,42,30,0,97,0,0,22,0,22,25,42,52,0,119,56,0,56,175
01/17/2015,BZN,MT,ANM,WE,Federal Contract Tower,30,18,9,0,57,0,1,43,0,44,30,19,52,0,101,86,0,86,187
01/18/2015,BZN,MT,ANM,WE,Federal Contract Tower,26,18,14,0,58,0,1,7,0,8,26,19,21,0,66,20,0,20,86
01/19/2015,BZN,MT,ANM,WE,Federal Contract Tower,28,45,30,0,103,0,2,57,0,59,28,47,87,0,162,120,0,120,282
01/20/2015,BZN,MT,ANM,WE,Federal Contract Tower,20,29,26,0,75,0,0,100,0,100,20,29,126,0,175,188,0,188,363
01/21/2015,BZN,MT,ANM,WE,Federal Contract Tower,22,17,20,0,59,0,1,96,0,97,22,18,116,0,156,90,0,90,246
01/22/2015,BZN,MT,ANM,WE,Federal Contract Tower,23,20,23,0,66,0,1,70,0,71,23,21,93,0,137,124,0,124,261
01/23/2015,BZN,MT,ANM,WE,Federal Contract Tower,24,21,13,0,58,0,0,59,0,59,24,21,72,0,117,40,0,40,157
01/24/2015,BZN,MT,ANM,WE,Federal Contract Tower,31,15,11,0,57,0,3,29,0,32,31,18,40,0,89,50,0,50,139
01/25/2015,BZN,MT,ANM,WE,Federal Contract Tower,27,17,20,0,64,0,0,35,0,35,27,17,55,0,99,86,0,86,185
01/26/2015,BZN,MT,ANM,WE,Federal Contract Tower,24,13,31,0,68,0,0,64,0,64,24,13,95,0,132,118,0,118,250
01/27/2015,BZN,MT,ANM,WE,Federal Contract Tower,20,16,17,0,53,0,0,103,0,103,20,16,120,0,156,178,0,178,334
01/28/2015,BZN,MT,ANM,WE,Federal Contract Tower,21,23,18,0,62,0,1,65,1,67,21,24,83,1,129,100,0,100,229
01/29/2015,BZN,MT,ANM,WE,Federal Contract Tower,21,24,27,1,73,0,5,88,1,94,21,29,115,2,167,144,0,144,311
01/30/2015,BZN,MT,ANM,WE,Federal Contract Tower,24,15,15,0,54,0,4,93,2,99,24,19,108,2,153,136,0,136,289
01/31/2015,BZN,MT,ANM,WE,Federal Contract Tower,32,16,13,0,61,0,0,35,0,35,32,16,48,0,96,62,0,62,158
02/01/2015,BZN,MT,ANM,WE,Federal Contract Tower,26,18,7,0,51,0,1,8,0,9,26,19,15,0,60,24,0,24,84
02/02/2015,BZN,MT,ANM,WE,Federal Contract Tower,29,14,17,0,60,0,0,50,0,50,29,14,67,0,110,84,0,84,194
02/03/2015,BZN,MT,ANM,WE,Federal Contract Tower,22,18,16,0,56,0,1,33,0,34,22,19,49,0,90,144,0,144,234
02/04/2015,BZN,MT,ANM,WE,Federal Contract Tower,21,15,30,0,66,0,0,25,0,25,21,15,55,0,91,60,0,60,151
02/05/2015,BZN,MT,ANM,WE,Federal Contract Tower,23,26,20,0,69,0,0,55,0,55,23,26,75,0,124,68,0,68,192
02/06/2015,BZN,MT,ANM,WE,Federal Contract Tower,23,25,20,0,68,0,0,19,0,19,23,25,39,0,87,64,0,64,151
02/07/2015,BZN,MT,ANM,WE,Federal Contract Tower,32,8,8,0,48,0,2,3,0,5,32,10,11,0,53,16,0,16,69
02/08/2015,BZN,MT,ANM,WE,Federal Contract Tower,29,18,36,0,83,0,2,32,0,34,29,20,68,0,117,18,0,18,135
02/09/2015,BZN,MT,ANM,WE,Federal Contract Tower,25,24,19,0,68,0,1,37,0,38,25,25,56,0,106,24,0,24,130
02/10/2015,BZN,MT,ANM,WE,Federal Contract Tower,21,18,34,0,73,0,0,43,0,43,21,18,77,0,116,130,0,130,246
02/11/2015,BZN,MT,ANM,WE,Federal Contract Tower,22,23,31,0,76,0,1,90,0,91,22,24,121,0,167,186,0,186,353
02/12/2015,BZN,MT,ANM,WE,Federal Contract Tower,28,49,43,0,120,0,0,90,0,90,28,49,133,0,210,112,0,112,322
02/13/2015,BZN,MT,ANM,WE,Federal Contract Tower,25,61,68,0,154,0,2,119,0,121,25,63,187,0,275,104,0,104,379
02/14/2015,BZN,MT,ANM,WE,Federal Contract Tower,38,26,27,0,91,0,2,59,0,61,38,28,86,0,152,50,0,50,202
02/15/2015,BZN,MT,ANM,WE,Federal Contract Tower,35,32,15,0,82,0,0,20,0,20,35,32,35,0,102,4,0,4,106
02/16/2015,BZN,MT,ANM,WE,Federal Contract Tower,27,74,41,0,142,0,2,38,0,40,27,76,79,0,182,38,0,38,220
02/17/2015,BZN,MT,ANM,WE,Federal Contract Tower,22,40,64,0,126,0,0,85,0,85,22,40,149,0,211,142,10,152,363
02/18/2015,BZN,MT,ANM,WE,Federal Contract Tower,23,30,43,0,96,0,0,90,0,90,23,30,133,0,186,164,0,164,350
02/19/2015,BZN,MT,ANM,WE,Federal Contract Tower,25,37,39,2,103,0,0,78,0,78,25,37,117,2,181,184,2,186,367
02/20/2015,BZN,MT,ANM,WE,Federal Contract Tower,25,36,28,0,89,0,2,31,0,33,25,38,59,0,122,92,0,92,214
02/21/2015,BZN,MT,ANM,WE,Federal Contract Tower,37,29,22,0,88,0,0,0,0,0,37,29,22,0,88,10,0,10,98
02/22/2015,BZN,MT,ANM,WE,Federal Contract Tower,30,32,37,4,103,0,0,30,0,30,30,32,67,4,133,13,0,13,146
02/23/2015,BZN,MT,ANM,WE,Federal Contract Tower,26,22,33,0,81,0,0,71,0,71,26,22,104,0,152,122,0,122,274
02/24/2015,BZN,MT,ANM,WE,Federal Contract Tower,25,24,25,0,74,0,2,72,0,74,25,26,97,0,148,160,0,160,308
02/25/2015,BZN,MT,ANM,WE,Federal Contract Tower,25,23,17,0,65,0,2,19,1,22,25,25,36,1,87,84,0,84,171
02/26/2015,BZN,MT,ANM,WE,Federal Contract Tower,26,27,17,0,70,0,4,12,0,16,26,31,29,0,86,42,0,42,128
02/27/2015,BZN,MT,ANM,WE,Federal Contract Tower,24,37,26,0,87,0,1,39,0,40,24,38,65,0,127,42,0,42,169
02/28/2015,BZN,MT,ANM,WE,Federal Contract Tower,40,15,13,0,68,0,1,13,0,14,40,16,26,0,82,10,0,10,92
03/01/2015,BZN,MT,ANM,WE,Federal Contract Tower,34,21,20,0,75,0,1,53,0,54,34,22,73,0,129,34,0,34,163
03/02/2015,BZN,MT,ANM,WE,Federal Contract Tower,27,20,33,0,80,0,1,55,0,56,27,21,88,0,136,70,0,70,206
03/03/2015,BZN,MT,ANM,WE,Federal Contract Tower,26,22,18,0,66,0,2,30,0,32,26,24,48,0,98,120,0,120,218
03/04/2015,BZN,MT,ANM,WE,Federal Contract Tower,26,27,23,0,76,0,0,79,0,79,26,27,102,0,155,82,0,82,237
03/05/2015,BZN,MT,ANM,WE,Federal Contract Tower,26,29,27,0,82,0,1,82,0,83,26,30,109,0,165,126,0,126,291
03/06/2015,BZN,MT,ANM,WE,Federal Contract Tower,26,19,18,0,63,0,9,69,0,78,26,28,87,0,141,62,0,62,203
03/07/2015,BZN,MT,ANM,WE,Federal Contract Tower,39,23,11,3,76,0,0,47,2,49,39,23,58,5,125,42,0,42,167
03/08/2015,BZN,MT,ANM,WE,Federal Contract Tower,34,26,21,0,81,0,0,68,0,68,34,26,89,0,149,22,0,22,171
03/09/2015,BZN,MT,ANM,WE,Federal Contract Tower,26,15,29,0,70,0,0,53,0,53,26,15,82,0,123,60,0,60,183
03/10/2015,BZN,MT,ANM,WE,Federal Contract Tower,24,21,22,0,67,0,0,76,0,76,24,21,98,0,143,44,2,46,189
03/11/2015,BZN,MT,ANM,WE,Federal Contract Tower,26,23,40,0,89,0,1,63,0,64,26,24,103,0,153,42,0,42,195
03/12/2015,BZN,MT,ANM,WE,Federal Contract Tower,28,26,43,0,97,0,2,56,0,58,28,28,99,0,155,40,0,40,195
03/13/2015,BZN,MT,ANM,WE,Federal Contract Tower,28,29,36,0,93,0,5,80,0,85,28,34,116,0,178,70,0,70,248
03/14/2015,BZN,MT,ANM,WE,Federal Contract Tower,40,21,23,2,86,0,2,32,0,34,40,23,55,2,120,38,2,40,160
03/15/2015,BZN,MT,ANM,WE,Federal Contract Tower,34,23,24,0,81,0,1,15,0,16,34,24,39,0,97,18,0,18,115
03/16/2015,BZN,MT,ANM,WE,Federal Contract Tower,24,23,24,0,71,0,0,43,0,43,24,23,67,0,114,56,0,56,170
03/17/2015,BZN,MT,ANM,WE,Federal Contract Tower,24,20,23,0,67,0,0,4,0,4,24,20,27,0,71,0,0,0,71
03/18/2015,BZN,MT,ANM,WE,Federal Contract Tower,24,31,29,2,86,0,3,22,0,25,24,34,51,2,111,32,0,32,143
03/19/2015,BZN,MT,ANM,WE,Federal Contract Tower,28,26,30,0,84,0,1,88,0,89,28,27,118,0,173,172,0,172,345
03/20/2015,BZN,MT,ANM,WE,Federal Contract Tower,26,27,30,0,83,0,1,92,0,93,26,28,122,0,176,98,0,98,274
03/21/2015,BZN,MT,ANM,WE,Federal Contract Tower,38,27,20,0,85,0,0,38,0,38,38,27,58,0,123,70,0,70,193
03/22/2015,BZN,MT,ANM,WE,Federal Contract Tower,34,21,24,1,80,0,0,52,0,52,34,21,76,1,132,20,0,20,152
03/23/2015,BZN,MT,ANM,WE,Federal Contract Tower,25,11,27,0,63,0,0,42,0,42,25,11,69,0,105,60,0,60,165
03/24/2015,BZN,MT,ANM,WE,Federal Contract Tower,23,29,10,0,62,0,0,25,0,25,23,29,35,0,87,62,0,62,149
03/25/2015,BZN,MT,ANM,WE,Federal Contract Tower,24,24,26,0,74,0,0,71,0,71,24,24,97,0,145,98,0,98,243
03/26/2015,BZN,MT,ANM,WE,Federal Contract Tower,29,31,19,0,79,0,2,63,2,67,29,33,82,2,146,86,0,86,232
03/27/2015,BZN,MT,ANM,WE,Federal Contract Tower,27,27,34,0,88,0,3,85,0,88,27,30,119,0,176,172,0,172,348
03/28/2015,BZN,MT,ANM,WE,Federal Contract Tower,38,28,12,0,78,0,0,16,0,16,38,28,28,0,94,4,0,4,98
03/29/2015,BZN,MT,ANM,WE,Federal Contract Tower,35,26,25,3,89,0,2,49,1,52,35,28,74,4,141,14,0,14,155
03/30/2015,BZN,MT,ANM,WE,Federal Contract Tower,26,19,32,0,77,0,3,122,0,125,26,22,154,0,202,192,0,192,394
03/31/2015,BZN,MT,ANM,WE,Federal Contract Tower,23,19,24,2,68,0,2,51,0,53,23,21,75,2,121,116,0,116,237
04/01/2015,BZN,MT,ANM,WE,Federal Contract Tower,23,20,23,0,66,0,0,56,0,56,23,20,79,0,122,86,0,86,208
04/02/2015,BZN,MT,ANM,WE,Federal Contract Tower,27,28,14,0,69,0,0,32,0,32,27,28,46,0,101,46,0,46,147
04/03/2015,BZN,MT,ANM,WE,Federal Contract Tower,27,22,32,0,81,0,0,80,0,80,27,22,112,0,161,150,0,150,311
04/04/2015,BZN,MT,ANM,WE,Federal Contract Tower,28,18,16,0,62,0,1,58,0,59,28,19,74,0,121,36,0,36,157
04/05/2015,BZN,MT,ANM,WE,Federal Contract Tower,35,12,2,0,49,0,0,0,0,0,35,12,2,0,49,0,0,0,49
04/06/2015,BZN,MT,ANM,WE,Federal Contract Tower,24,22,29,0,75,0,0,17,0,17,24,22,46,0,92,20,0,20,112
04/07/2015,BZN,MT,ANM,WE,Federal Contract Tower,18,20,44,0,82,0,4,80,0,84,18,24,124,0,166,158,0,158,324
04/08/2015,BZN,MT,ANM,WE,Federal Contract Tower,18,19,35,0,72,0,6,72,0,78,18,25,107,0,150,169,0,169,319
04/09/2015,BZN,MT,ANM,WE,Federal Contract Tower,21,24,33,0,78,0,0,73,0,73,21,24,106,0,151,96,0,96,247
04/10/2015,BZN,MT,ANM,WE,Federal Contract Tower,20,26,27,0,73,0,0,74,0,74,20,26,101,0,147,96,0,96,243
04/11/2015,BZN,MT,ANM,WE,Federal Contract Tower,18,20,5,0,43,0,0,27,0,27,18,20,32,0,70,22,0,22,92
04/12/2015,BZN,MT,ANM,WE,Federal Contract Tower,24,15,10,0,49,0,1,24,0,25,24,16,34,0,74,32,0,32,106
04/13/2015,BZN,MT,ANM,WE,Federal Contract Tower,20,11,30,0,61,0,4,81,0,85,20,15,111,0,146,168,0,168,314
04/14/2015,BZN,MT,ANM,WE,Federal Contract Tower,14,14,16,0,44,0,0,31,0,31,14,14,47,0,75,108,0,108,183
04/15/2015,BZN,MT,ANM,WE,Federal Contract Tower,20,14,17,0,51,0,0,3,0,3,20,14,20,0,54,8,0,8,62
04/16/2015,BZN,MT,ANM,WE,Federal Contract Tower,21,18,20,0,59,0,2,86,0,88,21,20,106,0,147,112,0,112,259
04/17/2015,BZN,MT,ANM,WE,Federal Contract Tower,17,15,47,2,81,0,0,122,0,122,17,15,169,2,203,144,0,144,347
04/18/2015,BZN,MT,ANM,WE,Federal Contract Tower,17,11,11,0,39,0,0,55,0,55,17,11,66,0,94,38,0,38,132
04/19/2015,BZN,MT,ANM,WE,Federal Contract Tower,24,14,4,0,42,0,2,70,2,74,24,16,74,2,116,38,0,38,154
04/20/2015,BZN,MT,ANM,WE,Federal Contract Tower,21,7,20,0,48,0,0,71,0,71,21,7,91,0,119,88,0,88,207
04/21/2015,BZN,MT,ANM,WE,Federal Contract Tower,19,16,23,2,60,0,2,79,2,83,19,18,102,4,143,178,0,178,321
04/22/2015,BZN,MT,ANM,WE,Federal Contract Tower,17,15,25,0,57,0,3,67,0,70,17,18,92,0,127,130,0,130,257
04/23/2015,BZN,MT,ANM,WE,Federal Contract Tower,25,13,15,0,53,0,0,50,0,50,25,13,65,0,103,16,0,16,119
04/24/2015,BZN,MT,ANM,WE,Federal Contract Tower,20,17,24,0,61,0,0,56,0,56,20,17,80,0,117,96,0,96,213
04/25/2015,BZN,MT,ANM,WE,Federal Contract Tower,18,10,3,0,31,0,1,11,0,12,18,11,14,0,43,10,0,10,53
04/26/2015,BZN,MT,ANM,WE,Federal Contract Tower,25,4,7,0,36,0,0,0,0,0,25,4,7,0,36,0,0,0,36
04/27/2015,BZN,MT,ANM,WE,Federal Contract Tower,20,15,24,0,59,0,0,54,0,54,20,15,78,0,113,66,0,66,179
04/28/2015,BZN,MT,ANM,WE,Federal Contract Tower,18,17,34,0,69,0,2,100,0,102,18,19,134,0,171,138,0,138,309
04/29/2015,BZN,MT,ANM,WE,Federal Contract Tower,18,26,30,0,74,0,0,67,0,67,18,26,97,0,141,142,0,142,283
04/30/2015,BZN,MT,ANM,WE,Federal Contract Tower,20,15,29,0,64,0,0,96,0,96,20,15,125,0,160,80,0,80,240
05/01/2015,BZN,MT,ANM,WE,Federal Contract Tower,22,12,24,0,58,0,0,82,0,82,22,12,106,0,140,70,0,70,210
05/02/2015,BZN,MT,ANM,WE,Federal Contract Tower,19,16,10,0,45,0,0,54,0,54,19,16,64,0,99,100,0,100,199
05/03/2015,BZN,MT,ANM,WE,Federal Contract Tower,22,13,6,1,42,0,1,46,2,49,22,14,52,3,91,30,0,30,121
05/04/2015,BZN,MT,ANM,WE,Federal Contract Tower,22,16,33,0,71,0,5,87,0,92,22,21,120,0,163,172,0,172,335
05/05/2015,BZN,MT,ANM,WE,Federal Contract Tower,16,21,11,0,48,0,2,46,0,48,16,23,57,0,96,52,0,52,148
05/06/2015,BZN,MT,ANM,WE,Federal Contract Tower,24,25,25,4,78,0,0,52,0,52,24,25,77,4,130,100,0,100,230
05/07/2015,BZN,MT,ANM,WE,Federal Contract Tower,24,24,18,0,66,0,0,27,8,35,24,24,45,8,101,40,0,40,141
05/08/2015,BZN,MT,ANM,WE,Federal Contract Tower,26,19,19,0,64,0,2,67,0,69,26,21,86,0,133,32,0,32,165
05/09/2015,BZN,MT,ANM,WE,Federal Contract Tower,17,11,21,0,49,0,0,53,0,53,17,11,74,0,102,34,0,34,136
05/10/2015,BZN,MT,ANM,WE,Federal Contract Tower,23,9,7,0,39,0,0,61,0,61,23,9,68,0,100,10,0,10,110
05/11/2015,BZN,MT,ANM,WE,Federal Contract Tower,26,14,18,0,58,0,1,81,0,82,26,15,99,0,140,132,0,132,272
05/12/2015,BZN,MT,ANM,WE,Federal Contract Tower,19,19,32,0,70,0,0,54,0,54,19,19,86,0,124,142,0,142,266
05/13/2015,BZN,MT,ANM,WE,Federal Contract Tower,24,19,43,0,86,0,0,85,0,85,24,19,128,0,171,248,0,248,419
05/14/2015,BZN,MT,ANM,WE,Federal Contract Tower,23,17,14,0,54,0,2,50,0,52,23,19,64,0,106,106,0,106,212
05/15/2015,BZN,MT,ANM,WE,Federal Contract Tower,27,19,36,0,82,0,0,40,0,40,27,19,76,0,122,68,0,68,190
05/16/2015,BZN,MT,ANM,WE,Federal Contract Tower,19,14,6,0,39,0,0,0,0,0,19,14,6,0,39,0,0,0,39
05/17/2015,BZN,MT,ANM,WE,Federal Contract Tower,24,6,13,0,43,0,25,0,0,25,24,31,13,0,68,8,0,8,76
05/18/2015,BZN,MT,ANM,WE,Federal Contract Tower,25,10,32,2,69,0,0,45,0,45,25,10,77,2,114,158,0,158,272
05/19/2015,BZN,MT,ANM,WE,Federal Contract Tower,21,16,23,0,60,0,0,58,0,58,21,16,81,0,118,122,0,122,240
05/20/2015,BZN,MT,ANM,WE,Federal Contract Tower,24,13,42,0,79,0,0,102,0,102,24,13,144,0,181,86,0,86,267
05/21/2015,BZN,MT,ANM,WE,Federal Contract Tower,24,15,24,0,63,0,3,56,0,59,24,18,80,0,122,128,0,128,250
05/22/2015,BZN,MT,ANM,WE,Federal Contract Tower,25,17,20,0,62,0,2,84,0,86,25,19,104,0,148,96,0,96,244
05/23/2015,BZN,MT,ANM,WE,Federal Contract Tower,19,9,24,0,52,0,0,27,0,27,19,9,51,0,79,12,0,12,91
05/24/2015,BZN,MT,ANM,WE,Federal Contract Tower,22,2,8,0,32,0,0,15,0,15,22,2,23,0,47,22,0,22,69
05/25/2015,BZN,MT,ANM,WE,Federal Contract Tower,26,7,21,0,54,0,0,93,0,93,26,7,114,0,147,30,0,30,177
05/26/2015,BZN,MT,ANM,WE,Federal Contract Tower,19,13,24,0,56,0,2,53,2,57,19,15,77,2,113,272,0,272,385
05/27/2015,BZN,MT,ANM,WE,Federal Contract Tower,24,18,15,0,57,0,2,34,0,36,24,20,49,0,93,24,0,24,117
05/28/2015,BZN,MT,ANM,WE,Federal Contract Tower,30,16,23,0,69,0,0,47,0,47,30,16,70,0,116,104,0,104,220
05/29/2015,BZN,MT,ANM,WE,Federal Contract Tower,26,12,36,0,74,0,2,97,0,99,26,14,133,0,173,172,0,172,345
05/30/2015,BZN,MT,ANM,WE,Federal Contract Tower,19,10,21,0,50,0,2,55,0,57,19,12,76,0,107,28,0,28,135
05/31/2015,BZN,MT,ANM,WE,Federal Contract Tower,24,8,22,0,54,0,0,56,0,56,24,8,78,0,110,62,0,62,172
06/01/2015,BZN,MT,ANM,WE,Federal Contract Tower,26,11,29,0,66,0,6,58,0,64,26,17,87,0,130,154,0,154,284
06/02/2015,BZN,MT,ANM,WE,Federal Contract Tower,20,16,15,0,51,0,2,71,0,73,20,18,86,0,124,134,0,134,258
06/03/2015,BZN,MT,ANM,WE,Federal Contract Tower,24,18,21,6,69,0,0,93,0,93,24,18,114,6,162,132,0,132,294
06/04/2015,BZN,MT,ANM,WE,Federal Contract Tower,27,17,29,0,73,0,0,96,0,96,27,17,125,0,169,118,0,118,287
06/05/2015,BZN,MT,ANM,WE,Federal Contract Tower,25,23,10,0,58,0,0,66,0,66,25,23,76,0,124,140,0,140,264
06/06/2015,BZN,MT,ANM,WE,Federal Contract Tower,34,12,14,0,60,0,0,88,0,88,34,12,102,0,148,60,0,60,208
06/07/2015,BZN,MT,ANM,WE,Federal Contract Tower,31,9,13,0,53,0,2,91,0,93,31,11,104,0,146,20,0,20,166
06/08/2015,BZN,MT,ANM,WE,Federal Contract Tower,35,13,36,0,84,0,0,79,8,87,35,13,115,8,171,94,0,94,265
06/09/2015,BZN,MT,ANM,WE,Federal Contract Tower,25,22,29,0,76,0,1,78,0,79,25,23,107,0,155,140,0,140,295
06/10/2015,BZN,MT,ANM,WE,Federal Contract Tower,33,14,35,2,84,0,0,71,4,75,33,14,106,6,159,80,2,82,241
06/11/2015,BZN,MT,ANM,WE,Federal Contract Tower,27,18,21,0,66,0,2,79,0,81,27,20,100,0,147,68,0,68,215
06/12/2015,BZN,MT,ANM,WE,Federal Contract Tower,27,23,18,0,68,0,0,87,0,87,27,23,105,0,155,108,0,108,263
06/13/2015,BZN,MT,ANM,WE,Federal Contract Tower,39,13,15,0,67,0,4,97,0,101,39,17,112,0,168,22,0,22,190
06/14/2015,BZN,MT,ANM,WE,Federal Contract Tower,37,9,16,0,62,0,2,45,0,47,37,11,61,0,109,54,0,54,163
06/15/2015,BZN,MT,ANM,WE,Federal Contract Tower,31,17,24,0,72,0,2,59,0,61,31,19,83,0,133,98,0,98,231
06/16/2015,BZN,MT,ANM,WE,Federal Contract Tower,26,23,35,0,84,0,1,72,0,73,26,24,107,0,157,82,0,82,239
06/17/2015,BZN,MT,ANM,WE,Federal Contract Tower,32,23,15,0,70,0,2,101,0,103,32,25,116,0,173,164,0,164,337
06/18/2015,BZN,MT,ANM,WE,Federal Contract Tower,27,34,29,0,90,0,0,102,0,102,27,34,131,0,192,108,0,108,300
06/19/2015,BZN,MT,ANM,WE,Federal Contract Tower,29,28,15,0,72,0,2,108,0,110,29,30,123,0,182,120,0,120,302
06/20/2015,BZN,MT,ANM,WE,Federal Contract Tower,39,14,10,0,63,0,1,73,0,74,39,15,83,0,137,40,0,40,177
06/21/2015,BZN,MT,ANM,WE,Federal Contract Tower,36,20,18,0,74,0,4,50,0,54,36,24,68,0,128,12,0,12,140
06/22/2015,BZN,MT,ANM,WE,Federal Contract Tower,32,16,15,0,63,0,2,97,0,99,32,18,112,0,162,52,0,52,214
06/23/2015,BZN,MT,ANM,WE,Federal Contract Tower,26,22,52,0,100,0,2,93,0,95,26,24,145,0,195,76,0,76,271
06/24/2015,BZN,MT,ANM,WE,Federal Contract Tower,29,25,13,4,71,0,2,92,0,94,29,27,105,4,165,164,0,164,329
06/25/2015,BZN,MT,ANM,WE,Federal Contract Tower,30,23,34,2,89,0,0,84,0,84,30,23,118,2,173,84,0,84,257
06/26/2015,BZN,MT,ANM,WE,Federal Contract Tower,29,28,14,0,71,0,2,89,0,91,29,30,103,0,162,98,0,98,260
06/27/2015,BZN,MT,ANM,WE,Federal Contract Tower,40,24,22,0,86,0,4,88,0,92,40,28,110,0,178,70,0,70,248
06/28/2015,BZN,MT,ANM,WE,Federal Contract Tower,32,25,18,2,77,0,2,36,0,38,32,27,54,2,115,0,6,6,121
06/29/2015,BZN,MT,ANM,WE,Federal Contract Tower,31,16,12,0,59,0,0,64,0,64,31,16,76,0,123,60,0,60,183
06/30/2015,BZN,MT,ANM,WE,Federal Contract Tower,28,25,19,2,74,0,2,106,4,112,28,27,125,6,186,168,0,168,354
07/01/2015,BZN,MT,ANM,WE,Federal Contract Tower,38,28,34,0,100,0,2,117,0,119,38,30,151,0,219,170,0,170,389
07/02/2015,BZN,MT,ANM,WE,Federal Contract Tower,31,38,43,0,112,0,0,109,0,109,31,38,152,0,221,170,0,170,391
07/03/2015,BZN,MT,ANM,WE,Federal Contract Tower,31,32,32,0,95,0,3,91,0,94,31,35,123,0,189,112,0,112,301
07/04/2015,BZN,MT,ANM,WE,Federal Contract Tower,40,22,6,0,68,0,3,98,0,101,40,25,104,0,169,12,0,12,181
07/05/2015,BZN,MT,ANM,WE,Federal Contract Tower,37,39,28,0,104,0,0,25,0,25,37,39,53,0,129,26,0,26,155
07/06/2015,BZN,MT,ANM,WE,Federal Contract Tower,32,31,30,0,93,0,0,73,0,73,32,31,103,0,166,172,0,172,338
07/07/2015,BZN,MT,ANM,WE,Federal Contract Tower,27,31,33,0,91,0,0,94,0,94,27,31,127,0,185,114,0,114,299
07/08/2015,BZN,MT,ANM,WE,Federal Contract Tower,29,33,38,2,102,0,0,110,0,110,29,33,148,2,212,156,0,156,368
07/09/2015,BZN,MT,ANM,WE,Federal Contract Tower,29,31,27,0,87,0,0,104,0,104,29,31,131,0,191,118,0,118,309
07/10/2015,BZN,MT,ANM,WE,Federal Contract Tower,30,31,22,0,83,0,1,65,0,66,30,32,87,0,149,64,0,64,213
07/11/2015,BZN,MT,ANM,WE,Federal Contract Tower,43,26,17,0,86,0,2,59,0,61,43,28,76,0,147,82,0,82,229
07/12/2015,BZN,MT,ANM,WE,Federal Contract Tower,38,29,34,0,101,0,2,58,0,60,38,31,92,0,161,18,0,18,179
07/13/2015,BZN,MT,ANM,WE,Federal Contract Tower,33,25,38,0,96,0,3,78,0,81,33,28,116,0,177,114,0,114,291
07/14/2015,BZN,MT,ANM,WE,Federal Contract Tower,25,31,30,0,86,0,2,79,0,81,25,33,109,0,167,84,0,84,251
07/15/2015,BZN,MT,ANM,WE,Federal Contract Tower,34,32,36,1,103,0,0,67,0,67,34,32,103,1,170,78,0,78,248
07/16/2015,BZN,MT,ANM,WE,Federal Contract Tower,32,28,47,3,110,0,9,96,8,113,32,37,143,11,223,90,0,90,313
07/17/2015,BZN,MT,ANM,WE,Federal Contract Tower,33,35,21,1,90,0,1,82,0,83,33,36,103,1,173,70,0,70,243
07/18/2015,BZN,MT,ANM,WE,Federal Contract Tower,45,32,18,0,95,0,8,93,0,101,45,40,111,0,196,54,0,54,250
07/19/2015,BZN,MT,ANM,WE,Federal Contract Tower,37,35,50,0,122,0,2,103,0,105,37,37,153,0,227,38,0,38,265
07/20/2015,BZN,MT,ANM,WE,Federal Contract Tower,31,26,28,0,85,0,0,71,2,73,31,26,99,2,158,114,0,114,272
07/21/2015,BZN,MT,ANM,WE,Federal Contract Tower,26,25,30,1,82,0,2,62,0,64,26,27,92,1,146,94,0,94,240
07/22/2015,BZN,MT,ANM,WE,Federal Contract Tower,34,24,15,0,73,0,0,69,0,69,34,24,84,0,142,126,0,126,268
07/23/2015,BZN,MT,ANM,WE,Federal Contract Tower,32,29,36,4,101,0,5,30,2,37,32,34,66,6,138,14,2,16,154
07/24/2015,BZN,MT,ANM,WE,Federal Contract Tower,32,27,24,2,85,0,3,96,3,102,32,30,120,5,187,96,10,106,293
07/25/2015,BZN,MT,ANM,WE,Federal Contract Tower,47,19,13,0,79,0,4,54,0,58,47,23,67,0,137,8,0,8,145
07/26/2015,BZN,MT,ANM,WE,Federal Contract Tower,37,26,28,0,91,0,3,77,0,80,37,29,105,0,171,54,0,54,225
07/27/2015,BZN,MT,ANM,WE,Federal Contract Tower,32,26,29,0,87,0,4,9,0,13,32,30,38,0,100,0,0,0,100
07/28/2015,BZN,MT,ANM,WE,Federal Contract Tower,30,24,38,0,92,0,0,84,2,86,30,24,122,2,178,174,0,174,352
07/29/2015,BZN,MT,ANM,WE,Federal Contract Tower,33,35,39,0,107,0,0,91,0,91,33,35,130,0,198,172,0,172,370
07/30/2015,BZN,MT,ANM,WE,Federal Contract Tower,29,33,35,4,101,0,6,92,0,98,29,39,127,4,199,124,14,138,337
07/31/2015,BZN,MT,ANM,WE,Federal Contract Tower,31,36,28,0,95,0,4,104,0,108,31,40,132,0,203,148,0,148,351
08/01/2015,BZN,MT,ANM,WE,Federal Contract Tower,46,26,27,0,99,0,0,80,0,80,46,26,107,0,179,44,0,44,223
08/02/2015,BZN,MT,ANM,WE,Federal Contract Tower,39,23,24,2,88,0,3,53,0,56,39,26,77,2,144,38,18,56,200
08/03/2015,BZN,MT,ANM,WE,Federal Contract Tower,32,26,24,0,82,0,0,70,0,70,32,26,94,0,152,76,0,76,228
08/04/2015,BZN,MT,ANM,WE,Federal Contract Tower,28,31,14,0,73,0,4,63,0,67,28,35,77,0,140,92,0,92,232
08/05/2015,BZN,MT,ANM,WE,Federal Contract Tower,34,35,24,0,93,0,0,64,0,64,34,35,88,0,157,140,0,140,297
08/06/2015,BZN,MT,ANM,WE,Federal Contract Tower,30,25,36,0,91,0,2,79,0,81,30,27,115,0,172,100,0,100,272
08/07/2015,BZN,MT,ANM,WE,Federal Contract Tower,33,35,31,0,99,0,3,101,0,104,33,38,132,0,203,64,0,64,267
08/08/2015,BZN,MT,ANM,WE,Federal Contract Tower,44,32,23,0,99,0,3,30,0,33,44,35,53,0,132,10,0,10,142
08/09/2015,BZN,MT,ANM,WE,Federal Contract Tower,40,30,33,0,103,0,4,88,1,93,40,34,121,1,196,2,0,2,198
08/10/2015,BZN,MT,ANM,WE,Federal Contract Tower,34,28,24,0,86,0,5,80,0,85,34,33,104,0,171,124,0,124,295
08/11/2015,BZN,MT,ANM,WE,Federal Contract Tower,28,24,22,0,74,0,0,93,0,93,28,24,115,0,167,176,0,176,343
08/12/2015,BZN,MT,ANM,WE,Federal Contract Tower,35,37,33,0,105,0,1,68,4,73,35,38,101,4,178,112,0,112,290
08/13/2015,BZN,MT,ANM,WE,Federal Contract Tower,28,28,19,0,75,0,0,87,0,87,28,28,106,0,162,130,0,130,292
08/14/2015,BZN,MT,ANM,WE,Federal Contract Tower,29,28,21,1,79,0,0,64,0,64,29,28,85,1,143,54,2,56,199
08/15/2015,BZN,MT,ANM,WE,Federal Contract Tower,46,29,30,0,105,0,0,21,0,21,46,29,51,0,126,26,0,26,152
08/16/2015,BZN,MT,ANM,WE,Federal Contract Tower,38,21,19,1,79,0,0,38,0,38,38,21,57,1,117,22,0,22,139
08/17/2015,BZN,MT,ANM,WE,Federal Contract Tower,33,22,25,0,80,0,4,51,2,57,33,26,76,2,137,66,0,66,203
08/18/2015,BZN,MT,ANM,WE,Federal Contract Tower,24,30,34,2,90,0,4,71,0,75,24,34,105,2,165,114,0,114,279
08/19/2015,BZN,MT,ANM,WE,Federal Contract Tower,27,29,51,1,108,0,0,100,0,100,27,29,151,1,208,166,0,166,374
08/20/2015,BZN,MT,ANM,WE,Federal Contract Tower,29,34,50,0,113,0,0,0,0,0,29,34,50,0,113,0,0,0,113
08/21/2015,BZN,MT,ANM,WE,Federal Contract Tower,29,32,28,2,91,0,2,42,0,44,29,34,70,2,135,52,0,52,187
08/22/2015,BZN,MT,ANM,WE,Federal Contract Tower,37,30,26,0,93,0,1,51,0,52,37,31,77,0,145,24,0,24,169
08/23/2015,BZN,MT,ANM,WE,Federal Contract Tower,32,30,37,2,101,0,2,41,0,43,32,32,78,2,144,40,0,40,184
08/24/2015,BZN,MT,ANM,WE,Federal Contract Tower,34,20,23,2,79,0,0,41,0,41,34,20,64,2,120,80,0,80,200
08/25/2015,BZN,MT,ANM,WE,Federal Contract Tower,22,29,23,0,74,0,0,74,0,74,22,29,97,0,148,116,0,116,264
08/26/2015,BZN,MT,ANM,WE,Federal Contract Tower,30,35,30,4,99,0,2,102,1,105,30,37,132,5,204,128,6,134,338
08/27/2015,BZN,MT,ANM,WE,Federal Contract Tower,32,30,34,1,97,0,0,61,0,61,32,30,95,1,158,102,0,102,260
08/28/2015,BZN,MT,ANM,WE,Federal Contract Tower,32,27,30,0,89,0,3,79,2,84,32,30,109,2,173,134,0,134,307
08/29/2015,BZN,MT,ANM,WE,Federal Contract Tower,39,28,20,0,87,0,0,24,0,24,39,28,44,0,111,58,0,58,169
08/30/2015,BZN,MT,ANM,WE,Federal Contract Tower,33,26,16,0,75,0,1,53,0,54,33,27,69,0,129,38,0,38,167
08/31/2015,BZN,MT,ANM,WE,Federal Contract Tower,32,16,27,0,75,0,0,113,0,113,32,16,140,0,188,106,0,106,294
09/01/2015,BZN,MT,ANM,WE,Federal Contract Tower,23,26,18,0,67,0,0,110,0,110,23,26,128,0,177,146,0,146,323
09/02/2015,BZN,MT,ANM,WE,Federal Contract Tower,24,31,44,2,101,0,3,79,0,82,24,34,123,2,183,54,6,60,243
09/03/2015,BZN,MT,ANM,WE,Federal Contract Tower,31,30,34,0,95,0,0,122,0,122,31,30,156,0,217,160,0,160,377
09/04/2015,BZN,MT,ANM,WE,Federal Contract Tower,30,31,41,0,102,0,0,71,2,73,30,31,112,2,175,136,0,136,311
09/05/2015,BZN,MT,ANM,WE,Federal Contract Tower,27,22,11,2,62,0,2,5,0,7,27,24,16,2,69,0,0,0,69
09/06/2015,BZN,MT,ANM,WE,Federal Contract Tower,26,14,12,0,52,0,1,52,0,53,26,15,64,0,105,12,0,12,117
09/07/2015,BZN,MT,ANM,WE,Federal Contract Tower,30,22,17,0,69,0,0,130,0,130,30,22,147,0,199,106,0,106,305
09/08/2015,BZN,MT,ANM,WE,Federal Contract Tower,24,17,30,0,71,0,2,77,0,79,24,19,107,0,150,74,0,74,224
09/09/2015,BZN,MT,ANM,WE,Federal Contract Tower,30,22,42,0,94,0,0,140,0,140,30,22,182,0,234,250,0,250,484
09/10/2015,BZN,MT,ANM,WE,Federal Contract Tower,31,25,38,0,94,0,1,127,0,128,31,26,165,0,222,136,0,136,358
09/11/2015,BZN,MT,ANM,WE,Federal Contract Tower,29,21,36,2,88,0,0,99,0,99,29,21,135,2,187,148,0,148,335
09/12/2015,BZN,MT,ANM,WE,Federal Contract Tower,33,13,19,1,66,0,4,121,3,128,33,17,140,4,194,96,0,96,290
09/13/2015,BZN,MT,ANM,WE,Federal Contract Tower,34,20,26,0,80,0,1,90,2,93,34,21,116,2,173,30,0,30,203
09/14/2015,BZN,MT,ANM,WE,Federal Contract Tower,29,18,40,0,87,0,1,91,0,92,29,19,131,0,179,82,0,82,261
09/15/2015,BZN,MT,ANM,WE,Federal Contract Tower,27,18,17,0,62,0,1,19,0,20,27,19,36,0,82,46,0,46,128
09/16/2015,BZN,MT,ANM,WE,Federal Contract Tower,26,29,19,0,74,0,0,35,0,35,26,29,54,0,109,38,0,38,147
09/17/2015,BZN,MT,ANM,WE,Federal Contract Tower,32,31,45,0,108,0,1,83,0,84,32,32,128,0,192,96,0,96,288
09/18/2015,BZN,MT,ANM,WE,Federal Contract Tower,32,27,41,2,102,0,3,98,0,101,32,30,139,2,203,132,0,132,335
09/19/2015,BZN,MT,ANM,WE,Federal Contract Tower,33,19,11,0,63,0,1,83,0,84,33,20,94,0,147,72,0,72,219
09/20/2015,BZN,MT,ANM,WE,Federal Contract Tower,36,24,16,2,78,0,2,51,0,53,36,26,67,2,131,10,0,10,141
09/21/2015,BZN,MT,ANM,WE,Federal Contract Tower,31,19,27,1,78,0,0,86,0,86,31,19,113,1,164,114,0,114,278
09/22/2015,BZN,MT,ANM,WE,Federal Contract Tower,26,22,22,2,72,0,0,123,0,123,26,22,145,2,195,205,0,205,400
09/23/2015,BZN,MT,ANM,WE,Federal Contract Tower,26,24,22,0,72,0,0,103,0,103,26,24,125,0,175,182,0,182,357
09/24/2015,BZN,MT,ANM,WE,Federal Contract Tower,26,24,41,2,93,0,0,102,0,102,26,24,143,2,195,194,0,194,389
09/25/2015,BZN,MT,ANM,WE,Federal Contract Tower,24,21,17,1,63,0,3,102,0,105,24,24,119,1,168,106,0,106,274
09/26/2015,BZN,MT,ANM,WE,Federal Contract Tower,27,14,23,2,66,0,2,83,0,85,27,16,106,2,151,106,0,106,257
09/27/2015,BZN,MT,ANM,WE,Federal Contract Tower,26,12,21,0,59,0,0,72,0,72,26,12,93,0,131,30,0,30,161
09/28/2015,BZN,MT,ANM,WE,Federal Contract Tower,26,16,29,2,73,0,0,110,0,110,26,16,139,2,183,194,0,194,377
09/29/2015,BZN,MT,ANM,WE,Federal Contract Tower,22,24,25,0,71,0,0,99,0,99,22,24,124,0,170,104,0,104,274
09/30/2015,BZN,MT,ANM,WE,Federal Contract Tower,28,20,39,4,91,0,3,118,0,121,28,23,157,4,212,232,0,232,444
10/01/2015,BZN,MT,ANM,WE,Federal Contract Tower,23,16,26,0,65,0,1,62,0,63,23,17,88,0,128,167,0,167,295
10/02/2015,BZN,MT,ANM,WE,Federal Contract Tower,27,19,18,4,68,0,0,66,0,66,27,19,84,4,134,155,6,161,295
10/03/2015,BZN,MT,ANM,WE,Federal Contract Tower,21,18,15,0,54,0,2,2,0,4,21,20,17,0,58,0,0,0,58
10/04/2015,BZN,MT,ANM,WE,Federal Contract Tower,25,16,15,0,56,0,0,45,0,45,25,16,60,0,101,82,0,82,183
10/05/2015,BZN,MT,ANM,WE,Federal Contract Tower,27,13,12,2,54,0,1,109,0,110,27,14,121,2,164,284,0,284,448
10/06/2015,BZN,MT,ANM,WE,Federal Contract Tower,20,21,21,1,63,0,5,82,3,90,20,26,103,4,153,108,2,110,263
10/07/2015,BZN,MT,ANM,WE,Federal Contract Tower,24,19,28,10,81,0,2,104,0,106,24,21,132,10,187,186,0,186,373
10/08/2015,BZN,MT,ANM,WE,Federal Contract Tower,25,19,26,2,72,0,3,39,0,42,25,22,65,2,114,94,6,100,214
10/09/2015,BZN,MT,ANM,WE,Federal Contract Tower,26,21,23,0,70,0,0,111,0,111,26,21,134,0,181,222,0,222,403
10/10/2015,BZN,MT,ANM,WE,Federal Contract Tower,22,13,21,0,56,0,0,105,0,105,22,13,126,0,161,104,0,104,265
10/11/2015,BZN,MT,ANM,WE,Federal Contract Tower,26,15,20,0,61,0,4,15,0,19,26,19,35,0,80,0,0,0,80
10/12/2015,BZN,MT,ANM,WE,Federal Contract Tower,26,16,26,0,68,0,2,111,0,113,26,18,137,0,181,198,0,198,379
10/13/2015,BZN,MT,ANM,WE,Federal Contract Tower,20,25,26,0,71,0,3,80,0,83,20,28,106,0,154,134,0,134,288
10/14/2015,BZN,MT,ANM,WE,Federal Contract Tower,24,22,13,0,59,0,2,94,0,96,24,24,107,0,155,112,0,112,267
10/15/2015,BZN,MT,ANM,WE,Federal Contract Tower,24,18,26,4,72,0,3,82,0,85,24,21,108,4,157,176,0,176,333
10/16/2015,BZN,MT,ANM,WE,Federal Contract Tower,28,23,13,0,64,0,0,109,0,109,28,23,122,0,173,173,0,173,346
10/17/2015,BZN,MT,ANM,WE,Federal Contract Tower,24,12,12,2,50,0,3,142,0,145,24,15,154,2,195,131,0,131,326
10/18/2015,BZN,MT,ANM,WE,Federal Contract Tower,22,15,9,1,47,0,2,26,0,28,22,17,35,1,75,18,0,18,93
10/19/2015,BZN,MT,ANM,WE,Federal Contract Tower,26,11,29,0,66,0,0,79,0,79,26,11,108,0,145,194,0,194,339
10/20/2015,BZN,MT,ANM,WE,Federal Contract Tower,20,21,17,0,58,0,0,12,0,12,20,21,29,0,70,90,0,90,160
10/21/2015,BZN,MT,ANM,WE,Federal Contract Tower,23,19,36,0,78,0,3,122,0,125,23,22,158,0,203,256,0,256,459
10/22/2015,BZN,MT,ANM,WE,Federal Contract Tower,23,21,29,0,73,0,4,115,0,119,23,25,144,0,192,266,0,266,458
10/23/2015,BZN,MT,ANM,WE,Federal Contract Tower,25,25,23,2,75,0,1,106,0,107,25,26,129,2,182,144,0,144,326
10/24/2015,BZN,MT,ANM,WE,Federal Contract Tower,22,14,5,0,41,0,4,98,0,102,22,18,103,0,143,78,0,78,221
10/25/2015,BZN,MT,ANM,WE,Federal Contract Tower,24,11,8,0,43,0,0,45,0,45,24,11,53,0,88,34,0,34,122
10/26/2015,BZN,MT,ANM,WE,Federal Contract Tower,25,19,5,0,49,0,0,39,0,39,25,19,44,0,88,72,0,72,160
10/27/2015,BZN,MT,ANM,WE,Federal Contract Tower,18,18,10,0,46,0,0,37,2,39,18,18,47,2,85,72,8,80,165
10/28/2015,BZN,MT,ANM,WE,Federal Contract Tower,23,19,33,0,75,0,1,109,0,110,23,20,142,0,185,170,0,170,355
10/29/2015,BZN,MT,ANM,WE,Federal Contract Tower,23,18,9,0,50,0,0,25,0,25,23,18,34,0,75,101,0,101,176
10/30/2015,BZN,MT,ANM,WE,Federal Contract Tower,27,21,26,1,75,0,0,58,0,58,27,21,84,1,133,102,0,102,235
10/31/2015,BZN,MT,ANM,WE,Federal Contract Tower,20,17,5,0,42,0,0,22,0,22,20,17,27,0,64,4,0,4,68
11/01/2015,BZN,MT,ANM,WE,Federal Contract Tower,21,11,10,0,42,0,2,15,0,17,21,13,25,0,59,12,0,12,71
11/02/2015,BZN,MT,ANM,WE,Federal Contract Tower,23,15,10,0,48,0,0,66,0,66,23,15,76,0,114,201,0,201,315
11/03/2015,BZN,MT,ANM,WE,Federal Contract Tower,19,19,11,0,49,0,0,0,0,0,19,19,11,0,49,0,0,0,49
11/04/2015,BZN,MT,ANM,WE,Federal Contract Tower,21,19,18,0,58,0,0,10,0,10,21,19,28,0,68,52,0,52,120
11/05/2015,BZN,MT,ANM,WE,Federal Contract Tower,24,18,22,0,64,0,1,60,0,61,24,19,82,0,125,140,0,140,265
11/06/2015,BZN,MT,ANM,WE,Federal Contract Tower,24,17,17,0,58,0,1,84,0,85,24,18,101,0,143,117,0,117,260
11/07/2015,BZN,MT,ANM,WE,Federal Contract Tower,18,10,10,0,38,0,0,80,0,80,18,10,90,0,118,103,0,103,221
11/08/2015,BZN,MT,ANM,WE,Federal Contract Tower,22,11,14,1,48,0,4,56,0,60,22,15,70,1,108,46,8,54,162
11/09/2015,BZN,MT,ANM,WE,Federal Contract Tower,23,11,24,0,58,0,0,64,0,64,23,11,88,0,122,187,0,187,309
11/10/2015,BZN,MT,ANM,WE,Federal Contract Tower,18,17,8,0,43,0,0,2,0,2,18,17,10,0,45,0,0,0,45
11/11/2015,BZN,MT,ANM,WE,Federal Contract Tower,20,18,27,0,65,0,1,46,0,47,20,19,73,0,112,68,0,68,180
11/12/2015,BZN,MT,ANM,WE,Federal Contract Tower,20,16,13,0,49,0,0,61,2,63,20,16,74,2,112,136,0,136,248
11/13/2015,BZN,MT,ANM,WE,Federal Contract Tower,20,13,16,0,49,0,2,52,0,54,20,15,68,0,103,38,0,38,141
11/14/2015,BZN,MT,ANM,WE,Federal Contract Tower,15,12,9,0,36,0,0,54,0,54,15,12,63,0,90,82,0,82,172
11/15/2015,BZN,MT,ANM,WE,Federal Contract Tower,20,8,8,0,36,0,1,25,0,26,20,9,33,0,62,37,0,37,99
11/16/2015,BZN,MT,ANM,WE,Federal Contract Tower,22,17,14,0,53,0,0,20,0,20,22,17,34,0,73,83,0,83,156
11/17/2015,BZN,MT,ANM,WE,Federal Contract Tower,17,25,26,0,68,0,0,55,0,55,17,25,81,0,123,171,0,171,294
11/18/2015,BZN,MT,ANM,WE,Federal Contract Tower,21,20,28,0,69,0,2,17,0,19,21,22,45,0,88,6,0,6,94
11/19/2015,BZN,MT,ANM,WE,Federal Contract Tower,22,19,28,0,69,0,2,49,0,51,22,21,77,0,120,152,0,152,272
11/20/2015,BZN,MT,ANM,WE,Federal Contract Tower,21,20,25,0,66,0,0,37,0,37,21,20,62,0,103,74,0,74,177
11/21/2015,BZN,MT,ANM,WE,Federal Contract Tower,16,13,21,0,50,0,2,62,0,64,16,15,83,0,114,58,0,58,172
11/22/2015,BZN,MT,ANM,WE,Federal Contract Tower,23,7,16,0,46,0,2,54,0,56,23,9,70,0,102,22,0,22,124
11/23/2015,BZN,MT,ANM,WE,Federal Contract Tower,19,18,31,0,68,0,1,104,0,105,19,19,135,0,173,208,0,208,381
11/24/2015,BZN,MT,ANM,WE,Federal Contract Tower,18,20,24,0,62,0,0,27,0,27,18,20,51,0,89,46,0,46,135
11/25/2015,BZN,MT,ANM,WE,Federal Contract Tower,25,27,18,0,70,0,0,5,0,5,25,27,23,0,75,20,0,20,95
11/26/2015,BZN,MT,ANM,WE,Federal Contract Tower,14,3,1,0,18,0,0,17,0,17,14,3,18,0,35,0,0,0,35
11/27/2015,BZN,MT,ANM,WE,Federal Contract Tower,22,10,8,0,40,0,2,37,0,39,22,12,45,0,79,38,0,38,117
11/28/2015,BZN,MT,ANM,WE,Federal Contract Tower,24,19,9,0,52,0,2,20,0,22,24,21,29,0,74,12,0,12,86
11/29/2015,BZN,MT,ANM,WE,Federal Contract Tower,26,20,27,0,73,0,3,35,0,38,26,23,62,0,111,0,0,0,111
11/30/2015,BZN,MT,ANM,WE,Federal Contract Tower,21,12,28,1,62,0,2,82,1,85,21,14,110,2,147,114,0,114,261
12/01/2015,BZN,MT,ANM,WE,Federal Contract Tower,17,23,15,1,56,0,0,50,1,51,17,23,65,2,107,139,0,139,246
12/02/2015,BZN,MT,ANM,WE,Federal Contract Tower,20,17,31,0,68,0,1,68,0,69,20,18,99,0,137,212,0,212,349
12/03/2015,BZN,MT,ANM,WE,Federal Contract Tower,19,19,28,0,66,0,2,88,0,90,19,21,116,0,156,169,0,169,325
12/04/2015,BZN,MT,ANM,WE,Federal Contract Tower,20,24,20,2,66,0,0,35,0,35,20,24,55,2,101,84,0,84,185
12/05/2015,BZN,MT,ANM,WE,Federal Contract Tower,19,10,17,0,46,0,1,59,0,60,19,11,76,0,106,90,0,90,196
12/06/2015,BZN,MT,ANM,WE,Federal Contract Tower,21,12,8,0,41,0,1,12,0,13,21,13,20,0,54,70,0,70,124
12/07/2015,BZN,MT,ANM,WE,Federal Contract Tower,21,12,5,0,38,0,2,31,0,33,21,14,36,0,71,126,0,126,197
12/08/2015,BZN,MT,ANM,WE,Federal Contract Tower,12,32,19,0,63,0,0,42,0,42,12,32,61,0,105,144,0,144,249
12/09/2015,BZN,MT,ANM,WE,Federal Contract Tower,16,30,23,0,69,0,0,23,0,23,16,30,46,0,92,42,0,42,134
12/10/2015,BZN,MT,ANM,WE,Federal Contract Tower,15,36,16,0,67,0,0,3,0,3,15,36,19,0,70,40,0,40,110
12/11/2015,BZN,MT,ANM,WE,Federal Contract Tower,15,27,30,0,72,0,2,80,0,82,15,29,110,0,154,117,0,117,271
12/12/2015,BZN,MT,ANM,WE,Federal Contract Tower,19,8,17,0,44,0,1,84,0,85,19,9,101,0,129,106,0,106,235
12/13/2015,BZN,MT,ANM,WE,Federal Contract Tower,23,16,9,0,48,0,0,18,0,18,23,16,27,0,66,24,0,24,90
12/14/2015,BZN,MT,ANM,WE,Federal Contract Tower,15,18,11,0,44,0,0,0,0,0,15,18,11,0,44,0,0,0,44
12/15/2015,BZN,MT,ANM,WE,Federal Contract Tower,11,32,29,0,72,0,0,8,0,8,11,32,37,0,80,16,0,16,96
12/16/2015,BZN,MT,ANM,WE,Federal Contract Tower,16,28,14,0,58,0,0,5,0,5,16,28,19,0,63,0,0,0,63
12/17/2015,BZN,MT,ANM,WE,Federal Contract Tower,19,43,21,0,83,0,2,74,0,76,19,45,95,0,159,154,0,154,313
12/18/2015,BZN,MT,ANM,WE,Federal Contract Tower,26,41,43,0,110,0,3,6,0,9,26,44,49,0,119,6,0,6,125
12/19/2015,BZN,MT,ANM,WE,Federal Contract Tower,41,41,17,0,99,0,3,14,0,17,41,44,31,0,116,10,0,10,126
12/20/2015,BZN,MT,ANM,WE,Federal Contract Tower,9,3,7,0,19,0,0,0,0,0,9,3,7,0,19,0,0,0,19
12/21/2015,BZN,MT,ANM,WE,Federal Contract Tower,37,45,37,2,121,0,0,39,0,39,37,45,76,2,160,70,0,70,230
12/22/2015,BZN,MT,ANM,WE,Federal Contract Tower,28,55,25,0,108,0,0,27,0,27,28,55,52,0,135,60,0,60,195
12/23/2015,BZN,MT,ANM,WE,Federal Contract Tower,43,35,18,0,96,0,1,15,0,16,43,36,33,0,112,2,0,2,114
12/24/2015,BZN,MT,ANM,WE,Federal Contract Tower,28,31,5,0,64,0,0,10,0,10,28,31,15,0,74,2,0,2,76
12/25/2015,BZN,MT,ANM,WE,Federal Contract Tower,27,25,6,0,58,0,0,0,0,0,27,25,6,0,58,0,0,0,58
12/26/2015,BZN,MT,ANM,WE,Federal Contract Tower,48,49,63,0,160,0,4,9,8,21,48,53,72,8,181,14,0,14,195
12/27/2015,BZN,MT,ANM,WE,Federal Contract Tower,26,73,46,0,145,0,0,25,0,25,26,73,71,0,170,42,0,42,212
12/28/2015,BZN,MT,ANM,WE,Federal Contract Tower,26,34,32,0,92,0,4,32,0,36,26,38,64,0,128,60,0,60,188
12/29/2015,BZN,MT,ANM,WE,Federal Contract Tower,30,32,46,6,114,0,0,0,0,0,30,32,46,6,114,0,0,0,114
12/30/2015,BZN,MT,ANM,WE,Federal Contract Tower,38,43,52,0,133,0,0,30,0,30,38,43,82,0,163,32,0,32,195
12/31/2015,BZN,MT,ANM,WE,Federal Contract Tower,35,41,27,0,103,0,3,74,0,77,35,44,101,0,180,90,0,90,270
01/01/2016,BZN,MT,ANM,WE,Federal Contract Tower,33,40,17,0,90,0,0,27,0,27,33,40,44,0,117,44,0,44,161
01/02/2016,BZN,MT,ANM,WE,Federal Contract Tower,44,61,55,0,160,0,0,51,0,51,44,61,106,0,211,20,0,20,231
01/03/2016,BZN,MT,ANM,WE,Federal Contract Tower,36,53,60,0,149,0,0,31,0,31,36,53,91,0,180,12,0,12,192
01/04/2016,BZN,MT,ANM,WE,Federal Contract Tower,35,27,43,0,105,0,2,41,0,43,35,29,84,0,148,154,0,154,302
01/05/2016,BZN,MT,ANM,WE,Federal Contract Tower,22,20,26,0,68,0,0,56,0,56,22,20,82,0,124,164,0,164,288
01/06/2016,BZN,MT,ANM,WE,Federal Contract Tower,21,33,27,1,82,0,0,61,0,61,21,33,88,1,143,152,0,152,295
01/07/2016,BZN,MT,ANM,WE,Federal Contract Tower,22,27,38,0,87,0,0,0,0,0,22,27,38,0,87,0,0,0,87
01/08/2016,BZN,MT,ANM,WE,Federal Contract Tower,21,28,25,0,74,0,0,7,0,7,21,28,32,0,81,0,0,0,81
01/09/2016,BZN,MT,ANM,WE,Federal Contract Tower,32,9,15,0,56,0,0,27,0,27,32,9,42,0,83,56,0,56,139
01/10/2016,BZN,MT,ANM,WE,Federal Contract Tower,27,26,19,0,72,0,0,39,0,39,27,26,58,0,111,50,0,50,161
01/11/2016,BZN,MT,ANM,WE,Federal Contract Tower,26,14,24,1,65,0,0,60,0,60,26,14,84,1,125,84,0,84,209
01/12/2016,BZN,MT,ANM,WE,Federal Contract Tower,21,16,15,0,52,0,0,33,0,33,21,16,48,0,85,116,0,116,201
01/13/2016,BZN,MT,ANM,WE,Federal Contract Tower,19,22,19,0,60,0,0,41,0,41,19,22,60,0,101,26,0,26,127
01/14/2016,BZN,MT,ANM,WE,Federal Contract Tower,25,28,16,0,69,0,0,32,0,32,25,28,48,0,101,40,0,40,141
01/15/2016,BZN,MT,ANM,WE,Federal Contract Tower,22,49,44,0,115,0,4,61,0,65,22,53,105,0,180,136,0,136,316
01/16/2016,BZN,MT,ANM,WE,Federal Contract Tower,30,16,19,0,65,0,0,26,0,26,30,16,45,0,91,38,0,38,129
01/17/2016,BZN,MT,ANM,WE,Federal Contract Tower,32,24,23,0,79,0,0,19,0,19,32,24,42,0,98,26,0,26,124
01/18/2016,BZN,MT,ANM,WE,Federal Contract Tower,13,58,48,8,127,0,4,6,0,10,13,62,54,8,137,0,0,0,137
01/19/2016,BZN,MT,ANM,WE,Federal Contract Tower,22,33,26,0,81,0,5,74,0,79,22,38,100,0,160,122,0,122,282
01/20/2016,BZN,MT,ANM,WE,Federal Contract Tower,18,23,16,0,57,0,0,7,0,7,18,23,23,0,64,4,0,4,68
01/21/2016,BZN,MT,ANM,WE,Federal Contract Tower,21,25,18,0,64,0,2,70,0,72,21,27,88,0,136,110,0,110,246
01/22/2016,BZN,MT,ANM,WE,Federal Contract Tower,23,26,28,0,77,0,2,65,0,67,23,28,93,0,144,118,0,118,262
01/23/2016,BZN,MT,ANM,WE,Federal Contract Tower,27,15,12,1,55,0,5,32,1,38,27,20,44,2,93,16,0,16,109
01/24/2016,BZN,MT,ANM,WE,Federal Contract Tower,27,20,17,0,64,0,2,2,0,4,27,22,19,0,68,0,0,0,68
01/25/2016,BZN,MT,ANM,WE,Federal Contract Tower,24,11,13,0,48,0,2,66,0,68,24,13,79,0,116,70,0,70,186
01/26/2016,BZN,MT,ANM,WE,Federal Contract Tower,23,17,15,0,55,0,1,107,0,108,23,18,122,0,163,208,0,208,371
01/27/2016,BZN,MT,ANM,WE,Federal Contract Tower,21,27,26,0,74,0,0,88,0,88,21,27,114,0,162,107,0,107,269
01/28/2016,BZN,MT,ANM,WE,Federal Contract Tower,23,20,35,0,78,0,0,72,0,72,23,20,107,0,150,92,0,92,242
01/29/2016,BZN,MT,ANM,WE,Federal Contract Tower,25,23,20,0,68,0,1,42,0,43,25,24,62,0,111,138,0,138,249
01/30/2016,BZN,MT,ANM,WE,Federal Contract Tower,34,18,19,0,71,0,3,38,0,41,34,21,57,0,112,104,0,104,216
01/31/2016,BZN,MT,ANM,WE,Federal Contract Tower,32,17,29,0,78,0,0,26,0,26,32,17,55,0,104,28,0,28,132
02/01/2016,BZN,MT,ANM,WE,Federal Contract Tower,25,9,23,0,57,0,2,50,0,52,25,11,73,0,109,138,0,138,247
02/02/2016,BZN,MT,ANM,WE,Federal Contract Tower,23,23,13,1,60,0,0,71,0,71,23,23,84,1,131,106,0,106,237
02/03/2016,BZN,MT,ANM,WE,Federal Contract Tower,26,23,33,0,82,0,2,92,0,94,26,25,125,0,176,118,0,118,294
02/04/2016,BZN,MT,ANM,WE,Federal Contract Tower,24,18,25,0,67,0,0,36,0,36,24,18,61,0,103,72,0,72,175
02/05/2016,BZN,MT,ANM,WE,Federal Contract Tower,25,20,32,0,77,0,3,64,0,67,25,23,96,0,144,68,0,68,212
02/06/2016,BZN,MT,ANM,WE,Federal Contract Tower,34,18,9,0,61,0,0,9,0,9,34,18,18,0,70,14,0,14,84
02/07/2016,BZN,MT,ANM,WE,Federal Contract Tower,31,12,20,0,63,0,4,46,0,50,31,16,66,0,113,24,0,24,137
02/08/2016,BZN,MT,ANM,WE,Federal Contract Tower,20,25,16,0,61,0,0,49,1,50,20,25,65,1,111,89,0,89,200
02/09/2016,BZN,MT,ANM,WE,Federal Contract Tower,24,16,17,0,57,0,0,69,0,69,24,16,86,0,126,148,0,148,274
02/10/2016,BZN,MT,ANM,WE,Federal Contract Tower,24,26,47,0,97,0,0,90,0,90,24,26,137,0,187,110,0,110,297
02/11/2016,BZN,MT,ANM,WE,Federal Contract Tower,30,44,68,0,142,0,3,80,0,83,30,47,148,0,225,56,0,56,281
02/12/2016,BZN,MT,ANM,WE,Federal Contract Tower,23,56,43,0,122,0,0,63,0,63,23,56,106,0,185,68,0,68,253
02/13/2016,BZN,MT,ANM,WE,Federal Contract Tower,32,39,24,0,95,0,5,15,0,20,32,44,39,0,115,6,0,6,121
02/14/2016,BZN,MT,ANM,WE,Federal Contract Tower,32,34,23,0,89,0,0,9,0,9,32,34,32,0,98,16,0,16,114
02/15/2016,BZN,MT,ANM,WE,Federal Contract Tower,23,54,65,0,142,0,2,9,0,11,23,56,74,0,153,0,0,0,153
02/16/2016,BZN,MT,ANM,WE,Federal Contract Tower,21,45,28,0,94,0,2,34,2,38,21,47,62,2,132,78,0,78,210
02/17/2016,BZN,MT,ANM,WE,Federal Contract Tower,23,35,34,0,92,0,3,83,0,86,23,38,117,0,178,128,0,128,306
02/18/2016,BZN,MT,ANM,WE,Federal Contract Tower,23,33,34,0,90,0,0,23,0,23,23,33,57,0,113,68,0,68,181
02/19/2016,BZN,MT,ANM,WE,Federal Contract Tower,21,39,29,4,93,0,3,33,0,36,21,42,62,4,129,80,0,80,209
02/20/2016,BZN,MT,ANM,WE,Federal Contract Tower,37,29,27,0,93,0,5,15,0,20,37,34,42,0,113,66,0,66,179
02/21/2016,BZN,MT,ANM,WE,Federal Contract Tower,31,37,39,0,107,0,2,69,3,74,31,39,108,3,181,34,0,34,215
02/22/2016,BZN,MT,ANM,WE,Federal Contract Tower,23,28,28,0,79,0,0,59,0,59,23,28,87,0,138,52,0,52,190
02/23/2016,BZN,MT,ANM,WE,Federal Contract Tower,21,25,22,0,68,0,2,87,0,89,21,27,109,0,157,164,0,164,321
02/24/2016,BZN,MT,ANM,WE,Federal Contract Tower,20,28,42,0,90,0,0,126,0,126,20,28,168,0,216,178,0,178,394
02/25/2016,BZN,MT,ANM,WE,Federal Contract Tower,23,31,39,0,93,0,3,75,0,78,23,34,114,0,171,164,0,164,335
02/26/2016,BZN,MT,ANM,WE,Federal Contract Tower,23,35,34,2,94,0,7,97,4,108,23,42,131,6,202,136,0,136,338
02/27/2016,BZN,MT,ANM,WE,Federal Contract Tower,36,19,17,0,72,0,3,34,0,37,36,22,51,0,109,74,0,74,183
02/28/2016,BZN,MT,ANM,WE,Federal Contract Tower,30,33,29,1,93,0,0,28,0,28,30,33,57,1,121,112,0,112,233
02/29/2016,BZN,MT,ANM,WE,Federal Contract Tower,22,28,15,0,65,0,2,13,0,15,22,30,28,0,80,24,0,24,104
03/01/2016,BZN,MT,ANM,WE,Federal Contract Tower,17,38,25,1,81,0,1,75,1,77,17,39,100,2,158,150,0,150,308
03/02/2016,BZN,MT,ANM,WE,Federal Contract Tower,26,32,22,0,80,0,0,6,0,6,26,32,28,0,86,22,0,22,108
03/03/2016,BZN,MT,ANM,WE,Federal Contract Tower,25,23,32,1,81,0,0,48,5,53,25,23,80,6,134,86,0,86,220
03/04/2016,BZN,MT,ANM,WE,Federal Contract Tower,26,30,38,3,97,0,4,96,1,101,26,34,134,4,198,140,0,140,338
03/05/2016,BZN,MT,ANM,WE,Federal Contract Tower,33,29,18,0,80,0,1,74,0,75,33,30,92,0,155,76,0,76,231
03/06/2016,BZN,MT,ANM,WE,Federal Contract Tower,32,26,38,0,96,0,0,7,0,7,32,26,45,0,103,28,0,28,131
03/07/2016,BZN,MT,ANM,WE,Federal Contract Tower,27,24,42,5,98,0,0,92,0,92,27,24,134,5,190,198,0,198,388
03/08/2016,BZN,MT,ANM,WE,Federal Contract Tower,25,17,14,0,56,0,0,15,0,15,25,17,29,0,71,88,0,88,159
03/09/2016,BZN,MT,ANM,WE,Federal Contract Tower,29,22,29,0,80,0,2,44,0,46,29,24,73,0,126,122,0,122,248
03/10/2016,BZN,MT,ANM,WE,Federal Contract Tower,27,30,52,0,109,0,4,48,0,52,27,34,100,0,161,72,0,72,233
03/11/2016,BZN,MT,ANM,WE,Federal Contract Tower,26,30,34,0,90,0,0,52,0,52,26,30,86,0,142,156,0,156,298
03/12/2016,BZN,MT,ANM,WE,Federal Contract Tower,37,30,18,0,85,0,2,24,0,26,37,32,42,0,111,62,0,62,173
03/13/2016,BZN,MT,ANM,WE,Federal Contract Tower,34,36,26,0,96,0,4,19,0,23,34,40,45,0,119,38,0,38,157
03/14/2016,BZN,MT,ANM,WE,Federal Contract Tower,27,25,22,0,74,0,0,13,0,13,27,25,35,0,87,50,0,50,137
03/15/2016,BZN,MT,ANM,WE,Federal Contract Tower,29,21,17,0,67,0,0,22,0,22,29,21,39,0,89,90,0,90,179
03/16/2016,BZN,MT,ANM,WE,Federal Contract Tower,29,34,24,0,87,0,0,34,1,35,29,34,58,1,122,62,2,64,186
03/17/2016,BZN,MT,ANM,WE,Federal Contract Tower,29,32,14,0,75,0,1,5,0,6,29,33,19,0,81,50,0,50,131
03/18/2016,BZN,MT,ANM,WE,Federal Contract Tower,30,44,52,0,126,0,1,86,0,87,30,45,138,0,213,118,0,118,331
03/19/2016,BZN,MT,ANM,WE,Federal Contract Tower,39,35,37,0,111,0,4,78,0,82,39,39,115,0,193,50,0,50,243
03/20/2016,BZN,MT,ANM,WE,Federal Contract Tower,35,42,22,0,99,0,1,59,0,60,35,43,81,0,159,32,0,32,191
03/21/2016,BZN,MT,ANM,WE,Federal Contract Tower,29,40,32,0,101,0,4,47,0,51,29,44,79,0,152,114,0,114,266
03/22/2016,BZN,MT,ANM,WE,Federal Contract Tower,27,29,13,0,69,0,0,0,0,0,27,29,13,0,69,10,0,10,79
03/23/2016,BZN,MT,ANM,WE,Federal Contract Tower,25,29,37,1,92,0,0,28,0,28,25,29,65,1,120,26,0,26,146
03/24/2016,BZN,MT,ANM,WE,Federal Contract Tower,30,45,44,0,119,0,0,37,0,37,30,45,81,0,156,78,0,78,234
03/25/2016,BZN,MT,ANM,WE,Federal Contract Tower,25,38,25,0,88,0,1,5,0,6,25,39,30,0,94,0,0,0,94
03/26/2016,BZN,MT,ANM,WE,Federal Contract Tower,36,37,41,0,114,0,3,71,0,74,36,40,112,0,188,130,0,130,318
03/27/2016,BZN,MT,ANM,WE,Federal Contract Tower,36,25,33,0,94,0,0,46,0,46,36,25,79,0,140,72,0,72,212
03/28/2016,BZN,MT,ANM,WE,Federal Contract Tower,27,30,59,0,116,0,1,23,0,24,27,31,82,0,140,78,0,78,218
03/29/2016,BZN,MT,ANM,WE,Federal Contract Tower,30,20,20,0,70,0,0,2,0,2,30,20,22,0,72,0,0,0,72
03/30/2016,BZN,MT,ANM,WE,Federal Contract Tower,28,20,19,0,67,0,0,98,0,98,28,20,117,0,165,174,0,174,339
03/31/2016,BZN,MT,ANM,WE,Federal Contract Tower,27,30,21,0,78,0,0,13,2,15,27,30,34,2,93,23,0,23,116
04/01/2016,BZN,MT,ANM,WE,Federal Contract Tower,31,30,34,0,95,0,1,138,0,139,31,31,172,0,234,181,0,181,415
04/02/2016,BZN,MT,ANM,WE,Federal Contract Tower,29,23,20,0,72,0,3,65,0,68,29,26,85,0,140,68,0,68,208
04/03/2016,BZN,MT,ANM,WE,Federal Contract Tower,32,19,17,0,68,0,2,75,0,77,32,21,92,0,145,8,18,26,171
04/04/2016,BZN,MT,ANM,WE,Federal Contract Tower,29,22,26,0,77,0,2,56,0,58,29,24,82,0,135,80,0,80,215
04/05/2016,BZN,MT,ANM,WE,Federal Contract Tower,22,16,9,4,51,0,2,7,0,9,22,18,16,4,60,16,0,16,76
04/06/2016,BZN,MT,ANM,WE,Federal Contract Tower,22,19,21,0,62,0,0,55,2,57,22,19,76,2,119,64,0,64,183
04/07/2016,BZN,MT,ANM,WE,Federal Contract Tower,22,18,33,0,73,0,2,139,2,143,22,20,172,2,216,148,0,148,364
04/08/2016,BZN,MT,ANM,WE,Federal Contract Tower,23,23,40,0,86,0,0,108,0,108,23,23,148,0,194,116,0,116,310
04/09/2016,BZN,MT,ANM,WE,Federal Contract Tower,19,11,11,0,41,0,0,61,0,61,19,11,72,0,102,16,0,16,118
04/10/2016,BZN,MT,ANM,WE,Federal Contract Tower,24,17,28,0,69,0,0,35,0,35,24,17,63,0,104,60,0,60,164
04/11/2016,BZN,MT,ANM,WE,Federal Contract Tower,22,18,22,0,62,0,1,93,0,94,22,19,115,0,156,118,0,118,274
04/12/2016,BZN,MT,ANM,WE,Federal Contract Tower,20,14,14,0,48,0,1,95,0,96,20,15,109,0,144,160,0,160,304
04/13/2016,BZN,MT,ANM,WE,Federal Contract Tower,21,14,17,0,52,0,0,30,0,30,21,14,47,0,82,126,0,126,208
04/14/2016,BZN,MT,ANM,WE,Federal Contract Tower,22,21,21,0,64,0,0,24,0,24,22,21,45,0,88,66,0,66,154
04/15/2016,BZN,MT,ANM,WE,Federal Contract Tower,23,8,13,0,44,0,2,0,0,2,23,10,13,0,46,0,0,0,46
04/16/2016,BZN,MT,ANM,WE,Federal Contract Tower,15,9,29,0,53,0,8,110,1,119,15,17,139,1,172,112,0,112,284
04/17/2016,BZN,MT,ANM,WE,Federal Contract Tower,23,6,27,0,56,0,4,72,0,76,23,10,99,0,132,70,0,70,202
04/18/2016,BZN,MT,ANM,WE,Federal Contract Tower,22,16,19,0,57,0,2,91,0,93,22,18,110,0,150,160,0,160,310
04/19/2016,BZN,MT,ANM,WE,Federal Contract Tower,21,14,29,0,64,0,0,82,0,82,21,14,111,0,146,84,0,84,230
04/20/2016,BZN,MT,ANM,WE,Federal Contract Tower,21,10,32,0,63,0,1,118,0,119,21,11,150,0,182,116,0,116,298
04/21/2016,BZN,MT,ANM,WE,Federal Contract Tower,22,16,26,0,64,0,1,101,0,102,22,17,127,0,166,170,0,170,336
04/22/2016,BZN,MT,ANM,WE,Federal Contract Tower,22,12,22,0,56,0,0,64,0,64,22,12,86,0,120,153,0,153,273
04/23/2016,BZN,MT,ANM,WE,Federal Contract Tower,19,12,13,0,44,0,0,20,0,20,19,12,33,0,64,64,0,64,128
04/24/2016,BZN,MT,ANM,WE,Federal Contract Tower,23,7,10,0,40,0,0,8,0,8,23,7,18,0,48,0,0,0,48
04/25/2016,BZN,MT,ANM,WE,Federal Contract Tower,23,11,40,0,74,0,0,21,0,21,23,11,61,0,95,92,0,92,187
04/26/2016,BZN,MT,ANM,WE,Federal Contract Tower,20,12,22,0,54,0,3,32,0,35,20,15,54,0,89,148,0,148,237
04/27/2016,BZN,MT,ANM,WE,Federal Contract Tower,21,14,28,0,63,0,2,19,2,23,21,16,47,2,86,100,0,100,186
04/28/2016,BZN,MT,ANM,WE,Federal Contract Tower,23,20,18,0,61,0,3,13,0,16,23,23,31,0,77,8,0,8,85
04/29/2016,BZN,MT,ANM,WE,Federal Contract Tower,24,17,35,0,76,0,0,70,0,70,24,17,105,0,146,70,0,70,216
04/30/2016,BZN,MT,ANM,WE,Federal Contract Tower,18,10,7,0,35,0,0,44,0,44,18,10,51,0,79,112,0,112,191
05/01/2016,BZN,MT,ANM,WE,Federal Contract Tower,25,1,16,0,42,0,0,53,0,53,25,1,69,0,95,14,0,14,109
05/02/2016,BZN,MT,ANM,WE,Federal Contract Tower,24,5,32,0,61,0,2,93,0,95,24,7,125,0,156,158,0,158,314
05/03/2016,BZN,MT,ANM,WE,Federal Contract Tower,27,18,26,0,71,0,3,124,0,127,27,21,150,0,198,118,0,118,316
05/04/2016,BZN,MT,ANM,WE,Federal Contract Tower,22,17,49,0,88,0,0,117,0,117,22,17,166,0,205,138,0,138,343
05/05/2016,BZN,MT,ANM,WE,Federal Contract Tower,28,13,30,0,71,0,2,97,0,99,28,15,127,0,170,138,0,138,308
05/06/2016,BZN,MT,ANM,WE,Federal Contract Tower,27,16,14,0,57,0,1,19,0,20,27,17,33,0,77,48,0,48,125
05/07/2016,BZN,MT,ANM,WE,Federal Contract Tower,21,10,7,0,38,0,2,25,0,27,21,12,32,0,65,28,0,28,93
05/08/2016,BZN,MT,ANM,WE,Federal Contract Tower,31,5,9,0,45,0,0,67,2,69,31,5,76,2,114,14,0,14,128
05/09/2016,BZN,MT,ANM,WE,Federal Contract Tower,33,14,8,0,55,0,0,9,0,9,33,14,17,0,64,18,0,18,82
05/10/2016,BZN,MT,ANM,WE,Federal Contract Tower,32,15,7,0,54,0,0,0,0,0,32,15,7,0,54,0,0,0,54
05/11/2016,BZN,MT,ANM,WE,Federal Contract Tower,25,16,32,0,73,0,2,84,1,87,25,18,116,1,160,174,0,174,334
05/12/2016,BZN,MT,ANM,WE,Federal Contract Tower,31,12,37,0,80,0,1,55,1,57,31,13,92,1,137,86,0,86,223
05/13/2016,BZN,MT,ANM,WE,Federal Contract Tower,22,19,19,3,63,0,4,21,0,25,22,23,40,3,88,132,0,132,220
05/14/2016,BZN,MT,ANM,WE,Federal Contract Tower,24,8,44,0,76,0,4,55,0,59,24,12,99,0,135,48,0,48,183
05/15/2016,BZN,MT,ANM,WE,Federal Contract Tower,31,9,30,0,70,0,0,21,0,21,31,9,51,0,91,14,0,14,105
05/16/2016,BZN,MT,ANM,WE,Federal Contract Tower,27,10,28,0,65,0,0,38,0,38,27,10,66,0,103,78,0,78,181
05/17/2016,BZN,MT,ANM,WE,Federal Contract Tower,27,13,42,0,82,0,0,117,0,117,27,13,159,0,199,132,0,132,331
05/18/2016,BZN,MT,ANM,WE,Federal Contract Tower,26,17,31,0,74,0,2,107,0,109,26,19,138,0,183,102,0,102,285
05/19/2016,BZN,MT,ANM,WE,Federal Contract Tower,28,18,19,0,65,0,1,62,0,63,28,19,81,0,128,114,0,114,242
05/20/2016,BZN,MT,ANM,WE,Federal Contract Tower,25,15,17,0,57,0,2,15,0,17,25,17,32,0,74,34,0,34,108
05/21/2016,BZN,MT,ANM,WE,Federal Contract Tower,25,12,23,0,60,0,0,18,0,18,25,12,41,0,78,12,0,12,90
05/22/2016,BZN,MT,ANM,WE,Federal Contract Tower,29,8,15,0,52,0,0,17,0,17,29,8,32,0,69,24,0,24,93
05/23/2016,BZN,MT,ANM,WE,Federal Contract Tower,25,15,17,0,57,0,2,25,0,27,25,17,42,0,84,38,0,38,122
05/24/2016,BZN,MT,ANM,WE,Federal Contract Tower,26,17,17,0,60,0,1,41,0,42,26,18,58,0,102,80,0,80,182
05/25/2016,BZN,MT,ANM,WE,Federal Contract Tower,24,20,30,0,74,0,7,91,0,98,24,27,121,0,172,156,0,156,328
05/26/2016,BZN,MT,ANM,WE,Federal Contract Tower,27,11,28,0,66,0,1,67,0,68,27,12,95,0,134,115,0,115,249
05/27/2016,BZN,MT,ANM,WE,Federal Contract Tower,27,18,15,0,60,0,0,19,0,19,27,18,34,0,79,6,0,6,85
05/28/2016,BZN,MT,ANM,WE,Federal Contract Tower,21,12,5,0,38,0,0,27,0,27,21,12,32,0,65,40,0,40,105
05/29/2016,BZN,MT,ANM,WE,Federal Contract Tower,24,1,12,0,37,0,2,96,0,98,24,3,108,0,135,93,0,93,228
05/30/2016,BZN,MT,ANM,WE,Federal Contract Tower,27,7,6,0,40,0,0,58,0,58,27,7,64,0,98,34,0,34,132
05/31/2016,BZN,MT,ANM,WE,Federal Contract Tower,27,18,31,0,76,0,0,89,0,89,27,18,120,0,165,118,0,118,283
06/01/2016,BZN,MT,ANM,WE,Federal Contract Tower,25,22,20,0,67,0,0,116,0,116,25,22,136,0,183,128,0,128,311
06/02/2016,BZN,MT,ANM,WE,Federal Contract Tower,28,21,30,0,79,0,0,58,0,58,28,21,88,0,137,80,0,80,217
06/03/2016,BZN,MT,ANM,WE,Federal Contract Tower,29,16,21,0,66,0,0,89,0,89,29,16,110,0,155,150,0,150,305
06/04/2016,BZN,MT,ANM,WE,Federal Contract Tower,23,15,13,0,51,0,3,77,0,80,23,18,90,0,131,92,0,92,223
06/05/2016,BZN,MT,ANM,WE,Federal Contract Tower,30,7,18,0,55,0,2,54,0,56,30,9,72,0,111,40,0,40,151
06/06/2016,BZN,MT,ANM,WE,Federal Contract Tower,28,11,14,0,53,0,2,67,0,69,28,13,81,0,122,112,0,112,234
06/07/2016,BZN,MT,ANM,WE,Federal Contract Tower,28,20,21,0,69,0,1,73,0,74,28,21,94,0,143,86,0,86,229
06/08/2016,BZN,MT,ANM,WE,Federal Contract Tower,28,16,31,0,75,0,3,79,0,82,28,19,110,0,157,156,0,156,313
06/09/2016,BZN,MT,ANM,WE,Federal Contract Tower,37,15,38,0,90,0,1,77,0,78,37,16,115,0,168,128,0,128,296
06/10/2016,BZN,MT,ANM,WE,Federal Contract Tower,35,11,24,0,70,0,1,68,0,69,35,12,92,0,139,126,0,126,265
06/11/2016,BZN,MT,ANM,WE,Federal Contract Tower,40,20,16,0,76,0,2,55,0,57,40,22,71,0,133,52,0,52,185
06/12/2016,BZN,MT,ANM,WE,Federal Contract Tower,40,15,25,0,80,0,0,49,0,49,40,15,74,0,129,2,0,2,131
06/13/2016,BZN,MT,ANM,WE,Federal Contract Tower,37,5,17,0,59,0,0,61,2,63,37,5,78,2,122,74,0,74,196
06/14/2016,BZN,MT,ANM,WE,Federal Contract Tower,34,12,26,0,72,0,0,56,0,56,34,12,82,0,128,39,0,39,167
06/15/2016,BZN,MT,ANM,WE,Federal Contract Tower,34,19,30,0,83,0,0,26,0,26,34,19,56,0,109,24,0,24,133
06/16/2016,BZN,MT,ANM,WE,Federal Contract Tower,37,24,23,1,85,0,2,41,2,45,37,26,64,3,130,74,0,74,204
06/17/2016,BZN,MT,ANM,WE,Federal Contract Tower,35,16,21,1,73,0,0,88,0,88,35,16,109,1,161,116,0,116,277
06/18/2016,BZN,MT,ANM,WE,Federal Contract Tower,40,20,9,0,69,0,2,47,0,49,40,22,56,0,118,30,0,30,148
06/19/2016,BZN,MT,ANM,WE,Federal Contract Tower,38,13,18,0,69,0,2,32,0,34,38,15,50,0,103,6,0,6,109
06/20/2016,BZN,MT,ANM,WE,Federal Contract Tower,35,14,23,0,72,0,0,79,0,79,35,14,102,0,151,110,0,110,261
06/21/2016,BZN,MT,ANM,WE,Federal Contract Tower,37,19,19,0,75,0,4,47,0,51,37,23,66,0,126,58,0,58,184
06/22/2016,BZN,MT,ANM,WE,Federal Contract Tower,33,21,33,0,87,0,6,134,0,140,33,27,167,0,227,162,0,162,389
06/23/2016,BZN,MT,ANM,WE,Federal Contract Tower,37,24,51,0,112,0,5,62,0,67,37,29,113,0,179,40,0,40,219
06/24/2016,BZN,MT,ANM,WE,Federal Contract Tower,35,18,21,0,74,0,2,43,0,45,35,20,64,0,119,47,0,47,166
06/25/2016,BZN,MT,ANM,WE,Federal Contract Tower,41,17,7,0,65,0,2,59,0,61,41,19,66,0,126,12,0,12,138
06/26/2016,BZN,MT,ANM,WE,Federal Contract Tower,39,25,22,0,86,0,4,69,0,73,39,29,91,0,159,0,0,0,159
06/27/2016,BZN,MT,ANM,WE,Federal Contract Tower,36,16,27,0,79,0,3,71,1,75,36,19,98,1,154,62,0,62,216
06/28/2016,BZN,MT,ANM,WE,Federal Contract Tower,36,16,24,0,76,0,0,106,0,106,36,16,130,0,182,90,0,90,272
06/29/2016,BZN,MT,ANM,WE,Federal Contract Tower,38,26,36,0,100,0,2,80,0,82,38,28,116,0,182,110,0,110,292
06/30/2016,BZN,MT,ANM,WE,Federal Contract Tower,39,45,35,0,119,0,0,62,0,62,39,45,97,0,181,42,0,42,223
07/01/2016,BZN,MT,ANM,WE,Federal Contract Tower,40,28,40,0,108,0,2,100,0,102,40,30,140,0,210,74,0,74,284
07/02/2016,BZN,MT,ANM,WE,Federal Contract Tower,45,18,34,0,97,0,4,44,0,48,45,22,78,0,145,36,0,36,181
07/03/2016,BZN,MT,ANM,WE,Federal Contract Tower,41,15,21,0,77,0,4,45,0,49,41,19,66,0,126,20,0,20,146
07/04/2016,BZN,MT,ANM,WE,Federal Contract Tower,32,13,15,0,60,0,2,66,0,68,32,15,81,0,128,12,0,12,140
07/05/2016,BZN,MT,ANM,WE,Federal Contract Tower,38,27,37,0,102,0,4,56,0,60,38,31,93,0,162,78,0,78,240
07/06/2016,BZN,MT,ANM,WE,Federal Contract Tower,37,31,35,0,103,0,1,77,2,80,37,32,112,2,183,92,0,92,275
07/07/2016,BZN,MT,ANM,WE,Federal Contract Tower,38,22,20,0,80,0,2,106,0,108,38,24,126,0,188,172,0,172,360
07/08/2016,BZN,MT,ANM,WE,Federal Contract Tower,35,32,27,1,95,0,0,59,2,61,35,32,86,3,156,46,0,46,202
07/09/2016,BZN,MT,ANM,WE,Federal Contract Tower,51,18,27,1,97,0,2,53,0,55,51,20,80,1,152,40,0,40,192
07/10/2016,BZN,MT,ANM,WE,Federal Contract Tower,43,22,48,0,113,0,2,12,0,14,43,24,60,0,127,36,0,36,163
07/11/2016,BZN,MT,ANM,WE,Federal Contract Tower,36,17,36,0,89,0,2,35,0,37,36,19,71,0,126,40,0,40,166
07/12/2016,BZN,MT,ANM,WE,Federal Contract Tower,34,29,40,1,104,0,18,102,2,122,34,47,142,3,226,78,6,84,310
07/13/2016,BZN,MT,ANM,WE,Federal Contract Tower,41,24,54,1,120,0,1,82,0,83,41,25,136,1,203,172,0,172,375
07/14/2016,BZN,MT,ANM,WE,Federal Contract Tower,39,28,55,0,122,0,3,104,0,107,39,31,159,0,229,134,0,134,363
07/15/2016,BZN,MT,ANM,WE,Federal Contract Tower,37,28,41,1,107,0,2,104,0,106,37,30,145,1,213,106,0,106,319
07/16/2016,BZN,MT,ANM,WE,Federal Contract Tower,48,25,20,0,93,2,1,101,0,104,50,26,121,0,197,74,0,74,271
07/17/2016,BZN,MT,ANM,WE,Federal Contract Tower,44,37,42,0,123,0,0,121,0,121,44,37,163,0,244,66,0,66,310
07/18/2016,BZN,MT,ANM,WE,Federal Contract Tower,35,21,35,2,93,0,7,76,0,83,35,28,111,2,176,86,0,86,262
07/19/2016,BZN,MT,ANM,WE,Federal Contract Tower,33,27,36,3,99,0,0,81,0,81,33,27,117,3,180,54,0,54,234
07/20/2016,BZN,MT,ANM,WE,Federal Contract Tower,39,26,31,1,97,0,13,80,0,93,39,39,111,1,190,145,8,153,343
07/21/2016,BZN,MT,ANM,WE,Federal Contract Tower,35,27,31,0,93,0,4,103,0,107,35,31,134,0,200,166,0,166,366
07/22/2016,BZN,MT,ANM,WE,Federal Contract Tower,36,29,26,2,93,0,0,70,0,70,36,29,96,2,163,58,0,58,221
07/23/2016,BZN,MT,ANM,WE,Federal Contract Tower,45,15,9,0,69,0,4,85,0,89,45,19,94,0,158,14,0,14,172
07/24/2016,BZN,MT,ANM,WE,Federal Contract Tower,43,30,21,0,94,0,0,69,0,69,43,30,90,0,163,80,0,80,243
07/25/2016,BZN,MT,ANM,WE,Federal Contract Tower,34,17,25,0,76,0,0,80,0,80,34,17,105,0,156,66,0,66,222
07/26/2016,BZN,MT,ANM,WE,Federal Contract Tower,31,27,32,1,91,0,2,75,1,78,31,29,107,2,169,154,0,154,323
07/27/2016,BZN,MT,ANM,WE,Federal Contract Tower,37,22,40,3,102,0,6,86,0,92,37,28,126,3,194,118,0,118,312
07/28/2016,BZN,MT,ANM,WE,Federal Contract Tower,32,43,33,0,108,0,4,99,0,103,32,47,132,0,211,154,0,154,365
07/29/2016,BZN,MT,ANM,WE,Federal Contract Tower,30,36,30,0,96,0,2,93,0,95,30,38,123,0,191,100,0,100,291
07/30/2016,BZN,MT,ANM,WE,Federal Contract Tower,43,34,20,0,97,0,2,79,0,81,43,36,99,0,178,42,0,42,220
07/31/2016,BZN,MT,ANM,WE,Federal Contract Tower,46,29,37,0,112,0,5,62,0,67,46,34,99,0,179,22,0,22,201
08/01/2016,BZN,MT,ANM,WE,Federal Contract Tower,35,24,27,0,86,0,5,99,0,104,35,29,126,0,190,66,0,66,256
08/02/2016,BZN,MT,ANM,WE,Federal Contract Tower,35,26,18,0,79,0,1,82,0,83,35,27,100,0,162,96,0,96,258
08/03/2016,BZN,MT,ANM,WE,Federal Contract Tower,36,25,38,1,100,0,8,64,0,72,36,33,102,1,172,122,0,122,294
08/04/2016,BZN,MT,ANM,WE,Federal Contract Tower,33,37,31,4,105,0,3,98,10,111,33,40,129,14,216,45,0,45,261
08/05/2016,BZN,MT,ANM,WE,Federal Contract Tower,34,27,36,0,97,0,2,80,0,82,34,29,116,0,179,114,0,114,293
08/06/2016,BZN,MT,ANM,WE,Federal Contract Tower,47,24,13,1,85,0,3,52,0,55,47,27,65,1,140,16,0,16,156
08/07/2016,BZN,MT,ANM,WE,Federal Contract Tower,43,32,31,0,106,0,1,33,0,34,43,33,64,0,140,0,0,0,140
08/08/2016,BZN,MT,ANM,WE,Federal Contract Tower,35,25,36,0,96,0,0,110,0,110,35,25,146,0,206,82,0,82,288
08/09/2016,BZN,MT,ANM,WE,Federal Contract Tower,34,22,25,0,81,0,0,63,0,63,34,22,88,0,144,98,0,98,242
08/10/2016,BZN,MT,ANM,WE,Federal Contract Tower,35,27,27,1,90,0,2,95,0,97,35,29,122,1,187,104,0,104,291
08/11/2016,BZN,MT,ANM,WE,Federal Contract Tower,34,35,39,1,109,0,0,94,2,96,34,35,133,3,205,66,0,66,271
08/12/2016,BZN,MT,ANM,WE,Federal Contract Tower,34,26,26,0,86,0,3,114,0,117,34,29,140,0,203,66,0,66,269
08/13/2016,BZN,MT,ANM,WE,Federal Contract Tower,48,33,21,1,103,0,4,77,1,82,48,37,98,2,185,86,0,86,271
08/14/2016,BZN,MT,ANM,WE,Federal Contract Tower,47,28,24,0,99,0,0,65,0,65,47,28,89,0,164,28,0,28,192
08/15/2016,BZN,MT,ANM,WE,Federal Contract Tower,33,16,18,0,67,0,4,93,0,97,33,20,111,0,164,78,0,78,242
08/16/2016,BZN,MT,ANM,WE,Federal Contract Tower,33,24,35,0,92,0,0,109,0,109,33,24,144,0,201,142,0,142,343
08/17/2016,BZN,MT,ANM,WE,Federal Contract Tower,31,23,34,0,88,0,2,71,0,73,31,25,105,0,161,78,0,78,239
08/18/2016,BZN,MT,ANM,WE,Federal Contract Tower,33,36,42,0,111,0,0,72,0,72,33,36,114,0,183,65,0,65,248
08/19/2016,BZN,MT,ANM,WE,Federal Contract Tower,31,29,30,0,90,0,0,58,0,58,31,29,88,0,148,62,0,62,210
08/20/2016,BZN,MT,ANM,WE,Federal Contract Tower,39,28,19,0,86,0,0,91,0,91,39,28,110,0,177,40,0,40,217
08/21/2016,BZN,MT,ANM,WE,Federal Contract Tower,42,21,29,0,92,0,4,68,0,72,42,25,97,0,164,26,0,26,190
08/22/2016,BZN,MT,ANM,WE,Federal Contract Tower,31,17,35,0,83,0,7,90,0,97,31,24,125,0,180,72,0,72,252
08/23/2016,BZN,MT,ANM,WE,Federal Contract Tower,32,21,37,3,93,0,0,90,1,91,32,21,127,4,184,148,8,156,340
08/24/2016,BZN,MT,ANM,WE,Federal Contract Tower,32,24,36,0,92,0,2,84,0,86,32,26,120,0,178,88,0,88,266
08/25/2016,BZN,MT,ANM,WE,Federal Contract Tower,32,26,31,0,89,0,0,85,0,85,32,26,116,0,174,34,0,34,208
08/26/2016,BZN,MT,ANM,WE,Federal Contract Tower,32,23,30,0,85,0,0,82,0,82,32,23,112,0,167,92,0,92,259
08/27/2016,BZN,MT,ANM,WE,Federal Contract Tower,38,48,22,0,108,0,0,57,0,57,38,48,79,0,165,44,0,44,209
08/28/2016,BZN,MT,ANM,WE,Federal Contract Tower,44,21,23,2,90,0,2,56,0,58,44,23,79,2,148,20,0,20,168
08/29/2016,BZN,MT,ANM,WE,Federal Contract Tower,35,30,34,0,99,0,2,124,0,126,35,32,158,0,225,68,0,68,293
08/30/2016,BZN,MT,ANM,WE,Federal Contract Tower,32,30,34,0,96,0,9,81,0,90,32,39,115,0,186,76,0,76,262
08/31/2016,BZN,MT,ANM,WE,Federal Contract Tower,31,24,29,2,86,0,3,110,0,113,31,27,139,2,199,88,0,88,287
09/01/2016,BZN,MT,ANM,WE,Federal Contract Tower,38,24,31,0,93,0,10,64,0,74,38,34,95,0,167,70,0,70,237
09/02/2016,BZN,MT,ANM,WE,Federal Contract Tower,34,30,28,0,92,0,0,81,0,81,34,30,109,0,173,64,0,64,237
09/03/2016,BZN,MT,ANM,WE,Federal Contract Tower,32,22,15,0,69,0,2,40,0,42,32,24,55,0,111,42,0,42,153
09/04/2016,BZN,MT,ANM,WE,Federal Contract Tower,39,8,20,0,67,0,0,4,0,4,39,8,24,0,71,10,0,10,81
09/05/2016,BZN,MT,ANM,WE,Federal Contract Tower,32,16,26,0,74,0,1,14,0,15,32,17,40,0,89,0,0,0,89
09/06/2016,BZN,MT,ANM,WE,Federal Contract Tower,32,15,37,0,84,0,0,91,0,91,32,15,128,0,175,76,0,76,251
09/07/2016,BZN,MT,ANM,WE,Federal Contract Tower,28,23,25,0,76,0,4,89,0,93,28,27,114,0,169,110,0,110,279
09/08/2016,BZN,MT,ANM,WE,Federal Contract Tower,32,31,32,0,95,0,4,66,0,70,32,35,98,0,165,56,0,56,221
09/09/2016,BZN,MT,ANM,WE,Federal Contract Tower,29,27,28,0,84,0,0,115,0,115,29,27,143,0,199,52,0,52,251
09/10/2016,BZN,MT,ANM,WE,Federal Contract Tower,25,17,22,0,64,0,12,76,0,88,25,29,98,0,152,42,0,42,194
09/11/2016,BZN,MT,ANM,WE,Federal Contract Tower,37,12,22,0,71,0,5,57,0,62,37,17,79,0,133,20,0,20,153
09/12/2016,BZN,MT,ANM,WE,Federal Contract Tower,33,16,9,0,58,0,0,13,0,13,33,16,22,0,71,10,0,10,81
09/13/2016,BZN,MT,ANM,WE,Federal Contract Tower,28,26,40,0,94,0,0,113,0,113,28,26,153,0,207,40,0,40,247
09/14/2016,BZN,MT,ANM,WE,Federal Contract Tower,31,25,33,3,92,0,0,64,2,66,31,25,97,5,158,10,2,12,170
09/15/2016,BZN,MT,ANM,WE,Federal Contract Tower,34,30,43,3,110,0,2,84,0,86,34,32,127,3,196,34,0,34,230
09/16/2016,BZN,MT,ANM,WE,Federal Contract Tower,27,18,30,1,76,0,3,154,0,157,27,21,184,1,233,52,0,52,285
09/17/2016,BZN,MT,ANM,WE,Federal Contract Tower,26,21,16,0,63,0,7,46,0,53,26,28,62,0,116,42,0,42,158
09/18/2016,BZN,MT,ANM,WE,Federal Contract Tower,38,20,19,0,77,0,1,23,0,24,38,21,42,0,101,10,0,10,111
09/19/2016,BZN,MT,ANM,WE,Federal Contract Tower,32,15,33,0,80,0,0,108,0,108,32,15,141,0,188,102,0,102,290
09/20/2016,BZN,MT,ANM,WE,Federal Contract Tower,26,25,31,0,82,0,2,96,0,98,26,27,127,0,180,62,0,62,242
09/21/2016,BZN,MT,ANM,WE,Federal Contract Tower,27,20,38,0,85,0,0,76,0,76,27,20,114,0,161,32,0,32,193
09/22/2016,BZN,MT,ANM,WE,Federal Contract Tower,35,32,46,0,113,0,0,3,0,3,35,32,49,0,116,0,0,0,116
09/23/2016,BZN,MT,ANM,WE,Federal Contract Tower,36,24,27,0,87,0,0,4,0,4,36,24,31,0,91,18,0,18,109
09/24/2016,BZN,MT,ANM,WE,Federal Contract Tower,26,22,10,0,58,0,0,25,0,25,26,22,35,0,83,35,0,35,118
09/25/2016,BZN,MT,ANM,WE,Federal Contract Tower,39,17,23,0,79,0,0,73,0,73,39,17,96,0,152,30,0,30,182
09/26/2016,BZN,MT,ANM,WE,Federal Contract Tower,29,26,23,0,78,0,2,96,0,98,29,28,119,0,176,54,0,54,230
09/27/2016,BZN,MT,ANM,WE,Federal Contract Tower,25,27,34,0,86,0,3,96,2,101,25,30,130,2,187,78,0,78,265
09/28/2016,BZN,MT,ANM,WE,Federal Contract Tower,28,24,33,1,86,0,1,130,0,131,28,25,163,1,217,82,0,82,299
09/29/2016,BZN,MT,ANM,WE,Federal Contract Tower,34,26,29,0,89,0,1,70,1,72,34,27,99,1,161,20,0,20,181
09/30/2016,BZN,MT,ANM,WE,Federal Contract Tower,34,24,27,1,86,0,4,105,2,111,34,28,132,3,197,94,0,94,291
10/01/2016,BZN,MT,ANM,WE,Federal Contract Tower,23,32,7,0,62,0,7,26,0,33,23,39,33,0,95,30,0,30,125
10/02/2016,BZN,MT,ANM,WE,Federal Contract Tower,34,12,16,0,62,0,0,32,0,32,34,12,48,0,94,12,0,12,106
10/03/2016,BZN,MT,ANM,WE,Federal Contract Tower,33,21,16,0,70,0,0,1,0,1,33,21,17,0,71,0,0,0,71
10/04/2016,BZN,MT,ANM,WE,Federal Contract Tower,27,22,14,2,65,0,0,24,0,24,27,22,38,2,89,114,0,114,203
10/05/2016,BZN,MT,ANM,WE,Federal Contract Tower,30,16,22,0,68,0,2,19,0,21,30,18,41,0,89,144,0,144,233
10/06/2016,BZN,MT,ANM,WE,Federal Contract Tower,26,18,20,3,67,0,0,82,0,82,26,18,102,3,149,108,0,108,257
10/07/2016,BZN,MT,ANM,WE,Federal Contract Tower,24,17,28,2,71,0,0,84,0,84,24,17,112,2,155,136,0,136,291
10/08/2016,BZN,MT,ANM,WE,Federal Contract Tower,22,9,10,0,41,0,4,52,0,56,22,13,62,0,97,38,0,38,135
10/09/2016,BZN,MT,ANM,WE,Federal Contract Tower,26,6,13,0,45,0,0,52,0,52,26,6,65,0,97,18,0,18,115
10/10/2016,BZN,MT,ANM,WE,Federal Contract Tower,23,16,20,0,59,0,0,62,0,62,23,16,82,0,121,92,0,92,213
10/11/2016,BZN,MT,ANM,WE,Federal Contract Tower,23,14,6,0,43,0,3,3,0,6,23,17,9,0,49,8,0,8,57
10/12/2016,BZN,MT,ANM,WE,Federal Contract Tower,23,15,34,0,72,0,2,99,4,105,23,17,133,4,177,92,0,92,269
10/13/2016,BZN,MT,ANM,WE,Federal Contract Tower,25,14,38,0,77,0,1,97,0,98,25,15,135,0,175,170,0,170,345
10/14/2016,BZN,MT,ANM,WE,Federal Contract Tower,18,26,14,0,58,0,2,0,0,2,18,28,14,0,60,10,0,10,70
10/15/2016,BZN,MT,ANM,WE,Federal Contract Tower,20,11,9,0,40,0,0,39,0,39,20,11,48,0,79,34,0,34,113
10/16/2016,BZN,MT,ANM,WE,Federal Contract Tower,27,5,3,0,35,0,2,10,5,17,27,7,13,5,52,0,0,0,52
10/17/2016,BZN,MT,ANM,WE,Federal Contract Tower,25,16,12,0,53,0,2,18,0,20,25,18,30,0,73,74,0,74,147
10/18/2016,BZN,MT,ANM,WE,Federal Contract Tower,23,18,22,0,63,0,0,77,2,79,23,18,99,2,142,200,0,200,342
10/19/2016,BZN,MT,ANM,WE,Federal Contract Tower,19,22,32,0,73,0,0,88,2,90,19,22,120,2,163,156,0,156,319
10/20/2016,BZN,MT,ANM,WE,Federal Contract Tower,25,22,24,0,71,0,0,75,0,75,25,22,99,0,146,64,0,64,210
10/21/2016,BZN,MT,ANM,WE,Federal Contract Tower,22,23,36,0,81,0,0,107,0,107,22,23,143,0,188,159,0,159,347
10/22/2016,BZN,MT,ANM,WE,Federal Contract Tower,21,11,16,0,48,0,3,42,0,45,21,14,58,0,93,56,0,56,149
10/23/2016,BZN,MT,ANM,WE,Federal Contract Tower,30,9,12,0,51,0,1,61,0,62,30,10,73,0,113,44,0,44,157
10/24/2016,BZN,MT,ANM,WE,Federal Contract Tower,24,16,12,1,53,0,1,86,0,87,24,17,98,1,140,148,0,148,288
10/25/2016,BZN,MT,ANM,WE,Federal Contract Tower,24,18,28,1,71,0,1,70,0,71,24,19,98,1,142,96,0,96,238
10/26/2016,BZN,MT,ANM,WE,Federal Contract Tower,22,22,18,0,62,0,0,72,0,72,22,22,90,0,134,128,0,128,262
10/27/2016,BZN,MT,ANM,WE,Federal Contract Tower,28,14,27,0,69,0,2,92,0,94,28,16,119,0,163,112,0,112,275
10/28/2016,BZN,MT,ANM,WE,Federal Contract Tower,25,18,22,0,65,0,0,49,0,49,25,18,71,0,114,202,0,202,316
10/29/2016,BZN,MT,ANM,WE,Federal Contract Tower,19,14,8,0,41,0,0,24,1,25,19,14,32,1,66,12,0,12,78
10/30/2016,BZN,MT,ANM,WE,Federal Contract Tower,27,4,18,2,51,0,1,30,2,33,27,5,48,4,84,24,0,24,108
10/31/2016,BZN,MT,ANM,WE,Federal Contract Tower,25,9,13,0,47,0,0,3,0,3,25,9,16,0,50,0,0,0,50
11/01/2016,BZN,MT,ANM,WE,Federal Contract Tower,24,18,25,0,67,0,2,79,0,81,24,20,104,0,148,128,0,128,276
11/02/2016,BZN,MT,ANM,WE,Federal Contract Tower,22,16,30,0,68,0,0,119,0,119,22,16,149,0,187,101,0,101,288
11/03/2016,BZN,MT,ANM,WE,Federal Contract Tower,25,17,38,0,80,0,4,97,0,101,25,21,135,0,181,108,0,108,289
11/04/2016,BZN,MT,ANM,WE,Federal Contract Tower,24,16,19,0,59,0,0,102,1,103,24,16,121,1,162,108,0,108,270
11/05/2016,BZN,MT,ANM,WE,Federal Contract Tower,21,13,16,0,50,0,0,69,0,69,21,13,85,0,119,24,0,24,143
11/06/2016,BZN,MT,ANM,WE,Federal Contract Tower,25,18,14,0,57,0,4,48,0,52,25,22,62,0,109,6,0,6,115
11/07/2016,BZN,MT,ANM,WE,Federal Contract Tower,21,13,29,0,63,0,3,92,0,95,21,16,121,0,158,176,0,176,334
11/08/2016,BZN,MT,ANM,WE,Federal Contract Tower,20,17,24,0,61,0,1,102,2,105,20,18,126,2,166,120,0,120,286
11/09/2016,BZN,MT,ANM,WE,Federal Contract Tower,17,20,24,1,62,0,3,100,0,103,17,23,124,1,165,100,22,122,287
11/10/2016,BZN,MT,ANM,WE,Federal Contract Tower,23,18,23,0,64,0,2,94,0,96,23,20,117,0,160,134,0,134,294
11/11/2016,BZN,MT,ANM,WE,Federal Contract Tower,23,17,19,0,59,0,0,132,0,132,23,17,151,0,191,152,0,152,343
11/12/2016,BZN,MT,ANM,WE,Federal Contract Tower,15,11,6,0,32,0,1,60,0,61,15,12,66,0,93,44,0,44,137
11/13/2016,BZN,MT,ANM,WE,Federal Contract Tower,24,6,14,0,44,0,0,57,0,57,24,6,71,0,101,0,0,0,101
11/14/2016,BZN,MT,ANM,WE,Federal Contract Tower,20,14,16,0,50,0,1,50,0,51,20,15,66,0,101,40,0,40,141
11/15/2016,BZN,MT,ANM,WE,Federal Contract Tower,18,18,22,0,58,0,0,48,6,54,18,18,70,6,112,116,0,116,228
11/16/2016,BZN,MT,ANM,WE,Federal Contract Tower,17,18,30,0,65,0,1,38,0,39,17,19,68,0,104,70,0,70,174
11/17/2016,BZN,MT,ANM,WE,Federal Contract Tower,19,16,12,0,47,0,0,45,0,45,19,16,57,0,92,94,0,94,186
11/18/2016,BZN,MT,ANM,WE,Federal Contract Tower,22,20,39,0,81,0,0,101,0,101,22,20,140,0,182,141,0,141,323
11/19/2016,BZN,MT,ANM,WE,Federal Contract Tower,19,12,32,0,63,0,0,62,0,62,19,12,94,0,125,28,0,28,153
11/20/2016,BZN,MT,ANM,WE,Federal Contract Tower,26,8,29,0,63,0,2,34,0,36,26,10,63,0,99,16,0,16,115
11/21/2016,BZN,MT,ANM,WE,Federal Contract Tower,23,11,45,0,79,0,1,79,0,80,23,12,124,0,159,108,0,108,267
11/22/2016,BZN,MT,ANM,WE,Federal Contract Tower,21,23,60,0,104,0,2,120,0,122,21,25,180,0,226,188,0,188,414
11/23/2016,BZN,MT,ANM,WE,Federal Contract Tower,22,25,26,1,74,0,0,49,0,49,22,25,75,1,123,66,6,72,195
11/24/2016,BZN,MT,ANM,WE,Federal Contract Tower,14,6,6,0,26,0,0,12,0,12,14,6,18,0,38,0,0,0,38
11/25/2016,BZN,MT,ANM,WE,Federal Contract Tower,21,15,12,0,48,0,0,26,0,26,21,15,38,0,74,82,0,82,156
11/26/2016,BZN,MT,ANM,WE,Federal Contract Tower,22,14,21,0,57,0,0,49,0,49,22,14,70,0,106,22,0,22,128
11/27/2016,BZN,MT,ANM,WE,Federal Contract Tower,28,20,33,5,86,0,2,28,0,30,28,22,61,5,116,22,0,22,138
11/28/2016,BZN,MT,ANM,WE,Federal Contract Tower,22,15,9,0,46,0,0,0,0,0,22,15,9,0,46,0,0,0,46
11/29/2016,BZN,MT,ANM,WE,Federal Contract Tower,25,12,15,1,53,0,2,21,0,23,25,14,36,1,76,78,0,78,154
11/30/2016,BZN,MT,ANM,WE,Federal Contract Tower,18,22,21,0,61,0,0,94,0,94,18,22,115,0,155,156,0,156,311
12/01/2016,BZN,MT,ANM,WE,Federal Contract Tower,22,18,14,0,54,0,0,18,0,18,22,18,32,0,72,16,0,16,88
12/02/2016,BZN,MT,ANM,WE,Federal Contract Tower,20,19,22,0,61,0,0,64,0,64,20,19,86,0,125,48,0,48,173
12/03/2016,BZN,MT,ANM,WE,Federal Contract Tower,16,8,8,0,32,0,0,13,0,13,16,8,21,0,45,22,0,22,67
12/04/2016,BZN,MT,ANM,WE,Federal Contract Tower,27,4,7,0,38,0,0,11,0,11,27,4,18,0,49,4,0,4,53
12/05/2016,BZN,MT,ANM,WE,Federal Contract Tower,19,17,14,0,50,0,0,53,0,53,19,17,67,0,103,178,0,178,281
12/06/2016,BZN,MT,ANM,WE,Federal Contract Tower,18,22,7,0,47,0,0,6,0,6,18,22,13,0,53,38,0,38,91
12/07/2016,BZN,MT,ANM,WE,Federal Contract Tower,18,24,28,0,70,0,2,41,0,43,18,26,69,0,113,112,0,112,225
12/08/2016,BZN,MT,ANM,WE,Federal Contract Tower,19,22,29,0,70,0,1,60,0,61,19,23,89,0,131,70,0,70,201
12/09/2016,BZN,MT,ANM,WE,Federal Contract Tower,17,20,18,0,55,0,1,37,0,38,17,21,55,0,93,114,0,114,207
12/10/2016,BZN,MT,ANM,WE,Federal Contract Tower,12,14,5,0,31,0,0,10,0,10,12,14,15,0,41,32,0,32,73
12/11/2016,BZN,MT,ANM,WE,Federal Contract Tower,23,12,5,0,40,0,0,16,0,16,23,12,21,0,56,10,0,10,66
12/12/2016,BZN,MT,ANM,WE,Federal Contract Tower,20,14,26,0,60,0,0,60,0,60,20,14,86,0,120,82,0,82,202
12/13/2016,BZN,MT,ANM,WE,Federal Contract Tower,19,22,24,6,71,0,0,63,0,63,19,22,87,6,134,124,0,124,258
12/14/2016,BZN,MT,ANM,WE,Federal Contract Tower,17,26,31,0,74,0,0,91,0,91,17,26,122,0,165,104,0,104,269
12/15/2016,BZN,MT,ANM,WE,Federal Contract Tower,25,21,15,0,61,0,0,0,0,0,25,21,15,0,61,0,0,0,61
12/16/2016,BZN,MT,ANM,WE,Federal Contract Tower,30,36,25,0,91,0,0,0,0,0,30,36,25,0,91,0,0,0,91
12/17/2016,BZN,MT,ANM,WE,Federal Contract Tower,34,29,23,0,86,0,2,8,0,10,34,31,31,0,96,4,0,4,100
12/18/2016,BZN,MT,ANM,WE,Federal Contract Tower,42,31,28,0,101,0,4,16,0,20,42,35,44,0,121,34,0,34,155
12/19/2016,BZN,MT,ANM,WE,Federal Contract Tower,39,40,23,0,102,0,1,7,0,8,39,41,30,0,110,14,0,14,124
12/20/2016,BZN,MT,ANM,WE,Federal Contract Tower,40,48,20,0,108,0,0,7,0,7,40,48,27,0,115,4,0,4,119
12/21/2016,BZN,MT,ANM,WE,Federal Contract Tower,40,42,43,0,125,0,1,85,0,86,40,43,128,0,211,60,0,60,271
12/22/2016,BZN,MT,ANM,WE,Federal Contract Tower,44,53,34,4,135,0,0,59,0,59,44,53,93,4,194,68,0,68,262
12/23/2016,BZN,MT,ANM,WE,Federal Contract Tower,42,43,34,0,119,0,1,17,0,18,42,44,51,0,137,34,0,34,171
12/24/2016,BZN,MT,ANM,WE,Federal Contract Tower,36,28,7,0,71,0,0,2,0,2,36,28,9,0,73,0,0,0,73
12/25/2016,BZN,MT,ANM,WE,Federal Contract Tower,40,12,8,0,60,0,0,1,0,1,40,12,9,0,61,0,0,0,61
12/26/2016,BZN,MT,ANM,WE,Federal Contract Tower,46,36,66,0,148,0,0,30,0,30,46,36,96,0,178,0,0,0,178
12/27/2016,BZN,MT,ANM,WE,Federal Contract Tower,45,50,63,0,158,0,2,19,0,21,45,52,82,0,179,32,0,32,211
12/28/2016,BZN,MT,ANM,WE,Federal Contract Tower,38,47,39,0,124,0,1,15,0,16,38,48,54,0,140,16,0,16,156
12/29/2016,BZN,MT,ANM,WE,Federal Contract Tower,44,36,37,0,117,0,2,79,0,81,44,38,116,0,198,78,0,78,276
12/30/2016,BZN,MT,ANM,WE,Federal Contract Tower,48,43,28,0,119,0,0,11,0,11,48,43,39,0,130,32,0,32,162
12/31/2016,BZN,MT,ANM,WE,Federal Contract Tower,39,37,16,0,92,0,5,48,0,53,39,42,64,0,145,32,0,32,177
01/01/2017,BZN,MT,ANM,WE,Federal Contract Tower,45,42,39,0,126,0,2,5,0,7,45,44,44,0,133,0,0,0,133
01/02/2017,BZN,MT,ANM,WE,Federal Contract Tower,46,70,56,0,172,0,1,5,0,6,46,71,61,0,178,0,0,0,178
01/03/2017,BZN,MT,ANM,WE,Federal Contract Tower,35,27,39,4,105,0,1,32,0,33,35,28,71,4,138,14,0,14,152
01/04/2017,BZN,MT,ANM,WE,Federal Contract Tower,26,23,16,0,65,0,0,49,0,49,26,23,65,0,114,72,0,72,186
01/05/2017,BZN,MT,ANM,WE,Federal Contract Tower,24,20,13,0,57,0,3,21,0,24,24,23,34,0,81,20,0,20,101
01/06/2017,BZN,MT,ANM,WE,Federal Contract Tower,24,29,33,0,86,0,4,48,0,52,24,33,81,0,138,50,0,50,188
01/07/2017,BZN,MT,ANM,WE,Federal Contract Tower,31,16,15,0,62,0,0,39,0,39,31,16,54,0,101,22,0,22,123
01/08/2017,BZN,MT,ANM,WE,Federal Contract Tower,29,19,23,0,71,0,0,10,4,14,29,19,33,4,85,4,0,4,89
01/09/2017,BZN,MT,ANM,WE,Federal Contract Tower,26,16,5,0,47,0,0,19,0,19,26,16,24,0,66,28,0,28,94
01/10/2017,BZN,MT,ANM,WE,Federal Contract Tower,25,24,13,0,62,0,1,32,0,33,25,25,45,0,95,58,0,58,153
01/11/2017,BZN,MT,ANM,WE,Federal Contract Tower,21,22,14,0,57,0,0,1,0,1,21,22,15,0,58,0,0,0,58
01/12/2017,BZN,MT,ANM,WE,Federal Contract Tower,27,38,28,0,93,0,3,58,0,61,27,41,86,0,154,78,0,78,232
01/13/2017,BZN,MT,ANM,WE,Federal Contract Tower,26,44,56,0,126,0,0,103,0,103,26,44,159,0,229,77,0,77,306
01/14/2017,BZN,MT,ANM,WE,Federal Contract Tower,29,20,25,1,75,0,2,56,0,58,29,22,81,1,133,38,0,38,171
01/15/2017,BZN,MT,ANM,WE,Federal Contract Tower,31,12,15,0,58,0,0,30,0,30,31,12,45,0,88,20,0,20,108
01/16/2017,BZN,MT,ANM,WE,Federal Contract Tower,35,48,66,0,149,0,2,64,0,66,35,50,130,0,215,70,0,70,285
01/17/2017,BZN,MT,ANM,WE,Federal Contract Tower,22,21,38,0,81,0,4,81,0,85,22,25,119,0,166,126,0,126,292
01/18/2017,BZN,MT,ANM,WE,Federal Contract Tower,24,20,38,0,82,0,5,102,0,107,24,25,140,0,189,210,0,210,399
01/19/2017,BZN,MT,ANM,WE,Federal Contract Tower,28,28,29,0,85,0,1,47,0,48,28,29,76,0,133,134,0,134,267
01/20/2017,BZN,MT,ANM,WE,Federal Contract Tower,27,30,21,1,79,0,2,111,0,113,27,32,132,1,192,158,0,158,350
01/21/2017,BZN,MT,ANM,WE,Federal Contract Tower,31,18,17,1,67,0,2,34,0,36,31,20,51,1,103,42,0,42,145
01/22/2017,BZN,MT,ANM,WE,Federal Contract Tower,24,34,17,0,75,0,2,39,0,41,24,36,56,0,116,28,0,28,144
01/23/2017,BZN,MT,ANM,WE,Federal Contract Tower,34,12,13,0,59,0,0,0,0,0,34,12,13,0,59,0,0,0,59
01/24/2017,BZN,MT,ANM,WE,Federal Contract Tower,21,20,21,0,62,0,0,42,1,43,21,20,63,1,105,84,6,90,195
01/25/2017,BZN,MT,ANM,WE,Federal Contract Tower,20,31,25,0,76,0,5,95,2,102,20,36,120,2,178,204,0,204,382
01/26/2017,BZN,MT,ANM,WE,Federal Contract Tower,23,26,55,0,104,0,1,93,2,96,23,27,148,2,200,200,0,200,400
01/27/2017,BZN,MT,ANM,WE,Federal Contract Tower,25,27,39,0,91,0,0,113,0,113,25,27,152,0,204,162,0,162,366
01/28/2017,BZN,MT,ANM,WE,Federal Contract Tower,32,19,8,0,59,0,1,46,0,47,32,20,54,0,106,86,0,86,192
01/29/2017,BZN,MT,ANM,WE,Federal Contract Tower,30,39,30,1,100,0,1,59,1,61,30,40,89,2,161,34,0,34,195
01/30/2017,BZN,MT,ANM,WE,Federal Contract Tower,26,23,18,0,67,0,2,77,0,79,26,25,95,0,146,129,0,129,275
01/31/2017,BZN,MT,ANM,WE,Federal Contract Tower,23,21,9,0,53,0,0,0,0,0,23,21,9,0,53,0,0,0,53
02/01/2017,BZN,MT,ANM,WE,Federal Contract Tower,22,30,17,0,69,0,4,4,0,8,22,34,21,0,77,4,0,4,81
02/02/2017,BZN,MT,ANM,WE,Federal Contract Tower,23,25,24,3,75,0,0,20,0,20,23,25,44,3,95,40,0,40,135
02/03/2017,BZN,MT,ANM,WE,Federal Contract Tower,27,23,16,0,66,0,2,67,0,69,27,25,83,0,135,108,0,108,243
02/04/2017,BZN,MT,ANM,WE,Federal Contract Tower,33,23,9,0,65,0,0,33,0,33,33,23,42,0,98,50,0,50,148
02/05/2017,BZN,MT,ANM,WE,Federal Contract Tower,34,23,22,0,79,0,5,34,0,39,34,28,56,0,118,34,0,34,152
02/06/2017,BZN,MT,ANM,WE,Federal Contract Tower,28,30,37,2,97,0,0,36,0,36,28,30,73,2,133,108,0,108,241
02/07/2017,BZN,MT,ANM,WE,Federal Contract Tower,24,20,34,2,80,0,0,32,1,33,24,20,66,3,113,62,0,62,175
02/08/2017,BZN,MT,ANM,WE,Federal Contract Tower,24,28,40,0,92,0,0,77,1,78,24,28,117,1,170,172,0,172,342
02/09/2017,BZN,MT,ANM,WE,Federal Contract Tower,26,35,24,0,85,0,0,7,0,7,26,35,31,0,92,6,0,6,98
02/10/2017,BZN,MT,ANM,WE,Federal Contract Tower,30,34,28,0,92,0,1,48,0,49,30,35,76,0,141,116,0,116,257
02/11/2017,BZN,MT,ANM,WE,Federal Contract Tower,33,22,23,0,78,0,3,35,0,38,33,25,58,0,116,56,0,56,172
02/12/2017,BZN,MT,ANM,WE,Federal Contract Tower,36,21,36,0,93,0,1,72,0,73,36,22,108,0,166,20,0,20,186
02/13/2017,BZN,MT,ANM,WE,Federal Contract Tower,33,14,35,0,82,0,0,77,0,77,33,14,112,0,159,107,0,107,266
02/14/2017,BZN,MT,ANM,WE,Federal Contract Tower,26,25,38,2,91,0,0,91,2,93,26,25,129,4,184,242,0,242,426
02/15/2017,BZN,MT,ANM,WE,Federal Contract Tower,25,25,47,0,97,0,2,130,0,132,25,27,177,0,229,202,0,202,431
02/16/2017,BZN,MT,ANM,WE,Federal Contract Tower,35,56,54,0,145,0,4,64,0,68,35,60,118,0,213,154,0,154,367
02/17/2017,BZN,MT,ANM,WE,Federal Contract Tower,30,71,69,0,170,0,4,85,0,89,30,75,154,0,259,86,0,86,345
02/18/2017,BZN,MT,ANM,WE,Federal Contract Tower,35,47,24,0,106,0,2,50,0,52,35,49,74,0,158,48,0,48,206
02/19/2017,BZN,MT,ANM,WE,Federal Contract Tower,38,25,24,0,87,0,2,7,0,9,38,27,31,0,96,18,0,18,114
02/20/2017,BZN,MT,ANM,WE,Federal Contract Tower,37,69,78,0,184,0,4,33,0,37,37,73,111,0,221,20,0,20,241
02/21/2017,BZN,MT,ANM,WE,Federal Contract Tower,30,43,28,0,101,0,4,11,0,15,30,47,39,0,116,8,0,8,124
02/22/2017,BZN,MT,ANM,WE,Federal Contract Tower,27,43,17,0,87,0,0,6,0,6,27,43,23,0,93,46,0,46,139
02/23/2017,BZN,MT,ANM,WE,Federal Contract Tower,32,42,24,0,98,0,2,20,0,22,32,44,44,0,120,56,0,56,176
02/24/2017,BZN,MT,ANM,WE,Federal Contract Tower,30,38,29,0,97,0,3,5,0,8,30,41,34,0,105,0,0,0,105
02/25/2017,BZN,MT,ANM,WE,Federal Contract Tower,36,35,22,0,93,0,3,19,0,22,36,38,41,0,115,34,0,34,149
02/26/2017,BZN,MT,ANM,WE,Federal Contract Tower,43,33,30,0,106,0,0,21,0,21,43,33,51,0,127,58,0,58,185
02/27/2017,BZN,MT,ANM,WE,Federal Contract Tower,36,12,28,0,76,0,0,70,0,70,36,12,98,0,146,116,0,116,262
02/28/2017,BZN,MT,ANM,WE,Federal Contract Tower,27,29,30,0,86,0,5,38,0,43,27,34,68,0,129,66,0,66,195
03/01/2017,BZN,MT,ANM,WE,Federal Contract Tower,29,28,22,0,79,0,2,17,0,19,29,30,39,0,98,30,0,30,128
03/02/2017,BZN,MT,ANM,WE,Federal Contract Tower,27,37,39,0,103,0,0,43,0,43,27,37,82,0,146,78,0,78,224
03/03/2017,BZN,MT,ANM,WE,Federal Contract Tower,29,38,29,0,96,0,2,68,0,70,29,40,97,0,166,74,0,74,240
03/04/2017,BZN,MT,ANM,WE,Federal Contract Tower,37,21,19,0,77,0,0,21,0,21,37,21,40,0,98,12,0,12,110
03/05/2017,BZN,MT,ANM,WE,Federal Contract Tower,43,18,17,0,78,0,0,3,0,3,43,18,20,0,81,4,0,4,85
03/06/2017,BZN,MT,ANM,WE,Federal Contract Tower,34,25,24,0,83,0,0,61,0,61,34,25,85,0,144,111,0,111,255
03/07/2017,BZN,MT,ANM,WE,Federal Contract Tower,29,23,22,0,74,0,3,14,2,19,29,26,36,2,93,16,0,16,109
03/08/2017,BZN,MT,ANM,WE,Federal Contract Tower,29,35,27,0,91,0,0,14,0,14,29,35,41,0,105,16,0,16,121
03/09/2017,BZN,MT,ANM,WE,Federal Contract Tower,28,29,25,0,82,0,4,3,0,7,28,33,28,0,89,6,0,6,95
03/10/2017,BZN,MT,ANM,WE,Federal Contract Tower,27,49,28,1,105,0,0,69,0,69,27,49,97,1,174,152,0,152,326
03/11/2017,BZN,MT,ANM,WE,Federal Contract Tower,41,42,33,0,116,0,2,49,0,51,41,44,82,0,167,48,0,48,215
03/12/2017,BZN,MT,ANM,WE,Federal Contract Tower,40,37,13,0,90,0,0,14,0,14,40,37,27,0,104,8,0,8,112
03/13/2017,BZN,MT,ANM,WE,Federal Contract Tower,27,26,39,0,92,0,0,53,0,53,27,26,92,0,145,72,0,72,217
03/14/2017,BZN,MT,ANM,WE,Federal Contract Tower,24,22,34,0,80,0,4,61,0,65,24,26,95,0,145,120,0,120,265
03/15/2017,BZN,MT,ANM,WE,Federal Contract Tower,26,40,40,0,106,0,2,93,0,95,26,42,133,0,201,102,0,102,303
03/16/2017,BZN,MT,ANM,WE,Federal Contract Tower,27,31,28,2,88,0,1,11,2,14,27,32,39,4,102,18,0,18,120
03/17/2017,BZN,MT,ANM,WE,Federal Contract Tower,27,39,37,0,103,0,3,98,0,101,27,42,135,0,204,66,0,66,270
03/18/2017,BZN,MT,ANM,WE,Federal Contract Tower,35,39,33,0,107,0,3,42,0,45,35,42,75,0,152,14,0,14,166
03/19/2017,BZN,MT,ANM,WE,Federal Contract Tower,40,28,47,0,115,0,2,20,0,22,40,30,67,0,137,8,0,8,145
03/20/2017,BZN,MT,ANM,WE,Federal Contract Tower,28,27,41,0,96,0,0,19,0,19,28,27,60,0,115,52,0,52,167
03/21/2017,BZN,MT,ANM,WE,Federal Contract Tower,23,33,40,0,96,0,0,36,0,36,23,33,76,0,132,118,0,118,250
03/22/2017,BZN,MT,ANM,WE,Federal Contract Tower,35,37,34,6,112,0,0,106,2,108,35,37,140,8,220,106,0,106,326
03/23/2017,BZN,MT,ANM,WE,Federal Contract Tower,29,40,55,0,124,0,1,103,0,104,29,41,158,0,228,116,0,116,344
03/24/2017,BZN,MT,ANM,WE,Federal Contract Tower,28,48,35,0,111,0,1,100,0,101,28,49,135,0,212,114,0,114,326
03/25/2017,BZN,MT,ANM,WE,Federal Contract Tower,28,39,23,0,90,0,4,28,0,32,28,43,51,0,122,44,0,44,166
03/26/2017,BZN,MT,ANM,WE,Federal Contract Tower,34,37,41,0,112,0,4,71,0,75,34,41,112,0,187,70,0,70,257
03/27/2017,BZN,MT,ANM,WE,Federal Contract Tower,31,20,28,0,79,0,0,68,0,68,31,20,96,0,147,130,0,130,277
03/28/2017,BZN,MT,ANM,WE,Federal Contract Tower,25,27,54,2,108,0,1,116,0,117,25,28,170,2,225,143,0,143,368
03/29/2017,BZN,MT,ANM,WE,Federal Contract Tower,30,21,51,0,102,0,2,78,0,80,30,23,129,0,182,106,0,106,288
03/30/2017,BZN,MT,ANM,WE,Federal Contract Tower,28,34,28,0,90,0,0,9,0,9,28,34,37,0,99,38,0,38,137
03/31/2017,BZN,MT,ANM,WE,Federal Contract Tower,27,41,33,2,103,0,4,56,0,60,27,45,89,2,163,112,0,112,275
04/01/2017,BZN,MT,ANM,WE,Federal Contract Tower,28,21,18,0,67,0,4,65,0,69,28,25,83,0,136,50,0,50,186
04/02/2017,BZN,MT,ANM,WE,Federal Contract Tower,31,21,23,0,75,0,3,17,0,20,31,24,40,0,95,8,0,8,103
04/03/2017,BZN,MT,ANM,WE,Federal Contract Tower,27,24,14,0,65,0,0,60,0,60,27,24,74,0,125,108,0,108,233
04/04/2017,BZN,MT,ANM,WE,Federal Contract Tower,15,21,53,0,89,0,2,84,0,86,15,23,137,0,175,128,0,128,303
04/05/2017,BZN,MT,ANM,WE,Federal Contract Tower,16,27,38,0,81,0,3,85,0,88,16,30,123,0,169,285,0,285,454
04/06/2017,BZN,MT,ANM,WE,Federal Contract Tower,20,23,36,2,81,0,0,93,1,94,20,23,129,3,175,166,0,166,341
04/07/2017,BZN,MT,ANM,WE,Federal Contract Tower,17,28,23,0,68,0,1,33,0,34,17,29,56,0,102,118,0,118,220
04/08/2017,BZN,MT,ANM,WE,Federal Contract Tower,14,15,32,0,61,0,3,31,0,34,14,18,63,0,95,22,0,22,117
04/09/2017,BZN,MT,ANM,WE,Federal Contract Tower,21,17,16,0,54,0,0,7,0,7,21,17,23,0,61,24,0,24,85
04/10/2017,BZN,MT,ANM,WE,Federal Contract Tower,20,18,24,4,66,0,2,56,0,58,20,20,80,4,124,58,0,58,182
04/11/2017,BZN,MT,ANM,WE,Federal Contract Tower,15,22,53,0,90,0,1,105,0,106,15,23,158,0,196,165,0,165,361
04/12/2017,BZN,MT,ANM,WE,Federal Contract Tower,16,24,46,0,86,0,0,89,1,90,16,24,135,1,176,142,0,142,318
04/13/2017,BZN,MT,ANM,WE,Federal Contract Tower,18,29,39,0,86,0,1,52,0,53,18,30,91,0,139,70,0,70,209
04/14/2017,BZN,MT,ANM,WE,Federal Contract Tower,20,20,27,0,67,0,0,45,1,46,20,20,72,1,113,96,0,96,209
04/15/2017,BZN,MT,ANM,WE,Federal Contract Tower,16,17,16,0,49,0,1,42,0,43,16,18,58,0,92,22,0,22,114
04/16/2017,BZN,MT,ANM,WE,Federal Contract Tower,22,20,14,0,56,1,1,53,0,55,23,21,67,0,111,12,0,12,123
04/17/2017,BZN,MT,ANM,WE,Federal Contract Tower,22,13,14,0,49,0,0,24,0,24,22,13,38,0,73,52,0,52,125
04/18/2017,BZN,MT,ANM,WE,Federal Contract Tower,17,14,35,0,66,0,1,74,0,75,17,15,109,0,141,120,0,120,261
04/19/2017,BZN,MT,ANM,WE,Federal Contract Tower,16,13,67,2,98,0,0,114,0,114,16,13,181,2,212,232,0,232,444
04/20/2017,BZN,MT,ANM,WE,Federal Contract Tower,18,19,32,0,69,0,0,69,0,69,18,19,101,0,138,104,0,104,242
04/21/2017,BZN,MT,ANM,WE,Federal Contract Tower,20,14,42,0,76,0,0,13,0,13,20,14,55,0,89,53,0,53,142
04/22/2017,BZN,MT,ANM,WE,Federal Contract Tower,18,7,30,0,55,0,0,113,0,113,18,7,143,0,168,80,0,80,248
04/23/2017,BZN,MT,ANM,WE,Federal Contract Tower,22,4,11,0,37,0,0,13,2,15,22,4,24,2,52,0,0,0,52
04/24/2017,BZN,MT,ANM,WE,Federal Contract Tower,21,14,23,0,58,0,0,45,0,45,21,14,68,0,103,107,0,107,210
04/25/2017,BZN,MT,ANM,WE,Federal Contract Tower,20,16,8,1,45,0,2,5,6,13,20,18,13,7,58,44,0,44,102
04/26/2017,BZN,MT,ANM,WE,Federal Contract Tower,21,17,25,0,63,0,1,28,0,29,21,18,53,0,92,58,0,58,150
04/27/2017,BZN,MT,ANM,WE,Federal Contract Tower,22,15,14,0,51,0,0,6,0,6,22,15,20,0,57,8,0,8,65
04/28/2017,BZN,MT,ANM,WE,Federal Contract Tower,21,25,19,0,65,0,0,15,0,15,21,25,34,0,80,62,0,62,142
04/29/2017,BZN,MT,ANM,WE,Federal Contract Tower,16,7,20,0,43,0,0,61,4,65,16,7,81,4,108,26,0,26,134
04/30/2017,BZN,MT,ANM,WE,Federal Contract Tower,25,7,9,0,41,0,2,20,0,22,25,9,29,0,63,30,0,30,93
05/01/2017,BZN,MT,ANM,WE,Federal Contract Tower,24,6,37,0,67,0,0,63,0,63,24,6,100,0,130,120,0,120,250
05/02/2017,BZN,MT,ANM,WE,Federal Contract Tower,25,13,27,0,65,0,0,25,1,26,25,13,52,1,91,18,0,18,109
05/03/2017,BZN,MT,ANM,WE,Federal Contract Tower,24,18,35,1,78,0,0,111,2,113,24,18,146,3,191,163,0,163,354
05/04/2017,BZN,MT,ANM,WE,Federal Contract Tower,24,19,53,0,96,0,5,103,1,109,24,24,156,1,205,182,0,182,387
05/05/2017,BZN,MT,ANM,WE,Federal Contract Tower,30,25,34,0,89,0,1,109,0,110,30,26,143,0,199,156,0,156,355
05/06/2017,BZN,MT,ANM,WE,Federal Contract Tower,19,11,19,1,50,0,1,51,1,53,19,12,70,2,103,22,0,22,125
05/07/2017,BZN,MT,ANM,WE,Federal Contract Tower,28,10,13,0,51,0,8,15,0,23,28,18,28,0,74,0,0,0,74
05/08/2017,BZN,MT,ANM,WE,Federal Contract Tower,25,12,54,0,91,0,2,98,0,100,25,14,152,0,191,127,0,127,318
05/09/2017,BZN,MT,ANM,WE,Federal Contract Tower,27,18,39,0,84,0,0,73,0,73,27,18,112,0,157,86,0,86,243
05/10/2017,BZN,MT,ANM,WE,Federal Contract Tower,26,17,47,0,90,0,0,108,2,110,26,17,155,2,200,162,0,162,362
05/11/2017,BZN,MT,ANM,WE,Federal Contract Tower,29,13,45,6,93,0,2,109,2,113,29,15,154,8,206,162,2,164,370
05/12/2017,BZN,MT,ANM,WE,Federal Contract Tower,27,17,11,0,55,0,7,40,0,47,27,24,51,0,102,80,0,80,182
05/13/2017,BZN,MT,ANM,WE,Federal Contract Tower,22,5,6,0,33,0,0,4,0,4,22,5,10,0,37,8,0,8,45
05/14/2017,BZN,MT,ANM,WE,Federal Contract Tower,28,3,14,0,45,0,4,26,0,30,28,7,40,0,75,15,0,15,90
05/15/2017,BZN,MT,ANM,WE,Federal Contract Tower,25,12,30,0,67,0,0,49,1,50,25,12,79,1,117,99,0,99,216
05/16/2017,BZN,MT,ANM,WE,Federal Contract Tower,25,16,24,0,65,0,0,48,0,48,25,16,72,0,113,102,0,102,215
05/17/2017,BZN,MT,ANM,WE,Federal Contract Tower,25,31,18,0,74,0,0,0,0,0,25,31,18,0,74,0,0,0,74
05/18/2017,BZN,MT,ANM,WE,Federal Contract Tower,29,16,18,0,63,0,0,18,0,18,29,16,36,0,81,58,0,58,139
05/19/2017,BZN,MT,ANM,WE,Federal Contract Tower,28,18,35,0,81,0,0,98,0,98,28,18,133,0,179,116,0,116,295
05/20/2017,BZN,MT,ANM,WE,Federal Contract Tower,20,13,27,0,60,0,0,76,0,76,20,13,103,0,136,26,0,26,162
05/21/2017,BZN,MT,ANM,WE,Federal Contract Tower,25,9,10,2,46,0,0,45,0,45,25,9,55,2,91,24,0,24,115
05/22/2017,BZN,MT,ANM,WE,Federal Contract Tower,28,13,23,0,64,0,0,56,2,58,28,13,79,2,122,118,0,118,240
05/23/2017,BZN,MT,ANM,WE,Federal Contract Tower,26,15,29,0,70,0,1,135,2,138,26,16,164,2,208,139,0,139,347
05/24/2017,BZN,MT,ANM,WE,Federal Contract Tower,23,18,18,0,59,0,1,18,0,19,23,19,36,0,78,20,0,20,98
05/25/2017,BZN,MT,ANM,WE,Federal Contract Tower,28,16,15,0,59,0,0,24,2,26,28,16,39,2,85,54,0,54,139
05/26/2017,BZN,MT,ANM,WE,Federal Contract Tower,26,14,24,0,64,0,0,93,0,93,26,14,117,0,157,82,0,82,239
05/27/2017,BZN,MT,ANM,WE,Federal Contract Tower,20,12,14,1,47,0,1,75,0,76,20,13,89,1,123,14,0,14,137
05/28/2017,BZN,MT,ANM,WE,Federal Contract Tower,26,5,5,0,36,0,4,39,0,43,26,9,44,0,79,22,0,22,101
05/29/2017,BZN,MT,ANM,WE,Federal Contract Tower,27,12,13,0,52,0,2,78,0,80,27,14,91,0,132,45,0,45,177
05/30/2017,BZN,MT,ANM,WE,Federal Contract Tower,27,17,28,0,72,0,2,95,0,97,27,19,123,0,169,95,0,95,264
05/31/2017,BZN,MT,ANM,WE,Federal Contract Tower,23,20,24,0,67,0,3,59,0,62,23,23,83,0,129,142,0,142,271
06/01/2017,BZN,MT,ANM,WE,Federal Contract Tower,30,18,27,0,75,0,0,81,0,81,30,18,108,0,156,128,0,128,284
06/02/2017,BZN,MT,ANM,WE,Federal Contract Tower,30,10,22,0,62,0,0,95,0,95,30,10,117,0,157,118,0,118,275
06/03/2017,BZN,MT,ANM,WE,Federal Contract Tower,21,10,5,0,36,0,0,68,0,68,21,10,73,0,104,30,0,30,134
06/04/2017,BZN,MT,ANM,WE,Federal Contract Tower,29,6,11,0,46,0,2,30,0,32,29,8,41,0,78,18,0,18,96
06/05/2017,BZN,MT,ANM,WE,Federal Contract Tower,30,16,18,0,64,0,7,75,3,85,30,23,93,3,149,96,0,96,245
06/06/2017,BZN,MT,ANM,WE,Federal Contract Tower,31,15,15,0,61,0,2,88,0,90,31,17,103,0,151,135,0,135,286
06/07/2017,BZN,MT,ANM,WE,Federal Contract Tower,28,21,29,0,78,0,2,87,0,89,28,23,116,0,167,154,0,154,321
06/08/2017,BZN,MT,ANM,WE,Federal Contract Tower,40,18,21,0,79,0,1,74,0,75,40,19,95,0,154,138,0,138,292
06/09/2017,BZN,MT,ANM,WE,Federal Contract Tower,37,15,22,0,74,0,1,54,0,55,37,16,76,0,129,52,0,52,181
06/10/2017,BZN,MT,ANM,WE,Federal Contract Tower,39,11,13,0,63,0,0,20,0,20,39,11,33,0,83,24,0,24,107
06/11/2017,BZN,MT,ANM,WE,Federal Contract Tower,45,5,11,0,61,0,2,56,0,58,45,7,67,0,119,68,0,68,187
06/12/2017,BZN,MT,ANM,WE,Federal Contract Tower,37,10,31,0,78,0,0,45,0,45,37,10,76,0,123,90,0,90,213
06/13/2017,BZN,MT,ANM,WE,Federal Contract Tower,36,16,18,0,70,0,0,2,0,2,36,16,20,0,72,12,0,12,84
06/14/2017,BZN,MT,ANM,WE,Federal Contract Tower,38,14,25,0,77,0,2,96,0,98,38,16,121,0,175,116,0,116,291
06/15/2017,BZN,MT,ANM,WE,Federal Contract Tower,35,28,31,0,94,0,0,86,0,86,35,28,117,0,180,108,0,108,288
06/16/2017,BZN,MT,ANM,WE,Federal Contract Tower,40,22,14,1,77,0,2,41,0,43,40,24,55,1,120,72,0,72,192
06/17/2017,BZN,MT,ANM,WE,Federal Contract Tower,45,23,19,0,87,0,1,55,0,56,45,24,74,0,143,32,0,32,175
06/18/2017,BZN,MT,ANM,WE,Federal Contract Tower,37,11,19,0,67,0,1,40,0,41,37,12,59,0,108,10,0,10,118
06/19/2017,BZN,MT,ANM,WE,Federal Contract Tower,29,29,27,0,85,0,2,99,0,101,29,31,126,0,186,110,0,110,296
06/20/2017,BZN,MT,ANM,WE,Federal Contract Tower,37,24,24,2,87,0,4,75,0,79,37,28,99,2,166,94,0,94,260
06/21/2017,BZN,MT,ANM,WE,Federal Contract Tower,37,22,31,2,92,0,3,81,0,84,37,25,112,2,176,96,0,96,272
06/22/2017,BZN,MT,ANM,WE,Federal Contract Tower,37,26,26,1,90,0,3,86,0,89,37,29,112,1,179,112,0,112,291
06/23/2017,BZN,MT,ANM,WE,Federal Contract Tower,35,26,22,1,84,0,5,116,0,121,35,31,138,1,205,118,0,118,323
06/24/2017,BZN,MT,ANM,WE,Federal Contract Tower,43,23,28,0,94,0,1,64,0,65,43,24,92,0,159,10,0,10,169
06/25/2017,BZN,MT,ANM,WE,Federal Contract Tower,41,17,19,1,78,0,4,68,0,72,41,21,87,1,150,32,0,32,182
06/26/2017,BZN,MT,ANM,WE,Federal Contract Tower,31,21,26,0,78,0,2,47,0,49,31,23,73,0,127,14,0,14,141
06/27/2017,BZN,MT,ANM,WE,Federal Contract Tower,38,19,19,0,76,0,2,37,0,39,38,21,56,0,115,76,0,76,191
06/28/2017,BZN,MT,ANM,WE,Federal Contract Tower,34,24,38,0,96,0,5,63,0,68,34,29,101,0,164,34,0,34,198
06/29/2017,BZN,MT,ANM,WE,Federal Contract Tower,38,28,38,0,104,0,2,75,0,77,38,30,113,0,181,74,0,74,255
06/30/2017,BZN,MT,ANM,WE,Federal Contract Tower,37,31,53,0,121,0,0,126,0,126,37,31,179,0,247,78,0,78,325
07/01/2017,BZN,MT,ANM,WE,Federal Contract Tower,47,21,33,0,101,0,0,67,0,67,47,21,100,0,168,16,0,16,184
07/02/2017,BZN,MT,ANM,WE,Federal Contract Tower,51,23,30,0,104,0,0,34,0,34,51,23,64,0,138,18,0,18,156
07/03/2017,BZN,MT,ANM,WE,Federal Contract Tower,37,16,30,0,83,0,3,87,0,90,37,19,117,0,173,90,0,90,263
07/04/2017,BZN,MT,ANM,WE,Federal Contract Tower,34,7,19,0,60,0,0,79,0,79,34,7,98,0,139,26,0,26,165
07/05/2017,BZN,MT,ANM,WE,Federal Contract Tower,41,25,33,0,99,0,6,50,0,56,41,31,83,0,155,60,0,60,215
07/06/2017,BZN,MT,ANM,WE,Federal Contract Tower,53,23,39,0,115,0,3,93,0,96,53,26,132,0,211,118,0,118,329
07/07/2017,BZN,MT,ANM,WE,Federal Contract Tower,45,34,24,12,115,0,1,117,0,118,45,35,141,12,233,130,0,130,363
07/08/2017,BZN,MT,ANM,WE,Federal Contract Tower,53,24,25,0,102,0,8,69,0,77,53,32,94,0,179,30,0,30,209
07/09/2017,BZN,MT,ANM,WE,Federal Contract Tower,49,25,27,0,101,0,3,53,2,58,49,28,80,2,159,46,0,46,205
07/10/2017,BZN,MT,ANM,WE,Federal Contract Tower,44,17,21,0,82,0,0,64,0,64,44,17,85,0,146,100,0,100,246
07/11/2017,BZN,MT,ANM,WE,Federal Contract Tower,38,36,34,0,108,0,6,87,1,94,38,42,121,1,202,176,0,176,378
07/12/2017,BZN,MT,ANM,WE,Federal Contract Tower,37,26,42,0,105,0,4,124,0,128,37,30,166,0,233,110,0,110,343
07/13/2017,BZN,MT,ANM,WE,Federal Contract Tower,42,33,56,0,131,0,1,122,0,123,42,34,178,0,254,154,0,154,408
07/14/2017,BZN,MT,ANM,WE,Federal Contract Tower,41,24,26,6,97,0,5,104,4,113,41,29,130,10,210,100,0,100,310
07/15/2017,BZN,MT,ANM,WE,Federal Contract Tower,54,22,28,0,104,0,4,75,0,79,54,26,103,0,183,48,0,48,231
07/16/2017,BZN,MT,ANM,WE,Federal Contract Tower,51,28,40,4,123,0,0,49,0,49,51,28,89,4,172,46,0,46,218
07/17/2017,BZN,MT,ANM,WE,Federal Contract Tower,41,4,26,0,71,0,0,69,0,69,41,4,95,0,140,62,0,62,202
07/18/2017,BZN,MT,ANM,WE,Federal Contract Tower,38,15,34,0,87,0,3,100,0,103,38,18,134,0,190,46,0,46,236
07/19/2017,BZN,MT,ANM,WE,Federal Contract Tower,44,20,35,0,99,0,3,103,0,106,44,23,138,0,205,80,0,80,285
07/20/2017,BZN,MT,ANM,WE,Federal Contract Tower,45,23,38,0,106,0,1,123,0,124,45,24,161,0,230,116,0,116,346
07/21/2017,BZN,MT,ANM,WE,Federal Contract Tower,43,25,35,0,103,0,2,123,0,125,43,27,158,0,228,124,0,124,352
07/22/2017,BZN,MT,ANM,WE,Federal Contract Tower,54,20,28,0,102,0,2,58,0,60,54,22,86,0,162,0,0,0,162
07/23/2017,BZN,MT,ANM,WE,Federal Contract Tower,48,34,26,0,108,0,2,50,0,52,48,36,76,0,160,30,0,30,190
07/24/2017,BZN,MT,ANM,WE,Federal Contract Tower,37,17,33,0,87,0,6,109,0,115,37,23,142,0,202,100,0,100,302
07/25/2017,BZN,MT,ANM,WE,Federal Contract Tower,38,25,32,0,95,0,2,73,0,75,38,27,105,0,170,54,0,54,224
07/26/2017,BZN,MT,ANM,WE,Federal Contract Tower,43,24,46,0,113,0,4,71,0,75,43,28,117,0,188,112,0,112,300
07/27/2017,BZN,MT,ANM,WE,Federal Contract Tower,50,28,47,2,127,0,0,85,0,85,50,28,132,2,212,173,0,173,385
07/28/2017,BZN,MT,ANM,WE,Federal Contract Tower,45,32,40,0,117,0,2,106,0,108,45,34,146,0,225,92,0,92,317
07/29/2017,BZN,MT,ANM,WE,Federal Contract Tower,55,29,26,0,110,0,4,80,0,84,55,33,106,0,194,30,0,30,224
07/30/2017,BZN,MT,ANM,WE,Federal Contract Tower,44,23,37,0,104,0,3,88,0,91,44,26,125,0,195,48,0,48,243
07/31/2017,BZN,MT,ANM,WE,Federal Contract Tower,37,29,31,0,97,0,3,80,0,83,37,32,111,0,180,136,0,136,316
08/01/2017,BZN,MT,ANM,WE,Federal Contract Tower,41,40,28,0,109,0,1,73,0,74,41,41,101,0,183,94,0,94,277
08/02/2017,BZN,MT,ANM,WE,Federal Contract Tower,46,30,35,0,111,0,2,87,0,89,46,32,122,0,200,112,0,112,312
08/03/2017,BZN,MT,ANM,WE,Federal Contract Tower,43,26,31,0,100,0,1,97,0,98,43,27,128,0,198,90,0,90,288
08/04/2017,BZN,MT,ANM,WE,Federal Contract Tower,45,27,27,0,99,0,2,99,0,101,45,29,126,0,200,84,0,84,284
08/05/2017,BZN,MT,ANM,WE,Federal Contract Tower,54,19,18,0,91,0,9,69,0,78,54,28,87,0,169,10,0,10,179
08/06/2017,BZN,MT,ANM,WE,Federal Contract Tower,51,34,21,0,106,0,2,64,0,66,51,36,85,0,172,52,0,52,224
08/07/2017,BZN,MT,ANM,WE,Federal Contract Tower,40,25,31,0,96,0,2,69,0,71,40,27,100,0,167,68,0,68,235
08/08/2017,BZN,MT,ANM,WE,Federal Contract Tower,39,35,36,0,110,0,2,84,0,86,39,37,120,0,196,96,0,96,292
08/09/2017,BZN,MT,ANM,WE,Federal Contract Tower,45,23,40,0,108,0,2,80,2,84,45,25,120,2,192,124,0,124,316
08/10/2017,BZN,MT,ANM,WE,Federal Contract Tower,44,27,34,0,105,0,2,59,0,61,44,29,93,0,166,76,0,76,242
08/11/2017,BZN,MT,ANM,WE,Federal Contract Tower,43,36,34,0,113,0,0,77,0,77,43,36,111,0,190,142,0,142,332
08/12/2017,BZN,MT,ANM,WE,Federal Contract Tower,55,24,13,3,95,0,2,40,3,45,55,26,53,6,140,12,0,12,152
08/13/2017,BZN,MT,ANM,WE,Federal Contract Tower,49,22,29,1,101,0,0,17,1,18,49,22,46,2,119,26,0,26,145
08/14/2017,BZN,MT,ANM,WE,Federal Contract Tower,40,17,26,1,84,0,0,45,0,45,40,17,71,1,129,132,0,132,261
08/15/2017,BZN,MT,ANM,WE,Federal Contract Tower,39,23,26,1,89,0,6,64,3,73,39,29,90,4,162,84,0,84,246
08/16/2017,BZN,MT,ANM,WE,Federal Contract Tower,41,28,34,0,103,0,2,93,0,95,41,30,127,0,198,78,0,78,276
08/17/2017,BZN,MT,ANM,WE,Federal Contract Tower,45,29,26,2,102,0,3,72,0,75,45,32,98,2,177,68,0,68,245
08/18/2017,BZN,MT,ANM,WE,Federal Contract Tower,31,23,32,0,86,0,0,62,0,62,31,23,94,0,148,82,0,82,230
08/19/2017,BZN,MT,ANM,WE,Federal Contract Tower,55,26,31,0,112,0,4,51,0,55,55,30,82,0,167,34,0,34,201
08/20/2017,BZN,MT,ANM,WE,Federal Contract Tower,41,38,28,0,107,0,1,34,0,35,41,39,62,0,142,18,0,18,160
08/21/2017,BZN,MT,ANM,WE,Federal Contract Tower,33,36,35,0,104,0,2,99,0,101,33,38,134,0,205,74,0,74,279
08/22/2017,BZN,MT,ANM,WE,Federal Contract Tower,37,39,24,0,100,0,2,59,3,64,37,41,83,3,164,42,0,42,206
08/23/2017,BZN,MT,ANM,WE,Federal Contract Tower,41,33,29,0,103,0,1,93,0,94,41,34,122,0,197,94,0,94,291
08/24/2017,BZN,MT,ANM,WE,Federal Contract Tower,44,34,36,4,118,0,1,60,0,61,44,35,96,4,179,76,0,76,255
08/25/2017,BZN,MT,ANM,WE,Federal Contract Tower,35,28,31,0,94,0,3,54,0,57,35,31,85,0,151,38,0,38,189
08/26/2017,BZN,MT,ANM,WE,Federal Contract Tower,43,15,30,0,88,0,2,49,0,51,43,17,79,0,139,40,0,40,179
08/27/2017,BZN,MT,ANM,WE,Federal Contract Tower,45,22,24,0,91,0,0,37,0,37,45,22,61,0,128,10,0,10,138
08/28/2017,BZN,MT,ANM,WE,Federal Contract Tower,39,11,22,2,74,0,0,67,0,67,39,11,89,2,141,88,0,88,229
08/29/2017,BZN,MT,ANM,WE,Federal Contract Tower,38,20,19,0,77,0,0,42,0,42,38,20,61,0,119,90,0,90,209
08/30/2017,BZN,MT,ANM,WE,Federal Contract Tower,35,21,19,0,75,0,2,66,0,68,35,23,85,0,143,48,0,48,191
08/31/2017,BZN,MT,ANM,WE,Federal Contract Tower,39,21,21,0,81,0,0,91,0,91,39,21,112,0,172,28,0,28,200
09/01/2017,BZN,MT,ANM,WE,Federal Contract Tower,39,19,29,0,87,0,6,127,0,133,39,25,156,0,220,72,0,72,292
09/02/2017,BZN,MT,ANM,WE,Federal Contract Tower,34,18,21,0,73,0,4,48,0,52,34,22,69,0,125,28,0,28,153
09/03/2017,BZN,MT,ANM,WE,Federal Contract Tower,32,17,7,0,56,0,4,9,0,13,32,21,16,0,69,16,0,16,85
09/04/2017,BZN,MT,ANM,WE,Federal Contract Tower,33,16,32,0,81,0,1,61,0,62,33,17,93,0,143,32,0,32,175
09/05/2017,BZN,MT,ANM,WE,Federal Contract Tower,37,28,25,0,90,0,0,71,0,71,37,28,96,0,161,44,0,44,205
09/06/2017,BZN,MT,ANM,WE,Federal Contract Tower,36,20,25,0,81,0,0,109,2,111,36,20,134,2,192,80,0,80,272
09/07/2017,BZN,MT,ANM,WE,Federal Contract Tower,43,19,31,0,93,0,4,65,1,70,43,23,96,1,163,54,0,54,217
09/08/2017,BZN,MT,ANM,WE,Federal Contract Tower,36,21,32,0,89,0,0,112,0,112,36,21,144,0,201,82,4,86,287
09/09/2017,BZN,MT,ANM,WE,Federal Contract Tower,27,21,13,0,61,0,7,47,0,54,27,28,60,0,115,48,0,48,163
09/10/2017,BZN,MT,ANM,WE,Federal Contract Tower,42,8,24,0,74,0,6,48,0,54,42,14,72,0,128,12,0,12,140
09/11/2017,BZN,MT,ANM,WE,Federal Contract Tower,29,15,43,0,87,0,4,99,0,103,29,19,142,0,190,76,0,76,266
09/12/2017,BZN,MT,ANM,WE,Federal Contract Tower,37,22,27,0,86,0,1,119,0,120,37,23,146,0,206,82,0,82,288
09/13/2017,BZN,MT,ANM,WE,Federal Contract Tower,34,20,40,0,94,0,6,74,0,80,34,26,114,0,174,82,0,82,256
09/14/2017,BZN,MT,ANM,WE,Federal Contract Tower,40,26,26,0,92,0,0,23,0,23,40,26,49,0,115,26,0,26,141
09/15/2017,BZN,MT,ANM,WE,Federal Contract Tower,34,26,28,0,88,0,0,0,0,0,34,26,28,0,88,0,0,0,88
09/16/2017,BZN,MT,ANM,WE,Federal Contract Tower,39,9,11,0,59,0,2,18,0,20,39,11,29,0,79,10,0,10,89
09/17/2017,BZN,MT,ANM,WE,Federal Contract Tower,46,11,33,0,90,0,2,56,0,58,46,13,89,0,148,34,0,34,182
09/18/2017,BZN,MT,ANM,WE,Federal Contract Tower,35,12,18,0,65,0,3,63,0,66,35,15,81,0,131,112,0,112,243
09/19/2017,BZN,MT,ANM,WE,Federal Contract Tower,35,24,13,0,72,0,0,12,0,12,35,24,25,0,84,26,0,26,110
09/20/2017,BZN,MT,ANM,WE,Federal Contract Tower,37,16,32,0,85,0,0,47,0,47,37,16,79,0,132,36,0,36,168
09/21/2017,BZN,MT,ANM,WE,Federal Contract Tower,39,19,33,0,91,0,0,60,0,60,39,19,93,0,151,102,0,102,253
09/22/2017,BZN,MT,ANM,WE,Federal Contract Tower,39,20,20,0,79,0,2,4,0,6,39,22,24,0,85,0,0,0,85
09/23/2017,BZN,MT,ANM,WE,Federal Contract Tower,34,20,7,2,63,0,2,14,0,16,34,22,21,2,79,8,0,8,87
09/24/2017,BZN,MT,ANM,WE,Federal Contract Tower,39,14,11,0,64,0,0,35,0,35,39,14,46,0,99,20,0,20,119
09/25/2017,BZN,MT,ANM,WE,Federal Contract Tower,34,12,11,0,57,0,2,106,4,112,34,14,117,4,169,96,4,100,269
09/26/2017,BZN,MT,ANM,WE,Federal Contract Tower,38,17,31,0,86,0,7,94,0,101,38,24,125,0,187,98,0,98,285
09/27/2017,BZN,MT,ANM,WE,Federal Contract Tower,35,22,29,0,86,0,4,125,0,129,35,26,154,0,215,78,0,78,293
09/28/2017,BZN,MT,ANM,WE,Federal Contract Tower,40,18,21,0,79,0,2,125,0,127,40,20,146,0,206,128,0,128,334
09/29/2017,BZN,MT,ANM,WE,Federal Contract Tower,39,18,19,0,76,0,1,115,2,118,39,19,134,2,194,84,0,84,278
09/30/2017,BZN,MT,ANM,WE,Federal Contract Tower,32,18,24,0,74,0,15,51,0,66,32,33,75,0,140,42,0,42,182
10/01/2017,BZN,MT,ANM,WE,Federal Contract Tower,44,11,14,0,69,0,4,12,0,16,44,15,26,0,85,0,0,0,85
10/02/2017,BZN,MT,ANM,WE,Federal Contract Tower,32,12,16,0,60,0,0,45,0,45,32,12,61,0,105,130,0,130,235
10/03/2017,BZN,MT,ANM,WE,Federal Contract Tower,36,18,14,0,68,0,0,21,0,21,36,18,35,0,89,60,0,60,149
10/04/2017,BZN,MT,ANM,WE,Federal Contract Tower,33,21,24,0,78,0,2,72,0,74,33,23,96,0,152,90,0,90,242
10/05/2017,BZN,MT,ANM,WE,Federal Contract Tower,27,15,25,0,67,0,4,56,0,60,27,19,81,0,127,106,0,106,233
10/06/2017,BZN,MT,ANM,WE,Federal Contract Tower,37,29,27,0,93,0,0,94,2,96,37,29,121,2,189,122,0,122,311
10/07/2017,BZN,MT,ANM,WE,Federal Contract Tower,29,16,10,0,55,0,1,20,0,21,29,17,30,0,76,24,0,24,100
10/08/2017,BZN,MT,ANM,WE,Federal Contract Tower,24,18,17,0,59,0,0,22,0,22,24,18,39,0,81,46,0,46,127
10/09/2017,BZN,MT,ANM,WE,Federal Contract Tower,28,11,24,0,63,0,2,98,0,100,28,13,122,0,163,126,0,126,289
10/10/2017,BZN,MT,ANM,WE,Federal Contract Tower,26,20,20,0,66,0,5,75,0,80,26,25,95,0,146,80,0,80,226
10/11/2017,BZN,MT,ANM,WE,Federal Contract Tower,26,16,26,0,68,0,2,54,0,56,26,18,80,0,124,100,0,100,224
10/12/2017,BZN,MT,ANM,WE,Federal Contract Tower,28,20,33,0,81,0,5,18,0,23,28,25,51,0,104,14,0,14,118
10/13/2017,BZN,MT,ANM,WE,Federal Contract Tower,30,21,19,0,70,0,1,48,0,49,30,22,67,0,119,114,0,114,233
10/14/2017,BZN,MT,ANM,WE,Federal Contract Tower,28,12,13,0,53,0,5,33,0,38,28,17,46,0,91,46,0,46,137
10/15/2017,BZN,MT,ANM,WE,Federal Contract Tower,26,19,10,0,55,0,6,57,0,63,26,25,67,0,118,46,0,46,164
10/16/2017,BZN,MT,ANM,WE,Federal Contract Tower,24,19,16,2,61,0,2,92,4,98,24,21,108,6,159,170,0,170,329
10/17/2017,BZN,MT,ANM,WE,Federal Contract Tower,27,17,15,2,61,0,1,53,0,54,27,18,68,2,115,156,0,156,271
10/18/2017,BZN,MT,ANM,WE,Federal Contract Tower,27,19,22,0,68,0,0,67,0,67,27,19,89,0,135,76,0,76,211
10/19/2017,BZN,MT,ANM,WE,Federal Contract Tower,27,20,35,0,82,0,4,92,0,96,27,24,127,0,178,114,0,114,292
10/20/2017,BZN,MT,ANM,WE,Federal Contract Tower,23,18,23,0,64,0,2,39,0,41,23,20,62,0,105,42,0,42,147
10/21/2017,BZN,MT,ANM,WE,Federal Contract Tower,29,9,7,0,45,0,0,35,0,35,29,9,42,0,80,36,0,36,116
10/22/2017,BZN,MT,ANM,WE,Federal Contract Tower,28,15,13,0,56,0,0,1,0,1,28,15,14,0,57,0,0,0,57
10/23/2017,BZN,MT,ANM,WE,Federal Contract Tower,26,17,15,1,59,0,2,80,0,82,26,19,95,1,141,150,8,158,299
10/24/2017,BZN,MT,ANM,WE,Federal Contract Tower,25,19,28,0,72,0,4,124,0,128,25,23,152,0,200,88,0,88,288
10/25/2017,BZN,MT,ANM,WE,Federal Contract Tower,25,14,12,0,51,0,2,77,0,79,25,16,89,0,130,96,0,96,226
10/26/2017,BZN,MT,ANM,WE,Federal Contract Tower,32,16,22,0,70,0,1,76,0,77,32,17,98,0,147,144,0,144,291
10/27/2017,BZN,MT,ANM,WE,Federal Contract Tower,27,14,21,0,62,0,1,78,0,79,27,15,99,0,141,108,0,108,249
10/28/2017,BZN,MT,ANM,WE,Federal Contract Tower,26,10,11,0,47,0,6,99,0,105,26,16,110,0,152,90,0,90,242
10/29/2017,BZN,MT,ANM,WE,Federal Contract Tower,27,12,11,0,50,0,2,11,4,17,27,14,22,4,67,22,0,22,89
10/30/2017,BZN,MT,ANM,WE,Federal Contract Tower,23,19,12,0,54,0,0,98,0,98,23,19,110,0,152,156,0,156,308
10/31/2017,BZN,MT,ANM,WE,Federal Contract Tower,21,13,11,0,45,0,0,60,0,60,21,13,71,0,105,130,0,130,235
11/01/2017,BZN,MT,ANM,WE,Federal Contract Tower,26,18,12,0,56,0,0,0,0,0,26,18,12,0,56,0,0,0,56
11/02/2017,BZN,MT,ANM,WE,Federal Contract Tower,26,24,10,0,60,0,0,1,0,1,26,24,11,0,61,0,0,0,61
11/03/2017,BZN,MT,ANM,WE,Federal Contract Tower,21,24,13,1,59,0,0,0,0,0,21,24,13,1,59,0,0,0,59
11/04/2017,BZN,MT,ANM,WE,Federal Contract Tower,20,18,7,1,46,0,6,1,0,7,20,24,8,1,53,0,0,0,53
11/05/2017,BZN,MT,ANM,WE,Federal Contract Tower,24,10,13,0,47,0,0,9,0,9,24,10,22,0,56,10,0,10,66
11/06/2017,BZN,MT,ANM,WE,Federal Contract Tower,18,27,15,0,60,0,0,13,0,13,18,27,28,0,73,0,0,0,73
11/07/2017,BZN,MT,ANM,WE,Federal Contract Tower,20,20,19,0,59,0,0,60,0,60,20,20,79,0,119,80,0,80,199
11/08/2017,BZN,MT,ANM,WE,Federal Contract Tower,22,20,28,0,70,0,3,90,0,93,22,23,118,0,163,200,0,200,363
11/09/2017,BZN,MT,ANM,WE,Federal Contract Tower,21,17,18,2,58,0,1,46,0,47,21,18,64,2,105,118,0,118,223
11/10/2017,BZN,MT,ANM,WE,Federal Contract Tower,26,15,13,0,54,0,7,78,0,85,26,22,91,0,139,148,0,148,287
11/11/2017,BZN,MT,ANM,WE,Federal Contract Tower,16,15,5,0,36,0,0,33,0,33,16,15,38,0,69,78,0,78,147
11/12/2017,BZN,MT,ANM,WE,Federal Contract Tower,21,6,19,0,46,0,3,34,0,37,21,9,53,0,83,36,0,36,119
11/13/2017,BZN,MT,ANM,WE,Federal Contract Tower,18,20,23,0,61,0,2,99,0,101,18,22,122,0,162,150,0,150,312
11/14/2017,BZN,MT,ANM,WE,Federal Contract Tower,20,19,15,0,54,0,0,53,0,53,20,19,68,0,107,102,0,102,209
11/15/2017,BZN,MT,ANM,WE,Federal Contract Tower,22,16,29,0,67,0,6,110,0,116,22,22,139,0,183,130,0,130,313
11/16/2017,BZN,MT,ANM,WE,Federal Contract Tower,25,18,16,0,59,0,1,30,0,31,25,19,46,0,90,28,0,28,118
11/17/2017,BZN,MT,ANM,WE,Federal Contract Tower,24,22,36,0,82,0,0,47,0,47,24,22,83,0,129,56,0,56,185
11/18/2017,BZN,MT,ANM,WE,Federal Contract Tower,17,21,20,2,60,0,3,54,0,57,17,24,74,2,117,24,0,24,141
11/19/2017,BZN,MT,ANM,WE,Federal Contract Tower,19,16,14,0,49,0,2,38,0,40,19,18,52,0,89,10,0,10,99
11/20/2017,BZN,MT,ANM,WE,Federal Contract Tower,19,20,8,0,47,1,0,16,0,17,20,20,24,0,64,76,8,84,148
11/21/2017,BZN,MT,ANM,WE,Federal Contract Tower,22,26,25,0,73,0,6,67,0,73,22,32,92,0,146,118,0,118,264
11/22/2017,BZN,MT,ANM,WE,Federal Contract Tower,28,28,33,0,89,0,3,53,0,56,28,31,86,0,145,72,0,72,217
11/23/2017,BZN,MT,ANM,WE,Federal Contract Tower,13,16,11,0,40,0,0,9,0,9,13,16,20,0,49,0,0,0,49
11/24/2017,BZN,MT,ANM,WE,Federal Contract Tower,18,15,15,0,48,0,4,38,0,42,18,19,53,0,90,14,0,14,104
11/25/2017,BZN,MT,ANM,WE,Federal Contract Tower,24,26,9,0,59,0,6,32,0,38,24,32,41,0,97,58,0,58,155
11/26/2017,BZN,MT,ANM,WE,Federal Contract Tower,28,18,40,0,86,0,0,20,0,20,28,18,60,0,106,0,0,0,106
11/27/2017,BZN,MT,ANM,WE,Federal Contract Tower,15,21,23,0,59,0,0,24,0,24,15,21,47,0,83,74,0,74,157
11/28/2017,BZN,MT,ANM,WE,Federal Contract Tower,21,23,28,0,72,0,4,100,0,104,21,27,128,0,176,162,0,162,338
11/29/2017,BZN,MT,ANM,WE,Federal Contract Tower,21,18,11,0,50,0,2,15,2,19,21,20,26,2,69,38,0,38,107
11/30/2017,BZN,MT,ANM,WE,Federal Contract Tower,25,12,8,6,51,0,3,92,1,96,25,15,100,7,147,184,0,184,331
12/01/2017,BZN,MT,ANM,WE,Federal Contract Tower,22,16,28,0,66,0,1,76,0,77,22,17,104,0,143,106,0,106,249
12/02/2017,BZN,MT,ANM,WE,Federal Contract Tower,15,8,12,0,35,0,1,32,0,33,15,9,44,0,68,22,0,22,90
12/03/2017,BZN,MT,ANM,WE,Federal Contract Tower,19,10,6,0,35,0,0,0,0,0,19,10,6,0,35,0,0,0,35
12/04/2017,BZN,MT,ANM,WE,Federal Contract Tower,20,16,19,1,56,0,1,19,0,20,20,17,38,1,76,56,0,56,132
12/05/2017,BZN,MT,ANM,WE,Federal Contract Tower,22,12,27,0,61,0,0,70,0,70,22,12,97,0,131,82,0,82,213
12/06/2017,BZN,MT,ANM,WE,Federal Contract Tower,26,13,28,0,67,0,7,90,0,97,26,20,118,0,164,146,0,146,310
12/07/2017,BZN,MT,ANM,WE,Federal Contract Tower,21,14,19,0,54,0,4,75,0,79,21,18,94,0,133,70,0,70,203
12/08/2017,BZN,MT,ANM,WE,Federal Contract Tower,20,14,19,0,53,0,1,94,0,95,20,15,113,0,148,120,0,120,268
12/09/2017,BZN,MT,ANM,WE,Federal Contract Tower,15,17,29,1,62,0,2,45,0,47,15,19,74,1,109,54,0,54,163
12/10/2017,BZN,MT,ANM,WE,Federal Contract Tower,22,13,15,1,51,0,0,32,2,34,22,13,47,3,85,30,0,30,115
12/11/2017,BZN,MT,ANM,WE,Federal Contract Tower,23,16,21,0,60,0,7,72,0,79,23,23,93,0,139,148,0,148,287
12/12/2017,BZN,MT,ANM,WE,Federal Contract Tower,22,16,22,0,60,0,3,59,0,62,22,19,81,0,122,93,0,93,215
12/13/2017,BZN,MT,ANM,WE,Federal Contract Tower,25,14,19,0,58,0,0,10,0,10,25,14,29,0,68,52,0,52,120
12/14/2017,BZN,MT,ANM,WE,Federal Contract Tower,1,1,2,0,4,0,0,0,0,0,1,1,2,0,4,0,0,0,4
12/15/2017,BZN,MT,ANM,WE,Federal Contract Tower,35,27,44,0,106,0,1,78,0,79,35,28,122,0,185,88,0,88,273
12/16/2017,BZN,MT,ANM,WE,Federal Contract Tower,23,23,10,0,56,0,0,0,0,0,23,23,10,0,56,0,0,0,56
12/17/2017,BZN,MT,ANM,WE,Federal Contract Tower,25,36,37,0,98,0,2,27,0,29,25,38,64,0,127,22,0,22,149
12/18/2017,BZN,MT,ANM,WE,Federal Contract Tower,29,33,30,0,92,0,0,14,0,14,29,33,44,0,106,46,0,46,152
12/19/2017,BZN,MT,ANM,WE,Federal Contract Tower,26,28,35,0,89,0,2,27,1,30,26,30,62,1,119,173,0,173,292
12/20/2017,BZN,MT,ANM,WE,Federal Contract Tower,29,21,25,0,75,0,0,1,0,1,29,21,26,0,76,0,0,0,76
12/21/2017,BZN,MT,ANM,WE,Federal Contract Tower,47,47,34,2,130,0,3,45,3,51,47,50,79,5,181,58,0,58,239
12/22/2017,BZN,MT,ANM,WE,Federal Contract Tower,42,51,41,0,134,0,0,0,0,0,42,51,41,0,134,0,0,0,134
12/23/2017,BZN,MT,ANM,WE,Federal Contract Tower,41,53,32,0,126,0,1,12,0,13,41,54,44,0,139,6,0,6,145
12/24/2017,BZN,MT,ANM,WE,Federal Contract Tower,39,23,9,0,71,0,0,17,0,17,39,23,26,0,88,0,0,0,88
12/25/2017,BZN,MT,ANM,WE,Federal Contract Tower,33,26,9,0,68,0,0,0,0,0,33,26,9,0,68,0,0,0,68
12/26/2017,BZN,MT,ANM,WE,Federal Contract Tower,44,61,71,0,176,0,4,14,0,18,44,65,85,0,194,0,0,0,194
12/27/2017,BZN,MT,ANM,WE,Federal Contract Tower,45,73,46,0,164,0,2,23,0,25,45,75,69,0,189,0,0,0,189
12/28/2017,BZN,MT,ANM,WE,Federal Contract Tower,44,41,38,0,123,0,1,31,0,32,44,42,69,0,155,24,0,24,179
12/29/2017,BZN,MT,ANM,WE,Federal Contract Tower,43,44,26,0,113,0,2,0,0,2,43,46,26,0,115,0,0,0,115
12/30/2017,BZN,MT,ANM,WE,Federal Contract Tower,47,41,23,0,111,0,2,4,0,6,47,43,27,0,117,0,0,0,117
12/31/2017,BZN,MT,ANM,WE,Federal Contract Tower,38,47,19,0,104,0,4,26,0,30,38,51,45,0,134,22,0,22,156
01/01/2018,BZN,MT,ANM,WE,Federal Contract Tower,44,47,33,0,124,0,0,28,0,28,44,47,61,0,152,14,0,14,166
01/02/2018,BZN,MT,ANM,WE,Federal Contract Tower,45,71,68,0,184,0,0,54,2,56,45,71,122,2,240,22,4,26,266
01/03/2018,BZN,MT,ANM,WE,Federal Contract Tower,33,43,40,0,116,0,1,27,0,28,33,44,67,0,144,42,0,42,186
01/04/2018,BZN,MT,ANM,WE,Federal Contract Tower,35,35,21,0,91,0,0,24,0,24,35,35,45,0,115,34,0,34,149
01/05/2018,BZN,MT,ANM,WE,Federal Contract Tower,31,37,55,0,123,0,0,48,0,48,31,37,103,0,171,62,0,62,233
01/06/2018,BZN,MT,ANM,WE,Federal Contract Tower,37,35,15,0,87,0,0,17,0,17,37,35,32,0,104,48,0,48,152
01/07/2018,BZN,MT,ANM,WE,Federal Contract Tower,45,24,31,0,100,0,4,31,0,35,45,28,62,0,135,22,0,22,157
01/08/2018,BZN,MT,ANM,WE,Federal Contract Tower,25,23,23,0,71,0,2,22,0,24,25,25,45,0,95,22,0,22,117
01/09/2018,BZN,MT,ANM,WE,Federal Contract Tower,24,29,37,0,90,0,0,64,0,64,24,29,101,0,154,80,0,80,234
01/10/2018,BZN,MT,ANM,WE,Federal Contract Tower,22,36,17,0,75,0,2,5,0,7,22,38,22,0,82,0,0,0,82
01/11/2018,BZN,MT,ANM,WE,Federal Contract Tower,28,38,59,0,125,0,0,33,2,35,28,38,92,2,160,34,0,34,194
01/12/2018,BZN,MT,ANM,WE,Federal Contract Tower,24,63,55,0,142,0,1,12,1,14,24,64,67,1,156,26,0,26,182
01/13/2018,BZN,MT,ANM,WE,Federal Contract Tower,35,26,19,0,80,0,1,31,0,32,35,27,50,0,112,28,0,28,140
01/14/2018,BZN,MT,ANM,WE,Federal Contract Tower,19,39,21,0,79,0,5,37,0,42,19,44,58,0,121,32,0,32,153
01/15/2018,BZN,MT,ANM,WE,Federal Contract Tower,27,68,73,0,168,0,2,86,0,88,27,70,159,0,256,36,0,36,292
01/16/2018,BZN,MT,ANM,WE,Federal Contract Tower,22,31,31,0,84,0,1,104,0,105,22,32,135,0,189,114,0,114,303
01/17/2018,BZN,MT,ANM,WE,Federal Contract Tower,20,33,18,0,71,0,4,86,0,90,20,37,104,0,161,122,0,122,283
01/18/2018,BZN,MT,ANM,WE,Federal Contract Tower,20,33,28,0,81,0,2,71,4,77,20,35,99,4,158,180,0,180,338
01/19/2018,BZN,MT,ANM,WE,Federal Contract Tower,19,37,20,0,76,0,2,2,0,4,19,39,22,0,80,6,0,6,86
01/20/2018,BZN,MT,ANM,WE,Federal Contract Tower,36,22,10,0,68,0,0,56,0,56,36,22,66,0,124,30,0,30,154
01/21/2018,BZN,MT,ANM,WE,Federal Contract Tower,25,34,20,0,79,0,3,43,0,46,25,37,63,0,125,58,0,58,183
01/22/2018,BZN,MT,ANM,WE,Federal Contract Tower,24,25,29,0,78,0,1,54,0,55,24,26,83,0,133,122,0,122,255
01/23/2018,BZN,MT,ANM,WE,Federal Contract Tower,24,29,30,1,84,0,9,88,0,97,24,38,118,1,181,172,0,172,353
01/24/2018,BZN,MT,ANM,WE,Federal Contract Tower,20,37,40,0,97,0,1,90,0,91,20,38,130,0,188,176,0,176,364
01/25/2018,BZN,MT,ANM,WE,Federal Contract Tower,20,34,22,0,76,0,1,46,0,47,20,35,68,0,123,92,0,92,215
01/26/2018,BZN,MT,ANM,WE,Federal Contract Tower,25,42,36,0,103,0,0,52,1,53,25,42,88,1,156,34,0,34,190
01/27/2018,BZN,MT,ANM,WE,Federal Contract Tower,35,18,5,0,58,0,5,34,0,39,35,23,39,0,97,58,0,58,155
01/28/2018,BZN,MT,ANM,WE,Federal Contract Tower,25,41,40,0,106,0,3,31,0,34,25,44,71,0,140,44,0,44,184
01/29/2018,BZN,MT,ANM,WE,Federal Contract Tower,26,26,28,1,81,0,2,89,1,92,26,28,117,2,173,188,0,188,361
01/30/2018,BZN,MT,ANM,WE,Federal Contract Tower,21,29,12,0,62,0,0,4,0,4,21,29,16,0,66,0,0,0,66
01/31/2018,BZN,MT,ANM,WE,Federal Contract Tower,24,36,19,0,79,0,2,72,0,74,24,38,91,0,153,118,0,118,271
02/01/2018,BZN,MT,ANM,WE,Federal Contract Tower,30,41,30,0,101,0,4,99,0,103,30,45,129,0,204,150,0,150,354
02/02/2018,BZN,MT,ANM,WE,Federal Contract Tower,18,42,31,0,91,0,0,38,0,38,18,42,69,0,129,70,0,70,199
02/03/2018,BZN,MT,ANM,WE,Federal Contract Tower,37,29,10,0,76,0,1,9,0,10,37,30,19,0,86,6,0,6,92
02/04/2018,BZN,MT,ANM,WE,Federal Contract Tower,24,34,15,0,73,0,1,11,0,12,24,35,26,0,85,0,0,0,85
02/05/2018,BZN,MT,ANM,WE,Federal Contract Tower,27,46,40,0,113,0,0,4,0,4,27,46,44,0,117,4,0,4,121
02/06/2018,BZN,MT,ANM,WE,Federal Contract Tower,21,28,30,0,79,0,0,3,0,3,21,28,33,0,82,0,0,0,82
02/07/2018,BZN,MT,ANM,WE,Federal Contract Tower,19,41,40,0,100,0,3,33,0,36,19,44,73,0,136,126,0,126,262
02/08/2018,BZN,MT,ANM,WE,Federal Contract Tower,24,41,33,0,98,0,0,51,0,51,24,41,84,0,149,120,0,120,269
02/09/2018,BZN,MT,ANM,WE,Federal Contract Tower,23,45,41,0,109,0,0,7,0,7,23,45,48,0,116,0,0,0,116
02/10/2018,BZN,MT,ANM,WE,Federal Contract Tower,37,26,21,0,84,0,2,63,0,65,37,28,84,0,149,98,0,98,247
02/11/2018,BZN,MT,ANM,WE,Federal Contract Tower,25,54,31,0,110,0,0,32,0,32,25,54,63,0,142,30,0,30,172
02/12/2018,BZN,MT,ANM,WE,Federal Contract Tower,25,26,35,0,86,0,2,77,0,79,25,28,112,0,165,110,0,110,275
02/13/2018,BZN,MT,ANM,WE,Federal Contract Tower,23,31,21,0,75,0,2,96,0,98,23,33,117,0,173,144,0,144,317
02/14/2018,BZN,MT,ANM,WE,Federal Contract Tower,20,37,22,0,79,0,0,30,0,30,20,37,52,0,109,16,0,16,125
02/15/2018,BZN,MT,ANM,WE,Federal Contract Tower,37,55,62,0,154,0,2,29,0,31,37,57,91,0,185,24,0,24,209
02/16/2018,BZN,MT,ANM,WE,Federal Contract Tower,33,92,75,2,202,0,0,13,0,13,33,92,88,2,215,48,0,48,263
02/17/2018,BZN,MT,ANM,WE,Federal Contract Tower,34,40,31,0,105,0,3,9,0,12,34,43,40,0,117,0,0,0,117
02/18/2018,BZN,MT,ANM,WE,Federal Contract Tower,33,40,26,0,99,0,0,3,0,3,33,40,29,0,102,0,0,0,102
02/19/2018,BZN,MT,ANM,WE,Federal Contract Tower,34,75,72,0,181,0,2,9,0,11,34,77,81,0,192,8,0,8,200
02/20/2018,BZN,MT,ANM,WE,Federal Contract Tower,33,65,51,0,149,0,3,65,0,68,33,68,116,0,217,74,0,74,291
02/21/2018,BZN,MT,ANM,WE,Federal Contract Tower,31,35,26,0,92,0,3,81,0,84,31,38,107,0,176,149,0,149,325
02/22/2018,BZN,MT,ANM,WE,Federal Contract Tower,28,43,48,1,120,0,1,66,0,67,28,44,114,1,187,80,0,80,267
02/23/2018,BZN,MT,ANM,WE,Federal Contract Tower,27,38,42,0,107,0,2,68,0,70,27,40,110,0,177,114,0,114,291
02/24/2018,BZN,MT,ANM,WE,Federal Contract Tower,40,35,19,0,94,0,0,17,0,17,40,35,36,0,111,10,0,10,121
02/25/2018,BZN,MT,ANM,WE,Federal Contract Tower,34,46,50,0,130,0,2,5,0,7,34,48,55,0,137,6,0,6,143
02/26/2018,BZN,MT,ANM,WE,Federal Contract Tower,31,24,30,0,85,0,0,4,0,4,31,24,34,0,89,0,0,0,89
02/27/2018,BZN,MT,ANM,WE,Federal Contract Tower,29,20,38,0,87,0,2,102,0,104,29,22,140,0,191,153,0,153,344
02/28/2018,BZN,MT,ANM,WE,Federal Contract Tower,28,38,48,0,114,0,1,96,0,97,28,39,144,0,211,72,0,72,283
03/01/2018,BZN,MT,ANM,WE,Federal Contract Tower,24,33,49,0,106,0,1,84,0,85,24,34,133,0,191,122,0,122,313
03/02/2018,BZN,MT,ANM,WE,Federal Contract Tower,24,32,22,0,78,0,2,15,0,17,24,34,37,0,95,74,0,74,169
03/03/2018,BZN,MT,ANM,WE,Federal Contract Tower,41,25,17,0,83,0,1,35,0,36,41,26,52,0,119,16,0,16,135
03/04/2018,BZN,MT,ANM,WE,Federal Contract Tower,28,30,34,0,92,0,0,0,0,0,28,30,34,0,92,0,0,0,92
03/05/2018,BZN,MT,ANM,WE,Federal Contract Tower,33,26,33,2,94,0,0,62,0,62,33,26,95,2,156,74,0,74,230
03/06/2018,BZN,MT,ANM,WE,Federal Contract Tower,31,24,37,0,92,0,4,107,0,111,31,28,144,0,203,118,0,118,321
03/07/2018,BZN,MT,ANM,WE,Federal Contract Tower,32,35,20,0,87,0,4,108,0,112,32,39,128,0,199,120,0,120,319
03/08/2018,BZN,MT,ANM,WE,Federal Contract Tower,25,37,41,2,105,0,9,61,0,70,25,46,102,2,175,96,0,96,271
03/09/2018,BZN,MT,ANM,WE,Federal Contract Tower,28,41,42,0,111,0,3,27,0,30,28,44,69,0,141,86,0,86,227
03/10/2018,BZN,MT,ANM,WE,Federal Contract Tower,46,27,30,0,103,0,2,81,0,83,46,29,111,0,186,108,0,108,294
03/11/2018,BZN,MT,ANM,WE,Federal Contract Tower,35,43,35,0,113,0,5,58,0,63,35,48,93,0,176,24,0,24,200
03/12/2018,BZN,MT,ANM,WE,Federal Contract Tower,37,21,31,0,89,0,0,83,0,83,37,21,114,0,172,118,0,118,290
03/13/2018,BZN,MT,ANM,WE,Federal Contract Tower,35,26,39,0,100,0,2,121,3,126,35,28,160,3,226,100,0,100,326
03/14/2018,BZN,MT,ANM,WE,Federal Contract Tower,33,42,38,1,114,0,1,62,2,65,33,43,100,3,179,106,0,106,285
03/15/2018,BZN,MT,ANM,WE,Federal Contract Tower,24,48,47,0,119,0,5,3,0,8,24,53,50,0,127,8,0,8,135
03/16/2018,BZN,MT,ANM,WE,Federal Contract Tower,27,62,52,0,141,0,6,52,0,58,27,68,104,0,199,56,0,56,255
03/17/2018,BZN,MT,ANM,WE,Federal Contract Tower,49,41,23,0,113,0,1,15,0,16,49,42,38,0,129,10,0,10,139
03/18/2018,BZN,MT,ANM,WE,Federal Contract Tower,40,42,59,0,141,0,0,28,0,28,40,42,87,0,169,36,0,36,205
03/19/2018,BZN,MT,ANM,WE,Federal Contract Tower,35,26,29,0,90,0,0,58,0,58,35,26,87,0,148,90,10,100,248
03/20/2018,BZN,MT,ANM,WE,Federal Contract Tower,30,23,32,0,85,0,3,110,0,113,30,26,142,0,198,128,0,128,326
03/21/2018,BZN,MT,ANM,WE,Federal Contract Tower,33,36,30,0,99,0,1,100,0,101,33,37,130,0,200,140,0,140,340
03/22/2018,BZN,MT,ANM,WE,Federal Contract Tower,34,41,32,0,107,0,0,65,0,65,34,41,97,0,172,66,0,66,238
03/23/2018,BZN,MT,ANM,WE,Federal Contract Tower,34,38,48,2,122,0,2,86,0,88,34,40,134,2,210,122,0,122,332
03/24/2018,BZN,MT,ANM,WE,Federal Contract Tower,43,37,25,1,106,0,0,2,0,2,43,37,27,1,108,0,0,0,108
03/25/2018,BZN,MT,ANM,WE,Federal Contract Tower,42,36,29,1,108,0,0,47,0,47,42,36,76,1,155,32,0,32,187
03/26/2018,BZN,MT,ANM,WE,Federal Contract Tower,33,34,35,5,107,0,0,65,0,65,33,34,100,5,172,98,0,98,270
03/27/2018,BZN,MT,ANM,WE,Federal Contract Tower,27,28,37,2,94,0,6,87,0,93,27,34,124,2,187,138,0,138,325
03/28/2018,BZN,MT,ANM,WE,Federal Contract Tower,27,41,40,0,108,0,0,73,0,73,27,41,113,0,181,150,0,150,331
03/29/2018,BZN,MT,ANM,WE,Federal Contract Tower,27,41,33,2,103,1,1,87,2,91,28,42,120,4,194,154,0,154,348
03/30/2018,BZN,MT,ANM,WE,Federal Contract Tower,27,32,27,0,86,0,1,28,0,29,27,33,55,0,115,100,0,100,215
03/31/2018,BZN,MT,ANM,WE,Federal Contract Tower,40,26,7,0,73,0,2,7,0,9,40,28,14,0,82,2,0,2,84
04/01/2018,BZN,MT,ANM,WE,Federal Contract Tower,41,39,21,0,101,0,3,37,0,40,41,42,58,0,141,40,0,40,181
04/02/2018,BZN,MT,ANM,WE,Federal Contract Tower,27,24,17,0,68,0,3,0,0,3,27,27,17,0,71,0,0,0,71
04/03/2018,BZN,MT,ANM,WE,Federal Contract Tower,27,29,31,4,91,0,2,109,0,111,27,31,140,4,202,186,0,186,388
04/04/2018,BZN,MT,ANM,WE,Federal Contract Tower,24,27,26,0,77,0,0,80,0,80,24,27,106,0,157,144,0,144,301
04/05/2018,BZN,MT,ANM,WE,Federal Contract Tower,25,22,20,0,67,0,0,0,0,0,25,22,20,0,67,0,0,0,67
04/06/2018,BZN,MT,ANM,WE,Federal Contract Tower,29,27,38,0,94,0,3,11,0,14,29,30,49,0,108,10,0,10,118
04/07/2018,BZN,MT,ANM,WE,Federal Contract Tower,31,25,26,0,82,0,8,42,0,50,31,33,68,0,132,70,0,70,202
04/08/2018,BZN,MT,ANM,WE,Federal Contract Tower,37,21,22,0,80,0,4,12,0,16,37,25,34,0,96,24,0,24,120
04/09/2018,BZN,MT,ANM,WE,Federal Contract Tower,22,17,34,2,75,0,4,124,0,128,22,21,158,2,203,100,0,100,303
04/10/2018,BZN,MT,ANM,WE,Federal Contract Tower,22,18,24,0,64,0,0,120,0,120,22,18,144,0,184,134,0,134,318
04/11/2018,BZN,MT,ANM,WE,Federal Contract Tower,19,31,29,0,79,0,8,45,0,53,19,39,74,0,132,88,0,88,220
04/12/2018,BZN,MT,ANM,WE,Federal Contract Tower,19,21,5,0,45,0,0,0,0,0,19,21,5,0,45,0,0,0,45
04/13/2018,BZN,MT,ANM,WE,Federal Contract Tower,28,21,22,0,71,0,2,47,0,49,28,23,69,0,120,106,0,106,226
04/14/2018,BZN,MT,ANM,WE,Federal Contract Tower,19,15,14,2,50,0,0,46,0,46,19,15,60,2,96,80,0,80,176
04/15/2018,BZN,MT,ANM,WE,Federal Contract Tower,25,21,20,0,66,0,2,20,0,22,25,23,40,0,88,16,0,16,104
04/16/2018,BZN,MT,ANM,WE,Federal Contract Tower,20,21,14,2,57,0,4,33,0,37,20,25,47,2,94,48,0,48,142
04/17/2018,BZN,MT,ANM,WE,Federal Contract Tower,22,22,18,0,62,0,0,66,0,66,22,22,84,0,128,178,0,178,306
04/18/2018,BZN,MT,ANM,WE,Federal Contract Tower,21,25,25,0,71,0,7,123,0,130,21,32,148,0,201,130,0,130,331
04/19/2018,BZN,MT,ANM,WE,Federal Contract Tower,22,21,16,0,59,0,7,93,0,100,22,28,109,0,159,200,0,200,359
04/20/2018,BZN,MT,ANM,WE,Federal Contract Tower,23,24,12,5,64,0,2,128,1,131,23,26,140,6,195,172,6,178,373
04/21/2018,BZN,MT,ANM,WE,Federal Contract Tower,24,12,15,0,51,0,6,75,0,81,24,18,90,0,132,117,0,117,249
04/22/2018,BZN,MT,ANM,WE,Federal Contract Tower,27,16,14,0,57,0,0,58,0,58,27,16,72,0,115,74,0,74,189
04/23/2018,BZN,MT,ANM,WE,Federal Contract Tower,26,15,12,0,53,0,0,3,0,3,26,15,15,0,56,0,0,0,56
04/24/2018,BZN,MT,ANM,WE,Federal Contract Tower,26,23,26,0,75,0,0,110,0,110,26,23,136,0,185,198,0,198,383
04/25/2018,BZN,MT,ANM,WE,Federal Contract Tower,24,19,16,0,59,0,0,99,0,99,24,19,115,0,158,152,0,152,310
04/26/2018,BZN,MT,ANM,WE,Federal Contract Tower,24,21,29,0,74,0,4,131,0,135,24,25,160,0,209,254,2,256,465
04/27/2018,BZN,MT,ANM,WE,Federal Contract Tower,25,14,25,0,64,0,3,109,0,112,25,17,134,0,176,122,0,122,298
04/28/2018,BZN,MT,ANM,WE,Federal Contract Tower,22,11,3,0,36,0,2,53,0,55,22,13,56,0,91,36,0,36,127
04/29/2018,BZN,MT,ANM,WE,Federal Contract Tower,22,6,10,0,38,0,0,25,0,25,22,6,35,0,63,12,0,12,75
04/30/2018,BZN,MT,ANM,WE,Federal Contract Tower,22,8,17,0,47,0,0,8,12,20,22,8,25,12,67,24,0,24,91
05/01/2018,BZN,MT,ANM,WE,Federal Contract Tower,19,21,13,0,53,0,2,25,0,27,19,23,38,0,80,86,0,86,166
05/02/2018,BZN,MT,ANM,WE,Federal Contract Tower,17,35,16,0,68,0,4,94,0,98,17,39,110,0,166,214,0,214,380
05/03/2018,BZN,MT,ANM,WE,Federal Contract Tower,21,18,24,0,63,0,3,94,0,97,21,21,118,0,160,134,0,134,294
05/04/2018,BZN,MT,ANM,WE,Federal Contract Tower,19,15,17,0,51,0,1,64,0,65,19,16,81,0,116,116,0,116,232
05/05/2018,BZN,MT,ANM,WE,Federal Contract Tower,23,11,14,0,48,0,0,42,0,42,23,11,56,0,90,24,0,24,114
05/06/2018,BZN,MT,ANM,WE,Federal Contract Tower,23,6,10,0,39,0,5,42,2,49,23,11,52,2,88,42,0,42,130
05/07/2018,BZN,MT,ANM,WE,Federal Contract Tower,19,11,23,0,53,0,2,56,0,58,19,13,79,0,111,102,0,102,213
05/08/2018,BZN,MT,ANM,WE,Federal Contract Tower,17,14,18,0,49,0,4,140,0,144,17,18,158,0,193,82,0,82,275
05/09/2018,BZN,MT,ANM,WE,Federal Contract Tower,21,16,11,0,48,0,2,75,0,77,21,18,86,0,125,58,0,58,183
05/10/2018,BZN,MT,ANM,WE,Federal Contract Tower,24,13,28,0,65,0,2,80,2,84,24,15,108,2,149,72,0,72,221
05/11/2018,BZN,MT,ANM,WE,Federal Contract Tower,23,12,3,0,38,0,0,14,0,14,23,12,17,0,52,48,0,48,100
05/12/2018,BZN,MT,ANM,WE,Federal Contract Tower,21,10,6,0,37,0,2,13,0,15,21,12,19,0,52,22,0,22,74
05/13/2018,BZN,MT,ANM,WE,Federal Contract Tower,23,8,6,0,37,0,2,17,0,19,23,10,23,0,56,22,0,22,78
05/14/2018,BZN,MT,ANM,WE,Federal Contract Tower,20,14,16,0,50,0,0,98,0,98,20,14,114,0,148,56,0,56,204
05/15/2018,BZN,MT,ANM,WE,Federal Contract Tower,19,14,11,0,44,0,0,98,0,98,19,14,109,0,142,86,0,86,228
05/16/2018,BZN,MT,ANM,WE,Federal Contract Tower,19,28,16,0,63,0,0,55,0,55,19,28,71,0,118,68,0,68,186
05/17/2018,BZN,MT,ANM,WE,Federal Contract Tower,20,17,24,0,61,0,2,60,0,62,20,19,84,0,123,114,0,114,237
05/18/2018,BZN,MT,ANM,WE,Federal Contract Tower,17,19,13,0,49,0,0,4,0,4,17,19,17,0,53,6,0,6,59
05/19/2018,BZN,MT,ANM,WE,Federal Contract Tower,21,10,14,0,45,0,2,26,0,28,21,12,40,0,73,70,0,70,143
05/20/2018,BZN,MT,ANM,WE,Federal Contract Tower,29,10,12,0,51,0,2,57,0,59,29,12,69,0,110,86,0,86,196
05/21/2018,BZN,MT,ANM,WE,Federal Contract Tower,28,13,12,0,53,0,3,70,4,77,28,16,82,4,130,108,0,108,238
05/22/2018,BZN,MT,ANM,WE,Federal Contract Tower,31,15,32,0,78,0,1,98,0,99,31,16,130,0,177,142,0,142,319
05/23/2018,BZN,MT,ANM,WE,Federal Contract Tower,31,27,56,0,114,0,16,19,0,35,31,43,75,0,149,6,0,6,155
05/24/2018,BZN,MT,ANM,WE,Federal Contract Tower,30,21,23,0,74,0,1,58,0,59,30,22,81,0,133,82,0,82,215
05/25/2018,BZN,MT,ANM,WE,Federal Contract Tower,35,21,15,0,71,0,2,118,1,121,35,23,133,1,192,73,0,73,265
05/26/2018,BZN,MT,ANM,WE,Federal Contract Tower,28,11,5,0,44,0,2,73,0,75,28,13,78,0,119,70,0,70,189
05/27/2018,BZN,MT,ANM,WE,Federal Contract Tower,28,7,5,0,40,0,1,29,0,30,28,8,34,0,70,56,0,56,126
05/28/2018,BZN,MT,ANM,WE,Federal Contract Tower,34,11,16,0,61,0,0,72,0,72,34,11,88,0,133,96,0,96,229
05/29/2018,BZN,MT,ANM,WE,Federal Contract Tower,32,16,31,0,79,0,3,83,0,86,32,19,114,0,165,154,0,154,319
05/30/2018,BZN,MT,ANM,WE,Federal Contract Tower,30,26,33,0,89,0,1,75,0,76,30,27,108,0,165,52,0,52,217
05/31/2018,BZN,MT,ANM,WE,Federal Contract Tower,33,12,24,0,69,0,4,57,0,61,33,16,81,0,130,80,0,80,210
06/01/2018,BZN,MT,ANM,WE,Federal Contract Tower,30,17,12,0,59,0,0,5,0,5,30,17,17,0,64,2,0,2,66
06/02/2018,BZN,MT,ANM,WE,Federal Contract Tower,29,12,14,0,55,0,5,101,0,106,29,17,115,0,161,72,0,72,233
06/03/2018,BZN,MT,ANM,WE,Federal Contract Tower,30,7,16,0,53,0,2,75,0,77,30,9,91,0,130,24,0,24,154
06/04/2018,BZN,MT,ANM,WE,Federal Contract Tower,32,12,36,0,80,0,0,85,0,85,32,12,121,0,165,64,0,64,229
06/05/2018,BZN,MT,ANM,WE,Federal Contract Tower,28,19,28,0,75,0,2,85,0,87,28,21,113,0,162,148,0,148,310
06/06/2018,BZN,MT,ANM,WE,Federal Contract Tower,34,24,28,0,86,0,1,75,0,76,34,25,103,0,162,158,0,158,320
06/07/2018,BZN,MT,ANM,WE,Federal Contract Tower,51,16,21,2,90,0,0,49,0,49,51,16,70,2,139,80,0,80,219
06/08/2018,BZN,MT,ANM,WE,Federal Contract Tower,48,25,29,2,104,0,5,109,0,114,48,30,138,2,218,136,0,136,354
06/09/2018,BZN,MT,ANM,WE,Federal Contract Tower,62,15,16,0,93,0,1,51,0,52,62,16,67,0,145,28,0,28,173
06/10/2018,BZN,MT,ANM,WE,Federal Contract Tower,56,12,13,2,83,0,1,17,0,18,56,13,30,2,101,18,0,18,119
06/11/2018,BZN,MT,ANM,WE,Federal Contract Tower,53,17,19,0,89,0,3,47,0,50,53,20,66,0,139,64,0,64,203
06/12/2018,BZN,MT,ANM,WE,Federal Contract Tower,48,20,34,2,104,0,3,148,0,151,48,23,182,2,255,132,0,132,387
06/13/2018,BZN,MT,ANM,WE,Federal Contract Tower,53,24,38,0,115,0,2,119,0,121,53,26,157,0,236,126,0,126,362
06/14/2018,BZN,MT,ANM,WE,Federal Contract Tower,51,22,34,2,109,0,2,95,0,97,51,24,129,2,206,128,0,128,334
06/15/2018,BZN,MT,ANM,WE,Federal Contract Tower,50,18,31,0,99,0,0,62,0,62,50,18,93,0,161,76,0,76,237
06/16/2018,BZN,MT,ANM,WE,Federal Contract Tower,62,16,19,0,97,0,5,6,0,11,62,21,25,0,108,0,0,0,108
06/17/2018,BZN,MT,ANM,WE,Federal Contract Tower,56,12,8,0,76,0,1,10,0,11,56,13,18,0,87,2,0,2,89
06/18/2018,BZN,MT,ANM,WE,Federal Contract Tower,49,17,17,0,83,0,2,12,0,14,49,19,29,0,97,0,36,36,133
06/19/2018,BZN,MT,ANM,WE,Federal Contract Tower,48,20,23,10,101,0,2,15,0,17,48,22,38,10,118,24,0,24,142
06/20/2018,BZN,MT,ANM,WE,Federal Contract Tower,50,28,52,1,131,0,0,128,1,129,50,28,180,2,260,202,0,202,462
06/21/2018,BZN,MT,ANM,WE,Federal Contract Tower,53,17,22,0,92,0,2,63,2,67,53,19,85,2,159,124,0,124,283
06/22/2018,BZN,MT,ANM,WE,Federal Contract Tower,49,25,27,0,101,0,2,64,0,66,49,27,91,0,167,128,0,128,295
06/23/2018,BZN,MT,ANM,WE,Federal Contract Tower,64,16,13,0,93,0,1,40,1,42,64,17,53,1,135,16,0,16,151
06/24/2018,BZN,MT,ANM,WE,Federal Contract Tower,60,14,31,0,105,0,5,55,1,61,60,19,86,1,166,34,0,34,200
06/25/2018,BZN,MT,ANM,WE,Federal Contract Tower,51,14,31,0,96,0,2,122,0,124,51,16,153,0,220,134,0,134,354
06/26/2018,BZN,MT,ANM,WE,Federal Contract Tower,52,21,27,2,102,0,3,119,0,122,52,24,146,2,224,156,0,156,380
06/27/2018,BZN,MT,ANM,WE,Federal Contract Tower,51,27,41,0,119,0,3,162,0,165,51,30,203,0,284,198,0,198,482
06/28/2018,BZN,MT,ANM,WE,Federal Contract Tower,52,28,41,0,121,0,1,75,0,76,52,29,116,0,197,118,0,118,315
06/29/2018,BZN,MT,ANM,WE,Federal Contract Tower,52,31,32,1,116,0,0,26,0,26,52,31,58,1,142,60,0,60,202
06/30/2018,BZN,MT,ANM,WE,Federal Contract Tower,64,32,33,0,129,0,2,79,0,81,64,34,112,0,210,48,0,48,258
07/01/2018,BZN,MT,ANM,WE,Federal Contract Tower,64,28,38,0,130,0,2,37,0,39,64,30,75,0,169,18,0,18,187
07/02/2018,BZN,MT,ANM,WE,Federal Contract Tower,54,21,33,0,108,0,2,108,0,110,54,23,141,0,218,214,0,214,432
07/03/2018,BZN,MT,ANM,WE,Federal Contract Tower,51,23,24,0,98,0,6,93,0,99,51,29,117,0,197,140,0,140,337
07/04/2018,BZN,MT,ANM,WE,Federal Contract Tower,46,8,17,0,71,0,2,87,0,89,46,10,104,0,160,114,0,114,274
07/05/2018,BZN,MT,ANM,WE,Federal Contract Tower,55,39,36,0,130,0,2,83,0,85,55,41,119,0,215,100,0,100,315
07/06/2018,BZN,MT,ANM,WE,Federal Contract Tower,55,24,27,0,106,0,3,76,0,79,55,27,103,0,185,64,0,64,249
07/07/2018,BZN,MT,ANM,WE,Federal Contract Tower,67,18,29,0,114,0,1,87,0,88,67,19,116,0,202,96,0,96,298
07/08/2018,BZN,MT,ANM,WE,Federal Contract Tower,60,23,27,0,110,0,4,111,0,115,60,27,138,0,225,58,0,58,283
07/09/2018,BZN,MT,ANM,WE,Federal Contract Tower,52,20,20,0,92,0,3,90,0,93,52,23,110,0,185,144,0,144,329
07/10/2018,BZN,MT,ANM,WE,Federal Contract Tower,52,22,28,0,102,0,3,81,0,84,52,25,109,0,186,152,0,152,338
07/11/2018,BZN,MT,ANM,WE,Federal Contract Tower,56,30,31,0,117,0,9,103,0,112,56,39,134,0,229,130,0,130,359
07/12/2018,BZN,MT,ANM,WE,Federal Contract Tower,55,41,29,0,125,1,5,92,0,98,56,46,121,0,223,84,0,84,307
07/13/2018,BZN,MT,ANM,WE,Federal Contract Tower,52,24,30,1,107,0,2,93,2,97,52,26,123,3,204,70,0,70,274
07/14/2018,BZN,MT,ANM,WE,Federal Contract Tower,71,15,22,0,108,0,5,101,4,110,71,20,123,4,218,62,0,62,280
07/15/2018,BZN,MT,ANM,WE,Federal Contract Tower,61,23,23,0,107,0,2,65,1,68,61,25,88,1,175,22,0,22,197
07/16/2018,BZN,MT,ANM,WE,Federal Contract Tower,52,20,22,0,94,0,4,102,0,106,52,24,124,0,200,184,0,184,384
07/17/2018,BZN,MT,ANM,WE,Federal Contract Tower,49,22,38,0,109,0,2,51,0,53,49,24,89,0,162,100,0,100,262
07/18/2018,BZN,MT,ANM,WE,Federal Contract Tower,58,33,43,0,134,0,1,122,2,125,58,34,165,2,259,156,0,156,415
07/19/2018,BZN,MT,ANM,WE,Federal Contract Tower,59,27,36,2,124,0,8,101,0,109,59,35,137,2,233,125,0,125,358
07/20/2018,BZN,MT,ANM,WE,Federal Contract Tower,52,29,34,0,115,0,3,104,0,107,52,32,138,0,222,92,0,92,314
07/21/2018,BZN,MT,ANM,WE,Federal Contract Tower,70,26,36,0,132,0,2,105,0,107,70,28,141,0,239,34,0,34,273
07/22/2018,BZN,MT,ANM,WE,Federal Contract Tower,60,37,43,0,140,0,2,67,0,69,60,39,110,0,209,28,0,28,237
07/23/2018,BZN,MT,ANM,WE,Federal Contract Tower,49,27,35,0,111,0,2,103,2,107,49,29,138,2,218,58,0,58,276
07/24/2018,BZN,MT,ANM,WE,Federal Contract Tower,54,27,27,0,108,0,4,89,0,93,54,31,116,0,201,108,0,108,309
07/25/2018,BZN,MT,ANM,WE,Federal Contract Tower,52,30,47,0,129,0,0,140,0,140,52,30,187,0,269,122,0,122,391
07/26/2018,BZN,MT,ANM,WE,Federal Contract Tower,55,34,54,4,147,0,4,89,7,100,55,38,143,11,247,82,0,82,329
07/27/2018,BZN,MT,ANM,WE,Federal Contract Tower,48,34,47,0,129,0,3,111,0,114,48,37,158,0,243,92,0,92,335
07/28/2018,BZN,MT,ANM,WE,Federal Contract Tower,69,26,28,0,123,0,7,66,0,73,69,33,94,0,196,58,0,58,254
07/29/2018,BZN,MT,ANM,WE,Federal Contract Tower,57,27,30,0,114,0,1,61,0,62,57,28,91,0,176,12,0,12,188
07/30/2018,BZN,MT,ANM,WE,Federal Contract Tower,50,22,40,0,112,0,1,135,0,136,50,23,175,0,248,110,0,110,358
07/31/2018,BZN,MT,ANM,WE,Federal Contract Tower,56,31,39,0,126,0,4,110,2,116,56,35,149,2,242,126,0,126,368
08/01/2018,BZN,MT,ANM,WE,Federal Contract Tower,51,39,28,0,118,0,0,103,0,103,51,39,131,0,221,136,0,136,357
08/02/2018,BZN,MT,ANM,WE,Federal Contract Tower,54,22,40,0,116,0,5,109,0,114,54,27,149,0,230,132,0,132,362
08/03/2018,BZN,MT,ANM,WE,Federal Contract Tower,49,29,37,0,115,0,0,102,0,102,49,29,139,0,217,104,0,104,321
08/04/2018,BZN,MT,ANM,WE,Federal Contract Tower,68,35,16,0,119,0,1,91,0,92,68,36,107,0,211,80,0,80,291
08/05/2018,BZN,MT,ANM,WE,Federal Contract Tower,58,21,27,0,106,0,4,39,0,43,58,25,66,0,149,2,0,2,151
08/06/2018,BZN,MT,ANM,WE,Federal Contract Tower,46,25,35,0,106,0,7,116,0,123,46,32,151,0,229,138,0,138,367
08/07/2018,BZN,MT,ANM,WE,Federal Contract Tower,47,29,26,0,102,0,7,91,0,98,47,36,117,0,200,122,0,122,322
08/08/2018,BZN,MT,ANM,WE,Federal Contract Tower,51,26,37,0,114,0,0,93,2,95,51,26,130,2,209,138,0,138,347
08/09/2018,BZN,MT,ANM,WE,Federal Contract Tower,53,27,24,0,104,0,0,85,4,89,53,27,109,4,193,84,0,84,277
08/10/2018,BZN,MT,ANM,WE,Federal Contract Tower,50,46,28,0,124,0,5,93,0,98,50,51,121,0,222,90,0,90,312
08/11/2018,BZN,MT,ANM,WE,Federal Contract Tower,69,32,38,0,139,0,2,64,0,66,69,34,102,0,205,74,0,74,279
08/12/2018,BZN,MT,ANM,WE,Federal Contract Tower,59,24,44,0,127,0,0,34,0,34,59,24,78,0,161,44,0,44,205
08/13/2018,BZN,MT,ANM,WE,Federal Contract Tower,50,29,27,2,108,0,6,83,0,89,50,35,110,2,197,159,0,159,356
08/14/2018,BZN,MT,ANM,WE,Federal Contract Tower,49,17,34,0,100,0,4,91,0,95,49,21,125,0,195,106,0,106,301
08/15/2018,BZN,MT,ANM,WE,Federal Contract Tower,58,36,31,0,125,0,5,104,0,109,58,41,135,0,234,106,0,106,340
08/16/2018,BZN,MT,ANM,WE,Federal Contract Tower,51,28,24,2,105,0,3,80,3,86,51,31,104,5,191,96,0,96,287
08/17/2018,BZN,MT,ANM,WE,Federal Contract Tower,48,33,42,0,123,0,3,77,0,80,48,36,119,0,203,60,0,60,263
08/18/2018,BZN,MT,ANM,WE,Federal Contract Tower,66,27,18,0,111,0,12,73,0,85,66,39,91,0,196,54,0,54,250
08/19/2018,BZN,MT,ANM,WE,Federal Contract Tower,56,31,40,0,127,0,2,21,0,23,56,33,61,0,150,4,0,4,154
08/20/2018,BZN,MT,ANM,WE,Federal Contract Tower,51,25,39,0,115,0,0,9,0,9,51,25,48,0,124,0,0,0,124
08/21/2018,BZN,MT,ANM,WE,Federal Contract Tower,47,24,40,0,111,0,1,55,0,56,47,25,95,0,167,175,0,175,342
08/22/2018,BZN,MT,ANM,WE,Federal Contract Tower,45,51,45,0,141,0,1,76,0,77,45,52,121,0,218,124,0,124,342
08/23/2018,BZN,MT,ANM,WE,Federal Contract Tower,48,28,25,2,103,0,6,67,0,73,48,34,92,2,176,180,0,180,356
08/24/2018,BZN,MT,ANM,WE,Federal Contract Tower,41,35,37,5,118,0,7,65,0,72,41,42,102,5,190,92,8,100,290
08/25/2018,BZN,MT,ANM,WE,Federal Contract Tower,55,24,14,0,93,0,2,62,0,64,55,26,76,0,157,56,0,56,213
08/26/2018,BZN,MT,ANM,WE,Federal Contract Tower,49,21,32,0,102,0,3,37,0,40,49,24,69,0,142,0,0,0,142
08/27/2018,BZN,MT,ANM,WE,Federal Contract Tower,44,30,18,0,92,0,0,7,0,7,44,30,25,0,99,16,0,16,115
08/28/2018,BZN,MT,ANM,WE,Federal Contract Tower,43,24,26,0,93,0,3,126,0,129,43,27,152,0,222,116,0,116,338
08/29/2018,BZN,MT,ANM,WE,Federal Contract Tower,40,33,22,0,95,0,2,131,0,133,40,35,153,0,228,130,0,130,358
08/30/2018,BZN,MT,ANM,WE,Federal Contract Tower,46,29,23,0,98,0,0,104,0,104,46,29,127,0,202,74,12,86,288
08/31/2018,BZN,MT,ANM,WE,Federal Contract Tower,43,37,35,0,115,0,1,115,1,117,43,38,150,1,232,136,0,136,368
09/01/2018,BZN,MT,ANM,WE,Federal Contract Tower,44,25,14,0,83,0,4,114,0,118,44,29,128,0,201,96,0,96,297
09/02/2018,BZN,MT,ANM,WE,Federal Contract Tower,44,14,15,0,73,0,4,64,0,68,44,18,79,0,141,26,0,26,167
09/03/2018,BZN,MT,ANM,WE,Federal Contract Tower,42,26,35,0,103,0,0,106,0,106,42,26,141,0,209,76,0,76,285
09/04/2018,BZN,MT,ANM,WE,Federal Contract Tower,41,9,22,0,72,0,1,111,0,112,41,10,133,0,184,112,0,112,296
09/05/2018,BZN,MT,ANM,WE,Federal Contract Tower,41,24,23,0,88,0,6,138,0,144,41,30,161,0,232,128,0,128,360
09/06/2018,BZN,MT,ANM,WE,Federal Contract Tower,43,26,27,0,96,0,3,98,0,101,43,29,125,0,197,1112,0,1112,1309
09/07/2018,BZN,MT,ANM,WE,Federal Contract Tower,42,23,29,2,96,0,3,122,0,125,42,26,151,2,221,120,0,120,341
09/08/2018,BZN,MT,ANM,WE,Federal Contract Tower,44,13,18,0,75,0,5,72,0,77,44,18,90,0,152,78,0,78,230
09/09/2018,BZN,MT,ANM,WE,Federal Contract Tower,40,16,7,0,63,0,2,37,0,39,40,18,44,0,102,20,0,20,122
09/10/2018,BZN,MT,ANM,WE,Federal Contract Tower,38,17,24,0,79,0,7,109,0,116,38,24,133,0,195,122,0,122,317
09/11/2018,BZN,MT,ANM,WE,Federal Contract Tower,37,20,36,0,93,0,9,108,0,117,37,29,144,0,210,112,0,112,322
09/12/2018,BZN,MT,ANM,WE,Federal Contract Tower,37,22,43,0,102,0,5,87,2,94,37,27,130,2,196,118,0,118,314
09/13/2018,BZN,MT,ANM,WE,Federal Contract Tower,38,34,38,0,110,0,3,72,0,75,38,37,110,0,185,112,0,112,297
09/14/2018,BZN,MT,ANM,WE,Federal Contract Tower,40,24,37,0,101,0,2,139,0,141,40,26,176,0,242,156,0,156,398
09/15/2018,BZN,MT,ANM,WE,Federal Contract Tower,40,25,19,0,84,0,0,86,2,88,40,25,105,2,172,74,0,74,246
09/16/2018,BZN,MT,ANM,WE,Federal Contract Tower,40,23,36,0,99,0,2,76,0,78,40,25,112,0,177,38,0,38,215
09/17/2018,BZN,MT,ANM,WE,Federal Contract Tower,38,11,24,0,73,0,6,144,0,150,38,17,168,0,223,200,0,200,423
09/18/2018,BZN,MT,ANM,WE,Federal Contract Tower,39,19,30,0,88,0,7,148,0,155,39,26,178,0,243,212,0,212,455
09/19/2018,BZN,MT,ANM,WE,Federal Contract Tower,36,27,27,0,90,0,3,72,0,75,36,30,99,0,165,212,0,212,377
09/20/2018,BZN,MT,ANM,WE,Federal Contract Tower,40,30,24,0,94,0,0,82,0,82,40,30,106,0,176,148,0,148,324
09/21/2018,BZN,MT,ANM,WE,Federal Contract Tower,40,19,26,0,85,0,4,138,0,142,40,23,164,0,227,128,0,128,355
09/22/2018,BZN,MT,ANM,WE,Federal Contract Tower,43,11,19,1,74,0,7,95,7,109,43,18,114,8,183,120,0,120,303
09/23/2018,BZN,MT,ANM,WE,Federal Contract Tower,40,14,24,0,78,0,0,25,0,25,40,14,49,0,103,26,0,26,129
09/24/2018,BZN,MT,ANM,WE,Federal Contract Tower,35,17,24,0,76,0,0,104,2,106,35,17,128,2,182,124,0,124,306
09/25/2018,BZN,MT,ANM,WE,Federal Contract Tower,38,15,30,1,84,0,2,112,2,116,38,17,142,3,200,144,16,160,360
09/26/2018,BZN,MT,ANM,WE,Federal Contract Tower,35,23,24,0,82,0,1,109,2,112,35,24,133,2,194,216,0,216,410
09/27/2018,BZN,MT,ANM,WE,Federal Contract Tower,40,24,34,2,100,0,3,79,1,83,40,27,113,3,183,96,10,106,289
09/28/2018,BZN,MT,ANM,WE,Federal Contract Tower,39,24,25,0,88,0,0,86,0,86,39,24,111,0,174,112,0,112,286
09/29/2018,BZN,MT,ANM,WE,Federal Contract Tower,39,13,16,0,68,0,4,59,0,63,39,17,75,0,131,84,0,84,215
09/30/2018,BZN,MT,ANM,WE,Federal Contract Tower,47,15,10,0,72,0,0,2,0,2,47,15,12,0,74,0,0,0,74
10/01/2018,BZN,MT,ANM,WE,Federal Contract Tower,36,18,26,1,81,0,3,99,2,104,36,21,125,3,185,158,0,158,343
10/02/2018,BZN,MT,ANM,WE,Federal Contract Tower,36,25,11,3,75,0,0,40,2,42,36,25,51,5,117,56,0,56,173
10/03/2018,BZN,MT,ANM,WE,Federal Contract Tower,41,30,37,1,109,0,3,91,0,94,41,33,128,1,203,170,0,170,373
10/04/2018,BZN,MT,ANM,WE,Federal Contract Tower,33,25,22,2,82,0,3,38,0,41,33,28,60,2,123,31,8,39,162
10/05/2018,BZN,MT,ANM,WE,Federal Contract Tower,30,26,19,0,75,0,3,128,0,131,30,29,147,0,206,186,0,186,392
10/06/2018,BZN,MT,ANM,WE,Federal Contract Tower,28,16,12,0,56,0,3,82,0,85,28,19,94,0,141,114,0,114,255
10/07/2018,BZN,MT,ANM,WE,Federal Contract Tower,32,20,22,0,74,0,6,6,0,12,32,26,28,0,86,6,0,6,92
10/08/2018,BZN,MT,ANM,WE,Federal Contract Tower,31,21,12,3,67,0,0,60,0,60,31,21,72,3,127,156,0,156,283
10/09/2018,BZN,MT,ANM,WE,Federal Contract Tower,32,31,30,3,96,0,1,18,0,19,32,32,48,3,115,82,0,82,197
10/10/2018,BZN,MT,ANM,WE,Federal Contract Tower,30,29,18,2,79,0,2,75,0,77,30,31,93,2,156,204,0,204,360
10/11/2018,BZN,MT,ANM,WE,Federal Contract Tower,32,36,20,0,88,0,0,34,1,35,32,36,54,1,123,74,0,74,197
10/12/2018,BZN,MT,ANM,WE,Federal Contract Tower,32,37,32,0,101,0,7,158,0,165,32,44,190,0,266,176,0,176,442
10/13/2018,BZN,MT,ANM,WE,Federal Contract Tower,26,22,4,4,56,0,0,4,0,4,26,22,8,4,60,8,0,8,68
10/14/2018,BZN,MT,ANM,WE,Federal Contract Tower,32,22,18,0,72,0,0,44,0,44,32,22,62,0,116,26,0,26,142
10/15/2018,BZN,MT,ANM,WE,Federal Contract Tower,33,15,21,0,69,0,0,125,4,129,33,15,146,4,198,182,0,182,380
10/16/2018,BZN,MT,ANM,WE,Federal Contract Tower,34,26,21,0,81,0,4,119,0,123,34,30,140,0,204,184,0,184,388
10/17/2018,BZN,MT,ANM,WE,Federal Contract Tower,29,28,17,0,74,0,2,145,0,147,29,30,162,0,221,184,0,184,405
10/18/2018,BZN,MT,ANM,WE,Federal Contract Tower,34,17,35,1,87,0,4,158,4,166,34,21,193,5,253,224,0,224,477
10/19/2018,BZN,MT,ANM,WE,Federal Contract Tower,33,21,17,2,73,0,8,163,4,175,33,29,180,6,248,168,0,168,416
10/20/2018,BZN,MT,ANM,WE,Federal Contract Tower,26,22,14,0,62,0,1,118,0,119,26,23,132,0,181,162,0,162,343
10/21/2018,BZN,MT,ANM,WE,Federal Contract Tower,33,18,14,0,65,0,2,53,0,55,33,20,67,0,120,14,0,14,134
10/22/2018,BZN,MT,ANM,WE,Federal Contract Tower,28,19,29,0,76,0,5,140,0,145,28,24,169,0,221,218,0,218,439
10/23/2018,BZN,MT,ANM,WE,Federal Contract Tower,32,21,32,0,85,0,2,115,0,117,32,23,147,0,202,186,0,186,388
10/24/2018,BZN,MT,ANM,WE,Federal Contract Tower,28,25,33,0,86,0,4,139,0,143,28,29,172,0,229,232,0,232,461
10/25/2018,BZN,MT,ANM,WE,Federal Contract Tower,32,33,24,0,89,0,1,114,0,115,32,34,138,0,204,116,0,116,320
10/26/2018,BZN,MT,ANM,WE,Federal Contract Tower,32,26,29,2,89,0,0,113,1,114,32,26,142,3,203,190,14,204,407
10/27/2018,BZN,MT,ANM,WE,Federal Contract Tower,24,15,13,0,52,0,0,49,0,49,24,15,62,0,101,34,0,34,135
10/28/2018,BZN,MT,ANM,WE,Federal Contract Tower,34,12,16,1,63,0,4,52,0,56,34,16,68,1,119,42,0,42,161
10/29/2018,BZN,MT,ANM,WE,Federal Contract Tower,32,12,26,0,70,0,2,69,0,71,32,14,95,0,141,112,0,112,253
10/30/2018,BZN,MT,ANM,WE,Federal Contract Tower,28,17,15,0,60,0,4,97,0,101,28,21,112,0,161,154,0,154,315
10/31/2018,BZN,MT,ANM,WE,Federal Contract Tower,22,20,27,2,71,0,0,55,0,55,22,20,82,2,126,72,0,72,198
11/01/2018,BZN,MT,ANM,WE,Federal Contract Tower,32,18,8,0,58,0,10,28,2,40,32,28,36,2,98,64,0,64,162
11/02/2018,BZN,MT,ANM,WE,Federal Contract Tower,30,19,22,1,72,0,0,14,0,14,30,19,36,1,86,44,0,44,130
11/03/2018,BZN,MT,ANM,WE,Federal Contract Tower,28,9,8,2,47,0,0,4,0,4,28,9,12,2,51,0,0,0,51
11/04/2018,BZN,MT,ANM,WE,Federal Contract Tower,33,13,5,3,54,0,1,8,0,9,33,14,13,3,63,8,0,8,71
11/05/2018,BZN,MT,ANM,WE,Federal Contract Tower,31,12,13,0,56,0,3,49,0,52,31,15,62,0,108,80,0,80,188
11/06/2018,BZN,MT,ANM,WE,Federal Contract Tower,30,16,2,0,48,0,2,3,0,5,30,18,5,0,53,12,0,12,65
11/07/2018,BZN,MT,ANM,WE,Federal Contract Tower,28,24,12,0,64,0,0,3,0,3,28,24,15,0,67,0,0,0,67
11/08/2018,BZN,MT,ANM,WE,Federal Contract Tower,35,25,31,0,91,0,5,114,0,119,35,30,145,0,210,200,0,200,410
11/09/2018,BZN,MT,ANM,WE,Federal Contract Tower,31,17,19,0,67,1,2,158,0,161,32,19,177,0,228,182,0,182,410
11/10/2018,BZN,MT,ANM,WE,Federal Contract Tower,26,13,13,0,52,0,1,2,0,3,26,14,15,0,55,0,0,0,55
11/11/2018,BZN,MT,ANM,WE,Federal Contract Tower,37,6,8,0,51,0,0,7,0,7,37,6,15,0,58,20,0,20,78
11/12/2018,BZN,MT,ANM,WE,Federal Contract Tower,33,19,29,0,81,0,4,124,0,128,33,23,153,0,209,292,0,292,501
11/13/2018,BZN,MT,ANM,WE,Federal Contract Tower,29,20,15,2,66,0,1,110,2,113,29,21,125,4,179,172,0,172,351
11/14/2018,BZN,MT,ANM,WE,Federal Contract Tower,27,21,40,0,88,0,0,107,0,107,27,21,147,0,195,190,0,190,385
11/15/2018,BZN,MT,ANM,WE,Federal Contract Tower,33,21,28,0,82,0,6,110,0,116,33,27,138,0,198,176,0,176,374
11/16/2018,BZN,MT,ANM,WE,Federal Contract Tower,29,19,11,0,59,0,0,9,0,9,29,19,20,0,68,78,0,78,146
11/17/2018,BZN,MT,ANM,WE,Federal Contract Tower,26,13,17,2,58,0,2,47,0,49,26,15,64,2,107,118,0,118,225
11/18/2018,BZN,MT,ANM,WE,Federal Contract Tower,35,14,11,0,60,0,3,47,0,50,35,17,58,0,110,74,0,74,184
11/19/2018,BZN,MT,ANM,WE,Federal Contract Tower,33,20,38,0,91,0,3,125,0,128,33,23,163,0,219,182,0,182,401
11/20/2018,BZN,MT,ANM,WE,Federal Contract Tower,33,29,32,0,94,0,5,131,0,136,33,34,163,0,230,162,0,162,392
11/21/2018,BZN,MT,ANM,WE,Federal Contract Tower,34,23,25,0,82,0,4,81,0,85,34,27,106,0,167,68,0,68,235
11/22/2018,BZN,MT,ANM,WE,Federal Contract Tower,21,4,7,0,32,0,0,24,0,24,21,4,31,0,56,6,0,6,62
11/23/2018,BZN,MT,ANM,WE,Federal Contract Tower,20,16,6,0,42,0,2,18,0,20,20,18,24,0,62,6,0,6,68
11/24/2018,BZN,MT,ANM,WE,Federal Contract Tower,36,17,6,0,59,0,0,0,0,0,36,17,6,0,59,0,0,0,59
11/25/2018,BZN,MT,ANM,WE,Federal Contract Tower,37,24,33,0,94,0,3,46,0,49,37,27,79,0,143,18,0,18,161
11/26/2018,BZN,MT,ANM,WE,Federal Contract Tower,33,15,31,2,81,0,1,85,0,86,33,16,116,2,167,202,0,202,369
11/27/2018,BZN,MT,ANM,WE,Federal Contract Tower,29,21,25,1,76,0,0,68,2,70,29,21,93,3,146,248,14,262,408
11/28/2018,BZN,MT,ANM,WE,Federal Contract Tower,28,17,29,0,74,0,0,77,0,77,28,17,106,0,151,198,0,198,349
11/29/2018,BZN,MT,ANM,WE,Federal Contract Tower,33,14,21,0,68,0,4,127,0,131,33,18,148,0,199,182,0,182,381
11/30/2018,BZN,MT,ANM,WE,Federal Contract Tower,32,9,15,0,56,0,1,82,0,83,32,10,97,0,139,192,0,192,331
12/01/2018,BZN,MT,ANM,WE,Federal Contract Tower,27,11,7,0,45,0,0,8,0,8,27,11,15,0,53,0,0,0,53
12/02/2018,BZN,MT,ANM,WE,Federal Contract Tower,39,6,10,0,55,0,0,19,0,19,39,6,29,0,74,14,0,14,88
12/03/2018,BZN,MT,ANM,WE,Federal Contract Tower,34,6,10,0,50,0,0,20,0,20,34,6,30,0,70,84,0,84,154
12/04/2018,BZN,MT,ANM,WE,Federal Contract Tower,29,19,34,0,82,0,4,100,0,104,29,23,134,0,186,198,0,198,384
12/05/2018,BZN,MT,ANM,WE,Federal Contract Tower,29,20,35,0,84,1,3,89,0,93,30,23,124,0,177,180,0,180,357
12/06/2018,BZN,MT,ANM,WE,Federal Contract Tower,32,15,20,0,67,0,0,97,0,97,32,15,117,0,164,212,0,212,376
12/07/2018,BZN,MT,ANM,WE,Federal Contract Tower,32,14,13,0,59,0,2,124,0,126,32,16,137,0,185,200,0,200,385
12/08/2018,BZN,MT,ANM,WE,Federal Contract Tower,26,10,16,0,52,0,4,101,0,105,26,14,117,0,157,0,74,74,231
12/09/2018,BZN,MT,ANM,WE,Federal Contract Tower,38,9,8,0,55,0,3,56,0,59,38,12,64,0,114,58,0,58,172
12/10/2018,BZN,MT,ANM,WE,Federal Contract Tower,34,8,20,0,62,0,0,57,0,57,34,8,77,0,119,144,0,144,263
12/11/2018,BZN,MT,ANM,WE,Federal Contract Tower,27,16,20,0,63,0,1,54,0,55,27,17,74,0,118,130,0,130,248
12/12/2018,BZN,MT,ANM,WE,Federal Contract Tower,32,20,7,0,59,0,0,23,0,23,32,20,30,0,82,74,0,74,156
12/13/2018,BZN,MT,ANM,WE,Federal Contract Tower,43,19,33,0,95,0,6,86,0,92,43,25,119,0,187,182,0,182,369
12/14/2018,BZN,MT,ANM,WE,Federal Contract Tower,34,30,39,1,104,0,1,96,0,97,34,31,135,1,201,124,0,124,325
12/15/2018,BZN,MT,ANM,WE,Federal Contract Tower,27,20,12,0,59,0,4,41,0,45,27,24,53,0,104,26,0,26,130
12/16/2018,BZN,MT,ANM,WE,Federal Contract Tower,39,18,30,0,87,0,2,48,0,50,39,20,78,0,137,40,0,40,177
12/17/2018,BZN,MT,ANM,WE,Federal Contract Tower,37,15,38,0,90,0,4,51,0,55,37,19,89,0,145,112,0,112,257
12/18/2018,BZN,MT,ANM,WE,Federal Contract Tower,32,21,26,0,79,0,1,56,2,59,32,22,82,2,138,170,0,170,308
12/19/2018,BZN,MT,ANM,WE,Federal Contract Tower,42,32,43,0,117,0,7,24,0,31,42,39,67,0,148,84,0,84,232
12/20/2018,BZN,MT,ANM,WE,Federal Contract Tower,54,36,31,0,121,0,0,71,0,71,54,36,102,0,192,128,0,128,320
12/21/2018,BZN,MT,ANM,WE,Federal Contract Tower,54,61,43,2,160,0,4,30,0,34,54,65,73,2,194,72,0,72,266
12/22/2018,BZN,MT,ANM,WE,Federal Contract Tower,58,58,38,0,154,0,3,70,0,73,58,61,108,0,227,20,0,20,247
12/23/2018,BZN,MT,ANM,WE,Federal Contract Tower,63,30,20,0,113,0,5,28,0,33,63,35,48,0,146,20,0,20,166
12/24/2018,BZN,MT,ANM,WE,Federal Contract Tower,50,18,10,0,78,0,2,9,0,11,50,20,19,0,89,58,0,58,147
12/25/2018,BZN,MT,ANM,WE,Federal Contract Tower,49,28,5,0,82,0,0,0,0,0,49,28,5,0,82,0,0,0,82
12/26/2018,BZN,MT,ANM,WE,Federal Contract Tower,64,61,46,0,171,0,0,22,6,28,64,61,68,6,199,50,0,50,249
12/27/2018,BZN,MT,ANM,WE,Federal Contract Tower,68,45,29,0,142,0,5,1,0,6,68,50,30,0,148,62,0,62,210
12/28/2018,BZN,MT,ANM,WE,Federal Contract Tower,66,51,39,0,156,0,10,27,0,37,66,61,66,0,193,90,0,90,283
12/29/2018,BZN,MT,ANM,WE,Federal Contract Tower,55,43,36,0,134,0,3,3,0,6,55,46,39,0,140,0,0,0,140
12/30/2018,BZN,MT,ANM,WE,Federal Contract Tower,58,21,20,0,99,0,0,1,0,1,58,21,21,0,100,0,0,0,100
12/31/2018,BZN,MT,ANM,WE,Federal Contract Tower,64,43,24,0,131,0,4,14,0,18,64,47,38,0,149,34,0,34,183
01/01/2019,BZN,MT,ANM,WE,Federal Contract Tower,55,44,31,0,130,0,0,9,0,9,55,44,40,0,139,16,0,16,155
01/02/2019,BZN,MT,ANM,WE,Federal Contract Tower,59,52,64,0,175,0,8,49,3,60,59,60,113,3,235,56,0,56,291
01/03/2019,BZN,MT,ANM,WE,Federal Contract Tower,55,39,40,13,147,0,4,67,0,71,55,43,107,13,218,70,0,70,288
01/04/2019,BZN,MT,ANM,WE,Federal Contract Tower,50,62,37,0,149,0,2,77,0,79,50,64,114,0,228,116,0,116,344
01/05/2019,BZN,MT,ANM,WE,Federal Contract Tower,52,41,34,0,127,0,3,82,0,85,52,44,116,0,212,40,0,40,252
01/06/2019,BZN,MT,ANM,WE,Federal Contract Tower,45,43,27,0,115,0,0,20,0,20,45,43,47,0,135,14,0,14,149
01/07/2019,BZN,MT,ANM,WE,Federal Contract Tower,40,21,13,0,74,0,3,5,0,8,40,24,18,0,82,30,0,30,112
01/08/2019,BZN,MT,ANM,WE,Federal Contract Tower,37,20,25,0,82,0,4,58,0,62,37,24,83,0,144,164,0,164,308
01/09/2019,BZN,MT,ANM,WE,Federal Contract Tower,37,28,18,0,83,0,2,64,0,66,37,30,82,0,149,110,0,110,259
01/10/2019,BZN,MT,ANM,WE,Federal Contract Tower,40,30,29,0,99,0,2,101,0,103,40,32,130,0,202,128,0,128,330
01/11/2019,BZN,MT,ANM,WE,Federal Contract Tower,39,37,39,0,115,0,1,124,0,125,39,38,163,0,240,174,0,174,414
01/12/2019,BZN,MT,ANM,WE,Federal Contract Tower,39,23,19,1,82,0,5,70,0,75,39,28,89,1,157,74,0,74,231
01/13/2019,BZN,MT,ANM,WE,Federal Contract Tower,44,23,19,1,87,0,2,33,0,35,44,25,52,1,122,68,0,68,190
01/14/2019,BZN,MT,ANM,WE,Federal Contract Tower,38,22,18,1,79,0,2,76,0,78,38,24,94,1,157,140,18,158,315
01/15/2019,BZN,MT,ANM,WE,Federal Contract Tower,38,21,22,0,81,0,0,93,0,93,38,21,115,0,174,88,0,88,262
01/16/2019,BZN,MT,ANM,WE,Federal Contract Tower,34,24,29,0,87,0,3,97,0,100,34,27,126,0,187,166,0,166,353
01/17/2019,BZN,MT,ANM,WE,Federal Contract Tower,43,52,45,1,141,0,0,20,2,22,43,52,65,3,163,50,0,50,213
01/18/2019,BZN,MT,ANM,WE,Federal Contract Tower,40,60,57,0,157,0,1,48,0,49,40,61,105,0,206,96,0,96,302
01/19/2019,BZN,MT,ANM,WE,Federal Contract Tower,41,27,24,0,92,0,5,72,0,77,41,32,96,0,169,112,0,112,281
01/20/2019,BZN,MT,ANM,WE,Federal Contract Tower,45,25,22,0,92,0,1,10,0,11,45,26,32,0,103,34,0,34,137
01/21/2019,BZN,MT,ANM,WE,Federal Contract Tower,41,74,49,0,164,0,2,3,0,5,41,76,52,0,169,0,0,0,169
01/22/2019,BZN,MT,ANM,WE,Federal Contract Tower,38,36,32,0,106,0,2,64,0,66,38,38,96,0,172,144,0,144,316
01/23/2019,BZN,MT,ANM,WE,Federal Contract Tower,34,36,17,0,87,0,0,0,0,0,34,36,17,0,87,0,0,0,87
01/24/2019,BZN,MT,ANM,WE,Federal Contract Tower,39,32,25,0,96,0,5,45,0,50,39,37,70,0,146,60,0,60,206
01/25/2019,BZN,MT,ANM,WE,Federal Contract Tower,38,42,35,0,115,0,1,3,0,4,38,43,38,0,119,4,0,4,123
01/26/2019,BZN,MT,ANM,WE,Federal Contract Tower,39,24,35,0,98,0,1,86,0,87,39,25,121,0,185,78,0,78,263
01/27/2019,BZN,MT,ANM,WE,Federal Contract Tower,43,36,43,0,122,0,2,5,0,7,43,38,48,0,129,26,0,26,155
01/28/2019,BZN,MT,ANM,WE,Federal Contract Tower,34,20,26,1,81,0,2,102,0,104,34,22,128,1,185,136,0,136,321
01/29/2019,BZN,MT,ANM,WE,Federal Contract Tower,37,30,25,4,96,0,0,122,0,122,37,30,147,4,218,156,0,156,374
01/30/2019,BZN,MT,ANM,WE,Federal Contract Tower,32,29,29,0,90,0,0,80,0,80,32,29,109,0,170,98,0,98,268
01/31/2019,BZN,MT,ANM,WE,Federal Contract Tower,37,34,55,0,126,0,6,116,0,122,37,40,171,0,248,134,0,134,382
02/01/2019,BZN,MT,ANM,WE,Federal Contract Tower,37,28,58,0,123,0,7,129,0,136,37,35,187,0,259,166,0,166,425
02/02/2019,BZN,MT,ANM,WE,Federal Contract Tower,45,19,24,0,88,0,2,26,5,33,45,21,50,5,121,14,0,14,135
02/03/2019,BZN,MT,ANM,WE,Federal Contract Tower,44,20,18,0,82,0,0,0,0,0,44,20,18,0,82,0,0,0,82
02/04/2019,BZN,MT,ANM,WE,Federal Contract Tower,39,23,36,0,98,0,2,8,0,10,39,25,44,0,108,28,0,28,136
02/05/2019,BZN,MT,ANM,WE,Federal Contract Tower,37,23,22,0,82,0,0,2,0,2,37,23,24,0,84,26,0,26,110
02/06/2019,BZN,MT,ANM,WE,Federal Contract Tower,34,34,18,0,86,0,0,12,0,12,34,34,30,0,98,50,0,50,148
02/07/2019,BZN,MT,ANM,WE,Federal Contract Tower,40,30,16,0,86,0,6,70,0,76,40,36,86,0,162,134,0,134,296
02/08/2019,BZN,MT,ANM,WE,Federal Contract Tower,39,36,32,0,107,0,2,81,0,83,39,38,113,0,190,200,0,200,390
02/09/2019,BZN,MT,ANM,WE,Federal Contract Tower,42,23,7,0,72,0,0,2,0,2,42,23,9,0,74,0,0,0,74
02/10/2019,BZN,MT,ANM,WE,Federal Contract Tower,42,49,26,0,117,0,0,17,0,17,42,49,43,0,134,58,0,58,192
02/11/2019,BZN,MT,ANM,WE,Federal Contract Tower,41,26,8,0,75,0,5,40,0,45,41,31,48,0,120,160,0,160,280
02/12/2019,BZN,MT,ANM,WE,Federal Contract Tower,41,39,46,0,126,0,0,105,0,105,41,39,151,0,231,116,0,116,347
02/13/2019,BZN,MT,ANM,WE,Federal Contract Tower,34,38,33,0,105,0,4,47,0,51,34,42,80,0,156,94,0,94,250
02/14/2019,BZN,MT,ANM,WE,Federal Contract Tower,49,59,75,0,183,0,0,38,0,38,49,59,113,0,221,26,0,26,247
02/15/2019,BZN,MT,ANM,WE,Federal Contract Tower,36,90,62,0,188,0,3,24,0,27,36,93,86,0,215,16,0,16,231
02/16/2019,BZN,MT,ANM,WE,Federal Contract Tower,46,52,28,0,126,0,3,35,0,38,46,55,63,0,164,26,0,26,190
02/17/2019,BZN,MT,ANM,WE,Federal Contract Tower,50,24,33,0,107,0,4,4,0,8,50,28,37,0,115,0,0,0,115
02/18/2019,BZN,MT,ANM,WE,Federal Contract Tower,41,85,99,0,225,0,0,5,0,5,41,85,104,0,230,4,0,4,234
02/19/2019,BZN,MT,ANM,WE,Federal Contract Tower,40,39,44,0,123,0,6,87,0,93,40,45,131,0,216,104,0,104,320
02/20/2019,BZN,MT,ANM,WE,Federal Contract Tower,39,47,30,0,116,0,0,3,0,3,39,47,33,0,119,12,0,12,131
02/21/2019,BZN,MT,ANM,WE,Federal Contract Tower,42,31,37,0,110,0,4,68,0,72,42,35,105,0,182,142,0,142,324
02/22/2019,BZN,MT,ANM,WE,Federal Contract Tower,43,31,42,0,116,0,1,153,0,154,43,32,195,0,270,138,0,138,408
02/23/2019,BZN,MT,ANM,WE,Federal Contract Tower,48,32,31,0,111,0,0,26,0,26,48,32,57,0,137,42,0,42,179
02/24/2019,BZN,MT,ANM,WE,Federal Contract Tower,51,40,33,0,124,0,0,0,0,0,51,40,33,0,124,0,0,0,124
02/25/2019,BZN,MT,ANM,WE,Federal Contract Tower,41,12,17,0,70,0,0,0,0,0,41,12,17,0,70,0,0,0,70
02/26/2019,BZN,MT,ANM,WE,Federal Contract Tower,42,30,21,0,93,0,0,0,0,0,42,30,21,0,93,0,0,0,93
02/27/2019,BZN,MT,ANM,WE,Federal Contract Tower,44,36,21,0,101,0,0,0,0,0,44,36,21,0,101,0,0,0,101
02/28/2019,BZN,MT,ANM,WE,Federal Contract Tower,41,27,33,0,101,0,0,48,0,48,41,27,81,0,149,44,0,44,193
03/01/2019,BZN,MT,ANM,WE,Federal Contract Tower,43,30,30,0,103,0,4,12,0,16,43,34,42,0,119,26,0,26,145
03/02/2019,BZN,MT,ANM,WE,Federal Contract Tower,51,20,12,0,83,0,0,0,0,0,51,20,12,0,83,0,0,0,83
03/03/2019,BZN,MT,ANM,WE,Federal Contract Tower,52,30,34,0,116,0,2,28,0,30,52,32,62,0,146,12,0,12,158
03/04/2019,BZN,MT,ANM,WE,Federal Contract Tower,46,18,25,0,89,0,0,22,0,22,46,18,47,0,111,82,0,82,193
03/05/2019,BZN,MT,ANM,WE,Federal Contract Tower,44,22,31,0,97,0,0,72,0,72,44,22,103,0,169,110,0,110,279
03/06/2019,BZN,MT,ANM,WE,Federal Contract Tower,45,31,47,0,123,0,2,18,0,20,45,33,65,0,143,24,0,24,167
03/07/2019,BZN,MT,ANM,WE,Federal Contract Tower,49,29,34,0,112,0,1,88,0,89,49,30,122,0,201,98,0,98,299
03/08/2019,BZN,MT,ANM,WE,Federal Contract Tower,51,45,44,0,140,0,2,0,0,2,51,47,44,0,142,0,0,0,142
03/09/2019,BZN,MT,ANM,WE,Federal Contract Tower,54,38,36,0,128,0,1,31,2,34,54,39,67,2,162,18,0,18,180
03/10/2019,BZN,MT,ANM,WE,Federal Contract Tower,53,37,57,0,147,0,2,76,0,78,53,39,133,0,225,116,20,136,361
03/11/2019,BZN,MT,ANM,WE,Federal Contract Tower,46,17,47,4,114,0,1,129,1,131,46,18,176,5,245,222,18,240,485
03/12/2019,BZN,MT,ANM,WE,Federal Contract Tower,46,25,64,2,137,0,3,134,1,138,46,28,198,3,275,164,0,164,439
03/13/2019,BZN,MT,ANM,WE,Federal Contract Tower,45,26,25,2,98,0,0,6,0,6,45,26,31,2,104,0,0,0,104
03/14/2019,BZN,MT,ANM,WE,Federal Contract Tower,47,28,47,0,122,0,3,91,1,95,47,31,138,1,217,116,0,116,333
03/15/2019,BZN,MT,ANM,WE,Federal Contract Tower,46,51,69,0,166,0,6,146,0,152,46,57,215,0,318,200,0,200,518
03/16/2019,BZN,MT,ANM,WE,Federal Contract Tower,58,34,41,2,135,0,1,96,0,97,58,35,137,2,232,82,0,82,314
03/17/2019,BZN,MT,ANM,WE,Federal Contract Tower,54,45,45,0,144,0,1,43,0,44,54,46,88,0,188,36,0,36,224
03/18/2019,BZN,MT,ANM,WE,Federal Contract Tower,42,27,62,0,131,0,4,98,0,102,42,31,160,0,233,142,0,142,375
03/19/2019,BZN,MT,ANM,WE,Federal Contract Tower,43,25,30,0,98,0,1,104,0,105,43,26,134,0,203,218,0,218,421
03/20/2019,BZN,MT,ANM,WE,Federal Contract Tower,48,34,56,0,138,0,8,138,0,146,48,42,194,0,284,132,0,132,416
03/21/2019,BZN,MT,ANM,WE,Federal Contract Tower,46,33,55,0,134,0,0,118,0,118,46,33,173,0,252,120,0,120,372
03/22/2019,BZN,MT,ANM,WE,Federal Contract Tower,42,27,48,0,117,0,4,103,0,107,42,31,151,0,224,176,0,176,400
03/23/2019,BZN,MT,ANM,WE,Federal Contract Tower,54,46,42,0,142,0,3,97,0,100,54,49,139,0,242,62,0,62,304
03/24/2019,BZN,MT,ANM,WE,Federal Contract Tower,53,26,45,0,124,0,6,31,0,37,53,32,76,0,161,16,0,16,177
03/25/2019,BZN,MT,ANM,WE,Federal Contract Tower,42,20,37,0,99,0,2,52,0,54,42,22,89,0,153,80,0,80,233
03/26/2019,BZN,MT,ANM,WE,Federal Contract Tower,44,27,52,0,123,0,3,101,0,104,44,30,153,0,227,114,0,114,341
03/27/2019,BZN,MT,ANM,WE,Federal Contract Tower,43,42,33,1,119,0,4,17,1,22,43,46,50,2,141,36,0,36,177
03/28/2019,BZN,MT,ANM,WE,Federal Contract Tower,47,28,25,0,100,0,0,0,0,0,47,28,25,0,100,0,0,0,100
03/29/2019,BZN,MT,ANM,WE,Federal Contract Tower,45,32,29,0,106,0,1,9,0,10,45,33,38,0,116,0,0,0,116
03/30/2019,BZN,MT,ANM,WE,Federal Contract Tower,52,34,30,0,116,1,132,0,0,133,53,166,30,0,249,60,0,60,309
03/31/2019,BZN,MT,ANM,WE,Federal Contract Tower,46,31,45,0,122,0,4,82,0,86,46,35,127,0,208,32,0,32,240
04/01/2019,BZN,MT,ANM,WE,Federal Contract Tower,42,18,38,0,98,0,1,66,0,67,42,19,104,0,165,166,0,166,331
04/02/2019,BZN,MT,ANM,WE,Federal Contract Tower,39,24,33,0,96,0,0,103,2,105,39,24,136,2,201,144,0,144,345
04/03/2019,BZN,MT,ANM,WE,Federal Contract Tower,34,32,16,1,83,0,4,95,4,103,34,36,111,5,186,110,0,110,296
04/04/2019,BZN,MT,ANM,WE,Federal Contract Tower,40,24,45,0,109,0,0,110,0,110,40,24,155,0,219,164,0,164,383
04/05/2019,BZN,MT,ANM,WE,Federal Contract Tower,38,25,27,0,90,0,4,93,2,99,38,29,120,2,189,194,0,194,383
04/06/2019,BZN,MT,ANM,WE,Federal Contract Tower,33,22,13,0,68,0,5,34,0,39,33,27,47,0,107,76,0,76,183
04/07/2019,BZN,MT,ANM,WE,Federal Contract Tower,41,24,39,0,104,0,0,42,0,42,41,24,81,0,146,42,0,42,188
04/08/2019,BZN,MT,ANM,WE,Federal Contract Tower,38,21,27,0,86,0,2,3,0,5,38,23,30,0,91,20,0,20,111
04/09/2019,BZN,MT,ANM,WE,Federal Contract Tower,36,28,50,0,114,0,2,11,0,13,36,30,61,0,127,16,0,16,143
04/10/2019,BZN,MT,ANM,WE,Federal Contract Tower,34,21,23,0,78,0,0,1,0,1,34,21,24,0,79,0,0,0,79
04/11/2019,BZN,MT,ANM,WE,Federal Contract Tower,38,18,22,0,78,0,2,36,0,38,38,20,58,0,116,46,0,46,162
04/12/2019,BZN,MT,ANM,WE,Federal Contract Tower,37,26,20,0,83,0,3,5,0,8,37,29,25,0,91,8,1,9,100
04/13/2019,BZN,MT,ANM,WE,Federal Contract Tower,32,20,38,0,90,0,2,126,0,128,32,22,164,0,218,176,0,176,394
04/14/2019,BZN,MT,ANM,WE,Federal Contract Tower,38,17,15,0,70,0,0,6,0,6,38,17,21,0,76,0,0,0,76
04/15/2019,BZN,MT,ANM,WE,Federal Contract Tower,37,17,32,0,86,0,1,85,0,86,37,18,117,0,172,180,0,180,352
04/16/2019,BZN,MT,ANM,WE,Federal Contract Tower,37,17,5,1,60,0,0,10,0,10,37,17,15,1,70,26,0,26,96
04/17/2019,BZN,MT,ANM,WE,Federal Contract Tower,38,21,17,0,76,0,9,33,0,42,38,30,50,0,118,98,2,100,218
04/18/2019,BZN,MT,ANM,WE,Federal Contract Tower,41,22,39,0,102,0,1,186,0,187,41,23,225,0,289,214,0,214,503
04/19/2019,BZN,MT,ANM,WE,Federal Contract Tower,37,24,30,0,91,0,2,99,0,101,37,26,129,0,192,130,0,130,322
04/20/2019,BZN,MT,ANM,WE,Federal Contract Tower,34,14,3,0,51,0,2,20,0,22,34,16,23,0,73,60,0,60,133
04/21/2019,BZN,MT,ANM,WE,Federal Contract Tower,37,27,18,0,82,0,0,3,0,3,37,27,21,0,85,0,0,0,85
04/22/2019,BZN,MT,ANM,WE,Federal Contract Tower,39,21,39,4,103,0,3,120,2,125,39,24,159,6,228,184,0,184,412
04/23/2019,BZN,MT,ANM,WE,Federal Contract Tower,40,17,17,0,74,0,1,68,2,71,40,18,85,2,145,152,0,152,297
04/24/2019,BZN,MT,ANM,WE,Federal Contract Tower,34,18,27,0,79,0,4,85,0,89,34,22,112,0,168,254,0,254,422
04/25/2019,BZN,MT,ANM,WE,Federal Contract Tower,43,17,39,0,99,0,4,151,0,155,43,21,190,0,254,154,0,154,408
04/26/2019,BZN,MT,ANM,WE,Federal Contract Tower,38,12,5,1,56,0,2,37,0,39,38,14,42,1,95,120,0,120,215
04/27/2019,BZN,MT,ANM,WE,Federal Contract Tower,32,15,20,1,68,0,1,58,0,59,32,16,78,1,127,32,0,32,159
04/28/2019,BZN,MT,ANM,WE,Federal Contract Tower,37,16,15,0,68,0,0,2,0,2,37,16,17,0,70,0,0,0,70
04/29/2019,BZN,MT,ANM,WE,Federal Contract Tower,38,11,24,0,73,0,4,84,0,88,38,15,108,0,161,168,0,168,329
04/30/2019,BZN,MT,ANM,WE,Federal Contract Tower,36,10,9,0,55,0,0,5,0,5,36,10,14,0,60,6,0,6,66
05/01/2019,BZN,MT,ANM,WE,Federal Contract Tower,39,27,31,0,97,0,1,137,0,138,39,28,168,0,235,94,0,94,329
05/02/2019,BZN,MT,ANM,WE,Federal Contract Tower,38,21,14,1,74,0,3,48,0,51,38,24,62,1,125,90,0,90,215
05/03/2019,BZN,MT,ANM,WE,Federal Contract Tower,40,12,31,0,83,0,1,152,1,154,40,13,183,1,237,226,14,240,477
05/04/2019,BZN,MT,ANM,WE,Federal Contract Tower,33,11,15,0,59,0,2,115,0,117,33,13,130,0,176,138,0,138,314
05/05/2019,BZN,MT,ANM,WE,Federal Contract Tower,43,12,16,0,71,0,2,37,2,41,43,14,53,2,112,56,4,60,172
05/06/2019,BZN,MT,ANM,WE,Federal Contract Tower,43,16,38,0,97,0,3,97,0,100,43,19,135,0,197,198,0,198,395
05/07/2019,BZN,MT,ANM,WE,Federal Contract Tower,35,24,35,0,94,0,0,67,0,67,35,24,102,0,161,74,0,74,235
05/08/2019,BZN,MT,ANM,WE,Federal Contract Tower,37,22,42,3,104,0,6,49,3,58,37,28,91,6,162,118,4,122,284
05/09/2019,BZN,MT,ANM,WE,Federal Contract Tower,42,17,36,0,95,0,6,130,0,136,42,23,166,0,231,178,0,178,409
05/10/2019,BZN,MT,ANM,WE,Federal Contract Tower,42,16,24,0,82,0,10,123,0,133,42,26,147,0,215,138,0,138,353
05/11/2019,BZN,MT,ANM,WE,Federal Contract Tower,37,11,25,0,73,0,1,95,0,96,37,12,120,0,169,70,0,70,239
05/12/2019,BZN,MT,ANM,WE,Federal Contract Tower,36,8,19,0,63,0,1,57,0,58,36,9,76,0,121,24,0,24,145
05/13/2019,BZN,MT,ANM,WE,Federal Contract Tower,43,12,14,0,69,0,4,77,0,81,43,16,91,0,150,122,0,122,272
05/14/2019,BZN,MT,ANM,WE,Federal Contract Tower,34,15,23,1,73,0,4,70,3,77,34,19,93,4,150,114,4,118,268
05/15/2019,BZN,MT,ANM,WE,Federal Contract Tower,36,14,32,0,82,0,7,98,0,105,36,21,130,0,187,176,0,176,363
05/16/2019,BZN,MT,ANM,WE,Federal Contract Tower,40,22,34,1,97,0,2,46,0,48,40,24,80,1,145,106,0,106,251
05/17/2019,BZN,MT,ANM,WE,Federal Contract Tower,43,27,15,0,85,0,1,4,3,8,43,28,19,3,93,22,0,22,115
05/18/2019,BZN,MT,ANM,WE,Federal Contract Tower,35,13,9,0,57,0,0,6,3,9,35,13,15,3,66,52,0,52,118
05/19/2019,BZN,MT,ANM,WE,Federal Contract Tower,41,13,10,0,64,0,1,9,0,10,41,14,19,0,74,30,0,30,104
05/20/2019,BZN,MT,ANM,WE,Federal Contract Tower,44,11,6,0,61,0,0,17,1,18,44,11,23,1,79,76,0,76,155
05/21/2019,BZN,MT,ANM,WE,Federal Contract Tower,36,25,30,2,93,0,0,41,0,41,36,25,71,2,134,98,14,112,246
05/22/2019,BZN,MT,ANM,WE,Federal Contract Tower,38,14,12,2,66,0,0,36,2,38,38,14,48,4,104,232,14,246,350
05/23/2019,BZN,MT,ANM,WE,Federal Contract Tower,40,22,32,1,95,0,2,68,0,70,40,24,100,1,165,38,2,40,205
05/24/2019,BZN,MT,ANM,WE,Federal Contract Tower,41,21,30,0,92,0,3,78,0,81,41,24,108,0,173,156,0,156,329
05/25/2019,BZN,MT,ANM,WE,Federal Contract Tower,38,12,21,0,71,0,1,55,0,56,38,13,76,0,127,98,0,98,225
05/26/2019,BZN,MT,ANM,WE,Federal Contract Tower,38,5,6,0,49,0,0,17,0,17,38,5,23,0,66,8,0,8,74
05/27/2019,BZN,MT,ANM,WE,Federal Contract Tower,43,16,20,0,79,0,0,30,0,30,43,16,50,0,109,34,0,34,143
05/28/2019,BZN,MT,ANM,WE,Federal Contract Tower,35,15,26,0,76,0,2,38,0,40,35,17,64,0,116,92,0,92,208
05/29/2019,BZN,MT,ANM,WE,Federal Contract Tower,38,16,39,0,93,0,2,158,4,164,38,18,197,4,257,176,0,176,433
05/30/2019,BZN,MT,ANM,WE,Federal Contract Tower,42,19,32,4,97,0,3,137,1,141,42,22,169,5,238,110,8,118,356
05/31/2019,BZN,MT,ANM,WE,Federal Contract Tower,45,10,53,0,108,0,2,75,0,77,45,12,128,0,185,86,0,86,271
06/01/2019,BZN,MT,ANM,WE,Federal Contract Tower,38,14,25,0,77,0,2,90,0,92,38,16,115,0,169,62,0,62,231
06/02/2019,BZN,MT,ANM,WE,Federal Contract Tower,41,11,7,0,59,0,1,48,0,49,41,12,55,0,108,28,0,28,136
06/03/2019,BZN,MT,ANM,WE,Federal Contract Tower,43,10,22,0,75,0,2,95,0,97,43,12,117,0,172,156,0,156,328
06/04/2019,BZN,MT,ANM,WE,Federal Contract Tower,33,19,38,0,90,0,0,115,0,115,33,19,153,0,205,126,0,126,331
06/05/2019,BZN,MT,ANM,WE,Federal Contract Tower,43,21,33,1,98,0,3,138,0,141,43,24,171,1,239,120,0,120,359
06/06/2019,BZN,MT,ANM,WE,Federal Contract Tower,49,15,25,0,89,0,2,57,0,59,49,17,82,0,148,76,0,76,224
06/07/2019,BZN,MT,ANM,WE,Federal Contract Tower,50,15,22,0,87,0,0,2,0,2,50,15,24,0,89,0,0,0,89
06/08/2019,BZN,MT,ANM,WE,Federal Contract Tower,62,11,9,0,82,0,3,9,0,12,62,14,18,0,94,18,0,18,112
06/09/2019,BZN,MT,ANM,WE,Federal Contract Tower,56,10,11,0,77,0,0,60,4,64,56,10,71,4,141,50,0,50,191
06/10/2019,BZN,MT,ANM,WE,Federal Contract Tower,53,17,54,1,125,0,3,107,3,113,53,20,161,4,238,118,22,140,378
06/11/2019,BZN,MT,ANM,WE,Federal Contract Tower,44,19,23,0,86,0,4,111,1,116,44,23,134,1,202,192,0,192,394
06/12/2019,BZN,MT,ANM,WE,Federal Contract Tower,51,24,51,2,128,0,5,146,0,151,51,29,197,2,279,232,0,232,511
06/13/2019,BZN,MT,ANM,WE,Federal Contract Tower,49,21,47,0,117,0,3,95,0,98,49,24,142,0,215,130,0,130,345
06/14/2019,BZN,MT,ANM,WE,Federal Contract Tower,50,22,35,3,110,0,2,82,4,88,50,24,117,7,198,178,0,178,376
06/15/2019,BZN,MT,ANM,WE,Federal Contract Tower,61,12,23,6,102,0,6,113,0,119,61,18,136,6,221,70,0,70,291
06/16/2019,BZN,MT,ANM,WE,Federal Contract Tower,57,16,30,1,104,0,2,41,1,44,57,18,71,2,148,0,0,0,148
06/17/2019,BZN,MT,ANM,WE,Federal Contract Tower,48,13,36,2,99,0,2,71,0,73,48,15,107,2,172,90,0,90,262
06/18/2019,BZN,MT,ANM,WE,Federal Contract Tower,45,23,34,0,102,0,2,78,0,80,45,25,112,0,182,60,0,60,242
06/19/2019,BZN,MT,ANM,WE,Federal Contract Tower,51,26,26,0,103,1,18,75,6,100,52,44,101,6,203,136,6,142,345
06/20/2019,BZN,MT,ANM,WE,Federal Contract Tower,61,23,20,0,104,0,0,84,6,90,61,23,104,6,194,108,0,108,302
06/21/2019,BZN,MT,ANM,WE,Federal Contract Tower,56,20,30,0,106,0,2,72,4,78,56,22,102,4,184,84,0,84,268
06/22/2019,BZN,MT,ANM,WE,Federal Contract Tower,68,16,17,0,101,0,3,24,0,27,68,19,41,0,128,72,0,72,200
06/23/2019,BZN,MT,ANM,WE,Federal Contract Tower,62,10,15,1,88,0,7,35,2,44,62,17,50,3,132,36,0,36,168
06/24/2019,BZN,MT,ANM,WE,Federal Contract Tower,55,17,42,0,114,0,3,115,4,122,55,20,157,4,236,122,0,122,358
06/25/2019,BZN,MT,ANM,WE,Federal Contract Tower,45,26,26,2,99,0,7,75,4,86,45,33,101,6,185,86,0,86,271
06/26/2019,BZN,MT,ANM,WE,Federal Contract Tower,55,25,43,1,124,0,2,115,6,123,55,27,158,7,247,162,0,162,409
06/27/2019,BZN,MT,ANM,WE,Federal Contract Tower,54,30,22,1,107,0,3,119,4,126,54,33,141,5,233,198,0,198,431
06/28/2019,BZN,MT,ANM,WE,Federal Contract Tower,51,26,38,1,116,0,2,118,5,125,51,28,156,6,241,102,0,102,343
06/29/2019,BZN,MT,ANM,WE,Federal Contract Tower,69,31,28,2,130,0,18,122,3,143,69,49,150,5,273,66,0,66,339
06/30/2019,BZN,MT,ANM,WE,Federal Contract Tower,62,16,31,0,109,0,2,74,0,76,62,18,105,0,185,70,0,70,255
07/01/2019,BZN,MT,ANM,WE,Federal Contract Tower,56,23,51,0,130,0,3,115,0,118,56,26,166,0,248,130,0,130,378
07/02/2019,BZN,MT,ANM,WE,Federal Contract Tower,51,23,44,0,118,0,5,102,0,107,51,28,146,0,225,88,0,88,313
07/03/2019,BZN,MT,ANM,WE,Federal Contract Tower,59,40,30,0,129,0,6,20,0,26,59,46,50,0,155,50,0,50,205
07/04/2019,BZN,MT,ANM,WE,Federal Contract Tower,42,11,12,0,65,0,3,49,0,52,42,14,61,0,117,34,0,34,151
07/05/2019,BZN,MT,ANM,WE,Federal Contract Tower,51,19,37,0,107,0,2,92,0,94,51,21,129,0,201,76,0,76,277
07/06/2019,BZN,MT,ANM,WE,Federal Contract Tower,71,26,29,0,126,0,4,74,0,78,71,30,103,0,204,42,0,42,246
07/07/2019,BZN,MT,ANM,WE,Federal Contract Tower,60,34,53,0,147,0,6,45,0,51,60,40,98,0,198,62,0,62,260
07/08/2019,BZN,MT,ANM,WE,Federal Contract Tower,50,17,39,0,106,0,3,74,0,77,50,20,113,0,183,68,0,68,251
07/09/2019,BZN,MT,ANM,WE,Federal Contract Tower,46,26,43,1,116,0,2,98,1,101,46,28,141,2,217,144,0,144,361
07/10/2019,BZN,MT,ANM,WE,Federal Contract Tower,51,27,41,1,120,0,3,126,0,129,51,30,167,1,249,150,0,150,399
07/11/2019,BZN,MT,ANM,WE,Federal Contract Tower,51,21,38,1,111,0,7,102,1,110,51,28,140,2,221,78,0,78,299
07/12/2019,BZN,MT,ANM,WE,Federal Contract Tower,50,27,37,1,115,0,4,123,1,128,50,31,160,2,243,104,0,104,347
07/13/2019,BZN,MT,ANM,WE,Federal Contract Tower,70,16,22,2,110,0,9,70,0,79,70,25,92,2,189,44,0,44,233
07/14/2019,BZN,MT,ANM,WE,Federal Contract Tower,59,37,23,1,120,0,6,63,0,69,59,43,86,1,189,88,0,88,277
07/15/2019,BZN,MT,ANM,WE,Federal Contract Tower,53,16,29,0,98,0,4,77,0,81,53,20,106,0,179,104,0,104,283
07/16/2019,BZN,MT,ANM,WE,Federal Contract Tower,49,31,45,0,125,0,0,87,0,87,49,31,132,0,212,80,0,80,292
07/17/2019,BZN,MT,ANM,WE,Federal Contract Tower,58,31,51,0,140,0,4,148,0,152,58,35,199,0,292,136,0,136,428
07/18/2019,BZN,MT,ANM,WE,Federal Contract Tower,50,35,41,2,128,0,5,123,0,128,50,40,164,2,256,160,4,164,420
07/19/2019,BZN,MT,ANM,WE,Federal Contract Tower,52,40,31,6,129,0,4,140,0,144,52,44,171,6,273,148,2,150,423
07/20/2019,BZN,MT,ANM,WE,Federal Contract Tower,73,24,31,0,128,0,2,136,0,138,73,26,167,0,266,62,0,62,328
07/21/2019,BZN,MT,ANM,WE,Federal Contract Tower,64,38,45,2,149,0,6,73,0,79,64,44,118,2,228,54,0,54,282
07/22/2019,BZN,MT,ANM,WE,Federal Contract Tower,52,21,37,0,110,0,2,97,2,101,52,23,134,2,211,146,0,146,357
07/23/2019,BZN,MT,ANM,WE,Federal Contract Tower,48,32,27,2,109,0,2,89,2,93,48,34,116,4,202,136,0,136,338
07/24/2019,BZN,MT,ANM,WE,Federal Contract Tower,56,30,41,0,127,0,3,88,0,91,56,33,129,0,218,112,0,112,330
07/25/2019,BZN,MT,ANM,WE,Federal Contract Tower,53,36,55,0,144,0,4,120,4,128,53,40,175,4,272,184,0,184,456
07/26/2019,BZN,MT,ANM,WE,Federal Contract Tower,52,37,56,0,145,0,5,145,0,150,52,42,201,0,295,138,0,138,433
07/27/2019,BZN,MT,ANM,WE,Federal Contract Tower,77,17,15,0,109,0,3,49,0,52,77,20,64,0,161,46,0,46,207
07/28/2019,BZN,MT,ANM,WE,Federal Contract Tower,57,23,55,0,135,0,10,79,0,89,57,33,134,0,224,36,0,36,260
07/29/2019,BZN,MT,ANM,WE,Federal Contract Tower,54,27,40,0,121,0,2,101,2,105,54,29,141,2,226,126,0,126,352
07/30/2019,BZN,MT,ANM,WE,Federal Contract Tower,49,19,36,0,104,0,2,116,0,118,49,21,152,0,222,160,0,160,382
07/31/2019,BZN,MT,ANM,WE,Federal Contract Tower,54,28,33,0,115,0,9,112,0,121,54,37,145,0,236,272,0,272,508
08/01/2019,BZN,MT,ANM,WE,Federal Contract Tower,55,14,42,0,111,0,4,89,0,93,55,18,131,0,204,148,0,148,352
08/02/2019,BZN,MT,ANM,WE,Federal Contract Tower,53,29,39,0,121,0,4,112,0,116,53,33,151,0,237,108,0,108,345
08/03/2019,BZN,MT,ANM,WE,Federal Contract Tower,72,30,25,1,128,0,4,83,0,87,72,34,108,1,215,78,2,80,295
08/04/2019,BZN,MT,ANM,WE,Federal Contract Tower,64,17,37,10,128,0,6,47,0,53,64,23,84,10,181,54,0,54,235
08/05/2019,BZN,MT,ANM,WE,Federal Contract Tower,52,21,39,2,114,0,2,99,1,102,52,23,138,3,216,182,0,182,398
08/06/2019,BZN,MT,ANM,WE,Federal Contract Tower,48,33,24,10,115,0,6,94,1,101,48,39,118,11,216,148,0,148,364
08/07/2019,BZN,MT,ANM,WE,Federal Contract Tower,55,24,31,4,114,0,10,146,1,157,55,34,177,5,271,134,10,144,415
08/08/2019,BZN,MT,ANM,WE,Federal Contract Tower,54,23,36,0,113,0,8,111,0,119,54,31,147,0,232,70,0,70,302
08/09/2019,BZN,MT,ANM,WE,Federal Contract Tower,52,24,45,0,121,0,0,73,2,75,52,24,118,2,196,130,0,130,326
08/10/2019,BZN,MT,ANM,WE,Federal Contract Tower,72,29,18,2,121,0,6,81,0,87,72,35,99,2,208,34,0,34,242
08/11/2019,BZN,MT,ANM,WE,Federal Contract Tower,63,40,26,2,131,0,3,13,8,24,63,43,39,10,155,6,4,10,165
08/12/2019,BZN,MT,ANM,WE,Federal Contract Tower,53,23,41,0,117,0,0,84,0,84,53,23,125,0,201,84,0,84,285
08/13/2019,BZN,MT,ANM,WE,Federal Contract Tower,49,29,38,0,116,0,0,124,0,124,49,29,162,0,240,186,0,186,426
08/14/2019,BZN,MT,ANM,WE,Federal Contract Tower,57,30,33,0,120,0,2,121,0,123,57,32,154,0,243,126,0,126,369
08/15/2019,BZN,MT,ANM,WE,Federal Contract Tower,53,33,30,4,120,0,2,101,8,111,53,35,131,12,231,134,0,134,365
08/16/2019,BZN,MT,ANM,WE,Federal Contract Tower,51,36,37,2,126,0,4,110,0,114,51,40,147,2,240,100,0,100,340
08/17/2019,BZN,MT,ANM,WE,Federal Contract Tower,67,26,23,0,116,0,6,64,0,70,67,32,87,0,186,54,0,54,240
08/18/2019,BZN,MT,ANM,WE,Federal Contract Tower,64,30,25,0,119,0,13,52,0,65,64,43,77,0,184,34,0,34,218
08/19/2019,BZN,MT,ANM,WE,Federal Contract Tower,52,18,29,0,99,0,0,97,0,97,52,18,126,0,196,120,0,120,316
08/20/2019,BZN,MT,ANM,WE,Federal Contract Tower,45,29,26,0,100,0,6,87,0,93,45,35,113,0,193,120,0,120,313
08/21/2019,BZN,MT,ANM,WE,Federal Contract Tower,52,33,31,0,116,0,7,86,0,93,52,40,117,0,209,68,0,68,277
08/22/2019,BZN,MT,ANM,WE,Federal Contract Tower,49,29,39,0,117,0,3,70,0,73,49,32,109,0,190,102,0,102,292
08/23/2019,BZN,MT,ANM,WE,Federal Contract Tower,46,26,46,2,120,0,4,101,0,105,46,30,147,2,225,132,0,132,357
08/24/2019,BZN,MT,ANM,WE,Federal Contract Tower,58,18,27,1,104,0,3,78,0,81,58,21,105,1,185,58,0,58,243
08/25/2019,BZN,MT,ANM,WE,Federal Contract Tower,47,26,29,0,102,0,5,54,0,59,47,31,83,0,161,22,0,22,183
08/26/2019,BZN,MT,ANM,WE,Federal Contract Tower,47,22,33,1,103,0,0,111,0,111,47,22,144,1,214,108,0,108,322
08/27/2019,BZN,MT,ANM,WE,Federal Contract Tower,41,21,51,9,122,0,0,104,0,104,41,21,155,9,226,98,0,98,324
08/28/2019,BZN,MT,ANM,WE,Federal Contract Tower,44,26,37,0,107,0,4,161,0,165,44,30,198,0,272,162,0,162,434
08/29/2019,BZN,MT,ANM,WE,Federal Contract Tower,42,35,38,0,115,0,2,144,0,146,42,37,182,0,261,110,0,110,371
08/30/2019,BZN,MT,ANM,WE,Federal Contract Tower,44,31,37,2,114,0,4,139,0,143,44,35,176,2,257,130,0,130,387
08/31/2019,BZN,MT,ANM,WE,Federal Contract Tower,48,19,16,0,83,0,4,102,4,110,48,23,118,4,193,88,0,88,281
09/01/2019,BZN,MT,ANM,WE,Federal Contract Tower,42,17,17,4,80,0,8,39,1,48,42,25,56,5,128,12,2,14,142
09/02/2019,BZN,MT,ANM,WE,Federal Contract Tower,42,22,30,3,97,0,1,58,0,59,42,23,88,3,156,36,0,36,192
09/03/2019,BZN,MT,ANM,WE,Federal Contract Tower,39,19,34,2,94,0,4,124,0,128,39,23,158,2,222,202,0,202,424
09/04/2019,BZN,MT,ANM,WE,Federal Contract Tower,37,26,25,0,88,0,5,133,0,138,37,31,158,0,226,78,2,80,306
09/05/2019,BZN,MT,ANM,WE,Federal Contract Tower,37,35,31,0,103,0,3,155,0,158,37,38,186,0,261,190,0,190,451
09/06/2019,BZN,MT,ANM,WE,Federal Contract Tower,41,28,34,0,103,0,0,70,0,70,41,28,104,0,173,102,0,102,275
09/07/2019,BZN,MT,ANM,WE,Federal Contract Tower,36,15,33,1,85,0,2,70,0,72,36,17,103,1,157,134,0,134,291
09/08/2019,BZN,MT,ANM,WE,Federal Contract Tower,38,20,28,0,86,0,4,45,0,49,38,24,73,0,135,16,0,16,151
09/09/2019,BZN,MT,ANM,WE,Federal Contract Tower,41,23,35,0,99,0,6,52,0,58,41,29,87,0,157,72,0,72,229
09/10/2019,BZN,MT,ANM,WE,Federal Contract Tower,32,37,37,1,107,0,3,68,0,71,32,40,105,1,178,114,0,114,292
09/11/2019,BZN,MT,ANM,WE,Federal Contract Tower,36,41,50,3,130,0,4,32,0,36,36,45,82,3,166,82,0,82,248
09/12/2019,BZN,MT,ANM,WE,Federal Contract Tower,34,27,47,0,108,0,4,157,0,161,34,31,204,0,269,178,0,178,447
09/13/2019,BZN,MT,ANM,WE,Federal Contract Tower,39,24,42,0,105,0,3,134,10,147,39,27,176,10,252,188,0,188,440
09/14/2019,BZN,MT,ANM,WE,Federal Contract Tower,40,16,31,0,87,0,7,95,0,102,40,23,126,0,189,74,0,74,263
09/15/2019,BZN,MT,ANM,WE,Federal Contract Tower,39,24,37,0,100,0,1,53,0,54,39,25,90,0,154,38,0,38,192
09/16/2019,BZN,MT,ANM,WE,Federal Contract Tower,39,25,26,0,90,0,0,102,0,102,39,25,128,0,192,96,0,96,288
09/17/2019,BZN,MT,ANM,WE,Federal Contract Tower,37,23,26,0,86,0,6,106,0,112,37,29,132,0,198,178,0,178,376
09/18/2019,BZN,MT,ANM,WE,Federal Contract Tower,36,23,46,0,105,0,2,175,0,177,36,25,221,0,282,292,0,292,574
09/19/2019,BZN,MT,ANM,WE,Federal Contract Tower,33,19,36,0,88,0,3,140,0,143,33,22,176,0,231,280,0,280,511
09/20/2019,BZN,MT,ANM,WE,Federal Contract Tower,40,19,28,0,87,0,0,45,0,45,40,19,73,0,132,104,0,104,236
09/21/2019,BZN,MT,ANM,WE,Federal Contract Tower,41,12,15,2,70,0,3,27,0,30,41,15,42,2,100,58,0,58,158
09/22/2019,BZN,MT,ANM,WE,Federal Contract Tower,39,22,31,0,92,0,3,83,0,86,39,25,114,0,178,72,0,72,250
09/23/2019,BZN,MT,ANM,WE,Federal Contract Tower,40,12,23,0,75,0,6,129,0,135,40,18,152,0,210,146,0,146,356
09/24/2019,BZN,MT,ANM,WE,Federal Contract Tower,37,18,26,0,81,0,6,87,0,93,37,24,113,0,174,120,0,120,294
09/25/2019,BZN,MT,ANM,WE,Federal Contract Tower,37,23,22,0,82,0,4,152,0,156,37,27,174,0,238,170,0,170,408
09/26/2019,BZN,MT,ANM,WE,Federal Contract Tower,36,25,31,0,92,0,0,87,2,89,36,25,118,2,181,166,0,166,347
09/27/2019,BZN,MT,ANM,WE,Federal Contract Tower,40,26,27,0,93,0,8,125,0,133,40,34,152,0,226,246,0,246,472
09/28/2019,BZN,MT,ANM,WE,Federal Contract Tower,41,20,11,0,72,0,0,4,0,4,41,20,15,0,76,50,0,50,126
09/29/2019,BZN,MT,ANM,WE,Federal Contract Tower,38,15,17,0,70,0,0,0,0,0,38,15,17,0,70,0,0,0,70
09/30/2019,BZN,MT,ANM,WE,Federal Contract Tower,40,15,13,0,68,0,0,22,0,22,40,15,35,0,90,144,0,144,234
10/01/2019,BZN,MT,ANM,WE,Federal Contract Tower,34,25,20,0,79,0,0,28,0,28,34,25,48,0,107,152,0,152,259
10/02/2019,BZN,MT,ANM,WE,Federal Contract Tower,35,20,33,0,88,0,0,125,0,125,35,20,158,0,213,228,0,228,441
10/03/2019,BZN,MT,ANM,WE,Federal Contract Tower,32,19,28,0,79,0,2,188,0,190,32,21,216,0,269,120,0,120,389
10/04/2019,BZN,MT,ANM,WE,Federal Contract Tower,36,26,24,0,86,0,0,94,0,94,36,26,118,0,180,128,0,128,308
10/05/2019,BZN,MT,ANM,WE,Federal Contract Tower,36,16,18,0,70,0,4,68,0,72,36,20,86,0,142,110,0,110,252
10/06/2019,BZN,MT,ANM,WE,Federal Contract Tower,35,13,11,0,59,0,2,69,0,71,35,15,80,0,130,34,0,34,164
10/07/2019,BZN,MT,ANM,WE,Federal Contract Tower,34,16,28,2,80,0,4,141,0,145,34,20,169,2,225,140,0,140,365
10/08/2019,BZN,MT,ANM,WE,Federal Contract Tower,34,16,16,0,66,0,5,63,0,68,34,21,79,0,134,50,0,50,184
10/09/2019,BZN,MT,ANM,WE,Federal Contract Tower,33,23,12,0,68,0,0,2,0,2,33,23,14,0,70,0,0,0,70
10/10/2019,BZN,MT,ANM,WE,Federal Contract Tower,33,26,25,0,84,0,5,80,0,85,33,31,105,0,169,106,0,106,275
10/11/2019,BZN,MT,ANM,WE,Federal Contract Tower,34,23,42,0,99,0,1,158,1,160,34,24,200,1,259,178,0,178,437
10/12/2019,BZN,MT,ANM,WE,Federal Contract Tower,35,15,19,1,70,0,3,96,2,101,35,18,115,3,171,50,0,50,221
10/13/2019,BZN,MT,ANM,WE,Federal Contract Tower,32,14,16,3,65,0,2,49,0,51,32,16,65,3,116,34,0,34,150
10/14/2019,BZN,MT,ANM,WE,Federal Contract Tower,36,16,27,0,79,0,4,104,0,108,36,20,131,0,187,158,0,158,345
10/15/2019,BZN,MT,ANM,WE,Federal Contract Tower,33,14,16,0,63,0,1,136,0,137,33,15,152,0,200,206,0,206,406
10/16/2019,BZN,MT,ANM,WE,Federal Contract Tower,32,21,32,0,85,0,4,143,0,147,32,25,175,0,232,194,0,194,426
10/17/2019,BZN,MT,ANM,WE,Federal Contract Tower,32,24,26,0,82,0,1,72,0,73,32,25,98,0,155,104,0,104,259
10/18/2019,BZN,MT,ANM,WE,Federal Contract Tower,33,14,21,0,68,0,2,63,0,65,33,16,84,0,133,88,0,88,221
10/19/2019,BZN,MT,ANM,WE,Federal Contract Tower,34,8,20,0,62,0,2,42,0,44,34,10,62,0,106,52,0,52,158
10/20/2019,BZN,MT,ANM,WE,Federal Contract Tower,36,9,14,0,59,0,2,4,0,6,36,11,18,0,65,8,0,8,73
10/21/2019,BZN,MT,ANM,WE,Federal Contract Tower,35,14,11,0,60,0,6,39,0,45,35,20,50,0,105,116,0,116,221
10/22/2019,BZN,MT,ANM,WE,Federal Contract Tower,34,18,27,0,79,0,0,52,0,52,34,18,79,0,131,88,0,88,219
10/23/2019,BZN,MT,ANM,WE,Federal Contract Tower,32,23,18,0,73,0,0,24,0,24,32,23,42,0,97,42,0,42,139
10/24/2019,BZN,MT,ANM,WE,Federal Contract Tower,34,32,22,0,88,0,3,146,0,149,34,35,168,0,237,180,0,180,417
10/25/2019,BZN,MT,ANM,WE,Federal Contract Tower,34,31,20,0,85,0,6,122,0,128,34,37,142,0,213,108,0,108,321
10/26/2019,BZN,MT,ANM,WE,Federal Contract Tower,36,12,4,0,52,0,2,2,0,4,36,14,6,0,56,2,0,2,58
10/27/2019,BZN,MT,ANM,WE,Federal Contract Tower,33,12,14,1,60,0,0,7,0,7,33,12,21,1,67,24,0,24,91
10/28/2019,BZN,MT,ANM,WE,Federal Contract Tower,33,17,13,0,63,0,0,0,0,0,33,17,13,0,63,0,0,0,63
10/29/2019,BZN,MT,ANM,WE,Federal Contract Tower,29,28,22,0,79,0,0,97,0,97,29,28,119,0,176,106,0,106,282
10/30/2019,BZN,MT,ANM,WE,Federal Contract Tower,31,20,21,0,72,0,15,107,0,122,31,35,128,0,194,158,0,158,352
10/31/2019,BZN,MT,ANM,WE,Federal Contract Tower,28,19,33,0,80,0,0,93,0,93,28,19,126,0,173,132,0,132,305
11/01/2019,BZN,MT,ANM,WE,Federal Contract Tower,30,19,28,0,77,0,4,84,0,88,30,23,112,0,165,158,0,158,323
11/02/2019,BZN,MT,ANM,WE,Federal Contract Tower,29,14,12,0,55,0,1,77,2,80,29,15,89,2,135,122,0,122,257
11/03/2019,BZN,MT,ANM,WE,Federal Contract Tower,30,12,12,0,54,0,2,25,0,27,30,14,37,0,81,96,0,96,177
11/04/2019,BZN,MT,ANM,WE,Federal Contract Tower,32,18,18,0,68,0,3,6,0,9,32,21,24,0,77,20,0,20,97
11/05/2019,BZN,MT,ANM,WE,Federal Contract Tower,24,18,27,0,69,0,3,116,0,119,24,21,143,0,188,136,0,136,324
11/06/2019,BZN,MT,ANM,WE,Federal Contract Tower,26,23,21,0,70,0,0,6,0,6,26,23,27,0,76,0,0,0,76
11/07/2019,BZN,MT,ANM,WE,Federal Contract Tower,31,20,19,0,70,0,1,53,0,54,31,21,72,0,124,114,0,114,238
11/08/2019,BZN,MT,ANM,WE,Federal Contract Tower,36,14,29,0,79,0,0,159,0,159,36,14,188,0,238,214,0,214,452
11/09/2019,BZN,MT,ANM,WE,Federal Contract Tower,31,16,19,0,66,0,2,68,0,70,31,18,87,0,136,94,0,94,230
11/10/2019,BZN,MT,ANM,WE,Federal Contract Tower,32,8,6,0,46,0,2,1,0,3,32,10,7,0,49,0,0,0,49
11/11/2019,BZN,MT,ANM,WE,Federal Contract Tower,38,11,16,0,65,0,1,80,0,81,38,12,96,0,146,58,0,58,204
11/12/2019,BZN,MT,ANM,WE,Federal Contract Tower,26,16,23,0,65,0,0,109,0,109,26,16,132,0,174,142,0,142,316
11/13/2019,BZN,MT,ANM,WE,Federal Contract Tower,29,20,39,0,88,0,3,135,0,138,29,23,174,0,226,128,0,128,354
11/14/2019,BZN,MT,ANM,WE,Federal Contract Tower,37,21,41,2,101,0,2,169,0,171,37,23,210,2,272,160,0,160,432
11/15/2019,BZN,MT,ANM,WE,Federal Contract Tower,36,21,36,0,93,0,3,137,0,140,36,24,173,0,233,154,0,154,387
11/16/2019,BZN,MT,ANM,WE,Federal Contract Tower,27,17,15,0,59,0,1,91,0,92,27,18,106,0,151,74,0,74,225
11/17/2019,BZN,MT,ANM,WE,Federal Contract Tower,33,13,11,0,57,0,5,13,0,18,33,18,24,0,75,2,0,2,77
11/18/2019,BZN,MT,ANM,WE,Federal Contract Tower,36,18,35,17,106,0,3,160,1,164,36,21,195,18,270,216,18,234,504
11/19/2019,BZN,MT,ANM,WE,Federal Contract Tower,25,24,35,0,84,0,0,79,2,81,25,24,114,2,165,106,0,106,271
11/20/2019,BZN,MT,ANM,WE,Federal Contract Tower,27,27,16,3,73,0,3,31,0,34,27,30,47,3,107,102,12,114,221
11/21/2019,BZN,MT,ANM,WE,Federal Contract Tower,36,19,43,4,102,0,0,138,1,139,36,19,181,5,241,188,0,188,429
11/22/2019,BZN,MT,ANM,WE,Federal Contract Tower,30,21,45,0,96,0,2,157,4,163,30,23,202,4,259,192,0,192,451
11/23/2019,BZN,MT,ANM,WE,Federal Contract Tower,30,21,17,0,68,0,3,66,4,73,30,24,83,4,141,78,0,78,219
11/24/2019,BZN,MT,ANM,WE,Federal Contract Tower,36,10,6,0,52,0,0,2,1,3,36,10,8,1,55,2,0,2,57
11/25/2019,BZN,MT,ANM,WE,Federal Contract Tower,35,20,34,0,89,0,0,64,0,64,35,20,98,0,153,122,0,122,275
11/26/2019,BZN,MT,ANM,WE,Federal Contract Tower,33,26,23,0,82,0,3,18,0,21,33,29,41,0,103,22,0,22,125
11/27/2019,BZN,MT,ANM,WE,Federal Contract Tower,33,32,20,0,85,0,0,7,0,7,33,32,27,0,92,28,0,28,120
11/28/2019,BZN,MT,ANM,WE,Federal Contract Tower,19,12,3,0,34,0,0,0,0,0,19,12,3,0,34,0,0,0,34
11/29/2019,BZN,MT,ANM,WE,Federal Contract Tower,21,15,11,0,47,0,0,0,0,0,21,15,11,0,47,0,0,0,47
11/30/2019,BZN,MT,ANM,WE,Federal Contract Tower,34,22,15,0,71,0,6,5,0,11,34,28,20,0,82,0,0,0,82
12/01/2019,BZN,MT,ANM,WE,Federal Contract Tower,37,25,44,0,106,0,0,35,0,35,37,25,79,0,141,16,0,16,157
12/02/2019,BZN,MT,ANM,WE,Federal Contract Tower,36,19,38,15,108,1,5,93,0,99,37,24,131,15,207,160,24,184,391
12/03/2019,BZN,MT,ANM,WE,Federal Contract Tower,30,21,38,0,89,0,2,128,0,130,30,23,166,0,219,141,0,141,360
12/04/2019,BZN,MT,ANM,WE,Federal Contract Tower,26,19,46,0,91,0,0,134,0,134,26,19,180,0,225,170,0,170,395
12/05/2019,BZN,MT,ANM,WE,Federal Contract Tower,33,22,50,8,113,0,5,90,1,96,33,27,140,9,209,124,16,140,349
12/06/2019,BZN,MT,ANM,WE,Federal Contract Tower,32,18,32,0,82,0,2,151,0,153,32,20,183,0,235,232,0,232,467
12/07/2019,BZN,MT,ANM,WE,Federal Contract Tower,31,8,23,0,62,0,1,66,0,67,31,9,89,0,129,76,0,76,205
12/08/2019,BZN,MT,ANM,WE,Federal Contract Tower,30,10,11,0,51,0,6,4,0,10,30,16,15,0,61,18,0,18,79
12/09/2019,BZN,MT,ANM,WE,Federal Contract Tower,33,5,29,0,67,0,0,80,0,80,33,5,109,0,147,160,0,160,307
12/10/2019,BZN,MT,ANM,WE,Federal Contract Tower,32,9,32,0,73,0,0,86,0,86,32,9,118,0,159,150,6,156,315
12/11/2019,BZN,MT,ANM,WE,Federal Contract Tower,28,24,16,2,70,0,1,90,0,91,28,25,106,2,161,178,0,178,339
12/12/2019,BZN,MT,ANM,WE,Federal Contract Tower,33,24,42,0,99,0,0,68,0,68,33,24,110,0,167,108,0,108,275
12/13/2019,BZN,MT,ANM,WE,Federal Contract Tower,32,26,45,0,103,0,2,85,0,87,32,28,130,0,190,134,0,134,324
12/14/2019,BZN,MT,ANM,WE,Federal Contract Tower,33,15,24,0,72,0,0,18,0,18,33,15,42,0,90,38,0,38,128
12/15/2019,BZN,MT,ANM,WE,Federal Contract Tower,39,16,12,0,67,0,0,17,0,17,39,16,29,0,84,22,0,22,106
12/16/2019,BZN,MT,ANM,WE,Federal Contract Tower,33,18,32,0,83,0,2,105,0,107,33,20,137,0,190,158,0,158,348
12/17/2019,BZN,MT,ANM,WE,Federal Contract Tower,28,26,30,0,84,0,3,72,0,75,28,29,102,0,159,52,0,52,211
12/18/2019,BZN,MT,ANM,WE,Federal Contract Tower,36,24,44,2,106,0,1,73,0,74,36,25,117,2,180,84,0,84,264
12/19/2019,BZN,MT,ANM,WE,Federal Contract Tower,48,34,37,0,119,0,0,75,0,75,48,34,112,0,194,92,0,92,286
12/20/2019,BZN,MT,ANM,WE,Federal Contract Tower,48,51,43,0,142,0,1,34,0,35,48,52,77,0,177,48,0,48,225
12/21/2019,BZN,MT,ANM,WE,Federal Contract Tower,74,65,52,0,191,0,0,57,0,57,74,65,109,0,248,36,0,36,284
12/22/2019,BZN,MT,ANM,WE,Federal Contract Tower,64,30,34,2,130,0,0,43,0,43,64,30,77,2,173,24,0,24,197
12/23/2019,BZN,MT,ANM,WE,Federal Contract Tower,66,39,23,0,128,0,5,51,0,56,66,44,74,0,184,30,0,30,214
12/24/2019,BZN,MT,ANM,WE,Federal Contract Tower,56,32,10,0,98,0,0,0,0,0,56,32,10,0,98,0,0,0,98
12/25/2019,BZN,MT,ANM,WE,Federal Contract Tower,53,26,10,0,89,0,2,2,0,4,53,28,12,0,93,12,0,12,105
12/26/2019,BZN,MT,ANM,WE,Federal Contract Tower,70,71,67,0,208,0,2,40,0,42,70,73,107,0,250,54,0,54,304
12/27/2019,BZN,MT,ANM,WE,Federal Contract Tower,65,73,69,0,207,0,1,63,4,68,65,74,132,4,275,88,0,88,363
12/28/2019,BZN,MT,ANM,WE,Federal Contract Tower,64,46,44,0,154,0,4,36,0,40,64,50,80,0,194,28,0,28,222
12/29/2019,BZN,MT,ANM,WE,Federal Contract Tower,67,28,24,0,119,0,2,12,0,14,67,30,36,0,133,8,0,8,141
12/30/2019,BZN,MT,ANM,WE,Federal Contract Tower,65,40,34,1,140,0,2,74,0,76,65,42,108,1,216,82,0,82,298
12/31/2019,BZN,MT,ANM,WE,Federal Contract Tower,62,41,31,0,134,0,2,30,0,32,62,43,61,0,166,88,0,88,254
01/01/2020,BZN,MT,ANM,WE,Federal Contract Tower,64,38,33,0,135,0,3,3,0,6,64,41,36,0,141,0,0,0,141
01/02/2020,BZN,MT,ANM,WE,Federal Contract Tower,67,65,39,0,171,0,5,28,0,33,67,70,67,0,204,54,0,54,258
01/03/2020,BZN,MT,ANM,WE,Federal Contract Tower,61,76,55,0,192,0,2,39,0,41,61,78,94,0,233,56,0,56,289
01/04/2020,BZN,MT,ANM,WE,Federal Contract Tower,66,73,41,0,180,0,2,6,0,8,66,75,47,0,188,0,0,0,188
01/05/2020,BZN,MT,ANM,WE,Federal Contract Tower,69,39,39,0,147,0,0,41,0,41,69,39,80,0,188,20,0,20,208
01/06/2020,BZN,MT,ANM,WE,Federal Contract Tower,43,31,22,0,96,0,0,18,0,18,43,31,40,0,114,22,0,22,136
01/07/2020,BZN,MT,ANM,WE,Federal Contract Tower,41,37,27,0,105,0,2,65,0,67,41,39,92,0,172,82,0,82,254
01/08/2020,BZN,MT,ANM,WE,Federal Contract Tower,40,34,27,0,101,0,2,19,0,21,40,36,46,0,122,30,0,30,152
01/10/2020,BZN,MT,ANM,WE,Federal Contract Tower,46,32,39,0,117,0,3,60,0,63,46,35,99,0,180,94,0,94,274
01/11/2020,BZN,MT,ANM,WE,Federal Contract Tower,53,31,25,0,109,0,3,47,0,50,53,34,72,0,159,44,0,44,203
01/12/2020,BZN,MT,ANM,WE,Federal Contract Tower,49,31,41,0,121,0,4,11,0,15,49,35,52,0,136,2,0,2,138
01/13/2020,BZN,MT,ANM,WE,Federal Contract Tower,48,28,9,0,85,0,1,39,0,40,48,29,48,0,125,48,0,48,173
01/14/2020,BZN,MT,ANM,WE,Federal Contract Tower,47,26,13,0,86,0,2,12,0,14,47,28,25,0,100,24,0,24,124
01/15/2020,BZN,MT,ANM,WE,Federal Contract Tower,42,44,23,0,109,0,7,126,0,133,42,51,149,0,242,172,0,172,414
01/16/2020,BZN,MT,ANM,WE,Federal Contract Tower,50,54,66,0,170,0,7,95,0,102,50,61,161,0,272,108,0,108,380
01/17/2020,BZN,MT,ANM,WE,Federal Contract Tower,46,82,54,1,183,0,2,23,0,25,46,84,77,1,208,76,0,76,284
01/18/2020,BZN,MT,ANM,WE,Federal Contract Tower,51,24,13,0,88,0,1,83,2,86,51,25,96,2,174,164,0,164,338
01/19/2020,BZN,MT,ANM,WE,Federal Contract Tower,48,33,20,1,102,0,4,57,1,62,48,37,77,2,164,46,0,46,210
01/20/2020,BZN,MT,ANM,WE,Federal Contract Tower,42,102,68,0,212,0,2,124,0,126,42,104,192,0,338,130,0,130,468
01/21/2020,BZN,MT,ANM,WE,Federal Contract Tower,43,50,47,0,140,0,2,133,0,135,43,52,180,0,275,174,0,174,449
01/22/2020,BZN,MT,ANM,WE,Federal Contract Tower,40,49,22,0,111,0,1,113,0,114,40,50,135,0,225,184,0,184,409
01/23/2020,BZN,MT,ANM,WE,Federal Contract Tower,46,47,22,0,115,0,0,69,0,69,46,47,91,0,184,162,0,162,346
01/24/2020,BZN,MT,ANM,WE,Federal Contract Tower,48,52,33,2,135,0,0,115,0,115,48,52,148,2,250,192,0,192,442
01/25/2020,BZN,MT,ANM,WE,Federal Contract Tower,52,27,34,0,113,0,0,76,0,76,52,27,110,0,189,52,0,52,241
01/26/2020,BZN,MT,ANM,WE,Federal Contract Tower,52,42,31,0,125,0,3,20,0,23,52,45,51,0,148,2,0,2,150
01/27/2020,BZN,MT,ANM,WE,Federal Contract Tower,46,32,27,0,105,0,5,62,0,67,46,37,89,0,172,110,0,110,282
01/28/2020,BZN,MT,ANM,WE,Federal Contract Tower,47,36,20,6,109,0,3,50,0,53,47,39,70,6,162,104,0,104,266
01/29/2020,BZN,MT,ANM,WE,Federal Contract Tower,41,50,52,6,149,0,3,131,0,134,41,53,183,6,283,182,0,182,465
01/30/2020,BZN,MT,ANM,WE,Federal Contract Tower,46,53,38,0,137,0,2,116,0,118,46,55,154,0,255,110,0,110,365
01/31/2020,BZN,MT,ANM,WE,Federal Contract Tower,46,41,26,0,113,0,4,66,0,70,46,45,92,0,183,100,0,100,283
02/01/2020,BZN,MT,ANM,WE,Federal Contract Tower,50,18,23,0,91,0,2,3,0,5,50,20,26,0,96,10,0,10,106
02/02/2020,BZN,MT,ANM,WE,Federal Contract Tower,47,36,30,0,113,0,0,0,0,0,47,36,30,0,113,0,0,0,113
02/03/2020,BZN,MT,ANM,WE,Federal Contract Tower,44,43,56,2,145,0,1,76,0,77,44,44,132,2,222,82,0,82,304
02/04/2020,BZN,MT,ANM,WE,Federal Contract Tower,43,43,41,0,127,0,0,135,2,137,43,43,176,2,264,140,0,140,404
02/05/2020,BZN,MT,ANM,WE,Federal Contract Tower,39,43,28,0,110,0,0,5,10,15,39,43,33,10,125,10,0,10,135
02/06/2020,BZN,MT,ANM,WE,Federal Contract Tower,47,31,30,0,108,0,0,0,0,0,47,31,30,0,108,0,0,0,108
02/07/2020,BZN,MT,ANM,WE,Federal Contract Tower,46,41,31,0,118,0,2,15,4,21,46,43,46,4,139,14,0,14,153
02/08/2020,BZN,MT,ANM,WE,Federal Contract Tower,54,19,18,0,91,0,0,6,0,6,54,19,24,0,97,0,0,0,97
02/09/2020,BZN,MT,ANM,WE,Federal Contract Tower,50,30,47,0,127,0,4,36,0,40,50,34,83,0,167,20,0,20,187
02/10/2020,BZN,MT,ANM,WE,Federal Contract Tower,44,29,42,0,115,0,3,83,2,88,44,32,125,2,203,114,0,114,317
02/11/2020,BZN,MT,ANM,WE,Federal Contract Tower,44,23,24,0,91,0,2,73,2,77,44,25,97,2,168,126,0,126,294
02/12/2020,BZN,MT,ANM,WE,Federal Contract Tower,42,41,33,0,116,0,0,27,0,27,42,41,60,0,143,78,0,78,221
02/13/2020,BZN,MT,ANM,WE,Federal Contract Tower,56,97,73,0,226,0,2,140,0,142,56,99,213,0,368,148,0,148,516
02/14/2020,BZN,MT,ANM,WE,Federal Contract Tower,52,67,58,0,177,0,1,14,0,15,52,68,72,0,192,4,0,4,196
02/15/2020,BZN,MT,ANM,WE,Federal Contract Tower,58,48,42,0,148,0,5,5,0,10,58,53,47,0,158,10,0,10,168
02/16/2020,BZN,MT,ANM,WE,Federal Contract Tower,59,32,31,0,122,0,2,3,0,5,59,34,34,0,127,0,0,0,127
02/17/2020,BZN,MT,ANM,WE,Federal Contract Tower,49,79,80,0,208,0,0,11,0,11,49,79,91,0,219,10,0,10,229
02/18/2020,BZN,MT,ANM,WE,Federal Contract Tower,51,58,54,0,163,0,3,101,0,104,51,61,155,0,267,98,0,98,365
02/19/2020,BZN,MT,ANM,WE,Federal Contract Tower,51,47,45,0,143,0,0,92,0,92,51,47,137,0,235,60,0,60,295
02/20/2020,BZN,MT,ANM,WE,Federal Contract Tower,53,51,50,0,154,0,2,139,0,141,53,53,189,0,295,110,0,110,405
02/21/2020,BZN,MT,ANM,WE,Federal Contract Tower,50,40,66,0,156,0,3,130,0,133,50,43,196,0,289,172,0,172,461
02/22/2020,BZN,MT,ANM,WE,Federal Contract Tower,59,32,38,0,129,0,1,100,0,101,59,33,138,0,230,114,0,114,344
02/23/2020,BZN,MT,ANM,WE,Federal Contract Tower,62,42,52,2,158,0,2,36,0,38,62,44,88,2,196,6,0,6,202
02/24/2020,BZN,MT,ANM,WE,Federal Contract Tower,52,15,21,0,88,0,0,10,0,10,52,15,31,0,98,44,0,44,142
02/25/2020,BZN,MT,ANM,WE,Federal Contract Tower,50,40,31,0,121,0,3,85,0,88,50,43,116,0,209,132,0,132,341
02/26/2020,BZN,MT,ANM,WE,Federal Contract Tower,50,45,46,3,144,0,0,125,0,125,50,45,171,3,269,264,4,268,537
02/27/2020,BZN,MT,ANM,WE,Federal Contract Tower,54,37,45,0,136,0,2,121,0,123,54,39,166,0,259,166,6,172,431
02/28/2020,BZN,MT,ANM,WE,Federal Contract Tower,49,32,53,1,135,0,2,122,0,124,49,34,175,1,259,142,0,142,401
02/29/2020,BZN,MT,ANM,WE,Federal Contract Tower,59,32,18,0,109,0,5,35,0,40,59,37,53,0,149,14,0,14,163
03/01/2020,BZN,MT,ANM,WE,Federal Contract Tower,62,25,36,0,123,0,2,27,0,29,62,27,63,0,152,16,0,16,168
03/02/2020,BZN,MT,ANM,WE,Federal Contract Tower,52,19,24,2,97,0,0,93,3,96,52,19,117,5,193,194,15,209,402
03/03/2020,BZN,MT,ANM,WE,Federal Contract Tower,52,28,25,0,105,0,2,17,0,19,52,30,42,0,124,36,0,36,160
03/04/2020,BZN,MT,ANM,WE,Federal Contract Tower,53,28,21,0,102,0,4,4,0,8,53,32,25,0,110,0,0,0,110
03/05/2020,BZN,MT,ANM,WE,Federal Contract Tower,55,50,54,0,159,0,4,148,0,152,55,54,202,0,311,220,6,226,537
03/06/2020,BZN,MT,ANM,WE,Federal Contract Tower,52,59,40,0,151,0,6,115,0,121,52,65,155,0,272,134,0,134,406
03/07/2020,BZN,MT,ANM,WE,Federal Contract Tower,64,36,34,0,134,0,1,60,0,61,64,37,94,0,195,94,0,94,289
03/08/2020,BZN,MT,ANM,WE,Federal Contract Tower,59,55,55,0,169,0,0,10,0,10,59,55,65,0,179,2,0,2,181
03/09/2020,BZN,MT,ANM,WE,Federal Contract Tower,51,29,24,0,104,0,0,9,0,9,51,29,33,0,113,28,0,28,141
03/10/2020,BZN,MT,ANM,WE,Federal Contract Tower,51,36,33,0,120,0,1,89,0,90,51,37,122,0,210,96,0,96,306
03/11/2020,BZN,MT,ANM,WE,Federal Contract Tower,51,42,39,0,132,0,2,35,0,37,51,44,74,0,169,90,0,90,259
03/12/2020,BZN,MT,ANM,WE,Federal Contract Tower,57,64,51,0,172,0,1,101,0,102,57,65,152,0,274,234,0,234,508
03/13/2020,BZN,MT,ANM,WE,Federal Contract Tower,53,61,66,2,182,0,0,60,0,60,53,61,126,2,242,104,0,104,346
03/14/2020,BZN,MT,ANM,WE,Federal Contract Tower,71,67,30,0,168,0,0,0,0,0,71,67,30,0,168,0,0,0,168
03/15/2020,BZN,MT,ANM,WE,Federal Contract Tower,64,47,35,0,146,0,0,9,0,9,64,47,44,0,155,0,0,0,155
03/16/2020,BZN,MT,ANM,WE,Federal Contract Tower,55,60,49,0,164,0,0,48,0,48,55,60,97,0,212,244,0,244,456
03/17/2020,BZN,MT,ANM,WE,Federal Contract Tower,57,51,49,0,157,0,0,63,0,63,57,51,112,0,220,88,0,88,308
03/18/2020,BZN,MT,ANM,WE,Federal Contract Tower,46,33,19,0,98,0,0,9,0,9,46,33,28,0,107,60,0,60,167
03/19/2020,BZN,MT,ANM,WE,Federal Contract Tower,51,26,18,0,95,0,0,5,0,5,51,26,23,0,100,64,0,64,164
03/21/2020,BZN,MT,ANM,WE,Federal Contract Tower,40,18,24,0,82,0,4,102,0,106,40,22,126,0,188,102,0,102,290
03/22/2020,BZN,MT,ANM,WE,Federal Contract Tower,40,14,11,0,65,0,1,55,0,56,40,15,66,0,121,30,0,30,151
03/23/2020,BZN,MT,ANM,WE,Federal Contract Tower,26,13,20,0,59,0,0,87,0,87,26,13,107,0,146,314,0,314,460
03/24/2020,BZN,MT,ANM,WE,Federal Contract Tower,34,15,11,0,60,0,0,25,0,25,34,15,36,0,85,46,0,46,131
03/25/2020,BZN,MT,ANM,WE,Federal Contract Tower,26,20,4,0,50,0,0,14,0,14,26,20,18,0,64,52,0,52,116
03/26/2020,BZN,MT,ANM,WE,Federal Contract Tower,30,20,22,0,72,0,1,91,0,92,30,21,113,0,164,162,0,162,326
03/27/2020,BZN,MT,ANM,WE,Federal Contract Tower,22,17,11,0,50,0,4,68,0,72,22,21,79,0,122,170,0,170,292
03/28/2020,BZN,MT,ANM,WE,Federal Contract Tower,29,11,4,0,44,0,0,11,0,11,29,11,15,0,55,0,0,0,55
03/29/2020,BZN,MT,ANM,WE,Federal Contract Tower,20,12,16,0,48,0,2,51,0,53,20,14,67,0,101,56,0,56,157
03/30/2020,BZN,MT,ANM,WE,Federal Contract Tower,17,14,15,0,46,0,0,30,0,30,17,14,45,0,76,26,0,26,102
03/31/2020,BZN,MT,ANM,WE,Federal Contract Tower,18,19,2,0,39,0,0,9,0,9,18,19,11,0,48,16,0,16,64
04/01/2020,BZN,MT,ANM,WE,Federal Contract Tower,22,11,2,0,35,0,0,6,0,6,22,11,8,0,41,24,0,24,65
04/02/2020,BZN,MT,ANM,WE,Federal Contract Tower,19,10,15,0,44,0,2,35,0,37,19,12,50,0,81,44,0,44,125
04/03/2020,BZN,MT,ANM,WE,Federal Contract Tower,14,19,10,0,43,0,0,30,0,30,14,19,40,0,73,22,0,22,95
04/04/2020,BZN,MT,ANM,WE,Federal Contract Tower,14,8,14,0,36,0,1,59,0,60,14,9,73,0,96,30,0,30,126
04/05/2020,BZN,MT,ANM,WE,Federal Contract Tower,13,2,5,0,20,0,4,13,0,17,13,6,18,0,37,56,0,56,93
04/06/2020,BZN,MT,ANM,WE,Federal Contract Tower,10,5,7,0,22,0,2,22,0,24,10,7,29,0,46,4,0,4,50
04/07/2020,BZN,MT,ANM,WE,Federal Contract Tower,12,11,12,0,35,0,0,21,0,21,12,11,33,0,56,10,0,10,66
04/08/2020,BZN,MT,ANM,WE,Federal Contract Tower,14,19,15,0,48,0,1,70,0,71,14,20,85,0,119,50,0,50,169
04/09/2020,BZN,MT,ANM,WE,Federal Contract Tower,16,18,5,0,39,0,0,62,0,62,16,18,67,0,101,59,0,59,160
04/10/2020,BZN,MT,ANM,WE,Federal Contract Tower,15,27,11,0,53,0,0,59,0,59,15,27,70,0,112,88,0,88,200
04/11/2020,BZN,MT,ANM,WE,Federal Contract Tower,12,11,0,0,23,0,0,0,0,0,12,11,0,0,23,0,0,0,23
04/12/2020,BZN,MT,ANM,WE,Federal Contract Tower,9,3,4,0,16,0,0,16,0,16,9,3,20,0,32,14,0,14,46
04/13/2020,BZN,MT,ANM,WE,Federal Contract Tower,14,4,7,0,25,0,1,34,0,35,14,5,41,0,60,78,0,78,138
04/14/2020,BZN,MT,ANM,WE,Federal Contract Tower,15,10,18,0,43,0,0,17,0,17,15,10,35,0,60,36,0,36,96
04/15/2020,BZN,MT,ANM,WE,Federal Contract Tower,12,14,8,0,34,0,0,10,0,10,12,14,18,0,44,4,0,4,48
04/16/2020,BZN,MT,ANM,WE,Federal Contract Tower,9,15,19,0,43,0,0,20,0,20,9,15,39,0,63,20,0,20,83
04/17/2020,BZN,MT,ANM,WE,Federal Contract Tower,11,13,19,1,44,0,0,40,0,40,11,13,59,1,84,24,0,24,108
04/18/2020,BZN,MT,ANM,WE,Federal Contract Tower,9,21,12,0,42,0,1,50,0,51,9,22,62,0,93,62,0,62,155
04/19/2020,BZN,MT,ANM,WE,Federal Contract Tower,8,9,11,0,28,0,0,21,0,21,8,9,32,0,49,24,0,24,73
04/20/2020,BZN,MT,ANM,WE,Federal Contract Tower,11,6,8,0,25,0,0,55,0,55,11,6,63,0,80,108,0,108,188
04/21/2020,BZN,MT,ANM,WE,Federal Contract Tower,11,13,14,1,39,0,2,50,6,58,11,15,64,7,97,16,0,16,113
04/22/2020,BZN,MT,ANM,WE,Federal Contract Tower,10,10,13,0,33,0,2,36,0,38,10,12,49,0,71,30,0,30,101
04/23/2020,BZN,MT,ANM,WE,Federal Contract Tower,12,9,7,0,28,0,1,5,0,6,12,10,12,0,34,4,0,4,38
04/24/2020,BZN,MT,ANM,WE,Federal Contract Tower,11,10,11,0,32,0,0,42,0,42,11,10,53,0,74,34,0,34,108
04/25/2020,BZN,MT,ANM,WE,Federal Contract Tower,9,11,9,0,29,0,2,57,0,59,9,13,66,0,88,38,0,38,126
04/26/2020,BZN,MT,ANM,WE,Federal Contract Tower,8,1,5,0,14,0,2,25,0,27,8,3,30,0,41,0,0,0,41
04/27/2020,BZN,MT,ANM,WE,Federal Contract Tower,12,9,14,0,35,0,0,66,0,66,12,9,80,0,101,168,0,168,269
04/28/2020,BZN,MT,ANM,WE,Federal Contract Tower,12,10,15,0,37,0,0,106,0,106,12,10,121,0,143,134,0,134,277
04/29/2020,BZN,MT,ANM,WE,Federal Contract Tower,8,15,24,0,47,0,0,151,0,151,8,15,175,0,198,188,0,188,386
04/30/2020,BZN,MT,ANM,WE,Federal Contract Tower,8,17,7,0,32,0,0,30,0,30,8,17,37,0,62,124,0,124,186
05/01/2020,BZN,MT,ANM,WE,Federal Contract Tower,12,23,26,0,61,0,2,106,0,108,12,25,132,0,169,184,0,184,353
05/02/2020,BZN,MT,ANM,WE,Federal Contract Tower,7,8,12,0,27,0,1,75,0,76,7,9,87,0,103,56,0,56,159
05/03/2020,BZN,MT,ANM,WE,Federal Contract Tower,11,3,7,0,21,0,2,14,0,16,11,5,21,0,37,12,0,12,49
05/04/2020,BZN,MT,ANM,WE,Federal Contract Tower,8,13,30,0,51,0,1,105,0,106,8,14,135,0,157,180,0,180,337
05/05/2020,BZN,MT,ANM,WE,Federal Contract Tower,8,16,33,0,57,0,0,140,0,140,8,16,173,0,197,204,0,204,401
05/06/2020,BZN,MT,ANM,WE,Federal Contract Tower,13,16,30,0,59,0,0,70,8,78,13,16,100,8,137,84,0,84,221
05/07/2020,BZN,MT,ANM,WE,Federal Contract Tower,10,20,26,0,56,0,0,21,0,21,10,20,47,0,77,36,0,36,113
05/08/2020,BZN,MT,ANM,WE,Federal Contract Tower,13,20,30,0,63,0,0,78,0,78,13,20,108,0,141,202,0,202,343
05/09/2020,BZN,MT,ANM,WE,Federal Contract Tower,14,18,48,0,80,0,0,92,0,92,14,18,140,0,172,102,0,102,274
05/10/2020,BZN,MT,ANM,WE,Federal Contract Tower,11,0,10,0,21,0,0,25,0,25,11,0,35,0,46,0,0,0,46
05/11/2020,BZN,MT,ANM,WE,Federal Contract Tower,11,7,7,0,25,0,2,7,0,9,11,9,14,0,34,34,0,34,68
05/12/2020,BZN,MT,ANM,WE,Federal Contract Tower,10,18,25,0,53,0,0,50,0,50,10,18,75,0,103,134,0,134,237
05/13/2020,BZN,MT,ANM,WE,Federal Contract Tower,10,9,43,0,62,0,4,83,0,87,10,13,126,0,149,114,0,114,263
05/14/2020,BZN,MT,ANM,WE,Federal Contract Tower,13,19,37,0,69,0,2,124,0,126,13,21,161,0,195,168,0,168,363
05/15/2020,BZN,MT,ANM,WE,Federal Contract Tower,10,19,14,0,43,0,3,34,0,37,10,22,48,0,80,108,0,108,188
05/16/2020,BZN,MT,ANM,WE,Federal Contract Tower,16,10,23,0,49,0,0,108,0,108,16,10,131,0,157,132,0,132,289
05/17/2020,BZN,MT,ANM,WE,Federal Contract Tower,12,2,8,0,22,0,2,35,0,37,12,4,43,0,59,76,0,76,135
05/18/2020,BZN,MT,ANM,WE,Federal Contract Tower,14,14,31,0,59,0,0,117,0,117,14,14,148,0,176,164,0,164,340
05/19/2020,BZN,MT,ANM,WE,Federal Contract Tower,12,14,25,0,51,0,1,83,0,84,12,15,108,0,135,188,0,188,323
05/20/2020,BZN,MT,ANM,WE,Federal Contract Tower,12,20,20,0,52,0,0,91,0,91,12,20,111,0,143,188,0,188,331
05/21/2020,BZN,MT,ANM,WE,Federal Contract Tower,16,12,19,0,47,0,3,14,0,17,16,15,33,0,64,16,0,16,80
05/22/2020,BZN,MT,ANM,WE,Federal Contract Tower,14,14,28,0,56,0,4,96,0,100,14,18,124,0,156,228,0,228,384
05/23/2020,BZN,MT,ANM,WE,Federal Contract Tower,12,16,14,0,42,0,0,5,0,5,12,16,19,0,47,12,0,12,59
05/24/2020,BZN,MT,ANM,WE,Federal Contract Tower,16,16,7,0,39,0,2,39,0,41,16,18,46,0,80,56,0,56,136
05/25/2020,BZN,MT,ANM,WE,Federal Contract Tower,13,18,17,0,48,0,2,83,0,85,13,20,100,0,133,36,0,36,169
05/26/2020,BZN,MT,ANM,WE,Federal Contract Tower,13,28,52,0,93,0,2,125,0,127,13,30,177,0,220,200,0,200,420
05/27/2020,BZN,MT,ANM,WE,Federal Contract Tower,12,34,23,0,69,0,3,161,0,164,12,37,184,0,233,186,0,186,419
05/28/2020,BZN,MT,ANM,WE,Federal Contract Tower,20,14,35,2,71,0,0,164,1,165,20,14,199,3,236,280,6,286,522
05/29/2020,BZN,MT,ANM,WE,Federal Contract Tower,14,15,29,0,58,0,1,110,2,113,14,16,139,2,171,182,0,182,353
05/30/2020,BZN,MT,ANM,WE,Federal Contract Tower,14,13,17,0,44,0,4,80,0,84,14,17,97,0,128,80,0,80,208
05/31/2020,BZN,MT,ANM,WE,Federal Contract Tower,18,9,19,0,46,0,0,38,0,38,18,9,57,0,84,26,0,26,110
06/01/2020,BZN,MT,ANM,WE,Federal Contract Tower,15,29,32,0,76,0,0,100,0,100,15,29,132,0,176,136,0,136,312
06/02/2020,BZN,MT,ANM,WE,Federal Contract Tower,14,16,34,0,64,0,1,140,0,141,14,17,174,0,205,166,0,166,371
06/03/2020,BZN,MT,ANM,WE,Federal Contract Tower,16,17,29,0,62,0,3,72,0,75,16,20,101,0,137,184,0,184,321
06/04/2020,BZN,MT,ANM,WE,Federal Contract Tower,20,20,29,0,69,0,0,120,0,120,20,20,149,0,189,198,0,198,387
06/05/2020,BZN,MT,ANM,WE,Federal Contract Tower,16,16,37,0,69,0,4,131,0,135,16,20,168,0,204,142,0,142,346
06/06/2020,BZN,MT,ANM,WE,Federal Contract Tower,19,18,22,0,59,0,0,64,0,64,19,18,86,0,123,74,0,74,197
06/07/2020,BZN,MT,ANM,WE,Federal Contract Tower,25,11,33,0,69,0,5,39,2,46,25,16,72,2,115,16,0,16,131
06/08/2020,BZN,MT,ANM,WE,Federal Contract Tower,18,18,24,0,60,0,1,2,0,3,18,19,26,0,63,6,0,6,69
06/09/2020,BZN,MT,ANM,WE,Federal Contract Tower,17,16,27,0,60,0,1,91,0,92,17,17,118,0,152,196,0,196,348
06/10/2020,BZN,MT,ANM,WE,Federal Contract Tower,19,25,30,6,80,0,1,135,0,136,19,26,165,6,216,230,18,248,464
06/11/2020,BZN,MT,ANM,WE,Federal Contract Tower,21,27,34,9,91,0,3,131,0,134,21,30,165,9,225,282,0,282,507
06/12/2020,BZN,MT,ANM,WE,Federal Contract Tower,18,13,45,0,76,0,3,119,0,122,18,16,164,0,198,194,2,196,394
06/13/2020,BZN,MT,ANM,WE,Federal Contract Tower,21,20,23,0,64,0,4,36,0,40,21,24,59,0,104,20,0,20,124
06/14/2020,BZN,MT,ANM,WE,Federal Contract Tower,27,12,18,0,57,0,0,10,0,10,27,12,28,0,67,0,0,0,67
06/15/2020,BZN,MT,ANM,WE,Federal Contract Tower,18,14,30,15,77,0,2,98,0,100,18,16,128,15,177,210,0,210,387
06/16/2020,BZN,MT,ANM,WE,Federal Contract Tower,16,13,15,0,44,0,3,3,0,6,16,16,18,0,50,4,0,4,54
06/17/2020,BZN,MT,ANM,WE,Federal Contract Tower,18,31,38,0,87,0,0,1,0,1,18,31,39,0,88,0,0,0,88
06/18/2020,BZN,MT,ANM,WE,Federal Contract Tower,22,34,31,0,87,0,3,81,0,84,22,37,112,0,171,198,0,198,369
06/19/2020,BZN,MT,ANM,WE,Federal Contract Tower,19,36,44,0,99,0,0,174,0,174,19,36,218,0,273,216,0,216,489
06/20/2020,BZN,MT,ANM,WE,Federal Contract Tower,22,34,32,0,88,0,2,78,0,80,22,36,110,0,168,86,0,86,254
06/21/2020,BZN,MT,ANM,WE,Federal Contract Tower,25,34,25,0,84,0,4,33,0,37,25,38,58,0,121,8,0,8,129
06/22/2020,BZN,MT,ANM,WE,Federal Contract Tower,20,31,44,2,97,0,1,141,1,143,20,32,185,3,240,142,6,148,388
06/23/2020,BZN,MT,ANM,WE,Federal Contract Tower,16,28,54,0,98,0,1,138,0,139,16,29,192,0,237,200,0,200,437
06/24/2020,BZN,MT,ANM,WE,Federal Contract Tower,18,54,42,0,114,0,2,151,0,153,18,56,193,0,267,190,0,190,457
06/25/2020,BZN,MT,ANM,WE,Federal Contract Tower,22,48,48,0,118,0,3,86,0,89,22,51,134,0,207,142,0,142,349
06/26/2020,BZN,MT,ANM,WE,Federal Contract Tower,21,42,59,0,122,0,0,118,0,118,21,42,177,0,240,122,0,122,362
06/27/2020,BZN,MT,ANM,WE,Federal Contract Tower,26,38,29,0,93,0,4,65,0,69,26,42,94,0,162,74,0,74,236
06/28/2020,BZN,MT,ANM,WE,Federal Contract Tower,29,49,39,0,117,0,0,11,0,11,29,49,50,0,128,14,0,14,142
06/29/2020,BZN,MT,ANM,WE,Federal Contract Tower,24,35,36,0,95,0,0,9,0,9,24,35,45,0,104,18,0,18,122
06/30/2020,BZN,MT,ANM,WE,Federal Contract Tower,21,41,40,0,102,0,5,74,0,79,21,46,114,0,181,176,0,176,357
07/01/2020,BZN,MT,ANM,WE,Federal Contract Tower,28,43,55,0,126,0,0,118,0,118,28,43,173,0,244,120,0,120,364
07/02/2020,BZN,MT,ANM,WE,Federal Contract Tower,32,40,77,0,149,0,0,156,0,156,32,40,233,0,305,142,0,142,447
07/03/2020,BZN,MT,ANM,WE,Federal Contract Tower,30,40,46,0,116,0,0,78,0,78,30,40,124,0,194,100,0,100,294
07/04/2020,BZN,MT,ANM,WE,Federal Contract Tower,33,27,13,0,73,0,6,70,0,76,33,33,83,0,149,88,0,88,237
07/05/2020,BZN,MT,ANM,WE,Federal Contract Tower,35,42,53,0,130,0,10,45,0,55,35,52,98,0,185,26,0,26,211
07/06/2020,BZN,MT,ANM,WE,Federal Contract Tower,35,39,49,0,123,0,2,128,0,130,35,41,177,0,253,178,0,178,431
07/07/2020,BZN,MT,ANM,WE,Federal Contract Tower,30,30,29,1,90,0,2,66,0,68,30,32,95,1,158,116,0,116,274
07/08/2020,BZN,MT,ANM,WE,Federal Contract Tower,35,28,44,0,107,0,1,176,1,178,35,29,220,1,285,220,0,220,505
07/09/2020,BZN,MT,ANM,WE,Federal Contract Tower,39,38,53,0,130,0,7,172,2,181,39,45,225,2,311,178,0,178,489
07/10/2020,BZN,MT,ANM,WE,Federal Contract Tower,38,32,49,24,143,0,2,94,0,96,38,34,143,24,239,116,6,122,361
07/11/2020,BZN,MT,ANM,WE,Federal Contract Tower,46,36,32,0,114,0,0,101,0,101,46,36,133,0,215,122,0,122,337
07/12/2020,BZN,MT,ANM,WE,Federal Contract Tower,43,32,41,0,116,0,0,66,0,66,43,32,107,0,182,36,0,36,218
07/13/2020,BZN,MT,ANM,WE,Federal Contract Tower,40,45,46,0,131,0,3,139,0,142,40,48,185,0,273,160,0,160,433
07/14/2020,BZN,MT,ANM,WE,Federal Contract Tower,34,37,50,6,127,0,3,178,0,181,34,40,228,6,308,228,12,240,548
07/15/2020,BZN,MT,ANM,WE,Federal Contract Tower,38,41,54,7,140,0,1,136,2,139,38,42,190,9,279,204,0,204,483
07/16/2020,BZN,MT,ANM,WE,Federal Contract Tower,44,28,53,0,125,0,1,158,0,159,44,29,211,0,284,190,0,190,474
07/17/2020,BZN,MT,ANM,WE,Federal Contract Tower,41,36,50,0,127,0,0,113,0,113,41,36,163,0,240,154,0,154,394
07/18/2020,BZN,MT,ANM,WE,Federal Contract Tower,46,44,27,0,117,0,1,79,0,80,46,45,106,0,197,48,0,48,245
07/19/2020,BZN,MT,ANM,WE,Federal Contract Tower,45,28,27,0,100,0,7,70,0,77,45,35,97,0,177,18,0,18,195
07/20/2020,BZN,MT,ANM,WE,Federal Contract Tower,43,22,48,0,113,0,1,129,0,130,43,23,177,0,243,170,0,170,413
07/21/2020,BZN,MT,ANM,WE,Federal Contract Tower,36,38,35,6,115,0,0,118,0,118,36,38,153,6,233,170,0,170,403
07/23/2020,BZN,MT,ANM,WE,Federal Contract Tower,46,33,43,0,122,0,0,54,0,54,46,33,97,0,176,78,0,78,254
07/24/2020,BZN,MT,ANM,WE,Federal Contract Tower,44,38,57,0,139,0,2,118,0,120,44,40,175,0,259,94,0,94,353
07/25/2020,BZN,MT,ANM,WE,Federal Contract Tower,48,30,36,2,116,0,2,83,2,87,48,32,119,4,203,104,0,104,307
07/26/2020,BZN,MT,ANM,WE,Federal Contract Tower,46,39,40,2,127,0,2,58,1,61,46,41,98,3,188,22,0,22,210
07/27/2020,BZN,MT,ANM,WE,Federal Contract Tower,42,22,41,1,106,0,4,139,3,146,42,26,180,4,252,186,24,210,462
07/28/2020,BZN,MT,ANM,WE,Federal Contract Tower,36,37,46,5,124,0,2,122,0,124,36,39,168,5,248,200,0,200,448
07/29/2020,BZN,MT,ANM,WE,Federal Contract Tower,41,37,54,0,132,0,1,115,0,116,41,38,169,0,248,144,0,144,392
07/31/2020,BZN,MT,ANM,WE,Federal Contract Tower,42,48,70,5,165,0,0,96,2,98,42,48,166,7,263,106,0,106,369
08/01/2020,BZN,MT,ANM,WE,Federal Contract Tower,48,41,42,1,132,0,0,101,8,109,48,41,143,9,241,62,0,62,303
08/02/2020,BZN,MT,ANM,WE,Federal Contract Tower,51,51,51,2,155,0,6,46,0,52,51,57,97,2,207,30,0,30,237
08/03/2020,BZN,MT,ANM,WE,Federal Contract Tower,47,28,50,2,127,0,4,64,0,68,47,32,114,2,195,114,0,114,309
08/04/2020,BZN,MT,ANM,WE,Federal Contract Tower,43,26,53,0,122,0,4,144,0,148,43,30,197,0,270,144,0,144,414
08/05/2020,BZN,MT,ANM,WE,Federal Contract Tower,43,39,39,2,123,0,3,139,0,142,43,42,178,2,265,164,0,164,429
08/06/2020,BZN,MT,ANM,WE,Federal Contract Tower,48,39,43,2,132,0,7,111,3,121,48,46,154,5,253,108,0,108,361
08/07/2020,BZN,MT,ANM,WE,Federal Contract Tower,44,44,52,1,141,0,0,119,0,119,44,44,171,1,260,125,0,125,385
08/08/2020,BZN,MT,ANM,WE,Federal Contract Tower,53,32,48,0,133,0,2,104,1,107,53,34,152,1,240,130,0,130,370
08/09/2020,BZN,MT,ANM,WE,Federal Contract Tower,52,33,58,0,143,0,1,84,0,85,52,34,142,0,228,44,0,44,272
08/10/2020,BZN,MT,ANM,WE,Federal Contract Tower,45,30,60,0,135,0,0,131,4,135,45,30,191,4,270,220,0,220,490
08/11/2020,BZN,MT,ANM,WE,Federal Contract Tower,39,35,28,0,102,0,0,119,0,119,39,35,147,0,221,198,0,198,419
08/12/2020,BZN,MT,ANM,WE,Federal Contract Tower,42,43,62,0,147,0,3,89,0,92,42,46,151,0,239,110,0,110,349
08/13/2020,BZN,MT,ANM,WE,Federal Contract Tower,47,39,50,1,137,0,0,126,0,126,47,39,176,1,263,110,2,112,375
08/14/2020,BZN,MT,ANM,WE,Federal Contract Tower,45,38,52,1,136,0,3,91,1,95,45,41,143,2,231,126,0,126,357
08/15/2020,BZN,MT,ANM,WE,Federal Contract Tower,50,38,33,1,122,0,5,97,1,103,50,43,130,2,225,78,0,78,303
08/16/2020,BZN,MT,ANM,WE,Federal Contract Tower,52,30,52,3,137,0,2,55,2,59,52,32,107,5,196,38,0,38,234
08/17/2020,BZN,MT,ANM,WE,Federal Contract Tower,44,38,53,1,136,0,3,129,0,132,44,41,182,1,268,198,0,198,466
08/18/2020,BZN,MT,ANM,WE,Federal Contract Tower,40,56,44,5,145,0,0,117,7,124,40,56,161,12,269,170,0,170,439
08/19/2020,BZN,MT,ANM,WE,Federal Contract Tower,44,42,49,1,136,0,6,132,0,138,44,48,181,1,274,98,0,98,372
08/20/2020,BZN,MT,ANM,WE,Federal Contract Tower,47,45,49,0,141,0,2,117,0,119,47,47,166,0,260,180,0,180,440
08/21/2020,BZN,MT,ANM,WE,Federal Contract Tower,47,32,55,0,134,0,7,163,0,170,47,39,218,0,304,181,0,181,485
08/22/2020,BZN,MT,ANM,WE,Federal Contract Tower,44,40,58,0,142,0,2,97,0,99,44,42,155,0,241,122,0,122,363
08/23/2020,BZN,MT,ANM,WE,Federal Contract Tower,50,45,54,0,149,0,4,57,0,61,50,49,111,0,210,48,0,48,258
08/24/2020,BZN,MT,ANM,WE,Federal Contract Tower,45,31,55,2,133,0,0,127,1,128,45,31,182,3,261,172,0,172,433
08/25/2020,BZN,MT,ANM,WE,Federal Contract Tower,40,31,42,0,113,0,2,91,0,93,40,33,133,0,206,118,0,118,324
08/26/2020,BZN,MT,ANM,WE,Federal Contract Tower,46,38,66,0,150,0,1,160,5,166,46,39,226,5,316,186,0,186,502
08/27/2020,BZN,MT,ANM,WE,Federal Contract Tower,47,33,38,0,118,0,4,102,0,106,47,37,140,0,224,146,0,146,370
08/28/2020,BZN,MT,ANM,WE,Federal Contract Tower,47,22,49,0,118,0,3,147,1,151,47,25,196,1,269,158,0,158,427
08/29/2020,BZN,MT,ANM,WE,Federal Contract Tower,45,27,31,0,103,0,6,144,0,150,45,33,175,0,253,108,0,108,361
08/30/2020,BZN,MT,ANM,WE,Federal Contract Tower,50,40,43,0,133,0,4,40,2,46,50,44,83,2,179,42,0,42,221
08/31/2020,BZN,MT,ANM,WE,Federal Contract Tower,46,32,40,0,118,0,1,129,4,134,46,33,169,4,252,178,0,178,430
09/01/2020,BZN,MT,ANM,WE,Federal Contract Tower,39,37,28,0,104,0,6,100,0,106,39,43,128,0,210,114,0,114,324
09/02/2020,BZN,MT,ANM,WE,Federal Contract Tower,42,53,43,0,138,0,0,71,0,71,42,53,114,0,209,90,0,90,299
09/03/2020,BZN,MT,ANM,WE,Federal Contract Tower,50,30,55,4,139,0,4,163,0,167,50,34,218,4,306,182,0,182,488
09/04/2020,BZN,MT,ANM,WE,Federal Contract Tower,50,45,53,1,149,0,0,130,1,131,50,45,183,2,280,232,0,232,512
09/05/2020,BZN,MT,ANM,WE,Federal Contract Tower,45,30,21,3,99,0,4,105,4,113,45,34,126,7,212,64,0,64,276
09/06/2020,BZN,MT,ANM,WE,Federal Contract Tower,48,25,30,3,106,0,6,95,0,101,48,31,125,3,207,6,0,6,213
09/07/2020,BZN,MT,ANM,WE,Federal Contract Tower,49,34,43,0,126,0,3,5,0,8,49,37,48,0,134,14,0,14,148
09/08/2020,BZN,MT,ANM,WE,Federal Contract Tower,37,19,52,1,109,0,0,150,0,150,37,19,202,1,259,244,0,244,503
09/09/2020,BZN,MT,ANM,WE,Federal Contract Tower,39,35,52,2,128,0,4,175,1,180,39,39,227,3,308,240,0,240,548
09/10/2020,BZN,MT,ANM,WE,Federal Contract Tower,44,23,59,0,126,0,3,146,0,149,44,26,205,0,275,140,0,140,415
09/11/2020,BZN,MT,ANM,WE,Federal Contract Tower,42,32,35,1,110,0,1,156,1,158,42,33,191,2,268,214,0,214,482
09/12/2020,BZN,MT,ANM,WE,Federal Contract Tower,41,23,25,0,89,0,5,138,0,143,41,28,163,0,232,162,0,162,394
09/13/2020,BZN,MT,ANM,WE,Federal Contract Tower,43,21,56,2,122,0,0,86,0,86,43,21,142,2,208,12,0,12,220
09/14/2020,BZN,MT,ANM,WE,Federal Contract Tower,44,27,52,3,126,0,8,9,0,17,44,35,61,3,143,12,0,12,155
09/15/2020,BZN,MT,ANM,WE,Federal Contract Tower,33,26,52,5,116,0,1,111,5,117,33,27,163,10,233,268,0,268,501
09/16/2020,BZN,MT,ANM,WE,Federal Contract Tower,37,34,68,1,140,0,1,121,0,122,37,35,189,1,262,336,0,336,598
09/17/2020,BZN,MT,ANM,WE,Federal Contract Tower,44,31,59,1,135,0,0,84,0,84,44,31,143,1,219,202,0,202,421
09/18/2020,BZN,MT,ANM,WE,Federal Contract Tower,42,33,52,4,131,0,0,109,0,109,42,33,161,4,240,120,0,120,360
09/19/2020,BZN,MT,ANM,WE,Federal Contract Tower,42,19,23,2,86,0,0,47,0,47,42,19,70,2,133,104,0,104,237
09/20/2020,BZN,MT,ANM,WE,Federal Contract Tower,46,22,45,2,115,0,0,44,6,50,46,22,89,8,165,8,0,8,173
09/21/2020,BZN,MT,ANM,WE,Federal Contract Tower,44,32,34,7,117,0,3,166,0,169,44,35,200,7,286,182,0,182,468
09/22/2020,BZN,MT,ANM,WE,Federal Contract Tower,34,25,97,0,156,0,2,127,0,129,34,27,224,0,285,150,0,150,435
09/23/2020,BZN,MT,ANM,WE,Federal Contract Tower,38,25,44,0,107,0,4,195,0,199,38,29,239,0,306,186,0,186,492
09/24/2020,BZN,MT,ANM,WE,Federal Contract Tower,44,31,27,0,102,0,2,82,0,84,44,33,109,0,186,174,0,174,360
09/25/2020,BZN,MT,ANM,WE,Federal Contract Tower,42,36,49,2,129,0,6,128,0,134,42,42,177,2,263,150,0,150,413
09/26/2020,BZN,MT,ANM,WE,Federal Contract Tower,41,30,23,0,94,0,3,28,0,31,41,33,51,0,125,64,0,64,189
09/27/2020,BZN,MT,ANM,WE,Federal Contract Tower,45,26,30,1,102,0,0,38,0,38,45,26,68,1,140,0,0,0,140
09/28/2020,BZN,MT,ANM,WE,Federal Contract Tower,44,32,43,0,119,0,0,139,0,139,44,32,182,0,258,132,0,132,390
09/29/2020,BZN,MT,ANM,WE,Federal Contract Tower,34,28,28,0,90,0,3,158,0,161,34,31,186,0,251,156,0,156,407
09/30/2020,BZN,MT,ANM,WE,Federal Contract Tower,38,22,38,0,98,0,2,209,0,211,38,24,247,0,309,340,0,340,649
10/01/2020,BZN,MT,ANM,WE,Federal Contract Tower,43,24,42,0,109,0,0,171,0,171,43,24,213,0,280,218,0,218,498
10/02/2020,BZN,MT,ANM,WE,Federal Contract Tower,43,33,46,0,122,0,1,167,0,168,43,34,213,0,290,218,0,218,508
10/03/2020,BZN,MT,ANM,WE,Federal Contract Tower,39,19,39,0,97,0,0,119,0,119,39,19,158,0,216,80,2,82,298
10/04/2020,BZN,MT,ANM,WE,Federal Contract Tower,39,15,36,0,90,0,3,47,0,50,39,18,83,0,140,6,0,6,146
10/05/2020,BZN,MT,ANM,WE,Federal Contract Tower,40,25,38,2,105,0,5,141,0,146,40,30,179,2,251,140,0,140,391
10/06/2020,BZN,MT,ANM,WE,Federal Contract Tower,31,19,23,0,73,0,2,125,0,127,31,21,148,0,200,150,0,150,350
10/07/2020,BZN,MT,ANM,WE,Federal Contract Tower,31,28,46,1,106,0,5,155,1,161,31,33,201,2,267,260,0,260,527
10/08/2020,BZN,MT,ANM,WE,Federal Contract Tower,33,21,32,0,86,0,2,125,0,127,33,23,157,0,213,214,0,214,427
10/09/2020,BZN,MT,ANM,WE,Federal Contract Tower,36,24,43,1,104,0,2,155,0,157,36,26,198,1,261,210,0,210,471
10/10/2020,BZN,MT,ANM,WE,Federal Contract Tower,34,26,18,0,78,0,1,51,0,52,34,27,69,0,130,64,0,64,194
10/11/2020,BZN,MT,ANM,WE,Federal Contract Tower,36,18,27,1,82,0,2,4,0,6,36,20,31,1,88,0,0,0,88
10/12/2020,BZN,MT,ANM,WE,Federal Contract Tower,38,23,23,1,85,0,0,7,0,7,38,23,30,1,92,0,0,0,92
10/13/2020,BZN,MT,ANM,WE,Federal Contract Tower,26,21,26,5,78,0,0,63,0,63,26,21,89,5,141,108,0,108,249
10/14/2020,BZN,MT,ANM,WE,Federal Contract Tower,30,13,12,0,55,0,1,8,4,13,30,14,20,4,68,6,0,6,74
10/15/2020,BZN,MT,ANM,WE,Federal Contract Tower,34,18,26,0,78,0,2,55,0,57,34,20,81,0,135,74,0,74,209
10/16/2020,BZN,MT,ANM,WE,Federal Contract Tower,36,22,37,0,95,0,3,76,0,79,36,25,113,0,174,96,0,96,270
10/17/2020,BZN,MT,ANM,WE,Federal Contract Tower,35,22,17,0,74,0,0,0,0,0,35,22,17,0,74,0,0,0,74
10/18/2020,BZN,MT,ANM,WE,Federal Contract Tower,35,20,19,0,74,0,0,0,0,0,35,20,19,0,74,0,0,0,74
10/19/2020,BZN,MT,ANM,WE,Federal Contract Tower,37,14,30,0,81,0,0,92,0,92,37,14,122,0,173,188,0,188,361
10/20/2020,BZN,MT,ANM,WE,Federal Contract Tower,28,18,39,0,85,0,1,127,0,128,28,19,166,0,213,214,0,214,427
10/21/2020,BZN,MT,ANM,WE,Federal Contract Tower,29,29,27,0,85,0,0,41,0,41,29,29,68,0,126,54,0,54,180
10/22/2020,BZN,MT,ANM,WE,Federal Contract Tower,33,20,23,0,76,0,4,56,0,60,33,24,79,0,136,140,0,140,276
10/23/2020,BZN,MT,ANM,WE,Federal Contract Tower,34,21,54,0,109,0,2,150,2,154,34,23,204,2,263,256,0,256,519
10/24/2020,BZN,MT,ANM,WE,Federal Contract Tower,34,16,10,0,60,0,0,0,0,0,34,16,10,0,60,0,0,0,60
10/25/2020,BZN,MT,ANM,WE,Federal Contract Tower,35,15,24,0,74,0,2,34,0,36,35,17,58,0,110,10,0,10,120
10/26/2020,BZN,MT,ANM,WE,Federal Contract Tower,36,25,26,0,87,0,2,89,0,91,36,27,115,0,178,174,0,174,352
10/27/2020,BZN,MT,ANM,WE,Federal Contract Tower,28,19,47,0,94,0,2,152,0,154,28,21,199,0,248,252,0,252,500
10/28/2020,BZN,MT,ANM,WE,Federal Contract Tower,29,18,17,0,64,0,2,150,0,152,29,20,167,0,216,216,0,216,432
10/29/2020,BZN,MT,ANM,WE,Federal Contract Tower,35,20,14,0,69,0,0,136,0,136,35,20,150,0,205,184,0,184,389
10/30/2020,BZN,MT,ANM,WE,Federal Contract Tower,37,18,21,0,76,0,0,120,0,120,37,18,141,0,196,124,0,124,320
10/31/2020,BZN,MT,ANM,WE,Federal Contract Tower,34,12,16,0,62,0,2,87,0,89,34,14,103,0,151,92,0,92,243
11/02/2020,BZN,MT,ANM,WE,Federal Contract Tower,38,13,12,0,63,0,2,118,0,120,38,15,130,0,183,188,0,188,371
11/03/2020,BZN,MT,ANM,WE,Federal Contract Tower,29,12,34,1,76,0,0,144,0,144,29,12,178,1,220,212,0,212,432
11/04/2020,BZN,MT,ANM,WE,Federal Contract Tower,35,14,23,1,73,0,2,103,0,105,35,16,126,1,178,142,0,142,320
11/05/2020,BZN,MT,ANM,WE,Federal Contract Tower,39,12,25,0,76,0,0,77,0,77,39,12,102,0,153,124,0,124,277
11/06/2020,BZN,MT,ANM,WE,Federal Contract Tower,38,30,23,0,91,0,2,129,0,131,38,32,152,0,222,234,0,234,456
11/07/2020,BZN,MT,ANM,WE,Federal Contract Tower,38,9,15,0,62,0,0,17,0,17,38,9,32,0,79,20,0,20,99
11/08/2020,BZN,MT,ANM,WE,Federal Contract Tower,40,3,10,0,53,0,0,0,0,0,40,3,10,0,53,0,0,0,53
11/09/2020,BZN,MT,ANM,WE,Federal Contract Tower,37,16,29,0,82,0,2,111,0,113,37,18,140,0,195,152,0,152,347
11/10/2020,BZN,MT,ANM,WE,Federal Contract Tower,31,15,15,0,61,0,0,35,0,35,31,15,50,0,96,96,0,96,192
11/11/2020,BZN,MT,ANM,WE,Federal Contract Tower,35,14,18,2,69,0,2,17,0,19,35,16,35,2,88,28,0,28,116
11/12/2020,BZN,MT,ANM,WE,Federal Contract Tower,37,22,36,1,96,0,4,125,0,129,37,26,161,1,225,146,0,146,371
11/13/2020,BZN,MT,ANM,WE,Federal Contract Tower,38,19,19,0,76,0,7,37,0,44,38,26,56,0,120,86,0,86,206
11/14/2020,BZN,MT,ANM,WE,Federal Contract Tower,36,12,16,0,64,0,0,12,0,12,36,12,28,0,76,0,0,0,76
11/15/2020,BZN,MT,ANM,WE,Federal Contract Tower,38,13,5,0,56,0,0,9,0,9,38,13,14,0,65,14,0,14,79
11/16/2020,BZN,MT,ANM,WE,Federal Contract Tower,39,15,29,0,83,0,0,125,0,125,39,15,154,0,208,182,0,182,390
11/17/2020,BZN,MT,ANM,WE,Federal Contract Tower,34,9,28,2,73,0,1,104,0,105,34,10,132,2,178,174,0,174,352
11/18/2020,BZN,MT,ANM,WE,Federal Contract Tower,36,13,37,0,86,0,0,86,0,86,36,13,123,0,172,300,0,300,472
11/19/2020,BZN,MT,ANM,WE,Federal Contract Tower,40,12,31,0,83,0,0,68,0,68,40,12,99,0,151,178,0,178,329
11/20/2020,BZN,MT,ANM,WE,Federal Contract Tower,44,17,33,6,100,0,4,169,0,173,44,21,202,6,273,260,0,260,533
11/21/2020,BZN,MT,ANM,WE,Federal Contract Tower,50,24,21,0,95,0,0,95,0,95,50,24,116,0,190,128,0,128,318
11/22/2020,BZN,MT,ANM,WE,Federal Contract Tower,48,14,17,0,79,0,2,88,0,90,48,16,105,0,169,58,0,58,227
11/23/2020,BZN,MT,ANM,WE,Federal Contract Tower,42,24,29,3,98,0,2,100,0,102,42,26,129,3,200,262,0,262,462
11/24/2020,BZN,MT,ANM,WE,Federal Contract Tower,50,19,27,0,96,0,0,84,0,84,50,19,111,0,180,92,0,92,272
11/25/2020,BZN,MT,ANM,WE,Federal Contract Tower,50,16,33,2,101,0,0,13,0,13,50,16,46,2,114,32,0,32,146
11/26/2020,BZN,MT,ANM,WE,Federal Contract Tower,22,6,2,0,30,0,3,5,0,8,22,9,7,0,38,0,0,0,38
11/27/2020,BZN,MT,ANM,WE,Federal Contract Tower,38,16,23,0,77,0,1,68,0,69,38,17,91,0,146,60,0,60,206
11/28/2020,BZN,MT,ANM,WE,Federal Contract Tower,50,15,16,0,81,0,3,40,0,43,50,18,56,0,124,60,0,60,184
11/29/2020,BZN,MT,ANM,WE,Federal Contract Tower,50,16,40,0,106,0,2,51,0,53,50,18,91,0,159,14,0,14,173
11/30/2020,BZN,MT,ANM,WE,Federal Contract Tower,48,21,33,0,102,0,2,64,0,66,48,23,97,0,168,148,0,148,316
12/01/2020,BZN,MT,ANM,WE,Federal Contract Tower,41,14,42,2,99,0,0,104,0,104,41,14,146,2,203,224,0,224,427
12/02/2020,BZN,MT,ANM,WE,Federal Contract Tower,38,12,25,0,75,0,0,103,2,105,38,12,128,2,180,164,2,166,346
12/03/2020,BZN,MT,ANM,WE,Federal Contract Tower,42,18,50,0,110,0,0,166,0,166,42,18,216,0,276,208,0,208,484
12/04/2020,BZN,MT,ANM,WE,Federal Contract Tower,40,23,28,2,93,0,1,151,0,152,40,24,179,2,245,220,0,220,465
12/05/2020,BZN,MT,ANM,WE,Federal Contract Tower,41,14,25,0,80,0,1,80,0,81,41,15,105,0,161,96,0,96,257
12/06/2020,BZN,MT,ANM,WE,Federal Contract Tower,43,8,26,0,77,0,1,57,0,58,43,9,83,0,135,16,0,16,151
12/07/2020,BZN,MT,ANM,WE,Federal Contract Tower,40,14,34,0,88,0,2,125,0,127,40,16,159,0,215,186,4,190,405
12/08/2020,BZN,MT,ANM,WE,Federal Contract Tower,36,19,39,0,94,0,0,104,0,104,36,19,143,0,198,176,0,176,374
12/09/2020,BZN,MT,ANM,WE,Federal Contract Tower,38,25,33,2,98,0,1,92,1,94,38,26,125,3,192,148,10,158,350
12/10/2020,BZN,MT,ANM,WE,Federal Contract Tower,40,32,36,0,108,0,2,108,0,110,40,34,144,0,218,158,0,158,376
12/11/2020,BZN,MT,ANM,WE,Federal Contract Tower,46,12,29,0,87,0,0,27,0,27,46,12,56,0,114,80,0,80,194
12/12/2020,BZN,MT,ANM,WE,Federal Contract Tower,40,18,17,0,75,0,0,14,0,14,40,18,31,0,89,20,0,20,109
12/13/2020,BZN,MT,ANM,WE,Federal Contract Tower,43,26,25,0,94,0,0,33,0,33,43,26,58,0,127,42,0,42,169
12/14/2020,BZN,MT,ANM,WE,Federal Contract Tower,44,10,24,4,82,0,0,28,0,28,44,10,52,4,110,68,0,68,178
12/15/2020,BZN,MT,ANM,WE,Federal Contract Tower,36,25,37,0,98,0,0,105,0,105,36,25,142,0,203,144,0,144,347
12/16/2020,BZN,MT,ANM,WE,Federal Contract Tower,37,25,33,1,96,0,0,75,12,87,37,25,108,13,183,148,0,148,331
12/17/2020,BZN,MT,ANM,WE,Federal Contract Tower,49,52,40,0,141,0,0,74,0,74,49,52,114,0,215,72,0,72,287
12/18/2020,BZN,MT,ANM,WE,Federal Contract Tower,65,61,75,0,201,0,2,125,0,127,65,63,200,0,328,178,0,178,506
12/19/2020,BZN,MT,ANM,WE,Federal Contract Tower,67,83,42,1,193,0,0,11,0,11,67,83,53,1,204,30,0,30,234
12/20/2020,BZN,MT,ANM,WE,Federal Contract Tower,67,54,44,0,165,0,2,3,0,5,67,56,47,0,170,0,0,0,170
12/21/2020,BZN,MT,ANM,WE,Federal Contract Tower,63,53,42,0,158,0,3,46,0,49,63,56,88,0,207,130,0,130,337
12/22/2020,BZN,MT,ANM,WE,Federal Contract Tower,57,51,36,0,144,0,2,0,0,2,57,53,36,0,146,0,0,0,146
12/23/2020,BZN,MT,ANM,WE,Federal Contract Tower,65,59,48,0,172,0,0,65,0,65,65,59,113,0,237,118,0,118,355
12/24/2020,BZN,MT,ANM,WE,Federal Contract Tower,39,36,22,0,97,0,1,38,0,39,39,37,60,0,136,16,0,16,152
12/25/2020,BZN,MT,ANM,WE,Federal Contract Tower,36,14,12,0,62,0,0,16,0,16,36,14,28,0,78,16,0,16,94
12/26/2020,BZN,MT,ANM,WE,Federal Contract Tower,64,64,73,0,201,0,2,6,0,8,64,66,79,0,209,4,0,4,213
12/27/2020,BZN,MT,ANM,WE,Federal Contract Tower,67,54,69,0,190,0,2,24,0,26,67,56,93,0,216,34,0,34,250
12/28/2020,BZN,MT,ANM,WE,Federal Contract Tower,63,58,29,0,150,0,0,46,0,46,63,58,75,0,196,90,0,90,286
12/29/2020,BZN,MT,ANM,WE,Federal Contract Tower,59,47,34,0,140,0,0,116,0,116,59,47,150,0,256,138,0,138,394
12/30/2020,BZN,MT,ANM,WE,Federal Contract Tower,63,30,29,4,126,0,1,83,0,84,63,31,112,4,210,78,0,78,288
12/31/2020,BZN,MT,ANM,WE,Federal Contract Tower,40,32,32,0,104,0,4,41,0,45,40,36,73,0,149,64,0,64,213
01/01/2021,BZN,MT,ANM,WE,Federal Contract Tower,49,28,26,0,103,0,3,69,0,72,49,31,95,0,175,22,0,22,197
01/02/2021,BZN,MT,ANM,WE,Federal Contract Tower,67,76,76,0,219,0,3,13,0,16,67,79,89,0,235,0,0,0,235
01/03/2021,BZN,MT,ANM,WE,Federal Contract Tower,69,82,60,0,211,0,3,3,0,6,69,85,63,0,217,0,0,0,217
01/04/2021,BZN,MT,ANM,WE,Federal Contract Tower,63,39,47,0,149,0,0,65,0,65,63,39,112,0,214,176,0,176,390
01/05/2021,BZN,MT,ANM,WE,Federal Contract Tower,46,40,25,0,111,0,5,47,0,52,46,45,72,0,163,74,0,74,237
01/06/2021,BZN,MT,ANM,WE,Federal Contract Tower,46,30,46,1,123,0,1,120,0,121,46,31,166,1,244,172,0,172,416
01/07/2021,BZN,MT,ANM,WE,Federal Contract Tower,52,35,20,0,107,0,0,0,0,0,52,35,20,0,107,0,0,0,107
01/08/2021,BZN,MT,ANM,WE,Federal Contract Tower,7,3,19,0,29,0,0,0,0,0,7,3,19,0,29,0,0,0,29
01/09/2021,BZN,MT,ANM,WE,Federal Contract Tower,72,46,27,2,147,0,4,30,1,35,72,50,57,3,182,28,12,40,222
01/10/2021,BZN,MT,ANM,WE,Federal Contract Tower,58,32,56,0,146,0,0,44,2,46,58,32,100,2,192,36,4,40,232
01/11/2021,BZN,MT,ANM,WE,Federal Contract Tower,51,19,24,3,97,0,0,103,0,103,51,19,127,3,200,108,4,112,312
01/12/2021,BZN,MT,ANM,WE,Federal Contract Tower,43,16,52,0,111,0,2,121,0,123,43,18,173,0,234,162,0,162,396
01/13/2021,BZN,MT,ANM,WE,Federal Contract Tower,42,16,14,0,72,0,0,10,0,10,42,16,24,0,82,24,0,24,106
01/14/2021,BZN,MT,ANM,WE,Federal Contract Tower,55,38,49,0,142,0,1,105,0,106,55,39,154,0,248,84,0,84,332
01/15/2021,BZN,MT,ANM,WE,Federal Contract Tower,52,75,42,2,171,0,4,125,0,129,52,79,167,2,300,106,0,106,406
01/16/2021,BZN,MT,ANM,WE,Federal Contract Tower,55,35,29,0,119,0,0,101,0,101,55,35,130,0,220,128,0,128,348
01/17/2021,BZN,MT,ANM,WE,Federal Contract Tower,56,21,33,2,112,0,1,10,0,11,56,22,43,2,123,8,0,8,131
01/18/2021,BZN,MT,ANM,WE,Federal Contract Tower,56,56,23,0,135,0,0,18,0,18,56,56,41,0,153,18,0,18,171
01/19/2021,BZN,MT,ANM,WE,Federal Contract Tower,43,39,63,1,146,0,1,116,0,117,43,40,179,1,263,154,0,154,417
01/20/2021,BZN,MT,ANM,WE,Federal Contract Tower,45,26,48,1,120,0,7,156,2,165,45,33,204,3,285,200,0,200,485
01/21/2021,BZN,MT,ANM,WE,Federal Contract Tower,53,18,38,0,109,0,1,78,0,79,53,19,116,0,188,160,0,160,348
01/22/2021,BZN,MT,ANM,WE,Federal Contract Tower,54,43,34,4,135,0,1,48,0,49,54,44,82,4,184,150,0,150,334
01/23/2021,BZN,MT,ANM,WE,Federal Contract Tower,54,31,43,0,128,0,2,55,0,57,54,33,98,0,185,60,0,60,245
01/24/2021,BZN,MT,ANM,WE,Federal Contract Tower,58,34,41,0,133,0,2,63,0,65,58,36,104,0,198,44,0,44,242
01/25/2021,BZN,MT,ANM,WE,Federal Contract Tower,51,17,30,0,98,0,1,142,0,143,51,18,172,0,241,182,0,182,423
01/26/2021,BZN,MT,ANM,WE,Federal Contract Tower,40,23,47,38,148,0,1,103,0,104,40,24,150,38,252,102,0,102,354
01/27/2021,BZN,MT,ANM,WE,Federal Contract Tower,45,37,54,18,154,0,1,124,0,125,45,38,178,18,279,214,0,214,493
01/28/2021,BZN,MT,ANM,WE,Federal Contract Tower,54,34,40,0,128,0,0,96,0,96,54,34,136,0,224,90,0,90,314
01/29/2021,BZN,MT,ANM,WE,Federal Contract Tower,53,29,37,0,119,0,0,81,0,81,53,29,118,0,200,134,0,134,334
01/30/2021,BZN,MT,ANM,WE,Federal Contract Tower,56,26,24,0,106,0,4,3,0,7,56,30,27,0,113,0,0,0,113
01/31/2021,BZN,MT,ANM,WE,Federal Contract Tower,59,43,58,0,160,0,2,60,0,62,59,45,118,0,222,8,0,8,230
02/01/2021,BZN,MT,ANM,WE,Federal Contract Tower,53,27,25,0,105,0,0,142,0,142,53,27,167,0,247,128,0,128,375
02/02/2021,BZN,MT,ANM,WE,Federal Contract Tower,41,30,39,0,110,0,3,115,0,118,41,33,154,0,228,148,0,148,376
02/03/2021,BZN,MT,ANM,WE,Federal Contract Tower,45,33,24,0,102,0,0,33,0,33,45,33,57,0,135,38,0,38,173
02/04/2021,BZN,MT,ANM,WE,Federal Contract Tower,51,30,46,0,127,0,0,76,0,76,51,30,122,0,203,62,0,62,265
02/05/2021,BZN,MT,ANM,WE,Federal Contract Tower,53,37,26,0,116,0,0,9,0,9,53,37,35,0,125,16,0,16,141
02/06/2021,BZN,MT,ANM,WE,Federal Contract Tower,53,26,22,1,102,0,0,14,0,14,53,26,36,1,116,62,0,62,178
02/07/2021,BZN,MT,ANM,WE,Federal Contract Tower,57,16,30,1,104,0,0,1,0,1,57,16,31,1,105,0,0,0,105
02/08/2021,BZN,MT,ANM,WE,Federal Contract Tower,53,37,37,0,127,0,0,0,0,0,53,37,37,0,127,0,0,0,127
02/09/2021,BZN,MT,ANM,WE,Federal Contract Tower,39,34,45,1,119,0,0,77,0,77,39,34,122,1,196,74,0,74,270
02/10/2021,BZN,MT,ANM,WE,Federal Contract Tower,47,36,41,2,126,0,1,86,0,87,47,37,127,2,213,170,0,170,383
02/11/2021,BZN,MT,ANM,WE,Federal Contract Tower,57,63,72,0,192,0,0,8,0,8,57,63,80,0,200,6,0,6,206
02/12/2021,BZN,MT,ANM,WE,Federal Contract Tower,58,63,60,0,181,0,0,1,0,1,58,63,61,0,182,0,0,0,182
02/13/2021,BZN,MT,ANM,WE,Federal Contract Tower,50,45,32,1,128,0,0,0,0,0,50,45,32,1,128,0,0,0,128
02/14/2021,BZN,MT,ANM,WE,Federal Contract Tower,55,23,55,1,134,0,3,3,0,6,55,26,58,1,140,0,0,0,140
02/15/2021,BZN,MT,ANM,WE,Federal Contract Tower,49,51,64,0,164,0,0,3,0,3,49,51,67,0,167,0,0,0,167
02/16/2021,BZN,MT,ANM,WE,Federal Contract Tower,43,44,66,0,153,0,0,5,0,5,43,44,71,0,158,0,0,0,158
02/17/2021,BZN,MT,ANM,WE,Federal Contract Tower,46,38,44,0,128,0,2,98,0,100,46,40,142,0,228,216,0,216,444
02/18/2021,BZN,MT,ANM,WE,Federal Contract Tower,54,38,64,0,156,0,1,159,0,160,54,39,223,0,316,128,0,128,444
02/19/2021,BZN,MT,ANM,WE,Federal Contract Tower,56,35,50,0,141,0,1,102,0,103,56,36,152,0,244,106,0,106,350
02/20/2021,BZN,MT,ANM,WE,Federal Contract Tower,55,35,37,0,127,0,2,48,0,50,55,37,85,0,177,32,0,32,209
02/21/2021,BZN,MT,ANM,WE,Federal Contract Tower,61,75,60,0,196,0,3,16,0,19,61,78,76,0,215,4,0,4,219
02/22/2021,BZN,MT,ANM,WE,Federal Contract Tower,58,21,35,0,114,0,2,35,0,37,58,23,70,0,151,48,0,48,199
02/23/2021,BZN,MT,ANM,WE,Federal Contract Tower,50,26,30,0,106,0,6,28,0,34,50,32,58,0,140,0,0,0,140
02/24/2021,BZN,MT,ANM,WE,Federal Contract Tower,53,39,41,2,135,0,4,119,0,123,53,43,160,2,258,192,0,192,450
02/25/2021,BZN,MT,ANM,WE,Federal Contract Tower,61,40,47,0,148,0,2,92,2,96,61,42,139,2,244,136,0,136,380
02/26/2021,BZN,MT,ANM,WE,Federal Contract Tower,56,41,38,0,135,0,4,39,0,43,56,45,77,0,178,82,0,82,260
02/27/2021,BZN,MT,ANM,WE,Federal Contract Tower,57,26,32,0,115,0,0,69,0,69,57,26,101,0,184,82,0,82,266
02/28/2021,BZN,MT,ANM,WE,Federal Contract Tower,59,48,56,0,163,0,0,33,0,33,59,48,89,0,196,8,0,8,204
03/01/2021,BZN,MT,ANM,WE,Federal Contract Tower,54,33,43,34,164,0,2,154,0,156,54,35,197,34,320,192,0,192,512
03/02/2021,BZN,MT,ANM,WE,Federal Contract Tower,50,24,41,3,118,0,3,117,0,120,50,27,158,3,238,100,0,100,338
03/03/2021,BZN,MT,ANM,WE,Federal Contract Tower,56,51,62,0,169,0,0,201,0,201,56,51,263,0,370,108,0,108,478
03/04/2021,BZN,MT,ANM,WE,Federal Contract Tower,59,32,58,0,149,0,2,152,0,154,59,34,210,0,303,222,0,222,525
03/05/2021,BZN,MT,ANM,WE,Federal Contract Tower,61,53,59,0,173,0,4,168,0,172,61,57,227,0,345,134,0,134,479
03/06/2021,BZN,MT,ANM,WE,Federal Contract Tower,62,38,35,0,135,0,3,78,0,81,62,41,113,0,216,66,0,66,282
03/07/2021,BZN,MT,ANM,WE,Federal Contract Tower,62,41,60,0,163,0,2,68,0,70,62,43,128,0,233,24,0,24,257
03/08/2021,BZN,MT,ANM,WE,Federal Contract Tower,62,40,47,0,149,0,2,116,0,118,62,42,163,0,267,122,0,122,389
03/09/2021,BZN,MT,ANM,WE,Federal Contract Tower,46,35,36,2,119,0,2,62,0,64,46,37,98,2,183,134,0,134,317
03/10/2021,BZN,MT,ANM,WE,Federal Contract Tower,60,38,57,5,160,0,0,132,1,133,60,38,189,6,293,172,12,184,477
03/11/2021,BZN,MT,ANM,WE,Federal Contract Tower,59,40,71,2,172,0,3,141,0,144,59,43,212,2,316,130,0,130,446
03/12/2021,BZN,MT,ANM,WE,Federal Contract Tower,66,47,70,0,183,0,2,147,0,149,66,49,217,0,332,114,0,114,446
03/13/2021,BZN,MT,ANM,WE,Federal Contract Tower,63,42,50,0,155,0,0,104,1,105,63,42,154,1,260,34,0,34,294
03/14/2021,BZN,MT,ANM,WE,Federal Contract Tower,57,31,64,0,152,0,2,46,0,48,57,33,110,0,200,14,0,14,214
03/15/2021,BZN,MT,ANM,WE,Federal Contract Tower,62,45,47,0,154,0,4,95,0,99,62,49,142,0,253,132,0,132,385
03/16/2021,BZN,MT,ANM,WE,Federal Contract Tower,46,32,52,0,130,0,3,110,2,115,46,35,162,2,245,176,0,176,421
03/17/2021,BZN,MT,ANM,WE,Federal Contract Tower,57,57,60,0,174,0,4,149,0,153,57,61,209,0,327,154,0,154,481
03/18/2021,BZN,MT,ANM,WE,Federal Contract Tower,60,45,65,0,170,0,2,144,0,146,60,47,209,0,316,148,0,148,464
03/19/2021,BZN,MT,ANM,WE,Federal Contract Tower,64,49,73,2,188,0,3,111,0,114,64,52,184,2,302,74,0,74,376
03/20/2021,BZN,MT,ANM,WE,Federal Contract Tower,66,52,57,0,175,0,2,14,0,16,66,54,71,0,191,24,0,24,215
03/21/2021,BZN,MT,ANM,WE,Federal Contract Tower,61,74,67,0,202,0,4,47,4,55,61,78,114,4,257,20,0,20,277
03/22/2021,BZN,MT,ANM,WE,Federal Contract Tower,66,50,55,0,171,0,0,68,0,68,66,50,123,0,239,100,0,100,339
03/23/2021,BZN,MT,ANM,WE,Federal Contract Tower,47,33,29,0,109,0,5,39,0,44,47,38,68,0,153,66,0,66,219
03/24/2021,BZN,MT,ANM,WE,Federal Contract Tower,57,50,75,0,182,0,2,141,0,143,57,52,216,0,325,162,0,162,487
03/25/2021,BZN,MT,ANM,WE,Federal Contract Tower,60,49,44,0,153,0,0,41,0,41,60,49,85,0,194,166,0,166,360
03/26/2021,BZN,MT,ANM,WE,Federal Contract Tower,62,47,90,0,199,0,5,102,0,107,62,52,192,0,306,73,0,73,379
03/27/2021,BZN,MT,ANM,WE,Federal Contract Tower,65,41,45,10,161,0,2,54,0,56,65,43,99,10,217,68,0,68,285
03/28/2021,BZN,MT,ANM,WE,Federal Contract Tower,51,29,52,0,132,0,0,24,0,24,51,29,76,0,156,0,0,0,156
03/29/2021,BZN,MT,ANM,WE,Federal Contract Tower,52,33,33,0,118,0,2,17,0,19,52,35,50,0,137,0,0,0,137
03/30/2021,BZN,MT,ANM,WE,Federal Contract Tower,43,33,53,0,129,0,6,116,0,122,43,39,169,0,251,222,0,222,473
03/31/2021,BZN,MT,ANM,WE,Federal Contract Tower,48,39,75,1,163,0,0,180,1,181,48,39,255,2,344,158,0,158,502
04/01/2021,BZN,MT,ANM,WE,Federal Contract Tower,47,44,70,2,163,0,3,136,0,139,47,47,206,2,302,118,12,130,432
04/02/2021,BZN,MT,ANM,WE,Federal Contract Tower,55,43,40,0,138,0,3,102,2,107,55,46,142,2,245,94,0,94,339
04/03/2021,BZN,MT,ANM,WE,Federal Contract Tower,47,48,33,0,128,0,1,79,1,81,47,49,112,1,209,64,0,64,273
04/04/2021,BZN,MT,ANM,WE,Federal Contract Tower,48,41,29,0,118,0,0,26,0,26,48,41,55,0,144,16,0,16,160
04/05/2021,BZN,MT,ANM,WE,Federal Contract Tower,51,31,40,0,122,0,0,56,0,56,51,31,96,0,178,80,0,80,258
04/06/2021,BZN,MT,ANM,WE,Federal Contract Tower,35,30,54,0,119,0,0,93,0,93,35,30,147,0,212,174,0,174,386
04/07/2021,BZN,MT,ANM,WE,Federal Contract Tower,37,34,50,0,121,0,2,168,0,170,37,36,218,0,291,212,0,212,503
04/08/2021,BZN,MT,ANM,WE,Federal Contract Tower,42,23,32,0,97,0,0,55,0,55,42,23,87,0,152,74,0,74,226
04/09/2021,BZN,MT,ANM,WE,Federal Contract Tower,48,36,57,0,141,0,1,179,1,181,48,37,236,1,322,228,0,228,550
04/10/2021,BZN,MT,ANM,WE,Federal Contract Tower,47,37,31,0,115,0,3,24,0,27,47,40,55,0,142,12,0,12,154
04/11/2021,BZN,MT,ANM,WE,Federal Contract Tower,44,33,34,0,111,0,0,25,0,25,44,33,59,0,136,44,0,44,180
04/12/2021,BZN,MT,ANM,WE,Federal Contract Tower,48,30,38,7,123,0,1,114,0,115,48,31,152,7,238,174,14,188,426
04/13/2021,BZN,MT,ANM,WE,Federal Contract Tower,34,26,66,0,126,0,4,112,0,116,34,30,178,0,242,256,0,256,498
04/14/2021,BZN,MT,ANM,WE,Federal Contract Tower,32,22,31,2,87,0,0,92,0,92,32,22,123,2,179,280,0,280,459
04/15/2021,BZN,MT,ANM,WE,Federal Contract Tower,40,15,53,0,108,0,1,107,0,108,40,16,160,0,216,178,0,178,394
04/16/2021,BZN,MT,ANM,WE,Federal Contract Tower,45,40,66,0,151,0,5,137,0,142,45,45,203,0,293,168,0,168,461
04/17/2021,BZN,MT,ANM,WE,Federal Contract Tower,40,27,41,0,108,0,3,116,0,119,40,30,157,0,227,102,0,102,329
04/18/2021,BZN,MT,ANM,WE,Federal Contract Tower,41,24,40,0,105,0,2,35,0,37,41,26,75,0,142,42,0,42,184
04/19/2021,BZN,MT,ANM,WE,Federal Contract Tower,45,21,22,0,88,0,7,37,0,44,45,28,59,0,132,108,0,108,240
04/20/2021,BZN,MT,ANM,WE,Federal Contract Tower,33,15,53,0,101,0,1,136,0,137,33,16,189,0,238,256,0,256,494
04/21/2021,BZN,MT,ANM,WE,Federal Contract Tower,35,18,46,1,100,0,2,184,0,186,35,20,230,1,286,292,0,292,578
04/22/2021,BZN,MT,ANM,WE,Federal Contract Tower,43,18,23,0,84,0,3,118,0,121,43,21,141,0,205,192,0,192,397
04/23/2021,BZN,MT,ANM,WE,Federal Contract Tower,44,15,24,0,83,0,0,54,0,54,44,15,78,0,137,82,0,82,219
04/24/2021,BZN,MT,ANM,WE,Federal Contract Tower,41,15,17,0,73,0,3,37,2,42,41,18,54,2,115,56,0,56,171
04/25/2021,BZN,MT,ANM,WE,Federal Contract Tower,41,4,18,0,63,0,0,7,0,7,41,4,25,0,70,0,0,0,70
04/26/2021,BZN,MT,ANM,WE,Federal Contract Tower,48,9,49,0,106,0,2,63,0,65,48,11,112,0,171,118,0,118,289
04/27/2021,BZN,MT,ANM,WE,Federal Contract Tower,35,22,40,0,97,0,1,154,4,159,35,23,194,4,256,234,0,234,490
04/28/2021,BZN,MT,ANM,WE,Federal Contract Tower,34,26,43,0,103,0,4,126,0,130,34,30,169,0,233,132,0,132,365
04/29/2021,BZN,MT,ANM,WE,Federal Contract Tower,42,17,27,0,86,0,1,137,0,138,42,18,164,0,224,102,0,102,326
04/30/2021,BZN,MT,ANM,WE,Federal Contract Tower,48,14,37,0,99,0,2,69,0,71,48,16,106,0,170,92,0,92,262
05/01/2021,BZN,MT,ANM,WE,Federal Contract Tower,38,15,17,3,73,0,1,61,0,62,38,16,78,3,135,76,0,76,211
05/02/2021,BZN,MT,ANM,WE,Federal Contract Tower,43,21,17,0,81,0,0,27,0,27,43,21,44,0,108,66,0,66,174
05/03/2021,BZN,MT,ANM,WE,Federal Contract Tower,47,20,52,0,119,0,0,132,0,132,47,20,184,0,251,166,0,166,417
05/04/2021,BZN,MT,ANM,WE,Federal Contract Tower,35,12,25,0,72,0,2,93,0,95,35,14,118,0,167,142,0,142,309
05/05/2021,BZN,MT,ANM,WE,Federal Contract Tower,41,16,64,0,121,0,1,168,0,169,41,17,232,0,290,170,0,170,460
05/06/2021,BZN,MT,ANM,WE,Federal Contract Tower,46,26,54,0,126,0,4,154,0,158,46,30,208,0,284,164,0,164,448
05/07/2021,BZN,MT,ANM,WE,Federal Contract Tower,44,12,23,1,80,0,3,64,0,67,44,15,87,1,147,80,0,80,227
05/08/2021,BZN,MT,ANM,WE,Federal Contract Tower,53,19,15,0,87,0,3,4,0,7,53,22,19,0,94,0,0,0,94
05/09/2021,BZN,MT,ANM,WE,Federal Contract Tower,51,11,21,4,87,0,3,19,2,24,51,14,40,6,111,28,0,28,139
05/10/2021,BZN,MT,ANM,WE,Federal Contract Tower,54,16,51,3,124,0,2,99,0,101,54,18,150,3,225,126,0,126,351
05/11/2021,BZN,MT,ANM,WE,Federal Contract Tower,37,20,45,0,102,0,3,119,2,124,37,23,164,2,226,104,0,104,330
05/12/2021,BZN,MT,ANM,WE,Federal Contract Tower,44,18,32,0,94,0,1,146,0,147,44,19,178,0,241,142,0,142,383
05/13/2021,BZN,MT,ANM,WE,Federal Contract Tower,46,11,35,0,92,0,0,125,0,125,46,11,160,0,217,156,0,156,373
05/14/2021,BZN,MT,ANM,WE,Federal Contract Tower,52,17,31,0,100,0,2,100,4,106,52,19,131,4,206,148,0,148,354
05/15/2021,BZN,MT,ANM,WE,Federal Contract Tower,52,18,18,1,89,0,2,45,0,47,52,20,63,1,136,38,0,38,174
05/16/2021,BZN,MT,ANM,WE,Federal Contract Tower,52,16,21,2,91,0,4,54,0,58,52,20,75,2,149,26,0,26,175
05/17/2021,BZN,MT,ANM,WE,Federal Contract Tower,50,9,47,1,107,0,2,106,0,108,50,11,153,1,215,126,0,126,341
05/18/2021,BZN,MT,ANM,WE,Federal Contract Tower,42,22,28,0,92,0,5,83,0,88,42,27,111,0,180,118,0,118,298
05/19/2021,BZN,MT,ANM,WE,Federal Contract Tower,48,15,41,0,104,0,0,98,0,98,48,15,139,0,202,116,0,116,318
05/20/2021,BZN,MT,ANM,WE,Federal Contract Tower,48,21,27,0,96,0,0,2,0,2,48,21,29,0,98,0,0,0,98
05/21/2021,BZN,MT,ANM,WE,Federal Contract Tower,50,18,14,0,82,0,0,2,0,2,50,18,16,0,84,0,0,0,84
05/22/2021,BZN,MT,ANM,WE,Federal Contract Tower,56,16,12,0,84,0,20,36,0,56,56,36,48,0,140,108,0,108,248
05/23/2021,BZN,MT,ANM,WE,Federal Contract Tower,57,15,20,1,93,0,0,2,0,2,57,15,22,1,95,0,0,0,95
05/24/2021,BZN,MT,ANM,WE,Federal Contract Tower,52,8,23,0,83,0,0,18,5,23,52,8,41,5,106,60,0,60,166
05/25/2021,BZN,MT,ANM,WE,Federal Contract Tower,44,15,62,0,121,0,4,140,0,144,44,19,202,0,265,112,0,112,377
05/26/2021,BZN,MT,ANM,WE,Federal Contract Tower,46,16,23,1,86,0,2,14,0,16,46,18,37,1,102,22,0,22,124
05/27/2021,BZN,MT,ANM,WE,Federal Contract Tower,63,18,43,0,124,0,2,156,0,158,63,20,199,0,282,174,0,174,456
05/28/2021,BZN,MT,ANM,WE,Federal Contract Tower,72,23,18,0,113,0,10,74,0,84,72,33,92,0,197,80,0,80,277
05/29/2021,BZN,MT,ANM,WE,Federal Contract Tower,73,13,20,0,106,0,6,74,0,80,73,19,94,0,186,24,0,24,210
05/30/2021,BZN,MT,ANM,WE,Federal Contract Tower,74,6,12,0,92,0,1,53,0,54,74,7,65,0,146,30,0,30,176
05/31/2021,BZN,MT,ANM,WE,Federal Contract Tower,72,16,31,0,119,0,2,80,0,82,72,18,111,0,201,76,0,76,277
06/01/2021,BZN,MT,ANM,WE,Federal Contract Tower,58,15,37,0,110,0,1,141,0,142,58,16,178,0,252,184,0,184,436
06/02/2021,BZN,MT,ANM,WE,Federal Contract Tower,70,16,51,0,137,0,8,157,4,169,70,24,208,4,306,154,0,154,460
06/03/2021,BZN,MT,ANM,WE,Federal Contract Tower,81,20,46,2,149,0,3,119,0,122,81,23,165,2,271,128,0,128,399
06/04/2021,BZN,MT,ANM,WE,Federal Contract Tower,81,28,23,2,134,0,6,103,1,110,81,34,126,3,244,110,0,110,354
06/05/2021,BZN,MT,ANM,WE,Federal Contract Tower,90,23,16,0,129,0,5,71,0,76,90,28,87,0,205,38,0,38,243
06/07/2021,BZN,MT,ANM,WE,Federal Contract Tower,88,17,28,1,134,0,3,119,1,123,88,20,147,2,257,110,0,110,367
06/08/2021,BZN,MT,ANM,WE,Federal Contract Tower,78,27,48,0,153,0,1,122,1,124,78,28,170,1,277,140,0,140,417
06/09/2021,BZN,MT,ANM,WE,Federal Contract Tower,83,20,57,2,162,0,9,133,0,142,83,29,190,2,304,138,2,140,444
06/10/2021,BZN,MT,ANM,WE,Federal Contract Tower,103,15,29,0,147,0,1,57,2,60,103,16,86,2,207,104,0,104,311
06/11/2021,BZN,MT,ANM,WE,Federal Contract Tower,86,27,36,0,149,0,2,146,0,148,86,29,182,0,297,120,0,120,417
06/12/2021,BZN,MT,ANM,WE,Federal Contract Tower,106,20,29,1,156,0,5,106,0,111,106,25,135,1,267,56,0,56,323
06/13/2021,BZN,MT,ANM,WE,Federal Contract Tower,102,17,27,1,147,0,0,65,0,65,102,17,92,1,212,6,0,6,218
06/14/2021,BZN,MT,ANM,WE,Federal Contract Tower,87,18,40,0,145,0,0,124,0,124,87,18,164,0,269,100,0,100,369
06/15/2021,BZN,MT,ANM,WE,Federal Contract Tower,85,20,32,0,137,0,0,64,0,64,85,20,96,0,201,70,0,70,271
06/16/2021,BZN,MT,ANM,WE,Federal Contract Tower,86,20,57,1,164,0,1,165,0,166,86,21,222,1,330,116,0,116,446
06/17/2021,BZN,MT,ANM,WE,Federal Contract Tower,96,32,29,1,158,0,1,140,1,142,96,33,169,2,300,130,0,130,430
06/19/2021,BZN,MT,ANM,WE,Federal Contract Tower,107,21,24,0,152,0,1,76,0,77,107,22,100,0,229,52,0,52,281
06/20/2021,BZN,MT,ANM,WE,Federal Contract Tower,95,23,30,0,148,0,1,18,0,19,95,24,48,0,167,12,0,12,179
06/21/2021,BZN,MT,ANM,WE,Federal Contract Tower,86,20,50,0,156,0,0,137,0,137,86,20,187,0,293,146,0,146,439
06/22/2021,BZN,MT,ANM,WE,Federal Contract Tower,85,20,42,0,147,0,2,134,0,136,85,22,176,0,283,156,0,156,439
06/23/2021,BZN,MT,ANM,WE,Federal Contract Tower,88,34,49,0,171,0,2,156,0,158,88,36,205,0,329,112,0,112,441
06/24/2021,BZN,MT,ANM,WE,Federal Contract Tower,94,47,39,0,180,0,2,94,0,96,94,49,133,0,276,60,0,60,336
06/25/2021,BZN,MT,ANM,WE,Federal Contract Tower,84,51,38,0,173,0,5,145,0,150,84,56,183,0,323,120,0,120,443
06/26/2021,BZN,MT,ANM,WE,Federal Contract Tower,104,34,22,1,161,0,4,87,2,93,104,38,109,3,254,30,0,30,284
06/27/2021,BZN,MT,ANM,WE,Federal Contract Tower,103,47,50,0,200,0,2,59,0,61,103,49,109,0,261,16,0,16,277
06/28/2021,BZN,MT,ANM,WE,Federal Contract Tower,85,36,36,0,157,0,9,93,0,102,85,45,129,0,259,110,0,110,369
06/29/2021,BZN,MT,ANM,WE,Federal Contract Tower,83,47,58,1,189,0,4,162,1,167,83,51,220,2,356,180,0,180,536
06/30/2021,BZN,MT,ANM,WE,Federal Contract Tower,86,44,55,6,191,0,0,136,0,136,86,44,191,6,327,124,0,124,451
07/01/2021,BZN,MT,ANM,WE,Federal Contract Tower,99,54,60,0,213,0,0,101,0,101,99,54,161,0,314,72,0,72,386
07/02/2021,BZN,MT,ANM,WE,Federal Contract Tower,89,37,52,2,180,0,4,87,0,91,89,41,139,2,271,66,0,66,337
07/03/2021,BZN,MT,ANM,WE,Federal Contract Tower,108,46,39,1,194,0,6,69,0,75,108,52,108,1,269,6,0,6,275
07/04/2021,BZN,MT,ANM,WE,Federal Contract Tower,97,27,19,0,143,0,5,38,0,43,97,32,57,0,186,4,0,4,190
07/05/2021,BZN,MT,ANM,WE,Federal Contract Tower,93,43,73,0,209,0,4,78,4,86,93,47,151,4,295,26,0,26,321
07/06/2021,BZN,MT,ANM,WE,Federal Contract Tower,88,52,37,0,177,0,4,135,0,139,88,56,172,0,316,90,0,90,406
07/07/2021,BZN,MT,ANM,WE,Federal Contract Tower,88,54,50,0,192,0,2,121,0,123,88,56,171,0,315,112,0,112,427
07/08/2021,BZN,MT,ANM,WE,Federal Contract Tower,105,34,52,0,191,0,1,120,0,121,105,35,172,0,312,120,0,120,432
07/09/2021,BZN,MT,ANM,WE,Federal Contract Tower,92,37,44,0,173,0,4,126,0,130,92,41,170,0,303,136,0,136,439
07/10/2021,BZN,MT,ANM,WE,Federal Contract Tower,109,47,32,0,188,0,1,66,3,70,109,48,98,3,258,36,0,36,294
07/11/2021,BZN,MT,ANM,WE,Federal Contract Tower,105,31,60,0,196,0,10,67,0,77,105,41,127,0,273,40,0,40,313
07/12/2021,BZN,MT,ANM,WE,Federal Contract Tower,91,28,44,0,163,0,5,118,0,123,91,33,162,0,286,136,0,136,422
07/13/2021,BZN,MT,ANM,WE,Federal Contract Tower,86,36,57,0,179,0,2,111,0,113,86,38,168,0,292,102,0,102,394
07/14/2021,BZN,MT,ANM,WE,Federal Contract Tower,84,42,72,0,198,0,0,142,0,142,84,42,214,0,340,120,0,120,460
07/15/2021,BZN,MT,ANM,WE,Federal Contract Tower,104,50,61,0,215,0,2,119,0,121,104,52,180,0,336,108,0,108,444
07/16/2021,BZN,MT,ANM,WE,Federal Contract Tower,91,40,53,0,184,0,2,113,0,115,91,42,166,0,299,136,0,136,435
07/17/2021,BZN,MT,ANM,WE,Federal Contract Tower,112,41,47,0,200,0,8,54,0,62,112,49,101,0,262,16,0,16,278
07/18/2021,BZN,MT,ANM,WE,Federal Contract Tower,91,75,57,0,223,0,3,52,0,55,91,78,109,0,278,30,0,30,308
07/19/2021,BZN,MT,ANM,WE,Federal Contract Tower,97,49,44,0,190,0,4,110,3,117,97,53,154,3,307,184,0,184,491
07/20/2021,BZN,MT,ANM,WE,Federal Contract Tower,92,28,44,0,164,0,4,91,4,99,92,32,135,4,263,124,0,124,387
07/21/2021,BZN,MT,ANM,WE,Federal Contract Tower,87,43,58,0,188,0,2,127,5,134,87,45,185,5,322,180,0,180,502
07/22/2021,BZN,MT,ANM,WE,Federal Contract Tower,103,37,52,0,192,0,0,95,4,99,103,37,147,4,291,156,0,156,447
07/23/2021,BZN,MT,ANM,WE,Federal Contract Tower,93,27,56,2,178,0,4,119,4,127,93,31,175,6,305,132,0,132,437
07/24/2021,BZN,MT,ANM,WE,Federal Contract Tower,114,45,45,0,204,0,9,88,3,100,114,54,133,3,304,62,0,62,366
07/25/2021,BZN,MT,ANM,WE,Federal Contract Tower,101,40,62,0,203,0,5,56,0,61,101,45,118,0,264,8,0,8,272
07/26/2021,BZN,MT,ANM,WE,Federal Contract Tower,88,35,58,2,183,0,4,84,0,88,88,39,142,2,271,158,0,158,429
07/27/2021,BZN,MT,ANM,WE,Federal Contract Tower,82,33,46,0,161,0,3,65,0,68,82,36,111,0,229,116,0,116,345
07/28/2021,BZN,MT,ANM,WE,Federal Contract Tower,89,31,54,1,175,0,4,104,1,109,89,35,158,2,284,128,0,128,412
07/29/2021,BZN,MT,ANM,WE,Federal Contract Tower,107,32,46,0,185,0,3,93,0,96,107,35,139,0,281,144,0,144,425
07/30/2021,BZN,MT,ANM,WE,Federal Contract Tower,92,43,57,0,192,0,13,101,0,114,92,56,158,0,306,104,0,104,410
07/31/2021,BZN,MT,ANM,WE,Federal Contract Tower,114,40,40,0,194,0,3,70,0,73,114,43,110,0,267,80,0,80,347
08/01/2021,BZN,MT,ANM,WE,Federal Contract Tower,99,49,59,0,207,0,3,48,0,51,99,52,107,0,258,36,0,36,294
08/02/2021,BZN,MT,ANM,WE,Federal Contract Tower,93,35,46,0,174,0,2,59,0,61,93,37,105,0,235,64,0,64,299
08/03/2021,BZN,MT,ANM,WE,Federal Contract Tower,83,36,46,1,166,0,5,98,0,103,83,41,144,1,269,130,0,130,399
08/04/2021,BZN,MT,ANM,WE,Federal Contract Tower,91,35,47,14,187,0,2,114,0,116,91,37,161,14,303,190,14,204,507
08/05/2021,BZN,MT,ANM,WE,Federal Contract Tower,102,26,55,0,183,0,2,97,0,99,102,28,152,0,282,90,0,90,372
08/06/2021,BZN,MT,ANM,WE,Federal Contract Tower,96,29,51,5,181,0,0,93,0,93,96,29,144,5,274,94,0,94,368
08/07/2021,BZN,MT,ANM,WE,Federal Contract Tower,110,34,49,0,193,0,2,160,0,162,110,36,209,0,355,28,0,28,383
08/08/2021,BZN,MT,ANM,WE,Federal Contract Tower,106,44,68,0,218,0,3,80,0,83,106,47,148,0,301,24,0,24,325
08/09/2021,BZN,MT,ANM,WE,Federal Contract Tower,94,44,56,0,194,0,0,100,0,100,94,44,156,0,294,146,0,146,440
08/10/2021,BZN,MT,ANM,WE,Federal Contract Tower,87,35,71,0,193,0,4,121,0,125,87,39,192,0,318,94,0,94,412
08/11/2021,BZN,MT,ANM,WE,Federal Contract Tower,91,44,29,0,164,0,3,117,2,122,91,47,146,2,286,156,0,156,442
08/12/2021,BZN,MT,ANM,WE,Federal Contract Tower,106,43,67,0,216,0,3,139,0,142,106,46,206,0,358,128,0,128,486
08/13/2021,BZN,MT,ANM,WE,Federal Contract Tower,91,32,48,0,171,0,2,117,0,119,91,34,165,0,290,98,0,98,388
08/14/2021,BZN,MT,ANM,WE,Federal Contract Tower,112,51,49,0,212,0,6,93,0,99,112,57,142,0,311,68,0,68,379
08/15/2021,BZN,MT,ANM,WE,Federal Contract Tower,101,45,63,0,209,0,2,44,0,46,101,47,107,0,255,34,0,34,289
08/16/2021,BZN,MT,ANM,WE,Federal Contract Tower,89,30,59,0,178,0,1,51,0,52,89,31,110,0,230,94,0,94,324
08/17/2021,BZN,MT,ANM,WE,Federal Contract Tower,85,34,49,0,168,0,5,76,0,81,85,39,125,0,249,102,0,102,351
08/18/2021,BZN,MT,ANM,WE,Federal Contract Tower,88,44,47,0,179,0,0,10,0,10,88,44,57,0,189,14,0,14,203
08/19/2021,BZN,MT,ANM,WE,Federal Contract Tower,98,51,65,8,222,0,0,20,0,20,98,51,85,8,242,56,0,56,298
08/20/2021,BZN,MT,ANM,WE,Federal Contract Tower,85,48,44,4,181,0,10,52,0,62,85,58,96,4,243,40,0,40,283
08/21/2021,BZN,MT,ANM,WE,Federal Contract Tower,109,35,33,0,177,0,1,61,0,62,109,36,94,0,239,40,0,40,279
08/22/2021,BZN,MT,ANM,WE,Federal Contract Tower,96,33,47,0,176,0,0,56,0,56,96,33,103,0,232,6,0,6,238
08/23/2021,BZN,MT,ANM,WE,Federal Contract Tower,89,29,49,0,167,0,1,73,0,74,89,30,122,0,241,94,0,94,335
08/24/2021,BZN,MT,ANM,WE,Federal Contract Tower,85,29,45,1,160,0,2,138,0,140,85,31,183,1,300,134,0,134,434
08/25/2021,BZN,MT,ANM,WE,Federal Contract Tower,85,26,54,0,165,0,2,135,0,137,85,28,189,0,302,138,0,138,440
08/26/2021,BZN,MT,ANM,WE,Federal Contract Tower,93,29,58,0,180,0,2,92,0,94,93,31,150,0,274,70,0,70,344
08/27/2021,BZN,MT,ANM,WE,Federal Contract Tower,89,43,45,0,177,0,3,117,0,120,89,46,162,0,297,72,0,72,369
08/28/2021,BZN,MT,ANM,WE,Federal Contract Tower,115,24,41,0,180,0,2,143,0,145,115,26,184,0,325,30,0,30,355
08/29/2021,BZN,MT,ANM,WE,Federal Contract Tower,96,29,57,0,182,0,5,88,0,93,96,34,145,0,275,10,0,10,285
08/30/2021,BZN,MT,ANM,WE,Federal Contract Tower,88,28,48,0,164,0,1,145,0,146,88,29,193,0,310,92,0,92,402
08/31/2021,BZN,MT,ANM,WE,Federal Contract Tower,88,27,47,0,162,0,2,119,0,121,88,29,166,0,283,158,0,158,441
09/01/2021,BZN,MT,ANM,WE,Federal Contract Tower,87,30,54,1,172,0,1,199,0,200,87,31,253,1,372,134,0,134,506
09/02/2021,BZN,MT,ANM,WE,Federal Contract Tower,98,32,50,1,181,0,2,143,0,145,98,34,193,1,326,126,0,126,452
09/03/2021,BZN,MT,ANM,WE,Federal Contract Tower,89,43,50,0,182,0,7,157,0,164,89,50,207,0,346,124,0,124,470
09/04/2021,BZN,MT,ANM,WE,Federal Contract Tower,112,24,26,0,162,0,0,90,0,90,112,24,116,0,252,118,0,118,370
09/05/2021,BZN,MT,ANM,WE,Federal Contract Tower,93,20,30,0,143,0,2,46,0,48,93,22,76,0,191,12,0,12,203
09/06/2021,BZN,MT,ANM,WE,Federal Contract Tower,92,46,43,0,181,0,2,29,0,31,92,48,72,0,212,26,0,26,238
09/07/2021,BZN,MT,ANM,WE,Federal Contract Tower,89,34,63,0,186,0,1,169,2,172,89,35,232,2,358,162,0,162,520
09/08/2021,BZN,MT,ANM,WE,Federal Contract Tower,60,33,47,3,143,0,0,166,1,167,60,33,213,4,310,178,20,198,508
09/09/2021,BZN,MT,ANM,WE,Federal Contract Tower,66,26,45,0,137,0,0,95,0,95,66,26,140,0,232,170,0,170,402
09/10/2021,BZN,MT,ANM,WE,Federal Contract Tower,72,41,44,0,157,0,0,160,0,160,72,41,204,0,317,136,0,136,453
09/11/2021,BZN,MT,ANM,WE,Federal Contract Tower,66,23,23,0,112,0,2,89,0,91,66,25,112,0,203,40,0,40,243
09/12/2021,BZN,MT,ANM,WE,Federal Contract Tower,70,23,34,0,127,0,3,70,0,73,70,26,104,0,200,12,0,12,212
09/13/2021,BZN,MT,ANM,WE,Federal Contract Tower,66,19,28,0,113,0,4,145,4,153,66,23,173,4,266,144,0,144,410
09/14/2021,BZN,MT,ANM,WE,Federal Contract Tower,56,18,43,0,117,0,1,178,0,179,56,19,221,0,296,180,0,180,476
09/15/2021,BZN,MT,ANM,WE,Federal Contract Tower,60,26,39,0,125,0,1,104,0,105,60,27,143,0,230,64,0,64,294
09/16/2021,BZN,MT,ANM,WE,Federal Contract Tower,68,38,54,0,160,0,4,124,0,128,68,42,178,0,288,116,0,116,404
09/17/2021,BZN,MT,ANM,WE,Federal Contract Tower,66,25,29,1,121,0,5,190,2,197,66,30,219,3,318,248,0,248,566
09/18/2021,BZN,MT,ANM,WE,Federal Contract Tower,68,19,24,0,111,0,2,43,1,46,68,21,67,1,157,45,0,45,202
09/19/2021,BZN,MT,ANM,WE,Federal Contract Tower,69,40,43,0,152,0,2,13,0,15,69,42,56,0,167,0,0,0,167
09/20/2021,BZN,MT,ANM,WE,Federal Contract Tower,65,34,38,0,137,0,3,99,0,102,65,37,137,0,239,108,0,108,347
09/21/2021,BZN,MT,ANM,WE,Federal Contract Tower,56,20,23,0,99,0,4,156,0,160,56,24,179,0,259,204,0,204,463
09/22/2021,BZN,MT,ANM,WE,Federal Contract Tower,56,22,35,13,126,0,5,180,0,185,56,27,215,13,311,212,0,212,523
09/23/2021,BZN,MT,ANM,WE,Federal Contract Tower,68,27,44,2,141,0,3,158,0,161,68,30,202,2,302,212,0,212,514
09/24/2021,BZN,MT,ANM,WE,Federal Contract Tower,67,25,33,0,125,0,5,180,0,185,67,30,213,0,310,198,0,198,508
09/25/2021,BZN,MT,ANM,WE,Federal Contract Tower,70,17,22,0,109,0,2,109,0,111,70,19,131,0,220,168,0,168,388
09/26/2021,BZN,MT,ANM,WE,Federal Contract Tower,66,21,33,0,120,0,4,71,0,75,66,25,104,0,195,38,0,38,233
09/27/2021,BZN,MT,ANM,WE,Federal Contract Tower,64,28,43,1,136,0,7,121,2,130,64,35,164,3,266,174,6,180,446
09/28/2021,BZN,MT,ANM,WE,Federal Contract Tower,57,23,32,1,113,0,0,102,0,102,57,23,134,1,215,224,8,232,447
09/29/2021,BZN,MT,ANM,WE,Federal Contract Tower,61,21,45,0,127,0,7,169,0,176,61,28,214,0,303,156,0,156,459
09/30/2021,BZN,MT,ANM,WE,Federal Contract Tower,70,20,45,0,135,0,4,153,0,157,70,24,198,0,292,212,0,212,504
10/01/2021,BZN,MT,ANM,WE,Federal Contract Tower,60,28,31,0,119,0,3,130,0,133,60,31,161,0,252,180,0,180,432
10/02/2021,BZN,MT,ANM,WE,Federal Contract Tower,65,20,28,0,113,0,5,103,0,108,65,25,131,0,221,98,0,98,319
10/03/2021,BZN,MT,ANM,WE,Federal Contract Tower,68,19,37,0,124,0,5,60,0,65,68,24,97,0,189,16,0,16,205
10/04/2021,BZN,MT,ANM,WE,Federal Contract Tower,63,16,36,0,115,0,0,126,0,126,63,16,162,0,241,210,0,210,451
10/05/2021,BZN,MT,ANM,WE,Federal Contract Tower,49,21,36,1,107,0,2,119,2,123,49,23,155,3,230,110,0,110,340
10/06/2021,BZN,MT,ANM,WE,Federal Contract Tower,52,19,30,5,106,0,4,117,2,123,52,23,147,7,229,110,0,110,339
10/07/2021,BZN,MT,ANM,WE,Federal Contract Tower,57,17,29,1,104,0,2,61,5,68,57,19,90,6,172,80,0,80,252
10/08/2021,BZN,MT,ANM,WE,Federal Contract Tower,48,10,37,0,95,0,3,60,0,63,48,13,97,0,158,100,0,100,258
10/09/2021,BZN,MT,ANM,WE,Federal Contract Tower,50,22,17,0,89,0,1,51,0,52,50,23,68,0,141,46,0,46,187
10/10/2021,BZN,MT,ANM,WE,Federal Contract Tower,53,23,37,4,117,0,1,52,0,53,53,24,89,4,170,54,0,54,224
10/11/2021,BZN,MT,ANM,WE,Federal Contract Tower,48,23,24,0,95,0,0,0,0,0,48,23,24,0,95,0,0,0,95
10/12/2021,BZN,MT,ANM,WE,Federal Contract Tower,45,21,24,0,90,0,0,4,0,4,45,21,28,0,94,0,0,0,94
10/13/2021,BZN,MT,ANM,WE,Federal Contract Tower,46,27,58,0,131,0,1,123,0,124,46,28,181,0,255,178,0,178,433
10/14/2021,BZN,MT,ANM,WE,Federal Contract Tower,58,16,25,1,100,0,0,87,0,87,58,16,112,1,187,160,12,172,359
10/15/2021,BZN,MT,ANM,WE,Federal Contract Tower,48,16,22,0,86,0,2,108,1,111,48,18,130,1,197,154,0,154,351
10/16/2021,BZN,MT,ANM,WE,Federal Contract Tower,53,20,16,1,90,0,2,87,0,89,53,22,103,1,179,124,0,124,303
10/17/2021,BZN,MT,ANM,WE,Federal Contract Tower,57,15,27,6,105,0,8,75,2,85,57,23,102,8,190,44,4,48,238
10/18/2021,BZN,MT,ANM,WE,Federal Contract Tower,52,10,40,0,102,0,3,137,0,140,52,13,177,0,242,226,0,226,468
10/19/2021,BZN,MT,ANM,WE,Federal Contract Tower,45,25,36,2,108,0,5,144,2,151,45,30,180,4,259,208,0,208,467
10/20/2021,BZN,MT,ANM,WE,Federal Contract Tower,46,25,40,1,112,0,3,149,0,152,46,28,189,1,264,210,0,210,474
10/21/2021,BZN,MT,ANM,WE,Federal Contract Tower,49,21,47,1,118,0,5,131,0,136,49,26,178,1,254,166,0,166,420
10/22/2021,BZN,MT,ANM,WE,Federal Contract Tower,46,29,38,0,113,0,2,156,0,158,46,31,194,0,271,152,0,152,423
10/24/2021,BZN,MT,ANM,WE,Federal Contract Tower,54,19,21,0,94,0,6,37,0,43,54,25,58,0,137,10,0,10,147
10/25/2021,BZN,MT,ANM,WE,Federal Contract Tower,51,22,29,0,102,0,0,20,0,20,51,22,49,0,122,78,0,78,200
10/26/2021,BZN,MT,ANM,WE,Federal Contract Tower,43,18,30,0,91,0,0,75,0,75,43,18,105,0,166,104,0,104,270
10/27/2021,BZN,MT,ANM,WE,Federal Contract Tower,47,23,30,0,100,0,3,26,0,29,47,26,56,0,129,30,0,30,159
10/28/2021,BZN,MT,ANM,WE,Federal Contract Tower,56,16,30,0,102,0,4,112,1,117,56,20,142,1,219,142,0,142,361
10/29/2021,BZN,MT,ANM,WE,Federal Contract Tower,50,21,31,0,102,0,2,81,0,83,50,23,112,0,185,104,0,104,289
10/31/2021,BZN,MT,ANM,WE,Federal Contract Tower,47,10,15,0,72,0,0,32,0,32,47,10,47,0,104,28,0,28,132
11/01/2021,BZN,MT,ANM,WE,Federal Contract Tower,46,8,29,0,83,0,4,99,0,103,46,12,128,0,186,146,0,146,332
11/02/2021,BZN,MT,ANM,WE,Federal Contract Tower,44,14,32,4,94,0,11,125,4,140,44,25,157,8,234,168,0,168,402
11/03/2021,BZN,MT,ANM,WE,Federal Contract Tower,43,16,39,0,98,0,0,159,4,163,43,16,198,4,261,212,2,214,475
11/04/2021,BZN,MT,ANM,WE,Federal Contract Tower,47,21,39,0,107,0,1,140,8,149,47,22,179,8,256,178,0,178,434
11/05/2021,BZN,MT,ANM,WE,Federal Contract Tower,47,14,34,0,95,0,2,148,0,150,47,16,182,0,245,126,16,142,387
11/07/2021,BZN,MT,ANM,WE,Federal Contract Tower,45,5,27,10,87,0,5,41,0,46,45,10,68,10,133,0,0,0,133
11/08/2021,BZN,MT,ANM,WE,Federal Contract Tower,42,15,31,0,88,0,4,143,0,147,42,19,174,0,235,162,0,162,397
11/09/2021,BZN,MT,ANM,WE,Federal Contract Tower,38,22,31,0,91,0,4,57,0,61,38,26,88,0,152,156,0,156,308
11/10/2021,BZN,MT,ANM,WE,Federal Contract Tower,42,22,35,0,99,0,3,44,0,47,42,25,79,0,146,52,0,52,198
11/11/2021,BZN,MT,ANM,WE,Federal Contract Tower,44,21,27,0,92,0,0,29,0,29,44,21,56,0,121,66,0,66,187
11/12/2021,BZN,MT,ANM,WE,Federal Contract Tower,43,13,36,0,92,0,5,80,0,85,43,18,116,0,177,118,0,118,295
11/13/2021,BZN,MT,ANM,WE,Federal Contract Tower,41,15,37,0,93,0,2,29,0,31,41,17,66,0,124,10,0,10,134
11/14/2021,BZN,MT,ANM,WE,Federal Contract Tower,44,14,19,0,77,0,4,8,0,12,44,18,27,0,89,0,0,0,89
11/15/2021,BZN,MT,ANM,WE,Federal Contract Tower,41,19,22,0,82,0,3,29,0,32,41,22,51,0,114,30,0,30,144
11/16/2021,BZN,MT,ANM,WE,Federal Contract Tower,46,20,28,0,94,0,0,6,0,6,46,20,34,0,100,0,0,0,100
11/17/2021,BZN,MT,ANM,WE,Federal Contract Tower,42,17,51,0,110,0,0,162,0,162,42,17,213,0,272,188,0,188,460
11/18/2021,BZN,MT,ANM,WE,Federal Contract Tower,43,19,67,0,129,0,5,117,0,122,43,24,184,0,251,168,0,168,419
11/19/2021,BZN,MT,ANM,WE,Federal Contract Tower,41,24,46,0,111,0,2,55,0,57,41,26,101,0,168,126,0,126,294
11/20/2021,BZN,MT,ANM,WE,Federal Contract Tower,45,20,22,2,89,0,0,58,0,58,45,20,80,2,147,62,0,62,209
11/21/2021,BZN,MT,ANM,WE,Federal Contract Tower,46,13,23,0,82,0,2,38,0,40,46,15,61,0,122,42,0,42,164
11/22/2021,BZN,MT,ANM,WE,Federal Contract Tower,42,16,32,0,90,0,3,83,0,86,42,19,115,0,176,108,8,116,292
11/23/2021,BZN,MT,ANM,WE,Federal Contract Tower,49,27,27,0,103,0,4,85,0,89,49,31,112,0,192,184,0,184,376
11/24/2021,BZN,MT,ANM,WE,Federal Contract Tower,50,21,38,0,109,0,2,73,1,76,50,23,111,1,185,92,0,92,277
11/25/2021,BZN,MT,ANM,WE,Federal Contract Tower,30,5,5,0,40,0,2,11,0,13,30,7,16,0,53,16,0,16,69
11/26/2021,BZN,MT,ANM,WE,Federal Contract Tower,36,8,13,0,57,0,4,15,0,19,36,12,28,0,76,10,0,10,86
11/27/2021,BZN,MT,ANM,WE,Federal Contract Tower,49,22,32,0,103,0,2,46,0,48,49,24,78,0,151,48,0,48,199
11/29/2021,BZN,MT,ANM,WE,Federal Contract Tower,48,19,42,0,109,0,0,86,0,86,48,19,128,0,195,168,0,168,363
11/30/2021,BZN,MT,ANM,WE,Federal Contract Tower,42,24,31,0,97,0,7,92,0,99,42,31,123,0,196,174,0,174,370
12/01/2021,BZN,MT,ANM,WE,Federal Contract Tower,40,18,26,0,84,0,0,47,0,47,40,18,73,0,131,126,0,126,257
12/02/2021,BZN,MT,ANM,WE,Federal Contract Tower,43,12,33,0,88,0,3,59,0,62,43,15,92,0,150,110,0,110,260
12/03/2021,BZN,MT,ANM,WE,Federal Contract Tower,43,18,46,0,107,0,0,154,8,162,43,18,200,8,269,226,0,226,495
12/04/2021,BZN,MT,ANM,WE,Federal Contract Tower,36,11,20,0,67,0,0,26,0,26,36,11,46,0,93,54,0,54,147
12/05/2021,BZN,MT,ANM,WE,Federal Contract Tower,42,16,18,0,76,0,1,4,0,5,42,17,22,0,81,0,0,0,81
12/06/2021,BZN,MT,ANM,WE,Federal Contract Tower,43,11,31,1,86,0,0,81,0,81,43,11,112,1,167,124,8,132,299
12/07/2021,BZN,MT,ANM,WE,Federal Contract Tower,37,23,27,0,87,0,5,108,0,113,37,28,135,0,200,130,0,130,330
12/08/2021,BZN,MT,ANM,WE,Federal Contract Tower,38,19,24,0,81,0,2,49,0,51,38,21,73,0,132,68,0,68,200
12/09/2021,BZN,MT,ANM,WE,Federal Contract Tower,41,21,35,0,97,0,1,122,0,123,41,22,157,0,220,144,0,144,364
12/10/2021,BZN,MT,ANM,WE,Federal Contract Tower,45,14,25,0,84,0,2,78,0,80,45,16,103,0,164,100,0,100,264
12/11/2021,BZN,MT,ANM,WE,Federal Contract Tower,35,13,10,0,58,0,0,14,0,14,35,13,24,0,72,12,0,12,84
12/12/2021,BZN,MT,ANM,WE,Federal Contract Tower,44,15,20,0,79,0,3,9,0,12,44,18,29,0,91,14,0,14,105
12/13/2021,BZN,MT,ANM,WE,Federal Contract Tower,44,11,48,2,105,0,2,94,0,96,44,13,142,2,201,186,0,186,387
12/14/2021,BZN,MT,ANM,WE,Federal Contract Tower,38,18,23,0,79,0,1,11,0,12,38,19,34,0,91,22,0,22,113
12/15/2021,BZN,MT,ANM,WE,Federal Contract Tower,36,40,35,0,111,0,3,33,0,36,36,43,68,0,147,42,0,42,189
12/16/2021,BZN,MT,ANM,WE,Federal Contract Tower,57,32,52,0,141,0,1,98,0,99,57,33,150,0,240,146,0,146,386
12/17/2021,BZN,MT,ANM,WE,Federal Contract Tower,61,64,77,2,204,0,2,80,0,82,61,66,157,2,286,122,0,122,408
12/18/2021,BZN,MT,ANM,WE,Federal Contract Tower,73,69,87,0,229,0,3,53,0,56,73,72,140,0,285,54,0,54,339
12/19/2021,BZN,MT,ANM,WE,Federal Contract Tower,64,51,57,0,172,0,0,21,0,21,64,51,78,0,193,10,0,10,203
12/20/2021,BZN,MT,ANM,WE,Federal Contract Tower,68,56,53,0,177,0,4,79,0,83,68,60,132,0,260,40,0,40,300
12/21/2021,BZN,MT,ANM,WE,Federal Contract Tower,65,48,54,0,167,0,5,73,0,78,65,53,127,0,245,108,0,108,353
12/22/2021,BZN,MT,ANM,WE,Federal Contract Tower,75,72,52,0,199,0,6,38,0,44,75,78,90,0,243,60,0,60,303
12/23/2021,BZN,MT,ANM,WE,Federal Contract Tower,77,68,53,0,198,0,2,14,0,16,77,70,67,0,214,4,0,4,218
12/24/2021,BZN,MT,ANM,WE,Federal Contract Tower,68,42,23,0,133,0,2,21,0,23,68,44,44,0,156,12,0,12,168
12/25/2021,BZN,MT,ANM,WE,Federal Contract Tower,68,33,22,0,123,0,0,13,0,13,68,33,35,0,136,0,0,0,136
12/26/2021,BZN,MT,ANM,WE,Federal Contract Tower,72,60,71,0,203,0,0,0,0,0,72,60,71,0,203,0,0,0,203
12/27/2021,BZN,MT,ANM,WE,Federal Contract Tower,64,76,81,0,221,0,0,17,0,17,64,76,98,0,238,0,0,0,238
12/28/2021,BZN,MT,ANM,WE,Federal Contract Tower,65,57,49,0,171,0,4,31,0,35,65,61,80,0,206,28,0,28,234
12/29/2021,BZN,MT,ANM,WE,Federal Contract Tower,64,49,43,0,156,0,1,17,0,18,64,50,60,0,174,10,0,10,184
12/30/2021,BZN,MT,ANM,WE,Federal Contract Tower,75,58,45,0,178,0,0,10,0,10,75,58,55,0,188,8,0,8,196
12/31/2021,BZN,MT,ANM,WE,Federal Contract Tower,62,47,20,0,129,0,0,3,0,3,62,47,23,0,132,0,0,0,132
01/01/2022,BZN,MT,ANM,WE,Federal Contract Tower,69,73,42,0,184,0,2,21,0,23,69,75,63,0,207,30,0,30,237
01/02/2022,BZN,MT,ANM,WE,Federal Contract Tower,74,56,117,0,247,0,2,25,0,27,74,58,142,0,274,24,0,24,298
01/03/2022,BZN,MT,ANM,WE,Federal Contract Tower,63,67,72,0,202,0,2,55,0,57,63,69,127,0,259,110,0,110,369
01/04/2022,BZN,MT,ANM,WE,Federal Contract Tower,51,58,52,0,161,0,0,24,0,24,51,58,76,0,185,0,58,58,243
01/05/2022,BZN,MT,ANM,WE,Federal Contract Tower,50,50,38,0,138,0,0,0,0,0,50,50,38,0,138,0,0,0,138
01/06/2022,BZN,MT,ANM,WE,Federal Contract Tower,56,43,40,0,139,0,4,5,0,9,56,47,45,0,148,0,0,0,148
01/07/2022,BZN,MT,ANM,WE,Federal Contract Tower,56,48,46,0,150,0,7,19,0,26,56,55,65,0,176,40,0,40,216
01/08/2022,BZN,MT,ANM,WE,Federal Contract Tower,64,45,36,0,145,0,4,45,0,49,64,49,81,0,194,50,0,50,244
01/09/2022,BZN,MT,ANM,WE,Federal Contract Tower,56,29,57,0,142,0,2,35,0,37,56,31,92,0,179,34,0,34,213
01/10/2022,BZN,MT,ANM,WE,Federal Contract Tower,53,22,42,1,118,0,1,108,1,110,53,23,150,2,228,118,0,118,346
01/11/2022,BZN,MT,ANM,WE,Federal Contract Tower,47,29,36,0,112,0,5,109,0,114,47,34,145,0,226,138,0,138,364
01/12/2022,BZN,MT,ANM,WE,Federal Contract Tower,51,30,29,0,110,0,0,69,1,70,51,30,98,1,180,142,0,142,322
01/13/2022,BZN,MT,ANM,WE,Federal Contract Tower,65,53,58,0,176,0,2,73,1,76,65,55,131,1,252,76,0,76,328
01/14/2022,BZN,MT,ANM,WE,Federal Contract Tower,57,73,75,0,205,0,0,85,1,86,57,73,160,1,291,112,0,112,403
01/15/2022,BZN,MT,ANM,WE,Federal Contract Tower,60,30,17,4,111,0,3,50,1,54,60,33,67,5,165,16,0,16,181
01/16/2022,BZN,MT,ANM,WE,Federal Contract Tower,55,35,35,0,125,0,1,74,0,75,55,36,109,0,200,36,0,36,236
01/17/2022,BZN,MT,ANM,WE,Federal Contract Tower,62,100,80,0,242,0,6,70,0,76,62,106,150,0,318,46,0,46,364
01/18/2022,BZN,MT,ANM,WE,Federal Contract Tower,54,35,35,0,124,0,0,43,0,43,54,35,78,0,167,76,0,76,243
01/19/2022,BZN,MT,ANM,WE,Federal Contract Tower,50,19,48,2,119,0,2,59,0,61,50,21,107,2,180,64,0,64,244
01/20/2022,BZN,MT,ANM,WE,Federal Contract Tower,56,42,34,1,133,0,0,47,0,47,56,42,81,1,180,124,0,124,304
01/21/2022,BZN,MT,ANM,WE,Federal Contract Tower,56,28,46,1,131,0,6,103,0,109,56,34,149,1,240,164,0,164,404
01/22/2022,BZN,MT,ANM,WE,Federal Contract Tower,59,34,32,0,125,0,5,85,0,90,59,39,117,0,215,106,0,106,321
01/23/2022,BZN,MT,ANM,WE,Federal Contract Tower,62,33,45,0,140,0,4,63,0,67,62,37,108,0,207,44,0,44,251
01/24/2022,BZN,MT,ANM,WE,Federal Contract Tower,52,8,49,0,109,0,0,54,0,54,52,8,103,0,163,88,0,88,251
01/25/2022,BZN,MT,ANM,WE,Federal Contract Tower,50,19,40,0,109,0,2,88,0,90,50,21,128,0,199,104,0,104,303
01/26/2022,BZN,MT,ANM,WE,Federal Contract Tower,54,32,58,0,144,0,2,143,0,145,54,34,201,0,289,170,0,170,459
01/27/2022,BZN,MT,ANM,WE,Federal Contract Tower,58,32,38,0,128,0,2,123,0,125,58,34,161,0,253,296,0,296,549
01/28/2022,BZN,MT,ANM,WE,Federal Contract Tower,57,36,46,0,139,0,2,124,1,127,57,38,170,1,266,164,0,164,430
01/29/2022,BZN,MT,ANM,WE,Federal Contract Tower,58,32,47,0,137,0,2,95,0,97,58,34,142,0,234,100,0,100,334
01/30/2022,BZN,MT,ANM,WE,Federal Contract Tower,60,36,60,0,156,0,4,26,0,30,60,40,86,0,186,8,0,8,194
01/31/2022,BZN,MT,ANM,WE,Federal Contract Tower,55,31,43,0,129,0,1,3,0,4,55,32,46,0,133,0,0,0,133
02/01/2022,BZN,MT,ANM,WE,Federal Contract Tower,53,33,44,0,130,0,4,67,0,71,53,37,111,0,201,90,0,90,291
02/02/2022,BZN,MT,ANM,WE,Federal Contract Tower,53,32,47,0,132,0,1,100,0,101,53,33,147,0,233,164,0,164,397
02/03/2022,BZN,MT,ANM,WE,Federal Contract Tower,55,46,61,0,162,0,1,92,0,93,55,47,153,0,255,190,0,190,445
02/04/2022,BZN,MT,ANM,WE,Federal Contract Tower,53,37,71,0,161,0,3,115,0,118,53,40,186,0,279,166,0,166,445
02/05/2022,BZN,MT,ANM,WE,Federal Contract Tower,61,32,32,0,125,0,3,29,0,32,61,35,61,0,157,56,0,56,213
02/06/2022,BZN,MT,ANM,WE,Federal Contract Tower,62,36,46,0,144,0,8,53,0,61,62,44,99,0,205,22,0,22,227
02/07/2022,BZN,MT,ANM,WE,Federal Contract Tower,65,41,52,0,158,0,6,106,0,112,65,47,158,0,270,192,0,192,462
02/08/2022,BZN,MT,ANM,WE,Federal Contract Tower,53,32,61,0,146,0,6,131,0,137,53,38,192,0,283,136,0,136,419
02/09/2022,BZN,MT,ANM,WE,Federal Contract Tower,52,42,52,1,147,0,3,120,1,124,52,45,172,2,271,198,0,198,469
02/10/2022,BZN,MT,ANM,WE,Federal Contract Tower,60,48,60,0,168,0,2,75,0,77,60,50,135,0,245,92,0,92,337
02/11/2022,BZN,MT,ANM,WE,Federal Contract Tower,60,39,36,2,137,0,5,70,0,75,60,44,106,2,212,152,0,152,364
02/12/2022,BZN,MT,ANM,WE,Federal Contract Tower,62,39,37,0,138,0,0,135,0,135,62,39,172,0,273,138,0,138,411
02/13/2022,BZN,MT,ANM,WE,Federal Contract Tower,59,49,38,0,146,0,2,60,0,62,59,51,98,0,208,40,0,40,248
02/14/2022,BZN,MT,ANM,WE,Federal Contract Tower,60,43,29,7,139,0,5,108,0,113,60,48,137,7,252,154,14,168,420
02/15/2022,BZN,MT,ANM,WE,Federal Contract Tower,53,31,20,0,104,0,0,0,0,0,53,31,20,0,104,0,0,0,104
02/16/2022,BZN,MT,ANM,WE,Federal Contract Tower,50,68,50,0,168,0,0,7,2,9,50,68,57,2,177,4,0,4,181
02/17/2022,BZN,MT,ANM,WE,Federal Contract Tower,61,66,124,0,251,0,2,98,0,100,61,68,222,0,351,162,0,162,513
02/18/2022,BZN,MT,ANM,WE,Federal Contract Tower,60,104,91,0,255,0,4,51,0,55,60,108,142,0,310,48,0,48,358
02/19/2022,BZN,MT,ANM,WE,Federal Contract Tower,68,87,51,0,206,0,5,19,0,24,68,92,70,0,230,6,0,6,236
02/20/2022,BZN,MT,ANM,WE,Federal Contract Tower,50,43,27,0,120,0,0,2,0,2,50,43,29,0,122,0,0,0,122
02/21/2022,BZN,MT,ANM,WE,Federal Contract Tower,72,81,113,0,266,0,0,6,0,6,72,81,119,0,272,0,0,0,272
02/22/2022,BZN,MT,ANM,WE,Federal Contract Tower,60,59,56,0,175,0,0,26,0,26,60,59,82,0,201,24,0,24,225
02/23/2022,BZN,MT,ANM,WE,Federal Contract Tower,53,55,70,0,178,0,3,49,0,52,53,58,119,0,230,92,0,92,322
02/24/2022,BZN,MT,ANM,WE,Federal Contract Tower,59,45,59,0,163,0,1,46,0,47,59,46,105,0,210,98,0,98,308
02/25/2022,BZN,MT,ANM,WE,Federal Contract Tower,61,45,64,1,171,0,0,117,1,118,61,45,181,2,289,180,0,180,469
02/26/2022,BZN,MT,ANM,WE,Federal Contract Tower,63,56,57,2,178,0,5,113,0,118,63,61,170,2,296,132,0,132,428
02/27/2022,BZN,MT,ANM,WE,Federal Contract Tower,65,80,85,0,230,0,3,39,0,42,65,83,124,0,272,0,0,0,272
02/28/2022,BZN,MT,ANM,WE,Federal Contract Tower,59,34,42,0,135,0,2,60,0,62,59,36,102,0,197,90,0,90,287
03/01/2022,BZN,MT,ANM,WE,Federal Contract Tower,53,35,41,0,129,0,3,69,0,72,53,38,110,0,201,158,0,158,359
03/02/2022,BZN,MT,ANM,WE,Federal Contract Tower,58,34,58,2,152,0,0,141,0,141,58,34,199,2,293,156,8,164,457
03/03/2022,BZN,MT,ANM,WE,Federal Contract Tower,63,55,61,0,179,0,0,131,0,131,63,55,192,0,310,176,0,176,486
03/04/2022,BZN,MT,ANM,WE,Federal Contract Tower,61,65,45,0,171,0,0,25,0,25,61,65,70,0,196,84,0,84,280
03/05/2022,BZN,MT,ANM,WE,Federal Contract Tower,66,29,38,0,133,0,2,18,0,20,66,31,56,0,153,4,0,4,157
03/06/2022,BZN,MT,ANM,WE,Federal Contract Tower,66,53,47,4,170,0,1,39,2,42,66,54,86,6,212,52,0,52,264
03/07/2022,BZN,MT,ANM,WE,Federal Contract Tower,61,27,49,2,139,0,2,100,0,102,61,29,149,2,241,158,0,158,399
03/08/2022,BZN,MT,ANM,WE,Federal Contract Tower,57,40,25,0,122,0,0,0,0,0,57,40,25,0,122,0,0,0,122
03/09/2022,BZN,MT,ANM,WE,Federal Contract Tower,62,43,74,4,183,0,0,111,0,111,62,43,185,4,294,152,0,152,446
03/10/2022,BZN,MT,ANM,WE,Federal Contract Tower,62,47,82,2,193,0,0,157,0,157,62,47,239,2,350,198,0,198,548
03/11/2022,BZN,MT,ANM,WE,Federal Contract Tower,62,58,84,0,204,0,1,89,0,90,62,59,173,0,294,200,0,200,494
03/12/2022,BZN,MT,ANM,WE,Federal Contract Tower,67,56,47,0,170,0,2,21,0,23,67,58,68,0,193,42,0,42,235
03/13/2022,BZN,MT,ANM,WE,Federal Contract Tower,62,49,62,0,173,0,1,5,0,6,62,50,67,0,179,2,0,2,181
03/14/2022,BZN,MT,ANM,WE,Federal Contract Tower,64,42,59,0,165,0,0,99,0,99,64,42,158,0,264,174,0,174,438
03/15/2022,BZN,MT,ANM,WE,Federal Contract Tower,59,51,42,0,152,0,1,39,0,40,59,52,81,0,192,116,0,116,308
03/16/2022,BZN,MT,ANM,WE,Federal Contract Tower,66,35,63,4,168,0,3,70,0,73,66,38,133,4,241,64,0,64,305
03/17/2022,BZN,MT,ANM,WE,Federal Contract Tower,55,39,70,10,174,0,3,112,0,115,55,42,182,10,289,114,0,114,403
03/18/2022,BZN,MT,ANM,WE,Federal Contract Tower,57,55,58,3,173,0,2,65,0,67,57,57,123,3,240,48,2,50,290
03/19/2022,BZN,MT,ANM,WE,Federal Contract Tower,75,51,67,3,196,0,4,76,2,82,75,55,143,5,278,78,2,80,358
03/20/2022,BZN,MT,ANM,WE,Federal Contract Tower,62,64,66,0,192,0,2,5,0,7,62,66,71,0,199,0,0,0,199
03/21/2022,BZN,MT,ANM,WE,Federal Contract Tower,60,39,75,0,174,0,4,105,0,109,60,43,180,0,283,152,0,152,435
03/22/2022,BZN,MT,ANM,WE,Federal Contract Tower,59,23,41,0,123,0,3,121,0,124,59,26,162,0,247,166,0,166,413
03/23/2022,BZN,MT,ANM,WE,Federal Contract Tower,69,37,68,0,174,0,4,163,0,167,69,41,231,0,341,122,0,122,463
03/24/2022,BZN,MT,ANM,WE,Federal Contract Tower,60,42,59,0,161,0,8,76,0,84,60,50,135,0,245,128,0,128,373
03/25/2022,BZN,MT,ANM,WE,Federal Contract Tower,60,58,46,0,164,0,3,130,0,133,60,61,176,0,297,186,0,186,483
03/26/2022,BZN,MT,ANM,WE,Federal Contract Tower,67,50,57,0,174,0,1,106,0,107,67,51,163,0,281,104,0,104,385
03/27/2022,BZN,MT,ANM,WE,Federal Contract Tower,51,76,73,0,200,0,5,79,0,84,51,81,152,0,284,62,0,62,346
03/28/2022,BZN,MT,ANM,WE,Federal Contract Tower,51,36,46,0,133,0,2,89,0,91,51,38,135,0,224,120,0,120,344
03/29/2022,BZN,MT,ANM,WE,Federal Contract Tower,43,24,28,0,95,0,3,15,0,18,43,27,43,0,113,14,0,14,127
03/30/2022,BZN,MT,ANM,WE,Federal Contract Tower,49,36,46,0,131,0,4,170,0,174,49,40,216,0,305,134,0,134,439
03/31/2022,BZN,MT,ANM,WE,Federal Contract Tower,49,34,30,10,123,0,2,68,0,70,49,36,98,10,193,108,0,108,301
04/01/2022,BZN,MT,ANM,WE,Federal Contract Tower,51,53,37,0,141,0,1,91,0,92,51,54,128,0,233,142,0,142,375
04/02/2022,BZN,MT,ANM,WE,Federal Contract Tower,50,50,32,0,132,0,0,41,0,41,50,50,73,0,173,12,0,12,185
04/03/2022,BZN,MT,ANM,WE,Federal Contract Tower,50,32,45,2,129,0,2,52,0,54,50,34,97,2,183,22,0,22,205
04/04/2022,BZN,MT,ANM,WE,Federal Contract Tower,48,17,36,0,101,0,1,37,0,38,48,18,73,0,139,28,0,28,167
04/05/2022,BZN,MT,ANM,WE,Federal Contract Tower,41,20,21,0,82,0,0,2,0,2,41,20,23,0,84,0,0,0,84
04/06/2022,BZN,MT,ANM,WE,Federal Contract Tower,48,28,35,0,111,0,2,89,0,91,48,30,124,0,202,126,0,126,328
04/07/2022,BZN,MT,ANM,WE,Federal Contract Tower,44,24,66,2,136,0,0,192,0,192,44,24,258,2,328,198,0,198,526
04/08/2022,BZN,MT,ANM,WE,Federal Contract Tower,46,14,54,1,115,0,3,126,0,129,46,17,180,1,244,114,0,114,358
04/09/2022,BZN,MT,ANM,WE,Federal Contract Tower,42,26,19,0,87,0,0,29,1,30,42,26,48,1,117,34,0,34,151
04/10/2022,BZN,MT,ANM,WE,Federal Contract Tower,44,31,39,1,115,0,0,7,0,7,44,31,46,1,122,0,0,0,122
04/11/2022,BZN,MT,ANM,WE,Federal Contract Tower,41,30,33,0,104,0,0,53,0,53,41,30,86,0,157,80,0,80,237
04/12/2022,BZN,MT,ANM,WE,Federal Contract Tower,39,14,17,0,70,0,0,0,0,0,39,14,17,0,70,0,0,0,70
04/13/2022,BZN,MT,ANM,WE,Federal Contract Tower,43,29,53,2,127,0,0,96,0,96,43,29,149,2,223,0,160,160,383
04/14/2022,BZN,MT,ANM,WE,Federal Contract Tower,41,27,51,0,119,0,2,130,0,132,41,29,181,0,251,226,0,226,477
04/15/2022,BZN,MT,ANM,WE,Federal Contract Tower,45,25,55,0,125,0,1,64,0,65,45,26,119,0,190,92,0,92,282
04/16/2022,BZN,MT,ANM,WE,Federal Contract Tower,45,18,27,0,90,0,2,38,0,40,45,20,65,0,130,52,0,52,182
04/17/2022,BZN,MT,ANM,WE,Federal Contract Tower,39,17,18,0,74,0,0,6,0,6,39,17,24,0,80,0,0,0,80
04/18/2022,BZN,MT,ANM,WE,Federal Contract Tower,44,18,45,6,113,0,3,115,0,118,44,21,160,6,231,222,6,228,459
04/19/2022,BZN,MT,ANM,WE,Federal Contract Tower,42,14,22,2,80,0,3,62,1,66,42,17,84,3,146,144,8,152,298
04/20/2022,BZN,MT,ANM,WE,Federal Contract Tower,40,16,42,0,98,0,9,133,0,142,40,25,175,0,240,232,0,232,472
04/21/2022,BZN,MT,ANM,WE,Federal Contract Tower,47,15,35,0,97,0,0,127,0,127,47,15,162,0,224,204,0,204,428
04/22/2022,BZN,MT,ANM,WE,Federal Contract Tower,44,17,18,0,79,0,0,4,0,4,44,17,22,0,83,0,0,0,83
04/23/2022,BZN,MT,ANM,WE,Federal Contract Tower,37,20,9,0,66,0,0,1,0,1,37,20,10,0,67,8,0,8,75
04/24/2022,BZN,MT,ANM,WE,Federal Contract Tower,40,14,24,0,78,0,2,42,0,44,40,16,66,0,122,12,0,12,134
04/25/2022,BZN,MT,ANM,WE,Federal Contract Tower,49,18,43,0,110,0,2,144,0,146,49,20,187,0,256,120,0,120,376
04/26/2022,BZN,MT,ANM,WE,Federal Contract Tower,40,21,34,0,95,0,0,83,0,83,40,21,117,0,178,130,0,130,308
04/27/2022,BZN,MT,ANM,WE,Federal Contract Tower,41,15,45,0,101,0,1,110,0,111,41,16,155,0,212,170,0,170,382
04/28/2022,BZN,MT,ANM,WE,Federal Contract Tower,41,13,37,0,91,0,2,69,0,71,41,15,106,0,162,160,0,160,322
04/29/2022,BZN,MT,ANM,WE,Federal Contract Tower,44,23,15,0,82,0,0,13,0,13,44,23,28,0,95,56,0,56,151
04/30/2022,BZN,MT,ANM,WE,Federal Contract Tower,37,16,30,0,83,0,4,101,0,105,37,20,131,0,188,98,0,98,286
05/01/2022,BZN,MT,ANM,WE,Federal Contract Tower,42,7,12,0,61,0,0,13,4,17,42,7,25,4,78,0,0,0,78
05/02/2022,BZN,MT,ANM,WE,Federal Contract Tower,46,21,47,0,114,0,2,114,0,116,46,23,161,0,230,144,0,144,374
05/03/2022,BZN,MT,ANM,WE,Federal Contract Tower,38,15,18,0,71,0,2,8,0,10,38,17,26,0,81,6,0,6,87
05/04/2022,BZN,MT,ANM,WE,Federal Contract Tower,43,14,39,0,96,0,3,137,0,140,43,17,176,0,236,222,0,222,458
05/05/2022,BZN,MT,ANM,WE,Federal Contract Tower,43,20,43,0,106,0,1,138,6,145,43,21,181,6,251,174,0,174,425
05/06/2022,BZN,MT,ANM,WE,Federal Contract Tower,47,18,25,0,90,0,5,31,0,36,47,23,56,0,126,20,0,20,146
05/07/2022,BZN,MT,ANM,WE,Federal Contract Tower,37,10,3,0,50,0,3,12,0,15,37,13,15,0,65,0,0,0,65
05/08/2022,BZN,MT,ANM,WE,Federal Contract Tower,43,11,11,0,65,0,0,5,0,5,43,11,16,0,70,8,0,8,78
05/09/2022,BZN,MT,ANM,WE,Federal Contract Tower,48,19,37,0,104,0,0,80,0,80,48,19,117,0,184,160,0,160,344
05/10/2022,BZN,MT,ANM,WE,Federal Contract Tower,43,13,47,0,103,0,2,128,0,130,43,15,175,0,233,140,0,140,373
05/11/2022,BZN,MT,ANM,WE,Federal Contract Tower,43,31,49,0,123,0,2,136,0,138,43,33,185,0,261,154,0,154,415
05/12/2022,BZN,MT,ANM,WE,Federal Contract Tower,44,21,32,2,99,0,3,27,0,30,44,24,59,2,129,42,0,42,171
05/13/2022,BZN,MT,ANM,WE,Federal Contract Tower,46,18,19,1,84,0,0,47,0,47,46,18,66,1,131,44,0,44,175
05/14/2022,BZN,MT,ANM,WE,Federal Contract Tower,36,17,13,2,68,0,0,36,0,36,36,17,49,2,104,46,0,46,150
05/15/2022,BZN,MT,ANM,WE,Federal Contract Tower,43,11,33,0,87,0,0,64,0,64,43,11,97,0,151,46,0,46,197
05/16/2022,BZN,MT,ANM,WE,Federal Contract Tower,48,16,33,0,97,0,0,73,0,73,48,16,106,0,170,144,0,144,314
05/17/2022,BZN,MT,ANM,WE,Federal Contract Tower,44,15,38,0,97,0,0,139,0,139,44,15,177,0,236,244,0,244,480
05/18/2022,BZN,MT,ANM,WE,Federal Contract Tower,44,15,30,0,89,0,3,99,0,102,44,18,129,0,191,180,0,180,371
05/19/2022,BZN,MT,ANM,WE,Federal Contract Tower,46,12,29,1,88,0,0,16,1,17,46,12,45,2,105,32,0,32,137
05/20/2022,BZN,MT,ANM,WE,Federal Contract Tower,46,24,27,1,98,0,2,17,0,19,46,26,44,1,117,4,0,4,121
05/21/2022,BZN,MT,ANM,WE,Federal Contract Tower,40,18,41,1,100,0,0,101,0,101,40,18,142,1,201,136,0,136,337
05/22/2022,BZN,MT,ANM,WE,Federal Contract Tower,46,11,22,0,79,0,0,24,0,24,46,11,46,0,103,28,0,28,131
05/23/2022,BZN,MT,ANM,WE,Federal Contract Tower,49,14,46,0,109,0,2,169,0,171,49,16,215,0,280,248,0,248,528
05/24/2022,BZN,MT,ANM,WE,Federal Contract Tower,42,18,16,0,76,0,6,116,0,122,42,24,132,0,198,208,0,208,406
05/25/2022,BZN,MT,ANM,WE,Federal Contract Tower,42,15,39,0,96,0,1,152,0,153,42,16,191,0,249,164,0,164,413
05/26/2022,BZN,MT,ANM,WE,Federal Contract Tower,48,22,44,0,114,0,3,88,4,95,48,25,132,4,209,146,0,146,355
05/27/2022,BZN,MT,ANM,WE,Federal Contract Tower,48,20,25,0,93,0,3,51,0,54,48,23,76,0,147,66,0,66,213
05/28/2022,BZN,MT,ANM,WE,Federal Contract Tower,37,19,15,0,71,0,2,6,0,8,37,21,21,0,79,12,0,12,91
05/29/2022,BZN,MT,ANM,WE,Federal Contract Tower,47,10,17,0,74,0,0,1,0,1,47,10,18,0,75,0,0,0,75
05/30/2022,BZN,MT,ANM,WE,Federal Contract Tower,45,21,23,0,89,0,0,0,0,0,45,21,23,0,89,0,0,0,89
05/31/2022,BZN,MT,ANM,WE,Federal Contract Tower,43,26,44,0,113,0,5,102,0,107,43,31,146,0,220,268,0,268,488
06/01/2022,BZN,MT,ANM,WE,Federal Contract Tower,50,22,38,0,110,0,2,145,0,147,50,24,183,0,257,218,0,218,475
06/02/2022,BZN,MT,ANM,WE,Federal Contract Tower,46,12,55,0,113,0,6,136,0,142,46,18,191,0,255,192,0,192,447
06/03/2022,BZN,MT,ANM,WE,Federal Contract Tower,59,11,19,0,89,0,3,55,0,58,59,14,74,0,147,98,0,98,245
06/04/2022,BZN,MT,ANM,WE,Federal Contract Tower,56,17,20,0,93,0,3,57,1,61,56,20,77,1,154,50,0,50,204
06/05/2022,BZN,MT,ANM,WE,Federal Contract Tower,64,8,19,0,91,0,0,33,1,34,64,8,52,1,125,28,0,28,153
06/06/2022,BZN,MT,ANM,WE,Federal Contract Tower,60,16,21,0,97,0,2,45,0,47,60,18,66,0,144,42,0,42,186
06/07/2022,BZN,MT,ANM,WE,Federal Contract Tower,55,18,34,2,109,0,2,108,1,111,55,20,142,3,220,70,0,70,290
06/08/2022,BZN,MT,ANM,WE,Federal Contract Tower,54,25,37,0,116,0,2,118,0,120,54,27,155,0,236,220,0,220,456
06/09/2022,BZN,MT,ANM,WE,Federal Contract Tower,58,18,39,0,115,0,0,117,0,117,58,18,156,0,232,152,0,152,384
06/10/2022,BZN,MT,ANM,WE,Federal Contract Tower,60,16,38,0,114,0,0,87,0,87,60,16,125,0,201,74,0,74,275
06/11/2022,BZN,MT,ANM,WE,Federal Contract Tower,64,18,17,0,99,0,2,33,0,35,64,20,50,0,134,22,0,22,156
06/12/2022,BZN,MT,ANM,WE,Federal Contract Tower,65,17,24,0,106,0,1,13,0,14,65,18,37,0,120,14,0,14,134
06/13/2022,BZN,MT,ANM,WE,Federal Contract Tower,61,25,27,0,113,0,3,36,0,39,61,28,63,0,152,52,0,52,204
06/14/2022,BZN,MT,ANM,WE,Federal Contract Tower,55,21,27,0,103,0,3,47,0,50,55,24,74,0,153,14,0,14,167
06/15/2022,BZN,MT,ANM,WE,Federal Contract Tower,60,26,33,0,119,0,2,91,0,93,60,28,124,0,212,48,0,48,260
06/16/2022,BZN,MT,ANM,WE,Federal Contract Tower,69,24,36,2,131,0,0,206,1,207,69,24,242,3,338,150,2,152,490
06/17/2022,BZN,MT,ANM,WE,Federal Contract Tower,64,29,52,0,145,0,7,88,7,102,64,36,140,7,247,42,0,42,289
06/18/2022,BZN,MT,ANM,WE,Federal Contract Tower,73,24,19,0,116,0,3,54,0,57,73,27,73,0,173,18,0,18,191
06/19/2022,BZN,MT,ANM,WE,Federal Contract Tower,76,28,35,0,139,0,3,35,0,38,76,31,70,0,177,16,0,16,193
06/20/2022,BZN,MT,ANM,WE,Federal Contract Tower,65,37,32,0,134,0,0,41,0,41,65,37,73,0,175,22,0,22,197
06/21/2022,BZN,MT,ANM,WE,Federal Contract Tower,61,46,33,0,140,0,3,186,0,189,61,49,219,0,329,138,0,138,467
06/22/2022,BZN,MT,ANM,WE,Federal Contract Tower,68,40,43,0,151,0,4,156,0,160,68,44,199,0,311,92,0,92,403
06/23/2022,BZN,MT,ANM,WE,Federal Contract Tower,68,36,40,0,144,0,6,117,0,123,68,42,157,0,267,64,0,64,331
06/24/2022,BZN,MT,ANM,WE,Federal Contract Tower,65,36,56,0,157,0,0,128,0,128,65,36,184,0,285,56,0,56,341
06/25/2022,BZN,MT,ANM,WE,Federal Contract Tower,76,30,43,0,149,0,3,98,0,101,76,33,141,0,250,66,0,66,316
06/26/2022,BZN,MT,ANM,WE,Federal Contract Tower,69,27,40,0,136,0,1,80,0,81,69,28,120,0,217,2,0,2,219
06/27/2022,BZN,MT,ANM,WE,Federal Contract Tower,66,25,41,2,134,0,5,123,0,128,66,30,164,2,262,131,0,131,393
06/28/2022,BZN,MT,ANM,WE,Federal Contract Tower,59,31,28,0,118,0,0,68,0,68,59,31,96,0,186,158,0,158,344
06/29/2022,BZN,MT,ANM,WE,Federal Contract Tower,67,32,44,0,143,0,0,121,0,121,67,32,165,0,264,114,0,114,378
06/30/2022,BZN,MT,ANM,WE,Federal Contract Tower,67,46,43,0,156,0,4,156,0,160,67,50,199,0,316,196,0,196,512
07/01/2022,BZN,MT,ANM,WE,Federal Contract Tower,66,41,55,1,163,0,0,107,0,107,66,41,162,1,270,150,0,150,420
07/02/2022,BZN,MT,ANM,WE,Federal Contract Tower,74,30,34,1,139,0,6,72,0,78,74,36,106,1,217,32,0,32,249
07/03/2022,BZN,MT,ANM,WE,Federal Contract Tower,70,23,19,0,112,0,1,24,0,25,70,24,43,0,137,0,0,0,137
07/04/2022,BZN,MT,ANM,WE,Federal Contract Tower,66,28,20,0,114,0,0,34,0,34,66,28,54,0,148,16,0,16,164
07/05/2022,BZN,MT,ANM,WE,Federal Contract Tower,61,26,47,0,134,0,2,68,0,70,61,28,115,0,204,56,0,56,260
07/06/2022,BZN,MT,ANM,WE,Federal Contract Tower,70,25,57,0,152,0,3,85,0,88,70,28,142,0,240,142,0,142,382
07/07/2022,BZN,MT,ANM,WE,Federal Contract Tower,65,20,37,0,122,0,2,96,0,98,65,22,133,0,220,166,0,166,386
07/08/2022,BZN,MT,ANM,WE,Federal Contract Tower,67,27,42,0,136,0,2,74,0,76,67,29,116,0,212,110,0,110,322
07/09/2022,BZN,MT,ANM,WE,Federal Contract Tower,83,34,33,0,150,0,3,93,0,96,83,37,126,0,246,24,0,24,270
07/10/2022,BZN,MT,ANM,WE,Federal Contract Tower,65,39,67,0,171,0,4,51,0,55,65,43,118,0,226,0,0,0,226
07/11/2022,BZN,MT,ANM,WE,Federal Contract Tower,66,30,58,0,154,0,2,95,0,97,66,32,153,0,251,204,0,204,455
07/12/2022,BZN,MT,ANM,WE,Federal Contract Tower,64,34,44,2,144,0,2,129,0,131,64,36,173,2,275,166,0,166,441
07/13/2022,BZN,MT,ANM,WE,Federal Contract Tower,71,39,50,0,160,0,2,114,0,116,71,41,164,0,276,146,0,146,422
07/14/2022,BZN,MT,ANM,WE,Federal Contract Tower,69,49,38,0,156,0,5,117,0,122,69,54,155,0,278,68,0,68,346
07/15/2022,BZN,MT,ANM,WE,Federal Contract Tower,67,39,52,0,158,0,6,88,0,94,67,45,140,0,252,92,0,92,344
07/16/2022,BZN,MT,ANM,WE,Federal Contract Tower,85,47,52,0,184,0,5,97,0,102,85,52,149,0,286,56,0,56,342
07/17/2022,BZN,MT,ANM,WE,Federal Contract Tower,69,40,81,3,193,0,8,63,0,71,69,48,144,3,264,10,0,10,274
07/18/2022,BZN,MT,ANM,WE,Federal Contract Tower,71,25,36,1,133,0,6,53,0,59,71,31,89,1,192,40,0,40,232
07/19/2022,BZN,MT,ANM,WE,Federal Contract Tower,63,36,46,0,145,0,1,128,0,129,63,37,174,0,274,154,0,154,428
07/20/2022,BZN,MT,ANM,WE,Federal Contract Tower,70,46,54,0,170,0,5,109,0,114,70,51,163,0,284,142,0,142,426
07/21/2022,BZN,MT,ANM,WE,Federal Contract Tower,68,53,49,0,170,0,11,105,0,116,68,64,154,0,286,148,0,148,434
07/22/2022,BZN,MT,ANM,WE,Federal Contract Tower,69,43,63,0,175,0,4,87,0,91,69,47,150,0,266,44,0,44,310
07/23/2022,BZN,MT,ANM,WE,Federal Contract Tower,85,30,25,0,140,0,9,74,0,83,85,39,99,0,223,36,0,36,259
07/24/2022,BZN,MT,ANM,WE,Federal Contract Tower,71,62,63,0,196,0,7,39,2,48,71,69,102,2,244,28,0,28,272
07/25/2022,BZN,MT,ANM,WE,Federal Contract Tower,67,35,48,0,150,0,3,106,2,111,67,38,154,2,261,92,0,92,353
07/26/2022,BZN,MT,ANM,WE,Federal Contract Tower,61,33,51,0,145,0,1,103,0,104,61,34,154,0,249,96,0,96,345
07/27/2022,BZN,MT,ANM,WE,Federal Contract Tower,72,34,48,0,154,0,3,121,0,124,72,37,169,0,278,104,0,104,382
07/28/2022,BZN,MT,ANM,WE,Federal Contract Tower,68,40,58,1,167,0,0,123,1,124,68,40,181,2,291,98,0,98,389
07/29/2022,BZN,MT,ANM,WE,Federal Contract Tower,65,27,40,1,133,0,6,129,0,135,65,33,169,1,268,82,0,82,350
07/30/2022,BZN,MT,ANM,WE,Federal Contract Tower,89,37,40,1,167,0,11,66,4,81,89,48,106,5,248,10,0,10,258
07/31/2022,BZN,MT,ANM,WE,Federal Contract Tower,70,41,49,1,161,0,9,55,4,68,70,50,104,5,229,18,12,30,259
08/01/2022,BZN,MT,ANM,WE,Federal Contract Tower,69,18,51,0,138,0,4,86,0,90,69,22,137,0,228,62,0,62,290
08/02/2022,BZN,MT,ANM,WE,Federal Contract Tower,62,29,41,0,132,0,7,68,1,76,62,36,109,1,208,104,2,106,314
08/03/2022,BZN,MT,ANM,WE,Federal Contract Tower,69,39,44,0,152,0,6,110,0,116,69,45,154,0,268,120,0,120,388
08/04/2022,BZN,MT,ANM,WE,Federal Contract Tower,68,36,41,0,145,0,1,82,0,83,68,37,123,0,228,80,0,80,308
08/05/2022,BZN,MT,ANM,WE,Federal Contract Tower,67,37,39,0,143,0,6,92,0,98,67,43,131,0,241,106,0,106,347
08/06/2022,BZN,MT,ANM,WE,Federal Contract Tower,81,28,40,2,151,0,0,42,0,42,81,28,82,2,193,10,0,10,203
08/07/2022,BZN,MT,ANM,WE,Federal Contract Tower,72,37,47,4,160,0,8,60,0,68,72,45,107,4,228,10,0,10,238
08/08/2022,BZN,MT,ANM,WE,Federal Contract Tower,63,39,39,2,143,0,3,76,1,80,63,42,115,3,223,60,2,62,285
08/09/2022,BZN,MT,ANM,WE,Federal Contract Tower,63,35,46,6,150,0,0,110,0,110,63,35,156,6,260,50,0,50,310
08/10/2022,BZN,MT,ANM,WE,Federal Contract Tower,67,43,51,0,161,0,3,124,1,128,67,46,175,1,289,112,0,112,401
08/11/2022,BZN,MT,ANM,WE,Federal Contract Tower,69,36,61,0,166,0,1,129,0,130,69,37,190,0,296,162,0,162,458
08/12/2022,BZN,MT,ANM,WE,Federal Contract Tower,67,38,44,0,149,1,5,94,0,100,68,43,138,0,249,78,0,78,327
08/13/2022,BZN,MT,ANM,WE,Federal Contract Tower,83,45,35,2,165,0,6,48,0,54,83,51,83,2,219,20,0,20,239
08/14/2022,BZN,MT,ANM,WE,Federal Contract Tower,69,57,47,0,173,0,5,61,0,66,69,62,108,0,239,20,0,20,259
08/15/2022,BZN,MT,ANM,WE,Federal Contract Tower,67,24,40,0,131,0,5,107,0,112,67,29,147,0,243,132,0,132,375
08/16/2022,BZN,MT,ANM,WE,Federal Contract Tower,65,27,44,0,136,0,7,134,1,142,65,34,178,1,278,96,0,96,374
08/17/2022,BZN,MT,ANM,WE,Federal Contract Tower,67,27,48,0,142,1,5,139,0,145,68,32,187,0,287,112,0,112,399
08/18/2022,BZN,MT,ANM,WE,Federal Contract Tower,63,35,45,1,144,0,2,149,1,152,63,37,194,2,296,134,2,136,432
08/19/2022,BZN,MT,ANM,WE,Federal Contract Tower,71,33,47,0,151,0,4,110,0,114,71,37,157,0,265,140,0,140,405
08/20/2022,BZN,MT,ANM,WE,Federal Contract Tower,79,52,24,0,155,0,13,70,0,83,79,65,94,0,238,12,0,12,250
08/21/2022,BZN,MT,ANM,WE,Federal Contract Tower,63,42,50,0,155,0,0,52,0,52,63,42,102,0,207,6,0,6,213
08/22/2022,BZN,MT,ANM,WE,Federal Contract Tower,62,28,33,1,124,0,0,57,0,57,62,28,90,1,181,52,0,52,233
08/23/2022,BZN,MT,ANM,WE,Federal Contract Tower,61,33,37,0,131,0,0,153,0,153,61,33,190,0,284,88,0,88,372
08/24/2022,BZN,MT,ANM,WE,Federal Contract Tower,63,41,36,0,140,0,2,82,0,84,63,43,118,0,224,90,0,90,314
08/25/2022,BZN,MT,ANM,WE,Federal Contract Tower,65,43,42,0,150,0,0,95,0,95,65,43,137,0,245,158,0,158,403
08/26/2022,BZN,MT,ANM,WE,Federal Contract Tower,68,41,54,0,163,0,3,139,0,142,68,44,193,0,305,176,0,176,481
08/27/2022,BZN,MT,ANM,WE,Federal Contract Tower,85,30,33,0,148,0,7,98,0,105,85,37,131,0,253,52,0,52,305
08/28/2022,BZN,MT,ANM,WE,Federal Contract Tower,69,36,32,0,137,0,2,45,0,47,69,38,77,0,184,46,0,46,230
08/29/2022,BZN,MT,ANM,WE,Federal Contract Tower,61,23,48,0,132,0,1,156,0,157,61,24,204,0,289,154,0,154,443
08/30/2022,BZN,MT,ANM,WE,Federal Contract Tower,62,16,47,0,125,0,4,163,0,167,62,20,210,0,292,166,0,166,458
08/31/2022,BZN,MT,ANM,WE,Federal Contract Tower,67,27,44,1,139,0,2,176,0,178,67,29,220,1,317,126,0,126,443
09/01/2022,BZN,MT,ANM,WE,Federal Contract Tower,64,19,49,0,132,0,6,146,0,152,64,25,195,0,284,186,0,186,470
09/02/2022,BZN,MT,ANM,WE,Federal Contract Tower,65,34,70,0,169,0,1,177,1,179,65,35,247,1,348,174,0,174,522
09/03/2022,BZN,MT,ANM,WE,Federal Contract Tower,83,28,15,0,126,0,3,82,0,85,83,31,97,0,211,119,0,119,330
09/04/2022,BZN,MT,ANM,WE,Federal Contract Tower,68,8,18,0,94,0,10,23,0,33,68,18,41,0,127,10,0,10,137
09/05/2022,BZN,MT,ANM,WE,Federal Contract Tower,67,33,41,3,144,0,1,28,0,29,67,34,69,3,173,26,0,26,199
09/06/2022,BZN,MT,ANM,WE,Federal Contract Tower,55,35,44,0,134,0,2,141,0,143,55,37,185,0,277,172,0,172,449
09/07/2022,BZN,MT,ANM,WE,Federal Contract Tower,47,32,30,0,109,0,2,115,0,117,47,34,145,0,226,134,0,134,360
09/08/2022,BZN,MT,ANM,WE,Federal Contract Tower,53,18,36,0,107,0,5,86,0,91,53,23,122,0,198,98,0,98,296
09/09/2022,BZN,MT,ANM,WE,Federal Contract Tower,57,31,33,1,122,0,1,143,0,144,57,32,176,1,266,212,0,212,478
09/10/2022,BZN,MT,ANM,WE,Federal Contract Tower,51,30,28,0,109,0,5,141,0,146,51,35,169,0,255,142,0,142,397
09/11/2022,BZN,MT,ANM,WE,Federal Contract Tower,47,30,51,0,128,0,5,101,0,106,47,35,152,0,234,40,0,40,274
09/12/2022,BZN,MT,ANM,WE,Federal Contract Tower,55,19,56,0,130,0,3,63,3,69,55,22,119,3,199,140,0,140,339
09/13/2022,BZN,MT,ANM,WE,Federal Contract Tower,45,27,51,0,123,0,2,131,0,133,45,29,182,0,256,144,0,144,400
09/14/2022,BZN,MT,ANM,WE,Federal Contract Tower,42,39,62,0,143,0,5,44,0,49,42,44,106,0,192,64,0,64,256
09/15/2022,BZN,MT,ANM,WE,Federal Contract Tower,52,38,33,0,123,0,1,129,0,130,52,39,162,0,253,186,0,186,439
09/16/2022,BZN,MT,ANM,WE,Federal Contract Tower,57,34,43,0,134,0,1,43,0,44,57,35,86,0,178,16,0,16,194
09/17/2022,BZN,MT,ANM,WE,Federal Contract Tower,51,26,28,0,105,0,4,167,0,171,51,30,195,0,276,70,0,70,346
09/18/2022,BZN,MT,ANM,WE,Federal Contract Tower,48,28,32,0,108,0,7,81,0,88,48,35,113,0,196,42,0,42,238
09/19/2022,BZN,MT,ANM,WE,Federal Contract Tower,55,24,39,4,122,0,3,146,0,149,55,27,185,4,271,163,8,171,442
09/20/2022,BZN,MT,ANM,WE,Federal Contract Tower,45,16,43,0,104,0,0,98,0,98,45,16,141,0,202,250,0,250,452
09/21/2022,BZN,MT,ANM,WE,Federal Contract Tower,44,23,48,0,115,0,5,129,0,134,44,28,177,0,249,92,0,92,341
09/22/2022,BZN,MT,ANM,WE,Federal Contract Tower,54,24,18,0,96,0,0,28,0,28,54,24,46,0,124,44,0,44,168
09/23/2022,BZN,MT,ANM,WE,Federal Contract Tower,64,30,48,0,142,0,6,189,0,195,64,36,237,0,337,122,0,122,459
09/24/2022,BZN,MT,ANM,WE,Federal Contract Tower,52,22,19,0,93,0,2,115,0,117,52,24,134,0,210,132,0,132,342
09/25/2022,BZN,MT,ANM,WE,Federal Contract Tower,53,14,25,0,92,0,0,61,0,61,53,14,86,0,153,36,0,36,189
09/26/2022,BZN,MT,ANM,WE,Federal Contract Tower,55,16,59,0,130,0,2,181,0,183,55,18,240,0,313,154,0,154,467
09/27/2022,BZN,MT,ANM,WE,Federal Contract Tower,45,19,40,0,104,0,1,185,0,186,45,20,225,0,290,214,0,214,504
09/28/2022,BZN,MT,ANM,WE,Federal Contract Tower,42,25,41,0,108,0,4,141,0,145,42,29,182,0,253,186,0,186,439
09/29/2022,BZN,MT,ANM,WE,Federal Contract Tower,52,32,37,0,121,0,3,66,0,69,52,35,103,0,190,70,0,70,260
09/30/2022,BZN,MT,ANM,WE,Federal Contract Tower,52,42,35,0,129,0,2,72,0,74,52,44,107,0,203,152,0,152,355
10/01/2022,BZN,MT,ANM,WE,Federal Contract Tower,46,21,17,0,84,0,2,4,0,6,46,23,21,0,90,0,0,0,90
10/02/2022,BZN,MT,ANM,WE,Federal Contract Tower,48,19,36,0,103,0,2,19,0,21,48,21,55,0,124,24,0,24,148
10/03/2022,BZN,MT,ANM,WE,Federal Contract Tower,53,20,44,0,117,0,4,78,0,82,53,24,122,0,199,109,0,109,308
10/04/2022,BZN,MT,ANM,WE,Federal Contract Tower,43,24,40,0,107,0,3,195,0,198,43,27,235,0,305,134,0,134,439
10/05/2022,BZN,MT,ANM,WE,Federal Contract Tower,43,23,39,0,105,0,0,167,0,167,43,23,206,0,272,184,0,184,456
10/06/2022,BZN,MT,ANM,WE,Federal Contract Tower,47,23,69,0,139,0,3,147,0,150,47,26,216,0,289,176,0,176,465
10/07/2022,BZN,MT,ANM,WE,Federal Contract Tower,48,22,42,2,114,0,1,128,2,131,48,23,170,4,245,156,0,156,401
10/08/2022,BZN,MT,ANM,WE,Federal Contract Tower,40,21,25,0,86,0,0,119,2,121,40,21,144,2,207,126,0,126,333
10/09/2022,BZN,MT,ANM,WE,Federal Contract Tower,42,24,31,0,97,0,2,82,0,84,42,26,113,0,181,34,0,34,215
10/10/2022,BZN,MT,ANM,WE,Federal Contract Tower,47,18,52,0,117,0,1,143,0,144,47,19,195,0,261,156,0,156,417
10/11/2022,BZN,MT,ANM,WE,Federal Contract Tower,41,17,34,1,93,0,3,124,0,127,41,20,158,1,220,260,0,260,480
10/12/2022,BZN,MT,ANM,WE,Federal Contract Tower,39,31,41,0,111,0,8,153,0,161,39,39,194,0,272,194,0,194,466
10/13/2022,BZN,MT,ANM,WE,Federal Contract Tower,47,10,39,1,97,0,1,180,0,181,47,11,219,1,278,222,0,222,500
10/14/2022,BZN,MT,ANM,WE,Federal Contract Tower,49,23,43,0,115,0,1,159,0,160,49,24,202,0,275,134,0,134,409
10/15/2022,BZN,MT,ANM,WE,Federal Contract Tower,42,10,20,0,72,0,6,103,0,109,42,16,123,0,181,96,0,96,277
10/16/2022,BZN,MT,ANM,WE,Federal Contract Tower,41,11,21,0,73,0,1,67,0,68,41,12,88,0,141,4,0,4,145
10/17/2022,BZN,MT,ANM,WE,Federal Contract Tower,48,22,38,0,108,0,1,161,0,162,48,23,199,0,270,104,0,104,374
10/18/2022,BZN,MT,ANM,WE,Federal Contract Tower,39,15,34,0,88,0,5,131,0,136,39,20,165,0,224,206,0,206,430
10/19/2022,BZN,MT,ANM,WE,Federal Contract Tower,40,22,41,2,105,0,6,222,0,228,40,28,263,2,333,242,0,242,575
10/20/2022,BZN,MT,ANM,WE,Federal Contract Tower,49,30,31,0,110,0,4,181,0,185,49,34,212,0,295,180,0,180,475
10/21/2022,BZN,MT,ANM,WE,Federal Contract Tower,49,21,27,1,98,0,5,86,0,91,49,26,113,1,189,170,0,170,359
10/22/2022,BZN,MT,ANM,WE,Federal Contract Tower,40,15,10,0,65,0,0,0,0,0,40,15,10,0,65,0,0,0,65
10/23/2022,BZN,MT,ANM,WE,Federal Contract Tower,39,21,13,0,73,0,0,1,0,1,39,21,14,0,74,0,0,0,74
10/24/2022,BZN,MT,ANM,WE,Federal Contract Tower,47,17,34,0,98,0,1,110,0,111,47,18,144,0,209,196,0,196,405
10/25/2022,BZN,MT,ANM,WE,Federal Contract Tower,39,20,30,0,89,0,0,100,0,100,39,20,130,0,189,200,0,200,389
10/26/2022,BZN,MT,ANM,WE,Federal Contract Tower,40,22,41,5,108,0,2,151,0,153,40,24,192,5,261,240,0,240,501
10/27/2022,BZN,MT,ANM,WE,Federal Contract Tower,46,16,47,1,110,0,4,156,0,160,46,20,203,1,270,314,0,314,584
10/28/2022,BZN,MT,ANM,WE,Federal Contract Tower,49,15,42,0,106,0,6,146,0,152,49,21,188,0,258,274,0,274,532
10/29/2022,BZN,MT,ANM,WE,Federal Contract Tower,40,19,8,2,69,0,2,94,0,96,40,21,102,2,165,140,0,140,305
10/30/2022,BZN,MT,ANM,WE,Federal Contract Tower,40,10,15,0,65,0,8,35,0,43,40,18,50,0,108,28,0,28,136
10/31/2022,BZN,MT,ANM,WE,Federal Contract Tower,47,12,23,0,82,0,1,74,0,75,47,13,97,0,157,87,0,87,244
11/01/2022,BZN,MT,ANM,WE,Federal Contract Tower,40,25,26,0,91,0,4,67,0,71,40,29,93,0,162,70,0,70,232
11/02/2022,BZN,MT,ANM,WE,Federal Contract Tower,40,18,15,0,73,0,0,5,0,5,40,18,20,0,78,30,0,30,108
11/03/2022,BZN,MT,ANM,WE,Federal Contract Tower,45,15,42,3,105,0,0,90,0,90,45,15,132,3,195,204,0,204,399
11/04/2022,BZN,MT,ANM,WE,Federal Contract Tower,48,22,21,0,91,0,0,53,0,53,48,22,74,0,144,156,0,156,300
11/05/2022,BZN,MT,ANM,WE,Federal Contract Tower,38,12,7,1,58,0,0,3,0,3,38,12,10,1,61,0,0,0,61
11/06/2022,BZN,MT,ANM,WE,Federal Contract Tower,47,15,23,2,87,0,0,62,0,62,47,15,85,2,149,68,0,68,217
11/07/2022,BZN,MT,ANM,WE,Federal Contract Tower,45,10,11,0,66,0,0,0,0,0,45,10,11,0,66,0,0,0,66
11/08/2022,BZN,MT,ANM,WE,Federal Contract Tower,40,15,19,0,74,0,0,8,0,8,40,15,27,0,82,0,0,0,82
11/09/2022,BZN,MT,ANM,WE,Federal Contract Tower,36,13,17,0,66,0,0,20,0,20,36,13,37,0,86,34,0,34,120
11/10/2022,BZN,MT,ANM,WE,Federal Contract Tower,45,21,29,0,95,0,0,15,4,19,45,21,44,4,114,8,0,8,122
11/11/2022,BZN,MT,ANM,WE,Federal Contract Tower,46,22,40,0,108,123,0,0,0,123,169,22,40,0,231,68,0,68,299
11/12/2022,BZN,MT,ANM,WE,Federal Contract Tower,41,11,34,0,86,0,3,127,0,130,41,14,161,0,216,168,0,168,384
11/13/2022,BZN,MT,ANM,WE,Federal Contract Tower,41,15,29,0,85,0,5,16,0,21,41,20,45,0,106,22,0,22,128
11/14/2022,BZN,MT,ANM,WE,Federal Contract Tower,43,15,24,10,92,0,0,1,0,1,43,15,25,10,93,0,0,0,93
11/15/2022,BZN,MT,ANM,WE,Federal Contract Tower,39,14,59,0,112,0,1,138,0,139,39,15,197,0,251,190,0,190,441
11/17/2022,BZN,MT,ANM,WE,Federal Contract Tower,45,8,20,0,73,0,0,114,0,114,45,8,134,0,187,266,0,266,453
11/18/2022,BZN,MT,ANM,WE,Federal Contract Tower,45,21,59,0,125,0,1,170,0,171,45,22,229,0,296,194,0,194,490
11/19/2022,BZN,MT,ANM,WE,Federal Contract Tower,39,14,36,0,89,0,2,51,3,56,39,16,87,3,145,112,0,112,257
11/20/2022,BZN,MT,ANM,WE,Federal Contract Tower,43,15,26,0,84,0,4,46,4,54,43,19,72,4,138,12,0,12,150
11/21/2022,BZN,MT,ANM,WE,Federal Contract Tower,43,17,41,0,101,0,2,104,0,106,43,19,145,0,207,166,0,166,373
11/22/2022,BZN,MT,ANM,WE,Federal Contract Tower,45,29,39,0,113,0,2,92,0,94,45,31,131,0,207,122,0,122,329
11/23/2022,BZN,MT,ANM,WE,Federal Contract Tower,46,21,32,0,99,0,2,6,0,8,46,23,38,0,107,18,0,18,125
11/24/2022,BZN,MT,ANM,WE,Federal Contract Tower,26,4,5,0,35,0,0,15,0,15,26,4,20,0,50,2,0,2,52
11/25/2022,BZN,MT,ANM,WE,Federal Contract Tower,46,9,16,0,71,0,1,43,0,44,46,10,59,0,115,54,0,54,169
11/26/2022,BZN,MT,ANM,WE,Federal Contract Tower,44,20,16,0,80,0,0,23,0,23,44,20,39,0,103,40,0,40,143
11/27/2022,BZN,MT,ANM,WE,Federal Contract Tower,48,24,35,0,107,0,2,18,0,20,48,26,53,0,127,22,0,22,149
11/28/2022,BZN,MT,ANM,WE,Federal Contract Tower,47,16,50,0,113,0,5,103,1,109,47,21,153,1,222,40,0,40,262
11/29/2022,BZN,MT,ANM,WE,Federal Contract Tower,35,18,20,0,73,0,0,18,0,18,35,18,38,0,91,102,0,102,193
11/30/2022,BZN,MT,ANM,WE,Federal Contract Tower,40,15,31,0,86,0,2,148,0,150,40,17,179,0,236,292,0,292,528
12/01/2022,BZN,MT,ANM,WE,Federal Contract Tower,40,11,23,1,75,0,3,55,0,58,40,14,78,1,133,72,0,72,205
12/02/2022,BZN,MT,ANM,WE,Federal Contract Tower,44,15,36,0,95,0,0,116,0,116,44,15,152,0,211,134,0,134,345
12/03/2022,BZN,MT,ANM,WE,Federal Contract Tower,38,15,17,0,70,0,4,113,0,117,38,19,130,0,187,114,0,114,301
12/04/2022,BZN,MT,ANM,WE,Federal Contract Tower,42,14,13,0,69,0,1,11,0,12,42,15,24,0,81,4,0,4,85
12/05/2022,BZN,MT,ANM,WE,Federal Contract Tower,44,12,33,8,97,0,3,45,0,48,44,15,78,8,145,16,22,38,183
12/06/2022,BZN,MT,ANM,WE,Federal Contract Tower,40,20,30,0,90,0,3,94,0,97,40,23,124,0,187,174,0,174,361
12/07/2022,BZN,MT,ANM,WE,Federal Contract Tower,42,19,60,0,121,0,2,164,0,166,42,21,224,0,287,266,0,266,553
12/08/2022,BZN,MT,ANM,WE,Federal Contract Tower,43,27,45,3,118,0,5,161,70,236,43,32,206,73,354,194,10,204,558
12/09/2022,BZN,MT,ANM,WE,Federal Contract Tower,45,22,21,0,88,0,0,46,0,46,45,22,67,0,134,68,0,68,202
12/10/2022,BZN,MT,ANM,WE,Federal Contract Tower,36,19,27,0,82,0,1,72,0,73,36,20,99,0,155,124,0,124,279
12/11/2022,BZN,MT,ANM,WE,Federal Contract Tower,40,21,24,0,85,0,1,20,0,21,40,22,44,0,106,24,0,24,130
12/12/2022,BZN,MT,ANM,WE,Federal Contract Tower,46,11,22,0,79,0,0,0,0,0,46,11,22,0,79,0,0,0,79
12/13/2022,BZN,MT,ANM,WE,Federal Contract Tower,36,13,25,0,74,0,0,52,0,52,36,13,77,0,126,82,0,82,208
12/14/2022,BZN,MT,ANM,WE,Federal Contract Tower,37,15,20,0,72,0,2,0,0,2,37,17,20,0,74,0,0,0,74
12/15/2022,BZN,MT,ANM,WE,Federal Contract Tower,49,26,29,0,104,0,0,2,0,2,49,26,31,0,106,0,0,0,106
12/16/2022,BZN,MT,ANM,WE,Federal Contract Tower,59,61,92,0,212,0,3,149,0,152,59,64,241,0,364,70,0,70,434
12/17/2022,BZN,MT,ANM,WE,Federal Contract Tower,67,66,55,0,188,0,1,76,0,77,67,67,131,0,265,110,0,110,375
12/18/2022,BZN,MT,ANM,WE,Federal Contract Tower,55,56,58,0,169,0,1,31,0,32,55,57,89,0,201,26,0,26,227
12/19/2022,BZN,MT,ANM,WE,Federal Contract Tower,56,37,63,0,156,0,0,36,0,36,56,37,99,0,192,54,0,54,246
12/20/2022,BZN,MT,ANM,WE,Federal Contract Tower,55,58,52,0,165,0,2,26,0,28,55,60,78,0,193,82,0,82,275
12/21/2022,BZN,MT,ANM,WE,Federal Contract Tower,57,65,36,0,158,0,0,2,0,2,57,65,38,0,160,0,0,0,160
12/22/2022,BZN,MT,ANM,WE,Federal Contract Tower,28,51,49,0,128,0,0,0,0,0,28,51,49,0,128,0,0,0,128
12/23/2022,BZN,MT,ANM,WE,Federal Contract Tower,42,93,45,1,181,0,0,2,0,2,42,93,47,1,183,18,0,18,201
12/24/2022,BZN,MT,ANM,WE,Federal Contract Tower,49,42,22,0,113,0,1,9,0,10,49,43,31,0,123,2,0,2,125
12/25/2022,BZN,MT,ANM,WE,Federal Contract Tower,47,27,19,0,93,0,2,2,0,4,47,29,21,0,97,0,0,0,97
12/26/2022,BZN,MT,ANM,WE,Federal Contract Tower,49,108,118,0,275,0,2,27,0,29,49,110,145,0,304,0,0,0,304
12/27/2022,BZN,MT,ANM,WE,Federal Contract Tower,58,68,98,0,224,0,0,23,0,23,58,68,121,0,247,24,0,24,271
12/28/2022,BZN,MT,ANM,WE,Federal Contract Tower,55,62,57,0,174,0,3,34,0,37,55,65,91,0,211,68,0,68,279
12/29/2022,BZN,MT,ANM,WE,Federal Contract Tower,49,64,47,0,160,0,3,86,0,89,49,67,133,0,249,42,0,42,291
12/30/2022,BZN,MT,ANM,WE,Federal Contract Tower,65,66,29,0,160,0,1,34,0,35,65,67,63,0,195,40,0,40,235
12/31/2022,BZN,MT,ANM,WE,Federal Contract Tower,62,45,26,0,133,0,0,7,0,7,62,45,33,0,140,0,0,0,140
01/01/2023,BZN,MT,ANM,WE,Federal Contract Tower,60,79,62,0,201,0,12,10,0,22,60,91,72,0,223,8,0,8,231
01/02/2023,BZN,MT,ANM,WE,Federal Contract Tower,57,101,135,0,293,0,0,25,0,25,57,101,160,0,318,18,0,18,336
01/03/2023,BZN,MT,ANM,WE,Federal Contract Tower,63,66,61,0,190,0,0,80,0,80,63,66,141,0,270,116,0,116,386
01/04/2023,BZN,MT,ANM,WE,Federal Contract Tower,57,56,56,0,169,0,1,110,0,111,57,57,166,0,280,128,0,128,408
01/05/2023,BZN,MT,ANM,WE,Federal Contract Tower,57,46,38,0,141,0,2,82,0,84,57,48,120,0,225,90,0,90,315
01/06/2023,BZN,MT,ANM,WE,Federal Contract Tower,61,32,52,0,145,0,0,6,0,6,61,32,58,0,151,0,0,0,151
01/07/2023,BZN,MT,ANM,WE,Federal Contract Tower,67,41,30,0,138,0,1,72,0,73,67,42,102,0,211,66,0,66,277
01/08/2023,BZN,MT,ANM,WE,Federal Contract Tower,56,44,31,0,131,0,2,44,0,46,56,46,75,0,177,56,0,56,233
01/09/2023,BZN,MT,ANM,WE,Federal Contract Tower,56,21,36,12,125,0,0,66,0,66,56,21,102,12,191,80,10,90,281
01/10/2023,BZN,MT,ANM,WE,Federal Contract Tower,48,21,37,0,106,0,0,105,0,105,48,21,142,0,211,172,0,172,383
01/11/2023,BZN,MT,ANM,WE,Federal Contract Tower,52,30,54,3,139,0,1,137,0,138,52,31,191,3,277,126,12,138,415
01/12/2023,BZN,MT,ANM,WE,Federal Contract Tower,54,59,73,0,186,0,2,128,0,130,54,61,201,0,316,188,0,188,504
01/13/2023,BZN,MT,ANM,WE,Federal Contract Tower,57,77,70,0,204,0,5,91,0,96,57,82,161,0,300,128,0,128,428
01/14/2023,BZN,MT,ANM,WE,Federal Contract Tower,51,32,35,0,118,0,3,53,0,56,51,35,88,0,174,98,0,98,272
01/15/2023,BZN,MT,ANM,WE,Federal Contract Tower,56,26,24,2,108,0,1,33,3,37,56,27,57,5,145,36,0,36,181
01/16/2023,BZN,MT,ANM,WE,Federal Contract Tower,59,84,66,0,209,0,0,0,0,0,59,84,66,0,209,0,0,0,209
01/17/2023,BZN,MT,ANM,WE,Federal Contract Tower,48,37,45,0,130,0,2,78,0,80,48,39,123,0,210,138,0,138,348
01/18/2023,BZN,MT,ANM,WE,Federal Contract Tower,53,28,42,1,124,0,3,176,2,181,53,31,218,3,305,164,0,164,469
01/19/2023,BZN,MT,ANM,WE,Federal Contract Tower,57,34,39,0,130,0,2,102,0,104,57,36,141,0,234,192,0,192,426
01/20/2023,BZN,MT,ANM,WE,Federal Contract Tower,54,38,27,0,119,0,8,85,0,93,54,46,112,0,212,130,0,130,342
01/21/2023,BZN,MT,ANM,WE,Federal Contract Tower,54,24,15,0,93,0,8,121,0,129,54,32,136,0,222,176,0,176,398
01/22/2023,BZN,MT,ANM,WE,Federal Contract Tower,53,22,36,0,111,0,0,0,0,0,53,22,36,0,111,0,0,0,111
01/23/2023,BZN,MT,ANM,WE,Federal Contract Tower,52,20,27,5,104,0,3,95,0,98,52,23,122,5,202,154,14,168,370
01/24/2023,BZN,MT,ANM,WE,Federal Contract Tower,48,24,30,0,102,0,0,92,0,92,48,24,122,0,194,78,0,78,272
01/25/2023,BZN,MT,ANM,WE,Federal Contract Tower,54,30,49,0,133,0,2,94,0,96,54,32,143,0,229,202,0,202,431
01/26/2023,BZN,MT,ANM,WE,Federal Contract Tower,53,43,42,0,138,0,0,81,0,81,53,43,123,0,219,142,0,142,361
01/27/2023,BZN,MT,ANM,WE,Federal Contract Tower,53,26,26,0,105,0,0,0,0,0,53,26,26,0,105,0,0,0,105
01/28/2023,BZN,MT,ANM,WE,Federal Contract Tower,53,27,22,0,102,0,0,0,0,0,53,27,22,0,102,2,0,2,104
01/29/2023,BZN,MT,ANM,WE,Federal Contract Tower,53,40,35,0,128,0,0,18,0,18,53,40,53,0,146,8,0,8,154
01/30/2023,BZN,MT,ANM,WE,Federal Contract Tower,51,25,34,0,110,0,0,95,0,95,51,25,129,0,205,22,0,22,227
01/31/2023,BZN,MT,ANM,WE,Federal Contract Tower,48,24,44,0,116,0,0,112,0,112,48,24,156,0,228,70,0,70,298
02/01/2023,BZN,MT,ANM,WE,Federal Contract Tower,51,32,75,3,161,0,0,188,0,188,51,32,263,3,349,78,4,82,431
02/02/2023,BZN,MT,ANM,WE,Federal Contract Tower,53,57,61,0,171,0,3,166,0,169,53,60,227,0,340,220,0,220,560
02/03/2023,BZN,MT,ANM,WE,Federal Contract Tower,55,29,56,0,140,0,3,162,1,166,55,32,218,1,306,153,0,153,459
02/04/2023,BZN,MT,ANM,WE,Federal Contract Tower,55,39,30,0,124,0,6,74,0,80,55,45,104,0,204,77,0,77,281
02/05/2023,BZN,MT,ANM,WE,Federal Contract Tower,55,62,51,0,168,0,0,32,0,32,55,62,83,0,200,34,0,34,234
02/06/2023,BZN,MT,ANM,WE,Federal Contract Tower,55,29,47,2,133,0,0,126,0,126,55,29,173,2,259,176,0,176,435
02/07/2023,BZN,MT,ANM,WE,Federal Contract Tower,49,25,57,0,131,0,1,149,0,150,49,26,206,0,281,148,0,148,429
02/08/2023,BZN,MT,ANM,WE,Federal Contract Tower,54,29,33,0,116,0,0,29,0,29,54,29,62,0,145,68,0,68,213
02/09/2023,BZN,MT,ANM,WE,Federal Contract Tower,56,44,59,0,159,0,2,178,0,180,56,46,237,0,339,150,0,150,489
02/10/2023,BZN,MT,ANM,WE,Federal Contract Tower,58,50,73,3,184,0,3,171,0,174,58,53,244,3,358,0,0,0,358
02/11/2023,BZN,MT,ANM,WE,Federal Contract Tower,59,39,25,0,123,0,2,116,0,118,59,41,141,0,241,122,0,122,363
02/12/2023,BZN,MT,ANM,WE,Federal Contract Tower,63,34,37,0,134,0,1,38,0,39,63,35,75,0,173,56,0,56,229
02/13/2023,BZN,MT,ANM,WE,Federal Contract Tower,67,47,58,1,173,0,1,92,8,101,67,48,150,9,274,126,0,126,400
02/15/2023,BZN,MT,ANM,WE,Federal Contract Tower,52,39,57,0,148,0,3,174,0,177,52,42,231,0,325,116,0,116,441
02/16/2023,BZN,MT,ANM,WE,Federal Contract Tower,56,117,108,0,281,0,3,143,0,146,56,120,251,0,427,154,0,154,581
02/17/2023,BZN,MT,ANM,WE,Federal Contract Tower,65,131,110,0,306,0,7,90,0,97,65,138,200,0,403,131,0,131,534
02/18/2023,BZN,MT,ANM,WE,Federal Contract Tower,65,76,54,0,195,0,1,27,0,28,65,77,81,0,223,63,0,63,286
02/19/2023,BZN,MT,ANM,WE,Federal Contract Tower,59,57,37,0,153,0,0,5,0,5,59,57,42,0,158,6,0,6,164
02/20/2023,BZN,MT,ANM,WE,Federal Contract Tower,68,123,109,0,300,0,0,7,0,7,68,123,116,0,307,36,0,36,343
02/21/2023,BZN,MT,ANM,WE,Federal Contract Tower,51,55,39,0,145,0,0,8,0,8,51,55,47,0,153,26,0,26,179
02/22/2023,BZN,MT,ANM,WE,Federal Contract Tower,54,47,49,0,150,0,0,6,0,6,54,47,55,0,156,2,0,2,158
02/23/2023,BZN,MT,ANM,WE,Federal Contract Tower,58,45,63,2,168,0,0,101,0,101,58,45,164,2,269,144,2,146,415
02/24/2023,BZN,MT,ANM,WE,Federal Contract Tower,62,57,68,2,189,0,4,163,0,167,62,61,231,2,356,182,0,182,538
02/25/2023,BZN,MT,ANM,WE,Federal Contract Tower,67,68,42,2,179,0,2,85,0,87,67,70,127,2,266,175,0,175,441
02/26/2023,BZN,MT,ANM,WE,Federal Contract Tower,61,77,49,0,187,0,1,49,0,50,61,78,98,0,237,54,0,54,291
02/27/2023,BZN,MT,ANM,WE,Federal Contract Tower,61,23,42,0,126,0,3,158,0,161,61,26,200,0,287,252,0,252,539
02/28/2023,BZN,MT,ANM,WE,Federal Contract Tower,56,24,37,0,117,0,4,98,0,102,56,28,135,0,219,182,0,182,401
03/01/2023,BZN,MT,ANM,WE,Federal Contract Tower,60,40,55,0,155,0,2,167,0,169,60,42,222,0,324,256,0,256,580
03/02/2023,BZN,MT,ANM,WE,Federal Contract Tower,60,49,46,0,155,0,2,120,0,122,60,51,166,0,277,188,0,188,465
03/03/2023,BZN,MT,ANM,WE,Federal Contract Tower,60,40,34,0,134,0,0,77,0,77,60,40,111,0,211,160,0,160,371
03/04/2023,BZN,MT,ANM,WE,Federal Contract Tower,71,31,38,0,140,0,5,105,0,110,71,36,143,0,250,96,0,96,346
03/05/2023,BZN,MT,ANM,WE,Federal Contract Tower,59,35,41,0,135,0,0,3,0,3,59,35,44,0,138,2,0,2,140
03/06/2023,BZN,MT,ANM,WE,Federal Contract Tower,59,34,35,0,128,0,0,46,0,46,59,34,81,0,174,84,0,84,258
03/07/2023,BZN,MT,ANM,WE,Federal Contract Tower,54,26,56,4,140,0,0,190,14,204,54,26,246,18,344,158,0,158,502
03/08/2023,BZN,MT,ANM,WE,Federal Contract Tower,61,36,65,0,162,0,0,174,0,174,61,36,239,0,336,160,0,160,496
03/09/2023,BZN,MT,ANM,WE,Federal Contract Tower,61,52,70,0,183,0,1,132,0,133,61,53,202,0,316,164,0,164,480
03/10/2023,BZN,MT,ANM,WE,Federal Contract Tower,63,55,54,0,172,0,0,19,0,19,63,55,73,0,191,67,0,67,258
03/11/2023,BZN,MT,ANM,WE,Federal Contract Tower,66,53,60,0,179,0,0,78,0,78,66,53,138,0,257,144,0,144,401
03/12/2023,BZN,MT,ANM,WE,Federal Contract Tower,59,59,66,0,184,0,0,51,0,51,59,59,117,0,235,50,0,50,285
03/13/2023,BZN,MT,ANM,WE,Federal Contract Tower,62,32,35,4,133,0,3,99,0,102,62,35,134,4,235,178,0,178,413
03/14/2023,BZN,MT,ANM,WE,Federal Contract Tower,57,26,40,0,123,0,0,45,0,45,57,26,85,0,168,92,0,92,260
03/15/2023,BZN,MT,ANM,WE,Federal Contract Tower,60,36,21,0,117,0,0,1,0,1,60,36,22,0,118,28,0,28,146
03/16/2023,BZN,MT,ANM,WE,Federal Contract Tower,63,48,38,0,149,0,3,98,1,102,63,51,136,1,251,188,8,196,447
03/17/2023,BZN,MT,ANM,WE,Federal Contract Tower,58,54,52,0,164,0,4,134,0,138,58,58,186,0,302,163,0,163,465
03/18/2023,BZN,MT,ANM,WE,Federal Contract Tower,68,39,58,0,165,0,3,65,0,68,68,42,123,0,233,84,0,84,317
03/19/2023,BZN,MT,ANM,WE,Federal Contract Tower,54,74,54,0,182,0,2,63,0,65,54,76,117,0,247,67,0,67,314
03/20/2023,BZN,MT,ANM,WE,Federal Contract Tower,58,37,48,0,143,0,0,82,0,82,58,37,130,0,225,256,0,256,481
03/21/2023,BZN,MT,ANM,WE,Federal Contract Tower,55,34,20,0,109,0,0,29,0,29,55,34,49,0,138,44,0,44,182
03/22/2023,BZN,MT,ANM,WE,Federal Contract Tower,57,28,64,2,151,0,3,196,0,199,57,31,260,2,350,262,0,262,612
03/23/2023,BZN,MT,ANM,WE,Federal Contract Tower,57,61,67,0,185,0,0,198,0,198,57,61,265,0,383,278,0,278,661
03/24/2023,BZN,MT,ANM,WE,Federal Contract Tower,56,35,34,0,125,0,0,58,0,58,56,35,92,0,183,238,0,238,421
03/25/2023,BZN,MT,ANM,WE,Federal Contract Tower,54,21,33,0,108,0,0,0,0,0,54,21,33,0,108,0,0,0,108
03/26/2023,BZN,MT,ANM,WE,Federal Contract Tower,42,45,36,0,123,0,0,1,0,1,42,45,37,0,124,0,0,0,124
03/27/2023,BZN,MT,ANM,WE,Federal Contract Tower,54,30,30,0,114,0,1,98,0,99,54,31,128,0,213,32,0,32,245
03/28/2023,BZN,MT,ANM,WE,Federal Contract Tower,44,24,41,0,109,0,2,178,0,180,44,26,219,0,289,88,0,88,377
03/29/2023,BZN,MT,ANM,WE,Federal Contract Tower,46,24,38,0,108,0,1,33,0,34,46,25,71,0,142,70,0,70,212
03/30/2023,BZN,MT,ANM,WE,Federal Contract Tower,47,44,23,0,114,0,0,13,0,13,47,44,36,0,127,28,0,28,155
03/31/2023,BZN,MT,ANM,WE,Federal Contract Tower,46,47,54,0,147,0,0,165,0,165,46,47,219,0,312,146,0,146,458
04/01/2023,BZN,MT,ANM,WE,Federal Contract Tower,44,37,33,0,114,0,4,58,0,62,44,41,91,0,176,102,0,102,278
04/02/2023,BZN,MT,ANM,WE,Federal Contract Tower,45,46,35,0,126,0,3,15,0,18,45,49,50,0,144,4,0,4,148
04/03/2023,BZN,MT,ANM,WE,Federal Contract Tower,49,31,51,0,131,0,1,144,0,145,49,32,195,0,276,238,0,238,514
04/04/2023,BZN,MT,ANM,WE,Federal Contract Tower,41,31,24,1,97,0,0,59,1,60,41,31,83,2,157,174,32,206,363
04/05/2023,BZN,MT,ANM,WE,Federal Contract Tower,41,23,52,5,121,0,0,178,1,179,41,23,230,6,300,206,20,226,526
04/06/2023,BZN,MT,ANM,WE,Federal Contract Tower,42,40,69,1,152,0,3,186,6,195,42,43,255,7,347,230,0,230,577
04/07/2023,BZN,MT,ANM,WE,Federal Contract Tower,48,39,57,0,144,0,1,183,12,196,48,40,240,12,340,215,0,215,555
04/08/2023,BZN,MT,ANM,WE,Federal Contract Tower,39,23,28,0,90,0,0,62,1,63,39,23,90,1,153,100,0,100,253
04/09/2023,BZN,MT,ANM,WE,Federal Contract Tower,35,27,25,0,87,0,0,50,0,50,35,27,75,0,137,58,0,58,195
04/10/2023,BZN,MT,ANM,WE,Federal Contract Tower,46,32,50,0,128,0,1,142,2,145,46,33,192,2,273,278,0,278,551
04/11/2023,BZN,MT,ANM,WE,Federal Contract Tower,38,30,34,0,102,0,2,54,1,57,38,32,88,1,159,94,0,94,253
04/12/2023,BZN,MT,ANM,WE,Federal Contract Tower,39,30,40,0,109,0,2,148,3,153,39,32,188,3,262,244,2,246,508
04/13/2023,BZN,MT,ANM,WE,Federal Contract Tower,44,19,16,0,79,0,0,0,0,0,44,19,16,0,79,0,0,0,79
04/14/2023,BZN,MT,ANM,WE,Federal Contract Tower,48,18,41,1,108,0,4,78,1,83,48,22,119,2,191,428,0,428,619
04/15/2023,BZN,MT,ANM,WE,Federal Contract Tower,37,24,29,3,93,0,0,143,6,149,37,24,172,9,242,198,0,198,440
04/16/2023,BZN,MT,ANM,WE,Federal Contract Tower,34,19,39,1,93,0,0,67,2,69,34,19,106,3,162,92,0,92,254
04/17/2023,BZN,MT,ANM,WE,Federal Contract Tower,42,22,45,1,110,0,5,138,0,143,42,27,183,1,253,270,0,270,523
04/18/2023,BZN,MT,ANM,WE,Federal Contract Tower,40,10,29,0,79,0,0,120,0,120,40,10,149,0,199,140,0,140,339
04/19/2023,BZN,MT,ANM,WE,Federal Contract Tower,39,18,16,0,73,0,0,0,0,0,39,18,16,0,73,0,0,0,73
04/20/2023,BZN,MT,ANM,WE,Federal Contract Tower,44,16,24,0,84,0,3,62,0,65,44,19,86,0,149,196,0,196,345
04/21/2023,BZN,MT,ANM,WE,Federal Contract Tower,45,15,20,0,80,0,0,14,0,14,45,15,34,0,94,52,0,52,146
04/22/2023,BZN,MT,ANM,WE,Federal Contract Tower,39,10,28,0,77,0,1,111,0,112,39,11,139,0,189,179,0,179,368
04/23/2023,BZN,MT,ANM,WE,Federal Contract Tower,38,10,26,0,74,0,2,81,0,83,38,12,107,0,157,98,0,98,255
04/24/2023,BZN,MT,ANM,WE,Federal Contract Tower,43,18,33,0,94,0,1,124,0,125,43,19,157,0,219,216,0,216,435
04/25/2023,BZN,MT,ANM,WE,Federal Contract Tower,39,9,27,0,75,0,1,50,0,51,39,10,77,0,126,122,0,122,248
04/26/2023,BZN,MT,ANM,WE,Federal Contract Tower,41,12,42,0,95,0,4,180,0,184,41,16,222,0,279,240,0,240,519
04/27/2023,BZN,MT,ANM,WE,Federal Contract Tower,42,20,10,0,72,0,1,32,0,33,42,21,42,0,105,120,0,120,225
04/28/2023,BZN,MT,ANM,WE,Federal Contract Tower,41,10,46,0,97,0,4,230,2,236,41,14,276,2,333,303,0,303,636
04/29/2023,BZN,MT,ANM,WE,Federal Contract Tower,36,12,7,0,55,0,2,93,0,95,36,14,100,0,150,47,0,47,197
04/30/2023,BZN,MT,ANM,WE,Federal Contract Tower,35,6,14,0,55,0,2,84,0,86,35,8,98,0,141,92,0,92,233
05/01/2023,BZN,MT,ANM,WE,Federal Contract Tower,47,16,39,0,102,0,0,133,0,133,47,16,172,0,235,158,0,158,393
05/02/2023,BZN,MT,ANM,WE,Federal Contract Tower,38,18,26,0,82,0,0,123,0,123,38,18,149,0,205,214,0,214,419
05/03/2023,BZN,MT,ANM,WE,Federal Contract Tower,40,21,35,0,96,0,2,186,0,188,40,23,221,0,284,310,0,310,594
05/04/2023,BZN,MT,ANM,WE,Federal Contract Tower,43,14,45,0,102,0,2,159,0,161,43,16,204,0,263,154,0,154,417
05/05/2023,BZN,MT,ANM,WE,Federal Contract Tower,46,18,19,3,86,0,0,85,2,87,46,18,104,5,173,170,0,170,343
05/06/2023,BZN,MT,ANM,WE,Federal Contract Tower,36,11,17,0,64,0,0,31,4,35,36,11,48,4,99,84,0,84,183
05/07/2023,BZN,MT,ANM,WE,Federal Contract Tower,36,9,11,0,56,0,1,29,0,30,36,10,40,0,86,44,0,44,130
05/08/2023,BZN,MT,ANM,WE,Federal Contract Tower,44,17,31,0,92,0,1,125,0,126,44,18,156,0,218,164,0,164,382
05/09/2023,BZN,MT,ANM,WE,Federal Contract Tower,38,7,38,0,83,0,2,99,0,101,38,9,137,0,184,150,0,150,334
05/10/2023,BZN,MT,ANM,WE,Federal Contract Tower,40,23,42,0,105,0,2,165,0,167,40,25,207,0,272,234,0,234,506
05/11/2023,BZN,MT,ANM,WE,Federal Contract Tower,42,24,19,0,85,0,1,59,0,60,42,25,78,0,145,97,0,97,242
05/12/2023,BZN,MT,ANM,WE,Federal Contract Tower,46,17,36,0,99,0,1,72,0,73,46,18,108,0,172,228,0,228,400
05/13/2023,BZN,MT,ANM,WE,Federal Contract Tower,35,15,25,0,75,0,0,49,0,49,35,15,74,0,124,67,0,67,191
05/14/2023,BZN,MT,ANM,WE,Federal Contract Tower,36,17,17,0,70,0,0,26,0,26,36,17,43,0,96,45,0,45,141
05/15/2023,BZN,MT,ANM,WE,Federal Contract Tower,45,19,23,0,87,0,2,110,0,112,45,21,133,0,199,220,0,220,419
05/16/2023,BZN,MT,ANM,WE,Federal Contract Tower,40,12,43,0,95,0,2,142,0,144,40,14,185,0,239,240,0,240,479
05/17/2023,BZN,MT,ANM,WE,Federal Contract Tower,41,19,41,0,101,0,0,57,0,57,41,19,98,0,158,192,0,192,350
05/18/2023,BZN,MT,ANM,WE,Federal Contract Tower,44,16,36,0,96,0,2,110,0,112,44,18,146,0,208,156,0,156,364
05/19/2023,BZN,MT,ANM,WE,Federal Contract Tower,46,25,26,0,97,0,0,78,0,78,46,25,104,0,175,182,0,182,357
05/20/2023,BZN,MT,ANM,WE,Federal Contract Tower,39,13,10,0,62,0,3,68,0,71,39,16,78,0,133,171,0,171,304
05/21/2023,BZN,MT,ANM,WE,Federal Contract Tower,39,8,16,0,63,0,4,54,2,60,39,12,70,2,123,118,0,118,241
05/22/2023,BZN,MT,ANM,WE,Federal Contract Tower,51,17,35,0,103,0,7,124,1,132,51,24,159,1,235,156,0,156,391
05/23/2023,BZN,MT,ANM,WE,Federal Contract Tower,40,10,39,0,89,0,6,168,6,180,40,16,207,6,269,180,0,180,449
05/24/2023,BZN,MT,ANM,WE,Federal Contract Tower,40,19,35,0,94,0,2,89,0,91,40,21,124,0,185,196,0,196,381
05/25/2023,BZN,MT,ANM,WE,Federal Contract Tower,44,21,24,0,89,0,6,51,0,57,44,27,75,0,146,88,0,88,234
05/26/2023,BZN,MT,ANM,WE,Federal Contract Tower,45,19,42,0,106,0,0,23,0,23,45,19,65,0,129,34,0,34,163
05/27/2023,BZN,MT,ANM,WE,Federal Contract Tower,39,15,10,0,64,0,6,38,0,44,39,21,48,0,108,94,0,94,202
05/28/2023,BZN,MT,ANM,WE,Federal Contract Tower,38,16,22,0,76,0,1,59,0,60,38,17,81,0,136,96,0,96,232
05/29/2023,BZN,MT,ANM,WE,Federal Contract Tower,46,8,27,0,81,0,1,88,0,89,46,9,115,0,170,58,0,58,228
05/30/2023,BZN,MT,ANM,WE,Federal Contract Tower,41,15,34,0,90,0,0,132,0,132,41,15,166,0,222,148,0,148,370
05/31/2023,BZN,MT,ANM,WE,Federal Contract Tower,43,15,31,0,89,0,3,131,0,134,43,18,162,0,223,140,0,140,363
06/01/2023,BZN,MT,ANM,WE,Federal Contract Tower,48,25,43,0,116,0,0,119,0,119,48,25,162,0,235,100,0,100,335
06/02/2023,BZN,MT,ANM,WE,Federal Contract Tower,56,18,22,1,97,0,0,12,0,12,56,18,34,1,109,22,0,22,131
06/03/2023,BZN,MT,ANM,WE,Federal Contract Tower,55,18,10,3,86,0,0,3,0,3,55,18,13,3,89,2,0,2,91
06/04/2023,BZN,MT,ANM,WE,Federal Contract Tower,56,14,28,0,98,0,0,29,0,29,56,14,57,0,127,48,0,48,175
06/05/2023,BZN,MT,ANM,WE,Federal Contract Tower,55,11,35,0,101,0,0,130,0,130,55,11,165,0,231,252,0,252,483
06/06/2023,BZN,MT,ANM,WE,Federal Contract Tower,53,12,25,0,90,0,0,131,0,131,53,12,156,0,221,194,0,194,415
06/07/2023,BZN,MT,ANM,WE,Federal Contract Tower,60,18,32,1,111,0,1,133,6,140,60,19,165,7,251,200,0,200,451
06/08/2023,BZN,MT,ANM,WE,Federal Contract Tower,57,22,24,0,103,0,2,34,0,36,57,24,58,0,139,40,0,40,179
06/09/2023,BZN,MT,ANM,WE,Federal Contract Tower,58,16,39,3,116,0,1,119,2,122,58,17,158,5,238,217,0,217,455
06/10/2023,BZN,MT,ANM,WE,Federal Contract Tower,66,41,16,0,123,0,1,52,11,64,66,42,68,11,187,86,2,88,275
06/11/2023,BZN,MT,ANM,WE,Federal Contract Tower,52,16,26,0,94,0,3,58,0,61,52,19,84,0,155,89,0,89,244
06/12/2023,BZN,MT,ANM,WE,Federal Contract Tower,55,22,28,0,105,0,2,72,0,74,55,24,100,0,179,200,0,200,379
06/13/2023,BZN,MT,ANM,WE,Federal Contract Tower,56,15,36,0,107,0,3,124,0,127,56,18,160,0,234,142,0,142,376
06/14/2023,BZN,MT,ANM,WE,Federal Contract Tower,58,11,34,0,103,0,3,107,0,110,58,14,141,0,213,194,0,194,407
06/15/2023,BZN,MT,ANM,WE,Federal Contract Tower,64,31,49,0,144,0,3,149,0,152,64,34,198,0,296,148,0,148,444
06/16/2023,BZN,MT,ANM,WE,Federal Contract Tower,65,36,31,2,134,0,3,148,0,151,65,39,179,2,285,182,0,182,467
06/17/2023,BZN,MT,ANM,WE,Federal Contract Tower,71,34,15,0,120,1,2,73,0,76,72,36,88,0,196,94,0,94,290
06/18/2023,BZN,MT,ANM,WE,Federal Contract Tower,68,19,24,0,111,0,0,13,0,13,68,19,37,0,124,24,0,24,148
06/19/2023,BZN,MT,ANM,WE,Federal Contract Tower,64,25,38,0,127,0,0,104,0,104,64,25,142,0,231,102,0,102,333
06/20/2023,BZN,MT,ANM,WE,Federal Contract Tower,58,19,30,0,107,0,2,119,0,121,58,21,149,0,228,148,0,148,376
06/21/2023,BZN,MT,ANM,WE,Federal Contract Tower,60,25,46,0,131,0,2,129,0,131,60,27,175,0,262,186,0,186,448
06/22/2023,BZN,MT,ANM,WE,Federal Contract Tower,66,33,50,0,149,0,6,176,0,182,66,39,226,0,331,149,0,149,480
06/23/2023,BZN,MT,ANM,WE,Federal Contract Tower,65,30,35,0,130,0,5,71,0,76,65,35,106,0,206,88,0,88,294
06/24/2023,BZN,MT,ANM,WE,Federal Contract Tower,76,25,21,0,122,0,2,69,0,71,76,27,90,0,193,42,0,42,235
06/25/2023,BZN,MT,ANM,WE,Federal Contract Tower,68,40,37,0,145,0,2,73,0,75,68,42,110,0,220,84,0,84,304
06/26/2023,BZN,MT,ANM,WE,Federal Contract Tower,61,22,31,0,114,0,0,112,0,112,61,22,143,0,226,190,0,190,416
06/27/2023,BZN,MT,ANM,WE,Federal Contract Tower,53,26,40,0,119,0,0,117,0,117,53,26,157,0,236,128,0,128,364
06/28/2023,BZN,MT,ANM,WE,Federal Contract Tower,54,50,40,0,144,0,2,88,0,90,54,52,128,0,234,96,0,96,330
06/29/2023,BZN,MT,ANM,WE,Federal Contract Tower,55,39,35,0,129,0,3,135,0,138,55,42,170,0,267,176,0,176,443
06/30/2023,BZN,MT,ANM,WE,Federal Contract Tower,66,55,54,0,175,0,4,131,0,135,66,59,185,0,310,148,0,148,458
07/01/2023,BZN,MT,ANM,WE,Federal Contract Tower,75,52,53,0,180,0,2,76,0,78,75,54,129,0,258,109,0,109,367
07/02/2023,BZN,MT,ANM,WE,Federal Contract Tower,69,21,30,0,120,0,2,73,0,75,69,23,103,0,195,84,0,84,279
07/03/2023,BZN,MT,ANM,WE,Federal Contract Tower,63,24,35,0,122,0,3,89,0,92,63,27,124,0,214,64,0,64,278
07/04/2023,BZN,MT,ANM,WE,Federal Contract Tower,51,16,17,0,84,0,3,46,0,49,51,19,63,0,133,12,0,12,145
07/05/2023,BZN,MT,ANM,WE,Federal Contract Tower,64,42,52,0,158,0,8,132,0,140,64,50,184,0,298,74,0,74,372
07/06/2023,BZN,MT,ANM,WE,Federal Contract Tower,68,40,63,1,172,0,1,84,1,86,68,41,147,2,258,86,0,86,344
07/07/2023,BZN,MT,ANM,WE,Federal Contract Tower,71,40,42,4,157,0,3,131,5,139,71,43,173,9,296,161,0,161,457
07/08/2023,BZN,MT,ANM,WE,Federal Contract Tower,75,53,30,0,158,0,8,111,7,126,75,61,141,7,284,96,0,96,380
07/09/2023,BZN,MT,ANM,WE,Federal Contract Tower,68,46,61,0,175,0,5,67,5,77,68,51,128,5,252,48,0,48,300
07/10/2023,BZN,MT,ANM,WE,Federal Contract Tower,62,32,49,0,143,0,1,93,0,94,62,33,142,0,237,194,0,194,431
07/11/2023,BZN,MT,ANM,WE,Federal Contract Tower,57,36,41,0,134,0,0,160,0,160,57,36,201,0,294,160,0,160,454
07/12/2023,BZN,MT,ANM,WE,Federal Contract Tower,65,35,53,7,160,0,6,152,0,158,65,41,205,7,318,184,20,204,522
07/13/2023,BZN,MT,ANM,WE,Federal Contract Tower,63,37,54,0,154,0,0,123,3,126,63,37,177,3,280,110,0,110,390
07/14/2023,BZN,MT,ANM,WE,Federal Contract Tower,64,36,48,2,150,0,5,167,0,172,64,41,215,2,322,240,0,240,562
07/15/2023,BZN,MT,ANM,WE,Federal Contract Tower,78,53,44,1,176,0,3,131,0,134,78,56,175,1,310,143,0,143,453
07/16/2023,BZN,MT,ANM,WE,Federal Contract Tower,71,48,47,2,168,0,1,93,2,96,71,49,140,4,264,74,0,74,338
07/17/2023,BZN,MT,ANM,WE,Federal Contract Tower,63,29,37,0,129,0,1,91,1,93,63,30,128,1,222,130,0,130,352
07/18/2023,BZN,MT,ANM,WE,Federal Contract Tower,54,32,39,0,125,0,3,138,0,141,54,35,177,0,266,208,0,208,474
07/19/2023,BZN,MT,ANM,WE,Federal Contract Tower,62,34,56,0,152,0,3,189,4,196,62,37,245,4,348,174,0,174,522
07/20/2023,BZN,MT,ANM,WE,Federal Contract Tower,62,48,58,1,169,0,3,134,0,137,62,51,192,1,306,172,0,172,478
07/21/2023,BZN,MT,ANM,WE,Federal Contract Tower,64,32,45,1,142,0,1,154,0,155,64,33,199,1,297,152,0,152,449
07/23/2023,BZN,MT,ANM,WE,Federal Contract Tower,66,57,45,0,168,0,4,63,0,67,66,61,108,0,235,146,0,146,381
07/24/2023,BZN,MT,ANM,WE,Federal Contract Tower,63,32,41,0,136,0,3,104,0,107,63,35,145,0,243,142,0,142,385
07/25/2023,BZN,MT,ANM,WE,Federal Contract Tower,57,28,48,0,133,0,0,133,0,133,57,28,181,0,266,202,0,202,468
07/26/2023,BZN,MT,ANM,WE,Federal Contract Tower,58,39,47,0,144,0,3,142,0,145,58,42,189,0,289,148,0,148,437
07/27/2023,BZN,MT,ANM,WE,Federal Contract Tower,63,33,41,0,137,0,13,106,0,119,63,46,147,0,256,92,0,92,348
07/28/2023,BZN,MT,ANM,WE,Federal Contract Tower,64,50,32,2,148,0,1,126,0,127,64,51,158,2,275,82,0,82,357
07/29/2023,BZN,MT,ANM,WE,Federal Contract Tower,76,39,28,0,143,0,3,95,5,103,76,42,123,5,246,64,0,64,310
07/30/2023,BZN,MT,ANM,WE,Federal Contract Tower,68,46,47,0,161,0,0,43,0,43,68,46,90,0,204,32,0,32,236
07/31/2023,BZN,MT,ANM,WE,Federal Contract Tower,63,49,40,0,152,0,4,102,0,106,63,53,142,0,258,104,0,104,362
08/01/2023,BZN,MT,ANM,WE,Federal Contract Tower,55,38,46,1,140,0,4,135,2,141,55,42,181,3,281,142,0,142,423
08/02/2023,BZN,MT,ANM,WE,Federal Contract Tower,62,51,62,0,175,0,2,143,0,145,62,53,205,0,320,202,0,202,522
08/03/2023,BZN,MT,ANM,WE,Federal Contract Tower,63,33,61,0,157,0,6,87,0,93,63,39,148,0,250,112,0,112,362
08/04/2023,BZN,MT,ANM,WE,Federal Contract Tower,64,45,37,0,146,0,3,98,0,101,64,48,135,0,247,200,0,200,447
08/05/2023,BZN,MT,ANM,WE,Federal Contract Tower,80,43,23,0,146,1,71,0,0,72,81,114,23,0,218,110,0,110,328
08/07/2023,BZN,MT,ANM,WE,Federal Contract Tower,63,29,31,0,123,0,3,61,6,70,63,32,92,6,193,68,0,68,261
08/08/2023,BZN,MT,ANM,WE,Federal Contract Tower,58,33,56,0,147,0,1,132,0,133,58,34,188,0,280,222,0,222,502
08/09/2023,BZN,MT,ANM,WE,Federal Contract Tower,62,44,35,0,141,0,2,130,0,132,62,46,165,0,273,102,0,102,375
08/10/2023,BZN,MT,ANM,WE,Federal Contract Tower,64,46,47,0,157,0,6,121,0,127,64,52,168,0,284,74,0,74,358
08/11/2023,BZN,MT,ANM,WE,Federal Contract Tower,67,34,45,6,152,0,2,127,2,131,67,36,172,8,283,85,6,91,374
08/12/2023,BZN,MT,ANM,WE,Federal Contract Tower,76,32,28,0,136,0,1,69,0,70,76,33,97,0,206,42,0,42,248
08/13/2023,BZN,MT,ANM,WE,Federal Contract Tower,70,48,29,0,147,0,3,70,0,73,70,51,99,0,220,50,0,50,270
08/14/2023,BZN,MT,ANM,WE,Federal Contract Tower,65,31,37,0,133,0,0,149,1,150,65,31,186,1,283,176,0,176,459
08/15/2023,BZN,MT,ANM,WE,Federal Contract Tower,57,31,50,0,138,0,4,175,0,179,57,35,225,0,317,163,0,163,480
08/16/2023,BZN,MT,ANM,WE,Federal Contract Tower,60,39,55,1,155,0,5,110,0,115,60,44,165,1,270,130,0,130,400
08/17/2023,BZN,MT,ANM,WE,Federal Contract Tower,66,36,44,0,146,0,4,97,0,101,66,40,141,0,247,92,0,92,339
08/18/2023,BZN,MT,ANM,WE,Federal Contract Tower,64,37,42,1,144,0,0,82,0,82,64,37,124,1,226,92,0,92,318
08/19/2023,BZN,MT,ANM,WE,Federal Contract Tower,80,23,21,2,126,0,1,74,0,75,80,24,95,2,201,75,0,75,276
08/20/2023,BZN,MT,ANM,WE,Federal Contract Tower,69,52,41,0,162,0,0,12,0,12,69,52,53,0,174,12,0,12,186
08/21/2023,BZN,MT,ANM,WE,Federal Contract Tower,67,30,53,7,157,0,1,26,0,27,67,31,79,7,184,6,0,6,190
08/22/2023,BZN,MT,ANM,WE,Federal Contract Tower,59,26,47,0,132,0,1,121,0,122,59,27,168,0,254,196,0,196,450
08/23/2023,BZN,MT,ANM,WE,Federal Contract Tower,60,52,65,0,177,0,3,140,0,143,60,55,205,0,320,98,0,98,418
08/24/2023,BZN,MT,ANM,WE,Federal Contract Tower,64,36,41,7,148,0,2,114,1,117,64,38,155,8,265,142,14,156,421
08/25/2023,BZN,MT,ANM,WE,Federal Contract Tower,69,38,60,1,168,0,1,186,0,187,69,39,246,1,355,266,0,266,621
08/26/2023,BZN,MT,ANM,WE,Federal Contract Tower,78,28,40,1,147,0,4,114,2,120,78,32,154,3,267,66,0,66,333
08/27/2023,BZN,MT,ANM,WE,Federal Contract Tower,73,40,41,2,156,0,3,80,0,83,73,43,121,2,239,86,0,86,325
08/28/2023,BZN,MT,ANM,WE,Federal Contract Tower,65,37,55,0,157,1,2,213,1,217,66,39,268,1,374,139,0,139,513
08/29/2023,BZN,MT,ANM,WE,Federal Contract Tower,55,27,32,0,114,0,1,206,0,207,55,28,238,0,321,172,0,172,493
08/30/2023,BZN,MT,ANM,WE,Federal Contract Tower,63,49,32,0,144,0,5,112,0,117,63,54,144,0,261,88,0,88,349
08/31/2023,BZN,MT,ANM,WE,Federal Contract Tower,65,33,49,0,147,0,4,217,0,221,65,37,266,0,368,198,0,198,566
