01/01/2000,CAE,SC,ASO,ES,Towers with Radar,18,25,31,0,74,1,1,33,0,35,19,26,64,0,109,38,0,38,147
01/02/2000,CAE,SC,ASO,ES,Towers with Radar,24,53,45,0,122,2,0,44,0,46,26,53,89,0,168,76,0,76,244
01/03/2000,CAE,SC,ASO,ES,Towers with Radar,33,87,55,5,180,0,5,30,13,48,33,92,85,18,228,85,36,121,349
01/04/2000,CAE,SC,ASO,ES,Towers with Radar,67,126,38,23,254,2,1,1,0,4,69,127,39,23,258,8,62,70,328
01/05/2000,CAE,SC,ASO,ES,Towers with Radar,65,125,57,5,252,2,1,63,3,69,67,126,120,8,321,52,0,52,373
01/06/2000,CAE,SC,ASO,ES,Towers with Radar,65,121,74,5,265,1,6,75,6,88,66,127,149,11,353,50,14,64,417
01/07/2000,CAE,SC,ASO,ES,Towers with Radar,58,117,85,5,265,1,0,59,0,60,59,117,144,5,325,38,0,38,363
01/08/2000,CAE,SC,ASO,ES,Towers with Radar,34,59,56,5,154,1,0,89,4,94,35,59,145,9,248,64,8,72,320
01/09/2000,CAE,SC,ASO,ES,Towers with Radar,26,55,36,3,120,0,0,20,3,23,26,55,56,6,143,122,0,122,265
01/10/2000,CAE,SC,ASO,ES,Towers with Radar,31,77,56,5,169,1,3,22,2,28,32,80,78,7,197,56,12,68,265
01/11/2000,CAE,SC,ASO,ES,Towers with Radar,73,121,80,5,279,1,2,38,0,41,74,123,118,5,320,122,4,126,446
01/12/2000,CAE,SC,ASO,ES,Towers with Radar,74,124,62,1,261,1,1,84,1,87,75,125,146,2,348,89,0,89,437
01/13/2000,CAE,SC,ASO,ES,Towers with Radar,72,128,75,15,290,1,4,51,1,57,73,132,126,16,347,58,14,72,419
01/14/2000,CAE,SC,ASO,ES,Towers with Radar,55,113,71,2,241,1,4,62,0,67,56,117,133,2,308,59,0,59,367
01/15/2000,CAE,SC,ASO,ES,Towers with Radar,34,59,37,7,137,1,1,98,0,100,35,60,135,7,237,54,2,56,293
01/16/2000,CAE,SC,ASO,ES,Towers with Radar,26,51,16,2,95,1,0,44,0,45,27,51,60,2,140,30,0,30,170
01/17/2000,CAE,SC,ASO,ES,Towers with Radar,31,69,63,0,163,1,0,60,0,61,32,69,123,0,224,62,0,62,286
01/18/2000,CAE,SC,ASO,ES,Towers with Radar,57,82,45,0,184,1,0,0,0,1,58,82,45,0,185,0,0,0,185
01/19/2000,CAE,SC,ASO,ES,Towers with Radar,70,124,67,13,274,1,0,28,1,30,71,124,95,14,304,61,16,77,381
01/20/2000,CAE,SC,ASO,ES,Towers with Radar,71,116,68,10,265,0,3,45,0,48,71,119,113,10,313,36,12,48,361
01/21/2000,CAE,SC,ASO,ES,Towers with Radar,64,124,66,17,271,0,1,48,1,50,64,125,114,18,321,99,46,145,466
01/22/2000,CAE,SC,ASO,ES,Towers with Radar,37,58,45,2,142,0,0,78,0,78,37,58,123,2,220,128,2,130,350
01/23/2000,CAE,SC,ASO,ES,Towers with Radar,21,42,16,0,79,0,1,1,0,2,21,43,17,0,81,0,0,0,81
01/24/2000,CAE,SC,ASO,ES,Towers with Radar,20,47,29,1,97,0,1,0,0,1,20,48,29,1,98,14,0,14,112
01/25/2000,CAE,SC,ASO,ES,Towers with Radar,44,68,58,0,170,0,8,27,0,35,44,76,85,0,205,14,0,14,219
01/26/2000,CAE,SC,ASO,ES,Towers with Radar,74,99,83,5,261,0,2,42,0,44,74,101,125,5,305,33,8,41,346
01/27/2000,CAE,SC,ASO,ES,Towers with Radar,71,119,74,7,271,0,4,107,0,111,71,123,181,7,382,104,20,124,506
01/28/2000,CAE,SC,ASO,ES,Towers with Radar,50,112,44,0,206,0,4,34,0,38,50,116,78,0,244,36,0,36,280
01/29/2000,CAE,SC,ASO,ES,Towers with Radar,17,38,8,0,63,0,1,1,0,2,17,39,9,0,65,0,0,0,65
01/30/2000,CAE,SC,ASO,ES,Towers with Radar,13,31,9,0,53,0,1,0,0,1,13,32,9,0,54,0,0,0,54
01/31/2000,CAE,SC,ASO,ES,Towers with Radar,31,81,80,12,204,0,2,33,0,35,31,83,113,12,239,58,8,66,305
02/01/2000,CAE,SC,ASO,ES,Towers with Radar,72,118,69,6,265,1,4,64,1,70,73,122,133,7,335,28,38,66,401
02/02/2000,CAE,SC,ASO,ES,Towers with Radar,74,119,71,12,276,0,3,78,2,83,74,122,149,14,359,43,16,59,418
02/03/2000,CAE,SC,ASO,ES,Towers with Radar,70,122,42,20,254,1,3,53,1,58,71,125,95,21,312,68,24,92,404
02/04/2000,CAE,SC,ASO,ES,Towers with Radar,63,111,71,6,251,0,0,49,11,60,63,111,120,17,311,45,4,49,360
02/05/2000,CAE,SC,ASO,ES,Towers with Radar,32,59,51,1,143,1,0,73,0,74,33,59,124,1,217,155,0,155,372
02/06/2000,CAE,SC,ASO,ES,Towers with Radar,26,54,31,0,111,1,0,120,2,123,27,54,151,2,234,54,0,54,288
02/07/2000,CAE,SC,ASO,ES,Towers with Radar,34,91,51,8,184,1,3,47,2,53,35,94,98,10,237,50,21,71,308
02/08/2000,CAE,SC,ASO,ES,Towers with Radar,74,123,78,5,280,1,0,45,1,47,75,123,123,6,327,18,2,20,347
02/09/2000,CAE,SC,ASO,ES,Towers with Radar,75,127,68,2,272,1,0,80,3,84,76,127,148,5,356,42,0,42,398
02/10/2000,CAE,SC,ASO,ES,Towers with Radar,77,135,64,10,286,1,5,68,1,75,78,140,132,11,361,110,0,110,471
02/11/2000,CAE,SC,ASO,ES,Towers with Radar,58,108,66,5,237,17,17,38,4,76,75,125,104,9,313,41,2,43,356
02/12/2000,CAE,SC,ASO,ES,Towers with Radar,35,65,49,2,151,1,0,3,0,4,36,65,52,2,155,46,2,48,203
02/13/2000,CAE,SC,ASO,ES,Towers with Radar,23,48,32,1,104,1,0,1,0,2,24,48,33,1,106,28,0,28,134
02/14/2000,CAE,SC,ASO,ES,Towers with Radar,36,82,37,9,164,1,0,20,0,21,37,82,57,9,185,42,0,42,227
02/15/2000,CAE,SC,ASO,ES,Towers with Radar,75,128,88,3,294,1,1,79,0,81,76,129,167,3,375,86,16,102,477
02/16/2000,CAE,SC,ASO,ES,Towers with Radar,72,140,74,9,295,1,2,58,0,61,73,142,132,9,356,20,0,20,376
02/17/2000,CAE,SC,ASO,ES,Towers with Radar,73,122,87,6,288,1,2,46,0,49,74,124,133,6,337,40,2,42,379
02/18/2000,CAE,SC,ASO,ES,Towers with Radar,67,113,81,2,263,1,2,28,0,31,68,115,109,2,294,38,0,38,332
02/19/2000,CAE,SC,ASO,ES,Towers with Radar,39,53,55,0,147,1,0,19,0,20,40,53,74,0,167,26,0,26,193
02/20/2000,CAE,SC,ASO,ES,Towers with Radar,36,54,50,2,142,1,0,63,0,64,37,54,113,2,206,54,0,54,260
02/21/2000,CAE,SC,ASO,ES,Towers with Radar,31,82,65,2,180,0,0,82,0,82,31,82,147,2,262,36,0,36,298
02/22/2000,CAE,SC,ASO,ES,Towers with Radar,59,110,66,2,237,0,5,71,2,78,59,115,137,4,315,52,2,54,369
02/23/2000,CAE,SC,ASO,ES,Towers with Radar,78,116,66,9,269,0,2,62,2,66,78,118,128,11,335,85,8,93,428
02/24/2000,CAE,SC,ASO,ES,Towers with Radar,67,136,97,8,308,0,0,60,3,63,67,136,157,11,371,89,6,95,466
02/25/2000,CAE,SC,ASO,ES,Towers with Radar,62,119,74,6,261,0,0,59,0,59,62,119,133,6,320,64,6,70,390
02/26/2000,CAE,SC,ASO,ES,Towers with Radar,33,67,44,2,146,0,2,75,0,77,33,69,119,2,223,80,1,81,304
02/27/2000,CAE,SC,ASO,ES,Towers with Radar,26,54,36,0,116,0,0,22,0,22,26,54,58,0,138,75,0,75,213
02/28/2000,CAE,SC,ASO,ES,Towers with Radar,29,93,57,2,181,0,13,81,0,94,29,106,138,2,275,87,0,87,362
02/29/2000,CAE,SC,ASO,ES,Towers with Radar,69,128,87,4,288,0,0,85,2,87,69,128,172,6,375,74,4,78,453
03/01/2000,CAE,SC,ASO,ES,Towers with Radar,66,128,75,3,272,8,7,74,0,89,74,135,149,3,361,46,8,54,415
03/02/2000,CAE,SC,ASO,ES,Towers with Radar,72,143,74,3,292,0,1,73,2,76,72,144,147,5,368,56,0,56,424
03/03/2000,CAE,SC,ASO,ES,Towers with Radar,58,128,62,6,254,0,0,86,4,90,58,128,148,10,344,87,4,91,435
03/04/2000,CAE,SC,ASO,ES,Towers with Radar,41,76,37,2,156,0,0,6,0,6,41,76,43,2,162,30,0,30,192
03/05/2000,CAE,SC,ASO,ES,Towers with Radar,26,59,59,1,145,0,0,86,0,86,26,59,145,1,231,89,0,89,320
03/06/2000,CAE,SC,ASO,ES,Towers with Radar,34,93,68,3,198,0,1,68,0,69,34,94,136,3,267,102,4,106,373
03/07/2000,CAE,SC,ASO,ES,Towers with Radar,72,130,69,8,279,0,0,78,0,78,72,130,147,8,357,40,0,40,397
03/08/2000,CAE,SC,ASO,ES,Towers with Radar,74,136,87,11,308,0,1,100,3,104,74,137,187,14,412,43,0,43,455
03/09/2000,CAE,SC,ASO,ES,Towers with Radar,74,134,61,10,279,0,0,74,6,80,74,134,135,16,359,92,8,100,459
03/10/2000,CAE,SC,ASO,ES,Towers with Radar,57,119,71,6,253,0,15,3,9,27,57,134,74,15,280,104,0,104,384
03/11/2000,CAE,SC,ASO,ES,Towers with Radar,27,52,30,2,111,12,2,27,1,42,39,54,57,3,153,56,0,56,209
03/12/2000,CAE,SC,ASO,ES,Towers with Radar,29,61,52,11,153,0,0,39,3,42,29,61,91,14,195,122,28,150,345
03/13/2000,CAE,SC,ASO,ES,Towers with Radar,31,94,67,2,194,0,4,60,0,64,31,98,127,2,258,67,0,67,325
03/14/2000,CAE,SC,ASO,ES,Towers with Radar,75,132,103,4,314,0,0,82,4,86,75,132,185,8,400,108,0,108,508
03/15/2000,CAE,SC,ASO,ES,Towers with Radar,76,126,79,5,286,0,2,85,1,88,76,128,164,6,374,40,8,48,422
03/16/2000,CAE,SC,ASO,ES,Towers with Radar,68,132,78,6,284,3,1,9,0,13,71,133,87,6,297,21,0,21,318
03/17/2000,CAE,SC,ASO,ES,Towers with Radar,62,134,66,7,269,0,3,40,1,44,62,137,106,8,313,86,2,88,401
03/18/2000,CAE,SC,ASO,ES,Towers with Radar,34,71,48,0,153,0,0,27,5,32,34,71,75,5,185,68,0,68,253
03/19/2000,CAE,SC,ASO,ES,Towers with Radar,27,58,43,4,132,0,0,19,0,19,27,58,62,4,151,56,4,60,211
03/20/2000,CAE,SC,ASO,ES,Towers with Radar,41,103,68,1,213,0,0,15,2,17,41,103,83,3,230,38,0,38,268
03/21/2000,CAE,SC,ASO,ES,Towers with Radar,69,133,93,15,310,0,0,51,2,53,69,133,144,17,363,127,22,149,512
03/22/2000,CAE,SC,ASO,ES,Towers with Radar,70,137,81,8,296,11,12,70,4,97,81,149,151,12,393,48,6,54,447
03/23/2000,CAE,SC,ASO,ES,Towers with Radar,87,137,83,18,325,0,0,51,2,53,87,137,134,20,378,78,26,104,482
03/24/2000,CAE,SC,ASO,ES,Towers with Radar,63,128,78,4,273,0,3,94,3,100,63,131,172,7,373,110,2,112,485
03/25/2000,CAE,SC,ASO,ES,Towers with Radar,31,67,42,3,143,0,0,105,0,105,31,67,147,3,248,83,0,83,331
03/26/2000,CAE,SC,ASO,ES,Towers with Radar,34,56,43,6,139,0,0,65,1,66,34,56,108,7,205,78,0,78,283
03/27/2000,CAE,SC,ASO,ES,Towers with Radar,30,92,73,11,206,0,0,25,0,25,30,92,98,11,231,48,5,53,284
03/28/2000,CAE,SC,ASO,ES,Towers with Radar,72,133,58,10,273,0,1,35,7,43,72,134,93,17,316,17,14,31,347
03/29/2000,CAE,SC,ASO,ES,Towers with Radar,71,147,68,12,298,0,2,86,1,89,71,149,154,13,387,55,6,61,448
03/30/2000,CAE,SC,ASO,ES,Towers with Radar,68,138,69,11,286,0,0,39,0,39,68,138,108,11,325,100,0,100,425
03/31/2000,CAE,SC,ASO,ES,Towers with Radar,65,131,83,6,285,0,3,70,0,73,65,134,153,6,358,20,2,22,380
04/01/2000,CAE,SC,ASO,ES,Towers with Radar,28,61,39,3,131,6,0,90,0,96,34,61,129,3,227,93,0,93,320
04/02/2000,CAE,SC,ASO,ES,Towers with Radar,25,73,56,16,170,0,0,25,0,25,25,73,81,16,195,98,8,106,301
04/03/2000,CAE,SC,ASO,ES,Towers with Radar,32,90,48,4,174,0,0,23,4,27,32,90,71,8,201,52,0,52,253
04/04/2000,CAE,SC,ASO,ES,Towers with Radar,76,131,68,3,278,0,0,14,4,18,76,131,82,7,296,34,10,44,340
04/05/2000,CAE,SC,ASO,ES,Towers with Radar,73,134,92,5,304,0,1,70,2,73,73,135,162,7,377,36,0,36,413
04/06/2000,CAE,SC,ASO,ES,Towers with Radar,72,132,92,27,323,0,6,58,3,67,72,138,150,30,390,99,37,136,526
04/07/2000,CAE,SC,ASO,ES,Towers with Radar,64,134,137,8,343,0,0,85,2,87,64,134,222,10,430,44,0,44,474
04/08/2000,CAE,SC,ASO,ES,Towers with Radar,38,67,45,7,157,0,0,29,4,33,38,67,74,11,190,116,8,124,314
04/09/2000,CAE,SC,ASO,ES,Towers with Radar,31,68,78,2,179,0,0,48,0,48,31,68,126,2,227,50,0,50,277
04/10/2000,CAE,SC,ASO,ES,Towers with Radar,27,95,62,13,197,0,0,64,2,66,27,95,126,15,263,41,24,65,328
04/11/2000,CAE,SC,ASO,ES,Towers with Radar,72,141,71,6,290,0,2,52,7,61,72,143,123,13,351,91,2,93,444
04/12/2000,CAE,SC,ASO,ES,Towers with Radar,72,140,86,7,305,0,0,59,2,61,72,140,145,9,366,58,14,72,438
04/13/2000,CAE,SC,ASO,ES,Towers with Radar,72,143,92,6,313,5,0,0,0,5,77,143,92,6,318,18,0,18,336
04/14/2000,CAE,SC,ASO,ES,Towers with Radar,53,110,67,0,230,4,30,6,0,40,57,140,73,0,270,4,0,4,274
04/15/2000,CAE,SC,ASO,ES,Towers with Radar,34,62,82,4,182,0,0,2,0,2,34,62,84,4,184,26,2,28,212
04/16/2000,CAE,SC,ASO,ES,Towers with Radar,27,63,63,3,156,0,0,78,0,78,27,63,141,3,234,38,0,38,272
04/17/2000,CAE,SC,ASO,ES,Towers with Radar,29,86,52,5,172,0,17,50,3,70,29,103,102,8,242,79,0,79,321
04/18/2000,CAE,SC,ASO,ES,Towers with Radar,74,127,74,15,290,0,0,33,0,33,74,127,107,15,323,82,12,94,417
04/19/2000,CAE,SC,ASO,ES,Towers with Radar,73,150,57,4,284,0,2,76,9,87,73,152,133,13,371,50,0,50,421
04/20/2000,CAE,SC,ASO,ES,Towers with Radar,66,141,86,8,301,4,4,65,16,89,70,145,151,24,390,76,48,124,514
04/21/2000,CAE,SC,ASO,ES,Towers with Radar,60,121,56,3,240,1,1,46,1,49,61,122,102,4,289,56,0,56,345
04/22/2000,CAE,SC,ASO,ES,Towers with Radar,29,62,36,3,130,2,7,68,1,78,31,69,104,4,208,122,0,122,330
04/23/2000,CAE,SC,ASO,ES,Towers with Radar,27,60,30,0,117,0,0,52,0,52,27,60,82,0,169,35,0,35,204
04/24/2000,CAE,SC,ASO,ES,Towers with Radar,30,102,56,2,190,0,0,25,0,25,30,102,81,2,215,42,0,42,257
04/25/2000,CAE,SC,ASO,ES,Towers with Radar,68,137,69,8,282,0,0,5,0,5,68,137,74,8,287,8,18,26,313
04/26/2000,CAE,SC,ASO,ES,Towers with Radar,72,136,71,1,280,0,2,72,1,75,72,138,143,2,355,72,0,72,427
04/27/2000,CAE,SC,ASO,ES,Towers with Radar,79,146,61,6,292,0,1,86,2,89,79,147,147,8,381,108,4,112,493
04/28/2000,CAE,SC,ASO,ES,Towers with Radar,61,131,57,22,271,0,0,37,2,39,61,131,94,24,310,61,12,73,383
04/29/2000,CAE,SC,ASO,ES,Towers with Radar,34,76,41,1,152,0,0,62,0,62,34,76,103,1,214,48,0,48,262
04/30/2000,CAE,SC,ASO,ES,Towers with Radar,28,65,48,5,146,0,0,95,10,105,28,65,143,15,251,106,2,108,359
05/01/2000,CAE,SC,ASO,ES,Towers with Radar,28,113,46,2,189,1,1,58,0,60,29,114,104,2,249,190,0,190,439
05/02/2000,CAE,SC,ASO,ES,Towers with Radar,68,143,66,7,284,1,3,51,5,60,69,146,117,12,344,98,16,114,458
05/03/2000,CAE,SC,ASO,ES,Towers with Radar,71,141,58,7,277,1,0,37,0,38,72,141,95,7,315,115,0,115,430
05/04/2000,CAE,SC,ASO,ES,Towers with Radar,66,148,78,6,298,1,2,68,1,72,67,150,146,7,370,112,4,116,486
05/05/2000,CAE,SC,ASO,ES,Towers with Radar,61,141,56,8,266,1,3,52,2,58,62,144,108,10,324,24,0,24,348
05/06/2000,CAE,SC,ASO,ES,Towers with Radar,32,81,38,2,153,1,0,82,1,84,33,81,120,3,237,114,0,114,351
05/07/2000,CAE,SC,ASO,ES,Towers with Radar,27,67,35,2,131,1,0,75,0,76,28,67,110,2,207,88,0,88,295
05/08/2000,CAE,SC,ASO,ES,Towers with Radar,29,98,73,13,213,1,3,58,5,67,30,101,131,18,280,104,0,104,384
05/09/2000,CAE,SC,ASO,ES,Towers with Radar,70,134,68,19,291,1,2,75,1,79,71,136,143,20,370,26,34,60,430
05/10/2000,CAE,SC,ASO,ES,Towers with Radar,76,126,35,6,243,1,2,46,2,51,77,128,81,8,294,75,0,75,369
05/11/2000,CAE,SC,ASO,ES,Towers with Radar,71,144,73,29,317,1,3,70,4,78,72,147,143,33,395,95,56,151,546
05/12/2000,CAE,SC,ASO,ES,Towers with Radar,59,129,80,8,276,1,3,84,2,90,60,132,164,10,366,28,0,28,394
05/13/2000,CAE,SC,ASO,ES,Towers with Radar,33,66,30,0,129,1,1,65,1,68,34,67,95,1,197,82,0,82,279
05/14/2000,CAE,SC,ASO,ES,Towers with Radar,28,66,33,2,129,0,0,27,0,27,28,66,60,2,156,50,0,50,206
05/15/2000,CAE,SC,ASO,ES,Towers with Radar,28,99,45,1,173,0,4,72,0,76,28,103,117,1,249,71,0,71,320
05/16/2000,CAE,SC,ASO,ES,Towers with Radar,71,137,56,12,276,1,7,61,1,70,72,144,117,13,346,52,30,82,428
05/17/2000,CAE,SC,ASO,ES,Towers with Radar,71,147,77,11,306,1,3,53,1,58,72,150,130,12,364,157,28,185,549
05/18/2000,CAE,SC,ASO,ES,Towers with Radar,70,145,68,7,290,1,2,88,6,97,71,147,156,13,387,88,8,96,483
05/19/2000,CAE,SC,ASO,ES,Towers with Radar,60,134,61,8,263,1,11,70,15,97,61,145,131,23,360,53,16,69,429
05/20/2000,CAE,SC,ASO,ES,Towers with Radar,32,73,23,2,130,1,0,53,5,59,33,73,76,7,189,137,0,137,326
05/21/2000,CAE,SC,ASO,ES,Towers with Radar,28,70,26,2,126,1,0,47,0,48,29,70,73,2,174,105,0,105,279
05/22/2000,CAE,SC,ASO,ES,Towers with Radar,28,105,57,6,196,1,0,38,0,39,29,105,95,6,235,122,0,122,357
05/23/2000,CAE,SC,ASO,ES,Towers with Radar,70,145,48,10,273,0,1,26,2,29,70,146,74,12,302,146,26,172,474
05/24/2000,CAE,SC,ASO,ES,Towers with Radar,70,156,48,9,283,0,4,36,0,40,70,160,84,9,323,141,6,147,470
05/25/2000,CAE,SC,ASO,ES,Towers with Radar,64,148,64,11,287,0,3,50,2,55,64,151,114,13,342,79,6,85,427
05/26/2000,CAE,SC,ASO,ES,Towers with Radar,63,153,79,6,301,0,3,55,1,59,63,156,134,7,360,49,0,49,409
05/27/2000,CAE,SC,ASO,ES,Towers with Radar,32,70,32,1,135,0,0,51,9,60,32,70,83,10,195,84,0,84,279
05/28/2000,CAE,SC,ASO,ES,Towers with Radar,29,52,14,2,97,0,0,25,0,25,29,52,39,2,122,28,0,28,150
05/29/2000,CAE,SC,ASO,ES,Towers with Radar,29,63,38,0,130,0,0,49,0,49,29,63,87,0,179,60,0,60,239
05/30/2000,CAE,SC,ASO,ES,Towers with Radar,32,114,53,13,212,0,0,67,4,71,32,114,120,17,283,34,4,38,321
05/31/2000,CAE,SC,ASO,ES,Towers with Radar,76,133,43,11,263,0,0,77,4,81,76,133,120,15,344,73,26,99,443
06/01/2000,CAE,SC,ASO,ES,Towers with Radar,74,142,72,2,290,2,4,73,0,79,76,146,145,2,369,145,0,145,514
06/02/2000,CAE,SC,ASO,ES,Towers with Radar,61,123,65,7,256,1,5,61,2,69,62,128,126,9,325,121,0,121,446
06/03/2000,CAE,SC,ASO,ES,Towers with Radar,32,73,41,0,146,1,1,69,0,71,33,74,110,0,217,88,0,88,305
06/04/2000,CAE,SC,ASO,ES,Towers with Radar,33,69,43,3,148,0,0,20,0,20,33,69,63,3,168,83,0,83,251
06/05/2000,CAE,SC,ASO,ES,Towers with Radar,24,105,54,3,186,1,3,14,1,19,25,108,68,4,205,22,16,38,243
06/06/2000,CAE,SC,ASO,ES,Towers with Radar,74,139,75,3,291,1,6,38,5,50,75,145,113,8,341,48,4,52,393
06/07/2000,CAE,SC,ASO,ES,Towers with Radar,74,144,62,12,292,1,7,70,3,81,75,151,132,15,373,51,4,55,428
06/08/2000,CAE,SC,ASO,ES,Towers with Radar,78,138,97,7,320,1,8,55,2,66,79,146,152,9,386,97,32,129,515
06/09/2000,CAE,SC,ASO,ES,Towers with Radar,62,137,49,14,262,1,5,76,3,85,63,142,125,17,347,48,0,48,395
06/10/2000,CAE,SC,ASO,ES,Towers with Radar,30,77,30,2,139,1,1,80,2,84,31,78,110,4,223,78,0,78,301
06/11/2000,CAE,SC,ASO,ES,Towers with Radar,37,61,23,4,125,1,1,60,2,64,38,62,83,6,189,117,0,117,306
06/12/2000,CAE,SC,ASO,ES,Towers with Radar,31,89,36,11,167,1,2,48,1,52,32,91,84,12,219,75,6,81,300
06/13/2000,CAE,SC,ASO,ES,Towers with Radar,72,139,71,3,285,1,1,50,1,53,73,140,121,4,338,151,7,158,496
06/14/2000,CAE,SC,ASO,ES,Towers with Radar,69,142,65,5,281,1,1,35,3,40,70,143,100,8,321,45,0,45,366
06/15/2000,CAE,SC,ASO,ES,Towers with Radar,80,127,65,7,279,1,1,39,4,45,81,128,104,11,324,40,4,44,368
06/16/2000,CAE,SC,ASO,ES,Towers with Radar,58,141,51,8,258,1,2,26,0,29,59,143,77,8,287,12,8,20,307
06/17/2000,CAE,SC,ASO,ES,Towers with Radar,36,68,37,0,141,1,1,25,0,27,37,69,62,0,168,68,0,68,236
06/18/2000,CAE,SC,ASO,ES,Towers with Radar,23,69,35,4,131,0,0,35,0,35,23,69,70,4,166,68,4,72,238
06/19/2000,CAE,SC,ASO,ES,Towers with Radar,28,96,55,20,199,1,2,30,3,36,29,98,85,23,235,56,30,86,321
06/20/2000,CAE,SC,ASO,ES,Towers with Radar,70,138,63,5,276,1,1,46,2,50,71,139,109,7,326,52,6,58,384
06/21/2000,CAE,SC,ASO,ES,Towers with Radar,75,141,63,7,286,1,2,26,1,30,76,143,89,8,316,32,8,40,356
06/22/2000,CAE,SC,ASO,ES,Towers with Radar,75,139,53,8,275,1,8,38,3,50,76,147,91,11,325,58,0,58,383
06/23/2000,CAE,SC,ASO,ES,Towers with Radar,60,126,52,1,239,1,2,83,0,86,61,128,135,1,325,49,0,49,374
06/24/2000,CAE,SC,ASO,ES,Towers with Radar,29,75,40,3,147,0,0,107,0,107,29,75,147,3,254,74,0,74,328
06/25/2000,CAE,SC,ASO,ES,Towers with Radar,38,73,39,2,152,2,0,43,0,45,40,73,82,2,197,56,0,56,253
06/26/2000,CAE,SC,ASO,ES,Towers with Radar,26,97,38,7,168,0,3,40,0,43,26,100,78,7,211,64,0,64,275
06/27/2000,CAE,SC,ASO,ES,Towers with Radar,74,129,94,24,321,0,2,58,0,60,74,131,152,24,381,116,10,126,507
06/28/2000,CAE,SC,ASO,ES,Towers with Radar,69,131,72,14,286,1,2,60,0,63,70,133,132,14,349,68,16,84,433
06/29/2000,CAE,SC,ASO,ES,Towers with Radar,70,135,67,6,278,1,6,8,0,15,71,141,75,6,293,27,0,27,320
06/30/2000,CAE,SC,ASO,ES,Towers with Radar,63,130,62,13,268,1,2,79,0,82,64,132,141,13,350,90,10,100,450
07/01/2000,CAE,SC,ASO,ES,Towers with Radar,28,72,41,0,141,1,0,71,0,72,29,72,112,0,213,46,0,46,259
07/02/2000,CAE,SC,ASO,ES,Towers with Radar,24,60,30,0,114,1,0,62,0,63,25,60,92,0,177,36,0,36,213
07/03/2000,CAE,SC,ASO,ES,Towers with Radar,20,97,33,1,151,0,3,41,1,45,20,100,74,2,196,48,0,48,244
07/04/2000,CAE,SC,ASO,ES,Towers with Radar,29,71,20,0,120,0,0,33,3,36,29,71,53,3,156,30,8,38,194
07/05/2000,CAE,SC,ASO,ES,Towers with Radar,40,115,52,14,221,0,1,39,1,41,40,116,91,15,262,39,24,63,325
07/06/2000,CAE,SC,ASO,ES,Towers with Radar,71,142,65,11,289,0,1,40,1,42,71,143,105,12,331,47,16,63,394
07/07/2000,CAE,SC,ASO,ES,Towers with Radar,56,133,66,5,260,5,23,17,0,45,61,156,83,5,305,37,4,41,346
07/08/2000,CAE,SC,ASO,ES,Towers with Radar,38,89,55,3,185,0,0,58,1,59,38,89,113,4,244,57,0,57,301
07/09/2000,CAE,SC,ASO,ES,Towers with Radar,37,83,40,0,160,0,0,55,0,55,37,83,95,0,215,80,0,80,295
07/10/2000,CAE,SC,ASO,ES,Towers with Radar,32,99,54,4,189,0,2,50,3,55,32,101,104,7,244,67,12,79,323
07/11/2000,CAE,SC,ASO,ES,Towers with Radar,72,142,81,7,302,0,2,76,0,78,72,144,157,7,380,128,4,132,512
07/12/2000,CAE,SC,ASO,ES,Towers with Radar,70,133,58,12,273,0,3,60,1,64,70,136,118,13,337,94,12,106,443
07/13/2000,CAE,SC,ASO,ES,Towers with Radar,66,145,54,16,281,0,0,36,1,37,66,145,90,17,318,104,14,118,436
07/14/2000,CAE,SC,ASO,ES,Towers with Radar,55,134,71,11,271,0,1,41,1,43,55,135,112,12,314,74,12,86,400
07/15/2000,CAE,SC,ASO,ES,Towers with Radar,34,75,59,3,171,0,0,116,0,116,34,75,175,3,287,124,0,124,411
07/16/2000,CAE,SC,ASO,ES,Towers with Radar,23,63,30,9,125,0,0,79,0,79,23,63,109,9,204,100,2,102,306
07/17/2000,CAE,SC,ASO,ES,Towers with Radar,29,109,52,16,206,0,4,60,2,66,29,113,112,18,272,97,40,137,409
07/18/2000,CAE,SC,ASO,ES,Towers with Radar,67,132,56,3,258,0,5,87,8,100,67,137,143,11,358,151,0,151,509
07/19/2000,CAE,SC,ASO,ES,Towers with Radar,65,134,58,11,268,0,2,54,3,59,65,136,112,14,327,45,10,55,382
07/20/2000,CAE,SC,ASO,ES,Towers with Radar,69,148,81,1,299,0,2,79,0,81,69,150,160,1,380,53,0,53,433
07/21/2000,CAE,SC,ASO,ES,Towers with Radar,54,156,71,25,306,0,2,37,0,39,54,158,108,25,345,52,44,96,441
07/22/2000,CAE,SC,ASO,ES,Towers with Radar,40,80,43,1,164,0,0,50,5,55,40,80,93,6,219,134,4,138,357
07/23/2000,CAE,SC,ASO,ES,Towers with Radar,28,68,54,2,152,0,0,15,1,16,28,68,69,3,168,88,0,88,256
07/24/2000,CAE,SC,ASO,ES,Towers with Radar,40,114,61,2,217,0,0,22,2,24,40,114,83,4,241,119,0,119,360
07/25/2000,CAE,SC,ASO,ES,Towers with Radar,69,141,74,15,299,0,0,2,0,2,69,141,76,15,301,64,32,96,397
07/26/2000,CAE,SC,ASO,ES,Towers with Radar,74,143,97,3,317,0,1,22,3,26,74,144,119,6,343,44,0,44,387
07/27/2000,CAE,SC,ASO,ES,Towers with Radar,68,171,70,4,313,0,0,96,0,96,68,171,166,4,409,103,0,103,512
07/28/2000,CAE,SC,ASO,ES,Towers with Radar,56,142,55,4,257,0,0,32,7,39,56,142,87,11,296,4,0,4,300
07/29/2000,CAE,SC,ASO,ES,Towers with Radar,39,87,39,4,169,0,0,63,1,64,39,87,102,5,233,102,0,102,335
07/30/2000,CAE,SC,ASO,ES,Towers with Radar,28,70,30,4,132,0,0,32,2,34,28,70,62,6,166,44,4,48,214
07/31/2000,CAE,SC,ASO,ES,Towers with Radar,30,107,57,5,199,0,0,22,0,22,30,107,79,5,221,77,0,77,298
08/01/2000,CAE,SC,ASO,ES,Towers with Radar,73,134,66,5,278,1,0,8,0,9,74,134,74,5,287,30,0,30,317
08/02/2000,CAE,SC,ASO,ES,Towers with Radar,65,123,73,7,268,1,0,25,2,28,66,123,98,9,296,46,0,46,342
08/03/2000,CAE,SC,ASO,ES,Towers with Radar,64,147,68,3,282,1,0,19,0,20,65,147,87,3,302,82,4,86,388
08/04/2000,CAE,SC,ASO,ES,Towers with Radar,68,143,65,13,289,1,0,21,3,25,69,143,86,16,314,53,18,71,385
08/05/2000,CAE,SC,ASO,ES,Towers with Radar,30,77,40,5,152,1,0,47,0,48,31,77,87,5,200,86,6,92,292
08/06/2000,CAE,SC,ASO,ES,Towers with Radar,38,72,43,4,157,0,0,69,4,73,38,72,112,8,230,69,0,69,299
08/07/2000,CAE,SC,ASO,ES,Towers with Radar,31,119,54,8,212,1,6,55,1,63,32,125,109,9,275,108,2,110,385
08/08/2000,CAE,SC,ASO,ES,Towers with Radar,76,152,84,4,316,1,5,85,0,91,77,157,169,4,407,108,0,108,515
08/09/2000,CAE,SC,ASO,ES,Towers with Radar,71,161,78,7,317,1,4,80,1,86,72,165,158,8,403,76,6,82,485
08/10/2000,CAE,SC,ASO,ES,Towers with Radar,69,156,76,4,305,1,3,64,1,69,70,159,140,5,374,76,0,76,450
08/11/2000,CAE,SC,ASO,ES,Towers with Radar,63,140,67,11,281,1,0,47,2,50,64,140,114,13,331,52,4,56,387
08/12/2000,CAE,SC,ASO,ES,Towers with Radar,36,84,39,0,159,1,0,73,1,75,37,84,112,1,234,24,0,24,258
08/13/2000,CAE,SC,ASO,ES,Towers with Radar,22,68,34,9,133,1,0,60,0,61,23,68,94,9,194,66,6,72,266
08/14/2000,CAE,SC,ASO,ES,Towers with Radar,28,117,47,4,196,1,1,47,4,53,29,118,94,8,249,119,4,123,372
08/15/2000,CAE,SC,ASO,ES,Towers with Radar,67,136,65,1,269,0,4,78,2,84,67,140,143,3,353,81,0,81,434
08/16/2000,CAE,SC,ASO,ES,Towers with Radar,69,143,72,7,291,5,0,74,7,86,74,143,146,14,377,140,12,152,529
08/17/2000,CAE,SC,ASO,ES,Towers with Radar,75,152,71,21,319,0,4,51,1,56,75,156,122,22,375,109,42,151,526
08/18/2000,CAE,SC,ASO,ES,Towers with Radar,58,135,63,4,260,0,16,46,0,62,58,151,109,4,322,70,1,71,393
08/19/2000,CAE,SC,ASO,ES,Towers with Radar,38,85,41,0,164,0,1,56,0,57,38,86,97,0,221,130,0,130,351
08/20/2000,CAE,SC,ASO,ES,Towers with Radar,20,74,35,3,132,0,3,35,2,40,20,77,70,5,172,78,0,78,250
08/21/2000,CAE,SC,ASO,ES,Towers with Radar,30,112,56,13,211,0,1,37,0,38,30,113,93,13,249,113,18,131,380
08/22/2000,CAE,SC,ASO,ES,Towers with Radar,70,143,69,11,293,0,1,85,5,91,70,144,154,16,384,87,16,103,487
08/23/2000,CAE,SC,ASO,ES,Towers with Radar,72,137,61,0,270,0,1,58,0,59,72,138,119,0,329,84,0,84,413
08/24/2000,CAE,SC,ASO,ES,Towers with Radar,63,135,46,5,249,0,2,51,3,56,63,137,97,8,305,72,2,74,379
08/25/2000,CAE,SC,ASO,ES,Towers with Radar,61,141,54,5,261,0,1,34,1,36,61,142,88,6,297,6,4,10,307
08/26/2000,CAE,SC,ASO,ES,Towers with Radar,34,79,32,0,145,0,1,39,4,44,34,80,71,4,189,92,0,92,281
08/27/2000,CAE,SC,ASO,ES,Towers with Radar,27,72,26,2,127,0,1,18,11,30,27,73,44,13,157,130,10,140,297
08/28/2000,CAE,SC,ASO,ES,Towers with Radar,28,107,67,16,218,0,3,35,3,41,28,110,102,19,259,110,22,132,391
08/29/2000,CAE,SC,ASO,ES,Towers with Radar,71,140,70,7,288,0,1,29,2,32,71,141,99,9,320,73,24,97,417
08/30/2000,CAE,SC,ASO,ES,Towers with Radar,71,137,63,2,273,0,2,21,6,29,71,139,84,8,302,76,4,80,382
08/31/2000,CAE,SC,ASO,ES,Towers with Radar,71,147,64,2,284,0,1,14,2,17,71,148,78,4,301,25,0,25,326
09/01/2000,CAE,SC,ASO,ES,Towers with Radar,65,145,56,2,268,0,0,36,0,36,65,145,92,2,304,120,0,120,424
09/02/2000,CAE,SC,ASO,ES,Towers with Radar,36,75,44,1,156,0,0,6,1,7,36,75,50,2,163,69,0,69,232
09/03/2000,CAE,SC,ASO,ES,Towers with Radar,29,62,28,2,121,3,1,2,0,6,32,63,30,2,127,36,0,36,163
09/04/2000,CAE,SC,ASO,ES,Towers with Radar,25,73,25,0,123,0,1,20,0,21,25,74,45,0,144,28,0,28,172
09/05/2000,CAE,SC,ASO,ES,Towers with Radar,29,141,60,6,236,0,0,4,1,5,29,141,64,7,241,44,0,44,285
09/06/2000,CAE,SC,ASO,ES,Towers with Radar,67,157,53,9,286,0,0,2,0,2,67,157,55,9,288,72,10,82,370
09/07/2000,CAE,SC,ASO,ES,Towers with Radar,75,148,81,23,327,0,0,24,0,24,75,148,105,23,351,50,36,86,437
09/08/2000,CAE,SC,ASO,ES,Towers with Radar,63,142,77,21,303,0,1,54,9,64,63,143,131,30,367,48,10,58,425
09/09/2000,CAE,SC,ASO,ES,Towers with Radar,28,66,42,4,140,0,0,107,0,107,28,66,149,4,247,92,6,98,345
09/10/2000,CAE,SC,ASO,ES,Towers with Radar,34,69,49,0,152,0,0,94,0,94,34,69,143,0,246,84,0,84,330
09/11/2000,CAE,SC,ASO,ES,Towers with Radar,29,111,82,3,225,0,0,53,1,54,29,111,135,4,279,74,2,76,355
09/12/2000,CAE,SC,ASO,ES,Towers with Radar,68,143,58,7,276,0,0,76,2,78,68,143,134,9,354,54,0,54,408
09/13/2000,CAE,SC,ASO,ES,Towers with Radar,76,140,69,8,293,0,3,52,4,59,76,143,121,12,352,38,0,38,390
09/14/2000,CAE,SC,ASO,ES,Towers with Radar,75,138,76,22,311,0,2,62,0,64,75,140,138,22,375,83,56,139,514
09/15/2000,CAE,SC,ASO,ES,Towers with Radar,62,138,60,10,270,0,2,58,1,61,62,140,118,11,331,78,0,78,409
09/16/2000,CAE,SC,ASO,ES,Towers with Radar,35,81,33,2,151,0,0,72,1,73,35,81,105,3,224,45,4,49,273
09/17/2000,CAE,SC,ASO,ES,Towers with Radar,27,69,37,5,138,0,0,71,1,72,27,69,108,6,210,108,2,110,320
09/18/2000,CAE,SC,ASO,ES,Towers with Radar,30,107,37,9,183,0,0,0,1,1,30,107,37,10,184,2,0,2,186
09/19/2000,CAE,SC,ASO,ES,Towers with Radar,74,128,61,15,278,0,4,40,5,49,74,132,101,20,327,38,24,62,389
09/20/2000,CAE,SC,ASO,ES,Towers with Radar,64,144,69,10,287,10,6,25,11,52,74,150,94,21,339,78,4,82,421
09/21/2000,CAE,SC,ASO,ES,Towers with Radar,67,144,83,11,305,0,1,42,2,45,67,145,125,13,350,28,24,52,402
09/22/2000,CAE,SC,ASO,ES,Towers with Radar,54,120,58,4,236,9,18,5,0,32,63,138,63,4,268,34,0,34,302
09/23/2000,CAE,SC,ASO,ES,Towers with Radar,36,69,28,0,133,0,0,8,0,8,36,69,36,0,141,10,0,10,151
09/24/2000,CAE,SC,ASO,ES,Towers with Radar,30,79,34,6,149,0,0,71,1,72,30,79,105,7,221,61,0,61,282
09/25/2000,CAE,SC,ASO,ES,Towers with Radar,36,128,42,9,215,0,1,26,0,27,36,129,68,9,242,88,2,90,332
09/26/2000,CAE,SC,ASO,ES,Towers with Radar,66,147,70,10,293,7,12,52,3,74,73,159,122,13,367,179,6,185,552
09/27/2000,CAE,SC,ASO,ES,Towers with Radar,70,144,85,24,323,0,4,103,3,110,70,148,188,27,433,132,24,156,589
09/28/2000,CAE,SC,ASO,ES,Towers with Radar,74,134,73,10,291,0,5,90,0,95,74,139,163,10,386,122,10,132,518
09/29/2000,CAE,SC,ASO,ES,Towers with Radar,63,131,44,3,241,0,2,59,0,61,63,133,103,3,302,71,2,73,375
09/30/2000,CAE,SC,ASO,ES,Towers with Radar,34,75,40,2,151,0,0,51,0,51,34,75,91,2,202,146,4,150,352
10/01/2000,CAE,SC,ASO,ES,Towers with Radar,30,73,58,2,163,1,1,63,0,65,31,74,121,2,228,196,0,196,424
10/02/2000,CAE,SC,ASO,ES,Towers with Radar,32,101,47,4,184,0,7,49,1,57,32,108,96,5,241,104,0,104,345
10/03/2000,CAE,SC,ASO,ES,Towers with Radar,73,144,72,8,297,0,3,57,0,60,73,147,129,8,357,110,4,114,471
10/04/2000,CAE,SC,ASO,ES,Towers with Radar,66,137,90,8,301,1,1,44,4,50,67,138,134,12,351,93,16,109,460
10/05/2000,CAE,SC,ASO,ES,Towers with Radar,64,141,67,6,278,8,0,60,3,71,72,141,127,9,349,68,4,72,421
10/06/2000,CAE,SC,ASO,ES,Towers with Radar,58,134,55,5,252,1,3,50,3,57,59,137,105,8,309,38,2,40,349
10/07/2000,CAE,SC,ASO,ES,Towers with Radar,31,77,35,0,143,0,1,61,2,64,31,78,96,2,207,72,0,72,279
10/08/2000,CAE,SC,ASO,ES,Towers with Radar,25,73,37,0,135,1,1,43,0,45,26,74,80,0,180,62,0,62,242
10/09/2000,CAE,SC,ASO,ES,Towers with Radar,27,76,35,0,138,0,19,22,0,41,27,95,57,0,179,32,0,32,211
10/10/2000,CAE,SC,ASO,ES,Towers with Radar,69,129,72,17,287,1,2,65,2,70,70,131,137,19,357,28,27,55,412
10/11/2000,CAE,SC,ASO,ES,Towers with Radar,71,150,63,10,294,1,2,65,8,76,72,152,128,18,370,90,8,98,468
10/12/2000,CAE,SC,ASO,ES,Towers with Radar,69,138,46,1,254,1,4,61,0,66,70,142,107,1,320,42,2,44,364
10/13/2000,CAE,SC,ASO,ES,Towers with Radar,67,140,73,2,282,0,2,95,9,106,67,142,168,11,388,66,0,66,454
10/14/2000,CAE,SC,ASO,ES,Towers with Radar,35,80,56,1,172,3,2,66,1,72,38,82,122,2,244,92,0,92,336
10/15/2000,CAE,SC,ASO,ES,Towers with Radar,25,80,38,4,147,1,3,85,1,90,26,83,123,5,237,112,6,118,355
10/16/2000,CAE,SC,ASO,ES,Towers with Radar,26,105,51,5,187,1,1,45,1,48,27,106,96,6,235,30,2,32,267
10/17/2000,CAE,SC,ASO,ES,Towers with Radar,69,140,46,11,266,1,2,53,1,57,70,142,99,12,323,58,8,66,389
10/18/2000,CAE,SC,ASO,ES,Towers with Radar,76,146,69,4,295,0,1,47,1,49,76,147,116,5,344,60,22,82,426
10/19/2000,CAE,SC,ASO,ES,Towers with Radar,71,142,56,2,271,1,1,61,0,63,72,143,117,2,334,38,0,38,372
10/20/2000,CAE,SC,ASO,ES,Towers with Radar,61,146,64,5,276,1,6,69,0,76,62,152,133,5,352,97,4,101,453
10/21/2000,CAE,SC,ASO,ES,Towers with Radar,29,78,41,4,152,1,0,58,0,59,30,78,99,4,211,116,4,120,331
10/22/2000,CAE,SC,ASO,ES,Towers with Radar,27,78,43,1,149,0,0,54,1,55,27,78,97,2,204,84,0,84,288
10/23/2000,CAE,SC,ASO,ES,Towers with Radar,28,115,34,4,181,1,0,42,0,43,29,115,76,4,224,62,2,64,288
10/24/2000,CAE,SC,ASO,ES,Towers with Radar,79,134,46,9,268,1,2,47,0,50,80,136,93,9,318,94,9,103,421
10/25/2000,CAE,SC,ASO,ES,Towers with Radar,68,144,88,11,311,1,3,31,7,42,69,147,119,18,353,85,4,89,442
10/26/2000,CAE,SC,ASO,ES,Towers with Radar,66,146,77,13,302,1,0,67,5,73,67,146,144,18,375,98,22,120,495
10/27/2000,CAE,SC,ASO,ES,Towers with Radar,61,150,42,6,259,0,3,59,1,63,61,153,101,7,322,55,52,107,429
10/28/2000,CAE,SC,ASO,ES,Towers with Radar,35,82,43,4,164,0,0,64,3,67,35,82,107,7,231,100,0,100,331
10/29/2000,CAE,SC,ASO,ES,Towers with Radar,23,80,36,2,141,1,0,56,0,57,24,80,92,2,198,128,0,128,326
10/30/2000,CAE,SC,ASO,ES,Towers with Radar,28,116,38,7,189,1,2,49,0,52,29,118,87,7,241,38,12,50,291
10/31/2000,CAE,SC,ASO,ES,Towers with Radar,71,139,41,8,259,1,2,52,5,60,72,141,93,13,319,50,0,50,369
11/01/2000,CAE,SC,ASO,ES,Towers with Radar,69,139,56,15,279,1,1,61,1,64,70,140,117,16,343,101,62,163,506
11/02/2000,CAE,SC,ASO,ES,Towers with Radar,65,150,56,14,285,1,7,77,4,89,66,157,133,18,374,65,6,71,445
11/03/2000,CAE,SC,ASO,ES,Towers with Radar,59,131,78,16,284,1,3,52,8,64,60,134,130,24,348,53,12,65,413
11/04/2000,CAE,SC,ASO,ES,Towers with Radar,32,76,57,0,165,1,1,13,2,17,33,77,70,2,182,66,0,66,248
11/05/2000,CAE,SC,ASO,ES,Towers with Radar,28,60,38,6,132,0,0,47,13,60,28,60,85,19,192,40,8,48,240
11/06/2000,CAE,SC,ASO,ES,Towers with Radar,26,110,67,15,218,1,1,25,1,28,27,111,92,16,246,62,18,80,326
11/07/2000,CAE,SC,ASO,ES,Towers with Radar,73,145,45,17,280,1,1,11,4,17,74,146,56,21,297,92,24,116,413
11/08/2000,CAE,SC,ASO,ES,Towers with Radar,75,140,79,5,299,1,1,52,0,54,76,141,131,5,353,36,6,42,395
11/09/2000,CAE,SC,ASO,ES,Towers with Radar,70,144,56,5,275,1,1,11,0,13,71,145,67,5,288,34,8,42,330
11/10/2000,CAE,SC,ASO,ES,Towers with Radar,64,143,56,3,266,1,1,56,3,61,65,144,112,6,327,131,0,131,458
11/11/2000,CAE,SC,ASO,ES,Towers with Radar,37,74,32,4,147,1,1,108,4,114,38,75,140,8,261,40,2,42,303
11/12/2000,CAE,SC,ASO,ES,Towers with Radar,24,70,39,3,136,0,0,91,0,91,24,70,130,3,227,32,0,32,259
11/13/2000,CAE,SC,ASO,ES,Towers with Radar,22,109,65,16,212,1,1,48,1,51,23,110,113,17,263,66,34,100,363
11/14/2000,CAE,SC,ASO,ES,Towers with Radar,68,148,61,20,297,1,1,35,0,37,69,149,96,20,334,28,44,72,406
11/15/2000,CAE,SC,ASO,ES,Towers with Radar,68,138,52,5,263,1,5,72,0,78,69,143,124,5,341,104,6,110,451
11/16/2000,CAE,SC,ASO,ES,Towers with Radar,68,147,61,11,287,1,3,46,1,51,69,150,107,12,338,32,0,32,370
11/17/2000,CAE,SC,ASO,ES,Towers with Radar,59,136,70,12,277,1,3,12,0,16,60,139,82,12,293,69,0,69,362
11/18/2000,CAE,SC,ASO,ES,Towers with Radar,29,78,48,6,161,1,1,53,3,58,30,79,101,9,219,130,0,130,349
11/19/2000,CAE,SC,ASO,ES,Towers with Radar,24,80,39,7,150,0,1,5,7,13,24,81,44,14,163,28,0,28,191
11/20/2000,CAE,SC,ASO,ES,Towers with Radar,29,103,75,16,223,1,5,52,5,63,30,108,127,21,286,104,28,132,418
11/21/2000,CAE,SC,ASO,ES,Towers with Radar,72,134,41,23,270,1,4,55,0,60,73,138,96,23,330,74,38,112,442
11/22/2000,CAE,SC,ASO,ES,Towers with Radar,80,146,78,4,308,1,2,78,0,81,81,148,156,4,389,103,4,107,496
11/23/2000,CAE,SC,ASO,ES,Towers with Radar,33,81,36,0,150,1,1,32,0,34,34,82,68,0,184,28,0,28,212
11/24/2000,CAE,SC,ASO,ES,Towers with Radar,18,93,44,0,155,1,2,64,0,67,19,95,108,0,222,113,0,113,335
11/25/2000,CAE,SC,ASO,ES,Towers with Radar,23,72,53,0,148,1,1,1,0,3,24,73,54,0,151,26,0,26,177
11/26/2000,CAE,SC,ASO,ES,Towers with Radar,24,74,62,0,160,1,1,35,0,37,25,75,97,0,197,76,0,76,273
11/27/2000,CAE,SC,ASO,ES,Towers with Radar,22,114,54,25,215,1,2,51,1,55,23,116,105,26,270,34,46,80,350
11/28/2000,CAE,SC,ASO,ES,Towers with Radar,77,144,70,12,303,1,0,73,3,77,78,144,143,15,380,66,16,82,462
11/29/2000,CAE,SC,ASO,ES,Towers with Radar,78,152,51,14,295,0,1,38,2,41,78,153,89,16,336,74,10,84,420
11/30/2000,CAE,SC,ASO,ES,Towers with Radar,84,140,64,10,298,0,3,64,0,67,84,143,128,10,365,82,24,106,471
12/01/2000,CAE,SC,ASO,ES,Towers with Radar,62,151,70,17,300,3,0,67,1,71,65,151,137,18,371,16,18,34,405
12/02/2000,CAE,SC,ASO,ES,Towers with Radar,25,83,35,3,146,3,0,38,0,41,28,83,73,3,187,112,2,114,301
12/03/2000,CAE,SC,ASO,ES,Towers with Radar,18,72,18,2,110,3,0,5,0,8,21,72,23,2,118,65,0,65,183
12/04/2000,CAE,SC,ASO,ES,Towers with Radar,24,113,73,20,230,2,1,54,1,58,26,114,127,21,288,56,14,70,358
12/05/2000,CAE,SC,ASO,ES,Towers with Radar,80,147,44,6,277,2,2,41,2,47,82,149,85,8,324,70,0,70,394
12/06/2000,CAE,SC,ASO,ES,Towers with Radar,77,148,54,17,296,2,3,73,1,79,79,151,127,18,375,136,40,176,551
12/07/2000,CAE,SC,ASO,ES,Towers with Radar,78,152,61,14,305,2,3,71,0,76,80,155,132,14,381,75,26,101,482
12/08/2000,CAE,SC,ASO,ES,Towers with Radar,58,152,51,18,279,0,2,78,0,80,58,154,129,18,359,48,16,64,423
12/09/2000,CAE,SC,ASO,ES,Towers with Radar,26,80,30,4,140,2,1,62,0,65,28,81,92,4,205,98,0,98,303
12/10/2000,CAE,SC,ASO,ES,Towers with Radar,26,82,36,4,148,0,0,0,0,0,26,82,36,4,148,34,0,34,182
12/11/2000,CAE,SC,ASO,ES,Towers with Radar,38,109,52,8,207,0,0,17,16,33,38,109,69,24,240,34,34,68,308
12/12/2000,CAE,SC,ASO,ES,Towers with Radar,89,135,101,7,332,0,3,64,0,67,89,138,165,7,399,128,12,140,539
12/13/2000,CAE,SC,ASO,ES,Towers with Radar,81,137,69,28,315,2,1,15,0,18,83,138,84,28,333,38,30,68,401
12/14/2000,CAE,SC,ASO,ES,Towers with Radar,88,115,56,4,263,2,1,0,0,3,90,116,56,4,266,4,0,4,270
12/15/2000,CAE,SC,ASO,ES,Towers with Radar,67,144,67,10,288,2,1,16,1,20,69,145,83,11,308,16,4,20,328
12/16/2000,CAE,SC,ASO,ES,Towers with Radar,22,56,9,0,87,2,1,0,0,3,24,57,9,0,90,0,0,0,90
12/17/2000,CAE,SC,ASO,ES,Towers with Radar,29,65,20,1,115,2,1,8,0,11,31,66,28,1,126,30,0,30,156
12/18/2000,CAE,SC,ASO,ES,Towers with Radar,48,117,63,16,244,2,1,81,10,94,50,118,144,26,338,92,63,155,493
12/19/2000,CAE,SC,ASO,ES,Towers with Radar,90,138,39,8,275,2,1,3,0,6,92,139,42,8,281,16,14,30,311
12/20/2000,CAE,SC,ASO,ES,Towers with Radar,99,156,60,18,333,2,3,76,2,83,101,159,136,20,416,45,26,71,487
12/21/2000,CAE,SC,ASO,ES,Towers with Radar,84,136,65,10,295,2,1,65,4,72,86,137,130,14,367,84,18,102,469
12/22/2000,CAE,SC,ASO,ES,Towers with Radar,90,146,58,5,299,2,5,44,0,51,92,151,102,5,350,55,4,59,409
12/23/2000,CAE,SC,ASO,ES,Towers with Radar,63,86,50,0,199,2,2,76,0,80,65,88,126,0,279,67,0,67,346
12/24/2000,CAE,SC,ASO,ES,Towers with Radar,17,60,10,0,87,2,1,28,0,31,19,61,38,0,118,24,0,24,142
12/25/2000,CAE,SC,ASO,ES,Towers with Radar,17,52,14,0,83,0,0,23,0,23,17,52,37,0,106,18,0,18,124
12/26/2000,CAE,SC,ASO,ES,Towers with Radar,22,112,63,2,199,2,3,61,2,68,24,115,124,4,267,60,6,66,333
12/27/2000,CAE,SC,ASO,ES,Towers with Radar,43,143,50,6,242,2,0,5,0,7,45,143,55,6,249,34,2,36,285
12/28/2000,CAE,SC,ASO,ES,Towers with Radar,62,144,57,11,274,2,3,13,0,18,64,147,70,11,292,34,16,50,342
12/29/2000,CAE,SC,ASO,ES,Towers with Radar,55,138,38,0,231,2,3,48,0,53,57,141,86,0,284,57,0,57,341
12/30/2000,CAE,SC,ASO,ES,Towers with Radar,31,75,34,0,140,0,0,69,0,69,31,75,103,0,209,51,0,51,260
12/31/2000,CAE,SC,ASO,ES,Towers with Radar,22,55,17,0,94,2,0,53,0,55,24,55,70,0,149,66,0,66,215
01/01/2001,CAE,SC,ASO,ES,Towers with Radar,22,65,31,0,118,0,0,46,0,46,22,65,77,0,164,2,0,2,166
01/02/2001,CAE,SC,ASO,ES,Towers with Radar,35,118,53,4,210,0,2,43,1,46,35,120,96,5,256,54,22,76,332
01/03/2001,CAE,SC,ASO,ES,Towers with Radar,63,154,44,7,268,0,1,61,2,64,63,155,105,9,332,66,14,80,412
01/04/2001,CAE,SC,ASO,ES,Towers with Radar,61,145,29,4,239,0,0,37,1,38,61,145,66,5,277,86,0,86,363
01/05/2001,CAE,SC,ASO,ES,Towers with Radar,51,140,48,3,242,0,0,55,4,59,51,140,103,7,301,43,0,43,344
01/06/2001,CAE,SC,ASO,ES,Towers with Radar,38,89,48,1,176,0,0,89,1,90,38,89,137,2,266,118,0,118,384
01/07/2001,CAE,SC,ASO,ES,Towers with Radar,22,89,34,2,147,0,0,86,1,87,22,89,120,3,234,78,0,78,312
01/08/2001,CAE,SC,ASO,ES,Towers with Radar,28,113,49,6,196,0,0,5,0,5,28,113,54,6,201,6,14,20,221
01/09/2001,CAE,SC,ASO,ES,Towers with Radar,67,162,49,2,280,0,3,21,7,31,67,165,70,9,311,54,0,54,365
01/10/2001,CAE,SC,ASO,ES,Towers with Radar,69,143,55,16,283,0,2,74,2,78,69,145,129,18,361,123,32,155,516
01/11/2001,CAE,SC,ASO,ES,Towers with Radar,61,158,59,18,296,0,0,76,3,79,61,158,135,21,375,50,27,77,452
01/12/2001,CAE,SC,ASO,ES,Towers with Radar,51,160,40,0,251,0,0,2,0,2,51,160,42,0,253,2,0,2,255
01/13/2001,CAE,SC,ASO,ES,Towers with Radar,28,80,30,3,141,0,6,75,0,81,28,86,105,3,222,68,0,68,290
01/14/2001,CAE,SC,ASO,ES,Towers with Radar,24,83,58,7,172,0,0,37,0,37,24,83,95,7,209,80,4,84,293
01/15/2001,CAE,SC,ASO,ES,Towers with Radar,25,96,57,14,192,0,2,49,3,54,25,98,106,17,246,104,26,130,376
01/16/2001,CAE,SC,ASO,ES,Towers with Radar,49,144,71,19,283,0,1,41,2,44,49,145,112,21,327,62,28,90,417
01/17/2001,CAE,SC,ASO,ES,Towers with Radar,64,154,54,0,272,0,3,18,0,21,64,157,72,0,293,37,0,37,330
01/18/2001,CAE,SC,ASO,ES,Towers with Radar,80,150,95,21,346,0,0,7,1,8,80,150,102,22,354,38,20,58,412
01/19/2001,CAE,SC,ASO,ES,Towers with Radar,53,157,61,7,278,0,0,10,0,10,53,157,71,7,288,29,6,35,323
01/20/2001,CAE,SC,ASO,ES,Towers with Radar,35,85,36,2,158,0,0,15,3,18,35,85,51,5,176,30,2,32,208
01/21/2001,CAE,SC,ASO,ES,Towers with Radar,25,78,45,2,150,0,0,91,0,91,25,78,136,2,241,85,0,85,326
01/22/2001,CAE,SC,ASO,ES,Towers with Radar,30,115,47,4,196,0,0,54,4,58,30,115,101,8,254,65,6,71,325
01/23/2001,CAE,SC,ASO,ES,Towers with Radar,53,145,57,9,264,14,4,59,8,85,67,149,116,17,349,44,4,48,397
01/24/2001,CAE,SC,ASO,ES,Towers with Radar,67,148,61,17,293,0,0,78,0,78,67,148,139,17,371,60,50,110,481
01/25/2001,CAE,SC,ASO,ES,Towers with Radar,68,144,71,18,301,0,3,64,2,69,68,147,135,20,370,25,28,53,423
01/26/2001,CAE,SC,ASO,ES,Towers with Radar,57,149,46,21,273,0,0,58,2,60,57,149,104,23,333,34,6,40,373
01/27/2001,CAE,SC,ASO,ES,Towers with Radar,26,94,32,1,153,0,1,54,4,59,26,95,86,5,212,86,0,86,298
01/28/2001,CAE,SC,ASO,ES,Towers with Radar,21,83,23,8,135,0,0,80,1,81,21,83,103,9,216,94,2,96,312
01/29/2001,CAE,SC,ASO,ES,Towers with Radar,22,121,31,12,186,0,0,59,1,60,22,121,90,13,246,106,6,112,358
01/30/2001,CAE,SC,ASO,ES,Towers with Radar,67,149,52,13,281,0,3,28,4,35,67,152,80,17,316,58,22,80,396
01/31/2001,CAE,SC,ASO,ES,Towers with Radar,34,179,47,8,268,0,3,60,0,63,34,182,107,8,331,74,6,80,411
02/01/2001,CAE,SC,ASO,ES,Towers with Radar,65,148,62,10,285,1,1,67,1,70,66,149,129,11,355,118,44,162,517
02/02/2001,CAE,SC,ASO,ES,Towers with Radar,54,147,68,9,278,9,2,43,10,64,63,149,111,19,342,132,0,132,474
02/03/2001,CAE,SC,ASO,ES,Towers with Radar,25,86,30,3,144,1,0,80,0,81,26,86,110,3,225,83,6,89,314
02/04/2001,CAE,SC,ASO,ES,Towers with Radar,23,79,40,9,151,1,0,23,1,25,24,79,63,10,176,102,18,120,296
02/05/2001,CAE,SC,ASO,ES,Towers with Radar,29,122,68,3,222,1,2,48,0,51,30,124,116,3,273,86,0,86,359
02/06/2001,CAE,SC,ASO,ES,Towers with Radar,48,131,60,4,243,20,13,89,0,122,68,144,149,4,365,118,8,126,491
02/07/2001,CAE,SC,ASO,ES,Towers with Radar,65,140,50,7,262,0,2,68,1,71,65,142,118,8,333,61,6,67,400
02/08/2001,CAE,SC,ASO,ES,Towers with Radar,67,143,63,13,286,1,3,85,0,89,68,146,148,13,375,126,20,146,521
02/09/2001,CAE,SC,ASO,ES,Towers with Radar,57,145,41,12,255,0,3,69,1,73,57,148,110,13,328,92,4,96,424
02/10/2001,CAE,SC,ASO,ES,Towers with Radar,27,89,58,5,179,1,1,82,0,84,28,90,140,5,263,170,0,170,433
02/11/2001,CAE,SC,ASO,ES,Towers with Radar,24,88,55,10,177,1,0,73,0,74,25,88,128,10,251,106,28,134,385
02/12/2001,CAE,SC,ASO,ES,Towers with Radar,22,100,55,5,182,1,0,3,1,5,23,100,58,6,187,24,8,32,219
02/13/2001,CAE,SC,ASO,ES,Towers with Radar,65,146,65,6,282,1,0,15,1,17,66,146,80,7,299,12,28,40,339
02/14/2001,CAE,SC,ASO,ES,Towers with Radar,66,182,55,13,316,1,0,10,0,11,67,182,65,13,327,8,34,42,369
02/15/2001,CAE,SC,ASO,ES,Towers with Radar,70,160,96,20,346,0,1,34,2,37,70,161,130,22,383,54,52,106,489
02/16/2001,CAE,SC,ASO,ES,Towers with Radar,44,155,78,13,290,1,1,27,1,30,45,156,105,14,320,105,18,123,443
02/17/2001,CAE,SC,ASO,ES,Towers with Radar,28,91,41,2,162,1,1,50,0,52,29,92,91,2,214,58,0,58,272
02/18/2001,CAE,SC,ASO,ES,Towers with Radar,20,88,53,6,167,1,0,74,1,76,21,88,127,7,243,160,0,160,403
02/19/2001,CAE,SC,ASO,ES,Towers with Radar,21,103,61,7,192,1,0,90,0,91,22,103,151,7,283,126,2,128,411
02/20/2001,CAE,SC,ASO,ES,Towers with Radar,45,128,73,2,248,1,0,67,2,70,46,128,140,4,318,106,16,122,440
02/21/2001,CAE,SC,ASO,ES,Towers with Radar,61,153,85,9,308,0,0,48,3,51,61,153,133,12,359,136,2,138,497
02/22/2001,CAE,SC,ASO,ES,Towers with Radar,67,125,56,2,250,0,0,1,0,1,67,125,57,2,251,58,0,58,309
02/23/2001,CAE,SC,ASO,ES,Towers with Radar,54,141,71,11,277,0,1,46,3,50,54,142,117,14,327,67,16,83,410
02/24/2001,CAE,SC,ASO,ES,Towers with Radar,26,87,36,3,152,0,0,100,0,100,26,87,136,3,252,172,0,172,424
02/25/2001,CAE,SC,ASO,ES,Towers with Radar,22,80,19,1,122,0,0,5,2,7,22,80,24,3,129,89,0,89,218
02/26/2001,CAE,SC,ASO,ES,Towers with Radar,23,114,59,18,214,0,4,84,1,89,23,118,143,19,303,84,74,158,461
02/27/2001,CAE,SC,ASO,ES,Towers with Radar,63,161,74,11,309,0,5,62,0,67,63,166,136,11,376,80,16,96,472
02/28/2001,CAE,SC,ASO,ES,Towers with Radar,66,139,58,11,274,0,3,24,1,28,66,142,82,12,302,38,34,72,374
03/01/2001,CAE,SC,ASO,ES,Towers with Radar,63,144,54,13,274,2,2,60,3,67,65,146,114,16,341,60,0,60,401
03/02/2001,CAE,SC,ASO,ES,Towers with Radar,50,151,30,11,242,0,3,42,8,53,50,154,72,19,295,53,18,71,366
03/03/2001,CAE,SC,ASO,ES,Towers with Radar,28,79,39,1,147,0,2,6,3,11,28,81,45,4,158,40,0,40,198
03/04/2001,CAE,SC,ASO,ES,Towers with Radar,26,75,22,1,124,0,0,12,4,16,26,75,34,5,140,40,0,40,180
03/05/2001,CAE,SC,ASO,ES,Towers with Radar,25,102,43,4,174,0,2,44,5,51,25,104,87,9,225,86,5,91,316
03/06/2001,CAE,SC,ASO,ES,Towers with Radar,63,142,56,2,263,0,0,20,2,22,63,142,76,4,285,19,0,19,304
03/07/2001,CAE,SC,ASO,ES,Towers with Radar,70,148,78,10,306,0,1,78,2,81,70,149,156,12,387,104,46,150,537
03/08/2001,CAE,SC,ASO,ES,Towers with Radar,72,144,60,6,282,0,2,81,6,89,72,146,141,12,371,88,4,92,463
03/09/2001,CAE,SC,ASO,ES,Towers with Radar,50,143,63,1,257,1,1,64,5,71,51,144,127,6,328,95,0,95,423
03/10/2001,CAE,SC,ASO,ES,Towers with Radar,27,93,46,10,176,1,0,98,3,102,28,93,144,13,278,74,12,86,364
03/11/2001,CAE,SC,ASO,ES,Towers with Radar,19,75,39,2,135,1,0,71,1,73,20,75,110,3,208,112,0,112,320
03/12/2001,CAE,SC,ASO,ES,Towers with Radar,24,112,54,1,191,0,22,22,0,44,24,134,76,1,235,100,0,100,335
03/13/2001,CAE,SC,ASO,ES,Towers with Radar,62,146,56,6,270,1,1,32,2,36,63,147,88,8,306,99,22,121,427
03/14/2001,CAE,SC,ASO,ES,Towers with Radar,61,148,72,12,293,1,1,80,7,89,62,149,152,19,382,132,66,198,580
03/15/2001,CAE,SC,ASO,ES,Towers with Radar,52,138,67,3,260,4,8,4,0,16,56,146,71,3,276,112,20,132,408
03/16/2001,CAE,SC,ASO,ES,Towers with Radar,55,138,57,24,274,1,0,38,3,42,56,138,95,27,316,76,20,96,412
03/17/2001,CAE,SC,ASO,ES,Towers with Radar,27,90,46,2,165,1,0,83,0,84,28,90,129,2,249,189,0,189,438
03/18/2001,CAE,SC,ASO,ES,Towers with Radar,20,80,44,0,144,1,0,94,1,96,21,80,138,1,240,212,0,212,452
03/19/2001,CAE,SC,ASO,ES,Towers with Radar,25,112,54,3,194,0,4,58,0,62,25,116,112,3,256,58,2,60,316
03/20/2001,CAE,SC,ASO,ES,Towers with Radar,59,154,30,2,245,1,0,0,0,1,60,154,30,2,246,13,2,15,261
03/21/2001,CAE,SC,ASO,ES,Towers with Radar,65,145,87,10,307,1,0,6,0,7,66,145,93,10,314,28,16,44,358
03/22/2001,CAE,SC,ASO,ES,Towers with Radar,78,143,80,8,309,1,1,51,4,57,79,144,131,12,366,154,0,154,520
03/23/2001,CAE,SC,ASO,ES,Towers with Radar,51,148,98,8,305,1,0,79,4,84,52,148,177,12,389,122,18,140,529
03/24/2001,CAE,SC,ASO,ES,Towers with Radar,25,79,38,1,143,0,0,84,0,84,25,79,122,1,227,162,2,164,391
03/25/2001,CAE,SC,ASO,ES,Towers with Radar,19,86,67,1,173,1,0,46,0,47,20,86,113,1,220,193,0,193,413
03/26/2001,CAE,SC,ASO,ES,Towers with Radar,21,98,78,12,209,1,1,69,3,74,22,99,147,15,283,148,18,166,449
03/27/2001,CAE,SC,ASO,ES,Towers with Radar,54,144,71,4,273,13,1,93,0,107,67,145,164,4,380,190,0,190,570
03/28/2001,CAE,SC,ASO,ES,Towers with Radar,53,131,69,6,259,7,0,71,0,78,60,131,140,6,337,195,0,195,532
03/29/2001,CAE,SC,ASO,ES,Towers with Radar,62,123,67,2,254,1,1,0,0,2,63,124,67,2,256,6,0,6,262
03/30/2001,CAE,SC,ASO,ES,Towers with Radar,52,128,74,8,262,1,2,39,3,45,53,130,113,11,307,196,63,259,566
03/31/2001,CAE,SC,ASO,ES,Towers with Radar,31,83,42,3,159,0,0,35,0,35,31,83,77,3,194,196,0,196,390
04/01/2001,CAE,SC,ASO,ES,Towers with Radar,27,69,41,1,138,1,0,26,1,28,28,69,67,2,166,124,0,124,290
04/02/2001,CAE,SC,ASO,ES,Towers with Radar,27,109,73,13,222,0,2,58,2,62,27,111,131,15,284,122,20,142,426
04/03/2001,CAE,SC,ASO,ES,Towers with Radar,62,131,56,22,271,0,3,15,2,20,62,134,71,24,291,96,40,136,427
04/04/2001,CAE,SC,ASO,ES,Towers with Radar,62,138,77,12,289,0,1,59,1,61,62,139,136,13,350,98,22,120,470
04/05/2001,CAE,SC,ASO,ES,Towers with Radar,66,135,84,4,289,0,0,53,2,55,66,135,137,6,344,197,0,197,541
04/06/2001,CAE,SC,ASO,ES,Towers with Radar,54,142,112,13,321,0,0,67,2,69,54,142,179,15,390,166,16,182,572
04/07/2001,CAE,SC,ASO,ES,Towers with Radar,24,73,66,1,164,0,0,90,0,90,24,73,156,1,254,199,0,199,453
04/08/2001,CAE,SC,ASO,ES,Towers with Radar,25,72,45,2,144,0,0,44,4,48,25,72,89,6,192,76,0,76,268
04/09/2001,CAE,SC,ASO,ES,Towers with Radar,27,103,74,5,209,0,0,70,2,72,27,103,144,7,281,152,0,152,433
04/10/2001,CAE,SC,ASO,ES,Towers with Radar,66,120,77,9,272,0,3,53,4,60,66,123,130,13,332,60,24,84,416
04/11/2001,CAE,SC,ASO,ES,Towers with Radar,60,139,86,20,305,1,2,43,0,46,61,141,129,20,351,154,46,200,551
04/12/2001,CAE,SC,ASO,ES,Towers with Radar,63,130,79,6,278,1,4,52,5,62,64,134,131,11,340,108,26,134,474
04/13/2001,CAE,SC,ASO,ES,Towers with Radar,59,126,59,3,247,0,5,33,0,38,59,131,92,3,285,108,2,110,395
04/14/2001,CAE,SC,ASO,ES,Towers with Radar,24,73,33,2,132,0,2,54,0,56,24,75,87,2,188,196,0,196,384
04/15/2001,CAE,SC,ASO,ES,Towers with Radar,26,66,41,4,137,0,1,13,0,14,26,67,54,4,151,36,0,36,187
04/16/2001,CAE,SC,ASO,ES,Towers with Radar,24,106,88,6,224,0,4,74,3,81,24,110,162,9,305,69,0,69,374
04/17/2001,CAE,SC,ASO,ES,Towers with Radar,59,122,47,8,236,0,4,33,1,38,59,126,80,9,274,102,10,112,386
04/18/2001,CAE,SC,ASO,ES,Towers with Radar,46,112,67,9,234,13,14,68,12,107,59,126,135,21,341,43,64,107,448
04/19/2001,CAE,SC,ASO,ES,Towers with Radar,62,134,95,10,301,0,6,69,2,77,62,140,164,12,378,51,27,78,456
04/20/2001,CAE,SC,ASO,ES,Towers with Radar,50,121,72,8,251,4,10,86,0,100,54,131,158,8,351,34,0,34,385
04/21/2001,CAE,SC,ASO,ES,Towers with Radar,28,75,42,3,148,0,2,67,3,72,28,77,109,6,220,52,0,52,272
04/22/2001,CAE,SC,ASO,ES,Towers with Radar,21,79,45,12,157,0,7,58,6,71,21,86,103,18,228,104,0,104,332
04/23/2001,CAE,SC,ASO,ES,Towers with Radar,28,100,54,10,192,0,3,50,0,53,28,103,104,10,245,38,14,52,297
04/24/2001,CAE,SC,ASO,ES,Towers with Radar,59,126,82,10,277,0,5,45,0,50,59,131,127,10,327,62,0,62,389
04/25/2001,CAE,SC,ASO,ES,Towers with Radar,64,132,63,29,288,0,1,12,0,13,64,133,75,29,301,26,26,52,353
04/26/2001,CAE,SC,ASO,ES,Towers with Radar,63,127,67,13,270,0,6,59,1,66,63,133,126,14,336,35,10,45,381
04/27/2001,CAE,SC,ASO,ES,Towers with Radar,50,118,55,15,238,0,3,81,4,88,50,121,136,19,326,9,24,33,359
04/28/2001,CAE,SC,ASO,ES,Towers with Radar,24,68,35,0,127,0,1,83,0,84,24,69,118,0,211,130,0,130,341
04/29/2001,CAE,SC,ASO,ES,Towers with Radar,23,68,47,3,141,0,1,62,2,65,23,69,109,5,206,139,8,147,353
04/30/2001,CAE,SC,ASO,ES,Towers with Radar,27,96,61,6,190,0,2,68,4,74,27,98,129,10,264,82,0,82,346
05/01/2001,CAE,SC,ASO,ES,Towers with Radar,58,125,75,5,263,2,0,67,1,70,60,125,142,6,333,54,0,54,387
05/02/2001,CAE,SC,ASO,ES,Towers with Radar,58,117,80,8,263,2,2,75,0,79,60,119,155,8,342,89,2,91,433
05/03/2001,CAE,SC,ASO,ES,Towers with Radar,56,127,81,6,270,2,1,61,1,65,58,128,142,7,335,66,2,68,403
05/04/2001,CAE,SC,ASO,ES,Towers with Radar,45,117,69,16,247,2,0,70,0,72,47,117,139,16,319,42,12,54,373
05/05/2001,CAE,SC,ASO,ES,Towers with Radar,24,72,39,2,137,2,0,90,2,94,26,72,129,4,231,63,0,63,294
05/06/2001,CAE,SC,ASO,ES,Towers with Radar,23,64,49,9,145,2,0,68,0,70,25,64,117,9,215,44,0,44,259
05/07/2001,CAE,SC,ASO,ES,Towers with Radar,21,102,52,4,179,2,0,46,0,48,23,102,98,4,227,8,18,26,253
05/08/2001,CAE,SC,ASO,ES,Towers with Radar,59,123,89,11,282,2,2,67,0,71,61,125,156,11,353,86,4,90,443
05/09/2001,CAE,SC,ASO,ES,Towers with Radar,62,134,56,11,263,1,6,54,0,61,63,140,110,11,324,50,24,74,398
05/10/2001,CAE,SC,ASO,ES,Towers with Radar,61,127,70,5,263,1,1,54,4,60,62,128,124,9,323,111,4,115,438
05/11/2001,CAE,SC,ASO,ES,Towers with Radar,49,127,78,7,261,1,0,61,4,66,50,127,139,11,327,66,20,86,413
05/12/2001,CAE,SC,ASO,ES,Towers with Radar,25,73,41,0,139,1,0,55,0,56,26,73,96,0,195,129,0,129,324
05/13/2001,CAE,SC,ASO,ES,Towers with Radar,20,66,39,0,125,1,0,53,3,57,21,66,92,3,182,34,0,34,216
05/14/2001,CAE,SC,ASO,ES,Towers with Radar,23,106,54,4,187,1,0,56,3,60,24,106,110,7,247,22,8,30,277
05/15/2001,CAE,SC,ASO,ES,Towers with Radar,60,140,44,9,253,1,2,71,3,77,61,142,115,12,330,56,4,60,390
05/16/2001,CAE,SC,ASO,ES,Towers with Radar,60,121,73,8,262,1,0,63,1,65,61,121,136,9,327,148,0,148,475
05/17/2001,CAE,SC,ASO,ES,Towers with Radar,59,133,74,30,296,1,0,36,2,39,60,133,110,32,335,99,68,167,502
05/18/2001,CAE,SC,ASO,ES,Towers with Radar,45,129,68,10,252,1,0,66,0,67,46,129,134,10,319,62,28,90,409
05/19/2001,CAE,SC,ASO,ES,Towers with Radar,32,71,42,5,150,1,0,66,1,68,33,71,108,6,218,104,8,112,330
05/20/2001,CAE,SC,ASO,ES,Towers with Radar,20,64,31,4,119,1,0,16,0,17,21,64,47,4,136,6,0,6,142
05/21/2001,CAE,SC,ASO,ES,Towers with Radar,24,90,51,6,171,0,0,36,11,47,24,90,87,17,218,60,4,64,282
05/22/2001,CAE,SC,ASO,ES,Towers with Radar,24,143,67,1,235,0,26,40,0,66,24,169,107,1,301,36,0,36,337
05/23/2001,CAE,SC,ASO,ES,Towers with Radar,64,131,91,9,295,1,2,92,6,101,65,133,183,15,396,26,11,37,433
05/24/2001,CAE,SC,ASO,ES,Towers with Radar,56,131,67,19,273,1,0,65,1,67,57,131,132,20,340,102,40,142,482
05/25/2001,CAE,SC,ASO,ES,Towers with Radar,50,129,42,19,240,1,0,34,1,36,51,129,76,20,276,136,22,158,434
05/26/2001,CAE,SC,ASO,ES,Towers with Radar,20,85,24,0,129,1,1,53,0,55,21,86,77,0,184,62,0,62,246
05/27/2001,CAE,SC,ASO,ES,Towers with Radar,14,53,30,4,101,1,0,46,0,47,15,53,76,4,148,54,0,54,202
05/28/2001,CAE,SC,ASO,ES,Towers with Radar,18,66,40,2,126,1,0,54,0,55,19,66,94,2,181,83,0,83,264
05/29/2001,CAE,SC,ASO,ES,Towers with Radar,31,113,74,15,233,1,0,26,0,27,32,113,100,15,260,10,26,36,296
05/30/2001,CAE,SC,ASO,ES,Towers with Radar,57,131,71,2,261,1,0,48,2,51,58,131,119,4,312,72,0,72,384
05/31/2001,CAE,SC,ASO,ES,Towers with Radar,68,128,61,5,262,1,2,52,3,58,69,130,113,8,320,117,0,117,437
06/01/2001,CAE,SC,ASO,ES,Towers with Radar,53,124,49,10,236,0,0,15,0,15,53,124,64,10,251,77,4,81,332
06/02/2001,CAE,SC,ASO,ES,Towers with Radar,31,77,29,4,141,0,0,45,0,45,31,77,74,4,186,154,0,154,340
06/03/2001,CAE,SC,ASO,ES,Towers with Radar,21,66,26,6,119,0,0,62,0,62,21,66,88,6,181,21,2,23,204
06/04/2001,CAE,SC,ASO,ES,Towers with Radar,32,102,41,5,180,0,0,45,0,45,32,102,86,5,225,79,2,81,306
06/05/2001,CAE,SC,ASO,ES,Towers with Radar,63,127,59,16,265,0,0,72,5,77,63,127,131,21,342,131,19,150,492
06/06/2001,CAE,SC,ASO,ES,Towers with Radar,59,131,54,1,245,0,0,43,2,45,59,131,97,3,290,30,0,30,320
06/07/2001,CAE,SC,ASO,ES,Towers with Radar,61,144,91,9,305,0,2,24,0,26,61,146,115,9,331,52,10,62,393
06/08/2001,CAE,SC,ASO,ES,Towers with Radar,50,131,53,9,243,0,0,19,0,19,50,131,72,9,262,30,2,32,294
06/09/2001,CAE,SC,ASO,ES,Towers with Radar,26,78,49,9,162,0,0,28,0,28,26,78,77,9,190,28,0,28,218
06/10/2001,CAE,SC,ASO,ES,Towers with Radar,22,65,24,2,113,0,1,30,0,31,22,66,54,2,144,54,4,58,202
06/11/2001,CAE,SC,ASO,ES,Towers with Radar,31,99,75,0,205,0,2,36,0,38,31,101,111,0,243,106,0,106,349
06/12/2001,CAE,SC,ASO,ES,Towers with Radar,60,126,57,4,247,0,2,51,0,53,60,128,108,4,300,61,10,71,371
06/13/2001,CAE,SC,ASO,ES,Towers with Radar,62,119,42,0,223,0,2,13,0,15,62,121,55,0,238,47,0,47,285
06/14/2001,CAE,SC,ASO,ES,Towers with Radar,62,123,53,7,245,0,4,60,2,66,62,127,113,9,311,58,0,58,369
06/15/2001,CAE,SC,ASO,ES,Towers with Radar,46,114,46,5,211,0,3,83,2,88,46,117,129,7,299,27,0,27,326
06/16/2001,CAE,SC,ASO,ES,Towers with Radar,27,79,27,2,135,0,0,60,5,65,27,79,87,7,200,72,14,86,286
06/17/2001,CAE,SC,ASO,ES,Towers with Radar,24,70,30,4,128,0,0,61,2,63,24,70,91,6,191,93,0,93,284
06/18/2001,CAE,SC,ASO,ES,Towers with Radar,26,104,59,4,193,0,1,68,0,69,26,105,127,4,262,20,0,20,282
06/19/2001,CAE,SC,ASO,ES,Towers with Radar,64,136,54,12,266,0,1,53,0,54,64,137,107,12,320,86,8,94,414
06/20/2001,CAE,SC,ASO,ES,Towers with Radar,65,125,75,8,273,0,1,54,4,59,65,126,129,12,332,85,32,117,449
06/21/2001,CAE,SC,ASO,ES,Towers with Radar,65,128,90,9,292,0,3,59,3,65,65,131,149,12,357,76,0,76,433
06/22/2001,CAE,SC,ASO,ES,Towers with Radar,52,117,73,4,246,0,2,54,1,57,52,119,127,5,303,46,0,46,349
06/23/2001,CAE,SC,ASO,ES,Towers with Radar,36,81,35,11,163,0,0,52,0,52,36,81,87,11,215,66,14,80,295
06/24/2001,CAE,SC,ASO,ES,Towers with Radar,24,69,28,6,127,0,0,55,0,55,24,69,83,6,182,20,0,20,202
06/25/2001,CAE,SC,ASO,ES,Towers with Radar,25,104,46,17,192,0,1,16,0,17,25,105,62,17,209,32,30,62,271
06/26/2001,CAE,SC,ASO,ES,Towers with Radar,65,137,65,6,273,0,0,32,0,32,65,137,97,6,305,57,9,66,371
06/27/2001,CAE,SC,ASO,ES,Towers with Radar,69,126,73,7,275,0,0,36,0,36,69,126,109,7,311,51,0,51,362
06/28/2001,CAE,SC,ASO,ES,Towers with Radar,60,133,86,5,284,0,3,58,2,63,60,136,144,7,347,24,2,26,373
06/29/2001,CAE,SC,ASO,ES,Towers with Radar,48,116,83,7,254,0,0,59,4,63,48,116,142,11,317,52,4,56,373
06/30/2001,CAE,SC,ASO,ES,Towers with Radar,38,76,42,0,156,0,0,48,2,50,38,76,90,2,206,60,0,60,266
07/01/2001,CAE,SC,ASO,ES,Towers with Radar,29,66,43,0,138,1,0,38,0,39,30,66,81,0,177,48,0,48,225
07/02/2001,CAE,SC,ASO,ES,Towers with Radar,26,97,57,10,190,0,0,60,2,62,26,97,117,12,252,42,6,48,300
07/03/2001,CAE,SC,ASO,ES,Towers with Radar,68,135,46,3,252,0,1,27,1,29,68,136,73,4,281,18,4,22,303
07/04/2001,CAE,SC,ASO,ES,Towers with Radar,31,86,35,0,152,0,0,27,0,27,31,86,62,0,179,18,0,18,197
07/05/2001,CAE,SC,ASO,ES,Towers with Radar,44,111,58,2,215,2,10,61,0,73,46,121,119,2,288,93,0,93,381
07/06/2001,CAE,SC,ASO,ES,Towers with Radar,51,138,56,25,270,0,0,112,2,114,51,138,168,27,384,34,14,48,432
07/07/2001,CAE,SC,ASO,ES,Towers with Radar,30,78,39,0,147,0,0,75,1,76,30,78,114,1,223,113,0,113,336
07/08/2001,CAE,SC,ASO,ES,Towers with Radar,26,79,32,1,138,1,0,46,0,47,27,79,78,1,185,38,0,38,223
07/09/2001,CAE,SC,ASO,ES,Towers with Radar,25,100,61,9,195,0,0,34,1,35,25,100,95,10,230,46,10,56,286
07/10/2001,CAE,SC,ASO,ES,Towers with Radar,65,131,61,10,267,1,0,66,2,69,66,131,127,12,336,49,34,83,419
07/11/2001,CAE,SC,ASO,ES,Towers with Radar,64,141,92,3,300,0,1,108,0,109,64,142,200,3,409,70,0,70,479
07/12/2001,CAE,SC,ASO,ES,Towers with Radar,63,127,89,15,294,0,1,75,2,78,63,128,164,17,372,52,10,62,434
07/13/2001,CAE,SC,ASO,ES,Towers with Radar,51,138,75,9,273,0,0,27,1,28,51,138,102,10,301,51,0,51,352
07/14/2001,CAE,SC,ASO,ES,Towers with Radar,29,83,43,9,164,0,0,97,5,102,29,83,140,14,266,63,13,76,342
07/15/2001,CAE,SC,ASO,ES,Towers with Radar,22,78,34,4,138,0,0,79,2,81,22,78,113,6,219,52,0,52,271
07/16/2001,CAE,SC,ASO,ES,Towers with Radar,27,108,64,7,206,0,0,68,0,68,27,108,132,7,274,71,0,71,345
07/17/2001,CAE,SC,ASO,ES,Towers with Radar,64,147,52,6,269,0,3,65,11,79,64,150,117,17,348,52,34,86,434
07/18/2001,CAE,SC,ASO,ES,Towers with Radar,60,129,61,7,257,0,4,67,2,73,60,133,128,9,330,40,16,56,386
07/19/2001,CAE,SC,ASO,ES,Towers with Radar,63,135,66,9,273,0,2,34,0,36,63,137,100,9,309,43,6,49,358
07/20/2001,CAE,SC,ASO,ES,Towers with Radar,52,126,70,10,258,0,0,17,2,19,52,126,87,12,277,18,6,24,301
07/21/2001,CAE,SC,ASO,ES,Towers with Radar,32,92,59,1,184,0,0,63,2,65,32,92,122,3,249,36,0,36,285
07/22/2001,CAE,SC,ASO,ES,Towers with Radar,24,64,39,4,131,0,0,70,4,74,24,64,109,8,205,55,0,55,260
07/23/2001,CAE,SC,ASO,ES,Towers with Radar,27,105,59,17,208,0,0,37,3,40,27,105,96,20,248,38,6,44,292
07/24/2001,CAE,SC,ASO,ES,Towers with Radar,62,139,81,15,297,0,0,20,1,21,62,139,101,16,318,39,18,57,375
07/25/2001,CAE,SC,ASO,ES,Towers with Radar,64,130,101,7,302,0,1,37,0,38,64,131,138,7,340,52,0,52,392
07/26/2001,CAE,SC,ASO,ES,Towers with Radar,66,133,83,22,304,0,0,46,4,50,66,133,129,26,354,33,38,71,425
07/27/2001,CAE,SC,ASO,ES,Towers with Radar,49,127,59,5,240,0,0,30,4,34,49,127,89,9,274,46,0,46,320
07/28/2001,CAE,SC,ASO,ES,Towers with Radar,27,96,47,0,170,0,0,3,0,3,27,96,50,0,173,81,0,81,254
07/29/2001,CAE,SC,ASO,ES,Towers with Radar,27,80,31,1,139,0,0,19,2,21,27,80,50,3,160,21,0,21,181
07/30/2001,CAE,SC,ASO,ES,Towers with Radar,29,108,61,7,205,0,1,34,0,35,29,109,95,7,240,70,10,80,320
07/31/2001,CAE,SC,ASO,ES,Towers with Radar,64,136,63,15,278,0,1,88,5,94,64,137,151,20,372,83,30,113,485
08/01/2001,CAE,SC,ASO,ES,Towers with Radar,58,129,66,11,264,1,0,82,7,90,59,129,148,18,354,110,8,118,472
08/02/2001,CAE,SC,ASO,ES,Towers with Radar,60,131,55,29,275,0,3,96,1,100,60,134,151,30,375,109,58,167,542
08/03/2001,CAE,SC,ASO,ES,Towers with Radar,48,130,30,18,226,0,4,91,1,96,48,134,121,19,322,61,14,75,397
08/04/2001,CAE,SC,ASO,ES,Towers with Radar,39,75,34,4,152,0,1,39,2,42,39,76,73,6,194,92,2,94,288
08/05/2001,CAE,SC,ASO,ES,Towers with Radar,25,73,26,11,135,0,1,57,1,59,25,74,83,12,194,49,14,63,257
08/06/2001,CAE,SC,ASO,ES,Towers with Radar,32,108,29,15,184,0,1,48,0,49,32,109,77,15,233,57,19,76,309
08/07/2001,CAE,SC,ASO,ES,Towers with Radar,62,137,72,5,276,0,1,57,6,64,62,138,129,11,340,76,0,76,416
08/08/2001,CAE,SC,ASO,ES,Towers with Radar,60,136,71,4,271,0,5,58,1,64,60,141,129,5,335,38,4,42,377
08/09/2001,CAE,SC,ASO,ES,Towers with Radar,62,138,44,12,256,0,1,40,1,42,62,139,84,13,298,32,6,38,336
08/10/2001,CAE,SC,ASO,ES,Towers with Radar,43,121,65,8,237,0,5,50,0,55,43,126,115,8,292,31,4,35,327
08/11/2001,CAE,SC,ASO,ES,Towers with Radar,24,82,37,2,145,0,1,61,0,62,24,83,98,2,207,74,0,74,281
08/12/2001,CAE,SC,ASO,ES,Towers with Radar,23,74,26,1,124,0,1,55,0,56,23,75,81,1,180,73,0,73,253
08/13/2001,CAE,SC,ASO,ES,Towers with Radar,22,112,44,4,182,0,1,30,0,31,22,113,74,4,213,34,0,34,247
08/14/2001,CAE,SC,ASO,ES,Towers with Radar,63,141,67,22,293,0,1,27,0,28,63,142,94,22,321,33,46,79,400
08/15/2001,CAE,SC,ASO,ES,Towers with Radar,60,134,71,16,281,0,4,80,0,84,60,138,151,16,365,60,0,60,425
08/16/2001,CAE,SC,ASO,ES,Towers with Radar,59,141,82,1,283,0,1,33,3,37,59,142,115,4,320,32,21,53,373
08/17/2001,CAE,SC,ASO,ES,Towers with Radar,45,147,78,5,275,0,1,43,1,45,45,148,121,6,320,46,4,50,370
08/18/2001,CAE,SC,ASO,ES,Towers with Radar,29,80,34,2,145,0,0,37,0,37,29,80,71,2,182,74,0,74,256
08/19/2001,CAE,SC,ASO,ES,Towers with Radar,20,73,33,3,129,0,0,39,0,39,20,73,72,3,168,56,0,56,224
08/20/2001,CAE,SC,ASO,ES,Towers with Radar,26,113,38,11,188,0,1,40,5,46,26,114,78,16,234,16,10,26,260
08/21/2001,CAE,SC,ASO,ES,Towers with Radar,54,144,60,27,285,0,0,69,0,69,54,144,129,27,354,26,4,30,384
08/22/2001,CAE,SC,ASO,ES,Towers with Radar,61,142,66,12,281,0,1,75,0,76,61,143,141,12,357,63,8,71,428
08/23/2001,CAE,SC,ASO,ES,Towers with Radar,62,137,55,9,263,0,3,80,4,87,62,140,135,13,350,47,20,67,417
08/24/2001,CAE,SC,ASO,ES,Towers with Radar,50,135,54,4,243,0,1,53,2,56,50,136,107,6,299,16,8,24,323
08/25/2001,CAE,SC,ASO,ES,Towers with Radar,27,87,35,4,153,0,0,73,0,73,27,87,108,4,226,90,0,90,316
08/26/2001,CAE,SC,ASO,ES,Towers with Radar,23,78,37,1,139,0,0,72,0,72,23,78,109,1,211,101,0,101,312
08/27/2001,CAE,SC,ASO,ES,Towers with Radar,27,90,50,10,177,0,0,63,1,64,27,90,113,11,241,40,0,40,281
08/28/2001,CAE,SC,ASO,ES,Towers with Radar,63,125,54,4,246,0,2,54,3,59,63,127,108,7,305,59,4,63,368
08/29/2001,CAE,SC,ASO,ES,Towers with Radar,60,135,53,6,254,0,0,40,3,43,60,135,93,9,297,91,0,91,388
08/30/2001,CAE,SC,ASO,ES,Towers with Radar,63,124,91,9,287,0,0,37,1,38,63,124,128,10,325,53,0,53,378
08/31/2001,CAE,SC,ASO,ES,Towers with Radar,46,116,62,8,232,0,1,39,3,43,46,117,101,11,275,18,4,22,297
09/01/2001,CAE,SC,ASO,ES,Towers with Radar,22,82,28,0,132,1,1,26,0,28,23,83,54,0,160,32,0,32,192
09/02/2001,CAE,SC,ASO,ES,Towers with Radar,17,65,20,1,103,1,1,22,0,24,18,66,42,1,127,62,0,62,189
09/03/2001,CAE,SC,ASO,ES,Towers with Radar,17,79,48,0,144,1,1,2,0,4,18,80,50,0,148,32,0,32,180
09/04/2001,CAE,SC,ASO,ES,Towers with Radar,24,96,45,18,183,1,1,4,0,6,25,97,49,18,189,40,24,64,253
09/05/2001,CAE,SC,ASO,ES,Towers with Radar,65,129,55,2,251,1,1,41,0,43,66,130,96,2,294,84,10,94,388
09/06/2001,CAE,SC,ASO,ES,Towers with Radar,61,120,85,15,281,1,0,41,3,45,62,120,126,18,326,69,12,81,407
09/07/2001,CAE,SC,ASO,ES,Towers with Radar,50,124,68,4,246,1,0,72,2,75,51,124,140,6,321,58,18,76,397
09/08/2001,CAE,SC,ASO,ES,Towers with Radar,24,85,34,2,145,0,1,85,6,92,24,86,119,8,237,86,0,86,323
09/09/2001,CAE,SC,ASO,ES,Towers with Radar,30,78,35,1,144,0,1,25,0,26,30,79,60,1,170,18,0,18,188
09/10/2001,CAE,SC,ASO,ES,Towers with Radar,24,86,69,4,183,0,1,33,0,34,24,87,102,4,217,83,0,83,300
09/11/2001,CAE,SC,ASO,ES,Towers with Radar,34,44,21,0,99,0,2,7,0,9,34,46,28,0,108,8,0,8,116
09/12/2001,CAE,SC,ASO,ES,Towers with Radar,0,0,3,2,5,0,0,1,0,1,0,0,4,2,6,0,0,0,6
09/13/2001,CAE,SC,ASO,ES,Towers with Radar,3,21,5,0,29,0,1,7,0,8,3,22,12,0,37,0,0,0,37
09/14/2001,CAE,SC,ASO,ES,Towers with Radar,29,95,12,4,140,0,1,1,0,2,29,96,13,4,142,0,4,4,146
09/15/2001,CAE,SC,ASO,ES,Towers with Radar,17,73,34,3,127,0,1,2,0,3,17,74,36,3,130,8,0,8,138
09/16/2001,CAE,SC,ASO,ES,Towers with Radar,17,56,67,0,140,0,1,0,0,1,17,57,67,0,141,20,0,20,161
09/17/2001,CAE,SC,ASO,ES,Towers with Radar,22,94,74,4,194,0,1,1,0,2,22,95,75,4,196,32,0,32,228
09/18/2001,CAE,SC,ASO,ES,Towers with Radar,54,126,74,14,268,0,2,0,3,5,54,128,74,17,273,10,22,32,305
09/19/2001,CAE,SC,ASO,ES,Towers with Radar,57,129,118,12,316,0,1,0,0,1,57,130,118,12,317,45,6,51,368
09/20/2001,CAE,SC,ASO,ES,Towers with Radar,58,130,48,17,253,0,1,8,0,9,58,131,56,17,262,10,42,52,314
09/21/2001,CAE,SC,ASO,ES,Towers with Radar,45,113,72,7,237,2,0,11,2,15,47,113,83,9,252,42,14,56,308
09/22/2001,CAE,SC,ASO,ES,Towers with Radar,26,78,40,7,151,0,1,31,0,32,26,79,71,7,183,16,0,16,199
09/23/2001,CAE,SC,ASO,ES,Towers with Radar,16,69,39,1,125,0,1,37,0,38,16,70,76,1,163,18,0,18,181
09/24/2001,CAE,SC,ASO,ES,Towers with Radar,18,88,54,1,161,0,1,3,0,4,18,89,57,1,165,10,0,10,175
09/25/2001,CAE,SC,ASO,ES,Towers with Radar,53,128,71,12,264,0,1,43,5,49,53,129,114,17,313,80,26,106,419
09/26/2001,CAE,SC,ASO,ES,Towers with Radar,54,134,69,7,264,0,1,53,2,56,54,135,122,9,320,29,0,29,349
09/27/2001,CAE,SC,ASO,ES,Towers with Radar,44,144,84,7,279,0,4,69,10,83,44,148,153,17,362,44,2,46,408
09/28/2001,CAE,SC,ASO,ES,Towers with Radar,40,116,70,4,230,0,1,83,0,84,40,117,153,4,314,58,0,58,372
09/29/2001,CAE,SC,ASO,ES,Towers with Radar,22,75,49,4,150,0,0,68,0,68,22,75,117,4,218,66,4,70,288
09/30/2001,CAE,SC,ASO,ES,Towers with Radar,17,67,50,6,140,0,1,64,1,66,17,68,114,7,206,62,6,68,274
10/01/2001,CAE,SC,ASO,ES,Towers with Radar,16,90,45,2,153,0,5,63,0,68,16,95,108,2,221,24,0,24,245
10/02/2001,CAE,SC,ASO,ES,Towers with Radar,37,120,61,5,223,16,0,60,13,89,53,120,121,18,312,38,24,62,374
10/03/2001,CAE,SC,ASO,ES,Towers with Radar,54,119,71,1,245,0,0,56,1,57,54,119,127,2,302,28,0,28,330
10/04/2001,CAE,SC,ASO,ES,Towers with Radar,55,126,81,9,271,0,0,50,1,51,55,126,131,10,322,48,0,48,370
10/05/2001,CAE,SC,ASO,ES,Towers with Radar,45,126,67,5,243,0,0,44,7,51,45,126,111,12,294,87,0,87,381
10/06/2001,CAE,SC,ASO,ES,Towers with Radar,22,74,37,0,133,0,0,9,0,9,22,74,46,0,142,90,0,90,232
10/07/2001,CAE,SC,ASO,ES,Towers with Radar,12,73,41,0,126,0,0,64,0,64,12,73,105,0,190,10,0,10,200
10/08/2001,CAE,SC,ASO,ES,Towers with Radar,13,94,66,0,173,1,0,33,0,34,14,94,99,0,207,15,0,15,222
10/09/2001,CAE,SC,ASO,ES,Towers with Radar,45,102,65,8,220,1,0,49,4,54,46,102,114,12,274,34,0,34,308
10/10/2001,CAE,SC,ASO,ES,Towers with Radar,48,135,68,5,256,1,4,38,0,43,49,139,106,5,299,32,0,32,331
10/11/2001,CAE,SC,ASO,ES,Towers with Radar,48,132,52,11,243,1,3,71,0,75,49,135,123,11,318,42,14,56,374
10/12/2001,CAE,SC,ASO,ES,Towers with Radar,40,129,77,19,265,1,1,34,2,38,41,130,111,21,303,72,10,82,385
10/13/2001,CAE,SC,ASO,ES,Towers with Radar,18,69,35,0,122,0,10,30,0,40,18,79,65,0,162,66,0,66,228
10/14/2001,CAE,SC,ASO,ES,Towers with Radar,14,65,35,2,116,0,0,11,0,11,14,65,46,2,127,80,0,80,207
10/15/2001,CAE,SC,ASO,ES,Towers with Radar,9,105,52,6,172,1,0,72,4,77,10,105,124,10,249,30,4,34,283
10/16/2001,CAE,SC,ASO,ES,Towers with Radar,46,136,71,3,256,1,3,43,1,48,47,139,114,4,304,34,0,34,338
10/17/2001,CAE,SC,ASO,ES,Towers with Radar,59,135,70,8,272,1,1,58,1,61,60,136,128,9,333,54,8,62,395
10/18/2001,CAE,SC,ASO,ES,Towers with Radar,47,132,77,3,259,1,2,67,0,70,48,134,144,3,329,40,0,40,369
10/19/2001,CAE,SC,ASO,ES,Towers with Radar,39,139,38,7,223,1,0,63,1,65,40,139,101,8,288,14,0,14,302
10/20/2001,CAE,SC,ASO,ES,Towers with Radar,21,73,51,4,149,1,0,67,3,71,22,73,118,7,220,68,0,68,288
10/21/2001,CAE,SC,ASO,ES,Towers with Radar,11,71,38,4,124,1,0,71,0,72,12,71,109,4,196,67,0,67,263
10/22/2001,CAE,SC,ASO,ES,Towers with Radar,17,108,41,3,169,1,0,58,0,59,18,108,99,3,228,30,0,30,258
10/23/2001,CAE,SC,ASO,ES,Towers with Radar,51,135,67,12,265,1,0,25,0,26,52,135,92,12,291,57,14,71,362
10/24/2001,CAE,SC,ASO,ES,Towers with Radar,52,143,55,12,262,1,0,40,3,44,53,143,95,15,306,24,0,24,330
10/25/2001,CAE,SC,ASO,ES,Towers with Radar,53,129,65,9,256,1,0,37,0,38,54,129,102,9,294,37,8,45,339
10/26/2001,CAE,SC,ASO,ES,Towers with Radar,13,144,44,8,209,0,3,61,4,68,13,147,105,12,277,14,0,14,291
10/27/2001,CAE,SC,ASO,ES,Towers with Radar,16,85,41,0,142,0,1,59,0,60,16,86,100,0,202,10,0,10,212
10/28/2001,CAE,SC,ASO,ES,Towers with Radar,10,72,45,2,129,0,0,41,0,41,10,72,86,2,170,80,0,80,250
10/29/2001,CAE,SC,ASO,ES,Towers with Radar,12,99,69,3,183,0,5,42,1,48,12,104,111,4,231,48,0,48,279
10/30/2001,CAE,SC,ASO,ES,Towers with Radar,50,130,62,7,249,0,0,62,4,66,50,130,124,11,315,29,26,55,370
10/31/2001,CAE,SC,ASO,ES,Towers with Radar,48,129,40,9,226,0,2,52,1,55,48,131,92,10,281,14,10,24,305
11/01/2001,CAE,SC,ASO,ES,Towers with Radar,20,171,44,8,243,0,1,54,1,56,20,172,98,9,299,17,8,25,324
11/02/2001,CAE,SC,ASO,ES,Towers with Radar,41,134,56,6,237,0,3,35,0,38,41,137,91,6,275,60,0,60,335
11/03/2001,CAE,SC,ASO,ES,Towers with Radar,20,76,47,0,143,0,0,44,0,44,20,76,91,0,187,89,0,89,276
11/04/2001,CAE,SC,ASO,ES,Towers with Radar,15,80,25,0,120,0,0,52,0,52,15,80,77,0,172,22,0,22,194
11/05/2001,CAE,SC,ASO,ES,Towers with Radar,16,114,40,6,176,0,0,37,0,37,16,114,77,6,213,48,0,48,261
11/06/2001,CAE,SC,ASO,ES,Towers with Radar,50,143,77,7,277,0,0,76,3,79,50,143,153,10,356,65,0,65,421
11/07/2001,CAE,SC,ASO,ES,Towers with Radar,50,148,71,5,274,0,0,46,0,46,50,148,117,5,320,36,2,38,358
11/08/2001,CAE,SC,ASO,ES,Towers with Radar,54,151,74,3,282,0,0,55,2,57,54,151,129,5,339,17,0,17,356
11/09/2001,CAE,SC,ASO,ES,Towers with Radar,43,145,53,9,250,0,0,48,1,49,43,145,101,10,299,77,0,77,376
11/10/2001,CAE,SC,ASO,ES,Towers with Radar,18,88,39,2,147,0,0,45,0,45,18,88,84,2,192,20,0,20,212
11/11/2001,CAE,SC,ASO,ES,Towers with Radar,13,80,59,3,155,0,0,78,0,78,13,80,137,3,233,113,0,113,346
11/12/2001,CAE,SC,ASO,ES,Towers with Radar,14,102,49,4,169,0,0,51,0,51,14,102,100,4,220,26,0,26,246
11/13/2001,CAE,SC,ASO,ES,Towers with Radar,51,140,60,2,253,0,2,69,2,73,51,142,129,4,326,57,0,57,383
11/14/2001,CAE,SC,ASO,ES,Towers with Radar,65,137,52,4,258,0,2,68,0,70,65,139,120,4,328,32,0,32,360
11/15/2001,CAE,SC,ASO,ES,Towers with Radar,50,140,47,10,247,0,0,74,1,75,50,140,121,11,322,37,0,37,359
11/16/2001,CAE,SC,ASO,ES,Towers with Radar,35,137,64,12,248,0,4,72,0,76,35,141,136,12,324,69,3,72,396
11/17/2001,CAE,SC,ASO,ES,Towers with Radar,15,81,55,1,152,0,0,96,1,97,15,81,151,2,249,92,0,92,341
11/18/2001,CAE,SC,ASO,ES,Towers with Radar,16,77,38,3,134,0,0,68,0,68,16,77,106,3,202,48,0,48,250
11/19/2001,CAE,SC,ASO,ES,Towers with Radar,14,110,52,4,180,0,1,40,0,41,14,111,92,4,221,52,2,54,275
11/20/2001,CAE,SC,ASO,ES,Towers with Radar,60,151,78,4,293,0,0,32,2,34,60,151,110,6,327,44,0,44,371
11/21/2001,CAE,SC,ASO,ES,Towers with Radar,62,145,66,2,275,0,4,70,0,74,62,149,136,2,349,33,0,33,382
11/22/2001,CAE,SC,ASO,ES,Towers with Radar,20,78,21,0,119,0,0,19,0,19,20,78,40,0,138,8,0,8,146
11/23/2001,CAE,SC,ASO,ES,Towers with Radar,11,102,37,0,150,0,0,28,0,28,11,102,65,0,178,55,0,55,233
11/24/2001,CAE,SC,ASO,ES,Towers with Radar,20,81,41,5,147,0,0,27,0,27,20,81,68,5,174,46,18,64,238
11/25/2001,CAE,SC,ASO,ES,Towers with Radar,12,86,54,7,159,0,0,20,0,20,12,86,74,7,179,41,10,51,230
11/26/2001,CAE,SC,ASO,ES,Towers with Radar,16,103,42,3,164,0,0,30,0,30,16,103,72,3,194,67,0,67,261
11/27/2001,CAE,SC,ASO,ES,Towers with Radar,63,144,63,10,280,0,0,49,2,51,63,144,112,12,331,19,10,29,360
11/28/2001,CAE,SC,ASO,ES,Towers with Radar,59,145,39,16,259,0,2,58,2,62,59,147,97,18,321,10,30,40,361
11/29/2001,CAE,SC,ASO,ES,Towers with Radar,25,193,55,9,282,0,0,34,0,34,25,193,89,9,316,31,13,44,360
11/30/2001,CAE,SC,ASO,ES,Towers with Radar,48,130,54,10,242,0,0,25,0,25,48,130,79,10,267,78,4,82,349
12/01/2001,CAE,SC,ASO,ES,Towers with Radar,17,79,44,2,142,0,1,56,0,57,17,80,100,2,199,40,0,40,239
12/02/2001,CAE,SC,ASO,ES,Towers with Radar,17,76,28,5,126,0,1,63,1,65,17,77,91,6,191,48,14,62,253
12/03/2001,CAE,SC,ASO,ES,Towers with Radar,15,110,52,15,192,0,1,50,4,55,15,111,102,19,247,28,0,28,275
12/04/2001,CAE,SC,ASO,ES,Towers with Radar,54,140,61,10,265,0,4,46,1,51,54,144,107,11,316,87,24,111,427
12/05/2001,CAE,SC,ASO,ES,Towers with Radar,62,135,57,14,268,0,7,46,1,54,62,142,103,15,322,38,8,46,368
12/06/2001,CAE,SC,ASO,ES,Towers with Radar,36,160,62,15,273,0,6,64,3,73,36,166,126,18,346,60,6,66,412
12/07/2001,CAE,SC,ASO,ES,Towers with Radar,42,127,53,6,228,0,2,44,6,52,42,129,97,12,280,16,18,34,314
12/08/2001,CAE,SC,ASO,ES,Towers with Radar,17,91,22,2,132,0,1,53,1,55,17,92,75,3,187,22,0,22,209
12/09/2001,CAE,SC,ASO,ES,Towers with Radar,12,78,41,6,137,0,1,51,1,53,12,79,92,7,190,60,2,62,252
12/10/2001,CAE,SC,ASO,ES,Towers with Radar,16,107,36,3,162,0,1,4,1,6,16,108,40,4,168,40,0,40,208
12/11/2001,CAE,SC,ASO,ES,Towers with Radar,60,144,55,7,266,0,3,7,0,10,60,147,62,7,276,40,2,42,318
12/12/2001,CAE,SC,ASO,ES,Towers with Radar,55,151,64,0,270,0,1,0,0,1,55,152,64,0,271,9,0,9,280
12/13/2001,CAE,SC,ASO,ES,Towers with Radar,58,127,79,1,265,0,1,2,0,3,58,128,81,1,268,15,0,15,283
12/14/2001,CAE,SC,ASO,ES,Towers with Radar,48,131,60,5,244,0,2,14,0,16,48,133,74,5,260,37,0,37,297
12/15/2001,CAE,SC,ASO,ES,Towers with Radar,18,92,35,3,148,0,1,59,0,60,18,93,94,3,208,67,0,67,275
12/16/2001,CAE,SC,ASO,ES,Towers with Radar,15,82,28,4,129,0,0,67,0,67,15,82,95,4,196,52,0,52,248
12/17/2001,CAE,SC,ASO,ES,Towers with Radar,26,114,24,17,181,0,0,37,0,37,26,114,61,17,218,56,26,82,300
12/18/2001,CAE,SC,ASO,ES,Towers with Radar,82,145,45,5,277,0,0,68,1,69,82,145,113,6,346,39,0,39,385
12/19/2001,CAE,SC,ASO,ES,Towers with Radar,76,147,60,6,289,0,0,58,4,62,76,147,118,10,351,24,8,32,383
12/20/2001,CAE,SC,ASO,ES,Towers with Radar,51,156,56,1,264,29,0,66,0,95,80,156,122,1,359,15,0,15,374
12/21/2001,CAE,SC,ASO,ES,Towers with Radar,59,167,44,9,279,0,6,64,1,71,59,173,108,10,350,100,12,112,462
12/22/2001,CAE,SC,ASO,ES,Towers with Radar,32,91,35,0,158,20,0,66,0,86,52,91,101,0,244,50,0,50,294
12/23/2001,CAE,SC,ASO,ES,Towers with Radar,13,75,17,0,105,0,0,34,0,34,13,75,51,0,139,47,0,47,186
12/24/2001,CAE,SC,ASO,ES,Towers with Radar,7,105,15,0,127,0,2,40,0,42,7,107,55,0,169,14,0,14,183
12/25/2001,CAE,SC,ASO,ES,Towers with Radar,9,71,9,0,89,0,0,12,0,12,9,71,21,0,101,10,0,10,111
12/26/2001,CAE,SC,ASO,ES,Towers with Radar,20,127,42,0,189,0,0,48,0,48,20,127,90,0,237,62,0,62,299
12/27/2001,CAE,SC,ASO,ES,Towers with Radar,50,147,47,2,246,0,2,61,0,63,50,149,108,2,309,52,1,53,362
12/28/2001,CAE,SC,ASO,ES,Towers with Radar,44,140,36,3,223,0,0,55,1,56,44,140,91,4,279,65,4,69,348
12/29/2001,CAE,SC,ASO,ES,Towers with Radar,22,90,33,2,147,0,0,38,0,38,22,90,71,2,185,61,0,61,246
12/30/2001,CAE,SC,ASO,ES,Towers with Radar,14,75,19,0,108,0,0,37,0,37,14,75,56,0,145,43,0,43,188
12/31/2001,CAE,SC,ASO,ES,Towers with Radar,13,100,10,0,123,0,3,30,0,33,13,103,40,0,156,42,0,42,198
01/01/2002,CAE,SC,ASO,ES,Towers with Radar,17,79,34,0,130,0,2,33,0,35,17,81,67,0,165,36,0,36,201
01/02/2002,CAE,SC,ASO,ES,Towers with Radar,10,105,31,2,148,0,1,10,0,11,10,106,41,2,159,12,0,12,171
01/03/2002,CAE,SC,ASO,ES,Towers with Radar,12,51,8,4,75,0,1,0,0,1,12,52,8,4,76,0,0,0,76
01/04/2002,CAE,SC,ASO,ES,Towers with Radar,27,133,36,9,205,0,0,40,1,41,27,133,76,10,246,10,12,22,268
01/05/2002,CAE,SC,ASO,ES,Towers with Radar,20,77,32,1,130,0,11,54,0,65,20,88,86,1,195,84,0,84,279
01/06/2002,CAE,SC,ASO,ES,Towers with Radar,15,69,23,1,108,0,0,1,0,1,15,69,24,1,109,54,0,54,163
01/07/2002,CAE,SC,ASO,ES,Towers with Radar,14,93,39,6,152,0,18,37,6,61,14,111,76,12,213,40,0,40,253
01/08/2002,CAE,SC,ASO,ES,Towers with Radar,41,136,56,8,241,12,0,51,2,65,53,136,107,10,306,52,24,76,382
01/09/2002,CAE,SC,ASO,ES,Towers with Radar,51,133,51,19,254,0,3,62,1,66,51,136,113,20,320,94,20,114,434
01/10/2002,CAE,SC,ASO,ES,Towers with Radar,50,138,60,6,254,0,3,41,4,48,50,141,101,10,302,30,2,32,334
01/11/2002,CAE,SC,ASO,ES,Towers with Radar,40,128,44,8,220,0,0,49,0,49,40,128,93,8,269,100,12,112,381
01/12/2002,CAE,SC,ASO,ES,Towers with Radar,17,82,36,5,140,0,0,47,3,50,17,82,83,8,190,89,0,89,279
01/13/2002,CAE,SC,ASO,ES,Towers with Radar,12,81,35,4,132,0,0,153,0,153,12,81,188,4,285,75,0,75,360
01/14/2002,CAE,SC,ASO,ES,Towers with Radar,20,104,37,4,165,0,0,38,1,39,20,104,75,5,204,25,4,29,233
01/15/2002,CAE,SC,ASO,ES,Towers with Radar,50,131,75,10,266,0,0,61,1,62,50,131,136,11,328,40,5,45,373
01/16/2002,CAE,SC,ASO,ES,Towers with Radar,46,148,64,5,263,7,0,62,0,69,53,148,126,5,332,43,0,43,375
01/17/2002,CAE,SC,ASO,ES,Towers with Radar,52,141,51,19,263,0,0,43,1,44,52,141,94,20,307,35,39,74,381
01/18/2002,CAE,SC,ASO,ES,Towers with Radar,45,140,58,13,256,0,2,48,0,50,45,142,106,13,306,62,12,74,380
01/19/2002,CAE,SC,ASO,ES,Towers with Radar,16,77,18,2,113,0,0,13,0,13,16,77,31,2,126,78,0,78,204
01/20/2002,CAE,SC,ASO,ES,Towers with Radar,15,68,36,4,123,0,0,48,0,48,15,68,84,4,171,78,2,80,251
01/21/2002,CAE,SC,ASO,ES,Towers with Radar,16,103,32,4,155,0,2,17,0,19,16,105,49,4,174,34,0,34,208
01/22/2002,CAE,SC,ASO,ES,Towers with Radar,35,126,85,14,260,0,5,65,2,72,35,131,150,16,332,38,14,52,384
01/23/2002,CAE,SC,ASO,ES,Towers with Radar,63,123,48,6,240,0,0,0,0,0,63,123,48,6,240,8,0,8,248
01/24/2002,CAE,SC,ASO,ES,Towers with Radar,53,128,61,8,250,0,1,14,0,15,53,129,75,8,265,6,10,16,281
01/25/2002,CAE,SC,ASO,ES,Towers with Radar,40,138,59,2,239,0,2,43,0,45,40,140,102,2,284,36,0,36,320
01/26/2002,CAE,SC,ASO,ES,Towers with Radar,19,81,36,2,138,0,0,92,1,93,19,81,128,3,231,44,0,44,275
01/27/2002,CAE,SC,ASO,ES,Towers with Radar,14,87,45,4,150,0,0,70,0,70,14,87,115,4,220,48,0,48,268
01/28/2002,CAE,SC,ASO,ES,Towers with Radar,17,114,40,7,178,0,1,57,0,58,17,115,97,7,236,54,0,54,290
01/29/2002,CAE,SC,ASO,ES,Towers with Radar,55,148,71,12,286,0,10,55,3,68,55,158,126,15,354,78,14,92,446
01/30/2002,CAE,SC,ASO,ES,Towers with Radar,58,149,80,11,298,0,2,39,3,44,58,151,119,14,342,28,0,28,370
01/31/2002,CAE,SC,ASO,ES,Towers with Radar,46,138,64,9,257,19,0,39,14,72,65,138,103,23,329,46,31,77,406
02/01/2002,CAE,SC,ASO,ES,Towers with Radar,38,125,55,6,224,7,26,8,6,47,45,151,63,12,271,34,0,34,305
02/02/2002,CAE,SC,ASO,ES,Towers with Radar,21,79,38,7,145,0,0,62,1,63,21,79,100,8,208,100,0,100,308
02/03/2002,CAE,SC,ASO,ES,Towers with Radar,14,84,40,4,142,0,0,44,1,45,14,84,84,5,187,170,0,170,357
02/04/2002,CAE,SC,ASO,ES,Towers with Radar,18,121,44,9,192,0,1,30,2,33,18,122,74,11,225,35,10,45,270
02/05/2002,CAE,SC,ASO,ES,Towers with Radar,55,135,50,8,248,0,4,48,2,54,55,139,98,10,302,53,4,57,359
02/06/2002,CAE,SC,ASO,ES,Towers with Radar,50,142,51,5,248,0,0,0,0,0,50,142,51,5,248,10,0,10,258
02/07/2002,CAE,SC,ASO,ES,Towers with Radar,50,145,58,6,259,0,0,1,0,1,50,145,59,6,260,0,0,0,260
02/08/2002,CAE,SC,ASO,ES,Towers with Radar,44,139,67,16,266,0,0,69,1,70,44,139,136,17,336,63,10,73,409
02/09/2002,CAE,SC,ASO,ES,Towers with Radar,18,83,32,6,139,0,0,90,2,92,18,83,122,8,231,56,0,56,287
02/10/2002,CAE,SC,ASO,ES,Towers with Radar,17,76,38,4,135,0,0,10,0,10,17,76,48,4,145,46,0,46,191
02/11/2002,CAE,SC,ASO,ES,Towers with Radar,16,106,63,9,194,0,3,51,0,54,16,109,114,9,248,58,2,60,308
02/12/2002,CAE,SC,ASO,ES,Towers with Radar,58,129,39,6,232,0,2,71,1,74,58,131,110,7,306,24,0,24,330
02/13/2002,CAE,SC,ASO,ES,Towers with Radar,49,146,70,4,269,5,0,70,0,75,54,146,140,4,344,76,0,76,420
02/14/2002,CAE,SC,ASO,ES,Towers with Radar,51,129,70,7,257,0,5,54,0,59,51,134,124,7,316,81,6,87,403
02/15/2002,CAE,SC,ASO,ES,Towers with Radar,42,132,66,3,243,0,8,58,0,66,42,140,124,3,309,38,14,52,361
02/16/2002,CAE,SC,ASO,ES,Towers with Radar,21,83,54,0,158,0,0,83,0,83,21,83,137,0,241,62,0,62,303
02/17/2002,CAE,SC,ASO,ES,Towers with Radar,10,73,38,0,121,0,0,53,0,53,10,73,91,0,174,50,0,50,224
02/18/2002,CAE,SC,ASO,ES,Towers with Radar,17,101,66,3,187,0,1,57,1,59,17,102,123,4,246,66,0,66,312
02/19/2002,CAE,SC,ASO,ES,Towers with Radar,38,120,63,9,230,0,1,79,3,83,38,121,142,12,313,61,2,63,376
02/20/2002,CAE,SC,ASO,ES,Towers with Radar,39,126,56,6,227,11,18,1,7,37,50,144,57,13,264,8,4,12,276
02/21/2002,CAE,SC,ASO,ES,Towers with Radar,47,143,67,7,264,7,0,39,0,46,54,143,106,7,310,26,12,38,348
02/22/2002,CAE,SC,ASO,ES,Towers with Radar,41,119,52,7,219,0,8,71,2,81,41,127,123,9,300,30,2,32,332
02/23/2002,CAE,SC,ASO,ES,Towers with Radar,24,84,46,3,157,0,0,63,0,63,24,84,109,3,220,78,0,78,298
02/24/2002,CAE,SC,ASO,ES,Towers with Radar,12,75,23,2,112,0,0,55,0,55,12,75,78,2,167,109,0,109,276
02/25/2002,CAE,SC,ASO,ES,Towers with Radar,17,108,54,10,189,0,5,52,1,58,17,113,106,11,247,30,18,48,295
02/26/2002,CAE,SC,ASO,ES,Towers with Radar,53,128,42,3,226,0,10,15,3,28,53,138,57,6,254,50,4,54,308
02/27/2002,CAE,SC,ASO,ES,Towers with Radar,57,118,40,3,218,0,11,18,0,29,57,129,58,3,247,40,0,40,287
02/28/2002,CAE,SC,ASO,ES,Towers with Radar,57,146,52,6,261,0,10,71,2,83,57,156,123,8,344,83,22,105,449
03/01/2002,CAE,SC,ASO,ES,Towers with Radar,40,136,50,7,233,0,6,81,7,94,40,142,131,14,327,88,0,88,415
03/02/2002,CAE,SC,ASO,ES,Towers with Radar,17,85,31,0,133,0,0,2,1,3,17,85,33,1,136,10,0,10,146
03/03/2002,CAE,SC,ASO,ES,Towers with Radar,14,77,46,10,147,0,0,9,1,10,14,77,55,11,157,19,12,31,188
03/04/2002,CAE,SC,ASO,ES,Towers with Radar,14,112,47,4,177,0,8,35,8,51,14,120,82,12,228,59,6,65,293
03/05/2002,CAE,SC,ASO,ES,Towers with Radar,54,139,65,8,266,0,5,65,4,74,54,144,130,12,340,81,10,91,431
03/06/2002,CAE,SC,ASO,ES,Towers with Radar,56,138,66,7,267,0,9,39,0,48,56,147,105,7,315,49,4,53,368
03/07/2002,CAE,SC,ASO,ES,Towers with Radar,45,134,72,6,257,7,0,67,6,80,52,134,139,12,337,42,6,48,385
03/08/2002,CAE,SC,ASO,ES,Towers with Radar,38,121,62,5,226,6,17,59,3,85,44,138,121,8,311,30,0,30,341
03/09/2002,CAE,SC,ASO,ES,Towers with Radar,18,80,40,3,141,0,4,31,0,35,18,84,71,3,176,78,0,78,254
03/10/2002,CAE,SC,ASO,ES,Towers with Radar,14,79,42,7,142,0,0,52,0,52,14,79,94,7,194,31,0,31,225
03/11/2002,CAE,SC,ASO,ES,Towers with Radar,15,110,62,8,195,0,4,72,3,79,15,114,134,11,274,57,8,65,339
03/12/2002,CAE,SC,ASO,ES,Towers with Radar,55,143,70,4,272,0,0,19,0,19,55,143,89,4,291,22,0,22,313
03/13/2002,CAE,SC,ASO,ES,Towers with Radar,56,141,84,11,292,0,0,22,1,23,56,141,106,12,315,123,11,134,449
03/14/2002,CAE,SC,ASO,ES,Towers with Radar,54,142,70,8,274,0,5,70,4,79,54,147,140,12,353,6,19,25,378
03/15/2002,CAE,SC,ASO,ES,Towers with Radar,41,133,49,2,225,0,6,60,2,68,41,139,109,4,293,66,0,66,359
03/16/2002,CAE,SC,ASO,ES,Towers with Radar,19,84,43,2,148,0,6,52,0,58,19,90,95,2,206,77,0,77,283
03/17/2002,CAE,SC,ASO,ES,Towers with Radar,14,75,56,5,150,0,0,18,0,18,14,75,74,5,168,91,12,103,271
03/18/2002,CAE,SC,ASO,ES,Towers with Radar,14,116,82,11,223,0,1,22,3,26,14,117,104,14,249,26,18,44,293
03/19/2002,CAE,SC,ASO,ES,Towers with Radar,53,136,76,8,273,0,1,61,0,62,53,137,137,8,335,127,12,139,474
03/20/2002,CAE,SC,ASO,ES,Towers with Radar,54,147,74,9,284,0,0,18,0,18,54,147,92,9,302,43,0,43,345
03/21/2002,CAE,SC,ASO,ES,Towers with Radar,58,140,98,4,300,0,3,19,0,22,58,143,117,4,322,28,4,32,354
03/22/2002,CAE,SC,ASO,ES,Towers with Radar,47,114,46,11,218,0,12,60,1,73,47,126,106,12,291,71,0,71,362
03/23/2002,CAE,SC,ASO,ES,Towers with Radar,20,83,63,1,167,0,1,92,0,93,20,84,155,1,260,58,0,58,318
03/24/2002,CAE,SC,ASO,ES,Towers with Radar,13,78,48,2,141,0,0,74,4,78,13,78,122,6,219,60,0,60,279
03/25/2002,CAE,SC,ASO,ES,Towers with Radar,14,122,55,5,196,0,11,56,3,70,14,133,111,8,266,68,0,68,334
03/26/2002,CAE,SC,ASO,ES,Towers with Radar,36,115,59,2,212,21,21,9,0,51,57,136,68,2,263,24,0,24,287
03/27/2002,CAE,SC,ASO,ES,Towers with Radar,57,123,71,4,255,0,4,71,0,75,57,127,142,4,330,28,0,28,358
03/28/2002,CAE,SC,ASO,ES,Towers with Radar,49,138,82,7,276,5,0,56,3,64,54,138,138,10,340,65,18,83,423
03/29/2002,CAE,SC,ASO,ES,Towers with Radar,47,116,74,0,237,0,3,48,0,51,47,119,122,0,288,49,0,49,337
03/30/2002,CAE,SC,ASO,ES,Towers with Radar,18,71,33,2,124,0,10,0,0,10,18,81,33,2,134,95,0,95,229
03/31/2002,CAE,SC,ASO,ES,Towers with Radar,13,81,28,0,122,0,0,3,0,3,13,81,31,0,125,54,0,54,179
04/01/2002,CAE,SC,ASO,ES,Towers with Radar,15,109,54,4,182,0,3,54,1,58,15,112,108,5,240,68,0,68,308
04/02/2002,CAE,SC,ASO,ES,Towers with Radar,54,129,72,2,257,0,5,79,0,84,54,134,151,2,341,62,0,62,403
04/03/2002,CAE,SC,ASO,ES,Towers with Radar,33,112,60,5,210,20,21,33,3,77,53,133,93,8,287,21,2,23,310
04/04/2002,CAE,SC,ASO,ES,Towers with Radar,37,127,68,5,237,12,10,77,4,103,49,137,145,9,340,73,0,73,413
04/05/2002,CAE,SC,ASO,ES,Towers with Radar,20,152,56,6,234,0,3,87,0,90,20,155,143,6,324,34,2,36,360
04/06/2002,CAE,SC,ASO,ES,Towers with Radar,18,80,46,3,147,0,0,87,4,91,18,80,133,7,238,144,0,144,382
04/07/2002,CAE,SC,ASO,ES,Towers with Radar,14,87,52,5,158,0,0,78,1,79,14,87,130,6,237,54,0,54,291
04/08/2002,CAE,SC,ASO,ES,Towers with Radar,15,115,76,8,214,0,3,54,6,63,15,118,130,14,277,81,0,81,358
04/09/2002,CAE,SC,ASO,ES,Towers with Radar,54,148,71,2,275,0,1,33,1,35,54,149,104,3,310,26,0,26,336
04/10/2002,CAE,SC,ASO,ES,Towers with Radar,54,149,102,0,305,0,0,31,0,31,54,149,133,0,336,4,0,4,340
04/11/2002,CAE,SC,ASO,ES,Towers with Radar,51,142,138,4,335,0,3,34,0,37,51,145,172,4,372,59,0,59,431
04/12/2002,CAE,SC,ASO,ES,Towers with Radar,39,159,120,8,326,0,0,7,0,7,39,159,127,8,333,4,0,4,337
04/13/2002,CAE,SC,ASO,ES,Towers with Radar,18,93,64,2,177,0,0,26,0,26,18,93,90,2,203,94,4,98,301
04/14/2002,CAE,SC,ASO,ES,Towers with Radar,15,86,97,5,203,0,0,43,0,43,15,86,140,5,246,88,0,88,334
04/15/2002,CAE,SC,ASO,ES,Towers with Radar,15,118,65,0,198,0,5,34,0,39,15,123,99,0,237,84,0,84,321
04/16/2002,CAE,SC,ASO,ES,Towers with Radar,52,132,100,12,296,0,4,66,1,71,52,136,166,13,367,98,2,100,467
04/17/2002,CAE,SC,ASO,ES,Towers with Radar,49,123,84,16,272,0,11,63,0,74,49,134,147,16,346,78,26,104,450
04/18/2002,CAE,SC,ASO,ES,Towers with Radar,56,130,52,11,249,0,9,49,5,63,56,139,101,16,312,55,6,61,373
04/19/2002,CAE,SC,ASO,ES,Towers with Radar,36,130,51,9,226,0,8,61,1,70,36,138,112,10,296,29,6,35,331
04/20/2002,CAE,SC,ASO,ES,Towers with Radar,19,91,38,0,148,0,1,67,0,68,19,92,105,0,216,70,0,70,286
04/21/2002,CAE,SC,ASO,ES,Towers with Radar,14,72,38,3,127,0,0,24,2,26,14,72,62,5,153,142,2,144,297
04/22/2002,CAE,SC,ASO,ES,Towers with Radar,17,102,53,10,182,0,12,27,3,42,17,114,80,13,224,58,8,66,290
04/23/2002,CAE,SC,ASO,ES,Towers with Radar,21,161,71,0,253,0,14,87,2,103,21,175,158,2,356,144,0,144,500
04/24/2002,CAE,SC,ASO,ES,Towers with Radar,52,124,43,7,226,0,7,55,1,63,52,131,98,8,289,58,47,105,394
04/25/2002,CAE,SC,ASO,ES,Towers with Radar,32,167,75,5,279,0,4,56,0,60,32,171,131,5,339,71,0,71,410
04/26/2002,CAE,SC,ASO,ES,Towers with Radar,37,128,75,5,245,0,13,83,2,98,37,141,158,7,343,51,4,55,398
04/27/2002,CAE,SC,ASO,ES,Towers with Radar,21,84,30,6,141,0,0,38,2,40,21,84,68,8,181,65,2,67,248
04/28/2002,CAE,SC,ASO,ES,Towers with Radar,13,77,28,2,120,0,0,27,0,27,13,77,55,2,147,4,8,12,159
04/29/2002,CAE,SC,ASO,ES,Towers with Radar,17,116,50,10,193,0,8,47,3,58,17,124,97,13,251,97,12,109,360
04/30/2002,CAE,SC,ASO,ES,Towers with Radar,53,133,42,9,237,0,9,47,6,62,53,142,89,15,299,67,0,67,366
05/01/2002,CAE,SC,ASO,ES,Towers with Radar,52,139,64,5,260,0,7,18,0,25,52,146,82,5,285,25,1,26,311
05/02/2002,CAE,SC,ASO,ES,Towers with Radar,50,121,91,6,268,0,8,32,0,40,50,129,123,6,308,61,0,61,369
05/03/2002,CAE,SC,ASO,ES,Towers with Radar,36,123,66,6,231,0,21,0,18,39,36,144,66,24,270,26,20,46,316
05/04/2002,CAE,SC,ASO,ES,Towers with Radar,21,64,34,3,122,1,17,0,1,19,22,81,34,4,141,6,6,12,153
05/05/2002,CAE,SC,ASO,ES,Towers with Radar,12,71,46,4,133,0,0,41,0,41,12,71,87,4,174,80,0,80,254
05/06/2002,CAE,SC,ASO,ES,Towers with Radar,18,106,80,1,205,0,12,74,1,87,18,118,154,2,292,74,0,74,366
05/07/2002,CAE,SC,ASO,ES,Towers with Radar,47,126,97,3,273,0,12,35,0,47,47,138,132,3,320,149,4,153,473
05/08/2002,CAE,SC,ASO,ES,Towers with Radar,48,139,87,5,279,0,0,73,0,73,48,139,160,5,352,110,2,112,464
05/09/2002,CAE,SC,ASO,ES,Towers with Radar,43,139,77,2,261,14,0,32,0,46,57,139,109,2,307,28,0,28,335
05/10/2002,CAE,SC,ASO,ES,Towers with Radar,35,129,69,3,236,0,6,54,1,61,35,135,123,4,297,31,0,31,328
05/11/2002,CAE,SC,ASO,ES,Towers with Radar,17,81,42,0,140,0,2,3,0,5,17,83,45,0,145,66,0,66,211
05/12/2002,CAE,SC,ASO,ES,Towers with Radar,12,71,33,2,118,0,2,29,0,31,12,73,62,2,149,54,0,54,203
05/13/2002,CAE,SC,ASO,ES,Towers with Radar,14,100,53,6,173,0,5,35,0,40,14,105,88,6,213,26,12,38,251
05/14/2002,CAE,SC,ASO,ES,Towers with Radar,47,149,57,0,253,0,11,65,0,76,47,160,122,0,329,84,0,84,413
05/15/2002,CAE,SC,ASO,ES,Towers with Radar,39,133,69,7,248,9,4,74,2,89,48,137,143,9,337,22,0,22,359
05/16/2002,CAE,SC,ASO,ES,Towers with Radar,48,126,74,7,255,0,8,85,2,95,48,134,159,9,350,99,0,99,449
05/17/2002,CAE,SC,ASO,ES,Towers with Radar,37,130,45,9,221,0,6,63,0,69,37,136,108,9,290,18,0,18,308
05/18/2002,CAE,SC,ASO,ES,Towers with Radar,21,83,49,10,163,0,1,4,0,5,21,84,53,10,168,6,0,6,174
05/19/2002,CAE,SC,ASO,ES,Towers with Radar,12,81,49,6,148,0,0,46,2,48,12,81,95,8,196,88,0,88,284
05/20/2002,CAE,SC,ASO,ES,Towers with Radar,15,105,44,3,167,0,4,68,2,74,15,109,112,5,241,54,0,54,295
05/21/2002,CAE,SC,ASO,ES,Towers with Radar,48,130,54,2,234,0,4,64,0,68,48,134,118,2,302,34,0,34,336
05/22/2002,CAE,SC,ASO,ES,Towers with Radar,49,134,74,10,267,0,7,65,0,72,49,141,139,10,339,86,29,115,454
05/23/2002,CAE,SC,ASO,ES,Towers with Radar,49,132,77,3,261,0,5,88,0,93,49,137,165,3,354,43,0,43,397
05/24/2002,CAE,SC,ASO,ES,Towers with Radar,37,111,63,2,213,0,9,101,0,110,37,120,164,2,323,40,0,40,363
05/25/2002,CAE,SC,ASO,ES,Towers with Radar,20,82,27,1,130,0,1,62,0,63,20,83,89,1,193,72,0,72,265
05/26/2002,CAE,SC,ASO,ES,Towers with Radar,11,73,22,0,106,0,1,32,0,33,11,74,54,0,139,50,0,50,189
05/27/2002,CAE,SC,ASO,ES,Towers with Radar,14,81,46,3,144,0,1,44,0,45,14,82,90,3,189,34,0,34,223
05/28/2002,CAE,SC,ASO,ES,Towers with Radar,18,119,46,5,188,0,9,57,5,71,18,128,103,10,259,40,14,54,313
05/29/2002,CAE,SC,ASO,ES,Towers with Radar,45,144,79,7,275,3,0,84,17,104,48,144,163,24,379,34,10,44,423
05/30/2002,CAE,SC,ASO,ES,Towers with Radar,42,141,74,7,264,14,0,10,3,27,56,141,84,10,291,16,2,18,309
05/31/2002,CAE,SC,ASO,ES,Towers with Radar,39,139,74,7,259,0,15,24,23,62,39,154,98,30,321,39,47,86,407
06/01/2002,CAE,SC,ASO,ES,Towers with Radar,16,83,62,5,166,0,0,65,2,67,16,83,127,7,233,110,8,118,351
06/02/2002,CAE,SC,ASO,ES,Towers with Radar,11,77,53,2,143,0,0,64,0,64,11,77,117,2,207,60,0,60,267
06/03/2002,CAE,SC,ASO,ES,Towers with Radar,12,109,57,10,188,0,4,78,2,84,12,113,135,12,272,92,14,106,378
06/04/2002,CAE,SC,ASO,ES,Towers with Radar,52,123,69,0,244,0,7,44,6,57,52,130,113,6,301,51,0,51,352
06/05/2002,CAE,SC,ASO,ES,Towers with Radar,51,132,79,0,262,0,5,74,0,79,51,137,153,0,341,32,0,32,373
06/06/2002,CAE,SC,ASO,ES,Towers with Radar,59,137,83,0,279,0,6,74,1,81,59,143,157,1,360,30,0,30,390
06/07/2002,CAE,SC,ASO,ES,Towers with Radar,36,141,72,13,262,0,2,33,2,37,36,143,105,15,299,0,0,0,299
06/08/2002,CAE,SC,ASO,ES,Towers with Radar,16,86,33,6,141,0,0,46,1,47,16,86,79,7,188,60,6,66,254
06/09/2002,CAE,SC,ASO,ES,Towers with Radar,10,78,32,0,120,0,0,66,0,66,10,78,98,0,186,16,0,16,202
06/10/2002,CAE,SC,ASO,ES,Towers with Radar,13,114,49,5,181,0,0,80,1,81,13,114,129,6,262,62,6,68,330
06/11/2002,CAE,SC,ASO,ES,Towers with Radar,49,144,52,0,245,0,8,75,2,85,49,152,127,2,330,0,22,22,352
06/12/2002,CAE,SC,ASO,ES,Towers with Radar,36,132,63,6,237,8,9,75,0,92,44,141,138,6,329,0,44,44,373
06/13/2002,CAE,SC,ASO,ES,Towers with Radar,37,135,65,7,244,10,13,45,0,68,47,148,110,7,312,52,6,58,370
06/14/2002,CAE,SC,ASO,ES,Towers with Radar,34,121,58,6,219,2,22,51,5,80,36,143,109,11,299,52,0,52,351
06/15/2002,CAE,SC,ASO,ES,Towers with Radar,19,77,37,2,135,0,17,47,0,64,19,94,84,2,199,65,0,65,264
06/16/2002,CAE,SC,ASO,ES,Towers with Radar,10,74,32,2,118,0,0,69,1,70,10,74,101,3,188,0,52,52,240
06/17/2002,CAE,SC,ASO,ES,Towers with Radar,13,113,54,10,190,0,3,73,1,77,13,116,127,11,267,62,2,64,331
06/18/2002,CAE,SC,ASO,ES,Towers with Radar,46,141,68,9,264,0,5,70,3,78,46,146,138,12,342,12,0,12,354
06/19/2002,CAE,SC,ASO,ES,Towers with Radar,45,144,79,8,276,4,0,36,0,40,49,144,115,8,316,61,0,61,377
06/20/2002,CAE,SC,ASO,ES,Towers with Radar,47,137,90,2,276,0,3,49,1,53,47,140,139,3,329,87,14,101,430
06/21/2002,CAE,SC,ASO,ES,Towers with Radar,37,138,50,6,231,0,10,46,1,57,37,148,96,7,288,51,4,55,343
06/22/2002,CAE,SC,ASO,ES,Towers with Radar,24,87,30,1,142,0,0,20,6,26,24,87,50,7,168,26,0,26,194
06/23/2002,CAE,SC,ASO,ES,Towers with Radar,12,81,30,1,124,0,0,14,0,14,12,81,44,1,138,37,0,37,175
06/24/2002,CAE,SC,ASO,ES,Towers with Radar,16,106,49,8,179,0,1,35,1,37,16,107,84,9,216,24,4,28,244
06/25/2002,CAE,SC,ASO,ES,Towers with Radar,46,143,76,1,266,0,4,21,0,25,46,147,97,1,291,146,1,147,438
06/26/2002,CAE,SC,ASO,ES,Towers with Radar,47,148,56,33,284,0,4,14,0,18,47,152,70,33,302,4,34,38,340
06/27/2002,CAE,SC,ASO,ES,Towers with Radar,48,133,70,8,259,0,2,47,1,50,48,135,117,9,309,103,6,109,418
06/28/2002,CAE,SC,ASO,ES,Towers with Radar,33,131,87,20,271,0,6,89,0,95,33,137,176,20,366,100,22,122,488
06/29/2002,CAE,SC,ASO,ES,Towers with Radar,17,92,27,1,137,0,0,41,1,42,17,92,68,2,179,79,0,79,258
06/30/2002,CAE,SC,ASO,ES,Towers with Radar,10,75,29,11,125,0,0,52,0,52,10,75,81,11,177,42,8,50,227
07/01/2002,CAE,SC,ASO,ES,Towers with Radar,17,98,65,8,188,0,2,59,0,61,17,100,124,8,249,109,8,117,366
07/02/2002,CAE,SC,ASO,ES,Towers with Radar,45,127,45,11,228,0,7,46,5,58,45,134,91,16,286,140,34,174,460
07/03/2002,CAE,SC,ASO,ES,Towers with Radar,41,142,67,0,250,0,4,53,3,60,41,146,120,3,310,122,0,122,432
07/04/2002,CAE,SC,ASO,ES,Towers with Radar,16,89,21,0,126,0,7,30,2,39,16,96,51,2,165,21,0,21,186
07/05/2002,CAE,SC,ASO,ES,Towers with Radar,9,81,39,2,131,0,23,63,0,86,9,104,102,2,217,81,0,81,298
07/06/2002,CAE,SC,ASO,ES,Towers with Radar,16,81,31,0,128,0,2,33,0,35,16,83,64,0,163,84,0,84,247
07/07/2002,CAE,SC,ASO,ES,Towers with Radar,11,73,32,0,116,0,1,44,0,45,11,74,76,0,161,95,0,95,256
07/08/2002,CAE,SC,ASO,ES,Towers with Radar,14,107,67,9,197,0,2,51,0,53,14,109,118,9,250,45,12,57,307
07/09/2002,CAE,SC,ASO,ES,Towers with Radar,48,129,62,10,249,0,1,74,1,76,48,130,136,11,325,92,6,98,423
07/10/2002,CAE,SC,ASO,ES,Towers with Radar,49,128,78,23,278,0,13,55,1,69,49,141,133,24,347,106,26,132,479
07/11/2002,CAE,SC,ASO,ES,Towers with Radar,39,142,68,8,257,13,0,32,5,50,52,142,100,13,307,151,0,151,458
07/12/2002,CAE,SC,ASO,ES,Towers with Radar,36,142,52,15,245,0,3,32,0,35,36,145,84,15,280,108,30,138,418
07/13/2002,CAE,SC,ASO,ES,Towers with Radar,22,81,49,12,164,0,0,17,0,17,22,81,66,12,181,93,18,111,292
07/14/2002,CAE,SC,ASO,ES,Towers with Radar,12,73,73,17,175,0,0,32,3,35,12,73,105,20,210,39,16,55,265
07/15/2002,CAE,SC,ASO,ES,Towers with Radar,14,109,62,17,202,0,2,35,3,40,14,111,97,20,242,54,10,64,306
07/16/2002,CAE,SC,ASO,ES,Towers with Radar,47,141,64,3,255,0,3,69,3,75,47,144,133,6,330,67,0,67,397
07/17/2002,CAE,SC,ASO,ES,Towers with Radar,51,143,71,4,269,0,1,48,11,60,51,144,119,15,329,140,2,142,471
07/18/2002,CAE,SC,ASO,ES,Towers with Radar,39,139,70,4,252,10,0,46,0,56,49,139,116,4,308,166,0,166,474
07/19/2002,CAE,SC,ASO,ES,Towers with Radar,41,142,54,12,249,0,3,54,2,59,41,145,108,14,308,93,10,103,411
07/20/2002,CAE,SC,ASO,ES,Towers with Radar,16,88,41,1,146,0,0,60,2,62,16,88,101,3,208,65,0,65,273
07/21/2002,CAE,SC,ASO,ES,Towers with Radar,14,77,41,3,135,0,0,41,1,42,14,77,82,4,177,69,4,73,250
07/22/2002,CAE,SC,ASO,ES,Towers with Radar,22,114,59,4,199,0,0,47,2,49,22,114,106,6,248,82,0,82,330
07/23/2002,CAE,SC,ASO,ES,Towers with Radar,57,146,73,3,279,0,6,43,2,51,57,152,116,5,330,103,0,103,433
07/24/2002,CAE,SC,ASO,ES,Towers with Radar,49,143,64,10,266,0,2,18,2,22,49,145,82,12,288,54,0,54,342
07/25/2002,CAE,SC,ASO,ES,Towers with Radar,49,135,60,6,250,0,4,31,2,37,49,139,91,8,287,24,14,38,325
07/26/2002,CAE,SC,ASO,ES,Towers with Radar,36,126,63,3,228,0,0,44,3,47,36,126,107,6,275,12,2,14,289
07/27/2002,CAE,SC,ASO,ES,Towers with Radar,17,90,39,1,147,0,0,29,1,30,17,90,68,2,177,98,0,98,275
07/28/2002,CAE,SC,ASO,ES,Towers with Radar,10,67,36,4,117,0,0,28,3,31,10,67,64,7,148,37,20,57,205
07/29/2002,CAE,SC,ASO,ES,Towers with Radar,14,101,46,12,173,0,2,27,2,31,14,103,73,14,204,51,14,65,269
07/30/2002,CAE,SC,ASO,ES,Towers with Radar,21,175,67,6,269,0,0,51,2,53,21,175,118,8,322,132,2,134,456
07/31/2002,CAE,SC,ASO,ES,Towers with Radar,35,132,63,8,238,10,2,7,7,26,45,134,70,15,264,28,14,42,306
08/01/2002,CAE,SC,ASO,ES,Towers with Radar,45,143,70,11,269,0,4,41,0,45,45,147,111,11,314,98,0,98,412
08/02/2002,CAE,SC,ASO,ES,Towers with Radar,34,132,55,7,228,0,6,53,3,62,34,138,108,10,290,68,28,96,386
08/03/2002,CAE,SC,ASO,ES,Towers with Radar,16,92,29,1,138,0,2,58,0,60,16,94,87,1,198,32,0,32,230
08/04/2002,CAE,SC,ASO,ES,Towers with Radar,12,75,37,2,126,0,0,53,0,53,12,75,90,2,179,27,0,27,206
08/05/2002,CAE,SC,ASO,ES,Towers with Radar,13,110,48,12,183,0,0,39,0,39,13,110,87,12,222,99,20,119,341
08/06/2002,CAE,SC,ASO,ES,Towers with Radar,41,154,68,9,272,5,0,64,6,75,46,154,132,15,347,20,12,32,379
08/07/2002,CAE,SC,ASO,ES,Towers with Radar,50,154,53,5,262,0,0,58,1,59,50,154,111,6,321,102,0,102,423
08/08/2002,CAE,SC,ASO,ES,Towers with Radar,47,141,58,2,248,0,2,71,1,74,47,143,129,3,322,83,0,83,405
08/09/2002,CAE,SC,ASO,ES,Towers with Radar,36,151,43,8,238,0,0,59,1,60,36,151,102,9,298,82,0,82,380
08/10/2002,CAE,SC,ASO,ES,Towers with Radar,17,92,45,6,160,0,0,64,1,65,17,92,109,7,225,60,12,72,297
08/11/2002,CAE,SC,ASO,ES,Towers with Radar,10,79,51,2,142,0,0,50,2,52,10,79,101,4,194,28,0,28,222
08/12/2002,CAE,SC,ASO,ES,Towers with Radar,15,100,42,5,162,0,13,53,0,66,15,113,95,5,228,71,2,73,301
08/13/2002,CAE,SC,ASO,ES,Towers with Radar,41,166,44,12,263,0,0,56,0,56,41,166,100,12,319,21,8,29,348
08/14/2002,CAE,SC,ASO,ES,Towers with Radar,42,167,70,8,287,6,4,20,0,30,48,171,90,8,317,49,0,49,366
08/15/2002,CAE,SC,ASO,ES,Towers with Radar,50,157,58,7,272,0,2,40,1,43,50,159,98,8,315,47,0,47,362
08/16/2002,CAE,SC,ASO,ES,Towers with Radar,35,151,60,15,261,0,0,32,4,36,35,151,92,19,297,46,0,46,343
08/17/2002,CAE,SC,ASO,ES,Towers with Radar,16,89,50,1,156,0,0,49,0,49,16,89,99,1,205,43,0,43,248
08/18/2002,CAE,SC,ASO,ES,Towers with Radar,12,76,34,5,127,0,0,44,1,45,12,76,78,6,172,63,2,65,237
08/19/2002,CAE,SC,ASO,ES,Towers with Radar,15,125,43,6,189,0,0,27,3,30,15,125,70,9,219,36,8,44,263
08/20/2002,CAE,SC,ASO,ES,Towers with Radar,48,144,58,9,259,0,3,50,0,53,48,147,108,9,312,73,4,77,389
08/21/2002,CAE,SC,ASO,ES,Towers with Radar,46,154,33,5,238,0,0,45,3,48,46,154,78,8,286,69,4,73,359
08/22/2002,CAE,SC,ASO,ES,Towers with Radar,48,148,73,10,279,0,3,74,2,79,48,151,147,12,358,20,4,24,382
08/23/2002,CAE,SC,ASO,ES,Towers with Radar,39,142,55,0,236,0,3,75,6,84,39,145,130,6,320,96,8,104,424
08/24/2002,CAE,SC,ASO,ES,Towers with Radar,20,88,30,0,138,0,0,61,0,61,20,88,91,0,199,60,0,60,259
08/25/2002,CAE,SC,ASO,ES,Towers with Radar,10,81,28,3,122,0,0,21,0,21,10,81,49,3,143,10,0,10,153
08/26/2002,CAE,SC,ASO,ES,Towers with Radar,16,115,60,13,204,0,0,15,0,15,16,115,75,13,219,26,23,49,268
08/27/2002,CAE,SC,ASO,ES,Towers with Radar,49,147,77,8,281,0,0,14,6,20,49,147,91,14,301,18,14,32,333
08/28/2002,CAE,SC,ASO,ES,Towers with Radar,50,154,58,25,287,0,1,3,0,4,50,155,61,25,291,6,18,24,315
08/29/2002,CAE,SC,ASO,ES,Towers with Radar,50,149,64,22,285,0,0,4,0,4,50,149,68,22,289,23,12,35,324
08/30/2002,CAE,SC,ASO,ES,Towers with Radar,39,166,68,2,275,0,0,1,0,1,39,166,69,2,276,9,0,9,285
08/31/2002,CAE,SC,ASO,ES,Towers with Radar,11,87,58,0,156,0,0,0,0,0,11,87,58,0,156,12,0,12,168
09/01/2002,CAE,SC,ASO,ES,Towers with Radar,4,65,28,1,98,1,0,1,0,2,5,65,29,1,100,18,0,18,118
09/02/2002,CAE,SC,ASO,ES,Towers with Radar,8,81,54,0,143,0,0,37,1,38,8,81,91,1,181,48,0,48,229
09/03/2002,CAE,SC,ASO,ES,Towers with Radar,16,130,41,23,210,0,0,36,1,37,16,130,77,24,247,79,38,117,364
09/04/2002,CAE,SC,ASO,ES,Towers with Radar,47,153,62,6,268,0,2,54,6,62,47,155,116,12,330,28,0,28,358
09/05/2002,CAE,SC,ASO,ES,Towers with Radar,48,156,47,19,270,0,0,48,4,52,48,156,95,23,322,60,4,64,386
09/06/2002,CAE,SC,ASO,ES,Towers with Radar,30,148,60,20,258,0,1,61,10,72,30,149,121,30,330,48,43,91,421
09/07/2002,CAE,SC,ASO,ES,Towers with Radar,17,91,44,7,159,0,0,66,0,66,17,91,110,7,225,114,0,114,339
09/08/2002,CAE,SC,ASO,ES,Towers with Radar,10,75,42,10,137,0,0,73,10,83,10,75,115,20,220,44,8,52,272
09/09/2002,CAE,SC,ASO,ES,Towers with Radar,11,124,56,2,193,0,0,56,1,57,11,124,112,3,250,61,0,61,311
09/10/2002,CAE,SC,ASO,ES,Towers with Radar,37,157,45,13,252,0,0,33,1,34,37,157,78,14,286,35,9,44,330
09/11/2002,CAE,SC,ASO,ES,Towers with Radar,43,148,58,12,261,0,3,38,3,44,43,151,96,15,305,142,4,146,451
09/12/2002,CAE,SC,ASO,ES,Towers with Radar,43,159,59,2,263,0,3,40,0,43,43,162,99,2,306,63,0,63,369
09/13/2002,CAE,SC,ASO,ES,Towers with Radar,32,156,57,10,255,0,0,38,0,38,32,156,95,10,293,66,14,80,373
09/14/2002,CAE,SC,ASO,ES,Towers with Radar,15,88,28,2,133,0,0,13,0,13,15,88,41,2,146,4,0,4,150
09/15/2002,CAE,SC,ASO,ES,Towers with Radar,10,74,20,1,105,0,0,1,1,2,10,74,21,2,107,2,0,2,109
09/16/2002,CAE,SC,ASO,ES,Towers with Radar,10,123,60,11,204,0,0,19,2,21,10,123,79,13,225,36,8,44,269
09/17/2002,CAE,SC,ASO,ES,Towers with Radar,65,148,59,6,278,0,0,30,1,31,65,148,89,7,309,26,4,30,339
09/18/2002,CAE,SC,ASO,ES,Towers with Radar,46,153,46,5,250,0,0,1,0,1,46,153,47,5,251,8,0,8,259
09/19/2002,CAE,SC,ASO,ES,Towers with Radar,43,170,66,10,289,0,1,10,0,11,43,171,76,10,300,10,22,32,332
09/20/2002,CAE,SC,ASO,ES,Towers with Radar,47,149,59,16,271,0,1,36,0,37,47,150,95,16,308,28,43,71,379
09/21/2002,CAE,SC,ASO,ES,Towers with Radar,21,87,54,7,169,0,0,57,0,57,21,87,111,7,226,89,4,93,319
09/22/2002,CAE,SC,ASO,ES,Towers with Radar,18,76,34,6,134,0,0,51,0,51,18,76,85,6,185,22,2,24,209
09/23/2002,CAE,SC,ASO,ES,Towers with Radar,12,127,34,3,176,0,2,31,0,33,12,129,65,3,209,26,4,30,239
09/24/2002,CAE,SC,ASO,ES,Towers with Radar,47,149,55,7,258,0,1,21,1,23,47,150,76,8,281,32,1,33,314
09/25/2002,CAE,SC,ASO,ES,Towers with Radar,50,139,45,0,234,0,1,11,0,12,50,140,56,0,246,23,0,23,269
09/26/2002,CAE,SC,ASO,ES,Towers with Radar,49,159,60,22,290,0,0,3,0,3,49,159,63,22,293,16,26,42,335
09/27/2002,CAE,SC,ASO,ES,Towers with Radar,33,144,59,11,247,3,18,1,9,31,36,162,60,20,278,11,16,27,305
09/28/2002,CAE,SC,ASO,ES,Towers with Radar,14,92,63,5,174,0,0,48,1,49,14,92,111,6,223,98,0,98,321
09/29/2002,CAE,SC,ASO,ES,Towers with Radar,10,76,43,9,138,0,0,48,0,48,10,76,91,9,186,38,2,40,226
09/30/2002,CAE,SC,ASO,ES,Towers with Radar,10,120,74,16,220,0,0,33,1,34,10,120,107,17,254,52,10,62,316
10/01/2002,CAE,SC,ASO,ES,Towers with Radar,44,147,56,6,253,2,5,49,1,57,46,152,105,7,310,64,2,66,376
10/02/2002,CAE,SC,ASO,ES,Towers with Radar,43,149,56,8,256,3,6,54,8,71,46,155,110,16,327,39,2,41,368
10/03/2002,CAE,SC,ASO,ES,Towers with Radar,46,143,63,15,267,2,2,52,1,57,48,145,115,16,324,30,12,42,366
10/04/2002,CAE,SC,ASO,ES,Towers with Radar,37,150,77,8,272,0,0,28,21,49,37,150,105,29,321,47,20,67,388
10/05/2002,CAE,SC,ASO,ES,Towers with Radar,15,83,37,2,137,2,1,39,0,42,17,84,76,2,179,71,0,71,250
10/06/2002,CAE,SC,ASO,ES,Towers with Radar,10,78,39,0,127,2,1,58,2,63,12,79,97,2,190,70,0,70,260
10/07/2002,CAE,SC,ASO,ES,Towers with Radar,8,116,43,2,169,2,3,25,3,33,10,119,68,5,202,19,6,25,227
10/08/2002,CAE,SC,ASO,ES,Towers with Radar,46,141,44,18,249,2,0,8,0,10,48,141,52,18,259,37,16,53,312
10/09/2002,CAE,SC,ASO,ES,Towers with Radar,41,157,80,0,278,2,0,2,0,4,43,157,82,0,282,16,0,16,298
10/10/2002,CAE,SC,ASO,ES,Towers with Radar,47,141,34,8,230,2,0,40,2,44,49,141,74,10,274,107,0,107,381
10/11/2002,CAE,SC,ASO,ES,Towers with Radar,33,157,40,1,231,2,7,7,0,16,35,164,47,1,247,41,0,41,288
10/12/2002,CAE,SC,ASO,ES,Towers with Radar,14,81,52,0,147,2,1,38,0,41,16,82,90,0,188,52,0,52,240
10/13/2002,CAE,SC,ASO,ES,Towers with Radar,12,78,32,3,125,2,1,11,0,14,14,79,43,3,139,34,0,34,173
10/14/2002,CAE,SC,ASO,ES,Towers with Radar,8,98,40,4,150,2,1,14,0,17,10,99,54,4,167,34,2,36,203
10/15/2002,CAE,SC,ASO,ES,Towers with Radar,44,130,87,9,270,2,1,1,0,4,46,131,88,9,274,6,0,6,280
10/16/2002,CAE,SC,ASO,ES,Towers with Radar,46,150,71,12,279,1,3,29,0,33,47,153,100,12,312,69,0,69,381
10/17/2002,CAE,SC,ASO,ES,Towers with Radar,48,154,77,10,289,1,10,102,0,113,49,164,179,10,402,73,22,95,497
10/18/2002,CAE,SC,ASO,ES,Towers with Radar,35,142,57,2,236,1,2,99,6,108,36,144,156,8,344,95,29,124,468
10/19/2002,CAE,SC,ASO,ES,Towers with Radar,14,81,43,1,139,1,2,83,0,86,15,83,126,1,225,60,0,60,285
10/20/2002,CAE,SC,ASO,ES,Towers with Radar,12,73,49,10,144,1,2,51,0,54,13,75,100,10,198,77,0,77,275
10/21/2002,CAE,SC,ASO,ES,Towers with Radar,9,125,62,1,197,1,2,24,2,29,10,127,86,3,226,96,0,96,322
10/22/2002,CAE,SC,ASO,ES,Towers with Radar,45,155,58,10,268,1,2,4,0,7,46,157,62,10,275,28,0,28,303
10/23/2002,CAE,SC,ASO,ES,Towers with Radar,31,137,69,7,244,0,0,0,1,1,31,137,69,8,245,28,4,32,277
10/24/2002,CAE,SC,ASO,ES,Towers with Radar,10,76,39,3,128,0,0,43,0,43,10,76,82,3,171,23,0,23,194
10/25/2002,CAE,SC,ASO,ES,Towers with Radar,31,137,69,7,244,0,0,0,1,1,31,137,69,8,245,28,4,32,277
10/26/2002,CAE,SC,ASO,ES,Towers with Radar,10,76,39,3,128,0,0,43,0,43,10,76,82,3,171,23,0,23,194
10/27/2002,CAE,SC,ASO,ES,Towers with Radar,19,93,43,1,156,0,33,8,0,41,19,126,51,1,197,61,0,61,258
10/28/2002,CAE,SC,ASO,ES,Towers with Radar,18,122,44,1,185,1,4,7,0,12,19,126,51,1,197,61,0,61,258
10/29/2002,CAE,SC,ASO,ES,Towers with Radar,44,151,58,2,255,1,2,0,0,3,45,153,58,2,258,4,0,4,262
10/30/2002,CAE,SC,ASO,ES,Towers with Radar,46,150,103,19,318,1,2,0,0,3,47,152,103,19,321,13,5,18,339
10/31/2002,CAE,SC,ASO,ES,Towers with Radar,41,140,79,7,267,1,6,63,0,70,42,146,142,7,337,16,2,18,355
11/01/2002,CAE,SC,ASO,ES,Towers with Radar,37,131,51,6,225,0,2,66,5,73,37,133,117,11,298,41,2,43,341
11/02/2002,CAE,SC,ASO,ES,Towers with Radar,18,94,60,5,177,0,1,100,5,106,18,95,160,10,283,49,10,59,342
11/03/2002,CAE,SC,ASO,ES,Towers with Radar,9,83,44,4,140,0,0,60,0,60,9,83,104,4,200,88,0,88,288
11/04/2002,CAE,SC,ASO,ES,Towers with Radar,12,115,47,0,174,0,0,1,0,1,12,115,48,0,175,12,0,12,187
11/05/2002,CAE,SC,ASO,ES,Towers with Radar,44,138,53,8,243,0,0,0,0,0,44,138,53,8,243,10,0,10,253
11/06/2002,CAE,SC,ASO,ES,Towers with Radar,45,172,70,4,291,0,1,17,0,18,45,173,87,4,309,24,4,28,337
11/07/2002,CAE,SC,ASO,ES,Towers with Radar,43,154,88,12,297,0,1,85,3,89,43,155,173,15,386,93,2,95,481
11/08/2002,CAE,SC,ASO,ES,Towers with Radar,34,142,78,2,256,0,2,78,2,82,34,144,156,4,338,119,0,119,457
11/09/2002,CAE,SC,ASO,ES,Towers with Radar,17,85,55,3,160,0,1,63,2,66,17,86,118,5,226,122,0,122,348
11/10/2002,CAE,SC,ASO,ES,Towers with Radar,11,77,53,0,141,0,0,46,0,46,11,77,99,0,187,32,0,32,219
11/11/2002,CAE,SC,ASO,ES,Towers with Radar,10,93,46,2,151,0,0,0,0,0,10,93,46,2,151,0,0,0,151
11/12/2002,CAE,SC,ASO,ES,Towers with Radar,45,132,45,9,231,0,0,0,0,0,45,132,45,9,231,0,8,8,239
11/13/2002,CAE,SC,ASO,ES,Towers with Radar,51,164,78,2,295,0,1,70,0,71,51,165,148,2,366,105,0,105,471
11/14/2002,CAE,SC,ASO,ES,Towers with Radar,45,154,62,10,271,0,0,90,0,90,45,154,152,10,361,40,9,49,410
11/15/2002,CAE,SC,ASO,ES,Towers with Radar,34,162,65,11,272,0,1,66,2,69,34,163,131,13,341,48,22,70,411
11/16/2002,CAE,SC,ASO,ES,Towers with Radar,17,80,41,1,139,0,0,2,0,2,17,80,43,1,141,12,0,12,153
11/17/2002,CAE,SC,ASO,ES,Towers with Radar,9,72,43,10,134,0,0,0,0,0,9,72,43,10,134,6,6,12,146
11/18/2002,CAE,SC,ASO,ES,Towers with Radar,10,122,63,4,199,0,1,47,5,53,10,123,110,9,252,90,0,90,342
11/19/2002,CAE,SC,ASO,ES,Towers with Radar,47,144,69,8,268,0,2,58,1,61,47,146,127,9,329,31,0,31,360
11/20/2002,CAE,SC,ASO,ES,Towers with Radar,45,152,79,10,286,0,2,50,0,52,45,154,129,10,338,56,8,64,402
11/21/2002,CAE,SC,ASO,ES,Towers with Radar,46,142,59,6,253,0,0,36,0,36,46,142,95,6,289,61,27,88,377
11/22/2002,CAE,SC,ASO,ES,Towers with Radar,35,147,47,8,237,0,4,46,0,50,35,151,93,8,287,72,14,86,373
11/23/2002,CAE,SC,ASO,ES,Towers with Radar,14,87,52,12,165,0,0,74,0,74,14,87,126,12,239,171,8,179,418
11/24/2002,CAE,SC,ASO,ES,Towers with Radar,8,77,43,2,130,0,0,77,0,77,8,77,120,2,207,118,0,118,325
11/25/2002,CAE,SC,ASO,ES,Towers with Radar,12,116,48,4,180,0,0,43,2,45,12,116,91,6,225,49,4,53,278
11/26/2002,CAE,SC,ASO,ES,Towers with Radar,53,155,71,2,281,0,1,55,2,58,53,156,126,4,339,36,0,36,375
11/27/2002,CAE,SC,ASO,ES,Towers with Radar,56,161,54,12,283,0,3,60,2,65,56,164,114,14,348,35,0,35,383
11/28/2002,CAE,SC,ASO,ES,Towers with Radar,15,92,21,1,129,0,0,24,0,24,15,92,45,1,153,2,0,2,155
11/29/2002,CAE,SC,ASO,ES,Towers with Radar,9,107,31,0,147,0,2,80,0,82,9,109,111,0,229,12,0,12,241
11/30/2002,CAE,SC,ASO,ES,Towers with Radar,10,76,23,0,109,0,0,19,0,19,10,76,42,0,128,45,0,45,173
12/01/2002,CAE,SC,ASO,ES,Towers with Radar,7,92,46,6,151,1,0,57,0,58,8,92,103,6,209,81,14,95,304
12/02/2002,CAE,SC,ASO,ES,Towers with Radar,8,129,52,2,191,2,0,51,0,53,10,129,103,2,244,42,0,42,286
12/03/2002,CAE,SC,ASO,ES,Towers with Radar,56,162,64,16,298,2,1,38,0,41,58,163,102,16,339,36,10,46,385
12/04/2002,CAE,SC,ASO,ES,Towers with Radar,50,127,22,2,201,2,0,2,0,4,52,127,24,2,205,0,0,0,205
12/05/2002,CAE,SC,ASO,ES,Towers with Radar,48,129,39,17,233,2,0,3,0,5,50,129,42,17,238,6,14,20,258
12/06/2002,CAE,SC,ASO,ES,Towers with Radar,41,181,65,6,293,2,0,43,0,45,43,181,108,6,338,42,0,42,380
12/07/2002,CAE,SC,ASO,ES,Towers with Radar,10,99,21,4,134,2,0,55,2,59,12,99,76,6,193,65,0,65,258
12/08/2002,CAE,SC,ASO,ES,Towers with Radar,9,103,48,1,161,1,0,49,1,51,10,103,97,2,212,79,0,79,291
12/09/2002,CAE,SC,ASO,ES,Towers with Radar,16,147,41,6,210,0,1,23,0,24,16,148,64,6,234,44,2,46,280
12/10/2002,CAE,SC,ASO,ES,Towers with Radar,53,177,61,4,295,0,1,0,0,1,53,178,61,4,296,16,8,24,320
12/11/2002,CAE,SC,ASO,ES,Towers with Radar,56,177,58,10,301,0,1,0,2,3,56,178,58,12,304,4,6,10,314
12/12/2002,CAE,SC,ASO,ES,Towers with Radar,55,176,78,49,358,0,2,7,3,12,55,178,85,52,370,12,42,54,424
12/13/2002,CAE,SC,ASO,ES,Towers with Radar,40,164,81,9,294,0,1,0,0,1,40,165,81,9,295,24,6,30,325
12/14/2002,CAE,SC,ASO,ES,Towers with Radar,14,116,41,0,171,0,1,33,0,34,14,117,74,0,205,85,0,85,290
12/15/2002,CAE,SC,ASO,ES,Towers with Radar,22,95,41,1,159,0,1,63,0,64,22,96,104,1,223,52,0,52,275
12/16/2002,CAE,SC,ASO,ES,Towers with Radar,9,141,56,7,213,0,3,55,3,61,9,144,111,10,274,82,0,82,356
12/17/2002,CAE,SC,ASO,ES,Towers with Radar,74,168,65,16,323,0,4,51,4,59,74,172,116,20,382,44,12,56,438
12/18/2002,CAE,SC,ASO,ES,Towers with Radar,77,179,82,16,354,0,2,53,4,59,77,181,135,20,413,40,18,58,471
12/19/2002,CAE,SC,ASO,ES,Towers with Radar,73,164,76,10,323,0,1,5,0,6,73,165,81,10,329,6,6,12,341
12/20/2002,CAE,SC,ASO,ES,Towers with Radar,64,183,41,0,288,0,2,17,1,20,64,185,58,1,308,8,4,12,320
12/21/2002,CAE,SC,ASO,ES,Towers with Radar,15,111,40,6,172,0,0,46,2,48,15,111,86,8,220,35,8,43,263
12/22/2002,CAE,SC,ASO,ES,Towers with Radar,11,89,27,0,127,0,0,31,1,32,11,89,58,1,159,92,0,92,251
12/23/2002,CAE,SC,ASO,ES,Towers with Radar,18,115,20,0,153,0,0,79,0,79,18,115,99,0,232,56,0,56,288
12/24/2002,CAE,SC,ASO,ES,Towers with Radar,56,141,30,0,227,0,0,2,0,2,56,141,32,0,229,4,0,4,233
12/25/2002,CAE,SC,ASO,ES,Towers with Radar,9,82,6,0,97,0,0,2,0,2,9,82,8,0,99,0,0,0,99
12/26/2002,CAE,SC,ASO,ES,Towers with Radar,11,130,52,10,203,0,3,54,0,57,11,133,106,10,260,122,3,125,385
12/27/2002,CAE,SC,ASO,ES,Towers with Radar,16,138,39,9,202,0,2,65,0,67,16,140,104,9,269,33,14,47,316
12/28/2002,CAE,SC,ASO,ES,Towers with Radar,14,83,28,2,127,0,0,49,3,52,14,83,77,5,179,56,4,60,239
12/29/2002,CAE,SC,ASO,ES,Towers with Radar,6,87,19,0,112,0,0,46,0,46,6,87,65,0,158,38,0,38,196
12/30/2002,CAE,SC,ASO,ES,Towers with Radar,9,121,33,11,174,0,1,69,0,70,9,122,102,11,244,42,12,54,298
12/31/2002,CAE,SC,ASO,ES,Towers with Radar,44,130,34,8,216,0,0,39,0,39,44,130,73,8,255,19,16,35,290
01/01/2003,CAE,SC,ASO,ES,Towers with Radar,7,80,15,0,102,1,1,10,0,12,8,81,25,0,114,8,0,8,122
01/02/2003,CAE,SC,ASO,ES,Towers with Radar,12,127,81,0,220,2,0,7,0,9,14,127,88,0,229,14,0,14,243
01/03/2003,CAE,SC,ASO,ES,Towers with Radar,24,146,46,15,231,2,1,35,0,38,26,147,81,15,269,76,13,89,358
01/04/2003,CAE,SC,ASO,ES,Towers with Radar,13,83,38,6,140,0,0,70,2,72,13,83,108,8,212,50,6,56,268
01/05/2003,CAE,SC,ASO,ES,Towers with Radar,5,74,31,0,110,1,0,129,0,130,6,74,160,0,240,82,0,82,322
01/06/2003,CAE,SC,ASO,ES,Towers with Radar,7,124,32,0,163,1,1,37,0,39,8,125,69,0,202,39,0,39,241
01/07/2003,CAE,SC,ASO,ES,Towers with Radar,42,158,51,12,263,1,3,69,3,76,43,161,120,15,339,44,46,90,429
01/08/2003,CAE,SC,ASO,ES,Towers with Radar,32,151,58,0,241,11,0,49,0,60,43,151,107,0,301,66,0,66,367
01/09/2003,CAE,SC,ASO,ES,Towers with Radar,43,145,47,7,242,0,2,36,5,43,43,147,83,12,285,28,4,32,317
01/10/2003,CAE,SC,ASO,ES,Towers with Radar,38,143,52,4,237,0,3,40,3,46,38,146,92,7,283,105,4,109,392
01/11/2003,CAE,SC,ASO,ES,Towers with Radar,15,80,38,2,135,0,0,78,0,78,15,80,116,2,213,70,0,70,283
01/12/2003,CAE,SC,ASO,ES,Towers with Radar,7,80,23,6,116,0,0,41,0,41,7,80,64,6,157,88,2,90,247
01/13/2003,CAE,SC,ASO,ES,Towers with Radar,10,120,35,3,168,0,1,38,0,39,10,121,73,3,207,73,2,75,282
01/14/2003,CAE,SC,ASO,ES,Towers with Radar,41,152,63,2,258,0,5,61,0,66,41,157,124,2,324,96,0,96,420
01/15/2003,CAE,SC,ASO,ES,Towers with Radar,44,148,87,5,284,0,0,71,0,71,44,148,158,5,355,70,0,70,425
01/16/2003,CAE,SC,ASO,ES,Towers with Radar,50,133,50,29,262,0,1,42,0,43,50,134,92,29,305,42,38,80,385
01/17/2003,CAE,SC,ASO,ES,Towers with Radar,30,137,50,6,223,2,22,3,0,27,32,159,53,6,250,10,0,10,260
01/18/2003,CAE,SC,ASO,ES,Towers with Radar,14,77,13,4,108,0,0,58,0,58,14,77,71,4,166,16,16,32,198
01/19/2003,CAE,SC,ASO,ES,Towers with Radar,6,87,23,2,118,0,0,45,0,45,6,87,68,2,163,127,0,127,290
01/20/2003,CAE,SC,ASO,ES,Towers with Radar,12,116,43,7,178,0,0,30,6,36,12,116,73,13,214,53,22,75,289
01/21/2003,CAE,SC,ASO,ES,Towers with Radar,33,140,49,7,229,0,3,19,0,22,33,143,68,7,251,31,10,41,292
01/22/2003,CAE,SC,ASO,ES,Towers with Radar,44,148,61,1,254,0,0,24,0,24,44,148,85,1,278,83,0,83,361
01/23/2003,CAE,SC,ASO,ES,Towers with Radar,45,147,41,8,241,0,1,4,0,5,45,148,45,8,246,0,6,6,252
01/24/2003,CAE,SC,ASO,ES,Towers with Radar,33,145,51,3,232,0,2,58,0,60,33,147,109,3,292,35,0,35,327
01/25/2003,CAE,SC,ASO,ES,Towers with Radar,15,78,31,5,129,0,0,42,1,43,15,78,73,6,172,70,4,74,246
01/26/2003,CAE,SC,ASO,ES,Towers with Radar,6,82,28,4,120,0,0,38,0,38,6,82,66,4,158,16,0,16,174
01/27/2003,CAE,SC,ASO,ES,Towers with Radar,10,102,38,6,156,0,19,32,6,57,10,121,70,12,213,18,18,36,249
01/28/2003,CAE,SC,ASO,ES,Towers with Radar,44,150,63,6,263,0,2,74,0,76,44,152,137,6,339,66,2,68,407
01/29/2003,CAE,SC,ASO,ES,Towers with Radar,40,140,45,10,235,0,0,30,1,31,40,140,75,11,266,46,0,46,312
01/30/2003,CAE,SC,ASO,ES,Towers with Radar,36,156,63,9,264,13,0,1,19,33,49,156,64,28,297,23,22,45,342
01/31/2003,CAE,SC,ASO,ES,Towers with Radar,30,158,87,13,288,0,0,4,0,4,30,158,91,13,292,52,6,58,350
02/01/2003,CAE,SC,ASO,ES,Towers with Radar,10,85,39,3,137,1,3,64,0,68,11,88,103,3,205,36,0,36,241
02/02/2003,CAE,SC,ASO,ES,Towers with Radar,5,93,35,1,134,1,0,65,2,68,6,93,100,3,202,38,0,38,240
02/03/2003,CAE,SC,ASO,ES,Towers with Radar,7,120,41,5,173,1,1,42,1,45,8,121,83,6,218,154,0,154,372
02/04/2003,CAE,SC,ASO,ES,Towers with Radar,27,125,50,6,208,12,18,7,11,48,39,143,57,17,256,23,12,35,291
02/05/2003,CAE,SC,ASO,ES,Towers with Radar,40,139,65,10,254,0,0,59,0,59,40,139,124,10,313,19,16,35,348
02/06/2003,CAE,SC,ASO,ES,Towers with Radar,48,149,56,7,260,0,4,27,0,31,48,153,83,7,291,48,0,48,339
02/07/2003,CAE,SC,ASO,ES,Towers with Radar,33,141,39,10,223,0,0,10,0,10,33,141,49,10,233,14,4,18,251
02/08/2003,CAE,SC,ASO,ES,Towers with Radar,10,85,51,2,148,0,0,73,1,74,10,85,124,3,222,90,8,98,320
02/09/2003,CAE,SC,ASO,ES,Towers with Radar,7,90,37,4,138,0,3,35,0,38,7,93,72,4,176,42,0,42,218
02/10/2003,CAE,SC,ASO,ES,Towers with Radar,8,108,42,6,164,0,20,0,10,30,8,128,42,16,194,13,32,45,239
02/11/2003,CAE,SC,ASO,ES,Towers with Radar,37,139,62,14,252,0,1,68,1,70,37,140,130,15,322,122,12,134,456
02/12/2003,CAE,SC,ASO,ES,Towers with Radar,45,146,51,17,259,0,10,40,0,50,45,156,91,17,309,36,8,44,353
02/13/2003,CAE,SC,ASO,ES,Towers with Radar,48,149,59,5,261,0,0,76,0,76,48,149,135,5,337,68,2,70,407
02/14/2003,CAE,SC,ASO,ES,Towers with Radar,35,147,50,3,235,0,1,38,4,43,35,148,88,7,278,68,0,68,346
02/15/2003,CAE,SC,ASO,ES,Towers with Radar,12,84,21,7,124,0,0,30,0,30,12,84,51,7,154,120,8,128,282
02/16/2003,CAE,SC,ASO,ES,Towers with Radar,4,55,19,1,79,0,0,1,0,1,4,55,20,1,80,0,0,0,80
02/17/2003,CAE,SC,ASO,ES,Towers with Radar,13,71,33,0,117,0,0,1,0,1,13,71,34,0,118,0,0,0,118
02/18/2003,CAE,SC,ASO,ES,Towers with Radar,28,124,91,6,249,0,0,48,0,48,28,124,139,6,297,64,6,70,367
02/19/2003,CAE,SC,ASO,ES,Towers with Radar,37,142,72,9,260,3,0,53,13,69,40,142,125,22,329,63,0,63,392
02/20/2003,CAE,SC,ASO,ES,Towers with Radar,45,152,73,1,271,0,0,32,1,33,45,152,105,2,304,68,0,68,372
02/21/2003,CAE,SC,ASO,ES,Towers with Radar,29,139,112,13,293,0,0,12,0,12,29,139,124,13,305,36,8,44,349
02/22/2003,CAE,SC,ASO,ES,Towers with Radar,13,70,10,1,94,0,0,6,0,6,13,70,16,1,100,36,0,36,136
02/23/2003,CAE,SC,ASO,ES,Towers with Radar,6,79,40,1,126,0,0,30,1,31,6,79,70,2,157,76,0,76,233
02/24/2003,CAE,SC,ASO,ES,Towers with Radar,6,117,43,8,174,0,1,40,0,41,6,118,83,8,215,69,0,69,284
02/25/2003,CAE,SC,ASO,ES,Towers with Radar,44,150,61,7,262,0,1,45,5,51,44,151,106,12,313,44,0,44,357
02/26/2003,CAE,SC,ASO,ES,Towers with Radar,31,145,47,4,227,10,0,0,0,10,41,145,47,4,237,6,4,10,247
02/27/2003,CAE,SC,ASO,ES,Towers with Radar,42,169,39,3,253,0,0,1,0,1,42,169,40,3,254,0,0,0,254
02/28/2003,CAE,SC,ASO,ES,Towers with Radar,28,163,77,3,271,0,1,13,0,14,28,164,90,3,285,48,0,48,333
03/01/2003,CAE,SC,ASO,ES,Towers with Radar,11,79,30,0,120,0,2,0,0,2,11,81,30,0,122,6,0,6,128
03/02/2003,CAE,SC,ASO,ES,Towers with Radar,4,78,48,9,139,0,2,28,0,30,4,80,76,9,169,58,2,60,229
03/03/2003,CAE,SC,ASO,ES,Towers with Radar,11,134,46,9,200,0,3,57,0,60,11,137,103,9,260,56,4,60,320
03/04/2003,CAE,SC,ASO,ES,Towers with Radar,42,145,74,3,264,0,3,57,0,60,42,148,131,3,324,61,0,61,385
03/05/2003,CAE,SC,ASO,ES,Towers with Radar,35,155,73,8,271,11,6,8,1,26,46,161,81,9,297,62,0,62,359
03/06/2003,CAE,SC,ASO,ES,Towers with Radar,57,139,71,3,270,0,3,9,0,12,57,142,80,3,282,38,0,38,320
03/07/2003,CAE,SC,ASO,ES,Towers with Radar,31,151,71,6,259,0,0,4,0,4,31,151,75,6,263,20,0,20,283
03/08/2003,CAE,SC,ASO,ES,Towers with Radar,18,81,62,0,161,0,2,55,0,57,18,83,117,0,218,78,0,78,296
03/09/2003,CAE,SC,ASO,ES,Towers with Radar,9,84,39,2,134,0,3,62,0,65,9,87,101,2,199,68,0,68,267
03/10/2003,CAE,SC,ASO,ES,Towers with Radar,10,130,52,15,207,0,4,75,2,81,10,134,127,17,288,37,15,52,340
03/11/2003,CAE,SC,ASO,ES,Towers with Radar,49,157,72,15,293,0,5,56,3,64,49,162,128,18,357,77,12,89,446
03/12/2003,CAE,SC,ASO,ES,Towers with Radar,36,155,73,8,272,8,0,68,5,81,44,155,141,13,353,85,0,85,438
03/13/2003,CAE,SC,ASO,ES,Towers with Radar,49,148,69,3,269,0,4,16,0,20,49,152,85,3,289,83,0,83,372
03/14/2003,CAE,SC,ASO,ES,Towers with Radar,33,152,69,13,267,0,3,25,0,28,33,155,94,13,295,100,0,100,395
03/15/2003,CAE,SC,ASO,ES,Towers with Radar,12,73,33,0,118,0,13,3,0,16,12,86,36,0,134,10,0,10,144
03/16/2003,CAE,SC,ASO,ES,Towers with Radar,4,85,57,0,146,0,1,7,0,8,4,86,64,0,154,20,0,20,174
03/17/2003,CAE,SC,ASO,ES,Towers with Radar,8,123,46,0,177,0,1,1,0,2,8,124,47,0,179,10,0,10,189
03/18/2003,CAE,SC,ASO,ES,Towers with Radar,41,147,45,5,238,0,1,2,1,4,41,148,47,6,242,16,2,18,260
03/19/2003,CAE,SC,ASO,ES,Towers with Radar,35,153,54,8,250,15,0,0,26,41,50,153,54,34,291,16,20,36,327
03/20/2003,CAE,SC,ASO,ES,Towers with Radar,48,156,41,1,246,0,1,6,2,9,48,157,47,3,255,6,0,6,261
03/21/2003,CAE,SC,ASO,ES,Towers with Radar,38,143,51,5,237,0,1,39,0,40,38,144,90,5,277,2,0,2,279
03/22/2003,CAE,SC,ASO,ES,Towers with Radar,12,82,61,2,157,0,1,118,0,119,12,83,179,2,276,104,2,106,382
03/23/2003,CAE,SC,ASO,ES,Towers with Radar,6,84,45,2,137,0,0,88,0,88,6,84,133,2,225,80,0,80,305
03/24/2003,CAE,SC,ASO,ES,Towers with Radar,15,121,58,8,202,0,1,68,1,70,15,122,126,9,272,43,4,47,319
03/25/2003,CAE,SC,ASO,ES,Towers with Radar,31,146,67,8,252,8,0,67,6,81,39,146,134,14,333,94,0,94,427
03/26/2003,CAE,SC,ASO,ES,Towers with Radar,33,144,68,8,253,11,0,51,5,67,44,144,119,13,320,54,6,60,380
03/27/2003,CAE,SC,ASO,ES,Towers with Radar,44,155,72,4,275,0,1,39,0,40,44,156,111,4,315,56,2,58,373
03/28/2003,CAE,SC,ASO,ES,Towers with Radar,36,148,76,9,269,1,0,37,4,42,37,148,113,13,311,110,4,114,425
03/29/2003,CAE,SC,ASO,ES,Towers with Radar,10,89,47,0,146,0,0,65,0,65,10,89,112,0,211,111,0,111,322
03/30/2003,CAE,SC,ASO,ES,Towers with Radar,6,80,34,0,120,0,1,8,0,9,6,81,42,0,129,49,0,49,178
03/31/2003,CAE,SC,ASO,ES,Towers with Radar,11,123,68,10,212,0,3,52,1,56,11,126,120,11,268,54,16,70,338
04/01/2003,CAE,SC,ASO,ES,Towers with Radar,40,171,73,1,285,2,0,61,4,67,42,171,134,5,352,36,2,38,390
04/02/2003,CAE,SC,ASO,ES,Towers with Radar,29,147,64,4,244,13,23,45,3,84,42,170,109,7,328,33,6,39,367
04/03/2003,CAE,SC,ASO,ES,Towers with Radar,49,173,59,0,281,0,0,58,4,62,49,173,117,4,343,20,0,20,363
04/04/2003,CAE,SC,ASO,ES,Towers with Radar,39,153,53,3,248,0,1,60,6,67,39,154,113,9,315,98,0,98,413
04/05/2003,CAE,SC,ASO,ES,Towers with Radar,15,84,40,1,140,0,0,23,1,24,15,84,63,2,164,54,0,54,218
04/06/2003,CAE,SC,ASO,ES,Towers with Radar,4,90,51,14,159,0,0,20,1,21,4,90,71,15,180,6,10,16,196
04/07/2003,CAE,SC,ASO,ES,Towers with Radar,6,122,44,2,174,0,0,0,1,1,6,122,44,3,175,2,0,2,177
04/08/2003,CAE,SC,ASO,ES,Towers with Radar,31,156,81,19,287,0,0,0,0,0,31,156,81,19,287,18,26,44,331
04/09/2003,CAE,SC,ASO,ES,Towers with Radar,43,153,88,16,300,0,0,3,0,3,43,153,91,16,303,30,2,32,335
04/10/2003,CAE,SC,ASO,ES,Towers with Radar,41,157,72,0,270,0,0,1,0,1,41,157,73,0,271,10,0,10,281
04/11/2003,CAE,SC,ASO,ES,Towers with Radar,25,155,86,8,274,0,1,17,0,18,25,156,103,8,292,36,10,46,338
04/12/2003,CAE,SC,ASO,ES,Towers with Radar,13,92,55,0,160,0,0,76,2,78,13,92,131,2,238,172,0,172,410
04/13/2003,CAE,SC,ASO,ES,Towers with Radar,6,93,60,2,161,0,0,78,5,83,6,93,138,7,244,50,0,50,294
04/14/2003,CAE,SC,ASO,ES,Towers with Radar,6,132,54,5,197,0,1,57,0,58,6,133,111,5,255,60,14,74,329
04/15/2003,CAE,SC,ASO,ES,Towers with Radar,32,152,67,6,257,6,0,35,2,43,38,152,102,8,300,93,0,93,393
04/16/2003,CAE,SC,ASO,ES,Towers with Radar,40,151,74,9,274,0,3,78,0,81,40,154,152,9,355,58,0,58,413
04/17/2003,CAE,SC,ASO,ES,Towers with Radar,38,159,83,7,287,0,2,51,2,55,38,161,134,9,342,41,0,41,383
04/18/2003,CAE,SC,ASO,ES,Towers with Radar,27,133,44,0,204,1,21,0,0,22,28,154,44,0,226,2,0,2,228
04/19/2003,CAE,SC,ASO,ES,Towers with Radar,10,79,53,0,142,0,0,4,0,4,10,79,57,0,146,16,0,16,162
04/20/2003,CAE,SC,ASO,ES,Towers with Radar,4,81,48,0,133,0,0,18,0,18,4,81,66,0,151,16,0,16,167
04/21/2003,CAE,SC,ASO,ES,Towers with Radar,8,126,60,14,208,0,2,6,1,9,8,128,66,15,217,50,0,50,267
04/22/2003,CAE,SC,ASO,ES,Towers with Radar,39,160,54,0,253,0,0,56,0,56,39,160,110,0,309,84,0,84,393
04/23/2003,CAE,SC,ASO,ES,Towers with Radar,31,156,67,6,260,10,4,98,0,112,41,160,165,6,372,66,0,66,438
04/24/2003,CAE,SC,ASO,ES,Towers with Radar,42,155,46,2,245,0,0,62,0,62,42,155,108,2,307,102,0,102,409
04/25/2003,CAE,SC,ASO,ES,Towers with Radar,26,149,38,3,216,0,1,3,0,4,26,150,41,3,220,0,0,0,220
04/26/2003,CAE,SC,ASO,ES,Towers with Radar,12,86,38,2,138,0,0,33,0,33,12,86,71,2,171,99,2,101,272
04/27/2003,CAE,SC,ASO,ES,Towers with Radar,4,91,56,4,155,0,0,51,0,51,4,91,107,4,206,30,0,30,236
04/28/2003,CAE,SC,ASO,ES,Towers with Radar,10,129,38,1,178,0,0,44,3,47,10,129,82,4,225,62,0,62,287
04/29/2003,CAE,SC,ASO,ES,Towers with Radar,39,158,48,9,254,0,0,47,3,50,39,158,95,12,304,63,0,63,367
04/30/2003,CAE,SC,ASO,ES,Towers with Radar,38,141,48,13,240,0,0,46,2,48,38,141,94,15,288,22,18,40,328
05/01/2003,CAE,SC,ASO,ES,Towers with Radar,43,151,58,4,256,0,6,35,1,42,43,157,93,5,298,81,0,81,379
05/02/2003,CAE,SC,ASO,ES,Towers with Radar,32,152,49,7,240,0,3,41,0,44,32,155,90,7,284,4,0,4,288
05/03/2003,CAE,SC,ASO,ES,Towers with Radar,12,84,18,3,117,0,3,32,0,35,12,87,50,3,152,44,0,44,196
05/04/2003,CAE,SC,ASO,ES,Towers with Radar,9,92,50,4,155,0,0,15,0,15,9,92,65,4,170,28,18,46,216
05/05/2003,CAE,SC,ASO,ES,Towers with Radar,4,118,50,2,174,0,3,5,0,8,4,121,55,2,182,8,0,8,190
05/06/2003,CAE,SC,ASO,ES,Towers with Radar,31,145,60,7,243,20,10,19,1,50,51,155,79,8,293,16,0,16,309
05/07/2003,CAE,SC,ASO,ES,Towers with Radar,37,158,58,8,261,0,3,20,2,25,37,161,78,10,286,88,2,90,376
05/08/2003,CAE,SC,ASO,ES,Towers with Radar,40,156,65,4,265,0,3,55,0,58,40,159,120,4,323,14,0,14,337
05/09/2003,CAE,SC,ASO,ES,Towers with Radar,28,152,66,13,259,0,2,45,4,51,28,154,111,17,310,30,0,30,340
05/10/2003,CAE,SC,ASO,ES,Towers with Radar,12,81,38,0,131,0,11,57,0,68,12,92,95,0,199,16,0,16,215
05/11/2003,CAE,SC,ASO,ES,Towers with Radar,8,82,35,3,128,0,0,5,0,5,8,82,40,3,133,38,0,38,171
05/12/2003,CAE,SC,ASO,ES,Towers with Radar,8,121,39,24,192,0,3,42,1,46,8,124,81,25,238,16,20,36,274
05/13/2003,CAE,SC,ASO,ES,Towers with Radar,41,156,46,4,247,0,3,58,1,62,41,159,104,5,309,6,0,6,315
05/14/2003,CAE,SC,ASO,ES,Towers with Radar,34,152,66,7,259,7,0,51,2,60,41,152,117,9,319,126,12,138,457
05/15/2003,CAE,SC,ASO,ES,Towers with Radar,52,151,72,2,277,0,4,8,0,12,52,155,80,2,289,40,0,40,329
05/16/2003,CAE,SC,ASO,ES,Towers with Radar,33,153,65,6,257,1,0,23,0,24,34,153,88,6,281,30,2,32,313
05/17/2003,CAE,SC,ASO,ES,Towers with Radar,14,88,56,1,159,0,2,7,0,9,14,90,63,1,168,28,0,28,196
05/18/2003,CAE,SC,ASO,ES,Towers with Radar,9,85,30,0,124,0,2,1,0,3,9,87,31,0,127,24,0,24,151
05/19/2003,CAE,SC,ASO,ES,Towers with Radar,10,120,51,16,197,0,2,5,0,7,10,122,56,16,204,26,16,42,246
05/20/2003,CAE,SC,ASO,ES,Towers with Radar,35,149,69,7,260,25,0,51,4,80,60,149,120,11,340,48,2,50,390
05/21/2003,CAE,SC,ASO,ES,Towers with Radar,44,149,58,5,256,0,5,29,0,34,44,154,87,5,290,66,2,68,358
05/22/2003,CAE,SC,ASO,ES,Towers with Radar,40,153,58,2,253,0,2,1,0,3,40,155,59,2,256,8,0,8,264
05/23/2003,CAE,SC,ASO,ES,Towers with Radar,25,144,71,2,242,0,2,7,0,9,25,146,78,2,251,13,0,13,264
05/24/2003,CAE,SC,ASO,ES,Towers with Radar,10,84,56,0,150,0,2,27,0,29,10,86,83,0,179,78,0,78,257
05/25/2003,CAE,SC,ASO,ES,Towers with Radar,8,82,26,2,118,0,2,39,0,41,8,84,65,2,159,28,0,28,187
05/26/2003,CAE,SC,ASO,ES,Towers with Radar,6,97,40,3,146,0,2,15,0,17,6,99,55,3,163,18,6,24,187
05/27/2003,CAE,SC,ASO,ES,Towers with Radar,11,136,60,6,213,0,0,54,4,58,11,136,114,10,271,53,2,55,326
05/28/2003,CAE,SC,ASO,ES,Towers with Radar,42,154,73,2,271,0,5,88,2,95,42,159,161,4,366,108,0,108,474
05/29/2003,CAE,SC,ASO,ES,Towers with Radar,31,147,60,6,244,11,14,20,0,45,42,161,80,6,289,83,2,85,374
05/30/2003,CAE,SC,ASO,ES,Towers with Radar,29,156,69,22,276,0,2,100,5,107,29,158,169,27,383,77,8,85,468
05/31/2003,CAE,SC,ASO,ES,Towers with Radar,18,84,34,0,136,1,4,28,0,33,19,88,62,0,169,67,0,67,236
06/01/2003,CAE,SC,ASO,ES,Towers with Radar,6,87,31,8,132,0,3,53,0,56,6,90,84,8,188,102,4,106,294
06/02/2003,CAE,SC,ASO,ES,Towers with Radar,18,131,43,7,199,1,0,63,7,71,19,131,106,14,270,44,10,54,324
06/03/2003,CAE,SC,ASO,ES,Towers with Radar,40,152,42,7,241,2,0,7,0,9,42,152,49,7,250,12,10,22,272
06/04/2003,CAE,SC,ASO,ES,Towers with Radar,39,163,56,7,265,2,0,22,1,25,41,163,78,8,290,40,6,46,336
06/05/2003,CAE,SC,ASO,ES,Towers with Radar,40,156,55,9,260,2,0,81,0,83,42,156,136,9,343,91,12,103,446
06/06/2003,CAE,SC,ASO,ES,Towers with Radar,30,157,57,9,253,0,3,31,3,37,30,160,88,12,290,25,18,43,333
06/07/2003,CAE,SC,ASO,ES,Towers with Radar,14,84,35,1,134,1,0,4,0,5,15,84,39,1,139,10,0,10,149
06/08/2003,CAE,SC,ASO,ES,Towers with Radar,9,87,41,6,143,0,0,8,19,27,9,87,49,25,170,87,22,109,279
06/09/2003,CAE,SC,ASO,ES,Towers with Radar,11,124,50,3,188,0,1,55,1,57,11,125,105,4,245,15,0,15,260
06/10/2003,CAE,SC,ASO,ES,Towers with Radar,41,147,56,9,253,0,1,65,1,67,41,148,121,10,320,41,16,57,377
06/11/2003,CAE,SC,ASO,ES,Towers with Radar,47,155,94,0,296,0,1,31,0,32,47,156,125,0,328,44,0,44,372
06/12/2003,CAE,SC,ASO,ES,Towers with Radar,40,154,53,2,249,0,1,37,0,38,40,155,90,2,287,16,0,16,303
06/13/2003,CAE,SC,ASO,ES,Towers with Radar,26,146,55,10,237,0,2,27,0,29,26,148,82,10,266,61,4,65,331
06/14/2003,CAE,SC,ASO,ES,Towers with Radar,13,97,28,0,138,0,2,28,0,30,13,99,56,0,168,77,0,77,245
06/15/2003,CAE,SC,ASO,ES,Towers with Radar,6,90,33,0,129,0,2,23,0,25,6,92,56,0,154,46,0,46,200
06/16/2003,CAE,SC,ASO,ES,Towers with Radar,9,128,35,4,176,0,2,19,0,21,9,130,54,4,197,43,2,45,242
06/17/2003,CAE,SC,ASO,ES,Towers with Radar,65,130,49,1,245,0,1,14,0,15,65,131,63,1,260,33,0,33,293
06/18/2003,CAE,SC,ASO,ES,Towers with Radar,41,157,53,2,253,0,1,3,0,4,41,158,56,2,257,48,0,48,305
06/19/2003,CAE,SC,ASO,ES,Towers with Radar,44,155,45,2,246,0,5,30,0,35,44,160,75,2,281,37,0,37,318
06/20/2003,CAE,SC,ASO,ES,Towers with Radar,31,157,47,10,245,0,2,32,0,34,31,159,79,10,279,77,4,81,360
06/21/2003,CAE,SC,ASO,ES,Towers with Radar,13,96,23,2,134,0,1,91,0,92,13,97,114,2,226,77,0,77,303
06/22/2003,CAE,SC,ASO,ES,Towers with Radar,12,84,33,10,139,0,1,48,0,49,12,85,81,10,188,72,0,72,260
06/23/2003,CAE,SC,ASO,ES,Towers with Radar,10,123,36,7,176,0,5,62,1,68,10,128,98,8,244,63,2,65,309
06/24/2003,CAE,SC,ASO,ES,Towers with Radar,49,157,63,3,272,0,2,61,0,63,49,159,124,3,335,38,0,38,373
06/25/2003,CAE,SC,ASO,ES,Towers with Radar,34,159,59,9,261,8,0,46,5,59,42,159,105,14,320,64,6,70,390
06/26/2003,CAE,SC,ASO,ES,Towers with Radar,45,149,65,28,287,0,1,45,1,47,45,150,110,29,334,109,18,127,461
06/27/2003,CAE,SC,ASO,ES,Towers with Radar,26,147,62,8,243,0,1,48,2,51,26,148,110,10,294,58,0,58,352
06/28/2003,CAE,SC,ASO,ES,Towers with Radar,15,90,22,10,137,0,3,22,1,26,15,93,44,11,163,56,22,78,241
06/29/2003,CAE,SC,ASO,ES,Towers with Radar,6,88,42,4,140,0,1,46,0,47,6,89,88,4,187,65,6,71,258
06/30/2003,CAE,SC,ASO,ES,Towers with Radar,10,128,48,10,196,0,1,20,0,21,10,129,68,10,217,93,14,107,324
07/01/2003,CAE,SC,ASO,ES,Towers with Radar,37,156,54,6,253,7,0,2,6,15,44,156,56,12,268,12,0,12,280
07/02/2003,CAE,SC,ASO,ES,Towers with Radar,43,156,41,9,249,0,9,10,2,21,43,165,51,11,270,34,14,48,318
07/03/2003,CAE,SC,ASO,ES,Towers with Radar,33,154,49,3,239,0,1,50,3,54,33,155,99,6,293,58,0,58,351
07/04/2003,CAE,SC,ASO,ES,Towers with Radar,8,80,9,0,97,0,1,39,0,40,8,81,48,0,137,75,0,75,212
07/05/2003,CAE,SC,ASO,ES,Towers with Radar,6,84,21,0,111,0,1,19,0,20,6,85,40,0,131,68,0,68,199
07/06/2003,CAE,SC,ASO,ES,Towers with Radar,8,89,33,1,131,0,0,39,1,40,8,89,72,2,171,126,2,128,299
07/07/2003,CAE,SC,ASO,ES,Towers with Radar,8,113,35,13,169,0,0,28,0,28,8,113,63,13,197,20,10,30,227
07/08/2003,CAE,SC,ASO,ES,Towers with Radar,44,165,50,7,266,0,1,63,0,64,44,166,113,7,330,88,0,88,418
07/09/2003,CAE,SC,ASO,ES,Towers with Radar,58,148,46,15,267,0,0,58,0,58,58,148,104,15,325,62,49,111,436
07/10/2003,CAE,SC,ASO,ES,Towers with Radar,48,148,67,7,270,0,1,43,1,45,48,149,110,8,315,73,6,79,394
07/11/2003,CAE,SC,ASO,ES,Towers with Radar,28,168,29,6,231,0,0,35,0,35,28,168,64,6,266,94,6,100,366
07/12/2003,CAE,SC,ASO,ES,Towers with Radar,12,89,26,0,127,0,2,60,0,62,12,91,86,0,189,66,0,66,255
07/13/2003,CAE,SC,ASO,ES,Towers with Radar,11,90,35,0,136,0,3,20,0,23,11,93,55,0,159,45,0,45,204
07/14/2003,CAE,SC,ASO,ES,Towers with Radar,9,130,47,6,192,0,0,21,0,21,9,130,68,6,213,40,12,52,265
07/15/2003,CAE,SC,ASO,ES,Towers with Radar,39,157,56,3,255,0,1,23,0,24,39,158,79,3,279,44,4,48,327
07/16/2003,CAE,SC,ASO,ES,Towers with Radar,40,152,47,3,242,0,0,41,5,46,40,152,88,8,288,48,0,48,336
07/17/2003,CAE,SC,ASO,ES,Towers with Radar,38,162,52,3,255,0,2,38,2,42,38,164,90,5,297,52,0,52,349
07/18/2003,CAE,SC,ASO,ES,Towers with Radar,41,164,56,9,270,0,3,26,1,30,41,167,82,10,300,70,0,70,370
07/19/2003,CAE,SC,ASO,ES,Towers with Radar,16,98,32,3,149,0,0,40,1,41,16,98,72,4,190,132,0,132,322
07/20/2003,CAE,SC,ASO,ES,Towers with Radar,10,99,37,5,151,0,0,17,0,17,10,99,54,5,168,44,2,46,214
07/21/2003,CAE,SC,ASO,ES,Towers with Radar,21,110,56,7,194,0,0,13,0,13,21,110,69,7,207,52,0,52,259
07/22/2003,CAE,SC,ASO,ES,Towers with Radar,55,156,39,1,251,0,0,13,0,13,55,156,52,1,264,62,2,64,328
07/23/2003,CAE,SC,ASO,ES,Towers with Radar,54,159,33,11,257,0,1,4,0,5,54,160,37,11,262,45,8,53,315
07/24/2003,CAE,SC,ASO,ES,Towers with Radar,50,161,71,5,287,0,1,29,2,32,50,162,100,7,319,51,20,71,390
07/25/2003,CAE,SC,ASO,ES,Towers with Radar,32,158,60,9,259,0,0,41,3,44,32,158,101,12,303,62,20,82,385
07/26/2003,CAE,SC,ASO,ES,Towers with Radar,14,105,23,0,142,0,2,13,0,15,14,107,36,0,157,14,0,14,171
07/27/2003,CAE,SC,ASO,ES,Towers with Radar,6,108,44,3,161,0,0,24,0,24,6,108,68,3,185,36,0,36,221
07/28/2003,CAE,SC,ASO,ES,Towers with Radar,9,127,42,4,182,0,0,33,3,36,9,127,75,7,218,32,2,34,252
07/29/2003,CAE,SC,ASO,ES,Towers with Radar,42,156,64,7,269,0,3,30,1,34,42,159,94,8,303,28,20,48,351
07/30/2003,CAE,SC,ASO,ES,Towers with Radar,43,153,80,0,276,0,2,6,0,8,43,155,86,0,284,57,0,57,341
07/31/2003,CAE,SC,ASO,ES,Towers with Radar,38,151,60,10,259,0,0,13,1,14,38,151,73,11,273,12,20,32,305
08/01/2003,CAE,SC,ASO,ES,Towers with Radar,28,156,38,14,236,1,0,23,2,26,29,156,61,16,262,49,16,65,327
08/02/2003,CAE,SC,ASO,ES,Towers with Radar,13,95,33,9,150,1,2,20,0,23,14,97,53,9,173,53,4,57,230
08/03/2003,CAE,SC,ASO,ES,Towers with Radar,9,97,32,8,146,1,3,27,0,31,10,100,59,8,177,74,18,92,269
08/04/2003,CAE,SC,ASO,ES,Towers with Radar,16,119,36,9,180,1,0,18,1,20,17,119,54,10,200,119,8,127,327
08/05/2003,CAE,SC,ASO,ES,Towers with Radar,46,156,65,7,274,0,0,19,1,20,46,156,84,8,294,87,4,91,385
08/06/2003,CAE,SC,ASO,ES,Towers with Radar,43,169,70,4,286,0,0,16,2,18,43,169,86,6,304,33,0,33,337
08/07/2003,CAE,SC,ASO,ES,Towers with Radar,43,162,69,4,278,0,0,33,2,35,43,162,102,6,313,85,6,91,404
08/08/2003,CAE,SC,ASO,ES,Towers with Radar,35,153,46,17,251,0,0,24,4,28,35,153,70,21,279,15,6,21,300
08/09/2003,CAE,SC,ASO,ES,Towers with Radar,15,103,34,0,152,0,2,22,0,24,15,105,56,0,176,20,0,20,196
08/10/2003,CAE,SC,ASO,ES,Towers with Radar,11,94,43,9,157,0,0,20,0,20,11,94,63,9,177,50,10,60,237
08/11/2003,CAE,SC,ASO,ES,Towers with Radar,14,124,59,11,208,0,0,11,0,11,14,124,70,11,219,26,12,38,257
08/12/2003,CAE,SC,ASO,ES,Towers with Radar,47,149,54,10,260,0,0,7,0,7,47,149,61,10,267,64,4,68,335
08/13/2003,CAE,SC,ASO,ES,Towers with Radar,40,164,59,3,266,0,1,33,0,34,40,165,92,3,300,26,0,26,326
08/14/2003,CAE,SC,ASO,ES,Towers with Radar,57,147,62,4,270,0,0,50,0,50,57,147,112,4,320,43,2,45,365
08/15/2003,CAE,SC,ASO,ES,Towers with Radar,30,153,54,3,240,0,2,24,9,35,30,155,78,12,275,36,0,36,311
08/16/2003,CAE,SC,ASO,ES,Towers with Radar,14,90,35,0,139,0,2,22,0,24,14,92,57,0,163,48,0,48,211
08/17/2003,CAE,SC,ASO,ES,Towers with Radar,10,93,18,3,124,0,0,16,0,16,10,93,34,3,140,0,0,0,140
08/18/2003,CAE,SC,ASO,ES,Towers with Radar,10,134,37,3,184,0,0,13,1,14,10,134,50,4,198,12,0,12,210
08/19/2003,CAE,SC,ASO,ES,Towers with Radar,45,154,83,12,294,0,2,11,1,14,45,156,94,13,308,39,16,55,363
08/20/2003,CAE,SC,ASO,ES,Towers with Radar,62,155,61,6,284,0,0,27,3,30,62,155,88,9,314,43,0,43,357
08/21/2003,CAE,SC,ASO,ES,Towers with Radar,44,161,63,7,275,0,4,38,1,43,44,165,101,8,318,85,0,85,403
08/22/2003,CAE,SC,ASO,ES,Towers with Radar,32,153,46,13,244,0,1,43,3,47,32,154,89,16,291,46,10,56,347
08/23/2003,CAE,SC,ASO,ES,Towers with Radar,17,102,37,2,158,0,17,39,0,56,17,119,76,2,214,47,0,47,261
08/24/2003,CAE,SC,ASO,ES,Towers with Radar,7,97,25,5,134,0,2,23,0,25,7,99,48,5,159,36,2,38,197
08/25/2003,CAE,SC,ASO,ES,Towers with Radar,12,127,70,10,219,0,0,44,7,51,12,127,114,17,270,133,2,135,405
08/26/2003,CAE,SC,ASO,ES,Towers with Radar,38,151,81,10,280,0,1,50,10,61,38,152,131,20,341,70,4,74,415
08/27/2003,CAE,SC,ASO,ES,Towers with Radar,44,158,57,7,266,0,1,28,2,31,44,159,85,9,297,10,6,16,313
08/28/2003,CAE,SC,ASO,ES,Towers with Radar,48,153,38,12,251,0,1,50,1,52,48,154,88,13,303,34,4,38,341
08/29/2003,CAE,SC,ASO,ES,Towers with Radar,31,154,38,3,226,0,7,41,0,48,31,161,79,3,274,108,0,108,382
08/30/2003,CAE,SC,ASO,ES,Towers with Radar,13,98,20,0,131,0,0,25,0,25,13,98,45,0,156,6,0,6,162
08/31/2003,CAE,SC,ASO,ES,Towers with Radar,9,77,18,4,108,0,0,17,0,17,9,77,35,4,125,44,0,44,169
09/01/2003,CAE,SC,ASO,ES,Towers with Radar,8,86,39,4,137,0,1,28,1,30,8,87,67,5,167,12,0,12,179
09/02/2003,CAE,SC,ASO,ES,Towers with Radar,10,145,54,4,213,0,1,21,2,24,10,146,75,6,237,27,0,27,264
09/03/2003,CAE,SC,ASO,ES,Towers with Radar,32,147,52,7,238,11,8,17,3,39,43,155,69,10,277,105,8,113,390
09/04/2003,CAE,SC,ASO,ES,Towers with Radar,41,153,38,22,254,0,1,12,1,14,41,154,50,23,268,16,28,44,312
09/05/2003,CAE,SC,ASO,ES,Towers with Radar,31,159,47,3,240,0,3,35,2,40,31,162,82,5,280,34,2,36,316
09/06/2003,CAE,SC,ASO,ES,Towers with Radar,15,89,32,0,136,0,1,21,0,22,15,90,53,0,158,73,0,73,231
09/07/2003,CAE,SC,ASO,ES,Towers with Radar,8,92,44,4,148,0,1,2,0,3,8,93,46,4,151,18,0,18,169
09/08/2003,CAE,SC,ASO,ES,Towers with Radar,11,130,66,2,209,0,1,9,0,10,11,131,75,2,219,16,1,17,236
09/09/2003,CAE,SC,ASO,ES,Towers with Radar,43,150,53,3,249,0,1,36,4,41,43,151,89,7,290,16,0,16,306
09/10/2003,CAE,SC,ASO,ES,Towers with Radar,41,149,66,0,256,0,2,34,2,38,41,151,100,2,294,45,0,45,339
09/11/2003,CAE,SC,ASO,ES,Towers with Radar,34,139,56,8,237,9,0,65,5,79,43,139,121,13,316,12,11,23,339
09/12/2003,CAE,SC,ASO,ES,Towers with Radar,31,146,49,14,240,0,1,28,0,29,31,147,77,14,269,55,14,69,338
09/13/2003,CAE,SC,ASO,ES,Towers with Radar,16,99,36,7,158,0,1,53,0,54,16,100,89,7,212,99,2,101,313
09/14/2003,CAE,SC,ASO,ES,Towers with Radar,8,92,29,3,132,0,1,52,0,53,8,93,81,3,185,44,10,54,239
09/15/2003,CAE,SC,ASO,ES,Towers with Radar,12,125,54,8,199,0,0,32,1,33,12,125,86,9,232,66,12,78,310
09/16/2003,CAE,SC,ASO,ES,Towers with Radar,48,161,52,5,266,0,0,48,5,53,48,161,100,10,319,38,8,46,365
09/17/2003,CAE,SC,ASO,ES,Towers with Radar,43,162,52,1,258,0,0,33,0,33,43,162,85,1,291,76,0,76,367
09/18/2003,CAE,SC,ASO,ES,Towers with Radar,44,152,41,9,246,0,0,26,0,26,44,152,67,9,272,47,0,47,319
09/19/2003,CAE,SC,ASO,ES,Towers with Radar,33,145,47,7,232,0,0,66,3,69,33,145,113,10,301,22,4,26,327
09/20/2003,CAE,SC,ASO,ES,Towers with Radar,17,99,27,0,143,0,2,57,1,60,17,101,84,1,203,103,0,103,306
09/21/2003,CAE,SC,ASO,ES,Towers with Radar,11,99,41,3,154,0,0,59,0,59,11,99,100,3,213,54,0,54,267
09/22/2003,CAE,SC,ASO,ES,Towers with Radar,16,137,38,4,195,0,0,11,1,12,16,137,49,5,207,20,24,44,251
09/23/2003,CAE,SC,ASO,ES,Towers with Radar,49,158,53,21,281,0,0,37,2,39,49,158,90,23,320,60,18,78,398
09/24/2003,CAE,SC,ASO,ES,Towers with Radar,44,159,46,19,268,0,1,62,2,65,44,160,108,21,333,112,16,128,461
09/25/2003,CAE,SC,ASO,ES,Towers with Radar,39,172,65,10,286,0,1,69,1,71,39,173,134,11,357,57,12,69,426
09/26/2003,CAE,SC,ASO,ES,Towers with Radar,29,152,39,8,228,0,2,50,1,53,29,154,89,9,281,17,6,23,304
09/27/2003,CAE,SC,ASO,ES,Towers with Radar,27,84,29,10,150,0,2,31,0,33,27,86,60,10,183,24,10,34,217
09/28/2003,CAE,SC,ASO,ES,Towers with Radar,9,93,46,0,148,0,0,53,0,53,9,93,99,0,201,55,0,55,256
09/29/2003,CAE,SC,ASO,ES,Towers with Radar,12,132,49,16,209,0,0,43,0,43,12,132,92,16,252,75,16,91,343
09/30/2003,CAE,SC,ASO,ES,Towers with Radar,42,158,59,10,269,0,3,63,5,71,42,161,122,15,340,39,6,45,385
10/01/2003,CAE,SC,ASO,ES,Towers with Radar,32,148,56,7,243,18,6,26,1,51,50,154,82,8,294,77,17,94,388
10/02/2003,CAE,SC,ASO,ES,Towers with Radar,35,140,60,8,243,24,0,33,7,64,59,140,93,15,307,8,12,20,327
10/03/2003,CAE,SC,ASO,ES,Towers with Radar,27,141,53,4,225,0,14,46,0,60,27,155,99,4,285,25,0,25,310
10/04/2003,CAE,SC,ASO,ES,Towers with Radar,13,100,40,0,153,0,0,60,0,60,13,100,100,0,213,78,0,78,291
10/05/2003,CAE,SC,ASO,ES,Towers with Radar,15,103,44,6,168,0,0,64,3,67,15,103,108,9,235,45,12,57,292
10/06/2003,CAE,SC,ASO,ES,Towers with Radar,10,135,51,4,200,0,7,22,0,29,10,142,73,4,229,26,0,26,255
10/07/2003,CAE,SC,ASO,ES,Towers with Radar,34,156,60,7,257,11,14,7,0,32,45,170,67,7,289,38,18,56,345
10/08/2003,CAE,SC,ASO,ES,Towers with Radar,38,172,67,9,286,10,0,2,2,14,48,172,69,11,300,6,10,16,316
10/09/2003,CAE,SC,ASO,ES,Towers with Radar,38,164,67,2,271,7,0,32,0,39,45,164,99,2,310,35,2,37,347
10/10/2003,CAE,SC,ASO,ES,Towers with Radar,30,175,73,9,287,0,0,16,14,30,30,175,89,23,317,19,30,49,366
10/11/2003,CAE,SC,ASO,ES,Towers with Radar,17,103,43,6,169,0,0,15,5,20,17,103,58,11,189,30,20,50,239
10/12/2003,CAE,SC,ASO,ES,Towers with Radar,10,95,41,0,146,0,0,51,0,51,10,95,92,0,197,69,0,69,266
10/13/2003,CAE,SC,ASO,ES,Towers with Radar,12,115,44,0,171,0,0,74,0,74,12,115,118,0,245,46,0,46,291
10/14/2003,CAE,SC,ASO,ES,Towers with Radar,32,146,54,7,239,14,1,0,0,15,46,147,54,7,254,18,4,22,276
10/15/2003,CAE,SC,ASO,ES,Towers with Radar,36,164,63,8,271,7,9,52,4,72,43,173,115,12,343,87,12,99,442
10/16/2003,CAE,SC,ASO,ES,Towers with Radar,35,146,62,5,248,23,0,77,0,100,58,146,139,5,348,80,0,80,428
10/17/2003,CAE,SC,ASO,ES,Towers with Radar,28,161,63,8,260,0,12,55,1,68,28,173,118,9,328,38,16,54,382
10/18/2003,CAE,SC,ASO,ES,Towers with Radar,14,103,40,0,157,0,1,72,0,73,14,104,112,0,230,28,0,28,258
10/19/2003,CAE,SC,ASO,ES,Towers with Radar,13,98,43,5,159,0,0,68,4,72,13,98,111,9,231,0,12,12,243
10/20/2003,CAE,SC,ASO,ES,Towers with Radar,10,126,49,5,190,0,13,60,19,92,10,139,109,24,282,31,46,77,359
10/21/2003,CAE,SC,ASO,ES,Towers with Radar,36,157,61,7,261,14,11,30,2,57,50,168,91,9,318,80,2,82,400
10/22/2003,CAE,SC,ASO,ES,Towers with Radar,36,160,62,2,260,5,9,49,0,63,41,169,111,2,323,57,0,57,380
10/23/2003,CAE,SC,ASO,ES,Towers with Radar,36,159,62,7,264,7,9,48,4,68,43,168,110,11,332,44,2,46,378
10/24/2003,CAE,SC,ASO,ES,Towers with Radar,33,159,62,7,261,0,1,41,1,43,33,160,103,8,304,28,0,28,332
10/25/2003,CAE,SC,ASO,ES,Towers with Radar,14,96,38,0,148,0,5,22,0,27,14,101,60,0,175,32,0,32,207
10/26/2003,CAE,SC,ASO,ES,Towers with Radar,11,87,34,3,135,0,2,8,0,10,11,89,42,3,145,10,0,10,155
10/27/2003,CAE,SC,ASO,ES,Towers with Radar,11,121,47,2,181,0,17,37,0,54,11,138,84,2,235,18,0,18,253
10/28/2003,CAE,SC,ASO,ES,Towers with Radar,39,172,67,8,286,5,10,4,12,31,44,182,71,20,317,14,10,24,341
10/29/2003,CAE,SC,ASO,ES,Towers with Radar,37,152,64,4,257,23,0,81,0,104,60,152,145,4,361,27,0,27,388
10/30/2003,CAE,SC,ASO,ES,Towers with Radar,37,159,63,3,262,8,0,81,0,89,45,159,144,3,351,71,0,71,422
10/31/2003,CAE,SC,ASO,ES,Towers with Radar,31,148,56,6,241,0,23,74,2,99,31,171,130,8,340,36,0,36,376
11/01/2003,CAE,SC,ASO,ES,Towers with Radar,19,100,38,1,158,0,6,47,0,53,19,106,85,1,211,51,6,57,268
11/02/2003,CAE,SC,ASO,ES,Towers with Radar,11,100,39,5,155,0,0,41,5,46,11,100,80,10,201,82,18,100,301
11/03/2003,CAE,SC,ASO,ES,Towers with Radar,10,122,47,6,185,0,15,42,0,57,10,137,89,6,242,45,0,45,287
11/04/2003,CAE,SC,ASO,ES,Towers with Radar,30,151,58,7,246,11,10,24,0,45,41,161,82,7,291,0,14,14,305
11/05/2003,CAE,SC,ASO,ES,Towers with Radar,31,150,61,2,244,40,0,28,0,68,71,150,89,2,312,8,0,8,320
11/06/2003,CAE,SC,ASO,ES,Towers with Radar,34,161,67,8,270,12,0,14,16,42,46,161,81,24,312,26,18,44,356
11/07/2003,CAE,SC,ASO,ES,Towers with Radar,35,140,69,6,250,24,0,31,0,55,59,140,100,6,305,18,0,18,323
11/08/2003,CAE,SC,ASO,ES,Towers with Radar,13,109,42,4,168,0,2,21,0,23,13,111,63,4,191,30,0,30,221
11/09/2003,CAE,SC,ASO,ES,Towers with Radar,7,88,39,1,135,0,0,17,0,17,7,88,56,1,152,9,0,9,161
11/10/2003,CAE,SC,ASO,ES,Towers with Radar,14,121,47,6,188,0,12,31,3,46,14,133,78,9,234,48,4,52,286
11/11/2003,CAE,SC,ASO,ES,Towers with Radar,30,149,57,0,236,14,0,52,0,66,44,149,109,0,302,42,0,42,344
11/12/2003,CAE,SC,ASO,ES,Towers with Radar,17,156,60,8,241,0,21,46,5,72,17,177,106,13,313,60,6,66,379
11/13/2003,CAE,SC,ASO,ES,Towers with Radar,33,162,64,8,267,10,4,23,2,39,43,166,87,10,306,47,6,53,359
11/14/2003,CAE,SC,ASO,ES,Towers with Radar,33,164,65,8,270,0,0,48,2,50,33,164,113,10,320,78,6,84,404
11/15/2003,CAE,SC,ASO,ES,Towers with Radar,15,101,40,2,158,0,4,53,0,57,15,105,93,2,215,8,0,8,223
11/16/2003,CAE,SC,ASO,ES,Towers with Radar,8,101,40,2,151,0,1,42,0,43,8,102,82,2,194,98,0,98,292
11/17/2003,CAE,SC,ASO,ES,Towers with Radar,10,137,54,6,207,0,3,79,12,94,10,140,133,18,301,32,14,46,347
11/18/2003,CAE,SC,ASO,ES,Towers with Radar,34,166,66,5,271,10,0,23,0,33,44,166,89,5,304,87,12,99,403
11/19/2003,CAE,SC,ASO,ES,Towers with Radar,29,143,50,6,228,15,15,0,13,43,44,158,50,19,271,32,20,52,323
11/20/2003,CAE,SC,ASO,ES,Towers with Radar,35,161,68,6,270,9,0,83,0,92,44,161,151,6,362,116,0,116,478
11/21/2003,CAE,SC,ASO,ES,Towers with Radar,28,156,62,7,253,0,0,69,15,84,28,156,131,22,337,44,2,46,383
11/22/2003,CAE,SC,ASO,ES,Towers with Radar,14,104,43,0,161,0,0,62,0,62,14,104,105,0,223,74,0,74,297
11/23/2003,CAE,SC,ASO,ES,Towers with Radar,10,99,39,4,152,0,0,70,6,76,10,99,109,10,228,139,0,139,367
11/24/2003,CAE,SC,ASO,ES,Towers with Radar,10,133,52,6,201,0,3,46,7,56,10,136,98,13,257,34,32,66,323
11/25/2003,CAE,SC,ASO,ES,Towers with Radar,35,173,68,7,283,13,0,47,8,68,48,173,115,15,351,73,36,109,460
11/26/2003,CAE,SC,ASO,ES,Towers with Radar,36,166,70,0,272,16,0,49,0,65,52,166,119,0,337,84,0,84,421
11/27/2003,CAE,SC,ASO,ES,Towers with Radar,16,77,27,0,120,2,23,0,0,25,18,100,27,0,145,0,0,0,145
11/28/2003,CAE,SC,ASO,ES,Towers with Radar,8,83,32,0,123,0,33,3,0,36,8,116,35,0,159,11,0,11,170
11/29/2003,CAE,SC,ASO,ES,Towers with Radar,14,99,38,0,151,0,5,16,0,21,14,104,54,0,172,34,0,34,206
11/30/2003,CAE,SC,ASO,ES,Towers with Radar,8,107,50,0,165,0,0,57,0,57,8,107,107,0,222,150,0,150,372
12/01/2003,CAE,SC,ASO,ES,Towers with Radar,10,129,44,7,190,0,4,38,16,58,10,133,82,23,248,30,42,72,320
12/02/2003,CAE,SC,ASO,ES,Towers with Radar,45,175,61,9,290,7,0,44,5,56,52,175,105,14,346,74,28,102,448
12/03/2003,CAE,SC,ASO,ES,Towers with Radar,45,165,61,5,276,9,0,31,0,40,54,165,92,5,316,23,4,27,343
12/04/2003,CAE,SC,ASO,ES,Towers with Radar,36,146,44,8,234,33,19,0,7,59,69,165,44,15,293,0,14,14,307
12/05/2003,CAE,SC,ASO,ES,Towers with Radar,34,138,47,4,223,1,8,6,0,15,35,146,53,4,238,14,2,16,254
12/06/2003,CAE,SC,ASO,ES,Towers with Radar,15,101,33,2,151,0,5,56,0,61,15,106,89,2,212,58,0,58,270
12/07/2003,CAE,SC,ASO,ES,Towers with Radar,10,95,34,5,144,0,0,69,0,69,10,95,103,5,213,111,22,133,346
12/08/2003,CAE,SC,ASO,ES,Towers with Radar,11,138,45,6,200,0,0,77,0,77,11,138,122,6,277,58,6,64,341
12/09/2003,CAE,SC,ASO,ES,Towers with Radar,46,170,61,10,287,0,0,51,12,63,46,170,112,22,350,57,28,85,435
12/10/2003,CAE,SC,ASO,ES,Towers with Radar,41,166,47,9,263,9,4,0,10,23,50,170,47,19,286,8,26,34,320
12/11/2003,CAE,SC,ASO,ES,Towers with Radar,39,158,53,6,256,14,0,55,0,69,53,158,108,6,325,70,2,72,397
12/12/2003,CAE,SC,ASO,ES,Towers with Radar,39,160,53,8,260,0,1,23,0,24,39,161,76,8,284,18,8,26,310
12/13/2003,CAE,SC,ASO,ES,Towers with Radar,14,97,31,5,147,0,0,52,0,52,14,97,83,5,199,44,2,46,245
12/14/2003,CAE,SC,ASO,ES,Towers with Radar,6,77,25,0,108,0,15,29,0,44,6,92,54,0,152,22,0,22,174
12/15/2003,CAE,SC,ASO,ES,Towers with Radar,16,136,52,8,212,0,0,55,2,57,16,136,107,10,269,29,6,35,304
12/16/2003,CAE,SC,ASO,ES,Towers with Radar,55,171,74,11,311,15,0,40,1,56,70,171,114,12,367,68,6,74,441
12/17/2003,CAE,SC,ASO,ES,Towers with Radar,46,169,62,9,286,24,0,22,2,48,70,169,84,11,334,31,2,33,367
12/18/2003,CAE,SC,ASO,ES,Towers with Radar,44,168,59,6,277,27,0,55,0,82,71,168,114,6,359,55,0,55,414
12/19/2003,CAE,SC,ASO,ES,Towers with Radar,44,168,58,8,278,23,0,30,0,53,67,168,88,8,331,24,12,36,367
12/20/2003,CAE,SC,ASO,ES,Towers with Radar,18,115,38,1,172,0,5,52,0,57,18,120,90,1,229,24,0,24,253
12/21/2003,CAE,SC,ASO,ES,Towers with Radar,7,105,35,5,152,0,0,52,1,53,7,105,87,6,205,42,10,52,257
12/22/2003,CAE,SC,ASO,ES,Towers with Radar,12,128,42,6,188,0,11,78,4,93,12,139,120,10,281,146,16,162,443
12/23/2003,CAE,SC,ASO,ES,Towers with Radar,46,176,61,5,288,25,0,28,0,53,71,176,89,5,341,38,0,38,379
12/24/2003,CAE,SC,ASO,ES,Towers with Radar,35,138,38,6,217,28,31,0,8,67,63,169,38,14,284,0,28,28,312
12/25/2003,CAE,SC,ASO,ES,Towers with Radar,7,70,19,0,96,0,41,0,0,41,7,111,19,0,137,0,0,0,137
12/26/2003,CAE,SC,ASO,ES,Towers with Radar,11,117,40,0,168,0,22,23,0,45,11,139,63,0,213,6,0,6,219
12/27/2003,CAE,SC,ASO,ES,Towers with Radar,8,104,35,0,147,0,4,59,0,63,8,108,94,0,210,26,0,26,236
12/28/2003,CAE,SC,ASO,ES,Towers with Radar,9,94,32,0,135,0,9,31,0,40,9,103,63,0,175,50,0,50,225
12/29/2003,CAE,SC,ASO,ES,Towers with Radar,32,108,43,6,189,4,0,26,5,35,36,108,69,11,224,24,9,33,257
12/30/2003,CAE,SC,ASO,ES,Towers with Radar,38,150,51,7,246,6,20,37,0,63,44,170,88,7,309,85,12,97,406
12/31/2003,CAE,SC,ASO,ES,Towers with Radar,36,142,48,0,226,3,19,34,0,56,39,161,82,0,282,40,0,40,322
01/01/2004,CAE,SC,ASO,ES,Towers with Radar,8,90,29,0,127,0,25,25,0,50,8,115,54,0,177,22,0,22,199
01/02/2004,CAE,SC,ASO,ES,Towers with Radar,13,115,37,0,165,0,18,8,0,26,13,133,45,0,191,10,0,10,201
01/03/2004,CAE,SC,ASO,ES,Towers with Radar,10,102,32,0,144,0,1,41,0,42,10,103,73,0,186,40,0,40,226
01/04/2004,CAE,SC,ASO,ES,Towers with Radar,8,99,36,0,143,0,0,42,0,42,8,99,78,0,185,30,0,30,215
01/05/2004,CAE,SC,ASO,ES,Towers with Radar,13,130,46,4,193,0,0,10,8,18,13,130,56,12,211,66,22,88,299
01/06/2004,CAE,SC,ASO,ES,Towers with Radar,30,161,52,5,248,11,2,24,9,46,41,163,76,14,294,16,20,36,330
01/07/2004,CAE,SC,ASO,ES,Towers with Radar,33,167,58,6,264,9,0,57,0,66,42,167,115,6,330,89,2,91,421
01/08/2004,CAE,SC,ASO,ES,Towers with Radar,33,171,57,5,266,10,0,21,12,43,43,171,78,17,309,18,18,36,345
01/09/2004,CAE,SC,ASO,ES,Towers with Radar,27,146,30,5,208,1,21,0,0,22,28,167,30,5,230,4,0,4,234
01/10/2004,CAE,SC,ASO,ES,Towers with Radar,15,107,34,3,159,0,17,37,2,56,15,124,71,5,215,123,4,127,342
01/11/2004,CAE,SC,ASO,ES,Towers with Radar,10,105,33,1,149,0,12,89,0,101,10,117,122,1,250,88,4,92,342
01/12/2004,CAE,SC,ASO,ES,Towers with Radar,9,130,42,4,185,0,10,43,2,55,9,140,85,6,240,28,0,28,268
01/13/2004,CAE,SC,ASO,ES,Towers with Radar,34,172,57,5,268,10,0,44,2,56,44,172,101,7,324,30,24,54,378
01/14/2004,CAE,SC,ASO,ES,Towers with Radar,34,163,56,2,255,8,0,30,0,38,42,163,86,2,293,36,0,36,329
01/15/2004,CAE,SC,ASO,ES,Towers with Radar,34,173,57,5,269,9,0,1,1,11,43,173,58,6,280,39,0,39,319
01/16/2004,CAE,SC,ASO,ES,Towers with Radar,28,161,53,5,247,0,10,25,2,37,28,171,78,7,284,36,6,42,326
01/17/2004,CAE,SC,ASO,ES,Towers with Radar,18,96,32,3,149,0,5,52,2,59,18,101,84,5,208,38,0,38,246
01/18/2004,CAE,SC,ASO,ES,Towers with Radar,8,90,27,3,128,0,7,0,1,8,8,97,27,4,136,97,6,103,239
01/19/2004,CAE,SC,ASO,ES,Towers with Radar,14,124,46,3,187,0,0,67,5,72,14,124,113,8,259,36,8,44,303
01/20/2004,CAE,SC,ASO,ES,Towers with Radar,30,147,51,4,232,6,0,57,0,63,36,147,108,4,295,111,0,111,406
01/21/2004,CAE,SC,ASO,ES,Towers with Radar,32,168,55,4,259,13,9,44,0,66,45,177,99,4,325,72,0,72,397
01/22/2004,CAE,SC,ASO,ES,Towers with Radar,34,162,57,2,255,7,0,49,0,56,41,162,106,2,311,40,0,40,351
01/23/2004,CAE,SC,ASO,ES,Towers with Radar,29,161,55,3,248,0,0,50,0,50,29,161,105,3,298,69,0,69,367
01/24/2004,CAE,SC,ASO,ES,Towers with Radar,16,113,38,3,170,0,15,54,2,71,16,128,92,5,241,58,0,58,299
01/25/2004,CAE,SC,ASO,ES,Towers with Radar,4,62,21,0,87,0,15,1,0,16,4,77,22,0,103,0,2,2,105
01/26/2004,CAE,SC,ASO,ES,Towers with Radar,4,31,6,0,41,0,21,0,0,21,4,52,6,0,62,0,0,0,62
01/27/2004,CAE,SC,ASO,ES,Towers with Radar,16,83,24,0,123,17,19,0,0,36,33,102,24,0,159,0,0,0,159
01/28/2004,CAE,SC,ASO,ES,Towers with Radar,35,171,60,5,271,15,0,37,8,60,50,171,97,13,331,17,22,39,370
01/29/2004,CAE,SC,ASO,ES,Towers with Radar,34,169,59,5,267,14,0,48,3,65,48,169,107,8,332,46,12,58,390
01/30/2004,CAE,SC,ASO,ES,Towers with Radar,35,174,59,5,273,1,0,64,10,75,36,174,123,15,348,10,18,28,376
01/31/2004,CAE,SC,ASO,ES,Towers with Radar,17,111,39,0,167,0,0,66,0,66,17,111,105,0,233,60,0,60,293
02/01/2004,CAE,SC,ASO,ES,Towers with Radar,9,105,38,4,156,0,7,17,0,24,9,112,55,4,180,22,0,22,202
02/02/2004,CAE,SC,ASO,ES,Towers with Radar,7,112,40,5,164,0,19,11,1,31,7,131,51,6,195,28,8,36,231
02/03/2004,CAE,SC,ASO,ES,Towers with Radar,32,175,64,8,279,16,6,23,2,47,48,181,87,10,326,10,10,20,346
02/04/2004,CAE,SC,ASO,ES,Towers with Radar,36,171,70,8,285,10,0,65,8,83,46,171,135,16,368,54,12,66,434
02/05/2004,CAE,SC,ASO,ES,Towers with Radar,32,160,63,8,263,10,0,13,6,29,42,160,76,14,292,22,38,60,352
02/06/2004,CAE,SC,ASO,ES,Towers with Radar,25,135,42,6,208,8,20,0,2,30,33,155,42,8,238,4,4,8,246
02/07/2004,CAE,SC,ASO,ES,Towers with Radar,18,105,39,5,167,0,9,15,2,26,18,114,54,7,193,89,0,89,282
02/08/2004,CAE,SC,ASO,ES,Towers with Radar,9,97,39,5,150,0,0,77,0,77,9,97,116,5,227,64,0,64,291
02/09/2004,CAE,SC,ASO,ES,Towers with Radar,12,136,56,7,211,0,0,49,5,54,12,136,105,12,265,26,10,36,301
02/10/2004,CAE,SC,ASO,ES,Towers with Radar,31,166,61,7,265,11,6,9,2,28,42,172,70,9,293,20,0,20,313
02/11/2004,CAE,SC,ASO,ES,Towers with Radar,36,173,72,8,289,9,0,34,2,45,45,173,106,10,334,18,10,28,362
02/12/2004,CAE,SC,ASO,ES,Towers with Radar,30,156,55,7,248,10,10,0,1,21,40,166,55,8,269,16,12,28,297
02/13/2004,CAE,SC,ASO,ES,Towers with Radar,32,174,65,6,277,0,1,58,0,59,32,175,123,6,336,40,12,52,388
02/14/2004,CAE,SC,ASO,ES,Towers with Radar,19,96,36,0,151,0,8,9,0,17,19,104,45,0,168,8,0,8,176
02/15/2004,CAE,SC,ASO,ES,Towers with Radar,10,92,34,0,136,0,9,3,0,12,10,101,37,0,148,10,0,10,158
02/16/2004,CAE,SC,ASO,ES,Towers with Radar,14,122,54,7,197,0,0,60,11,71,14,122,114,18,268,71,16,87,355
02/17/2004,CAE,SC,ASO,ES,Towers with Radar,17,137,51,2,207,0,22,3,0,25,17,159,54,2,232,20,0,20,252
02/18/2004,CAE,SC,ASO,ES,Towers with Radar,35,165,68,7,275,10,0,54,2,66,45,165,122,9,341,72,20,92,433
02/19/2004,CAE,SC,ASO,ES,Towers with Radar,36,176,69,6,287,1,0,69,0,70,37,176,138,6,357,34,16,50,407
02/20/2004,CAE,SC,ASO,ES,Towers with Radar,34,175,65,4,278,1,3,43,0,47,35,178,108,4,325,75,34,109,434
02/21/2004,CAE,SC,ASO,ES,Towers with Radar,18,92,34,0,144,0,9,11,0,20,18,101,45,0,164,72,0,72,236
02/22/2004,CAE,SC,ASO,ES,Towers with Radar,8,88,39,2,137,0,0,85,0,85,8,88,124,2,222,90,0,90,312
02/23/2004,CAE,SC,ASO,ES,Towers with Radar,11,126,46,4,187,0,9,28,0,37,11,135,74,4,224,47,10,57,281
02/24/2004,CAE,SC,ASO,ES,Towers with Radar,30,152,56,0,238,13,0,20,0,33,43,152,76,0,271,27,0,27,298
02/25/2004,CAE,SC,ASO,ES,Towers with Radar,32,168,53,6,259,8,2,0,12,22,40,170,53,18,281,26,16,42,323
02/26/2004,CAE,SC,ASO,ES,Towers with Radar,22,113,28,0,163,19,27,0,0,46,41,140,28,0,209,0,0,0,209
02/27/2004,CAE,SC,ASO,ES,Towers with Radar,23,121,41,2,187,0,20,0,0,20,23,141,41,2,207,18,0,18,225
02/28/2004,CAE,SC,ASO,ES,Towers with Radar,13,108,43,4,168,0,0,52,3,55,13,108,95,7,223,48,0,48,271
02/29/2004,CAE,SC,ASO,ES,Towers with Radar,8,96,34,2,140,0,6,68,0,74,8,102,102,2,214,50,0,50,264
03/01/2004,CAE,SC,ASO,ES,Towers with Radar,14,122,47,8,191,0,13,27,11,51,14,135,74,19,242,20,0,20,262
03/02/2004,CAE,SC,ASO,ES,Towers with Radar,34,164,64,9,271,23,10,11,0,44,57,174,75,9,315,32,24,56,371
03/03/2004,CAE,SC,ASO,ES,Towers with Radar,36,171,67,11,285,1,11,18,13,43,37,182,85,24,328,30,14,44,372
03/04/2004,CAE,SC,ASO,ES,Towers with Radar,36,166,66,11,279,15,0,48,14,77,51,166,114,25,356,40,2,42,398
03/05/2004,CAE,SC,ASO,ES,Towers with Radar,32,153,60,9,254,0,7,39,0,46,32,160,99,9,300,46,0,46,346
03/06/2004,CAE,SC,ASO,ES,Towers with Radar,17,82,32,6,137,1,14,14,0,29,18,96,46,6,166,42,0,42,208
03/07/2004,CAE,SC,ASO,ES,Towers with Radar,15,89,35,6,145,0,0,57,4,61,15,89,92,10,206,110,8,118,324
03/08/2004,CAE,SC,ASO,ES,Towers with Radar,13,116,45,8,182,0,13,54,2,69,13,129,99,10,251,30,16,46,297
03/09/2004,CAE,SC,ASO,ES,Towers with Radar,34,158,64,11,267,8,0,19,27,54,42,158,83,38,321,44,28,72,393
03/10/2004,CAE,SC,ASO,ES,Towers with Radar,37,157,68,11,273,11,0,34,0,45,48,157,102,11,318,42,8,50,368
03/11/2004,CAE,SC,ASO,ES,Towers with Radar,37,151,70,12,270,8,0,79,6,93,45,151,149,18,363,79,45,124,487
03/12/2004,CAE,SC,ASO,ES,Towers with Radar,31,148,58,9,246,0,14,59,0,73,31,162,117,9,319,34,12,46,365
03/13/2004,CAE,SC,ASO,ES,Towers with Radar,17,99,41,2,159,0,0,48,0,48,17,99,89,2,207,42,0,42,249
03/14/2004,CAE,SC,ASO,ES,Towers with Radar,8,87,40,7,142,0,0,46,2,48,8,87,86,9,190,105,12,117,307
03/15/2004,CAE,SC,ASO,ES,Towers with Radar,10,128,51,9,198,0,14,13,11,38,10,142,64,20,236,56,28,84,320
03/16/2004,CAE,SC,ASO,ES,Towers with Radar,35,155,64,10,264,5,0,2,6,13,40,155,66,16,277,18,8,26,303
03/17/2004,CAE,SC,ASO,ES,Towers with Radar,36,159,67,4,266,10,0,50,0,60,46,159,117,4,326,42,0,42,368
03/18/2004,CAE,SC,ASO,ES,Towers with Radar,39,164,72,8,283,9,0,48,0,57,48,164,120,8,340,81,18,99,439
03/19/2004,CAE,SC,ASO,ES,Towers with Radar,24,149,62,4,239,0,0,84,0,84,24,149,146,4,323,50,0,50,373
03/20/2004,CAE,SC,ASO,ES,Towers with Radar,18,110,45,2,175,0,0,64,0,64,18,110,109,2,239,49,0,49,288
03/21/2004,CAE,SC,ASO,ES,Towers with Radar,8,96,38,6,148,0,1,38,0,39,8,97,76,6,187,48,2,50,237
03/22/2004,CAE,SC,ASO,ES,Towers with Radar,11,127,51,8,197,0,9,34,1,44,11,136,85,9,241,24,0,24,265
03/23/2004,CAE,SC,ASO,ES,Towers with Radar,35,161,64,2,262,9,1,48,0,58,44,162,112,2,320,74,0,74,394
03/24/2004,CAE,SC,ASO,ES,Towers with Radar,31,144,58,9,242,11,25,30,0,66,42,169,88,9,308,47,6,53,361
03/25/2004,CAE,SC,ASO,ES,Towers with Radar,37,160,67,10,274,8,0,73,1,82,45,160,140,11,356,74,0,74,430
03/26/2004,CAE,SC,ASO,ES,Towers with Radar,30,140,56,8,234,0,21,25,5,51,30,161,81,13,285,84,2,86,371
03/27/2004,CAE,SC,ASO,ES,Towers with Radar,16,91,37,0,144,0,1,72,0,73,16,92,109,0,217,86,0,86,303
03/28/2004,CAE,SC,ASO,ES,Towers with Radar,13,96,40,4,153,0,0,34,0,34,13,96,74,4,187,66,2,68,255
03/29/2004,CAE,SC,ASO,ES,Towers with Radar,12,116,45,3,176,0,19,43,0,62,12,135,88,3,238,52,0,52,290
03/30/2004,CAE,SC,ASO,ES,Towers with Radar,37,167,67,9,280,6,0,7,0,13,43,167,74,9,293,6,2,8,301
03/31/2004,CAE,SC,ASO,ES,Towers with Radar,36,167,65,7,275,10,0,35,0,45,46,167,100,7,320,30,9,39,359
04/01/2004,CAE,SC,ASO,ES,Towers with Radar,29,153,61,6,249,10,9,62,0,81,39,162,123,6,330,66,0,66,396
04/02/2004,CAE,SC,ASO,ES,Towers with Radar,28,145,56,1,230,0,22,38,0,60,28,167,94,1,290,4,0,4,294
04/03/2004,CAE,SC,ASO,ES,Towers with Radar,16,105,40,4,165,0,17,84,0,101,16,122,124,4,266,80,10,90,356
04/04/2004,CAE,SC,ASO,ES,Towers with Radar,8,95,37,4,144,0,0,40,6,46,8,95,77,10,190,59,29,88,278
04/05/2004,CAE,SC,ASO,ES,Towers with Radar,15,134,52,5,206,0,0,38,17,55,15,134,90,22,261,14,48,62,323
04/06/2004,CAE,SC,ASO,ES,Towers with Radar,31,163,63,6,263,9,2,81,3,95,40,165,144,9,358,26,2,28,386
04/07/2004,CAE,SC,ASO,ES,Towers with Radar,20,213,85,1,319,0,0,65,0,65,20,213,150,1,384,48,0,48,432
04/08/2004,CAE,SC,ASO,ES,Towers with Radar,37,159,76,6,278,1,0,30,0,31,38,159,106,6,309,30,12,42,351
04/09/2004,CAE,SC,ASO,ES,Towers with Radar,30,168,76,7,281,0,0,57,2,59,30,168,133,9,340,58,0,58,398
04/10/2004,CAE,SC,ASO,ES,Towers with Radar,21,94,46,4,165,0,0,37,0,37,21,94,83,4,202,114,2,116,318
04/11/2004,CAE,SC,ASO,ES,Towers with Radar,8,96,48,0,152,0,0,29,0,29,8,96,77,0,181,14,0,14,195
04/12/2004,CAE,SC,ASO,ES,Towers with Radar,11,134,52,5,202,0,6,2,3,11,11,140,54,8,213,14,4,18,231
04/13/2004,CAE,SC,ASO,ES,Towers with Radar,27,142,52,0,221,16,25,0,0,41,43,167,52,0,262,6,0,6,268
04/14/2004,CAE,SC,ASO,ES,Towers with Radar,34,153,68,4,259,24,0,30,0,54,58,153,98,4,313,68,14,82,395
04/15/2004,CAE,SC,ASO,ES,Towers with Radar,32,154,67,5,258,12,0,87,8,107,44,154,154,13,365,52,12,64,429
04/16/2004,CAE,SC,ASO,ES,Towers with Radar,30,157,62,4,253,3,9,48,0,60,33,166,110,4,313,22,4,26,339
04/17/2004,CAE,SC,ASO,ES,Towers with Radar,16,109,43,0,168,0,5,52,0,57,16,114,95,0,225,24,0,24,249
04/18/2004,CAE,SC,ASO,ES,Towers with Radar,14,94,47,0,155,0,0,60,0,60,14,94,107,0,215,82,0,82,297
04/19/2004,CAE,SC,ASO,ES,Towers with Radar,10,117,47,3,177,0,23,20,6,49,10,140,67,9,226,81,2,83,309
04/20/2004,CAE,SC,ASO,ES,Towers with Radar,32,164,65,5,266,9,3,76,1,89,41,167,141,6,355,52,6,58,413
04/21/2004,CAE,SC,ASO,ES,Towers with Radar,32,160,64,5,261,14,19,40,3,76,46,179,104,8,337,46,24,70,407
04/22/2004,CAE,SC,ASO,ES,Towers with Radar,32,159,65,5,261,8,0,64,13,85,40,159,129,18,346,22,8,30,376
04/23/2004,CAE,SC,ASO,ES,Towers with Radar,28,157,62,5,252,0,12,61,11,84,28,169,123,16,336,63,8,71,407
04/24/2004,CAE,SC,ASO,ES,Towers with Radar,16,94,37,1,148,0,9,50,0,59,16,103,87,1,207,47,4,51,258
04/25/2004,CAE,SC,ASO,ES,Towers with Radar,8,89,39,1,137,0,0,28,0,28,8,89,67,1,165,113,0,113,278
04/26/2004,CAE,SC,ASO,ES,Towers with Radar,12,114,45,2,173,0,22,9,0,31,12,136,54,2,204,13,0,13,217
04/27/2004,CAE,SC,ASO,ES,Towers with Radar,31,154,61,5,251,14,25,35,0,74,45,179,96,5,325,49,2,51,376
04/28/2004,CAE,SC,ASO,ES,Towers with Radar,31,156,62,5,254,8,20,55,1,84,39,176,117,6,338,38,0,38,376
04/29/2004,CAE,SC,ASO,ES,Towers with Radar,33,165,65,1,264,9,8,35,0,52,42,173,100,1,316,55,0,55,371
04/30/2004,CAE,SC,ASO,ES,Towers with Radar,30,153,60,5,248,5,24,8,1,38,35,177,68,6,286,48,0,48,334
05/01/2004,CAE,SC,ASO,ES,Towers with Radar,12,106,42,5,165,0,0,22,6,28,12,106,64,11,193,32,14,46,239
05/02/2004,CAE,SC,ASO,ES,Towers with Radar,14,99,38,0,151,0,7,3,0,10,14,106,41,0,161,47,0,47,208
05/03/2004,CAE,SC,ASO,ES,Towers with Radar,12,120,56,6,194,0,0,52,19,71,12,120,108,25,265,68,42,110,375
05/04/2004,CAE,SC,ASO,ES,Towers with Radar,36,167,69,5,277,8,0,101,0,109,44,167,170,5,386,93,0,93,479
05/05/2004,CAE,SC,ASO,ES,Towers with Radar,35,171,69,4,279,9,0,99,0,108,44,171,168,4,387,119,0,119,506
05/06/2004,CAE,SC,ASO,ES,Towers with Radar,38,171,73,8,290,8,0,111,3,122,46,171,184,11,412,68,4,72,484
05/07/2004,CAE,SC,ASO,ES,Towers with Radar,31,154,60,7,252,2,1,27,2,32,33,155,87,9,284,14,2,16,300
05/08/2004,CAE,SC,ASO,ES,Towers with Radar,15,90,35,0,140,0,16,68,0,84,15,106,103,0,224,71,0,71,295
05/09/2004,CAE,SC,ASO,ES,Towers with Radar,13,92,37,2,144,0,0,31,0,31,13,92,68,2,175,95,0,95,270
05/10/2004,CAE,SC,ASO,ES,Towers with Radar,10,125,49,4,188,0,11,50,0,61,10,136,99,4,249,70,2,72,321
05/11/2004,CAE,SC,ASO,ES,Towers with Radar,33,162,64,6,265,11,2,35,0,48,44,164,99,6,313,27,2,29,342
05/12/2004,CAE,SC,ASO,ES,Towers with Radar,30,148,58,2,238,18,13,4,0,35,48,161,62,2,273,24,0,24,297
05/13/2004,CAE,SC,ASO,ES,Towers with Radar,37,158,70,8,273,17,0,28,6,51,54,158,98,14,324,36,8,44,368
05/14/2004,CAE,SC,ASO,ES,Towers with Radar,30,161,66,8,265,0,0,50,3,53,30,161,116,11,318,36,2,38,356
05/15/2004,CAE,SC,ASO,ES,Towers with Radar,14,103,41,3,161,0,6,39,0,45,14,109,80,3,206,76,0,76,282
05/16/2004,CAE,SC,ASO,ES,Towers with Radar,12,91,41,2,146,0,0,40,0,40,12,91,81,2,186,48,0,48,234
05/17/2004,CAE,SC,ASO,ES,Towers with Radar,17,124,50,5,196,0,7,45,2,54,17,131,95,7,250,40,0,40,290
05/18/2004,CAE,SC,ASO,ES,Towers with Radar,36,155,68,7,266,8,0,58,5,71,44,155,126,12,337,46,10,56,393
05/19/2004,CAE,SC,ASO,ES,Towers with Radar,34,160,64,6,264,11,11,14,2,38,45,171,78,8,302,12,16,28,330
05/20/2004,CAE,SC,ASO,ES,Towers with Radar,34,159,64,6,263,8,0,44,7,59,42,159,108,13,322,54,19,73,395
05/21/2004,CAE,SC,ASO,ES,Towers with Radar,30,140,56,5,231,0,19,33,0,52,30,159,89,5,283,56,0,56,339
05/22/2004,CAE,SC,ASO,ES,Towers with Radar,17,85,34,0,136,0,11,33,0,44,17,96,67,0,180,39,0,39,219
05/23/2004,CAE,SC,ASO,ES,Towers with Radar,17,94,41,4,156,0,0,2,5,7,17,94,43,9,163,48,4,52,215
05/24/2004,CAE,SC,ASO,ES,Towers with Radar,11,117,47,4,179,0,21,35,1,57,11,138,82,5,236,57,0,57,293
05/25/2004,CAE,SC,ASO,ES,Towers with Radar,31,149,60,4,244,14,12,34,0,60,45,161,94,4,304,49,2,51,355
05/26/2004,CAE,SC,ASO,ES,Towers with Radar,32,152,61,6,251,14,12,49,1,76,46,164,110,7,327,6,22,28,355
05/27/2004,CAE,SC,ASO,ES,Towers with Radar,39,171,74,7,291,5,0,56,0,61,44,171,130,7,352,16,2,18,370
05/28/2004,CAE,SC,ASO,ES,Towers with Radar,30,154,62,6,252,0,18,14,1,33,30,172,76,7,285,49,0,49,334
05/29/2004,CAE,SC,ASO,ES,Towers with Radar,15,93,38,0,146,0,5,36,0,41,15,98,74,0,187,2,0,2,189
05/30/2004,CAE,SC,ASO,ES,Towers with Radar,8,76,31,3,118,0,13,35,1,49,8,89,66,4,167,24,4,28,195
05/31/2004,CAE,SC,ASO,ES,Towers with Radar,8,83,34,0,125,0,9,18,0,27,8,92,52,0,152,6,0,6,158
06/01/2004,CAE,SC,ASO,ES,Towers with Radar,16,134,46,6,202,0,0,55,7,62,16,134,101,13,264,62,0,62,326
06/02/2004,CAE,SC,ASO,ES,Towers with Radar,30,150,52,6,238,14,24,61,3,102,44,174,113,9,340,30,0,30,370
06/03/2004,CAE,SC,ASO,ES,Towers with Radar,32,161,55,7,255,13,12,46,4,75,45,173,101,11,330,76,17,93,423
06/04/2004,CAE,SC,ASO,ES,Towers with Radar,29,148,51,6,234,4,4,14,7,29,33,152,65,13,263,42,0,42,305
06/05/2004,CAE,SC,ASO,ES,Towers with Radar,15,105,36,5,161,0,0,21,1,22,15,105,57,6,183,58,8,66,249
06/06/2004,CAE,SC,ASO,ES,Towers with Radar,8,97,38,5,148,0,0,31,1,32,8,97,69,6,180,36,0,36,216
06/07/2004,CAE,SC,ASO,ES,Towers with Radar,10,114,39,4,167,0,14,18,0,32,10,128,57,4,199,38,0,38,237
06/08/2004,CAE,SC,ASO,ES,Towers with Radar,32,163,56,5,256,10,0,20,0,30,42,163,76,5,286,24,2,26,312
06/09/2004,CAE,SC,ASO,ES,Towers with Radar,31,157,54,0,242,17,4,5,0,26,48,161,59,0,268,4,0,4,272
06/10/2004,CAE,SC,ASO,ES,Towers with Radar,35,166,61,7,269,12,0,66,0,78,47,166,127,7,347,54,10,64,411
06/11/2004,CAE,SC,ASO,ES,Towers with Radar,29,145,50,1,225,0,10,36,0,46,29,155,86,1,271,96,1,97,368
06/12/2004,CAE,SC,ASO,ES,Towers with Radar,17,96,33,4,150,0,0,27,2,29,17,96,60,6,179,16,0,16,195
06/13/2004,CAE,SC,ASO,ES,Towers with Radar,6,97,43,1,147,0,0,29,0,29,6,97,72,1,176,27,0,27,203
06/14/2004,CAE,SC,ASO,ES,Towers with Radar,12,128,45,6,191,0,0,10,1,11,12,128,55,7,202,10,8,18,220
06/15/2004,CAE,SC,ASO,ES,Towers with Radar,31,157,55,7,250,14,2,22,1,39,45,159,77,8,289,21,2,23,312
06/16/2004,CAE,SC,ASO,ES,Towers with Radar,33,153,59,6,251,13,0,1,10,24,46,153,60,16,275,2,38,40,315
06/17/2004,CAE,SC,ASO,ES,Towers with Radar,36,160,61,5,262,10,0,27,0,37,46,160,88,5,299,38,2,40,339
06/18/2004,CAE,SC,ASO,ES,Towers with Radar,30,166,61,6,263,0,0,58,4,62,30,166,119,10,325,49,6,55,380
06/19/2004,CAE,SC,ASO,ES,Towers with Radar,15,100,35,0,150,0,14,40,0,54,15,114,75,0,204,127,0,127,331
06/20/2004,CAE,SC,ASO,ES,Towers with Radar,10,95,34,0,139,0,2,29,0,31,10,97,63,0,170,47,0,47,217
06/21/2004,CAE,SC,ASO,ES,Towers with Radar,12,117,41,4,174,0,8,14,5,27,12,125,55,9,201,2,8,10,211
06/22/2004,CAE,SC,ASO,ES,Towers with Radar,37,172,63,2,274,11,0,23,0,34,48,172,86,2,308,111,0,111,419
06/23/2004,CAE,SC,ASO,ES,Towers with Radar,38,185,65,7,295,14,7,21,2,44,52,192,86,9,339,47,6,53,392
06/24/2004,CAE,SC,ASO,ES,Towers with Radar,39,189,66,7,301,1,1,21,2,25,40,190,87,9,326,32,0,32,358
06/25/2004,CAE,SC,ASO,ES,Towers with Radar,31,158,56,6,251,0,15,19,1,35,31,173,75,7,286,51,0,51,337
06/26/2004,CAE,SC,ASO,ES,Towers with Radar,15,106,37,0,158,0,4,23,0,27,15,110,60,0,185,50,0,50,235
06/27/2004,CAE,SC,ASO,ES,Towers with Radar,8,103,37,4,152,0,6,17,0,23,8,109,54,4,175,25,6,31,206
06/28/2004,CAE,SC,ASO,ES,Towers with Radar,7,142,50,5,204,0,9,17,7,33,7,151,67,12,237,22,10,32,269
06/29/2004,CAE,SC,ASO,ES,Towers with Radar,35,168,59,6,268,13,5,23,0,41,48,173,82,6,309,23,6,29,338
06/30/2004,CAE,SC,ASO,ES,Towers with Radar,36,175,60,6,277,8,6,17,4,35,44,181,77,10,312,58,2,60,372
07/01/2004,CAE,SC,ASO,ES,Towers with Radar,31,173,56,8,268,14,1,26,1,42,45,174,82,9,310,10,0,10,320
07/02/2004,CAE,SC,ASO,ES,Towers with Radar,28,177,59,1,265,0,0,34,0,34,28,177,93,1,299,67,0,67,366
07/03/2004,CAE,SC,ASO,ES,Towers with Radar,13,112,36,0,161,0,0,26,0,26,13,112,62,0,187,61,0,61,248
07/04/2004,CAE,SC,ASO,ES,Towers with Radar,8,79,25,0,112,0,6,34,0,40,8,85,59,0,152,22,0,22,174
07/05/2004,CAE,SC,ASO,ES,Towers with Radar,12,104,33,0,149,0,9,43,0,52,12,113,76,0,201,69,0,69,270
07/06/2004,CAE,SC,ASO,ES,Towers with Radar,15,136,44,6,201,0,18,51,0,69,15,154,95,6,270,60,0,60,330
07/07/2004,CAE,SC,ASO,ES,Towers with Radar,31,165,55,8,259,11,0,37,3,51,42,165,92,11,310,70,2,72,382
07/08/2004,CAE,SC,ASO,ES,Towers with Radar,32,175,57,5,269,20,3,38,0,61,52,178,95,5,330,27,8,35,365
07/09/2004,CAE,SC,ASO,ES,Towers with Radar,28,178,58,8,272,0,2,59,9,70,28,180,117,17,342,22,16,38,380
07/10/2004,CAE,SC,ASO,ES,Towers with Radar,15,107,34,2,158,0,1,32,0,33,15,108,66,2,191,90,0,90,281
07/11/2004,CAE,SC,ASO,ES,Towers with Radar,6,107,38,5,156,0,0,42,1,43,6,107,80,6,199,24,4,28,227
07/12/2004,CAE,SC,ASO,ES,Towers with Radar,12,144,47,7,210,0,0,21,3,24,12,144,68,10,234,42,8,50,284
07/13/2004,CAE,SC,ASO,ES,Towers with Radar,26,137,45,4,212,16,0,35,0,51,42,137,80,4,263,39,0,39,302
07/14/2004,CAE,SC,ASO,ES,Towers with Radar,31,161,55,7,254,13,0,39,5,57,44,161,94,12,311,44,16,60,371
07/15/2004,CAE,SC,ASO,ES,Towers with Radar,34,175,59,3,271,10,0,64,0,74,44,175,123,3,345,56,0,56,401
07/16/2004,CAE,SC,ASO,ES,Towers with Radar,29,172,57,7,265,0,3,53,3,59,29,175,110,10,324,63,6,69,393
07/17/2004,CAE,SC,ASO,ES,Towers with Radar,14,97,32,0,143,0,12,29,0,41,14,109,61,0,184,26,0,26,210
07/18/2004,CAE,SC,ASO,ES,Towers with Radar,18,113,38,0,169,0,0,6,0,6,18,113,44,0,175,76,0,76,251
07/19/2004,CAE,SC,ASO,ES,Towers with Radar,13,141,47,5,206,0,1,27,2,30,13,142,74,7,236,49,6,55,291
07/20/2004,CAE,SC,ASO,ES,Towers with Radar,35,179,61,7,282,10,0,53,4,67,45,179,114,11,349,69,8,77,426
07/21/2004,CAE,SC,ASO,ES,Towers with Radar,36,176,64,8,284,6,0,40,9,55,42,176,104,17,339,14,20,34,373
07/22/2004,CAE,SC,ASO,ES,Towers with Radar,37,189,65,8,299,6,0,30,11,47,43,189,95,19,346,13,36,49,395
07/23/2004,CAE,SC,ASO,ES,Towers with Radar,29,155,51,3,238,0,11,21,0,32,29,166,72,3,270,62,0,62,332
07/24/2004,CAE,SC,ASO,ES,Towers with Radar,13,116,39,0,168,0,2,57,0,59,13,118,96,0,227,87,0,87,314
07/25/2004,CAE,SC,ASO,ES,Towers with Radar,6,112,38,2,158,0,0,26,0,26,6,112,64,2,184,61,0,61,245
07/26/2004,CAE,SC,ASO,ES,Towers with Radar,11,134,44,5,194,0,12,0,12,24,11,146,44,17,218,6,14,20,238
07/27/2004,CAE,SC,ASO,ES,Towers with Radar,30,161,53,6,250,8,1,5,9,23,38,162,58,15,273,22,8,30,303
07/28/2004,CAE,SC,ASO,ES,Towers with Radar,31,164,54,4,253,14,17,1,0,32,45,181,55,4,285,56,0,56,341
07/29/2004,CAE,SC,ASO,ES,Towers with Radar,31,166,55,3,255,14,0,6,0,20,45,166,61,3,275,10,0,10,285
07/30/2004,CAE,SC,ASO,ES,Towers with Radar,32,167,56,7,262,0,5,38,6,49,32,172,94,13,311,76,0,76,387
07/31/2004,CAE,SC,ASO,ES,Towers with Radar,10,97,32,4,143,0,2,38,0,40,10,99,70,4,183,50,8,58,241
08/01/2004,CAE,SC,ASO,ES,Towers with Radar,9,104,34,4,151,0,0,17,0,17,9,104,51,4,168,26,0,26,194
08/02/2004,CAE,SC,ASO,ES,Towers with Radar,9,141,43,5,198,0,2,37,0,39,9,143,80,5,237,38,0,38,275
08/03/2004,CAE,SC,ASO,ES,Towers with Radar,34,184,56,8,282,9,0,23,2,34,43,184,79,10,316,49,4,53,369
08/04/2004,CAE,SC,ASO,ES,Towers with Radar,33,176,56,5,270,12,0,65,0,77,45,176,121,5,347,34,0,34,381
08/05/2004,CAE,SC,ASO,ES,Towers with Radar,33,181,55,3,272,13,5,25,0,43,46,186,80,3,315,38,2,40,355
08/06/2004,CAE,SC,ASO,ES,Towers with Radar,33,165,55,8,261,1,0,49,3,53,34,165,104,11,314,94,46,140,454
08/07/2004,CAE,SC,ASO,ES,Towers with Radar,9,110,33,4,156,0,1,43,0,44,9,111,76,4,200,37,0,37,237
08/08/2004,CAE,SC,ASO,ES,Towers with Radar,6,108,36,4,154,0,0,31,0,31,6,108,67,4,185,124,0,124,309
08/09/2004,CAE,SC,ASO,ES,Towers with Radar,13,143,44,6,206,0,0,43,21,64,13,143,87,27,270,49,24,73,343
08/10/2004,CAE,SC,ASO,ES,Towers with Radar,31,167,53,5,256,13,0,70,0,83,44,167,123,5,339,79,2,81,420
08/11/2004,CAE,SC,ASO,ES,Towers with Radar,31,168,53,5,257,10,0,38,0,48,41,168,91,5,305,26,22,48,353
08/12/2004,CAE,SC,ASO,ES,Towers with Radar,26,146,38,1,211,16,26,0,0,42,42,172,38,1,253,2,0,2,255
08/13/2004,CAE,SC,ASO,ES,Towers with Radar,27,149,45,3,224,6,19,12,0,37,33,168,57,3,261,22,0,22,283
08/14/2004,CAE,SC,ASO,ES,Towers with Radar,11,64,17,0,92,4,29,0,0,33,15,93,17,0,125,0,0,0,125
08/15/2004,CAE,SC,ASO,ES,Towers with Radar,8,107,33,3,151,0,4,17,0,21,8,111,50,3,172,36,0,36,208
08/16/2004,CAE,SC,ASO,ES,Towers with Radar,13,146,46,5,210,0,9,33,8,50,13,155,79,13,260,52,18,70,330
08/17/2004,CAE,SC,ASO,ES,Towers with Radar,31,163,51,6,251,13,9,40,2,64,44,172,91,8,315,96,2,98,413
08/18/2004,CAE,SC,ASO,ES,Towers with Radar,32,166,54,2,254,18,0,39,0,57,50,166,93,2,311,38,0,38,349
08/19/2004,CAE,SC,ASO,ES,Towers with Radar,34,168,57,5,264,16,0,44,0,60,50,168,101,5,324,44,30,74,398
08/20/2004,CAE,SC,ASO,ES,Towers with Radar,28,167,52,6,253,0,7,42,8,57,28,174,94,14,310,27,0,27,337
08/21/2004,CAE,SC,ASO,ES,Towers with Radar,15,103,33,4,155,0,5,25,15,45,15,108,58,19,200,42,26,68,268
08/22/2004,CAE,SC,ASO,ES,Towers with Radar,6,110,36,0,152,0,0,28,0,28,6,110,64,0,180,81,0,81,261
08/23/2004,CAE,SC,ASO,ES,Towers with Radar,10,148,49,6,213,0,0,30,6,36,10,148,79,12,249,34,24,58,307
08/24/2004,CAE,SC,ASO,ES,Towers with Radar,35,170,58,0,263,10,0,78,0,88,45,170,136,0,351,72,0,72,423
08/25/2004,CAE,SC,ASO,ES,Towers with Radar,34,167,57,0,258,14,0,38,0,52,48,167,95,0,310,61,0,61,371
08/26/2004,CAE,SC,ASO,ES,Towers with Radar,35,182,59,7,283,9,0,33,10,52,44,182,92,17,335,36,2,38,373
08/27/2004,CAE,SC,ASO,ES,Towers with Radar,27,186,58,7,278,0,1,53,5,59,27,187,111,12,337,45,10,55,392
08/28/2004,CAE,SC,ASO,ES,Towers with Radar,12,110,35,4,161,0,49,35,0,84,12,159,70,4,245,8,1,9,254
08/29/2004,CAE,SC,ASO,ES,Towers with Radar,8,89,28,1,126,0,20,0,0,20,8,109,28,1,146,12,0,12,158
08/30/2004,CAE,SC,ASO,ES,Towers with Radar,11,128,39,5,183,0,18,52,1,71,11,146,91,6,254,98,0,98,352
08/31/2004,CAE,SC,ASO,ES,Towers with Radar,34,179,56,5,274,13,0,25,0,38,47,179,81,5,312,32,0,32,344
09/01/2004,CAE,SC,ASO,ES,Towers with Radar,34,178,53,5,270,8,0,6,0,14,42,178,59,5,284,34,4,38,322
09/02/2004,CAE,SC,ASO,ES,Towers with Radar,34,167,54,4,259,17,0,32,0,49,51,167,86,4,308,16,0,16,324
09/03/2004,CAE,SC,ASO,ES,Towers with Radar,31,167,49,3,250,0,0,58,0,58,31,167,107,3,308,33,0,33,341
09/04/2004,CAE,SC,ASO,ES,Towers with Radar,14,102,29,0,145,0,10,44,0,54,14,112,73,0,199,52,0,52,251
09/05/2004,CAE,SC,ASO,ES,Towers with Radar,7,86,25,2,120,0,20,20,0,40,7,106,45,2,160,57,0,57,217
09/06/2004,CAE,SC,ASO,ES,Towers with Radar,9,78,22,0,109,0,29,11,0,40,9,107,33,0,149,50,0,50,199
09/07/2004,CAE,SC,ASO,ES,Towers with Radar,10,106,16,0,132,0,60,0,0,60,10,166,16,0,192,0,0,0,192
09/08/2004,CAE,SC,ASO,ES,Towers with Radar,28,151,41,3,223,12,18,0,0,30,40,169,41,3,253,4,0,4,257
09/09/2004,CAE,SC,ASO,ES,Towers with Radar,38,185,60,6,289,4,0,51,7,62,42,185,111,13,351,43,20,63,414
09/10/2004,CAE,SC,ASO,ES,Towers with Radar,34,172,54,1,261,0,0,47,0,47,34,172,101,1,308,36,0,36,344
09/11/2004,CAE,SC,ASO,ES,Towers with Radar,17,112,40,0,169,0,0,57,0,57,17,112,97,0,226,38,0,38,264
09/12/2004,CAE,SC,ASO,ES,Towers with Radar,6,111,39,4,160,0,0,54,1,55,6,111,93,5,215,44,0,44,259
09/13/2004,CAE,SC,ASO,ES,Towers with Radar,12,135,40,2,189,0,9,30,0,39,12,144,70,2,228,4,0,4,232
09/14/2004,CAE,SC,ASO,ES,Towers with Radar,36,172,56,5,269,5,0,44,0,49,41,172,100,5,318,47,6,53,371
09/15/2004,CAE,SC,ASO,ES,Towers with Radar,38,174,59,6,277,6,0,12,33,51,44,174,71,39,328,37,64,101,429
09/16/2004,CAE,SC,ASO,ES,Towers with Radar,27,141,33,2,203,15,33,0,0,48,42,174,33,2,251,22,0,22,273
09/17/2004,CAE,SC,ASO,ES,Towers with Radar,25,131,34,2,192,17,30,0,0,47,42,161,34,2,239,4,0,4,243
09/18/2004,CAE,SC,ASO,ES,Towers with Radar,11,98,29,2,140,0,12,54,5,71,11,110,83,7,211,25,0,25,236
09/19/2004,CAE,SC,ASO,ES,Towers with Radar,7,103,31,2,143,0,12,43,1,56,7,115,74,3,199,98,0,98,297
09/20/2004,CAE,SC,ASO,ES,Towers with Radar,15,147,45,4,211,0,0,31,6,37,15,147,76,10,248,62,6,68,316
09/21/2004,CAE,SC,ASO,ES,Towers with Radar,34,170,52,3,259,10,0,57,0,67,44,170,109,3,326,72,0,72,398
09/22/2004,CAE,SC,ASO,ES,Towers with Radar,35,183,55,4,277,9,1,71,0,81,44,184,126,4,358,64,0,64,422
09/23/2004,CAE,SC,ASO,ES,Towers with Radar,39,183,60,2,284,6,0,62,0,68,45,183,122,2,352,62,0,62,414
09/24/2004,CAE,SC,ASO,ES,Towers with Radar,27,175,53,4,259,0,0,42,2,44,27,175,95,6,303,20,6,26,329
09/25/2004,CAE,SC,ASO,ES,Towers with Radar,14,103,31,0,148,0,13,53,0,66,14,116,84,0,214,30,0,30,244
09/26/2004,CAE,SC,ASO,ES,Towers with Radar,7,107,34,1,149,0,0,38,0,38,7,107,72,1,187,37,0,37,224
09/27/2004,CAE,SC,ASO,ES,Towers with Radar,11,80,14,0,105,0,48,0,0,48,11,128,14,0,153,0,0,0,153
09/28/2004,CAE,SC,ASO,ES,Towers with Radar,29,151,44,4,228,16,13,0,4,33,45,164,44,8,261,8,16,24,285
09/29/2004,CAE,SC,ASO,ES,Towers with Radar,41,187,63,5,296,2,0,72,2,76,43,187,135,7,372,59,20,79,451
09/30/2004,CAE,SC,ASO,ES,Towers with Radar,38,170,58,3,269,10,0,40,0,50,48,170,98,3,319,16,0,16,335
10/01/2004,CAE,SC,ASO,ES,Towers with Radar,34,163,65,4,266,0,0,33,0,33,34,163,98,4,299,8,0,8,307
10/02/2004,CAE,SC,ASO,ES,Towers with Radar,14,117,47,2,180,0,0,9,0,9,14,117,56,2,189,102,0,102,291
10/03/2004,CAE,SC,ASO,ES,Towers with Radar,9,113,52,8,182,0,3,16,0,19,9,116,68,8,201,47,6,53,254
10/04/2004,CAE,SC,ASO,ES,Towers with Radar,13,136,34,46,229,0,0,13,0,13,13,136,47,46,242,15,44,59,301
10/05/2004,CAE,SC,ASO,ES,Towers with Radar,51,171,77,17,316,0,2,45,2,49,51,173,122,19,365,20,30,50,415
10/06/2004,CAE,SC,ASO,ES,Towers with Radar,40,170,74,20,304,0,1,18,0,19,40,171,92,20,323,22,30,52,375
10/07/2004,CAE,SC,ASO,ES,Towers with Radar,40,169,63,1,273,0,0,56,0,56,40,169,119,1,329,29,0,29,358
10/08/2004,CAE,SC,ASO,ES,Towers with Radar,28,167,43,5,243,0,1,54,3,58,28,168,97,8,301,44,10,54,355
10/09/2004,CAE,SC,ASO,ES,Towers with Radar,14,112,28,1,155,0,1,48,2,51,14,113,76,3,206,22,2,24,230
10/10/2004,CAE,SC,ASO,ES,Towers with Radar,6,104,37,1,148,0,1,46,0,47,6,105,83,1,195,10,0,10,205
10/11/2004,CAE,SC,ASO,ES,Towers with Radar,10,131,53,1,195,0,0,50,0,50,10,131,103,1,245,14,0,14,259
10/12/2004,CAE,SC,ASO,ES,Towers with Radar,40,158,63,1,262,0,0,0,0,0,40,158,63,1,262,38,0,38,300
10/13/2004,CAE,SC,ASO,ES,Towers with Radar,44,177,43,1,265,0,6,18,0,24,44,183,61,1,289,48,0,48,337
10/14/2004,CAE,SC,ASO,ES,Towers with Radar,41,178,64,5,288,0,1,54,1,56,41,179,118,6,344,18,16,34,378
10/15/2004,CAE,SC,ASO,ES,Towers with Radar,30,181,50,0,261,0,0,28,1,29,30,181,78,1,290,3,0,3,293
10/16/2004,CAE,SC,ASO,ES,Towers with Radar,16,119,38,1,174,0,2,53,0,55,16,121,91,1,229,24,0,24,253
10/17/2004,CAE,SC,ASO,ES,Towers with Radar,12,116,30,1,159,0,0,85,0,85,12,116,115,1,244,56,0,56,300
10/18/2004,CAE,SC,ASO,ES,Towers with Radar,13,151,49,8,221,0,4,22,1,27,13,155,71,9,248,69,22,91,339
10/19/2004,CAE,SC,ASO,ES,Towers with Radar,45,167,70,5,287,0,3,25,0,28,45,170,95,5,315,45,0,45,360
10/20/2004,CAE,SC,ASO,ES,Towers with Radar,42,189,64,12,307,0,0,31,1,32,42,189,95,13,339,78,12,90,429
10/21/2004,CAE,SC,ASO,ES,Towers with Radar,41,190,63,17,311,0,0,10,0,10,41,190,73,17,321,22,0,22,343
10/22/2004,CAE,SC,ASO,ES,Towers with Radar,29,173,69,10,281,0,0,31,0,31,29,173,100,10,312,22,8,30,342
10/23/2004,CAE,SC,ASO,ES,Towers with Radar,12,115,37,0,164,0,7,49,0,56,12,122,86,0,220,40,0,40,260
10/24/2004,CAE,SC,ASO,ES,Towers with Radar,11,113,35,0,159,0,0,5,0,5,11,113,40,0,164,90,0,90,254
10/25/2004,CAE,SC,ASO,ES,Towers with Radar,9,146,56,5,216,0,1,34,1,36,9,147,90,6,252,12,12,24,276
10/26/2004,CAE,SC,ASO,ES,Towers with Radar,48,180,81,13,322,0,2,12,0,14,48,182,93,13,336,34,28,62,398
10/27/2004,CAE,SC,ASO,ES,Towers with Radar,44,186,45,1,276,0,1,14,1,16,44,187,59,2,292,59,0,59,351
10/28/2004,CAE,SC,ASO,ES,Towers with Radar,45,173,78,7,303,1,0,0,0,1,46,173,78,7,304,12,0,12,316
10/29/2004,CAE,SC,ASO,ES,Towers with Radar,34,181,60,1,276,0,0,3,4,7,34,181,63,5,283,8,0,8,291
10/30/2004,CAE,SC,ASO,ES,Towers with Radar,17,122,63,3,205,0,0,12,0,12,17,122,75,3,217,24,0,24,241
10/31/2004,CAE,SC,ASO,ES,Towers with Radar,10,118,39,0,167,0,0,42,0,42,10,118,81,0,209,28,0,28,237
11/01/2004,CAE,SC,ASO,ES,Combined TRACON& Tower with Radar,8,152,36,3,199,0,1,27,3,31,8,153,63,6,230,24,0,24,254
11/02/2004,CAE,SC,ASO,ES,Combined TRACON& Tower with Radar,44,168,45,4,261,0,0,41,0,41,44,168,86,4,302,51,28,79,381
11/03/2004,CAE,SC,ASO,ES,Combined TRACON& Tower with Radar,40,179,63,4,286,0,2,22,1,25,40,181,85,5,311,42,6,48,359
11/04/2004,CAE,SC,ASO,ES,Combined TRACON& Tower with Radar,42,186,53,0,281,0,0,6,0,6,42,186,59,0,287,26,0,26,313
11/05/2004,CAE,SC,ASO,ES,Combined TRACON& Tower with Radar,22,169,71,18,280,0,2,62,5,69,22,171,133,23,349,36,10,46,395
11/06/2004,CAE,SC,ASO,ES,Combined TRACON& Tower with Radar,17,125,39,2,183,0,1,73,0,74,17,126,112,2,257,16,0,16,273
11/07/2004,CAE,SC,ASO,ES,Combined TRACON& Tower with Radar,6,126,46,2,180,0,17,54,0,71,6,143,100,2,251,58,0,58,309
11/08/2004,CAE,SC,ASO,ES,Combined TRACON& Tower with Radar,10,159,61,5,235,0,0,45,0,45,10,159,106,5,280,25,8,33,313
11/09/2004,CAE,SC,ASO,ES,Combined TRACON& Tower with Radar,43,185,78,16,322,0,3,50,4,57,43,188,128,20,379,59,10,69,448
11/10/2004,CAE,SC,ASO,ES,Combined TRACON& Tower with Radar,43,177,50,9,279,0,0,58,0,58,43,177,108,9,337,28,2,30,367
11/11/2004,CAE,SC,ASO,ES,Combined TRACON& Tower with Radar,39,168,83,1,291,0,0,7,0,7,39,168,90,1,298,23,4,27,325
11/12/2004,CAE,SC,ASO,ES,Combined TRACON& Tower with Radar,35,151,50,0,236,0,0,0,0,0,35,151,50,0,236,6,0,6,242
11/13/2004,CAE,SC,ASO,ES,Combined TRACON& Tower with Radar,11,117,56,0,184,0,0,20,0,20,11,117,76,0,204,57,0,57,261
11/14/2004,CAE,SC,ASO,ES,Combined TRACON& Tower with Radar,12,120,41,3,176,0,1,76,1,78,12,121,117,4,254,90,2,92,346
11/15/2004,CAE,SC,ASO,ES,Combined TRACON& Tower with Radar,8,156,42,5,211,0,0,41,0,41,8,156,83,5,252,28,0,28,280
11/16/2004,CAE,SC,ASO,ES,Combined TRACON& Tower with Radar,42,181,47,7,277,0,3,45,0,48,42,184,92,7,325,10,12,22,347
11/17/2004,CAE,SC,ASO,ES,Combined TRACON& Tower with Radar,41,187,63,1,292,0,5,65,3,73,41,192,128,4,365,52,0,52,417
11/18/2004,CAE,SC,ASO,ES,Combined TRACON& Tower with Radar,44,187,71,7,309,0,0,54,1,55,44,187,125,8,364,74,6,80,444
11/19/2004,CAE,SC,ASO,ES,Combined TRACON& Tower with Radar,29,176,59,9,273,0,0,52,5,57,29,176,111,14,330,42,6,48,378
11/20/2004,CAE,SC,ASO,ES,Combined TRACON& Tower with Radar,13,124,49,0,186,0,3,27,0,30,13,127,76,0,216,72,0,72,288
11/21/2004,CAE,SC,ASO,ES,Combined TRACON& Tower with Radar,4,121,33,3,161,0,0,21,0,21,4,121,54,3,182,56,4,60,242
11/22/2004,CAE,SC,ASO,ES,Combined TRACON& Tower with Radar,9,157,64,11,241,0,2,10,0,12,9,159,74,11,253,44,8,52,305
11/23/2004,CAE,SC,ASO,ES,Combined TRACON& Tower with Radar,51,179,56,9,295,0,0,0,0,0,51,179,56,9,295,10,16,26,321
11/24/2004,CAE,SC,ASO,ES,Combined TRACON& Tower with Radar,54,175,41,3,273,0,0,5,0,5,54,175,46,3,278,10,4,14,292
11/25/2004,CAE,SC,ASO,ES,Combined TRACON& Tower with Radar,13,119,8,0,140,0,0,12,0,12,13,119,20,0,152,27,0,27,179
11/26/2004,CAE,SC,ASO,ES,Combined TRACON& Tower with Radar,12,129,25,0,166,0,2,63,0,65,12,131,88,0,231,10,0,10,241
11/27/2004,CAE,SC,ASO,ES,Combined TRACON& Tower with Radar,12,119,23,0,154,0,0,27,1,28,12,119,50,1,182,10,0,10,192
11/28/2004,CAE,SC,ASO,ES,Combined TRACON& Tower with Radar,7,121,58,15,201,0,0,28,0,28,7,121,86,15,229,53,24,77,306
11/29/2004,CAE,SC,ASO,ES,Combined TRACON& Tower with Radar,11,148,40,8,207,0,3,56,0,59,11,151,96,8,266,12,16,28,294
11/30/2004,CAE,SC,ASO,ES,Combined TRACON& Tower with Radar,54,178,42,8,282,0,2,11,9,22,54,180,53,17,304,46,14,60,364
12/01/2004,CAE,SC,ASO,ES,Combined TRACON& Tower with Radar,55,169,42,8,274,0,2,14,3,19,55,171,56,11,293,14,12,26,319
12/02/2004,CAE,SC,ASO,ES,Combined TRACON& Tower with Radar,51,172,53,5,281,0,4,59,4,67,51,176,112,9,348,6,0,6,354
12/03/2004,CAE,SC,ASO,ES,Combined TRACON& Tower with Radar,45,164,50,4,263,0,4,66,3,73,45,168,116,7,336,24,0,24,360
12/04/2004,CAE,SC,ASO,ES,Combined TRACON& Tower with Radar,15,115,17,4,151,0,1,57,0,58,15,116,74,4,209,46,0,46,255
12/05/2004,CAE,SC,ASO,ES,Combined TRACON& Tower with Radar,8,108,36,3,155,0,6,67,0,73,8,114,103,3,228,8,0,8,236
12/06/2004,CAE,SC,ASO,ES,Combined TRACON& Tower with Radar,13,153,27,15,208,0,0,6,1,7,13,153,33,16,215,30,8,38,253
12/07/2004,CAE,SC,ASO,ES,Combined TRACON& Tower with Radar,52,186,33,16,287,0,0,16,0,16,52,186,49,16,303,62,26,88,391
12/08/2004,CAE,SC,ASO,ES,Combined TRACON& Tower with Radar,52,182,61,2,297,0,0,49,0,49,52,182,110,2,346,12,0,12,358
12/09/2004,CAE,SC,ASO,ES,Combined TRACON& Tower with Radar,63,169,46,3,281,0,0,7,0,7,63,169,53,3,288,30,0,30,318
12/10/2004,CAE,SC,ASO,ES,Combined TRACON& Tower with Radar,38,182,47,6,273,0,1,20,1,22,38,183,67,7,295,32,12,44,339
12/11/2004,CAE,SC,ASO,ES,Combined TRACON& Tower with Radar,14,124,25,0,163,0,0,0,0,0,14,124,25,0,163,20,0,20,183
12/12/2004,CAE,SC,ASO,ES,Combined TRACON& Tower with Radar,7,112,33,3,155,0,0,48,1,49,7,112,81,4,204,93,4,97,301
12/13/2004,CAE,SC,ASO,ES,Combined TRACON& Tower with Radar,13,149,28,4,194,0,0,32,0,32,13,149,60,4,226,40,4,44,270
12/14/2004,CAE,SC,ASO,ES,Combined TRACON& Tower with Radar,58,183,55,0,296,0,0,40,1,41,58,183,95,1,337,14,0,14,351
12/15/2004,CAE,SC,ASO,ES,Combined TRACON& Tower with Radar,58,179,67,8,312,0,0,53,2,55,58,179,120,10,367,43,2,45,412
12/16/2004,CAE,SC,ASO,ES,Combined TRACON& Tower with Radar,56,167,54,11,288,0,0,51,4,55,56,167,105,15,343,72,14,86,429
12/17/2004,CAE,SC,ASO,ES,Combined TRACON& Tower with Radar,59,181,31,8,279,0,0,0,2,2,59,181,31,10,281,22,0,22,303
12/18/2004,CAE,SC,ASO,ES,Combined TRACON& Tower with Radar,21,124,44,5,194,0,0,75,0,75,21,124,119,5,269,6,5,11,280
12/19/2004,CAE,SC,ASO,ES,Combined TRACON& Tower with Radar,9,114,23,2,148,0,0,21,1,22,9,114,44,3,170,37,0,37,207
12/20/2004,CAE,SC,ASO,ES,Combined TRACON& Tower with Radar,16,149,35,3,203,0,1,42,0,43,16,150,77,3,246,42,2,44,290
12/21/2004,CAE,SC,ASO,ES,Combined TRACON& Tower with Radar,74,183,62,1,320,0,5,52,0,57,74,188,114,1,377,36,0,36,413
12/22/2004,CAE,SC,ASO,ES,Combined TRACON& Tower with Radar,77,160,55,14,306,0,2,29,0,31,77,162,84,14,337,34,15,49,386
12/23/2004,CAE,SC,ASO,ES,Combined TRACON& Tower with Radar,56,155,36,22,269,0,0,7,0,7,56,155,43,22,276,38,30,68,344
12/24/2004,CAE,SC,ASO,ES,Combined TRACON& Tower with Radar,45,154,49,0,248,0,0,21,0,21,45,154,70,0,269,22,0,22,291
12/25/2004,CAE,SC,ASO,ES,Combined TRACON& Tower with Radar,6,76,3,0,85,0,0,4,0,4,6,76,7,0,89,0,0,0,89
12/26/2004,CAE,SC,ASO,ES,Combined TRACON& Tower with Radar,11,79,27,0,117,0,0,15,0,15,11,79,42,0,132,20,0,20,152
12/27/2004,CAE,SC,ASO,ES,Combined TRACON& Tower with Radar,13,143,37,1,194,0,0,36,1,37,13,143,73,2,231,14,0,14,245
12/28/2004,CAE,SC,ASO,ES,Combined TRACON& Tower with Radar,49,160,59,12,280,0,5,48,0,53,49,165,107,12,333,30,24,54,387
12/29/2004,CAE,SC,ASO,ES,Combined TRACON& Tower with Radar,45,166,39,0,250,0,0,40,1,41,45,166,79,1,291,13,0,13,304
12/30/2004,CAE,SC,ASO,ES,Combined TRACON& Tower with Radar,51,173,28,4,256,0,0,46,0,46,51,173,74,4,302,20,4,24,326
12/31/2004,CAE,SC,ASO,ES,Combined TRACON& Tower with Radar,30,130,31,0,191,10,0,30,0,40,40,130,61,0,231,24,0,24,255
01/01/2005,CAE,SC,ASO,ES,Combined TRACON& Tower with Radar,7,96,28,0,131,0,1,31,0,32,7,97,59,0,163,560,0,560,723
01/02/2005,CAE,SC,ASO,ES,Combined TRACON& Tower with Radar,6,112,50,1,169,0,1,45,0,46,6,113,95,1,215,28,0,28,243
01/03/2005,CAE,SC,ASO,ES,Combined TRACON& Tower with Radar,15,151,34,2,202,0,0,28,0,28,15,151,62,2,230,50,0,50,280
01/04/2005,CAE,SC,ASO,ES,Combined TRACON& Tower with Radar,44,177,35,2,258,0,4,43,0,47,44,181,78,2,305,60,2,62,367
01/05/2005,CAE,SC,ASO,ES,Combined TRACON& Tower with Radar,47,175,58,22,302,0,2,49,0,51,47,177,107,22,353,50,26,76,429
01/06/2005,CAE,SC,ASO,ES,Combined TRACON& Tower with Radar,43,170,60,8,281,0,0,17,2,19,43,170,77,10,300,32,8,40,340
01/07/2005,CAE,SC,ASO,ES,Combined TRACON& Tower with Radar,30,183,68,2,283,0,0,35,1,36,30,183,103,3,319,59,2,61,380
01/08/2005,CAE,SC,ASO,ES,Combined TRACON& Tower with Radar,14,109,61,7,191,0,0,14,0,14,14,109,75,7,205,78,32,110,315
01/09/2005,CAE,SC,ASO,ES,Combined TRACON& Tower with Radar,9,122,47,2,180,0,12,63,0,75,9,134,110,2,255,79,2,81,336
01/10/2005,CAE,SC,ASO,ES,Combined TRACON& Tower with Radar,12,165,51,2,230,0,2,33,0,35,12,167,84,2,265,30,0,30,295
01/11/2005,CAE,SC,ASO,ES,Combined TRACON& Tower with Radar,51,163,45,6,265,0,0,30,2,32,51,163,75,8,297,10,0,10,307
01/12/2005,CAE,SC,ASO,ES,Combined TRACON& Tower with Radar,46,176,54,14,290,0,4,30,0,34,46,180,84,14,324,60,16,76,400
01/13/2005,CAE,SC,ASO,ES,Combined TRACON& Tower with Radar,50,175,63,2,290,0,0,0,0,0,50,175,63,2,290,29,0,29,319
01/14/2005,CAE,SC,ASO,ES,Combined TRACON& Tower with Radar,31,179,48,2,260,0,0,15,1,16,31,179,63,3,276,16,0,16,292
01/15/2005,CAE,SC,ASO,ES,Combined TRACON& Tower with Radar,12,109,28,0,149,0,1,25,2,28,12,110,53,2,177,42,0,42,219
01/16/2005,CAE,SC,ASO,ES,Combined TRACON& Tower with Radar,9,113,28,0,150,0,3,42,0,45,9,116,70,0,195,108,0,108,303
01/17/2005,CAE,SC,ASO,ES,Combined TRACON& Tower with Radar,12,128,30,4,174,0,0,36,0,36,12,128,66,4,210,18,4,22,232
01/18/2005,CAE,SC,ASO,ES,Combined TRACON& Tower with Radar,35,150,71,8,264,0,4,47,2,53,35,154,118,10,317,18,2,20,337
01/19/2005,CAE,SC,ASO,ES,Combined TRACON& Tower with Radar,53,158,65,1,277,0,4,38,0,42,53,162,103,1,319,10,0,10,329
01/20/2005,CAE,SC,ASO,ES,Combined TRACON& Tower with Radar,43,183,70,6,302,900,5,50,1,956,943,188,120,7,1258,62,2,64,1322
01/21/2005,CAE,SC,ASO,ES,Combined TRACON& Tower with Radar,33,175,52,10,270,0,0,31,1,32,33,175,83,11,302,37,12,49,351
01/22/2005,CAE,SC,ASO,ES,Combined TRACON& Tower with Radar,15,102,30,0,147,0,0,2,0,2,15,102,32,0,149,6,0,6,155
01/23/2005,CAE,SC,ASO,ES,Combined TRACON& Tower with Radar,10,95,24,13,142,0,0,3,5,8,10,95,27,18,150,52,10,62,212
01/24/2005,CAE,SC,ASO,ES,Combined TRACON& Tower with Radar,14,138,45,2,199,0,0,30,6,36,14,138,75,8,235,22,2,24,259
01/25/2005,CAE,SC,ASO,ES,Combined TRACON& Tower with Radar,50,167,58,3,278,0,3,46,1,50,50,170,104,4,328,32,0,32,360
01/26/2005,CAE,SC,ASO,ES,Combined TRACON& Tower with Radar,49,171,57,7,284,0,5,44,0,49,49,176,101,7,333,40,4,44,377
01/27/2005,CAE,SC,ASO,ES,Combined TRACON& Tower with Radar,47,171,64,10,292,0,5,45,0,50,47,176,109,10,342,36,12,48,390
01/28/2005,CAE,SC,ASO,ES,Combined TRACON& Tower with Radar,29,175,35,31,270,0,5,26,4,35,29,180,61,35,305,27,14,41,346
01/29/2005,CAE,SC,ASO,ES,Combined TRACON& Tower with Radar,5,66,3,0,74,0,0,1,0,1,5,66,4,0,75,0,0,0,75
01/30/2005,CAE,SC,ASO,ES,Combined TRACON& Tower with Radar,4,109,34,2,149,0,0,0,0,0,4,109,34,2,149,12,0,12,161
01/31/2005,CAE,SC,ASO,ES,Combined TRACON& Tower with Radar,8,150,51,10,219,0,0,40,1,41,8,150,91,11,260,48,18,66,326
02/01/2005,CAE,SC,ASO,ES,Combined TRACON& Tower with Radar,46,173,37,8,264,0,2,57,1,60,46,175,94,9,324,33,12,45,369
02/02/2005,CAE,SC,ASO,ES,Combined TRACON& Tower with Radar,45,155,60,0,260,0,1,22,0,23,45,156,82,0,283,28,0,28,311
02/03/2005,CAE,SC,ASO,ES,Combined TRACON& Tower with Radar,37,156,43,17,253,0,0,2,0,2,37,156,45,17,255,0,8,8,263
02/04/2005,CAE,SC,ASO,ES,Combined TRACON& Tower with Radar,31,168,53,2,254,0,2,56,3,61,31,170,109,5,315,74,0,74,389
02/05/2005,CAE,SC,ASO,ES,Combined TRACON& Tower with Radar,16,103,44,0,163,0,6,69,0,75,16,109,113,0,238,36,0,36,274
02/06/2005,CAE,SC,ASO,ES,Combined TRACON& Tower with Radar,9,118,28,0,155,0,0,0,0,0,9,118,28,0,155,48,0,48,203
02/07/2005,CAE,SC,ASO,ES,Combined TRACON& Tower with Radar,11,139,56,4,210,0,2,53,0,55,11,141,109,4,265,20,0,20,285
02/08/2005,CAE,SC,ASO,ES,Combined TRACON& Tower with Radar,43,174,64,0,281,0,3,48,2,53,43,177,112,2,334,22,8,30,364
02/09/2005,CAE,SC,ASO,ES,Combined TRACON& Tower with Radar,42,163,54,0,259,0,0,5,0,5,42,163,59,0,264,0,0,0,264
02/10/2005,CAE,SC,ASO,ES,Combined TRACON& Tower with Radar,42,166,46,1,255,0,3,35,0,38,42,169,81,1,293,50,0,50,343
02/11/2005,CAE,SC,ASO,ES,Combined TRACON& Tower with Radar,31,159,65,1,256,0,3,46,0,49,31,162,111,1,305,55,4,59,364
02/12/2005,CAE,SC,ASO,ES,Combined TRACON& Tower with Radar,14,112,43,1,170,0,0,36,1,37,14,112,79,2,207,16,0,16,223
02/13/2005,CAE,SC,ASO,ES,Combined TRACON& Tower with Radar,8,105,46,0,159,0,7,78,0,85,8,112,124,0,244,96,0,96,340
02/14/2005,CAE,SC,ASO,ES,Combined TRACON& Tower with Radar,11,143,53,0,207,0,0,15,0,15,11,143,68,0,222,28,0,28,250
02/15/2005,CAE,SC,ASO,ES,Combined TRACON& Tower with Radar,45,169,77,2,293,0,1,13,0,14,45,170,90,2,307,18,0,18,325
02/16/2005,CAE,SC,ASO,ES,Combined TRACON& Tower with Radar,48,172,60,15,295,0,2,13,0,15,48,174,73,15,310,26,18,44,354
02/17/2005,CAE,SC,ASO,ES,Combined TRACON& Tower with Radar,50,180,63,9,302,0,1,38,0,39,50,181,101,9,341,34,6,40,381
02/18/2005,CAE,SC,ASO,ES,Combined TRACON& Tower with Radar,30,177,62,3,272,0,3,57,2,62,30,180,119,5,334,16,0,16,350
02/19/2005,CAE,SC,ASO,ES,Combined TRACON& Tower with Radar,17,99,38,0,154,0,2,66,0,68,17,101,104,0,222,360,0,360,582
02/20/2005,CAE,SC,ASO,ES,Combined TRACON& Tower with Radar,8,103,37,1,149,0,0,12,0,12,8,103,49,1,161,38,0,38,199
02/21/2005,CAE,SC,ASO,ES,Combined TRACON& Tower with Radar,11,115,58,0,184,0,0,0,0,0,11,115,58,0,184,14,0,14,198
02/22/2005,CAE,SC,ASO,ES,Combined TRACON& Tower with Radar,40,165,58,20,283,0,6,26,2,34,40,171,84,22,317,4,16,20,337
02/23/2005,CAE,SC,ASO,ES,Combined TRACON& Tower with Radar,46,157,72,8,283,0,2,39,0,41,46,159,111,8,324,52,8,60,384
02/24/2005,CAE,SC,ASO,ES,Combined TRACON& Tower with Radar,47,171,69,3,290,0,0,0,0,0,47,171,69,3,290,6,0,6,296
02/25/2005,CAE,SC,ASO,ES,Combined TRACON& Tower with Radar,33,166,60,5,264,0,8,48,0,56,33,174,108,5,320,62,0,62,382
02/26/2005,CAE,SC,ASO,ES,Combined TRACON& Tower with Radar,15,119,42,0,176,0,20,82,0,102,15,139,124,0,278,95,0,95,373
02/27/2005,CAE,SC,ASO,ES,Combined TRACON& Tower with Radar,8,123,43,7,181,0,0,24,0,24,8,123,67,7,205,38,4,42,247
02/28/2005,CAE,SC,ASO,ES,Combined TRACON& Tower with Radar,10,133,53,2,198,0,0,2,0,2,10,133,55,2,200,12,0,12,212
03/01/2005,CAE,SC,ASO,ES,Combined TRACON& Tower with Radar,46,167,47,10,270,0,1,9,0,10,46,168,56,10,280,12,24,36,316
03/02/2005,CAE,SC,ASO,ES,Combined TRACON& Tower with Radar,44,163,71,2,280,0,3,51,0,54,44,166,122,2,334,30,0,30,364
03/03/2005,CAE,SC,ASO,ES,Combined TRACON& Tower with Radar,48,171,67,3,289,0,0,57,0,57,48,171,124,3,346,18,0,18,364
03/04/2005,CAE,SC,ASO,ES,Combined TRACON& Tower with Radar,32,157,47,1,237,0,8,37,1,46,32,165,84,2,283,52,0,52,335
03/05/2005,CAE,SC,ASO,ES,Combined TRACON& Tower with Radar,19,113,30,1,163,0,4,17,1,22,19,117,47,2,185,33,0,33,218
03/06/2005,CAE,SC,ASO,ES,Combined TRACON& Tower with Radar,11,111,36,2,160,0,3,56,2,61,11,114,92,4,221,32,2,34,255
03/07/2005,CAE,SC,ASO,ES,Combined TRACON& Tower with Radar,13,147,36,4,200,0,3,20,0,23,13,150,56,4,223,18,0,18,241
03/08/2005,CAE,SC,ASO,ES,Combined TRACON& Tower with Radar,44,160,35,4,243,0,1,13,2,16,44,161,48,6,259,8,8,16,275
03/09/2005,CAE,SC,ASO,ES,Combined TRACON& Tower with Radar,45,164,60,16,285,0,0,43,2,45,45,164,103,18,330,46,20,66,396
03/10/2005,CAE,SC,ASO,ES,Combined TRACON& Tower with Radar,41,170,70,3,284,0,2,38,0,40,41,172,108,3,324,32,0,32,356
03/11/2005,CAE,SC,ASO,ES,Combined TRACON& Tower with Radar,32,157,52,8,249,0,5,13,2,20,32,162,65,10,269,16,9,25,294
03/12/2005,CAE,SC,ASO,ES,Combined TRACON& Tower with Radar,15,117,18,0,150,0,1,21,2,24,15,118,39,2,174,12,0,12,186
03/13/2005,CAE,SC,ASO,ES,Combined TRACON& Tower with Radar,11,107,39,1,158,0,0,29,0,29,11,107,68,1,187,35,0,35,222
03/14/2005,CAE,SC,ASO,ES,Combined TRACON& Tower with Radar,13,150,49,0,212,0,0,10,0,10,13,150,59,0,222,12,0,12,234
03/15/2005,CAE,SC,ASO,ES,Combined TRACON& Tower with Radar,43,163,70,14,290,0,1,37,0,38,43,164,107,14,328,63,18,81,409
03/16/2005,CAE,SC,ASO,ES,Combined TRACON& Tower with Radar,43,166,54,3,266,0,0,0,0,0,43,166,54,3,266,8,2,10,276
03/17/2005,CAE,SC,ASO,ES,Combined TRACON& Tower with Radar,48,174,53,5,280,0,2,3,2,7,48,176,56,7,287,2,0,2,289
03/18/2005,CAE,SC,ASO,ES,Combined TRACON& Tower with Radar,31,168,60,3,262,0,4,44,1,49,31,172,104,4,311,40,6,46,357
03/19/2005,CAE,SC,ASO,ES,Combined TRACON& Tower with Radar,17,112,32,7,168,0,3,36,4,43,17,115,68,11,211,41,20,61,272
03/20/2005,CAE,SC,ASO,ES,Combined TRACON& Tower with Radar,10,113,27,3,153,0,2,22,4,28,10,115,49,7,181,70,0,70,251
03/21/2005,CAE,SC,ASO,ES,Combined TRACON& Tower with Radar,8,150,47,3,208,0,3,18,0,21,8,153,65,3,229,20,12,32,261
03/22/2005,CAE,SC,ASO,ES,Combined TRACON& Tower with Radar,42,159,42,2,245,0,0,11,2,13,42,159,53,4,258,14,0,14,272
03/23/2005,CAE,SC,ASO,ES,Combined TRACON& Tower with Radar,48,170,65,12,295,0,1,12,0,13,48,171,77,12,308,38,23,61,369
03/24/2005,CAE,SC,ASO,ES,Combined TRACON& Tower with Radar,42,174,69,1,286,0,1,63,0,64,42,175,132,1,350,78,0,78,428
03/25/2005,CAE,SC,ASO,ES,Combined TRACON& Tower with Radar,39,159,90,10,298,0,2,57,2,61,39,161,147,12,359,82,2,84,443
03/26/2005,CAE,SC,ASO,ES,Combined TRACON& Tower with Radar,12,116,44,0,172,0,0,7,0,7,12,116,51,0,179,14,0,14,193
03/27/2005,CAE,SC,ASO,ES,Combined TRACON& Tower with Radar,7,98,18,0,123,0,0,0,0,0,7,98,18,0,123,0,0,0,123
03/28/2005,CAE,SC,ASO,ES,Combined TRACON& Tower with Radar,9,149,60,3,221,0,1,2,1,4,9,150,62,4,225,6,0,6,231
03/29/2005,CAE,SC,ASO,ES,Combined TRACON& Tower with Radar,44,164,60,6,274,0,5,66,3,74,44,169,126,9,348,93,2,95,443
03/30/2005,CAE,SC,ASO,ES,Combined TRACON& Tower with Radar,46,177,51,12,286,0,4,70,2,76,46,181,121,14,362,71,7,78,440
03/31/2005,CAE,SC,ASO,ES,Combined TRACON& Tower with Radar,44,174,62,0,280,0,1,10,0,11,44,175,72,0,291,12,0,12,303
04/01/2005,CAE,SC,ASO,ES,Combined TRACON& Tower with Radar,30,169,49,0,248,0,0,1,0,1,30,169,50,0,249,14,0,14,263
04/02/2005,CAE,SC,ASO,ES,Combined TRACON& Tower with Radar,20,129,15,0,164,0,2,13,0,15,20,131,28,0,179,24,0,24,203
04/03/2005,CAE,SC,ASO,ES,Combined TRACON& Tower with Radar,8,112,38,1,159,0,8,30,0,38,8,120,68,1,197,77,0,77,274
04/04/2005,CAE,SC,ASO,ES,Combined TRACON& Tower with Radar,8,138,62,6,214,0,2,46,4,52,8,140,108,10,266,30,0,30,296
04/05/2005,CAE,SC,ASO,ES,Combined TRACON& Tower with Radar,46,165,60,6,277,0,2,41,0,43,46,167,101,6,320,42,6,48,368
04/06/2005,CAE,SC,ASO,ES,Combined TRACON& Tower with Radar,43,173,76,12,304,0,1,33,3,37,43,174,109,15,341,12,10,22,363
04/07/2005,CAE,SC,ASO,ES,Combined TRACON& Tower with Radar,51,166,46,5,268,0,0,6,0,6,51,166,52,5,274,6,0,6,280
04/08/2005,CAE,SC,ASO,ES,Combined TRACON& Tower with Radar,28,168,81,0,277,0,0,9,0,9,28,168,90,0,286,41,0,41,327
04/09/2005,CAE,SC,ASO,ES,Combined TRACON& Tower with Radar,15,116,33,2,166,0,5,34,0,39,15,121,67,2,205,46,0,46,251
04/10/2005,CAE,SC,ASO,ES,Combined TRACON& Tower with Radar,7,116,60,0,183,0,4,48,0,52,7,120,108,0,235,41,0,41,276
04/11/2005,CAE,SC,ASO,ES,Combined TRACON& Tower with Radar,9,145,76,5,235,0,0,51,0,51,9,145,127,5,286,48,4,52,338
04/12/2005,CAE,SC,ASO,ES,Combined TRACON& Tower with Radar,41,175,60,7,283,0,0,16,0,16,41,175,76,7,299,26,6,32,331
04/13/2005,CAE,SC,ASO,ES,Combined TRACON& Tower with Radar,40,171,70,18,299,0,0,0,0,0,40,171,70,18,299,8,24,32,331
04/14/2005,CAE,SC,ASO,ES,Combined TRACON& Tower with Radar,46,171,78,3,298,0,0,38,0,38,46,171,116,3,336,59,0,59,395
04/15/2005,CAE,SC,ASO,ES,Combined TRACON& Tower with Radar,27,166,42,6,241,0,2,44,3,49,27,168,86,9,290,87,14,101,391
04/16/2005,CAE,SC,ASO,ES,Combined TRACON& Tower with Radar,14,117,30,2,163,0,3,25,1,29,14,120,55,3,192,34,0,34,226
04/17/2005,CAE,SC,ASO,ES,Combined TRACON& Tower with Radar,7,112,36,4,159,0,1,53,1,55,7,113,89,5,214,31,0,31,245
04/18/2005,CAE,SC,ASO,ES,Combined TRACON& Tower with Radar,11,145,25,2,183,0,2,40,2,44,11,147,65,4,227,32,0,32,259
04/19/2005,CAE,SC,ASO,ES,Combined TRACON& Tower with Radar,44,168,61,2,275,0,3,41,0,44,44,171,102,2,319,50,4,54,373
04/20/2005,CAE,SC,ASO,ES,Combined TRACON& Tower with Radar,45,170,55,10,280,0,3,67,1,71,45,173,122,11,351,18,0,18,369
04/21/2005,CAE,SC,ASO,ES,Combined TRACON& Tower with Radar,42,166,74,13,295,0,6,44,4,54,42,172,118,17,349,28,10,38,387
04/22/2005,CAE,SC,ASO,ES,Combined TRACON& Tower with Radar,29,162,64,4,259,0,1,0,0,1,29,163,64,4,260,0,0,0,260
04/23/2005,CAE,SC,ASO,ES,Combined TRACON& Tower with Radar,14,121,26,16,177,0,2,13,0,15,14,123,39,16,192,4,9,13,205
04/24/2005,CAE,SC,ASO,ES,Combined TRACON& Tower with Radar,8,113,33,0,154,0,1,16,2,19,8,114,49,2,173,17,0,17,190
04/25/2005,CAE,SC,ASO,ES,Combined TRACON& Tower with Radar,10,153,63,2,228,0,0,33,0,33,10,153,96,2,261,19,0,19,280
04/26/2005,CAE,SC,ASO,ES,Combined TRACON& Tower with Radar,45,166,50,2,263,0,1,9,3,13,45,167,59,5,276,4,4,8,284
04/27/2005,CAE,SC,ASO,ES,Combined TRACON& Tower with Radar,46,177,59,8,290,0,4,20,1,25,46,181,79,9,315,42,0,42,357
04/28/2005,CAE,SC,ASO,ES,Combined TRACON& Tower with Radar,46,165,50,17,278,0,5,57,6,68,46,170,107,23,346,42,25,67,413
04/29/2005,CAE,SC,ASO,ES,Combined TRACON& Tower with Radar,27,175,46,5,253,0,3,34,0,37,27,178,80,5,290,54,0,54,344
04/30/2005,CAE,SC,ASO,ES,Combined TRACON& Tower with Radar,13,111,20,1,145,0,0,8,1,9,13,111,28,2,154,66,0,66,220
05/01/2005,CAE,SC,ASO,ES,Combined TRACON& Tower with Radar,6,119,48,0,173,0,3,63,2,68,6,122,111,2,241,88,0,88,329
05/02/2005,CAE,SC,ASO,ES,Combined TRACON& Tower with Radar,11,141,47,1,200,0,0,34,2,36,11,141,81,3,236,37,0,37,273
05/03/2005,CAE,SC,ASO,ES,Combined TRACON& Tower with Radar,43,163,75,0,281,0,5,69,0,74,43,168,144,0,355,50,0,50,405
05/04/2005,CAE,SC,ASO,ES,Combined TRACON& Tower with Radar,42,168,51,5,266,0,2,31,0,33,42,170,82,5,299,12,4,16,315
05/05/2005,CAE,SC,ASO,ES,Combined TRACON& Tower with Radar,46,157,53,2,258,0,0,9,0,9,46,157,62,2,267,18,7,25,292
05/06/2005,CAE,SC,ASO,ES,Combined TRACON& Tower with Radar,23,169,82,1,275,0,0,30,1,31,23,169,112,2,306,12,1,13,319
05/07/2005,CAE,SC,ASO,ES,Combined TRACON& Tower with Radar,11,113,53,0,177,0,1,40,0,41,11,114,93,0,218,42,0,42,260
05/08/2005,CAE,SC,ASO,ES,Combined TRACON& Tower with Radar,6,87,29,5,127,0,0,25,0,25,6,87,54,5,152,12,0,12,164
05/09/2005,CAE,SC,ASO,ES,Combined TRACON& Tower with Radar,8,134,69,7,218,0,2,49,1,52,8,136,118,8,270,22,0,22,292
05/10/2005,CAE,SC,ASO,ES,Combined TRACON& Tower with Radar,41,162,75,14,292,0,2,33,3,38,41,164,108,17,330,28,16,44,374
05/11/2005,CAE,SC,ASO,ES,Combined TRACON& Tower with Radar,45,161,82,9,297,0,2,0,0,2,45,163,82,9,299,32,6,38,337
05/12/2005,CAE,SC,ASO,ES,Combined TRACON& Tower with Radar,46,157,84,4,291,0,1,56,1,58,46,158,140,5,349,16,2,18,367
05/13/2005,CAE,SC,ASO,ES,Combined TRACON& Tower with Radar,34,157,39,23,253,0,3,29,1,33,34,160,68,24,286,40,10,50,336
05/14/2005,CAE,SC,ASO,ES,Combined TRACON& Tower with Radar,12,116,34,4,166,0,13,23,0,36,12,129,57,4,202,26,0,26,228
05/15/2005,CAE,SC,ASO,ES,Combined TRACON& Tower with Radar,10,104,36,1,151,0,6,23,1,30,10,110,59,2,181,34,0,34,215
05/16/2005,CAE,SC,ASO,ES,Combined TRACON& Tower with Radar,16,140,56,13,225,0,0,37,0,37,16,140,93,13,262,32,14,46,308
05/17/2005,CAE,SC,ASO,ES,Combined TRACON& Tower with Radar,40,160,36,2,238,0,4,13,0,17,40,164,49,2,255,24,0,24,279
05/18/2005,CAE,SC,ASO,ES,Combined TRACON& Tower with Radar,41,165,65,11,282,0,3,33,0,36,41,168,98,11,318,16,18,34,352
05/19/2005,CAE,SC,ASO,ES,Combined TRACON& Tower with Radar,42,158,51,15,266,0,1,33,1,35,42,159,84,16,301,22,8,30,331
05/20/2005,CAE,SC,ASO,ES,Combined TRACON& Tower with Radar,26,141,41,3,211,0,0,0,2,2,26,141,41,5,213,0,0,0,213
05/21/2005,CAE,SC,ASO,ES,Combined TRACON& Tower with Radar,14,118,39,2,173,0,2,27,0,29,14,120,66,2,202,45,0,45,247
05/22/2005,CAE,SC,ASO,ES,Combined TRACON& Tower with Radar,9,109,32,3,153,0,6,41,0,47,9,115,73,3,200,72,0,72,272
05/23/2005,CAE,SC,ASO,ES,Combined TRACON& Tower with Radar,10,138,39,4,191,0,3,21,0,24,10,141,60,4,215,14,0,14,229
05/24/2005,CAE,SC,ASO,ES,Combined TRACON& Tower with Radar,43,159,47,3,252,0,1,47,0,48,43,160,94,3,300,130,12,142,442
05/25/2005,CAE,SC,ASO,ES,Combined TRACON& Tower with Radar,39,160,97,1,297,0,3,47,0,50,39,163,144,1,347,150,0,150,497
05/26/2005,CAE,SC,ASO,ES,Combined TRACON& Tower with Radar,41,168,58,10,277,0,0,46,0,46,41,168,104,10,323,129,0,129,452
05/27/2005,CAE,SC,ASO,ES,Combined TRACON& Tower with Radar,34,158,51,3,246,0,3,64,0,67,34,161,115,3,313,10,0,10,323
05/28/2005,CAE,SC,ASO,ES,Combined TRACON& Tower with Radar,16,106,34,0,156,0,3,42,2,47,16,109,76,2,203,10,0,10,213
05/29/2005,CAE,SC,ASO,ES,Combined TRACON& Tower with Radar,6,89,35,0,130,0,4,36,0,40,6,93,71,0,170,30,0,30,200
05/30/2005,CAE,SC,ASO,ES,Combined TRACON& Tower with Radar,5,109,22,0,136,0,0,0,0,0,5,109,22,0,136,0,0,0,136
05/31/2005,CAE,SC,ASO,ES,Combined TRACON& Tower with Radar,8,159,39,13,219,0,0,0,0,0,8,159,39,13,219,40,24,64,283
06/01/2005,CAE,SC,ASO,ES,Combined TRACON& Tower with Radar,44,168,56,4,272,0,0,0,0,0,44,168,56,4,272,2,12,14,286
06/02/2005,CAE,SC,ASO,ES,Combined TRACON& Tower with Radar,45,169,54,14,282,0,2,0,0,2,45,171,54,14,284,14,18,32,316
06/03/2005,CAE,SC,ASO,ES,Combined TRACON& Tower with Radar,34,160,61,3,258,0,0,3,0,3,34,160,64,3,261,16,0,16,277
06/04/2005,CAE,SC,ASO,ES,Combined TRACON& Tower with Radar,14,114,41,1,170,0,6,20,1,27,14,120,61,2,197,24,0,24,221
06/05/2005,CAE,SC,ASO,ES,Combined TRACON& Tower with Radar,10,112,50,2,174,0,2,33,0,35,10,114,83,2,209,43,0,43,252
06/06/2005,CAE,SC,ASO,ES,Combined TRACON& Tower with Radar,12,136,50,3,201,0,0,35,0,35,12,136,85,3,236,16,0,16,252
06/07/2005,CAE,SC,ASO,ES,Combined TRACON& Tower with Radar,43,154,64,2,263,0,3,21,0,24,43,157,85,2,287,4,0,4,291
06/08/2005,CAE,SC,ASO,ES,Combined TRACON& Tower with Radar,51,173,72,10,306,0,0,3,1,4,51,173,75,11,310,24,0,24,334
06/09/2005,CAE,SC,ASO,ES,Combined TRACON& Tower with Radar,47,166,81,4,298,0,3,26,2,31,47,169,107,6,329,30,0,30,359
06/10/2005,CAE,SC,ASO,ES,Combined TRACON& Tower with Radar,31,154,53,4,242,0,3,13,0,16,31,157,66,4,258,33,3,36,294
06/11/2005,CAE,SC,ASO,ES,Combined TRACON& Tower with Radar,12,110,38,1,161,0,7,19,0,26,12,117,57,1,187,64,0,64,251
06/12/2005,CAE,SC,ASO,ES,Combined TRACON& Tower with Radar,4,104,49,2,159,0,2,24,0,26,4,106,73,2,185,45,0,45,230
06/13/2005,CAE,SC,ASO,ES,Combined TRACON& Tower with Radar,10,140,51,0,201,0,0,24,0,24,10,140,75,0,225,64,0,64,289
06/14/2005,CAE,SC,ASO,ES,Combined TRACON& Tower with Radar,44,161,57,4,266,0,2,47,0,49,44,163,104,4,315,38,2,40,355
06/15/2005,CAE,SC,ASO,ES,Combined TRACON& Tower with Radar,42,165,71,0,278,0,0,48,0,48,42,165,119,0,326,48,0,48,374
06/16/2005,CAE,SC,ASO,ES,Combined TRACON& Tower with Radar,41,156,45,0,242,0,4,29,2,35,41,160,74,2,277,82,10,92,369
06/17/2005,CAE,SC,ASO,ES,Combined TRACON& Tower with Radar,38,167,50,10,265,0,5,48,1,54,38,172,98,11,319,86,33,119,438
06/18/2005,CAE,SC,ASO,ES,Combined TRACON& Tower with Radar,12,104,19,0,135,0,2,46,0,48,12,106,65,0,183,16,0,16,199
06/19/2005,CAE,SC,ASO,ES,Combined TRACON& Tower with Radar,17,105,25,1,148,0,10,15,0,25,17,115,40,1,173,16,0,16,189
06/20/2005,CAE,SC,ASO,ES,Combined TRACON& Tower with Radar,6,139,35,0,180,0,0,26,0,26,6,139,61,0,206,32,0,32,238
06/21/2005,CAE,SC,ASO,ES,Combined TRACON& Tower with Radar,50,166,77,14,307,0,1,48,1,50,50,167,125,15,357,48,8,56,413
06/22/2005,CAE,SC,ASO,ES,Combined TRACON& Tower with Radar,43,144,62,10,259,0,0,52,1,53,43,144,114,11,312,42,0,42,354
06/23/2005,CAE,SC,ASO,ES,Combined TRACON& Tower with Radar,43,181,68,4,296,0,4,42,0,46,43,185,110,4,342,16,0,16,358
06/24/2005,CAE,SC,ASO,ES,Combined TRACON& Tower with Radar,34,148,78,1,261,0,0,43,0,43,34,148,121,1,304,38,0,38,342
06/25/2005,CAE,SC,ASO,ES,Combined TRACON& Tower with Radar,20,115,44,5,184,0,1,20,0,21,20,116,64,5,205,47,4,51,256
06/26/2005,CAE,SC,ASO,ES,Combined TRACON& Tower with Radar,7,86,62,0,155,0,2,24,0,26,7,88,86,0,181,48,0,48,229
06/27/2005,CAE,SC,ASO,ES,Combined TRACON& Tower with Radar,13,144,62,7,226,0,0,5,0,5,13,144,67,7,231,62,10,72,303
06/28/2005,CAE,SC,ASO,ES,Combined TRACON& Tower with Radar,44,160,58,0,262,0,0,1,2,3,44,160,59,2,265,0,0,0,265
06/29/2005,CAE,SC,ASO,ES,Combined TRACON& Tower with Radar,44,154,72,1,271,0,0,15,0,15,44,154,87,1,286,44,0,44,330
06/30/2005,CAE,SC,ASO,ES,Combined TRACON& Tower with Radar,41,172,70,11,294,0,0,31,0,31,41,172,101,11,325,49,2,51,376
07/01/2005,CAE,SC,ASO,ES,Combined TRACON& Tower with Radar,38,166,39,7,250,0,0,37,0,37,38,166,76,7,287,35,2,37,324
07/02/2005,CAE,SC,ASO,ES,Combined TRACON& Tower with Radar,14,118,48,0,180,0,0,35,0,35,14,118,83,0,215,47,0,47,262
07/03/2005,CAE,SC,ASO,ES,Combined TRACON& Tower with Radar,7,88,24,3,122,0,0,15,1,16,7,88,39,4,138,78,0,78,216
07/04/2005,CAE,SC,ASO,ES,Combined TRACON& Tower with Radar,7,100,20,0,127,0,0,11,1,12,7,100,31,1,139,8,0,8,147
07/05/2005,CAE,SC,ASO,ES,Combined TRACON& Tower with Radar,13,135,72,2,222,0,0,37,0,37,13,135,109,2,259,40,34,74,333
07/06/2005,CAE,SC,ASO,ES,Combined TRACON& Tower with Radar,47,59,38,7,151,0,102,36,4,142,47,161,74,11,293,53,69,122,415
07/07/2005,CAE,SC,ASO,ES,Combined TRACON& Tower with Radar,44,165,42,2,253,0,1,15,0,16,44,166,57,2,269,12,0,12,281
07/08/2005,CAE,SC,ASO,ES,Combined TRACON& Tower with Radar,37,159,47,6,249,0,10,40,6,56,37,169,87,12,305,46,41,87,392
07/09/2005,CAE,SC,ASO,ES,Combined TRACON& Tower with Radar,20,112,30,0,162,0,0,0,0,0,20,112,30,0,162,57,0,57,219
07/10/2005,CAE,SC,ASO,ES,Combined TRACON& Tower with Radar,13,98,30,0,141,0,0,17,0,17,13,98,47,0,158,34,0,34,192
07/11/2005,CAE,SC,ASO,ES,Combined TRACON& Tower with Radar,17,151,52,4,224,0,0,10,0,10,17,151,62,4,234,39,0,39,273
07/12/2005,CAE,SC,ASO,ES,Combined TRACON& Tower with Radar,40,151,66,4,261,0,0,22,4,26,40,151,88,8,287,36,0,36,323
07/13/2005,CAE,SC,ASO,ES,Combined TRACON& Tower with Radar,51,147,46,9,253,0,1,32,0,33,51,148,78,9,286,61,0,61,347
07/14/2005,CAE,SC,ASO,ES,Combined TRACON& Tower with Radar,43,213,54,1,311,0,3,14,0,17,43,216,68,1,328,36,4,40,368
07/15/2005,CAE,SC,ASO,ES,Combined TRACON& Tower with Radar,36,150,39,5,230,0,9,40,0,49,36,159,79,5,279,31,0,31,310
07/16/2005,CAE,SC,ASO,ES,Combined TRACON& Tower with Radar,13,121,29,2,165,0,5,18,0,23,13,126,47,2,188,34,4,38,226
07/17/2005,CAE,SC,ASO,ES,Combined TRACON& Tower with Radar,7,94,35,0,136,0,2,20,0,22,7,96,55,0,158,28,0,28,186
07/18/2005,CAE,SC,ASO,ES,Combined TRACON& Tower with Radar,11,128,44,20,203,0,0,26,2,28,11,128,70,22,231,36,16,52,283
07/19/2005,CAE,SC,ASO,ES,Combined TRACON& Tower with Radar,51,148,70,7,276,0,3,27,3,33,51,151,97,10,309,57,16,73,382
07/20/2005,CAE,SC,ASO,ES,Combined TRACON& Tower with Radar,60,156,74,5,295,0,2,48,0,50,60,158,122,5,345,44,2,46,391
07/21/2005,CAE,SC,ASO,ES,Combined TRACON& Tower with Radar,49,159,46,3,257,0,0,35,0,35,49,159,81,3,292,16,0,16,308
07/22/2005,CAE,SC,ASO,ES,Combined TRACON& Tower with Radar,25,161,34,13,233,0,2,27,2,31,25,163,61,15,264,35,0,35,299
07/23/2005,CAE,SC,ASO,ES,Combined TRACON& Tower with Radar,11,105,16,4,136,0,7,30,0,37,11,112,46,4,173,36,0,36,209
07/24/2005,CAE,SC,ASO,ES,Combined TRACON& Tower with Radar,12,104,38,0,154,0,5,38,0,43,12,109,76,0,197,52,4,56,253
07/25/2005,CAE,SC,ASO,ES,Combined TRACON& Tower with Radar,7,135,40,11,193,0,3,31,1,35,7,138,71,12,228,55,0,55,283
07/26/2005,CAE,SC,ASO,ES,Combined TRACON& Tower with Radar,44,159,57,5,265,0,0,27,2,29,44,159,84,7,294,14,0,14,308
07/27/2005,CAE,SC,ASO,ES,Combined TRACON& Tower with Radar,57,152,48,1,258,0,8,56,0,64,57,160,104,1,322,42,0,42,364
07/28/2005,CAE,SC,ASO,ES,Combined TRACON& Tower with Radar,47,173,52,7,279,0,0,23,1,24,47,173,75,8,303,8,2,10,313
07/29/2005,CAE,SC,ASO,ES,Combined TRACON& Tower with Radar,34,151,43,0,228,0,0,21,0,21,34,151,64,0,249,26,0,26,275
07/30/2005,CAE,SC,ASO,ES,Combined TRACON& Tower with Radar,19,103,31,0,153,0,0,2,0,2,19,103,33,0,155,14,0,14,169
07/31/2005,CAE,SC,ASO,ES,Combined TRACON& Tower with Radar,6,105,18,0,129,0,0,0,0,0,6,105,18,0,129,26,0,26,155
08/01/2005,CAE,SC,ASO,ES,Combined TRACON& Tower with Radar,11,139,62,9,221,0,0,9,2,11,11,139,71,11,232,20,20,40,272
08/02/2005,CAE,SC,ASO,ES,Combined TRACON& Tower with Radar,41,160,47,5,253,0,2,57,1,60,41,162,104,6,313,16,8,24,337
08/03/2005,CAE,SC,ASO,ES,Combined TRACON& Tower with Radar,40,155,81,3,279,0,4,51,5,60,40,159,132,8,339,52,0,52,391
08/04/2005,CAE,SC,ASO,ES,Combined TRACON& Tower with Radar,42,146,66,24,278,0,2,43,0,45,42,148,109,24,323,38,16,54,377
08/05/2005,CAE,SC,ASO,ES,Combined TRACON& Tower with Radar,29,156,42,4,231,0,2,55,0,57,29,158,97,4,288,24,0,24,312
08/06/2005,CAE,SC,ASO,ES,Combined TRACON& Tower with Radar,14,97,32,1,144,0,1,22,0,23,14,98,54,1,167,30,0,30,197
08/07/2005,CAE,SC,ASO,ES,Combined TRACON& Tower with Radar,6,111,20,0,137,0,4,17,0,21,6,115,37,0,158,46,0,46,204
08/08/2005,CAE,SC,ASO,ES,Combined TRACON& Tower with Radar,9,127,41,15,192,0,1,11,0,12,9,128,52,15,204,18,12,30,234
08/09/2005,CAE,SC,ASO,ES,Combined TRACON& Tower with Radar,46,140,70,8,264,0,0,10,0,10,46,140,80,8,274,34,17,51,325
08/10/2005,CAE,SC,ASO,ES,Combined TRACON& Tower with Radar,47,164,66,7,284,0,1,14,1,16,47,165,80,8,300,320,24,344,644
08/11/2005,CAE,SC,ASO,ES,Combined TRACON& Tower with Radar,46,154,74,2,276,0,1386,1006,18,2410,46,1540,1080,20,2686,390,0,390,3076
08/12/2005,CAE,SC,ASO,ES,Combined TRACON& Tower with Radar,30,142,55,5,232,0,4,33,7,44,30,146,88,12,276,64,0,64,340
08/13/2005,CAE,SC,ASO,ES,Combined TRACON& Tower with Radar,17,102,32,10,161,0,11,35,2,48,17,113,67,12,209,46,14,60,269
08/14/2005,CAE,SC,ASO,ES,Combined TRACON& Tower with Radar,14,94,47,7,162,0,3,37,1,41,14,97,84,8,203,38,0,38,241
08/15/2005,CAE,SC,ASO,ES,Combined TRACON& Tower with Radar,11,133,47,2,193,0,0,30,0,30,11,133,77,2,223,59,0,59,282
08/16/2005,CAE,SC,ASO,ES,Combined TRACON& Tower with Radar,48,141,65,3,257,0,6,28,1,35,48,147,93,4,292,42,0,42,334
08/17/2005,CAE,SC,ASO,ES,Combined TRACON& Tower with Radar,44,161,58,2,265,0,5,22,2,29,44,166,80,4,294,72,0,72,366
08/18/2005,CAE,SC,ASO,ES,Combined TRACON& Tower with Radar,44,161,38,10,253,0,2,5,5,12,44,163,43,15,265,40,10,50,315
08/19/2005,CAE,SC,ASO,ES,Combined TRACON& Tower with Radar,28,157,47,8,240,0,9,38,1,48,28,166,85,9,288,58,0,58,346
08/20/2005,CAE,SC,ASO,ES,Combined TRACON& Tower with Radar,17,98,33,3,151,0,1,54,0,55,17,99,87,3,206,38,0,38,244
08/21/2005,CAE,SC,ASO,ES,Combined TRACON& Tower with Radar,6,99,25,1,131,0,1,36,0,37,6,100,61,1,168,37,0,37,205
08/22/2005,CAE,SC,ASO,ES,Combined TRACON& Tower with Radar,11,132,36,4,183,0,3,23,1,27,11,135,59,5,210,48,0,48,258
08/23/2005,CAE,SC,ASO,ES,Combined TRACON& Tower with Radar,57,152,47,10,266,0,2,31,0,33,57,154,78,10,299,50,22,72,371
08/24/2005,CAE,SC,ASO,ES,Combined TRACON& Tower with Radar,46,149,50,1,246,0,1,24,2,27,46,150,74,3,273,65,0,65,338
08/25/2005,CAE,SC,ASO,ES,Combined TRACON& Tower with Radar,43,162,68,2,275,0,3,32,2,37,43,165,100,4,312,38,0,38,350
08/26/2005,CAE,SC,ASO,ES,Combined TRACON& Tower with Radar,28,155,38,7,228,0,4,36,0,40,28,159,74,7,268,27,4,31,299
08/27/2005,CAE,SC,ASO,ES,Combined TRACON& Tower with Radar,15,109,37,10,171,0,8,58,0,66,15,117,95,10,237,31,31,62,299
08/28/2005,CAE,SC,ASO,ES,Combined TRACON& Tower with Radar,11,100,38,5,154,0,0,51,1,52,11,100,89,6,206,22,2,24,230
08/29/2005,CAE,SC,ASO,ES,Combined TRACON& Tower with Radar,13,130,29,4,176,0,6,19,0,25,13,136,48,4,201,22,0,22,223
08/30/2005,CAE,SC,ASO,ES,Combined TRACON& Tower with Radar,45,153,40,3,241,0,0,2,1,3,45,153,42,4,244,33,8,41,285
08/31/2005,CAE,SC,ASO,ES,Combined TRACON& Tower with Radar,47,150,44,3,244,0,7,35,2,44,47,157,79,5,288,34,0,34,322
09/01/2005,CAE,SC,ASO,ES,Combined TRACON& Tower with Radar,43,151,57,5,256,0,5,40,6,51,43,156,97,11,307,48,0,48,355
09/02/2005,CAE,SC,ASO,ES,Combined TRACON& Tower with Radar,31,146,35,2,214,0,4,52,3,59,31,150,87,5,273,25,0,25,298
09/03/2005,CAE,SC,ASO,ES,Combined TRACON& Tower with Radar,16,99,22,0,137,0,0,46,0,46,16,99,68,0,183,20,0,20,203
09/04/2005,CAE,SC,ASO,ES,Combined TRACON& Tower with Radar,8,84,17,4,113,0,2,30,0,32,8,86,47,4,145,27,0,27,172
09/05/2005,CAE,SC,ASO,ES,Combined TRACON& Tower with Radar,9,94,33,0,136,0,2,26,0,28,9,96,59,0,164,14,0,14,178
09/06/2005,CAE,SC,ASO,ES,Combined TRACON& Tower with Radar,16,126,56,0,198,0,2,10,0,12,16,128,66,0,210,34,0,34,244
09/07/2005,CAE,SC,ASO,ES,Combined TRACON& Tower with Radar,48,149,54,8,259,0,2,29,0,31,48,151,83,8,290,14,1,15,305
09/08/2005,CAE,SC,ASO,ES,Combined TRACON& Tower with Radar,44,152,65,9,270,0,4,51,1,56,44,156,116,10,326,58,4,62,388
09/09/2005,CAE,SC,ASO,ES,Combined TRACON& Tower with Radar,30,152,46,16,244,0,4,44,1,49,30,156,90,17,293,22,6,28,321
09/10/2005,CAE,SC,ASO,ES,Combined TRACON& Tower with Radar,17,105,19,1,142,0,4,36,0,40,17,109,55,1,182,37,0,37,219
09/11/2005,CAE,SC,ASO,ES,Combined TRACON& Tower with Radar,9,102,36,11,158,0,7,48,2,57,9,109,84,13,215,16,10,26,241
09/12/2005,CAE,SC,ASO,ES,Combined TRACON& Tower with Radar,24,112,56,1,193,0,1,31,2,34,24,113,87,3,227,24,0,24,251
09/13/2005,CAE,SC,ASO,ES,Combined TRACON& Tower with Radar,44,144,58,0,246,0,0,21,3,24,44,144,79,3,270,88,0,88,358
09/14/2005,CAE,SC,ASO,ES,Combined TRACON& Tower with Radar,45,143,49,0,237,0,1,17,2,20,45,144,66,2,257,0,0,0,257
09/15/2005,CAE,SC,ASO,ES,Combined TRACON& Tower with Radar,42,164,62,3,271,0,4,59,5,68,42,168,121,8,339,52,0,52,391
09/16/2005,CAE,SC,ASO,ES,Combined TRACON& Tower with Radar,28,154,53,7,242,0,4,39,4,47,28,158,92,11,289,10,0,10,299
09/17/2005,CAE,SC,ASO,ES,Combined TRACON& Tower with Radar,14,101,35,3,153,0,15,43,0,58,14,116,78,3,211,48,2,50,261
09/18/2005,CAE,SC,ASO,ES,Combined TRACON& Tower with Radar,9,106,40,1,156,0,9,55,2,66,9,115,95,3,222,26,0,26,248
09/19/2005,CAE,SC,ASO,ES,Combined TRACON& Tower with Radar,11,134,37,4,186,0,0,26,1,27,11,134,63,5,213,18,0,18,231
09/20/2005,CAE,SC,ASO,ES,Combined TRACON& Tower with Radar,45,155,59,5,264,0,1,33,1,35,45,156,92,6,299,38,4,42,341
09/21/2005,CAE,SC,ASO,ES,Combined TRACON& Tower with Radar,41,158,62,10,271,0,1,39,2,42,41,159,101,12,313,32,18,50,363
09/22/2005,CAE,SC,ASO,ES,Combined TRACON& Tower with Radar,38,172,77,5,292,0,5,36,4,45,38,177,113,9,337,56,1,57,394
09/23/2005,CAE,SC,ASO,ES,Combined TRACON& Tower with Radar,25,163,74,24,286,0,4,29,4,37,25,167,103,28,323,88,16,104,427
09/24/2005,CAE,SC,ASO,ES,Combined TRACON& Tower with Radar,16,100,26,0,142,0,0,50,2,52,16,100,76,2,194,10,0,10,204
09/25/2005,CAE,SC,ASO,ES,Combined TRACON& Tower with Radar,6,90,46,8,150,0,1,25,1,27,6,91,71,9,177,71,8,79,256
09/26/2005,CAE,SC,ASO,ES,Combined TRACON& Tower with Radar,16,124,27,1,168,0,0,9,2,11,16,124,36,3,179,36,2,38,217
09/27/2005,CAE,SC,ASO,ES,Combined TRACON& Tower with Radar,43,156,65,5,269,0,2,29,2,33,43,158,94,7,302,46,6,52,354
09/28/2005,CAE,SC,ASO,ES,Combined TRACON& Tower with Radar,46,162,65,3,276,0,0,0,0,0,46,162,65,3,276,22,0,22,298
09/29/2005,CAE,SC,ASO,ES,Combined TRACON& Tower with Radar,41,158,47,23,269,0,9,34,3,46,41,167,81,26,315,64,34,98,413
09/30/2005,CAE,SC,ASO,ES,Combined TRACON& Tower with Radar,28,162,59,7,256,0,6,26,7,39,28,168,85,14,295,2,0,2,297
10/01/2005,CAE,SC,ASO,ES,Combined TRACON& Tower with Radar,17,110,36,0,163,0,1,32,0,33,17,111,68,0,196,52,2,54,250
10/02/2005,CAE,SC,ASO,ES,Combined TRACON& Tower with Radar,9,108,26,2,145,0,5,28,0,33,9,113,54,2,178,34,0,34,212
10/03/2005,CAE,SC,ASO,ES,Combined TRACON& Tower with Radar,5,124,46,3,178,0,1,41,3,45,5,125,87,6,223,10,0,10,233
10/04/2005,CAE,SC,ASO,ES,Combined TRACON& Tower with Radar,44,156,41,4,245,0,8,27,2,37,44,164,68,6,282,37,6,43,325
10/05/2005,CAE,SC,ASO,ES,Combined TRACON& Tower with Radar,44,169,57,2,272,0,1,12,0,13,44,170,69,2,285,6,0,6,291
10/06/2005,CAE,SC,ASO,ES,Combined TRACON& Tower with Radar,40,162,72,17,291,0,2,0,0,2,40,164,72,17,293,14,12,26,319
10/07/2005,CAE,SC,ASO,ES,Combined TRACON& Tower with Radar,26,169,49,3,247,0,0,0,0,0,26,169,49,3,247,2,0,2,249
10/08/2005,CAE,SC,ASO,ES,Combined TRACON& Tower with Radar,17,107,30,0,154,0,0,8,0,8,17,107,38,0,162,28,0,28,190
10/09/2005,CAE,SC,ASO,ES,Combined TRACON& Tower with Radar,6,104,44,1,155,0,0,0,0,0,6,104,44,1,155,8,0,8,163
10/10/2005,CAE,SC,ASO,ES,Combined TRACON& Tower with Radar,12,124,57,2,195,0,0,1,0,1,12,124,58,2,196,8,0,8,204
10/11/2005,CAE,SC,ASO,ES,Combined TRACON& Tower with Radar,47,147,56,2,252,0,0,0,0,0,47,147,56,2,252,20,0,20,272
10/12/2005,CAE,SC,ASO,ES,Combined TRACON& Tower with Radar,41,161,78,4,284,0,0,4,0,4,41,161,82,4,288,6,0,6,294
10/13/2005,CAE,SC,ASO,ES,Combined TRACON& Tower with Radar,39,167,56,21,283,0,1,49,6,56,39,168,105,27,339,128,20,148,487
10/14/2005,CAE,SC,ASO,ES,Combined TRACON& Tower with Radar,25,150,57,10,242,0,2,49,0,51,25,152,106,10,293,124,0,124,417
10/15/2005,CAE,SC,ASO,ES,Combined TRACON& Tower with Radar,14,102,18,12,146,0,3,57,0,60,14,105,75,12,206,41,12,53,259
10/16/2005,CAE,SC,ASO,ES,Combined TRACON& Tower with Radar,7,94,25,7,133,0,2,54,0,56,7,96,79,7,189,126,2,128,317
10/17/2005,CAE,SC,ASO,ES,Combined TRACON& Tower with Radar,12,140,59,0,211,0,5,66,0,71,12,145,125,0,282,50,0,50,332
10/18/2005,CAE,SC,ASO,ES,Combined TRACON& Tower with Radar,44,161,58,5,268,0,1,52,5,58,44,162,110,10,326,28,0,28,354
10/19/2005,CAE,SC,ASO,ES,Combined TRACON& Tower with Radar,39,176,70,4,289,0,4,0,1,5,39,180,70,5,294,48,0,48,342
10/20/2005,CAE,SC,ASO,ES,Combined TRACON& Tower with Radar,45,174,60,3,282,0,11,57,1,69,45,185,117,4,351,70,0,70,421
10/21/2005,CAE,SC,ASO,ES,Combined TRACON& Tower with Radar,24,177,39,7,247,0,5,43,0,48,24,182,82,7,295,30,0,30,325
10/22/2005,CAE,SC,ASO,ES,Combined TRACON& Tower with Radar,27,106,38,0,171,0,0,40,0,40,27,106,78,0,211,65,0,65,276
10/23/2005,CAE,SC,ASO,ES,Combined TRACON& Tower with Radar,13,106,34,0,153,0,3,39,0,42,13,109,73,0,195,29,0,29,224
10/24/2005,CAE,SC,ASO,ES,Combined TRACON& Tower with Radar,12,146,27,5,190,0,5,15,3,23,12,151,42,8,213,33,2,35,248
10/25/2005,CAE,SC,ASO,ES,Combined TRACON& Tower with Radar,41,165,39,3,248,0,7,27,2,36,41,172,66,5,284,18,4,22,306
10/26/2005,CAE,SC,ASO,ES,Combined TRACON& Tower with Radar,43,160,60,1,264,0,6,62,0,68,43,166,122,1,332,26,0,26,358
10/27/2005,CAE,SC,ASO,ES,Combined TRACON& Tower with Radar,41,165,55,2,263,0,2,42,1,45,41,167,97,3,308,35,0,35,343
10/28/2005,CAE,SC,ASO,ES,Combined TRACON& Tower with Radar,29,178,49,30,286,0,3,54,3,60,29,181,103,33,346,6,40,46,392
10/29/2005,CAE,SC,ASO,ES,Combined TRACON& Tower with Radar,13,113,45,0,171,0,5,104,1,110,13,118,149,1,281,31,0,31,312
10/30/2005,CAE,SC,ASO,ES,Combined TRACON& Tower with Radar,10,107,44,1,162,0,1,44,0,45,10,108,88,1,207,43,0,43,250
10/31/2005,CAE,SC,ASO,ES,Combined TRACON& Tower with Radar,15,135,39,4,193,0,3,48,1,52,15,138,87,5,245,8,0,8,253
11/01/2005,CAE,SC,ASO,ES,Combined TRACON& Tower with Radar,44,176,56,6,282,0,1,46,0,47,44,177,102,6,329,38,2,40,369
11/02/2005,CAE,SC,ASO,ES,Combined TRACON& Tower with Radar,42,181,64,1,288,0,2,57,0,59,42,183,121,1,347,25,0,25,372
11/03/2005,CAE,SC,ASO,ES,Combined TRACON& Tower with Radar,39,174,59,4,276,0,4,38,2,44,39,178,97,6,320,32,0,32,352
11/04/2005,CAE,SC,ASO,ES,Combined TRACON& Tower with Radar,30,158,69,7,264,0,2,52,6,60,30,160,121,13,324,47,4,51,375
11/05/2005,CAE,SC,ASO,ES,Combined TRACON& Tower with Radar,25,112,22,2,161,0,21,36,0,57,25,133,58,2,218,12,2,14,232
11/06/2005,CAE,SC,ASO,ES,Combined TRACON& Tower with Radar,11,115,45,2,173,0,3,48,2,53,11,118,93,4,226,88,0,88,314
11/07/2005,CAE,SC,ASO,ES,Combined TRACON& Tower with Radar,13,152,33,2,200,0,1,23,0,24,13,153,56,2,224,10,1,11,235
11/08/2005,CAE,SC,ASO,ES,Combined TRACON& Tower with Radar,46,167,54,7,274,0,3,38,4,45,46,170,92,11,319,72,4,76,395
11/09/2005,CAE,SC,ASO,ES,Combined TRACON& Tower with Radar,42,166,55,2,265,0,6,29,0,35,42,172,84,2,300,24,0,24,324
11/10/2005,CAE,SC,ASO,ES,Combined TRACON& Tower with Radar,47,165,70,10,292,0,7,31,1,39,47,172,101,11,331,30,4,34,365
11/11/2005,CAE,SC,ASO,ES,Combined TRACON& Tower with Radar,32,146,75,1,254,0,2,56,2,60,32,148,131,3,314,54,0,54,368
11/12/2005,CAE,SC,ASO,ES,Combined TRACON& Tower with Radar,15,119,75,0,209,0,4,50,0,54,15,123,125,0,263,24,0,24,287
11/13/2005,CAE,SC,ASO,ES,Combined TRACON& Tower with Radar,12,107,46,12,177,0,0,0,0,0,12,107,46,12,177,123,8,131,308
11/14/2005,CAE,SC,ASO,ES,Combined TRACON& Tower with Radar,16,137,63,11,227,0,1,26,2,29,16,138,89,13,256,32,8,40,296
11/15/2005,CAE,SC,ASO,ES,Combined TRACON& Tower with Radar,47,164,77,8,296,0,2,22,4,28,47,166,99,12,324,14,6,20,344
11/16/2005,CAE,SC,ASO,ES,Combined TRACON& Tower with Radar,44,175,51,5,275,0,5,8,2,15,44,180,59,7,290,14,0,14,304
11/17/2005,CAE,SC,ASO,ES,Combined TRACON& Tower with Radar,43,168,42,13,266,0,3,34,1,38,43,171,76,14,304,16,54,70,374
11/18/2005,CAE,SC,ASO,ES,Combined TRACON& Tower with Radar,34,166,46,3,249,0,9,37,0,46,34,175,83,3,295,29,0,29,324
11/19/2005,CAE,SC,ASO,ES,Combined TRACON& Tower with Radar,19,109,43,1,172,0,6,43,0,49,19,115,86,1,221,46,0,46,267
11/20/2005,CAE,SC,ASO,ES,Combined TRACON& Tower with Radar,8,114,49,1,172,0,0,1,0,1,8,114,50,1,173,8,0,8,181
11/21/2005,CAE,SC,ASO,ES,Combined TRACON& Tower with Radar,14,142,44,0,200,0,0,0,0,0,14,142,44,0,200,6,0,6,206
11/22/2005,CAE,SC,ASO,ES,Combined TRACON& Tower with Radar,55,182,46,11,294,0,4,24,5,33,55,186,70,16,327,4,0,4,331
11/23/2005,CAE,SC,ASO,ES,Combined TRACON& Tower with Radar,61,176,69,0,306,0,1,108,0,109,61,177,177,0,415,40,0,40,455
11/24/2005,CAE,SC,ASO,ES,Combined TRACON& Tower with Radar,20,99,12,0,131,0,0,10,0,10,20,99,22,0,141,0,0,0,141
11/25/2005,CAE,SC,ASO,ES,Combined TRACON& Tower with Radar,11,128,29,0,168,0,3,26,0,29,11,131,55,0,197,34,0,34,231
11/26/2005,CAE,SC,ASO,ES,Combined TRACON& Tower with Radar,20,104,11,0,135,0,4,39,0,43,20,108,50,0,178,54,0,54,232
11/27/2005,CAE,SC,ASO,ES,Combined TRACON& Tower with Radar,11,101,72,6,190,0,1,0,0,1,11,102,72,6,191,18,6,24,215
11/28/2005,CAE,SC,ASO,ES,Combined TRACON& Tower with Radar,15,141,38,3,197,0,0,0,0,0,15,141,38,3,197,0,2,2,199
11/29/2005,CAE,SC,ASO,ES,Combined TRACON& Tower with Radar,61,180,48,2,291,0,1,3,0,4,61,181,51,2,295,10,14,24,319
11/30/2005,CAE,SC,ASO,ES,Combined TRACON& Tower with Radar,51,181,72,6,310,0,9,42,0,51,51,190,114,6,361,10,4,14,375
12/01/2005,CAE,SC,ASO,ES,Combined TRACON& Tower with Radar,47,137,58,4,246,0,1,35,1,37,47,138,93,5,283,20,0,20,303
12/02/2005,CAE,SC,ASO,ES,Combined TRACON& Tower with Radar,31,153,49,2,235,0,3,31,0,34,31,156,80,2,269,8,0,8,277
12/03/2005,CAE,SC,ASO,ES,Combined TRACON& Tower with Radar,17,99,25,1,142,0,2,54,0,56,17,101,79,1,198,14,0,14,212
12/04/2005,CAE,SC,ASO,ES,Combined TRACON& Tower with Radar,11,81,24,0,116,0,1,13,0,14,11,82,37,0,130,0,0,0,130
12/05/2005,CAE,SC,ASO,ES,Combined TRACON& Tower with Radar,12,124,44,3,183,0,0,0,0,0,12,124,44,3,183,2,4,6,189
12/06/2005,CAE,SC,ASO,ES,Combined TRACON& Tower with Radar,50,157,63,2,272,0,1,35,0,36,50,158,98,2,308,10,0,10,318
12/07/2005,CAE,SC,ASO,ES,Combined TRACON& Tower with Radar,51,165,56,4,276,0,5,46,0,51,51,170,102,4,327,12,0,12,339
12/08/2005,CAE,SC,ASO,ES,Combined TRACON& Tower with Radar,47,159,47,7,260,0,8,12,0,20,47,167,59,7,280,16,0,16,296
12/09/2005,CAE,SC,ASO,ES,Combined TRACON& Tower with Radar,41,144,55,30,270,0,2,29,0,31,41,146,84,30,301,18,28,46,347
12/10/2005,CAE,SC,ASO,ES,Combined TRACON& Tower with Radar,13,114,33,4,164,0,2,69,4,75,13,116,102,8,239,34,2,36,275
12/11/2005,CAE,SC,ASO,ES,Combined TRACON& Tower with Radar,8,80,36,5,129,0,1,37,0,38,8,81,73,5,167,31,0,31,198
12/12/2005,CAE,SC,ASO,ES,Combined TRACON& Tower with Radar,16,125,34,6,181,0,0,46,0,46,16,125,80,6,227,26,10,36,263
12/13/2005,CAE,SC,ASO,ES,Combined TRACON& Tower with Radar,50,167,73,0,290,0,5,49,1,55,50,172,122,1,345,46,0,46,391
12/14/2005,CAE,SC,ASO,ES,Combined TRACON& Tower with Radar,55,150,80,1,286,0,2,18,0,20,55,152,98,1,306,6,0,6,312
12/15/2005,CAE,SC,ASO,ES,Combined TRACON& Tower with Radar,47,144,34,0,225,0,0,0,0,0,47,144,34,0,225,0,0,0,225
12/16/2005,CAE,SC,ASO,ES,Combined TRACON& Tower with Radar,51,165,54,0,270,0,3,41,3,47,51,168,95,3,317,200,0,200,517
12/17/2005,CAE,SC,ASO,ES,Combined TRACON& Tower with Radar,18,111,50,5,184,0,2,25,0,27,18,113,75,5,211,36,2,38,249
12/18/2005,CAE,SC,ASO,ES,Combined TRACON& Tower with Radar,7,92,32,1,132,0,0,3,0,3,7,92,35,1,135,6,0,6,141
12/19/2005,CAE,SC,ASO,ES,Combined TRACON& Tower with Radar,12,128,36,1,177,0,4,27,0,31,12,132,63,1,208,16,0,16,224
12/20/2005,CAE,SC,ASO,ES,Combined TRACON& Tower with Radar,60,160,46,4,270,0,8,33,0,41,60,168,79,4,311,16,12,28,339
12/21/2005,CAE,SC,ASO,ES,Combined TRACON& Tower with Radar,67,165,41,10,283,0,9,31,4,44,67,174,72,14,327,34,6,40,367
12/22/2005,CAE,SC,ASO,ES,Combined TRACON& Tower with Radar,72,152,47,0,271,0,2,34,2,38,72,154,81,2,309,20,4,24,333
12/23/2005,CAE,SC,ASO,ES,Combined TRACON& Tower with Radar,58,165,41,0,264,0,5,37,0,42,58,170,78,0,306,16,0,16,322
12/24/2005,CAE,SC,ASO,ES,Combined TRACON& Tower with Radar,31,97,10,0,138,0,5,19,0,24,31,102,29,0,162,6,0,6,168
12/25/2005,CAE,SC,ASO,ES,Combined TRACON& Tower with Radar,2,77,10,0,89,0,0,3,0,3,2,77,13,0,92,16,0,16,108
12/26/2005,CAE,SC,ASO,ES,Combined TRACON& Tower with Radar,9,102,39,0,150,0,0,23,0,23,9,102,62,0,173,6,0,6,179
12/27/2005,CAE,SC,ASO,ES,Combined TRACON& Tower with Radar,13,131,43,0,187,0,2,34,0,36,13,133,77,0,223,31,0,31,254
12/28/2005,CAE,SC,ASO,ES,Combined TRACON& Tower with Radar,49,140,45,0,234,0,1,23,0,24,49,141,68,0,258,29,0,29,287
12/29/2005,CAE,SC,ASO,ES,Combined TRACON& Tower with Radar,41,159,32,3,235,0,1,30,0,31,41,160,62,3,266,4,7,11,277
12/30/2005,CAE,SC,ASO,ES,Combined TRACON& Tower with Radar,51,150,24,11,236,0,4,45,0,49,51,154,69,11,285,18,24,42,327
12/31/2005,CAE,SC,ASO,ES,Combined TRACON& Tower with Radar,27,87,12,0,126,0,5,26,0,31,27,92,38,0,157,14,0,14,171
01/01/2006,CAE,SC,ASO,ES,Combined TRACON& Tower with Radar,8,82,30,0,120,0,4,39,0,43,8,86,69,0,163,12,0,12,175
01/02/2006,CAE,SC,ASO,ES,Combined TRACON& Tower with Radar,12,77,16,0,105,0,0,0,0,0,12,77,16,0,105,0,0,0,105
01/03/2006,CAE,SC,ASO,ES,Combined TRACON& Tower with Radar,17,131,52,6,206,0,0,27,0,27,17,131,79,6,233,60,10,70,303
01/04/2006,CAE,SC,ASO,ES,Combined TRACON& Tower with Radar,48,150,50,8,256,0,3,52,2,57,48,153,102,10,313,18,40,58,371
01/05/2006,CAE,SC,ASO,ES,Combined TRACON& Tower with Radar,41,157,57,11,266,0,2,36,4,42,41,159,93,15,308,60,14,74,382
01/06/2006,CAE,SC,ASO,ES,Combined TRACON& Tower with Radar,30,130,60,7,227,0,3,26,0,29,30,133,86,7,256,37,24,61,317
01/07/2006,CAE,SC,ASO,ES,Combined TRACON& Tower with Radar,13,86,35,2,136,0,8,39,0,47,13,94,74,2,183,20,0,20,203
01/08/2006,CAE,SC,ASO,ES,Combined TRACON& Tower with Radar,9,77,29,0,115,0,3,30,2,35,9,80,59,2,150,42,0,42,192
01/09/2006,CAE,SC,ASO,ES,Combined TRACON& Tower with Radar,10,113,40,25,188,0,0,14,1,15,10,113,54,26,203,38,23,61,264
01/10/2006,CAE,SC,ASO,ES,Combined TRACON& Tower with Radar,38,146,41,7,232,0,2,46,0,48,38,148,87,7,280,44,2,46,326
01/11/2006,CAE,SC,ASO,ES,Combined TRACON& Tower with Radar,38,131,53,4,226,0,2,13,0,15,38,133,66,4,241,38,4,42,283
01/12/2006,CAE,SC,ASO,ES,Combined TRACON& Tower with Radar,40,120,55,8,223,0,1,24,0,25,40,121,79,8,248,40,2,42,290
01/13/2006,CAE,SC,ASO,ES,Combined TRACON& Tower with Radar,23,134,40,2,199,0,2,1,0,3,23,136,41,2,202,6,0,6,208
01/14/2006,CAE,SC,ASO,ES,Combined TRACON& Tower with Radar,10,97,14,2,123,0,2,6,0,8,10,99,20,2,131,29,0,29,160
01/15/2006,CAE,SC,ASO,ES,Combined TRACON& Tower with Radar,7,79,34,0,120,0,3,51,0,54,7,82,85,0,174,33,0,33,207
01/16/2006,CAE,SC,ASO,ES,Combined TRACON& Tower with Radar,12,103,41,0,156,0,6,34,0,40,12,109,75,0,196,24,0,24,220
01/17/2006,CAE,SC,ASO,ES,Combined TRACON& Tower with Radar,30,139,40,4,213,0,2,12,1,15,30,141,52,5,228,68,0,68,296
01/18/2006,CAE,SC,ASO,ES,Combined TRACON& Tower with Radar,41,136,51,2,230,0,4,21,2,27,41,140,72,4,257,6,0,6,263
01/19/2006,CAE,SC,ASO,ES,Combined TRACON& Tower with Radar,44,142,85,3,274,0,5,49,0,54,44,147,134,3,328,106,0,106,434
01/20/2006,CAE,SC,ASO,ES,Combined TRACON& Tower with Radar,41,129,52,13,235,0,4,52,4,60,41,133,104,17,295,30,18,48,343
01/21/2006,CAE,SC,ASO,ES,Combined TRACON& Tower with Radar,9,98,40,0,147,0,0,5,0,5,9,98,45,0,152,28,0,28,180
01/22/2006,CAE,SC,ASO,ES,Combined TRACON& Tower with Radar,0,4,29,2,35,0,0,47,27,74,0,4,76,29,109,0,0,0,109
01/23/2006,CAE,SC,ASO,ES,Combined TRACON& Tower with Radar,10,124,40,5,179,0,0,0,0,0,10,124,40,5,179,20,6,26,205
01/24/2006,CAE,SC,ASO,ES,Combined TRACON& Tower with Radar,39,151,71,11,272,0,2,10,1,13,39,153,81,12,285,14,12,26,311
01/25/2006,CAE,SC,ASO,ES,Combined TRACON& Tower with Radar,41,139,44,1,225,0,5,28,2,35,41,144,72,3,260,56,0,56,316
01/26/2006,CAE,SC,ASO,ES,Combined TRACON& Tower with Radar,41,145,85,16,287,0,11,33,2,46,41,156,118,18,333,90,4,94,427
01/27/2006,CAE,SC,ASO,ES,Combined TRACON& Tower with Radar,23,136,57,0,216,0,7,48,6,61,23,143,105,6,277,10,0,10,287
01/28/2006,CAE,SC,ASO,ES,Combined TRACON& Tower with Radar,9,94,28,0,131,0,0,67,0,67,9,94,95,0,198,54,0,54,252
01/29/2006,CAE,SC,ASO,ES,Combined TRACON& Tower with Radar,10,76,34,0,120,0,0,9,0,9,10,76,43,0,129,6,0,6,135
01/30/2006,CAE,SC,ASO,ES,Combined TRACON& Tower with Radar,10,114,31,5,160,0,1,23,3,27,10,115,54,8,187,9,0,9,196
01/31/2006,CAE,SC,ASO,ES,Combined TRACON& Tower with Radar,40,149,59,3,251,0,3,40,3,46,40,152,99,6,297,70,6,76,373
02/01/2006,CAE,SC,ASO,ES,Combined TRACON& Tower with Radar,38,141,49,17,245,0,6,47,3,56,38,147,96,20,301,16,22,38,339
02/02/2006,CAE,SC,ASO,ES,Combined TRACON& Tower with Radar,38,157,53,20,268,0,1,12,1,14,38,158,65,21,282,18,14,32,314
02/03/2006,CAE,SC,ASO,ES,Combined TRACON& Tower with Radar,26,159,44,7,236,0,1,33,4,38,26,160,77,11,274,24,6,30,304
02/04/2006,CAE,SC,ASO,ES,Combined TRACON& Tower with Radar,10,103,40,2,155,0,6,7,0,13,10,109,47,2,168,40,0,40,208
02/05/2006,CAE,SC,ASO,ES,Combined TRACON& Tower with Radar,5,94,41,0,140,0,6,24,0,30,5,100,65,0,170,58,0,58,228
02/06/2006,CAE,SC,ASO,ES,Combined TRACON& Tower with Radar,7,118,40,7,172,0,3,5,0,8,7,121,45,7,180,0,4,4,184
02/07/2006,CAE,SC,ASO,ES,Combined TRACON& Tower with Radar,46,149,54,3,252,0,2,26,0,28,46,151,80,3,280,12,0,12,292
02/08/2006,CAE,SC,ASO,ES,Combined TRACON& Tower with Radar,40,145,58,0,243,0,2,30,2,34,40,147,88,2,277,33,6,39,316
02/09/2006,CAE,SC,ASO,ES,Combined TRACON& Tower with Radar,46,147,56,1,250,0,0,34,1,35,46,147,90,2,285,48,2,50,335
02/10/2006,CAE,SC,ASO,ES,Combined TRACON& Tower with Radar,24,143,55,7,229,0,3,38,0,41,24,146,93,7,270,34,4,38,308
02/11/2006,CAE,SC,ASO,ES,Combined TRACON& Tower with Radar,9,85,14,0,108,0,0,2,0,2,9,85,16,0,110,0,0,0,110
02/12/2006,CAE,SC,ASO,ES,Combined TRACON& Tower with Radar,9,76,24,4,113,0,7,26,0,33,9,83,50,4,146,72,2,74,220
02/13/2006,CAE,SC,ASO,ES,Combined TRACON& Tower with Radar,9,117,44,4,174,0,2,29,0,31,9,119,73,4,205,35,2,37,242
02/14/2006,CAE,SC,ASO,ES,Combined TRACON& Tower with Radar,43,144,46,7,240,0,3,41,1,45,43,147,87,8,285,54,16,70,355
02/15/2006,CAE,SC,ASO,ES,Combined TRACON& Tower with Radar,42,147,63,4,256,0,0,39,0,39,42,147,102,4,295,33,0,33,328
02/16/2006,CAE,SC,ASO,ES,Combined TRACON& Tower with Radar,41,144,55,7,247,0,3,32,1,36,41,147,87,8,283,34,2,36,319
02/17/2006,CAE,SC,ASO,ES,Combined TRACON& Tower with Radar,31,149,63,20,263,0,2,31,1,34,31,151,94,21,297,10,20,30,327
02/18/2006,CAE,SC,ASO,ES,Combined TRACON& Tower with Radar,16,93,37,1,147,0,0,17,1,18,16,93,54,2,165,22,0,22,187
02/19/2006,CAE,SC,ASO,ES,Combined TRACON& Tower with Radar,8,83,40,7,138,0,3,32,0,35,8,86,72,7,173,34,4,38,211
02/20/2006,CAE,SC,ASO,ES,Combined TRACON& Tower with Radar,6,100,53,0,159,0,0,0,0,0,6,100,53,0,159,6,0,6,165
02/21/2006,CAE,SC,ASO,ES,Combined TRACON& Tower with Radar,41,146,66,6,259,0,4,21,0,25,41,150,87,6,284,18,4,22,306
02/22/2006,CAE,SC,ASO,ES,Combined TRACON& Tower with Radar,40,158,61,1,260,0,5,5,0,10,40,163,66,1,270,16,0,16,286
02/23/2006,CAE,SC,ASO,ES,Combined TRACON& Tower with Radar,41,155,62,12,270,0,7,20,1,28,41,162,82,13,298,44,8,52,350
02/24/2006,CAE,SC,ASO,ES,Combined TRACON& Tower with Radar,23,152,55,2,232,0,7,63,0,70,23,159,118,2,302,38,0,38,340
02/25/2006,CAE,SC,ASO,ES,Combined TRACON& Tower with Radar,16,98,32,1,147,0,1,9,0,10,16,99,41,1,157,2,0,2,159
02/26/2006,CAE,SC,ASO,ES,Combined TRACON& Tower with Radar,12,82,27,5,126,0,0,58,0,58,12,82,85,5,184,32,0,32,216
02/27/2006,CAE,SC,ASO,ES,Combined TRACON& Tower with Radar,13,128,39,3,183,0,5,32,0,37,13,133,71,3,220,31,0,31,251
02/28/2006,CAE,SC,ASO,ES,Combined TRACON& Tower with Radar,45,144,48,0,237,0,2,30,0,32,45,146,78,0,269,34,0,34,303
03/01/2006,CAE,SC,ASO,ES,Combined TRACON& Tower with Radar,39,147,51,5,242,0,7,24,1,32,39,154,75,6,274,53,0,53,327
03/02/2006,CAE,SC,ASO,ES,Combined TRACON& Tower with Radar,46,146,66,2,260,0,1,13,0,14,46,147,79,2,274,25,0,25,299
03/03/2006,CAE,SC,ASO,ES,Combined TRACON& Tower with Radar,33,159,38,7,237,0,4,42,3,49,33,163,80,10,286,40,2,42,328
03/04/2006,CAE,SC,ASO,ES,Combined TRACON& Tower with Radar,13,89,32,0,134,0,3,60,6,69,13,92,92,6,203,19,0,19,222
03/05/2006,CAE,SC,ASO,ES,Combined TRACON& Tower with Radar,7,82,34,7,130,0,0,58,0,58,7,82,92,7,188,56,4,60,248
03/06/2006,CAE,SC,ASO,ES,Combined TRACON& Tower with Radar,11,120,49,7,187,0,0,30,0,30,11,120,79,7,217,42,12,54,271
03/07/2006,CAE,SC,ASO,ES,Combined TRACON& Tower with Radar,45,147,37,4,233,0,1,30,1,32,45,148,67,5,265,22,0,22,287
03/08/2006,CAE,SC,ASO,ES,Combined TRACON& Tower with Radar,45,157,57,6,265,0,3,48,0,51,45,160,105,6,316,66,4,70,386
03/09/2006,CAE,SC,ASO,ES,Combined TRACON& Tower with Radar,41,148,53,3,245,0,4,0,2,6,41,152,53,5,251,16,0,16,267
03/10/2006,CAE,SC,ASO,ES,Combined TRACON& Tower with Radar,31,138,36,3,208,0,0,9,0,9,31,138,45,3,217,20,4,24,241
03/11/2006,CAE,SC,ASO,ES,Combined TRACON& Tower with Radar,21,94,43,0,158,0,0,36,0,36,21,94,79,0,194,38,0,38,232
03/12/2006,CAE,SC,ASO,ES,Combined TRACON& Tower with Radar,13,86,36,9,144,0,3,42,1,46,13,89,78,10,190,38,12,50,240
03/13/2006,CAE,SC,ASO,ES,Combined TRACON& Tower with Radar,12,114,43,5,174,0,3,21,1,25,12,117,64,6,199,14,0,14,213
03/14/2006,CAE,SC,ASO,ES,Combined TRACON& Tower with Radar,46,137,55,3,241,0,4,11,0,15,46,141,66,3,256,48,0,48,304
03/15/2006,CAE,SC,ASO,ES,Combined TRACON& Tower with Radar,43,146,65,7,261,0,5,44,6,55,43,151,109,13,316,14,2,16,332
03/16/2006,CAE,SC,ASO,ES,Combined TRACON& Tower with Radar,39,154,50,4,247,0,3,30,2,35,39,157,80,6,282,22,0,22,304
03/17/2006,CAE,SC,ASO,ES,Combined TRACON& Tower with Radar,32,144,48,2,226,0,4,37,0,41,32,148,85,2,267,28,0,28,295
03/18/2006,CAE,SC,ASO,ES,Combined TRACON& Tower with Radar,12,99,35,0,146,0,2,54,0,56,12,101,89,0,202,31,0,31,233
03/19/2006,CAE,SC,ASO,ES,Combined TRACON& Tower with Radar,7,83,54,2,146,0,1,29,0,30,7,84,83,2,176,36,0,36,212
03/20/2006,CAE,SC,ASO,ES,Combined TRACON& Tower with Radar,10,119,48,4,181,0,2,24,0,26,10,121,72,4,207,0,0,0,207
03/21/2006,CAE,SC,ASO,ES,Combined TRACON& Tower with Radar,41,140,63,9,253,0,1,1,0,2,41,141,64,9,255,20,12,32,287
03/22/2006,CAE,SC,ASO,ES,Combined TRACON& Tower with Radar,46,154,67,6,273,0,4,34,2,40,46,158,101,8,313,32,8,40,353
03/23/2006,CAE,SC,ASO,ES,Combined TRACON& Tower with Radar,47,146,60,10,263,0,7,0,0,7,47,153,60,10,270,26,8,34,304
03/24/2006,CAE,SC,ASO,ES,Combined TRACON& Tower with Radar,27,166,41,5,239,0,5,19,3,27,27,171,60,8,266,40,1,41,307
03/25/2006,CAE,SC,ASO,ES,Combined TRACON& Tower with Radar,14,97,28,6,145,0,1,31,0,32,14,98,59,6,177,16,0,16,193
03/26/2006,CAE,SC,ASO,ES,Combined TRACON& Tower with Radar,12,84,47,6,149,0,0,51,2,53,12,84,98,8,202,18,4,22,224
03/27/2006,CAE,SC,ASO,ES,Combined TRACON& Tower with Radar,13,124,50,7,194,0,3,44,3,50,13,127,94,10,244,12,0,12,256
03/28/2006,CAE,SC,ASO,ES,Combined TRACON& Tower with Radar,47,147,60,3,257,0,3,40,0,43,47,150,100,3,300,80,30,110,410
03/29/2006,CAE,SC,ASO,ES,Combined TRACON& Tower with Radar,42,161,58,5,266,0,2,30,3,35,42,163,88,8,301,21,4,25,326
03/30/2006,CAE,SC,ASO,ES,Combined TRACON& Tower with Radar,42,154,65,8,269,0,3,25,0,28,42,157,90,8,297,28,14,42,339
03/31/2006,CAE,SC,ASO,ES,Combined TRACON& Tower with Radar,30,154,64,4,252,0,0,21,11,32,30,154,85,15,284,14,0,14,298
04/01/2006,CAE,SC,ASO,ES,Combined TRACON& Tower with Radar,13,96,26,0,135,0,3,14,0,17,13,99,40,0,152,72,0,72,224
04/02/2006,CAE,SC,ASO,ES,Combined TRACON& Tower with Radar,6,76,51,0,133,0,3,52,2,57,6,79,103,2,190,50,0,50,240
04/03/2006,CAE,SC,ASO,ES,Combined TRACON& Tower with Radar,10,122,34,9,175,0,3,6,2,11,10,125,40,11,186,12,0,12,198
04/04/2006,CAE,SC,ASO,ES,Combined TRACON& Tower with Radar,44,138,79,9,270,0,3,46,4,53,44,141,125,13,323,12,2,14,337
04/05/2006,CAE,SC,ASO,ES,Combined TRACON& Tower with Radar,42,149,83,6,280,0,6,48,3,57,42,155,131,9,337,14,0,14,351
04/06/2006,CAE,SC,ASO,ES,Combined TRACON& Tower with Radar,42,154,74,12,282,0,5,53,3,61,42,159,127,15,343,13,14,27,370
04/07/2006,CAE,SC,ASO,ES,Combined TRACON& Tower with Radar,30,148,72,16,266,0,3,30,2,35,30,151,102,18,301,10,6,16,317
04/08/2006,CAE,SC,ASO,ES,Combined TRACON& Tower with Radar,12,97,46,4,159,0,0,6,0,6,12,97,52,4,165,0,0,0,165
04/09/2006,CAE,SC,ASO,ES,Combined TRACON& Tower with Radar,10,93,67,10,180,0,2,47,0,49,10,95,114,10,229,40,4,44,273
04/10/2006,CAE,SC,ASO,ES,Combined TRACON& Tower with Radar,10,120,44,3,177,0,2,47,0,49,10,122,91,3,226,16,0,16,242
04/11/2006,CAE,SC,ASO,ES,Combined TRACON& Tower with Radar,45,149,39,6,239,0,4,41,0,45,45,153,80,6,284,39,4,43,327
04/12/2006,CAE,SC,ASO,ES,Combined TRACON& Tower with Radar,39,156,64,7,266,0,2,48,1,51,39,158,112,8,317,50,14,64,381
04/13/2006,CAE,SC,ASO,ES,Combined TRACON& Tower with Radar,37,150,54,1,242,0,1,30,7,38,37,151,84,8,280,14,2,16,296
04/14/2006,CAE,SC,ASO,ES,Combined TRACON& Tower with Radar,28,142,39,4,213,0,13,27,2,42,28,155,66,6,255,14,0,14,269
04/15/2006,CAE,SC,ASO,ES,Combined TRACON& Tower with Radar,15,89,22,1,127,0,2,40,1,43,15,91,62,2,170,24,2,26,196
04/16/2006,CAE,SC,ASO,ES,Combined TRACON& Tower with Radar,6,76,16,3,101,0,4,31,0,35,6,80,47,3,136,8,0,8,144
04/17/2006,CAE,SC,ASO,ES,Combined TRACON& Tower with Radar,19,134,52,22,227,0,1,28,1,30,19,135,80,23,257,8,26,34,291
04/18/2006,CAE,SC,ASO,ES,Combined TRACON& Tower with Radar,43,141,58,5,247,0,4,30,0,34,43,145,88,5,281,63,26,89,370
04/19/2006,CAE,SC,ASO,ES,Combined TRACON& Tower with Radar,50,141,56,14,261,0,0,13,0,13,50,141,69,14,274,28,16,44,318
04/20/2006,CAE,SC,ASO,ES,Combined TRACON& Tower with Radar,47,141,70,1,259,0,0,28,2,30,47,141,98,3,289,4,0,4,293
04/21/2006,CAE,SC,ASO,ES,Combined TRACON& Tower with Radar,35,129,64,12,240,0,1,21,0,22,35,130,85,12,262,17,6,23,285
04/22/2006,CAE,SC,ASO,ES,Combined TRACON& Tower with Radar,14,91,22,4,131,0,1,6,0,7,14,92,28,4,138,2,0,2,140
04/23/2006,CAE,SC,ASO,ES,Combined TRACON& Tower with Radar,9,75,29,4,117,0,4,36,0,40,9,79,65,4,157,41,0,41,198
04/24/2006,CAE,SC,ASO,ES,Combined TRACON& Tower with Radar,10,128,29,6,173,0,2,24,1,27,10,130,53,7,200,8,0,8,208
04/25/2006,CAE,SC,ASO,ES,Combined TRACON& Tower with Radar,47,142,55,7,251,0,4,13,5,22,47,146,68,12,273,12,4,16,289
04/26/2006,CAE,SC,ASO,ES,Combined TRACON& Tower with Radar,45,142,49,9,245,0,2,9,2,13,45,144,58,11,258,11,12,23,281
04/27/2006,CAE,SC,ASO,ES,Combined TRACON& Tower with Radar,43,144,79,8,274,0,4,16,0,20,43,148,95,8,294,2,12,14,308
04/28/2006,CAE,SC,ASO,ES,Combined TRACON& Tower with Radar,29,136,67,3,235,0,5,47,3,55,29,141,114,6,290,12,0,12,302
04/29/2006,CAE,SC,ASO,ES,Combined TRACON& Tower with Radar,14,91,29,5,139,0,1,33,1,35,14,92,62,6,174,56,2,58,232
04/30/2006,CAE,SC,ASO,ES,Combined TRACON& Tower with Radar,10,83,35,3,131,0,0,38,0,38,10,83,73,3,169,42,0,42,211
05/01/2006,CAE,SC,ASO,ES,Combined TRACON& Tower with Radar,15,121,25,2,163,0,1,2,0,3,15,122,27,2,166,20,0,20,186
05/02/2006,CAE,SC,ASO,ES,Combined TRACON& Tower with Radar,45,138,59,25,267,0,2,17,1,20,45,140,76,26,287,10,8,18,305
05/03/2006,CAE,SC,ASO,ES,Combined TRACON& Tower with Radar,47,148,63,12,270,0,3,39,2,44,47,151,102,14,314,8,6,14,328
05/04/2006,CAE,SC,ASO,ES,Combined TRACON& Tower with Radar,63,137,58,4,262,0,1,32,5,38,63,138,90,9,300,22,10,32,332
05/05/2006,CAE,SC,ASO,ES,Combined TRACON& Tower with Radar,30,136,32,5,203,0,3,16,1,20,30,139,48,6,223,4,0,4,227
05/06/2006,CAE,SC,ASO,ES,Combined TRACON& Tower with Radar,17,98,26,0,141,0,0,35,0,35,17,98,61,0,176,20,0,20,196
05/07/2006,CAE,SC,ASO,ES,Combined TRACON& Tower with Radar,8,83,32,0,123,0,0,2,0,2,8,83,34,0,125,10,0,10,135
05/08/2006,CAE,SC,ASO,ES,Combined TRACON& Tower with Radar,12,121,55,7,195,0,0,12,0,12,12,121,67,7,207,10,4,14,221
05/09/2006,CAE,SC,ASO,ES,Combined TRACON& Tower with Radar,48,156,90,21,315,0,4,27,11,42,48,160,117,32,357,30,22,52,409
05/10/2006,CAE,SC,ASO,ES,Combined TRACON& Tower with Radar,45,150,67,6,268,0,3,19,4,26,45,153,86,10,294,30,0,30,324
05/11/2006,CAE,SC,ASO,ES,Combined TRACON& Tower with Radar,43,138,84,2,267,0,0,11,0,11,43,138,95,2,278,8,4,12,290
05/12/2006,CAE,SC,ASO,ES,Combined TRACON& Tower with Radar,37,140,53,11,241,0,4,43,0,47,37,144,96,11,288,27,5,32,320
05/13/2006,CAE,SC,ASO,ES,Combined TRACON& Tower with Radar,12,92,29,2,135,0,1,47,0,48,12,93,76,2,183,40,0,40,223
05/14/2006,CAE,SC,ASO,ES,Combined TRACON& Tower with Radar,10,81,23,3,117,0,0,5,0,5,10,81,28,3,122,8,4,12,134
05/15/2006,CAE,SC,ASO,ES,Combined TRACON& Tower with Radar,12,110,40,15,177,0,1,21,1,23,12,111,61,16,200,8,24,32,232
05/16/2006,CAE,SC,ASO,ES,Combined TRACON& Tower with Radar,43,138,62,6,249,0,1,41,1,43,43,139,103,7,292,18,2,20,312
05/17/2006,CAE,SC,ASO,ES,Combined TRACON& Tower with Radar,49,143,59,17,268,0,5,36,5,46,49,148,95,22,314,30,14,44,358
05/18/2006,CAE,SC,ASO,ES,Combined TRACON& Tower with Radar,48,136,56,9,249,0,1,30,1,32,48,137,86,10,281,18,0,18,299
05/19/2006,CAE,SC,ASO,ES,Combined TRACON& Tower with Radar,32,135,43,12,222,0,7,34,0,41,32,142,77,12,263,40,0,40,303
05/20/2006,CAE,SC,ASO,ES,Combined TRACON& Tower with Radar,19,89,23,3,134,0,1,20,4,25,19,90,43,7,159,16,0,16,175
05/21/2006,CAE,SC,ASO,ES,Combined TRACON& Tower with Radar,16,76,31,2,125,0,1,16,0,17,16,77,47,2,142,0,0,0,142
05/22/2006,CAE,SC,ASO,ES,Combined TRACON& Tower with Radar,14,113,42,5,174,0,3,21,0,24,14,116,63,5,198,66,4,70,268
05/23/2006,CAE,SC,ASO,ES,Combined TRACON& Tower with Radar,44,138,48,2,232,0,4,37,0,41,44,142,85,2,273,34,2,36,309
05/24/2006,CAE,SC,ASO,ES,Combined TRACON& Tower with Radar,45,139,82,10,276,0,1,43,0,44,45,140,125,10,320,32,10,42,362
05/25/2006,CAE,SC,ASO,ES,Combined TRACON& Tower with Radar,38,146,57,3,244,0,2,26,1,29,38,148,83,4,273,11,0,11,284
05/26/2006,CAE,SC,ASO,ES,Combined TRACON& Tower with Radar,31,138,37,0,206,0,1,22,1,24,31,139,59,1,230,53,0,53,283
05/27/2006,CAE,SC,ASO,ES,Combined TRACON& Tower with Radar,18,95,23,0,136,0,0,31,0,31,18,95,54,0,167,80,0,80,247
05/28/2006,CAE,SC,ASO,ES,Combined TRACON& Tower with Radar,10,67,11,0,88,0,0,17,0,17,10,67,28,0,105,4,0,4,109
05/29/2006,CAE,SC,ASO,ES,Combined TRACON& Tower with Radar,10,74,16,0,100,0,1,20,0,21,10,75,36,0,121,38,0,38,159
05/30/2006,CAE,SC,ASO,ES,Combined TRACON& Tower with Radar,16,126,33,1,176,0,1,25,3,29,16,127,58,4,205,13,0,13,218
05/31/2006,CAE,SC,ASO,ES,Combined TRACON& Tower with Radar,53,147,41,2,243,0,1,28,0,29,53,148,69,2,272,41,0,41,313
06/01/2006,CAE,SC,ASO,ES,Combined TRACON& Tower with Radar,45,138,53,2,238,0,0,24,1,25,45,138,77,3,263,42,0,42,305
06/02/2006,CAE,SC,ASO,ES,Combined TRACON& Tower with Radar,40,126,47,2,215,0,5,15,4,24,40,131,62,6,239,61,0,61,300
06/03/2006,CAE,SC,ASO,ES,Combined TRACON& Tower with Radar,26,102,43,2,173,0,6,11,0,17,26,108,54,2,190,69,0,69,259
06/04/2006,CAE,SC,ASO,ES,Combined TRACON& Tower with Radar,10,80,35,2,127,0,0,36,0,36,10,80,71,2,163,28,0,28,191
06/05/2006,CAE,SC,ASO,ES,Combined TRACON& Tower with Radar,18,121,38,5,182,0,5,34,0,39,18,126,72,5,221,16,0,16,237
06/06/2006,CAE,SC,ASO,ES,Combined TRACON& Tower with Radar,44,141,52,17,254,0,5,22,0,27,44,146,74,17,281,14,10,24,305
06/07/2006,CAE,SC,ASO,ES,Combined TRACON& Tower with Radar,42,137,40,13,232,0,5,62,4,71,42,142,102,17,303,80,4,84,387
06/08/2006,CAE,SC,ASO,ES,Combined TRACON& Tower with Radar,42,141,66,0,249,0,8,25,1,34,42,149,91,1,283,41,0,41,324
06/09/2006,CAE,SC,ASO,ES,Combined TRACON& Tower with Radar,25,145,56,0,226,0,9,42,2,53,25,154,98,2,279,32,2,34,313
06/10/2006,CAE,SC,ASO,ES,Combined TRACON& Tower with Radar,16,98,27,1,142,0,1,41,0,42,16,99,68,1,184,70,2,72,256
06/11/2006,CAE,SC,ASO,ES,Combined TRACON& Tower with Radar,15,88,32,0,135,0,0,26,0,26,15,88,58,0,161,80,0,80,241
06/12/2006,CAE,SC,ASO,ES,Combined TRACON& Tower with Radar,17,123,54,7,201,0,0,39,0,39,17,123,93,7,240,40,6,46,286
06/13/2006,CAE,SC,ASO,ES,Combined TRACON& Tower with Radar,42,154,54,4,254,0,0,1,0,1,42,154,55,4,255,4,2,6,261
06/14/2006,CAE,SC,ASO,ES,Combined TRACON& Tower with Radar,42,144,41,15,242,0,3,7,0,10,42,147,48,15,252,10,4,14,266
06/15/2006,CAE,SC,ASO,ES,Combined TRACON& Tower with Radar,48,156,71,5,280,0,5,43,4,52,48,161,114,9,332,18,0,18,350
06/16/2006,CAE,SC,ASO,ES,Combined TRACON& Tower with Radar,33,140,51,3,227,0,8,41,5,54,33,148,92,8,281,13,0,13,294
06/17/2006,CAE,SC,ASO,ES,Combined TRACON& Tower with Radar,20,95,31,2,148,0,2,40,0,42,20,97,71,2,190,16,0,16,206
06/18/2006,CAE,SC,ASO,ES,Combined TRACON& Tower with Radar,12,78,19,7,116,0,1,31,0,32,12,79,50,7,148,8,8,16,164
06/19/2006,CAE,SC,ASO,ES,Combined TRACON& Tower with Radar,12,121,51,11,195,0,0,20,1,21,12,121,71,12,216,12,17,29,245
06/20/2006,CAE,SC,ASO,ES,Combined TRACON& Tower with Radar,54,152,70,5,281,0,4,42,7,53,54,156,112,12,334,26,0,26,360
06/21/2006,CAE,SC,ASO,ES,Combined TRACON& Tower with Radar,45,147,60,10,262,0,3,28,4,35,45,150,88,14,297,14,16,30,327
06/22/2006,CAE,SC,ASO,ES,Combined TRACON& Tower with Radar,48,155,41,7,251,0,2,35,1,38,48,157,76,8,289,14,4,18,307
06/23/2006,CAE,SC,ASO,ES,Combined TRACON& Tower with Radar,39,143,58,8,248,0,0,34,0,34,39,143,92,8,282,16,24,40,322
06/24/2006,CAE,SC,ASO,ES,Combined TRACON& Tower with Radar,23,87,37,0,147,0,0,22,0,22,23,87,59,0,169,44,0,44,213
06/25/2006,CAE,SC,ASO,ES,Combined TRACON& Tower with Radar,12,77,26,4,119,0,0,1,0,1,12,77,27,4,120,46,0,46,166
06/26/2006,CAE,SC,ASO,ES,Combined TRACON& Tower with Radar,10,107,45,6,168,0,0,10,4,14,10,107,55,10,182,20,2,22,204
06/27/2006,CAE,SC,ASO,ES,Combined TRACON& Tower with Radar,51,128,42,0,221,0,1,16,5,22,51,129,58,5,243,14,2,16,259
06/28/2006,CAE,SC,ASO,ES,Combined TRACON& Tower with Radar,53,155,52,7,267,0,2,30,1,33,53,157,82,8,300,60,0,60,360
06/29/2006,CAE,SC,ASO,ES,Combined TRACON& Tower with Radar,54,147,56,3,260,0,5,48,2,55,54,152,104,5,315,0,0,0,315
06/30/2006,CAE,SC,ASO,ES,Combined TRACON& Tower with Radar,34,146,53,6,239,0,0,37,1,38,34,146,90,7,277,80,0,80,357
07/01/2006,CAE,SC,ASO,ES,Combined TRACON& Tower with Radar,14,100,36,8,158,0,6,32,0,38,14,106,68,8,196,46,0,46,242
07/02/2006,CAE,SC,ASO,ES,Combined TRACON& Tower with Radar,10,86,27,2,125,0,1,33,0,34,10,87,60,2,159,98,0,98,257
07/03/2006,CAE,SC,ASO,ES,Combined TRACON& Tower with Radar,11,107,32,1,151,0,3,25,0,28,11,110,57,1,179,22,0,22,201
07/04/2006,CAE,SC,ASO,ES,Combined TRACON& Tower with Radar,19,87,23,0,129,0,1,16,0,17,19,88,39,0,146,25,0,25,171
07/05/2006,CAE,SC,ASO,ES,Combined TRACON& Tower with Radar,30,134,33,1,198,0,2,21,1,24,30,136,54,2,222,4,0,4,226
07/06/2006,CAE,SC,ASO,ES,Combined TRACON& Tower with Radar,44,155,43,11,253,0,0,11,0,11,44,155,54,11,264,60,4,64,328
07/07/2006,CAE,SC,ASO,ES,Combined TRACON& Tower with Radar,27,143,42,6,218,0,0,26,0,26,27,143,68,6,244,8,6,14,258
07/08/2006,CAE,SC,ASO,ES,Combined TRACON& Tower with Radar,16,95,29,2,142,0,3,48,0,51,16,98,77,2,193,37,2,39,232
07/09/2006,CAE,SC,ASO,ES,Combined TRACON& Tower with Radar,7,92,25,1,125,0,6,32,0,38,7,98,57,1,163,50,0,50,213
07/10/2006,CAE,SC,ASO,ES,Combined TRACON& Tower with Radar,13,114,28,5,160,0,0,38,3,41,13,114,66,8,201,6,8,14,215
07/11/2006,CAE,SC,ASO,ES,Combined TRACON& Tower with Radar,44,150,56,3,253,0,1,41,0,42,44,151,97,3,295,30,4,34,329
07/12/2006,CAE,SC,ASO,ES,Combined TRACON& Tower with Radar,47,139,54,8,248,0,1,16,0,17,47,140,70,8,265,24,6,30,295
07/13/2006,CAE,SC,ASO,ES,Combined TRACON& Tower with Radar,41,157,56,7,261,0,17,28,2,47,41,174,84,9,308,38,4,42,350
07/14/2006,CAE,SC,ASO,ES,Combined TRACON& Tower with Radar,30,144,52,3,229,0,0,41,0,41,30,144,93,3,270,18,0,18,288
07/15/2006,CAE,SC,ASO,ES,Combined TRACON& Tower with Radar,27,96,21,7,151,0,0,35,3,38,27,96,56,10,189,36,0,36,225
07/16/2006,CAE,SC,ASO,ES,Combined TRACON& Tower with Radar,11,80,27,2,120,0,2,23,2,27,11,82,50,4,147,20,2,22,169
07/17/2006,CAE,SC,ASO,ES,Combined TRACON& Tower with Radar,11,112,50,5,178,0,0,26,2,28,11,112,76,7,206,10,20,30,236
07/18/2006,CAE,SC,ASO,ES,Combined TRACON& Tower with Radar,48,148,35,7,238,0,3,33,0,36,48,151,68,7,274,52,0,52,326
07/19/2006,CAE,SC,ASO,ES,Combined TRACON& Tower with Radar,46,150,64,2,262,0,7,31,0,38,46,157,95,2,300,25,0,25,325
07/20/2006,CAE,SC,ASO,ES,Combined TRACON& Tower with Radar,44,144,67,9,264,0,6,34,8,48,44,150,101,17,312,30,4,34,346
07/21/2006,CAE,SC,ASO,ES,Combined TRACON& Tower with Radar,31,140,43,3,217,0,5,30,0,35,31,145,73,3,252,16,0,16,268
07/22/2006,CAE,SC,ASO,ES,Combined TRACON& Tower with Radar,21,86,18,2,127,0,0,28,0,28,21,86,46,2,155,83,0,83,238
07/23/2006,CAE,SC,ASO,ES,Combined TRACON& Tower with Radar,10,85,24,0,119,0,2,7,0,9,10,87,31,0,128,12,0,12,140
07/24/2006,CAE,SC,ASO,ES,Combined TRACON& Tower with Radar,8,113,49,4,174,0,0,3,2,5,8,113,52,6,179,40,4,44,223
07/25/2006,CAE,SC,ASO,ES,Combined TRACON& Tower with Radar,47,149,50,9,255,0,0,9,2,11,47,149,59,11,266,36,10,46,312
07/26/2006,CAE,SC,ASO,ES,Combined TRACON& Tower with Radar,42,149,41,3,235,0,0,31,4,35,42,149,72,7,270,40,4,44,314
07/27/2006,CAE,SC,ASO,ES,Combined TRACON& Tower with Radar,44,142,47,5,238,0,0,35,4,39,44,142,82,9,277,43,34,77,354
07/28/2006,CAE,SC,ASO,ES,Combined TRACON& Tower with Radar,31,138,52,4,225,0,2,32,2,36,31,140,84,6,261,24,2,26,287
07/29/2006,CAE,SC,ASO,ES,Combined TRACON& Tower with Radar,21,104,16,2,143,0,0,18,0,18,21,104,34,2,161,14,0,14,175
07/30/2006,CAE,SC,ASO,ES,Combined TRACON& Tower with Radar,11,87,12,6,116,0,1,13,0,14,11,88,25,6,130,76,6,82,212
07/31/2006,CAE,SC,ASO,ES,Combined TRACON& Tower with Radar,26,111,39,17,193,0,1,27,0,28,26,112,66,17,221,33,24,57,278
08/01/2006,CAE,SC,ASO,ES,Combined TRACON& Tower with Radar,44,140,45,4,233,0,5,31,0,36,44,145,76,4,269,60,2,62,331
08/02/2006,CAE,SC,ASO,ES,Combined TRACON& Tower with Radar,45,145,43,2,235,0,3,36,20,59,45,148,79,22,294,67,0,67,361
08/03/2006,CAE,SC,ASO,ES,Combined TRACON& Tower with Radar,46,146,47,1,240,0,7,28,3,38,46,153,75,4,278,63,0,63,341
08/04/2006,CAE,SC,ASO,ES,Combined TRACON& Tower with Radar,30,150,41,6,227,0,1,24,0,25,30,151,65,6,252,4,2,6,258
08/05/2006,CAE,SC,ASO,ES,Combined TRACON& Tower with Radar,17,96,9,0,122,0,6,25,0,31,17,102,34,0,153,24,0,24,177
08/06/2006,CAE,SC,ASO,ES,Combined TRACON& Tower with Radar,12,89,23,0,124,0,0,11,0,11,12,89,34,0,135,12,0,12,147
08/07/2006,CAE,SC,ASO,ES,Combined TRACON& Tower with Radar,12,117,51,2,182,0,1,19,2,22,12,118,70,4,204,22,2,24,228
08/08/2006,CAE,SC,ASO,ES,Combined TRACON& Tower with Radar,45,142,51,4,242,0,1,23,0,24,45,143,74,4,266,4,0,4,270
08/09/2006,CAE,SC,ASO,ES,Combined TRACON& Tower with Radar,51,143,62,5,261,0,1,20,4,25,51,144,82,9,286,64,0,64,350
08/10/2006,CAE,SC,ASO,ES,Combined TRACON& Tower with Radar,58,166,49,4,277,0,2,26,3,31,58,168,75,7,308,19,10,29,337
08/11/2006,CAE,SC,ASO,ES,Combined TRACON& Tower with Radar,35,161,58,0,254,0,3,26,2,31,35,164,84,2,285,16,0,16,301
08/12/2006,CAE,SC,ASO,ES,Combined TRACON& Tower with Radar,19,83,27,9,138,0,1,3,1,5,19,84,30,10,143,10,8,18,161
08/13/2006,CAE,SC,ASO,ES,Combined TRACON& Tower with Radar,10,84,39,0,133,0,3,43,0,46,10,87,82,0,179,24,0,24,203
08/14/2006,CAE,SC,ASO,ES,Combined TRACON& Tower with Radar,10,115,57,17,199,0,2,48,2,52,10,117,105,19,251,32,16,48,299
08/15/2006,CAE,SC,ASO,ES,Combined TRACON& Tower with Radar,48,145,60,8,261,0,3,42,0,45,48,148,102,8,306,87,18,105,411
08/16/2006,CAE,SC,ASO,ES,Combined TRACON& Tower with Radar,39,147,53,4,243,0,0,17,1,18,39,147,70,5,261,76,2,78,339
08/17/2006,CAE,SC,ASO,ES,Combined TRACON& Tower with Radar,45,149,68,3,265,0,3,29,10,42,45,152,97,13,307,12,0,12,319
08/18/2006,CAE,SC,ASO,ES,Combined TRACON& Tower with Radar,30,138,37,27,232,0,6,31,6,43,30,144,68,33,275,26,8,34,309
08/19/2006,CAE,SC,ASO,ES,Combined TRACON& Tower with Radar,19,88,33,4,144,0,4,21,0,25,19,92,54,4,169,30,0,30,199
08/20/2006,CAE,SC,ASO,ES,Combined TRACON& Tower with Radar,14,76,19,5,114,0,0,15,4,19,14,76,34,9,133,26,0,26,159
08/21/2006,CAE,SC,ASO,ES,Combined TRACON& Tower with Radar,20,132,47,4,203,0,0,15,2,17,20,132,62,6,220,3,0,3,223
08/22/2006,CAE,SC,ASO,ES,Combined TRACON& Tower with Radar,50,125,50,13,238,0,4,14,2,20,50,129,64,15,258,28,22,50,308
08/23/2006,CAE,SC,ASO,ES,Combined TRACON& Tower with Radar,39,158,84,5,286,0,10,4,0,14,39,168,88,5,300,2,7,9,309
08/24/2006,CAE,SC,ASO,ES,Combined TRACON& Tower with Radar,45,142,62,19,268,0,0,10,0,10,45,142,72,19,278,14,16,30,308
08/25/2006,CAE,SC,ASO,ES,Combined TRACON& Tower with Radar,31,144,36,0,211,0,5,16,0,21,31,149,52,0,232,54,0,54,286
08/26/2006,CAE,SC,ASO,ES,Combined TRACON& Tower with Radar,20,89,20,1,130,0,0,35,0,35,20,89,55,1,165,8,0,8,173
08/27/2006,CAE,SC,ASO,ES,Combined TRACON& Tower with Radar,9,76,21,1,107,0,0,38,0,38,9,76,59,1,145,26,0,26,171
08/28/2006,CAE,SC,ASO,ES,Combined TRACON& Tower with Radar,15,116,35,13,179,0,1,30,0,31,15,117,65,13,210,2,2,4,214
08/29/2006,CAE,SC,ASO,ES,Combined TRACON& Tower with Radar,46,140,47,7,240,0,3,35,4,42,46,143,82,11,282,12,17,29,311
08/30/2006,CAE,SC,ASO,ES,Combined TRACON& Tower with Radar,47,151,48,4,250,0,0,0,0,0,47,151,48,4,250,2,0,2,252
08/31/2006,CAE,SC,ASO,ES,Combined TRACON& Tower with Radar,45,134,38,0,217,0,0,3,0,3,45,134,41,0,220,8,0,8,228
09/01/2006,CAE,SC,ASO,ES,Combined TRACON& Tower with Radar,34,139,43,0,216,0,1,17,0,18,34,140,60,0,234,31,0,31,265
09/02/2006,CAE,SC,ASO,ES,Combined TRACON& Tower with Radar,14,94,22,0,130,0,2,22,0,24,14,96,44,0,154,32,0,32,186
09/03/2006,CAE,SC,ASO,ES,Combined TRACON& Tower with Radar,8,81,12,0,101,0,2,22,0,24,8,83,34,0,125,0,0,0,125
09/04/2006,CAE,SC,ASO,ES,Combined TRACON& Tower with Radar,7,86,12,0,105,0,4,12,0,16,7,90,24,0,121,4,0,4,125
09/05/2006,CAE,SC,ASO,ES,Combined TRACON& Tower with Radar,22,131,32,10,195,0,0,6,0,6,22,131,38,10,201,2,14,16,217
09/06/2006,CAE,SC,ASO,ES,Combined TRACON& Tower with Radar,43,149,53,3,248,0,2,12,2,16,43,151,65,5,264,17,2,19,283
09/07/2006,CAE,SC,ASO,ES,Combined TRACON& Tower with Radar,50,149,56,13,268,0,1,15,1,17,50,150,71,14,285,36,12,48,333
09/08/2006,CAE,SC,ASO,ES,Combined TRACON& Tower with Radar,32,152,48,0,232,0,3,32,0,35,32,155,80,0,267,12,0,12,279
09/09/2006,CAE,SC,ASO,ES,Combined TRACON& Tower with Radar,13,91,37,4,145,0,2,32,0,34,13,93,69,4,179,30,0,30,209
09/10/2006,CAE,SC,ASO,ES,Combined TRACON& Tower with Radar,10,87,44,3,144,0,1,37,0,38,10,88,81,3,182,37,0,37,219
09/11/2006,CAE,SC,ASO,ES,Combined TRACON& Tower with Radar,12,125,35,0,172,0,2,22,0,24,12,127,57,0,196,22,0,22,218
09/12/2006,CAE,SC,ASO,ES,Combined TRACON& Tower with Radar,43,145,45,16,249,0,1,27,1,29,43,146,72,17,278,45,14,59,337
09/13/2006,CAE,SC,ASO,ES,Combined TRACON& Tower with Radar,44,163,55,2,264,0,0,1,0,1,44,163,56,2,265,4,0,4,269
09/14/2006,CAE,SC,ASO,ES,Combined TRACON& Tower with Radar,50,146,63,12,271,0,3,10,1,14,50,149,73,13,285,10,18,28,313
09/15/2006,CAE,SC,ASO,ES,Combined TRACON& Tower with Radar,29,145,54,4,232,0,5,55,4,64,29,150,109,8,296,65,2,67,363
09/16/2006,CAE,SC,ASO,ES,Combined TRACON& Tower with Radar,16,95,34,2,147,0,2,36,6,44,16,97,70,8,191,58,0,58,249
09/17/2006,CAE,SC,ASO,ES,Combined TRACON& Tower with Radar,9,85,37,0,131,0,7,38,0,45,9,92,75,0,176,35,0,35,211
09/18/2006,CAE,SC,ASO,ES,Combined TRACON& Tower with Radar,12,122,50,15,199,0,4,27,1,32,12,126,77,16,231,8,12,20,251
09/19/2006,CAE,SC,ASO,ES,Combined TRACON& Tower with Radar,44,150,53,7,254,0,0,9,2,11,44,150,62,9,265,6,14,20,285
09/20/2006,CAE,SC,ASO,ES,Combined TRACON& Tower with Radar,45,153,45,5,248,0,2,40,1,43,45,155,85,6,291,18,2,20,311
09/21/2006,CAE,SC,ASO,ES,Combined TRACON& Tower with Radar,42,159,96,6,303,0,2,36,4,42,42,161,132,10,345,25,0,25,370
09/22/2006,CAE,SC,ASO,ES,Combined TRACON& Tower with Radar,35,151,54,5,245,0,5,38,0,43,35,156,92,5,288,94,0,94,382
09/23/2006,CAE,SC,ASO,ES,Combined TRACON& Tower with Radar,22,79,31,3,135,0,1,33,0,34,22,80,64,3,169,42,4,46,215
09/24/2006,CAE,SC,ASO,ES,Combined TRACON& Tower with Radar,10,83,32,0,125,0,0,18,0,18,10,83,50,0,143,46,0,46,189
09/25/2006,CAE,SC,ASO,ES,Combined TRACON& Tower with Radar,15,119,44,1,179,0,2,25,7,34,15,121,69,8,213,18,0,18,231
09/26/2006,CAE,SC,ASO,ES,Combined TRACON& Tower with Radar,42,144,48,0,234,0,2,31,0,33,42,146,79,0,267,80,0,80,347
09/27/2006,CAE,SC,ASO,ES,Combined TRACON& Tower with Radar,44,145,53,1,243,0,6,36,2,44,44,151,89,3,287,22,12,34,321
09/28/2006,CAE,SC,ASO,ES,Combined TRACON& Tower with Radar,45,154,83,2,284,0,3,22,0,25,45,157,105,2,309,18,0,18,327
09/29/2006,CAE,SC,ASO,ES,Combined TRACON& Tower with Radar,35,150,84,4,273,0,8,45,2,55,35,158,129,6,328,18,0,18,346
09/30/2006,CAE,SC,ASO,ES,Combined TRACON& Tower with Radar,14,90,34,0,138,0,1,44,0,45,14,91,78,0,183,42,0,42,225
10/01/2006,CAE,SC,ASO,ES,Combined TRACON& Tower with Radar,9,84,35,0,128,0,0,35,0,35,9,84,70,0,163,44,0,44,207
10/02/2006,CAE,SC,ASO,ES,Combined TRACON& Tower with Radar,12,133,46,0,191,0,4,31,0,35,12,137,77,0,226,38,0,38,264
10/03/2006,CAE,SC,ASO,ES,Combined TRACON& Tower with Radar,45,143,44,6,238,0,5,39,0,44,45,148,83,6,282,10,14,24,306
10/04/2006,CAE,SC,ASO,ES,Combined TRACON& Tower with Radar,48,143,61,13,265,0,0,44,0,44,48,143,105,13,309,70,8,78,387
10/05/2006,CAE,SC,ASO,ES,Combined TRACON& Tower with Radar,43,153,39,12,247,0,2,35,0,37,43,155,74,12,284,19,16,35,319
10/06/2006,CAE,SC,ASO,ES,Combined TRACON& Tower with Radar,31,138,48,2,219,0,3,33,1,37,31,141,81,3,256,42,0,42,298
10/07/2006,CAE,SC,ASO,ES,Combined TRACON& Tower with Radar,11,99,24,1,135,0,0,20,0,20,11,99,44,1,155,72,0,72,227
10/08/2006,CAE,SC,ASO,ES,Combined TRACON& Tower with Radar,11,85,28,1,125,0,0,1,0,1,11,85,29,1,126,2,0,2,128
10/09/2006,CAE,SC,ASO,ES,Combined TRACON& Tower with Radar,11,113,60,0,184,0,0,6,0,6,11,113,66,0,190,8,0,8,198
10/10/2006,CAE,SC,ASO,ES,Combined TRACON& Tower with Radar,47,144,77,3,271,0,3,32,1,36,47,147,109,4,307,53,0,53,360
10/11/2006,CAE,SC,ASO,ES,Combined TRACON& Tower with Radar,47,155,74,2,278,0,8,24,5,37,47,163,98,7,315,64,0,64,379
10/12/2006,CAE,SC,ASO,ES,Combined TRACON& Tower with Radar,42,148,64,7,261,0,5,35,2,42,42,153,99,9,303,72,8,80,383
10/13/2006,CAE,SC,ASO,ES,Combined TRACON& Tower with Radar,29,161,52,11,253,0,5,40,2,47,29,166,92,13,300,38,6,44,344
10/14/2006,CAE,SC,ASO,ES,Combined TRACON& Tower with Radar,10,96,23,2,131,0,1,43,0,44,10,97,66,2,175,54,0,54,229
10/15/2006,CAE,SC,ASO,ES,Combined TRACON& Tower with Radar,15,87,45,1,148,0,2,28,0,30,15,89,73,1,178,29,0,29,207
10/16/2006,CAE,SC,ASO,ES,Combined TRACON& Tower with Radar,14,123,44,5,186,0,0,0,0,0,14,123,44,5,186,26,4,30,216
10/17/2006,CAE,SC,ASO,ES,Combined TRACON& Tower with Radar,43,159,51,6,259,0,0,4,0,4,43,159,55,6,263,16,19,35,298
10/18/2006,CAE,SC,ASO,ES,Combined TRACON& Tower with Radar,41,139,60,26,266,0,0,2,0,2,41,139,62,26,268,2,14,16,284
10/19/2006,CAE,SC,ASO,ES,Combined TRACON& Tower with Radar,45,151,57,6,259,0,0,8,0,8,45,151,65,6,267,7,4,11,278
10/20/2006,CAE,SC,ASO,ES,Combined TRACON& Tower with Radar,35,150,44,12,241,0,5,18,8,31,35,155,62,20,272,89,10,99,371
10/21/2006,CAE,SC,ASO,ES,Combined TRACON& Tower with Radar,19,95,28,5,147,0,2,44,0,46,19,97,72,5,193,20,4,24,217
10/22/2006,CAE,SC,ASO,ES,Combined TRACON& Tower with Radar,12,82,52,11,157,0,1,0,1,2,12,83,52,12,159,0,8,8,167
10/23/2006,CAE,SC,ASO,ES,Combined TRACON& Tower with Radar,15,124,45,3,187,0,1,19,0,20,15,125,64,3,207,23,2,25,232
10/24/2006,CAE,SC,ASO,ES,Combined TRACON& Tower with Radar,46,157,45,4,252,0,5,44,4,53,46,162,89,8,305,32,6,38,343
10/25/2006,CAE,SC,ASO,ES,Combined TRACON& Tower with Radar,51,157,64,2,274,0,3,42,0,45,51,160,106,2,319,42,0,42,361
10/26/2006,CAE,SC,ASO,ES,Combined TRACON& Tower with Radar,49,140,70,6,265,0,3,41,0,44,49,143,111,6,309,68,0,68,377
10/27/2006,CAE,SC,ASO,ES,Combined TRACON& Tower with Radar,31,146,56,6,239,0,0,0,0,0,31,146,56,6,239,0,0,0,239
10/28/2006,CAE,SC,ASO,ES,Combined TRACON& Tower with Radar,13,97,36,0,146,0,0,20,0,20,13,97,56,0,166,56,0,56,222
10/29/2006,CAE,SC,ASO,ES,Combined TRACON& Tower with Radar,16,81,48,0,145,0,0,46,0,46,16,81,94,0,191,29,0,29,220
10/30/2006,CAE,SC,ASO,ES,Combined TRACON& Tower with Radar,15,131,41,15,202,0,2,33,0,35,15,133,74,15,237,58,8,66,303
10/31/2006,CAE,SC,ASO,ES,Combined TRACON& Tower with Radar,45,154,46,3,248,0,4,29,1,34,45,158,75,4,282,77,0,77,359
11/01/2006,CAE,SC,ASO,ES,Combined TRACON& Tower with Radar,50,155,41,17,263,0,0,34,3,37,50,155,75,20,300,86,12,98,398
11/02/2006,CAE,SC,ASO,ES,Combined TRACON& Tower with Radar,40,157,73,7,277,0,0,43,1,44,40,157,116,8,321,45,8,53,374
11/03/2006,CAE,SC,ASO,ES,Combined TRACON& Tower with Radar,32,147,72,18,269,0,1,35,0,36,32,148,107,18,305,30,6,36,341
11/04/2006,CAE,SC,ASO,ES,Combined TRACON& Tower with Radar,12,97,47,6,162,0,0,33,0,33,12,97,80,6,195,38,0,38,233
11/05/2006,CAE,SC,ASO,ES,Combined TRACON& Tower with Radar,10,82,54,9,155,0,1,38,2,41,10,83,92,11,196,45,6,51,247
11/06/2006,CAE,SC,ASO,ES,Combined TRACON& Tower with Radar,14,125,32,4,175,0,2,25,1,28,14,127,57,5,203,4,2,6,209
11/07/2006,CAE,SC,ASO,ES,Combined TRACON& Tower with Radar,48,152,56,18,274,0,2,0,0,2,48,154,56,18,276,8,16,24,300
11/08/2006,CAE,SC,ASO,ES,Combined TRACON& Tower with Radar,42,160,41,10,253,0,3,9,5,17,42,163,50,15,270,16,8,24,294
11/09/2006,CAE,SC,ASO,ES,Combined TRACON& Tower with Radar,46,155,67,19,287,0,1,39,13,53,46,156,106,32,340,60,8,68,408
11/10/2006,CAE,SC,ASO,ES,Combined TRACON& Tower with Radar,32,150,46,2,230,0,5,41,0,46,32,155,87,2,276,8,0,8,284
11/11/2006,CAE,SC,ASO,ES,Combined TRACON& Tower with Radar,30,83,37,2,152,0,0,49,2,51,30,83,86,4,203,4,0,4,207
11/12/2006,CAE,SC,ASO,ES,Combined TRACON& Tower with Radar,11,80,27,4,122,0,2,25,2,29,11,82,52,6,151,27,0,27,178
11/13/2006,CAE,SC,ASO,ES,Combined TRACON& Tower with Radar,16,129,30,3,178,0,5,27,0,32,16,134,57,3,210,20,8,28,238
11/14/2006,CAE,SC,ASO,ES,Combined TRACON& Tower with Radar,43,155,78,15,291,0,6,34,7,47,43,161,112,22,338,24,12,36,374
11/15/2006,CAE,SC,ASO,ES,Combined TRACON& Tower with Radar,44,149,47,9,249,0,3,13,1,17,44,152,60,10,266,14,8,22,288
11/16/2006,CAE,SC,ASO,ES,Combined TRACON& Tower with Radar,58,147,59,1,265,0,1,6,2,9,58,148,65,3,274,12,0,12,286
11/17/2006,CAE,SC,ASO,ES,Combined TRACON& Tower with Radar,39,152,47,9,247,0,5,35,5,45,39,157,82,14,292,52,6,58,350
11/18/2006,CAE,SC,ASO,ES,Combined TRACON& Tower with Radar,15,91,40,2,148,0,2,41,2,45,15,93,81,4,193,4,0,4,197
11/19/2006,CAE,SC,ASO,ES,Combined TRACON& Tower with Radar,11,86,35,2,134,0,2,44,2,48,11,88,79,4,182,48,0,48,230
11/20/2006,CAE,SC,ASO,ES,Combined TRACON& Tower with Radar,15,110,71,5,201,0,4,35,0,39,15,114,106,5,240,4,0,4,244
11/21/2006,CAE,SC,ASO,ES,Combined TRACON& Tower with Radar,64,144,59,6,273,0,0,13,0,13,64,144,72,6,286,2,16,18,304
11/22/2006,CAE,SC,ASO,ES,Combined TRACON& Tower with Radar,63,163,36,4,266,0,0,3,0,3,63,163,39,4,269,24,2,26,295
11/23/2006,CAE,SC,ASO,ES,Combined TRACON& Tower with Radar,20,83,11,0,114,0,0,18,0,18,20,83,29,0,132,10,0,10,142
11/24/2006,CAE,SC,ASO,ES,Combined TRACON& Tower with Radar,12,104,34,0,150,0,3,32,0,35,12,107,66,0,185,4,0,4,189
11/25/2006,CAE,SC,ASO,ES,Combined TRACON& Tower with Radar,10,86,27,0,123,0,0,39,0,39,10,86,66,0,162,10,0,10,172
11/26/2006,CAE,SC,ASO,ES,Combined TRACON& Tower with Radar,12,93,36,0,141,0,3,38,0,41,12,96,74,0,182,6,0,6,188
11/27/2006,CAE,SC,ASO,ES,Combined TRACON& Tower with Radar,20,134,36,5,195,0,4,35,0,39,20,138,71,5,234,4,0,4,238
11/28/2006,CAE,SC,ASO,ES,Combined TRACON& Tower with Radar,58,163,46,5,272,0,7,35,2,44,58,170,81,7,316,34,0,34,350
11/29/2006,CAE,SC,ASO,ES,Combined TRACON& Tower with Radar,60,148,63,14,285,0,8,24,5,37,60,156,87,19,322,20,0,20,342
11/30/2006,CAE,SC,ASO,ES,Combined TRACON& Tower with Radar,61,158,55,3,277,0,1,9,1,11,61,159,64,4,288,21,0,21,309
12/01/2006,CAE,SC,ASO,ES,Combined TRACON& Tower with Radar,49,121,36,13,219,0,1,4,1,6,49,122,40,14,225,36,8,44,269
12/02/2006,CAE,SC,ASO,ES,Combined TRACON& Tower with Radar,26,75,34,2,137,0,4,34,0,38,26,79,68,2,175,16,0,16,191
12/03/2006,CAE,SC,ASO,ES,Combined TRACON& Tower with Radar,18,85,34,0,137,0,2,5,0,7,18,87,39,0,144,26,0,26,170
12/04/2006,CAE,SC,ASO,ES,Combined TRACON& Tower with Radar,12,129,38,12,191,0,4,30,4,38,12,133,68,16,229,7,0,7,236
12/05/2006,CAE,SC,ASO,ES,Combined TRACON& Tower with Radar,62,170,57,5,294,0,4,43,2,49,62,174,100,7,343,31,0,31,374
12/06/2006,CAE,SC,ASO,ES,Combined TRACON& Tower with Radar,70,154,41,6,271,0,10,29,3,42,70,164,70,9,313,36,0,36,349
12/07/2006,CAE,SC,ASO,ES,Combined TRACON& Tower with Radar,67,157,46,1,271,0,5,19,2,26,67,162,65,3,297,10,2,12,309
12/08/2006,CAE,SC,ASO,ES,Combined TRACON& Tower with Radar,52,152,40,7,251,0,8,24,0,32,52,160,64,7,283,6,2,8,291
12/09/2006,CAE,SC,ASO,ES,Combined TRACON& Tower with Radar,19,78,16,4,117,0,7,36,2,45,19,85,52,6,162,4,0,4,166
12/10/2006,CAE,SC,ASO,ES,Combined TRACON& Tower with Radar,14,82,20,0,116,0,1,21,0,22,14,83,41,0,138,19,0,19,157
12/11/2006,CAE,SC,ASO,ES,Combined TRACON& Tower with Radar,11,121,34,5,171,0,0,27,2,29,11,121,61,7,200,0,0,0,200
12/12/2006,CAE,SC,ASO,ES,Combined TRACON& Tower with Radar,70,167,54,6,297,0,4,42,2,48,70,171,96,8,345,2,6,8,353
12/13/2006,CAE,SC,ASO,ES,Combined TRACON& Tower with Radar,72,161,57,19,309,0,2,21,0,23,72,163,78,19,332,12,20,32,364
12/14/2006,CAE,SC,ASO,ES,Combined TRACON& Tower with Radar,63,137,53,0,253,0,1,26,0,27,63,138,79,0,280,12,0,12,292
12/15/2006,CAE,SC,ASO,ES,Combined TRACON& Tower with Radar,66,143,57,0,266,0,8,30,1,39,66,151,87,1,305,42,0,42,347
12/16/2006,CAE,SC,ASO,ES,Combined TRACON& Tower with Radar,14,91,34,6,145,0,1,42,1,44,14,92,76,7,189,28,0,28,217
12/17/2006,CAE,SC,ASO,ES,Combined TRACON& Tower with Radar,6,84,33,5,128,0,4,47,2,53,6,88,80,7,181,6,0,6,187
12/18/2006,CAE,SC,ASO,ES,Combined TRACON& Tower with Radar,11,129,33,1,174,0,3,31,1,35,11,132,64,2,209,30,0,30,239
12/19/2006,CAE,SC,ASO,ES,Combined TRACON& Tower with Radar,79,152,66,6,303,0,2,28,0,30,79,154,94,6,333,12,2,14,347
12/20/2006,CAE,SC,ASO,ES,Combined TRACON& Tower with Radar,81,158,51,6,296,0,3,32,1,36,81,161,83,7,332,62,0,62,394
12/21/2006,CAE,SC,ASO,ES,Combined TRACON& Tower with Radar,79,159,45,2,285,0,1,6,0,7,79,160,51,2,292,24,0,24,316
12/22/2006,CAE,SC,ASO,ES,Combined TRACON& Tower with Radar,62,157,36,0,255,0,0,0,0,0,62,157,36,0,255,10,0,10,265
12/23/2006,CAE,SC,ASO,ES,Combined TRACON& Tower with Radar,47,104,8,0,159,0,1,16,0,17,47,105,24,0,176,38,1,39,215
12/24/2006,CAE,SC,ASO,ES,Combined TRACON& Tower with Radar,11,85,16,0,112,0,2,11,0,13,11,87,27,0,125,8,0,8,133
12/25/2006,CAE,SC,ASO,ES,Combined TRACON& Tower with Radar,8,72,1,0,81,0,0,0,0,0,8,72,1,0,81,0,0,0,81
12/26/2006,CAE,SC,ASO,ES,Combined TRACON& Tower with Radar,14,130,44,0,188,0,0,0,0,0,14,130,44,0,188,51,0,51,239
12/27/2006,CAE,SC,ASO,ES,Combined TRACON& Tower with Radar,44,142,24,7,217,0,1,34,0,35,44,143,58,7,252,89,10,99,351
12/28/2006,CAE,SC,ASO,ES,Combined TRACON& Tower with Radar,48,146,46,0,240,0,2,48,0,50,48,148,94,0,290,54,0,54,344
12/29/2006,CAE,SC,ASO,ES,Combined TRACON& Tower with Radar,44,145,55,2,246,0,2,38,0,40,44,147,93,2,286,102,2,104,390
12/30/2006,CAE,SC,ASO,ES,Combined TRACON& Tower with Radar,22,93,51,0,166,0,0,16,0,16,22,93,67,0,182,26,0,26,208
12/31/2006,CAE,SC,ASO,ES,Combined TRACON& Tower with Radar,8,80,10,0,98,0,0,0,0,0,8,80,10,0,98,0,0,0,98
01/01/2007,CAE,SC,ASO,ES,Combined TRACON& Tower with Radar,7,87,24,0,118,0,0,3,0,3,7,87,27,0,121,4,0,4,125
01/02/2007,CAE,SC,ASO,ES,Combined TRACON& Tower with Radar,17,141,33,0,191,0,0,32,0,32,17,141,65,0,223,14,0,14,237
01/03/2007,CAE,SC,ASO,ES,Combined TRACON& Tower with Radar,45,157,43,0,245,0,3,36,0,39,45,160,79,0,284,24,0,24,308
01/04/2007,CAE,SC,ASO,ES,Combined TRACON& Tower with Radar,42,154,54,26,276,0,0,0,0,0,42,154,54,26,276,16,22,38,314
01/05/2007,CAE,SC,ASO,ES,Combined TRACON& Tower with Radar,41,155,32,8,236,0,3,2,0,5,41,158,34,8,241,16,12,28,269
01/06/2007,CAE,SC,ASO,ES,Combined TRACON& Tower with Radar,16,99,44,0,159,0,1,40,1,42,16,100,84,1,201,16,0,16,217
01/07/2007,CAE,SC,ASO,ES,Combined TRACON& Tower with Radar,9,89,29,4,131,0,0,1,0,1,9,89,30,4,132,3,0,3,135
01/08/2007,CAE,SC,ASO,ES,Combined TRACON& Tower with Radar,19,129,32,2,182,0,0,20,1,21,19,129,52,3,203,15,0,15,218
01/09/2007,CAE,SC,ASO,ES,Combined TRACON& Tower with Radar,40,137,68,4,249,0,2,24,2,28,40,139,92,6,277,23,4,27,304
01/10/2007,CAE,SC,ASO,ES,Combined TRACON& Tower with Radar,40,145,66,7,258,0,4,40,0,44,40,149,106,7,302,62,16,78,380
01/11/2007,CAE,SC,ASO,ES,Combined TRACON& Tower with Radar,49,140,42,6,237,0,5,44,4,53,49,145,86,10,290,14,8,22,312
01/12/2007,CAE,SC,ASO,ES,Combined TRACON& Tower with Radar,32,138,61,11,242,0,1,40,2,43,32,139,101,13,285,43,10,53,338
01/13/2007,CAE,SC,ASO,ES,Combined TRACON& Tower with Radar,17,89,29,0,135,0,0,39,0,39,17,89,68,0,174,48,0,48,222
01/14/2007,CAE,SC,ASO,ES,Combined TRACON& Tower with Radar,11,75,21,0,107,0,0,24,1,25,11,75,45,1,132,6,0,6,138
01/15/2007,CAE,SC,ASO,ES,Combined TRACON& Tower with Radar,13,102,36,0,151,0,1,23,0,24,13,103,59,0,175,32,0,32,207
01/16/2007,CAE,SC,ASO,ES,Combined TRACON& Tower with Radar,37,131,44,4,216,0,2,14,0,16,37,133,58,4,232,9,8,17,249
01/17/2007,CAE,SC,ASO,ES,Combined TRACON& Tower with Radar,43,143,60,14,260,0,1,23,2,26,43,144,83,16,286,40,8,48,334
01/18/2007,CAE,SC,ASO,ES,Combined TRACON& Tower with Radar,46,117,33,2,198,0,0,0,0,0,46,117,33,2,198,0,0,0,198
01/19/2007,CAE,SC,ASO,ES,Combined TRACON& Tower with Radar,32,137,52,3,224,0,0,34,2,36,32,137,86,5,260,20,2,22,282
01/20/2007,CAE,SC,ASO,ES,Combined TRACON& Tower with Radar,15,85,29,3,132,0,2,72,1,75,15,87,101,4,207,32,0,32,239
01/21/2007,CAE,SC,ASO,ES,Combined TRACON& Tower with Radar,9,79,21,0,109,0,0,15,0,15,9,79,36,0,124,19,0,19,143
01/22/2007,CAE,SC,ASO,ES,Combined TRACON& Tower with Radar,12,115,33,15,175,0,0,0,0,0,12,115,33,15,175,10,16,26,201
01/23/2007,CAE,SC,ASO,ES,Combined TRACON& Tower with Radar,50,149,77,1,277,0,1,28,2,31,50,150,105,3,308,36,4,40,348
01/24/2007,CAE,SC,ASO,ES,Combined TRACON& Tower with Radar,42,147,57,0,246,0,5,41,1,47,42,152,98,1,293,76,0,76,369
01/25/2007,CAE,SC,ASO,ES,Combined TRACON& Tower with Radar,47,139,61,13,260,0,2,44,1,47,47,141,105,14,307,93,30,123,430
01/26/2007,CAE,SC,ASO,ES,Combined TRACON& Tower with Radar,32,142,68,16,258,0,0,56,0,56,32,142,124,16,314,8,16,24,338
01/27/2007,CAE,SC,ASO,ES,Combined TRACON& Tower with Radar,18,84,25,10,137,0,4,51,1,56,18,88,76,11,193,62,0,62,255
01/28/2007,CAE,SC,ASO,ES,Combined TRACON& Tower with Radar,9,80,30,6,125,0,0,13,0,13,9,80,43,6,138,6,2,8,146
01/29/2007,CAE,SC,ASO,ES,Combined TRACON& Tower with Radar,14,125,45,4,188,0,1,32,0,33,14,126,77,4,221,28,0,28,249
01/30/2007,CAE,SC,ASO,ES,Combined TRACON& Tower with Radar,41,143,54,12,250,0,7,37,0,44,41,150,91,12,294,46,22,68,362
01/31/2007,CAE,SC,ASO,ES,Combined TRACON& Tower with Radar,35,167,62,0,264,0,2,37,0,39,35,169,99,0,303,20,0,20,323
02/01/2007,CAE,SC,ASO,ES,Combined TRACON& Tower with Radar,54,114,33,2,203,0,0,0,0,0,54,114,33,2,203,0,0,0,203
02/02/2007,CAE,SC,ASO,ES,Combined TRACON& Tower with Radar,25,133,41,14,213,0,2,0,0,2,25,135,41,14,215,0,12,12,227
02/03/2007,CAE,SC,ASO,ES,Combined TRACON& Tower with Radar,20,92,33,0,145,0,1,34,5,40,20,93,67,5,185,70,0,70,255
02/04/2007,CAE,SC,ASO,ES,Combined TRACON& Tower with Radar,11,75,24,0,110,0,0,12,0,12,11,75,36,0,122,2,0,2,124
02/05/2007,CAE,SC,ASO,ES,Combined TRACON& Tower with Radar,13,121,39,2,175,0,5,76,0,81,13,126,115,2,256,62,0,62,318
02/06/2007,CAE,SC,ASO,ES,Combined TRACON& Tower with Radar,44,137,53,11,245,0,3,38,3,44,44,140,91,14,289,36,8,44,333
02/07/2007,CAE,SC,ASO,ES,Combined TRACON& Tower with Radar,37,145,52,16,250,0,2,35,4,41,37,147,87,20,291,33,0,33,324
02/08/2007,CAE,SC,ASO,ES,Combined TRACON& Tower with Radar,43,152,43,2,240,0,3,30,2,35,43,155,73,4,275,6,0,6,281
02/09/2007,CAE,SC,ASO,ES,Combined TRACON& Tower with Radar,32,142,32,31,237,0,5,19,3,27,32,147,51,34,264,0,22,22,286
02/10/2007,CAE,SC,ASO,ES,Combined TRACON& Tower with Radar,18,89,26,4,137,0,7,36,0,43,18,96,62,4,180,85,0,85,265
02/11/2007,CAE,SC,ASO,ES,Combined TRACON& Tower with Radar,13,85,28,11,137,0,6,31,6,43,13,91,59,17,180,21,8,29,209
02/12/2007,CAE,SC,ASO,ES,Combined TRACON& Tower with Radar,11,105,44,6,166,0,1,25,4,30,11,106,69,10,196,6,0,6,202
02/13/2007,CAE,SC,ASO,ES,Combined TRACON& Tower with Radar,40,131,32,0,203,0,2,4,0,6,40,133,36,0,209,0,0,0,209
02/14/2007,CAE,SC,ASO,ES,Combined TRACON& Tower with Radar,42,148,37,2,229,0,3,5,1,9,42,151,42,3,238,6,2,8,246
02/15/2007,CAE,SC,ASO,ES,Combined TRACON& Tower with Radar,37,139,81,0,257,0,3,37,1,41,37,142,118,1,298,62,0,62,360
02/16/2007,CAE,SC,ASO,ES,Combined TRACON& Tower with Radar,28,154,44,16,242,0,1,56,1,58,28,155,100,17,300,48,4,52,352
02/17/2007,CAE,SC,ASO,ES,Combined TRACON& Tower with Radar,13,91,32,0,136,0,2,20,0,22,13,93,52,0,158,79,0,79,237
02/18/2007,CAE,SC,ASO,ES,Combined TRACON& Tower with Radar,8,90,22,0,120,0,1,16,0,17,8,91,38,0,137,12,0,12,149
02/19/2007,CAE,SC,ASO,ES,Combined TRACON& Tower with Radar,10,100,49,1,160,0,3,38,0,41,10,103,87,1,201,30,0,30,231
02/20/2007,CAE,SC,ASO,ES,Combined TRACON& Tower with Radar,30,146,53,7,236,0,4,22,1,27,30,150,75,8,263,16,8,24,287
02/21/2007,CAE,SC,ASO,ES,Combined TRACON& Tower with Radar,42,161,41,5,249,0,0,6,0,6,42,161,47,5,255,6,0,6,261
02/22/2007,CAE,SC,ASO,ES,Combined TRACON& Tower with Radar,43,145,52,2,242,0,6,33,0,39,43,151,85,2,281,18,2,20,301
02/23/2007,CAE,SC,ASO,ES,Combined TRACON& Tower with Radar,29,147,35,1,212,0,0,50,2,52,29,147,85,3,264,4,0,4,268
02/24/2007,CAE,SC,ASO,ES,Combined TRACON& Tower with Radar,8,91,48,8,155,0,6,50,1,57,8,97,98,9,212,62,0,62,274
02/25/2007,CAE,SC,ASO,ES,Combined TRACON& Tower with Radar,9,73,21,2,105,0,0,5,0,5,9,73,26,2,110,2,0,2,112
02/26/2007,CAE,SC,ASO,ES,Combined TRACON& Tower with Radar,4,135,66,0,205,0,5,39,0,44,4,140,105,0,249,26,0,26,275
02/27/2007,CAE,SC,ASO,ES,Combined TRACON& Tower with Radar,31,167,69,3,270,0,4,59,0,63,31,171,128,3,333,34,0,34,367
02/28/2007,CAE,SC,ASO,ES,Combined TRACON& Tower with Radar,41,150,53,11,255,0,10,66,2,78,41,160,119,13,333,50,14,64,397
03/01/2007,CAE,SC,ASO,ES,Combined TRACON& Tower with Radar,38,131,22,2,193,0,0,8,0,8,38,131,30,2,201,0,0,0,201
03/02/2007,CAE,SC,ASO,ES,Combined TRACON& Tower with Radar,37,139,45,2,223,0,2,16,1,19,37,141,61,3,242,33,0,33,275
03/03/2007,CAE,SC,ASO,ES,Combined TRACON& Tower with Radar,8,96,24,0,128,0,5,27,0,32,8,101,51,0,160,24,0,24,184
03/04/2007,CAE,SC,ASO,ES,Combined TRACON& Tower with Radar,6,89,25,0,120,0,2,22,0,24,6,91,47,0,144,20,0,20,164
03/05/2007,CAE,SC,ASO,ES,Combined TRACON& Tower with Radar,6,123,42,2,173,0,3,42,0,45,6,126,84,2,218,55,0,55,273
03/06/2007,CAE,SC,ASO,ES,Combined TRACON& Tower with Radar,39,150,61,3,253,0,9,34,2,45,39,159,95,5,298,52,0,52,350
03/07/2007,CAE,SC,ASO,ES,Combined TRACON& Tower with Radar,37,152,37,2,228,0,1,22,2,25,37,153,59,4,253,8,0,8,261
03/08/2007,CAE,SC,ASO,ES,Combined TRACON& Tower with Radar,39,157,77,7,280,0,5,37,0,42,39,162,114,7,322,30,12,42,364
03/09/2007,CAE,SC,ASO,ES,Combined TRACON& Tower with Radar,24,142,54,8,228,0,4,34,0,38,24,146,88,8,266,30,10,40,306
03/10/2007,CAE,SC,ASO,ES,Combined TRACON& Tower with Radar,9,102,30,4,145,0,2,40,0,42,9,104,70,4,187,49,0,49,236
03/11/2007,CAE,SC,ASO,ES,Combined TRACON& Tower with Radar,6,84,30,2,122,0,0,35,0,35,6,84,65,2,157,22,0,22,179
03/12/2007,CAE,SC,ASO,ES,Combined TRACON& Tower with Radar,7,135,50,4,196,0,1,26,0,27,7,136,76,4,223,20,6,26,249
03/13/2007,CAE,SC,ASO,ES,Combined TRACON& Tower with Radar,43,154,74,4,275,0,6,46,1,53,43,160,120,5,328,33,6,39,367
03/14/2007,CAE,SC,ASO,ES,Combined TRACON& Tower with Radar,37,157,64,21,279,0,5,37,2,44,37,162,101,23,323,26,26,52,375
03/15/2007,CAE,SC,ASO,ES,Combined TRACON& Tower with Radar,39,159,48,4,250,0,5,18,0,23,39,164,66,4,273,4,0,4,277
03/16/2007,CAE,SC,ASO,ES,Combined TRACON& Tower with Radar,24,138,36,9,207,0,0,1,0,1,24,138,37,9,208,6,6,12,220
03/17/2007,CAE,SC,ASO,ES,Combined TRACON& Tower with Radar,9,97,32,1,139,0,0,0,0,0,9,97,32,1,139,37,12,49,188
03/18/2007,CAE,SC,ASO,ES,Combined TRACON& Tower with Radar,6,82,44,4,136,0,1,33,2,36,6,83,77,6,172,46,0,46,218
03/19/2007,CAE,SC,ASO,ES,Combined TRACON& Tower with Radar,9,129,39,2,179,0,0,26,0,26,9,129,65,2,205,22,0,22,227
03/20/2007,CAE,SC,ASO,ES,Combined TRACON& Tower with Radar,39,158,34,4,235,0,6,30,1,37,39,164,64,5,272,6,12,18,290
03/21/2007,CAE,SC,ASO,ES,Combined TRACON& Tower with Radar,42,145,36,1,224,0,5,32,1,38,42,150,68,2,262,20,0,20,282
03/22/2007,CAE,SC,ASO,ES,Combined TRACON& Tower with Radar,39,153,46,2,240,0,5,27,1,33,39,158,73,3,273,22,0,22,295
03/23/2007,CAE,SC,ASO,ES,Combined TRACON& Tower with Radar,29,145,40,6,220,0,4,35,3,42,29,149,75,9,262,12,2,14,276
03/24/2007,CAE,SC,ASO,ES,Combined TRACON& Tower with Radar,10,100,27,7,144,0,1,26,0,27,10,101,53,7,171,39,0,39,210
03/25/2007,CAE,SC,ASO,ES,Combined TRACON& Tower with Radar,7,85,31,0,123,0,3,50,0,53,7,88,81,0,176,14,0,14,190
03/26/2007,CAE,SC,ASO,ES,Combined TRACON& Tower with Radar,5,126,54,10,195,0,0,17,1,18,5,126,71,11,213,12,0,12,225
03/27/2007,CAE,SC,ASO,ES,Combined TRACON& Tower with Radar,46,148,37,0,231,0,12,26,2,40,46,160,63,2,271,38,2,40,311
03/28/2007,CAE,SC,ASO,ES,Combined TRACON& Tower with Radar,37,152,75,3,267,0,3,28,3,34,37,155,103,6,301,12,0,12,313
03/29/2007,CAE,SC,ASO,ES,Combined TRACON& Tower with Radar,37,152,60,10,259,0,3,10,0,13,37,155,70,10,272,39,6,45,317
03/30/2007,CAE,SC,ASO,ES,Combined TRACON& Tower with Radar,26,154,70,11,261,0,0,29,0,29,26,154,99,11,290,0,6,6,296
03/31/2007,CAE,SC,ASO,ES,Combined TRACON& Tower with Radar,11,99,23,1,134,0,0,38,1,39,11,99,61,2,173,32,0,32,205
04/01/2007,CAE,SC,ASO,ES,Combined TRACON& Tower with Radar,7,87,31,1,126,0,0,15,1,16,7,87,46,2,142,4,0,4,146
04/02/2007,CAE,SC,ASO,ES,Combined TRACON& Tower with Radar,5,127,33,8,173,0,0,27,3,30,5,127,60,11,203,14,18,32,235
04/03/2007,CAE,SC,ASO,ES,Combined TRACON& Tower with Radar,38,158,71,3,270,0,3,30,0,33,38,161,101,3,303,47,2,49,352
04/04/2007,CAE,SC,ASO,ES,Combined TRACON& Tower with Radar,41,154,73,10,278,0,7,27,2,36,41,161,100,12,314,6,20,26,340
04/05/2007,CAE,SC,ASO,ES,Combined TRACON& Tower with Radar,40,163,72,7,282,0,4,37,0,41,40,167,109,7,323,18,0,18,341
04/06/2007,CAE,SC,ASO,ES,Combined TRACON& Tower with Radar,23,157,86,4,270,0,6,40,0,46,23,163,126,4,316,12,0,12,328
04/07/2007,CAE,SC,ASO,ES,Combined TRACON& Tower with Radar,9,103,35,4,151,0,6,17,0,23,9,109,52,4,174,44,0,44,218
04/08/2007,CAE,SC,ASO,ES,Combined TRACON& Tower with Radar,5,91,37,0,133,45,0,27,0,72,50,91,64,0,205,2,0,2,207
04/09/2007,CAE,SC,ASO,ES,Combined TRACON& Tower with Radar,6,130,41,1,178,0,4,36,1,41,6,134,77,2,219,0,0,0,219
04/10/2007,CAE,SC,ASO,ES,Combined TRACON& Tower with Radar,41,153,54,10,258,0,6,38,8,52,41,159,92,18,310,10,38,48,358
04/11/2007,CAE,SC,ASO,ES,Combined TRACON& Tower with Radar,38,154,57,7,256,0,1,3,0,4,38,155,60,7,260,2,6,8,268
04/12/2007,CAE,SC,ASO,ES,Combined TRACON& Tower with Radar,44,158,63,8,273,0,6,15,2,23,44,164,78,10,296,82,6,88,384
04/13/2007,CAE,SC,ASO,ES,Combined TRACON& Tower with Radar,26,145,64,14,249,0,5,47,0,52,26,150,111,14,301,53,22,75,376
04/14/2007,CAE,SC,ASO,ES,Combined TRACON& Tower with Radar,8,96,39,3,146,0,3,34,3,40,8,99,73,6,186,29,0,29,215
04/15/2007,CAE,SC,ASO,ES,Combined TRACON& Tower with Radar,3,97,27,0,127,0,0,0,0,0,3,97,27,0,127,2,0,2,129
04/16/2007,CAE,SC,ASO,ES,Combined TRACON& Tower with Radar,7,130,55,4,196,0,0,16,1,17,7,130,71,5,213,36,2,38,251
04/17/2007,CAE,SC,ASO,ES,Combined TRACON& Tower with Radar,41,156,51,7,255,0,9,32,3,44,41,165,83,10,299,6,32,38,337
04/18/2007,CAE,SC,ASO,ES,Combined TRACON& Tower with Radar,39,157,79,9,284,0,2,34,0,36,39,159,113,9,320,2,2,4,324
04/19/2007,CAE,SC,ASO,ES,Combined TRACON& Tower with Radar,35,149,73,2,259,0,3,25,0,28,35,152,98,2,287,18,2,20,307
04/20/2007,CAE,SC,ASO,ES,Combined TRACON& Tower with Radar,28,152,80,4,264,0,1,31,1,33,28,153,111,5,297,46,0,46,343
04/21/2007,CAE,SC,ASO,ES,Combined TRACON& Tower with Radar,15,93,47,3,158,0,7,48,1,56,15,100,95,4,214,63,2,65,279
04/22/2007,CAE,SC,ASO,ES,Combined TRACON& Tower with Radar,6,91,42,2,141,0,4,47,2,53,6,95,89,4,194,10,0,10,204
04/23/2007,CAE,SC,ASO,ES,Combined TRACON& Tower with Radar,10,127,35,3,175,0,0,34,2,36,10,127,69,5,211,24,4,28,239
04/24/2007,CAE,SC,ASO,ES,Combined TRACON& Tower with Radar,38,147,47,4,236,0,3,29,0,32,38,150,76,4,268,22,2,24,292
04/25/2007,CAE,SC,ASO,ES,Combined TRACON& Tower with Radar,40,151,44,2,237,0,3,19,2,24,40,154,63,4,261,12,0,12,273
04/26/2007,CAE,SC,ASO,ES,Combined TRACON& Tower with Radar,46,161,49,6,262,0,1,26,0,27,46,162,75,6,289,28,7,35,324
04/27/2007,CAE,SC,ASO,ES,Combined TRACON& Tower with Radar,24,149,63,0,236,0,6,22,4,32,24,155,85,4,268,4,0,4,272
04/28/2007,CAE,SC,ASO,ES,Combined TRACON& Tower with Radar,17,89,43,0,149,0,7,25,3,35,17,96,68,3,184,38,4,42,226
04/29/2007,CAE,SC,ASO,ES,Combined TRACON& Tower with Radar,11,84,37,0,132,0,2,34,0,36,11,86,71,0,168,60,0,60,228
04/30/2007,CAE,SC,ASO,ES,Combined TRACON& Tower with Radar,9,131,34,2,176,0,5,43,0,48,9,136,77,2,224,28,0,28,252
05/01/2007,CAE,SC,ASO,ES,Combined TRACON& Tower with Radar,44,156,42,0,242,0,2,52,2,56,44,158,94,2,298,40,0,40,338
05/02/2007,CAE,SC,ASO,ES,Combined TRACON& Tower with Radar,39,156,50,2,247,0,5,31,1,37,39,161,81,3,284,22,2,24,308
05/03/2007,CAE,SC,ASO,ES,Combined TRACON& Tower with Radar,38,165,46,6,255,0,0,29,1,30,38,165,75,7,285,26,0,26,311
05/04/2007,CAE,SC,ASO,ES,Combined TRACON& Tower with Radar,24,144,46,6,220,0,0,1,1,2,24,144,47,7,222,20,0,20,242
05/05/2007,CAE,SC,ASO,ES,Combined TRACON& Tower with Radar,11,93,5,0,109,0,0,0,0,0,11,93,5,0,109,0,0,0,109
05/06/2007,CAE,SC,ASO,ES,Combined TRACON& Tower with Radar,23,84,27,0,134,0,0,22,3,25,23,84,49,3,159,64,0,64,223
05/07/2007,CAE,SC,ASO,ES,Combined TRACON& Tower with Radar,9,127,39,4,179,0,2,16,2,20,9,129,55,6,199,15,6,21,220
05/08/2007,CAE,SC,ASO,ES,Combined TRACON& Tower with Radar,51,142,48,9,250,0,6,14,2,22,51,148,62,11,272,4,2,6,278
05/09/2007,CAE,SC,ASO,ES,Combined TRACON& Tower with Radar,39,149,59,0,247,0,2,3,1,6,39,151,62,1,253,12,0,12,265
05/10/2007,CAE,SC,ASO,ES,Combined TRACON& Tower with Radar,42,154,57,12,265,0,1,42,2,45,42,155,99,14,310,34,12,46,356
05/11/2007,CAE,SC,ASO,ES,Combined TRACON& Tower with Radar,32,145,25,9,211,0,3,62,0,65,32,148,87,9,276,63,6,69,345
05/12/2007,CAE,SC,ASO,ES,Combined TRACON& Tower with Radar,21,91,30,0,142,0,1,40,0,41,21,92,70,0,183,28,0,28,211
05/13/2007,CAE,SC,ASO,ES,Combined TRACON& Tower with Radar,10,88,50,0,148,0,0,15,0,15,10,88,65,0,163,12,0,12,175
05/14/2007,CAE,SC,ASO,ES,Combined TRACON& Tower with Radar,9,127,46,10,192,0,0,40,0,40,9,127,86,10,232,20,21,41,273
05/15/2007,CAE,SC,ASO,ES,Combined TRACON& Tower with Radar,41,154,62,0,257,0,5,62,3,70,41,159,124,3,327,46,0,46,373
05/16/2007,CAE,SC,ASO,ES,Combined TRACON& Tower with Radar,36,156,65,14,271,0,6,27,1,34,36,162,92,15,305,20,24,44,349
05/17/2007,CAE,SC,ASO,ES,Combined TRACON& Tower with Radar,41,158,77,6,282,0,3,43,1,47,41,161,120,7,329,20,27,47,376
05/18/2007,CAE,SC,ASO,ES,Combined TRACON& Tower with Radar,28,153,57,7,245,0,8,32,3,43,28,161,89,10,288,10,0,10,298
05/19/2007,CAE,SC,ASO,ES,Combined TRACON& Tower with Radar,14,87,42,5,148,0,0,39,2,41,14,87,81,7,189,44,0,44,233
05/20/2007,CAE,SC,ASO,ES,Combined TRACON& Tower with Radar,8,83,25,0,116,0,0,32,0,32,8,83,57,0,148,4,0,4,152
05/21/2007,CAE,SC,ASO,ES,Combined TRACON& Tower with Radar,12,117,45,4,178,0,1,25,1,27,12,118,70,5,205,36,24,60,265
05/22/2007,CAE,SC,ASO,ES,Combined TRACON& Tower with Radar,39,177,59,7,282,0,12,23,1,36,39,189,82,8,318,16,28,44,362
05/23/2007,CAE,SC,ASO,ES,Combined TRACON& Tower with Radar,40,145,67,2,254,0,2,33,0,35,40,147,100,2,289,42,0,42,331
05/24/2007,CAE,SC,ASO,ES,Combined TRACON& Tower with Radar,44,143,44,6,237,0,11,32,0,43,44,154,76,6,280,11,12,23,303
05/25/2007,CAE,SC,ASO,ES,Combined TRACON& Tower with Radar,27,134,34,4,199,0,2,54,1,57,27,136,88,5,256,16,3,19,275
05/26/2007,CAE,SC,ASO,ES,Combined TRACON& Tower with Radar,14,84,19,1,118,0,1,41,1,43,14,85,60,2,161,20,0,20,181
05/27/2007,CAE,SC,ASO,ES,Combined TRACON& Tower with Radar,6,68,12,0,86,0,3,29,0,32,6,71,41,0,118,10,0,10,128
05/28/2007,CAE,SC,ASO,ES,Combined TRACON& Tower with Radar,8,82,23,0,113,0,3,36,0,39,8,85,59,0,152,18,0,18,170
05/29/2007,CAE,SC,ASO,ES,Combined TRACON& Tower with Radar,9,134,36,4,183,0,0,33,0,33,9,134,69,4,216,38,0,38,254
05/30/2007,CAE,SC,ASO,ES,Combined TRACON& Tower with Radar,42,154,48,4,248,0,2,40,1,43,42,156,88,5,291,26,0,26,317
05/31/2007,CAE,SC,ASO,ES,Combined TRACON& Tower with Radar,41,162,52,0,255,0,5,43,0,48,41,167,95,0,303,62,0,62,365
06/01/2007,CAE,SC,ASO,ES,Combined TRACON& Tower with Radar,27,145,39,9,220,0,1,38,0,39,27,146,77,9,259,6,0,6,265
06/02/2007,CAE,SC,ASO,ES,Combined TRACON& Tower with Radar,14,116,32,1,163,0,4,10,0,14,14,120,42,1,177,12,0,12,189
06/03/2007,CAE,SC,ASO,ES,Combined TRACON& Tower with Radar,8,86,16,2,112,0,0,9,0,9,8,86,25,2,121,4,0,4,125
06/04/2007,CAE,SC,ASO,ES,Combined TRACON& Tower with Radar,16,112,37,6,171,0,1,15,2,18,16,113,52,8,189,4,16,20,209
06/05/2007,CAE,SC,ASO,ES,Combined TRACON& Tower with Radar,43,140,50,10,243,0,1,27,2,30,43,141,77,12,273,21,16,37,310
06/06/2007,CAE,SC,ASO,ES,Combined TRACON& Tower with Radar,40,139,72,11,262,0,6,31,3,40,40,145,103,14,302,55,16,71,373
06/07/2007,CAE,SC,ASO,ES,Combined TRACON& Tower with Radar,39,152,58,6,255,0,7,52,3,62,39,159,110,9,317,50,0,50,367
06/08/2007,CAE,SC,ASO,ES,Combined TRACON& Tower with Radar,25,127,29,1,182,0,0,28,4,32,25,127,57,5,214,22,0,22,236
06/09/2007,CAE,SC,ASO,ES,Combined TRACON& Tower with Radar,13,93,32,0,138,0,8,65,0,73,13,101,97,0,211,32,0,32,243
06/10/2007,CAE,SC,ASO,ES,Combined TRACON& Tower with Radar,5,74,43,0,122,0,6,26,0,32,5,80,69,0,154,59,0,59,213
06/11/2007,CAE,SC,ASO,ES,Combined TRACON& Tower with Radar,8,125,38,17,188,0,2,19,0,21,8,127,57,17,209,18,30,48,257
06/12/2007,CAE,SC,ASO,ES,Combined TRACON& Tower with Radar,37,153,51,0,241,0,1,28,0,29,37,154,79,0,270,34,0,34,304
06/13/2007,CAE,SC,ASO,ES,Combined TRACON& Tower with Radar,40,157,53,4,254,0,1,19,2,22,40,158,72,6,276,28,2,30,306
06/14/2007,CAE,SC,ASO,ES,Combined TRACON& Tower with Radar,40,151,60,0,251,0,3,21,2,26,40,154,81,2,277,60,0,60,337
06/15/2007,CAE,SC,ASO,ES,Combined TRACON& Tower with Radar,22,131,52,19,224,0,0,0,1,1,22,131,52,20,225,2,12,14,239
06/16/2007,CAE,SC,ASO,ES,Combined TRACON& Tower with Radar,10,92,28,2,132,0,1,15,0,16,10,93,43,2,148,22,0,22,170
06/17/2007,CAE,SC,ASO,ES,Combined TRACON& Tower with Radar,7,86,18,2,113,0,1,19,2,22,7,87,37,4,135,0,8,8,143
06/18/2007,CAE,SC,ASO,ES,Combined TRACON& Tower with Radar,12,121,47,12,192,0,0,19,1,20,12,121,66,13,212,16,6,22,234
06/19/2007,CAE,SC,ASO,ES,Combined TRACON& Tower with Radar,39,139,48,13,239,0,1,19,2,22,39,140,67,15,261,37,26,63,324
06/20/2007,CAE,SC,ASO,ES,Combined TRACON& Tower with Radar,35,157,51,2,245,0,0,11,0,11,35,157,62,2,256,14,0,14,270
06/21/2007,CAE,SC,ASO,ES,Combined TRACON& Tower with Radar,40,151,48,16,255,0,13,60,4,77,40,164,108,20,332,52,6,58,390
06/22/2007,CAE,SC,ASO,ES,Combined TRACON& Tower with Radar,25,144,36,3,208,0,7,40,3,50,25,151,76,6,258,102,14,116,374
06/23/2007,CAE,SC,ASO,ES,Combined TRACON& Tower with Radar,14,89,18,2,123,0,2,35,0,37,14,91,53,2,160,83,0,83,243
06/24/2007,CAE,SC,ASO,ES,Combined TRACON& Tower with Radar,8,85,37,2,132,0,0,24,0,24,8,85,61,2,156,32,0,32,188
06/25/2007,CAE,SC,ASO,ES,Combined TRACON& Tower with Radar,3,112,34,10,159,0,1,29,0,30,3,113,63,10,189,31,20,51,240
06/26/2007,CAE,SC,ASO,ES,Combined TRACON& Tower with Radar,42,138,56,3,239,0,1,29,2,32,42,139,85,5,271,38,18,56,327
06/27/2007,CAE,SC,ASO,ES,Combined TRACON& Tower with Radar,37,143,66,4,250,0,3,50,6,59,37,146,116,10,309,52,0,52,361
06/28/2007,CAE,SC,ASO,ES,Combined TRACON& Tower with Radar,37,135,84,4,260,0,5,49,2,56,37,140,133,6,316,43,0,43,359
06/29/2007,CAE,SC,ASO,ES,Combined TRACON& Tower with Radar,26,142,52,4,224,0,4,19,2,25,26,146,71,6,249,48,0,48,297
06/30/2007,CAE,SC,ASO,ES,Combined TRACON& Tower with Radar,11,107,20,3,141,0,0,29,0,29,11,107,49,3,170,45,0,45,215
07/01/2007,CAE,SC,ASO,ES,Combined TRACON& Tower with Radar,16,77,21,6,120,0,4,10,0,14,16,81,31,6,134,35,0,35,169
07/02/2007,CAE,SC,ASO,ES,Combined TRACON& Tower with Radar,5,111,32,16,164,0,0,9,0,9,5,111,41,16,173,34,14,48,221
07/03/2007,CAE,SC,ASO,ES,Combined TRACON& Tower with Radar,36,129,32,2,199,0,1,28,0,29,36,130,60,2,228,8,0,8,236
07/04/2007,CAE,SC,ASO,ES,Combined TRACON& Tower with Radar,8,81,14,0,103,0,4,32,0,36,8,85,46,0,139,16,0,16,155
07/05/2007,CAE,SC,ASO,ES,Combined TRACON& Tower with Radar,25,122,40,16,203,0,3,38,1,42,25,125,78,17,245,16,16,32,277
07/06/2007,CAE,SC,ASO,ES,Combined TRACON& Tower with Radar,26,129,26,3,184,0,5,32,0,37,26,134,58,3,221,14,8,22,243
07/07/2007,CAE,SC,ASO,ES,Combined TRACON& Tower with Radar,11,89,16,0,116,0,1,22,0,23,11,90,38,0,139,65,0,65,204
07/08/2007,CAE,SC,ASO,ES,Combined TRACON& Tower with Radar,6,88,18,4,116,0,1,8,2,11,6,89,26,6,127,26,4,30,157
07/09/2007,CAE,SC,ASO,ES,Combined TRACON& Tower with Radar,10,114,39,0,163,0,0,20,0,20,10,114,59,0,183,20,0,20,203
07/10/2007,CAE,SC,ASO,ES,Combined TRACON& Tower with Radar,26,122,72,26,246,0,0,13,0,13,26,122,85,26,259,16,14,30,289
07/11/2007,CAE,SC,ASO,ES,Combined TRACON& Tower with Radar,40,137,52,0,229,0,3,25,0,28,40,140,77,0,257,44,0,44,301
07/12/2007,CAE,SC,ASO,ES,Combined TRACON& Tower with Radar,38,141,43,9,231,0,4,29,0,33,38,145,72,9,264,78,16,94,358
07/13/2007,CAE,SC,ASO,ES,Combined TRACON& Tower with Radar,24,137,30,9,200,0,4,38,4,46,24,141,68,13,246,8,10,18,264
07/14/2007,CAE,SC,ASO,ES,Combined TRACON& Tower with Radar,10,94,36,2,142,0,2,18,1,21,10,96,54,3,163,26,0,26,189
07/15/2007,CAE,SC,ASO,ES,Combined TRACON& Tower with Radar,5,79,19,2,105,0,2,25,0,27,5,81,44,2,132,16,0,16,148
07/16/2007,CAE,SC,ASO,ES,Combined TRACON& Tower with Radar,11,129,31,14,185,0,0,21,0,21,11,129,52,14,206,22,29,51,257
07/17/2007,CAE,SC,ASO,ES,Combined TRACON& Tower with Radar,38,139,50,1,228,0,2,34,2,38,38,141,84,3,266,6,0,6,272
07/18/2007,CAE,SC,ASO,ES,Combined TRACON& Tower with Radar,38,145,47,13,243,0,4,24,1,29,38,149,71,14,272,45,4,49,321
07/19/2007,CAE,SC,ASO,ES,Combined TRACON& Tower with Radar,38,138,60,3,239,0,4,28,3,35,38,142,88,6,274,80,0,80,354
07/20/2007,CAE,SC,ASO,ES,Combined TRACON& Tower with Radar,25,138,28,0,191,0,2,32,0,34,25,140,60,0,225,30,0,30,255
07/21/2007,CAE,SC,ASO,ES,Combined TRACON& Tower with Radar,14,94,14,0,122,0,2,32,0,34,14,96,46,0,156,12,0,12,168
07/22/2007,CAE,SC,ASO,ES,Combined TRACON& Tower with Radar,6,83,20,3,112,0,0,28,0,28,6,83,48,3,140,46,0,46,186
07/23/2007,CAE,SC,ASO,ES,Combined TRACON& Tower with Radar,7,116,23,4,150,0,1,32,4,37,7,117,55,8,187,22,0,22,209
07/24/2007,CAE,SC,ASO,ES,Combined TRACON& Tower with Radar,41,142,52,2,237,0,1,28,0,29,41,143,80,2,266,31,0,31,297
07/25/2007,CAE,SC,ASO,ES,Combined TRACON& Tower with Radar,37,140,45,2,224,0,2,33,0,35,37,142,78,2,259,48,0,48,307
07/26/2007,CAE,SC,ASO,ES,Combined TRACON& Tower with Radar,39,155,41,5,240,0,3,35,0,38,39,158,76,5,278,26,24,50,328
07/27/2007,CAE,SC,ASO,ES,Combined TRACON& Tower with Radar,22,135,32,12,201,0,1,30,2,33,22,136,62,14,234,59,20,79,313
07/28/2007,CAE,SC,ASO,ES,Combined TRACON& Tower with Radar,15,87,19,2,123,0,0,15,0,15,15,87,34,2,138,28,0,28,166
07/29/2007,CAE,SC,ASO,ES,Combined TRACON& Tower with Radar,9,64,26,6,105,0,0,22,1,23,9,64,48,7,128,22,10,32,160
07/30/2007,CAE,SC,ASO,ES,Combined TRACON& Tower with Radar,5,124,38,1,168,0,0,13,0,13,5,124,51,1,181,12,0,12,193
07/31/2007,CAE,SC,ASO,ES,Combined TRACON& Tower with Radar,41,154,76,6,277,0,0,46,2,48,41,154,122,8,325,26,4,30,355
08/01/2007,CAE,SC,ASO,ES,Combined TRACON& Tower with Radar,37,136,72,1,246,0,2,49,4,55,37,138,121,5,301,50,2,52,353
08/02/2007,CAE,SC,ASO,ES,Combined TRACON& Tower with Radar,40,147,60,4,251,0,3,64,0,67,40,150,124,4,318,44,2,46,364
08/03/2007,CAE,SC,ASO,ES,Combined TRACON& Tower with Radar,26,144,59,10,239,0,1,31,0,32,26,145,90,10,271,24,4,28,299
08/04/2007,CAE,SC,ASO,ES,Combined TRACON& Tower with Radar,12,88,36,3,139,0,1,38,0,39,12,89,74,3,178,139,0,139,317
08/05/2007,CAE,SC,ASO,ES,Combined TRACON& Tower with Radar,7,72,35,2,116,0,1,33,0,34,7,73,68,2,150,41,0,41,191
08/06/2007,CAE,SC,ASO,ES,Combined TRACON& Tower with Radar,6,116,61,2,185,0,3,36,2,41,6,119,97,4,226,15,0,15,241
08/07/2007,CAE,SC,ASO,ES,Combined TRACON& Tower with Radar,41,145,52,17,255,0,0,19,3,22,41,145,71,20,277,54,10,64,341
08/08/2007,CAE,SC,ASO,ES,Combined TRACON& Tower with Radar,38,157,66,10,271,0,2,26,2,30,38,159,92,12,301,12,16,28,329
08/09/2007,CAE,SC,ASO,ES,Combined TRACON& Tower with Radar,46,146,53,7,252,0,3,22,4,29,46,149,75,11,281,10,10,20,301
08/10/2007,CAE,SC,ASO,ES,Combined TRACON& Tower with Radar,23,142,70,10,245,0,1,27,1,29,23,143,97,11,274,13,6,19,293
08/11/2007,CAE,SC,ASO,ES,Combined TRACON& Tower with Radar,13,95,32,5,145,0,2,40,0,42,13,97,72,5,187,38,0,38,225
08/12/2007,CAE,SC,ASO,ES,Combined TRACON& Tower with Radar,6,88,30,6,130,0,0,16,0,16,6,88,46,6,146,53,12,65,211
08/13/2007,CAE,SC,ASO,ES,Combined TRACON& Tower with Radar,6,126,46,2,180,0,0,26,0,26,6,126,72,2,206,0,0,0,206
08/14/2007,CAE,SC,ASO,ES,Combined TRACON& Tower with Radar,42,146,64,0,252,0,14,50,4,68,42,160,114,4,320,26,0,26,346
08/15/2007,CAE,SC,ASO,ES,Combined TRACON& Tower with Radar,38,144,57,4,243,0,1,40,1,42,38,145,97,5,285,14,0,14,299
08/16/2007,CAE,SC,ASO,ES,Combined TRACON& Tower with Radar,44,147,65,0,256,0,5,52,3,60,44,152,117,3,316,40,0,40,356
08/17/2007,CAE,SC,ASO,ES,Combined TRACON& Tower with Radar,24,146,53,7,230,0,6,52,2,60,24,152,105,9,290,8,2,10,300
08/18/2007,CAE,SC,ASO,ES,Combined TRACON& Tower with Radar,9,87,22,1,119,0,1,37,0,38,9,88,59,1,157,10,0,10,167
08/19/2007,CAE,SC,ASO,ES,Combined TRACON& Tower with Radar,7,89,32,0,128,0,3,49,0,52,7,92,81,0,180,18,0,18,198
08/20/2007,CAE,SC,ASO,ES,Combined TRACON& Tower with Radar,6,117,43,3,169,0,0,0,0,0,6,117,43,3,169,18,18,36,205
08/21/2007,CAE,SC,ASO,ES,Combined TRACON& Tower with Radar,45,151,63,0,259,0,5,53,4,62,45,156,116,4,321,46,6,52,373
08/22/2007,CAE,SC,ASO,ES,Combined TRACON& Tower with Radar,35,147,81,0,263,0,9,44,2,55,35,156,125,2,318,2,0,2,320
08/23/2007,CAE,SC,ASO,ES,Combined TRACON& Tower with Radar,44,138,58,8,248,0,2,27,4,33,44,140,85,12,281,50,12,62,343
08/24/2007,CAE,SC,ASO,ES,Combined TRACON& Tower with Radar,30,143,59,12,244,0,2,21,8,31,30,145,80,20,275,30,4,34,309
08/25/2007,CAE,SC,ASO,ES,Combined TRACON& Tower with Radar,17,89,24,3,133,0,2,31,0,33,17,91,55,3,166,36,0,36,202
08/26/2007,CAE,SC,ASO,ES,Combined TRACON& Tower with Radar,11,86,34,1,132,0,0,33,3,36,11,86,67,4,168,36,2,38,206
08/27/2007,CAE,SC,ASO,ES,Combined TRACON& Tower with Radar,7,128,54,20,209,0,1,27,3,31,7,129,81,23,240,0,40,40,280
08/28/2007,CAE,SC,ASO,ES,Combined TRACON& Tower with Radar,42,139,71,0,252,0,5,31,2,38,42,144,102,2,290,49,0,49,339
08/29/2007,CAE,SC,ASO,ES,Combined TRACON& Tower with Radar,43,147,39,9,238,0,5,20,2,27,43,152,59,11,265,16,10,26,291
08/30/2007,CAE,SC,ASO,ES,Combined TRACON& Tower with Radar,39,141,43,0,223,0,5,23,0,28,39,146,66,0,251,0,0,0,251
08/31/2007,CAE,SC,ASO,ES,Combined TRACON& Tower with Radar,29,134,58,0,221,0,1,22,2,25,29,135,80,2,246,18,0,18,264
09/01/2007,CAE,SC,ASO,ES,Combined TRACON& Tower with Radar,14,91,20,0,125,0,3,12,0,15,14,94,32,0,140,4,0,4,144
09/02/2007,CAE,SC,ASO,ES,Combined TRACON& Tower with Radar,9,73,30,0,112,0,0,20,0,20,9,73,50,0,132,30,0,30,162
09/03/2007,CAE,SC,ASO,ES,Combined TRACON& Tower with Radar,9,90,29,0,128,0,3,47,0,50,9,93,76,0,178,18,0,18,196
09/04/2007,CAE,SC,ASO,ES,Combined TRACON& Tower with Radar,7,133,51,5,196,0,4,29,3,36,7,137,80,8,232,16,0,16,248
09/05/2007,CAE,SC,ASO,ES,Combined TRACON& Tower with Radar,39,143,62,10,254,0,6,29,5,40,39,149,91,15,294,28,0,28,322
09/06/2007,CAE,SC,ASO,ES,Combined TRACON& Tower with Radar,43,147,37,6,233,0,8,40,4,52,43,155,77,10,285,18,16,34,319
09/07/2007,CAE,SC,ASO,ES,Combined TRACON& Tower with Radar,24,150,35,7,216,0,9,32,6,47,24,159,67,13,263,17,2,19,282
09/08/2007,CAE,SC,ASO,ES,Combined TRACON& Tower with Radar,13,85,24,2,124,0,1,37,0,38,13,86,61,2,162,16,0,16,178
09/09/2007,CAE,SC,ASO,ES,Combined TRACON& Tower with Radar,6,79,17,3,105,0,4,24,1,29,6,83,41,4,134,34,2,36,170
09/10/2007,CAE,SC,ASO,ES,Combined TRACON& Tower with Radar,9,113,27,1,150,0,0,25,2,27,9,113,52,3,177,24,2,26,203
09/11/2007,CAE,SC,ASO,ES,Combined TRACON& Tower with Radar,43,132,37,8,220,0,5,16,1,22,43,137,53,9,242,28,2,30,272
09/12/2007,CAE,SC,ASO,ES,Combined TRACON& Tower with Radar,35,143,58,0,236,0,5,17,0,22,35,148,75,0,258,6,0,6,264
09/13/2007,CAE,SC,ASO,ES,Combined TRACON& Tower with Radar,40,161,47,5,253,0,1,8,3,12,40,162,55,8,265,12,0,12,277
09/14/2007,CAE,SC,ASO,ES,Combined TRACON& Tower with Radar,28,138,56,3,225,0,1,5,0,6,28,139,61,3,231,8,0,8,239
09/15/2007,CAE,SC,ASO,ES,Combined TRACON& Tower with Radar,8,79,19,0,106,0,1,24,0,25,8,80,43,0,131,6,0,6,137
09/16/2007,CAE,SC,ASO,ES,Combined TRACON& Tower with Radar,6,83,25,2,116,0,7,30,2,39,6,90,55,4,155,29,0,29,184
09/17/2007,CAE,SC,ASO,ES,Combined TRACON& Tower with Radar,6,117,50,4,177,0,3,34,0,37,6,120,84,4,214,20,0,20,234
09/18/2007,CAE,SC,ASO,ES,Combined TRACON& Tower with Radar,37,144,61,4,246,0,10,50,0,60,37,154,111,4,306,22,0,22,328
09/19/2007,CAE,SC,ASO,ES,Combined TRACON& Tower with Radar,36,137,64,11,248,0,5,24,1,30,36,142,88,12,278,28,13,41,319
09/20/2007,CAE,SC,ASO,ES,Combined TRACON& Tower with Radar,42,154,63,7,266,0,0,2,0,2,42,154,65,7,268,4,0,4,272
09/21/2007,CAE,SC,ASO,ES,Combined TRACON& Tower with Radar,23,143,50,6,222,0,0,2,0,2,23,143,52,6,224,8,2,10,234
09/22/2007,CAE,SC,ASO,ES,Combined TRACON& Tower with Radar,9,89,35,2,135,0,0,22,0,22,9,89,57,2,157,49,0,49,206
09/23/2007,CAE,SC,ASO,ES,Combined TRACON& Tower with Radar,17,80,38,2,137,0,2,0,0,2,17,82,38,2,139,12,0,12,151
09/24/2007,CAE,SC,ASO,ES,Combined TRACON& Tower with Radar,8,131,25,1,165,0,2,45,0,47,8,133,70,1,212,5,0,5,217
09/25/2007,CAE,SC,ASO,ES,Combined TRACON& Tower with Radar,37,140,34,0,211,0,6,28,0,34,37,146,62,0,245,10,4,14,259
09/26/2007,CAE,SC,ASO,ES,Combined TRACON& Tower with Radar,36,151,57,5,249,0,6,29,0,35,36,157,86,5,284,16,6,22,306
09/27/2007,CAE,SC,ASO,ES,Combined TRACON& Tower with Radar,37,148,62,3,250,0,10,16,0,26,37,158,78,3,276,22,2,24,300
09/28/2007,CAE,SC,ASO,ES,Combined TRACON& Tower with Radar,31,137,37,8,213,0,1,49,0,50,31,138,86,8,263,20,2,22,285
09/29/2007,CAE,SC,ASO,ES,Combined TRACON& Tower with Radar,10,81,25,0,116,0,0,33,0,33,10,81,58,0,149,14,0,14,163
09/30/2007,CAE,SC,ASO,ES,Combined TRACON& Tower with Radar,5,83,36,2,126,0,2,33,0,35,5,85,69,2,161,54,0,54,215
10/01/2007,CAE,SC,ASO,ES,Combined TRACON& Tower with Radar,5,123,37,20,185,0,2,32,1,35,5,125,69,21,220,15,32,47,267
10/02/2007,CAE,SC,ASO,ES,Combined TRACON& Tower with Radar,38,136,58,8,240,0,3,27,2,32,38,139,85,10,272,14,5,19,291
10/03/2007,CAE,SC,ASO,ES,Combined TRACON& Tower with Radar,40,149,47,36,272,0,0,5,0,5,40,149,52,36,277,2,38,40,317
10/04/2007,CAE,SC,ASO,ES,Combined TRACON& Tower with Radar,38,148,64,0,250,0,2,4,0,6,38,150,68,0,256,16,0,16,272
10/05/2007,CAE,SC,ASO,ES,Combined TRACON& Tower with Radar,26,137,50,5,218,0,2,17,2,21,26,139,67,7,239,2,6,8,247
10/06/2007,CAE,SC,ASO,ES,Combined TRACON& Tower with Radar,13,83,20,1,117,1,3,21,2,27,14,86,41,3,144,32,0,32,176
10/07/2007,CAE,SC,ASO,ES,Combined TRACON& Tower with Radar,5,86,34,5,130,0,0,16,0,16,5,86,50,5,146,14,6,20,166
10/08/2007,CAE,SC,ASO,ES,Combined TRACON& Tower with Radar,5,114,39,4,162,0,2,40,0,42,5,116,79,4,204,20,2,22,226
10/09/2007,CAE,SC,ASO,ES,Combined TRACON& Tower with Radar,39,139,41,0,219,0,1,27,0,28,39,140,68,0,247,67,0,67,314
10/10/2007,CAE,SC,ASO,ES,Combined TRACON& Tower with Radar,37,142,50,2,231,0,1,47,1,49,37,143,97,3,280,26,0,26,306
10/11/2007,CAE,SC,ASO,ES,Combined TRACON& Tower with Radar,38,144,59,3,244,0,7,42,2,51,38,151,101,5,295,30,0,30,325
10/12/2007,CAE,SC,ASO,ES,Combined TRACON& Tower with Radar,30,138,45,4,217,0,4,54,0,58,30,142,99,4,275,16,2,18,293
10/13/2007,CAE,SC,ASO,ES,Combined TRACON& Tower with Radar,13,79,30,4,126,0,3,36,0,39,13,82,66,4,165,2,0,2,167
10/14/2007,CAE,SC,ASO,ES,Combined TRACON& Tower with Radar,6,85,30,0,121,0,0,62,2,64,6,85,92,2,185,24,0,24,209
10/15/2007,CAE,SC,ASO,ES,Combined TRACON& Tower with Radar,4,118,31,3,156,0,4,24,0,28,4,122,55,3,184,16,0,16,200
10/16/2007,CAE,SC,ASO,ES,Combined TRACON& Tower with Radar,40,145,49,2,236,0,7,26,0,33,40,152,75,2,269,16,0,16,285
10/17/2007,CAE,SC,ASO,ES,Combined TRACON& Tower with Radar,38,148,54,6,246,0,5,20,3,28,38,153,74,9,274,22,12,34,308
10/18/2007,CAE,SC,ASO,ES,Combined TRACON& Tower with Radar,40,145,40,6,231,0,3,22,0,25,40,148,62,6,256,14,4,18,274
10/19/2007,CAE,SC,ASO,ES,Combined TRACON& Tower with Radar,27,147,28,0,202,0,1,6,0,7,27,148,34,0,209,8,0,8,217
10/20/2007,CAE,SC,ASO,ES,Combined TRACON& Tower with Radar,11,87,22,0,120,0,4,41,0,45,11,91,63,0,165,38,0,38,203
10/21/2007,CAE,SC,ASO,ES,Combined TRACON& Tower with Radar,2,90,51,0,143,0,0,78,0,78,2,90,129,0,221,31,0,31,252
10/22/2007,CAE,SC,ASO,ES,Combined TRACON& Tower with Radar,6,133,61,3,203,0,1,30,3,34,6,134,91,6,237,66,0,66,303
10/23/2007,CAE,SC,ASO,ES,Combined TRACON& Tower with Radar,35,148,63,5,251,0,5,9,1,15,35,153,72,6,266,48,16,64,330
10/24/2007,CAE,SC,ASO,ES,Combined TRACON& Tower with Radar,38,151,62,13,264,0,2,5,0,7,38,153,67,13,271,34,10,44,315
10/25/2007,CAE,SC,ASO,ES,Combined TRACON& Tower with Radar,41,159,44,6,250,0,6,13,0,19,41,165,57,6,269,22,8,30,299
10/26/2007,CAE,SC,ASO,ES,Combined TRACON& Tower with Radar,32,150,50,6,238,0,0,2,0,2,32,150,52,6,240,35,2,37,277
10/27/2007,CAE,SC,ASO,ES,Combined TRACON& Tower with Radar,12,90,23,1,126,0,0,22,0,22,12,90,45,1,148,12,0,12,160
10/28/2007,CAE,SC,ASO,ES,Combined TRACON& Tower with Radar,4,89,28,0,121,0,2,29,0,31,4,91,57,0,152,25,0,25,177
10/29/2007,CAE,SC,ASO,ES,Combined TRACON& Tower with Radar,6,125,39,8,178,0,5,26,0,31,6,130,65,8,209,64,0,64,273
10/30/2007,CAE,SC,ASO,ES,Combined TRACON& Tower with Radar,38,149,37,0,224,0,20,43,5,68,38,169,80,5,292,51,0,51,343
10/31/2007,CAE,SC,ASO,ES,Combined TRACON& Tower with Radar,37,145,36,11,229,0,11,24,0,35,37,156,60,11,264,60,8,68,332
11/01/2007,CAE,SC,ASO,ES,Combined TRACON& Tower with Radar,41,143,64,2,250,0,3,48,3,54,41,146,112,5,304,32,0,32,336
11/02/2007,CAE,SC,ASO,ES,Combined TRACON& Tower with Radar,30,142,64,9,245,0,5,12,3,20,30,147,76,12,265,6,0,6,271
11/03/2007,CAE,SC,ASO,ES,Combined TRACON& Tower with Radar,14,90,21,1,126,0,1,38,4,43,14,91,59,5,169,36,0,36,205
11/04/2007,CAE,SC,ASO,ES,Combined TRACON& Tower with Radar,10,85,36,0,131,0,1,38,0,39,10,86,74,0,170,26,0,26,196
11/05/2007,CAE,SC,ASO,ES,Combined TRACON& Tower with Radar,7,113,32,0,152,0,4,38,2,44,7,117,70,2,196,28,0,28,224
11/06/2007,CAE,SC,ASO,ES,Combined TRACON& Tower with Radar,36,154,57,8,255,0,8,52,0,60,36,162,109,8,315,26,10,36,351
11/07/2007,CAE,SC,ASO,ES,Combined TRACON& Tower with Radar,43,145,58,9,255,0,4,44,0,48,43,149,102,9,303,85,14,99,402
11/08/2007,CAE,SC,ASO,ES,Combined TRACON& Tower with Radar,38,152,81,1,272,0,5,31,1,37,38,157,112,2,309,146,0,146,455
11/09/2007,CAE,SC,ASO,ES,Combined TRACON& Tower with Radar,27,138,45,1,211,0,1,46,0,47,27,139,91,1,258,84,0,84,342
11/10/2007,CAE,SC,ASO,ES,Combined TRACON& Tower with Radar,7,89,29,0,125,0,3,57,0,60,7,92,86,0,185,62,0,62,247
11/11/2007,CAE,SC,ASO,ES,Combined TRACON& Tower with Radar,3,90,41,0,134,0,0,36,0,36,3,90,77,0,170,110,0,110,280
11/12/2007,CAE,SC,ASO,ES,Combined TRACON& Tower with Radar,5,115,45,1,166,0,3,29,1,33,5,118,74,2,199,97,0,97,296
11/13/2007,CAE,SC,ASO,ES,Combined TRACON& Tower with Radar,38,133,63,9,243,0,4,41,6,51,38,137,104,15,294,33,6,39,333
11/14/2007,CAE,SC,ASO,ES,Combined TRACON& Tower with Radar,40,143,59,0,242,0,2,44,0,46,40,145,103,0,288,62,0,62,350
11/15/2007,CAE,SC,ASO,ES,Combined TRACON& Tower with Radar,36,150,68,20,274,0,0,19,4,23,36,150,87,24,297,36,22,58,355
11/16/2007,CAE,SC,ASO,ES,Combined TRACON& Tower with Radar,26,144,55,3,228,0,5,42,1,48,26,149,97,4,276,60,4,64,340
11/17/2007,CAE,SC,ASO,ES,Combined TRACON& Tower with Radar,10,95,34,0,139,0,0,44,0,44,10,95,78,0,183,80,0,80,263
11/18/2007,CAE,SC,ASO,ES,Combined TRACON& Tower with Radar,2,86,38,0,126,0,0,50,0,50,2,86,88,0,176,73,0,73,249
11/19/2007,CAE,SC,ASO,ES,Combined TRACON& Tower with Radar,6,126,45,7,184,0,3,39,0,42,6,129,84,7,226,46,18,64,290
11/20/2007,CAE,SC,ASO,ES,Combined TRACON& Tower with Radar,49,151,46,4,250,0,6,19,0,25,49,157,65,4,275,20,6,26,301
11/21/2007,CAE,SC,ASO,ES,Combined TRACON& Tower with Radar,50,153,48,0,251,0,11,39,0,50,50,164,87,0,301,65,0,65,366
11/22/2007,CAE,SC,ASO,ES,Combined TRACON& Tower with Radar,14,79,15,0,108,0,2,5,0,7,14,81,20,0,115,16,0,16,131
11/23/2007,CAE,SC,ASO,ES,Combined TRACON& Tower with Radar,9,98,26,0,133,0,3,43,0,46,9,101,69,0,179,10,0,10,189
11/24/2007,CAE,SC,ASO,ES,Combined TRACON& Tower with Radar,9,91,28,2,130,0,0,32,0,32,9,91,60,2,162,58,0,58,220
11/25/2007,CAE,SC,ASO,ES,Combined TRACON& Tower with Radar,1,91,44,0,136,0,1,15,0,16,1,92,59,0,152,102,0,102,254
11/26/2007,CAE,SC,ASO,ES,Combined TRACON& Tower with Radar,2,133,50,12,197,0,0,0,0,0,2,133,50,12,197,7,8,15,212
11/27/2007,CAE,SC,ASO,ES,Combined TRACON& Tower with Radar,55,155,39,3,252,0,5,39,0,44,55,160,78,3,296,90,2,92,388
11/28/2007,CAE,SC,ASO,ES,Combined TRACON& Tower with Radar,47,142,56,2,247,0,9,38,0,47,47,151,94,2,294,88,0,88,382
11/29/2007,CAE,SC,ASO,ES,Combined TRACON& Tower with Radar,51,150,76,3,280,0,5,35,3,43,51,155,111,6,323,116,0,116,439
11/30/2007,CAE,SC,ASO,ES,Combined TRACON& Tower with Radar,33,150,49,7,239,0,0,49,0,49,33,150,98,7,288,93,10,103,391
12/01/2007,CAE,SC,ASO,ES,Combined TRACON& Tower with Radar,21,81,27,3,132,0,5,48,0,53,21,86,75,3,185,131,4,135,320
12/02/2007,CAE,SC,ASO,ES,Combined TRACON& Tower with Radar,3,76,52,1,132,0,1,27,4,32,3,77,79,5,164,116,4,120,284
12/03/2007,CAE,SC,ASO,ES,Combined TRACON& Tower with Radar,5,122,34,2,163,0,2,8,4,14,5,124,42,6,177,26,0,26,203
12/04/2007,CAE,SC,ASO,ES,Combined TRACON& Tower with Radar,52,153,52,1,258,0,7,30,3,40,52,160,82,4,298,107,0,107,405
12/05/2007,CAE,SC,ASO,ES,Combined TRACON& Tower with Radar,49,153,38,2,242,0,7,27,6,40,49,160,65,8,282,32,5,37,319
12/06/2007,CAE,SC,ASO,ES,Combined TRACON& Tower with Radar,48,142,53,12,255,0,7,45,0,52,48,149,98,12,307,52,34,86,393
12/07/2007,CAE,SC,ASO,ES,Combined TRACON& Tower with Radar,32,140,66,2,240,0,3,17,0,20,32,143,83,2,260,63,0,63,323
12/08/2007,CAE,SC,ASO,ES,Combined TRACON& Tower with Radar,11,87,40,0,138,0,0,42,0,42,11,87,82,0,180,100,0,100,280
12/09/2007,CAE,SC,ASO,ES,Combined TRACON& Tower with Radar,4,80,19,6,109,0,0,36,1,37,4,80,55,7,146,86,0,86,232
12/10/2007,CAE,SC,ASO,ES,Combined TRACON& Tower with Radar,4,128,44,1,177,0,5,46,0,51,4,133,90,1,228,54,0,54,282
12/11/2007,CAE,SC,ASO,ES,Combined TRACON& Tower with Radar,50,143,44,2,239,0,2,48,0,50,50,145,92,2,289,30,0,30,319
12/12/2007,CAE,SC,ASO,ES,Combined TRACON& Tower with Radar,49,149,49,4,251,0,1,24,3,28,49,150,73,7,279,64,8,72,351
12/13/2007,CAE,SC,ASO,ES,Combined TRACON& Tower with Radar,54,151,49,12,266,0,0,23,0,23,54,151,72,12,289,52,18,70,359
12/14/2007,CAE,SC,ASO,ES,Combined TRACON& Tower with Radar,32,155,69,14,270,0,10,32,0,42,32,165,101,14,312,92,0,92,404
12/15/2007,CAE,SC,ASO,ES,Combined TRACON& Tower with Radar,10,92,25,0,127,0,0,2,0,2,10,92,27,0,129,105,0,105,234
12/16/2007,CAE,SC,ASO,ES,Combined TRACON& Tower with Radar,5,79,14,0,98,0,0,0,3,3,5,79,14,3,101,0,0,0,101
12/17/2007,CAE,SC,ASO,ES,Combined TRACON& Tower with Radar,14,124,34,5,177,0,0,25,1,26,14,124,59,6,203,33,6,39,242
12/18/2007,CAE,SC,ASO,ES,Combined TRACON& Tower with Radar,67,157,50,4,278,0,15,23,1,39,67,172,73,5,317,43,2,45,362
12/19/2007,CAE,SC,ASO,ES,Combined TRACON& Tower with Radar,72,166,50,7,295,0,9,30,1,40,72,175,80,8,335,59,0,59,394
12/20/2007,CAE,SC,ASO,ES,Combined TRACON& Tower with Radar,71,175,43,2,291,0,8,18,0,26,71,183,61,2,317,84,0,84,401
12/21/2007,CAE,SC,ASO,ES,Combined TRACON& Tower with Radar,63,148,34,8,253,0,0,0,0,0,63,148,34,8,253,2,6,8,261
12/22/2007,CAE,SC,ASO,ES,Combined TRACON& Tower with Radar,16,111,27,0,154,0,0,16,0,16,16,111,43,0,170,70,0,70,240
12/23/2007,CAE,SC,ASO,ES,Combined TRACON& Tower with Radar,3,84,13,10,110,0,0,2,0,2,3,84,15,10,112,6,0,6,118
12/24/2007,CAE,SC,ASO,ES,Combined TRACON& Tower with Radar,8,111,26,0,145,0,3,33,0,36,8,114,59,0,181,132,0,132,313
12/25/2007,CAE,SC,ASO,ES,Combined TRACON& Tower with Radar,3,72,10,2,87,0,1,5,0,6,3,73,15,2,93,6,0,6,99
12/26/2007,CAE,SC,ASO,ES,Combined TRACON& Tower with Radar,12,132,37,6,187,0,0,16,0,16,12,132,53,6,203,91,10,101,304
12/27/2007,CAE,SC,ASO,ES,Combined TRACON& Tower with Radar,36,138,55,4,233,0,0,30,0,30,36,138,85,4,263,46,2,48,311
12/28/2007,CAE,SC,ASO,ES,Combined TRACON& Tower with Radar,37,139,40,0,216,0,0,7,0,7,37,139,47,0,223,28,0,28,251
12/29/2007,CAE,SC,ASO,ES,Combined TRACON& Tower with Radar,16,107,24,2,149,0,0,2,0,2,16,107,26,2,151,0,0,0,151
12/30/2007,CAE,SC,ASO,ES,Combined TRACON& Tower with Radar,1,91,14,0,106,0,0,0,0,0,1,91,14,0,106,0,0,0,106
12/31/2007,CAE,SC,ASO,ES,Combined TRACON& Tower with Radar,4,110,19,0,133,0,3,38,0,41,4,113,57,0,174,38,0,38,212
01/01/2008,CAE,SC,ASO,ES,Combined TRACON& Tower with Radar,5,85,14,0,104,0,1,8,0,9,5,86,22,0,113,14,0,14,127
01/02/2008,CAE,SC,ASO,ES,Combined TRACON& Tower with Radar,10,125,24,2,161,0,1,18,0,19,10,126,42,2,180,22,0,22,202
01/03/2008,CAE,SC,ASO,ES,Combined TRACON& Tower with Radar,37,149,38,4,228,0,8,26,2,36,37,157,64,6,264,58,0,58,322
01/04/2008,CAE,SC,ASO,ES,Combined TRACON& Tower with Radar,28,134,40,2,204,0,4,37,0,41,28,138,77,2,245,84,2,86,331
01/05/2008,CAE,SC,ASO,ES,Combined TRACON& Tower with Radar,16,87,30,2,135,0,3,53,0,56,16,90,83,2,191,92,7,99,290
01/06/2008,CAE,SC,ASO,ES,Combined TRACON& Tower with Radar,8,74,21,3,106,0,0,47,0,47,8,74,68,3,153,46,0,46,199
01/07/2008,CAE,SC,ASO,ES,Combined TRACON& Tower with Radar,4,120,41,10,175,0,3,27,0,30,4,123,68,10,205,42,8,50,255
01/08/2008,CAE,SC,ASO,ES,Combined TRACON& Tower with Radar,35,150,40,15,240,0,1,26,6,33,35,151,66,21,273,60,10,70,343
01/09/2008,CAE,SC,ASO,ES,Combined TRACON& Tower with Radar,43,139,43,5,230,0,3,5,0,8,43,142,48,5,238,97,0,97,335
01/10/2008,CAE,SC,ASO,ES,Combined TRACON& Tower with Radar,41,149,50,7,247,0,1,15,2,18,41,150,65,9,265,22,8,30,295
01/11/2008,CAE,SC,ASO,ES,Combined TRACON& Tower with Radar,23,145,37,4,209,0,6,8,0,14,23,151,45,4,223,68,0,68,291
01/12/2008,CAE,SC,ASO,ES,Combined TRACON& Tower with Radar,11,95,29,3,138,0,5,67,0,72,11,100,96,3,210,137,2,139,349
01/13/2008,CAE,SC,ASO,ES,Combined TRACON& Tower with Radar,2,101,53,25,181,0,0,10,2,12,2,101,63,27,193,86,36,122,315
01/14/2008,CAE,SC,ASO,ES,Combined TRACON& Tower with Radar,4,129,36,7,176,0,5,33,0,38,4,134,69,7,214,52,6,58,272
01/15/2008,CAE,SC,ASO,ES,Combined TRACON& Tower with Radar,38,149,45,7,239,0,12,25,5,42,38,161,70,12,281,30,16,46,327
01/16/2008,CAE,SC,ASO,ES,Combined TRACON& Tower with Radar,44,144,69,4,261,0,3,31,0,34,44,147,100,4,295,42,0,42,337
01/17/2008,CAE,SC,ASO,ES,Combined TRACON& Tower with Radar,43,133,41,14,231,0,0,0,0,0,43,133,41,14,231,4,16,20,251
01/18/2008,CAE,SC,ASO,ES,Combined TRACON& Tower with Radar,23,137,55,6,221,0,1,8,1,10,23,138,63,7,231,31,0,31,262
01/19/2008,CAE,SC,ASO,ES,Combined TRACON& Tower with Radar,10,86,11,1,108,0,0,0,0,0,10,86,11,1,108,20,0,20,128
01/20/2008,CAE,SC,ASO,ES,Combined TRACON& Tower with Radar,4,75,27,2,108,0,2,42,0,44,4,77,69,2,152,69,8,77,229
01/21/2008,CAE,SC,ASO,ES,Combined TRACON& Tower with Radar,10,107,51,2,170,0,2,36,0,38,10,109,87,2,208,43,4,47,255
01/22/2008,CAE,SC,ASO,ES,Combined TRACON& Tower with Radar,32,135,57,8,232,0,1,10,0,11,32,136,67,8,243,54,0,54,297
01/23/2008,CAE,SC,ASO,ES,Combined TRACON& Tower with Radar,36,138,43,15,232,0,0,1,0,1,36,138,44,15,233,79,6,85,318
01/24/2008,CAE,SC,ASO,ES,Combined TRACON& Tower with Radar,37,142,58,1,238,0,5,34,2,41,37,147,92,3,279,38,0,38,317
01/25/2008,CAE,SC,ASO,ES,Combined TRACON& Tower with Radar,32,139,47,5,223,0,2,40,0,42,32,141,87,5,265,18,0,18,283
01/26/2008,CAE,SC,ASO,ES,Combined TRACON& Tower with Radar,9,92,33,0,134,0,6,35,1,42,9,98,68,1,176,63,0,63,239
01/27/2008,CAE,SC,ASO,ES,Combined TRACON& Tower with Radar,7,74,34,1,116,0,6,35,0,41,7,80,69,1,157,81,6,87,244
01/28/2008,CAE,SC,ASO,ES,Combined TRACON& Tower with Radar,5,117,32,5,159,0,3,28,2,33,5,120,60,7,192,14,0,14,206
01/29/2008,CAE,SC,ASO,ES,Combined TRACON& Tower with Radar,37,141,25,18,221,0,6,33,0,39,37,147,58,18,260,63,4,67,327
01/30/2008,CAE,SC,ASO,ES,Combined TRACON& Tower with Radar,42,140,55,10,247,0,3,22,3,28,42,143,77,13,275,28,24,52,327
01/31/2008,CAE,SC,ASO,ES,Combined TRACON& Tower with Radar,34,155,45,17,251,0,3,22,5,30,34,158,67,22,281,110,4,114,395
02/01/2008,CAE,SC,ASO,ES,Combined TRACON& Tower with Radar,28,127,28,11,194,0,2,10,0,12,28,129,38,11,206,40,6,46,252
02/02/2008,CAE,SC,ASO,ES,Combined TRACON& Tower with Radar,7,80,34,0,121,0,9,55,0,64,7,89,89,0,185,66,0,66,251
02/03/2008,CAE,SC,ASO,ES,Combined TRACON& Tower with Radar,2,76,34,1,113,0,0,54,0,54,2,76,88,1,167,103,0,103,270
02/04/2008,CAE,SC,ASO,ES,Combined TRACON& Tower with Radar,4,121,40,7,172,0,0,16,0,16,4,121,56,7,188,28,30,58,246
02/05/2008,CAE,SC,ASO,ES,Combined TRACON& Tower with Radar,42,131,54,5,232,0,0,19,0,19,42,131,73,5,251,34,22,56,307
02/06/2008,CAE,SC,ASO,ES,Combined TRACON& Tower with Radar,47,139,29,2,217,0,1,4,0,5,47,140,33,2,222,6,0,6,228
02/07/2008,CAE,SC,ASO,ES,Combined TRACON& Tower with Radar,35,149,60,6,250,0,5,36,0,41,35,154,96,6,291,65,0,65,356
02/08/2008,CAE,SC,ASO,ES,Combined TRACON& Tower with Radar,24,155,57,2,238,0,8,49,9,66,24,163,106,11,304,46,6,52,356
02/09/2008,CAE,SC,ASO,ES,Combined TRACON& Tower with Radar,14,86,16,2,118,0,1,35,0,36,14,87,51,2,154,18,0,18,172
02/10/2008,CAE,SC,ASO,ES,Combined TRACON& Tower with Radar,7,69,19,0,95,0,0,30,0,30,7,69,49,0,125,32,0,32,157
02/11/2008,CAE,SC,ASO,ES,Combined TRACON& Tower with Radar,5,130,58,14,207,0,1,38,0,39,5,131,96,14,246,18,22,40,286
02/12/2008,CAE,SC,ASO,ES,Combined TRACON& Tower with Radar,37,121,58,4,220,0,4,9,0,13,37,125,67,4,233,20,0,20,253
02/13/2008,CAE,SC,ASO,ES,Combined TRACON& Tower with Radar,42,133,41,4,220,0,0,5,2,7,42,133,46,6,227,80,6,86,313
02/14/2008,CAE,SC,ASO,ES,Combined TRACON& Tower with Radar,36,150,62,2,250,0,6,43,0,49,36,156,105,2,299,8,0,8,307
02/15/2008,CAE,SC,ASO,ES,Combined TRACON& Tower with Radar,23,137,44,7,211,0,7,35,1,43,23,144,79,8,254,20,10,30,284
02/16/2008,CAE,SC,ASO,ES,Combined TRACON& Tower with Radar,14,85,24,2,125,0,2,24,0,26,14,87,48,2,151,19,0,19,170
02/17/2008,CAE,SC,ASO,ES,Combined TRACON& Tower with Radar,18,76,31,0,125,0,1,6,0,7,18,77,37,0,132,0,0,0,132
02/18/2008,CAE,SC,ASO,ES,Combined TRACON& Tower with Radar,5,107,29,4,145,0,5,16,0,21,5,112,45,4,166,38,0,38,204
02/19/2008,CAE,SC,ASO,ES,Combined TRACON& Tower with Radar,31,134,46,0,211,0,11,23,0,34,31,145,69,0,245,20,0,20,265
02/20/2008,CAE,SC,ASO,ES,Combined TRACON& Tower with Radar,35,140,60,9,244,0,8,38,2,48,35,148,98,11,292,19,4,23,315
02/21/2008,CAE,SC,ASO,ES,Combined TRACON& Tower with Radar,38,139,50,12,239,0,7,26,1,34,38,146,76,13,273,18,42,60,333
02/22/2008,CAE,SC,ASO,ES,Combined TRACON& Tower with Radar,27,128,24,0,179,0,0,0,0,0,27,128,24,0,179,6,0,6,185
02/23/2008,CAE,SC,ASO,ES,Combined TRACON& Tower with Radar,13,81,26,0,120,0,0,13,0,13,13,81,39,0,133,10,0,10,143
02/24/2008,CAE,SC,ASO,ES,Combined TRACON& Tower with Radar,4,89,32,0,125,0,0,0,0,0,4,89,32,0,125,27,0,27,152
02/25/2008,CAE,SC,ASO,ES,Combined TRACON& Tower with Radar,6,119,55,10,190,0,1,20,0,21,6,120,75,10,211,14,6,20,231
02/26/2008,CAE,SC,ASO,ES,Combined TRACON& Tower with Radar,35,144,33,0,212,0,0,3,0,3,35,144,36,0,215,38,0,38,253
02/27/2008,CAE,SC,ASO,ES,Combined TRACON& Tower with Radar,42,146,47,8,243,0,3,10,0,13,42,149,57,8,256,2,26,28,284
02/28/2008,CAE,SC,ASO,ES,Combined TRACON& Tower with Radar,39,145,49,8,241,0,4,40,0,44,39,149,89,8,285,52,6,58,343
02/29/2008,CAE,SC,ASO,ES,Combined TRACON& Tower with Radar,21,141,34,8,204,0,9,44,0,53,21,150,78,8,257,30,6,36,293
03/01/2008,CAE,SC,ASO,ES,Combined TRACON& Tower with Radar,12,97,36,3,148,0,3,28,1,32,12,100,64,4,180,30,0,30,210
03/02/2008,CAE,SC,ASO,ES,Combined TRACON& Tower with Radar,4,85,36,6,131,0,3,60,0,63,4,88,96,6,194,20,0,20,214
03/03/2008,CAE,SC,ASO,ES,Combined TRACON& Tower with Radar,8,111,23,18,160,0,4,21,0,25,8,115,44,18,185,6,3,9,194
03/04/2008,CAE,SC,ASO,ES,Combined TRACON& Tower with Radar,39,130,35,2,206,0,1,0,0,1,39,131,35,2,207,4,0,4,211
03/05/2008,CAE,SC,ASO,ES,Combined TRACON& Tower with Radar,38,151,45,4,238,0,11,23,3,37,38,162,68,7,275,24,18,42,317
03/06/2008,CAE,SC,ASO,ES,Combined TRACON& Tower with Radar,39,145,59,2,245,0,14,42,1,57,39,159,101,3,302,21,0,21,323
03/07/2008,CAE,SC,ASO,ES,Combined TRACON& Tower with Radar,19,151,22,2,194,0,0,5,0,5,19,151,27,2,199,0,2,2,201
03/08/2008,CAE,SC,ASO,ES,Combined TRACON& Tower with Radar,16,100,30,1,147,0,0,6,0,6,16,100,36,1,153,12,0,12,165
03/09/2008,CAE,SC,ASO,ES,Combined TRACON& Tower with Radar,4,80,29,1,114,0,0,44,0,44,4,80,73,1,158,69,0,69,227
03/10/2008,CAE,SC,ASO,ES,Combined TRACON& Tower with Radar,6,131,40,4,181,0,3,48,1,52,6,134,88,5,233,28,0,28,261
03/11/2008,CAE,SC,ASO,ES,Combined TRACON& Tower with Radar,41,146,40,11,238,0,4,17,0,21,41,150,57,11,259,24,2,26,285
03/12/2008,CAE,SC,ASO,ES,Combined TRACON& Tower with Radar,42,150,41,4,237,0,6,40,0,46,42,156,81,4,283,12,0,12,295
03/13/2008,CAE,SC,ASO,ES,Combined TRACON& Tower with Radar,39,154,46,4,243,0,6,43,0,49,39,160,89,4,292,35,0,35,327
03/14/2008,CAE,SC,ASO,ES,Combined TRACON& Tower with Radar,24,142,38,18,222,0,5,19,3,27,24,147,57,21,249,4,10,14,263
03/15/2008,CAE,SC,ASO,ES,Combined TRACON& Tower with Radar,10,101,6,2,119,0,0,0,0,0,10,101,6,2,119,0,0,0,119
03/16/2008,CAE,SC,ASO,ES,Combined TRACON& Tower with Radar,6,81,34,3,124,0,3,32,2,37,6,84,66,5,161,10,0,10,171
03/17/2008,CAE,SC,ASO,ES,Combined TRACON& Tower with Radar,9,138,38,3,188,0,1,13,0,14,9,139,51,3,202,12,0,12,214
03/18/2008,CAE,SC,ASO,ES,Combined TRACON& Tower with Radar,54,116,42,10,222,0,2,27,2,31,54,118,69,12,253,52,0,52,305
03/19/2008,CAE,SC,ASO,ES,Combined TRACON& Tower with Radar,37,134,36,2,209,0,5,1,0,6,37,139,37,2,215,4,0,4,219
03/20/2008,CAE,SC,ASO,ES,Combined TRACON& Tower with Radar,42,141,75,10,268,0,8,29,1,38,42,149,104,11,306,36,4,40,346
03/21/2008,CAE,SC,ASO,ES,Combined TRACON& Tower with Radar,22,132,38,6,198,0,5,52,1,58,22,137,90,7,256,14,0,14,270
03/22/2008,CAE,SC,ASO,ES,Combined TRACON& Tower with Radar,11,88,20,4,123,0,2,31,0,33,11,90,51,4,156,41,0,41,197
03/23/2008,CAE,SC,ASO,ES,Combined TRACON& Tower with Radar,5,78,21,2,106,0,0,8,0,8,5,78,29,2,114,2,0,2,116
03/24/2008,CAE,SC,ASO,ES,Combined TRACON& Tower with Radar,4,127,48,2,181,0,5,18,0,23,4,132,66,2,204,12,2,14,218
03/25/2008,CAE,SC,ASO,ES,Combined TRACON& Tower with Radar,46,141,61,8,256,0,6,40,0,46,46,147,101,8,302,6,4,10,312
03/26/2008,CAE,SC,ASO,ES,Combined TRACON& Tower with Radar,35,158,53,2,248,0,6,30,0,36,35,164,83,2,284,2,0,2,286
03/27/2008,CAE,SC,ASO,ES,Combined TRACON& Tower with Radar,50,146,50,2,248,0,7,52,0,59,50,153,102,2,307,16,0,16,323
03/28/2008,CAE,SC,ASO,ES,Combined TRACON& Tower with Radar,25,152,37,5,219,0,7,32,4,43,25,159,69,9,262,4,0,4,266
03/29/2008,CAE,SC,ASO,ES,Combined TRACON& Tower with Radar,12,98,50,1,161,0,9,35,1,45,12,107,85,2,206,14,0,14,220
03/30/2008,CAE,SC,ASO,ES,Combined TRACON& Tower with Radar,5,93,16,0,114,0,0,2,2,4,5,93,18,2,118,2,0,2,120
03/31/2008,CAE,SC,ASO,ES,Combined TRACON& Tower with Radar,5,130,45,20,200,0,0,1,0,1,5,130,46,20,201,2,18,20,221
04/01/2008,CAE,SC,ASO,ES,Combined TRACON& Tower with Radar,37,140,25,2,204,0,2,3,2,7,37,142,28,4,211,27,0,27,238
04/02/2008,CAE,SC,ASO,ES,Combined TRACON& Tower with Radar,41,148,55,8,252,0,2,19,2,23,41,150,74,10,275,27,14,41,316
04/03/2008,CAE,SC,ASO,ES,Combined TRACON& Tower with Radar,40,153,43,0,236,0,3,1,0,4,40,156,44,0,240,10,0,10,250
04/04/2008,CAE,SC,ASO,ES,Combined TRACON& Tower with Radar,25,152,35,4,216,0,3,7,0,10,25,155,42,4,226,8,2,10,236
04/05/2008,CAE,SC,ASO,ES,Combined TRACON& Tower with Radar,18,100,19,1,138,0,0,0,1,1,18,100,19,2,139,2,0,2,141
04/06/2008,CAE,SC,ASO,ES,Combined TRACON& Tower with Radar,2,102,47,0,151,0,2,24,0,26,2,104,71,0,177,47,0,47,224
04/07/2008,CAE,SC,ASO,ES,Combined TRACON& Tower with Radar,5,136,70,4,215,0,0,16,0,16,5,136,86,4,231,10,2,12,243
04/08/2008,CAE,SC,ASO,ES,Combined TRACON& Tower with Radar,38,145,101,7,291,0,7,37,0,44,38,152,138,7,335,26,8,34,369
04/09/2008,CAE,SC,ASO,ES,Combined TRACON& Tower with Radar,40,153,85,12,290,0,5,38,1,44,40,158,123,13,334,12,20,32,366
04/10/2008,CAE,SC,ASO,ES,Combined TRACON& Tower with Radar,38,134,86,4,262,0,7,45,4,56,38,141,131,8,318,28,0,28,346
04/11/2008,CAE,SC,ASO,ES,Combined TRACON& Tower with Radar,34,136,53,8,231,0,0,40,6,46,34,136,93,14,277,34,6,40,317
04/12/2008,CAE,SC,ASO,ES,Combined TRACON& Tower with Radar,11,95,30,4,140,0,0,14,0,14,11,95,44,4,154,18,0,18,172
04/13/2008,CAE,SC,ASO,ES,Combined TRACON& Tower with Radar,5,89,33,0,127,0,1,11,4,16,5,90,44,4,143,32,0,32,175
04/14/2008,CAE,SC,ASO,ES,Combined TRACON& Tower with Radar,5,123,43,6,177,0,4,18,0,22,5,127,61,6,199,0,20,20,219
04/16/2008,CAE,SC,ASO,ES,Combined TRACON& Tower with Radar,38,139,54,2,233,0,6,46,0,52,38,145,100,2,285,20,0,20,305
04/17/2008,CAE,SC,ASO,ES,Combined TRACON& Tower with Radar,37,140,57,2,236,0,6,46,0,52,37,146,103,2,288,38,2,40,328
04/18/2008,CAE,SC,ASO,ES,Combined TRACON& Tower with Radar,23,138,60,7,228,0,0,40,0,40,23,138,100,7,268,34,3,37,305
04/19/2008,CAE,SC,ASO,ES,Combined TRACON& Tower with Radar,9,89,16,0,114,0,1,10,0,11,9,90,26,0,125,14,0,14,139
04/20/2008,CAE,SC,ASO,ES,Combined TRACON& Tower with Radar,3,87,32,0,122,0,2,28,1,31,3,89,60,1,153,42,0,42,195
04/21/2008,CAE,SC,ASO,ES,Combined TRACON& Tower with Radar,5,125,41,20,191,0,0,20,3,23,5,125,61,23,214,11,16,27,241
04/22/2008,CAE,SC,ASO,ES,Combined TRACON& Tower with Radar,38,137,44,7,226,0,4,15,0,19,38,141,59,7,245,32,4,36,281
04/23/2008,CAE,SC,ASO,ES,Combined TRACON& Tower with Radar,38,144,55,4,241,0,4,9,2,15,38,148,64,6,256,8,0,8,264
04/24/2008,CAE,SC,ASO,ES,Combined TRACON& Tower with Radar,41,153,54,18,266,0,7,43,3,53,41,160,97,21,319,17,15,32,351
04/25/2008,CAE,SC,ASO,ES,Combined TRACON& Tower with Radar,24,138,57,1,220,0,5,26,1,32,24,143,83,2,252,22,0,22,274
04/26/2008,CAE,SC,ASO,ES,Combined TRACON& Tower with Radar,9,91,15,1,116,0,16,15,1,32,9,107,30,2,148,28,0,28,176
04/27/2008,CAE,SC,ASO,ES,Combined TRACON& Tower with Radar,1,88,34,2,125,0,0,5,0,5,1,88,39,2,130,12,0,12,142
04/28/2008,CAE,SC,ASO,ES,Combined TRACON& Tower with Radar,10,115,31,8,164,0,2,4,0,6,10,117,35,8,170,8,0,8,178
04/29/2008,CAE,SC,ASO,ES,Combined TRACON& Tower with Radar,35,151,41,5,232,0,4,25,0,29,35,155,66,5,261,24,12,36,297
04/30/2008,CAE,SC,ASO,ES,Combined TRACON& Tower with Radar,39,145,39,11,234,0,0,34,0,34,39,145,73,11,268,32,16,48,316
05/01/2008,CAE,SC,ASO,ES,Combined TRACON& Tower with Radar,39,139,59,4,241,0,4,37,1,42,39,143,96,5,283,58,2,60,343
05/02/2008,CAE,SC,ASO,ES,Combined TRACON& Tower with Radar,24,127,55,8,214,0,3,28,7,38,24,130,83,15,252,52,2,54,306
05/03/2008,CAE,SC,ASO,ES,Combined TRACON& Tower with Radar,11,91,17,6,125,0,3,14,0,17,11,94,31,6,142,21,0,21,163
05/04/2008,CAE,SC,ASO,ES,Combined TRACON& Tower with Radar,6,82,37,3,128,0,0,31,0,31,6,82,68,3,159,28,0,28,187
05/05/2008,CAE,SC,ASO,ES,Combined TRACON& Tower with Radar,7,124,41,6,178,0,1,24,6,31,7,125,65,12,209,10,0,10,219
05/06/2008,CAE,SC,ASO,ES,Combined TRACON& Tower with Radar,44,132,46,4,226,0,5,19,3,27,44,137,65,7,253,10,0,10,263
05/07/2008,CAE,SC,ASO,ES,Combined TRACON& Tower with Radar,40,134,56,6,236,0,1,29,0,30,40,135,85,6,266,38,0,38,304
05/08/2008,CAE,SC,ASO,ES,Combined TRACON& Tower with Radar,39,136,52,5,232,0,1,10,2,13,39,137,62,7,245,19,0,19,264
05/09/2008,CAE,SC,ASO,ES,Combined TRACON& Tower with Radar,24,138,52,0,214,0,3,21,0,24,24,141,73,0,238,10,0,10,248
05/10/2008,CAE,SC,ASO,ES,Combined TRACON& Tower with Radar,14,94,25,1,134,0,0,13,0,13,14,94,38,1,147,36,0,36,183
05/11/2008,CAE,SC,ASO,ES,Combined TRACON& Tower with Radar,3,83,10,1,97,0,0,5,0,5,3,83,15,1,102,24,0,24,126
05/12/2008,CAE,SC,ASO,ES,Combined TRACON& Tower with Radar,5,118,33,21,177,0,1,10,0,11,5,119,43,21,188,19,40,59,247
05/13/2008,CAE,SC,ASO,ES,Combined TRACON& Tower with Radar,37,131,35,13,216,0,11,33,0,44,37,142,68,13,260,14,2,16,276
05/14/2008,CAE,SC,ASO,ES,Combined TRACON& Tower with Radar,37,139,57,9,242,0,6,37,0,43,37,145,94,9,285,16,0,16,301
05/15/2008,CAE,SC,ASO,ES,Combined TRACON& Tower with Radar,39,134,39,4,216,0,4,9,0,13,39,138,48,4,229,2,0,2,231
05/16/2008,CAE,SC,ASO,ES,Combined TRACON& Tower with Radar,24,133,31,2,190,0,2,5,4,11,24,135,36,6,201,0,0,0,201
05/17/2008,CAE,SC,ASO,ES,Combined TRACON& Tower with Radar,12,101,22,0,135,0,3,47,2,52,12,104,69,2,187,21,2,23,210
05/18/2008,CAE,SC,ASO,ES,Combined TRACON& Tower with Radar,3,79,27,1,110,0,1,17,0,18,3,80,44,1,128,10,0,10,138
05/19/2008,CAE,SC,ASO,ES,Combined TRACON& Tower with Radar,5,126,42,3,176,0,2,33,0,35,5,128,75,3,211,20,0,20,231
05/20/2008,CAE,SC,ASO,ES,Combined TRACON& Tower with Radar,39,133,26,6,204,0,3,8,0,11,39,136,34,6,215,0,2,2,217
05/21/2008,CAE,SC,ASO,ES,Combined TRACON& Tower with Radar,43,141,51,2,237,0,6,20,2,28,43,147,71,4,265,18,0,18,283
05/22/2008,CAE,SC,ASO,ES,Combined TRACON& Tower with Radar,42,144,41,0,227,0,6,56,0,62,42,150,97,0,289,26,0,26,315
05/23/2008,CAE,SC,ASO,ES,Combined TRACON& Tower with Radar,27,132,30,6,195,0,2,34,0,36,27,134,64,6,231,62,0,62,293
05/24/2008,CAE,SC,ASO,ES,Combined TRACON& Tower with Radar,13,90,14,5,122,0,0,9,0,9,13,90,23,5,131,16,14,30,161
05/25/2008,CAE,SC,ASO,ES,Combined TRACON& Tower with Radar,7,60,13,1,81,0,2,27,0,29,7,62,40,1,110,18,0,18,128
05/26/2008,CAE,SC,ASO,ES,Combined TRACON& Tower with Radar,3,92,16,0,111,0,0,31,1,32,3,92,47,1,143,16,0,16,159
05/27/2008,CAE,SC,ASO,ES,Combined TRACON& Tower with Radar,6,126,23,1,156,0,5,62,2,69,6,131,85,3,225,8,0,8,233
05/28/2008,CAE,SC,ASO,ES,Combined TRACON& Tower with Radar,41,173,51,27,292,0,6,17,1,24,41,179,68,28,316,21,50,71,387
05/29/2008,CAE,SC,ASO,ES,Combined TRACON& Tower with Radar,41,149,54,7,251,0,1,9,0,10,41,150,63,7,261,0,8,8,269
05/30/2008,CAE,SC,ASO,ES,Combined TRACON& Tower with Radar,31,141,40,3,215,0,4,19,0,23,31,145,59,3,238,20,1,21,259
05/31/2008,CAE,SC,ASO,ES,Combined TRACON& Tower with Radar,26,78,14,3,121,0,0,11,0,11,26,78,25,3,132,4,2,6,138
06/01/2008,CAE,SC,ASO,ES,Combined TRACON& Tower with Radar,6,76,23,6,111,0,2,16,1,19,6,78,39,7,130,4,4,8,138
06/02/2008,CAE,SC,ASO,ES,Combined TRACON& Tower with Radar,10,116,38,4,168,0,6,26,0,32,10,122,64,4,200,34,0,34,234
06/03/2008,CAE,SC,ASO,ES,Combined TRACON& Tower with Radar,49,144,41,7,241,0,5,22,3,30,49,149,63,10,271,52,4,56,327
06/04/2008,CAE,SC,ASO,ES,Combined TRACON& Tower with Radar,47,129,32,5,213,0,13,30,2,45,47,142,62,7,258,18,6,24,282
06/05/2008,CAE,SC,ASO,ES,Combined TRACON& Tower with Radar,59,144,50,2,255,0,9,46,3,58,59,153,96,5,313,13,0,13,326
06/06/2008,CAE,SC,ASO,ES,Combined TRACON& Tower with Radar,30,130,57,2,219,0,4,34,4,42,30,134,91,6,261,20,4,24,285
06/07/2008,CAE,SC,ASO,ES,Combined TRACON& Tower with Radar,43,94,17,0,154,0,4,37,0,41,43,98,54,0,195,36,0,36,231
06/08/2008,CAE,SC,ASO,ES,Combined TRACON& Tower with Radar,19,84,21,4,128,0,1,27,2,30,19,85,48,6,158,24,0,24,182
06/09/2008,CAE,SC,ASO,ES,Combined TRACON& Tower with Radar,18,119,25,2,164,0,3,17,0,20,18,122,42,2,184,18,0,18,202
06/10/2008,CAE,SC,ASO,ES,Combined TRACON& Tower with Radar,44,138,34,8,224,0,6,16,0,22,44,144,50,8,246,8,0,8,254
06/11/2008,CAE,SC,ASO,ES,Combined TRACON& Tower with Radar,54,137,39,2,232,0,11,15,0,26,54,148,54,2,258,16,0,16,274
06/12/2008,CAE,SC,ASO,ES,Combined TRACON& Tower with Radar,46,140,35,8,229,0,8,11,2,21,46,148,46,10,250,53,0,53,303
06/13/2008,CAE,SC,ASO,ES,Combined TRACON& Tower with Radar,32,131,46,3,212,0,8,27,3,38,32,139,73,6,250,56,2,58,308
06/14/2008,CAE,SC,ASO,ES,Combined TRACON& Tower with Radar,22,97,16,4,139,0,2,33,0,35,22,99,49,4,174,30,0,30,204
06/15/2008,CAE,SC,ASO,ES,Combined TRACON& Tower with Radar,10,80,22,3,115,0,1,18,0,19,10,81,40,3,134,65,0,65,199
06/16/2008,CAE,SC,ASO,ES,Combined TRACON& Tower with Radar,9,113,21,3,146,0,3,27,0,30,9,116,48,3,176,58,8,66,242
06/17/2008,CAE,SC,ASO,ES,Combined TRACON& Tower with Radar,37,134,41,6,218,0,6,29,1,36,37,140,70,7,254,15,22,37,291
06/18/2008,CAE,SC,ASO,ES,Combined TRACON& Tower with Radar,37,134,51,20,242,0,5,54,1,60,37,139,105,21,302,55,10,65,367
06/19/2008,CAE,SC,ASO,ES,Combined TRACON& Tower with Radar,42,125,54,12,233,0,8,56,1,65,42,133,110,13,298,46,0,46,344
06/20/2008,CAE,SC,ASO,ES,Combined TRACON& Tower with Radar,25,133,35,2,195,0,5,33,3,41,25,138,68,5,236,32,2,34,270
06/21/2008,CAE,SC,ASO,ES,Combined TRACON& Tower with Radar,14,92,15,3,124,0,0,18,0,18,14,92,33,3,142,4,0,4,146
06/22/2008,CAE,SC,ASO,ES,Combined TRACON& Tower with Radar,12,86,23,0,121,0,0,14,0,14,12,86,37,0,135,5,0,5,140
06/23/2008,CAE,SC,ASO,ES,Combined TRACON& Tower with Radar,12,113,33,2,160,0,1,14,0,15,12,114,47,2,175,8,0,8,183
06/24/2008,CAE,SC,ASO,ES,Combined TRACON& Tower with Radar,38,140,43,4,225,0,3,41,6,50,38,143,84,10,275,25,0,25,300
06/25/2008,CAE,SC,ASO,ES,Combined TRACON& Tower with Radar,33,136,45,5,219,0,7,23,4,34,33,143,68,9,253,46,0,46,299
06/26/2008,CAE,SC,ASO,ES,Combined TRACON& Tower with Radar,34,139,44,3,220,0,1,20,0,21,34,140,64,3,241,2,0,2,243
06/27/2008,CAE,SC,ASO,ES,Combined TRACON& Tower with Radar,13,119,55,6,193,0,0,20,2,22,13,119,75,8,215,22,0,22,237
06/28/2008,CAE,SC,ASO,ES,Combined TRACON& Tower with Radar,12,94,20,5,131,0,3,31,0,34,12,97,51,5,165,6,0,6,171
06/29/2008,CAE,SC,ASO,ES,Combined TRACON& Tower with Radar,13,79,31,0,123,0,5,24,0,29,13,84,55,0,152,16,0,16,168
06/30/2008,CAE,SC,ASO,ES,Combined TRACON& Tower with Radar,10,118,25,7,160,0,4,15,0,19,10,122,40,7,179,8,0,8,187
07/01/2008,CAE,SC,ASO,ES,Combined TRACON& Tower with Radar,38,136,59,0,233,0,7,38,2,47,38,143,97,2,280,14,0,14,294
07/02/2008,CAE,SC,ASO,ES,Combined TRACON& Tower with Radar,39,129,30,0,198,0,4,38,2,44,39,133,68,2,242,42,0,42,284
07/03/2008,CAE,SC,ASO,ES,Combined TRACON& Tower with Radar,24,130,33,3,190,0,2,24,0,26,24,132,57,3,216,30,2,32,248
07/04/2008,CAE,SC,ASO,ES,Combined TRACON& Tower with Radar,9,77,9,0,95,0,0,23,0,23,9,77,32,0,118,4,0,4,122
07/05/2008,CAE,SC,ASO,ES,Combined TRACON& Tower with Radar,17,79,14,2,112,0,4,27,0,31,17,83,41,2,143,44,0,44,187
07/06/2008,CAE,SC,ASO,ES,Combined TRACON& Tower with Radar,20,80,29,1,130,0,1,13,0,14,20,81,42,1,144,20,0,20,164
07/07/2008,CAE,SC,ASO,ES,Combined TRACON& Tower with Radar,10,114,34,2,160,0,4,7,0,11,10,118,41,2,171,0,0,0,171
07/08/2008,CAE,SC,ASO,ES,Combined TRACON& Tower with Radar,48,141,42,7,238,0,4,20,0,24,48,145,62,7,262,24,4,28,290
07/09/2008,CAE,SC,ASO,ES,Combined TRACON& Tower with Radar,50,146,48,2,246,0,5,31,1,37,50,151,79,3,283,8,0,8,291
07/10/2008,CAE,SC,ASO,ES,Combined TRACON& Tower with Radar,42,149,36,2,229,0,5,26,2,33,42,154,62,4,262,20,0,20,282
07/11/2008,CAE,SC,ASO,ES,Combined TRACON& Tower with Radar,24,136,47,12,219,0,4,22,4,30,24,140,69,16,249,34,0,34,283
07/12/2008,CAE,SC,ASO,ES,Combined TRACON& Tower with Radar,15,996,9,0,1020,0,4,23,2,29,15,1000,32,2,1049,10,0,10,1059
07/13/2008,CAE,SC,ASO,ES,Combined TRACON& Tower with Radar,7,91,26,2,126,0,2,16,0,18,7,93,42,2,144,34,0,34,178
07/14/2008,CAE,SC,ASO,ES,Combined TRACON& Tower with Radar,7,124,38,2,171,0,0,17,0,17,7,124,55,2,188,36,0,36,224
07/15/2008,CAE,SC,ASO,ES,Combined TRACON& Tower with Radar,38,135,36,12,221,0,2,30,2,34,38,137,66,14,255,21,8,29,284
07/16/2008,CAE,SC,ASO,ES,Combined TRACON& Tower with Radar,39,130,45,1,215,0,3,40,2,45,39,133,85,3,260,40,6,46,306
07/17/2008,CAE,SC,ASO,ES,Combined TRACON& Tower with Radar,38,133,26,2,199,0,4,23,4,31,38,137,49,6,230,28,2,30,260
07/18/2008,CAE,SC,ASO,ES,Combined TRACON& Tower with Radar,27,125,28,0,180,0,0,21,0,21,27,125,49,0,201,3,0,3,204
07/19/2008,CAE,SC,ASO,ES,Combined TRACON& Tower with Radar,14,118,20,0,152,2,16,25,0,43,16,134,45,0,195,22,0,22,217
07/20/2008,CAE,SC,ASO,ES,Combined TRACON& Tower with Radar,10,85,14,3,112,0,3,21,0,24,10,88,35,3,136,32,0,32,168
07/21/2008,CAE,SC,ASO,ES,Combined TRACON& Tower with Radar,9,114,18,4,145,0,3,14,1,18,9,117,32,5,163,2,4,6,169
07/22/2008,CAE,SC,ASO,ES,Combined TRACON& Tower with Radar,53,134,36,7,230,0,5,16,0,21,53,139,52,7,251,6,4,10,261
07/23/2008,CAE,SC,ASO,ES,Combined TRACON& Tower with Radar,44,133,37,6,220,0,3,20,2,25,44,136,57,8,245,4,2,6,251
07/24/2008,CAE,SC,ASO,ES,Combined TRACON& Tower with Radar,42,129,47,6,224,0,3,29,1,33,42,132,76,7,257,12,0,12,269
07/25/2008,CAE,SC,ASO,ES,Combined TRACON& Tower with Radar,29,133,40,2,204,0,1,11,0,12,29,134,51,2,216,0,0,0,216
07/26/2008,CAE,SC,ASO,ES,Combined TRACON& Tower with Radar,18,93,20,4,135,0,1,18,0,19,18,94,38,4,154,18,0,18,172
07/27/2008,CAE,SC,ASO,ES,Combined TRACON& Tower with Radar,9,84,28,0,121,0,1,22,0,23,9,85,50,0,144,80,0,80,224
07/28/2008,CAE,SC,ASO,ES,Combined TRACON& Tower with Radar,9,119,31,8,167,0,1,16,0,17,9,120,47,8,184,10,4,14,198
07/29/2008,CAE,SC,ASO,ES,Combined TRACON& Tower with Radar,35,138,37,3,213,0,1,12,3,16,35,139,49,6,229,10,2,12,241
07/30/2008,CAE,SC,ASO,ES,Combined TRACON& Tower with Radar,39,141,33,4,217,0,3,30,0,33,39,144,63,4,250,20,0,20,270
07/31/2008,CAE,SC,ASO,ES,Combined TRACON& Tower with Radar,46,141,32,4,223,0,1,14,2,17,46,142,46,6,240,12,4,16,256
08/01/2008,CAE,SC,ASO,ES,Combined TRACON& Tower with Radar,26,131,26,4,187,0,0,19,0,19,26,131,45,4,206,9,0,9,215
08/02/2008,CAE,SC,ASO,ES,Combined TRACON& Tower with Radar,13,97,7,2,119,0,1,23,2,26,13,98,30,4,145,10,2,12,157
08/03/2008,CAE,SC,ASO,ES,Combined TRACON& Tower with Radar,8,93,14,4,119,0,0,14,0,14,8,93,28,4,133,30,0,30,163
08/04/2008,CAE,SC,ASO,ES,Combined TRACON& Tower with Radar,8,118,43,9,178,0,1,18,0,19,8,119,61,9,197,8,0,8,205
08/05/2008,CAE,SC,ASO,ES,Combined TRACON& Tower with Radar,37,123,40,8,208,0,5,12,3,20,37,128,52,11,228,18,4,22,250
08/06/2008,CAE,SC,ASO,ES,Combined TRACON& Tower with Radar,34,141,22,2,199,0,3,20,2,25,34,144,42,4,224,7,0,7,231
08/07/2008,CAE,SC,ASO,ES,Combined TRACON& Tower with Radar,37,148,52,1,238,0,3,13,2,18,37,151,65,3,256,18,0,18,274
08/08/2008,CAE,SC,ASO,ES,Combined TRACON& Tower with Radar,23,140,32,3,198,0,2,23,0,25,23,142,55,3,223,12,0,12,235
08/09/2008,CAE,SC,ASO,ES,Combined TRACON& Tower with Radar,13,91,27,2,133,0,1,32,2,35,13,92,59,4,168,36,1,37,205
08/10/2008,CAE,SC,ASO,ES,Combined TRACON& Tower with Radar,7,88,27,0,122,0,0,23,0,23,7,88,50,0,145,30,0,30,175
08/11/2008,CAE,SC,ASO,ES,Combined TRACON& Tower with Radar,5,131,33,2,171,0,6,26,2,34,5,137,59,4,205,36,0,36,241
08/12/2008,CAE,SC,ASO,ES,Combined TRACON& Tower with Radar,39,134,41,2,216,0,6,31,2,39,39,140,72,4,255,11,18,29,284
08/13/2008,CAE,SC,ASO,ES,Combined TRACON& Tower with Radar,37,145,34,2,218,0,0,0,0,0,37,145,34,2,218,12,0,12,230
08/14/2008,CAE,SC,ASO,ES,Combined TRACON& Tower with Radar,42,138,40,14,234,0,8,20,1,29,42,146,60,15,263,54,2,56,319
08/15/2008,CAE,SC,ASO,ES,Combined TRACON& Tower with Radar,25,122,34,4,185,0,8,6,4,18,25,130,40,8,203,14,4,18,221
08/16/2008,CAE,SC,ASO,ES,Combined TRACON& Tower with Radar,16,95,26,6,143,0,0,6,0,6,16,95,32,6,149,0,10,10,159
08/17/2008,CAE,SC,ASO,ES,Combined TRACON& Tower with Radar,7,83,20,6,116,0,0,9,1,10,7,83,29,7,126,31,0,31,157
08/18/2008,CAE,SC,ASO,ES,Combined TRACON& Tower with Radar,9,119,45,16,189,0,0,12,0,12,9,119,57,16,201,14,18,32,233
08/19/2008,CAE,SC,ASO,ES,Combined TRACON& Tower with Radar,26,130,35,6,197,0,6,24,2,32,26,136,59,8,229,24,0,24,253
08/20/2008,CAE,SC,ASO,ES,Combined TRACON& Tower with Radar,34,134,30,11,209,0,3,24,0,27,34,137,54,11,236,2,4,6,242
08/21/2008,CAE,SC,ASO,ES,Combined TRACON& Tower with Radar,37,143,33,9,222,0,5,3,0,8,37,148,36,9,230,2,6,8,238
08/22/2008,CAE,SC,ASO,ES,Combined TRACON& Tower with Radar,24,126,26,2,178,0,1,1,0,2,24,127,27,2,180,2,10,12,192
08/23/2008,CAE,SC,ASO,ES,Combined TRACON& Tower with Radar,11,97,17,2,127,0,3,20,0,23,11,100,37,2,150,12,0,12,162
08/24/2008,CAE,SC,ASO,ES,Combined TRACON& Tower with Radar,6,79,21,19,125,0,3,24,0,27,6,82,45,19,152,26,0,26,178
08/25/2008,CAE,SC,ASO,ES,Combined TRACON& Tower with Radar,8,121,28,17,174,0,0,0,0,0,8,121,28,17,174,0,0,0,174
08/26/2008,CAE,SC,ASO,ES,Combined TRACON& Tower with Radar,35,140,38,15,228,0,0,4,0,4,35,140,42,15,232,6,0,6,238
08/27/2008,CAE,SC,ASO,ES,Combined TRACON& Tower with Radar,38,143,38,3,222,0,4,9,0,13,38,147,47,3,235,8,0,8,243
08/28/2008,CAE,SC,ASO,ES,Combined TRACON& Tower with Radar,36,143,44,6,229,0,8,15,3,26,36,151,59,9,255,28,0,28,283
08/29/2008,CAE,SC,ASO,ES,Combined TRACON& Tower with Radar,25,131,46,4,206,0,1,29,2,32,25,132,75,6,238,0,2,2,240
08/30/2008,CAE,SC,ASO,ES,Combined TRACON& Tower with Radar,10,87,17,0,114,0,2,4,0,6,10,89,21,0,120,0,0,0,120
08/31/2008,CAE,SC,ASO,ES,Combined TRACON& Tower with Radar,2,74,12,0,88,0,2,8,1,11,2,76,20,1,99,5,0,5,104
09/01/2008,CAE,SC,ASO,ES,Combined TRACON& Tower with Radar,5,81,29,0,115,0,2,12,1,15,5,83,41,1,130,5,0,5,135
09/02/2008,CAE,SC,ASO,ES,Combined TRACON& Tower with Radar,11,127,21,1,160,0,2,42,0,44,11,129,63,1,204,24,0,24,228
09/03/2008,CAE,SC,ASO,ES,Combined TRACON& Tower with Radar,45,124,31,9,209,0,12,17,3,32,45,136,48,12,241,16,10,26,267
09/04/2008,CAE,SC,ASO,ES,Combined TRACON& Tower with Radar,36,138,24,11,209,0,2,34,5,41,36,140,58,16,250,13,6,19,269
09/05/2008,CAE,SC,ASO,ES,Combined TRACON& Tower with Radar,24,133,21,1,179,0,2,7,0,9,24,135,28,1,188,6,0,6,194
09/06/2008,CAE,SC,ASO,ES,Combined TRACON& Tower with Radar,12,58,9,2,81,0,5,13,0,18,12,63,22,2,99,6,0,6,105
09/07/2008,CAE,SC,ASO,ES,Combined TRACON& Tower with Radar,4,94,12,1,111,0,0,18,0,18,4,94,30,1,129,26,0,26,155
09/08/2008,CAE,SC,ASO,ES,Combined TRACON& Tower with Radar,3,131,65,10,209,0,7,39,0,46,3,138,104,10,255,4,12,16,271
09/09/2008,CAE,SC,ASO,ES,Combined TRACON& Tower with Radar,37,126,43,0,206,0,2,3,0,5,37,128,46,0,211,6,0,6,217
09/10/2008,CAE,SC,ASO,ES,Combined TRACON& Tower with Radar,36,135,31,2,204,0,0,1,0,1,36,135,32,2,205,20,0,20,225
09/11/2008,CAE,SC,ASO,ES,Combined TRACON& Tower with Radar,38,140,47,3,228,0,0,1,0,1,38,140,48,3,229,0,0,0,229
09/12/2008,CAE,SC,ASO,ES,Combined TRACON& Tower with Radar,22,136,54,1,213,0,1,9,3,13,22,137,63,4,226,6,0,6,232
09/13/2008,CAE,SC,ASO,ES,Combined TRACON& Tower with Radar,11,83,21,0,115,0,0,20,2,22,11,83,41,2,137,8,0,8,145
09/14/2008,CAE,SC,ASO,ES,Combined TRACON& Tower with Radar,7,85,24,3,119,0,2,13,1,16,7,87,37,4,135,77,0,77,212
09/15/2008,CAE,SC,ASO,ES,Combined TRACON& Tower with Radar,4,123,17,1,145,0,0,21,0,21,4,123,38,1,166,8,0,8,174
09/16/2008,CAE,SC,ASO,ES,Combined TRACON& Tower with Radar,35,144,33,32,244,0,2,4,3,9,35,146,37,35,253,8,22,30,283
09/17/2008,CAE,SC,ASO,ES,Combined TRACON& Tower with Radar,44,133,27,2,206,0,0,7,0,7,44,133,34,2,213,18,0,18,231
09/18/2008,CAE,SC,ASO,ES,Combined TRACON& Tower with Radar,36,137,27,1,201,0,13,42,2,57,36,150,69,3,258,46,0,46,304
09/19/2008,CAE,SC,ASO,ES,Combined TRACON& Tower with Radar,24,134,23,4,185,0,3,32,0,35,24,137,55,4,220,6,0,6,226
09/20/2008,CAE,SC,ASO,ES,Combined TRACON& Tower with Radar,3,15,34,10,62,0,4,24,2,30,3,19,58,12,92,0,0,0,92
09/21/2008,CAE,SC,ASO,ES,Combined TRACON& Tower with Radar,6,82,34,2,124,0,1,26,2,29,6,83,60,4,153,44,0,44,197
09/22/2008,CAE,SC,ASO,ES,Combined TRACON& Tower with Radar,8,128,44,1,181,0,4,19,0,23,8,132,63,1,204,24,0,24,228
09/23/2008,CAE,SC,ASO,ES,Combined TRACON& Tower with Radar,42,125,33,12,212,0,4,31,2,37,42,129,64,14,249,4,16,20,269
09/24/2008,CAE,SC,ASO,ES,Combined TRACON& Tower with Radar,42,124,48,4,218,0,4,21,0,25,42,128,69,4,243,8,1,9,252
09/25/2008,CAE,SC,ASO,ES,Combined TRACON& Tower with Radar,37,130,37,3,207,0,0,5,0,5,37,130,42,3,212,2,11,13,225
09/26/2008,CAE,SC,ASO,ES,Combined TRACON& Tower with Radar,25,134,48,3,210,0,0,1,0,1,25,134,49,3,211,0,0,0,211
09/27/2008,CAE,SC,ASO,ES,Combined TRACON& Tower with Radar,11,75,31,5,122,0,1,10,0,11,11,76,41,5,133,12,0,12,145
09/28/2008,CAE,SC,ASO,ES,Combined TRACON& Tower with Radar,4,82,28,1,115,0,2,27,0,29,4,84,55,1,144,2,0,2,146
09/29/2008,CAE,SC,ASO,ES,Combined TRACON& Tower with Radar,5,132,24,0,161,0,2,12,0,14,5,134,36,0,175,24,0,24,199
09/30/2008,CAE,SC,ASO,ES,Combined TRACON& Tower with Radar,41,131,34,0,206,0,2,11,1,14,41,133,45,1,220,6,0,6,226
10/01/2008,CAE,SC,ASO,ES,Combined TRACON& Tower with Radar,39,119,36,11,205,0,0,22,0,22,39,119,58,11,227,12,4,16,243
10/02/2008,CAE,SC,ASO,ES,Combined TRACON& Tower with Radar,33,149,33,1,216,0,3,21,0,24,33,152,54,1,240,18,8,26,266
10/03/2008,CAE,SC,ASO,ES,Combined TRACON& Tower with Radar,28,139,45,0,212,0,3,30,0,33,28,142,75,0,245,15,0,15,260
10/04/2008,CAE,SC,ASO,ES,Combined TRACON& Tower with Radar,10,82,10,0,102,0,3,27,0,30,10,85,37,0,132,4,0,4,136
10/05/2008,CAE,SC,ASO,ES,Combined TRACON& Tower with Radar,9,91,25,3,128,0,0,33,0,33,9,91,58,3,161,52,0,52,213
10/06/2008,CAE,SC,ASO,ES,Combined TRACON& Tower with Radar,8,121,28,0,157,0,0,14,0,14,8,121,42,0,171,37,0,37,208
10/07/2008,CAE,SC,ASO,ES,Combined TRACON& Tower with Radar,34,137,44,1,216,0,6,14,2,22,34,143,58,3,238,18,0,18,256
10/08/2008,CAE,SC,ASO,ES,Combined TRACON& Tower with Radar,36,134,51,1,222,0,1,5,0,6,36,135,56,1,228,3,3,6,234
10/09/2008,CAE,SC,ASO,ES,Combined TRACON& Tower with Radar,38,143,57,4,242,0,0,2,0,2,38,143,59,4,244,4,0,4,248
10/10/2008,CAE,SC,ASO,ES,Combined TRACON& Tower with Radar,25,143,40,2,210,0,2,15,0,17,25,145,55,2,227,6,0,6,233
10/11/2008,CAE,SC,ASO,ES,Combined TRACON& Tower with Radar,10,83,15,1,109,0,0,3,0,3,10,83,18,1,112,2,0,2,114
10/12/2008,CAE,SC,ASO,ES,Combined TRACON& Tower with Radar,10,80,24,1,115,0,0,5,0,5,10,80,29,1,120,0,0,0,120
10/13/2008,CAE,SC,ASO,ES,Combined TRACON& Tower with Radar,3,115,38,0,156,0,4,24,0,28,3,119,62,0,184,6,0,6,190
10/14/2008,CAE,SC,ASO,ES,Combined TRACON& Tower with Radar,41,122,33,0,196,0,1,44,0,45,41,123,77,0,241,36,0,36,277
10/15/2008,CAE,SC,ASO,ES,Combined TRACON& Tower with Radar,38,130,35,1,204,0,3,31,4,38,38,133,66,5,242,12,0,12,254
10/16/2008,CAE,SC,ASO,ES,Combined TRACON& Tower with Radar,41,140,34,15,230,0,1,22,1,24,41,141,56,16,254,16,0,16,270
10/17/2008,CAE,SC,ASO,ES,Combined TRACON& Tower with Radar,32,133,34,2,201,0,1,16,1,18,32,134,50,3,219,2,0,2,221
10/18/2008,CAE,SC,ASO,ES,Combined TRACON& Tower with Radar,16,81,25,2,124,0,0,4,0,4,16,81,29,2,128,0,0,0,128
10/19/2008,CAE,SC,ASO,ES,Combined TRACON& Tower with Radar,12,98,28,2,140,0,1,31,0,32,12,99,59,2,172,20,0,20,192
10/20/2008,CAE,SC,ASO,ES,Combined TRACON& Tower with Radar,5,130,29,4,168,0,5,17,0,22,5,135,46,4,190,18,9,27,217
10/21/2008,CAE,SC,ASO,ES,Combined TRACON& Tower with Radar,40,125,39,6,210,0,4,27,3,34,40,129,66,9,244,10,2,12,256
10/22/2008,CAE,SC,ASO,ES,Combined TRACON& Tower with Radar,37,134,32,2,205,0,6,25,0,31,37,140,57,2,236,19,0,19,255
10/23/2008,CAE,SC,ASO,ES,Combined TRACON& Tower with Radar,35,134,41,2,212,0,3,26,1,30,35,137,67,3,242,38,0,38,280
10/24/2008,CAE,SC,ASO,ES,Combined TRACON& Tower with Radar,17,138,38,2,195,0,0,1,0,1,17,138,39,2,196,6,0,6,202
10/25/2008,CAE,SC,ASO,ES,Combined TRACON& Tower with Radar,13,82,23,2,120,0,1,2,0,3,13,83,25,2,123,10,0,10,133
10/26/2008,CAE,SC,ASO,ES,Combined TRACON& Tower with Radar,8,87,30,6,131,0,6,24,2,32,8,93,54,8,163,12,0,12,175
10/27/2008,CAE,SC,ASO,ES,Combined TRACON& Tower with Radar,3,122,43,3,171,0,3,17,4,24,3,125,60,7,195,0,0,0,195
10/28/2008,CAE,SC,ASO,ES,Combined TRACON& Tower with Radar,38,125,39,10,212,0,1,19,1,21,38,126,58,11,233,4,14,18,251
10/29/2008,CAE,SC,ASO,ES,Combined TRACON& Tower with Radar,40,136,49,3,228,0,1,37,2,40,40,137,86,5,268,32,0,32,300
10/30/2008,CAE,SC,ASO,ES,Combined TRACON& Tower with Radar,33,141,48,3,225,0,2,27,3,32,33,143,75,6,257,16,0,16,273
10/31/2008,CAE,SC,ASO,ES,Combined TRACON& Tower with Radar,31,130,29,5,195,0,6,20,0,26,31,136,49,5,221,8,0,8,229
11/01/2008,CAE,SC,ASO,ES,Combined TRACON& Tower with Radar,15,78,21,0,114,0,4,21,0,25,15,82,42,0,139,6,0,6,145
11/02/2008,CAE,SC,ASO,ES,Combined TRACON& Tower with Radar,5,94,44,1,144,0,0,26,0,26,5,94,70,1,170,2,0,2,172
11/03/2008,CAE,SC,ASO,ES,Combined TRACON& Tower with Radar,6,113,40,9,168,0,1,2,0,3,6,114,42,9,171,8,6,14,185
11/04/2008,CAE,SC,ASO,ES,Combined TRACON& Tower with Radar,44,121,25,7,197,0,0,3,0,3,44,121,28,7,200,0,6,6,206
11/05/2008,CAE,SC,ASO,ES,Combined TRACON& Tower with Radar,40,126,29,3,198,0,0,15,0,15,40,126,44,3,213,13,2,15,228
11/06/2008,CAE,SC,ASO,ES,Combined TRACON& Tower with Radar,38,129,48,4,219,0,5,28,1,34,38,134,76,5,253,20,7,27,280
11/07/2008,CAE,SC,ASO,ES,Combined TRACON& Tower with Radar,25,133,28,5,191,0,3,25,1,29,25,136,53,6,220,40,0,40,260
11/08/2008,CAE,SC,ASO,ES,Combined TRACON& Tower with Radar,10,78,17,4,109,0,0,7,0,7,10,78,24,4,116,2,0,2,118
11/09/2008,CAE,SC,ASO,ES,Combined TRACON& Tower with Radar,6,80,20,4,110,0,2,27,0,29,6,82,47,4,139,16,2,18,157
11/10/2008,CAE,SC,ASO,ES,Combined TRACON& Tower with Radar,6,115,20,5,146,0,1,19,1,21,6,116,39,6,167,28,0,28,195
11/11/2008,CAE,SC,ASO,ES,Combined TRACON& Tower with Radar,40,108,24,5,177,0,4,24,0,28,40,112,48,5,205,4,0,4,209
11/12/2008,CAE,SC,ASO,ES,Combined TRACON& Tower with Radar,37,123,33,10,203,0,1,17,0,18,37,124,50,10,221,16,0,16,237
11/13/2008,CAE,SC,ASO,ES,Combined TRACON& Tower with Radar,36,124,40,2,202,0,0,0,0,0,36,124,40,2,202,2,0,2,204
11/14/2008,CAE,SC,ASO,ES,Combined TRACON& Tower with Radar,25,125,24,1,175,0,0,0,0,0,25,125,24,1,175,0,0,0,175
11/15/2008,CAE,SC,ASO,ES,Combined TRACON& Tower with Radar,22,92,16,2,132,0,1,3,0,4,22,93,19,2,136,16,0,16,152
11/16/2008,CAE,SC,ASO,ES,Combined TRACON& Tower with Radar,8,88,20,2,118,0,4,21,0,25,8,92,41,2,143,14,0,14,157
11/17/2008,CAE,SC,ASO,ES,Combined TRACON& Tower with Radar,9,115,27,2,153,0,2,26,0,28,9,117,53,2,181,10,0,10,191
11/18/2008,CAE,SC,ASO,ES,Combined TRACON& Tower with Radar,40,125,37,8,210,0,4,14,1,19,40,129,51,9,229,16,8,24,253
11/19/2008,CAE,SC,ASO,ES,Combined TRACON& Tower with Radar,35,132,55,2,224,0,3,22,5,30,35,135,77,7,254,10,0,10,264
11/20/2008,CAE,SC,ASO,ES,Combined TRACON& Tower with Radar,37,134,43,3,217,0,10,25,3,38,37,144,68,6,255,12,0,12,267
11/21/2008,CAE,SC,ASO,ES,Combined TRACON& Tower with Radar,27,126,27,0,180,0,0,23,4,27,27,126,50,4,207,4,0,4,211
11/22/2008,CAE,SC,ASO,ES,Combined TRACON& Tower with Radar,12,77,29,0,118,0,1,33,0,34,12,78,62,0,152,16,2,18,170
11/23/2008,CAE,SC,ASO,ES,Combined TRACON& Tower with Radar,5,82,24,0,111,0,4,26,0,30,5,86,50,0,141,2,0,2,143
11/24/2008,CAE,SC,ASO,ES,Combined TRACON& Tower with Radar,7,111,26,5,149,0,1,20,0,21,7,112,46,5,170,0,0,0,170
11/25/2008,CAE,SC,ASO,ES,Combined TRACON& Tower with Radar,46,136,23,0,205,0,4,30,0,34,46,140,53,0,239,26,0,26,265
11/26/2008,CAE,SC,ASO,ES,Combined TRACON& Tower with Radar,46,130,35,0,211,0,1,38,0,39,46,131,73,0,250,6,0,6,256
11/27/2008,CAE,SC,ASO,ES,Combined TRACON& Tower with Radar,11,61,9,0,81,0,0,11,2,13,11,61,20,2,94,0,0,0,94
11/28/2008,CAE,SC,ASO,ES,Combined TRACON& Tower with Radar,9,86,20,0,115,0,2,14,0,16,9,88,34,0,131,35,0,35,166
11/29/2008,CAE,SC,ASO,ES,Combined TRACON& Tower with Radar,11,80,23,0,114,0,0,0,0,0,11,80,23,0,114,0,0,0,114
11/30/2008,CAE,SC,ASO,ES,Combined TRACON& Tower with Radar,4,93,41,0,138,0,0,0,0,0,4,93,41,0,138,2,0,2,140
12/01/2008,CAE,SC,ASO,ES,Combined TRACON& Tower with Radar,4,120,39,9,172,0,2,16,5,23,4,122,55,14,195,4,0,4,199
12/02/2008,CAE,SC,ASO,ES,Combined TRACON& Tower with Radar,41,139,38,9,227,0,4,31,6,41,41,143,69,15,268,10,6,16,284
12/03/2008,CAE,SC,ASO,ES,Combined TRACON& Tower with Radar,50,137,31,4,222,0,3,24,0,27,50,140,55,4,249,32,2,34,283
12/04/2008,CAE,SC,ASO,ES,Combined TRACON& Tower with Radar,42,128,43,3,216,0,9,13,2,24,42,137,56,5,240,21,0,21,261
12/05/2008,CAE,SC,ASO,ES,Combined TRACON& Tower with Radar,27,130,38,4,199,0,4,6,2,12,27,134,44,6,211,16,0,16,227
12/06/2008,CAE,SC,ASO,ES,Combined TRACON& Tower with Radar,10,86,16,1,113,0,0,9,0,9,10,86,25,1,122,2,0,2,124
12/07/2008,CAE,SC,ASO,ES,Combined TRACON& Tower with Radar,5,78,27,0,110,0,1,18,0,19,5,79,45,0,129,48,6,54,183
12/08/2008,CAE,SC,ASO,ES,Combined TRACON& Tower with Radar,5,111,21,3,140,0,8,16,7,31,5,119,37,10,171,8,0,8,179
12/09/2008,CAE,SC,ASO,ES,Combined TRACON& Tower with Radar,47,119,24,12,202,0,2,6,0,8,47,121,30,12,210,18,11,29,239
12/10/2008,CAE,SC,ASO,ES,Combined TRACON& Tower with Radar,46,129,21,3,199,0,0,0,0,0,46,129,21,3,199,0,0,0,199
12/11/2008,CAE,SC,ASO,ES,Combined TRACON& Tower with Radar,41,131,22,2,196,0,0,0,0,0,41,131,22,2,196,0,0,0,196
12/12/2008,CAE,SC,ASO,ES,Combined TRACON& Tower with Radar,29,119,35,0,183,0,2,23,0,25,29,121,58,0,208,6,0,6,214
12/13/2008,CAE,SC,ASO,ES,Combined TRACON& Tower with Radar,10,77,26,1,114,0,1,51,0,52,10,78,77,1,166,8,0,8,174
12/14/2008,CAE,SC,ASO,ES,Combined TRACON& Tower with Radar,7,77,32,0,116,0,0,8,0,8,7,77,40,0,124,38,0,38,162
12/15/2008,CAE,SC,ASO,ES,Combined TRACON& Tower with Radar,6,118,23,6,153,0,2,11,2,15,6,120,34,8,168,1,2,3,171
12/16/2008,CAE,SC,ASO,ES,Combined TRACON& Tower with Radar,65,120,39,8,232,0,4,2,5,11,65,124,41,13,243,2,8,10,253
12/17/2008,CAE,SC,ASO,ES,Combined TRACON& Tower with Radar,39,162,53,9,263,0,1,2,2,5,39,163,55,11,268,30,0,30,298
12/18/2008,CAE,SC,ASO,ES,Combined TRACON& Tower with Radar,67,142,51,7,267,0,4,23,2,29,67,146,74,9,296,16,2,18,314
12/19/2008,CAE,SC,ASO,ES,Combined TRACON& Tower with Radar,66,149,36,16,267,0,4,11,0,15,66,153,47,16,282,20,2,22,304
12/20/2008,CAE,SC,ASO,ES,Combined TRACON& Tower with Radar,12,86,25,2,125,0,0,3,1,4,12,86,28,3,129,24,0,24,153
12/21/2008,CAE,SC,ASO,ES,Combined TRACON& Tower with Radar,5,81,15,3,104,0,0,2,0,2,5,81,17,3,106,6,2,8,114
12/22/2008,CAE,SC,ASO,ES,Combined TRACON& Tower with Radar,6,110,16,0,132,0,1,19,2,22,6,111,35,2,154,6,0,6,160
12/23/2008,CAE,SC,ASO,ES,Combined TRACON& Tower with Radar,72,134,30,10,246,0,3,28,0,31,72,137,58,10,277,18,6,24,301
12/24/2008,CAE,SC,ASO,ES,Combined TRACON& Tower with Radar,59,138,9,0,206,0,3,15,0,18,59,141,24,0,224,4,0,4,228
12/25/2008,CAE,SC,ASO,ES,Combined TRACON& Tower with Radar,5,73,3,0,81,0,0,1,0,1,5,73,4,0,82,0,0,0,82
12/26/2008,CAE,SC,ASO,ES,Combined TRACON& Tower with Radar,12,105,34,0,151,0,0,0,0,0,12,105,34,0,151,2,0,2,153
12/27/2008,CAE,SC,ASO,ES,Combined TRACON& Tower with Radar,5,75,14,0,94,0,0,0,0,0,5,75,14,0,94,0,0,0,94
12/28/2008,CAE,SC,ASO,ES,Combined TRACON& Tower with Radar,7,84,17,0,108,0,0,6,0,6,7,84,23,0,114,2,0,2,116
12/29/2008,CAE,SC,ASO,ES,Combined TRACON& Tower with Radar,2,123,35,2,162,0,1,21,0,22,2,124,56,2,184,10,2,12,196
12/30/2008,CAE,SC,ASO,ES,Combined TRACON& Tower with Radar,41,117,36,0,194,0,3,33,2,38,41,120,69,2,232,21,0,21,253
12/31/2008,CAE,SC,ASO,ES,Combined TRACON& Tower with Radar,35,108,8,0,151,0,3,8,0,11,35,111,16,0,162,0,0,0,162
01/01/2009,CAE,SC,ASO,ES,Combined TRACON& Tower with Radar,12,82,5,0,99,0,1,21,0,22,12,83,26,0,121,6,0,6,127
01/02/2009,CAE,SC,ASO,ES,Combined TRACON& Tower with Radar,11,126,13,0,150,0,5,2,0,7,11,131,15,0,157,20,0,20,177
01/03/2009,CAE,SC,ASO,ES,Combined TRACON& Tower with Radar,6,94,27,0,127,0,0,0,0,0,6,94,27,0,127,16,0,16,143
01/04/2009,CAE,SC,ASO,ES,Combined TRACON& Tower with Radar,6,77,8,0,91,0,0,0,0,0,6,77,8,0,91,0,0,0,91
01/05/2009,CAE,SC,ASO,ES,Combined TRACON& Tower with Radar,6,101,29,10,146,0,0,18,4,22,6,101,47,14,168,54,2,56,224
01/06/2009,CAE,SC,ASO,ES,Combined TRACON& Tower with Radar,41,123,34,23,221,0,1,11,2,14,41,124,45,25,235,21,64,85,320
01/07/2009,CAE,SC,ASO,ES,Combined TRACON& Tower with Radar,33,137,25,5,200,0,1,2,0,3,33,138,27,5,203,4,0,4,207
01/08/2009,CAE,SC,ASO,ES,Combined TRACON& Tower with Radar,34,126,39,2,201,0,11,10,12,33,34,137,49,14,234,6,0,6,240
01/09/2009,CAE,SC,ASO,ES,Combined TRACON& Tower with Radar,18,121,39,7,185,0,12,23,0,35,18,133,62,7,220,2,4,6,226
01/10/2009,CAE,SC,ASO,ES,Combined TRACON& Tower with Radar,9,86,26,0,121,0,1,29,0,30,9,87,55,0,151,8,0,8,159
01/11/2009,CAE,SC,ASO,ES,Combined TRACON& Tower with Radar,4,85,33,7,129,0,1,26,0,27,4,86,59,7,156,52,26,78,234
01/12/2009,CAE,SC,ASO,ES,Combined TRACON& Tower with Radar,3,115,16,1,135,0,1,28,6,35,3,116,44,7,170,32,0,32,202
01/13/2009,CAE,SC,ASO,ES,Combined TRACON& Tower with Radar,32,126,26,14,198,0,1,16,3,20,32,127,42,17,218,16,18,34,252
01/14/2009,CAE,SC,ASO,ES,Combined TRACON& Tower with Radar,32,125,41,2,200,0,2,27,0,29,32,127,68,2,229,16,0,16,245
01/15/2009,CAE,SC,ASO,ES,Combined TRACON& Tower with Radar,33,124,46,20,223,0,3,27,0,30,33,127,73,20,253,30,14,44,297
01/16/2009,CAE,SC,ASO,ES,Combined TRACON& Tower with Radar,20,126,17,4,167,0,2,11,0,13,20,128,28,4,180,10,0,10,190
01/17/2009,CAE,SC,ASO,ES,Combined TRACON& Tower with Radar,5,79,17,0,101,0,2,34,2,38,5,81,51,2,139,0,2,2,141
01/18/2009,CAE,SC,ASO,ES,Combined TRACON& Tower with Radar,5,86,16,0,107,0,0,1,0,1,5,86,17,0,108,4,6,10,118
01/19/2009,CAE,SC,ASO,ES,Combined TRACON& Tower with Radar,3,106,22,13,144,0,0,15,1,16,3,106,37,14,160,7,0,7,167
01/20/2009,CAE,SC,ASO,ES,Combined TRACON& Tower with Radar,24,122,11,2,159,0,0,3,0,3,24,122,14,2,162,0,0,0,162
01/21/2009,CAE,SC,ASO,ES,Combined TRACON& Tower with Radar,41,137,28,8,214,0,5,32,0,37,41,142,60,8,251,12,0,12,263
01/22/2009,CAE,SC,ASO,ES,Combined TRACON& Tower with Radar,45,131,36,1,213,0,11,40,0,51,45,142,76,1,264,20,0,20,284
01/23/2009,CAE,SC,ASO,ES,Combined TRACON& Tower with Radar,17,128,41,5,191,0,7,21,2,30,17,135,62,7,221,6,0,6,227
01/24/2009,CAE,SC,ASO,ES,Combined TRACON& Tower with Radar,6,83,8,11,108,0,0,1,0,1,6,83,9,11,109,0,10,10,119
01/25/2009,CAE,SC,ASO,ES,Combined TRACON& Tower with Radar,4,80,14,1,99,0,0,7,0,7,4,80,21,1,106,20,0,20,126
01/26/2009,CAE,SC,ASO,ES,Combined TRACON& Tower with Radar,2,115,35,6,158,0,0,0,0,0,2,115,35,6,158,0,0,0,158
01/27/2009,CAE,SC,ASO,ES,Combined TRACON& Tower with Radar,28,120,29,2,179,0,0,0,0,0,28,120,29,2,179,2,0,2,181
01/28/2009,CAE,SC,ASO,ES,Combined TRACON& Tower with Radar,34,122,45,30,231,0,0,0,1,1,34,122,45,31,232,2,18,20,252
01/29/2009,CAE,SC,ASO,ES,Combined TRACON& Tower with Radar,29,129,49,2,209,0,5,45,6,56,29,134,94,8,265,34,0,34,299
01/30/2009,CAE,SC,ASO,ES,Combined TRACON& Tower with Radar,19,131,41,3,194,0,5,15,6,26,19,136,56,9,220,54,0,54,274
01/31/2009,CAE,SC,ASO,ES,Combined TRACON& Tower with Radar,13,78,26,1,118,0,3,39,2,44,13,81,65,3,162,37,0,37,199
02/01/2009,CAE,SC,ASO,ES,Combined TRACON& Tower with Radar,3,90,32,1,126,0,0,28,1,29,3,90,60,2,155,114,0,114,269
02/02/2009,CAE,SC,ASO,ES,Combined TRACON& Tower with Radar,9,110,34,0,153,0,0,21,0,21,9,110,55,0,174,34,0,34,208
02/03/2009,CAE,SC,ASO,ES,Combined TRACON& Tower with Radar,32,116,21,2,171,0,6,14,0,20,32,122,35,2,191,8,0,8,199
02/04/2009,CAE,SC,ASO,ES,Combined TRACON& Tower with Radar,32,133,48,3,216,0,1,22,1,24,32,134,70,4,240,2,0,2,242
02/05/2009,CAE,SC,ASO,ES,Combined TRACON& Tower with Radar,26,131,46,4,207,0,4,31,0,35,26,135,77,4,242,42,0,42,284
02/06/2009,CAE,SC,ASO,ES,Combined TRACON& Tower with Radar,15,123,35,5,178,0,1,27,2,30,15,124,62,7,208,11,0,11,219
02/07/2009,CAE,SC,ASO,ES,Combined TRACON& Tower with Radar,9,69,27,0,105,0,0,25,0,25,9,69,52,0,130,116,0,116,246
02/08/2009,CAE,SC,ASO,ES,Combined TRACON& Tower with Radar,4,89,24,0,117,0,1,32,0,33,4,90,56,0,150,46,0,46,196
02/09/2009,CAE,SC,ASO,ES,Combined TRACON& Tower with Radar,10,112,17,2,141,0,1,17,0,18,10,113,34,2,159,57,0,57,216
02/10/2009,CAE,SC,ASO,ES,Combined TRACON& Tower with Radar,32,122,41,3,198,0,2,14,1,17,32,124,55,4,215,2,0,2,217
02/11/2009,CAE,SC,ASO,ES,Combined TRACON& Tower with Radar,34,122,36,5,197,0,1,6,0,7,34,123,42,5,204,0,0,0,204
02/12/2009,CAE,SC,ASO,ES,Combined TRACON& Tower with Radar,29,107,33,3,172,0,3,18,2,23,29,110,51,5,195,40,0,40,235
02/13/2009,CAE,SC,ASO,ES,Combined TRACON& Tower with Radar,15,125,33,3,176,0,0,23,0,23,15,125,56,3,199,54,0,54,253
02/14/2009,CAE,SC,ASO,ES,Combined TRACON& Tower with Radar,5,75,12,1,93,0,0,0,0,0,5,75,12,1,93,0,0,0,93
02/15/2009,CAE,SC,ASO,ES,Combined TRACON& Tower with Radar,7,86,17,4,114,0,2,29,0,31,7,88,46,4,145,22,4,26,171
02/16/2009,CAE,SC,ASO,ES,Combined TRACON& Tower with Radar,9,101,27,2,139,0,2,22,0,24,9,103,49,2,163,18,0,18,181
02/17/2009,CAE,SC,ASO,ES,Combined TRACON& Tower with Radar,28,118,27,7,180,1,1,24,1,27,29,119,51,8,207,80,0,80,287
02/18/2009,CAE,SC,ASO,ES,Combined TRACON& Tower with Radar,28,116,25,10,179,0,0,0,0,0,28,116,25,10,179,0,0,0,179
02/19/2009,CAE,SC,ASO,ES,Combined TRACON& Tower with Radar,27,128,50,5,210,0,3,16,0,19,27,131,66,5,229,0,0,0,229
02/20/2009,CAE,SC,ASO,ES,Combined TRACON& Tower with Radar,12,130,49,15,206,0,7,22,0,29,12,137,71,15,235,8,0,8,243
02/21/2009,CAE,SC,ASO,ES,Combined TRACON& Tower with Radar,10,72,25,2,109,0,5,30,0,35,10,77,55,2,144,2,0,2,146
02/22/2009,CAE,SC,ASO,ES,Combined TRACON& Tower with Radar,8,79,17,9,113,0,0,10,4,14,8,79,27,13,127,20,0,20,147
02/23/2009,CAE,SC,ASO,ES,Combined TRACON& Tower with Radar,8,108,33,0,149,0,2,17,2,21,8,110,50,2,170,10,0,10,180
02/24/2009,CAE,SC,ASO,ES,Combined TRACON& Tower with Radar,33,118,34,2,187,0,2,27,2,31,33,120,61,4,218,9,0,9,227
02/25/2009,CAE,SC,ASO,ES,Combined TRACON& Tower with Radar,28,122,51,5,206,0,4,26,0,30,28,126,77,5,236,4,0,4,240
02/26/2009,CAE,SC,ASO,ES,Combined TRACON& Tower with Radar,28,117,37,5,187,0,0,17,1,18,28,117,54,6,205,4,0,4,209
02/27/2009,CAE,SC,ASO,ES,Combined TRACON& Tower with Radar,13,124,27,17,181,0,1,7,2,10,13,125,34,19,191,0,0,0,191
02/28/2009,CAE,SC,ASO,ES,Combined TRACON& Tower with Radar,6,65,13,1,85,0,0,0,0,0,6,65,13,1,85,0,0,0,85
03/01/2009,CAE,SC,ASO,ES,Combined TRACON& Tower with Radar,4,67,9,0,80,0,0,0,2,2,4,67,9,2,82,0,0,0,82
03/02/2009,CAE,SC,ASO,ES,Combined TRACON& Tower with Radar,13,92,35,1,141,0,1,17,0,18,13,93,52,1,159,15,0,15,174
03/03/2009,CAE,SC,ASO,ES,Combined TRACON& Tower with Radar,30,123,22,1,176,0,0,12,0,12,30,123,34,1,188,0,0,0,188
03/04/2009,CAE,SC,ASO,ES,Combined TRACON& Tower with Radar,34,130,29,3,196,0,5,32,0,37,34,135,61,3,233,12,0,12,245
03/05/2009,CAE,SC,ASO,ES,Combined TRACON& Tower with Radar,31,124,36,4,195,0,6,30,1,37,31,130,66,5,232,0,0,0,232
03/06/2009,CAE,SC,ASO,ES,Combined TRACON& Tower with Radar,19,118,44,9,190,0,0,23,0,23,19,118,67,9,213,4,0,4,217
03/07/2009,CAE,SC,ASO,ES,Combined TRACON& Tower with Radar,12,68,14,0,94,0,0,36,1,37,12,68,50,1,131,18,0,18,149
03/08/2009,CAE,SC,ASO,ES,Combined TRACON& Tower with Radar,8,77,18,0,103,0,0,13,0,13,8,77,31,0,116,0,0,0,116
03/09/2009,CAE,SC,ASO,ES,Combined TRACON& Tower with Radar,10,106,20,17,153,0,1,19,0,20,10,107,39,17,173,2,0,2,175
03/10/2009,CAE,SC,ASO,ES,Combined TRACON& Tower with Radar,30,122,28,0,180,0,3,16,0,19,30,125,44,0,199,46,0,46,245
03/11/2009,CAE,SC,ASO,ES,Combined TRACON& Tower with Radar,31,127,34,4,196,0,4,24,1,29,31,131,58,5,225,42,0,42,267
03/12/2009,CAE,SC,ASO,ES,Combined TRACON& Tower with Radar,31,124,31,5,191,0,4,16,4,24,31,128,47,9,215,7,0,7,222
03/13/2009,CAE,SC,ASO,ES,Combined TRACON& Tower with Radar,18,116,44,2,180,0,0,6,0,6,18,116,50,2,186,0,0,0,186
03/14/2009,CAE,SC,ASO,ES,Combined TRACON& Tower with Radar,13,69,20,2,104,0,0,0,0,0,13,69,20,2,104,3,0,3,107
03/15/2009,CAE,SC,ASO,ES,Combined TRACON& Tower with Radar,11,80,19,2,112,0,0,0,0,0,11,80,19,2,112,3,0,3,115
03/16/2009,CAE,SC,ASO,ES,Combined TRACON& Tower with Radar,10,109,29,11,159,0,0,0,0,0,10,109,29,11,159,0,0,0,159
03/17/2009,CAE,SC,ASO,ES,Combined TRACON& Tower with Radar,33,115,48,16,212,0,2,37,0,39,33,117,85,16,251,6,0,6,257
03/18/2009,CAE,SC,ASO,ES,Combined TRACON& Tower with Radar,33,118,39,1,191,0,3,30,1,34,33,121,69,2,225,19,0,19,244
03/19/2009,CAE,SC,ASO,ES,Combined TRACON& Tower with Radar,32,114,44,4,194,0,2,28,0,30,32,116,72,4,224,4,0,4,228
03/20/2009,CAE,SC,ASO,ES,Combined TRACON& Tower with Radar,13,125,35,4,177,0,2,34,0,36,13,127,69,4,213,30,0,30,243
03/21/2009,CAE,SC,ASO,ES,Combined TRACON& Tower with Radar,14,70,23,0,107,0,0,24,0,24,14,70,47,0,131,16,0,16,147
03/22/2009,CAE,SC,ASO,ES,Combined TRACON& Tower with Radar,10,85,31,3,129,0,0,27,4,31,10,85,58,7,160,6,0,6,166
03/23/2009,CAE,SC,ASO,ES,Combined TRACON& Tower with Radar,14,114,26,1,155,0,0,25,0,25,14,114,51,1,180,16,0,16,196
03/24/2009,CAE,SC,ASO,ES,Combined TRACON& Tower with Radar,31,115,30,6,182,0,2,19,0,21,31,117,49,6,203,6,0,6,209
03/25/2009,CAE,SC,ASO,ES,Combined TRACON& Tower with Radar,31,127,31,8,197,0,0,4,0,4,31,127,35,8,201,34,0,34,235
03/26/2009,CAE,SC,ASO,ES,Combined TRACON& Tower with Radar,40,126,39,1,206,0,2,7,0,9,40,128,46,1,215,6,0,6,221
03/27/2009,CAE,SC,ASO,ES,Combined TRACON& Tower with Radar,11,125,48,2,186,0,0,2,0,2,11,125,50,2,188,0,0,0,188
03/28/2009,CAE,SC,ASO,ES,Combined TRACON& Tower with Radar,12,72,9,2,95,0,0,0,0,0,12,72,9,2,95,0,0,0,95
03/29/2009,CAE,SC,ASO,ES,Combined TRACON& Tower with Radar,8,82,21,4,115,0,0,5,0,5,8,82,26,4,120,0,0,0,120
03/30/2009,CAE,SC,ASO,ES,Combined TRACON& Tower with Radar,12,116,39,0,167,0,0,29,0,29,12,116,68,0,196,18,0,18,214
03/31/2009,CAE,SC,ASO,ES,Combined TRACON& Tower with Radar,33,112,41,2,188,0,2,14,0,16,33,114,55,2,204,0,0,0,204
04/01/2009,CAE,SC,ASO,ES,Combined TRACON& Tower with Radar,32,116,19,8,175,0,0,0,0,0,32,116,19,8,175,34,0,34,209
04/02/2009,CAE,SC,ASO,ES,Combined TRACON& Tower with Radar,30,110,25,5,170,0,0,0,0,0,30,110,25,5,170,0,0,0,170
04/03/2009,CAE,SC,ASO,ES,Combined TRACON& Tower with Radar,16,123,34,3,176,0,2,7,1,10,16,125,41,4,186,4,0,4,190
04/04/2009,CAE,SC,ASO,ES,Combined TRACON& Tower with Radar,10,88,36,7,141,0,0,45,1,46,10,88,81,8,187,12,0,12,199
04/05/2009,CAE,SC,ASO,ES,Combined TRACON& Tower with Radar,8,85,23,4,120,0,0,22,0,22,8,85,45,4,142,30,0,30,172
04/06/2009,CAE,SC,ASO,ES,Combined TRACON& Tower with Radar,8,108,31,1,148,0,0,8,0,8,8,108,39,1,156,0,0,0,156
04/07/2009,CAE,SC,ASO,ES,Combined TRACON& Tower with Radar,30,115,54,3,202,0,1,19,0,20,30,116,73,3,222,17,0,17,239
04/08/2009,CAE,SC,ASO,ES,Combined TRACON& Tower with Radar,32,119,39,6,196,0,4,27,1,32,32,123,66,7,228,58,0,58,286
04/09/2009,CAE,SC,ASO,ES,Combined TRACON& Tower with Radar,27,120,40,3,190,0,5,35,1,41,27,125,75,4,231,54,8,62,293
04/10/2009,CAE,SC,ASO,ES,Combined TRACON& Tower with Radar,27,120,49,2,198,0,0,19,1,20,27,120,68,3,218,6,0,6,224
04/11/2009,CAE,SC,ASO,ES,Combined TRACON& Tower with Radar,10,87,21,0,118,0,0,17,0,17,10,87,38,0,135,40,0,40,175
04/12/2009,CAE,SC,ASO,ES,Combined TRACON& Tower with Radar,8,88,19,3,118,0,1,13,0,14,8,89,32,3,132,10,0,10,142
04/13/2009,CAE,SC,ASO,ES,Combined TRACON& Tower with Radar,12,122,18,4,156,0,0,1,0,1,12,122,19,4,157,0,0,0,157
04/14/2009,CAE,SC,ASO,ES,Combined TRACON& Tower with Radar,33,108,25,19,185,1,0,5,0,6,34,108,30,19,191,4,32,36,227
04/15/2009,CAE,SC,ASO,ES,Combined TRACON& Tower with Radar,38,115,37,11,201,0,2,30,4,36,38,117,67,15,237,0,0,0,237
04/16/2009,CAE,SC,ASO,ES,Combined TRACON& Tower with Radar,29,125,33,4,191,0,2,48,7,57,29,127,81,11,248,48,32,80,328
04/17/2009,CAE,SC,ASO,ES,Combined TRACON& Tower with Radar,15,115,46,4,180,0,0,31,3,34,15,115,77,7,214,12,0,12,226
04/18/2009,CAE,SC,ASO,ES,Combined TRACON& Tower with Radar,8,72,25,2,107,0,0,43,5,48,8,72,68,7,155,0,0,0,155
04/19/2009,CAE,SC,ASO,ES,Combined TRACON& Tower with Radar,6,85,21,4,116,0,0,14,0,14,6,85,35,4,130,64,0,64,194
04/20/2009,CAE,SC,ASO,ES,Combined TRACON& Tower with Radar,9,112,29,3,153,0,3,8,0,11,9,115,37,3,164,24,2,26,190
04/21/2009,CAE,SC,ASO,ES,Combined TRACON& Tower with Radar,33,110,35,4,182,0,0,8,1,9,33,110,43,5,191,52,0,52,243
04/22/2009,CAE,SC,ASO,ES,Combined TRACON& Tower with Radar,36,114,24,1,175,0,2,15,2,19,36,116,39,3,194,89,0,89,283
04/23/2009,CAE,SC,ASO,ES,Combined TRACON& Tower with Radar,41,121,49,4,215,0,2,36,1,39,41,123,85,5,254,66,0,66,320
04/24/2009,CAE,SC,ASO,ES,Combined TRACON& Tower with Radar,21,122,40,1,184,0,2,24,4,30,21,124,64,5,214,6,0,6,220
04/25/2009,CAE,SC,ASO,ES,Combined TRACON& Tower with Radar,8,71,14,0,93,0,0,30,2,32,8,71,44,2,125,0,0,0,125
04/26/2009,CAE,SC,ASO,ES,Combined TRACON& Tower with Radar,14,82,34,1,131,0,0,25,0,25,14,82,59,1,156,0,0,0,156
04/27/2009,CAE,SC,ASO,ES,Combined TRACON& Tower with Radar,12,111,33,2,158,0,5,20,0,25,12,116,53,2,183,42,0,42,225
04/28/2009,CAE,SC,ASO,ES,Combined TRACON& Tower with Radar,33,115,35,2,185,0,2,21,2,25,33,117,56,4,210,10,0,10,220
04/29/2009,CAE,SC,ASO,ES,Combined TRACON& Tower with Radar,32,113,31,7,183,0,3,32,1,36,32,116,63,8,219,22,16,38,257
04/30/2009,CAE,SC,ASO,ES,Combined TRACON& Tower with Radar,29,123,47,7,206,0,1,24,2,27,29,124,71,9,233,20,0,20,253
05/01/2009,CAE,SC,ASO,ES,Combined TRACON& Tower with Radar,19,114,22,5,160,0,4,6,1,11,19,118,28,6,171,0,0,0,171
05/02/2009,CAE,SC,ASO,ES,Combined TRACON& Tower with Radar,16,75,19,3,113,0,0,7,0,7,16,75,26,3,120,2,0,2,122
05/03/2009,CAE,SC,ASO,ES,Combined TRACON& Tower with Radar,20,78,32,0,130,0,1,2,1,4,20,79,34,1,134,48,0,48,182
05/04/2009,CAE,SC,ASO,ES,Combined TRACON& Tower with Radar,13,104,17,4,138,0,0,3,0,3,13,104,20,4,141,0,0,0,141
05/05/2009,CAE,SC,ASO,ES,Combined TRACON& Tower with Radar,44,107,25,16,192,0,0,3,0,3,44,107,28,16,195,0,0,0,195
05/06/2009,CAE,SC,ASO,ES,Combined TRACON& Tower with Radar,40,110,37,12,199,0,2,9,0,11,40,112,46,12,210,26,4,30,240
05/07/2009,CAE,SC,ASO,ES,Combined TRACON& Tower with Radar,38,106,28,4,176,0,4,11,0,15,38,110,39,4,191,2,0,2,193
05/08/2009,CAE,SC,ASO,ES,Combined TRACON& Tower with Radar,25,118,41,2,186,0,0,20,0,20,25,118,61,2,206,8,0,8,214
05/09/2009,CAE,SC,ASO,ES,Combined TRACON& Tower with Radar,16,70,8,0,94,0,0,18,1,19,16,70,26,1,113,58,2,60,173
05/10/2009,CAE,SC,ASO,ES,Combined TRACON& Tower with Radar,12,79,15,4,110,0,0,13,0,13,12,79,28,4,123,64,0,64,187
05/11/2009,CAE,SC,ASO,ES,Combined TRACON& Tower with Radar,14,104,24,9,151,0,1,1,0,2,14,105,25,9,153,28,14,42,195
05/12/2009,CAE,SC,ASO,ES,Combined TRACON& Tower with Radar,30,110,28,5,173,0,0,18,9,27,30,110,46,14,200,24,0,24,224
05/13/2009,CAE,SC,ASO,ES,Combined TRACON& Tower with Radar,35,109,31,5,180,0,3,20,3,26,35,112,51,8,206,62,0,62,268
05/14/2009,CAE,SC,ASO,ES,Combined TRACON& Tower with Radar,32,110,29,10,181,0,0,10,0,10,32,110,39,10,191,0,4,4,195
05/15/2009,CAE,SC,ASO,ES,Combined TRACON& Tower with Radar,19,101,54,9,183,0,0,9,0,9,19,101,63,9,192,74,6,80,272
05/16/2009,CAE,SC,ASO,ES,Combined TRACON& Tower with Radar,6,71,23,12,112,0,0,6,1,7,6,71,29,13,119,0,0,0,119
05/17/2009,CAE,SC,ASO,ES,Combined TRACON& Tower with Radar,12,77,33,6,128,0,0,1,1,2,12,77,34,7,130,6,0,6,136
05/18/2009,CAE,SC,ASO,ES,Combined TRACON& Tower with Radar,14,103,28,23,168,0,2,8,1,11,14,105,36,24,179,0,0,0,179
05/19/2009,CAE,SC,ASO,ES,Combined TRACON& Tower with Radar,32,110,37,4,183,0,1,16,0,17,32,111,53,4,200,10,0,10,210
05/20/2009,CAE,SC,ASO,ES,Combined TRACON& Tower with Radar,30,109,44,2,185,0,2,16,0,18,30,111,60,2,203,0,0,0,203
05/21/2009,CAE,SC,ASO,ES,Combined TRACON& Tower with Radar,28,110,42,4,184,0,6,12,0,18,28,116,54,4,202,32,0,32,234
05/22/2009,CAE,SC,ASO,ES,Combined TRACON& Tower with Radar,22,110,35,10,177,0,3,15,1,19,22,113,50,11,196,11,2,13,209
05/23/2009,CAE,SC,ASO,ES,Combined TRACON& Tower with Radar,9,66,29,1,105,0,0,10,0,10,9,66,39,1,115,6,0,6,121
05/24/2009,CAE,SC,ASO,ES,Combined TRACON& Tower with Radar,9,53,17,1,80,0,0,2,0,2,9,53,19,1,82,0,0,0,82
05/25/2009,CAE,SC,ASO,ES,Combined TRACON& Tower with Radar,6,81,29,1,117,0,0,11,0,11,6,81,40,1,128,6,0,6,134
05/26/2009,CAE,SC,ASO,ES,Combined TRACON& Tower with Radar,15,104,31,13,163,0,0,10,0,10,15,104,41,13,173,0,0,0,173
05/27/2009,CAE,SC,ASO,ES,Combined TRACON& Tower with Radar,41,116,27,3,187,0,0,4,0,4,41,116,31,3,191,0,0,0,191
05/28/2009,CAE,SC,ASO,ES,Combined TRACON& Tower with Radar,34,108,48,10,200,0,2,23,0,25,34,110,71,10,225,16,24,40,265
05/29/2009,CAE,SC,ASO,ES,Combined TRACON& Tower with Radar,20,110,23,16,169,0,3,22,3,28,20,113,45,19,197,14,0,14,211
05/30/2009,CAE,SC,ASO,ES,Combined TRACON& Tower with Radar,14,66,32,9,121,0,0,37,2,39,14,66,69,11,160,8,0,8,168
05/31/2009,CAE,SC,ASO,ES,Combined TRACON& Tower with Radar,12,76,25,11,124,0,0,33,1,34,12,76,58,12,158,26,10,36,194
06/01/2009,CAE,SC,ASO,ES,Combined TRACON& Tower with Radar,14,98,18,2,132,0,2,20,1,23,14,100,38,3,155,90,2,92,247
06/02/2009,CAE,SC,ASO,ES,Combined TRACON& Tower with Radar,28,106,41,5,180,0,3,24,6,33,28,109,65,11,213,0,0,0,213
06/03/2009,CAE,SC,ASO,ES,Combined TRACON& Tower with Radar,32,101,26,3,162,0,0,17,3,20,32,101,43,6,182,0,0,0,182
06/04/2009,CAE,SC,ASO,ES,Combined TRACON& Tower with Radar,22,127,31,6,186,0,2,4,0,6,22,129,35,6,192,38,0,38,230
06/05/2009,CAE,SC,ASO,ES,Combined TRACON& Tower with Radar,8,127,31,11,177,0,0,5,1,6,8,127,36,12,183,40,0,40,223
06/06/2009,CAE,SC,ASO,ES,Combined TRACON& Tower with Radar,10,72,25,2,109,0,0,15,0,15,10,72,40,2,124,8,0,8,132
06/07/2009,CAE,SC,ASO,ES,Combined TRACON& Tower with Radar,5,81,24,1,111,0,0,6,0,6,5,81,30,1,117,0,2,2,119
06/08/2009,CAE,SC,ASO,ES,Combined TRACON& Tower with Radar,5,116,25,10,156,0,4,13,2,19,5,120,38,12,175,37,6,43,218
06/09/2009,CAE,SC,ASO,ES,Combined TRACON& Tower with Radar,22,111,35,2,170,0,4,22,0,26,22,115,57,2,196,38,0,38,234
06/10/2009,CAE,SC,ASO,ES,Combined TRACON& Tower with Radar,30,112,47,7,196,0,4,18,3,25,30,116,65,10,221,2,0,2,223
06/11/2009,CAE,SC,ASO,ES,Combined TRACON& Tower with Radar,22,113,27,0,162,0,4,13,1,18,22,117,40,1,180,0,0,0,180
06/12/2009,CAE,SC,ASO,ES,Combined TRACON& Tower with Radar,21,121,32,2,176,0,2,14,1,17,21,123,46,3,193,6,0,6,199
06/13/2009,CAE,SC,ASO,ES,Combined TRACON& Tower with Radar,13,73,15,1,102,0,0,10,0,10,13,73,25,1,112,24,0,24,136
06/14/2009,CAE,SC,ASO,ES,Combined TRACON& Tower with Radar,6,84,26,1,117,0,0,19,1,20,6,84,45,2,137,12,0,12,149
06/15/2009,CAE,SC,ASO,ES,Combined TRACON& Tower with Radar,5,104,38,2,149,0,0,16,0,16,5,104,54,2,165,28,0,28,193
06/16/2009,CAE,SC,ASO,ES,Combined TRACON& Tower with Radar,21,116,56,4,197,0,0,24,0,24,21,116,80,4,221,10,18,28,249
06/17/2009,CAE,SC,ASO,ES,Combined TRACON& Tower with Radar,27,125,39,17,208,0,0,11,0,11,27,125,50,17,219,0,0,0,219
06/18/2009,CAE,SC,ASO,ES,Combined TRACON& Tower with Radar,22,127,35,9,193,0,4,17,0,21,22,131,52,9,214,20,18,38,252
06/19/2009,CAE,SC,ASO,ES,Combined TRACON& Tower with Radar,11,116,30,2,159,0,1,22,0,23,11,117,52,2,182,14,0,14,196
06/20/2009,CAE,SC,ASO,ES,Combined TRACON& Tower with Radar,8,71,20,0,99,0,0,20,0,20,8,71,40,0,119,4,0,4,123
06/21/2009,CAE,SC,ASO,ES,Combined TRACON& Tower with Radar,6,78,12,4,100,0,0,10,1,11,6,78,22,5,111,0,0,0,111
06/22/2009,CAE,SC,ASO,ES,Combined TRACON& Tower with Radar,13,103,24,3,143,0,1,18,0,19,13,104,42,3,162,8,0,8,170
06/23/2009,CAE,SC,ASO,ES,Combined TRACON& Tower with Radar,22,111,50,2,185,0,2,22,0,24,22,113,72,2,209,3,0,3,212
06/24/2009,CAE,SC,ASO,ES,Combined TRACON& Tower with Radar,26,110,45,2,183,0,4,25,0,29,26,114,70,2,212,26,0,26,238
06/25/2009,CAE,SC,ASO,ES,Combined TRACON& Tower with Radar,19,118,35,4,176,0,3,27,2,32,19,121,62,6,208,18,0,18,226
06/26/2009,CAE,SC,ASO,ES,Combined TRACON& Tower with Radar,11,109,30,14,164,0,5,25,0,30,11,114,55,14,194,12,0,12,206
06/27/2009,CAE,SC,ASO,ES,Combined TRACON& Tower with Radar,13,74,14,24,125,0,0,18,0,18,13,74,32,24,143,10,0,10,153
06/28/2009,CAE,SC,ASO,ES,Combined TRACON& Tower with Radar,5,75,30,12,122,0,0,39,0,39,5,75,69,12,161,29,0,29,190
06/29/2009,CAE,SC,ASO,ES,Combined TRACON& Tower with Radar,5,107,23,2,137,0,3,24,0,27,5,110,47,2,164,38,0,38,202
06/30/2009,CAE,SC,ASO,ES,Combined TRACON& Tower with Radar,25,109,40,2,176,0,2,12,0,14,25,111,52,2,190,18,0,18,208
07/01/2009,CAE,SC,ASO,ES,Combined TRACON& Tower with Radar,28,114,20,2,164,0,4,28,0,32,28,118,48,2,196,16,0,16,212
07/02/2009,CAE,SC,ASO,ES,Combined TRACON& Tower with Radar,25,116,23,2,166,0,4,25,0,29,25,120,48,2,195,24,0,24,219
07/03/2009,CAE,SC,ASO,ES,Combined TRACON& Tower with Radar,14,88,6,3,111,0,0,17,0,17,14,88,23,3,128,8,0,8,136
07/04/2009,CAE,SC,ASO,ES,Combined TRACON& Tower with Radar,6,60,4,0,70,0,0,23,0,23,6,60,27,0,93,0,0,0,93
07/05/2009,CAE,SC,ASO,ES,Combined TRACON& Tower with Radar,8,76,14,0,98,0,2,6,0,8,8,78,20,0,106,0,0,0,106
07/06/2009,CAE,SC,ASO,ES,Combined TRACON& Tower with Radar,7,104,23,6,140,0,2,8,0,10,7,106,31,6,150,3,2,5,155
07/07/2009,CAE,SC,ASO,ES,Combined TRACON& Tower with Radar,21,118,32,8,179,0,3,7,2,12,21,121,39,10,191,6,0,6,197
07/08/2009,CAE,SC,ASO,ES,Combined TRACON& Tower with Radar,25,121,34,6,186,0,0,4,0,4,25,121,38,6,190,0,0,0,190
07/09/2009,CAE,SC,ASO,ES,Combined TRACON& Tower with Radar,22,117,25,21,185,0,2,18,0,20,22,119,43,21,205,7,36,43,248
07/10/2009,CAE,SC,ASO,ES,Combined TRACON& Tower with Radar,11,114,26,4,155,0,0,26,5,31,11,114,52,9,186,8,0,8,194
07/11/2009,CAE,SC,ASO,ES,Combined TRACON& Tower with Radar,5,75,26,2,108,0,0,17,0,17,5,75,43,2,125,0,0,0,125
07/12/2009,CAE,SC,ASO,ES,Combined TRACON& Tower with Radar,15,82,11,0,108,0,0,20,2,22,15,82,31,2,130,0,0,0,130
07/13/2009,CAE,SC,ASO,ES,Combined TRACON& Tower with Radar,7,103,26,2,138,0,0,8,0,8,7,103,34,2,146,10,0,10,156
07/14/2009,CAE,SC,ASO,ES,Combined TRACON& Tower with Radar,24,116,37,8,185,0,2,18,1,21,24,118,55,9,206,0,2,2,208
07/15/2009,CAE,SC,ASO,ES,Combined TRACON& Tower with Radar,26,114,34,0,174,0,5,20,0,25,26,119,54,0,199,0,0,0,199
07/16/2009,CAE,SC,ASO,ES,Combined TRACON& Tower with Radar,22,116,34,8,180,0,3,20,1,24,22,119,54,9,204,26,10,36,240
07/17/2009,CAE,SC,ASO,ES,Combined TRACON& Tower with Radar,11,119,19,2,151,0,0,16,2,18,11,119,35,4,169,2,0,2,171
07/18/2009,CAE,SC,ASO,ES,Combined TRACON& Tower with Radar,5,73,18,0,96,0,0,27,0,27,5,73,45,0,123,40,0,40,163
07/19/2009,CAE,SC,ASO,ES,Combined TRACON& Tower with Radar,3,79,23,0,105,0,1,36,1,38,3,80,59,1,143,18,0,18,161
07/20/2009,CAE,SC,ASO,ES,Combined TRACON& Tower with Radar,6,106,44,22,178,0,2,21,0,23,6,108,65,22,201,22,24,46,247
07/21/2009,CAE,SC,ASO,ES,Combined TRACON& Tower with Radar,25,110,41,2,178,0,6,21,0,27,25,116,62,2,205,20,0,20,225
07/22/2009,CAE,SC,ASO,ES,Combined TRACON& Tower with Radar,22,106,36,10,174,0,4,14,0,18,22,110,50,10,192,6,2,8,200
07/23/2009,CAE,SC,ASO,ES,Combined TRACON& Tower with Radar,25,125,26,4,180,1,0,18,0,19,26,125,44,4,199,10,0,10,209
07/24/2009,CAE,SC,ASO,ES,Combined TRACON& Tower with Radar,12,121,25,4,162,0,8,28,0,36,12,129,53,4,198,8,0,8,206
07/25/2009,CAE,SC,ASO,ES,Combined TRACON& Tower with Radar,7,81,27,2,117,0,0,38,0,38,7,81,65,2,155,32,0,32,187
07/26/2009,CAE,SC,ASO,ES,Combined TRACON& Tower with Radar,5,77,7,12,101,0,1,27,0,28,5,78,34,12,129,10,0,10,139
07/27/2009,CAE,SC,ASO,ES,Combined TRACON& Tower with Radar,5,105,30,8,148,0,2,11,0,13,5,107,41,8,161,2,0,2,163
07/28/2009,CAE,SC,ASO,ES,Combined TRACON& Tower with Radar,24,117,39,3,183,0,1,20,1,22,24,118,59,4,205,0,0,0,205
07/29/2009,CAE,SC,ASO,ES,Combined TRACON& Tower with Radar,28,121,45,5,199,0,0,14,0,14,28,121,59,5,213,0,0,0,213
07/30/2009,CAE,SC,ASO,ES,Combined TRACON& Tower with Radar,24,110,58,4,196,0,0,27,0,27,24,110,85,4,223,45,0,45,268
07/31/2009,CAE,SC,ASO,ES,Combined TRACON& Tower with Radar,17,115,26,3,161,0,2,12,0,14,17,117,38,3,175,0,0,0,175
08/01/2009,CAE,SC,ASO,ES,Combined TRACON& Tower with Radar,6,81,34,0,121,0,0,9,0,9,6,81,43,0,130,30,0,30,160
08/02/2009,CAE,SC,ASO,ES,Combined TRACON& Tower with Radar,3,79,26,0,108,0,0,8,2,10,3,79,34,2,118,2,0,2,120
08/03/2009,CAE,SC,ASO,ES,Combined TRACON& Tower with Radar,5,110,31,2,148,0,0,10,0,10,5,110,41,2,158,2,0,2,160
08/04/2009,CAE,SC,ASO,ES,Combined TRACON& Tower with Radar,22,118,32,3,175,0,0,30,0,30,22,118,62,3,205,43,0,43,248
08/05/2009,CAE,SC,ASO,ES,Combined TRACON& Tower with Radar,26,114,31,3,174,0,0,20,0,20,26,114,51,3,194,0,0,0,194
08/06/2009,CAE,SC,ASO,ES,Combined TRACON& Tower with Radar,21,117,42,1,181,0,0,16,0,16,21,117,58,1,197,14,0,14,211
08/07/2009,CAE,SC,ASO,ES,Combined TRACON& Tower with Radar,15,109,23,1,148,0,6,39,0,45,15,115,62,1,193,18,0,18,211
08/08/2009,CAE,SC,ASO,ES,Combined TRACON& Tower with Radar,8,75,24,18,125,0,0,19,0,19,8,75,43,18,144,0,16,16,160
08/09/2009,CAE,SC,ASO,ES,Combined TRACON& Tower with Radar,3,79,23,5,110,0,1,18,2,21,3,80,41,7,131,2,4,6,137
08/10/2009,CAE,SC,ASO,ES,Combined TRACON& Tower with Radar,7,103,22,4,136,0,0,16,0,16,7,103,38,4,152,2,0,2,154
08/11/2009,CAE,SC,ASO,ES,Combined TRACON& Tower with Radar,24,108,42,0,174,0,6,24,1,31,24,114,66,1,205,20,0,20,225
08/12/2009,CAE,SC,ASO,ES,Combined TRACON& Tower with Radar,28,109,35,0,172,0,1,7,0,8,28,110,42,0,180,6,0,6,186
08/13/2009,CAE,SC,ASO,ES,Combined TRACON& Tower with Radar,29,114,49,2,194,0,0,12,0,12,29,114,61,2,206,20,0,20,226
08/14/2009,CAE,SC,ASO,ES,Combined TRACON& Tower with Radar,11,113,32,4,160,0,1,8,0,9,11,114,40,4,169,19,0,19,188
08/15/2009,CAE,SC,ASO,ES,Combined TRACON& Tower with Radar,5,74,20,1,100,0,0,13,0,13,5,74,33,1,113,6,0,6,119
08/16/2009,CAE,SC,ASO,ES,Combined TRACON& Tower with Radar,5,80,23,1,109,0,1,19,0,20,5,81,42,1,129,6,0,6,135
08/17/2009,CAE,SC,ASO,ES,Combined TRACON& Tower with Radar,5,107,40,7,159,0,1,14,0,15,5,108,54,7,174,6,28,34,208
08/18/2009,CAE,SC,ASO,ES,Combined TRACON& Tower with Radar,26,118,30,40,214,0,2,12,1,15,26,120,42,41,229,12,36,48,277
08/19/2009,CAE,SC,ASO,ES,Combined TRACON& Tower with Radar,26,111,44,3,184,0,1,25,0,26,26,112,69,3,210,46,2,48,258
08/20/2009,CAE,SC,ASO,ES,Combined TRACON& Tower with Radar,24,109,36,0,169,0,2,18,0,20,24,111,54,0,189,20,0,20,209
08/21/2009,CAE,SC,ASO,ES,Combined TRACON& Tower with Radar,15,109,29,5,158,0,3,20,1,24,15,112,49,6,182,30,6,36,218
08/22/2009,CAE,SC,ASO,ES,Combined TRACON& Tower with Radar,14,73,14,0,101,0,0,23,0,23,14,73,37,0,124,6,0,6,130
08/23/2009,CAE,SC,ASO,ES,Combined TRACON& Tower with Radar,6,78,18,6,108,0,0,22,0,22,6,78,40,6,130,1,0,1,131
08/24/2009,CAE,SC,ASO,ES,Combined TRACON& Tower with Radar,7,111,37,2,157,0,1,21,0,22,7,112,58,2,179,10,0,10,189
08/25/2009,CAE,SC,ASO,ES,Combined TRACON& Tower with Radar,24,105,42,9,180,0,6,29,0,35,24,111,71,9,215,0,14,14,229
08/26/2009,CAE,SC,ASO,ES,Combined TRACON& Tower with Radar,26,107,52,0,185,0,0,27,4,31,26,107,79,4,216,4,0,4,220
08/27/2009,CAE,SC,ASO,ES,Combined TRACON& Tower with Radar,24,115,34,5,178,0,2,30,3,35,24,117,64,8,213,28,0,28,241
08/28/2009,CAE,SC,ASO,ES,Combined TRACON& Tower with Radar,11,111,30,3,155,0,1,6,1,8,11,112,36,4,163,4,0,4,167
08/29/2009,CAE,SC,ASO,ES,Combined TRACON& Tower with Radar,7,66,28,6,107,0,0,29,4,33,7,66,57,10,140,56,0,56,196
08/30/2009,CAE,SC,ASO,ES,Combined TRACON& Tower with Radar,6,77,23,8,114,0,0,19,0,19,6,77,42,8,133,4,8,12,145
08/31/2009,CAE,SC,ASO,ES,Combined TRACON& Tower with Radar,4,106,18,4,132,0,0,6,0,6,4,106,24,4,138,0,0,0,138
09/01/2009,CAE,SC,ASO,ES,Combined TRACON& Tower with Radar,22,105,34,1,162,0,0,13,3,16,22,105,47,4,178,4,0,4,182
09/02/2009,CAE,SC,ASO,ES,Combined TRACON& Tower with Radar,20,112,22,8,162,0,0,23,0,23,20,112,45,8,185,50,0,50,235
09/03/2009,CAE,SC,ASO,ES,Combined TRACON& Tower with Radar,20,113,38,4,175,0,0,39,0,39,20,113,77,4,214,49,2,51,265
09/04/2009,CAE,SC,ASO,ES,Combined TRACON& Tower with Radar,15,108,46,5,174,0,2,28,0,30,15,110,74,5,204,34,0,34,238
09/05/2009,CAE,SC,ASO,ES,Combined TRACON& Tower with Radar,6,66,15,2,89,0,0,20,0,20,6,66,35,2,109,0,0,0,109
09/06/2009,CAE,SC,ASO,ES,Combined TRACON& Tower with Radar,2,58,17,0,77,0,0,15,0,15,2,58,32,0,92,0,0,0,92
09/07/2009,CAE,SC,ASO,ES,Combined TRACON& Tower with Radar,0,76,14,0,90,0,0,12,0,12,0,76,26,0,102,4,0,4,106
09/08/2009,CAE,SC,ASO,ES,Combined TRACON& Tower with Radar,5,100,23,24,152,0,0,9,0,9,5,100,32,24,161,0,66,66,227
09/09/2009,CAE,SC,ASO,ES,Combined TRACON& Tower with Radar,20,108,32,16,176,0,0,17,0,17,20,108,49,16,193,6,0,6,199
09/10/2009,CAE,SC,ASO,ES,Combined TRACON& Tower with Radar,22,109,25,8,164,0,0,10,0,10,22,109,35,8,174,0,0,0,174
09/11/2009,CAE,SC,ASO,ES,Combined TRACON& Tower with Radar,9,109,30,10,158,0,1,15,2,18,9,110,45,12,176,18,4,22,198
09/12/2009,CAE,SC,ASO,ES,Combined TRACON& Tower with Radar,2,61,31,2,96,0,0,37,2,39,2,61,68,4,135,22,0,22,157
09/13/2009,CAE,SC,ASO,ES,Combined TRACON& Tower with Radar,6,80,43,2,131,0,0,37,2,39,6,80,80,4,170,30,0,30,200
09/14/2009,CAE,SC,ASO,ES,Combined TRACON& Tower with Radar,3,100,21,21,145,0,1,22,2,25,3,101,43,23,170,0,0,0,170
09/15/2009,CAE,SC,ASO,ES,Combined TRACON& Tower with Radar,20,103,38,6,167,0,2,11,2,15,20,105,49,8,182,10,0,10,192
09/16/2009,CAE,SC,ASO,ES,Combined TRACON& Tower with Radar,26,117,27,1,171,0,2,13,0,15,26,119,40,1,186,14,0,14,200
09/17/2009,CAE,SC,ASO,ES,Combined TRACON& Tower with Radar,18,112,38,17,185,0,1,4,2,7,18,113,42,19,192,0,22,22,214
09/18/2009,CAE,SC,ASO,ES,Combined TRACON& Tower with Radar,8,112,32,2,154,0,0,1,0,1,8,112,33,2,155,2,0,2,157
09/19/2009,CAE,SC,ASO,ES,Combined TRACON& Tower with Radar,4,62,4,0,70,0,0,16,0,16,4,62,20,0,86,2,0,2,88
09/20/2009,CAE,SC,ASO,ES,Combined TRACON& Tower with Radar,5,79,24,8,116,0,1,2,0,3,5,80,26,8,119,18,6,24,143
09/21/2009,CAE,SC,ASO,ES,Combined TRACON& Tower with Radar,8,96,31,6,141,0,0,11,0,11,8,96,42,6,152,0,4,4,156
09/22/2009,CAE,SC,ASO,ES,Combined TRACON& Tower with Radar,20,103,27,30,180,0,3,4,0,7,20,106,31,30,187,59,26,85,272
09/23/2009,CAE,SC,ASO,ES,Combined TRACON& Tower with Radar,24,106,46,9,185,0,0,13,4,17,24,106,59,13,202,16,4,20,222
09/24/2009,CAE,SC,ASO,ES,Combined TRACON& Tower with Radar,23,116,64,2,205,0,3,26,0,29,23,119,90,2,234,14,0,14,248
09/25/2009,CAE,SC,ASO,ES,Combined TRACON& Tower with Radar,10,110,57,4,181,0,5,37,2,44,10,115,94,6,225,18,0,18,243
09/26/2009,CAE,SC,ASO,ES,Combined TRACON& Tower with Radar,4,68,18,12,102,0,0,0,0,0,4,68,18,12,102,0,0,0,102
09/27/2009,CAE,SC,ASO,ES,Combined TRACON& Tower with Radar,4,81,21,4,110,0,0,9,0,9,4,81,30,4,119,2,0,2,121
09/28/2009,CAE,SC,ASO,ES,Combined TRACON& Tower with Radar,5,92,32,2,131,0,4,9,0,13,5,96,41,2,144,8,0,8,152
09/29/2009,CAE,SC,ASO,ES,Combined TRACON& Tower with Radar,20,101,39,0,160,0,2,25,2,29,20,103,64,2,189,4,0,4,193
09/30/2009,CAE,SC,ASO,ES,Combined TRACON& Tower with Radar,20,104,49,16,189,0,0,39,1,40,20,104,88,17,229,20,28,48,277
10/01/2009,CAE,SC,ASO,ES,Combined TRACON& Tower with Radar,23,101,37,18,179,0,0,24,0,24,23,101,61,18,203,4,0,4,207
10/02/2009,CAE,SC,ASO,ES,Combined TRACON& Tower with Radar,15,102,37,5,159,0,0,20,1,21,15,102,57,6,180,24,6,30,210
10/03/2009,CAE,SC,ASO,ES,Combined TRACON& Tower with Radar,8,54,29,3,94,0,4,17,0,21,8,58,46,3,115,4,0,4,119
10/04/2009,CAE,SC,ASO,ES,Combined TRACON& Tower with Radar,2,79,30,4,115,0,0,14,1,15,2,79,44,5,130,2,0,2,132
10/05/2009,CAE,SC,ASO,ES,Combined TRACON& Tower with Radar,9,93,30,0,132,0,0,0,0,0,9,93,30,0,132,0,0,0,132
10/06/2009,CAE,SC,ASO,ES,Combined TRACON& Tower with Radar,25,94,48,2,169,0,0,2,0,2,25,94,50,2,171,2,0,2,173
10/07/2009,CAE,SC,ASO,ES,Combined TRACON& Tower with Radar,25,104,22,21,172,0,0,8,0,8,25,104,30,21,180,0,0,0,180
10/08/2009,CAE,SC,ASO,ES,Combined TRACON& Tower with Radar,24,111,43,5,183,0,9,63,1,73,24,120,106,6,256,0,4,4,260
10/09/2009,CAE,SC,ASO,ES,Combined TRACON& Tower with Radar,16,104,40,5,165,0,0,16,0,16,16,104,56,5,181,4,0,4,185
10/10/2009,CAE,SC,ASO,ES,Combined TRACON& Tower with Radar,16,58,8,0,82,0,0,7,0,7,16,58,15,0,89,4,0,4,93
10/11/2009,CAE,SC,ASO,ES,Combined TRACON& Tower with Radar,3,84,27,5,119,0,0,4,0,4,3,84,31,5,123,8,4,12,135
10/12/2009,CAE,SC,ASO,ES,Combined TRACON& Tower with Radar,6,88,25,3,122,0,0,0,0,0,6,88,25,3,122,6,0,6,128
10/13/2009,CAE,SC,ASO,ES,Combined TRACON& Tower with Radar,36,100,47,11,194,0,1,28,0,29,36,101,75,11,223,8,4,12,235
10/14/2009,CAE,SC,ASO,ES,Combined TRACON& Tower with Radar,28,108,15,2,153,0,0,1,0,1,28,108,16,2,154,0,0,0,154
10/15/2009,CAE,SC,ASO,ES,Combined TRACON& Tower with Radar,22,106,15,20,163,0,0,1,0,1,22,106,16,20,164,0,0,0,164
10/16/2009,CAE,SC,ASO,ES,Combined TRACON& Tower with Radar,16,107,49,2,174,0,0,5,1,6,16,107,54,3,180,18,0,18,198
10/17/2009,CAE,SC,ASO,ES,Combined TRACON& Tower with Radar,13,55,21,6,95,0,0,4,0,4,13,55,25,6,99,14,4,18,117
10/18/2009,CAE,SC,ASO,ES,Combined TRACON& Tower with Radar,4,75,31,0,110,0,0,8,1,9,4,75,39,1,119,42,0,42,161
10/19/2009,CAE,SC,ASO,ES,Combined TRACON& Tower with Radar,9,101,33,9,152,0,2,27,2,31,9,103,60,11,183,4,6,10,193
10/20/2009,CAE,SC,ASO,ES,Combined TRACON& Tower with Radar,28,96,28,4,156,0,6,29,1,36,28,102,57,5,192,14,0,14,206
10/21/2009,CAE,SC,ASO,ES,Combined TRACON& Tower with Radar,26,107,49,1,183,0,5,21,3,29,26,112,70,4,212,23,0,23,235
10/22/2009,CAE,SC,ASO,ES,Combined TRACON& Tower with Radar,24,99,21,6,150,0,1,31,6,38,24,100,52,12,188,0,0,0,188
10/23/2009,CAE,SC,ASO,ES,Combined TRACON& Tower with Radar,16,109,30,7,162,0,0,5,0,5,16,109,35,7,167,55,0,55,222
10/24/2009,CAE,SC,ASO,ES,Combined TRACON& Tower with Radar,9,58,16,7,90,0,0,5,0,5,9,58,21,7,95,0,0,0,95
10/25/2009,CAE,SC,ASO,ES,Combined TRACON& Tower with Radar,4,81,27,1,113,0,0,23,2,25,4,81,50,3,138,0,0,0,138
10/26/2009,CAE,SC,ASO,ES,Combined TRACON& Tower with Radar,11,92,44,3,150,0,2,12,0,14,11,94,56,3,164,32,0,32,196
10/27/2009,CAE,SC,ASO,ES,Combined TRACON& Tower with Radar,28,100,23,5,156,0,0,0,0,0,28,100,23,5,156,0,0,0,156
10/28/2009,CAE,SC,ASO,ES,Combined TRACON& Tower with Radar,26,105,44,10,185,0,2,21,0,23,26,107,65,10,208,14,14,28,236
10/29/2009,CAE,SC,ASO,ES,Combined TRACON& Tower with Radar,26,104,45,8,183,0,0,29,0,29,26,104,74,8,212,40,0,40,252
10/30/2009,CAE,SC,ASO,ES,Combined TRACON& Tower with Radar,15,106,17,6,144,0,0,18,0,18,15,106,35,6,162,0,0,0,162
10/31/2009,CAE,SC,ASO,ES,Combined TRACON& Tower with Radar,11,63,12,2,88,0,1,0,0,1,11,64,12,2,89,10,0,10,99
11/01/2009,CAE,SC,ASO,ES,Combined TRACON& Tower with Radar,4,83,43,2,132,0,0,0,0,0,4,83,43,2,132,0,0,0,132
11/02/2009,CAE,SC,ASO,ES,Combined TRACON& Tower with Radar,5,111,23,2,141,0,8,10,0,18,5,119,33,2,159,4,20,24,183
11/03/2009,CAE,SC,ASO,ES,Combined TRACON& Tower with Radar,23,112,38,6,179,0,6,29,0,35,23,118,67,6,214,10,0,10,224
11/04/2009,CAE,SC,ASO,ES,Combined TRACON& Tower with Radar,22,105,43,7,177,0,2,25,4,31,22,107,68,11,208,6,0,6,214
11/05/2009,CAE,SC,ASO,ES,Combined TRACON& Tower with Radar,19,110,45,4,178,0,0,20,0,20,19,110,65,4,198,0,16,16,214
11/06/2009,CAE,SC,ASO,ES,Combined TRACON& Tower with Radar,13,112,27,3,155,0,1,28,2,31,13,113,55,5,186,12,0,12,198
11/07/2009,CAE,SC,ASO,ES,Combined TRACON& Tower with Radar,12,57,19,2,90,0,2,36,2,40,12,59,55,4,130,10,0,10,140
11/08/2009,CAE,SC,ASO,ES,Combined TRACON& Tower with Radar,4,80,31,6,121,0,0,26,2,28,4,80,57,8,149,2,0,2,151
11/09/2009,CAE,SC,ASO,ES,Combined TRACON& Tower with Radar,5,102,35,3,145,0,0,25,0,25,5,102,60,3,170,0,0,0,170
11/10/2009,CAE,SC,ASO,ES,Combined TRACON& Tower with Radar,24,101,28,1,154,0,0,0,0,0,24,101,28,1,154,0,0,0,154
11/11/2009,CAE,SC,ASO,ES,Combined TRACON& Tower with Radar,22,106,30,0,158,0,0,0,0,0,22,106,30,0,158,0,0,0,158
11/12/2009,CAE,SC,ASO,ES,Combined TRACON& Tower with Radar,20,116,26,18,180,0,0,2,2,4,20,116,28,20,184,3,17,20,204
11/13/2009,CAE,SC,ASO,ES,Combined TRACON& Tower with Radar,10,118,49,14,191,0,0,30,2,32,10,118,79,16,223,31,4,35,258
11/14/2009,CAE,SC,ASO,ES,Combined TRACON& Tower with Radar,9,54,36,0,99,0,0,39,1,40,9,54,75,1,139,0,2,2,141
11/15/2009,CAE,SC,ASO,ES,Combined TRACON& Tower with Radar,2,89,30,2,123,0,0,20,4,24,2,89,50,6,147,42,0,42,189
11/16/2009,CAE,SC,ASO,ES,Combined TRACON& Tower with Radar,5,108,31,15,159,0,0,48,0,48,5,108,79,15,207,26,30,56,263
11/17/2009,CAE,SC,ASO,ES,Combined TRACON& Tower with Radar,24,114,53,5,196,0,2,13,0,15,24,116,66,5,211,0,0,0,211
11/18/2009,CAE,SC,ASO,ES,Combined TRACON& Tower with Radar,22,110,39,14,185,0,0,1,0,1,22,110,40,14,186,0,0,0,186
11/19/2009,CAE,SC,ASO,ES,Combined TRACON& Tower with Radar,20,117,54,23,214,0,3,17,1,21,20,120,71,24,235,22,2,24,259
11/20/2009,CAE,SC,ASO,ES,Combined TRACON& Tower with Radar,9,119,37,12,177,0,2,30,0,32,9,121,67,12,209,2,0,2,211
11/21/2009,CAE,SC,ASO,ES,Combined TRACON& Tower with Radar,12,58,28,6,104,0,0,15,0,15,12,58,43,6,119,2,0,2,121
11/22/2009,CAE,SC,ASO,ES,Combined TRACON& Tower with Radar,2,74,14,2,92,0,0,2,0,2,2,74,16,2,94,0,0,0,94
11/23/2009,CAE,SC,ASO,ES,Combined TRACON& Tower with Radar,5,96,14,4,119,0,0,0,0,0,5,96,14,4,119,0,0,0,119
11/24/2009,CAE,SC,ASO,ES,Combined TRACON& Tower with Radar,25,124,45,6,200,0,0,2,0,2,25,124,47,6,202,0,0,0,202
11/25/2009,CAE,SC,ASO,ES,Combined TRACON& Tower with Radar,26,109,35,4,174,0,2,6,0,8,26,111,41,4,182,3,0,3,185
11/26/2009,CAE,SC,ASO,ES,Combined TRACON& Tower with Radar,3,38,16,0,57,0,0,10,0,10,3,38,26,0,67,0,0,0,67
11/27/2009,CAE,SC,ASO,ES,Combined TRACON& Tower with Radar,5,81,25,0,111,0,2,18,0,20,5,83,43,0,131,0,0,0,131
11/28/2009,CAE,SC,ASO,ES,Combined TRACON& Tower with Radar,4,73,14,0,91,0,0,29,0,29,4,73,43,0,120,4,0,4,124
11/29/2009,CAE,SC,ASO,ES,Combined TRACON& Tower with Radar,4,85,29,3,121,0,0,30,0,30,4,85,59,3,151,18,0,18,169
11/30/2009,CAE,SC,ASO,ES,Combined TRACON& Tower with Radar,9,112,31,21,173,0,4,15,5,24,9,116,46,26,197,6,34,40,237
12/01/2009,CAE,SC,ASO,ES,Combined TRACON& Tower with Radar,26,123,35,6,190,0,2,18,1,21,26,125,53,7,211,6,0,6,217
12/02/2009,CAE,SC,ASO,ES,Combined TRACON& Tower with Radar,28,123,25,2,178,0,0,0,0,0,28,123,25,2,178,0,0,0,178
12/03/2009,CAE,SC,ASO,ES,Combined TRACON& Tower with Radar,25,120,26,2,173,0,1,15,0,16,25,121,41,2,189,34,0,34,223
12/04/2009,CAE,SC,ASO,ES,Combined TRACON& Tower with Radar,14,110,42,6,172,0,3,18,2,23,14,113,60,8,195,20,0,20,215
12/05/2009,CAE,SC,ASO,ES,Combined TRACON& Tower with Radar,12,57,15,0,84,0,0,2,0,2,12,57,17,0,86,0,0,0,86
12/06/2009,CAE,SC,ASO,ES,Combined TRACON& Tower with Radar,4,74,17,1,96,0,0,11,0,11,4,74,28,1,107,0,0,0,107
12/07/2009,CAE,SC,ASO,ES,Combined TRACON& Tower with Radar,6,98,20,2,126,0,2,8,0,10,6,100,28,2,136,0,0,0,136
12/08/2009,CAE,SC,ASO,ES,Combined TRACON& Tower with Radar,23,106,40,1,170,0,0,7,0,7,23,106,47,1,177,0,0,0,177
12/09/2009,CAE,SC,ASO,ES,Combined TRACON& Tower with Radar,26,126,30,2,184,0,4,1,0,5,26,130,31,2,189,4,0,4,193
12/10/2009,CAE,SC,ASO,ES,Combined TRACON& Tower with Radar,26,119,22,3,170,0,0,19,2,21,26,119,41,5,191,30,0,30,221
12/11/2009,CAE,SC,ASO,ES,Combined TRACON& Tower with Radar,12,119,43,1,175,0,0,29,0,29,12,119,72,1,204,12,0,12,216
12/12/2009,CAE,SC,ASO,ES,Combined TRACON& Tower with Radar,6,61,11,11,89,0,0,9,2,11,6,61,20,13,100,4,14,18,118
12/13/2009,CAE,SC,ASO,ES,Combined TRACON& Tower with Radar,2,71,8,0,81,0,0,0,0,0,2,71,8,0,81,0,0,0,81
12/14/2009,CAE,SC,ASO,ES,Combined TRACON& Tower with Radar,8,91,29,0,128,0,0,0,0,0,8,91,29,0,128,0,0,0,128
12/15/2009,CAE,SC,ASO,ES,Combined TRACON& Tower with Radar,27,111,44,7,189,0,0,0,0,0,27,111,44,7,189,0,0,0,189
12/16/2009,CAE,SC,ASO,ES,Combined TRACON& Tower with Radar,30,117,32,4,183,0,0,19,0,19,30,117,51,4,202,0,0,0,202
12/17/2009,CAE,SC,ASO,ES,Combined TRACON& Tower with Radar,32,123,42,4,201,0,0,30,4,34,32,123,72,8,235,6,0,6,241
12/18/2009,CAE,SC,ASO,ES,Combined TRACON& Tower with Radar,14,108,11,0,133,0,0,1,0,1,14,108,12,0,134,0,0,0,134
12/19/2009,CAE,SC,ASO,ES,Combined TRACON& Tower with Radar,4,72,19,0,95,0,1,10,0,11,4,73,29,0,106,0,0,0,106
12/20/2009,CAE,SC,ASO,ES,Combined TRACON& Tower with Radar,0,68,14,0,82,0,0,20,0,20,0,68,34,0,102,0,0,0,102
12/21/2009,CAE,SC,ASO,ES,Combined TRACON& Tower with Radar,5,105,36,2,148,0,0,16,0,16,5,105,52,2,164,0,0,0,164
12/22/2009,CAE,SC,ASO,ES,Combined TRACON& Tower with Radar,37,110,29,0,176,0,0,26,0,26,37,110,55,0,202,26,0,26,228
12/23/2009,CAE,SC,ASO,ES,Combined TRACON& Tower with Radar,33,120,20,2,175,0,0,26,0,26,33,120,46,2,201,0,0,0,201
12/24/2009,CAE,SC,ASO,ES,Combined TRACON& Tower with Radar,18,80,6,2,106,0,0,18,0,18,18,80,24,2,124,54,0,54,178
12/25/2009,CAE,SC,ASO,ES,Combined TRACON& Tower with Radar,0,55,4,0,59,0,0,0,0,0,0,55,4,0,59,0,0,0,59
12/26/2009,CAE,SC,ASO,ES,Combined TRACON& Tower with Radar,4,69,45,0,118,0,0,14,0,14,4,69,59,0,132,0,0,0,132
12/27/2009,CAE,SC,ASO,ES,Combined TRACON& Tower with Radar,0,100,26,0,126,0,0,20,0,20,0,100,46,0,146,0,0,0,146
12/28/2009,CAE,SC,ASO,ES,Combined TRACON& Tower with Radar,2,105,17,2,126,0,0,23,0,23,2,105,40,2,149,6,0,6,155
12/29/2009,CAE,SC,ASO,ES,Combined TRACON& Tower with Radar,24,106,29,0,159,0,0,24,0,24,24,106,53,0,183,12,0,12,195
12/30/2009,CAE,SC,ASO,ES,Combined TRACON& Tower with Radar,19,104,40,4,167,0,0,18,2,20,19,104,58,6,187,0,0,0,187
12/31/2009,CAE,SC,ASO,ES,Combined TRACON& Tower with Radar,9,86,15,0,110,0,0,3,0,3,9,86,18,0,113,0,0,0,113
01/01/2010,CAE,SC,ASO,ES,Combined TRACON& Tower with Radar,0,61,13,0,74,0,0,2,0,2,0,61,15,0,76,2,0,2,78
01/02/2010,CAE,SC,ASO,ES,Combined TRACON& Tower with Radar,6,74,27,0,107,0,0,11,0,11,6,74,38,0,118,0,0,0,118
01/03/2010,CAE,SC,ASO,ES,Combined TRACON& Tower with Radar,0,77,33,2,112,0,0,36,0,36,0,77,69,2,148,48,0,48,196
01/04/2010,CAE,SC,ASO,ES,Combined TRACON& Tower with Radar,3,106,25,4,138,0,0,13,0,13,3,106,38,4,151,10,0,10,161
01/05/2010,CAE,SC,ASO,ES,Combined TRACON& Tower with Radar,16,102,18,2,138,0,0,10,1,11,16,102,28,3,149,0,0,0,149
01/06/2010,CAE,SC,ASO,ES,Combined TRACON& Tower with Radar,23,117,20,5,165,0,0,12,2,14,23,117,32,7,179,28,0,28,207
01/07/2010,CAE,SC,ASO,ES,Combined TRACON& Tower with Radar,15,110,19,7,151,0,4,11,1,16,15,114,30,8,167,0,0,0,167
01/08/2010,CAE,SC,ASO,ES,Combined TRACON& Tower with Radar,5,112,13,10,140,0,2,7,0,9,5,114,20,10,149,51,20,71,220
01/09/2010,CAE,SC,ASO,ES,Combined TRACON& Tower with Radar,5,66,17,2,90,0,0,18,0,18,5,66,35,2,108,14,0,14,122
01/10/2010,CAE,SC,ASO,ES,Combined TRACON& Tower with Radar,2,74,15,2,93,0,0,33,0,33,2,74,48,2,126,0,0,0,126
01/11/2010,CAE,SC,ASO,ES,Combined TRACON& Tower with Radar,3,98,32,0,133,0,2,15,0,17,3,100,47,0,150,0,0,0,150
01/12/2010,CAE,SC,ASO,ES,Combined TRACON& Tower with Radar,16,110,20,3,149,0,5,12,0,17,16,115,32,3,166,20,0,20,186
01/13/2010,CAE,SC,ASO,ES,Combined TRACON& Tower with Radar,18,120,33,6,177,0,2,30,1,33,18,122,63,7,210,18,0,18,228
01/14/2010,CAE,SC,ASO,ES,Combined TRACON& Tower with Radar,16,120,24,0,160,0,0,9,0,9,16,120,33,0,169,8,0,8,177
01/15/2010,CAE,SC,ASO,ES,Combined TRACON& Tower with Radar,5,118,35,3,161,0,0,19,0,19,5,118,54,3,180,0,0,0,180
01/16/2010,CAE,SC,ASO,ES,Combined TRACON& Tower with Radar,5,66,13,0,84,0,0,14,0,14,5,66,27,0,98,0,0,0,98
01/17/2010,CAE,SC,ASO,ES,Combined TRACON& Tower with Radar,0,87,19,0,106,0,0,1,0,1,0,87,20,0,107,0,0,0,107
01/18/2010,CAE,SC,ASO,ES,Combined TRACON& Tower with Radar,5,97,33,0,135,0,0,14,0,14,5,97,47,0,149,10,0,10,159
01/19/2010,CAE,SC,ASO,ES,Combined TRACON& Tower with Radar,19,112,31,8,170,0,0,18,0,18,19,112,49,8,188,24,50,74,262
01/20/2010,CAE,SC,ASO,ES,Combined TRACON& Tower with Radar,20,117,27,14,178,0,0,15,1,16,20,117,42,15,194,0,0,0,194
01/21/2010,CAE,SC,ASO,ES,Combined TRACON& Tower with Radar,25,115,15,4,159,0,0,0,0,0,25,115,15,4,159,0,0,0,159
01/22/2010,CAE,SC,ASO,ES,Combined TRACON& Tower with Radar,10,119,45,0,174,0,0,2,0,2,10,119,47,0,176,2,0,2,178
01/23/2010,CAE,SC,ASO,ES,Combined TRACON& Tower with Radar,5,69,24,2,100,0,0,1,0,1,5,69,25,2,101,0,0,0,101
01/24/2010,CAE,SC,ASO,ES,Combined TRACON& Tower with Radar,12,72,20,2,106,0,0,1,0,1,12,72,21,2,107,0,0,0,107
01/25/2010,CAE,SC,ASO,ES,Combined TRACON& Tower with Radar,6,110,26,6,148,0,0,11,0,11,6,110,37,6,159,0,0,0,159
01/26/2010,CAE,SC,ASO,ES,Combined TRACON& Tower with Radar,16,110,39,2,167,0,2,10,0,12,16,112,49,2,179,4,0,4,183
01/27/2010,CAE,SC,ASO,ES,Combined TRACON& Tower with Radar,17,121,34,8,180,0,5,40,0,45,17,126,74,8,225,22,0,22,247
01/28/2010,CAE,SC,ASO,ES,Combined TRACON& Tower with Radar,16,111,38,4,169,0,2,19,2,23,16,113,57,6,192,4,0,4,196
01/29/2010,CAE,SC,ASO,ES,Combined TRACON& Tower with Radar,7,119,45,8,179,0,0,14,1,15,7,119,59,9,194,21,0,21,215
01/30/2010,CAE,SC,ASO,ES,Combined TRACON& Tower with Radar,8,60,5,0,73,0,0,0,0,0,8,60,5,0,73,0,0,0,73
01/31/2010,CAE,SC,ASO,ES,Combined TRACON& Tower with Radar,3,78,30,2,113,0,0,20,0,20,3,78,50,2,133,20,0,20,153
02/01/2010,CAE,SC,ASO,ES,Combined TRACON& Tower with Radar,3,103,20,7,133,0,0,26,0,26,3,103,46,7,159,0,21,21,180
02/02/2010,CAE,SC,ASO,ES,Combined TRACON& Tower with Radar,17,106,28,0,151,0,0,0,0,0,17,106,28,0,151,0,0,0,151
02/03/2010,CAE,SC,ASO,ES,Combined TRACON& Tower with Radar,17,115,42,5,179,0,1,21,3,25,17,116,63,8,204,16,0,16,220
02/04/2010,CAE,SC,ASO,ES,Combined TRACON& Tower with Radar,17,113,26,3,159,0,3,10,0,13,17,116,36,3,172,0,0,0,172
02/05/2010,CAE,SC,ASO,ES,Combined TRACON& Tower with Radar,6,114,20,2,142,0,0,0,0,0,6,114,20,2,142,0,0,0,142
02/06/2010,CAE,SC,ASO,ES,Combined TRACON& Tower with Radar,10,63,8,0,81,0,1,8,2,11,10,64,16,2,92,2,0,2,94
02/07/2010,CAE,SC,ASO,ES,Combined TRACON& Tower with Radar,0,68,31,2,101,0,1,13,0,14,0,69,44,2,115,0,0,0,115
02/08/2010,CAE,SC,ASO,ES,Combined TRACON& Tower with Radar,6,94,22,4,126,0,5,22,1,28,6,99,44,5,154,9,0,9,163
02/09/2010,CAE,SC,ASO,ES,Combined TRACON& Tower with Radar,17,106,28,2,153,0,0,4,0,4,17,106,32,2,157,0,0,0,157
02/10/2010,CAE,SC,ASO,ES,Combined TRACON& Tower with Radar,20,102,21,5,148,0,0,7,0,7,20,102,28,5,155,0,14,14,169
02/11/2010,CAE,SC,ASO,ES,Combined TRACON& Tower with Radar,19,101,36,10,166,0,2,19,0,21,19,103,55,10,187,8,6,14,201
02/12/2010,CAE,SC,ASO,ES,Combined TRACON& Tower with Radar,8,77,23,0,108,0,0,7,2,9,8,77,30,2,117,0,0,0,117
02/13/2010,CAE,SC,ASO,ES,Combined TRACON& Tower with Radar,16,62,18,1,97,0,0,12,2,14,16,62,30,3,111,0,0,0,111
02/14/2010,CAE,SC,ASO,ES,Combined TRACON& Tower with Radar,3,68,15,0,86,0,0,16,0,16,3,68,31,0,102,0,0,0,102
02/15/2010,CAE,SC,ASO,ES,Combined TRACON& Tower with Radar,5,87,25,2,119,0,0,6,1,7,5,87,31,3,126,0,0,0,126
02/16/2010,CAE,SC,ASO,ES,Combined TRACON& Tower with Radar,21,109,35,7,172,0,5,20,1,26,21,114,55,8,198,26,8,34,232
02/17/2010,CAE,SC,ASO,ES,Combined TRACON& Tower with Radar,19,117,43,6,185,0,2,25,0,27,19,119,68,6,212,6,0,6,218
02/18/2010,CAE,SC,ASO,ES,Combined TRACON& Tower with Radar,20,108,31,5,164,0,0,24,1,25,20,108,55,6,189,0,0,0,189
02/19/2010,CAE,SC,ASO,ES,Combined TRACON& Tower with Radar,8,105,22,6,141,0,0,26,2,28,8,105,48,8,169,36,4,40,209
02/20/2010,CAE,SC,ASO,ES,Combined TRACON& Tower with Radar,10,68,27,0,105,0,0,30,0,30,10,68,57,0,135,20,0,20,155
02/21/2010,CAE,SC,ASO,ES,Combined TRACON& Tower with Radar,3,77,17,0,97,0,0,29,0,29,3,77,46,0,126,8,0,8,134
02/22/2010,CAE,SC,ASO,ES,Combined TRACON& Tower with Radar,5,94,23,8,130,0,0,0,0,0,5,94,23,8,130,0,10,10,140
02/23/2010,CAE,SC,ASO,ES,Combined TRACON& Tower with Radar,19,108,28,7,162,0,0,7,1,8,19,108,35,8,170,0,0,0,170
02/24/2010,CAE,SC,ASO,ES,Combined TRACON& Tower with Radar,19,102,63,4,188,0,0,0,3,3,19,102,63,7,191,0,0,0,191
02/25/2010,CAE,SC,ASO,ES,Combined TRACON& Tower with Radar,17,103,43,27,190,0,0,10,0,10,17,103,53,27,200,1,90,91,291
02/26/2010,CAE,SC,ASO,ES,Combined TRACON& Tower with Radar,9,115,31,5,160,0,1,21,0,22,9,116,52,5,182,2,0,2,184
02/27/2010,CAE,SC,ASO,ES,Combined TRACON& Tower with Radar,7,66,23,3,99,0,0,28,0,28,7,66,51,3,127,18,28,46,173
02/28/2010,CAE,SC,ASO,ES,Combined TRACON& Tower with Radar,4,73,31,2,110,0,0,17,2,19,4,73,48,4,129,8,0,8,137
03/01/2010,CAE,SC,ASO,ES,Combined TRACON& Tower with Radar,8,99,19,0,126,0,0,21,0,21,8,99,40,0,147,52,0,52,199
03/02/2010,CAE,SC,ASO,ES,Combined TRACON& Tower with Radar,22,87,23,8,140,0,0,2,0,2,22,87,25,8,142,0,0,0,142
03/03/2010,CAE,SC,ASO,ES,Combined TRACON& Tower with Radar,19,107,27,4,157,0,0,8,4,12,19,107,35,8,169,0,0,0,169
03/04/2010,CAE,SC,ASO,ES,Combined TRACON& Tower with Radar,24,111,40,3,178,0,0,18,3,21,24,111,58,6,199,5,0,5,204
03/05/2010,CAE,SC,ASO,ES,Combined TRACON& Tower with Radar,9,108,37,12,166,0,0,31,3,34,9,108,68,15,200,18,14,32,232
03/06/2010,CAE,SC,ASO,ES,Combined TRACON& Tower with Radar,5,66,23,19,113,0,0,30,1,31,5,66,53,20,144,32,0,32,176
03/07/2010,CAE,SC,ASO,ES,Combined TRACON& Tower with Radar,2,77,21,1,101,0,0,22,2,24,2,77,43,3,125,6,4,10,135
03/08/2010,CAE,SC,ASO,ES,Combined TRACON& Tower with Radar,6,88,38,2,134,0,0,23,0,23,6,88,61,2,157,4,0,4,161
03/09/2010,CAE,SC,ASO,ES,Combined TRACON& Tower with Radar,18,100,42,6,166,0,1,29,0,30,18,101,71,6,196,6,0,6,202
03/10/2010,CAE,SC,ASO,ES,Combined TRACON& Tower with Radar,22,103,29,2,156,0,0,12,0,12,22,103,41,2,168,4,0,4,172
03/11/2010,CAE,SC,ASO,ES,Combined TRACON& Tower with Radar,22,98,29,2,151,0,0,0,0,0,22,98,29,2,151,0,0,0,151
03/12/2010,CAE,SC,ASO,ES,Combined TRACON& Tower with Radar,18,104,43,1,166,0,0,2,0,2,18,104,45,1,168,0,0,0,168
03/13/2010,CAE,SC,ASO,ES,Combined TRACON& Tower with Radar,7,69,18,1,95,0,0,11,0,11,7,69,29,1,106,0,0,0,106
03/14/2010,CAE,SC,ASO,ES,Combined TRACON& Tower with Radar,2,73,17,2,94,0,1,7,0,8,2,74,24,2,102,0,0,0,102
03/15/2010,CAE,SC,ASO,ES,Combined TRACON& Tower with Radar,6,91,52,8,157,0,0,40,0,40,6,91,92,8,197,24,28,52,249
03/16/2010,CAE,SC,ASO,ES,Combined TRACON& Tower with Radar,20,97,44,8,169,0,1,30,2,33,20,98,74,10,202,35,12,47,249
03/17/2010,CAE,SC,ASO,ES,Combined TRACON& Tower with Radar,20,105,38,1,164,0,0,22,5,27,20,105,60,6,191,6,0,6,197
03/18/2010,CAE,SC,ASO,ES,Combined TRACON& Tower with Radar,22,99,36,1,158,0,8,32,1,41,22,107,68,2,199,2,0,2,201
03/19/2010,CAE,SC,ASO,ES,Combined TRACON& Tower with Radar,8,97,36,3,144,0,5,31,0,36,8,102,67,3,180,0,0,0,180
03/20/2010,CAE,SC,ASO,ES,Combined TRACON& Tower with Radar,6,62,22,1,91,0,0,31,0,31,6,62,53,1,122,14,0,14,136
03/21/2010,CAE,SC,ASO,ES,Combined TRACON& Tower with Radar,4,75,22,0,101,0,0,4,0,4,4,75,26,0,105,0,0,0,105
03/22/2010,CAE,SC,ASO,ES,Combined TRACON& Tower with Radar,8,92,22,4,126,0,0,10,3,13,8,92,32,7,139,2,0,2,141
03/23/2010,CAE,SC,ASO,ES,Combined TRACON& Tower with Radar,20,104,35,2,161,0,0,21,0,21,20,104,56,2,182,0,0,0,182
03/24/2010,CAE,SC,ASO,ES,Combined TRACON& Tower with Radar,22,105,33,7,167,0,2,29,0,31,22,107,62,7,198,0,6,6,204
03/25/2010,CAE,SC,ASO,ES,Combined TRACON& Tower with Radar,23,107,43,2,175,0,5,25,0,30,23,112,68,2,205,14,0,14,219
03/26/2010,CAE,SC,ASO,ES,Combined TRACON& Tower with Radar,8,100,50,0,158,0,2,22,0,24,8,102,72,0,182,10,0,10,192
03/27/2010,CAE,SC,ASO,ES,Combined TRACON& Tower with Radar,8,64,16,0,88,0,1,13,0,14,8,65,29,0,102,76,0,76,178
03/28/2010,CAE,SC,ASO,ES,Combined TRACON& Tower with Radar,9,76,20,0,105,0,0,7,0,7,9,76,27,0,112,0,0,0,112
03/29/2010,CAE,SC,ASO,ES,Combined TRACON& Tower with Radar,6,97,40,6,149,0,0,4,0,4,6,97,44,6,153,22,0,22,175
03/30/2010,CAE,SC,ASO,ES,Combined TRACON& Tower with Radar,19,102,26,9,156,0,0,30,2,32,19,102,56,11,188,8,0,8,196
03/31/2010,CAE,SC,ASO,ES,Combined TRACON& Tower with Radar,23,112,27,4,166,0,0,30,0,30,23,112,57,4,196,0,0,0,196
04/01/2010,CAE,SC,ASO,ES,Combined TRACON& Tower with Radar,20,113,37,0,170,0,0,36,4,40,20,113,73,4,210,12,0,12,222
04/02/2010,CAE,SC,ASO,ES,Combined TRACON& Tower with Radar,10,105,41,2,158,0,3,35,0,38,10,108,76,2,196,72,0,72,268
04/03/2010,CAE,SC,ASO,ES,Combined TRACON& Tower with Radar,8,65,23,0,96,0,0,23,0,23,8,65,46,0,119,8,0,8,127
04/04/2010,CAE,SC,ASO,ES,Combined TRACON& Tower with Radar,2,73,10,0,85,0,0,16,0,16,2,73,26,0,101,0,0,0,101
04/05/2010,CAE,SC,ASO,ES,Combined TRACON& Tower with Radar,7,93,36,10,146,0,0,28,0,28,7,93,64,10,174,24,28,52,226
04/06/2010,CAE,SC,ASO,ES,Combined TRACON& Tower with Radar,25,91,32,2,150,0,1,20,2,23,25,92,52,4,173,20,0,20,193
04/07/2010,CAE,SC,ASO,ES,Combined TRACON& Tower with Radar,27,92,56,4,179,0,0,34,0,34,27,92,90,4,213,2,0,2,215
04/08/2010,CAE,SC,ASO,ES,Combined TRACON& Tower with Radar,28,107,41,12,188,0,2,6,0,8,28,109,47,12,196,0,8,8,204
04/09/2010,CAE,SC,ASO,ES,Combined TRACON& Tower with Radar,15,99,59,3,176,0,0,18,0,18,15,99,77,3,194,40,0,40,234
04/10/2010,CAE,SC,ASO,ES,Combined TRACON& Tower with Radar,13,62,20,2,97,0,0,34,0,34,13,62,54,2,131,8,0,8,139
04/11/2010,CAE,SC,ASO,ES,Combined TRACON& Tower with Radar,5,71,38,2,116,0,0,18,2,20,5,71,56,4,136,8,0,8,144
04/12/2010,CAE,SC,ASO,ES,Combined TRACON& Tower with Radar,13,97,37,15,162,0,4,27,3,34,13,101,64,18,196,0,12,12,208
04/13/2010,CAE,SC,ASO,ES,Combined TRACON& Tower with Radar,26,104,32,3,165,0,1,36,3,40,26,105,68,6,205,0,0,0,205
04/14/2010,CAE,SC,ASO,ES,Combined TRACON& Tower with Radar,24,101,33,4,162,0,0,14,8,22,24,101,47,12,184,0,0,0,184
04/15/2010,CAE,SC,ASO,ES,Combined TRACON& Tower with Radar,28,106,42,9,185,0,0,27,0,27,28,106,69,9,212,41,6,47,259
04/16/2010,CAE,SC,ASO,ES,Combined TRACON& Tower with Radar,12,102,39,3,156,0,1,16,3,20,12,103,55,6,176,0,0,0,176
04/17/2010,CAE,SC,ASO,ES,Combined TRACON& Tower with Radar,10,61,19,1,91,0,0,14,0,14,10,61,33,1,105,0,0,0,105
04/18/2010,CAE,SC,ASO,ES,Combined TRACON& Tower with Radar,4,76,24,9,113,0,0,15,5,20,4,76,39,14,133,0,0,0,133
04/19/2010,CAE,SC,ASO,ES,Combined TRACON& Tower with Radar,10,87,27,4,128,0,0,15,0,15,10,87,42,4,143,0,0,0,143
04/20/2010,CAE,SC,ASO,ES,Combined TRACON& Tower with Radar,23,93,33,2,151,0,0,10,0,10,23,93,43,2,161,2,0,2,163
04/21/2010,CAE,SC,ASO,ES,Combined TRACON& Tower with Radar,29,106,77,2,214,0,0,10,0,10,29,106,87,2,224,0,0,0,224
04/22/2010,CAE,SC,ASO,ES,Combined TRACON& Tower with Radar,24,103,37,10,174,0,0,24,0,24,24,103,61,10,198,0,0,0,198
04/23/2010,CAE,SC,ASO,ES,Combined TRACON& Tower with Radar,14,104,25,8,151,0,0,23,0,23,14,104,48,8,174,0,0,0,174
04/24/2010,CAE,SC,ASO,ES,Combined TRACON& Tower with Radar,10,65,7,0,82,0,0,7,2,9,10,65,14,2,91,44,0,44,135
04/25/2010,CAE,SC,ASO,ES,Combined TRACON& Tower with Radar,4,73,25,0,102,0,0,0,0,0,4,73,25,0,102,26,0,26,128
04/26/2010,CAE,SC,ASO,ES,Combined TRACON& Tower with Radar,12,90,17,2,121,0,0,11,0,11,12,90,28,2,132,10,0,10,142
04/27/2010,CAE,SC,ASO,ES,Combined TRACON& Tower with Radar,28,99,28,6,161,0,2,14,0,16,28,101,42,6,177,0,0,0,177
04/28/2010,CAE,SC,ASO,ES,Combined TRACON& Tower with Radar,26,104,48,4,182,0,2,16,0,18,26,106,64,4,200,34,0,34,234
04/29/2010,CAE,SC,ASO,ES,Combined TRACON& Tower with Radar,24,106,48,13,191,0,0,25,2,27,24,106,73,15,218,14,0,14,232
04/30/2010,CAE,SC,ASO,ES,Combined TRACON& Tower with Radar,11,103,31,6,151,0,2,25,2,29,11,105,56,8,180,0,0,0,180
05/01/2010,CAE,SC,ASO,ES,Combined TRACON& Tower with Radar,4,66,9,0,79,0,0,13,0,13,4,66,22,0,92,50,0,50,142
05/02/2010,CAE,SC,ASO,ES,Combined TRACON& Tower with Radar,2,53,13,1,69,0,0,3,0,3,2,53,16,1,72,40,0,40,112
05/03/2010,CAE,SC,ASO,ES,Combined TRACON& Tower with Radar,5,95,18,2,120,0,0,2,0,2,5,95,20,2,122,0,0,0,122
05/04/2010,CAE,SC,ASO,ES,Combined TRACON& Tower with Radar,21,108,26,2,157,0,0,10,2,12,21,108,36,4,169,0,0,0,169
05/05/2010,CAE,SC,ASO,ES,Combined TRACON& Tower with Radar,22,98,36,8,164,0,0,12,0,12,22,98,48,8,176,0,0,0,176
05/06/2010,CAE,SC,ASO,ES,Combined TRACON& Tower with Radar,20,114,58,6,198,0,3,21,0,24,20,117,79,6,222,0,0,0,222
05/07/2010,CAE,SC,ASO,ES,Combined TRACON& Tower with Radar,12,105,40,10,167,0,1,10,5,16,12,106,50,15,183,0,0,0,183
05/08/2010,CAE,SC,ASO,ES,Combined TRACON& Tower with Radar,12,70,11,4,97,0,0,9,1,10,12,70,20,5,107,8,0,8,115
05/09/2010,CAE,SC,ASO,ES,Combined TRACON& Tower with Radar,2,70,18,9,99,0,1,11,2,14,2,71,29,11,113,0,0,0,113
05/10/2010,CAE,SC,ASO,ES,Combined TRACON& Tower with Radar,8,104,33,3,148,0,0,20,1,21,8,104,53,4,169,0,0,0,169
05/11/2010,CAE,SC,ASO,ES,Combined TRACON& Tower with Radar,15,104,35,8,162,0,0,22,2,24,15,104,57,10,186,0,0,0,186
05/12/2010,CAE,SC,ASO,ES,Combined TRACON& Tower with Radar,17,107,31,9,164,0,0,9,0,9,17,107,40,9,173,5,4,9,182
05/13/2010,CAE,SC,ASO,ES,Combined TRACON& Tower with Radar,16,108,27,3,154,0,0,17,0,17,16,108,44,3,171,0,0,0,171
05/14/2010,CAE,SC,ASO,ES,Combined TRACON& Tower with Radar,8,112,25,3,148,0,0,32,0,32,8,112,57,3,180,2,0,2,182
05/15/2010,CAE,SC,ASO,ES,Combined TRACON& Tower with Radar,8,66,17,0,91,0,0,21,0,21,8,66,38,0,112,0,0,0,112
05/16/2010,CAE,SC,ASO,ES,Combined TRACON& Tower with Radar,2,79,21,5,107,0,0,23,0,23,2,79,44,5,130,20,0,20,150
05/17/2010,CAE,SC,ASO,ES,Combined TRACON& Tower with Radar,5,95,23,20,143,0,0,7,0,7,5,95,30,20,150,2,4,6,156
05/18/2010,CAE,SC,ASO,ES,Combined TRACON& Tower with Radar,18,106,47,6,177,0,0,14,0,14,18,106,61,6,191,6,0,6,197
05/19/2010,CAE,SC,ASO,ES,Combined TRACON& Tower with Radar,19,105,51,6,181,0,0,26,0,26,19,105,77,6,207,12,0,12,219
05/20/2010,CAE,SC,ASO,ES,Combined TRACON& Tower with Radar,16,109,47,1,173,0,3,22,1,26,16,112,69,2,199,9,0,9,208
05/21/2010,CAE,SC,ASO,ES,Combined TRACON& Tower with Radar,17,114,34,3,168,0,0,10,1,11,17,114,44,4,179,12,0,12,191
05/22/2010,CAE,SC,ASO,ES,Combined TRACON& Tower with Radar,11,70,9,3,93,0,1,5,1,7,11,71,14,4,100,8,0,8,108
05/23/2010,CAE,SC,ASO,ES,Combined TRACON& Tower with Radar,4,77,16,2,99,0,0,11,0,11,4,77,27,2,110,4,0,4,114
05/24/2010,CAE,SC,ASO,ES,Combined TRACON& Tower with Radar,6,96,27,0,129,0,0,7,1,8,6,96,34,1,137,2,0,2,139
05/25/2010,CAE,SC,ASO,ES,Combined TRACON& Tower with Radar,16,103,29,4,152,0,0,7,0,7,16,103,36,4,159,0,0,0,159
05/26/2010,CAE,SC,ASO,ES,Combined TRACON& Tower with Radar,16,102,31,2,151,0,0,16,0,16,16,102,47,2,167,4,0,4,171
05/27/2010,CAE,SC,ASO,ES,Combined TRACON& Tower with Radar,15,124,41,3,183,0,2,30,1,33,15,126,71,4,216,2,0,2,218
05/28/2010,CAE,SC,ASO,ES,Combined TRACON& Tower with Radar,9,103,16,0,128,0,0,15,0,15,9,103,31,0,143,4,0,4,147
05/29/2010,CAE,SC,ASO,ES,Combined TRACON& Tower with Radar,7,69,8,1,85,0,0,12,0,12,7,69,20,1,97,18,0,18,115
05/30/2010,CAE,SC,ASO,ES,Combined TRACON& Tower with Radar,3,51,11,0,65,0,0,9,0,9,3,51,20,0,74,18,0,18,92
05/31/2010,CAE,SC,ASO,ES,Combined TRACON& Tower with Radar,4,78,5,2,89,0,0,5,0,5,4,78,10,2,94,17,0,17,111
06/01/2010,CAE,SC,ASO,ES,Combined TRACON& Tower with Radar,9,101,30,4,144,0,2,2,0,4,9,103,32,4,148,0,0,0,148
06/02/2010,CAE,SC,ASO,ES,Combined TRACON& Tower with Radar,22,113,46,0,181,0,4,14,0,18,22,117,60,0,199,0,0,0,199
06/03/2010,CAE,SC,ASO,ES,Combined TRACON& Tower with Radar,22,114,18,2,156,0,0,3,0,3,22,114,21,2,159,0,0,0,159
06/04/2010,CAE,SC,ASO,ES,Combined TRACON& Tower with Radar,14,104,34,5,157,0,0,15,0,15,14,104,49,5,172,2,0,2,174
06/05/2010,CAE,SC,ASO,ES,Combined TRACON& Tower with Radar,3,74,18,4,99,0,0,11,0,11,3,74,29,4,110,0,0,0,110
06/06/2010,CAE,SC,ASO,ES,Combined TRACON& Tower with Radar,2,82,18,0,102,0,0,12,0,12,2,82,30,0,114,46,0,46,160
06/07/2010,CAE,SC,ASO,ES,Combined TRACON& Tower with Radar,5,96,50,3,154,0,0,26,1,27,5,96,76,4,181,8,0,8,189
06/08/2010,CAE,SC,ASO,ES,Combined TRACON& Tower with Radar,19,107,32,2,160,0,3,20,0,23,19,110,52,2,183,0,0,0,183
06/09/2010,CAE,SC,ASO,ES,Combined TRACON& Tower with Radar,16,104,35,5,160,0,2,20,0,22,16,106,55,5,182,0,0,0,182
06/10/2010,CAE,SC,ASO,ES,Combined TRACON& Tower with Radar,19,111,21,4,155,0,0,12,0,12,19,111,33,4,167,0,0,0,167
06/11/2010,CAE,SC,ASO,ES,Combined TRACON& Tower with Radar,10,109,33,2,154,0,0,15,0,15,10,109,48,2,169,0,0,0,169
06/12/2010,CAE,SC,ASO,ES,Combined TRACON& Tower with Radar,6,70,19,4,99,0,2,18,0,20,6,72,37,4,119,0,0,0,119
06/13/2010,CAE,SC,ASO,ES,Combined TRACON& Tower with Radar,8,79,15,2,104,0,0,15,0,15,8,79,30,2,119,4,0,4,123
06/14/2010,CAE,SC,ASO,ES,Combined TRACON& Tower with Radar,6,96,25,4,131,0,2,8,0,10,6,98,33,4,141,0,16,16,157
06/15/2010,CAE,SC,ASO,ES,Combined TRACON& Tower with Radar,19,99,30,2,150,0,0,10,0,10,19,99,40,2,160,0,0,0,160
06/16/2010,CAE,SC,ASO,ES,Combined TRACON& Tower with Radar,19,105,22,9,155,0,0,17,1,18,19,105,39,10,173,2,0,2,175
06/17/2010,CAE,SC,ASO,ES,Combined TRACON& Tower with Radar,21,116,33,5,175,0,2,21,2,25,21,118,54,7,200,28,0,28,228
06/18/2010,CAE,SC,ASO,ES,Combined TRACON& Tower with Radar,11,110,32,8,161,0,0,11,0,11,11,110,43,8,172,4,2,6,178
06/19/2010,CAE,SC,ASO,ES,Combined TRACON& Tower with Radar,6,69,16,2,93,0,0,7,0,7,6,69,23,2,100,0,0,0,100
06/20/2010,CAE,SC,ASO,ES,Combined TRACON& Tower with Radar,2,81,15,2,100,0,0,16,0,16,2,81,31,2,116,0,0,0,116
06/21/2010,CAE,SC,ASO,ES,Combined TRACON& Tower with Radar,8,98,25,2,133,0,0,18,0,18,8,98,43,2,151,14,0,14,165
06/22/2010,CAE,SC,ASO,ES,Combined TRACON& Tower with Radar,18,108,29,6,161,0,4,12,0,16,18,112,41,6,177,0,0,0,177
06/23/2010,CAE,SC,ASO,ES,Combined TRACON& Tower with Radar,19,108,36,6,169,0,8,15,0,23,19,116,51,6,192,0,2,2,194
06/24/2010,CAE,SC,ASO,ES,Combined TRACON& Tower with Radar,18,100,43,2,163,0,0,23,0,23,18,100,66,2,186,0,0,0,186
06/25/2010,CAE,SC,ASO,ES,Combined TRACON& Tower with Radar,8,111,27,4,150,0,0,22,2,24,8,111,49,6,174,0,0,0,174
06/26/2010,CAE,SC,ASO,ES,Combined TRACON& Tower with Radar,6,70,15,2,93,0,0,21,0,21,6,70,36,2,114,51,0,51,165
06/27/2010,CAE,SC,ASO,ES,Combined TRACON& Tower with Radar,2,76,18,4,100,0,2,12,0,14,2,78,30,4,114,7,0,7,121
06/28/2010,CAE,SC,ASO,ES,Combined TRACON& Tower with Radar,6,92,28,2,128,0,0,10,0,10,6,92,38,2,138,2,0,2,140
06/29/2010,CAE,SC,ASO,ES,Combined TRACON& Tower with Radar,22,101,30,4,157,0,1,6,0,7,22,102,36,4,164,0,0,0,164
06/30/2010,CAE,SC,ASO,ES,Combined TRACON& Tower with Radar,22,120,27,2,171,0,1,7,2,10,22,121,34,4,181,2,0,2,183
07/01/2010,CAE,SC,ASO,ES,Combined TRACON& Tower with Radar,18,106,50,2,176,0,1,13,0,14,18,107,63,2,190,6,0,6,196
07/02/2010,CAE,SC,ASO,ES,Combined TRACON& Tower with Radar,11,104,24,2,141,0,0,17,0,17,11,104,41,2,158,0,0,0,158
07/03/2010,CAE,SC,ASO,ES,Combined TRACON& Tower with Radar,3,67,14,0,84,0,0,20,0,20,3,67,34,0,104,0,0,0,104
07/04/2010,CAE,SC,ASO,ES,Combined TRACON& Tower with Radar,0,60,12,0,72,0,0,23,0,23,0,60,35,0,95,0,0,0,95
07/05/2010,CAE,SC,ASO,ES,Combined TRACON& Tower with Radar,5,81,15,0,101,0,1,19,0,20,5,82,34,0,121,0,0,0,121
07/06/2010,CAE,SC,ASO,ES,Combined TRACON& Tower with Radar,8,98,26,3,135,0,0,20,0,20,8,98,46,3,155,2,0,2,157
07/07/2010,CAE,SC,ASO,ES,Combined TRACON& Tower with Radar,22,102,29,0,153,0,0,24,3,27,22,102,53,3,180,0,0,0,180
07/08/2010,CAE,SC,ASO,ES,Combined TRACON& Tower with Radar,20,99,25,4,148,0,0,20,0,20,20,99,45,4,168,0,0,0,168
07/09/2010,CAE,SC,ASO,ES,Combined TRACON& Tower with Radar,12,115,14,3,144,0,0,11,0,11,12,115,25,3,155,0,0,0,155
07/10/2010,CAE,SC,ASO,ES,Combined TRACON& Tower with Radar,8,68,19,1,96,0,0,15,2,17,8,68,34,3,113,12,0,12,125
07/11/2010,CAE,SC,ASO,ES,Combined TRACON& Tower with Radar,2,78,11,0,91,0,0,18,0,18,2,78,29,0,109,8,0,8,117
07/12/2010,CAE,SC,ASO,ES,Combined TRACON& Tower with Radar,8,86,12,14,120,0,0,2,0,2,8,86,14,14,122,0,0,0,122
07/13/2010,CAE,SC,ASO,ES,Combined TRACON& Tower with Radar,23,105,25,8,161,0,0,8,0,8,23,105,33,8,169,0,0,0,169
07/14/2010,CAE,SC,ASO,ES,Combined TRACON& Tower with Radar,19,105,30,5,159,0,0,14,1,15,19,105,44,6,174,10,0,10,184
07/15/2010,CAE,SC,ASO,ES,Combined TRACON& Tower with Radar,18,101,43,1,163,0,0,18,1,19,18,101,61,2,182,0,0,0,182
07/16/2010,CAE,SC,ASO,ES,Combined TRACON& Tower with Radar,9,103,33,6,151,0,0,12,1,13,9,103,45,7,164,10,0,10,174
07/17/2010,CAE,SC,ASO,ES,Combined TRACON& Tower with Radar,14,82,24,2,122,0,1,20,0,21,14,83,44,2,143,26,0,26,169
07/18/2010,CAE,SC,ASO,ES,Combined TRACON& Tower with Radar,6,83,13,4,106,0,0,4,0,4,6,83,17,4,110,0,0,0,110
07/19/2010,CAE,SC,ASO,ES,Combined TRACON& Tower with Radar,5,99,17,9,130,0,0,13,1,14,5,99,30,10,144,0,0,0,144
07/20/2010,CAE,SC,ASO,ES,Combined TRACON& Tower with Radar,16,105,21,8,150,0,1,14,0,15,16,106,35,8,165,0,0,0,165
07/21/2010,CAE,SC,ASO,ES,Combined TRACON& Tower with Radar,20,105,46,3,174,0,0,19,1,20,20,105,65,4,194,0,0,0,194
07/22/2010,CAE,SC,ASO,ES,Combined TRACON& Tower with Radar,20,103,39,3,165,0,2,12,0,14,20,105,51,3,179,0,0,0,179
07/23/2010,CAE,SC,ASO,ES,Combined TRACON& Tower with Radar,9,101,26,4,140,0,1,12,0,13,9,102,38,4,153,0,0,0,153
07/24/2010,CAE,SC,ASO,ES,Combined TRACON& Tower with Radar,7,69,12,4,92,0,0,14,0,14,7,69,26,4,106,0,0,0,106
07/25/2010,CAE,SC,ASO,ES,Combined TRACON& Tower with Radar,3,68,4,2,77,0,0,11,0,11,3,68,15,2,88,0,0,0,88
07/26/2010,CAE,SC,ASO,ES,Combined TRACON& Tower with Radar,6,93,23,0,122,0,0,16,0,16,6,93,39,0,138,0,0,0,138
07/27/2010,CAE,SC,ASO,ES,Combined TRACON& Tower with Radar,19,107,34,2,162,0,0,17,2,19,19,107,51,4,181,0,0,0,181
07/28/2010,CAE,SC,ASO,ES,Combined TRACON& Tower with Radar,20,101,44,2,167,0,0,7,0,7,20,101,51,2,174,2,0,2,176
07/29/2010,CAE,SC,ASO,ES,Combined TRACON& Tower with Radar,18,97,39,0,154,0,0,17,0,17,18,97,56,0,171,4,0,4,175
07/30/2010,CAE,SC,ASO,ES,Combined TRACON& Tower with Radar,14,102,28,4,148,0,3,19,0,22,14,105,47,4,170,25,0,25,195
07/31/2010,CAE,SC,ASO,ES,Combined TRACON& Tower with Radar,9,72,31,0,112,0,0,8,0,8,9,72,39,0,120,38,0,38,158
08/01/2010,CAE,SC,ASO,ES,Combined TRACON& Tower with Radar,4,69,30,7,110,0,0,6,1,7,4,69,36,8,117,0,0,0,117
08/02/2010,CAE,SC,ASO,ES,Combined TRACON& Tower with Radar,8,100,25,0,133,0,4,6,2,12,8,104,31,2,145,2,0,2,147
08/03/2010,CAE,SC,ASO,ES,Combined TRACON& Tower with Radar,19,109,49,12,189,0,0,10,1,11,19,109,59,13,200,0,0,0,200
08/04/2010,CAE,SC,ASO,ES,Combined TRACON& Tower with Radar,18,103,33,4,158,0,0,19,0,19,18,103,52,4,177,4,0,4,181
08/05/2010,CAE,SC,ASO,ES,Combined TRACON& Tower with Radar,39,104,32,6,181,0,0,11,0,11,39,104,43,6,192,16,12,28,220
08/06/2010,CAE,SC,ASO,ES,Combined TRACON& Tower with Radar,17,101,12,0,130,0,4,0,0,4,17,105,12,0,134,0,0,0,134
08/07/2010,CAE,SC,ASO,ES,Combined TRACON& Tower with Radar,9,71,21,6,107,0,0,5,0,5,9,71,26,6,112,0,0,0,112
08/08/2010,CAE,SC,ASO,ES,Combined TRACON& Tower with Radar,2,78,10,2,92,0,0,20,0,20,2,78,30,2,112,24,0,24,136
08/09/2010,CAE,SC,ASO,ES,Combined TRACON& Tower with Radar,6,104,18,2,130,0,1,6,0,7,6,105,24,2,137,0,0,0,137
08/10/2010,CAE,SC,ASO,ES,Combined TRACON& Tower with Radar,17,107,21,2,147,0,0,8,4,12,17,107,29,6,159,0,0,0,159
08/11/2010,CAE,SC,ASO,ES,Combined TRACON& Tower with Radar,17,102,27,2,148,0,2,11,2,15,17,104,38,4,163,46,0,46,209
08/12/2010,CAE,SC,ASO,ES,Combined TRACON& Tower with Radar,21,102,30,3,156,0,0,9,3,12,21,102,39,6,168,18,0,18,186
08/13/2010,CAE,SC,ASO,ES,Combined TRACON& Tower with Radar,10,112,29,4,155,0,3,14,0,17,10,115,43,4,172,20,0,20,192
08/14/2010,CAE,SC,ASO,ES,Combined TRACON& Tower with Radar,5,69,17,2,93,0,0,4,0,4,5,69,21,2,97,0,0,0,97
08/15/2010,CAE,SC,ASO,ES,Combined TRACON& Tower with Radar,3,75,16,0,94,0,0,2,0,2,3,75,18,0,96,0,0,0,96
08/16/2010,CAE,SC,ASO,ES,Combined TRACON& Tower with Radar,8,95,27,2,132,0,0,6,1,7,8,95,33,3,139,4,0,4,143
08/17/2010,CAE,SC,ASO,ES,Combined TRACON& Tower with Radar,20,108,32,0,160,0,0,3,0,3,20,108,35,0,163,8,0,8,171
08/18/2010,CAE,SC,ASO,ES,Combined TRACON& Tower with Radar,17,105,20,0,142,0,0,7,0,7,17,105,27,0,149,32,0,32,181
08/19/2010,CAE,SC,ASO,ES,Combined TRACON& Tower with Radar,18,90,21,0,129,0,0,4,0,4,18,90,25,0,133,0,0,0,133
08/20/2010,CAE,SC,ASO,ES,Combined TRACON& Tower with Radar,8,102,41,13,164,0,3,6,2,11,8,105,47,15,175,78,0,78,253
08/21/2010,CAE,SC,ASO,ES,Combined TRACON& Tower with Radar,4,66,13,4,87,0,0,10,0,10,4,66,23,4,97,0,0,0,97
08/22/2010,CAE,SC,ASO,ES,Combined TRACON& Tower with Radar,4,68,12,4,88,0,0,10,0,10,4,68,22,4,98,0,4,4,102
08/23/2010,CAE,SC,ASO,ES,Combined TRACON& Tower with Radar,8,92,29,4,133,0,0,14,0,14,8,92,43,4,147,6,0,6,153
08/24/2010,CAE,SC,ASO,ES,Combined TRACON& Tower with Radar,18,100,32,6,156,0,5,15,4,24,18,105,47,10,180,6,0,6,186
08/25/2010,CAE,SC,ASO,ES,Combined TRACON& Tower with Radar,18,96,41,2,157,0,0,8,0,8,18,96,49,2,165,2,0,2,167
08/26/2010,CAE,SC,ASO,ES,Combined TRACON& Tower with Radar,20,105,39,6,170,0,0,11,0,11,20,105,50,6,181,0,0,0,181
08/27/2010,CAE,SC,ASO,ES,Combined TRACON& Tower with Radar,11,103,25,2,141,0,0,17,0,17,11,103,42,2,158,0,0,0,158
08/28/2010,CAE,SC,ASO,ES,Combined TRACON& Tower with Radar,6,62,15,1,84,0,0,7,0,7,6,62,22,1,91,0,0,0,91
08/29/2010,CAE,SC,ASO,ES,Combined TRACON& Tower with Radar,8,73,18,3,102,0,0,26,0,26,8,73,44,3,128,14,0,14,142
08/30/2010,CAE,SC,ASO,ES,Combined TRACON& Tower with Radar,8,93,18,8,127,0,2,20,1,23,8,95,38,9,150,0,0,0,150
08/31/2010,CAE,SC,ASO,ES,Combined TRACON& Tower with Radar,18,104,31,10,163,0,0,26,3,29,18,104,57,13,192,18,0,18,210
09/01/2010,CAE,SC,ASO,ES,Combined TRACON& Tower with Radar,23,96,24,4,147,0,0,13,4,17,23,96,37,8,164,34,0,34,198
09/02/2010,CAE,SC,ASO,ES,Combined TRACON& Tower with Radar,18,108,39,4,169,0,1,15,1,17,18,109,54,5,186,4,0,4,190
09/03/2010,CAE,SC,ASO,ES,Combined TRACON& Tower with Radar,11,103,26,0,140,0,4,17,0,21,11,107,43,0,161,12,0,12,173
09/04/2010,CAE,SC,ASO,ES,Combined TRACON& Tower with Radar,4,61,10,0,75,0,0,15,0,15,4,61,25,0,90,4,0,4,94
09/05/2010,CAE,SC,ASO,ES,Combined TRACON& Tower with Radar,2,57,6,0,65,0,0,17,0,17,2,57,23,0,82,0,0,0,82
09/06/2010,CAE,SC,ASO,ES,Combined TRACON& Tower with Radar,4,80,21,0,105,0,0,15,0,15,4,80,36,0,120,22,0,22,142
09/07/2010,CAE,SC,ASO,ES,Combined TRACON& Tower with Radar,7,101,26,2,136,0,0,8,1,9,7,101,34,3,145,20,0,20,165
09/08/2010,CAE,SC,ASO,ES,Combined TRACON& Tower with Radar,16,96,32,7,151,0,1,16,0,17,16,97,48,7,168,0,6,6,174
09/09/2010,CAE,SC,ASO,ES,Combined TRACON& Tower with Radar,19,102,24,9,154,0,0,11,2,13,19,102,35,11,167,2,0,2,169
09/10/2010,CAE,SC,ASO,ES,Combined TRACON& Tower with Radar,13,103,23,9,148,0,0,10,1,11,13,103,33,10,159,22,0,22,181
09/11/2010,CAE,SC,ASO,ES,Combined TRACON& Tower with Radar,10,75,17,3,105,0,0,17,1,18,10,75,34,4,123,0,0,0,123
09/12/2010,CAE,SC,ASO,ES,Combined TRACON& Tower with Radar,10,77,20,2,109,0,0,13,0,13,10,77,33,2,122,0,0,0,122
09/13/2010,CAE,SC,ASO,ES,Combined TRACON& Tower with Radar,6,95,25,0,126,0,0,18,0,18,6,95,43,0,144,0,10,10,154
09/14/2010,CAE,SC,ASO,ES,Combined TRACON& Tower with Radar,20,96,34,14,164,0,0,17,3,20,20,96,51,17,184,0,4,4,188
09/15/2010,CAE,SC,ASO,ES,Combined TRACON& Tower with Radar,16,104,27,2,149,0,0,18,0,18,16,104,45,2,167,0,0,0,167
09/16/2010,CAE,SC,ASO,ES,Combined TRACON& Tower with Radar,17,101,35,2,155,0,0,14,0,14,17,101,49,2,169,0,0,0,169
09/17/2010,CAE,SC,ASO,ES,Combined TRACON& Tower with Radar,10,111,26,4,151,0,0,17,0,17,10,111,43,4,168,0,0,0,168
09/18/2010,CAE,SC,ASO,ES,Combined TRACON& Tower with Radar,5,66,10,4,85,0,0,16,0,16,5,66,26,4,101,6,0,6,107
09/19/2010,CAE,SC,ASO,ES,Combined TRACON& Tower with Radar,3,76,20,4,103,0,1,17,0,18,3,77,37,4,121,0,0,0,121
09/20/2010,CAE,SC,ASO,ES,Combined TRACON& Tower with Radar,8,93,30,3,134,0,1,10,0,11,8,94,40,3,145,0,0,0,145
09/21/2010,CAE,SC,ASO,ES,Combined TRACON& Tower with Radar,17,98,30,9,154,0,1,18,0,19,17,99,48,9,173,0,6,6,179
09/22/2010,CAE,SC,ASO,ES,Combined TRACON& Tower with Radar,16,99,39,7,161,0,0,24,1,25,16,99,63,8,186,0,0,0,186
09/23/2010,CAE,SC,ASO,ES,Combined TRACON& Tower with Radar,16,108,41,7,172,0,0,19,4,23,16,108,60,11,195,0,6,6,201
09/24/2010,CAE,SC,ASO,ES,Combined TRACON& Tower with Radar,12,109,32,3,156,0,0,21,2,23,12,109,53,5,179,0,0,0,179
09/25/2010,CAE,SC,ASO,ES,Combined TRACON& Tower with Radar,4,72,16,10,102,0,1,9,0,10,4,73,25,10,112,0,8,8,120
09/26/2010,CAE,SC,ASO,ES,Combined TRACON& Tower with Radar,8,77,27,1,113,0,0,2,0,2,8,77,29,1,115,0,0,0,115
09/27/2010,CAE,SC,ASO,ES,Combined TRACON& Tower with Radar,8,90,16,0,114,0,0,0,0,0,8,90,16,0,114,0,0,0,114
09/28/2010,CAE,SC,ASO,ES,Combined TRACON& Tower with Radar,16,99,58,1,174,0,1,19,2,22,16,100,77,3,196,0,0,0,196
09/29/2010,CAE,SC,ASO,ES,Combined TRACON& Tower with Radar,16,97,52,9,174,0,0,4,0,4,16,97,56,9,178,0,0,0,178
09/30/2010,CAE,SC,ASO,ES,Combined TRACON& Tower with Radar,17,113,23,7,160,0,1,4,1,6,17,114,27,8,166,0,8,8,174
10/01/2010,CAE,SC,ASO,ES,Combined TRACON& Tower with Radar,9,102,24,7,142,0,0,14,1,15,9,102,38,8,157,0,0,0,157
10/02/2010,CAE,SC,ASO,ES,Combined TRACON& Tower with Radar,4,67,19,0,90,0,0,25,0,25,4,67,44,0,115,0,0,0,115
10/03/2010,CAE,SC,ASO,ES,Combined TRACON& Tower with Radar,4,77,14,0,95,0,0,27,0,27,4,77,41,0,122,0,0,0,122
10/04/2010,CAE,SC,ASO,ES,Combined TRACON& Tower with Radar,7,90,29,0,126,0,0,11,0,11,7,90,40,0,137,66,0,66,203
10/05/2010,CAE,SC,ASO,ES,Combined TRACON& Tower with Radar,16,93,35,3,147,0,0,17,4,21,16,93,52,7,168,0,0,0,168
10/06/2010,CAE,SC,ASO,ES,Combined TRACON& Tower with Radar,16,101,52,6,175,0,0,19,1,20,16,101,71,7,195,0,1,1,196
10/07/2010,CAE,SC,ASO,ES,Combined TRACON& Tower with Radar,14,99,40,7,160,0,0,30,2,32,14,99,70,9,192,0,0,0,192
10/08/2010,CAE,SC,ASO,ES,Combined TRACON& Tower with Radar,11,110,55,3,179,0,0,30,0,30,11,110,85,3,209,0,0,0,209
10/09/2010,CAE,SC,ASO,ES,Combined TRACON& Tower with Radar,10,64,23,0,97,0,0,25,0,25,10,64,48,0,122,8,0,8,130
10/10/2010,CAE,SC,ASO,ES,Combined TRACON& Tower with Radar,4,71,30,5,110,0,2,11,0,13,4,73,41,5,123,0,0,0,123
10/11/2010,CAE,SC,ASO,ES,Combined TRACON& Tower with Radar,6,93,37,1,137,0,1,10,0,11,6,94,47,1,148,8,0,8,156
10/12/2010,CAE,SC,ASO,ES,Combined TRACON& Tower with Radar,16,108,53,2,179,0,1,13,1,15,16,109,66,3,194,0,0,0,194
10/13/2010,CAE,SC,ASO,ES,Combined TRACON& Tower with Radar,19,97,40,2,158,0,0,21,0,21,19,97,61,2,179,0,0,0,179
10/14/2010,CAE,SC,ASO,ES,Combined TRACON& Tower with Radar,21,100,31,4,156,0,0,12,2,14,21,100,43,6,170,0,0,0,170
10/15/2010,CAE,SC,ASO,ES,Combined TRACON& Tower with Radar,10,103,24,4,141,0,0,13,0,13,10,103,37,4,154,18,0,18,172
10/16/2010,CAE,SC,ASO,ES,Combined TRACON& Tower with Radar,4,66,32,2,104,0,1,20,0,21,4,67,52,2,125,0,0,0,125
10/17/2010,CAE,SC,ASO,ES,Combined TRACON& Tower with Radar,8,78,27,3,116,0,0,22,0,22,8,78,49,3,138,48,0,48,186
10/18/2010,CAE,SC,ASO,ES,Combined TRACON& Tower with Radar,6,91,28,4,129,0,1,20,0,21,6,92,48,4,150,2,0,2,152
10/19/2010,CAE,SC,ASO,ES,Combined TRACON& Tower with Radar,16,102,27,11,156,0,3,13,5,21,16,105,40,16,177,0,0,0,177
10/20/2010,CAE,SC,ASO,ES,Combined TRACON& Tower with Radar,16,103,29,6,154,0,1,14,2,17,16,104,43,8,171,0,0,0,171
10/21/2010,CAE,SC,ASO,ES,Combined TRACON& Tower with Radar,16,105,30,6,157,0,0,14,2,16,16,105,44,8,173,0,0,0,173
10/22/2010,CAE,SC,ASO,ES,Combined TRACON& Tower with Radar,12,112,35,6,165,0,0,26,2,28,12,112,61,8,193,0,0,0,193
10/23/2010,CAE,SC,ASO,ES,Combined TRACON& Tower with Radar,4,65,17,2,88,0,1,33,0,34,4,66,50,2,122,2,0,2,124
10/24/2010,CAE,SC,ASO,ES,Combined TRACON& Tower with Radar,6,75,31,1,113,0,0,29,0,29,6,75,60,1,142,0,0,0,142
10/25/2010,CAE,SC,ASO,ES,Combined TRACON& Tower with Radar,6,92,17,0,115,0,0,1,0,1,6,92,18,0,116,0,0,0,116
10/26/2010,CAE,SC,ASO,ES,Combined TRACON& Tower with Radar,16,99,40,30,185,0,0,6,0,6,16,99,46,30,191,0,0,0,191
10/27/2010,CAE,SC,ASO,ES,Combined TRACON& Tower with Radar,17,103,30,1,151,0,0,3,1,4,17,103,33,2,155,0,0,0,155
10/28/2010,CAE,SC,ASO,ES,Combined TRACON& Tower with Radar,17,117,44,0,178,0,0,2,0,2,17,117,46,0,180,31,0,31,211
10/29/2010,CAE,SC,ASO,ES,Combined TRACON& Tower with Radar,12,102,43,0,157,0,0,28,0,28,12,102,71,0,185,9,0,9,194
10/30/2010,CAE,SC,ASO,ES,Combined TRACON& Tower with Radar,6,70,33,4,113,0,1,34,0,35,6,71,67,4,148,4,0,4,152
10/31/2010,CAE,SC,ASO,ES,Combined TRACON& Tower with Radar,2,79,10,0,91,0,0,18,0,18,2,79,28,0,109,0,0,0,109
11/01/2010,CAE,SC,ASO,ES,Combined TRACON& Tower with Radar,6,94,25,9,134,0,0,12,0,12,6,94,37,9,146,0,0,0,146
11/02/2010,CAE,SC,ASO,ES,Combined TRACON& Tower with Radar,15,113,50,2,180,0,2,16,0,18,15,115,66,2,198,0,0,0,198
11/03/2010,CAE,SC,ASO,ES,Combined TRACON& Tower with Radar,17,104,59,26,206,0,0,2,0,2,17,104,61,26,208,0,0,0,208
11/04/2010,CAE,SC,ASO,ES,Combined TRACON& Tower with Radar,18,114,47,2,181,0,0,0,0,0,18,114,47,2,181,0,0,0,181
11/05/2010,CAE,SC,ASO,ES,Combined TRACON& Tower with Radar,12,113,58,8,191,0,4,22,4,30,12,117,80,12,221,0,0,0,221
11/06/2010,CAE,SC,ASO,ES,Combined TRACON& Tower with Radar,8,69,18,4,99,0,0,24,0,24,8,69,42,4,123,6,0,6,129
11/07/2010,CAE,SC,ASO,ES,Combined TRACON& Tower with Radar,3,79,27,0,109,0,0,22,2,24,3,79,49,2,133,8,0,8,141
11/08/2010,CAE,SC,ASO,ES,Combined TRACON& Tower with Radar,8,96,37,4,145,0,4,22,0,26,8,100,59,4,171,4,0,4,175
11/09/2010,CAE,SC,ASO,ES,Combined TRACON& Tower with Radar,16,114,32,16,178,0,2,40,0,42,16,116,72,16,220,0,0,0,220
11/10/2010,CAE,SC,ASO,ES,Combined TRACON& Tower with Radar,18,108,50,20,196,0,4,32,1,37,18,112,82,21,233,0,0,0,233
11/11/2010,CAE,SC,ASO,ES,Combined TRACON& Tower with Radar,16,105,33,4,158,0,2,44,2,48,16,107,77,6,206,0,0,0,206
11/12/2010,CAE,SC,ASO,ES,Combined TRACON& Tower with Radar,14,99,32,9,154,0,0,39,0,39,14,99,71,9,193,0,0,0,193
11/13/2010,CAE,SC,ASO,ES,Combined TRACON& Tower with Radar,6,68,14,2,90,0,0,13,0,13,6,68,27,2,103,0,0,0,103
11/14/2010,CAE,SC,ASO,ES,Combined TRACON& Tower with Radar,7,83,17,0,107,0,0,10,0,10,7,83,27,0,117,16,0,16,133
11/15/2010,CAE,SC,ASO,ES,Combined TRACON& Tower with Radar,7,102,29,0,138,0,0,16,0,16,7,102,45,0,154,0,0,0,154
11/16/2010,CAE,SC,ASO,ES,Combined TRACON& Tower with Radar,15,107,45,0,167,0,0,1,0,1,15,107,46,0,168,0,0,0,168
11/17/2010,CAE,SC,ASO,ES,Combined TRACON& Tower with Radar,17,105,30,0,152,0,0,28,0,28,17,105,58,0,180,0,0,0,180
11/18/2010,CAE,SC,ASO,ES,Combined TRACON& Tower with Radar,15,108,55,5,183,0,0,34,3,37,15,108,89,8,220,8,0,8,228
11/19/2010,CAE,SC,ASO,ES,Combined TRACON& Tower with Radar,11,114,41,8,174,0,0,31,0,31,11,114,72,8,205,0,0,0,205
11/20/2010,CAE,SC,ASO,ES,Combined TRACON& Tower with Radar,4,65,27,4,100,0,0,35,0,35,4,65,62,4,135,6,0,6,141
11/21/2010,CAE,SC,ASO,ES,Combined TRACON& Tower with Radar,6,75,16,0,97,0,0,17,0,17,6,75,33,0,114,0,0,0,114
11/22/2010,CAE,SC,ASO,ES,Combined TRACON& Tower with Radar,5,88,32,4,129,0,2,23,2,27,5,90,55,6,156,4,0,4,160
11/23/2010,CAE,SC,ASO,ES,Combined TRACON& Tower with Radar,23,116,54,6,199,0,0,31,1,32,23,116,85,7,231,6,0,6,237
11/24/2010,CAE,SC,ASO,ES,Combined TRACON& Tower with Radar,24,107,23,6,160,0,0,19,0,19,24,107,42,6,179,0,0,0,179
11/25/2010,CAE,SC,ASO,ES,Combined TRACON& Tower with Radar,1,42,14,0,57,0,0,5,0,5,1,42,19,0,62,8,0,8,70
11/26/2010,CAE,SC,ASO,ES,Combined TRACON& Tower with Radar,8,82,19,0,109,0,0,4,0,4,8,82,23,0,113,0,0,0,113
11/27/2010,CAE,SC,ASO,ES,Combined TRACON& Tower with Radar,4,75,13,2,94,0,2,18,0,20,4,77,31,2,114,0,0,0,114
11/28/2010,CAE,SC,ASO,ES,Combined TRACON& Tower with Radar,2,88,33,0,123,0,0,18,0,18,2,88,51,0,141,0,0,0,141
11/29/2010,CAE,SC,ASO,ES,Combined TRACON& Tower with Radar,7,101,26,3,137,0,3,11,0,14,7,104,37,3,151,0,0,0,151
11/30/2010,CAE,SC,ASO,ES,Combined TRACON& Tower with Radar,30,109,29,9,177,0,0,0,0,0,30,109,29,9,177,0,0,0,177
12/01/2010,CAE,SC,ASO,ES,Combined TRACON& Tower with Radar,22,111,25,5,163,0,0,9,0,9,22,111,34,5,172,0,0,0,172
12/02/2010,CAE,SC,ASO,ES,Combined TRACON& Tower with Radar,22,106,61,3,192,0,0,24,4,28,22,106,85,7,220,0,0,0,220
12/03/2010,CAE,SC,ASO,ES,Combined TRACON& Tower with Radar,15,102,44,0,161,0,0,26,2,28,15,102,70,2,189,0,0,0,189
12/04/2010,CAE,SC,ASO,ES,Combined TRACON& Tower with Radar,6,65,41,1,113,0,0,11,0,11,6,65,52,1,124,0,0,0,124
12/05/2010,CAE,SC,ASO,ES,Combined TRACON& Tower with Radar,2,78,23,3,106,0,0,12,2,14,2,78,35,5,120,0,2,2,122
12/06/2010,CAE,SC,ASO,ES,Combined TRACON& Tower with Radar,7,88,20,2,117,0,0,10,3,13,7,88,30,5,130,0,0,0,130
12/07/2010,CAE,SC,ASO,ES,Combined TRACON& Tower with Radar,24,96,22,10,152,0,0,9,1,10,24,96,31,11,162,0,0,0,162
12/08/2010,CAE,SC,ASO,ES,Combined TRACON& Tower with Radar,24,98,20,0,142,0,0,17,0,17,24,98,37,0,159,0,0,0,159
12/09/2010,CAE,SC,ASO,ES,Combined TRACON& Tower with Radar,24,102,32,0,158,0,3,22,0,25,24,105,54,0,183,0,0,0,183
12/10/2010,CAE,SC,ASO,ES,Combined TRACON& Tower with Radar,10,110,39,2,161,0,0,25,0,25,10,110,64,2,186,2,0,2,188
12/11/2010,CAE,SC,ASO,ES,Combined TRACON& Tower with Radar,10,68,19,0,97,0,0,12,0,12,10,68,31,0,109,48,0,48,157
12/12/2010,CAE,SC,ASO,ES,Combined TRACON& Tower with Radar,1,66,15,2,84,0,0,4,1,5,1,66,19,3,89,0,0,0,89
12/13/2010,CAE,SC,ASO,ES,Combined TRACON& Tower with Radar,10,91,23,7,131,0,4,8,1,13,10,95,31,8,144,0,0,0,144
12/14/2010,CAE,SC,ASO,ES,Combined TRACON& Tower with Radar,27,100,25,8,160,0,0,18,6,24,27,100,43,14,184,4,24,28,212
12/15/2010,CAE,SC,ASO,ES,Combined TRACON& Tower with Radar,27,108,46,6,187,0,1,11,6,18,27,109,57,12,205,58,0,58,263
12/16/2010,CAE,SC,ASO,ES,Combined TRACON& Tower with Radar,23,100,32,13,168,0,0,2,0,2,23,100,34,13,170,0,0,0,170
12/17/2010,CAE,SC,ASO,ES,Combined TRACON& Tower with Radar,23,110,39,6,178,0,0,26,6,32,23,110,65,12,210,6,0,6,216
12/18/2010,CAE,SC,ASO,ES,Combined TRACON& Tower with Radar,6,71,6,2,85,0,0,1,0,1,6,71,7,2,86,0,0,0,86
12/19/2010,CAE,SC,ASO,ES,Combined TRACON& Tower with Radar,2,68,18,0,88,0,0,9,0,9,2,68,27,0,97,97,0,97,194
12/20/2010,CAE,SC,ASO,ES,Combined TRACON& Tower with Radar,10,91,28,8,137,0,0,18,2,20,10,91,46,10,157,70,10,80,237
12/21/2010,CAE,SC,ASO,ES,Combined TRACON& Tower with Radar,38,96,28,0,162,0,0,10,0,10,38,96,38,0,172,0,0,0,172
12/22/2010,CAE,SC,ASO,ES,Combined TRACON& Tower with Radar,34,106,29,4,173,0,1,6,0,7,34,107,35,4,180,0,0,0,180
12/23/2010,CAE,SC,ASO,ES,Combined TRACON& Tower with Radar,32,106,19,0,157,0,3,13,0,16,32,109,32,0,173,69,0,69,242
12/24/2010,CAE,SC,ASO,ES,Combined TRACON& Tower with Radar,15,70,16,0,101,0,0,7,0,7,15,70,23,0,108,16,0,16,124
12/25/2010,CAE,SC,ASO,ES,Combined TRACON& Tower with Radar,0,39,6,0,45,0,0,3,0,3,0,39,9,0,48,0,0,0,48
12/26/2010,CAE,SC,ASO,ES,Combined TRACON& Tower with Radar,1,62,12,0,75,0,0,0,0,0,1,62,12,0,75,0,0,0,75
12/27/2010,CAE,SC,ASO,ES,Combined TRACON& Tower with Radar,7,74,23,0,104,0,0,10,0,10,7,74,33,0,114,50,0,50,164
12/28/2010,CAE,SC,ASO,ES,Combined TRACON& Tower with Radar,21,92,21,0,134,0,0,18,0,18,21,92,39,0,152,4,0,4,156
12/29/2010,CAE,SC,ASO,ES,Combined TRACON& Tower with Radar,18,91,24,3,136,0,0,23,0,23,18,91,47,3,159,0,0,0,159
12/30/2010,CAE,SC,ASO,ES,Combined TRACON& Tower with Radar,18,93,20,0,131,0,0,19,0,19,18,93,39,0,150,0,0,0,150
12/31/2010,CAE,SC,ASO,ES,Combined TRACON& Tower with Radar,8,83,13,0,104,0,2,16,0,18,8,85,29,0,122,49,0,49,171
01/01/2011,CAE,SC,ASO,ES,Combined TRACON& Tower with Radar,2,49,4,1,56,0,0,0,0,0,2,49,4,1,56,14,0,14,70
01/02/2011,CAE,SC,ASO,ES,Combined TRACON& Tower with Radar,3,75,19,1,98,0,0,6,0,6,3,75,25,1,104,58,0,58,162
01/03/2011,CAE,SC,ASO,ES,Combined TRACON& Tower with Radar,7,89,30,0,126,0,0,17,0,17,7,89,47,0,143,20,0,20,163
01/04/2011,CAE,SC,ASO,ES,Combined TRACON& Tower with Radar,14,98,31,9,152,0,0,23,2,25,14,98,54,11,177,0,0,0,177
01/05/2011,CAE,SC,ASO,ES,Combined TRACON& Tower with Radar,14,95,36,0,145,0,0,11,2,13,14,95,47,2,158,0,18,18,176
01/06/2011,CAE,SC,ASO,ES,Combined TRACON& Tower with Radar,13,110,44,25,192,0,1,9,0,10,13,111,53,25,202,2,0,2,204
01/07/2011,CAE,SC,ASO,ES,Combined TRACON& Tower with Radar,6,98,42,2,148,0,2,31,2,35,6,100,73,4,183,0,0,0,183
01/08/2011,CAE,SC,ASO,ES,Combined TRACON& Tower with Radar,2,68,10,2,82,0,0,7,0,7,2,68,17,2,89,0,0,0,89
01/09/2011,CAE,SC,ASO,ES,Combined TRACON& Tower with Radar,0,72,29,0,101,0,0,23,0,23,0,72,52,0,124,42,0,42,166
01/10/2011,CAE,SC,ASO,ES,Combined TRACON& Tower with Radar,3,19,4,0,26,0,0,0,0,0,3,19,4,0,26,0,0,0,26
01/11/2011,CAE,SC,ASO,ES,Combined TRACON& Tower with Radar,7,47,14,0,68,0,0,0,0,0,7,47,14,0,68,0,0,0,68
01/12/2011,CAE,SC,ASO,ES,Combined TRACON& Tower with Radar,12,103,32,1,148,0,0,8,2,10,12,103,40,3,158,32,0,32,190
01/13/2011,CAE,SC,ASO,ES,Combined TRACON& Tower with Radar,18,116,35,3,172,0,4,21,0,25,18,120,56,3,197,0,0,0,197
01/14/2011,CAE,SC,ASO,ES,Combined TRACON& Tower with Radar,6,105,39,1,151,0,0,23,0,23,6,105,62,1,174,0,0,0,174
01/15/2011,CAE,SC,ASO,ES,Combined TRACON& Tower with Radar,4,64,20,2,90,0,0,24,2,26,4,64,44,4,116,0,0,0,116
01/16/2011,CAE,SC,ASO,ES,Combined TRACON& Tower with Radar,0,80,16,2,98,0,0,19,0,19,0,80,35,2,117,0,0,0,117
01/17/2011,CAE,SC,ASO,ES,Combined TRACON& Tower with Radar,4,86,31,4,125,0,0,9,0,9,4,86,40,4,134,24,0,24,158
01/18/2011,CAE,SC,ASO,ES,Combined TRACON& Tower with Radar,16,94,25,3,138,0,0,0,0,0,16,94,25,3,138,0,0,0,138
01/19/2011,CAE,SC,ASO,ES,Combined TRACON& Tower with Radar,13,121,43,8,185,0,0,14,0,14,13,121,57,8,199,0,0,0,199
01/20/2011,CAE,SC,ASO,ES,Combined TRACON& Tower with Radar,17,104,39,3,163,0,0,24,1,25,17,104,63,4,188,0,0,0,188
01/21/2011,CAE,SC,ASO,ES,Combined TRACON& Tower with Radar,15,94,33,6,148,0,1,27,0,28,15,95,60,6,176,0,0,0,176
01/22/2011,CAE,SC,ASO,ES,Combined TRACON& Tower with Radar,10,62,7,1,80,0,0,25,1,26,10,62,32,2,106,0,0,0,106
01/23/2011,CAE,SC,ASO,ES,Combined TRACON& Tower with Radar,3,72,23,4,102,0,0,12,0,12,3,72,35,4,114,4,0,4,118
01/24/2011,CAE,SC,ASO,ES,Combined TRACON& Tower with Radar,4,94,27,11,136,0,0,8,0,8,4,94,35,11,144,0,0,0,144
01/25/2011,CAE,SC,ASO,ES,Combined TRACON& Tower with Radar,14,93,23,4,134,0,1,2,0,3,14,94,25,4,137,0,0,0,137
01/26/2011,CAE,SC,ASO,ES,Combined TRACON& Tower with Radar,13,88,34,8,143,0,0,0,1,1,13,88,34,9,144,0,0,0,144
01/27/2011,CAE,SC,ASO,ES,Combined TRACON& Tower with Radar,13,92,43,9,157,0,0,19,3,22,13,92,62,12,179,0,0,0,179
01/28/2011,CAE,SC,ASO,ES,Combined TRACON& Tower with Radar,6,106,24,11,147,0,0,23,0,23,6,106,47,11,170,0,0,0,170
01/29/2011,CAE,SC,ASO,ES,Combined TRACON& Tower with Radar,2,63,16,0,81,0,0,33,0,33,2,63,49,0,114,21,0,21,135
01/30/2011,CAE,SC,ASO,ES,Combined TRACON& Tower with Radar,0,77,24,4,105,0,0,24,0,24,0,77,48,4,129,6,0,6,135
01/31/2011,CAE,SC,ASO,ES,Combined TRACON& Tower with Radar,3,92,32,0,127,0,0,4,0,4,3,92,36,0,131,0,0,0,131
02/01/2011,CAE,SC,ASO,ES,Combined TRACON& Tower with Radar,13,96,40,2,151,0,0,2,0,2,13,96,42,2,153,0,0,0,153
02/02/2011,CAE,SC,ASO,ES,Combined TRACON& Tower with Radar,12,85,19,9,125,0,0,10,4,14,12,85,29,13,139,0,0,0,139
02/03/2011,CAE,SC,ASO,ES,Combined TRACON& Tower with Radar,16,100,37,3,156,0,0,13,4,17,16,100,50,7,173,0,0,0,173
02/04/2011,CAE,SC,ASO,ES,Combined TRACON& Tower with Radar,8,94,24,6,132,0,0,0,0,0,8,94,24,6,132,0,0,0,132
02/05/2011,CAE,SC,ASO,ES,Combined TRACON& Tower with Radar,2,68,11,4,85,0,0,1,0,1,2,68,12,4,86,0,0,0,86
02/06/2011,CAE,SC,ASO,ES,Combined TRACON& Tower with Radar,2,76,25,0,103,0,0,36,4,40,2,76,61,4,143,16,0,16,159
02/07/2011,CAE,SC,ASO,ES,Combined TRACON& Tower with Radar,6,93,25,6,130,0,0,16,0,16,6,93,41,6,146,0,0,0,146
02/08/2011,CAE,SC,ASO,ES,Combined TRACON& Tower with Radar,16,106,44,3,169,0,0,28,0,28,16,106,72,3,197,0,0,0,197
02/09/2011,CAE,SC,ASO,ES,Combined TRACON& Tower with Radar,16,96,43,0,155,0,0,21,2,23,16,96,64,2,178,0,0,0,178
02/10/2011,CAE,SC,ASO,ES,Combined TRACON& Tower with Radar,17,103,41,9,170,0,0,11,2,13,17,103,52,11,183,0,0,0,183
02/11/2011,CAE,SC,ASO,ES,Combined TRACON& Tower with Radar,13,101,33,3,150,0,0,31,0,31,13,101,64,3,181,34,14,48,229
02/12/2011,CAE,SC,ASO,ES,Combined TRACON& Tower with Radar,2,62,14,2,80,0,0,24,1,25,2,62,38,3,105,79,0,79,184
02/13/2011,CAE,SC,ASO,ES,Combined TRACON& Tower with Radar,0,78,32,2,112,0,0,29,0,29,0,78,61,2,141,16,0,16,157
02/14/2011,CAE,SC,ASO,ES,Combined TRACON& Tower with Radar,4,88,27,6,125,0,0,14,2,16,4,88,41,8,141,24,0,24,165
02/15/2011,CAE,SC,ASO,ES,Combined TRACON& Tower with Radar,13,96,37,6,152,0,0,18,4,22,13,96,55,10,174,0,0,0,174
02/16/2011,CAE,SC,ASO,ES,Combined TRACON& Tower with Radar,15,106,41,7,169,0,0,18,0,18,15,106,59,7,187,0,5,5,192
02/17/2011,CAE,SC,ASO,ES,Combined TRACON& Tower with Radar,17,103,48,2,170,0,2,7,0,9,17,105,55,2,179,47,0,47,226
02/18/2011,CAE,SC,ASO,ES,Combined TRACON& Tower with Radar,10,101,43,3,157,0,0,13,0,13,10,101,56,3,170,18,0,18,188
02/19/2011,CAE,SC,ASO,ES,Combined TRACON& Tower with Radar,2,63,31,6,102,0,0,41,0,41,2,63,72,6,143,62,0,62,205
02/20/2011,CAE,SC,ASO,ES,Combined TRACON& Tower with Radar,4,70,21,3,98,0,0,17,0,17,4,70,38,3,115,8,0,8,123
02/21/2011,CAE,SC,ASO,ES,Combined TRACON& Tower with Radar,6,95,44,0,145,0,0,13,0,13,6,95,57,0,158,0,0,0,158
02/22/2011,CAE,SC,ASO,ES,Combined TRACON& Tower with Radar,16,99,33,0,148,0,0,8,2,10,16,99,41,2,158,4,0,4,162
02/23/2011,CAE,SC,ASO,ES,Combined TRACON& Tower with Radar,17,93,29,7,146,0,2,29,0,31,17,95,58,7,177,0,0,0,177
02/24/2011,CAE,SC,ASO,ES,Combined TRACON& Tower with Radar,17,105,38,4,164,0,0,9,0,9,17,105,47,4,173,0,0,0,173
02/25/2011,CAE,SC,ASO,ES,Combined TRACON& Tower with Radar,10,91,18,0,119,0,0,7,0,7,10,91,25,0,126,0,0,0,126
02/26/2011,CAE,SC,ASO,ES,Combined TRACON& Tower with Radar,3,71,23,0,97,0,3,14,2,19,3,74,37,2,116,10,8,18,134
02/27/2011,CAE,SC,ASO,ES,Combined TRACON& Tower with Radar,0,74,23,3,100,0,0,12,0,12,0,74,35,3,112,16,0,16,128
02/28/2011,CAE,SC,ASO,ES,Combined TRACON& Tower with Radar,9,102,34,1,146,0,0,5,0,5,9,102,39,1,151,0,0,0,151
03/01/2011,CAE,SC,ASO,ES,Combined TRACON& Tower with Radar,12,86,24,5,127,0,0,11,1,12,12,86,35,6,139,6,0,6,145
03/02/2011,CAE,SC,ASO,ES,Combined TRACON& Tower with Radar,19,101,27,4,151,0,0,22,0,22,19,101,49,4,173,0,0,0,173
03/03/2011,CAE,SC,ASO,ES,Combined TRACON& Tower with Radar,18,100,25,7,150,0,2,17,1,20,18,102,42,8,170,12,4,16,186
03/04/2011,CAE,SC,ASO,ES,Combined TRACON& Tower with Radar,10,101,23,11,145,0,0,6,3,9,10,101,29,14,154,4,0,4,158
03/05/2011,CAE,SC,ASO,ES,Combined TRACON& Tower with Radar,6,66,12,1,85,0,0,0,0,0,6,66,12,1,85,14,0,14,99
03/06/2011,CAE,SC,ASO,ES,Combined TRACON& Tower with Radar,2,68,8,1,79,0,0,2,0,2,2,68,10,1,81,0,0,0,81
03/07/2011,CAE,SC,ASO,ES,Combined TRACON& Tower with Radar,8,90,19,0,117,0,0,19,0,19,8,90,38,0,136,6,0,6,142
03/08/2011,CAE,SC,ASO,ES,Combined TRACON& Tower with Radar,19,95,26,8,148,0,0,25,0,25,19,95,51,8,173,28,0,28,201
03/09/2011,CAE,SC,ASO,ES,Combined TRACON& Tower with Radar,19,95,22,0,136,0,0,4,0,4,19,95,26,0,140,4,0,4,144
03/10/2011,CAE,SC,ASO,ES,Combined TRACON& Tower with Radar,18,100,39,4,161,0,0,1,2,3,18,100,40,6,164,0,0,0,164
03/11/2011,CAE,SC,ASO,ES,Combined TRACON& Tower with Radar,10,97,25,9,141,0,0,22,4,26,10,97,47,13,167,0,0,0,167
03/12/2011,CAE,SC,ASO,ES,Combined TRACON& Tower with Radar,4,63,15,0,82,0,0,27,0,27,4,63,42,0,109,37,0,37,146
03/13/2011,CAE,SC,ASO,ES,Combined TRACON& Tower with Radar,2,72,22,2,98,0,0,10,0,10,2,72,32,2,108,0,0,0,108
03/14/2011,CAE,SC,ASO,ES,Combined TRACON& Tower with Radar,6,91,32,4,133,0,2,24,0,26,6,93,56,4,159,0,0,0,159
03/15/2011,CAE,SC,ASO,ES,Combined TRACON& Tower with Radar,19,105,29,10,163,0,0,3,0,3,19,105,32,10,166,0,0,0,166
03/16/2011,CAE,SC,ASO,ES,Combined TRACON& Tower with Radar,18,97,42,8,165,0,0,2,0,2,18,97,44,8,167,0,0,0,167
03/17/2011,CAE,SC,ASO,ES,Combined TRACON& Tower with Radar,20,100,33,5,158,0,2,25,0,27,20,102,58,5,185,4,0,4,189
03/18/2011,CAE,SC,ASO,ES,Combined TRACON& Tower with Radar,10,96,25,5,136,0,0,40,0,40,10,96,65,5,176,52,0,52,228
03/19/2011,CAE,SC,ASO,ES,Combined TRACON& Tower with Radar,4,70,21,2,97,0,0,28,0,28,4,70,49,2,125,0,0,0,125
03/20/2011,CAE,SC,ASO,ES,Combined TRACON& Tower with Radar,4,69,25,1,99,0,0,21,0,21,4,69,46,1,120,12,0,12,132
03/21/2011,CAE,SC,ASO,ES,Combined TRACON& Tower with Radar,8,89,28,2,127,0,2,17,0,19,8,91,45,2,146,0,0,0,146
03/22/2011,CAE,SC,ASO,ES,Combined TRACON& Tower with Radar,16,99,29,2,146,0,0,17,2,19,16,99,46,4,165,0,0,0,165
03/23/2011,CAE,SC,ASO,ES,Combined TRACON& Tower with Radar,19,93,26,3,141,0,0,8,1,9,19,93,34,4,150,0,0,0,150
03/24/2011,CAE,SC,ASO,ES,Combined TRACON& Tower with Radar,19,100,21,2,142,0,0,19,5,24,19,100,40,7,166,4,0,4,170
03/25/2011,CAE,SC,ASO,ES,Combined TRACON& Tower with Radar,15,96,22,13,146,0,0,10,0,10,15,96,32,13,156,0,12,12,168
03/26/2011,CAE,SC,ASO,ES,Combined TRACON& Tower with Radar,5,66,24,5,100,0,0,16,6,22,5,66,40,11,122,0,0,0,122
03/27/2011,CAE,SC,ASO,ES,Combined TRACON& Tower with Radar,2,78,14,5,99,0,0,0,0,0,2,78,14,5,99,0,0,0,99
03/28/2011,CAE,SC,ASO,ES,Combined TRACON& Tower with Radar,8,90,32,4,134,0,0,1,0,1,8,90,33,4,135,0,0,0,135
03/29/2011,CAE,SC,ASO,ES,Combined TRACON& Tower with Radar,20,119,43,29,211,0,4,34,5,43,20,123,77,34,254,42,14,56,310
03/30/2011,CAE,SC,ASO,ES,Combined TRACON& Tower with Radar,18,91,24,2,135,0,0,1,0,1,18,91,25,2,136,0,0,0,136
03/31/2011,CAE,SC,ASO,ES,Combined TRACON& Tower with Radar,18,103,29,2,152,0,0,0,0,0,18,103,29,2,152,0,0,0,152
04/01/2011,CAE,SC,ASO,ES,Combined TRACON& Tower with Radar,8,98,23,12,141,0,3,21,2,26,8,101,44,14,167,0,0,0,167
04/02/2011,CAE,SC,ASO,ES,Combined TRACON& Tower with Radar,6,61,20,3,90,0,0,13,2,15,6,61,33,5,105,16,0,16,121
04/03/2011,CAE,SC,ASO,ES,Combined TRACON& Tower with Radar,4,65,17,14,100,0,2,44,1,47,4,67,61,15,147,10,0,10,157
04/04/2011,CAE,SC,ASO,ES,Combined TRACON& Tower with Radar,14,83,25,16,138,0,1,18,0,19,14,84,43,16,157,0,0,0,157
04/05/2011,CAE,SC,ASO,ES,Combined TRACON& Tower with Radar,23,90,34,20,167,0,2,8,0,10,23,92,42,20,177,0,18,18,195
04/06/2011,CAE,SC,ASO,ES,Combined TRACON& Tower with Radar,22,90,54,9,175,0,1,25,1,27,22,91,79,10,202,0,0,0,202
04/07/2011,CAE,SC,ASO,ES,Combined TRACON& Tower with Radar,18,98,34,6,156,0,3,41,0,44,18,101,75,6,200,0,0,0,200
04/08/2011,CAE,SC,ASO,ES,Combined TRACON& Tower with Radar,27,90,61,2,180,0,0,16,0,16,27,90,77,2,196,2,0,2,198
04/09/2011,CAE,SC,ASO,ES,Combined TRACON& Tower with Radar,37,72,26,5,140,0,3,15,1,19,37,75,41,6,159,14,0,14,173
04/10/2011,CAE,SC,ASO,ES,Combined TRACON& Tower with Radar,3,81,54,0,138,0,0,5,0,5,3,81,59,0,143,0,0,0,143
04/11/2011,CAE,SC,ASO,ES,Combined TRACON& Tower with Radar,17,82,36,5,140,0,0,5,0,5,17,82,41,5,145,10,0,10,155
04/12/2011,CAE,SC,ASO,ES,Combined TRACON& Tower with Radar,19,84,46,2,151,0,0,0,3,3,19,84,46,5,154,0,0,0,154
04/13/2011,CAE,SC,ASO,ES,Combined TRACON& Tower with Radar,20,98,34,6,158,0,3,25,7,35,20,101,59,13,193,22,0,22,215
04/14/2011,CAE,SC,ASO,ES,Combined TRACON& Tower with Radar,19,96,31,0,146,0,5,31,0,36,19,101,62,0,182,0,0,0,182
04/15/2011,CAE,SC,ASO,ES,Combined TRACON& Tower with Radar,15,97,39,3,154,0,1,18,0,19,15,98,57,3,173,15,0,15,188
04/16/2011,CAE,SC,ASO,ES,Combined TRACON& Tower with Radar,12,61,6,4,83,0,0,1,0,1,12,61,7,4,84,0,0,0,84
04/17/2011,CAE,SC,ASO,ES,Combined TRACON& Tower with Radar,6,64,34,0,104,0,1,20,0,21,6,65,54,0,125,0,0,0,125
04/18/2011,CAE,SC,ASO,ES,Combined TRACON& Tower with Radar,13,85,35,9,142,0,0,14,1,15,13,85,49,10,157,8,0,8,165
04/19/2011,CAE,SC,ASO,ES,Combined TRACON& Tower with Radar,21,89,46,2,158,0,0,13,2,15,21,89,59,4,173,0,0,0,173
04/20/2011,CAE,SC,ASO,ES,Combined TRACON& Tower with Radar,22,91,38,4,155,0,0,11,3,14,22,91,49,7,169,2,0,2,171
04/21/2011,CAE,SC,ASO,ES,Combined TRACON& Tower with Radar,22,92,56,4,174,0,2,10,4,16,22,94,66,8,190,8,0,8,198
04/22/2011,CAE,SC,ASO,ES,Combined TRACON& Tower with Radar,14,91,15,3,123,0,0,0,0,0,14,91,15,3,123,0,0,0,123
04/23/2011,CAE,SC,ASO,ES,Combined TRACON& Tower with Radar,8,53,14,2,77,0,0,13,0,13,8,53,27,2,90,2,0,2,92
04/24/2011,CAE,SC,ASO,ES,Combined TRACON& Tower with Radar,4,70,14,3,91,0,0,15,3,18,4,70,29,6,109,0,0,0,109
04/25/2011,CAE,SC,ASO,ES,Combined TRACON& Tower with Radar,12,89,44,2,147,0,0,19,1,20,12,89,63,3,167,0,0,0,167
04/26/2011,CAE,SC,ASO,ES,Combined TRACON& Tower with Radar,21,98,40,2,161,0,0,16,1,17,21,98,56,3,178,0,0,0,178
04/27/2011,CAE,SC,ASO,ES,Combined TRACON& Tower with Radar,35,93,51,2,181,0,0,16,1,17,35,93,67,3,198,0,0,0,198
04/28/2011,CAE,SC,ASO,ES,Combined TRACON& Tower with Radar,32,92,41,2,167,0,0,11,0,11,32,92,52,2,178,3,0,3,181
04/29/2011,CAE,SC,ASO,ES,Combined TRACON& Tower with Radar,13,90,39,6,148,0,0,36,2,38,13,90,75,8,186,6,0,6,192
04/30/2011,CAE,SC,ASO,ES,Combined TRACON& Tower with Radar,7,61,21,3,92,0,0,20,3,23,7,61,41,6,115,5,0,5,120
05/01/2011,CAE,SC,ASO,ES,Combined TRACON& Tower with Radar,8,61,33,8,110,0,1,16,2,19,8,62,49,10,129,16,0,16,145
05/02/2011,CAE,SC,ASO,ES,Combined TRACON& Tower with Radar,13,86,25,5,129,0,2,14,1,17,13,88,39,6,146,4,0,4,150
05/03/2011,CAE,SC,ASO,ES,Combined TRACON& Tower with Radar,24,88,42,2,156,0,0,19,2,21,24,88,61,4,177,24,0,24,201
05/04/2011,CAE,SC,ASO,ES,Combined TRACON& Tower with Radar,23,95,38,4,160,0,0,9,0,9,23,95,47,4,169,0,0,0,169
05/05/2011,CAE,SC,ASO,ES,Combined TRACON& Tower with Radar,22,94,36,1,153,0,3,26,4,33,22,97,62,5,186,0,10,10,196
05/06/2011,CAE,SC,ASO,ES,Combined TRACON& Tower with Radar,17,96,30,1,144,0,0,21,8,29,17,96,51,9,173,0,0,0,173
05/07/2011,CAE,SC,ASO,ES,Combined TRACON& Tower with Radar,11,63,15,4,93,0,1,18,1,20,11,64,33,5,113,12,0,12,125
05/08/2011,CAE,SC,ASO,ES,Combined TRACON& Tower with Radar,9,68,18,1,96,0,2,18,1,21,9,70,36,2,117,0,0,0,117
05/09/2011,CAE,SC,ASO,ES,Combined TRACON& Tower with Radar,12,85,29,9,135,0,1,28,0,29,12,86,57,9,164,10,0,10,174
05/10/2011,CAE,SC,ASO,ES,Combined TRACON& Tower with Radar,22,91,50,2,165,0,0,29,0,29,22,91,79,2,194,22,0,22,216
05/11/2011,CAE,SC,ASO,ES,Combined TRACON& Tower with Radar,24,85,35,10,154,0,0,15,0,15,24,85,50,10,169,0,20,20,189
05/12/2011,CAE,SC,ASO,ES,Combined TRACON& Tower with Radar,20,94,48,11,173,0,0,19,1,20,20,94,67,12,193,0,18,18,211
05/13/2011,CAE,SC,ASO,ES,Combined TRACON& Tower with Radar,16,90,15,4,125,0,1,13,2,16,16,91,28,6,141,0,0,0,141
05/14/2011,CAE,SC,ASO,ES,Combined TRACON& Tower with Radar,8,60,14,0,82,0,0,12,4,16,8,60,26,4,98,0,0,0,98
05/15/2011,CAE,SC,ASO,ES,Combined TRACON& Tower with Radar,9,66,11,0,86,0,0,13,0,13,9,66,24,0,99,0,0,0,99
05/16/2011,CAE,SC,ASO,ES,Combined TRACON& Tower with Radar,12,86,43,4,145,0,0,13,0,13,12,86,56,4,158,0,16,16,174
05/17/2011,CAE,SC,ASO,ES,Combined TRACON& Tower with Radar,20,88,35,0,143,0,0,3,0,3,20,88,38,0,146,8,0,8,154
05/18/2011,CAE,SC,ASO,ES,Combined TRACON& Tower with Radar,22,88,40,5,155,0,1,23,1,25,22,89,63,6,180,12,0,12,192
05/19/2011,CAE,SC,ASO,ES,Combined TRACON& Tower with Radar,20,92,32,2,146,0,0,21,1,22,20,92,53,3,168,6,0,6,174
05/20/2011,CAE,SC,ASO,ES,Combined TRACON& Tower with Radar,15,87,36,1,139,0,3,26,0,29,15,90,62,1,168,6,0,6,174
05/21/2011,CAE,SC,ASO,ES,Combined TRACON& Tower with Radar,8,57,29,0,94,0,0,25,0,25,8,57,54,0,119,0,0,0,119
05/22/2011,CAE,SC,ASO,ES,Combined TRACON& Tower with Radar,8,63,9,5,85,0,0,4,0,4,8,63,13,5,89,4,0,4,93
05/23/2011,CAE,SC,ASO,ES,Combined TRACON& Tower with Radar,14,83,30,0,127,0,2,15,0,17,14,85,45,0,144,0,0,0,144
05/24/2011,CAE,SC,ASO,ES,Combined TRACON& Tower with Radar,22,98,38,10,168,0,2,25,0,27,22,100,63,10,195,4,6,10,205
05/25/2011,CAE,SC,ASO,ES,Combined TRACON& Tower with Radar,19,90,21,2,132,0,5,18,0,23,19,95,39,2,155,0,0,0,155
05/26/2011,CAE,SC,ASO,ES,Combined TRACON& Tower with Radar,30,83,46,11,170,0,4,20,1,25,30,87,66,12,195,0,0,0,195
05/27/2011,CAE,SC,ASO,ES,Combined TRACON& Tower with Radar,25,100,18,6,149,0,0,6,2,8,25,100,24,8,157,0,0,0,157
05/28/2011,CAE,SC,ASO,ES,Combined TRACON& Tower with Radar,10,62,18,2,92,0,0,13,0,13,10,62,31,2,105,42,0,42,147
05/29/2011,CAE,SC,ASO,ES,Combined TRACON& Tower with Radar,2,49,8,5,64,0,0,13,0,13,2,49,21,5,77,0,0,0,77
05/30/2011,CAE,SC,ASO,ES,Combined TRACON& Tower with Radar,8,69,12,1,90,0,0,12,0,12,8,69,24,1,102,0,0,0,102
05/31/2011,CAE,SC,ASO,ES,Combined TRACON& Tower with Radar,15,88,19,4,126,0,1,21,5,27,15,89,40,9,153,0,0,0,153
06/01/2011,CAE,SC,ASO,ES,Combined TRACON& Tower with Radar,21,89,26,0,136,0,2,6,0,8,21,91,32,0,144,0,0,0,144
06/02/2011,CAE,SC,ASO,ES,Combined TRACON& Tower with Radar,17,96,19,7,139,0,2,16,0,18,17,98,35,7,157,0,0,0,157
06/03/2011,CAE,SC,ASO,ES,Combined TRACON& Tower with Radar,12,100,25,14,151,0,1,12,0,13,12,101,37,14,164,10,24,34,198
06/04/2011,CAE,SC,ASO,ES,Combined TRACON& Tower with Radar,10,60,20,1,91,0,0,22,0,22,10,60,42,1,113,0,0,0,113
06/05/2011,CAE,SC,ASO,ES,Combined TRACON& Tower with Radar,23,66,16,1,106,0,0,15,1,16,23,66,31,2,122,2,0,2,124
06/06/2011,CAE,SC,ASO,ES,Combined TRACON& Tower with Radar,10,94,31,7,142,0,0,21,0,21,10,94,52,7,163,6,0,6,169
06/07/2011,CAE,SC,ASO,ES,Combined TRACON& Tower with Radar,20,96,31,1,148,0,2,18,2,22,20,98,49,3,170,0,10,10,180
06/08/2011,CAE,SC,ASO,ES,Combined TRACON& Tower with Radar,22,96,31,6,155,0,2,20,1,23,22,98,51,7,178,0,0,0,178
06/09/2011,CAE,SC,ASO,ES,Combined TRACON& Tower with Radar,20,89,29,2,140,0,0,19,1,20,20,89,48,3,160,36,0,36,196
06/10/2011,CAE,SC,ASO,ES,Combined TRACON& Tower with Radar,16,105,21,11,153,0,0,15,1,16,16,105,36,12,169,0,0,0,169
06/11/2011,CAE,SC,ASO,ES,Combined TRACON& Tower with Radar,7,64,11,5,87,0,0,18,1,19,7,64,29,6,106,14,0,14,120
06/12/2011,CAE,SC,ASO,ES,Combined TRACON& Tower with Radar,7,67,18,8,100,0,0,13,2,15,7,67,31,10,115,6,0,6,121
06/13/2011,CAE,SC,ASO,ES,Combined TRACON& Tower with Radar,10,100,28,5,143,0,0,18,0,18,10,100,46,5,161,0,0,0,161
06/14/2011,CAE,SC,ASO,ES,Combined TRACON& Tower with Radar,21,98,32,6,157,0,0,9,0,9,21,98,41,6,166,0,0,0,166
06/15/2011,CAE,SC,ASO,ES,Combined TRACON& Tower with Radar,20,94,36,4,154,0,0,20,1,21,20,94,56,5,175,0,0,0,175
06/16/2011,CAE,SC,ASO,ES,Combined TRACON& Tower with Radar,24,98,40,2,164,0,0,20,0,20,24,98,60,2,184,4,0,4,188
06/17/2011,CAE,SC,ASO,ES,Combined TRACON& Tower with Radar,14,106,31,4,155,0,0,18,0,18,14,106,49,4,173,14,0,14,187
06/18/2011,CAE,SC,ASO,ES,Combined TRACON& Tower with Radar,13,71,16,1,101,0,0,13,0,13,13,71,29,1,114,10,0,10,124
06/19/2011,CAE,SC,ASO,ES,Combined TRACON& Tower with Radar,6,71,20,0,97,0,0,21,0,21,6,71,41,0,118,0,0,0,118
06/20/2011,CAE,SC,ASO,ES,Combined TRACON& Tower with Radar,11,89,26,3,129,0,0,14,1,15,11,89,40,4,144,0,0,0,144
06/21/2011,CAE,SC,ASO,ES,Combined TRACON& Tower with Radar,24,91,41,3,159,0,1,14,0,15,24,92,55,3,174,6,0,6,180
06/22/2011,CAE,SC,ASO,ES,Combined TRACON& Tower with Radar,22,114,34,7,177,0,1,12,0,13,22,115,46,7,190,0,0,0,190
06/23/2011,CAE,SC,ASO,ES,Combined TRACON& Tower with Radar,21,126,38,1,186,0,0,9,1,10,21,126,47,2,196,0,0,0,196
06/24/2011,CAE,SC,ASO,ES,Combined TRACON& Tower with Radar,20,106,23,4,153,0,1,10,0,11,20,107,33,4,164,0,0,0,164
06/25/2011,CAE,SC,ASO,ES,Combined TRACON& Tower with Radar,7,61,17,2,87,0,0,17,0,17,7,61,34,2,104,30,16,46,150
06/26/2011,CAE,SC,ASO,ES,Combined TRACON& Tower with Radar,5,71,11,1,88,0,0,22,1,23,5,71,33,2,111,0,0,0,111
06/27/2011,CAE,SC,ASO,ES,Combined TRACON& Tower with Radar,12,86,33,4,135,0,0,7,0,7,12,86,40,4,142,2,0,2,144
06/28/2011,CAE,SC,ASO,ES,Combined TRACON& Tower with Radar,18,95,25,4,142,0,0,5,0,5,18,95,30,4,147,0,0,0,147
06/29/2011,CAE,SC,ASO,ES,Combined TRACON& Tower with Radar,21,111,37,8,177,0,0,13,0,13,21,111,50,8,190,52,0,52,242
06/30/2011,CAE,SC,ASO,ES,Combined TRACON& Tower with Radar,22,103,37,0,162,0,5,29,0,34,22,108,66,0,196,8,0,8,204
07/01/2011,CAE,SC,ASO,ES,Combined TRACON& Tower with Radar,14,104,27,0,145,0,2,20,0,22,14,106,47,0,167,0,0,0,167
07/02/2011,CAE,SC,ASO,ES,Combined TRACON& Tower with Radar,3,60,14,0,77,0,2,6,0,8,3,62,20,0,85,2,0,2,87
07/03/2011,CAE,SC,ASO,ES,Combined TRACON& Tower with Radar,1,44,6,0,51,0,0,9,0,9,1,44,15,0,60,12,0,12,72
07/04/2011,CAE,SC,ASO,ES,Combined TRACON& Tower with Radar,11,61,7,0,79,0,0,13,0,13,11,61,20,0,92,0,0,0,92
07/05/2011,CAE,SC,ASO,ES,Combined TRACON& Tower with Radar,16,99,16,5,136,0,0,10,1,11,16,99,26,6,147,16,2,18,165
07/06/2011,CAE,SC,ASO,ES,Combined TRACON& Tower with Radar,20,97,18,0,135,0,0,9,0,9,20,97,27,0,144,12,24,36,180
07/07/2011,CAE,SC,ASO,ES,Combined TRACON& Tower with Radar,20,96,24,0,140,0,0,5,0,5,20,96,29,0,145,0,0,0,145
07/08/2011,CAE,SC,ASO,ES,Combined TRACON& Tower with Radar,10,91,16,11,128,0,1,3,1,5,10,92,19,12,133,0,0,0,133
07/09/2011,CAE,SC,ASO,ES,Combined TRACON& Tower with Radar,6,66,19,0,91,0,0,24,1,25,6,66,43,1,116,46,0,46,162
07/10/2011,CAE,SC,ASO,ES,Combined TRACON& Tower with Radar,5,69,22,1,97,0,0,7,0,7,5,69,29,1,104,18,0,18,122
07/11/2011,CAE,SC,ASO,ES,Combined TRACON& Tower with Radar,10,92,31,8,141,0,0,5,0,5,10,92,36,8,146,0,0,0,146
07/12/2011,CAE,SC,ASO,ES,Combined TRACON& Tower with Radar,24,98,46,0,168,0,0,17,0,17,24,98,63,0,185,0,0,0,185
07/13/2011,CAE,SC,ASO,ES,Combined TRACON& Tower with Radar,20,90,46,4,160,0,0,21,1,22,20,90,67,5,182,0,0,0,182
07/14/2011,CAE,SC,ASO,ES,Combined TRACON& Tower with Radar,22,95,18,2,137,0,0,17,0,17,22,95,35,2,154,0,0,0,154
07/15/2011,CAE,SC,ASO,ES,Combined TRACON& Tower with Radar,15,92,26,2,135,0,0,14,4,18,15,92,40,6,153,0,0,0,153
07/16/2011,CAE,SC,ASO,ES,Combined TRACON& Tower with Radar,8,60,21,4,93,0,0,27,0,27,8,60,48,4,120,58,0,58,178
07/17/2011,CAE,SC,ASO,ES,Combined TRACON& Tower with Radar,7,74,14,2,97,0,0,23,0,23,7,74,37,2,120,40,0,40,160
07/18/2011,CAE,SC,ASO,ES,Combined TRACON& Tower with Radar,10,81,37,0,128,0,0,31,2,33,10,81,68,2,161,28,0,28,189
07/19/2011,CAE,SC,ASO,ES,Combined TRACON& Tower with Radar,20,95,29,4,148,0,0,12,0,12,20,95,41,4,160,34,0,34,194
07/20/2011,CAE,SC,ASO,ES,Combined TRACON& Tower with Radar,20,102,30,0,152,0,2,17,0,19,20,104,47,0,171,2,0,2,173
07/21/2011,CAE,SC,ASO,ES,Combined TRACON& Tower with Radar,18,95,31,1,145,0,2,22,2,26,18,97,53,3,171,4,0,4,175
07/22/2011,CAE,SC,ASO,ES,Combined TRACON& Tower with Radar,14,102,21,6,143,0,3,13,0,16,14,105,34,6,159,12,0,12,171
07/23/2011,CAE,SC,ASO,ES,Combined TRACON& Tower with Radar,8,60,15,1,84,0,0,30,0,30,8,60,45,1,114,16,0,16,130
07/24/2011,CAE,SC,ASO,ES,Combined TRACON& Tower with Radar,4,65,31,1,101,0,0,9,1,10,4,65,40,2,111,0,0,0,111
07/25/2011,CAE,SC,ASO,ES,Combined TRACON& Tower with Radar,14,84,28,0,126,0,0,6,0,6,14,84,34,0,132,4,0,4,136
07/26/2011,CAE,SC,ASO,ES,Combined TRACON& Tower with Radar,24,94,24,0,142,0,0,2,0,2,24,94,26,0,144,0,0,0,144
07/27/2011,CAE,SC,ASO,ES,Combined TRACON& Tower with Radar,20,93,42,6,161,0,2,11,0,13,20,95,53,6,174,0,0,0,174
07/28/2011,CAE,SC,ASO,ES,Combined TRACON& Tower with Radar,22,95,30,4,151,0,0,11,0,11,22,95,41,4,162,8,0,8,170
07/29/2011,CAE,SC,ASO,ES,Combined TRACON& Tower with Radar,11,93,27,13,144,0,2,12,5,19,11,95,39,18,163,16,0,16,179
07/30/2011,CAE,SC,ASO,ES,Combined TRACON& Tower with Radar,6,66,12,0,84,0,0,17,0,17,6,66,29,0,101,6,0,6,107
07/31/2011,CAE,SC,ASO,ES,Combined TRACON& Tower with Radar,4,68,14,4,90,0,1,18,0,19,4,69,32,4,109,14,0,14,123
08/01/2011,CAE,SC,ASO,ES,Combined TRACON& Tower with Radar,10,79,27,10,126,0,0,9,4,13,10,79,36,14,139,0,0,0,139
08/02/2011,CAE,SC,ASO,ES,Combined TRACON& Tower with Radar,21,105,30,0,156,0,0,11,4,15,21,105,41,4,171,0,0,0,171
08/03/2011,CAE,SC,ASO,ES,Combined TRACON& Tower with Radar,21,103,34,4,162,0,1,25,0,26,21,104,59,4,188,0,0,0,188
08/04/2011,CAE,SC,ASO,ES,Combined TRACON& Tower with Radar,22,97,26,0,145,0,7,16,0,23,22,104,42,0,168,0,0,0,168
08/05/2011,CAE,SC,ASO,ES,Combined TRACON& Tower with Radar,14,107,19,0,140,0,6,20,0,26,14,113,39,0,166,10,0,10,176
08/06/2011,CAE,SC,ASO,ES,Combined TRACON& Tower with Radar,12,68,12,8,100,0,0,4,1,5,12,68,16,9,105,6,0,6,111
08/07/2011,CAE,SC,ASO,ES,Combined TRACON& Tower with Radar,4,67,19,0,90,0,0,42,0,42,4,67,61,0,132,0,0,0,132
08/08/2011,CAE,SC,ASO,ES,Combined TRACON& Tower with Radar,22,97,20,5,144,0,0,18,0,18,22,97,38,5,162,0,0,0,162
08/09/2011,CAE,SC,ASO,ES,Combined TRACON& Tower with Radar,20,87,27,11,145,0,0,9,0,9,20,87,36,11,154,0,0,0,154
08/10/2011,CAE,SC,ASO,ES,Combined TRACON& Tower with Radar,20,98,24,0,142,0,4,26,0,30,20,102,50,0,172,0,0,0,172
08/11/2011,CAE,SC,ASO,ES,Combined TRACON& Tower with Radar,26,90,44,2,162,0,0,22,0,22,26,90,66,2,184,12,0,12,196
08/12/2011,CAE,SC,ASO,ES,Combined TRACON& Tower with Radar,14,98,23,0,135,0,2,5,0,7,14,100,28,0,142,8,0,8,150
08/13/2011,CAE,SC,ASO,ES,Combined TRACON& Tower with Radar,8,59,24,2,93,0,0,2,0,2,8,59,26,2,95,0,0,0,95
08/14/2011,CAE,SC,ASO,ES,Combined TRACON& Tower with Radar,8,73,23,6,110,0,0,3,0,3,8,73,26,6,113,2,0,2,115
08/15/2011,CAE,SC,ASO,ES,Combined TRACON& Tower with Radar,12,90,36,8,146,0,0,17,0,17,12,90,53,8,163,20,0,20,183
08/16/2011,CAE,SC,ASO,ES,Combined TRACON& Tower with Radar,18,96,30,10,154,0,0,29,0,29,18,96,59,10,183,0,0,0,183
08/17/2011,CAE,SC,ASO,ES,Combined TRACON& Tower with Radar,22,108,46,0,176,0,0,29,1,30,22,108,75,1,206,8,0,8,214
08/18/2011,CAE,SC,ASO,ES,Combined TRACON& Tower with Radar,20,87,32,8,147,0,2,20,0,22,20,89,52,8,169,0,0,0,169
08/19/2011,CAE,SC,ASO,ES,Combined TRACON& Tower with Radar,19,88,21,3,131,0,0,16,0,16,19,88,37,3,147,0,0,0,147
08/20/2011,CAE,SC,ASO,ES,Combined TRACON& Tower with Radar,8,63,35,0,106,0,0,24,0,24,8,63,59,0,130,50,0,50,180
08/21/2011,CAE,SC,ASO,ES,Combined TRACON& Tower with Radar,12,57,14,2,85,0,0,13,1,14,12,57,27,3,99,70,0,70,169
08/22/2011,CAE,SC,ASO,ES,Combined TRACON& Tower with Radar,10,86,34,13,143,0,0,8,0,8,10,86,42,13,151,4,0,4,155
08/23/2011,CAE,SC,ASO,ES,Combined TRACON& Tower with Radar,22,94,48,0,164,0,3,23,0,26,22,97,71,0,190,0,0,0,190
08/24/2011,CAE,SC,ASO,ES,Combined TRACON& Tower with Radar,22,95,49,8,174,0,1,15,0,16,22,96,64,8,190,0,0,0,190
08/25/2011,CAE,SC,ASO,ES,Combined TRACON& Tower with Radar,21,89,40,3,153,0,0,20,1,21,21,89,60,4,174,0,0,0,174
08/26/2011,CAE,SC,ASO,ES,Combined TRACON& Tower with Radar,16,94,18,2,130,0,0,9,0,9,16,94,27,2,139,0,0,0,139
08/27/2011,CAE,SC,ASO,ES,Combined TRACON& Tower with Radar,4,54,9,0,67,0,0,4,0,4,4,54,13,0,71,0,0,0,71
08/28/2011,CAE,SC,ASO,ES,Combined TRACON& Tower with Radar,8,56,20,2,86,0,1,24,0,25,8,57,44,2,111,34,0,34,145
08/29/2011,CAE,SC,ASO,ES,Combined TRACON& Tower with Radar,10,76,26,1,113,0,0,15,0,15,10,76,41,1,128,20,0,20,148
08/30/2011,CAE,SC,ASO,ES,Combined TRACON& Tower with Radar,18,90,31,5,144,0,0,26,0,26,18,90,57,5,170,0,0,0,170
08/31/2011,CAE,SC,ASO,ES,Combined TRACON& Tower with Radar,26,97,47,0,170,0,1,31,0,32,26,98,78,0,202,0,0,0,202
09/01/2011,CAE,SC,ASO,ES,Combined TRACON& Tower with Radar,20,103,27,14,164,0,1,25,1,27,20,104,52,15,191,2,0,2,193
09/02/2011,CAE,SC,ASO,ES,Combined TRACON& Tower with Radar,23,98,22,3,146,0,1,22,0,23,23,99,44,3,169,0,0,0,169
09/03/2011,CAE,SC,ASO,ES,Combined TRACON& Tower with Radar,8,50,15,1,74,0,0,26,0,26,8,50,41,1,100,6,0,6,106
09/04/2011,CAE,SC,ASO,ES,Combined TRACON& Tower with Radar,1,49,6,0,56,0,0,9,0,9,1,49,15,0,65,0,0,0,65
09/05/2011,CAE,SC,ASO,ES,Combined TRACON& Tower with Radar,18,74,23,0,115,0,0,7,0,7,18,74,30,0,122,0,0,0,122
09/06/2011,CAE,SC,ASO,ES,Combined TRACON& Tower with Radar,9,87,33,0,129,0,1,3,0,4,9,88,36,0,133,3,0,3,136
09/07/2011,CAE,SC,ASO,ES,Combined TRACON& Tower with Radar,25,86,31,6,148,0,5,25,2,32,25,91,56,8,180,0,0,0,180
09/08/2011,CAE,SC,ASO,ES,Combined TRACON& Tower with Radar,20,88,35,7,150,0,1,23,2,26,20,89,58,9,176,0,0,0,176
09/09/2011,CAE,SC,ASO,ES,Combined TRACON& Tower with Radar,12,92,27,5,136,0,3,19,5,27,12,95,46,10,163,2,0,2,165
09/10/2011,CAE,SC,ASO,ES,Combined TRACON& Tower with Radar,6,49,14,0,69,0,8,21,0,29,6,57,35,0,98,4,0,4,102
09/11/2011,CAE,SC,ASO,ES,Combined TRACON& Tower with Radar,4,60,36,0,100,0,4,39,1,44,4,64,75,1,144,4,0,4,148
09/12/2011,CAE,SC,ASO,ES,Combined TRACON& Tower with Radar,10,85,24,7,126,0,2,20,3,25,10,87,44,10,151,54,0,54,205
09/13/2011,CAE,SC,ASO,ES,Combined TRACON& Tower with Radar,20,94,27,12,153,0,0,20,2,22,20,94,47,14,175,20,0,20,195
09/14/2011,CAE,SC,ASO,ES,Combined TRACON& Tower with Radar,20,81,48,0,149,0,2,25,0,27,20,83,73,0,176,24,0,24,200
09/15/2011,CAE,SC,ASO,ES,Combined TRACON& Tower with Radar,22,101,39,1,163,0,4,16,1,21,22,105,55,2,184,26,0,26,210
09/16/2011,CAE,SC,ASO,ES,Combined TRACON& Tower with Radar,16,88,31,13,148,0,0,3,0,3,16,88,34,13,151,0,0,0,151
09/17/2011,CAE,SC,ASO,ES,Combined TRACON& Tower with Radar,9,56,21,0,86,0,0,5,0,5,9,56,26,0,91,0,0,0,91
09/18/2011,CAE,SC,ASO,ES,Combined TRACON& Tower with Radar,7,64,28,15,114,0,0,10,1,11,7,64,38,16,125,46,0,46,171
09/19/2011,CAE,SC,ASO,ES,Combined TRACON& Tower with Radar,10,88,41,4,143,0,1,22,0,23,10,89,63,4,166,38,0,38,204
09/20/2011,CAE,SC,ASO,ES,Combined TRACON& Tower with Radar,20,89,38,13,160,0,0,4,0,4,20,89,42,13,164,0,0,0,164
09/21/2011,CAE,SC,ASO,ES,Combined TRACON& Tower with Radar,22,91,35,10,158,0,0,2,0,2,22,91,37,10,160,0,0,0,160
09/22/2011,CAE,SC,ASO,ES,Combined TRACON& Tower with Radar,22,95,31,0,148,0,1,10,0,11,22,96,41,0,159,10,0,10,169
09/23/2011,CAE,SC,ASO,ES,Combined TRACON& Tower with Radar,16,100,37,4,157,0,0,9,0,9,16,100,46,4,166,0,0,0,166
09/24/2011,CAE,SC,ASO,ES,Combined TRACON& Tower with Radar,9,59,14,2,84,0,0,4,0,4,9,59,18,2,88,0,0,0,88
09/25/2011,CAE,SC,ASO,ES,Combined TRACON& Tower with Radar,11,69,23,1,104,0,0,3,1,4,11,69,26,2,108,22,0,22,130
09/26/2011,CAE,SC,ASO,ES,Combined TRACON& Tower with Radar,10,79,23,2,114,0,2,10,1,13,10,81,33,3,127,2,0,2,129
09/27/2011,CAE,SC,ASO,ES,Combined TRACON& Tower with Radar,20,87,32,10,149,0,1,21,0,22,20,88,53,10,171,10,22,32,203
09/28/2011,CAE,SC,ASO,ES,Combined TRACON& Tower with Radar,23,83,34,2,142,0,0,25,0,25,23,83,59,2,167,6,0,6,173
09/29/2011,CAE,SC,ASO,ES,Combined TRACON& Tower with Radar,20,93,44,5,162,0,1,24,0,25,20,94,68,5,187,0,0,0,187
09/30/2011,CAE,SC,ASO,ES,Combined TRACON& Tower with Radar,15,89,39,1,144,0,0,24,0,24,15,89,63,1,168,8,0,8,176
10/01/2011,CAE,SC,ASO,ES,Combined TRACON& Tower with Radar,16,51,31,0,98,0,0,26,0,26,16,51,57,0,124,2,0,2,126
10/02/2011,CAE,SC,ASO,ES,Combined TRACON& Tower with Radar,6,65,25,1,97,0,1,15,0,16,6,66,40,1,113,4,0,4,117
10/03/2011,CAE,SC,ASO,ES,Combined TRACON& Tower with Radar,10,79,26,0,115,0,0,16,0,16,10,79,42,0,131,2,0,2,133
10/04/2011,CAE,SC,ASO,ES,Combined TRACON& Tower with Radar,20,90,60,18,188,0,0,10,0,10,20,90,70,18,198,2,10,12,210
10/05/2011,CAE,SC,ASO,ES,Combined TRACON& Tower with Radar,20,91,42,2,155,0,0,15,0,15,20,91,57,2,170,14,0,14,184
10/06/2011,CAE,SC,ASO,ES,Combined TRACON& Tower with Radar,20,88,35,18,161,0,0,14,0,14,20,88,49,18,175,8,0,8,183
10/07/2011,CAE,SC,ASO,ES,Combined TRACON& Tower with Radar,14,94,33,1,142,0,0,23,0,23,14,94,56,1,165,10,0,10,175
10/08/2011,CAE,SC,ASO,ES,Combined TRACON& Tower with Radar,8,50,12,1,71,0,0,30,0,30,8,50,42,1,101,10,0,10,111
10/09/2011,CAE,SC,ASO,ES,Combined TRACON& Tower with Radar,6,74,24,4,108,0,0,15,0,15,6,74,39,4,123,4,0,4,127
10/10/2011,CAE,SC,ASO,ES,Combined TRACON& Tower with Radar,11,83,26,0,120,0,0,1,0,1,11,83,27,0,121,0,0,0,121
10/11/2011,CAE,SC,ASO,ES,Combined TRACON& Tower with Radar,20,96,34,2,152,0,0,1,0,1,20,96,35,2,153,0,0,0,153
10/12/2011,CAE,SC,ASO,ES,Combined TRACON& Tower with Radar,20,90,39,2,151,0,0,3,0,3,20,90,42,2,154,4,0,4,158
10/13/2011,CAE,SC,ASO,ES,Combined TRACON& Tower with Radar,22,86,38,2,148,0,0,4,0,4,22,86,42,2,152,0,0,0,152
10/14/2011,CAE,SC,ASO,ES,Combined TRACON& Tower with Radar,17,101,34,0,152,0,2,21,2,25,17,103,55,2,177,0,0,0,177
10/15/2011,CAE,SC,ASO,ES,Combined TRACON& Tower with Radar,10,58,25,1,94,0,0,20,0,20,10,58,45,1,114,2,0,2,116
10/16/2011,CAE,SC,ASO,ES,Combined TRACON& Tower with Radar,6,68,20,1,95,0,0,17,2,19,6,68,37,3,114,4,0,4,118
10/17/2011,CAE,SC,ASO,ES,Combined TRACON& Tower with Radar,10,85,24,8,127,0,1,6,2,9,10,86,30,10,136,0,0,0,136
10/18/2011,CAE,SC,ASO,ES,Combined TRACON& Tower with Radar,20,91,27,12,150,0,0,1,0,1,20,91,28,12,151,0,0,0,151
10/19/2011,CAE,SC,ASO,ES,Combined TRACON& Tower with Radar,21,88,45,10,164,0,0,0,2,2,21,88,45,12,166,0,0,0,166
10/20/2011,CAE,SC,ASO,ES,Combined TRACON& Tower with Radar,23,96,31,0,150,0,0,17,0,17,23,96,48,0,167,0,0,0,167
10/21/2011,CAE,SC,ASO,ES,Combined TRACON& Tower with Radar,14,89,34,8,145,0,5,26,3,34,14,94,60,11,179,16,0,16,195
10/22/2011,CAE,SC,ASO,ES,Combined TRACON& Tower with Radar,7,52,13,0,72,0,2,22,0,24,7,54,35,0,96,0,0,0,96
10/23/2011,CAE,SC,ASO,ES,Combined TRACON& Tower with Radar,10,60,27,2,99,0,2,23,2,27,10,62,50,4,126,16,0,16,142
10/24/2011,CAE,SC,ASO,ES,Combined TRACON& Tower with Radar,13,81,23,0,117,0,4,17,0,21,13,85,40,0,138,2,0,2,140
10/25/2011,CAE,SC,ASO,ES,Combined TRACON& Tower with Radar,21,93,36,5,155,0,1,13,0,14,21,94,49,5,169,4,0,4,173
10/26/2011,CAE,SC,ASO,ES,Combined TRACON& Tower with Radar,20,94,32,16,162,0,2,17,0,19,20,96,49,16,181,0,0,0,181
10/27/2011,CAE,SC,ASO,ES,Combined TRACON& Tower with Radar,22,89,44,11,166,0,0,23,3,26,22,89,67,14,192,6,0,6,198
10/28/2011,CAE,SC,ASO,ES,Combined TRACON& Tower with Radar,20,97,27,17,161,0,2,13,1,16,20,99,40,18,177,6,0,6,183
10/29/2011,CAE,SC,ASO,ES,Combined TRACON& Tower with Radar,6,49,17,0,72,0,0,6,1,7,6,49,23,1,79,0,0,0,79
10/30/2011,CAE,SC,ASO,ES,Combined TRACON& Tower with Radar,10,69,24,7,110,0,2,28,0,30,10,71,52,7,140,12,0,12,152
10/31/2011,CAE,SC,ASO,ES,Combined TRACON& Tower with Radar,12,78,15,0,105,0,0,11,0,11,12,78,26,0,116,14,0,14,130
11/01/2011,CAE,SC,ASO,ES,Combined TRACON& Tower with Radar,20,91,37,0,148,0,0,17,0,17,20,91,54,0,165,8,0,8,173
11/02/2011,CAE,SC,ASO,ES,Combined TRACON& Tower with Radar,24,94,54,0,172,0,1,19,0,20,24,95,73,0,192,28,4,32,224
11/03/2011,CAE,SC,ASO,ES,Combined TRACON& Tower with Radar,26,94,50,16,186,0,0,14,0,14,26,94,64,16,200,2,26,28,228
11/04/2011,CAE,SC,ASO,ES,Combined TRACON& Tower with Radar,18,92,52,0,162,0,0,2,0,2,18,92,54,0,164,0,0,0,164
11/05/2011,CAE,SC,ASO,ES,Combined TRACON& Tower with Radar,6,56,21,1,84,0,0,15,0,15,6,56,36,1,99,0,0,0,99
11/06/2011,CAE,SC,ASO,ES,Combined TRACON& Tower with Radar,8,63,22,3,96,0,0,24,0,24,8,63,46,3,120,10,0,10,130
11/07/2011,CAE,SC,ASO,ES,Combined TRACON& Tower with Radar,12,81,20,0,113,0,2,24,1,27,12,83,44,1,140,8,0,8,148
11/08/2011,CAE,SC,ASO,ES,Combined TRACON& Tower with Radar,19,86,28,5,138,0,5,15,1,21,19,91,43,6,159,0,0,0,159
11/09/2011,CAE,SC,ASO,ES,Combined TRACON& Tower with Radar,24,89,40,5,158,0,3,9,0,12,24,92,49,5,170,0,0,0,170
11/10/2011,CAE,SC,ASO,ES,Combined TRACON& Tower with Radar,20,92,42,3,157,0,2,12,0,14,20,94,54,3,171,0,0,0,171
11/11/2011,CAE,SC,ASO,ES,Combined TRACON& Tower with Radar,15,92,38,0,145,0,0,19,0,19,15,92,57,0,164,2,0,2,166
11/12/2011,CAE,SC,ASO,ES,Combined TRACON& Tower with Radar,7,60,23,0,90,0,0,19,0,19,7,60,42,0,109,0,0,0,109
11/13/2011,CAE,SC,ASO,ES,Combined TRACON& Tower with Radar,6,68,24,1,99,0,1,26,1,28,6,69,50,2,127,8,0,8,135
11/14/2011,CAE,SC,ASO,ES,Combined TRACON& Tower with Radar,12,79,32,2,125,0,1,18,1,20,12,80,50,3,145,16,0,16,161
11/15/2011,CAE,SC,ASO,ES,Combined TRACON& Tower with Radar,20,105,35,7,167,0,6,12,1,19,20,111,47,8,186,0,0,0,186
11/16/2011,CAE,SC,ASO,ES,Combined TRACON& Tower with Radar,20,86,39,12,157,0,2,4,0,6,20,88,43,12,163,0,6,6,169
11/17/2011,CAE,SC,ASO,ES,Combined TRACON& Tower with Radar,20,94,49,6,169,0,0,5,0,5,20,94,54,6,174,0,0,0,174
11/18/2011,CAE,SC,ASO,ES,Combined TRACON& Tower with Radar,15,94,38,10,157,0,1,19,0,20,15,95,57,10,177,0,0,0,177
11/19/2011,CAE,SC,ASO,ES,Combined TRACON& Tower with Radar,7,61,23,0,91,0,0,24,0,24,7,61,47,0,115,1,0,1,116
11/20/2011,CAE,SC,ASO,ES,Combined TRACON& Tower with Radar,7,65,16,3,91,0,0,9,0,9,7,65,25,3,100,0,0,0,100
11/21/2011,CAE,SC,ASO,ES,Combined TRACON& Tower with Radar,12,82,38,2,134,0,1,8,1,10,12,83,46,3,144,14,0,14,158
11/22/2011,CAE,SC,ASO,ES,Combined TRACON& Tower with Radar,27,100,48,16,191,0,2,11,1,14,27,102,59,17,205,0,20,20,225
11/23/2011,CAE,SC,ASO,ES,Combined TRACON& Tower with Radar,23,100,17,4,144,0,0,6,0,6,23,100,23,4,150,0,0,0,150
11/24/2011,CAE,SC,ASO,ES,Combined TRACON& Tower with Radar,6,39,7,0,52,0,0,8,0,8,6,39,15,0,60,0,0,0,60
11/25/2011,CAE,SC,ASO,ES,Combined TRACON& Tower with Radar,9,73,16,0,98,0,1,10,0,11,9,74,26,0,109,0,0,0,109
11/26/2011,CAE,SC,ASO,ES,Combined TRACON& Tower with Radar,8,73,19,2,102,0,0,18,0,18,8,73,37,2,120,8,0,8,128
11/27/2011,CAE,SC,ASO,ES,Combined TRACON& Tower with Radar,6,74,25,0,105,0,0,7,0,7,6,74,32,0,112,0,0,0,112
11/28/2011,CAE,SC,ASO,ES,Combined TRACON& Tower with Radar,13,90,42,0,145,0,0,4,0,4,13,90,46,0,149,0,0,0,149
11/29/2011,CAE,SC,ASO,ES,Combined TRACON& Tower with Radar,27,109,38,10,184,0,3,8,0,11,27,112,46,10,195,0,0,0,195
11/30/2011,CAE,SC,ASO,ES,Combined TRACON& Tower with Radar,28,94,31,9,162,0,6,11,3,20,28,100,42,12,182,20,0,20,202
12/01/2011,CAE,SC,ASO,ES,Combined TRACON& Tower with Radar,27,89,42,2,160,0,4,22,2,28,27,93,64,4,188,2,0,2,190
12/02/2011,CAE,SC,ASO,ES,Combined TRACON& Tower with Radar,19,99,34,0,152,0,3,12,0,15,19,102,46,0,167,6,0,6,173
12/03/2011,CAE,SC,ASO,ES,Combined TRACON& Tower with Radar,8,48,22,1,79,0,0,29,0,29,8,48,51,1,108,0,0,0,108
12/04/2011,CAE,SC,ASO,ES,Combined TRACON& Tower with Radar,6,54,24,0,84,0,0,11,0,11,6,54,35,0,95,34,0,34,129
12/05/2011,CAE,SC,ASO,ES,Combined TRACON& Tower with Radar,10,75,26,2,113,0,0,4,0,4,10,75,30,2,117,0,0,0,117
12/06/2011,CAE,SC,ASO,ES,Combined TRACON& Tower with Radar,26,84,45,1,156,0,1,4,0,5,26,85,49,1,161,0,0,0,161
12/07/2011,CAE,SC,ASO,ES,Combined TRACON& Tower with Radar,26,94,30,10,160,0,6,1,2,9,26,100,31,12,169,0,0,0,169
12/08/2011,CAE,SC,ASO,ES,Combined TRACON& Tower with Radar,22,99,33,5,159,0,0,21,7,28,22,99,54,12,187,22,0,22,209
12/09/2011,CAE,SC,ASO,ES,Combined TRACON& Tower with Radar,21,89,26,0,136,0,0,21,0,21,21,89,47,0,157,0,0,0,157
12/10/2011,CAE,SC,ASO,ES,Combined TRACON& Tower with Radar,8,54,22,6,90,0,0,19,0,19,8,54,41,6,109,12,0,12,121
12/11/2011,CAE,SC,ASO,ES,Combined TRACON& Tower with Radar,6,57,9,4,76,0,0,18,0,18,6,57,27,4,94,0,0,0,94
12/12/2011,CAE,SC,ASO,ES,Combined TRACON& Tower with Radar,13,87,49,2,151,0,0,10,2,12,13,87,59,4,163,0,0,0,163
12/13/2011,CAE,SC,ASO,ES,Combined TRACON& Tower with Radar,28,84,17,4,133,0,2,10,1,13,28,86,27,5,146,0,0,0,146
12/14/2011,CAE,SC,ASO,ES,Combined TRACON& Tower with Radar,26,92,27,5,150,0,0,20,1,21,26,92,47,6,171,2,22,24,195
12/15/2011,CAE,SC,ASO,ES,Combined TRACON& Tower with Radar,26,97,45,2,170,0,0,20,1,21,26,97,65,3,191,12,0,12,203
12/16/2011,CAE,SC,ASO,ES,Combined TRACON& Tower with Radar,20,91,24,4,139,0,0,17,2,19,20,91,41,6,158,0,0,0,158
12/17/2011,CAE,SC,ASO,ES,Combined TRACON& Tower with Radar,10,71,27,1,109,0,1,18,1,20,10,72,45,2,129,0,0,0,129
12/18/2011,CAE,SC,ASO,ES,Combined TRACON& Tower with Radar,8,56,8,0,72,0,0,14,0,14,8,56,22,0,86,2,0,2,88
12/19/2011,CAE,SC,ASO,ES,Combined TRACON& Tower with Radar,16,71,34,7,128,0,0,14,3,17,16,71,48,10,145,0,0,0,145
12/20/2011,CAE,SC,ASO,ES,Combined TRACON& Tower with Radar,38,93,40,0,171,0,0,19,0,19,38,93,59,0,190,18,0,18,208
12/21/2011,CAE,SC,ASO,ES,Combined TRACON& Tower with Radar,36,95,31,2,164,0,0,6,0,6,36,95,37,2,170,0,0,0,170
12/22/2011,CAE,SC,ASO,ES,Combined TRACON& Tower with Radar,40,100,33,6,179,0,0,11,0,11,40,100,44,6,190,0,0,0,190
12/23/2011,CAE,SC,ASO,ES,Combined TRACON& Tower with Radar,18,98,21,0,137,0,0,9,0,9,18,98,30,0,146,0,0,0,146
12/24/2011,CAE,SC,ASO,ES,Combined TRACON& Tower with Radar,6,59,8,0,73,0,0,7,0,7,6,59,15,0,80,0,0,0,80
12/25/2011,CAE,SC,ASO,ES,Combined TRACON& Tower with Radar,3,46,3,0,52,0,0,1,0,1,3,46,4,0,53,0,0,0,53
12/26/2011,CAE,SC,ASO,ES,Combined TRACON& Tower with Radar,7,76,21,0,104,0,0,12,0,12,7,76,33,0,116,8,0,8,124
12/27/2011,CAE,SC,ASO,ES,Combined TRACON& Tower with Radar,15,91,19,0,125,0,0,3,0,3,15,91,22,0,128,0,0,0,128
12/28/2011,CAE,SC,ASO,ES,Combined TRACON& Tower with Radar,20,86,31,2,139,0,0,20,0,20,20,86,51,2,159,0,0,0,159
12/29/2011,CAE,SC,ASO,ES,Combined TRACON& Tower with Radar,20,87,25,2,134,0,4,14,0,18,20,91,39,2,152,0,6,6,158
12/30/2011,CAE,SC,ASO,ES,Combined TRACON& Tower with Radar,12,92,29,0,133,0,0,17,0,17,12,92,46,0,150,8,0,8,158
12/31/2011,CAE,SC,ASO,ES,Combined TRACON& Tower with Radar,5,52,9,2,68,0,0,21,0,21,5,52,30,2,89,0,0,0,89
01/01/2012,CAE,SC,ASO,ES,Combined TRACON& Tower with Radar,3,57,22,0,82,0,0,9,0,9,3,57,31,0,91,0,0,0,91
01/02/2012,CAE,SC,ASO,ES,Combined TRACON& Tower with Radar,13,64,18,0,95,0,0,11,0,11,13,64,29,0,106,0,0,0,106
01/03/2012,CAE,SC,ASO,ES,Combined TRACON& Tower with Radar,14,88,33,0,135,0,0,9,4,13,14,88,42,4,148,4,0,4,152
01/04/2012,CAE,SC,ASO,ES,Combined TRACON& Tower with Radar,18,88,40,2,148,0,0,21,0,21,18,88,61,2,169,7,0,7,176
01/05/2012,CAE,SC,ASO,ES,Combined TRACON& Tower with Radar,18,82,46,7,153,0,0,21,1,22,18,82,67,8,175,8,0,8,183
01/06/2012,CAE,SC,ASO,ES,Combined TRACON& Tower with Radar,10,88,25,6,129,0,0,15,4,19,10,88,40,10,148,0,0,0,148
01/07/2012,CAE,SC,ASO,ES,Combined TRACON& Tower with Radar,6,56,6,10,78,0,2,15,4,21,6,58,21,14,99,18,32,50,149
01/08/2012,CAE,SC,ASO,ES,Combined TRACON& Tower with Radar,4,71,21,2,98,0,0,15,2,17,4,71,36,4,115,0,0,0,115
01/09/2012,CAE,SC,ASO,ES,Combined TRACON& Tower with Radar,9,86,18,0,113,0,0,0,0,0,9,86,18,0,113,0,0,0,113
01/10/2012,CAE,SC,ASO,ES,Combined TRACON& Tower with Radar,19,90,24,12,145,0,0,1,0,1,19,90,25,12,146,0,0,0,146
01/11/2012,CAE,SC,ASO,ES,Combined TRACON& Tower with Radar,20,92,20,0,132,0,0,0,0,0,20,92,20,0,132,0,0,0,132
01/12/2012,CAE,SC,ASO,ES,Combined TRACON& Tower with Radar,18,96,36,10,160,0,0,13,1,14,18,96,49,11,174,0,0,0,174
01/13/2012,CAE,SC,ASO,ES,Combined TRACON& Tower with Radar,12,90,38,2,142,0,0,16,2,18,12,90,54,4,160,10,0,10,170
01/14/2012,CAE,SC,ASO,ES,Combined TRACON& Tower with Radar,9,53,20,0,82,0,0,24,0,24,9,53,44,0,106,0,0,0,106
01/15/2012,CAE,SC,ASO,ES,Combined TRACON& Tower with Radar,3,60,14,0,77,0,0,28,0,28,3,60,42,0,105,0,0,0,105
01/16/2012,CAE,SC,ASO,ES,Combined TRACON& Tower with Radar,7,81,18,0,106,0,0,15,0,15,7,81,33,0,121,0,0,0,121
01/17/2012,CAE,SC,ASO,ES,Combined TRACON& Tower with Radar,19,85,19,2,125,0,0,10,0,10,19,85,29,2,135,0,14,14,149
01/18/2012,CAE,SC,ASO,ES,Combined TRACON& Tower with Radar,18,86,50,2,156,0,0,11,0,11,18,86,61,2,167,0,0,0,167
01/19/2012,CAE,SC,ASO,ES,Combined TRACON& Tower with Radar,15,94,26,7,142,0,0,12,0,12,15,94,38,7,154,0,0,0,154
01/20/2012,CAE,SC,ASO,ES,Combined TRACON& Tower with Radar,18,87,40,7,152,0,1,7,3,11,18,88,47,10,163,0,0,0,163
01/21/2012,CAE,SC,ASO,ES,Combined TRACON& Tower with Radar,12,58,10,2,82,0,1,0,0,1,12,59,10,2,83,0,0,0,83
01/22/2012,CAE,SC,ASO,ES,Combined TRACON& Tower with Radar,4,69,13,2,88,0,0,0,0,0,4,69,13,2,88,0,0,0,88
01/23/2012,CAE,SC,ASO,ES,Combined TRACON& Tower with Radar,8,58,17,0,83,0,0,0,0,0,8,58,17,0,83,0,0,0,83
01/24/2012,CAE,SC,ASO,ES,Combined TRACON& Tower with Radar,19,91,36,4,150,0,2,7,0,9,19,93,43,4,159,0,0,0,159
01/25/2012,CAE,SC,ASO,ES,Combined TRACON& Tower with Radar,20,98,34,9,161,0,3,17,0,20,20,101,51,9,181,0,0,0,181
01/26/2012,CAE,SC,ASO,ES,Combined TRACON& Tower with Radar,18,100,31,4,153,0,0,0,0,0,18,100,31,4,153,0,0,0,153
01/27/2012,CAE,SC,ASO,ES,Combined TRACON& Tower with Radar,10,86,33,4,133,0,1,8,0,9,10,87,41,4,142,0,0,0,142
01/28/2012,CAE,SC,ASO,ES,Combined TRACON& Tower with Radar,6,55,25,14,100,0,0,32,0,32,6,55,57,14,132,2,0,2,134
01/29/2012,CAE,SC,ASO,ES,Combined TRACON& Tower with Radar,4,65,19,0,88,0,0,28,1,29,4,65,47,1,117,2,0,2,119
01/30/2012,CAE,SC,ASO,ES,Combined TRACON& Tower with Radar,9,83,57,6,155,0,2,13,0,15,9,85,70,6,170,0,0,0,170
01/31/2012,CAE,SC,ASO,ES,Combined TRACON& Tower with Radar,18,90,48,6,162,0,0,29,0,29,18,90,77,6,191,0,0,0,191
02/01/2012,CAE,SC,ASO,ES,Combined TRACON& Tower with Radar,17,97,28,4,146,0,0,17,0,17,17,97,45,4,163,0,0,0,163
02/02/2012,CAE,SC,ASO,ES,Combined TRACON& Tower with Radar,18,86,25,3,132,0,0,7,2,9,18,86,32,5,141,0,0,0,141
02/03/2012,CAE,SC,ASO,ES,Combined TRACON& Tower with Radar,16,94,21,6,137,0,2,34,2,38,16,96,55,8,175,0,0,0,175
02/04/2012,CAE,SC,ASO,ES,Combined TRACON& Tower with Radar,12,54,17,0,83,0,1,7,0,8,12,55,24,0,91,4,0,4,95
02/05/2012,CAE,SC,ASO,ES,Combined TRACON& Tower with Radar,4,58,19,1,82,0,0,22,0,22,4,58,41,1,104,6,0,6,110
02/06/2012,CAE,SC,ASO,ES,Combined TRACON& Tower with Radar,8,76,24,0,108,0,0,5,0,5,8,76,29,0,113,0,0,0,113
02/07/2012,CAE,SC,ASO,ES,Combined TRACON& Tower with Radar,22,82,29,5,138,0,4,4,1,9,22,86,33,6,147,0,0,0,147
02/08/2012,CAE,SC,ASO,ES,Combined TRACON& Tower with Radar,17,89,20,2,128,0,1,5,0,6,17,90,25,2,134,2,0,2,136
02/09/2012,CAE,SC,ASO,ES,Combined TRACON& Tower with Radar,20,89,37,0,146,0,3,23,1,27,20,92,60,1,173,0,0,0,173
02/10/2012,CAE,SC,ASO,ES,Combined TRACON& Tower with Radar,13,85,21,2,121,0,2,9,0,11,13,87,30,2,132,14,0,14,146
02/11/2012,CAE,SC,ASO,ES,Combined TRACON& Tower with Radar,6,51,10,2,69,0,3,16,0,19,6,54,26,2,88,20,0,20,108
02/12/2012,CAE,SC,ASO,ES,Combined TRACON& Tower with Radar,4,63,36,1,104,0,0,13,3,16,4,63,49,4,120,14,0,14,134
02/13/2012,CAE,SC,ASO,ES,Combined TRACON& Tower with Radar,7,80,23,2,112,0,0,19,0,19,7,80,42,2,131,0,0,0,131
02/14/2012,CAE,SC,ASO,ES,Combined TRACON& Tower with Radar,19,82,19,4,124,0,0,12,0,12,19,82,31,4,136,0,0,0,136
02/15/2012,CAE,SC,ASO,ES,Combined TRACON& Tower with Radar,18,90,41,4,153,0,2,18,0,20,18,92,59,4,173,0,0,0,173
02/16/2012,CAE,SC,ASO,ES,Combined TRACON& Tower with Radar,18,97,42,14,171,0,0,0,0,0,18,97,42,14,171,0,0,0,171
02/17/2012,CAE,SC,ASO,ES,Combined TRACON& Tower with Radar,10,98,42,5,155,0,0,15,1,16,10,98,57,6,171,14,16,30,201
02/18/2012,CAE,SC,ASO,ES,Combined TRACON& Tower with Radar,4,60,20,2,86,0,2,11,0,13,4,62,31,2,99,4,0,4,103
02/19/2012,CAE,SC,ASO,ES,Combined TRACON& Tower with Radar,4,60,13,0,77,0,0,0,0,0,4,60,13,0,77,0,0,0,77
02/20/2012,CAE,SC,ASO,ES,Combined TRACON& Tower with Radar,7,84,38,0,129,0,0,17,0,17,7,84,55,0,146,12,0,12,158
02/21/2012,CAE,SC,ASO,ES,Combined TRACON& Tower with Radar,21,91,27,2,141,0,1,16,0,17,21,92,43,2,158,0,0,0,158
02/22/2012,CAE,SC,ASO,ES,Combined TRACON& Tower with Radar,20,84,40,5,149,0,0,8,0,8,20,84,48,5,157,22,0,22,179
02/23/2012,CAE,SC,ASO,ES,Combined TRACON& Tower with Radar,22,91,56,2,171,0,1,16,0,17,22,92,72,2,188,26,0,26,214
02/24/2012,CAE,SC,ASO,ES,Combined TRACON& Tower with Radar,15,85,17,4,121,0,1,1,0,2,15,86,18,4,123,0,0,0,123
02/25/2012,CAE,SC,ASO,ES,Combined TRACON& Tower with Radar,2,68,23,0,93,0,3,17,0,20,2,71,40,0,113,16,0,16,129
02/26/2012,CAE,SC,ASO,ES,Combined TRACON& Tower with Radar,8,67,12,5,92,0,0,20,0,20,8,67,32,5,112,4,0,4,116
02/27/2012,CAE,SC,ASO,ES,Combined TRACON& Tower with Radar,9,87,40,0,136,0,0,0,0,0,9,87,40,0,136,0,0,0,136
02/28/2012,CAE,SC,ASO,ES,Combined TRACON& Tower with Radar,18,93,26,2,139,0,3,10,0,13,18,96,36,2,152,0,0,0,152
02/29/2012,CAE,SC,ASO,ES,Combined TRACON& Tower with Radar,18,82,22,4,126,0,2,3,0,5,18,84,25,4,131,0,0,0,131
03/01/2012,CAE,SC,ASO,ES,Combined TRACON& Tower with Radar,18,92,43,4,157,0,0,14,0,14,18,92,57,4,171,4,0,4,175
03/02/2012,CAE,SC,ASO,ES,Combined TRACON& Tower with Radar,12,81,21,2,116,0,0,3,0,3,12,81,24,2,119,0,0,0,119
03/03/2012,CAE,SC,ASO,ES,Combined TRACON& Tower with Radar,3,64,15,5,87,0,0,1,0,1,3,64,16,5,88,0,0,0,88
03/04/2012,CAE,SC,ASO,ES,Combined TRACON& Tower with Radar,4,68,19,5,96,0,0,6,4,10,4,68,25,9,106,0,8,8,114
03/05/2012,CAE,SC,ASO,ES,Combined TRACON& Tower with Radar,10,79,23,5,117,0,0,3,0,3,10,79,26,5,120,0,0,0,120
03/06/2012,CAE,SC,ASO,ES,Combined TRACON& Tower with Radar,20,89,27,2,138,0,1,21,0,22,20,90,48,2,160,12,0,12,172
03/07/2012,CAE,SC,ASO,ES,Combined TRACON& Tower with Radar,18,85,44,0,147,0,0,17,0,17,18,85,61,0,164,0,0,0,164
03/08/2012,CAE,SC,ASO,ES,Combined TRACON& Tower with Radar,20,88,40,14,162,0,2,22,0,24,20,90,62,14,186,6,0,6,192
03/09/2012,CAE,SC,ASO,ES,Combined TRACON& Tower with Radar,16,83,32,8,139,0,2,2,0,4,16,85,34,8,143,0,0,0,143
03/10/2012,CAE,SC,ASO,ES,Combined TRACON& Tower with Radar,2,55,24,4,85,0,0,19,0,19,2,55,43,4,104,0,0,0,104
03/11/2012,CAE,SC,ASO,ES,Combined TRACON& Tower with Radar,6,64,22,0,92,0,0,19,0,19,6,64,41,0,111,12,0,12,123
03/12/2012,CAE,SC,ASO,ES,Combined TRACON& Tower with Radar,14,76,41,10,141,0,0,11,0,11,14,76,52,10,152,0,0,0,152
03/13/2012,CAE,SC,ASO,ES,Combined TRACON& Tower with Radar,20,86,36,3,145,0,1,9,0,10,20,87,45,3,155,0,0,0,155
03/14/2012,CAE,SC,ASO,ES,Combined TRACON& Tower with Radar,20,84,36,4,144,0,6,10,5,21,20,90,46,9,165,0,0,0,165
03/15/2012,CAE,SC,ASO,ES,Combined TRACON& Tower with Radar,24,84,34,6,148,0,0,14,2,16,24,84,48,8,164,0,0,0,164
03/16/2012,CAE,SC,ASO,ES,Combined TRACON& Tower with Radar,12,89,26,4,131,0,5,9,0,14,12,94,35,4,145,0,0,0,145
03/17/2012,CAE,SC,ASO,ES,Combined TRACON& Tower with Radar,2,53,15,1,71,0,0,8,0,8,2,53,23,1,79,0,0,0,79
03/18/2012,CAE,SC,ASO,ES,Combined TRACON& Tower with Radar,6,62,28,15,111,0,0,13,0,13,6,62,41,15,124,0,0,0,124
03/19/2012,CAE,SC,ASO,ES,Combined TRACON& Tower with Radar,20,73,24,2,119,0,6,22,3,31,20,79,46,5,150,18,0,18,168
03/20/2012,CAE,SC,ASO,ES,Combined TRACON& Tower with Radar,21,84,24,4,133,0,4,14,0,18,21,88,38,4,151,0,0,0,151
03/21/2012,CAE,SC,ASO,ES,Combined TRACON& Tower with Radar,21,84,50,8,163,0,0,7,0,7,21,84,57,8,170,4,0,4,174
03/22/2012,CAE,SC,ASO,ES,Combined TRACON& Tower with Radar,21,83,42,0,146,0,0,15,0,15,21,83,57,0,161,10,0,10,171
03/23/2012,CAE,SC,ASO,ES,Combined TRACON& Tower with Radar,21,90,38,17,166,0,0,13,3,16,21,90,51,20,182,4,0,4,186
03/24/2012,CAE,SC,ASO,ES,Combined TRACON& Tower with Radar,2,53,9,4,68,0,0,8,0,8,2,53,17,4,76,0,0,0,76
03/25/2012,CAE,SC,ASO,ES,Combined TRACON& Tower with Radar,7,64,25,0,96,0,0,10,0,10,7,64,35,0,106,8,2,10,116
03/26/2012,CAE,SC,ASO,ES,Combined TRACON& Tower with Radar,11,80,32,0,123,0,0,14,0,14,11,80,46,0,137,14,0,14,151
03/27/2012,CAE,SC,ASO,ES,Combined TRACON& Tower with Radar,18,85,45,5,153,0,0,21,0,21,18,85,66,5,174,0,0,0,174
03/28/2012,CAE,SC,ASO,ES,Combined TRACON& Tower with Radar,19,89,36,7,151,0,0,8,1,9,19,89,44,8,160,0,0,0,160
03/29/2012,CAE,SC,ASO,ES,Combined TRACON& Tower with Radar,20,85,45,0,150,0,0,12,1,13,20,85,57,1,163,2,0,2,165
03/30/2012,CAE,SC,ASO,ES,Combined TRACON& Tower with Radar,12,96,37,3,148,0,1,23,1,25,12,97,60,4,173,8,0,8,181
03/31/2012,CAE,SC,ASO,ES,Combined TRACON& Tower with Radar,2,54,22,0,78,0,0,6,0,6,2,54,28,0,84,0,0,0,84
04/01/2012,CAE,SC,ASO,ES,Combined TRACON& Tower with Radar,5,66,29,0,100,0,0,11,0,11,5,66,40,0,111,0,0,0,111
04/02/2012,CAE,SC,ASO,ES,Combined TRACON& Tower with Radar,9,80,32,2,123,0,0,12,0,12,9,80,44,2,135,2,0,2,137
04/03/2012,CAE,SC,ASO,ES,Combined TRACON& Tower with Radar,15,85,43,6,149,0,0,13,2,15,15,85,56,8,164,8,0,8,172
04/04/2012,CAE,SC,ASO,ES,Combined TRACON& Tower with Radar,19,97,44,6,166,0,2,16,0,18,19,99,60,6,184,10,0,10,194
04/05/2012,CAE,SC,ASO,ES,Combined TRACON& Tower with Radar,24,104,51,0,179,0,2,15,0,17,24,106,66,0,196,0,0,0,196
04/06/2012,CAE,SC,ASO,ES,Combined TRACON& Tower with Radar,15,99,58,1,173,0,0,12,2,14,15,99,70,3,187,0,0,0,187
04/07/2012,CAE,SC,ASO,ES,Combined TRACON& Tower with Radar,2,67,16,0,85,0,0,31,0,31,2,67,47,0,116,36,0,36,152
04/08/2012,CAE,SC,ASO,ES,Combined TRACON& Tower with Radar,5,69,18,2,94,0,0,17,0,17,5,69,35,2,111,6,2,8,119
04/09/2012,CAE,SC,ASO,ES,Combined TRACON& Tower with Radar,12,75,45,10,142,0,1,18,0,19,12,76,63,10,161,12,0,12,173
04/10/2012,CAE,SC,ASO,ES,Combined TRACON& Tower with Radar,18,87,40,4,149,0,1,17,0,18,18,88,57,4,167,22,0,22,189
04/11/2012,CAE,SC,ASO,ES,Combined TRACON& Tower with Radar,24,87,40,0,151,0,1,11,0,12,24,88,51,0,163,0,0,0,163
04/12/2012,CAE,SC,ASO,ES,Combined TRACON& Tower with Radar,23,81,35,16,155,0,1,23,4,28,23,82,58,20,183,0,16,16,199
04/13/2012,CAE,SC,ASO,ES,Combined TRACON& Tower with Radar,16,88,24,3,131,0,0,17,1,18,16,88,41,4,149,0,0,0,149
04/14/2012,CAE,SC,ASO,ES,Combined TRACON& Tower with Radar,12,53,10,1,76,0,0,21,18,39,12,53,31,19,115,0,24,24,139
04/15/2012,CAE,SC,ASO,ES,Combined TRACON& Tower with Radar,8,61,31,5,105,0,1,15,2,18,8,62,46,7,123,0,0,0,123
04/16/2012,CAE,SC,ASO,ES,Combined TRACON& Tower with Radar,11,80,16,9,116,0,1,8,1,10,11,81,24,10,126,0,0,0,126
04/17/2012,CAE,SC,ASO,ES,Combined TRACON& Tower with Radar,19,86,28,4,137,0,0,18,2,20,19,86,46,6,157,12,0,12,169
04/18/2012,CAE,SC,ASO,ES,Combined TRACON& Tower with Radar,21,85,21,0,127,0,0,0,1,1,21,85,21,1,128,0,0,0,128
04/19/2012,CAE,SC,ASO,ES,Combined TRACON& Tower with Radar,22,92,37,6,157,0,0,4,0,4,22,92,41,6,161,0,0,0,161
04/20/2012,CAE,SC,ASO,ES,Combined TRACON& Tower with Radar,15,86,38,2,141,0,0,2,0,2,15,86,40,2,143,0,0,0,143
04/21/2012,CAE,SC,ASO,ES,Combined TRACON& Tower with Radar,10,54,11,0,75,0,0,8,0,8,10,54,19,0,83,0,0,0,83
04/22/2012,CAE,SC,ASO,ES,Combined TRACON& Tower with Radar,8,63,24,2,97,0,0,1,0,1,8,63,25,2,98,0,0,0,98
04/23/2012,CAE,SC,ASO,ES,Combined TRACON& Tower with Radar,13,85,40,3,141,0,1,24,2,27,13,86,64,5,168,2,0,2,170
04/24/2012,CAE,SC,ASO,ES,Combined TRACON& Tower with Radar,19,83,43,4,149,0,1,18,0,19,19,84,61,4,168,0,0,0,168
04/25/2012,CAE,SC,ASO,ES,Combined TRACON& Tower with Radar,21,90,49,20,180,0,1,16,0,17,21,91,65,20,197,0,0,0,197
04/26/2012,CAE,SC,ASO,ES,Combined TRACON& Tower with Radar,23,82,46,9,160,0,1,10,1,12,23,83,56,10,172,0,12,12,184
04/27/2012,CAE,SC,ASO,ES,Combined TRACON& Tower with Radar,21,91,35,2,149,0,1,20,0,21,21,92,55,2,170,0,0,0,170
04/28/2012,CAE,SC,ASO,ES,Combined TRACON& Tower with Radar,9,59,14,2,84,0,0,9,0,9,9,59,23,2,93,6,0,6,99
04/29/2012,CAE,SC,ASO,ES,Combined TRACON& Tower with Radar,11,67,23,0,101,0,1,20,0,21,11,68,43,0,122,12,0,12,134
04/30/2012,CAE,SC,ASO,ES,Combined TRACON& Tower with Radar,6,38,9,2,55,0,0,12,0,12,6,38,21,2,67,16,0,16,83
05/01/2012,CAE,SC,ASO,ES,Combined TRACON& Tower with Radar,18,63,36,4,121,0,1,11,0,12,18,64,47,4,133,0,0,0,133
05/02/2012,CAE,SC,ASO,ES,Combined TRACON& Tower with Radar,22,87,32,4,145,0,3,9,0,12,22,90,41,4,157,0,0,0,157
05/03/2012,CAE,SC,ASO,ES,Combined TRACON& Tower with Radar,24,83,52,2,161,0,0,14,1,15,24,83,66,3,176,0,0,0,176
05/04/2012,CAE,SC,ASO,ES,Combined TRACON& Tower with Radar,14,92,19,0,125,0,0,14,2,16,14,92,33,2,141,4,0,4,145
05/05/2012,CAE,SC,ASO,ES,Combined TRACON& Tower with Radar,15,57,16,4,92,0,2,3,0,5,15,59,19,4,97,0,0,0,97
05/06/2012,CAE,SC,ASO,ES,Combined TRACON& Tower with Radar,11,64,23,0,98,0,0,9,2,11,11,64,32,2,109,12,0,12,121
05/07/2012,CAE,SC,ASO,ES,Combined TRACON& Tower with Radar,15,76,24,8,123,0,2,9,0,11,15,78,33,8,134,10,4,14,148
05/08/2012,CAE,SC,ASO,ES,Combined TRACON& Tower with Radar,38,90,35,4,167,0,0,7,2,9,38,90,42,6,176,38,0,38,214
05/09/2012,CAE,SC,ASO,ES,Combined TRACON& Tower with Radar,22,86,46,0,154,0,0,1,1,2,22,86,47,1,156,0,0,0,156
05/10/2012,CAE,SC,ASO,ES,Combined TRACON& Tower with Radar,20,94,41,5,160,0,0,20,2,22,20,94,61,7,182,12,0,12,194
05/11/2012,CAE,SC,ASO,ES,Combined TRACON& Tower with Radar,17,90,30,11,148,0,0,25,6,31,17,90,55,17,179,14,0,14,193
05/12/2012,CAE,SC,ASO,ES,Combined TRACON& Tower with Radar,11,53,15,6,85,0,0,8,4,12,11,53,23,10,97,14,0,14,111
05/13/2012,CAE,SC,ASO,ES,Combined TRACON& Tower with Radar,7,71,12,8,98,0,0,2,0,2,7,71,14,8,100,8,0,8,108
05/14/2012,CAE,SC,ASO,ES,Combined TRACON& Tower with Radar,14,78,27,12,131,0,0,5,0,5,14,78,32,12,136,6,2,8,144
05/15/2012,CAE,SC,ASO,ES,Combined TRACON& Tower with Radar,22,81,39,2,144,0,2,9,1,12,22,83,48,3,156,12,0,12,168
05/16/2012,CAE,SC,ASO,ES,Combined TRACON& Tower with Radar,22,85,43,9,159,0,1,16,1,18,22,86,59,10,177,0,0,0,177
05/17/2012,CAE,SC,ASO,ES,Combined TRACON& Tower with Radar,22,85,29,4,140,0,1,8,0,9,22,86,37,4,149,0,0,0,149
05/18/2012,CAE,SC,ASO,ES,Combined TRACON& Tower with Radar,15,87,30,3,135,0,2,5,0,7,15,89,35,3,142,0,0,0,142
05/19/2012,CAE,SC,ASO,ES,Combined TRACON& Tower with Radar,12,52,26,2,92,0,0,25,0,25,12,52,51,2,117,6,0,6,123
05/20/2012,CAE,SC,ASO,ES,Combined TRACON& Tower with Radar,10,64,32,16,122,0,0,25,0,25,10,64,57,16,147,6,0,6,153
05/21/2012,CAE,SC,ASO,ES,Combined TRACON& Tower with Radar,15,76,37,0,128,0,1,18,0,19,15,77,55,0,147,0,0,0,147
05/22/2012,CAE,SC,ASO,ES,Combined TRACON& Tower with Radar,20,83,26,1,130,0,5,15,0,20,20,88,41,1,150,2,0,2,152
05/23/2012,CAE,SC,ASO,ES,Combined TRACON& Tower with Radar,30,87,31,6,154,0,1,17,0,18,30,88,48,6,172,0,0,0,172
05/24/2012,CAE,SC,ASO,ES,Combined TRACON& Tower with Radar,22,91,35,5,153,0,0,15,4,19,22,91,50,9,172,8,0,8,180
05/25/2012,CAE,SC,ASO,ES,Combined TRACON& Tower with Radar,19,89,23,0,131,0,0,14,0,14,19,89,37,0,145,14,0,14,159
05/26/2012,CAE,SC,ASO,ES,Combined TRACON& Tower with Radar,12,57,21,0,90,0,0,17,0,17,12,57,38,0,107,44,0,44,151
05/27/2012,CAE,SC,ASO,ES,Combined TRACON& Tower with Radar,7,36,8,0,51,0,0,2,0,2,7,36,10,0,53,0,0,0,53
05/28/2012,CAE,SC,ASO,ES,Combined TRACON& Tower with Radar,7,60,8,6,81,0,1,2,0,3,7,61,10,6,84,0,0,0,84
05/29/2012,CAE,SC,ASO,ES,Combined TRACON& Tower with Radar,18,81,18,2,119,0,0,0,0,0,18,81,18,2,119,0,0,0,119
05/30/2012,CAE,SC,ASO,ES,Combined TRACON& Tower with Radar,22,88,29,5,144,0,0,17,0,17,22,88,46,5,161,0,0,0,161
05/31/2012,CAE,SC,ASO,ES,Combined TRACON& Tower with Radar,22,80,46,2,150,0,0,21,1,22,22,80,67,3,172,0,0,0,172
06/01/2012,CAE,SC,ASO,ES,Combined TRACON& Tower with Radar,14,82,18,3,117,0,0,1,0,1,14,82,19,3,118,0,0,0,118
06/02/2012,CAE,SC,ASO,ES,Combined TRACON& Tower with Radar,12,58,16,2,88,0,0,26,0,26,12,58,42,2,114,4,0,4,118
06/03/2012,CAE,SC,ASO,ES,Combined TRACON& Tower with Radar,4,62,25,1,92,0,0,16,0,16,4,62,41,1,108,18,0,18,126
06/04/2012,CAE,SC,ASO,ES,Combined TRACON& Tower with Radar,17,74,32,7,130,0,0,5,2,7,17,74,37,9,137,0,0,0,137
06/05/2012,CAE,SC,ASO,ES,Combined TRACON& Tower with Radar,22,80,38,4,144,0,0,8,0,8,22,80,46,4,152,0,0,0,152
06/06/2012,CAE,SC,ASO,ES,Combined TRACON& Tower with Radar,22,82,42,0,146,0,0,8,0,8,22,82,50,0,154,0,0,0,154
06/07/2012,CAE,SC,ASO,ES,Combined TRACON& Tower with Radar,23,87,30,17,157,0,1,20,0,21,23,88,50,17,178,0,0,0,178
06/08/2012,CAE,SC,ASO,ES,Combined TRACON& Tower with Radar,15,84,27,8,134,0,0,17,4,21,15,84,44,12,155,0,0,0,155
06/09/2012,CAE,SC,ASO,ES,Combined TRACON& Tower with Radar,16,55,27,1,99,0,0,19,0,19,16,55,46,1,118,14,0,14,132
06/10/2012,CAE,SC,ASO,ES,Combined TRACON& Tower with Radar,11,57,22,1,91,0,0,1,0,1,11,57,23,1,92,0,0,0,92
06/11/2012,CAE,SC,ASO,ES,Combined TRACON& Tower with Radar,16,73,15,1,105,0,0,0,0,0,16,73,15,1,105,0,0,0,105
06/12/2012,CAE,SC,ASO,ES,Combined TRACON& Tower with Radar,24,78,30,4,136,0,1,6,0,7,24,79,36,4,143,0,0,0,143
06/13/2012,CAE,SC,ASO,ES,Combined TRACON& Tower with Radar,28,84,46,7,165,0,0,9,1,10,28,84,55,8,175,0,14,14,189
06/14/2012,CAE,SC,ASO,ES,Combined TRACON& Tower with Radar,19,79,29,2,129,0,0,15,0,15,19,79,44,2,144,0,0,0,144
06/15/2012,CAE,SC,ASO,ES,Combined TRACON& Tower with Radar,17,82,33,1,133,0,0,22,1,23,17,82,55,2,156,56,0,56,212
06/16/2012,CAE,SC,ASO,ES,Combined TRACON& Tower with Radar,12,58,17,4,91,0,0,28,0,28,12,58,45,4,119,16,0,16,135
06/17/2012,CAE,SC,ASO,ES,Combined TRACON& Tower with Radar,12,56,13,9,90,0,0,16,1,17,12,56,29,10,107,0,0,0,107
06/18/2012,CAE,SC,ASO,ES,Combined TRACON& Tower with Radar,11,75,30,17,133,0,0,20,1,21,11,75,50,18,154,8,0,8,162
06/19/2012,CAE,SC,ASO,ES,Combined TRACON& Tower with Radar,22,88,49,0,159,0,0,23,0,23,22,88,72,0,182,20,0,20,202
06/20/2012,CAE,SC,ASO,ES,Combined TRACON& Tower with Radar,24,84,28,8,144,0,3,20,0,23,24,87,48,8,167,0,0,0,167
06/21/2012,CAE,SC,ASO,ES,Combined TRACON& Tower with Radar,23,86,20,0,129,0,2,11,1,14,23,88,31,1,143,8,0,8,151
06/22/2012,CAE,SC,ASO,ES,Combined TRACON& Tower with Radar,17,77,27,2,123,0,0,32,2,34,17,77,59,4,157,8,0,8,165
06/23/2012,CAE,SC,ASO,ES,Combined TRACON& Tower with Radar,17,60,14,0,91,0,0,19,1,20,17,60,33,1,111,8,0,8,119
06/24/2012,CAE,SC,ASO,ES,Combined TRACON& Tower with Radar,10,56,18,2,86,0,0,6,0,6,10,56,24,2,92,0,0,0,92
06/25/2012,CAE,SC,ASO,ES,Combined TRACON& Tower with Radar,17,77,24,6,124,0,0,1,2,3,17,77,25,8,127,22,0,22,149
06/26/2012,CAE,SC,ASO,ES,Combined TRACON& Tower with Radar,24,84,37,9,154,0,1,14,3,18,24,85,51,12,172,38,0,38,210
06/27/2012,CAE,SC,ASO,ES,Combined TRACON& Tower with Radar,22,91,23,5,141,0,3,20,0,23,22,94,43,5,164,0,12,12,176
06/28/2012,CAE,SC,ASO,ES,Combined TRACON& Tower with Radar,20,93,35,2,150,0,0,11,0,11,20,93,46,2,161,0,0,0,161
06/29/2012,CAE,SC,ASO,ES,Combined TRACON& Tower with Radar,17,82,23,14,136,0,0,28,2,30,17,82,51,16,166,0,0,0,166
06/30/2012,CAE,SC,ASO,ES,Combined TRACON& Tower with Radar,12,58,20,4,94,0,0,19,0,19,12,58,39,4,113,12,0,12,125
07/01/2012,CAE,SC,ASO,ES,Combined TRACON& Tower with Radar,10,54,15,2,81,0,1,10,0,11,10,55,25,2,92,6,0,6,98
07/02/2012,CAE,SC,ASO,ES,Combined TRACON& Tower with Radar,12,74,16,2,104,0,0,8,2,10,12,74,24,4,114,0,0,0,114
07/03/2012,CAE,SC,ASO,ES,Combined TRACON& Tower with Radar,23,79,10,3,115,0,2,10,1,13,23,81,20,4,128,0,0,0,128
07/04/2012,CAE,SC,ASO,ES,Combined TRACON& Tower with Radar,9,51,11,0,71,0,0,12,0,12,9,51,23,0,83,0,0,0,83
07/05/2012,CAE,SC,ASO,ES,Combined TRACON& Tower with Radar,17,66,10,0,93,0,2,19,0,21,17,68,29,0,114,8,0,8,122
07/06/2012,CAE,SC,ASO,ES,Combined TRACON& Tower with Radar,16,77,17,0,110,0,0,17,0,17,16,77,34,0,127,0,0,0,127
07/07/2012,CAE,SC,ASO,ES,Combined TRACON& Tower with Radar,13,52,11,0,76,0,0,13,0,13,13,52,24,0,89,0,0,0,89
07/08/2012,CAE,SC,ASO,ES,Combined TRACON& Tower with Radar,8,64,17,0,89,0,0,13,0,13,8,64,30,0,102,4,0,4,106
07/09/2012,CAE,SC,ASO,ES,Combined TRACON& Tower with Radar,13,69,34,2,118,0,2,6,0,8,13,71,40,2,126,0,0,0,126
07/10/2012,CAE,SC,ASO,ES,Combined TRACON& Tower with Radar,26,74,21,11,132,0,0,13,0,13,26,74,34,11,145,0,2,2,147
07/11/2012,CAE,SC,ASO,ES,Combined TRACON& Tower with Radar,24,80,25,5,134,0,0,2,0,2,24,80,27,5,136,0,0,0,136
07/12/2012,CAE,SC,ASO,ES,Combined TRACON& Tower with Radar,21,88,33,8,150,0,1,1,0,2,21,89,34,8,152,0,0,0,152
07/13/2012,CAE,SC,ASO,ES,Combined TRACON& Tower with Radar,21,79,17,4,121,0,2,3,0,5,21,81,20,4,126,0,0,0,126
07/14/2012,CAE,SC,ASO,ES,Combined TRACON& Tower with Radar,22,58,5,2,87,0,5,9,0,14,22,63,14,2,101,0,0,0,101
07/15/2012,CAE,SC,ASO,ES,Combined TRACON& Tower with Radar,14,53,23,5,95,0,0,21,1,22,14,53,44,6,117,16,0,16,133
07/16/2012,CAE,SC,ASO,ES,Combined TRACON& Tower with Radar,19,75,25,0,119,0,0,16,2,18,19,75,41,2,137,8,0,8,145
07/17/2012,CAE,SC,ASO,ES,Combined TRACON& Tower with Radar,22,84,28,0,134,0,0,13,1,14,22,84,41,1,148,8,0,8,156
07/18/2012,CAE,SC,ASO,ES,Combined TRACON& Tower with Radar,24,83,26,3,136,0,0,11,0,11,24,83,37,3,147,0,18,18,165
07/19/2012,CAE,SC,ASO,ES,Combined TRACON& Tower with Radar,20,85,24,1,130,0,0,19,0,19,20,85,43,1,149,6,0,6,155
07/20/2012,CAE,SC,ASO,ES,Combined TRACON& Tower with Radar,25,77,26,1,129,0,0,6,0,6,25,77,32,1,135,4,0,4,139
07/21/2012,CAE,SC,ASO,ES,Combined TRACON& Tower with Radar,12,56,25,0,93,0,0,17,0,17,12,56,42,0,110,4,0,4,114
07/22/2012,CAE,SC,ASO,ES,Combined TRACON& Tower with Radar,10,60,27,1,98,0,0,19,1,20,10,60,46,2,118,2,0,2,120
07/23/2012,CAE,SC,ASO,ES,Combined TRACON& Tower with Radar,13,71,28,0,112,0,0,11,0,11,13,71,39,0,123,8,0,8,131
07/24/2012,CAE,SC,ASO,ES,Combined TRACON& Tower with Radar,24,79,28,15,146,0,1,8,2,11,24,80,36,17,157,0,4,4,161
07/25/2012,CAE,SC,ASO,ES,Combined TRACON& Tower with Radar,24,91,30,1,146,0,2,13,0,15,24,93,43,1,161,14,0,14,175
07/26/2012,CAE,SC,ASO,ES,Combined TRACON& Tower with Radar,24,76,33,8,141,0,0,23,0,23,24,76,56,8,164,24,19,43,207
07/27/2012,CAE,SC,ASO,ES,Combined TRACON& Tower with Radar,16,82,29,10,137,0,0,6,0,6,16,82,35,10,143,0,0,0,143
07/28/2012,CAE,SC,ASO,ES,Combined TRACON& Tower with Radar,20,61,13,0,94,0,0,15,0,15,20,61,28,0,109,0,0,0,109
07/29/2012,CAE,SC,ASO,ES,Combined TRACON& Tower with Radar,8,60,13,7,88,0,0,20,1,21,8,60,33,8,109,46,0,46,155
07/30/2012,CAE,SC,ASO,ES,Combined TRACON& Tower with Radar,15,77,35,2,129,0,0,5,0,5,15,77,40,2,134,20,0,20,154
07/31/2012,CAE,SC,ASO,ES,Combined TRACON& Tower with Radar,24,71,26,10,131,0,0,2,0,2,24,71,28,10,133,2,0,2,135
08/01/2012,CAE,SC,ASO,ES,Combined TRACON& Tower with Radar,24,85,32,9,150,0,0,12,0,12,24,85,44,9,162,0,0,0,162
08/02/2012,CAE,SC,ASO,ES,Combined TRACON& Tower with Radar,24,82,35,3,144,0,0,14,0,14,24,82,49,3,158,6,0,6,164
08/03/2012,CAE,SC,ASO,ES,Combined TRACON& Tower with Radar,18,89,20,6,133,0,2,21,5,28,18,91,41,11,161,0,0,0,161
08/04/2012,CAE,SC,ASO,ES,Combined TRACON& Tower with Radar,12,58,20,0,90,0,0,4,0,4,12,58,24,0,94,8,0,8,102
08/05/2012,CAE,SC,ASO,ES,Combined TRACON& Tower with Radar,12,53,20,1,86,0,0,18,1,19,12,53,38,2,105,66,0,66,171
08/06/2012,CAE,SC,ASO,ES,Combined TRACON& Tower with Radar,16,81,26,1,124,0,0,2,1,3,16,81,28,2,127,0,0,0,127
08/07/2012,CAE,SC,ASO,ES,Combined TRACON& Tower with Radar,24,90,24,7,145,0,0,3,0,3,24,90,27,7,148,0,14,14,162
08/08/2012,CAE,SC,ASO,ES,Combined TRACON& Tower with Radar,22,86,28,4,140,0,1,8,0,9,22,87,36,4,149,48,0,48,197
08/09/2012,CAE,SC,ASO,ES,Combined TRACON& Tower with Radar,32,74,26,10,142,0,0,12,1,13,32,74,38,11,155,8,0,8,163
08/10/2012,CAE,SC,ASO,ES,Combined TRACON& Tower with Radar,14,78,42,6,140,0,0,4,0,4,14,78,46,6,144,0,0,0,144
08/11/2012,CAE,SC,ASO,ES,Combined TRACON& Tower with Radar,17,57,17,2,93,0,0,2,4,6,17,57,19,6,99,0,0,0,99
08/12/2012,CAE,SC,ASO,ES,Combined TRACON& Tower with Radar,11,59,18,2,90,0,0,16,1,17,11,59,34,3,107,12,0,12,119
08/13/2012,CAE,SC,ASO,ES,Combined TRACON& Tower with Radar,22,77,33,6,138,0,0,17,0,17,22,77,50,6,155,14,0,14,169
08/14/2012,CAE,SC,ASO,ES,Combined TRACON& Tower with Radar,24,81,26,2,133,0,0,19,2,21,24,81,45,4,154,15,0,15,169
08/15/2012,CAE,SC,ASO,ES,Combined TRACON& Tower with Radar,21,82,45,6,154,0,0,13,3,16,21,82,58,9,170,2,20,22,192
08/16/2012,CAE,SC,ASO,ES,Combined TRACON& Tower with Radar,24,81,31,5,141,0,2,15,1,18,24,83,46,6,159,2,0,2,161
08/17/2012,CAE,SC,ASO,ES,Combined TRACON& Tower with Radar,24,80,26,14,144,0,0,22,4,26,24,80,48,18,170,4,0,4,174
08/18/2012,CAE,SC,ASO,ES,Combined TRACON& Tower with Radar,10,60,19,0,89,0,0,8,0,8,10,60,27,0,97,18,0,18,115
08/19/2012,CAE,SC,ASO,ES,Combined TRACON& Tower with Radar,14,60,20,0,94,0,0,3,0,3,14,60,23,0,97,0,0,0,97
08/20/2012,CAE,SC,ASO,ES,Combined TRACON& Tower with Radar,14,70,30,5,119,0,2,7,0,9,14,72,37,5,128,0,0,0,128
08/21/2012,CAE,SC,ASO,ES,Combined TRACON& Tower with Radar,24,78,20,1,123,0,0,5,1,6,24,78,25,2,129,0,0,0,129
08/22/2012,CAE,SC,ASO,ES,Combined TRACON& Tower with Radar,24,89,36,2,151,0,1,4,0,5,24,90,40,2,156,14,0,14,170
08/23/2012,CAE,SC,ASO,ES,Combined TRACON& Tower with Radar,23,92,36,10,161,0,1,7,0,8,23,93,43,10,169,0,0,0,169
08/24/2012,CAE,SC,ASO,ES,Combined TRACON& Tower with Radar,19,87,26,10,142,0,1,25,3,29,19,88,51,13,171,14,0,14,185
08/25/2012,CAE,SC,ASO,ES,Combined TRACON& Tower with Radar,14,48,17,0,79,0,0,24,0,24,14,48,41,0,103,12,0,12,115
08/26/2012,CAE,SC,ASO,ES,Combined TRACON& Tower with Radar,12,53,13,0,78,0,0,20,0,20,12,53,33,0,98,28,0,28,126
08/27/2012,CAE,SC,ASO,ES,Combined TRACON& Tower with Radar,17,70,11,2,100,0,0,5,1,6,17,70,16,3,106,0,0,0,106
08/28/2012,CAE,SC,ASO,ES,Combined TRACON& Tower with Radar,25,91,35,0,151,0,1,1,0,2,25,92,36,0,153,0,0,0,153
08/29/2012,CAE,SC,ASO,ES,Combined TRACON& Tower with Radar,26,85,33,0,144,0,0,10,0,10,26,85,43,0,154,0,0,0,154
08/30/2012,CAE,SC,ASO,ES,Combined TRACON& Tower with Radar,20,84,34,4,142,0,0,8,0,8,20,84,42,4,150,12,0,12,162
08/31/2012,CAE,SC,ASO,ES,Combined TRACON& Tower with Radar,19,77,38,0,134,0,1,24,0,25,19,78,62,0,159,8,0,8,167
09/01/2012,CAE,SC,ASO,ES,Combined TRACON& Tower with Radar,8,49,15,0,72,0,0,17,0,17,8,49,32,0,89,4,0,4,93
09/02/2012,CAE,SC,ASO,ES,Combined TRACON& Tower with Radar,6,35,19,0,60,0,0,25,0,25,6,35,44,0,85,0,0,0,85
09/03/2012,CAE,SC,ASO,ES,Combined TRACON& Tower with Radar,9,58,9,2,78,0,0,5,0,5,9,58,14,2,83,0,0,0,83
09/04/2012,CAE,SC,ASO,ES,Combined TRACON& Tower with Radar,18,74,20,0,112,0,0,11,2,13,18,74,31,2,125,8,0,8,133
09/05/2012,CAE,SC,ASO,ES,Combined TRACON& Tower with Radar,26,81,25,4,136,0,0,10,0,10,26,81,35,4,146,8,0,8,154
09/06/2012,CAE,SC,ASO,ES,Combined TRACON& Tower with Radar,22,87,30,8,147,0,1,9,2,12,22,88,39,10,159,2,0,2,161
09/07/2012,CAE,SC,ASO,ES,Combined TRACON& Tower with Radar,17,79,38,4,138,0,0,9,0,9,17,79,47,4,147,0,0,0,147
09/08/2012,CAE,SC,ASO,ES,Combined TRACON& Tower with Radar,13,53,8,0,74,0,0,9,0,9,13,53,17,0,83,0,0,0,83
09/09/2012,CAE,SC,ASO,ES,Combined TRACON& Tower with Radar,10,57,21,0,88,0,0,19,0,19,10,57,40,0,107,2,0,2,109
09/10/2012,CAE,SC,ASO,ES,Combined TRACON& Tower with Radar,12,74,21,0,107,0,0,18,0,18,12,74,39,0,125,4,0,4,129
09/11/2012,CAE,SC,ASO,ES,Combined TRACON& Tower with Radar,24,73,18,6,121,0,0,17,0,17,24,73,35,6,138,2,0,2,140
09/12/2012,CAE,SC,ASO,ES,Combined TRACON& Tower with Radar,24,81,19,6,130,0,0,16,0,16,24,81,35,6,146,2,0,2,148
09/13/2012,CAE,SC,ASO,ES,Combined TRACON& Tower with Radar,24,75,21,4,124,0,0,13,0,13,24,75,34,4,137,0,8,8,145
09/14/2012,CAE,SC,ASO,ES,Combined TRACON& Tower with Radar,24,82,25,4,135,0,0,37,0,37,24,82,62,4,172,10,0,10,182
09/15/2012,CAE,SC,ASO,ES,Combined TRACON& Tower with Radar,13,49,12,0,74,0,1,19,0,20,13,50,31,0,94,10,0,10,104
09/16/2012,CAE,SC,ASO,ES,Combined TRACON& Tower with Radar,17,54,22,3,96,0,1,27,0,28,17,55,49,3,124,12,0,12,136
09/17/2012,CAE,SC,ASO,ES,Combined TRACON& Tower with Radar,14,71,26,3,114,0,0,5,1,6,14,71,31,4,120,0,0,0,120
09/18/2012,CAE,SC,ASO,ES,Combined TRACON& Tower with Radar,24,67,14,0,105,0,0,2,0,2,24,67,16,0,107,0,0,0,107
09/19/2012,CAE,SC,ASO,ES,Combined TRACON& Tower with Radar,25,84,36,3,148,0,0,20,0,20,25,84,56,3,168,0,0,0,168
09/20/2012,CAE,SC,ASO,ES,Combined TRACON& Tower with Radar,24,80,40,14,158,0,0,23,0,23,24,80,63,14,181,16,0,16,197
09/21/2012,CAE,SC,ASO,ES,Combined TRACON& Tower with Radar,19,88,45,2,154,0,0,13,0,13,19,88,58,2,167,0,0,0,167
09/22/2012,CAE,SC,ASO,ES,Combined TRACON& Tower with Radar,13,53,23,0,89,0,0,22,0,22,13,53,45,0,111,4,0,4,115
09/23/2012,CAE,SC,ASO,ES,Combined TRACON& Tower with Radar,14,66,34,7,121,0,0,13,0,13,14,66,47,7,134,40,0,40,174
09/24/2012,CAE,SC,ASO,ES,Combined TRACON& Tower with Radar,12,80,16,4,112,0,1,13,0,14,12,81,29,4,126,2,0,2,128
09/25/2012,CAE,SC,ASO,ES,Combined TRACON& Tower with Radar,24,90,34,0,148,0,6,21,0,27,24,96,55,0,175,0,0,0,175
09/26/2012,CAE,SC,ASO,ES,Combined TRACON& Tower with Radar,30,76,42,0,148,0,1,27,0,28,30,77,69,0,176,0,0,0,176
09/27/2012,CAE,SC,ASO,ES,Combined TRACON& Tower with Radar,24,89,45,4,162,0,0,8,0,8,24,89,53,4,170,14,0,14,184
09/28/2012,CAE,SC,ASO,ES,Combined TRACON& Tower with Radar,17,84,29,2,132,0,0,24,0,24,17,84,53,2,156,0,0,0,156
09/29/2012,CAE,SC,ASO,ES,Combined TRACON& Tower with Radar,13,46,12,0,71,0,0,13,0,13,13,46,25,0,84,0,0,0,84
09/30/2012,CAE,SC,ASO,ES,Combined TRACON& Tower with Radar,15,68,23,0,106,0,0,2,0,2,15,68,25,0,108,0,0,0,108
10/01/2012,CAE,SC,ASO,ES,Combined TRACON& Tower with Radar,13,70,21,0,104,0,0,0,0,0,13,70,21,0,104,0,0,0,104
10/02/2012,CAE,SC,ASO,ES,Combined TRACON& Tower with Radar,26,85,27,6,144,0,0,6,1,7,26,85,33,7,151,0,0,0,151
10/03/2012,CAE,SC,ASO,ES,Combined TRACON& Tower with Radar,24,87,43,0,154,0,2,14,0,16,24,89,57,0,170,0,0,0,170
10/04/2012,CAE,SC,ASO,ES,Combined TRACON& Tower with Radar,24,86,42,4,156,0,0,12,0,12,24,86,54,4,168,2,0,2,170
10/05/2012,CAE,SC,ASO,ES,Combined TRACON& Tower with Radar,15,94,30,0,139,0,0,23,0,23,15,94,53,0,162,0,0,0,162
10/06/2012,CAE,SC,ASO,ES,Combined TRACON& Tower with Radar,10,57,28,0,95,0,1,21,0,22,10,58,49,0,117,4,0,4,121
10/07/2012,CAE,SC,ASO,ES,Combined TRACON& Tower with Radar,6,69,23,0,98,0,0,13,0,13,6,69,36,0,111,10,0,10,121
10/08/2012,CAE,SC,ASO,ES,Combined TRACON& Tower with Radar,13,75,38,0,126,0,0,0,0,0,13,75,38,0,126,0,0,0,126
10/09/2012,CAE,SC,ASO,ES,Combined TRACON& Tower with Radar,28,83,47,12,170,0,1,2,0,3,28,84,49,12,173,0,0,0,173
10/10/2012,CAE,SC,ASO,ES,Combined TRACON& Tower with Radar,26,86,37,7,156,0,1,20,1,22,26,87,57,8,178,8,0,8,186
10/11/2012,CAE,SC,ASO,ES,Combined TRACON& Tower with Radar,25,82,34,2,143,0,0,26,0,26,25,82,60,2,169,2,0,2,171
10/12/2012,CAE,SC,ASO,ES,Combined TRACON& Tower with Radar,26,85,28,10,149,0,0,18,3,21,26,85,46,13,170,14,0,14,184
10/13/2012,CAE,SC,ASO,ES,Combined TRACON& Tower with Radar,11,47,9,4,71,0,0,20,0,20,11,47,29,4,91,0,0,0,91
10/14/2012,CAE,SC,ASO,ES,Combined TRACON& Tower with Radar,12,61,22,7,102,0,0,10,2,12,12,61,32,9,114,28,0,28,142
10/15/2012,CAE,SC,ASO,ES,Combined TRACON& Tower with Radar,13,75,23,0,111,0,0,11,0,11,13,75,34,0,122,16,0,16,138
10/16/2012,CAE,SC,ASO,ES,Combined TRACON& Tower with Radar,22,82,33,2,139,0,0,23,0,23,22,82,56,2,162,18,0,18,180
10/17/2012,CAE,SC,ASO,ES,Combined TRACON& Tower with Radar,26,86,37,3,152,0,1,25,1,27,26,87,62,4,179,38,0,38,217
10/18/2012,CAE,SC,ASO,ES,Combined TRACON& Tower with Radar,24,87,35,4,150,0,0,19,0,19,24,87,54,4,169,24,20,44,213
10/19/2012,CAE,SC,ASO,ES,Combined TRACON& Tower with Radar,35,89,25,5,154,0,0,18,0,18,35,89,43,5,172,32,0,32,204
10/20/2012,CAE,SC,ASO,ES,Combined TRACON& Tower with Radar,12,49,16,0,77,0,0,18,0,18,12,49,34,0,95,46,0,46,141
10/21/2012,CAE,SC,ASO,ES,Combined TRACON& Tower with Radar,10,64,31,1,106,0,0,19,0,19,10,64,50,1,125,4,0,4,129
10/22/2012,CAE,SC,ASO,ES,Combined TRACON& Tower with Radar,13,75,28,1,117,0,0,12,0,12,13,75,40,1,129,0,0,0,129
10/23/2012,CAE,SC,ASO,ES,Combined TRACON& Tower with Radar,24,84,37,20,165,0,1,19,8,28,24,85,56,28,193,6,0,6,199
10/24/2012,CAE,SC,ASO,ES,Combined TRACON& Tower with Radar,24,88,40,14,166,0,0,21,6,27,24,88,61,20,193,14,0,14,207
10/25/2012,CAE,SC,ASO,ES,Combined TRACON& Tower with Radar,23,89,41,5,158,0,0,35,0,35,23,89,76,5,193,26,0,26,219
10/26/2012,CAE,SC,ASO,ES,Combined TRACON& Tower with Radar,18,92,23,2,135,0,0,12,2,14,18,92,35,4,149,4,0,4,153
10/27/2012,CAE,SC,ASO,ES,Combined TRACON& Tower with Radar,13,56,30,1,100,0,0,2,0,2,13,56,32,1,102,4,0,4,106
10/28/2012,CAE,SC,ASO,ES,Combined TRACON& Tower with Radar,8,62,27,0,97,0,0,10,0,10,8,62,37,0,107,0,0,0,107
10/29/2012,CAE,SC,ASO,ES,Combined TRACON& Tower with Radar,13,55,14,6,88,0,4,9,6,19,13,59,23,12,107,2,6,8,115
10/30/2012,CAE,SC,ASO,ES,Combined TRACON& Tower with Radar,24,64,26,5,119,0,0,5,0,5,24,64,31,5,124,20,4,24,148
10/31/2012,CAE,SC,ASO,ES,Combined TRACON& Tower with Radar,21,77,29,10,137,0,6,15,0,21,21,83,44,10,158,10,0,10,168
11/01/2012,CAE,SC,ASO,ES,Combined TRACON& Tower with Radar,25,86,40,4,155,0,7,19,3,29,25,93,59,7,184,0,0,0,184
11/02/2012,CAE,SC,ASO,ES,Combined TRACON& Tower with Radar,20,92,31,12,155,0,2,18,0,20,20,94,49,12,175,22,0,22,197
11/03/2012,CAE,SC,ASO,ES,Combined TRACON& Tower with Radar,10,48,9,6,73,0,0,25,0,25,10,48,34,6,98,0,0,0,98
11/04/2012,CAE,SC,ASO,ES,Combined TRACON& Tower with Radar,14,64,21,7,106,0,2,12,0,14,14,66,33,7,120,10,0,10,130
11/05/2012,CAE,SC,ASO,ES,Combined TRACON& Tower with Radar,14,69,33,8,124,0,0,13,2,15,14,69,46,10,139,16,0,16,155
11/06/2012,CAE,SC,ASO,ES,Combined TRACON& Tower with Radar,24,77,19,2,122,0,0,4,0,4,24,77,23,2,126,0,0,0,126
11/07/2012,CAE,SC,ASO,ES,Combined TRACON& Tower with Radar,33,76,38,14,161,0,0,10,0,10,33,76,48,14,171,4,20,24,195
11/08/2012,CAE,SC,ASO,ES,Combined TRACON& Tower with Radar,23,86,39,10,158,0,2,15,4,21,23,88,54,14,179,10,18,28,207
11/09/2012,CAE,SC,ASO,ES,Combined TRACON& Tower with Radar,19,82,41,1,143,0,1,12,0,13,19,83,53,1,156,2,0,2,158
11/10/2012,CAE,SC,ASO,ES,Combined TRACON& Tower with Radar,16,45,29,2,92,0,1,26,1,28,16,46,55,3,120,20,0,20,140
11/11/2012,CAE,SC,ASO,ES,Combined TRACON& Tower with Radar,8,64,21,3,96,0,0,17,0,17,8,64,38,3,113,8,4,12,125
11/12/2012,CAE,SC,ASO,ES,Combined TRACON& Tower with Radar,12,76,34,0,122,0,0,6,0,6,12,76,40,0,128,0,0,0,128
11/13/2012,CAE,SC,ASO,ES,Combined TRACON& Tower with Radar,22,87,28,17,154,0,0,3,0,3,22,87,31,17,157,0,0,0,157
11/14/2012,CAE,SC,ASO,ES,Combined TRACON& Tower with Radar,26,88,46,9,169,0,0,12,0,12,26,88,58,9,181,0,0,0,181
11/15/2012,CAE,SC,ASO,ES,Combined TRACON& Tower with Radar,29,105,50,11,195,0,0,1,1,2,29,105,51,12,197,0,12,12,209
11/16/2012,CAE,SC,ASO,ES,Combined TRACON& Tower with Radar,17,84,26,1,128,0,1,24,0,25,17,85,50,1,153,18,0,18,171
11/17/2012,CAE,SC,ASO,ES,Combined TRACON& Tower with Radar,14,48,19,0,81,0,0,18,0,18,14,48,37,0,99,8,0,8,107
11/18/2012,CAE,SC,ASO,ES,Combined TRACON& Tower with Radar,8,57,22,1,88,0,0,5,0,5,8,57,27,1,93,0,0,0,93
11/19/2012,CAE,SC,ASO,ES,Combined TRACON& Tower with Radar,12,72,29,11,124,0,0,7,1,8,12,72,36,12,132,6,16,22,154
11/20/2012,CAE,SC,ASO,ES,Combined TRACON& Tower with Radar,25,94,30,4,153,0,0,21,0,21,25,94,51,4,174,0,16,16,190
11/21/2012,CAE,SC,ASO,ES,Combined TRACON& Tower with Radar,28,92,31,7,158,0,0,41,0,41,28,92,72,7,199,4,0,4,203
11/22/2012,CAE,SC,ASO,ES,Combined TRACON& Tower with Radar,5,36,10,0,51,0,0,14,0,14,5,36,24,0,65,0,0,0,65
11/23/2012,CAE,SC,ASO,ES,Combined TRACON& Tower with Radar,11,57,18,0,86,0,0,12,0,12,11,57,30,0,98,0,0,0,98
11/24/2012,CAE,SC,ASO,ES,Combined TRACON& Tower with Radar,10,66,9,0,85,0,0,21,0,21,10,66,30,0,106,8,0,8,114
11/25/2012,CAE,SC,ASO,ES,Combined TRACON& Tower with Radar,12,67,19,0,98,0,0,23,0,23,12,67,42,0,121,0,0,0,121
11/26/2012,CAE,SC,ASO,ES,Combined TRACON& Tower with Radar,15,78,17,1,111,0,0,11,1,12,15,78,28,2,123,0,5,5,128
11/27/2012,CAE,SC,ASO,ES,Combined TRACON& Tower with Radar,26,78,17,4,125,0,0,4,0,4,26,78,21,4,129,0,0,0,129
11/28/2012,CAE,SC,ASO,ES,Combined TRACON& Tower with Radar,24,90,35,4,153,0,0,20,0,20,24,90,55,4,173,12,0,12,185
11/29/2012,CAE,SC,ASO,ES,Combined TRACON& Tower with Radar,24,92,25,7,148,0,0,23,1,24,24,92,48,8,172,0,0,0,172
11/30/2012,CAE,SC,ASO,ES,Combined TRACON& Tower with Radar,14,89,35,11,149,0,0,16,5,21,14,89,51,16,170,2,2,4,174
12/01/2012,CAE,SC,ASO,ES,Combined TRACON& Tower with Radar,8,51,17,0,76,0,0,9,0,9,8,51,26,0,85,58,0,58,143
12/02/2012,CAE,SC,ASO,ES,Combined TRACON& Tower with Radar,4,64,17,0,85,0,0,9,0,9,4,64,26,0,94,0,0,0,94
12/03/2012,CAE,SC,ASO,ES,Combined TRACON& Tower with Radar,11,79,18,16,124,0,0,4,0,4,11,79,22,16,128,0,6,6,134
12/04/2012,CAE,SC,ASO,ES,Combined TRACON& Tower with Radar,26,90,42,0,158,0,0,18,0,18,26,90,60,0,176,2,0,2,178
12/05/2012,CAE,SC,ASO,ES,Combined TRACON& Tower with Radar,26,89,48,2,165,0,0,11,0,11,26,89,59,2,176,2,0,2,178
12/06/2012,CAE,SC,ASO,ES,Combined TRACON& Tower with Radar,26,89,46,5,166,0,0,7,0,7,26,89,53,5,173,0,0,0,173
12/07/2012,CAE,SC,ASO,ES,Combined TRACON& Tower with Radar,21,95,33,8,157,0,0,1,0,1,21,95,34,8,158,0,0,0,158
12/08/2012,CAE,SC,ASO,ES,Combined TRACON& Tower with Radar,9,49,22,0,80,0,0,28,0,28,9,49,50,0,108,12,0,12,120
12/09/2012,CAE,SC,ASO,ES,Combined TRACON& Tower with Radar,8,60,29,0,97,0,0,3,1,4,8,60,32,1,101,0,0,0,101
12/10/2012,CAE,SC,ASO,ES,Combined TRACON& Tower with Radar,10,73,19,2,104,0,0,3,0,3,10,73,22,2,107,0,0,0,107
12/11/2012,CAE,SC,ASO,ES,Combined TRACON& Tower with Radar,26,88,31,0,145,0,2,6,0,8,26,90,37,0,153,2,0,2,155
12/12/2012,CAE,SC,ASO,ES,Combined TRACON& Tower with Radar,28,94,31,0,153,0,0,0,0,0,28,94,31,0,153,0,0,0,153
12/13/2012,CAE,SC,ASO,ES,Combined TRACON& Tower with Radar,26,96,50,8,180,0,0,17,0,17,26,96,67,8,197,2,0,2,199
12/14/2012,CAE,SC,ASO,ES,Combined TRACON& Tower with Radar,19,89,52,3,163,0,2,18,0,20,19,91,70,3,183,2,0,2,185
12/15/2012,CAE,SC,ASO,ES,Combined TRACON& Tower with Radar,13,45,25,0,83,0,2,26,0,28,13,47,51,0,111,16,0,16,127
12/16/2012,CAE,SC,ASO,ES,Combined TRACON& Tower with Radar,12,53,21,0,86,0,0,4,0,4,12,53,25,0,90,0,0,0,90
12/17/2012,CAE,SC,ASO,ES,Combined TRACON& Tower with Radar,19,71,27,31,148,0,0,0,0,0,19,71,27,31,148,0,6,6,154
12/18/2012,CAE,SC,ASO,ES,Combined TRACON& Tower with Radar,40,86,24,8,158,0,0,8,0,8,40,86,32,8,166,0,0,0,166
12/19/2012,CAE,SC,ASO,ES,Combined TRACON& Tower with Radar,38,87,27,8,160,0,0,19,1,20,38,87,46,9,180,10,8,18,198
12/20/2012,CAE,SC,ASO,ES,Combined TRACON& Tower with Radar,36,81,26,3,146,0,0,9,0,9,36,81,35,3,155,0,0,0,155
12/21/2012,CAE,SC,ASO,ES,Combined TRACON& Tower with Radar,33,84,12,2,131,0,0,7,0,7,33,84,19,2,138,0,0,0,138
12/22/2012,CAE,SC,ASO,ES,Combined TRACON& Tower with Radar,16,54,19,0,89,0,1,5,0,6,16,55,24,0,95,0,0,0,95
12/23/2012,CAE,SC,ASO,ES,Combined TRACON& Tower with Radar,13,59,12,0,84,0,0,11,0,11,13,59,23,0,95,0,0,0,95
12/24/2012,CAE,SC,ASO,ES,Combined TRACON& Tower with Radar,10,55,7,0,72,0,0,0,0,0,10,55,7,0,72,20,0,20,92
12/25/2012,CAE,SC,ASO,ES,Combined TRACON& Tower with Radar,3,44,4,0,51,0,0,0,0,0,3,44,4,0,51,0,0,0,51
12/26/2012,CAE,SC,ASO,ES,Combined TRACON& Tower with Radar,15,88,13,0,116,0,0,0,0,0,15,88,13,0,116,2,0,2,118
12/27/2012,CAE,SC,ASO,ES,Combined TRACON& Tower with Radar,23,74,32,6,135,0,0,16,0,16,23,74,48,6,151,0,10,10,161
12/28/2012,CAE,SC,ASO,ES,Combined TRACON& Tower with Radar,16,83,22,0,121,0,1,13,0,14,16,84,35,0,135,2,0,2,137
12/29/2012,CAE,SC,ASO,ES,Combined TRACON& Tower with Radar,10,44,13,0,67,0,2,2,0,4,10,46,15,0,71,0,0,0,71
12/30/2012,CAE,SC,ASO,ES,Combined TRACON& Tower with Radar,8,52,22,0,82,0,0,27,0,27,8,52,49,0,109,0,0,0,109
12/31/2012,CAE,SC,ASO,ES,Combined TRACON& Tower with Radar,10,57,5,0,72,0,0,11,0,11,10,57,16,0,83,0,0,0,83
01/01/2013,CAE,SC,ASO,ES,Combined TRACON& Tower with Radar,4,53,9,0,66,0,0,1,0,1,4,53,10,0,67,0,0,0,67
01/02/2013,CAE,SC,ASO,ES,Combined TRACON& Tower with Radar,15,77,17,18,127,0,0,1,0,1,15,77,18,18,128,0,0,0,128
01/03/2013,CAE,SC,ASO,ES,Combined TRACON& Tower with Radar,20,88,25,1,134,0,0,2,0,2,20,88,27,1,136,0,0,0,136
01/04/2013,CAE,SC,ASO,ES,Combined TRACON& Tower with Radar,12,77,23,7,119,0,0,18,3,21,12,77,41,10,140,10,0,10,150
01/05/2013,CAE,SC,ASO,ES,Combined TRACON& Tower with Radar,8,47,22,0,77,0,0,22,0,22,8,47,44,0,99,30,0,30,129
01/06/2013,CAE,SC,ASO,ES,Combined TRACON& Tower with Radar,6,56,13,1,76,0,0,4,0,4,6,56,17,1,80,0,0,0,80
01/07/2013,CAE,SC,ASO,ES,Combined TRACON& Tower with Radar,9,73,24,1,107,0,0,21,0,21,9,73,45,1,128,4,0,4,132
01/08/2013,CAE,SC,ASO,ES,Combined TRACON& Tower with Radar,17,84,33,1,135,0,2,12,0,14,17,86,45,1,149,17,0,17,166
01/09/2013,CAE,SC,ASO,ES,Combined TRACON& Tower with Radar,21,93,35,5,154,0,4,14,2,20,21,97,49,7,174,8,2,10,184
01/10/2013,CAE,SC,ASO,ES,Combined TRACON& Tower with Radar,22,86,27,12,147,0,1,12,7,20,22,87,39,19,167,14,12,26,193
01/11/2013,CAE,SC,ASO,ES,Combined TRACON& Tower with Radar,16,93,21,0,130,0,2,2,0,4,16,95,23,0,134,0,0,0,134
01/12/2013,CAE,SC,ASO,ES,Combined TRACON& Tower with Radar,8,51,11,0,70,0,0,14,0,14,8,51,25,0,84,8,0,8,92
01/13/2013,CAE,SC,ASO,ES,Combined TRACON& Tower with Radar,6,55,13,0,74,0,0,14,0,14,6,55,27,0,88,12,0,12,100
01/14/2013,CAE,SC,ASO,ES,Combined TRACON& Tower with Radar,7,78,33,6,124,0,1,12,1,14,7,79,45,7,138,18,0,18,156
01/15/2013,CAE,SC,ASO,ES,Combined TRACON& Tower with Radar,22,88,29,11,150,0,8,15,0,23,22,96,44,11,173,8,0,8,181
01/16/2013,CAE,SC,ASO,ES,Combined TRACON& Tower with Radar,20,81,30,14,145,0,0,5,0,5,20,81,35,14,150,10,24,34,184
01/17/2013,CAE,SC,ASO,ES,Combined TRACON& Tower with Radar,20,93,30,3,146,0,0,3,0,3,20,93,33,3,149,0,0,0,149
01/18/2013,CAE,SC,ASO,ES,Combined TRACON& Tower with Radar,14,98,36,3,151,0,0,19,0,19,14,98,55,3,170,0,0,0,170
01/19/2013,CAE,SC,ASO,ES,Combined TRACON& Tower with Radar,10,52,12,1,75,0,0,27,0,27,10,52,39,1,102,16,0,16,118
01/20/2013,CAE,SC,ASO,ES,Combined TRACON& Tower with Radar,4,53,19,0,76,0,0,32,0,32,4,53,51,0,108,0,0,0,108
01/21/2013,CAE,SC,ASO,ES,Combined TRACON& Tower with Radar,9,74,20,0,103,0,2,21,0,23,9,76,41,0,126,0,0,0,126
01/22/2013,CAE,SC,ASO,ES,Combined TRACON& Tower with Radar,24,77,24,3,128,0,0,16,1,17,24,77,40,4,145,12,6,18,163
01/23/2013,CAE,SC,ASO,ES,Combined TRACON& Tower with Radar,22,78,31,7,138,0,0,29,2,31,22,78,60,9,169,4,0,4,173
01/24/2013,CAE,SC,ASO,ES,Combined TRACON& Tower with Radar,22,86,36,9,153,0,3,25,1,29,22,89,61,10,182,12,0,12,194
01/25/2013,CAE,SC,ASO,ES,Combined TRACON& Tower with Radar,17,83,17,9,126,0,0,5,1,6,17,83,22,10,132,0,4,4,136
01/26/2013,CAE,SC,ASO,ES,Combined TRACON& Tower with Radar,10,54,22,2,88,0,0,31,0,31,10,54,53,2,119,28,0,28,147
01/27/2013,CAE,SC,ASO,ES,Combined TRACON& Tower with Radar,9,54,37,4,104,0,0,29,0,29,9,54,66,4,133,0,0,0,133
01/28/2013,CAE,SC,ASO,ES,Combined TRACON& Tower with Radar,8,65,30,6,109,0,0,4,0,4,8,65,34,6,113,0,0,0,113
01/29/2013,CAE,SC,ASO,ES,Combined TRACON& Tower with Radar,24,71,33,5,133,0,0,10,4,14,24,71,43,9,147,0,0,0,147
01/30/2013,CAE,SC,ASO,ES,Combined TRACON& Tower with Radar,31,81,20,13,145,0,0,0,0,0,31,81,20,13,145,0,0,0,145
01/31/2013,CAE,SC,ASO,ES,Combined TRACON& Tower with Radar,25,97,37,7,166,0,0,8,0,8,25,97,45,7,174,0,0,0,174
02/01/2013,CAE,SC,ASO,ES,Combined TRACON& Tower with Radar,13,88,25,3,129,0,0,13,1,14,13,88,38,4,143,4,0,4,147
02/02/2013,CAE,SC,ASO,ES,Combined TRACON& Tower with Radar,8,53,11,3,75,0,0,30,1,31,8,53,41,4,106,32,0,32,138
02/03/2013,CAE,SC,ASO,ES,Combined TRACON& Tower with Radar,6,58,17,0,81,0,0,15,0,15,6,58,32,0,96,8,0,8,104
02/04/2013,CAE,SC,ASO,ES,Combined TRACON& Tower with Radar,11,81,28,0,120,0,3,16,0,19,11,84,44,0,139,2,0,2,141
02/05/2013,CAE,SC,ASO,ES,Combined TRACON& Tower with Radar,20,83,27,5,135,0,1,17,2,20,20,84,44,7,155,0,0,0,155
02/06/2013,CAE,SC,ASO,ES,Combined TRACON& Tower with Radar,20,86,40,2,148,0,0,32,0,32,20,86,72,2,180,0,0,0,180
02/07/2013,CAE,SC,ASO,ES,Combined TRACON& Tower with Radar,22,88,35,21,166,0,0,5,0,5,22,88,40,21,171,2,14,16,187
02/08/2013,CAE,SC,ASO,ES,Combined TRACON& Tower with Radar,13,91,31,5,140,0,1,13,1,15,13,92,44,6,155,14,0,14,169
02/09/2013,CAE,SC,ASO,ES,Combined TRACON& Tower with Radar,8,56,24,0,88,0,0,25,0,25,8,56,49,0,113,4,0,4,117
02/10/2013,CAE,SC,ASO,ES,Combined TRACON& Tower with Radar,6,60,11,3,80,0,0,14,1,15,6,60,25,4,95,36,0,36,131
02/11/2013,CAE,SC,ASO,ES,Combined TRACON& Tower with Radar,9,75,21,7,112,0,0,0,0,0,9,75,21,7,112,0,0,0,112
02/12/2013,CAE,SC,ASO,ES,Combined TRACON& Tower with Radar,18,87,27,6,138,0,0,9,2,11,18,87,36,8,149,0,0,0,149
02/13/2013,CAE,SC,ASO,ES,Combined TRACON& Tower with Radar,26,88,49,4,167,0,1,1,4,6,26,89,50,8,173,0,0,0,173
02/14/2013,CAE,SC,ASO,ES,Combined TRACON& Tower with Radar,21,96,39,4,160,0,3,18,6,27,21,99,57,10,187,8,0,8,195
02/15/2013,CAE,SC,ASO,ES,Combined TRACON& Tower with Radar,14,85,27,0,126,0,0,38,3,41,14,85,65,3,167,0,0,0,167
02/16/2013,CAE,SC,ASO,ES,Combined TRACON& Tower with Radar,10,53,21,0,84,0,0,0,2,2,10,53,21,2,86,0,0,0,86
02/17/2013,CAE,SC,ASO,ES,Combined TRACON& Tower with Radar,5,56,18,0,79,0,0,21,0,21,5,56,39,0,100,0,0,0,100
02/18/2013,CAE,SC,ASO,ES,Combined TRACON& Tower with Radar,10,83,29,0,122,0,2,14,0,16,10,85,43,0,138,4,0,4,142
02/19/2013,CAE,SC,ASO,ES,Combined TRACON& Tower with Radar,19,83,17,4,123,0,0,0,0,0,19,83,17,4,123,0,14,14,137
02/20/2013,CAE,SC,ASO,ES,Combined TRACON& Tower with Radar,21,88,33,9,151,0,0,30,2,32,21,88,63,11,183,0,0,0,183
02/21/2013,CAE,SC,ASO,ES,Combined TRACON& Tower with Radar,22,86,40,0,148,0,0,29,1,30,22,86,69,1,178,4,0,4,182
02/22/2013,CAE,SC,ASO,ES,Combined TRACON& Tower with Radar,20,91,20,1,132,0,0,0,0,0,20,91,20,1,132,0,0,0,132
02/23/2013,CAE,SC,ASO,ES,Combined TRACON& Tower with Radar,8,48,8,25,89,0,0,0,0,0,8,48,8,25,89,0,0,0,89
02/24/2013,CAE,SC,ASO,ES,Combined TRACON& Tower with Radar,8,62,23,2,95,0,0,19,1,20,8,62,42,3,115,16,0,16,131
02/25/2013,CAE,SC,ASO,ES,Combined TRACON& Tower with Radar,9,81,20,11,121,0,2,2,0,4,9,83,22,11,125,0,0,0,125
02/26/2013,CAE,SC,ASO,ES,Combined TRACON& Tower with Radar,20,90,31,6,147,0,0,0,0,0,20,90,31,6,147,0,0,0,147
02/27/2013,CAE,SC,ASO,ES,Combined TRACON& Tower with Radar,20,89,38,4,151,0,5,17,0,22,20,94,55,4,173,2,0,2,175
02/28/2013,CAE,SC,ASO,ES,Combined TRACON& Tower with Radar,20,94,24,5,143,0,2,2,0,4,20,96,26,5,147,0,0,0,147
03/01/2013,CAE,SC,ASO,ES,Combined TRACON& Tower with Radar,12,87,21,4,124,0,0,12,3,15,12,87,33,7,139,6,0,6,145
03/02/2013,CAE,SC,ASO,ES,Combined TRACON& Tower with Radar,5,51,12,1,69,0,0,14,1,15,5,51,26,2,84,20,0,20,104
03/03/2013,CAE,SC,ASO,ES,Combined TRACON& Tower with Radar,5,66,20,1,92,0,0,22,1,23,5,66,42,2,115,14,0,14,129
03/04/2013,CAE,SC,ASO,ES,Combined TRACON& Tower with Radar,9,82,32,2,125,0,0,24,0,24,9,82,56,2,149,22,0,22,171
03/05/2013,CAE,SC,ASO,ES,Combined TRACON& Tower with Radar,20,82,20,1,123,0,0,4,0,4,20,82,24,1,127,0,0,0,127
03/06/2013,CAE,SC,ASO,ES,Combined TRACON& Tower with Radar,19,89,34,7,149,0,0,4,1,5,19,89,38,8,154,4,2,6,160
03/07/2013,CAE,SC,ASO,ES,Combined TRACON& Tower with Radar,21,87,40,0,148,0,2,16,0,18,21,89,56,0,166,18,0,18,184
03/08/2013,CAE,SC,ASO,ES,Combined TRACON& Tower with Radar,15,82,29,5,131,0,1,20,1,22,15,83,49,6,153,6,0,6,159
03/09/2013,CAE,SC,ASO,ES,Combined TRACON& Tower with Radar,5,60,18,4,87,0,0,30,0,30,5,60,48,4,117,4,0,4,121
03/10/2013,CAE,SC,ASO,ES,Combined TRACON& Tower with Radar,3,62,30,2,97,0,0,18,0,18,3,62,48,2,115,0,0,0,115
03/11/2013,CAE,SC,ASO,ES,Combined TRACON& Tower with Radar,11,80,29,6,126,0,0,10,4,14,11,80,39,10,140,0,0,0,140
03/12/2013,CAE,SC,ASO,ES,Combined TRACON& Tower with Radar,20,88,49,15,172,0,0,9,3,12,20,88,58,18,184,0,0,0,184
03/13/2013,CAE,SC,ASO,ES,Combined TRACON& Tower with Radar,23,85,36,4,148,0,0,15,0,15,23,85,51,4,163,0,0,0,163
03/14/2013,CAE,SC,ASO,ES,Combined TRACON& Tower with Radar,23,93,32,5,153,0,0,21,1,22,23,93,53,6,175,26,6,32,207
03/15/2013,CAE,SC,ASO,ES,Combined TRACON& Tower with Radar,15,85,31,4,135,0,0,16,0,16,15,85,47,4,151,24,0,24,175
03/16/2013,CAE,SC,ASO,ES,Combined TRACON& Tower with Radar,5,57,15,0,77,0,0,9,0,9,5,57,24,0,86,10,0,10,96
03/17/2013,CAE,SC,ASO,ES,Combined TRACON& Tower with Radar,3,66,19,1,89,0,0,19,0,19,3,66,38,1,108,29,0,29,137
03/18/2013,CAE,SC,ASO,ES,Combined TRACON& Tower with Radar,26,80,35,6,147,0,0,2,0,2,26,80,37,6,149,16,0,16,165
03/19/2013,CAE,SC,ASO,ES,Combined TRACON& Tower with Radar,28,92,27,8,155,0,1,7,1,9,28,93,34,9,164,0,10,10,174
03/20/2013,CAE,SC,ASO,ES,Combined TRACON& Tower with Radar,18,90,33,0,141,0,2,20,0,22,18,92,53,0,163,0,0,0,163
03/21/2013,CAE,SC,ASO,ES,Combined TRACON& Tower with Radar,21,92,34,9,156,0,2,32,0,34,21,94,66,9,190,0,0,0,190
03/22/2013,CAE,SC,ASO,ES,Combined TRACON& Tower with Radar,19,88,41,7,155,0,1,33,0,34,19,89,74,7,189,0,2,2,191
03/23/2013,CAE,SC,ASO,ES,Combined TRACON& Tower with Radar,3,54,20,0,77,0,0,1,0,1,3,54,21,0,78,0,0,0,78
03/24/2013,CAE,SC,ASO,ES,Combined TRACON& Tower with Radar,5,67,17,0,89,0,0,0,0,0,5,67,17,0,89,0,0,0,89
03/25/2013,CAE,SC,ASO,ES,Combined TRACON& Tower with Radar,11,78,8,2,99,0,3,2,0,5,11,81,10,2,104,0,0,0,104
03/26/2013,CAE,SC,ASO,ES,Combined TRACON& Tower with Radar,26,92,45,5,168,0,1,11,0,12,26,93,56,5,180,0,0,0,180
03/27/2013,CAE,SC,ASO,ES,Combined TRACON& Tower with Radar,20,94,37,6,157,0,2,22,0,24,20,96,59,6,181,0,4,4,185
03/28/2013,CAE,SC,ASO,ES,Combined TRACON& Tower with Radar,17,98,39,4,158,0,0,29,0,29,17,98,68,4,187,0,0,0,187
03/29/2013,CAE,SC,ASO,ES,Combined TRACON& Tower with Radar,15,88,26,6,135,0,0,26,0,26,15,88,52,6,161,0,0,0,161
03/30/2013,CAE,SC,ASO,ES,Combined TRACON& Tower with Radar,7,56,17,0,80,0,0,14,0,14,7,56,31,0,94,0,0,0,94
03/31/2013,CAE,SC,ASO,ES,Combined TRACON& Tower with Radar,3,58,7,0,68,0,0,0,0,0,3,58,7,0,68,0,0,0,68
04/01/2013,CAE,SC,ASO,ES,Combined TRACON& Tower with Radar,10,80,24,14,128,0,0,3,0,3,10,80,27,14,131,0,0,0,131
04/02/2013,CAE,SC,ASO,ES,Combined TRACON& Tower with Radar,20,81,38,6,145,0,0,5,4,9,20,81,43,10,154,0,0,0,154
04/03/2013,CAE,SC,ASO,ES,Combined TRACON& Tower with Radar,20,85,54,1,160,0,0,11,2,13,20,85,65,3,173,2,0,2,175
04/04/2013,CAE,SC,ASO,ES,Combined TRACON& Tower with Radar,19,103,25,2,149,0,0,0,0,0,19,103,25,2,149,0,0,0,149
04/05/2013,CAE,SC,ASO,ES,Combined TRACON& Tower with Radar,14,92,33,3,142,0,1,5,0,6,14,93,38,3,148,0,0,0,148
04/06/2013,CAE,SC,ASO,ES,Combined TRACON& Tower with Radar,5,56,26,1,88,0,0,22,1,23,5,56,48,2,111,0,0,0,111
04/07/2013,CAE,SC,ASO,ES,Combined TRACON& Tower with Radar,5,70,37,3,115,0,0,23,2,25,5,70,60,5,140,0,0,0,140
04/08/2013,CAE,SC,ASO,ES,Combined TRACON& Tower with Radar,10,82,41,4,137,0,0,13,0,13,10,82,54,4,150,0,0,0,150
04/09/2013,CAE,SC,ASO,ES,Combined TRACON& Tower with Radar,25,90,62,4,181,0,0,19,0,19,25,90,81,4,200,8,0,8,208
04/10/2013,CAE,SC,ASO,ES,Combined TRACON& Tower with Radar,22,86,71,8,187,0,5,13,1,19,22,91,84,9,206,0,0,0,206
04/11/2013,CAE,SC,ASO,ES,Combined TRACON& Tower with Radar,25,102,61,3,191,0,0,4,0,4,25,102,65,3,195,0,0,0,195
04/12/2013,CAE,SC,ASO,ES,Combined TRACON& Tower with Radar,19,99,85,10,213,0,1,7,2,10,19,100,92,12,223,0,8,8,231
04/13/2013,CAE,SC,ASO,ES,Combined TRACON& Tower with Radar,7,65,43,1,116,0,1,26,0,27,7,66,69,1,143,6,0,6,149
04/14/2013,CAE,SC,ASO,ES,Combined TRACON& Tower with Radar,7,78,43,2,130,0,0,17,0,17,7,78,60,2,147,6,0,6,153
04/15/2013,CAE,SC,ASO,ES,Combined TRACON& Tower with Radar,19,78,46,4,147,0,1,2,0,3,19,79,48,4,150,0,0,0,150
04/16/2013,CAE,SC,ASO,ES,Combined TRACON& Tower with Radar,24,87,21,4,136,0,0,11,1,12,24,87,32,5,148,0,0,0,148
04/17/2013,CAE,SC,ASO,ES,Combined TRACON& Tower with Radar,28,88,29,7,152,0,0,18,1,19,28,88,47,8,171,6,0,6,177
04/18/2013,CAE,SC,ASO,ES,Combined TRACON& Tower with Radar,24,97,37,2,160,0,1,12,2,15,24,98,49,4,175,18,0,18,193
04/19/2013,CAE,SC,ASO,ES,Combined TRACON& Tower with Radar,23,78,15,4,120,0,0,0,0,0,23,78,15,4,120,8,0,8,128
04/20/2013,CAE,SC,ASO,ES,Combined TRACON& Tower with Radar,11,65,17,0,93,0,0,24,0,24,11,65,41,0,117,8,0,8,125
04/21/2013,CAE,SC,ASO,ES,Combined TRACON& Tower with Radar,7,61,23,6,97,0,0,18,0,18,7,61,41,6,115,0,10,10,125
04/22/2013,CAE,SC,ASO,ES,Combined TRACON& Tower with Radar,13,91,31,0,135,0,7,14,0,21,13,98,45,0,156,6,0,6,162
04/23/2013,CAE,SC,ASO,ES,Combined TRACON& Tower with Radar,24,89,32,5,150,0,0,6,2,8,24,89,38,7,158,10,20,30,188
04/24/2013,CAE,SC,ASO,ES,Combined TRACON& Tower with Radar,22,94,34,1,151,0,0,9,0,9,22,94,43,1,160,0,0,0,160
04/25/2013,CAE,SC,ASO,ES,Combined TRACON& Tower with Radar,25,85,40,7,157,0,1,10,1,12,25,86,50,8,169,12,0,12,181
04/26/2013,CAE,SC,ASO,ES,Combined TRACON& Tower with Radar,17,84,35,3,139,0,0,16,0,16,17,84,51,3,155,4,0,4,159
04/27/2013,CAE,SC,ASO,ES,Combined TRACON& Tower with Radar,7,58,10,0,75,0,0,6,0,6,7,58,16,0,81,0,0,0,81
04/28/2013,CAE,SC,ASO,ES,Combined TRACON& Tower with Radar,11,58,25,8,102,0,0,0,0,0,11,58,25,8,102,0,0,0,102
04/29/2013,CAE,SC,ASO,ES,Combined TRACON& Tower with Radar,11,80,27,0,118,0,0,2,0,2,11,80,29,0,120,10,0,10,130
04/30/2013,CAE,SC,ASO,ES,Combined TRACON& Tower with Radar,24,83,45,2,154,0,0,2,0,2,24,83,47,2,156,0,0,0,156
05/01/2013,CAE,SC,ASO,ES,Combined TRACON& Tower with Radar,22,80,25,6,133,0,0,2,2,4,22,80,27,8,137,0,0,0,137
05/02/2013,CAE,SC,ASO,ES,Combined TRACON& Tower with Radar,21,87,46,12,166,0,0,2,0,2,21,87,48,12,168,0,44,44,212
05/03/2013,CAE,SC,ASO,ES,Combined TRACON& Tower with Radar,16,86,25,4,131,0,0,5,0,5,16,86,30,4,136,0,0,0,136
05/04/2013,CAE,SC,ASO,ES,Combined TRACON& Tower with Radar,6,59,16,2,83,0,0,5,2,7,6,59,21,4,90,0,0,0,90
05/05/2013,CAE,SC,ASO,ES,Combined TRACON& Tower with Radar,7,66,23,0,96,0,0,0,0,0,7,66,23,0,96,0,0,0,96
05/06/2013,CAE,SC,ASO,ES,Combined TRACON& Tower with Radar,11,79,22,2,114,0,0,5,0,5,11,79,27,2,119,0,0,0,119
05/07/2013,CAE,SC,ASO,ES,Combined TRACON& Tower with Radar,22,87,27,2,138,0,0,9,0,9,22,87,36,2,147,0,0,0,147
05/08/2013,CAE,SC,ASO,ES,Combined TRACON& Tower with Radar,24,84,48,6,162,0,1,15,0,16,24,85,63,6,178,0,0,0,178
05/09/2013,CAE,SC,ASO,ES,Combined TRACON& Tower with Radar,24,90,26,8,148,0,1,25,0,26,24,91,51,8,174,0,0,0,174
05/10/2013,CAE,SC,ASO,ES,Combined TRACON& Tower with Radar,19,86,38,4,147,0,0,17,0,17,19,86,55,4,164,8,0,8,172
05/11/2013,CAE,SC,ASO,ES,Combined TRACON& Tower with Radar,5,50,10,0,65,0,0,8,0,8,5,50,18,0,73,0,0,0,73
05/12/2013,CAE,SC,ASO,ES,Combined TRACON& Tower with Radar,6,65,22,0,93,0,0,21,0,21,6,65,43,0,114,0,0,0,114
05/13/2013,CAE,SC,ASO,ES,Combined TRACON& Tower with Radar,12,74,39,0,125,0,0,39,0,39,12,74,78,0,164,14,0,14,178
05/14/2013,CAE,SC,ASO,ES,Combined TRACON& Tower with Radar,22,80,21,2,125,0,2,19,0,21,22,82,40,2,146,6,0,6,152
05/15/2013,CAE,SC,ASO,ES,Combined TRACON& Tower with Radar,21,83,48,5,157,0,1,24,0,25,21,84,72,5,182,14,0,14,196
05/16/2013,CAE,SC,ASO,ES,Combined TRACON& Tower with Radar,25,93,31,0,149,0,1,23,4,28,25,94,54,4,177,8,0,8,185
05/17/2013,CAE,SC,ASO,ES,Combined TRACON& Tower with Radar,15,90,17,2,124,0,0,17,9,26,15,90,34,11,150,0,0,0,150
05/18/2013,CAE,SC,ASO,ES,Combined TRACON& Tower with Radar,7,52,13,0,72,0,0,4,4,8,7,52,17,4,80,6,0,6,86
05/19/2013,CAE,SC,ASO,ES,Combined TRACON& Tower with Radar,5,56,23,0,84,0,0,1,0,1,5,56,24,0,85,0,0,0,85
05/20/2013,CAE,SC,ASO,ES,Combined TRACON& Tower with Radar,13,75,24,5,117,0,1,10,4,15,13,76,34,9,132,0,0,0,132
05/21/2013,CAE,SC,ASO,ES,Combined TRACON& Tower with Radar,22,77,23,22,144,0,2,6,3,11,22,79,29,25,155,0,0,0,155
05/22/2013,CAE,SC,ASO,ES,Combined TRACON& Tower with Radar,24,80,45,13,162,0,0,9,0,9,24,80,54,13,171,10,0,10,181
05/23/2013,CAE,SC,ASO,ES,Combined TRACON& Tower with Radar,22,75,26,10,133,0,2,12,2,16,22,77,38,12,149,0,0,0,149
05/24/2013,CAE,SC,ASO,ES,Combined TRACON& Tower with Radar,17,82,16,2,117,0,1,13,2,16,17,83,29,4,133,0,0,0,133
05/25/2013,CAE,SC,ASO,ES,Combined TRACON& Tower with Radar,2,60,11,1,74,0,0,33,0,33,2,60,44,1,107,16,0,16,123
05/26/2013,CAE,SC,ASO,ES,Combined TRACON& Tower with Radar,6,49,5,0,60,0,0,14,0,14,6,49,19,0,74,4,0,4,78
05/27/2013,CAE,SC,ASO,ES,Combined TRACON& Tower with Radar,6,63,14,0,83,0,0,25,0,25,6,63,39,0,108,0,0,0,108
05/28/2013,CAE,SC,ASO,ES,Combined TRACON& Tower with Radar,13,88,32,5,138,0,0,16,0,16,13,88,48,5,154,0,0,0,154
05/29/2013,CAE,SC,ASO,ES,Combined TRACON& Tower with Radar,26,89,31,6,152,0,3,19,0,22,26,92,50,6,174,2,0,2,176
05/30/2013,CAE,SC,ASO,ES,Combined TRACON& Tower with Radar,25,89,30,3,147,0,0,11,0,11,25,89,41,3,158,6,0,6,164
05/31/2013,CAE,SC,ASO,ES,Combined TRACON& Tower with Radar,20,88,22,4,134,0,2,7,0,9,20,90,29,4,143,2,0,2,145
06/01/2013,CAE,SC,ASO,ES,Combined TRACON& Tower with Radar,5,55,8,0,68,0,0,20,0,20,5,55,28,0,88,14,0,14,102
06/02/2013,CAE,SC,ASO,ES,Combined TRACON& Tower with Radar,7,61,20,7,95,0,0,2,0,2,7,61,22,7,97,0,0,0,97
06/03/2013,CAE,SC,ASO,ES,Combined TRACON& Tower with Radar,11,83,26,0,120,0,0,4,0,4,11,83,30,0,124,16,0,16,140
06/04/2013,CAE,SC,ASO,ES,Combined TRACON& Tower with Radar,22,82,33,6,143,0,1,7,0,8,22,83,40,6,151,0,15,15,166
06/05/2013,CAE,SC,ASO,ES,Combined TRACON& Tower with Radar,30,87,47,1,165,0,0,0,1,1,30,87,47,2,166,0,0,0,166
06/06/2013,CAE,SC,ASO,ES,Combined TRACON& Tower with Radar,23,80,22,2,127,0,0,2,0,2,23,80,24,2,129,6,0,6,135
06/07/2013,CAE,SC,ASO,ES,Combined TRACON& Tower with Radar,36,85,14,4,139,0,0,4,0,4,36,85,18,4,143,12,2,14,157
06/08/2013,CAE,SC,ASO,ES,Combined TRACON& Tower with Radar,7,59,9,0,75,0,0,16,0,16,7,59,25,0,91,8,0,8,99
06/09/2013,CAE,SC,ASO,ES,Combined TRACON& Tower with Radar,7,62,17,0,86,0,0,4,0,4,7,62,21,0,90,0,0,0,90
06/10/2013,CAE,SC,ASO,ES,Combined TRACON& Tower with Radar,12,79,22,3,116,0,0,5,0,5,12,79,27,3,121,0,0,0,121
06/11/2013,CAE,SC,ASO,ES,Combined TRACON& Tower with Radar,26,87,26,13,152,0,0,16,2,18,26,87,42,15,170,6,0,6,176
06/12/2013,CAE,SC,ASO,ES,Combined TRACON& Tower with Radar,21,87,31,7,146,0,1,18,0,19,21,88,49,7,165,0,0,0,165
06/13/2013,CAE,SC,ASO,ES,Combined TRACON& Tower with Radar,26,87,35,6,154,0,0,19,0,19,26,87,54,6,173,0,0,0,173
06/14/2013,CAE,SC,ASO,ES,Combined TRACON& Tower with Radar,15,89,10,3,117,0,7,28,0,35,15,96,38,3,152,36,0,36,188
06/15/2013,CAE,SC,ASO,ES,Combined TRACON& Tower with Radar,4,61,11,0,76,0,1,31,0,32,4,62,42,0,108,16,0,16,124
06/16/2013,CAE,SC,ASO,ES,Combined TRACON& Tower with Radar,4,64,9,0,77,0,0,18,0,18,4,64,27,0,95,20,0,20,115
06/17/2013,CAE,SC,ASO,ES,Combined TRACON& Tower with Radar,9,76,26,0,111,0,2,8,0,10,9,78,34,0,121,6,0,6,127
06/18/2013,CAE,SC,ASO,ES,Combined TRACON& Tower with Radar,24,94,32,2,152,0,0,8,0,8,24,94,40,2,160,0,6,6,166
06/19/2013,CAE,SC,ASO,ES,Combined TRACON& Tower with Radar,22,88,48,7,165,0,0,9,1,10,22,88,57,8,175,0,0,0,175
06/20/2013,CAE,SC,ASO,ES,Combined TRACON& Tower with Radar,21,94,43,3,161,0,0,18,0,18,21,94,61,3,179,2,0,2,181
06/21/2013,CAE,SC,ASO,ES,Combined TRACON& Tower with Radar,15,93,21,2,131,0,1,22,1,24,15,94,43,3,155,20,0,20,175
06/22/2013,CAE,SC,ASO,ES,Combined TRACON& Tower with Radar,6,55,31,0,92,0,0,10,0,10,6,55,41,0,102,6,0,6,108
06/23/2013,CAE,SC,ASO,ES,Combined TRACON& Tower with Radar,4,73,9,0,86,0,0,8,0,8,4,73,17,0,94,0,0,0,94
06/24/2013,CAE,SC,ASO,ES,Combined TRACON& Tower with Radar,11,75,37,2,125,0,0,0,0,0,11,75,37,2,125,0,0,0,125
06/25/2013,CAE,SC,ASO,ES,Combined TRACON& Tower with Radar,24,84,36,7,151,0,0,13,0,13,24,84,49,7,164,0,12,12,176
06/26/2013,CAE,SC,ASO,ES,Combined TRACON& Tower with Radar,22,91,22,2,137,0,0,6,0,6,22,91,28,2,143,0,0,0,143
06/27/2013,CAE,SC,ASO,ES,Combined TRACON& Tower with Radar,26,82,38,11,157,0,0,18,1,19,26,82,56,12,176,22,6,28,204
06/28/2013,CAE,SC,ASO,ES,Combined TRACON& Tower with Radar,19,89,21,3,132,0,0,17,1,18,19,89,38,4,150,4,0,4,154
06/29/2013,CAE,SC,ASO,ES,Combined TRACON& Tower with Radar,6,54,14,0,74,0,0,6,0,6,6,54,20,0,80,10,0,10,90
06/30/2013,CAE,SC,ASO,ES,Combined TRACON& Tower with Radar,4,61,16,0,81,0,0,3,0,3,4,61,19,0,84,12,0,12,96
07/01/2013,CAE,SC,ASO,ES,Combined TRACON& Tower with Radar,9,91,25,6,131,0,0,2,0,2,9,91,27,6,133,2,0,2,135
07/02/2013,CAE,SC,ASO,ES,Combined TRACON& Tower with Radar,20,80,11,0,111,0,0,0,0,0,20,80,11,0,111,0,0,0,111
07/03/2013,CAE,SC,ASO,ES,Combined TRACON& Tower with Radar,20,83,22,2,127,0,0,3,0,3,20,83,25,2,130,0,0,0,130
07/04/2013,CAE,SC,ASO,ES,Combined TRACON& Tower with Radar,5,50,9,0,64,0,0,7,0,7,5,50,16,0,71,6,0,6,77
07/05/2013,CAE,SC,ASO,ES,Combined TRACON& Tower with Radar,12,66,16,0,94,0,0,0,0,0,12,66,16,0,94,0,0,0,94
07/06/2013,CAE,SC,ASO,ES,Combined TRACON& Tower with Radar,7,55,9,0,71,0,0,1,0,1,7,55,10,0,72,16,0,16,88
07/07/2013,CAE,SC,ASO,ES,Combined TRACON& Tower with Radar,7,68,13,0,88,0,0,6,0,6,7,68,19,0,94,0,0,0,94
07/08/2013,CAE,SC,ASO,ES,Combined TRACON& Tower with Radar,9,84,33,2,128,0,0,14,1,15,9,84,47,3,143,0,0,0,143
07/09/2013,CAE,SC,ASO,ES,Combined TRACON& Tower with Radar,20,82,24,2,128,0,0,6,0,6,20,82,30,2,134,2,0,2,136
07/10/2013,CAE,SC,ASO,ES,Combined TRACON& Tower with Radar,18,97,21,2,138,0,5,6,0,11,18,102,27,2,149,0,0,0,149
07/11/2013,CAE,SC,ASO,ES,Combined TRACON& Tower with Radar,18,85,32,4,139,0,4,8,0,12,18,89,40,4,151,0,26,26,177
07/12/2013,CAE,SC,ASO,ES,Combined TRACON& Tower with Radar,16,90,27,2,135,0,0,4,0,4,16,90,31,2,139,0,0,0,139
07/13/2013,CAE,SC,ASO,ES,Combined TRACON& Tower with Radar,6,59,6,2,73,0,0,0,0,0,6,59,6,2,73,0,0,0,73
07/14/2013,CAE,SC,ASO,ES,Combined TRACON& Tower with Radar,5,61,17,0,83,0,0,3,0,3,5,61,20,0,86,0,0,0,86
07/15/2013,CAE,SC,ASO,ES,Combined TRACON& Tower with Radar,9,83,15,2,109,0,0,8,2,10,9,83,23,4,119,22,0,22,141
07/16/2013,CAE,SC,ASO,ES,Combined TRACON& Tower with Radar,22,93,27,0,142,0,0,25,5,30,22,93,52,5,172,28,0,28,200
07/17/2013,CAE,SC,ASO,ES,Combined TRACON& Tower with Radar,20,90,46,1,157,0,1,18,1,20,20,91,64,2,177,10,0,10,187
07/18/2013,CAE,SC,ASO,ES,Combined TRACON& Tower with Radar,15,90,42,6,153,0,0,20,2,22,15,90,62,8,175,0,10,10,185
07/19/2013,CAE,SC,ASO,ES,Combined TRACON& Tower with Radar,13,89,26,0,128,0,2,11,2,15,13,91,37,2,143,0,0,0,143
07/20/2013,CAE,SC,ASO,ES,Combined TRACON& Tower with Radar,16,61,18,0,95,0,0,16,0,16,16,61,34,0,111,22,0,22,133
07/21/2013,CAE,SC,ASO,ES,Combined TRACON& Tower with Radar,15,65,11,0,91,0,0,4,0,4,15,65,15,0,95,6,0,6,101
07/22/2013,CAE,SC,ASO,ES,Combined TRACON& Tower with Radar,11,85,45,5,146,0,0,4,0,4,11,85,49,5,150,0,0,0,150
07/23/2013,CAE,SC,ASO,ES,Combined TRACON& Tower with Radar,20,88,36,13,157,0,0,15,5,20,20,88,51,18,177,0,0,0,177
07/24/2013,CAE,SC,ASO,ES,Combined TRACON& Tower with Radar,18,93,36,2,149,0,0,12,0,12,18,93,48,2,161,0,0,0,161
07/25/2013,CAE,SC,ASO,ES,Combined TRACON& Tower with Radar,16,99,44,16,175,0,0,18,4,22,16,99,62,20,197,0,0,0,197
07/26/2013,CAE,SC,ASO,ES,Combined TRACON& Tower with Radar,13,90,19,8,130,0,0,15,0,15,13,90,34,8,145,0,34,34,179
07/27/2013,CAE,SC,ASO,ES,Combined TRACON& Tower with Radar,6,57,8,0,71,0,0,2,2,4,6,57,10,2,75,0,0,0,75
07/28/2013,CAE,SC,ASO,ES,Combined TRACON& Tower with Radar,5,68,16,2,91,0,0,15,0,15,5,68,31,2,106,14,0,14,120
07/29/2013,CAE,SC,ASO,ES,Combined TRACON& Tower with Radar,11,79,33,4,127,0,0,13,0,13,11,79,46,4,140,0,0,0,140
07/30/2013,CAE,SC,ASO,ES,Combined TRACON& Tower with Radar,19,93,26,3,141,0,2,6,0,8,19,95,32,3,149,0,0,0,149
07/31/2013,CAE,SC,ASO,ES,Combined TRACON& Tower with Radar,16,102,40,7,165,0,0,1,0,1,16,102,41,7,166,8,0,8,174
08/01/2013,CAE,SC,ASO,ES,Combined TRACON& Tower with Radar,20,87,32,10,149,0,1,0,2,3,20,88,32,12,152,2,0,2,154
08/02/2013,CAE,SC,ASO,ES,Combined TRACON& Tower with Radar,12,83,12,6,113,0,0,6,0,6,12,83,18,6,119,0,0,0,119
08/03/2013,CAE,SC,ASO,ES,Combined TRACON& Tower with Radar,3,58,14,9,84,0,0,23,1,24,3,58,37,10,108,10,0,10,118
08/04/2013,CAE,SC,ASO,ES,Combined TRACON& Tower with Radar,5,66,27,3,101,0,0,21,0,21,5,66,48,3,122,16,0,16,138
08/05/2013,CAE,SC,ASO,ES,Combined TRACON& Tower with Radar,9,90,30,0,129,0,2,13,0,15,9,92,43,0,144,10,0,10,154
08/06/2013,CAE,SC,ASO,ES,Combined TRACON& Tower with Radar,18,96,42,2,158,0,0,8,0,8,18,96,50,2,166,12,0,12,178
08/07/2013,CAE,SC,ASO,ES,Combined TRACON& Tower with Radar,18,92,34,2,146,0,0,20,0,20,18,92,54,2,166,0,0,0,166
08/08/2013,CAE,SC,ASO,ES,Combined TRACON& Tower with Radar,20,85,41,9,155,0,0,11,3,14,20,85,52,12,169,2,0,2,171
08/09/2013,CAE,SC,ASO,ES,Combined TRACON& Tower with Radar,15,85,32,2,134,0,1,15,0,16,15,86,47,2,150,0,0,0,150
08/10/2013,CAE,SC,ASO,ES,Combined TRACON& Tower with Radar,9,63,18,1,91,0,0,23,0,23,9,63,41,1,114,0,0,0,114
08/11/2013,CAE,SC,ASO,ES,Combined TRACON& Tower with Radar,7,66,21,3,97,0,0,11,1,12,7,66,32,4,109,0,0,0,109
08/12/2013,CAE,SC,ASO,ES,Combined TRACON& Tower with Radar,8,83,26,0,117,0,2,22,0,24,8,85,48,0,141,0,0,0,141
08/13/2013,CAE,SC,ASO,ES,Combined TRACON& Tower with Radar,21,88,32,2,143,0,1,22,0,23,21,89,54,2,166,2,0,2,168
08/14/2013,CAE,SC,ASO,ES,Combined TRACON& Tower with Radar,19,98,48,6,171,0,1,19,2,22,19,99,67,8,193,16,20,36,229
08/15/2013,CAE,SC,ASO,ES,Combined TRACON& Tower with Radar,17,97,43,5,162,0,0,15,1,16,17,97,58,6,178,12,0,12,190
08/16/2013,CAE,SC,ASO,ES,Combined TRACON& Tower with Radar,17,85,37,3,142,0,0,2,0,2,17,85,39,3,144,0,0,0,144
08/17/2013,CAE,SC,ASO,ES,Combined TRACON& Tower with Radar,5,57,9,0,71,0,0,0,0,0,5,57,9,0,71,0,0,0,71
08/18/2013,CAE,SC,ASO,ES,Combined TRACON& Tower with Radar,5,62,21,0,88,0,0,3,0,3,5,62,24,0,91,4,0,4,95
08/19/2013,CAE,SC,ASO,ES,Combined TRACON& Tower with Radar,11,82,28,8,129,0,0,0,2,2,11,82,28,10,131,0,0,0,131
08/20/2013,CAE,SC,ASO,ES,Combined TRACON& Tower with Radar,26,84,34,24,168,0,0,6,0,6,26,84,40,24,174,0,0,0,174
08/21/2013,CAE,SC,ASO,ES,Combined TRACON& Tower with Radar,26,91,32,6,155,0,0,12,2,14,26,91,44,8,169,8,10,18,187
08/22/2013,CAE,SC,ASO,ES,Combined TRACON& Tower with Radar,27,78,22,12,139,0,0,13,1,14,27,78,35,13,153,0,0,0,153
08/23/2013,CAE,SC,ASO,ES,Combined TRACON& Tower with Radar,16,88,25,3,132,0,1,13,0,14,16,89,38,3,146,12,0,12,158
08/24/2013,CAE,SC,ASO,ES,Combined TRACON& Tower with Radar,10,45,15,0,70,0,0,8,0,8,10,45,23,0,78,18,0,18,96
08/25/2013,CAE,SC,ASO,ES,Combined TRACON& Tower with Radar,8,60,28,1,97,0,0,21,0,21,8,60,49,1,118,0,0,0,118
08/26/2013,CAE,SC,ASO,ES,Combined TRACON& Tower with Radar,11,58,8,4,81,0,0,13,1,14,11,58,21,5,95,6,0,6,101
08/27/2013,CAE,SC,ASO,ES,Combined TRACON& Tower with Radar,28,83,40,6,157,0,0,31,0,31,28,83,71,6,188,0,0,0,188
08/28/2013,CAE,SC,ASO,ES,Combined TRACON& Tower with Radar,28,79,45,4,156,0,2,35,2,39,28,81,80,6,195,0,0,0,195
08/29/2013,CAE,SC,ASO,ES,Combined TRACON& Tower with Radar,24,80,35,5,144,0,2,21,1,24,24,82,56,6,168,10,0,10,178
08/30/2013,CAE,SC,ASO,ES,Combined TRACON& Tower with Radar,18,81,29,0,128,0,0,11,0,11,18,81,40,0,139,0,0,0,139
08/31/2013,CAE,SC,ASO,ES,Combined TRACON& Tower with Radar,10,47,10,0,67,0,0,8,0,8,10,47,18,0,75,8,0,8,83
09/01/2013,CAE,SC,ASO,ES,Combined TRACON& Tower with Radar,8,34,14,0,56,0,0,27,0,27,8,34,41,0,83,16,0,16,99
09/02/2013,CAE,SC,ASO,ES,Combined TRACON& Tower with Radar,6,60,14,0,80,0,0,22,0,22,6,60,36,0,102,22,0,22,124
09/03/2013,CAE,SC,ASO,ES,Combined TRACON& Tower with Radar,11,87,25,4,127,0,0,31,1,32,11,87,56,5,159,8,0,8,167
09/04/2013,CAE,SC,ASO,ES,Combined TRACON& Tower with Radar,20,88,30,3,141,0,0,23,1,24,20,88,53,4,165,0,0,0,165
09/05/2013,CAE,SC,ASO,ES,Combined TRACON& Tower with Radar,20,90,29,1,140,0,0,16,1,17,20,90,45,2,157,32,0,32,189
09/06/2013,CAE,SC,ASO,ES,Combined TRACON& Tower with Radar,15,81,18,4,118,0,0,14,1,15,15,81,32,5,133,0,0,0,133
09/07/2013,CAE,SC,ASO,ES,Combined TRACON& Tower with Radar,8,38,18,2,66,0,0,35,0,35,8,38,53,2,101,2,0,2,103
09/08/2013,CAE,SC,ASO,ES,Combined TRACON& Tower with Radar,8,60,16,2,86,0,0,26,0,26,8,60,42,2,112,0,0,0,112
09/09/2013,CAE,SC,ASO,ES,Combined TRACON& Tower with Radar,7,80,25,2,114,0,0,25,0,25,7,80,50,2,139,24,0,24,163
09/10/2013,CAE,SC,ASO,ES,Combined TRACON& Tower with Radar,20,84,28,6,138,0,2,20,1,23,20,86,48,7,161,14,0,14,175
09/11/2013,CAE,SC,ASO,ES,Combined TRACON& Tower with Radar,20,80,35,16,151,0,3,30,1,34,20,83,65,17,185,0,0,0,185
09/12/2013,CAE,SC,ASO,ES,Combined TRACON& Tower with Radar,17,89,38,2,146,0,8,22,5,35,17,97,60,7,181,16,0,16,197
09/13/2013,CAE,SC,ASO,ES,Combined TRACON& Tower with Radar,19,85,24,2,130,0,0,25,0,25,19,85,49,2,155,4,0,4,159
09/14/2013,CAE,SC,ASO,ES,Combined TRACON& Tower with Radar,9,43,18,0,70,0,0,29,0,29,9,43,47,0,99,16,0,16,115
09/15/2013,CAE,SC,ASO,ES,Combined TRACON& Tower with Radar,7,64,35,0,106,0,0,21,0,21,7,64,56,0,127,12,0,12,139
09/16/2013,CAE,SC,ASO,ES,Combined TRACON& Tower with Radar,9,73,26,2,110,0,1,14,4,19,9,74,40,6,129,12,0,12,141
09/17/2013,CAE,SC,ASO,ES,Combined TRACON& Tower with Radar,20,88,26,14,148,0,3,10,0,13,20,91,36,14,161,0,20,20,181
09/18/2013,CAE,SC,ASO,ES,Combined TRACON& Tower with Radar,20,99,32,12,163,0,3,26,0,29,20,102,58,12,192,4,0,4,196
09/19/2013,CAE,SC,ASO,ES,Combined TRACON& Tower with Radar,19,84,25,7,135,0,0,19,6,25,19,84,44,13,160,8,12,20,180
09/20/2013,CAE,SC,ASO,ES,Combined TRACON& Tower with Radar,13,79,24,0,116,0,0,26,0,26,13,79,50,0,142,0,0,0,142
09/21/2013,CAE,SC,ASO,ES,Combined TRACON& Tower with Radar,10,41,12,0,63,0,0,13,0,13,10,41,25,0,76,0,0,0,76
09/22/2013,CAE,SC,ASO,ES,Combined TRACON& Tower with Radar,4,61,18,0,83,0,0,15,0,15,4,61,33,0,98,12,0,12,110
09/23/2013,CAE,SC,ASO,ES,Combined TRACON& Tower with Radar,9,75,32,4,120,0,0,21,0,21,9,75,53,4,141,2,0,2,143
09/24/2013,CAE,SC,ASO,ES,Combined TRACON& Tower with Radar,21,85,32,7,145,0,0,17,0,17,21,85,49,7,162,14,0,14,176
09/25/2013,CAE,SC,ASO,ES,Combined TRACON& Tower with Radar,22,81,46,6,155,0,0,10,0,10,22,81,56,6,165,0,0,0,165
09/26/2013,CAE,SC,ASO,ES,Combined TRACON& Tower with Radar,18,90,37,6,151,0,0,19,0,19,18,90,56,6,170,14,0,14,184
09/27/2013,CAE,SC,ASO,ES,Combined TRACON& Tower with Radar,15,85,23,4,127,0,0,26,0,26,15,85,49,4,153,0,0,0,153
09/28/2013,CAE,SC,ASO,ES,Combined TRACON& Tower with Radar,12,42,13,0,67,0,0,24,0,24,12,42,37,0,91,0,0,0,91
09/29/2013,CAE,SC,ASO,ES,Combined TRACON& Tower with Radar,6,60,21,6,93,0,0,24,2,26,6,60,45,8,119,26,0,26,145
09/30/2013,CAE,SC,ASO,ES,Combined TRACON& Tower with Radar,9,73,18,0,100,0,0,11,0,11,9,73,29,0,111,0,0,0,111
10/01/2013,CAE,SC,ASO,ES,Combined TRACON& Tower with Radar,23,77,28,0,128,0,0,22,0,22,23,77,50,0,150,2,0,2,152
10/02/2013,CAE,SC,ASO,ES,Combined TRACON& Tower with Radar,23,84,30,0,137,0,0,19,0,19,23,84,49,0,156,0,0,0,156
10/03/2013,CAE,SC,ASO,ES,Combined TRACON& Tower with Radar,20,80,27,0,127,0,0,35,0,35,20,80,62,0,162,11,0,11,173
10/04/2013,CAE,SC,ASO,ES,Combined TRACON& Tower with Radar,16,88,36,0,140,0,0,16,0,16,16,88,52,0,156,12,2,14,170
10/05/2013,CAE,SC,ASO,ES,Combined TRACON& Tower with Radar,8,51,17,0,76,0,0,8,0,8,8,51,25,0,84,8,0,8,92
10/06/2013,CAE,SC,ASO,ES,Combined TRACON& Tower with Radar,11,65,23,0,99,0,0,8,0,8,11,65,31,0,107,8,0,8,115
10/07/2013,CAE,SC,ASO,ES,Combined TRACON& Tower with Radar,11,84,14,1,110,0,0,2,0,2,11,84,16,1,112,0,0,0,112
10/08/2013,CAE,SC,ASO,ES,Combined TRACON& Tower with Radar,21,84,26,0,131,0,0,4,0,4,21,84,30,0,135,2,0,2,137
10/09/2013,CAE,SC,ASO,ES,Combined TRACON& Tower with Radar,23,88,35,0,146,0,0,11,0,11,23,88,46,0,157,0,0,0,157
10/10/2013,CAE,SC,ASO,ES,Combined TRACON& Tower with Radar,20,86,27,0,133,0,0,23,0,23,20,86,50,0,156,0,0,0,156
10/11/2013,CAE,SC,ASO,ES,Combined TRACON& Tower with Radar,13,82,26,0,121,0,0,14,0,14,13,82,40,0,135,20,0,20,155
10/12/2013,CAE,SC,ASO,ES,Combined TRACON& Tower with Radar,7,48,8,0,63,0,0,10,0,10,7,48,18,0,73,16,0,16,89
10/13/2013,CAE,SC,ASO,ES,Combined TRACON& Tower with Radar,3,65,24,0,92,0,0,8,0,8,3,65,32,0,100,0,0,0,100
10/14/2013,CAE,SC,ASO,ES,Combined TRACON& Tower with Radar,11,77,24,0,112,0,0,0,0,0,11,77,24,0,112,18,0,18,130
10/15/2013,CAE,SC,ASO,ES,Combined TRACON& Tower with Radar,22,87,16,0,125,0,0,8,0,8,22,87,24,0,133,0,0,0,133
10/16/2013,CAE,SC,ASO,ES,Combined TRACON& Tower with Radar,22,82,42,0,146,0,0,8,2,10,22,82,50,2,156,40,0,40,196
10/17/2013,CAE,SC,ASO,ES,Combined TRACON& Tower with Radar,17,91,39,0,147,0,2,28,0,30,17,93,67,0,177,16,0,16,193
10/18/2013,CAE,SC,ASO,ES,Combined TRACON& Tower with Radar,14,85,34,0,133,0,0,13,0,13,14,85,47,0,146,0,0,0,146
10/19/2013,CAE,SC,ASO,ES,Combined TRACON& Tower with Radar,8,55,12,0,75,0,0,5,0,5,8,55,17,0,80,4,0,4,84
10/20/2013,CAE,SC,ASO,ES,Combined TRACON& Tower with Radar,7,72,32,0,111,0,0,22,0,22,7,72,54,0,133,8,0,8,141
10/21/2013,CAE,SC,ASO,ES,Combined TRACON& Tower with Radar,13,84,38,3,138,0,1,24,0,25,13,85,62,3,163,0,0,0,163
10/22/2013,CAE,SC,ASO,ES,Combined TRACON& Tower with Radar,23,89,33,2,147,0,0,11,0,11,23,89,44,2,158,12,0,12,170
10/23/2013,CAE,SC,ASO,ES,Combined TRACON& Tower with Radar,22,80,39,1,142,0,0,21,0,21,22,80,60,1,163,2,4,6,169
10/24/2013,CAE,SC,ASO,ES,Combined TRACON& Tower with Radar,22,92,43,10,167,0,0,32,0,32,22,92,75,10,199,22,28,50,249
10/25/2013,CAE,SC,ASO,ES,Combined TRACON& Tower with Radar,15,86,33,4,138,0,0,25,0,25,15,86,58,4,163,14,0,14,177
10/26/2013,CAE,SC,ASO,ES,Combined TRACON& Tower with Radar,4,51,19,0,74,0,0,15,0,15,4,51,34,0,89,2,0,2,91
10/27/2013,CAE,SC,ASO,ES,Combined TRACON& Tower with Radar,10,64,24,1,99,0,0,20,1,21,10,64,44,2,120,20,0,20,140
10/28/2013,CAE,SC,ASO,ES,Combined TRACON& Tower with Radar,11,82,28,6,127,0,0,11,0,11,11,82,39,6,138,12,0,12,150
10/29/2013,CAE,SC,ASO,ES,Combined TRACON& Tower with Radar,22,87,30,7,146,0,1,26,5,32,22,88,56,12,178,0,0,0,178
10/30/2013,CAE,SC,ASO,ES,Combined TRACON& Tower with Radar,22,84,24,19,149,0,0,17,1,18,22,84,41,20,167,0,2,2,169
10/31/2013,CAE,SC,ASO,ES,Combined TRACON& Tower with Radar,22,92,44,7,165,0,0,28,4,32,22,92,72,11,197,44,0,44,241
11/01/2013,CAE,SC,ASO,ES,Combined TRACON& Tower with Radar,15,92,20,2,129,0,0,3,0,3,15,92,23,2,132,0,0,0,132
11/02/2013,CAE,SC,ASO,ES,Combined TRACON& Tower with Radar,6,58,11,0,75,0,0,12,0,12,6,58,23,0,87,8,0,8,95
11/03/2013,CAE,SC,ASO,ES,Combined TRACON& Tower with Radar,5,77,21,6,109,0,1,20,0,21,5,78,41,6,130,6,8,14,144
11/04/2013,CAE,SC,ASO,ES,Combined TRACON& Tower with Radar,9,78,37,2,126,0,0,23,0,23,9,78,60,2,149,18,0,18,167
11/05/2013,CAE,SC,ASO,ES,Combined TRACON& Tower with Radar,21,91,29,8,149,0,0,19,0,19,21,91,48,8,168,0,0,0,168
11/06/2013,CAE,SC,ASO,ES,Combined TRACON& Tower with Radar,22,86,39,4,151,0,1,17,2,20,22,87,56,6,171,0,0,0,171
11/07/2013,CAE,SC,ASO,ES,Combined TRACON& Tower with Radar,20,88,32,16,156,0,0,9,0,9,20,88,41,16,165,0,16,16,181
11/08/2013,CAE,SC,ASO,ES,Combined TRACON& Tower with Radar,17,93,33,0,143,0,2,23,0,25,17,95,56,0,168,0,0,0,168
11/09/2013,CAE,SC,ASO,ES,Combined TRACON& Tower with Radar,6,51,13,0,70,0,0,21,0,21,6,51,34,0,91,20,0,20,111
11/10/2013,CAE,SC,ASO,ES,Combined TRACON& Tower with Radar,7,59,21,0,87,0,0,14,0,14,7,59,35,0,101,2,0,2,103
11/11/2013,CAE,SC,ASO,ES,Combined TRACON& Tower with Radar,7,81,27,0,115,0,0,26,0,26,7,81,53,0,141,12,0,12,153
11/12/2013,CAE,SC,ASO,ES,Combined TRACON& Tower with Radar,19,87,41,6,153,0,0,13,0,13,19,87,54,6,166,0,2,2,168
11/13/2013,CAE,SC,ASO,ES,Combined TRACON& Tower with Radar,20,94,52,3,169,0,0,10,0,10,20,94,62,3,179,0,0,0,179
11/14/2013,CAE,SC,ASO,ES,Combined TRACON& Tower with Radar,22,88,33,16,159,0,0,16,4,20,22,88,49,20,179,12,22,34,213
11/15/2013,CAE,SC,ASO,ES,Combined TRACON& Tower with Radar,13,89,35,7,144,0,0,11,1,12,13,89,46,8,156,0,4,4,160
11/16/2013,CAE,SC,ASO,ES,Combined TRACON& Tower with Radar,6,53,29,3,91,0,0,9,0,9,6,53,38,3,100,2,0,2,102
11/17/2013,CAE,SC,ASO,ES,Combined TRACON& Tower with Radar,7,60,31,7,105,0,0,1,0,1,7,60,32,7,106,0,0,0,106
11/18/2013,CAE,SC,ASO,ES,Combined TRACON& Tower with Radar,13,80,33,10,136,0,2,18,1,21,13,82,51,11,157,14,0,14,171
11/19/2013,CAE,SC,ASO,ES,Combined TRACON& Tower with Radar,24,82,36,4,146,0,1,19,0,20,24,83,55,4,166,42,0,42,208
11/20/2013,CAE,SC,ASO,ES,Combined TRACON& Tower with Radar,22,86,49,8,165,0,2,10,2,14,22,88,59,10,179,28,8,36,215
11/21/2013,CAE,SC,ASO,ES,Combined TRACON& Tower with Radar,22,93,41,16,172,0,0,6,3,9,22,93,47,19,181,2,10,12,193
11/22/2013,CAE,SC,ASO,ES,Combined TRACON& Tower with Radar,11,91,51,4,157,0,0,17,0,17,11,91,68,4,174,4,0,4,178
11/23/2013,CAE,SC,ASO,ES,Combined TRACON& Tower with Radar,4,49,18,2,73,0,0,4,2,6,4,49,22,4,79,0,0,0,79
11/24/2013,CAE,SC,ASO,ES,Combined TRACON& Tower with Radar,4,54,27,0,85,0,0,17,0,17,4,54,44,0,102,31,0,31,133
11/25/2013,CAE,SC,ASO,ES,Combined TRACON& Tower with Radar,12,77,16,2,107,0,1,11,0,12,12,78,27,2,119,2,0,2,121
11/26/2013,CAE,SC,ASO,ES,Combined TRACON& Tower with Radar,24,93,32,2,151,0,0,1,0,1,24,93,33,2,152,0,0,0,152
11/27/2013,CAE,SC,ASO,ES,Combined TRACON& Tower with Radar,28,92,10,2,132,0,0,2,0,2,28,92,12,2,134,0,0,0,134
11/28/2013,CAE,SC,ASO,ES,Combined TRACON& Tower with Radar,2,38,18,0,58,0,0,6,0,6,2,38,24,0,64,0,0,0,64
11/29/2013,CAE,SC,ASO,ES,Combined TRACON& Tower with Radar,11,59,18,0,88,0,0,18,0,18,11,59,36,0,106,0,0,0,106
11/30/2013,CAE,SC,ASO,ES,Combined TRACON& Tower with Radar,4,62,25,0,91,0,0,15,0,15,4,62,40,0,106,24,0,24,130
12/01/2013,CAE,SC,ASO,ES,Combined TRACON& Tower with Radar,8,74,36,0,118,0,0,10,0,10,8,74,46,0,128,0,0,0,128
12/02/2013,CAE,SC,ASO,ES,Combined TRACON& Tower with Radar,11,93,32,8,144,0,4,14,1,19,11,97,46,9,163,14,0,14,177
12/03/2013,CAE,SC,ASO,ES,Combined TRACON& Tower with Radar,25,88,41,16,170,0,0,6,2,8,25,88,47,18,178,10,10,20,198
12/04/2013,CAE,SC,ASO,ES,Combined TRACON& Tower with Radar,21,88,36,6,151,0,0,6,0,6,21,88,42,6,157,0,0,0,157
12/05/2013,CAE,SC,ASO,ES,Combined TRACON& Tower with Radar,23,85,51,4,163,0,0,5,0,5,23,85,56,4,168,6,0,6,174
12/06/2013,CAE,SC,ASO,ES,Combined TRACON& Tower with Radar,21,92,16,7,136,0,0,19,1,20,21,92,35,8,156,62,12,74,230
12/07/2013,CAE,SC,ASO,ES,Combined TRACON& Tower with Radar,2,52,20,0,74,0,0,0,0,0,2,52,20,0,74,0,0,0,74
12/08/2013,CAE,SC,ASO,ES,Combined TRACON& Tower with Radar,7,48,6,0,61,0,0,0,0,0,7,48,6,0,61,0,0,0,61
12/09/2013,CAE,SC,ASO,ES,Combined TRACON& Tower with Radar,17,56,22,4,99,0,0,0,0,0,17,56,22,4,99,0,0,0,99
12/10/2013,CAE,SC,ASO,ES,Combined TRACON& Tower with Radar,30,83,35,2,150,0,0,1,0,1,30,83,36,2,151,0,0,0,151
12/11/2013,CAE,SC,ASO,ES,Combined TRACON& Tower with Radar,32,87,43,2,164,0,0,26,0,26,32,87,69,2,190,0,0,0,190
12/12/2013,CAE,SC,ASO,ES,Combined TRACON& Tower with Radar,32,84,55,14,185,0,2,18,0,20,32,86,73,14,205,0,18,18,223
12/13/2013,CAE,SC,ASO,ES,Combined TRACON& Tower with Radar,23,95,40,8,166,0,0,28,3,31,23,95,68,11,197,4,0,4,201
12/14/2013,CAE,SC,ASO,ES,Combined TRACON& Tower with Radar,4,53,7,0,64,0,0,1,0,1,4,53,8,0,65,0,0,0,65
12/15/2013,CAE,SC,ASO,ES,Combined TRACON& Tower with Radar,4,65,24,0,93,0,0,6,0,6,4,65,30,0,99,14,0,14,113
12/16/2013,CAE,SC,ASO,ES,Combined TRACON& Tower with Radar,16,81,54,2,153,0,2,18,0,20,16,83,72,2,173,4,0,4,177
12/17/2013,CAE,SC,ASO,ES,Combined TRACON& Tower with Radar,38,84,43,8,173,0,4,22,6,32,38,88,65,14,205,0,0,0,205
12/18/2013,CAE,SC,ASO,ES,Combined TRACON& Tower with Radar,38,84,29,12,163,0,0,20,1,21,38,84,49,13,184,0,0,0,184
12/19/2013,CAE,SC,ASO,ES,Combined TRACON& Tower with Radar,37,96,38,3,174,0,2,21,1,24,37,98,59,4,198,0,0,0,198
12/20/2013,CAE,SC,ASO,ES,Combined TRACON& Tower with Radar,23,91,28,2,144,0,0,35,0,35,23,91,63,2,179,4,0,4,183
12/21/2013,CAE,SC,ASO,ES,Combined TRACON& Tower with Radar,10,66,18,10,104,0,0,11,0,11,10,66,29,10,115,22,8,30,145
12/22/2013,CAE,SC,ASO,ES,Combined TRACON& Tower with Radar,7,68,12,0,87,0,0,1,0,1,7,68,13,0,88,36,0,36,124
12/23/2013,CAE,SC,ASO,ES,Combined TRACON& Tower with Radar,9,83,11,0,103,0,0,0,0,0,9,83,11,0,103,0,0,0,103
12/24/2013,CAE,SC,ASO,ES,Combined TRACON& Tower with Radar,19,84,14,0,117,0,2,7,0,9,19,86,21,0,126,0,0,0,126
12/25/2013,CAE,SC,ASO,ES,Combined TRACON& Tower with Radar,0,52,3,0,55,0,0,1,0,1,0,52,4,0,56,0,0,0,56
12/26/2013,CAE,SC,ASO,ES,Combined TRACON& Tower with Radar,13,88,25,0,126,0,0,10,0,10,13,88,35,0,136,14,0,14,150
12/27/2013,CAE,SC,ASO,ES,Combined TRACON& Tower with Radar,10,82,24,2,118,0,1,16,0,17,10,83,40,2,135,0,0,0,135
12/28/2013,CAE,SC,ASO,ES,Combined TRACON& Tower with Radar,5,58,14,2,79,0,0,10,0,10,5,58,24,2,89,10,0,10,99
12/29/2013,CAE,SC,ASO,ES,Combined TRACON& Tower with Radar,2,53,17,0,72,0,0,3,0,3,2,53,20,0,75,12,0,12,87
12/30/2013,CAE,SC,ASO,ES,Combined TRACON& Tower with Radar,5,74,17,4,100,0,0,15,0,15,5,74,32,4,115,0,0,0,115
12/31/2013,CAE,SC,ASO,ES,Combined TRACON& Tower with Radar,17,70,17,0,104,0,1,19,0,20,17,71,36,0,124,0,0,0,124
01/01/2014,CAE,SC,ASO,ES,Combined TRACON& Tower with Radar,2,50,14,0,66,0,0,2,0,2,2,50,16,0,68,0,0,0,68
01/02/2014,CAE,SC,ASO,ES,Combined TRACON& Tower with Radar,11,79,36,4,130,0,0,0,0,0,11,79,36,4,130,0,0,0,130
01/03/2014,CAE,SC,ASO,ES,Combined TRACON& Tower with Radar,12,73,25,2,112,0,0,12,1,13,12,73,37,3,125,0,0,0,125
01/04/2014,CAE,SC,ASO,ES,Combined TRACON& Tower with Radar,2,58,11,0,71,0,0,0,2,2,2,58,11,2,73,0,0,0,73
01/05/2014,CAE,SC,ASO,ES,Combined TRACON& Tower with Radar,2,55,10,0,67,0,0,0,0,0,2,55,10,0,67,0,0,0,67
01/06/2014,CAE,SC,ASO,ES,Combined TRACON& Tower with Radar,5,67,25,10,107,0,0,3,1,4,5,67,28,11,111,0,0,0,111
01/07/2014,CAE,SC,ASO,ES,Combined TRACON& Tower with Radar,19,72,18,2,111,0,0,17,0,17,19,72,35,2,128,0,0,0,128
01/08/2014,CAE,SC,ASO,ES,Combined TRACON& Tower with Radar,23,83,45,18,169,0,0,18,0,18,23,83,63,18,187,16,0,16,203
01/09/2014,CAE,SC,ASO,ES,Combined TRACON& Tower with Radar,20,88,33,3,144,0,1,13,0,14,20,89,46,3,158,16,0,16,174
01/10/2014,CAE,SC,ASO,ES,Combined TRACON& Tower with Radar,15,83,27,2,127,0,0,0,0,0,15,83,27,2,127,0,0,0,127
01/11/2014,CAE,SC,ASO,ES,Combined TRACON& Tower with Radar,10,49,4,0,63,0,0,0,0,0,10,49,4,0,63,0,0,0,63
01/12/2014,CAE,SC,ASO,ES,Combined TRACON& Tower with Radar,8,51,18,0,77,0,0,22,0,22,8,51,40,0,99,0,0,0,99
01/13/2014,CAE,SC,ASO,ES,Combined TRACON& Tower with Radar,11,78,29,5,123,0,0,13,0,13,11,78,42,5,136,0,0,0,136
01/14/2014,CAE,SC,ASO,ES,Combined TRACON& Tower with Radar,20,84,24,1,129,0,6,1,0,7,20,90,25,1,136,0,0,0,136
01/15/2014,CAE,SC,ASO,ES,Combined TRACON& Tower with Radar,23,86,33,16,158,0,3,8,2,13,23,89,41,18,171,0,0,0,171
01/16/2014,CAE,SC,ASO,ES,Combined TRACON& Tower with Radar,20,101,39,2,162,0,4,12,0,16,20,105,51,2,178,0,0,0,178
01/17/2014,CAE,SC,ASO,ES,Combined TRACON& Tower with Radar,13,95,33,1,142,0,0,26,4,30,13,95,59,5,172,6,0,6,178
01/18/2014,CAE,SC,ASO,ES,Combined TRACON& Tower with Radar,7,44,9,2,62,0,0,10,3,13,7,44,19,5,75,6,0,6,81
01/19/2014,CAE,SC,ASO,ES,Combined TRACON& Tower with Radar,5,50,18,0,73,0,0,19,0,19,5,50,37,0,92,22,0,22,114
01/20/2014,CAE,SC,ASO,ES,Combined TRACON& Tower with Radar,11,82,21,1,115,0,0,23,0,23,11,82,44,1,138,0,0,0,138
01/21/2014,CAE,SC,ASO,ES,Combined TRACON& Tower with Radar,22,68,27,7,124,0,0,12,0,12,22,68,39,7,136,0,0,0,136
01/22/2014,CAE,SC,ASO,ES,Combined TRACON& Tower with Radar,20,91,44,15,170,0,3,18,0,21,20,94,62,15,191,0,0,0,191
01/23/2014,CAE,SC,ASO,ES,Combined TRACON& Tower with Radar,19,99,40,19,177,0,0,13,0,13,19,99,53,19,190,12,20,32,222
01/24/2014,CAE,SC,ASO,ES,Combined TRACON& Tower with Radar,13,87,38,6,144,0,0,27,0,27,13,87,65,6,171,0,0,0,171
01/25/2014,CAE,SC,ASO,ES,Combined TRACON& Tower with Radar,11,43,1,0,55,0,0,8,1,9,11,43,9,1,64,0,0,0,64
01/26/2014,CAE,SC,ASO,ES,Combined TRACON& Tower with Radar,7,53,23,0,83,0,0,14,0,14,7,53,37,0,97,0,0,0,97
01/27/2014,CAE,SC,ASO,ES,Combined TRACON& Tower with Radar,9,79,27,8,123,0,1,9,0,10,9,80,36,8,133,4,0,4,137
01/28/2014,CAE,SC,ASO,ES,Combined TRACON& Tower with Radar,16,60,11,0,87,0,0,0,0,0,16,60,11,0,87,0,0,0,87
01/29/2014,CAE,SC,ASO,ES,Combined TRACON& Tower with Radar,17,49,15,1,82,0,0,3,0,3,17,49,18,1,85,0,0,0,85
01/30/2014,CAE,SC,ASO,ES,Combined TRACON& Tower with Radar,23,89,32,6,150,0,0,5,0,5,23,89,37,6,155,0,0,0,155
01/31/2014,CAE,SC,ASO,ES,Combined TRACON& Tower with Radar,16,95,27,2,140,0,0,14,0,14,16,95,41,2,154,20,0,20,174
02/01/2014,CAE,SC,ASO,ES,Combined TRACON& Tower with Radar,4,45,7,0,56,0,0,1,0,1,4,45,8,0,57,0,0,0,57
02/02/2014,CAE,SC,ASO,ES,Combined TRACON& Tower with Radar,6,41,13,0,60,0,0,12,0,12,6,41,25,0,72,2,0,2,74
02/03/2014,CAE,SC,ASO,ES,Combined TRACON& Tower with Radar,11,74,35,0,120,0,0,2,0,2,11,74,37,0,122,0,0,0,122
02/04/2014,CAE,SC,ASO,ES,Combined TRACON& Tower with Radar,19,75,44,7,145,0,0,0,0,0,19,75,44,7,145,0,0,0,145
02/05/2014,CAE,SC,ASO,ES,Combined TRACON& Tower with Radar,20,86,30,16,152,0,0,3,2,5,20,86,33,18,157,0,2,2,159
02/06/2014,CAE,SC,ASO,ES,Combined TRACON& Tower with Radar,20,87,37,6,150,0,6,12,1,19,20,93,49,7,169,22,0,22,191
02/07/2014,CAE,SC,ASO,ES,Combined TRACON& Tower with Radar,14,95,31,2,142,0,3,28,2,33,14,98,59,4,175,4,2,6,181
02/08/2014,CAE,SC,ASO,ES,Combined TRACON& Tower with Radar,6,44,16,2,68,0,0,15,0,15,6,44,31,2,83,16,0,16,99
02/09/2014,CAE,SC,ASO,ES,Combined TRACON& Tower with Radar,6,53,28,0,87,0,0,37,0,37,6,53,65,0,124,20,0,20,144
02/10/2014,CAE,SC,ASO,ES,Combined TRACON& Tower with Radar,9,85,35,7,136,0,0,9,3,12,9,85,44,10,148,4,0,4,152
02/11/2014,CAE,SC,ASO,ES,Combined TRACON& Tower with Radar,17,60,13,0,90,0,0,0,0,0,17,60,13,0,90,0,0,0,90
02/12/2014,CAE,SC,ASO,ES,Combined TRACON& Tower with Radar,5,3,0,0,8,0,0,0,0,0,5,3,0,0,8,0,0,0,8
02/13/2014,CAE,SC,ASO,ES,Combined TRACON& Tower with Radar,17,30,11,0,58,0,5,7,0,12,17,35,18,0,70,0,0,0,70
02/14/2014,CAE,SC,ASO,ES,Combined TRACON& Tower with Radar,17,80,35,1,133,0,2,9,7,18,17,82,44,8,151,0,0,0,151
02/15/2014,CAE,SC,ASO,ES,Combined TRACON& Tower with Radar,7,46,9,0,62,0,0,2,2,4,7,46,11,2,66,0,0,0,66
02/16/2014,CAE,SC,ASO,ES,Combined TRACON& Tower with Radar,7,52,22,1,82,0,2,23,0,25,7,54,45,1,107,58,0,58,165
02/17/2014,CAE,SC,ASO,ES,Combined TRACON& Tower with Radar,12,78,27,4,121,0,0,14,0,14,12,78,41,4,135,20,0,20,155
02/18/2014,CAE,SC,ASO,ES,Combined TRACON& Tower with Radar,21,85,55,4,165,0,5,28,2,35,21,90,83,6,200,0,0,0,200
02/19/2014,CAE,SC,ASO,ES,Combined TRACON& Tower with Radar,21,87,27,4,139,0,3,25,0,28,21,90,52,4,167,6,0,6,173
02/20/2014,CAE,SC,ASO,ES,Combined TRACON& Tower with Radar,21,87,42,3,153,0,0,14,3,17,21,87,56,6,170,0,0,0,170
02/21/2014,CAE,SC,ASO,ES,Combined TRACON& Tower with Radar,14,74,23,1,112,0,2,8,0,10,14,76,31,1,122,0,0,0,122
02/22/2014,CAE,SC,ASO,ES,Combined TRACON& Tower with Radar,7,45,18,3,73,0,0,42,0,42,7,45,60,3,115,2,0,2,117
02/23/2014,CAE,SC,ASO,ES,Combined TRACON& Tower with Radar,7,61,15,0,83,0,0,34,0,34,7,61,49,0,117,0,0,0,117
02/24/2014,CAE,SC,ASO,ES,Combined TRACON& Tower with Radar,9,83,41,2,135,0,0,29,0,29,9,83,70,2,164,14,0,14,178
02/25/2014,CAE,SC,ASO,ES,Combined TRACON& Tower with Radar,18,84,47,9,158,0,0,18,5,23,18,84,65,14,181,8,30,38,219
02/26/2014,CAE,SC,ASO,ES,Combined TRACON& Tower with Radar,18,93,39,0,150,0,0,4,3,7,18,93,43,3,157,0,0,0,157
02/27/2014,CAE,SC,ASO,ES,Combined TRACON& Tower with Radar,21,88,25,2,136,0,0,32,0,32,21,88,57,2,168,0,24,24,192
02/28/2014,CAE,SC,ASO,ES,Combined TRACON& Tower with Radar,15,85,41,4,145,0,0,33,0,33,15,85,74,4,178,21,0,21,199
03/01/2014,CAE,SC,ASO,ES,Combined TRACON& Tower with Radar,5,45,30,4,84,0,0,12,1,13,5,45,42,5,97,0,22,22,119
03/02/2014,CAE,SC,ASO,ES,Combined TRACON& Tower with Radar,6,55,25,0,86,0,0,20,0,20,6,55,45,0,106,24,0,24,130
03/03/2014,CAE,SC,ASO,ES,Combined TRACON& Tower with Radar,9,64,11,2,86,0,0,4,0,4,9,64,15,2,90,0,0,0,90
03/04/2014,CAE,SC,ASO,ES,Combined TRACON& Tower with Radar,21,85,34,6,146,0,0,9,0,9,21,85,43,6,155,8,0,8,163
03/05/2014,CAE,SC,ASO,ES,Combined TRACON& Tower with Radar,21,78,38,6,143,0,1,7,0,8,21,79,45,6,151,0,0,0,151
03/06/2014,CAE,SC,ASO,ES,Combined TRACON& Tower with Radar,20,88,46,4,158,0,0,2,0,2,20,88,48,4,160,0,0,0,160
03/07/2014,CAE,SC,ASO,ES,Combined TRACON& Tower with Radar,13,91,20,6,130,0,0,0,0,0,13,91,20,6,130,0,0,0,130
03/08/2014,CAE,SC,ASO,ES,Combined TRACON& Tower with Radar,4,49,31,0,84,0,0,7,2,9,4,49,38,2,93,0,0,0,93
03/09/2014,CAE,SC,ASO,ES,Combined TRACON& Tower with Radar,4,64,26,3,97,0,0,15,2,17,4,64,41,5,114,18,0,18,132
03/10/2014,CAE,SC,ASO,ES,Combined TRACON& Tower with Radar,7,66,19,5,97,0,2,12,0,14,7,68,31,5,111,22,0,22,133
03/11/2014,CAE,SC,ASO,ES,Combined TRACON& Tower with Radar,20,82,40,10,152,0,1,27,0,28,20,83,67,10,180,0,30,30,210
03/12/2014,CAE,SC,ASO,ES,Combined TRACON& Tower with Radar,17,83,35,2,137,0,0,3,3,6,17,83,38,5,143,2,0,2,145
03/13/2014,CAE,SC,ASO,ES,Combined TRACON& Tower with Radar,21,81,41,13,156,0,2,16,1,19,21,83,57,14,175,18,22,40,215
03/14/2014,CAE,SC,ASO,ES,Combined TRACON& Tower with Radar,15,87,45,7,154,0,0,31,1,32,15,87,76,8,186,22,0,22,208
03/15/2014,CAE,SC,ASO,ES,Combined TRACON& Tower with Radar,4,40,5,0,49,0,0,22,0,22,4,40,27,0,71,16,0,16,87
03/16/2014,CAE,SC,ASO,ES,Combined TRACON& Tower with Radar,4,63,15,0,82,0,0,0,0,0,4,63,15,0,82,0,0,0,82
03/17/2014,CAE,SC,ASO,ES,Combined TRACON& Tower with Radar,11,82,23,2,118,0,0,0,0,0,11,82,23,2,118,0,0,0,118
03/18/2014,CAE,SC,ASO,ES,Combined TRACON& Tower with Radar,20,89,50,5,164,0,0,2,0,2,20,89,52,5,166,0,0,0,166
03/19/2014,CAE,SC,ASO,ES,Combined TRACON& Tower with Radar,20,78,58,19,175,0,0,5,0,5,20,78,63,19,180,0,0,0,180
03/20/2014,CAE,SC,ASO,ES,Combined TRACON& Tower with Radar,20,99,47,4,170,0,0,23,4,27,20,99,70,8,197,6,0,6,203
03/21/2014,CAE,SC,ASO,ES,Combined TRACON& Tower with Radar,15,88,21,0,124,0,3,32,2,37,15,91,53,2,161,6,0,6,167
03/22/2014,CAE,SC,ASO,ES,Combined TRACON& Tower with Radar,6,47,25,0,78,0,0,22,0,22,6,47,47,0,100,20,0,20,120
03/23/2014,CAE,SC,ASO,ES,Combined TRACON& Tower with Radar,6,65,26,0,97,0,0,9,0,9,6,65,35,0,106,22,0,22,128
03/24/2014,CAE,SC,ASO,ES,Combined TRACON& Tower with Radar,13,77,23,1,114,0,2,18,1,21,13,79,41,2,135,0,0,0,135
03/25/2014,CAE,SC,ASO,ES,Combined TRACON& Tower with Radar,20,74,47,13,154,0,0,5,1,6,20,74,52,14,160,0,16,16,176
03/26/2014,CAE,SC,ASO,ES,Combined TRACON& Tower with Radar,18,90,25,5,138,0,0,27,3,30,18,90,52,8,168,0,0,0,168
03/27/2014,CAE,SC,ASO,ES,Combined TRACON& Tower with Radar,19,93,36,2,150,0,0,25,1,26,19,93,61,3,176,18,0,18,194
03/28/2014,CAE,SC,ASO,ES,Combined TRACON& Tower with Radar,13,80,37,2,132,0,0,6,0,6,13,80,43,2,138,0,0,0,138
03/29/2014,CAE,SC,ASO,ES,Combined TRACON& Tower with Radar,4,48,24,2,78,0,0,2,0,2,4,48,26,2,80,0,0,0,80
03/30/2014,CAE,SC,ASO,ES,Combined TRACON& Tower with Radar,4,66,17,0,87,0,0,14,0,14,4,66,31,0,101,4,0,4,105
03/31/2014,CAE,SC,ASO,ES,Combined TRACON& Tower with Radar,11,75,26,5,117,0,0,19,1,20,11,75,45,6,137,0,0,0,137
04/01/2014,CAE,SC,ASO,ES,Combined TRACON& Tower with Radar,23,90,41,3,157,0,0,29,4,33,23,90,70,7,190,0,0,0,190
04/02/2014,CAE,SC,ASO,ES,Combined TRACON& Tower with Radar,23,86,41,14,164,0,0,32,5,37,23,86,73,19,201,12,0,12,213
04/03/2014,CAE,SC,ASO,ES,Combined TRACON& Tower with Radar,25,77,40,12,154,0,0,15,0,15,25,77,55,12,169,0,20,20,189
04/04/2014,CAE,SC,ASO,ES,Combined TRACON& Tower with Radar,18,80,48,4,150,0,0,28,0,28,18,80,76,4,178,10,0,10,188
04/05/2014,CAE,SC,ASO,ES,Combined TRACON& Tower with Radar,6,47,33,2,88,0,0,18,0,18,6,47,51,2,106,6,0,6,112
04/06/2014,CAE,SC,ASO,ES,Combined TRACON& Tower with Radar,4,63,29,0,96,0,0,6,0,6,4,63,35,0,102,44,0,44,146
04/07/2014,CAE,SC,ASO,ES,Combined TRACON& Tower with Radar,15,76,20,6,117,0,0,0,0,0,15,76,20,6,117,0,0,0,117
04/08/2014,CAE,SC,ASO,ES,Combined TRACON& Tower with Radar,24,82,58,28,192,0,0,22,2,24,24,82,80,30,216,0,0,0,216
04/09/2014,CAE,SC,ASO,ES,Combined TRACON& Tower with Radar,23,94,42,12,171,0,2,17,6,25,23,96,59,18,196,8,0,8,204
04/10/2014,CAE,SC,ASO,ES,Combined TRACON& Tower with Radar,26,92,52,11,181,0,2,18,7,27,26,94,70,18,208,10,6,16,224
04/11/2014,CAE,SC,ASO,ES,Combined TRACON& Tower with Radar,21,129,88,2,240,0,1,24,0,25,21,130,112,2,265,0,0,0,265
04/12/2014,CAE,SC,ASO,ES,Combined TRACON& Tower with Radar,6,59,30,0,95,0,0,25,0,25,6,59,55,0,120,20,0,20,140
04/13/2014,CAE,SC,ASO,ES,Combined TRACON& Tower with Radar,8,69,55,0,132,0,0,18,0,18,8,69,73,0,150,0,0,0,150
04/14/2014,CAE,SC,ASO,ES,Combined TRACON& Tower with Radar,21,75,34,2,132,0,0,5,0,5,21,75,39,2,137,0,0,0,137
04/15/2014,CAE,SC,ASO,ES,Combined TRACON& Tower with Radar,24,87,33,21,165,0,0,0,0,0,24,87,33,21,165,0,10,10,175
04/16/2014,CAE,SC,ASO,ES,Combined TRACON& Tower with Radar,25,81,41,6,153,0,0,19,5,24,25,81,60,11,177,0,0,0,177
04/17/2014,CAE,SC,ASO,ES,Combined TRACON& Tower with Radar,21,85,34,7,147,0,0,25,2,27,21,85,59,9,174,48,4,52,226
04/18/2014,CAE,SC,ASO,ES,Combined TRACON& Tower with Radar,17,79,20,2,118,0,0,5,0,5,17,79,25,2,123,2,0,2,125
04/19/2014,CAE,SC,ASO,ES,Combined TRACON& Tower with Radar,6,42,13,0,61,0,0,0,0,0,6,42,13,0,61,0,0,0,61
04/20/2014,CAE,SC,ASO,ES,Combined TRACON& Tower with Radar,3,55,25,0,83,0,0,4,0,4,3,55,29,0,87,0,0,0,87
04/21/2014,CAE,SC,ASO,ES,Combined TRACON& Tower with Radar,12,74,38,0,124,0,0,19,2,21,12,74,57,2,145,6,0,6,151
04/22/2014,CAE,SC,ASO,ES,Combined TRACON& Tower with Radar,25,82,41,3,151,0,0,12,4,16,25,82,53,7,167,0,0,0,167
04/23/2014,CAE,SC,ASO,ES,Combined TRACON& Tower with Radar,24,81,54,10,169,0,0,25,3,28,24,81,79,13,197,0,0,0,197
04/24/2014,CAE,SC,ASO,ES,Combined TRACON& Tower with Radar,22,79,49,2,152,0,1,30,0,31,22,80,79,2,183,20,0,20,203
04/25/2014,CAE,SC,ASO,ES,Combined TRACON& Tower with Radar,18,74,37,2,131,0,0,9,0,9,18,74,46,2,140,0,0,0,140
04/26/2014,CAE,SC,ASO,ES,Combined TRACON& Tower with Radar,8,47,21,0,76,0,1,22,3,26,8,48,43,3,102,32,0,32,134
04/27/2014,CAE,SC,ASO,ES,Combined TRACON& Tower with Radar,8,50,25,0,83,0,0,30,0,30,8,50,55,0,113,48,0,48,161
04/28/2014,CAE,SC,ASO,ES,Combined TRACON& Tower with Radar,17,75,34,9,135,0,1,7,0,8,17,76,41,9,143,0,0,0,143
04/29/2014,CAE,SC,ASO,ES,Combined TRACON& Tower with Radar,24,80,17,2,123,0,0,8,0,8,24,80,25,2,131,0,0,0,131
04/30/2014,CAE,SC,ASO,ES,Combined TRACON& Tower with Radar,24,75,27,2,128,0,0,0,0,0,24,75,27,2,128,0,0,0,128
05/01/2014,CAE,SC,ASO,ES,Combined TRACON& Tower with Radar,22,78,49,6,155,0,0,13,2,15,22,78,62,8,170,0,0,0,170
05/02/2014,CAE,SC,ASO,ES,Combined TRACON& Tower with Radar,15,74,20,5,114,0,0,11,0,11,15,74,31,5,125,8,0,8,133
05/03/2014,CAE,SC,ASO,ES,Combined TRACON& Tower with Radar,6,46,17,2,71,0,2,7,0,9,6,48,24,2,80,0,0,0,80
05/04/2014,CAE,SC,ASO,ES,Combined TRACON& Tower with Radar,12,57,36,11,116,0,0,25,1,26,12,57,61,12,142,2,4,6,148
05/05/2014,CAE,SC,ASO,ES,Combined TRACON& Tower with Radar,13,80,44,3,140,0,0,13,1,14,13,80,57,4,154,16,0,16,170
05/06/2014,CAE,SC,ASO,ES,Combined TRACON& Tower with Radar,24,84,45,0,153,0,0,19,0,19,24,84,64,0,172,2,0,2,174
05/07/2014,CAE,SC,ASO,ES,Combined TRACON& Tower with Radar,28,79,41,4,152,0,3,18,0,21,28,82,59,4,173,0,0,0,173
05/08/2014,CAE,SC,ASO,ES,Combined TRACON& Tower with Radar,22,91,35,6,154,0,0,12,0,12,22,91,47,6,166,10,24,34,200
05/09/2014,CAE,SC,ASO,ES,Combined TRACON& Tower with Radar,19,88,33,5,145,0,0,9,0,9,19,88,42,5,154,12,0,12,166
05/10/2014,CAE,SC,ASO,ES,Combined TRACON& Tower with Radar,12,53,15,0,80,0,0,9,0,9,12,53,24,0,89,0,0,0,89
05/11/2014,CAE,SC,ASO,ES,Combined TRACON& Tower with Radar,12,54,13,0,79,0,0,5,0,5,12,54,18,0,84,0,0,0,84
05/12/2014,CAE,SC,ASO,ES,Combined TRACON& Tower with Radar,13,69,29,2,113,0,0,10,0,10,13,69,39,2,123,0,0,0,123
05/13/2014,CAE,SC,ASO,ES,Combined TRACON& Tower with Radar,24,75,28,3,130,0,0,15,1,16,24,75,43,4,146,2,0,2,148
05/14/2014,CAE,SC,ASO,ES,Combined TRACON& Tower with Radar,27,80,56,4,167,0,0,10,1,11,27,80,66,5,178,0,0,0,178
05/15/2014,CAE,SC,ASO,ES,Combined TRACON& Tower with Radar,22,82,23,16,143,0,0,0,0,0,22,82,23,16,143,0,18,18,161
05/16/2014,CAE,SC,ASO,ES,Combined TRACON& Tower with Radar,17,87,19,4,127,0,1,5,0,6,17,88,24,4,133,0,4,4,137
05/17/2014,CAE,SC,ASO,ES,Combined TRACON& Tower with Radar,8,44,18,0,70,0,0,16,0,16,8,44,34,0,86,2,0,2,88
05/18/2014,CAE,SC,ASO,ES,Combined TRACON& Tower with Radar,12,65,27,0,104,0,0,4,0,4,12,65,31,0,108,28,0,28,136
05/19/2014,CAE,SC,ASO,ES,Combined TRACON& Tower with Radar,15,71,30,2,118,0,0,14,3,17,15,71,44,5,135,0,0,0,135
05/20/2014,CAE,SC,ASO,ES,Combined TRACON& Tower with Radar,24,88,34,0,146,0,0,20,5,25,24,88,54,5,171,10,0,10,181
05/21/2014,CAE,SC,ASO,ES,Combined TRACON& Tower with Radar,23,86,34,4,147,0,1,19,2,22,23,87,53,6,169,0,0,0,169
05/22/2014,CAE,SC,ASO,ES,Combined TRACON& Tower with Radar,24,77,25,0,126,0,0,26,0,26,24,77,51,0,152,0,0,0,152
05/23/2014,CAE,SC,ASO,ES,Combined TRACON& Tower with Radar,17,77,29,5,128,0,0,16,0,16,17,77,45,5,144,0,0,0,144
05/24/2014,CAE,SC,ASO,ES,Combined TRACON& Tower with Radar,6,46,19,0,71,0,0,30,0,30,6,46,49,0,101,6,0,6,107
05/25/2014,CAE,SC,ASO,ES,Combined TRACON& Tower with Radar,6,42,4,0,52,0,0,10,0,10,6,42,14,0,62,16,0,16,78
05/26/2014,CAE,SC,ASO,ES,Combined TRACON& Tower with Radar,8,59,15,0,82,0,0,20,0,20,8,59,35,0,102,0,0,0,102
05/27/2014,CAE,SC,ASO,ES,Combined TRACON& Tower with Radar,15,84,32,6,137,0,0,9,1,10,15,84,41,7,147,8,0,8,155
05/28/2014,CAE,SC,ASO,ES,Combined TRACON& Tower with Radar,25,81,39,7,152,0,0,24,1,25,25,81,63,8,177,2,0,2,179
05/29/2014,CAE,SC,ASO,ES,Combined TRACON& Tower with Radar,30,80,38,2,150,0,1,16,0,17,30,81,54,2,167,0,0,0,167
05/30/2014,CAE,SC,ASO,ES,Combined TRACON& Tower with Radar,18,83,42,3,146,0,0,3,0,3,18,83,45,3,149,0,0,0,149
05/31/2014,CAE,SC,ASO,ES,Combined TRACON& Tower with Radar,6,48,18,0,72,0,0,5,0,5,6,48,23,0,77,6,0,6,83
06/01/2014,CAE,SC,ASO,ES,Combined TRACON& Tower with Radar,8,51,15,0,74,0,0,18,0,18,8,51,33,0,92,12,0,12,104
06/02/2014,CAE,SC,ASO,ES,Combined TRACON& Tower with Radar,13,72,22,8,115,0,2,28,0,30,13,74,50,8,145,0,0,0,145
06/03/2014,CAE,SC,ASO,ES,Combined TRACON& Tower with Radar,26,85,27,15,153,0,2,19,2,23,26,87,46,17,176,4,20,24,200
06/04/2014,CAE,SC,ASO,ES,Combined TRACON& Tower with Radar,24,83,40,6,153,0,0,21,0,21,24,83,61,6,174,0,0,0,174
06/05/2014,CAE,SC,ASO,ES,Combined TRACON& Tower with Radar,24,86,40,2,152,0,5,9,2,16,24,91,49,4,168,14,0,14,182
06/06/2014,CAE,SC,ASO,ES,Combined TRACON& Tower with Radar,15,79,30,0,124,0,1,10,0,11,15,80,40,0,135,0,0,0,135
06/07/2014,CAE,SC,ASO,ES,Combined TRACON& Tower with Radar,6,45,8,0,59,0,0,5,0,5,6,45,13,0,64,12,0,12,76
06/08/2014,CAE,SC,ASO,ES,Combined TRACON& Tower with Radar,8,54,11,0,73,0,0,7,0,7,8,54,18,0,80,8,0,8,88
06/09/2014,CAE,SC,ASO,ES,Combined TRACON& Tower with Radar,12,78,34,0,124,0,4,9,2,15,12,82,43,2,139,8,0,8,147
06/10/2014,CAE,SC,ASO,ES,Combined TRACON& Tower with Radar,27,85,33,3,148,0,0,15,0,15,27,85,48,3,163,10,0,10,173
06/11/2014,CAE,SC,ASO,ES,Combined TRACON& Tower with Radar,22,83,26,2,133,0,0,6,0,6,22,83,32,2,139,0,0,0,139
06/12/2014,CAE,SC,ASO,ES,Combined TRACON& Tower with Radar,22,80,37,0,139,0,3,13,0,16,22,83,50,0,155,18,0,18,173
06/13/2014,CAE,SC,ASO,ES,Combined TRACON& Tower with Radar,16,76,26,12,130,0,0,22,0,22,16,76,48,12,152,4,16,20,172
06/14/2014,CAE,SC,ASO,ES,Combined TRACON& Tower with Radar,6,50,21,0,77,0,0,20,0,20,6,50,41,0,97,8,0,8,105
06/15/2014,CAE,SC,ASO,ES,Combined TRACON& Tower with Radar,8,50,16,2,76,0,0,5,0,5,8,50,21,2,81,6,0,6,87
06/16/2014,CAE,SC,ASO,ES,Combined TRACON& Tower with Radar,11,74,20,2,107,0,0,10,2,12,11,74,30,4,119,0,0,0,119
06/17/2014,CAE,SC,ASO,ES,Combined TRACON& Tower with Radar,23,78,28,5,134,0,0,10,2,12,23,78,38,7,146,0,0,0,146
06/18/2014,CAE,SC,ASO,ES,Combined TRACON& Tower with Radar,25,89,39,8,161,0,0,23,0,23,25,89,62,8,184,0,6,6,190
06/19/2014,CAE,SC,ASO,ES,Combined TRACON& Tower with Radar,21,82,42,8,153,0,0,41,3,44,21,82,83,11,197,4,0,4,201
06/20/2014,CAE,SC,ASO,ES,Combined TRACON& Tower with Radar,17,89,11,0,117,0,0,28,2,30,17,89,39,2,147,0,0,0,147
06/21/2014,CAE,SC,ASO,ES,Combined TRACON& Tower with Radar,10,48,9,0,67,0,0,23,0,23,10,48,32,0,90,8,0,8,98
06/22/2014,CAE,SC,ASO,ES,Combined TRACON& Tower with Radar,10,57,18,1,86,0,0,10,1,11,10,57,28,2,97,2,0,2,99
06/23/2014,CAE,SC,ASO,ES,Combined TRACON& Tower with Radar,19,78,29,3,129,0,0,8,0,8,19,78,37,3,137,18,0,18,155
06/24/2014,CAE,SC,ASO,ES,Combined TRACON& Tower with Radar,19,84,43,6,152,0,0,4,0,4,19,84,47,6,156,0,0,0,156
06/25/2014,CAE,SC,ASO,ES,Combined TRACON& Tower with Radar,24,80,25,2,131,0,0,11,0,11,24,80,36,2,142,12,0,12,154
06/26/2014,CAE,SC,ASO,ES,Combined TRACON& Tower with Radar,20,85,44,0,149,0,0,20,0,20,20,85,64,0,169,0,0,0,169
06/27/2014,CAE,SC,ASO,ES,Combined TRACON& Tower with Radar,14,79,28,4,125,0,0,16,4,20,14,79,44,8,145,2,0,2,147
06/28/2014,CAE,SC,ASO,ES,Combined TRACON& Tower with Radar,6,51,15,0,72,0,0,12,0,12,6,51,27,0,84,0,0,0,84
06/29/2014,CAE,SC,ASO,ES,Combined TRACON& Tower with Radar,4,63,17,0,84,0,0,17,0,17,4,63,34,0,101,38,0,38,139
06/30/2014,CAE,SC,ASO,ES,Combined TRACON& Tower with Radar,10,80,15,7,112,0,2,5,0,7,10,82,20,7,119,10,0,10,129
07/01/2014,CAE,SC,ASO,ES,Combined TRACON& Tower with Radar,24,76,37,3,140,0,0,10,2,12,24,76,47,5,152,0,0,0,152
07/02/2014,CAE,SC,ASO,ES,Combined TRACON& Tower with Radar,26,81,28,4,139,0,0,14,0,14,26,81,42,4,153,0,0,0,153
07/03/2014,CAE,SC,ASO,ES,Combined TRACON& Tower with Radar,16,77,20,2,115,0,0,10,0,10,16,77,30,2,125,11,0,11,136
07/04/2014,CAE,SC,ASO,ES,Combined TRACON& Tower with Radar,6,39,2,0,47,0,0,7,0,7,6,39,9,0,54,0,0,0,54
07/05/2014,CAE,SC,ASO,ES,Combined TRACON& Tower with Radar,7,38,7,0,52,0,1,18,0,19,7,39,25,0,71,12,0,12,83
07/06/2014,CAE,SC,ASO,ES,Combined TRACON& Tower with Radar,10,60,11,1,82,0,0,12,0,12,10,60,23,1,94,0,0,0,94
07/07/2014,CAE,SC,ASO,ES,Combined TRACON& Tower with Radar,11,81,18,4,114,0,0,12,0,12,11,81,30,4,126,6,0,6,132
07/08/2014,CAE,SC,ASO,ES,Combined TRACON& Tower with Radar,22,81,37,7,147,0,0,9,3,12,22,81,46,10,159,0,0,0,159
07/09/2014,CAE,SC,ASO,ES,Combined TRACON& Tower with Radar,22,86,25,0,133,0,0,12,0,12,22,86,37,0,145,8,0,8,153
07/10/2014,CAE,SC,ASO,ES,Combined TRACON& Tower with Radar,21,85,40,3,149,0,4,10,0,14,21,89,50,3,163,0,0,0,163
07/11/2014,CAE,SC,ASO,ES,Combined TRACON& Tower with Radar,19,84,29,1,133,0,3,7,0,10,19,87,36,1,143,0,0,0,143
07/12/2014,CAE,SC,ASO,ES,Combined TRACON& Tower with Radar,8,45,16,9,78,0,0,12,1,13,8,45,28,10,91,24,56,80,171
07/13/2014,CAE,SC,ASO,ES,Combined TRACON& Tower with Radar,7,55,21,1,84,0,0,17,0,17,7,55,38,1,101,0,0,0,101
07/14/2014,CAE,SC,ASO,ES,Combined TRACON& Tower with Radar,14,68,26,3,111,0,0,17,1,18,14,68,43,4,129,6,0,6,135
07/15/2014,CAE,SC,ASO,ES,Combined TRACON& Tower with Radar,25,83,18,5,131,0,0,3,0,3,25,83,21,5,134,0,0,0,134
07/16/2014,CAE,SC,ASO,ES,Combined TRACON& Tower with Radar,22,81,40,4,147,0,0,12,0,12,22,81,52,4,159,14,0,14,173
07/17/2014,CAE,SC,ASO,ES,Combined TRACON& Tower with Radar,20,81,52,2,155,0,0,20,0,20,20,81,72,2,175,14,0,14,189
07/18/2014,CAE,SC,ASO,ES,Combined TRACON& Tower with Radar,15,83,45,6,149,0,1,20,2,23,15,84,65,8,172,28,10,38,210
07/19/2014,CAE,SC,ASO,ES,Combined TRACON& Tower with Radar,8,48,12,0,68,0,0,9,0,9,8,48,21,0,77,12,0,12,89
07/20/2014,CAE,SC,ASO,ES,Combined TRACON& Tower with Radar,10,56,19,2,87,0,0,3,0,3,10,56,22,2,90,8,0,8,98
07/21/2014,CAE,SC,ASO,ES,Combined TRACON& Tower with Radar,14,76,31,5,126,0,0,0,0,0,14,76,31,5,126,0,0,0,126
07/22/2014,CAE,SC,ASO,ES,Combined TRACON& Tower with Radar,22,85,37,8,152,0,2,11,0,13,22,87,48,8,165,12,0,12,177
07/23/2014,CAE,SC,ASO,ES,Combined TRACON& Tower with Radar,20,87,34,4,145,0,0,22,3,25,20,87,56,7,170,6,0,6,176
07/24/2014,CAE,SC,ASO,ES,Combined TRACON& Tower with Radar,27,76,46,2,151,0,0,25,0,25,27,76,71,2,176,2,0,2,178
07/25/2014,CAE,SC,ASO,ES,Combined TRACON& Tower with Radar,15,88,37,2,142,0,0,6,0,6,15,88,43,2,148,0,0,0,148
07/26/2014,CAE,SC,ASO,ES,Combined TRACON& Tower with Radar,8,45,7,0,60,0,0,15,0,15,8,45,22,0,75,0,0,0,75
07/27/2014,CAE,SC,ASO,ES,Combined TRACON& Tower with Radar,10,56,23,0,89,0,0,11,0,11,10,56,34,0,100,12,0,12,112
07/28/2014,CAE,SC,ASO,ES,Combined TRACON& Tower with Radar,9,67,26,1,103,0,0,13,0,13,9,67,39,1,116,0,0,0,116
07/29/2014,CAE,SC,ASO,ES,Combined TRACON& Tower with Radar,22,83,40,4,149,0,3,9,0,12,22,86,49,4,161,0,0,0,161
07/30/2014,CAE,SC,ASO,ES,Combined TRACON& Tower with Radar,22,83,42,3,150,0,0,13,0,13,22,83,55,3,163,6,0,6,169
07/31/2014,CAE,SC,ASO,ES,Combined TRACON& Tower with Radar,26,83,30,13,152,0,0,4,0,4,26,83,34,13,156,0,20,20,176
08/01/2014,CAE,SC,ASO,ES,Combined TRACON& Tower with Radar,16,88,21,2,127,0,0,4,0,4,16,88,25,2,131,0,0,0,131
08/02/2014,CAE,SC,ASO,ES,Combined TRACON& Tower with Radar,6,40,8,2,56,0,0,0,0,0,6,40,8,2,56,0,0,0,56
08/03/2014,CAE,SC,ASO,ES,Combined TRACON& Tower with Radar,8,50,15,12,85,0,0,9,0,9,8,50,24,12,94,0,0,0,94
08/04/2014,CAE,SC,ASO,ES,Combined TRACON& Tower with Radar,12,79,18,0,109,0,0,7,0,7,12,79,25,0,116,0,0,0,116
08/05/2014,CAE,SC,ASO,ES,Combined TRACON& Tower with Radar,22,80,25,2,129,0,0,13,0,13,22,80,38,2,142,8,0,8,150
08/06/2014,CAE,SC,ASO,ES,Combined TRACON& Tower with Radar,25,90,28,3,146,0,0,17,0,17,25,90,45,3,163,4,0,4,167
08/07/2014,CAE,SC,ASO,ES,Combined TRACON& Tower with Radar,21,86,26,2,135,0,0,11,0,11,21,86,37,2,146,0,0,0,146
08/08/2014,CAE,SC,ASO,ES,Combined TRACON& Tower with Radar,29,84,26,12,151,0,0,12,0,12,29,84,38,12,163,28,10,38,201
08/09/2014,CAE,SC,ASO,ES,Combined TRACON& Tower with Radar,14,44,11,1,70,0,0,4,0,4,14,44,15,1,74,0,0,0,74
08/10/2014,CAE,SC,ASO,ES,Combined TRACON& Tower with Radar,8,56,19,0,83,0,0,0,0,0,8,56,19,0,83,0,0,0,83
08/11/2014,CAE,SC,ASO,ES,Combined TRACON& Tower with Radar,11,76,41,2,130,0,0,14,0,14,11,76,55,2,144,22,0,22,166
08/12/2014,CAE,SC,ASO,ES,Combined TRACON& Tower with Radar,22,79,37,3,141,0,1,3,0,4,22,80,40,3,145,0,0,0,145
08/13/2014,CAE,SC,ASO,ES,Combined TRACON& Tower with Radar,23,87,35,2,147,0,0,15,1,16,23,87,50,3,163,4,0,4,167
08/14/2014,CAE,SC,ASO,ES,Combined TRACON& Tower with Radar,22,90,30,9,151,0,0,14,2,16,22,90,44,11,167,12,0,12,179
08/15/2014,CAE,SC,ASO,ES,Combined TRACON& Tower with Radar,15,81,29,8,133,0,0,15,0,15,15,81,44,8,148,0,8,8,156
08/16/2014,CAE,SC,ASO,ES,Combined TRACON& Tower with Radar,8,40,17,0,65,0,0,10,0,10,8,40,27,0,75,0,0,0,75
08/17/2014,CAE,SC,ASO,ES,Combined TRACON& Tower with Radar,6,51,19,1,77,0,0,19,0,19,6,51,38,1,96,0,0,0,96
08/18/2014,CAE,SC,ASO,ES,Combined TRACON& Tower with Radar,13,76,36,1,126,0,2,8,0,10,13,78,44,1,136,2,0,2,138
08/19/2014,CAE,SC,ASO,ES,Combined TRACON& Tower with Radar,21,83,25,14,143,0,2,11,2,15,21,85,36,16,158,0,12,12,170
08/20/2014,CAE,SC,ASO,ES,Combined TRACON& Tower with Radar,31,82,30,6,149,0,0,22,3,25,31,82,52,9,174,0,0,0,174
08/21/2014,CAE,SC,ASO,ES,Combined TRACON& Tower with Radar,20,86,24,11,141,0,0,13,2,15,20,86,37,13,156,0,0,0,156
08/22/2014,CAE,SC,ASO,ES,Combined TRACON& Tower with Radar,15,88,37,4,144,0,0,12,0,12,15,88,49,4,156,0,0,0,156
08/23/2014,CAE,SC,ASO,ES,Combined TRACON& Tower with Radar,8,35,9,0,52,0,0,8,0,8,8,35,17,0,60,8,18,26,86
08/24/2014,CAE,SC,ASO,ES,Combined TRACON& Tower with Radar,6,53,17,0,76,0,0,10,0,10,6,53,27,0,86,0,0,0,86
08/25/2014,CAE,SC,ASO,ES,Combined TRACON& Tower with Radar,11,76,26,2,115,0,0,21,0,21,11,76,47,2,136,0,0,0,136
08/26/2014,CAE,SC,ASO,ES,Combined TRACON& Tower with Radar,22,81,44,7,154,0,0,21,1,22,22,81,65,8,176,6,0,6,182
08/27/2014,CAE,SC,ASO,ES,Combined TRACON& Tower with Radar,25,94,46,0,165,0,3,32,1,36,25,97,78,1,201,0,0,0,201
08/28/2014,CAE,SC,ASO,ES,Combined TRACON& Tower with Radar,21,92,65,0,178,0,0,22,0,22,21,92,87,0,200,0,0,0,200
08/29/2014,CAE,SC,ASO,ES,Combined TRACON& Tower with Radar,16,84,41,0,141,0,1,32,0,33,16,85,73,0,174,9,0,9,183
08/30/2014,CAE,SC,ASO,ES,Combined TRACON& Tower with Radar,6,39,13,0,58,0,0,14,0,14,6,39,27,0,72,0,0,0,72
08/31/2014,CAE,SC,ASO,ES,Combined TRACON& Tower with Radar,5,36,13,0,54,0,0,30,0,30,5,36,43,0,84,0,0,0,84
09/01/2014,CAE,SC,ASO,ES,Combined TRACON& Tower with Radar,7,52,6,0,65,0,0,6,0,6,7,52,12,0,71,0,0,0,71
09/02/2014,CAE,SC,ASO,ES,Combined TRACON& Tower with Radar,15,81,22,4,122,0,0,13,0,13,15,81,35,4,135,2,0,2,137
09/03/2014,CAE,SC,ASO,ES,Combined TRACON& Tower with Radar,27,81,26,9,143,0,0,19,0,19,27,81,45,9,162,0,0,0,162
09/04/2014,CAE,SC,ASO,ES,Combined TRACON& Tower with Radar,28,82,43,9,162,0,0,13,2,15,28,82,56,11,177,2,0,2,179
09/05/2014,CAE,SC,ASO,ES,Combined TRACON& Tower with Radar,15,75,23,6,119,0,2,14,0,16,15,77,37,6,135,4,0,4,139
09/06/2014,CAE,SC,ASO,ES,Combined TRACON& Tower with Radar,6,40,17,0,63,0,0,0,0,0,6,40,17,0,63,0,0,0,63
09/07/2014,CAE,SC,ASO,ES,Combined TRACON& Tower with Radar,14,52,17,1,84,0,0,4,1,5,14,52,21,2,89,0,0,0,89
09/08/2014,CAE,SC,ASO,ES,Combined TRACON& Tower with Radar,13,73,23,8,117,0,0,4,0,4,13,73,27,8,121,0,0,0,121
09/09/2014,CAE,SC,ASO,ES,Combined TRACON& Tower with Radar,24,86,40,6,156,0,3,6,0,9,24,89,46,6,165,0,0,0,165
09/10/2014,CAE,SC,ASO,ES,Combined TRACON& Tower with Radar,24,80,49,5,158,0,0,13,0,13,24,80,62,5,171,0,0,0,171
09/11/2014,CAE,SC,ASO,ES,Combined TRACON& Tower with Radar,24,79,37,2,142,0,0,9,0,9,24,79,46,2,151,0,0,0,151
09/12/2014,CAE,SC,ASO,ES,Combined TRACON& Tower with Radar,17,87,24,2,130,0,0,12,0,12,17,87,36,2,142,4,0,4,146
09/13/2014,CAE,SC,ASO,ES,Combined TRACON& Tower with Radar,4,50,23,3,80,0,0,6,0,6,4,50,29,3,86,0,0,0,86
09/14/2014,CAE,SC,ASO,ES,Combined TRACON& Tower with Radar,10,54,18,1,83,0,0,3,0,3,10,54,21,1,86,0,0,0,86
09/15/2014,CAE,SC,ASO,ES,Combined TRACON& Tower with Radar,13,74,36,2,125,0,0,0,0,0,13,74,36,2,125,0,0,0,125
09/16/2014,CAE,SC,ASO,ES,Combined TRACON& Tower with Radar,23,84,45,3,155,0,0,11,1,12,23,84,56,4,167,0,12,12,179
09/17/2014,CAE,SC,ASO,ES,Combined TRACON& Tower with Radar,24,83,26,11,144,0,0,14,3,17,24,83,40,14,161,0,0,0,161
09/18/2014,CAE,SC,ASO,ES,Combined TRACON& Tower with Radar,23,91,49,6,169,0,0,9,2,11,23,91,58,8,180,0,12,12,192
09/19/2014,CAE,SC,ASO,ES,Combined TRACON& Tower with Radar,20,87,28,14,149,0,0,5,0,5,20,87,33,14,154,14,6,20,174
09/20/2014,CAE,SC,ASO,ES,Combined TRACON& Tower with Radar,6,42,27,0,75,0,2,25,0,27,6,44,52,0,102,20,0,20,122
09/21/2014,CAE,SC,ASO,ES,Combined TRACON& Tower with Radar,14,58,22,22,116,0,0,15,3,18,14,58,37,25,134,6,0,6,140
09/22/2014,CAE,SC,ASO,ES,Combined TRACON& Tower with Radar,16,80,18,10,124,0,1,4,0,5,16,81,22,10,129,0,0,0,129
09/23/2014,CAE,SC,ASO,ES,Combined TRACON& Tower with Radar,25,84,24,18,151,0,0,12,0,12,25,84,36,18,163,0,0,0,163
09/24/2014,CAE,SC,ASO,ES,Combined TRACON& Tower with Radar,23,78,58,2,161,0,0,3,0,3,23,78,61,2,164,0,0,0,164
09/25/2014,CAE,SC,ASO,ES,Combined TRACON& Tower with Radar,23,90,53,9,175,0,0,3,0,3,23,90,56,9,178,0,0,0,178
09/26/2014,CAE,SC,ASO,ES,Combined TRACON& Tower with Radar,16,78,50,2,146,0,0,5,0,5,16,78,55,2,151,0,0,0,151
09/27/2014,CAE,SC,ASO,ES,Combined TRACON& Tower with Radar,4,48,26,0,78,0,0,18,1,19,4,48,44,1,97,6,0,6,103
09/28/2014,CAE,SC,ASO,ES,Combined TRACON& Tower with Radar,11,55,46,0,112,0,0,9,0,9,11,55,55,0,121,23,0,23,144
09/29/2014,CAE,SC,ASO,ES,Combined TRACON& Tower with Radar,13,76,25,0,114,0,0,0,0,0,13,76,25,0,114,0,0,0,114
09/30/2014,CAE,SC,ASO,ES,Combined TRACON& Tower with Radar,26,90,30,4,150,0,3,10,2,15,26,93,40,6,165,10,0,10,175
10/01/2014,CAE,SC,ASO,ES,Combined TRACON& Tower with Radar,24,86,37,0,147,0,0,11,0,11,24,86,48,0,158,0,0,0,158
10/02/2014,CAE,SC,ASO,ES,Combined TRACON& Tower with Radar,21,82,26,2,131,0,0,23,0,23,21,82,49,2,154,10,0,10,164
10/03/2014,CAE,SC,ASO,ES,Combined TRACON& Tower with Radar,19,77,32,4,132,0,0,1,0,1,19,77,33,4,133,0,0,0,133
10/04/2014,CAE,SC,ASO,ES,Combined TRACON& Tower with Radar,5,37,12,2,56,0,0,7,0,7,5,37,19,2,63,0,0,0,63
10/05/2014,CAE,SC,ASO,ES,Combined TRACON& Tower with Radar,11,53,12,0,76,0,0,15,0,15,11,53,27,0,91,0,0,0,91
10/06/2014,CAE,SC,ASO,ES,Combined TRACON& Tower with Radar,13,69,32,1,115,0,0,12,1,13,13,69,44,2,128,0,0,0,128
10/07/2014,CAE,SC,ASO,ES,Combined TRACON& Tower with Radar,24,85,25,0,134,0,0,15,0,15,24,85,40,0,149,0,0,0,149
10/08/2014,CAE,SC,ASO,ES,Combined TRACON& Tower with Radar,24,79,35,2,140,0,0,27,1,28,24,79,62,3,168,0,0,0,168
10/09/2014,CAE,SC,ASO,ES,Combined TRACON& Tower with Radar,25,87,36,17,165,0,2,23,2,27,25,89,59,19,192,0,28,28,220
10/10/2014,CAE,SC,ASO,ES,Combined TRACON& Tower with Radar,18,76,23,6,123,0,0,14,0,14,18,76,37,6,137,14,12,26,163
10/11/2014,CAE,SC,ASO,ES,Combined TRACON& Tower with Radar,13,42,14,0,69,0,0,12,0,12,13,42,26,0,81,2,0,2,83
10/12/2014,CAE,SC,ASO,ES,Combined TRACON& Tower with Radar,9,52,21,0,82,0,0,0,0,0,9,52,21,0,82,0,0,0,82
10/13/2014,CAE,SC,ASO,ES,Combined TRACON& Tower with Radar,13,67,29,4,113,0,0,4,0,4,13,67,33,4,117,0,0,0,117
10/14/2014,CAE,SC,ASO,ES,Combined TRACON& Tower with Radar,24,76,18,6,124,0,0,6,0,6,24,76,24,6,130,0,0,0,130
10/15/2014,CAE,SC,ASO,ES,Combined TRACON& Tower with Radar,25,84,39,5,153,0,0,6,3,9,25,84,45,8,162,0,0,0,162
10/16/2014,CAE,SC,ASO,ES,Combined TRACON& Tower with Radar,23,78,39,3,143,0,0,27,0,27,23,78,66,3,170,12,0,12,182
10/17/2014,CAE,SC,ASO,ES,Combined TRACON& Tower with Radar,17,78,31,2,128,0,0,21,2,23,17,78,52,4,151,30,0,30,181
10/18/2014,CAE,SC,ASO,ES,Combined TRACON& Tower with Radar,7,45,15,0,67,0,0,12,0,12,7,45,27,0,79,0,0,0,79
10/19/2014,CAE,SC,ASO,ES,Combined TRACON& Tower with Radar,7,57,38,0,102,0,0,19,0,19,7,57,57,0,121,4,0,4,125
10/20/2014,CAE,SC,ASO,ES,Combined TRACON& Tower with Radar,12,68,32,6,118,0,0,21,0,21,12,68,53,6,139,8,0,8,147
10/21/2014,CAE,SC,ASO,ES,Combined TRACON& Tower with Radar,24,79,26,5,134,0,0,19,0,19,24,79,45,5,153,0,0,0,153
10/22/2014,CAE,SC,ASO,ES,Combined TRACON& Tower with Radar,24,76,37,1,138,0,1,34,0,35,24,77,71,1,173,24,0,24,197
10/23/2014,CAE,SC,ASO,ES,Combined TRACON& Tower with Radar,22,86,41,2,151,0,0,19,0,19,22,86,60,2,170,6,0,6,176
10/24/2014,CAE,SC,ASO,ES,Combined TRACON& Tower with Radar,19,84,23,13,139,0,0,20,0,20,19,84,43,13,159,6,0,6,165
10/25/2014,CAE,SC,ASO,ES,Combined TRACON& Tower with Radar,5,45,9,1,60,0,0,12,3,15,5,45,21,4,75,4,0,4,79
10/26/2014,CAE,SC,ASO,ES,Combined TRACON& Tower with Radar,9,52,29,11,101,0,0,17,2,19,9,52,46,13,120,2,0,2,122
10/27/2014,CAE,SC,ASO,ES,Combined TRACON& Tower with Radar,15,80,38,7,140,0,0,17,1,18,15,80,55,8,158,0,6,6,164
10/28/2014,CAE,SC,ASO,ES,Combined TRACON& Tower with Radar,26,84,25,6,141,0,0,10,7,17,26,84,35,13,158,24,0,24,182
10/29/2014,CAE,SC,ASO,ES,Combined TRACON& Tower with Radar,24,82,26,8,140,0,2,14,1,17,24,84,40,9,157,0,20,20,177
10/30/2014,CAE,SC,ASO,ES,Combined TRACON& Tower with Radar,22,75,30,10,137,0,0,15,0,15,22,75,45,10,152,0,24,24,176
10/31/2014,CAE,SC,ASO,ES,Combined TRACON& Tower with Radar,25,77,24,12,138,0,0,24,1,25,25,77,48,13,163,30,0,30,193
11/01/2014,CAE,SC,ASO,ES,Combined TRACON& Tower with Radar,6,43,5,1,55,0,0,3,0,3,6,43,8,1,58,0,0,0,58
11/02/2014,CAE,SC,ASO,ES,Combined TRACON& Tower with Radar,8,53,23,2,86,0,0,22,3,25,8,53,45,5,111,32,0,32,143
11/03/2014,CAE,SC,ASO,ES,Combined TRACON& Tower with Radar,12,79,38,8,137,0,0,16,0,16,12,79,54,8,153,0,0,0,153
11/04/2014,CAE,SC,ASO,ES,Combined TRACON& Tower with Radar,23,78,25,10,136,0,0,22,3,25,23,78,47,13,161,14,16,30,191
11/05/2014,CAE,SC,ASO,ES,Combined TRACON& Tower with Radar,23,88,25,10,146,0,0,19,0,19,23,88,44,10,165,0,0,0,165
11/06/2014,CAE,SC,ASO,ES,Combined TRACON& Tower with Radar,26,83,14,12,135,0,3,9,1,13,26,86,23,13,148,14,28,42,190
11/07/2014,CAE,SC,ASO,ES,Combined TRACON& Tower with Radar,19,85,32,7,143,0,0,18,1,19,19,85,50,8,162,5,2,7,169
11/08/2014,CAE,SC,ASO,ES,Combined TRACON& Tower with Radar,7,35,23,0,65,0,2,20,1,23,7,37,43,1,88,9,0,9,97
11/09/2014,CAE,SC,ASO,ES,Combined TRACON& Tower with Radar,11,48,33,0,92,0,0,19,0,19,11,48,52,0,111,10,0,10,121
11/10/2014,CAE,SC,ASO,ES,Combined TRACON& Tower with Radar,11,72,24,1,108,0,0,14,0,14,11,72,38,1,122,0,0,0,122
11/11/2014,CAE,SC,ASO,ES,Combined TRACON& Tower with Radar,22,77,34,0,133,0,0,15,0,15,22,77,49,0,148,0,0,0,148
11/12/2014,CAE,SC,ASO,ES,Combined TRACON& Tower with Radar,22,84,32,11,149,0,1,13,0,14,22,85,45,11,163,0,26,26,189
11/13/2014,CAE,SC,ASO,ES,Combined TRACON& Tower with Radar,21,79,31,11,142,0,0,17,1,18,21,79,48,12,160,0,36,36,196
11/14/2014,CAE,SC,ASO,ES,Combined TRACON& Tower with Radar,17,87,30,8,142,0,0,17,0,17,17,87,47,8,159,18,0,18,177
11/15/2014,CAE,SC,ASO,ES,Combined TRACON& Tower with Radar,9,39,21,8,77,0,0,16,0,16,9,39,37,8,93,4,14,18,111
11/16/2014,CAE,SC,ASO,ES,Combined TRACON& Tower with Radar,7,49,19,0,75,0,0,3,0,3,7,49,22,0,78,0,0,0,78
11/17/2014,CAE,SC,ASO,ES,Combined TRACON& Tower with Radar,13,69,30,2,114,0,0,0,0,0,13,69,30,2,114,0,0,0,114
11/18/2014,CAE,SC,ASO,ES,Combined TRACON& Tower with Radar,25,82,36,4,147,0,1,20,5,26,25,83,56,9,173,14,0,14,187
11/19/2014,CAE,SC,ASO,ES,Combined TRACON& Tower with Radar,23,81,54,2,160,0,2,11,0,13,23,83,65,2,173,0,0,0,173
11/20/2014,CAE,SC,ASO,ES,Combined TRACON& Tower with Radar,23,79,38,4,144,0,2,12,3,17,23,81,50,7,161,0,2,2,163
11/21/2014,CAE,SC,ASO,ES,Combined TRACON& Tower with Radar,17,79,36,6,138,0,3,20,0,23,17,82,56,6,161,2,2,4,165
11/22/2014,CAE,SC,ASO,ES,Combined TRACON& Tower with Radar,6,38,26,1,71,0,1,22,0,23,6,39,48,1,94,48,0,48,142
11/23/2014,CAE,SC,ASO,ES,Combined TRACON& Tower with Radar,5,43,4,0,52,0,0,1,0,1,5,43,5,0,53,0,0,0,53
11/24/2014,CAE,SC,ASO,ES,Combined TRACON& Tower with Radar,9,65,25,20,119,0,0,0,2,2,9,65,25,22,121,0,20,20,141
11/25/2014,CAE,SC,ASO,ES,Combined TRACON& Tower with Radar,29,86,39,2,156,0,0,8,0,8,29,86,47,2,164,0,0,0,164
11/26/2014,CAE,SC,ASO,ES,Combined TRACON& Tower with Radar,27,91,17,0,135,0,0,6,0,6,27,91,23,0,141,0,0,0,141
11/27/2014,CAE,SC,ASO,ES,Combined TRACON& Tower with Radar,2,27,2,0,31,0,0,6,0,6,2,27,8,0,37,0,0,0,37
11/28/2014,CAE,SC,ASO,ES,Combined TRACON& Tower with Radar,9,49,7,0,65,0,0,9,0,9,9,49,16,0,74,0,0,0,74
11/29/2014,CAE,SC,ASO,ES,Combined TRACON& Tower with Radar,10,52,16,0,78,0,1,24,0,25,10,53,40,0,103,6,0,6,109
11/30/2014,CAE,SC,ASO,ES,Combined TRACON& Tower with Radar,8,66,32,0,106,0,2,28,0,30,8,68,60,0,136,0,0,0,136
12/01/2014,CAE,SC,ASO,ES,Combined TRACON& Tower with Radar,12,76,16,6,110,0,0,15,0,15,12,76,31,6,125,0,0,0,125
12/02/2014,CAE,SC,ASO,ES,Combined TRACON& Tower with Radar,32,75,30,6,143,0,0,15,1,16,32,75,45,7,159,8,10,18,177
12/03/2014,CAE,SC,ASO,ES,Combined TRACON& Tower with Radar,31,74,38,10,153,0,0,5,0,5,31,74,43,10,158,2,14,16,174
12/04/2014,CAE,SC,ASO,ES,Combined TRACON& Tower with Radar,32,79,45,20,176,0,0,2,0,2,32,79,47,20,178,0,0,0,178
12/05/2014,CAE,SC,ASO,ES,Combined TRACON& Tower with Radar,26,76,21,6,129,0,0,12,0,12,26,76,33,6,141,12,10,22,163
12/06/2014,CAE,SC,ASO,ES,Combined TRACON& Tower with Radar,5,47,15,4,71,0,0,0,0,0,5,47,15,4,71,6,0,6,77
12/07/2014,CAE,SC,ASO,ES,Combined TRACON& Tower with Radar,11,48,19,0,78,0,0,8,4,12,11,48,27,4,90,0,12,12,102
12/08/2014,CAE,SC,ASO,ES,Combined TRACON& Tower with Radar,14,67,27,6,114,0,0,9,0,9,14,67,36,6,123,2,22,24,147
12/09/2014,CAE,SC,ASO,ES,Combined TRACON& Tower with Radar,32,81,36,12,161,0,0,14,0,14,32,81,50,12,175,4,8,12,187
12/10/2014,CAE,SC,ASO,ES,Combined TRACON& Tower with Radar,32,88,35,12,167,0,0,18,2,20,32,88,53,14,187,8,0,8,195
12/11/2014,CAE,SC,ASO,ES,Combined TRACON& Tower with Radar,30,71,39,8,148,0,1,21,0,22,30,72,60,8,170,30,26,56,226
12/12/2014,CAE,SC,ASO,ES,Combined TRACON& Tower with Radar,23,79,41,8,151,0,0,20,1,21,23,79,61,9,172,56,2,58,230
12/13/2014,CAE,SC,ASO,ES,Combined TRACON& Tower with Radar,6,41,19,3,69,0,0,19,1,20,6,41,38,4,89,32,0,32,121
12/14/2014,CAE,SC,ASO,ES,Combined TRACON& Tower with Radar,7,49,24,0,80,0,2,20,0,22,7,51,44,0,102,28,0,28,130
12/15/2014,CAE,SC,ASO,ES,Combined TRACON& Tower with Radar,16,72,23,12,123,0,0,4,2,6,16,72,27,14,129,0,18,18,147
12/16/2014,CAE,SC,ASO,ES,Combined TRACON& Tower with Radar,41,79,25,9,154,0,1,6,1,8,41,80,31,10,162,0,14,14,176
12/17/2014,CAE,SC,ASO,ES,Combined TRACON& Tower with Radar,40,81,49,1,171,0,1,18,2,21,40,82,67,3,192,6,0,6,198
12/18/2014,CAE,SC,ASO,ES,Combined TRACON& Tower with Radar,40,84,28,10,162,0,0,27,1,28,40,84,55,11,190,6,0,6,196
12/19/2014,CAE,SC,ASO,ES,Combined TRACON& Tower with Radar,30,86,38,4,158,0,0,22,2,24,30,86,60,6,182,4,0,4,186
12/20/2014,CAE,SC,ASO,ES,Combined TRACON& Tower with Radar,15,65,11,1,92,0,0,1,0,1,15,65,12,1,93,0,0,0,93
12/21/2014,CAE,SC,ASO,ES,Combined TRACON& Tower with Radar,17,58,13,0,88,0,0,6,0,6,17,58,19,0,94,0,0,0,94
12/22/2014,CAE,SC,ASO,ES,Combined TRACON& Tower with Radar,23,85,19,0,127,0,0,0,0,0,23,85,19,0,127,0,0,0,127
12/23/2014,CAE,SC,ASO,ES,Combined TRACON& Tower with Radar,40,82,20,5,147,0,0,0,0,0,40,82,20,5,147,0,0,0,147
12/24/2014,CAE,SC,ASO,ES,Combined TRACON& Tower with Radar,30,73,11,0,114,0,0,0,0,0,30,73,11,0,114,0,0,0,114
12/25/2014,CAE,SC,ASO,ES,Combined TRACON& Tower with Radar,4,39,4,0,47,0,0,3,0,3,4,39,7,0,50,0,0,0,50
12/26/2014,CAE,SC,ASO,ES,Combined TRACON& Tower with Radar,16,85,23,0,124,0,0,16,0,16,16,85,39,0,140,2,0,2,142
12/27/2014,CAE,SC,ASO,ES,Combined TRACON& Tower with Radar,3,58,37,0,98,0,0,11,0,11,3,58,48,0,109,26,0,26,135
12/28/2014,CAE,SC,ASO,ES,Combined TRACON& Tower with Radar,7,63,15,0,85,0,0,1,0,1,7,63,16,0,86,12,0,12,98
12/29/2014,CAE,SC,ASO,ES,Combined TRACON& Tower with Radar,9,80,20,0,109,0,0,1,0,1,9,80,21,0,110,0,0,0,110
12/30/2014,CAE,SC,ASO,ES,Combined TRACON& Tower with Radar,21,84,19,0,124,0,0,0,0,0,21,84,19,0,124,0,0,0,124
12/31/2014,CAE,SC,ASO,ES,Combined TRACON& Tower with Radar,21,70,16,0,107,0,0,18,0,18,21,70,34,0,125,0,0,0,125
01/01/2015,CAE,SC,ASO,ES,Combined TRACON& Tower with Radar,5,45,15,0,65,0,0,14,0,14,5,45,29,0,79,8,0,8,87
01/02/2015,CAE,SC,ASO,ES,Combined TRACON& Tower with Radar,8,78,25,0,111,0,0,10,0,10,8,78,35,0,121,0,0,0,121
01/03/2015,CAE,SC,ASO,ES,Combined TRACON& Tower with Radar,3,58,19,0,80,0,0,0,0,0,3,58,19,0,80,0,0,0,80
01/04/2015,CAE,SC,ASO,ES,Combined TRACON& Tower with Radar,6,55,7,0,68,0,0,3,0,3,6,55,10,0,71,0,0,0,71
01/05/2015,CAE,SC,ASO,ES,Combined TRACON& Tower with Radar,9,73,30,0,112,0,0,24,0,24,9,73,54,0,136,4,0,4,140
01/06/2015,CAE,SC,ASO,ES,Combined TRACON& Tower with Radar,21,71,21,8,121,0,1,18,2,21,21,72,39,10,142,0,0,0,142
01/07/2015,CAE,SC,ASO,ES,Combined TRACON& Tower with Radar,21,77,35,2,135,0,0,14,4,18,21,77,49,6,153,4,0,4,157
01/08/2015,CAE,SC,ASO,ES,Combined TRACON& Tower with Radar,20,86,33,4,143,0,0,11,0,11,20,86,44,4,154,0,2,2,156
01/09/2015,CAE,SC,ASO,ES,Combined TRACON& Tower with Radar,10,79,22,13,124,0,0,15,5,20,10,79,37,18,144,0,44,44,188
01/10/2015,CAE,SC,ASO,ES,Combined TRACON& Tower with Radar,10,43,20,0,73,0,0,35,0,35,10,43,55,0,108,12,0,12,120
01/11/2015,CAE,SC,ASO,ES,Combined TRACON& Tower with Radar,8,49,16,1,74,0,0,3,2,5,8,49,19,3,79,0,0,0,79
01/12/2015,CAE,SC,ASO,ES,Combined TRACON& Tower with Radar,10,64,22,2,98,0,0,0,0,0,10,64,22,2,98,0,0,0,98
01/13/2015,CAE,SC,ASO,ES,Combined TRACON& Tower with Radar,23,70,27,30,150,0,0,0,0,0,23,70,27,30,150,0,0,0,150
01/14/2015,CAE,SC,ASO,ES,Combined TRACON& Tower with Radar,22,89,32,22,165,0,0,0,0,0,22,89,32,22,165,0,0,0,165
01/15/2015,CAE,SC,ASO,ES,Combined TRACON& Tower with Radar,24,81,36,16,157,0,0,4,0,4,24,81,40,16,161,18,18,36,197
01/16/2015,CAE,SC,ASO,ES,Combined TRACON& Tower with Radar,15,75,27,1,118,0,0,14,0,14,15,75,41,1,132,16,0,16,148
01/17/2015,CAE,SC,ASO,ES,Combined TRACON& Tower with Radar,7,37,12,0,56,0,0,16,0,16,7,37,28,0,72,8,0,8,80
01/18/2015,CAE,SC,ASO,ES,Combined TRACON& Tower with Radar,7,44,15,0,66,0,0,12,0,12,7,44,27,0,78,32,0,32,110
01/19/2015,CAE,SC,ASO,ES,Combined TRACON& Tower with Radar,11,70,32,2,115,0,4,34,0,38,11,74,66,2,153,0,0,0,153
01/20/2015,CAE,SC,ASO,ES,Combined TRACON& Tower with Radar,24,73,47,0,144,0,0,5,0,5,24,73,52,0,149,0,0,0,149
01/21/2015,CAE,SC,ASO,ES,Combined TRACON& Tower with Radar,22,76,49,9,156,0,0,8,0,8,22,76,57,9,164,0,12,12,176
01/22/2015,CAE,SC,ASO,ES,Combined TRACON& Tower with Radar,24,83,44,5,156,0,0,25,0,25,24,83,69,5,181,8,0,8,189
01/23/2015,CAE,SC,ASO,ES,Combined TRACON& Tower with Radar,16,73,18,14,121,0,0,0,0,0,16,73,18,14,121,0,0,0,121
01/24/2015,CAE,SC,ASO,ES,Combined TRACON& Tower with Radar,9,38,21,0,68,0,0,2,0,2,9,38,23,0,70,0,0,0,70
01/25/2015,CAE,SC,ASO,ES,Combined TRACON& Tower with Radar,8,55,23,0,86,0,0,19,2,21,8,55,42,2,107,6,0,6,113
01/26/2015,CAE,SC,ASO,ES,Combined TRACON& Tower with Radar,11,69,38,0,118,0,0,15,0,15,11,69,53,0,133,20,0,20,153
01/27/2015,CAE,SC,ASO,ES,Combined TRACON& Tower with Radar,22,73,23,6,124,0,2,11,0,13,22,75,34,6,137,4,0,4,141
01/28/2015,CAE,SC,ASO,ES,Combined TRACON& Tower with Radar,22,79,33,8,142,0,0,16,0,16,22,79,49,8,158,14,6,20,178
01/29/2015,CAE,SC,ASO,ES,Combined TRACON& Tower with Radar,20,81,34,2,137,0,0,22,0,22,20,81,56,2,159,14,0,14,173
01/30/2015,CAE,SC,ASO,ES,Combined TRACON& Tower with Radar,16,76,25,1,118,0,1,7,1,9,16,77,32,2,127,30,0,30,157
01/31/2015,CAE,SC,ASO,ES,Combined TRACON& Tower with Radar,8,38,6,1,53,0,0,31,0,31,8,38,37,1,84,4,0,4,88
02/01/2015,CAE,SC,ASO,ES,Combined TRACON& Tower with Radar,8,43,19,0,70,0,0,4,0,4,8,43,23,0,74,0,0,0,74
02/02/2015,CAE,SC,ASO,ES,Combined TRACON& Tower with Radar,11,59,28,0,98,0,0,7,0,7,11,59,35,0,105,0,0,0,105
02/03/2015,CAE,SC,ASO,ES,Combined TRACON& Tower with Radar,22,71,22,11,126,0,0,14,0,14,22,71,36,11,140,0,8,8,148
02/04/2015,CAE,SC,ASO,ES,Combined TRACON& Tower with Radar,23,84,22,18,147,0,0,12,3,15,23,84,34,21,162,54,2,56,218
02/05/2015,CAE,SC,ASO,ES,Combined TRACON& Tower with Radar,23,69,40,2,134,0,0,13,0,13,23,69,53,2,147,14,0,14,161
02/06/2015,CAE,SC,ASO,ES,Combined TRACON& Tower with Radar,15,74,32,6,127,0,0,20,4,24,15,74,52,10,151,14,0,14,165
02/07/2015,CAE,SC,ASO,ES,Combined TRACON& Tower with Radar,8,41,10,0,59,0,0,19,0,19,8,41,29,0,78,72,0,72,150
02/08/2015,CAE,SC,ASO,ES,Combined TRACON& Tower with Radar,8,50,20,0,78,0,0,14,0,14,8,50,34,0,92,20,0,20,112
02/09/2015,CAE,SC,ASO,ES,Combined TRACON& Tower with Radar,12,69,25,1,107,0,0,5,0,5,12,69,30,1,112,0,0,0,112
02/10/2015,CAE,SC,ASO,ES,Combined TRACON& Tower with Radar,23,73,17,2,115,0,0,3,1,4,23,73,20,3,119,0,0,0,119
02/11/2015,CAE,SC,ASO,ES,Combined TRACON& Tower with Radar,22,81,43,2,148,0,1,35,1,37,22,82,78,3,185,10,0,10,195
02/12/2015,CAE,SC,ASO,ES,Combined TRACON& Tower with Radar,27,84,30,0,141,0,0,11,0,11,27,84,41,0,152,0,0,0,152
02/13/2015,CAE,SC,ASO,ES,Combined TRACON& Tower with Radar,16,89,37,2,144,0,0,45,0,45,16,89,82,2,189,42,0,42,231
02/14/2015,CAE,SC,ASO,ES,Combined TRACON& Tower with Radar,7,48,9,0,64,0,0,19,2,21,7,48,28,2,85,0,0,0,85
02/15/2015,CAE,SC,ASO,ES,Combined TRACON& Tower with Radar,8,47,20,0,75,0,0,12,2,14,8,47,32,2,89,0,0,0,89
02/16/2015,CAE,SC,ASO,ES,Combined TRACON& Tower with Radar,16,76,34,0,126,0,0,12,0,12,16,76,46,0,138,12,0,12,150
02/17/2015,CAE,SC,ASO,ES,Combined TRACON& Tower with Radar,22,69,20,1,112,0,1,4,2,7,22,70,24,3,119,0,0,0,119
02/18/2015,CAE,SC,ASO,ES,Combined TRACON& Tower with Radar,22,74,24,17,137,0,0,4,0,4,22,74,28,17,141,0,8,8,149
02/19/2015,CAE,SC,ASO,ES,Combined TRACON& Tower with Radar,22,83,44,13,162,0,0,18,2,20,22,83,62,15,182,2,24,26,208
02/20/2015,CAE,SC,ASO,ES,Combined TRACON& Tower with Radar,18,87,42,2,149,0,0,22,0,22,18,87,64,2,171,2,0,2,173
02/21/2015,CAE,SC,ASO,ES,Combined TRACON& Tower with Radar,6,45,18,0,69,0,0,4,0,4,6,45,22,0,73,6,0,6,79
02/22/2015,CAE,SC,ASO,ES,Combined TRACON& Tower with Radar,9,50,11,0,70,0,0,1,0,1,9,50,12,0,71,0,0,0,71
02/23/2015,CAE,SC,ASO,ES,Combined TRACON& Tower with Radar,11,69,42,0,122,0,0,2,0,2,11,69,44,0,124,0,0,0,124
02/24/2015,CAE,SC,ASO,ES,Combined TRACON& Tower with Radar,22,79,24,0,125,0,0,0,0,0,22,79,24,0,125,0,0,0,125
02/25/2015,CAE,SC,ASO,ES,Combined TRACON& Tower with Radar,19,72,24,0,115,0,0,0,0,0,19,72,24,0,115,0,0,0,115
02/26/2015,CAE,SC,ASO,ES,Combined TRACON& Tower with Radar,27,93,19,6,145,0,0,5,0,5,27,93,24,6,150,0,0,0,150
02/27/2015,CAE,SC,ASO,ES,Combined TRACON& Tower with Radar,17,72,30,4,123,0,0,33,2,35,17,72,63,6,158,38,0,38,196
02/28/2015,CAE,SC,ASO,ES,Combined TRACON& Tower with Radar,5,43,18,0,66,0,0,21,0,21,5,43,39,0,87,40,0,40,127
03/01/2015,CAE,SC,ASO,ES,Combined TRACON& Tower with Radar,9,46,27,0,82,0,0,0,0,0,9,46,27,0,82,0,0,0,82
03/02/2015,CAE,SC,ASO,ES,Combined TRACON& Tower with Radar,13,69,27,26,135,0,0,12,0,12,13,69,39,26,147,2,0,2,149
03/03/2015,CAE,SC,ASO,ES,Combined TRACON& Tower with Radar,24,61,43,7,135,0,0,0,0,0,24,61,43,7,135,0,0,0,135
03/04/2015,CAE,SC,ASO,ES,Combined TRACON& Tower with Radar,23,62,35,5,125,0,2,9,2,13,23,64,44,7,138,0,0,0,138
03/05/2015,CAE,SC,ASO,ES,Combined TRACON& Tower with Radar,23,68,22,3,116,0,0,1,1,2,23,68,23,4,118,0,0,0,118
03/06/2015,CAE,SC,ASO,ES,Combined TRACON& Tower with Radar,21,75,25,7,128,0,1,16,0,17,21,76,41,7,145,2,0,2,147
03/07/2015,CAE,SC,ASO,ES,Combined TRACON& Tower with Radar,4,45,20,3,72,0,0,26,1,27,4,45,46,4,99,28,2,30,129
03/08/2015,CAE,SC,ASO,ES,Combined TRACON& Tower with Radar,8,52,22,4,86,0,0,17,6,23,8,52,39,10,109,12,0,12,121
03/09/2015,CAE,SC,ASO,ES,Combined TRACON& Tower with Radar,13,73,30,0,116,0,0,10,9,19,13,73,40,9,135,0,0,0,135
03/10/2015,CAE,SC,ASO,ES,Combined TRACON& Tower with Radar,24,72,27,0,123,0,2,10,4,16,24,74,37,4,139,10,0,10,149
03/11/2015,CAE,SC,ASO,ES,Combined TRACON& Tower with Radar,24,69,34,6,133,0,0,12,2,14,24,69,46,8,147,12,0,12,159
03/12/2015,CAE,SC,ASO,ES,Combined TRACON& Tower with Radar,24,81,42,6,153,0,2,9,2,13,24,83,51,8,166,0,6,6,172
03/13/2015,CAE,SC,ASO,ES,Combined TRACON& Tower with Radar,17,75,23,0,115,0,0,0,2,2,17,75,23,2,117,0,0,0,117
03/14/2015,CAE,SC,ASO,ES,Combined TRACON& Tower with Radar,4,51,11,0,66,0,0,1,0,1,4,51,12,0,67,0,0,0,67
03/15/2015,CAE,SC,ASO,ES,Combined TRACON& Tower with Radar,10,55,19,0,84,0,0,8,2,10,10,55,27,2,94,8,0,8,102
03/16/2015,CAE,SC,ASO,ES,Combined TRACON& Tower with Radar,13,74,42,1,130,0,0,23,0,23,13,74,65,1,153,0,0,0,153
03/17/2015,CAE,SC,ASO,ES,Combined TRACON& Tower with Radar,25,73,37,4,139,0,1,14,0,15,25,74,51,4,154,0,0,0,154
03/18/2015,CAE,SC,ASO,ES,Combined TRACON& Tower with Radar,27,74,37,16,154,0,0,9,0,9,27,74,46,16,163,6,0,6,169
03/19/2015,CAE,SC,ASO,ES,Combined TRACON& Tower with Radar,24,86,28,8,146,0,0,2,0,2,24,86,30,8,148,2,0,2,150
03/20/2015,CAE,SC,ASO,ES,Combined TRACON& Tower with Radar,19,78,29,6,132,0,0,2,0,2,19,78,31,6,134,2,0,2,136
03/21/2015,CAE,SC,ASO,ES,Combined TRACON& Tower with Radar,6,53,17,0,76,0,0,17,0,17,6,53,34,0,93,14,0,14,107
03/22/2015,CAE,SC,ASO,ES,Combined TRACON& Tower with Radar,9,57,29,0,95,0,0,0,0,0,9,57,29,0,95,0,0,0,95
03/23/2015,CAE,SC,ASO,ES,Combined TRACON& Tower with Radar,14,68,21,5,108,0,0,3,0,3,14,68,24,5,111,6,16,22,133
03/24/2015,CAE,SC,ASO,ES,Combined TRACON& Tower with Radar,24,77,34,7,142,0,0,12,0,12,24,77,46,7,154,16,2,18,172
03/25/2015,CAE,SC,ASO,ES,Combined TRACON& Tower with Radar,24,69,36,8,137,0,0,5,1,6,24,69,41,9,143,16,2,18,161
03/26/2015,CAE,SC,ASO,ES,Combined TRACON& Tower with Radar,24,73,53,5,155,0,0,28,2,30,24,73,81,7,185,22,20,42,227
03/27/2015,CAE,SC,ASO,ES,Combined TRACON& Tower with Radar,19,78,27,0,124,0,0,3,0,3,19,78,30,0,127,0,0,0,127
03/28/2015,CAE,SC,ASO,ES,Combined TRACON& Tower with Radar,4,47,14,0,65,0,0,10,0,10,4,47,24,0,75,16,0,16,91
03/29/2015,CAE,SC,ASO,ES,Combined TRACON& Tower with Radar,10,59,25,1,95,0,0,18,1,19,10,59,43,2,114,0,0,0,114
03/30/2015,CAE,SC,ASO,ES,Combined TRACON& Tower with Radar,15,77,23,0,115,0,0,2,0,2,15,77,25,0,117,0,0,0,117
03/31/2015,CAE,SC,ASO,ES,Combined TRACON& Tower with Radar,24,76,26,4,130,0,0,14,4,18,24,76,40,8,148,0,10,10,158
04/01/2015,CAE,SC,ASO,ES,Combined TRACON& Tower with Radar,21,70,37,1,129,0,0,21,2,23,21,70,58,3,152,9,0,9,161
04/02/2015,CAE,SC,ASO,ES,Combined TRACON& Tower with Radar,27,85,58,5,175,0,0,34,0,34,27,85,92,5,209,0,0,0,209
04/03/2015,CAE,SC,ASO,ES,Combined TRACON& Tower with Radar,19,76,20,2,117,0,0,15,1,16,19,76,35,3,133,8,0,8,141
04/04/2015,CAE,SC,ASO,ES,Combined TRACON& Tower with Radar,6,48,6,0,60,0,0,6,2,8,6,48,12,2,68,26,0,26,94
04/05/2015,CAE,SC,ASO,ES,Combined TRACON& Tower with Radar,8,56,23,0,87,0,1,21,0,22,8,57,44,0,109,2,0,2,111
04/06/2015,CAE,SC,ASO,ES,Combined TRACON& Tower with Radar,15,82,25,6,128,0,0,5,2,7,15,82,30,8,135,0,0,0,135
04/07/2015,CAE,SC,ASO,ES,Combined TRACON& Tower with Radar,29,76,37,12,154,0,0,4,0,4,29,76,41,12,158,4,0,4,162
04/08/2015,CAE,SC,ASO,ES,Combined TRACON& Tower with Radar,26,80,49,1,156,0,0,16,2,18,26,80,65,3,174,2,0,2,176
04/09/2015,CAE,SC,ASO,ES,Combined TRACON& Tower with Radar,30,86,34,13,163,0,4,9,0,13,30,90,43,13,176,0,22,22,198
04/10/2015,CAE,SC,ASO,ES,Combined TRACON& Tower with Radar,24,73,45,0,142,0,0,2,0,2,24,73,47,0,144,0,0,0,144
04/11/2015,CAE,SC,ASO,ES,Combined TRACON& Tower with Radar,11,45,28,0,84,0,0,8,0,8,11,45,36,0,92,0,0,0,92
04/12/2015,CAE,SC,ASO,ES,Combined TRACON& Tower with Radar,14,58,37,0,109,0,0,12,0,12,14,58,49,0,121,0,0,0,121
04/13/2015,CAE,SC,ASO,ES,Combined TRACON& Tower with Radar,19,67,35,4,125,0,0,6,0,6,19,67,41,4,131,26,0,26,157
04/14/2015,CAE,SC,ASO,ES,Combined TRACON& Tower with Radar,30,77,42,20,169,0,1,5,1,7,30,78,47,21,176,0,0,0,176
04/15/2015,CAE,SC,ASO,ES,Combined TRACON& Tower with Radar,30,68,34,8,140,0,0,0,0,0,30,68,34,8,140,0,0,0,140
04/16/2015,CAE,SC,ASO,ES,Combined TRACON& Tower with Radar,35,82,47,0,164,0,0,0,0,0,35,82,47,0,164,0,0,0,164
04/17/2015,CAE,SC,ASO,ES,Combined TRACON& Tower with Radar,24,71,32,0,127,0,0,4,2,6,24,71,36,2,133,0,0,0,133
04/18/2015,CAE,SC,ASO,ES,Combined TRACON& Tower with Radar,8,48,15,0,71,0,0,9,0,9,8,48,24,0,80,0,0,0,80
04/19/2015,CAE,SC,ASO,ES,Combined TRACON& Tower with Radar,13,50,23,1,87,0,0,0,1,1,13,50,23,2,88,0,0,0,88
04/20/2015,CAE,SC,ASO,ES,Combined TRACON& Tower with Radar,22,74,51,0,147,0,1,5,2,8,22,75,56,2,155,0,0,0,155
04/21/2015,CAE,SC,ASO,ES,Combined TRACON& Tower with Radar,28,67,54,5,154,0,0,21,3,24,28,67,75,8,178,6,0,6,184
04/22/2015,CAE,SC,ASO,ES,Combined TRACON& Tower with Radar,30,84,36,18,168,0,0,13,0,13,30,84,49,18,181,27,0,27,208
04/23/2015,CAE,SC,ASO,ES,Combined TRACON& Tower with Radar,28,78,66,0,172,0,0,21,0,21,28,78,87,0,193,0,0,0,193
04/24/2015,CAE,SC,ASO,ES,Combined TRACON& Tower with Radar,25,69,40,5,139,0,0,19,4,23,25,69,59,9,162,0,0,0,162
04/25/2015,CAE,SC,ASO,ES,Combined TRACON& Tower with Radar,14,43,16,0,73,0,0,1,0,1,14,43,17,0,74,4,0,4,78
04/26/2015,CAE,SC,ASO,ES,Combined TRACON& Tower with Radar,18,48,37,2,105,0,0,14,1,15,18,48,51,3,120,0,0,0,120
04/27/2015,CAE,SC,ASO,ES,Combined TRACON& Tower with Radar,19,69,29,4,121,0,0,25,1,26,19,69,54,5,147,0,0,0,147
04/28/2015,CAE,SC,ASO,ES,Combined TRACON& Tower with Radar,30,67,35,4,136,0,1,24,1,26,30,68,59,5,162,0,0,0,162
04/29/2015,CAE,SC,ASO,ES,Combined TRACON& Tower with Radar,28,74,29,0,131,0,0,3,0,3,28,74,32,0,134,6,0,6,140
04/30/2015,CAE,SC,ASO,ES,Combined TRACON& Tower with Radar,30,82,48,10,170,0,0,19,3,22,30,82,67,13,192,32,18,50,242
05/01/2015,CAE,SC,ASO,ES,Combined TRACON& Tower with Radar,23,75,30,1,129,0,4,14,0,18,23,79,44,1,147,2,10,12,159
05/02/2015,CAE,SC,ASO,ES,Combined TRACON& Tower with Radar,9,44,15,2,70,0,1,11,0,12,9,45,26,2,82,0,0,0,82
05/03/2015,CAE,SC,ASO,ES,Combined TRACON& Tower with Radar,14,50,15,0,79,0,0,17,0,17,14,50,32,0,96,0,0,0,96
05/04/2015,CAE,SC,ASO,ES,Combined TRACON& Tower with Radar,19,73,21,2,115,0,2,11,0,13,19,75,32,2,128,8,0,8,136
05/05/2015,CAE,SC,ASO,ES,Combined TRACON& Tower with Radar,30,79,25,2,136,0,3,25,0,28,30,82,50,2,164,14,0,14,178
05/06/2015,CAE,SC,ASO,ES,Combined TRACON& Tower with Radar,27,78,41,6,152,0,6,18,0,24,27,84,59,6,176,16,0,16,192
05/07/2015,CAE,SC,ASO,ES,Combined TRACON& Tower with Radar,26,94,43,12,175,0,0,17,0,17,26,94,60,12,192,2,0,2,194
05/08/2015,CAE,SC,ASO,ES,Combined TRACON& Tower with Radar,23,93,37,2,155,0,0,35,0,35,23,93,72,2,190,6,0,6,196
05/09/2015,CAE,SC,ASO,ES,Combined TRACON& Tower with Radar,4,56,28,0,88,0,1,17,0,18,4,57,45,0,106,12,0,12,118
05/10/2015,CAE,SC,ASO,ES,Combined TRACON& Tower with Radar,12,54,13,0,79,0,0,14,0,14,12,54,27,0,93,18,0,18,111
05/11/2015,CAE,SC,ASO,ES,Combined TRACON& Tower with Radar,14,74,31,6,125,0,0,10,0,10,14,74,41,6,135,0,18,18,153
05/12/2015,CAE,SC,ASO,ES,Combined TRACON& Tower with Radar,27,85,33,10,155,0,0,19,0,19,27,85,52,10,174,0,0,0,174
05/13/2015,CAE,SC,ASO,ES,Combined TRACON& Tower with Radar,32,86,23,6,147,0,1,23,2,26,32,87,46,8,173,0,0,0,173
05/14/2015,CAE,SC,ASO,ES,Combined TRACON& Tower with Radar,30,81,36,34,181,0,0,20,4,24,30,81,56,38,205,40,64,104,309
05/15/2015,CAE,SC,ASO,ES,Combined TRACON& Tower with Radar,21,86,24,0,131,0,0,9,8,17,21,86,33,8,148,40,0,40,188
05/16/2015,CAE,SC,ASO,ES,Combined TRACON& Tower with Radar,6,48,8,2,64,0,0,19,9,28,6,48,27,11,92,43,0,43,135
05/17/2015,CAE,SC,ASO,ES,Combined TRACON& Tower with Radar,12,52,14,6,84,0,0,20,11,31,12,52,34,17,115,0,0,0,115
05/18/2015,CAE,SC,ASO,ES,Combined TRACON& Tower with Radar,21,67,19,5,112,0,0,15,2,17,21,67,34,7,129,0,0,0,129
05/19/2015,CAE,SC,ASO,ES,Combined TRACON& Tower with Radar,27,75,30,7,139,0,0,15,6,21,27,75,45,13,160,6,0,6,166
05/20/2015,CAE,SC,ASO,ES,Combined TRACON& Tower with Radar,27,76,39,2,144,0,0,22,10,32,27,76,61,12,176,6,0,6,182
05/21/2015,CAE,SC,ASO,ES,Combined TRACON& Tower with Radar,26,83,29,1,139,0,0,15,6,21,26,83,44,7,160,8,0,8,168
05/22/2015,CAE,SC,ASO,ES,Combined TRACON& Tower with Radar,20,79,21,2,122,0,0,13,7,20,20,79,34,9,142,6,0,6,148
05/23/2015,CAE,SC,ASO,ES,Combined TRACON& Tower with Radar,8,40,9,0,57,0,0,33,3,36,8,40,42,3,93,0,0,0,93
05/24/2015,CAE,SC,ASO,ES,Combined TRACON& Tower with Radar,9,38,17,0,64,0,1,19,5,25,9,39,36,5,89,16,0,16,105
05/25/2015,CAE,SC,ASO,ES,Combined TRACON& Tower with Radar,14,55,14,1,84,0,0,10,0,10,14,55,24,1,94,28,0,28,122
05/26/2015,CAE,SC,ASO,ES,Combined TRACON& Tower with Radar,27,76,38,21,162,0,0,7,0,7,27,76,45,21,169,0,28,28,197
05/27/2015,CAE,SC,ASO,ES,Combined TRACON& Tower with Radar,27,79,39,22,167,0,0,8,0,8,27,79,47,22,175,0,0,0,175
05/28/2015,CAE,SC,ASO,ES,Combined TRACON& Tower with Radar,25,79,25,4,133,0,0,28,6,34,25,79,53,10,167,0,0,0,167
05/29/2015,CAE,SC,ASO,ES,Combined TRACON& Tower with Radar,21,85,38,7,151,0,1,31,0,32,21,86,69,7,183,6,0,6,189
05/30/2015,CAE,SC,ASO,ES,Combined TRACON& Tower with Radar,6,48,12,1,67,0,0,13,2,15,6,48,25,3,82,30,0,30,112
05/31/2015,CAE,SC,ASO,ES,Combined TRACON& Tower with Radar,24,54,20,1,99,0,0,20,2,22,24,54,40,3,121,0,0,0,121
06/01/2015,CAE,SC,ASO,ES,Combined TRACON& Tower with Radar,17,73,29,0,119,0,0,11,1,12,17,73,40,1,131,0,0,0,131
06/02/2015,CAE,SC,ASO,ES,Combined TRACON& Tower with Radar,25,85,21,1,132,0,0,7,1,8,25,85,28,2,140,31,0,31,171
06/03/2015,CAE,SC,ASO,ES,Combined TRACON& Tower with Radar,29,93,25,18,165,0,0,4,0,4,29,93,29,18,169,25,0,25,194
06/04/2015,CAE,SC,ASO,ES,Combined TRACON& Tower with Radar,28,97,34,11,170,0,1,4,3,8,28,98,38,14,178,0,22,22,200
06/05/2015,CAE,SC,ASO,ES,Combined TRACON& Tower with Radar,27,86,25,4,142,0,0,15,1,16,27,86,40,5,158,70,0,70,228
06/06/2015,CAE,SC,ASO,ES,Combined TRACON& Tower with Radar,11,56,25,3,95,0,0,18,1,19,11,56,43,4,114,0,0,0,114
06/07/2015,CAE,SC,ASO,ES,Combined TRACON& Tower with Radar,13,62,14,2,91,0,0,9,1,10,13,62,23,3,101,8,0,8,109
06/08/2015,CAE,SC,ASO,ES,Combined TRACON& Tower with Radar,19,71,30,3,123,0,2,14,3,19,19,73,44,6,142,24,0,24,166
06/09/2015,CAE,SC,ASO,ES,Combined TRACON& Tower with Radar,31,83,32,4,150,0,0,8,2,10,31,83,40,6,160,28,22,50,210
06/10/2015,CAE,SC,ASO,ES,Combined TRACON& Tower with Radar,35,95,41,4,175,0,0,17,7,24,35,95,58,11,199,2,0,2,201
06/11/2015,CAE,SC,ASO,ES,Combined TRACON& Tower with Radar,37,89,42,9,177,0,0,19,1,20,37,89,61,10,197,6,38,44,241
06/12/2015,CAE,SC,ASO,ES,Combined TRACON& Tower with Radar,31,97,36,7,171,0,0,26,2,28,31,97,62,9,199,0,0,0,199
06/13/2015,CAE,SC,ASO,ES,Combined TRACON& Tower with Radar,15,56,18,1,90,0,0,26,2,28,15,56,44,3,118,0,0,0,118
06/14/2015,CAE,SC,ASO,ES,Combined TRACON& Tower with Radar,16,56,17,0,89,0,0,16,0,16,16,56,33,0,105,0,0,0,105
06/15/2015,CAE,SC,ASO,ES,Combined TRACON& Tower with Radar,22,67,25,0,114,0,0,21,3,24,22,67,46,3,138,0,0,0,138
06/16/2015,CAE,SC,ASO,ES,Combined TRACON& Tower with Radar,32,75,30,1,138,0,0,23,1,24,32,75,53,2,162,10,0,10,172
06/17/2015,CAE,SC,ASO,ES,Combined TRACON& Tower with Radar,31,69,34,2,136,0,0,25,0,25,31,69,59,2,161,4,0,4,165
06/18/2015,CAE,SC,ASO,ES,Combined TRACON& Tower with Radar,39,74,46,1,160,0,0,3,2,5,39,74,49,3,165,0,0,0,165
06/19/2015,CAE,SC,ASO,ES,Combined TRACON& Tower with Radar,25,89,30,12,156,0,0,24,3,27,25,89,54,15,183,4,0,4,187
06/20/2015,CAE,SC,ASO,ES,Combined TRACON& Tower with Radar,15,47,12,0,74,0,0,20,3,23,15,47,32,3,97,4,0,4,101
06/21/2015,CAE,SC,ASO,ES,Combined TRACON& Tower with Radar,13,51,20,9,93,0,0,11,6,17,13,51,31,15,110,0,0,0,110
06/22/2015,CAE,SC,ASO,ES,Combined TRACON& Tower with Radar,24,72,22,0,118,0,0,9,3,12,24,72,31,3,130,12,0,12,142
06/23/2015,CAE,SC,ASO,ES,Combined TRACON& Tower with Radar,30,80,29,5,144,0,0,23,3,26,30,80,52,8,170,0,0,0,170
06/24/2015,CAE,SC,ASO,ES,Combined TRACON& Tower with Radar,41,84,39,5,169,0,1,10,3,14,41,85,49,8,183,0,2,2,185
06/25/2015,CAE,SC,ASO,ES,Combined TRACON& Tower with Radar,39,90,36,2,167,0,0,12,5,17,39,90,48,7,184,8,0,8,192
06/26/2015,CAE,SC,ASO,ES,Combined TRACON& Tower with Radar,33,95,24,5,157,0,0,20,1,21,33,95,44,6,178,2,0,2,180
06/27/2015,CAE,SC,ASO,ES,Combined TRACON& Tower with Radar,19,67,13,0,99,0,0,8,1,9,19,67,21,1,108,11,0,11,119
06/28/2015,CAE,SC,ASO,ES,Combined TRACON& Tower with Radar,16,60,27,0,103,0,0,10,2,12,16,60,37,2,115,0,0,0,115
06/29/2015,CAE,SC,ASO,ES,Combined TRACON& Tower with Radar,19,88,27,0,134,0,0,25,6,31,19,88,52,6,165,0,0,0,165
06/30/2015,CAE,SC,ASO,ES,Combined TRACON& Tower with Radar,26,91,34,8,159,0,0,11,0,11,26,91,45,8,170,6,0,6,176
07/01/2015,CAE,SC,ASO,ES,Combined TRACON& Tower with Radar,34,74,34,6,148,0,0,12,2,14,34,74,46,8,162,0,0,0,162
07/02/2015,CAE,SC,ASO,ES,Combined TRACON& Tower with Radar,29,73,22,4,128,0,0,20,0,20,29,73,42,4,148,0,0,0,148
07/03/2015,CAE,SC,ASO,ES,Combined TRACON& Tower with Radar,22,59,8,0,89,0,0,6,1,7,22,59,14,1,96,0,0,0,96
07/04/2015,CAE,SC,ASO,ES,Combined TRACON& Tower with Radar,5,30,5,0,40,0,0,11,1,12,5,30,16,1,52,0,0,0,52
07/05/2015,CAE,SC,ASO,ES,Combined TRACON& Tower with Radar,11,51,13,0,75,0,0,12,0,12,11,51,25,0,87,0,0,0,87
07/06/2015,CAE,SC,ASO,ES,Combined TRACON& Tower with Radar,17,66,20,0,103,0,1,9,1,11,17,67,29,1,114,10,0,10,124
07/07/2015,CAE,SC,ASO,ES,Combined TRACON& Tower with Radar,32,65,22,7,126,0,0,12,3,15,32,65,34,10,141,2,0,2,143
07/08/2015,CAE,SC,ASO,ES,Combined TRACON& Tower with Radar,42,64,36,5,147,0,0,18,1,19,42,64,54,6,166,6,18,24,190
07/09/2015,CAE,SC,ASO,ES,Combined TRACON& Tower with Radar,31,76,22,6,135,0,0,17,5,22,31,76,39,11,157,0,21,21,178
07/10/2015,CAE,SC,ASO,ES,Combined TRACON& Tower with Radar,23,75,18,8,124,0,0,16,2,18,23,75,34,10,142,0,0,0,142
07/11/2015,CAE,SC,ASO,ES,Combined TRACON& Tower with Radar,11,44,12,1,68,0,1,20,4,25,11,45,32,5,93,2,0,2,95
07/12/2015,CAE,SC,ASO,ES,Combined TRACON& Tower with Radar,15,48,10,3,76,0,0,18,4,22,15,48,28,7,98,28,0,28,126
07/13/2015,CAE,SC,ASO,ES,Combined TRACON& Tower with Radar,21,75,28,4,128,0,0,14,2,16,21,75,42,6,144,2,0,2,146
07/14/2015,CAE,SC,ASO,ES,Combined TRACON& Tower with Radar,34,64,20,6,124,0,7,10,7,24,34,71,30,13,148,22,18,40,188
07/15/2015,CAE,SC,ASO,ES,Combined TRACON& Tower with Radar,35,68,38,9,150,0,1,16,5,22,35,69,54,14,172,0,0,0,172
07/16/2015,CAE,SC,ASO,ES,Combined TRACON& Tower with Radar,29,80,26,4,139,0,0,21,8,29,29,80,47,12,168,2,0,2,170
07/17/2015,CAE,SC,ASO,ES,Combined TRACON& Tower with Radar,21,70,32,11,134,0,0,9,5,14,21,70,41,16,148,6,0,6,154
07/18/2015,CAE,SC,ASO,ES,Combined TRACON& Tower with Radar,23,44,4,2,73,0,0,6,6,12,23,44,10,8,85,4,0,4,89
07/19/2015,CAE,SC,ASO,ES,Combined TRACON& Tower with Radar,18,57,24,0,99,0,2,14,2,18,18,59,38,2,117,0,0,0,117
07/20/2015,CAE,SC,ASO,ES,Combined TRACON& Tower with Radar,16,63,48,0,127,0,0,9,3,12,16,63,57,3,139,12,0,12,151
07/21/2015,CAE,SC,ASO,ES,Combined TRACON& Tower with Radar,29,68,34,3,134,0,0,15,5,20,29,68,49,8,154,0,6,6,160
07/22/2015,CAE,SC,ASO,ES,Combined TRACON& Tower with Radar,36,65,31,2,134,0,0,23,6,29,36,65,54,8,163,14,8,22,185
07/23/2015,CAE,SC,ASO,ES,Combined TRACON& Tower with Radar,39,79,29,0,147,0,0,9,4,13,39,79,38,4,160,0,0,0,160
07/24/2015,CAE,SC,ASO,ES,Combined TRACON& Tower with Radar,24,74,38,2,138,0,0,7,2,9,24,74,45,4,147,0,0,0,147
07/25/2015,CAE,SC,ASO,ES,Combined TRACON& Tower with Radar,9,52,16,0,77,0,0,7,4,11,9,52,23,4,88,8,0,8,96
07/26/2015,CAE,SC,ASO,ES,Combined TRACON& Tower with Radar,17,47,24,0,88,0,0,13,6,19,17,47,37,6,107,8,0,8,115
07/27/2015,CAE,SC,ASO,ES,Combined TRACON& Tower with Radar,16,65,17,4,102,0,2,8,5,15,16,67,25,9,117,0,0,0,117
07/28/2015,CAE,SC,ASO,ES,Combined TRACON& Tower with Radar,33,64,27,12,136,0,0,6,8,14,33,64,33,20,150,8,7,15,165
07/29/2015,CAE,SC,ASO,ES,Combined TRACON& Tower with Radar,32,64,44,18,158,0,0,19,5,24,32,64,63,23,182,0,14,14,196
07/30/2015,CAE,SC,ASO,ES,Combined TRACON& Tower with Radar,28,74,25,6,133,0,0,19,4,23,28,74,44,10,156,0,16,16,172
07/31/2015,CAE,SC,ASO,ES,Combined TRACON& Tower with Radar,27,75,34,2,138,0,2,13,5,20,27,77,47,7,158,26,0,26,184
08/01/2015,CAE,SC,ASO,ES,Combined TRACON& Tower with Radar,11,49,28,0,88,0,0,12,3,15,11,49,40,3,103,0,0,0,103
08/02/2015,CAE,SC,ASO,ES,Combined TRACON& Tower with Radar,15,47,22,0,84,0,0,12,3,15,15,47,34,3,99,10,0,10,109
08/03/2015,CAE,SC,ASO,ES,Combined TRACON& Tower with Radar,23,63,22,2,110,0,0,5,4,9,23,63,27,6,119,23,0,23,142
08/04/2015,CAE,SC,ASO,ES,Combined TRACON& Tower with Radar,38,74,26,2,140,0,0,9,5,14,38,74,35,7,154,6,0,6,160
08/05/2015,CAE,SC,ASO,ES,Combined TRACON& Tower with Radar,35,68,26,5,134,0,0,11,4,15,35,68,37,9,149,6,0,6,155
08/06/2015,CAE,SC,ASO,ES,Combined TRACON& Tower with Radar,34,68,30,2,134,0,0,9,2,11,34,68,39,4,145,0,0,0,145
08/07/2015,CAE,SC,ASO,ES,Combined TRACON& Tower with Radar,29,74,22,0,125,0,0,10,0,10,29,74,32,0,135,0,0,0,135
08/08/2015,CAE,SC,ASO,ES,Combined TRACON& Tower with Radar,17,45,10,2,74,0,0,9,0,9,17,45,19,2,83,0,0,0,83
08/09/2015,CAE,SC,ASO,ES,Combined TRACON& Tower with Radar,22,43,16,0,81,0,0,11,0,11,22,43,27,0,92,0,0,0,92
08/10/2015,CAE,SC,ASO,ES,Combined TRACON& Tower with Radar,37,62,27,7,133,0,0,4,2,6,37,62,31,9,139,4,0,4,143
08/11/2015,CAE,SC,ASO,ES,Combined TRACON& Tower with Radar,41,70,25,17,153,0,2,6,2,10,41,72,31,19,163,0,44,44,207
08/12/2015,CAE,SC,ASO,ES,Combined TRACON& Tower with Radar,39,78,28,1,146,0,0,12,1,13,39,78,40,2,159,10,0,10,169
08/13/2015,CAE,SC,ASO,ES,Combined TRACON& Tower with Radar,35,79,36,0,150,0,0,21,0,21,35,79,57,0,171,0,0,0,171
08/14/2015,CAE,SC,ASO,ES,Combined TRACON& Tower with Radar,33,75,21,0,129,0,1,13,2,16,33,76,34,2,145,10,0,10,155
08/15/2015,CAE,SC,ASO,ES,Combined TRACON& Tower with Radar,15,45,17,0,77,0,0,17,0,17,15,45,34,0,94,8,0,8,102
08/16/2015,CAE,SC,ASO,ES,Combined TRACON& Tower with Radar,18,52,17,0,87,0,0,18,2,20,18,52,35,2,107,20,0,20,127
08/17/2015,CAE,SC,ASO,ES,Combined TRACON& Tower with Radar,32,71,18,2,123,0,0,6,0,6,32,71,24,2,129,0,0,0,129
08/18/2015,CAE,SC,ASO,ES,Combined TRACON& Tower with Radar,34,71,37,4,146,0,0,5,0,5,34,71,42,4,151,12,0,12,163
08/19/2015,CAE,SC,ASO,ES,Combined TRACON& Tower with Radar,30,78,26,10,144,0,0,9,0,9,30,78,35,10,153,0,0,0,153
08/20/2015,CAE,SC,ASO,ES,Combined TRACON& Tower with Radar,30,73,16,0,119,0,1,14,0,15,30,74,30,0,134,10,0,10,144
08/21/2015,CAE,SC,ASO,ES,Combined TRACON& Tower with Radar,27,75,27,0,129,0,0,8,0,8,27,75,35,0,137,0,0,0,137
08/22/2015,CAE,SC,ASO,ES,Combined TRACON& Tower with Radar,17,36,14,0,67,0,0,10,0,10,17,36,24,0,77,0,0,0,77
08/23/2015,CAE,SC,ASO,ES,Combined TRACON& Tower with Radar,20,47,15,0,82,0,0,4,0,4,20,47,19,0,86,0,0,0,86
08/24/2015,CAE,SC,ASO,ES,Combined TRACON& Tower with Radar,20,70,23,12,125,0,1,14,1,16,20,71,37,13,141,0,0,0,141
08/25/2015,CAE,SC,ASO,ES,Combined TRACON& Tower with Radar,34,67,30,1,132,0,0,17,0,17,34,67,47,1,149,0,0,0,149
08/26/2015,CAE,SC,ASO,ES,Combined TRACON& Tower with Radar,34,75,36,2,147,0,1,10,3,14,34,76,46,5,161,2,0,2,163
08/27/2015,CAE,SC,ASO,ES,Combined TRACON& Tower with Radar,29,78,38,2,147,0,0,13,1,14,29,78,51,3,161,2,0,2,163
08/28/2015,CAE,SC,ASO,ES,Combined TRACON& Tower with Radar,22,75,19,6,122,0,0,29,0,29,22,75,48,6,151,14,0,14,165
08/29/2015,CAE,SC,ASO,ES,Combined TRACON& Tower with Radar,15,36,15,0,66,0,4,13,0,17,15,40,28,0,83,0,0,0,83
08/30/2015,CAE,SC,ASO,ES,Combined TRACON& Tower with Radar,15,43,11,8,77,0,0,4,0,4,15,43,15,8,81,0,0,0,81
08/31/2015,CAE,SC,ASO,ES,Combined TRACON& Tower with Radar,21,68,32,18,139,0,2,1,1,4,21,70,33,19,143,0,0,0,143
09/01/2015,CAE,SC,ASO,ES,Combined TRACON& Tower with Radar,30,74,31,2,137,0,5,13,2,20,30,79,44,4,157,0,0,0,157
09/02/2015,CAE,SC,ASO,ES,Combined TRACON& Tower with Radar,29,77,26,1,133,0,5,23,7,35,29,82,49,8,168,0,0,0,168
09/03/2015,CAE,SC,ASO,ES,Combined TRACON& Tower with Radar,34,79,25,2,140,0,0,20,3,23,34,79,45,5,163,0,6,6,169
09/04/2015,CAE,SC,ASO,ES,Combined TRACON& Tower with Radar,23,82,24,5,134,0,0,21,0,21,23,82,45,5,155,6,16,22,177
09/05/2015,CAE,SC,ASO,ES,Combined TRACON& Tower with Radar,17,35,22,0,74,0,0,4,0,4,17,35,26,0,78,0,0,0,78
09/06/2015,CAE,SC,ASO,ES,Combined TRACON& Tower with Radar,11,37,14,0,62,0,0,0,0,0,11,37,14,0,62,8,0,8,70
09/07/2015,CAE,SC,ASO,ES,Combined TRACON& Tower with Radar,10,51,17,0,78,0,0,6,0,6,10,51,23,0,84,0,0,0,84
09/08/2015,CAE,SC,ASO,ES,Combined TRACON& Tower with Radar,20,78,28,4,130,0,0,6,2,8,20,78,34,6,138,0,0,0,138
09/09/2015,CAE,SC,ASO,ES,Combined TRACON& Tower with Radar,31,81,37,2,151,0,0,8,0,8,31,81,45,2,159,25,0,25,184
09/10/2015,CAE,SC,ASO,ES,Combined TRACON& Tower with Radar,33,76,31,6,146,0,7,15,2,24,33,83,46,8,170,8,0,8,178
09/11/2015,CAE,SC,ASO,ES,Combined TRACON& Tower with Radar,26,81,35,2,144,0,0,9,0,9,26,81,44,2,153,8,0,8,161
09/12/2015,CAE,SC,ASO,ES,Combined TRACON& Tower with Radar,16,36,14,4,70,0,0,4,0,4,16,36,18,4,74,0,0,0,74
09/13/2015,CAE,SC,ASO,ES,Combined TRACON& Tower with Radar,13,52,18,2,85,0,1,24,0,25,13,53,42,2,110,0,0,0,110
09/14/2015,CAE,SC,ASO,ES,Combined TRACON& Tower with Radar,14,72,36,0,122,0,3,16,2,21,14,75,52,2,143,6,0,6,149
09/15/2015,CAE,SC,ASO,ES,Combined TRACON& Tower with Radar,28,77,28,2,135,0,0,23,0,23,28,77,51,2,158,0,0,0,158
09/16/2015,CAE,SC,ASO,ES,Combined TRACON& Tower with Radar,26,76,28,8,138,0,3,11,0,14,26,79,39,8,152,29,9,38,190
09/17/2015,CAE,SC,ASO,ES,Combined TRACON& Tower with Radar,26,82,47,2,157,0,0,15,0,15,26,82,62,2,172,2,0,2,174
09/18/2015,CAE,SC,ASO,ES,Combined TRACON& Tower with Radar,21,83,18,2,124,0,1,29,0,30,21,84,47,2,154,0,0,0,154
09/19/2015,CAE,SC,ASO,ES,Combined TRACON& Tower with Radar,12,41,7,0,60,0,0,23,2,25,12,41,30,2,85,0,0,0,85
09/20/2015,CAE,SC,ASO,ES,Combined TRACON& Tower with Radar,14,57,31,0,102,0,0,21,0,21,14,57,52,0,123,2,0,2,125
09/21/2015,CAE,SC,ASO,ES,Combined TRACON& Tower with Radar,15,70,24,0,109,0,0,6,0,6,15,70,30,0,115,0,0,0,115
09/22/2015,CAE,SC,ASO,ES,Combined TRACON& Tower with Radar,26,71,32,14,143,0,0,4,0,4,26,71,36,14,147,0,0,0,147
09/23/2015,CAE,SC,ASO,ES,Combined TRACON& Tower with Radar,25,77,29,0,131,0,0,20,0,20,25,77,49,0,151,0,0,0,151
09/24/2015,CAE,SC,ASO,ES,Combined TRACON& Tower with Radar,26,77,47,0,150,0,0,0,0,0,26,77,47,0,150,0,0,0,150
09/25/2015,CAE,SC,ASO,ES,Combined TRACON& Tower with Radar,20,85,31,0,136,0,0,1,0,1,20,85,32,0,137,0,0,0,137
09/26/2015,CAE,SC,ASO,ES,Combined TRACON& Tower with Radar,13,42,19,0,74,0,0,0,0,0,13,42,19,0,74,0,0,0,74
09/27/2015,CAE,SC,ASO,ES,Combined TRACON& Tower with Radar,12,52,31,0,95,0,0,0,0,0,12,52,31,0,95,0,0,0,95
09/28/2015,CAE,SC,ASO,ES,Combined TRACON& Tower with Radar,15,73,32,0,120,0,0,0,0,0,15,73,32,0,120,0,0,0,120
09/29/2015,CAE,SC,ASO,ES,Combined TRACON& Tower with Radar,26,80,43,4,153,0,0,3,0,3,26,80,46,4,156,0,16,16,172
09/30/2015,CAE,SC,ASO,ES,Combined TRACON& Tower with Radar,26,80,35,5,146,0,2,6,4,12,26,82,41,9,158,0,12,12,170
10/01/2015,CAE,SC,ASO,ES,Combined TRACON& Tower with Radar,25,83,34,19,161,0,0,0,1,1,25,83,34,20,162,0,0,0,162
10/02/2015,CAE,SC,ASO,ES,Combined TRACON& Tower with Radar,23,82,15,3,123,0,0,0,0,0,23,82,15,3,123,0,0,0,123
10/03/2015,CAE,SC,ASO,ES,Combined TRACON& Tower with Radar,15,38,7,0,60,0,0,0,0,0,15,38,7,0,60,0,0,0,60
10/04/2015,CAE,SC,ASO,ES,Combined TRACON& Tower with Radar,7,27,4,3,41,0,0,0,3,3,7,27,4,6,44,0,0,0,44
10/05/2015,CAE,SC,ASO,ES,Combined TRACON& Tower with Radar,14,40,20,5,79,0,0,10,12,22,14,40,30,17,101,0,0,0,101
10/06/2015,CAE,SC,ASO,ES,Combined TRACON& Tower with Radar,23,61,39,9,132,0,0,69,9,78,23,61,108,18,210,0,4,4,214
10/07/2015,CAE,SC,ASO,ES,Combined TRACON& Tower with Radar,24,74,44,1,143,0,1,57,7,65,24,75,101,8,208,10,0,10,218
10/08/2015,CAE,SC,ASO,ES,Combined TRACON& Tower with Radar,26,87,37,0,150,0,1,36,9,46,26,88,73,9,196,0,0,0,196
10/09/2015,CAE,SC,ASO,ES,Combined TRACON& Tower with Radar,26,74,62,3,165,0,0,42,11,53,26,74,104,14,218,17,10,27,245
10/10/2015,CAE,SC,ASO,ES,Combined TRACON& Tower with Radar,15,45,19,0,79,0,0,3,0,3,15,45,22,0,82,0,0,0,82
10/11/2015,CAE,SC,ASO,ES,Combined TRACON& Tower with Radar,8,53,32,0,93,0,0,27,3,30,8,53,59,3,123,0,0,0,123
10/12/2015,CAE,SC,ASO,ES,Combined TRACON& Tower with Radar,15,74,26,2,117,0,0,26,0,26,15,74,52,2,143,0,0,0,143
10/13/2015,CAE,SC,ASO,ES,Combined TRACON& Tower with Radar,23,76,17,2,118,0,3,6,1,10,23,79,23,3,128,0,0,0,128
10/14/2015,CAE,SC,ASO,ES,Combined TRACON& Tower with Radar,28,82,35,10,155,0,0,12,2,14,28,82,47,12,169,0,12,12,181
10/15/2015,CAE,SC,ASO,ES,Combined TRACON& Tower with Radar,27,82,28,10,147,0,0,18,2,20,27,82,46,12,167,2,14,16,183
10/16/2015,CAE,SC,ASO,ES,Combined TRACON& Tower with Radar,20,79,30,3,132,0,0,20,1,21,20,79,50,4,153,0,10,10,163
10/17/2015,CAE,SC,ASO,ES,Combined TRACON& Tower with Radar,13,32,14,0,59,0,0,7,1,8,13,32,21,1,67,0,0,0,67
10/18/2015,CAE,SC,ASO,ES,Combined TRACON& Tower with Radar,8,50,21,0,79,0,0,21,0,21,8,50,42,0,100,6,0,6,106
10/19/2015,CAE,SC,ASO,ES,Combined TRACON& Tower with Radar,15,72,20,0,107,0,0,7,0,7,15,72,27,0,114,0,0,0,114
10/20/2015,CAE,SC,ASO,ES,Combined TRACON& Tower with Radar,28,75,46,6,155,0,0,22,0,22,28,75,68,6,177,4,4,8,185
10/21/2015,CAE,SC,ASO,ES,Combined TRACON& Tower with Radar,24,84,47,4,159,0,0,6,0,6,24,84,53,4,165,0,0,0,165
10/22/2015,CAE,SC,ASO,ES,Combined TRACON& Tower with Radar,26,72,40,12,150,0,0,21,2,23,26,72,61,14,173,6,0,6,179
10/23/2015,CAE,SC,ASO,ES,Combined TRACON& Tower with Radar,21,70,36,1,128,0,3,19,0,22,21,73,55,1,150,0,0,0,150
10/24/2015,CAE,SC,ASO,ES,Combined TRACON& Tower with Radar,14,35,20,0,69,0,0,4,0,4,14,35,24,0,73,0,0,0,73
10/25/2015,CAE,SC,ASO,ES,Combined TRACON& Tower with Radar,14,47,17,0,78,0,0,8,0,8,14,47,25,0,86,0,0,0,86
10/26/2015,CAE,SC,ASO,ES,Combined TRACON& Tower with Radar,16,66,27,2,111,0,0,2,0,2,16,66,29,2,113,0,0,0,113
10/27/2015,CAE,SC,ASO,ES,Combined TRACON& Tower with Radar,28,71,35,10,144,0,0,0,0,0,28,71,35,10,144,0,0,0,144
10/28/2015,CAE,SC,ASO,ES,Combined TRACON& Tower with Radar,30,72,44,26,172,0,0,2,2,4,30,72,46,28,176,0,0,0,176
10/29/2015,CAE,SC,ASO,ES,Combined TRACON& Tower with Radar,28,80,34,4,146,0,1,13,3,17,28,81,47,7,163,0,0,0,163
10/30/2015,CAE,SC,ASO,ES,Combined TRACON& Tower with Radar,23,66,26,0,115,0,2,13,2,17,23,68,39,2,132,14,0,14,146
10/31/2015,CAE,SC,ASO,ES,Combined TRACON& Tower with Radar,14,32,11,0,57,0,0,19,0,19,14,32,30,0,76,0,0,0,76
11/01/2015,CAE,SC,ASO,ES,Combined TRACON& Tower with Radar,16,47,28,2,93,0,0,0,0,0,16,47,28,2,93,0,0,0,93
11/02/2015,CAE,SC,ASO,ES,Combined TRACON& Tower with Radar,17,63,37,0,117,0,0,0,0,0,17,63,37,0,117,0,0,0,117
11/03/2015,CAE,SC,ASO,ES,Combined TRACON& Tower with Radar,26,76,28,10,140,0,0,0,0,0,26,76,28,10,140,0,0,0,140
11/04/2015,CAE,SC,ASO,ES,Combined TRACON& Tower with Radar,29,71,33,3,136,0,0,0,0,0,29,71,33,3,136,0,0,0,136
11/05/2015,CAE,SC,ASO,ES,Combined TRACON& Tower with Radar,29,83,52,14,178,0,0,0,0,0,29,83,52,14,178,0,0,0,178
11/06/2015,CAE,SC,ASO,ES,Combined TRACON& Tower with Radar,22,81,28,13,144,0,0,3,0,3,22,81,31,13,147,0,0,0,147
11/07/2015,CAE,SC,ASO,ES,Combined TRACON& Tower with Radar,15,26,13,0,54,0,0,2,0,2,15,26,15,0,56,0,0,0,56
11/08/2015,CAE,SC,ASO,ES,Combined TRACON& Tower with Radar,14,44,18,0,76,0,0,1,0,1,14,44,19,0,77,0,0,0,77
11/09/2015,CAE,SC,ASO,ES,Combined TRACON& Tower with Radar,17,75,19,2,113,0,0,0,0,0,17,75,19,2,113,0,0,0,113
11/10/2015,CAE,SC,ASO,ES,Combined TRACON& Tower with Radar,25,80,40,3,148,0,1,12,2,15,25,81,52,5,163,0,0,0,163
11/11/2015,CAE,SC,ASO,ES,Combined TRACON& Tower with Radar,29,74,28,1,132,0,1,27,0,28,29,75,55,1,160,0,0,0,160
11/12/2015,CAE,SC,ASO,ES,Combined TRACON& Tower with Radar,28,80,32,14,154,0,0,10,0,10,28,80,42,14,164,8,16,24,188
11/13/2015,CAE,SC,ASO,ES,Combined TRACON& Tower with Radar,30,79,31,4,144,0,0,23,2,25,30,79,54,6,169,8,40,48,217
11/14/2015,CAE,SC,ASO,ES,Combined TRACON& Tower with Radar,12,35,34,1,82,0,0,31,2,33,12,35,65,3,115,0,0,0,115
11/15/2015,CAE,SC,ASO,ES,Combined TRACON& Tower with Radar,15,48,17,2,82,0,0,26,4,30,15,48,43,6,112,24,0,24,136
11/16/2015,CAE,SC,ASO,ES,Combined TRACON& Tower with Radar,19,68,26,0,113,0,0,20,0,20,19,68,46,0,133,12,0,12,145
11/17/2015,CAE,SC,ASO,ES,Combined TRACON& Tower with Radar,29,81,34,6,150,0,0,14,0,14,29,81,48,6,164,4,6,10,174
11/18/2015,CAE,SC,ASO,ES,Combined TRACON& Tower with Radar,39,91,32,0,162,0,0,12,0,12,39,91,44,0,174,0,0,0,174
11/19/2015,CAE,SC,ASO,ES,Combined TRACON& Tower with Radar,29,74,41,0,144,0,0,3,0,3,29,74,44,0,147,0,0,0,147
11/20/2015,CAE,SC,ASO,ES,Combined TRACON& Tower with Radar,25,80,37,8,150,0,0,27,0,27,25,80,64,8,177,16,0,16,193
11/21/2015,CAE,SC,ASO,ES,Combined TRACON& Tower with Radar,12,33,27,0,72,0,0,8,0,8,12,33,35,0,80,16,0,16,96
11/22/2015,CAE,SC,ASO,ES,Combined TRACON& Tower with Radar,12,46,23,0,81,0,0,11,0,11,12,46,34,0,92,6,0,6,98
11/23/2015,CAE,SC,ASO,ES,Combined TRACON& Tower with Radar,13,61,37,2,113,0,2,13,0,15,13,63,50,2,128,0,0,0,128
11/24/2015,CAE,SC,ASO,ES,Combined TRACON& Tower with Radar,31,90,29,0,150,0,0,18,0,18,31,90,47,0,168,24,0,24,192
11/25/2015,CAE,SC,ASO,ES,Combined TRACON& Tower with Radar,34,86,24,2,146,0,0,21,0,21,34,86,45,2,167,0,0,0,167
11/26/2015,CAE,SC,ASO,ES,Combined TRACON& Tower with Radar,11,21,14,0,46,0,0,8,0,8,11,21,22,0,54,0,0,0,54
11/27/2015,CAE,SC,ASO,ES,Combined TRACON& Tower with Radar,14,51,16,0,81,0,1,4,0,5,14,52,20,0,86,0,0,0,86
11/28/2015,CAE,SC,ASO,ES,Combined TRACON& Tower with Radar,12,62,20,0,94,0,0,11,0,11,12,62,31,0,105,8,0,8,113
11/29/2015,CAE,SC,ASO,ES,Combined TRACON& Tower with Radar,20,59,24,0,103,0,0,17,0,17,20,59,41,0,120,24,0,24,144
11/30/2015,CAE,SC,ASO,ES,Combined TRACON& Tower with Radar,19,73,36,6,134,0,0,11,0,11,19,73,47,6,145,4,0,4,149
12/01/2015,CAE,SC,ASO,ES,Combined TRACON& Tower with Radar,37,80,23,22,162,0,0,2,0,2,37,80,25,22,164,0,0,0,164
12/02/2015,CAE,SC,ASO,ES,Combined TRACON& Tower with Radar,29,79,28,13,149,0,0,1,0,1,29,79,29,13,150,0,0,0,150
12/03/2015,CAE,SC,ASO,ES,Combined TRACON& Tower with Radar,31,79,48,5,163,0,0,20,2,22,31,79,68,7,185,14,16,30,215
12/04/2015,CAE,SC,ASO,ES,Combined TRACON& Tower with Radar,18,73,30,2,123,0,1,19,0,20,18,74,49,2,143,22,0,22,165
12/05/2015,CAE,SC,ASO,ES,Combined TRACON& Tower with Radar,10,35,16,0,61,0,1,21,0,22,10,36,37,0,83,22,0,22,105
12/06/2015,CAE,SC,ASO,ES,Combined TRACON& Tower with Radar,12,51,24,0,87,0,0,11,0,11,12,51,35,0,98,0,0,0,98
12/07/2015,CAE,SC,ASO,ES,Combined TRACON& Tower with Radar,17,65,18,0,100,0,3,12,0,15,17,68,30,0,115,10,0,10,125
12/08/2015,CAE,SC,ASO,ES,Combined TRACON& Tower with Radar,31,76,34,0,141,0,3,19,2,24,31,79,53,2,165,28,0,28,193
12/09/2015,CAE,SC,ASO,ES,Combined TRACON& Tower with Radar,30,76,42,0,148,0,0,13,1,14,30,76,55,1,162,10,0,10,172
12/10/2015,CAE,SC,ASO,ES,Combined TRACON& Tower with Radar,29,76,32,3,140,0,0,24,1,25,29,76,56,4,165,2,0,2,167
12/11/2015,CAE,SC,ASO,ES,Combined TRACON& Tower with Radar,20,85,32,2,139,0,2,8,0,10,20,87,40,2,149,0,0,0,149
12/12/2015,CAE,SC,ASO,ES,Combined TRACON& Tower with Radar,25,36,13,0,74,0,0,24,0,24,25,36,37,0,98,0,0,0,98
12/13/2015,CAE,SC,ASO,ES,Combined TRACON& Tower with Radar,15,44,17,0,76,0,0,6,4,10,15,44,23,4,86,0,0,0,86
12/14/2015,CAE,SC,ASO,ES,Combined TRACON& Tower with Radar,19,68,40,13,140,0,0,0,2,2,19,68,40,15,142,0,0,0,142
12/15/2015,CAE,SC,ASO,ES,Combined TRACON& Tower with Radar,36,82,29,8,155,0,0,26,0,26,36,82,55,8,181,0,16,16,197
12/16/2015,CAE,SC,ASO,ES,Combined TRACON& Tower with Radar,36,75,50,15,176,0,2,22,3,27,36,77,72,18,203,0,32,32,235
12/17/2015,CAE,SC,ASO,ES,Combined TRACON& Tower with Radar,43,78,23,0,144,0,0,1,0,1,43,78,24,0,145,0,0,0,145
12/18/2015,CAE,SC,ASO,ES,Combined TRACON& Tower with Radar,39,87,24,2,152,0,0,11,1,12,39,87,35,3,164,0,0,0,164
12/19/2015,CAE,SC,ASO,ES,Combined TRACON& Tower with Radar,21,55,19,12,107,0,0,16,0,16,21,55,35,12,123,0,0,0,123
12/20/2015,CAE,SC,ASO,ES,Combined TRACON& Tower with Radar,22,55,10,0,87,0,0,18,1,19,22,55,28,1,106,6,0,6,112
12/21/2015,CAE,SC,ASO,ES,Combined TRACON& Tower with Radar,25,62,21,5,113,0,0,14,0,14,25,62,35,5,127,6,0,6,133
12/22/2015,CAE,SC,ASO,ES,Combined TRACON& Tower with Radar,60,77,25,2,164,0,0,1,0,1,60,77,26,2,165,0,0,0,165
12/23/2015,CAE,SC,ASO,ES,Combined TRACON& Tower with Radar,50,78,17,2,147,0,0,0,0,0,50,78,17,2,147,0,0,0,147
12/24/2015,CAE,SC,ASO,ES,Combined TRACON& Tower with Radar,32,53,7,0,92,0,0,0,0,0,32,53,7,0,92,0,0,0,92
12/25/2015,CAE,SC,ASO,ES,Combined TRACON& Tower with Radar,11,33,3,0,47,0,0,2,0,2,11,33,5,0,49,0,0,0,49
12/26/2015,CAE,SC,ASO,ES,Combined TRACON& Tower with Radar,10,50,30,0,90,0,0,4,0,4,10,50,34,0,94,0,0,0,94
12/27/2015,CAE,SC,ASO,ES,Combined TRACON& Tower with Radar,8,50,27,0,85,0,0,1,0,1,8,50,28,0,86,0,0,0,86
12/28/2015,CAE,SC,ASO,ES,Combined TRACON& Tower with Radar,15,73,30,2,120,0,0,1,0,1,15,73,31,2,121,0,0,0,121
12/29/2015,CAE,SC,ASO,ES,Combined TRACON& Tower with Radar,26,77,29,2,134,0,0,4,0,4,26,77,33,2,138,4,0,4,142
12/30/2015,CAE,SC,ASO,ES,Combined TRACON& Tower with Radar,32,70,10,0,112,0,0,1,0,1,32,70,11,0,113,0,0,0,113
12/31/2015,CAE,SC,ASO,ES,Combined TRACON& Tower with Radar,16,55,12,0,83,0,0,2,0,2,16,55,14,0,85,0,0,0,85
01/01/2016,CAE,SC,ASO,ES,Combined TRACON& Tower with Radar,12,44,17,0,73,0,0,7,0,7,12,44,24,0,80,0,0,0,80
01/02/2016,CAE,SC,ASO,ES,Combined TRACON& Tower with Radar,15,53,32,0,100,0,0,24,1,25,15,53,56,1,125,0,0,0,125
01/03/2016,CAE,SC,ASO,ES,Combined TRACON& Tower with Radar,12,54,23,0,89,0,0,16,0,16,12,54,39,0,105,2,0,2,107
01/04/2016,CAE,SC,ASO,ES,Combined TRACON& Tower with Radar,16,66,26,0,108,0,0,19,0,19,16,66,45,0,127,2,0,2,129
01/05/2016,CAE,SC,ASO,ES,Combined TRACON& Tower with Radar,22,80,40,0,142,0,3,30,0,33,22,83,70,0,175,0,0,0,175
01/06/2016,CAE,SC,ASO,ES,Combined TRACON& Tower with Radar,20,81,36,8,145,0,4,16,0,20,20,85,52,8,165,6,0,6,171
01/07/2016,CAE,SC,ASO,ES,Combined TRACON& Tower with Radar,25,81,20,0,126,0,4,10,1,15,25,85,30,1,141,0,0,0,141
01/08/2016,CAE,SC,ASO,ES,Combined TRACON& Tower with Radar,17,81,26,2,126,0,0,0,0,0,17,81,26,2,126,0,0,0,126
01/09/2016,CAE,SC,ASO,ES,Combined TRACON& Tower with Radar,8,49,30,0,87,0,0,0,0,0,8,49,30,0,87,0,0,0,87
01/10/2016,CAE,SC,ASO,ES,Combined TRACON& Tower with Radar,9,55,15,2,81,0,1,7,0,8,9,56,22,2,89,0,0,0,89
01/11/2016,CAE,SC,ASO,ES,Combined TRACON& Tower with Radar,11,78,27,0,116,0,2,20,3,25,11,80,47,3,141,0,0,0,141
01/12/2016,CAE,SC,ASO,ES,Combined TRACON& Tower with Radar,24,85,30,9,148,0,0,11,1,12,24,85,41,10,160,0,4,4,164
01/13/2016,CAE,SC,ASO,ES,Combined TRACON& Tower with Radar,24,83,37,12,156,0,0,27,4,31,24,83,64,16,187,18,10,28,215
01/14/2016,CAE,SC,ASO,ES,Combined TRACON& Tower with Radar,23,87,48,6,164,0,7,21,2,30,23,94,69,8,194,0,20,20,214
01/15/2016,CAE,SC,ASO,ES,Combined TRACON& Tower with Radar,14,84,22,0,120,0,0,0,0,0,14,84,22,0,120,0,0,0,120
01/16/2016,CAE,SC,ASO,ES,Combined TRACON& Tower with Radar,9,41,18,0,68,0,0,12,0,12,9,41,30,0,80,0,8,8,88
01/17/2016,CAE,SC,ASO,ES,Combined TRACON& Tower with Radar,6,48,36,0,90,0,0,6,0,6,6,48,42,0,96,0,0,0,96
01/18/2016,CAE,SC,ASO,ES,Combined TRACON& Tower with Radar,12,66,31,0,109,0,1,21,0,22,12,67,52,0,131,12,0,12,143
01/19/2016,CAE,SC,ASO,ES,Combined TRACON& Tower with Radar,22,82,38,6,148,0,3,24,0,27,22,85,62,6,175,20,14,34,209
01/20/2016,CAE,SC,ASO,ES,Combined TRACON& Tower with Radar,26,72,28,14,140,0,3,18,2,23,26,75,46,16,163,10,16,26,189
01/21/2016,CAE,SC,ASO,ES,Combined TRACON& Tower with Radar,21,77,42,5,145,0,0,16,1,17,21,77,58,6,162,34,0,34,196
01/22/2016,CAE,SC,ASO,ES,Combined TRACON& Tower with Radar,24,57,10,1,92,0,0,0,0,0,24,57,10,1,92,0,0,0,92
01/23/2016,CAE,SC,ASO,ES,Combined TRACON& Tower with Radar,9,34,5,1,49,0,0,1,0,1,9,34,6,1,50,0,0,0,50
01/24/2016,CAE,SC,ASO,ES,Combined TRACON& Tower with Radar,10,40,30,1,81,0,2,23,0,25,10,42,53,1,106,0,0,0,106
01/25/2016,CAE,SC,ASO,ES,Combined TRACON& Tower with Radar,14,66,31,2,113,0,3,17,0,20,14,69,48,2,133,0,0,0,133
01/26/2016,CAE,SC,ASO,ES,Combined TRACON& Tower with Radar,22,76,46,7,151,0,2,14,0,16,22,78,60,7,167,0,0,0,167
01/27/2016,CAE,SC,ASO,ES,Combined TRACON& Tower with Radar,26,83,28,6,143,0,0,7,1,8,26,83,35,7,151,0,0,0,151
01/28/2016,CAE,SC,ASO,ES,Combined TRACON& Tower with Radar,22,74,47,4,147,0,0,0,0,0,22,74,47,4,147,0,0,0,147
01/29/2016,CAE,SC,ASO,ES,Combined TRACON& Tower with Radar,18,86,47,11,162,0,3,26,3,32,18,89,73,14,194,4,0,4,198
01/30/2016,CAE,SC,ASO,ES,Combined TRACON& Tower with Radar,8,42,25,0,75,0,0,19,0,19,8,42,44,0,94,0,0,0,94
01/31/2016,CAE,SC,ASO,ES,Combined TRACON& Tower with Radar,6,42,24,0,72,0,0,85,0,85,6,42,109,0,157,0,0,0,157
02/01/2016,CAE,SC,ASO,ES,Combined TRACON& Tower with Radar,14,64,34,8,120,0,0,22,2,24,14,64,56,10,144,10,0,10,154
02/02/2016,CAE,SC,ASO,ES,Combined TRACON& Tower with Radar,20,74,38,4,136,0,0,10,0,10,20,74,48,4,146,6,6,12,158
02/03/2016,CAE,SC,ASO,ES,Combined TRACON& Tower with Radar,26,75,20,0,121,0,0,0,0,0,26,75,20,0,121,0,0,0,121
02/04/2016,CAE,SC,ASO,ES,Combined TRACON& Tower with Radar,25,77,42,6,150,0,0,6,0,6,25,77,48,6,156,2,26,28,184
02/05/2016,CAE,SC,ASO,ES,Combined TRACON& Tower with Radar,16,76,26,2,120,0,0,15,2,17,16,76,41,4,137,0,0,0,137
02/06/2016,CAE,SC,ASO,ES,Combined TRACON& Tower with Radar,6,40,12,0,58,0,0,30,2,32,6,40,42,2,90,10,0,10,100
02/07/2016,CAE,SC,ASO,ES,Combined TRACON& Tower with Radar,9,47,31,0,87,0,0,21,0,21,9,47,52,0,108,0,0,0,108
02/08/2016,CAE,SC,ASO,ES,Combined TRACON& Tower with Radar,14,68,24,3,109,0,0,10,2,12,14,68,34,5,121,2,0,2,123
02/09/2016,CAE,SC,ASO,ES,Combined TRACON& Tower with Radar,22,78,23,2,125,0,0,9,0,9,22,78,32,2,134,8,0,8,142
02/10/2016,CAE,SC,ASO,ES,Combined TRACON& Tower with Radar,24,94,51,4,173,0,0,11,0,11,24,94,62,4,184,0,0,0,184
02/11/2016,CAE,SC,ASO,ES,Combined TRACON& Tower with Radar,28,78,43,11,160,0,0,9,2,11,28,78,52,13,171,0,16,16,187
02/12/2016,CAE,SC,ASO,ES,Combined TRACON& Tower with Radar,25,75,39,0,139,0,0,10,2,12,25,75,49,2,151,10,0,10,161
02/13/2016,CAE,SC,ASO,ES,Combined TRACON& Tower with Radar,13,34,28,0,75,0,0,27,0,27,13,34,55,0,102,16,0,16,118
02/14/2016,CAE,SC,ASO,ES,Combined TRACON& Tower with Radar,16,49,21,0,86,0,0,14,0,14,16,49,35,0,100,0,0,0,100
02/15/2016,CAE,SC,ASO,ES,Combined TRACON& Tower with Radar,21,63,26,0,110,0,0,0,0,0,21,63,26,0,110,0,0,0,110
02/16/2016,CAE,SC,ASO,ES,Combined TRACON& Tower with Radar,29,69,30,0,128,0,0,6,0,6,29,69,36,0,134,0,0,0,134
02/17/2016,CAE,SC,ASO,ES,Combined TRACON& Tower with Radar,28,69,44,0,141,0,0,28,0,28,28,69,72,0,169,16,0,16,185
02/18/2016,CAE,SC,ASO,ES,Combined TRACON& Tower with Radar,30,77,52,1,160,0,0,31,1,32,30,77,83,2,192,6,0,6,198
02/19/2016,CAE,SC,ASO,ES,Combined TRACON& Tower with Radar,19,75,34,11,139,0,0,34,1,35,19,75,68,12,174,10,0,10,184
02/20/2016,CAE,SC,ASO,ES,Combined TRACON& Tower with Radar,11,37,36,0,84,0,0,8,0,8,11,37,44,0,92,6,0,6,98
02/21/2016,CAE,SC,ASO,ES,Combined TRACON& Tower with Radar,8,34,16,1,59,0,0,5,0,5,8,34,21,1,64,0,0,0,64
02/22/2016,CAE,SC,ASO,ES,Combined TRACON& Tower with Radar,19,62,35,2,118,0,0,2,0,2,19,62,37,2,120,0,0,0,120
02/23/2016,CAE,SC,ASO,ES,Combined TRACON& Tower with Radar,28,78,29,18,153,0,0,0,0,0,28,78,29,18,153,0,0,0,153
02/24/2016,CAE,SC,ASO,ES,Combined TRACON& Tower with Radar,30,84,14,9,137,0,0,0,0,0,30,84,14,9,137,0,0,0,137
02/25/2016,CAE,SC,ASO,ES,Combined TRACON& Tower with Radar,30,69,39,4,142,0,0,0,2,2,30,69,39,6,144,0,0,0,144
02/26/2016,CAE,SC,ASO,ES,Combined TRACON& Tower with Radar,22,79,31,2,134,0,4,19,0,23,22,83,50,2,157,18,0,18,175
02/27/2016,CAE,SC,ASO,ES,Combined TRACON& Tower with Radar,12,42,21,0,75,0,1,22,0,23,12,43,43,0,98,14,0,14,112
02/28/2016,CAE,SC,ASO,ES,Combined TRACON& Tower with Radar,11,52,26,2,91,0,0,16,2,18,11,52,42,4,109,6,0,6,115
02/29/2016,CAE,SC,ASO,ES,Combined TRACON& Tower with Radar,18,70,39,2,129,0,0,10,0,10,18,70,49,2,139,0,0,0,139
03/01/2016,CAE,SC,ASO,ES,Combined TRACON& Tower with Radar,35,76,38,12,161,0,0,13,1,14,35,76,51,13,175,0,34,34,209
03/02/2016,CAE,SC,ASO,ES,Combined TRACON& Tower with Radar,29,74,30,2,135,0,0,19,0,19,29,74,49,2,154,10,0,10,164
03/03/2016,CAE,SC,ASO,ES,Combined TRACON& Tower with Radar,29,77,40,8,154,0,0,11,0,11,29,77,51,8,165,0,0,0,165
03/04/2016,CAE,SC,ASO,ES,Combined TRACON& Tower with Radar,25,65,34,6,130,0,0,18,0,18,25,65,52,6,148,8,0,8,156
03/05/2016,CAE,SC,ASO,ES,Combined TRACON& Tower with Radar,11,43,17,2,73,0,0,12,0,12,11,43,29,2,85,0,0,0,85
03/06/2016,CAE,SC,ASO,ES,Combined TRACON& Tower with Radar,15,53,10,0,78,0,0,13,0,13,15,53,23,0,91,0,0,0,91
03/07/2016,CAE,SC,ASO,ES,Combined TRACON& Tower with Radar,17,68,13,1,99,0,2,11,1,14,17,70,24,2,113,0,0,0,113
03/08/2016,CAE,SC,ASO,ES,Combined TRACON& Tower with Radar,32,68,38,6,144,0,1,29,0,30,32,69,67,6,174,2,0,2,176
03/09/2016,CAE,SC,ASO,ES,Combined TRACON& Tower with Radar,31,75,48,3,157,0,0,21,3,24,31,75,69,6,181,0,0,0,181
03/10/2016,CAE,SC,ASO,ES,Combined TRACON& Tower with Radar,34,75,30,4,143,0,0,16,0,16,34,75,46,4,159,10,14,24,183
03/11/2016,CAE,SC,ASO,ES,Combined TRACON& Tower with Radar,25,71,48,4,148,0,0,34,0,34,25,71,82,4,182,44,0,44,226
03/12/2016,CAE,SC,ASO,ES,Combined TRACON& Tower with Radar,9,42,32,2,85,0,0,8,2,10,9,42,40,4,95,0,0,0,95
03/13/2016,CAE,SC,ASO,ES,Combined TRACON& Tower with Radar,9,58,13,0,80,0,0,3,0,3,9,58,16,0,83,0,0,0,83
03/14/2016,CAE,SC,ASO,ES,Combined TRACON& Tower with Radar,21,68,28,5,122,0,2,16,0,18,21,70,44,5,140,8,0,8,148
03/15/2016,CAE,SC,ASO,ES,Combined TRACON& Tower with Radar,27,73,36,5,141,0,1,17,3,21,27,74,53,8,162,23,12,35,197
03/16/2016,CAE,SC,ASO,ES,Combined TRACON& Tower with Radar,37,80,39,14,170,0,4,16,5,25,37,84,55,19,195,0,40,40,235
03/17/2016,CAE,SC,ASO,ES,Combined TRACON& Tower with Radar,31,72,36,12,151,0,0,9,0,9,31,72,45,12,160,0,22,22,182
03/18/2016,CAE,SC,ASO,ES,Combined TRACON& Tower with Radar,24,73,21,0,118,0,0,14,0,14,24,73,35,0,132,48,0,48,180
03/19/2016,CAE,SC,ASO,ES,Combined TRACON& Tower with Radar,12,49,9,1,71,0,0,11,1,12,12,49,20,2,83,12,0,12,95
03/20/2016,CAE,SC,ASO,ES,Combined TRACON& Tower with Radar,15,56,13,2,86,0,0,1,6,7,15,56,14,8,93,0,0,0,93
03/21/2016,CAE,SC,ASO,ES,Combined TRACON& Tower with Radar,17,68,35,4,124,0,0,17,3,20,17,68,52,7,144,0,0,0,144
03/22/2016,CAE,SC,ASO,ES,Combined TRACON& Tower with Radar,31,73,28,5,137,0,0,35,1,36,31,73,63,6,173,32,18,50,223
03/23/2016,CAE,SC,ASO,ES,Combined TRACON& Tower with Radar,27,73,37,7,144,0,0,20,1,21,27,73,57,8,165,24,14,38,203
03/24/2016,CAE,SC,ASO,ES,Combined TRACON& Tower with Radar,38,74,40,4,156,0,4,13,1,18,38,78,53,5,174,0,0,0,174
03/25/2016,CAE,SC,ASO,ES,Combined TRACON& Tower with Radar,18,73,24,10,125,0,0,9,0,9,18,73,33,10,134,0,26,26,160
03/26/2016,CAE,SC,ASO,ES,Combined TRACON& Tower with Radar,12,39,15,0,66,0,0,2,0,2,12,39,17,0,68,0,0,0,68
03/27/2016,CAE,SC,ASO,ES,Combined TRACON& Tower with Radar,8,51,8,0,67,0,0,0,0,0,8,51,8,0,67,0,0,0,67
03/28/2016,CAE,SC,ASO,ES,Combined TRACON& Tower with Radar,17,72,24,1,114,0,1,0,0,1,17,73,24,1,115,15,0,15,130
03/29/2016,CAE,SC,ASO,ES,Combined TRACON& Tower with Radar,28,79,15,3,125,0,0,9,1,10,28,79,24,4,135,0,0,0,135
03/30/2016,CAE,SC,ASO,ES,Combined TRACON& Tower with Radar,29,76,46,3,154,0,0,17,7,24,29,76,63,10,178,6,0,6,184
03/31/2016,CAE,SC,ASO,ES,Combined TRACON& Tower with Radar,28,71,32,3,134,0,0,4,0,4,28,71,36,3,138,0,0,0,138
04/01/2016,CAE,SC,ASO,ES,Combined TRACON& Tower with Radar,19,69,14,0,102,0,0,3,0,3,19,69,17,0,105,0,0,0,105
04/02/2016,CAE,SC,ASO,ES,Combined TRACON& Tower with Radar,8,48,18,0,74,0,0,8,2,10,8,48,26,2,84,18,0,18,102
04/03/2016,CAE,SC,ASO,ES,Combined TRACON& Tower with Radar,8,56,25,1,90,0,2,25,2,29,8,58,50,3,119,40,0,40,159
04/04/2016,CAE,SC,ASO,ES,Combined TRACON& Tower with Radar,19,62,39,8,128,0,0,26,3,29,19,62,65,11,157,56,8,64,221
04/05/2016,CAE,SC,ASO,ES,Combined TRACON& Tower with Radar,34,67,33,4,138,0,0,17,2,19,34,67,50,6,157,0,0,0,157
04/06/2016,CAE,SC,ASO,ES,Combined TRACON& Tower with Radar,32,70,55,4,161,0,0,19,0,19,32,70,74,4,180,10,0,10,190
04/07/2016,CAE,SC,ASO,ES,Combined TRACON& Tower with Radar,31,83,67,3,184,0,0,6,0,6,31,83,73,3,190,0,0,0,190
04/08/2016,CAE,SC,ASO,ES,Combined TRACON& Tower with Radar,24,69,76,5,174,0,0,30,0,30,24,69,106,5,204,18,0,18,222
04/09/2016,CAE,SC,ASO,ES,Combined TRACON& Tower with Radar,17,32,30,0,79,0,0,18,0,18,17,32,48,0,97,0,0,0,97
04/10/2016,CAE,SC,ASO,ES,Combined TRACON& Tower with Radar,17,46,39,1,103,0,0,30,0,30,17,46,69,1,133,0,0,0,133
04/11/2016,CAE,SC,ASO,ES,Combined TRACON& Tower with Radar,21,64,33,2,120,0,0,13,0,13,21,64,46,2,133,0,0,0,133
04/12/2016,CAE,SC,ASO,ES,Combined TRACON& Tower with Radar,34,75,34,8,151,0,0,3,0,3,34,75,37,8,154,21,26,47,201
04/13/2016,CAE,SC,ASO,ES,Combined TRACON& Tower with Radar,32,73,30,0,135,0,0,10,0,10,32,73,40,0,145,0,0,0,145
04/14/2016,CAE,SC,ASO,ES,Combined TRACON& Tower with Radar,32,76,33,3,144,0,0,15,5,20,32,76,48,8,164,30,0,30,194
04/15/2016,CAE,SC,ASO,ES,Combined TRACON& Tower with Radar,26,69,35,8,138,0,0,16,0,16,26,69,51,8,154,74,0,74,228
04/16/2016,CAE,SC,ASO,ES,Combined TRACON& Tower with Radar,16,32,26,0,74,0,0,11,0,11,16,32,37,0,85,20,0,20,105
04/17/2016,CAE,SC,ASO,ES,Combined TRACON& Tower with Radar,18,42,28,3,91,0,0,30,1,31,18,42,58,4,122,30,0,30,152
04/18/2016,CAE,SC,ASO,ES,Combined TRACON& Tower with Radar,21,62,30,0,113,0,0,16,0,16,21,62,46,0,129,0,0,0,129
04/19/2016,CAE,SC,ASO,ES,Combined TRACON& Tower with Radar,34,66,30,3,133,0,0,13,1,14,34,66,43,4,147,0,0,0,147
04/20/2016,CAE,SC,ASO,ES,Combined TRACON& Tower with Radar,32,70,29,0,131,0,0,14,0,14,32,70,43,0,145,0,0,0,145
04/21/2016,CAE,SC,ASO,ES,Combined TRACON& Tower with Radar,32,67,53,4,156,0,0,14,0,14,32,67,67,4,170,2,0,2,172
04/22/2016,CAE,SC,ASO,ES,Combined TRACON& Tower with Radar,25,68,30,3,126,0,0,5,0,5,25,68,35,3,131,0,0,0,131
04/23/2016,CAE,SC,ASO,ES,Combined TRACON& Tower with Radar,17,33,13,1,64,0,0,13,8,21,17,33,26,9,85,4,0,4,89
04/24/2016,CAE,SC,ASO,ES,Combined TRACON& Tower with Radar,20,45,27,0,92,0,0,25,0,25,20,45,52,0,117,0,0,0,117
04/25/2016,CAE,SC,ASO,ES,Combined TRACON& Tower with Radar,19,60,27,2,108,0,0,17,2,19,19,60,44,4,127,10,0,10,137
04/26/2016,CAE,SC,ASO,ES,Combined TRACON& Tower with Radar,33,73,44,4,154,0,0,24,2,26,33,73,68,6,180,0,16,16,196
04/27/2016,CAE,SC,ASO,ES,Combined TRACON& Tower with Radar,26,79,23,4,132,0,2,20,0,22,26,81,43,4,154,8,0,8,162
04/28/2016,CAE,SC,ASO,ES,Combined TRACON& Tower with Radar,35,70,31,2,138,0,0,21,0,21,35,70,52,2,159,20,0,20,179
04/29/2016,CAE,SC,ASO,ES,Combined TRACON& Tower with Radar,23,71,33,4,131,0,0,30,2,32,23,71,63,6,163,0,0,0,163
04/30/2016,CAE,SC,ASO,ES,Combined TRACON& Tower with Radar,35,35,19,2,91,0,0,6,0,6,35,35,25,2,97,18,0,18,115
05/01/2016,CAE,SC,ASO,ES,Combined TRACON& Tower with Radar,30,50,13,4,97,0,0,1,2,3,30,50,14,6,100,0,0,0,100
05/02/2016,CAE,SC,ASO,ES,Combined TRACON& Tower with Radar,22,51,26,4,103,0,0,1,1,2,22,51,27,5,105,2,0,2,107
05/03/2016,CAE,SC,ASO,ES,Combined TRACON& Tower with Radar,36,67,31,3,137,0,1,3,4,8,36,68,34,7,145,8,0,8,153
05/04/2016,CAE,SC,ASO,ES,Combined TRACON& Tower with Radar,36,78,39,4,157,0,3,21,0,24,36,81,60,4,181,6,0,6,187
05/05/2016,CAE,SC,ASO,ES,Combined TRACON& Tower with Radar,34,79,37,2,152,0,4,13,0,17,34,83,50,2,169,0,0,0,169
05/06/2016,CAE,SC,ASO,ES,Combined TRACON& Tower with Radar,29,76,20,4,129,0,2,18,7,27,29,78,38,11,156,6,0,6,162
05/07/2016,CAE,SC,ASO,ES,Combined TRACON& Tower with Radar,20,37,22,4,83,0,2,12,0,14,20,39,34,4,97,0,0,0,97
05/08/2016,CAE,SC,ASO,ES,Combined TRACON& Tower with Radar,16,49,19,0,84,0,0,14,0,14,16,49,33,0,98,0,0,0,98
05/09/2016,CAE,SC,ASO,ES,Combined TRACON& Tower with Radar,24,61,32,2,119,0,0,14,0,14,24,61,46,2,133,0,0,0,133
05/10/2016,CAE,SC,ASO,ES,Combined TRACON& Tower with Radar,29,69,34,8,140,0,0,12,2,14,29,69,46,10,154,2,26,28,182
05/11/2016,CAE,SC,ASO,ES,Combined TRACON& Tower with Radar,40,70,38,2,150,0,0,15,0,15,40,70,53,2,165,22,0,22,187
05/12/2016,CAE,SC,ASO,ES,Combined TRACON& Tower with Radar,36,68,24,3,131,0,0,12,16,28,36,68,36,19,159,4,0,4,163
05/13/2016,CAE,SC,ASO,ES,Combined TRACON& Tower with Radar,27,75,36,4,142,0,0,14,0,14,27,75,50,4,156,0,0,0,156
05/14/2016,CAE,SC,ASO,ES,Combined TRACON& Tower with Radar,17,27,12,0,56,0,0,31,0,31,17,27,43,0,87,10,0,10,97
05/15/2016,CAE,SC,ASO,ES,Combined TRACON& Tower with Radar,23,40,17,3,83,0,0,13,0,13,23,40,30,3,96,0,0,0,96
05/16/2016,CAE,SC,ASO,ES,Combined TRACON& Tower with Radar,25,61,24,2,112,0,0,16,2,18,25,61,40,4,130,0,0,0,130
05/17/2016,CAE,SC,ASO,ES,Combined TRACON& Tower with Radar,38,66,36,6,146,0,1,3,2,6,38,67,39,8,152,4,0,4,156
05/18/2016,CAE,SC,ASO,ES,Combined TRACON& Tower with Radar,35,63,39,6,143,0,0,11,4,15,35,63,50,10,158,24,0,24,182
05/19/2016,CAE,SC,ASO,ES,Combined TRACON& Tower with Radar,37,64,25,1,127,0,0,0,0,0,37,64,25,1,127,0,0,0,127
05/20/2016,CAE,SC,ASO,ES,Combined TRACON& Tower with Radar,28,66,17,0,111,0,0,0,0,0,28,66,17,0,111,0,0,0,111
05/21/2016,CAE,SC,ASO,ES,Combined TRACON& Tower with Radar,23,28,11,0,62,0,0,5,0,5,23,28,16,0,67,0,0,0,67
05/22/2016,CAE,SC,ASO,ES,Combined TRACON& Tower with Radar,20,43,34,8,105,0,0,16,0,16,20,43,50,8,121,0,0,0,121
05/23/2016,CAE,SC,ASO,ES,Combined TRACON& Tower with Radar,23,67,39,7,136,0,0,23,1,24,23,67,62,8,160,0,0,0,160
05/24/2016,CAE,SC,ASO,ES,Combined TRACON& Tower with Radar,37,77,30,0,144,0,3,28,0,31,37,80,58,0,175,13,0,13,188
05/25/2016,CAE,SC,ASO,ES,Combined TRACON& Tower with Radar,36,64,36,8,144,0,2,14,0,16,36,66,50,8,160,30,0,30,190
05/26/2016,CAE,SC,ASO,ES,Combined TRACON& Tower with Radar,31,63,23,4,121,0,0,12,1,13,31,63,35,5,134,0,0,0,134
05/27/2016,CAE,SC,ASO,ES,Combined TRACON& Tower with Radar,26,69,20,0,115,0,0,17,0,17,26,69,37,0,132,0,0,0,132
05/28/2016,CAE,SC,ASO,ES,Combined TRACON& Tower with Radar,16,31,14,0,61,0,0,13,0,13,16,31,27,0,74,8,0,8,82
05/29/2016,CAE,SC,ASO,ES,Combined TRACON& Tower with Radar,12,38,4,0,54,0,0,2,0,2,12,38,6,0,56,0,0,0,56
05/30/2016,CAE,SC,ASO,ES,Combined TRACON& Tower with Radar,17,44,8,0,69,0,0,4,0,4,17,44,12,0,73,0,0,0,73
05/31/2016,CAE,SC,ASO,ES,Combined TRACON& Tower with Radar,30,64,46,0,140,0,0,7,0,7,30,64,53,0,147,0,0,0,147
06/01/2016,CAE,SC,ASO,ES,Combined TRACON& Tower with Radar,38,73,41,4,156,0,1,2,2,5,38,74,43,6,161,0,0,0,161
06/02/2016,CAE,SC,ASO,ES,Combined TRACON& Tower with Radar,40,67,36,10,153,0,0,11,1,12,40,67,47,11,165,0,14,14,179
06/03/2016,CAE,SC,ASO,ES,Combined TRACON& Tower with Radar,37,70,13,6,126,0,1,11,0,12,37,71,24,6,138,0,0,0,138
06/04/2016,CAE,SC,ASO,ES,Combined TRACON& Tower with Radar,20,33,7,0,60,0,10,13,0,23,20,43,20,0,83,0,0,0,83
06/05/2016,CAE,SC,ASO,ES,Combined TRACON& Tower with Radar,20,41,5,0,66,0,0,2,0,2,20,41,7,0,68,0,0,0,68
06/06/2016,CAE,SC,ASO,ES,Combined TRACON& Tower with Radar,32,52,19,0,103,0,0,0,0,0,32,52,19,0,103,0,0,0,103
06/07/2016,CAE,SC,ASO,ES,Combined TRACON& Tower with Radar,41,71,26,2,140,0,2,10,0,12,41,73,36,2,152,2,0,2,154
06/08/2016,CAE,SC,ASO,ES,Combined TRACON& Tower with Radar,40,64,26,2,132,0,4,17,0,21,40,68,43,2,153,0,0,0,153
06/09/2016,CAE,SC,ASO,ES,Combined TRACON& Tower with Radar,34,60,26,8,128,0,0,14,0,14,34,60,40,8,142,0,0,0,142
06/10/2016,CAE,SC,ASO,ES,Combined TRACON& Tower with Radar,30,65,11,2,108,0,0,17,0,17,30,65,28,2,125,4,0,4,129
06/11/2016,CAE,SC,ASO,ES,Combined TRACON& Tower with Radar,15,35,15,2,67,0,1,7,0,8,15,36,22,2,75,6,0,6,81
06/12/2016,CAE,SC,ASO,ES,Combined TRACON& Tower with Radar,17,48,16,2,83,0,0,11,0,11,17,48,27,2,94,2,0,2,96
06/13/2016,CAE,SC,ASO,ES,Combined TRACON& Tower with Radar,27,62,34,12,135,0,1,14,0,15,27,63,48,12,150,0,0,0,150
06/14/2016,CAE,SC,ASO,ES,Combined TRACON& Tower with Radar,40,67,36,2,145,0,2,16,0,18,40,69,52,2,163,0,0,0,163
06/15/2016,CAE,SC,ASO,ES,Combined TRACON& Tower with Radar,36,70,31,8,145,0,4,10,0,14,36,74,41,8,159,0,0,0,159
06/16/2016,CAE,SC,ASO,ES,Combined TRACON& Tower with Radar,36,70,27,8,141,0,1,16,0,17,36,71,43,8,158,8,10,18,176
06/17/2016,CAE,SC,ASO,ES,Combined TRACON& Tower with Radar,28,69,16,0,113,0,1,9,0,10,28,70,25,0,123,0,0,0,123
06/18/2016,CAE,SC,ASO,ES,Combined TRACON& Tower with Radar,18,36,15,0,69,0,0,19,0,19,18,36,34,0,88,0,0,0,88
06/19/2016,CAE,SC,ASO,ES,Combined TRACON& Tower with Radar,17,38,5,0,60,0,1,7,0,8,17,39,12,0,68,0,0,0,68
06/20/2016,CAE,SC,ASO,ES,Combined TRACON& Tower with Radar,28,60,14,0,102,0,5,10,0,15,28,65,24,0,117,2,0,2,119
06/21/2016,CAE,SC,ASO,ES,Combined TRACON& Tower with Radar,39,62,26,3,130,0,3,17,1,21,39,65,43,4,151,0,0,0,151
06/22/2016,CAE,SC,ASO,ES,Combined TRACON& Tower with Radar,37,73,21,2,133,0,2,20,0,22,37,75,41,2,155,8,0,8,163
06/23/2016,CAE,SC,ASO,ES,Combined TRACON& Tower with Radar,31,69,31,2,133,0,2,12,4,18,31,71,43,6,151,0,0,0,151
06/24/2016,CAE,SC,ASO,ES,Combined TRACON& Tower with Radar,32,67,24,2,125,0,0,7,0,7,32,67,31,2,132,0,0,0,132
06/25/2016,CAE,SC,ASO,ES,Combined TRACON& Tower with Radar,17,35,14,0,66,0,2,7,0,9,17,37,21,0,75,52,0,52,127
06/26/2016,CAE,SC,ASO,ES,Combined TRACON& Tower with Radar,22,42,24,0,88,0,0,5,0,5,22,42,29,0,93,0,0,0,93
06/27/2016,CAE,SC,ASO,ES,Combined TRACON& Tower with Radar,41,57,18,2,118,0,0,4,0,4,41,57,22,2,122,6,0,6,128
06/28/2016,CAE,SC,ASO,ES,Combined TRACON& Tower with Radar,37,66,29,2,134,0,0,4,0,4,37,66,33,2,138,0,0,0,138
06/29/2016,CAE,SC,ASO,ES,Combined TRACON& Tower with Radar,35,63,36,7,141,0,0,14,0,14,35,63,50,7,155,4,0,4,159
06/30/2016,CAE,SC,ASO,ES,Combined TRACON& Tower with Radar,38,69,42,4,153,0,0,4,0,4,38,69,46,4,157,0,0,0,157
07/01/2016,CAE,SC,ASO,ES,Combined TRACON& Tower with Radar,28,73,29,0,130,0,0,7,0,7,28,73,36,0,137,0,0,0,137
07/02/2016,CAE,SC,ASO,ES,Combined TRACON& Tower with Radar,17,36,12,0,65,0,0,11,0,11,17,36,23,0,76,0,0,0,76
07/03/2016,CAE,SC,ASO,ES,Combined TRACON& Tower with Radar,16,27,4,0,47,0,0,9,0,9,16,27,13,0,56,0,0,0,56
07/04/2016,CAE,SC,ASO,ES,Combined TRACON& Tower with Radar,20,27,11,0,58,0,0,5,0,5,20,27,16,0,63,0,0,0,63
07/05/2016,CAE,SC,ASO,ES,Combined TRACON& Tower with Radar,33,76,16,1,126,0,1,11,1,13,33,77,27,2,139,0,0,0,139
07/06/2016,CAE,SC,ASO,ES,Combined TRACON& Tower with Radar,38,66,22,0,126,0,0,15,0,15,38,66,37,0,141,0,0,0,141
07/07/2016,CAE,SC,ASO,ES,Combined TRACON& Tower with Radar,32,65,13,5,115,0,0,19,1,20,32,65,32,6,135,0,22,22,157
07/08/2016,CAE,SC,ASO,ES,Combined TRACON& Tower with Radar,37,61,18,10,126,0,2,5,0,7,37,63,23,10,133,0,0,0,133
07/09/2016,CAE,SC,ASO,ES,Combined TRACON& Tower with Radar,17,43,12,0,72,0,0,12,0,12,17,43,24,0,84,6,0,6,90
07/10/2016,CAE,SC,ASO,ES,Combined TRACON& Tower with Radar,20,38,18,6,82,0,0,19,0,19,20,38,37,6,101,6,0,6,107
07/11/2016,CAE,SC,ASO,ES,Combined TRACON& Tower with Radar,38,59,32,11,140,0,0,16,2,18,38,59,48,13,158,0,0,0,158
07/12/2016,CAE,SC,ASO,ES,Combined TRACON& Tower with Radar,36,64,34,8,142,0,3,11,0,14,36,67,45,8,156,0,0,0,156
07/13/2016,CAE,SC,ASO,ES,Combined TRACON& Tower with Radar,38,65,38,8,149,0,0,22,1,23,38,65,60,9,172,2,6,8,180
07/14/2016,CAE,SC,ASO,ES,Combined TRACON& Tower with Radar,36,70,19,6,131,0,0,14,0,14,36,70,33,6,145,0,0,0,145
07/15/2016,CAE,SC,ASO,ES,Combined TRACON& Tower with Radar,32,61,11,4,108,0,0,18,0,18,32,61,29,4,126,0,0,0,126
07/16/2016,CAE,SC,ASO,ES,Combined TRACON& Tower with Radar,18,35,21,0,74,0,0,3,0,3,18,35,24,0,77,0,0,0,77
07/17/2016,CAE,SC,ASO,ES,Combined TRACON& Tower with Radar,21,43,7,0,71,0,0,3,0,3,21,43,10,0,74,0,0,0,74
07/18/2016,CAE,SC,ASO,ES,Combined TRACON& Tower with Radar,26,58,27,2,113,0,0,6,0,6,26,58,33,2,119,0,0,0,119
07/19/2016,CAE,SC,ASO,ES,Combined TRACON& Tower with Radar,37,67,37,4,145,0,0,16,0,16,37,67,53,4,161,10,34,44,205
07/20/2016,CAE,SC,ASO,ES,Combined TRACON& Tower with Radar,36,61,47,0,144,0,0,11,0,11,36,61,58,0,155,20,0,20,175
07/21/2016,CAE,SC,ASO,ES,Combined TRACON& Tower with Radar,34,60,47,2,143,0,0,11,1,12,34,60,58,3,155,2,0,2,157
07/22/2016,CAE,SC,ASO,ES,Combined TRACON& Tower with Radar,29,64,29,2,124,0,0,14,1,15,29,64,43,3,139,0,0,0,139
07/23/2016,CAE,SC,ASO,ES,Combined TRACON& Tower with Radar,15,37,21,0,73,0,0,14,0,14,15,37,35,0,87,36,0,36,123
07/24/2016,CAE,SC,ASO,ES,Combined TRACON& Tower with Radar,17,39,20,0,76,0,0,19,0,19,17,39,39,0,95,0,0,0,95
07/25/2016,CAE,SC,ASO,ES,Combined TRACON& Tower with Radar,27,56,23,2,108,0,0,11,0,11,27,56,34,2,119,0,0,0,119
07/26/2016,CAE,SC,ASO,ES,Combined TRACON& Tower with Radar,36,70,32,3,141,0,0,10,1,11,36,70,42,4,152,0,0,0,152
07/27/2016,CAE,SC,ASO,ES,Combined TRACON& Tower with Radar,35,62,27,10,134,0,1,17,1,19,35,63,44,11,153,0,0,0,153
07/28/2016,CAE,SC,ASO,ES,Combined TRACON& Tower with Radar,37,63,35,15,150,0,1,15,1,17,37,64,50,16,167,26,44,70,237
07/29/2016,CAE,SC,ASO,ES,Combined TRACON& Tower with Radar,29,62,19,0,110,0,0,5,0,5,29,62,24,0,115,0,0,0,115
07/30/2016,CAE,SC,ASO,ES,Combined TRACON& Tower with Radar,18,34,15,0,67,0,0,17,0,17,18,34,32,0,84,0,0,0,84
07/31/2016,CAE,SC,ASO,ES,Combined TRACON& Tower with Radar,18,36,20,1,75,0,0,9,1,10,18,36,29,2,85,0,0,0,85
08/01/2016,CAE,SC,ASO,ES,Combined TRACON& Tower with Radar,27,58,16,2,103,0,0,5,0,5,27,58,21,2,108,0,8,8,116
08/02/2016,CAE,SC,ASO,ES,Combined TRACON& Tower with Radar,38,68,37,7,150,0,0,7,1,8,38,68,44,8,158,0,28,28,186
08/03/2016,CAE,SC,ASO,ES,Combined TRACON& Tower with Radar,35,71,31,6,143,0,0,6,0,6,35,71,37,6,149,12,0,12,161
08/04/2016,CAE,SC,ASO,ES,Combined TRACON& Tower with Radar,35,68,33,6,142,0,0,1,0,1,35,68,34,6,143,0,6,6,149
08/05/2016,CAE,SC,ASO,ES,Combined TRACON& Tower with Radar,29,66,21,1,117,0,0,3,0,3,29,66,24,1,120,0,0,0,120
08/06/2016,CAE,SC,ASO,ES,Combined TRACON& Tower with Radar,15,36,29,0,80,0,1,20,0,21,15,37,49,0,101,0,0,0,101
08/07/2016,CAE,SC,ASO,ES,Combined TRACON& Tower with Radar,23,41,23,0,87,0,0,9,0,9,23,41,32,0,96,0,0,0,96
08/08/2016,CAE,SC,ASO,ES,Combined TRACON& Tower with Radar,19,61,28,3,111,0,0,5,1,6,19,61,33,4,117,20,0,20,137
08/09/2016,CAE,SC,ASO,ES,Combined TRACON& Tower with Radar,33,67,43,5,148,0,0,10,1,11,33,67,53,6,159,2,0,2,161
08/10/2016,CAE,SC,ASO,ES,Combined TRACON& Tower with Radar,37,67,32,5,141,0,0,7,2,9,37,67,39,7,150,0,0,0,150
08/11/2016,CAE,SC,ASO,ES,Combined TRACON& Tower with Radar,36,66,37,17,156,0,1,4,11,16,36,67,41,28,172,38,18,56,228
08/12/2016,CAE,SC,ASO,ES,Combined TRACON& Tower with Radar,28,59,20,2,109,0,0,15,0,15,28,59,35,2,124,12,0,12,136
08/13/2016,CAE,SC,ASO,ES,Combined TRACON& Tower with Radar,13,35,12,0,60,0,0,12,0,12,13,35,24,0,72,0,0,0,72
08/14/2016,CAE,SC,ASO,ES,Combined TRACON& Tower with Radar,18,43,18,0,79,0,0,16,0,16,18,43,34,0,95,24,0,24,119
08/15/2016,CAE,SC,ASO,ES,Combined TRACON& Tower with Radar,33,56,30,4,123,0,0,18,0,18,33,56,48,4,141,0,0,0,141
08/16/2016,CAE,SC,ASO,ES,Combined TRACON& Tower with Radar,30,69,23,18,140,0,0,15,3,18,30,69,38,21,158,6,20,26,184
08/17/2016,CAE,SC,ASO,ES,Combined TRACON& Tower with Radar,31,68,25,9,133,0,1,15,1,17,31,69,40,10,150,0,8,8,158
08/18/2016,CAE,SC,ASO,ES,Combined TRACON& Tower with Radar,32,66,30,0,128,0,0,15,2,17,32,66,45,2,145,0,0,0,145
08/19/2016,CAE,SC,ASO,ES,Combined TRACON& Tower with Radar,28,62,35,2,127,0,1,15,0,16,28,63,50,2,143,0,0,0,143
08/20/2016,CAE,SC,ASO,ES,Combined TRACON& Tower with Radar,15,35,18,0,68,0,0,10,0,10,15,35,28,0,78,30,0,30,108
08/21/2016,CAE,SC,ASO,ES,Combined TRACON& Tower with Radar,20,42,6,0,68,0,0,12,0,12,20,42,18,0,80,0,0,0,80
08/22/2016,CAE,SC,ASO,ES,Combined TRACON& Tower with Radar,23,60,35,0,118,0,1,19,0,20,23,61,54,0,138,0,0,0,138
08/23/2016,CAE,SC,ASO,ES,Combined TRACON& Tower with Radar,30,63,29,0,122,0,7,14,0,21,30,70,43,0,143,0,0,0,143
08/24/2016,CAE,SC,ASO,ES,Combined TRACON& Tower with Radar,28,73,36,9,146,0,1,16,1,18,28,74,52,10,164,2,0,2,166
08/25/2016,CAE,SC,ASO,ES,Combined TRACON& Tower with Radar,32,77,45,0,154,0,0,14,0,14,32,77,59,0,168,0,0,0,168
08/26/2016,CAE,SC,ASO,ES,Combined TRACON& Tower with Radar,26,66,33,6,131,0,0,19,0,19,26,66,52,6,150,38,0,38,188
08/27/2016,CAE,SC,ASO,ES,Combined TRACON& Tower with Radar,17,20,15,0,52,0,0,8,0,8,17,20,23,0,60,20,0,20,80
08/28/2016,CAE,SC,ASO,ES,Combined TRACON& Tower with Radar,11,35,4,1,51,0,0,8,0,8,11,35,12,1,59,20,0,20,79
08/29/2016,CAE,SC,ASO,ES,Combined TRACON& Tower with Radar,16,63,33,6,118,0,0,6,2,8,16,63,39,8,126,0,0,0,126
08/30/2016,CAE,SC,ASO,ES,Combined TRACON& Tower with Radar,31,68,50,2,151,0,0,10,0,10,31,68,60,2,161,2,0,2,163
08/31/2016,CAE,SC,ASO,ES,Combined TRACON& Tower with Radar,35,69,38,2,144,0,0,17,0,17,35,69,55,2,161,0,0,0,161
09/01/2016,CAE,SC,ASO,ES,Combined TRACON& Tower with Radar,42,78,44,4,168,0,0,12,1,13,42,78,56,5,181,12,26,38,219
09/02/2016,CAE,SC,ASO,ES,Combined TRACON& Tower with Radar,18,56,9,0,83,0,0,0,0,0,18,56,9,0,83,0,0,0,83
09/03/2016,CAE,SC,ASO,ES,Combined TRACON& Tower with Radar,11,36,17,0,64,0,0,7,0,7,11,36,24,0,71,0,0,0,71
09/04/2016,CAE,SC,ASO,ES,Combined TRACON& Tower with Radar,9,31,6,0,46,0,0,9,0,9,9,31,15,0,55,2,0,2,57
09/05/2016,CAE,SC,ASO,ES,Combined TRACON& Tower with Radar,12,54,18,0,84,0,0,10,0,10,12,54,28,0,94,0,0,0,94
09/06/2016,CAE,SC,ASO,ES,Combined TRACON& Tower with Radar,19,72,24,0,115,0,1,22,0,23,19,73,46,0,138,0,0,0,138
09/07/2016,CAE,SC,ASO,ES,Combined TRACON& Tower with Radar,35,81,31,2,149,0,0,24,0,24,35,81,55,2,173,0,0,0,173
09/08/2016,CAE,SC,ASO,ES,Combined TRACON& Tower with Radar,36,70,45,7,158,0,0,20,5,25,36,70,65,12,183,12,0,12,195
09/09/2016,CAE,SC,ASO,ES,Combined TRACON& Tower with Radar,25,71,32,2,130,0,0,26,0,26,25,71,58,2,156,0,0,0,156
09/10/2016,CAE,SC,ASO,ES,Combined TRACON& Tower with Radar,17,38,22,0,77,0,0,17,0,17,17,38,39,0,94,0,0,0,94
09/11/2016,CAE,SC,ASO,ES,Combined TRACON& Tower with Radar,19,53,27,0,99,0,1,13,0,14,19,54,40,0,113,0,0,0,113
09/12/2016,CAE,SC,ASO,ES,Combined TRACON& Tower with Radar,23,75,19,0,117,0,0,5,0,5,23,75,24,0,122,0,0,0,122
09/13/2016,CAE,SC,ASO,ES,Combined TRACON& Tower with Radar,35,77,40,13,165,0,0,5,0,5,35,77,45,13,170,10,0,10,180
09/14/2016,CAE,SC,ASO,ES,Combined TRACON& Tower with Radar,32,72,36,2,142,0,0,6,0,6,32,72,42,2,148,18,0,18,166
09/15/2016,CAE,SC,ASO,ES,Combined TRACON& Tower with Radar,32,82,44,8,166,0,0,14,1,15,32,82,58,9,181,0,6,6,187
09/16/2016,CAE,SC,ASO,ES,Combined TRACON& Tower with Radar,25,79,40,2,146,0,1,11,0,12,25,80,51,2,158,0,0,0,158
09/17/2016,CAE,SC,ASO,ES,Combined TRACON& Tower with Radar,12,43,16,0,71,0,0,5,0,5,12,43,21,0,76,0,0,0,76
09/18/2016,CAE,SC,ASO,ES,Combined TRACON& Tower with Radar,15,59,15,2,91,0,0,12,0,12,15,59,27,2,103,0,0,0,103
09/19/2016,CAE,SC,ASO,ES,Combined TRACON& Tower with Radar,23,68,39,3,133,0,0,18,2,20,23,68,57,5,153,12,0,12,165
09/20/2016,CAE,SC,ASO,ES,Combined TRACON& Tower with Radar,35,70,29,6,140,0,0,12,2,14,35,70,41,8,154,55,0,55,209
09/21/2016,CAE,SC,ASO,ES,Combined TRACON& Tower with Radar,35,72,37,18,162,0,0,4,0,4,35,72,41,18,166,0,0,0,166
09/22/2016,CAE,SC,ASO,ES,Combined TRACON& Tower with Radar,34,77,26,7,144,0,0,5,0,5,34,77,31,7,149,0,0,0,149
09/23/2016,CAE,SC,ASO,ES,Combined TRACON& Tower with Radar,27,73,26,0,126,0,0,3,1,4,27,73,29,1,130,0,0,0,130
09/24/2016,CAE,SC,ASO,ES,Combined TRACON& Tower with Radar,16,36,15,2,69,0,1,21,0,22,16,37,36,2,91,6,0,6,97
09/25/2016,CAE,SC,ASO,ES,Combined TRACON& Tower with Radar,22,52,24,0,98,0,2,9,0,11,22,54,33,0,109,0,0,0,109
09/26/2016,CAE,SC,ASO,ES,Combined TRACON& Tower with Radar,24,46,22,1,93,0,1,2,0,3,24,47,24,1,96,0,0,0,96
09/27/2016,CAE,SC,ASO,ES,Combined TRACON& Tower with Radar,40,75,38,9,162,0,1,9,0,10,40,76,47,9,172,0,12,12,184
09/28/2016,CAE,SC,ASO,ES,Combined TRACON& Tower with Radar,32,79,34,1,146,0,1,11,3,15,32,80,45,4,161,16,0,16,177
09/29/2016,CAE,SC,ASO,ES,Combined TRACON& Tower with Radar,37,71,45,5,158,0,2,10,0,12,37,73,55,5,170,4,0,4,174
09/30/2016,CAE,SC,ASO,ES,Combined TRACON& Tower with Radar,30,81,41,1,153,0,0,15,0,15,30,81,56,1,168,6,0,6,174
10/01/2016,CAE,SC,ASO,ES,Combined TRACON& Tower with Radar,18,37,14,0,69,0,0,16,0,16,18,37,30,0,85,6,0,6,91
10/02/2016,CAE,SC,ASO,ES,Combined TRACON& Tower with Radar,17,53,41,0,111,0,2,24,2,28,17,55,65,2,139,0,0,0,139
10/03/2016,CAE,SC,ASO,ES,Combined TRACON& Tower with Radar,19,66,28,2,115,0,0,7,0,7,19,66,35,2,122,0,0,0,122
10/04/2016,CAE,SC,ASO,ES,Combined TRACON& Tower with Radar,34,62,37,4,137,0,1,13,2,16,34,63,50,6,153,8,0,8,161
10/05/2016,CAE,SC,ASO,ES,Combined TRACON& Tower with Radar,35,82,49,2,168,0,2,14,3,19,35,84,63,5,187,0,0,0,187
10/06/2016,CAE,SC,ASO,ES,Combined TRACON& Tower with Radar,36,62,33,4,135,0,0,8,2,10,36,62,41,6,145,0,0,0,145
10/07/2016,CAE,SC,ASO,ES,Combined TRACON& Tower with Radar,23,60,5,0,88,0,0,0,0,0,23,60,5,0,88,0,0,0,88
10/08/2016,CAE,SC,ASO,ES,Combined TRACON& Tower with Radar,11,17,2,0,30,0,0,1,2,3,11,17,3,2,33,0,0,0,33
10/09/2016,CAE,SC,ASO,ES,Combined TRACON& Tower with Radar,13,51,26,1,91,0,1,37,19,57,13,52,63,20,148,0,0,0,148
10/10/2016,CAE,SC,ASO,ES,Combined TRACON& Tower with Radar,23,63,35,1,122,0,0,49,6,55,23,63,84,7,177,0,0,0,177
10/11/2016,CAE,SC,ASO,ES,Combined TRACON& Tower with Radar,39,70,31,4,144,0,0,36,9,45,39,70,67,13,189,0,0,0,189
10/12/2016,CAE,SC,ASO,ES,Combined TRACON& Tower with Radar,36,70,28,8,142,0,0,22,10,32,36,70,50,18,174,6,22,28,202
10/13/2016,CAE,SC,ASO,ES,Combined TRACON& Tower with Radar,33,78,58,4,173,0,0,21,4,25,33,78,79,8,198,6,0,6,204
10/14/2016,CAE,SC,ASO,ES,Combined TRACON& Tower with Radar,27,79,36,2,144,0,0,15,5,20,27,79,51,7,164,0,0,0,164
10/15/2016,CAE,SC,ASO,ES,Combined TRACON& Tower with Radar,17,36,9,8,70,0,0,12,2,14,17,36,21,10,84,0,0,0,84
10/16/2016,CAE,SC,ASO,ES,Combined TRACON& Tower with Radar,18,48,20,3,89,0,0,26,0,26,18,48,46,3,115,0,0,0,115
10/17/2016,CAE,SC,ASO,ES,Combined TRACON& Tower with Radar,19,80,28,8,135,0,0,7,3,10,19,80,35,11,145,0,0,0,145
10/18/2016,CAE,SC,ASO,ES,Combined TRACON& Tower with Radar,35,74,29,6,144,0,0,17,3,20,35,74,46,9,164,0,6,6,170
10/19/2016,CAE,SC,ASO,ES,Combined TRACON& Tower with Radar,32,76,44,2,154,0,0,18,0,18,32,76,62,2,172,0,0,0,172
10/20/2016,CAE,SC,ASO,ES,Combined TRACON& Tower with Radar,32,78,47,18,175,0,1,34,4,39,32,79,81,22,214,0,10,10,224
10/21/2016,CAE,SC,ASO,ES,Combined TRACON& Tower with Radar,27,75,31,8,141,0,0,10,0,10,27,75,41,8,151,0,6,6,157
10/22/2016,CAE,SC,ASO,ES,Combined TRACON& Tower with Radar,14,35,8,2,59,0,0,11,0,11,14,35,19,2,70,0,0,0,70
10/23/2016,CAE,SC,ASO,ES,Combined TRACON& Tower with Radar,16,47,25,0,88,0,0,25,0,25,16,47,50,0,113,0,0,0,113
10/24/2016,CAE,SC,ASO,ES,Combined TRACON& Tower with Radar,17,65,29,18,129,0,0,8,0,8,17,65,37,18,137,0,0,0,137
10/25/2016,CAE,SC,ASO,ES,Combined TRACON& Tower with Radar,34,71,31,2,138,0,0,20,1,21,34,71,51,3,159,0,0,0,159
10/26/2016,CAE,SC,ASO,ES,Combined TRACON& Tower with Radar,31,72,38,4,145,0,0,6,0,6,31,72,44,4,151,0,0,0,151
10/27/2016,CAE,SC,ASO,ES,Combined TRACON& Tower with Radar,34,77,36,9,156,0,0,6,1,7,34,77,42,10,163,0,14,14,177
10/28/2016,CAE,SC,ASO,ES,Combined TRACON& Tower with Radar,26,76,32,0,134,0,1,12,0,13,26,77,44,0,147,0,0,0,147
10/29/2016,CAE,SC,ASO,ES,Combined TRACON& Tower with Radar,11,42,30,2,85,0,0,7,0,7,11,42,37,2,92,10,0,10,102
10/30/2016,CAE,SC,ASO,ES,Combined TRACON& Tower with Radar,16,45,39,0,100,0,2,9,1,12,16,47,48,1,112,0,0,0,112
10/31/2016,CAE,SC,ASO,ES,Combined TRACON& Tower with Radar,17,58,38,2,115,0,0,34,0,34,17,58,72,2,149,12,0,12,161
11/01/2016,CAE,SC,ASO,ES,Combined TRACON& Tower with Radar,32,78,39,4,153,0,0,0,0,0,32,78,39,4,153,0,0,0,153
11/02/2016,CAE,SC,ASO,ES,Combined TRACON& Tower with Radar,28,78,37,4,147,0,0,13,1,14,28,78,50,5,161,6,0,6,167
11/03/2016,CAE,SC,ASO,ES,Combined TRACON& Tower with Radar,18,39,19,0,76,0,0,8,2,10,18,39,27,2,86,4,0,4,90
11/04/2016,CAE,SC,ASO,ES,Combined TRACON& Tower with Radar,23,76,31,4,134,0,3,10,0,13,23,79,41,4,147,28,0,28,175
11/05/2016,CAE,SC,ASO,ES,Combined TRACON& Tower with Radar,9,39,21,2,71,0,0,13,0,13,9,39,34,2,84,0,0,0,84
11/06/2016,CAE,SC,ASO,ES,Combined TRACON& Tower with Radar,17,48,20,0,85,0,0,19,0,19,17,48,39,0,104,0,0,0,104
11/07/2016,CAE,SC,ASO,ES,Combined TRACON& Tower with Radar,20,64,29,1,114,0,0,10,1,11,20,64,39,2,125,0,0,0,125
11/08/2016,CAE,SC,ASO,ES,Combined TRACON& Tower with Radar,32,56,32,9,129,0,1,9,2,12,32,57,41,11,141,22,4,26,167
11/09/2016,CAE,SC,ASO,ES,Combined TRACON& Tower with Radar,32,70,38,5,145,0,0,9,1,10,32,70,47,6,155,16,0,16,171
11/10/2016,CAE,SC,ASO,ES,Combined TRACON& Tower with Radar,32,75,34,10,151,0,0,20,1,21,32,75,54,11,172,12,12,24,196
11/11/2016,CAE,SC,ASO,ES,Combined TRACON& Tower with Radar,28,75,43,1,147,0,1,16,0,17,28,76,59,1,164,16,0,16,180
11/12/2016,CAE,SC,ASO,ES,Combined TRACON& Tower with Radar,13,36,24,0,73,0,0,13,0,13,13,36,37,0,86,0,0,0,86
11/13/2016,CAE,SC,ASO,ES,Combined TRACON& Tower with Radar,20,50,20,2,92,0,0,1,0,1,20,50,21,2,93,0,0,0,93
11/14/2016,CAE,SC,ASO,ES,Combined TRACON& Tower with Radar,24,62,47,10,143,0,1,12,0,13,24,63,59,10,156,8,12,20,176
11/15/2016,CAE,SC,ASO,ES,Combined TRACON& Tower with Radar,35,84,50,3,172,0,0,2,1,3,35,84,52,4,175,0,0,0,175
11/16/2016,CAE,SC,ASO,ES,Combined TRACON& Tower with Radar,36,75,48,8,167,0,2,5,0,7,36,77,53,8,174,0,0,0,174
11/17/2016,CAE,SC,ASO,ES,Combined TRACON& Tower with Radar,31,73,40,2,146,0,0,16,0,16,31,73,56,2,162,12,0,12,174
11/18/2016,CAE,SC,ASO,ES,Combined TRACON& Tower with Radar,27,68,36,11,142,0,0,16,5,21,27,68,52,16,163,0,0,0,163
11/19/2016,CAE,SC,ASO,ES,Combined TRACON& Tower with Radar,12,38,17,0,67,0,0,8,0,8,12,38,25,0,75,2,0,2,77
11/20/2016,CAE,SC,ASO,ES,Combined TRACON& Tower with Radar,19,38,15,0,72,0,0,5,0,5,19,38,20,0,77,0,0,0,77
11/21/2016,CAE,SC,ASO,ES,Combined TRACON& Tower with Radar,25,59,33,2,119,0,0,15,2,17,25,59,48,4,136,0,0,0,136
11/22/2016,CAE,SC,ASO,ES,Combined TRACON& Tower with Radar,43,68,34,2,147,0,0,19,2,21,43,68,53,4,168,2,0,2,170
11/23/2016,CAE,SC,ASO,ES,Combined TRACON& Tower with Radar,43,81,23,0,147,0,1,10,0,11,43,82,33,0,158,0,0,0,158
11/24/2016,CAE,SC,ASO,ES,Combined TRACON& Tower with Radar,14,29,5,0,48,0,0,5,0,5,14,29,10,0,53,0,0,0,53
11/25/2016,CAE,SC,ASO,ES,Combined TRACON& Tower with Radar,22,52,14,0,88,0,2,13,0,15,22,54,27,0,103,0,0,0,103
11/26/2016,CAE,SC,ASO,ES,Combined TRACON& Tower with Radar,18,48,19,0,85,0,0,10,0,10,18,48,29,0,95,10,0,10,105
11/27/2016,CAE,SC,ASO,ES,Combined TRACON& Tower with Radar,18,69,28,0,115,0,0,17,0,17,18,69,45,0,132,6,0,6,138
11/28/2016,CAE,SC,ASO,ES,Combined TRACON& Tower with Radar,25,64,19,2,110,0,0,7,0,7,25,64,26,2,117,0,0,0,117
11/29/2016,CAE,SC,ASO,ES,Combined TRACON& Tower with Radar,42,62,21,0,125,0,0,0,0,0,42,62,21,0,125,6,0,6,131
11/30/2016,CAE,SC,ASO,ES,Combined TRACON& Tower with Radar,46,67,36,18,167,0,0,2,2,4,46,67,38,20,171,0,0,0,171
12/01/2016,CAE,SC,ASO,ES,Combined TRACON& Tower with Radar,42,70,38,8,158,0,3,21,0,24,42,73,59,8,182,4,18,22,204
12/02/2016,CAE,SC,ASO,ES,Combined TRACON& Tower with Radar,33,69,25,2,129,0,5,17,0,22,33,74,42,2,151,0,0,0,151
12/03/2016,CAE,SC,ASO,ES,Combined TRACON& Tower with Radar,14,24,18,10,66,0,0,14,0,14,14,24,32,10,80,0,0,0,80
12/04/2016,CAE,SC,ASO,ES,Combined TRACON& Tower with Radar,23,43,7,3,76,0,0,1,0,1,23,43,8,3,77,0,0,0,77
12/05/2016,CAE,SC,ASO,ES,Combined TRACON& Tower with Radar,31,59,26,4,120,0,0,4,0,4,31,59,30,4,124,0,0,0,124
12/06/2016,CAE,SC,ASO,ES,Combined TRACON& Tower with Radar,45,59,22,6,132,0,0,0,0,0,45,59,22,6,132,0,0,0,132
12/07/2016,CAE,SC,ASO,ES,Combined TRACON& Tower with Radar,45,65,40,9,159,0,0,1,0,1,45,65,41,9,160,0,0,0,160
12/08/2016,CAE,SC,ASO,ES,Combined TRACON& Tower with Radar,42,66,32,34,174,0,0,16,4,20,42,66,48,38,194,0,42,42,236
12/09/2016,CAE,SC,ASO,ES,Combined TRACON& Tower with Radar,31,64,35,9,139,0,2,16,0,18,31,66,51,9,157,6,16,22,179
12/10/2016,CAE,SC,ASO,ES,Combined TRACON& Tower with Radar,20,26,11,4,61,0,0,14,0,14,20,26,25,4,75,0,0,0,75
12/11/2016,CAE,SC,ASO,ES,Combined TRACON& Tower with Radar,22,38,10,0,70,0,0,3,0,3,22,38,13,0,73,0,0,0,73
12/12/2016,CAE,SC,ASO,ES,Combined TRACON& Tower with Radar,31,54,30,22,137,0,0,2,0,2,31,54,32,22,139,0,0,0,139
12/13/2016,CAE,SC,ASO,ES,Combined TRACON& Tower with Radar,54,61,43,2,160,0,0,0,0,0,54,61,43,2,160,0,0,0,160
12/14/2016,CAE,SC,ASO,ES,Combined TRACON& Tower with Radar,52,65,57,14,188,0,0,1,0,1,52,65,58,14,189,0,0,0,189
12/15/2016,CAE,SC,ASO,ES,Combined TRACON& Tower with Radar,53,57,58,4,172,0,1,19,0,20,53,58,77,4,192,7,2,9,201
12/16/2016,CAE,SC,ASO,ES,Combined TRACON& Tower with Radar,42,65,42,5,154,0,0,17,0,17,42,65,59,5,171,4,0,4,175
12/17/2016,CAE,SC,ASO,ES,Combined TRACON& Tower with Radar,34,38,14,0,86,0,0,8,0,8,34,38,22,0,94,0,0,0,94
12/18/2016,CAE,SC,ASO,ES,Combined TRACON& Tower with Radar,20,37,11,2,70,0,0,1,0,1,20,37,12,2,71,0,0,0,71
12/19/2016,CAE,SC,ASO,ES,Combined TRACON& Tower with Radar,27,62,20,10,119,0,0,0,0,0,27,62,20,10,119,0,0,0,119
12/20/2016,CAE,SC,ASO,ES,Combined TRACON& Tower with Radar,56,72,34,19,181,0,0,2,0,2,56,72,36,19,183,0,0,0,183
12/21/2016,CAE,SC,ASO,ES,Combined TRACON& Tower with Radar,52,74,29,4,159,0,2,11,0,13,52,76,40,4,172,0,0,0,172
12/22/2016,CAE,SC,ASO,ES,Combined TRACON& Tower with Radar,46,72,33,2,153,0,0,19,0,19,46,72,52,2,172,0,0,0,172
12/23/2016,CAE,SC,ASO,ES,Combined TRACON& Tower with Radar,32,73,11,0,116,0,0,9,0,9,32,73,20,0,125,0,0,0,125
12/24/2016,CAE,SC,ASO,ES,Combined TRACON& Tower with Radar,13,35,9,0,57,0,0,9,0,9,13,35,18,0,66,0,0,0,66
12/25/2016,CAE,SC,ASO,ES,Combined TRACON& Tower with Radar,12,24,3,0,39,0,0,4,0,4,12,24,7,0,43,0,0,0,43
12/26/2016,CAE,SC,ASO,ES,Combined TRACON& Tower with Radar,13,54,28,0,95,0,0,2,0,2,13,54,30,0,97,8,0,8,105
12/27/2016,CAE,SC,ASO,ES,Combined TRACON& Tower with Radar,18,71,21,0,110,0,0,6,0,6,18,71,27,0,116,0,0,0,116
12/28/2016,CAE,SC,ASO,ES,Combined TRACON& Tower with Radar,30,68,36,0,134,0,0,24,0,24,30,68,60,0,158,10,0,10,168
12/29/2016,CAE,SC,ASO,ES,Combined TRACON& Tower with Radar,32,70,19,0,121,0,0,4,0,4,32,70,23,0,125,0,0,0,125
12/30/2016,CAE,SC,ASO,ES,Combined TRACON& Tower with Radar,20,70,17,7,114,0,0,12,0,12,20,70,29,7,126,0,10,10,136
12/31/2016,CAE,SC,ASO,ES,Combined TRACON& Tower with Radar,9,34,15,0,58,0,2,10,0,12,9,36,25,0,70,4,0,4,74
01/01/2017,CAE,SC,ASO,ES,Combined TRACON& Tower with Radar,14,46,5,0,65,0,0,0,0,0,14,46,5,0,65,0,0,0,65
01/02/2017,CAE,SC,ASO,ES,Combined TRACON& Tower with Radar,22,38,13,0,73,0,0,0,0,0,22,38,13,0,73,0,0,0,73
01/03/2017,CAE,SC,ASO,ES,Combined TRACON& Tower with Radar,27,65,36,7,135,0,0,0,0,0,27,65,36,7,135,0,0,0,135
01/04/2017,CAE,SC,ASO,ES,Combined TRACON& Tower with Radar,39,55,41,2,137,0,0,12,2,14,39,55,53,4,151,4,0,4,155
01/05/2017,CAE,SC,ASO,ES,Combined TRACON& Tower with Radar,34,57,41,5,137,0,0,10,1,11,34,57,51,6,148,6,0,6,154
01/06/2017,CAE,SC,ASO,ES,Combined TRACON& Tower with Radar,28,68,25,0,121,0,0,5,2,7,28,68,30,2,128,4,0,4,132
01/07/2017,CAE,SC,ASO,ES,Combined TRACON& Tower with Radar,14,27,8,2,51,0,0,0,0,0,14,27,8,2,51,0,0,0,51
01/08/2017,CAE,SC,ASO,ES,Combined TRACON& Tower with Radar,23,28,27,0,78,0,0,7,0,7,23,28,34,0,85,0,0,0,85
01/09/2017,CAE,SC,ASO,ES,Combined TRACON& Tower with Radar,27,40,18,0,85,0,0,13,2,15,27,40,31,2,100,0,0,0,100
01/10/2017,CAE,SC,ASO,ES,Combined TRACON& Tower with Radar,45,59,36,3,143,0,0,17,1,18,45,59,53,4,161,0,0,0,161
01/11/2017,CAE,SC,ASO,ES,Combined TRACON& Tower with Radar,41,54,30,22,147,0,4,12,1,17,41,58,42,23,164,2,16,18,182
01/12/2017,CAE,SC,ASO,ES,Combined TRACON& Tower with Radar,42,53,42,1,138,0,0,9,2,11,42,53,51,3,149,0,0,0,149
01/13/2017,CAE,SC,ASO,ES,Combined TRACON& Tower with Radar,32,56,31,1,120,0,0,17,0,17,32,56,48,1,137,8,0,8,145
01/14/2017,CAE,SC,ASO,ES,Combined TRACON& Tower with Radar,17,27,30,0,74,0,0,14,0,14,17,27,44,0,88,0,0,0,88
01/15/2017,CAE,SC,ASO,ES,Combined TRACON& Tower with Radar,20,33,21,0,74,0,1,12,0,13,20,34,33,0,87,0,0,0,87
01/16/2017,CAE,SC,ASO,ES,Combined TRACON& Tower with Radar,36,50,15,0,101,0,0,0,0,0,36,50,15,0,101,0,0,0,101
01/17/2017,CAE,SC,ASO,ES,Combined TRACON& Tower with Radar,44,53,36,16,149,0,0,8,0,8,44,53,44,16,157,0,22,22,179
01/18/2017,CAE,SC,ASO,ES,Combined TRACON& Tower with Radar,40,59,41,5,145,0,0,13,0,13,40,59,54,5,158,0,0,0,158
01/19/2017,CAE,SC,ASO,ES,Combined TRACON& Tower with Radar,37,60,37,2,136,0,2,22,0,24,37,62,59,2,160,6,0,6,166
01/20/2017,CAE,SC,ASO,ES,Combined TRACON& Tower with Radar,29,64,33,4,130,0,0,10,0,10,29,64,43,4,140,0,0,0,140
01/21/2017,CAE,SC,ASO,ES,Combined TRACON& Tower with Radar,18,30,11,0,59,0,0,0,0,0,18,30,11,0,59,0,0,0,59
01/22/2017,CAE,SC,ASO,ES,Combined TRACON& Tower with Radar,27,37,7,0,71,0,0,0,0,0,27,37,7,0,71,0,0,0,71
01/23/2017,CAE,SC,ASO,ES,Combined TRACON& Tower with Radar,26,54,24,11,115,0,0,3,0,3,26,54,27,11,118,0,0,0,118
01/24/2017,CAE,SC,ASO,ES,Combined TRACON& Tower with Radar,38,63,48,2,151,0,0,17,0,17,38,63,65,2,168,0,0,0,168
01/25/2017,CAE,SC,ASO,ES,Combined TRACON& Tower with Radar,38,67,45,20,170,0,2,21,4,27,38,69,66,24,197,0,0,0,197
01/26/2017,CAE,SC,ASO,ES,Combined TRACON& Tower with Radar,38,69,42,2,151,0,0,8,0,8,38,69,50,2,159,0,0,0,159
01/27/2017,CAE,SC,ASO,ES,Combined TRACON& Tower with Radar,31,67,37,2,137,0,1,6,0,7,31,68,43,2,144,0,0,0,144
01/28/2017,CAE,SC,ASO,ES,Combined TRACON& Tower with Radar,16,28,13,0,57,0,1,27,0,28,16,29,40,0,85,4,0,4,89
01/29/2017,CAE,SC,ASO,ES,Combined TRACON& Tower with Radar,21,45,9,0,75,0,0,20,0,20,21,45,29,0,95,8,0,8,103
01/30/2017,CAE,SC,ASO,ES,Combined TRACON& Tower with Radar,29,55,17,0,101,0,1,13,0,14,29,56,30,0,115,0,0,0,115
01/31/2017,CAE,SC,ASO,ES,Combined TRACON& Tower with Radar,40,65,23,0,128,0,0,13,0,13,40,65,36,0,141,0,0,0,141
02/01/2017,CAE,SC,ASO,ES,Combined TRACON& Tower with Radar,41,61,30,3,135,0,5,19,2,26,41,66,49,5,161,0,0,0,161
02/02/2017,CAE,SC,ASO,ES,Combined TRACON& Tower with Radar,37,61,33,6,137,0,0,22,0,22,37,61,55,6,159,16,0,16,175
02/03/2017,CAE,SC,ASO,ES,Combined TRACON& Tower with Radar,28,71,36,8,143,0,0,2,0,2,28,71,38,8,145,0,0,0,145
02/04/2017,CAE,SC,ASO,ES,Combined TRACON& Tower with Radar,13,29,30,0,72,0,0,36,0,36,13,29,66,0,108,0,0,0,108
02/05/2017,CAE,SC,ASO,ES,Combined TRACON& Tower with Radar,18,31,24,6,79,0,0,56,0,56,18,31,80,6,135,12,0,12,147
02/06/2017,CAE,SC,ASO,ES,Combined TRACON& Tower with Radar,25,61,30,6,122,0,3,16,0,19,25,64,46,6,141,0,10,10,151
02/07/2017,CAE,SC,ASO,ES,Combined TRACON& Tower with Radar,37,56,26,4,123,0,1,10,7,18,37,57,36,11,141,0,0,0,141
02/08/2017,CAE,SC,ASO,ES,Combined TRACON& Tower with Radar,37,64,55,29,185,0,2,5,0,7,37,66,60,29,192,16,2,18,210
02/09/2017,CAE,SC,ASO,ES,Combined TRACON& Tower with Radar,35,70,37,0,142,0,0,3,2,5,35,70,40,2,147,0,0,0,147
02/10/2017,CAE,SC,ASO,ES,Combined TRACON& Tower with Radar,29,61,32,2,124,0,1,16,0,17,29,62,48,2,141,6,0,6,147
02/11/2017,CAE,SC,ASO,ES,Combined TRACON& Tower with Radar,18,29,11,1,59,0,0,7,1,8,18,29,18,2,67,0,0,0,67
02/12/2017,CAE,SC,ASO,ES,Combined TRACON& Tower with Radar,23,36,22,2,83,0,0,9,2,11,23,36,31,4,94,0,0,0,94
02/13/2017,CAE,SC,ASO,ES,Combined TRACON& Tower with Radar,25,52,26,3,106,0,2,6,1,9,25,54,32,4,115,0,0,0,115
02/14/2017,CAE,SC,ASO,ES,Combined TRACON& Tower with Radar,42,60,37,3,142,0,2,7,2,11,42,62,44,5,153,0,20,20,173
02/15/2017,CAE,SC,ASO,ES,Combined TRACON& Tower with Radar,39,62,29,2,132,0,0,3,2,5,39,62,32,4,137,0,0,0,137
02/16/2017,CAE,SC,ASO,ES,Combined TRACON& Tower with Radar,44,57,46,4,151,0,0,35,4,39,44,57,81,8,190,12,0,12,202
02/17/2017,CAE,SC,ASO,ES,Combined TRACON& Tower with Radar,35,67,48,5,155,0,0,35,0,35,35,67,83,5,190,0,8,8,198
02/18/2017,CAE,SC,ASO,ES,Combined TRACON& Tower with Radar,22,24,27,6,79,0,0,16,0,16,22,24,43,6,95,6,0,6,101
02/19/2017,CAE,SC,ASO,ES,Combined TRACON& Tower with Radar,18,35,28,0,81,0,0,28,0,28,18,35,56,0,109,20,0,20,129
02/20/2017,CAE,SC,ASO,ES,Combined TRACON& Tower with Radar,31,57,31,0,119,0,4,25,0,29,31,61,56,0,148,6,0,6,154
02/21/2017,CAE,SC,ASO,ES,Combined TRACON& Tower with Radar,40,55,22,8,125,0,2,19,1,22,40,57,41,9,147,0,0,0,147
02/22/2017,CAE,SC,ASO,ES,Combined TRACON& Tower with Radar,40,58,27,20,145,0,0,11,0,11,40,58,38,20,156,8,6,14,170
02/23/2017,CAE,SC,ASO,ES,Combined TRACON& Tower with Radar,42,54,13,5,114,0,0,19,3,22,42,54,32,8,136,0,0,0,136
02/24/2017,CAE,SC,ASO,ES,Combined TRACON& Tower with Radar,36,56,45,2,139,0,0,30,2,32,36,56,75,4,171,0,0,0,171
02/25/2017,CAE,SC,ASO,ES,Combined TRACON& Tower with Radar,29,23,9,0,61,0,0,6,2,8,29,23,15,2,69,0,0,0,69
02/26/2017,CAE,SC,ASO,ES,Combined TRACON& Tower with Radar,29,34,19,2,84,0,0,39,0,39,29,34,58,2,123,0,6,6,129
02/27/2017,CAE,SC,ASO,ES,Combined TRACON& Tower with Radar,33,49,29,4,115,0,0,16,0,16,33,49,45,4,131,6,0,6,137
02/28/2017,CAE,SC,ASO,ES,Combined TRACON& Tower with Radar,38,61,24,20,143,0,1,17,1,19,38,62,41,21,162,4,0,4,166
03/01/2017,CAE,SC,ASO,ES,Combined TRACON& Tower with Radar,56,54,16,6,132,0,0,4,0,4,56,54,20,6,136,0,0,0,136
03/02/2017,CAE,SC,ASO,ES,Combined TRACON& Tower with Radar,45,52,31,0,128,0,2,24,1,27,45,54,55,1,155,0,0,0,155
03/03/2017,CAE,SC,ASO,ES,Combined TRACON& Tower with Radar,35,63,35,3,136,0,0,30,2,32,35,63,65,5,168,0,0,0,168
03/04/2017,CAE,SC,ASO,ES,Combined TRACON& Tower with Radar,23,26,19,0,68,0,0,24,2,26,23,26,43,2,94,0,0,0,94
03/05/2017,CAE,SC,ASO,ES,Combined TRACON& Tower with Radar,24,40,20,4,88,0,0,24,0,24,24,40,44,4,112,0,0,0,112
03/06/2017,CAE,SC,ASO,ES,Combined TRACON& Tower with Radar,30,51,21,7,109,0,0,15,0,15,30,51,36,7,124,0,0,0,124
03/07/2017,CAE,SC,ASO,ES,Combined TRACON& Tower with Radar,42,60,33,10,145,0,0,14,4,18,42,60,47,14,163,0,0,0,163
03/08/2017,CAE,SC,ASO,ES,Combined TRACON& Tower with Radar,43,59,43,5,150,0,0,12,0,12,43,59,55,5,162,0,0,0,162
03/09/2017,CAE,SC,ASO,ES,Combined TRACON& Tower with Radar,39,65,32,1,137,0,0,33,1,34,39,65,65,2,171,24,0,24,195
03/10/2017,CAE,SC,ASO,ES,Combined TRACON& Tower with Radar,32,59,24,2,117,0,0,9,0,9,32,59,33,2,126,0,0,0,126
03/11/2017,CAE,SC,ASO,ES,Combined TRACON& Tower with Radar,21,33,24,0,78,0,1,25,0,26,21,34,49,0,104,0,0,0,104
03/12/2017,CAE,SC,ASO,ES,Combined TRACON& Tower with Radar,20,34,18,0,72,0,0,0,0,0,20,34,18,0,72,0,0,0,72
03/13/2017,CAE,SC,ASO,ES,Combined TRACON& Tower with Radar,25,55,26,4,110,0,0,1,0,1,25,55,27,4,111,0,0,0,111
03/14/2017,CAE,SC,ASO,ES,Combined TRACON& Tower with Radar,39,54,44,8,145,0,0,3,0,3,39,54,47,8,148,4,6,10,158
03/15/2017,CAE,SC,ASO,ES,Combined TRACON& Tower with Radar,39,59,38,3,139,0,2,4,3,9,39,61,42,6,148,0,0,0,148
03/16/2017,CAE,SC,ASO,ES,Combined TRACON& Tower with Radar,37,62,35,6,140,0,2,25,1,28,37,64,60,7,168,0,0,0,168
03/17/2017,CAE,SC,ASO,ES,Combined TRACON& Tower with Radar,30,59,22,14,125,0,0,14,0,14,30,59,36,14,139,10,0,10,149
03/18/2017,CAE,SC,ASO,ES,Combined TRACON& Tower with Radar,20,34,13,0,67,0,0,4,0,4,20,34,17,0,71,14,0,14,85
03/19/2017,CAE,SC,ASO,ES,Combined TRACON& Tower with Radar,18,39,32,0,89,0,0,11,0,11,18,39,43,0,100,6,0,6,106
03/20/2017,CAE,SC,ASO,ES,Combined TRACON& Tower with Radar,26,51,26,2,105,0,2,27,5,34,26,53,53,7,139,10,0,10,149
03/21/2017,CAE,SC,ASO,ES,Combined TRACON& Tower with Radar,36,56,31,8,131,0,0,29,2,31,36,56,60,10,162,14,0,14,176
03/22/2017,CAE,SC,ASO,ES,Combined TRACON& Tower with Radar,42,57,31,6,136,0,0,12,1,13,42,57,43,7,149,0,14,14,163
03/23/2017,CAE,SC,ASO,ES,Combined TRACON& Tower with Radar,37,61,48,12,158,0,0,19,1,20,37,61,67,13,178,4,0,4,182
03/24/2017,CAE,SC,ASO,ES,Combined TRACON& Tower with Radar,27,66,33,14,140,0,1,21,1,23,27,67,54,15,163,0,4,4,167
03/25/2017,CAE,SC,ASO,ES,Combined TRACON& Tower with Radar,19,36,22,0,77,0,0,13,0,13,19,36,35,0,90,0,0,0,90
03/26/2017,CAE,SC,ASO,ES,Combined TRACON& Tower with Radar,20,39,30,2,91,0,0,8,0,8,20,39,38,2,99,6,0,6,105
03/27/2017,CAE,SC,ASO,ES,Combined TRACON& Tower with Radar,24,53,15,6,98,0,0,3,0,3,24,53,18,6,101,0,0,0,101
03/28/2017,CAE,SC,ASO,ES,Combined TRACON& Tower with Radar,38,59,23,1,121,0,0,9,3,12,38,59,32,4,133,8,6,14,147
03/29/2017,CAE,SC,ASO,ES,Combined TRACON& Tower with Radar,38,63,27,12,140,0,0,19,1,20,38,63,46,13,160,0,18,18,178
03/30/2017,CAE,SC,ASO,ES,Combined TRACON& Tower with Radar,38,65,36,15,154,0,0,4,0,4,38,65,40,15,158,0,0,0,158
03/31/2017,CAE,SC,ASO,ES,Combined TRACON& Tower with Radar,34,61,30,4,129,0,0,8,0,8,34,61,38,4,137,0,0,0,137
04/01/2017,CAE,SC,ASO,ES,Combined TRACON& Tower with Radar,18,39,17,0,74,0,3,18,0,21,18,42,35,0,95,0,0,0,95
04/02/2017,CAE,SC,ASO,ES,Combined TRACON& Tower with Radar,20,45,29,2,96,0,1,15,0,16,20,46,44,2,112,0,0,0,112
04/03/2017,CAE,SC,ASO,ES,Combined TRACON& Tower with Radar,27,64,17,0,108,0,0,0,0,0,27,64,17,0,108,0,0,0,108
04/04/2017,CAE,SC,ASO,ES,Combined TRACON& Tower with Radar,42,77,38,8,165,0,0,17,1,18,42,77,55,9,183,16,30,46,229
04/05/2017,CAE,SC,ASO,ES,Combined TRACON& Tower with Radar,39,70,34,2,145,0,0,5,0,5,39,70,39,2,150,10,0,10,160
04/06/2017,CAE,SC,ASO,ES,Combined TRACON& Tower with Radar,29,80,60,5,174,0,1,4,0,5,29,81,64,5,179,0,4,4,183
04/07/2017,CAE,SC,ASO,ES,Combined TRACON& Tower with Radar,19,74,71,0,164,0,1,15,0,16,19,75,86,0,180,0,0,0,180
04/08/2017,CAE,SC,ASO,ES,Combined TRACON& Tower with Radar,14,37,37,0,88,0,0,28,0,28,14,37,65,0,116,0,0,0,116
04/09/2017,CAE,SC,ASO,ES,Combined TRACON& Tower with Radar,18,48,36,0,102,0,0,23,0,23,18,48,59,0,125,22,0,22,147
04/10/2017,CAE,SC,ASO,ES,Combined TRACON& Tower with Radar,23,66,34,13,136,0,0,22,0,22,23,66,56,13,158,16,0,16,174
04/11/2017,CAE,SC,ASO,ES,Combined TRACON& Tower with Radar,38,66,35,2,141,0,0,23,0,23,38,66,58,2,164,0,0,0,164
04/12/2017,CAE,SC,ASO,ES,Combined TRACON& Tower with Radar,38,63,31,20,152,0,0,12,2,14,38,63,43,22,166,0,0,0,166
04/13/2017,CAE,SC,ASO,ES,Combined TRACON& Tower with Radar,38,65,27,20,150,0,2,16,0,18,38,67,43,20,168,0,0,0,168
04/14/2017,CAE,SC,ASO,ES,Combined TRACON& Tower with Radar,30,64,14,3,111,0,0,11,0,11,30,64,25,3,122,0,0,0,122
04/15/2017,CAE,SC,ASO,ES,Combined TRACON& Tower with Radar,18,29,19,0,66,0,0,22,0,22,18,29,41,0,88,0,0,0,88
04/16/2017,CAE,SC,ASO,ES,Combined TRACON& Tower with Radar,20,46,12,1,79,0,0,1,0,1,20,46,13,1,80,0,0,0,80
04/17/2017,CAE,SC,ASO,ES,Combined TRACON& Tower with Radar,24,56,39,8,127,0,2,6,0,8,24,58,45,8,135,0,0,0,135
04/18/2017,CAE,SC,ASO,ES,Combined TRACON& Tower with Radar,41,60,37,19,157,0,0,12,0,12,41,60,49,19,169,0,0,0,169
04/19/2017,CAE,SC,ASO,ES,Combined TRACON& Tower with Radar,40,64,48,9,161,0,0,5,1,6,40,64,53,10,167,0,30,30,197
04/20/2017,CAE,SC,ASO,ES,Combined TRACON& Tower with Radar,42,60,50,3,155,0,0,21,1,22,42,60,71,4,177,34,0,34,211
04/21/2017,CAE,SC,ASO,ES,Combined TRACON& Tower with Radar,30,64,36,0,130,0,0,24,0,24,30,64,60,0,154,0,0,0,154
04/22/2017,CAE,SC,ASO,ES,Combined TRACON& Tower with Radar,22,29,23,1,75,0,0,40,0,40,22,29,63,1,115,10,0,10,125
04/23/2017,CAE,SC,ASO,ES,Combined TRACON& Tower with Radar,24,40,21,2,87,0,0,3,0,3,24,40,24,2,90,26,0,26,116
04/24/2017,CAE,SC,ASO,ES,Combined TRACON& Tower with Radar,25,55,35,2,117,0,0,0,0,0,25,55,35,2,117,0,0,0,117
04/25/2017,CAE,SC,ASO,ES,Combined TRACON& Tower with Radar,38,62,42,4,146,0,0,5,0,5,38,62,47,4,151,0,0,0,151
04/26/2017,CAE,SC,ASO,ES,Combined TRACON& Tower with Radar,45,67,29,2,143,0,0,26,0,26,45,67,55,2,169,26,0,26,195
04/27/2017,CAE,SC,ASO,ES,Combined TRACON& Tower with Radar,38,60,39,2,139,0,0,5,0,5,38,60,44,2,144,24,0,24,168
04/28/2017,CAE,SC,ASO,ES,Combined TRACON& Tower with Radar,36,57,36,6,135,0,0,17,0,17,36,57,53,6,152,0,0,0,152
04/29/2017,CAE,SC,ASO,ES,Combined TRACON& Tower with Radar,21,31,23,0,75,0,0,8,0,8,21,31,31,0,83,8,0,8,91
04/30/2017,CAE,SC,ASO,ES,Combined TRACON& Tower with Radar,20,44,23,2,89,0,0,10,0,10,20,44,33,2,99,0,0,0,99
05/01/2017,CAE,SC,ASO,ES,Combined TRACON& Tower with Radar,37,47,17,2,103,0,0,1,0,1,37,47,18,2,104,0,0,0,104
05/02/2017,CAE,SC,ASO,ES,Combined TRACON& Tower with Radar,44,54,27,2,127,0,2,23,0,25,44,56,50,2,152,50,0,50,202
05/03/2017,CAE,SC,ASO,ES,Combined TRACON& Tower with Radar,46,55,37,5,143,0,3,33,0,36,46,58,70,5,179,0,0,0,179
05/04/2017,CAE,SC,ASO,ES,Combined TRACON& Tower with Radar,52,52,29,0,133,0,0,9,6,15,52,52,38,6,148,0,0,0,148
05/05/2017,CAE,SC,ASO,ES,Combined TRACON& Tower with Radar,35,54,44,6,139,0,2,4,11,17,35,56,48,17,156,22,0,22,178
05/06/2017,CAE,SC,ASO,ES,Combined TRACON& Tower with Radar,27,22,21,0,70,0,0,13,0,13,27,22,34,0,83,0,0,0,83
05/07/2017,CAE,SC,ASO,ES,Combined TRACON& Tower with Radar,28,32,36,0,96,0,1,19,1,21,28,33,55,1,117,42,0,42,159
05/08/2017,CAE,SC,ASO,ES,Combined TRACON& Tower with Radar,35,51,24,14,124,0,2,23,0,25,35,53,47,14,149,6,0,6,155
05/09/2017,CAE,SC,ASO,ES,Combined TRACON& Tower with Radar,47,58,34,14,153,0,0,23,0,23,47,58,57,14,176,16,14,30,206
05/10/2017,CAE,SC,ASO,ES,Combined TRACON& Tower with Radar,42,59,33,11,145,0,0,23,2,25,42,59,56,13,170,32,0,32,202
05/11/2017,CAE,SC,ASO,ES,Combined TRACON& Tower with Radar,46,55,38,2,141,0,1,26,0,27,46,56,64,2,168,0,0,0,168
05/12/2017,CAE,SC,ASO,ES,Combined TRACON& Tower with Radar,41,59,35,14,149,0,0,7,0,7,41,59,42,14,156,32,6,38,194
05/13/2017,CAE,SC,ASO,ES,Combined TRACON& Tower with Radar,31,26,13,0,70,0,0,1,0,1,31,26,14,0,71,0,0,0,71
05/14/2017,CAE,SC,ASO,ES,Combined TRACON& Tower with Radar,27,35,33,0,95,0,0,26,0,26,27,35,59,0,121,36,0,36,157
05/15/2017,CAE,SC,ASO,ES,Combined TRACON& Tower with Radar,32,49,38,8,127,0,0,27,0,27,32,49,65,8,154,8,0,8,162
05/16/2017,CAE,SC,ASO,ES,Combined TRACON& Tower with Radar,43,58,41,10,152,0,2,25,0,27,43,60,66,10,179,6,12,18,197
05/17/2017,CAE,SC,ASO,ES,Combined TRACON& Tower with Radar,42,66,44,2,154,0,0,23,0,23,42,66,67,2,177,4,0,4,181
05/18/2017,CAE,SC,ASO,ES,Combined TRACON& Tower with Radar,44,59,30,14,147,0,0,13,0,13,44,59,43,14,160,0,0,0,160
05/19/2017,CAE,SC,ASO,ES,Combined TRACON& Tower with Radar,34,58,25,5,122,0,0,20,2,22,34,58,45,7,144,10,4,14,158
05/20/2017,CAE,SC,ASO,ES,Combined TRACON& Tower with Radar,31,26,19,0,76,0,1,16,0,17,31,27,35,0,93,0,0,0,93
05/21/2017,CAE,SC,ASO,ES,Combined TRACON& Tower with Radar,26,38,16,1,81,0,0,1,0,1,26,38,17,1,82,0,0,0,82
05/22/2017,CAE,SC,ASO,ES,Combined TRACON& Tower with Radar,29,51,28,12,120,0,1,2,0,3,29,52,30,12,123,4,0,4,127
05/23/2017,CAE,SC,ASO,ES,Combined TRACON& Tower with Radar,44,60,33,4,141,0,0,0,0,0,44,60,33,4,141,0,0,0,141
05/24/2017,CAE,SC,ASO,ES,Combined TRACON& Tower with Radar,45,60,28,2,135,0,0,0,0,0,45,60,28,2,135,0,0,0,135
05/25/2017,CAE,SC,ASO,ES,Combined TRACON& Tower with Radar,46,58,36,4,144,0,2,14,0,16,46,60,50,4,160,6,0,6,166
05/26/2017,CAE,SC,ASO,ES,Combined TRACON& Tower with Radar,38,58,29,2,127,0,0,36,0,36,38,58,65,2,163,34,0,34,197
05/27/2017,CAE,SC,ASO,ES,Combined TRACON& Tower with Radar,22,22,12,0,56,0,0,12,0,12,22,22,24,0,68,0,0,0,68
05/28/2017,CAE,SC,ASO,ES,Combined TRACON& Tower with Radar,20,27,13,0,60,0,0,7,0,7,20,27,20,0,67,2,0,2,69
05/29/2017,CAE,SC,ASO,ES,Combined TRACON& Tower with Radar,26,34,15,0,75,0,0,11,0,11,26,34,26,0,86,0,0,0,86
05/30/2017,CAE,SC,ASO,ES,Combined TRACON& Tower with Radar,29,50,21,3,103,0,0,11,0,11,29,50,32,3,114,0,0,0,114
05/31/2017,CAE,SC,ASO,ES,Combined TRACON& Tower with Radar,56,54,30,2,142,0,0,14,0,14,56,54,44,2,156,18,0,18,174
06/01/2017,CAE,SC,ASO,ES,Combined TRACON& Tower with Radar,46,61,28,3,138,0,1,21,1,23,46,62,49,4,161,6,16,22,183
06/02/2017,CAE,SC,ASO,ES,Combined TRACON& Tower with Radar,36,55,20,7,118,0,0,24,0,24,36,55,44,7,142,6,14,20,162
06/03/2017,CAE,SC,ASO,ES,Combined TRACON& Tower with Radar,23,28,17,1,69,0,2,12,0,14,23,30,29,1,83,10,0,10,93
06/04/2017,CAE,SC,ASO,ES,Combined TRACON& Tower with Radar,31,37,13,1,82,0,0,9,0,9,31,37,22,1,91,4,0,4,95
06/05/2017,CAE,SC,ASO,ES,Combined TRACON& Tower with Radar,28,47,16,0,91,0,0,4,0,4,28,47,20,0,95,0,0,0,95
06/06/2017,CAE,SC,ASO,ES,Combined TRACON& Tower with Radar,43,55,21,11,130,0,0,19,0,19,43,55,40,11,149,0,14,14,163
06/07/2017,CAE,SC,ASO,ES,Combined TRACON& Tower with Radar,44,55,27,7,133,0,0,15,2,17,44,55,42,9,150,6,0,6,156
06/08/2017,CAE,SC,ASO,ES,Combined TRACON& Tower with Radar,42,67,36,16,161,0,0,24,2,26,42,67,60,18,187,34,28,62,249
06/09/2017,CAE,SC,ASO,ES,Combined TRACON& Tower with Radar,37,53,15,2,107,0,0,17,0,17,37,53,32,2,124,0,0,0,124
06/10/2017,CAE,SC,ASO,ES,Combined TRACON& Tower with Radar,26,35,10,10,81,0,0,12,0,12,26,35,22,10,93,0,0,0,93
06/11/2017,CAE,SC,ASO,ES,Combined TRACON& Tower with Radar,27,45,10,0,82,0,0,19,0,19,27,45,29,0,101,27,0,27,128
06/12/2017,CAE,SC,ASO,ES,Combined TRACON& Tower with Radar,28,53,24,4,109,0,0,13,0,13,28,53,37,4,122,22,0,22,144
06/13/2017,CAE,SC,ASO,ES,Combined TRACON& Tower with Radar,43,65,23,2,133,0,0,14,0,14,43,65,37,2,147,14,0,14,161
06/14/2017,CAE,SC,ASO,ES,Combined TRACON& Tower with Radar,44,57,47,8,156,0,0,23,0,23,44,57,70,8,179,10,0,10,189
06/15/2017,CAE,SC,ASO,ES,Combined TRACON& Tower with Radar,38,54,37,2,131,0,0,13,0,13,38,54,50,2,144,0,0,0,144
06/16/2017,CAE,SC,ASO,ES,Combined TRACON& Tower with Radar,37,59,20,6,122,0,0,4,0,4,37,59,24,6,126,0,0,0,126
06/17/2017,CAE,SC,ASO,ES,Combined TRACON& Tower with Radar,31,30,13,0,74,0,0,8,0,8,31,30,21,0,82,0,0,0,82
06/18/2017,CAE,SC,ASO,ES,Combined TRACON& Tower with Radar,20,44,10,1,75,0,0,6,0,6,20,44,16,1,81,50,0,50,131
06/19/2017,CAE,SC,ASO,ES,Combined TRACON& Tower with Radar,31,46,32,3,112,0,0,8,3,11,31,46,40,6,123,16,2,18,141
06/20/2017,CAE,SC,ASO,ES,Combined TRACON& Tower with Radar,40,62,32,0,134,0,0,0,0,0,40,62,32,0,134,0,0,0,134
06/21/2017,CAE,SC,ASO,ES,Combined TRACON& Tower with Radar,41,64,51,12,168,0,0,5,0,5,41,64,56,12,173,6,45,51,224
06/22/2017,CAE,SC,ASO,ES,Combined TRACON& Tower with Radar,41,68,47,5,161,0,0,9,1,10,41,68,56,6,171,0,0,0,171
06/23/2017,CAE,SC,ASO,ES,Combined TRACON& Tower with Radar,37,61,33,0,131,0,0,17,0,17,37,61,50,0,148,22,0,22,170
06/24/2017,CAE,SC,ASO,ES,Combined TRACON& Tower with Radar,23,33,14,1,71,0,0,5,0,5,23,33,19,1,76,20,0,20,96
06/25/2017,CAE,SC,ASO,ES,Combined TRACON& Tower with Radar,22,46,26,0,94,0,0,7,3,10,22,46,33,3,104,6,0,6,110
06/26/2017,CAE,SC,ASO,ES,Combined TRACON& Tower with Radar,31,53,40,0,124,0,0,20,0,20,31,53,60,0,144,16,0,16,160
06/27/2017,CAE,SC,ASO,ES,Combined TRACON& Tower with Radar,40,62,45,5,152,0,0,23,2,25,40,62,68,7,177,14,2,16,193
06/28/2017,CAE,SC,ASO,ES,Combined TRACON& Tower with Radar,50,62,36,5,153,0,0,21,2,23,50,62,57,7,176,4,0,4,180
06/29/2017,CAE,SC,ASO,ES,Combined TRACON& Tower with Radar,49,61,28,0,138,0,0,28,0,28,49,61,56,0,166,14,0,14,180
06/30/2017,CAE,SC,ASO,ES,Combined TRACON& Tower with Radar,38,63,23,2,126,0,0,0,0,0,38,63,23,2,126,0,0,0,126
07/01/2017,CAE,SC,ASO,ES,Combined TRACON& Tower with Radar,37,35,13,0,85,0,0,6,0,6,37,35,19,0,91,52,0,52,143
07/02/2017,CAE,SC,ASO,ES,Combined TRACON& Tower with Radar,18,26,13,0,57,0,0,7,0,7,18,26,20,0,64,40,0,40,104
07/03/2017,CAE,SC,ASO,ES,Combined TRACON& Tower with Radar,20,38,16,0,74,0,0,9,0,9,20,38,25,0,83,12,0,12,95
07/04/2017,CAE,SC,ASO,ES,Combined TRACON& Tower with Radar,21,35,5,0,61,0,0,2,0,2,21,35,7,0,63,28,0,28,91
07/05/2017,CAE,SC,ASO,ES,Combined TRACON& Tower with Radar,41,62,21,4,128,0,0,11,0,11,41,62,32,4,139,32,6,38,177
07/06/2017,CAE,SC,ASO,ES,Combined TRACON& Tower with Radar,46,62,22,4,134,0,1,11,0,12,46,63,33,4,146,32,0,32,178
07/07/2017,CAE,SC,ASO,ES,Combined TRACON& Tower with Radar,30,51,31,2,114,0,0,23,0,23,30,51,54,2,137,12,0,12,149
07/08/2017,CAE,SC,ASO,ES,Combined TRACON& Tower with Radar,37,33,13,2,85,0,0,22,0,22,37,33,35,2,107,76,0,76,183
07/09/2017,CAE,SC,ASO,ES,Combined TRACON& Tower with Radar,31,44,15,0,90,0,1,17,0,18,31,45,32,0,108,0,0,0,108
07/10/2017,CAE,SC,ASO,ES,Combined TRACON& Tower with Radar,26,52,28,14,120,0,0,23,2,25,26,52,51,16,145,14,14,28,173
07/11/2017,CAE,SC,ASO,ES,Combined TRACON& Tower with Radar,39,58,39,15,151,0,0,7,1,8,39,58,46,16,159,14,6,20,179
07/12/2017,CAE,SC,ASO,ES,Combined TRACON& Tower with Radar,47,59,32,11,149,0,0,21,0,21,47,59,53,11,170,22,34,56,226
07/13/2017,CAE,SC,ASO,ES,Combined TRACON& Tower with Radar,44,54,38,2,138,0,0,25,0,25,44,54,63,2,163,7,0,7,170
07/14/2017,CAE,SC,ASO,ES,Combined TRACON& Tower with Radar,36,49,28,40,153,0,0,25,13,38,36,49,53,53,191,40,46,86,277
07/15/2017,CAE,SC,ASO,ES,Combined TRACON& Tower with Radar,41,37,15,3,96,0,0,23,0,23,41,37,38,3,119,14,0,14,133
07/16/2017,CAE,SC,ASO,ES,Combined TRACON& Tower with Radar,29,39,15,4,87,0,0,5,0,5,29,39,20,4,92,12,0,12,104
07/17/2017,CAE,SC,ASO,ES,Combined TRACON& Tower with Radar,41,55,42,12,150,0,0,2,0,2,41,55,44,12,152,0,2,2,154
07/18/2017,CAE,SC,ASO,ES,Combined TRACON& Tower with Radar,62,49,41,8,160,0,0,13,0,13,62,49,54,8,173,46,16,62,235
07/19/2017,CAE,SC,ASO,ES,Combined TRACON& Tower with Radar,47,67,32,12,158,0,0,12,0,12,47,67,44,12,170,20,18,38,208
07/20/2017,CAE,SC,ASO,ES,Combined TRACON& Tower with Radar,44,63,28,13,148,0,0,21,2,23,44,63,49,15,171,18,0,18,189
07/21/2017,CAE,SC,ASO,ES,Combined TRACON& Tower with Radar,38,56,30,4,128,0,0,19,2,21,38,56,49,6,149,6,0,6,155
07/22/2017,CAE,SC,ASO,ES,Combined TRACON& Tower with Radar,24,24,11,0,59,0,0,26,4,30,24,24,37,4,89,36,0,36,125
07/23/2017,CAE,SC,ASO,ES,Combined TRACON& Tower with Radar,47,28,17,0,92,0,1,22,0,23,47,29,39,0,115,22,0,22,137
07/24/2017,CAE,SC,ASO,ES,Combined TRACON& Tower with Radar,36,47,35,8,126,0,0,23,2,25,36,47,58,10,151,10,0,10,161
07/25/2017,CAE,SC,ASO,ES,Combined TRACON& Tower with Radar,44,59,35,10,148,0,2,17,0,19,44,61,52,10,167,28,8,36,203
07/26/2017,CAE,SC,ASO,ES,Combined TRACON& Tower with Radar,44,58,27,12,141,0,1,10,0,11,44,59,37,12,152,0,0,0,152
07/27/2017,CAE,SC,ASO,ES,Combined TRACON& Tower with Radar,50,59,37,26,172,0,0,19,2,21,50,59,56,28,193,2,12,14,207
07/28/2017,CAE,SC,ASO,ES,Combined TRACON& Tower with Radar,42,58,38,0,138,0,0,18,0,18,42,58,56,0,156,10,0,10,166
07/29/2017,CAE,SC,ASO,ES,Combined TRACON& Tower with Radar,24,30,24,1,79,0,0,9,0,9,24,30,33,1,88,0,0,0,88
07/30/2017,CAE,SC,ASO,ES,Combined TRACON& Tower with Radar,25,38,20,5,88,0,0,32,0,32,25,38,52,5,120,26,0,26,146
07/31/2017,CAE,SC,ASO,ES,Combined TRACON& Tower with Radar,31,53,17,15,116,0,0,29,0,29,31,53,46,15,145,58,24,82,227
08/01/2017,CAE,SC,ASO,ES,Combined TRACON& Tower with Radar,43,60,21,3,127,0,0,42,0,42,43,60,63,3,169,30,0,30,199
08/02/2017,CAE,SC,ASO,ES,Combined TRACON& Tower with Radar,41,60,20,2,123,0,0,27,0,27,41,60,47,2,150,16,0,16,166
08/03/2017,CAE,SC,ASO,ES,Combined TRACON& Tower with Radar,40,62,43,5,150,0,0,13,0,13,40,62,56,5,163,12,0,12,175
08/04/2017,CAE,SC,ASO,ES,Combined TRACON& Tower with Radar,36,55,19,8,118,0,0,8,0,8,36,55,27,8,126,34,0,34,160
08/05/2017,CAE,SC,ASO,ES,Combined TRACON& Tower with Radar,22,32,32,0,86,0,0,9,0,9,22,32,41,0,95,24,0,24,119
08/06/2017,CAE,SC,ASO,ES,Combined TRACON& Tower with Radar,27,37,17,0,81,0,0,14,0,14,27,37,31,0,95,3,0,3,98
08/07/2017,CAE,SC,ASO,ES,Combined TRACON& Tower with Radar,33,49,21,4,107,0,0,16,0,16,33,49,37,4,123,0,2,2,125
08/08/2017,CAE,SC,ASO,ES,Combined TRACON& Tower with Radar,41,68,44,2,155,0,0,4,0,4,41,68,48,2,159,20,0,20,179
08/09/2017,CAE,SC,ASO,ES,Combined TRACON& Tower with Radar,44,63,46,1,154,0,0,2,0,2,44,63,48,1,156,0,0,0,156
08/10/2017,CAE,SC,ASO,ES,Combined TRACON& Tower with Radar,44,62,22,11,139,0,0,10,0,10,44,62,32,11,149,22,0,22,171
08/11/2017,CAE,SC,ASO,ES,Combined TRACON& Tower with Radar,36,56,30,12,134,0,0,9,0,9,36,56,39,12,143,4,34,38,181
08/12/2017,CAE,SC,ASO,ES,Combined TRACON& Tower with Radar,23,33,26,0,82,0,0,8,0,8,23,33,34,0,90,36,0,36,126
08/13/2017,CAE,SC,ASO,ES,Combined TRACON& Tower with Radar,24,37,13,0,74,0,0,13,0,13,24,37,26,0,87,6,0,6,93
08/14/2017,CAE,SC,ASO,ES,Combined TRACON& Tower with Radar,39,50,28,0,117,0,0,8,0,8,39,50,36,0,125,52,0,52,177
08/15/2017,CAE,SC,ASO,ES,Combined TRACON& Tower with Radar,45,59,27,8,139,0,0,17,0,17,45,59,44,8,156,8,16,24,180
08/16/2017,CAE,SC,ASO,ES,Combined TRACON& Tower with Radar,43,58,30,0,131,0,0,25,0,25,43,58,55,0,156,12,0,12,168
08/17/2017,CAE,SC,ASO,ES,Combined TRACON& Tower with Radar,47,68,28,10,153,0,0,18,1,19,47,68,46,11,172,8,18,26,198
08/18/2017,CAE,SC,ASO,ES,Combined TRACON& Tower with Radar,36,59,35,14,144,0,0,26,0,26,36,59,61,14,170,34,0,34,204
08/19/2017,CAE,SC,ASO,ES,Combined TRACON& Tower with Radar,22,30,25,0,77,0,2,31,0,33,22,32,56,0,110,14,0,14,124
08/20/2017,CAE,SC,ASO,ES,Combined TRACON& Tower with Radar,20,41,33,0,94,0,0,29,0,29,20,41,62,0,123,24,0,24,147
08/21/2017,CAE,SC,ASO,ES,Combined TRACON& Tower with Radar,34,63,136,6,239,0,0,67,5,72,34,63,203,11,311,0,0,0,311
08/22/2017,CAE,SC,ASO,ES,Combined TRACON& Tower with Radar,42,58,45,2,147,0,2,22,0,24,42,60,67,2,171,0,0,0,171
08/23/2017,CAE,SC,ASO,ES,Combined TRACON& Tower with Radar,45,53,48,8,154,0,0,27,0,27,45,53,75,8,181,16,0,16,197
08/24/2017,CAE,SC,ASO,ES,Combined TRACON& Tower with Radar,44,59,25,3,131,0,0,11,0,11,44,59,36,3,142,16,0,16,158
08/25/2017,CAE,SC,ASO,ES,Combined TRACON& Tower with Radar,38,58,33,21,150,0,0,17,0,17,38,58,50,21,167,0,2,2,169
08/26/2017,CAE,SC,ASO,ES,Combined TRACON& Tower with Radar,25,32,20,0,77,0,2,29,2,33,25,34,49,2,110,8,0,8,118
08/27/2017,CAE,SC,ASO,ES,Combined TRACON& Tower with Radar,21,31,13,3,68,0,0,12,0,12,21,31,25,3,80,40,0,40,120
08/28/2017,CAE,SC,ASO,ES,Combined TRACON& Tower with Radar,31,50,38,4,123,0,0,6,0,6,31,50,44,4,129,6,0,6,135
08/29/2017,CAE,SC,ASO,ES,Combined TRACON& Tower with Radar,42,59,32,4,137,0,1,16,0,17,42,60,48,4,154,0,26,26,180
08/30/2017,CAE,SC,ASO,ES,Combined TRACON& Tower with Radar,41,61,50,6,158,0,0,26,0,26,41,61,76,6,184,44,0,44,228
08/31/2017,CAE,SC,ASO,ES,Combined TRACON& Tower with Radar,40,56,63,2,161,0,0,12,0,12,40,56,75,2,173,0,0,0,173
09/01/2017,CAE,SC,ASO,ES,Combined TRACON& Tower with Radar,42,55,27,3,127,0,0,6,0,6,42,55,33,3,133,0,0,0,133
09/02/2017,CAE,SC,ASO,ES,Combined TRACON& Tower with Radar,23,26,11,2,62,0,0,29,3,32,23,26,40,5,94,27,0,27,121
09/03/2017,CAE,SC,ASO,ES,Combined TRACON& Tower with Radar,22,21,15,4,62,0,0,20,0,20,22,21,35,4,82,24,0,24,106
09/04/2017,CAE,SC,ASO,ES,Combined TRACON& Tower with Radar,31,42,14,0,87,0,0,29,0,29,31,42,43,0,116,14,0,14,130
09/05/2017,CAE,SC,ASO,ES,Combined TRACON& Tower with Radar,32,60,30,2,124,0,0,11,0,11,32,60,41,2,135,0,0,0,135
09/06/2017,CAE,SC,ASO,ES,Combined TRACON& Tower with Radar,38,64,33,22,157,0,0,7,0,7,38,64,40,22,164,12,0,12,176
09/07/2017,CAE,SC,ASO,ES,Combined TRACON& Tower with Radar,35,72,58,5,170,0,0,17,2,19,35,72,75,7,189,20,0,20,209
09/08/2017,CAE,SC,ASO,ES,Combined TRACON& Tower with Radar,31,76,41,0,148,0,0,27,0,27,31,76,68,0,175,16,0,16,191
09/09/2017,CAE,SC,ASO,ES,Combined TRACON& Tower with Radar,21,29,26,1,77,0,0,24,0,24,21,29,50,1,101,6,0,6,107
09/10/2017,CAE,SC,ASO,ES,Combined TRACON& Tower with Radar,26,42,12,0,80,0,0,7,0,7,26,42,19,0,87,21,0,21,108
09/11/2017,CAE,SC,ASO,ES,Combined TRACON& Tower with Radar,12,34,2,0,48,0,0,0,0,0,12,34,2,0,48,0,0,0,48
09/12/2017,CAE,SC,ASO,ES,Combined TRACON& Tower with Radar,41,61,23,1,126,0,0,15,6,21,41,61,38,7,147,26,0,26,173
09/13/2017,CAE,SC,ASO,ES,Combined TRACON& Tower with Radar,42,68,19,2,131,0,0,9,0,9,42,68,28,2,140,6,26,32,172
09/14/2017,CAE,SC,ASO,ES,Combined TRACON& Tower with Radar,38,69,35,6,148,0,0,12,1,13,38,69,47,7,161,24,0,24,185
09/15/2017,CAE,SC,ASO,ES,Combined TRACON& Tower with Radar,34,68,25,16,143,0,0,17,0,17,34,68,42,16,160,14,26,40,200
09/16/2017,CAE,SC,ASO,ES,Combined TRACON& Tower with Radar,20,33,16,0,69,0,0,22,0,22,20,33,38,0,91,18,0,18,109
09/17/2017,CAE,SC,ASO,ES,Combined TRACON& Tower with Radar,20,40,21,8,89,0,4,20,0,24,20,44,41,8,113,52,0,52,165
09/18/2017,CAE,SC,ASO,ES,Combined TRACON& Tower with Radar,29,53,19,0,101,0,0,12,0,12,29,53,31,0,113,20,0,20,133
09/19/2017,CAE,SC,ASO,ES,Combined TRACON& Tower with Radar,37,62,33,0,132,0,0,19,0,19,37,62,52,0,151,5,0,5,156
09/20/2017,CAE,SC,ASO,ES,Combined TRACON& Tower with Radar,37,65,38,2,142,0,2,16,0,18,37,67,54,2,160,18,0,18,178
09/21/2017,CAE,SC,ASO,ES,Combined TRACON& Tower with Radar,38,61,32,0,131,0,0,24,0,24,38,61,56,0,155,40,0,40,195
09/22/2017,CAE,SC,ASO,ES,Combined TRACON& Tower with Radar,35,71,30,6,142,0,0,14,5,19,35,71,44,11,161,46,0,46,207
09/23/2017,CAE,SC,ASO,ES,Combined TRACON& Tower with Radar,22,36,26,0,84,0,0,24,0,24,22,36,50,0,108,10,0,10,118
09/24/2017,CAE,SC,ASO,ES,Combined TRACON& Tower with Radar,22,46,15,2,85,0,0,21,2,23,22,46,36,4,108,42,0,42,150
09/25/2017,CAE,SC,ASO,ES,Combined TRACON& Tower with Radar,26,57,24,2,109,0,5,24,0,29,26,62,48,2,138,2,0,2,140
09/26/2017,CAE,SC,ASO,ES,Combined TRACON& Tower with Radar,38,56,36,12,142,0,8,7,0,15,38,64,43,12,157,0,14,14,171
09/27/2017,CAE,SC,ASO,ES,Combined TRACON& Tower with Radar,40,69,46,2,157,0,0,19,0,19,40,69,65,2,176,6,0,6,182
09/28/2017,CAE,SC,ASO,ES,Combined TRACON& Tower with Radar,38,61,55,3,157,0,4,20,1,25,38,65,75,4,182,44,0,44,226
09/29/2017,CAE,SC,ASO,ES,Combined TRACON& Tower with Radar,33,59,29,2,123,0,0,36,0,36,33,59,65,2,159,0,0,0,159
09/30/2017,CAE,SC,ASO,ES,Combined TRACON& Tower with Radar,17,31,25,0,73,0,0,16,0,16,17,31,41,0,89,12,0,12,101
10/01/2017,CAE,SC,ASO,ES,Combined TRACON& Tower with Radar,23,40,32,0,95,0,0,11,0,11,23,40,43,0,106,0,0,0,106
10/02/2017,CAE,SC,ASO,ES,Combined TRACON& Tower with Radar,26,60,27,2,115,0,0,12,0,12,26,60,39,2,127,6,0,6,133
10/03/2017,CAE,SC,ASO,ES,Combined TRACON& Tower with Radar,39,62,29,1,131,0,0,11,2,13,39,62,40,3,144,0,0,0,144
10/04/2017,CAE,SC,ASO,ES,Combined TRACON& Tower with Radar,38,69,31,7,145,0,0,18,2,20,38,69,49,9,165,8,4,12,177
10/05/2017,CAE,SC,ASO,ES,Combined TRACON& Tower with Radar,37,72,58,10,177,0,0,25,0,25,37,72,83,10,202,42,0,42,244
10/06/2017,CAE,SC,ASO,ES,Combined TRACON& Tower with Radar,31,78,50,10,169,0,0,27,0,27,31,78,77,10,196,32,12,44,240
10/07/2017,CAE,SC,ASO,ES,Combined TRACON& Tower with Radar,16,32,30,0,78,0,0,3,0,3,16,32,33,0,81,0,0,0,81
10/08/2017,CAE,SC,ASO,ES,Combined TRACON& Tower with Radar,18,44,20,0,82,0,0,0,0,0,18,44,20,0,82,0,0,0,82
10/09/2017,CAE,SC,ASO,ES,Combined TRACON& Tower with Radar,25,56,39,0,120,0,0,7,0,7,25,56,46,0,127,36,0,36,163
10/10/2017,CAE,SC,ASO,ES,Combined TRACON& Tower with Radar,37,65,31,4,137,0,0,5,0,5,37,65,36,4,142,0,0,0,142
10/11/2017,CAE,SC,ASO,ES,Combined TRACON& Tower with Radar,37,74,52,11,174,0,2,12,2,16,37,76,64,13,190,10,0,10,200
10/12/2017,CAE,SC,ASO,ES,Combined TRACON& Tower with Radar,38,72,42,13,165,0,0,9,2,11,38,72,51,15,176,38,0,38,214
10/13/2017,CAE,SC,ASO,ES,Combined TRACON& Tower with Radar,32,73,24,19,148,0,0,3,3,6,32,73,27,22,154,10,0,10,164
10/14/2017,CAE,SC,ASO,ES,Combined TRACON& Tower with Radar,16,35,24,0,75,0,0,11,0,11,16,35,35,0,86,10,0,10,96
10/15/2017,CAE,SC,ASO,ES,Combined TRACON& Tower with Radar,20,44,16,0,80,0,0,13,0,13,20,44,29,0,93,20,0,20,113
10/16/2017,CAE,SC,ASO,ES,Combined TRACON& Tower with Radar,27,52,23,0,102,0,0,4,0,4,27,52,27,0,106,2,0,2,108
10/17/2017,CAE,SC,ASO,ES,Combined TRACON& Tower with Radar,36,68,47,2,153,0,0,23,0,23,36,68,70,2,176,12,12,24,200
10/18/2017,CAE,SC,ASO,ES,Combined TRACON& Tower with Radar,37,73,41,16,167,0,0,31,0,31,37,73,72,16,198,2,8,10,208
10/19/2017,CAE,SC,ASO,ES,Combined TRACON& Tower with Radar,40,67,57,18,182,0,1,24,0,25,40,68,81,18,207,18,32,50,257
10/20/2017,CAE,SC,ASO,ES,Combined TRACON& Tower with Radar,29,65,29,2,125,0,0,16,0,16,29,65,45,2,141,22,0,22,163
10/21/2017,CAE,SC,ASO,ES,Combined TRACON& Tower with Radar,14,34,19,4,71,0,0,39,0,39,14,34,58,4,110,34,0,34,144
10/22/2017,CAE,SC,ASO,ES,Combined TRACON& Tower with Radar,19,40,26,0,85,0,0,27,0,27,19,40,53,0,112,38,0,38,150
10/23/2017,CAE,SC,ASO,ES,Combined TRACON& Tower with Radar,30,54,28,0,112,0,0,0,0,0,30,54,28,0,112,0,0,0,112
10/24/2017,CAE,SC,ASO,ES,Combined TRACON& Tower with Radar,38,64,51,4,157,0,0,23,0,23,38,64,74,4,180,2,0,2,182
10/25/2017,CAE,SC,ASO,ES,Combined TRACON& Tower with Radar,40,64,42,4,150,0,0,11,0,11,40,64,53,4,161,20,0,20,181
10/26/2017,CAE,SC,ASO,ES,Combined TRACON& Tower with Radar,35,67,48,3,153,0,0,19,0,19,35,67,67,3,172,38,0,38,210
10/27/2017,CAE,SC,ASO,ES,Combined TRACON& Tower with Radar,33,69,31,2,135,0,0,30,0,30,33,69,61,2,165,30,0,30,195
10/28/2017,CAE,SC,ASO,ES,Combined TRACON& Tower with Radar,18,30,25,0,73,0,0,22,0,22,18,30,47,0,95,0,0,0,95
10/29/2017,CAE,SC,ASO,ES,Combined TRACON& Tower with Radar,21,40,18,5,84,0,0,2,0,2,21,40,20,5,86,20,0,20,106
10/30/2017,CAE,SC,ASO,ES,Combined TRACON& Tower with Radar,25,51,30,3,109,0,0,24,3,27,25,51,54,6,136,32,2,34,170
10/31/2017,CAE,SC,ASO,ES,Combined TRACON& Tower with Radar,39,60,29,6,134,0,2,22,0,24,39,62,51,6,158,0,4,4,162
11/01/2017,CAE,SC,ASO,ES,Combined TRACON& Tower with Radar,39,66,45,5,155,0,0,21,0,21,39,66,66,5,176,6,0,6,182
11/02/2017,CAE,SC,ASO,ES,Combined TRACON& Tower with Radar,41,70,38,5,154,0,0,10,0,10,41,70,48,5,164,0,0,0,164
11/03/2017,CAE,SC,ASO,ES,Combined TRACON& Tower with Radar,32,64,25,15,136,0,0,20,1,21,32,64,45,16,157,6,0,6,163
11/04/2017,CAE,SC,ASO,ES,Combined TRACON& Tower with Radar,13,35,9,0,57,0,1,18,2,21,13,36,27,2,78,20,6,26,104
11/05/2017,CAE,SC,ASO,ES,Combined TRACON& Tower with Radar,18,41,26,0,85,0,0,5,0,5,18,41,31,0,90,0,0,0,90
11/06/2017,CAE,SC,ASO,ES,Combined TRACON& Tower with Radar,25,59,36,3,123,0,0,12,0,12,25,59,48,3,135,6,0,6,141
11/07/2017,CAE,SC,ASO,ES,Combined TRACON& Tower with Radar,40,67,31,11,149,0,0,13,2,15,40,67,44,13,164,6,0,6,170
11/08/2017,CAE,SC,ASO,ES,Combined TRACON& Tower with Radar,36,62,37,6,141,0,0,0,0,0,36,62,37,6,141,0,0,0,141
11/09/2017,CAE,SC,ASO,ES,Combined TRACON& Tower with Radar,36,62,49,1,148,0,0,0,0,0,36,62,49,1,148,0,0,0,148
11/10/2017,CAE,SC,ASO,ES,Combined TRACON& Tower with Radar,30,68,43,0,141,0,1,40,2,43,30,69,83,2,184,30,6,36,220
11/11/2017,CAE,SC,ASO,ES,Combined TRACON& Tower with Radar,15,41,18,3,77,0,0,19,0,19,15,41,37,3,96,14,0,14,110
11/12/2017,CAE,SC,ASO,ES,Combined TRACON& Tower with Radar,18,45,31,0,94,0,0,22,0,22,18,45,53,0,116,0,0,0,116
11/13/2017,CAE,SC,ASO,ES,Combined TRACON& Tower with Radar,28,53,44,0,125,0,0,4,0,4,28,53,48,0,129,20,0,20,149
11/14/2017,CAE,SC,ASO,ES,Combined TRACON& Tower with Radar,41,64,56,18,179,0,0,34,2,36,41,64,90,20,215,28,14,42,257
11/15/2017,CAE,SC,ASO,ES,Combined TRACON& Tower with Radar,36,65,43,4,148,0,0,18,0,18,36,65,61,4,166,12,0,12,178
11/16/2017,CAE,SC,ASO,ES,Combined TRACON& Tower with Radar,35,74,45,11,165,0,1,19,1,21,35,75,64,12,186,12,26,38,224
11/17/2017,CAE,SC,ASO,ES,Combined TRACON& Tower with Radar,32,66,37,13,148,0,0,13,1,14,32,66,50,14,162,38,20,58,220
11/18/2017,CAE,SC,ASO,ES,Combined TRACON& Tower with Radar,14,36,21,0,71,0,0,12,0,12,14,36,33,0,83,0,0,0,83
11/19/2017,CAE,SC,ASO,ES,Combined TRACON& Tower with Radar,19,47,20,0,86,0,0,3,0,3,19,47,23,0,89,2,0,2,91
11/20/2017,CAE,SC,ASO,ES,Combined TRACON& Tower with Radar,28,55,41,0,124,0,0,32,0,32,28,55,73,0,156,49,0,49,205
11/21/2017,CAE,SC,ASO,ES,Combined TRACON& Tower with Radar,41,72,42,14,169,0,0,9,4,13,41,72,51,18,182,0,0,0,182
11/22/2017,CAE,SC,ASO,ES,Combined TRACON& Tower with Radar,49,75,39,5,168,0,2,17,0,19,49,77,56,5,187,22,0,22,209
11/23/2017,CAE,SC,ASO,ES,Combined TRACON& Tower with Radar,18,20,5,0,43,0,0,1,0,1,18,20,6,0,44,14,0,14,58
11/24/2017,CAE,SC,ASO,ES,Combined TRACON& Tower with Radar,26,40,27,0,93,0,0,11,0,11,26,40,38,0,104,14,0,14,118
11/25/2017,CAE,SC,ASO,ES,Combined TRACON& Tower with Radar,18,49,22,0,89,0,2,13,0,15,18,51,35,0,104,0,0,0,104
11/26/2017,CAE,SC,ASO,ES,Combined TRACON& Tower with Radar,30,47,24,0,101,0,0,14,0,14,30,47,38,0,115,0,0,0,115
11/27/2017,CAE,SC,ASO,ES,Combined TRACON& Tower with Radar,27,48,31,2,108,0,1,5,0,6,27,49,36,2,114,4,0,4,118
11/28/2017,CAE,SC,ASO,ES,Combined TRACON& Tower with Radar,51,65,44,8,168,0,0,12,4,16,51,65,56,12,184,0,4,4,188
11/29/2017,CAE,SC,ASO,ES,Combined TRACON& Tower with Radar,51,66,36,4,157,0,0,18,2,20,51,66,54,6,177,16,0,16,193
11/30/2017,CAE,SC,ASO,ES,Combined TRACON& Tower with Radar,48,73,33,6,160,0,2,24,0,26,48,75,57,6,186,2,0,2,188
12/01/2017,CAE,SC,ASO,ES,Combined TRACON& Tower with Radar,38,65,49,11,163,0,0,7,2,9,38,65,56,13,172,0,4,4,176
12/02/2017,CAE,SC,ASO,ES,Combined TRACON& Tower with Radar,15,38,31,0,84,0,0,9,1,10,15,38,40,1,94,32,0,32,126
12/03/2017,CAE,SC,ASO,ES,Combined TRACON& Tower with Radar,20,41,31,1,93,0,0,23,0,23,20,41,54,1,116,22,0,22,138
12/04/2017,CAE,SC,ASO,ES,Combined TRACON& Tower with Radar,30,55,28,12,125,0,0,15,2,17,30,55,43,14,142,10,50,60,202
12/05/2017,CAE,SC,ASO,ES,Combined TRACON& Tower with Radar,48,71,32,6,157,0,0,9,2,11,48,71,41,8,168,22,10,32,200
12/06/2017,CAE,SC,ASO,ES,Combined TRACON& Tower with Radar,50,64,51,1,166,0,0,2,0,2,50,64,53,1,168,18,0,18,186
12/07/2017,CAE,SC,ASO,ES,Combined TRACON& Tower with Radar,50,71,37,2,160,0,0,12,0,12,50,71,49,2,172,0,0,0,172
12/08/2017,CAE,SC,ASO,ES,Combined TRACON& Tower with Radar,31,62,33,0,126,0,0,0,0,0,31,62,33,0,126,0,0,0,126
12/09/2017,CAE,SC,ASO,ES,Combined TRACON& Tower with Radar,10,39,2,0,51,0,1,0,0,1,10,40,2,0,52,0,0,0,52
12/10/2017,CAE,SC,ASO,ES,Combined TRACON& Tower with Radar,23,38,23,0,84,0,0,15,0,15,23,38,38,0,99,74,0,74,173
12/11/2017,CAE,SC,ASO,ES,Combined TRACON& Tower with Radar,33,53,34,1,121,0,1,22,1,24,33,54,56,2,145,42,0,42,187
12/12/2017,CAE,SC,ASO,ES,Combined TRACON& Tower with Radar,48,61,49,2,160,0,0,19,0,19,48,61,68,2,179,14,0,14,193
12/13/2017,CAE,SC,ASO,ES,Combined TRACON& Tower with Radar,48,65,47,0,160,0,2,40,0,42,48,67,87,0,202,18,0,18,220
12/14/2017,CAE,SC,ASO,ES,Combined TRACON& Tower with Radar,47,60,41,8,156,0,4,57,1,62,47,64,98,9,218,22,2,24,242
12/15/2017,CAE,SC,ASO,ES,Combined TRACON& Tower with Radar,42,60,33,2,137,0,0,43,1,44,42,60,76,3,181,20,0,20,201
12/16/2017,CAE,SC,ASO,ES,Combined TRACON& Tower with Radar,25,41,35,0,101,0,2,30,3,35,25,43,65,3,136,4,0,4,140
12/17/2017,CAE,SC,ASO,ES,Combined TRACON& Tower with Radar,21,39,19,0,79,0,0,20,0,20,21,39,39,0,99,10,0,10,109
12/18/2017,CAE,SC,ASO,ES,Combined TRACON& Tower with Radar,34,57,46,2,139,0,0,6,0,6,34,57,52,2,145,16,31,47,192
12/19/2017,CAE,SC,ASO,ES,Combined TRACON& Tower with Radar,57,69,45,2,173,0,0,14,0,14,57,69,59,2,187,10,0,10,197
12/20/2017,CAE,SC,ASO,ES,Combined TRACON& Tower with Radar,56,71,30,0,157,0,0,0,0,0,56,71,30,0,157,0,0,0,157
12/21/2017,CAE,SC,ASO,ES,Combined TRACON& Tower with Radar,58,70,44,0,172,0,0,24,0,24,58,70,68,0,196,10,0,10,206
12/22/2017,CAE,SC,ASO,ES,Combined TRACON& Tower with Radar,38,65,25,0,128,0,0,22,0,22,38,65,47,0,150,26,0,26,176
12/23/2017,CAE,SC,ASO,ES,Combined TRACON& Tower with Radar,18,44,22,0,84,0,0,0,0,0,18,44,22,0,84,0,0,0,84
12/24/2017,CAE,SC,ASO,ES,Combined TRACON& Tower with Radar,14,28,11,0,53,0,0,2,0,2,14,28,13,0,55,10,0,10,65
12/25/2017,CAE,SC,ASO,ES,Combined TRACON& Tower with Radar,14,27,4,0,45,0,1,3,0,4,14,28,7,0,49,0,0,0,49
12/26/2017,CAE,SC,ASO,ES,Combined TRACON& Tower with Radar,22,60,26,1,109,0,0,16,1,17,22,60,42,2,126,18,0,18,144
12/27/2017,CAE,SC,ASO,ES,Combined TRACON& Tower with Radar,34,60,35,0,129,0,0,8,0,8,34,60,43,0,137,0,0,0,137
12/28/2017,CAE,SC,ASO,ES,Combined TRACON& Tower with Radar,38,58,40,0,136,0,0,18,0,18,38,58,58,0,154,6,0,6,160
12/29/2017,CAE,SC,ASO,ES,Combined TRACON& Tower with Radar,25,58,22,0,105,0,0,15,0,15,25,58,37,0,120,0,0,0,120
12/30/2017,CAE,SC,ASO,ES,Combined TRACON& Tower with Radar,18,43,17,0,78,0,0,16,0,16,18,43,33,0,94,0,0,0,94
12/31/2017,CAE,SC,ASO,ES,Combined TRACON& Tower with Radar,10,38,15,0,63,0,0,11,0,11,10,38,26,0,74,58,0,58,132
01/01/2018,CAE,SC,ASO,ES,Combined TRACON& Tower with Radar,20,33,10,0,63,0,1,10,0,11,20,34,20,0,74,0,0,0,74
01/02/2018,CAE,SC,ASO,ES,Combined TRACON& Tower with Radar,28,65,26,0,119,0,1,9,0,10,28,66,35,0,129,40,0,40,169
01/03/2018,CAE,SC,ASO,ES,Combined TRACON& Tower with Radar,43,59,24,4,130,0,0,5,2,7,43,59,29,6,137,2,20,22,159
01/04/2018,CAE,SC,ASO,ES,Combined TRACON& Tower with Radar,34,43,30,0,107,0,0,10,0,10,34,43,40,0,117,4,0,4,121
01/05/2018,CAE,SC,ASO,ES,Combined TRACON& Tower with Radar,26,64,33,2,125,0,0,9,0,9,26,64,42,2,134,4,0,4,138
01/06/2018,CAE,SC,ASO,ES,Combined TRACON& Tower with Radar,20,38,13,0,71,0,0,17,0,17,20,38,30,0,88,0,0,0,88
01/07/2018,CAE,SC,ASO,ES,Combined TRACON& Tower with Radar,22,41,26,1,90,0,0,10,0,10,22,41,36,1,100,2,0,2,102
01/08/2018,CAE,SC,ASO,ES,Combined TRACON& Tower with Radar,28,53,17,11,109,0,0,6,2,8,28,53,23,13,117,14,8,22,139
01/09/2018,CAE,SC,ASO,ES,Combined TRACON& Tower with Radar,37,62,21,10,130,0,0,8,0,8,37,62,29,10,138,32,0,32,170
01/10/2018,CAE,SC,ASO,ES,Combined TRACON& Tower with Radar,37,66,34,16,153,0,0,10,0,10,37,66,44,16,163,16,16,32,195
01/11/2018,CAE,SC,ASO,ES,Combined TRACON& Tower with Radar,36,71,33,0,140,0,0,0,0,0,36,71,33,0,140,0,0,0,140
01/12/2018,CAE,SC,ASO,ES,Combined TRACON& Tower with Radar,31,59,34,1,125,0,0,2,0,2,31,59,36,1,127,0,0,0,127
01/13/2018,CAE,SC,ASO,ES,Combined TRACON& Tower with Radar,16,45,16,1,78,0,0,12,0,12,16,45,28,1,90,0,0,0,90
01/14/2018,CAE,SC,ASO,ES,Combined TRACON& Tower with Radar,16,39,26,0,81,0,0,31,0,31,16,39,57,0,112,18,0,18,130
01/15/2018,CAE,SC,ASO,ES,Combined TRACON& Tower with Radar,25,55,23,0,103,0,0,17,0,17,25,55,40,0,120,4,0,4,124
01/16/2018,CAE,SC,ASO,ES,Combined TRACON& Tower with Radar,36,65,32,7,140,0,0,18,4,22,36,65,50,11,162,4,20,24,186
01/17/2018,CAE,SC,ASO,ES,Combined TRACON& Tower with Radar,33,48,13,2,96,0,1,2,0,3,33,49,15,2,99,0,0,0,99
01/18/2018,CAE,SC,ASO,ES,Combined TRACON& Tower with Radar,37,67,35,2,141,0,1,13,0,14,37,68,48,2,155,6,0,6,161
01/19/2018,CAE,SC,ASO,ES,Combined TRACON& Tower with Radar,29,64,31,2,126,0,0,29,1,30,29,64,60,3,156,26,0,26,182
01/20/2018,CAE,SC,ASO,ES,Combined TRACON& Tower with Radar,18,34,13,2,67,0,1,18,0,19,18,35,31,2,86,4,0,4,90
01/21/2018,CAE,SC,ASO,ES,Combined TRACON& Tower with Radar,18,46,23,4,91,0,0,25,0,25,18,46,48,4,116,10,0,10,126
01/22/2018,CAE,SC,ASO,ES,Combined TRACON& Tower with Radar,27,57,36,0,120,0,0,16,0,16,27,57,52,0,136,2,0,2,138
01/23/2018,CAE,SC,ASO,ES,Combined TRACON& Tower with Radar,41,69,27,8,145,0,0,3,0,3,41,69,30,8,148,12,0,12,160
01/24/2018,CAE,SC,ASO,ES,Combined TRACON& Tower with Radar,40,68,37,22,167,0,0,34,0,34,40,68,71,22,201,4,18,22,223
01/25/2018,CAE,SC,ASO,ES,Combined TRACON& Tower with Radar,38,69,33,18,158,0,1,26,0,27,38,70,59,18,185,40,0,40,225
01/26/2018,CAE,SC,ASO,ES,Combined TRACON& Tower with Radar,30,63,33,0,126,0,0,13,0,13,30,63,46,0,139,6,0,6,145
01/27/2018,CAE,SC,ASO,ES,Combined TRACON& Tower with Radar,16,36,20,0,72,0,0,26,0,26,16,36,46,0,98,38,0,38,136
01/28/2018,CAE,SC,ASO,ES,Combined TRACON& Tower with Radar,19,45,8,0,72,0,0,0,0,0,19,45,8,0,72,0,0,0,72
01/29/2018,CAE,SC,ASO,ES,Combined TRACON& Tower with Radar,26,61,29,0,116,0,0,4,0,4,26,61,33,0,120,0,0,0,120
01/30/2018,CAE,SC,ASO,ES,Combined TRACON& Tower with Radar,40,58,45,17,160,0,0,19,1,20,40,58,64,18,180,0,0,0,180
01/31/2018,CAE,SC,ASO,ES,Combined TRACON& Tower with Radar,36,71,37,6,150,0,0,23,1,24,36,71,60,7,174,2,10,12,186
02/01/2018,CAE,SC,ASO,ES,Combined TRACON& Tower with Radar,40,77,30,4,151,0,0,11,1,12,40,77,41,5,163,14,0,14,177
02/02/2018,CAE,SC,ASO,ES,Combined TRACON& Tower with Radar,30,64,20,0,114,0,0,14,0,14,30,64,34,0,128,6,0,6,134
02/03/2018,CAE,SC,ASO,ES,Combined TRACON& Tower with Radar,18,30,15,0,63,0,0,28,0,28,18,30,43,0,91,30,0,30,121
02/04/2018,CAE,SC,ASO,ES,Combined TRACON& Tower with Radar,15,42,11,0,68,0,0,0,0,0,15,42,11,0,68,0,0,0,68
02/05/2018,CAE,SC,ASO,ES,Combined TRACON& Tower with Radar,27,58,40,2,127,0,0,34,2,36,27,58,74,4,163,0,0,0,163
02/06/2018,CAE,SC,ASO,ES,Combined TRACON& Tower with Radar,45,60,37,9,151,0,1,17,1,19,45,61,54,10,170,12,0,12,182
02/07/2018,CAE,SC,ASO,ES,Combined TRACON& Tower with Radar,46,67,41,0,154,0,0,2,0,2,46,67,43,0,156,0,0,0,156
02/08/2018,CAE,SC,ASO,ES,Combined TRACON& Tower with Radar,39,62,41,11,153,0,0,23,0,23,39,62,64,11,176,6,0,6,182
02/09/2018,CAE,SC,ASO,ES,Combined TRACON& Tower with Radar,29,61,38,14,142,0,0,13,2,15,29,61,51,16,157,4,0,4,161
02/10/2018,CAE,SC,ASO,ES,Combined TRACON& Tower with Radar,15,35,4,0,54,0,0,0,0,0,15,35,4,0,54,0,0,0,54
02/11/2018,CAE,SC,ASO,ES,Combined TRACON& Tower with Radar,18,41,9,1,69,0,0,2,0,2,18,41,11,1,71,0,0,0,71
02/12/2018,CAE,SC,ASO,ES,Combined TRACON& Tower with Radar,31,57,22,3,113,0,0,6,0,6,31,57,28,3,119,0,0,0,119
02/13/2018,CAE,SC,ASO,ES,Combined TRACON& Tower with Radar,47,65,53,6,171,0,2,9,2,13,47,67,62,8,184,0,0,0,184
02/14/2018,CAE,SC,ASO,ES,Combined TRACON& Tower with Radar,40,67,38,23,168,0,3,17,5,25,40,70,55,28,193,0,16,16,209
02/15/2018,CAE,SC,ASO,ES,Combined TRACON& Tower with Radar,42,65,43,13,163,0,4,12,0,16,42,69,55,13,179,0,0,0,179
02/16/2018,CAE,SC,ASO,ES,Combined TRACON& Tower with Radar,34,67,30,3,134,0,0,9,0,9,34,67,39,3,143,0,0,0,143
02/17/2018,CAE,SC,ASO,ES,Combined TRACON& Tower with Radar,21,42,17,5,85,0,0,4,1,5,21,42,21,6,90,0,0,0,90
02/18/2018,CAE,SC,ASO,ES,Combined TRACON& Tower with Radar,24,42,26,2,94,0,0,22,4,26,24,42,48,6,120,18,18,36,156
02/19/2018,CAE,SC,ASO,ES,Combined TRACON& Tower with Radar,35,57,28,0,120,0,0,9,0,9,35,57,37,0,129,0,0,0,129
02/20/2018,CAE,SC,ASO,ES,Combined TRACON& Tower with Radar,41,58,49,1,149,0,0,17,0,17,41,58,66,1,166,0,0,0,166
02/21/2018,CAE,SC,ASO,ES,Combined TRACON& Tower with Radar,42,59,46,9,156,0,0,4,0,4,42,59,50,9,160,0,0,0,160
02/22/2018,CAE,SC,ASO,ES,Combined TRACON& Tower with Radar,38,59,43,11,151,0,0,9,0,9,38,59,52,11,160,14,0,14,174
02/23/2018,CAE,SC,ASO,ES,Combined TRACON& Tower with Radar,34,60,43,10,147,0,1,16,2,19,34,61,59,12,166,24,0,24,190
02/24/2018,CAE,SC,ASO,ES,Combined TRACON& Tower with Radar,20,39,18,4,81,0,0,9,0,9,20,39,27,4,90,20,0,20,110
02/25/2018,CAE,SC,ASO,ES,Combined TRACON& Tower with Radar,23,37,15,6,81,0,0,3,0,3,23,37,18,6,84,18,0,18,102
02/26/2018,CAE,SC,ASO,ES,Combined TRACON& Tower with Radar,42,57,17,0,116,0,0,1,0,1,42,57,18,0,117,0,0,0,117
02/27/2018,CAE,SC,ASO,ES,Combined TRACON& Tower with Radar,42,66,48,2,158,0,0,27,2,29,42,66,75,4,187,0,0,0,187
02/28/2018,CAE,SC,ASO,ES,Combined TRACON& Tower with Radar,42,65,50,4,161,0,0,6,0,6,42,65,56,4,167,7,0,7,174
03/01/2018,CAE,SC,ASO,ES,Combined TRACON& Tower with Radar,44,59,23,7,133,0,0,2,0,2,44,59,25,7,135,0,0,0,135
03/02/2018,CAE,SC,ASO,ES,Combined TRACON& Tower with Radar,34,48,20,1,103,0,0,6,0,6,34,48,26,1,109,0,0,0,109
03/03/2018,CAE,SC,ASO,ES,Combined TRACON& Tower with Radar,21,43,18,3,85,0,0,11,1,12,21,43,29,4,97,0,10,10,107
03/04/2018,CAE,SC,ASO,ES,Combined TRACON& Tower with Radar,23,33,19,0,75,0,0,33,0,33,23,33,52,0,108,0,0,0,108
03/05/2018,CAE,SC,ASO,ES,Combined TRACON& Tower with Radar,39,54,26,20,139,0,0,16,0,16,39,54,42,20,155,14,18,32,187
03/06/2018,CAE,SC,ASO,ES,Combined TRACON& Tower with Radar,48,59,15,8,130,0,0,2,0,2,48,59,17,8,132,0,0,0,132
03/07/2018,CAE,SC,ASO,ES,Combined TRACON& Tower with Radar,44,58,31,0,133,0,0,26,0,26,44,58,57,0,159,0,0,0,159
03/08/2018,CAE,SC,ASO,ES,Combined TRACON& Tower with Radar,43,67,34,4,148,0,4,19,0,23,43,71,53,4,171,0,0,0,171
03/09/2018,CAE,SC,ASO,ES,Combined TRACON& Tower with Radar,36,67,40,2,145,0,0,28,0,28,36,67,68,2,173,64,0,64,237
03/10/2018,CAE,SC,ASO,ES,Combined TRACON& Tower with Radar,28,38,24,0,90,0,3,18,0,21,28,41,42,0,111,2,0,2,113
03/11/2018,CAE,SC,ASO,ES,Combined TRACON& Tower with Radar,23,38,25,0,86,0,0,7,0,7,23,38,32,0,93,6,0,6,99
03/12/2018,CAE,SC,ASO,ES,Combined TRACON& Tower with Radar,32,54,20,0,106,0,0,0,0,0,32,54,20,0,106,0,0,0,106
03/13/2018,CAE,SC,ASO,ES,Combined TRACON& Tower with Radar,47,61,42,7,157,0,1,30,0,31,47,62,72,7,188,2,0,2,190
03/14/2018,CAE,SC,ASO,ES,Combined TRACON& Tower with Radar,51,62,36,4,153,0,1,15,0,16,51,63,51,4,169,0,0,0,169
03/15/2018,CAE,SC,ASO,ES,Combined TRACON& Tower with Radar,46,56,30,11,143,0,1,11,1,13,46,57,41,12,156,12,6,18,174
03/16/2018,CAE,SC,ASO,ES,Combined TRACON& Tower with Radar,37,71,49,14,171,0,0,23,5,28,37,71,72,19,199,0,4,4,203
03/17/2018,CAE,SC,ASO,ES,Combined TRACON& Tower with Radar,23,40,14,0,77,0,0,9,0,9,23,40,23,0,86,0,0,0,86
03/18/2018,CAE,SC,ASO,ES,Combined TRACON& Tower with Radar,21,38,43,2,104,0,0,66,0,66,21,38,109,2,170,22,0,22,192
03/19/2018,CAE,SC,ASO,ES,Combined TRACON& Tower with Radar,35,50,25,0,110,0,0,0,0,0,35,50,25,0,110,28,0,28,138
03/20/2018,CAE,SC,ASO,ES,Combined TRACON& Tower with Radar,57,66,27,14,164,0,0,2,0,2,57,66,29,14,166,0,0,0,166
03/21/2018,CAE,SC,ASO,ES,Combined TRACON& Tower with Radar,45,52,22,1,120,0,0,9,1,10,45,52,31,2,130,0,0,0,130
03/22/2018,CAE,SC,ASO,ES,Combined TRACON& Tower with Radar,43,58,38,3,142,0,0,17,3,20,43,58,55,6,162,4,0,4,166
03/23/2018,CAE,SC,ASO,ES,Combined TRACON& Tower with Radar,34,54,41,7,136,0,0,33,0,33,34,54,74,7,169,22,0,22,191
03/24/2018,CAE,SC,ASO,ES,Combined TRACON& Tower with Radar,23,38,17,0,78,0,0,15,0,15,23,38,32,0,93,4,0,4,97
03/25/2018,CAE,SC,ASO,ES,Combined TRACON& Tower with Radar,22,37,12,3,74,0,0,5,0,5,22,37,17,3,79,0,0,0,79
03/26/2018,CAE,SC,ASO,ES,Combined TRACON& Tower with Radar,32,51,27,10,120,0,0,10,3,13,32,51,37,13,133,2,0,2,135
03/27/2018,CAE,SC,ASO,ES,Combined TRACON& Tower with Radar,40,58,57,5,160,0,0,12,10,22,40,58,69,15,182,0,0,0,182
03/28/2018,CAE,SC,ASO,ES,Combined TRACON& Tower with Radar,42,59,30,2,133,0,2,9,2,13,42,61,39,4,146,0,0,0,146
03/29/2018,CAE,SC,ASO,ES,Combined TRACON& Tower with Radar,44,63,34,0,141,0,0,6,0,6,44,63,40,0,147,0,0,0,147
03/30/2018,CAE,SC,ASO,ES,Combined TRACON& Tower with Radar,33,64,29,0,126,0,0,6,0,6,33,64,35,0,132,0,0,0,132
03/31/2018,CAE,SC,ASO,ES,Combined TRACON& Tower with Radar,23,41,35,0,99,0,0,40,3,43,23,41,75,3,142,0,0,0,142
04/01/2018,CAE,SC,ASO,ES,Combined TRACON& Tower with Radar,21,40,22,0,83,0,0,22,0,22,21,40,44,0,105,0,0,0,105
04/02/2018,CAE,SC,ASO,ES,Combined TRACON& Tower with Radar,36,59,35,0,130,0,0,24,0,24,36,59,59,0,154,0,0,0,154
04/03/2018,CAE,SC,ASO,ES,Combined TRACON& Tower with Radar,47,56,28,1,132,0,0,9,1,10,47,56,37,2,142,20,6,26,168
04/04/2018,CAE,SC,ASO,ES,Combined TRACON& Tower with Radar,47,56,36,1,140,0,0,10,2,12,47,56,46,3,152,0,0,0,152
04/05/2018,CAE,SC,ASO,ES,Combined TRACON& Tower with Radar,46,58,50,0,154,0,0,29,0,29,46,58,79,0,183,0,0,0,183
04/06/2018,CAE,SC,ASO,ES,Combined TRACON& Tower with Radar,41,54,69,5,169,0,0,15,3,18,41,54,84,8,187,10,0,10,197
04/07/2018,CAE,SC,ASO,ES,Combined TRACON& Tower with Radar,27,34,20,0,81,0,0,0,0,0,27,34,20,0,81,0,0,0,81
04/08/2018,CAE,SC,ASO,ES,Combined TRACON& Tower with Radar,33,36,38,0,107,0,0,22,4,26,33,36,60,4,133,0,0,0,133
04/09/2018,CAE,SC,ASO,ES,Combined TRACON& Tower with Radar,37,43,16,5,101,0,0,1,0,1,37,43,17,5,102,0,0,0,102
04/10/2018,CAE,SC,ASO,ES,Combined TRACON& Tower with Radar,49,47,37,0,133,0,0,19,2,21,49,47,56,2,154,12,0,12,166
04/11/2018,CAE,SC,ASO,ES,Combined TRACON& Tower with Radar,48,50,28,0,126,0,0,21,0,21,48,50,49,0,147,4,0,4,151
04/12/2018,CAE,SC,ASO,ES,Combined TRACON& Tower with Radar,48,45,46,0,139,0,3,17,0,20,48,48,63,0,159,24,0,24,183
04/13/2018,CAE,SC,ASO,ES,Combined TRACON& Tower with Radar,40,49,23,0,112,0,0,19,0,19,40,49,42,0,131,0,14,14,145
04/14/2018,CAE,SC,ASO,ES,Combined TRACON& Tower with Radar,29,29,19,2,79,0,0,14,0,14,29,29,33,2,93,0,0,0,93
04/15/2018,CAE,SC,ASO,ES,Combined TRACON& Tower with Radar,27,23,13,0,63,0,0,2,0,2,27,23,15,0,65,0,0,0,65
04/16/2018,CAE,SC,ASO,ES,Combined TRACON& Tower with Radar,40,46,39,1,126,0,0,4,0,4,40,46,43,1,130,0,0,0,130
04/17/2018,CAE,SC,ASO,ES,Combined TRACON& Tower with Radar,49,45,35,5,134,0,0,15,0,15,49,45,50,5,149,0,0,0,149
04/18/2018,CAE,SC,ASO,ES,Combined TRACON& Tower with Radar,48,56,29,28,161,0,0,11,4,15,48,56,40,32,176,0,0,0,176
04/19/2018,CAE,SC,ASO,ES,Combined TRACON& Tower with Radar,49,52,27,4,132,0,0,11,1,12,49,52,38,5,144,0,0,0,144
04/20/2018,CAE,SC,ASO,ES,Combined TRACON& Tower with Radar,41,52,34,6,133,0,0,32,2,34,41,52,66,8,167,16,0,16,183
04/21/2018,CAE,SC,ASO,ES,Combined TRACON& Tower with Radar,31,27,24,2,84,0,1,33,2,36,31,28,57,4,120,48,0,48,168
04/22/2018,CAE,SC,ASO,ES,Combined TRACON& Tower with Radar,33,34,12,2,81,0,0,12,0,12,33,34,24,2,93,14,0,14,107
04/23/2018,CAE,SC,ASO,ES,Combined TRACON& Tower with Radar,38,37,16,0,91,0,0,0,1,1,38,37,16,1,92,0,0,0,92
04/24/2018,CAE,SC,ASO,ES,Combined TRACON& Tower with Radar,52,51,45,2,150,0,0,5,0,5,52,51,50,2,155,0,0,0,155
04/25/2018,CAE,SC,ASO,ES,Combined TRACON& Tower with Radar,47,51,45,7,150,0,2,29,12,43,47,53,74,19,193,6,12,18,211
04/26/2018,CAE,SC,ASO,ES,Combined TRACON& Tower with Radar,50,52,33,4,139,0,1,19,5,25,50,53,52,9,164,0,0,0,164
04/27/2018,CAE,SC,ASO,ES,Combined TRACON& Tower with Radar,45,49,28,0,122,0,4,17,0,21,45,53,45,0,143,2,0,2,145
04/28/2018,CAE,SC,ASO,ES,Combined TRACON& Tower with Radar,32,27,17,2,78,0,0,26,0,26,32,27,43,2,104,0,22,22,126
04/29/2018,CAE,SC,ASO,ES,Combined TRACON& Tower with Radar,31,29,19,6,85,0,0,10,0,10,31,29,29,6,95,0,0,0,95
04/30/2018,CAE,SC,ASO,ES,Combined TRACON& Tower with Radar,40,38,20,0,98,0,0,18,0,18,40,38,38,0,116,20,0,20,136
05/01/2018,CAE,SC,ASO,ES,Combined TRACON& Tower with Radar,48,53,33,15,149,0,0,20,1,21,48,53,53,16,170,0,16,16,186
05/02/2018,CAE,SC,ASO,ES,Combined TRACON& Tower with Radar,48,48,42,17,155,0,0,33,0,33,48,48,75,17,188,40,0,40,228
05/03/2018,CAE,SC,ASO,ES,Combined TRACON& Tower with Radar,50,49,47,0,146,0,2,25,0,27,50,51,72,0,173,0,0,0,173
05/04/2018,CAE,SC,ASO,ES,Combined TRACON& Tower with Radar,41,46,30,0,117,0,0,16,0,16,41,46,46,0,133,0,0,0,133
05/05/2018,CAE,SC,ASO,ES,Combined TRACON& Tower with Radar,27,27,9,0,63,0,0,18,0,18,27,27,27,0,81,0,0,0,81
05/06/2018,CAE,SC,ASO,ES,Combined TRACON& Tower with Radar,33,29,33,1,96,0,0,15,1,16,33,29,48,2,112,0,0,0,112
05/07/2018,CAE,SC,ASO,ES,Combined TRACON& Tower with Radar,40,36,32,2,110,0,2,8,0,10,40,38,40,2,120,6,0,6,126
05/08/2018,CAE,SC,ASO,ES,Combined TRACON& Tower with Radar,50,45,45,11,151,0,2,24,1,27,50,47,69,12,178,4,0,4,182
05/09/2018,CAE,SC,ASO,ES,Combined TRACON& Tower with Radar,54,44,29,9,136,0,1,9,1,11,54,45,38,10,147,0,14,14,161
05/10/2018,CAE,SC,ASO,ES,Combined TRACON& Tower with Radar,53,47,33,19,152,0,4,13,1,18,53,51,46,20,170,8,22,30,200
05/11/2018,CAE,SC,ASO,ES,Combined TRACON& Tower with Radar,45,49,27,0,121,0,0,23,0,23,45,49,50,0,144,8,0,8,152
05/12/2018,CAE,SC,ASO,ES,Combined TRACON& Tower with Radar,32,30,19,0,81,0,0,17,0,17,32,30,36,0,98,0,0,0,98
05/13/2018,CAE,SC,ASO,ES,Combined TRACON& Tower with Radar,34,28,13,0,75,0,0,19,0,19,34,28,32,0,94,0,0,0,94
05/14/2018,CAE,SC,ASO,ES,Combined TRACON& Tower with Radar,42,40,23,2,107,0,0,13,0,13,42,40,36,2,120,8,0,8,128
05/15/2018,CAE,SC,ASO,ES,Combined TRACON& Tower with Radar,51,43,25,0,119,0,0,5,0,5,51,43,30,0,124,0,0,0,124
05/16/2018,CAE,SC,ASO,ES,Combined TRACON& Tower with Radar,60,54,31,10,155,0,0,1,0,1,60,54,32,10,156,0,0,0,156
05/17/2018,CAE,SC,ASO,ES,Combined TRACON& Tower with Radar,49,50,30,6,135,0,0,0,0,0,49,50,30,6,135,2,0,2,137
05/18/2018,CAE,SC,ASO,ES,Combined TRACON& Tower with Radar,44,48,23,4,119,0,2,0,0,2,44,50,23,4,121,2,0,2,123
05/19/2018,CAE,SC,ASO,ES,Combined TRACON& Tower with Radar,29,25,15,0,69,0,0,10,0,10,29,25,25,0,79,28,0,28,107
05/20/2018,CAE,SC,ASO,ES,Combined TRACON& Tower with Radar,42,24,21,0,87,0,0,3,0,3,42,24,24,0,90,0,0,0,90
05/21/2018,CAE,SC,ASO,ES,Combined TRACON& Tower with Radar,40,38,27,4,109,0,3,18,0,21,40,41,45,4,130,4,4,8,138
05/22/2018,CAE,SC,ASO,ES,Combined TRACON& Tower with Radar,54,41,39,10,144,0,0,6,2,8,54,41,45,12,152,20,46,66,218
05/23/2018,CAE,SC,ASO,ES,Combined TRACON& Tower with Radar,51,45,43,2,141,0,0,14,0,14,51,45,57,2,155,0,0,0,155
05/24/2018,CAE,SC,ASO,ES,Combined TRACON& Tower with Radar,54,41,30,2,127,0,0,7,0,7,54,41,37,2,134,10,0,10,144
05/25/2018,CAE,SC,ASO,ES,Combined TRACON& Tower with Radar,48,45,25,0,118,0,0,1,0,1,48,45,26,0,119,0,0,0,119
05/26/2018,CAE,SC,ASO,ES,Combined TRACON& Tower with Radar,25,27,12,0,64,0,0,0,0,0,25,27,12,0,64,14,0,14,78
05/27/2018,CAE,SC,ASO,ES,Combined TRACON& Tower with Radar,24,25,10,0,59,0,0,4,0,4,24,25,14,0,63,0,0,0,63
05/28/2018,CAE,SC,ASO,ES,Combined TRACON& Tower with Radar,35,22,25,2,84,0,0,0,1,1,35,22,25,3,85,0,0,0,85
05/29/2018,CAE,SC,ASO,ES,Combined TRACON& Tower with Radar,44,50,29,16,139,0,0,5,3,8,44,50,34,19,147,14,20,34,181
05/30/2018,CAE,SC,ASO,ES,Combined TRACON& Tower with Radar,50,49,24,19,142,0,2,6,3,11,50,51,30,22,153,16,6,22,175
05/31/2018,CAE,SC,ASO,ES,Combined TRACON& Tower with Radar,61,45,39,7,152,0,0,8,0,8,61,45,47,7,160,0,0,0,160
06/01/2018,CAE,SC,ASO,ES,Combined TRACON& Tower with Radar,49,42,19,2,112,0,1,28,0,29,49,43,47,2,141,24,0,24,165
06/02/2018,CAE,SC,ASO,ES,Combined TRACON& Tower with Radar,27,27,16,2,72,0,0,9,0,9,27,27,25,2,81,0,0,0,81
06/03/2018,CAE,SC,ASO,ES,Combined TRACON& Tower with Radar,31,23,17,1,72,0,0,18,1,19,31,23,35,2,91,58,0,58,149
06/04/2018,CAE,SC,ASO,ES,Combined TRACON& Tower with Radar,41,34,22,3,100,0,0,18,0,18,41,34,40,3,118,0,0,0,118
06/05/2018,CAE,SC,ASO,ES,Combined TRACON& Tower with Radar,52,44,39,41,176,0,1,23,1,25,52,45,62,42,201,0,34,34,235
06/06/2018,CAE,SC,ASO,ES,Combined TRACON& Tower with Radar,50,42,42,9,143,0,2,21,1,24,50,44,63,10,167,12,0,12,179
06/07/2018,CAE,SC,ASO,ES,Combined TRACON& Tower with Radar,47,59,30,4,140,0,0,27,1,28,47,59,57,5,168,32,0,32,200
06/08/2018,CAE,SC,ASO,ES,Combined TRACON& Tower with Radar,37,45,29,2,113,0,0,21,0,21,37,45,50,2,134,0,0,0,134
06/09/2018,CAE,SC,ASO,ES,Combined TRACON& Tower with Radar,27,27,16,0,70,0,0,20,0,20,27,27,36,0,90,26,0,26,116
06/10/2018,CAE,SC,ASO,ES,Combined TRACON& Tower with Radar,28,30,11,0,69,0,0,13,0,13,28,30,24,0,82,2,0,2,84
06/11/2018,CAE,SC,ASO,ES,Combined TRACON& Tower with Radar,35,43,25,5,108,0,0,14,0,14,35,43,39,5,122,0,10,10,132
06/12/2018,CAE,SC,ASO,ES,Combined TRACON& Tower with Radar,54,48,41,14,157,0,0,0,0,0,54,48,41,14,157,0,0,0,157
06/13/2018,CAE,SC,ASO,ES,Combined TRACON& Tower with Radar,50,51,38,10,149,0,0,11,1,12,50,51,49,11,161,16,0,16,177
06/14/2018,CAE,SC,ASO,ES,Combined TRACON& Tower with Radar,46,42,34,1,123,0,0,15,0,15,46,42,49,1,138,6,0,6,144
06/15/2018,CAE,SC,ASO,ES,Combined TRACON& Tower with Radar,33,45,28,15,121,0,1,19,0,20,33,46,47,15,141,0,10,10,151
06/16/2018,CAE,SC,ASO,ES,Combined TRACON& Tower with Radar,28,25,11,2,66,0,0,13,0,13,28,25,24,2,79,0,0,0,79
06/17/2018,CAE,SC,ASO,ES,Combined TRACON& Tower with Radar,23,19,20,0,62,0,0,15,0,15,23,19,35,0,77,2,0,2,79
06/18/2018,CAE,SC,ASO,ES,Combined TRACON& Tower with Radar,29,42,25,2,98,0,0,31,1,32,29,42,56,3,130,4,0,4,134
06/19/2018,CAE,SC,ASO,ES,Combined TRACON& Tower with Radar,38,40,22,17,117,0,0,22,1,23,38,40,44,18,140,0,0,0,140
06/20/2018,CAE,SC,ASO,ES,Combined TRACON& Tower with Radar,43,39,26,12,120,0,0,16,0,16,43,39,42,12,136,10,0,10,146
06/21/2018,CAE,SC,ASO,ES,Combined TRACON& Tower with Radar,47,50,33,4,134,0,0,23,0,23,47,50,56,4,157,8,0,8,165
06/22/2018,CAE,SC,ASO,ES,Combined TRACON& Tower with Radar,46,48,27,8,129,0,0,19,1,20,46,48,46,9,149,10,0,10,159
06/23/2018,CAE,SC,ASO,ES,Combined TRACON& Tower with Radar,29,29,17,3,78,0,0,4,0,4,29,29,21,3,82,0,0,0,82
06/24/2018,CAE,SC,ASO,ES,Combined TRACON& Tower with Radar,29,29,15,4,77,0,0,15,0,15,29,29,30,4,92,0,0,0,92
06/25/2018,CAE,SC,ASO,ES,Combined TRACON& Tower with Radar,44,38,27,2,111,0,0,14,2,16,44,38,41,4,127,0,0,0,127
06/26/2018,CAE,SC,ASO,ES,Combined TRACON& Tower with Radar,50,48,37,11,146,0,1,18,0,19,50,49,55,11,165,4,10,14,179
06/27/2018,CAE,SC,ASO,ES,Combined TRACON& Tower with Radar,51,51,23,5,130,0,0,7,0,7,51,51,30,5,137,8,0,8,145
06/28/2018,CAE,SC,ASO,ES,Combined TRACON& Tower with Radar,54,59,39,18,170,0,0,14,2,16,54,59,53,20,186,12,0,12,198
06/29/2018,CAE,SC,ASO,ES,Combined TRACON& Tower with Radar,38,48,57,16,159,0,0,19,1,20,38,48,76,17,179,0,12,12,191
06/30/2018,CAE,SC,ASO,ES,Combined TRACON& Tower with Radar,35,33,34,0,102,0,0,18,0,18,35,33,52,0,120,38,0,38,158
07/01/2018,CAE,SC,ASO,ES,Combined TRACON& Tower with Radar,26,30,10,6,72,0,1,8,0,9,26,31,18,6,81,32,0,32,113
07/02/2018,CAE,SC,ASO,ES,Combined TRACON& Tower with Radar,31,35,20,18,104,0,0,9,0,9,31,35,29,18,113,0,4,4,117
07/03/2018,CAE,SC,ASO,ES,Combined TRACON& Tower with Radar,38,47,16,8,109,0,0,15,0,15,38,47,31,8,124,24,0,24,148
07/04/2018,CAE,SC,ASO,ES,Combined TRACON& Tower with Radar,27,23,9,0,59,0,0,22,0,22,27,23,31,0,81,0,0,0,81
07/05/2018,CAE,SC,ASO,ES,Combined TRACON& Tower with Radar,41,48,22,0,111,0,0,9,0,9,41,48,31,0,120,0,0,0,120
07/06/2018,CAE,SC,ASO,ES,Combined TRACON& Tower with Radar,42,60,14,27,143,0,0,13,0,13,42,60,27,27,156,0,0,0,156
07/07/2018,CAE,SC,ASO,ES,Combined TRACON& Tower with Radar,27,28,11,1,67,0,0,7,0,7,27,28,18,1,74,14,0,14,88
07/08/2018,CAE,SC,ASO,ES,Combined TRACON& Tower with Radar,30,39,21,4,94,0,1,20,0,21,30,40,41,4,115,0,0,0,115
07/09/2018,CAE,SC,ASO,ES,Combined TRACON& Tower with Radar,36,44,31,20,131,0,0,16,0,16,36,44,47,20,147,0,0,0,147
07/10/2018,CAE,SC,ASO,ES,Combined TRACON& Tower with Radar,47,52,31,11,141,0,0,17,1,18,47,52,48,12,159,4,0,4,163
07/11/2018,CAE,SC,ASO,ES,Combined TRACON& Tower with Radar,48,58,33,9,148,0,0,10,0,10,48,58,43,9,158,8,27,35,193
07/12/2018,CAE,SC,ASO,ES,Combined TRACON& Tower with Radar,46,52,26,0,124,0,2,13,2,17,46,54,39,2,141,10,0,10,151
07/13/2018,CAE,SC,ASO,ES,Combined TRACON& Tower with Radar,42,54,37,6,139,0,0,10,0,10,42,54,47,6,149,0,8,8,157
07/14/2018,CAE,SC,ASO,ES,Combined TRACON& Tower with Radar,34,25,22,0,81,0,0,17,0,17,34,25,39,0,98,0,0,0,98
07/15/2018,CAE,SC,ASO,ES,Combined TRACON& Tower with Radar,29,33,9,5,76,0,0,17,0,17,29,33,26,5,93,6,0,6,99
07/16/2018,CAE,SC,ASO,ES,Combined TRACON& Tower with Radar,40,38,29,8,115,0,1,7,0,8,40,39,36,8,123,0,24,24,147
07/17/2018,CAE,SC,ASO,ES,Combined TRACON& Tower with Radar,47,42,36,2,127,0,1,18,2,21,47,43,54,4,148,20,0,20,168
07/18/2018,CAE,SC,ASO,ES,Combined TRACON& Tower with Radar,47,58,23,23,151,0,0,11,5,16,47,58,34,28,167,0,40,40,207
07/19/2018,CAE,SC,ASO,ES,Combined TRACON& Tower with Radar,46,45,43,17,151,0,0,6,0,6,46,45,49,17,157,10,4,14,171
07/20/2018,CAE,SC,ASO,ES,Combined TRACON& Tower with Radar,40,44,19,3,106,0,0,14,1,15,40,44,33,4,121,0,0,0,121
07/21/2018,CAE,SC,ASO,ES,Combined TRACON& Tower with Radar,33,25,10,0,68,0,0,14,0,14,33,25,24,0,82,16,0,16,98
07/22/2018,CAE,SC,ASO,ES,Combined TRACON& Tower with Radar,37,30,15,2,84,0,0,12,0,12,37,30,27,2,96,42,0,42,138
07/23/2018,CAE,SC,ASO,ES,Combined TRACON& Tower with Radar,47,41,31,4,123,0,1,8,0,9,47,42,39,4,132,12,0,12,144
07/24/2018,CAE,SC,ASO,ES,Combined TRACON& Tower with Radar,48,51,31,19,149,0,0,6,2,8,48,51,37,21,157,0,0,0,157
07/25/2018,CAE,SC,ASO,ES,Combined TRACON& Tower with Radar,48,52,27,4,131,0,1,10,0,11,48,53,37,4,142,8,0,8,150
07/26/2018,CAE,SC,ASO,ES,Combined TRACON& Tower with Radar,47,62,39,13,161,0,1,13,0,14,47,63,52,13,175,4,0,4,179
07/27/2018,CAE,SC,ASO,ES,Combined TRACON& Tower with Radar,37,47,21,12,117,0,0,16,0,16,37,47,37,12,133,18,0,18,151
07/28/2018,CAE,SC,ASO,ES,Combined TRACON& Tower with Radar,28,30,24,0,82,0,0,30,0,30,28,30,54,0,112,0,0,0,112
07/29/2018,CAE,SC,ASO,ES,Combined TRACON& Tower with Radar,39,26,8,0,73,0,0,6,0,6,39,26,14,0,79,0,0,0,79
07/30/2018,CAE,SC,ASO,ES,Combined TRACON& Tower with Radar,40,43,42,12,137,0,0,7,0,7,40,43,49,12,144,0,0,0,144
07/31/2018,CAE,SC,ASO,ES,Combined TRACON& Tower with Radar,48,49,28,16,141,0,0,1,0,1,48,49,29,16,142,0,0,0,142
08/01/2018,CAE,SC,ASO,ES,Combined TRACON& Tower with Radar,45,51,39,7,142,0,0,5,0,5,45,51,44,7,147,0,0,0,147
08/02/2018,CAE,SC,ASO,ES,Combined TRACON& Tower with Radar,50,53,30,4,137,0,2,7,0,9,50,55,37,4,146,0,0,0,146
08/03/2018,CAE,SC,ASO,ES,Combined TRACON& Tower with Radar,39,50,17,25,131,0,0,2,3,5,39,50,19,28,136,0,10,10,146
08/04/2018,CAE,SC,ASO,ES,Combined TRACON& Tower with Radar,28,25,26,0,79,0,0,6,0,6,28,25,32,0,85,0,0,0,85
08/05/2018,CAE,SC,ASO,ES,Combined TRACON& Tower with Radar,30,28,16,0,74,0,0,11,1,12,30,28,27,1,86,0,0,0,86
08/06/2018,CAE,SC,ASO,ES,Combined TRACON& Tower with Radar,38,49,30,2,119,0,0,8,0,8,38,49,38,2,127,0,0,0,127
08/07/2018,CAE,SC,ASO,ES,Combined TRACON& Tower with Radar,46,48,21,17,132,0,1,17,0,18,46,49,38,17,150,2,12,14,164
08/08/2018,CAE,SC,ASO,ES,Combined TRACON& Tower with Radar,49,53,37,6,145,0,0,15,8,23,49,53,52,14,168,0,38,38,206
08/09/2018,CAE,SC,ASO,ES,Combined TRACON& Tower with Radar,58,48,21,17,144,0,2,13,0,15,58,50,34,17,159,10,46,56,215
08/10/2018,CAE,SC,ASO,ES,Combined TRACON& Tower with Radar,41,50,25,62,178,0,0,19,7,26,41,50,44,69,204,0,32,32,236
08/11/2018,CAE,SC,ASO,ES,Combined TRACON& Tower with Radar,27,24,17,2,70,0,0,28,0,28,27,24,45,2,98,16,4,20,118
08/12/2018,CAE,SC,ASO,ES,Combined TRACON& Tower with Radar,29,32,14,0,75,0,0,15,0,15,29,32,29,0,90,0,0,0,90
08/13/2018,CAE,SC,ASO,ES,Combined TRACON& Tower with Radar,35,44,18,2,99,0,1,4,0,5,35,45,22,2,104,12,0,12,116
08/14/2018,CAE,SC,ASO,ES,Combined TRACON& Tower with Radar,48,64,40,12,164,0,0,12,0,12,48,64,52,12,176,26,0,26,202
08/15/2018,CAE,SC,ASO,ES,Combined TRACON& Tower with Radar,49,59,34,16,158,0,0,16,0,16,49,59,50,16,174,26,0,26,200
08/16/2018,CAE,SC,ASO,ES,Combined TRACON& Tower with Radar,46,56,26,10,138,0,0,11,0,11,46,56,37,10,149,16,0,16,165
08/17/2018,CAE,SC,ASO,ES,Combined TRACON& Tower with Radar,38,48,27,16,129,0,0,32,2,34,38,48,59,18,163,16,50,66,229
08/18/2018,CAE,SC,ASO,ES,Combined TRACON& Tower with Radar,39,24,12,2,77,0,1,10,0,11,39,25,22,2,88,8,0,8,96
08/19/2018,CAE,SC,ASO,ES,Combined TRACON& Tower with Radar,29,29,26,0,84,0,0,12,0,12,29,29,38,0,96,0,0,0,96
08/20/2018,CAE,SC,ASO,ES,Combined TRACON& Tower with Radar,38,39,30,11,118,0,0,2,2,4,38,39,32,13,122,0,0,0,122
08/21/2018,CAE,SC,ASO,ES,Combined TRACON& Tower with Radar,55,40,32,24,151,0,0,10,1,11,55,40,42,25,162,0,0,0,162
08/22/2018,CAE,SC,ASO,ES,Combined TRACON& Tower with Radar,51,61,34,4,150,0,0,8,8,16,51,61,42,12,166,0,12,12,178
08/23/2018,CAE,SC,ASO,ES,Combined TRACON& Tower with Radar,51,56,45,4,156,0,4,29,0,33,51,60,74,4,189,2,0,2,191
08/24/2018,CAE,SC,ASO,ES,Combined TRACON& Tower with Radar,43,47,30,4,124,0,0,9,2,11,43,47,39,6,135,0,0,0,135
08/25/2018,CAE,SC,ASO,ES,Combined TRACON& Tower with Radar,40,24,10,0,74,0,0,18,0,18,40,24,28,0,92,0,0,0,92
08/26/2018,CAE,SC,ASO,ES,Combined TRACON& Tower with Radar,32,30,17,0,79,0,0,22,0,22,32,30,39,0,101,0,0,0,101
08/27/2018,CAE,SC,ASO,ES,Combined TRACON& Tower with Radar,44,40,26,8,118,0,0,10,0,10,44,40,36,8,128,14,0,14,142
08/28/2018,CAE,SC,ASO,ES,Combined TRACON& Tower with Radar,54,57,33,4,148,0,6,15,0,21,54,63,48,4,169,0,0,0,169
08/29/2018,CAE,SC,ASO,ES,Combined TRACON& Tower with Radar,52,58,41,20,171,0,5,15,1,21,52,63,56,21,192,0,0,0,192
08/30/2018,CAE,SC,ASO,ES,Combined TRACON& Tower with Radar,51,55,22,7,135,0,4,32,3,39,51,59,54,10,174,0,0,0,174
08/31/2018,CAE,SC,ASO,ES,Combined TRACON& Tower with Radar,57,59,30,2,148,0,0,19,0,19,57,59,49,2,167,8,0,8,175
09/01/2018,CAE,SC,ASO,ES,Combined TRACON& Tower with Radar,32,28,7,0,67,0,0,9,0,9,32,28,16,0,76,0,0,0,76
09/02/2018,CAE,SC,ASO,ES,Combined TRACON& Tower with Radar,26,17,11,0,54,0,0,18,0,18,26,17,29,0,72,38,0,38,110
09/03/2018,CAE,SC,ASO,ES,Combined TRACON& Tower with Radar,33,32,22,0,87,0,0,16,0,16,33,32,38,0,103,0,0,0,103
09/04/2018,CAE,SC,ASO,ES,Combined TRACON& Tower with Radar,41,50,31,13,135,0,0,8,0,8,41,50,39,13,143,0,0,0,143
09/05/2018,CAE,SC,ASO,ES,Combined TRACON& Tower with Radar,55,64,29,0,148,0,0,14,0,14,55,64,43,0,162,0,0,0,162
09/06/2018,CAE,SC,ASO,ES,Combined TRACON& Tower with Radar,46,53,40,1,140,0,0,15,1,16,46,53,55,2,156,18,0,18,174
09/07/2018,CAE,SC,ASO,ES,Combined TRACON& Tower with Radar,42,55,31,5,133,0,0,23,0,23,42,55,54,5,156,2,0,2,158
09/08/2018,CAE,SC,ASO,ES,Combined TRACON& Tower with Radar,31,41,21,2,95,0,0,11,0,11,31,41,32,2,106,0,0,0,106
09/09/2018,CAE,SC,ASO,ES,Combined TRACON& Tower with Radar,43,30,17,0,90,0,0,17,0,17,43,30,34,0,107,0,0,0,107
09/10/2018,CAE,SC,ASO,ES,Combined TRACON& Tower with Radar,42,36,25,30,133,0,0,12,4,16,42,36,37,34,149,0,30,30,179
09/11/2018,CAE,SC,ASO,ES,Combined TRACON& Tower with Radar,56,51,36,8,151,0,5,8,10,23,56,56,44,18,174,0,0,0,174
09/12/2018,CAE,SC,ASO,ES,Combined TRACON& Tower with Radar,49,49,38,0,136,0,1,12,0,13,49,50,50,0,149,12,0,12,161
09/13/2018,CAE,SC,ASO,ES,Combined TRACON& Tower with Radar,48,33,20,2,103,0,0,16,0,16,48,33,36,2,119,0,0,0,119
09/14/2018,CAE,SC,ASO,ES,Combined TRACON& Tower with Radar,25,12,2,0,39,0,0,0,0,0,25,12,2,0,39,0,0,0,39
09/15/2018,CAE,SC,ASO,ES,Combined TRACON& Tower with Radar,16,7,0,0,23,0,0,0,0,0,16,7,0,0,23,0,0,0,23
09/16/2018,CAE,SC,ASO,ES,Combined TRACON& Tower with Radar,26,28,16,4,74,0,0,0,0,0,26,28,16,4,74,0,0,0,74
09/17/2018,CAE,SC,ASO,ES,Combined TRACON& Tower with Radar,42,41,35,4,122,0,2,29,8,39,42,43,64,12,161,0,0,0,161
09/18/2018,CAE,SC,ASO,ES,Combined TRACON& Tower with Radar,50,54,42,10,156,0,0,60,26,86,50,54,102,36,242,0,2,2,244
09/19/2018,CAE,SC,ASO,ES,Combined TRACON& Tower with Radar,54,53,38,1,146,0,7,72,10,89,54,60,110,11,235,2,0,2,237
09/20/2018,CAE,SC,ASO,ES,Combined TRACON& Tower with Radar,51,52,50,19,172,0,1,64,15,80,51,53,114,34,252,0,12,12,264
09/21/2018,CAE,SC,ASO,ES,Combined TRACON& Tower with Radar,48,48,27,9,132,0,1,57,12,70,48,49,84,21,202,10,12,22,224
09/22/2018,CAE,SC,ASO,ES,Combined TRACON& Tower with Radar,34,26,22,0,82,0,0,40,1,41,34,26,62,1,123,0,0,0,123
09/23/2018,CAE,SC,ASO,ES,Combined TRACON& Tower with Radar,33,31,35,6,105,0,2,39,3,44,33,33,74,9,149,2,0,2,151
09/24/2018,CAE,SC,ASO,ES,Combined TRACON& Tower with Radar,40,43,45,17,145,0,0,9,7,16,40,43,54,24,161,0,0,0,161
09/25/2018,CAE,SC,ASO,ES,Combined TRACON& Tower with Radar,50,53,47,28,178,0,1,10,3,14,50,54,57,31,192,0,0,0,192
09/26/2018,CAE,SC,ASO,ES,Combined TRACON& Tower with Radar,45,46,38,8,137,0,0,18,2,20,45,46,56,10,157,10,12,22,179
09/27/2018,CAE,SC,ASO,ES,Combined TRACON& Tower with Radar,56,49,26,0,131,0,1,17,0,18,56,50,43,0,149,0,0,0,149
09/28/2018,CAE,SC,ASO,ES,Combined TRACON& Tower with Radar,50,51,37,1,139,0,1,11,1,13,50,52,48,2,152,0,0,0,152
09/29/2018,CAE,SC,ASO,ES,Combined TRACON& Tower with Radar,30,22,24,4,80,0,0,9,1,10,30,22,33,5,90,0,0,0,90
09/30/2018,CAE,SC,ASO,ES,Combined TRACON& Tower with Radar,34,32,15,0,81,0,0,26,0,26,34,32,41,0,107,18,0,18,125
10/01/2018,CAE,SC,ASO,ES,Combined TRACON& Tower with Radar,42,49,23,4,118,0,0,19,0,19,42,49,42,4,137,4,0,4,141
10/02/2018,CAE,SC,ASO,ES,Combined TRACON& Tower with Radar,51,54,28,2,135,0,0,15,0,15,51,54,43,2,150,0,0,0,150
10/03/2018,CAE,SC,ASO,ES,Combined TRACON& Tower with Radar,50,47,42,0,139,0,0,25,0,25,50,47,67,0,164,0,0,0,164
10/04/2018,CAE,SC,ASO,ES,Combined TRACON& Tower with Radar,48,52,41,4,145,0,2,22,0,24,48,54,63,4,169,18,0,18,187
10/05/2018,CAE,SC,ASO,ES,Combined TRACON& Tower with Radar,45,51,48,3,147,0,1,14,3,18,45,52,62,6,165,0,0,0,165
10/06/2018,CAE,SC,ASO,ES,Combined TRACON& Tower with Radar,28,35,18,0,81,0,0,7,0,7,28,35,25,0,88,0,0,0,88
10/07/2018,CAE,SC,ASO,ES,Combined TRACON& Tower with Radar,32,43,18,0,93,0,0,5,0,5,32,43,23,0,98,10,0,10,108
10/08/2018,CAE,SC,ASO,ES,Combined TRACON& Tower with Radar,41,48,20,0,109,0,0,2,0,2,41,48,22,0,111,0,0,0,111
10/09/2018,CAE,SC,ASO,ES,Combined TRACON& Tower with Radar,47,55,44,9,155,0,0,3,3,6,47,55,47,12,161,0,10,10,171
10/10/2018,CAE,SC,ASO,ES,Combined TRACON& Tower with Radar,51,61,17,0,129,0,0,0,0,0,51,61,17,0,129,0,0,0,129
10/11/2018,CAE,SC,ASO,ES,Combined TRACON& Tower with Radar,57,31,6,0,94,0,0,0,0,0,57,31,6,0,94,0,0,0,94
10/12/2018,CAE,SC,ASO,ES,Combined TRACON& Tower with Radar,42,60,36,20,158,0,0,18,4,22,42,60,54,24,180,6,28,34,214
10/13/2018,CAE,SC,ASO,ES,Combined TRACON& Tower with Radar,31,31,34,10,106,0,1,22,2,25,31,32,56,12,131,0,6,6,137
10/14/2018,CAE,SC,ASO,ES,Combined TRACON& Tower with Radar,30,40,21,4,95,0,4,13,1,18,30,44,34,5,113,2,0,2,115
10/15/2018,CAE,SC,ASO,ES,Combined TRACON& Tower with Radar,37,66,46,3,152,0,0,11,1,12,37,66,57,4,164,2,0,2,166
10/16/2018,CAE,SC,ASO,ES,Combined TRACON& Tower with Radar,49,63,37,14,163,0,0,12,0,12,49,63,49,14,175,8,0,8,183
10/17/2018,CAE,SC,ASO,ES,Combined TRACON& Tower with Radar,50,61,32,4,147,0,0,15,0,15,50,61,47,4,162,8,8,16,178
10/18/2018,CAE,SC,ASO,ES,Combined TRACON& Tower with Radar,51,57,60,12,180,0,0,24,0,24,51,57,84,12,204,0,0,0,204
10/19/2018,CAE,SC,ASO,ES,Combined TRACON& Tower with Radar,46,50,30,9,135,0,1,21,9,31,46,51,51,18,166,6,18,24,190
10/20/2018,CAE,SC,ASO,ES,Combined TRACON& Tower with Radar,28,32,9,3,72,0,0,6,1,7,28,32,15,4,79,0,6,6,85
10/21/2018,CAE,SC,ASO,ES,Combined TRACON& Tower with Radar,30,34,21,1,86,0,0,19,0,19,30,34,40,1,105,0,0,0,105
10/22/2018,CAE,SC,ASO,ES,Combined TRACON& Tower with Radar,38,48,29,6,121,0,0,20,2,22,38,48,49,8,143,0,0,0,143
10/23/2018,CAE,SC,ASO,ES,Combined TRACON& Tower with Radar,48,55,39,4,146,0,0,23,9,32,48,55,62,13,178,0,0,0,178
10/24/2018,CAE,SC,ASO,ES,Combined TRACON& Tower with Radar,50,58,34,0,142,0,2,24,4,30,50,60,58,4,172,8,0,8,180
10/25/2018,CAE,SC,ASO,ES,Combined TRACON& Tower with Radar,50,61,33,15,159,0,0,22,0,22,50,61,55,15,181,18,12,30,211
10/26/2018,CAE,SC,ASO,ES,Combined TRACON& Tower with Radar,48,62,23,3,136,0,0,0,0,0,48,62,23,3,136,0,0,0,136
10/27/2018,CAE,SC,ASO,ES,Combined TRACON& Tower with Radar,28,37,26,1,92,0,2,11,0,13,28,39,37,1,105,0,0,0,105
10/28/2018,CAE,SC,ASO,ES,Combined TRACON& Tower with Radar,34,45,23,0,102,0,2,27,0,29,34,47,50,0,131,42,0,42,173
10/29/2018,CAE,SC,ASO,ES,Combined TRACON& Tower with Radar,38,56,37,8,139,0,0,18,0,18,38,56,55,8,157,0,9,9,166
10/30/2018,CAE,SC,ASO,ES,Combined TRACON& Tower with Radar,45,50,35,11,141,0,2,23,0,25,45,52,58,11,166,4,0,4,170
10/31/2018,CAE,SC,ASO,ES,Combined TRACON& Tower with Radar,41,42,21,2,106,0,0,16,0,16,41,42,37,2,122,18,0,18,140
11/01/2018,CAE,SC,ASO,ES,Combined TRACON& Tower with Radar,54,58,29,22,163,0,0,11,0,11,54,58,40,22,174,0,0,0,174
11/02/2018,CAE,SC,ASO,ES,Combined TRACON& Tower with Radar,46,61,52,0,159,0,0,9,2,11,46,61,61,2,170,12,0,12,182
11/03/2018,CAE,SC,ASO,ES,Combined TRACON& Tower with Radar,30,36,19,0,85,0,0,27,1,28,30,36,46,1,113,0,0,0,113
11/04/2018,CAE,SC,ASO,ES,Combined TRACON& Tower with Radar,34,34,50,0,118,0,0,29,0,29,34,34,79,0,147,53,0,53,200
11/05/2018,CAE,SC,ASO,ES,Combined TRACON& Tower with Radar,44,61,31,0,136,0,0,0,0,0,44,61,31,0,136,0,0,0,136
11/06/2018,CAE,SC,ASO,ES,Combined TRACON& Tower with Radar,54,52,46,4,156,0,0,6,0,6,54,52,52,4,162,0,0,0,162
11/07/2018,CAE,SC,ASO,ES,Combined TRACON& Tower with Radar,52,53,59,2,166,0,0,18,0,18,52,53,77,2,184,10,0,10,194
11/08/2018,CAE,SC,ASO,ES,Combined TRACON& Tower with Radar,50,58,49,9,166,0,0,5,1,6,50,58,54,10,172,10,6,16,188
11/09/2018,CAE,SC,ASO,ES,Combined TRACON& Tower with Radar,47,47,26,6,126,0,0,0,0,0,47,47,26,6,126,0,0,0,126
11/10/2018,CAE,SC,ASO,ES,Combined TRACON& Tower with Radar,27,48,22,0,97,0,0,25,0,25,27,48,47,0,122,6,0,6,128
11/11/2018,CAE,SC,ASO,ES,Combined TRACON& Tower with Radar,33,34,23,12,102,0,0,23,0,23,33,34,46,12,125,0,0,0,125
11/12/2018,CAE,SC,ASO,ES,Combined TRACON& Tower with Radar,40,42,17,4,103,0,0,0,0,0,40,42,17,4,103,0,0,0,103
11/13/2018,CAE,SC,ASO,ES,Combined TRACON& Tower with Radar,53,48,23,2,126,0,0,0,0,0,53,48,23,2,126,0,0,0,126
11/14/2018,CAE,SC,ASO,ES,Combined TRACON& Tower with Radar,50,57,48,10,165,0,0,0,4,4,50,57,48,14,169,0,0,0,169
11/15/2018,CAE,SC,ASO,ES,Combined TRACON& Tower with Radar,50,54,27,8,139,0,0,0,0,0,50,54,27,8,139,0,0,0,139
11/16/2018,CAE,SC,ASO,ES,Combined TRACON& Tower with Radar,45,57,34,2,138,0,0,20,0,20,45,57,54,2,158,6,0,6,164
11/17/2018,CAE,SC,ASO,ES,Combined TRACON& Tower with Radar,30,35,40,0,105,0,0,38,0,38,30,35,78,0,143,0,0,0,143
11/18/2018,CAE,SC,ASO,ES,Combined TRACON& Tower with Radar,31,33,38,0,102,0,0,20,0,20,31,33,58,0,122,8,0,8,130
11/19/2018,CAE,SC,ASO,ES,Combined TRACON& Tower with Radar,40,46,24,14,124,0,0,8,4,12,40,46,32,18,136,12,0,12,148
11/20/2018,CAE,SC,ASO,ES,Combined TRACON& Tower with Radar,59,53,46,2,160,0,0,24,1,25,59,53,70,3,185,0,0,0,185
11/21/2018,CAE,SC,ASO,ES,Combined TRACON& Tower with Radar,61,62,25,0,148,0,2,36,0,38,61,64,61,0,186,8,0,8,194
11/22/2018,CAE,SC,ASO,ES,Combined TRACON& Tower with Radar,21,22,8,0,51,0,2,16,0,18,21,24,24,0,69,0,0,0,69
11/23/2018,CAE,SC,ASO,ES,Combined TRACON& Tower with Radar,36,32,19,0,87,0,0,10,0,10,36,32,29,0,97,16,0,16,113
11/24/2018,CAE,SC,ASO,ES,Combined TRACON& Tower with Radar,32,33,8,0,73,0,0,0,0,0,32,33,8,0,73,0,0,0,73
11/25/2018,CAE,SC,ASO,ES,Combined TRACON& Tower with Radar,37,47,21,0,105,0,0,7,0,7,37,47,28,0,112,0,0,0,112
11/26/2018,CAE,SC,ASO,ES,Combined TRACON& Tower with Radar,38,48,37,19,142,0,2,2,4,8,38,50,39,23,150,0,20,20,170
11/27/2018,CAE,SC,ASO,ES,Combined TRACON& Tower with Radar,68,56,36,10,170,0,3,18,2,23,68,59,54,12,193,0,0,0,193
11/28/2018,CAE,SC,ASO,ES,Combined TRACON& Tower with Radar,55,52,39,0,146,0,0,25,0,25,55,52,64,0,171,20,0,20,191
11/29/2018,CAE,SC,ASO,ES,Combined TRACON& Tower with Radar,66,58,41,2,167,0,0,29,0,29,66,58,70,2,196,0,0,0,196
11/30/2018,CAE,SC,ASO,ES,Combined TRACON& Tower with Radar,55,54,33,2,144,0,1,24,2,27,55,55,57,4,171,24,10,34,205
12/01/2018,CAE,SC,ASO,ES,Combined TRACON& Tower with Radar,33,29,6,0,68,0,0,2,0,2,33,29,8,0,70,0,0,0,70
12/02/2018,CAE,SC,ASO,ES,Combined TRACON& Tower with Radar,31,33,23,2,89,0,1,0,0,1,31,34,23,2,90,0,0,0,90
12/03/2018,CAE,SC,ASO,ES,Combined TRACON& Tower with Radar,42,49,34,2,127,0,0,9,1,10,42,49,43,3,137,10,0,10,147
12/04/2018,CAE,SC,ASO,ES,Combined TRACON& Tower with Radar,66,55,29,32,182,0,0,22,3,25,66,55,51,35,207,0,24,24,231
12/05/2018,CAE,SC,ASO,ES,Combined TRACON& Tower with Radar,64,58,29,2,153,0,0,21,0,21,64,58,50,2,174,8,0,8,182
12/06/2018,CAE,SC,ASO,ES,Combined TRACON& Tower with Radar,66,59,32,24,181,0,2,23,2,27,66,61,55,26,208,0,42,42,250
12/07/2018,CAE,SC,ASO,ES,Combined TRACON& Tower with Radar,54,59,33,18,164,0,1,21,6,28,54,60,54,24,192,0,28,28,220
12/08/2018,CAE,SC,ASO,ES,Combined TRACON& Tower with Radar,27,31,9,0,67,0,0,0,0,0,27,31,9,0,67,0,0,0,67
12/09/2018,CAE,SC,ASO,ES,Combined TRACON& Tower with Radar,24,36,22,0,82,0,0,0,0,0,24,36,22,0,82,0,0,0,82
12/10/2018,CAE,SC,ASO,ES,Combined TRACON& Tower with Radar,41,44,23,0,108,0,0,0,0,0,41,44,23,0,108,0,0,0,108
12/11/2018,CAE,SC,ASO,ES,Combined TRACON& Tower with Radar,68,59,44,2,173,0,3,17,0,20,68,62,61,2,193,2,14,16,209
12/12/2018,CAE,SC,ASO,ES,Combined TRACON& Tower with Radar,73,52,42,14,181,0,0,22,0,22,73,52,64,14,203,0,22,22,225
12/13/2018,CAE,SC,ASO,ES,Combined TRACON& Tower with Radar,72,55,30,4,161,0,0,14,0,14,72,55,44,4,175,0,0,0,175
12/14/2018,CAE,SC,ASO,ES,Combined TRACON& Tower with Radar,58,54,31,4,147,0,0,0,0,0,58,54,31,4,147,0,0,0,147
12/15/2018,CAE,SC,ASO,ES,Combined TRACON& Tower with Radar,33,35,30,2,100,0,0,0,0,0,33,35,30,2,100,0,0,0,100
12/16/2018,CAE,SC,ASO,ES,Combined TRACON& Tower with Radar,41,29,25,0,95,0,0,15,0,15,41,29,40,0,110,0,0,0,110
12/17/2018,CAE,SC,ASO,ES,Combined TRACON& Tower with Radar,50,55,40,10,155,0,2,19,3,24,50,57,59,13,179,8,0,8,187
12/18/2018,CAE,SC,ASO,ES,Combined TRACON& Tower with Radar,73,58,68,3,202,0,0,28,0,28,73,58,96,3,230,0,24,24,254
12/19/2018,CAE,SC,ASO,ES,Combined TRACON& Tower with Radar,69,55,39,12,175,0,0,20,0,20,69,55,59,12,195,0,0,0,195
12/20/2018,CAE,SC,ASO,ES,Combined TRACON& Tower with Radar,67,55,29,2,153,0,0,0,0,0,67,55,29,2,153,0,0,0,153
12/21/2018,CAE,SC,ASO,ES,Combined TRACON& Tower with Radar,73,63,18,0,154,0,0,1,2,3,73,63,19,2,157,0,0,0,157
12/22/2018,CAE,SC,ASO,ES,Combined TRACON& Tower with Radar,38,42,29,0,109,0,0,21,0,21,38,42,50,0,130,12,0,12,142
12/23/2018,CAE,SC,ASO,ES,Combined TRACON& Tower with Radar,31,41,17,0,89,0,0,14,1,15,31,41,31,1,104,0,0,0,104
12/24/2018,CAE,SC,ASO,ES,Combined TRACON& Tower with Radar,26,26,14,0,66,0,1,17,0,18,26,27,31,0,84,20,0,20,104
12/25/2018,CAE,SC,ASO,ES,Combined TRACON& Tower with Radar,18,22,3,0,43,0,0,7,0,7,18,22,10,0,50,6,0,6,56
12/26/2018,CAE,SC,ASO,ES,Combined TRACON& Tower with Radar,33,60,29,0,122,0,0,24,0,24,33,60,53,0,146,12,0,12,158
12/27/2018,CAE,SC,ASO,ES,Combined TRACON& Tower with Radar,39,53,42,0,134,0,0,1,0,1,39,53,43,0,135,24,0,24,159
12/28/2018,CAE,SC,ASO,ES,Combined TRACON& Tower with Radar,37,61,24,0,122,0,0,0,0,0,37,61,24,0,122,0,0,0,122
12/29/2018,CAE,SC,ASO,ES,Combined TRACON& Tower with Radar,31,37,26,0,94,0,0,9,0,9,31,37,35,0,103,0,0,0,103
12/30/2018,CAE,SC,ASO,ES,Combined TRACON& Tower with Radar,28,32,20,0,80,0,0,0,0,0,28,32,20,0,80,0,0,0,80
12/31/2018,CAE,SC,ASO,ES,Combined TRACON& Tower with Radar,29,38,10,0,77,0,0,0,0,0,29,38,10,0,77,0,0,0,77
01/01/2019,CAE,SC,ASO,ES,Combined TRACON& Tower with Radar,23,30,12,0,65,0,0,5,0,5,23,30,17,0,70,0,0,0,70
01/02/2019,CAE,SC,ASO,ES,Combined TRACON& Tower with Radar,37,64,29,2,132,0,1,8,0,9,37,65,37,2,141,4,0,4,145
01/03/2019,CAE,SC,ASO,ES,Combined TRACON& Tower with Radar,43,56,26,5,130,0,0,0,0,0,43,56,26,5,130,0,0,0,130
01/04/2019,CAE,SC,ASO,ES,Combined TRACON& Tower with Radar,40,59,14,2,115,0,0,0,0,0,40,59,14,2,115,0,0,0,115
01/05/2019,CAE,SC,ASO,ES,Combined TRACON& Tower with Radar,29,31,19,1,80,0,0,20,0,20,29,31,39,1,100,0,0,0,100
01/06/2019,CAE,SC,ASO,ES,Combined TRACON& Tower with Radar,39,29,34,2,104,0,0,22,0,22,39,29,56,2,126,0,0,0,126
01/07/2019,CAE,SC,ASO,ES,Combined TRACON& Tower with Radar,44,47,22,6,119,0,0,19,2,21,44,47,41,8,140,0,6,6,146
01/08/2019,CAE,SC,ASO,ES,Combined TRACON& Tower with Radar,53,57,28,16,154,0,0,16,0,16,53,57,44,16,170,0,0,0,170
01/09/2019,CAE,SC,ASO,ES,Combined TRACON& Tower with Radar,57,52,44,3,156,0,0,15,3,18,57,52,59,6,174,0,0,0,174
01/10/2019,CAE,SC,ASO,ES,Combined TRACON& Tower with Radar,56,51,43,14,164,0,0,25,0,25,56,51,68,14,189,0,0,0,189
01/11/2019,CAE,SC,ASO,ES,Combined TRACON& Tower with Radar,45,55,36,3,139,0,3,27,0,30,45,58,63,3,169,8,0,8,177
01/12/2019,CAE,SC,ASO,ES,Combined TRACON& Tower with Radar,33,23,8,0,64,0,0,6,0,6,33,23,14,0,70,2,0,2,72
01/13/2019,CAE,SC,ASO,ES,Combined TRACON& Tower with Radar,36,26,10,1,73,0,0,0,0,0,36,26,10,1,73,0,0,0,73
01/14/2019,CAE,SC,ASO,ES,Combined TRACON& Tower with Radar,42,46,28,19,135,0,0,3,0,3,42,46,31,19,138,0,0,0,138
01/15/2019,CAE,SC,ASO,ES,Combined TRACON& Tower with Radar,55,52,48,6,161,0,0,7,0,7,55,52,55,6,168,0,0,0,168
01/16/2019,CAE,SC,ASO,ES,Combined TRACON& Tower with Radar,52,61,35,13,161,0,8,26,2,36,52,69,61,15,197,0,0,0,197
01/17/2019,CAE,SC,ASO,ES,Combined TRACON& Tower with Radar,54,50,40,4,148,0,3,22,4,29,54,53,62,8,177,0,0,0,177
01/18/2019,CAE,SC,ASO,ES,Combined TRACON& Tower with Radar,49,52,39,11,151,0,0,6,0,6,49,52,45,11,157,0,0,0,157
01/19/2019,CAE,SC,ASO,ES,Combined TRACON& Tower with Radar,32,21,16,2,71,0,1,3,0,4,32,22,19,2,75,0,0,0,75
01/20/2019,CAE,SC,ASO,ES,Combined TRACON& Tower with Radar,29,29,10,2,70,0,0,4,0,4,29,29,14,2,74,0,22,22,96
01/21/2019,CAE,SC,ASO,ES,Combined TRACON& Tower with Radar,44,45,27,4,120,0,1,21,0,22,44,46,48,4,142,4,0,4,146
01/22/2019,CAE,SC,ASO,ES,Combined TRACON& Tower with Radar,50,51,31,2,134,0,0,24,2,26,50,51,55,4,160,0,0,0,160
01/23/2019,CAE,SC,ASO,ES,Combined TRACON& Tower with Radar,55,57,32,4,148,0,0,3,0,3,55,57,35,4,151,0,0,0,151
01/24/2019,CAE,SC,ASO,ES,Combined TRACON& Tower with Radar,53,55,37,14,159,0,0,4,0,4,53,55,41,14,163,0,0,0,163
01/25/2019,CAE,SC,ASO,ES,Combined TRACON& Tower with Radar,45,54,30,0,129,0,0,23,0,23,45,54,53,0,152,10,0,10,162
01/26/2019,CAE,SC,ASO,ES,Combined TRACON& Tower with Radar,34,25,23,0,82,0,0,36,2,38,34,25,59,2,120,0,0,0,120
01/27/2019,CAE,SC,ASO,ES,Combined TRACON& Tower with Radar,35,33,30,4,102,0,0,21,0,21,35,33,51,4,123,14,0,14,137
01/28/2019,CAE,SC,ASO,ES,Combined TRACON& Tower with Radar,45,47,25,4,121,0,0,14,2,16,45,47,39,6,137,0,6,6,143
01/29/2019,CAE,SC,ASO,ES,Combined TRACON& Tower with Radar,46,56,25,2,129,0,0,6,2,8,46,56,31,4,137,0,0,0,137
01/30/2019,CAE,SC,ASO,ES,Combined TRACON& Tower with Radar,54,60,35,0,149,0,1,17,0,18,54,61,52,0,167,0,0,0,167
01/31/2019,CAE,SC,ASO,ES,Combined TRACON& Tower with Radar,56,53,36,22,167,0,0,18,2,20,56,53,54,24,187,6,30,36,223
02/01/2019,CAE,SC,ASO,ES,Combined TRACON& Tower with Radar,47,62,26,25,160,0,0,29,0,29,47,62,55,25,189,8,26,34,223
02/02/2019,CAE,SC,ASO,ES,Combined TRACON& Tower with Radar,30,23,27,0,80,0,1,44,11,56,30,24,71,11,136,0,0,0,136
02/03/2019,CAE,SC,ASO,ES,Combined TRACON& Tower with Radar,27,28,14,0,69,0,0,6,0,6,27,28,20,0,75,0,0,0,75
02/04/2019,CAE,SC,ASO,ES,Combined TRACON& Tower with Radar,43,49,33,9,134,0,0,24,0,24,43,49,57,9,158,0,0,0,158
02/05/2019,CAE,SC,ASO,ES,Combined TRACON& Tower with Radar,52,47,38,32,169,0,0,20,1,21,52,47,58,33,190,0,46,46,236
02/06/2019,CAE,SC,ASO,ES,Combined TRACON& Tower with Radar,51,54,49,16,170,0,1,14,0,15,51,55,63,16,185,0,12,12,197
02/07/2019,CAE,SC,ASO,ES,Combined TRACON& Tower with Radar,52,49,27,2,130,0,0,16,2,18,52,49,43,4,148,12,0,12,160
02/08/2019,CAE,SC,ASO,ES,Combined TRACON& Tower with Radar,45,45,26,20,136,0,0,33,0,33,45,45,59,20,169,8,18,26,195
02/09/2019,CAE,SC,ASO,ES,Combined TRACON& Tower with Radar,30,28,26,4,88,0,0,11,1,12,30,28,37,5,100,0,18,18,118
02/10/2019,CAE,SC,ASO,ES,Combined TRACON& Tower with Radar,33,31,19,9,92,0,0,6,15,21,33,31,25,24,113,6,34,40,153
02/11/2019,CAE,SC,ASO,ES,Combined TRACON& Tower with Radar,45,43,32,0,120,0,0,0,0,0,45,43,32,0,120,0,0,0,120
02/12/2019,CAE,SC,ASO,ES,Combined TRACON& Tower with Radar,55,41,33,12,141,0,0,0,2,2,55,41,33,14,143,0,0,0,143
02/13/2019,CAE,SC,ASO,ES,Combined TRACON& Tower with Radar,57,55,45,11,168,0,0,34,1,35,57,55,79,12,203,6,2,8,211
02/14/2019,CAE,SC,ASO,ES,Combined TRACON& Tower with Radar,55,50,34,11,150,0,0,28,5,33,55,50,62,16,183,0,24,24,207
02/15/2019,CAE,SC,ASO,ES,Combined TRACON& Tower with Radar,46,49,24,2,121,0,0,17,0,17,46,49,41,2,138,12,8,20,158
02/16/2019,CAE,SC,ASO,ES,Combined TRACON& Tower with Radar,31,26,29,0,86,0,0,5,0,5,31,26,34,0,91,0,0,0,91
02/17/2019,CAE,SC,ASO,ES,Combined TRACON& Tower with Radar,27,28,10,0,65,0,0,0,0,0,27,28,10,0,65,0,0,0,65
02/18/2019,CAE,SC,ASO,ES,Combined TRACON& Tower with Radar,38,50,34,10,132,0,0,32,0,32,38,50,66,10,164,10,20,30,194
02/19/2019,CAE,SC,ASO,ES,Combined TRACON& Tower with Radar,58,59,36,11,164,0,0,4,0,4,58,59,40,11,168,2,0,2,170
02/20/2019,CAE,SC,ASO,ES,Combined TRACON& Tower with Radar,58,45,31,1,135,0,0,0,0,0,58,45,31,1,135,0,0,0,135
02/21/2019,CAE,SC,ASO,ES,Combined TRACON& Tower with Radar,55,53,38,17,163,0,0,4,0,4,55,53,42,17,167,10,0,10,177
02/22/2019,CAE,SC,ASO,ES,Combined TRACON& Tower with Radar,47,52,35,3,137,0,0,3,0,3,47,52,38,3,140,0,0,0,140
02/23/2019,CAE,SC,ASO,ES,Combined TRACON& Tower with Radar,29,43,17,0,89,0,0,0,0,0,29,43,17,0,89,0,0,0,89
02/24/2019,CAE,SC,ASO,ES,Combined TRACON& Tower with Radar,36,41,9,0,86,0,0,3,0,3,36,41,12,0,89,0,0,0,89
02/25/2019,CAE,SC,ASO,ES,Combined TRACON& Tower with Radar,45,50,43,29,167,0,0,64,0,64,45,50,107,29,231,4,32,36,267
02/26/2019,CAE,SC,ASO,ES,Combined TRACON& Tower with Radar,58,53,42,10,163,0,0,20,1,21,58,53,62,11,184,0,0,0,184
02/27/2019,CAE,SC,ASO,ES,Combined TRACON& Tower with Radar,55,46,27,14,142,0,0,12,0,12,55,46,39,14,154,0,0,0,154
02/28/2019,CAE,SC,ASO,ES,Combined TRACON& Tower with Radar,53,54,25,0,132,0,0,4,0,4,53,54,29,0,136,2,0,2,138
03/01/2019,CAE,SC,ASO,ES,Combined TRACON& Tower with Radar,50,59,19,0,128,0,0,1,0,1,50,59,20,0,129,0,0,0,129
03/02/2019,CAE,SC,ASO,ES,Combined TRACON& Tower with Radar,32,38,31,0,101,0,0,9,0,9,32,38,40,0,110,0,0,0,110
03/03/2019,CAE,SC,ASO,ES,Combined TRACON& Tower with Radar,35,28,16,0,79,0,0,0,0,0,35,28,16,0,79,0,0,0,79
03/04/2019,CAE,SC,ASO,ES,Combined TRACON& Tower with Radar,44,51,21,2,118,0,0,6,0,6,44,51,27,2,124,4,4,8,132
03/05/2019,CAE,SC,ASO,ES,Combined TRACON& Tower with Radar,51,52,40,12,155,0,0,3,0,3,51,52,43,12,158,0,4,4,162
03/06/2019,CAE,SC,ASO,ES,Combined TRACON& Tower with Radar,57,57,44,4,162,0,0,41,0,41,57,57,85,4,203,4,0,4,207
03/07/2019,CAE,SC,ASO,ES,Combined TRACON& Tower with Radar,56,57,37,1,151,0,0,40,1,41,56,57,77,2,192,6,0,6,198
03/08/2019,CAE,SC,ASO,ES,Combined TRACON& Tower with Radar,48,46,44,4,142,0,0,22,2,24,48,46,66,6,166,4,30,34,200
03/09/2019,CAE,SC,ASO,ES,Combined TRACON& Tower with Radar,31,30,11,14,86,0,0,0,0,0,31,30,11,14,86,0,0,0,86
03/10/2019,CAE,SC,ASO,ES,Combined TRACON& Tower with Radar,35,35,13,0,83,0,0,6,0,6,35,35,19,0,89,0,0,0,89
03/11/2019,CAE,SC,ASO,ES,Combined TRACON& Tower with Radar,44,53,19,4,120,0,1,18,2,21,44,54,37,6,141,2,24,26,167
03/12/2019,CAE,SC,ASO,ES,Combined TRACON& Tower with Radar,52,52,33,24,161,0,0,43,2,45,52,52,76,26,206,8,16,24,230
03/13/2019,CAE,SC,ASO,ES,Combined TRACON& Tower with Radar,56,62,34,12,164,0,0,21,0,21,56,62,55,12,185,0,16,16,201
03/14/2019,CAE,SC,ASO,ES,Combined TRACON& Tower with Radar,58,54,47,15,174,0,0,25,0,25,58,54,72,15,199,12,0,12,211
03/15/2019,CAE,SC,ASO,ES,Combined TRACON& Tower with Radar,45,54,24,0,123,0,0,5,0,5,45,54,29,0,128,20,0,20,148
03/16/2019,CAE,SC,ASO,ES,Combined TRACON& Tower with Radar,34,30,8,0,72,0,0,22,0,22,34,30,30,0,94,0,0,0,94
03/17/2019,CAE,SC,ASO,ES,Combined TRACON& Tower with Radar,37,37,24,0,98,0,0,38,0,38,37,37,62,0,136,0,0,0,136
03/18/2019,CAE,SC,ASO,ES,Combined TRACON& Tower with Radar,44,44,38,4,130,0,0,19,6,25,44,44,57,10,155,0,0,0,155
03/19/2019,CAE,SC,ASO,ES,Combined TRACON& Tower with Radar,51,52,33,34,170,0,0,21,6,27,51,52,54,40,197,0,20,20,217
03/20/2019,CAE,SC,ASO,ES,Combined TRACON& Tower with Radar,68,50,35,6,159,0,2,24,3,29,68,52,59,9,188,0,0,0,188
03/21/2019,CAE,SC,ASO,ES,Combined TRACON& Tower with Radar,53,63,51,3,170,0,0,14,0,14,53,63,65,3,184,12,0,12,196
03/22/2019,CAE,SC,ASO,ES,Combined TRACON& Tower with Radar,51,59,55,5,170,0,2,17,0,19,51,61,72,5,189,4,0,4,193
03/23/2019,CAE,SC,ASO,ES,Combined TRACON& Tower with Radar,34,36,26,1,97,0,1,28,0,29,34,37,54,1,126,0,0,0,126
03/24/2019,CAE,SC,ASO,ES,Combined TRACON& Tower with Radar,41,45,44,6,136,0,0,24,0,24,41,45,68,6,160,0,0,0,160
03/25/2019,CAE,SC,ASO,ES,Combined TRACON& Tower with Radar,44,47,27,10,128,0,1,16,0,17,44,48,43,10,145,8,0,8,153
03/26/2019,CAE,SC,ASO,ES,Combined TRACON& Tower with Radar,51,65,33,2,151,0,2,7,0,9,51,67,40,2,160,0,0,0,160
03/27/2019,CAE,SC,ASO,ES,Combined TRACON& Tower with Radar,54,60,34,5,153,0,3,15,9,27,54,63,49,14,180,0,0,0,180
03/28/2019,CAE,SC,ASO,ES,Combined TRACON& Tower with Radar,52,51,39,9,151,0,0,36,1,37,52,51,75,10,188,34,0,34,222
03/29/2019,CAE,SC,ASO,ES,Combined TRACON& Tower with Radar,45,55,27,1,128,0,0,37,4,41,45,55,64,5,169,0,0,0,169
03/30/2019,CAE,SC,ASO,ES,Combined TRACON& Tower with Radar,31,27,32,0,90,0,0,35,0,35,31,27,67,0,125,0,0,0,125
03/31/2019,CAE,SC,ASO,ES,Combined TRACON& Tower with Radar,35,33,30,0,98,0,0,8,0,8,35,33,38,0,106,0,0,0,106
04/01/2019,CAE,SC,ASO,ES,Combined TRACON& Tower with Radar,42,48,37,16,143,0,0,20,0,20,42,48,57,16,163,0,0,0,163
04/02/2019,CAE,SC,ASO,ES,Combined TRACON& Tower with Radar,53,52,34,0,139,0,0,4,0,4,53,52,38,0,143,0,0,0,143
04/03/2019,CAE,SC,ASO,ES,Combined TRACON& Tower with Radar,53,56,34,8,151,0,0,26,2,28,53,56,60,10,179,10,6,16,195
04/04/2019,CAE,SC,ASO,ES,Combined TRACON& Tower with Radar,51,57,36,6,150,0,0,13,0,13,51,57,49,6,163,0,8,8,171
04/05/2019,CAE,SC,ASO,ES,Combined TRACON& Tower with Radar,46,47,19,0,112,0,0,3,0,3,46,47,22,0,115,0,0,0,115
04/06/2019,CAE,SC,ASO,ES,Combined TRACON& Tower with Radar,31,24,34,1,90,0,0,8,0,8,31,24,42,1,98,0,0,0,98
04/07/2019,CAE,SC,ASO,ES,Combined TRACON& Tower with Radar,36,27,18,14,95,0,0,9,0,9,36,27,27,14,104,0,0,0,104
04/08/2019,CAE,SC,ASO,ES,Combined TRACON& Tower with Radar,46,46,28,0,120,0,0,3,0,3,46,46,31,0,123,0,0,0,123
04/09/2019,CAE,SC,ASO,ES,Combined TRACON& Tower with Radar,62,56,27,1,146,0,0,2,0,2,62,56,29,1,148,4,0,4,152
04/10/2019,CAE,SC,ASO,ES,Combined TRACON& Tower with Radar,55,55,56,5,171,0,0,16,1,17,55,55,72,6,188,0,0,0,188
04/11/2019,CAE,SC,ASO,ES,Combined TRACON& Tower with Radar,50,57,52,15,174,0,0,18,1,19,50,57,70,16,193,0,6,6,199
04/12/2019,CAE,SC,ASO,ES,Combined TRACON& Tower with Radar,48,56,62,6,172,0,0,3,0,3,48,56,65,6,175,0,0,0,175
04/13/2019,CAE,SC,ASO,ES,Combined TRACON& Tower with Radar,30,33,23,3,89,0,0,5,0,5,30,33,28,3,94,0,0,0,94
04/14/2019,CAE,SC,ASO,ES,Combined TRACON& Tower with Radar,33,27,36,0,96,0,0,1,0,1,33,27,37,0,97,0,0,0,97
04/15/2019,CAE,SC,ASO,ES,Combined TRACON& Tower with Radar,42,48,36,9,135,0,1,19,0,20,42,49,55,9,155,0,0,0,155
04/16/2019,CAE,SC,ASO,ES,Combined TRACON& Tower with Radar,53,51,45,0,149,0,1,26,2,29,53,52,71,2,178,0,0,0,178
04/17/2019,CAE,SC,ASO,ES,Combined TRACON& Tower with Radar,52,50,45,4,151,0,0,34,2,36,52,50,79,6,187,10,0,10,197
04/18/2019,CAE,SC,ASO,ES,Combined TRACON& Tower with Radar,56,50,39,2,147,0,0,17,0,17,56,50,56,2,164,0,0,0,164
04/19/2019,CAE,SC,ASO,ES,Combined TRACON& Tower with Radar,43,42,15,2,102,0,0,0,0,0,43,42,15,2,102,0,0,0,102
04/20/2019,CAE,SC,ASO,ES,Combined TRACON& Tower with Radar,32,31,16,0,79,0,0,6,0,6,32,31,22,0,85,0,0,0,85
04/21/2019,CAE,SC,ASO,ES,Combined TRACON& Tower with Radar,39,30,20,2,91,0,0,16,0,16,39,30,36,2,107,0,0,0,107
04/22/2019,CAE,SC,ASO,ES,Combined TRACON& Tower with Radar,46,45,58,6,155,0,0,45,0,45,46,45,103,6,200,4,54,58,258
04/23/2019,CAE,SC,ASO,ES,Combined TRACON& Tower with Radar,54,54,45,0,153,0,2,31,0,33,54,56,76,0,186,22,0,22,208
04/24/2019,CAE,SC,ASO,ES,Combined TRACON& Tower with Radar,52,50,41,6,149,0,0,31,0,31,52,50,72,6,180,8,0,8,188
04/25/2019,CAE,SC,ASO,ES,Combined TRACON& Tower with Radar,52,60,36,2,150,0,1,23,4,28,52,61,59,6,178,0,0,0,178
04/26/2019,CAE,SC,ASO,ES,Combined TRACON& Tower with Radar,60,47,26,2,135,0,1,8,0,9,60,48,34,2,144,20,0,20,164
04/27/2019,CAE,SC,ASO,ES,Combined TRACON& Tower with Radar,32,31,20,0,83,0,0,37,0,37,32,31,57,0,120,0,0,0,120
04/28/2019,CAE,SC,ASO,ES,Combined TRACON& Tower with Radar,39,31,18,0,88,0,0,17,2,19,39,31,35,2,107,0,0,0,107
04/29/2019,CAE,SC,ASO,ES,Combined TRACON& Tower with Radar,43,49,23,2,117,0,0,22,6,28,43,49,45,8,145,6,0,6,151
04/30/2019,CAE,SC,ASO,ES,Combined TRACON& Tower with Radar,52,50,31,1,134,0,0,32,0,32,52,50,63,1,166,0,0,0,166
05/01/2019,CAE,SC,ASO,ES,Combined TRACON& Tower with Radar,52,53,34,8,147,0,0,14,0,14,52,53,48,8,161,0,0,0,161
05/02/2019,CAE,SC,ASO,ES,Combined TRACON& Tower with Radar,51,52,36,5,144,0,2,19,0,21,51,54,55,5,165,0,0,0,165
05/03/2019,CAE,SC,ASO,ES,Combined TRACON& Tower with Radar,46,52,39,0,137,0,0,7,2,9,46,52,46,2,146,0,0,0,146
05/04/2019,CAE,SC,ASO,ES,Combined TRACON& Tower with Radar,30,31,16,2,79,0,0,9,2,11,30,31,25,4,90,0,0,0,90
05/05/2019,CAE,SC,ASO,ES,Combined TRACON& Tower with Radar,37,36,24,2,99,0,0,4,2,6,37,36,28,4,105,0,0,0,105
05/06/2019,CAE,SC,ASO,ES,Combined TRACON& Tower with Radar,44,51,49,2,146,0,0,31,0,31,44,51,80,2,177,37,0,37,214
05/07/2019,CAE,SC,ASO,ES,Combined TRACON& Tower with Radar,50,62,41,6,159,0,0,16,2,18,50,62,57,8,177,20,20,40,217
05/08/2019,CAE,SC,ASO,ES,Combined TRACON& Tower with Radar,52,59,38,26,175,0,0,16,0,16,52,59,54,26,191,14,0,14,205
05/09/2019,CAE,SC,ASO,ES,Combined TRACON& Tower with Radar,58,58,29,14,159,0,0,19,0,19,58,58,48,14,178,0,0,0,178
05/10/2019,CAE,SC,ASO,ES,Combined TRACON& Tower with Radar,47,62,57,7,173,0,0,8,3,11,47,62,65,10,184,0,12,12,196
05/11/2019,CAE,SC,ASO,ES,Combined TRACON& Tower with Radar,29,36,39,0,104,0,0,19,0,19,29,36,58,0,123,0,0,0,123
05/12/2019,CAE,SC,ASO,ES,Combined TRACON& Tower with Radar,41,31,24,0,96,0,0,4,0,4,41,31,28,0,100,0,0,0,100
05/13/2019,CAE,SC,ASO,ES,Combined TRACON& Tower with Radar,45,59,39,2,145,0,2,15,1,18,45,61,54,3,163,0,0,0,163
05/14/2019,CAE,SC,ASO,ES,Combined TRACON& Tower with Radar,50,54,38,4,146,0,0,24,0,24,50,54,62,4,170,0,0,0,170
05/15/2019,CAE,SC,ASO,ES,Combined TRACON& Tower with Radar,52,59,47,16,174,0,6,31,0,37,52,65,78,16,211,22,16,38,249
05/16/2019,CAE,SC,ASO,ES,Combined TRACON& Tower with Radar,52,57,44,11,164,0,0,31,0,31,52,57,75,11,195,22,2,24,219
05/17/2019,CAE,SC,ASO,ES,Combined TRACON& Tower with Radar,46,51,33,15,145,0,0,20,0,20,46,51,53,15,165,12,16,28,193
05/18/2019,CAE,SC,ASO,ES,Combined TRACON& Tower with Radar,31,30,21,0,82,0,0,18,0,18,31,30,39,0,100,11,0,11,111
05/19/2019,CAE,SC,ASO,ES,Combined TRACON& Tower with Radar,35,32,18,0,85,0,0,25,0,25,35,32,43,0,110,0,0,0,110
05/20/2019,CAE,SC,ASO,ES,Combined TRACON& Tower with Radar,44,50,17,10,121,0,0,22,0,22,44,50,39,10,143,0,8,8,151
05/21/2019,CAE,SC,ASO,ES,Combined TRACON& Tower with Radar,50,55,33,0,138,0,2,23,0,25,50,57,56,0,163,2,0,2,165
05/22/2019,CAE,SC,ASO,ES,Combined TRACON& Tower with Radar,50,55,28,8,141,0,1,10,0,11,50,56,38,8,152,0,0,0,152
05/23/2019,CAE,SC,ASO,ES,Combined TRACON& Tower with Radar,51,66,42,0,159,0,2,17,2,21,51,68,59,2,180,0,0,0,180
05/24/2019,CAE,SC,ASO,ES,Combined TRACON& Tower with Radar,46,58,20,1,125,0,0,19,5,24,46,58,39,6,149,6,6,12,161
05/25/2019,CAE,SC,ASO,ES,Combined TRACON& Tower with Radar,29,26,11,0,66,0,0,12,0,12,29,26,23,0,78,24,0,24,102
05/26/2019,CAE,SC,ASO,ES,Combined TRACON& Tower with Radar,24,25,10,0,59,0,0,8,0,8,24,25,18,0,67,12,0,12,79
05/27/2019,CAE,SC,ASO,ES,Combined TRACON& Tower with Radar,38,36,10,0,84,0,0,10,0,10,38,36,20,0,94,6,0,6,100
05/28/2019,CAE,SC,ASO,ES,Combined TRACON& Tower with Radar,45,62,18,4,129,0,2,6,1,9,45,64,24,5,138,20,0,20,158
05/29/2019,CAE,SC,ASO,ES,Combined TRACON& Tower with Radar,50,55,37,16,158,0,1,23,0,24,50,56,60,16,182,6,0,6,188
05/30/2019,CAE,SC,ASO,ES,Combined TRACON& Tower with Radar,52,54,26,11,143,0,0,16,1,17,52,54,42,12,160,16,12,28,188
05/31/2019,CAE,SC,ASO,ES,Combined TRACON& Tower with Radar,46,52,26,2,126,0,0,16,4,20,46,52,42,6,146,16,0,16,162
06/01/2019,CAE,SC,ASO,ES,Combined TRACON& Tower with Radar,30,28,14,0,72,0,1,20,0,21,30,29,34,0,93,0,0,0,93
06/02/2019,CAE,SC,ASO,ES,Combined TRACON& Tower with Radar,32,28,18,24,102,0,1,7,0,8,32,29,25,24,110,0,6,6,116
06/03/2019,CAE,SC,ASO,ES,Combined TRACON& Tower with Radar,45,51,25,0,121,0,3,24,0,27,45,54,49,0,148,0,0,0,148
06/04/2019,CAE,SC,ASO,ES,Combined TRACON& Tower with Radar,48,60,29,13,150,0,1,11,2,14,48,61,40,15,164,0,18,18,182
06/05/2019,CAE,SC,ASO,ES,Combined TRACON& Tower with Radar,49,54,43,18,164,0,0,2,0,2,49,54,45,18,166,0,0,0,166
06/06/2019,CAE,SC,ASO,ES,Combined TRACON& Tower with Radar,50,59,24,2,135,0,0,7,0,7,50,59,31,2,142,0,0,0,142
06/07/2019,CAE,SC,ASO,ES,Combined TRACON& Tower with Radar,43,57,25,0,125,0,0,7,0,7,43,57,32,0,132,0,0,0,132
06/08/2019,CAE,SC,ASO,ES,Combined TRACON& Tower with Radar,39,26,9,2,76,0,0,1,1,2,39,26,10,3,78,0,0,0,78
06/09/2019,CAE,SC,ASO,ES,Combined TRACON& Tower with Radar,32,37,21,4,94,0,0,5,0,5,32,37,26,4,99,0,0,0,99
06/10/2019,CAE,SC,ASO,ES,Combined TRACON& Tower with Radar,43,44,37,2,126,0,0,1,0,1,43,44,38,2,127,0,0,0,127
06/11/2019,CAE,SC,ASO,ES,Combined TRACON& Tower with Radar,49,61,28,6,144,0,1,14,3,18,49,62,42,9,162,0,14,14,176
06/12/2019,CAE,SC,ASO,ES,Combined TRACON& Tower with Radar,51,57,29,8,145,0,0,1,2,3,51,57,30,10,148,0,0,0,148
06/13/2019,CAE,SC,ASO,ES,Combined TRACON& Tower with Radar,50,59,26,0,135,0,4,8,0,12,50,63,34,0,147,20,0,20,167
06/14/2019,CAE,SC,ASO,ES,Combined TRACON& Tower with Radar,43,64,17,2,126,0,4,30,0,34,43,68,47,2,160,0,0,0,160
06/15/2019,CAE,SC,ASO,ES,Combined TRACON& Tower with Radar,31,26,24,0,81,0,2,32,0,34,31,28,56,0,115,16,0,16,131
06/16/2019,CAE,SC,ASO,ES,Combined TRACON& Tower with Radar,28,37,15,0,80,0,0,17,0,17,28,37,32,0,97,25,0,25,122
06/17/2019,CAE,SC,ASO,ES,Combined TRACON& Tower with Radar,41,43,34,0,118,0,0,19,0,19,41,43,53,0,137,0,0,0,137
06/18/2019,CAE,SC,ASO,ES,Combined TRACON& Tower with Radar,46,55,25,10,136,0,0,12,0,12,46,55,37,10,148,0,0,0,148
06/19/2019,CAE,SC,ASO,ES,Combined TRACON& Tower with Radar,50,59,19,18,146,0,0,14,0,14,50,59,33,18,160,0,0,0,160
06/20/2019,CAE,SC,ASO,ES,Combined TRACON& Tower with Radar,49,59,31,8,147,0,0,12,0,12,49,59,43,8,159,0,8,8,167
06/21/2019,CAE,SC,ASO,ES,Combined TRACON& Tower with Radar,45,62,24,0,131,0,0,25,0,25,45,62,49,0,156,4,0,4,160
06/22/2019,CAE,SC,ASO,ES,Combined TRACON& Tower with Radar,36,34,9,8,87,0,0,9,0,9,36,34,18,8,96,9,10,19,115
06/23/2019,CAE,SC,ASO,ES,Combined TRACON& Tower with Radar,40,40,11,0,91,0,0,3,0,3,40,40,14,0,94,0,0,0,94
06/24/2019,CAE,SC,ASO,ES,Combined TRACON& Tower with Radar,41,53,38,12,144,0,0,10,0,10,41,53,48,12,154,10,28,38,192
06/25/2019,CAE,SC,ASO,ES,Combined TRACON& Tower with Radar,56,59,62,2,179,0,1,15,0,16,56,60,77,2,195,12,0,12,207
06/26/2019,CAE,SC,ASO,ES,Combined TRACON& Tower with Radar,47,55,40,12,154,0,7,20,0,27,47,62,60,12,181,0,24,24,205
06/27/2019,CAE,SC,ASO,ES,Combined TRACON& Tower with Radar,54,65,44,10,173,0,1,13,0,14,54,66,57,10,187,10,0,10,197
06/28/2019,CAE,SC,ASO,ES,Combined TRACON& Tower with Radar,49,54,29,2,134,0,1,32,0,33,49,55,61,2,167,26,0,26,193
06/29/2019,CAE,SC,ASO,ES,Combined TRACON& Tower with Radar,32,31,11,0,74,0,0,15,0,15,32,31,26,0,89,0,0,0,89
06/30/2019,CAE,SC,ASO,ES,Combined TRACON& Tower with Radar,23,32,23,0,78,0,0,19,0,19,23,32,42,0,97,0,0,0,97
07/01/2019,CAE,SC,ASO,ES,Combined TRACON& Tower with Radar,28,54,15,0,97,0,0,20,0,20,28,54,35,0,117,0,0,0,117
07/02/2019,CAE,SC,ASO,ES,Combined TRACON& Tower with Radar,39,64,28,7,138,0,2,18,0,20,39,66,46,7,158,20,10,30,188
07/03/2019,CAE,SC,ASO,ES,Combined TRACON& Tower with Radar,35,54,22,4,115,0,0,18,2,20,35,54,40,6,135,8,6,14,149
07/04/2019,CAE,SC,ASO,ES,Combined TRACON& Tower with Radar,25,21,3,0,49,0,0,10,0,10,25,21,13,0,59,8,0,8,67
07/05/2019,CAE,SC,ASO,ES,Combined TRACON& Tower with Radar,24,46,18,0,88,0,0,8,0,8,24,46,26,0,96,10,0,10,106
07/06/2019,CAE,SC,ASO,ES,Combined TRACON& Tower with Radar,27,26,20,0,73,0,0,10,0,10,27,26,30,0,83,0,0,0,83
07/07/2019,CAE,SC,ASO,ES,Combined TRACON& Tower with Radar,31,37,11,1,80,0,0,9,0,9,31,37,20,1,89,0,0,0,89
07/08/2019,CAE,SC,ASO,ES,Combined TRACON& Tower with Radar,44,49,19,1,113,0,0,18,1,19,44,49,37,2,132,17,0,17,149
07/09/2019,CAE,SC,ASO,ES,Combined TRACON& Tower with Radar,50,55,47,2,154,0,0,21,1,22,50,55,68,3,176,5,0,5,181
07/10/2019,CAE,SC,ASO,ES,Combined TRACON& Tower with Radar,47,56,33,20,156,0,0,9,0,9,47,56,42,20,165,12,0,12,177
07/11/2019,CAE,SC,ASO,ES,Combined TRACON& Tower with Radar,50,53,34,4,141,0,0,28,0,28,50,53,62,4,169,0,0,0,169
07/12/2019,CAE,SC,ASO,ES,Combined TRACON& Tower with Radar,59,55,28,24,166,0,0,18,0,18,59,55,46,24,184,0,10,10,194
07/13/2019,CAE,SC,ASO,ES,Combined TRACON& Tower with Radar,37,33,10,0,80,0,0,17,0,17,37,33,27,0,97,0,0,0,97
07/14/2019,CAE,SC,ASO,ES,Combined TRACON& Tower with Radar,31,34,17,0,82,0,4,30,0,34,31,38,47,0,116,4,0,4,120
07/15/2019,CAE,SC,ASO,ES,Combined TRACON& Tower with Radar,44,48,34,0,126,0,0,15,0,15,44,48,49,0,141,8,0,8,149
07/16/2019,CAE,SC,ASO,ES,Combined TRACON& Tower with Radar,51,62,49,27,189,0,0,23,2,25,51,62,72,29,214,0,0,0,214
07/17/2019,CAE,SC,ASO,ES,Combined TRACON& Tower with Radar,62,58,32,11,163,0,2,25,4,31,62,60,57,15,194,34,22,56,250
07/18/2019,CAE,SC,ASO,ES,Combined TRACON& Tower with Radar,53,57,33,8,151,0,0,17,3,20,53,57,50,11,171,4,12,16,187
07/19/2019,CAE,SC,ASO,ES,Combined TRACON& Tower with Radar,46,55,16,0,117,0,0,19,0,19,46,55,35,0,136,10,0,10,146
07/20/2019,CAE,SC,ASO,ES,Combined TRACON& Tower with Radar,34,29,24,0,87,0,0,15,0,15,34,29,39,0,102,16,0,16,118
07/21/2019,CAE,SC,ASO,ES,Combined TRACON& Tower with Radar,31,30,12,0,73,0,0,18,0,18,31,30,30,0,91,0,0,0,91
07/22/2019,CAE,SC,ASO,ES,Combined TRACON& Tower with Radar,48,55,36,22,161,0,0,14,0,14,48,55,50,22,175,0,20,20,195
07/23/2019,CAE,SC,ASO,ES,Combined TRACON& Tower with Radar,55,58,34,2,149,0,0,9,0,9,55,58,43,2,158,0,0,0,158
07/24/2019,CAE,SC,ASO,ES,Combined TRACON& Tower with Radar,49,54,40,2,145,0,0,10,0,10,49,54,50,2,155,2,2,4,159
07/25/2019,CAE,SC,ASO,ES,Combined TRACON& Tower with Radar,51,64,37,9,161,0,5,18,0,23,51,69,55,9,184,12,14,26,210
07/26/2019,CAE,SC,ASO,ES,Combined TRACON& Tower with Radar,45,53,35,5,138,0,2,9,0,11,45,55,44,5,149,22,0,22,171
07/27/2019,CAE,SC,ASO,ES,Combined TRACON& Tower with Radar,31,32,19,10,92,0,1,17,3,21,31,33,36,13,113,38,8,46,159
07/28/2019,CAE,SC,ASO,ES,Combined TRACON& Tower with Radar,31,34,15,0,80,0,0,18,0,18,31,34,33,0,98,0,0,0,98
07/29/2019,CAE,SC,ASO,ES,Combined TRACON& Tower with Radar,42,52,18,12,124,0,4,20,2,26,42,56,38,14,150,8,44,52,202
07/30/2019,CAE,SC,ASO,ES,Combined TRACON& Tower with Radar,49,63,45,44,201,0,4,21,0,25,49,67,66,44,226,2,10,12,238
07/31/2019,CAE,SC,ASO,ES,Combined TRACON& Tower with Radar,52,56,41,23,172,0,0,26,2,28,52,56,67,25,200,6,40,46,246
08/01/2019,CAE,SC,ASO,ES,Combined TRACON& Tower with Radar,52,58,23,2,135,0,0,20,0,20,52,58,43,2,155,42,0,42,197
08/02/2019,CAE,SC,ASO,ES,Combined TRACON& Tower with Radar,44,53,28,4,129,0,0,11,1,12,44,53,39,5,141,0,14,14,155
08/03/2019,CAE,SC,ASO,ES,Combined TRACON& Tower with Radar,33,31,23,0,87,0,0,9,0,9,33,31,32,0,96,0,0,0,96
08/04/2019,CAE,SC,ASO,ES,Combined TRACON& Tower with Radar,33,37,14,0,84,0,1,11,0,12,33,38,25,0,96,0,0,0,96
08/05/2019,CAE,SC,ASO,ES,Combined TRACON& Tower with Radar,45,50,35,6,136,0,0,15,2,17,45,50,50,8,153,4,24,28,181
08/06/2019,CAE,SC,ASO,ES,Combined TRACON& Tower with Radar,49,58,37,6,150,1,0,23,0,24,50,58,60,6,174,58,0,58,232
08/07/2019,CAE,SC,ASO,ES,Combined TRACON& Tower with Radar,51,56,42,31,180,0,0,27,1,28,51,56,69,32,208,12,40,52,260
08/08/2019,CAE,SC,ASO,ES,Combined TRACON& Tower with Radar,47,61,34,44,186,0,0,30,5,35,47,61,64,49,221,18,56,74,295
08/09/2019,CAE,SC,ASO,ES,Combined TRACON& Tower with Radar,44,57,31,6,138,0,0,13,0,13,44,57,44,6,151,0,22,22,173
08/10/2019,CAE,SC,ASO,ES,Combined TRACON& Tower with Radar,31,32,21,0,84,0,0,24,0,24,31,32,45,0,108,18,0,18,126
08/11/2019,CAE,SC,ASO,ES,Combined TRACON& Tower with Radar,32,35,18,6,91,0,0,10,0,10,32,35,28,6,101,0,0,0,101
08/12/2019,CAE,SC,ASO,ES,Combined TRACON& Tower with Radar,40,49,28,10,127,0,0,13,0,13,40,49,41,10,140,0,0,0,140
08/13/2019,CAE,SC,ASO,ES,Combined TRACON& Tower with Radar,56,58,36,18,168,0,0,16,0,16,56,58,52,18,184,0,42,42,226
08/14/2019,CAE,SC,ASO,ES,Combined TRACON& Tower with Radar,54,59,30,2,145,0,0,18,0,18,54,59,48,2,163,6,8,14,177
08/15/2019,CAE,SC,ASO,ES,Combined TRACON& Tower with Radar,49,58,33,10,150,0,0,13,5,18,49,58,46,15,168,8,44,52,220
08/16/2019,CAE,SC,ASO,ES,Combined TRACON& Tower with Radar,48,62,34,22,166,0,0,9,0,9,48,62,43,22,175,0,32,32,207
08/17/2019,CAE,SC,ASO,ES,Combined TRACON& Tower with Radar,31,37,15,10,93,0,0,13,0,13,31,37,28,10,106,4,14,18,124
08/18/2019,CAE,SC,ASO,ES,Combined TRACON& Tower with Radar,31,36,27,11,105,0,0,7,2,9,31,36,34,13,114,0,40,40,154
08/19/2019,CAE,SC,ASO,ES,Combined TRACON& Tower with Radar,51,60,26,24,161,0,0,10,0,10,51,60,36,24,171,0,0,0,171
08/20/2019,CAE,SC,ASO,ES,Combined TRACON& Tower with Radar,52,49,25,17,143,0,0,4,0,4,52,49,29,17,147,0,0,0,147
08/21/2019,CAE,SC,ASO,ES,Combined TRACON& Tower with Radar,49,59,44,36,188,0,1,21,0,22,49,60,65,36,210,2,30,32,242
08/22/2019,CAE,SC,ASO,ES,Combined TRACON& Tower with Radar,52,56,34,12,154,0,0,18,1,19,52,56,52,13,173,2,18,20,193
08/23/2019,CAE,SC,ASO,ES,Combined TRACON& Tower with Radar,51,64,35,1,151,0,0,11,0,11,51,64,46,1,162,0,0,0,162
08/24/2019,CAE,SC,ASO,ES,Combined TRACON& Tower with Radar,31,36,19,0,86,0,0,1,0,1,31,36,20,0,87,22,0,22,109
08/25/2019,CAE,SC,ASO,ES,Combined TRACON& Tower with Radar,34,33,14,0,81,0,0,5,0,5,34,33,19,0,86,0,0,0,86
08/26/2019,CAE,SC,ASO,ES,Combined TRACON& Tower with Radar,40,54,31,21,146,0,0,23,6,29,40,54,54,27,175,8,38,46,221
08/27/2019,CAE,SC,ASO,ES,Combined TRACON& Tower with Radar,48,58,27,24,157,0,0,0,5,5,48,58,27,29,162,0,22,22,184
08/28/2019,CAE,SC,ASO,ES,Combined TRACON& Tower with Radar,49,61,51,8,169,0,0,7,0,7,49,61,58,8,176,16,0,16,192
08/29/2019,CAE,SC,ASO,ES,Combined TRACON& Tower with Radar,50,60,40,8,158,0,6,27,3,36,50,66,67,11,194,2,0,2,196
08/30/2019,CAE,SC,ASO,ES,Combined TRACON& Tower with Radar,44,55,41,0,140,0,0,26,0,26,44,55,67,0,166,2,0,2,168
08/31/2019,CAE,SC,ASO,ES,Combined TRACON& Tower with Radar,28,28,30,0,86,0,0,17,0,17,28,28,47,0,103,18,0,18,121
09/01/2019,CAE,SC,ASO,ES,Combined TRACON& Tower with Radar,27,26,14,0,67,0,0,15,0,15,27,26,29,0,82,0,0,0,82
09/02/2019,CAE,SC,ASO,ES,Combined TRACON& Tower with Radar,32,33,16,2,83,0,0,6,2,8,32,33,22,4,91,0,0,0,91
09/03/2019,CAE,SC,ASO,ES,Combined TRACON& Tower with Radar,40,51,37,4,132,0,0,18,0,18,40,51,55,4,150,2,0,2,152
09/04/2019,CAE,SC,ASO,ES,Combined TRACON& Tower with Radar,43,49,44,2,138,0,1,10,0,11,43,50,54,2,149,0,0,0,149
09/05/2019,CAE,SC,ASO,ES,Combined TRACON& Tower with Radar,46,44,9,1,100,0,0,1,1,2,46,44,10,2,102,0,0,0,102
09/06/2019,CAE,SC,ASO,ES,Combined TRACON& Tower with Radar,39,54,22,1,116,0,0,31,7,38,39,54,53,8,154,26,0,26,180
09/07/2019,CAE,SC,ASO,ES,Combined TRACON& Tower with Radar,30,30,25,1,86,0,0,20,0,20,30,30,45,1,106,6,0,6,112
09/08/2019,CAE,SC,ASO,ES,Combined TRACON& Tower with Radar,34,29,22,0,85,0,0,16,0,16,34,29,38,0,101,8,0,8,109
09/09/2019,CAE,SC,ASO,ES,Combined TRACON& Tower with Radar,44,53,27,4,128,0,0,15,0,15,44,53,42,4,143,0,0,0,143
09/10/2019,CAE,SC,ASO,ES,Combined TRACON& Tower with Radar,52,65,49,16,182,0,0,9,1,10,52,65,58,17,192,0,16,16,208
09/11/2019,CAE,SC,ASO,ES,Combined TRACON& Tower with Radar,49,80,45,17,191,0,0,21,3,24,49,80,66,20,215,6,12,18,233
09/12/2019,CAE,SC,ASO,ES,Combined TRACON& Tower with Radar,49,60,34,9,152,0,0,16,0,16,49,60,50,9,168,2,0,2,170
09/13/2019,CAE,SC,ASO,ES,Combined TRACON& Tower with Radar,54,63,28,14,159,0,0,11,1,12,54,63,39,15,171,0,27,27,198
09/14/2019,CAE,SC,ASO,ES,Combined TRACON& Tower with Radar,32,36,35,0,103,0,0,5,0,5,32,36,40,0,108,0,0,0,108
09/15/2019,CAE,SC,ASO,ES,Combined TRACON& Tower with Radar,35,35,25,1,96,0,0,15,0,15,35,35,40,1,111,0,0,0,111
09/16/2019,CAE,SC,ASO,ES,Combined TRACON& Tower with Radar,42,57,19,27,145,0,2,14,0,16,42,59,33,27,161,22,12,34,195
09/17/2019,CAE,SC,ASO,ES,Combined TRACON& Tower with Radar,46,54,41,27,168,0,1,19,3,23,46,55,60,30,191,0,12,12,203
09/18/2019,CAE,SC,ASO,ES,Combined TRACON& Tower with Radar,48,61,42,9,160,0,0,24,5,29,48,61,66,14,189,26,18,44,233
09/19/2019,CAE,SC,ASO,ES,Combined TRACON& Tower with Radar,50,65,60,13,188,0,0,16,1,17,50,65,76,14,205,6,18,24,229
09/20/2019,CAE,SC,ASO,ES,Combined TRACON& Tower with Radar,45,56,35,20,156,0,2,23,0,25,45,58,58,20,181,4,38,42,223
09/21/2019,CAE,SC,ASO,ES,Combined TRACON& Tower with Radar,32,33,33,1,99,1,0,22,0,23,33,33,55,1,122,12,0,12,134
09/22/2019,CAE,SC,ASO,ES,Combined TRACON& Tower with Radar,37,36,28,1,102,0,1,17,0,18,37,37,45,1,120,0,0,0,120
09/23/2019,CAE,SC,ASO,ES,Combined TRACON& Tower with Radar,41,48,39,19,147,0,0,24,1,25,41,48,63,20,172,0,36,36,208
09/24/2019,CAE,SC,ASO,ES,Combined TRACON& Tower with Radar,51,57,26,0,134,0,0,19,0,19,51,57,45,0,153,0,0,0,153
09/25/2019,CAE,SC,ASO,ES,Combined TRACON& Tower with Radar,49,57,30,16,152,0,0,18,0,18,49,57,48,16,170,10,26,36,206
09/26/2019,CAE,SC,ASO,ES,Combined TRACON& Tower with Radar,49,52,49,19,169,0,0,10,0,10,49,52,59,19,179,6,14,20,199
09/27/2019,CAE,SC,ASO,ES,Combined TRACON& Tower with Radar,45,61,39,4,149,0,0,9,0,9,45,61,48,4,158,0,0,0,158
09/28/2019,CAE,SC,ASO,ES,Combined TRACON& Tower with Radar,38,37,34,0,109,0,0,57,0,57,38,37,91,0,166,34,0,34,200
09/29/2019,CAE,SC,ASO,ES,Combined TRACON& Tower with Radar,34,36,26,2,98,0,0,21,0,21,34,36,47,2,119,0,0,0,119
09/30/2019,CAE,SC,ASO,ES,Combined TRACON& Tower with Radar,43,51,30,16,140,0,0,16,7,23,43,51,46,23,163,2,14,16,179
10/01/2019,CAE,SC,ASO,ES,Combined TRACON& Tower with Radar,48,55,29,10,142,0,0,5,0,5,48,55,34,10,147,10,6,16,163
10/02/2019,CAE,SC,ASO,ES,Combined TRACON& Tower with Radar,47,58,27,8,140,0,2,19,0,21,47,60,46,8,161,6,30,36,197
10/03/2019,CAE,SC,ASO,ES,Combined TRACON& Tower with Radar,49,58,28,12,147,0,0,15,6,21,49,58,43,18,168,6,0,6,174
10/04/2019,CAE,SC,ASO,ES,Combined TRACON& Tower with Radar,47,58,29,22,156,0,0,19,0,19,47,58,48,22,175,4,34,38,213
10/05/2019,CAE,SC,ASO,ES,Combined TRACON& Tower with Radar,31,32,14,0,77,0,0,3,0,3,31,32,17,0,80,0,0,0,80
10/06/2019,CAE,SC,ASO,ES,Combined TRACON& Tower with Radar,33,29,26,23,111,0,0,13,5,18,33,29,39,28,129,2,34,36,165
10/07/2019,CAE,SC,ASO,ES,Combined TRACON& Tower with Radar,44,55,27,25,151,0,1,9,0,10,44,56,36,25,161,2,20,22,183
10/08/2019,CAE,SC,ASO,ES,Combined TRACON& Tower with Radar,47,57,46,21,171,0,0,9,0,9,47,57,55,21,180,18,28,46,226
10/09/2019,CAE,SC,ASO,ES,Combined TRACON& Tower with Radar,47,62,35,2,146,0,0,20,0,20,47,62,55,2,166,6,0,6,172
10/10/2019,CAE,SC,ASO,ES,Combined TRACON& Tower with Radar,50,63,33,6,152,0,0,31,0,31,50,63,64,6,183,4,18,22,205
10/11/2019,CAE,SC,ASO,ES,Combined TRACON& Tower with Radar,47,57,26,0,130,0,0,28,0,28,47,57,54,0,158,10,0,10,168
10/12/2019,CAE,SC,ASO,ES,Combined TRACON& Tower with Radar,30,31,24,0,85,0,0,31,2,33,30,31,55,2,118,0,0,0,118
10/13/2019,CAE,SC,ASO,ES,Combined TRACON& Tower with Radar,32,33,29,0,94,0,0,19,0,19,32,33,48,0,113,14,0,14,127
10/14/2019,CAE,SC,ASO,ES,Combined TRACON& Tower with Radar,43,52,42,0,137,0,1,6,0,7,43,53,48,0,144,0,0,0,144
10/15/2019,CAE,SC,ASO,ES,Combined TRACON& Tower with Radar,49,64,29,2,144,0,0,8,0,8,49,64,37,2,152,0,0,0,152
10/16/2019,CAE,SC,ASO,ES,Combined TRACON& Tower with Radar,48,57,35,14,154,0,0,1,0,1,48,57,36,14,155,0,14,14,169
10/17/2019,CAE,SC,ASO,ES,Combined TRACON& Tower with Radar,49,62,33,9,153,0,2,14,1,17,49,64,47,10,170,0,20,20,190
10/18/2019,CAE,SC,ASO,ES,Combined TRACON& Tower with Radar,48,53,54,2,157,0,0,23,0,23,48,53,77,2,180,14,22,36,216
10/19/2019,CAE,SC,ASO,ES,Combined TRACON& Tower with Radar,33,34,8,0,75,0,0,1,0,1,33,34,9,0,76,0,0,0,76
10/20/2019,CAE,SC,ASO,ES,Combined TRACON& Tower with Radar,33,32,26,16,107,0,0,6,0,6,33,32,32,16,113,16,0,16,129
10/21/2019,CAE,SC,ASO,ES,Combined TRACON& Tower with Radar,42,65,28,35,170,0,0,17,3,20,42,65,45,38,190,0,46,46,236
10/22/2019,CAE,SC,ASO,ES,Combined TRACON& Tower with Radar,47,62,30,3,142,0,0,0,4,4,47,62,30,7,146,6,0,6,152
10/23/2019,CAE,SC,ASO,ES,Combined TRACON& Tower with Radar,50,56,44,13,163,0,2,14,5,21,50,58,58,18,184,0,0,0,184
10/24/2019,CAE,SC,ASO,ES,Combined TRACON& Tower with Radar,47,70,38,6,161,0,2,26,2,30,47,72,64,8,191,6,0,6,197
10/25/2019,CAE,SC,ASO,ES,Combined TRACON& Tower with Radar,45,52,37,19,153,0,0,12,0,12,45,52,49,19,165,0,0,0,165
10/26/2019,CAE,SC,ASO,ES,Combined TRACON& Tower with Radar,34,38,19,6,97,0,0,9,1,10,34,38,28,7,107,6,0,6,113
10/27/2019,CAE,SC,ASO,ES,Combined TRACON& Tower with Radar,39,37,20,0,96,0,1,6,0,7,39,38,26,0,103,0,0,0,103
10/28/2019,CAE,SC,ASO,ES,Combined TRACON& Tower with Radar,39,51,45,18,153,0,1,33,5,39,39,52,78,23,192,14,4,18,210
10/29/2019,CAE,SC,ASO,ES,Combined TRACON& Tower with Radar,47,55,29,0,131,0,0,0,0,0,47,55,29,0,131,0,0,0,131
10/30/2019,CAE,SC,ASO,ES,Combined TRACON& Tower with Radar,43,53,32,11,139,0,0,2,0,2,43,53,34,11,141,0,0,0,141
10/31/2019,CAE,SC,ASO,ES,Combined TRACON& Tower with Radar,47,55,19,1,122,0,0,4,0,4,47,55,23,1,126,0,0,0,126
11/01/2019,CAE,SC,ASO,ES,Combined TRACON& Tower with Radar,41,56,30,4,131,0,0,35,0,35,41,56,65,4,166,2,0,2,168
11/02/2019,CAE,SC,ASO,ES,Combined TRACON& Tower with Radar,33,31,23,0,87,0,0,29,0,29,33,31,52,0,116,0,0,0,116
11/03/2019,CAE,SC,ASO,ES,Combined TRACON& Tower with Radar,34,32,16,0,82,0,0,34,0,34,34,32,50,0,116,4,0,4,120
11/04/2019,CAE,SC,ASO,ES,Combined TRACON& Tower with Radar,43,47,37,10,137,0,0,17,0,17,43,47,54,10,154,6,18,24,178
11/05/2019,CAE,SC,ASO,ES,Combined TRACON& Tower with Radar,47,83,19,0,149,0,1,22,2,25,47,84,41,2,174,0,0,0,174
11/06/2019,CAE,SC,ASO,ES,Combined TRACON& Tower with Radar,44,57,41,0,142,0,0,21,3,24,44,57,62,3,166,2,0,2,168
11/07/2019,CAE,SC,ASO,ES,Combined TRACON& Tower with Radar,46,66,45,9,166,0,0,18,2,20,46,66,63,11,186,8,0,8,194
11/08/2019,CAE,SC,ASO,ES,Combined TRACON& Tower with Radar,47,53,29,7,136,0,0,16,0,16,47,53,45,7,152,0,0,0,152
11/09/2019,CAE,SC,ASO,ES,Combined TRACON& Tower with Radar,33,29,15,0,77,0,0,37,0,37,33,29,52,0,114,0,0,0,114
11/10/2019,CAE,SC,ASO,ES,Combined TRACON& Tower with Radar,34,37,21,1,93,0,6,19,0,25,34,43,40,1,118,0,0,0,118
11/11/2019,CAE,SC,ASO,ES,Combined TRACON& Tower with Radar,38,48,27,0,113,0,2,13,0,15,38,50,40,0,128,0,0,0,128
11/12/2019,CAE,SC,ASO,ES,Combined TRACON& Tower with Radar,48,62,28,0,138,0,0,1,0,1,48,62,29,0,139,0,0,0,139
11/13/2019,CAE,SC,ASO,ES,Combined TRACON& Tower with Radar,49,61,41,19,170,0,0,18,2,20,49,61,59,21,190,0,34,34,224
11/14/2019,CAE,SC,ASO,ES,Combined TRACON& Tower with Radar,50,60,31,8,149,0,0,7,0,7,50,60,38,8,156,0,0,0,156
11/15/2019,CAE,SC,ASO,ES,Combined TRACON& Tower with Radar,43,61,26,2,132,0,0,0,0,0,43,61,26,2,132,0,0,0,132
11/16/2019,CAE,SC,ASO,ES,Combined TRACON& Tower with Radar,33,30,10,0,73,0,0,1,0,1,33,30,11,0,74,0,0,0,74
11/17/2019,CAE,SC,ASO,ES,Combined TRACON& Tower with Radar,34,29,23,10,96,0,2,25,0,27,34,31,48,10,123,30,0,30,153
11/18/2019,CAE,SC,ASO,ES,Combined TRACON& Tower with Radar,38,52,30,12,132,0,0,2,0,2,38,52,32,12,134,22,0,22,156
11/19/2019,CAE,SC,ASO,ES,Combined TRACON& Tower with Radar,51,58,41,5,155,0,0,15,0,15,51,58,56,5,170,0,0,0,170
11/20/2019,CAE,SC,ASO,ES,Combined TRACON& Tower with Radar,50,61,35,20,166,0,0,32,6,38,50,61,67,26,204,4,28,32,236
11/21/2019,CAE,SC,ASO,ES,Combined TRACON& Tower with Radar,48,63,49,12,172,0,0,20,2,22,48,63,69,14,194,24,18,42,236
11/22/2019,CAE,SC,ASO,ES,Combined TRACON& Tower with Radar,42,60,27,2,131,0,0,19,0,19,42,60,46,2,150,0,0,0,150
11/23/2019,CAE,SC,ASO,ES,Combined TRACON& Tower with Radar,38,42,11,0,91,0,0,1,0,1,38,42,12,0,92,0,0,0,92
11/24/2019,CAE,SC,ASO,ES,Combined TRACON& Tower with Radar,34,34,23,0,91,0,0,21,0,21,34,34,44,0,112,6,0,6,118
11/25/2019,CAE,SC,ASO,ES,Combined TRACON& Tower with Radar,41,55,29,20,145,0,0,29,0,29,41,55,58,20,174,30,22,52,226
11/26/2019,CAE,SC,ASO,ES,Combined TRACON& Tower with Radar,62,68,36,11,177,0,2,30,0,32,62,70,66,11,209,0,4,4,213
11/27/2019,CAE,SC,ASO,ES,Combined TRACON& Tower with Radar,55,71,21,0,147,0,0,4,2,6,55,71,25,2,153,0,0,0,153
11/28/2019,CAE,SC,ASO,ES,Combined TRACON& Tower with Radar,20,20,6,0,46,0,0,4,0,4,20,20,10,0,50,0,0,0,50
11/29/2019,CAE,SC,ASO,ES,Combined TRACON& Tower with Radar,27,52,24,0,103,0,0,16,0,16,27,52,40,0,119,0,0,0,119
11/30/2019,CAE,SC,ASO,ES,Combined TRACON& Tower with Radar,34,45,24,0,103,0,0,18,0,18,34,45,42,0,121,12,0,12,133
12/01/2019,CAE,SC,ASO,ES,Combined TRACON& Tower with Radar,36,47,24,0,107,0,0,4,0,4,36,47,28,0,111,0,0,0,111
12/02/2019,CAE,SC,ASO,ES,Combined TRACON& Tower with Radar,46,65,23,24,158,0,3,13,3,19,46,68,36,27,177,28,38,66,243
12/03/2019,CAE,SC,ASO,ES,Combined TRACON& Tower with Radar,61,62,24,9,156,0,2,17,1,20,61,64,41,10,176,10,12,22,198
12/04/2019,CAE,SC,ASO,ES,Combined TRACON& Tower with Radar,58,70,41,13,182,0,0,31,2,33,58,70,72,15,215,0,10,10,225
12/05/2019,CAE,SC,ASO,ES,Combined TRACON& Tower with Radar,62,68,34,34,198,0,0,18,2,20,62,68,52,36,218,28,38,66,284
12/06/2019,CAE,SC,ASO,ES,Combined TRACON& Tower with Radar,54,61,28,10,153,0,0,16,0,16,54,61,44,10,169,12,10,22,191
12/07/2019,CAE,SC,ASO,ES,Combined TRACON& Tower with Radar,32,28,29,0,89,0,2,19,0,21,32,30,48,0,110,6,0,6,116
12/08/2019,CAE,SC,ASO,ES,Combined TRACON& Tower with Radar,33,32,12,0,77,0,0,16,0,16,33,32,28,0,93,8,0,8,101
12/09/2019,CAE,SC,ASO,ES,Combined TRACON& Tower with Radar,45,52,33,24,154,0,0,1,0,1,45,52,34,24,155,0,10,10,165
12/10/2019,CAE,SC,ASO,ES,Combined TRACON& Tower with Radar,72,56,39,2,169,0,0,10,0,10,72,56,49,2,179,0,0,0,179
12/11/2019,CAE,SC,ASO,ES,Combined TRACON& Tower with Radar,66,72,53,17,208,0,0,13,5,18,66,72,66,22,226,36,22,58,284
12/12/2019,CAE,SC,ASO,ES,Combined TRACON& Tower with Radar,73,64,43,24,204,0,1,33,4,38,73,65,76,28,242,2,26,28,270
12/13/2019,CAE,SC,ASO,ES,Combined TRACON& Tower with Radar,54,65,20,2,141,0,0,0,0,0,54,65,20,2,141,0,0,0,141
12/14/2019,CAE,SC,ASO,ES,Combined TRACON& Tower with Radar,37,31,17,1,86,0,0,1,0,1,37,31,18,1,87,0,0,0,87
12/15/2019,CAE,SC,ASO,ES,Combined TRACON& Tower with Radar,31,36,19,6,92,0,0,17,0,17,31,36,36,6,109,0,0,0,109
12/16/2019,CAE,SC,ASO,ES,Combined TRACON& Tower with Radar,44,61,41,2,148,0,0,17,0,17,44,61,58,2,165,8,0,8,173
12/17/2019,CAE,SC,ASO,ES,Combined TRACON& Tower with Radar,67,55,23,12,157,0,0,0,0,0,67,55,23,12,157,0,0,0,157
12/18/2019,CAE,SC,ASO,ES,Combined TRACON& Tower with Radar,66,63,37,18,184,0,0,25,0,25,66,63,62,18,209,28,22,50,259
12/19/2019,CAE,SC,ASO,ES,Combined TRACON& Tower with Radar,77,64,38,8,187,0,2,22,2,26,77,66,60,10,213,6,0,6,219
12/20/2019,CAE,SC,ASO,ES,Combined TRACON& Tower with Radar,78,55,45,3,181,0,0,27,1,28,78,55,72,4,209,0,4,4,213
12/21/2019,CAE,SC,ASO,ES,Combined TRACON& Tower with Radar,59,51,30,0,140,0,0,26,0,26,59,51,56,0,166,6,0,6,172
12/22/2019,CAE,SC,ASO,ES,Combined TRACON& Tower with Radar,46,42,4,0,92,0,0,0,0,0,46,42,4,0,92,2,0,2,94
12/23/2019,CAE,SC,ASO,ES,Combined TRACON& Tower with Radar,59,59,21,0,139,0,0,0,0,0,59,59,21,0,139,0,0,0,139
12/24/2019,CAE,SC,ASO,ES,Combined TRACON& Tower with Radar,46,46,16,0,108,0,0,12,0,12,46,46,28,0,120,0,0,0,120
12/25/2019,CAE,SC,ASO,ES,Combined TRACON& Tower with Radar,24,24,12,0,60,0,0,7,0,7,24,24,19,0,67,0,0,0,67
12/26/2019,CAE,SC,ASO,ES,Combined TRACON& Tower with Radar,40,56,39,0,135,0,1,20,0,21,40,57,59,0,156,0,0,0,156
12/27/2019,CAE,SC,ASO,ES,Combined TRACON& Tower with Radar,45,64,23,0,132,0,0,6,0,6,45,64,29,0,138,0,0,0,138
12/28/2019,CAE,SC,ASO,ES,Combined TRACON& Tower with Radar,28,43,19,0,90,0,0,15,0,15,28,43,34,0,105,0,0,0,105
12/29/2019,CAE,SC,ASO,ES,Combined TRACON& Tower with Radar,38,35,15,0,88,0,0,1,0,1,38,35,16,0,89,0,0,0,89
12/30/2019,CAE,SC,ASO,ES,Combined TRACON& Tower with Radar,40,52,27,2,121,0,0,7,0,7,40,52,34,2,128,0,0,0,128
12/31/2019,CAE,SC,ASO,ES,Combined TRACON& Tower with Radar,43,55,14,2,114,0,0,6,0,6,43,55,20,2,120,0,0,0,120
01/01/2020,CAE,SC,ASO,ES,Combined TRACON& Tower with Radar,23,33,10,0,66,0,0,7,0,7,23,33,17,0,73,0,0,0,73
01/02/2020,CAE,SC,ASO,ES,Combined TRACON& Tower with Radar,40,64,29,7,140,0,0,13,1,14,40,64,42,8,154,6,15,21,175
01/03/2020,CAE,SC,ASO,ES,Combined TRACON& Tower with Radar,50,48,20,2,120,0,0,4,0,4,50,48,24,2,124,0,0,0,124
01/04/2020,CAE,SC,ASO,ES,Combined TRACON& Tower with Radar,31,40,14,0,85,0,0,5,0,5,31,40,19,0,90,0,0,0,90
01/05/2020,CAE,SC,ASO,ES,Combined TRACON& Tower with Radar,32,37,27,2,98,0,0,25,0,25,32,37,52,2,123,4,0,4,127
01/06/2020,CAE,SC,ASO,ES,Combined TRACON& Tower with Radar,47,45,16,18,126,0,0,33,0,33,47,45,49,18,159,14,16,30,189
01/07/2020,CAE,SC,ASO,ES,Combined TRACON& Tower with Radar,55,53,31,2,141,0,0,3,0,3,55,53,34,2,144,0,0,0,144
01/08/2020,CAE,SC,ASO,ES,Combined TRACON& Tower with Radar,51,54,38,13,156,0,0,26,5,31,51,54,64,18,187,0,67,67,254
01/09/2020,CAE,SC,ASO,ES,Combined TRACON& Tower with Radar,56,64,28,17,165,0,0,28,2,30,56,64,56,19,195,0,12,12,207
01/10/2020,CAE,SC,ASO,ES,Combined TRACON& Tower with Radar,44,58,20,2,124,0,0,12,0,12,44,58,32,2,136,10,0,10,146
01/11/2020,CAE,SC,ASO,ES,Combined TRACON& Tower with Radar,38,24,13,2,77,0,0,0,0,0,38,24,13,2,77,0,0,0,77
01/12/2020,CAE,SC,ASO,ES,Combined TRACON& Tower with Radar,38,37,28,0,103,0,0,0,0,0,38,37,28,0,103,0,0,0,103
01/13/2020,CAE,SC,ASO,ES,Combined TRACON& Tower with Radar,45,49,24,0,118,0,0,0,0,0,45,49,24,0,118,0,0,0,118
01/14/2020,CAE,SC,ASO,ES,Combined TRACON& Tower with Radar,55,56,37,20,168,0,0,0,0,0,55,56,37,20,168,0,28,28,196
01/15/2020,CAE,SC,ASO,ES,Combined TRACON& Tower with Radar,53,62,47,18,180,0,3,10,2,15,53,65,57,20,195,6,28,34,229
01/16/2020,CAE,SC,ASO,ES,Combined TRACON& Tower with Radar,53,61,48,0,162,0,4,21,0,25,53,65,69,0,187,8,0,8,195
01/17/2020,CAE,SC,ASO,ES,Combined TRACON& Tower with Radar,51,58,28,6,143,0,0,22,0,22,51,58,50,6,165,0,10,10,175
01/18/2020,CAE,SC,ASO,ES,Combined TRACON& Tower with Radar,30,30,10,0,70,0,0,8,0,8,30,30,18,0,78,0,0,0,78
01/19/2020,CAE,SC,ASO,ES,Combined TRACON& Tower with Radar,35,25,22,4,86,0,0,13,0,13,35,25,35,4,99,0,0,0,99
01/20/2020,CAE,SC,ASO,ES,Combined TRACON& Tower with Radar,43,49,43,4,139,0,1,21,1,23,43,50,64,5,162,8,0,8,170
01/21/2020,CAE,SC,ASO,ES,Combined TRACON& Tower with Radar,56,64,34,0,154,0,2,17,4,23,56,66,51,4,177,2,0,2,179
01/22/2020,CAE,SC,ASO,ES,Combined TRACON& Tower with Radar,54,58,39,12,163,0,0,26,4,30,54,58,65,16,193,12,18,30,223
01/23/2020,CAE,SC,ASO,ES,Combined TRACON& Tower with Radar,55,57,46,4,162,0,0,18,0,18,55,57,64,4,180,0,0,0,180
01/24/2020,CAE,SC,ASO,ES,Combined TRACON& Tower with Radar,50,57,23,2,132,0,0,0,0,0,50,57,23,2,132,0,0,0,132
01/25/2020,CAE,SC,ASO,ES,Combined TRACON& Tower with Radar,36,29,18,2,85,0,0,23,0,23,36,29,41,2,108,12,26,38,146
01/26/2020,CAE,SC,ASO,ES,Combined TRACON& Tower with Radar,39,33,22,2,96,0,0,38,0,38,39,33,60,2,134,0,0,0,134
01/27/2020,CAE,SC,ASO,ES,Combined TRACON& Tower with Radar,44,48,26,30,148,0,0,7,0,7,44,48,33,30,155,22,52,74,229
01/28/2020,CAE,SC,ASO,ES,Combined TRACON& Tower with Radar,52,54,42,10,158,0,2,36,2,40,52,56,78,12,198,4,12,16,214
01/29/2020,CAE,SC,ASO,ES,Combined TRACON& Tower with Radar,52,57,55,0,164,0,0,24,0,24,52,57,79,0,188,6,0,6,194
01/30/2020,CAE,SC,ASO,ES,Combined TRACON& Tower with Radar,50,74,46,21,191,0,3,19,2,24,50,77,65,23,215,4,14,18,233
01/31/2020,CAE,SC,ASO,ES,Combined TRACON& Tower with Radar,48,55,19,6,128,0,0,1,0,1,48,55,20,6,129,0,0,0,129
02/01/2020,CAE,SC,ASO,ES,Combined TRACON& Tower with Radar,35,30,32,2,99,0,0,0,0,0,35,30,32,2,99,0,0,0,99
02/02/2020,CAE,SC,ASO,ES,Combined TRACON& Tower with Radar,37,27,24,4,92,0,0,29,0,29,37,27,53,4,121,0,0,0,121
02/03/2020,CAE,SC,ASO,ES,Combined TRACON& Tower with Radar,45,55,33,2,135,0,0,34,0,34,45,55,67,2,169,4,0,4,173
02/04/2020,CAE,SC,ASO,ES,Combined TRACON& Tower with Radar,52,58,37,6,153,0,0,28,0,28,52,58,65,6,181,30,0,30,211
02/05/2020,CAE,SC,ASO,ES,Combined TRACON& Tower with Radar,51,65,44,13,173,0,0,12,4,16,51,65,56,17,189,12,0,12,201
02/06/2020,CAE,SC,ASO,ES,Combined TRACON& Tower with Radar,46,49,15,0,110,0,0,0,0,0,46,49,15,0,110,0,0,0,110
02/07/2020,CAE,SC,ASO,ES,Combined TRACON& Tower with Radar,46,53,25,29,153,0,0,1,0,1,46,53,26,29,154,0,14,14,168
02/08/2020,CAE,SC,ASO,ES,Combined TRACON& Tower with Radar,30,28,13,10,81,0,0,32,0,32,30,28,45,10,113,26,10,36,149
02/09/2020,CAE,SC,ASO,ES,Combined TRACON& Tower with Radar,37,34,29,0,100,0,0,23,1,24,37,34,52,1,124,2,0,2,126
02/10/2020,CAE,SC,ASO,ES,Combined TRACON& Tower with Radar,45,51,30,0,126,0,0,18,1,19,45,51,48,1,145,0,0,0,145
02/11/2020,CAE,SC,ASO,ES,Combined TRACON& Tower with Radar,55,54,35,6,150,0,0,4,2,6,55,54,39,8,156,0,0,0,156
02/12/2020,CAE,SC,ASO,ES,Combined TRACON& Tower with Radar,55,49,40,12,156,0,0,12,1,13,55,49,52,13,169,0,10,10,179
02/13/2020,CAE,SC,ASO,ES,Combined TRACON& Tower with Radar,62,58,22,3,145,0,0,6,0,6,62,58,28,3,151,0,0,0,151
02/14/2020,CAE,SC,ASO,ES,Combined TRACON& Tower with Radar,55,50,28,6,139,0,2,27,3,32,55,52,55,9,171,8,18,26,197
02/15/2020,CAE,SC,ASO,ES,Combined TRACON& Tower with Radar,34,34,29,0,97,0,2,27,0,29,34,36,56,0,126,0,0,0,126
02/16/2020,CAE,SC,ASO,ES,Combined TRACON& Tower with Radar,34,32,11,0,77,0,0,1,0,1,34,32,12,0,78,0,0,0,78
02/17/2020,CAE,SC,ASO,ES,Combined TRACON& Tower with Radar,49,51,46,0,146,0,0,21,0,21,49,51,67,0,167,0,0,0,167
02/18/2020,CAE,SC,ASO,ES,Combined TRACON& Tower with Radar,54,55,37,0,146,0,0,0,0,0,54,55,37,0,146,0,0,0,146
02/19/2020,CAE,SC,ASO,ES,Combined TRACON& Tower with Radar,55,56,39,0,150,0,0,0,0,0,55,56,39,0,150,0,0,0,150
02/20/2020,CAE,SC,ASO,ES,Combined TRACON& Tower with Radar,61,52,32,0,145,0,0,4,0,4,61,52,36,0,149,0,0,0,149
02/21/2020,CAE,SC,ASO,ES,Combined TRACON& Tower with Radar,55,48,25,24,152,0,1,21,2,24,55,49,46,26,176,0,64,64,240
02/22/2020,CAE,SC,ASO,ES,Combined TRACON& Tower with Radar,34,29,23,6,92,0,0,11,0,11,34,29,34,6,103,18,16,34,137
02/23/2020,CAE,SC,ASO,ES,Combined TRACON& Tower with Radar,45,29,22,0,96,0,2,25,0,27,45,31,47,0,123,8,0,8,131
02/24/2020,CAE,SC,ASO,ES,Combined TRACON& Tower with Radar,50,53,21,6,130,0,0,4,0,4,50,53,25,6,134,4,8,12,146
02/25/2020,CAE,SC,ASO,ES,Combined TRACON& Tower with Radar,54,54,35,16,159,0,0,0,0,0,54,54,35,16,159,0,0,0,159
02/26/2020,CAE,SC,ASO,ES,Combined TRACON& Tower with Radar,57,62,34,6,159,0,2,1,0,3,57,64,35,6,162,0,14,14,176
02/27/2020,CAE,SC,ASO,ES,Combined TRACON& Tower with Radar,56,56,41,9,162,0,0,23,3,26,56,56,64,12,188,0,12,12,200
02/28/2020,CAE,SC,ASO,ES,Combined TRACON& Tower with Radar,56,52,30,36,174,0,0,26,8,34,56,52,56,44,208,24,44,68,276
02/29/2020,CAE,SC,ASO,ES,Combined TRACON& Tower with Radar,37,31,26,0,94,0,2,35,0,37,37,33,61,0,131,0,0,0,131
03/01/2020,CAE,SC,ASO,ES,Combined TRACON& Tower with Radar,43,33,25,1,102,0,4,44,0,48,43,37,69,1,150,12,0,12,162
03/02/2020,CAE,SC,ASO,ES,Combined TRACON& Tower with Radar,48,49,26,10,133,0,0,9,1,10,48,49,35,11,143,0,8,8,151
03/03/2020,CAE,SC,ASO,ES,Combined TRACON& Tower with Radar,54,59,20,0,133,0,0,1,0,1,54,59,21,0,134,0,0,0,134
03/04/2020,CAE,SC,ASO,ES,Combined TRACON& Tower with Radar,55,57,32,0,144,0,0,4,0,4,55,57,36,0,148,0,0,0,148
03/05/2020,CAE,SC,ASO,ES,Combined TRACON& Tower with Radar,59,51,30,1,141,0,0,2,0,2,59,51,32,1,143,0,0,0,143
03/06/2020,CAE,SC,ASO,ES,Combined TRACON& Tower with Radar,53,49,20,21,143,0,1,11,0,12,53,50,31,21,155,0,0,0,155
03/07/2020,CAE,SC,ASO,ES,Combined TRACON& Tower with Radar,34,32,21,1,88,0,1,31,0,32,34,33,52,1,120,8,0,8,128
03/08/2020,CAE,SC,ASO,ES,Combined TRACON& Tower with Radar,39,30,28,10,107,0,0,16,2,18,39,30,44,12,125,14,0,14,139
03/09/2020,CAE,SC,ASO,ES,Combined TRACON& Tower with Radar,49,43,39,13,144,0,0,20,0,20,49,43,59,13,164,0,2,2,166
03/10/2020,CAE,SC,ASO,ES,Combined TRACON& Tower with Radar,57,47,25,22,151,0,0,9,2,11,57,47,34,24,162,2,16,18,180
03/11/2020,CAE,SC,ASO,ES,Combined TRACON& Tower with Radar,56,48,31,44,179,0,0,15,0,15,56,48,46,44,194,0,46,46,240
03/12/2020,CAE,SC,ASO,ES,Combined TRACON& Tower with Radar,57,49,40,12,158,0,0,14,0,14,57,49,54,12,172,0,16,16,188
03/13/2020,CAE,SC,ASO,ES,Combined TRACON& Tower with Radar,50,46,32,12,140,0,0,16,5,21,50,46,48,17,161,0,0,0,161
03/14/2020,CAE,SC,ASO,ES,Combined TRACON& Tower with Radar,36,29,24,2,91,0,0,18,2,20,36,29,42,4,111,0,0,0,111
03/15/2020,CAE,SC,ASO,ES,Combined TRACON& Tower with Radar,42,26,23,0,91,0,0,16,0,16,42,26,39,0,107,0,0,0,107
03/16/2020,CAE,SC,ASO,ES,Combined TRACON& Tower with Radar,48,41,12,0,101,0,0,6,0,6,48,41,18,0,107,0,0,0,107
03/17/2020,CAE,SC,ASO,ES,Combined TRACON& Tower with Radar,54,54,21,2,131,0,0,2,0,2,54,54,23,2,133,6,0,6,139
03/18/2020,CAE,SC,ASO,ES,Combined TRACON& Tower with Radar,57,45,32,6,140,0,0,7,2,9,57,45,39,8,149,0,0,0,149
03/19/2020,CAE,SC,ASO,ES,Combined TRACON& Tower with Radar,54,48,21,19,142,0,0,13,2,15,54,48,34,21,157,0,26,26,183
03/20/2020,CAE,SC,ASO,ES,Combined TRACON& Tower with Radar,47,49,19,10,125,0,0,7,0,7,47,49,26,10,132,0,14,14,146
03/21/2020,CAE,SC,ASO,ES,Combined TRACON& Tower with Radar,33,22,12,2,69,0,0,23,0,23,33,22,35,2,92,30,0,30,122
03/22/2020,CAE,SC,ASO,ES,Combined TRACON& Tower with Radar,34,22,8,0,64,0,0,3,0,3,34,22,11,0,67,0,0,0,67
03/23/2020,CAE,SC,ASO,ES,Combined TRACON& Tower with Radar,41,33,6,10,90,0,0,0,0,0,41,33,6,10,90,0,0,0,90
03/24/2020,CAE,SC,ASO,ES,Combined TRACON& Tower with Radar,39,39,12,14,104,0,0,0,0,0,39,39,12,14,104,0,0,0,104
03/25/2020,CAE,SC,ASO,ES,Combined TRACON& Tower with Radar,27,41,12,0,80,0,0,14,2,16,27,41,26,2,96,0,0,0,96
03/26/2020,CAE,SC,ASO,ES,Combined TRACON& Tower with Radar,30,31,24,6,91,0,0,21,0,21,30,31,45,6,112,6,18,24,136
03/27/2020,CAE,SC,ASO,ES,Combined TRACON& Tower with Radar,25,36,13,12,86,0,0,10,0,10,25,36,23,12,96,0,20,20,116
03/28/2020,CAE,SC,ASO,ES,Combined TRACON& Tower with Radar,18,18,7,0,43,0,0,17,1,18,18,18,24,1,61,0,0,0,61
03/29/2020,CAE,SC,ASO,ES,Combined TRACON& Tower with Radar,18,17,8,0,43,0,0,6,0,6,18,17,14,0,49,0,0,0,49
03/30/2020,CAE,SC,ASO,ES,Combined TRACON& Tower with Radar,26,37,14,16,93,0,1,23,0,24,26,38,37,16,117,50,0,50,167
03/31/2020,CAE,SC,ASO,ES,Combined TRACON& Tower with Radar,28,39,7,2,76,0,0,3,0,3,28,39,10,2,79,7,0,7,86
04/01/2020,CAE,SC,ASO,ES,Combined TRACON& Tower with Radar,33,35,13,2,83,0,0,11,0,11,33,35,24,2,94,34,0,34,128
04/02/2020,CAE,SC,ASO,ES,Combined TRACON& Tower with Radar,32,31,12,0,75,0,0,17,0,17,32,31,29,0,92,16,0,16,108
04/03/2020,CAE,SC,ASO,ES,Combined TRACON& Tower with Radar,24,37,13,8,82,0,0,29,0,29,24,37,42,8,111,4,0,4,115
04/04/2020,CAE,SC,ASO,ES,Combined TRACON& Tower with Radar,19,11,17,0,47,0,0,23,0,23,19,11,40,0,70,16,0,16,86
04/05/2020,CAE,SC,ASO,ES,Combined TRACON& Tower with Radar,20,12,8,4,44,0,1,20,0,21,20,13,28,4,65,32,14,46,111
04/06/2020,CAE,SC,ASO,ES,Combined TRACON& Tower with Radar,29,27,21,8,85,0,0,7,0,7,29,27,28,8,92,40,0,40,132
04/07/2020,CAE,SC,ASO,ES,Combined TRACON& Tower with Radar,30,37,12,6,85,0,0,12,0,12,30,37,24,6,97,18,0,18,115
04/08/2020,CAE,SC,ASO,ES,Combined TRACON& Tower with Radar,31,33,11,19,94,0,0,15,0,15,31,33,26,19,109,20,0,20,129
04/09/2020,CAE,SC,ASO,ES,Combined TRACON& Tower with Radar,29,38,5,1,73,0,1,4,0,5,29,39,9,1,78,0,0,0,78
04/10/2020,CAE,SC,ASO,ES,Combined TRACON& Tower with Radar,24,32,16,16,88,0,0,17,0,17,24,32,33,16,105,10,0,10,115
04/11/2020,CAE,SC,ASO,ES,Combined TRACON& Tower with Radar,19,12,15,0,46,0,0,25,0,25,19,12,40,0,71,18,0,18,89
04/12/2020,CAE,SC,ASO,ES,Combined TRACON& Tower with Radar,20,7,2,0,29,0,0,0,0,0,20,7,2,0,29,0,0,0,29
04/13/2020,CAE,SC,ASO,ES,Combined TRACON& Tower with Radar,18,29,4,0,51,0,0,2,6,8,18,29,6,6,59,0,0,0,59
04/14/2020,CAE,SC,ASO,ES,Combined TRACON& Tower with Radar,30,34,15,22,101,0,1,17,8,26,30,35,32,30,127,8,2,10,137
04/15/2020,CAE,SC,ASO,ES,Combined TRACON& Tower with Radar,26,32,8,8,74,0,0,9,4,13,26,32,17,12,87,38,8,46,133
04/16/2020,CAE,SC,ASO,ES,Combined TRACON& Tower with Radar,25,30,22,14,91,0,0,21,0,21,25,30,43,14,112,10,10,20,132
04/17/2020,CAE,SC,ASO,ES,Combined TRACON& Tower with Radar,23,33,10,23,89,0,0,15,0,15,23,33,25,23,104,0,24,24,128
04/18/2020,CAE,SC,ASO,ES,Combined TRACON& Tower with Radar,15,15,5,10,45,0,0,11,0,11,15,15,16,10,56,0,34,34,90
04/19/2020,CAE,SC,ASO,ES,Combined TRACON& Tower with Radar,15,11,8,8,42,0,0,2,0,2,15,11,10,8,44,2,16,18,62
04/20/2020,CAE,SC,ASO,ES,Combined TRACON& Tower with Radar,19,23,12,2,56,0,0,5,0,5,19,23,17,2,61,0,0,0,61
04/21/2020,CAE,SC,ASO,ES,Combined TRACON& Tower with Radar,25,32,12,20,89,0,0,12,0,12,25,32,24,20,101,12,6,18,119
04/22/2020,CAE,SC,ASO,ES,Combined TRACON& Tower with Radar,24,31,16,1,72,0,0,33,0,33,24,31,49,1,105,34,0,34,139
04/23/2020,CAE,SC,ASO,ES,Combined TRACON& Tower with Radar,26,32,7,2,67,0,0,1,0,1,26,32,8,2,68,0,0,0,68
04/24/2020,CAE,SC,ASO,ES,Combined TRACON& Tower with Radar,24,33,12,35,104,0,0,8,2,10,24,33,20,37,114,0,24,24,138
04/25/2020,CAE,SC,ASO,ES,Combined TRACON& Tower with Radar,14,13,10,6,43,0,0,33,0,33,14,13,43,6,76,14,0,14,90
04/26/2020,CAE,SC,ASO,ES,Combined TRACON& Tower with Radar,9,8,3,5,25,0,0,9,0,9,9,8,12,5,34,0,0,0,34
04/27/2020,CAE,SC,ASO,ES,Combined TRACON& Tower with Radar,16,23,19,4,62,0,0,28,1,29,16,23,47,5,91,10,0,10,101
04/28/2020,CAE,SC,ASO,ES,Combined TRACON& Tower with Radar,19,29,7,22,77,0,0,22,0,22,19,29,29,22,99,0,12,12,111
04/29/2020,CAE,SC,ASO,ES,Combined TRACON& Tower with Radar,19,34,11,2,66,0,2,7,0,9,19,36,18,2,75,0,0,0,75
04/30/2020,CAE,SC,ASO,ES,Combined TRACON& Tower with Radar,27,31,12,27,97,0,0,9,0,9,27,31,21,27,106,28,44,72,178
05/01/2020,CAE,SC,ASO,ES,Combined TRACON& Tower with Radar,28,33,20,4,85,0,0,37,0,37,28,33,57,4,122,2,0,2,124
05/02/2020,CAE,SC,ASO,ES,Combined TRACON& Tower with Radar,9,13,14,2,38,0,0,21,0,21,9,13,35,2,59,4,0,4,63
05/03/2020,CAE,SC,ASO,ES,Combined TRACON& Tower with Radar,13,8,10,0,31,0,0,26,0,26,13,8,36,0,57,0,0,0,57
05/04/2020,CAE,SC,ASO,ES,Combined TRACON& Tower with Radar,17,27,11,2,57,0,1,17,0,18,17,28,28,2,75,14,0,14,89
05/05/2020,CAE,SC,ASO,ES,Combined TRACON& Tower with Radar,33,31,22,4,90,0,0,12,0,12,33,31,34,4,102,8,0,8,110
05/06/2020,CAE,SC,ASO,ES,Combined TRACON& Tower with Radar,21,33,17,8,79,0,0,9,6,15,21,33,26,14,94,0,0,0,94
05/07/2020,CAE,SC,ASO,ES,Combined TRACON& Tower with Radar,25,22,19,40,106,0,4,21,0,25,25,26,40,40,131,8,16,24,155
05/08/2020,CAE,SC,ASO,ES,Combined TRACON& Tower with Radar,31,28,12,25,96,0,1,13,2,16,31,29,25,27,112,6,38,44,156
05/09/2020,CAE,SC,ASO,ES,Combined TRACON& Tower with Radar,16,9,17,6,48,0,0,22,0,22,16,9,39,6,70,0,22,22,92
05/10/2020,CAE,SC,ASO,ES,Combined TRACON& Tower with Radar,15,5,10,2,32,0,0,19,0,19,15,5,29,2,51,14,0,14,65
05/11/2020,CAE,SC,ASO,ES,Combined TRACON& Tower with Radar,25,23,11,4,63,0,0,18,0,18,25,23,29,4,81,16,0,16,97
05/12/2020,CAE,SC,ASO,ES,Combined TRACON& Tower with Radar,28,33,22,0,83,0,0,21,0,21,28,33,43,0,104,14,0,14,118
05/13/2020,CAE,SC,ASO,ES,Combined TRACON& Tower with Radar,26,29,26,2,83,0,0,22,1,23,26,29,48,3,106,0,0,0,106
05/14/2020,CAE,SC,ASO,ES,Combined TRACON& Tower with Radar,28,29,27,9,93,0,0,26,3,29,28,29,53,12,122,0,0,0,122
05/15/2020,CAE,SC,ASO,ES,Combined TRACON& Tower with Radar,23,30,15,10,78,0,0,23,0,23,23,30,38,10,101,12,4,16,117
05/16/2020,CAE,SC,ASO,ES,Combined TRACON& Tower with Radar,16,7,11,0,34,0,0,38,0,38,16,7,49,0,72,14,14,28,100
05/17/2020,CAE,SC,ASO,ES,Combined TRACON& Tower with Radar,14,4,13,0,31,0,0,19,0,19,14,4,32,0,50,18,0,18,68
05/18/2020,CAE,SC,ASO,ES,Combined TRACON& Tower with Radar,27,27,21,9,84,0,0,6,2,8,27,27,27,11,92,0,18,18,110
05/19/2020,CAE,SC,ASO,ES,Combined TRACON& Tower with Radar,26,33,17,6,82,0,0,3,0,3,26,33,20,6,85,6,0,6,91
05/20/2020,CAE,SC,ASO,ES,Combined TRACON& Tower with Radar,24,30,17,6,77,0,0,4,0,4,24,30,21,6,81,30,0,30,111
05/21/2020,CAE,SC,ASO,ES,Combined TRACON& Tower with Radar,24,31,31,4,90,0,0,16,1,17,24,31,47,5,107,88,0,88,195
05/22/2020,CAE,SC,ASO,ES,Combined TRACON& Tower with Radar,22,29,30,0,81,0,1,14,0,15,22,30,44,0,96,72,0,72,168
05/23/2020,CAE,SC,ASO,ES,Combined TRACON& Tower with Radar,16,7,16,0,39,0,0,13,0,13,16,7,29,0,52,34,0,34,86
05/24/2020,CAE,SC,ASO,ES,Combined TRACON& Tower with Radar,13,7,13,0,33,0,0,12,0,12,13,7,25,0,45,0,0,0,45
05/25/2020,CAE,SC,ASO,ES,Combined TRACON& Tower with Radar,15,8,9,2,34,0,0,3,0,3,15,8,12,2,37,12,0,12,49
05/26/2020,CAE,SC,ASO,ES,Combined TRACON& Tower with Radar,22,31,24,4,81,0,0,9,0,9,22,31,33,4,90,46,0,46,136
05/27/2020,CAE,SC,ASO,ES,Combined TRACON& Tower with Radar,24,35,10,2,71,0,0,1,0,1,24,35,11,2,72,56,0,56,128
05/28/2020,CAE,SC,ASO,ES,Combined TRACON& Tower with Radar,24,28,30,5,87,0,0,10,0,10,24,28,40,5,97,78,0,78,175
05/29/2020,CAE,SC,ASO,ES,Combined TRACON& Tower with Radar,22,23,24,3,72,0,0,7,0,7,22,23,31,3,79,26,0,26,105
05/30/2020,CAE,SC,ASO,ES,Combined TRACON& Tower with Radar,16,16,20,0,52,0,0,21,0,21,16,16,41,0,73,20,0,20,93
05/31/2020,CAE,SC,ASO,ES,Combined TRACON& Tower with Radar,15,4,13,6,38,0,0,26,0,26,15,4,39,6,64,10,0,10,74
06/01/2020,CAE,SC,ASO,ES,Combined TRACON& Tower with Radar,27,23,31,33,114,0,0,38,0,38,27,23,69,33,152,6,16,22,174
06/02/2020,CAE,SC,ASO,ES,Combined TRACON& Tower with Radar,26,28,26,5,85,0,0,35,3,38,26,28,61,8,123,6,4,10,133
06/03/2020,CAE,SC,ASO,ES,Combined TRACON& Tower with Radar,24,36,24,47,131,0,0,38,2,40,24,36,62,49,171,16,16,32,203
06/04/2020,CAE,SC,ASO,ES,Combined TRACON& Tower with Radar,28,33,23,27,111,0,0,24,2,26,28,33,47,29,137,0,0,0,137
06/05/2020,CAE,SC,ASO,ES,Combined TRACON& Tower with Radar,26,30,22,12,90,0,0,7,0,7,26,30,29,12,97,0,0,0,97
06/06/2020,CAE,SC,ASO,ES,Combined TRACON& Tower with Radar,18,15,12,0,45,0,0,14,0,14,18,15,26,0,59,0,0,0,59
06/07/2020,CAE,SC,ASO,ES,Combined TRACON& Tower with Radar,17,10,12,1,40,0,0,20,0,20,17,10,32,1,60,12,0,12,72
06/08/2020,CAE,SC,ASO,ES,Combined TRACON& Tower with Radar,27,24,24,18,93,0,0,8,0,8,27,24,32,18,101,6,34,40,141
06/09/2020,CAE,SC,ASO,ES,Combined TRACON& Tower with Radar,28,30,16,0,74,0,0,8,0,8,28,30,24,0,82,4,0,4,86
06/10/2020,CAE,SC,ASO,ES,Combined TRACON& Tower with Radar,26,32,21,2,81,0,0,16,2,18,26,32,37,4,99,4,2,6,105
06/11/2020,CAE,SC,ASO,ES,Combined TRACON& Tower with Radar,26,30,30,0,86,0,0,12,0,12,26,30,42,0,98,8,0,8,106
06/12/2020,CAE,SC,ASO,ES,Combined TRACON& Tower with Radar,24,34,18,20,96,0,1,24,4,29,24,35,42,24,125,6,26,32,157
06/13/2020,CAE,SC,ASO,ES,Combined TRACON& Tower with Radar,18,12,15,0,45,0,0,25,0,25,18,12,40,0,70,8,0,8,78
06/14/2020,CAE,SC,ASO,ES,Combined TRACON& Tower with Radar,16,7,15,0,38,0,0,16,0,16,16,7,31,0,54,12,0,12,66
06/15/2020,CAE,SC,ASO,ES,Combined TRACON& Tower with Radar,22,22,17,7,68,0,0,2,0,2,22,22,19,7,70,0,0,0,70
06/16/2020,CAE,SC,ASO,ES,Combined TRACON& Tower with Radar,26,30,22,0,78,0,0,1,0,1,26,30,23,0,79,0,0,0,79
06/17/2020,CAE,SC,ASO,ES,Combined TRACON& Tower with Radar,26,32,21,4,83,0,0,2,2,4,26,32,23,6,87,2,0,2,89
06/18/2020,CAE,SC,ASO,ES,Combined TRACON& Tower with Radar,28,34,27,35,124,0,0,17,4,21,28,34,44,39,145,42,40,82,227
06/19/2020,CAE,SC,ASO,ES,Combined TRACON& Tower with Radar,28,31,22,2,83,0,0,11,0,11,28,31,33,2,94,38,0,38,132
06/20/2020,CAE,SC,ASO,ES,Combined TRACON& Tower with Radar,20,18,12,2,52,0,0,24,0,24,20,18,36,2,76,0,0,0,76
06/21/2020,CAE,SC,ASO,ES,Combined TRACON& Tower with Radar,16,9,24,1,50,0,2,17,0,19,16,11,41,1,69,10,0,10,79
06/22/2020,CAE,SC,ASO,ES,Combined TRACON& Tower with Radar,28,26,23,7,84,0,0,26,1,27,28,26,49,8,111,0,0,0,111
06/23/2020,CAE,SC,ASO,ES,Combined TRACON& Tower with Radar,26,40,27,13,106,0,7,8,3,18,26,47,35,16,124,0,0,0,124
06/24/2020,CAE,SC,ASO,ES,Combined TRACON& Tower with Radar,28,27,18,10,83,0,1,13,3,17,28,28,31,13,100,4,0,4,104
06/25/2020,CAE,SC,ASO,ES,Combined TRACON& Tower with Radar,32,32,21,3,88,0,0,18,3,21,32,32,39,6,109,50,8,58,167
06/26/2020,CAE,SC,ASO,ES,Combined TRACON& Tower with Radar,24,29,38,26,117,0,0,18,2,20,24,29,56,28,137,8,28,36,173
06/27/2020,CAE,SC,ASO,ES,Combined TRACON& Tower with Radar,18,12,18,6,54,0,1,10,1,12,18,13,28,7,66,8,4,12,78
06/28/2020,CAE,SC,ASO,ES,Combined TRACON& Tower with Radar,18,11,12,4,45,0,0,15,0,15,18,11,27,4,60,0,12,12,72
06/29/2020,CAE,SC,ASO,ES,Combined TRACON& Tower with Radar,29,24,24,1,78,0,0,20,0,20,29,24,44,1,98,0,0,0,98
06/30/2020,CAE,SC,ASO,ES,Combined TRACON& Tower with Radar,26,25,34,3,88,0,0,20,1,21,26,25,54,4,109,4,10,14,123
07/01/2020,CAE,SC,ASO,ES,Combined TRACON& Tower with Radar,26,29,20,2,77,0,0,9,0,9,26,29,29,2,86,12,0,12,98
07/02/2020,CAE,SC,ASO,ES,Combined TRACON& Tower with Radar,39,26,34,1,100,0,1,19,3,23,39,27,53,4,123,0,0,0,123
07/03/2020,CAE,SC,ASO,ES,Combined TRACON& Tower with Radar,26,18,10,0,54,0,0,13,0,13,26,18,23,0,67,0,0,0,67
07/04/2020,CAE,SC,ASO,ES,Combined TRACON& Tower with Radar,21,14,12,0,47,0,0,16,2,18,21,14,28,2,65,0,0,0,65
07/05/2020,CAE,SC,ASO,ES,Combined TRACON& Tower with Radar,22,11,13,1,47,0,1,16,0,17,22,12,29,1,64,0,0,0,64
07/06/2020,CAE,SC,ASO,ES,Combined TRACON& Tower with Radar,28,29,19,8,84,0,0,7,0,7,28,29,26,8,91,0,11,11,102
07/07/2020,CAE,SC,ASO,ES,Combined TRACON& Tower with Radar,26,36,13,4,79,0,0,1,0,1,26,36,14,4,80,0,0,0,80
07/08/2020,CAE,SC,ASO,ES,Combined TRACON& Tower with Radar,28,35,23,14,100,0,0,7,0,7,28,35,30,14,107,8,0,8,115
07/09/2020,CAE,SC,ASO,ES,Combined TRACON& Tower with Radar,32,43,20,10,105,0,0,18,3,21,32,43,38,13,126,16,14,30,156
07/10/2020,CAE,SC,ASO,ES,Combined TRACON& Tower with Radar,30,33,19,22,104,0,0,26,0,26,30,33,45,22,130,10,16,26,156
07/11/2020,CAE,SC,ASO,ES,Combined TRACON& Tower with Radar,24,19,6,0,49,0,0,21,0,21,24,19,27,0,70,6,0,6,76
07/12/2020,CAE,SC,ASO,ES,Combined TRACON& Tower with Radar,24,17,9,0,50,0,0,25,0,25,24,17,34,0,75,14,0,14,89
07/13/2020,CAE,SC,ASO,ES,Combined TRACON& Tower with Radar,28,33,20,10,91,0,4,18,0,22,28,37,38,10,113,0,14,14,127
07/14/2020,CAE,SC,ASO,ES,Combined TRACON& Tower with Radar,28,37,40,10,115,0,0,24,1,25,28,37,64,11,140,14,10,24,164
07/15/2020,CAE,SC,ASO,ES,Combined TRACON& Tower with Radar,30,39,29,24,122,0,1,31,6,38,30,40,60,30,160,14,10,24,184
07/16/2020,CAE,SC,ASO,ES,Combined TRACON& Tower with Radar,35,37,35,8,115,0,0,21,0,21,35,37,56,8,136,18,0,18,154
07/17/2020,CAE,SC,ASO,ES,Combined TRACON& Tower with Radar,35,36,14,11,96,0,0,20,0,20,35,36,34,11,116,4,10,14,130
07/18/2020,CAE,SC,ASO,ES,Combined TRACON& Tower with Radar,28,18,10,0,56,0,0,11,0,11,28,18,21,0,67,0,0,0,67
07/19/2020,CAE,SC,ASO,ES,Combined TRACON& Tower with Radar,22,17,15,4,58,0,2,15,0,17,22,19,30,4,75,0,6,6,81
07/20/2020,CAE,SC,ASO,ES,Combined TRACON& Tower with Radar,39,29,16,12,96,0,0,17,0,17,39,29,33,12,113,6,8,14,127
07/21/2020,CAE,SC,ASO,ES,Combined TRACON& Tower with Radar,48,33,9,3,93,0,0,10,0,10,48,33,19,3,103,0,0,0,103
07/22/2020,CAE,SC,ASO,ES,Combined TRACON& Tower with Radar,29,36,20,32,117,0,2,15,12,29,29,38,35,44,146,10,44,54,200
07/23/2020,CAE,SC,ASO,ES,Combined TRACON& Tower with Radar,34,36,23,11,104,0,0,21,1,22,34,36,44,12,126,0,10,10,136
07/24/2020,CAE,SC,ASO,ES,Combined TRACON& Tower with Radar,40,35,28,6,109,0,0,25,2,27,40,35,53,8,136,4,0,4,140
07/25/2020,CAE,SC,ASO,ES,Combined TRACON& Tower with Radar,30,19,17,0,66,0,0,13,0,13,30,19,30,0,79,0,0,0,79
07/26/2020,CAE,SC,ASO,ES,Combined TRACON& Tower with Radar,25,16,23,0,64,0,0,12,0,12,25,16,35,0,76,0,0,0,76
07/27/2020,CAE,SC,ASO,ES,Combined TRACON& Tower with Radar,30,29,19,2,80,0,0,22,0,22,30,29,41,2,102,18,0,18,120
07/28/2020,CAE,SC,ASO,ES,Combined TRACON& Tower with Radar,32,34,21,6,93,0,0,23,0,23,32,34,44,6,116,8,12,20,136
07/29/2020,CAE,SC,ASO,ES,Combined TRACON& Tower with Radar,30,33,21,24,108,0,2,11,0,13,30,35,32,24,121,18,10,28,149
07/30/2020,CAE,SC,ASO,ES,Combined TRACON& Tower with Radar,34,35,23,10,102,0,1,9,1,11,34,36,32,11,113,14,0,14,127
07/31/2020,CAE,SC,ASO,ES,Combined TRACON& Tower with Radar,32,30,16,10,88,0,0,15,0,15,32,30,31,10,103,8,0,8,111
08/01/2020,CAE,SC,ASO,ES,Combined TRACON& Tower with Radar,28,21,38,0,87,0,0,18,0,18,28,21,56,0,105,16,0,16,121
08/02/2020,CAE,SC,ASO,ES,Combined TRACON& Tower with Radar,26,9,16,0,51,0,0,19,0,19,26,9,35,0,70,12,0,12,82
08/03/2020,CAE,SC,ASO,ES,Combined TRACON& Tower with Radar,40,26,8,0,74,0,0,3,0,3,40,26,11,0,77,0,0,0,77
08/04/2020,CAE,SC,ASO,ES,Combined TRACON& Tower with Radar,30,27,28,1,86,0,1,24,1,26,30,28,52,2,112,16,0,16,128
08/05/2020,CAE,SC,ASO,ES,Combined TRACON& Tower with Radar,30,37,33,14,114,0,1,19,4,24,30,38,52,18,138,28,36,64,202
08/06/2020,CAE,SC,ASO,ES,Combined TRACON& Tower with Radar,41,33,27,2,103,0,0,11,3,14,41,33,38,5,117,0,0,0,117
08/07/2020,CAE,SC,ASO,ES,Combined TRACON& Tower with Radar,36,35,19,2,92,0,0,9,0,9,36,35,28,2,101,12,0,12,113
08/08/2020,CAE,SC,ASO,ES,Combined TRACON& Tower with Radar,30,17,13,0,60,0,2,19,0,21,30,19,32,0,81,16,0,16,97
08/09/2020,CAE,SC,ASO,ES,Combined TRACON& Tower with Radar,27,21,21,0,69,0,0,18,0,18,27,21,39,0,87,0,0,0,87
08/10/2020,CAE,SC,ASO,ES,Combined TRACON& Tower with Radar,36,25,20,10,91,0,1,16,0,17,36,26,36,10,108,12,6,18,126
08/11/2020,CAE,SC,ASO,ES,Combined TRACON& Tower with Radar,30,32,36,9,107,0,2,17,2,21,30,34,53,11,128,36,44,80,208
08/12/2020,CAE,SC,ASO,ES,Combined TRACON& Tower with Radar,30,34,30,6,100,0,0,14,1,15,30,34,44,7,115,14,2,16,131
08/13/2020,CAE,SC,ASO,ES,Combined TRACON& Tower with Radar,36,34,21,17,108,0,0,20,3,23,36,34,41,20,131,10,38,48,179
08/14/2020,CAE,SC,ASO,ES,Combined TRACON& Tower with Radar,40,34,33,0,107,0,0,10,0,10,40,34,43,0,117,8,0,8,125
08/15/2020,CAE,SC,ASO,ES,Combined TRACON& Tower with Radar,32,20,20,1,73,0,0,3,0,3,32,20,23,1,76,12,0,12,88
08/16/2020,CAE,SC,ASO,ES,Combined TRACON& Tower with Radar,25,16,28,1,70,0,0,13,0,13,25,16,41,1,83,16,0,16,99
08/17/2020,CAE,SC,ASO,ES,Combined TRACON& Tower with Radar,38,21,34,6,99,0,0,37,0,37,38,21,71,6,136,32,2,34,170
08/18/2020,CAE,SC,ASO,ES,Combined TRACON& Tower with Radar,31,33,21,13,98,0,0,8,0,8,31,33,29,13,106,14,10,24,130
08/19/2020,CAE,SC,ASO,ES,Combined TRACON& Tower with Radar,32,34,27,8,101,0,0,18,3,21,32,34,45,11,122,0,0,0,122
08/20/2020,CAE,SC,ASO,ES,Combined TRACON& Tower with Radar,36,34,30,34,134,0,0,10,1,11,36,34,40,35,145,0,24,24,169
08/21/2020,CAE,SC,ASO,ES,Combined TRACON& Tower with Radar,38,27,15,0,80,0,0,4,0,4,38,27,19,0,84,0,0,0,84
08/22/2020,CAE,SC,ASO,ES,Combined TRACON& Tower with Radar,28,14,14,0,56,0,0,20,0,20,28,14,34,0,76,6,0,6,82
08/23/2020,CAE,SC,ASO,ES,Combined TRACON& Tower with Radar,26,9,18,2,55,0,0,10,0,10,26,9,28,2,65,28,0,28,93
08/24/2020,CAE,SC,ASO,ES,Combined TRACON& Tower with Radar,31,25,33,0,89,0,0,3,0,3,31,25,36,0,92,0,0,0,92
08/25/2020,CAE,SC,ASO,ES,Combined TRACON& Tower with Radar,32,33,40,26,131,0,0,8,4,12,32,33,48,30,143,0,20,20,163
08/26/2020,CAE,SC,ASO,ES,Combined TRACON& Tower with Radar,30,33,37,22,122,0,0,19,0,19,30,33,56,22,141,8,38,46,187
08/27/2020,CAE,SC,ASO,ES,Combined TRACON& Tower with Radar,39,39,26,14,118,0,1,22,2,25,39,40,48,16,143,6,30,36,179
08/28/2020,CAE,SC,ASO,ES,Combined TRACON& Tower with Radar,42,38,33,6,119,0,3,21,0,24,42,41,54,6,143,16,22,38,181
08/29/2020,CAE,SC,ASO,ES,Combined TRACON& Tower with Radar,28,14,21,2,65,0,0,4,0,4,28,14,25,2,69,0,0,0,69
08/30/2020,CAE,SC,ASO,ES,Combined TRACON& Tower with Radar,31,10,13,2,56,0,0,17,1,18,31,10,30,3,74,16,0,16,90
08/31/2020,CAE,SC,ASO,ES,Combined TRACON& Tower with Radar,35,33,25,25,118,0,0,24,0,24,35,33,49,25,142,19,8,27,169
09/01/2020,CAE,SC,ASO,ES,Combined TRACON& Tower with Radar,31,33,22,16,102,0,2,16,3,21,31,35,38,19,123,16,26,42,165
09/02/2020,CAE,SC,ASO,ES,Combined TRACON& Tower with Radar,29,32,32,18,111,0,0,31,0,31,29,32,63,18,142,10,22,32,174
09/03/2020,CAE,SC,ASO,ES,Combined TRACON& Tower with Radar,40,41,19,6,106,0,0,17,0,17,40,41,36,6,123,0,14,14,137
09/04/2020,CAE,SC,ASO,ES,Combined TRACON& Tower with Radar,35,39,22,0,96,0,0,28,0,28,35,39,50,0,124,6,0,6,130
09/05/2020,CAE,SC,ASO,ES,Combined TRACON& Tower with Radar,28,20,10,0,58,0,0,7,0,7,28,20,17,0,65,0,0,0,65
09/06/2020,CAE,SC,ASO,ES,Combined TRACON& Tower with Radar,22,8,6,0,36,0,1,17,0,18,22,9,23,0,54,6,0,6,60
09/07/2020,CAE,SC,ASO,ES,Combined TRACON& Tower with Radar,26,17,16,1,60,0,0,21,0,21,26,17,37,1,81,6,0,6,87
09/08/2020,CAE,SC,ASO,ES,Combined TRACON& Tower with Radar,26,36,35,10,107,0,1,19,0,20,26,37,54,10,127,8,10,18,145
09/09/2020,CAE,SC,ASO,ES,Combined TRACON& Tower with Radar,33,36,24,23,116,0,0,11,0,11,33,36,35,23,127,0,16,16,143
09/10/2020,CAE,SC,ASO,ES,Combined TRACON& Tower with Radar,35,37,36,5,113,0,0,11,0,11,35,37,47,5,124,8,0,8,132
09/11/2020,CAE,SC,ASO,ES,Combined TRACON& Tower with Radar,35,32,34,7,108,0,2,12,3,17,35,34,46,10,125,10,0,10,135
09/12/2020,CAE,SC,ASO,ES,Combined TRACON& Tower with Radar,25,20,19,0,64,0,0,2,0,2,25,20,21,0,66,0,0,0,66
09/13/2020,CAE,SC,ASO,ES,Combined TRACON& Tower with Radar,22,16,16,0,54,0,0,19,0,19,22,16,35,0,73,16,0,16,89
09/14/2020,CAE,SC,ASO,ES,Combined TRACON& Tower with Radar,31,30,22,7,90,0,0,21,0,21,31,30,43,7,111,0,0,0,111
09/15/2020,CAE,SC,ASO,ES,Combined TRACON& Tower with Radar,39,36,37,9,121,0,2,14,2,18,39,38,51,11,139,12,12,24,163
09/16/2020,CAE,SC,ASO,ES,Combined TRACON& Tower with Radar,32,34,36,4,106,0,0,6,0,6,32,34,42,4,112,0,0,0,112
09/17/2020,CAE,SC,ASO,ES,Combined TRACON& Tower with Radar,35,34,19,0,88,0,0,0,0,0,35,34,19,0,88,0,0,0,88
09/18/2020,CAE,SC,ASO,ES,Combined TRACON& Tower with Radar,38,37,26,4,105,0,0,2,2,4,38,37,28,6,109,6,12,18,127
09/19/2020,CAE,SC,ASO,ES,Combined TRACON& Tower with Radar,28,20,15,0,63,0,1,15,0,16,28,21,30,0,79,0,0,0,79
09/20/2020,CAE,SC,ASO,ES,Combined TRACON& Tower with Radar,22,12,11,2,47,0,0,13,0,13,22,12,24,2,60,0,0,0,60
09/21/2020,CAE,SC,ASO,ES,Combined TRACON& Tower with Radar,31,30,29,0,90,0,0,29,0,29,31,30,58,0,119,6,0,6,125
09/22/2020,CAE,SC,ASO,ES,Combined TRACON& Tower with Radar,35,37,22,2,96,0,0,54,0,54,35,37,76,2,150,14,0,14,164
09/23/2020,CAE,SC,ASO,ES,Combined TRACON& Tower with Radar,35,36,30,29,130,0,0,39,0,39,35,36,69,29,169,2,80,82,251
09/24/2020,CAE,SC,ASO,ES,Combined TRACON& Tower with Radar,35,34,37,4,110,0,0,14,0,14,35,34,51,4,124,12,0,12,136
09/25/2020,CAE,SC,ASO,ES,Combined TRACON& Tower with Radar,37,35,25,11,108,0,0,2,2,4,37,35,27,13,112,40,0,40,152
09/26/2020,CAE,SC,ASO,ES,Combined TRACON& Tower with Radar,25,17,26,2,70,0,0,6,0,6,25,17,32,2,76,0,0,0,76
09/27/2020,CAE,SC,ASO,ES,Combined TRACON& Tower with Radar,23,17,31,1,72,0,0,11,0,11,23,17,42,1,83,0,0,0,83
09/28/2020,CAE,SC,ASO,ES,Combined TRACON& Tower with Radar,30,27,23,22,102,0,0,7,0,7,30,27,30,22,109,46,24,70,179
09/29/2020,CAE,SC,ASO,ES,Combined TRACON& Tower with Radar,36,35,27,10,108,0,0,5,0,5,36,35,32,10,113,6,0,6,119
09/30/2020,CAE,SC,ASO,ES,Combined TRACON& Tower with Radar,34,34,34,31,133,0,0,25,0,25,34,34,59,31,158,2,25,27,185
10/01/2020,CAE,SC,ASO,ES,Combined TRACON& Tower with Radar,36,39,34,8,117,0,0,34,0,34,36,39,68,8,151,6,0,6,157
10/02/2020,CAE,SC,ASO,ES,Combined TRACON& Tower with Radar,32,32,24,34,122,0,0,23,6,29,32,32,47,40,151,10,46,56,207
10/03/2020,CAE,SC,ASO,ES,Combined TRACON& Tower with Radar,26,20,21,0,67,0,0,14,0,14,26,20,35,0,81,14,0,14,95
10/04/2020,CAE,SC,ASO,ES,Combined TRACON& Tower with Radar,22,16,22,0,60,0,0,18,0,18,22,16,40,0,78,0,0,0,78
10/05/2020,CAE,SC,ASO,ES,Combined TRACON& Tower with Radar,28,31,23,22,104,0,0,27,0,27,28,31,50,22,131,6,22,28,159
10/06/2020,CAE,SC,ASO,ES,Combined TRACON& Tower with Radar,32,36,25,28,121,0,0,14,2,16,32,36,39,30,137,6,58,64,201
10/07/2020,CAE,SC,ASO,ES,Combined TRACON& Tower with Radar,37,40,21,24,122,0,0,14,1,15,37,40,35,25,137,10,40,50,187
10/08/2020,CAE,SC,ASO,ES,Combined TRACON& Tower with Radar,43,36,26,6,111,0,0,28,4,32,43,36,54,10,143,34,8,42,185
10/09/2020,CAE,SC,ASO,ES,Combined TRACON& Tower with Radar,41,35,42,3,121,0,0,25,0,25,41,35,67,3,146,14,0,14,160
10/10/2020,CAE,SC,ASO,ES,Combined TRACON& Tower with Radar,38,25,10,0,73,0,0,4,0,4,38,25,14,0,77,18,0,18,95
10/11/2020,CAE,SC,ASO,ES,Combined TRACON& Tower with Radar,38,18,13,0,69,0,1,0,0,1,38,19,13,0,70,0,0,0,70
10/12/2020,CAE,SC,ASO,ES,Combined TRACON& Tower with Radar,32,25,36,0,93,0,1,5,0,6,32,26,41,0,99,0,0,0,99
10/13/2020,CAE,SC,ASO,ES,Combined TRACON& Tower with Radar,36,36,47,12,131,0,0,27,0,27,36,36,74,12,158,14,0,14,172
10/14/2020,CAE,SC,ASO,ES,Combined TRACON& Tower with Radar,36,34,21,2,93,0,4,34,2,40,36,38,55,4,133,8,0,8,141
10/15/2020,CAE,SC,ASO,ES,Combined TRACON& Tower with Radar,41,33,34,11,119,0,1,17,2,20,41,34,51,13,139,12,0,12,151
10/16/2020,CAE,SC,ASO,ES,Combined TRACON& Tower with Radar,39,38,49,27,153,0,0,15,5,20,39,38,64,32,173,12,20,32,205
10/17/2020,CAE,SC,ASO,ES,Combined TRACON& Tower with Radar,30,25,24,1,80,0,0,22,1,23,30,25,46,2,103,14,0,14,117
10/18/2020,CAE,SC,ASO,ES,Combined TRACON& Tower with Radar,28,16,32,2,78,0,0,19,0,19,28,16,51,2,97,12,0,12,109
10/19/2020,CAE,SC,ASO,ES,Combined TRACON& Tower with Radar,31,27,29,18,105,0,0,23,0,23,31,27,52,18,128,10,24,34,162
10/20/2020,CAE,SC,ASO,ES,Combined TRACON& Tower with Radar,39,37,34,10,120,0,4,38,4,46,39,41,72,14,166,26,10,36,202
10/21/2020,CAE,SC,ASO,ES,Combined TRACON& Tower with Radar,38,30,48,15,131,0,0,14,1,15,38,30,62,16,146,8,0,8,154
10/22/2020,CAE,SC,ASO,ES,Combined TRACON& Tower with Radar,41,41,28,24,134,0,0,28,1,29,41,41,56,25,163,10,18,28,191
10/23/2020,CAE,SC,ASO,ES,Combined TRACON& Tower with Radar,38,30,19,1,88,0,0,34,0,34,38,30,53,1,122,42,0,42,164
10/24/2020,CAE,SC,ASO,ES,Combined TRACON& Tower with Radar,29,16,14,0,59,0,0,31,0,31,29,16,45,0,90,0,0,0,90
10/25/2020,CAE,SC,ASO,ES,Combined TRACON& Tower with Radar,28,14,13,0,55,0,0,0,0,0,28,14,13,0,55,0,0,0,55
10/26/2020,CAE,SC,ASO,ES,Combined TRACON& Tower with Radar,30,27,24,6,87,0,0,12,0,12,30,27,36,6,99,0,16,16,115
10/27/2020,CAE,SC,ASO,ES,Combined TRACON& Tower with Radar,36,30,31,2,99,0,0,20,0,20,36,30,51,2,119,0,0,0,119
10/28/2020,CAE,SC,ASO,ES,Combined TRACON& Tower with Radar,37,56,31,58,182,0,0,10,1,11,37,56,41,59,193,6,50,56,249
10/29/2020,CAE,SC,ASO,ES,Combined TRACON& Tower with Radar,44,43,20,12,119,0,0,4,0,4,44,43,24,12,123,0,4,4,127
10/30/2020,CAE,SC,ASO,ES,Combined TRACON& Tower with Radar,38,35,38,12,123,0,0,27,2,29,38,35,65,14,152,0,14,14,166
10/31/2020,CAE,SC,ASO,ES,Combined TRACON& Tower with Radar,23,19,24,0,66,0,2,15,0,17,23,21,39,0,83,16,0,16,99
11/01/2020,CAE,SC,ASO,ES,Combined TRACON& Tower with Radar,19,15,19,4,57,0,0,5,0,5,19,15,24,4,62,0,0,0,62
11/02/2020,CAE,SC,ASO,ES,Combined TRACON& Tower with Radar,27,26,22,0,75,0,0,25,0,25,27,26,47,0,100,0,0,0,100
11/03/2020,CAE,SC,ASO,ES,Combined TRACON& Tower with Radar,32,37,21,8,98,0,1,36,2,39,32,38,57,10,137,16,0,16,153
11/04/2020,CAE,SC,ASO,ES,Combined TRACON& Tower with Radar,34,33,22,16,105,0,2,31,0,33,34,35,53,16,138,23,20,43,181
11/05/2020,CAE,SC,ASO,ES,Combined TRACON& Tower with Radar,36,41,24,9,110,0,0,34,0,34,36,41,58,9,144,14,18,32,176
11/06/2020,CAE,SC,ASO,ES,Combined TRACON& Tower with Radar,33,36,26,22,117,0,0,27,1,28,33,36,53,23,145,12,24,36,181
11/07/2020,CAE,SC,ASO,ES,Combined TRACON& Tower with Radar,26,21,24,0,71,0,0,18,0,18,26,21,42,0,89,4,0,4,93
11/08/2020,CAE,SC,ASO,ES,Combined TRACON& Tower with Radar,25,20,26,2,73,0,0,19,0,19,25,20,45,2,92,2,0,2,94
11/09/2020,CAE,SC,ASO,ES,Combined TRACON& Tower with Radar,32,28,33,1,94,0,0,8,3,11,32,28,41,4,105,8,0,8,113
11/10/2020,CAE,SC,ASO,ES,Combined TRACON& Tower with Radar,34,32,22,6,94,0,0,7,0,7,34,32,29,6,101,0,0,0,101
11/11/2020,CAE,SC,ASO,ES,Combined TRACON& Tower with Radar,36,36,10,0,82,0,0,0,0,0,36,36,10,0,82,0,0,0,82
11/12/2020,CAE,SC,ASO,ES,Combined TRACON& Tower with Radar,36,34,30,0,100,0,0,1,0,1,36,34,31,0,101,6,0,6,107
11/13/2020,CAE,SC,ASO,ES,Combined TRACON& Tower with Radar,38,40,36,12,126,0,1,17,0,18,38,41,53,12,144,0,0,0,144
11/14/2020,CAE,SC,ASO,ES,Combined TRACON& Tower with Radar,26,22,28,0,76,0,0,7,0,7,26,22,35,0,83,40,0,40,123
11/15/2020,CAE,SC,ASO,ES,Combined TRACON& Tower with Radar,27,17,18,0,62,0,0,6,0,6,27,17,24,0,68,0,0,0,68
11/16/2020,CAE,SC,ASO,ES,Combined TRACON& Tower with Radar,31,30,33,28,122,0,0,37,0,37,31,30,70,28,159,4,30,34,193
11/17/2020,CAE,SC,ASO,ES,Combined TRACON& Tower with Radar,34,37,24,14,109,0,0,34,2,36,34,37,58,16,145,6,0,6,151
11/18/2020,CAE,SC,ASO,ES,Combined TRACON& Tower with Radar,34,34,55,53,176,0,0,32,2,34,34,34,87,55,210,32,36,68,278
11/19/2020,CAE,SC,ASO,ES,Combined TRACON& Tower with Radar,38,47,32,10,127,0,3,19,8,30,38,50,51,18,157,6,4,10,167
11/20/2020,CAE,SC,ASO,ES,Combined TRACON& Tower with Radar,38,40,36,6,120,0,0,36,0,36,38,40,72,6,156,0,0,0,156
11/21/2020,CAE,SC,ASO,ES,Combined TRACON& Tower with Radar,28,22,24,4,78,0,0,31,2,33,28,22,55,6,111,2,0,2,113
11/22/2020,CAE,SC,ASO,ES,Combined TRACON& Tower with Radar,27,19,23,10,79,0,0,3,0,3,27,19,26,10,82,0,0,0,82
11/23/2020,CAE,SC,ASO,ES,Combined TRACON& Tower with Radar,35,24,27,17,103,0,1,22,2,25,35,25,49,19,128,26,10,36,164
11/24/2020,CAE,SC,ASO,ES,Combined TRACON& Tower with Radar,50,44,32,12,138,0,0,23,3,26,50,44,55,15,164,42,14,56,220
11/25/2020,CAE,SC,ASO,ES,Combined TRACON& Tower with Radar,52,42,18,2,114,0,0,13,0,13,52,42,31,2,127,0,0,0,127
11/26/2020,CAE,SC,ASO,ES,Combined TRACON& Tower with Radar,19,6,2,0,27,0,0,2,0,2,19,6,4,0,29,0,0,0,29
11/27/2020,CAE,SC,ASO,ES,Combined TRACON& Tower with Radar,34,30,24,0,88,0,0,30,0,30,34,30,54,0,118,0,0,0,118
11/28/2020,CAE,SC,ASO,ES,Combined TRACON& Tower with Radar,29,31,25,0,85,0,0,16,0,16,29,31,41,0,101,22,0,22,123
11/29/2020,CAE,SC,ASO,ES,Combined TRACON& Tower with Radar,26,18,37,0,81,0,0,9,0,9,26,18,46,0,90,2,0,2,92
11/30/2020,CAE,SC,ASO,ES,Combined TRACON& Tower with Radar,33,36,17,0,86,0,0,1,0,1,33,36,18,0,87,0,0,0,87
12/01/2020,CAE,SC,ASO,ES,Combined TRACON& Tower with Radar,53,48,27,32,160,0,0,20,2,22,53,48,47,34,182,32,20,52,234
12/02/2020,CAE,SC,ASO,ES,Combined TRACON& Tower with Radar,48,34,46,16,144,0,0,29,0,29,48,34,75,16,173,14,16,30,203
12/03/2020,CAE,SC,ASO,ES,Combined TRACON& Tower with Radar,50,40,32,6,128,0,0,21,0,21,50,40,53,6,149,2,0,2,151
12/04/2020,CAE,SC,ASO,ES,Combined TRACON& Tower with Radar,46,36,22,30,134,0,0,16,0,16,46,36,38,30,150,48,32,80,230
12/05/2020,CAE,SC,ASO,ES,Combined TRACON& Tower with Radar,24,20,26,0,70,0,0,20,0,20,24,20,46,0,90,48,0,48,138
12/06/2020,CAE,SC,ASO,ES,Combined TRACON& Tower with Radar,26,16,26,0,68,0,0,23,2,25,26,16,49,2,93,6,0,6,99
12/07/2020,CAE,SC,ASO,ES,Combined TRACON& Tower with Radar,38,29,20,22,109,0,0,11,0,11,38,29,31,22,120,12,24,36,156
12/08/2020,CAE,SC,ASO,ES,Combined TRACON& Tower with Radar,50,36,30,14,130,0,3,26,0,29,50,39,56,14,159,0,0,0,159
12/09/2020,CAE,SC,ASO,ES,Combined TRACON& Tower with Radar,48,31,34,19,132,0,0,27,1,28,48,31,61,20,160,0,0,0,160
12/10/2020,CAE,SC,ASO,ES,Combined TRACON& Tower with Radar,50,41,22,16,129,0,0,27,0,27,50,41,49,16,156,16,16,32,188
12/11/2020,CAE,SC,ASO,ES,Combined TRACON& Tower with Radar,41,48,17,4,110,0,0,26,0,26,41,48,43,4,136,2,0,2,138
12/12/2020,CAE,SC,ASO,ES,Combined TRACON& Tower with Radar,25,17,28,0,70,0,0,28,0,28,25,17,56,0,98,24,0,24,122
12/13/2020,CAE,SC,ASO,ES,Combined TRACON& Tower with Radar,24,17,27,1,69,0,1,11,0,12,24,18,38,1,81,10,0,10,91
12/14/2020,CAE,SC,ASO,ES,Combined TRACON& Tower with Radar,32,31,20,2,85,0,0,3,0,3,32,31,23,2,88,4,0,4,92
12/15/2020,CAE,SC,ASO,ES,Combined TRACON& Tower with Radar,52,34,38,3,127,0,1,23,1,25,52,35,61,4,152,4,0,4,156
12/16/2020,CAE,SC,ASO,ES,Combined TRACON& Tower with Radar,50,37,24,2,113,0,0,0,0,0,50,37,24,2,113,0,0,0,113
12/17/2020,CAE,SC,ASO,ES,Combined TRACON& Tower with Radar,54,49,26,4,133,0,0,2,0,2,54,49,28,4,135,0,0,0,135
12/18/2020,CAE,SC,ASO,ES,Combined TRACON& Tower with Radar,53,42,30,6,131,0,1,39,0,40,53,43,69,6,171,18,0,18,189
12/19/2020,CAE,SC,ASO,ES,Combined TRACON& Tower with Radar,54,25,32,0,111,0,1,40,0,41,54,26,72,0,152,4,0,4,156
12/20/2020,CAE,SC,ASO,ES,Combined TRACON& Tower with Radar,35,22,24,1,82,0,0,0,0,0,35,22,24,1,82,0,0,0,82
12/21/2020,CAE,SC,ASO,ES,Combined TRACON& Tower with Radar,49,40,27,4,120,0,0,8,0,8,49,40,35,4,128,0,0,0,128
12/22/2020,CAE,SC,ASO,ES,Combined TRACON& Tower with Radar,56,45,24,14,139,0,1,30,2,33,56,46,54,16,172,26,26,52,224
12/23/2020,CAE,SC,ASO,ES,Combined TRACON& Tower with Radar,58,41,33,2,134,0,0,20,0,20,58,41,53,2,154,16,0,16,170
12/24/2020,CAE,SC,ASO,ES,Combined TRACON& Tower with Radar,34,52,13,0,99,0,0,0,0,0,34,52,13,0,99,0,0,0,99
12/25/2020,CAE,SC,ASO,ES,Combined TRACON& Tower with Radar,15,11,1,0,27,0,0,3,0,3,15,11,4,0,30,0,0,0,30
12/26/2020,CAE,SC,ASO,ES,Combined TRACON& Tower with Radar,28,20,29,0,77,0,0,11,0,11,28,20,40,0,88,0,0,0,88
12/27/2020,CAE,SC,ASO,ES,Combined TRACON& Tower with Radar,26,22,27,0,75,0,1,22,0,23,26,23,49,0,98,22,0,22,120
12/28/2020,CAE,SC,ASO,ES,Combined TRACON& Tower with Radar,33,25,34,16,108,0,0,24,0,24,33,25,58,16,132,6,22,28,160
12/29/2020,CAE,SC,ASO,ES,Combined TRACON& Tower with Radar,54,36,36,2,128,0,0,33,0,33,54,36,69,2,161,6,0,6,167
12/30/2020,CAE,SC,ASO,ES,Combined TRACON& Tower with Radar,56,34,26,0,116,0,0,5,2,7,56,34,31,2,123,0,0,0,123
12/31/2020,CAE,SC,ASO,ES,Combined TRACON& Tower with Radar,35,38,11,0,84,0,0,0,0,0,35,38,11,0,84,0,0,0,84
01/01/2021,CAE,SC,ASO,ES,Combined TRACON& Tower with Radar,19,13,4,2,38,0,0,0,0,0,19,13,4,2,38,0,0,0,38
01/02/2021,CAE,SC,ASO,ES,Combined TRACON& Tower with Radar,29,22,30,0,81,0,0,0,0,0,29,22,30,0,81,0,0,0,81
01/03/2021,CAE,SC,ASO,ES,Combined TRACON& Tower with Radar,25,28,24,0,77,0,0,16,0,16,25,28,40,0,93,0,0,0,93
01/04/2021,CAE,SC,ASO,ES,Combined TRACON& Tower with Radar,30,28,25,2,85,0,0,29,0,29,30,28,54,2,114,4,0,4,118
01/05/2021,CAE,SC,ASO,ES,Combined TRACON& Tower with Radar,36,36,20,8,100,0,1,12,5,18,36,37,32,13,118,0,30,30,148
01/06/2021,CAE,SC,ASO,ES,Combined TRACON& Tower with Radar,35,35,22,18,110,0,3,23,3,29,35,38,45,21,139,0,8,8,147
01/07/2021,CAE,SC,ASO,ES,Combined TRACON& Tower with Radar,37,48,23,1,109,0,0,16,2,18,37,48,39,3,127,4,0,4,131
01/08/2021,CAE,SC,ASO,ES,Combined TRACON& Tower with Radar,29,41,15,6,91,0,0,0,0,0,29,41,15,6,91,0,0,0,91
01/09/2021,CAE,SC,ASO,ES,Combined TRACON& Tower with Radar,24,17,28,0,69,0,0,14,0,14,24,17,42,0,83,8,0,8,91
01/10/2021,CAE,SC,ASO,ES,Combined TRACON& Tower with Radar,22,19,25,6,72,0,0,28,0,28,22,19,53,6,100,0,0,0,100
01/11/2021,CAE,SC,ASO,ES,Combined TRACON& Tower with Radar,27,33,17,12,89,0,4,4,0,8,27,37,21,12,97,0,12,12,109
01/12/2021,CAE,SC,ASO,ES,Combined TRACON& Tower with Radar,34,32,27,2,95,0,0,3,0,3,34,32,30,2,98,6,0,6,104
01/13/2021,CAE,SC,ASO,ES,Combined TRACON& Tower with Radar,34,31,38,18,121,0,0,0,0,0,34,31,38,18,121,0,0,0,121
01/14/2021,CAE,SC,ASO,ES,Combined TRACON& Tower with Radar,36,43,20,12,111,0,0,30,0,30,36,43,50,12,141,0,12,12,153
01/15/2021,CAE,SC,ASO,ES,Combined TRACON& Tower with Radar,30,30,33,12,105,0,0,2,0,2,30,30,35,12,107,0,0,0,107
01/16/2021,CAE,SC,ASO,ES,Combined TRACON& Tower with Radar,22,21,10,0,53,0,0,17,0,17,22,21,27,0,70,0,0,0,70
01/17/2021,CAE,SC,ASO,ES,Combined TRACON& Tower with Radar,22,23,18,0,63,0,0,36,0,36,22,23,54,0,99,10,0,10,109
01/18/2021,CAE,SC,ASO,ES,Combined TRACON& Tower with Radar,30,27,33,0,90,0,0,19,2,21,30,27,52,2,111,0,0,0,111
01/19/2021,CAE,SC,ASO,ES,Combined TRACON& Tower with Radar,34,29,32,22,117,0,0,29,6,35,34,29,61,28,152,22,16,38,190
01/20/2021,CAE,SC,ASO,ES,Combined TRACON& Tower with Radar,34,29,25,14,102,0,0,19,0,19,34,29,44,14,121,8,10,18,139
01/21/2021,CAE,SC,ASO,ES,Combined TRACON& Tower with Radar,40,36,25,6,107,0,1,11,3,15,40,37,36,9,122,0,4,4,126
01/22/2021,CAE,SC,ASO,ES,Combined TRACON& Tower with Radar,29,35,27,0,91,0,0,34,0,34,29,35,61,0,125,8,0,8,133
01/23/2021,CAE,SC,ASO,ES,Combined TRACON& Tower with Radar,21,19,21,0,61,0,0,37,0,37,21,19,58,0,98,30,0,30,128
01/24/2021,CAE,SC,ASO,ES,Combined TRACON& Tower with Radar,23,15,27,0,65,0,0,31,1,32,23,15,58,1,97,0,0,0,97
01/25/2021,CAE,SC,ASO,ES,Combined TRACON& Tower with Radar,32,38,17,33,120,0,0,4,4,8,32,38,21,37,128,0,20,20,148
01/26/2021,CAE,SC,ASO,ES,Combined TRACON& Tower with Radar,38,47,31,21,137,0,3,5,1,9,38,50,36,22,146,0,0,0,146
01/27/2021,CAE,SC,ASO,ES,Combined TRACON& Tower with Radar,35,30,35,8,108,0,0,8,0,8,35,30,43,8,116,0,0,0,116
01/28/2021,CAE,SC,ASO,ES,Combined TRACON& Tower with Radar,36,44,24,4,108,0,0,21,7,28,36,44,45,11,136,12,20,32,168
01/29/2021,CAE,SC,ASO,ES,Combined TRACON& Tower with Radar,30,35,33,4,102,0,0,52,1,53,30,35,85,5,155,6,20,26,181
01/30/2021,CAE,SC,ASO,ES,Combined TRACON& Tower with Radar,22,21,22,0,65,0,2,33,0,35,22,23,55,0,100,18,0,18,118
01/31/2021,CAE,SC,ASO,ES,Combined TRACON& Tower with Radar,24,21,12,0,57,0,0,0,0,0,24,21,12,0,57,0,0,0,57
02/01/2021,CAE,SC,ASO,ES,Combined TRACON& Tower with Radar,28,28,20,3,79,0,0,0,0,0,28,28,20,3,79,0,0,0,79
02/02/2021,CAE,SC,ASO,ES,Combined TRACON& Tower with Radar,35,31,33,10,109,0,0,21,0,21,35,31,54,10,130,0,4,4,134
02/03/2021,CAE,SC,ASO,ES,Combined TRACON& Tower with Radar,35,35,31,18,119,0,0,34,0,34,35,35,65,18,153,0,24,24,177
02/04/2021,CAE,SC,ASO,ES,Combined TRACON& Tower with Radar,37,47,41,24,149,0,0,46,0,46,37,47,87,24,195,14,20,34,229
02/05/2021,CAE,SC,ASO,ES,Combined TRACON& Tower with Radar,38,42,36,6,122,0,2,6,0,8,38,44,42,6,130,2,10,12,142
02/06/2021,CAE,SC,ASO,ES,Combined TRACON& Tower with Radar,22,18,25,0,65,0,0,27,0,27,22,18,52,0,92,0,0,0,92
02/07/2021,CAE,SC,ASO,ES,Combined TRACON& Tower with Radar,20,18,16,0,54,0,0,8,0,8,20,18,24,0,62,22,0,22,84
02/08/2021,CAE,SC,ASO,ES,Combined TRACON& Tower with Radar,29,28,34,0,91,0,0,43,0,43,29,28,77,0,134,50,0,50,184
02/09/2021,CAE,SC,ASO,ES,Combined TRACON& Tower with Radar,41,36,40,9,126,0,0,17,4,21,41,36,57,13,147,24,46,70,217
02/10/2021,CAE,SC,ASO,ES,Combined TRACON& Tower with Radar,34,33,34,11,112,0,0,16,3,19,34,33,50,14,131,24,8,32,163
02/11/2021,CAE,SC,ASO,ES,Combined TRACON& Tower with Radar,41,46,24,0,111,0,0,4,0,4,41,46,28,0,115,2,0,2,117
02/12/2021,CAE,SC,ASO,ES,Combined TRACON& Tower with Radar,35,35,27,0,97,0,0,0,0,0,35,35,27,0,97,0,0,0,97
02/13/2021,CAE,SC,ASO,ES,Combined TRACON& Tower with Radar,25,15,20,0,60,0,0,0,0,0,25,15,20,0,60,0,0,0,60
02/14/2021,CAE,SC,ASO,ES,Combined TRACON& Tower with Radar,19,25,10,0,54,0,0,0,0,0,19,25,10,0,54,0,0,0,54
02/15/2021,CAE,SC,ASO,ES,Combined TRACON& Tower with Radar,21,29,8,0,58,0,0,0,0,0,21,29,8,0,58,0,0,0,58
02/16/2021,CAE,SC,ASO,ES,Combined TRACON& Tower with Radar,30,38,23,9,100,0,0,19,2,21,30,38,42,11,121,4,0,4,125
02/17/2021,CAE,SC,ASO,ES,Combined TRACON& Tower with Radar,32,34,26,10,102,0,0,48,1,49,32,34,74,11,151,2,0,2,153
02/18/2021,CAE,SC,ASO,ES,Combined TRACON& Tower with Radar,36,39,15,1,91,0,0,0,0,0,36,39,15,1,91,0,0,0,91
02/19/2021,CAE,SC,ASO,ES,Combined TRACON& Tower with Radar,32,45,26,5,108,0,0,4,0,4,32,45,30,5,112,18,0,18,130
02/20/2021,CAE,SC,ASO,ES,Combined TRACON& Tower with Radar,26,20,37,4,87,0,0,52,0,52,26,20,89,4,139,16,0,16,155
02/21/2021,CAE,SC,ASO,ES,Combined TRACON& Tower with Radar,25,27,28,1,81,0,1,41,0,42,25,28,69,1,123,40,0,40,163
02/22/2021,CAE,SC,ASO,ES,Combined TRACON& Tower with Radar,30,31,24,8,93,0,0,5,0,5,30,31,29,8,98,6,0,6,104
02/23/2021,CAE,SC,ASO,ES,Combined TRACON& Tower with Radar,44,30,24,8,106,0,1,42,0,43,44,31,66,8,149,78,6,84,233
02/24/2021,CAE,SC,ASO,ES,Combined TRACON& Tower with Radar,36,35,33,0,104,0,1,54,0,55,36,36,87,0,159,0,0,0,159
02/25/2021,CAE,SC,ASO,ES,Combined TRACON& Tower with Radar,41,43,49,13,146,0,1,53,1,55,41,44,102,14,201,12,35,47,248
02/26/2021,CAE,SC,ASO,ES,Combined TRACON& Tower with Radar,39,38,22,8,107,0,0,5,1,6,39,38,27,9,113,0,0,0,113
02/27/2021,CAE,SC,ASO,ES,Combined TRACON& Tower with Radar,25,20,38,0,83,0,0,38,0,38,25,20,76,0,121,2,0,2,123
02/28/2021,CAE,SC,ASO,ES,Combined TRACON& Tower with Radar,35,26,24,8,93,0,1,6,0,7,35,27,30,8,100,4,0,4,104
03/01/2021,CAE,SC,ASO,ES,Combined TRACON& Tower with Radar,32,38,36,18,124,0,2,7,0,9,32,40,43,18,133,8,14,22,155
03/02/2021,CAE,SC,ASO,ES,Combined TRACON& Tower with Radar,42,32,32,10,116,0,0,26,0,26,42,32,58,10,142,6,10,16,158
03/03/2021,CAE,SC,ASO,ES,Combined TRACON& Tower with Radar,37,33,29,4,103,0,0,17,2,19,37,33,46,6,122,2,0,2,124
03/04/2021,CAE,SC,ASO,ES,Combined TRACON& Tower with Radar,41,43,23,6,113,0,0,47,0,47,41,43,70,6,160,48,4,52,212
03/05/2021,CAE,SC,ASO,ES,Combined TRACON& Tower with Radar,35,39,28,12,114,0,0,32,0,32,35,39,60,12,146,56,20,76,222
03/06/2021,CAE,SC,ASO,ES,Combined TRACON& Tower with Radar,26,22,14,0,62,0,0,24,0,24,26,22,38,0,86,22,0,22,108
03/07/2021,CAE,SC,ASO,ES,Combined TRACON& Tower with Radar,24,18,23,6,71,0,0,25,0,25,24,18,48,6,96,2,0,2,98
03/08/2021,CAE,SC,ASO,ES,Combined TRACON& Tower with Radar,33,30,33,0,96,0,0,44,0,44,33,30,77,0,140,0,0,0,140
03/09/2021,CAE,SC,ASO,ES,Combined TRACON& Tower with Radar,40,38,31,10,119,0,0,36,0,36,40,38,67,10,155,0,0,0,155
03/10/2021,CAE,SC,ASO,ES,Combined TRACON& Tower with Radar,38,43,39,22,142,0,0,27,0,27,38,43,66,22,169,48,0,48,217
03/11/2021,CAE,SC,ASO,ES,Combined TRACON& Tower with Radar,41,53,35,18,147,0,2,42,0,44,41,55,77,18,191,62,6,68,259
03/12/2021,CAE,SC,ASO,ES,Combined TRACON& Tower with Radar,38,46,34,18,136,0,0,31,1,32,38,46,65,19,168,76,22,98,266
03/13/2021,CAE,SC,ASO,ES,Combined TRACON& Tower with Radar,26,25,19,0,70,0,1,28,1,30,26,26,47,1,100,6,0,6,106
03/14/2021,CAE,SC,ASO,ES,Combined TRACON& Tower with Radar,25,25,27,2,79,0,0,4,0,4,25,25,31,2,83,6,0,6,89
03/15/2021,CAE,SC,ASO,ES,Combined TRACON& Tower with Radar,32,35,30,26,123,0,0,15,0,15,32,35,45,26,138,46,12,58,196
03/16/2021,CAE,SC,ASO,ES,Combined TRACON& Tower with Radar,41,40,9,2,92,0,0,0,0,0,41,40,9,2,92,0,0,0,92
03/17/2021,CAE,SC,ASO,ES,Combined TRACON& Tower with Radar,35,37,43,2,117,0,0,1,0,1,35,37,44,2,118,0,0,0,118
03/18/2021,CAE,SC,ASO,ES,Combined TRACON& Tower with Radar,50,55,15,0,120,0,3,0,0,3,50,58,15,0,123,0,0,0,123
03/19/2021,CAE,SC,ASO,ES,Combined TRACON& Tower with Radar,39,53,47,19,158,0,0,24,2,26,39,53,71,21,184,8,4,12,196
03/20/2021,CAE,SC,ASO,ES,Combined TRACON& Tower with Radar,26,20,28,0,74,0,2,9,0,11,26,22,37,0,85,30,0,30,115
03/21/2021,CAE,SC,ASO,ES,Combined TRACON& Tower with Radar,25,31,19,0,75,0,0,10,0,10,25,31,29,0,85,0,0,0,85
03/22/2021,CAE,SC,ASO,ES,Combined TRACON& Tower with Radar,34,36,24,14,108,0,1,23,0,24,34,37,47,14,132,28,16,44,176
03/23/2021,CAE,SC,ASO,ES,Combined TRACON& Tower with Radar,38,43,48,38,167,0,0,17,0,17,38,43,65,38,184,56,21,77,261
03/24/2021,CAE,SC,ASO,ES,Combined TRACON& Tower with Radar,38,48,33,29,148,0,0,13,2,15,38,48,46,31,163,6,20,26,189
03/25/2021,CAE,SC,ASO,ES,Combined TRACON& Tower with Radar,60,46,32,14,152,0,0,12,3,15,60,46,44,17,167,22,20,42,209
03/26/2021,CAE,SC,ASO,ES,Combined TRACON& Tower with Radar,41,40,31,1,113,0,0,0,0,0,41,40,31,1,113,0,0,0,113
03/27/2021,CAE,SC,ASO,ES,Combined TRACON& Tower with Radar,36,25,39,0,100,0,0,13,0,13,36,25,52,0,113,12,0,12,125
03/28/2021,CAE,SC,ASO,ES,Combined TRACON& Tower with Radar,33,24,8,0,65,0,0,9,0,9,33,24,17,0,74,0,0,0,74
03/29/2021,CAE,SC,ASO,ES,Combined TRACON& Tower with Radar,33,38,37,28,136,0,1,44,1,46,33,39,81,29,182,48,0,48,230
03/30/2021,CAE,SC,ASO,ES,Combined TRACON& Tower with Radar,38,40,30,14,122,0,0,29,3,32,38,40,59,17,154,14,10,24,178
03/31/2021,CAE,SC,ASO,ES,Combined TRACON& Tower with Radar,40,40,36,3,119,0,0,2,1,3,40,40,38,4,122,6,0,6,128
04/01/2021,CAE,SC,ASO,ES,Combined TRACON& Tower with Radar,44,53,44,18,159,0,1,12,3,16,44,54,56,21,175,10,2,12,187
04/02/2021,CAE,SC,ASO,ES,Combined TRACON& Tower with Radar,43,44,33,0,120,0,1,34,0,35,43,45,67,0,155,24,0,24,179
04/03/2021,CAE,SC,ASO,ES,Combined TRACON& Tower with Radar,26,27,16,0,69,0,2,32,0,34,26,29,48,0,103,22,0,22,125
04/04/2021,CAE,SC,ASO,ES,Combined TRACON& Tower with Radar,26,25,8,0,59,0,4,17,0,21,26,29,25,0,80,10,0,10,90
04/05/2021,CAE,SC,ASO,ES,Combined TRACON& Tower with Radar,34,41,30,28,133,0,0,15,0,15,34,41,45,28,148,36,16,52,200
04/06/2021,CAE,SC,ASO,ES,Combined TRACON& Tower with Radar,44,39,44,12,139,0,0,38,0,38,44,39,82,12,177,58,4,62,239
04/07/2021,CAE,SC,ASO,ES,Combined TRACON& Tower with Radar,42,48,44,25,159,0,1,27,8,36,42,49,71,33,195,70,22,92,287
04/08/2021,CAE,SC,ASO,ES,Combined TRACON& Tower with Radar,42,50,50,2,144,0,0,19,0,19,42,50,69,2,163,30,0,30,193
04/09/2021,CAE,SC,ASO,ES,Combined TRACON& Tower with Radar,45,43,38,12,138,0,0,18,0,18,45,43,56,12,156,22,10,32,188
04/10/2021,CAE,SC,ASO,ES,Combined TRACON& Tower with Radar,25,26,16,5,72,0,0,3,1,4,25,26,19,6,76,2,6,8,84
04/11/2021,CAE,SC,ASO,ES,Combined TRACON& Tower with Radar,31,27,19,0,77,0,0,15,0,15,31,27,34,0,92,2,0,2,94
04/12/2021,CAE,SC,ASO,ES,Combined TRACON& Tower with Radar,32,37,39,27,135,0,1,33,2,36,32,38,72,29,171,40,20,60,231
04/13/2021,CAE,SC,ASO,ES,Combined TRACON& Tower with Radar,40,44,40,26,150,0,6,26,0,32,40,50,66,26,182,2,32,34,216
04/14/2021,CAE,SC,ASO,ES,Combined TRACON& Tower with Radar,42,42,30,4,118,0,0,18,13,31,42,42,48,17,149,64,16,80,229
04/15/2021,CAE,SC,ASO,ES,Combined TRACON& Tower with Radar,43,53,32,25,153,0,4,29,2,35,43,57,61,27,188,34,16,50,238
04/16/2021,CAE,SC,ASO,ES,Combined TRACON& Tower with Radar,41,44,26,25,136,0,5,36,1,42,41,49,62,26,178,26,24,50,228
04/17/2021,CAE,SC,ASO,ES,Combined TRACON& Tower with Radar,26,24,11,0,61,0,0,34,0,34,26,24,45,0,95,4,0,4,99
04/18/2021,CAE,SC,ASO,ES,Combined TRACON& Tower with Radar,30,22,28,0,80,0,0,28,0,28,30,22,56,0,108,94,0,94,202
04/19/2021,CAE,SC,ASO,ES,Combined TRACON& Tower with Radar,32,31,34,22,119,0,0,28,0,28,32,31,62,22,147,16,0,16,163
04/20/2021,CAE,SC,ASO,ES,Combined TRACON& Tower with Radar,42,41,20,16,119,0,2,27,0,29,42,43,47,16,148,50,6,56,204
04/21/2021,CAE,SC,ASO,ES,Combined TRACON& Tower with Radar,43,38,44,4,129,0,0,14,0,14,43,38,58,4,143,14,0,14,157
04/22/2021,CAE,SC,ASO,ES,Combined TRACON& Tower with Radar,43,50,38,22,153,0,1,38,0,39,43,51,76,22,192,28,28,56,248
04/23/2021,CAE,SC,ASO,ES,Combined TRACON& Tower with Radar,37,39,33,11,120,0,0,33,2,35,37,39,66,13,155,16,0,16,171
04/24/2021,CAE,SC,ASO,ES,Combined TRACON& Tower with Radar,31,26,5,0,62,0,0,1,0,1,31,26,6,0,63,0,0,0,63
04/25/2021,CAE,SC,ASO,ES,Combined TRACON& Tower with Radar,26,32,26,1,85,0,0,17,0,17,26,32,43,1,102,6,0,6,108
04/26/2021,CAE,SC,ASO,ES,Combined TRACON& Tower with Radar,32,36,56,20,144,0,0,36,5,41,32,36,92,25,185,18,14,32,217
04/27/2021,CAE,SC,ASO,ES,Combined TRACON& Tower with Radar,40,38,37,15,130,0,0,30,1,31,40,38,67,16,161,4,34,38,199
04/28/2021,CAE,SC,ASO,ES,Combined TRACON& Tower with Radar,42,42,38,23,145,0,0,33,0,33,42,42,71,23,178,44,0,44,222
04/29/2021,CAE,SC,ASO,ES,Combined TRACON& Tower with Radar,43,50,33,3,129,0,2,15,2,19,43,52,48,5,148,50,0,50,198
04/30/2021,CAE,SC,ASO,ES,Combined TRACON& Tower with Radar,41,41,34,11,127,0,0,19,1,20,41,41,53,12,147,42,8,50,197
05/01/2021,CAE,SC,ASO,ES,Combined TRACON& Tower with Radar,24,28,18,0,70,0,0,32,4,36,24,28,50,4,106,48,8,56,162
05/02/2021,CAE,SC,ASO,ES,Combined TRACON& Tower with Radar,26,29,27,2,84,0,0,22,1,23,26,29,49,3,107,8,0,8,115
05/03/2021,CAE,SC,ASO,ES,Combined TRACON& Tower with Radar,30,26,13,18,87,0,0,1,5,6,30,26,14,23,93,24,22,46,139
05/04/2021,CAE,SC,ASO,ES,Combined TRACON& Tower with Radar,50,45,41,8,144,0,6,9,3,18,50,51,50,11,162,32,2,34,196
05/05/2021,CAE,SC,ASO,ES,Combined TRACON& Tower with Radar,40,46,25,18,129,0,0,19,3,22,40,46,44,21,151,52,10,62,213
05/06/2021,CAE,SC,ASO,ES,Combined TRACON& Tower with Radar,47,51,43,9,150,0,0,29,1,30,47,51,72,10,180,34,6,40,220
05/07/2021,CAE,SC,ASO,ES,Combined TRACON& Tower with Radar,46,46,24,3,119,0,1,34,4,39,46,47,58,7,158,54,0,54,212
05/08/2021,CAE,SC,ASO,ES,Combined TRACON& Tower with Radar,30,19,23,2,74,0,2,27,1,30,30,21,50,3,104,22,0,22,126
05/09/2021,CAE,SC,ASO,ES,Combined TRACON& Tower with Radar,28,28,23,1,80,0,0,14,0,14,28,28,37,1,94,0,0,0,94
05/10/2021,CAE,SC,ASO,ES,Combined TRACON& Tower with Radar,37,30,41,15,123,0,0,30,1,31,37,30,71,16,154,0,2,2,156
05/11/2021,CAE,SC,ASO,ES,Combined TRACON& Tower with Radar,46,34,63,11,154,0,0,6,2,8,46,34,69,13,162,72,0,72,234
05/12/2021,CAE,SC,ASO,ES,Combined TRACON& Tower with Radar,48,39,26,2,115,0,0,1,0,1,48,39,27,2,116,4,0,4,120
05/13/2021,CAE,SC,ASO,ES,Combined TRACON& Tower with Radar,47,49,30,4,130,0,1,19,2,22,47,50,49,6,152,32,0,32,184
05/14/2021,CAE,SC,ASO,ES,Combined TRACON& Tower with Radar,45,38,39,0,122,0,0,32,0,32,45,38,71,0,154,74,0,74,228
05/15/2021,CAE,SC,ASO,ES,Combined TRACON& Tower with Radar,30,17,27,0,74,0,0,26,0,26,30,17,53,0,100,26,0,26,126
05/16/2021,CAE,SC,ASO,ES,Combined TRACON& Tower with Radar,28,25,25,2,80,0,0,20,0,20,28,25,45,2,100,14,0,14,114
05/17/2021,CAE,SC,ASO,ES,Combined TRACON& Tower with Radar,36,32,34,2,104,0,0,29,0,29,36,32,63,2,133,20,0,20,153
05/18/2021,CAE,SC,ASO,ES,Combined TRACON& Tower with Radar,42,35,26,9,112,0,0,32,1,33,42,35,58,10,145,22,0,22,167
05/19/2021,CAE,SC,ASO,ES,Combined TRACON& Tower with Radar,44,43,39,2,128,0,0,26,0,26,44,43,65,2,154,0,0,0,154
05/20/2021,CAE,SC,ASO,ES,Combined TRACON& Tower with Radar,50,43,34,15,142,0,0,24,10,34,50,43,58,25,176,18,40,58,234
05/21/2021,CAE,SC,ASO,ES,Combined TRACON& Tower with Radar,46,41,30,5,122,0,4,42,0,46,46,45,72,5,168,28,4,32,200
05/22/2021,CAE,SC,ASO,ES,Combined TRACON& Tower with Radar,30,16,16,0,62,0,0,29,0,29,30,16,45,0,91,20,0,20,111
05/23/2021,CAE,SC,ASO,ES,Combined TRACON& Tower with Radar,28,26,33,0,87,0,1,31,0,32,28,27,64,0,119,26,0,26,145
05/24/2021,CAE,SC,ASO,ES,Combined TRACON& Tower with Radar,35,35,29,11,110,0,1,19,0,20,35,36,48,11,130,2,10,12,142
05/25/2021,CAE,SC,ASO,ES,Combined TRACON& Tower with Radar,49,37,47,22,155,0,0,19,0,19,49,37,66,22,174,22,0,22,196
05/26/2021,CAE,SC,ASO,ES,Combined TRACON& Tower with Radar,46,46,51,21,164,0,0,40,6,46,46,46,91,27,210,14,18,32,242
05/27/2021,CAE,SC,ASO,ES,Combined TRACON& Tower with Radar,46,47,37,1,131,0,2,38,0,40,46,49,75,1,171,38,0,38,209
05/28/2021,CAE,SC,ASO,ES,Combined TRACON& Tower with Radar,42,35,32,3,112,0,0,27,1,28,42,35,59,4,140,4,0,4,144
05/29/2021,CAE,SC,ASO,ES,Combined TRACON& Tower with Radar,30,15,17,0,62,0,0,6,0,6,30,15,23,0,68,38,0,38,106
05/30/2021,CAE,SC,ASO,ES,Combined TRACON& Tower with Radar,28,19,19,0,66,0,0,10,0,10,28,19,29,0,76,36,0,36,112
05/31/2021,CAE,SC,ASO,ES,Combined TRACON& Tower with Radar,30,15,19,0,64,0,1,26,0,27,30,16,45,0,91,40,0,40,131
06/01/2021,CAE,SC,ASO,ES,Combined TRACON& Tower with Radar,36,38,19,2,95,0,0,45,4,49,36,38,64,6,144,36,6,42,186
06/02/2021,CAE,SC,ASO,ES,Combined TRACON& Tower with Radar,46,41,43,26,156,0,0,10,0,10,46,41,53,26,166,74,0,74,240
06/03/2021,CAE,SC,ASO,ES,Combined TRACON& Tower with Radar,43,45,44,17,149,0,0,6,0,6,43,45,50,17,155,90,8,98,253
06/04/2021,CAE,SC,ASO,ES,Combined TRACON& Tower with Radar,44,45,39,8,136,0,0,19,0,19,44,45,58,8,155,0,8,8,163
06/05/2021,CAE,SC,ASO,ES,Combined TRACON& Tower with Radar,25,27,11,6,69,0,0,13,0,13,25,27,24,6,82,14,6,20,102
06/06/2021,CAE,SC,ASO,ES,Combined TRACON& Tower with Radar,33,26,20,0,79,0,0,2,0,2,33,26,22,0,81,0,0,0,81
06/07/2021,CAE,SC,ASO,ES,Combined TRACON& Tower with Radar,35,32,30,0,97,0,0,2,0,2,35,32,32,0,99,40,0,40,139
06/08/2021,CAE,SC,ASO,ES,Combined TRACON& Tower with Radar,46,44,34,2,126,0,0,6,1,7,46,44,40,3,133,2,4,6,139
06/09/2021,CAE,SC,ASO,ES,Combined TRACON& Tower with Radar,46,46,26,7,125,0,0,16,0,16,46,46,42,7,141,94,0,94,235
06/10/2021,CAE,SC,ASO,ES,Combined TRACON& Tower with Radar,51,50,43,10,154,0,0,25,0,25,51,50,68,10,179,38,18,56,235
06/11/2021,CAE,SC,ASO,ES,Combined TRACON& Tower with Radar,48,39,32,6,125,0,0,13,0,13,48,39,45,6,138,32,12,44,182
06/12/2021,CAE,SC,ASO,ES,Combined TRACON& Tower with Radar,29,29,23,1,82,0,0,12,0,12,29,29,35,1,94,20,0,20,114
06/13/2021,CAE,SC,ASO,ES,Combined TRACON& Tower with Radar,34,28,24,0,86,0,0,15,0,15,34,28,39,0,101,20,0,20,121
06/14/2021,CAE,SC,ASO,ES,Combined TRACON& Tower with Radar,38,38,18,4,98,0,6,28,0,34,38,44,46,4,132,42,0,42,174
06/15/2021,CAE,SC,ASO,ES,Combined TRACON& Tower with Radar,47,46,49,10,152,0,5,50,0,55,47,51,99,10,207,0,12,12,219
06/16/2021,CAE,SC,ASO,ES,Combined TRACON& Tower with Radar,47,54,35,11,147,0,0,46,0,46,47,54,81,11,193,126,0,126,319
06/17/2021,CAE,SC,ASO,ES,Combined TRACON& Tower with Radar,47,51,42,4,144,0,0,49,2,51,47,51,91,6,195,44,0,44,239
06/18/2021,CAE,SC,ASO,ES,Combined TRACON& Tower with Radar,51,44,25,0,120,0,0,38,0,38,51,44,63,0,158,62,0,62,220
06/19/2021,CAE,SC,ASO,ES,Combined TRACON& Tower with Radar,28,29,19,0,76,0,0,32,0,32,28,29,51,0,108,8,0,8,116
06/20/2021,CAE,SC,ASO,ES,Combined TRACON& Tower with Radar,36,23,15,0,74,0,0,0,0,0,36,23,15,0,74,2,0,2,76
06/21/2021,CAE,SC,ASO,ES,Combined TRACON& Tower with Radar,40,36,36,12,124,0,0,23,0,23,40,36,59,12,147,0,16,16,163
06/22/2021,CAE,SC,ASO,ES,Combined TRACON& Tower with Radar,48,45,29,12,134,0,1,3,0,4,48,46,32,12,138,48,0,48,186
06/23/2021,CAE,SC,ASO,ES,Combined TRACON& Tower with Radar,47,45,39,11,142,0,3,19,2,24,47,48,58,13,166,14,22,36,202
06/24/2021,CAE,SC,ASO,ES,Combined TRACON& Tower with Radar,50,45,39,24,158,0,0,44,6,50,50,45,83,30,208,6,24,30,238
06/25/2021,CAE,SC,ASO,ES,Combined TRACON& Tower with Radar,46,39,33,2,120,0,2,31,0,33,46,41,64,2,153,52,0,52,205
06/26/2021,CAE,SC,ASO,ES,Combined TRACON& Tower with Radar,26,22,25,0,73,0,0,20,0,20,26,22,45,0,93,34,0,34,127
06/27/2021,CAE,SC,ASO,ES,Combined TRACON& Tower with Radar,35,26,27,0,88,0,0,14,2,16,35,26,41,2,104,64,0,64,168
06/28/2021,CAE,SC,ASO,ES,Combined TRACON& Tower with Radar,37,32,29,0,98,0,1,15,0,16,37,33,44,0,114,2,0,2,116
06/29/2021,CAE,SC,ASO,ES,Combined TRACON& Tower with Radar,46,45,39,11,141,0,0,19,4,23,46,45,58,15,164,22,8,30,194
06/30/2021,CAE,SC,ASO,ES,Combined TRACON& Tower with Radar,45,42,41,12,140,0,0,29,2,31,45,42,70,14,171,64,18,82,253
07/01/2021,CAE,SC,ASO,ES,Combined TRACON& Tower with Radar,47,44,47,4,142,0,0,19,0,19,47,44,66,4,161,2,0,2,163
07/02/2021,CAE,SC,ASO,ES,Combined TRACON& Tower with Radar,42,45,16,0,103,0,0,0,0,0,42,45,16,0,103,0,0,0,103
07/03/2021,CAE,SC,ASO,ES,Combined TRACON& Tower with Radar,28,23,13,0,64,0,0,35,0,35,28,23,48,0,99,0,0,0,99
07/04/2021,CAE,SC,ASO,ES,Combined TRACON& Tower with Radar,26,22,9,0,57,0,0,16,0,16,26,22,25,0,73,0,0,0,73
07/05/2021,CAE,SC,ASO,ES,Combined TRACON& Tower with Radar,28,27,25,0,80,0,0,37,0,37,28,27,62,0,117,10,0,10,127
07/06/2021,CAE,SC,ASO,ES,Combined TRACON& Tower with Radar,36,48,33,2,119,0,1,28,0,29,36,49,61,2,148,0,0,0,148
07/07/2021,CAE,SC,ASO,ES,Combined TRACON& Tower with Radar,45,40,30,2,117,0,2,27,0,29,45,42,57,2,146,6,0,6,152
07/08/2021,CAE,SC,ASO,ES,Combined TRACON& Tower with Radar,50,54,11,5,120,0,0,2,2,4,50,54,13,7,124,6,0,6,130
07/09/2021,CAE,SC,ASO,ES,Combined TRACON& Tower with Radar,49,42,28,13,132,0,0,15,3,18,49,42,43,16,150,34,6,40,190
07/10/2021,CAE,SC,ASO,ES,Combined TRACON& Tower with Radar,32,26,23,0,81,0,0,24,0,24,32,26,47,0,105,16,0,16,121
07/11/2021,CAE,SC,ASO,ES,Combined TRACON& Tower with Radar,30,28,17,3,78,0,0,24,0,24,30,28,41,3,102,16,0,16,118
07/12/2021,CAE,SC,ASO,ES,Combined TRACON& Tower with Radar,40,34,29,27,130,0,0,10,3,13,40,34,39,30,143,0,32,32,175
07/13/2021,CAE,SC,ASO,ES,Combined TRACON& Tower with Radar,45,49,41,8,143,0,3,26,1,30,45,52,67,9,173,24,8,32,205
07/14/2021,CAE,SC,ASO,ES,Combined TRACON& Tower with Radar,45,50,41,26,162,0,2,20,0,22,45,52,61,26,184,52,24,76,260
07/15/2021,CAE,SC,ASO,ES,Combined TRACON& Tower with Radar,50,58,28,5,141,0,0,35,1,36,50,58,63,6,177,48,0,48,225
07/16/2021,CAE,SC,ASO,ES,Combined TRACON& Tower with Radar,45,37,26,8,116,0,0,25,0,25,45,37,51,8,141,28,12,40,181
07/17/2021,CAE,SC,ASO,ES,Combined TRACON& Tower with Radar,24,22,11,0,57,0,1,19,0,20,24,23,30,0,77,6,0,6,83
07/18/2021,CAE,SC,ASO,ES,Combined TRACON& Tower with Radar,34,31,13,0,78,0,1,18,0,19,34,32,31,0,97,8,0,8,105
07/19/2021,CAE,SC,ASO,ES,Combined TRACON& Tower with Radar,40,34,30,2,106,0,0,6,0,6,40,34,36,2,112,0,0,0,112
07/20/2021,CAE,SC,ASO,ES,Combined TRACON& Tower with Radar,42,51,28,1,122,0,0,3,0,3,42,51,31,1,125,0,0,0,125
07/21/2021,CAE,SC,ASO,ES,Combined TRACON& Tower with Radar,44,57,43,3,147,0,1,31,2,34,44,58,74,5,181,62,0,62,243
07/22/2021,CAE,SC,ASO,ES,Combined TRACON& Tower with Radar,51,47,29,0,127,0,0,25,0,25,51,47,54,0,152,26,0,26,178
07/23/2021,CAE,SC,ASO,ES,Combined TRACON& Tower with Radar,43,43,30,6,122,0,0,23,0,23,43,43,53,6,145,22,4,26,171
07/24/2021,CAE,SC,ASO,ES,Combined TRACON& Tower with Radar,28,29,20,0,77,0,2,28,0,30,28,31,48,0,107,4,0,4,111
07/25/2021,CAE,SC,ASO,ES,Combined TRACON& Tower with Radar,34,31,12,3,80,0,0,28,1,29,34,31,40,4,109,2,0,2,111
07/26/2021,CAE,SC,ASO,ES,Combined TRACON& Tower with Radar,55,34,29,3,121,0,1,19,6,26,55,35,48,9,147,40,0,40,187
07/27/2021,CAE,SC,ASO,ES,Combined TRACON& Tower with Radar,54,43,35,6,138,0,0,7,4,11,54,43,42,10,149,32,0,32,181
07/28/2021,CAE,SC,ASO,ES,Combined TRACON& Tower with Radar,47,51,47,26,171,0,0,14,6,20,47,51,61,32,191,46,14,60,251
07/29/2021,CAE,SC,ASO,ES,Combined TRACON& Tower with Radar,49,47,31,5,132,0,0,18,0,18,49,47,49,5,150,42,22,64,214
07/30/2021,CAE,SC,ASO,ES,Combined TRACON& Tower with Radar,42,38,33,12,125,0,0,24,0,24,42,38,57,12,149,100,4,104,253
07/31/2021,CAE,SC,ASO,ES,Combined TRACON& Tower with Radar,32,29,23,0,84,0,0,24,0,24,32,29,47,0,108,76,0,76,184
08/01/2021,CAE,SC,ASO,ES,Combined TRACON& Tower with Radar,25,29,19,0,73,0,0,15,8,23,25,29,34,8,96,4,0,4,100
08/02/2021,CAE,SC,ASO,ES,Combined TRACON& Tower with Radar,39,39,33,5,116,0,0,24,1,25,39,39,57,6,141,26,0,26,167
08/03/2021,CAE,SC,ASO,ES,Combined TRACON& Tower with Radar,48,38,20,2,108,0,0,3,0,3,48,38,23,2,111,58,0,58,169
08/04/2021,CAE,SC,ASO,ES,Combined TRACON& Tower with Radar,46,49,28,6,129,0,1,6,1,8,46,50,34,7,137,86,0,86,223
08/05/2021,CAE,SC,ASO,ES,Combined TRACON& Tower with Radar,43,51,44,8,146,0,0,18,4,22,43,51,62,12,168,44,0,44,212
08/06/2021,CAE,SC,ASO,ES,Combined TRACON& Tower with Radar,41,50,24,3,118,0,0,3,0,3,41,50,27,3,121,0,0,0,121
08/07/2021,CAE,SC,ASO,ES,Combined TRACON& Tower with Radar,23,25,20,1,69,0,0,5,0,5,23,25,25,1,74,110,0,110,184
08/08/2021,CAE,SC,ASO,ES,Combined TRACON& Tower with Radar,28,28,16,2,74,0,0,24,0,24,28,28,40,2,98,6,0,6,104
08/09/2021,CAE,SC,ASO,ES,Combined TRACON& Tower with Radar,35,36,30,2,103,0,0,23,0,23,35,36,53,2,126,42,0,42,168
08/10/2021,CAE,SC,ASO,ES,Combined TRACON& Tower with Radar,45,41,42,4,132,0,0,20,2,22,45,41,62,6,154,30,2,32,186
08/11/2021,CAE,SC,ASO,ES,Combined TRACON& Tower with Radar,44,50,30,20,144,0,1,33,2,36,44,51,63,22,180,14,20,34,214
08/12/2021,CAE,SC,ASO,ES,Combined TRACON& Tower with Radar,45,51,22,19,137,0,1,27,1,29,45,52,49,20,166,42,30,72,238
08/13/2021,CAE,SC,ASO,ES,Combined TRACON& Tower with Radar,50,45,34,5,134,0,0,24,1,25,50,45,58,6,159,34,8,42,201
08/14/2021,CAE,SC,ASO,ES,Combined TRACON& Tower with Radar,29,24,23,0,76,0,0,35,0,35,29,24,58,0,111,8,0,8,119
08/15/2021,CAE,SC,ASO,ES,Combined TRACON& Tower with Radar,26,30,23,0,79,0,0,3,0,3,26,30,26,0,82,2,0,2,84
08/16/2021,CAE,SC,ASO,ES,Combined TRACON& Tower with Radar,39,38,38,0,115,0,0,0,0,0,39,38,38,0,115,0,0,0,115
08/17/2021,CAE,SC,ASO,ES,Combined TRACON& Tower with Radar,47,38,23,0,108,0,0,0,0,0,47,38,23,0,108,0,0,0,108
08/18/2021,CAE,SC,ASO,ES,Combined TRACON& Tower with Radar,49,46,33,16,144,0,0,25,2,27,49,46,58,18,171,24,16,40,211
08/19/2021,CAE,SC,ASO,ES,Combined TRACON& Tower with Radar,53,54,24,12,143,0,0,17,2,19,53,54,41,14,162,18,20,38,200
08/20/2021,CAE,SC,ASO,ES,Combined TRACON& Tower with Radar,46,40,29,10,125,0,0,21,0,21,46,40,50,10,146,20,8,28,174
08/21/2021,CAE,SC,ASO,ES,Combined TRACON& Tower with Radar,32,21,18,4,75,0,0,17,1,18,32,21,35,5,93,10,0,10,103
08/22/2021,CAE,SC,ASO,ES,Combined TRACON& Tower with Radar,33,28,16,0,77,0,0,5,0,5,33,28,21,0,82,6,0,6,88
08/23/2021,CAE,SC,ASO,ES,Combined TRACON& Tower with Radar,41,31,27,13,112,0,0,6,0,6,41,31,33,13,118,0,0,0,118
08/24/2021,CAE,SC,ASO,ES,Combined TRACON& Tower with Radar,50,43,34,14,141,0,0,25,0,25,50,43,59,14,166,30,6,36,202
08/25/2021,CAE,SC,ASO,ES,Combined TRACON& Tower with Radar,46,48,34,5,133,0,0,19,1,20,46,48,53,6,153,16,6,22,175
08/26/2021,CAE,SC,ASO,ES,Combined TRACON& Tower with Radar,52,49,47,4,152,0,1,30,0,31,52,50,77,4,183,48,14,62,245
08/27/2021,CAE,SC,ASO,ES,Combined TRACON& Tower with Radar,45,44,33,10,132,0,0,19,0,19,45,44,52,10,151,36,12,48,199
08/28/2021,CAE,SC,ASO,ES,Combined TRACON& Tower with Radar,32,33,22,1,88,0,0,21,0,21,32,33,43,1,109,34,0,34,143
08/29/2021,CAE,SC,ASO,ES,Combined TRACON& Tower with Radar,35,32,26,0,93,0,0,13,0,13,35,32,39,0,106,20,0,20,126
08/30/2021,CAE,SC,ASO,ES,Combined TRACON& Tower with Radar,39,34,36,5,114,0,0,31,1,32,39,34,67,6,146,28,18,46,192
08/31/2021,CAE,SC,ASO,ES,Combined TRACON& Tower with Radar,51,40,26,2,119,0,0,14,0,14,51,40,40,2,133,46,0,46,179
09/01/2021,CAE,SC,ASO,ES,Combined TRACON& Tower with Radar,63,42,26,6,137,0,0,2,0,2,63,42,28,6,139,60,4,64,203
09/02/2021,CAE,SC,ASO,ES,Combined TRACON& Tower with Radar,53,58,33,3,147,0,0,30,2,32,53,58,63,5,179,42,0,42,221
09/03/2021,CAE,SC,ASO,ES,Combined TRACON& Tower with Radar,45,53,25,3,126,0,0,22,0,22,45,53,47,3,148,26,0,26,174
09/04/2021,CAE,SC,ASO,ES,Combined TRACON& Tower with Radar,33,21,18,0,72,0,0,25,0,25,33,21,43,0,97,0,0,0,97
09/05/2021,CAE,SC,ASO,ES,Combined TRACON& Tower with Radar,25,17,15,0,57,0,1,14,0,15,25,18,29,0,72,2,0,2,74
09/06/2021,CAE,SC,ASO,ES,Combined TRACON& Tower with Radar,38,17,22,1,78,0,0,11,0,11,38,17,33,1,89,10,0,10,99
09/07/2021,CAE,SC,ASO,ES,Combined TRACON& Tower with Radar,41,36,21,2,100,0,1,28,0,29,41,37,49,2,129,45,0,45,174
09/08/2021,CAE,SC,ASO,ES,Combined TRACON& Tower with Radar,49,48,31,15,143,0,0,4,0,4,49,48,35,15,147,40,0,40,187
09/09/2021,CAE,SC,ASO,ES,Combined TRACON& Tower with Radar,57,49,20,21,147,0,0,11,0,11,57,49,31,21,158,30,6,36,194
09/10/2021,CAE,SC,ASO,ES,Combined TRACON& Tower with Radar,47,45,42,10,144,0,0,45,1,46,47,45,87,11,190,30,10,40,230
09/11/2021,CAE,SC,ASO,ES,Combined TRACON& Tower with Radar,37,21,17,2,77,0,0,36,0,36,37,21,53,2,113,10,4,14,127
09/12/2021,CAE,SC,ASO,ES,Combined TRACON& Tower with Radar,36,25,24,5,90,0,0,33,1,34,36,25,57,6,124,22,10,32,156
09/13/2021,CAE,SC,ASO,ES,Combined TRACON& Tower with Radar,44,30,25,12,111,0,0,37,4,41,44,30,62,16,152,34,14,48,200
09/14/2021,CAE,SC,ASO,ES,Combined TRACON& Tower with Radar,52,40,34,2,128,0,2,30,11,43,52,42,64,13,171,28,0,28,199
09/15/2021,CAE,SC,ASO,ES,Combined TRACON& Tower with Radar,52,41,41,0,134,0,0,9,4,13,52,41,50,4,147,18,0,18,165
09/16/2021,CAE,SC,ASO,ES,Combined TRACON& Tower with Radar,54,52,36,0,142,0,0,1,0,1,54,52,37,0,143,0,0,0,143
09/17/2021,CAE,SC,ASO,ES,Combined TRACON& Tower with Radar,51,41,43,12,147,0,0,29,0,29,51,41,72,12,176,36,0,36,212
09/18/2021,CAE,SC,ASO,ES,Combined TRACON& Tower with Radar,39,18,11,0,68,0,0,20,0,20,39,18,31,0,88,32,0,32,120
09/19/2021,CAE,SC,ASO,ES,Combined TRACON& Tower with Radar,41,38,15,2,96,0,1,7,0,8,41,39,22,2,104,4,0,4,108
09/20/2021,CAE,SC,ASO,ES,Combined TRACON& Tower with Radar,46,35,39,18,138,0,0,2,0,2,46,35,41,18,140,0,12,12,152
09/21/2021,CAE,SC,ASO,ES,Combined TRACON& Tower with Radar,54,45,32,2,133,0,0,4,0,4,54,45,36,2,137,10,0,10,147
09/22/2021,CAE,SC,ASO,ES,Combined TRACON& Tower with Radar,55,39,42,20,156,0,0,0,0,0,55,39,42,20,156,36,12,48,204
09/23/2021,CAE,SC,ASO,ES,Combined TRACON& Tower with Radar,52,51,46,32,181,0,0,41,3,44,52,51,87,35,225,26,8,34,259
09/24/2021,CAE,SC,ASO,ES,Combined TRACON& Tower with Radar,49,50,45,4,148,0,0,48,0,48,49,50,93,4,196,30,0,30,226
09/25/2021,CAE,SC,ASO,ES,Combined TRACON& Tower with Radar,36,20,25,4,85,0,0,27,2,29,36,20,52,6,114,0,0,0,114
09/26/2021,CAE,SC,ASO,ES,Combined TRACON& Tower with Radar,43,35,24,6,108,0,0,29,1,30,43,35,53,7,138,48,0,48,186
09/27/2021,CAE,SC,ASO,ES,Combined TRACON& Tower with Radar,44,31,32,10,117,0,0,46,0,46,44,31,78,10,163,42,6,48,211
09/28/2021,CAE,SC,ASO,ES,Combined TRACON& Tower with Radar,53,36,31,35,155,0,1,29,0,30,53,37,60,35,185,66,24,90,275
09/29/2021,CAE,SC,ASO,ES,Combined TRACON& Tower with Radar,52,40,23,23,138,0,0,22,7,29,52,40,45,30,167,30,28,58,225
09/30/2021,CAE,SC,ASO,ES,Combined TRACON& Tower with Radar,53,52,55,25,185,0,1,31,3,35,53,53,86,28,220,38,18,56,276
10/01/2021,CAE,SC,ASO,ES,Combined TRACON& Tower with Radar,50,35,47,24,156,0,0,26,0,26,50,35,73,24,182,36,0,36,218
10/02/2021,CAE,SC,ASO,ES,Combined TRACON& Tower with Radar,37,21,27,0,85,0,0,46,0,46,37,21,73,0,131,8,0,8,139
10/03/2021,CAE,SC,ASO,ES,Combined TRACON& Tower with Radar,40,24,17,0,81,0,0,26,2,28,40,24,43,2,109,28,0,28,137
10/04/2021,CAE,SC,ASO,ES,Combined TRACON& Tower with Radar,45,33,48,8,134,0,0,16,0,16,45,33,64,8,150,40,0,40,190
10/05/2021,CAE,SC,ASO,ES,Combined TRACON& Tower with Radar,52,32,20,14,118,0,4,3,2,9,52,36,23,16,127,14,8,22,149
10/06/2021,CAE,SC,ASO,ES,Combined TRACON& Tower with Radar,55,44,36,17,152,0,4,4,0,8,55,48,40,17,160,10,0,10,170
10/07/2021,CAE,SC,ASO,ES,Combined TRACON& Tower with Radar,49,57,36,6,148,0,0,5,0,5,49,57,41,6,153,14,0,14,167
10/08/2021,CAE,SC,ASO,ES,Combined TRACON& Tower with Radar,45,48,29,0,122,0,0,1,0,1,45,48,30,0,123,6,0,6,129
10/09/2021,CAE,SC,ASO,ES,Combined TRACON& Tower with Radar,37,27,26,0,90,0,0,5,0,5,37,27,31,0,95,10,0,10,105
10/10/2021,CAE,SC,ASO,ES,Combined TRACON& Tower with Radar,37,33,30,0,100,0,0,24,0,24,37,33,54,0,124,6,0,6,130
10/11/2021,CAE,SC,ASO,ES,Combined TRACON& Tower with Radar,39,33,48,0,120,0,0,8,0,8,39,33,56,0,128,84,0,84,212
10/12/2021,CAE,SC,ASO,ES,Combined TRACON& Tower with Radar,53,43,33,2,131,0,0,37,9,46,53,43,70,11,177,40,18,58,235
10/13/2021,CAE,SC,ASO,ES,Combined TRACON& Tower with Radar,49,50,51,14,164,0,0,53,1,54,49,50,104,15,218,16,8,24,242
10/14/2021,CAE,SC,ASO,ES,Combined TRACON& Tower with Radar,50,50,43,24,167,0,1,45,2,48,50,51,88,26,215,54,0,54,269
10/15/2021,CAE,SC,ASO,ES,Combined TRACON& Tower with Radar,43,48,40,14,145,0,1,42,1,44,43,49,82,15,189,62,12,74,263
10/16/2021,CAE,SC,ASO,ES,Combined TRACON& Tower with Radar,36,30,25,0,91,0,0,19,0,19,36,30,44,0,110,28,0,28,138
10/17/2021,CAE,SC,ASO,ES,Combined TRACON& Tower with Radar,35,24,41,3,103,0,0,28,1,29,35,24,69,4,132,36,0,36,168
10/18/2021,CAE,SC,ASO,ES,Combined TRACON& Tower with Radar,41,40,43,6,130,0,0,40,5,45,41,40,83,11,175,54,0,54,229
10/19/2021,CAE,SC,ASO,ES,Combined TRACON& Tower with Radar,48,40,49,32,169,0,0,39,2,41,48,40,88,34,210,24,32,56,266
10/20/2021,CAE,SC,ASO,ES,Combined TRACON& Tower with Radar,52,45,47,10,154,0,0,38,4,42,52,45,85,14,196,42,16,58,254
10/21/2021,CAE,SC,ASO,ES,Combined TRACON& Tower with Radar,53,47,51,4,155,0,0,24,3,27,53,47,75,7,182,20,0,20,202
10/22/2021,CAE,SC,ASO,ES,Combined TRACON& Tower with Radar,49,53,38,6,146,0,0,14,2,16,49,53,52,8,162,62,0,62,224
10/23/2021,CAE,SC,ASO,ES,Combined TRACON& Tower with Radar,34,43,26,0,103,0,2,32,0,34,34,45,58,0,137,0,0,0,137
10/24/2021,CAE,SC,ASO,ES,Combined TRACON& Tower with Radar,35,39,37,0,111,0,0,32,0,32,35,39,69,0,143,18,0,18,161
10/25/2021,CAE,SC,ASO,ES,Combined TRACON& Tower with Radar,41,34,25,2,102,0,0,18,0,18,41,34,43,2,120,30,0,30,150
10/26/2021,CAE,SC,ASO,ES,Combined TRACON& Tower with Radar,52,49,31,13,145,0,0,28,2,30,52,49,59,15,175,60,4,64,239
10/27/2021,CAE,SC,ASO,ES,Combined TRACON& Tower with Radar,50,51,56,15,172,0,0,44,5,49,50,51,100,20,221,110,26,136,357
10/28/2021,CAE,SC,ASO,ES,Combined TRACON& Tower with Radar,47,52,35,6,140,0,0,2,0,2,47,52,37,6,142,8,2,10,152
10/29/2021,CAE,SC,ASO,ES,Combined TRACON& Tower with Radar,48,52,31,4,135,0,2,7,0,9,48,54,38,4,144,50,6,56,200
10/30/2021,CAE,SC,ASO,ES,Combined TRACON& Tower with Radar,35,26,41,0,102,0,0,15,0,15,35,26,56,0,117,0,0,0,117
10/31/2021,CAE,SC,ASO,ES,Combined TRACON& Tower with Radar,35,20,21,0,76,0,0,31,0,31,35,20,52,0,107,2,0,2,109
11/01/2021,CAE,SC,ASO,ES,Combined TRACON& Tower with Radar,39,31,33,9,112,0,1,38,1,40,39,32,71,10,152,72,10,82,234
11/02/2021,CAE,SC,ASO,ES,Combined TRACON& Tower with Radar,46,47,32,33,158,0,1,30,1,32,46,48,62,34,190,12,12,24,214
11/03/2021,CAE,SC,ASO,ES,Combined TRACON& Tower with Radar,43,45,41,4,133,0,0,34,0,34,43,45,75,4,167,42,6,48,215
11/04/2021,CAE,SC,ASO,ES,Combined TRACON& Tower with Radar,45,50,44,8,147,0,0,5,0,5,45,50,49,8,152,48,10,58,210
11/05/2021,CAE,SC,ASO,ES,Combined TRACON& Tower with Radar,41,49,45,4,139,0,0,36,0,36,41,49,81,4,175,74,0,74,249
11/06/2021,CAE,SC,ASO,ES,Combined TRACON& Tower with Radar,28,41,15,4,88,0,0,9,0,9,28,41,24,4,97,8,0,8,105
11/07/2021,CAE,SC,ASO,ES,Combined TRACON& Tower with Radar,28,28,31,0,87,0,0,22,0,22,28,28,53,0,109,4,0,4,113
11/08/2021,CAE,SC,ASO,ES,Combined TRACON& Tower with Radar,37,36,29,20,122,0,0,42,0,42,37,36,71,20,164,26,16,42,206
11/09/2021,CAE,SC,ASO,ES,Combined TRACON& Tower with Radar,44,42,37,15,138,0,0,59,3,62,44,42,96,18,200,10,0,10,210
11/10/2021,CAE,SC,ASO,ES,Combined TRACON& Tower with Radar,43,44,53,20,160,0,0,35,4,39,43,44,88,24,199,64,20,84,283
11/11/2021,CAE,SC,ASO,ES,Combined TRACON& Tower with Radar,47,53,45,0,145,0,0,14,0,14,47,53,59,0,159,34,0,34,193
11/12/2021,CAE,SC,ASO,ES,Combined TRACON& Tower with Radar,42,49,31,0,122,0,1,41,0,42,42,50,72,0,164,70,0,70,234
11/13/2021,CAE,SC,ASO,ES,Combined TRACON& Tower with Radar,22,38,23,0,83,0,1,26,0,27,22,39,49,0,110,52,0,52,162
11/14/2021,CAE,SC,ASO,ES,Combined TRACON& Tower with Radar,29,28,27,1,85,0,0,35,0,35,29,28,62,1,120,28,0,28,148
11/15/2021,CAE,SC,ASO,ES,Combined TRACON& Tower with Radar,39,41,28,1,109,0,0,34,0,34,39,41,62,1,143,22,0,22,165
11/16/2021,CAE,SC,ASO,ES,Combined TRACON& Tower with Radar,44,52,32,8,136,0,0,27,0,27,44,52,59,8,163,54,12,66,229
11/17/2021,CAE,SC,ASO,ES,Combined TRACON& Tower with Radar,46,49,47,19,161,0,0,46,3,49,46,49,93,22,210,64,8,72,282
11/18/2021,CAE,SC,ASO,ES,Combined TRACON& Tower with Radar,53,66,35,2,156,0,3,27,0,30,53,69,62,2,186,0,0,0,186
11/19/2021,CAE,SC,ASO,ES,Combined TRACON& Tower with Radar,45,46,57,4,152,0,3,48,0,51,45,49,105,4,203,22,0,22,225
11/20/2021,CAE,SC,ASO,ES,Combined TRACON& Tower with Radar,23,25,42,0,90,0,1,23,2,26,23,26,65,2,116,0,0,0,116
11/21/2021,CAE,SC,ASO,ES,Combined TRACON& Tower with Radar,33,31,31,0,95,0,1,32,0,33,33,32,63,0,128,38,0,38,166
11/22/2021,CAE,SC,ASO,ES,Combined TRACON& Tower with Radar,39,46,25,2,112,0,0,4,0,4,39,46,29,2,116,42,0,42,158
11/23/2021,CAE,SC,ASO,ES,Combined TRACON& Tower with Radar,59,69,46,4,178,0,3,40,0,43,59,72,86,4,221,22,0,22,243
11/24/2021,CAE,SC,ASO,ES,Combined TRACON& Tower with Radar,53,59,49,2,163,0,1,18,0,19,53,60,67,2,182,8,0,8,190
11/25/2021,CAE,SC,ASO,ES,Combined TRACON& Tower with Radar,21,17,1,0,39,0,2,4,0,6,21,19,5,0,45,0,0,0,45
11/26/2021,CAE,SC,ASO,ES,Combined TRACON& Tower with Radar,26,36,29,0,91,0,0,11,0,11,26,36,40,0,102,14,0,14,116
11/27/2021,CAE,SC,ASO,ES,Combined TRACON& Tower with Radar,29,39,23,0,91,0,0,30,0,30,29,39,53,0,121,6,0,6,127
11/28/2021,CAE,SC,ASO,ES,Combined TRACON& Tower with Radar,34,46,43,0,123,0,0,14,0,14,34,46,57,0,137,0,0,0,137
11/29/2021,CAE,SC,ASO,ES,Combined TRACON& Tower with Radar,43,48,31,10,132,0,1,25,0,26,43,49,56,10,158,10,0,10,168
11/30/2021,CAE,SC,ASO,ES,Combined TRACON& Tower with Radar,62,48,41,22,173,0,1,19,0,20,62,49,60,22,193,48,2,50,243
12/01/2021,CAE,SC,ASO,ES,Combined TRACON& Tower with Radar,55,50,40,16,161,0,0,35,1,36,55,50,75,17,197,24,6,30,227
12/02/2021,CAE,SC,ASO,ES,Combined TRACON& Tower with Radar,59,53,40,13,165,0,1,24,0,25,59,54,64,13,190,40,0,40,230
12/03/2021,CAE,SC,ASO,ES,Combined TRACON& Tower with Radar,47,46,42,13,148,0,2,40,0,42,47,48,82,13,190,50,8,58,248
12/04/2021,CAE,SC,ASO,ES,Combined TRACON& Tower with Radar,25,31,25,2,83,0,1,27,0,28,25,32,52,2,111,4,0,4,115
12/05/2021,CAE,SC,ASO,ES,Combined TRACON& Tower with Radar,32,26,34,2,94,0,1,7,0,8,32,27,41,2,102,16,0,16,118
12/06/2021,CAE,SC,ASO,ES,Combined TRACON& Tower with Radar,43,43,20,22,128,0,2,10,0,12,43,45,30,22,140,30,22,52,192
12/07/2021,CAE,SC,ASO,ES,Combined TRACON& Tower with Radar,57,46,40,10,153,0,3,16,4,23,57,49,56,14,176,60,0,60,236
12/08/2021,CAE,SC,ASO,ES,Combined TRACON& Tower with Radar,54,46,54,29,183,0,0,0,0,0,54,46,54,29,183,0,0,0,183
12/09/2021,CAE,SC,ASO,ES,Combined TRACON& Tower with Radar,61,57,37,17,172,0,0,20,0,20,61,57,57,17,192,12,8,20,212
12/10/2021,CAE,SC,ASO,ES,Combined TRACON& Tower with Radar,47,54,33,10,144,0,0,1,0,1,47,54,34,10,145,0,0,0,145
12/11/2021,CAE,SC,ASO,ES,Combined TRACON& Tower with Radar,24,34,8,0,66,0,0,1,0,1,24,34,9,0,67,0,0,0,67
12/12/2021,CAE,SC,ASO,ES,Combined TRACON& Tower with Radar,29,21,37,2,89,0,2,25,2,29,29,23,62,4,118,26,0,26,144
12/13/2021,CAE,SC,ASO,ES,Combined TRACON& Tower with Radar,39,41,42,10,132,0,2,31,0,33,39,43,73,10,165,46,0,46,211
12/14/2021,CAE,SC,ASO,ES,Combined TRACON& Tower with Radar,60,56,41,29,186,0,4,26,3,33,60,60,67,32,219,28,20,48,267
12/15/2021,CAE,SC,ASO,ES,Combined TRACON& Tower with Radar,58,44,55,9,166,0,1,39,10,50,58,45,94,19,216,52,0,52,268
12/16/2021,CAE,SC,ASO,ES,Combined TRACON& Tower with Radar,63,56,37,3,159,0,0,22,3,25,63,56,59,6,184,18,0,18,202
12/17/2021,CAE,SC,ASO,ES,Combined TRACON& Tower with Radar,61,48,21,11,141,0,0,2,1,3,61,48,23,12,144,32,0,32,176
12/18/2021,CAE,SC,ASO,ES,Combined TRACON& Tower with Radar,51,27,14,2,94,0,0,10,0,10,51,27,24,2,104,44,0,44,148
12/19/2021,CAE,SC,ASO,ES,Combined TRACON& Tower with Radar,36,35,14,1,86,0,0,1,0,1,36,35,15,1,87,0,0,0,87
12/20/2021,CAE,SC,ASO,ES,Combined TRACON& Tower with Radar,47,35,35,21,138,0,2,28,3,33,47,37,63,24,171,62,8,70,241
12/21/2021,CAE,SC,ASO,ES,Combined TRACON& Tower with Radar,58,55,32,11,156,0,0,2,0,2,58,55,34,11,158,0,0,0,158
12/22/2021,CAE,SC,ASO,ES,Combined TRACON& Tower with Radar,58,56,40,1,155,0,0,26,0,26,58,56,66,1,181,35,0,35,216
12/23/2021,CAE,SC,ASO,ES,Combined TRACON& Tower with Radar,58,54,32,0,144,0,0,29,0,29,58,54,61,0,173,18,0,18,191
12/24/2021,CAE,SC,ASO,ES,Combined TRACON& Tower with Radar,38,31,18,0,87,0,5,15,0,20,38,36,33,0,107,0,0,0,107
12/25/2021,CAE,SC,ASO,ES,Combined TRACON& Tower with Radar,13,14,1,0,28,0,0,3,0,3,13,14,4,0,31,0,0,0,31
12/26/2021,CAE,SC,ASO,ES,Combined TRACON& Tower with Radar,23,34,32,0,89,0,3,29,1,33,23,37,61,1,122,12,0,12,134
12/27/2021,CAE,SC,ASO,ES,Combined TRACON& Tower with Radar,32,40,33,0,105,0,0,4,0,4,32,40,37,0,109,0,0,0,109
12/28/2021,CAE,SC,ASO,ES,Combined TRACON& Tower with Radar,55,49,32,6,142,0,0,3,0,3,55,49,35,6,145,0,0,0,145
12/29/2021,CAE,SC,ASO,ES,Combined TRACON& Tower with Radar,55,54,34,6,149,0,3,1,2,6,55,57,35,8,155,0,0,0,155
12/30/2021,CAE,SC,ASO,ES,Combined TRACON& Tower with Radar,54,47,30,8,139,0,0,0,0,0,54,47,30,8,139,0,12,12,151
12/31/2021,CAE,SC,ASO,ES,Combined TRACON& Tower with Radar,33,33,23,0,89,0,0,10,0,10,33,33,33,0,99,8,0,8,107
01/01/2022,CAE,SC,ASO,ES,Combined TRACON& Tower with Radar,19,15,14,0,48,0,0,6,0,6,19,15,20,0,54,0,0,0,54
01/02/2022,CAE,SC,ASO,ES,Combined TRACON& Tower with Radar,22,29,13,0,64,0,0,3,0,3,22,29,16,0,67,0,0,0,67
01/03/2022,CAE,SC,ASO,ES,Combined TRACON& Tower with Radar,29,34,17,2,82,0,0,7,0,7,29,34,24,2,89,2,0,2,91
01/04/2022,CAE,SC,ASO,ES,Combined TRACON& Tower with Radar,36,52,32,4,124,0,0,26,0,26,36,52,58,4,150,20,0,20,170
01/05/2022,CAE,SC,ASO,ES,Combined TRACON& Tower with Radar,44,51,46,19,160,0,0,8,3,11,44,51,54,22,171,16,14,30,201
01/06/2022,CAE,SC,ASO,ES,Combined TRACON& Tower with Radar,43,45,31,32,151,0,3,33,5,41,43,48,64,37,192,72,32,104,296
01/07/2022,CAE,SC,ASO,ES,Combined TRACON& Tower with Radar,40,41,53,14,148,0,1,25,0,26,40,42,78,14,174,38,16,54,228
01/08/2022,CAE,SC,ASO,ES,Combined TRACON& Tower with Radar,23,31,30,0,84,0,0,28,1,29,23,31,58,1,113,0,0,0,113
01/09/2022,CAE,SC,ASO,ES,Combined TRACON& Tower with Radar,25,31,21,7,84,0,0,6,3,9,25,31,27,10,93,12,10,22,115
01/10/2022,CAE,SC,ASO,ES,Combined TRACON& Tower with Radar,38,37,23,10,108,0,0,30,4,34,38,37,53,14,142,50,6,56,198
01/11/2022,CAE,SC,ASO,ES,Combined TRACON& Tower with Radar,43,40,30,12,125,0,0,22,6,28,43,40,52,18,153,12,12,24,177
01/12/2022,CAE,SC,ASO,ES,Combined TRACON& Tower with Radar,42,42,34,22,140,0,2,27,4,33,42,44,61,26,173,34,34,68,241
01/13/2022,CAE,SC,ASO,ES,Combined TRACON& Tower with Radar,47,54,30,18,149,0,7,17,0,24,47,61,47,18,173,28,22,50,223
01/14/2022,CAE,SC,ASO,ES,Combined TRACON& Tower with Radar,45,44,44,10,143,0,6,27,0,33,45,50,71,10,176,62,8,70,246
01/15/2022,CAE,SC,ASO,ES,Combined TRACON& Tower with Radar,24,24,31,2,81,0,1,20,0,21,24,25,51,2,102,26,0,26,128
01/16/2022,CAE,SC,ASO,ES,Combined TRACON& Tower with Radar,24,10,4,2,40,0,0,0,0,0,24,10,4,2,40,0,0,0,40
01/17/2022,CAE,SC,ASO,ES,Combined TRACON& Tower with Radar,34,32,24,1,91,0,0,0,0,0,34,32,24,1,91,0,0,0,91
01/18/2022,CAE,SC,ASO,ES,Combined TRACON& Tower with Radar,39,36,39,13,127,1,2,25,0,28,40,38,64,13,155,44,16,60,215
01/19/2022,CAE,SC,ASO,ES,Combined TRACON& Tower with Radar,43,46,38,8,135,0,5,37,0,42,43,51,75,8,177,4,8,12,189
01/20/2022,CAE,SC,ASO,ES,Combined TRACON& Tower with Radar,45,41,34,4,124,0,0,5,2,7,45,41,39,6,131,0,6,6,137
01/21/2022,CAE,SC,ASO,ES,Combined TRACON& Tower with Radar,40,33,17,0,90,0,0,1,0,1,40,33,18,0,91,0,0,0,91
01/22/2022,CAE,SC,ASO,ES,Combined TRACON& Tower with Radar,22,22,19,1,64,0,0,6,0,6,22,22,25,1,70,4,0,4,74
01/23/2022,CAE,SC,ASO,ES,Combined TRACON& Tower with Radar,30,26,19,0,75,0,9,15,0,24,30,35,34,0,99,44,0,44,143
01/24/2022,CAE,SC,ASO,ES,Combined TRACON& Tower with Radar,37,35,45,4,121,0,2,33,0,35,37,37,78,4,156,56,0,56,212
01/25/2022,CAE,SC,ASO,ES,Combined TRACON& Tower with Radar,46,47,42,11,146,0,3,20,5,28,46,50,62,16,174,72,8,80,254
01/26/2022,CAE,SC,ASO,ES,Combined TRACON& Tower with Radar,45,44,46,3,138,0,5,36,1,42,45,49,82,4,180,30,0,30,210
01/27/2022,CAE,SC,ASO,ES,Combined TRACON& Tower with Radar,48,52,48,22,170,0,0,38,2,40,48,52,86,24,210,20,16,36,246
01/28/2022,CAE,SC,ASO,ES,Combined TRACON& Tower with Radar,53,42,42,26,163,0,2,30,0,32,53,44,72,26,195,70,32,102,297
01/29/2022,CAE,SC,ASO,ES,Combined TRACON& Tower with Radar,29,23,13,1,66,0,0,16,0,16,29,23,29,1,82,96,0,96,178
01/30/2022,CAE,SC,ASO,ES,Combined TRACON& Tower with Radar,28,25,18,0,71,0,0,18,2,20,28,25,36,2,91,10,0,10,101
01/31/2022,CAE,SC,ASO,ES,Combined TRACON& Tower with Radar,35,40,33,18,126,0,0,26,2,28,35,40,59,20,154,68,0,68,222
02/01/2022,CAE,SC,ASO,ES,Combined TRACON& Tower with Radar,42,43,49,28,162,0,2,27,2,31,42,45,76,30,193,32,2,34,227
02/02/2022,CAE,SC,ASO,ES,Combined TRACON& Tower with Radar,42,40,54,8,144,0,0,34,2,36,42,40,88,10,180,26,0,26,206
02/03/2022,CAE,SC,ASO,ES,Combined TRACON& Tower with Radar,38,43,31,17,129,0,0,4,1,5,38,43,35,18,134,0,6,6,140
02/04/2022,CAE,SC,ASO,ES,Combined TRACON& Tower with Radar,34,43,31,2,110,0,0,0,0,0,34,43,31,2,110,0,0,0,110
02/05/2022,CAE,SC,ASO,ES,Combined TRACON& Tower with Radar,27,27,24,0,78,0,0,34,0,34,27,27,58,0,112,24,0,24,136
02/06/2022,CAE,SC,ASO,ES,Combined TRACON& Tower with Radar,31,21,20,2,74,0,3,20,0,23,31,24,40,2,97,0,0,0,97
02/07/2022,CAE,SC,ASO,ES,Combined TRACON& Tower with Radar,37,41,24,14,116,0,0,0,0,0,37,41,24,14,116,0,0,0,116
02/08/2022,CAE,SC,ASO,ES,Combined TRACON& Tower with Radar,43,49,67,22,181,0,0,9,1,10,43,49,76,23,191,40,14,54,245
02/09/2022,CAE,SC,ASO,ES,Combined TRACON& Tower with Radar,42,54,49,19,164,0,2,36,10,48,42,56,85,29,212,50,16,66,278
02/10/2022,CAE,SC,ASO,ES,Combined TRACON& Tower with Radar,44,50,59,2,155,0,3,36,0,39,44,53,95,2,194,26,0,26,220
02/11/2022,CAE,SC,ASO,ES,Combined TRACON& Tower with Radar,40,45,34,2,121,0,4,40,4,48,40,49,74,6,169,48,0,48,217
02/12/2022,CAE,SC,ASO,ES,Combined TRACON& Tower with Radar,24,28,21,0,73,0,3,42,1,46,24,31,63,1,119,6,0,6,125
02/13/2022,CAE,SC,ASO,ES,Combined TRACON& Tower with Radar,22,23,12,1,58,0,0,13,0,13,22,23,25,1,71,14,0,14,85
02/14/2022,CAE,SC,ASO,ES,Combined TRACON& Tower with Radar,35,41,48,3,127,0,0,26,0,26,35,41,74,3,153,66,0,66,219
02/15/2022,CAE,SC,ASO,ES,Combined TRACON& Tower with Radar,41,51,60,26,178,0,4,36,0,40,41,55,96,26,218,36,12,48,266
02/16/2022,CAE,SC,ASO,ES,Combined TRACON& Tower with Radar,43,50,48,17,158,0,1,31,0,32,43,51,79,17,190,22,14,36,226
02/17/2022,CAE,SC,ASO,ES,Combined TRACON& Tower with Radar,46,47,33,5,131,0,0,15,3,18,46,47,48,8,149,4,0,4,153
02/18/2022,CAE,SC,ASO,ES,Combined TRACON& Tower with Radar,42,60,58,16,176,0,6,16,0,22,42,66,74,16,198,72,4,76,274
02/19/2022,CAE,SC,ASO,ES,Combined TRACON& Tower with Radar,28,30,27,2,87,0,6,40,0,46,28,36,67,2,133,4,0,4,137
02/20/2022,CAE,SC,ASO,ES,Combined TRACON& Tower with Radar,27,35,41,0,103,0,0,34,0,34,27,35,75,0,137,0,0,0,137
02/21/2022,CAE,SC,ASO,ES,Combined TRACON& Tower with Radar,34,40,39,0,113,0,4,19,0,23,34,44,58,0,136,88,0,88,224
02/22/2022,CAE,SC,ASO,ES,Combined TRACON& Tower with Radar,40,53,48,10,151,0,0,18,2,20,40,53,66,12,171,8,4,12,183
02/23/2022,CAE,SC,ASO,ES,Combined TRACON& Tower with Radar,41,60,53,18,172,0,3,20,0,23,41,63,73,18,195,48,26,74,269
02/24/2022,CAE,SC,ASO,ES,Combined TRACON& Tower with Radar,41,59,51,19,170,0,4,21,8,33,41,63,72,27,203,12,14,26,229
02/25/2022,CAE,SC,ASO,ES,Combined TRACON& Tower with Radar,40,56,41,0,137,0,0,32,0,32,40,56,73,0,169,0,0,0,169
02/26/2022,CAE,SC,ASO,ES,Combined TRACON& Tower with Radar,28,29,24,0,81,0,5,24,0,29,28,34,48,0,110,30,4,34,144
02/27/2022,CAE,SC,ASO,ES,Combined TRACON& Tower with Radar,28,28,29,1,86,0,0,2,0,2,28,28,31,1,88,0,0,0,88
02/28/2022,CAE,SC,ASO,ES,Combined TRACON& Tower with Radar,35,48,47,12,142,0,2,40,5,47,35,50,87,17,189,46,16,62,251
03/01/2022,CAE,SC,ASO,ES,Combined TRACON& Tower with Radar,40,50,38,7,135,0,0,49,1,50,40,50,87,8,185,44,0,44,229
03/02/2022,CAE,SC,ASO,ES,Combined TRACON& Tower with Radar,45,52,40,8,145,0,2,48,0,50,45,54,88,8,195,26,10,36,231
03/03/2022,CAE,SC,ASO,ES,Combined TRACON& Tower with Radar,51,50,39,7,147,0,3,31,3,37,51,53,70,10,184,52,0,52,236
03/04/2022,CAE,SC,ASO,ES,Combined TRACON& Tower with Radar,45,40,43,16,144,0,2,36,0,38,45,42,79,16,182,48,10,58,240
03/05/2022,CAE,SC,ASO,ES,Combined TRACON& Tower with Radar,29,31,23,0,83,0,2,12,0,14,29,33,35,0,97,6,0,6,103
03/06/2022,CAE,SC,ASO,ES,Combined TRACON& Tower with Radar,30,17,25,0,72,0,2,11,0,13,30,19,36,0,85,0,0,0,85
03/07/2022,CAE,SC,ASO,ES,Combined TRACON& Tower with Radar,37,39,36,18,130,0,0,5,0,5,37,39,41,18,135,0,14,14,149
03/08/2022,CAE,SC,ASO,ES,Combined TRACON& Tower with Radar,42,43,37,22,144,0,2,16,4,22,42,45,53,26,166,40,4,44,210
03/09/2022,CAE,SC,ASO,ES,Combined TRACON& Tower with Radar,43,45,43,2,133,0,0,0,0,0,43,45,43,2,133,0,0,0,133
03/10/2022,CAE,SC,ASO,ES,Combined TRACON& Tower with Radar,50,53,25,19,147,0,0,1,0,1,50,53,26,19,148,0,0,0,148
03/11/2022,CAE,SC,ASO,ES,Combined TRACON& Tower with Radar,51,51,32,5,139,0,0,2,2,4,51,51,34,7,143,32,0,32,175
03/12/2022,CAE,SC,ASO,ES,Combined TRACON& Tower with Radar,28,23,23,0,74,0,2,4,2,8,28,25,27,2,82,0,0,0,82
03/13/2022,CAE,SC,ASO,ES,Combined TRACON& Tower with Radar,31,24,46,0,101,0,0,34,0,34,31,24,80,0,135,22,0,22,157
03/14/2022,CAE,SC,ASO,ES,Combined TRACON& Tower with Radar,41,32,37,20,130,0,2,58,1,61,41,34,95,21,191,92,18,110,301
03/15/2022,CAE,SC,ASO,ES,Combined TRACON& Tower with Radar,43,41,46,28,158,0,4,34,0,38,43,45,80,28,196,48,8,56,252
03/16/2022,CAE,SC,ASO,ES,Combined TRACON& Tower with Radar,45,43,27,7,122,0,0,1,0,1,45,43,28,7,123,0,0,0,123
03/17/2022,CAE,SC,ASO,ES,Combined TRACON& Tower with Radar,46,50,53,13,162,0,0,13,5,18,46,50,66,18,180,24,18,42,222
03/18/2022,CAE,SC,ASO,ES,Combined TRACON& Tower with Radar,48,42,22,6,118,0,0,17,0,17,48,42,39,6,135,74,6,80,215
03/19/2022,CAE,SC,ASO,ES,Combined TRACON& Tower with Radar,30,29,16,4,79,0,1,3,0,4,30,30,19,4,83,0,0,0,83
03/20/2022,CAE,SC,ASO,ES,Combined TRACON& Tower with Radar,30,32,33,0,95,0,1,79,2,82,30,33,112,2,177,2,0,2,179
03/21/2022,CAE,SC,ASO,ES,Combined TRACON& Tower with Radar,35,42,36,5,118,0,0,49,3,52,35,42,85,8,170,22,0,22,192
03/22/2022,CAE,SC,ASO,ES,Combined TRACON& Tower with Radar,42,48,42,11,143,0,2,17,1,20,42,50,59,12,163,30,16,46,209
03/23/2022,CAE,SC,ASO,ES,Combined TRACON& Tower with Radar,43,38,34,2,117,0,0,1,0,1,43,38,35,2,118,0,0,0,118
03/24/2022,CAE,SC,ASO,ES,Combined TRACON& Tower with Radar,48,44,29,11,132,0,0,11,2,13,48,44,40,13,145,30,0,30,175
03/25/2022,CAE,SC,ASO,ES,Combined TRACON& Tower with Radar,46,54,31,20,151,0,0,35,2,37,46,54,66,22,188,28,16,44,232
03/26/2022,CAE,SC,ASO,ES,Combined TRACON& Tower with Radar,30,28,11,0,69,0,0,13,1,14,30,28,24,1,83,0,0,0,83
03/27/2022,CAE,SC,ASO,ES,Combined TRACON& Tower with Radar,30,25,26,0,81,0,0,15,0,15,30,25,41,0,96,0,0,0,96
03/28/2022,CAE,SC,ASO,ES,Combined TRACON& Tower with Radar,38,38,38,9,123,0,3,25,10,38,38,41,63,19,161,38,4,42,203
03/29/2022,CAE,SC,ASO,ES,Combined TRACON& Tower with Radar,47,46,30,27,150,0,2,35,7,44,47,48,65,34,194,20,16,36,230
03/30/2022,CAE,SC,ASO,ES,Combined TRACON& Tower with Radar,38,44,41,7,130,0,0,11,1,12,38,44,52,8,142,12,0,12,154
03/31/2022,CAE,SC,ASO,ES,Combined TRACON& Tower with Radar,52,42,21,5,120,0,0,4,0,4,52,42,25,5,124,0,20,20,144
04/01/2022,CAE,SC,ASO,ES,Combined TRACON& Tower with Radar,47,47,32,3,129,0,0,18,0,18,47,47,50,3,147,42,0,42,189
04/02/2022,CAE,SC,ASO,ES,Combined TRACON& Tower with Radar,26,28,29,0,83,0,0,22,0,22,26,28,51,0,105,10,0,10,115
04/03/2022,CAE,SC,ASO,ES,Combined TRACON& Tower with Radar,30,22,26,0,78,0,0,20,0,20,30,22,46,0,98,8,0,8,106
04/04/2022,CAE,SC,ASO,ES,Combined TRACON& Tower with Radar,43,42,44,2,131,0,0,35,3,38,43,42,79,5,169,84,0,84,253
04/05/2022,CAE,SC,ASO,ES,Combined TRACON& Tower with Radar,45,65,42,6,158,0,0,2,6,8,45,65,44,12,166,24,0,24,190
04/06/2022,CAE,SC,ASO,ES,Combined TRACON& Tower with Radar,43,83,72,10,208,0,1,5,0,6,43,84,77,10,214,18,0,18,232
04/07/2022,CAE,SC,ASO,ES,Combined TRACON& Tower with Radar,47,67,86,12,212,0,0,7,1,8,47,67,93,13,220,36,0,36,256
04/08/2022,CAE,SC,ASO,ES,Combined TRACON& Tower with Radar,43,72,80,4,199,0,2,23,1,26,43,74,103,5,225,10,0,10,235
04/09/2022,CAE,SC,ASO,ES,Combined TRACON& Tower with Radar,24,34,43,0,101,0,0,14,0,14,24,34,57,0,115,0,0,0,115
04/10/2022,CAE,SC,ASO,ES,Combined TRACON& Tower with Radar,27,29,54,0,110,0,4,28,1,33,27,33,82,1,143,6,0,6,149
04/11/2022,CAE,SC,ASO,ES,Combined TRACON& Tower with Radar,37,42,45,12,136,0,0,22,0,22,37,42,67,12,158,20,12,32,190
04/12/2022,CAE,SC,ASO,ES,Combined TRACON& Tower with Radar,42,43,35,10,130,0,2,33,0,35,42,45,68,10,165,48,2,50,215
04/13/2022,CAE,SC,ASO,ES,Combined TRACON& Tower with Radar,45,44,33,5,127,0,4,29,0,33,45,48,62,5,160,26,0,26,186
04/14/2022,CAE,SC,ASO,ES,Combined TRACON& Tower with Radar,47,47,40,11,145,0,0,15,2,17,47,47,55,13,162,114,0,114,276
04/15/2022,CAE,SC,ASO,ES,Combined TRACON& Tower with Radar,40,49,31,2,122,0,0,40,0,40,40,49,71,2,162,50,0,50,212
04/16/2022,CAE,SC,ASO,ES,Combined TRACON& Tower with Radar,28,28,19,2,77,0,0,4,0,4,28,28,23,2,81,0,0,0,81
04/17/2022,CAE,SC,ASO,ES,Combined TRACON& Tower with Radar,28,23,16,0,67,0,0,18,0,18,28,23,34,0,85,4,0,4,89
04/18/2022,CAE,SC,ASO,ES,Combined TRACON& Tower with Radar,36,40,30,2,108,0,0,2,0,2,36,40,32,2,110,0,0,0,110
04/19/2022,CAE,SC,ASO,ES,Combined TRACON& Tower with Radar,46,61,37,11,155,0,2,36,3,41,46,63,73,14,196,8,10,18,214
04/20/2022,CAE,SC,ASO,ES,Combined TRACON& Tower with Radar,44,46,44,2,136,0,0,28,0,28,44,46,72,2,164,0,0,0,164
04/21/2022,CAE,SC,ASO,ES,Combined TRACON& Tower with Radar,46,49,42,5,142,0,0,23,1,24,46,49,65,6,166,28,0,28,194
04/22/2022,CAE,SC,ASO,ES,Combined TRACON& Tower with Radar,41,48,38,10,137,0,2,24,3,29,41,50,62,13,166,30,14,44,210
04/23/2022,CAE,SC,ASO,ES,Combined TRACON& Tower with Radar,26,50,21,0,97,0,2,14,0,16,26,52,35,0,113,0,0,0,113
04/24/2022,CAE,SC,ASO,ES,Combined TRACON& Tower with Radar,30,35,26,0,91,0,0,20,0,20,30,35,46,0,111,26,0,26,137
04/25/2022,CAE,SC,ASO,ES,Combined TRACON& Tower with Radar,36,45,24,2,107,0,9,17,2,28,36,54,41,4,135,62,0,62,197
04/26/2022,CAE,SC,ASO,ES,Combined TRACON& Tower with Radar,49,48,45,5,147,0,4,21,7,32,49,52,66,12,179,16,8,24,203
04/27/2022,CAE,SC,ASO,ES,Combined TRACON& Tower with Radar,44,48,38,4,134,0,5,29,0,34,44,53,67,4,168,78,0,78,246
04/28/2022,CAE,SC,ASO,ES,Combined TRACON& Tower with Radar,46,51,39,22,158,0,5,24,3,32,46,56,63,25,190,52,22,74,264
04/29/2022,CAE,SC,ASO,ES,Combined TRACON& Tower with Radar,41,43,31,7,122,0,0,21,3,24,41,43,52,10,146,42,0,42,188
04/30/2022,CAE,SC,ASO,ES,Combined TRACON& Tower with Radar,25,25,23,0,73,0,0,22,0,22,25,25,45,0,95,58,0,58,153
05/01/2022,CAE,SC,ASO,ES,Combined TRACON& Tower with Radar,27,30,15,0,72,0,0,15,0,15,27,30,30,0,87,70,0,70,157
05/02/2022,CAE,SC,ASO,ES,Combined TRACON& Tower with Radar,37,39,43,8,127,0,3,25,0,28,37,42,68,8,155,22,6,28,183
05/03/2022,CAE,SC,ASO,ES,Combined TRACON& Tower with Radar,44,47,49,27,167,0,2,12,2,16,44,49,61,29,183,36,14,50,233
05/04/2022,CAE,SC,ASO,ES,Combined TRACON& Tower with Radar,50,52,32,28,162,0,8,27,5,40,50,60,59,33,202,90,26,116,318
05/05/2022,CAE,SC,ASO,ES,Combined TRACON& Tower with Radar,52,48,50,16,166,0,20,31,1,52,52,68,81,17,218,70,8,78,296
05/06/2022,CAE,SC,ASO,ES,Combined TRACON& Tower with Radar,46,38,47,10,141,0,0,10,0,10,46,38,57,10,151,2,18,20,171
05/07/2022,CAE,SC,ASO,ES,Combined TRACON& Tower with Radar,31,31,28,0,90,0,1,10,0,11,31,32,38,0,101,6,0,6,107
05/08/2022,CAE,SC,ASO,ES,Combined TRACON& Tower with Radar,34,24,29,3,90,0,0,6,0,6,34,24,35,3,96,10,0,10,106
05/09/2022,CAE,SC,ASO,ES,Combined TRACON& Tower with Radar,45,49,29,34,157,0,0,22,0,22,45,49,51,34,179,38,6,44,223
05/10/2022,CAE,SC,ASO,ES,Combined TRACON& Tower with Radar,47,51,28,17,143,0,2,27,1,30,47,53,55,18,173,20,0,20,193
05/11/2022,CAE,SC,ASO,ES,Combined TRACON& Tower with Radar,48,51,39,14,152,0,0,50,3,53,48,51,89,17,205,8,4,12,217
05/12/2022,CAE,SC,ASO,ES,Combined TRACON& Tower with Radar,54,67,46,19,186,0,0,14,0,14,54,67,60,19,200,28,0,28,228
05/13/2022,CAE,SC,ASO,ES,Combined TRACON& Tower with Radar,44,44,35,6,129,0,0,0,0,0,44,44,35,6,129,0,0,0,129
05/14/2022,CAE,SC,ASO,ES,Combined TRACON& Tower with Radar,29,21,28,4,82,0,0,22,0,22,29,21,50,4,104,0,0,0,104
05/15/2022,CAE,SC,ASO,ES,Combined TRACON& Tower with Radar,34,23,23,2,82,0,0,31,2,33,34,23,54,4,115,0,0,0,115
05/16/2022,CAE,SC,ASO,ES,Combined TRACON& Tower with Radar,42,34,38,9,123,0,9,40,0,49,42,43,78,9,172,30,16,46,218
05/17/2022,CAE,SC,ASO,ES,Combined TRACON& Tower with Radar,49,42,53,17,161,0,2,35,0,37,49,44,88,17,198,60,6,66,264
05/18/2022,CAE,SC,ASO,ES,Combined TRACON& Tower with Radar,48,45,42,18,153,0,5,54,2,61,48,50,96,20,214,0,18,18,232
05/19/2022,CAE,SC,ASO,ES,Combined TRACON& Tower with Radar,51,52,41,12,156,0,0,45,2,47,51,52,86,14,203,6,4,10,213
05/20/2022,CAE,SC,ASO,ES,Combined TRACON& Tower with Radar,48,36,42,12,138,0,4,40,0,44,48,40,82,12,182,20,0,20,202
05/21/2022,CAE,SC,ASO,ES,Combined TRACON& Tower with Radar,27,26,19,0,72,0,1,27,0,28,27,27,46,0,100,4,0,4,104
05/22/2022,CAE,SC,ASO,ES,Combined TRACON& Tower with Radar,33,16,25,0,74,0,1,10,0,11,33,17,35,0,85,0,0,0,85
05/23/2022,CAE,SC,ASO,ES,Combined TRACON& Tower with Radar,47,29,29,8,113,0,0,3,0,3,47,29,32,8,116,0,0,0,116
05/24/2022,CAE,SC,ASO,ES,Combined TRACON& Tower with Radar,53,43,32,30,158,0,0,17,2,19,53,43,49,32,177,8,18,26,203
05/25/2022,CAE,SC,ASO,ES,Combined TRACON& Tower with Radar,55,53,35,21,164,0,0,8,0,8,55,53,43,21,172,4,0,4,176
05/26/2022,CAE,SC,ASO,ES,Combined TRACON& Tower with Radar,66,46,51,18,181,0,2,6,0,8,66,48,57,18,189,0,0,0,189
05/27/2022,CAE,SC,ASO,ES,Combined TRACON& Tower with Radar,48,45,46,0,139,0,0,19,0,19,48,45,65,0,158,4,0,4,162
05/28/2022,CAE,SC,ASO,ES,Combined TRACON& Tower with Radar,27,21,19,0,67,0,2,32,2,36,27,23,51,2,103,8,0,8,111
05/29/2022,CAE,SC,ASO,ES,Combined TRACON& Tower with Radar,33,17,11,0,61,0,0,25,0,25,33,17,36,0,86,14,0,14,100
05/30/2022,CAE,SC,ASO,ES,Combined TRACON& Tower with Radar,32,22,26,0,80,0,0,11,0,11,32,22,37,0,91,58,0,58,149
05/31/2022,CAE,SC,ASO,ES,Combined TRACON& Tower with Radar,43,35,24,10,112,0,1,28,0,29,43,36,52,10,141,0,0,0,141
06/01/2022,CAE,SC,ASO,ES,Combined TRACON& Tower with Radar,52,38,41,17,148,0,1,41,2,44,52,39,82,19,192,14,10,24,216
06/02/2022,CAE,SC,ASO,ES,Combined TRACON& Tower with Radar,53,37,28,37,155,0,0,31,1,32,53,37,59,38,187,18,0,18,205
06/03/2022,CAE,SC,ASO,ES,Combined TRACON& Tower with Radar,54,36,27,10,127,0,2,29,2,33,54,38,56,12,160,12,0,12,172
06/04/2022,CAE,SC,ASO,ES,Combined TRACON& Tower with Radar,36,20,36,7,99,0,0,17,2,19,36,20,53,9,118,0,8,8,126
06/05/2022,CAE,SC,ASO,ES,Combined TRACON& Tower with Radar,42,17,28,0,87,0,0,23,0,23,42,17,51,0,110,6,0,6,116
06/06/2022,CAE,SC,ASO,ES,Combined TRACON& Tower with Radar,48,29,25,14,116,0,1,32,2,35,48,30,57,16,151,14,4,18,169
06/07/2022,CAE,SC,ASO,ES,Combined TRACON& Tower with Radar,56,48,44,21,169,0,0,22,1,23,56,48,66,22,192,24,0,24,216
06/08/2022,CAE,SC,ASO,ES,Combined TRACON& Tower with Radar,71,40,43,36,190,0,2,20,1,23,71,42,63,37,213,18,28,46,259
06/09/2022,CAE,SC,ASO,ES,Combined TRACON& Tower with Radar,70,37,51,26,184,0,0,33,3,36,70,37,84,29,220,36,8,44,264
06/10/2022,CAE,SC,ASO,ES,Combined TRACON& Tower with Radar,56,39,29,32,156,0,0,24,2,26,56,39,53,34,182,20,8,28,210
06/11/2022,CAE,SC,ASO,ES,Combined TRACON& Tower with Radar,37,29,28,17,111,0,1,20,1,22,37,30,48,18,133,8,18,26,159
06/12/2022,CAE,SC,ASO,ES,Combined TRACON& Tower with Radar,36,18,23,14,91,0,8,19,0,27,36,26,42,14,118,18,14,32,150
06/13/2022,CAE,SC,ASO,ES,Combined TRACON& Tower with Radar,53,32,31,17,133,0,2,19,1,22,53,34,50,18,155,0,4,4,159
06/14/2022,CAE,SC,ASO,ES,Combined TRACON& Tower with Radar,66,38,38,10,152,0,5,17,0,22,66,43,55,10,174,10,0,10,184
06/15/2022,CAE,SC,ASO,ES,Combined TRACON& Tower with Radar,69,37,58,18,182,0,0,30,2,32,69,37,88,20,214,28,10,38,252
06/16/2022,CAE,SC,ASO,ES,Combined TRACON& Tower with Radar,59,32,44,16,151,0,2,18,2,22,59,34,62,18,173,4,0,4,177
06/17/2022,CAE,SC,ASO,ES,Combined TRACON& Tower with Radar,52,31,39,13,135,0,6,24,2,32,52,37,63,15,167,6,0,6,173
06/18/2022,CAE,SC,ASO,ES,Combined TRACON& Tower with Radar,37,20,17,1,75,0,4,24,0,28,37,24,41,1,103,44,0,44,147
06/19/2022,CAE,SC,ASO,ES,Combined TRACON& Tower with Radar,38,17,17,0,72,0,4,16,0,20,38,21,33,0,92,12,0,12,104
06/20/2022,CAE,SC,ASO,ES,Combined TRACON& Tower with Radar,51,32,32,0,115,0,2,29,1,32,51,34,61,1,147,34,0,34,181
06/21/2022,CAE,SC,ASO,ES,Combined TRACON& Tower with Radar,60,45,29,14,148,0,2,18,6,26,60,47,47,20,174,16,4,20,194
06/22/2022,CAE,SC,ASO,ES,Combined TRACON& Tower with Radar,63,33,31,15,142,0,2,29,7,38,63,35,60,22,180,8,24,32,212
06/23/2022,CAE,SC,ASO,ES,Combined TRACON& Tower with Radar,59,31,34,16,140,0,4,34,4,42,59,35,68,20,182,48,2,50,232
06/24/2022,CAE,SC,ASO,ES,Combined TRACON& Tower with Radar,56,32,43,15,146,0,0,14,1,15,56,32,57,16,161,20,0,20,181
06/25/2022,CAE,SC,ASO,ES,Combined TRACON& Tower with Radar,38,15,25,3,81,0,2,24,1,27,38,17,49,4,108,12,0,12,120
06/26/2022,CAE,SC,ASO,ES,Combined TRACON& Tower with Radar,38,13,31,22,104,0,2,30,0,32,38,15,61,22,136,0,0,0,136
06/27/2022,CAE,SC,ASO,ES,Combined TRACON& Tower with Radar,56,31,20,10,117,0,5,21,0,26,56,36,41,10,143,0,0,0,143
06/28/2022,CAE,SC,ASO,ES,Combined TRACON& Tower with Radar,64,36,31,7,138,0,0,14,0,14,64,36,45,7,152,32,0,32,184
06/29/2022,CAE,SC,ASO,ES,Combined TRACON& Tower with Radar,59,37,34,6,136,0,0,3,0,3,59,37,37,6,139,0,0,0,139
06/30/2022,CAE,SC,ASO,ES,Combined TRACON& Tower with Radar,58,36,41,16,151,0,0,21,2,23,58,36,62,18,174,10,0,10,184
07/01/2022,CAE,SC,ASO,ES,Combined TRACON& Tower with Radar,52,32,32,15,131,0,0,1,0,1,52,32,33,15,132,0,4,4,136
07/02/2022,CAE,SC,ASO,ES,Combined TRACON& Tower with Radar,35,23,16,0,74,0,0,11,0,11,35,23,27,0,85,20,0,20,105
07/03/2022,CAE,SC,ASO,ES,Combined TRACON& Tower with Radar,27,15,11,0,53,0,0,12,0,12,27,15,23,0,65,8,0,8,73
07/04/2022,CAE,SC,ASO,ES,Combined TRACON& Tower with Radar,38,14,8,1,61,0,4,5,1,10,38,18,13,2,71,0,0,0,71
07/05/2022,CAE,SC,ASO,ES,Combined TRACON& Tower with Radar,50,36,31,10,127,0,0,10,1,11,50,36,41,11,138,4,2,6,144
07/06/2022,CAE,SC,ASO,ES,Combined TRACON& Tower with Radar,54,42,24,21,141,0,0,19,2,21,54,42,43,23,162,6,4,10,172
07/07/2022,CAE,SC,ASO,ES,Combined TRACON& Tower with Radar,57,32,27,13,129,0,2,18,1,21,57,34,45,14,150,14,2,16,166
07/08/2022,CAE,SC,ASO,ES,Combined TRACON& Tower with Radar,53,38,36,15,142,0,2,21,2,25,53,40,57,17,167,0,0,0,167
07/09/2022,CAE,SC,ASO,ES,Combined TRACON& Tower with Radar,36,21,25,0,82,0,0,10,0,10,36,21,35,0,92,44,0,44,136
07/10/2022,CAE,SC,ASO,ES,Combined TRACON& Tower with Radar,38,20,16,1,75,0,0,2,0,2,38,20,18,1,77,68,0,68,145
07/11/2022,CAE,SC,ASO,ES,Combined TRACON& Tower with Radar,48,35,36,10,129,0,0,9,0,9,48,35,45,10,138,10,4,14,152
07/12/2022,CAE,SC,ASO,ES,Combined TRACON& Tower with Radar,51,36,31,19,137,0,3,17,3,23,51,39,48,22,160,88,0,88,248
07/13/2022,CAE,SC,ASO,ES,Combined TRACON& Tower with Radar,58,44,66,7,175,0,1,2,0,3,58,45,68,7,178,2,0,2,180
07/14/2022,CAE,SC,ASO,ES,Combined TRACON& Tower with Radar,57,42,43,13,155,0,2,20,0,22,57,44,63,13,177,42,0,42,219
07/15/2022,CAE,SC,ASO,ES,Combined TRACON& Tower with Radar,54,37,49,12,152,0,3,23,2,28,54,40,72,14,180,6,0,6,186
07/16/2022,CAE,SC,ASO,ES,Combined TRACON& Tower with Radar,37,22,20,8,87,0,2,22,0,24,37,24,42,8,111,6,0,6,117
07/17/2022,CAE,SC,ASO,ES,Combined TRACON& Tower with Radar,35,16,23,4,78,0,1,20,1,22,35,17,43,5,100,12,6,18,118
07/18/2022,CAE,SC,ASO,ES,Combined TRACON& Tower with Radar,46,31,22,13,112,0,2,13,1,16,46,33,35,14,128,16,0,16,144
07/19/2022,CAE,SC,ASO,ES,Combined TRACON& Tower with Radar,56,36,26,22,140,0,1,20,1,22,56,37,46,23,162,26,4,30,192
07/20/2022,CAE,SC,ASO,ES,Combined TRACON& Tower with Radar,63,44,48,33,188,0,5,21,1,27,63,49,69,34,215,40,26,66,281
07/21/2022,CAE,SC,ASO,ES,Combined TRACON& Tower with Radar,59,43,53,17,172,0,2,6,2,10,59,45,59,19,182,36,0,36,218
07/22/2022,CAE,SC,ASO,ES,Combined TRACON& Tower with Radar,50,29,44,17,140,0,2,25,0,27,50,31,69,17,167,42,0,42,209
07/23/2022,CAE,SC,ASO,ES,Combined TRACON& Tower with Radar,43,24,45,0,112,0,0,25,0,25,43,24,70,0,137,0,0,0,137
07/24/2022,CAE,SC,ASO,ES,Combined TRACON& Tower with Radar,37,21,31,4,93,0,2,18,1,21,37,23,49,5,114,14,0,14,128
07/25/2022,CAE,SC,ASO,ES,Combined TRACON& Tower with Radar,56,29,32,22,139,0,0,11,3,14,56,29,43,25,153,0,14,14,167
07/26/2022,CAE,SC,ASO,ES,Combined TRACON& Tower with Radar,55,40,53,21,169,0,3,30,3,36,55,43,83,24,205,24,2,26,231
07/27/2022,CAE,SC,ASO,ES,Combined TRACON& Tower with Radar,52,40,46,19,157,0,1,37,4,42,52,41,83,23,199,34,4,38,237
07/28/2022,CAE,SC,ASO,ES,Combined TRACON& Tower with Radar,57,31,31,12,131,0,2,28,0,30,57,33,59,12,161,32,4,36,197
07/29/2022,CAE,SC,ASO,ES,Combined TRACON& Tower with Radar,51,33,38,31,153,0,0,28,8,36,51,33,66,39,189,40,12,52,241
07/30/2022,CAE,SC,ASO,ES,Combined TRACON& Tower with Radar,31,24,18,0,73,0,2,19,0,21,31,26,37,0,94,2,0,2,96
07/31/2022,CAE,SC,ASO,ES,Combined TRACON& Tower with Radar,37,16,16,0,69,0,0,17,0,17,37,16,33,0,86,62,0,62,148
08/01/2022,CAE,SC,ASO,ES,Combined TRACON& Tower with Radar,46,29,35,35,145,0,0,27,1,28,46,29,62,36,173,22,8,30,203
08/02/2022,CAE,SC,ASO,ES,Combined TRACON& Tower with Radar,51,36,33,16,136,0,4,33,3,40,51,40,66,19,176,50,0,50,226
08/03/2022,CAE,SC,ASO,ES,Combined TRACON& Tower with Radar,52,39,39,12,142,0,4,17,2,23,52,43,56,14,165,34,0,34,199
08/04/2022,CAE,SC,ASO,ES,Combined TRACON& Tower with Radar,62,42,28,10,142,0,4,29,1,34,62,46,57,11,176,2,16,18,194
08/05/2022,CAE,SC,ASO,ES,Combined TRACON& Tower with Radar,47,36,49,16,148,0,4,24,3,31,47,40,73,19,179,34,4,38,217
08/06/2022,CAE,SC,ASO,ES,Combined TRACON& Tower with Radar,38,26,23,0,87,0,2,10,0,12,38,28,33,0,99,12,0,12,111
08/07/2022,CAE,SC,ASO,ES,Combined TRACON& Tower with Radar,31,17,29,0,77,0,3,11,2,16,31,20,40,2,93,10,0,10,103
08/08/2022,CAE,SC,ASO,ES,Combined TRACON& Tower with Radar,42,40,36,0,118,0,0,13,0,13,42,40,49,0,131,10,0,10,141
08/09/2022,CAE,SC,ASO,ES,Combined TRACON& Tower with Radar,53,35,38,21,147,0,0,23,4,27,53,35,61,25,174,30,4,34,208
08/10/2022,CAE,SC,ASO,ES,Combined TRACON& Tower with Radar,53,41,33,20,147,0,2,26,5,33,53,43,59,25,180,8,4,12,192
08/11/2022,CAE,SC,ASO,ES,Combined TRACON& Tower with Radar,49,45,32,18,144,0,2,20,2,24,49,47,52,20,168,30,0,30,198
08/12/2022,CAE,SC,ASO,ES,Combined TRACON& Tower with Radar,52,48,40,9,149,0,0,7,0,7,52,48,47,9,156,14,0,14,170
08/13/2022,CAE,SC,ASO,ES,Combined TRACON& Tower with Radar,36,26,34,18,114,0,0,27,4,31,36,26,61,22,145,56,4,60,205
08/14/2022,CAE,SC,ASO,ES,Combined TRACON& Tower with Radar,28,17,32,13,90,0,0,31,0,31,28,17,63,13,121,14,8,22,143
08/15/2022,CAE,SC,ASO,ES,Combined TRACON& Tower with Radar,43,31,31,24,129,0,0,27,7,34,43,31,58,31,163,34,14,48,211
08/16/2022,CAE,SC,ASO,ES,Combined TRACON& Tower with Radar,48,50,42,18,158,0,5,5,0,10,48,55,47,18,168,6,0,6,174
08/17/2022,CAE,SC,ASO,ES,Combined TRACON& Tower with Radar,50,48,45,18,161,0,4,12,0,16,50,52,57,18,177,4,0,4,181
08/18/2022,CAE,SC,ASO,ES,Combined TRACON& Tower with Radar,48,45,36,12,141,0,9,23,3,35,48,54,59,15,176,8,4,12,188
08/19/2022,CAE,SC,ASO,ES,Combined TRACON& Tower with Radar,44,33,43,18,138,0,0,0,0,0,44,33,43,18,138,0,0,0,138
08/20/2022,CAE,SC,ASO,ES,Combined TRACON& Tower with Radar,28,32,30,4,94,0,1,23,1,25,28,33,53,5,119,26,0,26,145
08/21/2022,CAE,SC,ASO,ES,Combined TRACON& Tower with Radar,29,19,19,0,67,0,0,8,0,8,29,19,27,0,75,8,0,8,83
08/22/2022,CAE,SC,ASO,ES,Combined TRACON& Tower with Radar,28,29,36,7,100,0,0,7,0,7,28,29,43,7,107,2,0,2,109
08/23/2022,CAE,SC,ASO,ES,Combined TRACON& Tower with Radar,35,30,53,24,142,0,4,18,3,25,35,34,71,27,167,44,2,46,213
08/24/2022,CAE,SC,ASO,ES,Combined TRACON& Tower with Radar,45,33,38,9,125,0,0,19,1,20,45,33,57,10,145,36,4,40,185
08/25/2022,CAE,SC,ASO,ES,Combined TRACON& Tower with Radar,48,45,62,3,158,0,0,7,0,7,48,45,69,3,165,16,0,16,181
08/26/2022,CAE,SC,ASO,ES,Combined TRACON& Tower with Radar,42,37,45,32,156,0,2,18,3,23,42,39,63,35,179,34,0,34,213
08/27/2022,CAE,SC,ASO,ES,Combined TRACON& Tower with Radar,27,20,19,1,67,0,0,9,0,9,27,20,28,1,76,8,0,8,84
08/28/2022,CAE,SC,ASO,ES,Combined TRACON& Tower with Radar,38,19,17,1,75,0,0,15,0,15,38,19,32,1,90,14,0,14,104
08/29/2022,CAE,SC,ASO,ES,Combined TRACON& Tower with Radar,40,34,32,2,108,0,0,3,0,3,40,34,35,2,111,0,0,0,111
08/30/2022,CAE,SC,ASO,ES,Combined TRACON& Tower with Radar,53,43,46,5,147,0,3,16,3,22,53,46,62,8,169,30,0,30,199
08/31/2022,CAE,SC,ASO,ES,Combined TRACON& Tower with Radar,46,42,39,6,133,0,2,28,2,32,46,44,67,8,165,28,0,28,193
09/01/2022,CAE,SC,ASO,ES,Combined TRACON& Tower with Radar,50,37,28,6,121,0,1,26,1,28,50,38,54,7,149,48,6,54,203
09/02/2022,CAE,SC,ASO,ES,Combined TRACON& Tower with Radar,44,32,47,8,131,0,0,18,0,18,44,32,65,8,149,0,8,8,157
09/03/2022,CAE,SC,ASO,ES,Combined TRACON& Tower with Radar,24,16,19,0,59,0,0,7,0,7,24,16,26,0,66,2,0,2,68
09/04/2022,CAE,SC,ASO,ES,Combined TRACON& Tower with Radar,26,17,16,5,64,0,0,14,0,14,26,17,30,5,78,0,2,2,80
09/05/2022,CAE,SC,ASO,ES,Combined TRACON& Tower with Radar,29,15,28,1,73,0,0,8,0,8,29,15,36,1,81,0,0,0,81
09/06/2022,CAE,SC,ASO,ES,Combined TRACON& Tower with Radar,39,36,46,11,132,0,2,17,3,22,39,38,63,14,154,34,4,38,192
09/07/2022,CAE,SC,ASO,ES,Combined TRACON& Tower with Radar,46,38,49,15,148,0,0,37,1,38,46,38,86,16,186,16,6,22,208
09/08/2022,CAE,SC,ASO,ES,Combined TRACON& Tower with Radar,51,46,48,13,158,0,0,5,0,5,51,46,53,13,163,48,0,48,211
09/09/2022,CAE,SC,ASO,ES,Combined TRACON& Tower with Radar,53,40,43,18,154,0,0,11,0,11,53,40,54,18,165,2,8,10,175
09/10/2022,CAE,SC,ASO,ES,Combined TRACON& Tower with Radar,34,20,12,5,71,0,0,0,1,1,34,20,12,6,72,0,0,0,72
09/11/2022,CAE,SC,ASO,ES,Combined TRACON& Tower with Radar,36,19,28,9,92,0,0,4,1,5,36,19,32,10,97,4,0,4,101
09/12/2022,CAE,SC,ASO,ES,Combined TRACON& Tower with Radar,53,28,30,10,121,0,2,22,0,24,53,30,52,10,145,8,0,8,153
09/13/2022,CAE,SC,ASO,ES,Combined TRACON& Tower with Radar,47,40,39,25,151,0,0,37,1,38,47,40,76,26,189,16,28,44,233
09/14/2022,CAE,SC,ASO,ES,Combined TRACON& Tower with Radar,47,41,64,14,166,0,2,51,1,54,47,43,115,15,220,12,0,12,232
09/15/2022,CAE,SC,ASO,ES,Combined TRACON& Tower with Radar,52,47,59,12,170,0,0,33,2,35,52,47,92,14,205,8,24,32,237
09/16/2022,CAE,SC,ASO,ES,Combined TRACON& Tower with Radar,44,50,35,29,158,0,0,40,2,42,44,50,75,31,200,60,14,74,274
09/17/2022,CAE,SC,ASO,ES,Combined TRACON& Tower with Radar,25,32,28,0,85,0,1,16,2,19,25,33,44,2,104,16,0,16,120
09/18/2022,CAE,SC,ASO,ES,Combined TRACON& Tower with Radar,30,31,22,6,89,0,1,25,1,27,30,32,47,7,116,28,0,28,144
09/19/2022,CAE,SC,ASO,ES,Combined TRACON& Tower with Radar,39,32,37,10,118,0,0,21,1,22,39,32,58,11,140,30,20,50,190
09/20/2022,CAE,SC,ASO,ES,Combined TRACON& Tower with Radar,51,48,39,23,161,0,2,14,2,18,51,50,53,25,179,4,12,16,195
09/21/2022,CAE,SC,ASO,ES,Combined TRACON& Tower with Radar,49,42,46,16,153,0,0,26,1,27,49,42,72,17,180,14,0,14,194
09/22/2022,CAE,SC,ASO,ES,Combined TRACON& Tower with Radar,53,51,31,20,155,0,0,23,3,26,53,51,54,23,181,2,24,26,207
09/23/2022,CAE,SC,ASO,ES,Combined TRACON& Tower with Radar,50,49,48,2,149,0,0,38,0,38,50,49,86,2,187,26,0,26,213
09/24/2022,CAE,SC,ASO,ES,Combined TRACON& Tower with Radar,32,17,21,2,72,0,0,30,0,30,32,17,51,2,102,6,0,6,108
09/25/2022,CAE,SC,ASO,ES,Combined TRACON& Tower with Radar,34,30,29,2,95,0,0,17,0,17,34,30,46,2,112,20,0,20,132
09/26/2022,CAE,SC,ASO,ES,Combined TRACON& Tower with Radar,45,32,22,10,109,0,2,19,1,22,45,34,41,11,131,42,2,44,175
09/27/2022,CAE,SC,ASO,ES,Combined TRACON& Tower with Radar,48,39,46,14,147,0,3,21,1,25,48,42,67,15,172,42,0,42,214
09/28/2022,CAE,SC,ASO,ES,Combined TRACON& Tower with Radar,48,41,21,13,123,0,9,21,3,33,48,50,42,16,156,60,2,62,218
09/29/2022,CAE,SC,ASO,ES,Combined TRACON& Tower with Radar,50,33,20,15,118,0,2,1,1,4,50,35,21,16,122,6,8,14,136
09/30/2022,CAE,SC,ASO,ES,Combined TRACON& Tower with Radar,4,2,2,0,8,0,0,0,0,0,4,2,2,0,8,0,0,0,8
10/01/2022,CAE,SC,ASO,ES,Combined TRACON& Tower with Radar,28,15,12,0,55,0,1,5,3,9,28,16,17,3,64,0,0,0,64
10/02/2022,CAE,SC,ASO,ES,Combined TRACON& Tower with Radar,33,29,30,5,97,0,2,27,0,29,33,31,57,5,126,10,0,10,136
10/03/2022,CAE,SC,ASO,ES,Combined TRACON& Tower with Radar,46,34,61,12,153,0,0,17,0,17,46,34,78,12,170,42,0,42,212
10/04/2022,CAE,SC,ASO,ES,Combined TRACON& Tower with Radar,48,37,53,40,178,0,0,43,4,47,48,37,96,44,225,44,12,56,281
10/05/2022,CAE,SC,ASO,ES,Combined TRACON& Tower with Radar,48,48,44,23,163,0,4,25,3,32,48,52,69,26,195,36,8,44,239
10/06/2022,CAE,SC,ASO,ES,Combined TRACON& Tower with Radar,49,52,41,16,158,0,2,30,1,33,49,54,71,17,191,18,0,18,209
10/07/2022,CAE,SC,ASO,ES,Combined TRACON& Tower with Radar,46,41,48,13,148,0,4,39,1,44,46,45,87,14,192,26,2,28,220
10/08/2022,CAE,SC,ASO,ES,Combined TRACON& Tower with Radar,29,29,18,1,77,0,2,31,3,36,29,31,49,4,113,2,0,2,115
10/09/2022,CAE,SC,ASO,ES,Combined TRACON& Tower with Radar,34,31,31,0,96,0,0,23,0,23,34,31,54,0,119,38,0,38,157
10/10/2022,CAE,SC,ASO,ES,Combined TRACON& Tower with Radar,39,34,51,0,124,0,2,22,0,24,39,36,73,0,148,34,0,34,182
10/11/2022,CAE,SC,ASO,ES,Combined TRACON& Tower with Radar,53,53,36,12,154,0,1,17,1,19,53,54,53,13,173,4,10,14,187
10/12/2022,CAE,SC,ASO,ES,Combined TRACON& Tower with Radar,46,46,66,9,167,0,0,20,3,23,46,46,86,12,190,22,0,22,212
10/13/2022,CAE,SC,ASO,ES,Combined TRACON& Tower with Radar,47,54,45,15,161,0,0,10,1,11,47,54,55,16,172,6,0,6,178
10/14/2022,CAE,SC,ASO,ES,Combined TRACON& Tower with Radar,46,49,37,5,137,0,0,31,1,32,46,49,68,6,169,20,0,20,189
10/15/2022,CAE,SC,ASO,ES,Combined TRACON& Tower with Radar,28,36,17,6,87,0,0,18,6,24,28,36,35,12,111,8,2,10,121
10/16/2022,CAE,SC,ASO,ES,Combined TRACON& Tower with Radar,31,25,28,8,92,0,2,20,2,24,31,27,48,10,116,12,2,14,130
10/17/2022,CAE,SC,ASO,ES,Combined TRACON& Tower with Radar,37,47,28,4,116,0,4,18,5,27,37,51,46,9,143,26,0,26,169
10/18/2022,CAE,SC,ASO,ES,Combined TRACON& Tower with Radar,47,50,40,10,147,0,2,29,3,34,47,52,69,13,181,30,18,48,229
10/19/2022,CAE,SC,ASO,ES,Combined TRACON& Tower with Radar,47,61,53,9,170,0,5,33,3,41,47,66,86,12,211,2,0,2,213
10/20/2022,CAE,SC,ASO,ES,Combined TRACON& Tower with Radar,47,62,54,10,173,0,3,27,4,34,47,65,81,14,207,20,2,22,229
10/21/2022,CAE,SC,ASO,ES,Combined TRACON& Tower with Radar,45,57,35,13,150,0,2,43,5,50,45,59,78,18,200,34,6,40,240
10/22/2022,CAE,SC,ASO,ES,Combined TRACON& Tower with Radar,32,31,27,2,92,0,4,18,2,24,32,35,45,4,116,8,0,8,124
10/23/2022,CAE,SC,ASO,ES,Combined TRACON& Tower with Radar,31,37,44,4,116,0,2,28,2,32,31,39,72,6,148,16,0,16,164
10/24/2022,CAE,SC,ASO,ES,Combined TRACON& Tower with Radar,38,48,42,25,153,0,2,15,2,19,38,50,57,27,172,16,18,34,206
10/25/2022,CAE,SC,ASO,ES,Combined TRACON& Tower with Radar,46,47,37,7,137,0,2,21,1,24,46,49,58,8,161,40,2,42,203
10/26/2022,CAE,SC,ASO,ES,Combined TRACON& Tower with Radar,45,53,42,20,160,0,4,14,0,18,45,57,56,20,178,46,0,46,224
10/27/2022,CAE,SC,ASO,ES,Combined TRACON& Tower with Radar,50,50,47,29,176,0,1,24,0,25,50,51,71,29,201,26,6,32,233
10/28/2022,CAE,SC,ASO,ES,Combined TRACON& Tower with Radar,45,47,34,14,140,0,1,29,0,30,45,48,63,14,170,25,36,61,231
10/29/2022,CAE,SC,ASO,ES,Combined TRACON& Tower with Radar,27,29,34,0,90,0,0,4,2,6,27,29,38,2,96,0,0,0,96
10/30/2022,CAE,SC,ASO,ES,Combined TRACON& Tower with Radar,27,26,21,2,76,0,0,1,0,1,27,26,22,2,77,0,0,0,77
10/31/2022,CAE,SC,ASO,ES,Combined TRACON& Tower with Radar,35,37,29,6,107,0,2,3,0,5,35,39,32,6,112,4,0,4,116
11/01/2022,CAE,SC,ASO,ES,Combined TRACON& Tower with Radar,46,43,53,17,159,0,2,11,0,13,46,45,64,17,172,12,10,22,194
11/02/2022,CAE,SC,ASO,ES,Combined TRACON& Tower with Radar,47,58,49,16,170,0,1,20,1,22,47,59,69,17,192,20,10,30,222
11/03/2022,CAE,SC,ASO,ES,Combined TRACON& Tower with Radar,47,53,42,25,167,0,2,16,4,22,47,55,58,29,189,30,12,42,231
11/04/2022,CAE,SC,ASO,ES,Combined TRACON& Tower with Radar,42,40,39,21,142,0,0,24,0,24,42,40,63,21,166,68,30,98,264
11/05/2022,CAE,SC,ASO,ES,Combined TRACON& Tower with Radar,26,26,26,11,89,0,0,4,2,6,26,26,30,13,95,6,6,12,107
11/06/2022,CAE,SC,ASO,ES,Combined TRACON& Tower with Radar,26,32,43,21,122,0,0,5,1,6,26,32,48,22,128,0,10,10,138
11/07/2022,CAE,SC,ASO,ES,Combined TRACON& Tower with Radar,34,44,22,16,116,0,2,14,2,18,34,46,36,18,134,8,4,12,146
11/08/2022,CAE,SC,ASO,ES,Combined TRACON& Tower with Radar,45,43,37,21,146,0,3,24,4,31,45,46,61,25,177,14,28,42,219
11/09/2022,CAE,SC,ASO,ES,Combined TRACON& Tower with Radar,46,46,35,17,144,0,0,7,0,7,46,46,42,17,151,0,0,0,151
11/10/2022,CAE,SC,ASO,ES,Combined TRACON& Tower with Radar,52,35,44,13,144,0,0,0,0,0,52,35,44,13,144,0,0,0,144
11/11/2022,CAE,SC,ASO,ES,Combined TRACON& Tower with Radar,50,42,18,0,110,0,0,0,0,0,50,42,18,0,110,0,0,0,110
11/12/2022,CAE,SC,ASO,ES,Combined TRACON& Tower with Radar,32,29,31,0,92,0,2,9,0,11,32,31,40,0,103,8,0,8,111
11/13/2022,CAE,SC,ASO,ES,Combined TRACON& Tower with Radar,27,18,37,0,82,0,0,32,0,32,27,18,69,0,114,20,0,20,134
11/14/2022,CAE,SC,ASO,ES,Combined TRACON& Tower with Radar,40,35,41,3,119,0,0,24,0,24,40,35,65,3,143,10,0,10,153
11/15/2022,CAE,SC,ASO,ES,Combined TRACON& Tower with Radar,42,52,39,0,133,0,0,1,0,1,42,52,40,0,134,0,0,0,134
11/16/2022,CAE,SC,ASO,ES,Combined TRACON& Tower with Radar,48,50,69,23,190,0,0,12,1,13,48,50,81,24,203,28,14,42,245
11/17/2022,CAE,SC,ASO,ES,Combined TRACON& Tower with Radar,46,50,41,20,157,0,2,36,2,40,46,52,77,22,197,26,4,30,227
11/18/2022,CAE,SC,ASO,ES,Combined TRACON& Tower with Radar,45,40,48,6,139,0,2,24,1,27,45,42,72,7,166,84,6,90,256
11/19/2022,CAE,SC,ASO,ES,Combined TRACON& Tower with Radar,29,32,36,11,108,0,3,32,1,36,29,35,68,12,144,42,2,44,188
11/20/2022,CAE,SC,ASO,ES,Combined TRACON& Tower with Radar,27,29,44,2,102,0,0,15,1,16,27,29,59,3,118,0,0,0,118
11/21/2022,CAE,SC,ASO,ES,Combined TRACON& Tower with Radar,42,40,28,7,117,0,3,16,5,24,42,43,44,12,141,18,2,20,161
11/22/2022,CAE,SC,ASO,ES,Combined TRACON& Tower with Radar,56,60,42,14,172,0,2,13,3,18,56,62,55,17,190,0,4,4,194
11/23/2022,CAE,SC,ASO,ES,Combined TRACON& Tower with Radar,55,48,45,5,153,0,0,21,2,23,55,48,66,7,176,38,0,38,214
11/24/2022,CAE,SC,ASO,ES,Combined TRACON& Tower with Radar,19,14,6,0,39,0,0,3,0,3,19,14,9,0,42,0,0,0,42
11/25/2022,CAE,SC,ASO,ES,Combined TRACON& Tower with Radar,31,36,34,2,103,0,1,2,0,3,31,37,36,2,106,0,0,0,106
11/26/2022,CAE,SC,ASO,ES,Combined TRACON& Tower with Radar,25,29,34,0,88,0,0,26,0,26,25,29,60,0,114,0,0,0,114
11/27/2022,CAE,SC,ASO,ES,Combined TRACON& Tower with Radar,29,27,31,0,87,0,1,3,0,4,29,28,34,0,91,0,0,0,91
11/28/2022,CAE,SC,ASO,ES,Combined TRACON& Tower with Radar,43,32,27,30,132,0,0,29,0,29,43,32,56,30,161,0,12,12,173
11/29/2022,CAE,SC,ASO,ES,Combined TRACON& Tower with Radar,56,45,39,26,166,0,0,30,0,30,56,45,69,26,196,2,12,14,210
11/30/2022,CAE,SC,ASO,ES,Combined TRACON& Tower with Radar,50,57,27,7,141,0,0,4,1,5,50,57,31,8,146,0,0,0,146
12/01/2022,CAE,SC,ASO,ES,Combined TRACON& Tower with Radar,59,52,57,22,190,0,0,35,5,40,59,52,92,27,230,20,14,34,264
12/02/2022,CAE,SC,ASO,ES,Combined TRACON& Tower with Radar,47,54,38,12,151,0,1,29,3,33,47,55,67,15,184,2,0,2,186
12/03/2022,CAE,SC,ASO,ES,Combined TRACON& Tower with Radar,27,26,24,3,80,0,1,9,1,11,27,27,33,4,91,0,0,0,91
12/04/2022,CAE,SC,ASO,ES,Combined TRACON& Tower with Radar,28,22,27,0,77,0,0,22,0,22,28,22,49,0,99,32,0,32,131
12/05/2022,CAE,SC,ASO,ES,Combined TRACON& Tower with Radar,39,30,34,17,120,0,0,11,0,11,39,30,45,17,131,8,0,8,139
12/06/2022,CAE,SC,ASO,ES,Combined TRACON& Tower with Radar,55,42,38,1,136,0,0,0,0,0,55,42,38,1,136,0,0,0,136
12/07/2022,CAE,SC,ASO,ES,Combined TRACON& Tower with Radar,53,42,39,16,150,0,0,3,2,5,53,42,42,18,155,8,0,8,163
12/08/2022,CAE,SC,ASO,ES,Combined TRACON& Tower with Radar,56,48,43,24,171,0,0,2,0,2,56,48,45,24,173,2,0,2,175
12/09/2022,CAE,SC,ASO,ES,Combined TRACON& Tower with Radar,46,40,54,13,153,0,0,0,0,0,46,40,54,13,153,0,0,0,153
12/10/2022,CAE,SC,ASO,ES,Combined TRACON& Tower with Radar,23,32,28,0,83,0,0,2,0,2,23,32,30,0,85,0,0,0,85
12/11/2022,CAE,SC,ASO,ES,Combined TRACON& Tower with Radar,27,36,36,18,117,0,0,3,2,5,27,36,39,20,122,0,0,0,122
12/12/2022,CAE,SC,ASO,ES,Combined TRACON& Tower with Radar,37,33,45,21,136,0,4,22,3,29,37,37,67,24,165,16,14,30,195
12/13/2022,CAE,SC,ASO,ES,Combined TRACON& Tower with Radar,56,39,58,40,193,0,4,43,4,51,56,43,101,44,244,18,26,44,288
12/14/2022,CAE,SC,ASO,ES,Combined TRACON& Tower with Radar,58,43,59,25,185,0,0,9,2,11,58,43,68,27,196,24,6,30,226
12/15/2022,CAE,SC,ASO,ES,Combined TRACON& Tower with Radar,56,39,29,8,132,0,0,0,0,0,56,39,29,8,132,0,0,0,132
12/16/2022,CAE,SC,ASO,ES,Combined TRACON& Tower with Radar,56,47,40,11,154,0,0,30,2,32,56,47,70,13,186,76,0,76,262
12/17/2022,CAE,SC,ASO,ES,Combined TRACON& Tower with Radar,43,31,27,2,103,0,0,14,0,14,43,31,41,2,117,54,0,54,171
12/18/2022,CAE,SC,ASO,ES,Combined TRACON& Tower with Radar,31,23,25,0,79,0,0,19,0,19,31,23,44,0,98,78,0,78,176
12/19/2022,CAE,SC,ASO,ES,Combined TRACON& Tower with Radar,44,35,45,22,146,0,1,29,1,31,44,36,74,23,177,22,6,28,205
12/20/2022,CAE,SC,ASO,ES,Combined TRACON& Tower with Radar,52,52,33,8,145,0,0,6,0,6,52,52,39,8,151,4,12,16,167
12/21/2022,CAE,SC,ASO,ES,Combined TRACON& Tower with Radar,54,47,46,17,164,0,0,9,3,12,54,47,55,20,176,20,26,46,222
12/22/2022,CAE,SC,ASO,ES,Combined TRACON& Tower with Radar,49,46,30,6,131,0,0,0,0,0,49,46,30,6,131,0,0,0,131
12/23/2022,CAE,SC,ASO,ES,Combined TRACON& Tower with Radar,53,37,16,0,106,0,0,3,0,3,53,37,19,0,109,0,0,0,109
12/24/2022,CAE,SC,ASO,ES,Combined TRACON& Tower with Radar,17,19,19,0,55,0,1,15,0,16,17,20,34,0,71,0,0,0,71
12/25/2022,CAE,SC,ASO,ES,Combined TRACON& Tower with Radar,15,13,6,0,34,0,0,7,0,7,15,13,13,0,41,0,0,0,41
12/26/2022,CAE,SC,ASO,ES,Combined TRACON& Tower with Radar,28,25,42,0,95,0,1,31,0,32,28,26,73,0,127,1,0,1,128
12/27/2022,CAE,SC,ASO,ES,Combined TRACON& Tower with Radar,33,43,60,7,143,0,0,28,0,28,33,43,88,7,171,0,0,0,171
12/28/2022,CAE,SC,ASO,ES,Combined TRACON& Tower with Radar,53,45,41,10,149,0,3,31,1,35,53,48,72,11,184,50,0,50,234
12/29/2022,CAE,SC,ASO,ES,Combined TRACON& Tower with Radar,50,48,41,15,154,0,1,41,1,43,50,49,82,16,197,7,12,19,216
12/30/2022,CAE,SC,ASO,ES,Combined TRACON& Tower with Radar,36,34,62,2,134,0,0,11,0,11,36,34,73,2,145,8,0,8,153
12/31/2022,CAE,SC,ASO,ES,Combined TRACON& Tower with Radar,19,21,21,0,61,0,0,0,0,0,19,21,21,0,61,0,0,0,61
01/01/2023,CAE,SC,ASO,ES,Combined TRACON& Tower with Radar,18,19,19,0,56,0,0,4,0,4,18,19,23,0,60,0,0,0,60
01/02/2023,CAE,SC,ASO,ES,Combined TRACON& Tower with Radar,28,28,29,0,85,0,1,21,0,22,28,29,50,0,107,18,0,18,125
01/03/2023,CAE,SC,ASO,ES,Combined TRACON& Tower with Radar,31,34,37,20,122,0,1,6,2,9,31,35,43,22,131,0,22,22,153
01/04/2023,CAE,SC,ASO,ES,Combined TRACON& Tower with Radar,39,48,25,0,112,0,0,0,0,0,39,48,25,0,112,0,0,0,112
01/05/2023,CAE,SC,ASO,ES,Combined TRACON& Tower with Radar,40,41,43,25,149,0,5,21,1,27,40,46,64,26,176,8,36,44,220
01/06/2023,CAE,SC,ASO,ES,Combined TRACON& Tower with Radar,37,40,38,14,129,0,0,51,1,52,37,40,89,15,181,14,0,14,195
01/07/2023,CAE,SC,ASO,ES,Combined TRACON& Tower with Radar,29,22,32,4,87,0,0,28,0,28,29,22,60,4,115,12,2,14,129
01/08/2023,CAE,SC,ASO,ES,Combined TRACON& Tower with Radar,25,22,34,2,83,0,0,15,0,15,25,22,49,2,98,0,0,0,98
01/09/2023,CAE,SC,ASO,ES,Combined TRACON& Tower with Radar,36,33,45,8,122,0,0,27,1,28,36,33,72,9,150,4,2,6,156
01/10/2023,CAE,SC,ASO,ES,Combined TRACON& Tower with Radar,47,32,46,26,151,0,0,27,4,31,47,32,73,30,182,10,2,12,194
01/11/2023,CAE,SC,ASO,ES,Combined TRACON& Tower with Radar,46,44,58,22,170,0,3,33,5,41,46,47,91,27,211,40,10,50,261
01/12/2023,CAE,SC,ASO,ES,Combined TRACON& Tower with Radar,65,39,45,17,166,0,1,5,2,8,65,40,50,19,174,0,0,0,174
01/13/2023,CAE,SC,ASO,ES,Combined TRACON& Tower with Radar,49,37,31,20,137,0,0,9,0,9,49,37,40,20,146,10,0,10,156
01/14/2023,CAE,SC,ASO,ES,Combined TRACON& Tower with Radar,29,21,29,0,79,0,0,13,0,13,29,21,42,0,92,0,0,0,92
01/15/2023,CAE,SC,ASO,ES,Combined TRACON& Tower with Radar,29,14,25,0,68,0,2,21,0,23,29,16,46,0,91,4,0,4,95
01/16/2023,CAE,SC,ASO,ES,Combined TRACON& Tower with Radar,42,28,39,9,118,0,0,37,0,37,42,28,76,9,155,12,12,24,179
01/17/2023,CAE,SC,ASO,ES,Combined TRACON& Tower with Radar,49,43,20,25,137,0,0,7,2,9,49,43,27,27,146,0,6,6,152
01/18/2023,CAE,SC,ASO,ES,Combined TRACON& Tower with Radar,52,37,57,26,172,0,1,13,0,14,52,38,70,26,186,26,0,26,212
01/19/2023,CAE,SC,ASO,ES,Combined TRACON& Tower with Radar,53,40,35,9,137,0,0,6,2,8,53,40,41,11,145,0,6,6,151
01/20/2023,CAE,SC,ASO,ES,Combined TRACON& Tower with Radar,47,35,40,9,131,0,4,33,0,37,47,39,73,9,168,32,2,34,202
01/21/2023,CAE,SC,ASO,ES,Combined TRACON& Tower with Radar,31,23,22,0,76,0,5,47,0,52,31,28,69,0,128,0,0,0,128
01/22/2023,CAE,SC,ASO,ES,Combined TRACON& Tower with Radar,34,23,5,0,62,0,0,0,0,0,34,23,5,0,62,0,0,0,62
01/23/2023,CAE,SC,ASO,ES,Combined TRACON& Tower with Radar,44,34,28,12,118,0,6,23,3,32,44,40,51,15,150,0,0,0,150
01/24/2023,CAE,SC,ASO,ES,Combined TRACON& Tower with Radar,49,38,46,7,140,0,3,36,3,42,49,41,82,10,182,0,0,0,182
01/25/2023,CAE,SC,ASO,ES,Combined TRACON& Tower with Radar,48,34,29,0,111,0,0,0,0,0,48,34,29,0,111,0,0,0,111
01/26/2023,CAE,SC,ASO,ES,Combined TRACON& Tower with Radar,52,39,53,21,165,0,9,29,2,40,52,48,82,23,205,4,2,6,211
01/27/2023,CAE,SC,ASO,ES,Combined TRACON& Tower with Radar,46,41,37,8,132,0,0,31,3,34,46,41,68,11,166,60,0,60,226
01/28/2023,CAE,SC,ASO,ES,Combined TRACON& Tower with Radar,30,21,45,9,105,0,4,40,0,44,30,25,85,9,149,18,0,18,167
01/29/2023,CAE,SC,ASO,ES,Combined TRACON& Tower with Radar,35,19,17,17,88,0,0,6,0,6,35,19,23,17,94,8,0,8,102
01/30/2023,CAE,SC,ASO,ES,Combined TRACON& Tower with Radar,37,29,29,2,97,0,0,1,0,1,37,29,30,2,98,0,0,0,98
01/31/2023,CAE,SC,ASO,ES,Combined TRACON& Tower with Radar,37,34,37,2,110,0,1,1,0,2,37,35,38,2,112,4,0,4,116
02/01/2023,CAE,SC,ASO,ES,Combined TRACON& Tower with Radar,44,46,33,8,131,0,1,19,0,20,44,47,52,8,151,20,0,20,171
02/02/2023,CAE,SC,ASO,ES,Combined TRACON& Tower with Radar,41,37,44,4,126,0,0,0,0,0,41,37,44,4,126,0,0,0,126
02/03/2023,CAE,SC,ASO,ES,Combined TRACON& Tower with Radar,40,36,40,2,118,0,4,24,4,32,40,40,64,6,150,2,0,2,152
02/04/2023,CAE,SC,ASO,ES,Combined TRACON& Tower with Radar,34,22,28,2,86,0,0,49,0,49,34,22,77,2,135,6,0,6,141
02/05/2023,CAE,SC,ASO,ES,Combined TRACON& Tower with Radar,33,20,30,2,85,0,1,15,0,16,33,21,45,2,101,20,0,20,121
02/06/2023,CAE,SC,ASO,ES,Combined TRACON& Tower with Radar,34,37,41,9,121,0,3,41,2,46,34,40,82,11,167,36,4,40,207
02/07/2023,CAE,SC,ASO,ES,Combined TRACON& Tower with Radar,40,40,30,12,122,0,5,41,3,49,40,45,71,15,171,8,16,24,195
02/08/2023,CAE,SC,ASO,ES,Combined TRACON& Tower with Radar,42,39,54,13,148,0,4,35,3,42,42,43,89,16,190,36,14,50,240
02/09/2023,CAE,SC,ASO,ES,Combined TRACON& Tower with Radar,45,42,61,10,158,0,0,18,3,21,45,42,79,13,179,10,10,20,199
02/10/2023,CAE,SC,ASO,ES,Combined TRACON& Tower with Radar,38,41,47,1,127,0,0,13,0,13,38,41,60,1,140,18,0,18,158
02/11/2023,CAE,SC,ASO,ES,Combined TRACON& Tower with Radar,30,25,33,1,89,0,0,3,1,4,30,25,36,2,93,12,0,12,105
02/12/2023,CAE,SC,ASO,ES,Combined TRACON& Tower with Radar,31,20,23,0,74,0,0,1,0,1,31,20,24,0,75,0,0,0,75
02/13/2023,CAE,SC,ASO,ES,Combined TRACON& Tower with Radar,37,30,37,12,116,0,4,38,1,43,37,34,75,13,159,12,27,39,198
02/14/2023,CAE,SC,ASO,ES,Combined TRACON& Tower with Radar,41,40,46,4,131,0,2,30,0,32,41,42,76,4,163,0,0,0,163
02/15/2023,CAE,SC,ASO,ES,Combined TRACON& Tower with Radar,41,51,48,18,158,0,0,22,2,24,41,51,70,20,182,44,32,76,258
02/16/2023,CAE,SC,ASO,ES,Combined TRACON& Tower with Radar,43,44,47,4,138,0,2,9,0,11,43,46,56,4,149,6,0,6,155
02/17/2023,CAE,SC,ASO,ES,Combined TRACON& Tower with Radar,37,40,37,0,114,0,0,3,0,3,37,40,40,0,117,0,0,0,117
02/18/2023,CAE,SC,ASO,ES,Combined TRACON& Tower with Radar,29,29,36,1,95,0,2,46,0,48,29,31,82,1,143,10,0,10,153
02/19/2023,CAE,SC,ASO,ES,Combined TRACON& Tower with Radar,27,18,21,0,66,0,0,16,0,16,27,18,37,0,82,4,0,4,86
02/20/2023,CAE,SC,ASO,ES,Combined TRACON& Tower with Radar,39,32,33,2,106,0,2,28,1,31,39,34,61,3,137,4,0,4,141
02/21/2023,CAE,SC,ASO,ES,Combined TRACON& Tower with Radar,42,35,46,38,161,0,2,21,16,39,42,37,67,54,200,10,12,22,222
02/22/2023,CAE,SC,ASO,ES,Combined TRACON& Tower with Radar,43,43,50,6,142,0,1,5,4,10,43,44,55,10,152,16,0,16,168
02/23/2023,CAE,SC,ASO,ES,Combined TRACON& Tower with Radar,42,46,46,5,139,0,0,20,2,22,42,46,66,7,161,34,4,38,199
02/24/2023,CAE,SC,ASO,ES,Combined TRACON& Tower with Radar,46,39,40,21,146,0,0,23,0,23,46,39,63,21,169,54,6,60,229
02/25/2023,CAE,SC,ASO,ES,Combined TRACON& Tower with Radar,30,20,16,0,66,0,0,0,0,0,30,20,16,0,66,0,0,0,66
02/26/2023,CAE,SC,ASO,ES,Combined TRACON& Tower with Radar,26,19,31,2,78,0,0,9,0,9,26,19,40,2,87,0,0,0,87
02/27/2023,CAE,SC,ASO,ES,Combined TRACON& Tower with Radar,42,28,28,6,104,0,0,9,0,9,42,28,37,6,113,0,10,10,123
02/28/2023,CAE,SC,ASO,ES,Combined TRACON& Tower with Radar,40,36,29,7,112,0,3,36,2,41,40,39,65,9,153,2,24,26,179
03/01/2023,CAE,SC,ASO,ES,Combined TRACON& Tower with Radar,48,38,47,20,153,0,2,25,0,27,48,40,72,20,180,20,0,20,200
03/02/2023,CAE,SC,ASO,ES,Combined TRACON& Tower with Radar,47,43,31,4,125,0,0,4,0,4,47,43,35,4,129,22,6,28,157
03/03/2023,CAE,SC,ASO,ES,Combined TRACON& Tower with Radar,56,40,36,8,140,0,0,5,0,5,56,40,41,8,145,0,4,4,149
03/04/2023,CAE,SC,ASO,ES,Combined TRACON& Tower with Radar,30,30,32,2,94,0,1,42,0,43,30,31,74,2,137,10,0,10,147
03/05/2023,CAE,SC,ASO,ES,Combined TRACON& Tower with Radar,34,16,20,0,70,0,2,33,0,35,34,18,53,0,105,58,0,58,163
03/06/2023,CAE,SC,ASO,ES,Combined TRACON& Tower with Radar,43,31,44,14,132,0,0,40,0,40,43,31,84,14,172,54,10,64,236
03/07/2023,CAE,SC,ASO,ES,Combined TRACON& Tower with Radar,43,39,38,14,134,0,2,20,3,25,43,41,58,17,159,50,0,50,209
03/08/2023,CAE,SC,ASO,ES,Combined TRACON& Tower with Radar,46,50,44,19,159,0,0,32,0,32,46,50,76,19,191,26,22,48,239
03/09/2023,CAE,SC,ASO,ES,Combined TRACON& Tower with Radar,48,48,57,6,159,0,2,26,2,30,48,50,83,8,189,0,0,0,189
03/10/2023,CAE,SC,ASO,ES,Combined TRACON& Tower with Radar,45,32,36,10,123,0,0,0,0,0,45,32,36,10,123,0,0,0,123
03/11/2023,CAE,SC,ASO,ES,Combined TRACON& Tower with Radar,29,25,24,0,78,0,0,28,0,28,29,25,52,0,106,0,0,0,106
03/12/2023,CAE,SC,ASO,ES,Combined TRACON& Tower with Radar,41,29,22,0,92,0,0,1,0,1,41,29,23,0,93,0,0,0,93
03/13/2023,CAE,SC,ASO,ES,Combined TRACON& Tower with Radar,44,27,41,2,114,0,0,3,0,3,44,27,44,2,117,0,0,0,117
03/14/2023,CAE,SC,ASO,ES,Combined TRACON& Tower with Radar,45,40,41,2,128,0,6,34,1,41,45,46,75,3,169,22,0,22,191
03/15/2023,CAE,SC,ASO,ES,Combined TRACON& Tower with Radar,47,43,39,2,131,0,1,40,0,41,47,44,79,2,172,24,10,34,206
03/16/2023,CAE,SC,ASO,ES,Combined TRACON& Tower with Radar,46,43,42,4,135,0,0,38,2,40,46,43,80,6,175,10,0,10,185
03/17/2023,CAE,SC,ASO,ES,Combined TRACON& Tower with Radar,47,38,37,0,122,0,2,4,1,7,47,40,41,1,129,0,0,0,129
03/18/2023,CAE,SC,ASO,ES,Combined TRACON& Tower with Radar,32,29,37,2,100,0,0,20,0,20,32,29,57,2,120,14,0,14,134
03/19/2023,CAE,SC,ASO,ES,Combined TRACON& Tower with Radar,35,23,34,2,94,0,1,71,0,72,35,24,105,2,166,6,0,6,172
03/20/2023,CAE,SC,ASO,ES,Combined TRACON& Tower with Radar,43,35,45,0,123,0,0,22,0,22,43,35,67,0,145,22,0,22,167
03/21/2023,CAE,SC,ASO,ES,Combined TRACON& Tower with Radar,44,47,49,7,147,0,0,26,5,31,44,47,75,12,178,14,2,16,194
03/22/2023,CAE,SC,ASO,ES,Combined TRACON& Tower with Radar,45,44,50,12,151,0,0,10,0,10,45,44,60,12,161,0,0,0,161
03/23/2023,CAE,SC,ASO,ES,Combined TRACON& Tower with Radar,49,41,40,3,133,0,3,17,2,22,49,44,57,5,155,0,0,0,155
03/24/2023,CAE,SC,ASO,ES,Combined TRACON& Tower with Radar,43,37,31,4,115,0,2,25,2,29,43,39,56,6,144,14,0,14,158
03/25/2023,CAE,SC,ASO,ES,Combined TRACON& Tower with Radar,33,34,25,0,92,0,0,4,0,4,33,34,29,0,96,8,0,8,104
03/26/2023,CAE,SC,ASO,ES,Combined TRACON& Tower with Radar,30,24,21,0,75,0,0,2,0,2,30,24,23,0,77,0,0,0,77
03/27/2023,CAE,SC,ASO,ES,Combined TRACON& Tower with Radar,46,31,47,1,125,0,0,5,1,6,46,31,52,2,131,0,0,0,131
03/28/2023,CAE,SC,ASO,ES,Combined TRACON& Tower with Radar,45,52,53,2,152,0,0,20,1,21,45,52,73,3,173,10,0,10,183
03/29/2023,CAE,SC,ASO,ES,Combined TRACON& Tower with Radar,44,45,48,6,143,0,0,28,1,29,44,45,76,7,172,16,20,36,208
03/30/2023,CAE,SC,ASO,ES,Combined TRACON& Tower with Radar,50,49,57,1,157,0,0,26,2,28,50,49,83,3,185,4,0,4,189
03/31/2023,CAE,SC,ASO,ES,Combined TRACON& Tower with Radar,44,39,29,2,114,0,2,24,0,26,44,41,53,2,140,46,0,46,186
04/01/2023,CAE,SC,ASO,ES,Combined TRACON& Tower with Radar,41,24,13,0,78,0,0,3,0,3,41,24,16,0,81,0,0,0,81
04/02/2023,CAE,SC,ASO,ES,Combined TRACON& Tower with Radar,32,23,34,0,89,0,3,22,0,25,32,26,56,0,114,0,0,0,114
04/03/2023,CAE,SC,ASO,ES,Combined TRACON& Tower with Radar,44,41,37,0,122,0,0,14,0,14,44,41,51,0,136,36,0,36,172
04/04/2023,CAE,SC,ASO,ES,Combined TRACON& Tower with Radar,40,57,65,11,173,0,2,27,1,30,40,59,92,12,203,74,0,74,277
04/05/2023,CAE,SC,ASO,ES,Combined TRACON& Tower with Radar,38,63,77,28,206,0,0,32,0,32,38,63,109,28,238,24,0,24,262
04/06/2023,CAE,SC,ASO,ES,Combined TRACON& Tower with Radar,39,56,49,2,146,0,1,10,4,15,39,57,59,6,161,0,0,0,161
04/07/2023,CAE,SC,ASO,ES,Combined TRACON& Tower with Radar,41,75,99,1,216,0,0,9,1,10,41,75,108,2,226,0,0,0,226
04/08/2023,CAE,SC,ASO,ES,Combined TRACON& Tower with Radar,28,41,28,8,105,0,0,0,0,0,28,41,28,8,105,0,0,0,105
04/09/2023,CAE,SC,ASO,ES,Combined TRACON& Tower with Radar,26,26,29,0,81,0,0,11,0,11,26,26,40,0,92,0,0,0,92
04/10/2023,CAE,SC,ASO,ES,Combined TRACON& Tower with Radar,37,44,51,3,135,0,0,40,0,40,37,44,91,3,175,8,0,8,183
04/11/2023,CAE,SC,ASO,ES,Combined TRACON& Tower with Radar,41,52,54,2,149,0,1,35,0,36,41,53,89,2,185,20,0,20,205
04/12/2023,CAE,SC,ASO,ES,Combined TRACON& Tower with Radar,40,52,36,2,130,0,0,33,0,33,40,52,69,2,163,0,0,0,163
04/13/2023,CAE,SC,ASO,ES,Combined TRACON& Tower with Radar,43,46,40,4,133,0,0,17,0,17,43,46,57,4,150,12,16,28,178
04/14/2023,CAE,SC,ASO,ES,Combined TRACON& Tower with Radar,38,57,29,0,124,0,0,7,2,9,38,57,36,2,133,16,0,16,149
04/15/2023,CAE,SC,ASO,ES,Combined TRACON& Tower with Radar,27,30,26,0,83,0,0,22,0,22,27,30,48,0,105,0,0,0,105
04/16/2023,CAE,SC,ASO,ES,Combined TRACON& Tower with Radar,29,21,18,4,72,0,0,11,2,13,29,21,29,6,85,0,0,0,85
04/17/2023,CAE,SC,ASO,ES,Combined TRACON& Tower with Radar,35,46,40,4,125,0,2,33,0,35,35,48,73,4,160,0,0,0,160
04/18/2023,CAE,SC,ASO,ES,Combined TRACON& Tower with Radar,37,54,36,8,135,0,1,34,0,35,37,55,70,8,170,18,24,42,212
04/19/2023,CAE,SC,ASO,ES,Combined TRACON& Tower with Radar,44,47,52,7,150,0,1,49,1,51,44,48,101,8,201,12,0,12,213
04/20/2023,CAE,SC,ASO,ES,Combined TRACON& Tower with Radar,36,53,36,16,141,0,0,18,2,20,36,53,54,18,161,0,12,12,173
04/21/2023,CAE,SC,ASO,ES,Combined TRACON& Tower with Radar,38,48,31,10,127,0,3,42,0,45,38,51,73,10,172,12,0,12,184
04/22/2023,CAE,SC,ASO,ES,Combined TRACON& Tower with Radar,30,30,13,2,75,0,0,13,0,13,30,30,26,2,88,4,0,4,92
04/23/2023,CAE,SC,ASO,ES,Combined TRACON& Tower with Radar,27,22,24,0,73,0,1,23,0,24,27,23,47,0,97,14,0,14,111
04/24/2023,CAE,SC,ASO,ES,Combined TRACON& Tower with Radar,36,38,34,3,111,0,3,32,2,37,36,41,66,5,148,12,0,12,160
04/25/2023,CAE,SC,ASO,ES,Combined TRACON& Tower with Radar,43,48,38,3,132,0,0,25,3,28,43,48,63,6,160,12,16,28,188
04/26/2023,CAE,SC,ASO,ES,Combined TRACON& Tower with Radar,33,45,45,2,125,0,2,15,3,20,33,47,60,5,145,26,0,26,171
04/27/2023,CAE,SC,ASO,ES,Combined TRACON& Tower with Radar,41,47,42,9,139,0,0,2,0,2,41,47,44,9,141,0,0,0,141
04/28/2023,CAE,SC,ASO,ES,Combined TRACON& Tower with Radar,37,48,38,3,126,0,0,12,3,15,37,48,50,6,141,42,0,42,183
04/29/2023,CAE,SC,ASO,ES,Combined TRACON& Tower with Radar,31,32,29,0,92,0,0,26,0,26,31,32,55,0,118,0,0,0,118
04/30/2023,CAE,SC,ASO,ES,Combined TRACON& Tower with Radar,26,20,22,0,68,0,0,1,0,1,26,20,23,0,69,0,0,0,69
05/01/2023,CAE,SC,ASO,ES,Combined TRACON& Tower with Radar,38,40,24,9,111,0,0,13,0,13,38,40,37,9,124,0,0,0,124
05/02/2023,CAE,SC,ASO,ES,Combined TRACON& Tower with Radar,41,50,38,2,131,0,2,13,2,17,41,52,51,4,148,2,0,2,150
05/03/2023,CAE,SC,ASO,ES,Combined TRACON& Tower with Radar,40,57,45,3,145,0,0,41,0,41,40,57,86,3,186,12,0,12,198
05/04/2023,CAE,SC,ASO,ES,Combined TRACON& Tower with Radar,41,49,30,5,125,0,2,29,0,31,41,51,59,5,156,18,14,32,188
05/05/2023,CAE,SC,ASO,ES,Combined TRACON& Tower with Radar,43,47,27,0,117,0,0,36,0,36,43,47,63,0,153,46,0,46,199
05/06/2023,CAE,SC,ASO,ES,Combined TRACON& Tower with Radar,28,35,24,0,87,0,1,12,0,13,28,36,36,0,100,8,0,8,108
05/07/2023,CAE,SC,ASO,ES,Combined TRACON& Tower with Radar,30,40,29,1,100,0,0,28,2,30,30,40,57,3,130,16,0,16,146
05/08/2023,CAE,SC,ASO,ES,Combined TRACON& Tower with Radar,37,45,33,0,115,0,4,20,0,24,37,49,53,0,139,22,0,22,161
05/09/2023,CAE,SC,ASO,ES,Combined TRACON& Tower with Radar,42,50,34,0,126,0,3,21,0,24,42,53,55,0,150,0,0,0,150
05/10/2023,CAE,SC,ASO,ES,Combined TRACON& Tower with Radar,40,48,57,2,147,0,0,17,0,17,40,48,74,2,164,16,0,16,180
05/11/2023,CAE,SC,ASO,ES,Combined TRACON& Tower with Radar,42,60,44,7,153,0,8,34,2,44,42,68,78,9,197,0,12,12,209
05/12/2023,CAE,SC,ASO,ES,Combined TRACON& Tower with Radar,39,53,47,12,151,0,4,24,0,28,39,57,71,12,179,66,0,66,245
05/13/2023,CAE,SC,ASO,ES,Combined TRACON& Tower with Radar,32,43,33,1,109,0,0,39,0,39,32,43,72,1,148,12,0,12,160
05/14/2023,CAE,SC,ASO,ES,Combined TRACON& Tower with Radar,30,42,22,0,94,0,0,23,0,23,30,42,45,0,117,18,0,18,135
05/15/2023,CAE,SC,ASO,ES,Combined TRACON& Tower with Radar,38,45,44,3,130,0,0,25,2,27,38,45,69,5,157,28,0,28,185
05/16/2023,CAE,SC,ASO,ES,Combined TRACON& Tower with Radar,41,57,50,21,169,0,1,29,1,31,41,58,79,22,200,44,0,44,244
05/17/2023,CAE,SC,ASO,ES,Combined TRACON& Tower with Radar,47,69,46,22,184,0,0,26,3,29,47,69,72,25,213,24,30,54,267
05/18/2023,CAE,SC,ASO,ES,Combined TRACON& Tower with Radar,42,48,37,5,132,0,0,0,0,0,42,48,37,5,132,0,0,0,132
05/19/2023,CAE,SC,ASO,ES,Combined TRACON& Tower with Radar,41,52,53,0,146,0,0,1,0,1,41,52,54,0,147,0,0,0,147
05/20/2023,CAE,SC,ASO,ES,Combined TRACON& Tower with Radar,34,34,29,0,97,0,0,14,0,14,34,34,43,0,111,50,0,50,161
05/21/2023,CAE,SC,ASO,ES,Combined TRACON& Tower with Radar,33,36,24,1,94,0,0,0,0,0,33,36,24,1,94,0,0,0,94
05/22/2023,CAE,SC,ASO,ES,Combined TRACON& Tower with Radar,38,41,34,4,117,0,4,39,0,43,38,45,73,4,160,68,16,84,244
05/23/2023,CAE,SC,ASO,ES,Combined TRACON& Tower with Radar,43,51,40,16,150,0,0,14,0,14,43,51,54,16,164,34,12,46,210
05/24/2023,CAE,SC,ASO,ES,Combined TRACON& Tower with Radar,42,56,42,19,159,0,0,25,1,26,42,56,67,20,185,81,24,105,290
05/25/2023,CAE,SC,ASO,ES,Combined TRACON& Tower with Radar,41,53,40,5,139,0,2,31,0,33,41,55,71,5,172,116,4,120,292
05/26/2023,CAE,SC,ASO,ES,Combined TRACON& Tower with Radar,41,49,33,0,123,0,0,21,0,21,41,49,54,0,144,56,0,56,200
05/27/2023,CAE,SC,ASO,ES,Combined TRACON& Tower with Radar,28,29,15,0,72,0,0,3,0,3,28,29,18,0,75,0,0,0,75
05/28/2023,CAE,SC,ASO,ES,Combined TRACON& Tower with Radar,23,31,12,0,66,0,0,0,0,0,23,31,12,0,66,0,0,0,66
05/29/2023,CAE,SC,ASO,ES,Combined TRACON& Tower with Radar,32,37,29,2,100,0,0,29,0,29,32,37,58,2,129,6,0,6,135
05/30/2023,CAE,SC,ASO,ES,Combined TRACON& Tower with Radar,38,53,43,13,147,0,0,17,2,19,38,53,60,15,166,0,0,0,166
05/31/2023,CAE,SC,ASO,ES,Combined TRACON& Tower with Radar,41,54,43,4,142,0,0,11,0,11,41,54,54,4,153,20,0,20,173
06/01/2023,CAE,SC,ASO,ES,Combined TRACON& Tower with Radar,40,45,44,9,138,0,2,35,3,40,40,47,79,12,178,18,14,32,210
06/02/2023,CAE,SC,ASO,ES,Combined TRACON& Tower with Radar,48,42,31,20,141,0,0,22,0,22,48,42,53,20,163,20,2,22,185
06/03/2023,CAE,SC,ASO,ES,Combined TRACON& Tower with Radar,37,29,14,0,80,0,1,27,0,28,37,30,41,0,108,0,0,0,108
06/04/2023,CAE,SC,ASO,ES,Combined TRACON& Tower with Radar,39,21,22,2,84,0,0,13,0,13,39,21,35,2,97,8,0,8,105
06/05/2023,CAE,SC,ASO,ES,Combined TRACON& Tower with Radar,45,35,56,6,142,0,2,30,0,32,45,37,86,6,174,22,14,36,210
06/06/2023,CAE,SC,ASO,ES,Combined TRACON& Tower with Radar,52,39,25,14,130,0,3,12,0,15,52,42,37,14,145,2,22,24,169
06/07/2023,CAE,SC,ASO,ES,Combined TRACON& Tower with Radar,45,42,42,2,131,0,3,17,2,22,45,45,59,4,153,28,0,28,181
06/08/2023,CAE,SC,ASO,ES,Combined TRACON& Tower with Radar,51,46,40,21,158,0,5,19,7,31,51,51,59,28,189,0,26,26,215
06/09/2023,CAE,SC,ASO,ES,Combined TRACON& Tower with Radar,46,41,45,2,134,0,5,29,0,34,46,46,74,2,168,40,0,40,208
06/10/2023,CAE,SC,ASO,ES,Combined TRACON& Tower with Radar,38,25,16,0,79,0,4,25,0,29,38,29,41,0,108,0,0,0,108
06/11/2023,CAE,SC,ASO,ES,Combined TRACON& Tower with Radar,36,25,17,2,80,0,0,6,0,6,36,25,23,2,86,0,0,0,86
06/12/2023,CAE,SC,ASO,ES,Combined TRACON& Tower with Radar,48,35,34,16,133,0,0,9,0,9,48,35,43,16,142,30,16,46,188
06/13/2023,CAE,SC,ASO,ES,Combined TRACON& Tower with Radar,48,43,33,15,139,0,4,22,3,29,48,47,55,18,168,0,24,24,192
06/14/2023,CAE,SC,ASO,ES,Combined TRACON& Tower with Radar,46,39,39,4,128,0,0,7,0,7,46,39,46,4,135,27,0,27,162
06/15/2023,CAE,SC,ASO,ES,Combined TRACON& Tower with Radar,45,53,43,11,152,0,1,11,0,12,45,54,54,11,164,4,8,12,176
06/16/2023,CAE,SC,ASO,ES,Combined TRACON& Tower with Radar,47,44,39,38,168,0,0,29,0,29,47,44,68,38,197,34,6,40,237
06/17/2023,CAE,SC,ASO,ES,Combined TRACON& Tower with Radar,36,31,25,0,92,0,6,22,0,28,36,37,47,0,120,0,0,0,120
06/18/2023,CAE,SC,ASO,ES,Combined TRACON& Tower with Radar,38,24,18,1,81,0,1,7,0,8,38,25,25,1,89,0,0,0,89
06/19/2023,CAE,SC,ASO,ES,Combined TRACON& Tower with Radar,41,27,26,0,94,0,0,2,0,2,41,27,28,0,96,26,0,26,122
06/20/2023,CAE,SC,ASO,ES,Combined TRACON& Tower with Radar,45,42,36,13,136,0,0,1,1,2,45,42,37,14,138,28,0,28,166
06/21/2023,CAE,SC,ASO,ES,Combined TRACON& Tower with Radar,47,43,47,6,143,0,0,0,0,0,47,43,47,6,143,0,0,0,143
06/22/2023,CAE,SC,ASO,ES,Combined TRACON& Tower with Radar,48,41,24,2,115,0,0,0,0,0,48,41,24,2,115,20,0,20,135
06/23/2023,CAE,SC,ASO,ES,Combined TRACON& Tower with Radar,43,44,38,10,135,0,0,12,1,13,43,44,50,11,148,38,0,38,186
06/24/2023,CAE,SC,ASO,ES,Combined TRACON& Tower with Radar,31,30,27,0,88,0,1,33,0,34,31,31,60,0,122,0,0,0,122
06/25/2023,CAE,SC,ASO,ES,Combined TRACON& Tower with Radar,39,20,17,2,78,0,6,24,0,30,39,26,41,2,108,0,0,0,108
06/26/2023,CAE,SC,ASO,ES,Combined TRACON& Tower with Radar,44,40,25,0,109,0,7,30,0,37,44,47,55,0,146,0,0,0,146
06/27/2023,CAE,SC,ASO,ES,Combined TRACON& Tower with Radar,44,55,38,21,158,0,3,9,0,12,44,58,47,21,170,14,0,14,184
06/28/2023,CAE,SC,ASO,ES,Combined TRACON& Tower with Radar,41,58,24,0,123,0,12,23,0,35,41,70,47,0,158,30,0,30,188
06/29/2023,CAE,SC,ASO,ES,Combined TRACON& Tower with Radar,47,51,34,11,143,0,2,28,2,32,47,53,62,13,175,36,2,38,213
06/30/2023,CAE,SC,ASO,ES,Combined TRACON& Tower with Radar,44,45,37,4,130,0,2,19,1,22,44,47,56,5,152,0,4,4,156
07/01/2023,CAE,SC,ASO,ES,Combined TRACON& Tower with Radar,36,32,23,0,91,0,0,15,0,15,36,32,38,0,106,8,0,8,114
07/02/2023,CAE,SC,ASO,ES,Combined TRACON& Tower with Radar,36,18,8,6,68,0,0,2,0,2,36,18,10,6,70,8,0,8,78
07/03/2023,CAE,SC,ASO,ES,Combined TRACON& Tower with Radar,36,27,17,4,84,0,0,17,2,19,36,27,34,6,103,26,0,26,129
07/04/2023,CAE,SC,ASO,ES,Combined TRACON& Tower with Radar,32,17,14,0,63,0,4,13,0,17,32,21,27,0,80,0,0,0,80
07/05/2023,CAE,SC,ASO,ES,Combined TRACON& Tower with Radar,46,38,30,8,122,0,0,20,0,20,46,38,50,8,142,12,2,14,156
07/06/2023,CAE,SC,ASO,ES,Combined TRACON& Tower with Radar,47,54,37,7,145,0,0,6,0,6,47,54,43,7,151,8,0,8,159
07/07/2023,CAE,SC,ASO,ES,Combined TRACON& Tower with Radar,42,41,34,0,117,0,0,16,0,16,42,41,50,0,133,20,0,20,153
07/08/2023,CAE,SC,ASO,ES,Combined TRACON& Tower with Radar,36,28,18,3,85,0,1,20,0,21,36,29,38,3,106,10,0,10,116
07/09/2023,CAE,SC,ASO,ES,Combined TRACON& Tower with Radar,32,27,23,0,82,0,0,14,0,14,32,27,37,0,96,6,0,6,102
07/10/2023,CAE,SC,ASO,ES,Combined TRACON& Tower with Radar,45,39,31,10,125,0,0,6,0,6,45,39,37,10,131,0,16,16,147
07/11/2023,CAE,SC,ASO,ES,Combined TRACON& Tower with Radar,52,42,52,0,146,0,4,17,0,21,52,46,69,0,167,8,0,8,175
07/12/2023,CAE,SC,ASO,ES,Combined TRACON& Tower with Radar,54,52,49,22,177,0,2,27,0,29,54,54,76,22,206,28,8,36,242
07/13/2023,CAE,SC,ASO,ES,Combined TRACON& Tower with Radar,48,43,38,14,143,0,4,14,2,20,48,47,52,16,163,4,10,14,177
07/14/2023,CAE,SC,ASO,ES,Combined TRACON& Tower with Radar,49,49,32,15,145,0,0,28,0,28,49,49,60,15,173,28,4,32,205
07/15/2023,CAE,SC,ASO,ES,Combined TRACON& Tower with Radar,35,39,27,12,113,0,0,10,0,10,35,39,37,12,123,10,0,10,133
07/16/2023,CAE,SC,ASO,ES,Combined TRACON& Tower with Radar,36,29,16,7,88,0,0,15,0,15,36,29,31,7,103,14,12,26,129
07/17/2023,CAE,SC,ASO,ES,Combined TRACON& Tower with Radar,42,38,45,0,125,0,0,20,0,20,42,38,65,0,145,22,0,22,167
07/18/2023,CAE,SC,ASO,ES,Combined TRACON& Tower with Radar,52,51,41,0,144,0,0,20,0,20,52,51,61,0,164,22,0,22,186
07/19/2023,CAE,SC,ASO,ES,Combined TRACON& Tower with Radar,52,52,49,12,165,0,0,23,0,23,52,52,72,12,188,27,0,27,215
07/20/2023,CAE,SC,ASO,ES,Combined TRACON& Tower with Radar,48,51,30,4,133,0,0,18,0,18,48,51,48,4,151,0,0,0,151
07/21/2023,CAE,SC,ASO,ES,Combined TRACON& Tower with Radar,55,44,34,6,139,0,2,26,2,30,55,46,60,8,169,46,0,46,215
07/22/2023,CAE,SC,ASO,ES,Combined TRACON& Tower with Radar,36,34,21,0,91,0,0,12,0,12,36,34,33,0,103,0,0,0,103
07/23/2023,CAE,SC,ASO,ES,Combined TRACON& Tower with Radar,41,28,21,1,91,0,0,12,1,13,41,28,33,2,104,8,0,8,112
07/24/2023,CAE,SC,ASO,ES,Combined TRACON& Tower with Radar,52,36,33,16,137,0,0,21,0,21,52,36,54,16,158,24,10,34,192
07/25/2023,CAE,SC,ASO,ES,Combined TRACON& Tower with Radar,50,40,35,6,131,0,2,26,2,30,50,42,61,8,161,8,6,14,175
07/26/2023,CAE,SC,ASO,ES,Combined TRACON& Tower with Radar,52,46,42,0,140,0,3,35,0,38,52,49,77,0,178,18,0,18,196
07/27/2023,CAE,SC,ASO,ES,Combined TRACON& Tower with Radar,47,45,33,2,127,0,0,33,0,33,47,45,66,2,160,16,0,16,176
07/28/2023,CAE,SC,ASO,ES,Combined TRACON& Tower with Radar,47,44,30,8,129,0,0,21,1,22,47,44,51,9,151,20,8,28,179
07/29/2023,CAE,SC,ASO,ES,Combined TRACON& Tower with Radar,44,31,21,0,96,0,0,10,0,10,44,31,31,0,106,0,0,0,106
07/30/2023,CAE,SC,ASO,ES,Combined TRACON& Tower with Radar,36,22,20,2,80,0,0,20,0,20,36,22,40,2,100,30,0,30,130
07/31/2023,CAE,SC,ASO,ES,Combined TRACON& Tower with Radar,50,40,19,6,115,0,0,22,0,22,50,40,41,6,137,86,0,86,223
08/01/2023,CAE,SC,ASO,ES,Combined TRACON& Tower with Radar,49,52,30,2,133,0,0,27,0,27,49,52,57,2,160,80,0,80,240
08/02/2023,CAE,SC,ASO,ES,Combined TRACON& Tower with Radar,48,49,44,8,149,0,0,30,0,30,48,49,74,8,179,78,8,86,265
08/03/2023,CAE,SC,ASO,ES,Combined TRACON& Tower with Radar,56,44,44,4,148,0,2,10,0,12,56,46,54,4,160,24,4,28,188
08/04/2023,CAE,SC,ASO,ES,Combined TRACON& Tower with Radar,47,47,39,5,138,0,0,11,1,12,47,47,50,6,150,16,8,24,174
08/05/2023,CAE,SC,ASO,ES,Combined TRACON& Tower with Radar,32,32,29,2,95,0,0,34,0,34,32,32,63,2,129,50,8,58,187
08/06/2023,CAE,SC,ASO,ES,Combined TRACON& Tower with Radar,38,24,19,1,82,0,0,16,0,16,38,24,35,1,98,28,0,28,126
08/07/2023,CAE,SC,ASO,ES,Combined TRACON& Tower with Radar,39,37,47,10,133,0,7,16,0,23,39,44,63,10,156,14,2,16,172
08/08/2023,CAE,SC,ASO,ES,Combined TRACON& Tower with Radar,53,43,22,4,122,0,0,20,1,21,53,43,42,5,143,22,12,34,177
08/09/2023,CAE,SC,ASO,ES,Combined TRACON& Tower with Radar,49,45,37,0,131,0,4,26,0,30,49,49,63,0,161,38,0,38,199
08/10/2023,CAE,SC,ASO,ES,Combined TRACON& Tower with Radar,49,50,39,8,146,0,0,15,2,17,49,50,54,10,163,4,0,4,167
08/11/2023,CAE,SC,ASO,ES,Combined TRACON& Tower with Radar,51,52,44,1,148,0,2,19,0,21,51,54,63,1,169,8,0,8,177
08/12/2023,CAE,SC,ASO,ES,Combined TRACON& Tower with Radar,45,35,21,1,102,0,3,24,0,27,45,38,45,1,129,0,0,0,129
08/13/2023,CAE,SC,ASO,ES,Combined TRACON& Tower with Radar,39,24,13,1,77,0,0,7,2,9,39,24,20,3,86,28,0,28,114
08/14/2023,CAE,SC,ASO,ES,Combined TRACON& Tower with Radar,48,46,22,18,134,0,1,29,0,30,48,47,51,18,164,4,0,4,168
08/15/2023,CAE,SC,ASO,ES,Combined TRACON& Tower with Radar,45,54,33,2,134,0,2,13,0,15,45,56,46,2,149,16,0,16,165
08/16/2023,CAE,SC,ASO,ES,Combined TRACON& Tower with Radar,45,59,43,11,158,0,0,26,1,27,45,59,69,12,185,0,6,6,191
08/17/2023,CAE,SC,ASO,ES,Combined TRACON& Tower with Radar,43,59,47,6,155,0,0,19,2,21,43,59,66,8,176,12,0,12,188
08/18/2023,CAE,SC,ASO,ES,Combined TRACON& Tower with Radar,48,47,26,11,132,0,2,28,0,30,48,49,54,11,162,16,10,26,188
08/19/2023,CAE,SC,ASO,ES,Combined TRACON& Tower with Radar,29,38,25,1,93,0,3,21,0,24,29,41,46,1,117,0,0,0,117
08/20/2023,CAE,SC,ASO,ES,Combined TRACON& Tower with Radar,35,34,22,1,92,0,0,26,0,26,35,34,48,1,118,14,0,14,132
08/21/2023,CAE,SC,ASO,ES,Combined TRACON& Tower with Radar,41,46,38,5,130,0,5,31,0,36,41,51,69,5,166,54,0,54,220
08/22/2023,CAE,SC,ASO,ES,Combined TRACON& Tower with Radar,45,49,30,17,141,0,3,23,0,26,45,52,53,17,167,28,6,34,201
08/23/2023,CAE,SC,ASO,ES,Combined TRACON& Tower with Radar,48,74,48,4,174,0,2,17,0,19,48,76,65,4,193,38,8,46,239
08/24/2023,CAE,SC,ASO,ES,Combined TRACON& Tower with Radar,47,56,34,12,149,0,0,27,0,27,47,56,61,12,176,8,0,8,184
08/25/2023,CAE,SC,ASO,ES,Combined TRACON& Tower with Radar,47,46,44,4,141,0,3,18,3,24,47,49,62,7,165,48,0,48,213
08/26/2023,CAE,SC,ASO,ES,Combined TRACON& Tower with Radar,31,32,11,0,74,0,2,25,0,27,31,34,36,0,101,4,0,4,105
08/27/2023,CAE,SC,ASO,ES,Combined TRACON& Tower with Radar,36,25,11,4,76,0,0,11,0,11,36,25,22,4,87,10,0,10,97
08/28/2023,CAE,SC,ASO,ES,Combined TRACON& Tower with Radar,50,46,47,3,146,0,2,29,1,32,50,48,76,4,178,42,0,42,220
08/29/2023,CAE,SC,ASO,ES,Combined TRACON& Tower with Radar,47,52,29,8,136,0,2,2,0,4,47,54,31,8,140,0,0,0,140
08/30/2023,CAE,SC,ASO,ES,Combined TRACON& Tower with Radar,42,35,17,2,96,0,0,0,0,0,42,35,17,2,96,0,0,0,96
08/31/2023,CAE,SC,ASO,ES,Combined TRACON& Tower with Radar,51,62,37,2,152,0,2,18,3,23,51,64,55,5,175,24,16,40,215
